New_Model_Runs/3_scn2_noclimate_out/post_prcessed_with_MFR/Monthly_summaries/actual_et_monthly_JUL.asc
NCOLS 700
NROWS 400
XLLCENTER 515000.000000
YLLCENTER 8409000.000000
CELLSIZE 50.000000
NODATA_value -999.000000
[rows 228 to 265 of 400, columns 84 to 167 of 700]
1.20 1.19 1.19 1.19 1.19 1.19 1.18 1.18 1.18 1.18 1.18 1.17 1.17 1.17 1.17 1.17 1.16 1.16 1.16 1.16 1.16 1.16 1.15 1.15 1.15 1.15 1.15 1.15 1.15 1.14 1.14 1.14 1.14 1.14 1.14 1.14 1.14 1.14 1.13 1.13 1.13 1.13 1.13 1.13 1.13 1.13 1.13 1.13 1.12 1.12 1.12 1.12 1.12 1.12 1.12 1.12 1.12 1.12 1.11 1.11 1.11 1.11 1.11 1.11 1.11 1.11 1.11 1.11 1.10 1.10 1.10 1.10 1.10 1.10 1.10 1.10 1.10 1.09 1.09 1.09 1.09 1.09 1.09 1.59
1.20 1.19 1.19 1.19 1.19 1.19 1.18 1.18 1.18 1.18 1.18 1.17 1.17 1.17 1.17 1.17 1.16 1.16 1.16 1.16 1.16 1.16 1.15 1.15 1.15 1.15 1.15 1.15 1.15 1.14 1.14 1.14 1.14 1.14 1.14 1.14 1.14 1.14 1.13 1.13 1.13 1.13 1.13 1.13 1.13 1.13 1.13 1.13 1.12 1.12 1.12 1.12 1.12 1.12 1.12 1.12 1.12 1.12 1.11 1.11 1.11 1.11 1.11 1.11 1.11 1.11 1.11 1.11 1.10 1.10 1.10 1.61 1.10 1.10 1.10 1.10 1.10 1.09 1.09 1.09 1.09 1.09 1.09 1.09
1.20 1.19 1.19 1.19 1.19 1.19 1.18 1.18 1.18 1.18 1.18 1.17 1.17 1.17 1.17 1.17 1.16 1.16 1.16 1.16 1.16 1.16 1.15 1.15 1.15 1.15 1.15 1.15 1.15 1.14 1.14 1.14 1.14 1.14 1.14 1.14 1.14 1.14 1.13 1.13 1.13 1.13 1.13 1.13 1.13 1.13 1.13 1.13 1.12 1.12 1.12 1.12 1.12 1.12 1.12 1.12 1.12 1.12 1.11 1.11 1.11 1.11 1.11 1.11 1.11 1.11 1.11 1.10 1.10 1.10 1.10 1.61 1.10 1.10 1.10 1.10 1.09 1.09 1.60 1.09 1.09 1.09 1.09 1.09
1.19 1.19 1.19 1.19 1.19 1.18 1.18 1.18 1.18 1.18 1.18 1.17 1.17 1.17 1.17 1.17 1.16 1.16 1.16 1.16 1.16 1.16 1.15 1.15 1.15 1.15 1.15 1.15 1.15 1.14 1.14 1.14 1.14 1.14 1.14 1.14 1.14 1.14 1.13 1.13 1.13 1.13 1.13 1.13 1.13 1.13 1.13 1.13 1.12 1.12 1.12 1.12 1.12 1.12 1.12 1.12 1.12 1.12 1.11 1.11 1.11 1.11 1.11 1.11 1.11 1.11 1.11 1.10 1.10 1.10 1.10 1.10 1.10 1.10 1.10 1.10 1.09 1.09 1.09 1.09 1.09 1.09 1.09 1.09
1.19 1.19 1.19 1.19 1.19 1.18 1.18 1.18 1.18 1.18 1.18 1.17 1.17 1.72 1.17 1.17 1.16 1.16 1.16 1.16 1.16 1.16 1.15 1.15 1.15 1.15 1.15 1.15 1.15 1.14 1.14 1.14 1.14 1.14 1.14 1.14 1.14 1.14 1.13 1.13 1.13 1.13 1.13 1.13 1.13 1.13 1.13 1.13 1.12 1.12 1.12 1.12 1.12 1.12 1.12 1.12 1.12 1.12 1.11 1.11 1.11 1.11 1.11 1.11 1.11 1.11 1.11 1.10 1.10 1.10 1.10 1.10 1.10 1.10 1.10 1.10 1.09 1.09 1.09 1.09 1.09 1.09 1.09 1.08
1.19 1.19 1.19 1.19 1.19 1.18 1.18 1.18 1.18 1.18 1.18 1.17 1.17 1.17 1.17 1.17 1.16 1.16 1.16 1.16 1.16 1.16 1.15 1.15 1.15 1.15 1.15 1.15 1.15 1.14 1.14 1.14 1.14 1.14 1.14 1.14 1.14 1.14 1.13 1.13 1.13 1.13 1.13 1.13 1.13 1.13 1.13 1.13 1.12 1.12 1.12 1.12 1.12 1.12 1.12 1.12 1.12 1.12 1.11 1.11 1.11 1.11 1.11 1.11 1.11 1.11 1.11 1.10 1.10 1.10 1.10 1.10 1.10 1.10 1.10 1.09 1.09 1.09 1.09 1.09 1.09 1.09 1.09 1.08
1.19 1.19 1.19 1.19 1.19 1.18 1.18 1.18 1.18 1.18 1.18 1.17 1.17 1.17 1.17 1.17 1.16 1.16 1.16 1.16 1.16 1.16 1.15 1.15 1.15 1.15 1.15 1.15 1.15 1.15 1.14 1.14 1.14 1.14 1.14 1.14 1.14 1.14 1.13 1.13 1.13 1.13 1.13 1.13 1.13 1.13 1.13 1.13 1.12 1.12 1.12 1.12 1.12 1.12 1.12 1.12 1.12 1.12 1.11 1.11 1.11 1.11 1.11 1.11 1.11 1.11 1.11 1.10 1.10 1.10 1.10 1.10 1.10 1.10 1.10 1.09 1.09 1.09 1.09 1.60 1.60 1.09 1.09 1.08
1.19 1.19 1.19 1.19 1.19 1.18 1.18 1.18 1.18 1.18 1.18 1.17 1.17 1.17 1.17 1.17 1.16 1.16 1.16 1.16 1.16 1.16 1.15 1.15 1.15 1.15 1.15 1.15 1.15 1.15 1.14 1.14 1.14 1.14 1.14 1.14 1.14 1.14 1.14 1.13 1.13 1.13 1.13 1.13 1.13 1.13 1.13 1.13 1.12 1.12 1.12 1.12 1.12 1.12 1.12 1.12 1.12 1.12 1.11 1.11 1.11 1.11 1.11 1.11 1.11 1.11 1.11 1.10 1.10 1.10 1.10 1.10 1.10 1.10 1.10 1.09 1.09 1.09 1.09 1.09 1.59 1.09 1.08 1.08
1.19 1.19 1.19 1.19 1.19 1.18 1.18 1.18 1.18 1.18 1.18 1.17 1.17 1.17 1.17 1.17 1.16 1.16 1.16 1.16 1.16 1.16 1.16 1.15 1.15 1.15 1.15 1.15 1.15 1.15 1.14 1.14 1.14 1.14 1.14 1.14 1.14 1.14 1.14 1.13 1.13 1.13 1.13 1.13 1.13 1.13 1.13 1.13 1.13 1.12 1.12 1.12 1.12 1.12 1.12 1.12 1.12 1.12 1.11 1.11 1.11 1.11 1.11 1.11 1.11 1.11 1.11 1.10 1.10 1.10 1.10 1.10 1.10 1.10 1.10 1.09 1.09 1.09 1.09 1.09 1.09 1.59 1.08 1.08
1.19 1.19 1.19 1.19 1.19 1.18 1.18 1.18 1.18 1.18 1.18 1.17 1.17 1.17 1.17 1.17 1.16 1.16 1.16 1.16 1.16 1.16 1.16 1.15 1.15 1.15 1.15 1.15 1.15 1.15 1.14 1.14 1.14 1.14 1.14 1.14 1.14 1.14 1.14 1.13 1.13 1.13 1.13 1.13 1.13 1.13 1.13 1.13 1.13 1.12 1.12 1.12 1.12 1.12 1.12 1.12 1.12 1.12 1.12 1.11 1.11 1.11 1.11 1.11 1.11 1.11 1.11 1.10 1.10 1.10 1.10 1.10 1.10 1.10 1.10 1.09 1.09 1.09 1.09 1.09 1.09 1.09 1.08 1.08
1.19 1.19 1.19 1.19 1.19 1.18 1.18 1.18 1.18 1.18 1.18 1.17 1.17 1.17 1.17 1.17 1.17 1.16 1.16 1.16 1.16 1.16 1.16 1.15 1.15 1.15 1.15 1.15 1.15 1.15 1.15 1.14 1.14 1.14 1.14 1.14 1.14 1.14 1.14 1.14 1.13 1.13 1.13 1.13 1.13 1.13 1.13 1.13 1.13 1.12 1.12 1.12 1.12 1.12 1.12 1.12 1.12 1.12 1.12 1.11 1.11 1.11 1.11 1.11 1.11 1.11 1.11 1.62 1.10 1.10 1.10 1.10 1.10 1.10 1.10 1.09 1.09 1.09 1.09 1.09 1.09 1.08 1.08 1.08
1.19 1.19 1.19 1.19 1.19 1.19 1.18 1.18 1.18 1.18 1.18 1.17 1.17 1.17 1.17 1.17 1.17 1.16 1.16 1.16 1.16 1.16 1.16 1.15 1.15 1.15 1.15 1.15 1.15 1.15 1.15 1.14 1.14 1.14 1.14 1.14 1.14 1.14 1.14 1.14 1.13 1.13 1.13 1.13 1.13 1.13 1.13 1.13 1.13 1.13 1.12 1.12 1.12 1.12 1.12 1.12 1.12 1.12 1.12 1.11 1.11 1.11 1.11 1.11 1.11 1.11 1.62 1.10 1.10 1.10 1.10 1.10 1.10 1.10 1.10 1.09 1.09 1.09 1.09 1.09 1.09 1.08 1.08 1.08
1.19 1.19 1.19 1.19 1.19 1.19 1.18 1.18 1.18 1.18 1.18 1.17 1.17 1.17 1.17 1.17 1.17 1.16 1.16 1.16 1.16 1.16 1.16 1.16 1.15 1.15 1.15 1.15 1.15 1.15 1.15 1.14 1.14 1.14 1.14 1.14 1.14 1.14 1.14 1.14 1.13 1.13 1.13 1.13 1.13 1.13 1.13 1.13 1.13 1.13 1.12 1.12 1.12 1.12 1.12 1.12 1.12 1.12 1.12 1.11 1.11 1.11 1.11 1.11 1.11 1.11 1.11 1.10 1.10 1.62 1.61 1.10 1.10 1.10 1.10 1.09 1.09 1.09 1.09 1.09 1.09 1.08 1.08 1.08
1.20 1.19 1.19 1.19 1.19 1.19 1.18 1.18 1.18 1.18 1.18 1.17 1.17 1.17 1.72 1.17 1.17 1.16 1.16 1.16 1.16 1.16 1.16 1.16 1.15 1.15 1.15 1.15 1.15 1.15 1.15 1.15 1.14 1.14 1.14 1.14 1.14 1.14 1.14 1.14 1.14 1.13 1.13 1.13 1.13 1.13 1.13 1.13 1.13 1.13 1.13 1.12 1.12 1.12 1.12 1.12 1.12 1.12 1.12 1.12 1.11 1.11 1.11 1.11 1.11 1.11 1.11 1.11 1.10 1.10 1.10 1.10 1.10 1.10 1.10 1.09 1.09 1.09 1.09 1.09 1.09 1.08 1.08 1.08
1.20 1.19 1.19 1.19 1.19 1.19 1.18 1.18 1.18 1.18 1.18 1.18 1.17 1.17 1.17 1.17 1.17 1.17 1.16 1.16 1.16 1.16 1.16 1.16 1.15 1.15 1.15 1.69 1.15 1.15 1.15 1.15 1.14 1.14 1.14 1.14 1.14 1.14 1.14 1.14 1.14 1.13 1.13 1.13 1.13 1.13 1.13 1.13 1.13 1.13 1.13 1.12 1.12 1.12 1.12 1.12 1.12 1.12 1.12 1.12 1.11 1.11 1.11 1.11 1.11 1.11 1.11 1.11 1.10 1.10 1.10 1.10 1.10 1.10 1.10 1.09 1.09 1.09 1.09 1.09 1.09 1.08 1.08 1.08
1.20 1.19 1.19 1.19 1.19 1.19 1.18 1.18 1.18 1.18 1.18 1.18 1.17 1.17 1.17 1.17 1.17 1.17 1.16 1.16 1.16 1.16 1.16 1.16 1.16 1.15 1.15 1.15 1.15 1.15 1.15 1.15 1.15 1.14 1.14 1.14 1.14 1.14 1.14 1.14 1.14 1.14 1.13 1.13 1.13 1.13 1.13 1.13 1.13 1.13 1.13 1.13 1.12 1.12 1.12 1.12 1.12 1.12 1.12 1.64 1.11 1.11 1.11 1.11 1.11 1.11 1.11 1.11 1.10 1.10 1.10 1.10 1.10 1.10 1.10 1.09 1.09 1.09 1.09 1.09 1.09 1.08 1.08 1.08
1.20 1.19 1.19 1.19 1.19 1.19 1.18 1.18 1.18 1.18 1.18 1.18 1.17 1.17 1.17 1.17 1.17 1.17 1.16 1.16 1.16 1.16 1.16 1.16 1.16 1.15 1.15 1.15 1.15 1.15 1.15 1.15 1.15 1.14 1.14 1.14 1.14 1.14 1.14 1.14 1.14 1.14 1.14 1.13 1.13 1.13 1.13 1.13 1.13 1.13 1.13 1.13 1.12 1.12 1.12 1.12 1.12 1.12 1.12 1.12 1.12 1.11 1.11 1.11 1.11 1.11 1.11 1.11 1.10 1.10 1.10 1.10 1.10 1.10 1.10 1.09 1.09 1.09 1.09 1.09 1.09 1.08 1.08 1.08
1.20 1.19 1.19 1.19 1.19 1.19 1.19 1.18 1.18 1.18 1.18 1.18 1.17 1.17 1.17 1.17 1.17 1.17 1.17 1.16 1.16 1.16 1.16 1.16 1.16 1.16 1.15 1.69 1.69 1.15 1.15 1.15 1.15 1.15 1.14 1.14 1.14 1.14 1.14 1.14 1.14 1.14 1.14 1.13 1.13 1.13 1.13 1.13 1.13 1.13 1.13 1.13 1.13 1.12 1.65 1.64 1.12 1.12 1.12 1.12 1.12 1.11 1.11 1.11 1.11 1.11 1.11 1.11 1.10 1.10 1.10 1.10 1.10 1.10 1.10 1.09 1.09 1.09 1.09 1.09 1.09 1.08 1.08 1.08
1.20 1.19 1.19 1.19 1.19 1.19 1.19 1.18 1.18 1.18 1.18 1.18 1.18 1.17 1.17 1.17 1.17 1.17 1.17 1.16 1.16 1.16 1.16 1.16 1.16 1.16 1.15 1.69 1.69 1.15 1.15 1.68 1.15 1.15 1.14 1.14 1.14 1.14 1.14 1.14 1.14 1.14 1.14 1.14 1.13 1.13 1.13 1.13 1.13 1.13 1.13 1.13 1.13 1.12 1.12 1.12 1.12 1.12 1.12 1.12 1.12 1.11 1.11 1.11 1.11 1.11 1.11 1.11 1.10 1.10 1.10 1.10 1.10 1.10 1.10 1.09 1.09 1.09 1.09 1.09 1.09 1.08 1.08 1.08
1.20 1.20 1.19 1.19 1.19 1.19 1.19 1.18 1.73 1.18 1.18 1.18 1.18 1.17 1.17 1.17 1.17 1.17 1.17 1.16 1.16 1.16 1.16 1.16 1.16 1.16 1.16 1.15 3.75 3.74 1.15 1.15 1.15 1.15 1.15 1.14 1.14 1.14 1.14 1.14 1.14 1.14 1.14 1.14 1.13 1.13 1.13 1.13 1.13 1.13 1.13 1.13 1.13 1.12 1.12 1.12 1.12 1.12 1.12 1.12 1.64 1.12 1.11 1.11 1.11 1.11 1.11 1.11 1.11 1.10 1.10 1.10 1.10 1.10 1.10 1.09 1.09 1.09 1.09 1.09 1.09 1.08 1.08 1.08
1.20 1.20 1.19 1.19 1.19 1.19 1.19 1.19 1.18 1.18 1.18 1.18 1.18 1.18 1.17 1.17 1.17 1.17 1.17 1.17 1.16 1.16 1.16 1.16 1.16 1.16 1.70 3.75 3.74 1.15 1.15 1.15 1.15 1.15 1.15 1.15 1.14 1.14 1.14 1.14 1.14 1.14 1.14 1.14 1.14 1.13 1.13 1.13 1.13 1.13 1.13 1.13 1.13 1.13 1.12 1.12 1.12 1.12 1.12 1.12 1.12 1.12 1.11 1.11 1.11 1.11 1.11 1.11 1.11 1.10 1.10 1.10 1.61 1.10 1.10 1.09 1.09 1.09 1.09 1.09 1.09 1.08 1.08 1.08
1.20 1.20 1.19 1.19 1.19 1.19 1.19 1.19 1.18 1.73 1.18 1.18 1.18 1.18 1.17 1.17 1.17 1.17 1.17 1.17 1.16 1.16 1.16 1.16 1.16 1.16 1.70 1.69 1.15 1.15 1.15 1.15 1.15 1.15 1.15 1.15 1.14 1.14 1.14 1.14 1.14 1.14 1.14 1.14 1.14 1.14 1.13 1.13 1.13 1.13 1.13 1.13 1.13 1.13 1.12 1.12 1.12 1.12 1.12 1.12 1.12 1.12 1.11 1.11 1.11 1.11 1.11 1.11 1.11 1.10 1.10 1.10 1.10 1.10 1.10 1.09 1.09 1.09 1.09 1.09 1.09 1.08 1.08 1.08
1.20 1.20 1.20 1.19 1.19 1.19 1.19 1.19 1.18 1.18 1.18 1.18 1.18 1.18 1.17 1.17 1.17 1.17 1.17 1.17 1.17 1.16 1.16 1.16 1.16 1.16 1.70 1.16 1.69 1.69 1.15 1.15 1.15 1.15 1.15 1.15 1.15 1.14 1.14 1.14 1.14 1.14 1.14 1.14 1.14 1.14 1.13 1.13 1.13 1.13 1.13 1.13 1.13 1.13 1.13 1.12 1.12 1.12 1.12 1.12 1.12 1.12 1.64 1.11 1.11 1.11 1.11 1.11 1.11 1.10 1.10 1.10 1.10 1.10 1.10 1.09 1.09 1.09 1.09 1.09 1.09 1.08 1.08 1.08
1.20 1.20 1.20 1.19 1.19 1.19 1.19 1.19 1.19 1.18 1.18 1.18 1.18 1.18 1.18 1.17 1.17 1.17 1.17 1.17 1.17 1.17 1.16 3.16 1.16 1.16 1.16 1.16 1.16 1.15 1.15 1.15 1.15 1.15 1.15 1.15 1.15 1.15 1.14 1.14 1.14 1.14 1.14 1.14 1.14 1.14 1.14 1.13 1.13 1.13 1.13 1.13 1.13 1.13 1.13 1.12 1.12 1.12 1.12 1.12 1.12 1.12 1.64 1.11 1.11 1.63 1.63 1.11 1.11 1.11 1.10 1.10 1.10 1.10 1.61 1.09 1.09 1.09 1.09 1.09 1.09 1.08 1.08 1.08
1.20 1.20 1.20 1.19 1.19 1.19 1.19 1.19 1.19 1.18 1.73 1.18 1.18 1.18 1.18 1.17 1.17 1.17 1.17 1.17 1.17 3.16 3.16 3.16 1.16 1.16 1.16 1.16 1.16 1.16 1.15 1.69 1.69 1.15 1.15 1.15 1.15 1.15 1.15 1.14 1.14 1.14 1.14 1.14 1.14 1.14 1.14 1.14 1.13 1.13 1.13 1.13 1.13 1.13 1.13 1.13 1.12 1.12 1.12 1.64 1.64 1.12 1.12 1.11 1.11 1.11 1.11 1.11 1.11 1.62 1.10 1.10 1.10 1.10 1.10 1.10 1.09 1.09 1.09 1.09 1.09 1.08 1.08 1.08
1.20 1.20 1.20 1.20 1.19 1.19 1.19 1.19 1.19 1.19 1.18 1.73 1.18 1.18 1.18 1.18 1.17 1.17 1.17 1.17 1.17 3.16 3.71 3.15 3.15 0.35 0.35 0.35 1.16 1.16 1.16 1.15 1.15 1.15 1.15 1.15 1.15 1.15 1.15 1.14 1.14 1.14 1.14 1.14 1.14 1.14 1.14 1.14 1.13 1.13 1.13 1.13 1.13 1.13 1.13 1.13 1.12 1.12 1.12 1.12 1.64 1.64 1.64 1.64 1.63 1.63 1.63 1.63 1.11 1.62 1.10 1.10 1.10 1.10 1.10 1.10 1.09 1.09 1.09 1.09 1.09 1.08 1.08 1.58
1.20 1.20 1.20 1.20 1.19 1.19 1.19 1.19 1.19 1.19 1.18 1.18 1.18 1.18 1.18 1.18 1.17 1.17 1.17 1.17 1.17 1.11 1.11 3.70 2.56 3.70 3.70 3.69 1.11 1.16 1.16 1.15 1.15 1.15 1.15 1.15 1.15 1.15 1.15 1.15 1.14 1.14 1.14 1.14 1.14 1.14 1.14 1.14 1.14 1.13 1.13 1.13 1.13 1.13 3.68 1.13 1.13 1.12 1.12 1.64 1.64 1.64 1.64 1.64 1.63 1.11 1.11 1.11 1.62 1.62 1.10 1.10 1.10 1.10 1.10 1.10 1.09 1.09 1.09 1.09 1.09 1.08 1.08 1.08
1.76 1.20 1.20 3.36 1.19 1.19 1.19 1.19 1.19 1.19 1.18 1.18 1.73 1.18 1.18 1.18 3.22 1.17 1.17 1.17 1.17 2.56 2.56 3.70 0.00 0.00 0.00 0.00 0.00 3.69 0.35 1.16 1.15 1.15 1.15 1.15 1.15 3.30 1.68 1.15 1.15 1.14 1.14 1.67 1.14 1.14 1.14 1.14 1.14 1.14 1.13 1.13 1.13 1.66 3.68 3.70 1.13 1.12 1.12 1.65 1.64 1.64 1.64 1.64 1.11 1.11 1.11 1.11 1.63 1.62 1.10 1.10 1.10 1.10 1.10 1.10 1.09 1.09 1.09 1.09 1.09 1.08 1.08 1.08
1.76 1.20 1.20 1.20 1.20 1.19 1.19 1.19 1.19 1.19 1.19 1.18 1.18 1.18 1.18 1.18 1.18 1.17 1.17 1.17 1.17 2.56 0.00 0.00 0.00 0.00 0.00 0.00 0.00 0.00 1.16 1.16 1.16 1.15 1.69 1.15 1.15 1.15 1.15 1.15 1.15 1.15 1.14 1.14 1.14 1.14 1.14 1.14 1.14 1.14 1.13 1.13 1.13 1.13 1.13 3.70 1.13 1.65 1.12 1.12 1.64 1.64 1.64 1.12 1.12 1.63 1.63 1.11 1.11 1.11 1.11 1.10 1.10 1.10 1.10 1.10 1.09 1.09 1.09 1.09 1.09 1.08 1.08 1.08
1.20 1.20 1.20 1.20 1.20 1.19 1.19 1.19 1.19 1.19 1.19 1.18 1.18 1.18 1.18 1.18 1.18 1.18 1.17 1.17 0.00 0.00 0.00 0.00 0.00 0.00 0.00 0.00 0.00 0.00 0.00 1.16 1.16 1.16 1.15 1.15 1.15 1.15 1.15 1.15 1.15 1.15 1.14 1.14 1.14 1.14 1.14 1.14 1.14 1.14 1.14 1.13 1.13 1.13 1.13 1.13 1.13 1.13 1.12 1.12 1.65 1.64 1.64 1.12 1.64 1.11 1.63 1.63 1.63 1.11 1.11 1.10 1.10 1.10 1.10 1.10 1.09 1.09 1.09 1.09 1.09 1.09 1.08 1.08
1.20 1.20 1.20 1.20 1.20 1.20 1.19 1.19 1.75 1.19 1.19 1.19 1.18 1.18 1.18 1.18 1.18 1.18 1.18 0.00 0.00 0.00 0.00 0.00 0.00 0.00 0.00 0.00 0.00 0.00 0.00 0.00 3.67 1.16 1.15 1.15 1.15 1.15 1.15 1.15 1.15 1.15 1.15 1.14 1.14 1.14 1.14 1.14 1.14 1.14 1.14 1.14 1.13 1.13 1.13 1.13 1.13 3.48 1.13 1.12 1.65 1.12 1.64 1.64 1.12 1.11 1.63 1.11 1.11 1.11 1.11 1.10 1.10 1.10 1.10 1.10 1.10 1.09 1.09 1.09 1.09 1.09 1.08 3.28
1.20 1.20 1.20 1.20 1.20 1.20 1.19 1.19 1.19 1.19 1.19 1.74 1.74 1.18 1.18 3.15 3.21 3.21 0.00 0.00 0.00 0.00 0.00 0.00 0.00 0.00 0.00 0.00 0.00 0.00 0.00 0.00 1.10 1.10 1.16 1.15 1.15 1.15 1.15 1.15 1.15 1.15 1.15 1.15 1.14 1.14 1.14 1.14 1.14 1.14 1.14 1.14 1.13 1.13 1.13 1.13 1.66 1.13 1.13 1.12 1.12 1.12 1.12 1.64 1.64 1.12 1.11 1.11 1.11 1.11 1.11 1.11 1.10 1.10 1.10 1.10 1.10 1.09 1.09 1.09 1.09 1.09 1.08 1.08
1.21 1.20 1.20 1.20 1.20 1.20 1.75 1.19 1.19 1.19 1.19 1.19 1.19 1.18 3.15 3.27 3.70 0.00 0.00 0.00 0.00 0.00 0.00 0.00 0.00 0.00 0.00 0.00 0.00 0.00 0.00 0.00 2.54 3.67 1.16 1.16 1.15 1.15 1.15 1.15 1.15 1.15 1.15 1.15 1.15 1.14 1.14 1.14 1.14 1.14 1.14 1.14 1.14 1.13 1.13 1.13 1.13 1.13 1.13 1.13 1.65 1.65 1.64 1.64 1.12 1.12 1.11 1.11 1.11 1.11 1.11 1.11 1.10 1.10 1.61 1.10 1.10 1.09 1.09 1.09 1.09 1.09 1.59 1.59
1.21 1.20 1.20 1.20 1.20 1.20 1.20 1.19 1.19 1.19 1.19 1.19 1.19 1.19 3.15 3.70 3.69 0.00 0.00 0.00 0.00 0.00 0.00 0.00 0.00 0.00 0.00 0.00 0.00 0.00 0.00 0.00 2.53 3.66 1.16 1.16 1.16 1.15 1.15 1.69 1.15 1.15 1.68 1.15 1.15 3.22 1.14 1.14 1.14 1.14 1.14 1.14 1.14 1.13 1.13 1.13 0.99 3.30 1.13 1.13 1.65 1.65 1.65 1.64 1.64 1.64 1.12 1.11 1.11 1.11 1.11 1.11 1.10 1.10 1.10 1.61 1.61 1.61 1.09 1.60 1.09 1.09 1.08 1.59
1.21 1.21 1.20 1.20 1.20 1.20 1.20 1.20 1.19 1.19 1.75 1.19 1.19 1.19 3.15 3.69 0.00 0.00 0.00 0.00 0.00 0.00 0.00 0.00 0.00 0.00 0.00 0.00 0.00 0.00 0.00 0.00 3.66 3.66 3.11 1.70 1.16 1.15 1.15 1.15 1.15 1.15 1.15 1.15 1.15 3.10 1.14 1.14 1.14 1.14 1.14 1.67 1.67 1.14 1.13 1.13 3.77 1.13 1.13 1.13 1.13 1.65 1.65 1.64 1.64 1.64 1.64 1.63 1.11 1.11 1.11 1.11 1.11 1.10 1.10 1.61 1.10 1.10 1.09 1.09 1.09 1.09 1.09 1.08
1.21 1.21 1.20 1.20 1.20 1.20 1.20 1.20 1.19 1.19 1.75 1.19 1.19 3.70 3.69 0.00 0.00 0.00 0.00 0.00 0.00 0.00 0.00 0.00 0.00 0.00 0.00 0.00 0.00 0.00 0.00 0.00 0.00 3.87 3.11 1.16 1.16 1.16 1.15 1.15 1.69 1.15 3.16 3.10 1.68 3.10 1.15 1.14 1.14 1.14 1.14 1.67 1.67 1.67 1.66 1.13 3.19 1.13 1.13 1.13 1.13 1.65 1.65 1.64 1.64 1.64 1.64 1.64 1.63 1.11 1.11 1.11 1.11 1.10 1.10 1.10 1.10 1.10 1.09 1.09 1.09 1.09 1.09 1.08
1.21 1.21 1.21 1.77 3.23 1.20 1.20 1.20 1.20 1.19 1.19 3.27 3.70 3.69 0.00 0.00 0.00 0.00 0.00 0.00 0.00 0.00 0.00 0.00 0.00 0.00 0.00 0.00 0.00 0.00 0.00 0.00 0.00 3.17 1.16 1.16 1.16 1.16 1.16 1.15 1.15 1.15 3.27 3.10 3.64 1.15 1.15 1.14 1.14 1.14 1.14 1.14 1.67 1.14 1.67 0.34 3.76 1.13 1.13 1.13 1.13 1.65 1.65 1.65 1.64 1.12 1.64 1.12 1.11 1.11 1.11 1.11 1.11 1.10 1.10 1.10 1.10 1.10 1.09 1.09 1.09 1.09 1.09 1.08
1.21 1.21 1.21 1.20 2.59 2.58 1.20 1.20 1.20 1.20 1.19 3.21 3.69 0.00 0.00 0.00 0.00 0.00 0.00 0.00 0.00 0.00 0.00 0.00 0.00 0.00 0.00 0.00 0.00 0.00 0.00 0.00 0.00 1.16 3.17 3.17 1.16 1.16 1.16 1.16 1.15 1.15 1.15 1.15 1.15 1.15 1.15 1.15 1.14 1.14 1.14 1.14 3.25 1.14 1.14 0.34 1.13 1.13 1.13 1.13 1.13 1.13 1.65 1.65 1.12 1.12 1.12 1.12 1.11 1.11 1.11 1.63 1.11 1.11 1.10 1.10 1.10 1.10 1.10 1.09 1.09 1.09 1.09 1.09
