New_Model_Runs/3_scn2_noclimate_out/post_prcessed_with_MFR/Monthly_summaries/actual_et_monthly_AUG.asc
NCOLS 700
NROWS 400
XLLCENTER 515000.000000
YLLCENTER 8409000.000000
CELLSIZE 50.000000
NODATA_value -999.000000
[rows 152 to 189 of 400, columns 252 to 335 of 700]
0.00 0.00 0.00 0.00 0.00 0.00 0.00 0.00 0.00 0.00 0.00 0.00 0.00 0.00 0.00 0.00 0.00 0.00 0.00 0.00 0.00 0.00 0.00 0.00 0.00 0.00 0.00 0.00 0.00 0.00 0.00 0.00 0.00 0.00 0.00 0.00 0.00 0.00 0.00 0.00 0.00 0.00 0.00 0.00 0.00 0.00 0.00 1.07 1.07 1.07 1.07 1.07 1.06 1.06 1.06 1.06 1.05 1.05 1.05 1.05 1.05 1.04 1.04 1.04 1.04 1.03 1.03 1.03 1.03 1.03 1.02 1.02 1.02 1.02 1.02 1.49 1.01 1.00 1.00 1.40 1.40 1.40 1.40 1.40
0.00 0.00 0.00 0.00 0.00 0.00 0.00 0.00 0.00 0.00 0.00 0.00 0.00 0.00 0.00 0.00 0.00 0.00 0.00 0.00 0.00 0.00 0.00 0.00 0.00 0.00 0.00 0.00 0.00 0.00 0.00 0.00 0.00 0.00 0.00 0.00 0.00 0.00 0.00 0.00 0.00 0.00 0.00 0.00 0.00 0.00 1.07 1.07 1.07 1.07 1.07 1.06 1.06 1.06 1.06 1.05 1.05 1.05 1.05 1.05 1.04 1.04 1.04 1.04 1.03 1.03 1.03 1.03 1.03 1.02 1.01 1.02 1.02 1.02 1.40 1.40 1.00 1.00 1.00 1.40 1.40 1.39 1.49 1.49
0.00 0.00 0.00 0.00 0.00 0.00 0.00 0.00 0.00 0.00 0.00 0.00 0.00 0.00 0.00 0.00 0.00 0.00 0.00 0.00 0.00 0.00 0.00 0.00 0.00 0.00 0.00 0.00 0.00 0.00 0.00 0.00 0.00 0.00 0.00 0.00 0.00 0.00 0.00 0.00 0.00 0.00 0.00 0.00 0.00 1.07 1.07 1.07 1.07 1.07 1.06 1.06 1.06 1.06 1.05 1.05 1.05 1.05 1.05 1.04 1.04 1.04 1.04 1.03 1.03 1.03 1.03 1.03 1.02 1.01 1.25 1.01 1.01 1.40 1.40 1.40 0.42 1.40 1.40 1.39 1.00 0.30 1.48 1.30
0.00 0.00 0.00 0.00 0.00 0.00 0.00 0.00 0.00 0.00 0.00 0.00 0.00 0.00 0.00 0.00 0.00 0.00 0.00 0.00 0.00 0.00 0.00 0.00 0.00 0.00 0.00 0.00 0.00 0.00 0.00 0.00 0.00 0.00 0.00 0.00 0.00 0.00 0.00 0.00 0.00 0.00 0.00 0.00 0.00 1.07 1.07 1.07 1.07 1.06 1.06 1.06 1.06 1.05 1.05 1.05 1.05 1.05 1.04 1.04 1.04 1.04 1.03 1.03 1.03 1.03 1.03 1.02 1.02 1.01 1.01 1.01 1.01 1.01 1.40 0.42 1.40 1.00 1.48 1.00 1.00 1.00 1.00 1.29
0.00 0.00 0.00 0.00 0.00 0.00 0.00 0.00 0.00 0.00 0.00 0.00 0.00 0.00 0.00 0.00 0.00 0.00 0.00 0.00 0.00 0.00 0.00 0.00 0.00 0.00 0.00 0.00 0.00 0.00 0.00 0.00 0.00 0.00 0.00 0.00 0.00 0.00 0.00 0.00 0.00 0.00 0.00 0.00 1.50 1.07 1.07 1.07 1.06 1.06 1.06 1.06 1.05 1.05 1.05 1.05 1.05 1.04 1.04 1.04 1.04 1.03 1.03 1.03 1.03 1.03 1.02 1.02 1.02 1.01 1.01 1.01 1.01 1.00 1.00 0.66 1.00 1.00 1.00 1.00 1.00 1.00 1.00 1.29
0.00 0.00 0.00 0.00 0.00 0.00 0.00 0.00 0.00 0.00 0.00 0.00 0.00 0.00 0.00 0.00 0.00 0.00 0.00 0.00 0.00 0.00 0.00 0.00 0.00 0.00 0.00 0.00 0.00 0.00 0.00 0.00 0.00 0.00 0.00 0.00 0.00 0.00 0.00 0.00 0.00 0.00 0.00 0.00 1.07 1.07 1.07 1.06 1.06 1.06 1.06 1.05 1.05 1.05 1.05 1.05 1.04 1.04 1.04 1.04 1.03 1.03 1.03 1.03 1.03 1.02 1.02 1.02 1.02 1.02 1.01 1.01 1.00 1.00 1.00 1.40 1.00 1.00 1.00 1.00 1.00 1.00 1.00 1.29
0.00 0.00 0.00 0.00 0.00 0.00 0.00 0.00 0.00 0.00 0.00 0.00 0.00 0.00 0.00 0.00 0.00 0.00 0.00 0.00 0.00 0.00 0.00 0.00 0.00 0.00 0.00 1.50 0.00 0.00 0.00 0.00 0.00 0.00 0.00 0.00 0.00 0.00 0.00 0.00 0.00 0.00 0.00 0.00 1.07 1.07 1.06 1.06 1.06 1.06 1.05 1.05 1.05 1.05 1.05 1.04 1.04 1.04 1.04 1.03 1.03 1.03 1.03 1.03 1.02 1.02 1.02 1.02 1.02 1.01 1.01 1.00 1.00 1.00 1.00 1.40 1.00 1.00 1.00 1.00 1.00 1.00 1.00 1.00
0.00 0.00 0.00 0.00 0.00 0.00 0.00 0.00 0.00 0.00 0.00 0.00 0.00 0.00 0.00 0.00 0.00 0.00 0.00 0.00 0.00 0.00 0.00 0.00 0.00 0.00 1.11 1.10 0.00 0.00 0.00 0.00 0.00 0.00 0.00 0.00 0.00 0.00 0.00 0.00 0.00 0.00 0.00 0.00 0.00 0.00 1.06 1.06 1.06 1.05 1.05 1.05 1.05 1.05 1.04 1.04 1.04 1.04 1.04 1.03 1.03 1.03 1.03 1.02 1.02 1.02 1.02 1.02 1.01 1.01 1.00 1.00 1.39 1.40 1.40 1.40 1.40 1.00 0.99 1.00 1.00 1.00 1.00 1.00
0.00 0.00 0.00 0.00 0.00 0.00 0.00 0.00 0.00 0.00 0.00 0.00 0.00 0.00 0.00 0.00 0.00 0.00 0.00 0.00 0.00 0.00 0.00 0.00 0.00 1.11 1.10 1.10 1.10 0.00 0.00 0.00 0.00 0.00 0.00 0.00 0.00 0.00 0.00 0.00 0.00 0.00 0.00 0.00 0.00 0.00 0.00 0.00 1.05 1.05 1.05 1.32 1.05 1.04 1.04 1.04 1.04 1.04 1.03 1.03 1.03 1.03 1.02 1.02 1.02 1.02 1.02 1.01 1.01 1.01 1.00 1.00 1.40 1.40 0.42 0.42 1.39 0.99 0.99 1.00 1.00 1.00 0.99 0.99
0.00 0.00 0.00 0.00 0.00 0.00 0.00 0.00 0.00 0.00 0.00 0.00 0.00 0.00 0.00 0.00 0.00 0.00 0.00 0.00 0.00 0.00 0.00 0.00 0.00 1.10 1.10 1.10 1.10 1.10 1.09 0.00 0.00 0.00 0.00 0.00 0.00 0.00 0.00 0.00 0.00 0.00 0.00 0.00 0.00 0.00 0.00 0.00 0.00 0.00 1.04 1.05 1.04 1.04 1.04 1.04 1.04 1.03 1.03 1.03 1.03 1.02 1.02 1.02 1.01 1.02 1.01 1.01 1.01 1.00 1.39 1.40 1.39 0.66 1.40 1.00 1.24 1.39 0.99 0.99 1.00 0.99 0.99 0.99
0.00 0.00 0.00 0.00 0.00 0.00 0.00 0.00 0.00 0.00 0.00 0.00 0.00 0.00 0.00 0.00 0.00 0.00 0.00 0.00 0.00 0.00 0.00 0.00 0.00 1.10 1.10 1.10 1.10 1.09 1.09 0.00 0.00 0.00 0.00 0.00 0.00 0.00 0.00 0.00 0.00 0.00 0.00 0.00 0.00 0.00 0.00 0.00 0.00 0.00 1.04 1.04 1.04 1.04 1.04 1.04 1.03 1.03 1.03 1.03 1.02 1.02 1.02 1.01 1.01 1.02 1.30 1.01 1.01 1.00 1.39 1.39 1.39 1.39 1.00 0.99 1.40 1.39 0.99 0.99 0.99 0.99 0.99 0.99
0.00 0.00 0.00 0.00 0.00 0.00 0.00 0.00 0.00 0.00 0.00 0.00 0.00 0.00 0.00 0.00 0.00 0.00 0.00 0.00 0.00 0.00 0.00 0.00 1.10 1.10 1.10 1.09 1.09 1.09 1.34 1.34 1.08 0.00 1.08 1.08 0.00 0.00 0.00 0.00 0.00 0.00 0.00 0.00 0.00 0.00 0.00 0.00 0.00 0.00 0.31 1.04 1.04 1.04 1.31 1.03 1.03 1.03 1.03 1.02 1.02 1.01 1.01 1.01 1.02 1.01 1.01 1.01 1.01 1.01 1.39 1.39 1.39 1.39 0.99 0.99 1.40 1.40 0.99 0.99 0.99 0.99 0.99 0.99
0.00 0.00 0.00 0.00 0.00 0.00 0.00 0.00 0.00 0.00 0.00 0.00 0.00 0.00 0.00 0.00 0.00 0.00 0.00 0.00 0.00 0.00 0.00 1.10 1.10 1.10 1.09 1.09 1.09 1.09 1.09 1.34 1.34 1.34 1.08 1.07 1.07 1.07 0.00 0.00 0.00 0.00 0.00 0.00 0.00 0.00 0.00 0.00 0.00 0.00 0.00 1.40 1.03 0.31 1.02 1.02 1.26 1.02 1.02 1.02 1.01 1.01 1.01 1.02 1.01 1.01 1.01 1.01 1.01 1.01 1.48 1.48 1.39 1.40 1.00 0.99 0.99 0.99 0.99 0.99 0.99 0.99 0.99 0.99
0.00 0.00 0.00 0.00 0.00 0.00 0.00 0.00 0.00 0.00 0.00 0.00 0.00 0.00 0.00 0.00 0.00 0.00 0.00 0.00 1.11 1.10 1.10 1.10 1.10 1.09 1.09 1.09 1.09 1.09 1.08 1.08 1.50 1.08 1.50 1.07 1.07 1.07 1.07 0.00 0.00 0.00 0.00 0.00 0.00 0.00 0.00 0.00 0.00 0.00 0.00 0.66 0.66 1.40 1.40 1.02 1.02 1.25 1.25 1.01 1.01 1.01 1.01 1.01 1.01 1.01 1.01 1.01 1.01 1.00 1.00 1.00 1.48 1.47 1.49 0.99 1.00 0.99 0.99 0.99 0.99 0.99 1.29 0.99
0.00 0.00 0.00 0.00 0.00 0.00 0.00 0.00 0.00 0.00 0.00 0.00 0.00 0.00 0.00 0.00 1.50 1.11 0.00 0.00 1.10 1.10 1.10 1.10 1.09 1.09 1.09 1.09 1.09 1.08 1.08 1.08 1.08 1.07 1.07 1.07 1.07 1.33 1.33 1.49 1.33 0.00 0.00 0.00 0.00 0.00 0.00 0.00 0.00 0.00 0.00 0.66 0.66 1.40 1.40 1.40 1.39 1.39 1.01 1.01 1.01 1.30 1.30 1.01 1.01 1.01 1.01 1.01 1.00 1.00 1.00 1.00 1.00 1.48 1.48 0.99 0.99 0.99 0.99 0.99 0.99 0.99 0.99 0.99
0.00 0.00 0.00 0.00 0.00 0.00 0.00 0.00 0.00 0.00 0.00 0.00 0.00 0.00 0.00 0.00 1.11 1.11 1.10 1.10 1.10 1.10 1.10 1.34 1.34 1.09 1.09 1.09 1.08 1.08 1.08 1.08 1.07 1.07 1.07 1.07 1.07 1.33 1.33 1.33 1.33 0.00 0.00 0.00 0.00 0.00 0.00 0.00 0.00 0.00 0.00 0.42 0.66 0.42 1.40 1.40 1.38 1.48 1.02 1.02 1.30 1.30 1.30 1.30 1.01 1.01 1.01 1.00 1.00 1.00 1.00 1.00 1.00 1.48 1.48 0.99 0.99 0.99 0.99 1.29 1.29 0.99 0.99 0.99
0.00 0.00 0.00 0.00 0.00 0.00 0.00 0.00 0.00 0.00 0.00 0.00 0.00 1.50 1.11 1.50 1.11 1.10 1.10 1.10 1.10 1.10 1.09 1.09 1.09 1.09 1.09 1.08 1.08 1.08 1.08 1.07 1.07 1.07 1.07 1.07 1.06 1.06 1.33 1.33 1.32 0.00 0.00 0.00 0.00 0.00 0.00 0.00 0.00 0.00 0.31 0.31 0.66 0.42 1.40 1.39 1.38 1.48 1.02 1.02 1.01 1.01 1.01 1.01 1.01 1.01 1.00 1.00 1.00 1.00 1.00 1.00 1.00 1.00 0.99 0.99 0.99 0.99 0.99 0.99 1.29 1.29 0.99 0.99
0.00 0.00 0.00 0.00 0.00 0.00 0.00 0.00 0.00 0.00 0.00 0.00 1.50 1.11 1.11 1.11 1.10 1.10 1.10 1.10 1.10 1.09 1.09 1.09 1.09 1.08 1.08 1.08 1.08 1.08 1.07 1.07 1.07 1.07 1.06 1.33 1.33 1.27 1.27 1.04 0.00 0.00 0.00 0.00 0.00 0.00 0.00 0.00 0.00 0.31 1.03 1.03 1.03 1.40 1.40 1.40 1.38 1.47 1.02 1.01 1.01 1.30 1.01 1.01 1.01 1.00 1.00 1.00 1.00 1.00 1.00 1.00 1.00 0.99 0.99 0.99 0.99 0.99 0.99 1.29 0.99 0.99 0.99 0.99
0.00 0.00 0.00 0.00 0.00 0.00 0.00 0.00 0.00 0.00 0.00 0.00 1.11 1.11 1.35 1.10 1.10 1.10 1.10 1.35 1.34 1.09 1.09 1.09 1.08 1.08 1.08 1.08 1.08 1.07 1.07 1.07 1.07 1.33 1.33 1.33 1.33 1.27 1.04 0.31 1.40 0.00 0.00 0.00 0.00 0.00 0.00 0.00 0.31 1.03 1.03 1.03 1.03 1.48 1.39 1.40 1.25 1.38 1.39 1.39 1.01 1.01 1.01 1.01 1.00 1.00 1.00 1.00 1.00 1.00 1.00 1.00 0.99 0.99 0.99 0.99 0.99 0.99 0.99 0.99 0.99 0.99 0.99 0.99
0.00 0.00 0.00 0.00 0.00 0.00 0.00 0.00 0.00 0.00 0.00 1.50 1.11 1.11 1.35 1.10 1.10 1.10 1.09 1.09 1.09 1.09 1.09 1.08 1.08 1.08 1.08 1.08 1.07 1.07 1.07 1.07 1.33 1.33 1.33 1.33 1.27 1.27 1.58 0.32 1.40 1.40 0.00 0.00 0.00 0.00 0.00 0.42 1.02 1.03 1.03 1.03 1.02 1.02 1.39 1.40 1.40 1.40 1.39 0.41 1.47 1.01 1.01 1.00 1.00 1.00 1.00 1.00 1.00 1.00 1.00 1.00 0.99 0.99 0.99 0.99 0.99 0.99 0.99 0.99 0.99 0.99 0.99 0.99
0.00 0.00 0.00 0.00 0.00 0.00 0.00 0.00 0.00 0.00 1.11 1.11 1.10 1.10 1.35 1.10 1.10 1.09 1.09 1.09 1.09 1.09 1.08 1.08 1.08 1.08 1.07 1.07 1.07 1.07 1.07 1.06 1.06 1.33 1.06 1.05 1.05 1.27 1.37 1.37 1.26 0.66 0.66 0.66 0.00 0.00 0.42 0.66 1.02 1.03 1.03 1.02 1.02 1.02 1.01 1.40 1.39 1.39 1.01 1.00 1.01 1.01 1.01 1.00 1.00 1.00 1.00 1.00 1.00 1.00 1.00 0.99 0.99 0.99 0.99 0.99 0.99 0.99 0.99 0.99 0.99 0.99 0.99 0.99
0.00 0.00 0.00 0.00 0.00 0.00 0.00 0.00 0.00 0.00 1.12 1.12 1.10 1.10 1.10 1.10 1.09 1.09 1.09 1.09 1.09 1.08 1.08 1.08 1.08 1.07 1.07 1.07 1.07 1.07 1.06 1.06 1.06 1.06 1.05 1.05 1.05 1.04 1.26 1.36 1.40 0.42 0.42 0.66 0.66 0.42 0.42 1.02 1.26 1.02 1.31 1.02 1.02 1.02 1.02 1.01 1.01 1.01 1.00 1.00 1.00 1.01 1.00 1.00 1.00 1.00 1.00 1.00 1.00 1.00 0.99 0.99 0.99 0.99 0.99 0.99 0.99 0.99 0.99 0.99 0.99 0.99 0.99 0.99
0.00 0.00 0.00 0.00 0.00 0.00 0.00 0.00 0.00 0.00 0.00 1.11 1.11 1.10 1.10 1.09 1.09 1.09 1.09 1.08 1.08 1.08 1.08 1.08 1.07 1.07 1.07 1.07 1.06 1.06 1.06 1.06 1.06 1.05 1.05 1.05 1.05 1.32 1.03 1.26 0.47 1.40 0.42 0.66 0.45 1.39 1.39 1.39 1.02 1.25 1.48 1.02 1.02 1.02 1.01 1.01 1.01 1.01 1.00 1.00 1.00 1.30 1.00 1.00 1.00 1.00 1.00 1.00 1.00 0.99 0.99 0.99 0.99 0.99 0.99 0.99 0.99 0.99 0.99 0.99 0.99 0.99 0.99 0.99
0.00 0.00 0.00 0.00 0.00 0.00 0.00 0.00 0.00 0.00 0.00 1.11 1.11 1.11 1.10 1.09 1.09 1.09 1.08 1.08 1.08 1.08 1.08 1.07 1.07 1.07 1.07 1.06 1.06 1.06 1.06 1.05 1.05 1.05 1.05 1.05 1.04 1.04 1.26 1.03 1.57 1.40 1.40 1.50 1.48 1.48 1.39 1.02 1.01 1.01 1.39 1.02 1.02 1.01 1.01 1.01 1.01 1.01 1.00 1.00 1.00 1.00 1.00 1.00 1.00 1.00 1.00 1.00 1.00 0.99 0.99 0.99 0.99 0.99 0.99 0.99 0.99 0.99 0.99 0.99 0.99 0.99 0.99 0.99
0.00 0.00 0.00 0.00 0.00 0.00 0.00 0.00 0.00 0.00 0.00 0.00 1.11 1.10 1.10 1.10 1.09 1.08 1.08 1.08 1.08 1.07 1.07 1.07 1.07 1.07 1.05 1.05 1.05 1.04 1.05 1.05 1.05 1.05 1.26 1.03 1.03 1.03 1.03 1.04 1.57 1.40 1.40 1.50 1.47 1.48 1.48 1.01 1.01 1.01 1.01 1.01 1.01 1.01 1.01 1.01 1.01 1.01 1.00 1.00 1.00 1.00 1.00 1.00 1.00 1.00 1.00 1.00 0.99 0.99 0.99 0.99 0.99 0.99 0.99 0.99 0.99 0.99 0.99 0.99 0.99 0.99 0.99 0.99
0.00 0.00 0.00 0.00 0.00 0.00 0.00 0.00 0.00 0.00 0.00 1.10 1.10 1.10 1.10 1.09 1.09 1.08 1.08 1.08 1.07 1.07 1.07 1.07 1.06 1.05 1.05 1.05 1.04 1.04 1.05 1.05 1.05 1.26 1.26 1.03 1.40 1.26 1.03 1.39 1.39 1.38 1.40 1.50 1.47 1.48 1.02 1.02 1.02 1.02 1.01 1.01 1.01 1.01 1.01 1.01 1.01 1.01 1.00 1.00 1.00 1.00 1.00 1.00 1.00 1.00 1.00 0.99 0.99 0.99 0.99 0.99 0.99 0.99 0.99 0.99 0.99 0.99 0.99 0.99 0.99 0.99 0.99 0.99
0.00 0.00 0.00 0.00 1.12 0.00 0.00 0.00 0.00 0.00 1.10 1.10 1.10 1.10 1.09 1.09 1.09 1.09 1.08 1.07 1.07 1.07 1.07 1.06 1.06 1.05 1.04 1.04 1.04 1.04 1.04 1.26 1.03 1.03 1.26 1.26 1.26 1.02 1.02 1.02 1.39 1.39 1.39 1.39 1.39 1.02 1.02 1.02 1.02 1.01 1.01 1.01 1.01 1.01 1.01 1.01 1.01 1.00 1.00 1.00 1.00 1.00 1.00 1.00 1.00 1.00 1.00 0.99 0.99 0.99 0.99 0.99 0.99 1.49 0.99 0.99 0.99 1.29 0.99 0.99 0.99 0.99 0.99 1.00
0.00 0.00 0.00 1.12 1.12 1.11 0.00 0.00 0.00 1.62 1.61 1.10 1.10 1.09 1.09 1.09 1.08 1.08 1.08 1.08 1.07 1.07 1.06 1.06 1.06 1.04 1.04 1.04 1.04 1.04 1.03 1.03 1.03 1.03 1.26 1.03 1.03 1.26 1.26 1.02 1.39 1.39 1.39 1.39 1.39 1.39 1.02 1.02 1.01 1.01 1.01 1.01 1.01 1.01 1.01 1.00 1.00 1.00 1.00 1.00 1.00 1.00 1.00 1.00 1.00 1.00 0.99 0.99 0.99 0.99 0.99 0.99 0.99 1.49 0.99 0.99 0.99 0.99 0.99 0.99 0.99 0.99 1.00 1.00
1.12 1.12 1.12 1.64 1.11 1.11 1.11 1.11 1.10 1.61 1.61 1.09 1.09 1.09 1.09 1.08 1.08 1.08 1.08 1.07 1.07 1.07 1.06 1.06 1.06 1.04 1.04 1.04 1.04 1.03 1.03 1.03 1.03 1.03 1.03 1.03 1.03 1.02 1.02 1.02 1.39 1.39 1.39 1.39 1.39 1.39 1.01 1.01 1.01 1.01 1.01 1.01 1.01 1.01 1.00 1.00 1.00 1.00 1.00 1.00 1.00 1.00 1.00 1.00 1.00 1.00 0.99 0.99 0.99 0.99 1.49 0.99 0.99 0.99 0.99 0.99 0.99 0.99 0.99 0.99 1.00 1.00 1.00 1.00
1.12 1.12 1.11 1.11 1.11 1.11 1.10 1.10 1.10 1.61 1.09 1.60 1.09 1.09 1.08 1.08 1.08 1.07 1.07 1.07 1.07 1.06 1.06 1.05 1.05 1.05 1.04 1.03 1.03 1.03 1.03 1.03 1.03 1.03 1.03 1.03 1.02 1.39 1.39 1.39 1.39 1.39 1.39 1.39 1.39 1.39 1.01 1.01 1.01 1.01 1.01 1.01 1.00 1.00 1.00 1.00 1.00 1.00 1.00 1.00 1.00 1.00 1.00 1.00 1.00 1.00 0.99 0.99 0.99 0.99 0.99 0.99 0.99 1.49 0.99 0.99 0.99 0.99 0.99 1.00 1.00 1.00 1.00 1.49
1.12 1.11 1.11 1.11 1.11 1.10 1.10 1.10 1.10 1.09 1.60 1.60 1.09 1.08 1.08 1.08 1.07 1.07 1.07 1.07 1.06 1.06 1.06 1.05 1.05 1.05 1.03 1.03 1.04 1.04 1.03 1.03 1.03 1.03 1.03 1.02 1.02 1.01 1.01 1.39 1.40 1.30 1.01 1.01 1.39 1.39 1.01 1.30 1.01 1.01 1.01 1.00 1.00 1.00 1.00 1.00 1.00 1.00 1.00 1.00 1.00 1.00 1.00 1.00 1.00 1.00 0.99 0.99 0.99 0.99 0.99 0.99 0.99 1.29 0.99 0.99 1.00 1.00 1.00 1.00 1.00 1.00 1.49 1.49
1.11 1.11 1.11 1.11 1.10 1.10 1.10 1.10 1.09 1.09 1.09 1.08 1.08 1.58 1.08 1.07 1.07 1.07 1.06 1.06 1.06 1.06 1.05 1.05 1.05 1.04 1.04 1.04 1.04 1.03 1.03 1.03 1.03 1.03 1.02 1.01 1.02 1.02 1.01 1.40 1.01 1.01 1.01 1.01 1.48 1.39 1.00 1.30 1.01 1.00 1.00 1.00 1.00 1.00 1.00 1.00 1.00 1.00 1.00 1.00 1.00 1.00 1.00 1.00 1.00 1.00 0.99 0.99 0.99 0.99 0.99 0.99 0.99 1.29 1.29 1.00 1.00 1.29 1.49 1.00 1.00 1.00 1.49 1.49
1.11 1.11 1.11 1.10 1.10 1.10 1.10 1.09 1.09 1.09 1.08 1.59 1.08 1.58 1.57 1.07 1.07 1.06 1.06 1.06 1.05 1.05 1.05 1.05 1.04 1.04 1.04 1.04 1.03 1.03 1.03 1.03 1.02 1.02 1.01 1.01 1.02 1.02 1.30 1.40 1.01 1.01 1.01 1.01 1.48 1.48 1.00 1.00 1.00 1.00 1.00 1.00 1.00 1.00 1.00 1.00 1.00 1.00 1.00 1.00 1.00 1.00 1.00 1.00 1.00 1.00 1.00 1.00 1.00 1.00 1.00 1.00 1.00 1.00 1.00 1.29 1.29 1.00 1.00 1.00 1.49 1.49 1.49 1.49
1.11 1.10 1.10 1.10 1.10 1.09 1.09 1.09 1.09 1.08 1.08 1.58 1.58 1.07 1.07 1.07 1.06 1.06 1.06 1.05 1.05 1.05 1.05 1.04 1.04 1.04 1.03 1.03 1.03 1.03 1.02 1.02 1.02 1.01 1.01 1.02 1.01 1.01 1.01 1.40 1.00 1.00 1.01 1.00 1.48 1.00 1.00 1.00 1.00 1.00 1.00 1.00 1.00 1.00 1.00 1.00 1.00 1.00 1.00 1.00 1.00 1.00 1.00 1.00 1.00 1.00 1.00 1.00 1.00 1.00 1.00 1.00 1.00 1.00 1.00 1.00 1.00 1.30 1.00 1.00 1.49 1.49 1.49 1.49
1.10 1.10 1.10 1.10 1.09 1.09 1.09 1.09 1.08 1.08 1.08 1.07 1.07 1.07 1.07 1.06 1.06 1.06 1.05 1.05 1.05 1.04 1.04 1.04 1.04 1.03 1.03 1.03 1.03 1.02 1.02 1.02 1.02 1.01 1.01 1.01 1.01 1.01 1.00 1.00 1.00 1.00 1.00 1.00 1.00 1.00 1.00 1.00 1.00 1.00 1.00 1.00 1.00 1.00 1.00 1.00 1.00 1.00 1.00 1.00 1.00 1.00 1.00 1.00 1.00 1.00 1.00 1.00 1.00 1.00 1.00 1.00 1.00 1.00 1.00 1.00 1.00 1.00 1.00 1.00 1.49 1.49 1.49 1.49
1.10 1.10 1.10 1.09 1.09 1.09 1.09 1.08 1.08 1.08 1.07 1.07 1.07 1.06 1.06 1.06 1.06 1.05 1.05 1.05 1.04 1.04 1.04 1.04 1.03 1.03 1.03 1.02 1.02 1.02 1.02 1.02 1.01 1.01 1.01 1.01 1.01 1.01 1.00 1.00 1.00 1.00 1.00 1.00 1.00 1.00 1.00 1.00 1.00 1.00 1.00 1.00 1.00 1.00 1.00 1.00 1.00 1.00 1.00 1.00 1.00 1.00 1.00 1.00 1.00 1.00 1.00 1.00 1.00 1.00 1.00 1.00 1.00 1.00 1.00 1.00 1.00 1.00 1.00 1.01 1.49 1.49 1.49 1.49
1.10 1.10 1.09 1.09 1.09 1.09 1.08 1.08 1.08 1.07 1.07 1.07 1.06 1.06 1.06 1.06 1.05 1.05 1.05 1.04 1.04 1.04 1.03 1.03 1.03 1.03 1.02 1.02 1.02 1.02 1.01 1.01 1.01 1.01 1.01 1.01 1.00 1.00 1.00 1.00 1.00 0.99 0.99 1.00 1.00 1.00 1.00 1.00 1.00 1.00 1.00 1.00 1.00 1.00 1.49 1.00 1.00 1.00 1.00 1.00 1.00 1.00 1.00 1.00 1.00 1.00 1.00 1.00 1.00 1.00 1.00 1.00 1.00 1.00 1.00 1.00 1.01 1.01 1.01 1.01 1.49 1.49 1.49 1.49
1.10 1.09 1.09 1.09 1.08 1.08 1.08 1.08 1.07 1.07 1.07 1.06 1.06 1.06 1.05 1.05 1.05 1.05 1.04 1.04 1.04 1.03 1.03 1.03 1.02 1.02 1.02 1.02 1.01 1.01 1.01 1.01 1.01 1.00 1.00 1.00 1.00 1.00 1.00 1.00 1.00 1.00 1.00 0.99 0.99 0.99 0.99 0.99 0.99 0.99 0.99 0.99 0.99 0.99 1.00 1.00 1.00 1.00 1.00 1.00 1.00 1.00 1.00 1.00 1.00 1.00 1.00 1.00 1.00 1.00 1.00 1.00 1.00 1.01 1.01 1.01 1.01 1.01 1.01 1.01 1.01 1.49 1.49 1.49
