New_Model_Runs/3_scn2_noclimate_out/post_prcessed_with_MFR/Monthly_summaries/actual_et_monthly_FEB.asc
NCOLS 700
NROWS 400
XLLCENTER 515000.000000
YLLCENTER 8409000.000000
CELLSIZE 50.000000
NODATA_value -999.000000
[rows 190 to 227 of 400, columns 168 to 251 of 700]
1.16 1.71 1.70 1.70 1.70 1.70 1.16 1.15 1.15 1.15 1.15 1.15 1.15 1.15 1.15 1.14 1.14 1.14 1.14 1.14 1.14 1.14 1.13 1.13 1.13 1.13 1.13 1.13 1.13 1.12 1.12 1.12 1.12 1.12 1.12 1.12 1.11 1.11 1.11 1.11 1.11 1.11 1.10 1.10 1.10 1.10 1.10 1.10 1.09 1.09 1.09 1.09 1.09 1.08 1.08 1.08 1.08 1.08 1.08 1.07 1.07 1.07 1.07 1.07 1.56 1.56 1.56 1.56 1.55 1.06 1.06 1.06 1.05 1.05 1.05 1.54 1.05 1.05 1.04 1.04 1.04 1.04 1.03 1.03
1.70 1.16 1.16 1.70 1.70 1.69 1.69 1.15 1.15 1.15 1.15 1.15 1.15 1.14 1.14 1.14 1.14 1.14 1.14 1.14 1.13 1.13 1.13 1.13 1.13 1.13 1.13 1.12 1.12 1.12 1.12 1.12 1.12 1.12 1.11 1.11 1.11 1.11 1.11 1.11 1.11 1.10 1.10 1.10 1.10 1.10 1.09 1.09 1.09 1.09 1.09 1.09 1.08 1.08 1.08 1.08 1.08 1.07 1.07 1.07 1.07 1.07 1.07 1.06 1.06 1.06 1.06 1.06 1.55 1.06 1.05 1.05 1.05 1.05 1.05 1.05 1.04 1.04 1.04 1.04 1.04 1.03 1.03 1.03
1.70 1.16 1.16 1.69 1.69 1.15 1.15 1.15 1.15 1.15 1.15 1.14 1.14 1.14 1.14 1.14 1.14 1.14 1.13 1.13 1.13 1.13 1.13 1.13 1.13 1.13 1.12 1.12 1.12 1.12 1.12 1.12 1.11 1.11 1.11 1.11 1.11 1.11 1.11 1.10 1.10 1.10 1.10 1.10 1.10 1.09 1.09 1.09 1.09 1.09 1.08 1.08 1.08 1.08 1.08 1.07 1.07 1.07 1.07 1.07 1.07 1.06 1.06 1.06 1.06 1.55 1.06 1.06 1.05 1.05 1.05 1.05 1.05 1.05 1.04 1.04 1.04 1.04 1.04 1.04 1.03 1.03 1.03 1.03
1.70 1.16 1.15 1.15 1.69 1.15 1.15 1.15 1.15 1.14 1.14 1.14 1.14 1.14 1.14 1.14 1.13 1.13 1.13 1.13 1.13 1.13 1.13 1.13 1.12 1.12 1.12 1.12 1.12 1.12 1.12 1.11 1.11 1.11 1.11 1.11 1.11 1.10 1.10 1.10 1.10 1.10 1.10 1.09 1.09 1.09 1.09 1.09 1.08 1.08 1.08 1.08 1.08 1.08 1.07 1.07 1.07 1.07 1.07 1.06 1.06 1.06 1.06 1.06 1.06 1.55 1.05 1.05 1.05 1.05 1.05 1.05 1.04 1.04 1.04 1.04 1.04 1.04 1.52 1.03 1.03 1.03 1.03 1.02
1.15 1.15 1.15 1.15 1.68 1.15 1.15 1.14 1.14 1.14 1.14 1.14 1.14 1.14 1.13 1.13 1.13 1.13 1.13 1.13 1.13 1.13 1.12 1.12 1.12 1.12 1.12 1.12 1.12 1.11 1.11 1.11 1.11 1.11 1.11 1.10 1.10 1.10 1.10 1.10 1.10 1.09 1.09 1.09 1.09 1.09 1.09 1.08 1.08 1.08 1.08 1.08 1.07 1.07 1.07 1.07 1.07 1.06 1.56 1.06 1.06 1.06 1.06 1.05 1.05 1.05 1.05 1.05 1.05 1.05 1.04 1.04 1.04 1.04 1.04 1.04 1.04 1.52 1.51 1.03 1.03 1.03 1.02 1.02
1.15 1.15 1.15 1.15 1.15 1.14 1.14 1.14 1.14 1.14 1.14 1.67 1.14 1.13 1.13 1.13 1.13 1.13 1.13 1.13 1.12 1.12 1.12 1.12 1.12 1.12 1.12 1.11 1.11 1.11 1.11 1.11 1.11 1.10 1.10 1.10 1.10 1.10 1.10 1.09 1.09 1.09 1.09 1.09 1.09 1.08 1.08 1.08 1.08 1.08 1.07 1.07 1.07 1.07 1.07 1.06 1.06 1.06 1.06 1.06 1.06 1.05 1.05 1.05 1.05 1.05 1.05 1.53 1.53 1.04 1.04 1.04 1.04 1.04 1.04 1.03 1.03 1.03 1.03 1.03 1.02 1.02 1.02 1.02
1.15 1.15 1.15 1.15 1.14 1.68 1.14 1.14 1.14 1.14 1.14 1.66 1.66 1.13 1.13 1.13 1.13 1.13 1.12 1.12 1.12 1.12 1.12 1.12 1.12 1.11 1.11 1.11 1.11 1.11 1.11 1.11 1.10 1.10 1.10 1.10 1.10 1.10 1.09 1.09 1.09 1.09 1.09 1.08 1.08 1.08 1.08 1.08 1.07 1.07 1.07 1.07 1.07 1.07 1.06 1.06 1.06 1.06 1.06 1.05 1.05 1.05 1.05 1.05 1.05 1.05 1.04 1.04 1.04 1.04 1.04 1.04 1.04 1.03 1.03 1.03 1.03 1.03 1.03 1.02 1.02 1.02 1.02 1.01
1.15 1.15 1.14 1.14 1.14 1.14 1.14 1.14 1.14 1.13 1.13 1.13 1.66 1.13 1.13 1.13 1.12 1.12 1.12 1.12 1.12 1.12 1.12 1.11 1.11 1.11 1.11 1.11 1.11 1.11 1.10 1.10 1.10 1.10 1.10 1.10 1.09 1.09 1.09 1.09 1.09 1.09 1.08 1.08 1.08 1.08 1.08 1.07 1.07 1.07 1.07 1.07 1.06 1.56 1.06 1.06 1.06 1.05 1.05 1.05 1.05 1.05 1.05 1.05 1.04 1.04 1.04 1.04 1.04 1.04 1.04 1.03 1.03 1.03 1.03 1.03 1.03 1.03 1.02 1.02 1.02 1.02 1.01 1.01
1.15 1.14 1.14 1.14 1.14 1.14 1.14 1.13 1.13 1.13 1.13 1.13 1.13 1.13 1.12 1.12 1.12 1.12 1.12 1.12 1.12 1.12 1.11 1.11 1.11 1.11 1.11 1.11 1.10 1.10 1.10 1.10 1.10 1.10 1.09 1.09 1.09 1.09 1.09 1.09 1.08 1.08 1.08 1.08 1.08 1.07 1.07 1.07 1.07 1.07 1.06 1.06 1.06 1.06 1.06 1.06 1.05 1.05 1.05 1.05 1.05 1.04 1.04 1.04 1.04 1.04 1.04 1.04 1.04 1.03 1.03 1.03 1.03 1.03 1.03 1.03 1.02 1.02 1.02 1.02 1.02 1.01 1.01 1.01
1.14 1.14 1.14 1.14 1.14 1.14 1.13 1.13 1.13 1.13 1.13 1.13 1.13 1.12 1.12 1.12 1.12 1.12 1.12 1.12 1.11 1.11 1.11 1.11 1.11 1.11 1.11 1.10 1.10 1.10 1.10 1.10 1.10 1.09 1.09 1.09 1.09 1.09 1.08 1.08 1.08 1.08 1.08 1.08 1.07 1.07 1.07 1.07 1.07 1.06 1.06 1.06 1.06 1.06 1.05 1.05 1.05 1.05 1.05 1.04 1.04 1.04 1.04 1.04 1.04 1.04 1.03 1.03 1.03 1.03 1.03 1.03 1.03 1.03 1.02 1.02 1.02 1.02 1.02 1.01 1.01 1.01 1.01 1.01
1.14 1.14 1.14 1.14 1.13 1.13 1.13 1.13 1.13 1.13 1.13 1.12 1.12 1.12 1.12 1.12 1.12 1.12 1.11 1.11 1.11 1.11 1.11 1.11 1.11 1.10 1.10 1.10 1.10 1.10 1.10 1.09 1.09 1.09 1.09 1.09 1.09 1.08 1.08 1.08 1.08 1.08 1.07 1.07 1.07 1.07 1.07 1.06 1.06 1.06 1.06 1.06 1.05 1.05 1.05 1.05 1.05 1.05 1.04 1.04 1.04 1.04 1.04 1.04 1.03 1.03 1.03 1.03 1.03 1.03 1.03 1.02 1.02 1.02 1.02 1.02 1.02 1.49 1.01 1.01 1.01 1.01 1.00 1.00
1.14 1.14 1.14 1.13 1.13 1.13 1.13 1.13 1.13 1.12 1.12 1.12 1.12 1.12 1.12 1.12 1.11 1.11 1.11 1.11 1.11 1.11 1.11 1.10 1.10 1.10 1.10 1.10 1.10 1.10 1.09 1.09 1.09 1.09 1.09 1.08 1.08 1.08 1.08 1.08 1.08 1.07 1.07 1.07 1.07 1.07 1.06 1.06 1.06 1.06 1.06 1.05 1.05 1.05 1.05 1.05 1.04 1.04 1.04 1.04 1.04 1.04 1.03 1.03 1.03 1.03 1.03 1.03 1.03 1.50 1.02 1.02 1.02 1.49 1.02 1.02 1.01 1.01 1.01 1.01 1.01 1.00 1.00 1.00
1.14 1.13 1.13 1.13 1.13 1.13 1.13 1.13 1.12 1.12 1.12 1.12 1.12 1.12 1.12 1.11 1.11 1.11 1.11 1.11 1.11 1.11 1.10 1.10 1.10 1.10 1.10 1.10 1.09 1.09 1.09 1.09 1.09 1.09 1.08 1.08 1.08 1.08 1.08 1.07 1.07 1.07 1.07 1.07 1.06 1.06 1.06 1.06 1.06 1.05 1.05 1.54 1.05 1.05 1.04 1.04 1.04 1.04 1.04 1.04 1.03 1.03 1.03 1.03 1.03 1.03 1.03 1.02 1.02 1.02 1.02 1.02 1.02 1.02 1.01 1.01 1.01 1.01 1.01 1.01 1.00 1.00 1.00 1.00
1.13 1.13 1.13 1.13 1.13 1.13 1.12 1.12 1.12 1.12 1.12 1.12 1.12 1.11 1.11 1.11 1.11 1.11 1.11 1.11 1.10 1.10 1.10 1.10 1.10 1.10 1.10 1.09 1.09 1.09 1.09 1.09 1.08 1.08 1.08 1.08 1.08 1.08 1.07 1.07 1.07 1.07 1.07 1.06 1.06 1.06 1.06 1.06 1.05 1.05 1.05 1.05 1.05 1.04 1.04 1.04 1.04 1.04 1.03 1.03 1.03 1.03 1.03 1.03 1.03 1.02 1.02 1.02 1.02 1.02 1.49 1.02 1.01 1.01 1.01 1.01 1.01 1.01 1.00 1.00 1.00 1.00 1.00 0.99
1.13 1.13 1.13 1.13 1.13 1.12 1.12 1.12 1.12 1.12 1.12 1.11 1.11 1.11 1.11 1.63 1.11 1.11 1.10 1.10 1.10 1.10 1.10 1.10 1.10 1.09 1.09 1.09 1.09 1.09 1.09 1.08 1.08 1.08 1.08 1.08 1.07 1.07 1.07 1.07 1.07 1.06 1.06 1.06 1.06 1.06 1.05 1.05 1.05 1.05 1.05 1.04 1.04 1.04 1.04 1.04 1.04 1.03 1.03 1.03 1.03 1.03 1.50 1.02 1.02 1.02 1.02 1.02 1.02 1.02 1.49 1.01 1.01 1.01 1.01 1.01 1.00 1.00 1.00 1.00 1.00 0.99 0.99 1.45
1.13 1.13 1.13 1.13 1.12 1.12 1.12 1.12 1.12 1.12 1.11 1.11 1.11 1.11 1.11 1.11 1.11 1.10 1.10 1.10 1.10 1.10 1.10 1.10 1.09 1.09 1.09 1.09 1.09 1.09 1.08 1.08 1.08 1.08 1.08 1.07 1.07 1.07 1.07 1.07 1.06 1.06 1.06 1.06 1.06 1.05 1.05 1.05 1.05 1.05 1.04 1.04 1.04 1.04 1.04 1.03 1.03 1.03 1.03 1.03 1.03 1.02 1.02 1.02 1.02 1.02 1.02 1.02 1.01 1.01 1.01 1.01 1.01 1.01 1.00 1.00 1.00 1.00 1.00 1.00 0.99 0.99 0.99 0.99
1.13 1.13 1.12 1.12 1.12 1.12 1.12 1.12 1.12 1.11 1.11 1.11 1.11 1.62 1.11 1.10 1.10 1.10 1.10 1.10 1.10 1.10 1.09 1.09 1.09 1.09 1.09 1.09 1.08 1.08 1.08 1.08 1.08 1.08 1.07 1.07 1.07 1.07 1.07 1.06 1.06 1.06 1.06 1.06 1.05 1.05 1.05 1.05 1.05 1.04 1.04 1.04 1.04 1.04 1.03 1.03 1.03 1.03 1.03 1.02 1.02 1.02 1.02 1.02 1.02 1.02 1.01 1.01 1.01 1.01 1.01 1.01 1.01 1.47 1.00 1.00 1.00 1.00 0.99 0.99 0.99 0.99 0.99 0.98
1.13 1.12 1.12 1.12 1.12 1.12 1.12 1.11 1.11 1.11 1.11 1.11 1.11 1.11 1.10 1.62 1.10 1.10 1.10 1.10 1.10 1.60 1.09 1.09 1.09 1.09 1.09 1.08 1.08 1.08 1.58 1.08 1.07 1.07 1.07 1.07 1.07 1.07 1.06 1.06 1.06 1.06 1.06 1.05 1.05 1.05 1.05 1.04 1.04 1.04 1.04 1.04 1.03 1.03 1.03 1.03 1.03 1.03 1.02 1.02 1.02 1.02 1.02 1.02 1.49 1.01 1.01 1.01 1.01 1.01 1.01 1.00 1.00 1.00 1.00 1.00 1.00 0.99 0.99 0.99 0.99 0.98 0.98 0.98
1.12 1.12 1.12 1.12 1.12 1.12 1.11 1.11 1.11 1.11 1.11 1.11 1.11 1.10 1.10 1.10 1.10 1.10 1.10 1.09 1.09 1.60 1.09 1.09 1.09 1.09 1.08 1.08 1.08 1.08 1.58 1.07 1.07 1.07 1.07 1.07 1.06 1.06 1.06 1.06 1.06 1.05 1.05 1.05 1.05 1.05 1.04 1.04 1.04 1.04 1.04 1.03 1.03 1.03 1.03 1.03 1.02 1.02 1.02 1.02 1.02 1.49 1.01 1.01 1.48 1.01 1.01 1.01 1.01 1.00 1.00 1.00 1.00 1.00 1.00 0.99 0.99 0.99 0.99 0.99 0.98 0.98 0.98 0.98
1.12 1.12 1.12 1.12 1.12 1.11 1.11 1.11 1.11 1.11 1.11 1.10 1.10 1.10 1.10 1.10 1.10 1.10 1.60 1.09 1.60 1.09 1.09 1.09 1.08 1.08 1.08 1.08 1.08 1.08 1.07 1.07 1.07 1.07 1.07 1.06 1.06 1.06 1.06 1.06 1.05 1.05 1.05 1.05 1.05 1.04 1.04 1.04 1.04 1.04 1.03 1.03 1.03 1.03 1.03 1.02 1.02 1.02 1.02 1.02 1.02 1.01 1.01 1.01 1.01 1.01 1.01 1.00 1.00 1.00 1.00 1.00 1.00 1.00 0.99 0.99 0.99 0.99 0.99 0.98 0.98 0.98 0.98 0.97
1.12 1.12 1.12 1.12 1.11 1.11 1.11 1.11 1.11 1.11 1.10 1.10 1.10 1.10 1.10 1.10 1.10 1.60 1.09 1.09 1.09 1.09 1.09 1.08 1.08 1.08 1.08 1.08 1.08 1.07 1.07 1.57 1.07 1.07 1.06 1.06 1.06 1.06 1.06 1.05 1.05 1.05 1.05 1.05 1.04 1.04 1.04 1.04 1.04 1.03 1.03 1.03 1.03 1.03 1.02 1.02 1.02 1.02 1.02 1.01 1.01 1.01 1.01 1.01 1.01 1.01 1.00 1.00 1.00 1.00 1.00 1.00 0.99 0.99 0.99 0.99 0.99 0.99 0.98 0.98 0.98 0.98 0.97 0.97
1.12 1.12 1.12 1.11 1.11 1.11 1.11 1.11 1.11 1.10 1.10 1.10 1.10 1.10 1.10 1.09 1.60 1.60 1.09 1.09 1.09 1.09 1.08 1.08 1.08 1.58 1.58 1.08 1.07 1.07 1.57 1.07 1.07 1.06 1.06 1.06 1.06 1.06 1.05 1.05 1.05 1.05 1.05 1.04 1.04 1.04 1.04 1.04 1.03 1.03 1.03 1.03 1.03 1.02 1.02 1.02 1.02 1.02 1.01 1.01 1.01 1.01 1.01 1.01 1.00 1.00 1.00 1.00 1.00 1.00 1.00 0.99 0.99 0.99 0.99 0.99 0.98 0.98 0.98 0.98 0.98 0.97 0.97 1.42
1.12 1.12 1.11 1.11 1.11 1.11 1.11 1.11 1.10 1.10 1.10 1.10 1.10 1.61 1.61 1.09 1.60 1.09 3.63 3.62 1.09 1.08 1.59 1.08 1.08 1.08 3.59 3.58 3.57 1.07 1.07 1.07 1.06 1.06 1.06 1.06 1.06 1.05 1.05 1.05 1.05 1.05 1.04 1.04 1.04 1.04 1.04 1.03 1.03 1.03 1.03 1.03 1.02 1.02 1.02 1.02 1.02 1.01 1.48 1.01 1.01 1.01 1.01 1.00 1.00 1.00 1.00 1.00 1.00 0.99 1.46 1.45 0.99 0.99 0.99 0.98 0.98 0.98 0.98 0.98 0.97 0.97 0.97 0.97
1.12 1.11 1.11 1.11 1.11 1.11 1.11 1.10 1.10 1.10 1.10 1.10 1.61 1.61 1.09 1.09 1.09 3.30 3.62 4.27 3.61 1.08 1.08 1.08 1.58 3.59 3.58 3.57 3.57 4.20 3.55 1.56 1.06 1.06 1.06 1.06 1.05 1.05 1.05 1.05 1.05 1.04 1.04 1.04 1.04 1.04 1.03 1.03 1.51 1.51 1.03 1.02 1.02 1.02 1.02 1.02 1.01 1.01 1.01 1.01 1.01 1.01 1.00 1.00 1.00 1.00 1.46 1.00 0.99 0.99 1.45 1.45 0.99 0.99 0.98 0.98 0.98 0.98 0.98 0.97 0.97 0.97 0.97 0.96
1.11 1.11 1.63 1.11 1.11 1.11 1.10 1.10 1.10 1.10 1.10 1.10 1.09 1.09 1.09 3.31 3.30 3.30 4.27 1.59 1.59 1.58 1.58 1.58 3.59 3.58 3.57 3.57 1.57 3.56 3.23 1.56 1.56 1.06 1.06 1.05 1.05 1.05 1.05 1.05 1.04 1.04 1.04 1.04 1.04 1.03 1.03 1.03 1.03 1.03 1.02 1.02 1.02 1.02 1.02 1.01 1.01 1.01 1.01 1.01 1.01 1.00 1.00 1.00 1.00 1.00 1.00 0.99 0.99 0.99 1.45 1.45 0.99 0.98 0.98 0.98 0.98 0.98 0.97 0.97 0.97 0.97 0.96 0.96
1.11 1.11 1.11 1.11 1.11 1.10 1.10 1.10 1.10 1.10 1.10 1.09 3.32 3.64 3.31 3.30 3.30 1.28 3.61 1.59 1.58 1.58 1.58 1.58 3.58 3.57 3.57 3.56 3.56 3.23 1.56 1.56 1.06 1.06 1.06 1.05 1.05 1.05 1.05 1.05 1.04 1.04 1.04 1.04 1.03 1.03 1.03 1.03 1.03 1.02 1.02 1.02 1.02 1.02 1.01 1.01 1.01 1.01 1.01 1.01 1.00 1.00 1.00 1.00 1.00 1.00 0.99 0.99 0.99 1.45 1.45 1.45 1.44 0.98 0.98 0.98 0.98 0.97 0.97 0.97 0.97 0.97 0.96 0.96
1.11 1.11 1.11 1.11 1.11 1.10 1.62 1.61 1.10 1.10 1.09 1.09 1.09 3.63 3.63 3.62 3.62 1.28 3.61 3.60 1.58 1.08 1.08 3.58 3.58 3.57 3.56 4.20 3.37 1.56 1.56 1.55 1.06 1.06 1.05 1.05 1.05 1.05 1.05 1.04 1.04 1.04 1.04 1.04 1.03 1.03 1.03 1.03 1.02 1.02 1.02 1.02 1.02 1.01 1.01 1.01 1.01 1.01 1.01 1.00 1.00 1.00 1.00 1.00 1.00 0.99 0.99 0.99 0.99 3.13 1.45 1.44 0.98 0.98 0.98 0.98 1.43 0.97 0.97 0.97 0.97 0.96 0.96 0.96
1.63 1.11 1.11 1.11 1.10 1.10 1.10 1.10 1.61 1.61 1.09 1.09 1.09 3.63 3.62 3.62 3.61 4.26 1.59 1.58 1.08 3.59 3.58 3.58 3.57 3.57 4.20 1.07 1.06 1.56 1.56 1.06 1.06 1.05 1.05 1.05 1.05 1.05 1.04 1.04 1.04 1.04 1.04 1.52 1.51 1.03 1.03 1.03 1.02 1.02 1.02 1.02 1.02 1.01 1.01 1.01 1.01 1.01 1.00 1.47 1.00 1.00 1.00 1.00 1.00 0.99 0.99 0.99 0.99 0.99 0.99 0.98 0.98 0.98 0.98 0.98 0.97 0.97 0.97 0.97 0.97 0.96 0.96 0.96
1.11 1.11 1.11 1.10 1.10 1.61 1.10 1.61 1.61 1.09 1.09 1.09 1.09 3.30 3.29 3.61 4.26 1.59 1.58 1.58 1.08 1.07 1.57 4.22 4.21 3.56 4.19 1.06 1.56 1.56 1.06 1.06 1.06 1.54 1.05 1.05 1.05 1.05 1.04 1.53 1.52 1.04 1.03 1.03 1.03 1.03 1.03 1.02 1.02 1.02 1.02 1.02 1.01 1.01 1.01 1.01 1.01 1.01 1.00 1.00 1.00 1.00 1.00 1.00 0.99 0.99 0.99 0.99 0.99 0.99 0.98 0.98 0.98 0.98 0.98 0.98 0.97 0.97 0.97 0.97 0.97 0.96 0.96 0.96
1.11 1.11 1.11 1.10 1.10 1.10 1.10 1.10 1.09 1.09 1.09 1.09 3.30 3.30 3.29 3.61 4.26 3.28 1.58 3.41 1.58 1.07 1.07 4.21 4.20 4.20 4.19 1.06 1.06 1.06 1.06 1.06 1.05 1.05 1.05 1.05 1.05 1.04 1.53 1.53 1.04 1.52 1.03 1.03 1.03 1.03 1.03 1.02 1.02 1.02 1.02 1.02 1.01 1.01 1.01 1.01 1.01 1.00 1.00 1.00 1.00 1.00 1.00 1.00 0.99 0.99 0.99 0.99 0.99 0.99 0.98 0.98 0.98 0.98 0.98 0.98 0.97 0.97 0.97 0.97 0.96 0.96 0.96 0.96
1.11 1.11 1.10 1.10 1.10 1.10 1.10 1.10 1.09 1.60 1.09 1.09 3.30 3.29 4.26 4.26 3.28 3.60 3.59 1.58 1.58 1.07 1.07 4.21 4.20 4.19 4.19 1.56 1.06 1.06 1.06 1.05 1.05 1.05 1.05 1.05 1.53 1.53 1.53 1.52 1.52 1.03 1.03 1.03 1.51 1.51 1.02 1.02 1.02 1.49 1.02 1.01 1.01 1.01 1.01 1.01 1.01 1.00 1.00 1.00 1.00 1.00 1.00 0.99 0.99 0.99 0.99 0.99 0.99 0.99 0.98 0.98 0.98 0.98 0.98 0.97 0.97 0.97 0.97 0.97 0.96 0.96 0.96 0.96
1.11 1.11 1.10 1.10 1.10 1.10 1.10 1.09 1.60 1.09 1.60 1.09 1.09 3.62 4.26 4.25 3.28 3.59 3.59 3.26 1.07 1.07 1.07 1.07 4.20 4.19 3.23 1.56 1.55 1.06 1.06 1.05 1.54 1.05 1.05 1.05 1.53 1.53 1.53 1.52 1.52 1.52 1.03 1.51 3.43 3.42 1.02 1.02 1.02 1.02 1.02 1.01 1.01 1.01 1.01 1.01 1.01 1.00 1.00 1.00 1.00 1.00 1.00 0.99 0.99 0.99 0.99 0.99 0.99 0.98 0.98 0.98 0.98 0.98 0.98 0.97 0.97 0.97 0.97 0.97 0.96 0.96 0.96 0.96
1.11 1.11 1.10 1.10 1.10 1.10 1.10 1.09 1.60 1.09 1.09 1.09 1.59 3.60 4.26 4.25 3.60 3.59 3.59 3.26 1.07 1.07 1.07 3.24 3.23 4.19 1.56 1.06 1.06 1.06 1.06 1.54 1.54 1.54 1.05 1.05 1.53 1.04 1.52 1.52 1.52 1.03 1.03 3.43 3.42 1.03 1.02 1.02 1.02 1.02 1.02 1.01 1.01 1.01 1.01 1.01 1.00 1.00 1.00 1.00 1.00 1.00 1.00 0.99 0.99 0.99 0.99 3.13 3.12 0.98 0.98 0.98 0.98 0.98 0.98 0.97 0.97 0.97 0.97 0.97 0.97 0.96 0.96 0.96
1.11 1.10 1.10 1.10 1.10 1.10 1.10 1.09 1.09 1.60 1.60 1.09 1.08 3.59 4.23 4.23 3.58 3.59 3.58 3.26 3.25 3.57 3.24 3.56 3.55 3.55 1.06 3.53 1.06 1.06 1.05 1.54 1.54 1.05 1.05 1.04 1.04 1.04 1.04 1.04 3.45 3.44 3.44 1.03 1.03 1.02 1.02 1.02 1.02 1.02 1.49 1.01 1.01 1.01 1.01 1.01 1.00 1.00 1.00 1.00 1.00 1.00 1.00 3.15 3.14 3.14 3.13 3.13 3.12 3.12 3.11 3.11 3.10 3.10 3.09 0.98 0.97 0.97 0.97 0.97 0.97 0.96 0.96 0.96
1.11 1.10 1.10 1.10 1.10 1.10 1.09 1.09 1.09 1.09 1.09 1.09 1.08 3.59 4.23 4.23 3.58 3.57 3.57 3.56 3.25 3.24 3.56 4.19 3.23 1.06 1.06 1.06 1.06 1.06 1.05 1.54 1.54 1.05 1.05 3.48 1.04 1.04 1.04 3.45 3.45 3.44 3.43 1.03 1.51 1.02 1.02 1.50 1.02 1.02 1.01 1.01 1.01 1.01 1.01 1.01 1.00 1.00 1.00 1.00 1.00 1.00 1.00 3.15 3.14 3.14 3.13 3.13 3.12 3.12 3.11 3.11 1.44 1.44 1.43 0.98 0.97 0.97 0.97 0.97 0.97 0.97 0.96 0.96
1.11 1.10 1.10 1.10 1.10 1.10 1.60 1.09 1.60 1.09 1.59 1.09 1.08 3.59 3.59 1.27 4.22 3.57 3.57 3.56 3.56 3.55 3.24 3.54 3.23 3.54 1.06 1.06 1.06 1.06 3.51 3.19 3.18 3.49 3.17 3.17 3.47 1.04 1.04 3.45 3.45 1.03 1.03 1.51 1.50 1.02 1.02 1.02 1.02 1.02 1.01 1.01 1.01 3.36 1.01 1.48 1.00 1.00 1.00 1.00 1.00 1.00 1.00 3.15 3.14 3.14 3.13 1.45 1.45 3.12 0.98 0.98 0.98 1.44 0.98 0.98 0.98 0.97 0.97 0.97 0.97 1.42 1.42 1.41
1.11 1.10 1.10 1.10 1.10 1.10 1.09 1.09 1.09 1.09 1.09 1.09 1.59 3.28 3.28 3.27 4.22 3.57 1.07 1.07 3.55 3.24 1.07 1.07 3.53 3.22 3.52 1.06 1.06 3.52 3.51 3.19 3.50 3.49 3.48 3.17 3.16 3.47 1.04 3.45 1.03 1.51 1.03 1.03 1.03 1.02 1.02 3.40 3.39 3.39 3.38 3.38 3.98 3.37 3.36 1.48 1.00 1.00 1.00 1.00 1.00 1.00 1.00 1.46 3.14 1.45 0.99 0.99 3.13 1.45 3.12 3.11 0.98 0.98 0.98 0.98 0.98 0.98 0.97 0.97 0.97 0.97 0.97 0.97
1.10 1.10 1.61 1.10 1.10 1.61 1.09 1.09 1.09 1.09 1.09 1.59 1.59 3.28 3.28 3.58 4.22 1.07 1.07 1.07 3.55 3.24 1.07 1.07 3.53 3.53 3.52 3.52 3.51 3.50 3.50 3.19 3.50 3.49 3.48 3.48 3.47 3.46 3.46 3.14 3.45 3.44 3.43 1.03 1.03 1.02 1.02 1.02 3.40 3.39 3.38 3.38 3.37 3.37 1.01 1.48 1.47 3.18 1.00 1.00 1.00 1.46 1.00 0.99 1.46 0.99 0.99 0.99 1.45 0.99 0.99 0.98 0.98 0.98 0.98 0.98 0.98 0.98 0.98 0.97 0.97 0.97 0.97 0.97
