New_Model_Runs/3_scn2_noclimate_out/post_prcessed_with_MFR/Monthly_summaries/actual_et_monthly_MAR.asc
NCOLS 700
NROWS 400
XLLCENTER 515000.000000
YLLCENTER 8409000.000000
CELLSIZE 50.000000
NODATA_value -999.000000
[rows 228 to 265 of 400, columns 252 to 335 of 700]
1.07 1.07 1.07 1.06 1.06 1.54 1.05 1.04 1.52 1.52 1.03 3.24 1.49 1.01 1.48 1.00 1.00 0.99 0.99 0.99 0.98 0.98 0.98 0.98 0.98 0.98 0.99 1.45 1.00 1.00 1.48 3.38 3.41 3.43 3.45 3.47 1.05 1.06 1.06 1.07 4.21 4.23 1.08 1.09 1.09 1.09 3.48 1.10 1.62 1.63 1.63 4.38 1.64 1.13 2.57 1.34 2.59 2.59 4.52 4.54 3.52 3.70 3.72 1.18 1.19 4.69 4.72 0.00 4.77 0.00 0.00 0.00 0.00 0.00 0.00 0.00 0.00 0.00 0.00 0.00 0.00 0.00 0.00 0.00
1.07 1.07 1.06 1.06 1.06 1.05 1.05 1.04 1.04 3.44 1.51 1.50 1.49 1.48 1.48 1.00 1.00 0.99 0.99 0.99 0.99 0.98 0.98 0.98 0.99 0.99 0.99 1.00 1.00 1.01 1.01 1.02 1.03 1.03 1.04 1.05 1.05 1.06 1.07 1.07 4.23 3.59 4.27 4.29 4.30 1.10 1.10 1.11 1.11 1.12 2.56 4.42 2.57 2.58 4.47 4.49 1.35 4.53 1.16 3.88 4.60 4.62 3.93 3.96 4.70 0.00 0.00 0.00 0.00 0.00 0.00 0.00 0.00 0.00 0.00 0.00 0.00 0.00 0.00 0.00 0.00 0.00 0.00 0.00
1.07 1.07 1.06 1.06 1.05 1.05 1.04 1.04 1.03 1.03 1.50 1.50 1.49 1.48 1.01 1.00 1.00 1.46 1.46 3.13 0.99 1.45 0.99 0.99 0.99 0.99 1.00 1.00 1.01 1.01 1.02 1.03 1.03 1.04 1.05 1.05 1.06 1.07 1.07 1.08 4.26 4.28 2.30 1.29 4.33 4.35 1.11 1.11 1.12 0.34 2.57 4.44 1.34 1.34 2.59 3.48 3.65 3.51 1.71 3.90 4.63 4.65 4.63 4.71 4.74 0.00 0.00 0.00 0.00 0.00 0.00 0.00 0.00 0.00 0.00 0.00 0.00 0.00 0.00 0.00 0.00 0.00 0.00 0.00
1.07 1.06 1.06 1.06 1.05 1.05 1.04 1.04 1.03 1.03 1.02 3.40 1.02 1.01 1.01 1.47 1.47 3.16 1.46 1.46 0.99 0.99 0.99 0.99 1.00 1.00 1.00 1.01 1.01 1.02 1.02 1.03 1.04 1.05 1.05 1.06 1.56 1.07 1.08 1.08 4.28 4.30 4.32 2.53 4.35 4.37 1.32 2.56 1.12 1.33 3.43 3.79 3.46 4.50 4.52 3.85 3.87 4.59 4.61 3.73 4.66 4.68 4.59 0.00 0.00 0.00 0.00 0.00 0.00 0.00 0.00 4.95 0.00 0.00 0.00 0.00 0.00 0.00 0.00 0.00 0.00 0.00 0.00 0.00
1.07 1.06 1.06 1.05 1.05 1.05 1.04 1.04 1.03 1.03 1.02 3.40 3.39 1.01 1.01 3.35 1.47 3.33 1.46 1.46 1.00 1.00 1.00 1.00 1.00 1.00 1.01 1.01 1.02 1.02 1.03 1.04 1.04 1.05 1.06 1.06 1.07 1.08 1.08 1.09 3.32 4.32 4.34 2.32 2.55 2.55 2.56 1.33 4.44 1.34 3.45 3.62 4.51 2.60 4.55 4.57 4.59 4.62 4.64 3.95 3.78 4.67 4.61 3.68 0.00 0.00 0.00 0.00 0.00 0.00 0.00 4.99 0.00 0.00 0.00 0.00 0.00 0.00 0.00 0.00 0.00 0.00 0.00 0.00
1.06 1.06 1.06 1.05 1.05 1.05 1.04 1.04 1.03 1.03 1.02 1.02 1.02 1.01 1.01 3.36 3.95 1.47 3.94 1.00 1.00 1.00 1.00 1.00 1.01 1.01 1.01 1.02 1.03 1.51 1.04 1.04 1.05 1.06 1.06 1.07 1.58 1.08 1.09 3.32 4.33 4.35 4.37 2.55 4.40 2.56 4.44 4.45 4.47 1.04 3.47 4.52 1.36 1.37 1.37 1.38 3.92 4.64 4.67 3.98 3.64 4.01 1.78 3.71 0.00 4.87 0.00 0.00 0.00 0.00 5.00 5.03 5.05 0.00 0.00 0.00 0.00 0.00 0.00 0.00 0.00 0.00 0.00 0.00
1.06 1.06 1.06 1.05 1.05 1.53 1.04 1.04 1.03 1.03 1.03 1.02 1.02 1.02 1.01 3.97 3.96 3.05 3.95 1.00 1.47 1.01 1.01 1.01 1.01 1.02 1.02 1.03 1.03 1.52 1.04 1.05 1.06 1.06 1.07 1.08 1.08 1.09 1.10 3.34 4.35 2.54 2.55 1.32 4.43 4.44 4.46 3.45 3.47 3.63 3.65 3.66 3.52 4.59 2.63 1.39 3.94 4.67 3.62 1.76 1.77 4.75 1.79 1.23 4.87 4.90 4.93 0.00 0.00 0.00 0.00 0.00 0.00 0.00 0.00 0.00 0.00 0.00 0.00 0.00 0.00 0.00 0.00 0.00
1.06 1.06 1.06 1.05 1.05 1.04 1.04 1.04 1.03 1.03 1.03 1.02 1.02 1.02 1.02 1.01 1.48 3.06 1.01 1.01 1.01 1.01 0.30 1.02 1.02 1.02 1.03 1.03 1.04 1.05 1.05 1.06 1.06 1.07 1.08 1.08 1.09 1.10 1.10 1.11 1.31 4.39 3.40 3.42 3.43 3.45 3.80 3.47 1.69 3.50 3.86 3.88 3.54 4.62 4.64 4.66 1.40 3.63 3.65 4.72 1.78 1.22 1.23 4.87 4.90 4.93 4.96 0.00 0.00 0.00 0.00 0.00 0.00 0.00 0.00 0.00 0.00 0.00 0.00 0.00 0.00 0.00 0.00 0.00
1.06 1.06 1.05 1.05 1.54 1.53 1.04 1.04 1.03 1.03 1.03 1.03 1.02 1.02 0.31 0.31 1.02 1.49 1.01 1.01 1.02 2.41 4.01 1.02 1.03 1.03 1.04 1.04 1.05 1.05 1.06 1.07 1.07 1.08 1.08 1.09 1.10 1.10 1.11 1.11 1.64 4.42 3.42 3.44 3.45 3.47 3.82 3.83 1.16 3.68 3.88 3.71 3.92 4.64 4.67 4.69 4.71 3.65 1.78 0.00 0.00 0.00 4.87 1.25 0.00 4.96 4.99 0.00 0.00 0.00 0.00 0.00 0.00 0.00 0.00 0.00 0.00 0.00 0.00 0.00 0.00 0.00 0.00 0.00
1.06 1.06 1.05 1.05 1.05 1.05 1.04 1.04 1.04 1.03 1.03 1.03 1.03 1.02 0.31 2.41 0.31 1.02 3.09 1.02 1.21 2.42 2.42 1.03 1.03 1.04 1.04 1.05 1.05 1.06 1.07 1.07 1.08 1.09 1.60 1.10 1.10 1.11 1.11 4.40 4.42 2.57 2.58 1.34 4.50 4.52 4.54 4.56 4.58 1.71 1.72 3.92 3.59 4.68 1.19 1.20 1.77 1.78 4.74 0.00 0.00 0.00 0.00 0.00 0.00 0.00 0.00 0.00 0.00 0.00 0.00 0.00 0.00 0.00 0.00 0.00 0.00 0.00 0.00 0.00 0.00 0.00 0.00 0.00
1.06 1.06 1.05 1.05 1.05 1.05 1.04 1.04 1.04 3.45 1.03 1.03 1.03 1.03 1.03 0.31 0.31 0.31 4.03 4.04 4.04 2.43 2.43 1.04 1.04 1.05 1.05 1.06 1.06 1.07 1.07 1.08 1.59 1.09 1.10 1.62 2.54 2.55 4.41 2.57 4.45 4.47 4.49 4.51 1.36 4.55 4.56 4.58 1.38 3.92 3.58 3.95 3.97 1.20 1.20 1.21 4.55 3.35 4.78 0.00 0.00 0.00 0.00 0.00 0.00 0.00 0.00 0.00 0.00 0.00 0.00 0.00 0.00 0.00 0.00 0.00 0.00 0.00 0.00 0.00 0.00 0.00 0.00 0.00
1.06 1.06 1.06 1.54 1.05 1.05 1.04 1.53 3.46 4.08 3.40 3.40 1.03 1.03 3.26 2.42 4.05 4.05 1.03 1.03 1.03 1.04 4.09 1.04 1.05 1.05 4.16 4.18 4.20 1.07 0.32 1.09 1.09 1.10 1.11 1.11 1.32 2.56 4.43 4.45 1.34 1.35 4.51 1.36 1.37 1.37 4.59 1.38 4.63 4.65 4.67 3.62 1.76 1.20 3.83 4.55 3.35 1.38 4.63 4.64 0.00 0.00 0.00 0.00 0.00 0.00 0.00 0.00 0.00 0.00 0.00 0.00 0.00 0.00 0.00 0.00 0.00 0.00 0.00 0.00 0.00 0.00 0.00 0.00
1.06 1.55 1.55 1.05 1.05 1.05 1.05 1.53 1.04 3.47 3.41 3.40 3.40 0.31 3.45 1.22 4.07 1.03 1.04 1.04 1.04 1.53 1.05 1.05 1.05 1.06 3.37 4.21 4.23 4.26 4.28 1.29 4.33 1.11 1.11 4.40 2.56 3.76 4.46 4.48 4.50 4.52 1.36 1.37 2.62 2.63 4.62 3.93 4.66 3.61 3.99 1.76 4.71 4.73 3.86 4.57 4.61 4.63 4.64 4.66 0.00 0.00 0.00 0.00 0.00 0.00 0.00 0.00 0.00 0.00 0.00 0.00 0.00 0.00 0.00 0.00 0.00 0.00 0.00 0.00 0.00 0.00 0.00 0.00
1.56 1.06 1.06 1.05 1.05 1.05 1.05 1.53 1.04 3.47 3.47 3.41 1.23 1.23 3.46 3.15 1.04 1.04 1.04 1.04 1.05 1.54 1.05 1.06 1.06 1.07 1.07 1.08 1.08 4.28 4.31 2.53 4.35 4.38 4.40 4.42 1.33 4.46 4.48 4.50 4.52 4.54 4.56 1.17 1.72 0.35 1.18 3.76 1.75 3.63 1.76 0.53 4.73 4.56 4.60 4.62 4.63 4.65 4.66 4.68 4.70 0.00 0.00 0.00 0.00 0.00 0.00 0.00 0.00 0.00 0.00 0.00 0.00 0.00 0.00 0.00 0.00 0.00 0.00 0.00 0.00 0.00 0.00 0.00
1.06 1.06 1.06 1.06 1.05 1.05 3.44 1.54 1.53 1.53 3.43 4.10 4.10 4.10 1.23 3.16 1.04 1.05 1.05 1.05 1.05 1.06 1.06 1.06 1.07 1.07 1.08 1.08 1.09 3.32 3.34 4.36 3.70 4.40 3.41 3.43 4.47 2.59 1.68 1.69 1.70 3.87 4.59 1.17 1.73 0.35 1.74 1.75 4.72 3.82 3.99 1.78 3.34 4.60 4.62 4.64 4.65 4.67 4.68 4.70 4.72 4.74 0.00 0.00 0.00 0.00 0.00 0.00 0.00 0.00 0.00 0.00 0.00 0.00 0.00 0.00 0.00 0.00 0.00 0.00 0.00 0.00 0.00 0.00
3.54 1.06 1.06 1.06 1.06 0.32 4.14 1.05 1.05 1.05 3.44 3.17 3.17 3.17 3.18 4.12 3.50 3.50 3.51 3.52 1.06 1.06 1.07 1.07 1.08 1.08 1.09 1.09 3.65 3.66 3.36 3.38 3.40 3.73 3.43 3.45 3.78 4.51 4.53 1.70 1.71 1.71 3.91 4.63 1.18 0.36 1.19 1.20 3.98 1.21 3.86 3.70 4.58 4.62 4.64 4.66 4.67 4.69 4.71 4.72 4.74 4.76 4.77 0.00 0.00 0.00 0.00 0.00 0.00 0.00 0.00 0.00 0.00 0.00 0.00 0.00 0.00 0.00 0.00 0.00 0.00 0.00 0.00 0.00
3.55 3.54 1.56 1.55 1.55 4.15 3.46 4.14 1.05 1.05 4.13 3.19 3.19 3.19 3.51 3.51 3.51 3.52 3.53 3.22 1.06 1.07 1.07 1.08 1.08 1.09 4.29 3.66 3.67 3.68 3.70 3.40 3.42 4.45 3.45 3.47 3.83 3.85 4.56 1.71 1.71 4.62 3.58 4.66 4.68 4.70 1.76 3.83 3.84 3.86 1.80 1.81 4.60 1.38 4.66 4.68 4.69 4.71 4.73 4.74 4.76 4.78 3.42 4.94 0.00 0.00 0.00 0.00 0.00 0.00 0.00 0.00 0.00 0.00 0.00 0.00 0.00 0.00 0.00 0.00 0.00 0.00 0.00 0.00
3.55 3.55 1.06 1.06 3.47 1.25 4.16 3.46 4.15 4.15 4.15 3.51 3.20 3.20 3.52 3.21 3.53 3.22 3.55 3.24 1.07 1.07 1.08 1.08 1.09 1.09 3.33 3.35 1.63 3.70 3.40 3.74 4.45 3.77 3.47 3.49 3.85 1.37 4.58 3.90 3.56 1.18 1.19 1.19 4.71 4.73 1.77 2.69 3.87 1.80 1.81 1.82 1.83 3.36 4.80 1.86 4.72 4.73 4.75 4.76 4.78 4.80 3.43 3.43 0.00 0.00 0.00 0.00 0.00 0.00 0.00 0.00 0.00 0.00 0.00 0.00 0.00 0.00 0.00 0.00 0.00 0.00 0.00 5.70
3.24 1.07 1.06 0.32 4.18 4.17 3.47 4.16 3.53 3.53 3.53 4.16 3.53 3.21 3.54 4.18 4.19 3.56 3.56 3.25 3.26 1.08 1.08 1.09 3.32 1.61 3.67 4.36 4.38 4.41 1.33 4.45 3.77 1.35 3.49 3.82 2.61 2.62 3.55 3.57 3.58 1.19 1.19 1.76 4.73 2.68 2.69 1.79 3.37 3.96 3.93 3.95 1.84 3.37 3.38 4.07 4.09 4.75 4.77 4.78 4.80 4.82 4.83 4.85 0.00 0.00 0.00 0.00 0.00 0.00 0.00 0.00 0.00 0.00 0.00 0.00 0.00 0.00 0.00 0.00 0.00 0.00 0.00 5.72
3.24 0.32 0.32 4.19 4.18 4.18 4.18 4.18 3.54 4.17 4.18 3.48 3.48 3.23 3.23 3.24 3.24 3.57 3.58 3.27 1.08 1.09 1.09 1.09 3.34 3.35 3.69 1.64 1.64 4.43 4.45 4.47 4.49 4.51 4.53 2.62 1.37 1.38 3.57 3.59 3.60 1.19 1.20 0.36 1.43 2.69 2.70 3.37 3.34 3.34 3.95 3.36 3.36 3.38 3.39 4.74 4.11 4.12 4.79 4.81 4.82 4.84 3.44 3.45 4.89 4.90 0.00 0.00 0.00 0.00 0.00 0.00 0.00 0.00 0.00 0.00 0.00 0.00 0.00 0.00 0.00 0.00 0.00 5.75
3.50 3.50 3.50 4.20 3.49 4.19 3.23 4.19 4.19 4.19 3.55 4.19 3.24 3.24 4.21 3.25 3.26 1.58 4.25 3.60 1.09 1.09 1.10 1.10 3.35 3.37 4.39 1.12 1.13 3.76 3.45 4.49 4.51 3.82 4.55 4.57 4.59 4.61 4.65 3.60 3.62 1.20 1.21 2.68 2.69 2.70 4.79 3.33 3.34 3.35 3.36 3.37 3.38 3.39 3.39 3.40 4.78 4.14 4.16 4.83 4.84 4.86 3.44 3.45 3.46 4.93 0.00 0.00 0.00 0.00 0.00 0.00 0.00 0.00 0.00 0.00 0.00 0.00 0.00 0.00 0.00 0.00 0.00 0.00
1.27 3.51 3.50 3.50 4.21 4.20 3.24 1.26 4.20 4.20 3.56 3.57 3.57 3.25 4.23 4.23 1.58 1.59 1.59 3.30 1.09 1.10 1.10 3.35 4.37 3.38 4.41 3.42 3.43 3.45 4.49 4.51 1.36 4.55 4.57 4.59 4.61 4.63 1.40 1.41 4.72 4.02 4.77 2.69 4.77 4.57 4.59 3.34 3.35 0.55 3.37 3.38 4.85 3.39 4.89 3.41 4.80 4.16 4.18 4.85 1.34 1.46 3.45 3.46 3.46 4.95 0.00 0.00 0.00 0.00 0.00 0.00 0.00 0.00 0.00 0.00 0.00 0.00 0.00 0.00 0.00 0.00 0.00 0.00
4.23 4.22 1.27 4.22 3.57 3.25 1.07 1.07 4.22 3.57 3.58 3.40 3.58 3.59 3.42 3.28 4.26 1.59 1.60 3.32 3.33 3.34 3.36 1.11 3.38 3.40 4.42 1.13 1.67 4.49 4.51 4.53 4.55 4.57 4.59 4.61 4.63 4.64 3.94 4.72 1.21 4.77 4.79 3.72 3.94 4.59 1.38 4.75 4.67 3.37 3.37 1.88 0.57 4.77 4.78 4.80 4.82 3.43 4.99 1.96 1.35 3.45 3.46 3.46 3.47 4.97 0.00 0.00 0.00 0.00 0.00 0.00 0.00 0.00 0.00 0.00 0.00 0.00 0.00 0.00 0.00 0.00 0.00 0.00
1.08 4.23 3.26 3.26 3.26 3.26 1.07 1.58 1.58 3.59 3.59 3.41 3.42 1.59 1.59 3.44 3.63 1.60 3.32 3.33 3.34 3.68 3.69 1.64 1.64 4.42 4.44 3.60 3.47 1.68 4.53 4.55 4.57 2.63 2.64 4.63 4.64 4.66 4.68 4.70 4.72 4.73 1.23 1.23 3.33 3.33 3.34 3.36 4.69 1.41 3.38 3.39 3.40 3.41 4.80 3.42 4.84 3.43 3.44 3.45 3.45 3.46 3.46 3.47 4.98 5.00 5.02 0.00 0.00 0.00 0.00 0.00 0.00 0.00 0.00 0.00 0.00 0.00 0.00 0.00 0.00 0.00 0.00 0.00
1.08 1.08 3.27 3.27 3.59 3.27 1.08 1.08 1.58 3.27 3.28 3.28 3.43 3.44 1.60 1.60 1.60 3.65 1.10 3.35 3.68 3.37 3.70 0.34 1.13 4.45 1.34 2.59 2.60 1.36 4.54 1.37 1.38 2.64 1.39 4.64 4.66 4.68 4.70 4.72 4.73 2.70 3.94 1.38 1.38 3.34 3.35 3.35 4.83 3.38 3.39 3.39 3.40 3.41 3.42 3.43 3.43 3.44 3.44 3.45 3.46 4.95 4.97 4.99 5.01 5.02 5.04 0.00 0.00 0.00 0.00 0.00 0.00 0.00 0.00 0.00 0.00 0.00 0.00 0.00 0.00 0.00 0.00 0.00
1.08 1.08 1.08 3.28 3.60 3.60 3.28 1.59 1.59 3.29 3.29 3.29 3.63 3.30 3.31 1.61 1.61 1.10 1.10 1.11 4.37 3.39 1.12 4.42 2.57 2.58 4.48 2.59 2.60 4.54 4.56 4.58 4.60 1.39 1.39 4.66 1.40 4.70 4.71 4.73 4.75 3.32 3.32 3.33 3.34 3.34 3.35 3.36 3.37 4.74 4.76 1.43 1.44 3.42 3.42 3.43 3.44 3.44 3.45 3.46 3.46 4.97 4.99 5.01 5.03 5.05 5.07 5.09 0.00 0.00 0.00 0.00 0.00 0.00 0.00 0.00 0.00 0.00 0.00 0.00 0.00 0.00 0.00 0.00
4.26 0.33 4.26 4.26 4.26 3.29 3.61 4.27 3.62 3.62 3.63 3.63 3.64 3.65 3.47 3.33 3.49 1.62 1.11 1.11 1.32 4.40 1.13 1.13 0.34 2.59 2.59 2.60 1.36 1.37 4.58 4.60 4.62 4.64 1.40 1.40 4.69 4.71 4.73 4.75 4.57 4.58 1.38 4.62 3.34 3.35 3.36 3.37 3.37 4.73 4.78 3.41 1.45 3.42 3.43 3.44 3.44 3.45 3.46 4.27 4.29 3.48 3.48 2.06 5.06 5.08 5.10 5.11 5.13 5.15 0.00 0.00 0.00 0.00 0.00 0.00 0.00 0.00 0.00 0.00 0.00 0.00 0.00 0.00
4.27 3.29 4.27 4.27 4.27 3.62 3.30 3.63 3.30 4.29 3.64 3.32 3.65 3.33 3.67 3.35 3.50 1.11 1.63 1.64 1.12 1.13 1.13 1.13 1.14 0.34 0.35 2.61 1.37 2.62 4.59 4.61 4.63 4.65 4.67 4.69 4.71 4.01 4.75 4.77 4.58 4.60 3.33 3.34 4.65 3.36 3.36 1.41 3.38 4.74 4.92 4.82 4.84 4.86 4.88 4.90 4.92 4.94 4.96 4.98 5.00 5.02 5.04 5.06 5.08 5.10 5.12 5.14 5.16 5.17 5.19 5.21 5.23 5.24 5.26 5.27 5.29 5.30 5.31 5.32 5.33 5.34 5.35 5.36
4.28 3.63 4.28 4.28 3.31 3.63 3.64 3.31 3.32 3.32 3.32 1.10 1.10 1.10 1.62 1.11 1.63 1.63 1.64 1.12 1.13 1.66 1.66 1.67 1.14 1.15 0.35 4.55 1.37 4.59 4.61 4.63 4.65 4.67 4.69 4.71 4.73 4.75 4.77 4.58 3.74 3.76 4.00 3.98 1.87 1.88 1.29 1.90 1.91 3.39 3.40 4.96 4.85 4.87 4.89 4.91 4.93 4.96 4.98 5.00 5.02 5.04 5.06 5.08 5.10 3.52 3.53 3.53 3.54 3.55 3.55 3.56 3.57 3.57 3.58 3.58 3.59 3.59 3.59 3.60 3.60 3.60 3.61 3.61
3.64 3.64 4.29 3.31 3.31 3.64 3.32 3.65 3.33 1.30 1.10 1.10 1.10 1.11 1.11 1.11 1.11 1.12 1.12 1.13 1.13 1.13 1.67 3.62 1.69 0.35 0.35 1.17 1.38 2.64 4.63 4.65 1.40 1.41 1.42 1.42 1.43 4.79 4.61 4.62 4.64 4.66 4.02 4.00 1.88 1.89 1.90 0.39 0.39 3.40 4.79 4.81 4.87 4.89 4.91 4.93 4.95 4.97 5.00 5.02 5.04 5.06 5.08 5.11 5.13 5.15 5.17 3.54 3.55 5.23 5.25 5.27 5.28 5.30 5.31 5.32 5.34 5.35 5.36 5.37 5.38 5.39 5.39 5.40
3.32 3.65 3.65 4.31 3.65 3.33 3.33 3.33 1.30 3.59 4.34 1.11 4.36 1.11 1.11 1.12 3.39 4.41 4.43 1.13 1.13 1.14 1.14 1.15 1.15 1.16 1.71 1.17 0.35 1.73 4.64 4.66 2.67 4.72 1.42 4.76 2.70 4.60 4.62 4.64 1.40 4.68 4.69 3.36 1.41 3.37 3.38 3.39 3.40 3.40 3.41 3.42 3.42 4.91 4.93 4.95 4.97 4.99 5.01 5.04 5.06 5.08 5.10 5.13 5.15 5.17 5.19 3.55 3.56 5.25 5.27 5.29 5.30 5.32 5.33 5.35 5.36 5.37 5.38 5.39 5.40 5.40 5.41 5.42
3.33 3.33 3.33 3.66 3.66 3.34 1.30 1.62 1.30 4.35 1.11 1.63 1.63 4.38 4.39 4.40 3.41 3.42 1.66 0.34 1.14 1.14 1.15 1.15 1.16 1.16 1.17 1.72 1.18 4.64 4.66 4.68 1.41 2.69 4.76 4.78 3.32 0.37 4.64 4.66 4.67 4.69 4.71 1.41 3.37 3.38 3.39 3.40 4.79 4.81 3.41 3.42 3.43 3.43 4.94 4.96 4.99 5.01 5.03 5.05 5.08 5.10 5.12 5.15 5.17 3.54 3.55 3.56 3.56 5.27 0.00 0.00 0.00 0.00 0.00 0.00 0.00 0.00 0.00 0.00 0.00 0.00 0.00 0.00
3.34 3.34 4.33 3.67 3.67 4.34 4.34 1.30 4.36 4.36 1.11 1.11 1.64 3.39 4.41 4.42 3.42 3.43 4.46 4.48 0.34 1.15 1.15 1.16 1.16 1.17 1.17 1.18 1.19 4.65 4.67 4.69 4.71 4.75 4.77 4.60 3.33 1.39 4.65 1.40 4.69 4.71 4.73 1.41 4.73 3.39 3.39 3.40 1.24 4.15 4.84 3.42 4.88 4.90 4.92 4.98 5.00 5.03 5.05 5.07 5.09 3.51 3.52 1.55 5.19 3.55 3.55 3.56 3.57 3.58 0.00 0.00 0.00 0.00 0.00 0.00 0.00 0.00 0.00 0.00 0.00 0.00 0.00 0.00
3.34 3.68 3.68 4.34 4.35 4.35 4.36 3.70 3.70 1.31 0.33 1.12 4.40 1.65 4.42 4.44 1.13 1.13 4.48 1.14 1.15 1.15 1.16 1.16 1.17 1.17 1.18 1.18 1.19 4.67 4.69 4.71 4.73 4.77 4.59 4.61 4.63 4.65 4.67 1.41 4.71 4.72 1.41 4.73 3.38 3.39 4.12 4.13 4.15 4.17 4.19 1.99 2.00 3.44 3.45 3.47 5.02 5.04 5.06 5.09 5.11 1.54 5.16 3.54 3.54 3.55 3.56 3.57 3.58 3.58 3.59 0.00 0.00 0.00 0.00 0.00 0.00 0.00 0.00 0.00 0.00 0.00 0.00 0.00
3.35 3.69 4.35 4.36 4.36 4.37 4.37 3.62 3.63 4.39 1.12 3.74 3.65 1.65 1.13 4.45 1.14 1.14 1.14 1.15 1.15 1.16 1.16 1.17 1.17 1.18 1.18 1.19 1.20 1.40 4.70 1.42 4.74 4.59 4.61 3.33 4.65 4.67 4.68 4.70 4.72 4.74 4.73 1.42 1.43 3.40 3.40 3.41 4.17 4.89 4.91 5.04 3.44 3.45 3.46 3.47 5.04 5.06 5.08 5.10 5.13 3.52 1.55 1.56 3.55 3.56 3.57 3.57 3.58 3.59 3.60 0.00 0.00 0.00 0.00 0.00 0.00 0.00 0.00 0.00 0.00 0.00 5.48 5.48
3.36 3.36 3.37 3.37 4.37 4.38 4.38 4.39 1.64 1.64 1.12 3.56 1.65 1.13 4.46 1.14 1.14 1.14 1.15 1.15 1.16 1.16 1.17 1.17 1.18 1.18 1.19 1.19 0.36 1.41 4.72 4.74 3.30 3.32 3.33 3.33 1.40 4.68 4.70 1.42 1.42 4.76 3.38 3.39 1.43 4.80 4.82 4.87 4.89 4.91 4.93 3.45 3.45 4.95 5.01 3.48 3.49 5.07 5.10 5.12 5.14 3.53 5.19 5.21 3.55 3.56 3.57 3.58 3.59 3.59 3.60 3.61 0.00 0.00 0.00 0.00 0.00 0.00 0.00 0.00 5.48 5.49 3.65 3.65
3.37 3.37 3.71 3.38 3.38 3.72 4.40 3.73 3.74 1.65 1.13 1.65 1.66 1.66 1.34 4.48 1.14 0.34 1.15 1.16 1.16 1.71 1.17 1.18 1.18 1.19 1.19 1.20 2.67 4.77 1.42 1.36 3.31 3.96 4.61 4.63 4.64 4.66 4.05 4.70 1.42 4.74 4.76 1.43 4.80 3.95 5.00 4.89 4.91 4.92 4.94 4.96 3.46 5.00 5.02 1.51 3.49 5.09 5.11 3.52 3.52 5.18 5.21 5.23 5.25 3.57 1.59 5.32 3.59 5.36 0.00 3.61 3.62 0.00 0.00 0.00 0.00 0.00 0.00 5.49 3.65 3.65 3.65 5.51
3.71 3.71 1.64 1.64 3.73 3.73 3.74 3.74 3.75 3.42 1.66 1.66 3.44 3.68 1.35 4.50 4.51 4.53 1.16 1.16 1.16 0.35 0.35 0.35 1.19 1.19 1.20 1.20 1.42 4.74 4.57 3.96 3.97 4.60 4.62 4.64 4.66 4.68 1.41 4.72 4.74 4.76 4.14 4.79 1.95 1.97 1.98 4.90 4.92 4.94 4.96 4.98 5.00 5.02 5.04 3.49 3.49 3.50 5.13 5.15 3.53 5.20 5.22 5.24 5.27 5.29 5.31 5.33 3.59 0.00 0.00 0.00 3.62 3.63 0.00 0.00 0.00 5.48 3.65 3.65 3.65 5.51 5.52 0.00
