New_Model_Runs/3_scn2_noclimate_out/post_prcessed_with_MFR/Monthly_summaries/actual_et_monthly_APR.asc
NCOLS 700
NROWS 400
XLLCENTER 515000.000000
YLLCENTER 8409000.000000
CELLSIZE 50.000000
NODATA_value -999.000000
[rows 228 to 265 of 400, columns 252 to 335 of 700]
0.92 0.92 0.91 0.91 0.91 1.33 0.91 0.90 1.32 1.32 0.90 2.83 1.30 0.89 1.30 0.88 0.88 0.88 0.87 0.87 0.87 0.87 0.87 0.87 0.87 0.87 0.86 1.27 0.87 0.87 1.27 2.90 2.90 2.91 2.92 2.93 0.88 0.88 0.89 0.89 3.51 3.53 0.90 0.90 0.91 0.91 2.90 0.92 1.36 1.36 1.37 3.70 1.39 0.95 2.92 1.14 2.95 2.97 3.87 3.90 3.03 3.18 3.21 1.02 1.03 4.06 4.09 0.00 4.13 0.00 0.00 0.00 0.00 0.00 0.00 0.00 0.00 0.00 0.00 0.00 0.00 0.00 0.00 0.00
0.92 0.92 0.91 0.91 0.91 0.91 0.90 0.90 0.90 2.99 1.31 1.31 1.30 1.30 1.30 0.88 0.88 0.88 0.87 0.87 0.87 0.87 0.87 0.87 0.87 0.87 0.87 0.87 0.87 0.87 0.87 0.87 0.87 0.88 0.88 0.88 0.88 0.89 0.89 0.89 3.53 3.00 3.56 3.57 3.59 0.92 0.92 0.92 0.93 0.93 2.88 3.72 2.90 2.92 3.79 3.82 1.15 3.87 0.99 3.33 3.96 3.99 3.41 3.43 4.07 0.00 0.00 0.00 0.00 0.00 0.00 0.00 0.00 0.00 0.00 0.00 0.00 0.00 0.00 0.00 0.00 0.00 0.00 0.00
0.92 0.91 0.91 0.91 0.91 0.91 0.90 0.90 0.90 0.90 1.31 1.31 1.30 1.30 0.88 0.88 0.88 1.29 1.28 2.77 0.87 1.28 0.87 0.87 0.87 0.87 0.87 0.87 0.87 0.87 0.87 0.87 0.88 0.88 0.88 0.88 0.89 0.89 0.89 0.90 3.54 3.56 2.70 1.08 3.60 3.62 0.92 0.93 0.93 0.28 2.89 3.74 1.13 1.14 2.95 2.96 3.12 3.01 1.47 3.36 3.99 4.02 4.05 4.08 4.11 0.00 0.00 0.00 0.00 0.00 0.00 0.00 0.00 0.00 0.00 0.00 0.00 0.00 0.00 0.00 0.00 0.00 0.00 0.00
0.92 0.91 0.91 0.91 0.91 0.91 0.90 0.90 0.90 0.90 0.89 2.97 0.89 0.89 0.88 1.29 1.29 2.78 1.29 1.28 0.87 0.87 0.87 0.87 0.87 0.87 0.87 0.87 0.87 0.87 0.88 0.88 0.88 0.88 0.88 0.89 1.31 0.89 0.90 0.90 3.56 3.57 3.59 2.82 3.62 3.64 1.10 2.86 0.94 1.12 2.88 3.19 2.92 3.81 3.84 3.28 3.31 3.93 3.96 3.22 4.03 4.06 4.09 0.00 0.00 0.00 0.00 0.00 0.00 0.00 0.00 4.31 0.00 0.00 0.00 0.00 0.00 0.00 0.00 0.00 0.00 0.00 0.00 0.00
0.91 0.91 0.91 0.91 0.91 0.90 0.90 0.90 0.90 0.90 0.89 2.97 2.96 0.89 0.88 2.94 1.29 2.93 1.29 1.29 0.88 0.87 0.87 0.87 0.87 0.87 0.87 0.87 0.88 0.88 0.88 0.88 0.88 0.89 0.89 0.89 0.89 0.90 0.90 0.91 2.76 3.59 3.61 2.72 2.84 2.85 2.87 1.11 3.72 1.12 2.90 3.05 3.81 2.97 3.87 3.90 3.93 3.96 4.00 3.41 3.27 4.10 4.13 3.21 0.00 0.00 0.00 0.00 0.00 0.00 0.00 4.34 0.00 0.00 0.00 0.00 0.00 0.00 0.00 0.00 0.00 0.00 0.00 0.00
0.91 0.91 0.91 0.91 0.91 0.90 0.90 0.90 0.90 0.90 0.89 0.89 0.89 0.89 0.89 2.95 3.47 1.29 3.46 0.88 0.88 0.88 0.88 0.88 0.88 0.88 0.88 0.88 0.88 1.29 0.88 0.89 0.89 0.89 0.89 0.90 1.32 0.90 0.91 2.76 3.60 3.61 3.63 2.84 3.66 2.87 3.70 3.72 3.74 0.87 2.92 3.82 1.15 1.16 1.17 1.18 3.36 4.00 4.03 3.44 3.16 3.50 1.55 3.23 0.00 4.25 0.00 0.00 0.00 0.00 4.36 4.38 4.39 0.00 0.00 0.00 0.00 0.00 0.00 0.00 0.00 0.00 0.00 0.00
0.91 0.91 0.91 0.91 0.91 1.33 0.90 0.90 0.90 0.90 0.89 0.89 0.89 0.89 0.89 3.48 3.48 2.68 3.47 0.88 1.29 0.88 0.88 0.88 0.88 0.88 0.88 0.88 0.88 1.30 0.89 0.89 0.89 0.90 0.90 0.90 0.90 0.91 0.91 2.78 3.62 2.84 2.85 1.10 3.69 3.71 3.73 2.89 2.91 3.06 3.08 3.10 2.99 3.90 3.03 1.19 3.39 4.03 3.13 1.53 1.54 4.17 1.57 1.08 4.26 4.29 4.31 0.00 0.00 0.00 0.00 0.00 0.00 0.00 0.00 0.00 0.00 0.00 0.00 0.00 0.00 0.00 0.00 0.00
0.91 0.91 0.91 0.91 0.91 0.90 0.90 0.90 0.90 0.90 0.90 0.89 0.89 0.89 0.89 0.89 1.30 2.68 0.88 0.88 0.88 0.88 0.26 0.88 0.88 0.88 0.89 0.89 0.89 0.89 0.89 0.89 0.90 0.90 0.90 0.91 0.91 0.91 0.92 0.92 1.09 3.66 2.84 2.85 2.86 2.88 3.18 2.91 1.42 2.95 3.26 3.29 3.01 3.93 3.97 4.00 1.21 3.13 3.16 4.13 1.55 1.07 1.08 4.27 4.30 4.32 4.35 0.00 0.00 0.00 0.00 0.00 0.00 0.00 0.00 0.00 0.00 0.00 0.00 0.00 0.00 0.00 0.00 0.00
0.91 0.91 0.91 0.91 1.33 1.33 0.90 0.90 0.90 0.90 0.90 0.90 0.89 0.89 0.27 0.27 0.89 1.30 0.89 0.89 0.89 2.74 3.49 0.89 0.89 0.89 0.89 0.89 0.89 0.90 0.90 0.90 0.90 0.91 0.91 0.91 0.92 0.92 0.92 0.93 1.37 3.69 2.86 2.87 2.89 2.90 3.21 3.23 0.97 3.10 3.29 3.15 3.34 3.97 4.00 4.03 4.07 3.16 1.54 0.00 0.00 0.00 4.27 1.09 0.00 4.36 4.38 0.00 0.00 0.00 0.00 0.00 0.00 0.00 0.00 0.00 0.00 0.00 0.00 0.00 0.00 0.00 0.00 0.00
0.91 0.91 0.91 0.91 0.91 0.91 0.90 0.90 0.90 0.90 0.90 0.90 0.90 0.89 0.27 2.76 0.27 0.89 2.70 0.89 1.05 2.75 2.75 0.89 0.89 0.89 0.89 0.90 0.90 0.90 0.90 0.91 0.91 0.91 1.34 0.92 0.92 0.93 0.93 3.68 3.69 2.89 2.90 1.13 3.77 3.79 3.81 3.84 3.86 1.45 1.46 3.34 3.06 4.00 1.03 1.03 1.53 1.54 4.17 0.00 0.00 0.00 0.00 0.00 0.00 0.00 0.00 0.00 0.00 0.00 0.00 0.00 0.00 0.00 0.00 0.00 0.00 0.00 0.00 0.00 0.00 0.00 0.00 0.00
0.91 0.91 0.91 0.91 0.91 0.91 0.91 0.90 0.90 3.00 0.90 0.90 0.90 0.90 0.90 0.27 0.27 0.27 3.51 3.51 3.51 2.76 2.76 0.90 0.90 0.90 0.90 0.90 0.90 0.91 0.91 0.91 1.34 0.92 0.92 1.36 2.85 2.86 3.69 2.88 3.72 3.74 3.76 3.78 1.14 3.82 3.84 3.87 1.17 3.32 3.04 3.37 3.39 1.03 1.03 1.04 4.12 3.14 4.20 0.00 0.00 0.00 0.00 0.00 0.00 0.00 0.00 0.00 0.00 0.00 0.00 0.00 0.00 0.00 0.00 0.00 0.00 0.00 0.00 0.00 0.00 0.00 0.00 0.00
0.91 0.91 0.91 1.34 0.91 0.91 0.91 1.33 3.01 3.55 3.17 3.16 0.90 0.90 2.84 2.77 3.53 3.53 0.90 0.90 0.90 0.90 3.54 0.90 0.90 0.90 3.56 3.57 3.58 0.91 0.27 0.92 0.92 0.93 0.93 0.93 1.11 2.88 3.72 3.73 1.13 1.13 3.79 1.14 1.15 1.16 3.88 1.17 3.92 3.95 3.98 3.09 1.51 1.03 3.30 4.12 3.14 1.26 4.23 4.26 0.00 0.00 0.00 0.00 0.00 0.00 0.00 0.00 0.00 0.00 0.00 0.00 0.00 0.00 0.00 0.00 0.00 0.00 0.00 0.00 0.00 0.00 0.00 0.00
0.92 1.34 1.34 0.91 0.91 0.91 0.91 1.33 0.91 3.02 3.18 3.17 3.17 0.27 3.00 1.06 3.54 0.90 0.90 0.90 0.90 1.32 0.90 0.91 0.91 0.91 2.88 3.59 3.60 3.61 3.62 1.09 3.65 0.93 0.94 3.70 2.89 3.16 3.75 3.76 3.78 3.80 1.15 1.15 2.98 3.00 3.91 3.33 3.96 3.07 3.40 1.51 4.07 4.10 3.33 4.15 4.19 4.22 4.26 4.29 0.00 0.00 0.00 0.00 0.00 0.00 0.00 0.00 0.00 0.00 0.00 0.00 0.00 0.00 0.00 0.00 0.00 0.00 0.00 0.00 0.00 0.00 0.00 0.00
1.34 0.91 0.91 0.91 0.91 0.91 0.91 1.33 0.91 3.02 3.02 3.18 1.07 1.07 3.01 2.74 0.90 0.90 0.91 0.91 0.91 1.33 0.91 0.91 0.91 0.91 0.92 0.92 0.92 3.64 3.65 2.86 3.68 3.69 3.71 3.72 1.12 3.76 3.77 3.79 3.81 3.83 3.85 0.98 1.45 0.30 1.00 3.19 1.49 3.10 1.51 0.46 4.10 4.12 4.16 4.19 4.22 4.25 4.29 4.32 4.35 0.00 0.00 0.00 0.00 0.00 0.00 0.00 0.00 0.00 0.00 0.00 0.00 0.00 0.00 0.00 0.00 0.00 0.00 0.00 0.00 0.00 0.00 0.00
0.92 0.92 0.92 0.91 0.91 0.91 3.20 1.34 1.33 1.33 3.19 3.57 3.57 3.57 1.07 2.75 0.91 0.91 0.91 0.91 0.91 0.91 0.91 0.92 0.92 0.92 0.92 0.92 0.93 2.82 2.83 3.69 3.14 3.72 2.88 2.89 3.77 2.93 1.42 1.43 1.43 3.27 3.88 0.99 1.46 0.30 1.48 1.49 4.02 3.26 3.45 1.53 3.12 4.16 4.19 4.22 4.25 4.28 4.31 4.35 4.38 4.41 0.00 0.00 0.00 0.00 0.00 0.00 0.00 0.00 0.00 0.00 0.00 0.00 0.00 0.00 0.00 0.00 0.00 0.00 0.00 0.00 0.00 0.00
3.06 0.92 0.92 0.92 0.91 0.27 3.59 0.91 0.91 0.91 3.20 2.76 2.76 2.76 2.76 3.59 3.04 3.04 3.05 3.05 0.92 0.92 0.92 0.92 0.92 0.93 0.93 0.93 3.11 3.12 2.85 2.87 2.88 3.17 2.90 2.91 3.22 3.81 3.83 1.44 1.44 1.45 3.32 3.93 1.01 0.30 1.02 1.02 3.43 1.04 3.31 3.19 4.15 4.19 4.22 4.25 4.28 4.31 4.34 4.37 4.40 4.43 4.46 0.00 0.00 0.00 0.00 0.00 0.00 0.00 0.00 0.00 0.00 0.00 0.00 0.00 0.00 0.00 0.00 0.00 0.00 0.00 0.00 0.00
3.06 3.06 1.35 1.35 1.34 3.60 3.22 3.60 0.91 0.91 3.60 2.77 2.77 2.77 3.05 3.05 3.05 3.06 3.06 2.79 0.92 0.92 0.92 0.93 0.93 0.93 3.67 3.12 3.13 3.15 3.16 2.89 2.90 3.77 2.92 2.94 3.24 3.26 3.86 1.45 1.45 3.92 3.04 3.96 3.99 4.01 1.50 3.27 3.29 3.31 1.54 1.55 4.18 1.26 4.24 4.27 4.30 4.34 4.37 4.40 4.43 4.46 3.34 4.54 0.00 0.00 0.00 0.00 0.00 0.00 0.00 0.00 0.00 0.00 0.00 0.00 0.00 0.00 0.00 0.00 0.00 0.00 0.00 0.00
3.07 3.07 0.92 0.92 3.23 1.08 3.61 3.22 3.61 3.61 3.61 3.06 2.78 2.78 3.06 2.79 3.07 2.79 3.07 2.80 0.93 0.93 0.93 0.93 0.93 0.94 2.85 2.86 1.39 3.17 2.89 3.19 3.78 3.22 2.94 2.96 3.27 1.16 3.89 3.31 3.03 1.00 1.01 1.02 4.01 4.04 1.51 3.12 3.31 1.54 1.55 1.56 1.57 3.19 4.29 1.61 4.33 4.36 4.39 4.42 4.45 4.48 3.35 3.36 0.00 0.00 0.00 0.00 0.00 0.00 0.00 0.00 0.00 0.00 0.00 0.00 0.00 0.00 0.00 0.00 0.00 0.00 0.00 4.79
2.80 0.92 0.92 0.28 3.62 3.62 3.23 3.62 3.07 3.07 3.07 3.62 3.07 2.80 3.07 3.63 3.64 3.09 3.09 2.82 2.82 0.93 0.93 0.94 2.85 1.38 3.15 3.73 3.75 3.76 1.13 3.79 3.23 1.15 2.96 3.27 2.99 3.01 3.02 3.04 3.05 1.01 1.02 1.50 4.04 3.11 3.13 1.53 3.12 3.51 3.37 3.40 1.58 3.20 3.22 3.66 3.69 4.38 4.41 4.44 4.47 4.50 4.53 4.55 0.00 0.00 0.00 0.00 0.00 0.00 0.00 0.00 0.00 0.00 0.00 0.00 0.00 0.00 0.00 0.00 0.00 0.00 0.00 4.82
2.80 0.28 0.28 3.63 3.63 3.63 3.63 3.63 3.08 3.63 3.63 3.25 3.25 2.81 2.81 2.81 2.82 3.10 3.11 2.83 0.94 0.94 0.94 0.94 2.87 2.88 3.17 1.40 1.41 3.79 3.80 3.82 3.83 3.85 3.87 3.00 1.17 1.18 3.04 3.06 3.07 1.02 1.02 0.31 1.22 3.13 3.14 3.12 3.13 3.15 3.39 3.18 3.19 3.21 3.23 4.34 3.70 3.73 4.43 4.46 4.49 4.52 3.37 3.39 4.59 4.62 0.00 0.00 0.00 0.00 0.00 0.00 0.00 0.00 0.00 0.00 0.00 0.00 0.00 0.00 0.00 0.00 0.00 4.84
3.25 3.25 3.25 3.64 3.25 3.64 2.81 3.64 3.64 3.64 3.09 3.65 2.82 2.82 3.66 2.83 2.83 1.37 3.68 3.13 0.94 0.94 0.95 0.95 2.88 2.89 3.77 0.96 0.96 3.23 2.95 3.84 3.86 3.29 3.90 3.91 3.93 3.95 3.97 3.08 3.09 1.03 1.03 3.12 3.13 3.14 4.14 3.13 3.15 3.16 3.18 3.19 3.21 3.22 3.24 3.26 4.39 3.75 3.77 4.48 4.51 4.54 3.38 3.40 3.41 4.63 0.00 0.00 0.00 0.00 0.00 0.00 0.00 0.00 0.00 0.00 0.00 0.00 0.00 0.00 0.00 0.00 0.00 0.00
1.09 3.26 3.26 3.26 3.65 3.65 2.82 1.10 3.65 3.66 3.10 3.10 3.11 2.83 3.67 3.68 1.37 1.38 1.38 2.86 0.95 0.95 0.95 2.89 3.76 2.91 3.79 2.93 2.94 2.96 3.85 3.87 1.16 3.90 3.92 3.94 3.96 3.98 1.20 1.20 4.04 3.44 4.08 3.13 4.12 4.13 4.15 3.14 3.16 0.47 3.19 3.20 4.32 3.24 4.37 3.27 4.41 3.76 3.79 4.50 1.16 1.37 3.39 3.40 3.42 4.65 0.00 0.00 0.00 0.00 0.00 0.00 0.00 0.00 0.00 0.00 0.00 0.00 0.00 0.00 0.00 0.00 0.00 0.00
3.66 3.66 1.10 3.66 3.10 2.82 0.93 0.93 3.67 3.11 3.11 2.96 3.12 3.12 2.97 2.85 3.70 1.38 1.39 2.87 2.88 2.89 2.90 0.96 2.92 2.93 3.81 0.97 1.43 3.85 3.87 3.89 3.91 3.92 3.94 3.96 3.98 4.00 3.41 4.04 1.03 4.08 4.10 3.18 3.49 4.15 1.25 4.21 4.22 3.18 3.20 1.61 0.49 4.34 4.37 4.40 4.42 3.31 4.51 1.70 1.17 3.38 3.40 3.41 3.43 4.67 0.00 0.00 0.00 0.00 0.00 0.00 0.00 0.00 0.00 0.00 0.00 0.00 0.00 0.00 0.00 0.00 0.00 0.00
0.93 3.66 2.83 2.83 2.83 2.83 0.93 1.37 1.37 3.12 3.12 2.97 2.97 1.38 1.38 2.99 3.15 1.39 2.88 2.89 2.90 3.19 3.20 1.41 1.42 3.82 3.83 3.10 2.98 1.45 3.89 3.91 3.93 3.04 3.05 3.98 4.00 4.02 4.04 4.06 4.08 4.10 1.05 1.05 3.13 3.14 3.15 3.17 4.24 1.28 3.21 3.22 3.24 3.26 4.38 3.29 4.44 3.32 3.34 3.36 3.38 3.39 3.41 3.42 4.66 4.68 4.70 0.00 0.00 0.00 0.00 0.00 0.00 0.00 0.00 0.00 0.00 0.00 0.00 0.00 0.00 0.00 0.00 0.00
0.93 0.93 2.83 2.84 3.12 2.84 0.94 0.94 1.38 2.85 2.85 2.86 2.99 2.99 1.39 1.39 1.39 3.17 0.95 2.90 3.20 2.92 3.22 0.29 0.97 3.84 1.15 2.98 2.99 1.17 3.91 1.18 1.18 3.05 1.20 4.00 4.02 4.04 4.06 4.08 4.10 3.14 3.50 1.24 1.25 3.15 3.17 3.18 4.27 3.20 3.22 3.23 3.25 3.26 3.28 3.30 3.31 3.33 3.35 3.37 3.38 4.60 4.63 4.65 4.68 4.70 4.72 0.00 0.00 0.00 0.00 0.00 0.00 0.00 0.00 0.00 0.00 0.00 0.00 0.00 0.00 0.00 0.00 0.00
0.94 0.94 0.94 2.84 3.13 3.13 2.85 1.38 1.38 2.86 2.86 2.87 3.16 2.88 2.88 1.40 1.40 0.96 0.96 0.96 3.79 2.93 0.97 3.83 2.97 2.98 3.87 3.00 3.01 3.92 3.93 3.95 3.97 1.20 1.20 4.02 1.21 4.06 4.08 4.10 4.12 3.12 3.13 3.14 3.15 3.16 3.17 3.19 3.20 4.29 4.31 1.30 1.31 3.27 3.29 3.30 3.32 3.34 3.36 3.37 3.39 4.61 4.64 4.67 4.69 4.72 4.74 4.75 0.00 0.00 0.00 0.00 0.00 0.00 0.00 0.00 0.00 0.00 0.00 0.00 0.00 0.00 0.00 0.00
3.69 0.28 3.69 3.70 3.70 2.86 3.14 3.71 3.15 3.15 3.16 3.16 3.17 3.17 3.02 2.90 3.03 1.41 0.96 0.97 1.14 3.82 0.97 0.98 0.29 2.99 3.00 3.01 1.18 1.18 3.95 3.97 3.99 4.01 1.21 1.21 4.06 4.08 4.10 4.12 4.12 4.14 1.25 4.18 3.16 3.17 3.18 3.20 3.21 4.29 4.33 3.25 1.31 3.28 3.30 3.31 3.33 3.35 3.36 3.72 3.75 3.41 3.43 1.77 4.71 4.73 4.75 4.77 4.78 4.79 0.00 0.00 0.00 0.00 0.00 0.00 0.00 0.00 0.00 0.00 0.00 0.00 0.00 0.00
3.70 2.85 3.70 3.71 3.71 3.15 2.87 3.15 2.87 3.73 3.17 2.89 3.18 2.90 3.19 2.91 3.05 0.96 1.42 1.42 0.97 0.98 0.98 0.98 0.99 0.30 0.30 3.02 1.18 3.04 3.97 3.99 4.01 4.02 4.04 4.06 4.08 3.47 4.12 4.14 4.14 4.16 3.15 3.16 4.21 3.18 3.19 1.28 3.22 4.31 4.36 4.36 4.38 4.41 4.44 4.46 4.49 4.52 4.55 4.58 4.61 4.64 4.67 4.70 4.72 4.74 4.76 4.78 4.79 4.81 4.82 4.83 4.84 4.85 4.85 4.86 4.86 4.86 4.86 4.87 4.87 4.87 4.86 4.86
3.70 3.14 3.71 3.72 2.87 3.16 3.16 2.88 2.88 2.89 2.89 0.96 0.96 0.96 1.41 0.96 1.42 1.42 1.42 0.97 0.98 1.44 1.44 1.45 0.99 0.99 0.30 3.94 1.19 3.97 3.99 4.01 4.02 4.04 4.06 4.08 4.10 4.12 4.14 4.14 3.22 3.23 3.55 3.41 1.59 1.59 1.09 1.61 1.62 3.24 3.25 4.40 4.40 4.42 4.45 4.48 4.51 4.54 4.57 4.60 4.63 4.66 4.69 4.71 4.74 3.49 3.50 3.51 3.53 3.53 3.54 3.55 3.56 3.56 3.57 3.57 3.57 3.57 3.58 3.58 3.58 3.58 3.58 3.58
3.15 3.15 3.72 2.87 2.88 3.16 2.88 3.17 2.89 1.13 0.96 0.96 0.96 0.96 0.97 0.97 0.97 0.97 0.98 0.98 0.98 0.98 1.45 3.14 1.46 0.30 0.30 1.01 1.19 3.06 4.01 4.02 1.21 1.22 1.22 1.23 1.23 4.13 4.14 4.16 4.18 4.19 3.56 3.42 1.59 1.60 1.61 0.33 0.33 3.24 4.35 4.38 4.41 4.44 4.46 4.49 4.52 4.55 4.58 4.61 4.64 4.67 4.70 4.73 4.75 4.77 4.79 3.53 3.54 4.84 4.85 4.86 4.87 4.88 4.88 4.89 4.89 4.89 4.90 4.90 4.90 4.89 4.89 4.89
2.87 3.16 3.16 3.73 3.17 2.89 2.89 2.90 1.13 3.35 3.78 0.96 3.79 0.97 0.97 0.97 2.95 3.84 3.85 0.98 0.99 0.99 0.99 1.00 1.00 1.00 1.48 1.01 0.30 1.49 4.02 4.04 3.10 4.07 1.23 4.11 3.14 4.14 4.15 4.17 1.26 4.21 4.23 3.18 1.28 3.20 3.22 3.23 3.24 3.25 3.26 3.28 3.29 4.45 4.48 4.51 4.53 4.57 4.60 4.63 4.66 4.69 4.72 4.74 4.76 4.79 4.81 3.54 3.55 4.85 4.87 4.88 4.89 4.89 4.90 4.90 4.91 4.91 4.91 4.91 4.91 4.91 4.91 4.91
2.88 2.88 2.88 3.17 3.18 2.90 1.13 1.41 1.13 3.78 0.96 1.42 1.42 3.82 3.83 3.84 2.97 2.97 1.44 0.30 0.99 0.99 1.00 1.00 1.00 1.01 1.01 1.49 1.02 4.02 4.04 4.05 1.22 3.12 4.11 4.12 3.12 0.32 4.17 4.19 4.20 4.22 4.24 1.27 3.20 3.21 3.22 3.23 4.34 4.36 3.27 3.29 3.30 3.32 4.49 4.52 4.55 4.58 4.61 4.65 4.68 4.71 4.73 4.76 4.78 3.52 3.54 3.55 3.56 4.87 0.00 0.00 0.00 0.00 0.00 0.00 0.00 0.00 0.00 0.00 0.00 0.00 0.00 0.00
2.88 2.89 3.75 3.18 3.19 3.77 3.77 1.13 3.79 3.80 0.97 0.97 1.42 2.95 3.84 3.85 2.98 2.99 3.88 3.89 0.30 1.00 1.00 1.00 1.01 1.01 1.01 1.02 1.02 4.04 4.05 4.07 4.09 4.10 4.12 4.13 3.12 1.25 4.18 1.26 4.22 4.23 4.25 1.28 4.28 3.22 3.23 3.24 1.06 3.56 4.39 3.30 4.44 4.47 4.49 4.54 4.57 4.60 4.63 4.67 4.69 3.47 3.49 1.43 4.80 3.53 3.55 3.56 3.57 3.58 0.00 0.00 0.00 0.00 0.00 0.00 0.00 0.00 0.00 0.00 0.00 0.00 0.00 0.00
2.89 3.18 3.18 3.76 3.77 3.78 3.78 3.21 3.22 1.14 0.29 0.97 3.83 1.43 3.85 3.86 0.99 0.99 3.90 0.99 1.00 1.00 1.00 1.01 1.01 1.01 1.02 1.02 1.03 4.05 4.07 4.08 4.10 4.12 4.13 4.14 4.16 4.18 4.19 1.26 4.23 4.25 1.28 4.27 3.22 3.23 3.51 3.53 3.55 3.57 3.59 1.67 1.68 3.34 3.35 3.37 4.59 4.62 4.65 4.68 4.71 1.42 4.77 3.52 3.53 3.55 3.56 3.57 3.58 3.59 3.60 0.00 0.00 0.00 0.00 0.00 0.00 0.00 0.00 0.00 0.00 0.00 0.00 0.00
2.90 3.19 3.77 3.77 3.78 3.79 3.79 3.37 3.37 3.82 0.97 3.25 3.38 1.44 0.98 3.88 0.99 0.99 0.99 1.00 1.00 1.00 1.01 1.01 1.01 1.02 1.02 1.03 1.03 1.22 4.08 1.23 4.12 4.12 4.14 3.13 4.17 4.19 4.21 4.22 4.24 4.26 4.27 1.29 1.29 3.24 3.25 3.26 3.57 4.42 4.44 4.49 3.33 3.35 3.37 3.38 4.61 4.64 4.67 4.70 4.73 3.50 1.44 1.44 3.54 3.56 3.57 3.58 3.59 3.60 3.61 0.00 0.00 0.00 0.00 0.00 0.00 0.00 0.00 0.00 0.00 0.00 4.96 4.96
2.90 2.91 2.91 2.92 3.79 3.80 3.81 3.81 1.43 1.43 0.98 3.10 1.44 0.98 3.88 0.99 0.99 1.00 1.00 1.00 1.00 1.01 1.01 1.01 1.02 1.02 1.03 1.03 0.31 1.22 4.10 4.11 3.11 3.12 3.13 3.14 1.26 4.20 4.22 1.27 1.28 4.27 3.21 3.22 1.30 4.34 4.36 4.39 4.41 4.44 4.46 3.33 3.34 4.52 4.57 3.40 3.42 4.66 4.69 4.72 4.75 3.51 4.80 4.83 3.56 3.57 3.58 3.59 3.60 3.61 3.62 3.63 0.00 0.00 0.00 0.00 0.00 0.00 0.00 0.00 4.98 4.98 3.63 3.63
2.91 2.91 3.21 2.92 2.93 3.23 3.82 3.24 3.25 1.43 0.98 1.44 1.44 1.45 1.17 3.91 1.00 0.30 1.00 1.01 1.01 1.48 1.02 1.02 1.02 1.03 1.03 1.03 3.12 4.10 1.23 1.23 3.12 3.51 4.16 4.17 4.19 4.21 3.58 4.24 1.28 4.28 4.30 1.29 4.34 3.39 4.41 4.41 4.43 4.46 4.48 4.51 3.36 4.56 4.59 1.39 3.43 4.68 4.71 3.48 3.50 4.80 4.82 4.85 4.87 3.58 1.47 4.93 3.62 4.96 0.00 3.64 3.64 0.00 0.00 0.00 0.00 0.00 0.00 4.99 3.65 3.64 3.64 4.98
3.20 3.21 1.41 1.42 3.23 3.24 3.24 3.25 3.26 2.97 1.44 1.45 3.00 3.41 1.17 3.92 3.93 3.95 1.01 1.01 1.01 0.30 0.31 0.31 1.03 1.03 1.03 1.04 1.23 4.11 4.12 3.50 3.51 4.16 4.17 4.19 4.21 4.22 1.27 4.26 4.28 4.29 3.65 4.33 1.64 1.65 1.66 4.43 4.45 4.48 4.50 4.53 4.56 4.59 4.62 3.42 3.44 3.46 4.73 4.76 3.52 4.82 4.84 4.87 4.89 4.91 4.93 4.95 3.63 0.00 0.00 0.00 3.65 3.65 0.00 0.00 0.00 5.01 3.65 3.65 3.65 5.00 4.99 0.00
