New_Model_Runs/3_scn2_noclimate_out/post_prcessed_with_MFR/Monthly_summaries/actual_et_monthly_JUN.asc
NCOLS 700
NROWS 400
XLLCENTER 515000.000000
YLLCENTER 8409000.000000
CELLSIZE 50.000000
NODATA_value -999.000000
[rows 114 to 151 of 400, columns 420 to 503 of 700]
0.93 0.93 0.93 0.93 0.93 0.93 0.93 0.93 0.93 0.93 0.93 0.93 0.93 0.93 0.93 0.93 0.93 0.93 0.93 0.93 0.93 0.93 0.93 0.93 0.93 0.93 0.93 3.60 2.72 3.60 3.58 0.92 0.92 0.92 0.92 0.92 0.92 0.92 0.91 0.91 0.91 0.91 0.91 1.33 0.91 0.90 0.90 0.90 0.90 0.90 0.90 0.89 0.89 0.89 0.89 0.89 0.89 0.89 2.94 2.68 1.29 1.29 1.29 0.88 1.29 2.78 1.29 1.29 1.29 1.29 1.29 1.29 0.88 1.29 0.88 0.88 0.89 0.89 0.89 1.31 1.31 1.31 1.31 1.32
0.93 0.93 0.93 0.93 0.93 0.93 0.93 0.93 0.93 0.93 0.93 0.93 0.93 0.93 0.93 0.93 0.93 0.93 0.93 0.93 0.93 0.93 0.93 0.93 0.93 0.93 0.93 0.93 0.92 3.60 3.58 3.57 0.92 0.92 0.92 0.92 0.92 0.92 0.91 0.91 0.91 0.91 0.91 0.91 0.91 0.90 0.90 0.90 0.90 0.90 0.90 0.90 0.89 0.89 0.89 0.89 0.89 2.69 2.69 2.92 2.68 0.88 0.88 0.88 0.88 1.29 1.29 1.29 1.29 1.29 1.30 1.30 0.89 0.89 0.89 0.89 0.89 0.89 0.89 0.89 0.90 1.32 0.90 0.90
1.36 0.93 0.93 0.93 0.93 0.93 0.93 0.93 0.93 0.93 0.93 0.93 0.93 0.93 0.93 0.93 0.93 0.93 0.93 0.93 0.93 0.93 0.93 0.93 0.93 0.93 0.93 0.92 0.92 0.92 2.80 2.45 0.92 0.92 0.92 0.92 1.34 1.34 0.91 0.91 0.91 0.91 0.91 0.91 0.91 0.90 0.90 0.90 0.90 0.90 0.90 0.90 0.89 0.89 0.89 0.89 0.89 0.89 0.89 1.30 0.89 0.89 0.89 0.89 0.88 1.30 1.30 1.30 1.30 1.30 1.30 0.89 1.30 0.89 0.89 0.89 0.89 1.31 1.32 0.90 0.90 0.90 0.91 0.91
0.93 0.93 0.93 0.93 0.93 0.93 0.93 0.93 0.93 0.93 0.93 0.93 0.93 0.93 0.93 0.93 0.93 0.93 0.93 0.93 0.93 0.93 0.93 0.93 0.93 0.93 0.92 1.36 0.92 0.92 0.92 0.92 0.92 0.92 0.92 0.92 0.92 1.34 0.91 0.91 1.34 0.91 0.91 0.91 0.91 0.91 0.90 0.90 0.90 0.90 0.90 0.90 0.90 0.90 0.89 0.89 0.89 0.89 0.89 0.89 0.89 1.30 1.30 1.30 1.30 1.30 1.30 1.30 1.30 1.31 1.31 0.89 0.89 0.89 0.90 1.32 1.32 0.90 0.90 0.90 0.91 0.91 0.91 0.91
0.93 0.93 0.93 0.93 0.93 0.93 0.93 0.93 0.93 0.93 0.93 0.93 0.93 0.93 0.93 0.93 0.93 0.93 0.93 0.93 0.93 0.93 0.93 0.93 0.93 0.92 0.92 0.92 0.92 1.35 0.92 0.92 0.92 0.92 0.92 0.92 0.92 0.92 0.91 0.91 0.91 0.91 0.91 0.91 0.91 0.91 0.90 0.90 0.90 0.90 0.90 0.90 0.90 0.90 0.90 0.89 0.89 0.89 0.89 0.89 0.89 0.89 1.31 1.31 0.89 0.89 0.89 0.89 0.89 0.89 0.89 0.90 0.90 0.90 0.90 0.90 0.90 0.91 0.91 0.91 0.91 0.91 0.92 0.92
0.93 0.93 0.93 1.36 0.93 0.93 0.93 0.93 0.93 0.93 0.93 0.93 0.93 0.93 0.93 0.93 0.93 0.93 0.93 0.93 0.93 0.93 0.93 0.93 0.93 0.92 0.92 0.92 0.92 0.92 0.92 0.92 0.92 0.92 1.35 1.35 0.92 0.92 0.91 0.91 0.91 0.91 0.91 0.91 0.91 0.91 0.91 0.90 0.90 0.90 0.90 0.90 0.90 0.90 0.90 0.90 0.90 0.90 0.90 0.89 0.89 1.31 1.31 1.31 0.89 0.89 0.90 0.90 0.90 1.32 1.32 1.32 1.32 0.90 0.90 0.91 0.91 0.91 0.91 0.91 0.92 0.92 0.92 0.92
0.93 1.36 0.93 0.93 0.93 0.93 0.93 0.93 0.93 0.93 0.93 0.93 0.93 0.93 0.93 0.93 0.93 0.93 0.93 0.93 0.93 0.93 0.93 0.93 0.92 0.92 0.92 0.92 0.92 0.92 0.92 0.92 0.92 0.92 0.92 0.92 0.92 1.34 0.91 0.91 0.91 0.91 0.91 0.91 0.91 0.91 0.91 0.91 0.90 0.90 0.90 0.90 0.90 0.90 0.90 0.90 0.90 0.90 0.90 0.90 0.90 0.90 1.32 1.32 0.90 0.90 0.90 0.90 0.90 0.90 0.90 0.90 1.33 1.33 0.91 0.91 0.91 0.91 0.92 0.92 0.92 0.92 0.93 0.93
0.93 1.36 0.93 0.93 0.93 0.93 0.93 0.93 0.93 0.93 0.93 0.93 0.93 0.93 0.93 0.93 0.93 0.93 0.93 0.93 0.93 0.93 0.93 0.93 0.92 0.92 0.92 0.92 0.92 0.92 0.92 0.92 2.79 0.92 0.92 1.35 0.92 0.92 0.92 0.91 0.91 0.91 0.91 0.91 0.91 0.91 0.91 0.91 0.91 0.91 0.90 0.90 0.90 0.90 0.90 0.90 0.90 0.90 0.90 0.90 0.90 0.90 0.90 1.32 0.90 0.90 0.90 0.90 0.90 0.91 0.91 0.91 0.91 1.34 0.91 0.92 0.92 0.92 0.92 0.92 0.93 0.93 0.93 0.93
0.93 1.36 0.93 0.93 0.93 0.93 0.93 1.36 0.93 0.93 0.93 0.93 0.93 0.93 0.93 0.93 0.93 0.93 0.93 0.93 0.93 0.93 0.93 0.93 0.92 0.92 0.92 0.92 0.92 0.92 0.92 0.92 2.79 0.92 0.92 0.92 0.92 0.92 0.92 0.92 0.91 0.91 0.91 0.91 0.91 0.91 0.91 0.91 0.91 0.91 0.91 0.91 0.91 0.90 0.90 0.90 0.90 0.90 0.90 0.90 0.90 0.90 0.90 0.90 0.90 0.91 0.91 0.91 0.91 0.91 0.91 0.91 0.91 0.92 0.92 0.92 0.92 0.92 0.93 0.93 0.93 0.93 0.94 0.94
0.93 0.93 0.93 0.93 0.93 0.93 0.93 1.36 0.93 0.93 0.93 0.93 0.93 0.93 0.93 0.93 0.93 0.93 0.93 0.93 0.93 0.93 1.36 0.93 0.93 0.92 0.92 0.92 0.92 0.92 0.92 1.35 2.79 0.92 0.92 0.92 0.92 0.92 0.92 0.92 0.92 0.91 0.91 0.91 0.91 0.91 0.91 0.91 0.91 0.91 0.91 0.91 0.91 0.91 0.91 0.91 0.91 0.91 0.91 0.91 1.33 0.91 0.91 0.91 1.33 0.91 0.91 0.91 0.91 0.91 0.92 0.92 0.92 0.92 0.92 0.93 0.93 0.93 0.93 0.93 0.94 0.94 0.94 0.95
0.93 0.93 0.93 0.93 0.93 0.93 0.93 0.93 0.93 1.36 0.93 1.36 1.36 0.93 0.93 0.93 0.93 0.93 0.93 0.93 0.93 0.93 1.36 0.93 0.93 0.92 0.92 0.92 0.92 1.35 1.35 1.35 2.79 2.79 2.79 0.92 0.92 0.92 0.92 0.92 0.92 0.92 0.91 0.91 0.91 0.91 0.91 0.91 0.91 0.91 0.91 0.91 0.91 0.91 0.91 0.91 0.91 0.91 0.91 0.91 0.91 0.91 1.34 0.91 1.34 0.91 0.91 0.92 0.92 0.92 0.92 0.92 0.92 0.93 0.93 0.93 0.93 0.93 0.94 0.94 0.94 0.95 0.95 0.95
0.93 0.93 0.93 0.93 0.93 0.93 1.36 0.93 0.93 3.65 3.65 0.93 0.93 0.93 0.93 0.93 0.93 0.93 0.93 0.93 1.36 1.36 0.93 1.36 0.93 0.93 0.92 0.92 0.92 0.92 0.92 0.92 1.35 2.79 0.92 0.92 0.92 0.92 0.92 0.92 0.92 0.92 0.92 0.92 0.91 0.91 0.91 0.91 0.91 1.34 0.91 0.91 0.91 0.91 0.91 0.91 0.91 0.91 0.91 0.91 0.91 0.91 0.91 1.34 0.92 0.92 0.92 0.92 0.92 0.92 0.92 0.93 0.93 0.93 0.93 0.94 0.94 0.94 0.94 0.95 0.95 0.95 0.95 0.96
0.93 2.81 0.93 0.93 0.93 0.93 0.93 0.93 0.93 3.09 3.65 2.81 0.93 0.93 0.93 0.93 0.93 0.93 0.93 0.93 1.36 1.36 0.93 0.93 0.93 0.93 0.93 0.92 0.92 0.92 0.92 0.92 0.92 0.92 0.92 0.92 0.92 0.92 0.92 0.92 0.92 0.92 0.92 0.92 0.92 0.92 0.92 0.92 0.91 1.34 0.91 0.91 0.91 0.91 0.91 0.91 0.91 0.91 0.91 0.92 0.92 0.92 0.92 0.92 0.92 0.92 0.92 0.92 0.93 0.93 0.93 0.93 0.93 0.94 0.94 0.94 0.94 0.94 0.95 0.95 0.95 0.96 0.96 0.96
0.93 1.36 0.93 0.93 3.09 3.65 0.93 2.82 2.40 3.65 0.84 2.82 2.82 2.82 0.93 0.93 0.93 0.93 0.93 0.93 0.93 1.36 0.93 0.93 0.93 0.93 0.93 0.93 0.92 0.92 0.92 0.92 0.92 0.92 0.92 0.92 0.92 0.92 1.35 0.92 0.92 0.92 0.92 0.92 0.92 0.92 0.92 0.92 0.92 0.92 1.34 0.92 0.92 0.92 0.92 0.92 0.92 0.92 0.92 0.92 0.92 0.92 0.92 0.92 0.92 0.92 0.93 0.93 0.93 0.93 0.93 0.94 0.94 0.94 0.94 0.94 0.95 0.95 0.95 0.96 0.96 0.96 0.96 0.97
1.36 0.93 3.65 3.65 3.65 1.10 3.10 2.82 2.40 2.82 3.10 2.82 1.36 0.93 0.93 0.93 1.36 0.93 0.93 0.93 3.06 1.36 1.36 1.36 1.36 0.93 3.09 0.93 0.93 1.36 0.92 0.92 0.92 0.92 0.92 0.92 0.92 0.92 0.92 0.92 0.92 0.92 0.92 1.35 0.92 0.92 0.92 1.35 0.92 0.92 0.92 0.92 0.92 0.92 0.92 0.92 0.92 0.92 0.92 0.92 0.92 0.92 0.92 0.93 0.93 0.93 0.93 0.93 0.93 1.37 0.94 0.94 0.94 0.94 0.95 0.95 0.95 0.95 0.96 0.96 0.96 0.97 0.97 0.97
0.93 0.28 1.10 1.10 3.65 1.10 3.65 3.10 3.66 2.82 3.66 2.82 2.82 1.36 0.93 0.93 1.36 0.93 0.93 0.93 0.93 1.36 0.93 0.93 0.93 3.09 3.09 3.09 0.93 0.93 0.93 0.93 0.92 0.92 0.92 0.92 0.92 0.92 0.92 0.92 0.92 1.35 0.92 0.92 0.92 0.92 0.92 0.92 0.92 0.92 0.92 0.92 0.92 0.92 0.92 0.92 0.92 0.92 0.92 0.93 0.93 0.93 0.93 0.93 0.93 0.93 0.93 0.94 1.38 0.94 0.94 0.94 0.95 0.95 0.95 0.95 0.96 0.96 0.96 0.97 0.97 0.97 0.97 0.98
3.65 1.10 3.66 2.41 2.41 2.41 2.82 1.10 3.66 3.10 0.93 0.93 0.93 0.93 0.93 0.93 0.93 1.36 0.93 0.93 0.93 1.36 1.36 0.93 3.09 3.09 3.09 3.09 3.09 0.93 0.93 0.93 0.93 0.93 0.93 1.36 0.92 0.92 0.92 0.92 0.92 0.92 0.92 0.92 0.92 0.92 0.92 0.92 0.92 0.92 0.92 0.92 0.92 0.92 0.92 0.93 0.93 0.93 0.93 0.93 0.93 0.93 0.93 0.93 0.93 0.94 0.94 0.94 0.94 0.94 1.39 0.95 0.95 0.95 0.96 0.96 0.96 0.96 0.97 0.97 0.97 0.98 0.98 0.98
1.10 3.66 3.66 3.66 3.10 3.66 2.41 2.23 3.66 2.82 0.93 0.93 0.93 0.93 0.93 0.93 0.93 0.93 0.93 0.93 0.93 0.93 0.93 0.93 3.10 3.10 3.10 3.09 3.09 0.93 0.93 0.93 0.93 0.93 0.93 0.93 0.93 0.93 0.93 0.93 0.93 0.93 0.93 0.92 0.92 0.92 0.93 0.93 0.93 0.93 0.93 0.93 0.93 0.93 0.93 0.93 0.93 0.93 0.93 0.93 0.93 0.93 0.94 0.94 0.94 0.94 0.94 1.38 1.39 1.39 0.95 0.95 0.95 0.96 0.96 0.96 0.97 0.97 0.97 1.43 1.43 0.98 0.98 0.99
2.41 3.66 1.10 3.66 3.66 2.41 3.66 3.66 3.66 2.83 0.93 0.93 0.93 0.93 0.93 0.93 0.93 0.93 0.93 0.93 0.93 0.93 0.93 3.10 3.10 3.10 3.10 3.10 3.10 0.93 0.93 0.93 0.93 0.93 0.93 0.93 0.93 0.93 0.93 0.93 0.93 0.93 0.93 0.93 0.93 0.93 0.93 0.93 0.93 0.93 0.93 0.93 0.93 0.93 1.36 0.93 0.93 0.93 0.93 0.94 0.94 0.94 0.94 0.94 0.94 0.94 0.95 0.95 1.39 1.40 0.95 1.40 0.96 0.96 0.96 0.97 0.97 0.97 0.98 0.98 0.98 0.98 0.99 0.99
3.66 1.10 1.10 3.66 3.67 3.67 3.67 3.67 2.41 0.93 0.93 0.93 0.93 0.93 0.93 0.93 0.93 0.93 0.93 0.93 0.93 0.93 0.93 0.93 3.10 3.10 3.10 3.10 3.10 0.93 0.93 0.93 0.93 0.93 0.93 0.93 0.93 0.93 0.93 0.93 0.93 0.93 0.93 0.93 0.93 0.93 0.93 0.93 0.93 0.93 0.93 0.93 0.93 0.93 0.93 0.93 0.94 0.94 0.94 0.94 0.94 0.94 0.94 0.94 0.95 0.95 0.95 0.95 0.95 0.96 1.41 1.41 1.41 0.97 0.97 0.97 0.97 0.98 0.98 0.98 0.99 0.99 0.99 1.00
0.00 0.00 0.00 3.67 1.10 1.10 3.67 3.67 0.93 0.93 0.93 0.93 0.93 0.93 0.93 0.93 0.93 0.93 0.93 0.93 0.93 0.93 0.93 0.93 3.11 3.11 3.11 3.10 3.10 3.10 0.93 0.93 0.93 0.93 0.93 0.93 0.93 0.93 0.93 0.93 0.93 0.93 0.93 0.93 0.93 0.93 0.93 0.93 0.93 0.93 0.93 0.93 0.93 0.94 0.94 0.94 0.94 0.94 0.94 0.94 0.94 0.94 0.95 0.95 0.95 0.95 0.95 0.96 0.96 0.96 0.96 0.96 0.97 0.97 0.97 0.98 0.98 0.98 0.98 0.99 0.99 0.99 1.00 1.00
0.00 0.00 0.00 2.23 2.41 3.67 1.10 3.67 0.93 0.93 0.93 0.93 0.93 0.93 0.93 0.93 0.93 0.93 0.93 0.93 0.93 0.93 3.11 3.11 3.11 3.11 3.11 3.11 3.11 3.11 0.93 0.93 3.11 0.93 0.93 3.11 3.11 3.11 0.93 0.93 0.93 0.93 0.93 0.93 0.93 0.93 0.93 0.93 0.93 0.94 0.94 0.94 0.94 0.94 0.94 0.94 0.94 0.94 0.94 0.95 0.95 0.95 0.95 0.95 0.95 0.96 0.96 0.96 0.96 0.96 0.97 0.97 0.97 0.97 0.98 0.98 0.98 0.98 0.99 0.99 0.99 1.00 1.00 1.00
0.00 0.00 0.00 0.00 2.41 1.10 0.93 0.93 0.93 0.93 0.93 0.93 0.93 0.93 0.93 0.93 0.93 0.93 0.93 0.93 0.93 3.11 3.11 3.11 3.11 3.11 3.11 3.11 3.11 3.11 3.11 3.11 3.11 3.11 3.11 3.11 3.11 0.93 0.93 0.93 0.93 0.93 0.93 0.93 0.94 0.94 0.94 0.94 0.94 0.94 0.94 0.94 0.94 0.94 0.94 0.94 0.94 0.95 0.95 0.95 0.95 0.95 0.95 0.95 0.96 0.96 0.96 0.96 0.97 0.97 0.97 0.97 0.97 0.98 0.98 0.98 0.99 0.99 0.99 0.99 1.00 1.00 1.00 1.01
0.00 0.00 0.00 0.00 2.42 1.10 0.94 0.94 0.94 0.94 0.94 0.94 0.94 0.94 0.94 0.94 0.94 0.94 0.94 0.94 0.94 3.12 3.12 3.12 3.12 3.12 3.12 3.12 3.12 3.12 3.12 3.12 3.12 3.12 3.12 3.12 3.12 3.12 3.12 0.94 0.94 0.94 0.94 0.94 0.94 0.94 0.94 0.94 0.94 0.94 0.94 0.94 0.94 0.94 0.95 0.95 0.95 0.95 0.95 0.95 0.95 0.95 0.96 0.96 0.96 0.96 0.96 0.97 0.97 0.97 0.97 0.98 0.98 0.98 0.98 0.99 1.45 0.99 1.00 1.00 1.00 1.00 1.01 1.01
0.00 0.00 0.00 0.00 0.00 3.68 0.94 0.94 0.94 0.94 0.94 0.94 0.94 0.94 0.94 0.94 1.37 0.94 0.94 3.12 3.12 3.12 3.12 3.12 3.12 3.12 3.12 3.12 3.12 3.12 3.12 3.12 3.12 3.12 3.12 3.12 3.12 3.12 3.12 0.94 0.94 0.94 0.94 0.94 0.94 0.94 0.94 0.94 0.94 0.94 0.94 0.94 0.95 0.95 0.95 0.95 0.95 0.95 0.95 0.95 0.96 0.96 1.41 0.96 0.96 0.97 0.97 1.42 0.97 0.97 0.98 0.98 0.98 1.44 0.99 1.45 0.99 1.00 1.00 1.00 1.00 1.01 1.01 1.01
0.00 0.00 0.00 0.00 0.00 0.94 0.94 0.94 0.94 0.94 0.94 0.94 0.94 0.94 0.94 0.94 3.13 3.13 3.13 3.13 3.13 3.13 3.13 3.13 3.12 3.12 3.12 3.12 3.12 3.12 3.13 3.13 3.13 3.13 3.13 3.13 0.94 0.94 0.94 0.94 0.94 0.94 0.94 0.94 0.94 0.94 0.94 0.94 0.94 0.95 0.95 0.95 0.95 0.95 0.95 0.95 0.95 0.96 0.96 1.41 0.96 0.96 0.96 0.97 0.97 0.97 0.97 0.97 0.98 0.98 0.98 0.98 0.99 0.99 0.99 0.99 1.00 1.00 1.00 1.00 1.01 1.01 1.01 1.02
0.00 0.00 0.00 0.00 0.00 0.94 0.94 0.94 0.94 0.94 0.94 0.94 0.94 0.94 0.94 0.94 1.38 0.94 0.94 3.13 3.13 3.13 3.13 3.13 3.13 3.13 3.13 3.13 3.13 3.13 0.94 3.13 3.13 3.13 3.13 3.13 0.94 0.94 0.94 0.94 0.94 0.94 0.94 0.94 0.94 0.94 0.95 0.95 0.95 0.95 0.95 0.95 0.95 0.95 0.95 0.96 0.96 0.96 0.96 0.96 0.96 0.96 0.97 0.97 0.97 0.97 0.97 1.43 0.98 0.98 0.98 0.99 0.99 0.99 0.99 1.00 1.00 1.00 1.01 1.01 1.01 1.01 1.02 1.02
0.00 0.00 0.00 0.00 0.28 0.94 0.94 0.94 0.94 0.94 0.94 0.94 0.94 0.94 0.94 0.94 0.94 0.94 0.94 0.94 0.94 3.13 3.13 0.94 0.94 3.13 3.13 3.13 3.13 3.13 3.14 3.14 3.14 3.14 0.94 0.94 0.94 0.94 0.94 0.94 0.94 0.94 0.95 0.95 0.95 0.95 0.95 0.95 0.95 0.95 0.95 0.95 0.95 0.96 0.96 0.96 0.96 0.96 0.96 0.96 0.97 0.97 0.97 0.97 0.97 0.98 0.98 0.98 0.98 0.99 0.99 0.99 0.99 1.00 1.00 1.00 1.00 1.47 1.01 1.01 1.49 1.02 1.02 1.02
0.00 0.00 0.00 2.42 0.28 0.94 0.94 0.94 0.94 0.94 0.94 0.94 0.94 0.94 0.94 0.94 0.94 0.94 0.94 0.94 0.94 0.94 0.94 0.94 0.94 0.94 3.14 3.14 3.14 3.14 3.14 3.14 3.14 3.14 3.14 0.94 0.94 0.94 0.94 0.95 0.95 0.95 0.95 0.95 0.95 0.95 0.95 0.95 0.95 0.95 0.95 0.96 0.96 0.96 0.96 0.96 0.96 0.96 0.97 0.97 0.97 0.97 0.97 0.98 0.98 0.98 1.44 0.98 0.99 0.99 0.99 0.99 1.00 1.00 1.47 1.00 1.48 1.01 1.01 1.01 1.02 1.02 1.02 1.03
0.00 0.00 0.00 0.00 1.38 0.94 0.94 0.94 0.94 0.94 0.94 0.94 0.94 0.94 0.94 0.94 0.94 0.94 0.94 0.94 0.94 0.94 0.94 0.94 0.94 0.94 0.94 3.14 3.14 3.15 3.15 3.15 3.15 3.15 3.15 3.15 0.95 0.95 0.95 0.95 0.95 0.95 0.95 0.95 0.95 0.95 0.95 0.95 0.96 0.96 0.96 0.96 0.96 0.96 0.96 0.96 0.97 0.97 0.97 0.97 0.97 0.97 0.98 0.98 0.98 0.98 0.99 0.99 0.99 0.99 0.99 1.00 1.00 1.00 1.00 1.01 1.01 1.01 1.01 1.02 1.50 1.02 1.03 1.03
0.00 0.00 0.00 2.24 0.94 0.94 0.94 2.86 2.86 0.94 0.94 0.94 0.94 0.94 1.39 0.94 0.94 0.94 0.94 0.94 0.94 0.94 0.94 0.94 0.94 0.94 0.94 0.94 0.95 0.95 3.15 3.15 3.15 3.16 3.16 3.16 0.95 0.95 0.95 0.95 0.95 0.95 0.95 0.95 0.95 0.95 0.96 0.96 0.96 0.96 0.96 1.41 0.96 0.96 0.97 0.97 0.97 0.97 0.97 0.97 0.98 0.98 0.98 0.98 0.98 0.99 0.99 0.99 0.99 1.00 1.00 1.00 1.00 1.00 1.01 1.01 1.01 1.01 1.02 1.02 1.50 1.50 1.51 1.03
0.00 0.00 1.11 1.12 1.12 1.12 3.72 2.87 0.95 0.95 0.95 0.95 0.95 0.95 0.95 0.95 0.95 0.95 0.95 0.95 0.95 0.95 0.95 0.95 0.95 0.95 0.95 0.95 0.95 0.95 3.16 3.16 0.95 3.16 3.16 3.17 0.95 0.95 0.95 0.95 0.95 0.95 0.95 0.96 0.96 0.96 0.96 0.96 0.96 0.96 1.41 1.41 0.97 0.97 0.97 0.97 0.97 0.97 0.98 0.98 0.98 0.98 0.98 0.99 0.99 0.99 0.99 0.99 1.00 1.00 1.00 1.00 1.01 1.01 1.01 1.49 1.49 1.02 1.02 4.02 3.11 3.12 3.12 3.44
0.00 0.00 3.72 1.12 1.12 3.72 3.73 0.95 0.95 0.95 0.95 0.95 0.95 0.95 0.95 0.95 0.95 0.95 0.95 0.95 0.95 0.95 0.95 0.95 0.95 0.95 0.95 0.95 0.95 0.95 0.95 0.95 0.95 0.95 0.95 3.17 0.95 0.95 0.95 0.95 0.96 0.96 0.96 0.96 0.96 0.96 0.96 0.96 0.96 0.97 0.97 1.42 0.97 0.97 0.97 0.97 0.98 0.98 0.98 0.98 0.98 0.98 0.99 0.99 0.99 0.99 0.99 1.00 1.00 1.00 1.00 1.01 1.01 1.01 1.01 1.02 1.49 1.50 1.02 1.03 1.21 4.05 3.13 3.24
0.00 0.00 1.12 3.73 1.12 2.88 1.39 0.95 0.95 0.95 0.95 0.95 0.95 0.95 0.95 0.95 1.39 1.39 0.95 0.95 0.95 0.95 0.95 0.95 0.95 0.95 0.95 0.95 0.95 0.95 0.95 0.95 0.95 0.95 0.95 3.18 0.95 0.96 0.96 0.96 0.96 0.96 0.96 0.96 0.96 0.96 0.96 0.97 0.97 0.97 0.97 0.97 0.97 0.97 0.98 0.98 0.98 0.98 0.98 0.98 0.99 0.99 0.99 0.99 0.99 1.00 1.00 1.00 1.00 1.00 1.01 1.01 1.01 1.01 1.02 1.02 1.02 1.50 1.03 1.03 4.05 4.06 3.14 0.00
0.00 0.00 2.44 1.12 3.74 0.95 0.95 0.95 0.95 0.95 0.95 0.95 0.95 0.95 0.95 0.95 0.95 1.39 0.95 0.95 0.95 0.95 0.95 0.95 0.95 0.95 0.95 0.95 0.95 1.40 0.95 0.95 0.95 0.96 0.96 0.96 0.96 0.96 0.96 0.96 0.96 0.96 0.96 0.96 0.96 0.97 0.97 0.97 0.97 0.97 0.97 0.97 0.98 0.98 0.98 0.98 0.98 0.98 0.99 0.99 0.99 0.99 0.99 1.00 1.00 1.00 1.00 1.00 1.01 1.01 1.01 1.01 1.01 1.02 1.02 1.02 1.02 1.03 1.03 1.03 4.06 3.45 4.04 0.00
0.00 0.00 0.00 3.74 3.74 1.40 0.95 0.95 0.95 0.95 0.95 0.95 0.95 0.95 0.95 0.95 0.95 0.95 0.95 0.95 0.95 0.95 0.95 0.95 0.95 0.95 0.95 0.95 0.95 1.40 1.40 0.96 0.96 0.96 0.96 0.96 1.41 0.96 0.96 0.96 0.96 0.96 0.97 0.97 0.97 0.97 0.97 0.97 0.97 0.97 0.98 0.98 0.98 0.98 0.98 0.98 0.99 0.99 0.99 0.99 0.99 0.99 1.00 1.00 1.00 1.00 1.00 1.01 1.01 1.01 1.01 1.02 1.02 1.02 1.02 1.02 1.03 1.03 1.03 1.03 1.22 3.24 0.00 0.00
0.00 0.00 0.00 3.75 1.13 0.29 0.95 1.40 1.40 0.95 1.40 1.40 0.95 0.95 0.95 1.40 1.40 0.95 0.95 0.95 0.95 0.96 0.96 0.96 0.96 0.96 0.96 0.96 0.96 0.96 0.96 0.96 0.96 0.96 0.96 1.41 1.41 0.96 0.96 0.96 1.42 0.97 0.97 0.97 0.97 0.97 0.97 0.97 0.98 0.98 0.98 0.98 0.98 0.98 0.99 0.99 0.99 0.99 0.99 0.99 1.00 1.00 1.00 1.00 1.00 1.01 1.01 1.01 1.01 1.01 1.02 1.02 1.02 1.02 1.02 1.03 1.03 1.03 1.03 1.04 1.22 1.21 0.00 0.00
0.00 0.00 0.00 0.00 2.26 1.13 2.90 1.40 0.96 0.96 0.96 0.96 0.96 0.96 0.96 0.96 0.96 0.96 0.96 0.96 0.96 0.96 0.96 0.96 0.96 0.96 0.96 0.96 0.96 0.96 0.96 0.96 0.96 0.96 0.96 0.96 0.96 0.97 0.97 0.97 0.97 0.97 0.97 0.97 0.97 0.97 0.98 0.98 0.98 0.98 0.98 0.98 0.98 0.99 0.99 0.99 0.99 0.99 1.00 1.00 1.47 1.00 1.00 1.01 1.01 1.01 1.01 1.01 1.02 1.02 1.02 1.02 1.02 1.03 1.03 1.03 1.03 1.03 1.04 1.04 1.23 4.05 0.00 0.00
