New_Model_Runs/3_scn2_noclimate_out/post_prcessed_with_MFR/Monthly_summaries/actual_et_monthly_SEP.asc
NCOLS 700
NROWS 400
XLLCENTER 515000.000000
YLLCENTER 8409000.000000
CELLSIZE 50.000000
NODATA_value -999.000000
[rows 190 to 227 of 400, columns 252 to 335 of 700]
1.16 1.15 1.15 1.15 1.15 1.14 1.14 1.14 1.14 1.13 1.13 1.13 1.13 1.12 1.12 1.12 1.11 1.11 1.11 1.10 1.10 1.10 1.09 1.09 1.09 1.09 1.08 1.08 1.08 1.08 1.07 1.07 1.07 1.07 1.07 1.06 1.06 1.06 1.06 1.06 1.06 1.06 1.06 1.06 1.05 1.05 1.05 1.05 1.05 1.05 1.05 1.05 1.05 1.05 1.04 1.04 1.04 1.04 1.04 1.04 1.04 1.04 1.04 1.03 1.03 1.03 1.03 1.03 1.03 1.03 1.03 1.04 1.04 1.04 1.04 1.04 1.04 1.05 1.54 1.54 1.06 1.06 3.52 3.53
1.15 1.15 1.15 1.15 1.14 1.14 1.14 1.14 1.13 1.13 1.13 1.13 1.12 1.12 1.12 1.11 1.11 1.11 1.10 1.10 1.10 1.09 1.09 1.09 1.08 1.08 1.08 1.08 1.07 1.07 1.07 1.07 1.07 1.06 1.06 1.06 1.06 1.06 1.06 1.06 1.05 1.05 1.05 1.05 1.05 1.05 1.05 1.05 1.05 1.05 1.05 1.05 1.05 1.05 1.04 1.04 1.04 1.04 1.04 1.04 1.04 1.04 1.04 1.04 1.04 1.04 1.04 1.04 1.04 1.04 1.04 1.04 1.04 1.04 1.05 1.05 1.05 1.05 1.06 1.06 1.06 1.07 1.07 1.07
1.15 1.15 1.15 1.14 1.14 1.14 1.14 1.13 1.13 1.13 1.12 1.12 1.12 1.12 1.11 1.11 1.11 1.10 1.10 1.10 1.09 1.09 1.09 1.08 1.08 1.08 1.07 1.07 1.07 1.07 1.06 1.06 1.06 1.06 1.06 1.06 1.05 1.05 1.05 1.05 1.05 1.05 1.05 1.05 1.05 1.05 1.05 1.05 1.05 1.05 1.05 1.05 1.05 1.04 1.04 1.04 1.04 1.04 1.04 1.04 1.04 1.04 1.04 1.04 1.04 1.04 1.04 1.04 1.04 1.04 1.05 1.05 1.05 1.05 1.05 1.06 1.06 1.06 1.06 1.07 1.07 1.07 1.08 1.08
1.15 1.15 1.14 1.14 1.14 1.14 1.13 1.13 1.13 1.12 1.12 1.12 1.11 1.11 1.11 1.10 1.10 1.10 1.09 1.09 1.09 1.08 1.08 1.08 1.07 1.07 1.07 1.07 1.06 1.06 1.06 1.06 1.06 1.05 1.05 1.05 1.05 1.05 1.05 1.05 1.05 1.05 1.05 1.05 1.05 1.05 1.05 1.05 1.05 1.05 1.05 1.05 1.05 1.05 1.05 1.05 1.04 1.04 1.04 1.04 1.04 1.04 1.04 1.05 1.05 1.05 1.05 1.05 1.05 1.05 1.05 1.05 1.06 1.06 1.06 1.06 1.07 1.57 1.07 1.08 1.08 1.08 1.08 1.09
1.14 1.14 1.14 1.14 1.14 1.13 1.13 1.13 1.12 1.12 1.12 1.11 1.11 1.11 1.10 1.10 1.10 1.09 1.09 1.09 1.08 1.08 1.08 1.07 1.07 1.07 1.06 1.06 1.06 1.06 1.05 1.05 1.05 1.05 1.05 1.05 1.05 1.04 1.04 1.04 1.04 1.04 1.04 1.04 1.04 1.04 1.04 1.04 1.04 1.04 1.04 1.05 1.05 1.05 1.05 1.05 1.05 1.54 1.54 1.54 1.05 1.05 1.05 1.05 1.05 1.05 1.05 1.05 1.06 1.06 1.06 1.06 1.06 1.07 1.07 1.07 1.57 1.58 1.08 1.59 1.09 1.09 1.60 1.10
1.67 1.14 1.14 1.13 1.13 1.13 1.13 1.12 1.12 1.12 1.11 1.11 1.11 1.10 1.10 1.10 1.09 1.09 1.09 1.08 1.08 1.08 1.07 1.07 1.07 1.06 1.06 1.06 1.05 1.05 1.05 1.05 1.05 1.05 1.04 1.04 1.04 1.04 1.04 1.04 1.04 1.04 1.04 1.04 1.04 1.04 1.04 1.04 1.04 1.04 1.04 1.05 1.05 1.05 1.05 1.05 1.05 1.54 1.54 1.54 1.05 1.05 1.05 1.05 1.05 1.06 1.06 1.06 1.06 1.06 1.07 1.07 1.07 1.07 1.08 1.58 1.08 1.08 1.09 1.09 1.09 1.10 1.10 1.10
1.14 1.14 1.13 1.13 1.13 1.13 1.12 1.12 1.12 1.12 1.11 1.11 1.10 1.10 1.10 1.09 1.09 1.09 1.08 1.08 1.08 1.07 1.07 1.06 1.06 1.06 1.06 1.05 1.05 1.05 1.05 1.04 1.04 1.04 1.04 1.04 1.04 1.04 1.04 1.04 1.04 1.04 1.04 1.04 1.04 1.04 1.04 1.04 1.04 1.04 1.04 1.05 1.05 1.05 1.05 1.05 1.54 1.05 1.54 1.54 1.05 1.06 1.06 1.06 1.06 1.06 1.06 1.06 1.07 1.07 1.07 1.07 1.08 1.08 1.59 1.09 1.60 1.09 1.10 1.10 1.10 1.11 1.11 1.63
1.14 1.13 1.13 1.13 1.13 1.12 1.12 1.12 1.12 1.11 1.11 1.11 1.10 1.10 1.09 1.09 1.09 1.08 1.08 1.07 1.07 1.07 1.06 1.06 1.06 1.05 1.05 1.05 1.05 1.04 1.04 1.04 1.04 1.04 1.04 1.03 1.03 1.03 1.03 1.03 1.03 1.03 1.04 1.04 1.04 1.04 1.04 1.04 1.04 1.04 1.04 1.05 1.05 1.05 1.05 1.05 3.47 3.48 1.06 1.06 1.06 1.06 1.06 1.06 1.06 1.07 1.07 1.07 1.07 1.08 1.08 1.08 1.08 1.09 1.09 1.09 1.10 1.10 1.10 1.11 1.11 1.11 1.12 1.12
1.13 1.13 1.13 1.13 1.12 1.12 1.12 1.12 1.11 1.11 1.11 1.10 1.10 1.09 1.09 1.09 1.08 1.08 1.08 1.07 1.07 1.06 1.06 1.06 1.05 1.05 1.05 1.04 1.04 1.04 1.04 1.04 1.03 1.03 1.03 1.03 1.03 1.03 1.03 1.03 1.03 1.03 1.03 1.03 1.04 1.04 1.04 1.04 1.53 1.04 1.05 1.05 1.05 1.05 1.05 1.05 1.06 3.48 1.06 1.06 1.06 1.06 1.07 1.07 1.07 1.07 1.07 1.08 1.08 1.08 1.09 1.09 1.09 1.10 1.10 1.10 1.11 1.11 1.11 1.12 1.12 1.12 1.13 1.13
1.13 1.13 1.13 1.12 1.12 1.12 1.12 1.11 1.11 1.11 1.10 1.10 1.10 1.09 1.09 1.08 1.08 1.08 1.07 1.07 1.06 1.06 1.06 1.05 1.05 1.05 1.04 1.04 1.04 1.04 1.03 1.03 1.03 1.03 1.03 1.03 1.03 1.03 1.03 1.03 1.03 1.03 1.03 1.03 1.03 1.04 1.04 1.04 1.04 1.53 1.05 1.05 1.05 1.05 1.05 1.06 1.06 1.06 1.06 1.06 1.07 1.57 1.07 1.07 1.08 1.08 1.08 1.08 1.09 1.09 1.09 1.10 1.10 1.10 1.11 1.11 1.11 1.12 1.12 1.12 1.13 1.13 1.13 1.14
1.13 1.13 1.12 1.12 1.12 1.12 1.11 1.11 1.11 1.10 1.10 1.10 1.09 1.09 1.08 1.08 1.08 1.07 1.07 1.06 1.06 1.06 1.05 1.05 1.05 1.04 1.04 1.04 1.03 1.03 1.03 1.03 1.03 1.03 1.03 1.03 1.02 1.03 1.03 1.03 1.03 1.03 1.03 1.03 1.03 1.04 1.04 1.04 1.04 1.04 1.05 1.05 1.05 1.05 1.06 1.06 1.06 1.06 1.07 1.07 1.07 1.07 1.08 1.08 1.08 1.08 1.09 1.09 1.09 1.10 1.10 1.10 1.11 1.11 1.11 1.12 1.12 1.13 1.13 1.13 1.14 1.14 1.14 1.15
1.13 1.12 1.12 1.12 1.12 1.11 1.11 1.11 1.10 1.10 1.10 1.09 1.09 1.09 1.08 1.08 1.07 1.07 1.06 1.06 1.06 1.05 1.05 1.05 1.04 1.04 1.04 1.03 1.03 1.03 1.03 1.03 1.02 1.02 1.02 1.02 1.02 1.02 1.50 1.50 1.03 1.03 1.03 1.03 1.03 1.04 1.04 1.04 1.04 1.05 1.05 1.05 1.05 1.06 1.06 1.06 1.07 1.07 1.07 1.07 1.08 1.08 1.08 1.08 1.09 1.09 1.09 1.10 1.10 1.10 1.11 1.11 1.11 1.12 1.12 1.13 1.13 1.13 1.14 1.14 1.14 1.15 1.15 1.15
1.12 1.12 1.12 1.12 1.11 1.11 1.11 1.11 1.10 1.10 1.09 1.09 1.09 1.08 1.08 1.07 1.07 1.07 1.06 1.06 1.05 1.05 1.05 1.04 1.04 1.04 1.03 1.03 1.03 1.03 1.02 1.02 1.02 1.02 1.02 1.02 1.02 1.02 1.02 1.02 1.02 1.03 1.03 1.03 1.03 1.04 1.04 1.04 1.04 1.54 1.05 1.05 1.06 1.06 1.06 1.07 1.07 1.07 1.08 1.08 1.08 1.08 1.09 1.09 1.09 1.10 1.10 1.10 1.11 1.11 1.11 1.12 1.12 1.13 1.13 1.14 1.14 1.14 1.15 1.15 1.15 1.16 1.16 1.16
1.65 1.12 1.12 1.11 1.11 1.11 1.11 1.10 1.10 1.10 1.09 1.09 1.08 1.08 1.08 1.07 1.07 1.06 1.06 1.05 1.05 1.05 1.04 1.04 1.04 1.03 1.03 1.03 1.02 1.02 1.02 1.02 1.02 1.02 1.02 1.02 1.02 1.02 1.02 1.02 1.02 1.03 1.03 1.03 1.03 1.04 1.04 1.04 1.05 1.05 1.05 1.06 1.06 1.06 1.07 1.07 1.07 1.08 1.08 1.08 1.09 1.09 1.09 1.10 1.10 1.10 1.11 1.11 1.11 1.12 1.12 1.13 1.13 1.14 1.14 1.14 1.15 1.15 1.16 1.16 1.16 1.17 1.17 1.17
1.12 1.12 1.12 1.11 1.11 1.11 1.10 1.10 1.10 1.09 1.09 1.09 1.08 1.08 1.07 1.07 1.06 1.06 1.06 1.05 1.05 1.04 1.04 1.04 1.03 1.03 1.03 1.02 1.02 1.02 1.49 1.02 1.02 1.02 1.02 1.02 1.02 1.02 1.02 1.02 1.02 1.03 1.03 1.03 1.03 1.04 1.04 1.04 1.05 1.05 1.06 1.06 1.06 1.07 1.07 1.08 1.08 1.08 1.09 1.09 1.09 1.10 1.10 1.10 1.11 1.11 1.11 1.12 1.12 1.13 1.13 1.13 1.14 1.14 1.15 1.15 1.16 1.16 1.16 1.17 1.17 1.17 1.18 1.18
1.12 1.12 1.11 1.11 1.11 1.10 1.10 1.10 1.09 1.09 1.09 1.08 1.08 1.07 1.07 1.07 1.06 1.55 1.05 1.05 1.04 1.04 1.04 1.03 1.03 1.03 1.50 1.02 1.02 1.02 1.02 1.02 1.01 1.01 1.01 1.02 1.02 1.02 1.02 1.02 1.02 1.03 1.03 1.03 1.04 1.04 1.04 1.05 1.05 1.06 1.06 1.06 1.07 1.07 1.08 1.08 1.09 1.09 1.09 1.10 1.10 1.10 1.11 1.11 1.11 1.12 1.12 1.13 1.13 1.13 1.14 1.14 1.15 1.15 1.16 1.16 1.17 1.17 1.17 1.18 1.18 1.18 1.19 1.19
1.12 1.11 1.11 1.11 1.11 1.10 1.10 1.10 1.09 1.09 1.08 1.08 1.08 1.07 1.07 1.06 1.06 1.05 1.05 1.05 1.04 1.04 1.03 1.03 1.03 1.50 1.02 1.02 1.49 1.49 1.49 1.01 1.49 1.01 1.01 1.01 1.02 1.02 1.02 1.02 1.02 1.03 1.03 1.03 1.04 1.04 1.05 1.05 1.05 1.06 1.06 1.07 1.07 1.08 1.08 1.09 1.09 1.10 1.10 1.10 1.11 1.11 1.11 1.12 1.12 1.12 1.13 1.13 1.14 1.14 1.15 1.15 1.16 1.16 1.17 1.17 1.17 1.18 1.18 1.19 1.19 1.19 1.19 1.20
1.11 1.11 1.11 1.11 1.10 1.10 1.10 1.09 1.09 1.09 1.08 1.08 1.07 1.07 1.07 1.06 1.06 1.05 1.05 1.04 1.04 1.04 1.03 1.03 1.02 1.02 1.02 1.02 1.49 1.49 1.49 1.01 1.01 1.01 1.01 1.01 1.02 1.02 1.02 1.02 1.02 1.03 1.03 1.04 1.04 1.04 1.05 1.05 1.06 1.06 1.07 1.07 1.08 1.08 1.09 1.09 1.10 1.10 1.11 1.11 1.11 1.12 1.12 1.13 1.13 1.13 1.14 1.14 1.15 1.15 1.16 1.16 1.17 1.17 1.18 1.18 1.18 1.19 1.19 1.19 1.20 1.20 1.20 1.20
1.11 1.11 1.11 1.10 1.10 1.10 1.10 1.09 1.09 1.08 1.08 1.08 1.07 1.07 1.06 1.06 1.05 1.05 1.05 1.04 1.04 1.03 1.03 1.03 1.02 1.02 1.02 1.49 1.49 1.01 1.01 1.01 1.01 1.01 1.01 1.01 1.02 1.02 1.02 1.02 1.03 1.03 1.03 1.04 1.04 1.05 1.05 1.06 1.06 1.07 1.07 1.08 1.09 1.09 1.10 1.10 1.11 1.11 1.12 1.12 1.12 1.13 1.13 1.13 1.14 1.14 1.15 1.15 1.16 1.16 1.16 1.17 1.17 1.18 1.18 1.19 1.19 1.20 1.20 1.20 1.21 1.21 1.21 1.21
1.11 1.11 1.11 1.10 1.10 1.10 1.09 1.09 1.09 1.08 1.08 1.07 1.07 1.07 1.06 1.06 1.05 1.05 1.04 1.04 1.04 1.03 1.03 1.02 1.02 1.02 1.02 1.49 1.01 1.01 1.01 1.01 1.01 1.01 1.01 1.02 1.02 1.02 1.02 1.03 1.03 1.03 1.04 1.04 1.05 1.05 1.06 1.06 1.07 1.07 1.08 1.09 1.09 1.10 1.10 1.11 1.11 1.12 1.12 1.13 1.13 1.14 1.67 1.14 1.15 1.15 1.16 1.16 1.16 1.17 1.72 1.18 1.18 1.19 1.19 1.20 1.20 1.21 1.21 1.21 1.22 1.22 1.22 1.22
1.11 1.11 1.10 1.10 1.10 1.09 1.09 1.09 1.08 1.08 1.08 1.07 1.07 1.06 1.06 1.05 1.05 1.05 1.04 1.04 1.03 1.03 1.03 1.02 1.50 1.02 1.49 3.21 1.01 1.01 1.01 1.01 1.01 1.01 1.01 1.02 1.02 1.02 1.02 1.03 1.03 1.04 1.04 1.04 1.05 1.06 1.06 1.07 1.07 1.08 1.09 1.09 1.10 1.11 1.11 1.12 1.12 1.13 1.13 1.14 1.68 1.68 1.15 1.15 1.16 1.16 1.17 1.72 1.17 1.18 0.36 0.36 0.36 3.98 1.20 1.21 1.21 1.21 1.22 1.22 1.22 1.23 1.23 1.23
1.11 1.10 1.10 1.10 1.10 1.09 1.09 1.09 1.08 1.08 1.07 1.07 1.07 1.06 1.06 1.05 1.05 1.04 1.04 1.04 1.03 1.03 1.03 1.02 1.02 1.02 1.02 1.01 1.01 1.01 1.01 1.01 1.01 1.02 1.02 1.02 1.02 1.02 1.03 1.03 1.03 1.04 1.04 1.05 1.05 1.06 1.07 1.07 1.08 1.09 1.09 1.10 1.11 1.64 1.12 1.13 1.13 1.14 1.14 1.15 1.15 1.16 1.16 1.71 1.17 1.17 1.73 1.18 1.19 1.19 1.75 1.20 1.20 1.21 1.21 1.22 1.22 1.22 1.23 1.23 1.23 1.23 1.23 1.24
1.10 1.10 1.10 1.10 1.09 1.09 1.09 1.08 1.08 1.08 1.07 1.07 1.06 1.06 1.06 1.05 1.05 1.04 1.04 1.04 1.03 1.03 1.03 1.50 1.02 1.02 1.02 1.02 1.01 1.01 1.01 1.01 1.49 1.02 1.02 1.02 1.02 1.03 1.03 1.03 1.04 1.04 1.05 1.05 1.06 1.07 1.07 1.08 1.09 1.09 1.10 1.11 1.12 1.12 1.13 1.14 1.14 1.15 1.16 1.16 1.17 1.17 1.17 1.73 1.73 1.18 1.19 1.19 1.20 1.76 1.20 1.21 1.21 1.22 1.22 1.23 1.23 1.23 1.24 1.24 1.24 1.24 1.24 1.24
1.10 1.10 1.10 1.10 1.09 1.09 1.09 1.08 1.08 1.08 1.07 1.07 1.06 1.06 1.05 1.05 1.05 1.04 1.04 1.03 1.03 1.03 1.03 1.02 1.50 1.02 1.02 1.02 1.02 1.02 1.02 1.02 1.02 1.02 1.02 1.02 1.03 1.03 1.03 1.04 1.04 1.05 1.05 1.06 1.07 1.07 1.08 1.09 1.09 1.10 1.11 1.12 1.13 1.13 1.14 1.15 1.16 1.16 1.17 1.17 1.18 1.18 1.19 1.74 1.75 1.75 1.20 1.20 1.77 1.21 1.22 1.22 3.43 1.23 1.23 1.23 1.24 1.24 1.24 1.25 1.25 1.25 1.25 1.25
1.10 1.10 1.10 1.09 1.09 1.09 1.09 1.08 1.08 1.07 1.07 1.07 1.06 1.06 1.05 1.05 1.05 1.04 1.04 1.03 1.03 1.03 1.03 1.02 1.50 1.02 1.02 1.02 1.02 1.02 1.02 1.02 1.02 1.02 1.03 1.03 1.03 1.04 1.04 1.04 1.05 1.05 1.06 1.07 1.07 1.08 1.09 1.09 1.10 1.11 1.12 1.13 1.14 1.15 1.15 1.16 1.17 1.17 1.18 1.19 1.19 1.19 1.76 1.76 1.77 1.77 1.78 1.22 1.22 1.22 4.69 3.43 3.43 1.24 1.24 1.24 1.25 1.25 1.25 1.25 1.25 1.25 1.26 1.26
1.10 1.10 1.10 1.09 1.09 1.09 1.08 1.08 1.08 1.07 1.07 1.06 1.06 1.06 1.05 1.05 1.04 1.04 1.04 1.03 1.03 1.03 1.03 1.02 1.02 1.02 1.02 1.02 1.02 1.02 1.02 1.02 1.03 1.03 1.03 1.03 1.04 1.04 1.04 1.05 1.05 1.06 1.07 1.07 1.08 1.09 1.10 1.10 1.11 1.64 1.13 1.14 1.15 1.16 1.17 1.17 1.18 1.19 1.19 1.20 1.20 1.21 1.21 1.78 1.79 1.22 1.22 1.23 1.23 1.23 4.72 3.76 1.24 1.25 1.25 1.25 1.25 1.26 1.26 1.26 1.26 1.26 1.26 1.26
1.10 1.10 1.09 1.09 1.09 1.09 1.08 1.08 1.08 1.07 1.07 1.06 1.06 1.06 1.05 1.05 1.04 1.04 1.04 1.04 1.03 1.03 1.03 1.03 1.02 1.02 1.02 1.02 1.02 1.02 1.03 1.03 1.03 1.03 1.04 1.04 1.04 1.05 1.05 1.06 1.06 1.07 1.07 1.08 1.09 1.10 1.10 1.63 1.12 1.66 1.14 1.15 1.16 1.17 1.18 1.19 1.19 1.20 1.21 1.21 1.22 1.22 1.23 1.23 1.81 3.74 1.24 1.24 1.24 1.24 4.74 4.75 4.75 4.07 1.26 1.26 1.26 1.26 1.27 1.27 1.27 1.27 1.27 1.27
1.10 1.10 1.09 1.09 1.09 1.08 1.08 1.08 1.07 1.07 1.07 1.06 1.06 1.06 1.05 1.05 1.05 1.04 1.04 1.04 1.03 1.03 1.51 1.51 1.03 1.03 1.03 1.03 1.03 1.03 1.03 1.03 1.03 1.04 1.04 1.04 1.05 1.05 1.06 1.06 1.07 1.08 1.08 1.09 1.10 1.10 1.11 1.65 1.66 1.67 1.15 1.16 1.17 1.18 1.75 1.20 1.21 1.21 1.22 1.23 1.23 1.24 1.24 1.24 1.83 3.78 3.79 3.79 3.79 4.07 4.76 4.77 1.43 4.08 4.09 1.27 1.27 1.27 1.27 1.27 1.27 1.27 1.27 1.27
1.10 1.10 1.09 1.09 1.09 1.08 1.08 1.08 1.07 1.07 1.07 1.06 1.06 3.35 1.05 1.54 1.05 1.04 1.04 1.04 1.04 1.52 1.51 1.03 1.03 1.03 1.03 1.03 1.03 1.03 1.04 1.04 1.04 1.04 1.05 1.05 1.06 1.06 1.07 1.07 1.08 1.08 1.09 1.10 1.11 1.11 1.12 1.66 1.14 1.15 1.16 1.17 1.18 1.19 1.20 1.21 1.22 1.23 1.81 1.24 1.25 1.25 1.25 1.84 1.84 3.82 3.83 4.77 3.84 3.84 3.85 4.79 4.79 4.10 4.80 3.60 1.08 1.28 1.83 1.28 1.28 1.28 1.28 1.28
1.10 1.10 1.09 1.09 1.09 1.08 1.08 1.08 1.07 1.07 1.07 1.06 1.06 1.55 1.55 1.05 1.05 1.04 1.04 1.04 3.29 3.28 1.04 1.03 1.03 1.03 1.03 1.04 1.52 1.04 1.04 1.04 1.05 1.05 1.05 1.06 1.06 1.07 1.07 1.08 1.09 1.09 1.10 1.11 1.11 1.12 1.13 1.14 1.15 1.16 1.17 1.18 1.20 1.21 1.22 1.23 1.23 1.24 1.25 1.25 1.26 1.26 1.27 1.86 1.86 3.86 4.80 4.80 4.11 4.80 4.81 4.81 4.81 4.81 2.71 2.71 2.71 2.71 0.39 1.29 0.39 3.60 2.70 3.59
1.10 1.10 1.09 1.09 1.09 1.08 1.08 1.08 1.07 1.07 1.07 1.06 1.06 1.06 1.06 1.54 1.05 1.05 1.05 1.04 1.53 1.53 3.46 1.04 3.15 1.04 1.04 1.04 1.04 1.05 1.05 1.05 1.05 1.06 1.06 1.07 0.32 1.08 1.08 1.09 1.09 1.10 1.11 1.12 1.12 1.13 1.14 1.15 1.16 1.17 1.19 1.20 1.21 1.22 1.23 1.24 1.25 1.84 1.85 1.86 1.87 1.87 1.28 1.88 1.88 3.90 4.82 1.45 4.13 4.13 4.83 4.83 4.83 1.09 1.09 2.71 3.62 3.62 3.61 0.00 1.08 3.61 2.70 2.69
1.10 1.10 1.09 1.09 1.09 1.08 1.08 1.08 1.08 1.07 1.07 1.07 1.06 1.06 1.06 1.05 1.05 1.05 1.05 1.05 1.53 1.04 3.48 3.48 3.44 4.05 1.05 1.05 1.05 1.05 1.05 1.06 1.06 1.07 1.07 1.07 1.08 0.33 1.09 1.10 1.10 1.11 1.12 1.13 1.13 1.14 1.15 1.16 1.17 1.74 1.20 1.21 1.22 1.23 1.24 1.83 1.26 1.86 1.87 1.88 4.07 4.08 1.89 1.90 1.90 4.15 4.85 1.45 1.45 2.83 2.83 2.82 3.64 2.72 3.64 3.63 3.63 3.63 3.62 0.00 0.00 0.00 1.30 1.30
1.10 1.10 1.09 1.09 1.09 1.09 1.08 1.08 1.58 1.07 1.07 1.07 1.07 1.06 1.06 1.06 1.06 1.05 1.05 1.05 1.54 1.54 1.05 3.49 3.46 4.07 1.05 1.05 1.06 1.55 1.06 1.56 1.57 1.07 1.08 1.08 1.09 1.26 1.10 1.11 1.11 1.64 1.65 1.14 1.15 1.15 1.16 1.17 1.19 1.20 1.21 1.22 1.23 1.24 1.25 3.99 3.86 3.86 1.89 1.89 4.11 1.91 1.30 1.31 1.31 1.31 4.87 4.87 2.83 4.87 1.46 1.10 3.66 3.66 3.24 3.24 3.64 3.05 0.00 0.00 0.00 0.00 0.00 1.31
1.10 1.10 1.09 1.09 1.09 1.09 1.08 1.59 1.58 1.08 1.07 1.07 3.24 1.56 1.06 1.06 1.06 1.06 1.06 1.06 1.55 1.05 1.06 4.15 4.08 1.06 1.06 1.06 1.06 1.57 1.57 1.58 1.58 1.08 1.60 1.09 1.61 1.10 2.63 4.25 1.65 1.66 1.67 1.68 1.69 1.16 1.17 1.19 1.20 1.77 1.22 1.23 1.82 1.25 3.82 4.77 3.89 3.91 4.83 1.91 1.92 1.92 1.93 1.32 1.32 1.32 4.89 4.89 1.47 1.47 3.69 3.68 3.09 3.08 3.67 3.66 3.66 3.65 0.00 0.00 0.00 0.00 0.00 0.00
1.10 1.10 1.10 1.09 1.09 1.09 1.59 1.08 1.08 1.08 1.08 1.07 1.07 1.07 1.07 1.07 1.06 1.06 1.06 1.06 1.06 1.06 1.06 4.17 1.06 1.07 1.07 1.07 1.07 1.08 1.58 1.59 1.60 1.60 3.66 1.62 1.63 1.11 1.12 1.28 3.67 3.46 1.68 1.70 1.71 1.18 1.19 1.20 1.21 1.22 1.23 1.24 1.25 4.03 3.84 4.79 4.82 1.45 4.85 3.94 1.93 1.94 1.95 0.58 2.85 4.91 4.91 4.92 4.03 3.71 3.29 3.28 3.10 3.69 3.69 3.08 3.68 3.67 0.00 0.00 0.00 0.00 0.00 0.00
1.10 1.10 1.10 1.10 1.09 1.09 1.09 1.09 3.43 3.55 3.27 1.08 1.58 1.57 1.07 1.07 1.07 1.07 1.07 1.07 1.07 1.07 1.07 4.11 1.07 1.07 1.08 1.08 1.08 1.09 1.09 3.65 3.66 3.68 3.69 1.63 1.12 1.12 1.13 1.14 1.14 4.34 1.16 1.17 1.18 1.19 1.20 1.21 1.22 1.23 1.82 1.25 1.26 4.04 4.67 4.81 4.83 4.85 2.83 1.47 1.95 1.33 0.40 2.85 2.85 4.06 4.24 4.94 3.13 3.13 3.13 3.23 3.30 3.71 3.10 3.70 3.09 3.69 3.68 0.00 0.00 0.00 0.00 0.00
1.10 1.10 1.10 1.10 1.10 1.09 1.60 1.09 1.09 3.29 1.08 1.08 1.58 1.58 1.58 1.08 1.07 1.07 1.07 1.07 1.07 1.08 1.08 4.13 1.08 1.08 1.09 1.09 1.09 1.10 1.10 3.68 3.70 3.71 3.73 3.75 1.13 1.14 1.14 1.15 1.15 4.45 1.17 1.18 1.74 1.75 1.21 1.22 1.80 1.24 1.83 1.85 1.27 1.28 4.04 4.14 4.85 4.87 2.84 2.84 4.92 4.23 2.85 2.86 4.08 4.08 4.26 3.27 3.15 3.14 3.14 3.74 3.32 3.95 3.73 3.11 3.11 3.10 3.70 0.00 0.00 0.00 0.00 0.00
1.11 1.10 1.10 1.10 1.10 1.10 1.09 1.09 1.09 1.60 1.09 1.59 1.59 3.43 1.59 1.59 1.08 1.08 1.08 1.08 1.08 1.08 1.09 1.09 1.09 1.09 1.10 1.10 1.10 1.11 1.11 3.72 3.73 3.75 3.76 3.78 1.14 1.15 1.15 1.16 4.37 4.48 1.18 1.19 1.20 1.21 1.22 1.23 1.81 1.83 1.84 4.02 4.05 1.29 4.05 2.82 2.83 2.84 2.84 4.92 2.85 4.08 2.86 2.93 0.41 5.37 4.51 2.01 1.37 3.27 3.77 4.45 3.76 3.75 3.75 3.75 4.29 4.26 0.00 0.00 0.00 0.00 0.00 0.00
