New_Model_Runs/3_scn2_noclimate_out/post_prcessed_with_MFR/Monthly_summaries/actual_et_monthly_JAN.asc
NCOLS 700
NROWS 400
XLLCENTER 515000.000000
YLLCENTER 8409000.000000
CELLSIZE 50.000000
NODATA_value -999.000000
[rows 190 to 227 of 400, columns 168 to 251 of 700]
1.36 1.99 1.99 1.99 1.98 1.98 1.35 1.35 1.35 1.34 1.34 1.34 1.34 1.34 1.34 1.33 1.33 1.33 1.33 1.33 1.33 1.32 1.32 1.32 1.32 1.32 1.32 1.31 1.31 1.31 1.31 1.31 1.31 1.30 1.30 1.30 1.30 1.30 1.29 1.29 1.29 1.29 1.29 1.28 1.28 1.28 1.28 1.28 1.27 1.27 1.27 1.27 1.26 1.26 1.26 1.26 1.25 1.25 1.25 1.25 1.24 1.24 1.24 1.24 1.81 1.80 1.80 1.80 1.79 1.22 1.22 1.21 1.21 1.21 1.21 1.76 1.20 1.20 1.19 1.19 1.19 1.19 1.18 1.18
1.99 1.35 1.35 1.98 1.98 1.98 1.97 1.34 1.34 1.34 1.34 1.34 1.34 1.33 1.33 1.33 1.33 1.33 1.33 1.32 1.32 1.32 1.32 1.32 1.32 1.31 1.31 1.31 1.31 1.31 1.30 1.30 1.30 1.30 1.30 1.30 1.29 1.29 1.29 1.29 1.29 1.28 1.28 1.28 1.28 1.28 1.27 1.27 1.27 1.27 1.26 1.26 1.26 1.26 1.25 1.25 1.25 1.25 1.24 1.24 1.24 1.24 1.23 1.23 1.23 1.23 1.22 1.22 1.79 1.22 1.21 1.21 1.21 1.20 1.20 1.20 1.20 1.19 1.19 1.19 1.19 1.18 1.18 1.18
1.98 1.35 1.35 1.98 1.97 1.34 1.34 1.34 1.34 1.34 1.34 1.33 1.33 1.33 1.33 1.33 1.33 1.32 1.32 1.32 1.32 1.32 1.32 1.31 1.31 1.31 1.31 1.31 1.30 1.30 1.30 1.30 1.30 1.30 1.29 1.29 1.29 1.29 1.29 1.28 1.28 1.28 1.28 1.28 1.27 1.27 1.27 1.27 1.26 1.26 1.26 1.26 1.25 1.25 1.25 1.25 1.24 1.24 1.24 1.24 1.23 1.23 1.23 1.23 1.22 1.79 1.22 1.22 1.21 1.21 1.21 1.21 1.20 1.20 1.20 1.20 1.19 1.19 1.19 1.19 1.18 1.18 1.18 1.18
1.98 1.35 1.35 1.34 1.97 1.34 1.34 1.34 1.34 1.33 1.33 1.33 1.33 1.33 1.33 1.32 1.32 1.32 1.32 1.32 1.32 1.31 1.31 1.31 1.31 1.31 1.30 1.30 1.30 1.30 1.30 1.30 1.29 1.29 1.29 1.29 1.29 1.28 1.28 1.28 1.28 1.27 1.27 1.27 1.27 1.27 1.26 1.26 1.26 1.26 1.25 1.25 1.25 1.25 1.24 1.24 1.24 1.24 1.24 1.23 1.23 1.23 1.23 1.22 1.22 1.79 1.22 1.21 1.21 1.21 1.20 1.20 1.20 1.20 1.19 1.19 1.19 1.19 1.74 1.18 1.18 1.18 1.17 1.17
1.35 1.34 1.34 1.34 1.96 1.34 1.34 1.33 1.33 1.33 1.33 1.33 1.33 1.32 1.32 1.32 1.32 1.32 1.32 1.31 1.31 1.31 1.31 1.31 1.30 1.30 1.30 1.30 1.30 1.29 1.29 1.29 1.29 1.29 1.29 1.28 1.28 1.28 1.28 1.27 1.27 1.27 1.27 1.27 1.26 1.26 1.26 1.26 1.25 1.25 1.25 1.25 1.24 1.24 1.24 1.24 1.24 1.23 1.80 1.23 1.23 1.22 1.22 1.22 1.22 1.21 1.21 1.21 1.21 1.20 1.20 1.20 1.20 1.19 1.19 1.19 1.19 1.74 1.73 1.18 1.18 1.17 1.17 1.17
1.34 1.34 1.34 1.34 1.34 1.33 1.33 1.33 1.33 1.33 1.33 1.94 1.32 1.32 1.32 1.32 1.32 1.31 1.31 1.31 1.31 1.31 1.30 1.30 1.30 1.30 1.30 1.29 1.29 1.29 1.29 1.29 1.29 1.28 1.28 1.28 1.28 1.27 1.27 1.27 1.27 1.27 1.26 1.26 1.26 1.26 1.25 1.25 1.25 1.25 1.24 1.24 1.24 1.24 1.24 1.23 1.23 1.23 1.23 1.22 1.22 1.22 1.22 1.21 1.21 1.21 1.21 1.77 1.76 1.20 1.20 1.20 1.19 1.19 1.19 1.19 1.18 1.18 1.18 1.18 1.17 1.17 1.17 1.17
1.34 1.34 1.34 1.33 1.33 1.95 1.33 1.33 1.33 1.32 1.32 1.94 1.93 1.32 1.32 1.31 1.31 1.31 1.31 1.31 1.30 1.30 1.30 1.30 1.30 1.30 1.29 1.29 1.29 1.29 1.29 1.28 1.28 1.28 1.28 1.27 1.27 1.27 1.27 1.27 1.26 1.26 1.26 1.26 1.25 1.25 1.25 1.25 1.24 1.24 1.24 1.24 1.24 1.23 1.23 1.23 1.23 1.22 1.22 1.22 1.22 1.21 1.21 1.21 1.21 1.21 1.20 1.20 1.20 1.20 1.19 1.19 1.19 1.19 1.19 1.18 1.18 1.18 1.18 1.17 1.17 1.17 1.17 1.16
1.34 1.33 1.33 1.33 1.33 1.33 1.33 1.32 1.32 1.32 1.32 1.32 1.93 1.31 1.31 1.31 1.31 1.31 1.30 1.30 1.30 1.30 1.30 1.30 1.29 1.29 1.29 1.29 1.29 1.28 1.28 1.28 1.28 1.28 1.27 1.27 1.27 1.27 1.26 1.26 1.26 1.26 1.25 1.25 1.25 1.25 1.24 1.24 1.24 1.24 1.24 1.23 1.23 1.80 1.23 1.22 1.22 1.22 1.22 1.21 1.21 1.21 1.21 1.21 1.20 1.20 1.20 1.20 1.20 1.19 1.19 1.19 1.19 1.18 1.18 1.18 1.18 1.18 1.17 1.17 1.17 1.17 1.16 1.16
1.33 1.33 1.33 1.33 1.33 1.32 1.32 1.32 1.32 1.32 1.32 1.31 1.31 1.31 1.31 1.31 1.31 1.30 1.30 1.30 1.30 1.30 1.29 1.29 1.29 1.29 1.29 1.28 1.28 1.28 1.28 1.28 1.27 1.27 1.27 1.27 1.26 1.26 1.26 1.26 1.25 1.25 1.25 1.25 1.25 1.24 1.24 1.24 1.24 1.23 1.23 1.23 1.23 1.22 1.22 1.22 1.22 1.21 1.21 1.21 1.21 1.21 1.20 1.20 1.20 1.20 1.20 1.19 1.19 1.19 1.19 1.19 1.18 1.18 1.18 1.18 1.17 1.17 1.17 1.17 1.17 1.16 1.16 1.16
1.33 1.33 1.33 1.32 1.32 1.32 1.32 1.32 1.32 1.31 1.31 1.31 1.31 1.31 1.31 1.30 1.30 1.30 1.30 1.30 1.29 1.29 1.29 1.29 1.29 1.28 1.28 1.28 1.28 1.28 1.27 1.27 1.27 1.27 1.27 1.26 1.26 1.26 1.26 1.25 1.25 1.25 1.25 1.24 1.24 1.24 1.24 1.23 1.23 1.23 1.23 1.22 1.22 1.22 1.22 1.21 1.21 1.21 1.21 1.21 1.20 1.20 1.20 1.20 1.20 1.19 1.19 1.19 1.19 1.19 1.18 1.18 1.18 1.18 1.18 1.17 1.17 1.17 1.17 1.16 1.16 1.16 1.16 1.15
1.33 1.33 1.32 1.32 1.32 1.32 1.32 1.31 1.31 1.31 1.31 1.31 1.31 1.30 1.30 1.30 1.30 1.30 1.29 1.29 1.29 1.29 1.29 1.28 1.28 1.28 1.28 1.28 1.27 1.27 1.27 1.27 1.27 1.26 1.26 1.26 1.26 1.25 1.25 1.25 1.25 1.24 1.24 1.24 1.24 1.23 1.23 1.23 1.23 1.22 1.22 1.22 1.22 1.21 1.21 1.21 1.21 1.21 1.20 1.20 1.20 1.20 1.20 1.19 1.19 1.19 1.19 1.19 1.18 1.18 1.18 1.18 1.18 1.17 1.17 1.17 1.17 1.71 1.16 1.16 1.16 1.16 1.15 1.15
1.32 1.32 1.32 1.32 1.32 1.32 1.31 1.31 1.31 1.31 1.31 1.30 1.30 1.30 1.30 1.30 1.30 1.29 1.29 1.29 1.29 1.29 1.28 1.28 1.28 1.28 1.28 1.27 1.27 1.27 1.27 1.26 1.26 1.26 1.26 1.26 1.25 1.25 1.25 1.25 1.24 1.24 1.24 1.23 1.23 1.23 1.23 1.22 1.22 1.22 1.22 1.22 1.21 1.21 1.21 1.21 1.20 1.20 1.20 1.20 1.20 1.19 1.19 1.19 1.19 1.19 1.18 1.18 1.18 1.73 1.18 1.18 1.17 1.72 1.17 1.17 1.17 1.16 1.16 1.16 1.16 1.15 1.15 1.15
1.32 1.32 1.32 1.32 1.31 1.31 1.31 1.31 1.31 1.30 1.30 1.30 1.30 1.30 1.30 1.29 1.29 1.29 1.29 1.29 1.28 1.28 1.28 1.28 1.28 1.27 1.27 1.27 1.27 1.27 1.26 1.26 1.26 1.26 1.25 1.25 1.25 1.25 1.24 1.24 1.24 1.24 1.23 1.23 1.23 1.23 1.22 1.22 1.22 1.22 1.21 1.78 1.21 1.21 1.20 1.20 1.20 1.20 1.20 1.19 1.19 1.19 1.19 1.19 1.18 1.18 1.18 1.18 1.18 1.18 1.17 1.17 1.17 1.17 1.17 1.17 1.16 1.16 1.16 1.16 1.15 1.15 1.15 1.15
1.32 1.32 1.31 1.31 1.31 1.31 1.31 1.31 1.30 1.30 1.30 1.30 1.30 1.29 1.29 1.29 1.29 1.29 1.28 1.28 1.28 1.28 1.28 1.28 1.27 1.27 1.27 1.27 1.26 1.26 1.26 1.26 1.26 1.25 1.25 1.25 1.25 1.24 1.24 1.24 1.24 1.23 1.23 1.23 1.22 1.22 1.22 1.22 1.21 1.21 1.21 1.21 1.20 1.20 1.20 1.20 1.20 1.19 1.19 1.19 1.19 1.19 1.19 1.18 1.18 1.18 1.18 1.18 1.17 1.17 1.72 1.17 1.17 1.17 1.16 1.16 1.16 1.16 1.16 1.15 1.15 1.15 1.15 1.14
1.31 1.31 1.31 1.31 1.31 1.31 1.30 1.30 1.30 1.30 1.30 1.29 1.29 1.29 1.29 1.89 1.29 1.28 1.28 1.28 1.28 1.28 1.27 1.27 1.27 1.27 1.27 1.26 1.26 1.26 1.26 1.25 1.25 1.25 1.25 1.24 1.24 1.24 1.24 1.23 1.23 1.23 1.23 1.22 1.22 1.22 1.22 1.21 1.21 1.21 1.21 1.20 1.20 1.20 1.20 1.19 1.19 1.19 1.19 1.19 1.19 1.18 1.73 1.18 1.18 1.18 1.17 1.17 1.17 1.17 1.71 1.17 1.16 1.16 1.16 1.16 1.16 1.16 1.15 1.15 1.15 1.15 1.14 1.67
1.31 1.31 1.31 1.31 1.30 1.30 1.30 1.30 1.30 1.30 1.29 1.29 1.29 1.29 1.29 1.28 1.28 1.28 1.28 1.28 1.27 1.27 1.27 1.27 1.27 1.26 1.26 1.26 1.26 1.26 1.25 1.25 1.25 1.25 1.24 1.24 1.24 1.24 1.23 1.23 1.23 1.23 1.22 1.22 1.22 1.21 1.21 1.21 1.21 1.20 1.20 1.20 1.20 1.20 1.19 1.19 1.19 1.19 1.19 1.18 1.18 1.18 1.18 1.18 1.17 1.17 1.17 1.17 1.17 1.17 1.17 1.16 1.16 1.16 1.16 1.16 1.15 1.15 1.15 1.15 1.15 1.14 1.14 1.14
1.31 1.31 1.31 1.30 1.30 1.30 1.30 1.30 1.29 1.29 1.29 1.29 1.29 1.88 1.28 1.28 1.28 1.28 1.28 1.27 1.27 1.27 1.27 1.27 1.26 1.26 1.26 1.26 1.26 1.25 1.25 1.25 1.25 1.24 1.24 1.24 1.24 1.23 1.23 1.23 1.23 1.22 1.22 1.22 1.21 1.21 1.21 1.21 1.20 1.20 1.20 1.20 1.19 1.19 1.19 1.19 1.19 1.18 1.18 1.18 1.18 1.18 1.18 1.17 1.17 1.17 1.17 1.17 1.17 1.16 1.16 1.16 1.16 1.70 1.16 1.15 1.15 1.15 1.15 1.15 1.14 1.14 1.14 1.14
1.31 1.30 1.30 1.30 1.30 1.30 1.30 1.29 1.29 1.29 1.29 1.29 1.28 1.28 1.28 1.88 1.28 1.27 1.27 1.27 1.27 1.86 1.26 1.26 1.26 1.26 1.26 1.25 1.25 1.25 1.83 1.25 1.24 1.24 1.24 1.24 1.23 1.23 1.23 1.22 1.22 1.22 1.22 1.21 1.21 1.21 1.21 1.20 1.20 1.20 1.20 1.19 1.19 1.19 1.19 1.18 1.18 1.18 1.18 1.18 1.18 1.17 1.17 1.17 1.71 1.17 1.17 1.16 1.16 1.16 1.16 1.16 1.16 1.15 1.15 1.15 1.15 1.15 1.15 1.14 1.14 1.14 1.14 1.13
1.30 1.30 1.30 1.30 1.30 1.29 1.29 1.29 1.29 1.29 1.28 1.28 1.28 1.28 1.28 1.28 1.27 1.27 1.27 1.27 1.27 1.85 1.26 1.26 1.26 1.26 1.25 1.25 1.25 1.25 1.83 1.24 1.24 1.24 1.24 1.23 1.23 1.23 1.22 1.22 1.22 1.22 1.21 1.21 1.21 1.21 1.20 1.20 1.20 1.19 1.19 1.19 1.19 1.19 1.18 1.18 1.18 1.18 1.18 1.17 1.17 1.72 1.17 1.17 1.71 1.16 1.16 1.16 1.16 1.16 1.16 1.16 1.15 1.15 1.15 1.15 1.15 1.15 1.14 1.14 1.14 1.14 1.13 1.13
1.30 1.30 1.30 1.29 1.29 1.29 1.29 1.29 1.29 1.28 1.28 1.28 1.28 1.28 1.27 1.27 1.27 1.27 1.86 1.27 1.85 1.26 1.26 1.26 1.26 1.25 1.25 1.25 1.25 1.24 1.24 1.24 1.24 1.23 1.23 1.23 1.23 1.22 1.22 1.22 1.22 1.21 1.21 1.21 1.21 1.20 1.20 1.20 1.19 1.19 1.19 1.19 1.19 1.18 1.18 1.18 1.18 1.17 1.17 1.17 1.17 1.17 1.17 1.16 1.16 1.16 1.16 1.16 1.16 1.16 1.15 1.15 1.15 1.15 1.15 1.15 1.14 1.14 1.14 1.14 1.14 1.13 1.13 1.13
1.30 1.30 1.29 1.29 1.29 1.29 1.29 1.28 1.28 1.28 1.28 1.28 1.28 1.27 1.27 1.27 1.27 1.86 1.26 1.26 1.26 1.26 1.26 1.25 1.25 1.25 1.25 1.25 1.24 1.24 1.24 1.81 1.23 1.23 1.23 1.23 1.22 1.22 1.22 1.22 1.21 1.21 1.21 1.21 1.20 1.20 1.20 1.19 1.19 1.19 1.19 1.18 1.18 1.18 1.18 1.18 1.17 1.17 1.17 1.17 1.17 1.17 1.16 1.16 1.16 1.16 1.16 1.16 1.15 1.15 1.15 1.15 1.15 1.15 1.15 1.14 1.14 1.14 1.14 1.14 1.13 1.13 1.13 1.13
1.30 1.29 1.29 1.29 1.29 1.29 1.28 1.28 1.28 1.28 1.28 1.28 1.27 1.27 1.27 1.27 1.86 1.85 1.26 1.26 1.26 1.26 1.25 1.25 1.25 1.83 1.83 1.24 1.24 1.24 1.81 1.23 1.23 1.23 1.23 1.22 1.22 1.22 1.22 1.21 1.21 1.21 1.21 1.20 1.20 1.20 1.19 1.19 1.19 1.19 1.18 1.18 1.18 1.18 1.18 1.17 1.17 1.17 1.17 1.17 1.16 1.16 1.16 1.16 1.16 1.16 1.16 1.15 1.15 1.15 1.15 1.15 1.15 1.14 1.14 1.14 1.14 1.14 1.14 1.13 1.13 1.13 1.13 1.65
1.29 1.29 1.29 1.29 1.29 1.28 1.28 1.28 1.28 1.28 1.27 1.27 1.27 1.86 1.86 1.27 1.85 1.26 4.19 4.19 1.26 1.25 1.84 1.25 1.25 1.25 4.14 4.13 4.13 1.24 1.23 1.23 1.23 1.23 1.23 1.22 1.22 1.22 1.21 1.21 1.21 1.21 1.20 1.20 1.20 1.20 1.19 1.19 1.19 1.18 1.18 1.18 1.18 1.18 1.17 1.17 1.17 1.17 1.71 1.16 1.16 1.16 1.16 1.16 1.16 1.15 1.15 1.15 1.15 1.15 1.68 1.68 1.14 1.14 1.14 1.14 1.14 1.14 1.13 1.13 1.13 1.13 1.12 1.12
1.29 1.29 1.29 1.28 1.28 1.28 1.28 1.28 1.28 1.27 1.27 1.27 1.86 1.86 1.26 1.26 1.26 3.82 4.19 4.94 4.17 1.25 1.25 1.25 1.83 4.14 4.13 4.13 4.12 4.86 4.11 1.80 1.23 1.23 1.22 1.22 1.22 1.22 1.21 1.21 1.21 1.20 1.20 1.20 1.20 1.19 1.19 1.19 1.74 1.73 1.18 1.18 1.18 1.17 1.17 1.17 1.17 1.17 1.16 1.16 1.16 1.16 1.16 1.16 1.15 1.15 1.69 1.15 1.15 1.15 1.68 1.68 1.14 1.14 1.14 1.14 1.14 1.13 1.13 1.13 1.13 1.13 1.12 1.12
1.29 1.29 1.88 1.28 1.28 1.28 1.28 1.28 1.27 1.27 1.27 1.27 1.27 1.26 1.26 3.82 3.82 3.81 4.94 1.84 1.83 1.83 1.83 1.83 4.14 4.13 4.13 4.12 1.81 4.11 3.73 1.80 1.80 1.22 1.22 1.22 1.22 1.21 1.21 1.21 1.21 1.20 1.20 1.20 1.19 1.19 1.19 1.19 1.18 1.18 1.18 1.18 1.17 1.17 1.17 1.17 1.17 1.16 1.16 1.16 1.16 1.16 1.15 1.15 1.15 1.15 1.15 1.15 1.15 1.14 1.68 1.67 1.14 1.14 1.14 1.14 1.13 1.13 1.13 1.13 1.13 1.12 1.12 1.12
1.29 1.28 1.28 1.28 1.28 1.28 1.27 1.27 1.27 1.27 1.27 1.27 3.83 4.21 3.82 3.82 3.81 1.48 4.17 1.83 1.83 1.83 1.83 1.82 4.13 4.13 4.12 4.11 4.11 3.73 1.80 1.80 1.22 1.22 1.22 1.22 1.21 1.21 1.21 1.21 1.20 1.20 1.20 1.20 1.19 1.19 1.19 1.18 1.18 1.18 1.18 1.17 1.17 1.17 1.17 1.17 1.16 1.16 1.16 1.16 1.16 1.15 1.15 1.15 1.15 1.15 1.15 1.15 1.14 1.68 1.67 1.67 1.67 1.14 1.14 1.13 1.13 1.13 1.13 1.13 1.12 1.12 1.12 1.12
1.28 1.28 1.28 1.28 1.28 1.27 1.87 1.86 1.27 1.27 1.27 1.26 1.26 4.20 4.19 4.18 4.18 1.48 4.16 4.16 1.83 1.24 1.24 4.13 4.13 4.12 4.11 4.85 3.90 1.80 1.80 1.79 1.22 1.22 1.22 1.21 1.21 1.21 1.21 1.20 1.20 1.20 1.20 1.19 1.19 1.19 1.19 1.18 1.18 1.18 1.18 1.17 1.17 1.17 1.17 1.16 1.16 1.16 1.16 1.16 1.15 1.15 1.15 1.15 1.15 1.15 1.15 1.14 1.14 3.61 1.67 1.67 1.14 1.14 1.13 1.13 1.66 1.13 1.13 1.13 1.12 1.12 1.12 1.12
1.88 1.28 1.28 1.28 1.27 1.27 1.27 1.27 1.86 1.86 1.26 1.26 1.26 4.19 4.18 4.18 4.17 4.92 1.83 1.83 1.24 4.14 4.13 4.13 4.12 4.11 4.85 1.23 1.23 1.80 1.80 1.22 1.22 1.22 1.22 1.21 1.21 1.21 1.21 1.20 1.20 1.20 1.19 1.75 1.74 1.19 1.18 1.18 1.18 1.18 1.17 1.17 1.17 1.17 1.16 1.16 1.16 1.16 1.16 1.69 1.15 1.15 1.15 1.15 1.15 1.15 1.14 1.14 1.14 1.14 1.14 1.14 1.14 1.13 1.13 1.13 1.13 1.13 1.13 1.12 1.12 1.12 1.12 1.12
1.28 1.28 1.28 1.27 1.27 1.86 1.27 1.86 1.86 1.26 1.26 1.26 1.26 3.81 3.80 4.17 4.92 1.83 1.83 1.83 1.24 1.24 1.82 4.86 4.86 4.11 4.84 1.23 1.80 1.80 1.22 1.22 1.22 1.78 1.21 1.21 1.21 1.21 1.20 1.76 1.76 1.20 1.19 1.19 1.19 1.19 1.18 1.18 1.18 1.17 1.17 1.17 1.17 1.17 1.16 1.16 1.16 1.16 1.16 1.15 1.15 1.15 1.15 1.15 1.15 1.14 1.14 1.14 1.14 1.14 1.14 1.14 1.13 1.13 1.13 1.13 1.13 1.13 1.13 1.12 1.12 1.12 1.12 1.12
1.28 1.28 1.27 1.27 1.27 1.27 1.27 1.27 1.26 1.26 1.26 1.26 3.81 3.80 3.80 4.16 4.91 3.78 1.83 3.94 1.82 1.24 1.24 4.86 4.85 4.84 4.83 1.23 1.23 1.22 1.22 1.22 1.22 1.21 1.21 1.21 1.21 1.20 1.76 1.76 1.20 1.75 1.19 1.19 1.19 1.18 1.18 1.18 1.18 1.17 1.17 1.17 1.17 1.16 1.16 1.16 1.16 1.16 1.15 1.15 1.15 1.15 1.15 1.15 1.14 1.14 1.14 1.14 1.14 1.14 1.14 1.14 1.13 1.13 1.13 1.13 1.13 1.13 1.12 1.12 1.12 1.12 1.12 1.11
1.28 1.28 1.27 1.27 1.27 1.27 1.27 1.26 1.26 1.85 1.26 1.26 3.81 3.80 4.92 4.91 3.78 4.15 4.14 1.82 1.82 1.24 1.24 4.85 4.84 4.84 4.83 1.80 1.22 1.22 1.22 1.22 1.22 1.21 1.21 1.21 1.77 1.77 1.76 1.76 1.75 1.19 1.19 1.19 1.74 1.73 1.18 1.18 1.18 1.72 1.17 1.17 1.17 1.16 1.16 1.16 1.16 1.16 1.15 1.15 1.15 1.15 1.15 1.15 1.14 1.14 1.14 1.14 1.14 1.14 1.14 1.13 1.13 1.13 1.13 1.13 1.13 1.13 1.12 1.12 1.12 1.12 1.12 1.12
1.28 1.27 1.27 1.27 1.27 1.27 1.26 1.26 1.85 1.26 1.84 1.25 1.25 4.17 4.91 4.91 3.78 4.14 4.14 3.76 1.24 1.24 1.23 1.23 4.84 4.83 3.72 1.80 1.79 1.22 1.22 1.22 1.78 1.21 1.21 1.21 1.77 1.76 1.76 1.76 1.75 1.75 1.19 1.74 3.95 3.94 1.18 1.18 1.17 1.17 1.17 1.17 1.16 1.16 1.16 1.16 1.16 1.15 1.15 1.15 1.15 1.15 1.15 1.14 1.14 1.14 1.14 1.14 1.14 1.14 1.14 1.13 1.13 1.13 1.13 1.13 1.13 1.13 1.12 1.12 1.12 1.12 1.12 1.12
1.27 1.27 1.27 1.27 1.27 1.26 1.26 1.26 1.85 1.26 1.26 1.25 1.84 4.17 4.91 4.90 4.14 4.14 4.13 3.76 1.24 1.23 1.23 3.73 3.73 4.82 1.80 1.22 1.22 1.22 1.22 1.78 1.78 1.78 1.21 1.21 1.77 1.20 1.76 1.75 1.75 1.19 1.19 3.95 3.94 1.18 1.18 1.18 1.17 1.17 1.17 1.17 1.16 1.16 1.16 1.16 1.16 1.15 1.15 1.15 1.15 1.15 1.15 1.14 1.14 1.14 1.14 3.61 3.60 1.14 1.14 1.13 1.13 1.13 1.13 1.13 1.13 1.13 1.13 1.12 1.12 1.12 1.12 1.12
1.27 1.27 1.27 1.27 1.27 1.26 1.26 1.26 1.26 1.84 1.84 1.25 1.25 4.16 4.90 4.90 4.14 4.13 4.13 3.75 3.75 4.11 3.73 4.10 4.09 4.08 1.22 4.07 1.22 1.22 1.22 1.78 1.78 1.21 1.21 1.20 1.20 1.20 1.20 1.20 3.98 3.97 3.96 1.19 1.18 1.18 1.18 1.18 1.17 1.17 1.71 1.17 1.16 1.16 1.16 1.16 1.16 1.15 1.15 1.15 1.15 1.15 1.15 3.62 3.62 3.62 3.61 3.61 3.60 3.60 3.60 3.59 3.59 3.59 3.58 1.13 1.13 1.13 1.13 1.12 1.12 1.12 1.12 1.12
1.27 1.27 1.27 1.27 1.26 1.26 1.26 1.26 1.26 1.25 1.25 1.25 1.25 4.16 4.90 4.89 4.14 4.13 4.13 4.12 3.74 3.74 4.10 4.83 3.72 1.22 1.22 1.22 1.22 1.22 1.21 1.78 1.78 1.21 1.21 4.01 1.20 1.20 1.20 3.98 3.97 3.97 3.96 1.19 1.73 1.18 1.18 1.72 1.17 1.17 1.17 1.17 1.16 1.16 1.16 1.16 1.16 1.15 1.15 1.15 1.15 1.15 1.15 3.62 3.62 3.62 3.61 3.61 3.61 3.60 3.60 3.59 1.66 1.66 1.66 1.13 1.13 1.13 1.13 1.13 1.13 1.12 1.12 1.12
1.27 1.27 1.27 1.27 1.26 1.26 1.85 1.26 1.84 1.25 1.84 1.25 1.25 4.15 4.15 1.47 4.88 4.13 4.12 4.12 4.11 4.10 3.73 4.09 3.72 4.08 1.22 1.22 1.22 1.22 4.04 3.68 3.67 4.02 3.66 3.65 4.00 1.20 1.20 3.98 3.97 1.19 1.19 1.74 1.73 1.18 1.18 1.18 1.17 1.17 1.17 1.17 1.16 3.87 1.16 1.70 1.16 1.15 1.15 1.15 1.15 1.15 1.15 3.63 3.62 3.62 3.61 1.67 1.67 3.60 1.14 1.14 1.14 1.66 1.13 1.13 1.13 1.13 1.13 1.13 1.13 1.65 1.65 1.65
1.27 1.27 1.27 1.26 1.26 1.26 1.26 1.26 1.26 1.25 1.25 1.25 1.83 3.78 3.77 3.77 4.88 4.13 1.24 1.23 4.11 3.73 1.23 1.23 4.08 3.71 4.07 1.22 1.22 4.05 4.04 3.67 4.03 4.02 4.01 3.65 3.64 3.99 1.20 3.98 1.19 1.74 1.19 1.18 1.18 1.18 1.18 3.92 3.91 3.90 3.89 3.89 4.58 3.87 3.86 1.70 1.16 1.15 1.15 1.15 1.15 1.15 1.15 1.68 3.62 1.68 1.14 1.14 3.61 1.67 3.60 3.60 1.14 1.14 1.13 1.13 1.13 1.13 1.13 1.13 1.13 1.13 1.13 1.13
1.27 1.27 1.86 1.26 1.26 1.85 1.26 1.26 1.25 1.25 1.25 1.83 1.83 3.78 3.77 4.14 4.87 1.24 1.24 1.23 4.11 3.73 1.23 1.23 4.08 4.07 4.07 4.06 4.05 4.05 4.04 3.67 4.03 4.02 4.01 4.01 4.00 3.99 3.98 3.62 3.97 3.96 3.95 1.18 1.18 1.18 1.18 1.18 3.91 3.90 3.89 3.89 3.88 3.87 1.16 1.70 1.70 3.66 1.15 1.15 1.15 1.68 1.15 1.15 1.68 1.14 1.14 1.14 1.67 1.14 1.14 1.14 1.14 1.14 1.14 1.14 1.13 1.13 1.13 1.13 1.13 1.13 1.13 1.13
