New_Model_Runs/3_scn2_noclimate_out/post_prcessed_with_MFR/Monthly_summaries/actual_et_monthly_MAY.asc
NCOLS 700
NROWS 400
XLLCENTER 515000.000000
YLLCENTER 8409000.000000
CELLSIZE 50.000000
NODATA_value -999.000000
[rows 152 to 189 of 400, columns 336 to 419 of 700]
3.59 0.91 0.91 0.91 0.91 0.91 0.91 0.91 0.91 0.91 0.91 0.91 0.91 0.91 0.91 0.91 0.91 0.91 0.91 0.91 0.91 0.92 0.92 0.92 0.92 0.92 1.09 1.09 1.09 2.74 2.75 1.09 2.75 2.75 2.75 3.66 3.66 2.83 0.93 0.93 0.93 1.37 1.37 3.12 3.13 2.97 3.12 3.12 3.12 0.00 0.00 0.00 0.00 0.00 0.00 0.00 0.00 0.00 0.00 0.00 0.00 0.00 0.00 0.00 0.00 0.00 0.00 0.00 0.00 0.00 0.00 0.00 0.00 0.00 0.00 0.00 0.00 0.00 0.00 0.00 0.00 0.00 0.00 0.00
3.59 0.91 0.91 0.91 0.91 3.03 0.91 0.91 0.91 0.91 0.91 0.91 0.91 0.91 0.91 0.91 0.91 0.91 0.91 0.91 0.91 0.92 0.92 0.92 0.92 0.92 0.92 0.92 1.09 3.64 1.09 1.09 3.65 3.65 3.66 3.66 3.67 3.67 0.93 0.93 0.94 0.94 3.69 3.69 3.69 3.12 3.12 3.12 3.12 0.00 0.00 0.00 0.00 0.00 0.00 0.00 0.00 0.00 0.00 0.00 0.00 0.00 0.00 0.00 0.00 0.00 0.00 0.00 0.00 0.00 0.00 0.00 0.00 0.00 0.00 0.00 0.00 0.00 0.00 0.00 0.00 0.00 0.00 0.00
0.91 3.03 3.03 3.57 2.75 1.33 0.91 0.91 0.91 0.91 0.91 0.91 0.91 0.91 0.91 0.91 0.91 0.91 0.91 0.91 0.91 0.92 0.92 0.92 0.92 0.92 0.92 0.92 0.92 3.64 3.64 3.65 1.10 3.66 3.66 3.66 3.67 3.11 0.93 0.94 0.94 0.94 2.84 3.69 1.11 3.70 3.70 3.71 3.13 3.71 0.00 0.00 0.00 0.00 0.00 0.00 0.00 0.00 0.00 0.00 0.00 0.00 0.00 0.00 0.00 0.00 0.00 0.00 0.00 0.00 0.00 0.00 0.00 0.00 0.00 0.00 0.00 0.00 0.00 0.00 0.00 0.00 0.00 0.00
0.91 3.02 2.75 3.02 0.90 0.90 0.90 0.90 0.90 0.90 0.90 0.91 1.33 0.91 0.91 0.91 0.91 0.91 0.91 0.91 0.91 0.92 0.92 0.92 0.92 0.92 0.92 0.92 0.92 3.08 1.09 3.65 3.65 3.66 3.66 2.83 2.83 0.93 1.37 0.94 0.94 2.84 1.11 3.70 3.12 3.12 3.71 3.71 3.13 3.72 0.00 0.00 0.00 0.00 0.00 0.00 0.00 0.00 0.00 0.00 0.00 0.00 0.00 0.00 0.00 0.00 0.00 0.00 0.00 0.00 0.00 0.00 0.00 0.00 0.00 0.00 0.00 0.00 0.00 0.00 0.00 0.00 0.00 0.00
0.91 3.02 3.01 0.90 0.90 0.90 0.90 0.90 0.90 0.90 0.90 0.90 0.91 0.91 0.91 0.91 0.91 0.91 0.91 0.91 0.91 0.92 0.92 0.92 0.92 0.92 0.92 0.92 0.92 0.93 2.81 3.65 3.66 3.66 3.66 2.83 0.93 0.93 0.94 0.94 2.84 2.85 3.12 3.14 3.70 3.13 3.71 1.11 1.12 3.14 0.00 0.00 0.00 0.00 0.00 0.00 0.00 0.00 0.00 0.00 0.00 0.00 0.00 0.00 0.00 0.00 0.00 0.00 0.00 0.00 0.00 0.00 0.00 0.00 0.00 0.00 0.00 0.00 0.00 0.00 0.00 0.00 0.00 0.00
0.90 2.74 0.90 0.90 0.90 0.90 0.90 0.90 0.90 0.90 0.90 0.90 0.90 0.91 0.91 0.91 0.91 0.91 0.91 0.91 0.91 0.92 0.92 0.92 0.92 0.92 0.92 0.92 0.92 0.93 2.81 3.65 3.66 2.82 0.93 0.93 0.93 0.94 0.94 0.94 0.94 3.13 3.14 1.11 1.11 3.13 3.13 3.72 1.12 3.14 1.12 0.00 0.00 0.00 0.00 0.00 0.00 0.00 0.00 0.00 0.00 0.00 0.00 0.00 0.00 0.00 0.00 0.00 0.00 0.00 0.00 0.00 0.00 0.00 0.00 0.00 0.00 0.00 0.00 0.00 0.00 0.00 0.00 0.00
0.90 0.90 0.90 0.90 0.90 0.90 0.90 0.90 0.90 0.90 1.32 1.32 0.90 0.90 0.91 0.91 0.91 0.91 0.91 0.91 0.91 0.92 0.92 0.92 0.92 0.92 0.92 0.92 0.93 0.93 0.93 0.93 0.93 0.93 0.93 0.93 0.94 0.94 0.94 0.94 0.94 0.94 1.11 3.13 3.71 3.72 3.14 3.14 3.14 3.15 3.74 0.00 0.00 0.00 0.00 0.00 0.00 0.00 0.00 0.00 0.00 0.00 0.00 0.00 0.00 0.00 0.00 0.00 0.00 0.00 0.00 0.00 0.00 0.00 0.00 0.00 0.00 0.00 0.00 0.00 0.00 0.00 0.00 0.00
0.90 0.90 0.90 0.90 0.90 0.90 0.90 0.90 0.90 0.90 0.90 0.90 0.90 0.90 0.91 0.91 0.91 0.91 0.91 0.91 0.91 0.92 0.92 0.92 0.92 0.92 0.92 0.92 0.93 0.93 0.93 0.93 0.93 0.93 0.93 0.94 0.94 0.94 0.94 0.94 0.94 0.94 1.11 3.71 3.72 3.72 3.14 3.15 3.15 3.15 3.16 0.00 0.00 0.00 0.00 0.00 0.00 0.00 0.00 0.00 0.00 0.00 0.00 0.00 0.00 0.00 0.00 0.00 0.00 0.00 0.00 0.00 0.00 0.00 0.00 0.00 0.00 0.00 0.00 0.00 0.00 0.00 0.00 0.00
0.90 0.90 0.90 0.90 0.90 0.90 0.90 0.90 0.90 0.90 0.90 0.90 0.90 0.90 0.91 0.91 0.91 0.91 0.91 0.91 0.91 0.92 0.92 0.92 0.92 0.92 0.92 0.93 0.93 0.93 0.93 0.93 0.93 0.93 0.94 0.94 0.94 0.94 0.94 0.94 0.94 0.94 3.72 2.87 2.87 3.73 2.88 3.74 1.40 2.89 3.05 3.06 0.00 0.00 0.00 0.00 0.00 0.00 0.00 0.00 0.00 0.00 0.00 0.00 0.00 0.00 0.00 0.00 0.00 0.00 0.00 0.00 0.00 0.00 0.00 0.00 0.00 0.00 0.00 0.00 0.00 0.00 0.00 0.00
0.90 0.90 0.90 0.90 0.90 0.90 0.90 0.90 0.90 0.90 0.90 2.85 0.90 0.90 0.91 0.91 0.91 0.91 0.91 0.91 0.91 0.92 0.92 0.92 0.92 0.92 0.92 0.93 0.93 0.93 0.93 0.93 0.93 0.94 0.94 0.94 0.94 0.94 0.94 0.94 0.94 0.95 3.15 2.87 2.88 1.39 1.40 0.95 2.89 2.90 2.90 3.77 3.18 3.18 3.08 3.19 0.00 0.00 0.00 0.00 0.00 0.00 0.00 0.00 0.00 0.00 0.00 0.00 0.00 0.00 0.00 0.00 0.00 0.00 0.00 0.00 0.00 0.00 0.00 0.00 0.00 0.00 0.00 0.00
0.90 0.89 0.89 0.89 0.90 0.90 0.90 0.90 0.90 0.90 0.90 0.90 0.90 0.90 0.91 0.91 0.91 0.91 0.91 0.91 0.92 0.92 0.92 0.92 0.92 0.92 0.93 0.93 0.93 0.93 0.93 0.93 0.94 0.94 0.94 0.94 0.94 1.38 1.38 0.94 0.95 0.95 0.95 0.95 0.95 0.95 0.95 0.96 0.96 0.96 2.91 3.78 3.79 3.19 3.19 3.20 3.20 0.29 0.29 0.00 0.00 0.00 0.00 0.00 0.00 0.00 0.00 0.00 0.00 0.00 0.00 0.00 0.00 0.00 0.00 0.00 0.00 0.00 0.00 0.00 0.00 0.00 0.00 0.00
0.89 0.89 0.89 0.89 0.89 0.89 0.90 0.90 0.90 0.90 0.90 0.90 0.90 0.90 0.91 0.91 0.91 0.91 0.91 0.91 0.92 0.92 0.92 0.92 0.92 0.93 0.93 0.93 0.93 0.93 0.93 0.93 0.94 0.94 0.94 0.94 0.94 0.94 0.94 0.95 0.95 0.95 0.95 0.95 0.95 0.95 0.96 0.96 0.96 0.96 0.96 3.79 1.42 3.81 3.20 3.21 0.29 0.98 0.98 0.29 3.86 0.00 0.00 0.00 0.00 0.00 0.00 0.00 0.00 0.00 0.00 0.00 0.00 0.00 0.00 0.00 0.00 0.00 0.00 0.00 0.00 0.00 0.00 0.00
0.89 0.89 0.89 0.89 0.89 0.89 0.89 0.90 0.90 0.90 0.90 0.90 0.90 0.90 0.91 0.91 0.91 0.91 0.91 0.92 0.92 0.92 0.92 0.92 0.92 0.93 0.93 0.93 0.93 0.93 0.93 0.94 0.94 0.94 0.94 0.94 0.94 0.95 0.95 0.95 0.95 0.95 0.95 0.95 0.96 0.96 0.96 0.96 0.96 0.96 0.96 2.93 3.23 3.82 3.21 0.29 0.98 0.98 0.98 0.98 0.30 0.99 0.30 0.00 0.00 0.00 0.00 0.00 0.00 0.00 0.00 0.00 0.00 0.00 0.00 0.00 0.00 0.00 0.00 0.00 0.00 0.00 0.00 0.00
0.89 0.89 0.89 0.89 0.89 0.89 0.89 0.90 0.90 0.90 0.90 0.90 0.90 0.90 0.91 0.91 0.91 0.91 0.91 0.92 0.92 0.92 0.92 0.92 0.93 0.93 0.93 0.93 0.93 0.93 0.94 0.94 0.94 1.38 0.94 0.94 0.95 0.95 0.95 0.95 0.95 0.95 0.95 0.96 0.96 0.96 0.96 0.96 0.96 0.97 2.94 3.23 3.24 3.21 1.15 0.98 0.98 0.98 0.98 0.99 0.99 0.99 1.00 1.00 0.00 0.00 0.00 0.00 0.00 0.00 0.00 0.00 0.00 0.00 0.00 0.00 0.00 0.00 0.00 0.00 0.00 0.00 0.00 0.00
0.89 0.89 0.89 0.89 0.89 0.89 0.89 0.90 0.90 0.90 0.90 0.90 0.90 0.91 0.91 0.91 0.91 0.91 0.92 0.92 0.92 0.92 0.92 0.93 0.93 0.93 0.93 0.93 0.93 0.94 0.94 0.94 0.94 0.94 0.95 0.95 0.95 0.95 0.95 0.95 0.95 0.96 0.96 0.96 0.96 0.96 0.96 0.97 0.97 0.97 3.24 3.24 2.96 2.96 2.97 0.98 0.98 0.99 0.99 0.99 0.99 1.00 1.00 1.00 0.00 0.00 0.00 0.00 0.00 0.00 0.00 0.00 0.00 0.00 0.00 0.00 0.00 0.00 0.00 0.00 0.00 0.00 0.00 0.00
0.89 0.89 0.89 0.89 0.89 0.89 0.89 0.90 0.90 0.90 0.90 0.90 0.90 0.91 0.91 0.91 0.91 0.91 0.92 0.92 0.92 0.92 0.92 0.93 0.93 0.93 0.93 0.93 0.94 0.94 0.94 0.94 0.94 0.95 0.95 0.95 0.95 0.95 0.95 0.96 1.40 1.41 0.96 0.96 0.96 0.96 0.97 0.97 0.97 1.43 1.43 0.98 0.98 0.98 0.98 0.99 0.99 0.99 0.99 1.00 1.00 1.47 1.00 1.01 0.00 0.00 0.00 0.00 0.00 0.00 0.00 0.00 0.00 0.00 0.00 0.00 0.00 0.00 0.00 0.00 0.00 0.00 0.00 0.00
0.89 0.89 0.89 0.89 0.89 0.89 0.89 0.90 0.90 0.90 0.90 0.90 0.90 0.91 0.91 0.91 0.91 0.92 0.92 0.92 0.92 0.92 0.93 0.93 0.93 0.93 0.93 0.94 0.94 0.94 0.94 0.94 0.95 0.95 0.95 0.95 0.95 0.95 0.96 0.96 1.41 1.41 1.41 0.96 0.97 1.42 0.97 0.97 0.97 1.43 1.43 0.98 0.98 0.98 0.99 0.99 0.99 0.99 1.00 3.03 1.00 0.30 0.00 0.00 0.00 0.00 0.00 0.00 0.00 0.00 0.00 0.00 0.00 0.00 0.00 0.00 0.00 0.00 0.00 0.00 0.00 0.00 0.00 0.00
0.89 0.89 0.89 0.89 0.89 0.89 0.89 0.90 0.90 0.90 0.90 0.90 0.91 0.91 0.91 0.91 0.91 0.92 0.92 0.92 0.92 0.93 0.93 0.93 0.93 0.93 0.94 0.94 0.94 0.94 0.94 0.95 0.95 0.95 0.95 0.95 0.96 0.96 0.96 0.96 0.96 1.41 1.42 0.97 0.97 1.42 0.97 0.98 0.98 0.98 0.98 0.98 0.99 0.99 0.99 0.99 1.00 1.00 1.47 1.47 0.00 0.00 0.00 0.00 0.00 0.00 0.00 0.00 0.00 0.00 0.00 0.00 0.00 0.00 0.00 0.00 0.00 0.00 0.00 0.00 0.00 0.00 0.00 0.00
0.89 0.89 0.89 0.89 0.89 0.89 0.89 0.90 0.90 0.90 0.90 0.90 0.91 0.91 0.91 0.91 0.92 0.92 0.92 0.92 0.93 0.93 0.93 0.93 0.94 0.94 0.94 1.38 1.38 0.95 0.95 0.95 0.95 0.95 0.96 0.96 0.96 0.96 1.41 1.41 0.97 1.42 0.97 0.97 0.97 0.97 0.98 0.98 0.98 0.98 0.99 0.99 0.99 0.99 1.46 1.46 1.00 1.00 1.01 1.01 0.00 0.00 0.00 0.00 0.00 0.00 0.00 0.00 0.00 0.00 0.00 0.00 0.00 0.00 0.00 0.00 0.00 0.00 0.00 0.00 0.00 0.00 0.00 0.00
0.89 0.89 0.89 0.89 0.89 0.89 0.89 0.90 0.90 0.90 0.90 0.91 0.91 0.91 0.91 0.92 0.92 0.92 0.92 0.93 0.93 0.93 0.93 0.94 0.94 0.94 0.94 0.94 0.95 0.95 0.95 0.95 0.95 0.96 0.96 0.96 0.96 0.96 0.97 0.97 0.97 1.42 0.97 0.97 1.43 0.98 0.98 0.98 0.98 0.99 0.99 0.99 0.99 3.02 3.93 3.29 3.29 3.30 0.00 0.00 0.00 0.00 0.00 0.00 0.00 0.00 0.00 0.00 0.00 0.00 0.00 0.00 0.00 0.00 0.00 0.00 0.00 0.00 0.00 0.00 0.00 0.00 0.00 0.00
1.30 0.89 0.89 0.89 0.89 1.31 0.90 0.90 0.90 0.90 0.90 0.91 0.91 0.91 0.91 0.92 0.92 0.92 0.93 0.93 0.93 0.93 0.94 0.94 0.94 0.94 0.94 0.95 1.39 0.95 0.95 0.96 0.96 0.96 0.96 0.96 0.97 0.97 1.42 0.97 0.97 0.97 0.98 0.98 0.98 0.98 0.98 0.99 0.99 0.99 1.46 1.00 1.46 3.29 1.18 1.19 3.31 0.00 0.00 0.00 0.00 0.00 0.00 0.00 0.00 0.00 0.00 0.00 0.00 0.00 0.00 0.00 0.00 0.00 0.00 0.00 0.00 0.00 0.00 0.00 0.00 0.00 0.00 0.00
0.89 0.89 0.89 0.89 0.89 0.89 0.90 0.90 0.90 0.90 0.91 0.91 0.91 0.91 0.92 0.92 0.92 0.92 0.93 0.93 0.93 0.94 0.94 0.94 0.94 0.95 0.95 0.95 0.95 0.95 0.96 0.96 0.96 0.96 0.96 0.97 0.97 0.97 1.43 0.97 0.98 1.44 0.98 0.98 0.98 0.99 0.99 0.99 0.99 3.02 3.03 3.04 1.47 3.96 3.31 3.98 0.00 0.00 0.00 0.00 0.00 0.00 0.00 0.00 0.00 0.00 0.00 0.00 0.00 0.00 0.00 0.00 0.00 0.00 0.00 0.00 0.00 0.00 0.00 0.00 0.00 0.00 0.00 0.00
0.89 0.89 0.89 0.89 0.89 0.90 0.90 0.90 0.90 0.90 0.91 0.91 0.91 0.92 0.92 0.92 0.92 0.93 0.93 0.93 0.94 0.94 0.94 0.94 0.95 0.95 0.95 0.95 0.96 0.96 0.96 0.96 0.96 0.97 0.97 0.97 0.97 0.97 0.98 3.85 3.86 0.98 0.98 0.99 0.30 0.99 0.99 1.00 1.00 3.04 3.04 3.05 0.00 0.00 0.00 0.00 0.00 0.00 0.00 0.00 0.00 0.00 0.00 0.00 0.00 0.00 0.00 0.00 0.00 0.00 0.00 0.00 0.00 0.00 0.00 0.00 0.00 0.00 0.00 0.00 0.00 0.00 0.00 0.00
0.89 0.89 0.89 0.89 0.89 0.90 0.90 0.90 0.90 0.91 0.91 0.91 0.92 0.92 0.92 0.92 0.93 0.93 0.93 0.94 0.94 0.94 0.94 0.95 0.95 0.95 0.95 0.96 0.96 0.96 0.96 0.97 1.14 0.29 0.97 0.97 0.29 0.29 1.16 3.86 1.16 1.16 0.30 0.99 0.30 3.92 1.00 1.00 1.00 1.01 3.97 0.00 0.00 0.00 0.00 0.00 0.00 0.00 0.00 0.00 0.00 0.00 0.00 0.00 0.00 0.00 0.00 0.00 0.00 0.00 0.00 0.00 0.00 0.00 0.00 0.00 0.00 0.00 0.00 0.00 0.00 0.00 0.00 0.00
0.89 0.89 2.97 2.98 0.90 0.90 0.90 0.90 0.91 0.91 0.91 0.91 0.92 0.92 0.92 0.93 0.93 0.93 0.94 0.94 0.94 0.94 0.95 0.95 0.95 0.95 0.96 0.96 0.96 0.96 0.97 0.97 0.97 3.83 1.15 0.98 3.86 3.86 3.87 3.88 3.26 3.26 3.27 0.30 3.28 3.94 1.18 0.30 3.31 3.97 0.00 0.00 0.00 0.00 0.00 0.00 0.00 0.00 0.00 0.00 0.00 0.00 0.00 0.00 0.00 0.00 0.00 0.00 0.00 0.00 0.00 0.00 0.00 0.00 0.00 0.00 0.00 0.00 0.00 0.00 0.00 0.00 0.00 0.00
0.89 0.89 0.89 2.98 2.99 0.90 0.90 0.90 0.91 0.91 0.91 0.92 0.92 0.92 0.93 0.93 0.93 0.94 0.94 0.94 0.94 0.95 0.95 0.95 0.96 0.96 0.96 0.96 0.97 0.97 0.97 0.97 0.98 0.98 0.98 1.16 3.87 3.88 3.89 3.90 3.27 3.27 3.28 3.29 3.29 3.95 3.31 3.31 3.98 0.00 0.00 0.00 0.00 0.00 0.00 0.00 0.00 0.00 0.00 0.00 0.00 0.00 0.00 0.00 0.00 0.00 0.00 0.00 0.00 0.00 0.00 0.00 0.00 0.00 0.00 0.00 0.00 0.00 0.00 0.00 0.00 0.00 0.00 0.00
0.89 0.89 0.89 0.90 0.90 0.90 3.01 3.02 1.33 0.91 0.92 0.92 0.92 0.93 0.93 0.93 0.94 0.94 0.94 0.95 0.95 0.95 0.95 0.96 0.96 0.96 0.97 0.97 0.97 0.97 0.98 0.98 0.98 0.98 0.98 0.99 0.99 0.99 0.99 1.00 0.30 3.29 3.18 3.30 3.96 3.97 3.98 3.33 0.00 0.00 0.00 0.00 0.00 0.00 0.00 0.00 0.00 0.00 0.00 0.00 0.00 0.00 0.00 0.00 0.00 0.00 0.00 0.00 0.00 0.00 0.00 0.00 0.00 0.00 0.00 0.00 0.00 0.00 0.00 0.00 0.00 0.00 0.00 0.00
0.89 0.89 0.90 2.99 3.00 3.01 3.02 3.03 3.04 3.05 0.92 0.92 0.93 0.93 0.93 0.94 0.94 0.94 0.95 0.95 0.95 0.96 0.96 0.96 0.96 0.97 0.97 0.97 0.97 0.98 0.98 0.98 0.98 0.99 0.99 0.99 0.99 1.00 1.00 1.00 1.00 1.01 1.01 1.19 3.98 4.00 1.20 1.20 0.00 0.00 0.00 0.00 0.00 0.00 0.00 0.00 0.00 0.00 0.00 0.00 0.00 0.00 0.00 0.00 0.00 0.00 0.00 0.00 0.00 0.00 0.00 0.00 0.00 0.00 0.00 0.00 0.00 0.00 0.00 0.00 0.00 0.00 0.00 0.00
0.89 2.98 2.99 3.00 3.01 3.02 3.03 3.04 3.05 3.06 3.07 0.93 3.10 0.93 0.94 0.94 0.94 0.95 0.95 0.95 0.96 0.96 0.96 0.97 0.97 0.97 0.97 0.98 0.98 0.98 0.98 0.99 0.99 0.99 0.99 1.00 1.00 1.00 1.00 1.01 1.01 1.01 1.01 1.02 1.20 1.20 4.03 1.21 0.00 0.00 0.00 0.00 0.00 0.00 0.00 0.00 0.00 0.00 0.00 0.00 0.00 0.00 0.00 0.00 0.00 0.00 0.00 0.00 0.00 0.00 0.00 0.00 0.00 0.00 0.00 0.00 0.00 0.00 0.00 0.00 0.00 0.00 0.00 0.00
2.98 2.99 3.00 3.01 3.02 3.03 3.04 3.05 3.06 3.07 3.09 3.10 3.11 0.94 0.94 0.94 0.95 0.95 0.95 0.96 0.96 0.96 0.97 0.97 0.97 0.98 0.98 0.98 0.98 0.99 0.99 0.99 0.99 1.00 1.00 1.00 1.00 1.01 1.01 1.01 1.01 1.02 1.02 1.02 1.02 1.03 1.03 1.03 1.03 3.38 4.09 0.00 0.00 0.00 0.00 0.00 0.00 0.00 0.00 0.00 0.00 0.00 0.00 0.00 0.00 0.00 0.00 0.00 0.00 0.00 0.00 0.00 0.00 0.00 0.00 0.00 0.00 0.00 0.00 0.00 0.00 0.00 0.00 0.00
2.99 3.00 3.01 3.02 3.03 3.04 3.05 3.06 3.07 3.09 3.10 0.93 0.94 0.94 0.94 0.95 0.95 0.95 0.96 0.96 0.96 0.97 0.97 0.97 0.98 0.98 0.98 0.99 0.99 0.99 0.99 1.00 1.00 1.00 1.00 1.01 1.01 1.01 1.49 1.02 1.02 1.02 1.02 1.03 1.03 1.03 1.03 1.04 1.53 3.40 3.41 4.13 4.14 0.00 0.00 0.00 0.00 0.00 0.00 0.00 0.00 0.00 0.00 0.00 0.00 0.00 0.00 0.00 0.00 0.00 0.00 0.00 0.00 0.00 0.00 0.00 0.00 0.00 0.00 0.00 0.00 0.00 0.00 0.00
3.00 3.01 3.02 3.03 3.04 3.05 3.06 3.07 3.09 3.10 3.11 0.94 0.94 0.94 0.95 0.95 0.96 0.96 0.96 0.97 0.97 0.97 0.98 0.98 0.98 0.98 0.99 0.99 0.99 1.00 1.00 1.00 1.00 1.01 1.01 1.01 1.01 1.02 1.02 1.02 1.02 1.03 1.03 1.03 1.03 1.04 1.04 1.04 1.05 1.05 3.42 3.43 4.17 4.18 0.00 0.00 0.00 0.00 0.00 0.00 0.00 0.00 0.00 0.00 0.00 0.00 0.00 0.00 0.00 0.00 0.00 0.00 0.00 0.00 0.00 0.00 0.00 0.00 0.00 0.00 0.00 0.00 0.00 0.00
3.01 3.02 3.03 3.04 3.05 3.06 3.08 3.09 3.10 3.11 0.94 0.94 0.95 0.95 0.95 0.96 0.96 0.96 0.97 0.97 0.97 0.98 0.98 0.98 0.99 0.99 0.99 1.00 1.00 1.00 1.00 1.01 1.01 1.01 1.01 1.02 1.02 1.02 1.02 1.03 1.03 1.03 1.03 1.04 1.04 1.04 1.05 1.05 1.05 1.06 1.06 4.18 1.26 0.32 1.07 1.07 0.00 0.00 0.00 0.00 0.00 0.00 0.00 0.00 0.00 0.00 0.00 0.00 0.00 0.00 0.00 0.00 0.00 0.00 0.00 0.00 0.00 0.00 0.00 0.00 0.00 0.00 0.00 0.00
3.02 3.03 3.04 3.06 3.07 3.08 3.09 3.10 0.93 0.94 0.94 0.95 0.95 0.95 0.96 0.96 0.96 0.97 0.97 0.98 0.98 0.98 0.99 0.99 0.99 0.99 1.00 1.00 1.00 1.01 1.01 1.01 1.01 1.02 1.02 1.02 1.02 1.03 1.03 1.03 1.04 1.04 1.04 1.04 1.05 1.05 1.05 1.06 1.06 1.06 1.06 1.07 3.25 1.07 1.08 1.08 1.08 1.09 0.00 0.00 0.00 0.00 0.00 0.00 0.00 0.00 0.00 0.00 0.00 0.00 0.00 0.00 0.00 0.00 0.00 0.00 0.00 0.00 0.00 0.00 0.00 0.00 0.00 0.00
3.04 3.05 3.06 3.07 3.08 3.09 3.11 0.94 0.94 0.94 0.95 0.95 0.95 0.96 0.96 0.97 0.97 0.97 0.98 0.98 0.98 0.99 0.99 0.99 1.00 1.00 1.00 1.01 1.01 1.01 1.01 1.02 1.02 1.02 1.02 1.03 1.03 1.03 1.04 1.04 1.04 1.04 1.05 1.05 1.05 1.06 1.06 1.06 1.06 1.07 1.07 1.07 1.08 1.08 1.08 1.09 1.09 1.09 1.61 1.10 0.00 0.00 0.00 0.00 0.00 0.00 0.00 0.00 0.00 0.00 0.00 0.00 0.00 0.00 0.00 0.00 0.00 0.00 0.00 0.00 0.00 0.00 0.00 0.00
3.05 3.06 3.07 3.08 3.10 3.11 3.12 0.94 0.94 0.95 0.95 0.96 0.96 0.96 0.97 0.97 0.98 0.98 0.98 0.99 0.99 0.99 1.00 1.00 1.00 1.01 1.01 1.01 1.01 1.02 1.02 1.02 1.02 1.03 1.03 1.03 1.04 1.04 1.04 1.04 1.05 1.05 1.54 1.06 1.06 1.06 1.06 1.07 1.07 1.07 1.08 1.08 1.08 1.09 1.09 1.09 1.10 1.10 1.10 1.11 1.11 0.00 0.00 0.00 0.00 0.00 0.00 0.00 0.00 0.00 0.00 0.00 0.00 0.00 0.00 0.00 0.00 0.00 0.00 0.00 0.00 0.00 0.00 0.00
3.07 3.08 3.09 3.10 3.11 3.13 3.14 0.95 0.95 0.95 0.96 0.96 0.97 0.97 3.24 0.98 0.98 0.98 0.99 0.99 1.00 1.00 1.00 1.00 1.01 1.01 1.01 1.02 1.02 1.02 1.03 1.03 1.03 1.03 1.04 1.04 1.04 1.04 1.05 1.05 1.05 1.55 1.55 1.06 1.06 1.07 1.07 1.07 1.08 1.08 1.08 1.09 1.09 1.09 1.09 1.10 1.10 1.10 1.11 3.37 4.38 0.00 0.00 0.00 0.00 0.00 0.00 0.00 0.00 0.00 0.00 0.00 0.00 0.00 0.00 0.00 0.00 0.00 0.00 0.00 0.00 0.00 0.00 0.00
3.08 3.10 3.11 3.12 3.13 3.15 3.16 3.17 0.96 0.96 0.96 0.97 0.97 0.98 0.98 0.98 0.99 0.99 0.99 1.00 1.00 1.00 1.01 1.01 1.01 1.02 1.02 1.02 1.03 1.03 1.51 1.03 1.04 1.04 1.53 1.04 1.05 1.05 1.05 1.06 1.06 1.06 1.06 1.07 1.07 1.07 1.08 1.08 1.08 1.08 1.09 1.09 1.09 1.10 1.10 1.10 1.11 1.11 1.11 3.59 0.00 0.00 0.00 0.00 0.00 0.00 0.00 0.00 0.00 0.00 0.00 0.00 0.00 0.00 0.00 0.00 0.00 0.00 0.00 0.00 0.00 0.00 0.00 0.00
