New_Model_Runs/3_scn2_noclimate_out/post_prcessed_with_MFR/Monthly_summaries/actual_et_monthly_DEC.asc
NCOLS 700
NROWS 400
XLLCENTER 515000.000000
YLLCENTER 8409000.000000
CELLSIZE 50.000000
NODATA_value -999.000000
[rows 190 to 227 of 400, columns 252 to 335 of 700]
1.20 1.20 1.20 1.20 1.20 1.19 1.19 1.19 1.19 1.19 1.18 1.18 1.18 1.18 1.17 1.17 1.17 1.16 1.16 1.16 1.16 1.15 1.15 1.14 1.14 1.14 1.13 1.13 1.13 1.12 1.12 1.11 1.11 1.11 1.10 1.10 1.10 1.09 1.09 1.09 1.08 1.08 1.08 1.08 1.07 1.07 1.07 1.07 1.07 1.07 1.06 1.06 1.06 1.06 1.06 1.06 1.06 1.05 1.05 1.05 1.05 1.05 1.05 1.05 1.05 1.05 1.05 1.05 1.05 1.06 1.06 1.06 1.06 1.07 1.07 1.07 1.07 1.08 1.59 1.59 1.09 1.09 3.28 3.29
1.20 1.20 1.20 1.20 1.19 1.19 1.19 1.19 1.18 1.18 1.18 1.18 1.18 1.17 1.17 1.17 1.16 1.16 1.16 1.16 1.15 1.15 1.14 1.14 1.14 1.13 1.13 1.13 1.12 1.12 1.11 1.11 1.11 1.10 1.10 1.10 1.09 1.09 1.09 1.09 1.08 1.08 1.08 1.08 1.07 1.07 1.07 1.07 1.07 1.07 1.06 1.06 1.06 1.06 1.06 1.06 1.06 1.06 1.06 1.06 1.05 1.05 1.05 1.05 1.05 1.06 1.06 1.06 1.06 1.06 1.06 1.06 1.07 1.07 1.07 1.08 1.08 1.08 1.09 1.09 1.10 1.10 1.10 1.11
1.20 1.20 1.19 1.19 1.19 1.19 1.19 1.18 1.18 1.18 1.18 1.17 1.17 1.17 1.17 1.16 1.16 1.16 1.15 1.15 1.15 1.15 1.14 1.14 1.13 1.13 1.13 1.12 1.12 1.12 1.11 1.11 1.10 1.10 1.10 1.10 1.09 1.09 1.09 1.08 1.08 1.08 1.08 1.08 1.07 1.07 1.07 1.07 1.07 1.07 1.07 1.07 1.06 1.06 1.06 1.06 1.06 1.06 1.06 1.06 1.06 1.06 1.06 1.06 1.06 1.06 1.06 1.06 1.06 1.06 1.07 1.07 1.07 1.07 1.08 1.08 1.08 1.09 1.09 1.10 1.10 1.11 1.11 1.12
1.19 1.19 1.19 1.19 1.19 1.18 1.18 1.18 1.18 1.18 1.17 1.17 1.17 1.17 1.16 1.16 1.16 1.15 1.15 1.15 1.15 1.14 1.14 1.13 1.13 1.13 1.12 1.12 1.12 1.11 1.11 1.11 1.10 1.10 1.10 1.09 1.09 1.09 1.09 1.08 1.08 1.08 1.08 1.08 1.08 1.07 1.07 1.07 1.07 1.07 1.07 1.07 1.07 1.07 1.07 1.06 1.06 1.06 1.06 1.06 1.06 1.06 1.06 1.06 1.06 1.06 1.06 1.07 1.07 1.07 1.07 1.07 1.08 1.08 1.08 1.09 1.09 1.61 1.10 1.10 1.11 1.11 1.12 1.12
1.19 1.19 1.19 1.18 1.18 1.18 1.18 1.18 1.17 1.17 1.17 1.17 1.16 1.16 1.16 1.16 1.15 1.15 1.15 1.15 1.14 1.14 1.14 1.13 1.13 1.13 1.12 1.12 1.11 1.11 1.11 1.10 1.10 1.10 1.10 1.09 1.09 1.09 1.09 1.08 1.08 1.08 1.08 1.08 1.08 1.08 1.07 1.07 1.07 1.07 1.07 1.07 1.07 1.07 1.07 1.07 1.07 1.57 1.56 1.56 1.07 1.07 1.07 1.07 1.07 1.07 1.07 1.07 1.07 1.07 1.08 1.08 1.08 1.09 1.09 1.09 1.61 1.61 1.11 1.63 1.11 1.12 1.65 1.13
1.74 1.19 1.18 1.18 1.18 1.18 1.18 1.17 1.17 1.17 1.17 1.16 1.16 1.16 1.16 1.15 1.15 1.15 1.15 1.14 1.14 1.14 1.13 1.13 1.13 1.12 1.12 1.12 1.11 1.11 1.11 1.10 1.10 1.10 1.10 1.09 1.09 1.09 1.09 1.09 1.08 1.08 1.08 1.08 1.08 1.08 1.08 1.08 1.08 1.08 1.07 1.07 1.07 1.07 1.07 1.07 1.07 1.57 1.57 1.57 1.07 1.07 1.07 1.07 1.07 1.07 1.07 1.08 1.08 1.08 1.08 1.09 1.09 1.09 1.10 1.61 1.10 1.11 1.11 1.12 1.12 1.13 1.13 1.14
1.18 1.18 1.18 1.18 1.18 1.17 1.17 1.17 1.17 1.17 1.16 1.16 1.16 1.16 1.15 1.15 1.15 1.15 1.14 1.14 1.14 1.13 1.13 1.13 1.12 1.12 1.12 1.11 1.11 1.11 1.11 1.10 1.10 1.10 1.10 1.09 1.09 1.09 1.09 1.09 1.08 1.08 1.08 1.08 1.08 1.08 1.08 1.08 1.08 1.08 1.08 1.08 1.08 1.08 1.08 1.08 1.58 1.08 1.58 1.58 1.08 1.08 1.08 1.08 1.08 1.08 1.08 1.08 1.08 1.09 1.09 1.09 1.09 1.10 1.62 1.11 1.63 1.11 1.12 1.12 1.13 1.13 1.14 1.68
1.18 1.18 1.18 1.18 1.17 1.17 1.17 1.17 1.16 1.16 1.16 1.16 1.16 1.15 1.15 1.15 1.14 1.14 1.14 1.14 1.13 1.13 1.13 1.13 1.12 1.12 1.12 1.11 1.11 1.11 1.10 1.10 1.10 1.10 1.10 1.09 1.09 1.09 1.09 1.09 1.09 1.09 1.09 1.08 1.08 1.08 1.08 1.08 1.08 1.08 1.08 1.08 1.08 1.08 1.08 1.08 3.23 3.23 1.08 1.08 1.08 1.08 1.08 1.08 1.08 1.09 1.09 1.09 1.09 1.09 1.09 1.10 1.10 1.10 1.11 1.11 1.12 1.12 1.13 1.13 1.14 1.14 1.15 1.15
1.18 1.18 1.17 1.17 1.17 1.17 1.17 1.16 1.16 1.16 1.16 1.15 1.15 1.15 1.15 1.14 1.14 1.14 1.14 1.13 1.13 1.13 1.13 1.12 1.12 1.12 1.11 1.11 1.11 1.11 1.10 1.10 1.10 1.10 1.10 1.09 1.09 1.09 1.09 1.09 1.09 1.09 1.09 1.09 1.09 1.09 1.09 1.09 1.59 1.09 1.09 1.09 1.09 1.09 1.09 1.09 1.09 3.24 1.09 1.09 1.09 1.09 1.09 1.09 1.09 1.09 1.09 1.09 1.10 1.10 1.10 1.10 1.11 1.11 1.12 1.12 1.12 1.13 1.13 1.14 1.14 1.15 1.15 1.16
1.17 1.17 1.17 1.17 1.17 1.16 1.16 1.16 1.16 1.16 1.15 1.15 1.15 1.15 1.14 1.14 1.14 1.14 1.13 1.13 1.13 1.13 1.12 1.12 1.12 1.12 1.11 1.11 1.11 1.11 1.10 1.10 1.10 1.10 1.10 1.10 1.09 1.09 1.09 1.09 1.09 1.09 1.09 1.09 1.09 1.09 1.09 1.09 1.09 1.60 1.09 1.09 1.09 1.09 1.09 1.09 1.09 1.09 1.09 1.09 1.09 1.61 1.10 1.10 1.10 1.10 1.10 1.10 1.10 1.11 1.11 1.11 1.11 1.12 1.12 1.13 1.13 1.14 1.14 1.15 1.15 1.16 1.16 1.17
1.17 1.17 1.17 1.17 1.16 1.16 1.16 1.16 1.16 1.15 1.15 1.15 1.15 1.14 1.14 1.14 1.14 1.13 1.13 1.13 1.13 1.12 1.12 1.12 1.12 1.11 1.11 1.11 1.11 1.11 1.10 1.10 1.10 1.10 1.10 1.10 1.10 1.09 1.09 1.09 1.09 1.09 1.09 1.09 1.09 1.10 1.10 1.10 1.10 1.10 1.10 1.10 1.10 1.10 1.10 1.10 1.10 1.10 1.10 1.10 1.10 1.10 1.10 1.10 1.10 1.11 1.11 1.11 1.11 1.11 1.12 1.12 1.12 1.13 1.13 1.13 1.14 1.14 1.15 1.15 1.16 1.16 1.17 1.17
1.17 1.17 1.17 1.16 1.16 1.16 1.16 1.15 1.15 1.15 1.15 1.15 1.14 1.14 1.14 1.14 1.13 1.13 1.13 1.13 1.12 1.12 1.12 1.12 1.11 1.11 1.11 1.11 1.11 1.10 1.10 1.10 1.10 1.10 1.10 1.10 1.10 1.10 1.61 1.61 1.10 1.10 1.10 1.10 1.10 1.10 1.10 1.10 1.10 1.10 1.10 1.10 1.10 1.10 1.11 1.11 1.11 1.11 1.11 1.11 1.11 1.11 1.11 1.11 1.11 1.11 1.11 1.12 1.12 1.12 1.12 1.13 1.13 1.13 1.14 1.14 1.15 1.15 1.16 1.16 1.17 1.17 1.18 1.18
1.17 1.16 1.16 1.16 1.16 1.16 1.15 1.15 1.15 1.15 1.14 1.14 1.14 1.14 1.14 1.13 1.13 1.13 1.13 1.12 1.12 1.12 1.12 1.12 1.11 1.11 1.11 1.11 1.11 1.10 1.10 1.10 1.10 1.10 1.10 1.10 1.10 1.10 1.10 1.10 1.10 1.10 1.10 1.10 1.10 1.10 1.11 1.11 1.11 1.63 1.11 1.11 1.11 1.11 1.11 1.11 1.11 1.11 1.11 1.12 1.12 1.12 1.12 1.12 1.12 1.12 1.12 1.12 1.13 1.13 1.13 1.14 1.14 1.14 1.15 1.15 1.16 1.16 1.16 1.17 1.18 1.18 1.19 1.19
1.71 1.16 1.16 1.16 1.16 1.15 1.15 1.15 1.15 1.14 1.14 1.14 1.14 1.13 1.13 1.13 1.13 1.13 1.12 1.12 1.12 1.12 1.11 1.11 1.11 1.11 1.11 1.11 1.11 1.10 1.10 1.10 1.10 1.10 1.10 1.10 1.10 1.10 1.10 1.10 1.10 1.10 1.11 1.11 1.11 1.11 1.11 1.11 1.11 1.11 1.12 1.12 1.12 1.12 1.12 1.12 1.12 1.12 1.12 1.12 1.12 1.12 1.13 1.13 1.13 1.13 1.13 1.13 1.14 1.14 1.14 1.14 1.15 1.15 1.15 1.16 1.16 1.17 1.17 1.18 1.18 1.19 1.19 1.20
1.16 1.16 1.16 1.16 1.15 1.15 1.15 1.15 1.14 1.14 1.14 1.14 1.13 1.13 1.13 1.13 1.12 1.12 1.12 1.12 1.12 1.11 1.11 1.11 1.11 1.11 1.11 1.11 1.10 1.10 1.62 1.10 1.10 1.10 1.10 1.10 1.10 1.10 1.11 1.11 1.11 1.11 1.11 1.11 1.11 1.11 1.12 1.12 1.12 1.12 1.12 1.12 1.12 1.13 1.13 1.13 1.13 1.13 1.13 1.13 1.13 1.13 1.13 1.14 1.14 1.14 1.14 1.14 1.14 1.15 1.15 1.15 1.16 1.16 1.16 1.17 1.17 1.18 1.18 1.19 1.19 1.20 1.20 1.21
1.16 1.16 1.16 1.15 1.15 1.15 1.15 1.14 1.14 1.14 1.14 1.13 1.13 1.13 1.13 1.12 1.12 1.64 1.12 1.12 1.11 1.11 1.11 1.11 1.11 1.11 1.62 1.10 1.10 1.10 1.10 1.10 1.10 1.10 1.10 1.10 1.11 1.11 1.11 1.11 1.11 1.11 1.11 1.12 1.12 1.12 1.12 1.12 1.13 1.13 1.13 1.13 1.13 1.13 1.13 1.14 1.14 1.14 1.14 1.14 1.14 1.14 1.14 1.14 1.15 1.15 1.15 1.15 1.15 1.16 1.16 1.16 1.16 1.17 1.17 1.18 1.18 1.19 1.19 1.20 1.20 1.21 1.21 1.22
1.16 1.16 1.15 1.15 1.15 1.15 1.15 1.14 1.14 1.14 1.13 1.13 1.13 1.13 1.12 1.12 1.12 1.12 1.11 1.11 1.11 1.11 1.11 1.11 1.11 1.62 1.10 1.10 1.62 1.62 1.62 1.10 1.62 1.10 1.10 1.11 1.11 1.11 1.11 1.11 1.11 1.12 1.12 1.12 1.12 1.13 1.13 1.13 1.13 1.13 1.14 1.14 1.14 1.14 1.14 1.14 1.14 1.15 1.15 1.15 1.15 1.15 1.15 1.15 1.15 1.16 1.16 1.16 1.16 1.16 1.17 1.17 1.17 1.18 1.18 1.19 1.19 1.20 1.20 1.21 1.21 1.22 1.22 1.22
1.16 1.16 1.15 1.15 1.15 1.15 1.14 1.14 1.14 1.14 1.13 1.13 1.13 1.12 1.12 1.12 1.12 1.11 1.11 1.11 1.11 1.11 1.10 1.10 1.10 1.10 1.10 1.10 1.61 1.61 1.62 1.10 1.10 1.10 1.11 1.11 1.11 1.11 1.11 1.12 1.12 1.12 1.12 1.13 1.13 1.13 1.13 1.14 1.14 1.14 1.14 1.14 1.15 1.15 1.15 1.15 1.15 1.15 1.16 1.16 1.16 1.16 1.16 1.16 1.16 1.17 1.17 1.17 1.17 1.17 1.18 1.18 1.18 1.19 1.19 1.20 1.20 1.20 1.21 1.21 1.22 1.22 1.23 1.23
1.16 1.15 1.15 1.15 1.15 1.14 1.14 1.14 1.14 1.13 1.13 1.13 1.12 1.12 1.12 1.12 1.11 1.11 1.11 1.11 1.11 1.10 1.10 1.10 1.10 1.10 1.10 1.61 1.61 1.10 1.10 1.10 1.10 1.10 1.11 1.11 1.11 1.11 1.12 1.12 1.12 1.13 1.13 1.13 1.13 1.14 1.14 1.14 1.15 1.15 1.15 1.15 1.15 1.16 1.16 1.16 1.16 1.16 1.16 1.17 1.17 1.17 1.17 1.17 1.17 1.17 1.18 1.18 1.18 1.18 1.19 1.19 1.19 1.20 1.20 1.21 1.21 1.21 1.22 1.22 1.23 1.23 1.24 1.24
1.16 1.15 1.15 1.15 1.15 1.14 1.14 1.14 1.13 1.13 1.13 1.13 1.12 1.12 1.12 1.11 1.11 1.11 1.11 1.10 1.10 1.10 1.10 1.10 1.10 1.10 1.10 1.61 1.10 1.10 1.10 1.10 1.10 1.11 1.11 1.11 1.11 1.12 1.12 1.12 1.13 1.13 1.13 1.14 1.14 1.14 1.15 1.15 1.15 1.15 1.16 1.16 1.16 1.16 1.17 1.17 1.17 1.17 1.17 1.18 1.18 1.18 1.73 1.18 1.18 1.18 1.19 1.19 1.19 1.19 1.75 1.20 1.20 1.21 1.21 1.22 1.22 1.22 1.23 1.23 1.24 1.24 1.25 1.25
1.15 1.15 1.15 1.15 1.15 1.14 1.14 1.14 1.13 1.13 1.13 1.12 1.12 1.12 1.11 1.11 1.11 1.11 1.10 1.10 1.10 1.10 1.10 1.10 1.61 1.09 1.61 3.47 1.10 1.10 1.10 1.10 1.10 1.11 1.11 1.11 1.12 1.12 1.12 1.13 1.13 1.14 1.14 1.14 1.15 1.15 1.15 1.16 1.16 1.16 1.16 1.17 1.17 1.17 1.17 1.18 1.18 1.18 1.18 1.18 1.74 1.74 1.19 1.19 1.19 1.19 1.20 1.76 1.20 1.20 0.36 0.36 0.36 3.40 1.22 1.23 1.23 1.24 1.24 1.24 1.25 1.25 1.26 1.26
1.15 1.15 1.15 1.15 1.14 1.14 1.14 1.14 1.13 1.13 1.13 1.12 1.12 1.12 1.11 1.11 1.11 1.10 1.10 1.10 1.10 1.09 1.09 1.09 1.09 1.09 1.09 1.09 1.09 1.10 1.10 1.10 1.10 1.11 1.11 1.11 1.12 1.12 1.13 1.13 1.14 1.14 1.14 1.15 1.15 1.16 1.16 1.16 1.17 1.17 1.17 1.17 1.18 1.73 1.18 1.19 1.19 1.19 1.19 1.19 1.20 1.20 1.20 1.76 1.20 1.20 1.77 1.21 1.21 1.21 1.78 1.22 1.22 1.23 1.23 1.24 1.24 1.25 1.25 1.26 1.26 1.26 1.27 1.27
1.15 1.15 1.15 1.15 1.14 1.14 1.14 1.14 1.13 1.13 1.13 1.12 1.12 1.11 1.11 1.11 1.10 1.10 1.10 1.10 1.09 1.09 1.09 1.60 1.09 1.09 1.09 1.09 1.09 1.09 1.10 1.10 1.62 1.11 1.11 1.12 1.12 1.13 1.13 1.14 1.14 1.14 1.15 1.15 1.16 1.16 1.17 1.17 1.17 1.18 1.18 1.18 1.19 1.19 1.19 1.19 1.20 1.20 1.20 1.20 1.21 1.21 1.21 1.78 1.78 1.21 1.22 1.22 1.22 1.80 1.23 1.23 1.23 1.24 1.24 1.25 1.25 1.26 1.26 1.27 1.27 1.28 1.28 1.28
1.15 1.15 1.15 1.15 1.14 1.14 1.14 1.14 1.13 1.13 1.12 1.12 1.12 1.11 1.11 1.11 1.10 1.10 1.10 1.09 1.09 1.09 1.09 1.09 1.59 1.09 1.09 1.09 1.09 1.09 1.10 1.10 1.10 1.11 1.11 1.12 1.12 1.13 1.13 1.14 1.14 1.15 1.15 1.16 1.16 1.17 1.17 1.18 1.18 1.18 1.19 1.19 1.19 1.20 1.20 1.20 1.21 1.21 1.21 1.21 1.22 1.22 1.22 1.79 1.79 1.80 1.23 1.23 1.81 1.23 1.24 1.24 3.10 1.25 1.25 1.26 1.26 1.27 1.27 1.28 1.28 1.29 1.29 1.29
1.16 1.15 1.15 1.15 1.15 1.14 1.14 1.14 1.13 1.13 1.12 1.12 1.12 1.11 1.11 1.11 1.10 1.10 1.09 1.09 1.09 1.09 1.09 1.09 1.59 1.09 1.09 1.09 1.09 1.09 1.10 1.10 1.10 1.11 1.12 1.12 1.13 1.13 1.14 1.14 1.15 1.15 1.16 1.16 1.17 1.17 1.18 1.18 1.19 1.19 1.19 1.20 1.20 1.21 1.21 1.21 1.22 1.22 1.22 1.22 1.23 1.23 1.80 1.81 1.81 1.81 1.82 1.24 1.24 1.25 4.91 3.25 3.10 1.26 1.27 1.27 1.27 1.28 1.28 1.29 1.29 1.30 1.30 1.31
1.16 1.15 1.15 1.15 1.15 1.14 1.14 1.14 1.13 1.13 1.12 1.12 1.12 1.11 1.11 1.10 1.10 1.10 1.09 1.09 1.09 1.09 1.08 1.08 1.08 1.08 1.09 1.09 1.09 1.09 1.10 1.10 1.11 1.11 1.12 1.12 1.13 1.14 1.14 1.15 1.15 1.16 1.17 1.17 1.18 1.18 1.18 1.19 1.19 1.76 1.20 1.21 1.21 1.21 1.22 1.22 1.22 1.23 1.23 1.23 1.24 1.24 1.24 1.82 1.82 1.25 1.25 1.25 1.25 1.26 4.96 3.83 1.27 1.27 1.28 1.28 1.29 1.29 1.30 1.30 1.30 1.31 1.31 1.32
1.16 1.16 1.15 1.15 1.15 1.14 1.14 1.14 1.13 1.13 1.13 1.12 1.12 1.11 1.11 1.10 1.10 1.10 1.09 1.09 1.09 1.09 1.08 1.08 1.08 1.08 1.08 1.09 1.09 1.09 1.10 1.10 1.11 1.11 1.12 1.13 1.13 1.14 1.15 1.15 1.16 1.17 1.17 1.18 1.18 1.19 1.19 1.75 1.20 1.77 1.21 1.21 1.22 1.22 1.23 1.23 1.23 1.24 1.24 1.24 1.25 1.25 1.25 1.25 1.84 3.81 1.26 1.26 1.27 1.27 5.00 5.02 5.03 4.28 1.29 1.29 1.30 1.30 1.31 1.31 1.32 1.32 1.33 1.33
1.16 1.16 1.16 1.15 1.15 1.15 1.14 1.14 1.14 1.13 1.13 1.12 1.12 1.11 1.11 1.10 1.10 1.10 1.09 1.09 1.09 1.08 1.59 1.59 1.08 1.08 1.08 1.09 1.09 1.09 1.10 1.10 1.11 1.12 1.12 1.13 1.14 1.14 1.15 1.16 1.16 1.17 1.18 1.18 1.19 1.19 1.20 1.76 1.77 1.78 1.22 1.22 1.23 1.23 1.81 1.24 1.24 1.25 1.25 1.25 1.26 1.26 1.26 1.26 1.86 3.85 3.86 3.87 3.87 4.27 5.05 5.06 1.52 4.32 4.33 1.30 1.31 1.31 1.32 1.32 1.33 1.33 1.34 1.34
1.16 1.16 1.16 1.15 1.15 1.15 1.15 1.14 1.14 1.13 1.13 1.12 1.12 3.53 1.11 1.62 1.10 1.10 1.09 1.09 1.09 1.59 1.59 1.08 1.08 1.08 1.08 1.09 1.09 1.09 1.10 1.11 1.11 1.12 1.13 1.13 1.14 1.15 1.16 1.16 1.17 1.18 1.18 1.19 1.19 1.20 1.20 1.77 1.21 1.22 1.22 1.23 1.23 1.24 1.24 1.25 1.25 1.26 1.85 1.27 1.27 1.27 1.27 1.87 1.88 3.89 3.89 5.06 3.91 3.92 3.93 5.11 5.13 4.36 5.16 4.77 1.43 1.33 1.95 1.34 1.34 1.34 1.35 1.35
1.16 1.16 1.16 1.16 1.15 1.15 1.15 1.14 1.14 1.14 1.13 1.13 1.12 1.64 1.63 1.11 1.10 1.10 1.09 1.09 3.45 3.44 1.08 1.08 1.08 1.08 1.09 1.09 1.60 1.10 1.10 1.11 1.12 1.12 1.13 1.14 1.15 1.15 1.16 1.17 1.18 1.18 1.19 1.19 1.20 1.21 1.21 1.22 1.22 1.23 1.23 1.24 1.24 1.25 1.25 1.26 1.26 1.27 1.27 1.28 1.28 1.28 1.29 1.89 1.89 3.92 5.10 5.11 4.34 5.13 5.14 5.16 5.17 5.19 3.65 3.66 3.67 3.68 0.40 1.35 0.41 4.86 3.71 4.87
1.17 1.16 1.16 1.16 1.16 1.15 1.15 1.15 1.14 1.14 1.13 1.13 1.12 1.12 1.11 1.63 1.11 1.10 1.10 1.09 1.60 1.60 3.62 1.09 3.29 1.09 1.09 1.09 1.10 1.10 1.11 1.11 1.12 1.13 1.14 1.14 0.35 1.16 1.17 1.17 1.18 1.19 1.19 1.20 1.21 1.21 1.22 1.22 1.23 1.23 1.24 1.25 1.25 1.26 1.26 1.27 1.27 1.88 1.88 1.89 1.89 1.90 1.30 1.91 1.91 3.96 5.14 1.55 4.38 4.39 5.19 5.20 5.22 1.44 1.44 3.68 4.83 4.84 4.79 0.00 1.44 4.88 3.73 3.74
1.17 1.17 1.17 1.16 1.16 1.16 1.15 1.15 1.15 1.14 1.14 1.13 1.13 1.12 1.12 1.11 1.11 1.10 1.10 1.10 1.60 1.09 3.63 3.63 3.63 4.28 1.09 1.09 1.10 1.10 1.11 1.12 1.12 1.13 1.14 1.15 1.16 0.35 1.17 1.18 1.19 1.19 1.20 1.21 1.21 1.22 1.22 1.23 1.23 1.82 1.25 1.25 1.26 1.27 1.27 1.87 1.28 1.89 1.90 1.90 4.13 4.14 1.92 1.92 1.93 4.39 5.19 1.56 1.56 3.65 3.66 3.67 4.81 3.68 4.83 4.84 4.85 4.87 4.81 0.00 0.00 0.00 1.38 1.39
1.17 1.17 1.17 1.17 1.16 1.16 1.16 1.15 1.69 1.15 1.14 1.14 1.13 1.13 1.12 1.12 1.11 1.11 1.10 1.10 1.61 1.60 1.09 3.64 3.64 4.30 1.10 1.10 1.10 1.63 1.11 1.64 1.66 1.14 1.15 1.15 1.16 1.38 1.18 1.19 1.19 1.76 1.77 1.21 1.22 1.22 1.23 1.24 1.24 1.25 1.25 1.26 1.27 1.27 1.28 4.29 3.93 3.94 1.91 1.92 4.16 1.93 1.32 1.32 1.33 1.33 5.24 5.25 3.67 5.27 1.58 1.45 4.84 4.85 4.22 4.23 4.88 4.05 0.00 0.00 0.00 0.00 0.00 1.40
1.18 1.17 1.17 1.17 1.17 1.16 1.16 1.70 1.69 1.15 1.15 1.14 3.45 1.66 1.13 1.12 1.12 1.11 1.11 1.10 1.61 1.10 1.10 4.31 4.31 1.10 1.10 1.10 1.11 1.63 1.64 1.65 1.66 1.14 1.69 1.16 1.71 1.18 3.40 4.69 1.76 1.77 1.78 1.79 1.80 1.23 1.24 1.24 1.25 1.84 1.26 1.27 1.87 1.28 3.92 5.10 3.96 3.98 5.17 1.94 1.95 1.95 1.96 1.34 1.34 1.34 5.28 5.29 1.59 1.59 4.85 4.85 4.03 4.04 4.88 4.89 4.90 4.84 0.00 0.00 0.00 0.00 0.00 0.00
1.18 1.18 1.18 1.17 1.17 1.17 1.71 1.16 1.16 1.16 1.15 1.15 1.14 1.14 1.13 1.13 1.12 1.12 1.11 1.11 1.11 1.10 1.10 4.33 1.10 1.10 1.11 1.11 1.11 1.12 1.65 1.66 1.67 1.69 3.86 1.71 1.72 1.18 1.19 1.41 4.02 3.68 1.79 1.80 1.80 1.24 1.24 1.25 1.26 1.26 1.27 1.28 1.28 4.31 3.94 5.14 5.17 1.56 5.22 4.04 1.96 1.97 1.97 0.59 3.69 5.32 5.33 5.34 4.13 4.86 4.23 4.24 4.05 4.89 4.90 4.08 4.92 4.93 0.00 0.00 0.00 0.00 0.00 0.00
1.18 1.18 1.18 1.18 1.18 1.17 1.17 1.17 3.69 3.87 3.51 1.15 1.68 1.68 1.14 1.13 1.13 1.12 1.12 1.12 1.11 1.11 1.11 4.36 1.11 1.11 1.11 1.12 1.12 1.13 1.13 3.80 3.83 3.85 3.88 1.72 1.18 1.19 1.20 1.21 1.21 4.79 1.23 1.23 1.24 1.24 1.25 1.26 1.26 1.27 1.87 1.28 1.29 4.33 5.15 5.17 5.20 5.23 3.67 1.58 1.98 1.35 0.41 3.71 3.71 4.15 4.56 5.38 4.05 4.05 4.06 4.25 4.27 4.91 4.09 4.93 4.11 4.95 4.90 0.00 0.00 0.00 0.00 0.00
1.19 1.19 1.18 1.18 1.18 1.18 1.72 1.17 1.17 3.54 1.16 1.16 1.69 1.68 1.68 1.14 1.13 1.13 1.13 1.12 1.12 1.12 1.12 4.38 1.12 1.12 1.12 1.12 1.13 1.13 1.14 3.83 3.85 3.88 3.91 3.93 1.19 1.20 1.20 1.21 1.22 4.82 1.23 1.24 1.82 1.83 1.26 1.26 1.86 1.28 1.88 1.90 1.30 1.31 4.39 4.42 5.24 5.27 3.69 3.70 5.34 4.54 3.72 3.73 4.17 4.18 4.59 4.25 4.07 4.08 4.08 4.86 4.29 5.09 4.94 4.12 4.13 4.13 4.91 0.00 0.00 0.00 0.00 0.00
1.19 1.19 1.19 1.19 1.19 1.18 1.18 1.18 1.17 1.72 1.17 1.71 1.70 3.66 1.69 1.68 1.14 1.14 1.13 1.13 1.13 1.12 1.12 1.12 1.12 1.12 1.13 1.13 1.14 1.14 1.15 3.85 3.88 3.90 3.93 3.96 1.20 1.20 1.21 1.22 4.82 4.85 1.24 1.25 1.25 1.26 1.26 1.27 1.87 1.88 1.90 4.12 4.15 1.32 4.42 3.66 3.68 3.69 3.70 5.36 3.73 4.17 3.74 3.75 0.42 5.47 5.41 2.05 1.40 4.28 4.87 5.45 4.88 4.89 4.96 4.97 5.51 5.52 0.00 0.00 0.00 0.00 0.00 0.00
