New_Model_Runs/3_scn2_noclimate_out/post_prcessed_with_MFR/Monthly_summaries/actual_et_monthly_NOV.asc
NCOLS 700
NROWS 400
XLLCENTER 515000.000000
YLLCENTER 8409000.000000
CELLSIZE 50.000000
NODATA_value -999.000000
[rows 304 to 341 of 400, columns 168 to 251 of 700]
4.01 4.80 4.01 4.80 4.80 4.79 4.79 4.79 4.00 4.00 4.14 4.00 4.00 4.14 4.67 4.26 4.67 4.67 5.51 4.26 1.40 1.40 1.40 1.40 4.26 4.26 4.26 5.51 5.51 4.26 4.26 1.40 1.40 4.67 4.67 4.67 4.26 5.51 5.51 5.51 2.06 2.06 4.25 4.25 5.50 5.50 4.66 5.50 4.66 4.65 5.50 1.40 1.40 1.40 1.40 5.49 5.50 5.50 5.50 5.50 5.51 4.67 4.67 4.67 4.27 4.27 4.28 4.29 4.29 5.57 5.58 5.59 4.75 5.62 4.77 4.78 3.98 5.63 5.64 4.41 4.43 4.44 4.45 4.47
4.81 4.16 4.02 4.81 4.81 4.80 4.80 4.80 4.80 4.15 4.01 4.01 4.15 4.68 4.27 4.27 4.68 5.53 5.53 4.27 2.06 1.41 2.06 4.27 4.27 1.41 1.41 5.53 5.53 4.27 1.41 1.41 1.41 1.41 1.41 1.41 1.41 1.41 2.06 2.06 2.06 2.06 2.06 4.26 5.52 5.52 5.51 5.51 3.89 5.51 5.51 5.51 4.25 2.06 5.51 5.51 5.51 5.51 5.52 5.52 5.52 5.53 4.27 4.28 4.28 4.29 4.29 4.30 4.31 5.59 5.60 4.33 4.34 4.36 4.37 4.80 3.98 5.65 4.42 4.43 4.44 4.46 4.47 4.48
4.03 4.82 4.02 4.02 4.17 4.02 3.30 3.30 4.81 4.02 4.02 4.01 4.01 2.07 4.69 2.07 2.07 4.28 5.54 5.54 1.41 1.41 1.41 4.28 4.28 1.41 1.41 5.54 4.28 2.07 1.41 1.41 1.41 2.07 2.07 1.41 1.41 1.41 1.41 2.07 2.07 2.07 2.07 4.68 4.68 5.53 5.53 4.27 4.27 4.27 5.52 5.52 5.52 3.90 5.52 5.53 3.90 5.53 5.53 1.66 1.66 5.54 4.70 4.29 4.71 4.72 5.58 5.59 1.68 5.61 5.62 4.35 4.36 4.37 4.38 4.81 4.83 4.80 4.43 4.44 4.46 5.73 5.74 4.50
4.83 4.83 4.83 1.45 4.82 4.03 4.82 3.31 4.82 4.82 4.02 4.02 4.02 4.29 4.71 4.29 4.29 4.29 4.29 4.29 4.29 1.41 1.41 4.29 4.29 5.56 5.56 4.29 2.07 1.41 1.41 1.41 1.41 1.41 1.41 1.41 1.41 1.41 1.41 1.41 2.07 5.55 4.28 4.28 4.28 4.28 4.28 4.28 4.28 4.28 4.69 5.54 5.54 5.54 1.66 5.54 3.91 5.54 4.28 4.29 5.56 5.56 5.57 5.57 5.58 4.32 4.32 5.61 5.62 5.63 4.36 4.37 4.38 5.68 5.69 5.71 5.72 4.43 5.70 5.71 5.73 5.75 5.76 4.51
4.04 4.18 4.18 4.84 4.04 4.04 4.83 3.31 1.45 4.83 4.83 4.82 4.03 4.30 4.30 4.30 4.72 4.30 4.30 4.30 4.30 4.72 4.72 4.30 4.30 4.30 4.30 4.30 1.42 1.42 1.42 1.42 1.42 1.42 1.42 1.42 1.42 1.42 1.42 1.42 1.42 5.56 5.56 4.29 4.29 4.29 4.70 4.70 4.29 4.70 4.70 5.55 1.67 3.91 5.55 5.56 5.56 4.29 4.30 4.30 4.72 4.31 4.73 4.32 4.74 4.33 4.34 4.34 4.35 1.44 1.44 1.44 5.68 4.40 4.41 5.72 5.74 5.75 5.72 5.73 5.75 5.76 4.52 4.92
4.19 4.85 4.84 4.84 4.05 4.05 4.84 4.84 3.32 4.84 4.84 4.04 4.04 4.32 4.32 4.32 1.42 1.42 1.42 4.32 5.59 4.73 4.73 4.73 4.73 4.31 5.59 5.59 1.42 1.42 1.42 1.42 1.42 4.31 4.73 4.31 1.42 1.42 1.42 1.42 1.42 1.42 1.42 4.30 4.30 4.30 4.72 4.30 4.30 4.30 4.71 4.30 3.92 1.42 1.42 4.72 4.30 4.31 4.31 4.31 4.32 4.32 4.33 4.33 4.34 4.34 4.35 4.36 1.44 1.44 1.45 1.45 4.79 4.42 4.85 4.44 4.45 5.72 1.48 1.48 5.76 5.78 5.80 5.81
4.06 4.85 4.85 4.85 4.85 4.05 4.05 4.85 4.85 4.85 4.85 4.84 4.75 4.74 4.33 1.43 1.43 1.43 1.43 1.43 4.33 4.33 4.74 5.60 4.33 4.33 5.60 4.74 1.43 1.43 1.43 1.43 1.43 1.43 1.42 1.42 1.42 1.42 1.42 1.42 1.42 1.42 2.09 1.42 1.42 4.73 4.73 4.73 4.31 4.73 4.73 4.31 1.42 1.42 1.42 1.42 1.42 1.42 1.42 4.33 4.33 4.33 4.34 4.34 5.58 4.36 4.37 4.37 1.44 1.45 1.45 4.41 1.46 4.43 4.44 4.46 1.47 1.48 1.48 1.49 4.52 4.53 4.54 4.56
4.86 4.06 4.06 4.86 4.86 4.86 4.06 4.86 4.86 3.33 3.33 4.85 4.34 4.34 4.34 4.76 4.34 1.43 1.43 1.43 4.34 4.34 5.62 5.62 2.10 4.34 4.34 4.34 4.34 1.43 1.43 1.43 1.43 1.43 2.10 2.09 1.43 1.43 1.43 1.43 1.43 1.43 2.09 1.43 1.43 4.74 4.74 4.74 4.74 4.32 4.32 1.43 1.43 1.43 1.43 1.43 1.43 1.43 1.43 1.43 4.34 4.35 4.35 4.36 4.37 4.37 4.38 4.39 1.45 1.45 1.46 1.46 1.46 1.47 1.47 4.47 1.48 1.48 1.49 1.49 4.53 4.54 4.56 4.57
4.22 4.07 4.07 4.07 3.34 4.87 4.87 4.87 4.21 5.03 3.33 4.86 4.35 4.77 4.35 4.35 4.35 4.35 4.35 4.35 4.35 5.63 5.63 4.35 4.35 4.35 4.35 4.35 4.35 4.35 1.43 1.43 1.43 1.43 1.43 1.43 1.43 1.43 1.43 1.43 1.43 2.10 1.43 1.43 1.43 4.75 4.75 4.33 4.75 4.75 4.33 1.43 1.43 2.10 2.10 1.43 1.43 2.10 1.43 4.35 5.65 4.36 4.80 5.67 5.62 1.45 1.45 2.13 1.45 1.46 4.43 1.46 1.47 1.47 1.47 1.48 2.17 2.18 1.49 4.92 4.93 4.56 4.57 4.58
4.08 4.08 4.88 4.88 4.22 4.08 4.88 4.08 4.88 4.87 4.87 4.87 5.65 1.44 4.36 4.36 4.36 4.36 4.36 4.36 4.36 4.36 4.36 4.36 4.36 4.36 4.78 4.36 4.36 4.36 4.78 4.78 1.44 1.44 1.44 1.44 1.44 1.44 2.10 1.43 1.43 1.43 1.43 1.43 1.43 4.76 4.76 4.76 4.76 4.35 4.35 1.43 1.43 2.10 2.10 1.43 1.44 2.11 1.44 1.44 5.67 5.67 5.68 5.69 5.70 1.45 1.45 1.46 1.46 1.46 4.44 1.47 1.47 4.86 4.49 1.48 1.49 1.49 1.49 4.93 4.56 4.57 4.58 4.99
4.89 4.89 4.89 4.89 4.09 4.08 4.08 4.08 4.08 4.08 2.12 4.30 1.44 1.44 4.38 4.38 4.38 4.37 4.37 4.79 4.37 4.37 4.37 4.37 4.37 4.37 4.79 4.79 4.79 4.79 4.79 4.79 4.79 1.44 1.44 1.44 1.44 1.44 1.44 2.11 1.44 1.44 1.44 4.36 4.78 4.78 4.77 4.36 4.36 4.36 4.36 4.36 4.36 2.11 4.55 1.44 1.44 1.44 1.44 1.44 1.44 5.69 5.70 5.70 5.71 2.13 2.14 1.46 1.46 1.47 1.47 1.47 1.48 1.48 4.50 1.49 1.49 1.50 1.50 1.50 4.57 4.58 4.60 4.61
2.12 4.90 4.09 4.09 4.09 4.09 4.24 4.09 4.09 4.09 2.12 4.58 5.68 1.45 4.39 4.39 4.39 5.68 5.68 4.81 5.68 5.67 4.80 4.38 4.38 4.38 4.80 4.80 4.80 4.80 4.80 4.80 4.80 4.38 1.44 4.38 4.38 4.79 4.79 4.79 1.44 1.44 1.44 4.37 4.79 4.79 4.79 4.37 4.37 4.37 4.37 4.37 4.79 1.44 1.44 1.44 1.44 1.44 1.45 1.45 1.45 1.45 1.45 1.45 1.46 1.46 2.14 5.76 1.47 1.47 2.16 2.17 2.17 1.48 4.51 4.52 4.54 1.50 1.50 1.51 4.58 4.60 4.61 5.01
4.91 4.91 4.10 4.91 4.10 4.10 4.25 4.25 4.90 4.90 4.90 5.69 5.69 5.69 5.69 4.40 5.69 4.40 4.82 5.69 1.71 4.40 4.40 5.69 5.69 4.39 4.81 4.81 4.81 4.81 4.81 4.81 4.39 1.45 2.12 1.45 4.81 4.81 4.80 1.45 1.45 4.80 4.80 4.80 4.80 4.80 4.80 4.80 4.80 5.67 5.67 4.38 1.44 1.45 1.45 1.45 1.45 1.45 1.45 1.45 1.45 1.45 1.46 1.46 1.46 1.46 1.47 1.47 1.47 1.47 5.81 2.17 2.18 1.49 1.49 4.54 5.82 1.50 1.51 1.51 4.98 5.00 4.62 4.63
4.91 4.11 4.11 4.91 4.11 4.11 4.11 4.91 4.91 4.91 4.91 5.71 5.71 5.71 4.83 5.71 5.70 4.41 4.41 5.70 4.83 4.41 4.41 4.41 5.70 4.83 4.83 4.83 1.45 4.82 4.82 4.82 1.45 1.45 1.45 1.45 1.45 1.45 1.45 1.45 1.45 2.12 1.45 4.81 4.81 4.81 4.81 4.81 1.45 4.39 4.39 1.45 1.45 1.45 1.45 1.45 2.13 1.45 2.13 2.13 1.46 1.46 1.46 1.46 1.47 1.47 1.47 1.47 1.48 1.48 2.17 1.49 2.18 2.19 1.50 4.55 2.21 4.96 4.58 4.98 4.61 4.62 4.63 4.64
4.11 4.11 4.92 4.11 4.11 4.11 4.92 4.92 4.26 4.26 4.92 4.01 4.84 5.72 5.72 5.72 5.72 4.42 4.42 5.72 4.42 4.42 4.84 4.42 4.84 4.84 1.46 1.46 1.46 1.46 4.83 4.83 1.45 1.45 1.45 1.45 1.45 1.45 1.45 1.45 1.45 4.60 4.60 2.13 1.45 1.45 2.13 2.13 1.45 4.60 2.13 2.13 1.45 1.45 1.45 2.13 1.46 1.46 1.46 1.46 1.46 1.46 1.47 1.47 1.47 1.47 1.47 1.48 1.48 1.48 1.49 1.49 1.49 1.50 1.50 1.50 1.51 4.58 4.98 4.99 4.62 4.63 4.64 4.65
4.93 4.93 1.48 4.93 4.93 4.93 4.93 4.93 4.27 4.12 4.12 4.43 4.43 5.73 5.73 5.73 4.43 4.43 4.01 5.73 5.73 4.85 4.85 4.85 4.85 1.46 1.46 1.46 1.46 2.14 4.85 4.85 1.46 1.46 1.46 1.46 1.46 1.46 1.46 4.61 4.61 4.61 4.61 1.46 1.46 2.13 2.13 2.13 1.46 4.84 4.61 1.46 1.46 1.46 1.46 2.14 1.46 1.46 1.46 1.46 2.15 2.15 1.47 1.47 1.47 1.48 1.48 1.48 1.48 1.49 1.49 2.19 2.20 2.20 1.50 2.21 1.51 4.59 4.61 5.01 5.02 4.64 4.65 4.66
4.94 4.94 4.94 4.94 4.94 4.94 4.28 4.13 4.28 4.13 4.87 4.44 1.46 1.46 1.46 5.75 4.44 5.74 1.72 5.74 1.46 4.44 4.86 4.86 4.44 4.44 1.46 1.46 1.46 1.46 4.43 4.86 1.46 1.46 1.46 1.46 1.46 1.46 1.46 4.85 4.85 4.85 1.46 1.46 2.14 2.14 2.14 2.14 4.62 5.72 1.46 1.46 2.14 2.14 1.46 1.46 2.15 2.15 2.15 1.47 2.16 2.16 2.16 1.48 1.48 1.48 1.48 1.49 1.49 1.49 1.49 2.20 1.50 1.50 1.51 1.51 1.52 1.52 1.52 4.63 5.03 5.04 4.66 4.67
4.95 1.48 4.95 4.13 4.13 4.28 4.28 4.13 4.28 1.47 1.47 4.88 1.47 1.47 1.47 5.76 5.76 5.76 5.76 1.47 1.47 1.47 2.15 2.15 4.45 4.45 1.47 1.47 4.87 4.87 4.44 4.44 1.46 1.46 4.86 4.86 4.86 1.46 2.15 4.86 4.63 4.86 2.14 1.46 5.74 5.74 5.74 5.74 4.63 4.63 2.15 1.46 1.46 1.46 2.15 1.47 2.15 1.47 2.16 1.47 2.16 2.16 2.17 1.48 1.48 1.48 1.49 1.49 1.49 1.50 1.50 1.50 1.50 1.51 1.51 1.52 4.60 4.62 1.53 1.53 1.53 1.54 1.54 1.55
4.95 4.95 4.95 4.14 4.95 4.95 3.39 4.29 5.12 4.29 4.46 4.89 4.46 1.73 5.77 5.77 5.77 4.46 5.77 1.47 1.47 1.47 4.88 4.88 4.88 2.16 4.88 4.46 4.88 4.88 4.88 1.47 1.47 1.47 4.88 4.87 1.47 4.65 4.64 2.15 4.45 4.45 2.15 4.64 5.75 5.75 1.47 4.64 2.15 4.64 2.15 2.15 1.47 1.47 1.47 1.47 2.16 1.47 1.47 1.48 1.48 1.48 1.48 1.48 1.49 1.49 1.49 1.49 1.50 1.50 1.50 1.51 1.51 1.51 1.52 1.52 4.62 4.63 4.64 1.53 1.54 1.54 1.54 2.27
4.96 4.96 4.15 4.30 3.40 4.96 4.30 4.37 4.15 4.15 4.47 4.90 4.47 5.78 5.78 5.78 5.78 4.47 1.47 1.47 1.47 4.90 4.89 4.89 4.89 4.47 4.47 4.47 4.47 2.16 1.47 1.47 1.47 1.47 4.89 4.89 2.16 4.66 4.66 2.16 2.16 4.88 4.88 1.47 2.15 2.15 4.65 2.16 2.16 2.16 2.16 1.47 1.47 1.47 1.47 1.47 2.16 2.17 1.48 1.48 2.17 1.48 1.49 1.49 1.49 1.49 1.49 1.50 2.20 1.50 1.51 1.51 1.51 1.52 1.52 1.52 1.53 4.64 4.65 4.66 1.54 1.54 1.55 2.27
4.97 1.49 4.15 4.15 4.15 4.30 4.31 1.48 1.48 4.15 4.48 4.91 4.48 5.79 5.79 5.79 5.79 5.79 4.48 1.48 4.91 4.91 4.90 4.90 4.90 4.48 4.48 4.48 2.16 1.48 1.48 1.48 1.47 1.47 4.90 2.16 2.16 2.16 4.89 4.89 2.16 1.47 1.47 4.89 1.47 1.47 4.89 1.47 2.16 2.16 4.90 5.78 1.48 1.48 1.48 1.48 1.48 2.17 1.48 1.48 1.49 1.49 1.49 1.49 1.49 1.50 1.50 1.50 1.50 1.51 1.51 1.51 1.52 1.52 1.52 1.53 1.53 1.53 1.54 1.54 1.54 1.55 1.55 2.28
4.97 4.97 4.97 1.48 1.48 4.16 4.16 4.38 1.48 5.81 4.49 4.49 4.49 5.81 5.81 5.81 5.81 5.81 5.81 5.81 5.81 5.80 4.91 4.91 4.91 4.49 4.49 4.91 4.91 1.48 1.48 1.48 1.48 1.48 1.48 2.17 2.17 4.91 4.90 4.90 4.90 1.48 1.48 1.48 1.48 1.48 1.48 4.90 4.90 4.91 4.91 2.17 2.17 1.48 1.48 1.48 1.48 2.18 1.49 1.49 1.49 1.49 1.49 2.19 1.50 1.50 1.50 1.50 5.02 1.51 1.51 1.52 1.52 1.52 1.53 1.53 1.53 1.54 1.54 1.54 1.55 1.55 1.55 1.56
0.00 4.98 4.98 1.48 1.48 4.98 4.98 4.98 4.98 5.82 4.50 4.50 4.50 5.82 5.82 4.93 5.82 4.93 5.82 5.82 1.48 1.48 4.92 4.92 4.50 4.92 4.92 1.48 1.48 1.48 1.48 1.48 1.48 1.48 2.17 2.17 2.17 4.92 4.92 1.48 2.17 1.48 1.48 1.48 1.48 1.48 2.17 4.92 4.92 4.49 4.49 4.50 2.17 1.48 1.48 1.49 1.49 2.18 1.49 1.49 1.49 1.49 1.50 1.50 1.50 1.50 5.00 1.51 1.51 1.51 1.52 1.52 1.52 1.53 2.24 1.53 1.53 1.54 1.54 1.55 1.55 4.70 1.56 2.29
0.00 0.00 4.99 4.99 4.99 4.99 4.99 4.99 4.99 5.83 5.83 5.83 4.51 4.51 4.94 4.51 4.51 5.83 5.83 1.49 1.49 1.49 4.93 4.93 4.51 4.93 4.51 1.49 1.49 1.48 1.48 1.48 1.48 1.48 1.48 1.48 2.18 2.18 2.18 1.48 1.48 1.48 1.48 1.48 1.48 1.48 1.48 1.48 4.93 4.50 4.50 5.82 4.93 1.49 1.49 1.49 1.49 1.49 1.49 1.49 1.50 1.50 1.50 1.50 1.50 1.51 0.00 1.51 1.51 1.52 1.52 1.52 1.53 2.24 5.11 1.53 1.54 1.54 1.54 1.55 5.09 4.71 4.72 2.29
0.00 0.00 0.00 0.00 0.00 0.00 0.00 0.00 5.00 5.84 5.84 5.84 4.52 4.52 4.52 4.52 4.52 4.52 2.18 1.49 1.49 4.52 4.52 4.94 4.52 4.52 4.51 1.49 1.49 1.49 1.49 1.49 1.49 1.49 2.18 2.18 2.18 1.49 1.49 1.49 1.49 1.49 1.49 1.49 1.49 1.49 1.49 1.49 1.49 2.18 4.52 5.84 4.52 2.19 1.49 1.49 1.49 1.50 1.50 1.50 1.50 1.50 1.50 1.51 1.51 0.00 0.00 0.00 1.52 1.52 0.00 0.00 0.00 1.53 2.25 1.54 1.54 1.54 1.55 1.55 5.10 4.72 5.12 4.74
0.00 0.00 0.00 0.00 0.00 0.00 0.00 0.00 0.00 0.00 5.85 5.85 5.85 4.52 4.95 4.95 4.53 4.53 4.53 1.49 2.19 4.53 4.52 4.95 4.52 4.52 1.49 1.49 1.49 1.49 1.49 1.49 1.49 1.49 1.49 1.49 1.49 1.49 1.49 1.49 1.49 1.49 1.49 1.49 1.49 1.49 1.49 1.49 1.49 2.19 2.19 2.19 2.19 1.49 1.50 1.50 1.50 1.50 1.50 1.50 1.50 1.51 1.51 1.51 1.51 0.00 0.00 0.00 0.00 0.00 0.00 0.00 0.00 0.00 0.00 4.67 1.54 2.27 1.55 1.55 1.56 4.73 4.73 4.74
0.00 0.00 0.00 0.00 0.00 0.00 0.00 0.00 0.00 0.00 5.86 5.86 5.86 1.49 1.49 1.49 1.49 4.53 2.19 2.19 2.19 2.19 2.19 4.53 2.19 4.96 2.19 1.49 1.49 1.49 1.49 1.49 1.49 1.49 1.49 1.49 1.49 1.49 1.49 1.49 1.49 1.49 1.49 1.49 1.49 1.49 1.49 1.49 2.19 2.19 2.19 1.50 1.50 1.50 1.50 1.50 1.50 1.50 1.50 1.51 1.51 1.51 1.51 1.51 1.52 1.52 1.52 0.00 0.00 0.00 0.00 0.00 0.00 0.00 0.00 0.00 0.00 2.27 1.55 1.56 1.56 1.56 4.74 5.14
0.00 0.00 0.00 0.00 0.00 0.00 0.00 0.00 0.00 0.00 0.00 0.00 5.89 5.89 1.50 1.50 1.50 1.50 2.20 2.20 2.20 2.20 1.50 4.97 4.97 2.20 2.20 1.50 1.50 1.50 1.50 1.50 1.50 1.50 1.50 1.50 1.50 1.50 1.50 1.50 1.50 1.50 1.50 1.50 1.50 1.50 1.50 1.50 1.50 2.20 2.20 2.20 1.50 1.50 1.50 1.50 1.50 1.51 1.51 1.51 1.51 1.51 1.51 1.52 1.52 1.52 1.52 0.00 0.00 0.00 0.00 0.00 0.00 0.00 0.00 0.00 4.69 4.70 4.71 4.72 4.73 4.74 1.57 1.57
0.00 0.00 0.00 0.00 0.00 0.00 0.00 0.00 0.00 0.00 0.00 0.00 0.00 5.90 5.90 1.50 4.55 1.50 1.50 1.50 1.50 1.50 1.50 1.50 1.50 4.75 4.75 2.20 1.50 1.50 1.50 1.50 1.50 1.50 1.50 1.50 1.50 1.50 1.50 1.50 1.50 1.50 1.50 1.50 1.50 1.50 1.50 1.50 1.50 2.20 2.20 2.20 1.50 1.50 1.51 1.51 1.51 1.51 1.51 1.51 1.51 1.52 1.52 0.00 0.00 0.00 0.00 0.00 0.00 0.00 0.00 0.00 0.00 0.00 0.00 0.00 1.55 5.10 4.72 4.73 4.74 1.57 1.57 1.57
0.00 0.00 0.00 0.00 0.00 0.00 0.00 0.00 0.00 0.00 0.00 0.00 0.00 0.00 5.91 5.91 4.56 1.50 1.50 5.89 5.89 1.50 1.50 1.50 1.50 2.20 1.50 1.50 1.50 1.50 1.50 1.50 1.50 1.50 2.20 1.50 1.50 1.50 1.50 1.50 1.50 1.50 1.50 1.50 1.50 1.50 1.50 1.50 1.50 2.21 1.51 1.51 1.51 1.51 1.51 1.51 1.51 1.51 1.51 1.52 1.52 1.52 0.00 0.00 0.00 0.00 0.00 0.00 0.00 0.00 0.00 0.00 0.00 0.00 0.00 0.00 6.01 6.02 6.03 4.73 5.13 1.57 1.57 1.57
0.00 0.00 0.00 0.00 0.00 0.00 0.00 0.00 0.00 0.00 0.00 0.00 0.00 0.00 0.00 5.92 5.92 5.92 1.50 4.77 5.92 1.51 1.51 1.51 1.51 1.51 1.51 1.51 1.51 1.51 1.51 1.51 1.51 1.51 1.51 1.51 1.51 1.51 1.51 1.51 1.51 1.51 1.51 1.51 1.51 1.51 1.51 1.51 1.51 2.21 1.51 1.51 1.51 2.22 1.51 1.51 1.52 1.52 1.52 1.52 1.52 0.00 0.00 0.00 0.00 0.00 0.00 0.00 0.00 0.00 0.00 0.00 0.00 0.00 0.00 0.00 0.00 6.03 6.03 6.04 4.75 2.30 1.57 1.58
0.00 0.00 0.00 0.00 0.00 0.00 0.00 0.00 0.00 0.00 0.00 0.00 0.00 0.00 0.00 0.00 0.00 5.93 5.93 5.93 5.93 5.93 1.51 1.51 1.51 1.51 1.51 1.51 1.51 1.51 1.51 1.51 1.51 1.51 0.00 0.00 0.00 0.00 0.00 0.00 0.00 0.00 0.00 0.00 0.00 0.00 1.51 1.51 1.51 2.22 1.51 1.51 1.51 2.22 1.52 1.52 1.52 1.52 1.52 1.52 1.52 0.00 0.00 0.00 0.00 0.00 0.00 0.00 0.00 0.00 0.00 0.00 0.00 0.00 0.00 0.00 0.00 0.00 0.00 0.00 0.00 1.57 2.31 1.58
0.00 0.00 0.00 0.00 0.00 0.00 0.00 0.00 0.00 0.00 0.00 0.00 0.00 0.00 0.00 0.00 0.00 0.00 0.00 0.00 0.00 0.00 5.94 1.51 1.51 1.51 1.51 1.51 1.51 1.51 1.51 1.51 1.51 0.00 0.00 0.00 0.00 0.00 0.00 0.00 0.00 0.00 0.00 0.00 0.00 0.00 0.00 0.00 0.00 1.52 1.52 1.52 1.52 1.52 1.52 1.52 1.52 1.52 1.52 1.53 1.53 0.00 0.00 0.00 0.00 0.00 0.00 0.00 0.00 0.00 0.00 0.00 0.00 0.00 0.00 0.00 0.00 0.00 0.00 0.00 0.00 1.57 2.31 2.32
0.00 0.00 0.00 0.00 0.00 0.00 0.00 0.00 0.00 0.00 0.00 0.00 0.00 0.00 0.00 0.00 0.00 0.00 0.00 0.00 0.00 0.00 0.00 5.95 1.51 1.51 1.51 1.51 1.51 1.51 1.51 1.51 0.00 0.00 0.00 0.00 0.00 0.00 0.00 0.00 0.00 0.00 0.00 0.00 0.00 0.00 0.00 0.00 0.00 0.00 1.52 1.52 1.52 1.52 1.52 2.24 1.53 1.53 1.53 1.53 1.53 1.53 0.00 0.00 0.00 0.00 0.00 0.00 0.00 0.00 0.00 0.00 0.00 0.00 0.00 0.00 0.00 0.00 0.00 0.00 0.00 4.77 1.58 2.32
0.00 0.00 0.00 0.00 0.00 0.00 0.00 0.00 0.00 0.00 0.00 0.00 0.00 0.00 0.00 0.00 0.00 0.00 0.00 0.00 0.00 0.00 0.00 0.00 0.00 0.00 0.00 1.52 1.52 1.52 1.52 0.00 0.00 0.00 0.00 0.00 0.00 0.00 0.00 0.00 0.00 0.00 0.00 0.00 0.00 0.00 0.00 0.00 0.00 0.00 1.52 1.52 1.52 1.53 1.53 1.53 1.53 2.24 1.53 1.53 1.53 1.54 0.00 0.00 0.00 0.00 0.00 0.00 0.00 0.00 0.00 0.00 0.00 0.00 0.00 0.00 0.00 0.00 0.00 0.00 0.00 0.00 6.10 1.58
0.00 0.00 0.00 0.00 0.00 0.00 0.00 0.00 0.00 0.00 0.00 0.00 0.00 0.00 0.00 0.00 0.00 0.00 0.00 0.00 0.00 0.00 0.00 0.00 0.00 0.00 0.00 0.00 1.52 1.52 0.00 0.00 0.00 0.00 0.00 0.00 0.00 0.00 0.00 0.00 0.00 0.00 0.00 0.00 0.00 0.00 0.00 0.00 0.00 0.00 1.53 1.53 1.53 1.53 2.24 2.25 2.25 1.53 1.53 1.54 1.54 1.54 1.54 1.54 0.00 0.00 0.00 0.00 0.00 0.00 0.00 0.00 0.00 0.00 0.00 0.00 0.00 0.00 0.00 0.00 0.00 0.00 0.00 2.32
0.00 0.00 0.00 0.00 0.00 0.00 0.00 0.00 0.00 0.00 0.00 0.00 0.00 0.00 0.00 0.00 0.00 0.00 0.00 0.00 0.00 0.00 0.00 0.00 0.00 0.00 0.00 0.00 1.52 1.52 0.00 0.00 0.00 0.00 0.00 0.00 0.00 0.00 0.00 0.00 0.00 0.00 0.00 0.00 0.00 0.00 0.00 0.00 0.00 0.00 1.53 1.53 1.53 1.53 2.25 2.25 1.54 1.54 1.54 1.54 1.54 1.54 2.26 1.55 0.00 0.00 0.00 0.00 0.00 0.00 0.00 0.00 0.00 0.00 0.00 0.00 0.00 0.00 0.00 0.00 0.00 0.00 0.00 0.00
0.00 0.00 0.00 0.00 0.00 0.00 0.00 0.00 0.00 0.00 0.00 0.00 0.00 0.00 0.00 0.00 0.00 0.00 0.00 0.00 0.00 0.00 0.00 0.00 0.00 0.00 0.00 0.00 6.00 0.00 0.00 0.00 0.00 0.00 0.00 0.00 0.00 0.00 0.00 0.00 0.00 0.00 0.00 0.00 0.00 0.00 0.00 0.00 0.00 0.00 1.53 1.53 1.53 1.54 1.54 1.54 1.54 1.54 1.54 1.54 1.54 1.55 1.55 1.55 0.00 0.00 0.00 0.00 0.00 0.00 0.00 0.00 0.00 0.00 0.00 0.00 0.00 0.00 0.00 0.00 0.00 0.00 0.00 0.00
