New_Model_Runs/3_scn2_noclimate_out/post_prcessed_with_MFR/Monthly_summaries/interception_monthly_AUG.asc
NCOLS 700
NROWS 400
XLLCENTER 515000.000000
YLLCENTER 8409000.000000
CELLSIZE 50.000000
NODATA_value -999.000000
[rows 190 to 227 of 400, columns 252 to 335 of 700]
1.04 1.04 1.04 1.04 0.99 0.99 0.99 0.99 1.04 1.04 1.04 1.04 1.15 1.16 1.16 1.16 1.25 1.25 1.25 1.26 1.27 1.28 1.28 1.28 1.24 1.24 1.25 1.25 1.08 1.08 1.08 1.08 0.92 0.93 0.93 0.93 0.00 0.00 0.00 0.00 0.00 0.00 0.00 0.00 0.00 0.00 0.00 0.00 0.00 0.00 0.00 0.00 0.00 0.00 0.00 0.00 0.00 0.00 0.00 0.00 0.00 0.00 0.00 0.00 0.00 0.00 0.00 0.00 0.00 0.00 0.00 0.00 0.00 0.00 0.00 0.00 0.00 0.00 0.00 0.00 0.00 0.00 0.00 0.00
1.04 1.04 1.04 1.05 0.99 0.99 0.99 0.99 1.04 1.04 1.04 1.05 1.16 1.16 1.16 1.16 1.25 1.25 1.26 1.26 1.28 1.28 1.28 1.29 1.24 1.25 1.25 1.25 1.08 1.08 1.08 1.09 0.93 0.93 0.93 0.93 0.85 0.85 0.00 0.00 0.00 0.00 0.00 0.00 0.00 0.00 0.00 0.00 0.00 0.00 0.00 0.00 0.00 0.00 0.00 0.00 0.00 0.00 0.00 0.00 0.00 0.00 0.00 0.00 0.00 0.00 0.00 0.00 0.00 0.00 0.00 0.00 0.00 0.00 0.00 0.00 0.00 0.00 0.00 0.00 0.00 0.00 0.00 0.00
1.13 1.13 1.13 1.13 1.15 1.15 1.15 1.15 1.30 1.30 1.31 1.31 1.44 1.45 1.45 1.45 1.40 1.40 1.40 1.41 1.29 1.30 1.30 1.31 1.22 1.23 1.23 1.23 1.21 1.21 1.21 1.22 1.18 1.19 1.19 1.19 1.14 1.15 1.15 0.00 0.00 0.00 0.00 0.00 0.00 0.00 0.00 0.00 0.00 0.00 0.00 0.00 0.00 0.00 0.00 0.00 0.00 0.00 0.00 0.00 0.00 0.00 0.00 0.00 0.00 0.00 0.00 0.00 0.00 0.00 0.00 0.00 0.00 0.00 0.00 0.00 0.00 0.00 0.00 0.00 0.00 0.00 0.00 0.00
1.13 1.13 1.13 1.13 1.15 1.15 1.15 1.15 1.30 1.31 1.31 1.31 1.45 1.45 1.46 1.46 1.40 1.40 1.41 1.41 1.30 1.30 1.30 1.31 1.23 1.23 1.23 1.24 1.21 1.21 1.21 1.22 1.18 1.19 1.19 1.19 1.14 1.15 1.15 1.15 1.16 0.00 0.00 0.00 0.00 0.00 0.00 0.00 0.00 0.00 0.00 0.00 0.00 0.00 0.00 0.00 0.00 0.00 0.00 0.00 0.00 0.00 0.00 0.00 0.00 0.00 0.00 0.00 0.00 0.00 0.00 0.00 0.00 0.00 0.00 0.00 0.00 0.00 0.00 0.00 0.00 0.00 0.00 0.00
1.13 1.13 1.14 1.14 1.15 1.15 1.16 1.16 1.31 1.31 1.31 1.32 1.45 1.46 1.46 1.46 1.40 1.41 1.41 1.41 1.30 1.30 1.31 1.31 1.23 1.23 1.23 1.24 1.21 1.21 1.22 1.22 1.19 1.19 1.19 1.19 1.14 1.15 1.15 1.15 1.16 1.16 0.00 0.00 0.00 0.00 0.00 0.00 0.00 0.00 0.00 0.00 0.00 0.00 0.00 0.00 0.00 0.00 0.00 0.00 0.00 0.00 0.00 0.00 0.00 0.00 0.00 0.00 0.00 0.00 0.00 0.00 0.00 0.00 0.00 0.00 0.00 0.00 0.00 0.00 0.00 0.00 0.00 0.00
1.14 1.14 1.14 1.14 1.16 1.16 1.16 1.16 1.31 1.31 1.32 1.32 1.46 1.46 1.46 1.47 1.41 1.41 1.41 1.42 1.30 1.30 1.31 1.31 1.23 1.23 1.23 1.24 1.21 1.21 1.22 1.22 1.19 1.19 1.19 1.20 1.14 1.15 1.15 1.15 1.16 1.16 1.17 0.00 0.00 0.00 0.00 0.00 0.00 0.00 0.00 0.00 0.00 0.00 0.00 0.00 0.00 0.00 0.00 0.00 0.00 0.00 0.00 0.00 0.00 0.00 0.00 0.00 0.00 0.00 0.00 0.00 0.00 0.00 0.00 0.00 0.00 0.00 0.00 0.00 0.00 0.00 0.00 0.00
1.16 1.16 1.16 1.16 1.34 1.34 1.34 1.34 1.49 1.49 1.49 1.50 1.34 1.34 1.34 1.35 1.11 1.12 1.12 1.12 1.09 1.09 1.09 1.10 1.09 1.09 1.09 1.10 1.10 1.10 1.10 1.10 1.09 1.10 1.10 1.10 1.16 1.17 1.17 1.17 1.32 1.32 1.33 1.33 1.45 0.00 0.00 0.00 0.00 0.00 0.00 0.00 0.00 0.00 0.00 0.00 0.00 0.00 0.00 0.00 0.00 0.00 0.00 0.00 0.00 0.00 0.00 0.00 0.00 0.00 0.00 0.00 0.00 0.00 0.00 0.00 0.00 0.00 0.00 0.00 0.00 0.00 0.00 0.00
1.16 1.16 1.17 1.17 1.34 1.34 1.35 1.35 1.49 1.49 1.50 1.50 1.34 1.34 1.35 1.35 1.12 1.12 1.12 1.12 1.09 1.09 1.10 1.10 1.09 1.09 1.09 1.10 1.10 1.10 1.10 1.10 1.09 1.10 1.10 1.10 1.16 1.17 1.17 1.17 1.32 1.32 1.33 1.33 1.44 1.45 0.00 0.00 0.00 0.00 0.00 0.00 0.00 0.00 0.00 0.00 0.00 0.00 0.00 0.00 0.00 0.00 0.00 0.00 0.00 0.00 0.00 0.00 0.00 0.00 0.00 0.00 0.00 0.00 0.00 0.00 0.00 0.00 0.00 0.00 0.00 0.00 0.00 0.00
1.17 1.17 1.17 1.17 1.35 1.35 1.35 1.35 1.50 1.50 1.50 1.50 1.34 1.34 1.35 1.35 1.12 1.12 1.12 1.12 1.09 1.09 1.10 1.10 1.09 1.09 1.09 1.10 1.10 1.10 1.10 1.10 1.09 1.10 1.10 1.10 1.16 1.17 1.17 1.17 1.32 1.32 1.32 1.33 1.44 1.45 1.45 1.45 0.00 0.00 0.00 0.00 0.00 0.00 0.00 0.00 0.00 0.00 0.00 0.00 0.00 0.00 0.00 0.00 0.00 0.00 0.00 0.00 0.00 0.00 0.00 0.00 0.00 0.00 0.00 0.00 0.00 0.00 0.00 0.00 0.00 0.00 0.00 0.00
1.17 1.17 1.17 1.17 1.35 1.35 1.35 1.35 1.50 1.50 1.50 1.50 1.34 1.35 1.35 1.35 1.12 1.12 1.12 1.12 1.09 1.09 1.10 1.10 1.09 1.09 1.09 1.10 1.10 1.10 1.10 1.10 1.09 1.10 1.10 1.10 1.16 1.16 1.17 1.17 1.32 1.32 1.32 1.33 1.44 1.44 1.45 1.45 1.50 0.00 0.00 0.00 0.00 0.00 0.00 0.00 0.00 0.00 0.00 0.00 0.00 0.00 0.00 0.00 0.00 0.00 0.00 0.00 0.00 0.00 0.00 0.00 0.00 0.00 0.00 0.00 0.00 0.00 0.00 0.00 0.00 0.00 0.00 0.00
1.23 1.24 1.24 1.24 1.46 1.46 1.46 1.46 1.40 1.40 1.40 1.41 1.06 1.06 1.06 1.06 0.87 0.87 0.88 0.88 0.90 0.90 0.90 0.90 0.94 0.94 0.94 0.94 0.89 0.89 0.89 0.89 0.88 0.88 0.88 0.88 1.05 1.06 1.06 1.06 1.26 1.26 1.26 1.27 1.42 1.42 1.42 1.43 1.46 1.46 1.46 0.00 0.00 0.00 0.00 0.00 0.00 0.00 0.00 0.00 0.00 0.00 0.00 0.00 0.00 0.00 0.00 0.00 0.00 0.00 0.00 0.00 0.00 0.00 0.00 0.00 0.00 0.00 0.00 0.00 0.00 0.00 0.00 0.00
1.24 1.24 1.24 1.24 1.46 1.46 1.46 1.46 1.40 1.40 1.41 1.41 1.06 1.06 1.06 1.06 0.87 0.87 0.88 0.88 0.90 0.90 0.90 0.90 0.93 0.94 0.94 0.94 0.88 0.89 0.89 0.89 0.88 0.88 0.88 0.88 1.05 1.05 1.06 1.06 1.26 1.26 1.26 1.26 1.41 1.42 1.42 1.42 1.45 1.46 1.46 1.46 0.00 0.00 0.00 0.00 0.00 0.00 0.00 0.00 0.00 0.00 0.00 0.00 0.00 0.00 0.00 0.00 0.00 0.00 0.00 0.00 0.00 0.00 0.00 0.00 0.00 0.00 0.00 0.00 0.00 0.00 0.00 0.00
1.24 1.24 1.24 1.24 1.46 1.46 1.46 1.47 1.40 1.40 1.41 1.41 1.06 1.06 1.06 1.06 0.87 0.87 0.87 0.88 0.90 0.90 0.90 0.90 0.93 0.93 0.94 0.94 0.88 0.88 0.89 0.89 0.88 0.88 0.88 0.88 1.05 1.05 1.05 1.06 1.25 1.25 1.26 1.26 1.41 1.41 1.41 1.42 1.45 1.45 1.45 1.46 1.27 0.00 0.00 0.00 0.00 0.00 0.00 0.00 0.00 0.00 0.00 0.00 0.00 0.00 0.00 0.00 0.00 0.00 0.00 0.00 0.00 0.00 0.00 0.00 0.00 0.00 0.00 0.00 0.00 0.00 0.00 0.00
1.24 1.24 1.24 1.24 1.46 1.47 1.47 1.47 1.40 1.41 1.41 1.41 1.06 1.06 1.06 1.06 0.87 0.87 0.87 0.88 0.90 0.90 0.90 0.90 0.93 0.93 0.93 0.94 0.88 0.88 0.88 0.89 0.88 0.88 0.88 0.88 1.05 1.05 1.05 1.05 1.25 1.25 1.25 1.26 1.40 1.41 1.41 1.41 1.44 1.44 1.45 1.45 1.26 1.27 1.27 0.00 0.00 0.00 0.00 0.00 0.00 0.00 0.00 0.00 0.00 0.00 0.00 0.00 0.00 0.00 0.00 0.00 0.00 0.00 0.00 0.00 0.00 0.00 0.00 0.00 0.00 0.00 0.00 0.00
1.29 1.29 1.29 1.29 1.50 1.50 1.50 1.50 1.30 1.30 1.30 1.30 0.95 0.95 0.95 0.95 0.81 0.81 0.81 0.81 0.81 0.81 0.81 0.81 0.81 0.81 0.81 0.81 0.80 0.80 0.80 0.80 0.90 0.90 0.90 0.90 1.10 1.11 1.11 1.11 1.28 1.28 1.28 1.28 1.42 1.42 1.42 1.43 1.34 1.34 1.34 1.34 1.18 1.18 1.18 1.19 0.00 0.00 0.00 0.00 0.00 0.00 0.00 0.00 0.00 0.00 0.00 0.00 0.00 0.00 0.00 0.00 0.00 0.00 0.00 0.00 0.00 0.00 0.00 0.00 0.00 0.00 0.00 0.00
2.32 1.29 1.29 1.29 1.50 1.50 1.50 1.50 1.30 1.30 1.30 1.30 0.95 0.95 0.95 0.95 0.81 0.81 0.81 0.81 0.81 0.81 0.81 0.81 0.81 0.81 0.81 0.81 0.79 0.80 0.80 0.80 0.90 0.90 0.90 0.90 1.10 1.10 1.10 1.11 1.27 1.27 1.28 1.28 1.41 1.41 1.42 1.42 1.33 1.33 1.34 1.34 1.18 1.18 1.18 1.18 1.09 1.09 0.00 0.00 0.00 0.00 0.00 0.00 0.00 0.00 0.00 0.00 0.00 0.00 0.00 0.00 0.00 0.00 0.00 0.00 0.00 0.00 0.00 0.00 0.00 0.00 0.00 0.00
2.32 1.29 1.29 1.29 1.50 1.50 1.50 1.50 1.30 1.30 1.30 1.30 0.95 0.95 0.95 0.95 0.81 0.81 0.81 0.81 0.81 0.81 0.81 0.81 0.80 0.80 0.81 0.81 0.79 0.79 0.79 0.80 0.90 0.90 0.90 0.90 1.10 1.10 1.10 1.10 1.27 1.27 1.27 1.27 1.40 1.41 1.41 1.41 1.32 1.33 1.33 1.33 1.17 1.17 1.17 1.17 1.09 1.09 1.09 0.00 0.00 0.00 0.00 0.00 0.00 0.00 0.00 0.00 0.00 0.00 0.00 0.00 0.00 0.00 0.00 0.00 0.00 0.00 0.00 0.00 0.00 0.00 0.00 0.00
2.33 1.29 1.29 1.29 1.50 1.50 1.50 1.50 1.30 1.30 1.30 1.30 0.95 0.95 0.95 0.95 0.81 0.81 0.81 0.81 0.81 0.81 0.81 0.81 0.80 0.80 0.80 0.80 0.79 0.79 0.79 0.79 0.89 0.90 0.90 0.90 1.09 1.10 1.10 1.10 1.26 1.26 1.26 1.27 1.40 1.40 1.40 1.40 1.32 1.32 1.32 1.32 1.16 1.17 1.17 1.17 1.08 1.08 1.08 1.08 1.03 0.00 0.00 0.00 0.00 0.00 0.00 0.00 0.00 0.00 0.00 0.00 0.00 0.00 0.00 0.00 0.00 0.00 0.00 0.00 0.00 0.00 0.00 0.00
2.41 2.41 1.38 1.38 1.48 1.48 1.48 1.48 1.12 1.11 1.11 1.11 0.87 0.87 0.87 0.87 0.78 0.78 0.78 0.79 0.75 0.75 0.75 0.75 0.76 0.76 0.76 0.76 0.88 0.89 0.89 0.89 1.08 1.08 1.08 1.08 1.16 1.16 1.16 1.17 1.29 1.30 1.30 1.30 1.35 1.35 1.35 1.35 1.23 1.23 1.23 1.23 1.14 1.14 1.14 1.14 1.02 1.02 1.02 1.02 0.92 0.92 0.00 0.00 0.00 0.00 0.00 0.00 0.00 0.00 0.00 0.00 0.00 0.00 0.00 0.00 0.00 0.00 0.00 0.00 0.00 0.00 0.00 0.00
2.41 2.41 1.38 1.38 1.48 1.48 1.48 1.47 1.11 1.11 1.11 1.11 0.87 0.87 0.87 0.87 0.78 0.78 0.78 0.78 0.75 0.75 0.75 0.75 0.76 0.76 0.76 0.76 0.88 0.88 0.88 0.89 1.07 1.07 1.07 1.08 1.16 1.16 1.16 1.16 1.29 1.29 1.29 1.29 1.34 1.34 1.34 1.35 1.22 1.22 1.22 1.22 1.13 1.13 1.13 1.14 1.01 1.02 1.02 1.02 0.92 0.92 0.92 0.92 0.00 0.00 0.00 0.00 0.00 0.00 0.00 0.00 0.00 0.00 0.00 0.00 0.00 0.00 0.00 0.00 0.00 0.00 0.00 0.00
2.41 2.41 1.38 1.37 1.48 1.48 1.47 1.47 1.11 1.11 1.11 1.11 0.86 0.86 0.86 0.86 0.78 0.78 0.78 0.78 0.75 0.75 0.75 0.75 0.76 0.76 0.76 0.00 0.88 0.88 0.88 0.88 1.07 1.07 1.07 1.07 1.15 1.15 1.15 1.16 1.28 1.28 1.28 1.29 1.33 1.33 1.34 1.34 1.21 1.21 1.22 1.22 1.13 1.13 1.13 1.13 1.01 1.01 1.01 1.01 0.91 0.59 0.91 0.91 0.86 0.00 0.00 0.00 0.00 0.00 0.00 0.00 0.00 0.00 0.00 0.00 0.00 0.00 0.00 0.00 0.00 0.00 0.00 0.00
2.41 2.40 2.40 1.37 1.48 1.47 1.47 1.47 1.11 1.11 1.11 1.11 0.86 0.86 0.86 0.86 0.78 0.78 0.78 0.78 0.75 0.75 0.75 0.75 0.76 0.76 0.76 0.76 0.88 0.88 0.88 0.88 1.06 1.06 1.07 1.07 1.15 1.15 1.15 1.15 1.27 1.28 1.28 1.28 1.32 1.33 1.33 1.33 1.21 1.21 1.21 1.21 1.12 1.12 1.12 1.12 1.00 1.00 1.00 1.00 0.91 0.91 0.91 0.59 0.85 0.85 0.00 0.00 0.00 0.00 0.00 0.00 0.00 0.00 0.00 0.00 0.00 0.00 0.00 0.00 0.00 0.00 0.00 0.00
2.51 2.51 2.51 1.48 1.32 1.32 1.32 1.31 0.92 0.92 0.92 0.92 0.80 0.80 0.80 0.80 0.76 0.76 0.76 0.76 0.76 0.76 0.76 0.76 0.82 0.82 0.82 0.82 1.01 1.01 1.01 1.01 1.11 1.11 1.11 1.12 1.15 1.15 1.15 1.16 1.26 1.26 1.26 1.26 1.23 1.23 1.23 1.23 1.14 1.14 1.14 1.14 1.05 1.05 1.05 1.05 0.99 0.99 0.99 0.99 0.91 0.91 0.91 0.76 0.58 0.84 0.84 0.72 0.00 0.00 0.00 0.00 0.00 0.00 0.00 0.00 0.00 0.00 0.00 0.00 0.00 0.00 0.00 0.00
2.51 2.51 2.50 2.50 1.32 1.32 1.31 1.31 0.92 0.92 0.92 0.92 0.80 0.80 0.80 0.80 0.76 0.76 0.76 0.76 0.75 0.75 0.75 0.75 0.82 0.82 0.82 0.82 1.01 1.01 1.01 1.01 1.11 1.11 1.11 1.11 1.14 1.15 1.15 1.15 1.25 1.25 1.25 1.26 1.22 1.22 1.23 1.23 1.13 1.13 1.13 1.14 1.05 1.05 1.05 1.05 0.98 0.98 0.98 0.98 0.90 0.90 0.90 0.90 0.58 0.84 0.84 0.72 0.69 0.00 0.00 0.00 0.00 0.00 0.00 0.00 0.00 0.00 0.00 0.00 0.00 0.00 0.00 0.00
2.51 2.51 2.50 2.50 1.32 1.31 1.31 1.31 0.92 0.92 0.92 0.91 0.80 0.80 0.80 0.80 0.76 0.76 0.76 0.76 0.75 0.75 0.75 0.75 0.82 0.82 0.82 0.82 1.00 1.00 1.00 1.00 1.10 1.10 1.10 1.10 1.14 1.14 1.14 1.14 1.24 1.24 1.25 1.25 1.21 1.22 1.22 1.22 1.13 1.13 1.13 1.13 1.04 1.04 1.04 1.04 0.98 0.98 0.98 0.98 0.90 0.90 0.90 0.75 0.83 0.83 0.83 0.83 0.69 0.77 0.00 0.00 0.00 0.00 0.00 0.00 0.00 0.00 0.00 0.00 0.00 0.00 0.00 0.00
2.51 2.50 2.50 2.50 1.31 1.31 1.31 1.31 0.92 0.91 0.91 0.91 0.80 0.80 0.80 0.80 0.76 0.76 0.76 0.76 0.75 0.75 0.75 0.75 0.82 0.82 0.82 0.82 1.00 1.00 1.00 1.00 1.10 1.10 1.10 1.10 1.13 1.13 1.13 1.14 1.23 1.24 1.24 1.24 1.21 1.21 1.21 1.21 1.12 1.12 1.12 1.12 1.03 1.03 1.03 1.03 0.97 0.97 0.97 0.97 0.89 0.89 0.89 0.89 0.78 0.83 0.83 0.83 0.77 0.73 0.00 0.00 0.00 0.00 0.00 0.00 0.00 0.00 0.00 0.00 0.00 0.00 0.00 0.00
2.47 2.47 2.47 2.46 2.14 1.10 1.10 1.10 0.79 0.79 0.79 0.79 0.74 0.74 0.74 0.74 0.75 0.75 0.75 0.75 0.78 0.78 0.78 0.78 0.84 0.85 0.85 0.85 1.03 1.03 1.03 1.03 1.12 1.12 1.12 1.12 1.13 1.13 1.13 1.13 1.14 1.14 1.14 1.14 1.14 1.14 1.14 1.14 1.11 0.59 1.12 1.12 0.99 0.99 0.99 0.99 0.94 0.94 0.94 0.94 0.93 0.93 0.93 0.93 0.80 0.00 0.73 0.73 0.72 0.79 0.00 0.00 0.00 0.00 0.00 0.00 0.00 0.00 0.00 0.00 0.00 0.00 0.00 0.00
2.47 2.47 2.46 2.46 2.14 1.10 1.10 1.09 0.79 0.79 0.79 0.79 0.74 0.73 0.73 0.73 0.75 0.75 0.75 0.75 0.77 0.77 0.77 0.77 0.84 0.84 0.72 0.84 1.02 1.02 1.02 1.02 1.11 1.11 1.11 1.11 1.12 1.12 1.12 1.12 1.13 1.14 1.14 1.14 1.13 1.13 1.13 1.13 0.86 1.11 1.11 1.11 0.98 0.98 0.98 0.98 0.94 0.94 0.94 0.94 0.93 0.93 0.93 0.93 0.80 0.00 0.00 0.00 0.00 0.00 0.00 0.00 0.00 0.00 0.00 0.00 0.00 0.00 0.00 0.00 0.00 0.00 0.00 1.55
2.47 2.46 2.46 2.46 2.13 2.13 1.09 1.09 0.79 0.79 0.79 0.79 0.73 0.00 0.73 0.73 0.75 0.75 0.75 0.75 0.77 0.77 0.77 0.69 0.72 0.84 0.84 0.84 1.02 1.02 1.02 1.02 1.10 1.10 1.10 1.11 1.11 1.11 1.12 1.12 1.13 1.13 1.13 1.13 1.12 1.13 1.13 1.13 1.10 1.10 1.10 1.10 0.97 0.97 0.97 0.97 0.93 0.93 0.93 0.93 0.92 0.92 0.92 0.77 0.79 0.00 0.00 0.00 0.00 0.00 0.00 0.00 0.00 0.00 0.00 0.00 0.00 0.40 1.23 1.23 1.25 1.25 0.00 1.27
2.47 2.46 2.46 2.45 2.13 2.13 1.09 1.09 0.79 0.79 0.79 0.79 0.73 0.70 0.70 0.67 0.75 0.75 0.75 0.75 0.00 0.00 0.56 0.69 0.72 0.84 0.84 0.84 0.81 1.01 1.01 1.01 1.10 1.10 1.10 0.86 0.86 0.86 1.11 1.11 1.12 1.12 1.12 1.12 1.12 1.12 1.12 1.12 1.09 1.09 1.09 1.09 0.97 0.97 0.97 0.97 0.93 0.93 0.93 0.93 0.92 0.92 0.92 0.91 0.79 0.00 0.00 0.00 0.00 0.00 0.00 0.00 0.00 0.00 0.00 0.00 0.00 0.00 0.39 1.22 0.39 0.00 0.00 0.00
2.33 2.32 2.32 2.31 2.00 2.00 0.96 0.96 0.75 0.75 0.75 0.75 0.73 0.70 0.66 0.66 0.76 0.76 0.76 0.76 0.77 0.56 0.00 0.69 0.00 0.72 0.78 0.84 1.07 1.07 1.07 1.07 1.20 1.20 1.20 1.20 1.06 1.06 1.06 1.06 1.00 1.00 1.00 1.00 1.08 1.08 1.08 1.08 1.10 1.10 1.10 1.10 0.95 0.95 0.95 0.95 0.89 0.89 0.89 0.75 0.77 0.93 0.93 0.93 0.76 0.00 0.00 0.00 0.00 0.00 0.00 0.00 0.00 0.00 0.00 0.00 0.00 0.00 0.00 0.00 0.00 0.00 0.00 0.00
2.32 2.32 2.31 2.31 2.00 2.00 2.00 0.95 0.75 0.75 0.75 0.75 0.72 0.70 0.72 0.72 0.76 0.76 0.76 0.76 0.77 0.69 0.00 0.00 0.00 0.00 0.56 0.83 1.07 1.07 1.07 1.07 1.19 1.19 1.19 1.19 1.06 0.58 0.84 1.06 0.99 0.99 0.99 0.99 1.08 1.08 1.08 1.08 1.09 1.09 1.09 1.09 0.94 0.94 0.87 0.87 0.57 0.89 0.75 0.57 0.00 0.00 0.92 0.92 0.90 0.00 0.00 0.00 0.00 0.00 0.00 0.00 0.00 0.00 0.00 0.00 0.00 0.00 0.00 0.00 0.00 0.00 0.38 1.17
2.32 2.32 2.31 2.31 2.00 2.00 1.99 0.95 0.75 0.75 0.75 0.75 0.66 0.66 0.72 0.72 0.76 0.76 0.76 0.76 0.77 0.77 0.69 0.00 0.00 0.00 0.78 0.83 1.06 1.06 1.06 1.06 0.90 1.18 1.18 1.18 0.95 0.00 0.83 1.05 0.99 0.80 0.99 0.99 1.07 1.07 1.07 1.07 1.08 1.08 1.08 0.85 0.93 0.93 0.86 0.00 0.00 0.00 0.74 0.56 0.00 0.57 0.92 0.92 0.89 0.75 0.00 0.00 0.00 0.00 0.00 0.00 0.00 0.00 0.00 0.00 0.00 0.00 0.00 0.00 0.00 0.00 0.00 1.16
2.32 2.31 2.31 2.30 2.00 1.99 1.99 1.77 0.75 0.75 0.75 0.72 0.00 0.66 0.72 0.72 0.76 0.76 0.75 0.75 0.77 0.77 0.77 0.00 0.00 0.72 0.83 0.83 1.05 1.05 1.05 1.05 0.90 1.18 0.90 1.18 1.04 1.04 0.00 0.00 0.90 0.90 0.80 0.98 1.06 1.06 1.06 1.06 1.07 1.07 1.07 0.84 0.93 0.77 0.00 0.00 0.00 0.00 0.00 0.56 0.56 0.76 0.56 0.91 0.82 0.75 0.00 0.00 0.00 0.00 0.00 0.00 0.00 0.00 0.00 0.00 0.00 0.00 0.00 0.00 0.00 0.00 0.00 0.00
2.22 2.22 2.21 2.21 1.94 1.94 1.94 1.94 0.74 0.56 0.74 0.67 0.67 0.67 0.74 0.74 0.78 0.78 0.78 0.77 0.79 0.79 0.70 0.00 0.75 0.89 0.89 0.89 1.16 1.16 1.16 1.16 0.92 0.92 0.00 1.22 1.01 1.02 0.81 0.00 0.00 0.00 0.87 0.95 1.04 1.04 1.04 1.04 1.03 1.03 1.03 0.82 0.77 0.00 0.00 0.00 0.00 0.00 0.00 0.00 0.56 0.56 0.56 0.56 0.00 0.00 0.00 0.00 0.00 0.00 0.00 0.00 0.00 0.00 0.00 0.00 0.00 0.00 0.00 0.00 0.00 0.00 0.00 0.00
2.22 2.21 2.21 2.21 1.94 1.94 1.94 1.93 0.00 0.00 0.00 0.67 0.74 0.55 0.74 0.74 0.78 0.77 0.77 0.77 0.79 0.78 0.55 0.00 0.88 0.88 0.88 0.88 1.16 1.16 1.16 0.00 0.00 0.00 0.00 1.22 1.01 1.01 1.01 1.01 0.94 0.00 0.56 0.94 1.03 1.03 1.03 1.03 1.02 1.02 1.02 1.02 0.93 0.00 0.00 0.00 0.00 0.00 0.00 0.00 0.76 0.56 0.56 0.00 0.00 0.00 0.00 0.00 0.00 0.00 0.00 0.00 0.00 0.00 0.00 0.00 0.00 0.00 0.00 0.00 0.00 0.00 0.00 0.00
2.22 2.21 2.21 2.20 1.94 1.94 1.93 1.93 1.78 0.00 0.67 0.73 0.67 0.67 0.67 0.74 0.77 0.77 0.77 0.77 0.78 0.78 0.78 0.00 0.88 0.88 0.88 0.88 1.15 1.15 1.15 0.00 0.00 0.00 0.00 0.00 1.00 1.00 1.00 1.00 0.94 0.00 0.56 0.87 0.94 1.03 1.03 1.03 0.57 1.01 0.81 0.57 0.92 0.77 0.00 0.00 0.00 0.00 0.00 0.00 0.00 0.00 0.00 0.00 0.00 0.00 0.00 0.00 0.00 0.00 0.00 0.00 0.00 0.00 0.00 0.00 0.00 0.00 0.00 0.00 0.00 0.00 0.00 0.00
2.21 2.21 2.20 2.20 1.94 1.93 1.93 1.93 1.78 0.67 0.67 0.67 0.55 0.00 0.67 0.74 0.77 0.77 0.77 0.69 0.78 0.78 0.69 0.69 0.88 0.88 0.88 0.88 1.14 1.14 1.14 0.00 0.00 0.00 0.00 0.00 1.00 1.00 1.00 0.80 0.00 0.00 0.93 0.93 1.02 1.02 1.02 1.02 0.81 0.81 0.56 0.00 0.00 0.76 0.00 0.00 0.00 0.00 0.00 0.00 0.00 0.00 0.00 0.00 0.55 0.00 0.00 0.36 0.99 0.00 0.00 0.00 0.00 0.00 0.00 0.00 0.00 0.00 0.00 0.00 0.00 0.00 0.00 0.00
