New_Model_Runs/3_scn2_noclimate_out/post_prcessed_with_MFR/Monthly_summaries/interception_monthly_NOV.asc
NCOLS 700
NROWS 400
XLLCENTER 515000.000000
YLLCENTER 8409000.000000
CELLSIZE 50.000000
NODATA_value -999.000000
[rows 190 to 227 of 400, columns 168 to 251 of 700]
1.12 1.12 0.69 0.69 0.69 1.12 1.12 1.12 1.29 1.29 1.29 1.29 1.47 1.47 1.47 1.47 1.45 1.45 1.45 1.45 1.39 1.39 1.39 1.39 1.44 1.44 1.44 1.44 1.57 1.57 1.57 1.57 1.72 1.72 1.72 1.72 1.72 1.72 1.72 1.72 1.61 1.61 1.61 1.61 1.51 1.51 1.51 1.51 1.38 1.38 1.38 1.38 1.42 1.42 1.42 1.42 1.53 1.53 1.53 1.53 1.43 1.43 1.43 1.43 1.31 1.31 1.11 1.32 1.34 1.34 1.34 1.63 1.70 1.70 1.70 1.70 1.82 1.82 1.83 1.43 1.48 1.49 1.49 1.49
1.13 1.13 1.13 1.01 1.13 1.13 1.13 1.13 1.30 1.30 1.30 1.30 1.48 1.48 1.48 1.48 1.45 1.45 1.45 1.45 1.40 1.40 1.40 1.40 1.44 1.44 1.44 1.44 1.58 1.58 1.58 1.58 1.72 1.72 1.72 1.72 1.72 1.72 1.72 1.72 1.62 1.62 1.62 1.62 1.52 1.51 1.51 1.51 1.38 1.38 1.38 1.38 1.42 1.42 1.42 1.42 1.54 1.54 1.54 1.54 1.44 1.44 1.44 1.44 1.32 1.32 1.32 1.32 1.34 1.35 1.35 1.63 1.70 1.71 1.71 1.71 1.83 1.83 1.83 1.44 1.49 1.49 1.49 1.50
1.11 1.11 1.11 1.00 1.17 1.17 1.17 1.17 1.35 1.35 1.35 1.35 1.51 1.51 1.51 1.51 1.47 1.47 1.47 1.47 1.42 1.42 1.42 1.42 1.47 1.47 1.47 1.47 1.57 1.57 1.57 1.57 1.70 1.70 1.70 1.70 1.78 1.78 1.78 1.78 1.73 1.73 1.73 1.73 1.55 1.55 1.55 1.55 1.34 1.34 1.34 1.34 1.41 1.41 1.41 1.41 1.59 1.59 1.59 1.59 1.55 1.55 1.55 1.55 1.36 1.36 1.36 1.36 1.33 1.33 1.62 1.62 1.75 1.76 1.76 1.76 1.84 1.84 1.84 1.45 1.52 1.52 1.52 1.53
1.11 1.11 1.11 1.11 1.17 1.17 1.17 1.17 1.36 1.36 1.36 1.36 1.52 1.52 1.52 1.52 1.48 1.48 1.48 1.48 1.42 1.42 1.42 1.42 1.48 1.48 1.48 1.48 1.58 1.58 1.58 1.58 1.71 1.71 1.71 1.71 1.79 1.79 1.79 1.79 1.74 1.74 1.74 1.74 1.56 1.56 1.56 1.56 1.34 1.34 1.34 1.34 1.41 1.41 1.41 1.41 1.60 1.60 1.60 1.60 1.56 1.56 1.56 1.56 1.36 1.36 1.36 1.37 1.33 1.34 1.62 1.62 1.76 1.76 1.76 1.76 1.84 1.85 1.85 1.85 1.52 1.53 1.53 1.53
1.11 1.11 1.11 1.11 1.17 1.17 1.17 1.17 1.36 1.36 1.36 1.36 1.52 1.52 1.52 1.52 1.48 1.48 1.48 1.48 1.42 1.42 1.42 1.42 1.48 1.48 1.48 1.48 1.58 1.58 1.58 1.58 1.71 1.71 1.71 1.71 1.79 1.79 1.79 1.79 1.74 1.74 1.74 1.74 1.56 1.56 1.56 1.56 1.35 1.35 1.35 1.35 1.41 1.41 1.41 1.41 1.60 1.60 1.60 1.60 1.56 1.56 1.56 1.56 1.37 1.37 1.37 1.37 1.34 1.34 1.63 1.63 1.77 1.77 1.77 1.77 1.85 1.85 1.85 1.86 1.53 1.53 1.53 1.54
1.11 1.11 1.11 1.11 1.17 1.17 1.17 1.17 1.36 1.36 1.36 1.36 1.53 1.53 1.53 1.53 1.49 1.49 1.49 1.49 1.43 1.43 1.43 1.43 1.49 1.49 1.49 1.49 1.59 1.58 1.58 1.58 1.72 1.72 1.72 1.72 1.80 1.80 1.80 1.80 1.75 1.75 1.75 1.75 1.57 1.57 1.57 1.57 1.35 1.35 1.35 1.35 1.42 1.42 1.42 1.42 1.61 1.61 1.61 1.61 1.57 1.57 1.57 1.57 1.37 1.37 1.37 1.37 1.34 1.63 1.63 1.63 1.77 1.77 1.77 1.77 1.86 1.86 1.86 1.86 1.94 1.54 1.54 1.54
1.18 1.18 1.18 1.18 1.23 1.23 1.23 1.23 1.38 1.38 1.38 1.38 1.55 1.55 1.55 1.55 1.52 1.52 1.52 1.52 1.45 1.45 1.45 1.45 1.53 1.53 1.53 1.53 1.64 1.64 1.64 1.64 1.79 1.79 1.79 1.79 1.88 1.88 1.88 1.88 1.76 1.76 1.76 1.76 1.53 1.53 1.53 1.53 1.36 1.36 1.36 1.36 1.47 1.47 1.47 1.47 1.66 1.66 1.66 1.66 1.55 1.55 1.55 1.55 1.30 1.30 1.30 1.30 1.28 1.57 1.57 1.57 1.75 1.75 1.75 1.75 1.89 1.89 1.90 1.90 1.94 1.54 1.54 1.54
1.18 1.18 1.18 1.18 1.23 1.23 1.23 1.23 1.39 1.39 1.39 1.38 1.55 1.55 1.55 1.55 1.53 1.53 1.53 1.52 1.46 1.46 1.46 1.46 1.53 1.53 1.53 1.53 1.65 1.65 1.65 1.65 1.79 1.79 1.79 1.79 1.89 1.89 1.89 1.89 1.77 1.77 1.77 1.77 1.54 1.54 1.54 1.54 1.36 1.36 1.36 1.36 1.47 1.47 1.47 1.47 1.67 1.67 1.67 1.67 1.55 1.55 1.55 1.55 1.30 1.30 1.30 1.30 1.28 1.57 1.57 1.57 1.75 1.76 1.76 1.76 1.90 1.90 1.90 1.90 1.94 1.54 1.54 1.54
1.19 1.19 1.19 1.19 1.23 1.23 1.23 1.23 1.39 1.39 1.39 1.39 1.55 1.55 1.55 1.55 1.53 1.53 1.53 1.53 1.46 1.46 1.46 1.46 1.54 1.54 1.54 1.54 1.65 1.65 1.65 1.65 1.80 1.80 1.80 1.80 1.89 1.89 1.89 1.89 1.77 1.77 1.77 1.77 1.54 1.54 1.54 1.54 1.36 1.36 1.36 1.36 1.47 1.47 1.47 1.47 1.67 1.67 1.67 1.67 1.56 1.56 1.56 1.56 1.30 1.30 1.30 1.30 1.57 1.57 1.58 1.58 1.76 1.76 1.76 1.76 1.90 1.91 1.91 1.91 1.95 1.95 1.55 1.55
1.19 1.19 1.19 1.19 1.24 1.24 1.24 1.23 1.39 1.39 1.39 1.39 1.56 1.56 1.56 1.56 1.53 1.53 1.53 1.53 1.46 1.46 1.46 1.46 1.54 1.54 1.54 1.54 1.65 1.65 1.65 1.65 1.80 1.80 1.80 1.80 1.90 1.90 1.90 1.90 1.78 1.78 1.78 1.78 1.54 1.54 1.54 1.54 1.37 1.37 1.37 1.37 1.48 1.48 1.48 1.48 1.68 1.68 1.68 1.68 1.56 1.56 1.56 1.56 1.30 1.30 1.30 1.30 1.58 1.58 1.58 1.58 1.76 1.76 1.77 1.77 1.91 1.91 1.91 1.91 1.95 1.95 1.55 1.55
1.30 1.30 1.30 1.30 1.29 1.29 1.29 1.29 1.40 1.40 1.40 1.40 1.56 1.56 1.56 1.56 1.58 1.58 1.58 1.58 1.56 1.56 1.56 1.56 1.62 1.62 1.62 1.62 1.79 1.79 1.79 1.79 1.94 1.93 1.93 1.93 1.80 1.80 1.80 1.80 1.59 1.59 1.59 1.59 1.43 1.44 1.44 1.44 1.35 1.35 1.35 1.35 1.50 1.50 1.50 1.50 1.69 1.69 1.69 1.69 1.45 1.45 1.45 1.45 1.21 1.21 1.22 1.22 1.52 1.53 1.53 1.53 1.70 1.71 1.71 1.71 1.87 1.87 1.87 1.87 1.95 1.95 1.95 1.55
1.30 1.30 1.30 1.30 1.29 1.29 1.29 1.29 1.40 1.40 1.40 1.40 1.57 1.56 1.56 1.56 1.58 1.58 1.58 1.58 1.56 1.56 1.56 1.56 1.62 1.62 1.62 1.62 1.79 1.79 1.79 1.79 1.94 1.94 1.94 1.94 1.81 1.81 1.81 1.81 1.59 1.59 1.59 1.59 1.44 1.44 1.44 1.44 1.35 1.35 1.35 1.35 1.50 1.50 1.50 1.50 1.69 1.69 1.69 1.69 1.45 1.45 1.46 1.46 1.22 1.22 1.22 1.51 1.53 1.53 1.53 1.53 1.71 1.71 1.71 1.71 1.87 1.87 1.88 1.88 1.96 1.96 1.96 1.56
1.31 1.31 1.31 1.31 1.29 1.29 1.29 1.29 1.40 1.40 1.40 1.40 1.57 1.57 1.57 1.57 1.58 1.58 1.58 1.58 1.56 1.56 1.56 1.56 1.63 1.63 1.63 1.63 1.80 1.80 1.80 1.80 1.94 1.94 1.94 1.94 1.81 1.81 1.81 1.81 1.59 1.59 1.59 1.59 1.44 1.44 1.44 1.44 1.35 1.35 1.35 1.35 1.50 1.50 1.50 1.50 1.69 1.70 1.70 1.70 1.46 1.46 1.46 1.46 1.22 1.22 1.22 1.51 1.53 1.53 1.53 1.53 1.71 1.71 1.71 1.71 1.88 1.88 1.88 1.88 1.96 1.96 1.96 1.56
1.31 1.31 1.31 1.31 1.30 1.30 1.30 1.30 1.41 1.41 1.41 1.41 1.57 1.57 1.57 1.57 1.59 1.59 1.59 1.59 1.57 1.57 1.57 1.57 1.63 1.63 1.63 1.63 1.80 1.80 1.80 1.80 1.95 1.95 1.95 1.95 1.82 1.82 1.82 1.81 1.59 1.59 1.59 1.59 1.44 1.44 1.44 1.44 1.35 1.35 1.36 1.36 1.50 1.50 1.50 1.50 1.70 1.70 1.70 1.70 1.46 1.46 1.46 1.46 1.22 1.22 1.22 1.52 1.53 1.53 1.53 1.53 1.71 1.72 1.72 1.72 1.88 1.88 1.88 1.88 1.96 1.97 1.97 1.97
1.47 1.47 1.47 1.47 1.44 1.44 1.44 1.44 1.49 1.49 1.49 1.49 1.59 1.59 1.59 1.59 1.65 1.65 1.65 1.65 1.65 1.65 1.65 1.65 1.70 1.70 1.70 1.70 1.90 1.90 1.90 1.90 1.85 1.85 1.85 1.85 1.53 1.53 1.53 1.53 1.35 1.35 1.35 1.35 1.28 1.28 1.28 1.28 1.31 1.31 1.31 1.31 1.59 1.59 1.59 1.59 1.67 1.67 1.67 1.67 1.33 1.33 1.33 1.33 1.17 1.17 1.47 1.47 1.56 1.56 1.56 1.57 1.77 1.77 1.77 1.77 1.92 1.92 1.92 1.93 2.01 2.01 2.01 2.02
1.47 1.47 1.47 1.47 1.45 1.45 1.45 1.45 1.50 1.49 1.49 1.49 1.60 1.60 1.60 1.60 1.65 1.65 1.65 1.65 1.66 1.66 1.66 1.66 1.71 1.71 1.71 1.70 1.91 1.90 1.90 1.90 1.85 1.85 1.85 1.85 1.53 1.53 1.53 1.53 1.35 1.35 1.35 1.35 1.28 1.28 1.28 1.28 1.31 1.31 1.31 1.31 1.59 1.59 1.59 1.60 1.67 1.67 1.67 1.67 1.33 1.33 1.33 1.33 1.18 1.18 1.47 1.47 1.57 1.57 1.57 1.57 1.77 1.77 1.77 1.78 1.92 1.93 1.93 1.93 2.01 2.02 2.02 2.02
1.47 1.47 1.47 1.47 1.45 1.45 1.45 1.45 1.50 1.50 1.50 1.50 1.60 1.60 1.60 1.60 1.66 1.66 1.66 1.66 1.66 1.66 1.66 1.66 1.71 1.71 1.71 1.71 1.91 1.91 1.91 1.91 1.86 1.86 1.86 1.86 1.54 1.54 1.53 1.53 1.35 1.35 1.35 1.35 1.28 1.28 1.28 1.28 1.31 1.31 1.31 1.31 1.60 1.60 1.60 1.60 1.67 1.67 1.68 1.68 1.33 1.33 1.33 1.33 1.18 1.18 1.47 1.47 1.57 1.57 1.57 1.57 1.77 1.78 1.78 1.78 1.93 1.93 1.93 1.93 2.02 2.02 2.02 2.02
1.48 1.47 1.47 1.47 1.45 1.45 1.45 1.45 1.50 1.50 1.50 1.50 1.60 1.60 1.60 1.60 1.66 1.66 1.66 1.66 1.66 1.66 1.66 1.66 1.71 1.71 1.71 1.71 1.91 1.91 1.91 1.91 1.86 1.86 1.86 1.86 1.54 1.54 1.54 1.54 1.35 1.35 1.35 1.35 1.28 1.28 1.28 1.28 1.31 1.31 1.31 1.31 1.60 1.60 1.60 1.60 1.68 1.68 1.68 1.68 1.33 1.33 1.33 1.33 1.18 1.47 1.48 1.48 1.57 1.57 1.57 1.57 1.78 1.78 1.78 1.78 1.93 1.93 1.93 1.94 2.02 2.02 2.03 2.03
1.62 1.62 1.62 1.62 1.64 1.64 1.64 1.64 1.62 1.62 1.62 1.62 1.67 1.67 1.67 1.67 1.74 1.74 1.74 1.74 1.75 1.33 1.75 1.75 1.78 1.78 1.78 1.78 1.85 1.85 1.85 0.78 1.70 1.70 1.70 1.70 1.42 1.42 1.41 1.41 1.26 1.26 1.26 1.26 1.25 1.25 1.25 1.25 1.47 1.47 1.47 1.47 1.72 1.73 1.73 1.73 1.51 1.51 1.51 1.51 1.21 1.21 1.21 1.21 1.24 1.53 1.53 1.53 1.73 1.73 1.73 1.73 1.87 1.88 1.88 1.88 1.96 1.96 1.96 1.96 2.06 2.07 2.07 2.07
1.62 1.62 1.62 1.62 1.64 1.64 1.64 1.64 1.63 1.63 1.62 1.62 1.67 1.67 1.67 1.67 1.75 1.75 1.33 1.33 1.34 1.76 1.76 1.76 1.78 1.78 1.78 1.78 1.86 1.85 1.85 1.85 1.70 1.70 1.70 1.70 1.42 1.42 1.42 1.42 1.26 1.26 1.26 1.26 1.25 1.25 1.25 1.25 1.47 1.47 1.47 1.47 1.73 1.73 1.73 1.73 1.51 1.51 1.51 1.52 1.21 1.21 1.21 1.21 1.24 1.53 1.54 1.54 1.73 1.73 1.74 1.74 1.88 1.88 1.88 1.88 1.96 1.96 1.96 1.96 2.07 2.07 2.07 2.07
1.62 1.62 1.62 1.62 1.65 1.65 1.64 1.64 1.63 1.63 1.63 1.63 1.68 1.67 1.67 1.67 1.75 1.75 1.33 1.33 1.34 1.76 1.76 1.76 1.79 1.79 1.79 1.79 1.86 1.86 1.86 1.39 1.70 1.70 1.70 1.70 1.42 1.42 1.42 1.42 1.26 1.26 1.26 1.26 1.25 1.25 1.25 1.25 1.47 1.47 1.47 1.47 1.73 1.73 1.73 1.73 1.52 1.52 1.52 1.52 1.21 1.21 1.21 1.21 1.54 1.54 1.54 1.54 1.73 1.74 1.74 1.74 1.88 1.88 1.88 1.89 1.96 1.96 1.96 1.97 2.07 2.07 2.07 2.08
1.63 1.63 1.63 1.63 1.65 1.65 1.65 1.65 1.63 1.63 1.63 1.63 1.68 1.68 1.68 1.68 1.75 1.33 1.33 1.33 1.76 1.76 1.76 1.76 1.79 1.79 1.35 1.35 1.39 1.86 1.86 1.86 1.71 1.71 1.71 1.71 1.42 1.42 1.42 1.42 1.26 1.26 1.26 1.26 1.25 1.25 1.25 1.25 1.47 1.47 1.47 1.47 1.73 1.73 1.73 1.73 1.52 1.52 1.52 1.52 1.21 1.21 1.21 1.21 1.54 1.54 1.54 1.54 1.74 1.74 1.74 1.74 1.88 1.88 1.89 1.89 1.96 1.97 1.97 1.97 2.07 2.08 2.08 2.08
1.66 1.66 1.66 1.66 1.71 1.71 1.71 1.71 1.71 1.71 1.71 1.71 1.73 1.73 1.32 1.73 1.79 1.79 0.00 0.00 1.34 1.77 1.77 1.77 1.73 1.32 0.00 0.00 0.00 0.78 1.31 1.71 1.61 1.61 1.61 1.61 1.41 1.41 1.41 1.41 1.27 1.27 1.27 1.27 1.35 1.35 1.35 1.35 1.65 1.65 1.65 1.65 1.65 1.65 1.65 1.65 1.35 1.35 1.35 1.35 1.24 1.24 1.24 1.24 1.66 1.66 1.67 1.67 1.83 1.83 1.83 1.83 1.90 1.91 1.91 1.91 2.00 2.00 2.00 2.01 2.19 2.20 2.20 2.20
1.66 1.66 1.66 1.66 1.72 1.72 1.71 1.71 1.71 1.71 1.71 1.71 1.74 1.74 1.33 1.33 1.60 0.00 0.00 0.00 0.00 1.35 1.78 1.78 1.33 0.00 0.00 0.00 0.00 0.00 0.00 1.32 1.61 1.61 1.61 1.61 1.41 1.41 1.41 1.41 1.27 1.27 1.27 1.27 1.36 1.35 1.35 1.35 1.65 1.65 1.65 1.66 1.65 1.65 1.65 1.65 1.35 1.35 1.35 1.35 1.24 1.24 1.24 1.54 1.66 1.67 1.67 1.67 1.83 1.83 1.84 1.84 1.91 1.91 1.91 1.91 2.00 2.00 2.01 2.01 2.20 2.20 2.20 2.20
1.66 1.66 1.66 1.66 1.72 1.72 1.72 1.72 1.71 1.71 1.71 1.71 1.33 1.33 1.33 0.00 0.00 0.00 0.00 1.36 1.35 1.35 1.78 1.35 0.00 0.00 0.00 0.00 1.32 0.00 0.00 1.54 1.62 1.62 1.62 1.62 1.41 1.41 1.41 1.41 1.28 1.28 1.27 1.27 1.36 1.36 1.36 1.36 1.66 1.66 1.66 1.66 1.65 1.65 1.65 1.65 1.35 1.35 1.35 1.36 1.24 1.24 1.24 1.54 1.67 1.67 1.67 1.67 1.83 1.84 1.84 1.84 1.91 1.91 1.91 1.91 2.01 2.01 2.01 2.01 2.20 2.20 2.20 2.20
1.67 1.67 1.67 1.66 1.72 1.72 1.72 1.72 1.72 1.71 1.71 1.31 0.00 0.00 0.00 0.00 0.00 0.00 0.00 1.36 1.35 1.78 1.78 1.35 0.00 0.00 0.00 0.00 0.00 0.00 1.32 1.32 1.62 1.62 1.62 1.62 1.41 1.41 1.41 1.41 1.28 1.28 1.28 1.28 1.36 1.36 1.36 1.36 1.66 1.66 1.66 1.66 1.65 1.65 1.65 1.65 1.35 1.35 1.36 1.36 1.24 1.24 1.24 1.54 1.67 1.67 1.67 1.67 1.84 1.84 1.84 1.84 1.91 1.91 1.91 1.91 2.01 2.01 2.01 2.01 2.20 2.20 2.20 2.21
1.64 1.64 1.64 1.64 1.65 1.65 1.65 1.64 1.69 1.69 1.69 1.30 1.34 0.00 0.00 0.00 0.00 0.00 0.00 0.00 1.30 1.30 1.30 0.00 0.00 0.00 0.00 0.00 0.00 0.77 1.60 1.60 1.51 1.51 1.51 1.51 1.37 1.37 1.37 1.37 1.41 1.41 1.41 1.41 1.62 1.62 1.62 1.62 1.69 1.69 1.69 1.69 1.45 1.45 1.45 1.45 1.34 1.34 1.34 1.34 1.41 1.41 1.71 1.71 1.83 1.83 1.83 1.83 1.83 0.00 1.83 1.83 1.88 1.88 1.88 1.88 2.03 2.04 2.04 2.04 2.34 2.34 2.34 2.34
1.64 1.64 1.64 1.64 1.65 1.65 1.65 1.65 1.69 1.69 1.69 1.69 1.34 0.00 0.00 0.00 0.00 0.00 1.58 1.34 1.30 0.00 0.00 0.00 0.00 0.00 0.00 0.77 0.77 1.60 1.60 1.60 1.51 1.51 1.51 1.51 1.38 1.38 1.37 1.37 1.42 1.41 1.41 1.41 1.63 1.63 1.62 1.62 1.69 1.69 1.69 1.69 1.45 1.45 1.45 1.45 1.34 1.34 1.34 1.34 1.41 1.41 1.71 1.71 1.83 1.83 1.83 1.83 1.83 1.83 1.83 1.83 1.88 1.88 1.88 1.89 2.04 2.04 2.04 2.04 2.34 2.34 2.34 2.34
1.64 1.64 1.64 1.64 1.65 1.65 1.65 1.65 1.69 1.69 1.69 1.30 1.34 0.00 0.00 0.00 0.00 1.34 1.34 1.34 1.30 1.30 1.30 0.00 0.00 0.00 0.00 0.78 1.60 0.77 1.60 1.60 1.51 1.51 1.51 1.51 1.38 1.38 1.38 1.38 1.42 1.42 1.42 1.41 1.63 1.63 1.63 1.63 1.69 1.69 1.69 1.69 1.45 1.45 1.45 1.45 1.34 1.34 1.34 1.34 1.41 1.41 1.71 1.71 1.83 1.83 1.83 1.84 1.83 1.83 1.83 1.83 1.88 1.88 1.89 1.89 2.04 2.04 2.04 2.04 2.34 2.34 2.34 2.34
1.87 1.87 1.86 1.64 1.65 1.65 1.65 1.65 1.69 1.69 1.30 1.30 0.00 0.00 0.00 0.00 0.00 0.00 1.35 0.00 1.30 1.69 0.78 0.00 0.00 0.00 0.00 1.62 1.61 1.61 1.60 1.60 1.52 1.51 1.51 1.51 1.38 1.38 1.14 1.38 1.42 1.42 1.42 1.42 1.63 1.63 1.63 1.63 1.70 1.69 1.69 1.69 1.45 1.45 1.45 1.45 1.34 1.34 1.34 1.34 1.41 1.71 1.71 1.71 1.83 1.83 1.83 1.84 1.83 1.83 1.83 1.83 1.88 1.89 1.89 1.89 2.04 2.04 2.04 2.04 2.34 2.34 2.34 2.34
1.88 1.88 1.87 1.87 1.86 1.86 1.63 1.63 1.67 1.67 1.66 1.29 0.00 0.00 0.00 0.00 0.00 0.00 0.00 0.78 0.78 1.63 0.78 0.00 0.00 0.00 0.00 1.24 1.55 1.55 1.55 1.55 1.52 1.52 1.52 1.52 1.52 1.52 1.52 1.21 1.66 1.66 1.66 1.66 1.73 1.32 1.32 1.73 1.60 1.60 1.60 1.60 1.54 1.54 1.55 1.55 1.57 1.57 1.58 1.58 1.65 1.95 1.95 1.95 1.96 1.96 1.96 1.97 1.89 1.89 1.89 1.90 1.93 1.93 1.93 1.93 2.13 2.13 2.13 2.13 2.42 2.42 2.42 2.42
1.88 1.88 1.88 1.87 1.86 1.86 1.86 1.86 1.89 1.89 1.67 1.67 1.32 0.00 0.00 0.00 0.00 0.00 0.00 0.00 1.63 1.63 1.63 0.78 0.00 0.00 0.00 1.24 1.23 1.23 1.55 1.23 1.53 1.52 1.52 1.52 1.52 1.52 1.21 1.21 1.66 1.66 1.66 1.66 0.00 0.00 1.32 1.73 1.60 1.60 1.60 1.60 1.55 1.55 1.55 1.55 1.57 1.58 1.58 1.58 1.95 1.95 1.95 1.95 1.96 1.96 1.97 1.97 1.89 1.89 1.90 1.90 1.93 1.93 1.93 1.93 2.13 2.13 2.13 2.13 2.42 2.42 2.42 2.42
1.88 1.88 1.88 1.88 1.86 1.86 1.86 1.86 1.89 1.89 1.89 1.89 1.54 0.00 0.00 0.00 0.00 0.00 0.00 0.00 1.47 1.63 1.27 0.00 0.00 0.00 1.24 1.24 1.55 1.23 1.23 1.55 1.53 1.53 1.53 1.22 1.22 1.52 1.21 1.21 1.66 1.29 1.29 0.00 0.00 1.32 1.32 1.73 1.60 1.60 1.60 1.60 1.55 1.55 1.55 1.55 1.58 1.58 1.58 1.58 1.95 1.95 1.95 1.95 1.96 1.96 1.97 0.00 0.00 1.89 1.90 1.90 1.93 1.93 1.93 1.93 2.13 2.13 2.13 2.13 2.42 2.42 2.42 2.42
1.88 1.88 1.88 1.88 1.86 1.86 1.86 1.86 1.89 1.89 1.89 1.51 1.55 0.00 0.00 0.00 0.00 0.00 0.00 0.00 0.00 0.00 0.00 0.00 0.00 0.00 1.24 0.00 1.23 1.23 1.23 1.23 1.22 1.22 1.53 1.22 1.22 1.22 1.21 1.21 0.00 0.00 0.00 1.29 1.32 1.32 1.73 1.73 1.60 1.60 1.60 1.60 1.55 1.55 1.55 1.55 1.58 1.58 1.58 1.58 1.95 1.95 1.95 0.00 0.00 0.00 0.00 0.00 0.00 0.00 0.00 0.00 0.00 0.00 0.00 1.93 2.13 2.13 2.13 2.13 2.42 2.42 2.42 2.42
1.93 1.93 1.93 1.93 1.87 1.87 1.87 1.87 1.86 1.86 1.86 1.86 1.51 0.00 0.00 0.00 0.00 0.00 0.00 0.00 0.00 0.00 0.00 0.00 0.00 1.26 1.26 1.26 1.62 1.62 1.26 1.46 1.28 1.27 1.27 0.00 1.30 1.30 1.30 0.00 0.00 0.00 0.00 1.32 1.73 1.73 1.73 1.72 1.77 1.77 1.77 1.77 1.80 1.80 1.80 1.80 1.78 1.78 1.78 2.07 2.03 2.03 2.03 0.00 0.00 0.00 0.00 0.00 0.00 0.00 0.00 0.00 1.97 1.97 1.97 1.97 2.19 2.19 2.19 2.19 2.34 2.34 2.34 2.33
1.93 1.93 1.93 1.93 1.87 1.87 1.87 1.87 1.87 1.86 1.86 1.86 1.52 0.00 0.00 0.00 0.00 0.00 0.00 0.00 0.00 0.00 0.00 0.00 0.00 0.00 1.26 1.26 1.27 1.27 0.00 0.00 0.00 0.00 0.00 0.00 0.00 1.30 1.30 0.00 0.00 1.32 1.32 1.32 1.32 1.32 1.32 1.32 1.34 1.34 1.34 1.34 1.36 0.00 1.36 1.80 1.78 1.78 1.78 2.07 2.03 2.03 2.03 0.00 0.00 0.00 0.00 1.95 1.90 0.00 1.91 1.91 1.97 1.97 1.97 1.97 2.19 2.19 2.19 2.19 2.34 2.34 2.33 2.33
1.93 1.93 1.93 1.93 1.87 1.87 1.87 1.87 1.87 1.86 1.86 1.50 1.52 0.00 0.00 0.00 0.00 0.00 1.51 1.51 0.00 0.00 1.49 1.49 0.00 0.00 0.00 1.83 1.27 0.00 0.00 0.00 0.00 0.00 0.00 0.00 0.00 0.00 1.30 0.00 1.32 1.32 1.32 1.32 1.32 1.32 1.32 0.00 0.00 0.00 0.00 0.00 0.00 0.00 0.00 0.79 1.78 1.78 1.78 2.07 2.03 2.03 2.03 0.83 0.00 1.94 1.94 1.95 0.00 0.83 0.00 0.00 1.97 1.97 1.97 1.97 2.19 2.19 2.19 2.19 2.33 2.33 2.33 2.33
1.93 1.93 1.93 1.93 1.87 1.87 1.87 1.87 1.87 1.50 1.50 1.70 1.73 0.00 0.00 0.00 0.00 1.51 1.88 1.51 0.00 0.00 1.69 0.80 0.00 0.00 0.00 0.00 0.00 0.00 0.00 0.00 0.00 0.00 0.00 0.00 0.00 0.00 0.00 0.00 0.00 0.00 0.00 1.32 1.32 1.32 1.32 1.32 0.00 0.00 0.00 0.00 0.00 0.00 0.79 0.79 1.35 0.00 2.07 2.07 2.03 1.57 2.03 2.03 0.83 1.94 1.94 1.95 0.83 1.91 1.91 1.91 1.97 1.97 1.97 1.97 2.19 2.19 2.19 2.19 2.33 2.33 2.33 2.32
