New_Model_Runs/3_scn2_noclimate_out/post_prcessed_with_MFR/Monthly_summaries/net_infiltration_monthly_APR.asc
NCOLS 700
NROWS 400
XLLCENTER 515000.000000
YLLCENTER 8409000.000000
CELLSIZE 50.000000
NODATA_value -999.000000
[rows 74 to 110 of 400, columns 415 to 497 of 700]
0.00 0.00 0.00 0.00 0.00 0.00 0.00 0.00 0.00 0.00 0.00 0.00 0.00 0.00 0.00 0.00 0.00 0.00 0.00 0.00 0.00 0.00 0.00 0.00 0.00 0.00 0.00 0.00 0.00 0.00 0.00 0.00 0.00 0.00 0.00 0.00 0.00 0.00 0.00 0.00 0.00 0.00 0.00 0.00 0.00 0.00 0.00 0.00 0.00 0.00 0.00 0.00 0.00 0.00 0.00 0.00 0.00 0.00 0.00 0.00 0.00 0.00 0.00 0.00 0.00 0.00 0.00 0.00 0.00 0.00 0.00 0.00 0.00 0.00 0.00 0.00 0.00 0.00 0.00 0.00 0.00 0.00 0.00
0.00 0.00 0.00 0.00 0.00 0.00 0.00 0.00 0.00 0.00 0.00 0.00 0.00 0.00 0.00 0.00 0.00 0.00 0.00 0.00 0.00 0.00 0.00 0.00 0.00 0.00 0.00 0.00 0.00 0.00 0.00 0.00 0.00 0.00 0.00 0.00 0.00 0.00 0.00 0.00 0.00 0.00 0.00 0.00 0.00 0.00 0.00 0.00 0.00 0.00 0.00 0.00 0.00 0.00 0.00 0.00 0.00 0.00 0.00 0.00 0.00 0.00 0.00 0.00 0.00 0.00 0.00 0.00 0.00 0.00 0.00 0.00 0.00 0.00 0.00 0.00 0.00 0.00 0.00 0.00 0.00 0.00 0.00
0.00 0.00 0.00 0.00 0.00 0.00 0.00 0.00 0.00 0.00 0.00 0.00 0.00 0.00 0.00 0.00 0.00 0.00 0.00 0.00 0.00 0.00 0.00 0.00 0.00 0.00 0.00 0.00 0.00 0.00 0.00 0.00 0.00 0.00 0.00 0.00 0.00 0.00 0.00 0.00 0.00 0.00 0.00 0.00 0.00 0.00 0.00 0.00 0.00 0.00 0.00 0.00 0.00 0.00 0.00 0.00 0.00 0.00 0.00 0.00 0.00 0.00 0.00 0.00 0.00 0.00 0.00 0.00 0.00 0.00 0.00 0.00 0.00 0.00 0.00 0.00 0.00 0.00 0.00 0.00 0.00 0.00 0.00
0.00 0.00 0.00 0.00 0.00 0.00 0.00 0.00 0.00 0.00 0.00 0.00 0.00 0.00 0.00 0.00 0.00 0.00 0.00 0.00 0.00 0.00 0.00 0.00 0.00 0.00 0.00 0.00 0.00 0.00 0.00 0.00 0.00 0.00 0.00 0.00 0.00 0.00 0.00 0.00 0.00 0.00 0.00 0.00 0.00 0.00 0.00 0.00 0.00 0.00 0.00 0.00 0.00 0.00 0.00 0.00 0.00 0.00 0.00 0.00 0.00 0.00 0.00 0.00 0.00 0.00 0.00 0.00 0.00 0.00 0.00 0.00 0.00 0.00 0.00 0.00 0.00 0.00 0.00 0.00 0.00 0.00 0.00
0.00 0.00 0.00 0.00 0.00 0.00 0.00 0.00 0.00 0.00 0.00 0.00 0.00 0.00 0.00 0.00 2.73 0.00 0.00 0.00 0.00 0.00 0.00 0.00 0.00 0.00 0.00 0.00 0.00 0.00 0.00 0.00 0.00 0.00 0.00 0.00 0.00 0.00 0.00 0.00 0.00 0.00 0.00 0.00 0.00 0.00 0.00 0.00 0.00 0.00 0.00 0.00 0.00 0.00 0.00 0.00 0.00 0.00 0.00 0.00 0.00 0.00 0.00 0.00 0.00 0.00 0.00 0.00 0.00 0.00 0.00 0.00 0.00 0.00 0.00 0.00 0.00 0.00 0.00 0.00 0.00 0.00 0.00
0.00 0.00 0.00 0.00 0.00 0.00 0.00 0.00 0.00 0.00 0.00 0.00 0.00 0.00 0.00 0.00 5.06 0.00 0.00 0.00 0.00 0.00 0.00 0.00 0.00 0.00 0.00 0.00 0.00 0.00 0.00 0.00 0.00 0.00 0.00 0.00 0.00 0.00 0.00 0.00 0.00 0.00 0.00 0.00 0.00 0.00 0.00 0.00 0.00 0.00 0.00 0.00 0.00 0.00 0.00 0.00 0.00 0.00 0.00 0.00 0.00 0.00 0.00 0.00 0.00 0.00 0.00 0.00 0.00 0.00 0.00 0.00 0.00 0.00 0.00 0.00 0.00 0.00 0.00 0.00 0.00 0.00 0.00
0.00 0.00 0.00 0.00 0.00 0.00 0.00 0.00 0.00 0.00 0.00 0.00 0.00 0.00 0.00 2.93 5.43 0.00 0.00 0.00 0.00 0.00 0.00 0.00 0.00 0.00 0.00 0.00 0.00 0.00 0.00 0.00 0.00 0.00 0.00 0.00 0.00 0.00 0.00 0.00 0.00 0.00 0.00 0.00 0.00 0.00 0.00 0.00 0.00 0.00 0.00 0.00 0.00 0.00 0.00 0.00 0.00 0.00 0.00 0.00 0.00 0.00 0.00 0.00 0.00 0.00 0.00 0.00 0.00 0.00 0.00 0.00 0.00 0.00 0.00 0.00 0.00 0.00 0.00 0.00 0.00 0.00 0.00
0.00 0.00 0.00 0.00 0.00 0.00 0.00 0.00 0.00 0.00 0.00 0.00 0.00 0.00 3.05 5.54 5.51 2.96 0.00 0.00 0.00 0.00 0.00 0.00 0.00 0.00 0.00 0.00 0.00 0.00 0.00 0.00 0.00 0.00 0.00 0.00 0.00 0.00 0.00 0.00 0.00 0.00 0.00 0.00 0.00 0.00 0.00 0.00 0.00 0.00 0.00 0.00 0.00 0.00 0.00 0.00 0.00 0.00 0.00 0.00 0.00 0.00 0.00 0.00 0.00 0.00 0.00 0.00 0.00 0.00 0.00 0.00 0.00 0.00 0.00 0.00 0.00 0.00 0.00 0.00 0.00 0.00 0.00
0.00 0.00 0.00 0.00 6.05 6.03 6.00 0.00 0.00 0.00 0.00 0.00 5.79 5.68 6.07 5.62 5.59 5.54 0.00 0.00 0.00 0.00 0.00 0.00 0.00 0.00 0.00 0.00 0.00 0.00 0.00 0.00 0.00 0.00 0.00 0.00 0.00 0.00 0.00 0.00 0.00 0.00 0.00 0.00 0.00 0.00 0.00 0.00 0.00 0.00 0.00 0.00 0.00 0.00 0.00 0.00 0.00 0.00 0.00 0.00 0.00 3.49 0.00 0.00 0.00 0.00 0.00 0.00 0.00 0.00 0.00 0.00 0.00 0.00 0.00 0.00 0.00 0.00 0.00 0.00 0.00 0.00 0.00
0.00 6.22 7.07 6.17 6.14 6.11 6.08 6.05 0.00 0.00 0.00 6.34 6.30 5.76 6.16 5.69 5.66 3.13 0.00 0.00 0.00 0.00 0.00 0.00 0.00 0.00 0.00 0.00 0.00 0.00 0.00 0.00 0.00 0.00 0.00 0.00 0.00 0.00 0.00 0.00 0.00 0.00 0.00 0.00 0.00 0.00 0.00 0.00 0.00 0.00 0.00 0.00 0.00 0.00 0.00 0.00 0.00 0.00 0.00 0.00 0.00 6.03 0.00 0.00 0.00 0.00 0.00 0.00 0.00 0.00 0.00 0.00 0.00 0.00 5.98 3.91 0.00 0.00 0.00 0.00 0.00 0.00 0.00
6.44 6.33 6.30 6.28 6.25 6.65 6.14 6.11 6.08 5.97 5.94 5.91 5.88 5.82 5.79 5.76 5.73 3.22 0.00 0.00 0.00 0.00 0.00 0.00 0.00 0.00 0.00 0.00 0.00 0.00 0.00 0.00 0.00 0.00 0.00 0.00 0.00 0.00 0.00 0.00 0.00 0.00 0.00 0.00 0.00 0.00 0.00 0.00 0.00 0.00 0.00 0.00 0.00 0.00 0.00 0.00 0.00 0.00 0.00 0.00 0.00 6.16 6.14 0.00 0.00 0.00 0.00 0.00 0.00 0.00 0.00 0.00 0.00 6.25 5.73 5.95 0.00 0.00 0.00 0.00 0.00 0.00 0.00
6.53 6.42 6.46 6.36 6.33 6.25 6.22 6.19 6.16 6.05 6.02 5.99 5.96 5.90 5.87 5.84 5.80 3.31 0.00 0.00 0.00 0.00 0.00 0.00 0.00 0.00 0.00 0.00 0.00 0.00 0.00 0.00 2.82 5.99 2.77 0.00 0.00 0.00 0.00 0.00 0.00 0.00 0.00 0.00 0.00 0.00 0.00 0.00 0.00 0.00 0.00 0.00 0.00 0.00 0.00 0.00 0.00 0.00 0.00 0.00 0.00 6.25 6.23 0.00 0.00 0.00 0.00 0.00 0.00 0.00 0.00 0.00 3.49 6.55 5.82 6.05 4.12 0.00 0.00 0.00 0.00 0.00 0.00
7.40 6.50 6.48 6.45 6.42 6.34 6.81 6.28 6.25 7.64 6.10 6.07 6.04 5.98 5.95 5.91 5.88 5.96 0.00 0.00 0.00 0.00 0.00 0.00 0.00 0.00 0.00 0.00 0.00 0.00 0.00 0.00 5.46 5.42 5.39 0.00 0.00 0.00 0.00 0.00 0.00 0.00 0.00 0.00 0.00 0.00 0.00 0.00 0.00 0.00 4.51 4.08 0.00 0.00 0.00 0.00 0.00 0.00 0.00 0.00 0.00 6.35 6.33 6.58 0.00 0.00 0.00 0.00 0.00 0.00 0.00 0.00 6.03 5.94 5.91 6.15 6.12 4.22 0.00 0.00 0.00 0.00 0.00
6.71 6.59 6.56 7.05 6.51 6.42 6.39 6.85 6.33 6.21 6.18 6.15 6.11 6.06 6.02 5.99 5.95 6.04 0.00 0.00 0.00 0.00 0.00 0.00 0.00 0.00 0.00 0.00 0.00 0.00 0.00 6.29 5.53 5.49 5.46 0.00 0.00 0.00 0.00 0.00 0.00 0.00 0.00 0.00 0.00 0.00 0.00 0.00 0.00 0.00 7.43 4.18 4.16 0.00 0.00 0.00 0.00 0.00 0.00 0.00 0.00 6.72 6.42 6.40 6.38 6.29 0.00 7.54 6.22 6.20 6.18 0.00 6.66 6.03 6.01 6.26 6.23 6.20 0.00 0.00 0.00 0.00 0.00
6.82 7.21 6.65 6.63 6.60 6.46 6.94 6.91 6.37 6.28 6.24 6.21 6.18 6.24 6.21 6.17 6.14 6.23 0.00 0.00 0.00 0.00 0.00 0.00 0.00 0.00 0.00 0.00 0.00 0.00 3.12 5.63 5.60 5.58 0.00 0.00 0.00 0.00 0.00 0.00 0.00 0.00 0.00 0.00 0.00 0.00 0.00 0.00 0.00 0.00 6.85 6.83 6.81 4.23 4.21 0.00 0.00 0.00 0.00 0.00 0.00 7.08 7.15 6.52 6.50 6.37 6.35 6.33 6.31 6.24 6.22 6.78 6.66 6.13 6.71 6.37 6.34 6.40 0.00 0.00 0.00 0.00 0.00
6.90 6.77 6.74 7.24 6.68 6.54 6.51 6.48 6.45 6.36 6.81 6.29 6.25 6.32 6.28 6.25 6.21 6.30 0.00 0.00 0.00 0.00 0.00 0.00 0.00 0.00 0.00 3.29 0.00 0.00 6.15 5.70 5.67 5.65 0.00 0.00 0.00 0.00 0.00 0.00 0.00 0.00 0.00 0.00 0.00 0.00 0.00 0.00 0.00 0.00 6.94 6.92 6.90 6.92 6.90 0.00 0.00 0.00 0.00 0.00 0.00 7.29 6.64 6.62 6.60 6.47 6.45 7.49 6.41 6.94 6.32 6.29 6.27 6.82 6.21 6.48 6.44 6.51 6.85 0.00 0.00 0.00 0.00
6.99 6.85 6.82 6.79 6.76 6.63 6.59 6.56 6.53 6.43 6.40 6.36 6.33 6.39 6.35 6.32 6.28 7.92 0.00 0.00 0.00 0.00 0.00 0.00 0.00 3.64 5.99 5.96 5.93 5.83 5.80 5.77 5.74 0.00 0.00 0.00 0.00 0.00 0.00 0.00 0.00 0.00 0.00 0.00 0.00 0.00 0.00 0.00 0.00 4.51 7.04 7.02 7.00 7.02 7.00 0.00 0.00 0.00 0.00 0.00 0.00 0.00 6.74 6.72 6.70 6.57 6.55 6.53 6.51 6.44 6.42 6.39 6.37 6.34 6.31 6.58 6.54 6.61 7.00 6.54 6.51 0.00 6.42
7.07 6.93 6.90 6.87 6.84 6.70 6.67 6.64 6.60 6.51 6.47 6.44 6.40 6.47 6.43 6.39 6.36 8.01 7.96 0.00 0.00 0.00 0.00 0.00 6.18 6.10 6.06 6.03 6.00 5.98 5.95 5.84 5.81 0.00 0.00 0.00 0.00 0.00 0.00 0.00 0.00 0.00 0.00 0.00 0.00 0.00 0.00 0.00 0.00 0.00 7.14 7.12 7.10 7.12 0.00 0.00 0.00 0.00 0.00 0.00 0.00 6.86 6.85 6.83 6.80 6.67 6.65 6.63 6.61 6.54 6.52 6.49 6.47 6.44 6.41 6.69 7.07 6.72 6.69 6.65 6.61 6.55 6.52
7.14 7.07 7.04 7.01 6.98 6.76 6.73 6.69 6.66 6.62 6.58 6.55 6.51 6.63 6.59 6.55 8.09 8.15 8.58 0.00 0.00 0.00 0.00 0.00 6.74 6.13 6.10 6.53 6.18 6.14 6.42 5.93 0.00 0.00 0.00 0.00 0.00 0.00 0.00 0.00 0.00 0.00 0.00 0.00 0.00 0.00 0.00 0.00 0.00 0.00 7.29 7.27 7.25 0.00 0.00 0.00 0.00 0.00 0.00 0.00 0.00 7.93 6.94 6.92 6.90 6.68 6.66 6.64 7.27 7.22 6.55 6.53 6.50 6.60 6.58 6.87 6.84 7.37 7.34 6.85 6.82 6.78 6.74
9.09 8.05 7.10 7.07 7.06 6.84 6.80 6.77 7.27 6.69 6.66 6.62 6.58 6.70 6.66 8.23 8.68 8.24 8.19 9.21 0.00 0.00 0.00 0.00 6.51 6.20 6.16 6.13 6.10 6.06 6.03 6.00 0.00 0.00 0.00 0.00 0.00 0.00 0.00 0.00 0.00 0.00 0.00 0.00 0.00 0.00 0.00 0.00 0.00 0.00 0.00 7.37 7.35 0.00 0.00 0.00 0.00 0.00 0.00 0.00 8.54 8.05 7.04 7.02 7.00 6.79 6.77 6.75 6.73 6.68 6.65 7.19 6.60 6.71 6.68 6.99 6.96 7.04 7.01 6.97 6.93 6.90 6.86
9.19 8.13 7.18 7.15 7.64 6.91 6.88 6.85 6.81 6.77 6.73 6.69 6.65 7.86 6.73 8.32 9.35 6.70 6.66 6.62 8.18 6.75 8.20 8.02 7.97 6.26 6.23 6.20 6.16 6.12 6.09 6.06 0.00 0.00 0.00 0.00 0.00 0.00 0.00 0.00 0.00 0.00 0.00 0.00 0.00 0.00 0.00 0.00 0.00 0.00 0.00 7.46 7.45 7.47 7.46 0.00 0.00 0.00 0.00 8.48 8.46 8.18 7.14 7.89 7.96 6.89 6.87 6.85 7.50 6.78 7.42 7.39 6.71 6.81 6.79 7.10 7.07 7.16 7.13 7.09 7.20 8.34 8.30
9.53 7.23 7.20 7.17 7.19 6.99 7.47 6.92 6.88 6.84 6.80 6.76 7.26 6.84 6.80 6.76 6.73 6.77 6.73 6.69 6.65 8.02 7.96 8.57 8.05 6.33 6.30 6.26 6.23 6.19 6.16 6.13 0.00 0.00 0.00 0.00 0.00 0.00 0.00 0.00 0.00 0.00 0.00 0.00 0.00 0.00 0.00 0.00 0.00 0.00 0.00 7.56 7.96 7.57 8.69 8.67 7.53 7.53 8.63 8.61 8.59 8.31 7.24 7.23 7.52 6.99 6.97 6.95 6.93 6.88 6.86 6.84 6.81 6.92 6.89 7.22 7.19 7.28 7.89 8.13 9.77 6.76 10.80
9.45 8.90 8.38 8.34 7.29 7.08 7.06 7.56 6.99 6.89 6.85 6.81 6.77 6.88 6.84 6.80 6.76 6.85 6.81 6.77 6.73 7.12 7.95 8.24 8.13 6.37 6.34 6.31 7.00 6.30 7.98 7.95 0.00 0.00 0.00 0.00 0.00 0.00 0.00 0.00 0.00 0.00 0.00 0.00 0.00 0.00 0.00 0.00 0.00 0.00 0.00 8.40 7.39 7.65 8.79 7.63 7.61 8.56 8.63 8.61 8.59 7.22 7.20 7.18 7.51 7.10 7.08 7.06 7.04 7.17 7.15 7.12 7.10 7.24 7.21 7.58 7.54 8.27 8.37 9.25 6.82 4.24 0.00
9.82 9.80 8.58 8.42 7.91 7.70 7.11 7.09 7.06 6.95 6.91 6.88 6.84 6.95 6.91 6.87 6.83 6.92 6.88 6.84 8.65 8.74 9.00 8.41 8.22 6.44 6.41 6.37 6.34 10.88 8.06 8.03 0.00 0.00 0.00 0.00 0.00 0.00 0.00 0.00 0.00 0.00 0.00 0.00 0.00 0.00 0.00 0.00 0.00 0.00 8.15 7.76 7.51 7.75 8.91 7.72 7.71 8.77 8.76 8.74 7.58 7.32 7.30 7.28 7.26 7.20 7.18 7.16 7.14 7.28 7.25 7.23 7.20 7.35 7.32 7.70 8.48 8.63 9.14 8.12 11.14 0.00 0.00
13.51 9.90 9.71 8.12 7.43 7.16 7.18 7.72 7.10 7.02 6.98 6.94 6.90 7.01 6.97 6.93 6.89 6.98 6.94 8.64 8.59 8.44 9.10 9.32 8.30 6.50 6.47 8.18 8.15 8.18 8.23 8.12 0.00 0.00 0.00 0.00 0.00 0.00 0.00 0.00 0.00 0.00 0.00 0.00 0.00 0.00 0.00 0.00 0.00 8.29 7.87 7.86 7.84 7.85 9.04 7.82 7.81 8.90 8.88 7.70 7.69 7.42 7.40 7.38 7.36 7.30 7.28 7.26 7.25 7.38 7.36 7.33 7.31 7.45 7.42 7.81 8.51 9.27 10.22 11.37 0.15 0.00 0.00
11.02 9.99 9.80 7.52 7.49 7.22 7.19 7.20 7.72 7.08 7.04 7.00 6.96 7.07 7.03 6.99 6.95 7.04 8.71 8.66 8.61 8.59 8.54 8.42 8.38 8.33 8.30 8.26 8.23 8.27 8.24 8.21 0.00 0.00 0.00 0.00 0.00 0.00 0.00 0.00 0.00 0.00 0.00 0.00 0.00 0.00 0.00 0.00 0.00 7.98 8.53 7.78 7.94 9.17 9.16 7.92 9.13 9.03 9.01 8.61 7.78 7.52 7.50 7.48 7.47 7.40 7.38 7.37 7.35 7.48 7.46 7.44 7.41 7.55 8.65 12.20 12.31 11.04 11.30 0.15 0.00 0.00 0.00
10.52 11.05 10.41 9.82 9.49 7.29 7.26 7.85 7.18 7.11 7.09 7.05 7.01 7.11 7.09 7.05 7.01 7.10 8.79 8.73 8.68 8.49 8.62 10.95 8.42 8.39 8.35 8.32 8.29 8.34 8.41 0.00 0.00 0.00 0.00 0.00 0.00 0.00 0.00 0.00 0.00 0.00 0.00 0.00 0.00 0.00 0.00 0.00 8.14 9.17 8.04 7.91 7.89 9.19 9.18 9.17 9.15 8.86 7.68 7.67 8.03 7.61 7.59 7.58 7.56 7.76 7.75 7.73 7.71 7.81 7.79 7.76 7.73 7.74 12.60 13.45 7.76 3.23 6.94 0.00 0.00 0.00 0.00
10.27 9.99 9.95 10.45 9.57 9.25 7.31 9.33 7.24 7.16 7.13 7.11 7.07 7.17 7.13 7.09 7.07 8.91 8.86 8.81 8.76 8.57 10.37 12.11 8.50 8.37 8.43 8.41 8.38 8.43 8.40 0.00 0.00 0.00 0.00 0.00 0.00 0.00 0.00 0.00 8.46 8.42 8.40 0.00 0.00 8.29 8.27 8.19 8.24 8.15 8.05 8.03 8.02 9.32 9.30 9.29 9.28 7.79 8.51 8.16 7.75 7.71 7.69 7.68 7.66 7.87 7.85 9.03 9.00 9.14 7.89 7.86 8.03 12.77 4.94 3.37 3.49 3.32 2.61 10.94 0.00 0.00 0.00
10.26 9.77 7.69 8.77 7.64 8.43 8.02 8.35 8.30 7.22 7.18 7.14 7.70 7.22 7.18 7.14 8.86 8.98 8.93 9.40 10.76 10.52 10.47 11.08 8.58 8.44 8.42 8.39 8.36 8.52 8.49 0.00 0.00 0.00 0.00 0.00 0.00 0.00 0.00 0.00 8.56 8.52 8.50 8.48 8.46 8.39 8.37 8.84 8.99 8.98 8.18 8.16 8.14 9.44 9.43 10.28 8.12 7.88 8.27 7.86 7.85 7.81 7.79 7.78 7.76 7.97 7.95 9.16 9.13 9.27 9.23 12.71 13.19 4.72 2.71 3.47 3.44 3.41 7.61 3.59 4.10 0.00 0.00
10.75 9.83 7.74 7.71 7.68 8.50 7.42 7.38 7.35 7.80 7.23 7.19 7.16 7.23 7.24 7.20 8.93 9.05 10.97 10.91 10.85 10.61 10.56 10.52 8.65 8.52 8.50 8.47 8.44 8.60 8.58 0.00 0.00 0.00 0.00 0.00 0.00 0.00 0.00 0.00 8.66 8.62 9.31 8.58 8.56 8.92 8.47 8.46 8.44 8.33 8.34 9.66 9.64 9.57 9.74 9.53 9.52 7.98 7.97 7.96 7.95 7.90 7.89 7.88 7.86 8.07 8.05 9.28 9.26 9.78 13.11 9.15 3.68 2.80 2.78 3.56 4.14 4.12 6.53 9.23 3.48 4.10 0.00
7.87 9.76 7.69 7.66 7.64 7.45 9.32 7.39 7.35 7.31 7.27 7.24 7.25 7.25 7.21 7.22 7.78 10.88 10.81 10.75 10.70 10.51 10.46 10.42 8.58 8.70 8.67 8.65 8.62 8.76 8.74 9.38 0.00 0.00 0.00 0.00 0.00 0.00 0.00 10.34 10.47 8.88 8.76 8.67 8.65 8.52 8.50 8.30 8.47 9.76 9.73 9.71 9.88 9.52 9.51 9.49 9.48 8.07 8.06 8.05 8.04 8.28 8.27 8.26 8.24 8.40 9.74 9.77 13.26 13.73 9.76 3.78 3.76 2.86 2.37 3.63 3.61 3.59 6.20 2.35 5.85 13.27 7.14
9.09 7.76 8.45 7.70 7.67 7.50 7.47 9.57 7.40 7.36 7.32 7.28 7.24 7.29 7.26 12.39 9.01 12.93 10.90 10.84 10.79 10.60 10.56 8.68 8.65 8.76 8.73 8.73 8.70 8.84 9.92 8.79 0.00 0.00 0.00 0.00 0.00 0.00 0.00 5.22 10.60 10.30 10.27 8.77 8.75 8.62 9.05 9.03 9.98 9.88 9.86 10.31 9.81 9.64 9.82 9.61 9.60 8.16 8.16 8.15 8.14 9.73 9.72 9.70 9.52 9.89 9.87 9.90 11.56 8.41 8.39 8.36 3.83 3.82 2.91 3.70 3.83 3.81 6.01 9.63 13.17 9.59 8.70
7.95 7.80 7.77 7.74 7.71 8.21 7.51 7.47 7.44 7.40 7.36 7.32 7.29 12.75 10.74 9.11 9.06 9.03 8.99 8.95 10.87 10.68 8.76 8.73 8.72 8.83 8.81 8.79 8.76 8.92 8.89 12.57 6.31 0.00 0.00 0.00 0.00 0.00 3.80 2.60 9.86 11.19 10.90 9.64 8.85 8.72 8.70 8.68 10.33 10.01 10.21 9.96 9.94 9.76 9.75 9.73 9.72 8.26 8.25 9.55 9.54 9.86 9.84 9.82 9.80 10.02 10.06 13.66 8.54 8.51 8.63 9.45 8.43 3.89 2.98 3.67 12.64 13.08 13.13 9.57 9.40 8.73 8.36
7.99 7.83 7.81 7.78 7.75 7.58 7.54 7.51 7.48 7.44 7.40 7.36 9.18 10.11 9.20 9.16 9.98 9.93 9.05 9.01 8.98 8.85 8.82 8.80 8.78 8.90 8.88 8.86 10.19 10.15 9.01 13.46 10.57 6.80 13.08 8.81 6.46 6.45 2.78 10.36 10.66 9.53 8.98 8.96 8.94 8.81 8.79 8.78 10.22 10.13 10.32 10.08 10.06 9.88 9.87 11.05 10.99 8.34 8.34 8.33 9.65 9.98 10.16 9.95 9.93 13.83 12.28 10.54 8.63 9.64 13.26 13.09 12.91 13.28 13.37 13.24 9.79 9.56 9.86 8.64 8.60 8.50 8.46
11.17 7.77 7.74 7.71 7.68 10.81 10.75 7.51 7.48 7.46 9.30 10.15 9.22 9.20 9.16 9.11 9.07 9.00 9.82 8.93 8.90 8.97 8.95 8.93 8.91 9.13 9.11 9.09 9.07 9.16 14.91 9.78 11.01 3.29 3.14 6.93 6.63 3.36 10.34 11.02 10.91 9.19 9.11 9.09 9.07 8.89 8.87 8.85 10.32 10.13 12.96 8.65 10.06 9.93 8.52 8.95 8.50 8.62 8.61 8.60 8.60 8.86 8.84 8.83 10.30 14.00 6.94 6.92 9.69 14.47 8.71 8.69 10.09 9.87 9.83 9.95 9.90 9.46 9.65 8.65 8.60 8.52 9.03
5.77 5.68 5.67 6.16 5.63 5.55 5.52 5.50 5.48 5.47 9.34 10.19 9.26 9.24 9.20 9.16 9.12 9.91 9.87 8.98 8.95 9.03 9.01 8.99 8.97 9.20 9.18 9.16 9.14 9.23 15.09 11.01 10.69 10.95 3.32 3.16 13.63 10.67 10.50 10.47 11.01 10.16 9.73 9.18 9.16 8.98 8.96 8.94 8.93 9.26 8.76 8.74 8.72 8.63 8.61 8.60 8.59 8.71 8.70 8.69 8.68 8.95 8.94 8.92 10.48 10.01 6.48 6.47 9.86 12.70 9.57 8.78 8.75 8.62 9.99 9.86 10.02 9.88 9.75 8.67 8.70 9.17 8.57
5.79 5.70 6.20 5.67 5.65 5.57 5.54 5.52 5.50 5.49 5.47 9.34 9.30 9.28 9.24 10.07 9.16 9.09 9.92 9.02 9.00 9.08 9.06 9.05 9.03 9.26 9.24 9.22 9.21 11.51 7.22 10.93 10.75 11.21 3.52 9.97 15.28 10.65 11.96 10.42 11.67 13.68 10.99 9.27 9.25 9.07 9.05 9.03 9.02 8.87 9.09 8.83 8.81 8.72 8.70 8.68 8.67 8.79 8.79 8.78 8.77 9.03 9.02 10.72 13.52 8.84 9.54 9.94 12.84 10.38 11.47 10.16 9.61 8.70 9.40 12.09 10.13 9.70 8.77 9.22 8.71 8.70 8.66
