New_Model_Runs/3_scn2_noclimate_out/post_prcessed_with_MFR/Monthly_summaries/net_infiltration_monthly_MAR.asc
NCOLS 700
NROWS 400
XLLCENTER 515000.000000
YLLCENTER 8409000.000000
CELLSIZE 50.000000
NODATA_value -999.000000
[rows 185 to 221 of 400, columns 84 to 167 of 700]
0.00 0.00 0.00 0.00 0.00 0.00 0.00 0.00 0.00 0.00 0.00 0.00 0.00 0.00 0.00 0.00 0.00 0.00 0.00 0.00 0.00 0.00 0.00 0.00 0.00 0.00 0.00 0.00 0.00 7.84 7.88 7.92 8.11 7.54 7.58 7.62 7.65 7.69 7.73 7.76 7.83 7.87 7.90 7.94 7.80 7.83 7.97 7.88 7.89 7.92 7.94 7.97 7.98 8.00 8.02 8.14 8.06 8.08 8.09 8.11 8.11 8.12 8.14 8.15 8.12 8.13 8.14 8.15 8.18 8.26 8.20 8.21 8.21 8.22 8.22 8.23 8.14 8.14 8.15 8.15 8.26 8.27 8.27 8.28
0.00 0.00 0.00 0.00 0.00 0.00 0.00 0.00 0.00 0.00 0.00 0.00 0.00 0.00 0.00 0.00 0.00 0.00 0.00 0.00 0.00 0.00 0.00 0.00 0.00 0.00 0.00 0.00 0.00 7.90 7.94 7.56 7.57 7.61 7.65 8.31 7.72 7.76 7.79 7.83 7.82 7.94 7.77 7.80 7.86 7.90 7.92 7.95 7.96 7.99 8.01 8.04 8.85 8.15 8.09 8.12 8.13 8.15 8.16 8.18 8.18 8.19 8.21 8.22 8.19 8.20 8.21 8.22 8.25 8.26 8.35 8.27 9.06 8.28 8.29 8.29 8.20 8.21 8.21 8.22 8.33 8.33 8.34 8.34
0.00 0.00 0.00 0.00 0.00 0.00 0.00 0.00 0.00 0.00 0.00 0.00 0.00 0.00 0.00 0.00 0.00 0.00 0.00 0.00 0.00 0.00 0.00 3.41 0.00 0.00 0.00 0.00 0.00 0.00 7.58 7.62 7.63 7.67 7.72 7.76 7.79 7.83 7.86 7.90 7.77 7.80 7.84 7.87 7.93 7.96 7.99 8.12 8.03 8.06 8.08 8.11 8.12 8.23 8.16 8.18 8.27 8.22 8.23 8.25 8.25 8.26 8.28 8.29 8.33 8.27 8.28 8.29 8.37 8.33 8.33 8.34 8.40 8.35 9.78 8.36 8.33 8.27 8.28 8.28 8.39 10.88 10.88 8.41
0.00 0.00 0.00 0.00 0.00 0.00 0.00 0.00 0.00 0.00 0.00 0.00 0.00 0.00 0.00 0.00 0.00 0.00 0.00 0.00 0.00 0.00 0.00 7.73 7.84 0.00 0.00 0.00 7.57 7.62 7.66 7.70 7.70 7.75 7.79 7.83 8.47 7.87 7.91 7.95 7.80 7.83 7.87 7.90 7.99 8.02 8.05 8.07 8.11 8.14 8.17 8.19 8.20 8.22 8.25 8.27 8.25 8.34 8.29 8.31 8.27 8.28 8.29 8.31 8.37 8.37 8.30 8.31 8.37 8.37 8.38 8.39 8.43 8.38 8.38 8.39 8.40 8.40 8.41 8.41 11.19 11.19 11.20 11.21
0.00 0.00 0.00 0.00 0.00 0.00 0.00 0.00 0.00 0.00 0.00 0.00 0.00 0.00 0.00 0.00 0.00 0.00 0.00 0.00 0.00 0.00 0.00 0.00 7.91 7.95 7.57 8.22 7.64 7.68 7.72 7.77 7.77 7.81 7.86 7.90 7.90 8.57 7.78 7.81 7.86 7.90 7.93 7.97 8.05 8.09 8.12 8.14 8.18 8.21 8.24 8.26 8.27 8.29 8.32 8.34 8.32 8.34 8.36 8.38 8.33 8.35 8.36 8.37 8.35 8.36 8.37 8.38 8.43 8.44 8.45 8.45 8.44 8.44 8.45 8.45 8.46 8.47 8.47 8.47 11.29 11.29 11.30 11.30
0.00 0.00 0.00 0.00 0.00 0.00 0.00 0.00 0.00 0.00 0.00 0.00 0.00 0.00 0.00 0.00 0.00 0.00 0.00 0.00 0.00 0.00 0.00 0.00 0.00 7.58 7.63 7.67 7.70 7.74 7.79 7.83 7.84 7.88 7.93 7.77 7.77 7.92 7.95 7.88 7.93 7.97 8.00 8.03 8.12 8.15 8.18 8.21 8.25 9.09 8.37 8.33 8.34 8.36 8.39 8.41 8.39 8.41 8.43 8.45 8.40 8.42 8.43 8.44 8.42 8.43 8.44 8.44 8.50 8.51 8.51 8.52 9.98 8.51 8.51 8.57 8.53 8.53 8.53 8.54 11.38 11.39 11.39 11.40
0.00 0.00 0.00 0.00 0.00 0.00 0.00 0.00 0.00 0.00 0.00 0.00 0.00 0.00 0.00 0.00 0.00 0.00 0.00 0.00 0.00 0.00 0.00 0.00 0.00 7.64 7.69 8.94 8.99 7.81 7.85 7.90 7.90 7.95 7.79 7.92 7.83 7.87 7.91 7.95 8.00 8.03 8.07 8.10 8.19 8.22 8.25 8.28 8.32 8.35 8.44 8.40 8.41 8.49 8.45 8.48 8.46 8.54 8.50 8.51 8.47 8.54 8.50 8.51 8.48 8.49 8.50 8.51 8.57 8.57 8.58 8.58 8.56 8.57 8.57 8.58 8.59 8.59 8.60 8.60 11.48 11.48 11.49 11.49
0.00 0.00 0.00 0.00 0.00 0.00 0.00 0.00 0.00 0.00 0.00 0.00 0.00 0.00 0.00 0.00 0.00 0.00 0.00 0.00 0.00 0.00 0.00 0.00 0.00 0.00 13.28 11.01 10.58 9.04 10.49 7.80 7.78 7.83 9.10 7.91 7.99 7.93 7.97 8.00 8.03 8.07 8.10 8.22 8.23 8.27 8.30 8.33 9.22 8.41 8.44 8.46 8.45 8.48 8.50 8.52 8.50 8.52 8.60 8.55 8.51 8.52 8.53 8.55 8.55 8.56 8.57 8.58 8.62 8.63 8.63 9.06 8.64 8.65 8.65 8.66 8.80 8.81 8.81 8.81 8.94 11.70 11.71 11.99
0.00 0.00 0.00 0.00 0.00 0.00 0.00 0.00 0.00 0.00 0.00 0.00 0.00 0.00 0.00 0.00 0.00 0.00 0.00 0.00 0.00 0.00 0.00 0.00 0.00 0.00 2.65 8.21 9.06 9.12 7.92 7.87 7.85 7.89 7.93 7.98 7.95 7.99 8.03 8.07 8.10 8.13 8.17 8.20 8.30 8.33 8.36 8.39 8.45 8.55 8.51 8.53 8.52 8.54 8.57 8.59 8.57 8.59 8.61 8.62 8.57 8.59 8.60 8.61 8.62 8.63 8.63 8.64 8.68 8.69 8.70 10.26 8.71 8.76 8.71 8.72 8.86 8.87 8.87 8.87 9.00 9.00 9.00 11.80
0.00 0.00 0.00 0.00 0.00 0.00 0.00 0.00 0.00 0.00 0.00 0.00 0.00 0.00 0.00 0.00 0.00 0.00 0.00 0.00 0.00 0.00 0.00 0.00 0.00 0.00 8.84 8.02 7.79 7.84 7.88 8.03 8.01 7.95 8.00 8.04 8.01 8.05 8.09 8.22 8.16 8.20 8.23 8.27 8.37 8.40 8.43 8.46 8.52 8.55 8.58 8.60 8.59 8.61 8.63 8.65 8.64 8.65 8.67 8.74 8.64 8.65 8.66 8.89 8.68 8.69 8.70 8.70 8.78 9.53 8.76 8.76 8.77 8.77 8.77 8.78 8.92 8.93 8.93 8.93 9.06 9.06 9.06 9.06
0.00 0.00 0.00 0.00 0.00 0.00 0.00 0.00 0.00 0.00 0.00 0.00 0.00 0.00 0.00 0.00 0.00 0.00 0.00 0.00 0.00 0.00 0.00 0.00 0.00 13.02 7.18 8.08 7.85 7.90 7.95 7.99 7.97 8.02 8.06 8.10 8.08 8.12 8.16 8.20 8.22 8.33 8.30 8.33 8.43 8.46 8.50 8.53 8.59 8.62 8.64 8.67 8.66 8.68 8.70 8.72 8.70 8.72 8.31 8.75 8.70 8.72 8.73 8.74 8.74 8.75 8.76 8.76 8.81 8.81 8.82 8.82 8.83 8.83 8.83 8.84 8.98 8.99 8.99 8.99 9.11 9.12 9.12 9.12
0.00 0.00 0.00 0.00 0.00 0.00 0.00 0.00 0.00 0.00 0.00 0.00 0.00 0.00 0.00 0.00 0.00 0.00 0.00 0.00 0.00 7.73 8.06 9.86 10.17 8.34 15.56 11.67 7.93 7.98 8.02 8.07 8.05 8.09 8.98 8.25 8.16 8.20 8.24 8.28 8.29 8.33 8.37 8.40 8.47 8.50 8.53 8.56 8.61 8.64 8.66 8.69 8.66 8.68 8.70 8.72 8.75 8.73 10.33 11.59 8.77 8.78 8.79 8.80 8.82 8.83 8.84 8.84 8.88 8.89 8.89 8.90 9.03 9.03 9.03 9.03 9.17 9.17 9.17 9.18 9.19 9.19 9.19 8.90
0.00 0.00 0.00 0.00 0.00 0.00 0.00 0.00 0.00 0.00 0.00 0.00 0.00 0.00 0.00 0.00 0.00 0.00 0.00 0.00 7.74 12.06 12.54 9.94 10.16 10.92 9.60 11.77 7.99 8.04 8.08 8.13 8.11 8.16 8.20 8.32 8.22 9.03 8.31 8.35 8.36 8.39 8.43 8.47 8.53 8.63 8.59 8.62 8.67 8.70 8.73 8.75 8.72 8.75 8.77 8.79 8.78 8.80 8.81 8.83 8.83 8.84 8.85 8.86 8.88 8.89 8.90 8.90 8.94 8.94 8.95 8.95 9.08 9.09 9.09 9.09 8.37 8.38 8.38 8.38 8.39 9.41 8.39 8.39
0.00 0.00 0.00 0.00 0.00 0.00 0.00 0.00 0.00 0.00 0.00 0.00 0.00 0.00 0.00 0.00 0.00 0.00 0.00 7.74 7.80 11.47 11.53 10.20 10.33 10.76 10.31 10.31 14.07 8.10 8.14 8.19 8.17 8.22 8.26 8.31 8.29 8.33 8.37 8.41 8.42 8.46 8.49 8.53 8.59 8.63 8.66 8.69 8.78 8.76 8.79 8.82 8.79 8.81 8.83 8.85 8.88 8.86 8.87 8.89 8.89 8.90 8.91 8.92 8.63 8.95 8.95 8.96 9.00 9.00 9.01 9.01 9.14 9.14 9.14 9.15 8.42 8.42 8.42 10.45 8.44 8.44 8.44 8.44
0.00 0.00 3.47 0.00 0.00 0.00 0.00 0.00 0.00 0.00 0.00 0.00 0.00 0.00 4.18 0.00 0.00 3.71 7.74 7.80 12.56 7.91 7.75 13.64 13.89 13.88 13.95 15.34 14.09 10.54 10.61 10.68 10.65 8.28 8.32 8.37 8.35 8.39 8.43 8.47 8.48 8.52 8.56 8.59 8.66 8.69 8.72 8.78 8.80 8.83 8.85 8.88 8.85 8.87 8.89 8.91 8.93 8.92 8.93 8.95 8.95 8.96 8.97 8.99 9.00 9.01 9.01 9.02 9.06 9.06 9.06 9.07 9.20 9.20 9.20 9.20 8.25 8.25 10.38 8.25 8.26 8.26 8.26 8.26
0.00 7.91 7.98 8.05 0.00 0.00 0.00 0.00 0.00 0.00 0.00 0.00 0.00 0.00 4.25 8.97 8.98 9.61 9.73 8.45 11.49 9.02 7.77 10.03 11.31 10.26 10.33 11.32 10.51 11.43 10.65 11.56 10.74 9.10 8.43 8.43 8.45 8.49 8.53 8.57 8.59 8.63 8.67 8.70 8.69 8.72 8.75 8.78 8.48 8.80 8.83 9.61 8.87 8.89 8.91 8.60 8.97 8.98 9.00 9.01 9.05 9.06 9.07 8.72 9.08 9.09 9.09 13.50 9.18 9.19 9.19 9.20 8.27 8.28 8.28 8.28 8.31 10.47 8.82 8.31 8.27 9.59 9.59 8.27
0.00 0.00 8.05 8.12 8.27 0.00 0.00 0.00 0.00 0.00 0.00 0.00 0.00 0.00 8.98 12.61 12.70 12.74 12.74 12.82 13.93 9.33 9.41 10.11 10.53 10.34 10.42 10.77 10.60 10.67 8.29 8.34 8.42 8.40 8.44 8.49 8.51 8.55 9.39 8.66 8.65 8.69 8.73 8.76 8.75 8.78 8.81 8.84 8.83 8.86 8.89 8.34 11.69 8.37 8.97 8.99 9.02 9.04 9.05 9.07 9.09 9.10 9.12 9.13 9.14 9.13 9.16 9.36 8.39 8.39 8.39 8.39 8.32 8.32 8.32 8.32 8.35 9.66 8.35 8.35 8.31 8.31 8.31 8.31
0.00 0.00 8.13 8.20 8.35 8.42 0.00 0.00 0.00 0.00 0.00 0.00 0.00 8.99 9.07 12.73 9.12 9.14 12.83 13.36 9.34 9.41 9.49 10.65 10.84 11.93 11.03 10.57 10.68 10.75 8.35 8.40 8.41 8.45 8.50 8.54 8.56 8.61 8.65 8.69 8.71 8.77 8.79 8.82 8.80 8.84 8.87 11.65 11.64 11.68 11.72 12.21 11.78 11.81 9.02 9.04 9.08 9.10 9.11 9.12 9.15 9.17 9.18 9.19 9.18 9.19 9.20 10.97 8.43 8.43 8.43 8.44 8.36 8.36 8.36 8.36 10.59 8.39 8.39 8.39 8.34 8.34 8.34 8.34
8.06 8.55 8.63 8.27 8.43 8.94 0.00 0.00 0.00 0.00 0.00 0.00 0.00 0.00 9.11 13.45 9.13 9.24 9.29 10.10 10.27 9.49 9.57 9.64 10.95 9.88 9.96 10.04 11.36 11.23 8.40 8.45 8.46 8.51 8.55 8.60 8.62 8.66 8.71 8.78 8.77 8.81 8.84 8.88 8.86 8.89 8.92 8.95 11.73 11.76 11.80 11.84 11.86 11.89 9.08 9.10 9.13 9.15 9.16 9.17 9.21 8.37 8.38 8.38 8.38 8.39 8.39 8.40 8.25 8.25 8.26 8.26 8.39 8.39 8.39 10.60 8.42 8.42 8.42 8.42 8.38 8.38 8.38 9.70
8.07 8.14 8.22 8.29 8.47 8.55 8.62 0.00 0.00 0.00 0.00 0.00 0.00 0.00 9.17 9.25 13.11 9.32 9.40 9.47 9.47 9.82 9.62 9.70 10.07 9.85 9.93 10.01 10.08 9.69 9.77 9.83 9.90 9.96 8.55 8.60 8.66 8.70 8.75 8.79 8.82 8.86 8.93 8.93 8.89 8.93 8.96 8.99 8.97 11.80 11.84 12.33 11.95 11.99 8.52 9.16 8.92 8.37 8.39 8.40 8.42 8.43 8.43 8.44 9.62 9.56 8.24 8.24 8.35 8.35 8.35 8.35 8.46 8.46 8.46 9.80 8.46 8.46 8.46 8.46 8.38 8.38 8.37 8.37
8.14 8.21 8.29 8.36 8.55 8.62 8.70 8.78 0.00 0.00 0.00 0.00 0.00 0.00 10.27 9.33 12.95 13.03 9.47 9.54 9.55 9.62 9.70 9.78 9.86 9.93 10.01 10.09 9.70 9.77 9.84 9.90 9.97 10.04 10.11 9.89 9.98 8.76 8.80 8.84 8.87 8.91 8.95 8.98 8.95 8.98 9.01 9.04 9.02 11.88 11.92 11.95 12.03 12.06 12.09 9.20 8.40 8.41 8.43 8.44 8.24 8.25 8.25 8.26 8.27 8.27 8.27 8.28 8.38 8.38 8.38 8.38 8.49 8.49 9.79 10.75 8.49 9.79 8.49 9.08 9.74 8.41 8.41 8.40
8.21 8.28 8.36 8.43 8.62 8.70 8.78 8.86 7.00 0.00 0.00 0.00 0.00 0.00 10.37 10.46 10.13 13.10 9.55 9.90 9.62 9.70 9.78 9.86 9.94 10.02 10.09 10.62 9.77 9.85 10.53 9.98 10.05 10.12 9.90 9.96 10.05 10.11 10.17 10.23 10.27 8.96 9.00 9.03 9.00 9.03 9.06 9.09 11.92 11.95 11.99 12.03 12.10 11.61 11.63 11.66 8.22 8.24 8.25 9.02 8.28 8.28 10.67 9.13 8.30 8.31 8.31 8.31 8.42 8.42 8.42 8.42 9.83 8.53 8.52 8.52 13.45 8.52 8.52 8.52 8.44 8.44 8.44 8.43
8.28 8.35 8.43 8.50 8.69 8.77 8.85 8.93 9.09 9.31 10.79 8.82 8.56 3.47 10.55 10.55 10.54 15.10 13.25 9.70 9.70 9.78 9.86 9.94 10.01 10.09 9.70 9.78 9.85 9.91 9.98 10.05 10.12 9.90 9.97 10.03 10.12 11.14 10.24 10.30 10.34 10.40 10.45 10.48 9.05 9.08 9.11 12.02 11.99 12.03 12.06 12.09 11.64 11.67 11.69 11.72 8.26 8.27 8.28 8.29 8.31 8.31 8.95 8.32 8.33 8.34 8.34 8.34 8.45 8.45 8.45 9.28 8.56 10.85 10.85 10.85 13.82 8.55 9.85 9.81 13.32 9.79 8.46 10.70
8.33 8.40 8.48 8.56 8.73 12.44 8.89 8.96 8.98 9.05 9.57 10.45 7.67 7.35 11.18 10.73 10.21 9.81 13.38 9.83 9.83 9.91 9.99 10.07 10.10 9.71 9.78 9.85 9.89 9.96 10.03 10.10 9.90 9.96 10.03 10.09 10.15 10.21 11.24 10.33 10.33 10.39 10.44 10.49 10.49 12.45 12.51 12.56 11.62 11.66 11.69 11.72 11.68 11.70 11.73 11.75 11.77 11.79 8.33 8.34 8.34 9.67 9.26 10.54 8.40 8.41 8.41 8.41 8.51 8.51 9.80 8.51 8.59 8.59 10.90 10.90 13.55 8.58 8.58 8.58 8.48 8.48 8.48 8.47
8.40 8.47 8.55 8.63 12.43 12.51 12.77 8.85 9.05 6.05 9.20 10.28 8.96 8.76 10.99 10.73 10.30 10.41 13.45 13.53 9.90 9.98 10.06 10.14 9.70 9.78 9.85 9.91 9.96 10.03 10.09 9.88 9.96 10.03 10.09 10.15 11.18 10.27 10.33 10.39 10.40 10.45 10.49 11.57 15.05 13.20 12.59 12.64 10.74 10.78 10.81 8.24 11.73 11.75 11.78 11.80 11.82 13.37 13.39 8.37 8.37 11.88 13.43 8.39 8.43 8.43 8.44 8.44 8.53 8.53 9.84 8.53 8.62 8.61 8.61 8.61 8.61 8.61 8.61 8.60 8.51 8.50 9.80 8.50
8.47 8.54 9.04 12.70 12.50 8.95 8.84 12.55 9.10 5.98 10.30 9.33 9.46 9.54 11.08 10.81 10.86 10.96 11.06 14.61 9.97 10.05 10.13 9.74 9.77 9.84 9.91 9.98 10.02 10.09 9.87 9.94 10.02 10.09 10.15 10.21 10.28 10.33 10.39 10.45 11.47 10.50 10.55 10.60 10.60 12.61 12.66 10.72 10.80 10.83 10.86 10.89 10.96 10.98 11.01 11.84 11.87 11.88 11.90 8.39 9.05 11.93 11.94 8.41 8.46 8.46 8.46 8.47 9.35 8.56 8.56 8.56 8.64 8.64 8.64 8.64 10.98 11.04 10.97 8.63 8.53 8.53 8.53 8.52
12.16 12.24 12.32 8.77 8.94 8.83 8.91 12.62 9.16 9.24 9.32 9.40 9.53 9.60 9.68 10.90 11.05 10.63 11.14 10.82 14.86 11.33 9.73 9.81 9.83 9.90 9.97 10.04 10.08 10.15 9.93 10.00 10.08 10.15 10.21 10.27 10.33 10.39 10.45 10.49 10.50 10.55 10.60 10.65 10.65 10.69 10.73 10.77 10.85 10.88 10.91 10.93 11.01 11.92 11.05 16.12 13.21 13.23 13.25 11.96 11.96 11.97 11.98 8.44 8.48 8.49 8.49 8.49 8.59 9.89 8.59 8.58 8.67 8.66 8.66 8.66 8.66 8.66 8.66 8.65 8.55 8.55 9.84 8.55
12.32 12.14 8.85 8.93 8.96 8.85 8.93 12.64 12.72 12.79 9.50 12.95 13.27 9.88 9.84 9.77 11.17 10.73 10.73 11.15 14.85 11.32 11.41 11.51 10.00 10.07 10.14 9.92 9.98 10.05 10.12 10.19 10.26 10.32 10.39 10.45 10.44 10.49 10.55 10.60 10.60 10.65 10.70 10.75 10.82 10.86 10.90 10.94 11.04 11.07 12.17 11.12 12.24 11.17 11.19 13.37 13.32 13.34 13.36 13.38 13.36 13.37 8.47 8.47 8.51 8.52 8.52 8.52 9.90 8.59 8.59 8.59 8.66 8.66 8.66 8.66 8.65 8.64 8.64 8.64 8.55 8.55 8.54 8.54
12.38 12.46 8.92 8.80 8.84 8.92 9.00 9.08 9.76 9.23 9.31 9.39 13.23 13.30 10.92 10.13 10.28 11.35 11.34 12.79 14.93 11.39 11.48 11.58 10.05 10.13 9.91 9.98 10.04 10.11 10.18 10.24 10.31 10.38 10.44 10.49 10.48 10.54 10.60 10.66 10.65 10.70 10.75 10.80 10.87 10.91 10.95 10.98 11.08 11.11 11.14 11.16 11.19 11.21 11.23 13.42 11.21 11.23 11.24 11.26 13.41 13.42 11.26 11.27 11.35 11.35 10.66 8.54 8.61 8.61 8.61 8.61 8.68 8.68 11.05 9.51 8.67 8.66 9.97 9.97 8.57 8.57 8.57 9.84
8.82 8.90 8.78 9.89 8.90 8.98 9.07 9.10 9.91 9.30 9.37 9.45 9.66 13.37 9.82 10.09 10.58 13.74 13.35 13.43 10.00 11.84 11.56 13.10 10.11 9.89 9.96 10.03 10.09 10.16 10.22 10.29 10.36 10.42 10.48 10.54 10.53 10.59 10.65 10.70 10.70 10.75 10.80 10.84 10.91 10.95 10.99 11.02 11.12 11.14 11.17 11.20 12.31 11.25 11.27 11.29 11.25 11.26 11.28 11.29 13.46 13.47 13.48 11.31 11.38 12.50 11.39 11.39 11.51 8.63 8.63 8.63 8.70 8.70 8.70 8.70 8.69 8.68 8.68 8.68 8.59 8.59 8.58 9.86
8.88 8.95 8.84 8.92 9.75 9.59 9.08 9.09 9.28 9.35 9.43 9.51 9.72 13.42 13.69 13.58 13.72 10.15 9.78 9.85 10.23 9.86 10.61 10.12 9.87 10.86 10.01 10.08 10.14 10.21 10.27 10.34 10.41 10.47 10.52 10.58 10.57 10.63 10.69 10.75 10.74 10.79 10.84 10.88 10.95 10.99 11.02 11.05 11.15 11.18 11.20 11.23 12.35 14.34 12.41 11.32 11.28 11.30 12.41 11.60 13.50 13.51 13.52 11.34 11.41 11.42 11.42 12.53 11.55 11.55 11.54 11.54 11.67 8.72 8.72 8.72 8.70 8.70 8.70 8.70 9.91 8.61 8.60 8.60
12.49 8.94 9.03 9.06 9.10 9.78 9.14 9.22 9.25 9.33 9.40 9.48 9.69 9.77 13.48 13.80 10.12 9.73 9.80 10.38 9.93 10.00 10.08 10.54 9.91 9.98 10.05 10.12 10.24 10.31 10.37 10.44 10.52 10.58 10.64 10.70 10.70 10.76 10.82 10.87 10.88 10.93 10.97 11.02 11.10 11.14 11.17 11.20 11.27 11.30 11.33 11.35 11.34 11.37 11.39 11.41 11.33 11.34 11.36 11.37 13.52 13.54 13.55 14.30 11.67 11.40 11.40 11.40 12.59 11.48 11.48 11.48 11.53 11.53 11.52 12.03 8.61 8.61 8.61 8.60 8.57 8.57 10.87 8.57
12.55 9.00 9.08 9.05 9.11 9.12 9.20 9.28 9.30 9.38 10.19 9.52 9.74 9.82 10.17 9.98 9.70 9.78 9.85 10.44 9.98 10.61 10.12 10.60 9.95 10.97 10.09 10.16 10.28 10.35 10.41 10.47 10.56 10.62 10.68 10.74 10.74 10.80 10.85 10.91 10.91 10.96 11.01 11.05 11.13 11.16 11.20 11.23 11.30 11.33 11.35 11.38 11.37 11.39 11.41 11.43 11.35 11.37 11.38 11.40 13.56 13.57 13.58 13.59 13.58 11.42 11.42 11.42 12.00 11.50 12.02 11.50 12.06 11.55 11.55 11.54 11.50 11.50 11.49 11.49 8.59 8.59 8.58 8.58
13.63 9.05 9.09 9.10 9.09 9.17 9.25 9.33 9.35 9.43 9.50 9.57 10.04 9.87 9.95 10.28 9.75 9.82 9.89 9.96 10.02 10.72 9.88 9.94 9.99 10.06 10.13 10.19 10.32 10.38 10.45 10.50 11.63 11.92 12.71 11.83 10.77 11.89 10.88 10.94 12.02 10.99 11.03 11.07 11.15 11.19 11.22 11.25 11.32 11.35 11.37 11.40 11.39 11.41 11.43 12.57 11.37 11.39 11.40 14.38 13.58 13.60 13.61 13.62 13.66 13.67 13.67 11.44 11.52 11.52 11.52 11.52 11.58 11.57 11.57 11.57 11.52 11.52 11.51 11.51 11.45 11.45 12.57 10.91
9.02 9.06 9.78 9.15 9.14 9.22 9.30 9.37 9.40 9.47 9.54 9.62 9.84 9.92 9.99 10.07 9.79 9.86 9.93 10.59 10.06 10.13 11.38 9.98 10.03 10.10 11.10 10.23 10.36 10.42 10.47 10.53 10.63 11.73 10.75 10.81 10.80 10.86 10.91 10.96 10.97 11.01 11.05 11.09 11.17 11.21 11.24 11.27 11.55 11.37 12.51 12.52 11.41 12.25 12.57 11.47 11.39 11.41 11.42 13.67 13.60 13.62 13.63 13.64 14.44 13.69 13.70 13.70 13.81 11.54 11.54 11.54 11.60 11.59 11.59 11.59 11.54 11.54 11.53 11.53 11.47 11.47 11.46 12.58
9.09 9.06 9.87 10.05 9.28 9.35 9.43 9.51 9.50 9.57 9.65 9.72 9.79 9.87 9.94 11.36 10.18 9.79 9.86 9.93 9.98 10.05 10.12 10.85 9.99 10.06 10.13 10.19 11.30 10.42 11.46 10.53 10.61 11.72 10.73 10.79 10.86 11.99 10.97 11.02 11.06 11.10 11.14 11.18 11.22 11.25 11.48 11.31 11.32 11.35 11.38 11.40 11.36 12.50 11.40 11.42 11.35 11.37 13.59 13.61 13.62 13.63 13.64 13.65 13.71 13.71 13.72 13.72 13.72 13.72 13.72 13.72 13.69 14.44 13.69 14.43 13.68 13.68 11.72 11.44 12.58 11.45 11.45 12.57
8.21 9.23 9.29 9.26 9.32 9.39 9.47 9.80 9.54 9.89 9.69 10.05 9.83 9.90 9.98 10.31 9.76 10.31 9.89 9.96 10.01 10.08 9.87 9.93 10.02 10.09 10.16 10.22 10.38 10.44 10.50 10.56 10.63 10.70 10.75 10.81 10.88 10.94 12.06 11.04 11.08 11.12 11.16 11.20 11.23 12.37 11.30 11.32 11.34 11.36 11.39 11.41 11.37 11.39 11.41 11.43 11.36 11.38 13.60 13.62 13.63 13.64 13.66 13.67 13.72 13.73 13.73 13.73 13.74 13.74 13.74 13.74 13.71 13.71 13.70 13.70 14.45 13.69 13.69 12.58 11.47 11.47 11.46 11.46
