New_Model_Runs/3_scn2_noclimate_out/post_prcessed_with_MFR/Monthly_summaries/net_infiltration_monthly_AUG.asc
NCOLS 700
NROWS 400
XLLCENTER 515000.000000
YLLCENTER 8409000.000000
CELLSIZE 50.000000
NODATA_value -999.000000
[rows 190 to 227 of 400, columns 84 to 167 of 700]
0.00 0.00 0.00 0.00 0.00 0.00 0.00 0.00 0.00 0.00 0.00 0.00 0.00 0.00 0.00 0.00 0.00 0.00 0.00 0.00 0.00 0.00 0.00 0.00 0.00 5.92 5.97 6.01 6.04 6.09 6.12 5.49 5.50 5.54 5.57 5.61 5.61 6.14 6.18 5.72 5.76 5.80 5.83 5.86 5.93 5.96 5.99 6.02 6.06 6.98 6.62 6.12 6.13 6.14 6.16 6.18 6.16 6.18 6.19 6.21 6.17 6.18 6.19 6.20 6.17 6.18 6.18 6.19 6.23 6.23 6.24 6.24 6.83 6.22 6.22 6.74 6.22 6.22 6.22 6.22 7.99 7.99 7.98 7.98
0.00 0.00 0.00 0.00 0.00 0.00 0.00 0.00 0.00 0.00 0.00 0.00 0.00 0.00 0.00 0.00 0.00 0.00 0.00 0.00 0.00 0.00 0.00 0.00 0.00 5.99 6.04 5.94 5.98 5.48 5.52 5.56 5.57 5.60 5.64 6.16 5.68 5.72 5.75 5.79 5.83 5.86 5.90 5.93 6.01 6.04 6.07 6.09 6.13 6.15 6.71 6.20 6.20 6.76 6.24 6.26 6.24 6.80 6.27 6.28 6.24 6.80 6.26 6.27 6.25 6.25 6.26 6.26 6.31 6.31 6.31 6.32 6.30 6.30 6.30 6.30 6.30 6.30 6.30 6.30 8.10 8.10 8.10 8.09
0.00 0.00 0.00 0.00 0.00 0.00 0.00 0.00 0.00 0.00 0.00 0.00 0.00 0.00 0.00 0.00 0.00 0.00 0.00 0.00 0.00 0.00 0.00 0.00 0.00 0.00 8.84 7.24 6.97 6.14 6.99 5.66 5.65 5.69 6.18 5.76 6.24 5.78 5.81 5.85 5.87 5.91 5.94 6.49 6.06 6.09 6.12 6.15 7.16 6.22 6.25 6.27 6.26 6.27 6.29 6.31 6.29 6.31 6.88 6.34 6.29 6.31 6.31 6.32 6.33 6.33 6.34 6.34 6.38 6.38 6.38 7.19 6.39 6.39 6.39 6.39 6.51 6.51 6.51 6.51 6.38 8.19 8.18 8.06
0.00 0.00 0.00 0.00 0.00 0.00 0.00 0.00 0.00 0.00 0.00 0.00 0.00 0.00 0.00 0.00 0.00 0.00 0.00 0.00 0.00 0.00 0.00 0.00 0.00 0.00 1.69 5.89 6.17 6.22 6.18 5.73 5.71 5.75 5.79 5.83 5.81 5.84 5.88 5.92 5.94 5.98 6.01 6.04 6.13 6.16 6.19 6.22 6.27 6.86 6.32 6.34 6.33 6.35 6.37 6.38 6.37 6.38 6.40 6.41 6.37 6.38 6.39 6.40 6.40 6.41 6.41 6.42 6.45 6.46 6.46 7.15 6.46 7.10 6.46 6.47 6.35 6.35 6.35 6.35 6.45 6.45 6.45 8.29
0.00 0.00 0.00 0.00 0.00 0.00 0.00 0.00 0.00 0.00 0.00 0.00 0.00 0.00 0.00 0.00 0.00 0.00 0.00 0.00 0.00 0.00 0.00 0.00 0.00 0.00 5.45 5.91 5.67 5.71 5.75 6.30 6.28 5.82 5.86 5.89 5.87 5.91 5.95 6.51 6.01 6.05 6.08 6.11 6.20 6.23 6.26 6.29 6.34 6.37 6.39 6.41 6.40 6.42 6.44 6.46 6.44 6.46 6.47 7.12 6.44 6.45 6.46 8.32 6.47 6.48 6.49 6.49 7.16 7.54 6.53 6.30 6.31 6.31 6.31 6.31 6.43 6.43 6.43 6.42 6.52 6.52 6.52 6.52
0.00 0.00 0.00 0.00 0.00 0.00 0.00 0.00 0.00 0.00 0.00 0.00 0.00 0.00 0.00 0.00 0.00 0.00 0.00 0.00 0.00 0.00 0.00 0.00 0.00 9.47 6.29 5.97 5.73 5.78 5.82 5.86 5.84 5.88 5.92 5.96 5.94 5.98 6.02 6.05 6.08 6.64 6.15 6.18 6.27 6.30 6.33 6.36 6.41 6.44 6.46 6.49 6.47 6.49 6.51 6.53 6.51 6.53 6.73 6.32 6.51 6.52 6.53 6.31 6.31 6.32 6.33 6.33 6.37 6.37 6.37 6.37 6.38 6.38 6.38 6.38 6.50 6.50 6.50 6.50 6.60 6.59 6.59 6.59
0.00 0.00 0.00 0.00 0.00 0.00 0.00 0.00 0.00 0.00 0.00 0.00 0.00 0.00 0.00 0.00 0.00 0.00 0.00 0.00 0.00 5.46 5.81 6.86 7.14 5.16 12.25 9.55 5.81 5.85 5.89 5.93 5.92 5.96 6.93 6.55 6.03 6.07 6.10 6.14 6.15 6.19 6.22 6.25 6.31 6.34 6.37 6.40 6.44 6.47 6.49 6.52 6.49 6.51 6.53 6.55 7.10 6.32 7.14 8.61 6.35 6.36 6.37 6.38 6.40 6.40 6.41 6.41 6.44 6.45 6.45 6.45 6.56 6.56 6.56 6.56 6.67 6.67 6.67 6.67 6.68 6.68 6.68 8.34
0.00 0.00 0.00 0.00 0.00 0.00 0.00 0.00 0.00 0.00 0.00 0.00 0.00 0.00 0.00 0.00 0.00 0.00 0.00 0.00 5.48 9.64 9.60 6.94 7.22 7.73 6.00 9.66 5.87 5.92 5.96 6.00 5.99 6.03 6.07 6.64 6.09 7.23 6.17 6.21 6.22 6.25 6.29 6.32 6.38 6.98 6.44 6.47 6.51 6.54 6.56 6.35 6.33 6.35 6.36 6.38 6.37 6.39 6.40 6.41 6.42 6.43 6.44 6.44 6.46 6.47 6.47 6.48 6.51 6.51 6.52 6.52 6.63 6.63 6.63 6.63 6.74 6.74 6.74 6.74 6.75 7.67 6.75 6.75
0.00 0.00 0.00 0.00 0.00 0.00 0.00 0.00 0.00 0.00 0.00 0.00 0.00 0.00 0.00 0.00 0.00 0.00 0.00 5.49 5.54 9.21 9.25 6.91 7.02 7.58 7.34 7.34 11.09 5.98 6.02 6.06 6.05 6.09 6.13 6.17 6.16 6.20 6.24 6.27 6.28 6.32 6.35 6.38 6.45 6.48 6.50 6.53 7.22 6.37 6.39 6.41 6.39 6.41 6.43 6.44 7.33 6.45 6.46 6.48 6.48 6.49 6.50 6.51 8.15 6.53 6.54 6.54 6.57 6.58 6.58 6.58 6.69 6.69 6.69 6.69 6.80 6.80 6.80 7.78 6.81 6.81 6.81 6.81
0.00 0.00 2.42 0.00 0.00 0.00 0.00 0.00 0.00 0.00 0.00 0.00 0.00 0.00 3.00 0.00 0.00 1.97 5.50 5.54 9.64 5.64 5.68 10.74 10.59 10.93 10.99 11.81 11.11 7.54 7.60 7.66 7.64 6.16 6.20 6.24 6.22 6.26 6.30 6.34 6.35 6.38 6.42 6.45 6.51 6.54 6.33 7.23 6.40 6.43 6.45 6.47 6.45 6.47 6.49 6.50 7.40 6.51 6.52 6.54 6.54 6.55 6.56 7.46 6.59 6.59 6.60 7.50 7.54 6.64 6.64 6.64 6.75 6.76 6.76 6.76 6.87 6.87 7.86 6.87 6.88 6.88 6.88 6.88
0.00 5.37 5.44 5.50 0.00 0.00 0.00 0.00 0.00 0.00 0.00 0.00 0.00 0.00 3.08 6.43 6.45 6.78 6.85 6.06 9.24 6.09 5.70 7.13 8.08 7.32 7.38 7.94 7.53 8.02 7.65 8.13 7.73 7.33 6.79 6.30 6.32 6.36 6.40 6.43 6.45 6.49 6.52 6.56 6.54 6.34 6.37 6.40 7.98 6.42 6.44 7.73 6.48 6.50 6.51 8.13 6.56 6.57 6.59 6.60 6.63 6.64 6.65 8.29 6.67 6.67 6.68 11.14 7.69 6.76 6.77 6.77 6.91 6.91 6.91 6.91 6.95 7.97 8.26 6.95 6.90 7.87 7.87 6.91
0.00 0.00 5.51 5.58 5.71 0.00 0.00 0.00 0.00 0.00 0.00 0.00 0.00 0.00 6.45 9.72 10.17 10.23 10.30 10.36 10.45 6.81 6.87 7.22 7.39 7.40 7.47 7.58 7.62 7.68 6.18 6.23 6.78 6.28 6.32 6.36 6.38 6.42 7.42 7.04 6.51 6.55 6.35 6.38 6.37 6.40 6.43 6.45 6.45 6.48 6.50 6.85 8.43 6.88 6.57 6.59 6.62 6.63 6.64 6.66 7.59 7.60 6.71 6.72 6.72 7.64 7.67 7.70 6.82 6.82 6.82 6.83 6.97 6.97 6.97 6.97 7.01 7.96 7.01 7.01 6.97 6.97 6.97 6.97
0.00 0.00 5.59 5.66 5.79 5.86 0.00 0.00 0.00 0.00 0.00 0.00 0.00 6.47 6.54 10.24 6.62 6.29 10.34 10.93 6.82 6.89 6.96 7.48 7.64 8.25 7.79 7.61 7.70 7.76 6.24 6.29 6.30 6.34 6.38 6.42 6.44 6.48 6.52 6.56 6.34 7.24 6.40 6.44 6.42 6.45 6.48 8.40 8.39 8.43 8.46 9.22 8.51 8.54 6.62 6.64 6.67 6.69 6.70 6.71 7.66 6.75 6.76 6.77 7.71 6.79 6.79 7.77 6.87 6.88 6.88 6.88 7.03 7.03 7.03 7.03 8.13 7.07 7.07 7.07 7.02 7.02 7.02 7.02
5.53 5.79 5.86 5.74 5.87 6.14 0.00 0.00 0.00 0.00 0.00 0.00 0.00 0.00 6.62 10.58 6.70 6.37 6.79 7.21 7.42 6.97 7.03 7.10 7.74 7.30 7.37 7.44 8.07 8.15 6.30 6.34 6.36 6.40 6.44 6.48 6.50 6.54 6.34 7.26 6.39 6.43 6.46 6.49 6.48 6.51 6.53 6.56 8.47 8.50 8.54 8.57 8.59 8.61 6.68 6.69 6.72 6.74 6.75 6.76 6.80 6.81 6.82 6.83 6.83 6.84 6.85 6.85 6.93 6.93 6.94 6.94 7.08 7.08 7.09 8.16 7.12 7.12 7.12 7.12 7.08 7.08 7.08 8.07
5.56 5.63 5.70 5.77 5.93 6.00 6.07 0.00 0.00 0.00 0.00 0.00 0.00 0.00 6.70 6.77 10.45 6.83 6.90 6.96 6.96 7.38 7.09 7.16 7.59 7.29 7.36 7.43 7.49 7.54 7.60 7.62 7.68 7.74 6.44 6.48 6.54 6.35 6.38 6.42 6.45 6.48 7.42 6.54 6.51 6.54 6.57 6.60 6.58 8.54 8.57 9.34 8.67 8.69 7.06 6.75 8.49 6.81 6.83 6.84 6.86 6.87 6.88 6.89 9.26 7.88 6.92 6.93 7.04 7.05 7.05 7.05 7.17 7.17 7.17 8.17 7.18 7.18 7.18 7.18 7.10 7.10 7.10 7.10
5.64 5.71 5.78 5.85 6.00 6.08 6.15 6.22 0.00 0.00 0.00 0.00 0.00 0.00 7.21 6.85 10.47 10.54 6.97 7.04 7.04 7.11 7.17 7.24 7.31 7.38 7.44 7.51 7.55 7.62 7.64 7.70 7.76 7.75 7.81 7.77 7.85 6.40 6.43 6.47 6.50 6.53 6.56 6.59 7.46 6.59 6.62 6.64 6.63 8.61 8.64 8.67 8.74 8.76 8.79 6.80 6.85 6.86 6.87 6.89 6.91 6.92 6.93 6.94 6.96 6.97 6.97 6.98 7.09 7.10 7.10 7.11 7.22 7.22 8.24 8.36 7.23 8.25 7.23 8.65 8.14 7.16 7.16 7.16
5.71 5.78 5.85 5.92 6.08 6.15 6.23 6.30 4.77 0.00 0.00 0.00 0.00 0.00 7.30 7.37 7.28 10.61 7.05 7.47 7.12 7.19 7.25 7.32 7.39 7.46 7.52 7.86 7.59 7.65 8.06 7.78 7.77 7.82 7.79 7.84 7.92 7.98 8.03 8.08 8.12 6.58 6.61 6.64 6.61 6.64 6.66 6.69 8.64 8.67 8.71 8.74 8.80 8.83 8.86 8.88 6.89 6.91 6.92 8.64 6.96 6.97 8.25 8.74 7.01 7.02 7.02 7.03 7.14 7.15 7.15 7.16 8.30 7.28 7.28 7.28 10.20 7.28 7.28 7.29 7.21 7.21 7.21 7.21
5.78 5.85 5.93 6.00 6.16 6.23 6.30 6.38 6.37 6.25 7.84 5.87 5.30 2.57 7.45 7.46 7.45 11.63 10.75 7.19 7.19 7.26 7.33 7.40 7.47 7.53 7.58 7.60 7.66 7.73 7.79 7.77 7.84 7.80 7.86 7.91 7.99 8.72 8.10 8.15 8.19 8.24 8.29 8.33 6.65 6.68 6.71 8.72 8.70 8.74 8.77 8.80 8.86 8.89 8.92 8.94 6.94 6.95 6.97 6.98 7.00 7.02 8.44 7.04 7.05 7.06 7.07 7.08 7.19 7.19 7.20 9.00 7.32 8.49 8.49 8.50 10.23 7.33 8.37 8.32 10.11 8.25 7.26 8.40
5.84 5.92 5.99 6.06 6.20 9.91 6.35 6.42 6.17 6.25 6.48 7.41 5.07 5.20 7.86 7.62 7.02 6.92 10.87 7.31 7.32 7.38 7.45 7.52 7.53 7.59 7.61 7.68 7.72 7.78 7.77 7.83 7.81 7.86 7.92 7.97 8.03 8.08 8.82 8.18 8.19 8.24 8.28 8.33 8.33 9.29 9.34 9.39 8.84 8.87 8.90 8.93 9.00 9.03 9.06 9.08 9.11 9.13 7.03 7.04 7.05 8.04 7.57 8.16 7.14 7.14 7.15 7.16 7.27 7.27 8.28 7.28 7.37 7.37 8.56 8.57 10.34 7.38 7.38 7.39 7.29 7.29 7.29 7.29
5.92 5.99 6.06 6.13 9.91 9.98 10.19 6.43 6.25 4.33 6.40 7.26 5.98 5.94 7.89 7.63 7.11 7.20 10.95 11.01 7.39 7.46 7.53 7.58 7.60 7.62 7.68 7.75 7.79 7.77 7.83 7.80 7.87 7.93 7.98 8.04 8.78 8.15 8.20 8.25 8.25 8.30 8.34 9.11 10.47 9.53 9.41 9.46 8.58 8.61 8.64 6.91 9.06 9.09 9.12 9.14 9.17 10.00 10.03 7.08 7.09 9.26 10.10 7.12 7.18 7.18 7.19 7.20 7.31 7.31 8.34 7.32 7.41 7.41 7.42 7.42 7.42 7.43 7.43 7.43 7.33 7.33 8.36 7.34
5.99 6.06 6.35 10.07 9.98 6.43 6.43 10.13 6.32 4.35 6.92 6.89 7.01 7.07 7.98 7.71 7.75 7.83 7.91 11.32 7.46 7.53 7.58 7.60 7.62 7.69 7.75 7.74 7.78 7.84 7.80 7.86 7.94 7.99 8.05 8.10 8.16 8.21 8.26 8.31 9.04 8.36 8.40 8.44 8.44 9.44 9.48 8.56 8.63 8.67 8.70 8.73 8.80 8.83 8.86 9.20 9.22 9.25 9.27 7.12 7.50 9.32 9.34 7.16 7.21 7.22 7.23 7.24 9.13 7.35 7.36 7.36 7.45 7.46 7.46 7.46 8.69 8.77 8.70 7.47 7.37 7.38 7.38 7.38
9.69 9.76 9.83 6.28 6.42 6.43 6.50 10.20 6.76 6.83 6.89 6.96 7.07 7.14 7.21 7.79 7.91 7.30 7.99 7.69 11.70 8.15 7.60 7.67 7.69 7.75 7.74 7.81 7.84 7.81 7.87 7.92 8.00 8.05 8.11 8.16 8.21 8.26 8.31 8.36 8.37 8.41 8.45 8.50 8.50 8.53 8.57 8.61 8.69 8.72 8.75 8.78 8.86 10.22 8.91 11.72 10.03 10.06 10.09 9.34 9.36 9.37 9.39 7.20 7.25 7.26 7.27 7.28 7.38 8.42 7.39 7.40 7.49 7.49 7.50 7.50 7.50 7.51 7.51 7.51 7.41 7.41 8.45 7.42
9.82 9.39 6.34 6.42 6.46 6.46 6.54 10.24 9.98 10.41 8.08 10.54 10.45 7.51 6.99 7.30 8.02 7.50 7.51 8.19 11.87 8.33 8.40 8.46 7.78 7.75 7.81 7.87 7.92 7.98 8.04 8.10 8.16 8.22 8.27 8.32 8.32 8.37 8.42 8.47 8.46 8.50 8.55 8.59 8.65 8.69 8.73 8.77 8.86 8.90 9.73 8.96 9.82 9.03 9.06 10.17 10.14 10.16 10.19 10.22 10.21 10.24 7.23 7.24 7.29 7.30 7.31 7.32 8.44 7.40 7.41 7.41 7.50 7.50 7.50 7.51 7.50 7.50 7.51 7.51 7.42 7.42 7.43 7.43
9.89 9.97 6.41 6.42 6.46 6.53 6.60 6.67 7.08 6.85 6.91 6.98 10.79 10.86 7.72 7.24 7.37 8.18 8.38 9.06 11.95 8.40 8.45 8.53 7.84 7.80 7.87 7.92 7.98 8.04 8.10 8.15 8.21 8.27 8.32 8.38 8.37 8.42 8.47 8.52 8.51 8.55 8.59 8.63 8.70 8.74 8.78 8.81 8.91 8.94 8.98 9.01 9.04 9.07 9.10 10.23 9.10 9.12 9.14 9.17 10.27 10.29 9.20 9.21 9.07 9.08 8.51 7.35 7.43 7.43 7.44 7.44 7.53 7.53 8.79 8.06 7.53 7.54 8.60 8.60 7.46 7.46 7.46 8.48
6.33 6.40 6.41 6.99 6.52 6.60 6.66 6.73 7.18 6.91 6.98 7.04 7.22 10.92 7.36 7.23 7.67 11.23 11.25 11.32 7.89 8.77 8.52 9.41 7.80 7.86 7.92 7.98 8.03 8.09 8.15 8.20 8.27 8.32 8.37 8.43 8.42 8.47 8.51 8.56 8.55 8.59 8.63 8.68 8.74 8.78 8.82 8.85 8.95 8.98 9.02 9.05 9.66 9.11 9.14 9.17 9.14 9.16 9.19 9.21 10.32 10.27 10.29 9.03 9.11 9.90 9.14 9.15 9.27 7.46 7.47 7.47 7.56 7.56 7.57 7.57 7.56 7.57 7.57 7.57 7.49 7.49 7.49 8.52
6.39 6.47 6.47 6.55 6.95 6.92 6.72 6.75 6.90 6.97 7.03 7.10 7.28 10.98 10.84 11.12 11.22 7.51 7.68 7.75 7.96 7.87 7.79 7.82 7.85 8.55 7.97 8.03 8.08 8.14 8.19 8.25 8.31 8.37 8.42 8.47 8.46 8.51 8.56 8.60 8.59 8.63 8.67 8.72 8.78 8.82 8.86 8.89 8.99 9.02 9.06 9.09 9.54 10.32 9.73 8.99 9.18 9.20 9.65 9.16 10.29 10.31 10.34 9.07 9.14 9.16 9.17 9.97 9.30 9.31 9.32 9.33 9.46 7.59 7.59 7.60 7.59 7.59 7.60 7.60 8.56 7.52 7.52 7.52
10.11 6.56 6.64 6.70 6.70 7.08 6.80 6.86 6.89 6.96 7.02 7.09 7.27 7.34 11.04 11.31 7.58 7.65 7.71 7.67 7.76 7.83 7.79 7.90 7.89 7.95 8.01 8.07 8.18 8.24 8.29 8.35 8.43 8.48 8.54 8.58 8.58 8.63 8.67 8.72 8.72 8.76 8.80 8.84 8.92 8.96 9.00 9.03 9.11 9.14 9.18 8.99 8.99 9.02 9.04 9.07 9.01 9.03 9.05 9.07 10.32 10.34 10.36 10.66 9.32 9.15 9.16 9.17 10.04 9.26 9.27 9.28 9.34 9.35 9.35 10.18 7.50 7.50 7.51 7.51 7.49 7.49 8.73 7.50
10.17 6.62 6.69 6.72 6.71 6.78 6.85 6.92 6.94 7.01 7.43 7.14 7.33 7.40 7.66 7.52 7.63 7.70 7.77 7.73 7.81 7.81 7.84 7.96 7.94 8.67 8.06 8.12 8.22 8.28 8.34 8.39 8.47 8.52 8.58 8.62 8.62 8.66 8.71 8.75 8.75 8.79 8.84 8.88 8.96 8.99 9.03 9.07 9.14 9.17 8.99 9.02 9.02 9.05 9.07 9.10 9.04 9.06 9.08 9.10 10.36 10.38 10.40 10.42 10.08 9.18 9.19 9.20 10.08 9.29 10.12 9.31 10.18 9.38 9.38 9.39 9.36 9.37 9.37 9.38 7.51 7.51 7.52 7.52
10.75 6.67 6.70 6.77 6.76 6.83 6.90 6.97 7.00 7.06 7.12 7.19 7.56 7.45 7.52 7.81 7.68 7.75 7.74 7.81 7.76 8.46 7.88 7.94 7.98 8.04 8.10 8.16 8.27 8.32 8.38 8.43 9.25 10.05 9.89 9.43 8.65 9.46 8.74 8.78 9.58 8.82 8.86 8.90 8.98 9.02 9.06 9.09 9.17 8.98 9.01 9.04 9.04 9.07 9.10 9.90 9.06 9.08 9.10 10.71 10.39 10.41 10.43 10.45 10.50 10.52 10.53 9.22 9.31 9.32 9.33 9.34 9.40 9.40 9.41 9.42 9.39 9.40 9.40 9.41 9.37 9.38 10.21 8.80
6.65 6.72 7.10 6.82 6.81 6.88 6.95 7.02 7.04 7.11 7.17 7.24 7.43 7.50 7.55 7.57 7.73 7.73 7.79 8.31 7.81 7.87 8.77 7.98 8.02 8.08 8.80 8.20 8.30 8.36 8.41 8.47 8.54 9.35 8.64 8.69 8.68 8.72 8.77 8.81 8.81 8.85 8.89 8.93 9.01 9.05 9.08 9.12 10.48 9.00 9.81 9.83 9.06 11.51 9.90 9.14 9.08 9.10 9.12 10.45 10.41 10.44 10.46 10.48 10.82 10.54 10.56 10.58 10.68 9.34 9.35 9.36 9.42 9.43 9.43 9.44 9.41 9.42 9.43 9.43 9.40 9.40 9.41 10.24
6.39 6.75 7.18 7.40 6.94 7.00 7.07 7.14 7.14 7.21 7.28 7.34 7.40 7.47 7.52 8.49 7.59 7.75 7.74 7.80 7.75 7.81 7.87 8.59 8.00 8.06 8.11 8.17 9.00 8.37 9.14 8.47 8.54 9.35 8.63 8.68 8.73 9.57 8.82 8.86 8.90 8.94 8.98 9.02 9.06 9.09 10.28 9.17 9.18 9.00 9.03 9.06 9.03 9.84 9.08 9.10 9.05 9.07 10.39 10.41 10.43 10.45 10.47 10.49 10.55 10.56 10.58 10.60 10.62 10.63 10.64 10.66 10.65 10.96 10.67 10.98 10.69 10.70 9.55 9.36 10.21 9.39 9.40 10.23
5.68 6.53 6.94 6.93 6.98 7.04 7.11 7.52 7.18 7.54 7.32 7.59 7.44 7.51 7.56 7.87 7.72 7.67 7.77 7.84 7.78 7.84 7.90 7.96 8.04 8.09 8.15 8.20 8.34 8.40 8.45 8.50 8.56 8.61 8.66 8.70 8.76 8.80 9.64 8.88 8.92 8.96 9.00 9.03 9.08 9.53 9.15 9.18 8.98 9.01 9.04 9.07 9.04 9.07 9.09 9.12 9.06 9.08 10.40 10.43 10.44 10.46 10.49 10.51 10.56 10.58 10.60 10.61 10.63 10.65 10.66 10.67 10.67 10.68 10.69 10.69 11.01 10.72 10.73 10.19 9.41 9.41 9.42 9.43
7.32 7.05 7.11 6.97 7.54 7.08 7.15 7.22 7.22 7.29 7.36 7.42 7.48 7.53 7.60 7.62 7.76 7.71 7.81 7.77 7.82 8.52 7.93 7.99 8.06 8.12 8.17 8.23 8.37 8.42 8.47 8.52 8.59 8.63 8.68 8.72 8.78 8.82 8.86 8.90 8.93 9.24 9.01 9.05 9.09 9.12 9.16 9.19 8.99 9.02 9.05 9.85 9.05 9.07 9.10 9.12 9.07 10.66 10.69 10.43 10.45 10.47 10.49 10.51 10.57 10.59 10.60 10.62 10.64 10.65 10.67 10.30 10.67 10.69 10.32 10.70 10.72 10.73 9.38 9.38 9.42 9.42 10.26 9.44
6.80 6.87 6.94 7.01 7.05 7.12 7.19 7.26 7.26 7.33 7.60 7.46 7.52 7.57 7.59 7.65 7.72 7.78 7.74 8.57 7.85 7.90 7.96 8.01 8.09 8.14 8.20 8.25 9.08 8.44 9.23 8.54 8.61 8.65 8.70 8.74 8.79 8.83 9.65 9.72 8.95 9.22 9.02 9.06 9.10 9.13 9.17 8.98 9.00 9.03 9.06 9.86 9.05 9.08 9.10 10.43 10.63 10.39 10.41 10.44 10.45 10.47 10.50 10.52 10.57 10.59 10.61 10.62 10.64 10.66 10.67 10.62 10.68 10.69 10.70 10.71 10.73 10.74 9.38 9.39 10.24 9.83 9.44 9.45
6.82 6.89 6.96 7.02 7.11 7.18 7.53 7.60 7.36 7.43 7.50 7.54 7.54 7.61 7.63 7.69 7.71 7.77 7.76 8.28 8.60 7.83 8.53 7.93 8.07 8.12 8.17 8.23 8.35 8.40 8.45 8.50 9.29 8.58 8.62 8.66 8.75 8.79 9.62 8.87 8.93 8.97 9.00 9.04 9.05 9.08 9.11 9.57 9.57 9.17 9.63 9.65 9.19 8.99 10.29 10.32 10.31 10.34 10.36 10.39 10.47 10.49 10.52 9.21 10.57 10.59 10.61 10.62 10.60 10.61 10.25 10.64 10.65 10.66 10.67 10.68 10.72 10.73 10.74 10.75 10.76 10.77 10.78 11.15
6.85 6.92 7.51 7.05 7.14 7.21 7.28 7.55 7.85 7.67 7.53 8.07 7.86 7.59 7.65 7.72 7.74 7.72 7.78 7.74 7.79 8.49 7.90 7.96 8.09 8.14 8.19 8.24 8.37 8.42 8.47 9.26 8.55 8.59 8.63 8.67 8.76 8.80 8.83 9.67 9.75 8.97 9.01 9.04 9.05 9.08 9.12 9.57 9.14 9.17 9.20 9.00 9.18 9.76 9.01 9.04 9.03 9.05 9.07 10.38 9.16 9.17 9.19 9.21 10.57 10.58 10.89 10.62 10.59 10.60 10.62 10.64 10.64 10.65 10.67 10.68 10.72 10.73 10.74 10.75 10.76 10.77 11.13 11.09
6.88 6.95 7.02 7.08 7.17 7.24 7.31 7.38 7.42 7.49 7.53 7.60 7.60 7.62 7.68 7.74 7.76 7.75 7.80 7.76 7.81 7.87 7.92 7.97 8.10 8.16 8.21 8.26 9.07 8.43 8.48 8.52 8.55 8.60 8.64 8.68 8.76 8.80 8.84 8.87 8.93 8.97 9.01 9.87 9.05 9.08 9.11 9.14 9.14 9.16 9.19 9.00 9.18 9.20 9.00 9.03 9.02 9.82 9.06 9.08 9.15 9.16 9.18 10.80 10.55 10.57 10.59 10.60 10.57 10.21 10.61 10.62 10.63 10.64 10.65 10.67 10.71 10.72 10.68 10.74 10.75 10.76 11.07 10.78
6.91 6.98 7.04 7.11 7.20 7.27 7.34 7.40 7.44 7.51 7.56 7.58 7.58 7.64 7.70 7.76 7.78 7.76 7.82 7.78 7.83 7.88 7.93 7.98 8.11 8.17 8.22 8.26 8.39 8.43 8.48 8.53 8.56 8.60 8.64 8.68 8.76 8.80 8.83 8.87 8.93 8.97 9.00 9.04 9.04 9.07 9.10 9.13 9.13 9.15 9.18 8.99 9.16 9.19 8.99 10.51 9.01 9.03 9.04 9.06 9.13 9.15 10.76 10.49 10.53 10.55 10.57 10.58 10.55 10.57 10.59 10.60 9.27 9.28 9.30 10.65 10.69 10.70 10.72 10.73 10.74 10.75 10.76 10.77
