New_Model_Runs/3_scn2_noclimate_out/post_prcessed_with_MFR/Monthly_summaries/net_infiltration_monthly_SEP.asc
NCOLS 700
NROWS 400
XLLCENTER 515000.000000
YLLCENTER 8409000.000000
CELLSIZE 50.000000
NODATA_value -999.000000
[rows 152 to 189 of 400, columns 336 to 419 of 700]
5.29 6.39 5.23 4.72 4.69 4.72 4.76 4.76 4.73 4.64 7.16 7.15 7.62 7.60 6.99 6.97 6.89 6.87 7.41 6.79 6.86 6.81 6.75 6.68 6.72 10.15 5.41 5.38 5.64 5.48 5.74 5.38 5.09 5.06 5.17 5.36 5.08 13.93 6.30 4.23 4.31 8.87 8.62 8.82 8.75 6.29 1.31 1.15 4.65 0.00 0.00 0.00 0.00 0.00 0.00 0.00 0.00 0.00 0.00 0.00 0.00 0.00 0.00 0.00 0.00 0.00 0.00 0.00 0.00 0.00 0.00 0.00 0.00 0.00 0.00 0.00 0.00 0.00 0.00 0.00 0.00 0.00 0.00 0.00
4.90 7.07 7.14 4.96 5.09 5.65 5.16 5.09 5.13 4.67 4.67 7.19 7.05 7.03 7.01 6.98 6.91 6.88 6.84 6.80 6.87 6.81 6.75 6.68 6.71 7.81 11.23 11.12 5.34 10.13 5.56 5.22 9.23 9.62 8.82 8.68 10.69 8.06 4.78 4.21 4.15 7.80 8.25 5.25 8.70 1.17 1.30 1.29 4.64 0.00 0.00 0.00 0.00 0.00 0.00 0.00 0.00 0.00 0.00 0.00 0.00 0.00 0.00 0.00 0.00 0.00 0.00 0.00 0.00 0.00 0.00 0.00 0.00 0.00 0.00 0.00 0.00 0.00 0.00 0.00 0.00 0.00 0.00 0.00
5.37 5.62 5.49 4.17 5.60 6.72 4.77 4.77 4.72 4.71 4.70 7.22 7.08 7.06 7.03 7.60 6.92 6.89 6.85 6.80 6.87 6.81 6.75 6.68 11.41 11.31 11.21 12.38 11.03 9.46 9.33 9.19 5.32 9.21 9.58 9.93 6.63 10.41 4.48 4.23 4.14 9.30 9.37 5.22 5.20 5.23 5.47 5.40 4.63 5.26 0.00 0.00 0.00 0.00 0.00 0.00 0.00 0.00 0.00 0.00 0.00 0.00 0.00 0.00 0.00 0.00 0.00 0.00 0.00 0.00 0.00 0.00 0.00 0.00 0.00 0.00 0.00 0.00 0.00 0.00 0.00 0.00 0.00 0.00
4.99 4.84 5.47 4.85 4.89 4.88 5.25 4.81 4.75 4.74 4.73 4.71 8.74 7.09 7.06 7.03 6.94 6.90 6.86 6.81 6.87 6.81 6.75 6.68 10.21 6.62 6.54 6.60 7.57 10.51 5.54 6.15 9.58 9.49 9.41 10.22 10.13 4.59 5.50 4.19 4.16 9.42 5.09 5.19 4.83 1.30 5.43 5.36 4.62 8.30 0.00 0.00 0.00 0.00 0.00 0.00 0.00 0.00 0.00 0.00 0.00 0.00 0.00 0.00 0.00 0.00 0.00 0.00 0.00 0.00 0.00 0.00 0.00 0.00 0.00 0.00 0.00 0.00 0.00 0.00 0.00 0.00 0.00 0.00
5.02 4.90 5.84 4.94 4.86 4.85 4.85 4.84 4.78 4.77 4.75 4.74 6.93 7.70 7.06 7.03 6.98 6.93 6.88 6.83 6.88 6.82 6.75 10.18 6.63 6.55 6.47 6.38 4.76 6.94 12.47 6.14 6.78 9.48 9.40 5.53 4.38 4.24 4.19 4.15 8.69 5.89 4.71 5.77 8.61 4.66 4.96 1.47 1.45 4.75 0.15 0.00 0.00 0.00 0.00 0.00 0.00 0.00 0.00 0.00 0.00 0.00 0.00 0.00 0.00 0.00 0.00 0.00 0.00 0.00 0.00 0.00 0.00 0.00 0.00 0.00 0.00 0.00 0.00 0.00 0.00 0.00 0.00 0.00
4.99 4.71 4.93 4.99 4.91 4.90 4.89 4.88 4.82 4.98 4.79 4.77 4.64 4.61 7.09 7.06 7.00 6.95 6.90 6.85 7.47 6.82 6.75 10.19 6.63 6.55 4.77 4.79 4.76 4.66 10.49 9.79 9.56 9.33 4.63 4.44 4.27 4.23 4.19 4.14 4.16 5.32 9.34 5.06 5.03 4.66 1.13 4.86 1.44 4.74 0.88 0.00 0.00 0.00 0.00 0.00 0.00 0.00 0.00 0.00 0.00 0.00 0.00 0.00 0.00 0.00 0.00 0.00 0.00 0.00 0.00 0.00 0.00 0.00 0.00 0.00 0.00 0.00 0.00 0.00 0.00 0.00 0.00 0.00
4.98 5.44 4.98 4.97 4.95 4.94 4.93 4.99 4.95 4.84 5.21 5.19 5.02 4.64 7.12 7.08 7.02 6.98 6.92 7.46 6.90 6.83 10.27 4.87 4.85 4.81 4.77 4.73 4.70 4.66 8.14 4.73 4.52 4.48 4.40 4.38 4.27 4.22 4.18 4.13 4.12 4.08 5.07 4.68 8.57 8.49 1.12 1.26 1.24 4.74 8.44 0.00 0.00 0.00 0.00 0.00 0.00 0.00 0.00 0.00 0.00 0.00 0.00 0.00 0.00 0.00 0.00 0.00 0.00 0.00 0.00 0.00 0.00 0.00 0.00 0.00 0.00 0.00 0.00 0.00 0.00 0.00 0.00 0.00
5.03 5.03 5.48 5.02 5.00 4.99 5.04 5.03 4.99 4.88 4.85 4.83 4.69 4.66 4.63 7.11 7.05 7.00 6.94 6.88 6.92 8.26 8.42 4.87 4.85 5.45 4.77 4.73 4.70 4.66 4.67 5.16 4.49 4.45 4.40 4.35 4.27 4.22 4.17 4.13 4.11 4.10 5.07 8.62 8.55 8.47 4.63 4.62 4.89 5.03 4.72 0.00 0.00 0.00 0.00 0.00 0.00 0.00 0.00 0.00 0.00 0.00 0.00 0.00 0.00 0.00 0.00 0.00 0.00 0.00 0.00 0.00 0.00 0.00 0.00 0.00 0.00 0.00 0.00 0.00 0.00 0.00 0.00 0.00
5.06 5.46 5.13 5.04 5.03 5.02 5.08 5.06 4.92 4.89 4.87 4.84 4.70 4.67 4.64 4.60 7.04 6.99 4.97 4.94 4.94 8.42 4.88 4.84 4.82 4.78 4.73 4.69 4.65 5.25 4.56 4.51 4.45 4.40 4.35 5.16 4.27 4.22 4.18 4.13 4.12 7.58 4.61 5.65 9.37 5.23 5.69 8.30 5.72 5.62 5.17 5.04 0.00 0.00 0.00 0.00 0.00 0.00 0.00 0.00 0.00 0.00 0.00 0.00 0.00 0.00 0.00 0.00 0.00 0.00 0.00 0.00 0.00 0.00 0.00 0.00 0.00 0.00 0.00 0.00 0.00 0.00 0.00 0.00
5.11 5.59 5.58 5.09 5.08 5.06 5.12 5.10 5.06 4.93 4.91 2.69 4.73 4.70 4.66 4.62 5.03 5.01 4.98 4.95 8.46 4.92 4.89 4.85 4.82 5.43 4.74 4.70 4.65 5.24 4.56 4.51 4.45 4.40 4.95 4.89 4.27 4.22 4.17 4.13 4.75 4.15 6.42 4.90 4.97 5.48 5.27 4.15 4.55 5.24 8.53 8.84 4.90 4.89 4.85 4.57 0.00 0.00 0.00 0.00 0.00 0.00 0.00 0.00 0.00 0.00 0.00 0.00 0.00 0.00 0.00 0.00 0.00 0.00 0.00 0.00 0.00 0.00 0.00 0.00 0.00 0.00 0.00 0.00
5.31 6.00 5.29 5.14 5.12 5.11 5.09 5.45 5.10 4.97 4.94 4.91 4.76 4.73 4.69 4.65 5.04 4.83 4.99 4.97 4.96 4.93 4.90 4.86 4.83 5.45 4.75 4.70 5.32 4.61 5.91 4.52 4.45 4.40 4.35 4.30 4.27 5.29 5.23 4.68 4.11 4.06 4.01 4.52 3.94 4.20 4.15 4.10 4.04 4.03 4.70 8.67 8.31 5.03 1.55 4.56 4.55 5.14 5.01 3.51 0.00 0.00 0.00 0.00 0.00 0.00 0.00 0.00 0.00 0.00 0.00 0.00 0.00 0.00 0.00 0.00 0.00 0.00 0.00 0.00 0.00 0.00 0.00 0.00
5.36 6.05 6.04 5.33 5.17 5.15 5.13 5.10 5.03 5.00 4.97 4.94 5.16 4.75 4.71 4.67 5.06 5.03 5.01 4.98 4.97 4.94 4.90 4.87 4.84 4.80 4.75 4.71 4.66 4.62 5.21 4.52 4.45 4.40 4.36 4.31 4.27 4.22 4.75 4.12 4.10 4.06 4.01 3.96 4.25 4.20 4.14 4.09 4.03 3.98 4.08 8.70 8.84 4.75 5.01 5.00 5.32 4.73 4.69 5.05 6.97 0.00 0.00 0.00 0.00 0.00 0.00 0.00 0.00 0.00 0.00 0.00 0.00 0.00 0.00 0.00 0.00 0.00 0.00 0.00 0.00 0.00 0.00 0.00
5.23 5.37 5.91 5.34 5.13 5.11 5.08 5.06 5.33 4.92 4.89 5.23 4.77 4.73 4.68 5.08 5.09 5.07 5.04 5.01 5.00 4.96 4.93 4.89 4.85 4.80 4.76 4.72 4.66 4.61 4.57 4.52 4.47 4.42 4.37 4.32 4.28 4.23 4.18 4.13 4.08 4.03 3.98 3.93 4.21 4.50 4.11 4.05 4.02 3.97 3.96 5.02 8.48 4.72 1.49 5.63 5.01 3.61 3.58 3.85 4.94 7.02 5.18 3.51 0.00 0.00 0.00 0.00 0.00 0.00 0.00 0.00 0.00 0.00 0.00 0.00 0.00 0.00 0.00 0.00 0.00 0.00 0.00 0.00
5.27 5.27 5.25 5.24 5.17 5.14 5.12 5.09 4.98 4.95 4.92 4.88 4.79 4.75 4.71 5.09 5.11 5.08 5.05 5.02 5.01 4.97 4.94 4.90 4.85 4.81 4.77 4.72 4.67 4.62 4.57 4.52 4.47 5.59 4.37 4.32 4.28 4.23 4.18 4.13 4.07 4.03 3.98 3.93 4.21 4.19 4.10 4.05 4.01 4.00 4.52 5.02 4.95 4.57 4.95 4.95 3.63 3.60 3.57 3.54 3.66 7.00 3.47 6.97 0.00 0.00 0.00 0.00 0.00 0.00 0.00 0.00 0.00 0.00 0.00 0.00 0.00 0.00 0.00 0.00 0.00 0.00 0.00 0.00
5.74 5.31 5.29 5.69 5.21 5.18 5.16 5.13 5.02 4.98 4.95 4.91 4.82 4.78 4.73 5.10 5.12 5.09 5.06 5.03 5.02 4.98 4.95 4.91 4.86 4.82 4.78 4.73 4.68 4.63 4.58 4.53 4.48 4.43 4.38 4.32 4.28 4.23 4.18 4.13 4.07 4.02 3.97 3.92 4.20 4.15 4.09 4.04 4.00 4.07 4.66 4.58 4.91 4.99 4.92 4.85 3.62 3.59 3.56 3.53 3.50 7.14 3.61 3.45 0.00 0.00 0.00 0.00 0.00 0.00 0.00 0.00 0.00 0.00 0.00 0.00 0.00 0.00 0.00 0.00 0.00 0.00 0.00 0.00
5.37 5.35 5.34 5.32 5.25 5.62 5.19 5.16 5.05 5.02 4.98 4.94 4.85 4.80 5.14 5.12 5.13 5.10 5.07 5.04 5.03 4.99 4.96 4.92 4.87 4.83 4.79 4.74 4.68 4.64 4.59 4.54 4.49 4.43 4.38 4.33 4.29 4.23 4.18 4.13 5.08 5.01 3.97 3.92 4.20 4.14 4.09 4.04 4.04 4.69 4.72 3.97 5.01 5.24 5.19 4.84 3.61 3.58 3.84 3.73 3.92 4.74 3.65 6.94 0.00 0.00 0.00 0.00 0.00 0.00 0.00 0.00 0.00 0.00 0.00 0.00 0.00 0.00 0.00 0.00 0.00 0.00 0.00 0.00
5.35 5.34 5.32 5.30 5.18 5.15 5.53 5.09 5.07 5.03 5.00 4.95 5.00 4.95 4.49 4.47 4.47 5.17 5.14 5.10 5.07 5.03 4.99 4.75 4.91 4.87 4.83 4.78 4.74 4.69 4.64 4.59 4.54 4.49 4.43 4.38 4.33 4.27 4.22 4.17 5.36 5.08 5.09 3.94 4.22 4.92 4.11 4.05 3.98 5.39 4.55 3.83 3.78 3.74 3.70 3.66 3.61 3.57 3.84 4.43 4.21 5.06 0.00 0.00 0.00 0.00 0.00 0.00 0.00 0.00 0.00 0.00 0.00 0.00 0.00 0.00 0.00 0.00 0.00 0.00 0.00 0.00 0.00 0.00
5.39 5.38 5.36 5.34 5.22 5.19 5.16 5.13 5.10 5.06 5.02 4.98 5.02 4.97 4.51 4.48 4.48 4.46 5.15 5.12 5.08 5.04 5.00 4.96 4.92 4.88 4.84 4.79 4.75 4.70 4.65 4.60 4.55 4.49 4.44 4.39 4.33 4.28 4.22 4.17 4.19 5.05 5.09 3.95 4.22 4.92 4.11 4.05 3.98 3.93 3.88 3.83 3.78 3.73 3.69 3.71 3.66 3.62 4.17 4.13 0.00 0.00 0.00 0.00 0.00 0.00 0.00 0.00 0.00 0.00 0.00 0.00 0.00 0.00 0.00 0.00 0.00 0.00 0.00 0.00 0.00 0.00 0.00 0.00
5.43 5.42 5.40 5.38 5.25 5.22 5.19 5.16 5.13 5.09 5.05 5.01 5.05 4.54 4.52 4.49 4.49 4.46 5.16 5.13 5.09 5.05 5.01 4.97 4.93 4.89 4.84 6.37 6.18 4.70 4.65 4.60 4.55 4.50 4.45 4.39 4.34 4.28 5.31 5.52 4.19 5.17 4.00 3.95 4.37 4.17 4.11 4.05 3.98 3.93 3.88 3.83 3.77 3.78 4.36 4.46 3.80 3.56 3.53 7.41 0.00 0.00 0.00 0.00 0.00 0.00 0.00 0.00 0.00 0.00 0.00 0.00 0.00 0.00 0.00 0.00 0.00 0.00 0.00 0.00 0.00 0.00 0.00 0.00
5.47 5.45 5.43 5.41 5.28 5.25 5.22 5.19 5.16 5.12 5.08 5.03 5.07 4.55 4.53 4.50 4.50 5.04 4.95 5.47 5.10 5.06 5.02 4.98 4.94 4.90 4.85 4.93 4.88 4.71 4.66 4.61 4.56 4.51 4.45 4.40 4.34 4.29 4.70 4.62 4.11 5.18 4.00 4.10 5.15 4.21 4.11 4.05 3.98 3.93 3.88 3.83 3.77 4.42 4.01 5.12 4.96 4.65 0.00 0.00 0.00 0.00 0.00 0.00 0.00 0.00 0.00 0.00 0.00 0.00 0.00 0.00 0.00 0.00 0.00 0.00 0.00 0.00 0.00 0.00 0.00 0.00 0.00 0.00
5.93 5.41 5.39 5.37 5.36 5.82 5.30 5.27 5.31 5.26 5.22 5.17 5.11 4.57 4.55 5.48 5.05 4.45 5.15 4.90 5.10 5.06 4.82 4.98 4.96 4.92 4.87 4.94 6.32 4.89 6.87 6.78 6.56 4.54 4.49 4.44 4.38 4.32 5.39 4.38 4.15 4.09 4.04 4.13 5.93 5.94 4.29 4.08 4.01 4.07 4.63 3.85 4.49 4.92 5.62 2.43 2.03 0.29 0.00 0.00 0.00 0.00 0.00 0.00 0.00 0.00 0.00 0.00 0.00 0.00 0.00 0.00 0.00 0.00 0.00 0.00 0.00 0.00 0.00 0.00 0.00 0.00 0.00 0.00
5.46 5.44 5.42 5.40 5.39 5.36 5.33 5.29 5.33 5.29 5.24 5.19 5.14 4.58 5.13 4.53 4.49 4.46 5.16 5.12 5.11 5.07 5.03 4.99 4.77 4.74 4.88 4.94 4.90 7.26 7.17 10.30 6.57 6.70 6.54 6.30 4.38 4.33 5.52 4.28 5.94 5.12 4.04 3.99 5.90 6.42 4.14 4.08 4.05 4.39 4.48 4.95 8.91 3.78 1.76 4.77 0.59 0.00 0.00 0.00 0.00 0.00 0.00 0.00 0.00 0.00 0.00 0.00 0.00 0.00 0.00 0.00 0.00 0.00 0.00 0.00 0.00 0.00 0.00 0.00 0.00 0.00 0.00 0.00
5.49 5.47 5.45 5.42 5.41 5.38 5.35 5.31 5.35 5.31 5.26 5.21 4.61 8.66 4.56 5.11 4.50 4.47 5.17 5.13 5.11 5.07 5.04 4.80 4.97 4.93 4.70 4.84 4.80 4.90 4.70 8.44 11.86 7.48 6.40 6.31 6.22 4.33 8.10 9.25 8.86 5.79 4.07 3.99 2.15 6.05 5.44 4.09 4.05 4.39 5.03 8.46 0.00 0.00 0.00 0.00 0.00 0.00 0.00 0.00 0.00 0.00 0.00 0.00 0.00 0.00 0.00 0.00 0.00 0.00 0.00 0.00 0.00 0.00 0.00 0.00 0.00 0.00 0.00 0.00 0.00 0.00 0.00 0.00
5.51 5.49 5.47 5.45 5.44 5.40 5.37 5.33 5.37 5.33 5.28 5.23 4.62 5.15 4.57 4.55 5.30 4.48 4.45 5.14 5.12 5.08 4.84 5.00 4.98 4.93 4.89 4.84 4.81 5.44 5.36 4.67 5.35 5.65 7.08 6.32 5.43 5.40 1.66 9.10 5.26 5.09 5.27 9.10 2.00 5.02 5.98 5.65 4.01 8.68 8.06 0.00 0.00 0.00 0.00 0.00 0.00 0.00 0.00 0.00 0.00 0.00 0.00 0.00 0.00 0.00 0.00 0.00 0.00 0.00 0.00 0.00 0.00 0.00 0.00 0.00 0.00 0.00 0.00 0.00 0.00 0.00 0.00 0.00
5.61 5.59 4.22 4.18 5.54 5.51 5.47 5.43 5.36 5.31 5.27 5.21 4.58 4.55 4.53 4.50 5.04 4.45 5.15 5.11 5.11 5.07 5.03 4.99 4.97 4.92 4.88 4.83 4.80 4.75 4.70 4.65 6.74 6.05 5.44 10.89 6.70 5.64 6.22 8.96 4.87 4.85 4.68 5.25 4.79 8.53 5.09 5.49 4.57 8.04 0.00 0.00 0.00 0.00 0.00 0.00 0.00 0.00 0.00 0.00 0.00 0.00 0.00 0.00 0.00 0.00 0.00 0.00 0.00 0.00 0.00 0.00 0.00 0.00 0.00 0.00 0.00 0.00 0.00 0.00 0.00 0.00 0.00 0.00
5.63 5.61 5.58 4.19 4.16 5.52 5.48 5.45 5.37 5.33 8.21 5.21 5.15 5.12 4.53 4.51 4.48 4.46 5.15 5.11 5.11 5.07 4.84 4.99 4.97 4.93 4.88 4.83 4.81 4.76 4.70 4.65 4.77 6.66 6.57 5.72 7.64 7.42 6.13 9.25 4.87 4.85 4.83 4.81 1.72 5.46 1.24 4.58 8.12 0.00 0.00 0.00 0.00 0.00 0.00 0.00 0.00 0.00 0.00 0.00 0.00 0.00 0.00 0.00 0.00 0.00 0.00 0.00 0.00 0.00 0.00 0.00 0.00 0.00 0.00 0.00 0.00 0.00 0.00 0.00 0.00 0.00 0.00 0.00
5.64 5.62 5.59 5.56 5.57 5.53 4.08 4.03 6.02 5.33 5.28 4.65 4.58 4.56 4.54 4.51 4.49 4.46 5.15 5.12 5.12 5.08 5.03 4.99 4.97 4.93 4.88 4.83 4.81 4.75 4.70 4.65 4.62 4.71 5.15 7.97 4.60 4.48 4.87 6.35 5.62 4.85 4.87 4.95 5.55 5.46 5.36 4.58 0.00 0.00 0.00 0.00 0.00 0.00 0.00 0.00 0.00 0.00 0.00 0.00 0.00 0.00 0.00 0.00 0.00 0.00 0.00 0.00 0.00 0.00 0.00 0.00 0.00 0.00 0.00 0.00 0.00 0.00 0.00 0.00 0.00 0.00 0.00 0.00
5.65 5.63 5.60 4.20 4.16 4.12 4.08 4.03 3.98 4.45 5.29 4.65 4.59 4.56 4.54 4.51 4.49 4.46 5.16 5.12 5.12 5.08 5.03 4.99 4.97 4.92 4.88 4.83 4.80 4.75 4.70 4.65 4.62 4.56 4.51 4.45 4.39 4.34 4.28 4.23 4.45 6.05 6.02 1.66 5.25 5.02 4.94 0.58 0.00 0.00 0.00 0.00 0.00 0.00 0.00 0.00 0.00 0.00 0.00 0.00 0.00 0.00 0.00 0.00 0.00 0.00 0.00 0.00 0.00 0.00 0.00 0.00 0.00 0.00 0.00 0.00 0.00 0.00 0.00 0.00 0.00 0.00 0.00 0.00
5.65 4.26 4.23 4.19 4.16 4.74 4.07 4.02 3.98 4.45 5.50 5.03 5.42 4.54 4.52 4.49 4.51 4.48 4.45 5.15 5.12 5.08 5.04 4.99 4.96 4.91 4.68 5.49 4.79 4.74 4.69 4.63 4.58 5.15 4.48 4.42 4.35 4.29 4.24 4.19 4.12 4.78 4.01 4.13 1.63 1.90 5.06 4.92 0.00 0.00 0.00 0.00 0.00 0.00 0.00 0.00 0.00 0.00 0.00 0.00 0.00 0.00 0.00 0.00 0.00 0.00 0.00 0.00 0.00 0.00 0.00 0.00 0.00 0.00 0.00 0.00 0.00 0.00 0.00 0.00 0.00 0.00 0.00 0.00
4.29 4.26 4.22 4.19 4.15 4.11 4.06 4.63 3.97 4.44 5.49 5.46 6.39 4.54 4.52 4.49 4.51 4.48 4.45 5.14 5.12 5.08 5.03 4.99 4.96 4.91 4.68 4.81 4.78 4.73 4.68 5.60 4.64 4.52 4.47 4.42 4.34 4.29 4.24 4.18 4.12 4.06 4.55 3.96 4.46 4.67 4.75 4.29 8.77 4.54 4.86 0.00 0.00 0.00 0.00 0.00 0.00 0.00 0.00 0.00 0.00 0.00 0.00 0.00 0.00 0.00 0.00 0.00 0.00 0.00 0.00 0.00 0.00 0.00 0.00 0.00 0.00 0.00 0.00 0.00 0.00 0.00 0.00 0.00
4.28 4.25 4.21 4.18 4.14 4.09 4.05 4.00 3.96 4.43 5.49 4.57 4.57 4.54 4.52 4.49 4.51 4.48 4.45 5.14 5.11 5.07 5.03 4.98 4.95 4.90 4.86 4.81 4.78 4.73 5.34 4.62 4.64 4.52 5.10 4.41 4.34 4.28 5.42 4.18 4.11 4.06 4.00 3.95 3.90 4.18 4.12 4.06 4.91 4.54 4.60 4.75 4.67 0.00 0.00 0.00 0.00 0.00 0.00 0.00 0.00 0.00 0.00 0.00 0.00 0.00 0.00 0.00 0.00 0.00 0.00 0.00 0.00 0.00 0.00 0.00 0.00 0.00 0.00 0.00 0.00 0.00 0.00 0.00
4.27 4.24 4.20 4.16 4.12 4.08 4.03 4.60 3.94 4.41 5.48 4.57 4.56 4.54 4.51 4.48 4.50 4.47 4.44 5.13 5.11 5.06 5.02 4.98 4.94 4.90 4.85 4.80 4.77 4.72 4.67 4.61 4.57 4.51 4.46 4.40 4.33 4.28 4.79 4.17 4.10 4.05 4.00 3.94 3.89 4.18 4.15 4.06 4.15 3.98 4.59 4.57 8.16 4.57 0.00 0.00 0.00 0.00 0.00 0.00 0.00 0.00 0.00 0.00 0.00 0.00 0.00 0.00 0.00 0.00 0.00 0.00 0.00 0.00 0.00 0.00 0.00 0.00 0.00 0.00 0.00 0.00 0.00 0.00
4.25 4.22 4.18 4.76 4.10 4.06 4.01 3.97 3.92 5.50 4.60 5.16 4.59 4.56 4.54 4.51 4.51 4.48 4.45 5.14 5.10 5.22 4.81 4.77 4.74 7.07 4.84 4.79 4.74 4.69 5.28 5.22 5.14 4.47 4.41 4.36 4.88 4.24 4.18 4.13 4.07 4.55 3.96 3.91 4.19 4.13 4.07 4.02 3.97 3.95 4.29 4.69 5.10 5.04 7.38 7.33 0.00 0.00 0.00 0.00 0.00 0.00 0.00 0.00 0.00 0.00 0.00 0.00 0.00 0.00 0.00 0.00 0.00 0.00 0.00 0.00 0.00 0.00 0.00 0.00 0.00 0.00 0.00 0.00
4.23 4.20 4.16 4.74 4.08 4.03 3.99 3.94 7.41 8.13 4.59 4.57 5.15 4.56 4.53 4.50 4.50 4.47 4.44 5.13 5.09 5.05 5.01 4.96 4.93 7.05 6.97 4.78 4.73 4.68 4.63 4.57 4.51 4.46 4.40 4.35 4.28 4.23 4.18 4.12 4.06 4.00 3.95 3.90 4.19 4.13 4.07 4.01 3.96 3.90 3.85 3.98 4.53 4.01 3.62 3.57 3.49 7.23 0.00 0.00 0.00 0.00 0.00 0.00 0.00 0.00 0.00 0.00 0.00 0.00 0.00 0.00 0.00 0.00 0.00 0.00 0.00 0.00 0.00 0.00 0.00 0.00 0.00 0.00
4.20 4.17 4.13 4.09 4.05 4.01 3.96 7.41 7.38 8.12 8.07 4.56 4.57 5.13 4.52 4.50 4.49 4.47 4.43 5.12 5.08 5.04 5.00 4.95 4.72 4.87 6.95 6.87 6.78 4.67 4.62 4.56 4.50 4.45 4.39 4.34 4.27 4.22 4.17 4.11 4.05 3.99 3.94 3.89 4.18 4.12 4.06 4.00 3.95 3.89 3.84 3.79 3.84 3.71 3.61 3.56 3.48 3.44 3.92 6.87 0.00 0.00 0.00 0.00 0.00 0.00 0.00 0.00 0.00 0.00 0.00 0.00 0.00 0.00 0.00 0.00 0.00 0.00 0.00 0.00 0.00 0.00 0.00 0.00
4.17 4.14 4.10 4.06 4.02 3.98 3.93 7.38 4.61 4.59 4.57 4.55 4.56 4.54 4.51 4.48 4.48 4.45 4.42 5.11 5.07 5.03 4.98 4.94 4.71 4.67 5.49 7.60 7.49 6.68 4.60 4.55 4.49 4.43 4.38 4.33 4.26 4.21 4.15 4.10 4.04 3.98 4.88 3.88 4.16 4.11 4.05 3.99 3.94 3.88 3.83 4.15 3.70 3.65 3.60 3.55 3.47 3.43 3.39 3.35 6.81 0.00 0.00 0.00 0.00 0.00 0.00 0.00 0.00 0.00 0.00 0.00 0.00 0.00 0.00 0.00 0.00 0.00 0.00 0.00 0.00 0.00 0.00 0.00
4.14 4.10 4.06 4.03 3.99 3.94 3.90 5.17 4.64 4.62 4.60 4.57 4.57 4.54 5.24 4.49 4.47 4.44 5.13 5.09 5.05 5.01 4.96 4.92 4.88 4.83 6.90 9.14 5.34 4.64 4.59 4.53 4.47 4.42 4.37 4.31 4.25 4.20 4.15 4.10 4.04 4.95 4.88 3.88 4.15 4.09 4.03 3.97 3.89 3.84 3.78 3.73 3.67 3.62 3.57 3.52 3.48 3.43 3.39 3.75 6.51 0.00 0.00 0.00 0.00 0.00 0.00 0.00 0.00 0.00 0.00 0.00 0.00 0.00 0.00 0.00 0.00 0.00 0.00 0.00 0.00 0.00 0.00 0.00
4.10 4.06 4.02 3.99 3.95 3.90 3.86 4.34 4.63 4.61 4.58 4.56 4.55 4.53 4.50 4.47 4.45 4.42 5.11 5.07 5.03 4.99 4.95 4.90 4.86 5.51 5.45 4.72 5.33 4.62 7.00 5.14 4.46 4.40 5.49 4.30 4.24 4.19 4.13 4.08 4.02 3.97 3.92 4.21 4.13 4.07 4.01 3.96 3.88 3.83 3.77 3.72 3.65 3.60 3.56 3.51 3.47 3.42 3.53 4.42 0.00 0.00 0.00 0.00 0.00 0.00 0.00 0.00 0.00 0.00 0.00 0.00 0.00 0.00 0.00 0.00 0.00 0.00 0.00 0.00 0.00 0.00 0.00 0.00
