New_Model_Runs/3_scn2_noclimate_out/post_prcessed_with_MFR/Monthly_summaries/net_infiltration_monthly_JAN.asc
NCOLS 700
NROWS 400
XLLCENTER 515000.000000
YLLCENTER 8409000.000000
CELLSIZE 50.000000
NODATA_value -999.000000
[rows 111 to 147 of 400, columns 332 to 414 of 700]
0.00 0.00 0.00 0.00 0.00 0.00 6.03 6.09 12.03 10.17 11.55 10.31 10.20 10.27 10.34 10.41 11.40 11.49 10.58 10.64 11.18 11.26 10.89 10.95 10.62 10.67 11.68 10.76 11.79 10.86 10.89 11.88 10.92 9.75 9.76 9.77 9.76 9.77 9.77 9.77 11.21 9.76 9.76 9.76 11.21 9.76 9.75 9.75 9.69 9.68 9.67 9.66 9.64 9.63 9.62 9.61 9.67 9.66 11.04 9.63 9.61 9.59 12.04 9.56 9.54 9.52 10.90 9.48 11.60 9.48 9.46 9.43 9.43 9.41 9.38 10.18 10.17 10.13 11.54 10.05 9.98 12.48 9.89
0.00 0.00 0.00 0.00 0.00 0.00 0.00 6.42 10.05 10.12 10.19 10.26 11.50 10.27 10.34 10.41 10.48 11.51 10.62 10.69 10.79 12.95 10.92 10.98 10.66 10.71 10.75 10.80 10.85 10.89 10.92 11.92 10.92 9.75 9.76 9.77 9.75 9.76 9.76 9.76 9.74 9.74 11.94 9.74 9.70 9.70 9.69 9.69 9.60 9.59 9.58 9.57 9.57 9.56 9.55 9.53 9.56 9.55 9.53 10.94 9.52 9.50 9.49 9.47 9.47 9.45 10.84 9.41 9.40 9.38 9.36 9.34 9.32 9.30 9.27 10.06 10.05 10.02 9.98 11.40 11.28 9.81 9.77
0.00 0.00 0.00 0.00 0.00 0.00 6.13 11.49 10.11 10.18 10.25 10.32 10.26 11.28 10.40 10.47 10.55 10.62 11.12 10.76 10.86 12.98 11.49 10.60 10.72 10.77 12.53 11.83 10.90 10.94 10.97 10.99 11.95 10.98 9.79 12.02 9.79 9.79 11.26 9.79 9.77 10.58 11.98 9.77 9.73 11.18 11.86 11.13 9.62 9.61 9.60 9.59 9.58 9.57 9.56 10.97 9.57 9.56 9.54 9.53 9.53 9.51 9.49 9.48 9.47 9.46 9.44 9.42 9.41 9.39 9.37 9.35 9.34 10.69 9.28 10.08 10.07 10.03 9.99 9.96 9.87 9.83 9.79
0.00 0.00 0.00 0.00 0.00 0.00 10.21 11.63 10.17 10.24 11.26 10.38 10.32 11.79 11.43 10.54 10.61 10.68 10.76 10.83 10.92 11.41 11.55 10.65 10.77 10.82 20.63 10.90 10.95 10.98 11.01 11.04 11.01 12.04 9.83 11.29 9.82 9.82 9.82 11.29 9.80 9.80 11.26 9.80 9.75 11.95 9.74 11.15 9.64 9.63 11.04 9.60 9.60 9.58 11.00 9.55 9.58 9.56 9.55 9.53 9.53 9.51 9.50 9.48 9.48 9.46 9.44 9.42 9.42 10.79 9.38 9.35 9.34 9.32 9.29 10.09 10.08 10.04 11.47 9.97 11.71 11.66 9.80
0.00 0.00 0.00 0.00 10.12 10.19 11.61 11.70 10.22 10.29 12.32 10.44 10.37 10.45 10.52 11.56 10.67 11.18 10.82 10.88 10.98 10.60 11.59 10.70 10.82 11.79 10.90 10.94 10.99 11.02 12.06 11.01 11.04 11.00 9.85 9.86 9.85 9.85 9.85 11.28 9.83 9.83 11.28 9.82 9.77 9.76 11.17 9.74 9.65 11.08 9.62 9.61 9.60 9.58 9.57 9.55 9.58 9.56 9.55 9.53 9.53 9.51 9.49 9.48 9.47 9.46 9.44 9.42 9.42 9.40 9.38 9.35 9.34 10.71 11.59 10.09 10.08 10.05 10.01 9.98 11.72 9.86 9.82
11.06 9.86 9.93 10.00 9.88 9.94 11.75 10.09 10.03 10.10 10.18 10.25 10.31 10.38 10.46 10.53 10.65 11.13 12.85 10.86 10.95 10.57 10.62 10.67 10.75 10.79 10.83 11.81 10.88 10.90 10.93 10.95 10.95 11.92 12.11 9.78 9.77 9.77 11.23 11.93 9.74 9.73 9.73 9.72 9.66 9.64 11.07 12.15 9.69 9.67 9.66 9.64 9.75 9.73 9.71 9.69 11.92 9.71 9.69 9.67 9.64 9.63 9.61 9.59 9.57 9.55 9.54 9.52 9.46 9.44 9.42 9.40 9.33 9.31 10.11 10.08 10.00 9.96 9.93 9.89 12.02 10.41 9.71
9.84 11.15 11.30 10.05 9.92 11.26 11.82 10.14 10.08 10.16 10.23 10.30 10.36 10.44 10.51 10.59 10.70 10.77 10.83 11.34 10.99 10.60 10.65 10.69 10.77 10.81 10.85 11.83 12.93 10.92 10.94 10.96 10.96 10.97 10.98 9.79 9.78 9.78 9.79 9.79 9.75 9.75 9.74 9.73 9.67 9.65 9.64 11.05 9.69 9.68 9.66 9.64 9.74 9.72 9.71 9.69 9.72 9.70 9.68 9.66 9.63 9.61 9.60 9.58 9.56 9.54 9.52 9.51 9.45 9.43 9.41 9.39 9.33 9.30 11.56 10.08 9.99 9.96 9.93 9.89 9.79 11.52 9.71
11.45 10.56 10.02 10.09 11.23 11.79 10.11 10.19 10.13 10.21 10.28 10.35 10.42 10.49 10.56 10.63 10.75 10.81 11.31 10.94 10.58 10.64 10.68 10.72 10.80 10.83 10.87 11.85 10.91 10.93 10.95 11.93 10.97 10.98 10.99 11.00 9.79 9.80 9.80 9.80 11.97 11.97 9.75 10.15 9.67 11.09 9.64 9.63 9.69 9.67 9.66 9.64 9.74 9.72 9.70 9.68 9.71 9.69 9.67 9.65 9.62 9.60 9.58 9.57 9.54 9.53 9.51 9.49 9.44 9.42 9.40 9.38 9.32 9.29 10.10 10.07 9.98 9.96 9.92 9.89 9.79 11.53 9.72
9.93 11.60 11.36 11.45 11.75 10.09 11.44 10.24 10.18 10.25 10.33 10.40 10.47 10.54 10.61 10.68 10.79 10.85 10.91 10.97 10.61 10.66 10.70 11.69 10.81 10.84 10.88 10.90 10.91 10.94 10.96 11.93 10.96 10.98 11.34 11.00 9.79 9.80 9.80 9.80 18.92 16.13 9.75 14.21 14.09 9.66 9.64 9.62 9.69 9.67 9.65 9.62 9.72 9.70 9.68 9.66 9.69 9.67 9.65 9.63 9.60 9.58 9.56 11.66 9.52 9.50 9.49 9.47 9.42 9.40 9.38 9.36 9.30 9.28 10.08 10.06 9.97 9.94 9.91 9.88 9.78 9.75 9.71
9.64 10.84 9.72 9.79 9.79 9.86 9.94 10.01 10.18 10.26 10.33 11.36 10.56 10.63 10.69 10.76 10.87 10.93 11.40 10.60 10.68 10.72 10.76 11.45 11.10 10.84 10.87 11.86 10.90 10.92 10.94 10.95 14.86 12.77 12.79 13.30 12.01 12.02 9.80 11.26 11.29 11.29 12.47 9.81 9.90 9.89 9.87 9.85 9.98 9.96 9.94 9.91 9.97 9.94 9.92 9.90 9.90 9.88 9.86 12.08 9.78 9.76 9.74 9.72 9.69 9.67 9.66 9.64 9.57 9.55 9.54 9.52 9.42 10.24 12.17 10.19 10.03 10.00 9.98 9.95 9.92 9.89 9.86
9.68 9.69 11.23 9.82 9.83 9.91 11.34 10.05 11.56 10.30 10.38 10.45 11.57 10.66 11.15 11.24 12.45 10.95 11.01 10.61 10.69 12.46 12.52 10.81 12.58 12.62 10.87 10.90 10.90 10.92 10.93 12.75 10.95 10.96 10.97 10.98 10.98 9.79 9.79 9.79 9.82 9.82 9.81 9.80 9.89 9.88 9.86 9.83 9.96 9.94 9.92 9.89 9.95 9.92 9.90 9.87 9.87 9.85 9.83 9.81 9.75 9.73 9.71 13.21 9.66 9.64 9.62 9.61 9.54 9.53 9.51 9.49 9.39 10.21 10.19 10.17 10.01 9.99 9.96 9.93 9.91 9.88 9.85
9.72 9.72 9.79 11.14 9.87 9.94 10.02 11.39 10.27 10.34 10.42 10.49 10.63 10.70 10.76 12.34 10.92 10.98 10.58 10.63 10.71 10.75 10.78 10.82 10.83 10.85 10.88 10.90 12.69 12.71 10.93 10.94 10.94 10.95 10.96 10.97 10.96 9.77 9.78 9.78 12.04 9.81 9.80 9.79 9.88 9.86 9.84 9.82 9.95 9.92 9.89 9.87 9.92 9.89 9.87 9.84 9.84 9.94 13.53 13.34 13.25 13.21 13.18 13.15 13.09 13.59 13.04 13.02 12.92 9.49 9.48 9.46 9.36 10.18 10.16 10.14 9.99 9.97 9.94 9.91 9.90 9.87 9.84
9.69 9.76 9.83 9.90 9.91 9.98 10.05 10.13 10.30 10.38 10.45 10.52 10.66 10.73 10.79 10.84 10.94 10.99 10.60 10.64 10.72 10.76 10.79 10.83 10.83 10.86 10.88 10.90 10.90 10.91 10.92 10.93 10.92 10.93 10.94 10.95 10.94 9.76 9.76 9.76 9.79 9.79 9.78 9.77 9.86 9.84 9.82 9.79 12.20 9.89 9.87 9.84 9.89 9.86 9.83 13.39 13.38 13.51 13.61 13.57 13.37 13.15 13.12 13.09 13.03 13.01 12.98 12.96 12.85 12.83 9.44 9.43 9.33 10.15 10.13 10.11 9.96 9.94 9.92 9.89 9.88 9.85 9.82
9.76 9.83 9.89 9.96 10.26 10.33 10.41 10.48 10.64 10.72 10.79 10.86 10.94 11.00 10.62 10.67 10.75 10.79 10.84 10.88 10.93 10.96 11.00 11.03 11.03 11.06 11.08 11.04 11.07 11.08 11.03 11.04 11.05 11.05 11.06 11.06 11.09 11.09 9.92 9.92 9.96 9.95 9.94 9.93 10.01 9.99 9.97 9.94 9.99 9.96 9.93 9.90 9.89 9.97 9.84 13.40 13.36 13.77 13.91 13.50 13.35 13.16 13.28 13.10 13.05 13.02 13.00 12.97 12.89 12.87 12.84 9.45 10.20 10.18 10.16 10.15 10.06 10.04 10.02 10.00 10.01 9.99 9.96
9.79 9.85 9.92 9.99 10.29 10.36 10.44 10.52 10.67 10.75 10.82 10.89 10.96 11.02 10.64 10.69 10.76 10.81 10.85 10.89 10.94 10.97 11.01 11.04 11.03 11.06 11.08 11.04 11.07 11.07 11.08 11.08 11.03 11.04 11.04 11.04 11.07 11.07 9.90 9.90 9.93 9.93 9.92 9.90 9.99 9.96 9.94 9.91 9.95 9.92 10.04 12.11 9.85 12.06 13.51 13.39 13.54 14.10 18.15 14.18 13.99 13.99 14.11 14.38 14.04 13.47 12.92 12.97 12.81 12.79 12.77 9.41 10.15 10.14 10.12 10.11 10.02 10.00 9.98 9.97 9.98 9.96 9.94
9.81 9.88 9.95 10.02 10.31 10.39 10.47 10.54 10.70 10.77 10.84 10.91 10.99 10.60 10.65 10.70 10.78 10.82 10.86 10.90 10.95 10.98 11.01 11.04 11.04 11.06 11.08 11.04 11.06 11.07 11.07 11.07 11.07 11.08 11.08 11.07 11.04 11.04 9.87 9.87 9.90 9.89 9.88 9.87 9.95 9.93 9.90 9.87 9.91 12.44 10.53 13.56 9.81 13.34 13.35 13.61 13.90 13.13 7.95 4.95 4.79 7.48 8.40 5.06 4.90 4.13 14.09 13.34 13.03 12.86 12.69 12.68 13.27 10.09 10.08 10.06 9.98 9.96 9.95 9.93 9.95 9.93 9.91
9.84 9.90 9.97 10.04 10.34 10.41 10.49 10.57 10.72 10.80 10.87 10.94 11.01 10.62 10.67 10.72 10.79 10.84 10.88 13.93 13.99 14.04 11.02 11.05 11.05 11.07 11.08 11.09 11.06 11.06 11.07 11.06 11.06 11.06 11.06 11.05 11.07 11.06 12.90 9.84 9.87 9.86 12.10 12.08 9.91 9.89 9.86 9.83 9.87 10.11 14.00 13.39 13.52 14.00 14.06 13.28 16.57 16.23 7.02 0.00 16.27 0.00 0.00 0.00 3.93 7.29 7.28 4.40 14.08 13.92 12.76 12.59 13.19 13.17 10.03 10.02 9.93 9.92 9.90 9.89 9.91 9.90 9.88
10.22 10.29 10.36 10.43 10.59 13.26 13.58 13.59 10.90 10.98 10.60 13.57 10.72 10.77 10.83 12.75 12.73 10.97 11.17 14.12 14.15 14.18 14.22 11.10 11.09 11.10 11.12 11.13 11.11 11.11 11.11 11.10 11.10 11.10 11.09 11.08 11.10 11.09 11.08 9.90 9.92 9.90 9.89 12.35 9.88 9.86 12.42 10.10 9.93 13.50 13.26 13.38 12.74 16.77 7.04 0.00 0.00 0.00 0.00 0.00 0.00 0.00 0.00 0.00 0.00 0.00 0.00 0.00 7.10 7.10 13.13 12.96 13.14 13.13 10.00 9.99 9.96 9.95 9.94 11.77 11.80 10.06 10.05
10.24 10.30 10.38 10.45 13.33 13.44 13.40 13.62 13.61 13.72 13.80 13.60 13.67 14.29 14.37 13.99 11.02 12.83 14.20 14.24 14.17 14.20 14.24 11.11 11.09 11.11 11.12 11.13 11.11 11.11 11.10 11.09 11.09 11.08 11.07 11.06 11.08 11.06 11.10 11.08 9.88 9.87 12.19 12.16 13.92 13.91 13.31 13.99 13.63 13.64 13.57 13.53 3.63 0.00 0.00 0.00 0.00 0.00 0.00 0.00 0.00 0.00 0.00 0.00 0.00 0.00 0.00 0.00 0.00 0.00 6.63 6.71 3.08 13.70 13.38 9.94 10.06 11.81 11.72 11.70 9.90 11.79 11.77
12.67 12.77 10.39 12.97 13.19 13.75 13.86 13.79 13.63 13.54 13.90 14.03 14.11 14.17 14.40 14.33 14.25 14.17 14.25 14.30 14.29 14.22 14.26 14.29 11.11 11.12 11.13 14.30 14.26 14.26 14.25 11.09 11.17 11.06 11.10 14.17 14.19 14.16 14.13 14.40 10.16 14.18 14.29 13.95 18.22 13.26 13.67 4.97 14.36 17.17 17.10 0.00 0.00 0.00 0.00 0.00 0.00 0.00 0.00 0.00 0.00 0.00 0.00 0.00 0.00 0.00 0.00 0.00 0.00 0.00 0.00 0.00 0.00 4.23 7.94 7.79 13.34 10.30 11.88 11.83 11.74 11.83 11.79
13.03 13.08 12.88 16.77 13.47 13.31 12.43 10.75 13.96 13.91 14.14 14.18 12.92 13.15 5.00 4.69 14.30 14.82 14.60 14.34 14.54 14.25 14.43 14.75 14.90 14.44 14.61 14.78 14.75 14.25 14.37 14.51 18.41 14.60 14.48 14.45 14.14 14.26 14.07 14.46 14.25 13.36 13.32 13.95 16.86 4.12 3.90 4.50 7.51 0.00 0.00 0.00 0.00 0.00 0.00 0.00 0.00 0.00 0.00 0.00 0.00 0.00 0.00 0.00 0.00 0.00 0.00 0.00 0.00 0.00 0.00 0.00 0.00 0.00 0.00 0.00 0.00 17.17 17.01 13.36 12.69 13.93 13.39
12.53 17.47 17.57 16.97 17.55 12.77 4.20 12.58 13.68 13.93 14.12 12.90 12.65 13.04 17.06 8.67 17.67 17.44 17.36 17.11 17.01 18.35 19.04 7.37 17.61 18.43 18.68 15.05 14.76 15.17 14.84 18.13 7.71 18.51 14.39 14.50 14.72 14.56 14.52 4.64 3.19 3.85 17.39 16.38 16.32 6.77 7.06 6.75 0.00 0.00 0.00 0.00 0.00 0.00 0.00 0.00 0.00 0.00 0.00 0.00 0.00 0.00 0.00 0.00 0.00 0.00 0.00 0.00 0.00 0.00 0.00 0.00 0.00 0.00 0.00 0.00 0.00 0.00 0.00 0.00 4.08 4.08 14.75
12.75 16.95 12.27 12.95 15.54 12.49 3.83 3.56 13.90 17.64 16.91 16.56 7.39 16.41 16.65 6.83 7.00 7.97 8.14 13.54 13.59 13.49 3.45 7.91 7.39 19.51 17.06 17.05 17.19 17.62 17.28 18.01 17.05 17.15 16.80 16.90 16.84 4.68 4.93 6.97 6.81 6.65 6.63 3.15 3.14 3.12 3.11 0.00 0.00 0.00 0.00 0.00 0.00 0.00 0.00 0.00 0.00 0.00 0.00 0.00 0.00 0.00 0.00 0.00 0.00 0.00 0.00 0.00 0.00 0.00 0.00 0.00 0.00 0.00 0.00 0.00 0.00 0.00 0.00 0.00 0.00 0.00 0.00
11.76 13.19 13.15 12.97 15.71 15.84 12.50 8.34 16.39 16.36 16.97 6.85 16.91 17.01 17.11 6.84 0.00 0.00 0.00 0.00 0.00 3.78 3.63 0.00 0.00 0.00 0.00 3.63 7.09 7.09 7.08 6.92 7.21 7.35 7.33 7.02 7.15 6.99 6.82 3.33 3.32 3.00 3.14 3.44 3.27 2.96 0.00 0.00 0.00 0.00 0.00 0.00 0.00 0.00 0.00 0.00 0.00 0.00 0.00 0.00 0.00 0.00 0.00 0.00 0.00 0.00 0.00 0.00 0.00 0.00 0.00 0.00 0.00 0.00 0.00 0.00 0.00 0.00 0.00 0.00 0.00 0.00 0.00
11.72 11.98 13.37 11.84 11.97 7.36 16.15 16.59 16.11 16.87 13.22 3.24 13.32 13.43 13.53 6.86 0.00 0.00 0.00 0.00 0.00 0.00 0.00 0.00 0.00 0.00 0.00 0.00 0.00 0.00 0.00 2.00 3.43 3.41 3.70 3.84 3.52 3.35 3.19 3.32 3.31 3.23 0.15 3.27 3.11 0.00 0.00 0.00 0.00 0.00 0.00 0.00 0.00 0.00 0.00 0.00 0.00 0.00 0.00 0.00 0.00 0.00 0.00 0.00 0.00 0.00 0.00 0.00 0.00 0.00 0.00 0.00 0.00 0.00 0.00 0.00 0.00 0.00 0.00 0.00 0.00 0.00 0.00
11.84 11.77 13.58 13.19 15.64 7.22 6.72 6.91 7.67 13.12 13.26 13.39 13.36 13.48 13.59 6.87 0.00 0.00 0.00 0.00 0.00 0.00 0.00 0.00 0.00 0.00 0.00 0.00 0.00 0.00 0.00 0.00 0.00 0.00 3.40 3.53 0.00 0.00 0.00 0.00 0.00 0.00 0.00 0.00 0.00 0.00 0.00 0.00 0.00 0.00 0.00 0.00 0.00 0.00 0.00 0.00 0.00 0.00 0.00 0.00 0.00 0.00 0.00 0.00 0.00 0.00 0.00 0.00 0.00 0.00 0.00 0.00 0.00 0.00 0.00 0.00 0.00 0.00 0.00 0.00 0.00 0.00 0.00
11.82 10.40 15.82 15.73 12.07 15.81 12.31 7.65 13.34 4.22 7.19 6.42 0.00 0.00 0.00 0.00 0.00 0.00 0.00 0.00 0.00 0.00 0.00 0.00 0.00 0.00 0.00 0.00 0.00 0.00 0.00 0.00 0.00 0.00 0.00 0.00 0.00 0.00 0.00 0.00 0.00 0.00 0.00 0.00 0.00 0.00 0.00 0.00 0.00 0.00 0.00 0.00 0.00 0.00 0.00 0.00 0.00 0.00 0.00 0.00 0.00 0.00 0.00 0.00 0.00 0.00 0.00 0.00 0.00 0.00 0.00 0.00 0.00 0.00 0.00 0.00 0.00 0.00 0.00 0.00 0.00 0.00 0.00
10.52 14.25 14.50 10.35 12.13 17.00 13.50 6.78 17.02 3.82 3.55 2.09 2.39 8.64 3.25 5.63 0.00 0.00 0.00 0.00 0.00 0.00 0.00 0.00 0.00 0.00 0.00 0.00 0.00 0.00 0.00 0.00 0.00 0.00 0.00 0.00 0.00 0.00 0.00 0.00 0.00 0.00 0.00 0.00 0.00 0.00 0.00 0.00 0.00 0.00 0.00 0.00 0.00 0.00 0.00 0.00 0.00 0.00 0.00 0.00 0.00 0.00 0.00 0.00 0.00 0.00 0.00 0.00 0.00 0.00 0.00 0.00 0.00 0.00 0.00 0.00 0.00 0.00 0.00 0.00 0.00 0.00 0.00
11.19 15.72 9.51 3.39 16.63 12.33 12.29 16.04 6.98 7.16 3.41 1.95 1.97 6.61 13.77 5.79 0.00 0.00 0.00 0.00 0.00 0.00 0.00 0.00 0.00 0.00 0.00 0.00 0.00 0.00 0.00 0.00 0.00 0.00 0.00 0.00 0.00 0.00 0.00 0.00 0.00 0.00 0.00 0.00 0.00 0.00 0.00 0.00 0.00 0.00 0.00 0.00 0.00 0.00 0.00 0.00 0.00 0.00 0.00 0.00 0.00 0.00 0.00 0.00 0.00 0.00 0.00 0.00 0.00 0.00 0.00 0.00 0.00 0.00 0.00 0.00 0.00 0.00 0.00 0.00 0.00 0.00 0.00
10.37 15.61 4.18 7.68 14.67 14.64 6.94 7.42 4.54 7.18 6.81 7.14 7.17 7.24 7.06 7.08 0.00 0.00 0.00 0.00 0.00 0.00 0.00 0.00 0.00 0.00 0.00 0.00 0.00 0.00 0.00 0.00 0.00 0.00 0.00 0.00 0.00 0.00 0.00 0.00 0.00 0.00 0.00 0.00 0.00 0.00 0.00 0.00 0.00 0.00 0.00 0.00 0.00 0.00 0.00 0.00 0.00 0.00 0.00 0.00 0.00 0.00 0.00 0.00 0.00 0.00 0.00 0.00 0.00 0.00 0.00 0.00 0.00 0.00 0.00 0.00 0.00 0.00 0.00 0.00 0.00 0.00 0.00
14.37 14.61 15.01 7.93 11.43 7.62 16.24 4.38 14.17 17.60 14.75 17.03 18.24 16.83 7.53 8.49 8.21 8.22 7.14 17.42 7.16 7.16 7.52 17.16 0.00 0.00 0.00 0.00 0.00 0.00 0.00 0.00 0.00 0.00 0.00 0.00 0.00 0.00 0.00 0.00 0.00 0.00 0.00 0.00 0.00 0.00 0.00 0.00 0.00 0.00 0.00 0.00 0.00 0.00 0.00 0.00 0.00 0.00 0.00 0.00 0.00 0.00 0.00 0.00 0.00 0.00 0.00 0.00 0.00 0.00 0.00 0.00 0.00 0.00 0.00 0.00 0.00 0.00 0.00 0.00 0.00 0.00 0.00
10.66 14.38 14.48 17.31 7.91 11.30 11.25 7.47 16.66 14.72 11.94 11.03 11.04 11.26 15.24 15.29 18.25 8.23 7.97 17.45 17.32 7.84 7.17 7.48 17.14 3.63 0.00 0.00 0.00 0.00 0.00 0.00 0.00 0.00 0.00 0.00 0.00 0.00 0.00 0.00 0.00 0.00 0.00 0.00 0.00 0.00 0.00 0.00 0.00 0.00 0.00 0.00 0.00 0.00 0.00 0.00 0.00 0.00 0.00 0.00 0.00 0.00 0.00 0.00 0.00 0.00 0.00 0.00 0.00 0.00 0.00 0.00 0.00 0.00 0.00 0.00 0.00 0.00 0.00 0.00 0.00 0.00 0.00
10.19 7.24 6.82 7.15 4.16 11.39 11.05 16.27 13.10 11.15 11.02 11.07 11.08 11.13 11.20 11.24 11.42 13.60 13.50 18.45 13.51 12.55 13.64 13.63 14.81 17.27 3.78 14.81 0.00 0.00 0.00 0.00 0.00 0.00 0.00 0.00 0.00 0.00 0.00 0.00 0.00 0.00 0.00 0.00 0.00 0.00 0.00 0.00 0.00 0.00 0.00 0.00 0.00 0.00 0.00 0.00 0.00 0.00 0.00 0.00 0.00 0.00 0.00 0.00 0.00 0.00 0.00 0.00 0.00 0.00 0.00 0.00 0.00 0.00 0.00 0.00 0.00 0.00 0.00 0.00 0.00 0.00 0.00
9.59 6.96 6.22 3.39 15.43 10.27 10.97 10.61 13.04 11.17 11.01 11.06 11.07 11.11 11.15 11.18 11.53 15.35 17.15 19.65 14.09 13.66 13.79 11.79 11.41 13.43 13.90 13.69 16.94 6.95 3.63 0.00 0.00 0.00 0.00 0.00 0.00 0.00 0.00 0.00 0.00 0.00 0.00 0.00 0.00 0.00 0.00 0.00 0.00 0.00 0.00 0.00 0.00 0.00 0.00 0.00 0.00 0.00 0.00 0.00 0.00 0.00 0.00 0.00 0.00 0.00 0.00 0.00 0.00 0.00 0.00 0.00 0.00 0.00 0.00 0.00 0.00 0.00 0.00 0.00 0.00 0.00 0.00
12.95 6.83 6.86 3.95 10.25 12.66 10.60 9.88 9.65 11.00 12.03 11.10 11.10 11.13 11.17 13.10 11.42 14.68 17.38 17.12 12.73 14.18 13.51 13.18 11.18 11.39 13.69 13.70 13.47 17.02 6.93 6.91 0.00 0.00 0.00 0.00 0.00 0.00 0.00 0.00 0.00 0.00 0.00 0.00 0.00 0.00 0.00 0.00 0.00 0.00 0.00 0.00 0.00 0.00 0.00 0.00 0.00 0.00 0.00 0.00 0.00 0.00 0.00 0.00 0.00 0.00 0.00 0.00 0.00 0.00 0.00 0.00 0.00 0.00 0.00 0.00 0.00 0.00 0.00 0.00 0.00 0.00 0.00
4.16 6.54 7.34 10.08 11.31 10.73 13.77 9.81 9.82 9.54 11.26 11.14 11.13 11.16 11.19 13.39 11.43 7.84 18.28 12.59 12.60 11.84 13.52 11.22 11.19 11.16 11.36 13.92 13.63 13.40 13.46 6.91 6.89 0.00 0.00 0.00 0.00 0.00 0.00 0.00 0.00 0.00 0.00 0.00 3.00 0.00 0.00 0.00 0.00 0.00 0.00 2.64 6.61 6.74 6.53 8.52 0.00 0.00 0.00 0.00 0.00 0.00 0.00 0.00 0.00 0.00 0.00 0.00 0.00 0.00 0.00 0.00 0.00 0.00 0.00 0.00 0.00 0.00 0.00 0.00 0.00 0.00 0.00
7.16 6.71 3.74 13.22 13.00 11.47 13.54 13.46 9.53 9.78 11.14 11.18 11.16 11.18 11.20 13.41 11.44 11.61 12.66 13.82 11.49 11.50 11.24 11.23 11.20 11.17 11.14 11.20 11.46 14.88 18.11 17.67 8.09 6.86 6.93 6.91 0.00 0.00 0.00 0.00 0.00 0.00 6.84 3.03 2.99 2.95 2.75 2.73 2.70 2.67 7.21 15.61 15.35 7.26 10.68 3.13 2.52 0.00 0.00 0.00 0.00 0.00 0.00 0.00 0.00 0.00 0.00 0.00 0.00 0.00 0.00 0.00 0.00 0.00 0.00 0.00 0.00 0.00 0.00 0.00 0.00 0.00 0.00
