New_Model_Runs/3_scn2_noclimate_out/post_prcessed_with_MFR/Monthly_summaries/net_infiltration_monthly_MAY.asc
NCOLS 700
NROWS 400
XLLCENTER 515000.000000
YLLCENTER 8409000.000000
CELLSIZE 50.000000
NODATA_value -999.000000
[rows 259 to 295 of 400, columns 166 to 248 of 700]
9.03 9.23 9.88 7.65 9.70 9.30 9.25 9.29 10.29 9.38 10.23 11.16 11.22 11.19 11.17 11.23 11.38 11.44 11.50 11.55 11.60 11.64 9.83 9.86 9.89 11.96 12.12 12.15 12.19 12.22 12.28 12.30 12.33 12.35 12.37 12.39 12.40 12.41 13.12 12.34 12.34 12.34 12.10 12.09 12.08 12.08 12.01 12.02 12.00 11.98 12.38 10.79 10.76 16.68 16.66 16.63 16.76 20.91 17.01 16.97 16.79 8.95 9.30 8.88 8.84 9.10 12.30 12.25 8.97 8.77 8.78 8.53 9.63 9.57 9.67 9.60 9.68 9.92 9.70 9.18 8.38 16.69 13.60
9.67 9.73 9.85 9.04 12.87 9.29 9.09 9.14 9.18 9.71 10.03 11.56 11.00 11.06 11.05 11.01 11.17 11.22 11.99 12.05 11.41 11.46 9.68 9.71 10.88 11.75 13.94 12.67 12.01 12.04 12.16 12.18 12.21 12.23 13.02 12.27 12.29 12.30 12.92 12.18 12.18 12.19 11.94 11.94 11.93 11.93 11.82 12.19 11.82 11.80 11.91 12.18 12.15 10.95 10.97 16.78 16.52 20.51 16.61 16.73 8.30 8.86 16.71 16.30 8.76 9.02 8.54 11.97 8.30 8.69 9.65 9.60 9.54 9.48 9.42 9.51 9.44 9.53 9.47 9.10 9.04 15.73 19.73
9.70 9.62 9.33 11.27 12.88 10.07 9.80 11.00 9.05 9.09 9.00 10.77 10.82 10.88 10.75 11.20 10.99 11.04 11.14 12.00 11.86 11.28 11.45 9.58 9.61 9.64 11.76 11.79 11.83 18.61 11.98 12.84 12.04 12.06 12.09 12.11 12.13 12.14 12.01 12.02 12.03 12.03 11.79 11.79 11.79 11.78 11.71 11.70 11.68 11.66 11.77 11.75 12.09 10.53 10.60 10.72 15.98 16.78 16.60 16.72 16.31 16.28 16.25 16.43 8.67 8.94 8.31 11.74 8.37 9.61 9.56 9.51 9.60 9.55 9.34 9.28 9.35 9.29 9.09 9.15 8.22 19.28 19.37
8.78 8.93 8.88 9.78 12.60 8.91 8.82 9.70 8.91 8.96 8.87 8.91 10.65 10.57 10.95 11.01 11.39 10.86 10.96 11.01 11.06 11.10 11.27 9.45 9.48 9.51 9.65 11.62 11.65 18.09 18.17 18.20 11.86 11.89 11.92 11.94 12.71 11.98 11.85 12.59 11.87 11.87 11.64 11.64 11.64 11.64 11.56 11.55 11.54 11.47 11.63 11.56 11.54 10.41 10.48 10.74 16.48 16.68 16.50 15.66 16.60 16.19 16.31 16.28 8.74 8.70 8.27 12.51 9.59 9.83 6.20 9.01 9.41 8.72 9.40 9.33 9.27 9.20 9.16 8.94 15.64 13.55 15.59
8.64 8.88 8.99 8.91 10.10 12.58 8.90 8.95 9.82 8.83 8.95 8.90 10.52 11.36 10.52 10.58 10.50 10.69 10.78 10.71 10.88 10.92 11.09 11.14 9.35 9.38 10.58 11.44 11.47 11.51 18.05 18.07 18.09 11.72 11.75 11.77 11.79 11.81 11.69 11.70 11.71 11.72 12.34 12.16 11.49 11.49 11.41 11.34 11.70 11.69 11.74 11.72 11.45 10.30 10.37 10.47 16.24 16.43 16.41 16.38 16.29 16.26 16.89 15.76 8.22 9.93 9.88 12.87 9.35 9.89 9.54 9.64 9.30 8.64 9.31 8.37 9.18 8.99 9.23 8.40 19.34 15.57 16.25
8.43 8.55 8.82 8.89 10.52 12.42 8.92 8.97 8.86 8.91 8.77 8.82 10.12 10.18 10.20 10.24 10.48 10.53 10.62 10.67 10.72 10.77 10.89 10.93 10.97 9.23 9.35 11.22 11.25 11.29 12.07 17.94 17.96 11.54 11.56 11.58 11.61 11.63 11.45 11.47 11.48 11.49 11.31 11.32 11.32 11.32 11.28 11.27 11.19 11.63 11.64 11.62 11.26 10.54 10.56 9.68 16.36 16.33 16.31 16.08 16.41 15.73 16.86 17.26 9.72 9.99 9.79 12.63 9.11 9.50 9.01 9.11 9.65 9.29 9.09 8.29 8.97 9.06 7.43 16.13 19.80 16.64 16.33
8.29 8.34 8.64 8.71 8.78 12.48 8.85 8.83 8.73 8.77 9.32 8.68 9.94 10.00 10.22 10.28 10.34 10.39 10.50 10.50 10.55 10.60 10.71 10.75 10.80 9.10 9.22 11.04 11.08 11.12 11.27 11.31 17.84 11.37 11.39 11.42 11.44 11.46 11.29 12.13 11.97 11.33 11.16 11.17 11.17 12.15 11.13 11.13 11.12 11.49 10.01 9.90 10.44 10.42 10.45 16.27 16.26 17.19 16.22 16.19 17.11 16.49 16.46 17.02 17.29 10.04 10.00 9.50 13.23 9.55 9.67 9.62 9.11 9.21 9.15 8.95 9.01 8.09 15.91 19.48 20.31 16.56 16.11
7.29 7.33 8.48 8.85 8.92 13.55 8.56 8.55 8.59 8.64 8.50 8.81 9.98 10.04 10.05 10.11 10.16 10.22 10.36 10.37 10.42 10.47 10.54 10.58 10.62 8.97 9.09 9.12 10.91 10.95 11.10 11.14 11.35 18.11 11.88 11.92 11.28 11.92 11.13 11.15 11.16 11.17 11.01 11.02 11.02 11.38 10.99 10.99 10.98 10.97 11.30 9.77 9.49 10.31 10.89 11.32 17.28 17.09 17.23 17.36 17.02 16.99 17.10 16.92 17.03 17.15 9.60 9.56 12.99 9.32 9.28 9.23 9.16 9.13 9.07 8.56 9.08 8.50 19.72 13.98 8.18 8.09 8.04
7.18 7.44 7.92 8.13 8.19 12.14 8.57 8.63 8.46 8.51 8.37 8.41 9.81 9.87 9.88 9.94 9.99 10.04 10.18 10.23 10.28 10.33 10.41 10.46 10.50 8.96 8.96 8.99 10.74 10.78 10.93 10.97 11.18 19.49 18.12 11.08 11.11 11.13 10.97 10.99 11.62 11.02 10.85 10.86 10.87 10.88 11.14 10.85 10.74 10.84 10.88 11.22 10.48 10.36 10.45 10.43 10.42 16.99 16.96 17.09 17.22 16.89 17.00 16.82 16.60 17.26 16.71 9.47 12.32 9.38 9.04 9.12 9.07 9.01 8.10 8.50 8.52 19.75 10.65 8.26 7.95 7.90 8.54
7.08 7.49 8.08 7.99 11.52 10.88 8.73 8.01 7.39 8.32 8.18 8.22 9.56 9.61 9.71 9.76 10.69 9.86 10.07 10.12 10.17 10.21 10.31 10.32 10.37 8.86 8.95 10.52 10.56 10.60 10.74 10.77 11.00 17.20 16.94 11.09 10.92 10.94 10.78 10.80 10.82 10.83 10.69 10.70 10.71 10.72 11.09 11.09 10.61 11.09 11.09 9.51 10.24 10.34 10.33 10.07 10.05 10.03 16.86 16.84 17.12 17.08 16.90 16.87 16.69 16.80 16.17 8.93 12.08 9.30 8.36 8.91 8.86 8.93 8.10 8.20 19.43 10.79 17.04 8.07 8.32 8.57 8.22
6.97 7.23 7.08 7.84 11.68 8.19 7.94 7.47 8.13 7.32 8.03 7.23 9.78 9.45 9.54 9.59 9.64 10.13 9.89 9.94 9.99 10.04 10.13 10.18 9.48 8.82 8.81 10.39 10.44 10.48 10.44 17.29 17.31 17.64 17.52 10.72 10.75 10.78 10.62 10.64 10.66 10.68 10.42 10.93 10.94 10.58 9.37 9.47 9.48 9.48 9.48 10.95 9.97 9.96 9.59 9.58 9.56 9.87 16.76 16.74 16.86 16.84 16.66 16.63 16.60 16.57 16.53 9.14 8.95 11.95 8.13 8.94 8.11 8.90 8.76 8.71 19.76 16.72 16.06 8.01 8.26 8.21 7.85
11.39 11.36 7.64 11.33 10.69 7.97 7.72 7.22 7.17 7.21 7.09 7.29 9.03 8.95 9.02 9.59 9.48 9.53 9.73 9.77 9.82 9.87 11.40 8.61 8.65 8.68 8.77 10.25 10.26 10.13 17.25 17.28 18.20 17.76 17.40 10.55 10.59 10.61 10.51 10.53 10.55 10.52 10.76 9.19 9.30 9.32 9.23 9.24 9.34 8.46 10.74 9.62 9.46 9.45 9.48 9.47 9.60 10.03 16.65 16.63 16.76 9.03 8.49 8.98 16.51 16.60 16.87 16.71 8.87 11.72 20.04 16.42 16.37 8.82 8.84 11.93 15.80 16.19 7.99 7.94 8.05 8.15 7.79
7.70 7.30 7.36 10.19 2.55 7.83 7.08 7.12 7.07 7.10 6.98 7.64 8.74 8.79 8.63 8.68 8.72 8.76 9.56 16.66 16.70 9.74 9.31 8.48 8.51 8.55 8.64 10.08 10.12 10.17 17.29 17.50 18.11 19.43 17.62 17.30 10.47 10.50 10.35 10.37 10.40 10.42 10.61 10.63 9.06 9.08 9.09 9.10 9.21 8.19 10.52 9.35 9.35 10.16 9.37 9.36 9.50 9.91 16.54 16.53 7.04 9.51 12.03 12.01 12.14 19.86 19.17 20.70 19.91 20.05 19.91 19.96 16.29 10.13 16.35 19.66 15.73 15.97 7.93 7.88 8.29 8.24 7.45
6.56 7.23 7.39 10.40 6.95 7.60 6.97 7.01 7.05 7.08 7.02 8.10 8.54 8.59 8.62 8.51 8.55 8.59 9.59 17.26 15.94 15.97 8.57 9.89 9.24 9.00 9.13 13.64 14.15 17.76 17.81 17.95 17.99 18.03 18.07 17.77 11.04 10.66 10.60 10.62 10.65 10.62 10.49 10.51 10.50 10.32 10.53 10.35 10.36 10.56 11.29 10.58 9.17 9.17 9.19 9.18 9.48 9.32 16.44 8.52 6.32 6.16 11.94 8.45 8.58 15.98 15.15 11.36 10.67 14.47 14.82 18.15 19.01 16.17 19.18 19.04 18.99 15.90 7.87 7.83 8.38 7.73 8.22
7.31 7.36 7.75 9.94 7.62 7.27 6.88 7.23 6.95 7.33 7.04 8.20 8.40 8.45 8.77 8.91 8.94 8.45 8.48 15.83 16.27 16.31 17.35 10.64 13.49 13.17 13.03 18.85 21.69 21.31 17.72 17.77 18.17 17.85 17.89 17.93 17.97 9.92 9.96 10.57 10.25 10.51 10.33 10.12 10.33 10.35 10.64 10.39 10.55 10.94 10.51 10.43 10.43 9.84 9.08 9.48 9.47 9.05 6.44 11.65 8.01 7.99 8.86 8.04 8.02 7.84 7.97 10.43 15.76 16.16 14.95 14.62 18.07 13.17 13.31 15.49 16.04 11.64 11.15 11.40 11.50 11.15 10.80
7.20 7.16 7.16 9.83 8.02 7.18 6.79 7.28 6.85 7.50 7.69 8.29 8.33 8.31 8.07 8.34 8.38 8.42 8.33 15.44 16.52 16.15 17.61 17.65 13.47 9.15 18.61 18.65 18.70 21.14 21.19 17.59 17.64 17.68 17.72 17.76 18.03 10.88 10.13 10.29 10.08 10.38 10.30 10.55 9.97 10.20 10.22 10.03 10.44 10.36 10.73 10.95 10.30 10.65 8.98 8.97 9.37 9.36 9.02 12.94 8.26 8.25 7.96 7.95 8.79 8.62 8.16 7.96 7.83 8.08 14.31 13.48 13.47 13.30 10.10 15.86 7.99 7.80 11.33 6.37 7.67 7.77 8.09
6.24 2.97 6.92 10.17 7.75 6.94 6.70 7.52 7.07 7.60 8.11 7.83 8.20 8.24 8.34 8.21 8.25 8.29 8.47 15.34 15.62 16.00 17.26 17.30 18.29 18.34 18.42 18.47 18.52 18.56 21.01 21.71 17.47 17.51 17.56 17.96 16.90 17.63 10.10 10.38 10.16 10.19 10.02 10.05 9.80 10.04 10.06 10.08 9.89 13.53 10.12 10.44 10.14 10.14 10.32 9.39 9.48 8.85 8.92 9.06 11.80 8.32 8.30 7.71 8.55 8.11 8.08 7.78 7.60 7.82 11.42 11.54 2.52 2.51 7.86 7.97 7.78 7.74 11.33 7.75 7.98 7.93 7.88
1.87 2.50 10.47 6.29 7.47 8.27 6.56 7.38 7.42 7.46 7.71 7.75 7.79 7.83 8.04 8.07 8.11 8.14 8.30 8.34 15.50 17.28 17.63 19.30 18.10 18.14 18.21 18.25 18.30 18.34 17.21 20.89 17.30 17.35 17.39 17.43 17.62 18.25 10.01 9.93 9.99 10.00 9.83 9.80 9.85 9.67 10.26 10.28 9.91 9.92 14.63 10.51 10.15 10.00 9.80 10.16 10.01 9.14 8.80 8.94 10.11 8.08 8.07 8.06 8.46 8.03 8.18 8.46 8.22 11.37 11.50 2.51 8.41 8.67 8.09 7.76 7.72 7.68 7.79 8.73 7.71 7.87 7.35
1.73 0.00 5.09 6.91 6.96 6.57 6.48 6.51 6.76 7.88 7.53 7.91 7.67 7.46 6.73 7.95 7.99 8.02 8.17 8.21 15.34 14.89 17.85 17.89 17.93 17.97 18.04 18.08 18.13 18.17 17.05 20.72 17.57 17.20 17.24 17.42 16.75 16.92 9.90 9.60 10.07 10.11 9.84 9.60 10.24 9.88 9.89 9.91 9.93 9.94 13.83 10.16 10.01 9.80 9.87 9.88 9.88 9.87 9.24 9.39 7.57 7.56 8.40 7.98 8.53 7.81 2.52 8.53 11.78 12.28 11.58 11.90 7.79 8.14 8.30 8.36 7.66 7.63 7.95 7.73 7.19 7.00 7.46
1.86 5.05 6.63 6.82 6.72 6.49 7.11 6.78 6.76 7.12 7.42 8.05 6.52 6.54 6.64 6.67 6.69 7.90 8.05 7.34 7.34 16.78 17.68 17.72 17.76 17.80 17.87 17.91 17.96 18.01 17.00 21.00 17.29 18.16 17.33 17.36 17.17 16.48 9.85 9.44 9.82 9.43 9.24 10.04 9.75 9.78 9.75 9.77 9.79 9.80 13.16 9.85 10.02 9.67 9.74 9.74 9.75 9.75 9.75 9.28 8.07 7.92 11.09 11.93 12.07 7.73 8.02 5.83 5.67 2.84 11.41 7.75 11.88 8.08 8.04 7.49 7.45 8.06 9.09 7.53 7.35 7.46 7.86
5.93 9.45 5.54 5.73 6.78 6.71 6.35 6.71 7.04 7.18 7.66 6.79 6.44 6.46 6.56 6.58 6.60 6.62 6.74 6.76 6.78 8.29 17.53 17.57 17.60 17.64 17.71 17.75 17.80 17.85 17.94 20.91 17.30 15.03 17.24 17.43 17.57 9.43 9.61 9.57 9.44 9.48 9.57 9.94 9.61 9.64 9.61 9.63 9.65 9.67 9.74 13.19 9.36 9.38 9.61 9.77 9.78 9.63 9.42 8.98 7.84 7.84 8.22 11.84 11.83 11.28 11.36 6.11 2.80 2.48 9.39 8.97 7.84 7.52 7.98 7.36 7.54 7.20 7.78 7.60 7.40 7.27 7.22
10.09 6.03 5.76 5.80 6.72 6.61 6.26 6.28 6.30 6.67 6.70 6.72 6.39 6.41 7.24 7.26 6.54 6.55 6.61 6.63 6.94 8.38 16.79 17.34 17.38 17.41 17.50 17.54 17.59 17.63 17.88 20.90 14.92 15.11 17.36 17.80 17.12 9.52 9.33 9.19 9.41 9.13 9.40 9.04 9.43 9.46 9.46 9.49 9.51 9.53 9.60 13.62 9.45 9.25 10.16 8.96 9.65 9.29 9.60 9.60 9.36 7.58 7.90 7.90 7.44 5.95 7.87 2.47 8.36 8.34 8.17 7.63 7.48 7.45 7.91 7.88 7.85 7.61 7.43 7.39 7.36 7.21 7.83
6.52 5.78 5.70 5.89 6.94 6.67 6.20 6.55 6.25 6.26 4.56 6.30 6.32 14.70 15.00 14.29 6.76 6.62 6.97 6.54 8.00 7.72 16.12 17.20 17.24 17.28 17.36 17.41 17.45 17.50 16.61 20.42 20.33 16.32 16.79 16.45 17.30 8.84 9.02 9.05 9.27 8.99 9.27 9.28 9.68 9.48 9.48 9.35 9.42 9.45 9.78 13.49 9.09 9.12 9.51 8.65 9.38 8.77 8.78 8.89 8.78 8.93 8.29 7.69 11.31 7.81 8.63 7.27 7.99 7.97 7.59 7.57 7.42 7.88 7.85 7.82 7.44 7.77 7.73 7.68 7.64 7.60 7.55
7.64 5.57 6.78 6.24 6.02 5.90 6.65 6.17 6.19 6.21 4.50 6.24 14.62 16.04 15.02 15.19 14.53 14.39 14.25 15.26 17.43 15.95 16.51 16.51 16.36 17.15 17.23 16.34 16.38 16.42 16.34 16.52 20.21 16.05 15.98 16.48 8.24 8.71 8.81 9.10 8.96 8.99 8.75 9.31 9.55 9.36 8.83 9.61 8.84 10.00 9.43 12.78 8.96 9.21 9.42 8.69 8.40 11.68 8.68 8.78 8.79 8.69 9.11 7.46 5.55 2.64 7.58 8.12 7.56 7.54 8.33 7.51 7.37 7.82 7.79 7.30 7.75 7.36 7.66 7.63 7.74 7.37 7.50
6.87 7.16 6.59 7.07 5.78 1.92 6.76 6.13 6.14 6.31 6.64 6.19 14.56 14.57 14.65 14.66 14.97 10.37 15.40 15.47 15.80 10.77 16.33 16.52 15.84 7.28 2.46 16.52 16.42 16.47 16.67 16.71 6.41 7.91 7.96 11.19 9.10 8.85 8.78 8.81 8.84 9.24 9.00 9.03 9.06 9.08 9.25 8.91 8.71 9.19 9.00 12.81 12.61 9.47 9.82 10.27 9.18 13.03 11.56 8.68 8.69 8.60 8.87 8.08 11.39 11.15 7.67 7.51 7.50 7.48 7.47 7.15 7.32 7.76 7.88 7.70 7.34 7.31 7.28 7.57 7.84 7.80 7.69
6.64 6.37 7.01 5.71 5.74 5.46 5.09 6.25 6.76 6.43 18.45 14.53 14.69 14.85 14.74 14.74 10.96 14.27 17.98 18.58 19.46 19.19 14.53 11.05 11.09 10.99 11.49 11.52 11.09 5.95 5.96 11.20 6.38 8.11 8.96 3.25 9.10 8.84 8.66 8.94 8.97 9.00 8.93 9.31 8.98 9.35 9.35 8.79 8.81 8.84 8.87 8.67 12.49 13.75 9.21 9.38 9.55 9.78 9.07 11.51 8.51 8.78 8.78 8.11 12.56 11.73 11.23 7.60 7.44 7.42 7.41 7.39 7.73 8.59 7.82 7.31 7.29 7.59 7.23 7.52 7.48 7.68 7.09
6.45 6.65 5.80 5.83 6.72 5.42 5.59 6.56 7.27 14.14 15.57 18.26 14.64 14.64 19.66 9.76 9.92 2.31 9.48 9.54 8.21 7.55 8.27 7.02 7.12 7.11 8.60 8.79 2.88 2.60 7.08 5.95 6.57 6.73 11.79 3.22 8.73 8.58 8.73 8.46 8.87 8.90 8.83 9.20 9.22 8.62 8.42 8.67 8.70 7.99 8.52 8.78 8.59 9.27 13.10 13.42 10.54 8.95 8.97 12.61 11.42 8.43 8.69 8.69 12.32 8.58 11.36 7.53 7.20 7.86 6.88 7.34 7.66 7.20 7.18 7.26 7.71 7.53 7.50 7.47 7.43 7.09 7.05
9.49 9.53 5.78 5.80 6.70 6.63 6.42 6.44 5.43 13.95 15.11 15.05 19.02 10.14 9.69 2.24 6.36 5.76 1.84 6.23 8.29 8.10 7.88 7.09 7.03 7.86 7.38 7.27 2.71 7.57 7.16 7.76 3.52 8.22 3.05 11.73 2.80 7.47 8.46 8.41 8.43 9.39 8.73 9.10 8.26 8.28 8.55 8.56 8.85 8.61 8.94 8.97 9.01 8.74 8.63 9.03 12.62 12.65 13.22 12.66 12.53 11.97 11.35 12.39 12.53 8.50 8.65 10.77 7.44 7.13 7.30 7.61 7.27 7.15 7.38 7.36 7.81 7.48 7.69 7.66 7.63 7.63 7.57
6.96 6.63 9.54 9.26 5.65 6.54 6.70 6.84 5.54 5.55 13.76 14.57 10.24 6.15 6.43 2.42 6.14 6.53 5.53 6.61 7.60 7.62 7.78 7.51 7.52 7.78 7.61 7.75 8.01 7.13 7.37 2.88 2.75 7.89 8.25 7.70 10.97 8.20 7.94 7.82 7.85 7.89 8.07 8.67 9.03 8.18 8.29 9.15 8.07 8.07 8.83 8.88 9.12 8.94 8.90 8.93 9.11 9.13 9.06 9.24 9.11 8.97 8.91 11.52 12.05 8.42 8.42 12.36 7.41 7.40 7.39 7.23 7.22 7.52 7.80 7.93 7.60 7.43 7.40 7.37 7.62 7.41 7.53
6.27 5.58 2.25 2.10 9.72 9.43 9.59 5.51 1.66 9.43 9.76 7.98 6.82 6.50 5.94 6.49 6.68 6.17 7.29 8.12 7.37 8.34 7.70 6.79 7.80 7.56 7.39 7.43 7.62 7.82 7.86 8.26 7.53 7.36 8.08 11.90 6.22 8.62 8.15 7.88 8.37 7.94 8.32 8.34 8.68 8.83 8.57 8.74 6.69 6.56 8.43 8.79 8.64 8.67 8.95 8.98 8.64 8.77 8.74 8.85 9.47 9.26 8.48 5.97 8.82 7.78 7.82 8.61 8.66 7.52 7.66 7.33 7.16 7.70 7.13 7.73 7.40 7.64 7.61 7.75 7.40 8.10 7.48
6.59 6.46 5.45 6.07 5.78 5.79 9.42 9.27 9.58 5.88 5.68 6.34 6.33 6.45 1.95 5.58 6.27 6.12 4.44 7.26 7.73 7.50 8.30 7.58 7.61 7.49 7.31 7.35 7.40 7.44 7.57 8.03 8.07 7.96 8.15 11.66 8.01 9.01 8.23 7.81 7.68 7.85 7.88 8.27 8.03 8.62 8.48 9.23 9.50 9.52 8.91 8.53 8.55 8.58 8.71 8.74 8.77 8.79 8.88 9.79 9.70 8.57 8.13 11.36 8.26 7.59 7.59 7.59 8.16 8.38 6.03 6.19 7.11 7.41 7.89 7.50 7.48 7.59 10.78 7.62 7.50 6.55 10.29
7.06 6.62 6.33 6.49 6.65 6.81 5.63 9.56 6.24 10.41 5.88 5.73 9.52 9.20 5.56 5.70 6.38 7.36 6.08 7.53 7.29 7.31 7.32 7.64 7.40 7.22 7.25 7.29 7.33 7.37 7.41 7.96 8.15 7.35 7.39 11.43 7.84 8.02 7.70 8.33 7.97 7.79 7.82 7.68 8.52 8.54 8.41 8.04 8.44 8.45 8.42 8.44 8.49 8.12 8.62 8.28 9.28 9.31 8.42 8.82 9.89 2.52 11.26 8.17 8.46 7.67 7.82 8.47 8.32 9.02 8.28 6.16 7.37 7.35 7.62 8.34 7.80 7.78 11.38 10.65 11.08 10.28 6.67
6.61 6.47 5.74 5.62 9.25 10.43 9.41 6.80 6.38 6.06 6.20 6.02 5.71 5.54 9.00 9.14 6.04 6.19 6.96 7.48 7.50 7.40 7.28 7.35 7.63 7.16 7.20 7.23 7.49 7.52 7.34 7.38 7.63 7.97 7.17 10.83 7.23 7.95 7.98 2.25 7.89 7.71 7.73 7.76 8.74 8.08 8.32 8.96 8.36 8.37 8.34 8.36 8.00 8.03 8.53 8.57 8.60 9.22 8.68 8.37 9.96 2.59 5.75 8.22 8.11 8.39 8.90 8.40 8.25 8.51 8.38 7.69 7.47 7.45 7.41 7.38 7.69 11.51 7.31 10.55 10.98 7.11 6.77
6.32 6.86 5.77 9.25 9.11 6.81 6.51 6.50 6.64 5.76 7.07 9.50 6.72 6.40 5.51 2.20 9.11 8.80 6.94 7.48 7.29 7.60 7.28 7.30 7.27 7.12 7.15 7.19 7.44 7.47 7.51 7.54 7.57 7.60 7.64 10.81 7.85 7.51 7.76 7.79 7.81 7.84 7.87 7.89 7.95 8.37 8.24 8.64 8.27 8.29 8.26 8.28 8.30 8.33 8.48 8.52 8.55 8.59 8.24 8.62 8.82 2.32 11.76 8.15 8.16 8.17 8.05 8.19 8.19 8.46 8.31 8.15 7.63 6.23 7.35 7.48 10.57 6.93 6.76 7.19 10.67 10.19 6.60
6.96 7.75 9.24 9.25 5.79 6.09 5.63 5.63 6.64 5.60 6.31 10.05 6.41 6.24 6.21 6.32 5.46 5.16 10.07 11.24 7.43 7.49 7.37 7.35 7.65 7.31 7.34 7.37 7.39 7.42 7.45 7.48 7.52 7.70 10.36 7.12 7.94 7.66 7.69 7.85 7.89 7.77 7.79 7.82 7.84 8.07 8.17 8.19 8.20 8.21 8.19 8.21 8.23 8.25 8.41 8.44 8.82 8.51 8.16 8.54 9.51 7.58 10.98 8.08 8.09 8.26 8.27 8.12 8.13 8.35 8.12 8.11 8.10 8.36 7.45 7.42 10.54 6.74 6.87 6.42 6.69 10.44 6.48
5.76 9.41 2.05 9.43 5.96 6.26 6.66 5.49 6.18 6.49 6.47 5.40 9.89 6.06 6.21 6.34 6.15 6.15 2.49 2.50 10.56 6.35 6.56 6.59 7.49 7.21 7.46 6.79 6.81 7.39 7.41 7.44 7.77 6.96 11.30 7.70 7.73 7.38 7.41 7.65 7.77 7.70 7.73 7.75 7.82 5.71 8.48 8.12 8.14 8.15 8.12 8.14 8.16 8.18 8.34 8.37 8.41 8.45 8.48 8.51 9.45 9.47 6.27 8.03 8.33 2.87 7.65 8.06 7.36 8.88 8.07 8.36 8.35 8.33 8.62 8.16 10.35 6.71 7.48 6.37 6.34 10.24 10.14
6.54 9.28 2.87 10.04 5.97 6.27 6.62 6.22 6.37 6.35 6.63 5.42 10.88 6.22 6.19 6.02 6.00 6.00 7.44 7.76 3.11 6.15 10.33 6.42 2.56 7.17 7.44 7.06 6.78 7.35 7.37 7.27 7.35 7.60 11.25 7.65 7.82 7.70 7.35 7.37 7.55 7.78 7.66 7.68 7.49 5.65 5.67 8.44 8.45 6.50 9.07 8.07 8.09 8.12 8.61 8.31 8.34 8.38 8.41 8.45 8.47 8.50 12.40 7.96 8.11 8.13 7.99 7.86 7.87 8.15 8.15 8.31 8.30 7.83 7.82 8.26 11.58 6.83 6.85 6.32 6.44 6.57 10.02
