New_Model_Runs/3_scn2_noclimate_out/post_prcessed_with_MFR/Monthly_summaries/net_infiltration_monthly_JUN.asc
NCOLS 700
NROWS 400
XLLCENTER 515000.000000
YLLCENTER 8409000.000000
CELLSIZE 50.000000
NODATA_value -999.000000
[rows 74 to 110 of 400, columns 420 to 503 of 700]
0.00 0.00 0.00 0.00 0.00 0.00 0.00 0.00 0.00 0.00 0.00 0.00 0.00 0.00 0.00 0.00 0.00 0.00 0.00 0.00 0.00 0.00 0.00 0.00 0.00 0.00 0.00 0.00 0.00 0.00 0.00 0.00 0.00 0.00 0.00 0.00 0.00 0.00 0.00 0.00 0.00 0.00 0.00 0.00 0.00 0.00 0.00 0.00 0.00 0.00 0.00 0.00 0.00 0.00 0.00 0.00 0.00 0.00 0.00 0.00 0.00 0.00 0.00 0.00 0.00 0.00 0.00 0.00 0.00 0.00 0.00 0.00 0.00 0.00 0.00 0.00 0.00 0.00 0.00 0.00 0.00 0.00 0.00 0.00
0.00 0.00 0.00 0.00 0.00 0.00 0.00 0.00 0.00 0.00 0.00 0.00 0.00 0.00 0.00 0.00 0.00 0.00 0.00 0.00 0.00 0.00 0.00 0.00 0.00 0.00 0.00 0.00 0.00 0.00 0.00 0.00 0.00 0.00 0.00 0.00 0.00 0.00 0.00 0.00 0.00 0.00 0.00 0.00 0.00 0.00 0.00 0.00 0.00 0.00 0.00 0.00 0.00 0.00 0.00 0.00 0.00 0.00 0.00 0.00 0.00 0.00 0.00 0.00 0.00 0.00 0.00 0.00 0.00 0.00 0.00 0.00 0.00 0.00 0.00 0.00 0.00 0.00 0.00 0.00 0.00 0.00 0.00 0.00
0.00 0.00 0.00 0.00 0.00 0.00 0.00 0.00 0.00 0.00 0.00 0.00 0.00 0.00 0.00 0.00 0.00 0.00 0.00 0.00 0.00 0.00 0.00 0.00 0.00 0.00 0.00 0.00 0.00 0.00 0.00 0.00 0.00 0.00 0.00 0.00 0.00 0.00 0.00 0.00 0.00 0.00 0.00 0.00 0.00 0.00 0.00 0.00 0.00 0.00 0.00 0.00 0.00 0.00 0.00 0.00 0.00 0.00 0.00 0.00 0.00 0.00 0.00 0.00 0.00 0.00 0.00 0.00 0.00 0.00 0.00 0.00 0.00 0.00 0.00 0.00 0.00 0.00 0.00 0.00 0.00 0.00 0.00 0.00
0.00 0.00 0.00 0.00 0.00 0.00 0.00 0.00 0.00 0.00 0.00 0.00 0.00 0.00 0.00 0.00 0.00 0.00 0.00 0.00 0.00 0.00 0.00 0.00 0.00 0.00 0.00 0.00 0.00 0.00 0.00 0.00 0.00 0.00 0.00 0.00 0.00 0.00 0.00 0.00 0.00 0.00 0.00 0.00 0.00 0.00 0.00 0.00 0.00 0.00 0.00 0.00 0.00 0.00 0.00 0.00 0.00 0.00 0.00 0.00 0.00 0.00 0.00 0.00 0.00 0.00 0.00 0.00 0.00 0.00 0.00 0.00 0.00 0.00 0.00 0.00 0.00 0.00 0.00 0.00 0.00 0.00 0.00 0.00
0.00 0.00 0.00 0.00 0.00 0.00 0.00 0.00 0.00 0.00 0.00 2.00 0.00 0.00 0.00 0.00 0.00 0.00 0.00 0.00 0.00 0.00 0.00 0.00 0.00 0.00 0.00 0.00 0.00 0.00 0.00 0.00 0.00 0.00 0.00 0.00 0.00 0.00 0.00 0.00 0.00 0.00 0.00 0.00 0.00 0.00 0.00 0.00 0.00 0.00 0.00 0.00 0.00 0.00 0.00 0.00 0.00 0.00 0.00 0.00 0.00 0.00 0.00 0.00 0.00 0.00 0.00 0.00 0.00 0.00 0.00 0.00 0.00 0.00 0.00 0.00 0.00 0.00 0.00 0.00 0.00 0.00 0.00 0.00
0.00 0.00 0.00 0.00 0.00 0.00 0.00 0.00 0.00 0.00 0.00 3.42 0.00 0.00 0.00 0.00 0.00 0.00 0.00 0.00 0.00 0.00 0.00 0.00 0.00 0.00 0.00 0.00 0.00 0.00 0.00 0.00 0.00 0.00 0.00 0.00 0.00 0.00 0.00 0.00 0.00 0.00 0.00 0.00 0.00 0.00 0.00 0.00 0.00 0.00 0.00 0.00 0.00 0.00 0.00 0.00 0.00 0.00 0.00 0.00 0.00 0.00 0.00 0.00 0.00 0.00 0.00 0.00 0.00 0.00 0.00 0.00 0.00 0.00 0.00 0.00 0.00 0.00 0.00 0.00 0.00 0.00 0.00 0.00
0.00 0.00 0.00 0.00 0.00 0.00 0.00 0.00 0.00 0.00 2.13 3.85 0.00 0.00 0.00 0.00 0.00 0.00 0.00 0.00 0.00 0.00 0.00 0.00 0.00 0.00 0.00 0.00 0.00 0.00 0.00 0.00 0.00 0.00 0.00 0.00 0.00 0.00 0.00 0.00 0.00 0.00 0.00 0.00 0.00 0.00 0.00 0.00 0.00 0.00 0.00 0.00 0.00 0.00 0.00 0.00 0.00 0.00 0.00 0.00 0.00 0.00 0.00 0.00 0.00 0.00 0.00 0.00 0.00 0.00 0.00 0.00 0.00 0.00 0.00 0.00 0.00 0.00 0.00 0.00 0.00 0.00 0.00 0.00
0.00 0.00 0.00 0.00 0.00 0.00 0.00 0.00 0.00 2.20 3.94 3.91 2.14 0.00 0.00 0.00 0.00 0.00 0.00 0.00 0.00 0.00 0.00 0.00 0.00 0.00 0.00 0.00 0.00 0.00 0.00 0.00 0.00 0.00 0.00 0.00 0.00 0.00 0.00 0.00 0.00 0.00 0.00 0.00 0.00 0.00 0.00 0.00 0.00 0.00 0.00 0.00 0.00 0.00 0.00 0.00 0.00 0.00 0.00 0.00 0.00 0.00 0.00 0.00 0.00 0.00 0.00 0.00 0.00 0.00 0.00 0.00 0.00 0.00 0.00 0.00 0.00 0.00 0.00 0.00 0.00 0.00 0.00 0.00
4.33 4.31 0.00 0.00 0.00 0.00 0.00 4.14 4.05 4.31 4.00 3.97 3.93 0.00 0.00 0.00 0.00 0.00 0.00 0.00 0.00 0.00 0.00 0.00 0.00 0.00 0.00 0.00 0.00 0.00 0.00 0.00 0.00 0.00 0.00 0.00 0.00 0.00 0.00 0.00 0.00 0.00 0.00 0.00 0.00 0.00 0.00 0.00 0.00 0.00 0.00 0.00 0.00 0.00 0.00 0.00 2.84 0.00 0.00 0.00 0.00 0.00 0.00 0.00 0.00 0.00 0.00 0.00 0.00 0.00 0.00 0.00 0.00 0.00 0.00 0.00 0.00 0.00 0.00 0.00 0.00 0.00 0.00 0.00
4.40 4.38 4.36 0.00 0.00 0.00 4.52 4.49 4.11 4.37 4.06 4.03 2.25 0.00 0.00 0.00 0.00 0.00 0.00 0.00 0.00 0.00 0.00 0.00 0.00 0.00 0.00 0.00 0.00 0.00 0.00 0.00 0.00 0.00 0.00 0.00 0.00 0.00 0.00 0.00 0.00 0.00 0.00 0.00 0.00 0.00 0.00 0.00 0.00 0.00 0.00 0.00 0.00 0.00 0.00 0.00 4.99 0.00 0.00 0.00 0.00 0.00 0.00 0.00 0.00 0.00 0.00 0.00 0.00 4.90 3.07 0.00 0.00 0.00 0.00 0.00 0.00 0.00 0.00 0.00 0.00 0.00 0.00 0.00
4.75 4.42 4.39 4.37 4.28 4.26 4.23 4.21 4.16 4.14 4.11 4.08 2.30 0.00 0.00 0.00 0.00 0.00 0.00 0.00 0.00 0.00 0.00 0.00 0.00 0.00 0.00 0.00 0.00 0.00 0.00 0.00 0.00 0.00 0.00 0.00 0.00 0.00 0.00 0.00 0.00 0.00 0.00 0.00 0.00 0.00 0.00 0.00 0.00 0.00 0.00 0.00 0.00 0.00 0.00 0.00 5.11 5.09 0.00 0.00 0.00 0.00 0.00 0.00 0.00 0.00 0.00 0.00 4.96 4.78 4.20 0.00 0.00 0.00 0.00 0.00 0.00 0.00 0.00 0.00 0.00 0.00 0.00 0.00
4.51 4.49 4.46 4.44 4.35 4.32 4.30 4.27 4.23 4.20 4.17 4.15 2.35 0.00 0.00 0.00 0.00 0.00 0.00 0.00 0.00 0.00 0.00 0.00 0.00 0.00 0.00 2.03 4.51 2.00 0.00 0.00 0.00 0.00 0.00 0.00 0.00 0.00 0.00 0.00 0.00 0.00 0.00 0.00 0.00 0.00 0.00 0.00 0.00 0.00 0.00 0.00 0.00 0.00 0.00 0.00 5.19 5.17 0.00 0.00 0.00 0.00 0.00 0.00 0.00 0.00 0.00 2.91 5.09 4.87 4.28 3.23 0.00 0.00 0.00 0.00 0.00 0.00 0.00 0.00 0.00 0.00 0.00 0.00
4.58 4.87 4.53 4.50 5.24 4.39 4.36 4.33 4.29 4.26 4.23 4.21 4.28 0.00 0.00 0.00 0.00 0.00 0.00 0.00 0.00 0.00 0.00 0.00 0.00 0.00 0.00 3.86 3.83 4.56 0.00 0.00 0.00 0.00 0.00 0.00 0.00 0.00 0.00 0.00 0.00 0.00 0.00 0.00 0.00 2.93 2.89 0.00 0.00 0.00 0.00 0.00 0.00 0.00 0.00 0.00 5.28 5.26 5.24 0.00 0.00 0.00 0.00 0.00 0.00 0.00 0.00 4.96 4.99 4.96 4.37 4.34 3.29 0.00 0.00 0.00 0.00 0.00 0.00 0.00 0.00 4.03 4.00 0.00
4.64 4.62 4.91 4.57 4.47 4.45 4.42 4.40 4.35 4.32 4.29 4.27 4.34 0.00 0.00 0.00 0.00 0.00 0.00 0.00 0.00 0.00 0.00 0.00 0.00 0.00 4.41 3.92 3.89 3.87 0.00 0.00 0.00 0.00 0.00 0.00 0.00 0.00 0.00 0.00 0.00 0.00 0.00 0.00 0.00 5.89 2.96 2.95 0.00 0.00 0.00 0.00 0.00 0.00 0.00 0.00 5.36 5.35 5.32 5.30 5.22 0.00 6.00 5.15 5.13 5.10 0.00 5.21 5.08 5.05 4.45 4.42 4.40 0.00 0.00 0.00 0.00 0.00 0.00 0.00 4.15 4.11 4.08 4.05
4.67 4.98 4.95 4.60 4.52 4.50 4.47 4.44 4.50 4.47 4.44 4.41 4.49 0.00 0.00 0.00 0.00 0.00 0.00 0.00 0.00 0.00 0.00 0.00 0.00 2.22 4.00 3.98 3.96 0.00 0.00 0.00 0.00 0.00 0.00 0.00 0.00 0.00 0.00 0.00 0.00 0.00 0.00 0.00 0.00 5.50 5.48 5.46 3.01 3.01 0.00 0.00 0.00 0.00 0.00 0.00 5.77 5.61 5.20 5.18 5.29 5.27 5.25 5.22 5.17 5.14 5.15 5.31 5.06 5.45 4.54 4.51 4.55 0.00 0.00 0.00 0.00 0.00 0.00 4.31 4.48 4.20 4.16 4.13
4.74 4.71 4.69 4.66 4.59 4.87 4.53 4.50 4.56 4.53 4.50 4.47 4.55 0.00 0.00 0.00 0.00 0.00 0.00 0.00 0.00 0.00 2.33 0.00 0.00 4.36 4.06 4.04 4.02 0.00 0.00 0.00 0.00 0.00 0.00 0.00 0.00 0.00 0.00 0.00 0.00 0.00 0.00 0.00 0.00 5.58 5.56 5.54 5.56 5.54 0.00 0.00 0.00 0.00 0.00 0.00 5.73 5.31 5.29 5.27 5.38 5.36 5.65 5.32 5.30 5.23 5.20 5.18 5.18 5.12 4.62 4.59 4.64 4.88 0.00 0.00 0.00 0.00 4.43 4.39 4.32 4.28 4.24 4.20
4.80 4.78 4.75 4.73 4.65 4.62 4.59 4.57 4.62 4.59 4.56 4.53 5.71 0.00 0.00 0.00 0.00 0.00 0.00 0.00 2.60 4.30 4.27 4.25 4.16 4.14 4.11 4.09 0.00 0.00 0.00 0.00 0.00 0.00 0.00 0.00 0.00 0.00 0.00 0.00 0.00 0.00 0.00 0.00 3.19 5.66 5.64 5.63 5.64 5.62 0.00 0.00 0.00 0.00 0.00 0.00 0.00 5.39 5.37 5.35 5.24 5.22 5.20 5.41 5.34 5.32 5.29 5.27 5.24 5.21 4.71 4.68 4.72 4.99 4.66 4.62 0.00 4.54 4.51 4.48 4.40 4.37 4.33 4.29
4.87 4.84 4.81 4.79 4.71 4.68 4.65 4.63 4.68 4.65 4.62 4.59 5.78 5.74 0.00 0.00 0.00 0.00 0.00 4.44 4.38 4.35 4.33 4.30 4.34 4.32 4.17 4.15 0.00 0.00 0.00 0.00 0.00 0.00 0.00 0.00 0.00 0.00 0.00 0.00 0.00 0.00 0.00 0.00 0.00 5.74 5.72 5.71 5.73 0.00 0.00 0.00 0.00 0.00 0.00 0.00 5.49 5.48 5.46 5.44 5.33 5.31 5.29 5.27 5.21 5.41 5.39 5.36 5.33 5.30 4.80 5.06 4.81 4.78 4.75 4.71 4.66 4.63 4.60 4.57 4.49 4.45 4.42 4.38
4.91 4.88 4.86 4.83 4.80 4.77 4.74 4.71 4.81 4.78 4.75 5.84 5.89 6.27 0.00 0.00 0.00 0.00 0.00 4.83 4.41 4.38 4.65 4.48 4.44 4.57 4.25 0.00 0.00 0.00 0.00 0.00 0.00 0.00 0.00 0.00 0.00 0.00 0.00 0.00 0.00 0.00 0.00 0.00 0.00 5.86 5.85 5.83 0.00 0.00 0.00 0.00 0.00 0.00 0.00 0.00 6.15 5.55 5.53 5.52 5.34 5.32 5.30 5.69 5.65 5.21 5.41 5.39 5.25 5.22 4.94 4.91 5.25 5.25 4.90 4.87 4.84 4.80 4.77 4.74 4.70 4.66 4.62 4.58
4.97 4.95 4.92 5.23 4.86 4.83 4.80 4.77 4.87 4.84 5.95 6.34 5.96 5.92 6.68 0.00 0.00 0.00 0.00 4.72 4.46 4.43 4.41 4.38 4.35 4.32 4.30 0.00 0.00 0.00 0.00 0.00 0.00 0.00 0.00 0.00 0.00 0.00 0.00 0.00 0.00 0.00 0.00 0.00 0.00 0.00 5.93 5.91 0.00 0.00 0.00 0.00 0.00 0.00 0.00 6.64 6.26 5.64 5.62 5.60 5.42 5.40 5.38 5.36 5.32 5.30 5.83 5.25 5.33 5.31 5.03 5.00 5.06 5.03 5.00 4.96 4.93 4.89 4.86 4.83 4.79 4.75 4.71 4.67
5.03 5.01 4.98 4.95 4.92 4.89 4.86 4.83 5.46 4.90 6.03 6.79 4.87 4.84 4.81 5.92 4.81 5.66 5.79 5.75 4.51 4.49 4.46 4.43 4.40 4.38 4.35 0.00 0.00 0.00 0.00 0.00 0.00 0.00 0.00 0.00 0.00 0.00 0.00 0.00 0.00 0.00 0.00 0.00 0.00 0.00 6.01 5.99 6.01 6.00 0.00 0.00 0.00 0.00 6.60 6.58 6.36 5.72 6.27 6.39 5.51 5.49 5.47 5.89 5.41 5.81 5.78 5.34 5.42 5.40 5.12 5.09 5.15 5.12 5.09 5.20 6.20 6.17 9.49 5.20 4.87 0.00 0.00 0.00
5.09 5.40 5.03 5.01 4.97 4.94 4.91 5.22 4.99 4.95 4.92 4.89 4.93 4.89 4.86 4.83 5.49 5.45 6.26 5.81 4.57 4.54 4.51 4.49 4.45 4.43 4.41 0.00 0.00 0.00 0.00 0.00 0.00 0.00 0.00 0.00 0.00 0.00 0.00 0.00 0.00 0.00 0.00 0.00 0.00 0.00 5.85 5.17 5.86 6.65 6.64 6.06 6.05 6.73 6.71 6.69 6.46 5.81 5.79 6.15 5.59 5.57 5.55 5.53 5.49 5.47 5.45 5.42 5.51 5.48 5.17 5.14 5.21 5.64 5.95 7.57 6.24 9.07 0.00 0.00 0.00 0.00 0.00 0.00
5.18 5.15 5.39 5.10 5.01 4.98 4.95 4.92 5.01 4.98 4.95 4.92 4.99 4.96 4.93 4.90 5.10 5.59 6.03 5.88 4.60 4.57 4.55 4.78 4.54 5.28 5.26 0.00 0.00 0.00 0.00 0.00 0.00 0.00 0.00 0.00 0.00 0.00 0.00 0.00 0.00 0.00 0.00 0.00 0.00 0.00 6.37 5.41 5.84 6.73 5.90 5.89 5.89 6.72 6.71 6.69 5.79 5.77 5.75 6.13 5.68 5.66 5.64 5.62 5.73 5.71 5.69 5.66 5.77 5.75 5.44 5.41 5.93 6.04 7.00 6.28 4.24 0.00 0.00 0.00 0.00 0.00 0.00 0.00
5.50 5.21 5.18 5.15 5.06 5.03 5.00 4.97 5.07 5.03 5.00 4.97 5.04 5.01 4.98 6.38 6.18 6.69 6.12 5.94 4.65 4.63 4.60 4.58 7.60 5.35 5.32 0.00 0.00 0.00 0.00 0.00 0.00 0.00 0.00 0.00 0.00 0.00 0.00 0.00 0.00 0.00 0.00 0.00 0.00 6.49 5.92 5.50 5.91 6.81 5.89 5.88 6.71 6.70 6.68 5.86 5.87 5.85 5.84 5.82 5.76 5.74 5.73 5.71 5.82 5.80 5.77 5.75 5.86 5.83 5.53 6.13 6.28 6.70 6.21 9.24 0.00 0.00 0.00 0.00 0.00 0.00 0.00 0.00
5.29 5.26 5.50 5.20 5.11 5.09 5.06 5.02 5.12 5.09 5.05 5.02 5.10 5.06 6.34 6.30 6.12 6.77 6.92 6.01 4.71 4.68 5.44 5.41 5.44 5.49 5.39 0.00 0.00 0.00 0.00 0.00 0.00 0.00 0.00 0.00 0.00 0.00 0.00 0.00 0.00 0.00 0.00 0.00 6.60 6.00 5.99 5.98 5.98 6.91 5.96 5.95 6.80 6.78 5.87 5.94 5.95 5.93 5.92 5.90 5.84 5.83 5.81 5.79 5.90 5.88 5.86 5.83 5.95 5.92 5.62 6.13 6.87 7.82 9.40 0.15 0.00 0.00 0.00 0.00 0.00 0.00 0.00 0.00
5.34 5.31 5.28 5.52 5.16 5.13 5.10 5.07 5.17 5.14 5.10 5.07 5.15 6.33 6.29 6.25 6.30 6.26 6.10 6.07 5.55 5.53 5.50 5.47 5.50 5.48 5.46 0.00 0.00 0.00 0.00 0.00 0.00 0.00 0.00 0.00 0.00 0.00 0.00 0.00 0.00 0.00 0.00 0.00 6.08 6.47 5.37 6.05 7.01 7.00 6.04 6.98 6.89 6.88 6.75 5.93 6.03 6.02 6.00 5.98 5.93 5.91 5.89 5.88 5.99 5.96 5.94 5.91 6.03 6.68 9.78 9.89 9.20 9.26 0.15 0.00 0.00 0.00 0.00 0.00 0.00 0.00 0.00 0.00
5.39 5.37 5.54 5.31 5.20 5.17 5.14 5.11 5.21 5.18 5.15 5.11 5.19 6.39 6.35 6.31 6.16 5.99 8.26 5.70 5.59 5.57 5.54 5.52 5.64 5.62 0.00 0.00 0.00 0.00 0.00 0.00 0.00 0.00 0.00 0.00 0.00 0.00 0.00 0.00 0.00 0.00 0.00 6.20 6.96 6.13 5.46 5.45 7.03 7.01 7.00 6.99 6.76 5.94 5.92 6.38 5.87 5.86 6.08 6.06 5.90 5.89 5.96 5.94 5.93 5.91 5.89 5.95 5.95 10.38 11.08 5.86 2.92 6.55 0.00 0.00 0.00 0.00 0.00 0.00 0.00 0.00 0.00 0.00
6.74 5.41 6.43 5.36 5.25 5.22 5.19 5.16 5.26 5.23 5.19 5.16 6.49 6.45 6.41 6.37 6.21 6.93 7.84 5.76 5.65 5.63 5.61 5.59 5.71 5.68 0.00 0.00 0.00 0.00 0.00 0.00 0.00 0.00 0.00 6.43 6.40 6.39 0.00 0.00 6.31 6.30 6.50 6.27 6.21 5.55 5.54 5.53 7.12 7.11 7.10 7.09 5.93 6.28 6.48 5.90 5.87 5.94 5.92 5.91 5.98 5.97 6.87 6.84 6.94 5.99 5.97 6.07 10.52 3.56 3.02 3.15 2.98 2.12 9.33 0.00 0.00 0.00 0.00 0.00 0.00 0.00 0.00 0.00
5.92 5.67 5.85 5.82 5.29 5.26 5.23 5.48 5.30 5.27 5.24 6.45 6.54 6.50 6.91 7.21 7.04 7.00 7.36 5.82 5.71 5.69 5.67 5.65 5.77 5.75 0.00 0.00 0.00 0.00 0.00 0.00 0.00 0.00 0.00 6.51 6.48 6.46 6.45 6.43 6.38 6.37 5.94 6.81 5.57 5.63 5.62 5.62 7.21 7.20 8.05 6.18 6.00 6.57 5.99 5.98 5.94 5.93 5.92 5.90 6.06 6.04 6.96 6.94 7.04 7.01 10.50 10.77 3.23 1.63 2.29 3.05 3.03 5.94 2.97 4.10 0.00 0.00 0.00 0.00 0.00 0.00 0.00 0.00
5.96 5.49 5.47 5.44 5.54 5.30 5.27 5.24 5.35 5.31 5.28 6.50 6.60 7.36 7.32 7.27 7.10 7.07 7.03 5.88 5.77 5.75 5.73 5.71 5.84 5.82 0.00 0.00 0.00 0.00 0.00 0.00 0.00 0.00 0.00 6.58 6.55 7.05 6.52 6.51 6.34 6.44 6.43 6.42 5.20 6.34 7.38 7.36 7.31 7.60 7.28 7.27 6.07 6.07 6.06 6.05 6.01 6.00 5.99 5.98 6.13 6.12 7.06 7.04 7.45 10.84 6.91 1.89 1.20 1.19 2.33 2.36 2.35 5.28 7.02 2.84 4.10 0.00 0.00 0.00 0.00 0.00 0.00 0.00
5.52 6.63 5.47 5.44 5.41 5.38 5.35 5.32 5.36 5.33 5.30 5.48 7.29 7.25 7.20 7.16 7.02 6.99 6.96 5.82 5.91 5.89 5.87 5.85 5.98 5.96 7.04 0.00 0.00 0.00 0.00 0.00 0.00 0.00 7.87 7.96 6.61 6.59 6.58 6.57 6.48 6.46 6.58 6.44 7.45 7.43 7.42 7.72 7.27 7.26 7.25 7.24 6.14 6.14 6.13 6.12 6.30 6.29 6.28 6.27 6.38 7.41 7.44 10.92 11.22 7.45 1.93 1.92 1.22 1.01 2.37 2.36 2.34 3.95 1.68 5.18 10.80 6.36 0.00 0.00 0.00 0.00 0.00 0.00
5.56 5.53 6.60 5.48 5.45 5.42 5.39 5.36 5.40 5.37 8.83 6.16 8.38 7.30 7.26 7.22 7.09 7.06 5.90 5.88 5.97 5.95 5.93 5.92 6.04 6.48 6.00 0.00 0.00 0.00 0.00 0.00 0.00 0.00 2.74 8.05 7.84 7.82 6.60 6.58 6.54 6.22 6.42 7.61 7.54 7.53 7.93 7.49 7.36 7.67 7.34 7.33 6.21 6.21 6.20 6.19 7.43 7.41 7.39 7.22 7.53 7.51 7.54 9.10 6.38 6.36 6.34 1.95 1.94 1.24 2.41 2.54 2.53 3.71 7.35 10.64 7.02 6.41 6.50 9.97 3.66 0.00 0.00 0.00
5.80 5.57 5.54 5.51 5.48 5.45 5.42 5.39 10.74 7.03 6.23 6.20 6.18 6.14 6.11 7.28 7.15 5.97 5.95 5.93 6.03 6.01 5.99 5.98 6.10 6.08 9.78 5.45 0.00 0.00 0.00 0.00 0.00 3.80 1.69 6.84 8.30 8.03 7.26 6.59 6.56 6.55 6.59 8.05 7.64 7.95 7.60 7.58 7.45 7.44 7.43 7.42 6.28 6.27 7.28 7.27 7.52 7.50 7.49 7.47 7.63 7.66 11.23 6.48 6.46 6.58 7.17 6.39 1.97 1.26 2.45 9.54 10.45 10.50 6.94 6.84 6.23 6.05 6.01 5.96 6.36 6.32 10.98 0.00
5.62 5.60 5.57 5.54 5.51 5.48 5.46 6.29 6.88 6.31 6.27 6.77 6.74 6.19 6.16 6.13 6.04 6.02 6.00 5.98 6.08 6.07 6.05 6.73 6.65 6.18 10.04 7.09 5.94 9.69 5.69 5.52 5.52 1.86 7.20 8.06 6.10 6.68 6.67 6.66 6.63 6.62 6.60 7.79 7.73 8.04 7.69 7.68 7.54 7.53 8.10 8.06 6.35 6.34 6.33 7.36 7.61 7.90 7.58 7.56 11.34 9.40 7.75 6.55 7.31 10.00 10.77 10.60 10.89 10.94 10.54 7.15 6.89 7.15 6.28 6.24 6.16 6.13 6.08 6.04 6.51 5.99 6.78 6.86
9.48 9.42 5.57 5.55 5.53 6.38 6.90 6.32 6.30 6.27 6.24 6.20 6.14 6.63 6.10 6.08 6.12 6.12 6.10 6.09 6.25 6.24 6.22 6.21 6.30 11.11 6.32 7.52 2.41 2.26 5.98 5.69 2.42 7.20 7.93 8.04 6.75 6.77 6.76 6.74 6.62 6.60 6.59 7.86 7.72 9.65 6.56 7.67 7.58 6.48 6.42 6.46 6.55 6.55 6.54 6.53 6.67 6.66 6.65 7.83 11.47 3.81 3.80 7.30 10.87 6.59 6.58 7.66 7.45 7.41 7.24 7.22 6.79 6.99 6.29 6.25 6.18 6.61 6.09 6.05 6.14 6.10 6.92 6.84
5.14 5.12 5.10 5.08 5.07 6.41 6.93 6.35 6.34 6.30 6.27 6.24 6.71 6.68 6.13 6.12 6.17 6.15 6.13 6.12 6.30 6.29 6.27 6.26 6.35 11.40 7.48 7.17 7.44 2.43 2.20 10.49 7.40 7.24 7.22 8.08 7.30 6.70 6.75 6.73 6.68 6.67 6.66 6.65 6.40 6.59 6.58 6.56 6.55 6.54 6.53 6.52 6.61 6.60 6.60 6.59 6.67 6.66 6.65 7.97 7.36 3.85 3.84 6.51 9.73 7.21 6.59 6.62 6.52 7.57 7.10 7.29 7.21 7.07 6.36 6.32 6.73 6.21 6.16 6.12 6.21 6.32 6.12 6.68
5.16 5.14 5.12 5.10 5.09 5.07 6.41 6.38 6.37 6.33 6.84 6.27 6.21 6.71 6.16 6.14 6.21 6.19 6.18 6.17 6.35 6.34 6.32 6.31 7.78 6.10 7.41 7.24 7.66 2.47 6.78 11.95 7.33 8.47 7.20 8.29 10.34 8.07 6.42 6.79 6.74 6.73 6.72 6.71 6.60 6.44 6.64 6.63 6.56 6.60 6.59 6.58 6.62 6.61 6.61 6.60 6.73 6.72 8.14 10.56 5.94 6.55 7.47 9.82 7.85 8.38 7.25 7.23 6.58 7.08 8.96 7.37 6.96 6.46 6.62 6.39 6.32 6.27 6.23 6.19 6.28 6.39 6.56 6.57
