New_Model_Runs/3_scn2_noclimate_out/post_prcessed_with_MFR/Monthly_summaries/net_infiltration_monthly_FEB.asc
NCOLS 700
NROWS 400
XLLCENTER 515000.000000
YLLCENTER 8409000.000000
CELLSIZE 50.000000
NODATA_value -999.000000
[rows 185 to 221 of 400, columns 246 to 327 of 700]
7.51 7.52 7.55 7.57 7.60 7.62 7.68 7.70 7.72 7.75 7.74 8.46 7.78 7.81 7.79 7.82 7.84 8.87 8.88 7.90 7.92 8.74 7.90 7.92 7.95 7.98 7.91 7.94 7.96 7.99 8.02 8.05 8.08 8.11 8.31 11.58 11.61 11.65 11.83 14.83 14.89 11.93 12.01 12.04 12.08 13.94 15.33 15.32 12.23 12.30 14.23 12.34 12.37 15.53 15.30 12.22 12.24 12.27 12.02 12.04 12.06 12.08 11.95 11.96 11.98 11.99 12.03 12.04 12.05 12.06 12.11 12.11 12.12 12.12 12.27 12.26 12.26 12.26 12.32 12.32 12.31 12.31
8.20 7.58 7.62 7.64 7.66 7.68 7.74 7.76 7.72 7.75 7.79 7.82 7.79 7.81 7.85 7.87 7.90 7.92 7.93 7.95 7.98 8.00 7.95 7.98 8.00 8.03 7.96 7.99 8.01 8.68 8.07 8.10 8.13 8.16 8.36 8.39 11.67 11.70 13.42 14.91 14.96 15.74 13.71 12.09 15.22 16.39 16.48 15.41 13.95 12.34 12.30 14.01 12.35 12.38 12.23 12.26 12.28 12.30 12.06 12.08 12.10 15.13 11.98 11.99 12.00 12.01 12.06 12.06 12.07 12.08 12.13 12.13 12.13 12.13 12.28 12.28 12.27 12.27 12.33 12.32 12.32 12.31
7.63 8.28 7.68 7.70 7.72 7.74 7.74 7.76 7.78 7.80 7.80 9.05 7.85 7.87 7.90 7.93 7.95 7.98 7.98 8.01 8.03 8.06 8.01 8.03 8.05 8.08 8.01 8.04 8.06 8.09 8.12 8.15 8.17 8.20 8.41 8.43 8.46 9.08 11.93 14.99 12.00 13.66 12.10 12.14 15.28 15.40 15.42 15.50 15.49 14.01 12.34 12.37 12.39 12.42 12.26 12.29 13.98 12.33 14.00 12.11 12.12 13.28 12.00 12.02 12.03 12.03 12.08 12.08 12.09 12.09 12.14 12.14 12.14 12.14 12.29 12.28 12.28 12.27 12.33 13.98 12.32 12.31
7.67 7.69 7.68 7.70 7.72 7.75 7.74 7.76 7.78 8.51 7.81 7.83 8.67 7.88 7.87 7.90 7.92 8.93 7.90 7.92 7.94 7.97 7.93 7.96 7.98 8.00 8.02 8.04 8.07 8.09 8.15 8.18 8.20 8.23 8.37 10.01 8.42 8.45 8.58 11.90 13.55 11.96 12.06 12.09 13.75 12.15 12.21 15.38 15.42 12.30 13.87 12.24 12.27 13.96 12.06 12.08 12.10 12.13 11.96 16.36 13.47 15.66 12.10 12.11 12.12 12.12 12.27 12.27 12.27 12.27 12.36 12.36 12.35 12.35 12.42 12.42 12.41 12.40 12.38 12.37 12.36 12.35
7.73 7.75 7.74 7.76 8.42 7.74 7.79 7.81 7.83 7.80 7.86 8.70 7.91 7.93 7.93 7.95 7.97 8.00 8.77 7.97 7.99 8.02 7.98 8.00 8.67 8.05 8.07 8.09 8.11 8.14 8.19 8.22 8.24 8.27 9.02 8.44 8.46 8.49 8.61 8.41 8.41 12.00 12.09 12.12 12.15 12.18 12.24 12.27 12.30 12.33 12.25 12.27 12.30 12.32 12.09 12.11 12.13 12.15 11.98 15.65 15.68 15.70 12.12 12.13 12.13 12.14 12.28 12.28 12.28 12.28 12.36 12.36 12.36 12.35 12.42 12.41 12.41 12.40 12.37 14.03 12.35 12.35
8.63 7.74 7.74 7.76 7.77 7.79 7.79 7.81 7.83 7.86 7.92 7.94 8.60 7.98 7.98 8.00 8.02 8.05 8.00 8.02 8.04 8.06 8.03 8.05 8.07 8.74 8.11 9.22 8.16 8.18 8.88 8.26 8.28 8.31 8.45 8.47 8.50 8.52 8.42 8.41 8.44 8.46 12.13 12.16 12.19 12.22 12.28 12.31 12.33 12.36 12.28 12.30 12.33 12.35 12.11 12.13 12.15 12.17 15.66 15.69 12.03 12.04 12.13 12.14 12.15 12.15 12.29 12.29 12.29 13.94 14.03 14.03 12.36 12.35 12.42 12.41 12.40 12.39 12.37 12.36 12.34 12.33
10.68 7.79 7.79 7.81 7.83 7.79 7.84 7.86 7.89 8.71 7.97 7.99 8.01 8.04 8.03 8.05 8.07 8.10 8.05 8.07 8.09 8.11 8.70 8.10 8.12 8.14 8.15 8.18 8.85 8.22 8.28 8.30 8.32 8.98 8.48 8.51 8.53 9.15 8.42 8.44 8.47 8.49 8.56 8.58 12.22 12.25 12.31 12.33 12.36 12.39 12.30 12.33 12.35 12.37 12.13 12.15 12.17 15.97 15.69 15.71 12.04 12.05 12.14 12.15 12.15 13.79 13.90 13.96 12.29 12.29 14.02 12.36 12.35 12.35 12.41 12.40 12.39 12.38 12.36 12.34 12.33 12.32
8.73 7.79 7.83 7.79 7.81 7.83 7.84 7.86 7.88 7.90 7.92 9.00 7.96 7.98 8.71 7.92 7.95 7.97 7.90 7.92 7.94 7.96 8.02 8.69 8.07 8.09 8.19 8.21 8.23 8.25 8.33 8.35 8.37 8.39 8.44 8.46 8.48 8.50 8.55 8.57 8.59 8.61 8.41 8.43 8.45 12.05 12.07 12.10 12.12 12.15 12.03 12.06 12.08 12.10 11.98 12.00 15.69 15.72 15.79 15.81 12.10 12.11 12.23 12.24 12.24 13.89 12.34 12.34 12.33 12.33 12.42 14.09 12.41 12.40 12.45 12.44 12.42 12.41 12.43 12.41 12.40 12.39
10.56 8.79 7.83 7.84 7.86 7.88 7.89 7.91 7.93 7.95 7.96 8.62 8.01 8.03 7.95 7.97 7.99 8.01 7.95 7.97 7.99 8.00 8.07 8.09 8.11 8.13 8.22 8.25 8.27 8.29 8.36 8.38 8.41 8.43 8.47 8.49 8.51 9.14 8.57 8.60 8.62 8.64 8.43 8.45 8.47 8.49 8.51 12.12 12.14 12.17 12.05 12.07 12.09 12.11 12.00 12.01 15.71 15.73 15.80 15.82 12.11 12.12 12.23 12.24 13.69 12.24 12.34 12.33 12.33 12.33 12.41 12.41 12.40 12.39 12.43 12.42 12.41 12.39 12.41 12.39 12.38 12.36
12.66 8.84 7.88 7.89 7.91 7.93 7.94 7.96 7.98 8.00 8.01 8.67 8.05 8.07 7.99 8.02 8.68 8.06 7.99 8.01 8.67 8.05 8.11 8.13 8.14 8.16 8.26 8.28 8.30 8.32 8.40 8.42 8.44 8.46 8.50 8.52 8.54 8.56 8.60 8.62 8.64 8.43 8.45 8.47 8.49 8.51 8.53 8.54 12.16 12.18 12.06 12.08 15.84 12.12 12.00 15.70 15.72 12.05 12.09 15.82 12.11 12.44 12.23 17.00 14.28 14.28 12.33 12.33 12.32 12.32 14.05 12.39 12.38 12.37 12.42 12.40 14.07 12.37 12.38 12.37 12.35 12.34
8.87 8.89 8.87 7.94 7.96 7.98 9.02 8.01 8.03 8.05 8.06 8.08 8.72 8.12 8.04 8.06 8.08 8.10 8.03 8.05 8.07 8.09 8.15 8.16 8.18 8.20 8.30 8.32 8.33 8.35 8.43 8.45 8.47 8.48 8.52 8.54 8.56 8.58 8.62 8.64 8.43 8.42 8.47 8.49 8.50 8.52 8.54 8.55 8.57 12.19 12.07 15.82 12.11 12.13 12.01 12.03 12.04 12.05 12.09 15.82 15.83 12.11 12.23 14.27 14.65 14.27 12.32 12.32 12.31 12.30 12.39 12.38 12.37 14.02 12.40 12.38 12.37 14.02 12.36 12.34 12.32 14.37
8.90 8.92 10.01 8.64 8.01 9.09 8.66 8.69 8.70 8.08 7.98 8.00 8.02 8.04 7.96 7.98 8.64 8.02 8.15 8.17 8.19 8.21 8.38 8.40 8.41 8.43 8.47 8.49 8.51 8.52 8.55 8.56 8.58 8.60 8.62 8.64 8.42 8.42 8.44 8.46 8.47 8.49 8.47 8.49 8.50 8.52 8.45 8.47 8.48 8.50 8.45 12.03 12.04 12.06 12.04 12.05 12.07 12.08 12.15 15.92 15.93 12.17 14.29 14.44 14.29 14.29 12.31 12.31 12.30 12.29 12.38 12.37 12.35 12.34 12.40 12.39 12.37 12.35 14.09 12.41 14.49 12.37
8.95 8.96 8.97 8.04 8.06 8.08 8.07 8.09 8.10 8.74 8.03 8.05 8.06 8.08 8.00 8.02 8.04 8.06 8.19 8.21 8.22 8.24 8.41 8.43 8.45 8.46 8.50 8.52 8.53 8.55 8.57 8.59 8.61 8.62 8.41 8.43 8.42 8.43 8.46 8.47 8.49 8.50 8.48 8.50 8.51 8.53 8.46 8.47 8.49 8.50 8.45 8.47 12.04 12.06 12.04 12.05 12.06 12.07 15.90 15.91 15.92 15.92 13.53 13.53 12.24 12.23 12.30 12.29 12.28 12.27 12.36 12.34 12.33 12.31 12.38 12.36 12.34 12.32 12.40 12.38 12.35 12.34
8.99 9.01 9.01 9.03 8.11 8.12 8.11 8.13 8.15 8.80 8.07 8.09 8.11 8.12 8.04 8.06 8.08 8.10 8.23 8.24 8.26 8.27 8.45 8.46 8.48 8.49 8.53 8.54 8.56 8.58 8.60 8.61 8.63 8.64 8.43 8.42 8.43 8.44 8.47 8.48 8.49 8.51 8.49 8.50 8.51 8.53 8.46 8.47 8.49 8.50 8.45 8.46 8.47 8.48 13.98 12.04 12.05 12.06 12.13 12.13 12.14 12.14 12.22 13.49 12.21 12.21 12.27 12.26 12.25 12.24 12.33 12.31 12.30 12.28 12.34 12.32 12.30 12.28 12.36 12.34 12.31 12.29
9.03 9.05 9.05 9.07 8.15 8.17 8.15 8.17 8.19 8.21 8.11 8.13 8.15 8.16 8.72 8.10 8.12 8.13 8.26 8.28 8.29 8.31 8.48 8.49 8.51 8.52 8.56 8.57 8.58 8.60 8.62 8.63 8.41 8.43 8.42 8.43 8.44 8.46 8.48 8.49 8.50 8.51 8.49 8.50 8.52 8.53 8.46 8.47 8.48 8.49 8.44 8.45 8.46 8.47 8.46 13.98 12.03 12.04 12.11 12.12 12.12 12.12 12.20 12.19 12.19 12.18 12.24 14.27 12.22 12.21 12.30 12.28 12.26 12.25 13.96 13.97 13.94 13.92 12.32 12.30 12.27 12.25
9.09 9.11 9.09 9.11 9.13 8.21 8.15 8.17 8.19 8.21 8.08 8.09 8.11 8.13 9.43 8.20 8.22 8.24 8.49 8.50 8.52 8.53 8.41 8.42 8.44 8.45 8.45 8.46 8.47 8.48 8.47 8.49 8.50 8.51 8.55 8.56 8.58 8.59 8.61 8.62 8.63 8.64 8.55 8.56 8.57 8.58 8.48 8.49 9.53 8.52 8.44 8.45 9.49 8.47 8.46 8.47 8.47 12.04 12.19 12.19 12.20 12.20 12.27 12.26 12.26 12.25 12.25 12.24 12.23 12.21 12.25 12.24 12.22 12.20 14.73 12.26 12.23 12.21 12.27 12.25 12.23 12.20
9.13 9.15 9.13 9.15 9.17 8.25 8.19 8.21 8.23 8.25 8.11 8.78 8.79 8.16 8.22 8.24 8.25 8.27 8.52 8.53 8.54 8.56 8.44 8.45 8.46 8.47 8.47 8.48 8.49 8.50 8.49 8.50 8.51 8.52 8.56 8.57 8.58 8.59 8.61 8.62 8.63 8.64 8.55 8.56 11.84 10.02 9.49 9.50 8.49 8.50 8.45 8.44 8.45 8.45 8.44 8.45 8.45 8.46 12.16 12.16 12.17 12.16 12.23 12.23 12.22 12.21 12.21 12.20 12.19 12.17 12.21 12.19 12.18 13.78 12.23 12.21 12.19 12.17 12.23 12.20 12.18 12.15
9.17 9.19 9.17 9.19 9.20 8.29 8.23 8.25 8.27 8.28 8.15 8.17 8.18 8.20 8.26 8.27 8.28 8.30 8.55 8.56 8.57 8.58 8.46 8.47 8.48 10.90 8.48 8.49 8.50 8.51 8.50 8.51 8.52 8.52 8.57 8.57 8.58 8.59 8.61 8.62 8.62 9.65 8.54 8.55 8.56 8.57 8.46 8.47 8.48 8.49 8.44 8.44 8.45 8.46 8.45 9.83 8.45 8.46 8.54 12.13 12.13 12.13 12.19 12.18 12.18 12.17 12.17 12.15 12.14 12.13 12.16 12.15 12.13 12.11 12.18 12.16 12.14 12.11 12.18 12.15 12.12 12.10
9.21 10.32 9.21 10.33 9.24 9.26 9.39 8.91 8.93 8.92 8.18 8.20 8.22 8.23 8.29 8.30 8.31 8.33 8.57 9.37 8.60 8.61 8.48 8.49 8.50 10.92 13.03 8.51 8.52 8.52 8.51 8.52 8.52 8.53 8.57 8.57 8.58 8.59 8.60 11.07 8.62 8.63 8.53 8.54 8.55 8.55 8.45 8.45 8.46 8.47 9.26 8.65 8.46 8.43 8.65 8.65 8.65 8.66 8.51 8.51 8.51 12.08 12.15 12.14 13.76 12.12 12.12 12.11 12.09 12.08 12.11 12.09 12.08 12.06 12.13 12.11 12.09 12.06 12.12 12.10 12.07 15.11
10.34 9.24 9.22 9.24 9.26 12.98 8.27 8.29 8.31 8.32 8.20 8.21 8.23 8.24 8.39 8.40 8.41 8.42 8.41 8.42 8.43 8.44 8.54 8.54 8.55 10.99 11.01 8.58 9.61 8.59 8.60 8.60 8.60 8.61 8.62 8.63 10.10 11.11 11.03 8.98 8.59 8.60 8.49 8.49 8.49 8.50 8.43 8.44 8.42 8.42 9.22 8.61 8.62 8.62 8.45 8.45 8.45 8.45 8.52 8.51 8.51 8.51 12.16 12.15 12.14 12.13 12.16 12.14 12.13 12.11 12.14 12.12 12.10 12.08 12.11 12.09 12.07 12.04 12.07 12.04 12.02 13.62
10.38 9.28 9.26 9.27 9.29 10.43 9.23 8.32 8.34 8.35 8.23 8.24 8.26 8.27 9.05 8.43 8.44 8.45 8.44 8.45 8.45 8.46 8.55 10.00 11.00 11.01 11.94 8.58 8.59 8.59 8.60 8.60 11.31 8.61 8.62 8.62 11.09 11.10 11.94 8.58 8.58 8.58 8.47 8.47 8.48 8.48 8.64 8.45 8.42 8.42 8.58 8.58 8.58 8.59 8.64 8.64 8.64 8.64 8.48 8.48 8.47 8.47 8.51 8.51 12.08 12.07 12.10 12.08 12.07 12.05 12.08 12.06 12.04 12.02 12.05 12.03 12.00 11.98 12.01 11.98 11.95 11.93
9.29 9.31 9.29 9.31 9.32 9.34 9.26 8.36 8.37 8.39 8.26 8.27 8.28 8.30 8.44 8.45 8.46 8.47 8.46 8.46 8.47 8.48 8.57 8.57 11.02 11.02 11.03 8.59 8.59 8.60 8.60 11.31 11.06 11.06 11.33 11.33 11.33 11.08 10.00 8.56 9.59 8.57 8.45 8.45 9.47 8.46 8.61 8.62 9.37 8.62 8.54 8.54 8.55 8.55 8.60 8.60 8.60 8.60 8.44 8.43 8.43 8.42 8.47 11.19 8.45 12.01 12.04 12.02 12.01 11.99 12.01 11.99 11.97 11.95 11.99 11.96 11.94 11.91 11.94 11.91 11.89 11.86
9.32 9.34 9.32 9.34 9.35 9.37 9.29 8.39 8.40 8.42 8.29 8.30 8.31 8.32 8.47 8.48 8.48 8.49 8.48 8.48 8.49 8.49 8.58 8.58 11.03 11.03 11.04 11.04 8.60 8.60 8.60 11.05 11.05 11.05 11.31 11.31 12.10 8.60 8.54 8.54 8.54 8.54 8.43 8.43 8.43 8.43 8.58 8.58 9.20 9.18 8.50 8.50 8.50 8.50 8.56 8.56 8.55 8.55 8.42 8.41 8.64 8.63 8.42 8.41 8.42 8.41 8.41 11.95 11.94 11.92 11.94 11.92 11.90 11.88 11.91 11.89 11.86 11.84 11.86 11.84 11.81 13.50
9.35 9.36 9.33 9.35 9.37 9.38 9.27 9.28 8.37 8.39 8.33 8.34 8.35 8.36 8.62 8.62 8.63 8.64 8.55 8.55 8.55 8.56 8.61 8.61 11.07 11.06 11.10 11.09 8.63 8.63 11.08 11.08 15.39 11.33 11.20 14.24 9.55 8.53 8.44 8.44 8.43 8.43 8.61 8.61 8.61 8.61 8.52 8.52 8.52 8.52 8.49 8.49 8.49 8.49 8.56 8.56 8.56 8.55 8.61 8.60 8.60 8.59 8.40 8.41 8.40 8.62 8.41 8.39 11.94 11.92 11.95 11.93 11.90 11.88 11.92 11.90 11.87 11.84 11.84 11.81 14.88 11.95
10.49 11.33 10.48 9.38 9.39 9.41 9.29 10.81 8.40 8.41 8.35 8.36 8.37 8.38 8.64 8.64 8.65 8.65 8.56 8.56 8.56 8.56 8.62 8.62 11.07 11.07 11.09 11.09 11.09 11.08 11.07 15.39 16.42 11.30 10.94 8.52 8.51 9.87 8.64 8.64 8.64 8.63 8.58 8.57 8.57 8.57 8.48 8.48 8.48 8.48 8.45 8.44 8.44 8.44 8.51 8.51 8.50 8.50 8.55 8.54 8.54 8.53 8.59 8.58 8.57 8.55 8.60 8.59 9.78 8.55 11.86 11.84 11.82 11.80 11.84 11.81 13.78 14.98 14.97 15.19 14.76 14.66
9.40 9.42 9.39 10.54 9.42 9.43 9.32 9.33 8.43 8.44 8.37 8.38 8.39 8.40 8.66 8.47 8.43 8.44 8.57 8.57 8.57 8.57 8.62 8.62 11.07 11.07 11.09 12.80 15.40 15.39 16.84 15.38 16.82 9.53 10.91 8.50 8.49 8.49 9.23 8.61 8.61 8.60 8.54 8.54 8.54 8.53 9.05 8.44 8.43 8.43 8.40 8.39 8.39 8.39 8.46 8.45 8.45 8.44 8.49 8.48 8.48 8.47 8.53 8.52 8.50 8.49 9.73 10.27 8.50 8.49 8.50 11.76 11.74 13.55 11.75 11.86 4.88 4.87 4.72 13.21 14.67 16.36
9.42 9.44 9.41 9.43 9.44 11.52 9.34 10.48 9.36 8.46 8.40 8.40 8.41 8.42 8.44 8.44 8.45 8.45 8.58 8.58 8.58 8.58 8.63 11.08 11.07 11.06 11.08 15.40 15.39 15.38 15.37 16.39 11.01 11.00 8.48 8.47 8.47 8.46 8.59 8.58 8.57 8.56 8.50 8.50 8.49 8.48 8.40 9.03 8.38 8.38 8.35 8.34 8.33 8.33 8.40 8.39 8.39 8.38 8.43 9.59 8.41 8.40 8.46 8.45 8.43 8.42 8.71 8.45 8.43 10.13 8.43 8.41 13.45 11.62 14.55 11.63 15.06 17.76 17.75 16.25 14.49 14.32
9.43 9.45 10.52 9.40 9.42 9.43 10.93 9.30 9.31 8.40 8.53 8.53 8.54 8.54 8.55 8.56 8.56 8.56 8.63 8.63 8.63 8.62 8.64 11.09 11.08 11.07 11.07 15.38 15.38 16.82 15.31 15.30 8.51 8.50 8.63 8.62 8.61 8.60 9.72 8.51 8.50 8.49 8.46 8.45 8.44 9.05 8.35 8.35 8.34 8.33 8.35 8.34 8.33 8.32 8.38 8.37 8.36 8.35 8.40 8.39 8.38 8.37 8.40 8.38 8.37 8.35 8.39 8.37 8.35 9.68 10.03 8.34 8.32 8.45 14.50 14.69 14.89 17.80 15.67 14.35 14.12 11.33
9.46 9.47 10.55 9.42 9.44 9.45 9.31 10.45 9.33 9.34 8.54 8.55 8.55 8.56 8.57 8.57 8.56 8.56 8.63 8.63 8.63 8.62 8.64 11.09 11.07 11.06 11.05 15.37 15.36 15.35 16.72 8.50 8.49 8.48 8.60 8.59 8.57 8.56 8.48 8.47 8.45 8.44 9.66 8.40 8.39 8.38 8.30 8.29 8.28 8.27 8.29 8.28 8.27 8.26 8.32 8.31 8.30 8.29 8.33 8.32 8.31 8.30 8.32 8.31 8.29 8.27 8.31 8.29 10.33 9.37 9.92 9.37 8.23 8.37 10.53 14.35 14.31 17.51 13.94 14.34 13.97 11.23
9.48 9.50 9.43 9.44 9.46 9.47 9.33 9.34 9.35 9.36 8.56 8.56 8.57 8.57 8.58 8.57 8.57 8.57 8.64 8.63 8.63 8.62 8.63 11.08 11.06 11.04 11.04 15.36 15.34 15.33 16.70 8.48 9.49 8.45 8.57 8.55 9.14 8.52 8.44 8.43 8.41 8.40 9.01 8.35 8.34 8.33 8.87 8.24 8.23 8.22 8.23 8.22 8.21 8.20 8.25 8.24 8.23 8.22 8.26 8.25 8.24 8.22 8.24 8.23 8.21 8.19 8.23 8.21 9.29 10.50 10.31 9.26 9.23 8.13 10.31 8.12 8.07 15.97 13.75 12.78 11.14 11.12
9.50 9.52 9.45 9.46 9.48 9.49 9.35 9.36 9.37 9.37 8.57 8.58 8.58 8.58 8.58 8.58 8.57 8.57 8.64 8.63 8.62 8.61 8.63 11.06 11.04 11.03 15.36 15.34 15.33 15.31 16.28 10.84 9.44 8.45 8.53 8.52 9.10 8.48 8.40 8.38 8.37 8.35 10.06 8.30 8.28 8.27 8.19 8.18 8.17 8.15 8.17 8.16 8.15 8.13 8.18 9.26 8.16 8.15 8.19 8.17 8.16 8.14 8.17 8.15 8.13 8.11 8.15 8.13 8.10 12.30 10.94 8.08 8.06 8.04 10.03 8.08 7.93 8.84 14.40 13.69 11.11 11.00
9.51 9.52 9.41 9.42 9.43 11.39 10.50 9.39 9.40 9.40 9.63 8.47 8.47 8.47 8.67 8.66 8.66 8.65 8.68 8.67 8.66 8.65 8.62 11.05 11.03 15.36 15.32 15.31 15.29 16.29 15.58 10.83 10.81 8.62 8.47 8.46 8.44 8.42 8.34 8.32 8.30 9.51 8.26 8.24 8.23 8.21 8.19 8.18 8.16 8.15 8.14 8.13 8.12 9.18 8.11 9.94 8.08 8.07 8.14 8.13 8.11 8.09 8.10 8.08 8.06 8.04 8.03 8.63 7.99 9.91 10.09 11.91 10.22 8.22 8.07 8.36 7.92 7.75 13.65 8.96 13.77 11.15
10.67 9.54 9.42 10.57 9.45 9.46 9.40 9.41 9.41 9.41 9.64 8.48 8.48 8.47 8.67 8.66 8.65 8.64 8.67 8.66 8.65 11.09 11.05 11.03 15.35 15.34 15.30 15.28 16.68 16.66 15.43 10.79 8.52 9.16 8.43 8.41 8.39 8.37 8.29 8.27 8.25 8.23 8.20 8.19 8.17 8.15 8.13 8.11 8.10 8.08 8.07 8.06 8.05 9.09 9.40 9.08 8.01 8.00 8.07 8.05 10.47 8.01 8.02 8.00 7.97 7.95 7.94 7.92 7.89 9.78 9.96 8.79 8.89 9.68 9.64 9.10 7.78 10.88 2.89 8.81 8.50 13.49
10.69 9.55 9.44 9.45 9.46 9.47 9.41 9.41 9.42 9.42 9.64 9.64 8.47 8.47 8.66 8.65 8.64 8.63 11.12 9.63 11.08 11.33 11.02 11.00 15.33 15.31 15.28 16.68 16.65 15.35 15.31 10.74 10.70 8.54 10.46 10.43 8.35 8.32 8.24 8.22 8.19 8.17 8.15 8.13 8.11 8.09 8.06 8.05 8.03 8.02 8.00 7.99 7.97 8.99 7.96 7.95 7.93 7.92 7.98 7.96 7.94 7.92 7.93 7.91 8.90 7.86 7.85 7.82 9.69 9.93 9.81 8.65 9.51 7.62 8.54 8.50 8.46 11.13 7.68 8.38 7.47 10.61
9.55 9.57 10.58 9.46 9.47 9.48 9.42 9.42 9.42 9.42 9.64 9.64 8.47 8.46 8.65 8.64 8.63 8.62 11.10 11.40 11.37 11.18 10.99 15.33 15.31 15.29 13.29 13.27 16.73 15.32 15.30 15.33 10.65 10.61 10.84 10.37 10.33 8.27 8.19 8.16 8.14 8.37 10.38 8.46 8.04 8.02 8.00 7.98 7.96 7.94 7.93 7.91 7.90 8.29 7.89 7.87 7.85 7.84 7.90 7.88 8.67 7.84 7.84 7.82 7.80 7.83 7.81 7.78 9.57 9.55 8.74 8.51 7.51 7.46 8.56 7.51 7.47 10.70 7.25 7.21 2.77 6.17
9.53 9.54 9.43 9.44 9.45 9.45 9.51 9.51 9.51 9.51 9.72 9.71 8.54 8.53 8.66 8.64 8.63 8.62 11.07 11.10 11.17 11.40 15.31 15.29 15.27 15.25 16.63 17.17 16.90 15.31 10.83 10.77 10.67 10.55 10.83 11.02 11.93 8.82 8.05 8.02 8.00 7.97 2.74 13.22 8.00 7.98 8.01 7.99 7.97 7.95 7.87 7.86 7.84 7.82 7.85 7.84 7.82 7.80 7.83 7.81 9.67 7.82 7.83 8.74 8.71 8.86 8.81 8.60 9.44 9.39 9.61 8.37 7.36 2.19 8.26 8.35 7.30 10.54 7.08 6.31 6.43 2.69
9.54 9.55 9.44 9.45 10.59 9.45 9.52 9.51 9.51 9.50 9.71 9.70 9.69 8.52 8.64 8.62 8.61 8.59 14.31 11.06 10.98 15.32 15.28 15.26 15.23 15.24 16.68 15.32 18.98 16.80 10.78 10.44 14.69 10.62 10.20 11.83 10.12 8.12 7.99 7.96 7.94 7.91 7.99 7.00 11.81 8.74 7.94 7.92 7.90 7.87 7.85 7.83 7.81 7.79 7.77 8.68 7.74 7.78 7.79 7.78 9.66 9.65 10.27 8.62 8.78 9.26 5.43 5.62 8.44 9.24 9.37 8.38 7.20 2.14 2.13 2.10 2.22 5.08 13.22 6.07 9.97 9.78
