New_Model_Runs/3_scn2_noclimate_out/post_prcessed_with_MFR/Monthly_summaries/net_infiltration_monthly_JUL.asc
NCOLS 700
NROWS 400
XLLCENTER 515000.000000
YLLCENTER 8409000.000000
CELLSIZE 50.000000
NODATA_value -999.000000
[rows 148 to 184 of 400, columns 336 to 419 of 700]
9.41 9.52 9.53 9.55 9.39 9.39 9.39 7.69 7.66 7.65 7.64 7.62 7.58 7.55 7.52 7.61 7.39 8.39 7.31 7.26 7.21 7.16 7.11 7.05 7.09 7.02 10.59 12.61 12.58 9.88 1.85 5.55 10.69 3.63 0.00 0.00 0.00 5.28 5.25 5.22 5.19 5.16 5.23 5.19 11.31 11.61 10.28 6.07 10.09 5.89 5.11 4.85 4.81 0.00 0.00 0.00 0.00 0.00 0.00 0.00 0.00 0.00 0.00 0.00 0.00 0.00 0.00 0.00 0.00 0.00 0.00 0.00 0.00 0.00 0.00 0.00 0.00 0.00 0.00 0.00 0.00 0.00 0.00 0.00
9.83 9.51 9.52 9.54 9.45 9.45 9.45 9.44 7.70 7.69 7.67 8.75 7.61 7.58 7.55 7.52 7.41 7.37 7.33 7.29 7.23 7.18 7.13 7.07 7.10 8.09 6.97 10.63 11.87 5.81 5.97 5.45 5.42 5.54 5.52 5.34 5.31 5.28 1.77 7.07 10.56 9.51 9.39 9.64 9.96 10.30 10.33 10.22 5.90 5.15 4.87 0.00 0.00 0.00 0.00 0.00 0.00 0.00 0.00 0.00 0.00 0.00 0.00 0.00 0.00 0.00 0.00 0.00 0.00 0.00 0.00 0.00 0.00 0.00 0.00 0.00 0.00 0.00 0.00 0.00 0.00 0.00 0.00 0.00
9.66 9.81 9.59 9.60 9.51 9.51 9.51 9.50 7.74 7.72 7.71 7.69 7.64 7.61 7.58 7.55 7.44 9.29 7.36 7.31 7.25 7.20 7.14 7.08 8.20 8.11 10.61 10.64 5.89 2.48 6.23 5.45 5.42 5.39 1.88 5.33 1.67 1.64 2.67 10.53 9.80 5.71 9.40 10.64 8.98 6.15 5.82 5.20 5.17 5.25 1.60 0.00 0.00 0.00 0.00 0.00 0.00 0.00 0.00 0.00 0.00 0.00 0.00 0.00 0.00 0.00 0.00 0.00 0.00 0.00 0.00 0.00 0.00 0.00 0.00 0.00 0.00 0.00 0.00 0.00 0.00 0.00 0.00 0.00
9.89 11.09 9.81 9.67 9.58 9.63 9.70 9.56 9.50 7.76 7.74 7.72 7.67 7.64 7.61 7.58 7.46 7.42 7.38 7.33 8.41 7.22 7.16 7.10 7.13 11.75 11.79 1.93 6.19 6.46 2.30 5.90 5.42 5.39 10.77 10.78 1.67 10.93 10.98 6.08 5.72 5.34 9.60 9.49 8.85 3.39 4.81 4.87 5.15 0.00 0.00 0.00 0.00 0.00 0.00 0.00 0.00 0.00 0.00 0.00 0.00 0.00 0.00 0.00 0.00 0.00 0.00 0.00 0.00 0.00 0.00 0.00 0.00 0.00 0.00 0.00 0.00 0.00 0.00 0.00 0.00 0.00 0.00 0.00
9.48 11.75 11.08 9.74 9.70 9.74 9.78 9.77 9.71 9.56 7.80 7.77 8.74 8.68 7.58 7.54 7.46 7.41 8.40 7.32 7.37 7.31 7.25 7.19 7.21 10.77 5.96 5.93 6.19 5.81 6.08 5.93 5.42 5.39 5.51 6.80 6.51 12.91 6.27 5.53 5.55 9.66 9.33 8.96 8.86 7.00 1.40 1.23 4.84 0.00 0.00 0.00 0.00 0.00 0.00 0.00 0.00 0.00 0.00 0.00 0.00 0.00 0.00 0.00 0.00 0.00 0.00 0.00 0.00 0.00 0.00 0.00 0.00 0.00 0.00 0.00 0.00 0.00 0.00 0.00 0.00 0.00 0.00 0.00
10.10 12.51 13.66 10.04 10.16 10.31 11.03 10.90 10.93 9.61 9.58 7.81 7.67 7.64 7.60 7.57 7.48 7.44 7.39 7.34 7.39 7.33 7.27 7.20 7.22 9.21 12.73 12.61 5.90 12.02 6.12 5.78 10.82 11.41 10.40 10.26 10.86 7.98 6.21 5.52 5.38 9.12 8.39 5.06 8.58 1.27 1.40 1.37 4.83 0.00 0.00 0.00 0.00 0.00 0.00 0.00 0.00 0.00 0.00 0.00 0.00 0.00 0.00 0.00 0.00 0.00 0.00 0.00 0.00 0.00 0.00 0.00 0.00 0.00 0.00 0.00 0.00 0.00 0.00 0.00 0.00 0.00 0.00 0.00
10.52 11.04 10.89 9.63 10.42 11.92 9.80 9.78 9.69 9.66 9.63 7.85 7.71 7.67 7.64 8.66 7.51 7.46 7.41 7.36 7.41 7.35 7.29 7.22 12.96 12.86 12.75 14.65 12.54 11.07 10.94 10.81 5.89 10.84 9.91 10.25 6.80 10.80 5.90 5.56 5.37 10.22 9.56 5.04 5.26 4.99 5.04 4.94 4.82 4.76 0.00 0.00 0.00 0.00 0.00 0.00 0.00 0.00 0.00 0.00 0.00 0.00 0.00 0.00 0.00 0.00 0.00 0.00 0.00 0.00 0.00 0.00 0.00 0.00 0.00 0.00 0.00 0.00 0.00 0.00 0.00 0.00 0.00 0.00
10.07 10.58 11.19 10.59 9.98 9.97 11.15 9.83 9.74 9.71 9.68 9.64 10.89 7.71 7.67 7.63 7.54 7.49 7.44 7.39 7.43 7.37 7.31 7.24 10.88 7.18 7.10 7.17 8.97 12.11 6.13 6.51 10.06 9.91 9.76 10.92 10.77 6.06 6.40 5.50 5.42 9.69 5.17 5.02 5.06 1.41 5.01 4.91 4.82 8.08 0.00 0.00 0.00 0.00 0.00 0.00 0.00 0.00 0.00 0.00 0.00 0.00 0.00 0.00 0.00 0.00 0.00 0.00 0.00 0.00 0.00 0.00 0.00 0.00 0.00 0.00 0.00 0.00 0.00 0.00 0.00 0.00 0.00 0.00
10.10 9.19 10.60 10.05 9.93 9.91 9.90 9.87 9.78 9.75 9.72 9.68 10.24 8.81 7.68 7.64 7.58 7.53 7.48 7.42 7.45 7.39 7.32 10.88 7.21 7.13 7.05 6.97 6.77 8.51 13.24 6.52 7.12 9.92 9.77 6.35 5.92 5.66 5.55 5.44 9.26 6.05 4.96 5.65 8.53 4.88 4.70 1.38 1.35 4.94 0.15 0.00 0.00 0.00 0.00 0.00 0.00 0.00 0.00 0.00 0.00 0.00 0.00 0.00 0.00 0.00 0.00 0.00 0.00 0.00 0.00 0.00 0.00 0.00 0.00 0.00 0.00 0.00 0.00 0.00 0.00 0.00 0.00 0.00
10.11 9.10 10.01 10.11 9.98 9.97 9.95 9.92 9.83 10.30 9.76 9.72 9.51 9.46 7.71 7.66 7.60 7.56 7.50 7.44 8.53 7.41 7.34 10.90 7.23 7.15 6.83 6.86 6.78 6.59 11.48 10.32 10.09 10.41 6.32 6.07 5.76 5.66 5.55 5.44 5.44 5.49 9.39 5.13 5.09 4.88 1.23 4.58 1.35 4.94 0.97 0.00 0.00 0.00 0.00 0.00 0.00 0.00 0.00 0.00 0.00 0.00 0.00 0.00 0.00 0.00 0.00 0.00 0.00 0.00 0.00 0.00 0.00 0.00 0.00 0.00 0.00 0.00 0.00 0.00 0.00 0.00 0.00 0.00
10.07 10.49 10.06 10.06 10.03 10.02 10.00 10.08 10.02 9.84 10.84 10.78 10.70 9.50 7.74 7.69 7.63 7.58 7.53 8.54 7.50 7.43 10.99 7.07 7.02 6.94 6.85 6.76 6.70 6.60 10.18 6.60 6.31 6.21 6.05 6.00 5.77 5.66 5.55 5.44 5.39 5.28 5.16 4.93 8.50 8.39 1.22 1.35 1.33 4.93 8.23 0.00 0.00 0.00 0.00 0.00 0.00 0.00 0.00 0.00 0.00 0.00 0.00 0.00 0.00 0.00 0.00 0.00 0.00 0.00 0.00 0.00 0.00 0.00 0.00 0.00 0.00 0.00 0.00 0.00 0.00 0.00 0.00 0.00
10.12 10.12 10.53 10.11 10.08 10.06 10.15 10.13 10.06 9.89 9.85 9.80 9.59 9.53 9.48 7.72 7.66 7.60 7.55 7.49 7.52 11.44 10.80 7.09 7.04 7.49 6.87 6.78 6.72 6.62 6.62 6.91 6.27 6.17 6.06 5.96 5.77 5.67 5.56 5.45 5.39 5.33 5.16 8.61 8.49 8.38 4.85 4.82 5.10 5.23 4.91 0.00 0.00 0.00 0.00 0.00 0.00 0.00 0.00 0.00 0.00 0.00 0.00 0.00 0.00 0.00 0.00 0.00 0.00 0.00 0.00 0.00 0.00 0.00 0.00 0.00 0.00 0.00 0.00 0.00 0.00 0.00 0.00 0.00
10.12 10.48 10.24 10.11 10.10 10.08 10.18 10.16 9.94 9.90 9.86 9.81 9.59 9.54 9.48 9.42 7.65 7.60 7.34 7.27 7.27 10.83 7.12 7.05 6.98 6.90 6.81 6.72 6.63 7.06 6.43 6.33 6.20 6.09 5.99 6.60 5.80 5.69 5.58 5.47 5.41 8.92 4.71 5.72 9.50 5.04 5.66 8.16 6.14 5.55 5.36 5.13 0.00 0.00 0.00 0.00 0.00 0.00 0.00 0.00 0.00 0.00 0.00 0.00 0.00 0.00 0.00 0.00 0.00 0.00 0.00 0.00 0.00 0.00 0.00 0.00 0.00 0.00 0.00 0.00 0.00 0.00 0.00 0.00
10.17 10.61 10.60 10.15 10.14 10.12 10.22 10.19 10.13 9.94 9.89 5.53 9.62 9.57 9.51 9.45 7.47 7.42 7.36 7.30 10.92 7.22 7.15 7.07 7.01 7.46 6.83 6.74 6.65 7.07 6.45 6.35 6.21 6.11 6.49 6.38 5.81 5.70 5.59 5.47 5.99 5.42 6.41 5.19 5.20 5.88 5.62 5.45 4.69 5.20 8.77 8.54 5.01 4.99 4.96 4.66 0.00 0.00 0.00 0.00 0.00 0.00 0.00 0.00 0.00 0.00 0.00 0.00 0.00 0.00 0.00 0.00 0.00 0.00 0.00 0.00 0.00 0.00 0.00 0.00 0.00 0.00 0.00 0.00
10.37 9.49 10.35 10.19 10.18 10.16 10.14 10.42 10.16 9.97 9.93 9.88 9.65 9.60 9.54 9.48 7.50 7.66 7.38 7.32 7.31 7.24 7.17 7.09 7.03 7.49 6.85 6.76 7.21 6.57 7.53 6.36 6.22 6.12 6.01 5.91 5.82 6.31 6.17 5.94 5.41 5.30 5.18 5.55 5.15 5.00 5.48 5.38 5.27 5.25 4.82 8.37 7.99 5.14 1.54 4.65 4.67 5.49 5.40 3.63 0.00 0.00 0.00 0.00 0.00 0.00 0.00 0.00 0.00 0.00 0.00 0.00 0.00 0.00 0.00 0.00 0.00 0.00 0.00 0.00 0.00 0.00 0.00 0.00
10.41 11.04 11.02 10.37 10.21 10.19 10.17 10.14 10.04 10.00 9.95 9.90 10.84 9.62 9.56 9.50 7.51 7.46 7.40 7.34 7.33 7.26 7.19 7.11 7.05 6.96 6.88 6.78 6.69 6.59 7.02 6.38 6.24 6.14 6.03 5.92 5.83 5.72 6.09 5.49 5.42 5.30 5.18 5.07 5.09 4.99 5.47 5.37 5.26 5.17 5.24 8.31 9.27 4.21 5.12 5.13 5.73 5.33 5.27 5.34 7.52 0.00 0.00 0.00 0.00 0.00 0.00 0.00 0.00 0.00 0.00 0.00 0.00 0.00 0.00 0.00 0.00 0.00 0.00 0.00 0.00 0.00 0.00 0.00
10.24 10.38 10.86 10.35 10.11 10.08 10.06 10.03 11.08 9.83 9.79 10.93 9.62 9.56 9.50 7.20 7.24 7.52 7.46 7.40 7.38 7.31 7.23 7.16 7.07 6.98 6.89 6.80 6.69 6.59 6.49 6.38 6.28 6.17 6.06 5.96 5.86 5.74 5.62 5.51 5.38 5.26 5.14 5.17 5.04 5.46 5.41 5.31 5.24 5.15 5.14 4.85 8.26 4.19 1.48 6.05 5.62 4.55 4.50 4.76 5.43 7.99 5.52 3.63 0.00 0.00 0.00 0.00 0.00 0.00 0.00 0.00 0.00 0.00 0.00 0.00 0.00 0.00 0.00 0.00 0.00 0.00 0.00 0.00
10.27 10.26 10.24 10.22 10.12 10.10 10.08 10.04 9.89 9.85 9.80 9.75 9.63 9.57 9.51 7.21 7.25 7.20 7.47 7.41 7.39 7.32 7.25 7.17 7.09 7.00 6.91 6.82 6.71 6.61 6.51 6.40 6.30 6.90 6.08 5.97 5.87 5.75 5.63 5.51 5.38 5.26 5.14 5.17 5.04 5.26 5.40 5.30 5.23 5.21 4.48 4.70 4.61 4.67 4.94 5.58 4.59 4.53 4.48 4.43 4.53 7.97 4.30 7.90 0.00 0.00 0.00 0.00 0.00 0.00 0.00 0.00 0.00 0.00 0.00 0.00 0.00 0.00 0.00 0.00 0.00 0.00 0.00 0.00
10.64 10.28 10.26 10.59 10.14 10.12 10.09 10.06 9.90 9.86 9.82 9.77 9.64 9.59 9.53 7.22 7.26 7.21 7.49 7.43 7.41 7.34 7.27 7.19 7.10 7.02 6.93 6.84 6.73 6.63 6.53 6.42 6.32 6.21 6.10 5.98 5.88 5.76 5.64 5.52 5.39 5.27 5.14 5.17 5.04 5.51 5.39 5.29 5.22 5.30 4.45 4.36 4.74 4.81 4.77 5.49 4.57 4.51 4.46 4.41 4.36 8.10 4.43 4.25 0.00 0.00 0.00 0.00 0.00 0.00 0.00 0.00 0.00 0.00 0.00 0.00 0.00 0.00 0.00 0.00 0.00 0.00 0.00 0.00
10.33 10.31 10.28 10.26 10.16 10.43 10.10 10.07 9.91 9.87 9.83 9.78 9.65 9.60 7.28 7.23 7.27 7.22 7.50 7.44 7.42 7.35 7.28 7.21 7.12 7.04 6.95 6.86 6.75 6.65 6.55 6.44 6.33 6.22 6.11 6.00 5.89 5.77 5.65 5.53 5.92 5.77 5.14 5.17 5.04 5.50 5.39 5.28 5.27 5.38 5.39 5.11 5.71 5.93 5.85 5.47 4.55 4.49 4.75 4.62 4.84 5.08 4.49 7.85 0.00 0.00 0.00 0.00 0.00 0.00 0.00 0.00 0.00 0.00 0.00 0.00 0.00 0.00 0.00 0.00 0.00 0.00 0.00 0.00
10.27 10.25 10.22 10.20 10.02 9.99 11.19 9.93 9.91 9.86 9.82 9.77 9.85 9.79 7.42 7.38 7.38 7.33 7.27 7.22 7.49 7.42 7.35 7.84 7.20 7.12 7.04 6.94 6.86 6.76 6.66 6.55 6.44 6.33 6.22 6.10 5.97 5.85 5.72 5.60 6.50 5.88 5.82 5.07 5.07 5.30 5.42 5.31 5.18 6.09 5.16 4.91 4.82 4.75 4.68 4.62 4.53 4.48 4.72 4.75 5.14 5.54 0.00 0.00 0.00 0.00 0.00 0.00 0.00 0.00 0.00 0.00 0.00 0.00 0.00 0.00 0.00 0.00 0.00 0.00 0.00 0.00 0.00 0.00
10.29 10.27 10.24 10.22 10.04 10.01 9.98 9.94 9.92 9.87 9.83 9.78 9.86 9.81 7.43 7.39 7.38 7.33 7.28 7.23 7.50 7.43 7.36 7.29 7.21 7.13 7.05 6.96 6.87 6.77 6.67 6.56 6.46 6.34 6.23 6.11 5.98 5.86 5.73 5.60 5.58 5.83 5.83 5.07 5.07 5.30 5.41 5.30 5.17 5.07 4.98 4.90 4.80 4.73 4.66 4.67 4.59 4.53 4.54 4.48 0.00 0.00 0.00 0.00 0.00 0.00 0.00 0.00 0.00 0.00 0.00 0.00 0.00 0.00 0.00 0.00 0.00 0.00 0.00 0.00 0.00 0.00 0.00 0.00
10.31 10.29 10.27 10.24 10.06 10.03 9.99 9.96 9.93 9.89 9.84 9.79 9.87 7.48 7.44 7.39 7.39 7.34 7.29 7.23 7.50 7.44 7.37 7.30 7.22 7.14 7.06 8.20 7.91 6.78 6.68 6.58 6.47 6.35 6.24 6.12 5.99 5.87 6.34 6.49 5.58 5.99 5.20 5.08 5.23 4.96 5.41 5.29 5.16 5.06 4.97 4.88 4.79 4.78 4.82 4.89 4.72 4.43 4.38 8.98 0.00 0.00 0.00 0.00 0.00 0.00 0.00 0.00 0.00 0.00 0.00 0.00 0.00 0.00 0.00 0.00 0.00 0.00 0.00 0.00 0.00 0.00 0.00 0.00
10.33 10.31 10.29 10.26 10.08 10.05 10.01 9.98 9.95 9.91 9.86 9.81 9.89 7.49 7.45 7.40 7.40 8.05 7.99 8.65 7.17 7.44 7.38 7.31 7.23 7.15 7.07 7.12 7.03 6.79 6.69 6.58 6.47 6.36 6.24 6.13 5.99 5.87 6.24 6.07 5.46 6.00 5.21 5.23 5.82 5.02 5.41 5.29 5.15 5.04 4.95 4.86 4.77 4.36 3.64 5.24 5.07 4.89 0.00 0.00 0.00 0.00 0.00 0.00 0.00 0.00 0.00 0.00 0.00 0.00 0.00 0.00 0.00 0.00 0.00 0.00 0.00 0.00 0.00 0.00 0.00 0.00 0.00 0.00
11.42 10.23 10.20 10.18 10.18 11.28 10.11 10.07 10.15 10.10 10.06 10.00 9.94 7.53 7.48 8.64 8.05 7.29 7.24 7.87 7.50 7.43 7.94 7.29 7.26 7.18 7.10 7.12 8.10 7.00 8.59 8.45 8.16 6.42 6.30 6.18 6.05 5.93 6.46 5.86 5.52 5.39 5.26 5.29 6.73 6.66 5.60 5.33 5.18 5.22 5.19 4.88 4.98 5.06 5.57 2.31 2.04 0.30 0.00 0.00 0.00 0.00 0.00 0.00 0.00 0.00 0.00 0.00 0.00 0.00 0.00 0.00 0.00 0.00 0.00 0.00 0.00 0.00 0.00 0.00 0.00 0.00 0.00 0.00
10.27 10.25 10.22 10.20 10.20 10.16 10.13 10.09 10.17 10.12 10.07 10.02 9.95 7.54 8.21 7.44 7.35 7.30 7.24 7.18 7.50 7.43 7.36 7.29 7.84 7.76 7.10 7.12 7.03 9.21 8.90 12.08 8.17 8.28 8.01 7.70 6.05 5.92 6.57 5.76 6.97 5.92 5.27 5.14 6.68 6.83 5.45 5.32 5.23 4.45 4.35 4.68 9.43 3.73 1.76 4.24 0.61 0.00 0.00 0.00 0.00 0.00 0.00 0.00 0.00 0.00 0.00 0.00 0.00 0.00 0.00 0.00 0.00 0.00 0.00 0.00 0.00 0.00 0.00 0.00 0.00 0.00 0.00 0.00
10.29 10.27 10.24 10.21 10.21 10.18 10.14 10.10 10.18 10.13 10.08 10.03 7.59 10.46 7.49 8.15 7.35 7.30 7.24 7.18 7.49 7.43 7.36 7.87 7.25 7.17 7.66 7.00 6.94 6.99 6.74 10.51 13.62 8.98 7.85 7.70 7.53 5.92 9.76 9.49 9.04 6.73 5.30 5.14 2.45 6.97 6.35 5.32 5.22 4.43 4.76 8.28 0.00 0.00 0.00 0.00 0.00 0.00 0.00 0.00 0.00 0.00 0.00 0.00 0.00 0.00 0.00 0.00 0.00 0.00 0.00 0.00 0.00 0.00 0.00 0.00 0.00 0.00 0.00 0.00 0.00 0.00 0.00 0.00
10.30 10.28 10.26 10.23 10.23 10.20 10.16 10.12 10.19 10.14 10.09 10.03 7.59 8.23 7.50 7.45 8.37 7.30 7.24 7.18 7.49 7.42 7.93 7.28 7.24 7.16 7.08 6.99 6.93 7.38 7.26 6.66 5.61 6.31 8.49 7.69 6.02 5.97 1.71 9.33 5.35 5.20 5.73 9.99 2.30 4.81 6.81 6.48 5.15 9.47 7.62 0.00 0.00 0.00 0.00 0.00 0.00 0.00 0.00 0.00 0.00 0.00 0.00 0.00 0.00 0.00 0.00 0.00 0.00 0.00 0.00 0.00 0.00 0.00 0.00 0.00 0.00 0.00 0.00 0.00 0.00 0.00 0.00 0.00
10.42 10.40 8.50 8.47 10.37 10.33 10.30 10.25 10.16 10.11 10.06 10.00 7.48 7.43 7.39 7.33 7.98 7.23 7.17 7.44 7.45 7.37 7.30 7.23 7.20 7.12 7.03 6.94 6.90 6.80 6.70 6.59 8.57 6.40 5.67 12.36 6.88 5.84 6.30 9.17 5.17 5.13 4.95 5.68 5.03 8.42 5.13 5.79 4.74 7.72 0.00 0.00 0.00 0.00 0.00 0.00 0.00 0.00 0.00 0.00 0.00 0.00 0.00 0.00 0.00 0.00 0.00 0.00 0.00 0.00 0.00 0.00 0.00 0.00 0.00 0.00 0.00 0.00 0.00 0.00 0.00 0.00 0.00 0.00
10.44 10.42 10.39 8.47 8.44 10.34 10.30 10.26 10.17 10.12 14.16 8.32 8.18 8.13 7.38 7.33 7.28 7.23 7.16 7.43 7.44 7.36 7.87 7.21 7.18 7.10 7.01 6.92 6.88 6.78 6.68 6.58 6.66 8.14 8.25 5.89 7.69 7.57 6.28 9.45 5.17 5.13 5.10 5.06 1.85 5.24 1.33 4.77 7.83 0.00 0.00 0.00 0.00 0.00 0.00 0.00 0.00 0.00 0.00 0.00 0.00 0.00 0.00 0.00 0.00 0.00 0.00 0.00 0.00 0.00 0.00 0.00 0.00 0.00 0.00 0.00 0.00 0.00 0.00 0.00 0.00 0.00 0.00 0.00
10.45 10.42 10.40 10.37 10.39 10.35 8.36 8.31 11.55 10.12 10.07 7.62 7.48 7.43 7.38 7.33 7.28 7.22 7.16 7.42 7.43 7.35 7.27 7.19 7.16 7.08 6.99 6.90 6.86 6.76 6.66 6.56 6.49 6.53 6.78 9.77 6.25 6.04 6.37 7.42 6.12 5.13 5.11 5.21 5.37 5.23 4.91 4.76 0.00 0.00 0.00 0.00 0.00 0.00 0.00 0.00 0.00 0.00 0.00 0.00 0.00 0.00 0.00 0.00 0.00 0.00 0.00 0.00 0.00 0.00 0.00 0.00 0.00 0.00 0.00 0.00 0.00 0.00 0.00 0.00 0.00 0.00 0.00 0.00
10.45 10.43 10.40 8.47 8.44 8.40 8.35 8.31 8.25 8.20 10.06 7.62 7.48 7.43 7.37 7.32 7.27 7.21 7.15 7.41 7.41 7.34 7.26 7.18 7.14 7.06 6.97 6.88 6.84 6.74 6.64 6.54 6.47 6.36 6.24 6.13 5.99 5.87 5.75 5.63 5.78 6.94 7.11 1.62 5.05 4.76 4.97 0.66 0.00 0.00 0.00 0.00 0.00 0.00 0.00 0.00 0.00 0.00 0.00 0.00 0.00 0.00 0.00 0.00 0.00 0.00 0.00 0.00 0.00 0.00 0.00 0.00 0.00 0.00 0.00 0.00 0.00 0.00 0.00 0.00 0.00 0.00 0.00 0.00
10.44 8.53 8.50 8.47 8.43 9.54 8.34 8.29 8.24 8.18 7.87 7.98 7.74 7.37 7.32 7.26 7.31 7.25 7.19 7.45 7.40 7.32 7.24 7.16 7.10 7.01 7.48 7.38 6.79 6.69 6.59 6.49 6.39 6.79 6.17 6.05 5.90 5.79 5.67 5.55 5.41 5.90 5.17 5.25 1.57 1.83 4.74 4.92 0.00 0.00 0.00 0.00 0.00 0.00 0.00 0.00 0.00 0.00 0.00 0.00 0.00 0.00 0.00 0.00 0.00 0.00 0.00 0.00 0.00 0.00 0.00 0.00 0.00 0.00 0.00 0.00 0.00 0.00 0.00 0.00 0.00 0.00 0.00 0.00
8.55 8.52 8.49 8.46 8.42 8.38 8.33 9.41 8.23 8.17 7.85 7.78 8.86 7.36 7.31 7.25 7.30 7.24 7.17 7.43 7.38 7.31 7.22 7.14 7.08 6.99 7.46 6.81 6.76 6.66 6.56 7.24 6.47 6.26 6.15 6.03 5.88 5.77 5.65 5.53 5.39 5.27 5.59 5.03 5.33 5.44 6.04 5.20 9.56 4.68 4.10 0.00 0.00 0.00 0.00 0.00 0.00 0.00 0.00 0.00 0.00 0.00 0.00 0.00 0.00 0.00 0.00 0.00 0.00 0.00 0.00 0.00 0.00 0.00 0.00 0.00 0.00 0.00 0.00 0.00 0.00 0.00 0.00 0.00
8.54 8.51 8.48 8.44 8.40 8.36 8.31 8.26 8.20 8.14 7.83 7.41 7.40 7.35 7.29 7.24 7.28 7.22 7.15 7.41 7.36 7.28 7.20 7.12 7.05 6.96 6.88 6.78 6.73 6.63 7.08 6.43 6.44 6.23 6.63 6.01 5.86 5.74 6.34 5.50 5.37 5.25 5.13 5.16 5.04 4.92 5.36 5.22 5.48 4.67 4.64 3.95 3.83 0.00 0.00 0.00 0.00 0.00 0.00 0.00 0.00 0.00 0.00 0.00 0.00 0.00 0.00 0.00 0.00 0.00 0.00 0.00 0.00 0.00 0.00 0.00 0.00 0.00 0.00 0.00 0.00 0.00 0.00 0.00
8.53 8.50 8.46 8.42 8.38 8.33 8.29 9.37 8.18 8.11 7.80 7.40 7.38 7.33 7.28 7.22 7.26 7.20 7.13 7.39 7.34 7.26 7.18 7.09 7.02 6.94 6.85 6.75 6.70 6.60 6.51 6.40 6.31 6.20 6.09 5.98 5.83 5.72 6.06 5.48 5.34 5.22 5.11 5.14 5.02 5.47 5.08 5.20 5.22 4.99 4.63 4.63 7.43 3.94 0.00 0.00 0.00 0.00 0.00 0.00 0.00 0.00 0.00 0.00 0.00 0.00 0.00 0.00 0.00 0.00 0.00 0.00 0.00 0.00 0.00 0.00 0.00 0.00 0.00 0.00 0.00 0.00 0.00 0.00
8.51 8.48 8.44 9.55 8.36 8.31 8.26 8.20 8.15 7.83 7.45 8.11 7.44 7.39 7.33 7.27 7.27 7.21 7.14 7.40 7.32 8.23 7.73 7.63 7.56 8.67 6.82 6.72 6.62 6.53 6.95 6.84 6.71 6.10 5.99 5.89 6.22 5.63 5.52 5.40 5.26 5.58 5.03 5.06 4.94 5.39 5.25 5.12 5.00 4.94 5.26 3.98 5.00 5.33 8.50 8.43 0.00 0.00 0.00 0.00 0.00 0.00 0.00 0.00 0.00 0.00 0.00 0.00 0.00 0.00 0.00 0.00 0.00 0.00 0.00 0.00 0.00 0.00 0.00 0.00 0.00 0.00 0.00 0.00
