New_Model_Runs/3_scn2_noclimate_out/post_prcessed_with_MFR/Monthly_summaries/net_infiltration_monthly_OCT.asc
NCOLS 700
NROWS 400
XLLCENTER 515000.000000
YLLCENTER 8409000.000000
CELLSIZE 50.000000
NODATA_value -999.000000
[rows 74 to 110 of 400, columns 415 to 497 of 700]
0.00 0.00 0.00 0.00 0.00 0.00 0.00 0.00 0.00 0.00 0.00 0.00 0.00 0.00 0.00 0.00 0.00 0.00 0.00 0.00 0.00 0.00 0.00 0.00 0.00 0.00 0.00 0.00 0.00 0.00 0.00 0.00 0.00 0.00 0.00 0.00 0.00 0.00 0.00 0.00 0.00 0.00 0.00 0.00 0.00 0.00 0.00 0.00 0.00 0.00 0.00 0.00 0.00 0.00 0.00 0.00 0.00 0.00 0.00 0.00 0.00 0.00 0.00 0.00 0.00 0.00 0.00 0.00 0.00 0.00 0.00 0.00 0.00 0.00 0.00 0.00 0.00 0.00 0.00 0.00 0.00 0.00 0.00
0.00 0.00 0.00 0.00 0.00 0.00 0.00 0.00 0.00 0.00 0.00 0.00 0.00 0.00 0.00 0.00 0.00 0.00 0.00 0.00 0.00 0.00 0.00 0.00 0.00 0.00 0.00 0.00 0.00 0.00 0.00 0.00 0.00 0.00 0.00 0.00 0.00 0.00 0.00 0.00 0.00 0.00 0.00 0.00 0.00 0.00 0.00 0.00 0.00 0.00 0.00 0.00 0.00 0.00 0.00 0.00 0.00 0.00 0.00 0.00 0.00 0.00 0.00 0.00 0.00 0.00 0.00 0.00 0.00 0.00 0.00 0.00 0.00 0.00 0.00 0.00 0.00 0.00 0.00 0.00 0.00 0.00 0.00
0.00 0.00 0.00 0.00 0.00 0.00 0.00 0.00 0.00 0.00 0.00 0.00 0.00 0.00 0.00 0.00 0.00 0.00 0.00 0.00 0.00 0.00 0.00 0.00 0.00 0.00 0.00 0.00 0.00 0.00 0.00 0.00 0.00 0.00 0.00 0.00 0.00 0.00 0.00 0.00 0.00 0.00 0.00 0.00 0.00 0.00 0.00 0.00 0.00 0.00 0.00 0.00 0.00 0.00 0.00 0.00 0.00 0.00 0.00 0.00 0.00 0.00 0.00 0.00 0.00 0.00 0.00 0.00 0.00 0.00 0.00 0.00 0.00 0.00 0.00 0.00 0.00 0.00 0.00 0.00 0.00 0.00 0.00
0.00 0.00 0.00 0.00 0.00 0.00 0.00 0.00 0.00 0.00 0.00 0.00 0.00 0.00 0.00 0.00 0.00 0.00 0.00 0.00 0.00 0.00 0.00 0.00 0.00 0.00 0.00 0.00 0.00 0.00 0.00 0.00 0.00 0.00 0.00 0.00 0.00 0.00 0.00 0.00 0.00 0.00 0.00 0.00 0.00 0.00 0.00 0.00 0.00 0.00 0.00 0.00 0.00 0.00 0.00 0.00 0.00 0.00 0.00 0.00 0.00 0.00 0.00 0.00 0.00 0.00 0.00 0.00 0.00 0.00 0.00 0.00 0.00 0.00 0.00 0.00 0.00 0.00 0.00 0.00 0.00 0.00 0.00
0.00 0.00 0.00 0.00 0.00 0.00 0.00 0.00 0.00 0.00 0.00 0.00 0.00 0.00 0.00 0.00 2.23 0.00 0.00 0.00 0.00 0.00 0.00 0.00 0.00 0.00 0.00 0.00 0.00 0.00 0.00 0.00 0.00 0.00 0.00 0.00 0.00 0.00 0.00 0.00 0.00 0.00 0.00 0.00 0.00 0.00 0.00 0.00 0.00 0.00 0.00 0.00 0.00 0.00 0.00 0.00 0.00 0.00 0.00 0.00 0.00 0.00 0.00 0.00 0.00 0.00 0.00 0.00 0.00 0.00 0.00 0.00 0.00 0.00 0.00 0.00 0.00 0.00 0.00 0.00 0.00 0.00 0.00
0.00 0.00 0.00 0.00 0.00 0.00 0.00 0.00 0.00 0.00 0.00 0.00 0.00 0.00 0.00 0.00 4.93 0.00 0.00 0.00 0.00 0.00 0.00 0.00 0.00 0.00 0.00 0.00 0.00 0.00 0.00 0.00 0.00 0.00 0.00 0.00 0.00 0.00 0.00 0.00 0.00 0.00 0.00 0.00 0.00 0.00 0.00 0.00 0.00 0.00 0.00 0.00 0.00 0.00 0.00 0.00 0.00 0.00 0.00 0.00 0.00 0.00 0.00 0.00 0.00 0.00 0.00 0.00 0.00 0.00 0.00 0.00 0.00 0.00 0.00 0.00 0.00 0.00 0.00 0.00 0.00 0.00 0.00
0.00 0.00 0.00 0.00 0.00 0.00 0.00 0.00 0.00 0.00 0.00 0.00 0.00 0.00 0.00 1.58 6.06 0.00 0.00 0.00 0.00 0.00 0.00 0.00 0.00 0.00 0.00 0.00 0.00 0.00 0.00 0.00 0.00 0.00 0.00 0.00 0.00 0.00 0.00 0.00 0.00 0.00 0.00 0.00 0.00 0.00 0.00 0.00 0.00 0.00 0.00 0.00 0.00 0.00 0.00 0.00 0.00 0.00 0.00 0.00 0.00 0.00 0.00 0.00 0.00 0.00 0.00 0.00 0.00 0.00 0.00 0.00 0.00 0.00 0.00 0.00 0.00 0.00 0.00 0.00 0.00 0.00 0.00
0.00 0.00 0.00 0.00 0.00 0.00 0.00 0.00 0.00 0.00 0.00 0.00 0.00 0.00 1.67 6.18 6.15 1.59 0.00 0.00 0.00 0.00 0.00 0.00 0.00 0.00 0.00 0.00 0.00 0.00 0.00 0.00 0.00 0.00 0.00 0.00 0.00 0.00 0.00 0.00 0.00 0.00 0.00 0.00 0.00 0.00 0.00 0.00 0.00 0.00 0.00 0.00 0.00 0.00 0.00 0.00 0.00 0.00 0.00 0.00 0.00 0.00 0.00 0.00 0.00 0.00 0.00 0.00 0.00 0.00 0.00 0.00 0.00 0.00 0.00 0.00 0.00 0.00 0.00 0.00 0.00 0.00 0.00
0.00 0.00 0.00 0.00 6.72 6.69 6.66 0.00 0.00 0.00 0.00 0.00 6.45 6.33 7.01 6.26 6.23 6.18 0.00 0.00 0.00 0.00 0.00 0.00 0.00 0.00 0.00 0.00 0.00 0.00 0.00 0.00 0.00 0.00 0.00 0.00 0.00 0.00 0.00 0.00 0.00 0.00 0.00 0.00 0.00 0.00 0.00 0.00 0.00 0.00 0.00 0.00 0.00 0.00 0.00 0.00 0.00 0.00 0.00 0.00 0.00 2.77 0.00 0.00 0.00 0.00 0.00 0.00 0.00 0.00 0.00 0.00 0.00 0.00 0.00 0.00 0.00 0.00 0.00 0.00 0.00 0.00 0.00
0.00 6.89 6.81 6.84 6.81 6.78 6.75 6.72 0.00 0.00 0.00 6.09 6.06 6.41 7.10 6.35 6.31 1.73 0.00 0.00 0.00 0.00 0.00 0.00 0.00 0.00 0.00 0.00 0.00 0.00 0.00 0.00 0.00 0.00 0.00 0.00 0.00 0.00 0.00 0.00 0.00 0.00 0.00 0.00 0.00 0.00 0.00 0.00 0.00 0.00 0.00 0.00 0.00 0.00 0.00 0.00 0.00 0.00 0.00 0.00 0.00 5.32 0.00 0.00 0.00 0.00 0.00 0.00 0.00 0.00 0.00 0.00 0.00 0.00 5.28 1.77 0.00 0.00 0.00 0.00 0.00 0.00 0.00
6.13 6.02 6.00 5.98 5.95 6.40 6.80 6.78 6.75 6.63 6.60 6.57 6.54 6.48 6.45 6.41 6.38 1.79 0.00 0.00 0.00 0.00 0.00 0.00 0.00 0.00 0.00 0.00 0.00 0.00 0.00 0.00 0.00 0.00 0.00 0.00 0.00 0.00 0.00 0.00 0.00 0.00 0.00 0.00 0.00 0.00 0.00 0.00 0.00 0.00 0.00 0.00 0.00 0.00 0.00 0.00 0.00 0.00 0.00 0.00 0.00 5.42 5.40 0.00 0.00 0.00 0.00 0.00 0.00 0.00 0.00 0.00 0.00 5.51 5.45 4.49 0.00 0.00 0.00 0.00 0.00 0.00 0.00
6.21 6.10 6.15 6.06 6.03 5.95 6.89 6.86 6.83 6.72 6.69 6.65 6.62 6.56 6.53 6.49 6.46 1.86 0.00 0.00 0.00 0.00 0.00 0.00 0.00 0.00 0.00 0.00 0.00 0.00 0.00 0.00 2.27 6.48 2.22 0.00 0.00 0.00 0.00 0.00 0.00 0.00 0.00 0.00 0.00 0.00 0.00 0.00 0.00 0.00 0.00 0.00 0.00 0.00 0.00 0.00 0.00 0.00 0.00 0.00 0.00 5.50 5.48 0.00 0.00 0.00 0.00 0.00 0.00 0.00 0.00 0.00 2.78 6.23 5.12 4.56 1.85 0.00 0.00 0.00 0.00 0.00 0.00
7.16 6.19 6.16 6.14 6.11 6.03 6.55 5.98 5.95 7.52 6.77 6.74 6.70 6.65 6.61 6.58 6.54 6.63 0.00 0.00 0.00 0.00 0.00 0.00 0.00 0.00 0.00 0.00 0.00 0.00 0.00 0.00 6.10 6.05 6.03 0.00 0.00 0.00 0.00 0.00 0.00 0.00 0.00 0.00 0.00 0.00 0.00 0.00 0.00 0.00 3.84 3.11 0.00 0.00 0.00 0.00 0.00 0.00 0.00 0.00 0.00 5.59 5.57 5.81 0.00 0.00 0.00 0.00 0.00 0.00 0.00 0.00 5.30 5.22 5.20 4.64 4.62 1.88 0.00 0.00 0.00 0.00 0.00
6.37 6.26 6.24 6.77 6.19 6.11 6.08 6.59 6.03 6.89 6.85 6.82 6.79 6.73 6.69 6.66 6.62 6.71 0.00 0.00 0.00 0.00 0.00 0.00 0.00 0.00 0.00 0.00 0.00 0.00 0.00 6.08 6.18 6.13 6.11 0.00 0.00 0.00 0.00 0.00 0.00 0.00 0.00 0.00 0.00 0.00 0.00 0.00 0.00 0.00 6.47 3.18 3.17 0.00 0.00 0.00 0.00 0.00 0.00 0.00 0.00 5.94 5.65 5.63 5.61 5.53 0.00 6.59 5.46 5.45 5.42 0.00 5.97 5.30 5.28 4.72 4.69 4.67 0.00 0.00 0.00 0.00 0.00
6.47 6.91 6.32 6.30 6.27 6.15 6.67 6.64 6.07 5.98 5.95 6.89 6.85 5.96 6.89 6.85 6.82 5.95 0.00 0.00 0.00 0.00 0.00 0.00 0.00 0.00 0.00 0.00 0.00 0.00 1.70 6.29 6.26 6.23 0.00 0.00 0.00 0.00 0.00 0.00 0.00 0.00 0.00 0.00 0.00 0.00 0.00 0.00 0.00 0.00 6.05 6.03 6.01 3.22 3.20 0.00 0.00 0.00 0.00 0.00 0.00 6.77 6.41 5.74 5.72 5.60 5.58 5.56 5.54 5.48 5.46 6.08 6.37 5.38 7.55 4.79 4.77 4.81 0.00 0.00 0.00 0.00 0.00
6.55 6.43 6.40 6.94 6.35 6.23 6.20 6.17 6.14 6.06 6.56 5.99 5.96 6.03 5.99 5.96 6.89 6.02 0.00 0.00 0.00 0.00 0.00 0.00 0.00 0.00 0.00 1.84 0.00 0.00 7.10 6.36 6.34 6.31 0.00 0.00 0.00 0.00 0.00 0.00 0.00 0.00 0.00 0.00 0.00 0.00 0.00 0.00 0.00 0.00 6.13 6.11 6.09 6.11 6.09 0.00 0.00 0.00 0.00 0.00 0.00 6.52 5.84 5.82 5.80 5.69 5.67 7.28 5.63 6.22 5.55 5.52 5.50 6.10 5.45 4.87 4.85 4.89 5.28 0.00 0.00 0.00 0.00
6.63 6.51 6.48 6.45 6.43 6.30 6.27 6.24 6.22 6.13 6.10 6.07 6.04 6.10 6.06 6.03 6.00 8.00 0.00 0.00 0.00 0.00 0.00 0.00 0.00 2.25 6.68 6.65 6.61 6.50 6.47 6.44 6.41 0.00 0.00 0.00 0.00 0.00 0.00 0.00 0.00 0.00 0.00 0.00 0.00 0.00 0.00 0.00 0.00 3.41 6.22 6.20 6.18 6.20 6.18 0.00 0.00 0.00 0.00 0.00 0.00 0.00 5.93 5.91 5.89 5.78 5.76 5.74 5.72 5.66 5.63 5.61 5.59 5.56 5.53 4.95 4.93 4.97 5.37 4.91 4.89 0.00 4.82
6.71 6.58 6.56 6.53 6.50 6.38 6.35 6.32 6.29 6.20 6.17 6.14 6.11 6.17 6.13 6.10 6.07 8.10 8.05 0.00 0.00 0.00 0.00 0.00 6.87 6.79 6.75 6.72 6.69 6.66 6.63 6.51 6.48 0.00 0.00 0.00 0.00 0.00 0.00 0.00 0.00 0.00 0.00 0.00 0.00 0.00 0.00 0.00 0.00 0.00 6.31 6.29 6.27 6.29 0.00 0.00 0.00 0.00 0.00 0.00 0.00 6.04 6.02 6.00 5.98 5.87 5.85 5.83 5.81 5.75 5.72 5.70 5.68 5.65 5.62 5.03 5.43 5.05 5.02 5.00 4.97 4.92 4.90
6.84 6.71 6.69 6.66 6.63 6.43 6.40 6.37 6.34 6.30 6.27 6.24 6.21 6.32 6.29 6.25 8.18 8.24 8.92 0.00 0.00 0.00 0.00 0.00 6.48 6.83 6.79 6.29 6.88 6.83 6.19 6.62 0.00 0.00 0.00 0.00 0.00 0.00 0.00 0.00 0.00 0.00 0.00 0.00 0.00 0.00 0.00 0.00 0.00 0.00 6.40 6.39 6.37 0.00 0.00 0.00 0.00 0.00 0.00 0.00 0.00 7.56 6.10 6.08 6.06 5.88 5.86 5.84 6.50 6.46 5.75 5.73 5.70 5.79 5.76 5.16 5.14 5.63 5.62 5.14 5.11 5.08 5.05
9.13 7.79 6.76 6.73 6.70 6.50 6.47 6.44 6.98 6.37 6.34 6.31 6.28 6.39 6.36 8.32 9.02 8.33 8.29 9.62 0.00 0.00 0.00 0.00 6.31 6.90 6.86 6.83 6.80 6.75 6.72 6.69 0.00 0.00 0.00 0.00 0.00 0.00 0.00 0.00 0.00 0.00 0.00 0.00 0.00 0.00 0.00 0.00 0.00 0.00 0.00 6.47 6.46 0.00 0.00 0.00 0.00 0.00 0.00 0.00 8.15 7.68 6.19 6.17 6.15 5.97 5.95 5.93 5.91 5.86 5.84 6.86 5.79 5.88 5.85 5.25 5.22 5.28 5.25 5.22 5.19 5.17 5.14
9.23 7.89 6.83 6.81 7.33 6.57 6.54 6.51 6.48 6.44 6.41 6.38 6.35 7.58 6.43 8.42 9.75 6.40 6.36 6.33 8.29 5.86 8.25 8.13 8.08 6.00 5.97 6.90 6.87 6.83 6.80 6.76 0.00 0.00 0.00 0.00 0.00 0.00 0.00 0.00 0.00 0.00 0.00 0.00 0.00 0.00 0.00 0.00 0.00 0.00 0.00 6.56 6.54 6.56 6.55 0.00 0.00 0.00 0.00 8.08 8.05 7.80 6.28 7.36 7.47 6.06 6.04 6.02 6.69 5.95 6.62 6.59 5.88 5.97 5.94 5.33 5.30 5.36 5.34 5.31 5.43 7.30 7.26
9.54 6.93 6.90 6.88 6.85 6.64 7.17 6.58 6.55 6.51 6.48 6.44 6.98 6.53 6.49 6.46 6.42 6.47 6.43 6.40 6.36 7.24 7.19 8.93 8.17 6.06 6.03 6.00 5.97 6.90 6.87 6.84 0.00 0.00 0.00 0.00 0.00 0.00 0.00 0.00 0.00 0.00 0.00 0.00 0.00 0.00 0.00 0.00 0.00 0.00 0.00 6.64 6.45 6.65 8.30 8.28 6.60 6.60 8.23 8.20 8.18 7.92 6.34 6.35 7.02 6.14 6.12 6.10 6.08 6.04 6.02 6.00 5.97 6.06 6.03 5.41 5.39 5.45 6.85 7.04 8.37 6.31 10.31
9.50 8.51 8.14 8.10 7.00 6.75 6.72 7.27 6.65 6.56 6.53 6.49 6.46 6.56 6.53 6.49 6.46 6.54 6.51 6.47 6.44 6.22 7.21 8.36 8.25 6.11 6.08 6.05 6.81 6.04 7.69 7.66 0.00 0.00 0.00 0.00 0.00 0.00 0.00 0.00 0.00 0.00 0.00 0.00 0.00 0.00 0.00 0.00 0.00 0.00 0.00 7.75 5.62 6.72 8.39 6.69 6.67 8.03 8.23 8.21 8.18 6.36 6.34 6.32 7.01 6.24 6.22 6.20 6.18 6.29 6.26 6.24 6.22 6.33 6.31 5.66 5.64 7.15 7.27 8.13 6.34 4.39 0.00
9.83 9.81 8.34 8.19 7.63 7.40 6.78 6.75 6.72 6.62 6.59 6.55 6.52 6.63 6.59 6.56 6.52 6.61 6.57 6.54 8.77 8.81 9.37 8.53 8.34 6.17 6.14 6.11 6.08 10.50 7.78 7.75 0.00 0.00 0.00 0.00 0.00 0.00 0.00 0.00 0.00 0.00 0.00 0.00 0.00 0.00 0.00 0.00 0.00 0.00 7.66 6.82 5.71 6.80 8.51 6.77 6.76 8.37 8.35 8.32 6.64 6.41 6.39 6.37 6.35 6.32 6.30 6.29 6.27 6.35 6.36 6.33 6.30 6.39 6.37 5.75 7.19 7.34 9.28 7.99 11.12 0.00 0.00
13.65 9.92 9.73 7.79 7.13 6.88 6.84 7.40 6.78 6.68 6.65 6.61 6.58 6.69 6.65 6.62 6.58 6.67 6.63 8.75 8.71 8.56 9.47 9.89 8.42 6.23 6.20 7.89 7.85 7.89 7.93 7.83 0.00 0.00 0.00 0.00 0.00 0.00 0.00 0.00 0.00 0.00 0.00 0.00 0.00 0.00 0.00 0.00 0.00 7.75 6.92 6.90 6.89 6.89 8.63 6.86 6.84 8.49 8.47 6.74 6.72 6.50 6.48 6.46 6.44 6.38 6.36 6.34 6.36 6.44 6.41 6.39 6.36 6.48 6.45 5.52 7.21 7.99 10.19 11.30 0.15 0.00 0.00
11.50 10.01 9.83 7.22 7.19 6.93 6.90 6.87 7.42 6.74 6.71 6.67 6.64 6.75 6.71 6.68 6.64 6.73 8.83 8.78 8.73 8.71 8.66 8.55 8.51 8.03 8.00 7.97 7.93 7.97 7.94 7.91 0.00 0.00 0.00 0.00 0.00 0.00 0.00 0.00 0.00 0.00 0.00 0.00 0.00 0.00 0.00 0.00 0.00 7.02 7.84 5.90 6.97 8.76 8.74 6.94 8.71 8.61 8.59 7.97 6.81 6.58 6.56 6.54 6.52 6.46 6.45 6.43 6.41 6.52 6.50 6.47 6.45 6.57 8.17 10.98 11.10 8.29 11.18 0.15 0.00 0.00 0.00
10.39 11.23 10.30 9.85 9.56 7.00 6.97 7.54 6.91 6.79 6.75 6.72 6.68 6.80 6.76 6.73 6.69 6.78 8.90 8.85 8.80 8.62 8.70 11.75 8.21 8.08 8.05 8.02 7.99 8.14 8.11 0.00 0.00 0.00 0.00 0.00 0.00 0.00 0.00 0.00 0.00 0.00 0.00 0.00 0.00 0.00 0.00 0.00 7.15 9.47 7.07 5.99 5.98 8.79 8.77 8.75 8.73 8.45 6.73 6.72 7.53 6.66 6.64 6.62 6.61 6.77 6.75 6.73 6.71 6.80 6.77 6.75 6.72 6.72 12.23 11.96 4.89 0.04 3.81 0.00 0.00 0.00 0.00
10.30 10.02 9.98 10.35 9.64 9.32 7.03 9.24 6.96 6.84 6.81 6.77 6.74 6.86 6.82 6.79 6.75 9.02 8.98 8.93 8.88 8.69 10.52 12.63 8.28 8.16 8.13 8.10 8.07 8.21 8.19 0.00 0.00 0.00 0.00 0.00 0.00 0.00 0.00 0.00 6.64 7.39 7.37 0.00 0.00 7.28 7.27 7.72 7.24 7.16 6.10 6.08 6.07 8.90 8.89 8.87 8.85 6.83 8.57 7.64 6.79 6.75 6.73 6.71 6.69 6.86 6.84 8.55 8.52 8.64 6.86 6.83 7.00 12.39 2.84 0.05 0.20 0.08 1.81 8.37 0.00 0.00 0.00
10.29 9.83 7.40 8.54 7.34 8.21 7.71 8.13 8.09 6.90 6.86 6.83 7.40 6.91 6.88 6.84 8.97 9.10 9.05 9.78 10.90 10.67 10.62 11.48 8.35 8.23 8.20 8.18 8.15 8.29 8.27 0.00 0.00 0.00 0.00 0.00 0.00 0.00 0.00 0.00 6.72 6.68 6.67 6.65 6.63 7.37 7.35 7.71 8.24 7.21 6.19 6.17 6.16 9.02 9.00 10.98 7.12 6.91 7.75 6.89 6.87 6.83 6.81 6.80 6.78 6.95 6.93 8.67 8.64 8.76 8.73 12.32 12.80 2.35 0.01 0.00 0.00 0.00 4.82 2.89 4.23 0.00 0.00
10.45 9.90 7.45 7.42 7.39 8.27 7.13 7.10 7.07 7.55 6.91 6.88 6.84 6.96 6.93 6.89 9.05 9.17 11.11 11.05 11.00 10.76 10.71 10.67 8.43 8.30 8.28 8.25 8.22 8.37 8.35 0.00 0.00 0.00 0.00 0.00 0.00 0.00 0.00 0.00 6.79 6.76 7.75 6.73 6.71 7.32 6.65 6.63 7.41 6.30 7.32 9.23 9.21 9.14 9.87 9.10 9.08 6.99 6.98 6.97 6.96 6.92 6.90 6.88 6.87 7.03 7.01 8.79 8.76 9.28 12.72 8.73 1.50 0.07 0.06 0.01 0.56 0.55 2.93 8.19 2.75 4.23 0.00
7.58 9.83 7.40 7.37 7.34 7.17 9.46 7.10 7.07 7.04 7.00 6.97 6.93 6.98 6.95 6.91 7.49 11.01 10.95 10.90 10.85 10.66 10.61 10.57 8.36 8.47 8.45 8.42 8.40 8.54 8.52 9.16 0.00 0.00 0.00 0.00 0.00 0.00 0.00 9.10 9.23 7.00 6.88 6.80 6.78 6.68 6.67 6.96 6.64 9.32 9.30 9.28 10.02 9.10 9.08 9.06 9.04 7.07 7.06 7.05 7.04 7.24 7.22 7.20 7.19 7.31 9.21 9.26 12.85 12.73 9.23 1.55 1.54 0.11 0.42 0.05 0.04 0.03 2.52 1.27 4.89 12.45 7.24
8.87 7.47 8.10 7.42 7.39 7.21 7.18 9.48 7.12 7.08 7.05 7.01 6.98 7.03 7.00 11.90 8.78 13.43 11.04 10.98 10.93 10.75 10.71 8.46 8.43 8.54 8.52 8.50 8.47 8.62 9.82 8.58 0.00 0.00 0.00 0.00 0.00 0.00 0.00 3.45 9.33 9.06 9.03 6.87 6.85 6.76 7.42 7.40 8.79 8.71 8.69 9.90 9.37 9.21 9.96 9.17 9.16 7.16 7.15 7.13 7.12 9.25 9.23 9.20 9.12 9.36 9.33 9.49 9.46 7.31 7.28 7.25 1.57 1.57 0.14 0.08 0.22 0.21 2.26 6.02 11.74 8.10 6.28
7.66 7.51 7.48 7.46 7.43 7.89 7.22 7.19 7.16 7.12 7.09 7.06 7.02 14.21 10.64 8.87 8.83 8.81 8.77 8.73 11.02 10.83 8.55 8.52 8.50 8.61 8.59 8.57 8.55 8.70 8.67 12.47 6.13 0.00 0.00 0.00 0.00 0.00 3.93 2.02 8.80 10.70 10.25 8.01 6.93 6.83 6.82 6.80 9.73 8.82 9.63 8.77 8.75 9.32 9.30 9.28 9.27 7.24 7.22 9.10 9.08 9.37 9.34 9.32 9.29 8.75 8.79 12.74 7.42 7.39 7.52 7.82 7.31 1.60 0.18 0.11 9.58 11.95 11.68 8.01 8.13 6.77 5.89
7.70 7.55 7.52 7.49 7.46 7.29 7.26 7.23 7.20 7.16 7.13 7.10 8.94 10.14 8.96 8.92 10.01 9.97 8.82 8.79 8.76 8.63 8.61 8.58 8.56 8.68 8.66 8.64 10.08 10.05 8.79 12.79 9.94 6.71 12.45 6.78 5.97 5.97 2.18 9.09 9.60 7.81 7.03 7.02 7.00 6.90 6.89 6.88 8.99 8.92 9.73 8.88 8.86 8.71 8.69 10.31 10.08 7.31 7.30 7.29 9.19 8.75 9.34 8.71 8.69 12.66 11.02 9.37 6.70 7.98 11.52 11.55 11.37 12.93 12.41 12.05 8.46 8.27 8.86 6.08 6.05 5.98 5.95
10.09 7.48 7.46 7.43 7.40 10.26 10.21 7.23 7.20 7.19 9.05 10.16 8.97 8.96 8.92 8.88 8.84 8.77 9.86 8.71 8.68 8.75 8.73 8.71 8.69 8.91 8.89 8.87 8.85 8.93 15.19 8.97 10.61 2.96 2.80 6.45 6.15 3.03 9.23 10.31 9.83 7.13 7.13 7.11 7.10 6.96 6.95 6.93 9.07 8.91 12.68 6.78 8.85 8.75 6.68 7.33 6.66 6.74 6.73 6.72 6.71 6.91 6.89 6.88 8.99 12.80 4.30 4.29 7.99 13.42 6.75 6.73 8.77 8.78 9.35 8.33 8.55 8.20 8.07 6.08 6.05 5.99 6.51
6.45 6.36 6.34 7.05 6.29 6.21 6.19 6.16 6.14 6.13 9.09 10.21 9.01 9.00 8.96 8.93 8.89 9.95 9.91 8.76 8.73 8.81 8.79 8.77 8.75 8.97 8.95 8.93 8.91 9.00 15.35 10.61 10.27 10.54 2.98 2.54 12.45 9.34 9.17 9.14 9.64 8.41 8.46 7.11 7.10 7.03 7.02 7.00 6.99 7.58 6.86 6.85 6.83 6.76 6.75 6.73 6.72 6.81 6.80 6.79 6.78 6.98 6.96 6.95 9.16 8.00 4.36 4.34 8.45 11.08 7.85 6.80 6.77 6.67 9.40 8.53 8.38 8.53 8.16 6.14 6.11 6.60 6.02
6.47 6.37 7.09 6.34 6.32 6.23 6.21 6.19 6.16 6.15 6.13 9.09 9.05 9.04 9.00 10.11 8.93 8.86 9.96 8.80 8.78 8.86 8.84 8.82 8.80 9.02 9.01 8.99 8.97 11.65 7.39 10.56 10.38 10.80 3.29 8.64 14.52 9.29 11.01 9.26 10.92 13.21 9.63 7.18 7.16 7.10 7.08 7.07 7.06 6.94 8.01 6.92 6.90 6.83 6.81 6.80 6.79 6.88 6.87 6.86 6.85 7.04 7.03 9.38 12.50 7.21 8.03 8.19 11.20 9.25 11.00 8.31 7.87 6.73 7.70 12.46 8.46 8.39 6.23 7.14 6.17 6.11 6.08
