New_Model_Runs/3_scn2_noclimate_out/post_prcessed_with_MFR/Monthly_summaries/rainfall_monthly_DEC.asc
NCOLS 700
NROWS 400
XLLCENTER 515000.000000
YLLCENTER 8409000.000000
CELLSIZE 50.000000
NODATA_value -999.000000
[rows 108 to 143 of 400, columns 405 to 485 of 700]
19.16 19.11 19.05 19.00 18.94 18.89 18.84 18.78 18.73 18.67 18.61 18.56 18.50 18.43 18.37 18.30 18.24 18.17 18.11 18.04 17.97 17.90 17.84 17.77 17.70 17.63 17.57 17.51 17.45 17.39 17.33 17.28 17.24 17.19 17.15 17.11 17.07 17.03 16.99 16.94 16.90 16.86 16.82 16.78 16.74 16.70 16.66 16.62 16.58 16.55 16.51 16.47 16.43 16.39 16.36 16.32 16.29 16.26 16.23 16.20 16.17 16.14 16.10 16.06 16.03 16.00 15.97 15.94 15.92 15.89 15.86 15.83 15.80 15.76 15.72 15.67 15.63 15.58 15.53 15.48 15.43
19.24 19.18 19.13 19.08 19.02 18.97 18.91 18.86 18.80 18.75 18.69 18.64 18.58 18.52 18.46 18.39 18.33 18.26 18.20 18.13 18.06 18.00 17.94 17.87 17.81 17.74 17.68 17.62 17.56 17.51 17.46 17.41 17.37 17.33 17.29 17.25 17.21 17.17 17.14 17.10 17.06 17.02 16.98 16.94 16.90 16.86 16.83 16.79 16.75 16.71 16.68 16.64 16.60 16.57 16.53 16.50 16.47 16.44 16.41 16.38 16.35 16.31 16.28 16.24 16.20 16.17 16.14 16.11 16.08 16.06 16.03 16.00 15.96 15.92 15.88 15.84 15.79 15.74 15.69 15.64 15.59
19.30 19.24 19.19 19.14 19.08 19.03 18.97 18.92 18.87 18.81 18.76 18.70 18.65 18.59 18.53 18.47 18.41 18.34 18.28 18.22 18.15 18.09 18.03 17.96 17.90 17.84 17.78 17.72 17.66 17.61 17.57 17.53 17.49 17.45 17.42 17.38 17.35 17.31 17.28 17.24 17.20 17.16 17.13 17.09 17.05 17.02 16.98 16.95 16.91 16.87 16.84 16.81 16.77 16.74 16.70 16.67 16.64 16.61 16.58 16.55 16.52 16.48 16.45 16.41 16.37 16.34 16.31 16.28 16.25 16.22 16.19 16.16 16.13 16.08 16.04 16.00 15.95 15.90 15.85 15.80 15.74
19.35 19.29 19.24 19.19 19.13 19.08 19.03 18.98 18.92 18.87 18.81 18.76 18.71 18.66 18.60 18.54 18.48 18.42 18.36 18.30 18.24 18.17 18.11 18.05 17.99 17.93 17.87 17.81 17.76 17.72 17.68 17.64 17.61 17.58 17.54 17.51 17.47 17.44 17.41 17.38 17.34 17.31 17.27 17.24 17.20 17.17 17.14 17.10 17.07 17.03 17.00 16.97 16.94 16.90 16.87 16.84 16.81 16.78 16.75 16.72 16.68 16.65 16.61 16.58 16.54 16.50 16.47 16.44 16.42 16.39 16.36 16.32 16.28 16.24 16.20 16.15 16.11 16.06 16.01 15.95 15.89
19.39 19.33 19.28 19.23 19.17 19.12 19.07 19.02 18.97 18.91 18.86 18.81 18.76 18.71 18.66 18.60 18.54 18.48 18.42 18.37 18.31 18.25 18.19 18.13 18.07 18.01 17.96 17.90 17.86 17.81 17.78 17.75 17.72 17.69 17.65 17.62 17.59 17.57 17.54 17.50 17.47 17.44 17.41 17.38 17.35 17.32 17.28 17.25 17.22 17.19 17.16 17.13 17.10 17.06 17.03 17.00 16.97 16.94 16.92 16.88 16.85 16.81 16.78 16.74 16.70 16.67 16.63 16.60 16.58 16.55 16.51 16.48 16.44 16.40 16.36 16.31 16.26 16.21 16.16 16.10 16.04
19.41 19.36 19.30 19.25 19.20 19.15 19.10 19.05 19.00 18.95 18.90 18.85 18.80 18.75 18.70 18.65 18.59 18.54 18.48 18.43 18.37 18.31 18.26 18.20 18.15 18.09 18.04 17.99 17.94 17.90 17.87 17.85 17.82 17.79 17.76 17.73 17.71 17.68 17.66 17.63 17.60 17.57 17.54 17.52 17.49 17.46 17.43 17.40 17.37 17.34 17.31 17.28 17.25 17.22 17.19 17.16 17.13 17.10 17.07 17.04 17.01 16.97 16.93 16.90 16.86 16.82 16.79 16.76 16.73 16.70 16.67 16.63 16.59 16.55 16.51 16.46 16.41 16.36 16.30 16.24 16.18
19.42 19.37 19.32 19.27 19.21 19.17 19.12 19.07 19.02 18.97 18.92 18.88 18.83 18.78 18.73 18.69 18.63 18.58 18.53 18.48 18.43 18.37 18.32 18.27 18.21 18.16 18.11 18.06 18.02 17.99 17.96 17.94 17.91 17.89 17.86 17.84 17.81 17.79 17.77 17.74 17.72 17.69 17.67 17.65 17.62 17.59 17.57 17.54 17.51 17.49 17.46 17.43 17.40 17.37 17.34 17.31 17.28 17.25 17.23 17.19 17.16 17.12 17.09 17.05 17.01 16.97 16.94 16.91 16.88 16.85 16.82 16.78 16.74 16.70 16.65 16.60 16.55 16.50 16.44 16.38 16.32
19.41 19.36 19.31 19.26 19.21 19.17 19.12 19.07 19.03 18.98 18.94 18.89 18.85 18.80 18.76 18.71 18.66 18.62 18.57 18.52 18.47 18.42 18.37 18.32 18.27 18.22 18.17 18.13 18.09 18.06 18.04 18.02 18.00 17.98 17.96 17.93 17.91 17.89 17.87 17.85 17.83 17.81 17.79 17.77 17.74 17.72 17.70 17.67 17.65 17.63 17.60 17.57 17.54 17.52 17.49 17.46 17.43 17.40 17.37 17.34 17.30 17.27 17.23 17.19 17.16 17.12 17.09 17.06 17.03 17.00 16.96 16.92 16.88 16.84 16.79 16.74 16.69 16.63 16.57 16.51 16.45
19.39 19.35 19.30 19.26 19.21 19.16 19.12 19.07 19.03 18.99 18.94 18.90 18.86 18.81 18.77 18.73 18.69 18.64 18.60 18.55 18.50 18.46 18.41 18.37 18.32 18.27 18.23 18.19 18.16 18.13 18.11 18.09 18.08 18.06 18.04 18.03 18.01 17.98 17.96 17.95 17.94 17.92 17.90 17.88 17.86 17.84 17.82 17.80 17.78 17.76 17.73 17.70 17.68 17.66 17.63 17.60 17.57 17.54 17.51 17.48 17.45 17.41 17.37 17.34 17.30 17.26 17.23 17.20 17.17 17.14 17.10 17.06 17.02 16.97 16.93 16.87 16.82 16.76 16.70 16.64 16.57
19.36 19.31 19.26 19.22 19.18 19.14 19.09 19.05 19.01 18.97 18.93 18.89 18.85 18.81 18.77 18.73 18.69 18.65 18.61 18.57 18.53 18.49 18.45 18.40 18.36 18.32 18.28 18.24 18.21 18.19 18.17 18.16 18.14 18.13 18.12 18.10 18.09 18.07 18.05 18.04 18.03 18.01 18.00 17.98 17.97 17.96 17.94 17.92 17.90 17.88 17.85 17.83 17.81 17.78 17.75 17.73 17.70 17.67 17.64 17.61 17.58 17.54 17.50 17.47 17.43 17.40 17.36 17.33 17.30 17.27 17.23 17.19 17.15 17.10 17.05 17.00 16.94 16.88 16.82 16.76 16.69
19.32 19.27 19.22 19.18 19.15 19.10 19.06 19.03 18.99 18.95 18.91 18.88 18.84 18.81 18.77 18.73 18.69 18.66 18.62 18.58 18.55 18.51 18.48 18.44 18.40 18.36 18.32 18.29 18.27 18.24 18.23 18.22 18.21 18.20 18.19 18.18 18.16 18.15 18.14 18.13 18.12 18.11 18.10 18.09 18.07 18.07 18.05 18.03 18.01 17.99 17.97 17.95 17.93 17.90 17.88 17.86 17.83 17.80 17.77 17.74 17.70 17.67 17.63 17.60 17.56 17.53 17.49 17.46 17.43 17.40 17.36 17.32 17.28 17.23 17.17 17.12 17.06 17.00 16.94 16.87 16.80
19.26 19.21 19.17 19.13 19.09 19.05 19.02 18.98 18.95 18.91 18.88 18.84 18.81 18.78 18.75 18.71 18.68 18.65 18.61 18.58 18.55 18.52 18.49 18.45 18.42 18.38 18.35 18.32 18.30 18.28 18.27 18.26 18.25 18.25 18.24 18.23 18.23 18.22 18.21 18.20 18.19 18.19 18.18 18.17 18.16 18.15 18.14 18.12 18.11 18.09 18.08 18.06 18.04 18.02 17.99 17.97 17.95 17.92 17.89 17.86 17.82 17.79 17.75 17.71 17.68 17.65 17.62 17.58 17.55 17.51 17.48 17.43 17.39 17.34 17.29 17.23 17.17 17.11 17.04 16.97 16.90
19.19 19.15 19.10 19.06 19.03 19.00 18.96 18.93 18.90 18.87 18.84 18.81 18.78 18.75 18.72 18.69 18.67 18.64 18.61 18.58 18.55 18.52 18.50 18.47 18.44 18.41 18.38 18.36 18.34 18.32 18.31 18.30 18.30 18.29 18.29 18.29 18.29 18.28 18.28 18.27 18.27 18.27 18.26 18.26 18.25 18.24 18.23 18.22 18.21 18.19 18.18 18.17 18.15 18.13 18.10 18.08 18.06 18.03 18.00 17.97 17.94 17.90 17.87 17.83 17.80 17.77 17.74 17.70 17.67 17.63 17.59 17.55 17.50 17.45 17.40 17.34 17.27 17.21 17.14 17.07 16.99
19.10 19.06 19.02 18.99 18.95 18.92 18.89 18.87 18.84 18.81 18.78 18.76 18.73 18.71 18.68 18.66 18.64 18.61 18.59 18.56 18.54 18.52 18.50 18.47 18.45 18.42 18.40 18.38 18.36 18.34 18.34 18.33 18.33 18.33 18.33 18.33 18.33 18.33 18.33 18.34 18.34 18.34 18.33 18.33 18.32 18.32 18.31 18.30 18.29 18.28 18.27 18.25 18.24 18.22 18.20 18.18 18.15 18.13 18.10 18.07 18.04 18.01 17.97 17.94 17.91 17.87 17.84 17.80 17.77 17.73 17.69 17.65 17.60 17.55 17.49 17.43 17.37 17.30 17.23 17.15 17.07
19.00 18.97 18.93 18.90 18.87 18.84 18.82 18.80 18.77 18.75 18.72 18.70 18.68 18.66 18.64 18.62 18.60 18.59 18.57 18.55 18.53 18.51 18.49 18.47 18.45 18.44 18.41 18.39 18.38 18.37 18.36 18.36 18.36 18.36 18.37 18.37 18.37 18.38 18.39 18.39 18.40 18.40 18.40 18.40 18.39 18.39 18.39 18.38 18.37 18.36 18.35 18.34 18.33 18.31 18.29 18.27 18.25 18.22 18.19 18.17 18.13 18.10 18.07 18.04 18.01 17.97 17.94 17.90 17.87 17.83 17.79 17.74 17.69 17.64 17.58 17.52 17.46 17.39 17.31 17.23 17.15
18.89 18.86 18.83 18.80 18.77 18.75 18.73 18.71 18.69 18.67 18.65 18.64 18.62 18.60 18.59 18.57 18.56 18.54 18.53 18.52 18.50 18.49 18.48 18.46 18.45 18.44 18.42 18.40 18.39 18.38 18.38 18.38 18.38 18.39 18.39 18.40 18.41 18.42 18.43 18.44 18.45 18.45 18.45 18.45 18.45 18.45 18.45 18.45 18.44 18.43 18.42 18.41 18.40 18.39 18.37 18.35 18.33 18.31 18.28 18.25 18.22 18.19 18.16 18.13 18.10 18.06 18.03 17.99 17.96 17.92 17.87 17.82 17.77 17.72 17.66 17.59 17.53 17.46 17.38 17.30 17.21
18.77 18.74 18.71 18.69 18.67 18.65 18.63 18.61 18.60 18.58 18.57 18.56 18.55 18.53 18.52 18.51 18.50 18.50 18.49 18.48 18.47 18.46 18.45 18.45 18.44 18.43 18.42 18.41 18.40 18.39 18.39 18.40 18.40 18.40 18.41 18.42 18.44 18.45 18.47 18.48 18.49 18.49 18.50 18.50 18.51 18.51 18.51 18.50 18.50 18.50 18.49 18.48 18.47 18.46 18.44 18.42 18.40 18.38 18.36 18.33 18.30 18.27 18.25 18.22 18.18 18.15 18.11 18.08 18.04 18.00 17.95 17.90 17.84 17.79 17.73 17.66 17.59 17.52 17.44 17.36 17.27
18.63 18.61 18.58 18.56 18.55 18.53 18.52 18.51 18.50 18.49 18.48 18.47 18.46 18.46 18.45 18.45 18.45 18.44 18.44 18.44 18.44 18.43 18.42 18.42 18.42 18.41 18.41 18.40 18.40 18.40 18.40 18.40 18.41 18.42 18.43 18.44 18.46 18.47 18.49 18.50 18.52 18.53 18.54 18.55 18.55 18.56 18.56 18.55 18.55 18.55 18.55 18.54 18.53 18.52 18.51 18.49 18.47 18.45 18.42 18.40 18.37 18.35 18.32 18.29 18.26 18.22 18.19 18.15 18.11 18.06 18.01 17.96 17.91 17.85 17.79 17.72 17.65 17.57 17.49 17.41 17.31
18.49 18.46 18.44 18.43 18.41 18.40 18.40 18.39 18.38 18.38 18.37 18.37 18.37 18.37 18.37 18.37 18.37 18.38 18.38 18.38 18.38 18.38 18.38 18.38 18.39 18.39 18.39 18.39 18.39 18.40 18.40 18.40 18.41 18.42 18.43 18.45 18.47 18.49 18.51 18.52 18.54 18.55 18.57 18.58 18.59 18.59 18.59 18.60 18.60 18.60 18.60 18.59 18.58 18.57 18.56 18.54 18.52 18.50 18.48 18.46 18.43 18.41 18.38 18.35 18.32 18.29 18.25 18.21 18.17 18.12 18.07 18.02 17.96 17.90 17.84 17.76 17.69 17.61 17.53 17.44 17.35
18.33 18.31 18.29 18.28 18.27 18.27 18.26 18.26 18.26 18.26 18.26 18.26 18.27 18.27 18.28 18.29 18.30 18.30 18.31 18.32 18.33 18.33 18.34 18.34 18.35 18.36 18.37 18.37 18.38 18.39 18.40 18.40 18.41 18.42 18.44 18.45 18.47 18.50 18.52 18.54 18.56 18.57 18.59 18.60 18.61 18.62 18.63 18.63 18.64 18.64 18.64 18.63 18.63 18.62 18.61 18.59 18.57 18.55 18.53 18.51 18.49 18.47 18.44 18.41 18.38 18.35 18.31 18.27 18.22 18.17 18.12 18.07 18.01 17.94 17.87 17.80 17.73 17.64 17.56 17.47 17.38
18.17 18.15 18.14 18.13 18.12 18.12 18.12 18.12 18.13 18.13 18.14 18.14 18.15 18.16 18.18 18.19 18.21 18.22 18.23 18.24 18.26 18.27 18.28 18.30 18.31 18.32 18.33 18.34 18.35 18.36 18.38 18.39 18.40 18.42 18.43 18.45 18.47 18.49 18.52 18.54 18.56 18.58 18.59 18.61 18.62 18.64 18.65 18.66 18.66 18.66 18.67 18.67 18.66 18.65 18.64 18.62 18.61 18.59 18.57 18.55 18.53 18.51 18.48 18.45 18.42 18.39 18.35 18.31 18.26 18.21 18.16 18.10 18.04 17.97 17.90 17.83 17.75 17.67 17.58 17.49 17.39
18.00 17.98 17.98 17.97 17.97 17.97 17.98 17.98 17.99 18.00 18.01 18.02 18.04 18.05 18.07 18.09 18.11 18.13 18.15 18.16 18.18 18.20 18.23 18.24 18.26 18.27 18.29 18.31 18.32 18.34 18.36 18.38 18.39 18.41 18.43 18.45 18.47 18.49 18.52 18.54 18.56 18.58 18.60 18.62 18.63 18.65 18.66 18.67 18.68 18.68 18.69 18.69 18.69 18.68 18.67 18.66 18.65 18.63 18.61 18.59 18.57 18.55 18.52 18.49 18.46 18.42 18.39 18.35 18.30 18.25 18.20 18.14 18.07 18.00 17.93 17.85 17.77 17.68 17.60 17.50 17.40
17.82 17.81 17.80 17.80 17.80 17.81 17.82 17.83 17.84 17.85 17.87 17.89 17.91 17.93 17.95 17.98 18.00 18.03 18.05 18.08 18.10 18.13 18.15 18.17 18.20 18.22 18.24 18.26 18.28 18.30 18.32 18.35 18.37 18.39 18.41 18.43 18.45 18.48 18.51 18.53 18.56 18.58 18.59 18.61 18.63 18.65 18.66 18.68 18.69 18.69 18.70 18.70 18.70 18.70 18.69 18.68 18.66 18.65 18.63 18.62 18.60 18.57 18.54 18.52 18.48 18.45 18.41 18.36 18.32 18.27 18.21 18.15 18.08 18.01 17.93 17.85 17.77 17.68 17.59 17.49 17.39
0.00 0.00 0.00 0.00 17.64 17.65 17.66 17.68 17.69 17.71 17.73 17.76 0.00 17.80 17.83 17.86 17.89 17.92 17.95 17.98 18.01 18.04 18.07 18.10 18.13 18.16 18.19 18.21 18.24 18.27 18.29 18.31 18.34 18.37 18.39 18.42 18.44 18.47 18.49 18.52 18.55 18.57 18.59 18.61 18.63 18.65 18.66 18.68 18.69 18.70 18.71 18.71 18.71 18.71 18.70 18.69 18.68 18.67 18.66 18.64 18.62 18.59 18.57 18.54 18.50 18.47 18.42 18.38 18.33 18.28 18.22 18.15 18.09 18.02 17.94 17.86 17.77 17.68 17.59 17.49 17.38
0.00 0.00 0.00 0.00 0.00 0.00 0.00 17.51 17.54 17.56 17.58 0.00 0.00 0.00 17.70 17.73 17.76 17.80 17.84 17.88 17.91 17.95 17.98 18.02 18.05 18.09 18.12 18.15 18.18 18.21 18.24 18.28 18.31 18.33 18.36 18.39 18.42 18.45 18.47 18.50 18.53 18.55 18.58 18.60 18.62 18.64 18.66 18.67 18.69 18.70 18.71 18.71 18.72 18.71 18.71 18.70 18.69 18.68 18.66 18.65 18.63 18.60 18.57 18.54 18.51 18.47 18.42 18.38 18.33 18.27 18.21 18.15 18.08 18.00 17.93 17.84 17.75 17.66 17.56 17.46 17.36
0.00 0.00 0.00 0.00 0.00 0.00 0.00 0.00 0.00 0.00 0.00 0.00 0.00 0.00 0.00 17.60 17.64 17.68 17.73 17.77 17.81 17.85 17.89 17.93 17.97 18.01 18.05 18.09 18.12 18.16 18.20 18.23 18.27 18.30 18.33 18.36 18.39 18.42 18.45 18.48 18.51 18.53 18.56 18.58 18.61 18.63 18.65 18.67 18.68 18.70 18.71 18.71 18.71 18.71 18.71 18.70 18.69 18.68 18.67 18.65 18.63 18.61 18.58 18.55 18.51 18.47 18.42 18.37 18.32 18.26 18.20 18.13 18.06 17.98 17.91 17.82 17.72 17.63 17.53 17.43 17.32
0.00 0.00 0.00 0.00 0.00 0.00 0.00 0.00 0.00 0.00 0.00 0.00 0.00 0.00 0.00 0.00 0.00 17.56 17.60 17.65 17.70 17.75 17.79 17.84 17.89 17.93 17.97 18.01 18.05 18.09 18.14 18.18 18.22 18.25 18.29 18.32 18.36 18.39 18.42 18.45 18.48 18.51 18.54 18.56 18.59 18.61 18.63 18.65 18.67 18.69 18.69 18.70 18.70 18.70 18.70 18.69 18.68 18.67 18.66 18.64 18.62 18.60 18.57 18.54 18.49 18.45 18.40 18.35 18.30 18.24 18.18 18.11 18.03 17.95 17.87 17.78 17.69 17.59 17.49 17.38 17.27
0.00 0.00 0.00 0.00 0.00 0.00 0.00 0.00 0.00 0.00 0.00 0.00 0.00 0.00 0.00 0.00 0.00 0.00 17.48 17.53 17.58 17.64 17.69 17.74 17.79 17.84 17.89 17.93 17.98 18.03 18.07 18.12 18.16 18.20 18.24 18.27 18.31 18.35 18.38 18.42 18.45 18.48 18.51 18.54 18.56 18.59 18.61 18.63 18.65 18.67 18.68 18.68 18.68 18.68 18.68 18.68 18.67 18.66 18.64 18.63 18.61 18.58 18.55 18.52 18.47 18.43 18.38 18.32 18.27 18.21 18.14 18.07 18.00 17.91 17.83 17.74 17.64 17.54 17.43 17.33 17.22
0.00 0.00 0.00 0.00 0.00 0.00 0.00 0.00 0.00 0.00 0.00 0.00 0.00 0.00 0.00 0.00 0.00 0.00 0.00 17.41 17.46 17.52 17.58 17.64 17.69 17.74 17.79 17.85 17.90 17.95 18.00 18.04 18.09 18.14 18.18 18.22 18.25 18.29 18.33 18.37 18.41 18.44 18.48 18.50 18.53 18.56 18.58 18.60 18.62 18.63 18.65 18.66 18.66 18.66 18.65 18.65 18.64 18.63 18.62 18.60 18.58 18.55 18.52 18.49 18.44 18.40 18.34 18.29 18.22 18.16 18.09 18.02 17.95 17.86 17.78 17.68 17.58 17.48 17.37 17.26 17.15
0.00 0.00 0.00 0.00 0.00 0.00 0.00 0.00 0.00 0.00 0.00 0.00 0.00 0.00 0.00 0.00 0.00 0.00 0.00 17.28 17.34 17.40 17.46 17.52 17.58 17.64 17.69 17.75 17.81 17.86 17.92 17.97 18.02 18.06 18.11 18.15 18.19 18.23 18.28 18.32 18.36 18.40 18.43 18.46 18.49 18.52 18.54 18.56 18.58 18.60 18.61 18.62 18.62 18.62 18.62 18.61 18.61 18.59 18.58 18.56 18.54 18.51 18.48 18.44 18.40 18.35 18.30 18.24 18.17 18.11 18.04 17.96 17.89 17.80 17.72 17.62 17.52 17.41 17.30 17.19 17.08
0.00 0.00 0.00 0.00 0.00 0.00 0.00 0.00 0.00 0.00 0.00 0.00 0.00 0.00 0.00 0.00 0.00 0.00 0.00 17.15 17.21 17.28 17.34 17.41 17.47 17.53 17.59 17.65 17.71 17.77 17.83 17.89 17.93 17.98 18.03 18.08 18.13 18.17 18.22 18.26 18.31 18.34 18.38 18.41 18.44 18.47 18.49 18.52 18.53 18.55 18.56 18.57 18.58 18.58 18.58 18.57 18.56 18.55 18.53 18.51 18.49 18.46 18.43 18.39 18.34 18.29 18.24 18.18 18.11 18.05 17.98 17.90 17.82 17.73 17.64 17.55 17.44 17.34 17.23 17.11 17.00
0.00 0.00 0.00 0.00 0.00 0.00 0.00 0.00 0.00 0.00 0.00 0.00 0.00 0.00 0.00 0.00 0.00 0.00 0.00 0.00 17.08 17.15 17.22 17.28 17.35 17.41 17.48 17.54 17.61 17.67 17.73 17.79 17.85 17.90 17.95 18.00 18.05 18.10 18.15 18.19 18.24 18.28 18.31 18.35 18.38 18.41 18.43 18.46 18.48 18.49 18.51 18.52 18.52 18.52 18.52 18.52 18.51 18.49 18.47 18.45 18.43 18.40 18.36 18.32 18.27 18.22 18.17 18.11 18.04 17.97 17.90 17.82 17.74 17.65 17.56 17.46 17.36 17.25 17.14 17.02 16.91
0.00 0.00 0.00 0.00 0.00 0.00 0.00 0.00 0.00 0.00 0.00 0.00 0.00 0.00 0.00 0.00 0.00 0.00 0.00 0.00 16.94 17.01 17.09 17.16 17.23 17.30 17.36 17.43 17.50 17.57 17.63 17.70 17.75 17.81 17.86 17.92 17.97 18.02 18.07 18.12 18.16 18.20 18.24 18.28 18.31 18.34 18.37 18.39 18.41 18.43 18.44 18.45 18.46 18.46 18.47 18.46 18.45 18.43 18.41 18.39 18.36 18.33 18.29 18.25 18.20 18.15 18.09 18.03 17.96 17.90 17.82 17.74 17.66 17.56 17.47 17.37 17.26 17.15 17.04 16.93 16.81
0.00 0.00 0.00 0.00 0.00 0.00 0.00 0.00 0.00 0.00 0.00 0.00 0.00 0.00 0.00 0.00 0.00 0.00 0.00 16.73 16.80 16.87 16.95 17.02 17.10 17.17 17.24 17.31 17.38 17.45 17.52 17.59 17.65 17.71 17.77 17.83 17.88 17.93 17.98 18.03 18.08 18.12 18.16 18.20 18.23 18.26 18.29 18.31 18.33 18.35 18.37 18.38 18.38 18.38 18.38 18.38 18.37 18.35 18.33 18.31 18.28 18.24 18.20 18.16 18.11 18.06 18.00 17.94 17.87 17.80 17.72 17.64 17.56 17.46 17.37 17.26 17.16 17.05 16.93 16.82 16.70
0.00 0.00 0.00 0.00 0.00 0.00 0.00 0.00 0.00 0.00 0.00 0.00 0.00 0.00 0.00 0.00 0.00 0.00 16.50 16.58 16.65 16.73 16.81 16.89 16.97 17.04 17.12 17.19 17.27 17.34 17.41 17.48 17.55 17.61 17.67 17.73 17.79 17.84 17.89 17.94 17.99 18.04 18.08 18.11 18.15 18.18 18.20 18.23 18.25 18.27 18.28 18.29 18.30 18.30 18.30 18.30 18.29 18.27 18.25 18.22 18.19 18.15 18.11 18.07 18.02 17.96 17.90 17.84 17.77 17.70 17.62 17.54 17.46 17.36 17.26 17.16 17.05 16.94 16.82 16.70 16.58
0.00 0.00 0.00 0.00 0.00 0.00 0.00 0.00 0.00 0.00 0.00 0.00 0.00 0.00 0.00 0.00 0.00 0.00 16.35 16.43 16.51 16.59 16.67 16.75 16.83 16.90 16.98 17.06 17.14 17.21 17.29 17.36 17.43 17.50 17.56 17.62 17.68 17.74 17.79 17.84 17.89 17.93 17.98 18.01 18.05 18.08 18.11 18.14 18.16 18.18 18.19 18.20 18.20 18.20 18.20 18.20 18.19 18.17 18.15 18.12 18.09 18.05 18.01 17.96 17.91 17.86 17.79 17.73 17.66 17.58 17.51 17.42 17.33 17.24 17.14 17.03 16.92 16.81 16.69 16.58 16.46
