New_Model_Runs/3_scn2_noclimate_out/post_prcessed_with_MFR/Monthly_summaries/runoff_monthly_MAR.asc
NCOLS 700
NROWS 400
XLLCENTER 515000.000000
YLLCENTER 8409000.000000
CELLSIZE 50.000000
NODATA_value -999.000000
[rows 74 to 110 of 400, columns 336 to 419 of 700]
0.00 0.00 0.00 0.00 0.00 0.00 0.00 0.00 0.00 0.00 0.00 0.00 0.00 0.00 0.00 0.00 0.00 0.00 0.00 0.00 0.00 0.00 0.00 0.00 0.00 0.00 0.00 0.00 0.00 0.00 0.00 0.00 0.00 0.00 0.00 0.00 0.00 0.00 0.00 0.00 0.00 0.00 0.00 0.00 0.00 0.00 0.00 0.00 0.00 0.00 0.00 0.00 0.00 0.00 0.00 0.00 0.00 0.00 0.00 2.41 4.12 4.12 2.16 2.16 2.12 2.12 2.12 2.11 1.32 0.94 1.05 0.90 0.00 0.00 0.00 0.00 0.00 0.00 0.00 0.00 0.00 0.00 0.00 0.00
0.00 0.00 0.00 0.00 0.00 0.00 0.00 0.00 0.00 0.00 0.00 0.00 0.00 0.00 0.00 0.00 0.00 0.00 0.00 0.00 0.00 0.00 0.00 0.00 0.00 0.00 0.00 0.00 0.00 0.00 0.00 0.00 0.00 0.00 0.00 0.00 0.00 0.00 0.00 0.00 0.00 0.00 0.00 0.00 0.00 0.00 0.00 0.00 0.00 0.00 0.00 0.00 0.00 0.00 0.00 0.00 0.00 0.00 2.46 4.27 2.70 2.40 2.40 2.40 2.17 2.17 2.16 2.16 1.36 1.05 1.05 1.05 0.00 0.00 0.00 0.00 0.00 0.00 0.00 0.00 0.00 0.00 0.00 0.00
0.00 0.00 0.00 0.00 0.00 0.00 0.00 0.00 0.00 0.00 0.00 0.00 0.00 0.00 0.00 0.00 0.00 0.00 0.00 0.00 0.00 0.00 0.00 0.00 0.00 0.00 0.00 0.00 0.00 0.00 0.00 0.00 0.00 0.00 0.00 0.00 0.00 0.00 0.00 0.00 0.00 0.00 0.00 0.00 0.00 0.00 0.00 0.00 4.26 2.20 0.00 0.00 0.00 0.00 0.00 0.00 0.00 5.81 4.28 1.36 2.44 2.44 1.06 1.06 2.53 1.11 1.11 1.11 1.13 1.34 1.12 0.00 0.00 0.00 0.00 0.00 0.00 0.00 0.00 0.00 0.00 0.00 0.00 0.00
0.00 0.00 0.00 0.00 0.00 0.00 0.00 0.00 0.00 0.00 0.00 0.00 0.00 0.00 0.00 0.00 0.00 0.00 0.00 0.00 0.00 0.00 0.00 0.00 0.00 0.00 0.00 0.00 0.00 0.00 0.00 0.00 0.00 0.00 0.00 0.00 0.00 0.00 0.00 0.00 0.00 0.00 0.00 0.00 0.00 0.00 0.00 0.00 3.16 2.61 2.62 0.00 0.00 0.00 12.24 2.57 2.50 2.49 6.04 2.49 2.50 1.09 1.09 1.09 1.14 0.75 0.90 1.38 1.38 2.56 0.00 0.00 0.00 0.00 0.00 0.00 0.00 0.00 0.00 0.00 0.00 0.00 0.00 0.00
0.00 0.00 0.00 0.00 0.00 0.00 0.00 0.00 0.00 0.00 0.00 0.00 0.00 0.00 0.00 0.00 0.00 0.00 0.00 0.00 0.00 0.00 0.00 0.00 0.00 0.00 0.00 0.00 0.00 0.00 0.00 0.00 0.00 0.00 0.00 0.00 0.00 0.00 0.00 0.00 0.00 0.00 0.00 0.00 0.00 0.00 0.00 0.00 2.67 2.68 2.68 2.68 2.63 2.63 2.63 2.63 2.55 2.70 4.50 2.55 2.55 1.17 1.16 0.74 1.17 4.64 4.63 4.62 1.19 0.00 0.00 0.00 0.00 0.00 0.00 0.00 0.00 0.00 0.00 0.00 0.00 0.00 0.00 0.00
0.00 0.00 0.00 0.00 0.00 0.00 0.00 0.00 0.00 0.00 0.00 0.00 0.00 0.00 0.00 0.00 0.00 0.00 0.00 0.00 0.00 0.00 0.00 0.00 0.00 0.00 0.00 0.00 0.00 0.00 0.00 0.00 0.00 0.00 0.00 0.00 0.00 0.00 0.00 0.00 0.00 0.00 0.00 0.00 0.00 0.00 0.00 4.52 2.74 2.74 2.74 2.75 2.69 1.53 2.69 2.70 2.61 2.38 2.61 2.61 2.69 2.69 1.15 1.47 1.21 4.73 4.72 4.71 0.00 0.00 0.00 0.00 0.00 0.00 0.00 0.00 0.00 0.00 0.00 0.00 0.00 0.00 0.00 0.00
0.00 0.00 0.00 0.00 0.00 0.00 0.00 0.00 0.00 0.00 0.00 0.00 0.00 0.00 0.00 0.00 0.00 0.00 0.00 0.00 0.00 0.00 0.00 0.00 0.00 0.00 0.00 0.00 0.00 0.00 0.00 0.00 0.00 0.00 0.00 0.00 0.00 0.00 0.00 0.00 0.00 0.00 0.00 0.00 0.00 0.00 0.00 2.87 2.77 2.78 2.78 2.78 2.67 1.51 2.67 2.67 2.72 2.72 2.71 2.71 2.83 2.94 2.82 1.51 4.85 1.27 12.63 0.00 0.00 0.00 0.00 0.00 0.00 0.00 0.00 0.00 0.00 0.00 0.00 0.00 0.00 0.00 0.00 0.00
0.00 0.00 0.00 0.00 0.00 0.00 0.00 0.00 0.00 0.00 0.00 0.00 0.00 0.00 0.00 0.00 0.00 0.00 0.00 0.00 0.00 0.00 0.00 0.00 0.00 0.00 0.00 0.00 0.00 0.00 0.00 0.00 0.00 0.00 0.00 0.00 0.00 0.00 4.35 0.00 0.00 0.00 0.00 0.00 0.00 0.00 0.00 2.93 2.84 2.84 2.85 2.85 2.73 4.83 2.73 2.73 4.62 2.50 2.78 2.77 2.90 1.66 2.89 2.26 2.83 2.83 0.00 0.00 0.00 0.00 0.00 0.00 0.00 0.00 0.00 0.00 0.00 0.00 0.00 0.00 0.00 0.00 0.00 0.00
0.00 0.00 0.00 0.00 0.00 0.00 0.00 0.00 0.00 0.00 0.00 0.00 0.00 0.00 0.00 0.00 0.00 0.00 0.00 0.00 0.00 0.00 0.00 0.00 0.00 0.00 0.00 0.00 0.00 0.00 0.00 0.00 0.00 0.00 0.00 0.00 0.00 2.81 2.83 2.84 2.86 0.00 0.00 0.00 0.00 0.00 0.00 3.32 2.91 2.91 2.91 2.92 2.80 2.80 2.80 2.80 2.56 2.56 2.84 1.62 1.71 2.96 1.53 5.05 2.90 0.00 0.00 0.00 0.00 0.00 0.00 0.00 0.00 0.00 0.00 0.00 0.00 0.00 0.00 0.00 0.00 0.00 0.00 2.68
0.00 0.00 0.00 0.00 0.00 0.00 0.00 0.00 0.00 0.00 0.00 0.00 0.00 0.00 0.00 0.00 0.00 0.00 0.00 0.00 0.00 0.00 0.00 0.00 0.00 0.00 0.00 0.00 0.00 0.00 0.00 0.00 0.00 0.00 0.00 0.00 2.87 2.88 2.90 2.91 5.35 1.33 1.34 3.20 3.61 3.39 3.40 3.40 2.98 2.98 2.98 2.99 2.86 2.63 2.86 2.86 2.91 2.91 2.90 1.67 1.51 1.58 1.18 5.15 5.14 0.00 0.00 0.00 0.00 0.00 0.00 0.00 0.00 0.00 0.00 0.00 0.00 0.00 0.00 0.00 2.78 7.18 2.75 2.74
0.00 0.00 0.00 0.00 0.00 0.00 0.00 0.00 0.00 0.00 0.00 0.00 0.00 0.00 0.00 0.00 0.00 0.00 0.00 0.00 0.00 0.00 0.00 0.00 0.00 0.00 0.00 0.00 0.00 0.00 0.00 0.00 0.00 0.00 7.09 2.96 2.92 2.95 2.96 2.97 3.00 2.20 1.37 1.37 2.99 3.36 3.37 5.97 2.94 2.94 2.95 2.95 2.98 2.98 2.98 2.97 3.48 3.48 3.47 3.47 1.61 1.22 2.02 1.42 31.35 0.00 0.00 0.00 0.00 0.00 0.00 0.00 0.00 0.00 0.00 0.00 0.00 0.00 0.00 2.94 2.86 2.84 2.82 2.80
0.00 0.00 0.00 0.00 0.00 0.00 0.00 0.00 0.00 0.00 0.00 0.00 0.00 0.00 0.00 0.00 0.00 0.00 0.00 0.00 0.00 0.00 0.00 0.00 0.00 0.00 0.00 0.00 0.00 0.00 0.00 0.00 16.12 2.99 3.01 3.03 3.00 3.02 3.03 3.04 3.07 1.40 1.40 1.41 3.06 5.62 3.45 3.45 3.32 3.32 3.32 3.32 3.35 3.36 3.36 3.35 1.62 1.62 1.62 1.64 1.25 1.71 1.70 3.11 13.49 0.00 0.00 0.00 0.00 0.00 0.00 0.00 0.00 0.00 0.00 0.00 0.00 0.00 0.00 3.31 2.91 2.95 2.88 2.86
0.00 0.00 0.00 0.00 0.00 0.00 0.00 0.00 0.00 0.00 0.00 0.00 0.00 0.00 0.00 0.00 0.00 0.00 0.00 0.00 0.00 0.00 0.00 0.00 0.00 0.00 0.00 0.00 0.00 0.00 0.00 0.00 0.00 5.56 3.08 3.10 3.08 3.09 5.68 3.12 3.14 1.44 1.45 3.18 3.14 3.14 3.15 3.53 3.41 8.50 3.41 3.41 3.44 1.99 3.44 3.44 1.67 1.10 1.69 1.23 2.27 2.12 2.12 1.50 0.00 0.00 0.00 0.00 0.00 0.00 0.00 0.00 0.00 0.00 0.00 0.00 0.00 0.00 3.39 1.95 2.97 2.95 2.93 2.91
0.00 0.00 0.00 0.00 0.00 0.00 0.00 0.00 0.00 0.00 0.00 0.00 0.00 0.00 0.00 0.00 0.00 0.00 0.00 0.00 0.00 0.00 0.00 0.00 0.00 0.00 0.00 0.00 0.00 0.00 0.00 0.00 0.00 3.14 3.16 3.18 3.15 3.16 3.18 3.19 3.22 5.88 1.49 1.49 3.21 3.22 3.23 3.23 3.48 6.40 3.49 3.07 3.52 3.52 3.52 3.52 3.72 1.19 1.74 1.42 1.41 2.32 2.31 3.45 0.00 0.00 0.00 0.00 0.00 0.00 0.00 0.00 0.00 0.00 0.00 0.00 0.00 3.54 3.47 3.45 3.34 3.31 5.36 2.97
0.00 0.00 0.00 0.00 0.00 0.00 0.00 0.00 0.00 0.00 0.00 0.00 0.00 0.00 0.00 0.00 0.00 0.00 0.00 0.00 0.00 0.00 0.00 0.00 0.00 0.00 0.00 0.00 0.00 0.00 0.00 0.00 0.00 0.00 3.48 3.50 3.26 3.28 3.47 3.48 3.26 3.27 1.51 1.60 1.49 3.24 2.82 2.83 3.63 3.86 3.14 3.66 2.22 3.79 3.79 3.79 3.89 3.89 1.24 1.24 1.30 1.45 2.37 3.52 0.00 0.00 0.00 0.00 0.00 0.00 0.00 0.00 0.00 0.00 0.00 0.00 3.70 3.58 3.56 3.54 6.02 3.38 3.36 3.34
0.00 0.00 0.00 0.00 0.00 0.00 0.00 0.00 0.00 0.00 0.00 0.00 0.00 0.00 0.00 0.00 0.00 0.00 0.00 0.00 0.00 0.00 0.00 0.00 0.00 0.00 0.00 0.00 0.00 0.00 0.00 0.00 0.00 0.00 0.00 3.58 3.51 3.53 3.55 3.56 3.51 3.52 3.53 6.28 1.61 3.49 2.89 2.89 2.90 2.18 2.18 3.74 3.88 3.87 3.87 3.87 3.97 1.85 1.25 1.49 1.34 1.33 4.10 3.60 3.59 0.00 0.00 0.00 0.00 0.00 0.00 0.00 0.00 0.00 0.00 3.75 6.44 3.65 3.63 3.60 3.47 3.45 6.05 3.40
0.00 0.00 0.00 0.00 0.00 0.00 0.00 0.00 0.00 0.00 0.00 0.00 0.00 0.00 0.00 0.00 0.00 0.00 0.00 0.00 0.00 0.00 0.00 4.79 0.00 0.00 0.00 0.00 0.00 0.00 0.00 0.00 0.00 0.00 0.00 6.39 3.59 3.61 6.39 3.64 3.59 3.60 3.61 3.62 3.56 3.57 4.48 2.23 3.59 2.24 3.59 3.82 3.96 1.85 1.84 1.84 1.90 1.90 1.92 1.79 1.78 2.06 2.48 1.77 6.14 1.76 3.63 17.96 0.00 0.00 0.00 0.00 14.08 7.52 3.92 3.82 3.74 3.72 3.69 3.67 3.55 3.52 3.48 3.46
0.00 0.00 0.00 0.00 0.00 0.00 0.00 0.00 0.00 0.00 0.00 0.00 0.00 0.00 0.00 0.00 0.00 0.00 0.00 0.00 0.00 0.00 0.00 3.21 3.23 3.26 0.00 0.00 0.00 0.00 0.00 0.00 0.00 0.00 0.00 0.00 3.67 3.69 3.71 3.72 3.67 3.68 3.69 9.07 3.64 3.65 3.65 3.66 2.15 3.67 3.67 3.67 1.89 1.89 1.89 2.10 2.98 4.13 1.96 3.78 2.55 2.54 2.53 2.51 6.24 3.72 3.70 5.02 1.87 1.86 3.73 2.44 3.82 2.41 3.99 3.89 3.81 3.79 3.76 3.74 3.61 3.58 3.56 3.53
0.00 0.00 0.00 0.00 0.00 0.00 0.00 0.00 0.00 0.00 0.00 0.00 0.00 0.00 0.00 0.00 0.00 0.00 0.00 0.00 0.00 0.00 0.00 3.46 3.49 3.52 3.55 0.00 0.00 0.00 0.00 0.00 0.00 0.00 0.00 0.00 3.79 3.80 3.82 3.84 3.73 3.74 3.75 6.70 6.67 3.76 3.76 3.76 3.84 3.84 3.85 3.84 3.89 6.26 4.13 4.12 4.21 4.21 4.20 1.45 2.60 2.60 1.35 1.34 2.57 1.58 1.83 2.80 1.98 7.86 2.18 3.74 2.48 15.30 8.86 4.01 4.01 2.30 2.33 3.86 3.73 3.70 3.68 3.65
0.00 0.00 0.00 0.00 0.00 0.00 0.00 0.00 0.00 0.00 0.00 0.00 0.00 0.00 0.00 0.00 0.00 0.00 0.00 0.00 0.00 0.00 0.00 3.54 3.57 3.60 3.63 6.43 0.00 0.00 0.00 0.00 0.00 0.00 0.00 0.00 0.00 3.88 3.90 3.91 3.80 3.81 3.82 3.83 3.83 3.83 3.84 6.80 3.91 10.14 3.92 10.14 3.97 3.96 4.20 4.20 4.29 4.28 4.37 2.08 1.44 2.67 4.09 2.59 5.16 1.88 1.61 5.90 2.49 6.34 2.12 2.11 2.53 3.76 4.15 1.92 2.36 2.40 1.26 1.83 2.22 3.77 3.74 3.71
0.00 0.00 0.00 0.00 0.00 0.00 0.00 0.00 0.00 0.00 0.00 0.00 0.00 0.00 0.00 0.00 0.00 0.00 0.00 0.00 0.00 0.00 2.77 3.62 3.65 3.68 3.72 3.75 3.82 0.00 0.00 0.00 0.00 0.00 0.00 0.00 0.00 3.97 3.98 3.99 3.88 3.89 3.90 3.90 6.98 3.91 3.91 3.91 3.99 3.99 7.14 3.99 4.04 4.03 4.03 4.27 4.36 4.35 1.44 1.43 3.31 4.36 5.33 2.59 4.35 1.65 4.54 2.07 4.26 2.01 2.00 4.20 4.19 2.56 2.12 1.56 2.31 1.27 1.26 1.87 2.26 3.83 3.80 6.45
0.00 0.00 0.00 0.00 0.00 0.00 0.00 0.00 0.00 0.00 0.00 0.00 0.00 0.00 0.00 0.00 0.00 0.00 0.00 0.00 0.00 0.00 5.10 3.70 3.73 3.76 3.79 3.82 6.89 3.93 0.00 0.00 0.00 0.00 0.00 0.00 4.02 4.04 4.05 4.07 7.02 3.96 3.97 3.98 7.14 3.97 3.98 3.98 4.06 4.06 4.06 4.05 4.11 4.10 4.10 4.09 4.43 2.11 1.43 2.16 7.73 2.65 2.65 4.41 4.42 1.42 5.47 4.37 4.36 1.40 2.04 4.27 2.54 2.57 4.15 1.59 1.31 1.30 1.29 1.27 3.92 3.89 3.86 3.83
0.00 0.00 0.00 0.00 0.00 0.00 0.00 0.00 0.00 0.00 0.00 0.00 0.00 0.00 0.00 0.00 2.70 14.02 16.95 2.80 2.82 2.85 2.88 2.91 3.77 3.81 3.84 3.87 3.96 3.98 4.01 0.00 0.00 0.00 0.00 0.00 4.08 4.10 4.11 4.12 4.06 4.07 4.08 4.08 4.09 4.09 4.10 4.10 4.11 4.11 4.11 4.11 4.15 4.15 4.14 4.13 4.24 1.38 2.15 2.20 4.68 4.46 4.50 4.43 4.47 1.42 2.09 4.38 4.41 2.09 2.17 3.30 2.60 2.59 2.59 2.07 2.05 1.39 1.38 1.97 2.53 2.38 2.36 3.97
0.00 0.00 0.00 0.00 0.00 0.00 0.00 13.15 2.44 2.48 0.00 0.00 13.68 2.63 2.67 4.60 2.76 2.80 2.83 5.14 2.88 2.92 2.95 2.98 3.85 9.69 3.92 3.95 4.03 4.06 4.09 4.11 4.17 4.19 4.20 4.22 4.15 4.17 4.18 4.19 4.12 4.13 4.14 4.15 4.15 4.16 4.16 7.41 10.43 4.17 4.17 4.17 4.21 4.21 4.20 4.19 4.30 1.41 2.07 5.65 4.54 4.53 4.56 4.61 2.76 1.49 2.67 4.44 4.48 3.45 1.50 2.13 2.11 4.43 1.42 2.07 1.41 1.38 1.36 1.35 1.34 2.49 2.40 6.90
0.00 0.00 0.00 0.00 0.00 0.00 0.00 2.47 2.49 2.53 2.57 2.61 2.65 2.69 2.73 4.64 2.82 2.86 2.89 2.93 5.30 5.55 3.28 3.31 3.93 7.09 3.99 4.02 7.31 4.14 4.16 4.19 4.24 4.26 4.28 7.71 4.22 4.24 4.25 4.26 4.19 4.19 7.49 4.21 4.22 4.22 7.52 4.22 7.58 4.23 4.23 4.23 4.27 4.26 4.26 4.25 7.85 4.53 2.16 4.34 4.60 4.59 4.69 4.67 5.59 2.18 6.46 2.70 4.55 3.49 1.52 1.73 3.29 1.50 1.44 2.11 1.44 2.11 1.41 1.40 1.37 1.31 7.28 4.09
0.00 0.00 0.00 0.00 0.00 0.00 0.00 0.00 2.55 2.59 2.62 2.66 4.54 4.60 2.79 2.82 5.18 2.92 2.95 2.99 3.27 5.66 3.34 3.38 4.78 4.03 4.07 4.10 4.18 4.21 4.23 4.26 4.31 4.33 4.35 4.36 4.29 4.30 4.31 7.61 7.53 4.25 4.26 4.26 4.27 4.27 7.67 4.27 4.28 4.28 4.28 4.28 4.32 4.32 4.31 4.31 4.42 2.14 1.50 4.40 2.64 4.65 4.64 2.78 4.62 4.60 15.65 4.57 4.61 2.78 1.52 1.76 2.20 1.50 1.46 2.14 1.46 1.68 1.50 2.48 1.39 1.34 4.17 4.14
0.00 0.00 0.00 0.00 0.00 0.00 0.00 0.00 4.35 2.63 2.67 2.71 2.72 2.76 2.80 4.79 2.91 5.29 2.98 3.28 3.32 5.75 3.39 3.43 3.44 4.08 7.37 4.14 4.19 4.21 4.23 4.25 7.67 7.73 4.32 4.33 4.31 4.32 4.33 14.72 4.33 4.34 4.34 4.35 4.33 4.33 4.33 4.33 4.30 4.30 4.30 4.29 4.37 4.36 4.36 4.35 4.43 4.43 4.42 4.41 4.38 4.37 4.64 4.62 2.79 8.30 8.25 4.60 4.66 4.65 1.53 3.22 2.26 2.22 1.49 4.55 1.49 2.99 1.46 1.47 2.11 1.44 1.34 1.97
0.00 0.00 0.00 0.00 0.00 0.00 0.00 0.00 2.64 2.68 2.72 2.76 2.78 2.82 2.85 2.89 2.97 3.27 5.71 3.34 3.39 5.87 3.46 3.49 3.50 4.15 4.18 4.21 4.25 4.28 4.30 4.32 4.35 4.36 4.38 4.39 4.37 4.38 4.38 4.39 7.97 4.39 7.98 4.39 4.38 4.38 4.38 4.38 4.35 4.34 4.34 4.34 4.41 8.01 4.40 4.39 4.48 4.47 8.10 4.46 4.43 4.42 4.41 4.68 4.70 4.68 4.67 4.65 4.72 4.70 1.70 1.53 2.26 1.55 1.56 4.60 1.49 1.50 1.51 1.47 1.39 1.37 1.45 2.00
0.00 0.00 0.00 0.00 0.00 0.00 0.00 16.71 4.57 6.37 4.68 2.82 2.83 2.87 2.91 2.95 3.29 3.33 3.37 3.41 3.45 3.48 6.08 3.55 3.56 3.59 4.24 7.65 4.31 4.34 4.36 7.95 11.07 4.42 4.43 4.44 8.04 4.43 4.43 4.44 4.43 4.43 4.43 4.44 4.42 4.42 4.42 4.41 4.38 4.38 4.38 4.37 4.45 4.44 4.44 4.43 4.52 4.51 15.33 4.50 4.47 4.46 4.45 4.44 4.74 4.73 4.71 4.70 4.77 4.75 2.90 1.55 1.56 2.27 3.19 2.98 4.61 1.50 1.51 1.47 2.09 4.34 2.57 4.27
0.00 0.00 0.00 0.00 0.00 0.00 13.96 2.79 2.75 2.79 5.11 5.11 2.89 2.93 2.97 3.27 3.35 3.39 3.43 10.74 3.51 3.54 3.58 3.61 3.62 3.65 4.31 4.33 4.37 4.39 4.42 4.43 8.07 14.00 4.48 4.49 4.47 4.48 4.48 11.89 4.47 4.47 4.47 4.47 4.45 4.45 4.45 4.45 8.01 4.42 4.41 4.41 4.48 4.48 4.47 4.47 4.55 8.23 8.22 4.54 4.51 4.50 4.49 4.48 4.50 4.77 4.76 4.75 4.81 2.90 2.89 2.30 1.58 2.32 1.57 2.32 2.81 4.63 1.53 1.54 2.11 4.39 4.35 4.32
0.00 0.00 0.00 0.00 0.00 14.00 2.80 2.84 2.79 2.83 2.87 2.91 5.48 2.96 3.00 3.30 3.38 3.42 3.45 5.98 3.54 3.57 3.60 3.63 3.66 3.69 4.35 4.38 4.40 4.42 4.44 4.46 8.12 4.48 11.26 8.17 4.49 4.49 4.49 4.49 4.50 4.50 4.50 4.50 4.46 4.46 8.09 8.06 8.03 4.43 4.42 4.42 4.51 4.50 4.50 4.49 4.53 4.52 4.52 4.51 4.48 4.48 4.47 4.46 4.49 4.48 7.28 4.73 4.79 4.78 8.51 4.74 4.76 2.86 1.59 1.58 1.56 4.59 8.16 4.53 2.07 4.32 4.29 4.25
0.00 0.00 0.00 0.00 0.00 4.61 2.85 2.90 2.85 2.89 2.93 2.97 2.97 3.28 3.32 3.36 5.86 3.47 3.51 6.10 6.20 3.63 3.66 8.63 6.45 3.75 3.77 4.43 4.45 4.47 4.49 4.50 4.51 4.52 4.53 4.54 4.52 4.53 4.53 4.53 4.53 4.53 4.52 4.52 4.48 4.48 4.48 4.47 4.45 4.45 4.44 4.44 4.53 4.52 4.52 4.52 8.23 4.55 8.26 4.54 4.51 4.50 2.83 4.49 4.52 4.51 4.50 4.77 4.83 4.81 4.80 8.55 4.80 4.77 3.17 3.71 4.78 4.64 4.61 2.75 4.40 7.73 4.33 4.29
0.00 0.00 0.00 0.00 0.00 4.69 5.23 2.95 2.90 5.29 2.98 3.29 3.29 3.33 3.37 3.41 3.49 3.53 3.56 3.59 3.65 6.42 3.71 3.74 3.77 3.79 3.81 4.48 11.85 4.51 4.53 12.08 8.28 4.56 4.56 4.57 4.55 4.55 4.55 4.55 4.55 4.55 4.54 4.54 4.50 8.16 4.49 4.49 4.47 4.46 4.46 4.45 8.18 4.54 4.54 4.53 4.57 4.56 4.56 4.56 4.53 4.52 8.73 15.31 4.55 4.54 8.23 4.52 4.86 4.84 4.83 4.81 4.83 4.81 4.78 2.30 2.27 4.67 4.64 4.61 4.43 4.40 4.37 4.33
0.00 0.00 0.00 0.00 0.00 2.92 5.52 3.27 2.95 2.99 3.30 3.34 3.35 5.81 3.43 3.47 3.54 3.58 3.61 3.64 3.70 3.73 3.76 3.79 3.81 3.83 3.85 3.87 8.25 4.55 4.56 4.57 4.58 8.32 4.59 4.59 4.57 4.57 4.57 4.57 4.57 4.57 8.27 4.56 4.51 4.51 4.51 4.50 4.48 4.48 4.47 4.47 8.17 4.55 4.55 4.55 4.58 8.31 4.58 4.58 8.20 4.54 4.54 8.17 4.57 4.56 4.55 4.54 4.60 4.87 4.86 4.84 8.60 4.84 12.84 4.79 2.29 4.70 4.68 4.64 4.47 4.43 4.40 4.36
0.00 0.00 0.00 0.00 0.00 1.57 3.00 3.31 2.98 3.29 3.33 3.37 3.38 3.42 5.96 3.50 3.56 3.60 3.63 3.67 3.74 3.77 6.59 3.82 3.86 6.79 3.95 3.97 4.56 12.34 4.59 4.59 4.59 4.59 8.34 4.59 4.57 4.57 4.56 4.56 4.56 4.56 8.26 4.55 4.49 4.48 8.13 4.48 4.46 4.45 4.45 4.44 4.51 4.50 4.50 4.50 4.49 4.49 4.49 4.49 4.48 4.48 4.48 4.48 4.51 4.50 8.17 8.16 4.50 4.49 2.87 4.74 4.75 4.73 4.70 4.68 4.62 4.59 4.57 6.48 4.39 4.36 4.33 4.29
0.00 0.00 0.00 4.80 14.61 3.63 5.69 3.36 3.29 1.83 3.38 3.42 3.43 3.47 3.51 3.55 3.61 3.64 3.68 3.72 3.78 3.81 3.84 3.86 3.95 6.83 3.99 4.00 4.60 5.07 8.39 4.62 4.61 4.61 15.68 4.61 8.32 4.58 4.58 4.58 8.31 4.57 8.29 4.56 4.50 4.50 4.49 4.49 4.47 4.46 4.46 11.80 4.52 8.19 4.51 8.17 4.49 4.49 4.49 4.49 4.49 4.49 4.49 4.48 4.52 4.52 8.19 4.50 4.52 4.51 2.72 4.76 4.77 4.75 6.88 3.38 3.33 3.31 3.29 3.26 3.14 3.12 5.84 3.06
0.00 0.00 0.00 0.00 4.93 1.82 3.37 3.42 3.35 3.39 3.43 3.47 3.48 3.52 3.55 3.59 14.42 3.69 3.72 3.75 3.82 3.85 9.75 3.95 3.98 4.00 6.90 4.03 4.02 4.63 4.63 4.64 4.62 8.40 4.62 8.39 8.34 4.59 4.59 4.59 8.35 4.59 4.58 4.58 4.52 4.52 4.51 8.15 4.49 4.48 4.47 4.46 4.53 4.52 4.51 4.51 4.50 4.49 4.49 4.49 4.49 4.49 4.49 4.49 8.18 4.52 4.52 8.19 4.53 4.52 4.51 4.50 3.44 3.43 3.41 3.39 3.35 3.32 3.30 3.28 3.16 5.93 3.11 3.08
