New_Model_Runs/3_scn2_noclimate_out/post_prcessed_with_MFR/Monthly_summaries/runoff_monthly_OCT.asc
NCOLS 700
NROWS 400
XLLCENTER 515000.000000
YLLCENTER 8409000.000000
CELLSIZE 50.000000
NODATA_value -999.000000
[rows 259 to 295 of 400, columns 168 to 251 of 700]
5.49 3.98 5.41 5.45 5.40 5.43 4.02 5.49 3.98 3.50 3.52 2.81 2.80 2.82 3.58 3.60 3.63 3.65 3.67 3.68 6.01 6.03 6.06 3.91 3.99 4.00 4.02 4.03 4.06 4.07 4.08 4.08 4.09 4.10 4.10 4.11 7.44 4.07 4.07 4.07 3.94 3.93 3.93 3.92 3.08 3.89 3.88 3.87 4.07 3.64 3.62 4.28 4.26 4.24 4.22 3.58 4.17 4.14 4.11 4.09 3.46 4.03 3.99 3.96 3.48 3.45 3.85 3.80 3.20 3.73 3.69 3.64 3.06 3.02 2.98 2.94 2.90 3.38 3.34 2.78 3.25 3.20 2.66 3.10
3.84 5.26 5.29 5.33 5.28 5.31 5.34 8.99 3.88 6.22 3.43 3.46 3.45 2.74 3.49 3.51 6.53 6.56 3.59 3.61 5.69 5.71 11.49 3.82 8.68 7.06 3.94 3.95 4.01 4.02 4.03 4.04 7.37 4.06 4.06 4.07 7.26 4.00 4.00 4.00 3.87 3.87 3.87 3.86 3.02 3.16 3.80 3.79 3.85 3.98 3.96 3.53 3.54 3.56 4.15 3.52 4.11 4.08 4.05 4.02 3.40 3.96 3.93 3.90 3.86 3.83 3.78 3.75 3.71 3.67 3.63 3.59 3.55 2.97 2.93 2.90 3.38 3.33 3.29 3.24 2.82 3.15 3.10 3.06
8.64 17.53 5.19 3.87 3.80 15.40 5.25 5.28 5.19 3.34 3.36 3.39 2.67 2.81 3.42 3.44 3.48 8.94 6.36 3.54 3.62 5.62 5.64 5.66 3.84 3.85 3.87 9.65 3.94 6.10 3.96 3.97 3.98 3.99 3.99 4.00 3.93 3.93 3.93 3.93 3.81 3.81 3.81 3.80 3.68 3.67 3.66 3.65 3.70 3.69 6.09 3.32 3.36 3.35 4.09 3.46 3.44 3.42 3.99 3.96 3.93 3.32 3.87 3.84 3.80 3.76 3.73 3.69 3.65 3.61 3.58 3.54 3.50 3.45 2.89 2.85 3.33 2.77 3.24 3.20 3.15 3.11 3.06 3.01
5.11 3.73 5.17 5.17 5.08 3.75 5.15 5.18 5.09 5.12 3.30 2.61 2.73 2.75 5.17 3.38 3.41 3.43 3.45 3.47 3.55 5.52 5.54 5.57 5.68 3.70 3.71 5.94 6.02 6.03 3.89 3.90 3.91 3.92 7.18 3.93 3.86 7.07 3.87 3.87 3.67 3.67 3.66 3.66 3.62 3.61 3.61 2.85 3.65 2.89 2.88 3.26 3.31 3.34 4.02 3.41 3.39 3.96 3.34 3.90 3.87 3.84 3.81 3.77 3.31 3.71 3.67 3.63 7.40 3.31 3.27 3.48 2.92 2.88 2.84 2.81 3.28 3.23 3.19 3.15 3.10 3.06 3.01 2.97
3.53 5.04 3.77 5.04 4.99 5.02 9.63 5.09 5.00 5.03 3.23 2.76 3.24 3.26 2.59 3.31 3.35 2.66 3.39 3.40 3.48 3.50 5.45 5.47 10.46 3.63 3.64 3.65 5.72 5.94 5.95 3.83 3.84 3.85 3.86 3.86 3.80 3.80 3.80 3.81 9.23 6.57 3.60 3.60 3.56 2.82 3.00 2.94 3.01 3.00 3.57 3.21 3.25 3.28 3.96 3.35 3.33 3.31 3.87 3.84 3.24 3.78 3.75 3.72 3.68 3.65 3.61 3.04 3.54 3.51 3.47 3.43 2.87 3.35 2.80 3.27 3.23 2.81 3.14 3.10 3.06 3.01 2.97 2.46
3.46 3.49 7.60 4.92 4.90 4.93 4.96 5.00 4.88 4.91 2.46 2.48 2.48 2.50 3.20 3.23 3.29 3.31 3.33 3.35 3.40 3.41 3.43 5.36 5.46 3.54 3.55 3.57 6.52 5.64 5.66 3.67 3.68 3.69 3.70 3.70 3.61 3.62 3.62 3.62 3.54 3.54 3.54 3.53 3.51 3.51 2.77 3.65 3.66 3.65 3.49 3.27 3.29 2.35 3.31 3.30 3.28 3.83 3.24 3.77 3.74 3.72 3.69 3.11 3.63 3.59 3.15 3.53 3.49 3.46 3.42 3.38 3.34 3.30 3.26 3.22 5.12 2.77 3.10 2.58 3.01 2.97 2.93 2.68
3.39 3.41 3.44 3.47 4.86 4.84 4.87 4.90 9.11 4.82 2.41 2.43 3.10 3.12 3.14 3.16 3.22 3.24 3.26 3.28 3.33 3.35 3.36 5.27 5.37 3.47 3.48 3.50 3.57 3.58 5.56 3.61 3.61 3.62 3.63 3.64 3.55 9.10 6.48 3.56 3.48 3.48 3.48 6.48 3.46 3.45 3.45 3.60 3.12 2.92 3.23 3.22 3.23 3.27 3.26 5.26 3.22 3.20 3.74 3.71 3.69 3.66 3.08 3.60 3.57 3.54 2.97 2.94 3.44 3.40 3.37 3.33 3.29 3.26 2.72 3.18 3.14 3.09 3.05 2.54 2.97 2.93 2.25 2.64
3.32 3.35 3.37 6.36 4.77 4.75 4.79 4.82 4.70 7.54 3.01 3.03 3.03 3.05 3.08 3.10 3.16 3.17 3.19 3.21 3.26 3.28 3.30 5.18 5.28 5.30 3.42 3.43 3.50 3.52 3.59 8.88 6.51 6.54 3.57 6.44 3.49 3.50 3.50 3.50 3.42 3.42 3.42 3.57 3.40 3.40 3.39 3.39 2.81 2.87 2.29 3.16 4.57 3.46 3.20 3.74 3.16 3.15 3.68 3.66 3.63 3.60 3.58 3.55 3.52 3.49 3.45 3.42 3.39 3.35 2.81 3.28 3.25 2.83 2.68 2.76 2.72 3.05 3.27 3.65 3.60 3.31 2.64 2.57
1.12 1.13 1.14 3.33 3.35 4.77 4.70 4.73 4.61 4.64 2.95 2.97 2.97 2.99 3.01 3.03 3.09 3.11 3.13 3.15 3.20 3.22 3.23 5.09 5.19 5.21 3.35 3.37 3.44 3.45 3.53 21.11 8.78 3.49 3.50 3.51 3.43 3.44 6.25 3.44 3.36 3.36 3.36 3.36 2.77 3.34 2.63 3.33 3.35 3.49 2.46 2.24 2.44 2.43 2.42 3.68 3.66 3.64 3.62 3.60 3.03 3.55 3.36 5.55 3.46 3.43 3.40 3.37 3.34 2.80 2.77 2.73 3.20 3.16 3.13 3.09 3.05 3.14 3.23 3.19 2.46 3.27 3.22 3.18
1.08 1.10 1.11 1.12 1.19 0.89 2.10 4.60 4.48 4.51 2.85 2.87 2.91 2.93 7.96 2.97 3.06 3.07 3.09 3.11 3.15 3.17 3.19 5.03 5.10 3.27 3.29 3.30 3.36 3.38 3.46 6.85 3.53 3.49 3.43 3.43 3.35 3.36 3.37 3.37 3.30 3.30 3.30 3.30 3.45 3.44 2.59 3.44 3.43 2.78 2.20 2.41 2.40 3.04 3.02 3.01 3.61 3.59 3.56 3.00 2.98 2.96 3.47 2.92 3.02 2.99 3.35 3.32 3.29 3.26 3.23 2.69 3.16 3.12 3.08 3.05 3.01 3.65 3.60 3.31 3.27 2.85 2.36 3.14
1.06 1.07 1.08 0.84 0.85 2.11 3.31 2.06 3.22 2.01 2.79 2.81 2.85 2.87 2.89 5.28 2.99 3.01 3.03 3.05 3.09 3.11 9.36 4.94 5.01 3.21 3.22 3.24 2.60 5.18 5.20 6.24 5.31 3.36 3.37 3.37 3.30 3.30 3.31 3.31 2.55 3.39 3.39 3.25 2.75 2.94 2.94 2.93 2.93 3.38 3.00 2.99 2.66 2.64 2.63 1.88 3.55 3.53 3.51 3.49 3.46 3.44 3.42 3.39 3.36 3.34 3.31 3.28 3.24 2.71 3.18 2.66 3.11 3.08 2.68 3.00 2.97 3.60 3.31 3.27 3.23 3.19 5.24 4.99
0.90 1.04 1.05 1.06 1.07 2.01 2.00 2.01 1.94 2.23 0.71 0.42 0.43 2.30 2.83 2.85 2.93 2.95 2.97 2.99 6.69 4.81 4.83 4.86 4.92 3.15 3.16 2.50 5.07 5.09 3.81 3.39 5.23 3.29 3.31 3.31 3.24 3.24 3.25 3.26 3.33 2.70 2.89 2.89 2.71 2.70 2.89 3.17 3.25 2.67 2.60 2.59 2.61 2.60 2.64 2.28 3.49 3.47 3.45 3.16 4.16 3.12 3.37 2.83 2.80 3.29 3.26 3.23 2.70 2.67 2.65 2.62 3.07 2.67 3.00 2.97 3.60 3.31 3.27 3.23 3.19 2.50 5.19 0.17
0.87 0.88 0.89 1.03 1.95 1.96 1.95 1.97 1.89 0.88 0.40 0.40 0.39 0.40 0.68 0.68 2.88 4.60 4.63 3.60 3.52 4.73 4.75 4.77 4.84 3.09 3.10 3.12 5.08 3.30 3.75 7.57 3.34 5.16 3.25 3.26 3.18 3.19 3.19 3.20 3.28 3.28 2.66 2.66 2.66 2.66 2.84 3.12 3.14 2.56 2.56 4.11 2.56 2.55 2.60 2.24 3.43 3.42 5.85 6.40 4.10 4.08 4.05 2.91 5.24 2.86 2.83 2.69 3.16 2.64 2.61 2.58 2.55 2.64 2.96 2.93 3.31 3.28 3.24 3.20 2.50 2.47 0.19 0.16
0.85 0.71 0.87 1.88 1.80 1.82 1.83 1.85 1.81 0.34 0.38 0.39 0.66 0.65 0.65 0.66 0.45 1.06 2.17 2.19 4.76 5.72 3.50 3.42 1.98 0.30 0.67 2.26 2.28 0.88 0.88 0.89 0.90 2.34 0.46 0.36 0.66 0.67 0.67 0.67 0.64 0.64 0.58 0.49 0.58 0.49 0.49 0.58 0.48 0.64 2.48 2.47 2.48 2.47 1.76 2.51 3.38 4.11 3.63 3.61 4.04 4.02 3.99 2.86 5.17 2.82 3.17 5.06 4.09 3.96 3.05 2.55 2.63 2.96 2.93 2.69 3.28 3.24 3.20 2.79 2.64 2.43 0.21 0.18
1.17 0.84 1.86 1.81 1.61 2.11 1.79 2.36 1.86 0.59 0.37 0.37 0.77 0.87 0.87 0.64 0.39 2.37 0.88 0.88 0.79 3.77 0.98 0.86 0.79 0.01 0.94 0.84 0.85 0.85 1.12 0.86 0.87 0.88 0.88 0.46 0.46 0.66 0.32 0.65 0.60 0.30 0.56 0.56 0.70 0.57 0.56 0.68 0.30 0.60 0.60 3.90 2.44 2.57 2.56 1.93 9.07 3.59 3.57 3.56 3.00 3.52 3.49 3.47 3.45 2.78 3.13 3.10 4.13 3.92 3.88 4.84 4.80 2.92 2.68 3.28 2.86 3.20 3.17 2.75 2.72 2.46 0.21 0.19
0.81 0.82 0.84 1.62 1.58 0.73 1.60 0.83 0.86 0.36 0.36 0.36 0.34 0.61 0.62 0.62 0.38 1.97 3.29 0.86 0.68 0.70 1.31 1.64 0.01 0.01 0.01 0.82 0.82 0.83 0.83 0.84 0.85 0.85 1.14 0.79 0.32 0.60 0.31 0.34 0.33 0.66 0.46 0.55 0.55 0.46 0.57 0.46 0.33 0.84 0.55 0.66 1.92 1.91 2.51 2.50 1.92 1.91 3.97 3.95 3.49 3.47 2.92 2.90 3.84 3.24 3.35 3.75 4.90 4.82 4.78 4.79 2.92 2.68 3.27 3.24 2.71 4.59 3.13 3.10 2.26 2.55 2.51 2.37
1.57 0.80 1.79 1.59 1.54 0.82 1.82 0.84 0.34 0.44 0.35 0.35 0.36 0.59 0.60 0.61 0.64 1.93 2.03 0.84 1.50 1.51 0.00 0.00 0.01 0.01 0.01 0.01 0.80 1.29 0.81 0.82 0.82 1.07 1.12 2.32 0.56 0.65 0.58 0.58 0.52 0.52 0.44 0.53 0.53 0.53 0.45 0.45 0.53 0.53 0.53 0.53 0.32 1.73 2.10 1.87 1.89 1.88 3.91 3.90 3.88 3.42 2.88 3.82 3.79 3.33 3.31 3.15 3.12 3.09 5.17 4.81 2.92 3.27 3.24 3.21 3.17 7.32 2.29 2.26 2.23 2.41 2.38 2.14
1.48 0.78 1.54 1.28 1.48 0.80 0.80 0.81 0.30 0.31 0.31 0.31 0.54 0.54 0.55 0.59 0.61 0.62 1.97 1.50 2.36 0.07 0.00 0.00 0.00 0.00 0.00 0.00 0.78 0.78 0.79 0.79 0.80 0.81 0.81 1.00 0.55 0.52 0.31 0.54 0.50 0.33 0.52 0.43 0.60 0.60 0.50 0.50 0.70 0.63 0.52 0.52 0.43 0.30 0.51 2.42 1.85 1.88 6.71 3.85 3.83 3.81 2.84 3.77 3.31 3.29 3.13 3.11 3.08 5.15 2.81 2.45 3.27 3.24 3.21 3.17 3.14 5.25 3.07 2.24 2.41 2.37 2.28 2.42
5.27 0.77 1.56 1.49 1.45 1.47 1.82 0.51 0.41 0.33 0.30 0.82 1.57 0.53 0.53 0.54 0.60 0.60 1.84 3.44 0.00 0.00 0.00 0.00 0.00 0.00 0.00 0.00 0.75 0.76 0.78 1.81 1.82 1.83 1.06 1.17 0.29 0.26 0.58 0.58 0.48 0.27 0.66 0.29 0.48 0.48 0.49 0.49 0.58 0.51 0.51 0.42 0.50 0.50 0.50 0.50 2.02 2.01 3.38 3.36 2.83 3.76 2.80 3.29 5.27 3.25 3.10 5.08 3.05 3.32 3.29 2.42 4.94 4.93 3.17 3.14 2.30 2.48 2.67 2.64 2.38 2.29 2.32 2.10
0.75 0.75 1.49 1.47 2.31 1.54 0.61 0.34 0.40 0.53 1.48 1.49 1.54 1.55 1.56 0.52 0.55 2.78 0.82 1.36 0.00 0.00 0.00 0.00 0.00 0.00 0.00 0.00 0.99 1.63 1.52 3.91 1.61 1.62 1.80 1.04 0.54 0.26 0.49 0.48 0.40 0.68 0.47 0.47 0.46 0.46 0.46 0.46 0.25 0.49 0.49 0.41 0.49 0.49 0.49 0.49 0.48 1.98 3.76 3.75 3.30 2.78 2.76 3.25 3.23 5.19 5.15 2.82 2.92 3.28 2.41 2.39 2.37 2.79 2.76 4.52 3.85 2.45 2.42 2.39 2.16 2.33 2.30 2.26
0.73 0.74 0.75 1.52 1.40 1.52 1.99 0.70 0.30 0.65 1.45 1.46 1.51 1.52 1.53 1.54 1.59 1.61 1.62 1.25 0.00 0.00 0.00 0.00 0.00 0.00 0.00 0.00 0.00 1.55 0.65 3.56 1.51 1.52 1.77 0.26 0.46 0.27 0.26 0.26 0.26 0.50 0.45 0.46 0.45 0.45 0.45 0.45 0.46 0.48 0.40 0.40 0.48 0.48 0.48 0.48 0.39 1.48 3.72 3.70 2.76 2.75 2.73 3.21 3.06 5.13 2.93 4.76 5.97 6.51 2.61 2.58 2.34 2.65 2.74 2.71 3.05 3.01 2.98 2.37 2.33 2.30 2.21 1.64
0.72 0.73 0.56 1.48 1.37 1.38 1.39 0.63 0.64 0.64 1.43 1.44 0.72 0.73 1.51 1.52 1.55 1.56 1.81 1.37 1.38 0.00 0.00 0.00 0.00 0.00 0.00 0.00 0.00 1.25 3.48 3.50 1.46 2.02 0.99 0.26 0.25 0.24 0.26 0.46 0.25 0.23 0.44 0.44 0.44 0.44 0.44 0.44 0.45 0.50 0.47 0.39 0.74 1.37 0.47 0.39 1.32 1.31 1.14 2.68 3.64 3.63 3.19 5.14 2.93 4.77 2.44 2.42 2.40 3.21 2.57 2.55 2.32 2.30 2.27 3.05 3.02 2.99 2.96 2.34 2.43 2.28 2.36 6.21
0.71 0.71 0.72 0.73 1.35 0.61 1.37 1.38 2.62 1.40 1.41 1.42 0.60 0.79 1.48 1.49 1.75 1.53 0.94 0.52 0.53 0.00 0.00 0.00 0.00 0.00 0.00 0.00 0.58 0.93 0.69 0.75 0.70 0.96 0.97 0.43 0.23 0.23 0.25 0.44 0.25 0.43 0.47 0.43 0.43 0.43 0.25 0.25 0.44 0.49 0.38 0.38 0.46 0.59 0.46 1.44 1.43 0.87 1.42 1.42 2.93 2.92 2.69 2.92 2.44 2.76 2.41 2.39 3.20 3.18 2.55 2.32 2.30 2.27 3.05 2.36 2.33 2.18 2.16 2.13 2.10 1.66 2.31 4.41
0.70 0.58 0.71 0.72 1.43 1.34 1.35 1.36 2.59 1.38 1.38 0.80 1.53 1.54 0.64 0.64 0.79 1.58 1.39 0.70 0.71 0.51 0.74 0.00 1.05 0.55 0.77 0.77 0.56 0.79 0.57 0.63 0.93 0.94 0.55 0.42 0.48 0.24 0.23 0.23 0.22 0.44 0.46 0.44 0.22 0.46 0.37 0.29 0.45 0.45 0.37 0.45 0.24 0.31 0.58 2.48 1.41 0.85 0.85 1.39 0.98 2.67 4.38 2.65 3.25 4.94 3.21 3.19 5.34 3.15 2.52 2.29 2.27 2.45 2.36 2.99 2.19 2.16 2.14 2.87 2.09 2.17 2.29 2.26
0.69 0.70 0.70 0.71 1.41 1.32 1.33 1.34 0.61 1.36 1.36 1.37 1.41 1.42 1.43 1.65 1.42 0.78 0.68 0.68 0.50 0.50 2.20 1.72 1.73 0.74 0.75 0.76 0.76 0.77 0.78 0.78 0.79 0.80 0.23 0.23 0.22 0.22 0.22 0.43 0.41 0.41 0.41 0.41 0.43 0.43 0.36 0.24 0.44 0.44 0.36 0.51 0.59 0.58 0.22 0.42 2.41 0.84 0.84 1.38 0.96 0.83 2.31 2.62 3.22 3.20 3.18 3.16 3.14 2.44 2.49 2.27 2.25 2.23 3.00 2.97 2.94 2.14 2.12 2.09 2.25 2.30 2.27 2.24
0.94 0.69 0.69 0.70 3.48 1.31 2.09 1.32 1.34 1.35 1.36 0.61 1.39 1.40 1.73 1.63 0.76 0.88 0.86 0.67 0.67 0.68 0.88 0.69 0.70 0.93 1.01 1.79 1.80 0.75 0.76 0.77 1.13 0.78 0.22 0.23 0.21 0.38 0.41 0.41 0.37 0.44 0.38 0.44 0.44 0.42 0.42 0.43 0.43 0.35 0.36 0.57 0.41 0.41 0.41 0.45 0.43 1.11 1.36 0.82 0.82 0.64 0.81 2.17 3.19 3.17 3.15 3.13 3.11 3.09 2.39 3.57 2.23 3.00 2.97 2.17 2.92 2.12 2.10 2.25 2.31 2.28 2.25 2.23
0.68 0.68 0.69 0.69 0.70 1.39 1.87 0.58 1.52 1.33 1.34 1.34 1.55 0.73 0.73 1.60 0.74 0.75 0.65 0.65 0.66 0.67 0.53 0.68 0.69 0.90 1.68 2.03 0.56 1.78 1.80 1.81 0.59 0.76 0.19 0.21 0.22 0.19 0.37 0.37 0.36 0.43 0.43 0.41 0.34 0.41 0.42 0.28 0.35 0.42 0.35 0.72 0.44 0.44 0.56 0.34 0.34 0.34 0.95 1.18 0.81 0.80 0.80 0.57 2.34 3.14 2.75 2.30 2.72 3.06 2.25 2.42 2.40 2.97 2.17 2.15 2.13 2.11 2.08 2.32 2.29 1.60 2.24 2.21
0.67 0.68 0.68 0.59 0.69 0.69 0.70 0.70 0.63 1.32 2.11 1.37 0.72 0.72 0.72 0.73 1.58 1.55 1.50 0.91 0.65 0.65 0.52 0.67 0.67 0.68 0.69 0.54 0.55 0.71 0.71 0.74 0.58 0.59 1.81 0.76 0.59 1.39 1.39 0.32 0.36 0.42 0.27 0.27 0.19 0.33 0.38 0.33 0.33 0.34 0.21 0.21 0.19 0.37 0.21 0.21 0.42 0.34 0.33 1.17 0.93 0.79 0.76 0.56 0.56 2.74 2.72 2.71 3.06 2.24 3.02 2.40 2.97 2.95 2.15 2.13 2.29 2.26 2.24 1.76 1.78 1.43 1.41 1.71
0.67 0.67 0.68 0.68 0.68 1.53 0.69 0.69 0.70 1.53 0.70 0.70 0.58 1.54 0.71 0.54 0.59 0.48 0.83 0.84 0.87 0.66 0.46 0.65 0.47 0.59 0.48 0.68 0.54 0.69 0.55 0.93 0.71 0.56 0.74 0.75 0.54 0.54 0.55 0.55 1.20 0.35 0.42 0.26 0.18 0.37 0.27 0.22 0.33 0.19 0.36 0.41 0.36 0.36 0.36 0.36 0.25 0.33 0.33 0.33 0.27 0.78 0.56 0.55 0.98 1.10 3.07 3.05 3.03 3.01 2.99 2.19 2.17 2.15 2.13 2.11 2.09 1.65 1.77 1.78 1.76 1.50 1.40 1.39
1.46 1.47 0.92 0.67 0.93 0.68 1.50 0.56 0.95 1.55 0.69 0.53 0.70 0.70 0.71 0.54 0.69 1.16 0.81 0.53 0.85 0.63 0.82 0.64 0.47 0.47 0.48 0.48 0.48 0.68 0.54 0.69 0.70 0.70 1.72 0.70 0.74 0.53 0.86 0.75 1.36 1.37 0.35 0.37 0.22 0.22 1.85 1.85 0.32 0.36 0.22 0.22 0.37 0.37 0.18 0.22 0.19 0.32 0.32 0.26 0.43 1.82 0.98 0.59 0.75 0.75 1.08 2.23 2.22 2.99 2.97 2.35 2.92 2.14 2.12 2.29 1.83 1.48 1.79 3.25 1.75 1.73 1.71 1.45
0.66 0.91 0.67 0.67 0.67 0.68 0.68 2.32 0.68 0.68 0.69 0.52 1.51 0.69 0.53 0.53 2.46 0.28 0.47 0.81 1.26 0.82 0.63 0.63 0.46 0.46 0.47 0.47 0.59 0.67 0.67 0.68 0.68 0.69 0.50 0.60 0.52 0.51 0.52 0.74 0.74 1.26 1.19 0.35 0.22 0.27 0.48 0.49 0.37 0.22 0.22 0.22 0.22 0.22 0.22 0.22 0.35 0.48 0.41 0.26 0.84 0.75 0.54 0.75 0.74 0.74 0.57 0.71 4.81 4.91 2.94 2.15 1.90 1.93 1.92 2.28 1.56 2.94 1.78 1.76 1.74 1.48 1.46 1.77
0.66 0.66 0.66 0.92 0.67 0.67 0.87 0.52 1.49 1.49 0.94 0.68 0.68 0.68 0.52 0.67 0.53 0.84 0.79 0.80 0.29 0.87 0.61 0.44 0.45 0.46 0.46 0.46 0.47 0.66 0.66 0.67 0.67 0.68 0.68 0.89 0.50 0.52 0.70 0.51 0.51 0.52 0.22 0.22 0.21 0.09 0.21 0.21 0.21 0.21 0.19 0.09 0.22 0.10 0.23 0.23 0.10 0.22 0.46 1.45 0.75 0.54 0.74 0.74 0.73 0.71 0.71 1.40 0.91 4.88 2.15 2.14 1.83 2.84 1.85 1.84 1.82 3.41 1.76 1.75 1.48 1.46 1.77 1.75
0.53 0.66 0.66 0.60 0.67 0.67 0.93 0.67 0.67 1.48 0.68 0.68 0.68 0.68 0.52 0.52 0.40 0.30 0.30 0.81 0.28 0.81 0.87 0.42 0.44 0.45 0.63 0.64 0.46 0.46 0.65 0.66 0.66 0.67 0.67 0.68 0.68 1.66 0.69 0.50 0.50 0.51 0.36 0.09 0.19 0.22 0.21 0.21 0.21 0.21 0.09 0.09 0.22 0.22 0.22 0.23 0.19 0.10 0.45 0.41 1.77 0.74 0.52 0.71 0.93 0.70 0.70 0.94 0.90 2.08 2.13 2.12 1.92 2.28 1.78 1.82 1.69 3.04 3.09 1.49 1.47 1.78 1.76 1.74
0.66 0.66 0.66 0.66 0.67 0.67 0.67 0.67 0.67 0.67 0.67 0.67 0.67 0.55 0.67 0.68 0.38 0.82 0.28 0.94 0.78 0.79 0.28 0.42 0.42 0.44 0.62 0.63 0.64 0.64 0.65 0.65 0.66 0.52 0.66 0.48 0.67 0.68 0.68 0.68 0.69 0.69 0.34 0.21 0.20 0.35 0.20 0.21 0.20 0.20 0.20 0.20 0.21 0.21 0.21 0.21 0.09 0.19 0.21 1.38 0.71 0.71 0.71 0.70 0.51 0.70 0.69 1.20 0.89 0.88 1.78 4.75 2.28 1.82 3.17 3.07 3.05 3.09 1.74 1.90 1.79 1.77 1.75 1.73
0.53 0.54 0.66 0.66 0.66 0.67 0.67 0.67 0.67 0.51 0.67 0.67 0.67 0.51 0.67 0.67 0.52 0.82 0.28 0.80 0.80 0.29 1.07 0.57 0.58 0.58 0.61 0.61 0.63 0.63 0.64 0.64 0.65 0.51 0.66 0.66 0.66 0.86 0.86 0.67 0.68 0.68 0.68 0.51 0.20 0.20 0.20 0.20 0.20 0.20 0.20 0.20 0.21 0.21 0.36 0.21 0.09 0.19 0.42 0.19 0.55 0.70 0.70 0.70 0.69 0.69 0.69 1.08 0.88 0.87 0.86 0.88 1.82 3.27 3.08 3.05 3.10 1.74 1.91 1.89 1.87 1.76 1.74 1.72
1.83 0.66 0.66 0.66 0.50 0.66 0.51 0.67 0.67 0.54 0.67 0.51 0.67 0.67 0.51 0.51 0.52 0.52 0.53 0.53 0.44 0.44 0.41 0.41 0.57 0.58 0.58 0.59 0.61 0.62 0.63 0.63 0.64 0.64 0.65 0.47 0.47 0.66 0.80 0.67 0.67 0.67 0.33 2.90 1.36 0.20 0.20 0.20 0.20 0.20 0.20 0.20 0.21 0.21 0.21 0.21 0.21 0.21 0.41 0.41 1.39 0.50 0.69 0.69 0.54 0.68 0.53 1.35 0.87 0.93 0.93 0.92 0.91 0.83 3.06 3.03 1.75 1.92 1.90 1.88 1.77 3.30 3.27 1.71
1.45 0.54 0.66 0.66 0.57 0.51 0.67 0.67 0.67 0.67 0.64 0.51 0.50 0.50 0.51 0.51 0.52 0.52 0.52 1.28 0.42 0.44 1.65 0.56 0.57 0.57 0.58 0.58 0.58 0.55 0.44 0.63 0.63 0.64 0.64 0.64 0.46 0.47 0.47 0.85 0.66 0.66 0.48 2.87 2.88 1.35 1.35 1.63 0.40 0.19 0.19 0.19 0.35 0.20 0.20 0.20 0.20 0.20 0.20 0.20 1.37 0.49 0.68 0.68 0.68 0.48 0.48 0.90 0.89 0.92 0.92 0.46 0.46 0.89 0.82 3.02 1.49 1.72 1.70 1.87 1.85 1.83 1.81 1.70
