New_Model_Runs/3_scn2_noclimate_out/post_prcessed_with_MFR/Monthly_summaries/runoff_monthly_DEC.asc
NCOLS 700
NROWS 400
XLLCENTER 515000.000000
YLLCENTER 8409000.000000
CELLSIZE 50.000000
NODATA_value -999.000000
[rows 111 to 147 of 400, columns 420 to 503 of 700]
4.96 4.93 4.90 4.87 4.87 4.84 4.58 4.55 4.55 4.52 4.50 4.47 4.41 3.35 3.33 3.31 4.44 4.42 4.41 4.39 4.63 4.61 4.60 4.58 1.91 1.92 1.31 1.30 1.30 1.55 1.61 1.60 1.45 3.01 1.49 2.06 3.29 2.06 2.00 4.33 7.21 4.13 4.12 4.11 3.98 6.94 3.95 3.94 3.86 3.85 3.83 3.82 3.92 3.91 3.89 3.88 4.09 4.08 4.15 1.29 1.88 1.87 2.23 2.71 1.25 1.37 2.33 2.31 2.15 3.73 3.36 4.14 1.94 2.81 4.73 4.70 2.23 2.21 2.19 2.16 2.23 2.20 0.43 0.72
4.94 4.91 4.88 4.85 4.88 8.17 4.83 4.57 4.54 4.51 7.70 4.46 4.49 4.47 4.45 4.44 4.62 4.61 4.59 4.58 4.75 4.74 4.73 4.71 1.95 1.94 2.86 2.38 1.32 1.32 1.76 2.15 2.64 2.65 4.53 2.09 2.05 2.04 4.33 4.39 4.26 4.25 4.21 4.20 4.03 4.02 4.01 3.99 3.98 3.97 3.95 3.94 4.13 4.12 4.11 4.09 4.25 4.21 1.94 4.26 4.30 2.46 1.34 2.51 2.69 1.31 1.30 5.36 4.54 3.77 3.40 5.80 3.28 1.62 2.29 2.27 2.27 2.25 2.22 2.20 1.06 0.76 1.06 0.74
4.96 4.93 6.62 2.52 4.91 4.89 4.86 4.60 9.18 4.54 12.77 4.49 4.53 4.51 4.49 4.48 4.67 4.65 4.64 4.63 4.81 4.80 4.78 1.99 1.98 1.97 1.96 1.61 1.61 1.19 1.64 2.19 2.68 4.61 4.60 4.59 4.51 4.49 4.48 4.46 4.33 4.32 4.30 2.47 4.10 4.09 4.07 4.06 4.05 4.03 4.02 4.00 4.20 4.19 4.17 1.91 4.32 4.37 4.35 5.69 3.63 1.36 1.35 2.40 1.35 2.71 1.32 5.44 5.40 2.56 1.85 3.42 3.14 3.11 5.38 3.05 3.05 2.28 2.26 2.23 2.29 0.45 0.44 0.44
4.98 8.35 4.93 8.27 4.94 4.91 4.89 4.63 4.60 4.57 4.55 4.53 7.83 4.55 4.53 4.52 4.71 4.70 4.69 4.67 4.86 4.85 2.04 2.04 2.01 2.00 2.03 1.64 3.83 1.63 2.11 3.53 2.23 4.77 4.67 4.65 4.57 4.56 4.55 4.53 4.40 4.38 4.37 2.51 4.16 4.15 4.13 4.12 4.11 4.10 4.08 4.07 4.29 4.28 4.27 1.95 2.02 2.04 2.01 2.58 1.39 1.38 1.35 4.25 2.40 2.76 2.11 1.34 2.40 2.38 1.95 1.86 3.29 1.67 3.12 3.09 3.09 3.06 2.29 1.06 0.78 0.63 0.69 0.44
4.99 4.97 4.94 4.92 4.96 4.93 4.91 4.89 4.62 4.60 4.58 4.56 4.59 4.58 4.56 4.55 4.75 4.74 4.73 4.72 4.90 2.03 3.00 2.02 2.03 2.06 2.05 2.02 2.04 5.32 2.14 2.13 2.21 4.99 4.77 4.71 4.63 4.62 4.61 4.60 4.46 4.45 4.43 4.42 4.25 4.21 4.19 4.18 4.17 4.16 4.14 7.26 4.36 4.34 4.33 4.31 2.09 1.55 1.54 1.39 1.52 2.01 1.99 4.31 4.21 1.38 1.37 1.36 2.44 2.42 2.06 1.88 3.34 3.30 3.16 3.13 3.13 3.10 3.06 2.29 2.25 1.03 0.78 0.77
2.73 5.20 5.18 5.16 5.20 5.17 5.15 5.13 4.79 4.77 4.75 4.73 4.73 4.72 4.70 4.70 4.76 4.75 4.75 4.74 4.86 2.01 2.01 2.00 2.01 2.01 2.01 4.83 4.83 4.82 1.87 4.45 2.27 2.26 2.25 2.23 1.53 2.74 4.71 4.70 4.58 4.56 2.11 2.10 4.23 4.35 4.33 4.31 4.28 4.27 4.25 4.21 7.55 7.65 4.37 2.00 2.06 2.10 2.09 1.44 3.37 2.05 2.00 4.32 4.21 1.33 1.32 2.03 1.31 2.45 2.09 3.51 3.47 3.32 3.29 3.14 3.13 1.64 1.62 2.28 1.09 0.76 0.74 2.17
5.23 5.20 5.18 5.16 5.21 5.18 5.16 5.14 5.05 4.79 4.77 4.75 4.75 4.74 4.73 4.72 4.79 4.78 4.78 4.77 4.90 2.03 2.03 4.88 4.90 4.89 4.88 2.67 4.88 4.97 2.31 3.81 2.30 2.30 2.26 2.26 2.30 1.55 2.22 2.21 1.49 2.14 2.14 2.13 2.03 4.40 7.60 4.37 4.34 7.54 4.31 4.29 4.45 4.44 4.43 2.03 2.09 2.08 4.48 4.46 2.06 1.41 1.43 2.52 2.47 2.45 2.42 1.32 1.26 1.25 1.93 3.55 3.39 3.36 3.32 1.75 1.68 4.47 3.09 3.05 0.78 2.25 2.22 2.19
5.23 5.20 5.19 5.17 5.21 5.19 5.18 5.16 5.07 4.80 4.79 4.77 4.78 4.77 4.76 4.75 9.57 9.62 4.81 4.80 4.93 4.93 4.92 4.92 4.94 4.93 4.93 4.92 5.03 2.95 2.36 2.36 3.82 2.30 2.30 2.29 2.26 3.71 2.25 3.64 2.18 2.17 2.17 2.16 2.06 4.46 4.44 4.43 4.39 7.64 4.36 4.35 4.51 4.50 7.83 7.83 4.58 4.56 4.54 4.51 7.90 2.07 2.26 5.10 4.34 4.31 4.27 7.38 4.00 2.68 3.63 3.59 3.43 3.39 3.35 3.32 3.30 5.62 3.12 3.08 3.05 4.68 2.24 2.21
5.22 5.20 5.18 2.69 5.21 5.20 5.18 5.16 5.08 4.82 4.80 4.79 4.79 4.78 4.77 4.77 4.84 4.83 4.83 4.83 4.96 4.96 4.95 4.95 4.97 9.86 4.97 4.96 4.97 7.55 5.01 2.33 2.33 2.33 1.61 1.61 2.29 2.29 2.28 2.27 4.74 4.73 4.72 4.71 4.52 10.69 7.82 4.48 4.44 4.43 4.42 4.40 4.57 4.55 4.54 4.52 4.63 4.61 4.59 4.57 4.56 1.45 1.44 2.59 10.31 7.52 4.32 4.28 4.10 1.28 1.98 1.96 1.85 3.42 3.38 3.34 3.33 3.29 3.14 3.10 3.07 2.29 2.25 4.49
5.53 2.91 5.50 5.48 5.45 5.44 5.43 5.41 5.34 5.33 5.05 5.03 4.97 4.96 4.95 4.94 4.84 4.84 4.84 4.83 4.82 4.82 4.81 4.81 4.91 4.91 4.91 4.91 4.99 5.03 5.03 2.34 2.41 2.35 3.86 2.35 2.30 2.87 4.93 4.92 4.76 4.75 4.74 4.73 4.61 10.92 7.98 4.57 4.54 4.53 4.51 7.86 4.55 4.53 4.52 11.96 4.55 4.53 4.51 4.48 4.50 4.47 2.56 2.54 4.28 4.25 4.19 4.16 4.02 6.98 3.59 3.55 1.84 1.82 3.37 3.33 3.13 3.09 3.05 4.71 2.21 4.37 2.14 3.40
5.51 2.90 2.18 5.47 5.45 5.43 5.42 5.41 5.34 5.33 5.05 5.04 4.98 4.97 4.96 4.96 4.85 4.85 4.85 4.85 4.84 4.84 9.66 4.84 4.94 4.94 2.06 2.06 2.10 2.37 2.36 2.64 1.98 2.65 6.91 1.65 5.25 4.99 4.98 4.97 4.81 4.80 4.78 4.77 8.16 8.09 4.63 4.61 4.59 4.58 7.97 4.55 4.59 4.58 4.56 4.54 4.59 8.01 4.55 4.52 4.54 4.51 7.86 12.45 13.62 7.43 4.25 4.19 4.05 4.01 3.61 3.58 5.96 1.83 5.77 3.35 3.15 3.11 3.07 2.29 2.22 2.18 2.15 2.12
5.49 2.89 2.17 2.16 5.44 5.43 5.42 2.91 5.34 5.33 5.32 5.05 4.98 4.98 4.97 4.97 4.87 4.87 4.87 4.87 4.85 4.86 4.86 4.86 4.97 2.07 2.07 2.07 2.12 2.38 2.66 3.93 1.99 2.39 2.39 2.39 2.35 5.03 5.02 5.01 4.85 8.98 4.83 4.81 4.70 4.69 4.67 4.66 4.63 8.10 4.61 4.59 4.64 4.62 4.61 4.59 4.64 4.62 4.59 4.56 4.58 4.55 4.52 4.49 7.55 4.32 4.28 4.22 4.08 7.08 8.32 3.60 3.49 3.45 3.41 3.37 3.28 3.12 3.09 3.05 2.23 2.19 2.16 2.13
5.46 2.16 2.16 2.15 2.14 2.14 2.14 1.29 5.34 5.33 5.32 5.05 4.99 4.98 4.98 4.98 4.88 4.88 4.88 4.88 4.87 4.87 2.65 4.88 4.99 4.99 5.00 5.00 5.09 5.13 5.13 1.82 2.01 2.66 2.41 2.68 2.37 5.06 5.06 5.05 4.92 4.88 4.87 4.85 4.74 4.72 4.71 4.70 4.68 4.66 8.16 4.63 4.68 4.66 4.64 12.18 4.67 4.65 4.62 4.60 2.67 4.58 4.55 6.50 2.53 4.35 4.31 4.27 4.10 5.74 3.66 6.13 3.51 3.47 3.42 3.38 3.29 3.14 3.09 3.05 2.23 2.20 2.17 2.13
5.51 2.18 2.21 2.18 2.19 2.19 2.19 2.18 2.20 2.90 5.50 2.88 2.81 2.16 2.16 5.13 5.03 5.03 5.03 2.11 4.87 4.88 2.90 4.89 4.89 4.90 4.90 4.90 5.03 2.96 2.96 3.00 3.20 2.02 4.92 2.68 2.37 2.37 5.06 5.05 4.98 4.97 4.96 4.95 4.85 4.83 4.82 4.81 4.73 4.72 4.70 4.69 4.64 4.62 4.60 8.03 4.60 4.57 4.55 4.52 4.47 6.50 2.54 4.38 2.44 4.18 4.15 4.11 4.02 3.98 3.58 3.54 3.49 3.45 3.41 3.36 3.32 3.16 3.12 3.07 3.04 2.26 2.23 2.19
5.54 2.20 2.17 2.20 2.18 2.19 1.32 2.20 2.17 1.81 1.81 2.16 2.16 2.16 2.16 2.16 2.17 2.11 2.11 2.18 1.35 2.65 4.90 2.66 4.90 4.91 4.92 4.92 5.05 5.09 5.09 5.09 3.33 3.22 2.66 2.66 2.38 2.38 5.09 5.08 5.01 5.00 4.99 4.98 4.92 9.00 4.85 4.84 4.77 2.76 4.74 4.72 4.67 4.65 4.63 4.61 4.62 4.60 4.57 15.79 4.50 7.76 4.43 2.54 4.27 4.20 4.16 4.12 4.04 5.69 3.60 3.56 3.50 3.46 3.41 3.37 3.32 3.28 3.12 3.08 3.05 2.27 2.23 2.19
2.18 1.49 2.16 2.16 2.18 2.18 2.16 2.16 2.21 1.30 1.80 1.49 2.17 2.17 2.18 2.24 2.17 2.11 2.24 2.18 1.28 1.28 4.90 4.91 4.91 4.92 4.93 4.93 5.06 5.11 5.11 5.11 9.49 5.89 5.76 2.71 2.39 2.39 2.39 5.11 5.03 5.02 5.01 9.15 4.94 4.93 4.92 4.87 4.79 2.78 4.76 4.75 4.70 4.68 4.66 4.64 4.65 4.62 4.60 8.00 7.92 7.80 4.45 4.42 4.28 4.22 4.18 4.14 4.05 4.01 3.60 3.56 3.51 3.46 3.42 3.37 3.33 3.28 3.12 3.08 3.04 2.26 2.23 2.19
2.16 1.30 2.16 2.15 1.29 1.79 2.16 1.48 4.38 1.79 1.48 1.48 1.48 1.50 2.17 2.16 2.11 2.11 2.11 2.18 2.77 1.29 6.02 4.92 4.92 4.93 4.94 4.94 5.07 7.64 5.12 5.13 5.64 5.64 5.64 4.29 2.71 3.98 1.67 2.40 5.06 5.05 5.04 5.03 4.97 4.96 4.95 4.93 4.82 4.80 2.79 4.77 8.22 8.17 4.68 4.66 4.67 4.64 4.62 4.58 4.53 7.76 4.46 4.43 4.30 4.26 4.19 4.15 4.06 4.01 3.61 3.57 3.51 3.47 3.42 3.38 3.33 3.28 3.12 3.08 3.04 2.26 2.22 2.18
1.27 2.12 1.76 1.77 1.77 1.77 1.28 1.47 4.35 1.47 1.29 1.48 1.30 2.17 2.16 2.17 1.35 2.13 3.22 2.19 1.34 1.37 2.81 2.70 2.62 4.85 3.63 4.87 4.93 2.90 4.99 4.99 5.14 5.15 2.41 4.29 2.65 2.65 4.27 2.64 5.36 9.43 5.11 3.36 2.34 2.34 2.33 2.91 4.85 4.83 4.82 4.80 4.69 8.16 4.65 4.62 4.57 4.54 4.51 4.48 4.45 4.42 4.38 4.34 4.34 4.30 4.26 4.19 4.14 2.36 3.68 3.64 3.58 3.54 3.49 3.44 3.45 3.40 3.35 3.30 3.16 3.12 3.07 2.28
2.13 2.14 1.74 1.75 1.75 1.76 4.31 1.27 1.77 1.46 1.78 1.47 1.47 1.31 2.16 2.83 1.35 2.13 2.19 2.19 2.77 1.37 4.96 4.97 4.84 3.62 3.63 3.64 4.98 4.99 4.99 5.00 5.15 5.15 2.41 2.64 2.74 2.74 2.65 2.65 9.64 1.67 2.40 2.39 2.35 2.35 5.79 5.19 2.27 8.97 4.84 4.82 4.71 4.69 4.66 4.64 4.58 4.55 4.52 4.49 4.46 7.65 4.39 4.35 4.35 4.31 4.26 4.19 2.39 4.10 3.68 3.64 3.58 3.53 3.49 3.44 3.44 3.39 3.34 3.29 3.16 3.11 3.06 2.27
1.71 1.72 1.72 4.25 4.26 4.27 1.44 1.75 1.75 1.27 2.13 2.15 2.15 2.12 2.15 9.49 6.22 8.32 2.15 2.13 2.15 2.68 2.69 9.88 3.61 3.62 3.63 3.64 4.21 4.98 9.19 5.00 5.15 5.61 2.64 4.25 2.66 2.66 9.87 5.65 5.60 2.41 2.40 2.40 2.36 5.05 9.28 5.28 2.28 4.86 12.81 4.83 4.71 4.69 4.67 4.65 4.59 4.56 7.91 4.49 4.46 4.42 4.39 4.35 4.35 4.30 4.26 4.19 4.14 4.09 1.99 3.63 3.57 3.52 3.47 3.42 3.43 3.38 5.74 3.28 3.14 3.09 2.30 2.25
1.68 1.69 1.70 1.71 1.23 1.72 4.24 6.44 2.18 1.44 2.13 2.11 2.13 2.11 2.17 2.18 2.11 5.05 10.04 5.08 4.92 4.93 4.94 4.96 7.43 3.62 3.63 3.63 4.21 4.98 4.99 5.00 5.16 5.61 5.62 2.64 2.66 5.66 5.66 5.65 2.64 2.41 2.41 2.41 5.07 5.06 5.05 5.03 4.92 4.87 4.86 4.84 4.72 4.70 4.68 4.65 4.59 4.56 4.53 4.50 4.46 4.42 4.38 4.34 4.35 4.30 4.26 2.41 2.53 2.35 3.67 3.62 3.56 3.51 3.46 3.41 3.42 3.37 3.32 1.67 1.66 3.08 2.28 2.24
4.11 1.66 1.67 7.79 1.69 4.19 1.70 1.71 2.21 1.42 2.09 2.08 2.07 2.07 2.13 2.16 9.87 4.97 4.98 5.00 4.82 4.84 4.85 7.40 3.60 3.61 3.62 3.63 4.20 4.84 4.85 4.86 5.05 5.06 2.37 2.37 5.08 5.08 5.08 5.08 2.38 5.08 5.08 5.07 5.01 5.00 4.99 4.97 4.85 4.83 4.81 4.79 12.43 4.67 2.69 4.62 4.58 4.55 4.51 4.48 4.53 4.49 4.45 4.41 4.43 4.38 4.33 4.29 2.67 2.39 3.73 1.99 3.62 3.57 3.51 3.46 3.45 3.40 3.34 3.29 5.58 3.09 2.30 2.25
1.63 1.64 1.65 7.71 1.03 1.67 1.68 1.69 4.19 2.04 2.05 2.88 2.09 2.90 2.07 9.92 4.94 4.95 4.97 4.98 4.81 9.61 4.84 4.85 10.73 7.42 3.61 3.62 4.20 4.83 4.84 4.85 5.05 2.36 2.37 5.07 5.08 5.08 5.08 5.08 5.09 9.36 5.08 5.07 5.01 5.00 4.99 4.97 4.85 4.83 4.81 4.79 4.69 4.66 4.64 4.61 4.57 4.54 4.51 4.47 4.52 4.48 4.44 4.39 4.41 4.37 4.32 4.27 4.18 4.13 2.01 1.98 1.94 3.55 3.49 3.44 3.43 3.38 3.32 3.16 3.12 3.07 2.28 2.23
0.00 0.00 17.56 1.63 1.64 1.65 1.66 1.67 2.04 2.02 5.19 5.21 9.62 2.04 5.24 5.26 4.91 4.93 4.94 4.96 4.79 4.81 4.82 4.84 3.58 3.59 3.60 3.62 4.19 4.20 4.83 4.84 13.02 5.05 5.06 5.06 5.07 5.07 5.07 5.07 5.08 5.08 5.07 5.07 5.00 4.99 9.16 4.97 4.84 4.82 8.88 4.78 4.68 4.65 4.63 4.60 4.56 4.53 4.49 4.46 4.50 4.46 4.42 4.37 4.39 4.34 4.30 4.25 4.16 4.11 3.69 3.64 3.58 3.52 3.47 3.42 3.40 3.35 3.29 3.13 3.09 2.30 2.25 2.21
0.00 0.00 0.00 4.98 4.02 1.62 1.64 1.65 2.00 5.12 5.15 5.17 5.15 5.18 5.20 5.22 4.88 4.90 4.92 4.94 4.77 4.79 3.55 3.56 7.35 3.58 3.59 3.61 4.18 4.19 4.82 4.83 7.06 5.04 5.05 4.24 4.24 4.24 5.07 5.07 5.08 5.07 9.30 5.06 5.00 9.12 4.98 4.96 4.83 16.22 8.86 4.77 4.67 4.64 4.62 4.59 4.54 4.51 4.48 4.44 4.48 4.44 4.40 4.35 4.37 4.32 4.27 4.20 4.13 4.08 3.66 3.61 3.55 3.49 3.44 3.39 3.37 3.32 3.15 3.10 3.07 2.27 2.23 2.19
0.00 0.00 0.00 0.00 3.97 1.60 1.98 4.96 4.93 4.96 4.99 5.01 4.96 4.99 5.02 5.04 4.69 4.71 4.73 4.75 4.59 3.51 3.53 3.54 7.32 3.57 3.58 3.59 4.17 4.18 4.19 4.20 4.21 4.21 4.22 4.22 4.23 4.98 8.11 4.98 5.02 5.02 5.02 5.01 4.93 4.92 4.87 4.86 4.81 4.79 4.77 4.75 4.67 4.64 4.61 4.58 4.55 4.52 4.48 4.44 4.46 4.42 4.37 4.33 4.32 4.27 4.19 4.14 4.12 4.07 3.65 3.60 3.58 3.53 3.48 3.42 3.36 3.30 3.14 3.08 2.28 2.24 2.19 2.15
0.00 0.00 0.00 0.00 3.91 1.57 4.87 4.90 8.16 4.91 4.93 8.30 8.22 4.94 4.97 5.00 4.88 4.67 4.70 7.25 4.56 3.49 3.50 3.52 3.54 3.55 3.56 3.58 4.15 4.16 9.98 7.00 4.19 4.20 4.20 4.21 4.21 4.21 4.21 4.96 5.01 5.00 5.00 4.99 4.92 4.87 4.86 4.84 4.79 4.77 4.75 4.73 4.65 4.62 4.59 4.56 4.52 4.49 4.45 4.42 4.43 4.39 4.34 4.30 4.28 4.21 4.16 4.11 4.08 4.03 3.62 3.56 8.89 6.06 3.44 3.39 1.77 3.16 3.10 3.05 2.25 2.21 3.50 2.12
0.00 0.00 0.00 0.00 17.15 1.54 8.08 4.84 8.05 4.85 4.88 4.91 4.86 8.24 4.93 4.96 2.49 4.64 4.66 3.43 3.45 3.46 3.48 3.50 3.51 3.53 3.54 3.56 4.13 4.14 4.15 4.16 4.17 4.18 4.18 4.19 4.19 4.20 4.20 4.95 4.99 4.98 4.98 4.97 4.86 4.85 4.83 4.82 8.88 4.75 8.21 12.41 4.62 4.59 4.56 7.85 4.50 4.46 4.42 4.39 4.40 4.36 2.48 4.26 4.25 4.18 4.13 2.34 4.05 3.99 3.58 3.53 6.01 5.24 3.40 1.79 3.28 3.12 3.06 2.27 4.60 2.18 2.14 2.19
0.00 0.00 0.00 0.00 0.00 4.71 4.74 4.78 4.75 4.79 4.82 4.85 4.81 4.84 4.87 4.91 3.52 3.54 3.38 3.40 3.42 3.44 3.45 3.47 3.49 3.50 3.52 3.53 4.10 4.12 5.39 4.14 4.15 4.15 4.16 4.17 4.92 4.92 4.92 4.92 9.11 4.96 4.95 4.94 8.93 4.82 4.81 4.79 4.74 4.72 4.69 4.67 18.56 11.98 11.89 4.50 4.46 4.43 4.39 2.51 6.39 4.32 4.27 4.20 4.19 7.24 4.09 4.03 4.01 3.95 3.54 3.49 3.47 3.42 5.80 3.31 3.13 3.08 2.28 2.24 2.19 3.45 4.38 4.34
0.00 0.00 0.00 0.00 0.00 4.25 4.29 4.63 4.30 4.64 4.68 4.71 4.63 4.66 4.70 4.73 2.14 4.26 3.34 3.37 3.39 3.41 3.43 3.45 3.46 3.48 3.49 4.06 4.08 4.09 1.61 4.11 4.12 4.13 4.14 4.14 4.93 4.93 12.95 9.04 4.87 4.86 4.85 4.84 4.79 4.78 4.76 4.75 8.22 4.68 4.66 4.63 4.56 4.53 4.50 4.47 4.46 4.43 4.39 4.35 4.29 4.25 4.17 4.13 7.18 4.03 3.98 2.25 3.95 3.90 3.49 3.43 3.48 3.42 3.37 5.66 3.12 3.07 2.27 2.23 2.15 2.10 2.06 2.02
0.00 0.00 0.00 0.00 4.67 4.19 4.22 7.43 4.24 4.72 4.31 4.65 4.26 4.30 4.64 4.67 4.18 4.21 3.31 3.33 3.31 3.38 3.39 4.41 4.54 3.45 3.46 4.03 4.04 4.06 4.07 4.08 4.09 4.10 4.80 4.81 4.85 4.86 4.86 4.86 4.83 4.83 8.89 4.81 4.75 4.74 4.72 4.71 4.67 4.64 4.62 4.59 4.52 4.49 4.46 4.43 4.42 4.38 4.34 4.30 4.25 4.17 4.13 4.08 4.03 3.98 3.93 3.88 6.74 3.85 3.44 3.39 3.43 3.37 3.32 3.15 3.08 1.07 2.24 2.19 1.68 2.07 2.03 1.98
0.00 0.00 0.00 3.58 1.74 4.12 4.16 4.19 4.31 1.77 1.59 1.61 1.58 1.59 1.61 4.31 4.13 4.16 4.19 3.29 3.27 3.29 3.31 3.33 4.50 4.53 3.43 4.00 4.01 4.02 4.04 4.05 4.06 4.07 4.07 4.77 4.82 4.82 4.82 4.82 4.79 4.79 4.78 4.77 4.71 4.70 8.15 4.66 4.63 4.60 4.58 4.55 4.48 4.45 4.42 4.39 4.38 4.34 4.30 4.26 4.17 4.13 4.08 4.03 3.98 3.94 2.22 3.83 6.63 3.80 3.39 3.34 3.38 3.33 1.68 1.26 1.08 2.25 2.20 2.16 2.07 2.03 1.99 1.95
0.00 0.00 0.00 16.35 0.88 6.75 4.09 4.23 1.59 1.61 1.75 1.77 1.55 1.56 1.58 1.60 4.08 4.11 4.14 3.25 3.23 3.26 3.28 3.29 4.46 4.48 4.50 3.96 3.97 3.98 4.00 4.01 4.02 4.03 4.04 4.04 4.77 4.77 4.78 4.78 4.75 4.74 4.74 4.73 4.67 4.65 4.64 4.62 8.01 4.55 4.53 4.50 4.43 7.61 4.37 4.34 4.32 4.29 4.22 4.18 4.12 4.08 4.03 3.98 3.93 3.88 3.83 3.78 3.80 3.75 3.34 3.29 3.33 3.17 3.11 1.23 0.77 2.21 2.16 2.12 0.94 2.00 2.00 1.91
0.00 0.00 0.00 4.39 1.66 1.51 1.53 1.14 1.16 1.58 1.53 1.55 1.49 1.50 0.90 4.12 3.96 3.99 4.02 4.05 3.29 3.31 3.33 4.39 4.58 4.60 4.62 4.66 4.73 4.74 3.96 3.97 3.98 3.99 3.99 4.00 4.76 4.76 4.76 4.76 4.66 4.65 4.64 4.63 4.59 4.58 4.56 4.54 4.51 4.49 4.46 2.56 4.41 4.38 4.34 4.31 4.35 4.31 4.27 4.20 4.13 4.08 4.03 3.98 3.88 3.83 3.78 3.73 3.73 3.68 3.28 3.12 3.15 3.10 3.05 1.35 1.32 0.77 1.26 1.19 0.41 0.93 0.93 1.98
0.00 0.00 1.29 1.31 1.32 1.34 1.35 1.12 1.53 1.54 2.97 1.52 1.46 2.92 6.67 4.06 3.90 3.93 3.97 4.00 3.24 3.26 3.29 3.31 4.52 4.55 4.57 4.61 4.67 4.69 3.91 3.92 4.73 3.94 3.95 3.95 4.71 4.71 4.71 4.71 4.60 4.60 4.59 4.58 4.54 4.53 4.51 4.49 4.46 4.43 2.54 2.52 4.35 4.32 4.29 4.25 4.30 4.26 4.19 4.15 4.07 4.02 3.97 3.93 3.82 3.77 3.72 3.67 3.67 3.62 3.12 3.07 3.10 5.32 2.26 0.44 0.43 1.26 1.20 0.98 0.80 0.78 0.76 0.63
0.00 0.00 1.26 1.28 1.29 1.31 1.32 1.48 1.43 1.45 1.47 4.02 1.43 1.45 3.97 4.00 3.85 3.88 3.91 3.94 2.86 3.22 3.24 3.26 4.47 4.49 4.51 4.55 4.62 4.64 4.65 4.67 4.68 4.69 4.70 3.91 4.66 4.66 4.66 4.66 4.55 4.54 4.54 4.53 4.49 4.47 4.46 4.44 4.40 4.38 4.35 2.49 4.29 4.26 4.20 4.17 4.21 4.17 4.13 4.09 4.01 3.96 3.91 3.87 3.76 3.71 3.66 3.61 3.61 3.56 3.06 2.27 3.05 2.26 2.22 2.17 0.99 0.97 0.68 0.67 0.94 0.92 0.72 2.09
0.00 0.00 1.23 1.24 1.26 1.04 0.83 1.40 1.46 1.42 3.92 3.96 3.83 3.87 3.91 3.94 1.87 1.89 3.85 3.88 4.04 2.83 2.85 3.21 4.41 4.43 4.45 4.49 4.56 4.58 4.59 4.61 4.62 4.63 4.64 3.86 4.60 4.60 4.60 4.60 4.49 4.49 4.48 4.47 4.43 4.41 4.40 4.38 4.34 4.32 4.29 4.26 4.20 4.17 4.14 4.10 4.15 4.11 1.86 4.02 3.95 3.90 3.85 3.80 3.70 3.65 3.60 3.55 3.55 3.50 2.27 4.59 4.60 4.52 2.17 2.13 2.09 0.95 0.67 0.68 0.92 0.87 0.70 0.00
