New_Model_Runs/3_scn2_noclimate_out/post_prcessed_with_MFR/Monthly_summaries/runoff_monthly_MAY.asc
NCOLS 700
NROWS 400
XLLCENTER 515000.000000
YLLCENTER 8409000.000000
CELLSIZE 50.000000
NODATA_value -999.000000
[rows 266 to 303 of 400, columns 252 to 335 of 700]
2.06 2.00 0.07 0.06 0.06 0.26 0.25 0.25 0.28 0.05 1.63 0.38 0.37 0.36 0.36 0.35 0.34 0.03 0.03 0.01 0.03 1.98 0.48 0.47 0.53 0.74 0.73 0.72 0.71 0.64 0.63 1.61 0.62 0.61 0.05 0.26 0.25 0.25 0.24 0.24 0.24 0.24 0.23 0.23 0.04 0.04 0.34 1.04 0.32 0.62 0.61 0.30 0.30 0.30 0.29 0.29 1.26 1.26 0.29 0.28 0.28 0.28 0.28 0.28 0.27 0.27 0.27 0.27 1.18 0.00 0.00 0.00 0.00 1.14 1.14 0.25 0.25 1.13 1.13 1.13 0.25 0.00 0.00 0.00
2.00 0.07 0.06 0.06 0.06 0.25 0.25 0.24 0.24 0.23 0.38 0.04 0.36 0.16 0.35 0.41 0.34 0.33 0.33 0.32 0.32 1.96 0.77 0.46 0.45 0.73 0.72 0.71 0.64 0.63 0.63 0.64 0.61 0.17 0.05 0.25 0.25 0.24 0.24 0.24 0.24 0.23 0.23 0.23 1.00 0.04 0.53 0.37 0.36 0.51 0.51 0.56 0.30 0.29 1.27 0.29 1.25 0.29 0.28 0.28 0.28 0.28 0.28 0.27 0.27 0.27 0.27 0.26 1.17 9.03 0.00 0.00 0.00 0.25 1.13 1.13 1.13 1.12 0.25 0.00 0.00 0.00 0.00 0.00
1.91 0.06 0.26 0.42 0.25 0.25 0.24 0.24 0.14 0.23 0.37 0.36 0.13 0.12 0.12 0.12 0.33 0.33 0.03 0.32 0.78 1.95 1.92 1.90 1.88 0.72 1.61 0.64 0.63 0.63 0.64 0.63 0.05 0.26 0.25 0.25 0.25 0.24 0.24 0.24 0.23 0.23 0.23 0.22 0.53 0.53 0.52 0.33 0.51 0.50 0.50 0.29 0.29 0.29 0.29 1.25 0.29 0.28 1.23 1.23 1.22 0.28 0.27 0.27 0.27 0.27 0.26 1.17 0.26 0.00 0.00 0.00 0.25 1.13 1.13 1.12 0.25 0.25 0.00 0.00 0.00 0.00 0.00 0.00
0.05 0.16 0.16 0.17 0.15 0.15 0.46 0.04 1.53 0.22 1.58 0.21 0.13 0.12 0.12 0.11 0.33 0.32 0.32 0.18 0.55 0.58 1.72 0.45 0.73 0.72 0.64 0.64 0.63 0.62 0.50 0.63 0.26 0.25 0.25 0.25 0.24 0.24 0.24 0.23 0.23 0.54 0.53 0.53 1.40 0.62 0.33 0.33 0.32 0.50 0.50 0.32 0.29 0.29 0.29 1.25 1.24 1.23 1.22 1.22 1.21 1.20 1.20 0.27 0.27 0.26 0.26 1.16 0.26 0.00 0.25 1.14 1.13 1.13 1.12 0.25 0.25 0.00 0.00 0.00 0.00 0.00 0.00 0.00
0.05 0.16 0.15 0.15 1.87 1.57 1.24 1.23 1.21 0.37 0.42 0.03 0.35 0.03 0.03 1.47 0.04 0.03 0.31 0.18 0.54 0.75 0.45 0.44 0.86 0.71 0.64 0.63 0.62 0.38 0.50 0.60 0.25 0.25 0.25 0.24 0.24 0.24 0.23 0.23 0.54 0.53 1.41 0.53 0.62 0.52 0.33 0.50 0.96 0.50 0.69 0.31 0.58 0.29 0.29 1.24 1.23 1.22 1.22 0.27 0.27 1.20 1.19 0.27 0.26 1.17 1.16 0.26 0.26 0.25 1.14 1.13 1.13 0.25 0.00 0.00 0.25 0.25 0.00 0.00 0.00 0.00 0.00 0.00
0.03 0.15 0.15 1.59 1.85 1.24 1.23 1.21 1.50 0.36 0.03 1.53 0.03 0.03 0.33 0.32 0.01 0.01 0.01 0.01 0.42 0.75 0.74 0.44 0.72 1.64 0.39 2.00 0.62 0.37 0.60 0.25 0.25 0.25 0.24 0.24 0.24 0.23 0.55 0.54 0.54 0.53 1.40 0.52 0.36 0.51 0.61 0.30 0.30 0.59 0.49 0.31 0.58 1.24 1.24 1.23 1.22 0.28 0.27 1.20 1.20 0.27 0.27 1.17 1.17 0.26 0.26 0.26 1.14 1.14 1.13 0.25 0.00 0.00 0.00 0.00 0.00 0.00 0.00 0.00 0.00 0.00 0.00 0.00
0.05 0.06 1.91 1.85 1.24 1.23 1.21 1.20 0.22 0.35 1.53 1.51 1.49 1.48 0.33 0.01 0.02 0.01 0.01 0.01 1.90 0.45 0.44 0.72 0.50 1.63 1.61 0.62 1.97 0.43 0.60 0.59 0.16 1.06 0.11 0.05 0.23 0.55 0.54 0.54 0.53 0.34 0.62 0.62 0.61 0.30 0.30 0.30 0.29 0.29 0.58 0.58 1.25 1.24 1.23 1.22 0.28 0.27 1.20 1.20 1.19 0.27 1.17 1.17 0.26 0.26 1.15 1.14 1.76 0.25 1.13 0.00 0.00 0.00 0.00 0.00 0.00 0.00 0.00 0.00 0.00 0.00 0.00 0.00
0.06 1.91 1.26 1.24 1.23 1.21 1.20 0.22 0.21 0.35 0.34 0.02 0.33 0.33 0.32 0.02 0.01 0.01 0.03 0.45 0.92 0.44 0.44 0.43 0.76 0.39 0.38 0.73 0.72 0.60 0.59 0.48 0.16 1.06 0.11 0.10 0.15 0.38 0.33 0.53 0.63 0.57 0.52 0.51 0.29 0.30 0.30 1.28 0.29 1.26 0.29 0.29 1.48 1.23 1.22 1.22 0.27 0.27 1.20 0.27 1.18 1.17 0.26 0.26 1.15 1.15 1.14 0.25 0.25 0.00 0.00 0.00 0.00 0.00 0.00 0.00 0.00 0.00 0.00 0.00 0.00 0.00 0.00 0.00
1.91 1.26 1.24 1.23 1.52 1.20 0.22 0.12 0.12 0.34 0.03 0.03 0.33 0.32 0.32 0.31 0.31 0.30 0.02 0.41 0.40 0.19 0.72 0.46 0.65 0.41 0.38 0.63 0.62 0.48 0.59 0.58 0.57 0.24 0.10 0.23 0.15 0.04 0.43 0.53 0.63 0.52 0.51 0.51 0.32 0.60 0.29 1.27 0.94 0.93 0.93 1.48 1.47 1.22 1.45 1.21 1.20 0.27 1.19 1.18 0.26 0.26 0.26 1.15 1.15 1.14 0.25 0.25 0.00 0.00 0.00 0.00 0.00 0.00 0.00 0.00 0.00 0.00 0.00 0.00 0.00 0.00 0.00 0.00
1.49 1.78 1.23 1.44 1.50 1.49 0.03 0.03 0.21 0.34 0.03 0.03 0.03 0.03 0.03 0.02 0.30 0.30 0.92 0.41 0.40 0.39 0.71 0.76 0.70 0.69 0.38 0.72 0.71 0.59 0.36 0.51 1.49 0.56 0.10 0.05 0.10 0.23 0.32 0.58 0.52 0.33 0.33 0.56 0.40 0.39 0.94 0.94 0.93 1.49 1.48 1.47 1.46 1.21 1.21 0.27 0.27 1.19 0.27 0.26 0.26 1.16 1.15 1.15 0.26 0.25 0.41 0.51 0.00 0.00 0.00 0.00 0.00 0.00 0.00 0.00 0.00 0.00 0.00 0.00 0.00 0.00 0.00 0.00
1.55 1.54 1.44 2.84 1.19 1.17 0.35 0.35 0.34 0.34 0.33 0.33 0.03 0.03 0.02 0.30 0.30 0.75 0.74 0.40 0.39 0.71 1.37 1.22 0.38 0.38 0.60 1.55 1.54 0.58 0.58 0.57 0.56 0.56 0.55 0.15 0.23 0.22 0.53 0.37 0.62 0.36 0.32 0.34 1.53 1.52 0.94 1.50 1.49 1.48 1.47 1.46 0.90 0.27 0.27 1.19 1.19 0.27 0.26 1.17 1.16 1.15 0.26 0.26 0.41 0.51 0.51 1.35 0.00 0.00 0.00 0.00 0.00 0.00 0.00 0.00 0.00 0.00 0.00 0.00 0.00 0.00 0.00 0.00
1.23 1.79 2.84 1.95 1.18 1.46 0.35 0.12 0.11 0.33 0.33 0.32 0.32 0.01 0.31 0.01 0.01 0.09 0.29 0.28 0.72 0.71 0.52 0.62 0.61 0.61 0.60 1.54 1.53 1.52 1.50 0.57 0.56 0.55 0.33 0.54 0.22 0.22 0.22 0.52 0.50 0.30 1.29 1.28 1.52 1.51 1.50 1.49 1.48 1.47 0.28 1.21 1.21 1.20 1.19 1.19 0.27 1.17 1.17 1.16 0.26 0.26 0.51 0.51 1.36 1.35 1.35 0.00 0.00 0.00 0.00 0.00 0.00 0.00 0.00 0.00 0.00 0.00 0.00 0.00 0.00 0.00 0.00 0.00
1.21 1.20 1.75 1.73 1.72 1.44 1.43 1.13 1.40 0.33 0.32 0.01 0.01 0.01 0.30 0.02 0.01 0.29 0.28 0.28 0.27 0.27 0.18 0.69 0.61 0.60 0.59 1.90 1.88 1.51 1.49 1.48 0.34 0.33 0.33 0.33 1.41 1.40 0.22 0.36 0.50 1.30 0.30 1.28 1.51 1.50 1.49 1.48 0.28 1.22 1.22 0.27 0.27 0.27 0.27 1.18 1.18 1.17 1.16 0.26 0.52 0.52 1.37 0.00 0.00 0.00 0.00 0.00 0.00 0.00 0.00 0.00 0.00 0.00 0.00 0.00 0.00 0.00 0.00 0.00 0.00 0.00 0.00 0.00
1.50 1.49 1.48 1.17 1.15 1.43 0.12 0.11 0.33 0.19 0.19 0.01 0.01 0.01 0.10 0.29 0.29 0.16 0.16 0.28 0.27 0.13 0.12 0.05 0.26 0.60 0.59 0.58 0.25 0.24 0.56 0.56 0.55 0.33 0.33 0.32 0.32 1.39 1.38 0.50 0.49 1.29 0.96 1.52 1.51 1.50 0.28 1.23 1.23 0.28 0.28 0.27 0.27 0.27 1.18 1.18 1.17 0.26 0.52 0.52 0.52 1.37 0.00 0.00 0.00 0.00 0.00 0.00 0.00 0.00 0.00 0.00 0.00 0.00 0.00 0.00 0.00 0.00 0.00 0.00 0.00 0.00 0.00 0.00
2.84 1.48 1.46 1.15 1.43 1.13 0.11 0.33 0.32 1.08 1.35 0.01 0.01 1.31 0.30 0.29 0.03 0.01 0.16 0.27 0.27 0.12 0.12 0.26 0.26 0.25 0.25 1.07 0.16 0.16 0.11 0.23 0.23 1.44 0.33 0.32 0.32 1.39 0.50 0.49 1.30 1.29 1.28 1.51 1.50 0.29 1.24 1.23 0.28 0.28 0.27 0.27 1.19 1.19 1.18 1.17 1.17 1.39 0.86 1.38 1.37 0.00 0.00 0.00 0.00 0.00 0.00 0.00 0.00 0.00 0.00 0.00 0.00 0.00 0.00 0.00 0.00 0.00 0.00 0.00 0.00 0.00 0.00 0.00
2.75 2.79 1.71 1.69 0.34 0.34 0.33 0.19 0.32 1.35 1.34 0.31 0.90 0.89 0.29 0.29 0.01 0.01 0.16 0.02 0.27 1.14 0.26 0.26 0.26 0.25 1.08 1.07 1.06 0.11 0.10 1.03 0.23 1.01 1.42 0.32 0.41 0.51 0.50 0.49 1.29 1.28 1.27 0.29 1.25 1.24 0.28 0.28 0.28 0.27 1.20 1.20 1.19 1.18 1.18 1.40 0.00 0.00 0.00 0.00 0.00 0.00 0.00 0.00 0.00 0.00 0.00 0.00 0.00 0.00 0.00 0.00 0.00 0.00 0.00 0.00 0.00 0.00 0.00 0.00 0.00 0.00 0.00 0.00
3.92 2.77 1.44 1.35 0.11 0.04 0.33 1.37 2.60 1.34 1.33 1.32 0.90 0.89 0.88 0.29 0.28 1.31 0.27 0.27 0.27 1.13 0.26 0.26 0.25 0.25 0.16 1.06 0.16 0.16 0.04 0.23 0.23 1.00 0.53 0.53 1.39 0.35 0.50 0.49 0.30 0.29 0.29 0.29 1.25 1.24 1.23 0.28 0.28 1.21 1.20 1.19 0.27 1.41 0.00 0.00 0.00 0.00 0.00 0.00 0.00 0.00 0.00 0.00 0.00 0.00 0.00 0.00 0.00 0.00 0.00 0.00 0.00 0.00 0.00 0.00 0.00 0.00 0.00 0.00 0.00 0.00 0.00 0.00
1.71 1.69 1.35 1.41 1.32 0.11 0.32 0.88 1.27 1.26 1.32 1.24 0.85 4.56 0.09 0.28 0.28 0.02 0.27 1.15 0.27 0.26 0.26 0.26 0.25 0.25 0.25 0.24 1.05 0.10 0.10 0.10 0.23 0.53 0.53 0.52 0.70 0.35 0.40 0.49 0.30 0.35 0.29 0.29 0.29 1.24 1.23 1.22 1.21 1.20 0.27 0.27 1.42 0.00 0.00 0.00 0.00 0.00 0.00 0.00 0.00 0.00 0.00 0.00 0.00 0.00 0.00 0.00 0.00 0.00 0.00 0.00 0.00 0.00 0.00 0.00 0.00 0.00 0.00 0.00 0.00 0.00 0.00 0.00
1.69 1.68 1.67 1.40 1.39 1.30 1.29 1.28 1.26 1.25 3.60 0.83 1.29 4.53 0.09 0.28 0.28 1.30 1.15 1.14 0.12 0.26 0.26 0.25 0.25 1.21 0.24 0.24 0.24 0.23 1.02 0.54 0.54 0.53 0.53 0.52 0.52 0.50 0.67 0.49 0.30 0.29 0.29 0.29 0.28 1.23 1.23 1.22 0.27 0.27 0.54 0.00 0.00 0.00 0.00 0.00 0.00 0.00 0.00 0.00 0.00 0.00 0.00 0.00 0.00 0.00 0.00 0.00 0.00 0.00 0.00 0.00 0.00 0.00 0.00 0.00 0.00 0.00 0.00 0.00 0.00 0.00 0.00 0.00
1.43 1.41 1.65 1.11 1.38 1.29 1.28 1.27 1.25 4.64 1.23 1.22 1.28 1.26 1.25 0.28 0.27 0.02 0.06 0.18 0.12 0.26 0.26 0.25 0.25 0.25 0.18 1.05 0.24 0.23 1.44 1.43 0.53 0.53 0.52 0.52 1.31 0.30 0.30 0.30 1.27 1.27 0.29 1.25 1.24 1.23 0.28 0.28 0.55 1.44 0.00 0.00 0.00 0.00 0.00 0.00 0.00 0.00 0.00 0.00 0.00 0.00 0.00 0.00 0.00 0.00 0.00 0.00 0.00 0.00 0.00 0.00 0.00 0.00 0.00 0.00 0.00 0.00 0.00 0.00 0.00 0.00 0.00 0.00
1.06 1.40 1.32 1.30 1.29 1.28 1.27 1.26 1.25 1.77 1.22 1.21 1.20 0.99 1.24 0.28 0.27 0.27 0.06 0.18 0.12 0.12 0.17 0.17 0.16 0.24 0.24 1.04 1.03 0.55 0.44 1.42 1.41 0.53 0.32 0.31 0.30 0.30 0.30 1.28 1.27 1.26 1.25 1.24 1.24 0.28 0.28 0.55 0.00 0.00 0.00 0.00 0.00 0.00 0.00 0.00 0.00 0.00 0.00 0.00 0.00 0.00 0.00 0.00 0.00 0.00 0.00 0.00 0.00 0.00 0.00 0.00 0.00 0.00 0.00 0.00 0.00 0.00 0.00 0.00 0.00 0.00 0.00 0.00
1.05 1.04 1.30 1.29 1.28 1.27 1.26 1.25 1.24 1.23 1.21 1.20 1.19 1.51 0.98 1.23 0.27 0.12 0.12 0.26 0.17 0.17 0.17 0.17 0.16 0.24 0.11 0.24 0.23 0.44 0.44 0.32 0.32 0.32 0.31 0.31 0.30 0.30 0.30 2.00 1.27 1.26 1.25 0.28 0.28 0.28 1.22 0.55 0.00 0.00 0.00 0.00 0.00 0.00 0.00 0.00 0.00 0.00 0.00 0.00 0.00 0.00 0.00 0.00 0.00 0.00 0.00 0.00 0.00 0.00 0.00 0.00 0.00 0.00 0.00 0.00 0.00 0.00 0.00 0.00 0.00 0.00 0.00 0.00
1.04 1.04 1.30 1.28 1.27 1.26 1.25 1.24 1.23 1.22 1.21 1.20 1.18 1.17 1.46 0.96 1.29 0.12 0.12 0.12 0.26 0.25 0.17 0.16 0.24 0.11 0.16 1.03 0.23 0.04 0.33 0.32 0.32 0.32 0.31 0.31 0.30 0.30 1.28 1.27 1.26 0.29 0.29 0.28 0.28 0.56 0.29 0.15 0.62 0.00 0.00 0.00 0.00 0.00 0.00 0.00 0.00 0.00 0.00 0.00 0.00 0.00 0.00 0.00 0.00 0.00 0.00 0.00 0.00 0.00 0.00 0.00 0.00 0.00 0.00 0.00 0.00 0.00 0.00 0.00 0.00 0.00 0.00 0.00
1.31 1.30 1.29 1.28 1.26 1.25 1.24 1.23 1.22 1.21 1.20 1.19 1.18 1.17 4.41 1.14 0.12 0.12 0.12 0.26 0.32 0.25 0.04 0.25 0.11 1.05 0.24 0.23 0.10 0.04 0.33 0.32 0.32 0.32 0.31 0.30 0.30 0.30 0.30 1.27 0.29 0.29 0.28 0.28 0.46 0.28 0.03 0.84 0.62 0.00 0.00 0.00 0.00 0.00 0.00 0.00 0.00 0.00 0.00 0.00 0.00 0.00 0.00 0.00 0.00 0.00 0.00 0.00 0.00 0.00 0.00 0.00 0.00 0.00 0.00 0.00 0.00 0.00 0.00 0.00 0.00 0.00 0.00 0.00
1.30 1.29 1.28 1.27 1.26 1.24 1.23 1.22 1.21 1.20 1.19 4.48 1.17 1.16 1.29 0.27 0.12 0.26 0.05 0.98 0.11 0.11 0.04 0.03 0.16 0.05 0.23 0.03 0.03 0.04 0.04 0.32 0.32 0.31 0.31 0.30 0.30 0.38 0.29 0.34 0.34 0.29 1.24 0.46 0.19 0.03 0.03 0.03 0.62 0.00 0.00 0.00 0.00 0.00 0.00 0.00 0.00 0.00 0.00 0.00 0.00 0.00 0.00 0.00 0.00 0.00 0.00 0.00 0.00 0.00 0.00 0.00 0.00 0.00 0.00 0.00 0.00 0.00 0.00 0.00 0.00 0.00 0.00 0.00
1.29 1.28 1.27 1.26 1.25 1.24 1.23 1.29 1.21 1.20 1.19 1.50 1.16 1.15 1.14 0.27 0.27 0.06 1.05 2.07 4.04 0.11 0.11 0.11 0.24 0.24 0.23 0.03 0.03 0.03 0.03 0.32 0.32 0.31 0.30 0.30 0.30 0.30 0.29 0.29 0.29 0.29 1.24 0.19 0.19 0.19 0.03 0.03 0.61 0.00 0.00 0.00 0.00 0.00 0.00 0.00 0.00 0.00 0.00 0.00 0.00 0.00 0.00 0.00 0.00 0.00 0.00 0.00 0.00 0.00 0.00 0.00 0.00 0.00 0.00 0.00 0.00 0.00 0.00 0.00 0.00 0.00 0.00 0.00
1.28 1.27 1.26 1.25 1.24 1.23 1.22 1.21 1.20 1.19 1.18 1.17 1.16 1.15 1.02 1.07 1.06 1.05 1.04 0.97 1.02 0.25 0.11 0.16 0.24 0.24 0.10 0.03 0.03 0.03 0.03 0.05 0.31 0.31 0.30 0.30 0.30 0.29 0.29 0.29 0.29 0.47 0.02 0.02 0.19 0.04 0.02 0.19 0.61 0.00 0.00 0.00 0.00 0.00 0.00 0.00 0.00 0.00 0.00 0.00 0.00 0.00 0.00 0.00 0.00 0.00 0.00 0.00 0.00 0.00 0.00 0.00 0.00 0.00 0.00 0.00 0.00 0.00 0.00 0.00 0.00 0.00 0.00 0.00
1.27 1.26 3.62 0.90 3.58 1.22 3.54 2.34 3.49 1.18 1.17 1.16 1.15 1.14 1.08 1.06 0.83 1.24 1.04 0.97 1.02 1.01 0.16 0.16 0.12 0.10 0.10 2.54 2.36 0.04 0.22 0.04 0.04 0.30 0.30 0.30 0.30 0.29 0.29 0.47 0.20 0.03 0.02 0.02 0.03 0.02 0.02 0.03 0.83 0.00 0.00 0.00 0.00 0.00 0.00 0.00 0.00 0.00 0.00 0.00 0.00 0.00 0.00 0.00 0.00 0.00 0.00 0.00 0.00 0.00 0.00 0.00 0.00 0.00 0.00 0.00 0.00 0.00 0.00 0.00 0.00 0.00 0.00 0.00
1.26 1.25 1.24 3.58 1.22 1.21 4.54 3.50 3.48 1.18 1.17 1.16 1.21 1.08 1.27 1.06 0.99 0.98 1.03 1.02 0.80 0.79 1.19 0.11 0.16 0.15 1.14 0.75 1.29 0.73 0.72 0.04 0.21 0.30 0.30 0.30 0.29 0.29 0.47 0.20 0.20 0.03 0.02 0.02 0.02 0.02 0.02 0.02 0.03 0.00 0.00 0.00 0.00 0.00 0.00 0.00 0.00 0.00 0.00 0.00 0.00 0.00 0.00 0.00 0.00 0.00 0.00 0.00 0.00 0.00 0.00 0.00 0.00 0.00 0.00 0.00 0.00 0.00 0.00 0.00 0.00 0.00 0.00 0.00
1.25 1.24 1.23 1.22 1.22 1.21 1.20 1.19 1.18 1.17 1.16 1.22 0.95 2.86 1.27 1.05 1.24 0.98 4.03 1.02 0.79 1.00 1.18 1.17 1.16 1.15 1.14 1.13 0.74 1.11 0.72 1.09 1.43 0.04 0.30 0.30 0.29 0.94 0.20 0.20 0.03 0.03 0.03 0.03 0.02 0.02 0.02 0.02 0.03 0.00 0.00 0.00 0.00 0.00 0.00 0.00 0.00 0.00 0.00 0.00 0.00 0.00 0.00 0.00 0.00 0.00 0.00 0.00 0.00 0.00 0.00 0.00 0.00 0.00 0.00 0.00 0.00 0.00 0.00 0.00 0.00 0.00 0.00 0.00
1.24 1.24 1.23 3.55 1.21 1.20 1.19 1.18 1.67 1.23 1.45 1.44 1.13 2.64 2.74 0.83 1.24 1.23 1.02 1.01 1.00 0.94 0.99 1.17 0.97 0.96 0.95 0.89 0.93 0.73 1.10 1.09 1.03 0.04 0.30 0.30 0.39 0.08 0.08 0.03 0.08 0.08 0.19 0.02 0.02 0.02 0.02 0.02 0.00 0.60 0.00 0.00 0.00 0.00 0.00 0.00 0.00 0.00 0.00 0.00 0.00 0.00 0.00 0.00 0.00 0.00 0.00 0.00 0.00 0.00 0.00 0.00 0.00 0.00 0.00 0.00 0.00 0.00 0.00 0.00 0.00 0.00 0.00 0.00
1.24 1.23 3.55 2.35 3.51 1.19 1.18 1.24 1.24 1.23 2.30 2.22 2.65 2.63 1.06 1.24 1.23 0.97 1.02 2.02 1.00 0.99 0.98 0.97 0.97 0.96 0.95 0.94 0.88 0.72 1.09 2.44 0.21 0.21 0.21 0.09 0.03 0.03 0.08 0.08 0.13 0.08 0.19 0.02 0.02 0.02 0.02 0.02 0.00 0.00 0.00 0.00 0.00 0.00 0.00 0.00 0.00 0.00 0.00 0.00 0.00 0.00 0.00 0.00 0.00 0.00 0.00 0.00 0.00 0.00 0.00 0.00 0.00 0.00 0.00 0.00 0.00 0.00 0.00 0.00 0.00 0.00 0.00 0.00
1.54 1.22 3.54 3.52 3.50 1.26 1.18 1.17 1.23 2.30 2.22 2.72 2.76 2.62 1.05 1.24 2.77 2.61 1.01 1.00 1.99 0.99 0.98 0.97 0.96 0.95 0.94 1.12 3.75 0.16 0.03 0.02 0.02 0.21 0.21 0.20 0.02 0.02 0.03 0.03 0.04 0.02 0.03 0.02 0.02 0.02 0.14 0.61 0.00 0.00 0.00 0.00 0.00 0.00 0.00 0.00 0.00 0.00 0.00 0.00 0.00 0.00 0.00 0.00 0.00 0.00 0.00 0.00 0.00 0.00 0.00 0.00 0.00 0.00 0.00 0.00 0.00 0.00 0.00 0.00 0.00 0.00 0.00 0.00
1.29 1.28 1.20 1.27 1.26 0.99 1.47 1.46 2.61 2.23 2.22 1.18 1.27 1.25 1.05 4.06 4.04 2.74 2.89 0.94 1.99 0.98 1.16 1.15 0.96 1.13 1.12 1.11 3.74 0.04 0.02 0.02 0.02 0.03 0.04 0.20 0.20 0.03 0.02 0.02 0.02 0.02 0.04 0.02 0.15 0.00 0.00 0.00 0.00 0.00 0.00 0.00 0.00 0.00 0.00 0.00 0.00 0.00 0.00 0.00 0.00 0.00 0.00 0.00 0.00 0.00 0.00 0.00 0.00 0.00 0.00 0.00 0.00 0.00 0.00 0.00 0.00 0.00 0.00 0.00 0.00 0.00 0.00 0.00
1.28 1.28 1.50 1.26 1.25 0.98 1.46 1.45 2.29 2.21 2.66 2.64 1.06 1.25 1.24 0.81 4.02 2.52 2.88 0.94 0.99 0.98 1.16 1.15 1.14 1.13 1.12 1.11 0.03 0.02 0.03 0.04 0.02 0.02 0.03 0.03 0.20 0.03 0.03 0.02 0.02 0.02 0.02 0.15 0.15 0.00 0.00 0.00 0.00 0.00 0.00 0.00 0.00 0.00 0.00 0.00 0.00 0.00 0.00 0.00 0.00 0.00 0.00 0.00 0.00 0.00 0.00 0.00 0.00 0.00 0.00 0.00 0.00 0.00 0.00 0.00 0.00 0.00 0.00 0.00 0.00 0.00 0.00 0.00
1.28 3.51 2.51 2.29 3.45 1.86 1.46 1.15 1.14 2.34 2.86 1.26 1.25 1.24 1.23 2.62 2.73 2.51 2.49 2.85 0.93 1.16 1.15 1.14 0.95 1.12 1.12 0.03 0.02 0.02 0.04 0.91 0.03 0.02 0.03 0.02 0.03 0.02 0.02 0.02 0.02 0.19 0.19 0.15 0.62 0.00 0.00 0.00 0.00 0.00 0.00 0.00 0.00 0.00 0.00 0.00 0.00 0.00 0.00 0.00 0.00 0.00 0.00 0.00 0.00 0.00 0.00 0.00 0.00 0.00 0.00 0.00 0.00 0.00 0.00 0.00 0.00 0.00 0.00 0.00 0.00 0.00 0.00 0.00
2.32 2.31 2.29 2.28 2.33 1.23 1.15 1.21 0.95 1.28 1.27 1.26 1.05 1.24 1.23 2.74 2.52 2.50 2.48 2.84 1.17 1.16 1.15 1.14 1.13 2.73 2.40 2.31 2.29 0.03 0.09 0.03 0.03 0.03 0.20 0.20 0.03 0.02 0.02 0.15 0.15 0.63 0.62 0.62 0.61 0.00 0.00 0.00 0.00 0.00 0.00 0.00 0.00 0.00 0.00 0.00 0.00 0.00 0.00 0.00 0.00 0.00 0.00 0.00 0.00 0.00 0.00 0.00 0.00 0.00 0.00 0.00 0.00 0.00 0.00 0.00 0.00 0.00 0.00 0.00 0.00 0.00 0.00 0.00
2.31 2.30 2.28 2.47 0.97 1.45 1.15 1.21 1.13 1.27 1.26 1.25 2.97 2.64 1.22 1.21 2.58 2.69 1.08 2.46 1.16 1.15 0.96 0.95 1.13 2.41 2.32 2.31 2.35 0.03 0.03 0.02 0.02 0.03 0.04 0.16 0.65 0.64 0.15 0.63 0.63 0.00 0.00 0.00 0.00 0.00 0.00 0.00 0.00 0.00 0.00 0.00 0.00 0.00 0.00 0.00 0.00 0.00 0.00 0.00 0.00 0.00 0.00 0.00 0.00 0.00 0.00 0.00 0.00 0.00 0.00 0.00 0.00 0.00 0.00 0.00 0.00 0.00 0.00 0.00 0.00 0.00 0.00 0.00
