New_Model_Runs/3_scn2_noclimate_out/post_prcessed_with_MFR/Monthly_summaries/runoff_monthly_JAN.asc
NCOLS 700
NROWS 400
XLLCENTER 515000.000000
YLLCENTER 8409000.000000
CELLSIZE 50.000000
NODATA_value -999.000000
[rows 74 to 110 of 400, columns 336 to 419 of 700]
0.00 0.00 0.00 0.00 0.00 0.00 0.00 0.00 0.00 0.00 0.00 0.00 0.00 0.00 0.00 0.00 0.00 0.00 0.00 0.00 0.00 0.00 0.00 0.00 0.00 0.00 0.00 0.00 0.00 0.00 0.00 0.00 0.00 0.00 0.00 0.00 0.00 0.00 0.00 0.00 0.00 0.00 0.00 0.00 0.00 0.00 0.00 0.00 0.00 0.00 0.00 0.00 0.00 0.00 0.00 0.00 0.00 0.00 0.00 2.11 3.21 3.20 2.04 2.03 1.99 1.98 1.98 1.97 0.89 0.61 0.63 0.51 0.00 0.00 0.00 0.00 0.00 0.00 0.00 0.00 0.00 0.00 0.00 0.00
0.00 0.00 0.00 0.00 0.00 0.00 0.00 0.00 0.00 0.00 0.00 0.00 0.00 0.00 0.00 0.00 0.00 0.00 0.00 0.00 0.00 0.00 0.00 0.00 0.00 0.00 0.00 0.00 0.00 0.00 0.00 0.00 0.00 0.00 0.00 0.00 0.00 0.00 0.00 0.00 0.00 0.00 0.00 0.00 0.00 0.00 0.00 0.00 0.00 0.00 0.00 0.00 0.00 0.00 0.00 0.00 0.00 0.00 2.16 3.35 1.64 2.09 2.09 2.08 2.03 2.03 2.02 2.02 0.91 0.63 0.63 0.62 0.00 0.00 0.00 0.00 0.00 0.00 0.00 0.00 0.00 0.00 0.00 0.00
0.00 0.00 0.00 0.00 0.00 0.00 0.00 0.00 0.00 0.00 0.00 0.00 0.00 0.00 0.00 0.00 0.00 0.00 0.00 0.00 0.00 0.00 0.00 0.00 0.00 0.00 0.00 0.00 0.00 0.00 0.00 0.00 0.00 0.00 0.00 0.00 0.00 0.00 0.00 0.00 0.00 0.00 0.00 0.00 0.00 0.00 0.00 0.00 4.14 1.72 0.00 0.00 0.00 0.00 0.00 0.00 0.00 4.14 3.34 0.93 2.12 2.12 0.64 0.64 2.20 0.68 0.67 0.67 0.69 0.76 0.68 0.00 0.00 0.00 0.00 0.00 0.00 0.00 0.00 0.00 0.00 0.00 0.00 0.00
0.00 0.00 0.00 0.00 0.00 0.00 0.00 0.00 0.00 0.00 0.00 0.00 0.00 0.00 0.00 0.00 0.00 0.00 0.00 0.00 0.00 0.00 0.00 0.00 0.00 0.00 0.00 0.00 0.00 0.00 0.00 0.00 0.00 0.00 0.00 0.00 0.00 0.00 0.00 0.00 0.00 0.00 0.00 0.00 0.00 0.00 0.00 0.00 2.76 2.33 2.33 0.00 0.00 0.00 14.66 2.27 2.19 2.18 4.31 2.17 2.17 0.66 0.66 0.66 0.70 0.37 0.48 0.87 0.87 2.03 0.00 0.00 0.00 0.00 0.00 0.00 0.00 0.00 0.00 0.00 0.00 0.00 0.00 0.00
0.00 0.00 0.00 0.00 0.00 0.00 0.00 0.00 0.00 0.00 0.00 0.00 0.00 0.00 0.00 0.00 0.00 0.00 0.00 0.00 0.00 0.00 0.00 0.00 0.00 0.00 0.00 0.00 0.00 0.00 0.00 0.00 0.00 0.00 0.00 0.00 0.00 0.00 0.00 0.00 0.00 0.00 0.00 0.00 0.00 0.00 0.00 0.00 2.39 2.39 2.39 2.39 2.33 2.33 2.33 2.32 2.24 1.63 3.52 2.23 2.23 0.72 0.71 0.36 0.72 4.50 4.48 4.47 0.73 0.00 0.00 0.00 0.00 0.00 0.00 0.00 0.00 0.00 0.00 0.00 0.00 0.00 0.00 0.00
0.00 0.00 0.00 0.00 0.00 0.00 0.00 0.00 0.00 0.00 0.00 0.00 0.00 0.00 0.00 0.00 0.00 0.00 0.00 0.00 0.00 0.00 0.00 0.00 0.00 0.00 0.00 0.00 0.00 0.00 0.00 0.00 0.00 0.00 0.00 0.00 0.00 0.00 0.00 0.00 0.00 0.00 0.00 0.00 0.00 0.00 0.00 4.59 2.45 2.45 2.45 2.45 2.39 1.06 2.38 2.38 2.29 1.91 2.28 2.28 2.36 2.36 0.70 0.94 0.74 4.78 4.76 4.74 0.00 0.00 0.00 0.00 0.00 0.00 0.00 0.00 0.00 0.00 0.00 0.00 0.00 0.00 0.00 0.00
0.00 0.00 0.00 0.00 0.00 0.00 0.00 0.00 0.00 0.00 0.00 0.00 0.00 0.00 0.00 0.00 0.00 0.00 0.00 0.00 0.00 0.00 0.00 0.00 0.00 0.00 0.00 0.00 0.00 0.00 0.00 0.00 0.00 0.00 0.00 0.00 0.00 0.00 0.00 0.00 0.00 0.00 0.00 0.00 0.00 0.00 0.00 2.76 2.65 2.65 2.65 2.65 2.36 1.05 2.35 2.35 2.39 2.39 2.38 2.38 2.68 2.79 2.66 0.97 4.88 0.80 14.95 0.00 0.00 0.00 0.00 0.00 0.00 0.00 0.00 0.00 0.00 0.00 0.00 0.00 0.00 0.00 0.00 0.00
0.00 0.00 0.00 0.00 0.00 0.00 0.00 0.00 0.00 0.00 0.00 0.00 0.00 0.00 0.00 0.00 0.00 0.00 0.00 0.00 0.00 0.00 0.00 0.00 0.00 0.00 0.00 0.00 0.00 0.00 0.00 0.00 0.00 0.00 0.00 0.00 0.00 0.00 6.28 0.00 0.00 0.00 0.00 0.00 0.00 0.00 0.00 2.82 2.72 2.72 2.72 2.72 2.41 4.14 2.41 2.41 3.85 2.01 2.44 2.44 2.74 1.26 2.72 1.74 2.37 2.36 0.00 0.00 0.00 0.00 0.00 0.00 0.00 0.00 0.00 0.00 0.00 0.00 0.00 0.00 0.00 0.00 0.00 0.00
0.00 0.00 0.00 0.00 0.00 0.00 0.00 0.00 0.00 0.00 0.00 0.00 0.00 0.00 0.00 0.00 0.00 0.00 0.00 0.00 0.00 0.00 0.00 0.00 0.00 0.00 0.00 0.00 0.00 0.00 0.00 0.00 0.00 0.00 0.00 0.00 0.00 4.29 4.30 4.31 4.33 0.00 0.00 0.00 0.00 0.00 0.00 2.90 2.79 2.79 2.79 2.79 2.65 2.65 2.64 2.64 2.07 2.06 2.68 1.23 1.30 2.80 0.98 5.09 2.43 0.00 0.00 0.00 0.00 0.00 0.00 0.00 0.00 0.00 0.00 0.00 0.00 0.00 0.00 0.00 0.00 0.00 0.00 2.27
0.00 0.00 0.00 0.00 0.00 0.00 0.00 0.00 0.00 0.00 0.00 0.00 0.00 0.00 0.00 0.00 0.00 0.00 0.00 0.00 0.00 0.00 0.00 0.00 0.00 0.00 0.00 0.00 0.00 0.00 0.00 0.00 0.00 0.00 0.00 0.00 4.36 4.38 4.39 4.41 7.73 1.90 1.91 4.55 3.31 2.96 2.96 2.97 2.85 2.85 2.85 2.85 2.71 2.13 2.71 2.70 2.75 2.75 2.74 1.26 0.96 1.01 0.71 5.19 5.18 0.00 0.00 0.00 0.00 0.00 0.00 0.00 0.00 0.00 0.00 0.00 0.00 0.00 0.00 0.00 2.37 5.49 2.34 2.32
0.00 0.00 0.00 0.00 0.00 0.00 0.00 0.00 0.00 0.00 0.00 0.00 0.00 0.00 0.00 0.00 0.00 0.00 0.00 0.00 0.00 0.00 0.00 0.00 0.00 0.00 0.00 0.00 0.00 0.00 0.00 0.00 0.00 0.00 10.35 4.47 4.43 4.44 4.46 4.47 4.50 2.89 1.95 1.95 4.48 2.93 2.93 4.76 2.81 2.81 2.81 2.81 2.83 2.83 2.83 2.82 3.01 3.00 2.99 2.98 1.04 0.73 1.46 0.91 35.12 0.00 0.00 0.00 0.00 0.00 0.00 0.00 0.00 0.00 0.00 0.00 0.00 0.00 0.00 2.71 2.44 2.42 2.40 2.38
0.00 0.00 0.00 0.00 0.00 0.00 0.00 0.00 0.00 0.00 0.00 0.00 0.00 0.00 0.00 0.00 0.00 0.00 0.00 0.00 0.00 0.00 0.00 0.00 0.00 0.00 0.00 0.00 0.00 0.00 0.00 0.00 20.31 4.53 4.55 4.57 4.52 4.54 4.55 4.57 4.60 1.99 2.00 2.00 4.57 8.03 3.00 3.00 2.88 2.88 2.88 2.87 2.90 2.90 2.89 2.89 1.05 1.05 1.04 1.06 0.76 1.16 1.16 2.61 15.89 0.00 0.00 0.00 0.00 0.00 0.00 0.00 0.00 0.00 0.00 0.00 0.00 0.00 0.00 2.76 2.66 2.70 2.62 2.43
0.00 0.00 0.00 0.00 0.00 0.00 0.00 0.00 0.00 0.00 0.00 0.00 0.00 0.00 0.00 0.00 0.00 0.00 0.00 0.00 0.00 0.00 0.00 0.00 0.00 0.00 0.00 0.00 0.00 0.00 0.00 0.00 0.00 8.06 4.65 4.67 4.62 4.64 8.18 4.67 4.70 2.05 2.05 4.30 4.67 4.68 4.68 3.08 2.95 6.27 2.95 2.94 2.97 1.39 2.96 2.96 1.08 0.61 1.10 0.67 1.55 1.55 1.54 0.96 0.00 0.00 0.00 0.00 0.00 0.00 0.00 0.00 0.00 0.00 0.00 0.00 0.00 0.00 2.84 1.31 2.72 2.70 2.67 2.65
0.00 0.00 0.00 0.00 0.00 0.00 0.00 0.00 0.00 0.00 0.00 0.00 0.00 0.00 0.00 0.00 0.00 0.00 0.00 0.00 0.00 0.00 0.00 0.00 0.00 0.00 0.00 0.00 0.00 0.00 0.00 0.00 0.00 4.72 4.75 4.77 4.72 4.74 4.75 4.77 4.80 8.41 2.11 2.11 4.77 4.78 4.78 4.78 3.02 5.10 3.02 2.36 3.04 3.04 3.03 3.03 3.22 0.67 1.13 0.81 0.81 1.59 1.58 2.73 0.00 0.00 0.00 0.00 0.00 0.00 0.00 0.00 0.00 0.00 0.00 0.00 0.00 2.97 2.90 2.87 2.77 2.75 4.37 2.70
0.00 0.00 0.00 0.00 0.00 0.00 0.00 0.00 0.00 0.00 0.00 0.00 0.00 0.00 0.00 0.00 0.00 0.00 0.00 0.00 0.00 0.00 0.00 0.00 0.00 0.00 0.00 0.00 0.00 0.00 0.00 0.00 0.00 0.00 4.95 4.97 4.87 4.89 4.91 4.92 4.85 4.86 2.13 2.14 2.09 4.80 3.85 3.85 5.08 3.52 2.42 3.17 1.64 3.44 3.43 3.43 3.53 3.52 0.71 0.71 0.71 0.83 1.62 2.79 0.00 0.00 0.00 0.00 0.00 0.00 0.00 0.00 0.00 0.00 0.00 0.00 3.12 3.00 2.97 2.95 4.55 2.81 2.78 2.76
0.00 0.00 0.00 0.00 0.00 0.00 0.00 0.00 0.00 0.00 0.00 0.00 0.00 0.00 0.00 0.00 0.00 0.00 0.00 0.00 0.00 0.00 0.00 0.00 0.00 0.00 0.00 0.00 0.00 0.00 0.00 0.00 0.00 0.00 0.00 5.07 4.97 4.99 5.01 5.02 4.95 4.96 4.97 8.77 2.15 4.90 3.93 3.94 3.94 2.96 1.55 3.25 3.52 3.52 3.51 3.50 3.61 1.25 0.72 0.86 0.74 0.73 3.42 2.85 2.84 0.00 0.00 0.00 0.00 0.00 0.00 0.00 0.00 0.00 0.00 3.16 5.10 3.05 3.03 3.00 2.88 2.86 4.56 2.81
0.00 0.00 0.00 0.00 0.00 0.00 0.00 0.00 0.00 0.00 0.00 0.00 0.00 0.00 0.00 0.00 0.00 0.00 0.00 0.00 0.00 0.00 0.00 6.90 0.00 0.00 0.00 0.00 0.00 0.00 0.00 0.00 0.00 0.00 0.00 8.99 5.08 5.10 8.96 5.13 5.05 5.06 5.07 5.08 4.99 5.00 5.97 3.03 5.01 3.03 5.01 3.46 3.60 1.25 1.25 1.24 1.29 1.29 1.30 1.09 1.09 1.32 1.70 1.07 5.88 1.06 2.87 19.57 0.00 0.00 0.00 0.00 16.38 7.73 3.46 3.22 3.14 3.11 3.08 3.06 2.93 2.91 2.88 2.86
0.00 0.00 0.00 0.00 0.00 0.00 0.00 0.00 0.00 0.00 0.00 0.00 0.00 0.00 0.00 0.00 0.00 0.00 0.00 0.00 0.00 0.00 0.00 4.85 4.88 4.91 0.00 0.00 0.00 0.00 0.00 0.00 0.00 0.00 0.00 0.00 5.18 5.20 5.21 5.23 5.15 5.16 5.17 12.54 5.09 5.10 5.10 5.10 2.91 5.11 5.11 5.10 1.29 1.28 1.28 1.04 1.77 3.76 1.33 3.03 1.76 1.75 1.74 1.34 5.98 2.95 2.93 3.54 1.24 1.23 2.22 1.64 2.27 1.62 3.53 3.42 3.19 3.17 3.14 3.11 2.99 2.96 2.93 2.91
0.00 0.00 0.00 0.00 0.00 0.00 0.00 0.00 0.00 0.00 0.00 0.00 0.00 0.00 0.00 0.00 0.00 0.00 0.00 0.00 0.00 0.00 0.00 4.95 4.98 5.02 5.06 0.00 0.00 0.00 0.00 0.00 0.00 0.00 0.00 0.00 5.33 5.34 5.36 5.38 5.22 5.24 5.25 9.29 9.28 5.25 5.25 5.25 5.35 5.35 5.35 5.34 5.41 5.99 3.76 3.75 3.84 3.83 3.82 0.81 1.80 1.79 0.77 0.77 1.76 0.90 1.10 1.62 1.32 8.11 1.40 2.22 1.67 10.88 6.73 3.54 3.53 1.62 1.65 3.22 3.09 3.06 3.04 3.01
0.00 0.00 0.00 0.00 0.00 0.00 0.00 0.00 0.00 0.00 0.00 0.00 0.00 0.00 0.00 0.00 0.00 0.00 0.00 0.00 0.00 0.00 0.00 5.05 5.08 5.12 5.16 9.08 0.00 0.00 0.00 0.00 0.00 0.00 0.00 0.00 0.00 5.45 5.47 5.49 5.32 5.34 5.35 5.35 5.35 5.35 5.35 9.40 5.45 13.89 5.45 13.87 5.51 5.50 3.84 3.83 3.92 3.91 3.99 1.42 0.84 1.30 1.85 1.92 3.33 1.14 0.92 4.71 1.81 6.03 1.34 1.33 1.70 2.22 3.67 1.25 1.68 1.71 0.69 1.17 1.49 3.12 3.09 3.06
0.00 0.00 0.00 0.00 0.00 0.00 0.00 0.00 0.00 0.00 0.00 0.00 0.00 0.00 0.00 0.00 0.00 0.00 0.00 0.00 0.00 0.00 3.48 5.15 5.18 5.22 5.26 5.29 5.39 0.00 0.00 0.00 0.00 0.00 0.00 0.00 0.00 5.56 5.57 5.59 5.43 5.44 5.45 5.45 9.67 5.45 5.45 5.45 5.56 5.55 9.85 5.54 5.61 5.60 5.58 3.91 3.99 3.98 0.84 0.84 1.97 3.96 3.67 1.92 3.93 0.95 2.30 1.39 3.81 1.33 1.32 3.74 3.72 1.72 1.32 0.86 1.10 0.69 0.68 1.20 1.52 3.17 3.14 5.01
0.00 0.00 0.00 0.00 0.00 0.00 0.00 0.00 0.00 0.00 0.00 0.00 0.00 0.00 0.00 0.00 0.00 0.00 0.00 0.00 0.00 0.00 5.87 5.24 5.27 5.32 5.36 5.39 9.63 5.53 0.00 0.00 0.00 0.00 0.00 0.00 5.64 5.66 5.68 5.69 9.74 5.54 5.55 5.56 9.89 5.55 5.55 5.55 5.65 5.65 5.65 5.64 5.71 5.69 5.68 5.66 4.07 1.45 0.84 1.49 4.78 1.98 1.97 4.00 4.00 0.82 3.20 3.93 3.92 0.79 1.35 3.80 1.83 1.86 2.49 0.88 0.72 0.71 0.70 0.69 3.25 3.22 3.19 3.15
0.00 0.00 0.00 0.00 0.00 0.00 0.00 0.00 0.00 0.00 0.00 0.00 0.00 0.00 0.00 0.00 3.35 16.79 20.43 3.52 3.53 3.57 3.60 3.63 5.33 5.37 5.41 5.45 5.56 5.60 5.63 0.00 0.00 0.00 0.00 0.00 5.72 5.74 5.76 5.77 5.68 5.69 5.70 5.71 5.72 5.72 5.72 5.72 5.73 5.73 5.72 5.71 5.77 5.76 5.74 5.73 5.87 1.76 1.48 1.52 4.29 4.06 4.09 4.02 4.05 0.82 1.41 3.93 3.96 1.40 1.45 1.90 1.89 1.87 1.87 1.36 1.34 0.77 0.76 1.27 1.79 1.67 1.65 3.42
0.00 0.00 0.00 0.00 0.00 0.00 0.00 15.94 3.07 3.11 0.00 0.00 16.46 3.27 3.31 5.66 3.47 3.51 3.55 5.91 3.60 3.64 3.67 3.71 5.42 13.35 5.51 5.55 5.66 5.70 5.73 5.77 5.84 5.87 5.90 5.92 5.82 5.84 5.86 5.87 5.78 5.79 5.80 5.80 5.82 5.82 5.82 10.28 14.32 5.82 5.82 5.81 5.86 5.85 5.84 5.82 5.96 1.80 2.72 3.23 4.15 4.13 4.16 4.20 2.06 0.87 1.97 4.00 4.03 1.87 0.86 1.03 1.40 3.94 0.80 1.36 0.79 0.76 0.75 0.74 0.73 1.75 1.68 5.37
0.00 0.00 0.00 0.00 0.00 0.00 0.00 3.10 3.13 3.16 3.20 3.24 3.29 3.33 3.37 5.71 3.54 3.58 3.62 3.65 6.08 6.13 3.74 3.78 5.52 9.87 5.60 5.64 10.16 5.80 5.84 5.87 5.95 5.97 6.00 10.74 5.92 5.94 5.96 5.97 5.87 5.88 10.42 5.90 5.91 5.91 10.45 5.91 10.54 5.91 5.91 5.90 5.96 5.94 5.93 5.91 10.68 5.94 2.85 6.00 4.22 4.20 4.29 4.27 3.87 1.48 3.86 2.00 4.09 1.90 0.88 0.98 2.39 0.85 0.81 1.39 0.80 1.38 0.78 0.77 0.75 0.71 5.75 3.52
0.00 0.00 0.00 0.00 0.00 0.00 0.00 0.00 3.18 3.22 3.26 3.30 5.56 5.66 3.49 3.53 5.95 3.64 3.68 3.72 3.74 6.25 3.82 3.85 8.10 5.66 5.70 5.74 5.86 5.90 5.93 5.97 6.05 6.07 6.10 6.12 6.02 6.04 6.05 10.60 10.50 5.98 5.98 5.99 6.00 6.00 10.70 6.00 6.01 6.00 6.00 5.98 6.04 6.03 6.01 6.00 6.14 2.83 1.92 6.08 3.55 4.27 4.25 2.09 4.21 4.18 11.93 4.13 4.16 2.05 0.88 1.00 1.47 0.85 0.82 1.41 0.82 0.94 0.80 1.05 0.76 0.72 3.61 3.57
0.00 0.00 0.00 0.00 0.00 0.00 0.00 0.00 5.35 3.26 3.30 3.34 3.35 3.45 3.49 5.84 3.63 6.06 3.71 3.75 3.79 6.39 3.87 3.90 3.92 5.72 10.25 5.80 5.87 5.90 5.94 5.97 10.69 10.79 6.06 6.08 6.06 6.08 6.09 20.29 6.10 6.11 6.12 6.12 6.10 6.10 6.10 6.09 6.05 6.04 6.03 6.02 6.12 6.11 6.09 6.07 6.18 6.16 6.14 6.12 6.06 6.03 4.25 4.23 2.10 6.98 6.90 4.16 4.22 4.19 0.88 1.88 1.52 1.08 0.84 4.03 0.84 1.29 0.81 0.82 1.00 0.79 0.72 1.25
0.00 0.00 0.00 0.00 0.00 0.00 0.00 0.00 3.28 3.32 3.36 3.46 3.47 3.51 3.56 3.60 3.69 3.73 6.34 3.81 3.86 6.88 3.94 3.98 3.99 5.82 5.86 5.90 5.96 6.00 6.03 6.06 6.11 6.13 6.16 6.18 6.16 6.17 6.18 6.20 11.05 6.20 11.07 6.21 6.18 6.18 6.18 6.18 6.13 6.12 6.11 6.10 6.20 11.04 6.17 6.15 6.25 6.23 11.05 6.19 6.13 6.11 6.08 4.29 4.30 4.27 4.24 4.22 4.27 4.25 0.93 0.88 1.51 0.89 0.89 4.08 0.83 0.84 0.84 0.82 0.75 0.74 0.79 1.27
0.00 0.00 0.00 0.00 0.00 0.00 0.00 20.18 5.61 7.80 5.73 3.52 3.53 3.57 3.62 3.66 3.76 3.80 3.84 3.88 3.93 3.97 7.14 4.05 4.06 4.09 5.95 10.65 6.05 6.09 6.13 10.97 15.27 6.22 6.25 6.27 11.16 6.26 6.27 6.28 6.27 6.28 6.28 6.29 6.26 6.26 6.26 6.25 6.21 6.20 6.19 6.17 6.27 6.26 6.24 6.22 6.33 6.31 20.94 6.26 6.20 6.18 6.15 6.12 4.35 4.33 4.30 4.27 4.33 4.30 1.47 0.89 0.90 1.52 1.85 1.43 4.08 0.84 0.84 0.81 1.34 3.77 1.80 3.68
0.00 0.00 0.00 0.00 0.00 0.00 16.71 3.50 3.44 3.49 5.86 5.85 3.59 3.63 3.68 3.72 3.82 3.86 3.91 13.00 4.00 4.04 4.08 4.12 4.13 4.17 6.04 6.08 6.15 6.18 6.22 6.25 11.17 19.45 6.33 6.35 6.33 6.35 6.36 16.69 6.35 6.36 6.36 6.36 6.34 6.34 6.33 6.33 11.17 6.27 6.26 6.24 6.34 6.32 6.31 6.29 6.40 11.34 11.26 6.33 6.27 6.25 6.22 6.19 6.20 4.38 4.35 4.32 4.38 2.16 2.14 1.56 0.91 1.56 0.90 1.14 2.03 4.09 0.85 0.86 1.36 3.81 3.76 3.72
0.00 0.00 0.00 0.00 0.00 16.73 3.50 3.55 3.48 3.52 3.57 3.62 6.02 3.66 3.71 3.75 3.84 3.88 3.93 7.00 4.03 4.07 4.11 4.15 4.19 4.22 6.12 6.16 6.20 6.23 6.27 6.29 11.28 6.35 15.66 11.40 6.37 6.39 6.40 6.41 6.42 6.42 6.42 6.42 6.37 6.37 11.36 11.32 11.27 6.31 6.30 6.28 6.40 6.38 6.37 6.35 6.38 6.36 6.34 6.31 6.25 6.23 6.20 6.17 6.19 6.16 7.03 4.32 4.36 4.33 7.10 4.26 4.27 2.09 0.91 0.90 0.88 4.05 6.58 3.96 1.33 3.74 3.70 3.65
0.00 0.00 0.00 0.00 0.00 5.86 3.56 3.61 3.53 3.58 3.63 3.67 3.67 3.72 3.77 3.81 6.85 3.95 3.99 7.16 7.28 4.14 4.18 11.17 8.12 4.29 4.32 6.24 6.29 6.32 6.35 6.38 6.40 6.43 6.44 6.46 6.45 6.46 6.47 6.48 6.49 6.49 6.49 6.49 6.43 6.43 6.43 6.42 6.38 6.37 6.36 6.34 6.46 6.44 6.43 6.41 11.43 6.42 11.39 6.37 6.31 6.28 3.84 6.22 6.25 6.21 6.18 4.36 4.40 4.38 4.34 7.12 4.31 4.28 2.20 2.01 2.93 4.09 4.04 1.96 3.82 6.13 3.73 3.69
0.00 0.00 0.00 0.00 0.00 5.94 5.97 3.66 3.59 6.01 3.68 3.73 3.73 3.78 3.83 3.87 3.96 4.01 4.05 4.10 4.16 8.07 4.25 4.29 4.32 4.36 4.39 6.33 17.44 6.40 6.43 16.98 11.59 6.50 6.52 6.53 6.52 6.53 6.53 6.54 6.55 6.55 6.55 6.55 6.49 11.57 6.48 6.47 6.43 6.42 6.41 6.39 11.53 6.49 6.47 6.46 6.49 6.47 6.44 6.42 6.36 6.33 11.82 20.79 6.30 6.26 11.09 6.19 4.44 4.41 4.38 4.34 4.35 4.31 4.27 1.54 1.50 4.12 4.08 4.04 3.85 3.81 3.77 3.72
0.00 0.00 0.00 0.00 0.00 3.61 6.06 3.71 3.64 3.69 3.73 3.78 3.79 6.40 3.88 3.93 4.02 4.07 4.12 4.16 4.23 4.27 4.31 4.35 4.39 4.87 4.90 4.93 11.52 6.48 6.50 6.53 6.55 11.72 6.59 6.60 6.58 6.59 6.59 6.60 6.61 6.61 11.78 6.60 6.54 6.53 6.52 6.52 6.48 6.47 6.45 6.44 11.58 6.54 6.52 6.50 6.53 11.58 6.49 6.47 11.34 6.38 6.35 11.17 6.34 6.31 6.27 6.24 6.29 4.45 4.42 4.38 7.16 4.35 10.04 4.27 1.52 4.16 4.11 4.07 3.89 3.84 3.80 3.75
0.00 0.00 0.00 0.00 0.00 1.82 3.69 3.74 3.66 3.71 3.76 3.81 3.82 3.87 6.94 3.97 4.05 4.10 4.15 4.19 4.29 4.33 8.34 4.41 4.91 9.02 4.98 5.01 6.51 17.91 6.56 6.59 6.59 6.60 11.83 6.63 6.61 6.61 6.61 6.62 6.62 6.62 11.79 6.61 6.53 6.52 11.63 6.50 6.47 6.46 6.45 6.43 6.52 6.50 6.48 6.46 6.43 6.41 6.39 6.36 6.34 6.31 6.28 6.25 6.28 6.25 11.08 10.99 6.18 6.14 2.15 4.29 4.27 4.24 4.20 4.16 4.09 4.04 4.00 6.83 3.81 3.77 3.72 3.68
0.00 0.00 0.00 6.01 17.24 3.64 6.21 3.79 3.71 1.89 3.81 3.86 3.88 3.93 3.98 4.03 4.11 4.16 4.21 4.26 4.35 4.39 4.88 4.92 4.98 9.12 5.04 5.07 6.59 8.27 11.86 6.65 6.65 6.66 22.34 6.68 11.88 6.66 6.66 6.67 11.89 6.67 11.87 6.66 6.57 6.56 6.55 6.54 6.51 6.50 6.48 16.95 6.55 11.67 6.52 11.60 6.47 6.44 6.42 6.40 6.37 6.34 6.32 6.29 6.31 6.28 11.11 6.21 6.21 6.17 3.60 4.32 4.30 4.27 7.47 5.61 5.52 5.47 5.42 5.37 5.18 5.13 8.81 5.02
0.00 0.00 0.00 0.00 6.14 1.88 3.79 3.84 3.76 3.81 3.86 3.91 3.93 3.98 4.03 4.08 17.81 4.22 4.27 4.32 4.41 4.90 12.92 4.98 5.04 5.08 9.28 5.13 5.13 6.68 6.70 6.71 6.71 12.02 6.72 12.04 11.97 6.71 6.71 6.71 12.01 6.71 6.70 6.69 6.60 6.60 6.59 11.68 6.54 6.53 6.51 6.49 6.58 6.56 6.54 6.52 6.49 6.47 6.44 6.42 6.39 6.37 6.34 6.31 11.24 6.31 6.28 11.12 6.24 6.20 6.16 6.12 5.78 5.73 5.69 5.64 5.55 5.50 5.45 5.40 5.21 8.96 5.11 5.05
