New_Model_Runs/3_scn2_noclimate_out/post_prcessed_with_MFR/Monthly_summaries/runoff_monthly_APR.asc
NCOLS 700
NROWS 400
XLLCENTER 515000.000000
YLLCENTER 8409000.000000
CELLSIZE 50.000000
NODATA_value -999.000000
[rows 114 to 151 of 400, columns 336 to 419 of 700]
0.00 0.00 3.02 1.46 3.04 3.10 5.12 3.23 3.21 7.68 5.42 3.40 3.46 3.53 3.58 3.64 3.71 6.24 6.36 3.87 3.95 3.98 14.30 4.01 4.03 4.03 4.02 4.00 3.95 6.50 5.70 10.03 5.60 5.55 5.50 9.73 5.40 5.35 9.39 5.27 5.19 3.00 5.11 8.88 4.93 4.89 8.51 4.80 4.77 4.73 8.27 4.19 4.20 4.16 4.13 4.09 4.08 4.05 4.04 4.02 4.02 4.02 4.02 4.02 4.04 7.08 4.06 4.06 4.08 4.08 4.07 8.16 8.19 8.18 15.80 8.15 6.55 6.53 8.03 8.00 6.68 7.81 7.78 7.75
2.95 3.01 1.46 1.49 3.09 3.16 7.41 3.29 3.27 3.33 3.40 5.69 3.53 5.95 3.65 3.70 3.77 3.85 6.44 3.92 4.00 6.62 4.03 4.04 4.06 4.05 6.71 4.02 3.97 3.94 5.74 5.70 5.64 5.60 5.56 9.72 5.46 5.42 9.51 5.33 5.25 5.20 9.07 5.10 4.96 8.73 4.87 4.83 4.79 4.75 4.24 4.20 4.21 4.17 4.13 4.10 4.08 4.05 4.03 4.01 4.01 4.00 4.00 4.00 4.02 4.03 4.04 4.04 4.06 7.08 15.77 8.15 8.17 8.17 8.15 8.14 6.55 8.05 8.03 15.37 7.85 7.82 7.79 7.76
2.19 2.24 1.48 3.01 3.00 3.06 3.13 3.19 3.24 3.31 3.38 3.44 3.54 5.92 12.20 3.70 3.77 3.81 3.87 3.90 3.95 3.96 3.97 6.60 3.97 3.96 3.95 3.93 3.89 6.41 6.92 5.61 5.56 5.53 9.80 13.48 5.39 5.35 5.30 5.25 5.14 5.09 8.97 13.03 5.03 4.98 4.93 4.88 4.96 4.91 4.86 4.82 2.79 4.78 4.74 4.24 4.19 4.16 4.13 4.11 4.08 4.07 4.07 4.07 4.04 4.05 4.06 4.06 4.03 4.04 8.12 8.12 8.04 8.04 8.03 8.02 6.75 14.08 7.89 7.87 7.91 6.39 7.86 7.83
2.23 1.37 1.51 3.06 3.05 3.11 3.18 3.24 3.30 3.37 3.44 3.50 3.59 3.64 3.69 6.22 3.80 3.87 3.89 3.91 3.96 3.97 3.98 6.60 10.93 3.95 3.94 3.92 3.88 3.86 3.84 5.63 5.58 5.56 5.54 5.51 5.44 5.40 5.35 5.30 5.19 5.13 5.07 8.88 5.05 5.00 4.95 4.89 4.97 4.92 4.87 4.82 4.83 4.78 4.74 4.23 4.19 4.15 4.12 4.10 4.07 4.05 4.04 4.04 4.01 4.02 4.03 4.04 4.01 4.02 15.63 8.09 8.02 8.02 8.01 8.00 7.91 6.39 7.88 7.86 7.90 7.88 7.86 7.83
1.37 1.50 3.05 3.12 3.10 3.17 3.23 3.30 3.36 3.42 3.49 3.55 3.63 3.68 6.19 3.77 3.86 3.89 3.91 3.92 3.96 3.97 3.97 6.58 3.95 3.94 3.93 6.43 3.87 3.86 3.84 3.83 5.59 5.58 5.57 5.55 3.23 3.21 5.40 6.72 5.22 9.16 5.10 5.04 5.08 5.02 4.96 4.90 4.98 4.92 4.87 4.82 4.83 4.78 4.73 4.23 4.18 4.14 4.11 4.08 4.05 4.03 4.02 4.02 3.98 3.99 4.00 4.01 3.99 3.99 8.06 8.06 7.99 7.99 7.99 7.98 7.89 6.38 7.86 7.85 6.40 7.88 7.86 7.83
1.49 3.03 4.93 3.17 3.15 3.21 3.28 3.35 3.41 3.47 3.53 3.59 3.67 3.71 3.75 3.79 3.87 3.89 3.91 6.51 3.96 3.96 3.96 3.96 3.93 3.92 3.90 6.41 3.85 3.84 5.11 3.82 5.59 5.58 5.57 5.56 17.26 9.62 5.42 1.75 1.70 5.19 5.12 5.06 5.09 5.02 4.96 4.90 4.97 4.92 4.86 4.81 4.81 4.77 4.26 4.22 4.17 4.13 4.10 2.30 4.03 4.01 3.99 3.99 3.95 3.96 3.97 3.98 3.96 3.97 8.02 8.03 7.96 7.96 7.96 7.96 7.87 7.86 7.85 7.83 7.88 7.87 7.85 7.82
2.21 2.26 2.98 3.04 3.17 3.24 3.30 5.55 3.49 3.55 3.60 3.65 3.73 3.77 6.33 3.86 3.91 3.93 3.94 5.20 5.18 3.94 3.93 6.49 3.90 3.88 3.86 3.85 3.47 1.86 1.85 2.00 3.29 3.30 5.58 9.89 9.92 9.88 3.46 5.47 5.54 5.47 5.40 5.33 5.44 5.37 5.30 5.23 5.26 5.20 5.14 5.08 5.05 4.99 4.95 2.84 4.81 4.77 4.73 4.23 4.18 4.16 4.14 4.13 4.08 4.09 4.10 4.11 4.05 8.15 6.63 8.18 8.02 8.02 8.03 8.03 8.03 8.02 8.02 8.00 8.23 8.22 8.20 8.18
2.25 2.96 5.94 3.09 1.53 3.28 3.35 3.42 5.83 3.58 6.01 6.13 1.84 3.81 3.84 3.86 3.91 1.93 1.93 3.94 1.93 1.93 3.91 3.90 3.87 3.86 3.83 1.87 3.79 3.75 3.74 3.74 3.73 5.55 5.55 5.55 5.57 5.55 5.51 5.47 5.54 5.48 5.41 5.33 5.43 5.36 5.29 5.22 5.24 5.18 5.12 5.06 5.02 4.97 4.92 4.87 4.79 4.75 4.24 1.88 4.16 4.13 4.11 4.10 4.05 4.06 4.06 4.08 4.01 8.10 8.12 8.13 7.98 7.99 7.99 7.99 8.00 8.00 7.99 7.98 8.21 8.20 8.18 8.16
2.94 3.00 3.06 1.48 3.26 3.33 3.39 3.46 3.56 3.61 3.66 1.81 3.76 3.82 3.84 3.86 3.90 3.91 3.92 3.93 3.91 3.90 3.89 3.88 1.89 1.87 3.80 3.78 3.73 3.72 3.71 3.71 3.71 5.51 5.52 5.52 3.27 5.53 5.50 5.46 5.54 5.48 5.40 5.33 5.43 5.35 5.28 5.21 5.22 5.16 5.09 5.04 5.00 5.02 2.27 2.20 2.15 1.90 1.88 1.86 1.84 1.20 1.81 1.80 1.77 4.02 4.03 4.04 3.98 8.05 8.07 8.09 7.94 7.94 7.95 7.95 7.97 7.97 7.96 7.95 8.19 8.17 8.16 8.15
2.98 3.04 3.10 3.17 3.30 3.36 3.43 3.49 3.59 3.64 3.68 3.71 3.80 3.82 3.84 3.85 3.89 3.90 3.90 3.91 3.89 3.88 3.87 3.85 3.82 3.80 3.77 3.72 3.69 3.69 3.68 3.68 3.67 5.47 5.48 5.48 5.51 5.50 5.47 5.44 5.52 5.46 5.39 5.32 3.18 5.33 5.26 5.18 5.20 5.13 5.06 2.29 2.27 2.28 1.63 1.61 2.19 1.89 1.87 1.85 1.82 1.80 1.79 1.78 1.75 1.75 3.99 4.00 3.94 8.00 8.02 8.03 7.89 7.90 7.91 7.91 7.93 7.93 7.93 7.92 8.16 8.15 8.14 8.13
3.22 3.28 3.35 3.42 3.54 3.61 3.67 3.73 3.82 3.86 3.90 3.93 3.97 3.99 4.00 4.02 4.03 4.04 4.04 4.04 4.01 4.01 3.99 3.98 3.92 3.90 3.87 3.85 3.83 3.82 3.81 3.81 3.83 3.84 5.64 5.64 5.69 5.68 5.66 5.63 5.70 5.64 5.58 5.50 5.50 5.42 5.33 5.26 5.21 5.21 5.07 2.29 2.26 2.27 1.44 1.59 2.18 1.89 1.87 1.85 1.83 1.81 1.80 1.79 1.76 1.76 1.77 4.02 8.00 8.03 8.05 8.07 8.00 8.01 8.02 8.03 8.09 8.09 8.09 8.09 8.24 8.23 8.22 8.21
3.26 3.32 3.39 3.45 3.57 3.64 3.70 3.78 3.84 3.88 3.91 3.93 3.97 3.98 4.00 4.01 4.02 4.02 4.02 4.02 3.99 3.98 3.97 3.95 3.89 3.87 3.84 3.82 3.80 3.79 3.78 3.78 3.80 3.80 5.59 5.59 5.63 5.63 5.61 5.59 5.66 5.61 5.54 5.47 5.47 5.38 5.30 3.05 5.17 2.97 2.34 2.28 1.64 1.61 1.59 1.57 1.55 1.90 1.85 2.12 1.84 1.80 1.77 1.78 1.74 1.74 1.74 3.97 7.94 7.97 7.99 8.01 7.94 7.96 7.97 7.98 8.04 8.04 8.05 8.05 6.66 8.19 6.65 6.64
3.29 3.35 3.42 3.49 3.61 3.67 3.75 3.80 3.86 3.89 3.91 3.93 3.97 3.98 3.99 4.00 4.00 4.01 4.00 4.00 3.97 3.96 3.94 3.92 3.86 3.84 3.81 3.78 3.76 3.75 3.72 3.71 3.76 3.73 5.53 5.53 5.57 5.57 5.55 5.53 5.61 5.56 5.50 5.42 5.42 3.13 5.42 2.43 5.12 2.32 2.29 2.26 1.62 1.87 3.97 1.82 1.80 3.84 1.76 1.74 1.72 3.72 1.28 1.76 1.72 1.72 1.72 1.73 5.82 7.90 7.93 7.95 7.88 7.90 7.91 7.92 7.98 7.99 8.00 8.00 8.15 8.15 8.27 8.26
3.33 3.39 3.45 3.52 3.64 3.72 3.78 3.82 3.87 3.89 3.91 3.93 3.96 3.97 3.98 1.43 1.44 1.44 3.98 3.98 3.95 3.93 3.91 3.89 3.83 3.81 3.78 3.75 3.70 3.69 3.68 3.68 3.69 3.68 1.80 5.47 5.51 5.50 3.24 3.22 5.55 5.51 5.44 5.37 5.37 5.37 2.49 2.38 2.34 2.32 1.65 1.90 1.87 1.85 3.92 0.00 1.77 0.00 0.00 0.00 15.43 3.67 3.65 1.66 1.98 1.99 1.70 1.70 5.76 5.78 7.86 7.88 7.82 7.84 7.85 7.87 7.93 7.94 7.95 7.95 5.10 6.00 8.22 6.51
3.52 1.27 0.74 1.35 3.80 3.86 3.91 1.42 3.98 4.00 4.02 2.02 2.00 4.06 4.17 1.47 1.47 1.46 1.46 4.03 3.99 3.97 3.95 3.93 3.88 3.85 3.82 3.79 3.77 3.76 3.75 3.74 3.76 3.75 3.72 5.52 5.54 5.53 5.51 3.33 5.50 5.46 3.25 5.44 5.38 2.45 2.36 2.36 1.97 1.94 4.07 0.00 0.00 0.00 0.00 0.00 0.00 0.00 0.00 0.00 0.00 0.00 0.00 0.00 3.57 3.58 1.70 1.71 5.73 5.76 7.83 7.85 7.85 7.87 7.89 6.40 6.45 8.11 8.12 8.13 5.98 6.07 5.99 5.17
1.25 1.28 1.31 1.36 1.36 1.39 1.46 1.43 1.44 0.86 0.87 1.00 4.10 1.97 1.01 1.49 1.46 1.46 1.45 4.01 3.96 3.95 3.92 3.90 3.85 3.82 3.79 3.76 3.74 3.72 3.68 3.67 3.69 3.68 3.67 3.66 5.47 5.46 3.24 3.23 5.55 2.57 2.53 1.83 1.80 1.58 1.55 4.21 16.45 0.00 0.00 0.00 0.00 0.00 0.00 0.00 0.00 0.00 0.00 0.00 0.00 0.00 0.00 0.00 0.00 0.00 3.54 7.31 7.33 5.82 5.84 7.79 7.94 6.38 6.33 6.35 7.90 6.46 6.47 6.48 5.94 6.03 5.95 5.96
1.27 1.34 1.37 1.37 1.38 1.42 0.97 1.45 1.46 1.00 1.00 1.00 1.00 1.00 0.86 1.00 1.47 1.45 1.44 1.44 3.94 3.92 3.89 1.38 1.36 1.35 1.33 3.73 3.76 3.65 3.64 1.29 1.29 1.29 1.28 1.33 5.53 1.91 1.90 1.89 1.68 2.17 2.14 4.43 1.59 1.55 1.52 0.00 0.00 0.00 0.00 0.00 0.00 0.00 0.00 0.00 0.00 0.00 0.00 0.00 0.00 0.00 0.00 0.00 0.00 0.00 0.00 0.00 0.00 15.04 5.89 5.91 5.68 7.73 6.33 6.43 6.39 6.47 6.36 7.87 5.00 5.90 5.57 5.58
1.30 0.89 1.13 3.15 1.38 1.41 1.47 0.85 1.23 1.24 1.24 3.33 1.24 1.00 0.86 1.00 0.99 1.44 1.43 1.48 1.46 1.39 1.38 1.43 1.41 1.33 1.34 0.90 0.88 1.31 1.33 1.32 1.27 1.27 1.26 0.70 1.64 2.19 2.18 1.66 2.15 2.13 4.42 4.36 4.30 0.00 0.00 0.00 0.00 0.00 0.00 0.00 0.00 0.00 0.00 0.00 0.00 0.00 0.00 0.00 0.00 0.00 0.00 0.00 0.00 0.00 0.00 0.00 0.00 0.00 0.00 0.00 0.00 5.64 5.66 4.80 5.12 4.91 5.75 5.98 5.51 0.00 5.53 7.45
1.32 1.12 1.14 1.17 1.43 1.45 0.98 1.23 1.23 1.24 1.24 1.24 1.24 1.24 1.23 1.23 1.23 1.48 1.52 3.26 1.20 1.39 0.95 0.94 0.79 0.92 0.90 0.87 1.07 0.85 0.85 0.84 1.31 1.25 1.25 1.33 2.84 2.15 1.64 2.12 2.11 4.39 4.35 4.29 0.00 0.00 0.00 0.00 0.00 0.00 0.00 0.00 0.00 0.00 0.00 0.00 0.00 0.00 0.00 0.00 0.00 0.00 0.00 0.00 0.00 0.00 0.00 0.00 0.00 0.00 0.00 0.00 0.00 0.00 0.00 0.00 15.05 15.08 5.43 5.44 0.00 0.00 0.00 5.49
1.11 1.13 3.14 3.19 0.96 0.83 1.22 1.23 1.23 1.24 1.24 3.32 3.32 1.23 1.23 1.22 1.22 1.21 3.26 1.20 3.22 0.85 1.17 1.15 1.14 1.13 1.09 0.74 1.06 1.05 1.04 1.03 1.02 0.70 1.31 2.80 2.79 4.43 4.41 4.38 4.35 4.32 4.27 0.00 0.00 0.00 0.00 0.00 0.00 0.00 0.00 0.00 0.00 0.00 0.00 0.00 0.00 0.00 0.00 0.00 0.00 0.00 0.00 0.00 0.00 0.00 0.00 0.00 0.00 0.00 0.00 0.00 0.00 0.00 0.00 0.00 0.00 0.00 0.00 0.00 0.00 0.00 0.00 0.00
1.12 1.14 1.16 1.18 1.20 1.21 0.72 3.32 0.73 0.73 0.73 3.32 18.47 0.00 0.00 0.00 0.00 18.30 18.25 0.00 0.00 0.00 0.00 17.92 3.09 3.06 2.95 2.92 2.89 2.86 2.84 2.82 2.80 2.78 2.77 2.75 2.74 4.36 4.34 4.31 4.28 4.24 0.00 0.00 0.00 0.00 0.00 0.00 0.00 0.00 0.00 0.00 0.00 0.00 0.00 0.00 0.00 0.00 0.00 0.00 0.00 0.00 0.00 0.00 0.00 0.00 0.00 0.00 0.00 0.00 0.00 0.00 0.00 0.00 0.00 0.00 0.00 0.00 0.00 0.00 0.00 0.00 0.00 0.00
1.13 1.15 1.17 1.19 1.21 0.72 0.72 3.32 0.73 0.73 0.73 3.32 0.00 0.00 0.00 0.00 0.00 0.00 0.00 0.00 0.00 0.00 0.00 0.00 0.00 0.00 0.00 5.93 2.86 2.83 2.81 2.78 2.76 2.74 2.72 2.71 2.69 2.67 16.73 4.24 4.20 16.50 0.00 0.00 0.00 0.00 0.00 0.00 0.00 0.00 0.00 0.00 0.00 0.00 0.00 0.00 0.00 0.00 0.00 0.00 0.00 0.00 0.00 0.00 0.00 0.00 0.00 0.00 0.00 0.00 0.00 0.00 0.00 0.00 0.00 0.00 0.00 0.00 0.00 0.00 0.00 0.00 0.00 0.00
1.14 1.16 3.20 3.24 0.71 0.72 0.73 0.73 0.73 0.73 0.73 3.32 0.00 0.00 0.00 0.00 0.00 0.00 0.00 0.00 0.00 0.00 0.00 0.00 0.00 0.00 0.00 0.00 0.00 0.00 2.77 2.75 0.00 0.00 0.00 0.00 0.00 0.00 0.00 0.00 0.00 0.00 0.00 0.00 0.00 0.00 0.00 0.00 0.00 0.00 0.00 0.00 0.00 0.00 0.00 0.00 0.00 0.00 0.00 0.00 0.00 0.00 0.00 0.00 0.00 0.00 0.00 0.00 0.00 0.00 0.00 0.00 0.00 0.00 0.00 0.00 0.00 0.00 0.00 0.00 0.00 0.00 0.00 0.00
1.16 1.17 1.19 0.71 0.72 1.23 6.67 6.69 18.56 0.00 0.00 0.00 0.00 0.00 0.00 0.00 0.00 0.00 0.00 0.00 0.00 0.00 0.00 0.00 0.00 0.00 0.00 0.00 0.00 0.00 0.00 0.00 0.00 0.00 0.00 0.00 0.00 0.00 0.00 0.00 0.00 0.00 0.00 0.00 0.00 0.00 0.00 0.00 0.00 0.00 0.00 0.00 0.00 0.00 0.00 0.00 0.00 0.00 0.00 0.00 0.00 0.00 0.00 0.00 0.00 0.00 0.00 0.00 0.00 0.00 0.00 0.00 0.00 0.00 0.00 0.00 0.00 0.00 0.00 0.00 0.00 0.00 0.00 0.00
1.17 0.82 0.83 3.27 0.72 3.32 3.34 6.70 14.43 26.55 3.34 6.65 0.00 0.00 0.00 0.00 0.00 0.00 0.00 0.00 0.00 0.00 0.00 0.00 0.00 0.00 0.00 0.00 0.00 0.00 0.00 0.00 0.00 0.00 0.00 0.00 0.00 0.00 0.00 0.00 0.00 0.00 0.00 0.00 0.00 0.00 0.00 0.00 0.00 0.00 0.00 0.00 0.00 0.00 0.00 0.00 0.00 0.00 0.00 0.00 0.00 0.00 0.00 0.00 0.00 0.00 0.00 0.00 0.00 0.00 0.00 0.00 0.00 0.00 0.00 0.00 0.00 0.00 0.00 0.00 0.00 0.00 0.00 0.00
1.54 1.19 1.21 1.22 3.32 3.34 3.35 6.72 6.72 6.71 0.73 6.66 0.00 0.00 0.00 0.00 0.00 0.00 0.00 0.00 0.00 0.00 0.00 0.00 0.00 0.00 0.00 0.00 0.00 0.00 0.00 0.00 0.00 0.00 0.00 0.00 0.00 0.00 0.00 0.00 0.00 0.00 0.00 0.00 0.00 0.00 0.00 0.00 0.00 0.00 0.00 0.00 0.00 0.00 0.00 0.00 0.00 0.00 0.00 0.00 0.00 0.00 0.00 0.00 0.00 0.00 0.00 0.00 0.00 0.00 0.00 0.00 0.00 0.00 0.00 0.00 0.00 0.00 0.00 0.00 0.00 0.00 0.00 0.00
2.41 2.18 3.28 3.31 1.24 3.35 3.36 3.37 3.37 4.16 3.35 3.33 0.00 0.00 0.00 0.00 0.00 0.00 0.00 0.00 0.00 0.00 0.00 0.00 0.00 0.00 0.00 0.00 0.00 0.00 0.00 0.00 0.00 0.00 0.00 0.00 0.00 0.00 0.00 0.00 0.00 0.00 0.00 0.00 0.00 0.00 0.00 0.00 0.00 0.00 0.00 0.00 0.00 0.00 0.00 0.00 0.00 0.00 0.00 0.00 0.00 0.00 0.00 0.00 0.00 0.00 0.00 0.00 0.00 0.00 0.00 0.00 0.00 0.00 0.00 0.00 0.00 0.00 0.00 0.00 0.00 0.00 0.00 0.00
2.43 2.45 1.23 1.24 1.48 1.49 4.25 1.54 1.54 1.26 3.36 1.56 1.55 1.54 3.29 1.21 3.25 3.22 4.98 1.16 0.00 0.00 0.00 0.00 0.00 0.00 0.00 0.00 0.00 0.00 0.00 0.00 0.00 0.00 0.00 0.00 0.00 0.00 0.00 0.00 0.00 0.00 0.00 0.00 0.00 0.00 0.00 0.00 0.00 0.00 0.00 0.00 0.00 0.00 0.00 0.00 0.00 0.00 0.00 0.00 0.00 0.00 0.00 0.00 0.00 0.00 0.00 0.00 0.00 0.00 0.00 0.00 0.00 0.00 0.00 0.00 0.00 0.00 0.00 0.00 0.00 0.00 0.00 0.00
2.45 2.47 2.49 3.34 1.98 4.25 6.94 4.18 4.14 4.24 4.23 4.21 1.52 1.55 1.23 1.22 1.21 1.19 3.20 4.26 1.15 17.87 0.00 0.00 0.00 0.00 0.00 0.00 0.00 0.00 0.00 0.00 0.00 0.00 0.00 0.00 0.00 0.00 0.00 0.00 0.00 0.00 0.00 0.00 0.00 0.00 0.00 0.00 0.00 0.00 0.00 0.00 0.00 0.00 0.00 0.00 0.00 0.00 0.00 0.00 0.00 0.00 0.00 0.00 0.00 0.00 0.00 0.00 0.00 0.00 0.00 0.00 0.00 0.00 0.00 0.00 0.00 0.00 0.00 0.00 0.00 0.00 0.00 0.00
2.48 2.49 3.49 1.98 1.54 4.27 4.18 4.19 4.15 4.15 4.19 4.17 4.15 1.25 1.24 0.99 1.97 1.90 1.88 1.85 0.93 1.14 17.77 2.95 0.00 0.00 0.00 0.00 0.00 0.00 0.00 0.00 0.00 0.00 0.00 0.00 0.00 0.00 0.00 0.00 0.00 0.00 0.00 0.00 0.00 0.00 0.00 0.00 0.00 0.00 0.00 0.00 0.00 0.00 0.00 0.00 0.00 0.00 0.00 0.00 0.00 0.00 0.00 0.00 0.00 0.00 0.00 0.00 0.00 0.00 0.00 0.00 0.00 0.00 0.00 0.00 0.00 0.00 0.00 0.00 0.00 0.00 0.00 0.00
9.33 3.50 3.52 3.53 1.55 4.26 4.16 4.16 4.13 4.12 4.12 4.11 5.44 1.57 1.24 3.47 1.49 1.91 1.46 5.18 3.87 1.81 1.12 1.08 1.06 2.87 17.28 0.00 0.00 0.00 0.00 0.00 0.00 0.00 0.00 0.00 0.00 0.00 0.00 0.00 0.00 0.00 0.00 0.00 0.00 0.00 0.00 0.00 0.00 0.00 0.00 0.00 0.00 0.00 0.00 0.00 0.00 0.00 0.00 0.00 0.00 0.00 0.00 0.00 0.00 0.00 0.00 0.00 0.00 0.00 0.00 0.00 0.00 0.00 0.00 0.00 0.00 0.00 0.00 0.00 0.00 0.00 0.00 0.00
3.51 8.11 3.54 6.12 5.97 4.16 6.93 4.18 4.14 4.14 4.14 2.03 4.26 0.88 1.53 1.96 1.94 2.76 1.97 1.87 3.73 3.84 1.79 1.10 1.06 1.04 2.83 2.79 0.00 0.00 0.00 0.00 0.00 0.00 0.00 0.00 0.00 0.00 0.00 0.00 0.00 0.00 0.00 0.00 0.00 0.00 0.00 0.00 0.00 0.00 0.00 0.00 0.00 0.00 0.00 0.00 0.00 0.00 0.00 0.00 0.00 0.00 0.00 0.00 0.00 0.00 0.00 0.00 0.00 0.00 0.00 0.00 0.00 0.00 0.00 0.00 0.00 0.00 0.00 0.00 0.00 0.00 0.00 0.00
3.64 3.55 7.16 6.19 6.14 6.14 4.30 4.19 4.16 4.16 4.15 2.12 4.28 1.27 2.57 1.97 1.95 5.38 1.99 3.84 3.74 3.70 3.80 1.36 1.06 1.04 1.02 2.79 2.74 0.00 0.00 0.00 0.00 0.00 0.00 0.00 0.00 0.00 0.00 15.24 2.13 0.00 0.00 0.00 0.00 0.00 0.00 3.11 3.66 3.60 3.47 2.64 0.00 0.00 0.00 0.00 0.00 0.00 0.00 0.00 0.00 0.00 0.00 0.00 0.00 0.00 0.00 0.00 0.00 0.00 0.00 0.00 0.00 0.00 0.00 0.00 0.00 0.00 0.00 0.00 0.00 0.00 0.00 0.00
7.14 3.58 7.22 7.17 6.16 6.02 4.20 4.20 4.17 4.17 4.17 2.13 4.30 4.27 6.96 1.54 4.15 4.11 3.90 3.86 3.76 3.71 3.66 3.67 3.72 3.66 1.26 1.18 1.27 2.69 2.64 2.59 0.00 0.00 0.00 0.00 0.00 0.00 2.22 2.16 2.11 2.06 3.37 3.31 3.25 3.19 1.32 1.30 1.27 1.25 1.16 1.14 2.58 0.00 0.00 0.00 0.00 0.00 0.00 0.00 0.00 0.00 0.00 0.00 0.00 0.00 0.00 0.00 0.00 0.00 0.00 0.00 0.00 0.00 0.00 0.00 0.00 0.00 0.00 0.00 0.00 0.00 0.00 0.00
6.13 6.23 6.24 6.24 6.04 6.04 6.04 4.21 4.18 4.18 4.18 4.17 4.13 4.11 4.08 4.20 3.90 6.41 3.82 3.78 3.73 3.68 3.63 3.58 3.64 3.55 3.49 1.20 0.69 2.69 2.64 3.09 0.89 16.18 0.00 0.00 0.00 2.26 2.20 2.14 2.09 2.04 3.34 3.28 0.89 1.33 1.55 3.06 1.50 1.23 1.15 1.13 0.74 0.00 0.00 0.00 0.00 0.00 0.00 0.00 0.00 0.00 0.00 0.00 0.00 0.00 0.00 0.00 0.00 0.00 0.00 0.00 0.00 0.00 0.00 0.00 0.00 0.00 0.00 0.00 0.00 0.00 0.00 0.00
6.21 6.18 6.18 6.18 6.07 6.07 6.06 6.06 4.19 4.19 4.19 6.95 4.14 4.12 4.09 4.07 3.91 3.88 3.84 3.79 3.74 3.70 3.65 3.59 3.65 1.73 3.50 3.58 0.67 2.69 0.93 2.58 2.52 2.47 2.41 2.35 2.30 2.24 2.18 0.56 0.54 1.11 1.08 2.10 2.05 2.95 1.57 1.54 1.24 2.63 1.13 0.00 0.00 0.00 0.00 0.00 0.00 0.00 0.00 0.00 0.00 0.00 0.00 0.00 0.00 0.00 0.00 0.00 0.00 0.00 0.00 0.00 0.00 0.00 0.00 0.00 0.00 0.00 0.00 0.00 0.00 0.00 0.00 0.00
3.65 6.31 6.21 6.21 6.09 6.09 6.09 6.08 4.21 4.20 4.20 4.19 4.14 4.12 4.10 4.07 3.92 9.14 3.84 3.80 3.75 3.70 3.65 3.60 1.77 1.73 3.50 3.57 0.98 2.68 2.63 2.57 2.51 2.45 2.40 2.34 2.28 2.22 1.26 0.70 2.01 1.92 1.86 1.65 2.03 1.99 1.42 2.69 2.64 1.14 1.12 0.00 0.00 0.00 0.00 0.00 0.00 0.00 0.00 0.00 0.00 0.00 0.00 0.00 0.00 0.00 0.00 0.00 0.00 0.00 0.00 0.00 0.00 0.00 0.00 0.00 0.00 0.00 0.00 0.00 0.00 0.00 0.00 0.00
2.64 3.76 6.24 6.24 6.12 6.18 6.25 6.10 6.05 4.21 4.21 4.19 4.15 4.13 4.10 4.07 3.92 3.88 3.84 3.80 1.83 3.70 3.65 3.60 3.65 1.74 1.76 2.79 0.98 0.95 2.62 2.56 2.50 2.44 0.46 0.44 2.26 0.58 0.47 2.03 1.89 2.00 0.75 0.73 0.70 3.07 1.76 1.37 2.62 0.00 0.00 0.00 0.00 0.00 0.00 0.00 0.00 0.00 0.00 0.00 0.00 0.00 0.00 0.00 0.00 0.00 0.00 0.00 0.00 0.00 0.00 0.00 0.00 0.00 0.00 0.00 0.00 0.00 0.00 0.00 0.00 0.00 0.00 0.00
