New_Model_Runs/10_Future_Present_Scn3_out/post_prcessed_with_MFR/Monthly_summaries/actual_et_monthly_AUG.asc
NCOLS 700
NROWS 400
XLLCENTER 515000.000000
YLLCENTER 8409000.000000
CELLSIZE 50.000000
NODATA_value -999.000000
[rows 228 to 265 of 400, columns 168 to 251 of 700]
0.85 0.85 0.85 0.85 0.85 0.85 0.85 0.85 0.87 0.87 0.87 0.87 2.91 2.91 2.65 2.65 3.44 3.44 2.75 3.44 3.44 3.44 3.44 3.44 2.58 2.69 3.18 2.69 3.18 2.45 2.45 2.45 3.18 3.18 3.18 2.45 2.45 2.56 2.45 2.45 2.46 2.46 2.46 2.46 0.77 2.46 2.46 3.00 2.46 2.46 2.46 2.46 2.46 2.90 2.46 2.43 2.66 0.85 0.85 0.85 0.85 0.85 0.85 0.85 2.70 0.85 0.85 0.85 0.85 0.85 0.85 0.85 0.91 0.91 0.91 0.91 0.91 0.91 0.91 0.91 0.91 0.91 3.05 0.91
0.85 0.85 0.85 0.85 0.85 0.85 0.85 0.85 0.87 0.87 0.87 0.87 0.87 2.91 2.65 2.65 2.65 2.65 2.91 2.65 3.44 2.75 3.44 3.44 2.58 3.18 3.18 3.18 3.18 3.18 3.18 3.18 2.58 2.58 3.18 3.18 2.69 2.45 3.13 2.57 2.46 2.46 2.46 2.46 2.46 2.46 2.90 3.00 3.00 3.00 2.46 2.33 0.77 0.77 0.77 0.77 0.85 0.85 0.85 0.85 0.85 0.85 2.84 0.85 0.85 2.70 0.85 0.85 0.85 0.85 0.85 2.58 2.77 2.77 3.05 0.91 0.91 0.91 0.91 0.91 0.91 3.05 3.05 0.91
0.85 0.85 0.85 0.85 0.85 0.85 0.85 0.85 0.87 0.87 0.87 0.87 0.87 0.87 0.87 2.65 2.65 2.65 2.91 2.65 3.44 3.44 3.44 3.44 3.18 3.18 3.18 3.18 3.18 3.18 2.58 2.58 3.18 3.18 3.18 2.58 3.18 2.58 3.18 3.18 3.02 2.56 2.46 2.46 2.46 1.76 2.90 3.00 3.00 2.90 2.46 2.33 0.77 0.77 0.77 0.77 0.85 0.85 0.85 0.85 0.85 0.85 0.85 0.85 0.85 0.85 0.85 0.85 0.85 0.85 2.58 2.58 3.05 2.77 0.91 0.91 0.91 0.91 0.91 0.91 0.91 3.05 3.05 0.91
0.85 0.85 0.85 0.85 0.85 0.85 0.85 0.85 0.87 0.87 0.87 0.87 0.87 0.87 0.87 0.87 2.91 2.65 2.91 2.65 2.65 2.65 3.44 2.75 3.18 3.18 3.18 3.18 2.58 3.18 2.58 2.58 3.18 3.18 3.18 3.18 2.56 3.18 2.58 3.18 3.02 3.02 3.02 3.02 3.02 3.02 3.00 3.00 3.00 0.77 0.77 0.77 0.77 0.77 0.77 0.77 0.85 0.85 0.85 0.85 0.85 0.85 0.85 0.85 2.84 2.84 0.85 0.85 2.84 0.85 0.85 2.84 3.05 0.91 0.91 0.91 0.91 0.91 0.91 0.91 3.05 3.05 0.91 0.91
0.85 0.85 0.85 0.85 0.85 0.85 0.85 0.85 0.87 2.91 0.87 0.87 0.87 0.87 0.87 0.87 0.87 0.87 2.91 2.65 2.65 2.65 3.44 3.44 2.45 2.45 3.18 2.45 3.18 3.18 3.18 2.58 3.18 3.18 3.18 1.19 2.56 1.19 3.18 3.18 3.02 3.02 3.02 3.02 3.02 3.02 0.77 0.77 0.77 0.77 0.77 0.77 0.77 0.77 0.77 0.77 0.85 0.85 0.85 0.85 0.85 0.85 0.85 2.84 2.84 2.58 2.58 2.84 0.85 0.85 2.58 0.85 0.91 0.91 0.91 0.91 0.91 0.91 0.91 0.91 0.91 0.91 0.91 0.91
0.85 0.85 0.85 0.85 0.85 0.85 0.85 0.85 0.87 0.87 2.91 1.28 1.28 0.87 0.87 0.87 0.87 0.87 0.87 0.87 2.65 2.65 3.44 2.65 2.45 2.45 2.45 2.45 3.18 3.18 2.69 2.58 2.45 3.18 3.18 3.18 2.56 2.45 3.18 1.19 3.02 3.02 0.77 1.13 3.02 3.02 0.77 0.77 0.77 2.43 1.13 0.77 0.77 0.77 0.77 0.77 0.85 0.85 0.85 0.85 0.85 0.85 0.85 0.85 2.58 3.35 2.58 2.58 2.58 3.35 3.35 2.84 3.05 0.91 0.91 0.91 0.91 0.91 0.91 0.91 0.91 0.91 0.91 0.91
0.85 0.85 0.85 0.85 0.85 0.85 0.85 0.85 0.87 0.87 0.87 0.87 0.87 0.87 0.87 0.87 0.87 0.87 0.87 0.87 0.87 2.91 3.44 2.65 2.45 2.69 2.45 2.45 2.45 3.18 2.56 3.18 0.81 0.81 0.81 3.18 3.18 3.18 2.45 0.81 0.77 0.77 0.77 0.77 3.02 0.77 1.13 3.02 3.02 2.56 2.56 2.56 2.56 0.77 0.77 0.77 0.85 0.85 0.85 0.85 0.85 0.85 0.85 0.85 2.84 2.58 3.35 2.58 3.35 2.58 2.58 2.58 2.77 0.91 0.91 0.91 0.91 0.91 0.91 0.91 0.91 0.91 0.91 0.91
0.85 0.85 0.85 0.85 0.85 0.85 0.85 0.85 0.87 0.87 0.87 0.87 0.87 0.87 0.87 0.87 0.87 0.87 0.87 0.87 0.87 2.91 2.65 2.65 0.81 0.81 2.69 2.69 2.69 3.18 0.81 0.81 0.81 0.81 0.81 0.81 0.81 3.18 2.45 2.45 0.77 0.77 0.77 1.13 0.77 0.77 0.77 3.02 3.02 2.56 2.56 2.56 2.47 3.02 2.33 2.56 2.58 2.84 2.84 0.85 0.85 0.85 0.85 0.85 0.85 2.58 3.35 2.58 2.58 3.35 0.85 2.84 0.91 0.91 0.91 0.91 2.77 0.91 0.91 0.91 0.91 0.91 0.91 0.91
0.85 0.85 0.85 0.85 0.85 0.85 0.85 0.85 0.87 0.87 0.87 0.87 0.87 0.87 0.87 0.87 0.87 0.87 0.87 0.87 0.87 0.87 2.65 0.87 0.81 0.81 0.81 0.81 0.81 0.81 0.81 0.81 0.81 0.81 0.81 0.81 0.81 0.81 0.81 2.45 3.02 0.77 0.77 0.77 0.77 0.77 0.77 0.77 3.02 0.77 2.33 2.56 3.02 3.02 3.02 3.02 3.35 2.58 0.85 2.84 0.85 0.85 2.58 2.58 2.58 3.35 2.96 2.58 2.58 2.58 0.85 0.85 0.91 0.91 3.05 0.91 0.91 0.91 0.91 0.91 0.91 0.91 0.91 0.91
0.85 0.85 0.85 0.85 0.85 0.85 0.85 0.85 0.87 0.87 0.87 0.87 0.87 0.87 0.87 0.87 0.87 0.87 0.87 0.87 0.87 0.87 0.87 0.87 0.81 0.81 0.81 0.81 0.81 0.81 0.81 0.81 0.81 0.81 0.81 0.81 0.81 0.81 0.81 0.81 0.77 0.77 0.77 0.77 0.77 0.77 0.77 0.77 1.13 3.02 0.77 2.33 3.02 3.02 3.02 3.02 3.35 3.35 2.58 2.58 2.84 2.58 2.58 3.35 2.58 2.96 2.96 3.35 3.35 3.35 2.70 0.85 0.91 0.91 0.91 0.91 0.91 0.91 0.91 0.91 0.91 0.91 0.91 0.91
0.85 0.85 0.85 0.85 0.85 0.85 0.85 0.85 0.87 0.87 0.87 0.87 0.87 0.87 0.87 0.87 0.87 0.87 0.87 2.65 2.91 0.87 0.87 0.87 0.81 0.81 0.81 0.81 0.81 0.81 0.81 0.81 0.81 0.81 0.81 0.81 0.81 0.81 0.81 0.81 0.77 0.77 0.77 0.77 0.77 0.77 0.77 0.77 0.77 1.13 2.33 2.33 3.02 2.33 2.33 2.33 3.35 2.84 3.35 2.58 2.58 2.58 2.58 3.35 2.58 3.35 3.35 3.35 3.35 2.58 2.58 0.85 3.05 0.91 0.91 0.91 0.91 0.91 0.91 0.91 0.91 0.91 0.91 0.91
0.85 0.85 0.85 0.85 0.85 0.85 0.85 0.85 0.87 0.87 0.87 0.87 0.87 0.87 0.87 0.87 0.87 2.65 2.65 2.65 2.65 2.65 0.87 0.87 0.81 0.81 0.81 0.81 0.81 0.81 0.81 0.81 0.81 0.81 0.81 0.81 0.81 0.81 0.81 0.81 0.77 0.77 0.77 0.77 0.77 2.56 2.56 3.02 2.56 2.56 3.02 0.77 2.33 2.33 2.33 3.02 2.84 2.58 2.58 2.58 2.58 2.58 2.58 3.35 3.35 2.58 2.58 3.35 2.58 2.58 2.84 2.84 0.91 0.91 0.91 0.91 0.91 0.91 0.91 0.91 0.91 0.91 0.91 0.91
0.85 0.85 0.85 0.85 0.85 0.85 0.85 0.85 0.87 0.87 0.87 0.87 0.87 0.87 0.87 0.87 1.28 2.65 2.65 2.65 2.65 0.87 0.87 2.91 2.69 0.81 0.81 0.81 0.81 0.81 0.81 0.81 0.81 0.81 0.81 0.81 0.81 0.81 2.69 0.81 0.77 0.77 0.77 0.77 0.77 2.56 0.77 2.56 2.47 2.47 3.02 2.33 2.33 3.02 2.33 2.33 2.58 2.58 2.58 2.58 3.35 3.35 3.35 3.35 2.58 2.96 2.58 2.58 2.58 2.58 2.84 2.84 0.91 0.91 0.91 0.91 0.91 0.91 0.91 0.91 0.91 0.91 0.91 0.91
0.85 0.85 0.85 0.85 0.85 0.85 0.85 0.85 0.87 0.87 0.87 0.87 0.87 0.87 0.87 0.87 0.87 2.65 2.65 2.65 1.28 0.87 0.87 0.87 0.81 0.81 0.81 0.81 0.81 0.81 0.81 0.81 0.81 0.81 0.81 0.81 0.81 0.81 1.19 0.81 0.77 0.77 0.77 0.77 2.33 2.33 2.56 2.33 2.56 3.02 3.02 2.33 3.02 3.02 2.33 2.33 2.58 2.58 2.58 2.58 2.96 2.96 3.35 3.35 3.35 3.35 3.35 2.58 2.58 2.58 2.84 0.85 0.91 0.91 0.91 0.91 0.91 0.91 0.91 0.91 0.91 0.91 0.91 0.91
0.90 0.90 0.90 0.90 0.90 0.90 0.90 0.90 0.91 0.91 0.91 0.91 0.91 0.91 0.91 0.91 0.91 0.91 2.77 0.91 0.91 0.91 0.91 0.91 0.86 0.86 0.86 0.86 0.86 0.86 0.86 0.86 0.86 0.86 0.86 0.86 0.86 0.86 0.86 0.86 0.83 0.83 0.83 0.83 2.51 2.51 2.51 2.51 2.75 3.25 3.25 3.25 2.51 2.51 2.51 2.51 2.59 2.59 2.59 3.36 3.36 2.96 3.36 3.36 3.36 3.36 2.59 2.59 2.59 2.59 2.85 0.85 0.93 0.93 0.93 0.93 0.93 0.93 0.93 0.93 0.93 0.93 0.93 0.93
0.90 0.90 0.90 0.90 0.90 0.90 0.90 0.90 0.91 0.91 0.91 0.91 0.91 0.91 0.91 0.91 0.91 0.91 0.91 0.91 0.91 0.91 0.91 0.91 0.86 0.86 0.86 0.86 0.86 0.86 0.86 0.86 0.86 0.86 0.86 0.86 0.86 0.86 0.86 0.86 0.83 0.83 0.83 2.51 2.51 2.51 2.51 2.51 2.51 0.83 0.83 2.51 2.51 2.51 2.51 2.75 2.85 2.85 2.59 2.59 3.36 3.36 3.36 3.36 3.36 3.36 2.59 2.59 2.59 2.59 0.85 0.85 0.93 0.93 0.93 0.93 0.93 0.93 0.93 3.09 0.93 0.93 0.93 0.93
0.90 0.90 0.90 0.90 0.90 0.90 0.90 0.90 0.91 0.91 0.91 0.91 0.91 0.91 0.91 0.91 0.91 0.91 0.91 0.91 0.91 0.91 0.91 0.91 0.86 0.86 0.86 0.86 0.86 0.86 0.86 0.86 0.86 0.86 0.86 0.86 0.86 0.86 0.86 0.86 0.83 0.83 0.83 2.75 2.51 2.51 3.25 1.21 0.83 0.83 0.83 0.83 0.83 3.25 2.51 2.51 2.85 2.59 2.85 2.85 3.36 3.36 2.59 2.59 3.36 2.59 2.59 2.59 2.59 2.59 0.85 0.85 0.93 0.93 0.93 0.93 0.93 0.93 3.09 3.09 0.93 0.93 0.93 0.93
0.90 0.90 0.90 0.90 0.90 0.90 0.90 0.90 0.91 0.91 0.91 0.91 0.91 0.91 0.91 0.91 0.91 0.91 0.91 0.91 0.91 0.91 0.91 0.91 0.86 0.86 0.86 0.86 0.86 0.86 0.86 0.86 0.86 0.86 0.86 0.86 0.86 0.86 0.86 1.26 0.83 0.83 0.83 2.75 2.51 3.25 0.83 0.83 0.83 3.25 0.83 0.83 2.62 3.25 2.51 2.51 2.59 2.59 2.59 3.36 3.36 3.36 2.59 2.59 2.59 2.59 2.59 2.59 2.59 0.85 0.85 3.36 0.93 0.93 0.93 0.93 0.93 3.09 3.09 3.09 0.93 0.93 0.93 0.93
0.90 0.90 0.90 0.90 0.90 0.90 0.90 0.90 0.91 0.91 0.91 2.77 0.91 0.91 0.91 0.91 0.91 3.04 3.04 0.91 0.91 0.91 0.91 0.91 0.86 0.86 0.86 0.86 0.86 0.86 0.86 0.86 0.86 0.86 0.86 0.86 0.86 0.86 0.86 0.86 0.83 0.83 0.83 0.83 2.51 0.83 0.83 3.25 3.25 3.25 3.25 0.83 3.25 3.25 2.88 2.75 2.85 2.59 3.36 3.36 3.36 3.36 3.36 3.36 2.59 3.36 2.59 2.59 2.85 2.59 3.36 3.36 3.65 3.65 0.93 0.93 0.93 0.93 0.93 0.93 0.93 0.93 0.93 0.93
0.90 0.90 0.90 0.90 0.90 0.90 0.90 0.90 0.91 0.91 0.91 2.77 2.77 0.91 0.91 0.91 0.91 3.04 0.91 0.91 0.91 0.91 0.91 0.91 0.86 0.86 0.86 0.86 0.86 0.86 0.86 0.86 0.86 0.86 0.86 0.86 0.86 0.86 0.86 0.86 0.83 0.83 0.83 2.75 2.51 0.83 1.21 3.25 3.25 3.25 0.83 0.83 3.25 2.62 1.21 0.83 2.85 2.85 2.59 2.59 2.59 2.59 2.96 3.36 3.36 2.59 2.59 2.59 0.85 2.59 2.59 3.36 0.93 0.93 0.93 0.93 2.81 0.93 0.93 0.93 0.93 0.93 0.93 0.93
0.90 0.90 0.90 0.90 0.90 0.90 0.90 0.90 0.91 0.91 1.34 3.03 0.91 0.91 0.91 0.91 3.04 3.04 0.91 0.91 0.91 0.91 0.91 0.91 0.86 0.86 0.86 0.86 0.86 0.86 0.86 0.86 0.86 0.86 0.86 0.86 0.86 0.86 0.86 0.86 0.83 0.83 0.83 0.83 0.83 0.83 0.83 3.25 3.25 3.25 0.83 0.83 3.25 2.75 2.75 2.75 2.85 2.59 2.59 2.59 3.36 3.36 2.96 2.96 3.36 3.36 3.36 2.59 3.36 3.36 2.59 2.59 2.81 0.93 0.93 2.81 3.65 2.81 2.81 3.09 0.93 0.93 0.93 0.93
0.90 0.90 0.90 0.90 0.90 0.90 0.90 0.90 0.91 0.91 3.03 3.03 0.91 0.91 0.91 0.91 1.34 3.04 3.59 0.91 0.91 0.91 0.91 0.91 0.86 0.86 0.86 0.86 0.86 0.86 0.86 0.86 0.86 0.86 0.86 0.86 0.86 0.86 0.86 0.86 0.83 3.25 3.25 3.25 0.83 0.83 3.25 3.25 3.25 3.25 1.21 0.83 3.25 2.75 2.51 2.51 2.59 2.59 2.59 2.59 3.36 3.36 2.96 3.36 2.59 2.59 3.36 2.59 2.59 2.59 2.59 2.59 3.09 3.65 0.93 3.65 3.65 3.65 2.81 2.81 2.81 0.93 0.93 3.65
0.90 0.90 0.90 0.90 0.90 0.90 0.90 0.90 0.91 0.91 0.91 1.34 1.34 0.91 0.91 3.03 0.91 0.91 1.34 1.34 0.91 0.91 0.91 0.91 0.86 0.86 0.86 0.86 0.86 0.86 0.86 0.86 0.86 0.86 0.86 0.86 0.86 0.86 0.86 0.86 0.83 3.25 3.25 3.25 3.25 3.25 3.25 3.25 3.25 3.25 0.83 0.83 1.21 2.75 2.51 2.51 3.36 2.59 2.59 3.36 3.36 3.36 3.36 3.36 2.59 2.59 2.85 2.59 2.59 2.59 2.59 2.59 3.09 3.65 0.93 3.65 3.65 3.65 3.65 3.65 3.65 3.65 3.65 3.65
0.90 0.90 0.90 0.90 0.90 0.90 0.90 0.90 0.91 0.91 0.91 1.34 1.34 0.91 3.03 1.34 0.91 1.34 1.34 1.34 0.91 0.91 0.91 0.91 0.86 0.86 0.86 0.86 0.86 0.86 0.86 0.86 0.86 0.86 0.86 0.86 0.86 0.86 0.86 0.86 0.83 3.25 3.25 3.25 3.25 3.25 3.25 3.25 3.25 0.83 0.83 2.51 2.75 2.75 2.51 3.25 2.59 2.59 3.36 3.36 2.96 3.36 2.59 2.59 3.36 3.36 2.85 2.85 2.85 2.85 2.59 2.59 2.81 0.93 2.81 3.65 3.65 3.65 3.65 3.65 3.65 3.65 3.65 3.13
0.90 0.90 0.90 0.90 0.90 0.90 0.90 0.90 0.91 0.91 0.91 0.91 0.91 0.91 2.77 0.91 0.91 1.34 1.34 0.91 0.91 0.91 0.91 0.91 0.86 0.86 0.86 0.86 0.86 0.86 0.86 0.86 0.86 0.86 0.86 0.86 0.86 0.86 0.86 0.86 0.83 3.25 3.25 3.25 3.25 3.25 3.25 3.25 0.83 0.83 0.83 1.21 1.21 2.75 2.51 2.51 2.59 2.59 2.59 3.36 3.36 3.36 3.36 3.36 3.36 3.36 2.85 2.59 2.59 2.85 2.59 2.59 2.81 3.09 3.09 3.09 3.65 3.65 3.65 3.65 3.65 3.13 3.13 3.65
0.90 0.90 0.90 0.90 0.90 0.90 0.90 0.90 0.91 0.91 0.91 0.91 1.34 2.77 2.77 2.89 1.34 1.34 1.34 0.91 0.91 0.91 0.91 0.91 0.86 0.86 0.86 0.86 0.86 0.86 0.86 0.86 0.86 0.86 0.86 0.86 0.86 0.86 0.86 0.86 0.83 0.83 3.25 3.25 3.25 2.51 0.83 2.51 0.83 0.83 2.51 2.51 2.51 3.25 3.25 2.51 2.85 2.59 2.59 2.59 3.36 2.96 3.36 2.59 2.59 2.59 2.59 2.59 2.59 2.85 2.59 2.59 2.81 2.81 3.65 3.65 3.65 3.65 3.65 3.65 3.65 3.13 3.13 3.13
0.90 0.90 0.90 0.90 0.90 0.90 0.90 0.90 0.91 0.91 0.91 0.91 1.34 3.03 3.03 3.03 1.34 0.91 0.91 0.91 0.91 0.91 0.91 0.91 0.86 0.86 0.86 0.86 0.86 0.86 0.86 0.86 0.86 0.86 0.86 0.86 0.86 0.86 0.86 0.86 0.83 0.83 3.25 3.25 0.83 0.83 0.83 0.83 0.83 0.83 2.51 2.51 2.51 2.51 2.51 2.51 2.59 2.59 2.59 3.36 3.36 3.36 3.36 3.36 3.36 3.36 3.36 2.59 2.59 2.85 2.59 2.59 2.81 2.81 3.65 3.65 2.81 2.81 3.65 3.65 3.65 3.65 3.65 3.13
3.53 0.90 0.90 0.90 0.90 0.90 0.90 0.90 0.91 0.91 0.91 0.91 1.34 3.03 3.03 3.03 2.77 1.34 0.91 0.91 0.91 0.91 0.91 0.91 0.86 0.86 0.86 0.86 0.86 0.86 0.86 0.86 0.86 0.86 0.86 0.86 0.86 0.86 0.86 0.86 0.83 0.83 3.25 3.25 2.51 0.83 0.83 0.83 0.83 2.51 2.51 2.51 2.51 2.51 2.51 2.51 2.59 3.36 2.59 3.36 2.96 3.36 2.96 3.36 3.36 3.36 2.96 3.36 3.36 2.85 2.85 2.59 2.81 3.64 3.64 3.64 2.81 3.64 3.64 3.64 3.13 3.64 3.64 3.64
3.53 0.90 0.90 0.90 0.90 0.90 0.90 0.90 0.91 0.91 0.91 2.77 3.59 3.03 3.03 2.77 2.77 2.77 0.91 0.91 0.91 0.91 0.91 0.91 0.86 0.86 0.86 0.86 0.86 0.86 0.86 0.86 0.86 0.86 0.86 0.86 0.86 0.86 0.86 0.86 0.83 0.83 0.83 0.83 0.83 0.83 0.83 0.83 2.51 2.51 2.51 2.51 2.51 2.75 2.51 2.51 3.36 2.59 2.59 3.36 3.36 3.36 3.36 3.36 3.36 2.59 2.59 2.59 3.36 2.85 2.85 2.59 3.64 3.64 3.64 3.64 2.81 2.81 2.81 3.64 3.13 3.64 3.64 3.64
0.90 0.90 0.90 0.90 0.90 0.90 0.90 0.90 0.91 0.91 0.91 2.77 3.03 3.03 3.03 2.77 2.77 2.77 0.91 0.91 0.91 0.91 0.91 0.91 0.86 0.86 0.86 0.86 0.86 0.86 0.86 0.86 0.86 0.86 0.86 0.86 0.86 0.86 0.86 0.86 0.83 0.83 0.83 0.83 0.83 0.83 0.83 0.83 2.51 2.51 2.51 2.51 2.51 2.51 2.51 3.25 3.36 3.36 3.36 3.36 3.36 3.36 3.36 3.36 3.36 3.36 2.59 2.59 2.59 2.59 2.59 2.59 3.64 3.64 3.64 3.64 2.81 2.81 2.81 3.64 3.64 3.64 3.64 3.64
3.86 2.97 0.98 0.98 0.98 0.98 0.98 0.98 1.02 1.02 1.02 3.10 3.10 3.24 1.02 1.02 1.02 1.02 1.02 1.02 1.02 1.02 1.02 1.02 0.91 0.91 0.91 0.91 0.91 0.91 0.91 0.91 0.91 0.91 0.91 0.91 0.91 0.91 0.91 0.91 0.96 0.96 0.96 0.96 0.96 0.96 0.96 3.16 2.91 2.91 2.91 3.16 2.91 3.77 2.91 3.77 3.48 3.48 3.48 2.68 2.68 2.68 2.68 3.48 3.48 3.48 2.68 2.68 2.68 2.68 2.68 2.68 2.86 2.86 2.86 2.86 2.86 2.86 3.71 3.71 3.71 3.71 3.71 3.71
3.86 3.86 3.86 0.98 0.98 0.98 0.98 0.98 1.02 1.02 1.02 1.02 1.02 1.02 1.02 1.02 1.02 1.02 1.02 1.02 1.02 1.02 1.02 1.02 0.91 0.91 0.91 0.91 0.91 0.91 0.91 0.91 0.91 0.91 0.91 0.91 0.91 0.91 0.91 0.91 0.96 0.96 0.96 0.96 0.96 0.96 0.96 0.96 2.91 2.91 2.91 2.91 2.91 2.91 2.91 3.77 3.48 2.68 2.68 2.68 2.68 2.68 2.68 2.68 3.48 3.48 2.68 2.68 2.68 2.68 2.68 2.68 2.86 3.71 2.86 3.71 3.71 3.71 3.71 3.71 3.10 3.71 3.71 2.86
0.98 0.98 0.98 0.98 0.98 0.98 0.98 0.98 1.02 1.02 1.02 1.02 1.02 1.02 1.02 1.02 1.02 1.02 1.02 1.02 1.02 1.02 1.02 1.02 0.91 0.91 0.91 0.91 0.91 0.91 0.91 0.91 0.91 0.91 0.91 0.91 0.91 0.91 0.91 0.91 0.96 0.96 0.96 0.96 0.96 1.41 0.96 0.96 0.96 3.16 3.16 3.20 2.91 3.77 2.91 2.91 2.68 2.68 2.68 2.68 2.68 2.68 2.68 2.68 3.48 3.48 3.48 2.68 2.68 2.68 2.68 2.68 2.86 2.86 3.71 3.14 2.86 2.86 3.71 3.71 3.71 3.71 2.86 2.86
0.98 3.86 3.86 2.97 0.98 0.98 0.98 0.98 1.02 1.02 1.02 1.02 1.02 1.50 1.02 1.02 1.02 1.02 1.02 1.02 1.02 1.02 1.02 1.02 0.91 0.91 0.91 0.91 0.91 0.91 0.91 0.91 0.91 0.91 0.91 0.91 0.91 0.91 0.91 0.91 0.96 0.96 0.96 0.96 0.96 0.96 0.96 0.96 0.96 0.96 0.96 0.96 0.96 3.77 3.77 3.77 2.68 3.48 2.68 2.68 2.68 2.68 2.68 2.68 3.48 3.48 3.48 2.68 2.68 2.68 2.68 2.68 2.86 2.86 3.14 3.14 2.86 3.71 3.71 3.71 3.71 2.86 2.86 2.86
2.97 2.97 2.97 2.97 0.98 0.98 0.98 0.98 1.02 1.02 1.02 1.02 1.50 1.50 1.02 1.02 1.02 1.02 1.02 1.02 1.02 1.02 1.02 1.02 0.91 0.91 0.91 0.91 0.91 0.91 0.91 0.91 0.91 0.91 0.91 0.91 0.91 0.91 0.91 0.91 0.96 0.96 0.96 0.96 0.96 0.96 0.96 0.96 0.96 0.96 0.96 0.96 0.96 2.91 2.91 3.77 2.68 3.48 2.68 2.68 2.68 2.68 2.68 2.68 3.48 3.48 3.48 2.68 2.68 2.68 2.68 3.48 2.86 3.14 3.14 2.86 2.86 2.86 3.71 3.10 3.71 2.86 2.86 2.86
2.97 2.97 2.97 0.98 0.98 0.98 0.98 0.98 1.02 1.02 1.02 3.24 1.02 1.02 1.02 1.02 1.02 1.02 1.02 1.02 1.02 1.02 1.02 1.02 0.91 0.91 0.91 0.91 0.91 0.91 0.91 0.91 0.91 0.91 0.91 0.91 0.91 0.91 0.91 0.91 0.96 0.96 0.96 0.96 0.96 0.96 1.41 1.41 1.41 1.41 0.96 0.96 0.96 2.91 2.91 2.91 2.68 2.68 2.68 2.68 3.48 3.48 3.48 2.68 2.68 3.48 3.48 2.68 2.68 2.68 3.48 3.48 3.71 3.71 3.14 3.71 2.86 3.71 3.71 3.71 3.71 3.71 3.71 2.86
2.97 2.97 2.97 0.98 0.98 0.98 0.98 0.98 1.02 1.02 1.02 1.02 1.02 1.02 1.02 1.02 1.02 1.02 1.02 1.02 1.02 1.02 1.02 1.02 0.91 0.91 0.91 0.91 0.91 0.91 0.91 0.91 0.91 0.91 0.91 0.91 0.91 0.91 0.91 0.91 0.96 0.96 0.96 0.96 0.96 0.96 0.96 2.91 2.91 2.91 0.96 3.20 3.20 2.91 3.20 3.20 2.95 2.68 3.48 3.48 3.48 2.68 2.68 2.68 2.68 3.48 3.48 2.68 3.48 3.48 3.48 2.68 3.71 3.71 2.86 3.71 3.71 3.71 3.71 3.71 2.86 3.71 3.71 2.86
2.97 2.97 2.97 3.86 2.97 0.98 0.98 0.98 1.02 1.02 1.02 1.02 1.02 1.02 1.02 1.02 1.02 1.02 1.02 1.02 1.02 1.02 1.02 1.02 0.91 0.91 0.91 0.91 0.91 0.91 0.91 0.91 0.91 0.91 0.91 0.91 0.91 0.91 0.91 0.91 0.96 0.96 0.96 3.16 0.96 0.96 0.96 3.16 2.91 2.91 3.20 3.20 2.91 3.20 3.20 3.20 2.95 2.68 2.68 3.48 3.48 2.68 2.68 2.68 2.68 2.68 3.48 2.68 3.48 3.48 2.68 2.68 2.86 2.86 2.86 3.71 3.71 3.71 3.71 3.71 2.86 2.86 3.71 2.86
