New_Model_Runs/10_Future_Present_Scn3_out/post_prcessed_with_MFR/Monthly_summaries/actual_et_monthly_JUN.asc
NCOLS 700
NROWS 400
XLLCENTER 515000.000000
YLLCENTER 8409000.000000
CELLSIZE 50.000000
NODATA_value -999.000000
[rows 266 to 303 of 400, columns 252 to 335 of 700]
2.39 2.39 2.39 2.39 2.48 2.48 2.72 2.72 2.72 2.48 2.66 3.21 3.21 3.21 3.21 3.21 3.21 3.21 3.21 3.21 3.19 2.64 3.19 3.19 3.12 3.19 3.19 2.12 3.19 2.65 2.65 2.65 2.65 3.19 3.19 3.19 2.37 2.77 2.77 2.77 2.77 2.77 2.77 2.37 2.77 1.03 1.03 2.77 2.77 2.77 2.77 2.77 3.08 2.56 3.08 3.08 2.56 3.08 3.08 3.08 2.56 3.08 3.08 3.08 3.08 3.08 3.08 3.08 2.30 0.00 0.00 0.00 0.00 2.30 0.80 2.68 2.68 2.30 2.30 0.80 2.68 0.00 0.00 0.00
2.39 2.39 2.39 2.39 2.48 2.72 2.72 2.72 2.72 2.72 3.21 3.21 3.21 2.48 3.21 3.21 3.21 3.21 3.21 3.21 3.19 2.64 3.19 3.19 3.19 2.12 2.12 3.19 2.65 2.65 3.19 3.19 3.19 3.19 3.19 3.19 2.77 2.37 2.37 2.77 2.77 2.77 2.77 2.37 2.37 0.70 0.70 2.23 2.77 0.70 0.70 2.35 3.08 2.56 2.56 3.08 2.56 3.08 3.08 3.08 3.08 3.08 3.08 3.08 3.08 3.08 3.08 3.08 2.30 0.00 0.00 0.00 0.00 2.68 0.80 0.80 2.30 2.30 2.68 0.00 0.00 0.00 0.00 0.00
2.39 2.39 2.39 3.10 2.72 2.72 2.72 2.72 2.48 2.72 3.21 3.21 2.48 2.48 3.21 2.48 2.66 3.21 3.21 3.21 3.19 2.64 2.64 2.64 2.64 2.12 2.12 2.65 2.65 3.19 3.19 0.81 2.65 2.65 3.19 3.19 2.77 2.77 2.37 2.77 2.77 2.37 2.77 2.37 2.77 2.77 2.77 2.77 0.70 0.70 0.70 0.70 3.08 3.08 3.08 2.56 3.08 3.08 2.56 2.56 2.56 3.08 3.08 3.08 3.08 3.08 3.08 2.56 2.68 0.00 0.00 0.00 2.68 0.80 2.30 2.30 2.68 2.68 0.00 0.00 0.00 0.00 0.00 0.00
2.39 2.39 2.39 2.39 2.48 2.48 2.72 3.21 3.21 2.48 3.21 2.72 2.48 2.48 2.48 2.48 3.21 3.21 3.21 2.48 2.70 3.19 2.64 3.19 3.19 2.64 3.19 3.19 2.65 3.19 3.19 3.19 2.65 3.19 2.65 2.65 2.37 2.77 2.77 2.77 2.37 2.37 2.37 2.37 2.37 2.37 1.03 2.13 2.13 0.70 0.70 1.03 3.08 3.08 3.08 2.56 2.56 2.56 2.56 2.56 2.56 2.56 2.56 3.08 3.08 3.08 3.08 2.56 2.68 0.00 2.68 0.80 2.30 2.30 2.68 2.68 2.68 0.00 0.00 0.00 0.00 0.00 0.00 0.00
2.39 2.39 2.39 2.39 3.21 3.21 2.72 2.72 2.72 2.72 3.21 3.21 3.21 3.21 3.21 2.66 3.21 3.21 3.21 3.21 2.70 3.19 3.19 3.19 3.19 3.19 3.19 2.65 3.19 3.19 2.46 3.19 3.19 3.19 3.19 3.19 2.77 2.77 2.77 2.37 2.37 2.37 2.37 2.77 2.77 0.70 2.77 2.13 2.23 0.70 0.70 1.03 3.08 3.08 3.08 2.56 2.56 2.56 2.56 2.56 3.08 2.56 2.56 3.08 3.08 2.56 2.56 3.08 2.68 2.68 2.30 2.30 2.30 2.68 0.00 0.00 2.68 2.68 0.00 0.00 0.00 0.00 0.00 0.00
2.39 2.39 2.39 3.10 2.48 2.48 2.48 3.21 3.21 3.21 3.21 2.66 3.21 3.21 3.21 3.21 0.82 0.82 0.82 0.82 3.19 3.19 3.19 3.19 3.19 3.19 2.65 2.65 3.19 3.19 3.19 3.19 3.19 2.65 3.19 2.65 2.37 2.37 2.77 2.37 2.37 2.77 2.77 2.77 2.77 0.70 2.37 2.77 2.77 2.77 0.70 1.03 3.08 2.56 2.56 2.56 2.56 3.08 3.08 2.56 2.56 3.08 3.08 2.56 2.56 3.08 3.08 3.08 2.30 2.30 2.30 2.68 0.00 0.00 0.00 0.00 0.00 0.00 0.00 0.00 0.00 0.00 0.00 0.00
2.39 2.39 3.10 2.39 2.72 2.72 2.72 3.21 3.21 3.21 2.66 2.66 2.66 2.66 3.21 3.21 3.21 0.82 3.21 3.21 3.19 3.19 3.19 2.64 3.19 3.19 2.65 2.65 2.65 3.19 2.65 3.19 3.19 2.65 2.46 3.19 2.37 2.37 2.77 2.77 2.77 2.13 2.77 2.77 2.77 2.77 2.77 2.77 2.77 2.77 2.77 2.77 3.08 2.56 2.56 2.56 3.08 3.08 2.56 2.56 2.56 3.08 2.56 2.56 3.08 3.08 2.56 2.56 2.30 2.68 0.80 0.00 0.00 0.00 0.00 0.00 0.00 0.00 0.00 0.00 0.00 0.00 0.00 0.00
2.39 3.10 2.62 2.39 2.72 2.72 2.72 2.48 3.21 3.21 3.21 3.21 3.21 3.21 3.21 3.21 0.82 3.21 2.66 2.48 3.19 3.19 3.19 3.19 3.19 3.19 3.19 3.19 3.19 3.19 3.19 3.19 3.19 2.65 2.46 2.46 2.77 2.77 2.77 2.77 2.37 0.70 0.70 0.70 0.70 2.77 2.77 2.37 2.77 2.77 2.77 2.77 3.08 2.56 2.56 2.56 3.08 3.08 2.56 3.08 2.56 2.56 3.08 3.08 2.56 2.56 2.56 3.08 2.68 0.00 0.00 0.00 0.00 0.00 0.00 0.00 0.00 0.00 0.00 0.00 0.00 0.00 0.00 0.00
3.16 2.68 2.68 2.68 3.19 3.19 3.19 2.46 2.46 3.19 3.19 3.19 3.19 3.19 3.19 3.19 3.19 2.64 3.19 0.81 0.79 3.12 2.59 3.12 0.79 3.12 3.12 0.79 0.79 2.41 3.12 3.12 3.12 3.12 2.41 3.12 3.04 3.04 3.04 3.04 3.04 0.77 0.77 0.77 1.13 3.04 3.04 2.54 3.04 2.45 2.45 3.04 1.78 1.59 1.78 1.59 1.59 1.78 1.59 1.59 1.78 1.78 1.78 1.59 1.59 1.59 1.78 1.78 0.00 0.00 0.00 0.00 0.00 0.00 0.00 0.00 0.00 0.00 0.00 0.00 0.00 0.00 0.00 0.00
3.16 2.68 2.68 3.16 3.19 3.19 3.19 3.19 3.19 3.19 3.19 3.19 3.19 3.19 3.19 3.19 3.19 3.19 3.19 0.81 0.79 3.12 3.12 3.12 2.65 3.12 3.12 2.59 2.59 3.12 3.12 3.12 2.59 3.12 2.41 3.12 2.35 3.04 3.04 2.35 0.77 1.13 2.58 2.58 2.35 3.04 3.04 2.45 2.45 3.04 3.04 3.04 1.78 1.59 1.59 1.78 1.78 1.59 1.78 1.78 1.78 1.59 1.59 1.59 1.78 1.78 0.45 1.50 0.00 0.00 0.00 0.00 0.00 0.00 0.00 0.00 0.00 0.00 0.00 0.00 0.00 0.00 0.00 0.00
3.16 3.16 3.16 3.16 3.19 2.70 3.19 3.19 3.19 3.19 3.19 3.19 3.19 3.19 3.19 3.19 3.19 3.19 3.19 3.19 3.12 3.12 2.51 3.12 3.12 3.12 3.12 3.12 2.59 2.59 3.12 3.12 3.12 3.12 3.12 3.12 3.04 3.04 3.04 3.04 3.04 3.04 1.13 3.04 3.04 3.04 3.04 3.04 3.04 3.04 3.04 3.04 1.78 1.78 1.78 1.59 1.59 1.78 1.78 1.59 1.59 1.59 1.78 1.78 0.45 1.50 1.50 1.78 0.00 0.00 0.00 0.00 0.00 0.00 0.00 0.00 0.00 0.00 0.00 0.00 0.00 0.00 0.00 0.00
2.68 3.16 2.62 2.68 2.70 3.19 3.19 3.19 2.46 3.19 3.19 3.19 3.19 2.46 3.19 3.19 2.46 2.46 3.19 3.19 3.12 3.12 2.41 3.12 3.12 3.12 3.12 2.59 2.59 2.59 2.59 3.12 3.12 3.12 3.12 3.12 3.04 3.04 3.04 3.04 3.04 3.04 3.04 2.54 3.04 3.04 3.04 3.04 3.04 3.04 3.04 2.54 1.59 1.59 1.59 1.59 1.78 1.59 1.59 1.59 1.78 1.78 1.50 1.50 1.78 1.78 1.78 0.00 0.00 0.00 0.00 0.00 0.00 0.00 0.00 0.00 0.00 0.00 0.00 0.00 0.00 0.00 0.00 0.00
2.44 2.44 2.44 2.44 2.46 3.19 3.19 3.19 3.19 3.19 3.19 3.19 0.81 0.81 3.19 2.64 3.19 3.19 3.19 3.19 3.12 3.12 2.41 3.12 3.12 2.59 3.12 2.59 2.59 2.59 2.59 2.59 3.12 3.12 3.12 3.12 2.54 2.54 3.04 3.04 3.04 2.54 3.04 3.04 3.04 3.04 3.04 3.04 3.04 2.54 2.54 3.04 1.78 1.78 1.78 1.59 1.59 1.59 1.59 1.78 1.50 1.50 1.78 0.00 0.00 0.00 0.00 0.00 0.00 0.00 0.00 0.00 0.00 0.00 0.00 0.00 0.00 0.00 0.00 0.00 0.00 0.00 0.00 0.00
3.16 3.16 3.16 3.16 3.19 3.19 2.46 2.46 3.19 3.19 2.46 2.46 0.81 2.46 3.19 3.19 3.19 3.19 2.46 3.19 3.12 3.12 2.41 3.12 3.12 2.59 3.12 2.59 3.12 3.12 3.12 3.12 3.12 3.12 3.12 3.12 3.04 2.53 2.53 3.04 3.04 2.53 3.04 3.04 3.04 3.04 3.04 2.53 2.53 3.04 3.04 3.04 1.78 1.78 1.59 1.59 1.59 1.78 1.78 1.50 1.50 1.78 0.00 0.00 0.00 0.00 0.00 0.00 0.00 0.00 0.00 0.00 0.00 0.00 0.00 0.00 0.00 0.00 0.00 0.00 0.00 0.00 0.00 0.00
3.16 3.16 3.16 2.44 3.19 3.19 3.19 2.64 2.64 3.19 3.19 2.46 2.46 3.19 3.19 2.64 3.19 2.70 2.70 3.19 3.12 3.12 3.12 2.60 3.12 3.12 3.12 2.60 3.12 3.12 3.12 2.60 2.60 2.59 3.12 3.12 3.04 2.53 2.53 3.04 2.53 2.53 2.53 3.04 3.04 3.04 2.53 2.53 3.04 3.04 3.04 3.04 1.59 1.59 1.59 1.59 1.78 1.78 1.43 1.78 1.78 0.00 0.00 0.00 0.00 0.00 0.00 0.00 0.00 0.00 0.00 0.00 0.00 0.00 0.00 0.00 0.00 0.00 0.00 0.00 0.00 0.00 0.00 0.00
0.80 2.44 2.44 3.16 3.19 3.19 3.19 3.19 2.64 2.64 3.19 3.19 1.19 3.19 3.19 3.19 3.19 1.19 3.19 3.19 3.12 2.60 2.60 3.12 3.12 3.12 2.60 2.60 2.60 2.41 3.12 2.60 3.12 2.60 3.12 3.12 3.04 2.58 3.04 3.04 2.53 2.53 2.53 3.04 2.53 2.53 3.04 3.04 3.04 3.04 2.53 2.53 1.59 1.59 1.78 1.78 0.00 0.00 0.00 0.00 0.00 0.00 0.00 0.00 0.00 0.00 0.00 0.00 0.00 0.00 0.00 0.00 0.00 0.00 0.00 0.00 0.00 0.00 0.00 0.00 0.00 0.00 0.00 0.00
3.16 2.44 2.44 3.16 3.19 3.19 3.19 3.19 2.64 3.19 3.19 2.64 1.19 1.19 2.46 3.19 3.19 2.64 3.19 3.19 3.12 2.60 3.12 3.12 2.60 3.12 3.12 2.60 3.12 2.41 3.12 3.12 2.60 2.60 3.12 3.12 2.53 2.35 3.04 3.04 2.35 3.04 3.04 3.04 2.53 2.53 2.53 3.04 3.04 2.53 2.53 2.53 1.78 1.78 0.00 0.00 0.00 0.00 0.00 0.00 0.00 0.00 0.00 0.00 0.00 0.00 0.00 0.00 0.00 0.00 0.00 0.00 0.00 0.00 0.00 0.00 0.00 0.00 0.00 0.00 0.00 0.00 0.00 0.00
2.44 2.44 3.16 3.16 3.19 2.46 3.19 3.19 3.19 3.19 3.19 3.19 2.46 2.46 2.46 3.19 3.19 3.19 3.19 2.65 3.12 3.12 3.12 3.12 3.12 2.60 3.12 3.12 3.12 2.41 2.41 3.12 3.12 3.12 2.59 3.12 3.04 2.35 2.35 3.04 3.04 3.04 3.04 3.04 3.04 2.53 2.53 2.53 2.53 2.53 3.04 3.04 1.78 0.00 0.00 0.00 0.00 0.00 0.00 0.00 0.00 0.00 0.00 0.00 0.00 0.00 0.00 0.00 0.00 0.00 0.00 0.00 0.00 0.00 0.00 0.00 0.00 0.00 0.00 0.00 0.00 0.00 0.00 0.00
2.44 2.44 2.44 3.16 3.19 3.19 3.19 3.19 3.19 3.19 3.19 3.19 3.19 2.57 2.46 3.19 2.64 2.64 2.65 2.65 3.12 3.12 3.12 3.12 3.12 2.60 3.12 3.12 3.12 3.12 2.60 3.12 3.12 3.12 3.12 3.12 3.04 3.04 3.04 3.04 3.04 3.04 3.04 3.04 3.04 2.53 2.53 2.53 3.04 3.04 2.58 0.00 0.00 0.00 0.00 0.00 0.00 0.00 0.00 0.00 0.00 0.00 0.00 0.00 0.00 0.00 0.00 0.00 0.00 0.00 0.00 0.00 0.00 0.00 0.00 0.00 0.00 0.00 0.00 0.00 0.00 0.00 0.00 0.00
3.16 3.16 2.44 3.16 3.19 3.19 3.19 3.19 3.19 2.57 3.19 3.19 3.19 3.19 3.19 3.19 3.19 3.19 3.19 3.19 2.41 3.12 3.12 3.12 3.12 3.12 2.51 2.60 3.12 3.12 3.12 2.59 3.12 3.12 3.12 3.12 2.53 3.04 3.04 3.04 2.53 2.53 3.04 2.53 2.53 2.53 3.04 3.04 2.58 3.04 0.00 0.00 0.00 0.00 0.00 0.00 0.00 0.00 0.00 0.00 0.00 0.00 0.00 0.00 0.00 0.00 0.00 0.00 0.00 0.00 0.00 0.00 0.00 0.00 0.00 0.00 0.00 0.00 0.00 0.00 0.00 0.00 0.00 0.00
3.16 3.16 3.16 3.16 3.19 3.19 3.19 3.19 3.19 3.19 3.19 3.19 3.19 2.70 3.19 2.64 3.19 3.19 3.19 3.19 2.41 2.41 2.65 2.65 3.12 3.12 3.12 3.12 2.60 3.12 2.41 2.59 2.59 3.12 3.12 3.12 3.04 3.04 3.04 2.53 2.53 2.53 2.53 2.53 2.53 3.04 3.04 2.58 0.00 0.00 0.00 0.00 0.00 0.00 0.00 0.00 0.00 0.00 0.00 0.00 0.00 0.00 0.00 0.00 0.00 0.00 0.00 0.00 0.00 0.00 0.00 0.00 0.00 0.00 0.00 0.00 0.00 0.00 0.00 0.00 0.00 0.00 0.00 0.00
3.16 3.16 3.16 3.16 3.19 3.19 3.19 3.19 3.19 3.19 3.19 3.19 3.19 3.19 2.46 3.19 3.19 3.19 3.19 3.19 3.12 2.41 2.41 2.65 2.65 3.12 2.41 2.60 3.12 3.12 2.41 3.12 3.12 3.12 3.12 3.12 3.04 3.04 3.04 2.53 2.53 2.53 2.53 3.04 3.04 3.04 2.53 2.58 0.00 0.00 0.00 0.00 0.00 0.00 0.00 0.00 0.00 0.00 0.00 0.00 0.00 0.00 0.00 0.00 0.00 0.00 0.00 0.00 0.00 0.00 0.00 0.00 0.00 0.00 0.00 0.00 0.00 0.00 0.00 0.00 0.00 0.00 0.00 0.00
3.16 3.16 3.16 3.16 3.19 3.19 3.19 3.19 3.19 3.19 3.19 3.19 3.19 3.19 3.19 3.19 2.46 2.46 2.46 3.19 3.12 2.60 3.12 3.12 3.12 3.12 2.65 2.60 2.60 3.12 3.12 3.12 3.12 3.12 3.12 3.12 3.04 3.04 2.53 2.53 2.53 3.04 3.04 3.04 3.04 3.04 1.13 2.58 3.04 0.00 0.00 0.00 0.00 0.00 0.00 0.00 0.00 0.00 0.00 0.00 0.00 0.00 0.00 0.00 0.00 0.00 0.00 0.00 0.00 0.00 0.00 0.00 0.00 0.00 0.00 0.00 0.00 0.00 0.00 0.00 0.00 0.00 0.00 0.00
3.16 3.16 3.16 3.16 3.19 3.19 3.19 3.19 3.19 3.19 3.19 3.19 3.19 3.19 3.19 3.19 2.46 2.46 3.19 3.19 3.12 3.12 2.41 3.12 3.12 2.60 3.12 3.12 2.41 3.12 3.12 3.12 3.12 3.12 3.12 3.12 3.04 3.04 3.04 3.04 3.04 3.04 3.04 3.04 3.04 3.04 3.04 2.54 3.04 0.00 0.00 0.00 0.00 0.00 0.00 0.00 0.00 0.00 0.00 0.00 0.00 0.00 0.00 0.00 0.00 0.00 0.00 0.00 0.00 0.00 0.00 0.00 0.00 0.00 0.00 0.00 0.00 0.00 0.00 0.00 0.00 0.00 0.00 0.00
3.13 3.13 3.13 3.13 3.15 3.15 3.15 3.15 3.15 3.15 3.15 2.54 3.15 3.15 2.54 3.15 3.15 3.15 3.15 3.15 3.08 2.38 2.38 3.08 3.08 3.08 3.08 3.08 3.08 3.08 3.08 3.08 3.08 3.08 3.08 3.08 2.99 2.99 2.99 2.99 2.99 2.99 2.49 2.49 2.99 2.99 2.99 2.99 2.99 0.00 0.00 0.00 0.00 0.00 0.00 0.00 0.00 0.00 0.00 0.00 0.00 0.00 0.00 0.00 0.00 0.00 0.00 0.00 0.00 0.00 0.00 0.00 0.00 0.00 0.00 0.00 0.00 0.00 0.00 0.00 0.00 0.00 0.00 0.00
3.13 3.13 3.13 3.13 3.15 3.15 3.15 3.15 3.15 3.15 3.15 3.15 3.15 3.15 3.15 3.15 3.15 3.15 2.61 2.61 2.38 2.38 2.38 2.38 3.08 3.08 2.56 2.56 0.78 0.78 0.78 3.08 3.08 3.08 3.08 3.08 2.99 2.99 2.99 2.99 2.99 2.99 2.49 2.99 2.99 2.99 2.99 2.99 2.99 0.00 0.00 0.00 0.00 0.00 0.00 0.00 0.00 0.00 0.00 0.00 0.00 0.00 0.00 0.00 0.00 0.00 0.00 0.00 0.00 0.00 0.00 0.00 0.00 0.00 0.00 0.00 0.00 0.00 0.00 0.00 0.00 0.00 0.00 0.00
3.13 3.13 3.13 3.13 3.15 3.15 3.15 3.15 3.15 3.15 3.15 3.15 3.15 3.15 3.15 3.15 3.15 2.61 2.61 3.15 3.08 3.08 2.38 2.38 3.08 2.56 3.08 3.08 3.08 3.08 0.78 3.08 3.08 3.08 3.08 3.08 2.99 2.99 2.99 2.99 2.99 2.99 2.99 2.99 2.99 2.99 2.99 2.99 2.99 0.00 0.00 0.00 0.00 0.00 0.00 0.00 0.00 0.00 0.00 0.00 0.00 0.00 0.00 0.00 0.00 0.00 0.00 0.00 0.00 0.00 0.00 0.00 0.00 0.00 0.00 0.00 0.00 0.00 0.00 0.00 0.00 0.00 0.00 0.00
3.13 3.13 3.13 1.17 3.15 3.15 3.15 0.80 3.15 3.15 3.15 3.15 3.15 3.15 3.15 3.15 2.43 2.43 3.15 3.15 3.08 3.08 2.61 2.38 2.38 3.08 2.38 2.38 0.78 2.56 2.56 3.08 3.08 3.08 3.08 3.08 2.99 2.99 2.99 2.99 2.99 2.99 0.76 0.76 2.99 0.76 0.76 2.99 2.99 0.00 0.00 0.00 0.00 0.00 0.00 0.00 0.00 0.00 0.00 0.00 0.00 0.00 0.00 0.00 0.00 0.00 0.00 0.00 0.00 0.00 0.00 0.00 0.00 0.00 0.00 0.00 0.00 0.00 0.00 0.00 0.00 0.00 0.00 0.00
3.13 3.13 3.13 3.13 3.15 3.15 3.15 3.15 3.15 3.15 3.15 3.15 3.15 3.15 3.15 3.15 3.15 3.15 2.61 3.15 3.08 3.08 2.38 2.38 2.38 3.08 3.08 2.38 3.08 3.08 3.08 3.08 3.08 3.08 3.08 3.08 2.99 2.99 2.99 2.99 2.99 2.99 0.76 0.76 0.76 0.76 0.76 0.76 2.99 0.00 0.00 0.00 0.00 0.00 0.00 0.00 0.00 0.00 0.00 0.00 0.00 0.00 0.00 0.00 0.00 0.00 0.00 0.00 0.00 0.00 0.00 0.00 0.00 0.00 0.00 0.00 0.00 0.00 0.00 0.00 0.00 0.00 0.00 0.00
3.13 3.13 3.13 3.13 3.15 3.15 3.15 3.15 3.15 3.15 3.15 3.15 2.67 2.43 2.43 3.15 2.43 3.15 2.54 3.15 3.08 3.08 2.38 2.38 2.38 3.08 3.08 2.38 3.08 2.38 2.38 2.38 3.08 3.08 3.08 3.08 2.99 2.30 2.99 2.99 2.99 2.30 2.99 2.49 0.76 0.76 0.76 0.76 1.11 0.00 0.00 0.00 0.00 0.00 0.00 0.00 0.00 0.00 0.00 0.00 0.00 0.00 0.00 0.00 0.00 0.00 0.00 0.00 0.00 0.00 0.00 0.00 0.00 0.00 0.00 0.00 0.00 0.00 0.00 0.00 0.00 0.00 0.00 0.00
3.13 3.13 3.13 3.13 3.15 3.15 3.15 3.15 3.15 3.15 2.43 2.43 2.43 0.80 2.43 3.15 2.43 2.43 3.15 3.15 3.08 3.08 2.56 2.38 3.08 2.56 2.56 3.08 3.08 2.61 2.38 2.38 2.38 3.08 3.08 3.08 2.30 2.30 2.30 2.30 2.99 2.30 2.99 0.76 0.76 0.76 0.76 2.53 0.00 2.99 0.00 0.00 0.00 0.00 0.00 0.00 0.00 0.00 0.00 0.00 0.00 0.00 0.00 0.00 0.00 0.00 0.00 0.00 0.00 0.00 0.00 0.00 0.00 0.00 0.00 0.00 0.00 0.00 0.00 0.00 0.00 0.00 0.00 0.00
3.13 3.13 3.13 0.80 3.15 3.15 3.15 3.15 3.15 3.15 2.43 0.80 0.80 0.80 3.15 3.15 2.43 3.15 3.15 2.61 3.08 3.08 2.56 3.08 3.08 3.08 3.08 3.08 3.08 2.61 2.38 2.38 3.08 3.08 3.08 2.38 2.49 2.99 2.30 2.30 2.49 2.30 2.99 2.99 0.76 0.76 0.76 2.53 0.00 0.00 0.00 0.00 0.00 0.00 0.00 0.00 0.00 0.00 0.00 0.00 0.00 0.00 0.00 0.00 0.00 0.00 0.00 0.00 0.00 0.00 0.00 0.00 0.00 0.00 0.00 0.00 0.00 0.00 0.00 0.00 0.00 0.00 0.00 0.00
3.13 3.13 3.13 3.13 3.15 3.15 3.15 3.15 2.43 2.43 0.80 0.80 2.43 3.15 3.15 2.43 2.43 2.43 3.15 3.15 2.56 3.08 3.08 3.08 3.08 2.56 2.56 2.38 2.48 2.48 2.61 0.78 3.08 3.08 3.08 2.56 2.99 2.99 2.49 2.53 2.99 2.99 2.99 2.99 0.76 2.53 2.53 2.99 0.00 0.00 0.00 0.00 0.00 0.00 0.00 0.00 0.00 0.00 0.00 0.00 0.00 0.00 0.00 0.00 0.00 0.00 0.00 0.00 0.00 0.00 0.00 0.00 0.00 0.00 0.00 0.00 0.00 0.00 0.00 0.00 0.00 0.00 0.00 0.00
3.13 3.13 3.13 3.13 3.15 3.15 3.15 3.15 3.15 0.80 0.80 2.43 2.43 2.43 3.15 2.54 2.67 2.43 3.15 3.15 2.56 3.08 2.38 2.38 3.08 2.38 2.38 2.38 3.08 3.08 0.78 0.78 0.78 3.08 3.08 3.08 2.99 2.99 0.76 0.76 2.99 0.76 2.99 2.30 2.53 0.00 0.00 0.00 0.00 0.00 0.00 0.00 0.00 0.00 0.00 0.00 0.00 0.00 0.00 0.00 0.00 0.00 0.00 0.00 0.00 0.00 0.00 0.00 0.00 0.00 0.00 0.00 0.00 0.00 0.00 0.00 0.00 0.00 0.00 0.00 0.00 0.00 0.00 0.00
3.13 3.13 2.42 3.13 3.15 3.15 3.15 2.43 2.43 0.80 0.80 0.80 3.15 3.15 3.15 2.43 2.67 0.80 3.15 3.15 3.08 3.08 2.38 2.38 3.08 2.38 2.38 2.38 3.08 3.08 3.08 3.08 0.78 0.78 3.08 3.08 2.99 2.99 2.99 0.76 2.99 2.99 2.99 2.53 2.53 0.00 0.00 0.00 0.00 0.00 0.00 0.00 0.00 0.00 0.00 0.00 0.00 0.00 0.00 0.00 0.00 0.00 0.00 0.00 0.00 0.00 0.00 0.00 0.00 0.00 0.00 0.00 0.00 0.00 0.00 0.00 0.00 0.00 0.00 0.00 0.00 0.00 0.00 0.00
3.13 3.13 2.42 3.13 3.15 3.15 3.15 3.15 3.15 2.43 2.43 2.43 2.43 2.43 2.43 2.43 2.43 0.80 0.80 3.15 3.08 2.38 2.38 2.38 3.08 2.38 2.38 2.38 0.78 0.78 3.08 2.56 2.56 0.78 3.08 3.08 1.11 0.76 0.76 0.76 0.76 2.99 2.99 2.53 2.99 0.00 0.00 0.00 0.00 0.00 0.00 0.00 0.00 0.00 0.00 0.00 0.00 0.00 0.00 0.00 0.00 0.00 0.00 0.00 0.00 0.00 0.00 0.00 0.00 0.00 0.00 0.00 0.00 0.00 0.00 0.00 0.00 0.00 0.00 0.00 0.00 0.00 0.00 0.00
3.13 0.80 0.80 0.80 2.43 3.15 3.15 2.61 3.15 2.43 2.43 2.43 3.15 3.15 2.43 2.43 0.80 0.80 0.80 3.15 2.38 2.38 2.38 2.38 3.08 3.08 2.38 0.78 0.78 2.38 2.38 2.38 2.38 3.08 3.08 3.08 1.11 0.76 0.76 2.53 2.53 2.99 2.99 2.99 2.99 0.00 0.00 0.00 0.00 0.00 0.00 0.00 0.00 0.00 0.00 0.00 0.00 0.00 0.00 0.00 0.00 0.00 0.00 0.00 0.00 0.00 0.00 0.00 0.00 0.00 0.00 0.00 0.00 0.00 0.00 0.00 0.00 0.00 0.00 0.00 0.00 0.00 0.00 0.00
3.13 0.80 0.80 2.42 2.43 2.43 3.15 3.15 3.15 2.43 2.43 3.15 2.61 2.43 2.43 2.43 2.43 2.43 2.43 0.80 2.38 2.38 3.08 3.08 2.38 2.38 0.78 0.78 2.38 2.38 2.61 0.78 0.78 3.08 2.61 2.61 2.99 2.53 2.53 2.99 2.99 0.00 0.00 0.00 0.00 0.00 0.00 0.00 0.00 0.00 0.00 0.00 0.00 0.00 0.00 0.00 0.00 0.00 0.00 0.00 0.00 0.00 0.00 0.00 0.00 0.00 0.00 0.00 0.00 0.00 0.00 0.00 0.00 0.00 0.00 0.00 0.00 0.00 0.00 0.00 0.00 0.00 0.00 0.00
