New_Model_Runs/10_Future_Present_Scn3_out/post_prcessed_with_MFR/Monthly_summaries/actual_et_monthly_APR.asc
NCOLS 700
NROWS 400
XLLCENTER 515000.000000
YLLCENTER 8409000.000000
CELLSIZE 50.000000
NODATA_value -999.000000
[rows 228 to 265 of 400, columns 168 to 251 of 700]
0.95 0.95 0.95 0.95 0.95 0.95 0.95 0.95 0.97 0.97 0.97 0.97 3.23 3.23 2.94 2.94 3.81 3.81 3.01 3.81 3.81 3.81 3.81 3.81 2.88 3.01 3.56 3.01 3.56 2.74 2.74 2.74 3.56 3.56 3.56 2.74 2.74 3.01 2.74 2.74 2.92 2.92 2.92 2.92 0.88 2.92 2.92 3.44 2.92 2.92 2.92 2.92 2.92 3.44 2.92 2.77 3.25 0.97 0.97 0.97 0.97 0.97 0.97 0.97 3.08 0.97 0.97 0.97 0.97 0.97 0.97 0.97 1.04 1.04 1.04 1.04 1.04 1.04 1.04 1.04 1.04 1.04 3.47 1.04
0.95 0.95 0.95 0.95 0.95 0.95 0.95 0.95 0.97 0.97 0.97 0.97 0.97 3.23 2.94 2.94 2.94 2.94 3.23 2.94 3.81 3.01 3.81 3.81 2.88 3.56 3.56 3.56 3.56 3.56 3.56 3.56 2.88 2.88 3.56 3.56 3.01 2.74 3.56 3.01 2.92 2.92 2.92 2.92 2.92 2.92 3.44 3.44 3.44 3.44 2.92 2.66 0.88 0.88 0.88 0.88 0.97 0.97 0.97 0.97 0.97 0.97 3.25 0.97 0.97 3.08 0.97 0.97 0.97 0.97 0.97 2.96 3.16 3.16 3.47 1.04 1.04 1.04 1.04 1.04 1.04 3.47 3.47 1.04
0.95 0.95 0.95 0.95 0.95 0.95 0.95 0.95 0.97 0.97 0.97 0.97 0.97 0.97 0.97 2.94 2.94 2.94 3.23 2.94 3.81 3.81 3.81 3.81 3.56 3.56 3.56 3.56 3.56 3.56 2.88 2.88 3.56 3.56 3.56 2.66 3.56 2.88 3.56 3.56 3.44 2.92 2.92 2.92 2.92 2.80 3.44 3.44 3.44 3.44 2.92 2.66 0.88 0.88 0.88 0.88 0.97 0.97 0.97 0.97 0.97 0.97 0.97 0.97 0.97 0.97 0.97 0.97 0.97 0.97 2.96 2.96 3.47 3.16 1.04 1.04 1.04 1.04 1.04 1.04 1.04 3.47 3.47 1.04
0.95 0.95 0.95 0.95 0.95 0.95 0.95 0.95 0.97 0.97 0.97 0.97 0.97 0.97 0.97 0.97 3.23 2.94 3.23 2.94 2.94 2.94 3.81 3.01 3.56 3.56 3.56 3.56 2.88 3.56 2.66 2.88 3.56 3.56 3.56 3.56 2.86 3.56 2.88 3.56 3.44 3.44 3.44 3.44 3.44 3.44 3.44 3.44 3.44 0.88 0.88 0.88 0.88 0.88 0.88 0.88 0.97 0.97 0.97 0.97 0.97 0.97 0.97 0.97 3.25 3.25 0.97 0.97 3.25 0.97 0.97 3.25 3.47 1.04 1.04 1.04 1.04 1.04 1.04 1.04 3.47 3.47 1.04 1.04
0.95 0.95 0.95 0.95 0.95 0.95 0.95 0.95 0.97 3.23 0.97 0.97 0.97 0.97 0.97 0.97 0.97 0.97 3.23 2.94 2.94 2.94 3.81 3.81 2.74 2.74 3.56 2.74 3.56 3.56 3.56 2.88 3.56 3.56 3.56 1.33 2.86 1.33 3.56 3.56 3.44 3.44 3.44 3.44 3.44 3.44 0.88 0.88 0.88 0.88 0.88 0.88 0.88 0.88 0.88 0.88 0.97 0.97 0.97 0.97 0.97 0.97 0.97 3.25 3.25 2.96 2.96 3.25 0.97 0.97 2.96 0.97 1.04 1.04 1.04 1.04 1.04 1.04 1.04 1.04 1.04 1.04 1.04 1.04
0.95 0.95 0.95 0.95 0.95 0.95 0.95 0.95 0.97 0.97 3.23 1.42 1.42 0.97 0.97 0.97 0.97 0.97 0.97 0.97 2.94 2.94 3.81 2.94 2.74 2.74 2.74 2.74 3.56 3.56 3.01 2.88 2.74 3.56 3.56 3.56 2.86 2.74 3.56 1.33 3.44 3.44 0.88 1.28 3.44 3.44 0.88 0.88 0.88 2.77 1.28 0.88 0.88 0.88 0.88 0.88 0.97 0.97 0.97 0.97 0.97 0.97 0.97 0.97 2.96 3.83 2.96 2.96 2.96 3.83 3.83 3.25 3.47 1.04 1.04 1.04 1.04 1.04 1.04 1.04 1.04 1.04 1.04 1.04
0.95 0.95 0.95 0.95 0.95 0.95 0.95 0.95 0.97 0.97 0.97 0.97 0.97 0.97 0.97 0.97 0.97 0.97 0.97 0.97 0.97 3.23 3.81 2.94 2.74 3.01 2.74 2.74 2.74 3.56 2.86 3.56 0.90 0.90 0.90 3.56 3.56 3.56 2.74 0.90 0.88 0.88 0.88 0.88 3.44 0.88 1.28 3.44 3.44 2.92 2.92 2.92 2.92 0.88 0.88 0.88 0.97 0.97 0.97 0.97 0.97 0.97 0.97 0.97 3.25 2.95 3.83 2.95 3.83 2.95 2.95 2.95 3.16 1.04 1.04 1.04 1.04 1.04 1.04 1.04 1.04 1.04 1.04 1.04
0.95 0.95 0.95 0.95 0.95 0.95 0.95 0.95 0.97 0.97 0.97 0.97 0.97 0.97 0.97 0.97 0.97 0.97 0.97 0.97 0.97 3.23 2.94 2.94 0.90 0.90 3.01 3.01 3.01 3.56 0.90 0.90 0.90 0.90 0.90 0.90 0.90 3.56 2.74 2.74 0.88 0.88 0.88 1.28 0.88 0.88 0.88 3.44 3.44 2.92 2.92 2.92 2.80 3.44 2.66 2.92 2.95 3.25 3.25 0.97 0.97 0.97 0.97 0.97 0.97 2.95 3.83 2.95 2.95 3.83 0.97 3.25 1.04 1.04 1.04 1.04 3.16 1.04 1.04 1.04 1.04 1.04 1.04 1.04
0.95 0.95 0.95 0.95 0.95 0.95 0.95 0.95 0.97 0.97 0.97 0.97 0.97 0.97 0.97 0.97 0.97 0.97 0.97 0.97 0.97 0.97 2.94 0.97 0.90 0.90 0.90 0.90 0.90 0.90 0.90 0.90 0.90 0.90 0.90 0.90 0.90 0.90 0.90 2.74 3.44 0.88 0.88 0.88 0.88 0.88 0.88 0.88 3.44 0.88 2.66 2.92 3.44 3.44 3.44 3.44 3.83 2.95 0.97 3.25 0.97 0.97 2.95 2.95 2.95 3.83 3.23 2.95 2.95 2.95 0.97 0.97 1.04 1.04 3.47 1.04 1.04 1.04 1.04 1.04 1.04 1.04 1.04 1.04
0.95 0.95 0.95 0.95 0.95 0.95 0.95 0.95 0.97 0.97 0.97 0.97 0.97 0.97 0.97 0.97 0.97 0.97 0.97 0.97 0.97 0.97 0.97 0.97 0.90 0.90 0.90 0.90 0.90 0.90 0.90 0.90 0.90 0.90 0.90 0.90 0.90 0.90 0.90 0.90 0.88 0.88 0.88 0.88 0.88 0.88 0.88 0.88 1.28 3.44 0.88 2.66 3.44 3.44 3.44 3.44 3.83 3.83 2.95 2.95 3.25 2.95 2.95 3.83 2.95 3.23 3.23 3.83 3.83 3.83 3.08 0.97 1.04 1.04 1.04 1.04 1.04 1.04 1.04 1.04 1.04 1.04 1.04 1.04
0.95 0.95 0.95 0.95 0.95 0.95 0.95 0.95 0.97 0.97 0.97 0.97 0.97 0.97 0.97 0.97 0.97 0.97 0.97 2.94 3.23 0.97 0.97 0.97 0.90 0.90 0.90 0.90 0.90 0.90 0.90 0.90 0.90 0.90 0.90 0.90 0.90 0.90 0.90 0.90 0.88 0.88 0.88 0.88 0.88 0.88 0.88 0.88 0.88 1.28 2.66 2.66 3.44 2.66 2.66 2.66 3.83 3.25 3.83 2.95 2.95 2.95 2.95 3.83 2.95 3.83 3.83 3.83 3.83 2.95 2.95 0.97 3.47 1.04 1.04 1.04 1.04 1.04 1.04 1.04 1.04 1.04 1.04 1.04
0.95 0.95 0.95 0.95 0.95 0.95 0.95 0.95 0.97 0.97 0.97 0.97 0.97 0.97 0.97 0.97 0.97 2.94 2.94 2.94 2.94 2.94 0.97 0.97 0.90 0.90 0.90 0.90 0.90 0.90 0.90 0.90 0.90 0.90 0.90 0.90 0.90 0.90 0.90 0.90 0.88 0.88 0.88 0.88 0.88 2.92 2.92 3.44 2.92 2.92 3.44 0.88 2.66 2.66 2.66 3.44 3.25 2.95 2.95 2.95 2.95 2.95 2.95 3.83 3.83 2.95 2.95 3.83 2.95 2.95 3.25 3.25 1.04 1.04 1.04 1.04 1.04 1.04 1.04 1.04 1.04 1.04 1.04 1.04
0.95 0.95 0.95 0.95 0.95 0.95 0.95 0.95 0.97 0.97 0.97 0.97 0.97 0.97 0.97 0.97 1.42 2.94 2.94 2.94 2.94 0.97 0.97 3.23 3.01 0.90 0.90 0.90 0.90 0.90 0.90 0.90 0.90 0.90 0.90 0.90 0.90 0.90 3.01 0.90 0.88 0.88 0.88 0.88 0.88 2.92 0.88 2.92 2.80 2.80 3.44 2.66 2.66 3.44 2.66 2.66 2.95 2.95 2.95 2.95 3.83 3.83 3.83 3.83 2.95 3.23 2.95 2.95 2.95 2.95 3.25 3.25 1.04 1.04 1.04 1.04 1.04 1.04 1.04 1.04 1.04 1.04 1.04 1.04
0.95 0.95 0.95 0.95 0.95 0.95 0.95 0.95 0.97 0.97 0.97 0.97 0.97 0.97 0.97 0.97 0.97 2.94 2.94 2.94 1.42 0.97 0.97 0.97 0.90 0.90 0.90 0.90 0.90 0.90 0.90 0.90 0.90 0.90 0.90 0.90 0.90 0.90 1.33 0.90 0.88 0.88 0.88 0.88 2.66 2.66 2.92 2.66 2.92 3.44 3.44 2.66 3.44 3.44 2.66 2.66 2.95 2.95 2.95 2.95 3.23 3.23 3.83 3.83 3.83 3.83 3.83 2.95 2.95 2.95 3.25 0.97 1.04 1.04 1.04 1.04 1.04 1.04 1.04 1.04 1.04 1.04 1.04 1.04
1.00 1.00 1.00 1.00 1.00 1.00 1.00 1.00 1.02 1.02 1.02 1.02 1.02 1.02 1.02 1.02 1.02 1.02 3.09 1.02 1.02 1.02 1.02 1.02 0.97 0.97 0.97 0.97 0.97 0.97 0.97 0.97 0.97 0.97 0.97 0.97 0.97 0.97 0.97 0.97 0.94 0.94 0.94 0.94 2.84 2.84 2.84 2.84 3.12 3.68 3.68 3.68 2.84 2.84 2.84 2.84 3.00 3.00 3.00 3.90 3.90 3.25 3.90 3.90 3.90 3.90 3.00 3.00 3.00 3.00 3.30 0.99 1.07 1.07 1.07 1.07 1.07 1.07 1.07 1.07 1.07 1.07 1.07 1.07
1.00 1.00 1.00 1.00 1.00 1.00 1.00 1.00 1.02 1.02 1.02 1.02 1.02 1.02 1.02 1.02 1.02 1.02 1.02 1.02 1.02 1.02 1.02 1.02 0.97 0.97 0.97 0.97 0.97 0.97 0.97 0.97 0.97 0.97 0.97 0.97 0.97 0.97 0.97 0.97 0.94 0.94 0.94 2.84 2.84 2.84 2.84 2.84 2.84 0.94 0.94 2.84 2.84 2.84 2.84 3.12 3.30 3.30 3.00 3.00 3.90 3.90 3.90 3.90 3.90 3.90 3.00 3.00 3.00 3.00 0.99 0.99 1.07 1.07 1.07 1.07 1.07 1.07 1.07 3.55 1.07 1.07 1.07 1.07
1.00 1.00 1.00 1.00 1.00 1.00 1.00 1.00 1.02 1.02 1.02 1.02 1.02 1.02 1.02 1.02 1.02 1.02 1.02 1.02 1.02 1.02 1.02 1.02 0.97 0.97 0.97 0.97 0.97 0.97 0.97 0.97 0.97 0.97 0.97 0.97 0.97 0.97 0.97 0.97 0.94 0.94 0.94 3.12 2.84 2.84 3.68 1.37 0.94 0.94 0.94 0.94 0.94 3.68 2.84 2.84 3.30 3.00 3.30 3.30 3.90 3.90 3.00 3.00 3.90 3.00 3.00 3.00 3.00 3.00 0.99 0.99 1.07 1.07 1.07 1.07 1.07 1.07 3.55 3.55 1.07 1.07 1.07 1.07
1.00 1.00 1.00 1.00 1.00 1.00 1.00 1.00 1.02 1.02 1.02 1.02 1.02 1.02 1.02 1.02 1.02 1.02 1.02 1.02 1.02 1.02 1.02 1.02 0.97 0.97 0.97 0.97 0.97 0.97 0.97 0.97 0.97 0.97 0.97 0.97 0.97 0.97 0.97 1.42 0.94 0.94 0.94 3.12 2.84 3.68 0.94 0.94 0.94 3.68 0.94 0.94 2.94 3.68 2.84 2.84 3.00 3.00 3.00 3.90 3.90 3.90 3.00 3.00 3.00 3.00 3.00 3.00 3.00 0.99 0.99 3.90 1.07 1.07 1.07 1.07 1.07 3.55 3.55 3.55 1.07 1.07 1.07 1.07
1.00 1.00 1.00 1.00 1.00 1.00 1.00 1.00 1.02 1.02 1.02 3.09 1.02 1.02 1.02 1.02 1.02 3.40 3.40 1.02 1.02 1.02 1.02 1.02 0.97 0.97 0.97 0.97 0.97 0.97 0.97 0.97 0.97 0.97 0.97 0.97 0.97 0.97 0.97 0.97 0.94 0.94 0.94 0.94 2.84 0.94 0.94 3.68 3.68 3.68 3.68 0.94 3.68 3.68 3.16 3.12 3.30 3.00 3.90 3.90 3.90 3.90 3.90 3.90 3.00 3.90 3.00 3.00 3.30 3.00 3.90 3.90 4.19 4.19 1.07 1.07 1.07 1.07 1.07 1.07 1.07 1.07 1.07 1.07
1.00 1.00 1.00 1.00 1.00 1.00 1.00 1.00 1.02 1.02 1.02 3.09 3.09 1.02 1.02 1.02 1.02 3.40 1.02 1.02 1.02 1.02 1.02 1.02 0.97 0.97 0.97 0.97 0.97 0.97 0.97 0.97 0.97 0.97 0.97 0.97 0.97 0.97 0.97 0.97 0.94 0.94 0.94 3.12 2.84 0.94 1.37 3.68 3.68 3.68 0.94 0.94 3.68 2.94 1.37 0.94 3.30 3.30 3.00 3.00 3.00 3.00 3.25 3.90 3.90 3.00 3.00 3.00 0.99 3.00 3.00 3.90 1.07 1.07 1.07 1.07 3.23 1.07 1.07 1.07 1.07 1.07 1.07 1.07
1.00 1.00 1.00 1.00 1.00 1.00 1.00 1.00 1.02 1.02 1.50 3.40 1.02 1.02 1.02 1.02 3.40 3.40 1.02 1.02 1.02 1.02 1.02 1.02 0.97 0.97 0.97 0.97 0.97 0.97 0.97 0.97 0.97 0.97 0.97 0.97 0.97 0.97 0.97 0.97 0.94 0.94 0.94 0.94 0.94 0.94 0.94 3.68 3.68 3.68 0.94 0.94 3.68 3.12 3.12 3.12 3.30 3.00 3.00 3.00 3.90 3.90 3.25 3.25 3.90 3.90 3.90 3.00 3.90 3.90 3.00 3.00 3.23 1.07 1.07 3.23 4.19 3.23 3.23 3.55 1.07 1.07 1.07 1.07
1.00 1.00 1.00 1.00 1.00 1.00 1.00 1.00 1.02 1.02 3.40 3.40 1.02 1.02 1.02 1.02 1.50 3.40 4.01 1.02 1.02 1.02 1.02 1.02 0.97 0.97 0.97 0.97 0.97 0.97 0.97 0.97 0.97 0.97 0.97 0.97 0.97 0.97 0.97 0.97 0.94 3.68 3.68 3.68 0.94 0.94 3.68 3.68 3.68 3.68 1.37 0.94 3.68 3.12 2.84 2.84 3.00 3.00 3.00 3.00 3.90 3.90 3.25 3.90 3.00 3.00 3.90 3.00 3.00 3.00 3.00 3.00 3.55 4.19 1.07 4.19 4.19 4.19 3.23 3.23 3.23 1.07 1.07 4.19
1.00 1.00 1.00 1.00 1.00 1.00 1.00 1.00 1.02 1.02 1.02 1.50 1.50 1.02 1.02 3.40 1.02 1.02 1.50 1.50 1.02 1.02 1.02 1.02 0.97 0.97 0.97 0.97 0.97 0.97 0.97 0.97 0.97 0.97 0.97 0.97 0.97 0.97 0.97 0.97 0.94 3.68 3.68 3.68 3.68 3.68 3.68 3.68 3.68 3.68 0.94 0.94 1.37 3.12 2.84 2.84 3.90 3.00 3.00 3.90 3.90 3.90 3.90 3.90 3.00 3.00 3.30 3.00 3.00 3.00 3.00 3.00 3.55 4.19 1.07 4.19 4.19 4.19 4.19 4.19 4.19 4.19 4.19 4.19
1.00 1.00 1.00 1.00 1.00 1.00 1.00 1.00 1.02 1.02 1.02 1.50 1.50 1.02 3.40 1.50 1.02 1.50 1.50 1.50 1.02 1.02 1.02 1.02 0.97 0.97 0.97 0.97 0.97 0.97 0.97 0.97 0.97 0.97 0.97 0.97 0.97 0.97 0.97 0.97 0.94 3.68 3.68 3.68 3.68 3.68 3.68 3.68 3.68 0.94 0.94 2.84 3.12 3.12 2.84 3.68 3.00 3.00 3.90 3.90 3.25 3.90 3.00 3.00 3.90 3.90 3.30 3.30 3.30 3.30 3.00 3.00 3.23 1.07 3.23 4.19 4.19 4.19 4.19 4.19 4.19 4.19 4.19 3.37
1.00 1.00 1.00 1.00 1.00 1.00 1.00 1.00 1.02 1.02 1.02 1.02 1.02 1.02 3.09 1.02 1.02 1.50 1.50 1.02 1.02 1.02 1.02 1.02 0.97 0.97 0.97 0.97 0.97 0.97 0.97 0.97 0.97 0.97 0.97 0.97 0.97 0.97 0.97 0.97 0.94 3.68 3.68 3.68 3.68 3.68 3.68 3.68 0.94 0.94 0.94 1.37 1.37 3.12 2.84 2.84 3.00 3.00 3.00 3.90 3.90 3.90 3.90 3.90 3.90 3.90 3.30 3.00 3.00 3.30 3.00 3.00 3.23 3.55 3.55 3.55 4.19 4.19 4.19 4.19 4.19 3.37 3.37 4.19
1.00 1.00 1.00 1.00 1.00 1.00 1.00 1.00 1.02 1.02 1.02 1.02 1.50 3.09 3.09 3.23 1.50 1.50 1.50 1.02 1.02 1.02 1.02 1.02 0.97 0.97 0.97 0.97 0.97 0.97 0.97 0.97 0.97 0.97 0.97 0.97 0.97 0.97 0.97 0.97 0.94 0.94 3.68 3.68 3.68 2.84 0.94 2.84 0.94 0.94 2.84 2.84 2.84 3.68 3.68 2.84 3.30 3.00 3.00 3.00 3.90 3.25 3.90 3.00 3.00 3.00 3.00 3.00 3.00 3.30 3.00 3.00 3.23 3.23 4.19 4.19 4.19 4.19 4.19 4.19 4.19 3.37 3.37 3.37
1.00 1.00 1.00 1.00 1.00 1.00 1.00 1.00 1.02 1.02 1.02 1.02 1.50 3.40 3.40 3.40 1.50 1.02 1.02 1.02 1.02 1.02 1.02 1.02 0.97 0.97 0.97 0.97 0.97 0.97 0.97 0.97 0.97 0.97 0.97 0.97 0.97 0.97 0.97 0.97 0.94 0.94 3.68 3.68 0.94 0.94 0.94 0.94 0.94 0.94 2.84 2.84 2.84 2.84 2.84 2.84 3.00 3.00 3.00 3.90 3.90 3.90 3.90 3.90 3.90 3.90 3.90 3.00 3.00 3.30 3.00 3.00 3.23 3.23 4.19 4.19 3.23 3.23 4.19 4.19 4.19 4.19 4.19 3.37
3.91 1.00 1.00 1.00 1.00 1.00 1.00 1.00 1.02 1.02 1.02 1.02 1.50 3.40 3.40 3.40 3.09 1.50 1.02 1.02 1.02 1.02 1.02 1.02 0.97 0.97 0.97 0.97 0.97 0.97 0.97 0.97 0.97 0.97 0.97 0.97 0.97 0.97 0.97 0.97 0.94 0.94 3.68 3.68 2.84 0.94 0.94 0.94 0.94 2.84 2.84 2.84 2.84 2.84 2.84 2.84 3.00 3.90 3.00 3.90 3.25 3.90 3.25 3.90 3.90 3.90 3.25 3.90 3.90 3.30 3.30 3.00 3.23 4.19 4.19 4.19 3.23 4.19 4.19 4.19 3.37 4.19 4.19 4.19
3.91 1.00 1.00 1.00 1.00 1.00 1.00 1.00 1.02 1.02 1.02 3.09 4.01 3.40 3.40 3.09 3.09 3.09 1.02 1.02 1.02 1.02 1.02 1.02 0.97 0.97 0.97 0.97 0.97 0.97 0.97 0.97 0.97 0.97 0.97 0.97 0.97 0.97 0.97 0.97 0.94 0.94 0.94 0.94 0.94 0.94 0.94 0.94 2.84 2.84 2.84 2.84 2.84 3.12 2.84 2.84 3.90 3.00 3.00 3.90 3.90 3.90 3.90 3.90 3.90 3.00 3.00 3.00 3.90 3.30 3.30 3.00 4.19 4.19 4.19 4.19 3.23 3.23 3.23 4.19 3.37 4.19 4.19 4.19
1.00 1.00 1.00 1.00 1.00 1.00 1.00 1.00 1.02 1.02 1.02 3.09 3.40 3.40 3.40 3.09 3.09 3.09 1.02 1.02 1.02 1.02 1.02 1.02 0.97 0.97 0.97 0.97 0.97 0.97 0.97 0.97 0.97 0.97 0.97 0.97 0.97 0.97 0.97 0.97 0.94 0.94 0.94 0.94 0.94 0.94 0.94 0.94 2.84 2.84 2.84 2.84 2.84 2.84 2.84 3.68 3.90 3.90 3.90 3.90 3.90 3.90 3.90 3.90 3.90 3.90 3.00 3.00 3.00 3.00 3.00 3.00 4.19 4.19 4.19 4.19 3.23 3.23 3.23 4.19 4.19 4.19 4.19 4.19
4.26 3.28 1.08 1.08 1.08 1.08 1.08 1.08 1.13 1.13 1.13 3.42 3.42 3.57 1.13 1.13 1.13 1.13 1.13 1.13 1.13 1.13 1.13 1.13 1.02 1.02 1.02 1.02 1.02 1.02 1.02 1.02 1.02 1.02 1.02 1.02 1.02 1.02 1.02 1.02 1.09 1.09 1.09 1.09 1.09 1.09 1.09 3.62 3.29 3.29 3.29 3.62 3.29 4.27 3.29 4.27 4.03 4.03 4.03 3.10 3.10 3.10 3.10 4.03 4.03 4.03 3.10 3.10 3.10 3.10 3.10 3.10 3.29 3.29 3.29 3.29 3.29 3.29 4.27 4.27 4.27 4.27 4.27 4.27
4.26 4.26 4.26 1.08 1.08 1.08 1.08 1.08 1.13 1.13 1.13 1.13 1.13 1.13 1.13 1.13 1.13 1.13 1.13 1.13 1.13 1.13 1.13 1.13 1.02 1.02 1.02 1.02 1.02 1.02 1.02 1.02 1.02 1.02 1.02 1.02 1.02 1.02 1.02 1.02 1.09 1.09 1.09 1.09 1.09 1.09 1.09 1.09 3.29 3.29 3.29 3.29 3.29 3.29 3.29 4.27 4.03 3.10 3.10 3.10 3.10 3.10 3.10 3.10 4.03 4.03 3.10 3.10 3.10 3.10 3.10 3.10 3.29 4.27 3.29 4.27 4.27 4.27 4.27 4.27 3.36 4.27 4.27 3.29
1.08 1.08 1.08 1.08 1.08 1.08 1.08 1.08 1.13 1.13 1.13 1.13 1.13 1.13 1.13 1.13 1.13 1.13 1.13 1.13 1.13 1.13 1.13 1.13 1.02 1.02 1.02 1.02 1.02 1.02 1.02 1.02 1.02 1.02 1.02 1.02 1.02 1.02 1.02 1.02 1.09 1.09 1.09 1.09 1.09 1.59 1.09 1.09 1.09 3.62 3.62 3.62 3.29 4.27 3.29 3.29 3.10 3.10 3.10 3.10 3.10 3.10 3.10 3.10 4.03 4.03 4.03 3.10 3.10 3.10 3.10 3.10 3.29 3.29 4.27 3.62 3.29 3.29 4.27 4.27 4.27 4.27 3.29 3.29
1.08 4.26 4.26 3.28 1.08 1.08 1.08 1.08 1.13 1.13 1.13 1.13 1.13 1.65 1.13 1.13 1.13 1.13 1.13 1.13 1.13 1.13 1.13 1.13 1.02 1.02 1.02 1.02 1.02 1.02 1.02 1.02 1.02 1.02 1.02 1.02 1.02 1.02 1.02 1.02 1.09 1.09 1.09 1.09 1.09 1.09 1.09 1.09 1.09 1.09 1.09 1.09 1.09 4.27 4.27 4.27 3.10 4.03 3.10 3.10 3.10 3.10 3.10 3.10 4.03 4.03 4.03 3.10 3.10 3.10 3.10 3.10 3.29 3.29 3.62 3.62 3.29 4.27 4.27 4.27 4.27 3.29 3.29 3.29
3.28 3.28 3.28 3.28 1.08 1.08 1.08 1.08 1.13 1.13 1.13 1.13 1.65 1.65 1.13 1.13 1.13 1.13 1.13 1.13 1.13 1.13 1.13 1.13 1.02 1.02 1.02 1.02 1.02 1.02 1.02 1.02 1.02 1.02 1.02 1.02 1.02 1.02 1.02 1.02 1.09 1.09 1.09 1.09 1.09 1.09 1.09 1.09 1.09 1.09 1.09 1.09 1.09 3.29 3.29 4.27 3.10 4.03 3.10 3.10 3.10 3.10 3.10 3.10 4.03 4.03 4.03 3.10 3.10 3.10 3.10 4.03 3.29 3.62 3.62 3.29 3.29 3.29 4.27 3.36 4.27 3.29 3.29 3.29
3.28 3.28 3.28 1.08 1.08 1.08 1.08 1.08 1.13 1.13 1.13 3.57 1.13 1.13 1.13 1.13 1.13 1.13 1.13 1.13 1.13 1.13 1.13 1.13 1.02 1.02 1.02 1.02 1.02 1.02 1.02 1.02 1.02 1.02 1.02 1.02 1.02 1.02 1.02 1.02 1.09 1.09 1.09 1.09 1.09 1.09 1.59 1.59 1.59 1.59 1.09 1.09 1.09 3.29 3.29 3.29 3.10 3.10 3.10 3.10 4.03 4.03 4.03 3.10 3.10 4.03 4.03 3.10 3.10 3.10 4.03 4.03 4.27 4.27 3.62 4.27 3.29 4.27 4.27 4.27 4.27 4.27 4.27 3.29
3.28 3.28 3.28 1.08 1.08 1.08 1.08 1.08 1.13 1.13 1.13 1.13 1.13 1.13 1.13 1.13 1.13 1.13 1.13 1.13 1.13 1.13 1.13 1.13 1.02 1.02 1.02 1.02 1.02 1.02 1.02 1.02 1.02 1.02 1.02 1.02 1.02 1.02 1.02 1.02 1.09 1.09 1.09 1.09 1.09 1.09 1.09 3.29 3.29 3.29 1.09 3.62 3.62 3.29 3.62 3.62 3.41 3.10 4.03 4.03 4.03 3.10 3.10 3.10 3.10 4.03 4.03 3.10 4.03 4.03 4.03 3.10 4.27 4.27 3.29 4.27 4.27 4.27 4.27 4.27 3.29 4.27 4.27 3.29
3.28 3.28 3.28 4.26 3.28 1.08 1.08 1.08 1.13 1.13 1.13 1.13 1.13 1.13 1.13 1.13 1.13 1.13 1.13 1.13 1.13 1.13 1.13 1.13 1.02 1.02 1.02 1.02 1.02 1.02 1.02 1.02 1.02 1.02 1.02 1.02 1.02 1.02 1.02 1.02 1.09 1.09 1.09 3.62 1.09 1.09 1.09 3.62 3.29 3.29 3.62 3.62 3.29 3.62 3.62 3.62 3.41 3.10 3.10 4.03 4.03 3.10 3.10 3.10 3.10 3.10 4.03 3.10 4.03 4.03 3.10 3.10 3.29 3.29 3.29 4.27 4.27 4.27 4.27 4.27 3.29 3.29 4.27 3.29
