New_Model_Runs/10_Future_Present_Scn3_out/post_prcessed_with_MFR/Monthly_summaries/actual_et_monthly_FEB.asc
NCOLS 700
NROWS 400
XLLCENTER 515000.000000
YLLCENTER 8409000.000000
CELLSIZE 50.000000
NODATA_value -999.000000
[rows 304 to 341 of 400, columns 168 to 251 of 700]
4.92 4.92 3.91 4.92 4.92 4.92 5.01 4.92 4.93 3.91 3.91 5.02 3.91 3.91 4.29 3.91 3.91 4.29 4.99 3.91 4.99 1.29 1.29 3.91 3.97 3.97 3.97 5.05 5.05 3.97 3.97 3.97 4.35 4.35 4.35 4.35 3.97 5.14 5.05 5.05 4.04 4.04 4.04 5.21 5.10 5.10 5.10 5.10 5.21 5.21 5.21 5.21 4.04 1.33 5.21 5.10 4.92 5.00 5.00 5.00 5.00 3.86 4.23 3.86 3.86 3.86 3.86 3.86 3.86 5.00 4.92 4.92 4.94 4.94 5.07 4.94 3.17 4.96 4.75 3.95 3.95 3.95 3.95 3.95
5.01 4.92 3.91 5.01 4.92 4.92 4.92 4.92 4.93 3.91 3.91 5.02 5.02 3.91 3.91 3.91 4.29 4.99 4.99 5.06 3.91 1.29 4.29 3.91 3.97 3.97 5.14 5.14 5.05 3.97 3.97 1.31 1.31 1.31 4.35 1.31 4.35 5.05 5.14 3.97 4.04 4.04 4.04 4.04 5.21 5.21 5.21 5.21 3.27 5.21 5.21 5.21 5.21 4.04 5.21 5.21 4.92 5.00 5.00 5.00 4.92 5.00 3.86 3.86 3.86 3.86 3.86 3.86 3.86 4.92 5.00 3.86 3.95 5.07 3.95 3.95 3.17 4.96 3.95 3.95 4.96 3.95 3.95 3.95
3.88 4.97 4.88 3.88 4.97 3.88 3.67 3.67 5.02 3.92 3.92 3.92 3.92 3.92 4.29 3.92 3.92 3.92 5.07 4.96 3.92 1.29 3.92 3.92 3.99 3.99 5.13 5.00 3.99 3.99 5.00 1.31 1.31 1.31 1.31 1.31 1.31 1.31 3.99 4.34 4.02 4.02 4.02 5.15 5.15 5.00 5.15 5.15 5.15 5.15 5.15 5.15 5.00 3.21 5.15 5.15 3.16 5.07 5.07 3.16 3.16 5.07 4.28 3.97 4.92 3.97 4.92 4.92 3.16 5.07 5.07 3.97 3.97 3.97 3.97 5.04 5.04 3.97 3.97 3.97 3.97 4.88 4.88 3.97
4.87 4.87 4.97 3.67 4.97 4.97 4.97 3.67 4.92 4.92 3.92 3.92 3.92 3.92 3.92 4.96 3.92 3.92 3.92 3.92 3.92 3.92 3.92 3.92 3.99 5.13 5.13 3.99 5.13 5.13 1.31 1.31 1.31 1.31 1.31 1.31 1.31 1.31 1.31 1.31 1.32 5.00 4.02 4.02 4.02 4.02 4.02 5.15 5.15 4.02 5.15 5.15 5.15 5.15 3.21 5.15 3.16 5.07 5.07 3.97 5.07 5.07 4.92 4.92 5.07 3.97 5.07 4.92 4.92 4.92 3.97 3.97 3.97 4.87 5.04 5.04 5.04 3.97 4.65 4.88 4.88 4.88 4.88 3.97
3.88 4.97 4.97 4.97 4.97 3.88 4.88 3.67 3.70 5.02 4.92 4.92 3.92 3.92 3.92 3.92 3.92 3.92 3.92 3.92 3.92 3.92 3.92 3.92 3.99 5.13 3.99 3.99 3.99 1.31 1.31 1.31 3.99 3.99 4.34 5.13 1.31 1.31 5.00 5.00 5.00 5.00 5.00 4.02 4.02 4.02 4.02 4.02 5.15 4.35 5.15 5.15 3.21 3.21 5.15 5.15 5.07 3.97 3.97 3.97 4.92 3.97 3.97 3.97 5.07 3.97 3.97 3.97 3.97 3.97 3.97 3.97 4.87 3.97 3.97 5.04 5.04 4.87 4.88 4.65 4.65 4.88 3.97 3.97
3.88 4.97 4.87 4.97 3.88 4.97 4.97 4.97 3.70 5.02 4.92 3.92 3.92 3.92 3.92 4.96 4.29 3.92 3.92 3.92 4.96 3.92 3.92 4.96 3.99 3.99 5.00 5.13 3.99 1.31 1.31 1.31 4.34 3.99 3.99 3.99 4.34 1.31 1.31 5.00 4.02 4.02 4.02 4.02 4.02 4.02 4.02 4.02 4.02 4.02 4.02 5.00 3.21 1.32 5.15 4.02 3.97 3.97 3.97 3.97 3.97 3.97 3.97 3.97 3.97 3.97 3.97 3.97 3.97 1.31 1.31 4.93 4.65 3.97 3.97 3.97 3.97 4.65 4.65 3.97 4.88 4.88 4.88 4.65
3.88 4.97 4.87 4.87 4.97 3.88 3.88 4.97 5.02 5.02 5.02 5.02 3.92 5.07 3.92 3.92 3.92 1.29 1.29 3.92 3.92 3.92 5.07 5.07 3.99 5.13 5.13 5.13 3.99 3.99 1.31 1.31 3.99 3.99 3.99 3.99 4.34 5.00 5.00 1.31 1.32 1.32 4.02 4.02 4.02 4.35 4.35 4.02 5.15 4.02 4.02 4.02 4.02 1.32 1.32 1.32 1.31 1.31 3.97 3.97 3.97 3.97 3.97 3.97 4.93 4.71 3.97 3.97 3.97 1.31 3.97 3.97 3.97 3.97 3.97 3.97 3.97 3.97 1.31 3.97 3.97 3.97 3.97 3.97
4.97 4.87 3.88 4.87 4.97 4.97 3.88 4.87 5.02 3.70 3.70 5.02 3.92 3.92 3.92 4.29 3.92 3.92 1.29 3.92 3.92 3.92 5.07 5.07 3.99 3.99 5.13 3.99 3.99 3.99 1.31 1.31 1.31 3.99 1.31 1.31 1.31 4.34 1.31 1.31 1.32 1.32 1.32 1.32 1.32 4.02 4.35 4.02 4.02 4.02 4.02 4.02 4.02 1.32 1.32 1.32 3.97 1.31 1.31 3.97 3.97 3.97 3.97 3.97 3.97 3.97 3.97 3.97 3.97 1.31 3.97 3.97 1.31 1.31 3.97 3.97 3.97 1.31 1.31 3.97 3.97 3.97 3.97 3.97
4.18 3.88 3.88 3.88 3.67 4.97 4.87 4.87 4.22 5.02 3.70 5.02 5.07 5.07 3.92 3.92 3.92 3.92 3.92 3.92 3.92 5.07 5.07 3.92 3.99 3.99 3.99 3.99 3.99 3.99 3.99 1.31 4.34 1.31 1.31 1.31 1.31 1.31 1.31 1.31 1.32 1.94 1.32 1.32 1.32 4.35 4.02 4.02 4.35 4.02 4.02 1.32 1.32 1.32 1.32 1.32 3.97 3.97 1.31 3.97 3.97 3.97 5.15 5.15 3.97 3.97 3.97 1.31 1.31 3.97 3.97 3.97 1.31 3.97 3.97 3.97 3.97 3.97 3.97 3.97 4.65 4.65 3.97 3.97
3.88 3.88 4.97 4.97 4.97 4.97 4.97 4.97 5.02 5.02 5.02 5.02 4.96 3.92 3.92 3.92 3.92 3.92 3.92 3.92 3.92 4.96 3.92 3.92 5.00 3.99 3.99 3.99 3.99 3.99 3.99 4.34 4.34 1.31 1.31 1.31 1.31 1.31 1.31 4.34 4.35 4.35 4.35 1.32 4.02 4.35 4.35 4.35 4.02 4.02 4.02 4.02 4.02 1.94 1.32 1.32 3.97 3.97 1.31 5.13 5.13 5.13 5.13 5.13 5.13 5.13 1.31 1.31 1.31 3.97 3.97 3.97 3.97 3.97 3.97 1.31 1.31 1.31 3.97 3.97 4.65 4.88 3.97 3.97
4.87 4.97 4.87 4.97 3.88 3.88 3.88 3.88 3.92 5.02 3.92 4.09 4.96 1.29 3.92 3.92 3.92 4.96 4.96 3.92 3.92 5.07 3.92 3.92 3.99 3.99 4.34 4.34 3.99 4.34 4.34 4.34 4.34 1.31 1.31 4.34 4.34 4.34 4.34 3.99 1.32 1.32 4.02 4.02 4.02 4.35 4.02 4.02 4.02 4.02 4.02 4.02 4.02 4.02 4.02 1.32 3.97 1.31 1.31 5.13 5.13 5.13 5.13 5.13 5.13 5.13 1.31 5.13 5.13 1.31 3.97 1.31 1.31 3.97 3.97 3.97 1.31 1.31 1.31 3.97 3.97 3.97 3.97 3.97
4.87 4.97 4.97 3.88 3.88 3.88 3.88 3.88 5.02 5.02 3.92 4.09 4.96 5.07 3.92 3.92 3.92 5.07 4.96 5.07 5.07 5.07 5.07 3.92 5.00 3.99 4.34 3.99 3.99 3.99 4.34 4.34 4.34 3.99 3.99 3.99 3.99 4.34 4.34 4.34 4.02 1.32 4.35 4.02 4.02 4.35 4.35 4.02 4.02 4.02 4.02 4.02 4.02 4.02 4.02 1.32 3.97 3.97 1.31 1.31 1.31 1.31 1.31 1.31 1.31 1.31 4.14 5.13 5.13 1.31 1.31 1.92 3.97 3.97 3.97 3.97 4.65 3.97 1.31 3.97 3.97 3.97 3.97 4.12
4.97 3.88 3.88 4.97 3.88 3.88 3.88 4.87 4.92 5.02 5.02 4.96 5.07 5.07 4.96 3.92 4.96 3.92 5.07 5.07 3.19 3.92 3.92 4.96 5.00 3.99 3.99 3.99 3.99 4.34 4.34 4.34 3.99 3.99 3.99 3.99 3.99 4.34 4.34 3.99 4.35 4.35 4.02 4.35 4.02 4.02 4.35 4.35 4.02 5.15 5.00 4.02 4.02 1.32 1.32 1.32 3.97 3.97 1.31 1.31 1.31 1.31 1.31 1.31 1.31 1.31 1.31 1.31 1.31 5.13 5.13 5.13 1.92 1.31 3.97 3.97 4.88 3.97 3.97 3.97 3.97 3.97 3.97 3.97
4.97 3.88 4.87 4.87 3.88 3.88 3.88 4.87 4.92 5.02 5.02 5.07 5.07 5.07 3.92 5.07 5.07 5.07 4.96 5.07 5.07 3.92 3.92 3.92 5.00 3.99 3.99 3.99 4.34 4.34 4.34 4.34 3.99 1.31 1.31 1.31 1.31 4.34 1.31 1.31 1.32 1.32 4.02 4.35 4.35 4.35 4.35 4.35 5.15 4.02 5.15 4.02 1.32 1.32 1.32 1.32 3.97 1.31 1.92 1.31 1.31 1.31 1.31 1.31 1.31 1.31 1.31 1.31 1.31 1.31 4.14 5.13 5.12 5.15 3.97 3.97 4.88 4.88 3.97 4.12 3.97 3.97 4.88 3.97
3.88 3.88 4.87 4.97 3.88 3.88 4.97 4.87 4.22 5.02 4.92 3.19 5.07 4.96 4.96 4.96 5.07 3.92 3.92 5.07 3.92 3.92 3.92 3.92 3.99 3.99 3.99 1.31 1.31 4.34 4.34 4.34 4.34 1.31 1.31 1.31 1.31 1.31 1.31 1.31 4.02 4.02 4.02 4.02 4.02 4.35 4.20 4.20 4.02 4.02 4.02 4.02 1.32 4.02 4.35 4.02 1.31 1.31 1.31 1.31 1.31 1.31 1.31 1.31 1.31 1.31 1.31 1.31 1.31 1.31 1.31 1.31 5.12 1.31 1.31 1.31 3.97 3.97 3.97 3.97 3.97 3.97 3.97 3.97
4.97 4.97 3.67 4.87 4.97 4.97 4.97 4.97 4.22 3.92 3.92 3.92 3.92 4.96 4.96 4.96 4.96 3.92 3.19 5.07 5.07 5.07 4.29 4.29 3.99 3.99 3.99 1.31 1.31 4.34 4.34 4.34 4.34 1.31 1.31 1.31 1.31 1.31 1.31 3.99 4.02 4.02 4.20 1.32 1.32 1.32 4.20 4.20 4.35 4.35 5.15 5.00 1.32 4.02 4.42 1.94 1.31 1.31 1.31 1.31 1.31 1.31 1.31 4.36 1.31 1.31 1.31 1.31 1.31 1.31 1.31 1.92 1.31 1.31 1.31 1.31 1.31 3.97 3.97 3.97 4.12 3.97 3.97 3.97
4.97 4.97 4.87 4.97 4.87 4.87 3.88 3.88 3.92 3.92 3.92 3.92 4.96 1.29 4.96 4.96 3.92 5.07 3.19 5.07 4.96 5.07 4.29 4.29 3.99 3.99 1.31 1.31 3.99 4.34 3.99 4.34 3.99 1.31 1.31 4.34 4.34 1.31 4.34 4.34 4.35 4.35 4.35 1.32 1.94 4.20 5.15 5.15 5.15 5.15 5.00 5.00 1.32 1.94 1.32 1.32 1.31 1.31 1.31 1.31 1.31 1.31 4.36 1.31 1.31 1.31 1.31 1.31 1.31 1.31 1.31 1.31 1.31 1.31 1.31 1.31 1.31 3.97 3.97 3.97 4.12 3.97 3.97 3.97
4.97 3.67 4.87 3.88 3.88 3.88 4.18 3.88 3.92 4.22 4.96 3.92 3.92 1.29 4.96 4.96 4.96 3.92 4.96 5.07 1.29 3.92 3.92 3.92 3.99 3.99 3.99 4.34 4.34 4.34 3.99 3.99 3.99 3.99 4.34 4.34 4.34 4.34 4.34 3.99 4.02 4.35 4.35 5.00 5.00 5.00 5.00 5.00 5.15 5.15 1.32 1.32 1.32 1.32 1.32 1.32 1.92 1.31 1.31 1.31 1.31 1.92 4.28 1.31 1.31 1.31 1.31 1.31 1.31 1.31 1.31 1.31 1.31 3.97 3.97 3.97 3.97 3.97 3.97 1.31 3.97 3.97 3.97 3.97
3.30 3.30 3.30 2.55 3.30 3.30 2.58 3.30 4.92 3.85 3.85 3.85 3.85 3.10 4.94 4.81 4.94 3.85 4.81 1.27 1.27 4.18 4.18 4.18 4.24 3.93 3.93 3.93 3.93 4.24 4.24 3.93 1.30 3.93 4.24 4.24 4.24 4.11 3.93 3.93 3.87 3.87 3.87 4.79 4.79 4.79 4.79 4.04 4.04 4.04 4.94 4.04 4.79 1.28 1.28 1.28 1.31 1.31 1.31 1.31 1.31 1.31 1.31 1.31 1.31 1.31 1.31 1.31 1.31 1.31 1.31 1.31 1.34 1.34 1.34 4.00 4.00 4.00 4.00 4.00 1.34 1.34 1.34 1.34
3.30 3.30 2.55 2.55 2.58 3.30 2.80 2.66 3.85 3.85 3.85 3.85 3.85 4.94 4.94 4.81 4.81 3.85 4.81 1.27 1.27 4.18 4.18 4.18 3.93 3.93 3.93 3.93 3.93 3.93 1.30 1.30 1.30 4.24 4.24 4.24 1.90 4.11 4.11 1.90 4.18 3.87 3.87 4.18 4.18 4.18 4.04 4.04 4.04 4.04 4.94 4.79 4.79 1.28 1.28 1.28 1.31 1.31 1.31 1.31 1.31 1.31 4.22 3.96 1.31 1.31 1.31 1.31 1.92 4.35 1.31 1.31 1.34 1.34 1.34 1.34 4.00 4.00 4.00 4.00 1.34 1.34 1.34 1.34
3.30 2.58 2.55 2.55 2.55 2.55 2.80 2.80 4.82 4.82 3.85 3.85 3.85 4.81 4.81 4.94 4.81 4.94 4.81 4.81 4.94 4.18 4.18 4.18 3.93 3.93 3.93 3.93 3.93 1.30 1.30 1.30 1.30 1.30 4.24 4.24 3.93 3.93 4.24 4.24 4.18 4.18 4.18 4.18 3.87 4.18 4.18 4.18 4.18 4.18 4.18 4.79 4.79 1.28 1.28 1.28 1.31 1.31 1.31 1.31 1.31 1.31 1.31 1.31 1.31 4.22 4.22 3.96 4.35 4.35 1.31 1.31 1.34 1.34 1.34 4.00 1.34 1.34 4.00 4.00 4.00 1.34 1.34 1.34
3.30 3.30 3.30 2.55 2.55 2.55 2.55 3.30 4.82 4.81 3.85 3.85 3.85 4.81 4.94 4.94 4.81 4.81 4.81 4.81 4.81 4.81 4.18 4.18 4.24 3.93 3.93 3.93 3.93 3.93 1.30 1.30 1.30 4.24 4.24 1.90 4.24 4.24 4.24 4.24 4.18 1.28 1.28 4.18 1.28 1.28 4.18 4.18 4.18 4.18 4.18 4.94 4.79 4.79 4.79 1.28 1.31 1.31 1.31 1.31 1.31 1.31 1.31 1.31 1.31 4.22 4.22 3.96 3.96 4.35 4.35 1.31 1.34 1.34 1.34 4.00 1.34 1.34 4.00 4.00 4.00 4.00 1.34 1.34
0.00 3.30 3.30 3.30 3.30 3.30 3.30 3.30 4.92 4.94 3.85 3.85 4.94 4.94 4.94 3.85 4.94 4.18 4.94 4.94 3.85 4.81 4.81 4.18 3.93 4.24 4.24 4.24 1.30 1.30 1.30 1.30 1.30 1.30 1.30 1.90 4.24 4.24 4.24 4.24 1.28 1.28 1.28 1.28 1.28 1.28 1.28 4.18 4.18 3.87 3.87 3.87 3.87 4.79 1.28 1.28 1.31 1.31 1.31 1.31 1.31 1.31 1.31 1.31 1.31 4.22 3.96 4.22 3.96 1.31 1.31 1.31 1.34 1.34 4.00 4.00 1.34 4.00 4.00 1.34 4.00 4.00 4.60 4.00
0.00 0.00 3.30 3.30 3.30 3.30 3.30 3.30 4.92 4.94 4.94 4.94 4.94 4.94 4.94 3.85 4.94 4.81 4.81 3.85 4.18 3.85 4.18 4.18 3.93 3.93 3.93 3.93 4.24 1.30 1.30 1.30 1.30 1.30 1.30 1.30 3.93 3.93 3.93 1.30 1.28 1.28 1.28 1.28 1.28 1.28 1.28 4.18 4.18 3.87 3.87 4.79 3.87 3.87 1.28 1.28 1.31 1.31 1.31 1.31 1.31 1.31 1.31 1.31 1.31 1.31 0.00 1.31 1.31 1.31 1.31 1.31 1.34 1.96 4.44 1.34 1.34 1.34 1.34 4.09 4.85 4.00 4.00 4.00
0.00 0.00 0.00 0.00 0.00 0.00 0.00 0.00 4.92 4.81 4.81 4.81 3.85 3.85 3.85 3.85 3.85 3.85 4.81 4.81 1.27 3.85 3.85 3.85 3.93 3.93 3.93 3.93 3.93 1.30 1.30 1.30 1.30 1.30 1.30 4.24 1.30 1.30 1.30 1.30 1.28 1.28 1.28 1.28 1.28 1.28 1.28 1.28 1.28 3.87 3.87 4.79 3.87 3.87 1.28 1.28 1.31 1.31 1.31 1.31 1.31 1.31 1.31 1.31 1.31 0.00 0.00 0.00 1.31 1.31 0.00 0.00 0.00 1.34 4.06 4.06 4.06 4.00 1.34 4.09 4.00 4.00 4.00 4.00
0.00 0.00 0.00 0.00 0.00 0.00 0.00 0.00 0.00 0.00 4.81 4.81 4.94 4.94 3.85 3.85 3.85 3.85 3.85 4.81 4.18 3.85 3.85 3.85 3.93 3.93 3.93 1.30 1.30 1.30 1.30 1.30 1.30 1.30 1.30 1.30 1.30 1.30 1.30 1.30 4.18 4.18 1.28 1.28 1.28 1.28 1.28 1.28 1.28 1.28 1.87 3.87 3.87 1.28 1.28 1.28 1.31 1.31 1.31 1.31 1.31 1.31 1.31 1.31 1.31 0.00 0.00 0.00 0.00 0.00 0.00 0.00 0.00 0.00 0.00 1.34 4.06 1.34 1.34 4.00 4.00 4.00 4.00 4.00
0.00 0.00 0.00 0.00 0.00 0.00 0.00 0.00 0.00 0.00 4.81 4.81 4.81 3.85 1.27 3.85 3.85 3.85 3.85 4.18 1.86 1.86 3.85 3.85 3.93 4.24 3.93 1.30 1.30 1.30 1.30 1.30 1.30 1.30 1.30 1.30 1.30 1.30 1.30 1.30 1.28 1.28 4.18 1.28 1.28 1.28 1.28 1.28 1.28 1.87 1.28 1.28 3.87 1.28 1.28 1.28 1.31 1.31 1.31 1.31 1.31 1.31 1.31 1.31 1.31 1.31 1.31 0.00 0.00 0.00 0.00 0.00 0.00 0.00 0.00 0.00 0.00 4.00 1.34 4.00 4.00 4.00 4.00 4.00
0.00 0.00 0.00 0.00 0.00 0.00 0.00 0.00 0.00 0.00 0.00 0.00 4.98 4.98 1.27 1.27 3.85 3.85 3.85 1.86 1.27 1.27 3.85 3.85 4.24 4.11 4.11 1.30 1.30 1.30 1.30 1.30 1.30 1.30 1.30 1.30 1.30 1.30 1.30 1.30 1.28 1.28 4.25 1.28 1.28 1.28 1.28 1.28 1.28 1.87 1.87 1.28 3.87 1.28 1.28 1.28 1.31 1.31 1.31 1.31 1.31 1.31 1.31 1.31 1.31 1.31 1.31 0.00 0.00 0.00 0.00 0.00 0.00 0.00 0.00 0.00 1.34 4.60 4.00 4.00 4.00 4.00 4.09 4.00
0.00 0.00 0.00 0.00 0.00 0.00 0.00 0.00 0.00 0.00 0.00 0.00 0.00 4.98 1.27 1.27 3.85 3.85 1.27 1.27 4.81 1.27 4.81 3.85 4.24 4.24 4.11 1.30 1.30 1.30 1.30 1.30 1.30 1.30 1.30 1.30 1.30 1.30 1.30 1.30 1.28 1.28 1.28 1.28 1.28 1.28 1.28 1.28 1.28 1.87 1.28 1.28 3.87 3.87 1.28 1.28 1.31 1.31 1.31 1.31 1.31 1.31 1.31 0.00 0.00 0.00 0.00 0.00 0.00 0.00 0.00 0.00 0.00 0.00 0.00 0.00 1.34 4.00 4.00 4.00 4.00 4.00 1.34 4.00
0.00 0.00 0.00 0.00 0.00 0.00 0.00 0.00 0.00 0.00 0.00 0.00 0.00 0.00 4.98 4.98 3.85 3.85 1.27 4.81 4.81 4.81 3.85 3.85 1.30 4.11 1.30 1.30 1.30 1.30 1.30 1.30 1.30 1.30 1.30 1.30 1.30 1.30 1.30 1.30 1.28 1.28 1.28 1.28 1.28 1.28 1.28 1.28 1.28 1.28 1.28 1.28 3.87 3.87 3.87 1.28 1.31 1.31 1.31 1.31 1.31 1.31 0.00 0.00 0.00 0.00 0.00 0.00 0.00 0.00 0.00 0.00 0.00 0.00 0.00 0.00 4.40 4.40 4.85 4.00 4.60 1.34 1.34 4.00
0.00 0.00 0.00 0.00 0.00 0.00 0.00 0.00 0.00 0.00 0.00 0.00 0.00 0.00 0.00 4.98 4.98 4.98 1.27 4.02 4.98 4.98 1.27 1.27 1.30 1.30 1.30 1.30 1.30 1.30 1.30 1.30 1.30 1.30 1.30 1.30 1.30 1.30 1.30 1.30 1.28 1.28 1.28 1.28 1.28 1.28 1.28 1.28 1.28 1.28 1.28 1.28 1.28 3.87 3.87 1.28 1.31 1.31 1.31 1.31 1.31 0.00 0.00 0.00 0.00 0.00 0.00 0.00 0.00 0.00 0.00 0.00 0.00 0.00 0.00 0.00 0.00 4.60 4.40 4.40 4.60 4.00 1.34 1.34
0.00 0.00 0.00 0.00 0.00 0.00 0.00 0.00 0.00 0.00 0.00 0.00 0.00 0.00 0.00 0.00 0.00 4.98 4.98 4.98 4.98 4.98 1.27 1.27 1.30 1.30 1.30 1.30 1.30 1.30 1.30 1.30 1.30 1.30 0.00 0.00 0.00 0.00 0.00 0.00 0.00 0.00 0.00 0.00 0.00 0.00 1.28 1.28 1.28 1.28 1.28 1.28 1.28 3.87 3.87 1.28 1.31 1.31 1.31 1.31 1.31 0.00 0.00 0.00 0.00 0.00 0.00 0.00 0.00 0.00 0.00 0.00 0.00 0.00 0.00 0.00 0.00 0.00 0.00 0.00 0.00 1.34 1.96 1.34
0.00 0.00 0.00 0.00 0.00 0.00 0.00 0.00 0.00 0.00 0.00 0.00 0.00 0.00 0.00 0.00 0.00 0.00 0.00 0.00 0.00 0.00 4.98 1.27 1.30 1.30 1.30 1.30 1.30 1.30 1.30 1.30 1.30 0.00 0.00 0.00 0.00 0.00 0.00 0.00 0.00 0.00 0.00 0.00 0.00 0.00 0.00 0.00 0.00 1.28 1.28 1.28 1.28 1.28 3.87 1.28 1.31 1.31 1.31 1.31 1.31 0.00 0.00 0.00 0.00 0.00 0.00 0.00 0.00 0.00 0.00 0.00 0.00 0.00 0.00 0.00 0.00 0.00 0.00 0.00 0.00 1.34 1.96 1.34
0.00 0.00 0.00 0.00 0.00 0.00 0.00 0.00 0.00 0.00 0.00 0.00 0.00 0.00 0.00 0.00 0.00 0.00 0.00 0.00 0.00 0.00 0.00 4.98 1.30 1.30 1.30 1.30 1.30 1.30 1.30 1.30 0.00 0.00 0.00 0.00 0.00 0.00 0.00 0.00 0.00 0.00 0.00 0.00 0.00 0.00 0.00 0.00 0.00 0.00 1.28 1.28 1.28 1.28 3.87 3.87 1.31 1.31 1.31 1.31 1.31 0.19 0.00 0.00 0.00 0.00 0.00 0.00 0.00 0.00 0.00 0.00 0.00 0.00 0.00 0.00 0.00 0.00 0.00 0.00 0.00 1.34 1.34 4.09
0.00 0.00 0.00 0.00 0.00 0.00 0.00 0.00 0.00 0.00 0.00 0.00 0.00 0.00 0.00 0.00 0.00 0.00 0.00 0.00 0.00 0.00 0.00 0.00 0.00 0.00 0.00 0.80 0.80 0.80 0.80 0.00 0.00 0.00 0.00 0.00 0.00 0.00 0.00 0.00 0.00 0.00 0.00 0.00 0.00 0.00 0.00 0.00 0.00 0.00 0.80 0.80 0.80 0.80 2.43 2.43 0.80 0.80 0.80 0.80 0.80 0.80 0.00 0.00 0.00 0.00 0.00 0.00 0.00 0.00 0.00 0.00 0.00 0.00 0.00 0.00 0.00 0.00 0.00 0.00 0.00 0.00 3.14 0.80
0.00 0.00 0.00 0.00 0.00 0.00 0.00 0.00 0.00 0.00 0.00 0.00 0.00 0.00 0.00 0.00 0.00 0.00 0.00 0.00 0.00 0.00 0.00 0.00 0.00 0.00 0.00 0.00 0.80 0.80 0.00 0.00 0.00 0.00 0.00 0.00 0.00 0.00 0.00 0.00 0.00 0.00 0.00 0.00 0.00 0.00 0.00 0.00 0.00 0.00 0.80 0.80 0.80 0.80 0.80 2.43 2.42 0.80 2.42 0.80 0.80 0.80 0.80 0.80 0.00 0.00 0.00 0.00 0.00 0.00 0.00 0.00 0.00 0.00 0.00 0.00 0.00 0.00 0.00 0.00 0.00 0.00 0.00 0.80
0.00 0.00 0.00 0.00 0.00 0.00 0.00 0.00 0.00 0.00 0.00 0.00 0.00 0.00 0.00 0.00 0.00 0.00 0.00 0.00 0.00 0.00 0.00 0.00 0.00 0.00 0.00 0.00 0.80 0.80 0.00 0.00 0.00 0.00 0.00 0.00 0.00 0.00 0.00 0.00 0.00 0.00 0.00 0.00 0.00 0.00 0.00 0.00 0.00 0.00 0.80 0.80 0.80 0.80 0.80 0.80 2.42 2.42 2.42 0.80 0.80 0.80 0.80 0.80 0.00 0.00 0.00 0.00 0.00 0.00 0.00 0.00 0.00 0.00 0.00 0.00 0.00 0.00 0.00 0.00 0.00 0.00 0.00 0.00
0.00 0.00 0.00 0.00 0.00 0.00 0.00 0.00 0.00 0.00 0.00 0.00 0.00 0.00 0.00 0.00 0.00 0.00 0.00 0.00 0.00 0.00 0.00 0.00 0.00 0.00 0.00 0.00 3.15 0.35 0.00 0.00 0.00 0.00 0.00 0.00 0.00 0.00 0.00 0.00 0.00 0.00 0.00 0.00 0.00 0.00 0.00 0.00 0.00 0.00 0.80 0.80 0.80 0.80 0.80 0.80 0.80 2.42 0.80 0.80 0.80 0.80 0.80 2.42 0.00 0.00 0.00 0.00 0.00 0.00 0.00 0.00 0.00 0.00 0.00 0.00 0.00 0.00 0.00 0.00 0.00 0.00 0.00 0.00
