New_Model_Runs/10_Future_Present_Scn3_out/post_prcessed_with_MFR/Monthly_summaries/actual_et_monthly_DEC.asc
NCOLS 700
NROWS 400
XLLCENTER 515000.000000
YLLCENTER 8409000.000000
CELLSIZE 50.000000
NODATA_value -999.000000
[rows 76 to 113 of 400, columns 420 to 503 of 700]
0.00 0.00 0.00 0.00 0.00 0.00 0.00 0.00 0.00 0.00 0.00 0.00 0.00 0.00 0.00 0.00 0.00 0.00 0.00 0.00 0.00 0.00 0.00 0.00 0.00 0.00 0.00 0.00 0.00 0.00 0.00 0.00 0.00 0.00 0.00 0.00 0.00 0.00 0.00 0.00 0.00 0.00 0.00 0.00 0.00 0.00 0.00 0.00 0.00 0.00 0.00 0.00 0.00 0.00 0.00 0.00 0.00 0.00 0.00 0.00 0.00 0.00 0.00 0.00 0.00 0.00 0.00 0.00 0.00 0.00 0.00 0.00 0.00 0.00 0.00 0.00 0.00 0.00 0.00 0.00 0.00 0.00 0.00 0.00
0.00 0.00 0.00 0.00 0.00 0.00 0.00 0.00 0.00 0.00 0.00 0.00 0.00 0.00 0.00 0.00 0.00 0.00 0.00 0.00 0.00 0.00 0.00 0.00 0.00 0.00 0.00 0.00 0.00 0.00 0.00 0.00 0.00 0.00 0.00 0.00 0.00 0.00 0.00 0.00 0.00 0.00 0.00 0.00 0.00 0.00 0.00 0.00 0.00 0.00 0.00 0.00 0.00 0.00 0.00 0.00 0.00 0.00 0.00 0.00 0.00 0.00 0.00 0.00 0.00 0.00 0.00 0.00 0.00 0.00 0.00 0.00 0.00 0.00 0.00 0.00 0.00 0.00 0.00 0.00 0.00 0.00 0.00 0.00
0.00 0.00 0.00 0.00 0.00 0.00 0.00 0.00 0.00 0.00 0.00 3.33 0.00 0.00 0.00 0.00 0.00 0.00 0.00 0.00 0.00 0.00 0.00 0.00 0.00 0.00 0.00 0.00 0.00 0.00 0.00 0.00 0.00 0.00 0.00 0.00 0.00 0.00 0.00 0.00 0.00 0.00 0.00 0.00 0.00 0.00 0.00 0.00 0.00 0.00 0.00 0.00 0.00 0.00 0.00 0.00 0.00 0.00 0.00 0.00 0.00 0.00 0.00 0.00 0.00 0.00 0.00 0.00 0.00 0.00 0.00 0.00 0.00 0.00 0.00 0.00 0.00 0.00 0.00 0.00 0.00 0.00 0.00 0.00
0.00 0.00 0.00 0.00 0.00 0.00 0.00 0.00 0.00 0.00 0.00 2.83 0.00 0.00 0.00 0.00 0.00 0.00 0.00 0.00 0.00 0.00 0.00 0.00 0.00 0.00 0.00 0.00 0.00 0.00 0.00 0.00 0.00 0.00 0.00 0.00 0.00 0.00 0.00 0.00 0.00 0.00 0.00 0.00 0.00 0.00 0.00 0.00 0.00 0.00 0.00 0.00 0.00 0.00 0.00 0.00 0.00 0.00 0.00 0.00 0.00 0.00 0.00 0.00 0.00 0.00 0.00 0.00 0.00 0.00 0.00 0.00 0.00 0.00 0.00 0.00 0.00 0.00 0.00 0.00 0.00 0.00 0.00 0.00
0.00 0.00 0.00 0.00 0.00 0.00 0.00 0.00 0.00 0.00 3.33 0.85 0.00 0.00 0.00 0.00 0.00 0.00 0.00 0.00 0.00 0.00 0.00 0.00 0.00 0.00 0.00 0.00 0.00 0.00 0.00 0.00 0.00 0.00 0.00 0.00 0.00 0.00 0.00 0.00 0.00 0.00 0.00 0.00 0.00 0.00 0.00 0.00 0.00 0.00 0.00 0.00 0.00 0.00 0.00 0.00 0.00 0.00 0.00 0.00 0.00 0.00 0.00 0.00 0.00 0.00 0.00 0.00 0.00 0.00 0.00 0.00 0.00 0.00 0.00 0.00 0.00 0.00 0.00 0.00 0.00 0.00 0.00 0.00
0.00 0.00 0.00 0.00 0.00 0.00 0.00 0.00 0.00 3.33 0.85 0.85 3.35 0.00 0.00 0.00 0.00 0.00 0.00 0.00 0.00 0.00 0.00 0.00 0.00 0.00 0.00 0.00 0.00 0.00 0.00 0.00 0.00 0.00 0.00 0.00 0.00 0.00 0.00 0.00 0.00 0.00 0.00 0.00 0.00 0.00 0.00 0.00 0.00 0.00 0.00 0.00 0.00 0.00 0.00 0.00 0.00 0.00 0.00 0.00 0.00 0.00 0.00 0.00 0.00 0.00 0.00 0.00 0.00 0.00 0.00 0.00 0.00 0.00 0.00 0.00 0.00 0.00 0.00 0.00 0.00 0.00 0.00 0.00
1.44 1.44 0.00 0.00 0.00 0.00 0.00 1.44 1.44 1.44 1.44 1.44 1.29 0.00 0.00 0.00 0.00 0.00 0.00 0.00 0.00 0.00 0.00 0.00 0.00 0.00 0.00 0.00 0.00 0.00 0.00 0.00 0.00 0.00 0.00 0.00 0.00 0.00 0.00 0.00 0.00 0.00 0.00 0.00 0.00 0.00 0.00 0.00 0.00 0.00 0.00 0.00 0.00 0.00 0.00 0.00 5.34 0.00 0.00 0.00 0.00 0.00 0.00 0.00 0.00 0.00 0.00 0.00 0.00 0.00 0.00 0.00 0.00 0.00 0.00 0.00 0.00 0.00 0.00 0.00 0.00 0.00 0.00 0.00
1.44 1.44 1.44 0.00 0.00 0.00 1.44 1.44 1.44 1.44 1.44 1.44 5.06 0.00 0.00 0.00 0.00 0.00 0.00 0.00 0.00 0.00 0.00 0.00 0.00 0.00 0.00 0.00 0.00 0.00 0.00 0.00 0.00 0.00 0.00 0.00 0.00 0.00 0.00 0.00 0.00 0.00 0.00 0.00 0.00 0.00 0.00 0.00 0.00 0.00 0.00 0.00 0.00 0.00 0.00 0.00 1.47 0.00 0.00 0.00 0.00 0.00 0.00 0.00 0.00 0.00 0.00 0.00 0.00 4.58 5.27 0.00 0.00 0.00 0.00 0.00 0.00 0.00 0.00 0.00 0.00 0.00 0.00 0.00
1.44 1.44 1.44 1.44 1.44 1.44 1.44 1.44 1.44 1.44 1.44 1.44 5.06 0.00 0.00 0.00 0.00 0.00 0.00 0.00 0.00 0.00 0.00 0.00 0.00 0.00 0.00 0.00 0.00 0.00 0.00 0.00 0.00 0.00 0.00 0.00 0.00 0.00 0.00 0.00 0.00 0.00 0.00 0.00 0.00 0.00 0.00 0.00 0.00 0.00 0.00 0.00 0.00 0.00 0.00 0.00 1.47 1.47 0.00 0.00 0.00 0.00 0.00 0.00 0.00 0.00 0.00 0.00 1.43 1.43 1.43 0.00 0.00 0.00 0.00 0.00 0.00 0.00 0.00 0.00 0.00 0.00 0.00 0.00
1.44 1.44 1.44 1.44 1.44 1.44 1.44 1.44 1.44 1.44 1.44 1.44 5.06 0.00 0.00 0.00 0.00 0.00 0.00 0.00 0.00 0.00 0.00 0.00 0.00 0.00 0.00 5.06 3.46 3.46 0.00 0.00 0.00 0.00 0.00 0.00 0.00 0.00 0.00 0.00 0.00 0.00 0.00 0.00 0.00 0.00 0.00 0.00 0.00 0.00 0.00 0.00 0.00 0.00 0.00 0.00 1.47 1.47 0.00 0.00 0.00 0.00 0.00 0.00 0.00 0.00 0.00 5.22 1.43 1.43 1.43 5.27 0.00 0.00 0.00 0.00 0.00 0.00 0.00 0.00 0.00 0.00 0.00 0.00
1.44 1.44 1.44 1.44 1.44 1.44 1.44 1.44 1.44 1.44 1.44 1.44 1.29 0.00 0.00 0.00 0.00 0.00 0.00 0.00 0.00 0.00 0.00 0.00 0.00 0.00 0.00 1.29 0.88 0.88 0.00 0.00 0.00 0.00 0.00 0.00 0.00 0.00 0.00 0.00 0.00 0.00 0.00 0.00 0.00 5.35 5.34 0.00 0.00 0.00 0.00 0.00 0.00 0.00 0.00 0.00 1.47 1.47 4.69 0.00 0.00 0.00 0.00 0.00 0.00 0.00 0.00 1.43 1.43 1.43 1.43 1.43 5.27 0.00 0.00 0.00 0.00 0.00 0.00 0.00 0.00 1.24 1.24 0.00
1.44 1.44 1.44 1.44 1.44 1.44 1.44 1.44 1.44 1.44 1.44 1.44 1.29 0.00 0.00 0.00 0.00 0.00 0.00 0.00 0.00 0.00 0.00 0.00 0.00 0.00 1.29 1.29 0.88 0.88 0.00 0.00 0.00 0.00 0.00 0.00 0.00 0.00 0.00 0.00 0.00 0.00 0.00 0.00 0.00 5.34 5.34 5.34 0.00 0.00 0.00 0.00 0.00 0.00 0.00 0.00 4.69 1.47 1.47 1.47 1.43 0.00 0.00 1.43 1.43 1.43 0.00 1.43 1.43 1.43 1.43 1.43 1.43 0.00 0.00 0.00 0.00 0.00 0.00 0.00 1.24 1.24 1.24 1.24
1.44 1.44 1.44 1.44 1.44 1.44 1.44 1.44 1.44 1.44 1.44 1.44 1.29 0.00 0.00 0.00 0.00 0.00 0.00 0.00 0.00 0.00 0.00 0.00 0.00 5.06 1.29 1.29 0.88 0.00 0.00 0.00 0.00 0.00 0.00 0.00 0.00 0.00 0.00 0.00 0.00 0.00 0.00 0.00 0.00 1.47 1.47 1.47 5.34 5.34 0.00 0.00 0.00 0.00 0.00 0.00 1.47 1.47 1.47 1.47 1.43 1.43 1.43 1.43 1.43 1.43 1.43 1.43 1.43 1.43 1.43 1.43 1.43 0.00 0.00 0.00 0.00 0.00 0.00 1.24 1.24 1.24 1.24 1.24
1.44 1.44 1.44 1.44 1.44 1.44 1.44 1.44 1.44 1.44 1.44 1.44 1.29 0.00 0.00 0.00 0.00 0.00 0.00 0.00 0.00 0.00 5.06 0.00 0.00 1.29 1.29 1.29 0.88 0.00 0.00 0.00 0.00 0.00 0.00 0.00 0.00 0.00 0.00 0.00 0.00 0.00 0.00 0.00 0.00 1.47 1.47 1.47 1.47 1.47 0.00 0.00 0.00 0.00 0.00 0.00 0.00 1.47 1.47 1.47 1.43 1.43 1.43 1.43 1.43 1.43 1.43 1.43 1.43 1.43 1.43 1.43 1.43 1.43 0.00 0.00 0.00 0.00 1.24 1.24 1.24 1.24 1.24 1.24
1.44 1.44 1.44 1.44 1.44 1.44 1.44 1.44 1.44 1.44 1.44 1.44 1.29 0.00 0.00 0.00 0.00 0.00 0.00 0.00 5.06 1.29 1.29 1.29 1.29 1.29 1.29 1.29 0.00 0.00 0.00 0.00 0.00 0.00 0.00 0.00 0.00 0.00 0.00 0.00 0.00 0.00 0.00 0.00 5.34 1.47 1.47 1.47 1.47 1.47 0.00 0.00 0.00 0.00 0.00 0.00 0.00 1.47 1.47 1.47 1.43 1.43 1.43 1.43 1.43 1.43 1.43 1.43 1.43 1.43 1.43 1.43 1.43 1.43 1.43 1.43 0.00 1.24 1.24 1.24 1.24 1.24 1.24 1.24
1.44 1.44 1.44 1.44 1.44 1.44 1.44 1.44 1.44 1.44 1.44 1.44 1.29 0.00 0.00 0.00 0.00 0.00 0.00 1.29 1.29 1.29 1.29 1.29 3.90 3.90 1.29 1.29 0.00 0.00 0.00 0.00 0.00 0.00 0.00 0.00 0.00 0.00 0.00 0.00 0.00 0.00 0.00 0.00 0.00 1.47 1.47 1.47 1.47 0.00 0.00 0.00 0.00 0.00 0.00 0.00 5.34 1.47 1.47 1.47 1.43 1.43 1.43 1.43 1.43 1.43 1.43 1.43 1.43 1.43 1.43 1.43 1.43 1.43 1.43 1.43 1.24 1.24 1.24 1.24 1.24 1.24 1.24 1.24
1.44 1.44 1.44 1.44 1.44 1.44 1.44 1.44 1.44 1.44 1.44 1.44 1.29 1.29 0.00 0.00 0.00 0.00 0.00 1.29 1.29 1.29 1.29 1.29 1.29 1.29 1.29 0.00 0.00 0.00 0.00 0.00 0.00 0.00 0.00 0.00 0.00 0.00 0.00 0.00 0.00 0.00 0.00 0.00 0.00 1.47 1.47 1.47 0.00 0.00 0.00 0.00 0.00 0.00 0.00 0.00 1.47 1.47 1.47 1.47 1.43 1.43 1.43 1.43 1.43 1.43 1.43 1.43 1.43 1.43 1.43 1.43 1.43 1.43 1.43 1.43 1.24 1.24 1.24 1.24 1.24 1.24 1.24 1.24
1.44 1.44 1.44 1.44 1.44 1.44 1.44 1.44 1.44 1.44 1.44 1.44 1.29 1.29 1.29 0.00 0.00 0.00 0.00 1.29 1.29 1.29 1.29 1.29 1.29 1.29 1.29 0.00 0.00 0.00 0.00 0.00 0.00 0.00 0.00 0.00 0.00 0.00 0.00 0.00 0.00 0.00 0.00 0.00 0.00 0.00 5.29 1.47 0.00 0.00 0.00 0.00 0.00 0.00 0.00 4.65 1.47 1.47 1.47 1.47 1.43 1.43 1.43 1.43 1.43 1.43 1.43 1.43 1.43 1.43 1.43 1.43 1.43 1.43 1.43 1.43 1.24 1.24 1.24 1.24 1.24 1.24 1.24 1.24
1.44 1.44 1.44 1.44 1.44 1.44 1.44 1.44 1.44 1.44 1.44 1.44 1.29 1.29 1.29 5.06 5.06 5.06 1.29 1.29 1.29 1.29 1.29 1.29 1.29 1.29 1.29 0.00 0.00 0.00 0.00 0.00 0.00 0.00 0.00 0.00 0.00 0.00 0.00 0.00 0.00 0.00 0.00 0.00 0.00 0.00 5.29 1.47 1.47 1.47 0.00 0.00 0.00 0.00 5.28 1.47 1.47 1.47 1.47 1.47 1.43 1.43 1.43 1.43 1.43 1.43 1.43 1.43 1.43 1.43 1.43 1.43 1.43 1.43 1.43 1.43 4.82 4.82 4.04 1.24 1.24 0.00 0.00 0.00
1.44 1.44 1.44 1.44 1.44 1.44 1.44 1.44 1.44 1.44 1.44 1.44 1.29 1.29 1.29 1.29 3.90 3.90 1.29 1.29 1.29 1.29 1.29 1.29 1.29 1.29 1.29 0.00 0.00 0.00 0.00 0.00 0.00 0.00 0.00 0.00 0.00 0.00 0.00 0.00 0.00 0.00 0.00 0.00 0.00 0.00 1.47 4.69 1.47 1.47 1.47 5.33 1.47 1.47 1.47 1.47 1.47 1.47 1.47 1.47 1.43 1.43 1.43 1.43 1.43 1.43 1.43 1.43 1.43 1.43 1.43 1.43 1.43 1.43 4.51 5.36 3.59 4.27 0.00 0.00 0.00 0.00 0.00 0.00
1.44 1.44 1.44 1.44 1.44 1.44 1.44 1.44 1.44 1.44 1.44 1.44 1.29 1.29 1.29 1.29 5.06 3.90 3.90 1.29 1.29 1.29 1.29 1.29 1.29 1.29 1.29 0.00 0.00 0.00 0.00 0.00 0.00 0.00 0.00 0.00 0.00 0.00 0.00 0.00 0.00 0.00 0.00 0.00 0.00 0.00 2.16 4.69 1.47 1.47 1.47 1.47 1.47 1.47 1.47 1.47 1.47 1.47 1.47 1.47 1.43 1.43 1.43 1.43 1.43 1.43 1.43 1.43 1.43 1.43 1.43 1.43 1.43 1.43 5.36 3.91 1.28 0.00 0.00 0.00 0.00 0.00 0.00 0.00
1.44 1.44 1.44 1.44 1.44 1.44 1.44 1.44 1.44 1.44 1.44 1.44 1.29 1.29 1.29 3.90 3.90 3.90 1.29 1.29 1.29 1.29 1.29 1.29 1.29 1.29 1.29 0.00 0.00 0.00 0.00 0.00 0.00 0.00 0.00 0.00 0.00 0.00 0.00 0.00 0.00 0.00 0.00 0.00 0.00 1.47 1.47 4.69 1.47 1.47 1.47 1.47 1.47 1.47 1.47 1.47 1.47 1.47 1.47 1.47 1.43 1.43 1.43 1.43 1.43 1.43 1.43 1.43 1.43 1.43 1.43 4.29 4.29 4.91 4.73 4.73 0.00 0.00 0.00 0.00 0.00 0.00 0.00 0.00
1.30 1.30 1.30 1.30 1.30 1.30 1.30 1.30 1.30 1.30 1.30 1.30 1.21 1.21 3.66 3.66 1.21 3.66 1.21 1.21 1.21 1.21 1.21 1.21 1.21 3.66 1.21 0.00 0.00 0.00 0.00 0.00 0.00 0.00 0.00 0.00 0.00 0.00 0.00 0.00 0.00 0.00 0.00 0.00 1.50 1.50 1.50 1.50 1.50 1.50 1.50 1.50 1.50 1.50 1.50 1.50 1.50 1.50 1.50 1.50 1.29 1.29 1.29 1.29 1.29 1.29 1.29 1.29 1.29 1.29 1.29 1.29 5.00 4.61 4.44 4.44 0.00 0.00 0.00 0.00 0.00 0.00 0.00 0.00
1.30 1.30 1.30 1.30 1.30 1.30 1.30 1.30 1.30 1.30 1.30 1.30 1.21 1.21 1.21 1.21 3.66 3.66 1.21 1.21 1.21 1.21 1.21 1.21 1.21 1.21 1.21 0.00 0.00 0.00 0.00 0.00 0.00 0.00 0.00 0.00 0.00 0.00 0.00 0.00 0.00 0.00 0.00 0.00 1.50 1.50 4.77 1.50 1.50 1.50 1.50 1.50 1.50 1.50 1.50 1.50 1.50 1.50 1.50 1.50 1.29 1.29 1.29 1.29 1.29 1.29 1.29 1.29 1.29 1.29 1.29 1.29 5.07 4.44 4.44 0.00 0.00 0.00 0.00 0.00 0.00 0.00 0.00 0.00
1.30 1.30 1.30 1.30 1.30 1.30 1.30 1.30 1.30 1.30 1.30 1.30 1.21 1.21 1.21 1.21 1.21 1.21 1.21 1.21 1.21 1.21 1.21 1.21 1.21 1.21 0.00 0.00 0.00 0.00 0.00 0.00 0.00 0.00 0.00 0.00 0.00 0.00 0.00 0.00 0.00 0.00 0.00 4.56 1.50 1.50 4.77 1.50 1.50 1.50 1.50 1.50 1.50 1.50 1.50 1.50 1.50 1.50 1.50 1.50 1.29 1.29 1.29 1.29 1.29 1.29 1.29 1.29 1.29 4.09 5.00 5.07 5.07 5.07 0.00 0.00 0.00 0.00 0.00 0.00 0.00 0.00 0.00 0.00
1.30 1.30 1.30 1.30 1.30 1.30 1.30 1.30 1.30 1.30 1.30 1.30 1.21 1.21 1.21 1.21 1.21 1.21 1.21 1.21 1.21 1.21 1.21 1.21 1.21 1.21 0.00 0.00 0.00 0.00 0.00 0.00 0.00 0.00 0.00 1.21 4.56 4.56 0.00 0.00 1.21 1.21 1.21 1.21 1.50 4.77 4.77 4.77 1.50 1.50 1.50 1.50 1.50 1.50 1.50 1.50 1.50 1.50 1.50 1.50 1.29 1.29 1.29 1.29 1.29 1.29 1.29 4.12 4.87 4.78 5.07 5.07 5.07 1.33 4.44 0.00 0.00 0.00 0.00 0.00 0.00 0.00 0.00 0.00
1.30 1.30 1.30 1.30 1.30 1.30 1.30 1.30 1.30 1.30 1.30 1.30 1.21 1.21 1.21 1.21 1.21 1.21 1.21 1.21 1.21 1.21 1.21 1.21 1.21 1.21 0.00 0.00 0.00 0.00 0.00 0.00 0.00 0.00 0.00 1.21 1.21 1.21 1.21 1.21 1.21 1.21 1.21 1.21 4.77 4.77 4.77 1.50 1.50 1.50 1.50 1.50 1.50 1.50 1.50 1.50 1.50 1.50 1.50 1.50 1.29 1.29 1.29 1.29 1.29 1.29 1.29 4.87 4.09 5.07 5.07 5.07 5.07 4.44 1.33 1.33 0.00 0.00 0.00 0.00 0.00 0.00 0.00 0.00
1.30 1.30 1.30 1.30 1.30 1.30 1.30 1.30 1.30 1.30 1.30 1.30 1.21 1.21 1.21 1.21 1.21 1.21 1.21 1.21 1.21 1.21 1.21 1.21 1.21 1.21 0.00 0.00 0.00 0.00 0.00 0.00 0.00 0.00 0.00 1.21 1.21 1.21 1.21 1.21 1.21 1.21 1.21 1.21 1.50 1.50 1.50 1.50 1.50 1.50 1.50 1.50 1.50 1.50 1.50 1.50 1.50 1.50 1.50 1.50 1.29 1.29 1.29 1.29 1.29 4.87 4.78 4.87 5.07 5.07 5.07 5.07 5.07 4.87 4.44 1.33 4.88 0.00 0.00 0.00 0.00 0.00 0.00 0.00
1.30 1.30 1.30 1.30 1.30 1.30 1.30 1.30 1.30 1.30 1.30 1.30 1.21 1.21 1.21 1.21 1.21 1.21 1.21 1.21 1.21 1.21 1.21 1.21 1.21 1.21 0.00 0.00 0.00 0.00 0.00 0.00 0.00 0.00 1.21 1.21 3.89 3.64 1.21 1.21 1.21 1.21 1.21 1.21 1.50 1.50 1.50 1.50 1.50 1.50 1.50 1.50 1.50 1.50 1.50 1.50 1.50 1.50 1.50 1.50 1.29 1.29 3.83 3.83 4.87 4.78 4.87 4.87 5.07 5.07 5.07 5.07 5.07 4.87 1.46 1.46 4.88 1.46 0.00 0.00 0.00 0.00 0.00 0.00
1.30 1.30 1.30 1.30 1.30 1.30 1.30 1.30 1.30 1.30 1.30 1.30 1.21 1.21 1.21 1.21 1.21 1.21 1.21 1.21 1.21 1.21 1.21 1.21 1.21 1.21 1.21 0.00 0.00 0.00 0.00 0.00 0.00 0.00 4.53 3.86 1.21 1.21 1.21 1.21 1.21 1.21 1.21 1.21 1.50 1.50 1.50 1.50 1.50 1.50 1.50 1.50 1.50 1.50 1.50 1.50 1.50 1.50 1.50 1.50 1.29 1.29 3.83 4.87 4.87 4.87 4.87 4.87 4.87 5.07 5.07 5.07 5.07 4.87 4.87 4.87 4.42 1.47 4.68 4.68 1.62 0.00 0.00 0.00
1.30 1.30 1.30 1.30 1.30 1.30 1.30 1.30 1.30 1.30 1.30 1.30 1.21 1.21 1.21 1.21 1.21 1.21 1.21 1.21 1.21 1.21 1.21 1.21 1.21 1.21 4.75 3.16 0.00 0.00 0.00 0.00 0.00 0.00 3.11 4.60 4.60 3.62 1.21 1.21 1.21 1.21 1.21 1.21 1.50 1.50 1.50 1.50 1.50 1.50 1.50 1.50 1.50 1.50 1.50 1.50 1.50 1.50 1.50 1.50 1.29 3.83 3.83 4.84 4.87 4.87 4.87 4.87 4.87 5.07 5.07 5.07 4.87 3.91 3.91 1.89 1.47 1.47 1.47 1.47 4.68 4.68 5.36 0.00
1.30 1.30 1.30 1.30 1.30 1.30 1.30 1.30 1.30 1.30 1.30 1.30 1.21 1.21 1.21 1.21 1.21 1.21 1.21 1.21 1.21 1.21 1.21 3.66 1.21 3.66 4.75 4.75 3.15 4.75 4.53 1.36 3.11 3.11 4.60 3.62 3.64 1.21 1.21 1.21 1.21 1.21 1.21 1.21 1.50 1.50 1.50 1.50 1.50 1.50 1.50 1.50 1.50 1.50 1.50 1.50 1.50 1.50 1.50 1.50 3.83 3.83 4.78 4.84 4.84 4.87 3.89 3.89 4.78 3.83 3.91 3.91 3.91 1.29 1.29 1.29 1.47 1.47 1.47 1.47 1.47 1.47 4.42 5.51
1.30 1.30 1.30 1.30 1.30 1.30 1.30 1.30 1.30 1.30 1.30 1.30 1.21 1.21 1.21 1.21 1.21 1.21 1.21 1.21 1.21 1.21 1.21 1.21 3.66 3.66 4.75 3.66 3.15 1.42 3.11 1.36 1.36 4.53 4.60 1.21 1.21 1.21 1.21 1.21 1.21 1.21 1.21 1.21 1.50 1.50 1.50 1.50 1.50 1.50 1.50 1.50 1.50 1.50 1.50 1.50 1.50 1.50 1.50 1.50 3.83 4.07 4.07 3.88 3.88 1.29 1.29 1.29 3.83 3.83 1.29 3.91 1.29 1.29 1.29 1.29 1.47 1.47 1.47 1.47 1.47 1.47 4.42 4.42
1.30 1.30 1.30 1.30 1.30 1.30 1.30 1.30 1.30 1.30 1.30 1.30 1.21 1.21 1.21 1.21 1.21 1.21 1.21 1.21 1.21 1.21 1.21 1.21 3.66 3.66 3.66 3.66 3.66 3.15 3.11 4.60 4.53 4.60 3.62 3.62 3.64 3.64 1.21 1.21 1.21 1.21 1.21 1.21 1.50 1.50 1.50 1.50 1.50 1.50 1.50 1.50 1.50 1.50 1.50 1.50 1.50 1.50 1.50 4.37 4.94 4.07 4.14 3.88 3.88 1.29 1.29 1.29 1.29 1.29 1.29 1.29 1.89 1.29 1.29 1.29 1.47 1.47 1.47 1.47 1.47 1.47 1.47 1.47
1.30 1.30 1.30 1.30 1.30 1.30 1.30 1.30 1.30 1.30 1.30 1.30 1.21 1.21 1.21 1.21 1.21 1.21 1.21 1.21 1.21 1.21 1.21 1.21 1.21 3.16 4.75 3.66 3.66 3.15 4.60 4.60 3.62 3.62 4.60 3.62 3.62 3.62 1.21 1.21 1.21 1.21 1.21 1.21 1.50 1.50 1.50 1.50 1.50 1.50 1.50 1.50 1.50 1.50 1.50 1.50 1.50 1.50 4.64 4.37 4.94 4.14 4.94 3.88 3.83 3.83 4.05 1.29 1.29 1.29 1.29 1.29 1.29 1.29 1.29 1.29 1.47 1.47 1.47 1.47 1.47 1.47 1.47 1.47
1.30 1.30 1.30 1.30 1.30 1.30 1.30 1.30 1.30 1.30 1.30 1.30 1.21 1.21 1.21 1.21 1.21 1.21 1.21 1.21 1.21 1.21 1.21 1.21 1.21 3.66 3.66 3.66 3.66 4.75 3.62 3.62 3.62 3.62 3.86 1.21 1.21 1.21 1.21 1.21 1.21 1.21 1.21 1.21 1.50 1.50 1.50 1.50 1.50 1.50 1.50 1.50 1.50 1.50 1.50 1.50 1.50 1.50 1.50 4.37 4.14 4.14 3.88 3.83 3.83 3.83 4.05 4.05 1.29 1.29 1.29 1.29 1.29 1.29 1.29 1.29 1.47 1.47 1.47 1.47 1.47 1.47 1.47 1.47
1.30 1.30 1.30 1.30 1.30 1.30 1.30 1.30 1.30 1.30 1.30 1.30 1.21 1.21 1.21 1.21 1.21 1.21 1.21 1.21 1.21 1.21 1.21 1.21 1.21 1.21 4.75 4.75 4.75 4.75 3.62 3.62 1.21 1.77 1.21 1.21 1.21 1.21 1.21 1.21 1.21 1.21 1.21 1.21 1.50 1.50 1.50 1.50 1.50 1.50 1.50 1.50 1.50 1.50 1.50 1.50 1.50 1.50 4.37 4.70 4.87 4.07 4.03 3.83 4.03 1.89 4.03 4.05 4.05 1.29 1.29 1.29 1.29 1.29 1.29 1.29 1.47 1.47 1.47 1.47 1.47 1.47 1.47 1.47
1.30 1.30 1.30 1.30 1.30 1.30 1.30 1.30 1.30 1.30 1.30 1.30 1.21 1.21 1.21 1.21 1.21 1.21 1.21 1.21 1.21 1.21 1.21 3.66 1.21 1.21 4.75 4.75 4.75 4.75 4.69 4.60 1.21 1.21 1.21 1.21 1.21 1.21 1.21 1.21 1.21 1.21 1.21 1.21 1.50 1.50 1.50 1.50 1.50 1.50 1.50 1.50 1.50 1.50 1.50 1.50 1.50 1.50 4.44 4.70 3.83 3.83 1.89 1.29 4.03 4.03 4.03 4.05 4.05 1.29 1.29 1.29 1.29 1.29 1.29 1.29 1.47 1.47 1.47 1.47 1.47 1.47 1.47 1.47
