New_Model_Runs/10_Future_Present_Scn3_out/post_prcessed_with_MFR/Monthly_summaries/actual_et_monthly_JAN.asc
NCOLS 700
NROWS 400
XLLCENTER 515000.000000
YLLCENTER 8409000.000000
CELLSIZE 50.000000
NODATA_value -999.000000
[rows 266 to 303 of 400, columns 252 to 335 of 700]
4.37 4.37 4.37 4.37 4.54 4.54 4.99 4.99 4.99 4.54 4.87 5.89 5.89 5.89 5.89 5.89 5.89 5.89 5.89 5.89 5.89 4.84 5.89 5.89 5.89 5.89 5.89 4.77 5.89 4.29 4.29 4.29 4.29 5.89 5.89 5.89 3.83 4.99 4.99 4.99 4.99 4.99 4.99 3.83 4.99 1.86 1.86 4.99 4.99 4.99 4.99 4.99 5.64 4.14 5.64 5.63 4.14 5.64 5.63 5.64 4.14 5.64 5.63 5.63 5.63 5.63 5.63 5.63 3.70 0.00 0.00 0.00 0.00 3.70 1.43 4.78 4.78 3.70 3.70 1.43 4.78 0.00 0.00 0.00
4.37 4.37 4.37 4.37 4.54 4.99 4.99 4.99 4.99 4.99 5.89 5.89 5.89 4.54 5.89 5.89 5.89 5.89 5.89 5.89 5.89 4.84 5.89 5.89 5.89 4.77 4.77 5.89 4.29 4.29 5.89 5.89 5.88 5.89 5.89 5.89 4.99 3.83 3.83 4.99 4.99 4.99 4.99 3.83 3.83 1.27 1.27 4.02 4.99 1.27 1.27 4.23 5.64 4.14 4.14 5.64 4.14 5.64 5.63 5.64 5.64 5.63 5.64 5.63 5.63 5.63 5.63 5.63 3.70 0.00 0.00 0.00 0.00 4.78 1.43 1.43 3.70 3.70 4.78 0.00 0.00 0.00 0.00 0.00
4.37 4.37 4.37 5.67 4.99 4.99 4.99 4.99 4.54 4.99 5.89 5.89 4.54 4.54 5.89 4.54 4.87 5.89 5.89 5.89 5.89 4.84 4.84 4.84 4.84 4.77 4.77 4.29 4.29 5.89 5.89 1.50 4.29 4.29 5.89 5.89 4.99 4.99 3.83 4.99 4.99 3.83 4.99 3.83 4.99 4.99 4.99 4.99 1.27 1.27 1.27 1.27 5.63 5.63 5.64 4.14 5.64 5.64 4.14 4.14 4.14 5.64 5.64 5.64 5.63 5.63 5.63 4.14 4.78 0.00 0.00 0.00 4.78 1.43 3.70 3.70 4.78 4.78 0.00 0.00 0.00 0.00 0.00 0.00
4.37 4.37 4.37 4.37 4.54 4.54 4.99 5.89 5.89 4.54 5.89 4.99 4.54 4.54 4.54 4.54 5.89 5.89 5.89 4.54 4.99 5.89 4.84 5.89 5.89 4.84 5.89 5.89 4.29 5.89 5.88 5.89 4.29 5.89 4.29 4.29 3.83 4.99 4.99 4.99 3.83 3.83 3.83 3.83 3.83 3.83 1.86 3.85 3.85 1.27 1.27 1.86 5.63 5.63 5.63 4.14 4.14 4.14 4.14 4.14 4.14 4.14 4.14 5.63 5.63 5.63 5.63 4.14 4.78 0.00 4.78 1.43 3.70 3.70 4.78 4.78 4.78 0.00 0.00 0.00 0.00 0.00 0.00 0.00
4.37 4.37 4.37 4.37 5.89 5.89 4.99 4.99 4.99 4.99 5.89 5.89 5.89 5.89 5.89 4.87 5.89 5.89 5.89 5.89 4.99 5.89 5.89 5.89 5.89 5.89 5.89 4.29 5.88 5.89 4.54 5.89 5.89 5.87 5.87 5.87 4.99 4.99 4.99 3.83 3.83 3.83 3.83 4.99 4.99 1.27 4.99 3.85 4.02 1.27 1.27 1.86 5.63 5.63 5.63 4.14 4.14 4.14 4.14 4.14 5.63 4.14 4.14 5.63 5.63 4.14 4.14 5.63 4.78 4.78 3.70 3.70 3.70 4.78 0.00 0.00 4.78 4.78 0.00 0.00 0.00 0.00 0.00 0.00
4.37 4.37 4.37 5.67 4.54 4.54 4.54 5.89 5.89 5.89 5.89 4.87 5.89 5.89 5.89 5.89 1.50 1.50 1.50 1.50 5.89 5.89 5.89 5.89 5.89 5.89 4.29 4.29 5.88 5.88 5.89 5.89 5.89 4.29 5.89 4.29 3.83 3.83 4.99 3.83 3.83 4.99 4.99 4.99 4.99 1.27 3.83 4.99 4.99 4.99 1.27 1.86 5.63 4.14 4.14 4.14 4.14 5.63 5.63 4.14 4.14 5.63 5.64 4.14 4.14 5.64 5.63 5.63 3.70 3.70 3.70 4.78 0.00 0.00 0.00 0.00 0.00 0.00 0.00 0.00 0.00 0.00 0.00 0.00
4.37 4.37 5.67 4.37 4.99 4.99 4.99 5.89 5.89 5.89 4.87 4.87 4.87 4.87 5.89 5.89 5.89 1.50 5.89 5.89 5.89 5.89 5.89 4.84 5.89 5.89 4.29 4.29 4.29 5.89 4.29 5.89 5.89 4.29 4.54 5.89 3.83 3.83 4.99 4.99 4.99 3.85 4.99 4.99 4.99 4.99 4.99 4.99 4.99 4.99 4.99 4.99 5.64 4.14 4.14 4.14 5.63 5.63 4.14 4.14 4.14 5.63 4.14 4.14 5.64 5.63 4.14 4.14 3.70 4.78 1.43 0.00 0.00 0.00 0.00 0.00 0.00 0.00 0.00 0.00 0.00 0.00 0.00 0.00
4.37 5.67 4.81 4.37 4.99 4.99 4.99 4.54 5.89 5.89 5.89 5.89 5.89 5.89 5.89 5.89 1.50 5.89 4.87 4.54 5.89 5.89 5.89 5.89 5.89 5.88 5.88 5.89 5.89 5.89 5.89 5.89 5.89 4.29 4.54 4.54 4.99 4.99 4.99 4.99 3.83 1.27 1.27 1.27 1.27 4.99 4.99 3.83 4.99 4.99 4.99 4.99 5.64 4.14 4.14 4.14 5.64 5.63 4.14 5.64 4.14 4.14 5.63 5.63 4.14 4.14 4.14 5.64 4.78 0.00 0.00 0.00 0.00 0.00 0.00 0.00 0.00 0.00 0.00 0.00 0.00 0.00 0.00 0.00
5.80 4.91 4.91 4.91 5.82 5.82 5.82 4.49 4.49 5.82 5.82 5.82 5.82 5.82 5.82 5.82 5.82 4.80 5.82 1.48 1.48 5.82 4.77 5.82 1.48 5.81 5.81 1.48 1.48 4.49 5.82 5.82 5.82 5.81 4.49 5.81 5.65 5.66 5.65 5.66 5.65 1.44 1.44 1.44 2.11 5.66 5.66 4.15 5.66 4.55 4.55 5.65 3.43 2.97 3.43 2.97 2.97 3.43 2.97 2.97 3.43 3.43 3.43 2.97 2.97 2.97 3.43 3.43 0.00 0.00 0.00 0.00 0.00 0.00 0.00 0.00 0.00 0.00 0.00 0.00 0.00 0.00 0.00 0.00
5.80 4.91 4.91 5.80 5.82 5.82 5.82 5.82 5.82 5.82 5.82 5.82 5.82 5.82 5.82 5.82 5.82 5.82 5.82 1.48 1.48 5.82 5.82 5.81 4.93 5.81 5.82 4.24 4.24 5.82 5.82 5.82 4.24 5.82 4.49 5.81 4.36 5.66 5.65 4.36 1.44 2.11 4.79 4.79 4.36 5.66 5.66 4.55 4.55 5.65 5.65 5.65 3.43 2.97 2.97 3.43 3.43 2.97 3.43 3.43 3.43 2.97 2.97 2.97 3.43 3.43 0.87 2.91 0.00 0.00 0.00 0.00 0.00 0.00 0.00 0.00 0.00 0.00 0.00 0.00 0.00 0.00 0.00 0.00
5.80 5.80 5.80 5.80 5.82 4.93 5.82 5.82 5.82 5.82 5.82 5.82 5.82 5.82 5.82 5.82 5.82 5.82 5.82 5.82 5.82 5.82 4.69 5.82 5.82 5.82 5.82 5.82 4.24 4.24 5.81 5.82 5.82 5.82 5.82 5.82 5.66 5.66 5.66 5.65 5.66 5.65 2.11 5.66 5.66 5.65 5.66 5.65 5.65 5.65 5.65 5.65 3.43 3.43 3.43 2.97 2.97 3.43 3.43 2.97 2.97 2.97 3.43 3.43 0.87 2.91 2.91 3.43 0.00 0.00 0.00 0.00 0.00 0.00 0.00 0.00 0.00 0.00 0.00 0.00 0.00 0.00 0.00 0.00
4.91 5.80 4.83 4.91 4.93 5.82 5.82 5.82 4.49 5.82 5.82 5.82 5.82 4.49 5.82 5.82 4.49 4.49 5.82 5.82 5.82 5.82 4.49 5.82 5.81 5.82 5.82 4.24 4.24 4.24 4.24 5.81 5.82 5.82 5.81 5.82 5.66 5.66 5.65 5.65 5.66 5.66 5.66 4.15 5.65 5.65 5.65 5.65 5.65 5.66 5.66 4.15 2.97 2.97 2.97 2.97 3.43 2.97 2.97 2.97 3.43 3.43 2.91 2.91 3.43 3.43 3.43 0.00 0.00 0.00 0.00 0.00 0.00 0.00 0.00 0.00 0.00 0.00 0.00 0.00 0.00 0.00 0.00 0.00
4.47 4.47 4.47 4.47 4.49 5.82 5.82 5.82 5.82 5.82 5.82 5.82 1.48 1.48 5.82 4.80 5.82 5.82 5.82 5.82 5.82 5.82 4.49 5.81 5.82 4.24 5.82 4.24 4.24 4.24 4.24 4.24 5.81 5.81 5.81 5.81 4.15 4.15 5.66 5.66 5.66 4.15 5.66 5.66 5.65 5.65 5.65 5.65 5.65 4.15 4.15 5.66 3.43 3.43 3.43 2.97 2.97 2.97 2.97 3.43 2.91 2.91 3.43 0.00 0.00 0.00 0.00 0.00 0.00 0.00 0.00 0.00 0.00 0.00 0.00 0.00 0.00 0.00 0.00 0.00 0.00 0.00 0.00 0.00
5.80 5.80 5.80 5.80 5.82 5.82 4.49 4.49 5.82 5.82 4.49 4.49 1.48 4.49 5.82 5.82 5.82 5.82 4.49 5.82 5.82 5.82 4.49 5.82 5.82 4.24 5.82 4.24 5.82 5.82 5.82 5.82 5.81 5.81 5.81 5.81 5.66 4.15 4.15 5.66 5.66 4.15 5.66 5.65 5.65 5.65 5.65 4.15 4.15 5.66 5.65 5.65 3.43 3.43 2.97 2.97 2.97 3.43 3.43 2.91 2.91 3.43 0.00 0.00 0.00 0.00 0.00 0.00 0.00 0.00 0.00 0.00 0.00 0.00 0.00 0.00 0.00 0.00 0.00 0.00 0.00 0.00 0.00 0.00
5.80 5.80 5.80 4.47 5.82 5.82 5.82 4.80 4.80 5.82 5.82 4.49 4.49 5.82 5.82 4.80 5.82 4.93 4.93 5.82 5.82 5.82 5.82 4.24 5.82 5.81 5.82 4.24 5.82 5.82 5.82 4.24 4.24 4.24 5.81 5.81 5.66 4.15 4.15 5.66 4.15 4.15 4.15 5.65 5.65 5.66 4.15 4.15 5.65 5.65 5.65 5.65 2.97 2.97 2.97 2.97 3.43 3.43 2.76 3.43 3.43 0.00 0.00 0.00 0.00 0.00 0.00 0.00 0.00 0.00 0.00 0.00 0.00 0.00 0.00 0.00 0.00 0.00 0.00 0.00 0.00 0.00 0.00 0.00
1.47 4.47 4.47 5.80 5.82 5.82 5.82 5.82 4.80 4.80 5.82 5.82 2.17 5.82 5.82 5.82 5.82 2.17 5.82 5.82 5.82 4.24 4.24 5.82 5.82 5.82 4.24 4.24 4.24 4.49 5.82 4.24 5.82 4.24 5.82 5.82 5.65 4.79 5.65 5.66 4.15 4.15 4.15 5.66 4.15 4.15 5.65 5.65 5.65 5.65 4.15 4.15 2.97 2.97 3.43 3.43 0.00 0.00 0.00 0.00 0.00 0.00 0.00 0.00 0.00 0.00 0.00 0.00 0.00 0.00 0.00 0.00 0.00 0.00 0.00 0.00 0.00 0.00 0.00 0.00 0.00 0.00 0.00 0.00
5.80 4.47 4.47 5.80 5.82 5.82 5.82 5.82 4.80 5.82 5.82 4.80 2.17 2.17 4.49 5.82 5.82 4.80 5.82 5.82 5.82 4.24 5.82 5.82 4.24 5.82 5.82 4.24 5.82 4.49 5.82 5.82 4.24 4.24 5.82 5.81 4.15 4.36 5.66 5.66 4.36 5.65 5.65 5.65 4.15 4.15 4.15 5.66 5.65 4.15 4.15 4.15 3.43 3.43 0.00 0.00 0.00 0.00 0.00 0.00 0.00 0.00 0.00 0.00 0.00 0.00 0.00 0.00 0.00 0.00 0.00 0.00 0.00 0.00 0.00 0.00 0.00 0.00 0.00 0.00 0.00 0.00 0.00 0.00
4.47 4.47 5.80 5.80 5.82 4.49 5.82 5.82 5.82 5.82 5.82 5.82 4.49 4.49 4.49 5.82 5.82 5.82 5.82 4.25 5.82 5.82 5.82 5.82 5.82 4.24 5.82 5.81 5.82 4.49 4.49 5.82 5.82 5.81 4.24 5.82 5.66 4.36 4.36 5.66 5.66 5.65 5.65 5.65 5.66 4.15 4.15 4.15 4.15 4.15 5.65 5.66 3.43 0.00 0.00 0.00 0.00 0.00 0.00 0.00 0.00 0.00 0.00 0.00 0.00 0.00 0.00 0.00 0.00 0.00 0.00 0.00 0.00 0.00 0.00 0.00 0.00 0.00 0.00 0.00 0.00 0.00 0.00 0.00
4.47 4.47 4.47 5.80 5.82 5.82 5.82 5.82 5.82 5.82 5.82 5.82 5.82 4.69 4.49 5.82 4.80 4.80 4.25 4.25 5.82 5.82 5.82 5.82 5.82 4.24 5.82 5.82 5.82 5.82 4.24 5.81 5.82 5.81 5.82 5.82 5.66 5.66 5.66 5.66 5.65 5.65 5.65 5.65 5.65 4.15 4.15 4.15 5.65 5.66 4.79 0.00 0.00 0.00 0.00 0.00 0.00 0.00 0.00 0.00 0.00 0.00 0.00 0.00 0.00 0.00 0.00 0.00 0.00 0.00 0.00 0.00 0.00 0.00 0.00 0.00 0.00 0.00 0.00 0.00 0.00 0.00 0.00 0.00
5.80 5.80 4.47 5.80 5.82 5.82 5.82 5.82 5.82 4.69 5.82 5.82 5.82 5.82 5.82 5.82 5.82 5.82 5.81 5.82 4.49 5.82 5.82 5.82 5.82 5.82 4.69 4.24 5.82 5.81 5.82 4.24 5.82 5.82 5.82 5.82 4.15 5.65 5.65 5.65 4.15 4.15 5.66 4.15 4.15 4.15 5.66 5.65 4.79 5.65 0.00 0.00 0.00 0.00 0.00 0.00 0.00 0.00 0.00 0.00 0.00 0.00 0.00 0.00 0.00 0.00 0.00 0.00 0.00 0.00 0.00 0.00 0.00 0.00 0.00 0.00 0.00 0.00 0.00 0.00 0.00 0.00 0.00 0.00
5.80 5.80 5.80 5.80 5.82 5.82 5.82 5.82 5.82 5.82 5.82 5.82 5.82 4.93 5.82 4.80 5.82 5.82 5.82 5.82 4.49 4.49 4.93 4.93 5.82 5.81 5.82 5.82 4.24 5.82 4.49 4.24 4.24 5.82 5.82 5.81 5.65 5.65 5.65 4.15 4.15 4.15 4.15 4.15 4.15 5.65 5.65 4.79 0.00 0.00 0.00 0.00 0.00 0.00 0.00 0.00 0.00 0.00 0.00 0.00 0.00 0.00 0.00 0.00 0.00 0.00 0.00 0.00 0.00 0.00 0.00 0.00 0.00 0.00 0.00 0.00 0.00 0.00 0.00 0.00 0.00 0.00 0.00 0.00
5.80 5.80 5.80 5.80 5.82 5.82 5.82 5.82 5.82 5.82 5.82 5.82 5.82 5.82 4.49 5.82 5.82 5.82 5.81 5.82 5.82 4.49 4.49 4.93 4.93 5.82 4.49 4.24 5.82 5.82 4.49 5.82 5.81 5.81 5.81 5.81 5.65 5.65 5.65 4.15 4.15 4.15 4.15 5.65 5.66 5.66 4.15 4.79 0.00 0.00 0.00 0.00 0.00 0.00 0.00 0.00 0.00 0.00 0.00 0.00 0.00 0.00 0.00 0.00 0.00 0.00 0.00 0.00 0.00 0.00 0.00 0.00 0.00 0.00 0.00 0.00 0.00 0.00 0.00 0.00 0.00 0.00 0.00 0.00
5.80 5.80 5.80 5.80 5.82 5.82 5.82 5.82 5.82 5.82 5.82 5.82 5.82 5.82 5.82 5.82 4.49 4.49 4.49 5.82 5.82 4.24 5.82 5.82 5.81 5.82 4.93 4.24 4.24 5.82 5.81 5.81 5.81 5.81 5.81 5.81 5.65 5.65 4.15 4.15 4.15 5.65 5.65 5.65 5.65 5.66 2.11 4.79 5.65 0.00 0.00 0.00 0.00 0.00 0.00 0.00 0.00 0.00 0.00 0.00 0.00 0.00 0.00 0.00 0.00 0.00 0.00 0.00 0.00 0.00 0.00 0.00 0.00 0.00 0.00 0.00 0.00 0.00 0.00 0.00 0.00 0.00 0.00 0.00
5.80 5.80 5.80 5.80 5.82 5.82 5.82 5.82 5.82 5.82 5.82 5.82 5.82 5.82 5.82 5.82 4.49 4.49 5.82 5.82 5.81 5.82 4.49 5.81 5.82 4.24 5.82 5.82 4.49 5.81 5.81 5.81 5.81 5.81 5.81 5.81 5.65 5.65 5.66 5.66 5.65 5.65 5.65 5.65 5.65 5.65 5.66 4.15 5.65 0.00 0.00 0.00 0.00 0.00 0.00 0.00 0.00 0.00 0.00 0.00 0.00 0.00 0.00 0.00 0.00 0.00 0.00 0.00 0.00 0.00 0.00 0.00 0.00 0.00 0.00 0.00 0.00 0.00 0.00 0.00 0.00 0.00 0.00 0.00
5.79 5.79 5.79 5.79 5.85 5.85 5.85 5.85 5.85 5.85 5.85 4.71 5.85 5.85 4.71 5.83 5.85 5.85 5.83 5.82 5.80 4.48 4.48 5.78 5.78 5.80 5.78 5.80 5.80 5.80 5.78 5.79 5.79 5.79 5.79 5.79 5.50 5.50 5.50 5.50 5.50 5.50 4.05 4.05 5.50 5.50 5.49 5.49 5.49 0.00 0.00 0.00 0.00 0.00 0.00 0.00 0.00 0.00 0.00 0.00 0.00 0.00 0.00 0.00 0.00 0.00 0.00 0.00 0.00 0.00 0.00 0.00 0.00 0.00 0.00 0.00 0.00 0.00 0.00 0.00 0.00 0.00 0.00 0.00
5.79 5.79 5.79 5.79 5.85 5.85 5.85 5.85 5.85 5.85 5.85 5.85 5.85 5.85 5.85 5.83 5.83 5.85 4.25 4.25 4.48 4.48 4.48 4.48 5.80 5.80 4.21 4.21 1.48 1.48 1.48 5.79 5.79 5.79 5.79 5.79 5.50 5.50 5.50 5.50 5.50 5.50 4.05 5.50 5.49 5.49 5.49 5.49 5.49 0.00 0.00 0.00 0.00 0.00 0.00 0.00 0.00 0.00 0.00 0.00 0.00 0.00 0.00 0.00 0.00 0.00 0.00 0.00 0.00 0.00 0.00 0.00 0.00 0.00 0.00 0.00 0.00 0.00 0.00 0.00 0.00 0.00 0.00 0.00
5.79 5.79 5.79 5.79 5.85 5.85 5.85 5.85 5.85 5.85 5.85 5.85 5.85 5.85 5.82 5.82 5.84 4.25 4.25 5.84 5.80 5.80 4.48 4.48 5.80 4.21 5.80 5.80 5.80 5.80 1.48 5.80 5.79 5.79 5.79 5.79 5.50 5.50 5.50 5.50 5.50 5.50 5.50 5.50 5.49 5.49 5.50 5.50 5.49 0.00 0.00 0.00 0.00 0.00 0.00 0.00 0.00 0.00 0.00 0.00 0.00 0.00 0.00 0.00 0.00 0.00 0.00 0.00 0.00 0.00 0.00 0.00 0.00 0.00 0.00 0.00 0.00 0.00 0.00 0.00 0.00 0.00 0.00 0.00
5.79 5.79 5.79 2.16 5.85 5.85 5.85 1.49 5.85 5.85 5.85 5.85 5.85 5.85 5.84 5.82 4.51 4.51 5.84 5.82 5.77 5.77 4.91 4.48 4.48 5.80 4.48 4.48 1.48 4.21 4.21 5.78 5.78 5.79 5.79 5.79 5.50 5.50 5.50 5.50 5.50 5.50 1.40 1.40 5.50 1.40 1.40 5.49 5.50 0.00 0.00 0.00 0.00 0.00 0.00 0.00 0.00 0.00 0.00 0.00 0.00 0.00 0.00 0.00 0.00 0.00 0.00 0.00 0.00 0.00 0.00 0.00 0.00 0.00 0.00 0.00 0.00 0.00 0.00 0.00 0.00 0.00 0.00 0.00
5.79 5.79 5.79 5.79 5.85 5.85 5.85 5.85 5.85 5.85 5.85 5.85 5.85 5.82 5.82 5.84 5.82 5.84 4.25 5.84 5.80 5.80 4.48 4.48 4.48 5.78 5.77 4.48 5.80 5.77 5.80 5.78 5.80 5.79 5.79 5.79 5.50 5.50 5.50 5.49 5.49 5.50 1.40 1.40 1.40 1.40 1.40 1.40 5.49 0.00 0.00 0.00 0.00 0.00 0.00 0.00 0.00 0.00 0.00 0.00 0.00 0.00 0.00 0.00 0.00 0.00 0.00 0.00 0.00 0.00 0.00 0.00 0.00 0.00 0.00 0.00 0.00 0.00 0.00 0.00 0.00 0.00 0.00 0.00
5.79 5.79 5.79 5.79 5.85 5.85 5.85 5.85 5.85 5.85 5.85 5.85 4.96 4.51 4.51 5.82 4.51 5.82 4.71 5.84 5.80 5.80 4.48 4.48 4.48 5.80 5.80 4.48 5.80 4.48 4.48 4.48 5.80 5.78 5.79 5.79 5.50 4.24 5.50 5.50 5.50 4.24 5.50 4.05 1.40 1.40 1.40 1.40 2.05 0.00 0.00 0.00 0.00 0.00 0.00 0.00 0.00 0.00 0.00 0.00 0.00 0.00 0.00 0.00 0.00 0.00 0.00 0.00 0.00 0.00 0.00 0.00 0.00 0.00 0.00 0.00 0.00 0.00 0.00 0.00 0.00 0.00 0.00 0.00
5.79 5.79 5.79 5.79 5.85 5.85 5.85 5.85 5.85 5.85 4.51 4.51 4.51 1.49 4.51 5.84 4.51 4.51 5.84 5.82 5.77 5.77 4.21 4.48 5.80 4.21 4.21 5.80 5.80 4.91 4.48 4.48 4.48 5.80 5.80 5.80 4.24 4.24 4.24 4.24 5.50 4.24 5.50 1.40 1.40 1.40 1.40 4.66 0.00 5.49 0.00 0.00 0.00 0.00 0.00 0.00 0.00 0.00 0.00 0.00 0.00 0.00 0.00 0.00 0.00 0.00 0.00 0.00 0.00 0.00 0.00 0.00 0.00 0.00 0.00 0.00 0.00 0.00 0.00 0.00 0.00 0.00 0.00 0.00
5.79 5.79 5.79 1.47 5.85 5.85 5.85 5.85 5.85 5.85 4.51 1.49 1.49 1.49 5.84 5.84 4.51 5.82 5.84 4.25 5.77 5.80 4.21 5.80 5.80 5.80 5.80 5.80 5.77 4.91 4.48 4.48 5.80 5.80 5.78 4.48 4.05 5.50 4.24 4.24 4.05 4.24 5.50 5.50 1.40 1.40 1.40 4.66 0.00 0.00 0.00 0.00 0.00 0.00 0.00 0.00 0.00 0.00 0.00 0.00 0.00 0.00 0.00 0.00 0.00 0.00 0.00 0.00 0.00 0.00 0.00 0.00 0.00 0.00 0.00 0.00 0.00 0.00 0.00 0.00 0.00 0.00 0.00 0.00
5.79 5.79 5.79 5.79 5.85 5.85 5.85 5.85 4.51 4.51 1.49 1.49 4.51 5.84 5.82 4.51 4.51 4.51 5.82 5.84 4.21 5.80 5.77 5.80 5.80 4.21 4.21 4.48 4.67 4.67 4.91 1.48 5.80 5.80 5.80 4.21 5.50 5.50 4.05 4.66 5.50 5.49 5.49 5.49 1.40 4.66 4.66 5.49 0.00 0.00 0.00 0.00 0.00 0.00 0.00 0.00 0.00 0.00 0.00 0.00 0.00 0.00 0.00 0.00 0.00 0.00 0.00 0.00 0.00 0.00 0.00 0.00 0.00 0.00 0.00 0.00 0.00 0.00 0.00 0.00 0.00 0.00 0.00 0.00
5.79 5.79 5.79 5.79 5.85 5.85 5.85 5.85 5.85 1.49 1.49 4.51 4.51 4.51 5.82 4.71 4.95 4.51 5.82 5.84 4.21 5.80 4.48 4.48 5.80 4.48 4.48 4.48 5.77 5.80 1.48 1.48 1.48 5.78 5.78 5.78 5.50 5.50 1.40 1.40 5.49 1.40 5.49 4.24 4.66 0.00 0.00 0.00 0.00 0.00 0.00 0.00 0.00 0.00 0.00 0.00 0.00 0.00 0.00 0.00 0.00 0.00 0.00 0.00 0.00 0.00 0.00 0.00 0.00 0.00 0.00 0.00 0.00 0.00 0.00 0.00 0.00 0.00 0.00 0.00 0.00 0.00 0.00 0.00
5.79 5.79 4.47 5.79 5.85 5.85 5.85 4.51 4.51 1.49 1.49 1.49 5.84 5.84 5.84 4.51 4.95 1.49 5.82 5.82 5.80 5.80 4.48 4.48 5.80 4.48 4.48 4.48 5.78 5.78 5.80 5.80 1.48 1.48 5.80 5.80 5.50 5.50 5.50 1.40 5.49 5.50 5.50 4.66 4.66 0.00 0.00 0.00 0.00 0.00 0.00 0.00 0.00 0.00 0.00 0.00 0.00 0.00 0.00 0.00 0.00 0.00 0.00 0.00 0.00 0.00 0.00 0.00 0.00 0.00 0.00 0.00 0.00 0.00 0.00 0.00 0.00 0.00 0.00 0.00 0.00 0.00 0.00 0.00
5.79 5.79 4.47 5.79 5.85 5.85 5.85 5.85 5.85 4.51 4.51 4.51 4.51 4.51 4.51 4.51 4.51 1.49 1.49 5.84 5.77 4.48 4.48 4.48 5.77 4.48 4.48 4.48 1.48 1.48 5.78 4.21 4.21 1.48 5.78 5.80 2.05 1.40 1.40 1.40 1.40 5.49 5.49 4.66 5.49 0.00 0.00 0.00 0.00 0.00 0.00 0.00 0.00 0.00 0.00 0.00 0.00 0.00 0.00 0.00 0.00 0.00 0.00 0.00 0.00 0.00 0.00 0.00 0.00 0.00 0.00 0.00 0.00 0.00 0.00 0.00 0.00 0.00 0.00 0.00 0.00 0.00 0.00 0.00
5.79 1.47 1.47 1.47 4.51 5.85 5.85 4.78 5.85 4.51 4.51 4.51 5.84 5.84 4.51 4.51 1.49 1.49 1.49 5.82 4.48 4.48 4.48 4.48 5.80 5.80 4.48 1.48 1.48 4.48 4.48 4.48 4.48 5.78 5.78 5.78 2.05 1.40 1.40 4.66 4.66 5.49 5.49 5.49 5.49 0.00 0.00 0.00 0.00 0.00 0.00 0.00 0.00 0.00 0.00 0.00 0.00 0.00 0.00 0.00 0.00 0.00 0.00 0.00 0.00 0.00 0.00 0.00 0.00 0.00 0.00 0.00 0.00 0.00 0.00 0.00 0.00 0.00 0.00 0.00 0.00 0.00 0.00 0.00
5.79 1.47 1.47 4.47 4.51 4.51 5.85 5.85 5.85 4.51 4.51 5.84 4.25 4.51 4.51 4.51 4.51 4.51 4.51 1.49 4.48 4.48 5.80 5.80 4.48 4.48 1.48 1.48 4.48 4.48 4.91 1.48 1.48 5.78 4.91 4.92 5.49 4.66 4.66 5.49 5.49 0.00 0.00 0.00 0.00 0.00 0.00 0.00 0.00 0.00 0.00 0.00 0.00 0.00 0.00 0.00 0.00 0.00 0.00 0.00 0.00 0.00 0.00 0.00 0.00 0.00 0.00 0.00 0.00 0.00 0.00 0.00 0.00 0.00 0.00 0.00 0.00 0.00 0.00 0.00 0.00 0.00 0.00 0.00
