New_Model_Runs/10_Future_Present_Scn3_out/post_prcessed_with_MFR/Monthly_summaries/interception_monthly_APR.asc
NCOLS 700
NROWS 400
XLLCENTER 515000.000000
YLLCENTER 8409000.000000
CELLSIZE 50.000000
NODATA_value -999.000000
[rows 190 to 227 of 400, columns 84 to 167 of 700]
0.00 0.00 0.00 0.00 0.00 0.00 0.00 0.00 0.00 0.00 0.00 0.00 0.00 0.00 0.00 0.00 0.00 0.00 0.00 0.00 0.00 0.00 0.00 0.00 0.00 1.49 1.49 1.49 1.55 1.55 1.55 1.55 1.60 1.60 1.60 1.60 1.65 1.65 1.65 1.65 1.63 1.63 1.63 1.63 1.59 1.59 1.59 1.59 1.58 1.58 1.58 1.58 1.60 1.60 1.60 1.60 1.65 1.65 1.65 1.65 1.75 1.75 1.75 1.75 1.80 1.80 1.80 1.80 1.73 1.73 1.73 1.73 1.76 1.76 1.76 1.76 1.75 1.75 1.75 1.75 1.48 1.48 1.48 1.48
0.00 0.00 0.00 0.00 0.00 0.00 0.00 0.00 0.00 0.00 0.00 0.00 0.00 0.00 0.00 0.00 0.00 0.00 0.00 0.00 0.00 0.00 0.00 0.00 0.00 1.49 1.49 1.24 1.27 1.55 1.55 1.55 1.60 1.60 1.60 1.60 1.65 1.65 1.65 1.65 1.63 1.63 1.63 1.63 1.59 1.59 1.59 1.59 1.58 1.58 1.58 1.58 1.60 1.60 1.60 1.60 1.65 1.65 1.65 1.65 1.75 1.75 1.75 1.75 1.80 1.80 1.80 1.80 1.73 1.73 1.73 1.73 1.76 1.76 1.76 1.76 1.75 1.75 1.75 1.75 1.48 1.48 1.48 1.48
0.00 0.00 0.00 0.00 0.00 0.00 0.00 0.00 0.00 0.00 0.00 0.00 0.00 0.00 0.00 0.00 0.00 0.00 0.00 0.00 0.00 0.00 0.00 0.00 0.00 0.00 1.43 0.00 1.25 1.25 1.49 1.49 1.58 1.58 1.58 1.58 1.67 1.67 1.67 1.67 1.68 1.68 1.68 1.68 1.63 1.63 1.63 1.63 1.59 1.59 1.59 1.59 1.64 1.64 1.64 1.64 1.69 1.69 1.69 1.69 1.79 1.79 1.79 1.79 1.79 1.79 1.79 1.79 1.74 1.74 1.74 1.74 1.74 1.74 1.74 1.74 1.54 1.54 1.54 1.54 1.37 1.37 1.37 1.37
0.00 0.00 0.00 0.00 0.00 0.00 0.00 0.00 0.00 0.00 0.00 0.00 0.00 0.00 0.00 0.00 0.00 0.00 0.00 0.00 0.00 0.00 0.00 0.00 0.00 0.00 0.00 1.43 1.25 1.25 1.49 1.49 1.58 1.58 1.58 1.58 1.67 1.67 1.67 1.67 1.68 1.68 1.68 1.68 1.63 1.63 1.63 1.63 1.59 1.59 1.59 1.59 1.64 1.64 1.64 1.64 1.69 1.69 1.69 1.69 1.79 1.79 1.79 1.79 1.79 1.79 1.79 1.79 1.74 1.74 1.74 1.74 1.74 1.74 1.74 1.74 1.54 1.54 1.54 1.54 1.37 1.37 1.37 1.37
0.00 0.00 0.00 0.00 0.00 0.00 0.00 0.00 0.00 0.00 0.00 0.00 0.00 0.00 0.00 0.00 0.00 0.00 0.00 0.00 0.00 0.00 0.00 0.00 0.00 0.00 0.00 0.00 1.54 1.54 1.54 1.54 1.64 1.64 1.64 1.64 1.74 1.74 1.74 1.74 1.76 1.76 1.76 1.76 1.72 1.72 1.72 1.72 1.67 1.67 1.67 1.67 1.73 1.73 1.73 1.73 1.79 1.79 1.79 1.79 1.92 1.92 1.92 1.92 1.93 1.93 1.93 1.93 1.87 1.87 1.87 1.87 1.87 1.87 1.87 1.87 1.63 1.63 1.63 1.63 1.43 1.43 1.43 1.43
0.00 0.00 0.00 0.00 0.00 0.00 0.00 0.00 0.00 0.00 0.00 0.00 0.00 0.00 0.00 0.00 0.00 0.00 0.00 0.00 0.00 0.00 1.56 0.00 0.00 0.00 0.00 0.00 1.54 1.54 1.54 1.54 1.64 1.64 1.64 1.64 1.74 1.74 1.74 1.74 1.76 1.76 1.76 1.76 1.72 1.72 1.72 1.72 1.67 1.67 1.67 1.67 1.73 1.73 1.73 1.73 1.79 1.79 1.79 1.79 1.92 1.92 1.92 1.92 1.93 1.93 1.93 1.93 1.87 1.87 1.87 1.87 1.87 1.87 1.87 1.87 1.63 1.63 1.63 1.63 1.43 1.43 1.43 1.43
0.00 0.00 0.00 0.00 0.00 0.00 0.00 0.00 0.00 0.00 0.00 0.00 0.00 0.00 0.00 0.00 0.00 0.00 0.00 0.00 0.00 1.56 1.56 1.56 1.47 0.00 0.00 1.47 1.52 1.52 1.52 1.52 1.61 1.61 1.61 1.61 1.71 1.71 1.71 1.71 1.75 1.75 1.75 1.75 1.77 1.77 1.77 1.77 1.74 1.74 1.74 1.74 1.82 1.82 1.82 1.82 1.87 1.87 1.87 1.87 1.92 1.92 1.92 1.92 1.90 1.90 1.90 1.90 1.85 1.85 1.85 1.85 1.64 1.64 1.64 1.64 1.42 1.42 1.42 1.42 1.40 1.40 1.40 1.40
0.00 0.00 0.00 0.00 0.00 0.00 0.00 0.00 0.00 0.00 0.00 0.00 0.00 0.00 0.00 0.00 0.00 0.00 0.00 0.00 1.56 1.56 1.56 1.56 0.00 0.00 0.00 0.00 1.52 1.52 1.52 1.52 1.61 1.61 1.61 1.61 1.71 1.71 1.71 1.71 1.75 1.75 1.75 1.75 1.77 1.77 1.77 1.77 1.74 1.74 1.74 1.74 1.82 1.82 1.82 1.82 1.87 1.87 1.87 1.87 1.92 1.92 1.92 1.92 1.90 1.90 1.90 1.90 1.85 1.85 1.85 1.85 1.64 1.64 1.64 1.64 1.42 1.42 1.42 1.42 1.40 1.40 1.40 1.40
0.00 0.00 0.00 0.00 0.00 0.00 0.00 0.00 0.00 0.00 0.00 0.00 0.00 0.00 0.00 0.00 0.00 0.00 0.00 1.56 1.56 1.56 1.56 1.28 1.24 0.00 0.00 0.00 0.00 1.52 1.52 1.52 1.61 1.61 1.61 1.61 1.71 1.71 1.71 1.71 1.75 1.75 1.75 1.75 1.77 1.77 1.77 1.77 1.74 1.74 1.74 1.74 1.82 1.82 1.82 1.82 1.87 1.87 1.87 1.87 1.92 1.92 1.92 1.92 1.90 1.90 1.90 1.90 1.85 1.85 1.85 1.85 1.64 1.64 1.64 1.64 1.42 1.42 1.42 1.42 1.40 1.40 1.40 1.40
0.00 0.00 0.00 0.00 0.00 0.00 0.00 0.00 0.00 0.00 0.00 0.00 0.00 0.00 0.00 0.00 0.00 0.00 1.56 1.56 1.56 1.56 1.56 1.56 1.47 1.47 1.47 0.00 0.00 1.52 1.52 1.52 1.61 1.61 1.61 1.61 1.71 1.71 1.71 1.71 1.75 1.75 1.75 1.75 1.77 1.77 1.77 1.77 1.74 1.74 1.74 1.74 1.82 1.82 1.82 1.82 1.87 1.87 1.87 1.87 1.92 1.92 1.92 1.92 1.90 1.90 1.90 1.90 1.85 1.85 1.85 1.85 1.64 1.64 1.64 1.64 1.42 1.42 1.42 1.42 1.40 1.40 1.40 1.40
0.00 1.72 1.72 1.72 1.65 0.00 0.00 0.00 0.00 0.00 0.00 0.00 0.00 0.00 0.00 1.57 1.63 1.63 1.63 1.60 1.62 1.62 1.62 1.62 1.54 1.54 1.54 0.00 1.56 1.56 1.56 1.56 1.61 1.61 1.61 1.61 1.65 1.65 1.65 1.65 1.68 1.68 1.68 1.68 1.82 1.82 1.82 1.82 1.87 1.87 1.87 1.87 1.88 1.88 1.88 1.88 1.85 1.85 1.85 1.85 1.85 1.85 1.85 1.85 1.86 1.86 1.86 1.86 1.72 1.72 1.72 1.72 1.45 1.45 1.45 1.45 1.39 1.39 1.39 1.39 1.47 1.47 1.47 1.47
0.00 0.00 1.72 1.72 1.65 0.00 0.00 0.00 0.00 0.00 0.00 0.00 0.00 0.00 1.57 1.57 1.63 1.63 1.63 1.63 1.65 1.65 1.65 1.62 1.54 1.54 1.54 1.54 1.56 1.56 1.56 1.56 1.61 1.61 1.61 1.61 1.65 1.65 1.65 1.65 1.68 1.68 1.68 1.68 1.82 1.82 1.82 1.82 1.87 1.87 1.87 1.87 1.88 1.88 1.88 1.88 1.85 1.85 1.85 1.85 1.85 1.85 1.85 1.85 1.86 1.86 1.86 1.86 1.72 1.72 1.72 1.72 1.45 1.45 1.45 1.45 1.39 1.39 1.39 1.39 1.47 1.47 1.47 1.47
0.00 1.72 1.72 1.72 1.65 1.65 0.00 0.00 0.00 0.00 0.00 0.00 0.00 1.57 1.57 1.57 1.63 1.63 1.63 0.00 1.65 1.65 1.65 1.65 1.58 1.58 1.58 1.54 1.56 1.56 1.56 1.56 1.61 1.61 1.61 1.61 1.65 1.65 1.65 1.65 1.68 1.68 1.68 1.68 1.82 1.82 1.82 1.82 1.87 1.87 1.87 1.87 1.88 1.88 1.88 1.88 1.85 1.85 1.85 1.85 1.85 1.85 1.85 1.85 1.86 1.86 1.86 1.86 1.72 1.72 1.72 1.72 1.45 1.45 1.45 1.45 1.39 1.39 1.39 1.39 1.47 1.47 1.47 1.47
1.72 1.72 1.72 1.72 1.65 1.65 0.00 0.00 0.00 0.00 0.00 0.00 0.00 0.00 1.57 1.57 1.63 1.63 1.63 1.63 1.65 1.65 1.65 1.65 1.58 1.58 1.58 1.58 1.60 1.60 1.56 1.56 1.61 1.61 1.61 1.61 1.65 1.65 1.65 1.65 1.68 1.68 1.68 1.68 1.82 1.82 1.82 1.82 1.87 1.87 1.87 1.87 1.88 1.88 1.88 1.88 1.85 1.85 1.85 1.85 1.85 1.85 1.85 1.85 1.86 1.86 1.86 1.86 1.72 1.72 1.72 1.72 1.45 1.45 1.45 1.45 1.39 1.39 1.39 1.39 1.47 1.47 1.47 1.47
1.77 1.77 1.77 1.77 1.68 1.68 1.68 0.00 0.00 0.00 0.00 0.00 0.00 0.00 1.53 1.53 1.61 1.61 1.61 1.61 1.68 1.68 1.68 1.68 1.68 1.68 1.68 1.68 1.74 1.74 1.74 1.74 1.73 1.73 1.70 1.70 1.67 1.67 1.67 1.67 1.68 1.68 1.68 1.68 1.85 1.85 1.85 1.85 1.92 1.92 1.92 1.92 1.87 1.87 1.87 1.87 1.81 1.81 1.81 1.81 1.82 1.82 1.82 1.82 1.81 1.81 1.81 1.81 1.61 1.61 1.61 1.61 1.39 1.39 1.39 1.39 1.38 1.38 1.38 1.38 1.54 1.54 1.54 1.54
1.77 1.77 1.77 1.77 1.68 1.68 1.68 1.68 0.00 0.00 0.00 0.00 0.00 0.00 1.53 1.53 1.61 1.61 1.61 1.61 1.68 1.68 1.68 1.68 1.68 1.68 1.68 1.68 1.74 1.74 1.74 1.74 1.73 1.73 1.73 1.73 1.70 1.67 1.67 1.67 1.68 1.68 1.68 1.68 1.85 1.85 1.85 1.85 1.92 1.92 1.92 1.92 1.87 1.87 1.87 1.87 1.81 1.81 1.81 1.81 1.82 1.82 1.82 1.82 1.81 1.81 1.81 1.81 1.61 1.61 1.61 1.61 1.39 1.39 1.39 1.39 1.38 1.38 1.38 1.38 1.54 1.54 1.54 1.54
1.77 1.77 1.77 1.77 1.68 1.68 1.68 1.68 0.00 0.00 0.00 0.00 0.00 0.00 1.53 1.53 1.61 1.61 1.61 1.61 1.68 1.68 1.68 1.68 1.68 1.68 1.68 1.68 1.74 1.74 1.74 1.74 1.73 1.73 1.73 1.73 1.70 1.70 1.70 1.70 1.71 1.68 1.68 1.68 1.85 1.85 1.85 1.85 1.92 1.92 1.92 1.92 1.87 1.87 1.87 1.87 1.81 1.81 1.81 1.81 1.82 1.82 1.43 1.82 1.81 1.81 1.81 1.81 1.61 1.61 1.61 1.61 1.39 1.39 1.39 1.39 1.38 1.38 1.38 1.38 1.54 1.54 1.54 1.54
1.77 1.77 1.77 1.77 1.68 1.68 1.68 1.68 1.20 0.00 0.00 0.00 0.00 0.00 0.00 1.53 1.61 0.00 1.61 1.61 1.68 1.68 1.68 1.68 1.68 1.68 1.68 1.68 1.74 1.74 1.74 1.74 1.73 1.73 1.73 1.73 1.70 1.70 1.70 1.70 1.71 1.71 1.71 1.71 1.85 1.85 1.85 1.85 1.92 1.92 1.92 1.92 1.87 1.87 1.87 1.87 1.81 1.81 1.81 1.81 1.82 1.82 1.82 1.82 1.81 1.81 1.81 1.81 1.61 1.61 1.61 1.61 1.39 1.39 1.39 1.39 1.38 1.38 1.38 1.38 1.54 1.54 1.54 1.54
1.78 1.78 1.78 1.78 1.71 1.71 1.71 1.71 1.54 1.54 0.00 0.00 0.00 0.00 0.00 0.00 0.00 1.56 1.56 1.56 1.63 1.63 1.63 1.63 1.68 1.68 1.68 1.68 1.76 1.76 1.76 1.76 1.74 1.74 1.74 1.74 1.74 1.74 1.74 1.74 1.79 1.79 1.79 1.79 1.91 1.91 1.91 1.91 1.83 1.83 1.83 1.83 1.78 1.78 1.78 1.78 1.77 1.77 1.77 1.77 1.81 1.81 1.81 1.81 1.73 1.73 1.73 1.73 1.55 1.55 1.55 1.55 1.38 1.38 1.38 1.38 1.38 1.38 1.38 1.38 1.57 1.57 1.57 1.57
1.78 1.78 1.78 1.78 1.71 1.71 1.71 1.71 1.54 0.00 1.54 0.00 0.00 0.00 0.00 1.53 0.00 0.00 1.56 1.56 1.63 1.63 1.63 1.63 1.68 1.68 1.68 1.68 1.76 1.76 1.76 1.76 1.74 1.74 1.74 1.74 1.74 1.74 1.74 1.74 1.79 1.79 1.79 1.79 1.91 1.91 1.91 1.91 1.86 1.86 1.86 1.83 1.78 1.78 1.78 1.78 1.77 1.77 1.77 1.77 1.81 1.81 1.81 1.81 1.73 1.73 1.73 1.73 1.55 1.55 1.55 1.55 1.38 1.38 1.38 1.38 1.38 1.38 1.38 1.38 1.57 1.57 1.57 1.57
1.91 1.91 1.91 1.91 1.83 1.83 1.83 1.83 1.63 0.00 1.63 1.63 1.60 1.60 0.00 1.60 1.64 1.64 1.64 1.64 1.72 1.72 1.72 1.72 1.78 1.78 1.78 1.78 1.85 1.85 1.85 1.85 1.83 1.83 1.83 1.83 1.83 1.83 1.83 1.83 1.89 1.89 1.89 1.89 2.03 2.03 2.03 2.03 1.97 1.97 1.97 1.97 1.92 1.92 1.92 1.88 1.87 1.87 1.87 1.87 1.94 1.94 1.94 1.94 1.84 1.84 1.84 1.84 1.63 1.63 1.63 1.63 1.44 1.44 1.44 1.44 1.44 1.25 1.44 1.44 1.67 1.67 1.67 1.67
1.91 1.91 1.91 1.91 1.83 1.83 1.83 1.83 1.63 1.63 1.63 1.63 1.60 1.60 1.60 1.60 0.00 0.00 1.64 1.30 1.72 1.72 1.72 1.72 1.78 1.78 1.78 1.78 1.85 1.85 1.85 1.85 1.83 1.83 1.83 1.83 1.83 1.83 1.83 1.83 1.89 1.89 1.89 1.89 2.03 2.03 2.03 2.03 1.97 1.97 1.97 1.97 1.92 1.92 1.92 1.92 1.91 1.91 1.91 1.87 1.94 1.94 1.94 1.94 1.84 1.84 1.84 1.84 1.63 1.63 1.63 1.63 1.44 1.44 1.44 1.44 1.44 1.44 1.44 1.44 1.67 1.67 1.67 1.67
1.83 1.83 1.83 1.83 1.87 1.87 1.87 1.87 1.77 1.77 0.00 1.77 1.66 1.66 1.66 1.66 0.00 0.00 1.60 1.60 1.62 1.62 1.62 1.62 1.65 1.65 1.65 1.65 1.70 1.70 1.70 1.70 1.70 1.70 1.70 1.70 1.77 1.77 1.77 1.77 1.84 1.84 1.84 1.84 1.88 1.88 1.88 1.88 1.80 1.80 1.80 1.80 1.79 1.79 1.79 1.79 1.87 1.87 1.87 1.87 1.95 1.95 1.91 1.91 1.83 1.83 1.83 1.83 1.67 1.67 1.67 1.67 1.50 1.50 1.50 1.50 1.53 1.53 1.53 1.53 1.73 1.73 1.73 1.73
1.83 1.83 1.83 1.83 1.87 1.87 1.87 1.87 1.77 1.77 1.77 1.77 1.66 1.66 1.31 0.00 0.00 0.00 0.00 0.00 1.62 1.62 1.62 1.62 1.65 1.65 1.65 1.65 1.70 1.70 1.70 1.70 1.70 1.70 1.70 1.70 1.77 1.77 1.77 1.77 1.84 1.84 1.84 1.84 1.88 1.88 1.88 1.88 1.80 1.80 1.80 1.80 1.79 1.79 1.79 1.79 1.87 1.87 1.87 1.87 1.95 1.95 1.95 1.95 1.86 1.86 1.83 1.83 1.67 1.67 1.67 1.67 1.50 1.50 1.50 1.50 1.53 1.53 1.53 1.53 1.73 1.73 1.73 1.73
1.83 1.83 1.83 1.83 1.87 1.87 1.87 1.87 1.77 1.77 1.77 1.77 1.66 1.66 1.66 1.66 0.00 1.60 1.60 1.60 0.00 0.00 1.62 1.62 1.65 1.65 1.65 1.65 1.70 1.70 1.70 1.70 1.70 1.70 1.70 1.70 1.77 1.77 1.77 1.77 1.84 1.84 1.84 1.84 1.88 1.88 1.88 1.88 1.80 1.80 1.80 1.80 1.79 1.79 1.79 1.79 1.87 1.87 1.87 1.87 1.95 1.95 1.95 1.95 1.86 1.86 1.86 1.86 1.71 1.67 1.67 1.67 1.50 1.50 1.50 1.50 1.53 1.53 1.53 1.53 1.73 1.73 1.73 1.73
1.83 1.83 1.83 1.83 1.87 1.87 1.87 1.87 1.77 1.77 1.77 1.77 1.66 1.66 1.66 1.66 1.60 1.60 1.60 1.60 0.00 0.00 1.62 1.62 1.65 1.65 1.65 1.65 1.70 1.70 1.70 1.70 1.70 1.70 1.70 1.70 1.77 1.77 1.77 1.77 1.84 1.84 1.84 1.84 1.88 1.88 1.88 1.88 1.80 1.80 1.80 1.80 1.79 1.79 1.79 1.79 1.87 1.87 1.87 1.87 1.95 1.95 1.95 1.95 1.86 1.86 1.86 1.86 1.71 1.71 1.71 1.71 1.53 1.50 1.50 1.50 1.53 1.53 1.53 1.53 1.73 1.73 1.73 1.73
1.71 1.71 1.71 1.71 1.80 1.80 1.80 1.80 1.85 1.85 1.85 1.85 1.75 1.75 1.75 1.75 1.63 1.63 1.63 1.63 1.64 1.64 1.64 1.64 1.66 1.66 1.66 1.66 1.64 1.64 1.64 1.64 1.60 1.60 1.60 1.60 1.67 1.67 1.67 1.67 1.72 1.72 1.72 1.72 1.74 1.74 1.74 1.74 1.69 1.69 1.69 1.69 1.72 1.72 1.72 1.72 1.84 1.84 1.84 1.84 1.96 1.96 1.96 1.96 1.93 1.93 1.93 1.93 1.83 1.83 1.83 1.83 1.75 1.75 1.75 1.75 1.78 1.78 1.78 1.78 1.85 1.85 1.85 1.85
1.71 1.71 1.71 1.71 1.80 1.80 1.80 1.80 1.85 1.85 1.85 1.85 1.75 1.75 1.75 1.75 1.63 1.63 1.63 1.63 1.64 1.64 1.64 1.64 1.66 1.66 1.66 1.66 1.64 1.64 1.64 1.64 1.60 1.60 1.60 1.60 1.67 1.67 1.67 1.67 1.72 1.72 1.72 1.72 1.74 1.74 1.74 1.74 1.69 1.69 1.69 1.69 1.72 1.72 1.72 1.72 1.84 1.84 1.84 1.84 1.96 1.96 1.96 1.96 1.93 1.93 1.93 1.93 1.83 1.83 1.83 1.83 1.75 1.75 1.75 1.75 1.82 1.82 1.82 1.82 1.85 1.85 1.85 1.85
1.71 1.71 1.71 1.71 1.80 1.80 1.80 1.80 1.85 1.85 1.85 1.85 1.75 1.75 1.75 1.75 1.63 1.63 1.63 1.63 1.64 1.64 1.64 1.64 1.66 1.66 1.66 1.66 1.64 1.64 1.64 1.64 1.60 1.60 1.60 1.60 1.67 1.67 1.67 1.67 1.72 1.72 1.72 1.72 1.74 1.74 1.74 1.74 1.69 1.69 1.69 1.69 1.72 1.72 1.72 1.72 1.84 1.84 1.84 1.84 1.96 1.96 1.96 1.96 1.93 1.93 1.93 1.93 1.83 1.83 1.83 1.83 1.75 1.75 1.75 1.75 1.82 1.82 1.82 1.82 1.88 1.88 1.88 1.85
1.71 1.71 1.71 1.71 1.80 1.80 1.80 1.80 1.85 1.85 1.85 1.85 1.75 1.75 1.75 1.75 1.63 1.63 1.63 1.63 1.64 1.64 1.64 1.64 1.66 1.66 1.66 1.66 1.64 1.64 1.64 1.64 1.60 1.60 1.60 1.60 1.67 1.67 1.67 1.67 1.72 1.72 1.72 1.72 1.74 1.74 1.74 1.74 1.69 1.69 1.69 1.69 1.72 1.72 1.72 1.72 1.84 1.84 1.84 1.84 1.96 1.96 1.96 1.96 1.93 1.93 1.93 1.93 1.83 1.83 1.83 1.83 1.75 1.75 1.75 1.75 1.82 1.82 1.82 1.82 1.88 1.88 1.88 1.88
0.00 1.68 1.68 1.68 1.71 1.71 1.71 1.71 1.79 1.79 1.79 1.79 1.84 1.84 1.84 1.84 1.74 1.74 1.74 1.74 1.76 1.76 1.76 1.76 1.73 1.73 1.73 1.73 1.67 1.67 1.67 1.67 1.65 1.65 1.65 1.65 1.64 1.64 1.64 1.64 1.64 1.64 1.64 1.64 1.70 1.70 1.70 1.70 1.72 1.72 1.72 1.72 1.80 1.80 1.80 1.80 1.90 1.90 1.90 1.90 1.96 1.96 1.96 1.96 1.92 1.92 1.92 1.92 1.92 1.92 1.92 1.92 1.94 1.94 1.94 1.94 1.95 1.95 1.95 1.95 1.92 1.92 1.92 1.92
0.00 0.00 0.00 1.68 1.71 1.71 1.71 1.71 1.79 1.79 1.79 1.79 1.84 1.84 1.84 1.84 1.74 1.74 1.74 1.74 1.76 1.76 1.76 1.76 1.73 1.73 1.73 1.73 1.67 1.67 1.67 1.67 1.65 1.65 1.65 1.65 1.64 1.64 1.64 1.64 1.64 1.64 1.64 1.64 1.70 1.70 1.70 1.70 1.72 1.72 1.72 1.72 1.80 1.80 1.80 1.80 1.90 1.90 1.90 1.90 1.96 1.96 1.96 1.96 1.92 1.92 1.92 1.92 1.92 1.92 1.92 1.92 1.94 1.94 1.94 1.94 1.95 1.95 1.95 1.95 1.92 1.92 1.92 1.92
0.00 0.00 0.00 1.68 1.71 1.71 1.71 1.71 1.79 1.79 1.79 1.79 1.84 1.84 1.84 1.84 1.74 1.74 1.74 1.74 1.76 1.76 1.76 1.76 1.73 1.73 1.73 1.73 1.67 1.67 1.67 1.67 1.65 1.65 1.65 1.65 1.64 1.64 1.64 1.64 1.64 1.64 1.64 1.64 1.70 1.70 1.70 1.70 1.72 1.72 1.72 1.72 1.80 1.80 1.80 1.80 1.90 1.90 1.90 1.90 1.96 1.96 1.96 1.96 1.92 1.92 1.92 1.92 1.92 1.92 1.92 1.92 1.94 1.94 1.94 1.94 1.95 1.95 1.95 1.95 1.92 1.92 1.92 1.92
1.68 1.68 1.68 1.68 1.71 1.71 1.71 1.71 1.79 1.79 1.79 1.79 1.84 1.84 1.84 1.84 1.74 1.74 1.74 1.74 1.76 1.76 1.76 1.76 1.73 1.73 1.73 1.73 1.67 1.67 1.67 1.67 1.65 1.65 1.65 1.65 1.64 1.64 1.64 1.64 1.64 1.64 1.64 1.64 1.70 1.70 1.70 1.70 1.72 1.72 1.72 1.72 1.80 1.80 1.80 1.80 1.90 1.90 1.90 1.90 1.96 1.96 1.96 1.96 1.92 1.92 1.92 1.92 1.92 1.92 1.92 1.48 1.94 1.94 1.94 1.94 1.95 1.95 1.95 1.95 1.92 1.92 1.92 1.92
1.71 1.71 1.71 1.71 1.68 1.68 1.68 1.68 1.71 1.71 1.71 1.71 1.83 1.83 1.83 1.83 1.88 1.88 1.88 1.88 1.89 1.89 1.89 1.89 1.79 1.79 1.79 1.79 1.74 1.74 1.74 1.74 1.76 1.76 1.76 1.76 1.70 1.70 1.70 1.70 1.67 1.67 1.67 1.67 1.77 1.77 1.77 1.77 1.82 1.82 1.82 1.82 1.91 1.91 1.91 1.91 1.95 1.95 1.95 1.95 1.93 1.93 1.93 1.93 1.91 1.91 1.91 1.91 1.96 1.96 1.96 1.96 1.98 1.98 1.98 1.98 1.97 1.97 1.97 1.97 1.97 1.97 1.97 1.97
1.71 1.71 1.71 1.71 1.68 1.68 1.68 1.68 1.71 1.71 1.71 1.71 1.83 1.83 1.83 1.83 1.88 1.88 1.88 1.88 1.89 1.89 1.89 1.89 1.79 1.79 1.79 1.79 1.74 1.74 1.74 1.74 1.76 1.76 1.76 1.76 1.70 1.70 1.70 1.70 1.67 1.67 1.67 1.67 1.77 1.77 1.77 1.77 1.82 1.82 1.82 1.82 1.91 1.91 1.91 1.91 1.95 1.95 1.95 1.95 1.93 1.93 1.93 1.93 1.91 1.91 1.91 1.91 1.96 1.96 1.96 1.96 1.98 1.98 1.98 1.98 1.97 1.97 1.97 1.97 1.97 1.97 1.97 1.97
1.81 1.81 1.81 1.81 1.78 1.78 1.78 1.78 1.81 1.81 1.81 1.81 1.95 1.95 1.95 1.95 2.00 2.00 2.00 2.00 2.01 2.01 2.01 2.01 1.90 1.90 1.90 1.90 1.83 1.83 1.83 1.83 1.85 1.85 1.85 1.85 1.78 1.78 1.78 1.78 1.75 1.75 1.75 1.75 1.83 1.83 1.83 1.83 1.88 1.88 1.88 1.88 1.98 1.98 1.98 1.98 2.02 2.02 2.02 2.02 1.99 1.99 1.99 1.99 1.97 1.97 1.97 1.97 2.02 2.02 2.02 2.02 2.03 2.03 2.03 2.03 2.02 2.02 1.56 2.02 2.02 2.02 2.02 2.02
1.81 1.81 1.81 1.81 1.78 1.78 1.78 1.78 1.81 1.81 1.81 1.81 1.95 1.95 1.95 1.95 2.00 2.00 2.00 2.00 2.01 2.01 2.01 2.01 1.90 1.90 1.90 1.90 1.83 1.83 1.83 1.83 1.85 1.85 1.85 1.85 1.78 1.78 1.78 1.78 1.75 1.75 1.75 1.75 1.83 1.83 1.83 1.83 1.88 1.88 1.88 1.88 1.98 1.98 1.98 1.98 2.02 2.02 2.02 2.02 1.99 1.99 1.99 1.99 1.97 1.97 1.97 1.97 2.02 2.02 2.02 2.02 2.03 2.03 2.03 2.03 2.02 2.02 2.02 2.02 2.02 2.02 2.02 2.02
