New_Model_Runs/10_Future_Present_Scn3_out/post_prcessed_with_MFR/Monthly_summaries/interception_monthly_MAR.asc
NCOLS 700
NROWS 400
XLLCENTER 515000.000000
YLLCENTER 8409000.000000
CELLSIZE 50.000000
NODATA_value -999.000000
[rows 228 to 265 of 400, columns 84 to 167 of 700]
2.32 2.32 2.32 2.32 2.30 2.30 2.30 2.30 2.32 2.32 2.32 2.32 2.42 2.42 2.42 2.42 2.61 2.61 2.61 2.61 2.65 2.65 2.65 2.65 2.52 2.52 2.52 2.52 2.46 2.46 2.46 2.46 2.37 2.37 2.37 2.37 2.26 2.26 2.26 2.26 2.21 2.21 2.21 2.21 2.32 2.32 2.32 2.32 2.42 2.42 2.42 2.42 2.47 2.47 2.47 2.47 2.37 2.37 2.37 2.37 2.32 2.32 2.32 2.32 2.37 2.37 2.37 2.37 2.42 2.42 2.42 2.42 2.34 2.34 2.34 2.34 2.31 2.31 2.31 2.31 2.35 2.35 2.35 2.35
2.32 2.32 2.32 2.32 2.30 2.30 2.30 2.30 2.32 2.32 2.32 2.32 2.42 2.42 2.42 2.42 2.61 2.61 2.61 2.61 2.65 2.65 2.65 2.65 2.52 2.52 2.52 2.52 2.46 2.46 2.46 2.46 2.37 2.37 2.37 2.37 2.26 2.26 2.26 2.26 2.21 2.21 2.21 2.21 2.32 2.32 2.32 2.32 2.42 2.42 2.42 2.42 2.47 2.47 2.47 2.47 2.37 2.37 2.37 2.37 2.32 2.32 2.32 2.32 2.37 2.37 2.37 2.37 2.42 2.42 2.42 2.42 2.34 2.34 2.34 2.34 2.31 2.31 2.31 2.31 2.35 2.35 2.35 2.35
2.32 2.32 2.32 2.32 2.30 2.30 2.30 2.30 2.32 2.32 2.32 2.32 2.42 2.42 2.42 2.42 2.61 2.61 2.61 2.61 2.65 2.65 2.65 2.65 2.52 2.52 2.52 2.52 2.46 2.46 2.46 2.46 2.37 2.37 2.37 2.37 2.26 2.26 2.26 2.26 2.21 2.21 2.21 2.21 2.32 2.32 2.32 2.32 2.42 2.42 2.42 2.42 2.47 2.47 2.47 2.47 2.37 2.37 2.37 2.37 2.32 2.32 2.32 2.32 2.37 2.37 2.37 2.37 2.42 2.42 2.42 2.42 2.34 2.34 2.34 2.34 2.31 2.31 2.31 2.31 2.35 2.35 2.35 2.35
2.32 2.32 2.32 2.32 2.30 2.30 2.30 2.30 2.32 2.32 2.32 2.32 2.42 2.42 2.42 2.42 2.61 2.61 2.61 2.61 2.65 2.65 2.65 2.65 2.52 2.52 2.52 2.52 2.46 2.46 2.46 2.46 2.37 2.37 2.37 2.37 2.26 2.26 2.26 2.26 2.21 2.21 2.21 2.21 2.32 2.32 2.32 2.32 2.42 2.42 2.42 2.42 2.47 2.47 2.47 2.47 2.37 2.37 2.37 2.37 2.32 2.32 2.32 2.32 2.37 2.37 2.37 2.37 2.42 2.42 2.42 2.42 2.34 2.34 2.34 2.34 2.31 2.31 2.31 2.31 2.35 2.35 2.35 2.35
2.49 2.49 2.49 2.49 2.51 2.51 2.51 2.51 2.53 2.53 2.53 2.53 2.68 2.68 2.68 2.68 2.78 2.78 2.78 2.78 2.67 2.67 2.67 2.67 2.52 2.52 2.52 2.52 2.44 2.44 2.44 2.44 2.29 2.29 2.29 2.29 2.29 2.29 2.29 2.29 2.36 2.36 2.36 2.36 2.45 2.45 2.45 2.45 2.44 2.44 2.44 2.44 2.32 2.32 2.32 2.32 2.18 2.18 2.18 2.18 2.19 2.19 2.19 2.19 2.31 2.31 2.31 2.31 2.37 2.37 2.37 2.37 2.24 2.24 2.24 2.24 2.17 2.17 2.17 2.17 2.15 2.15 2.15 2.15
2.49 2.49 2.49 2.49 2.51 2.51 2.51 2.51 2.53 2.53 2.53 2.53 2.68 2.68 2.68 2.68 2.78 2.78 2.78 2.78 2.67 2.67 2.67 2.67 2.52 2.52 2.52 2.52 2.44 2.44 2.44 2.44 2.29 2.29 2.29 2.29 2.29 2.29 2.29 2.29 2.36 2.36 2.36 2.36 2.45 2.45 2.45 2.45 2.44 2.44 2.44 2.44 2.32 2.32 2.32 2.32 2.18 2.18 2.18 2.18 2.19 2.19 2.19 2.19 2.31 2.31 2.31 2.31 2.37 2.37 2.37 2.37 2.24 2.24 2.24 2.24 2.17 2.17 2.17 2.17 2.15 2.15 2.15 2.15
2.49 2.49 2.49 2.49 2.51 2.51 2.51 2.51 2.53 2.53 2.53 2.53 2.68 2.68 2.68 2.68 2.78 2.78 2.78 2.78 2.67 2.67 2.67 2.67 2.52 2.52 2.52 2.52 2.44 2.44 2.44 2.44 2.29 2.29 2.29 2.29 2.29 2.29 2.29 2.29 2.36 2.36 2.36 2.36 2.45 2.45 2.45 2.45 2.44 2.44 2.44 2.44 2.32 2.32 2.32 2.32 2.18 2.18 2.18 2.18 2.19 2.19 2.19 2.19 2.31 2.31 2.31 2.31 2.37 2.37 2.37 2.37 2.24 2.24 2.24 2.24 2.17 2.17 2.17 2.17 2.15 2.15 2.15 2.15
2.49 2.49 2.49 2.49 2.51 2.51 2.51 2.51 2.53 2.53 2.53 2.53 2.68 2.68 2.68 2.68 2.78 2.78 2.78 2.78 2.67 2.67 2.67 2.67 2.52 2.52 2.52 2.52 2.44 2.44 2.44 2.44 2.29 2.29 2.29 2.29 2.29 2.29 2.29 2.29 2.36 2.36 2.36 2.36 2.45 2.45 2.45 2.45 2.44 2.44 2.44 2.44 2.32 2.32 2.32 2.32 2.18 2.18 2.18 2.18 2.19 2.19 2.19 2.19 2.31 2.31 2.31 2.31 2.37 2.37 2.37 2.37 2.24 2.24 2.24 2.24 2.17 2.17 2.17 2.17 2.15 2.15 2.15 2.15
2.69 2.69 2.69 2.69 2.69 2.69 2.69 2.69 2.71 2.71 2.71 2.71 2.79 2.79 2.79 2.79 2.61 2.61 2.61 2.61 2.39 2.39 2.39 2.39 2.29 2.29 2.29 2.29 2.22 2.22 2.22 2.22 2.21 2.21 2.21 2.21 2.34 2.34 2.34 2.34 2.37 2.37 2.37 2.37 2.31 2.31 2.31 2.31 2.19 2.19 2.19 2.19 2.08 2.08 2.08 2.08 1.98 1.98 1.98 1.98 2.04 2.04 2.04 2.04 2.25 2.25 2.25 2.25 2.32 2.32 2.32 2.32 2.16 2.16 2.16 2.16 2.10 2.10 2.10 2.10 2.05 2.05 2.05 2.05
2.69 2.69 2.69 2.69 2.69 2.69 2.69 2.69 2.71 2.71 2.71 2.71 2.79 2.79 2.79 2.79 2.61 2.61 2.61 2.61 2.39 2.39 2.39 2.39 2.29 2.29 2.29 2.29 2.22 2.22 2.22 2.22 2.21 2.21 2.21 2.21 2.34 2.34 2.34 2.34 2.37 2.37 2.37 2.37 2.31 2.31 2.31 2.31 2.19 2.19 2.19 2.19 2.08 2.08 2.08 2.08 1.98 1.98 1.98 1.98 2.04 2.04 2.04 2.04 2.25 2.25 2.25 2.25 2.32 2.32 2.32 2.32 2.16 2.16 2.16 2.16 2.10 2.10 2.10 2.10 2.05 2.05 2.05 2.05
2.69 2.69 2.69 2.69 2.69 2.69 2.69 2.69 2.71 2.71 2.71 2.71 2.79 2.79 2.79 2.79 2.61 2.61 2.61 2.61 2.39 2.39 2.39 2.39 2.29 2.29 2.29 2.29 2.22 2.22 2.22 2.22 2.21 2.21 2.21 2.21 2.34 2.34 2.34 2.34 2.37 2.37 2.37 2.37 2.31 2.31 2.31 2.31 2.19 2.19 2.19 2.19 2.08 2.08 2.08 2.08 1.98 1.98 1.98 1.98 2.04 2.04 2.04 2.04 2.25 2.25 2.25 2.25 2.32 2.32 2.32 2.32 2.16 2.16 2.16 2.16 2.10 2.10 2.10 2.10 2.05 2.05 2.05 2.05
2.69 2.69 2.69 2.69 2.69 2.69 2.69 2.69 2.71 2.71 2.71 2.71 2.79 2.79 2.79 2.79 2.61 2.61 2.61 2.61 2.39 2.39 2.39 2.39 2.29 2.29 2.29 2.29 2.22 2.22 2.22 2.22 2.21 2.21 2.21 2.21 2.34 2.34 2.34 2.34 2.37 2.37 2.37 2.37 2.31 2.31 2.31 2.31 2.19 2.19 2.19 2.19 2.08 2.08 2.08 2.08 1.98 1.98 1.98 1.98 2.04 2.04 2.04 2.04 2.25 2.25 2.25 2.25 2.32 2.32 2.32 2.32 2.16 2.16 2.16 2.16 2.10 2.10 2.10 2.10 2.05 2.05 2.05 2.05
2.77 2.77 2.77 2.77 2.69 2.69 2.69 2.69 2.64 2.64 2.64 2.64 2.62 2.62 2.62 2.62 2.32 2.32 2.32 2.32 2.15 2.15 2.15 2.15 2.06 2.06 2.06 2.06 2.08 2.08 2.08 2.08 2.23 2.23 2.23 2.23 2.31 2.31 2.31 2.31 2.29 2.29 2.29 2.29 2.20 2.20 2.20 2.20 2.03 2.03 2.03 2.03 1.92 1.92 1.92 1.92 1.88 1.88 1.88 1.88 2.05 2.05 2.05 2.05 2.31 2.31 2.31 2.31 2.33 2.33 2.33 2.33 2.17 2.17 2.17 2.17 2.09 2.09 2.09 2.09 1.97 1.97 1.97 1.97
2.87 2.87 2.77 2.77 2.69 2.69 2.69 2.69 2.64 2.64 2.64 2.64 2.62 2.62 2.62 2.62 2.32 2.32 2.32 2.32 2.15 2.15 2.15 2.15 2.06 2.06 2.06 2.06 2.08 2.08 2.08 2.08 2.23 2.23 2.23 2.23 2.31 2.31 2.31 2.31 2.29 2.29 2.29 2.29 2.20 2.20 2.20 2.20 2.03 2.03 2.03 2.03 1.92 1.92 1.92 1.92 1.88 1.88 1.88 1.88 2.05 2.05 2.05 2.05 2.31 2.31 2.31 2.31 2.33 2.33 2.33 2.33 2.17 2.17 2.17 2.17 2.09 2.09 2.09 2.09 1.97 1.97 1.97 1.97
2.79 2.79 2.79 2.79 2.72 2.72 2.62 2.62 2.57 2.57 2.57 2.57 2.52 2.52 2.52 2.52 2.25 2.25 2.25 2.25 2.09 2.09 2.09 2.09 2.01 2.01 2.01 2.01 2.01 2.01 2.01 2.01 2.15 2.15 2.15 2.15 2.23 2.23 2.23 2.23 2.21 2.21 2.21 2.21 2.13 2.13 2.13 2.13 1.97 1.97 1.97 1.97 1.87 1.87 1.87 1.87 1.83 1.83 1.83 1.83 1.99 1.99 1.99 1.99 2.24 2.24 2.24 2.24 2.26 2.26 2.26 2.26 2.11 2.11 2.11 2.11 2.05 2.05 2.05 2.05 1.94 1.94 1.94 1.94
2.79 2.79 2.79 2.79 2.72 2.72 2.72 2.72 2.67 2.57 2.57 2.57 2.52 2.52 2.52 2.52 2.25 2.25 2.25 2.25 2.09 2.09 2.09 2.09 2.01 2.01 2.01 2.01 2.01 2.01 2.01 2.01 2.15 2.15 2.15 2.15 2.23 2.23 2.23 2.23 2.21 2.21 2.21 2.21 2.13 2.13 2.13 2.13 1.97 1.97 1.97 1.97 1.87 1.87 1.87 1.87 1.83 1.83 1.83 1.83 1.99 1.99 1.99 1.99 2.24 2.24 2.24 2.24 2.26 2.26 2.26 2.26 2.11 2.11 2.11 2.11 2.05 2.05 2.05 2.05 1.94 1.94 1.94 1.94
2.76 2.76 2.76 2.76 2.65 2.65 2.65 2.65 2.63 2.63 2.63 2.63 2.42 2.42 2.42 2.42 2.16 2.16 2.16 2.16 1.96 1.96 1.96 1.96 1.87 1.87 1.87 1.87 2.00 2.00 2.00 2.00 2.22 2.22 2.22 2.22 2.22 2.22 2.22 2.22 2.20 2.20 2.20 2.20 2.16 2.16 2.16 2.16 1.94 1.94 1.94 1.94 1.80 1.80 1.80 1.80 1.86 1.86 1.86 1.86 2.13 2.13 2.13 2.13 2.30 2.30 2.30 2.30 2.28 2.28 2.28 2.28 2.20 2.20 2.20 2.20 2.09 2.09 2.09 2.09 1.87 1.87 1.87 1.87
2.76 2.76 2.76 2.76 2.65 2.65 2.65 2.65 2.63 2.63 2.63 2.63 2.52 2.52 2.52 2.42 2.16 2.16 2.16 2.16 1.96 1.96 1.96 1.96 1.87 1.87 1.87 1.65 2.00 2.00 2.00 2.00 2.22 2.22 2.22 2.22 2.22 2.22 2.22 2.22 2.20 2.20 2.20 2.20 2.16 2.16 2.16 2.16 1.94 1.94 1.94 1.94 1.80 1.80 1.80 1.05 1.86 1.86 1.86 1.86 2.13 2.13 2.13 2.13 2.30 2.30 2.30 2.30 2.28 2.28 2.28 2.28 2.20 2.20 2.20 2.20 2.09 2.09 2.09 2.09 1.87 1.87 1.87 1.87
2.76 2.76 2.76 2.76 2.65 2.65 2.65 2.65 2.63 2.63 2.63 2.63 2.52 2.52 2.52 2.52 2.26 2.26 2.26 2.16 1.96 1.96 1.96 1.96 1.87 1.87 1.87 0.00 0.00 0.00 2.00 2.00 2.22 2.22 2.22 2.22 2.22 2.22 2.22 2.22 2.20 2.20 2.20 2.20 2.16 2.16 2.16 2.16 1.94 1.94 1.94 1.94 1.80 1.80 1.80 1.80 1.86 1.86 1.86 1.86 2.13 2.13 2.13 2.13 2.30 2.30 2.30 2.30 2.28 2.28 2.28 2.28 2.20 2.20 2.20 2.20 2.09 2.09 2.09 2.09 1.87 1.87 1.87 1.87
2.76 2.76 2.76 2.76 2.65 2.65 2.65 2.65 2.63 2.63 2.63 2.63 2.52 2.52 2.52 2.52 2.26 2.26 2.26 2.26 2.06 2.06 1.96 1.96 1.87 1.87 1.87 0.00 0.00 0.00 0.00 2.00 2.22 2.22 2.22 2.22 2.22 2.22 2.22 2.22 2.20 2.20 2.20 2.20 2.16 2.16 2.16 2.16 1.94 1.94 1.94 1.94 1.80 1.80 1.80 1.80 1.86 1.86 1.86 1.86 2.13 2.13 2.13 2.13 2.30 2.30 2.30 2.30 2.28 2.28 2.28 2.28 2.20 2.20 2.20 2.20 2.09 2.09 2.09 2.09 1.87 1.87 1.87 1.87
2.74 2.74 2.74 2.74 2.63 2.63 2.63 2.63 2.61 2.61 2.61 2.61 2.51 2.51 2.51 2.51 2.21 2.21 2.21 2.21 1.98 1.98 1.98 1.98 1.97 1.87 0.00 0.00 0.00 0.00 2.07 2.07 2.26 2.26 2.26 2.26 2.22 2.22 2.22 2.22 2.17 2.17 2.17 2.17 2.22 2.22 2.22 2.22 2.02 2.02 2.02 2.02 1.83 1.83 1.83 1.83 1.96 1.96 1.96 1.96 2.22 2.22 2.22 2.22 2.29 2.29 2.29 2.29 2.30 2.30 2.30 2.30 2.29 2.29 2.29 2.29 2.13 2.13 2.13 2.13 1.91 1.91 1.91 1.91
2.74 2.74 2.74 2.74 2.63 2.63 2.63 2.63 2.61 2.61 2.61 2.61 2.51 2.51 2.51 2.51 2.21 2.21 2.21 2.21 1.98 1.98 1.98 1.98 1.97 1.97 1.97 1.67 0.00 0.00 2.07 2.07 2.26 2.26 2.26 2.26 2.22 2.22 2.22 2.22 2.17 2.17 2.17 2.17 2.22 2.22 2.22 2.22 2.02 2.02 2.02 2.02 1.83 1.83 0.00 0.00 1.96 1.96 1.96 1.96 2.22 2.22 2.22 2.22 2.29 2.29 2.29 2.29 2.30 2.30 2.30 2.30 2.29 2.29 2.29 2.29 2.13 2.13 2.13 2.13 1.91 1.91 1.91 1.91
2.74 2.74 2.74 2.74 2.63 2.63 2.63 2.63 2.61 2.61 2.61 2.61 2.51 2.51 2.51 2.51 2.21 2.21 2.21 2.21 1.98 0.00 1.98 0.00 0.00 1.97 1.97 1.97 2.17 1.76 2.17 2.17 2.26 2.26 2.26 2.26 2.22 2.22 2.22 2.22 2.17 2.17 2.17 2.17 2.22 2.22 2.22 2.22 2.02 2.02 2.02 2.02 1.83 1.83 0.00 0.00 1.96 1.96 1.96 1.96 2.22 2.22 2.22 2.22 2.29 2.29 2.29 2.29 2.30 2.30 2.30 2.30 2.29 2.29 2.29 2.29 2.13 2.13 2.13 2.13 1.91 1.91 1.91 1.91
2.74 2.74 2.74 2.74 2.63 2.63 2.63 2.63 2.61 2.61 2.61 2.61 2.51 2.51 2.51 2.51 2.21 2.21 2.21 2.21 0.00 0.00 0.00 0.00 0.00 1.97 1.97 1.97 2.17 2.17 1.76 2.17 2.36 2.36 2.36 2.26 2.22 2.22 2.22 2.22 2.17 2.17 2.17 2.17 2.22 2.22 2.22 2.22 2.02 2.02 2.02 2.02 1.83 1.83 1.83 0.00 1.96 1.96 1.96 1.96 2.22 2.22 2.22 2.22 2.29 1.86 1.86 2.29 2.30 2.30 2.30 2.30 2.29 2.29 2.29 2.29 2.13 2.13 2.13 2.13 1.91 1.91 1.91 1.91
2.69 2.69 2.69 2.69 2.62 2.62 2.62 2.62 2.62 2.62 2.62 2.62 2.49 2.49 2.49 2.49 2.23 2.23 2.23 2.23 0.00 0.00 0.00 0.00 0.00 1.99 1.99 1.99 1.76 2.16 0.00 2.16 2.33 2.33 2.33 2.33 2.32 2.32 2.22 2.22 2.16 2.16 2.16 2.16 2.27 2.27 2.27 2.27 2.15 2.15 2.15 2.15 0.00 0.00 1.93 1.93 2.04 2.04 2.04 2.04 2.22 2.22 2.22 2.22 2.24 0.00 0.00 2.24 2.34 2.34 2.34 2.34 2.37 2.37 2.37 2.37 2.13 2.13 2.13 2.13 1.91 1.91 1.91 1.91
2.69 2.69 2.69 2.69 2.62 2.62 2.62 2.62 2.62 2.62 2.62 2.62 2.49 2.49 2.49 2.49 2.23 2.23 2.23 2.23 0.00 0.00 0.00 0.00 0.00 0.00 0.00 0.00 0.00 2.16 0.00 2.16 2.33 2.33 2.33 2.33 2.32 2.32 2.32 2.32 2.26 2.26 2.16 2.16 2.27 2.27 2.27 2.27 2.15 2.15 2.15 2.15 1.93 0.00 0.00 0.00 2.04 2.04 2.04 2.04 2.22 1.82 2.22 2.22 2.24 2.24 2.24 2.24 2.34 2.34 2.34 2.34 2.37 2.37 2.37 2.37 2.13 2.13 2.13 2.13 1.91 1.91 1.91 1.91
2.69 2.69 2.03 0.00 2.62 2.62 2.62 2.62 2.62 2.62 2.62 2.62 2.49 0.00 0.00 0.00 0.00 0.00 0.00 2.23 0.00 0.00 0.00 0.00 0.00 0.00 0.00 0.00 0.00 0.00 2.16 2.16 2.33 2.33 2.33 2.33 2.32 0.00 1.84 2.32 2.26 2.26 2.26 2.26 2.37 2.27 2.27 2.27 2.15 2.15 2.15 2.15 1.93 0.00 0.00 0.00 2.04 2.04 2.04 1.73 1.82 1.82 1.82 1.82 2.24 2.24 2.24 2.24 2.34 2.34 2.34 2.34 2.37 2.37 2.37 2.37 2.13 2.13 2.13 2.13 1.91 1.91 1.91 1.91
2.03 2.03 0.00 0.00 2.62 2.62 2.62 2.62 2.62 2.62 2.62 2.62 2.49 2.49 2.49 0.00 0.00 0.00 2.23 0.00 0.00 0.00 0.00 0.00 0.00 0.00 0.00 0.00 0.00 0.00 0.00 2.16 2.33 2.33 2.33 2.33 0.00 0.00 0.00 2.32 2.26 2.26 2.26 0.00 2.37 2.37 2.37 2.37 2.15 2.15 2.15 2.15 1.93 0.00 0.00 0.00 2.04 2.04 2.04 2.04 1.82 1.82 0.00 1.82 2.24 2.24 2.24 2.24 2.34 2.34 2.34 2.34 2.37 2.37 2.37 2.37 2.13 2.13 2.13 2.13 1.91 1.91 1.91 1.91
2.65 2.01 0.00 0.00 2.63 2.63 2.63 2.63 2.63 2.63 2.63 2.63 2.45 2.45 2.45 2.45 0.00 2.24 0.00 0.00 0.00 0.00 0.00 0.00 0.00 0.00 0.00 0.00 0.00 0.00 0.00 2.23 2.29 2.29 2.29 2.29 2.35 0.00 0.00 2.35 2.31 2.31 2.31 2.31 2.40 2.40 2.40 2.40 2.37 2.37 2.37 2.26 2.06 2.06 0.00 0.00 1.73 2.04 2.04 2.04 2.18 1.80 2.18 2.18 2.24 2.24 2.24 2.24 2.40 2.40 2.40 2.40 2.41 2.41 2.41 2.41 2.14 2.14 2.14 2.14 1.85 1.85 1.85 1.85
0.00 2.01 0.00 0.00 2.63 2.63 2.63 1.99 2.63 2.63 2.63 2.63 2.45 2.45 2.45 2.45 2.24 2.24 2.24 2.24 0.00 0.00 0.00 0.00 0.00 0.00 0.00 0.00 0.00 0.00 0.00 2.23 2.29 2.29 2.29 2.29 2.35 2.35 0.00 2.35 2.31 2.31 2.31 0.00 0.00 2.40 2.40 2.40 2.37 2.37 2.37 2.37 2.17 2.17 2.17 0.00 0.00 0.00 2.04 2.04 1.80 0.00 2.18 2.18 2.24 2.24 2.24 1.84 2.40 2.40 2.40 2.40 2.41 2.41 2.41 2.41 2.14 2.14 2.14 2.14 1.85 1.85 1.85 0.00
0.00 0.00 0.00 0.00 1.92 2.50 2.50 2.50 2.50 2.50 2.50 2.50 2.34 2.34 2.34 2.34 2.14 2.14 0.00 0.00 0.00 0.00 0.00 0.00 0.00 0.00 0.00 0.00 0.00 0.00 0.00 0.00 0.00 0.00 2.19 2.19 2.25 2.25 2.25 2.25 2.21 2.21 2.21 0.00 0.00 2.30 2.30 2.30 2.27 2.27 2.27 2.27 2.09 2.09 2.09 0.00 0.00 0.00 1.98 1.98 2.10 2.10 2.10 2.10 2.16 2.16 2.16 2.16 2.31 2.31 2.31 2.31 2.31 2.31 2.31 2.31 2.07 2.07 2.07 2.07 1.81 1.81 0.00 0.00
0.00 0.00 0.00 1.93 0.00 2.50 2.50 2.50 2.50 2.50 2.50 2.50 2.34 2.34 0.00 0.00 0.00 0.00 0.00 0.00 0.00 0.00 0.00 0.00 0.00 0.00 0.00 0.00 0.00 0.00 0.00 0.00 0.00 0.00 0.00 2.19 2.25 2.25 2.05 2.25 2.21 2.21 2.21 0.00 2.30 2.30 2.30 2.30 2.27 2.27 2.27 2.27 2.09 2.09 2.09 0.00 0.00 0.00 0.00 2.07 2.20 2.10 2.10 2.10 2.16 2.16 2.16 2.16 2.31 2.31 2.31 2.31 2.31 2.31 2.31 0.00 2.07 2.07 2.07 2.07 1.81 1.81 1.81 1.81
0.00 0.00 0.00 0.00 1.96 2.57 2.57 2.57 2.54 2.54 2.54 2.54 2.31 2.31 0.00 0.00 0.00 0.00 0.00 0.00 0.00 0.00 0.00 0.00 0.00 0.00 0.00 0.00 0.00 0.00 0.00 0.00 0.00 0.00 0.00 2.23 2.32 2.32 2.32 0.00 2.28 2.28 2.28 2.28 2.32 0.00 2.32 2.32 2.32 2.32 2.32 2.32 2.16 2.16 2.16 0.00 0.00 0.00 0.00 2.11 2.25 2.25 1.80 2.25 2.23 2.23 2.23 2.23 2.32 2.32 2.32 2.32 2.30 2.30 2.30 2.30 2.18 2.18 2.18 2.18 1.90 1.90 1.90 1.90
2.57 0.00 0.00 1.96 2.57 2.57 2.57 2.57 2.54 2.54 2.54 2.54 2.31 2.31 0.00 0.00 0.00 0.00 0.00 0.00 0.00 0.00 0.00 0.00 0.00 0.00 0.00 0.00 0.00 0.00 0.00 0.00 0.00 0.00 0.00 2.23 2.32 2.32 2.32 2.32 2.28 2.28 2.28 2.28 0.00 0.00 0.00 2.32 2.32 2.32 2.32 2.32 2.16 2.16 2.16 2.16 0.00 0.00 2.11 2.11 2.25 0.00 1.80 2.25 1.85 2.33 2.33 2.33 2.32 2.32 2.32 2.32 2.30 2.30 2.30 2.30 1.81 2.18 2.18 2.18 1.90 1.90 1.90 0.00
2.57 2.57 2.57 2.57 2.57 2.57 2.57 2.57 2.54 2.54 1.94 2.54 2.31 0.00 0.00 0.00 0.00 0.00 0.00 0.00 0.00 0.00 0.00 0.00 0.00 0.00 0.00 0.00 0.00 0.00 0.00 0.00 0.00 0.00 0.00 0.00 2.32 2.32 2.32 1.83 2.28 2.28 0.00 2.28 2.32 0.00 0.00 2.32 2.32 2.32 2.32 1.83 1.76 2.16 2.16 0.00 0.00 0.00 2.11 2.11 2.25 0.00 1.80 1.80 1.85 2.33 2.33 2.33 2.42 2.42 2.42 2.32 2.30 2.30 2.30 2.30 2.18 2.18 2.18 2.18 1.90 1.90 0.00 0.00
2.57 2.57 2.57 0.00 0.00 0.00 2.57 2.57 0.00 2.54 2.54 2.54 0.00 0.00 0.00 0.00 0.00 0.00 0.00 0.00 0.00 0.00 0.00 0.00 0.00 0.00 0.00 0.00 0.00 0.00 0.00 0.00 0.00 0.00 0.00 0.00 2.32 0.00 0.00 0.00 0.00 0.00 0.00 0.00 0.00 0.00 0.00 2.32 2.32 2.32 2.32 1.83 1.76 2.16 1.99 0.00 0.00 2.11 2.11 2.11 2.25 1.80 0.00 0.00 0.00 2.33 2.33 2.33 1.89 2.42 2.42 2.42 2.39 2.39 2.30 2.30 2.18 2.18 2.18 2.18 1.90 1.90 1.90 0.00
2.56 2.56 2.56 0.00 0.00 0.00 2.58 2.58 2.59 1.97 0.00 0.00 0.00 0.00 0.00 0.00 0.00 0.00 0.00 0.00 0.00 0.00 0.00 0.00 0.00 0.00 0.00 0.00 0.00 0.00 0.00 0.00 0.00 0.00 0.00 2.35 0.00 0.00 2.40 2.40 2.32 0.00 0.00 0.00 0.00 0.00 2.35 2.35 2.34 2.34 2.34 0.00 0.00 2.19 1.77 0.00 0.00 0.00 2.19 2.19 2.34 2.34 1.85 0.00 0.00 0.00 2.35 2.35 2.37 2.37 2.37 2.37 2.38 2.38 2.38 2.38 2.38 2.38 2.27 2.27 2.05 2.05 2.05 0.00
2.56 2.56 2.56 2.56 0.00 0.00 2.58 2.58 2.59 2.59 0.00 0.00 0.00 0.00 0.00 0.00 0.00 0.00 0.00 0.00 0.00 0.00 0.00 0.00 0.00 0.00 0.00 0.00 0.00 0.00 0.00 0.00 0.00 2.35 2.35 0.00 0.00 2.40 2.40 2.40 2.32 2.32 0.00 0.00 2.35 2.35 2.35 2.35 2.34 2.34 2.34 0.00 0.00 2.19 2.19 0.00 0.00 0.00 2.19 2.19 2.34 2.34 0.00 0.00 1.85 0.00 2.35 2.35 2.37 2.37 2.37 2.37 2.38 2.38 2.38 2.38 2.38 2.38 2.38 2.38 2.16 2.05 2.05 2.05
