New_Model_Runs/10_Future_Present_Scn3_out/post_prcessed_with_MFR/Monthly_summaries/interception_monthly_FEB.asc
NCOLS 700
NROWS 400
XLLCENTER 515000.000000
YLLCENTER 8409000.000000
CELLSIZE 50.000000
NODATA_value -999.000000
[rows 76 to 113 of 400, columns 336 to 419 of 700]
0.00 0.00 0.00 0.00 0.00 0.00 0.00 0.00 0.00 0.00 0.00 0.00 0.00 0.00 0.00 0.00 0.00 0.00 0.00 0.00 0.00 0.00 0.00 0.00 0.00 0.00 0.00 0.00 0.00 0.00 0.00 0.00 0.00 0.00 0.00 0.00 0.00 0.00 0.00 0.00 0.00 0.00 0.00 0.00 0.00 0.00 0.00 0.00 0.00 0.00 0.00 0.00 0.00 0.00 0.00 0.00 0.00 2.01 2.01 2.01 1.99 1.99 1.99 1.99 1.80 1.80 1.80 1.80 1.70 0.00 0.00 0.00 0.00 0.00 0.00 0.00 0.00 0.00 0.00 0.00 0.00 0.00 0.00 0.00
0.00 0.00 0.00 0.00 0.00 0.00 0.00 0.00 0.00 0.00 0.00 0.00 0.00 0.00 0.00 0.00 0.00 0.00 0.00 0.00 0.00 0.00 0.00 0.00 0.00 0.00 0.00 0.00 0.00 0.00 0.00 0.00 0.00 0.00 0.00 0.00 0.00 0.00 0.00 0.00 0.00 0.00 0.00 0.00 0.00 0.00 0.00 0.00 0.00 1.75 1.75 0.00 0.00 0.00 1.86 1.86 2.01 2.01 2.01 2.01 1.99 1.99 1.99 1.99 1.80 1.80 0.00 0.00 0.00 0.00 0.00 0.00 0.00 0.00 0.00 0.00 0.00 0.00 0.00 0.00 0.00 0.00 0.00 0.00
0.00 0.00 0.00 0.00 0.00 0.00 0.00 0.00 0.00 0.00 0.00 0.00 0.00 0.00 0.00 0.00 0.00 0.00 0.00 0.00 0.00 0.00 0.00 0.00 0.00 0.00 0.00 0.00 0.00 0.00 0.00 0.00 0.00 0.00 0.00 0.00 0.00 0.00 0.00 0.00 0.00 0.00 0.00 0.00 0.00 0.00 0.00 0.00 1.75 1.75 1.75 1.75 1.86 1.86 1.86 1.86 2.01 2.01 2.01 2.01 1.99 0.00 0.00 0.00 0.00 0.00 0.00 0.00 0.00 0.00 0.00 0.00 0.00 0.00 0.00 0.00 0.00 0.00 0.00 0.00 0.00 0.00 0.00 0.00
0.00 0.00 0.00 0.00 0.00 0.00 0.00 0.00 0.00 0.00 0.00 0.00 0.00 0.00 0.00 0.00 0.00 0.00 0.00 0.00 0.00 0.00 0.00 0.00 0.00 0.00 0.00 0.00 0.00 0.00 0.00 0.00 0.00 0.00 0.00 0.00 0.00 0.00 0.00 0.00 0.00 0.00 0.00 0.00 0.00 0.00 0.00 0.00 1.75 1.75 1.75 1.75 1.86 1.86 1.86 1.86 2.01 0.00 2.01 2.01 1.79 0.00 1.99 0.00 0.00 0.00 0.00 0.00 0.00 0.00 0.00 0.00 0.00 0.00 0.00 0.00 0.00 0.00 0.00 0.00 0.00 0.00 0.00 0.00
0.00 0.00 0.00 0.00 0.00 0.00 0.00 0.00 0.00 0.00 0.00 0.00 0.00 0.00 0.00 0.00 0.00 0.00 0.00 0.00 0.00 0.00 0.00 0.00 0.00 0.00 0.00 0.00 0.00 0.00 0.00 0.00 0.00 0.00 0.00 0.00 0.00 0.00 0.00 0.00 0.00 0.00 0.00 0.00 0.00 0.00 0.00 1.61 1.80 1.80 1.80 1.80 2.02 2.02 2.02 2.02 1.93 1.93 1.93 1.93 1.70 0.00 1.70 0.00 0.00 0.00 0.00 0.00 0.00 0.00 0.00 0.00 0.00 0.00 0.00 0.00 0.00 0.00 0.00 0.00 0.00 0.00 0.00 0.00
0.00 0.00 0.00 0.00 0.00 0.00 0.00 0.00 0.00 0.00 0.00 0.00 0.00 0.00 0.00 0.00 0.00 0.00 0.00 0.00 0.00 0.00 0.00 0.00 0.00 0.00 0.00 0.00 0.00 0.00 0.00 0.00 0.00 0.00 0.00 0.00 0.00 0.00 0.00 0.00 0.00 0.00 0.00 0.00 0.00 0.00 0.00 1.61 1.80 1.80 1.80 1.80 2.02 2.02 2.02 2.02 1.93 1.49 1.93 1.93 1.70 1.70 1.70 0.00 0.00 0.00 0.00 0.00 0.00 0.00 0.00 0.00 0.00 0.00 0.00 0.00 0.00 0.00 0.00 0.00 0.00 0.00 0.00 0.00
0.00 0.00 0.00 0.00 0.00 0.00 0.00 0.00 0.00 0.00 0.00 0.00 0.00 0.00 0.00 0.00 0.00 0.00 0.00 0.00 0.00 0.00 0.00 0.00 0.00 0.00 0.00 0.00 0.00 0.00 0.00 0.00 0.00 0.00 0.00 0.00 0.00 1.44 1.44 1.44 1.43 0.00 0.00 0.00 0.00 0.00 0.00 1.67 1.88 1.88 1.88 1.88 2.13 2.13 2.13 2.13 0.00 0.00 2.03 2.03 1.77 1.77 1.43 0.00 0.00 0.00 0.00 0.00 0.00 0.00 0.00 0.00 0.00 0.00 0.00 0.00 0.00 0.00 0.00 0.00 0.00 0.00 0.00 1.86
0.00 0.00 0.00 0.00 0.00 0.00 0.00 0.00 0.00 0.00 0.00 0.00 0.00 0.00 0.00 0.00 0.00 0.00 0.00 0.00 0.00 0.00 0.00 0.00 0.00 0.00 0.00 0.00 0.00 0.00 0.00 0.00 0.00 0.00 0.00 0.00 1.44 1.44 1.44 1.44 1.43 1.43 1.43 0.00 0.00 1.67 1.67 1.67 1.88 1.88 1.88 1.88 2.13 2.13 2.13 2.13 2.03 2.03 2.03 2.03 1.77 0.00 0.00 0.00 0.00 0.00 0.00 0.00 0.00 0.00 0.00 0.00 0.00 0.00 0.00 0.00 0.00 0.00 0.00 0.00 1.86 1.86 1.86 1.86
0.00 0.00 0.00 0.00 0.00 0.00 0.00 0.00 0.00 0.00 0.00 0.00 0.00 0.00 0.00 0.00 0.00 0.00 0.00 0.00 0.00 0.00 0.00 0.00 0.00 0.00 0.00 0.00 0.00 0.00 0.00 0.00 0.00 0.00 0.00 1.40 1.48 1.48 1.48 1.48 1.46 1.46 1.46 1.46 1.53 1.85 1.85 1.85 2.08 2.08 2.08 2.08 2.03 2.03 2.03 2.03 1.70 1.70 1.70 1.70 1.59 0.00 0.00 0.00 0.00 0.00 0.00 0.00 0.00 0.00 0.00 0.00 0.00 0.00 0.00 0.00 0.00 0.00 0.00 0.00 1.82 1.82 1.82 1.82
0.00 0.00 0.00 0.00 0.00 0.00 0.00 0.00 0.00 0.00 0.00 0.00 0.00 0.00 0.00 0.00 0.00 0.00 0.00 0.00 0.00 0.00 0.00 0.00 0.00 0.00 0.00 0.00 0.00 0.00 0.00 0.00 0.00 1.40 1.40 1.40 1.48 1.48 1.48 1.48 1.46 1.46 1.46 1.46 1.53 1.53 1.85 1.85 2.08 2.08 2.08 2.08 2.03 2.03 2.03 2.03 1.70 1.70 1.70 0.00 0.00 0.00 0.00 0.00 0.00 0.00 0.00 0.00 0.00 0.00 0.00 0.00 0.00 0.00 0.00 0.00 0.00 0.00 0.00 1.67 1.82 0.00 1.82 1.82
0.00 0.00 0.00 0.00 0.00 0.00 0.00 0.00 0.00 0.00 0.00 0.00 0.00 0.00 0.00 0.00 0.00 0.00 0.00 0.00 0.00 0.00 0.00 0.00 0.00 0.00 0.00 0.00 0.00 0.00 0.00 0.00 0.00 1.40 1.40 1.40 1.48 1.48 1.48 1.48 1.46 1.46 1.46 1.46 1.53 1.53 1.53 1.85 2.08 2.08 2.08 2.08 2.03 2.03 2.03 2.03 1.70 1.70 0.00 0.00 0.00 0.00 0.00 0.00 0.00 0.00 0.00 0.00 0.00 0.00 0.00 0.00 0.00 0.00 0.00 0.00 0.00 0.00 1.67 1.67 1.82 1.82 1.82 1.82
0.00 0.00 0.00 0.00 0.00 0.00 0.00 0.00 0.00 0.00 0.00 0.00 0.00 0.00 0.00 0.00 0.00 0.00 0.00 0.00 0.00 0.00 0.00 0.00 0.00 0.00 0.00 0.00 0.00 0.00 0.00 0.00 0.00 1.40 1.40 1.40 1.48 1.48 1.48 1.48 1.46 1.46 1.46 1.46 1.53 1.53 1.53 1.53 2.08 2.08 2.08 0.00 2.03 2.03 2.03 2.03 1.70 1.39 0.00 0.00 0.00 0.00 0.00 0.00 0.00 0.00 0.00 0.00 0.00 0.00 0.00 0.00 0.00 0.00 0.00 0.00 0.00 0.00 1.67 1.67 1.82 1.82 1.82 1.82
0.00 0.00 0.00 0.00 0.00 0.00 0.00 0.00 0.00 0.00 0.00 0.00 0.00 0.00 0.00 0.00 0.00 0.00 0.00 0.00 0.00 0.00 0.00 0.00 0.00 0.00 0.00 0.00 0.00 0.00 0.00 0.00 0.00 0.00 1.27 1.27 1.41 1.41 1.41 1.41 1.52 1.52 1.52 1.52 1.62 1.62 1.62 0.00 1.24 1.51 1.51 1.94 1.73 1.73 1.73 1.73 1.56 1.56 1.32 0.00 0.00 0.00 0.00 0.00 0.00 0.00 0.00 0.00 0.00 0.00 0.00 0.00 0.00 0.00 0.00 0.00 0.00 1.63 1.63 1.63 1.81 1.81 1.81 1.81
0.00 0.00 0.00 0.00 0.00 0.00 0.00 0.00 0.00 0.00 0.00 0.00 0.00 0.00 0.00 0.00 0.00 0.00 0.00 0.00 0.00 0.00 0.00 0.00 0.00 0.00 0.00 0.00 0.00 0.00 0.00 0.00 0.00 0.00 0.00 1.27 1.41 1.41 1.41 1.41 1.52 1.52 1.52 1.52 1.62 1.62 0.00 0.00 0.00 1.24 1.94 1.94 1.73 1.73 1.73 1.73 1.56 1.56 0.00 0.00 0.00 0.00 0.00 0.00 0.00 0.00 0.00 0.00 0.00 0.00 0.00 0.00 0.00 0.00 0.00 1.53 1.63 1.63 1.63 1.63 1.81 1.81 1.81 1.81
0.00 0.00 0.00 0.00 0.00 0.00 0.00 0.00 0.00 0.00 0.00 0.00 0.00 0.00 0.00 0.00 0.00 0.00 0.00 0.00 0.00 0.00 0.00 0.00 0.00 0.00 0.00 0.00 0.00 0.00 0.00 0.00 0.00 0.00 0.00 1.27 1.41 1.41 1.41 1.41 1.52 1.52 1.52 1.52 1.62 1.62 0.00 0.00 1.63 1.24 1.63 1.94 1.73 1.73 1.73 1.73 1.56 1.56 0.00 0.00 0.00 0.00 0.00 0.00 0.00 0.00 0.00 0.00 0.00 0.00 0.00 0.00 0.00 0.00 0.00 1.53 1.63 1.63 1.63 1.63 1.81 1.81 1.81 1.81
0.00 0.00 0.00 0.00 0.00 0.00 0.00 0.00 0.00 0.00 0.00 0.00 0.00 0.00 0.00 0.00 0.00 0.00 0.00 0.00 0.00 0.00 0.00 1.34 1.35 1.35 0.00 0.00 0.00 0.00 0.00 0.00 0.00 0.00 0.00 0.00 1.41 1.41 1.41 1.41 1.52 1.52 1.52 1.52 1.62 1.62 1.62 1.62 1.63 1.63 1.63 1.63 1.73 1.73 1.73 1.73 1.56 1.56 0.00 0.00 0.00 0.00 0.00 0.00 0.00 0.00 0.00 0.00 0.00 0.00 0.00 0.00 0.00 0.00 0.00 1.53 1.63 1.63 1.63 1.63 1.81 1.81 1.81 1.81
0.00 0.00 0.00 0.00 0.00 0.00 0.00 0.00 0.00 0.00 0.00 0.00 0.00 0.00 0.00 0.00 0.00 0.00 0.00 0.00 0.00 0.00 0.00 1.32 1.33 1.33 1.33 0.00 0.00 0.00 0.00 0.00 0.00 0.00 0.00 0.00 1.36 1.36 1.36 1.36 1.55 1.55 1.55 1.55 1.57 1.57 1.57 1.57 1.46 1.46 1.46 1.46 1.38 1.70 1.70 1.70 1.56 1.56 1.56 0.00 0.00 0.00 0.00 0.00 0.00 0.00 0.00 0.00 0.00 0.00 0.00 0.00 0.00 0.00 1.50 0.00 0.00 1.55 1.32 1.55 1.72 1.72 1.72 1.72
0.00 0.00 0.00 0.00 0.00 0.00 0.00 0.00 0.00 0.00 0.00 0.00 0.00 0.00 0.00 0.00 0.00 0.00 0.00 0.00 0.00 0.00 0.00 1.32 1.33 1.33 1.33 1.33 0.00 0.00 0.00 0.00 0.00 0.00 0.00 0.00 0.00 1.36 1.36 1.36 1.55 1.55 1.55 1.55 1.57 1.57 1.57 1.57 1.46 1.46 1.46 1.46 1.38 1.38 1.70 1.70 1.56 1.56 1.32 0.00 0.00 0.00 1.30 0.00 0.00 0.00 0.00 0.00 1.52 0.00 0.00 0.00 0.00 0.00 0.00 0.00 1.55 1.32 1.32 1.55 1.72 1.72 1.72 1.72
0.00 0.00 0.00 0.00 0.00 0.00 0.00 0.00 0.00 0.00 0.00 0.00 0.00 0.00 0.00 0.00 0.00 0.00 0.00 0.00 0.00 0.00 1.57 1.32 1.33 1.33 1.33 1.33 1.27 0.00 0.00 0.00 0.00 0.00 0.00 0.00 0.00 1.36 1.36 1.36 1.55 1.55 1.55 1.55 1.57 1.57 1.57 1.57 1.46 1.46 1.46 1.46 1.38 1.38 1.38 1.70 1.56 1.56 0.00 0.00 1.51 1.51 1.30 1.51 0.00 0.00 0.00 0.00 1.52 0.00 0.00 0.00 0.00 0.00 0.00 0.00 1.55 1.55 1.55 1.55 1.72 1.72 1.72 1.72
0.00 0.00 0.00 0.00 0.00 0.00 0.00 0.00 0.00 0.00 0.00 0.00 0.00 0.00 0.00 0.00 0.00 0.00 0.00 0.00 0.00 0.00 1.57 1.32 1.33 1.33 1.33 1.33 1.27 1.27 0.00 0.00 0.00 0.00 0.00 0.00 1.36 1.36 1.36 1.36 1.55 1.55 1.55 1.55 1.57 1.57 1.57 1.57 1.46 1.46 1.46 1.46 1.38 1.38 1.38 1.38 1.56 1.56 1.56 0.00 1.30 1.51 1.51 1.51 0.00 0.00 0.00 0.00 1.44 0.00 0.00 0.00 0.00 0.00 0.00 0.00 1.55 1.55 1.55 1.55 1.72 1.72 1.72 1.72
0.00 0.00 0.00 0.00 0.00 0.00 0.00 0.00 0.00 0.00 0.00 0.00 0.00 0.00 0.00 0.00 1.59 0.00 1.59 1.59 1.61 1.61 1.61 1.61 1.38 1.38 1.38 1.38 1.30 1.30 1.30 0.00 0.00 0.00 0.00 0.00 1.39 1.39 1.39 1.39 1.50 1.50 1.50 1.50 1.49 1.49 1.49 1.49 1.49 1.49 1.49 1.49 1.41 1.41 1.41 1.41 1.25 1.25 1.57 0.00 0.00 1.57 0.00 1.57 0.00 1.57 1.57 1.57 1.50 1.50 0.00 1.50 1.46 1.46 0.00 0.00 0.00 0.00 0.00 1.46 0.00 1.59 1.59 1.59
0.00 0.00 0.00 0.00 0.00 0.00 0.00 0.00 1.63 1.63 0.00 0.00 0.00 1.61 1.61 1.61 1.59 1.59 1.59 1.59 1.61 1.61 1.61 1.61 1.38 1.38 1.38 1.38 1.30 1.30 1.30 1.30 1.26 1.26 1.26 1.26 1.39 1.39 1.39 1.39 1.50 1.50 1.50 1.50 1.49 1.49 1.49 1.49 1.49 1.49 1.49 1.49 1.41 1.41 1.41 1.41 1.25 1.25 1.25 1.57 1.57 1.57 0.00 1.33 1.33 1.33 1.57 1.57 1.50 1.29 0.00 1.50 1.46 0.00 0.00 1.46 1.27 1.46 1.46 1.46 1.34 1.34 1.59 1.59
0.00 0.00 0.00 0.00 0.00 0.00 0.00 1.66 1.69 1.69 1.69 1.69 1.67 1.67 1.67 1.67 1.65 1.65 1.65 1.65 1.67 1.67 1.67 1.67 1.47 1.47 1.47 1.47 1.37 1.37 1.37 1.37 1.33 1.33 1.33 1.33 1.47 1.47 1.47 1.47 1.60 1.60 1.60 1.60 1.59 1.59 1.59 1.59 1.58 1.58 1.58 1.58 1.49 1.49 1.49 1.49 1.30 1.30 0.00 1.30 1.63 1.63 0.00 0.00 1.62 1.62 1.62 1.62 1.54 0.00 0.00 0.00 0.00 0.00 1.49 1.49 0.00 0.00 0.00 1.31 1.38 1.64 1.64 1.64
0.00 0.00 0.00 0.00 0.00 0.00 0.00 0.00 1.69 1.69 1.69 1.69 1.67 1.67 1.67 1.67 1.65 1.65 1.65 1.65 1.67 1.67 1.67 1.67 1.70 1.47 1.47 1.47 1.37 1.37 1.37 1.37 1.33 1.33 1.33 1.33 1.47 1.47 1.47 1.47 1.60 1.60 1.60 1.60 1.59 1.59 1.59 1.59 1.58 1.58 1.58 1.58 1.49 1.49 1.49 1.49 1.30 1.30 1.08 1.30 1.31 1.63 1.63 1.63 1.62 1.62 1.62 1.62 1.54 0.00 0.00 0.00 0.00 0.00 1.49 1.49 0.00 0.00 0.00 1.31 1.38 1.64 1.64 1.64
0.00 0.00 0.00 0.00 0.00 0.00 0.00 0.00 1.72 1.72 1.72 1.72 1.77 1.77 1.77 1.77 1.72 1.72 1.72 1.72 1.71 1.71 1.71 1.71 1.74 1.51 1.51 1.51 1.48 1.48 1.48 1.48 1.49 1.49 1.49 1.49 1.53 1.53 1.53 1.53 1.55 1.55 1.55 1.55 1.58 1.58 1.58 1.58 1.63 1.63 1.63 1.63 1.50 1.50 1.50 1.50 1.36 1.36 1.36 1.36 1.40 1.40 1.72 1.72 1.66 1.66 1.66 1.66 1.54 1.54 0.00 0.00 0.00 1.48 1.48 1.48 0.00 0.00 0.00 0.00 0.00 0.00 1.67 1.67
0.00 0.00 0.00 0.00 0.00 0.00 0.00 0.00 1.72 1.72 1.72 1.72 1.77 1.77 1.77 1.77 1.72 1.72 1.72 1.72 1.71 1.71 1.71 1.71 1.74 1.51 1.51 1.51 1.48 1.48 1.48 1.48 1.49 1.49 1.49 1.49 1.53 1.53 1.53 1.53 1.55 1.55 1.55 1.55 1.58 1.58 1.58 1.58 1.63 1.63 1.63 1.63 1.50 1.50 1.50 1.50 1.36 1.36 1.36 1.36 1.40 1.40 1.40 1.72 1.66 1.66 1.66 1.66 1.54 1.54 0.00 1.54 1.48 0.00 0.00 1.48 1.49 1.31 0.00 1.31 1.67 1.67 0.00 1.67
0.00 0.00 0.00 0.00 0.00 0.00 0.00 0.00 1.72 1.72 1.72 1.72 1.77 1.77 1.77 1.77 1.72 1.72 1.72 1.72 1.71 1.71 1.71 1.71 1.74 1.74 1.51 1.51 1.48 1.48 1.48 1.48 1.49 1.49 1.49 1.49 1.53 1.53 1.53 1.53 1.55 1.55 1.55 1.55 1.58 1.58 1.58 1.58 1.63 1.63 1.63 1.63 1.50 1.50 1.50 1.50 1.36 1.36 1.36 1.36 1.40 1.40 1.40 1.40 1.66 1.66 1.66 1.66 1.54 1.54 1.54 1.54 1.48 1.48 0.00 0.00 1.49 1.49 1.31 1.49 1.67 1.67 1.67 1.67
0.00 0.00 0.00 0.00 0.00 0.00 0.00 1.56 1.72 1.72 1.72 1.72 1.77 1.77 1.77 1.77 1.72 1.72 1.72 1.72 1.71 1.71 1.71 1.71 1.74 1.74 1.51 1.51 1.48 1.48 1.48 1.48 1.49 1.49 1.49 1.49 1.53 1.53 1.53 1.53 1.55 1.55 1.55 1.55 1.58 1.58 1.58 1.58 1.63 1.63 1.63 1.63 1.50 1.50 1.50 1.50 1.36 1.36 1.36 1.36 1.40 1.40 1.40 1.40 1.34 1.66 1.66 1.66 1.54 1.54 1.54 1.54 1.48 0.00 0.00 1.30 1.49 1.49 1.31 0.00 1.67 1.67 1.67 1.67
0.00 0.00 0.00 0.00 0.00 0.00 1.56 1.56 1.75 1.75 1.75 1.75 1.82 1.82 1.82 1.82 1.79 1.79 1.79 1.79 1.75 1.75 1.75 1.75 1.75 1.75 1.52 1.52 1.52 1.52 1.52 1.52 1.54 1.54 1.54 1.54 1.57 1.57 1.57 1.57 1.56 1.56 1.56 1.56 1.62 1.62 1.62 1.62 1.65 1.65 1.65 1.65 1.50 1.50 1.50 1.50 1.45 1.45 1.45 1.45 1.49 1.49 1.49 1.49 1.42 1.42 1.74 1.74 1.63 1.63 1.63 1.63 1.57 1.57 1.35 1.35 1.37 1.62 1.62 1.62 1.84 1.84 1.84 1.84
0.00 0.00 0.00 0.00 0.00 0.00 1.56 1.56 1.75 1.75 1.75 1.75 1.82 1.82 1.82 1.82 1.79 1.79 1.79 1.79 1.75 1.75 1.75 1.75 1.75 1.75 1.75 1.52 1.52 1.52 1.52 1.52 1.54 1.54 1.54 1.54 1.57 1.57 1.57 1.57 1.56 1.56 1.56 1.56 1.62 1.62 1.62 1.62 1.65 1.65 1.65 1.65 1.50 1.50 1.50 1.50 1.45 1.45 1.45 1.45 1.49 1.49 1.18 1.49 1.42 1.42 1.42 1.74 1.63 1.63 1.63 1.63 1.57 1.57 0.00 1.35 1.62 1.62 1.62 1.62 1.84 1.84 1.84 1.84
0.00 0.00 0.00 0.00 0.00 0.00 1.56 1.56 1.75 1.75 1.75 1.75 1.82 1.82 1.82 1.82 1.79 1.79 1.79 1.79 1.75 1.75 1.75 1.75 1.75 1.75 1.75 1.52 1.52 1.52 1.52 1.52 1.54 1.54 1.54 1.54 1.57 1.57 1.57 1.57 1.56 1.56 1.56 1.56 1.62 1.62 1.62 1.62 1.65 1.65 1.65 1.65 1.50 1.50 1.50 1.50 1.45 1.45 1.45 1.45 1.49 1.49 1.49 1.49 1.42 1.42 1.42 1.42 1.63 1.63 1.63 1.63 1.57 1.57 1.57 1.57 1.62 1.62 1.62 1.62 1.84 1.84 1.84 1.84
0.00 0.00 0.00 0.00 0.00 1.56 1.56 1.56 1.75 1.75 1.75 1.75 1.82 1.82 1.82 1.82 1.79 1.79 1.79 1.79 1.75 1.75 1.75 1.75 1.75 1.75 1.75 1.75 1.52 1.52 1.52 1.52 1.54 1.54 1.54 1.54 1.57 1.57 1.57 1.57 1.56 1.56 1.56 1.56 1.62 1.62 1.62 1.62 1.65 1.65 1.65 1.65 1.50 1.50 1.50 1.50 1.45 1.45 1.45 1.45 1.49 1.49 1.49 1.49 1.42 1.42 1.42 1.42 1.31 1.63 1.63 1.63 1.57 1.57 1.57 1.57 1.62 1.62 1.62 1.62 1.84 1.84 1.84 1.84
0.00 0.00 0.00 0.00 0.00 1.59 1.59 1.59 1.80 1.80 1.80 1.80 1.84 1.84 1.84 1.84 1.83 1.83 1.83 1.83 1.76 1.76 1.76 1.76 1.74 1.74 1.74 1.74 1.53 1.53 1.53 1.53 1.58 1.58 1.58 1.58 1.61 1.61 1.61 1.61 1.60 1.60 1.60 1.60 1.68 1.68 1.68 1.68 1.70 1.70 1.70 1.70 1.59 1.59 1.59 1.59 1.60 1.60 1.60 1.60 1.60 1.60 1.60 1.60 1.53 1.53 1.53 1.53 1.49 1.49 1.81 1.81 1.77 1.77 1.77 1.77 1.83 1.83 1.83 1.83 2.00 2.00 2.00 2.00
0.00 0.00 0.00 0.00 0.00 1.40 1.59 1.59 1.80 1.80 1.80 1.80 1.84 1.84 1.84 1.84 1.83 1.83 1.83 1.83 1.76 1.76 1.76 1.76 1.74 1.74 1.74 1.74 1.53 1.53 1.53 1.53 1.58 1.58 1.58 1.58 1.61 1.61 1.61 1.61 1.60 1.60 1.60 1.60 1.68 1.68 1.68 1.68 1.70 1.70 1.70 1.70 1.59 1.59 1.59 1.59 1.60 1.60 1.60 1.60 1.60 1.60 1.60 1.60 1.53 1.53 1.53 1.53 1.49 1.49 1.49 1.81 1.77 1.77 1.77 1.09 1.15 1.15 1.15 1.15 1.33 1.33 1.33 1.33
0.00 0.00 0.00 0.00 1.59 1.59 1.59 1.59 1.80 1.80 1.80 1.80 1.84 1.84 1.84 1.84 1.83 1.83 1.83 1.83 1.76 1.76 1.76 1.76 1.74 1.74 1.74 1.74 1.77 1.53 1.53 1.53 1.58 1.58 1.58 1.58 1.61 1.61 1.61 1.61 1.60 1.60 1.60 1.60 1.68 1.68 1.68 1.68 1.70 1.70 1.70 1.70 1.59 1.59 1.59 1.59 1.60 1.60 1.60 1.60 1.60 1.60 1.60 1.60 1.53 1.53 1.53 1.53 1.49 1.49 1.49 1.49 1.09 1.09 1.09 1.09 1.15 1.15 1.15 1.15 1.33 1.33 1.33 1.33
0.00 0.00 0.00 0.00 1.59 1.59 1.59 1.59 1.80 1.80 1.80 1.80 1.84 1.84 1.84 1.84 1.83 1.83 1.83 1.83 1.76 1.76 1.76 1.76 1.74 1.74 1.74 1.74 1.77 1.53 1.53 1.53 1.58 1.58 1.58 1.58 1.61 1.61 1.61 1.61 1.60 1.60 1.60 1.60 1.68 1.68 1.68 1.68 1.70 1.70 1.70 1.70 1.59 1.59 1.59 1.59 1.60 1.60 1.60 1.60 1.60 1.60 1.60 1.60 1.53 1.53 1.53 1.53 1.49 1.49 1.49 1.13 1.09 1.09 1.09 1.09 1.15 1.15 1.15 1.15 1.33 1.33 1.33 1.33
0.00 0.00 0.00 1.51 1.72 1.72 1.72 1.72 1.87 1.87 1.87 1.87 1.87 1.87 1.87 1.87 1.88 1.88 1.88 1.88 1.80 1.80 1.80 1.80 1.78 1.78 1.78 1.78 1.83 1.59 1.59 1.59 1.65 1.65 1.65 1.65 1.67 1.67 1.67 1.67 1.73 1.73 1.73 1.73 1.85 1.85 1.85 1.85 1.84 1.84 1.84 1.84 1.78 1.78 1.78 1.78 1.75 1.75 1.75 1.75 1.73 1.73 1.73 1.73 1.70 1.70 1.70 1.70 1.68 1.68 1.68 1.32 1.29 1.29 1.29 1.29 1.35 1.35 1.35 1.35 1.52 1.52 1.52 1.52
0.00 0.00 0.00 1.51 1.72 1.72 1.72 1.72 1.87 1.87 1.87 1.87 1.87 1.87 1.87 1.87 1.88 1.88 1.88 1.88 1.80 1.80 1.80 1.80 1.78 1.78 1.78 1.78 1.83 1.83 1.59 1.59 1.65 1.65 1.65 1.65 1.67 1.67 1.67 1.67 1.73 1.73 1.73 1.73 1.85 1.85 1.85 1.85 1.84 1.84 1.84 1.84 1.78 1.78 1.78 1.78 1.75 1.75 1.75 1.75 1.73 1.73 1.73 1.73 1.70 1.70 1.70 1.70 1.68 1.68 1.68 1.32 1.29 1.29 1.29 1.29 1.35 1.35 1.35 1.35 1.52 1.52 1.52 1.52
