New_Model_Runs/10_Future_Present_Scn3_out/post_prcessed_with_MFR/Monthly_summaries/interception_monthly_OCT.asc
NCOLS 700
NROWS 400
XLLCENTER 515000.000000
YLLCENTER 8409000.000000
CELLSIZE 50.000000
NODATA_value -999.000000
[rows 228 to 265 of 400, columns 84 to 167 of 700]
2.03 2.03 2.03 2.03 2.00 2.00 2.00 2.00 2.02 2.02 2.02 2.02 2.14 2.14 2.14 2.14 2.32 2.32 2.32 2.32 2.36 2.36 2.36 2.36 2.24 2.24 2.24 2.24 2.22 2.22 2.22 2.22 2.14 2.14 2.14 2.14 2.03 2.03 2.03 2.03 1.98 1.98 1.98 1.98 2.12 2.12 2.12 2.12 2.22 2.22 2.22 2.22 2.27 2.27 2.27 2.27 2.17 2.17 2.17 2.17 2.13 2.13 2.13 2.13 2.18 2.18 2.18 2.18 2.24 2.24 2.24 2.24 2.15 2.15 2.15 2.15 2.10 2.10 2.10 2.10 2.14 2.14 2.14 2.14
2.03 2.03 2.03 2.03 2.00 2.00 2.00 2.00 2.02 2.02 2.02 2.02 2.14 2.14 2.14 2.14 2.32 2.32 2.32 2.32 2.36 2.36 2.36 2.36 2.24 2.24 2.24 2.24 2.22 2.22 2.22 2.22 2.14 2.14 2.14 2.14 2.03 2.03 2.03 2.03 1.98 1.98 1.98 1.98 2.12 2.12 2.12 2.12 2.22 2.22 2.22 2.22 2.27 2.27 2.27 2.27 2.17 2.17 2.17 2.17 2.13 2.13 2.13 2.13 2.18 2.18 2.18 2.18 2.24 2.24 2.24 2.24 2.15 2.15 2.15 2.15 2.10 2.10 2.10 2.10 2.14 2.14 2.14 2.14
2.03 2.03 2.03 2.03 2.00 2.00 2.00 2.00 2.02 2.02 2.02 2.02 2.14 2.14 2.14 2.14 2.32 2.32 2.32 2.32 2.36 2.36 2.36 2.36 2.24 2.24 2.24 2.24 2.22 2.22 2.22 2.22 2.14 2.14 2.14 2.14 2.03 2.03 2.03 2.03 1.98 1.98 1.98 1.98 2.12 2.12 2.12 2.12 2.22 2.22 2.22 2.22 2.27 2.27 2.27 2.27 2.17 2.17 2.17 2.17 2.13 2.13 2.13 2.13 2.18 2.18 2.18 2.18 2.24 2.24 2.24 2.24 2.15 2.15 2.15 2.15 2.10 2.10 2.10 2.10 2.14 2.14 2.14 2.14
2.03 2.03 2.03 2.03 2.00 2.00 2.00 2.00 2.02 2.02 2.02 2.02 2.14 2.14 2.14 2.14 2.32 2.32 2.32 2.32 2.36 2.36 2.36 2.36 2.24 2.24 2.24 2.24 2.22 2.22 2.22 2.22 2.14 2.14 2.14 2.14 2.03 2.03 2.03 2.03 1.98 1.98 1.98 1.98 2.12 2.12 2.12 2.12 2.22 2.22 2.22 2.22 2.27 2.27 2.27 2.27 2.17 2.17 2.17 2.17 2.13 2.13 2.13 2.13 2.18 2.18 2.18 2.18 2.24 2.24 2.24 2.24 2.15 2.15 2.15 2.15 2.10 2.10 2.10 2.10 2.14 2.14 2.14 2.14
2.18 2.18 2.18 2.18 2.20 2.20 2.20 2.20 2.21 2.21 2.21 2.21 2.39 2.39 2.39 2.39 2.49 2.49 2.49 2.49 2.37 2.37 2.37 2.37 2.23 2.23 2.23 2.23 2.20 2.20 2.20 2.20 2.06 2.06 2.06 2.06 2.06 2.06 2.06 2.06 2.13 2.13 2.13 2.13 2.25 2.25 2.25 2.25 2.24 2.24 2.24 2.24 2.12 2.12 2.12 2.12 1.97 1.97 1.97 1.97 1.99 1.99 1.99 1.99 2.12 2.12 2.12 2.12 2.18 2.18 2.18 2.18 2.04 2.04 2.04 2.04 1.96 1.96 1.96 1.96 1.94 1.94 1.94 1.94
2.18 2.18 2.18 2.18 2.20 2.20 2.20 2.20 2.21 2.21 2.21 2.21 2.39 2.39 2.39 2.39 2.49 2.49 2.49 2.49 2.37 2.37 2.37 2.37 2.23 2.23 2.23 2.23 2.20 2.20 2.20 2.20 2.06 2.06 2.06 2.06 2.06 2.06 2.06 2.06 2.13 2.13 2.13 2.13 2.25 2.25 2.25 2.25 2.24 2.24 2.24 2.24 2.12 2.12 2.12 2.12 1.97 1.97 1.97 1.97 1.99 1.99 1.99 1.99 2.12 2.12 2.12 2.12 2.18 2.18 2.18 2.18 2.04 2.04 2.04 2.04 1.96 1.96 1.96 1.96 1.94 1.94 1.94 1.94
2.18 2.18 2.18 2.18 2.20 2.20 2.20 2.20 2.21 2.21 2.21 2.21 2.39 2.39 2.39 2.39 2.49 2.49 2.49 2.49 2.37 2.37 2.37 2.37 2.23 2.23 2.23 2.23 2.20 2.20 2.20 2.20 2.06 2.06 2.06 2.06 2.06 2.06 2.06 2.06 2.13 2.13 2.13 2.13 2.25 2.25 2.25 2.25 2.24 2.24 2.24 2.24 2.12 2.12 2.12 2.12 1.97 1.97 1.97 1.97 1.99 1.99 1.99 1.99 2.12 2.12 2.12 2.12 2.18 2.18 2.18 2.18 2.04 2.04 2.04 2.04 1.96 1.96 1.96 1.96 1.94 1.94 1.94 1.94
2.18 2.18 2.18 2.18 2.20 2.20 2.20 2.20 2.21 2.21 2.21 2.21 2.39 2.39 2.39 2.39 2.49 2.49 2.49 2.49 2.37 2.37 2.37 2.37 2.23 2.23 2.23 2.23 2.20 2.20 2.20 2.20 2.06 2.06 2.06 2.06 2.06 2.06 2.06 2.06 2.13 2.13 2.13 2.13 2.25 2.25 2.25 2.25 2.24 2.24 2.24 2.24 2.12 2.12 2.12 2.12 1.97 1.97 1.97 1.97 1.99 1.99 1.99 1.99 2.12 2.12 2.12 2.12 2.18 2.18 2.18 2.18 2.04 2.04 2.04 2.04 1.96 1.96 1.96 1.96 1.94 1.94 1.94 1.94
2.36 2.36 2.36 2.36 2.36 2.36 2.36 2.36 2.38 2.38 2.38 2.38 2.49 2.49 2.49 2.49 2.32 2.32 2.32 2.32 2.11 2.11 2.11 2.11 2.02 2.02 2.02 2.02 1.98 1.98 1.98 1.98 1.98 1.98 1.98 1.98 2.10 2.10 2.10 2.10 2.14 2.14 2.14 2.14 2.10 2.10 2.10 2.10 1.99 1.99 1.99 1.99 1.87 1.87 1.87 1.87 1.77 1.77 1.77 1.77 1.83 1.83 1.83 1.83 2.05 2.05 2.05 2.05 2.13 2.13 2.13 2.13 1.96 1.96 1.96 1.96 1.89 1.89 1.89 1.89 1.84 1.84 1.84 1.84
2.36 2.36 2.36 2.36 2.36 2.36 2.36 2.36 2.38 2.38 2.38 2.38 2.49 2.49 2.49 2.49 2.32 2.32 2.32 2.32 2.11 2.11 2.11 2.11 2.02 2.02 2.02 2.02 1.98 1.98 1.98 1.98 1.98 1.98 1.98 1.98 2.10 2.10 2.10 2.10 2.14 2.14 2.14 2.14 2.10 2.10 2.10 2.10 1.99 1.99 1.99 1.99 1.87 1.87 1.87 1.87 1.77 1.77 1.77 1.77 1.83 1.83 1.83 1.83 2.05 2.05 2.05 2.05 2.13 2.13 2.13 2.13 1.96 1.96 1.96 1.96 1.89 1.89 1.89 1.89 1.84 1.84 1.84 1.84
2.36 2.36 2.36 2.36 2.36 2.36 2.36 2.36 2.38 2.38 2.38 2.38 2.49 2.49 2.49 2.49 2.32 2.32 2.32 2.32 2.11 2.11 2.11 2.11 2.02 2.02 2.02 2.02 1.98 1.98 1.98 1.98 1.98 1.98 1.98 1.98 2.10 2.10 2.10 2.10 2.14 2.14 2.14 2.14 2.10 2.10 2.10 2.10 1.99 1.99 1.99 1.99 1.87 1.87 1.87 1.87 1.77 1.77 1.77 1.77 1.83 1.83 1.83 1.83 2.05 2.05 2.05 2.05 2.13 2.13 2.13 2.13 1.96 1.96 1.96 1.96 1.89 1.89 1.89 1.89 1.84 1.84 1.84 1.84
2.36 2.36 2.36 2.36 2.36 2.36 2.36 2.36 2.38 2.38 2.38 2.38 2.49 2.49 2.49 2.49 2.32 2.32 2.32 2.32 2.11 2.11 2.11 2.11 2.02 2.02 2.02 2.02 1.98 1.98 1.98 1.98 1.98 1.98 1.98 1.98 2.10 2.10 2.10 2.10 2.14 2.14 2.14 2.14 2.10 2.10 2.10 2.10 1.99 1.99 1.99 1.99 1.87 1.87 1.87 1.87 1.77 1.77 1.77 1.77 1.83 1.83 1.83 1.83 2.05 2.05 2.05 2.05 2.13 2.13 2.13 2.13 1.96 1.96 1.96 1.96 1.89 1.89 1.89 1.89 1.84 1.84 1.84 1.84
2.44 2.44 2.44 2.44 2.36 2.36 2.36 2.36 2.32 2.32 2.32 2.32 2.33 2.33 2.33 2.33 2.05 2.05 2.05 2.05 1.89 1.89 1.89 1.89 1.80 1.80 1.80 1.80 1.84 1.84 1.84 1.84 2.00 2.00 2.00 2.00 2.07 2.07 2.07 2.07 2.06 2.06 2.06 2.06 2.00 2.00 2.00 2.00 1.82 1.82 1.82 1.82 1.70 1.70 1.70 1.70 1.66 1.66 1.66 1.66 1.84 1.84 1.84 1.84 2.12 2.12 2.12 2.12 2.14 2.14 2.14 2.14 1.97 1.97 1.97 1.97 1.87 1.87 1.87 1.87 1.76 1.76 1.76 1.76
2.51 2.51 2.44 2.44 2.36 2.36 2.36 2.36 2.32 2.32 2.32 2.32 2.33 2.33 2.33 2.33 2.05 2.05 2.05 2.05 1.89 1.89 1.89 1.89 1.80 1.80 1.80 1.80 1.84 1.84 1.84 1.84 2.00 2.00 2.00 2.00 2.07 2.07 2.07 2.07 2.06 2.06 2.06 2.06 2.00 2.00 2.00 2.00 1.82 1.82 1.82 1.82 1.70 1.70 1.70 1.70 1.66 1.66 1.66 1.66 1.84 1.84 1.84 1.84 2.12 2.12 2.12 2.12 2.14 2.14 2.14 2.14 1.97 1.97 1.97 1.97 1.87 1.87 1.87 1.87 1.76 1.76 1.76 1.76
2.49 2.49 2.49 2.49 2.42 2.42 2.35 2.35 2.30 2.30 2.30 2.30 2.28 2.28 2.28 2.28 2.01 2.01 2.01 2.01 1.86 1.86 1.86 1.86 1.77 1.77 1.77 1.77 1.81 1.81 1.81 1.81 1.95 1.95 1.95 1.95 2.03 2.03 2.03 2.03 2.01 2.01 2.01 2.01 1.95 1.95 1.95 1.95 1.78 1.78 1.78 1.78 1.67 1.67 1.67 1.67 1.63 1.63 1.63 1.63 1.80 1.80 1.80 1.80 2.05 2.05 2.05 2.05 2.07 2.07 2.07 2.07 1.91 1.91 1.91 1.91 1.82 1.82 1.82 1.82 1.71 1.71 1.71 1.71
2.49 2.49 2.49 2.49 2.42 2.42 2.42 2.42 2.37 2.30 2.30 2.30 2.28 2.28 2.28 2.28 2.01 2.01 2.01 2.01 1.86 1.86 1.86 1.86 1.77 1.77 1.77 1.77 1.81 1.81 1.81 1.81 1.95 1.95 1.95 1.95 2.03 2.03 2.03 2.03 2.01 2.01 2.01 2.01 1.95 1.95 1.95 1.95 1.78 1.78 1.78 1.78 1.67 1.67 1.67 1.67 1.63 1.63 1.63 1.63 1.80 1.80 1.80 1.80 2.05 2.05 2.05 2.05 2.07 2.07 2.07 2.07 1.91 1.91 1.91 1.91 1.82 1.82 1.82 1.82 1.71 1.71 1.71 1.71
2.46 2.46 2.46 2.46 2.36 2.36 2.36 2.36 2.33 2.33 2.33 2.33 2.18 2.18 2.18 2.18 1.92 1.92 1.92 1.92 1.72 1.72 1.72 1.72 1.64 1.64 1.64 1.64 1.80 1.80 1.80 1.80 2.02 2.02 2.02 2.02 2.02 2.02 2.02 2.02 2.00 2.00 2.00 2.00 1.98 1.98 1.98 1.98 1.75 1.75 1.75 1.75 1.60 1.60 1.60 1.60 1.67 1.67 1.67 1.67 1.94 1.94 1.94 1.94 2.12 2.12 2.12 2.12 2.10 2.10 2.10 2.10 2.02 2.02 2.02 2.02 1.87 1.87 1.87 1.87 1.64 1.64 1.64 1.64
2.46 2.46 2.46 2.46 2.36 2.36 2.36 2.36 2.33 2.33 2.33 2.33 2.25 2.25 2.25 2.18 1.92 1.92 1.92 1.92 1.72 1.72 1.72 1.72 1.64 1.64 1.64 1.42 1.80 1.80 1.80 1.80 2.02 2.02 2.02 2.02 2.02 2.02 2.02 2.02 2.00 2.00 2.00 2.00 1.98 1.98 1.98 1.98 1.75 1.75 1.75 1.75 1.60 1.60 1.60 0.91 1.67 1.67 1.67 1.67 1.94 1.94 1.94 1.94 2.12 2.12 2.12 2.12 2.10 2.10 2.10 2.10 2.02 2.02 2.02 2.02 1.87 1.87 1.87 1.87 1.64 1.64 1.64 1.64
2.46 2.46 2.46 2.46 2.36 2.36 2.36 2.36 2.33 2.33 2.33 2.33 2.25 2.25 2.25 2.25 2.00 2.00 2.00 1.92 1.72 1.72 1.72 1.72 1.64 1.64 1.64 0.00 0.00 0.00 1.80 1.80 2.02 2.02 2.02 2.02 2.02 2.02 2.02 2.02 2.00 2.00 2.00 2.00 1.98 1.98 1.98 1.98 1.75 1.75 1.75 1.75 1.60 1.60 1.60 1.60 1.67 1.67 1.67 1.67 1.94 1.94 1.94 1.94 2.12 2.12 2.12 2.12 2.10 2.10 2.10 2.10 2.02 2.02 2.02 2.02 1.87 1.87 1.87 1.87 1.64 1.64 1.64 1.64
2.46 2.46 2.46 2.46 2.36 2.36 2.36 2.36 2.33 2.33 2.33 2.33 2.25 2.25 2.25 2.25 2.00 2.00 2.00 2.00 1.80 1.80 1.72 1.72 1.64 1.64 1.64 0.00 0.00 0.00 0.00 1.80 2.02 2.02 2.02 2.02 2.02 2.02 2.02 2.02 2.00 2.00 2.00 2.00 1.98 1.98 1.98 1.98 1.75 1.75 1.75 1.75 1.60 1.60 1.60 1.60 1.67 1.67 1.67 1.67 1.94 1.94 1.94 1.94 2.12 2.12 2.12 2.12 2.10 2.10 2.10 2.10 2.02 2.02 2.02 2.02 1.87 1.87 1.87 1.87 1.64 1.64 1.64 1.64
2.44 2.44 2.44 2.44 2.33 2.33 2.33 2.33 2.31 2.31 2.31 2.31 2.25 2.25 2.25 2.25 1.95 1.95 1.95 1.95 1.72 1.72 1.72 1.72 1.71 1.64 0.00 0.00 0.00 0.00 1.86 1.86 2.06 2.06 2.06 2.06 2.02 2.02 2.02 2.02 1.98 1.98 1.98 1.98 2.04 2.04 2.04 2.04 1.83 1.83 1.83 1.83 1.63 1.63 1.63 1.63 1.77 1.77 1.77 1.77 2.04 2.04 2.04 2.04 2.11 2.11 2.11 2.11 2.12 2.12 2.12 2.12 2.11 2.11 2.11 2.11 1.90 1.90 1.90 1.90 1.68 1.68 1.68 1.68
2.44 2.44 2.44 2.44 2.33 2.33 2.33 2.33 2.31 2.31 2.31 2.31 2.25 2.25 2.25 2.25 1.95 1.95 1.95 1.95 1.72 1.72 1.72 1.72 1.71 1.71 1.71 1.48 0.00 0.00 1.86 1.86 2.06 2.06 2.06 2.06 2.02 2.02 2.02 2.02 1.98 1.98 1.98 1.98 2.04 2.04 2.04 2.04 1.83 1.83 1.83 1.83 1.63 1.63 0.00 0.00 1.77 1.77 1.77 1.77 2.04 2.04 2.04 2.04 2.11 2.11 2.11 2.11 2.12 2.12 2.12 2.12 2.11 2.11 2.11 2.11 1.90 1.90 1.90 1.90 1.68 1.68 1.68 1.68
2.44 2.44 2.44 2.44 2.33 2.33 2.33 2.33 2.31 2.31 2.31 2.31 2.25 2.25 2.25 2.25 1.95 1.95 1.95 1.95 1.72 0.00 1.72 0.00 0.00 1.71 1.71 1.71 1.94 1.60 1.94 1.94 2.06 2.06 2.06 2.06 2.02 2.02 2.02 2.02 1.98 1.98 1.98 1.98 2.04 2.04 2.04 2.04 1.83 1.83 1.83 1.83 1.63 1.63 0.00 0.00 1.77 1.77 1.77 1.77 2.04 2.04 2.04 2.04 2.11 2.11 2.11 2.11 2.12 2.12 2.12 2.12 2.11 2.11 2.11 2.11 1.90 1.90 1.90 1.90 1.68 1.68 1.68 1.68
2.44 2.44 2.44 2.44 2.33 2.33 2.33 2.33 2.31 2.31 2.31 2.31 2.25 2.25 2.25 2.25 1.95 1.95 1.95 1.95 0.00 0.00 0.00 0.00 0.00 1.71 1.71 1.71 1.94 1.94 1.60 1.94 2.14 2.14 2.14 2.06 2.02 2.02 2.02 2.02 1.98 1.98 1.98 1.98 2.04 2.04 2.04 2.04 1.83 1.83 1.83 1.83 1.63 1.63 1.63 0.00 1.77 1.77 1.77 1.77 2.04 2.04 2.04 2.04 2.11 1.66 1.66 2.11 2.12 2.12 2.12 2.12 2.11 2.11 2.11 2.11 1.90 1.90 1.90 1.90 1.68 1.68 1.68 1.68
2.40 2.40 2.40 2.40 2.32 2.32 2.32 2.32 2.32 2.32 2.32 2.32 2.23 2.23 2.23 2.23 1.97 1.97 1.97 1.97 0.00 0.00 0.00 0.00 0.00 1.73 1.73 1.73 1.59 1.92 0.00 1.92 2.11 2.11 2.11 2.11 2.09 2.09 2.02 2.02 1.96 1.96 1.96 1.96 2.09 2.09 2.09 2.09 1.97 1.97 1.97 1.97 0.00 0.00 1.73 1.73 1.85 1.85 1.85 1.85 2.03 2.03 2.03 2.03 2.05 0.00 0.00 2.05 2.17 2.17 2.17 2.17 2.19 2.19 2.19 2.19 1.90 1.90 1.90 1.90 1.68 1.68 1.68 1.68
2.40 2.40 2.40 2.40 2.32 2.32 2.32 2.32 2.32 2.32 2.32 2.32 2.23 2.23 2.23 2.23 1.97 1.97 1.97 1.97 0.00 0.00 0.00 0.00 0.00 0.00 0.00 0.00 0.00 1.92 0.00 1.92 2.11 2.11 2.11 2.11 2.09 2.09 2.09 2.09 2.03 2.03 1.96 1.96 2.09 2.09 2.09 2.09 1.97 1.97 1.97 1.97 1.73 0.00 0.00 0.00 1.85 1.85 1.85 1.85 2.03 1.62 2.03 2.03 2.05 2.05 2.05 2.05 2.17 2.17 2.17 2.17 2.19 2.19 2.19 2.19 1.90 1.90 1.90 1.90 1.68 1.68 1.68 1.68
2.40 2.40 1.82 0.00 2.32 2.32 2.32 2.32 2.32 2.32 2.32 2.32 2.23 0.00 0.00 0.00 0.00 0.00 0.00 1.97 0.00 0.00 0.00 0.00 0.00 0.00 0.00 0.00 0.00 0.00 1.92 1.92 2.11 2.11 2.11 2.11 2.09 0.00 1.68 2.09 2.03 2.03 2.03 2.03 2.17 2.09 2.09 2.09 1.97 1.97 1.97 1.97 1.73 0.00 0.00 0.00 1.85 1.85 1.85 1.53 1.62 1.62 1.62 1.62 2.05 2.05 2.05 2.05 2.17 2.17 2.17 2.17 2.19 2.19 2.19 2.19 1.90 1.90 1.90 1.90 1.68 1.68 1.68 1.68
1.82 1.82 0.00 0.00 2.32 2.32 2.32 2.32 2.32 2.32 2.32 2.32 2.23 2.23 2.23 0.00 0.00 0.00 1.97 0.00 0.00 0.00 0.00 0.00 0.00 0.00 0.00 0.00 0.00 0.00 0.00 1.92 2.11 2.11 2.11 2.11 0.00 0.00 0.00 2.09 2.03 2.03 2.03 0.00 2.17 2.17 2.17 2.17 1.97 1.97 1.97 1.97 1.73 0.00 0.00 0.00 1.85 1.85 1.85 1.85 1.62 1.62 0.00 1.62 2.05 2.05 2.05 2.05 2.17 2.17 2.17 2.17 2.19 2.19 2.19 2.19 1.90 1.90 1.90 1.90 1.68 1.68 1.68 1.68
2.35 1.80 0.00 0.00 2.33 2.33 2.33 2.33 2.34 2.34 2.34 2.34 2.19 2.19 2.19 2.19 0.00 1.97 0.00 0.00 0.00 0.00 0.00 0.00 0.00 0.00 0.00 0.00 0.00 0.00 0.00 2.00 2.06 2.06 2.06 2.06 2.13 0.00 0.00 2.13 2.08 2.08 2.08 2.08 2.20 2.20 2.20 2.20 2.16 2.16 2.16 2.09 1.87 1.87 0.00 0.00 1.53 1.85 1.85 1.85 1.99 1.60 1.99 1.99 2.06 2.06 2.06 2.06 2.23 2.23 2.23 2.23 2.23 2.23 2.23 2.23 1.92 1.92 1.92 1.92 1.63 1.63 1.63 1.63
0.00 1.80 0.00 0.00 2.33 2.33 2.33 1.79 2.34 2.34 2.34 2.34 2.19 2.19 2.19 2.19 1.97 1.97 1.97 1.97 0.00 0.00 0.00 0.00 0.00 0.00 0.00 0.00 0.00 0.00 0.00 2.00 2.06 2.06 2.06 2.06 2.13 2.13 0.00 2.13 2.08 2.08 2.08 0.00 0.00 2.20 2.20 2.20 2.16 2.16 2.16 2.16 1.95 1.95 1.95 0.00 0.00 0.00 1.85 1.85 1.60 0.00 1.99 1.99 2.06 2.06 2.06 1.63 2.23 2.23 2.23 2.23 2.23 2.23 2.23 2.23 1.92 1.92 1.92 1.92 1.63 1.63 1.63 0.00
0.00 0.00 0.00 0.00 1.75 2.27 2.27 2.27 2.27 2.27 2.27 2.27 2.12 2.12 2.12 2.12 1.92 1.92 0.00 0.00 0.00 0.00 0.00 0.00 0.00 0.00 0.00 0.00 0.00 0.00 0.00 0.00 0.00 0.00 2.00 2.00 2.06 2.06 2.06 2.06 2.02 2.02 2.02 0.00 0.00 2.11 2.11 2.11 2.07 2.07 2.07 2.07 1.88 1.88 1.88 0.00 0.00 0.00 1.79 1.79 1.90 1.90 1.90 1.90 1.96 1.96 1.96 1.96 2.11 2.11 2.11 2.11 2.11 2.11 2.11 2.11 1.83 1.83 1.83 1.83 1.57 1.57 0.00 0.00
0.00 0.00 0.00 1.76 0.00 2.27 2.27 2.27 2.27 2.27 2.27 2.27 2.12 2.12 0.00 0.00 0.00 0.00 0.00 0.00 0.00 0.00 0.00 0.00 0.00 0.00 0.00 0.00 0.00 0.00 0.00 0.00 0.00 0.00 0.00 2.00 2.06 2.06 1.88 2.06 2.02 2.02 2.02 0.00 2.11 2.11 2.11 2.11 2.07 2.07 2.07 2.07 1.88 1.88 1.88 0.00 0.00 0.00 0.00 1.86 1.97 1.90 1.90 1.90 1.96 1.96 1.96 1.96 2.11 2.11 2.11 2.11 2.11 2.11 2.11 0.00 1.83 1.83 1.83 1.83 1.57 1.57 1.57 1.57
0.00 0.00 0.00 0.00 1.79 2.34 2.34 2.34 2.31 2.31 2.31 2.31 2.10 2.10 0.00 0.00 0.00 0.00 0.00 0.00 0.00 0.00 0.00 0.00 0.00 0.00 0.00 0.00 0.00 0.00 0.00 0.00 0.00 0.00 0.00 2.04 2.14 2.14 2.14 0.00 2.09 2.09 2.09 2.09 2.13 0.00 2.13 2.13 2.13 2.13 2.13 2.13 1.96 1.96 1.96 0.00 0.00 0.00 0.00 1.91 2.01 2.01 1.64 2.01 2.03 2.03 2.03 2.03 2.12 2.12 2.12 2.12 2.10 2.10 2.10 2.10 1.94 1.94 1.94 1.94 1.66 1.66 1.66 1.66
2.34 0.00 0.00 1.79 2.34 2.34 2.34 2.34 2.31 2.31 2.31 2.31 2.10 2.10 0.00 0.00 0.00 0.00 0.00 0.00 0.00 0.00 0.00 0.00 0.00 0.00 0.00 0.00 0.00 0.00 0.00 0.00 0.00 0.00 0.00 2.04 2.14 2.14 2.14 2.14 2.09 2.09 2.09 2.09 0.00 0.00 0.00 2.13 2.13 2.13 2.13 2.13 1.96 1.96 1.96 1.96 0.00 0.00 1.91 1.91 2.01 0.00 1.64 2.01 1.68 2.11 2.11 2.11 2.12 2.12 2.12 2.12 2.10 2.10 2.10 2.10 1.57 1.94 1.94 1.94 1.66 1.66 1.66 0.00
2.34 2.34 2.34 2.34 2.34 2.34 2.34 2.34 2.31 2.31 1.78 2.31 2.10 0.00 0.00 0.00 0.00 0.00 0.00 0.00 0.00 0.00 0.00 0.00 0.00 0.00 0.00 0.00 0.00 0.00 0.00 0.00 0.00 0.00 0.00 0.00 2.14 2.14 2.14 1.69 2.09 2.09 0.00 2.09 2.13 0.00 0.00 2.13 2.13 2.13 2.13 1.69 1.61 1.96 1.96 0.00 0.00 0.00 1.91 1.91 2.01 0.00 1.64 1.64 1.68 2.11 2.11 2.11 2.20 2.20 2.20 2.12 2.10 2.10 2.10 2.10 1.94 1.94 1.94 1.94 1.66 1.66 0.00 0.00
2.34 2.34 2.34 0.00 0.00 0.00 2.34 2.34 0.00 2.31 2.31 2.31 0.00 0.00 0.00 0.00 0.00 0.00 0.00 0.00 0.00 0.00 0.00 0.00 0.00 0.00 0.00 0.00 0.00 0.00 0.00 0.00 0.00 0.00 0.00 0.00 2.14 0.00 0.00 0.00 0.00 0.00 0.00 0.00 0.00 0.00 0.00 2.13 2.13 2.13 2.13 1.69 1.61 1.96 1.81 0.00 0.00 1.91 1.91 1.91 2.01 1.64 0.00 0.00 0.00 2.11 2.11 2.11 1.73 2.20 2.20 2.20 2.17 2.17 2.10 2.10 1.94 1.94 1.94 1.94 1.66 1.66 1.66 0.00
2.33 2.33 2.33 0.00 0.00 0.00 2.35 2.35 2.36 1.80 0.00 0.00 0.00 0.00 0.00 0.00 0.00 0.00 0.00 0.00 0.00 0.00 0.00 0.00 0.00 0.00 0.00 0.00 0.00 0.00 0.00 0.00 0.00 0.00 0.00 2.17 0.00 0.00 2.23 2.23 2.13 0.00 0.00 0.00 0.00 0.00 2.15 2.15 2.15 2.15 2.15 0.00 0.00 1.99 1.62 0.00 0.00 0.00 1.99 1.99 2.11 2.11 1.68 0.00 0.00 0.00 2.12 2.12 2.15 2.15 2.15 2.15 2.16 2.16 2.16 2.16 2.10 2.10 2.02 2.02 1.81 1.81 1.81 0.00
2.33 2.33 2.33 2.33 0.00 0.00 2.35 2.35 2.36 2.36 0.00 0.00 0.00 0.00 0.00 0.00 0.00 0.00 0.00 0.00 0.00 0.00 0.00 0.00 0.00 0.00 0.00 0.00 0.00 0.00 0.00 0.00 0.00 2.17 2.17 0.00 0.00 2.23 2.23 2.23 2.13 2.13 0.00 0.00 2.15 2.15 2.15 2.15 2.15 2.15 2.15 0.00 0.00 1.99 1.99 0.00 0.00 0.00 1.99 1.99 2.11 2.11 0.00 0.00 1.69 0.00 2.12 2.12 2.15 2.15 2.15 2.15 2.16 2.16 2.16 2.16 2.10 2.10 2.10 2.10 1.88 1.81 1.81 1.81
