New_Model_Runs/10_Future_Present_Scn3_out/post_prcessed_with_MFR/Monthly_summaries/interception_monthly_NOV.asc
NCOLS 700
NROWS 400
XLLCENTER 515000.000000
YLLCENTER 8409000.000000
CELLSIZE 50.000000
NODATA_value -999.000000
[rows 114 to 151 of 400, columns 420 to 503 of 700]
1.47 1.47 1.47 1.47 1.40 1.40 1.40 1.89 1.91 1.91 1.91 1.91 1.84 1.84 1.84 1.84 1.57 1.57 1.57 1.57 1.32 1.32 0.00 0.00 1.28 1.28 0.00 0.00 0.00 0.00 0.00 0.00 0.00 0.00 0.86 0.86 0.95 0.95 0.95 0.95 1.13 1.13 1.13 1.13 1.35 1.35 1.35 1.35 1.33 1.33 1.33 1.33 1.01 1.01 1.01 1.01 0.79 0.00 0.00 0.00 0.00 0.65 0.76 0.76 0.82 0.00 0.00 0.00 0.00 0.00 0.82 1.03 1.28 1.28 1.28 1.28 1.18 1.18 1.18 1.18 0.98 0.98 0.98 0.98
1.47 1.47 1.47 1.47 1.40 1.40 1.40 1.40 1.91 1.91 1.91 1.91 1.84 1.84 1.84 1.84 1.57 1.57 1.57 1.57 1.32 1.32 1.32 1.32 1.28 0.00 1.20 1.28 0.00 0.00 0.00 0.00 0.86 0.86 0.00 0.86 0.95 0.95 0.95 0.95 1.13 1.13 1.13 1.13 1.35 1.35 1.35 1.35 1.33 1.33 1.33 1.33 1.01 1.01 1.01 1.01 0.67 0.00 0.00 0.00 0.00 0.76 0.76 0.76 0.82 0.00 0.00 0.00 0.00 0.00 0.00 1.03 1.28 1.28 1.28 1.28 1.18 1.18 1.18 1.18 0.98 0.98 0.98 0.98
1.21 1.21 1.21 1.21 1.13 1.13 1.13 1.13 1.72 1.72 1.72 1.72 1.70 1.70 1.70 1.70 1.60 1.60 1.60 1.60 1.43 1.43 1.43 1.43 1.39 1.39 1.39 1.39 1.38 1.38 0.00 0.00 0.00 0.00 0.00 0.85 0.90 0.90 0.90 0.90 1.05 1.05 1.05 1.05 1.28 1.28 1.28 1.28 1.30 1.30 1.30 1.30 1.05 1.05 1.05 1.05 0.86 0.00 0.00 0.00 0.00 0.00 0.82 0.82 0.91 0.91 0.91 0.91 0.82 0.00 0.00 1.10 1.32 1.32 1.32 1.32 1.24 1.24 1.24 1.24 1.24 1.24 1.24 1.24
1.21 1.21 1.21 1.21 1.13 1.13 1.13 1.13 1.22 1.72 1.72 1.72 1.70 1.70 1.70 1.70 1.60 1.60 1.60 1.60 1.43 1.43 1.43 1.43 1.39 1.39 1.39 0.00 1.38 0.00 0.00 0.00 0.00 0.00 0.85 0.85 0.00 0.90 0.90 0.90 1.05 1.05 1.05 1.05 1.28 1.28 1.28 1.28 1.30 1.30 1.30 1.30 1.05 1.05 1.05 1.05 0.86 0.86 0.86 0.86 0.82 0.82 0.69 0.82 0.91 0.91 0.91 0.91 1.09 1.09 1.10 1.10 1.32 1.32 1.32 1.32 1.24 1.24 1.24 1.24 1.24 1.24 1.24 1.24
1.21 1.21 1.21 1.21 1.13 1.13 1.13 1.13 1.22 1.72 1.72 1.72 1.70 1.70 1.70 1.70 1.60 1.60 1.60 1.60 1.43 1.43 1.43 1.43 1.39 1.39 1.39 1.39 0.00 0.00 0.00 0.00 0.00 0.85 0.85 0.85 0.90 0.90 0.90 0.90 1.05 1.05 1.05 1.05 1.28 1.28 1.28 1.28 1.30 1.30 1.30 1.30 1.05 1.05 1.05 1.05 0.86 0.86 0.86 0.86 0.82 0.82 0.69 0.82 0.91 0.91 0.91 0.91 1.09 1.09 1.10 1.10 1.32 1.32 1.32 1.32 1.24 1.24 1.24 1.24 1.24 1.24 1.24 1.24
1.21 1.21 1.21 1.21 1.13 1.13 1.13 1.13 1.22 1.72 1.72 1.72 1.70 1.70 1.70 1.70 1.60 1.60 1.60 1.60 1.43 1.43 1.43 1.43 1.39 1.39 1.39 1.39 1.38 0.86 0.86 0.86 0.85 0.00 0.85 0.85 0.90 0.90 0.90 0.90 1.05 1.05 1.05 1.05 1.28 1.28 1.28 1.28 1.30 1.30 1.30 1.30 1.05 1.05 1.05 1.05 0.86 0.86 0.86 0.86 0.82 0.82 0.82 0.82 0.91 0.91 0.91 0.91 1.09 1.09 1.10 1.10 1.32 1.32 1.32 1.32 1.24 1.24 1.24 1.24 1.24 1.24 1.24 1.24
0.84 0.84 0.84 0.84 0.85 0.85 0.85 0.85 0.91 0.91 1.42 1.42 1.50 1.50 1.50 1.50 1.63 1.63 1.63 1.63 1.65 1.65 1.65 1.65 1.52 1.52 1.52 1.52 1.40 0.88 0.88 0.88 0.00 0.00 0.85 0.85 0.94 0.94 0.94 0.94 1.09 1.09 1.09 1.09 1.22 1.22 1.22 1.22 1.23 1.23 1.23 1.23 1.15 1.15 1.15 1.15 1.05 1.05 1.05 1.05 0.98 0.98 0.98 0.98 1.11 1.11 1.11 1.11 1.26 1.26 1.28 1.28 1.39 1.39 1.39 1.39 1.43 1.43 1.43 1.43 1.52 1.52 1.52 1.52
0.84 0.84 0.84 0.84 0.85 0.85 0.85 0.85 0.91 0.91 1.42 1.42 1.50 1.50 1.50 1.50 1.63 1.63 1.63 1.63 1.65 1.65 1.65 1.65 1.52 1.52 1.52 1.52 1.40 0.88 0.88 0.00 0.00 0.00 0.85 0.85 0.94 0.94 0.94 0.94 1.09 1.09 1.09 1.09 1.22 1.22 1.22 1.22 1.23 1.23 1.23 1.23 1.15 1.15 1.15 1.15 1.05 1.05 1.05 1.05 0.98 0.98 0.98 0.98 1.11 1.11 1.11 1.11 1.26 1.26 1.28 1.28 1.39 1.39 1.39 1.39 1.43 1.43 1.43 1.43 1.52 1.52 1.52 1.52
0.84 0.84 0.84 0.84 0.85 0.85 0.85 0.73 0.91 0.91 0.91 1.42 1.50 1.50 1.50 1.50 1.63 1.63 1.63 1.63 1.65 1.65 1.65 1.65 1.52 1.52 1.52 1.52 1.40 0.88 0.72 0.00 0.00 0.00 0.85 0.85 0.94 0.94 0.94 0.94 1.09 1.09 1.09 1.09 1.22 1.22 1.22 1.22 1.23 1.23 1.23 1.23 1.15 1.15 1.15 1.15 1.05 1.05 1.05 1.05 0.98 0.98 0.98 0.98 1.11 1.11 1.11 1.11 1.26 1.26 1.28 1.28 1.39 1.39 1.39 1.39 1.43 1.43 1.43 1.43 1.52 1.52 1.52 1.52
0.84 0.84 0.84 0.84 0.85 0.85 0.85 0.85 0.91 0.91 0.91 1.42 1.50 1.50 1.50 1.50 1.63 1.63 1.63 1.63 1.65 1.65 1.65 1.65 1.52 1.52 1.52 1.52 1.40 0.88 0.88 0.00 0.00 0.00 0.85 0.00 0.94 0.94 0.94 0.94 1.09 1.09 1.09 1.09 1.22 1.22 1.22 1.22 1.23 1.23 1.23 1.23 1.15 1.15 1.15 1.15 1.05 1.05 1.05 1.05 0.98 0.98 0.98 0.98 1.11 1.11 1.11 1.11 1.26 1.26 1.28 1.28 1.39 1.39 1.39 1.39 1.43 1.43 1.43 1.43 1.52 1.52 1.52 1.52
0.75 0.75 0.00 0.75 0.72 0.72 0.72 0.72 0.67 0.00 0.00 0.74 1.31 1.31 1.31 1.31 1.44 1.44 1.44 1.44 1.65 1.65 0.73 1.65 1.66 1.66 1.66 1.66 1.51 0.99 0.99 0.00 0.00 0.00 0.00 0.00 0.98 0.98 0.98 0.98 1.06 1.06 1.06 1.06 1.12 1.12 1.12 1.12 1.21 1.21 1.21 1.21 1.25 1.25 1.25 1.25 1.20 1.20 1.20 1.20 1.21 1.21 1.21 1.21 1.34 1.34 1.34 1.34 1.41 1.41 1.43 1.43 1.45 1.45 1.45 1.45 1.40 1.40 1.40 1.40 1.39 1.39 1.39 1.39
0.68 0.00 0.75 0.68 0.72 0.00 0.00 0.66 0.00 0.00 0.00 0.00 1.31 1.31 1.31 1.31 1.28 1.44 1.44 0.00 1.38 1.65 1.65 1.65 1.66 1.66 1.66 1.66 1.51 0.99 0.99 0.99 0.00 0.00 0.00 0.00 0.98 0.98 0.98 0.98 1.06 1.06 1.06 1.06 1.12 1.12 1.12 1.12 1.21 1.21 1.21 1.21 1.25 1.25 1.25 1.25 1.20 1.20 1.20 1.20 1.21 1.21 1.21 1.21 1.34 1.34 1.34 1.34 1.41 1.41 1.43 1.43 1.45 1.45 1.45 1.45 1.40 1.40 1.40 1.40 1.39 1.39 1.39 1.39
0.00 0.00 0.00 0.00 0.00 0.00 0.72 0.72 0.00 0.00 0.00 0.00 0.00 0.00 0.00 0.00 0.00 1.44 0.00 0.00 1.65 1.65 1.65 1.65 1.66 1.66 1.66 1.66 1.51 0.99 0.99 0.99 0.93 0.00 0.00 0.00 0.98 0.98 0.98 0.98 1.06 1.06 1.06 1.06 1.12 1.12 1.12 1.12 1.21 1.21 1.21 1.21 1.25 1.25 1.25 1.25 1.20 1.20 1.20 1.20 1.21 1.21 1.21 1.21 1.34 1.34 1.34 1.34 1.41 1.41 1.43 1.43 1.45 1.45 1.45 1.45 1.40 1.40 1.40 1.40 1.39 1.39 1.39 1.39
0.00 0.00 0.00 0.00 0.00 0.00 0.00 0.00 0.00 0.00 0.00 0.00 0.00 0.00 0.00 1.31 1.44 1.44 1.44 0.00 0.00 1.65 1.65 1.65 1.66 1.66 1.66 1.66 1.51 0.99 0.99 0.99 0.93 0.93 0.93 0.00 0.00 0.98 0.98 0.98 1.06 1.06 1.06 1.06 1.12 1.12 1.12 1.12 1.21 1.21 1.21 1.21 1.25 1.25 1.25 1.25 1.20 1.20 1.20 1.20 1.21 1.21 1.21 1.21 1.34 1.34 1.34 1.34 1.41 1.41 1.43 1.43 1.45 1.45 1.45 1.45 1.40 1.40 1.40 1.40 1.39 1.39 1.39 1.39
0.76 0.00 0.00 0.00 0.00 0.00 0.00 0.00 0.00 0.00 0.00 0.00 0.00 0.00 1.28 1.28 1.38 1.38 0.00 0.00 0.00 1.35 1.35 1.59 1.76 1.76 0.00 1.76 1.69 1.18 1.18 1.18 0.99 0.99 0.99 0.00 0.95 0.95 0.95 0.95 0.99 0.99 0.99 0.77 1.07 1.07 1.07 1.07 1.19 1.19 1.19 1.19 1.32 1.32 1.32 1.32 1.36 1.36 1.36 1.36 1.34 1.34 1.34 1.34 1.28 1.28 1.28 1.28 1.29 1.29 1.31 1.31 1.32 1.32 1.32 1.32 1.20 1.20 1.20 1.20 1.15 1.15 1.15 1.15
0.00 0.00 0.00 0.00 0.00 0.00 0.00 0.00 0.00 0.00 0.00 0.00 0.00 0.00 1.28 1.28 1.38 1.38 0.00 0.00 0.00 1.35 1.59 1.59 1.76 0.00 0.00 0.00 1.18 1.18 1.18 1.18 0.99 0.99 0.99 0.99 0.00 0.00 0.95 0.95 0.99 0.99 0.99 0.99 1.07 1.07 1.07 1.07 1.19 1.19 1.19 1.19 1.32 1.32 1.32 1.32 1.36 1.36 1.36 1.36 1.34 1.34 1.34 1.34 1.28 1.28 1.28 1.28 1.29 1.29 1.31 1.31 1.32 1.32 1.32 1.32 1.20 1.20 1.20 1.20 1.15 1.15 1.15 1.15
0.00 0.00 0.00 0.00 0.00 0.00 0.00 0.00 0.00 0.00 0.00 0.00 0.00 0.00 1.28 1.28 1.37 1.37 0.00 1.37 1.35 1.59 1.59 1.59 0.00 0.00 0.00 0.00 0.00 1.21 1.21 1.21 1.01 1.01 1.01 1.01 0.97 0.97 0.97 0.97 1.01 1.01 1.01 1.01 1.10 1.10 1.10 1.10 1.23 1.23 1.23 1.23 1.36 1.36 1.36 1.36 1.41 1.41 1.41 1.41 1.36 1.36 1.36 1.36 1.30 1.30 1.30 1.30 1.31 1.31 1.33 1.33 1.34 1.34 1.34 1.34 1.20 1.20 1.20 1.20 1.16 1.16 1.16 1.16
0.00 0.00 0.00 0.00 0.00 0.00 0.00 0.00 0.00 0.00 0.00 0.72 0.00 0.76 0.00 0.00 1.37 1.37 1.37 1.37 1.59 1.59 1.59 1.59 0.00 0.00 0.00 0.00 0.00 1.21 1.21 1.21 1.01 1.01 1.01 1.01 0.97 0.97 0.97 0.97 1.01 1.01 1.01 1.01 1.10 1.10 1.10 1.10 1.23 1.23 1.23 1.23 1.36 1.36 1.36 1.36 1.41 1.41 1.41 1.41 1.36 1.36 1.36 1.36 1.30 1.30 1.30 1.30 0.94 1.31 1.33 1.33 1.34 1.34 1.34 1.34 1.20 1.20 1.20 1.20 1.16 1.16 1.16 1.16
0.00 0.00 0.00 0.00 0.00 0.00 0.00 0.00 0.00 0.00 0.00 0.75 0.81 0.81 0.00 0.00 1.46 1.46 1.46 1.46 1.70 1.70 1.70 1.70 0.00 0.00 0.00 0.00 0.00 1.35 1.35 1.35 1.14 1.14 1.14 1.14 1.13 1.13 1.13 1.13 1.11 1.11 1.11 1.11 1.18 1.18 1.18 1.18 1.29 1.29 1.29 1.29 1.40 1.40 1.40 1.40 1.42 1.42 1.42 1.42 1.26 1.26 1.26 1.26 1.17 1.17 1.17 1.17 0.00 1.19 1.20 1.20 1.22 1.22 1.22 1.22 1.12 1.12 1.12 1.12 1.09 1.09 1.09 1.09
0.00 0.00 0.00 0.00 0.00 0.00 0.00 0.00 0.00 0.75 0.75 0.75 0.00 0.81 0.81 1.32 1.46 1.46 1.46 1.46 1.70 1.70 1.70 1.70 0.00 0.00 0.00 0.00 0.00 1.35 1.35 1.35 1.14 1.14 1.14 1.14 1.13 1.13 1.13 1.13 1.11 1.11 1.11 1.11 1.18 1.18 1.18 1.18 1.29 1.29 1.29 1.29 1.40 1.40 1.40 1.40 1.42 1.42 1.42 1.42 1.26 1.26 1.26 1.26 1.17 1.17 1.17 1.17 1.19 1.19 1.20 1.20 1.22 1.22 1.22 1.22 1.12 1.12 1.12 1.12 1.09 1.09 1.09 1.09
0.00 0.00 0.00 0.00 0.00 0.00 0.00 0.00 0.00 0.75 0.75 0.75 0.81 0.81 0.81 0.81 1.46 1.46 1.46 1.46 1.70 1.70 1.70 1.70 0.00 0.00 0.00 0.00 0.00 0.00 1.35 1.35 1.14 1.14 1.14 1.14 1.13 1.13 1.13 1.13 1.11 1.11 1.11 1.11 1.18 1.18 1.18 1.18 1.29 1.29 1.29 1.29 1.40 1.40 1.40 1.40 1.42 1.42 1.42 1.42 1.26 1.26 1.26 1.26 1.17 1.17 1.17 1.17 1.19 1.19 1.20 1.20 1.22 1.22 1.22 1.22 1.12 1.12 1.12 1.12 1.09 1.09 1.09 1.09
0.00 0.00 0.00 0.00 0.00 0.00 0.00 0.00 0.72 0.75 0.75 0.75 0.81 0.81 0.81 0.81 1.46 1.46 1.46 1.46 1.70 1.70 0.00 0.00 0.00 0.00 0.00 0.00 0.00 0.00 1.35 1.35 0.00 1.14 1.14 0.00 0.00 0.00 1.13 1.13 1.11 1.11 1.11 1.11 1.18 1.18 1.18 1.18 1.29 1.29 1.29 1.29 1.40 1.40 1.40 1.40 1.42 1.42 1.42 1.42 1.26 1.26 1.26 1.26 1.17 1.17 1.17 1.17 1.19 1.19 1.20 1.20 1.22 1.22 1.22 1.22 1.12 1.12 1.12 1.12 1.09 1.09 1.09 1.09
0.00 0.00 0.00 0.00 0.00 0.00 0.00 0.00 0.88 0.88 0.88 0.88 0.99 0.99 0.99 0.99 1.67 1.67 1.67 1.67 1.89 0.00 0.00 0.00 0.00 0.00 0.00 0.00 0.00 0.00 0.00 0.00 0.00 0.00 0.00 0.00 0.00 1.22 1.22 1.22 1.16 1.16 1.16 1.16 1.25 1.25 1.25 1.25 1.30 1.30 1.30 1.30 1.38 1.38 1.38 1.38 1.38 1.38 1.38 1.38 1.26 1.26 1.26 1.26 1.21 1.21 1.21 1.21 1.17 1.17 1.18 1.18 1.11 1.11 1.11 1.11 1.09 1.09 1.09 1.09 1.11 1.11 1.11 1.11
0.00 0.00 0.00 0.00 0.00 0.00 0.00 0.81 0.88 0.88 0.88 0.88 0.99 0.99 0.99 0.99 1.16 1.67 1.67 1.67 1.89 1.89 0.00 0.00 0.00 0.00 0.00 0.00 0.00 0.00 0.00 0.00 0.00 0.00 0.00 0.00 0.00 0.00 0.00 1.22 1.16 1.16 1.16 1.16 1.25 1.25 1.25 1.25 1.30 1.30 1.30 1.30 1.38 1.38 1.38 1.38 1.38 1.38 1.38 1.38 1.26 1.26 1.26 1.26 1.21 1.21 1.21 1.21 1.17 1.17 1.18 1.18 1.11 1.11 1.11 1.11 1.09 1.09 1.09 1.09 1.11 1.11 1.11 1.11
0.00 0.00 0.00 0.00 0.00 0.00 0.81 0.81 0.88 0.88 0.88 0.88 0.99 0.99 0.99 0.99 1.16 1.67 1.67 0.00 0.00 0.00 0.00 0.00 0.00 0.00 0.00 0.00 0.00 0.00 0.00 0.00 0.00 0.00 0.00 0.00 0.00 0.00 0.00 1.22 1.16 1.16 1.16 1.16 1.25 1.25 1.25 1.25 1.30 1.30 1.30 1.30 1.38 1.38 1.38 1.38 1.38 1.38 1.38 1.38 1.26 1.26 1.26 1.26 1.21 1.21 1.21 1.21 1.17 1.17 1.18 1.18 1.11 1.11 1.11 1.11 1.09 1.09 1.09 1.09 1.11 1.11 1.11 0.86
0.00 0.00 0.00 0.00 0.00 0.00 0.81 0.81 0.88 0.88 0.88 0.88 0.99 0.99 0.99 0.99 0.00 0.00 0.00 0.00 0.00 0.00 0.00 0.00 0.00 0.00 0.00 0.00 0.00 0.00 0.00 0.00 0.00 0.00 0.00 0.00 1.22 1.22 1.22 1.22 1.16 1.16 1.16 1.16 1.25 1.25 1.25 1.25 1.30 1.30 1.30 1.30 1.38 1.38 1.38 1.38 1.38 1.38 1.38 1.38 1.26 1.26 1.26 1.26 1.21 1.21 1.21 1.21 1.17 1.17 1.18 1.18 1.11 1.11 1.11 1.11 1.09 1.09 1.09 1.09 1.11 1.11 1.11 0.86
0.00 0.00 0.00 0.00 0.00 0.91 0.91 0.91 0.98 0.98 0.98 0.98 1.15 1.15 1.15 1.15 1.44 1.44 1.93 0.00 0.00 0.00 0.00 0.00 0.00 0.00 0.00 0.00 0.00 0.93 1.30 0.00 0.00 0.00 0.00 1.23 1.18 1.18 1.18 1.18 1.21 1.21 1.21 1.21 1.27 1.27 1.27 1.27 1.30 1.30 1.30 1.30 1.37 1.37 1.37 1.37 1.33 1.33 1.33 1.33 1.31 1.31 1.31 1.31 1.31 1.31 1.31 1.31 1.19 1.19 1.20 1.20 1.03 1.03 1.03 1.03 1.04 1.04 1.04 1.04 1.13 1.13 1.13 1.13
0.00 0.00 0.00 0.00 0.00 0.91 0.91 0.91 0.98 0.00 0.98 0.98 1.15 1.15 1.15 1.15 1.44 1.44 1.93 1.93 2.00 0.00 0.00 2.00 1.85 0.00 0.00 0.00 0.00 0.00 0.00 0.00 0.00 0.00 1.23 1.23 1.18 1.18 1.18 1.18 1.21 1.21 1.21 1.21 1.27 1.27 1.27 1.27 1.30 1.30 1.30 1.30 1.37 1.37 1.37 1.37 1.33 1.33 1.33 1.33 1.31 1.31 1.31 1.31 1.31 1.31 1.31 1.31 1.19 1.19 1.20 1.20 1.03 1.03 1.03 1.03 1.04 1.04 1.04 1.04 0.00 1.13 1.13 1.13
0.00 0.00 0.00 0.00 0.00 0.91 0.91 0.91 0.00 0.00 0.98 0.98 1.15 1.15 1.15 1.15 1.44 1.44 1.44 1.93 2.00 2.00 2.00 2.00 1.85 1.85 0.00 0.00 0.00 0.00 0.00 0.00 0.00 0.00 0.00 1.23 1.18 1.18 1.18 1.18 1.21 1.21 1.21 1.21 1.27 1.27 1.27 1.27 1.30 1.30 1.30 1.30 1.37 1.37 1.37 1.37 1.33 1.33 1.33 1.33 1.31 1.31 1.31 1.31 1.31 1.31 1.31 1.31 1.19 1.19 1.20 1.20 1.03 1.03 1.03 1.03 1.04 1.04 1.04 1.04 1.13 1.13 1.13 1.13
0.00 0.00 0.00 0.00 0.91 0.91 0.91 0.00 0.00 0.00 0.00 0.80 1.15 1.15 1.15 1.15 1.44 1.44 1.44 1.93 2.00 2.00 2.00 2.00 1.85 1.85 1.85 0.00 0.00 0.00 0.00 0.00 0.00 0.00 0.00 0.00 1.18 1.18 1.18 1.18 1.21 1.21 1.21 1.21 1.27 1.27 1.27 1.27 1.30 1.30 1.30 1.30 1.37 1.37 1.37 1.37 1.33 1.33 1.33 1.33 1.31 1.31 1.31 1.31 1.31 1.31 1.31 1.31 1.19 1.19 1.20 1.20 1.03 1.03 1.03 1.03 1.04 1.04 1.04 1.04 1.13 1.13 0.00 1.13
0.00 0.00 0.00 0.00 0.00 0.00 0.77 0.00 0.00 0.00 0.99 0.99 1.25 1.25 1.25 1.25 1.53 1.53 1.53 1.53 1.84 1.84 1.84 1.84 1.62 1.62 1.62 1.11 1.06 1.06 0.00 0.00 0.00 0.00 0.00 0.00 1.13 1.13 1.13 1.13 1.28 1.28 1.28 1.28 1.32 1.32 1.32 1.32 1.33 1.33 1.33 1.33 1.33 1.33 1.33 1.33 1.21 1.21 1.21 1.21 1.22 1.22 1.22 1.22 1.31 1.31 1.31 1.31 1.21 1.21 1.23 1.23 1.06 1.06 1.06 0.00 0.00 0.00 0.00 0.00 0.86 0.00 0.00 0.00
0.00 0.00 0.00 0.00 0.00 0.00 0.00 0.00 0.00 0.80 0.99 0.99 1.25 1.25 1.25 1.25 1.53 1.53 1.53 1.53 1.84 1.84 1.84 1.84 1.62 1.62 1.62 1.11 1.06 1.06 1.06 0.00 1.06 0.00 1.06 0.00 1.13 1.13 1.13 1.13 1.28 1.28 1.28 1.28 1.32 1.32 1.32 1.32 1.33 1.33 1.33 1.33 1.33 1.33 1.33 1.33 1.21 1.21 1.21 1.21 1.22 1.22 1.22 1.22 1.31 1.31 1.31 1.31 1.21 1.21 1.23 1.23 1.06 1.06 1.06 1.06 1.02 0.00 0.00 0.00 0.00 0.00 0.00 0.00
0.00 0.00 0.00 0.00 0.00 0.00 0.00 0.00 0.98 0.98 0.98 0.98 1.23 1.23 1.23 1.23 1.50 1.50 1.50 1.50 1.82 1.82 1.82 1.82 1.60 1.60 1.60 1.09 1.03 1.03 1.03 1.03 1.02 1.02 1.02 0.00 1.09 1.09 1.09 1.09 1.23 1.23 1.23 1.23 1.25 1.25 1.25 1.25 1.26 1.26 1.26 1.26 1.26 1.26 1.26 1.26 1.15 1.15 1.15 1.15 1.17 1.17 1.17 1.17 1.26 1.26 1.26 1.26 1.17 1.17 1.19 1.19 1.03 1.03 1.03 1.03 1.00 1.00 1.00 0.00 0.00 0.00 0.00 0.00
0.00 0.00 0.00 0.00 0.00 0.00 0.85 0.92 0.00 0.98 0.98 0.98 1.23 1.23 1.23 1.23 1.50 1.50 1.50 1.50 1.32 1.82 1.82 1.82 1.60 1.60 1.60 1.09 1.03 1.03 1.03 1.03 1.02 1.02 1.02 0.00 1.09 1.09 1.09 1.09 1.23 1.23 1.23 1.23 1.25 1.25 1.25 1.25 1.26 1.26 1.26 1.26 1.26 1.26 1.26 1.26 1.15 1.15 1.15 1.15 1.17 1.17 1.17 1.17 1.26 1.26 1.26 1.26 1.17 1.17 1.19 1.19 1.03 1.03 1.03 1.03 1.00 1.00 1.00 0.00 0.00 0.00 0.00 0.00
0.00 0.00 0.00 0.00 0.00 0.78 0.95 0.95 1.09 1.09 1.09 1.09 1.39 1.39 1.39 1.39 1.45 1.45 1.45 1.45 1.12 1.62 1.62 1.62 1.45 1.45 1.45 0.93 0.90 0.73 0.90 0.90 0.95 0.95 0.95 0.95 1.10 1.10 1.10 1.10 1.28 1.28 1.28 1.28 1.30 1.30 1.30 1.30 1.27 1.27 1.27 1.27 1.14 1.14 1.14 1.14 0.97 0.97 0.97 0.97 0.96 0.96 0.96 0.96 1.09 1.09 1.09 1.09 1.22 1.22 1.24 1.24 1.21 1.21 1.21 1.21 1.09 1.09 1.09 0.00 0.00 0.00 0.00 0.00
0.00 0.00 0.00 0.00 0.00 0.95 0.95 0.95 1.09 1.09 1.09 1.09 1.39 1.39 1.39 1.39 1.45 1.45 1.45 1.45 1.12 1.12 1.62 1.62 1.45 1.45 1.45 0.93 0.90 0.73 0.90 0.90 0.95 0.95 0.95 0.95 1.10 1.10 1.10 1.10 1.28 1.28 1.28 1.28 1.30 1.30 1.30 1.30 1.27 1.27 1.27 1.27 1.14 1.14 1.14 1.14 0.97 0.97 0.97 0.97 0.96 0.96 0.96 0.96 1.09 1.09 1.09 1.09 1.22 1.22 1.24 1.24 1.21 1.21 1.21 1.21 1.09 1.09 0.98 0.00 0.00 0.00 0.00 0.00
0.00 0.00 0.00 0.00 0.00 0.00 0.00 0.00 1.09 1.09 1.09 1.09 1.39 1.39 1.39 1.01 1.45 1.45 1.45 1.45 1.12 1.12 1.62 1.62 1.45 1.45 1.45 0.93 0.90 0.90 0.90 0.90 0.95 0.95 0.95 0.95 1.10 1.10 1.10 1.10 1.28 1.28 1.28 1.28 1.30 1.30 1.30 1.30 1.27 1.27 1.27 1.27 1.14 1.14 1.14 1.14 0.97 0.97 0.97 0.97 0.96 0.96 0.96 0.96 1.09 1.09 1.09 1.09 1.22 1.22 1.24 1.24 1.21 1.21 1.21 1.21 1.09 1.09 0.98 0.00 0.00 0.00 0.00 0.00
0.00 0.00 0.00 0.00 0.00 0.00 0.00 0.00 1.09 1.09 1.09 1.09 1.39 1.39 1.39 1.39 1.45 1.45 1.45 1.45 1.12 1.12 1.62 1.62 1.45 1.45 0.93 0.93 0.90 0.90 0.90 0.90 0.95 0.95 0.95 0.95 1.10 1.10 1.10 1.10 1.28 1.28 1.28 1.28 1.30 1.30 1.30 1.30 1.27 1.27 1.27 1.27 1.14 1.14 1.14 1.14 0.97 0.97 0.97 0.97 0.96 0.96 0.96 0.96 1.09 1.09 1.09 1.09 1.22 1.22 1.24 1.24 1.21 1.21 1.21 1.21 1.09 1.09 1.09 0.00 0.00 0.00 0.00 0.00
