New_Model_Runs/10_Future_Present_Scn3_out/post_prcessed_with_MFR/Monthly_summaries/interception_monthly_MAY.asc
NCOLS 700
NROWS 400
XLLCENTER 515000.000000
YLLCENTER 8409000.000000
CELLSIZE 50.000000
NODATA_value -999.000000
[rows 76 to 113 of 400, columns 336 to 419 of 700]
0.00 0.00 0.00 0.00 0.00 0.00 0.00 0.00 0.00 0.00 0.00 0.00 0.00 0.00 0.00 0.00 0.00 0.00 0.00 0.00 0.00 0.00 0.00 0.00 0.00 0.00 0.00 0.00 0.00 0.00 0.00 0.00 0.00 0.00 0.00 0.00 0.00 0.00 0.00 0.00 0.00 0.00 0.00 0.00 0.00 0.00 0.00 0.00 0.00 0.00 0.00 0.00 0.00 0.00 0.00 0.00 0.00 1.80 1.80 1.80 1.79 1.79 1.79 1.79 1.60 1.60 1.60 1.60 1.50 0.00 0.00 0.00 0.00 0.00 0.00 0.00 0.00 0.00 0.00 0.00 0.00 0.00 0.00 0.00
0.00 0.00 0.00 0.00 0.00 0.00 0.00 0.00 0.00 0.00 0.00 0.00 0.00 0.00 0.00 0.00 0.00 0.00 0.00 0.00 0.00 0.00 0.00 0.00 0.00 0.00 0.00 0.00 0.00 0.00 0.00 0.00 0.00 0.00 0.00 0.00 0.00 0.00 0.00 0.00 0.00 0.00 0.00 0.00 0.00 0.00 0.00 0.00 0.00 1.55 1.55 0.00 0.00 0.00 1.66 1.66 1.80 1.80 1.80 1.80 1.79 1.79 1.79 1.79 1.60 1.60 0.00 0.00 0.00 0.00 0.00 0.00 0.00 0.00 0.00 0.00 0.00 0.00 0.00 0.00 0.00 0.00 0.00 0.00
0.00 0.00 0.00 0.00 0.00 0.00 0.00 0.00 0.00 0.00 0.00 0.00 0.00 0.00 0.00 0.00 0.00 0.00 0.00 0.00 0.00 0.00 0.00 0.00 0.00 0.00 0.00 0.00 0.00 0.00 0.00 0.00 0.00 0.00 0.00 0.00 0.00 0.00 0.00 0.00 0.00 0.00 0.00 0.00 0.00 0.00 0.00 0.00 1.55 1.55 1.55 1.55 1.66 1.66 1.66 1.66 1.80 1.80 1.80 1.80 1.79 0.00 0.00 0.00 0.00 0.00 0.00 0.00 0.00 0.00 0.00 0.00 0.00 0.00 0.00 0.00 0.00 0.00 0.00 0.00 0.00 0.00 0.00 0.00
0.00 0.00 0.00 0.00 0.00 0.00 0.00 0.00 0.00 0.00 0.00 0.00 0.00 0.00 0.00 0.00 0.00 0.00 0.00 0.00 0.00 0.00 0.00 0.00 0.00 0.00 0.00 0.00 0.00 0.00 0.00 0.00 0.00 0.00 0.00 0.00 0.00 0.00 0.00 0.00 0.00 0.00 0.00 0.00 0.00 0.00 0.00 0.00 1.55 1.55 1.55 1.55 1.66 1.66 1.66 1.66 1.80 0.00 1.80 1.80 1.59 0.00 1.79 0.00 0.00 0.00 0.00 0.00 0.00 0.00 0.00 0.00 0.00 0.00 0.00 0.00 0.00 0.00 0.00 0.00 0.00 0.00 0.00 0.00
0.00 0.00 0.00 0.00 0.00 0.00 0.00 0.00 0.00 0.00 0.00 0.00 0.00 0.00 0.00 0.00 0.00 0.00 0.00 0.00 0.00 0.00 0.00 0.00 0.00 0.00 0.00 0.00 0.00 0.00 0.00 0.00 0.00 0.00 0.00 0.00 0.00 0.00 0.00 0.00 0.00 0.00 0.00 0.00 0.00 0.00 0.00 1.42 1.60 1.60 1.60 1.60 1.81 1.81 1.81 1.81 1.73 1.73 1.73 1.73 1.50 0.00 1.50 0.00 0.00 0.00 0.00 0.00 0.00 0.00 0.00 0.00 0.00 0.00 0.00 0.00 0.00 0.00 0.00 0.00 0.00 0.00 0.00 0.00
0.00 0.00 0.00 0.00 0.00 0.00 0.00 0.00 0.00 0.00 0.00 0.00 0.00 0.00 0.00 0.00 0.00 0.00 0.00 0.00 0.00 0.00 0.00 0.00 0.00 0.00 0.00 0.00 0.00 0.00 0.00 0.00 0.00 0.00 0.00 0.00 0.00 0.00 0.00 0.00 0.00 0.00 0.00 0.00 0.00 0.00 0.00 1.42 1.60 1.60 1.60 1.60 1.81 1.81 1.81 1.81 1.73 1.30 1.73 1.73 1.50 1.50 1.50 0.00 0.00 0.00 0.00 0.00 0.00 0.00 0.00 0.00 0.00 0.00 0.00 0.00 0.00 0.00 0.00 0.00 0.00 0.00 0.00 0.00
0.00 0.00 0.00 0.00 0.00 0.00 0.00 0.00 0.00 0.00 0.00 0.00 0.00 0.00 0.00 0.00 0.00 0.00 0.00 0.00 0.00 0.00 0.00 0.00 0.00 0.00 0.00 0.00 0.00 0.00 0.00 0.00 0.00 0.00 0.00 0.00 0.00 1.54 1.54 1.54 1.53 0.00 0.00 0.00 0.00 0.00 0.00 1.50 1.70 1.70 1.70 1.70 1.94 1.94 1.94 1.94 0.00 0.00 1.85 1.85 1.59 1.59 1.25 0.00 0.00 0.00 0.00 0.00 0.00 0.00 0.00 0.00 0.00 0.00 0.00 0.00 0.00 0.00 0.00 0.00 0.00 0.00 0.00 1.67
0.00 0.00 0.00 0.00 0.00 0.00 0.00 0.00 0.00 0.00 0.00 0.00 0.00 0.00 0.00 0.00 0.00 0.00 0.00 0.00 0.00 0.00 0.00 0.00 0.00 0.00 0.00 0.00 0.00 0.00 0.00 0.00 0.00 0.00 0.00 0.00 1.54 1.54 1.54 1.54 1.53 1.53 1.53 0.00 0.00 1.50 1.50 1.50 1.70 1.70 1.70 1.70 1.94 1.94 1.94 1.94 1.85 1.85 1.85 1.85 1.59 0.00 0.00 0.00 0.00 0.00 0.00 0.00 0.00 0.00 0.00 0.00 0.00 0.00 0.00 0.00 0.00 0.00 0.00 0.00 1.67 1.67 1.67 1.67
0.00 0.00 0.00 0.00 0.00 0.00 0.00 0.00 0.00 0.00 0.00 0.00 0.00 0.00 0.00 0.00 0.00 0.00 0.00 0.00 0.00 0.00 0.00 0.00 0.00 0.00 0.00 0.00 0.00 0.00 0.00 0.00 0.00 0.00 0.00 1.51 1.59 1.59 1.59 1.59 1.56 1.56 1.56 1.56 1.64 1.67 1.67 1.67 1.90 1.90 1.90 1.90 1.85 1.85 1.85 1.85 1.53 1.53 1.53 1.53 1.41 0.00 0.00 0.00 0.00 0.00 0.00 0.00 0.00 0.00 0.00 0.00 0.00 0.00 0.00 0.00 0.00 0.00 0.00 0.00 1.63 1.63 1.63 1.63
0.00 0.00 0.00 0.00 0.00 0.00 0.00 0.00 0.00 0.00 0.00 0.00 0.00 0.00 0.00 0.00 0.00 0.00 0.00 0.00 0.00 0.00 0.00 0.00 0.00 0.00 0.00 0.00 0.00 0.00 0.00 0.00 0.00 1.51 1.51 1.51 1.59 1.59 1.59 1.59 1.56 1.56 1.56 1.56 1.64 1.64 1.67 1.67 1.90 1.90 1.90 1.90 1.85 1.85 1.85 1.85 1.53 1.53 1.53 0.00 0.00 0.00 0.00 0.00 0.00 0.00 0.00 0.00 0.00 0.00 0.00 0.00 0.00 0.00 0.00 0.00 0.00 0.00 0.00 1.49 1.63 0.00 1.63 1.63
0.00 0.00 0.00 0.00 0.00 0.00 0.00 0.00 0.00 0.00 0.00 0.00 0.00 0.00 0.00 0.00 0.00 0.00 0.00 0.00 0.00 0.00 0.00 0.00 0.00 0.00 0.00 0.00 0.00 0.00 0.00 0.00 0.00 1.51 1.51 1.51 1.59 1.59 1.59 1.59 1.56 1.56 1.56 1.56 1.64 1.64 1.64 1.67 1.90 1.90 1.90 1.90 1.85 1.85 1.85 1.85 1.53 1.53 0.00 0.00 0.00 0.00 0.00 0.00 0.00 0.00 0.00 0.00 0.00 0.00 0.00 0.00 0.00 0.00 0.00 0.00 0.00 0.00 1.49 1.49 1.63 1.63 1.63 1.63
0.00 0.00 0.00 0.00 0.00 0.00 0.00 0.00 0.00 0.00 0.00 0.00 0.00 0.00 0.00 0.00 0.00 0.00 0.00 0.00 0.00 0.00 0.00 0.00 0.00 0.00 0.00 0.00 0.00 0.00 0.00 0.00 0.00 1.51 1.51 1.51 1.59 1.59 1.59 1.59 1.56 1.56 1.56 1.56 1.64 1.64 1.64 1.64 1.90 1.90 1.90 0.00 1.85 1.85 1.85 1.85 1.53 1.22 0.00 0.00 0.00 0.00 0.00 0.00 0.00 0.00 0.00 0.00 0.00 0.00 0.00 0.00 0.00 0.00 0.00 0.00 0.00 0.00 1.49 1.49 1.63 1.63 1.63 1.63
0.00 0.00 0.00 0.00 0.00 0.00 0.00 0.00 0.00 0.00 0.00 0.00 0.00 0.00 0.00 0.00 0.00 0.00 0.00 0.00 0.00 0.00 0.00 0.00 0.00 0.00 0.00 0.00 0.00 0.00 0.00 0.00 0.00 0.00 1.39 1.39 1.52 1.52 1.52 1.52 1.62 1.62 1.62 1.62 1.72 1.72 1.72 0.00 1.31 1.33 1.33 1.76 1.55 1.55 1.55 1.55 1.39 1.39 1.15 0.00 0.00 0.00 0.00 0.00 0.00 0.00 0.00 0.00 0.00 0.00 0.00 0.00 0.00 0.00 0.00 0.00 0.00 1.46 1.46 1.46 1.63 1.63 1.63 1.63
0.00 0.00 0.00 0.00 0.00 0.00 0.00 0.00 0.00 0.00 0.00 0.00 0.00 0.00 0.00 0.00 0.00 0.00 0.00 0.00 0.00 0.00 0.00 0.00 0.00 0.00 0.00 0.00 0.00 0.00 0.00 0.00 0.00 0.00 0.00 1.39 1.52 1.52 1.52 1.52 1.62 1.62 1.62 1.62 1.72 1.72 0.00 0.00 0.00 1.31 1.76 1.76 1.55 1.55 1.55 1.55 1.39 1.39 0.00 0.00 0.00 0.00 0.00 0.00 0.00 0.00 0.00 0.00 0.00 0.00 0.00 0.00 0.00 0.00 0.00 1.36 1.46 1.46 1.46 1.46 1.63 1.63 1.63 1.63
0.00 0.00 0.00 0.00 0.00 0.00 0.00 0.00 0.00 0.00 0.00 0.00 0.00 0.00 0.00 0.00 0.00 0.00 0.00 0.00 0.00 0.00 0.00 0.00 0.00 0.00 0.00 0.00 0.00 0.00 0.00 0.00 0.00 0.00 0.00 1.39 1.52 1.52 1.52 1.52 1.62 1.62 1.62 1.62 1.72 1.72 0.00 0.00 1.73 1.31 1.73 1.76 1.55 1.55 1.55 1.55 1.39 1.39 0.00 0.00 0.00 0.00 0.00 0.00 0.00 0.00 0.00 0.00 0.00 0.00 0.00 0.00 0.00 0.00 0.00 1.36 1.46 1.46 1.46 1.46 1.63 1.63 1.63 1.63
0.00 0.00 0.00 0.00 0.00 0.00 0.00 0.00 0.00 0.00 0.00 0.00 0.00 0.00 0.00 0.00 0.00 0.00 0.00 0.00 0.00 0.00 0.00 1.46 1.47 1.47 0.00 0.00 0.00 0.00 0.00 0.00 0.00 0.00 0.00 0.00 1.52 1.52 1.52 1.52 1.62 1.62 1.62 1.62 1.72 1.72 1.72 1.72 1.73 1.73 1.73 1.73 1.55 1.55 1.55 1.55 1.39 1.39 0.00 0.00 0.00 0.00 0.00 0.00 0.00 0.00 0.00 0.00 0.00 0.00 0.00 0.00 0.00 0.00 0.00 1.36 1.46 1.46 1.46 1.46 1.63 1.63 1.63 1.63
0.00 0.00 0.00 0.00 0.00 0.00 0.00 0.00 0.00 0.00 0.00 0.00 0.00 0.00 0.00 0.00 0.00 0.00 0.00 0.00 0.00 0.00 0.00 1.44 1.45 1.45 1.45 0.00 0.00 0.00 0.00 0.00 0.00 0.00 0.00 0.00 1.47 1.47 1.47 1.47 1.66 1.66 1.66 1.66 1.67 1.67 1.67 1.67 1.57 1.57 1.57 1.57 1.49 1.52 1.52 1.52 1.39 1.39 1.39 0.00 0.00 0.00 0.00 0.00 0.00 0.00 0.00 0.00 0.00 0.00 0.00 0.00 0.00 0.00 1.33 0.00 0.00 1.37 1.14 1.37 1.54 1.54 1.54 1.54
0.00 0.00 0.00 0.00 0.00 0.00 0.00 0.00 0.00 0.00 0.00 0.00 0.00 0.00 0.00 0.00 0.00 0.00 0.00 0.00 0.00 0.00 0.00 1.44 1.45 1.45 1.45 1.45 0.00 0.00 0.00 0.00 0.00 0.00 0.00 0.00 0.00 1.47 1.47 1.47 1.66 1.66 1.66 1.66 1.67 1.67 1.67 1.67 1.57 1.57 1.57 1.57 1.49 1.49 1.52 1.52 1.39 1.39 1.15 0.00 0.00 0.00 1.12 0.00 0.00 0.00 0.00 0.00 1.34 0.00 0.00 0.00 0.00 0.00 0.00 0.00 1.37 1.14 1.14 1.37 1.54 1.54 1.54 1.54
0.00 0.00 0.00 0.00 0.00 0.00 0.00 0.00 0.00 0.00 0.00 0.00 0.00 0.00 0.00 0.00 0.00 0.00 0.00 0.00 0.00 0.00 1.34 1.44 1.45 1.45 1.45 1.45 1.39 0.00 0.00 0.00 0.00 0.00 0.00 0.00 0.00 1.47 1.47 1.47 1.66 1.66 1.66 1.66 1.67 1.67 1.67 1.67 1.57 1.57 1.57 1.57 1.49 1.49 1.49 1.52 1.39 1.39 0.00 0.00 1.34 1.34 1.12 1.34 0.00 0.00 0.00 0.00 1.34 0.00 0.00 0.00 0.00 0.00 0.00 0.00 1.37 1.37 1.37 1.37 1.54 1.54 1.54 1.54
0.00 0.00 0.00 0.00 0.00 0.00 0.00 0.00 0.00 0.00 0.00 0.00 0.00 0.00 0.00 0.00 0.00 0.00 0.00 0.00 0.00 0.00 1.34 1.44 1.45 1.45 1.45 1.45 1.39 1.39 0.00 0.00 0.00 0.00 0.00 0.00 1.47 1.47 1.47 1.47 1.66 1.66 1.66 1.66 1.67 1.67 1.67 1.67 1.57 1.57 1.57 1.57 1.49 1.49 1.49 1.49 1.39 1.39 1.39 0.00 1.12 1.34 1.34 1.34 0.00 0.00 0.00 0.00 1.26 0.00 0.00 0.00 0.00 0.00 0.00 0.00 1.37 1.37 1.37 1.37 1.54 1.54 1.54 1.54
0.00 0.00 0.00 0.00 0.00 0.00 0.00 0.00 0.00 0.00 0.00 0.00 0.00 0.00 0.00 0.00 1.35 0.00 1.35 1.35 1.38 1.38 1.38 1.38 1.50 1.50 1.50 1.50 1.42 1.42 1.42 0.00 0.00 0.00 0.00 0.00 1.49 1.49 1.49 1.49 1.60 1.60 1.60 1.60 1.60 1.60 1.60 1.60 1.59 1.59 1.59 1.59 1.52 1.52 1.52 1.52 1.36 1.36 1.40 0.00 0.00 1.40 0.00 1.40 0.00 1.40 1.40 1.40 1.33 1.33 0.00 1.33 1.29 1.29 0.00 0.00 0.00 0.00 0.00 1.29 0.00 1.41 1.41 1.41
0.00 0.00 0.00 0.00 0.00 0.00 0.00 0.00 1.41 1.41 0.00 0.00 0.00 1.39 1.39 1.39 1.35 1.35 1.35 1.35 1.38 1.38 1.38 1.38 1.50 1.50 1.50 1.50 1.42 1.42 1.42 1.42 1.38 1.38 1.38 1.38 1.49 1.49 1.49 1.49 1.60 1.60 1.60 1.60 1.60 1.60 1.60 1.60 1.59 1.59 1.59 1.59 1.52 1.52 1.52 1.52 1.36 1.36 1.36 1.40 1.40 1.40 0.00 1.15 1.15 1.15 1.40 1.40 1.33 1.12 0.00 1.33 1.29 0.00 0.00 1.29 1.10 1.29 1.29 1.29 1.16 1.16 1.41 1.41
0.00 0.00 0.00 0.00 0.00 0.00 0.00 1.45 1.48 1.48 1.48 1.48 1.46 1.46 1.46 1.46 1.42 1.42 1.42 1.42 1.44 1.44 1.44 1.44 1.58 1.58 1.58 1.58 1.49 1.49 1.49 1.49 1.44 1.44 1.44 1.44 1.57 1.57 1.57 1.57 1.70 1.70 1.70 1.70 1.69 1.69 1.69 1.69 1.68 1.68 1.68 1.68 1.60 1.60 1.60 1.60 1.41 1.41 0.00 1.41 1.46 1.46 0.00 0.00 1.46 1.46 1.46 1.46 1.38 0.00 0.00 0.00 0.00 0.00 1.33 1.33 0.00 0.00 0.00 1.13 1.21 1.48 1.48 1.48
0.00 0.00 0.00 0.00 0.00 0.00 0.00 0.00 1.48 1.48 1.48 1.48 1.46 1.46 1.46 1.46 1.42 1.42 1.42 1.42 1.44 1.44 1.44 1.44 1.47 1.58 1.58 1.58 1.49 1.49 1.49 1.49 1.44 1.44 1.44 1.44 1.57 1.57 1.57 1.57 1.70 1.70 1.70 1.70 1.69 1.69 1.69 1.69 1.68 1.68 1.68 1.68 1.60 1.60 1.60 1.60 1.41 1.41 1.18 1.41 1.42 1.46 1.46 1.46 1.46 1.46 1.46 1.46 1.38 0.00 0.00 0.00 0.00 0.00 1.33 1.33 0.00 0.00 0.00 1.13 1.21 1.48 1.48 1.48
0.00 0.00 0.00 0.00 0.00 0.00 0.00 0.00 1.51 1.51 1.51 1.51 1.56 1.56 1.56 1.56 1.49 1.49 1.49 1.49 1.48 1.48 1.48 1.48 1.51 1.62 1.62 1.62 1.60 1.60 1.60 1.60 1.59 1.59 1.59 1.59 1.63 1.63 1.63 1.63 1.65 1.65 1.65 1.65 1.68 1.68 1.68 1.68 1.72 1.72 1.72 1.72 1.60 1.60 1.60 1.60 1.47 1.47 1.47 1.47 1.51 1.51 1.55 1.55 1.50 1.50 1.50 1.50 1.38 1.38 0.00 0.00 0.00 1.32 1.32 1.32 0.00 0.00 0.00 0.00 0.00 0.00 1.51 1.51
0.00 0.00 0.00 0.00 0.00 0.00 0.00 0.00 1.51 1.51 1.51 1.51 1.56 1.56 1.56 1.56 1.49 1.49 1.49 1.49 1.48 1.48 1.48 1.48 1.51 1.62 1.62 1.62 1.60 1.60 1.60 1.60 1.59 1.59 1.59 1.59 1.63 1.63 1.63 1.63 1.65 1.65 1.65 1.65 1.68 1.68 1.68 1.68 1.72 1.72 1.72 1.72 1.60 1.60 1.60 1.60 1.47 1.47 1.47 1.47 1.51 1.51 1.51 1.55 1.50 1.50 1.50 1.50 1.38 1.38 0.00 1.38 1.32 0.00 0.00 1.32 1.33 1.13 0.00 1.13 1.51 1.51 0.00 1.51
0.00 0.00 0.00 0.00 0.00 0.00 0.00 0.00 1.51 1.51 1.51 1.51 1.56 1.56 1.56 1.56 1.49 1.49 1.49 1.49 1.48 1.48 1.48 1.48 1.51 1.51 1.62 1.62 1.60 1.60 1.60 1.60 1.59 1.59 1.59 1.59 1.63 1.63 1.63 1.63 1.65 1.65 1.65 1.65 1.68 1.68 1.68 1.68 1.72 1.72 1.72 1.72 1.60 1.60 1.60 1.60 1.47 1.47 1.47 1.47 1.51 1.51 1.51 1.51 1.50 1.50 1.50 1.50 1.38 1.38 1.38 1.38 1.32 1.32 0.00 0.00 1.33 1.33 1.13 1.33 1.51 1.51 1.51 1.51
0.00 0.00 0.00 0.00 0.00 0.00 0.00 1.34 1.51 1.51 1.51 1.51 1.56 1.56 1.56 1.56 1.49 1.49 1.49 1.49 1.48 1.48 1.48 1.48 1.51 1.51 1.62 1.62 1.60 1.60 1.60 1.60 1.59 1.59 1.59 1.59 1.63 1.63 1.63 1.63 1.65 1.65 1.65 1.65 1.68 1.68 1.68 1.68 1.72 1.72 1.72 1.72 1.60 1.60 1.60 1.60 1.47 1.47 1.47 1.47 1.51 1.51 1.51 1.51 1.45 1.50 1.50 1.50 1.38 1.38 1.38 1.38 1.32 0.00 0.00 1.12 1.33 1.33 1.13 0.00 1.51 1.51 1.51 1.51
0.00 0.00 0.00 0.00 0.00 0.00 1.35 1.35 1.54 1.54 1.54 1.54 1.62 1.62 1.62 1.62 1.56 1.56 1.56 1.56 1.52 1.52 1.52 1.52 1.52 1.52 1.64 1.64 1.63 1.63 1.63 1.63 1.64 1.64 1.64 1.64 1.67 1.67 1.67 1.67 1.66 1.66 1.66 1.66 1.71 1.71 1.71 1.71 1.75 1.75 1.75 1.75 1.61 1.61 1.61 1.61 1.55 1.55 1.55 1.55 1.59 1.59 1.59 1.59 1.53 1.53 1.57 1.57 1.47 1.47 1.47 1.47 1.41 1.41 1.17 1.17 1.19 1.46 1.46 1.46 1.67 1.67 1.67 1.67
0.00 0.00 0.00 0.00 0.00 0.00 1.35 1.35 1.54 1.54 1.54 1.54 1.62 1.62 1.62 1.62 1.56 1.56 1.56 1.56 1.52 1.52 1.52 1.52 1.52 1.52 1.52 1.64 1.63 1.63 1.63 1.63 1.64 1.64 1.64 1.64 1.67 1.67 1.67 1.67 1.66 1.66 1.66 1.66 1.71 1.71 1.71 1.71 1.75 1.75 1.75 1.75 1.61 1.61 1.61 1.61 1.55 1.55 1.55 1.55 1.59 1.59 1.26 1.59 1.53 1.53 1.53 1.57 1.47 1.47 1.47 1.47 1.41 1.41 0.00 1.17 1.46 1.46 1.46 1.46 1.67 1.67 1.67 1.67
0.00 0.00 0.00 0.00 0.00 0.00 1.35 1.35 1.54 1.54 1.54 1.54 1.62 1.62 1.62 1.62 1.56 1.56 1.56 1.56 1.52 1.52 1.52 1.52 1.52 1.52 1.52 1.64 1.63 1.63 1.63 1.63 1.64 1.64 1.64 1.64 1.67 1.67 1.67 1.67 1.66 1.66 1.66 1.66 1.71 1.71 1.71 1.71 1.75 1.75 1.75 1.75 1.61 1.61 1.61 1.61 1.55 1.55 1.55 1.55 1.59 1.59 1.59 1.59 1.53 1.53 1.53 1.53 1.47 1.47 1.47 1.47 1.41 1.41 1.41 1.41 1.46 1.46 1.46 1.46 1.67 1.67 1.67 1.67
0.00 0.00 0.00 0.00 0.00 1.35 1.35 1.35 1.54 1.54 1.54 1.54 1.62 1.62 1.62 1.62 1.56 1.56 1.56 1.56 1.52 1.52 1.52 1.52 1.52 1.52 1.52 1.52 1.63 1.63 1.63 1.63 1.64 1.64 1.64 1.64 1.67 1.67 1.67 1.67 1.66 1.66 1.66 1.66 1.71 1.71 1.71 1.71 1.75 1.75 1.75 1.75 1.61 1.61 1.61 1.61 1.55 1.55 1.55 1.55 1.59 1.59 1.59 1.59 1.53 1.53 1.53 1.53 1.42 1.47 1.47 1.47 1.41 1.41 1.41 1.41 1.46 1.46 1.46 1.46 1.67 1.67 1.67 1.67
0.00 0.00 0.00 0.00 0.00 1.38 1.38 1.38 1.59 1.59 1.59 1.59 1.64 1.64 1.64 1.64 1.60 1.60 1.60 1.60 1.53 1.53 1.53 1.53 1.50 1.50 1.50 1.50 1.65 1.65 1.65 1.65 1.67 1.67 1.67 1.67 1.70 1.70 1.70 1.70 1.69 1.69 1.69 1.69 1.77 1.77 1.77 1.77 1.80 1.80 1.80 1.80 1.69 1.69 1.69 1.69 1.70 1.70 1.70 1.70 1.70 1.70 1.70 1.70 1.63 1.63 1.63 1.63 1.59 1.59 1.64 1.64 1.61 1.61 1.61 1.61 1.66 1.66 1.66 1.66 1.83 1.83 1.83 1.83
0.00 0.00 0.00 0.00 0.00 1.11 1.38 1.38 1.59 1.59 1.59 1.59 1.64 1.64 1.64 1.64 1.60 1.60 1.60 1.60 1.53 1.53 1.53 1.53 1.50 1.50 1.50 1.50 1.65 1.65 1.65 1.65 1.67 1.67 1.67 1.67 1.70 1.70 1.70 1.70 1.69 1.69 1.69 1.69 1.77 1.77 1.77 1.77 1.80 1.80 1.80 1.80 1.69 1.69 1.69 1.69 1.70 1.70 1.70 1.70 1.70 1.70 1.70 1.70 1.63 1.63 1.63 1.63 1.59 1.59 1.59 1.64 1.61 1.61 1.61 1.25 1.30 1.30 1.30 1.30 1.48 1.48 1.48 1.48
0.00 0.00 0.00 0.00 1.38 1.38 1.38 1.38 1.59 1.59 1.59 1.59 1.64 1.64 1.64 1.64 1.60 1.60 1.60 1.60 1.53 1.53 1.53 1.53 1.50 1.50 1.50 1.50 1.53 1.65 1.65 1.65 1.67 1.67 1.67 1.67 1.70 1.70 1.70 1.70 1.69 1.69 1.69 1.69 1.77 1.77 1.77 1.77 1.80 1.80 1.80 1.80 1.69 1.69 1.69 1.69 1.70 1.70 1.70 1.70 1.70 1.70 1.70 1.70 1.63 1.63 1.63 1.63 1.59 1.59 1.59 1.59 1.25 1.25 1.25 1.25 1.30 1.30 1.30 1.30 1.48 1.48 1.48 1.48
0.00 0.00 0.00 0.00 1.38 1.38 1.38 1.38 1.59 1.59 1.59 1.59 1.64 1.64 1.64 1.64 1.60 1.60 1.60 1.60 1.53 1.53 1.53 1.53 1.50 1.50 1.50 1.50 1.53 1.65 1.65 1.65 1.67 1.67 1.67 1.67 1.70 1.70 1.70 1.70 1.69 1.69 1.69 1.69 1.77 1.77 1.77 1.77 1.80 1.80 1.80 1.80 1.69 1.69 1.69 1.69 1.70 1.70 1.70 1.70 1.70 1.70 1.70 1.70 1.63 1.63 1.63 1.63 1.59 1.59 1.59 1.28 1.25 1.25 1.25 1.25 1.30 1.30 1.30 1.30 1.48 1.48 1.48 1.48
0.00 0.00 0.00 1.30 1.51 1.51 1.51 1.51 1.67 1.67 1.67 1.67 1.67 1.67 1.67 1.67 1.65 1.65 1.65 1.65 1.57 1.57 1.57 1.57 1.54 1.54 1.54 1.54 1.59 1.71 1.71 1.71 1.74 1.74 1.74 1.74 1.76 1.76 1.76 1.76 1.81 1.81 1.81 1.81 1.93 1.93 1.93 1.93 1.92 1.92 1.92 1.92 1.86 1.86 1.86 1.86 1.84 1.84 1.84 1.84 1.82 1.82 1.82 1.82 1.80 1.80 1.80 1.80 1.78 1.78 1.78 1.47 1.43 1.43 1.43 1.43 1.50 1.50 1.50 1.50 1.66 1.66 1.66 1.66
0.00 0.00 0.00 1.30 1.51 1.51 1.51 1.51 1.67 1.67 1.67 1.67 1.67 1.67 1.67 1.67 1.65 1.65 1.65 1.65 1.57 1.57 1.57 1.57 1.54 1.54 1.54 1.54 1.59 1.59 1.71 1.71 1.74 1.74 1.74 1.74 1.76 1.76 1.76 1.76 1.81 1.81 1.81 1.81 1.93 1.93 1.93 1.93 1.92 1.92 1.92 1.92 1.86 1.86 1.86 1.86 1.84 1.84 1.84 1.84 1.82 1.82 1.82 1.82 1.80 1.80 1.80 1.80 1.78 1.78 1.78 1.47 1.43 1.43 1.43 1.43 1.50 1.50 1.50 1.50 1.66 1.66 1.66 1.66
