New_Model_Runs/10_Future_Present_Scn3_out/post_prcessed_with_MFR/Monthly_summaries/interception_monthly_DEC.asc
NCOLS 700
NROWS 400
XLLCENTER 515000.000000
YLLCENTER 8409000.000000
CELLSIZE 50.000000
NODATA_value -999.000000
[rows 190 to 227 of 400, columns 84 to 167 of 700]
0.00 0.00 0.00 0.00 0.00 0.00 0.00 0.00 0.00 0.00 0.00 0.00 0.00 0.00 0.00 0.00 0.00 0.00 0.00 0.00 0.00 0.00 0.00 0.00 0.00 1.19 1.19 1.19 1.23 1.23 1.23 1.23 1.28 1.28 1.28 1.28 1.32 1.32 1.32 1.32 1.30 1.30 1.30 1.30 1.26 1.26 1.26 1.26 1.25 1.25 1.25 1.25 1.27 1.27 1.27 1.27 1.31 1.31 1.31 1.31 1.40 1.40 1.40 1.40 1.44 1.44 1.44 1.44 1.38 1.38 1.38 1.38 1.41 1.41 1.41 1.41 1.40 1.40 1.40 1.40 1.17 1.17 1.17 1.17
0.00 0.00 0.00 0.00 0.00 0.00 0.00 0.00 0.00 0.00 0.00 0.00 0.00 0.00 0.00 0.00 0.00 0.00 0.00 0.00 0.00 0.00 0.00 0.00 0.00 1.19 1.19 0.96 0.99 1.23 1.23 1.23 1.28 1.28 1.28 1.28 1.32 1.32 1.32 1.32 1.30 1.30 1.30 1.30 1.26 1.26 1.26 1.26 1.25 1.25 1.25 1.25 1.27 1.27 1.27 1.27 1.31 1.31 1.31 1.31 1.40 1.40 1.40 1.40 1.44 1.44 1.44 1.44 1.38 1.38 1.38 1.38 1.41 1.41 1.41 1.41 1.40 1.40 1.40 1.40 1.17 1.17 1.17 1.17
0.00 0.00 0.00 0.00 0.00 0.00 0.00 0.00 0.00 0.00 0.00 0.00 0.00 0.00 0.00 0.00 0.00 0.00 0.00 0.00 0.00 0.00 0.00 0.00 0.00 0.00 1.14 0.00 0.96 0.96 1.18 1.18 1.25 1.25 1.25 1.25 1.33 1.33 1.33 1.33 1.34 1.34 1.34 1.34 1.29 1.29 1.29 1.29 1.26 1.26 1.26 1.26 1.30 1.30 1.30 1.30 1.34 1.34 1.34 1.34 1.43 1.43 1.43 1.43 1.43 1.43 1.43 1.43 1.39 1.39 1.39 1.39 1.39 1.39 1.39 1.39 1.22 1.22 1.22 1.22 1.08 1.08 1.08 1.08
0.00 0.00 0.00 0.00 0.00 0.00 0.00 0.00 0.00 0.00 0.00 0.00 0.00 0.00 0.00 0.00 0.00 0.00 0.00 0.00 0.00 0.00 0.00 0.00 0.00 0.00 0.00 1.14 0.96 0.96 1.18 1.18 1.25 1.25 1.25 1.25 1.33 1.33 1.33 1.33 1.34 1.34 1.34 1.34 1.29 1.29 1.29 1.29 1.26 1.26 1.26 1.26 1.30 1.30 1.30 1.30 1.34 1.34 1.34 1.34 1.43 1.43 1.43 1.43 1.43 1.43 1.43 1.43 1.39 1.39 1.39 1.39 1.39 1.39 1.39 1.39 1.22 1.22 1.22 1.22 1.08 1.08 1.08 1.08
0.00 0.00 0.00 0.00 0.00 0.00 0.00 0.00 0.00 0.00 0.00 0.00 0.00 0.00 0.00 0.00 0.00 0.00 0.00 0.00 0.00 0.00 0.00 0.00 0.00 0.00 0.00 0.00 1.22 1.22 1.22 1.22 1.29 1.29 1.29 1.29 1.38 1.38 1.38 1.38 1.39 1.39 1.39 1.39 1.34 1.34 1.34 1.34 1.31 1.31 1.31 1.31 1.35 1.35 1.35 1.35 1.40 1.40 1.40 1.40 1.50 1.50 1.50 1.50 1.50 1.50 1.50 1.50 1.46 1.46 1.46 1.46 1.45 1.45 1.45 1.45 1.26 1.26 1.26 1.26 1.11 1.11 1.11 1.11
0.00 0.00 0.00 0.00 0.00 0.00 0.00 0.00 0.00 0.00 0.00 0.00 0.00 0.00 0.00 0.00 0.00 0.00 0.00 0.00 0.00 0.00 1.25 0.00 0.00 0.00 0.00 0.00 1.22 1.22 1.22 1.22 1.29 1.29 1.29 1.29 1.38 1.38 1.38 1.38 1.39 1.39 1.39 1.39 1.34 1.34 1.34 1.34 1.31 1.31 1.31 1.31 1.35 1.35 1.35 1.35 1.40 1.40 1.40 1.40 1.50 1.50 1.50 1.50 1.50 1.50 1.50 1.50 1.46 1.46 1.46 1.46 1.45 1.45 1.45 1.45 1.26 1.26 1.26 1.26 1.11 1.11 1.11 1.11
0.00 0.00 0.00 0.00 0.00 0.00 0.00 0.00 0.00 0.00 0.00 0.00 0.00 0.00 0.00 0.00 0.00 0.00 0.00 0.00 0.00 1.24 1.24 1.24 1.17 0.00 0.00 1.17 1.20 1.20 1.20 1.20 1.27 1.27 1.27 1.27 1.35 1.35 1.35 1.35 1.39 1.39 1.39 1.39 1.39 1.39 1.39 1.39 1.36 1.36 1.36 1.36 1.43 1.43 1.43 1.43 1.46 1.46 1.46 1.46 1.49 1.49 1.49 1.49 1.48 1.48 1.48 1.48 1.44 1.44 1.44 1.44 1.27 1.27 1.27 1.27 1.10 1.10 1.10 1.10 1.08 1.08 1.08 1.08
0.00 0.00 0.00 0.00 0.00 0.00 0.00 0.00 0.00 0.00 0.00 0.00 0.00 0.00 0.00 0.00 0.00 0.00 0.00 0.00 1.24 1.24 1.24 1.24 0.00 0.00 0.00 0.00 1.20 1.20 1.20 1.20 1.27 1.27 1.27 1.27 1.35 1.35 1.35 1.35 1.39 1.39 1.39 1.39 1.39 1.39 1.39 1.39 1.36 1.36 1.36 1.36 1.43 1.43 1.43 1.43 1.46 1.46 1.46 1.46 1.49 1.49 1.49 1.49 1.48 1.48 1.48 1.48 1.44 1.44 1.44 1.44 1.27 1.27 1.27 1.27 1.10 1.10 1.10 1.10 1.08 1.08 1.08 1.08
0.00 0.00 0.00 0.00 0.00 0.00 0.00 0.00 0.00 0.00 0.00 0.00 0.00 0.00 0.00 0.00 0.00 0.00 0.00 1.25 1.24 1.24 1.24 1.00 0.96 0.00 0.00 0.00 0.00 1.20 1.20 1.20 1.27 1.27 1.27 1.27 1.35 1.35 1.35 1.35 1.39 1.39 1.39 1.39 1.39 1.39 1.39 1.39 1.36 1.36 1.36 1.36 1.43 1.43 1.43 1.43 1.46 1.46 1.46 1.46 1.49 1.49 1.49 1.49 1.48 1.48 1.48 1.48 1.44 1.44 1.44 1.44 1.27 1.27 1.27 1.27 1.10 1.10 1.10 1.10 1.08 1.08 1.08 1.08
0.00 0.00 0.00 0.00 0.00 0.00 0.00 0.00 0.00 0.00 0.00 0.00 0.00 0.00 0.00 0.00 0.00 0.00 1.25 1.25 1.24 1.24 1.24 1.24 1.17 1.17 1.17 0.00 0.00 1.20 1.20 1.20 1.27 1.27 1.27 1.27 1.35 1.35 1.35 1.35 1.39 1.39 1.39 1.39 1.39 1.39 1.39 1.39 1.36 1.36 1.36 1.36 1.43 1.43 1.43 1.43 1.46 1.46 1.46 1.46 1.49 1.49 1.49 1.49 1.48 1.48 1.48 1.48 1.44 1.44 1.44 1.44 1.27 1.27 1.27 1.27 1.10 1.10 1.10 1.10 1.08 1.08 1.08 1.08
0.00 1.41 1.41 1.41 1.35 0.00 0.00 0.00 0.00 0.00 0.00 0.00 0.00 0.00 0.00 1.26 1.31 1.31 1.31 1.28 1.30 1.30 1.30 1.30 1.23 1.23 1.23 0.00 1.23 1.23 1.23 1.23 1.27 1.27 1.27 1.27 1.30 1.30 1.30 1.30 1.32 1.32 1.32 1.32 1.42 1.42 1.42 1.42 1.46 1.46 1.46 1.46 1.48 1.48 1.48 1.48 1.45 1.45 1.45 1.45 1.44 1.44 1.44 1.44 1.44 1.44 1.44 1.44 1.34 1.34 1.34 1.34 1.12 1.12 1.12 1.12 1.07 1.07 1.07 1.07 1.13 1.13 1.13 1.13
0.00 0.00 1.41 1.41 1.35 0.00 0.00 0.00 0.00 0.00 0.00 0.00 0.00 0.00 1.26 1.26 1.31 1.31 1.31 1.31 1.33 1.33 1.33 1.30 1.23 1.23 1.23 1.23 1.23 1.23 1.23 1.23 1.27 1.27 1.27 1.27 1.30 1.30 1.30 1.30 1.32 1.32 1.32 1.32 1.42 1.42 1.42 1.42 1.46 1.46 1.46 1.46 1.48 1.48 1.48 1.48 1.45 1.45 1.45 1.45 1.44 1.44 1.44 1.44 1.44 1.44 1.44 1.44 1.34 1.34 1.34 1.34 1.12 1.12 1.12 1.12 1.07 1.07 1.07 1.07 1.13 1.13 1.13 1.13
0.00 1.41 1.41 1.41 1.35 1.35 0.00 0.00 0.00 0.00 0.00 0.00 0.00 1.26 1.26 1.26 1.31 1.31 1.31 0.00 1.33 1.33 1.33 1.33 1.27 1.27 1.27 1.23 1.23 1.23 1.23 1.23 1.27 1.27 1.27 1.27 1.30 1.30 1.30 1.30 1.32 1.32 1.32 1.32 1.42 1.42 1.42 1.42 1.46 1.46 1.46 1.46 1.48 1.48 1.48 1.48 1.45 1.45 1.45 1.45 1.44 1.44 1.44 1.44 1.44 1.44 1.44 1.44 1.34 1.34 1.34 1.34 1.12 1.12 1.12 1.12 1.07 1.07 1.07 1.07 1.13 1.13 1.13 1.13
1.41 1.41 1.41 1.41 1.35 1.35 0.00 0.00 0.00 0.00 0.00 0.00 0.00 0.00 1.26 1.26 1.31 1.31 1.31 1.31 1.33 1.33 1.33 1.33 1.27 1.27 1.27 1.27 1.26 1.26 1.23 1.23 1.27 1.27 1.27 1.27 1.30 1.30 1.30 1.30 1.32 1.32 1.32 1.32 1.42 1.42 1.42 1.42 1.46 1.46 1.46 1.46 1.48 1.48 1.48 1.48 1.45 1.45 1.45 1.45 1.44 1.44 1.44 1.44 1.44 1.44 1.44 1.44 1.34 1.34 1.34 1.34 1.12 1.12 1.12 1.12 1.07 1.07 1.07 1.07 1.13 1.13 1.13 1.13
1.45 1.45 1.45 1.45 1.37 1.37 1.37 0.00 0.00 0.00 0.00 0.00 0.00 0.00 1.22 1.22 1.29 1.29 1.29 1.29 1.35 1.35 1.35 1.35 1.35 1.35 1.35 1.35 1.38 1.38 1.38 1.38 1.37 1.37 1.34 1.34 1.32 1.32 1.32 1.32 1.33 1.33 1.33 1.33 1.45 1.45 1.45 1.45 1.50 1.50 1.50 1.50 1.47 1.47 1.47 1.47 1.42 1.42 1.42 1.42 1.42 1.42 1.42 1.42 1.41 1.41 1.41 1.41 1.25 1.25 1.25 1.25 1.07 1.07 1.07 1.07 1.07 1.07 1.07 1.07 1.19 1.19 1.19 1.19
1.45 1.45 1.45 1.45 1.37 1.37 1.37 1.37 0.00 0.00 0.00 0.00 0.00 0.00 1.22 1.22 1.29 1.29 1.29 1.29 1.35 1.35 1.35 1.35 1.35 1.35 1.35 1.35 1.38 1.38 1.38 1.38 1.37 1.37 1.37 1.37 1.35 1.32 1.32 1.32 1.33 1.33 1.33 1.33 1.45 1.45 1.45 1.45 1.50 1.50 1.50 1.50 1.47 1.47 1.47 1.47 1.42 1.42 1.42 1.42 1.42 1.42 1.42 1.42 1.41 1.41 1.41 1.41 1.25 1.25 1.25 1.25 1.07 1.07 1.07 1.07 1.07 1.07 1.07 1.07 1.19 1.19 1.19 1.19
1.45 1.45 1.45 1.45 1.37 1.37 1.37 1.37 0.00 0.00 0.00 0.00 0.00 0.00 1.22 1.22 1.29 1.29 1.29 1.29 1.35 1.35 1.35 1.35 1.35 1.35 1.35 1.35 1.38 1.38 1.38 1.38 1.37 1.37 1.37 1.37 1.35 1.35 1.35 1.35 1.35 1.33 1.33 1.33 1.45 1.45 1.45 1.45 1.50 1.50 1.50 1.50 1.47 1.47 1.47 1.47 1.42 1.42 1.42 1.42 1.42 1.42 1.11 1.42 1.41 1.41 1.41 1.41 1.25 1.25 1.25 1.25 1.07 1.07 1.07 1.07 1.07 1.07 1.07 1.07 1.19 1.19 1.19 1.19
1.45 1.45 1.45 1.45 1.37 1.37 1.37 1.37 0.92 0.00 0.00 0.00 0.00 0.00 0.00 1.22 1.29 0.00 1.29 1.29 1.35 1.35 1.35 1.35 1.35 1.35 1.35 1.35 1.38 1.38 1.38 1.38 1.37 1.37 1.37 1.37 1.35 1.35 1.35 1.35 1.35 1.35 1.35 1.35 1.45 1.45 1.45 1.45 1.50 1.50 1.50 1.50 1.47 1.47 1.47 1.47 1.42 1.42 1.42 1.42 1.42 1.42 1.42 1.42 1.41 1.41 1.41 1.41 1.25 1.25 1.25 1.25 1.07 1.07 1.07 1.07 1.07 1.07 1.07 1.07 1.19 1.19 1.19 1.19
1.46 1.46 1.46 1.46 1.40 1.40 1.40 1.40 1.25 1.25 0.00 0.00 0.00 0.00 0.00 0.00 0.00 1.25 1.25 1.25 1.31 1.31 1.31 1.31 1.35 1.35 1.35 1.35 1.39 1.39 1.39 1.39 1.38 1.38 1.38 1.38 1.38 1.38 1.38 1.38 1.42 1.42 1.42 1.42 1.49 1.49 1.49 1.49 1.43 1.43 1.43 1.43 1.39 1.39 1.39 1.39 1.39 1.39 1.39 1.39 1.41 1.41 1.41 1.41 1.35 1.35 1.35 1.35 1.20 1.20 1.20 1.20 1.07 1.07 1.07 1.07 1.07 1.07 1.07 1.07 1.21 1.21 1.21 1.21
1.46 1.46 1.46 1.46 1.40 1.40 1.40 1.40 1.25 0.00 1.25 0.00 0.00 0.00 0.00 1.22 0.00 0.00 1.25 1.25 1.31 1.31 1.31 1.31 1.35 1.35 1.35 1.35 1.39 1.39 1.39 1.39 1.38 1.38 1.38 1.38 1.38 1.38 1.38 1.38 1.42 1.42 1.42 1.42 1.49 1.49 1.49 1.49 1.45 1.45 1.45 1.43 1.39 1.39 1.39 1.39 1.39 1.39 1.39 1.39 1.41 1.41 1.41 1.41 1.35 1.35 1.35 1.35 1.20 1.20 1.20 1.20 1.07 1.07 1.07 1.07 1.07 1.07 1.07 1.07 1.21 1.21 1.21 1.21
1.53 1.53 1.53 1.53 1.46 1.46 1.46 1.46 1.29 0.00 1.29 1.29 1.25 1.25 0.00 1.25 1.28 1.28 1.28 1.28 1.35 1.35 1.35 1.35 1.39 1.39 1.39 1.39 1.43 1.43 1.43 1.43 1.41 1.41 1.41 1.41 1.41 1.41 1.41 1.41 1.45 1.45 1.45 1.45 1.52 1.52 1.52 1.52 1.48 1.48 1.48 1.48 1.44 1.44 1.44 1.42 1.42 1.42 1.42 1.42 1.44 1.44 1.44 1.44 1.38 1.38 1.38 1.38 1.22 1.22 1.22 1.22 1.08 1.08 1.08 1.08 1.08 0.95 1.08 1.08 1.24 1.24 1.24 1.24
1.53 1.53 1.53 1.53 1.46 1.46 1.46 1.46 1.29 1.29 1.29 1.29 1.25 1.25 1.25 1.25 0.00 0.00 1.28 0.99 1.35 1.35 1.35 1.35 1.39 1.39 1.39 1.39 1.43 1.43 1.43 1.43 1.41 1.41 1.41 1.41 1.41 1.41 1.41 1.41 1.45 1.45 1.45 1.45 1.52 1.52 1.52 1.52 1.48 1.48 1.48 1.48 1.44 1.44 1.44 1.44 1.44 1.44 1.44 1.42 1.44 1.44 1.44 1.44 1.38 1.38 1.38 1.38 1.22 1.22 1.22 1.22 1.08 1.08 1.08 1.08 1.08 1.08 1.08 1.08 1.24 1.24 1.24 1.24
1.46 1.46 1.46 1.46 1.49 1.49 1.49 1.49 1.41 1.41 0.00 1.41 1.30 1.30 1.30 1.30 0.00 0.00 1.25 1.25 1.26 1.26 1.26 1.26 1.29 1.29 1.29 1.29 1.31 1.31 1.31 1.31 1.30 1.30 1.30 1.30 1.36 1.36 1.36 1.36 1.41 1.41 1.41 1.41 1.41 1.41 1.41 1.41 1.35 1.35 1.35 1.35 1.35 1.35 1.35 1.35 1.40 1.40 1.40 1.40 1.44 1.44 1.43 1.43 1.37 1.37 1.37 1.37 1.25 1.25 1.25 1.25 1.13 1.13 1.13 1.13 1.14 1.14 1.14 1.14 1.29 1.29 1.29 1.29
1.46 1.46 1.46 1.46 1.49 1.49 1.49 1.49 1.41 1.41 1.41 1.41 1.30 1.30 1.00 0.00 0.00 0.00 0.00 0.00 1.26 1.26 1.26 1.26 1.29 1.29 1.29 1.29 1.31 1.31 1.31 1.31 1.30 1.30 1.30 1.30 1.36 1.36 1.36 1.36 1.41 1.41 1.41 1.41 1.41 1.41 1.41 1.41 1.35 1.35 1.35 1.35 1.35 1.35 1.35 1.35 1.40 1.40 1.40 1.40 1.44 1.44 1.44 1.44 1.38 1.38 1.37 1.37 1.25 1.25 1.25 1.25 1.13 1.13 1.13 1.13 1.14 1.14 1.14 1.14 1.29 1.29 1.29 1.29
1.46 1.46 1.46 1.46 1.49 1.49 1.49 1.49 1.41 1.41 1.41 1.41 1.30 1.30 1.30 1.30 0.00 1.25 1.25 1.25 0.00 0.00 1.26 1.26 1.29 1.29 1.29 1.29 1.31 1.31 1.31 1.31 1.30 1.30 1.30 1.30 1.36 1.36 1.36 1.36 1.41 1.41 1.41 1.41 1.41 1.41 1.41 1.41 1.35 1.35 1.35 1.35 1.35 1.35 1.35 1.35 1.40 1.40 1.40 1.40 1.44 1.44 1.44 1.44 1.38 1.38 1.38 1.38 1.27 1.25 1.25 1.25 1.13 1.13 1.13 1.13 1.14 1.14 1.14 1.14 1.29 1.29 1.29 1.29
1.46 1.46 1.46 1.46 1.49 1.49 1.49 1.49 1.41 1.41 1.41 1.41 1.30 1.30 1.30 1.30 1.25 1.25 1.25 1.25 0.00 0.00 1.26 1.26 1.29 1.29 1.29 1.29 1.31 1.31 1.31 1.31 1.30 1.30 1.30 1.30 1.36 1.36 1.36 1.36 1.41 1.41 1.41 1.41 1.41 1.41 1.41 1.41 1.35 1.35 1.35 1.35 1.35 1.35 1.35 1.35 1.40 1.40 1.40 1.40 1.44 1.44 1.44 1.44 1.38 1.38 1.38 1.38 1.27 1.27 1.27 1.27 1.14 1.13 1.13 1.13 1.14 1.14 1.14 1.14 1.29 1.29 1.29 1.29
1.36 1.36 1.36 1.36 1.43 1.43 1.43 1.43 1.48 1.48 1.48 1.48 1.37 1.37 1.37 1.37 1.27 1.27 1.27 1.27 1.28 1.28 1.28 1.28 1.30 1.30 1.30 1.30 1.26 1.26 1.26 1.26 1.23 1.23 1.23 1.23 1.29 1.29 1.29 1.29 1.32 1.32 1.32 1.32 1.30 1.30 1.30 1.30 1.27 1.27 1.27 1.27 1.30 1.30 1.30 1.30 1.38 1.38 1.38 1.38 1.45 1.45 1.45 1.45 1.42 1.42 1.42 1.42 1.35 1.35 1.35 1.35 1.30 1.30 1.30 1.30 1.32 1.32 1.32 1.32 1.37 1.37 1.37 1.37
1.36 1.36 1.36 1.36 1.43 1.43 1.43 1.43 1.48 1.48 1.48 1.48 1.37 1.37 1.37 1.37 1.27 1.27 1.27 1.27 1.28 1.28 1.28 1.28 1.30 1.30 1.30 1.30 1.26 1.26 1.26 1.26 1.23 1.23 1.23 1.23 1.29 1.29 1.29 1.29 1.32 1.32 1.32 1.32 1.30 1.30 1.30 1.30 1.27 1.27 1.27 1.27 1.30 1.30 1.30 1.30 1.38 1.38 1.38 1.38 1.45 1.45 1.45 1.45 1.42 1.42 1.42 1.42 1.35 1.35 1.35 1.35 1.30 1.30 1.30 1.30 1.34 1.34 1.34 1.34 1.37 1.37 1.37 1.37
1.36 1.36 1.36 1.36 1.43 1.43 1.43 1.43 1.48 1.48 1.48 1.48 1.37 1.37 1.37 1.37 1.27 1.27 1.27 1.27 1.28 1.28 1.28 1.28 1.30 1.30 1.30 1.30 1.26 1.26 1.26 1.26 1.23 1.23 1.23 1.23 1.29 1.29 1.29 1.29 1.32 1.32 1.32 1.32 1.30 1.30 1.30 1.30 1.27 1.27 1.27 1.27 1.30 1.30 1.30 1.30 1.38 1.38 1.38 1.38 1.45 1.45 1.45 1.45 1.42 1.42 1.42 1.42 1.35 1.35 1.35 1.35 1.30 1.30 1.30 1.30 1.34 1.34 1.34 1.34 1.38 1.38 1.38 1.37
1.36 1.36 1.36 1.36 1.43 1.43 1.43 1.43 1.48 1.48 1.48 1.48 1.37 1.37 1.37 1.37 1.27 1.27 1.27 1.27 1.28 1.28 1.28 1.28 1.30 1.30 1.30 1.30 1.26 1.26 1.26 1.26 1.23 1.23 1.23 1.23 1.29 1.29 1.29 1.29 1.32 1.32 1.32 1.32 1.30 1.30 1.30 1.30 1.27 1.27 1.27 1.27 1.30 1.30 1.30 1.30 1.38 1.38 1.38 1.38 1.45 1.45 1.45 1.45 1.42 1.42 1.42 1.42 1.35 1.35 1.35 1.35 1.30 1.30 1.30 1.30 1.34 1.34 1.34 1.34 1.38 1.38 1.38 1.38
0.00 1.33 1.33 1.33 1.36 1.36 1.36 1.36 1.42 1.42 1.42 1.42 1.44 1.44 1.44 1.44 1.36 1.36 1.36 1.36 1.38 1.38 1.38 1.38 1.36 1.36 1.36 1.36 1.28 1.28 1.28 1.28 1.27 1.27 1.27 1.27 1.26 1.26 1.26 1.26 1.26 1.26 1.26 1.26 1.28 1.28 1.28 1.28 1.29 1.29 1.29 1.29 1.35 1.35 1.35 1.35 1.43 1.43 1.43 1.43 1.45 1.45 1.45 1.45 1.42 1.42 1.42 1.42 1.42 1.42 1.42 1.42 1.44 1.44 1.44 1.44 1.44 1.44 1.44 1.44 1.41 1.41 1.41 1.41
0.00 0.00 0.00 1.33 1.36 1.36 1.36 1.36 1.42 1.42 1.42 1.42 1.44 1.44 1.44 1.44 1.36 1.36 1.36 1.36 1.38 1.38 1.38 1.38 1.36 1.36 1.36 1.36 1.28 1.28 1.28 1.28 1.27 1.27 1.27 1.27 1.26 1.26 1.26 1.26 1.26 1.26 1.26 1.26 1.28 1.28 1.28 1.28 1.29 1.29 1.29 1.29 1.35 1.35 1.35 1.35 1.43 1.43 1.43 1.43 1.45 1.45 1.45 1.45 1.42 1.42 1.42 1.42 1.42 1.42 1.42 1.42 1.44 1.44 1.44 1.44 1.44 1.44 1.44 1.44 1.41 1.41 1.41 1.41
0.00 0.00 0.00 1.33 1.36 1.36 1.36 1.36 1.42 1.42 1.42 1.42 1.44 1.44 1.44 1.44 1.36 1.36 1.36 1.36 1.38 1.38 1.38 1.38 1.36 1.36 1.36 1.36 1.28 1.28 1.28 1.28 1.27 1.27 1.27 1.27 1.26 1.26 1.26 1.26 1.26 1.26 1.26 1.26 1.28 1.28 1.28 1.28 1.29 1.29 1.29 1.29 1.35 1.35 1.35 1.35 1.43 1.43 1.43 1.43 1.45 1.45 1.45 1.45 1.42 1.42 1.42 1.42 1.42 1.42 1.42 1.42 1.44 1.44 1.44 1.44 1.44 1.44 1.44 1.44 1.41 1.41 1.41 1.41
1.33 1.33 1.33 1.33 1.36 1.36 1.36 1.36 1.42 1.42 1.42 1.42 1.44 1.44 1.44 1.44 1.36 1.36 1.36 1.36 1.38 1.38 1.38 1.38 1.36 1.36 1.36 1.36 1.28 1.28 1.28 1.28 1.27 1.27 1.27 1.27 1.26 1.26 1.26 1.26 1.26 1.26 1.26 1.26 1.28 1.28 1.28 1.28 1.29 1.29 1.29 1.29 1.35 1.35 1.35 1.35 1.43 1.43 1.43 1.43 1.45 1.45 1.45 1.45 1.42 1.42 1.42 1.42 1.42 1.42 1.42 1.09 1.44 1.44 1.44 1.44 1.44 1.44 1.44 1.44 1.41 1.41 1.41 1.41
1.35 1.35 1.35 1.35 1.33 1.33 1.33 1.33 1.36 1.36 1.36 1.36 1.43 1.43 1.43 1.43 1.47 1.47 1.47 1.47 1.48 1.48 1.48 1.48 1.40 1.40 1.40 1.40 1.34 1.34 1.34 1.34 1.35 1.35 1.35 1.35 1.31 1.31 1.31 1.31 1.29 1.29 1.29 1.29 1.33 1.33 1.33 1.33 1.37 1.37 1.37 1.37 1.44 1.44 1.44 1.44 1.46 1.46 1.46 1.46 1.43 1.43 1.43 1.43 1.42 1.42 1.42 1.42 1.45 1.45 1.45 1.45 1.46 1.46 1.46 1.46 1.44 1.44 1.44 1.44 1.44 1.44 1.44 1.44
1.35 1.35 1.35 1.35 1.33 1.33 1.33 1.33 1.36 1.36 1.36 1.36 1.43 1.43 1.43 1.43 1.47 1.47 1.47 1.47 1.48 1.48 1.48 1.48 1.40 1.40 1.40 1.40 1.34 1.34 1.34 1.34 1.35 1.35 1.35 1.35 1.31 1.31 1.31 1.31 1.29 1.29 1.29 1.29 1.33 1.33 1.33 1.33 1.37 1.37 1.37 1.37 1.44 1.44 1.44 1.44 1.46 1.46 1.46 1.46 1.43 1.43 1.43 1.43 1.42 1.42 1.42 1.42 1.45 1.45 1.45 1.45 1.46 1.46 1.46 1.46 1.44 1.44 1.44 1.44 1.44 1.44 1.44 1.44
1.39 1.39 1.39 1.39 1.37 1.37 1.37 1.37 1.39 1.39 1.39 1.39 1.47 1.47 1.47 1.47 1.51 1.51 1.51 1.51 1.52 1.52 1.52 1.52 1.43 1.43 1.43 1.43 1.36 1.36 1.36 1.36 1.37 1.37 1.37 1.37 1.33 1.33 1.33 1.33 1.30 1.30 1.30 1.30 1.34 1.34 1.34 1.34 1.38 1.38 1.38 1.38 1.45 1.45 1.45 1.45 1.47 1.47 1.47 1.47 1.44 1.44 1.44 1.44 1.42 1.42 1.42 1.42 1.46 1.46 1.46 1.46 1.47 1.47 1.47 1.47 1.46 1.46 1.13 1.46 1.46 1.46 1.46 1.46
1.39 1.39 1.39 1.39 1.37 1.37 1.37 1.37 1.39 1.39 1.39 1.39 1.47 1.47 1.47 1.47 1.51 1.51 1.51 1.51 1.52 1.52 1.52 1.52 1.43 1.43 1.43 1.43 1.36 1.36 1.36 1.36 1.37 1.37 1.37 1.37 1.33 1.33 1.33 1.33 1.30 1.30 1.30 1.30 1.34 1.34 1.34 1.34 1.38 1.38 1.38 1.38 1.45 1.45 1.45 1.45 1.47 1.47 1.47 1.47 1.44 1.44 1.44 1.44 1.42 1.42 1.42 1.42 1.46 1.46 1.46 1.46 1.47 1.47 1.47 1.47 1.46 1.46 1.46 1.46 1.46 1.46 1.46 1.46
