New_Model_Runs/10_Future_Present_Scn3_out/post_prcessed_with_MFR/Monthly_summaries/interception_monthly_AUG.asc
NCOLS 700
NROWS 400
XLLCENTER 515000.000000
YLLCENTER 8409000.000000
CELLSIZE 50.000000
NODATA_value -999.000000
[rows 114 to 151 of 400, columns 504 to 587 of 700]
1.36 1.36 1.36 1.36 1.66 1.66 1.66 1.66 1.76 1.76 1.76 1.76 1.74 1.74 1.74 1.74 1.68 1.68 1.68 1.68 0.00 0.00 0.00 0.00 1.24 1.24 1.55 0.00 1.57 0.00 0.00 1.57 1.60 1.60 1.60 1.60 1.57 1.25 1.57 1.57 1.46 1.46 1.46 1.46 1.41 1.41 1.41 1.41 1.47 1.47 1.47 1.47 1.59 1.59 1.59 1.59 1.74 1.58 1.58 1.58 1.54 1.54 1.54 1.54 1.54 1.54 1.54 1.54 1.66 1.66 1.66 1.66 1.58 1.58 1.58 1.58 1.36 0.00 0.00 0.00 0.00 0.00 0.00 0.00
1.36 1.36 1.36 1.36 1.66 1.66 1.66 1.66 1.76 1.76 1.76 1.76 1.74 1.74 1.74 1.74 1.68 1.68 1.68 1.68 1.27 1.27 0.00 0.00 0.00 1.55 1.55 1.55 1.57 1.57 0.00 1.57 1.60 1.60 1.60 1.60 1.57 1.57 1.57 1.57 1.46 1.46 1.46 1.46 1.41 1.41 1.41 1.41 1.47 1.47 1.47 1.47 1.59 1.59 1.59 1.59 1.74 1.58 1.58 1.58 1.54 1.54 1.54 1.54 1.54 1.54 1.54 1.54 1.66 1.66 1.66 1.66 1.58 1.58 1.58 1.58 1.36 0.00 1.07 1.07 0.00 0.00 0.00 0.00
1.72 1.72 1.72 1.72 1.83 1.83 1.83 1.83 1.66 1.66 1.66 1.66 1.58 1.58 1.58 1.58 1.56 1.56 1.56 1.56 1.24 1.24 1.55 1.55 1.54 1.54 0.00 1.54 1.54 1.54 1.54 1.54 1.51 1.51 1.51 1.51 1.48 1.48 1.48 1.48 1.48 1.48 1.48 0.00 1.48 1.48 1.48 1.48 1.50 1.50 1.50 1.50 1.59 1.59 1.59 1.59 1.79 1.63 1.63 1.63 1.65 1.65 1.65 1.65 1.65 1.65 1.65 1.65 1.64 1.64 1.64 1.64 1.51 1.51 1.51 1.51 1.35 1.35 1.35 1.22 0.00 0.00 0.00 0.00
1.72 1.72 1.72 1.72 1.83 1.83 1.83 1.83 1.66 1.66 1.66 1.66 1.58 1.58 1.58 1.58 1.56 1.56 1.56 1.56 1.55 1.55 1.55 1.55 0.00 1.54 1.54 1.54 1.54 1.54 0.00 1.54 1.51 1.51 1.51 1.51 1.48 1.48 1.48 1.48 1.48 1.48 1.48 1.48 1.48 1.48 1.48 1.48 1.50 0.00 0.00 1.22 1.59 1.59 1.59 1.59 1.79 1.63 1.63 1.63 1.65 1.65 1.65 1.65 1.65 1.65 1.65 1.65 1.64 1.64 1.64 1.64 1.51 1.51 1.51 1.51 1.35 1.35 1.35 1.35 0.00 0.00 0.00 0.00
1.72 1.72 1.72 1.72 1.83 1.83 1.83 1.83 1.66 1.66 1.66 1.66 1.58 1.58 1.58 1.58 1.56 1.56 1.56 1.56 1.55 1.55 1.55 1.55 1.54 1.54 1.24 1.54 1.54 1.54 1.54 1.54 1.51 1.51 1.51 1.51 1.48 1.48 1.48 1.48 1.48 1.48 1.48 1.48 1.48 1.48 1.48 0.00 0.00 0.00 0.00 0.00 1.59 1.59 1.59 1.59 1.79 1.63 1.63 1.63 1.65 1.65 1.65 1.65 1.65 1.65 1.65 1.65 1.64 1.64 1.64 1.64 1.51 1.51 1.51 1.51 1.35 1.35 1.35 0.00 0.00 0.00 0.00 0.00
1.72 1.72 1.72 1.72 1.83 1.83 1.83 1.83 1.66 1.66 1.66 1.66 1.58 1.58 1.58 1.58 1.56 1.56 1.56 1.56 1.55 1.55 1.55 1.55 1.54 1.54 1.54 1.54 1.54 1.54 1.54 1.54 1.51 1.51 1.51 1.51 1.48 1.48 1.48 1.48 1.48 1.48 1.48 1.48 1.48 0.00 0.00 0.00 0.00 1.50 1.50 1.50 1.59 1.59 1.59 1.59 1.79 1.63 1.63 1.63 1.65 1.65 1.65 1.65 1.65 1.65 1.65 1.65 1.64 1.64 1.64 1.64 1.51 1.51 1.51 1.51 1.35 1.35 1.06 1.06 0.00 0.00 0.00 0.00
1.74 1.74 1.74 1.74 1.58 1.58 1.58 1.58 1.43 1.43 1.43 1.43 1.41 1.41 1.41 1.41 1.42 1.42 1.42 1.42 1.43 1.43 1.43 1.43 1.40 1.40 1.40 1.40 1.41 1.41 1.41 1.41 1.39 1.39 1.39 1.39 1.38 1.38 1.38 1.38 1.44 1.44 1.44 1.44 0.00 0.63 1.50 1.50 0.00 1.55 1.55 1.55 1.66 1.66 1.66 1.66 1.84 1.68 1.68 1.68 1.66 1.66 1.66 1.66 1.58 1.58 1.58 1.58 1.53 1.53 1.53 1.53 1.49 1.49 1.49 1.49 1.06 1.06 1.06 1.06 0.00 0.00 0.00 0.00
1.74 1.74 1.74 1.74 1.58 1.58 1.58 1.58 1.43 1.43 1.43 1.43 1.41 1.41 1.41 1.41 1.42 1.42 1.42 1.42 1.43 1.43 1.43 1.43 1.40 1.40 0.00 0.00 1.41 1.41 1.41 1.41 1.39 1.39 1.39 1.39 1.38 1.38 0.00 1.38 1.44 0.00 0.00 0.00 0.00 1.50 1.50 1.50 1.55 1.55 1.55 1.55 1.66 1.66 1.66 1.66 1.84 1.68 1.68 1.68 1.66 1.66 1.66 1.66 1.58 1.58 1.58 1.58 1.53 1.53 1.53 1.53 1.49 1.49 1.49 1.49 1.34 1.34 1.34 1.06 0.00 0.00 0.00 0.00
1.74 1.74 1.74 1.74 1.58 1.58 1.58 1.58 1.43 1.43 1.43 1.43 1.41 1.41 1.41 1.41 1.42 1.42 1.42 1.42 1.43 1.43 1.43 1.43 1.40 1.40 0.00 0.00 0.00 1.41 1.41 1.41 1.39 1.39 1.39 1.39 0.00 1.38 0.00 0.00 0.00 0.00 0.00 0.00 0.00 1.50 1.50 1.50 1.55 1.55 1.55 1.55 1.66 1.66 1.66 1.66 1.84 1.68 1.68 1.68 1.66 1.66 1.66 1.66 1.58 1.58 1.58 1.58 1.53 1.53 1.53 1.53 1.49 1.49 1.49 1.49 1.34 1.34 1.34 1.34 1.24 1.24 1.24 1.24
1.74 1.74 1.74 1.74 1.58 1.26 1.58 1.58 1.43 0.00 1.43 1.43 1.41 1.41 1.41 1.41 0.00 1.42 1.42 1.42 1.43 1.43 1.43 1.43 1.40 1.40 1.40 0.00 0.00 1.41 1.41 1.41 0.00 1.39 1.39 0.00 0.00 1.38 1.38 0.00 0.00 0.00 0.00 1.44 1.50 1.50 1.50 1.50 1.55 1.55 1.55 1.55 1.66 1.66 1.66 1.66 1.84 1.68 1.68 1.68 1.66 1.66 1.66 1.66 1.58 1.58 1.58 1.58 1.53 1.53 1.53 1.53 1.49 1.49 1.49 1.49 1.34 1.34 1.34 1.34 1.24 1.24 1.24 1.24
1.50 1.50 1.50 1.50 1.41 1.41 1.41 1.41 1.37 1.37 1.37 1.37 1.36 1.36 1.36 1.36 1.34 1.34 0.00 0.00 1.34 1.34 1.34 1.34 1.31 1.31 1.31 1.31 1.31 1.31 1.31 1.31 1.13 0.00 1.32 0.00 0.00 0.00 1.38 1.38 1.43 1.43 1.43 1.43 1.43 1.43 1.43 1.43 1.50 1.50 1.50 1.50 1.69 1.69 1.69 1.69 1.85 1.69 1.69 1.69 1.62 1.62 1.62 1.62 1.52 1.52 1.52 1.52 1.48 1.48 1.48 1.48 1.45 1.45 1.45 1.45 1.40 1.40 1.40 1.40 1.40 1.40 1.40 1.40
1.50 1.50 1.50 1.50 1.41 1.41 1.41 1.41 1.37 1.37 1.37 1.37 1.36 1.36 1.36 1.36 1.34 1.34 1.34 1.34 0.00 1.34 1.34 1.34 1.31 1.31 0.00 0.00 0.00 0.00 1.31 1.31 0.00 0.00 0.00 0.00 0.00 1.16 1.38 1.38 1.43 1.43 1.43 1.43 1.43 1.43 1.43 1.43 1.50 1.50 1.50 1.50 1.69 1.69 1.69 1.69 1.85 1.69 1.69 1.69 1.62 1.62 1.62 1.62 1.52 1.52 1.52 1.52 1.48 1.48 1.48 1.48 1.45 1.45 1.45 1.45 1.40 1.40 1.40 1.40 1.40 1.40 1.40 1.40
1.50 1.50 1.50 1.50 1.41 1.41 1.41 1.41 1.37 1.37 1.37 1.37 1.36 1.36 1.36 1.36 1.34 1.34 1.34 1.34 0.00 0.00 1.34 1.34 1.31 0.00 0.00 0.00 0.00 0.00 0.00 1.31 0.00 0.00 0.00 0.00 1.38 1.38 1.38 1.38 1.43 1.43 1.43 1.43 1.43 1.43 1.43 1.43 1.50 1.50 1.50 1.50 1.69 1.69 1.69 1.69 1.85 1.69 1.69 1.69 1.62 1.62 1.62 1.62 1.52 1.52 1.52 1.52 1.48 1.48 1.48 1.48 1.45 1.45 1.45 1.45 1.40 1.40 1.40 1.40 1.40 1.40 1.40 1.40
1.50 1.50 1.50 1.50 1.41 1.41 1.41 1.41 1.37 1.37 1.37 1.37 1.36 1.36 1.36 1.36 1.34 1.34 0.00 0.00 0.00 0.00 1.34 0.00 0.00 0.00 0.00 0.00 0.00 0.00 0.00 0.00 0.00 0.00 0.00 0.00 1.38 1.38 1.38 1.38 1.43 1.43 1.43 1.43 1.43 1.43 0.00 1.43 1.50 1.50 1.50 1.50 1.69 1.69 1.69 1.69 1.85 1.69 1.69 1.69 1.62 1.62 1.62 1.62 1.52 1.52 1.52 1.52 1.48 1.48 1.48 1.48 1.45 1.45 1.45 1.45 1.40 1.40 1.40 1.40 1.40 1.40 1.40 1.40
1.36 1.36 1.36 1.36 1.34 1.34 1.34 1.34 1.37 1.37 1.37 1.37 1.36 1.36 1.36 1.36 1.33 1.33 1.33 0.00 0.00 0.00 0.00 0.00 0.00 0.00 0.00 0.00 0.00 0.00 0.00 0.00 0.00 0.00 0.00 1.36 1.40 1.40 1.40 1.40 1.36 1.36 1.36 0.00 0.00 0.00 0.00 1.29 0.00 1.52 1.52 1.52 1.67 1.67 1.67 1.67 1.79 1.63 1.63 0.00 0.00 0.00 0.00 1.65 1.62 1.62 1.62 1.62 1.58 1.58 1.58 1.58 1.55 1.55 1.55 1.55 1.52 1.52 1.52 1.52 1.53 1.53 1.53 1.53
1.36 1.36 1.36 1.36 1.34 1.34 1.34 1.34 1.37 1.37 1.37 1.37 1.36 1.36 1.36 1.36 0.00 1.33 0.00 0.00 0.00 0.00 0.00 0.00 0.00 0.00 0.00 0.00 0.00 0.00 0.00 0.00 0.00 0.00 0.00 1.36 1.40 1.40 1.40 1.40 1.26 0.00 0.00 0.00 0.00 0.00 1.39 0.00 1.52 1.52 1.52 1.52 1.67 1.67 1.67 1.67 1.79 1.63 1.63 1.63 0.00 0.00 1.65 1.65 1.62 1.62 1.62 1.62 1.58 1.58 1.58 1.58 1.55 1.55 1.55 1.55 1.52 1.52 1.52 1.52 1.53 1.53 1.53 1.53
1.34 1.34 1.34 1.34 1.33 1.33 1.13 1.33 1.35 1.35 1.35 1.35 1.34 1.34 1.34 1.34 0.00 1.31 0.00 0.00 0.00 0.00 0.00 0.00 0.00 0.00 0.00 0.00 0.00 0.00 0.00 0.00 0.00 0.00 0.00 1.34 1.38 1.38 1.38 0.00 0.00 0.00 0.00 0.00 0.00 1.37 1.37 1.37 1.50 1.50 1.50 1.50 1.65 1.65 1.65 1.65 1.74 1.59 1.59 1.59 0.00 0.00 1.60 1.60 1.57 1.57 1.57 1.57 1.53 1.53 1.53 1.53 1.51 1.51 1.51 1.51 1.49 1.49 1.49 1.49 1.49 1.49 1.49 1.49
1.34 1.34 1.34 1.34 1.33 1.33 1.33 1.33 0.00 0.00 1.35 1.35 1.34 1.34 1.34 0.00 0.00 1.31 0.00 0.00 0.00 0.00 1.31 0.00 0.00 0.00 0.00 0.00 0.00 0.00 0.00 0.00 0.00 0.00 0.00 0.00 0.00 1.38 0.00 0.00 0.00 0.00 0.00 0.00 0.00 1.37 1.37 1.37 1.50 1.50 1.50 1.50 1.65 1.65 1.65 1.65 1.74 1.59 1.59 0.00 0.00 0.00 1.60 1.60 1.57 1.57 1.57 1.57 1.53 1.53 1.53 1.53 1.51 1.51 1.51 1.51 1.49 1.49 1.49 1.49 1.49 1.49 1.49 1.49
1.32 1.32 1.32 1.32 1.30 1.30 1.30 1.30 1.31 1.31 1.31 1.31 0.00 0.00 0.00 0.00 0.00 0.00 1.33 0.00 1.35 1.35 1.35 0.00 0.00 0.00 0.00 0.00 0.00 0.00 0.00 0.00 0.00 0.00 0.00 1.43 1.42 0.00 0.00 0.00 0.00 0.00 0.00 0.00 0.00 1.44 1.44 1.44 1.52 1.52 1.52 1.52 1.55 1.55 1.55 1.55 1.62 1.46 1.46 1.46 0.00 0.00 1.56 1.56 1.65 1.65 1.65 1.65 1.61 1.61 1.61 1.61 1.57 1.57 1.57 1.57 1.52 1.52 1.52 1.52 1.49 1.49 1.49 1.49
1.32 1.32 1.32 1.32 1.30 1.30 0.00 0.00 0.00 1.12 1.31 1.31 1.31 0.00 0.00 0.00 0.00 0.00 0.00 1.33 1.35 1.35 0.00 0.00 0.00 0.00 0.00 0.00 0.00 0.00 0.00 0.00 0.00 0.00 0.00 0.00 0.00 0.00 0.00 0.00 0.00 0.00 0.00 0.00 0.00 0.00 1.44 1.44 1.52 1.52 1.52 1.52 1.55 1.55 1.55 1.55 1.62 1.46 1.46 1.46 1.56 1.56 1.56 1.56 1.65 1.65 1.65 1.65 1.61 1.61 1.61 1.61 1.57 1.57 1.57 1.57 1.52 1.52 1.52 1.52 1.49 1.49 1.49 1.49
1.32 1.32 1.32 1.32 1.30 1.30 1.30 0.00 0.00 1.12 1.12 0.00 0.00 0.00 0.00 0.00 0.00 0.00 0.00 0.00 0.00 0.00 0.00 0.00 0.00 0.00 0.00 0.00 0.00 0.00 0.00 0.00 0.00 0.00 0.00 0.00 0.00 0.00 0.00 0.00 0.00 0.00 0.00 0.00 0.00 1.44 1.44 1.44 1.52 1.52 1.52 1.52 1.55 1.55 1.55 1.55 1.62 1.46 1.46 1.46 1.56 1.56 1.56 1.56 1.65 1.65 1.65 1.65 1.61 1.61 1.61 1.61 1.57 1.57 1.57 1.57 1.52 1.52 1.52 1.52 1.49 1.49 1.49 1.49
1.32 1.32 1.32 1.32 1.30 1.12 1.30 0.00 0.00 0.00 0.00 0.00 0.00 0.00 0.00 0.00 0.00 0.00 0.00 0.00 0.00 0.00 0.00 0.00 0.00 0.00 0.00 0.00 0.00 0.00 0.00 0.00 0.00 0.00 0.00 0.00 0.00 0.00 0.00 0.00 0.00 0.00 0.00 0.00 0.00 1.44 1.44 1.44 1.52 1.52 1.52 1.52 1.55 1.55 1.55 1.55 1.62 1.46 1.46 1.46 1.56 1.56 1.56 1.56 1.65 1.65 1.65 1.65 1.61 1.61 1.61 1.61 1.57 1.57 1.57 1.57 1.52 1.52 1.52 1.52 1.49 1.49 1.49 1.49
1.34 1.34 1.34 1.34 1.33 0.00 0.00 0.00 0.00 0.00 0.00 0.00 0.00 0.00 0.00 0.00 0.00 0.00 0.00 0.00 0.00 0.00 0.00 0.00 0.00 0.00 0.00 0.00 0.00 0.00 0.00 0.00 0.00 0.00 0.00 0.00 0.00 0.00 0.00 0.00 0.00 0.00 0.00 1.48 0.00 0.00 1.44 1.44 0.00 0.00 1.43 1.43 1.44 1.44 1.44 1.44 1.49 1.33 1.33 1.33 1.43 1.43 1.43 1.43 1.65 1.65 1.65 1.65 1.72 1.72 1.72 1.72 1.64 1.64 1.64 1.64 1.53 1.53 1.53 1.53 1.45 1.45 1.45 1.45
1.34 1.34 1.34 1.34 1.13 0.00 0.00 0.00 0.00 0.00 0.00 0.00 0.00 0.00 0.00 0.00 0.00 0.00 0.00 0.00 0.00 0.00 0.00 0.00 0.00 0.00 0.00 0.00 0.00 0.00 0.00 0.00 0.00 0.00 0.00 0.00 0.00 0.00 0.00 0.00 0.00 0.00 0.00 0.00 0.00 0.00 0.00 0.00 0.00 0.00 0.00 0.00 0.00 1.44 1.44 1.44 1.49 1.33 1.33 1.33 1.43 1.43 1.43 1.43 1.65 1.65 1.65 1.65 1.72 1.72 1.72 1.72 1.64 1.64 1.64 1.64 1.53 1.53 1.53 1.53 1.45 1.45 1.45 1.45
1.34 1.34 1.34 1.14 0.00 0.00 0.00 0.00 0.00 0.00 0.00 0.00 0.00 0.00 0.00 0.00 0.00 0.00 0.00 0.00 0.00 0.00 0.00 0.00 0.00 0.00 0.00 0.00 0.00 0.00 0.00 0.00 0.00 0.00 0.00 0.00 0.00 0.00 0.00 0.00 0.00 0.00 0.00 0.00 0.00 0.00 0.00 0.00 0.00 0.00 0.00 0.00 0.00 0.00 0.00 1.44 1.49 1.33 1.33 1.33 1.43 1.43 1.43 1.43 1.65 1.65 1.65 1.65 1.72 1.72 1.72 1.72 1.64 1.64 1.64 1.64 1.53 1.53 1.53 1.53 1.45 1.45 1.45 1.45
0.00 1.34 0.00 0.00 1.24 0.00 0.00 0.00 0.00 0.00 0.00 0.00 0.00 0.00 0.00 0.00 0.00 0.00 0.00 0.00 0.00 0.00 0.00 0.00 0.00 0.00 0.00 0.00 0.00 0.00 0.00 0.00 0.00 0.00 0.00 0.00 0.00 0.00 0.00 0.00 0.00 0.00 0.00 0.00 0.00 0.00 0.00 0.00 0.00 0.00 0.00 0.00 0.00 0.00 0.00 1.33 0.00 1.33 1.33 1.33 1.43 1.43 1.43 1.43 1.65 1.65 1.65 1.65 1.72 1.72 1.72 1.72 1.64 1.64 1.64 1.64 1.53 1.53 1.53 1.53 1.45 1.45 1.45 1.45
1.36 0.00 0.00 0.00 1.36 1.36 0.00 0.00 0.00 0.00 0.00 0.00 0.00 0.00 0.00 0.00 0.00 0.00 0.00 0.00 0.00 0.00 0.00 0.00 0.00 0.00 0.00 0.00 0.00 0.00 0.00 0.00 0.00 0.00 0.00 0.00 0.00 0.00 0.00 0.00 0.00 0.00 0.00 0.00 0.00 0.00 0.00 0.00 0.00 0.00 0.00 0.00 0.00 0.00 0.00 0.00 0.00 0.00 1.28 1.28 1.42 1.42 1.42 1.42 1.71 1.71 1.71 1.71 1.82 1.82 1.82 1.82 1.66 1.66 1.66 1.66 1.50 1.50 1.14 1.14 1.43 1.43 1.43 1.43
1.36 0.00 0.00 0.00 1.36 1.36 1.36 0.00 0.00 0.00 0.00 0.00 0.00 0.00 0.00 0.00 0.00 0.00 0.00 0.00 0.00 0.00 0.00 0.00 0.00 0.00 0.00 0.00 0.00 0.00 0.00 0.00 0.00 0.00 0.00 0.00 0.00 0.00 0.00 0.00 0.00 0.00 0.00 0.00 0.00 0.00 0.00 0.00 0.00 0.00 0.00 0.00 0.00 0.00 0.00 0.00 0.00 0.00 1.28 1.28 1.42 1.42 1.42 1.42 1.71 1.71 1.71 1.71 1.82 1.82 1.82 1.82 1.66 1.66 1.66 1.66 1.50 1.50 1.50 1.50 1.43 1.43 1.43 0.00
1.36 1.36 0.00 0.00 0.00 0.00 0.00 0.00 0.00 0.00 0.00 0.00 0.00 0.00 0.00 0.00 0.00 0.00 0.00 0.00 0.00 0.00 0.00 0.00 0.00 0.00 0.00 0.00 0.00 0.00 0.00 0.00 0.00 0.00 0.00 0.00 0.00 0.00 0.00 0.00 0.00 0.00 0.00 0.00 0.00 0.00 0.00 0.00 0.00 0.00 0.00 0.00 0.00 0.00 0.00 0.00 0.00 1.28 1.28 1.28 1.42 1.42 1.42 1.42 1.71 1.71 1.71 1.71 1.82 1.82 1.82 1.82 1.66 1.66 1.66 1.66 1.50 1.50 0.00 0.00 1.11 0.00 0.00 0.00
1.36 1.36 0.00 0.00 0.00 0.00 0.00 0.00 0.00 0.00 0.00 0.00 0.00 0.00 0.00 0.00 0.00 0.00 0.00 0.00 0.00 0.00 0.00 0.00 0.00 0.00 0.00 0.00 0.00 0.00 0.00 0.00 0.00 0.00 0.00 0.00 0.00 0.00 0.00 0.00 0.00 0.00 0.00 0.00 0.00 0.00 0.00 0.00 0.00 0.00 0.00 0.00 0.00 0.00 0.00 0.00 1.44 1.28 1.28 1.28 1.42 1.42 1.42 1.42 1.71 1.71 1.71 1.71 1.82 1.82 1.82 1.82 1.66 1.66 1.66 1.66 1.50 1.50 1.50 1.50 0.00 0.00 0.00 0.00
0.00 0.00 0.00 0.00 0.00 0.00 0.00 0.00 0.00 0.00 0.00 0.00 0.00 0.00 0.00 0.00 0.00 0.00 0.00 0.00 0.00 0.00 0.00 0.00 0.00 0.00 0.00 0.00 0.00 0.00 0.00 0.00 0.00 0.00 0.00 0.00 0.00 0.00 0.00 0.00 0.00 0.00 0.00 0.00 0.00 0.00 0.00 0.00 0.00 0.00 0.00 0.00 0.00 0.00 0.00 0.00 0.00 1.09 1.41 1.41 1.63 1.63 1.63 1.63 1.78 1.78 1.78 1.78 1.78 1.78 1.78 1.78 1.69 1.69 1.69 1.69 1.51 1.51 1.51 1.51 1.41 0.00 0.00 0.00
0.00 0.00 0.00 0.00 0.00 0.00 0.00 0.00 0.00 0.00 0.00 0.00 0.00 0.00 0.00 0.00 0.00 0.00 0.00 0.00 0.00 0.00 0.00 0.00 0.00 0.00 0.00 0.00 0.00 0.00 0.00 0.00 0.00 0.00 0.00 0.00 0.00 0.00 0.00 0.00 0.00 0.00 0.00 0.00 0.00 0.00 0.00 0.00 0.00 0.00 0.00 0.00 0.00 0.00 0.00 0.00 1.56 1.41 1.41 1.41 1.63 1.63 1.63 1.63 1.78 1.78 1.78 1.78 1.78 1.78 1.78 1.78 1.69 1.69 1.69 1.69 1.51 1.51 1.51 1.51 1.41 1.41 1.41 1.27
0.00 0.00 0.00 0.00 0.00 0.00 0.00 0.00 0.00 0.00 0.00 0.00 0.00 0.00 0.00 0.00 0.00 0.00 0.00 0.00 0.00 0.00 0.00 0.00 0.00 0.00 0.00 0.00 0.00 0.00 0.00 0.00 0.00 0.00 0.00 0.00 0.00 0.00 0.00 0.00 0.00 0.00 0.00 0.00 0.00 0.00 0.00 0.00 0.00 0.00 0.00 0.00 0.00 0.00 0.00 0.00 1.23 1.38 1.38 1.38 1.59 1.59 1.59 1.59 1.74 1.74 1.74 1.74 1.74 1.74 1.74 1.74 1.64 1.64 1.64 1.64 1.47 1.47 1.47 1.47 1.38 1.38 0.00 1.24
0.00 0.00 0.00 0.00 0.00 0.00 0.00 0.00 0.00 0.00 0.00 0.00 0.00 0.00 0.00 0.00 0.00 0.00 0.00 0.00 0.00 0.00 0.00 0.00 0.00 0.00 0.00 0.00 0.00 0.00 0.00 0.00 0.00 0.00 0.00 0.00 0.00 0.00 0.00 0.00 0.00 0.00 0.00 0.00 0.00 0.00 0.00 0.00 0.00 0.00 0.00 0.00 0.00 0.00 1.17 0.00 1.53 1.38 0.00 1.38 1.59 1.59 1.59 1.59 1.74 1.74 1.74 1.74 1.74 1.74 1.74 1.74 1.64 1.64 1.64 1.64 1.47 1.47 1.47 1.47 1.38 1.38 0.00 0.00
0.00 0.00 0.00 0.00 0.00 0.00 0.00 0.00 0.00 0.00 0.00 0.00 0.00 0.00 0.00 0.00 0.00 0.00 0.00 0.00 0.00 0.00 0.00 0.00 0.00 0.00 0.00 0.00 0.00 0.00 0.00 0.00 0.00 0.00 0.00 0.00 0.00 0.00 0.00 0.00 0.00 0.00 0.00 0.00 0.00 0.00 0.00 0.00 0.00 0.00 0.00 0.00 0.00 1.58 1.58 0.00 1.36 1.64 1.64 1.64 1.74 1.74 1.74 1.74 1.66 1.66 1.66 1.66 1.18 1.58 1.58 1.58 1.60 1.19 1.60 1.60 1.51 1.51 1.51 1.51 0.00 0.00 0.00 0.00
0.00 0.00 0.00 0.00 0.00 0.00 0.00 0.00 0.00 0.00 0.00 0.00 0.00 0.00 0.00 0.00 0.00 0.00 0.00 0.00 0.00 0.00 0.00 0.00 0.00 0.00 0.00 0.00 0.00 0.00 0.00 0.00 0.00 0.00 0.00 0.00 0.00 0.00 0.00 0.00 0.00 0.00 0.00 0.00 0.00 0.00 0.00 0.00 0.00 0.00 0.00 0.00 0.00 0.00 1.58 1.58 1.79 1.64 1.64 1.64 1.74 0.00 1.74 1.74 1.66 1.66 1.66 1.66 0.00 1.58 1.58 1.58 1.60 1.19 0.00 0.00 1.15 1.51 1.51 1.51 0.00 0.00 0.00 0.00
0.00 0.00 0.00 0.00 0.00 0.00 0.00 0.00 0.00 0.00 0.00 0.00 0.00 0.00 0.00 0.00 0.00 0.00 0.00 0.00 0.00 0.00 0.00 0.00 0.00 0.00 0.00 0.00 0.00 0.00 0.00 0.00 0.00 0.00 0.00 0.00 0.00 0.00 0.00 0.00 0.00 0.00 0.00 0.00 0.00 0.00 0.00 0.00 0.00 0.00 0.00 0.00 1.58 1.26 1.26 1.26 1.79 1.79 1.64 1.64 1.74 0.00 1.74 1.74 1.66 1.66 1.66 1.66 1.18 0.00 1.58 1.58 1.60 0.00 0.00 0.00 0.00 1.51 1.51 1.51 0.00 0.00 0.00 0.00
0.00 0.00 0.00 0.00 0.00 0.00 0.00 0.00 0.00 0.00 0.00 0.00 0.00 0.00 0.00 0.00 0.00 0.00 0.00 0.00 0.00 0.00 0.00 0.00 0.00 0.00 0.00 0.00 0.00 0.00 0.00 0.00 0.00 0.00 0.00 0.00 0.00 0.00 0.00 0.00 0.00 0.00 0.00 0.00 0.00 0.00 0.00 0.00 0.00 1.49 1.49 1.21 1.58 1.58 1.58 1.58 1.79 1.79 1.64 1.64 1.74 1.74 1.74 1.74 1.66 1.66 1.66 1.66 1.18 1.18 1.58 1.58 1.60 0.00 0.00 0.00 0.00 0.00 1.51 1.51 0.00 0.00 0.00 0.00
