New_Model_Runs/10_Future_Present_Scn3_out/post_prcessed_with_MFR/Monthly_summaries/interception_monthly_JAN.asc
NCOLS 700
NROWS 400
XLLCENTER 515000.000000
YLLCENTER 8409000.000000
CELLSIZE 50.000000
NODATA_value -999.000000
[rows 228 to 265 of 400, columns 84 to 167 of 700]
2.26 2.26 2.26 2.26 2.23 2.23 2.23 2.23 2.25 2.25 2.25 2.25 2.33 2.33 2.33 2.33 2.52 2.52 2.52 2.52 2.57 2.57 2.57 2.57 2.43 2.43 2.43 2.43 2.34 2.34 2.34 2.34 2.26 2.26 2.26 2.26 2.15 2.15 2.15 2.15 2.10 2.10 2.10 2.10 2.19 2.19 2.19 2.19 2.29 2.29 2.29 2.29 2.34 2.34 2.34 2.34 2.24 2.24 2.24 2.24 2.16 2.16 2.16 2.16 2.21 2.21 2.21 2.21 2.26 2.26 2.26 2.26 2.18 2.18 2.18 2.18 2.10 2.10 2.10 2.10 2.13 2.13 2.13 2.13
2.26 2.26 2.26 2.26 2.23 2.23 2.23 2.23 2.25 2.25 2.25 2.25 2.33 2.33 2.33 2.33 2.52 2.52 2.52 2.52 2.57 2.57 2.57 2.57 2.43 2.43 2.43 2.43 2.34 2.34 2.34 2.34 2.26 2.26 2.26 2.26 2.15 2.15 2.15 2.15 2.10 2.10 2.10 2.10 2.19 2.19 2.19 2.19 2.29 2.29 2.29 2.29 2.34 2.34 2.34 2.34 2.24 2.24 2.24 2.24 2.16 2.16 2.16 2.16 2.21 2.21 2.21 2.21 2.26 2.26 2.26 2.26 2.18 2.18 2.18 2.18 2.10 2.10 2.10 2.10 2.13 2.13 2.13 2.13
2.26 2.26 2.26 2.26 2.23 2.23 2.23 2.23 2.25 2.25 2.25 2.25 2.33 2.33 2.33 2.33 2.52 2.52 2.52 2.52 2.57 2.57 2.57 2.57 2.43 2.43 2.43 2.43 2.34 2.34 2.34 2.34 2.26 2.26 2.26 2.26 2.15 2.15 2.15 2.15 2.10 2.10 2.10 2.10 2.19 2.19 2.19 2.19 2.29 2.29 2.29 2.29 2.34 2.34 2.34 2.34 2.24 2.24 2.24 2.24 2.16 2.16 2.16 2.16 2.21 2.21 2.21 2.21 2.26 2.26 2.26 2.26 2.18 2.18 2.18 2.18 2.10 2.10 2.10 2.10 2.13 2.13 2.13 2.13
2.26 2.26 2.26 2.26 2.23 2.23 2.23 2.23 2.25 2.25 2.25 2.25 2.33 2.33 2.33 2.33 2.52 2.52 2.52 2.52 2.57 2.57 2.57 2.57 2.43 2.43 2.43 2.43 2.34 2.34 2.34 2.34 2.26 2.26 2.26 2.26 2.15 2.15 2.15 2.15 2.10 2.10 2.10 2.10 2.19 2.19 2.19 2.19 2.29 2.29 2.29 2.29 2.34 2.34 2.34 2.34 2.24 2.24 2.24 2.24 2.16 2.16 2.16 2.16 2.21 2.21 2.21 2.21 2.26 2.26 2.26 2.26 2.18 2.18 2.18 2.18 2.10 2.10 2.10 2.10 2.13 2.13 2.13 2.13
2.43 2.43 2.43 2.43 2.46 2.46 2.46 2.46 2.47 2.47 2.47 2.47 2.60 2.60 2.60 2.60 2.70 2.70 2.70 2.70 2.58 2.58 2.58 2.58 2.43 2.43 2.43 2.43 2.32 2.32 2.32 2.32 2.18 2.18 2.18 2.18 2.18 2.18 2.18 2.18 2.25 2.25 2.25 2.25 2.32 2.32 2.32 2.32 2.30 2.30 2.30 2.30 2.19 2.19 2.19 2.19 2.05 2.05 2.05 2.05 2.04 2.04 2.04 2.04 2.15 2.15 2.15 2.15 2.21 2.21 2.21 2.21 2.08 2.08 2.08 2.08 1.97 1.97 1.97 1.97 1.96 1.96 1.96 1.96
2.43 2.43 2.43 2.43 2.46 2.46 2.46 2.46 2.47 2.47 2.47 2.47 2.60 2.60 2.60 2.60 2.70 2.70 2.70 2.70 2.58 2.58 2.58 2.58 2.43 2.43 2.43 2.43 2.32 2.32 2.32 2.32 2.18 2.18 2.18 2.18 2.18 2.18 2.18 2.18 2.25 2.25 2.25 2.25 2.32 2.32 2.32 2.32 2.30 2.30 2.30 2.30 2.19 2.19 2.19 2.19 2.05 2.05 2.05 2.05 2.04 2.04 2.04 2.04 2.15 2.15 2.15 2.15 2.21 2.21 2.21 2.21 2.08 2.08 2.08 2.08 1.97 1.97 1.97 1.97 1.96 1.96 1.96 1.96
2.43 2.43 2.43 2.43 2.46 2.46 2.46 2.46 2.47 2.47 2.47 2.47 2.60 2.60 2.60 2.60 2.70 2.70 2.70 2.70 2.58 2.58 2.58 2.58 2.43 2.43 2.43 2.43 2.32 2.32 2.32 2.32 2.18 2.18 2.18 2.18 2.18 2.18 2.18 2.18 2.25 2.25 2.25 2.25 2.32 2.32 2.32 2.32 2.30 2.30 2.30 2.30 2.19 2.19 2.19 2.19 2.05 2.05 2.05 2.05 2.04 2.04 2.04 2.04 2.15 2.15 2.15 2.15 2.21 2.21 2.21 2.21 2.08 2.08 2.08 2.08 1.97 1.97 1.97 1.97 1.96 1.96 1.96 1.96
2.43 2.43 2.43 2.43 2.46 2.46 2.46 2.46 2.47 2.47 2.47 2.47 2.60 2.60 2.60 2.60 2.70 2.70 2.70 2.70 2.58 2.58 2.58 2.58 2.43 2.43 2.43 2.43 2.32 2.32 2.32 2.32 2.18 2.18 2.18 2.18 2.18 2.18 2.18 2.18 2.25 2.25 2.25 2.25 2.32 2.32 2.32 2.32 2.30 2.30 2.30 2.30 2.19 2.19 2.19 2.19 2.05 2.05 2.05 2.05 2.04 2.04 2.04 2.04 2.15 2.15 2.15 2.15 2.21 2.21 2.21 2.21 2.08 2.08 2.08 2.08 1.97 1.97 1.97 1.97 1.96 1.96 1.96 1.96
2.64 2.64 2.64 2.64 2.64 2.64 2.64 2.64 2.66 2.66 2.66 2.66 2.71 2.71 2.71 2.71 2.52 2.52 2.52 2.52 2.30 2.30 2.30 2.30 2.20 2.20 2.20 2.20 2.10 2.10 2.10 2.10 2.10 2.10 2.10 2.10 2.22 2.22 2.22 2.22 2.26 2.26 2.26 2.26 2.18 2.18 2.18 2.18 2.06 2.06 2.06 2.06 1.95 1.95 1.95 1.95 1.85 1.85 1.85 1.85 1.89 1.89 1.89 1.89 2.09 2.09 2.09 2.09 2.16 2.16 2.16 2.16 2.01 2.01 2.01 2.01 1.91 1.91 1.91 1.91 1.87 1.87 1.87 1.87
2.64 2.64 2.64 2.64 2.64 2.64 2.64 2.64 2.66 2.66 2.66 2.66 2.71 2.71 2.71 2.71 2.52 2.52 2.52 2.52 2.30 2.30 2.30 2.30 2.20 2.20 2.20 2.20 2.10 2.10 2.10 2.10 2.10 2.10 2.10 2.10 2.22 2.22 2.22 2.22 2.26 2.26 2.26 2.26 2.18 2.18 2.18 2.18 2.06 2.06 2.06 2.06 1.95 1.95 1.95 1.95 1.85 1.85 1.85 1.85 1.89 1.89 1.89 1.89 2.09 2.09 2.09 2.09 2.16 2.16 2.16 2.16 2.01 2.01 2.01 2.01 1.91 1.91 1.91 1.91 1.87 1.87 1.87 1.87
2.64 2.64 2.64 2.64 2.64 2.64 2.64 2.64 2.66 2.66 2.66 2.66 2.71 2.71 2.71 2.71 2.52 2.52 2.52 2.52 2.30 2.30 2.30 2.30 2.20 2.20 2.20 2.20 2.10 2.10 2.10 2.10 2.10 2.10 2.10 2.10 2.22 2.22 2.22 2.22 2.26 2.26 2.26 2.26 2.18 2.18 2.18 2.18 2.06 2.06 2.06 2.06 1.95 1.95 1.95 1.95 1.85 1.85 1.85 1.85 1.89 1.89 1.89 1.89 2.09 2.09 2.09 2.09 2.16 2.16 2.16 2.16 2.01 2.01 2.01 2.01 1.91 1.91 1.91 1.91 1.87 1.87 1.87 1.87
2.64 2.64 2.64 2.64 2.64 2.64 2.64 2.64 2.66 2.66 2.66 2.66 2.71 2.71 2.71 2.71 2.52 2.52 2.52 2.52 2.30 2.30 2.30 2.30 2.20 2.20 2.20 2.20 2.10 2.10 2.10 2.10 2.10 2.10 2.10 2.10 2.22 2.22 2.22 2.22 2.26 2.26 2.26 2.26 2.18 2.18 2.18 2.18 2.06 2.06 2.06 2.06 1.95 1.95 1.95 1.95 1.85 1.85 1.85 1.85 1.89 1.89 1.89 1.89 2.09 2.09 2.09 2.09 2.16 2.16 2.16 2.16 2.01 2.01 2.01 2.01 1.91 1.91 1.91 1.91 1.87 1.87 1.87 1.87
2.73 2.73 2.73 2.73 2.64 2.64 2.64 2.64 2.59 2.59 2.59 2.59 2.53 2.53 2.53 2.53 2.23 2.23 2.23 2.23 2.06 2.06 2.06 2.06 1.96 1.96 1.96 1.96 1.96 1.96 1.96 1.96 2.12 2.12 2.12 2.12 2.19 2.19 2.19 2.19 2.18 2.18 2.18 2.18 2.07 2.07 2.07 2.07 1.90 1.90 1.90 1.90 1.79 1.79 1.79 1.79 1.75 1.75 1.75 1.75 1.90 1.90 1.90 1.90 2.15 2.15 2.15 2.15 2.17 2.17 2.17 2.17 2.02 2.02 2.02 2.02 1.90 1.90 1.90 1.90 1.80 1.80 1.80 1.80
3.02 3.02 2.73 2.73 2.64 2.64 2.64 2.64 2.59 2.59 2.59 2.59 2.53 2.53 2.53 2.53 2.23 2.23 2.23 2.23 2.06 2.06 2.06 2.06 1.96 1.96 1.96 1.96 1.96 1.96 1.96 1.96 2.12 2.12 2.12 2.12 2.19 2.19 2.19 2.19 2.18 2.18 2.18 2.18 2.07 2.07 2.07 2.07 1.90 1.90 1.90 1.90 1.79 1.79 1.79 1.79 1.75 1.75 1.75 1.75 1.90 1.90 1.90 1.90 2.15 2.15 2.15 2.15 2.17 2.17 2.17 2.17 2.02 2.02 2.02 2.02 1.90 1.90 1.90 1.90 1.80 1.80 1.80 1.80
2.97 2.97 2.97 2.97 2.89 2.89 2.60 2.60 2.54 2.54 2.54 2.54 2.46 2.46 2.46 2.46 2.18 2.18 2.18 2.18 2.01 2.01 2.01 2.01 1.92 1.92 1.92 1.92 1.92 1.92 1.92 1.92 2.07 2.07 2.07 2.07 2.14 2.14 2.14 2.14 2.13 2.13 2.13 2.13 2.03 2.03 2.03 2.03 1.87 1.87 1.87 1.87 1.76 1.76 1.76 1.76 1.73 1.73 1.73 1.73 1.87 1.87 1.87 1.87 2.11 2.11 2.11 2.11 2.14 2.14 2.14 2.14 1.98 1.98 1.98 1.98 1.88 1.88 1.88 1.88 1.78 1.78 1.78 1.78
2.97 2.97 2.97 2.97 2.89 2.89 2.89 2.89 2.84 2.54 2.54 2.54 2.46 2.46 2.46 2.46 2.18 2.18 2.18 2.18 2.01 2.01 2.01 2.01 1.92 1.92 1.92 1.92 1.92 1.92 1.92 1.92 2.07 2.07 2.07 2.07 2.14 2.14 2.14 2.14 2.13 2.13 2.13 2.13 2.03 2.03 2.03 2.03 1.87 1.87 1.87 1.87 1.76 1.76 1.76 1.76 1.73 1.73 1.73 1.73 1.87 1.87 1.87 1.87 2.11 2.11 2.11 2.11 2.14 2.14 2.14 2.14 1.98 1.98 1.98 1.98 1.88 1.88 1.88 1.88 1.78 1.78 1.78 1.78
2.93 2.93 2.93 2.93 2.82 2.82 2.82 2.82 2.79 2.79 2.79 2.79 2.35 2.35 2.35 2.35 2.08 2.08 2.08 2.08 1.87 1.87 1.87 1.87 1.78 1.78 1.78 1.78 1.91 1.91 1.91 1.91 2.14 2.14 2.14 2.14 2.14 2.14 2.14 2.14 2.11 2.11 2.11 2.11 2.06 2.06 2.06 2.06 1.84 1.84 1.84 1.84 1.69 1.69 1.69 1.69 1.76 1.76 1.76 1.76 2.01 2.01 2.01 2.01 2.18 2.18 2.18 2.18 2.16 2.16 2.16 2.16 2.08 2.08 2.08 2.08 1.93 1.93 1.93 1.93 1.72 1.72 1.72 1.72
2.93 2.93 2.93 2.93 2.82 2.82 2.82 2.82 2.79 2.79 2.79 2.79 2.65 2.65 2.65 2.35 2.08 2.08 2.08 2.08 1.87 1.87 1.87 1.87 1.78 1.78 1.78 1.55 1.91 1.91 1.91 1.91 2.14 2.14 2.14 2.14 2.14 2.14 2.14 2.14 2.11 2.11 2.11 2.11 2.06 2.06 2.06 2.06 1.84 1.84 1.84 1.84 1.69 1.69 1.69 1.00 1.76 1.76 1.76 1.76 2.01 2.01 2.01 2.01 2.18 2.18 2.18 2.18 2.16 2.16 2.16 2.16 2.08 2.08 2.08 2.08 1.93 1.93 1.93 1.93 1.72 1.72 1.72 1.72
2.93 2.93 2.93 2.93 2.82 2.82 2.82 2.82 2.79 2.79 2.79 2.79 2.65 2.65 2.65 2.65 2.38 2.38 2.38 2.08 1.87 1.87 1.87 1.87 1.78 1.78 1.78 0.00 0.00 0.00 1.91 1.91 2.14 2.14 2.14 2.14 2.14 2.14 2.14 2.14 2.11 2.11 2.11 2.11 2.06 2.06 2.06 2.06 1.84 1.84 1.84 1.84 1.69 1.69 1.69 1.69 1.76 1.76 1.76 1.76 2.01 2.01 2.01 2.01 2.18 2.18 2.18 2.18 2.16 2.16 2.16 2.16 2.08 2.08 2.08 2.08 1.93 1.93 1.93 1.93 1.72 1.72 1.72 1.72
2.93 2.93 2.93 2.93 2.82 2.82 2.82 2.82 2.79 2.79 2.79 2.79 2.65 2.65 2.65 2.65 2.38 2.38 2.38 2.38 2.17 2.17 1.87 1.87 1.78 1.78 1.78 0.00 0.00 0.00 0.00 1.91 2.14 2.14 2.14 2.14 2.14 2.14 2.14 2.14 2.11 2.11 2.11 2.11 2.06 2.06 2.06 2.06 1.84 1.84 1.84 1.84 1.69 1.69 1.69 1.69 1.76 1.76 1.76 1.76 2.01 2.01 2.01 2.01 2.18 2.18 2.18 2.18 2.16 2.16 2.16 2.16 2.08 2.08 2.08 2.08 1.93 1.93 1.93 1.93 1.72 1.72 1.72 1.72
2.91 2.91 2.91 2.91 2.79 2.79 2.79 2.79 2.77 2.77 2.77 2.77 2.65 2.65 2.65 2.65 2.33 2.33 2.33 2.33 2.09 2.09 2.09 2.09 2.08 1.78 0.00 0.00 0.00 0.00 1.98 1.98 2.18 2.18 2.18 2.18 2.14 2.14 2.14 2.14 2.09 2.09 2.09 2.09 2.13 2.13 2.13 2.13 1.92 1.92 1.92 1.92 1.72 1.72 1.72 1.72 1.86 1.86 1.86 1.86 2.10 2.10 2.10 2.10 2.17 2.17 2.17 2.17 2.18 2.18 2.18 2.18 2.17 2.17 2.17 2.17 1.96 1.96 1.96 1.96 1.75 1.75 1.75 1.75
2.91 2.91 2.91 2.91 2.79 2.79 2.79 2.79 2.77 2.77 2.77 2.77 2.65 2.65 2.65 2.65 2.33 2.33 2.33 2.33 2.09 2.09 2.09 2.09 2.08 2.08 2.08 1.82 0.00 0.00 1.98 1.98 2.18 2.18 2.18 2.18 2.14 2.14 2.14 2.14 2.09 2.09 2.09 2.09 2.13 2.13 2.13 2.13 1.92 1.92 1.92 1.92 1.72 1.72 0.00 0.00 1.86 1.86 1.86 1.86 2.10 2.10 2.10 2.10 2.17 2.17 2.17 2.17 2.18 2.18 2.18 2.18 2.17 2.17 2.17 2.17 1.96 1.96 1.96 1.96 1.75 1.75 1.75 1.75
2.91 2.91 2.91 2.91 2.79 2.79 2.79 2.79 2.77 2.77 2.77 2.77 2.65 2.65 2.65 2.65 2.33 2.33 2.33 2.33 2.09 0.00 2.09 0.00 0.00 2.08 2.08 2.08 2.28 1.92 2.28 2.28 2.18 2.18 2.18 2.18 2.14 2.14 2.14 2.14 2.09 2.09 2.09 2.09 2.13 2.13 2.13 2.13 1.92 1.92 1.92 1.92 1.72 1.72 0.00 0.00 1.86 1.86 1.86 1.86 2.10 2.10 2.10 2.10 2.17 2.17 2.17 2.17 2.18 2.18 2.18 2.18 2.17 2.17 2.17 2.17 1.96 1.96 1.96 1.96 1.75 1.75 1.75 1.75
2.91 2.91 2.91 2.91 2.79 2.79 2.79 2.79 2.77 2.77 2.77 2.77 2.65 2.65 2.65 2.65 2.33 2.33 2.33 2.33 0.00 0.00 0.00 0.00 0.00 2.08 2.08 2.08 2.28 2.28 1.92 2.28 2.48 2.48 2.48 2.18 2.14 2.14 2.14 2.14 2.09 2.09 2.09 2.09 2.13 2.13 2.13 2.13 1.92 1.92 1.92 1.92 1.72 1.72 1.72 0.00 1.86 1.86 1.86 1.86 2.10 2.10 2.10 2.10 2.17 1.74 1.74 2.17 2.18 2.18 2.18 2.18 2.17 2.17 2.17 2.17 1.96 1.96 1.96 1.96 1.75 1.75 1.75 1.75
2.87 2.87 2.87 2.87 2.78 2.78 2.78 2.78 2.78 2.78 2.78 2.78 2.62 2.62 2.62 2.62 2.35 2.35 2.35 2.35 0.00 0.00 0.00 0.00 0.00 2.10 2.10 2.10 1.91 2.26 0.00 2.26 2.45 2.45 2.45 2.45 2.43 2.43 2.14 2.14 2.08 2.08 2.08 2.08 2.17 2.17 2.17 2.17 2.05 2.05 2.05 2.05 0.00 0.00 1.83 1.83 1.94 1.94 1.94 1.94 2.09 2.09 2.09 2.09 2.11 0.00 0.00 2.11 2.22 2.22 2.22 2.22 2.25 2.25 2.25 2.25 1.96 1.96 1.96 1.96 1.75 1.75 1.75 1.75
2.87 2.87 2.87 2.87 2.78 2.78 2.78 2.78 2.78 2.78 2.78 2.78 2.62 2.62 2.62 2.62 2.35 2.35 2.35 2.35 0.00 0.00 0.00 0.00 0.00 0.00 0.00 0.00 0.00 2.26 0.00 2.26 2.45 2.45 2.45 2.45 2.43 2.43 2.43 2.43 2.38 2.38 2.08 2.08 2.17 2.17 2.17 2.17 2.05 2.05 2.05 2.05 1.83 0.00 0.00 0.00 1.94 1.94 1.94 1.94 2.09 1.71 2.09 2.09 2.11 2.11 2.11 2.11 2.22 2.22 2.22 2.22 2.25 2.25 2.25 2.25 1.96 1.96 1.96 1.96 1.75 1.75 1.75 1.75
2.87 2.87 2.21 0.00 2.78 2.78 2.78 2.78 2.78 2.78 2.78 2.78 2.62 0.00 0.00 0.00 0.00 0.00 0.00 2.35 0.00 0.00 0.00 0.00 0.00 0.00 0.00 0.00 0.00 0.00 2.26 2.26 2.45 2.45 2.45 2.45 2.43 0.00 2.00 2.43 2.38 2.38 2.38 2.38 2.47 2.17 2.17 2.17 2.05 2.05 2.05 2.05 1.83 0.00 0.00 0.00 1.94 1.94 1.94 1.63 1.71 1.71 1.71 1.71 2.11 2.11 2.11 2.11 2.22 2.22 2.22 2.22 2.25 2.25 2.25 2.25 1.96 1.96 1.96 1.96 1.75 1.75 1.75 1.75
2.21 2.21 0.00 0.00 2.78 2.78 2.78 2.78 2.78 2.78 2.78 2.78 2.62 2.62 2.62 0.00 0.00 0.00 2.35 0.00 0.00 0.00 0.00 0.00 0.00 0.00 0.00 0.00 0.00 0.00 0.00 2.26 2.45 2.45 2.45 2.45 0.00 0.00 0.00 2.43 2.38 2.38 2.38 0.00 2.47 2.47 2.47 2.47 2.05 2.05 2.05 2.05 1.83 0.00 0.00 0.00 1.94 1.94 1.94 1.94 1.71 1.71 0.00 1.71 2.11 2.11 2.11 2.11 2.22 2.22 2.22 2.22 2.25 2.25 2.25 2.25 1.96 1.96 1.96 1.96 1.75 1.75 1.75 1.75
2.82 2.19 0.00 0.00 2.79 2.79 2.79 2.79 2.80 2.80 2.80 2.80 2.59 2.59 2.59 2.59 0.00 2.36 0.00 0.00 0.00 0.00 0.00 0.00 0.00 0.00 0.00 0.00 0.00 0.00 0.00 2.34 2.40 2.40 2.40 2.40 2.47 0.00 0.00 2.47 2.43 2.43 2.43 2.43 2.50 2.50 2.50 2.50 2.47 2.47 2.47 2.17 1.96 1.96 0.00 0.00 1.63 1.94 1.94 1.94 2.05 1.69 2.05 2.05 2.12 2.12 2.12 2.12 2.28 2.28 2.28 2.28 2.28 2.28 2.28 2.28 1.97 1.97 1.97 1.97 1.70 1.70 1.70 1.70
0.00 2.19 0.00 0.00 2.79 2.79 2.79 2.18 2.80 2.80 2.80 2.80 2.59 2.59 2.59 2.59 2.36 2.36 2.36 2.36 0.00 0.00 0.00 0.00 0.00 0.00 0.00 0.00 0.00 0.00 0.00 2.34 2.40 2.40 2.40 2.40 2.47 2.47 0.00 2.47 2.43 2.43 2.43 0.00 0.00 2.50 2.50 2.50 2.47 2.47 2.47 2.47 2.26 2.26 2.26 0.00 0.00 0.00 1.94 1.94 1.69 0.00 2.05 2.05 2.12 2.12 2.12 1.72 2.28 2.28 2.28 2.28 2.28 2.28 2.28 2.28 1.97 1.97 1.97 1.97 1.70 1.70 1.70 0.00
0.00 0.00 0.00 0.00 2.06 2.61 2.61 2.61 2.62 2.62 2.62 2.62 2.44 2.44 2.44 2.44 2.24 2.24 0.00 0.00 0.00 0.00 0.00 0.00 0.00 0.00 0.00 0.00 0.00 0.00 0.00 0.00 0.00 0.00 2.30 2.30 2.36 2.36 2.36 2.36 2.32 2.32 2.32 0.00 0.00 2.39 2.39 2.39 2.36 2.36 2.36 2.36 2.18 2.18 2.18 0.00 0.00 0.00 1.86 1.86 1.96 1.96 1.96 1.96 2.02 2.02 2.02 2.02 2.16 2.16 2.16 2.16 2.16 2.16 2.16 2.16 1.89 1.89 1.89 1.89 1.65 1.65 0.00 0.00
0.00 0.00 0.00 2.07 0.00 2.61 2.61 2.61 2.62 2.62 2.62 2.62 2.44 2.44 0.00 0.00 0.00 0.00 0.00 0.00 0.00 0.00 0.00 0.00 0.00 0.00 0.00 0.00 0.00 0.00 0.00 0.00 0.00 0.00 0.00 2.30 2.36 2.36 2.18 2.36 2.32 2.32 2.32 0.00 2.39 2.39 2.39 2.39 2.36 2.36 2.36 2.36 2.18 2.18 2.18 0.00 0.00 0.00 0.00 2.16 2.26 1.96 1.96 1.96 2.02 2.02 2.02 2.02 2.16 2.16 2.16 2.16 2.16 2.16 2.16 0.00 1.89 1.89 1.89 1.89 1.65 1.65 1.65 1.65
0.00 0.00 0.00 0.00 2.10 2.68 2.68 2.68 2.66 2.66 2.66 2.66 2.42 2.42 0.00 0.00 0.00 0.00 0.00 0.00 0.00 0.00 0.00 0.00 0.00 0.00 0.00 0.00 0.00 0.00 0.00 0.00 0.00 0.00 0.00 2.34 2.43 2.43 2.43 0.00 2.39 2.39 2.39 2.39 2.41 0.00 2.41 2.41 2.41 2.41 2.41 2.41 2.25 2.25 2.25 0.00 0.00 0.00 0.00 2.20 2.30 2.30 1.91 2.30 2.09 2.09 2.09 2.09 2.17 2.17 2.17 2.17 2.15 2.15 2.15 2.15 1.99 1.99 1.99 1.99 1.74 1.74 1.74 1.74
2.69 0.00 0.00 2.10 2.68 2.68 2.68 2.68 2.66 2.66 2.66 2.66 2.42 2.42 0.00 0.00 0.00 0.00 0.00 0.00 0.00 0.00 0.00 0.00 0.00 0.00 0.00 0.00 0.00 0.00 0.00 0.00 0.00 0.00 0.00 2.34 2.43 2.43 2.43 2.43 2.39 2.39 2.39 2.39 0.00 0.00 0.00 2.41 2.41 2.41 2.41 2.41 2.25 2.25 2.25 2.25 0.00 0.00 2.20 2.20 2.30 0.00 1.91 2.30 1.96 2.39 2.39 2.39 2.17 2.17 2.17 2.17 2.15 2.15 2.15 2.15 1.63 1.99 1.99 1.99 1.74 1.74 1.74 0.00
2.69 2.69 2.69 2.69 2.68 2.68 2.68 2.68 2.66 2.66 2.08 2.66 2.42 0.00 0.00 0.00 0.00 0.00 0.00 0.00 0.00 0.00 0.00 0.00 0.00 0.00 0.00 0.00 0.00 0.00 0.00 0.00 0.00 0.00 0.00 0.00 2.43 2.43 2.43 1.97 2.39 2.39 0.00 2.39 2.41 0.00 0.00 2.41 2.41 2.41 2.41 1.97 1.89 2.25 2.25 0.00 0.00 0.00 2.20 2.20 2.30 0.00 1.91 1.91 1.96 2.39 2.39 2.39 2.47 2.47 2.47 2.17 2.15 2.15 2.15 2.15 1.99 1.99 1.99 1.99 1.74 1.74 0.00 0.00
2.69 2.69 2.69 0.00 0.00 0.00 2.68 2.68 0.00 2.66 2.66 2.66 0.00 0.00 0.00 0.00 0.00 0.00 0.00 0.00 0.00 0.00 0.00 0.00 0.00 0.00 0.00 0.00 0.00 0.00 0.00 0.00 0.00 0.00 0.00 0.00 2.43 0.00 0.00 0.00 0.00 0.00 0.00 0.00 0.00 0.00 0.00 2.41 2.41 2.41 2.41 1.97 1.89 2.25 2.11 0.00 0.00 2.20 2.20 2.20 2.30 1.91 0.00 0.00 0.00 2.39 2.39 2.39 2.00 2.47 2.47 2.47 2.45 2.45 2.15 2.15 1.99 1.99 1.99 1.99 1.74 1.74 1.74 0.00
2.67 2.67 2.67 0.00 0.00 0.00 2.70 2.70 2.71 2.11 0.00 0.00 0.00 0.00 0.00 0.00 0.00 0.00 0.00 0.00 0.00 0.00 0.00 0.00 0.00 0.00 0.00 0.00 0.00 0.00 0.00 0.00 0.00 0.00 0.00 2.46 0.00 0.00 2.51 2.51 2.42 0.00 0.00 0.00 0.00 0.00 2.44 2.44 2.43 2.43 2.43 0.00 0.00 2.28 1.90 0.00 0.00 0.00 2.28 2.28 2.39 2.39 1.96 0.00 0.00 0.00 2.40 2.40 2.42 2.42 2.42 2.42 2.43 2.43 2.43 2.43 2.37 2.37 2.07 2.07 1.87 1.87 1.87 0.00
2.67 2.67 2.67 2.67 0.00 0.00 2.70 2.70 2.71 2.71 0.00 0.00 0.00 0.00 0.00 0.00 0.00 0.00 0.00 0.00 0.00 0.00 0.00 0.00 0.00 0.00 0.00 0.00 0.00 0.00 0.00 0.00 0.00 2.46 2.46 0.00 0.00 2.51 2.51 2.51 2.42 2.42 0.00 0.00 2.44 2.44 2.44 2.44 2.43 2.43 2.43 0.00 0.00 2.28 2.28 0.00 0.00 0.00 2.28 2.28 2.39 2.39 0.00 0.00 1.97 0.00 2.40 2.40 2.42 2.42 2.42 2.42 2.43 2.43 2.43 2.43 2.37 2.37 2.37 2.37 2.17 1.87 1.87 1.87
