New_Model_Runs/10_Future_Present_Scn3_out/post_prcessed_with_MFR/Monthly_summaries/net_infiltration_monthly_APR.asc
NCOLS 700
NROWS 400
XLLCENTER 515000.000000
YLLCENTER 8409000.000000
CELLSIZE 50.000000
NODATA_value -999.000000
[rows 266 to 303 of 400, columns 168 to 251 of 700]
8.02 8.74 8.74 12.30 8.02 6.97 6.97 6.97 7.00 7.26 9.03 9.03 9.00 9.00 9.00 9.00 9.07 9.07 9.07 9.07 9.13 9.13 9.13 7.07 7.35 7.35 9.46 9.46 9.55 9.55 9.67 17.65 10.30 10.30 9.55 10.28 9.40 9.40 9.40 9.40 8.90 8.90 8.90 8.96 8.87 8.87 8.87 8.87 9.12 8.96 10.75 10.75 11.16 11.16 17.43 17.43 16.88 17.15 16.88 16.88 17.24 16.88 17.24 17.60 10.64 9.03 12.19 10.28 10.28 10.28 9.92 10.28 8.15 7.60 8.15 7.60 18.43 13.72 8.07 8.38 8.38 8.38 9.03 8.38
8.22 8.58 8.58 9.54 8.02 8.02 6.97 6.97 7.00 7.00 9.03 9.03 9.00 9.00 9.00 9.00 9.07 9.07 9.07 9.07 9.13 9.13 9.13 7.07 7.35 7.35 9.46 9.46 9.55 9.55 9.67 20.84 19.53 9.55 9.55 9.55 9.40 9.40 10.14 9.40 8.90 8.90 8.90 8.90 8.96 8.87 8.87 8.87 8.91 8.96 11.01 11.01 11.01 11.01 11.01 17.43 16.88 17.24 15.99 16.88 16.79 16.88 16.88 17.48 16.88 10.64 13.37 9.03 9.92 9.92 9.92 9.92 7.66 8.32 8.87 19.15 10.93 8.69 8.27 8.33 7.97 9.10 8.74 8.74
8.94 8.58 11.73 10.26 9.48 8.50 7.12 6.93 6.95 6.95 8.96 8.96 8.99 8.99 10.26 8.99 9.12 9.12 9.12 9.12 9.16 9.16 9.16 7.10 7.34 9.45 9.45 9.45 9.53 9.53 9.67 19.13 18.73 9.54 9.52 9.52 9.37 9.37 9.37 9.37 8.89 8.89 8.89 8.89 9.12 9.12 8.88 9.12 9.12 8.96 11.01 11.01 11.01 10.75 11.30 11.01 16.88 16.88 17.60 17.24 16.88 16.88 16.88 15.28 16.10 9.03 12.19 9.03 9.50 9.92 9.92 9.92 7.24 7.60 18.43 11.29 17.79 8.38 7.71 9.81 9.10 7.71 8.33 8.74
8.85 8.13 10.26 7.11 8.58 8.22 7.90 7.12 7.92 7.13 11.05 8.96 8.99 8.99 8.99 9.71 9.12 9.12 9.12 9.12 9.16 9.16 7.75 7.10 7.34 9.45 9.45 9.45 9.53 17.36 17.36 19.28 18.73 9.52 9.52 9.52 9.37 9.37 9.37 9.37 8.89 9.12 9.12 8.89 8.96 9.12 9.12 9.12 9.12 8.96 10.75 11.01 10.86 10.86 10.86 11.01 16.88 16.88 16.29 17.24 16.88 16.88 16.88 16.88 16.88 10.28 8.32 13.01 8.32 9.92 9.14 9.92 8.67 7.79 19.34 15.64 15.63 8.38 9.10 9.10 8.38 8.38 7.61 7.83
8.58 12.09 10.62 8.94 8.22 8.22 7.12 7.12 7.13 7.40 9.90 9.71 9.71 9.19 8.99 8.99 9.12 9.12 9.12 9.12 10.63 7.10 7.10 7.10 7.34 9.45 9.45 9.45 17.36 17.36 18.73 18.60 18.73 9.52 9.52 9.52 9.37 9.37 9.37 9.37 9.26 9.12 9.12 9.12 8.96 8.96 9.12 8.84 6.91 11.01 10.80 10.80 10.86 10.86 11.01 11.01 16.88 16.88 17.24 9.54 9.54 9.54 16.88 16.88 16.82 17.60 9.92 12.65 20.30 16.79 16.10 9.83 7.60 11.11 15.83 15.99 8.38 8.38 8.74 9.10 8.38 8.38 8.38 9.53
8.22 9.91 3.25 8.94 8.22 8.22 7.12 7.12 7.13 7.13 10.13 9.71 9.71 9.71 9.55 9.55 9.12 17.03 17.03 5.21 8.39 7.10 7.10 7.10 7.34 9.45 9.45 9.45 18.73 18.73 18.73 19.54 18.73 18.73 9.52 9.52 9.37 9.37 9.37 9.37 8.96 9.12 8.96 9.12 9.12 8.96 9.12 8.48 9.26 10.80 10.80 11.26 10.86 10.86 11.01 11.01 16.88 16.88 8.73 11.01 13.06 13.06 13.41 20.33 21.30 21.66 20.69 20.39 18.79 20.30 16.10 9.46 15.83 19.34 15.70 15.63 8.38 8.38 9.46 8.07 8.38 8.38 9.32 9.53
8.58 12.00 7.47 9.30 7.00 7.00 7.00 7.00 7.07 9.42 9.71 9.71 9.69 9.52 9.52 9.52 9.71 18.65 18.65 18.65 8.27 8.72 8.40 7.10 7.64 13.06 13.36 19.07 19.07 19.07 19.07 19.07 19.07 19.07 8.40 10.15 9.48 9.48 9.48 9.48 8.95 8.95 9.41 9.26 9.41 9.26 9.41 8.79 8.79 8.95 10.81 10.81 10.77 10.77 11.01 11.01 16.88 9.90 6.63 6.27 13.06 9.90 10.26 16.46 16.71 12.68 11.25 15.28 17.24 19.61 19.61 15.28 18.27 18.62 18.08 15.63 7.61 8.38 9.81 8.69 7.61 8.38 9.32 9.49
9.27 9.91 9.30 7.83 7.00 7.69 7.00 7.42 7.33 9.42 9.71 9.71 10.36 10.53 10.50 9.52 9.67 19.08 18.36 18.65 18.57 9.13 12.85 12.15 11.15 16.35 22.58 22.58 19.07 19.07 19.89 19.07 19.07 19.07 19.07 9.84 9.84 9.97 9.48 9.48 8.95 8.95 9.41 9.41 10.24 9.41 9.77 10.96 9.66 8.95 8.95 11.27 10.77 10.75 11.01 10.77 10.11 12.77 8.38 8.38 8.38 9.26 9.90 8.90 8.38 10.53 15.99 16.88 16.56 16.40 19.44 12.97 13.00 15.47 14.56 11.48 11.48 11.89 12.25 11.84 10.51 7.00 8.01 9.32
2.03 9.25 6.45 7.34 6.51 6.51 6.51 7.50 7.61 8.73 8.73 9.12 8.68 8.68 8.68 8.68 8.82 16.62 19.58 17.74 17.66 16.70 10.68 6.74 15.37 15.37 15.37 16.42 21.27 17.76 17.72 17.72 17.76 17.76 18.08 7.05 8.59 8.42 8.42 8.89 8.60 8.17 8.17 8.35 8.35 8.35 9.33 8.38 8.38 9.35 8.08 8.35 9.69 9.69 9.72 9.72 9.43 13.66 8.60 8.60 8.22 8.22 8.22 8.67 8.60 7.58 7.58 7.23 14.44 12.72 12.72 13.07 9.66 13.57 7.96 7.60 10.98 6.77 7.60 7.96 7.11 9.93 11.11 8.25
2.03 10.32 7.17 6.98 6.51 7.50 7.75 7.50 8.73 8.73 8.72 8.73 8.73 8.68 8.68 8.68 8.82 16.62 17.74 17.74 17.66 16.70 15.26 15.26 15.37 15.37 15.37 15.37 21.27 22.57 17.76 17.72 17.76 18.49 15.97 17.00 8.42 8.42 8.42 8.42 8.08 8.08 8.35 8.35 8.35 8.35 8.35 11.86 8.35 9.07 8.35 8.35 8.35 9.72 9.72 9.69 9.43 9.79 12.11 8.96 7.58 7.86 8.67 8.60 8.60 8.22 7.23 7.58 11.10 11.45 3.60 3.60 7.49 7.96 7.60 7.60 11.11 11.47 7.60 7.54 7.54 7.98 7.98 10.62
5.90 6.45 7.17 7.64 6.46 6.78 6.78 7.50 8.73 8.73 8.73 8.73 8.67 8.67 8.67 8.67 8.78 8.78 17.74 17.66 16.92 15.81 15.72 15.26 15.37 15.37 15.37 15.37 12.91 21.23 17.76 17.76 17.76 17.72 18.11 17.03 8.59 8.39 8.76 8.39 8.17 8.63 8.35 8.35 8.35 8.35 8.02 8.35 11.53 7.15 8.71 8.35 8.35 8.35 8.35 9.72 9.40 9.28 10.74 8.60 8.60 8.60 8.67 7.23 8.66 10.02 8.66 11.73 12.09 3.60 9.38 8.30 7.13 6.75 7.60 7.60 7.96 7.43 7.96 7.54 7.54 7.60 7.60 6.75
4.40 7.80 7.80 6.56 6.46 6.46 6.75 8.61 8.73 8.73 8.73 7.61 6.55 8.67 8.67 8.67 8.78 8.78 16.59 15.19 15.26 15.26 15.26 15.26 15.37 15.37 15.37 15.37 17.72 21.23 17.76 17.76 17.76 18.08 16.33 16.54 8.78 8.39 8.59 8.42 8.05 8.35 9.10 8.35 8.02 8.02 8.02 8.02 11.86 8.71 8.71 8.71 8.35 8.35 8.35 8.35 9.28 9.64 7.23 7.23 7.23 8.60 9.03 7.94 3.60 9.74 12.81 12.21 11.81 13.19 8.60 7.86 8.73 7.23 7.60 7.60 7.60 8.32 6.77 6.75 7.11 7.60 7.60 7.54
1.67 7.80 7.80 6.56 7.19 7.75 7.75 8.60 8.73 8.73 6.49 6.49 6.55 6.55 6.55 8.67 8.78 7.38 6.64 16.64 15.26 15.26 15.26 15.26 15.37 15.37 15.37 15.37 17.72 21.23 16.76 17.48 16.76 16.76 15.97 15.97 8.42 8.39 8.39 8.59 8.35 9.20 8.05 8.05 8.02 8.02 8.02 8.02 11.56 8.02 9.07 8.53 8.35 8.35 8.35 8.35 8.02 8.15 8.96 7.23 10.74 12.18 12.54 7.94 8.66 6.40 6.04 3.60 12.40 8.60 11.73 8.67 6.42 7.13 7.13 7.92 8.63 7.96 7.60 7.96 7.89 7.60 7.60 7.60
6.95 7.30 7.80 7.50 6.46 7.50 8.90 7.50 8.72 7.86 6.49 6.49 6.55 6.55 6.55 6.55 6.64 6.64 6.64 6.68 15.26 15.26 15.26 15.26 15.37 15.37 15.37 15.37 15.37 21.23 16.76 15.28 16.76 17.12 18.08 8.59 8.39 8.87 8.59 8.42 8.35 8.35 8.05 8.05 8.02 8.02 8.02 8.02 8.05 11.86 8.35 8.17 8.35 8.71 8.71 8.35 7.84 6.81 8.60 8.60 8.60 10.74 10.74 11.45 11.45 7.11 3.60 3.60 10.17 9.73 9.32 8.67 6.75 7.11 7.79 7.11 8.32 7.96 7.60 7.60 7.60 7.60 7.60 6.42
7.66 6.09 8.15 7.44 6.44 6.44 6.44 7.75 6.51 6.51 6.51 6.51 7.86 7.99 6.57 6.57 6.61 6.61 7.61 7.68 15.86 15.26 15.26 15.26 15.37 15.37 15.37 15.37 15.72 23.11 15.97 16.33 17.43 17.39 16.33 8.95 8.84 8.59 8.59 8.59 8.35 8.03 8.03 8.03 8.01 8.01 8.01 8.01 8.05 11.86 8.35 8.17 9.10 8.71 8.71 8.35 8.03 7.41 7.41 8.96 8.96 8.96 7.58 6.75 8.66 3.60 7.94 7.94 8.96 8.60 8.60 8.60 7.54 7.54 7.54 7.96 7.60 7.60 7.60 7.60 7.60 7.60 7.60 7.60
6.09 6.45 6.45 5.74 6.44 6.44 6.44 6.44 4.39 6.51 6.51 16.47 17.74 15.80 6.29 6.93 7.97 6.61 6.65 7.71 17.64 15.26 15.26 15.26 15.37 15.83 15.37 15.37 13.27 21.59 21.59 16.69 18.11 18.11 18.80 8.59 8.59 8.59 8.59 8.59 8.35 8.03 8.35 8.39 8.37 8.01 8.35 8.35 8.76 11.86 8.35 8.35 8.71 6.51 8.35 7.07 6.81 6.81 6.81 7.17 9.26 8.20 11.71 8.66 8.66 7.86 8.60 7.86 8.60 8.60 8.60 8.67 7.54 7.54 7.60 7.60 7.60 7.60 7.54 7.54 7.54 7.60 7.60 6.77
7.66 8.38 6.81 6.45 7.12 6.44 6.44 6.44 4.39 6.51 16.47 17.22 17.74 18.10 17.74 17.38 15.80 17.86 18.00 16.94 18.00 17.64 18.00 15.26 13.25 13.27 17.72 17.72 17.76 17.72 19.84 16.33 17.13 17.41 8.48 8.59 9.36 8.59 8.59 8.59 8.03 8.35 8.35 8.35 8.01 8.35 8.17 8.71 9.07 11.86 8.35 8.35 8.71 8.02 7.66 9.05 6.81 6.81 7.11 6.81 7.61 7.84 5.75 3.32 8.60 9.70 8.60 8.60 9.20 8.60 8.60 8.67 7.54 7.60 7.60 7.60 7.60 7.60 7.11 7.96 7.54 7.60 7.60 7.60
7.80 8.87 6.09 2.33 6.09 6.44 6.44 6.80 6.87 6.51 16.47 16.47 16.53 16.53 17.42 12.68 17.36 18.58 16.94 12.45 17.64 16.94 17.23 6.26 2.88 16.69 18.08 18.08 16.69 18.44 6.75 7.45 7.45 13.20 9.26 8.59 8.59 8.59 8.59 8.59 8.03 8.03 8.03 8.03 8.35 8.35 8.35 8.35 8.35 12.22 10.02 6.44 9.31 6.51 8.43 11.58 8.90 5.39 7.11 6.81 7.26 5.63 11.71 11.71 8.96 8.60 8.60 8.60 8.60 8.60 8.60 8.67 7.89 7.54 7.60 7.60 7.60 7.60 7.47 8.32 7.60 7.60 7.60 7.60
8.66 6.08 7.65 5.36 9.75 6.80 7.22 6.19 20.72 16.49 16.85 16.49 16.89 16.89 12.68 16.91 20.02 22.24 20.93 20.09 16.32 10.49 10.38 10.13 11.32 11.24 10.74 6.03 6.03 10.60 6.75 8.17 9.72 4.31 9.58 8.86 8.59 8.59 8.32 8.32 8.06 8.17 8.06 8.35 8.35 8.35 8.35 7.66 8.35 8.17 12.04 11.17 8.04 8.40 8.76 8.71 8.02 8.90 6.81 7.26 7.26 5.63 11.13 12.77 11.10 8.96 8.60 7.86 8.60 8.60 8.60 9.73 7.96 7.60 7.60 7.60 7.60 7.54 7.54 7.60 7.60 7.60 7.60 7.60
6.44 8.00 8.14 7.43 6.97 7.13 5.92 17.26 17.38 20.89 17.06 16.85 20.38 10.41 10.77 3.43 11.28 11.63 7.34 7.70 7.34 7.33 7.33 7.33 9.56 10.59 3.60 2.95 7.08 6.03 7.47 7.83 11.68 4.31 9.31 8.59 8.83 8.32 8.32 8.32 8.06 8.17 8.35 8.35 8.17 8.35 8.35 7.66 8.35 8.35 8.35 10.15 11.86 12.73 8.73 8.35 8.02 10.87 8.90 6.81 7.26 5.63 9.15 7.27 12.18 7.58 8.53 7.58 7.23 8.60 8.60 8.67 7.60 7.60 7.96 7.54 7.54 7.54 7.54 7.60 7.60 7.60 7.60 7.60
6.44 8.00 8.14 7.79 7.43 7.50 5.47 17.26 17.92 18.13 20.18 11.77 10.41 3.07 7.62 7.44 2.36 6.72 9.39 8.40 8.40 8.40 7.33 6.26 7.09 7.79 3.24 8.15 7.08 7.45 5.03 8.88 3.96 11.68 3.60 6.73 7.80 7.80 7.80 9.37 8.06 8.17 8.17 8.17 8.35 8.35 9.35 8.35 9.07 9.07 9.07 8.35 8.04 8.04 12.22 12.22 12.24 11.89 11.53 8.90 8.90 9.50 9.61 7.26 7.63 12.09 8.66 7.94 8.60 7.23 8.60 8.67 7.96 7.96 8.32 7.54 7.54 7.54 7.60 7.81 7.24 7.95 7.81 8.17
10.31 9.59 7.33 5.72 8.14 9.32 5.72 7.29 17.02 17.62 11.85 7.26 7.62 3.79 7.26 7.44 7.05 6.97 6.99 6.99 8.04 8.74 7.33 8.04 6.37 8.89 7.09 7.43 7.79 3.60 3.24 7.70 8.52 8.51 10.24 8.48 8.12 7.77 7.80 7.80 6.46 8.06 8.17 8.17 8.00 9.07 6.79 8.38 6.87 9.07 8.74 8.67 8.04 8.04 8.40 8.40 9.74 9.09 8.73 8.37 7.60 9.50 9.15 7.26 6.63 10.84 8.96 8.96 8.96 8.60 8.60 8.60 7.13 7.49 7.96 7.60 7.60 7.54 7.81 7.81 8.17 7.24 6.88 11.32
3.40 3.04 10.46 9.95 12.08 7.29 1.97 11.16 10.15 10.58 8.62 8.49 8.16 7.90 8.74 7.78 7.05 6.97 6.61 8.03 8.04 7.33 8.73 7.68 7.80 7.77 6.37 6.73 8.48 7.09 8.15 7.79 8.12 11.99 6.39 7.70 7.79 8.16 9.18 7.77 7.56 6.87 8.12 8.35 7.99 8.35 5.68 5.32 8.35 8.35 7.95 7.95 8.35 8.35 8.39 9.05 8.02 7.71 7.76 7.76 7.40 5.56 6.09 6.58 6.94 7.61 7.89 8.60 8.22 8.96 8.60 8.60 7.60 8.32 7.54 8.17 7.24 7.60 7.81 8.08 7.24 7.24 10.39 10.39
7.29 6.52 8.00 6.44 9.95 9.59 10.31 6.78 6.23 7.05 7.54 8.49 2.72 6.18 7.90 7.54 4.31 6.61 6.85 7.33 6.26 6.26 8.04 7.68 7.80 7.80 7.77 7.77 8.37 7.79 7.79 8.12 8.48 11.64 6.73 6.73 7.77 7.77 7.77 7.77 7.54 7.54 6.51 8.12 7.99 7.47 5.32 5.32 8.35 7.95 7.95 7.95 8.03 8.03 8.03 8.03 7.71 5.97 9.09 8.37 6.93 9.50 7.26 7.26 6.58 6.58 7.65 7.26 8.60 8.60 8.60 8.67 7.81 7.59 7.59 8.17 11.11 7.79 7.24 6.88 10.75 10.39 6.88 6.75
6.69 7.04 7.40 8.16 5.52 10.82 7.35 9.75 6.76 6.40 9.14 10.42 6.91 5.92 7.44 7.08 6.91 6.83 5.97 5.97 5.98 6.83 6.84 6.84 6.95 6.95 6.95 6.95 6.95 7.67 8.03 6.38 6.38 10.46 6.95 7.61 5.30 7.31 6.95 6.95 6.87 6.88 7.62 7.49 7.37 7.37 7.37 7.37 7.33 7.33 7.84 7.33 7.40 7.40 6.39 6.39 7.03 7.03 5.69 2.32 8.90 6.54 6.90 5.39 5.75 6.20 5.84 5.84 5.66 7.73 7.73 7.73 7.21 7.36 7.21 7.21 10.85 9.77 11.08 10.13 6.26 6.26 6.17 6.17
6.87 6.59 10.38 8.68 9.39 7.23 7.05 6.60 7.00 7.12 6.99 6.63 9.78 9.08 6.72 7.08 6.83 6.83 6.84 6.84 5.98 5.98 6.84 6.83 6.95 6.95 6.95 6.95 6.95 6.95 6.95 7.67 6.02 10.45 6.70 7.31 7.31 1.95 6.95 6.95 6.88 6.87 7.62 7.49 7.86 6.39 7.37 7.37 7.33 7.33 7.33 7.33 7.40 7.40 7.40 6.39 7.46 7.03 7.25 2.32 5.02 5.03 6.54 6.90 7.88 6.90 6.54 6.90 6.02 6.38 8.09 8.09 6.96 7.21 7.57 10.13 6.97 10.84 11.80 7.34 6.62 6.17 6.17 6.17
7.23 9.03 8.68 7.76 7.04 7.04 7.40 7.23 8.52 9.79 7.80 7.08 6.91 2.89 10.42 8.36 6.84 6.83 6.84 8.13 5.96 5.96 5.96 6.84 6.95 6.95 6.95 6.95 6.95 6.95 6.95 6.95 6.95 10.45 7.31 6.95 6.95 6.95 6.95 6.95 6.88 6.88 6.88 7.47 7.36 7.62 7.36 7.36 7.33 7.33 7.33 7.33 7.43 7.43 7.43 7.43 7.01 7.22 5.69 1.96 8.54 6.54 6.54 6.54 6.54 6.54 6.54 6.54 6.00 5.65 6.38 8.09 7.21 7.57 10.73 7.32 6.96 7.93 11.14 10.40 6.89 6.17 6.17 6.17
8.68 10.02 5.88 6.60 5.52 6.87 7.40 5.52 6.72 9.08 7.08 6.72 6.72 7.62 6.91 6.19 9.07 10.71 7.20 7.20 6.84 6.84 7.61 6.84 6.95 6.95 6.95 6.95 6.95 6.95 6.95 7.31 9.73 6.02 7.67 6.95 6.95 7.61 7.61 6.95 6.88 6.88 6.88 7.00 7.36 7.36 7.36 7.36 7.33 7.33 7.33 7.33 7.43 7.43 7.86 7.43 7.01 7.44 6.53 5.33 8.54 6.54 6.54 5.39 6.90 6.54 6.54 5.87 5.65 5.65 5.65 6.90 7.57 7.93 10.84 6.97 7.21 6.20 7.12 10.99 6.89 6.89 6.53 6.17
2.76 9.39 7.59 6.96 5.88 6.51 6.69 7.04 7.08 6.20 10.23 6.72 6.72 7.08 5.21 7.27 3.00 3.00 10.15 5.86 6.46 6.46 7.90 7.20 7.31 6.02 6.94 6.95 6.95 6.95 7.67 6.02 9.17 7.31 7.31 6.95 6.95 6.95 7.55 6.95 6.88 6.88 6.88 3.69 3.69 7.36 7.36 7.36 7.33 7.33 7.33 7.33 7.43 7.43 7.43 7.43 7.01 7.01 5.33 6.53 5.02 6.90 7.26 2.58 5.75 5.84 5.84 5.84 5.65 6.53 6.53 6.54 6.49 5.46 10.48 6.97 7.93 6.53 6.41 10.63 10.40 2.89 2.53 6.17
4.67 10.47 6.24 8.31 7.04 6.69 6.69 6.69 7.44 6.55 8.36 5.21 7.08 4.85 6.91 6.91 7.56 6.64 4.43 6.51 10.33 5.20 3.14 7.00 7.31 7.66 6.70 6.95 6.95 5.58 6.58 5.66 9.17 7.31 7.67 7.31 6.95 5.30 6.58 7.60 6.88 6.88 6.88 3.69 3.69 3.69 3.69 4.77 4.77 7.33 7.33 7.33 7.62 7.62 7.43 7.43 7.01 7.01 7.01 7.01 8.54 6.88 6.90 5.39 5.03 5.03 5.84 6.54 5.84 5.03 6.54 6.54 5.72 5.72 8.62 6.62 6.98 6.26 6.56 7.12 10.37 9.56 6.05 6.17
8.18 7.32 11.10 6.87 6.15 6.69 6.69 6.69 7.08 7.08 6.72 4.85 6.55 6.72 6.91 6.84 7.56 8.25 7.36 8.43 4.43 10.15 9.07 5.86 7.67 7.42 8.33 6.95 6.95 6.95 6.95 5.30 9.53 6.38 7.31 7.31 6.95 7.31 6.58 6.34 7.60 5.60 6.88 4.67 3.69 3.69 3.69 3.69 4.77 7.36 7.36 7.36 7.62 7.38 8.00 7.42 6.97 7.55 6.97 6.97 9.12 5.47 6.54 6.54 6.54 6.54 6.20 6.20 5.84 5.64 6.00 6.88 5.77 5.77 9.28 5.77 6.26 6.26 6.26 7.93 7.12 9.92 7.07 6.17
6.75 9.39 10.91 6.51 5.52 6.69 6.69 6.69 6.72 7.08 7.98 7.52 5.68 7.08 7.08 6.46 7.56 8.07 7.56 7.91 7.00 8.79 8.07 9.07 9.89 5.98 6.70 8.03 7.67 5.66 7.31 6.95 10.57 6.74 7.31 6.95 6.58 7.30 6.95 7.97 6.88 7.23 6.87 6.87 6.88 3.69 3.69 3.69 3.69 7.36 7.36 7.36 7.38 7.38 8.16 7.38 6.97 6.97 6.97 5.61 8.54 1.51 6.54 6.54 6.54 6.54 6.90 6.88 5.84 6.54 5.39 6.20 5.77 6.13 9.64 5.77 5.77 7.21 6.20 6.56 6.91 6.76 9.92 7.07
11.27 5.52 6.51 9.67 6.87 7.04 7.04 6.69 6.72 7.44 5.57 4.85 7.08 7.08 7.27 5.56 5.86 7.56 6.84 6.84 6.84 8.27 7.56 6.22 7.06 9.53 6.02 5.80 5.66 7.10 6.02 6.02 10.61 9.53 6.38 7.67 7.30 6.94 7.67 7.31 6.87 6.87 6.88 6.87 6.87 6.88 3.69 5.94 5.91 7.36 7.36 7.36 7.38 7.38 7.62 7.38 6.97 6.97 7.22 6.90 8.54 5.84 6.54 6.54 5.75 7.26 6.54 6.54 6.54 6.54 6.54 6.54 5.77 6.49 9.25 6.13 4.69 1.30 1.86 6.56 7.93 10.93 9.56 10.58
7.40 7.76 6.87 6.03 10.91 6.69 7.04 7.40 7.44 7.08 7.44 5.57 5.57 7.44 7.08 6.82 7.18 6.46 5.92 7.56 7.20 6.84 6.84 6.84 8.03 7.06 8.82 9.17 6.94 2.67 6.94 3.74 5.54 6.18 11.84 7.31 6.58 6.58 6.38 7.30 6.87 6.88 6.88 6.88 6.87 6.88 6.88 6.88 6.88 6.88 7.62 7.36 7.38 7.38 7.38 7.38 4.55 4.55 6.88 5.97 10.05 5.84 6.54 7.26 6.92 6.56 6.20 6.54 6.54 6.90 6.90 6.54 9.28 5.41 9.28 5.18 5.54 5.05 2.38 7.57 10.07 9.92 6.17 6.05
7.04 7.04 7.40 2.88 8.68 10.20 10.55 9.03 9.79 7.44 6.72 6.91 7.44 7.27 5.57 6.28 6.46 6.46 6.82 8.63 5.92 6.84 6.84 6.84 6.95 6.38 6.02 3.03 10.25 10.09 10.45 10.93 10.61 6.18 9.17 11.80 6.38 5.66 7.31 6.95 6.87 6.87 6.88 6.88 6.87 6.88 6.88 6.88 6.88 6.88 6.88 6.88 5.91 7.36 7.36 7.36 7.03 6.53 6.53 5.59 10.05 6.54 6.90 7.62 6.90 6.54 6.54 6.54 5.39 7.26 6.90 6.54 9.64 9.97 9.61 5.05 4.69 6.13 3.45 5.53 5.37 6.20 6.15 6.15
6.69 6.69 6.69 5.17 8.32 10.02 6.87 7.04 7.44 7.08 6.91 6.55 6.91 6.91 7.18 7.20 6.64 6.28 6.64 9.15 7.56 6.83 7.18 6.82 7.31 6.95 7.67 6.74 7.46 10.61 6.69 6.02 6.58 6.02 6.02 9.89 5.46 7.67 6.95 6.95 6.88 5.25 5.60 7.23 6.87 6.88 6.15 6.15 6.88 7.89 7.24 6.88 6.88 6.32 7.36 7.36 6.53 6.53 6.54 6.54 8.54 6.54 6.54 7.26 7.27 7.26 6.54 6.54 5.69 5.39 5.39 6.56 2.73 2.02 7.84 6.10 8.92 9.25 8.92 1.30 4.69 6.91 6.50 6.17
7.04 6.69 7.04 6.69 4.81 4.95 6.15 6.69 6.72 7.08 6.28 5.92 2.17 7.08 6.84 5.92 7.36 7.00 7.00 7.56 7.41 6.83 6.83 7.56 7.31 7.31 7.06 8.03 7.31 9.17 7.31 7.31 7.67 6.02 7.67 8.03 6.38 9.17 5.91 7.67 6.88 6.15 6.51 6.15 6.87 6.88 6.51 6.51 5.91 7.24 6.51 8.27 7.84 6.88 7.36 6.32 6.54 6.53 6.54 6.54 8.54 6.54 6.54 6.90 7.62 6.90 6.54 6.90 6.90 6.90 6.90 6.90 5.41 2.38 8.20 9.25 8.56 4.75 4.13 2.02 2.73 5.40 6.76 7.12
7.04 5.17 7.40 6.87 4.81 1.44 10.02 6.51 6.72 7.08 5.57 7.00 6.64 7.27 6.84 6.84 6.28 6.28 6.23 7.20 6.84 6.84 6.10 6.84 7.31 6.02 6.38 8.03 9.17 6.95 7.31 6.95 7.31 7.31 6.95 6.95 7.31 7.66 10.81 5.46 9.42 9.66 6.88 7.24 7.24 6.88 7.24 7.60 6.87 7.24 7.24 6.29 5.91 6.88 6.27 6.87 6.54 6.53 6.54 5.84 9.35 6.53 5.84 6.54 6.54 6.54 6.54 6.54 6.54 7.62 6.92 6.54 5.38 9.25 8.20 5.41 5.05 4.68 4.13 6.13 5.57 5.57 4.85 7.12
