New_Model_Runs/10_Future_Present_Scn3_out/post_prcessed_with_MFR/Monthly_summaries/net_infiltration_monthly_JUL.asc
NCOLS 700
NROWS 400
XLLCENTER 515000.000000
YLLCENTER 8409000.000000
CELLSIZE 50.000000
NODATA_value -999.000000
[rows 190 to 227 of 400, columns 252 to 335 of 700]
8.37 8.37 8.37 8.37 8.53 8.53 9.15 8.53 8.49 8.49 8.49 8.49 8.79 8.79 8.79 8.79 8.72 8.72 8.72 8.87 8.63 9.02 8.63 8.63 8.80 8.66 8.66 8.66 8.39 8.39 8.39 8.39 8.50 8.50 8.50 8.50 9.21 9.21 9.21 9.21 9.24 9.24 9.24 9.24 9.15 9.15 9.15 9.15 8.93 8.93 8.93 10.70 10.96 10.96 10.96 10.96 9.17 9.17 9.17 9.17 9.29 9.29 9.29 10.38 10.46 10.46 9.36 9.36 9.80 9.80 9.80 9.80 9.79 9.79 9.79 9.79 9.75 9.75 9.75 9.75 9.69 9.69 10.20 10.20
8.37 8.37 8.37 8.93 8.53 8.53 8.53 8.53 8.49 8.49 8.49 8.49 8.79 8.79 8.79 8.79 8.86 8.72 8.72 8.72 8.63 8.63 8.76 8.63 8.66 8.66 8.66 8.80 8.39 8.39 8.39 8.92 8.50 8.50 8.50 8.50 9.04 9.04 9.21 9.21 9.24 9.24 9.24 9.24 9.15 9.15 9.15 9.15 8.93 8.93 10.70 10.70 10.96 10.96 10.96 9.10 9.17 9.17 9.17 10.24 10.35 10.39 9.29 9.29 10.45 9.36 9.36 9.36 9.80 9.80 9.80 9.80 9.79 9.79 9.79 9.79 9.75 9.75 9.75 10.91 9.69 9.69 9.69 9.69
8.34 8.34 8.34 8.34 8.79 9.36 8.79 8.79 8.81 8.67 8.67 8.67 8.56 8.56 8.56 8.56 8.61 9.22 8.61 8.61 8.62 8.62 8.62 8.62 8.68 8.68 8.68 8.68 8.70 8.70 8.70 8.70 8.33 8.33 8.33 8.33 8.84 8.84 8.84 9.02 9.02 9.02 9.02 9.02 8.90 8.90 8.90 8.90 8.79 10.51 10.51 10.51 11.02 11.02 11.02 9.14 9.24 9.24 9.24 10.32 9.32 9.32 9.32 9.32 9.40 10.52 9.40 9.40 9.84 9.84 9.84 9.84 9.87 9.87 9.87 9.87 9.89 9.89 9.89 9.89 10.93 9.79 9.79 9.79
8.34 8.34 8.34 8.34 8.79 9.26 8.79 8.79 8.67 8.67 8.67 8.67 8.56 8.56 8.56 8.56 8.61 8.61 8.61 8.61 8.62 8.62 8.62 8.62 8.68 8.68 8.68 8.68 8.70 8.70 8.70 8.83 8.33 8.33 8.33 8.33 8.84 8.84 8.84 8.84 8.83 9.02 9.02 9.02 8.90 8.90 10.67 10.67 8.79 10.51 10.51 10.51 11.02 11.02 11.02 9.14 9.24 9.24 11.04 9.24 9.32 9.32 9.32 9.32 9.40 9.40 9.40 9.40 9.84 9.84 9.84 9.84 9.87 9.87 9.87 9.87 9.89 9.89 9.89 9.89 9.79 9.79 9.79 9.79
8.40 8.40 8.40 8.40 8.50 9.11 8.50 8.50 8.78 8.78 8.92 8.78 8.68 8.68 8.81 8.68 8.73 8.73 8.73 8.73 8.62 8.62 8.62 8.62 8.68 8.68 8.68 8.68 8.70 8.70 8.70 8.70 8.73 8.73 8.73 8.73 8.45 8.45 8.45 8.45 8.45 8.45 8.64 8.64 8.53 10.16 10.16 10.16 10.01 10.01 10.01 10.01 10.44 10.44 10.44 8.90 8.86 9.85 8.86 8.86 8.94 8.94 8.94 8.94 10.02 9.02 9.02 9.02 8.68 8.68 9.64 8.68 8.70 8.70 8.70 8.70 8.72 9.62 8.72 8.72 8.64 8.64 9.89 8.64
8.40 8.40 8.40 8.40 8.50 8.50 9.03 8.50 8.78 8.78 8.78 8.78 8.68 8.68 8.68 8.68 8.73 8.73 8.73 8.73 8.62 8.62 8.62 8.62 8.68 8.68 8.68 8.68 8.70 8.70 8.70 8.70 8.73 8.73 8.73 8.73 8.45 8.45 8.45 8.45 8.45 8.45 8.45 8.64 10.16 10.16 10.16 8.53 8.42 10.01 10.01 8.42 8.77 10.44 10.44 10.44 8.86 8.86 9.96 8.86 8.94 8.94 8.94 8.94 9.02 9.02 9.02 10.04 8.68 8.68 8.68 9.64 8.70 8.70 8.70 8.70 8.72 8.72 10.54 8.72 8.64 9.59 8.64 8.64
9.01 9.01 9.01 8.39 8.76 8.76 8.76 8.76 8.64 8.64 9.27 8.64 8.77 8.77 8.77 8.77 8.54 8.54 8.54 8.54 8.78 8.78 8.78 8.78 8.78 8.78 8.78 8.78 8.79 8.79 8.79 8.79 8.80 8.80 8.80 8.80 8.43 8.43 8.43 8.43 8.74 8.74 8.74 8.74 8.67 8.47 8.47 8.47 8.44 8.44 8.44 8.44 10.52 10.52 10.52 10.52 8.89 10.08 8.89 8.89 8.95 8.95 8.95 8.95 9.03 9.03 9.03 9.03 8.70 8.70 8.70 8.70 9.74 8.78 8.78 8.78 8.79 8.79 8.79 8.79 8.65 8.65 8.65 8.65
8.39 8.39 8.39 8.92 8.76 8.76 8.76 8.76 8.64 8.64 8.64 8.64 8.77 8.77 8.77 8.77 8.54 8.54 8.54 8.54 8.78 8.78 8.78 8.78 8.78 8.78 8.78 8.78 8.79 8.79 8.79 8.79 8.80 8.80 8.80 8.80 8.43 8.43 8.43 8.43 8.74 8.74 8.74 8.74 8.67 8.67 8.47 8.47 8.44 8.44 8.44 8.44 10.52 10.52 10.52 10.52 9.24 9.24 8.89 8.89 8.95 8.95 8.95 8.95 9.03 9.03 9.03 9.03 8.70 8.70 8.70 8.70 8.78 8.78 8.78 8.78 8.79 8.79 8.79 8.79 8.65 8.65 8.65 8.65
8.39 8.39 8.39 8.92 8.76 8.76 8.76 8.76 8.64 8.64 8.64 8.64 8.77 8.77 8.77 8.77 8.54 8.54 8.54 8.54 8.78 8.78 8.78 8.78 8.78 8.78 8.78 8.78 8.79 8.79 8.79 8.79 8.80 8.80 8.80 8.80 8.43 8.43 8.43 8.43 8.74 8.74 8.74 8.74 8.67 8.67 8.67 8.67 8.44 8.44 8.44 8.44 10.52 10.52 8.83 10.52 10.61 10.61 8.89 8.89 8.95 8.95 8.95 8.95 9.03 9.03 9.03 9.03 8.70 8.70 8.70 8.70 8.78 8.78 8.78 8.78 8.79 8.79 9.77 9.74 8.65 8.65 8.65 9.40
8.39 8.39 8.39 8.39 8.76 8.76 8.76 8.76 9.27 8.64 8.64 8.64 8.77 8.77 8.77 8.77 8.54 8.54 8.54 8.54 8.78 8.78 8.78 8.78 8.78 8.78 8.78 8.78 8.79 8.79 8.79 8.79 8.80 8.80 8.80 8.80 8.43 8.43 8.43 8.43 8.74 8.74 8.74 8.74 8.67 8.67 8.67 8.67 8.64 8.44 8.44 8.44 8.83 8.83 8.83 8.83 8.89 8.89 8.89 8.89 8.95 8.95 8.95 8.95 9.03 9.03 9.03 9.03 9.75 9.67 9.67 9.67 8.78 8.78 8.78 8.78 8.79 9.77 8.79 8.79 8.65 8.65 8.65 8.65
8.34 8.34 8.34 8.34 8.67 8.67 8.67 8.67 9.31 8.72 8.72 8.72 8.58 8.58 8.58 8.58 8.72 8.72 8.72 8.72 8.51 8.51 8.51 8.51 8.49 8.49 8.49 8.49 8.53 8.53 8.53 8.53 8.54 8.54 8.54 8.54 8.51 8.51 8.51 8.51 8.38 8.38 8.99 8.38 8.68 8.68 8.81 8.68 8.66 8.66 8.66 8.47 8.92 8.92 8.92 8.92 8.97 8.97 8.97 8.97 8.98 8.98 8.98 8.98 9.02 9.02 9.02 9.02 10.20 8.71 8.71 8.71 8.78 8.78 8.78 8.78 9.75 8.77 8.77 8.77 8.61 8.61 8.61 9.69
8.34 8.34 8.34 8.34 8.67 8.81 8.81 8.67 8.72 8.72 8.72 8.72 8.58 8.58 8.58 8.58 8.72 8.72 8.72 8.72 8.51 8.51 8.51 8.51 8.49 8.49 8.49 8.49 8.53 8.53 8.53 8.53 8.54 8.54 8.54 8.54 8.51 8.51 9.13 8.51 8.99 8.99 8.38 8.38 8.68 8.68 8.68 8.68 8.66 8.66 9.88 8.66 8.92 8.92 8.92 8.92 8.97 8.97 8.97 8.97 8.98 8.98 8.98 8.98 9.02 9.02 9.02 10.05 8.71 8.71 8.71 8.71 8.78 8.78 8.78 8.78 8.77 8.77 8.77 9.75 10.40 9.96 9.56 9.35
8.34 8.34 8.34 8.34 8.67 8.67 8.67 8.67 8.72 8.72 8.72 8.72 8.58 8.58 8.58 8.58 8.72 8.72 8.72 9.99 8.51 8.51 8.51 8.51 8.49 8.49 8.49 8.49 8.53 8.53 8.53 8.53 8.54 8.54 8.54 9.16 8.51 8.51 8.51 8.51 8.38 8.38 8.38 8.38 8.68 8.68 8.68 8.68 8.66 8.66 9.88 8.66 8.71 8.92 8.92 8.92 8.97 8.97 8.97 8.97 8.98 8.98 8.98 8.98 9.02 9.02 9.02 9.02 8.71 8.71 8.71 8.71 8.78 8.78 8.78 8.78 8.77 9.75 8.77 8.77 8.61 8.61 9.56 8.61
8.34 8.96 8.96 8.86 8.67 8.67 8.67 8.67 8.72 8.72 8.72 8.72 8.58 9.22 8.58 8.58 8.72 8.72 8.72 9.99 10.87 8.51 8.51 8.51 8.49 8.49 8.49 8.49 8.53 8.53 8.53 8.53 8.54 9.76 8.54 8.54 8.51 8.51 8.51 8.51 8.38 8.38 8.38 8.38 8.81 8.68 8.68 8.68 8.66 8.66 8.66 8.66 8.71 8.71 8.71 8.92 8.97 8.97 9.99 8.97 8.98 8.98 8.98 8.98 9.02 9.02 9.02 9.02 8.71 8.71 8.71 8.71 8.78 8.78 8.78 10.62 8.77 8.77 9.75 8.77 8.61 8.61 8.61 8.61
8.31 8.31 8.31 8.31 8.65 8.65 8.65 8.65 8.40 8.40 8.40 8.40 8.66 8.66 8.66 8.66 8.77 8.77 8.77 10.05 9.81 8.58 9.20 8.58 8.58 8.58 8.58 8.58 8.59 8.59 8.59 9.82 9.74 8.71 8.52 8.52 8.47 8.47 8.47 8.47 8.36 8.36 8.36 8.36 8.80 8.67 8.67 8.67 8.73 8.73 8.73 8.73 8.76 8.76 8.76 8.76 9.02 9.02 9.02 9.02 9.06 9.06 9.06 9.06 9.09 9.09 9.09 9.09 8.74 8.74 8.74 8.74 8.79 8.79 8.79 9.77 8.73 8.73 8.73 8.73 8.57 8.57 8.57 8.57
4.90 8.31 8.31 8.31 8.65 8.65 8.65 8.65 9.01 8.40 8.40 8.40 8.66 8.66 8.66 8.66 8.77 8.77 10.05 10.05 10.25 8.58 8.58 8.58 8.58 8.58 9.81 8.58 8.59 8.59 9.82 9.82 10.15 8.52 8.52 8.52 8.47 8.47 8.47 8.47 8.36 8.36 8.36 8.36 8.67 8.67 8.67 8.67 8.73 8.73 8.73 8.73 8.76 8.76 8.76 8.76 8.82 8.82 9.02 9.02 9.06 9.06 9.06 9.06 9.09 9.09 9.09 9.09 8.74 8.74 8.74 8.74 8.79 8.79 8.79 8.79 8.73 8.73 8.73 8.73 8.57 8.57 8.57 8.57
4.90 8.31 8.31 8.31 8.65 8.65 8.65 8.65 8.40 8.40 8.40 8.40 8.66 8.66 8.66 8.66 8.77 8.77 10.05 10.05 9.81 8.58 8.58 8.58 8.58 9.81 9.81 9.81 9.82 9.82 9.82 9.82 8.52 8.52 9.14 8.52 8.47 8.47 9.08 8.47 8.36 8.36 8.96 8.36 8.67 8.67 8.67 8.67 8.73 8.73 8.73 8.73 8.76 8.76 8.76 8.76 8.82 10.24 8.82 9.02 9.06 9.06 9.06 9.06 9.09 9.09 9.09 9.09 8.74 8.74 8.74 8.74 8.79 8.79 8.79 8.79 8.73 8.73 8.73 8.73 8.57 8.57 8.57 8.57
4.90 8.31 8.31 8.31 8.65 8.65 8.65 8.65 8.40 8.40 8.40 8.40 8.66 8.66 8.66 8.66 8.77 8.77 10.05 10.05 9.81 9.81 8.58 8.58 8.58 9.81 9.81 9.81 9.82 9.82 10.24 8.59 8.52 8.52 8.52 8.52 8.47 8.47 8.47 8.47 8.36 8.36 8.96 8.88 8.67 8.67 8.67 8.67 8.73 8.73 8.73 8.73 8.76 8.76 8.76 8.76 8.82 8.82 8.82 8.82 8.86 9.06 9.06 9.06 9.09 9.09 9.09 9.09 8.74 8.74 8.74 8.74 8.79 8.79 8.79 10.13 8.73 8.73 8.73 8.73 8.57 10.34 8.57 8.57
4.87 4.87 8.64 8.64 8.66 8.66 8.66 8.66 8.54 8.54 8.54 8.54 8.72 8.72 8.72 8.72 8.79 8.79 10.07 10.07 9.85 9.85 8.61 8.61 9.85 9.85 15.80 9.85 9.74 11.45 9.14 8.52 8.79 8.79 8.79 8.79 8.42 8.42 8.42 8.42 8.73 8.73 8.73 8.73 8.70 8.70 8.70 8.70 8.39 8.39 8.39 8.39 8.77 8.77 8.77 8.77 8.86 8.86 8.86 8.86 8.92 8.92 9.12 9.12 9.16 9.16 9.16 9.16 8.81 8.81 8.81 8.81 8.83 8.83 10.65 9.77 8.73 10.14 10.14 8.73 8.61 8.61 8.61 8.61
4.87 5.96 8.64 8.64 8.66 8.66 8.66 8.66 8.54 8.54 8.54 8.54 8.72 8.72 8.72 8.72 8.79 8.79 10.07 10.07 9.85 9.85 9.85 9.85 9.85 15.80 16.43 9.85 9.74 8.52 8.52 9.01 8.79 8.79 8.79 8.79 8.42 8.42 8.42 8.42 8.73 8.73 8.73 8.73 8.70 8.70 8.70 8.70 8.39 8.39 8.39 8.39 8.77 8.77 8.77 8.77 8.86 8.86 8.86 8.86 8.92 8.92 8.92 8.92 9.16 9.16 9.16 9.16 8.81 8.81 9.18 10.99 11.02 9.32 10.65 9.82 10.14 10.14 10.14 10.14 8.61 8.61 8.61 8.61
5.17 5.17 8.68 8.68 8.99 8.99 8.99 8.99 8.48 8.48 8.48 8.48 8.66 8.66 8.66 8.66 8.72 8.72 9.98 9.98 9.48 10.76 15.85 15.85 15.84 15.84 15.84 9.47 9.36 8.55 8.55 8.55 8.98 8.45 8.45 8.45 8.25 8.25 8.25 8.25 8.68 8.16 8.16 8.16 8.13 8.13 8.13 8.13 8.22 8.22 8.22 8.22 8.15 8.15 8.15 8.15 8.24 8.24 8.24 8.24 8.30 6.35 8.30 8.30 8.34 7.90 7.90 7.90 7.62 7.99 3.08 3.08 2.71 6.93 6.93 7.89 8.33 8.33 8.33 8.33 7.35 7.35 7.35 7.35
5.17 5.60 5.17 8.68 8.99 8.99 8.99 8.99 8.48 8.48 8.48 8.48 8.66 8.66 8.66 8.66 8.72 9.98 9.98 9.98 9.48 15.85 15.85 15.85 15.84 16.46 9.47 9.47 8.55 8.55 8.55 8.55 8.45 8.45 8.45 8.45 8.25 8.25 8.25 8.25 8.16 8.68 8.16 8.16 8.13 8.13 8.13 8.13 8.22 8.22 8.22 8.22 8.15 8.15 8.15 8.15 8.24 8.24 8.24 8.24 8.84 8.30 8.30 6.35 8.34 8.34 7.90 7.90 8.43 7.62 8.04 11.15 10.19 9.76 8.82 8.45 7.53 7.53 7.53 7.53 7.35 7.35 7.35 7.35
5.74 5.12 5.12 8.59 8.72 8.72 8.72 8.72 8.62 8.62 8.62 8.62 8.70 8.70 8.70 8.70 8.73 9.99 9.99 9.99 9.47 15.84 15.84 15.84 15.79 15.79 8.59 8.59 8.45 8.45 8.45 8.45 8.41 8.41 8.41 8.41 8.24 8.24 8.24 8.76 8.16 8.16 8.16 8.16 8.19 8.19 8.19 8.19 8.26 8.26 8.26 8.26 8.20 8.20 8.20 8.20 8.24 8.24 8.24 8.24 8.30 8.30 8.30 8.64 6.35 8.35 8.35 7.98 8.49 8.79 7.52 11.53 7.95 7.90 8.39 7.58 7.43 7.43 7.43 8.00 7.33 7.33 7.33 7.33
5.12 5.55 5.12 5.12 8.72 8.72 8.72 8.72 8.62 8.62 8.62 8.62 8.70 8.70 8.70 8.70 8.73 9.99 9.99 9.99 9.47 15.84 15.84 15.84 15.79 8.59 8.59 8.59 8.45 8.45 8.45 8.45 8.41 8.41 8.41 8.41 9.30 8.24 8.24 8.24 8.16 8.16 8.16 8.16 8.19 8.19 8.19 8.19 8.26 8.26 8.26 8.26 8.20 8.20 8.20 8.20 8.24 8.24 8.24 8.24 8.30 8.30 9.00 8.30 6.35 8.35 8.35 7.98 7.68 6.93 6.93 11.15 7.90 8.27 8.39 7.58 7.43 7.43 7.43 7.43 7.33 7.33 7.33 7.33
5.12 5.12 5.12 5.12 8.72 8.72 8.72 8.72 8.62 8.62 8.62 8.62 8.70 8.70 8.70 8.70 8.73 9.99 9.99 9.99 9.47 15.84 15.84 15.84 15.79 8.59 9.21 8.59 8.45 8.45 9.05 8.45 8.41 8.41 8.41 8.41 8.80 8.24 8.24 8.24 8.69 8.16 8.16 8.16 8.19 8.19 8.19 8.19 8.26 8.26 8.26 8.26 8.20 8.20 8.20 8.20 8.24 8.24 8.24 8.24 8.30 8.30 8.30 9.13 9.06 8.35 8.35 8.35 7.68 7.06 7.06 10.89 7.90 8.27 7.58 7.58 7.43 7.43 7.43 7.43 7.33 7.33 7.33 7.33
5.12 5.12 5.12 5.12 8.72 8.72 8.72 8.72 8.62 8.62 8.62 8.62 8.70 8.70 8.70 8.70 8.73 9.99 9.99 9.99 15.84 15.84 15.84 15.84 16.40 9.41 9.21 8.59 8.45 8.45 9.05 8.45 8.41 8.41 8.41 8.41 9.75 8.24 8.24 8.24 8.16 8.16 8.16 8.16 8.19 8.19 8.19 8.19 8.26 8.26 8.26 8.26 8.20 8.20 8.20 8.20 8.24 8.24 8.24 8.24 8.30 8.30 8.30 9.75 8.53 8.35 8.35 8.35 8.34 7.76 7.06 7.76 10.89 8.39 7.12 7.58 7.43 7.43 7.43 7.43 7.33 7.33 7.33 7.33
5.57 5.13 5.13 5.13 5.08 8.48 8.48 8.48 8.71 8.71 8.71 8.71 8.75 8.75 8.75 8.75 8.74 10.00 10.00 15.93 15.82 15.82 15.82 16.44 15.88 9.38 9.38 8.57 8.46 8.46 8.46 8.46 8.39 8.39 8.39 9.42 8.24 8.24 8.24 8.24 8.23 8.23 8.23 8.23 8.24 8.24 8.24 8.24 8.26 6.27 8.26 8.26 8.23 8.23 8.23 8.23 8.26 8.26 8.26 8.26 8.27 8.80 8.27 8.96 8.41 9.07 8.78 8.36 7.76 8.87 7.46 7.06 12.76 7.80 7.30 7.50 7.41 7.41 7.41 7.41 7.39 7.39 7.39 7.39
5.13 5.13 5.13 5.13 5.08 8.48 8.48 8.48 8.71 8.71 8.71 8.71 8.75 8.75 8.75 10.02 10.00 10.00 15.93 15.93 15.82 15.82 15.82 15.82 15.76 9.38 8.67 9.13 8.46 8.46 8.46 8.46 8.39 8.39 8.39 8.39 8.24 8.24 8.24 8.24 8.23 8.23 8.23 8.23 8.24 8.24 8.24 8.24 8.67 8.26 8.26 8.26 8.23 8.23 8.75 8.23 8.26 8.26 8.26 8.26 8.27 8.27 8.27 8.96 8.41 8.06 8.43 8.78 8.28 8.17 7.46 10.68 3.25 8.33 7.59 6.93 8.55 7.41 7.41 8.18 8.16 8.16 7.39 5.67
5.13 5.13 5.13 5.13 5.08 5.08 8.48 8.48 8.71 8.71 8.71 8.71 10.02 10.43 10.02 10.02 10.00 10.00 15.93 15.93 15.82 15.82 15.82 15.89 15.86 9.38 9.38 8.57 9.20 9.20 8.46 8.46 8.39 8.39 8.39 8.39 8.24 8.24 8.24 8.24 8.23 8.23 8.23 8.23 8.24 8.24 8.24 8.24 8.26 8.26 8.26 8.26 8.23 8.23 8.23 8.23 8.26 8.26 8.26 8.26 8.27 8.27 8.96 8.85 8.41 7.99 7.29 7.11 7.76 7.06 7.76 11.80 7.80 7.59 7.43 4.87 1.72 5.25 6.88 6.88 6.87 5.54 6.56 5.26
5.13 5.13 5.13 5.13 5.08 5.08 8.48 8.48 8.71 8.71 8.71 8.71 10.02 10.05 10.05 10.08 10.00 15.93 15.93 15.93 15.82 16.23 15.89 15.89 15.86 15.76 9.38 9.38 9.41 9.20 9.20 8.46 8.39 8.39 8.39 8.56 8.21 8.33 8.24 8.24 8.23 8.23 8.23 8.23 8.24 8.24 8.24 8.77 8.26 8.26 8.26 8.26 8.23 8.23 8.75 8.23 8.26 8.26 8.26 8.26 8.27 8.27 8.96 8.96 8.06 7.99 7.11 7.11 8.13 7.43 7.43 11.08 7.06 7.06 1.35 5.35 4.98 4.98 4.17 5.44 4.98 4.50 1.35 4.50
5.20 5.20 5.20 5.20 5.13 5.13 8.58 8.58 8.74 8.74 8.74 8.74 10.02 10.05 10.08 10.08 15.92 15.92 15.92 15.92 15.82 16.23 15.89 15.89 9.49 9.49 9.43 9.38 9.31 9.29 9.93 8.96 8.30 8.30 8.30 8.30 2.58 8.24 8.27 8.27 8.33 8.33 8.33 8.33 8.26 8.26 8.26 8.26 8.25 8.25 8.25 8.25 8.24 8.24 8.93 8.24 8.28 8.28 8.28 8.63 8.61 8.25 8.94 8.94 8.86 8.06 7.11 2.13 7.06 8.13 7.43 11.06 7.06 4.98 5.35 1.35 4.50 1.82 1.82 0.00 4.17 5.44 4.98 4.98
5.20 5.20 5.20 5.20 5.13 5.13 5.13 8.58 8.74 8.74 8.74 8.74 13.65 10.05 10.02 15.95 15.92 15.92 15.92 15.92 15.82 15.89 16.04 15.89 9.87 10.65 14.28 9.75 9.14 9.92 9.14 8.40 8.30 8.30 8.30 8.30 6.99 6.00 9.96 8.82 8.33 8.33 8.33 8.33 8.26 8.26 8.26 8.26 8.25 8.25 8.25 8.25 8.24 8.24 8.41 8.41 7.76 8.28 8.40 6.36 6.36 6.62 8.25 8.94 9.34 7.48 7.35 2.13 2.12 2.86 3.23 5.74 8.13 5.35 4.87 4.50 1.82 1.82 1.82 0.00 0.00 0.00 1.82 8.67
5.20 5.20 5.20 5.20 5.13 5.13 5.13 8.58 8.74 8.74 8.74 8.74 13.71 10.08 10.02 15.95 15.92 15.92 15.92 15.92 15.82 16.45 15.89 15.89 11.18 14.12 13.80 9.75 9.14 9.14 8.40 8.40 8.77 8.30 8.30 8.30 8.21 5.80 7.62 9.72 8.33 8.71 8.33 8.33 8.26 8.26 8.26 8.26 8.25 8.25 8.25 7.96 8.24 8.24 8.41 10.98 8.43 9.52 8.78 6.36 6.36 6.36 8.25 8.25 8.64 8.59 7.11 7.11 5.74 11.06 6.12 4.98 4.50 4.50 4.50 4.50 1.82 1.82 0.00 0.00 0.00 0.00 0.00 2.56
5.20 5.20 5.20 5.20 5.13 5.13 5.13 5.44 8.74 8.74 8.74 8.76 13.71 10.08 15.95 15.95 15.92 15.92 15.92 15.92 15.82 15.82 15.82 16.97 14.28 13.49 8.57 8.57 9.14 8.40 8.94 8.40 8.51 8.30 8.77 8.96 8.27 8.98 6.17 8.36 8.78 8.41 8.96 8.33 8.26 8.26 8.26 8.26 8.25 8.25 8.25 7.96 8.24 7.99 12.03 10.74 8.06 8.80 7.48 7.11 6.36 8.61 6.73 8.62 8.41 8.06 10.74 10.74 2.12 2.12 4.50 5.24 6.18 5.81 5.05 4.50 4.50 1.82 0.00 0.00 0.00 0.00 0.00 0.00
5.24 5.24 5.24 5.24 5.16 5.59 5.16 5.16 8.75 9.11 10.01 13.71 19.62 15.99 15.93 15.93 15.90 15.90 15.90 15.90 15.80 16.52 15.88 17.08 14.31 8.51 8.51 8.51 9.03 8.30 8.30 8.30 8.49 7.58 7.58 8.24 8.29 8.29 6.99 6.37 7.62 8.41 8.41 8.35 8.81 8.27 8.27 8.27 8.28 8.28 8.28 7.96 7.99 11.61 7.73 7.48 10.74 2.50 7.48 7.36 6.36 6.36 7.48 2.50 5.76 10.74 7.48 7.48 7.43 4.50 4.50 5.61 5.24 4.50 5.27 6.55 4.87 1.82 0.00 0.00 0.00 0.00 0.00 0.00
5.24 5.24 5.24 5.24 5.16 5.16 5.16 5.16 9.11 11.32 10.04 19.62 15.93 16.30 15.93 15.93 15.90 15.90 15.90 15.90 15.80 16.17 11.02 13.79 9.68 8.88 8.51 8.51 8.30 8.84 8.30 8.51 8.24 7.58 7.58 8.83 8.29 8.29 8.29 10.93 10.62 7.25 9.49 8.35 8.27 8.81 8.27 8.27 8.28 8.28 8.28 8.28 8.23 11.61 7.73 7.11 10.74 11.11 2.50 2.13 7.80 7.48 5.76 5.76 5.76 4.22 7.85 7.85 4.87 4.50 5.81 6.18 6.22 5.24 4.50 5.24 2.56 1.82 1.82 0.00 0.00 0.00 0.00 0.00
5.06 5.06 5.06 5.06 4.96 4.96 4.96 4.96 6.81 9.90 13.52 15.98 16.03 16.03 16.03 15.98 15.95 15.95 15.95 16.96 15.26 15.64 14.23 13.86 9.76 9.02 8.65 7.98 7.74 7.74 8.26 7.98 7.96 6.96 6.96 7.69 7.62 7.62 7.62 8.00 11.09 8.51 7.85 7.97 7.97 7.60 7.60 7.60 6.69 7.61 7.94 6.69 11.06 7.26 6.57 6.42 6.42 10.05 5.55 5.55 10.05 10.79 6.29 1.93 7.67 4.04 7.08 1.88 3.23 6.48 3.23 3.23 3.97 4.34 3.23 3.60 3.23 3.23 3.60 0.00 0.00 0.00 0.00 0.00
5.06 5.06 5.06 5.06 4.96 4.96 4.96 4.96 6.81 13.52 13.52 16.04 15.95 15.95 16.03 15.98 15.95 15.95 16.32 17.49 15.26 15.64 13.95 9.21 9.02 8.65 8.65 7.98 7.74 7.74 7.74 7.98 6.96 6.96 6.96 6.96 7.62 7.62 7.62 8.50 8.22 11.29 7.30 8.28 7.97 7.60 7.60 7.60 7.79 7.82 6.69 6.69 6.35 10.88 6.57 5.55 5.55 5.55 5.55 6.42 2.30 8.19 6.29 1.89 5.52 3.38 1.33 1.33 3.23 3.23 3.28 3.10 4.34 3.97 3.60 3.60 3.10 3.10 0.00 0.00 0.00 0.00 0.00 0.00
