New_Model_Runs/10_Future_Present_Scn3_out/post_prcessed_with_MFR/Monthly_summaries/net_infiltration_monthly_AUG.asc
NCOLS 700
NROWS 400
XLLCENTER 515000.000000
YLLCENTER 8409000.000000
CELLSIZE 50.000000
NODATA_value -999.000000
[rows 228 to 265 of 400, columns 84 to 167 of 700]
8.05 8.38 8.05 8.05 8.06 8.06 8.06 8.06 8.38 8.05 8.05 8.05 8.62 8.62 8.62 8.62 8.52 8.52 8.52 8.52 8.50 8.50 8.50 8.50 8.57 8.57 8.57 8.57 10.02 10.16 9.36 9.36 9.40 9.40 9.40 9.40 9.46 9.46 9.46 9.46 9.49 9.49 9.49 9.49 9.95 9.95 9.95 9.95 9.90 9.90 9.90 9.90 9.87 10.72 9.87 9.87 9.92 9.92 9.92 9.92 10.60 10.60 12.22 12.22 12.19 12.19 12.19 12.49 12.15 12.15 12.15 12.15 10.59 10.59 10.59 10.59 10.91 10.91 10.91 12.79 12.77 12.77 12.77 12.77
8.05 8.05 8.05 8.05 8.06 8.06 8.06 8.06 8.05 8.05 8.38 8.05 8.62 8.62 8.62 8.62 8.52 8.52 8.52 8.52 8.50 8.50 8.50 9.19 8.57 8.57 8.57 8.57 10.02 9.36 9.36 9.36 9.40 9.40 9.40 9.40 10.59 9.46 9.46 9.46 9.49 9.49 9.49 9.49 9.95 9.95 9.95 9.95 9.90 9.90 9.90 9.90 9.87 9.87 9.87 9.87 9.92 9.92 9.92 9.92 10.60 10.60 12.22 12.22 12.19 10.57 10.57 12.19 12.15 12.15 12.15 12.15 10.59 10.59 10.59 10.59 10.91 10.91 10.91 10.91 10.89 12.77 12.77 12.77
8.05 8.05 8.05 8.05 8.06 8.06 8.06 8.06 8.05 8.05 8.05 8.05 8.62 9.31 8.62 9.29 8.52 9.20 8.52 8.52 8.50 9.17 8.50 8.50 8.57 8.57 8.57 8.57 10.59 9.36 9.36 9.36 9.40 9.40 9.40 9.40 9.46 9.46 9.46 9.46 9.49 10.08 10.08 9.49 9.95 9.95 9.95 9.95 10.75 9.90 9.90 9.90 9.87 9.87 9.87 9.87 9.92 9.92 9.92 9.92 10.60 10.60 10.60 10.60 11.52 10.57 12.19 12.19 10.54 10.54 12.15 12.15 10.59 10.59 10.59 10.59 10.91 10.91 10.91 10.91 10.89 10.89 10.89 10.89
8.05 8.05 8.05 8.05 8.06 8.06 8.06 8.06 8.05 8.05 8.05 8.05 8.62 8.62 8.62 8.62 8.52 8.52 8.52 9.20 9.17 8.50 8.50 8.50 8.57 8.57 8.57 8.57 9.36 9.36 9.36 9.36 9.40 9.40 9.40 9.40 9.46 9.46 9.46 9.46 9.49 9.49 10.07 9.49 9.95 9.95 9.95 9.95 9.90 10.75 9.90 9.90 9.87 9.87 9.87 9.87 9.92 9.92 9.92 9.92 10.60 10.60 10.60 10.60 10.57 10.57 12.19 10.57 10.54 10.54 12.15 10.54 10.59 10.59 10.59 10.59 10.91 10.91 10.91 10.91 10.89 10.89 10.89 10.89
7.96 7.96 8.28 8.28 7.99 7.99 7.99 7.99 7.98 7.98 7.98 7.98 8.49 8.49 8.49 9.15 8.44 8.44 8.44 8.44 8.49 8.49 8.49 8.49 8.57 8.57 8.57 8.57 9.37 9.37 9.37 9.37 9.44 9.44 9.44 9.44 9.44 9.44 9.44 9.44 9.41 9.41 9.41 9.41 9.88 9.88 9.88 9.88 9.89 9.89 9.89 9.89 9.95 9.95 9.95 9.95 10.02 10.02 10.02 10.02 10.67 10.67 10.67 10.67 10.60 10.60 10.60 10.60 10.57 10.57 10.57 10.57 10.64 10.64 10.64 10.64 10.98 10.98 11.40 10.98 10.99 10.99 10.99 10.99
7.96 7.96 7.96 7.96 7.99 7.99 7.99 7.99 7.98 8.66 7.98 7.98 8.49 8.49 8.49 8.49 8.44 8.44 8.44 8.44 8.49 8.49 8.49 8.49 8.57 8.57 8.57 8.57 9.37 9.37 9.37 9.37 9.44 9.44 9.44 9.44 9.44 9.44 9.44 10.58 9.41 9.41 9.41 9.41 9.88 9.88 9.88 9.88 9.89 9.89 9.89 9.89 9.95 9.95 9.95 9.95 10.02 10.02 10.02 10.02 10.67 10.67 12.65 10.67 10.60 10.60 10.60 10.60 11.52 10.57 10.57 10.57 10.64 10.64 10.64 10.64 10.98 10.98 10.98 10.98 10.99 10.99 10.99 10.99
8.28 7.96 7.96 7.96 7.99 7.99 7.99 7.99 7.98 7.98 7.98 7.98 8.49 8.49 8.49 8.49 8.44 8.44 8.44 8.44 8.49 8.49 8.49 8.49 8.57 8.57 8.57 8.57 9.37 9.37 9.37 9.37 9.44 9.44 9.44 9.44 11.25 10.27 10.90 9.44 9.41 10.22 9.41 9.41 9.88 9.88 9.88 9.88 9.89 9.89 9.89 9.89 9.95 9.95 9.95 9.95 10.02 10.02 10.02 10.02 10.67 10.67 10.67 12.64 10.60 10.60 10.60 10.60 10.57 10.57 10.57 10.57 10.64 10.64 10.64 10.64 10.98 10.98 10.98 10.98 10.99 10.99 10.99 10.99
8.22 7.96 7.96 7.96 7.99 7.99 8.21 7.99 7.98 7.98 7.98 7.98 8.49 8.49 8.49 8.49 8.44 8.44 8.44 8.44 8.49 8.49 8.49 8.49 8.57 8.57 8.57 8.57 9.37 9.37 9.37 9.37 9.44 9.44 9.44 10.58 9.44 9.44 9.44 9.44 9.41 9.41 9.41 9.41 9.88 9.88 9.88 9.88 9.89 9.89 9.89 9.89 9.95 9.95 9.95 9.95 10.02 10.02 10.02 10.02 10.67 10.67 10.67 10.67 10.60 10.60 10.60 10.60 10.57 10.57 10.57 10.57 10.64 10.64 10.64 10.64 10.98 10.98 10.98 10.98 10.99 10.99 10.99 10.99
7.91 7.91 7.91 8.12 7.92 7.92 7.92 7.92 7.90 7.90 7.90 7.90 8.43 8.43 8.43 8.43 8.52 8.52 8.52 8.52 8.63 8.63 8.63 8.63 8.69 8.69 8.69 8.69 9.48 9.48 9.48 9.48 9.49 9.49 9.49 10.07 9.42 9.42 9.42 9.42 9.40 9.40 9.40 9.40 9.96 9.96 9.96 9.96 10.02 10.02 10.02 10.02 10.08 10.08 10.08 10.08 10.13 10.13 10.13 10.13 10.74 10.74 10.74 11.70 10.64 11.59 10.64 10.64 10.60 10.60 10.60 10.60 10.68 10.68 10.68 10.68 11.01 11.01 11.01 11.01 11.04 11.04 11.04 11.04
7.91 7.91 7.91 7.91 7.92 7.92 7.92 7.92 7.90 7.90 8.11 7.90 8.43 8.43 8.43 8.43 8.52 8.52 8.52 8.52 8.63 8.63 8.63 8.63 8.69 8.69 8.69 8.69 9.48 9.48 9.48 9.48 9.49 9.49 9.49 9.49 9.42 9.42 9.42 9.42 9.40 9.40 9.40 9.40 9.96 9.96 9.96 9.96 10.02 10.02 10.02 10.02 10.08 10.08 10.08 10.08 10.13 10.13 10.13 10.13 10.74 10.74 10.74 10.74 10.64 10.64 10.64 10.64 10.60 10.60 10.60 10.60 10.68 10.68 10.68 10.68 11.01 11.01 11.01 11.01 11.04 11.47 11.04 11.04
7.91 7.91 8.12 7.91 7.92 7.92 7.92 7.92 7.90 7.90 7.90 7.90 8.43 8.43 8.43 8.43 8.52 8.52 8.52 8.52 8.63 8.63 8.63 8.63 8.69 8.69 8.69 8.69 9.48 9.48 9.48 9.48 9.49 9.49 9.49 9.49 9.42 9.42 9.42 9.42 9.40 9.40 9.40 9.40 9.96 9.96 9.96 9.96 10.02 10.02 10.02 10.02 10.08 10.08 10.08 10.08 10.13 10.13 10.13 10.13 10.74 10.74 10.74 10.74 10.64 10.64 10.64 11.59 10.60 10.60 10.60 10.60 10.68 10.68 10.68 10.68 11.01 11.01 11.01 11.01 11.04 11.47 11.04 11.04
7.91 7.91 7.91 7.91 7.92 7.92 7.92 7.92 8.52 7.90 7.90 7.90 8.43 8.43 8.43 8.43 8.52 8.52 8.52 8.52 8.63 8.63 8.63 8.63 8.69 8.69 8.69 8.69 9.48 9.48 9.48 9.48 9.49 10.64 9.49 10.07 9.42 9.42 9.42 9.42 9.40 9.40 9.40 9.40 9.96 9.96 9.96 9.96 10.02 10.02 10.02 10.02 10.08 10.08 10.08 10.08 10.13 10.13 10.13 10.13 10.74 10.74 12.75 10.74 10.64 12.48 10.64 10.64 10.60 10.60 10.60 10.60 10.68 10.68 10.68 10.68 11.01 11.01 11.01 11.01 11.04 11.04 11.47 11.04
7.87 7.87 7.87 7.87 7.91 7.91 7.91 7.91 7.92 7.92 7.92 7.92 8.52 8.52 8.52 8.52 8.67 8.67 8.67 8.67 8.76 8.76 8.76 8.76 8.80 8.80 8.80 8.80 9.56 9.56 9.56 9.56 9.48 9.48 9.48 9.48 9.43 9.43 9.43 9.43 9.44 9.44 9.44 9.44 10.01 10.01 10.01 10.01 10.10 10.10 10.10 10.10 10.16 10.16 10.16 10.16 10.18 10.18 10.18 10.18 10.74 10.74 10.74 11.69 11.56 10.60 10.60 10.60 10.59 10.59 10.59 10.59 10.68 10.68 10.68 10.68 11.02 11.02 11.02 11.02 11.08 11.08 11.08 11.08
6.49 6.40 7.87 7.87 7.91 7.91 7.91 7.91 8.15 7.92 7.92 7.92 8.52 8.52 8.52 8.52 8.67 8.67 8.67 8.67 8.76 8.76 8.76 8.76 8.80 8.80 8.80 8.80 9.56 9.56 9.56 9.56 10.64 10.07 9.48 9.48 9.43 9.43 9.43 9.43 9.44 9.44 9.44 9.44 10.01 10.01 10.01 10.01 10.10 10.10 10.10 10.10 10.16 10.16 10.16 10.16 10.18 10.18 10.18 10.18 10.74 10.74 10.74 10.74 10.60 10.60 10.60 10.60 10.59 10.59 10.59 10.59 10.68 10.68 10.68 10.68 11.02 11.02 11.02 11.02 11.08 11.08 11.08 11.08
5.82 5.82 5.82 5.82 5.85 5.85 7.89 7.89 7.90 8.14 7.90 7.90 8.29 8.29 8.29 8.29 8.44 8.44 8.44 8.44 8.53 8.53 8.53 8.53 8.57 8.57 8.57 8.57 9.04 9.04 9.04 9.04 8.96 9.73 8.96 8.96 8.92 8.92 8.92 8.92 8.92 8.92 9.76 8.92 9.53 9.53 9.53 9.53 9.62 9.62 9.62 9.62 9.67 9.67 9.67 9.67 9.69 9.69 9.69 10.53 10.15 10.15 10.15 10.15 10.02 11.01 10.02 10.02 10.01 10.01 10.01 10.01 10.09 10.09 10.09 10.09 10.66 10.66 10.66 10.66 10.71 10.71 10.71 10.71
5.82 5.82 5.82 5.82 5.85 5.85 5.85 5.85 5.87 7.90 7.90 7.90 8.29 8.29 8.29 8.29 8.44 8.44 8.44 8.44 8.53 8.53 8.53 8.53 8.57 8.57 8.57 8.57 9.04 9.04 9.04 9.04 8.96 8.96 8.96 8.96 8.92 8.92 8.92 8.92 9.69 9.69 8.92 8.92 9.53 9.53 9.53 9.53 9.62 9.62 9.62 9.62 9.67 9.67 9.67 9.67 9.69 9.69 9.69 9.69 10.15 10.15 10.15 10.15 10.02 10.02 10.02 10.02 10.01 10.01 10.01 10.01 10.09 10.09 10.09 10.09 10.66 11.62 10.66 10.66 10.71 10.71 10.71 10.71
5.84 5.84 5.84 5.84 5.87 5.87 5.87 5.87 5.88 7.09 5.88 5.88 8.35 8.35 8.35 8.35 8.49 8.49 8.49 8.49 8.60 8.60 8.60 8.60 8.64 8.64 8.64 8.64 9.04 9.04 9.04 9.04 8.92 8.92 8.92 8.92 8.92 8.92 8.92 8.92 8.93 8.93 8.93 8.93 9.51 9.51 9.51 9.51 9.63 9.63 9.63 9.63 9.71 9.71 9.71 9.71 9.68 9.68 9.68 9.68 10.07 10.07 10.07 10.07 9.98 9.98 9.98 9.98 9.99 9.99 9.99 9.99 10.04 10.04 10.04 10.04 10.63 10.63 10.63 11.60 10.75 10.75 10.75 10.75
5.84 5.84 5.84 5.84 5.87 5.87 5.87 5.87 5.88 5.88 5.88 5.88 6.33 6.33 6.33 8.35 8.49 8.49 8.49 8.49 8.60 8.60 8.60 8.60 8.64 8.64 8.64 9.11 9.04 9.04 9.04 9.04 8.92 8.92 8.92 8.92 8.92 8.92 8.92 8.92 8.93 8.93 8.93 8.93 9.51 9.51 9.51 9.51 11.30 9.63 9.63 9.63 9.71 9.71 9.71 10.29 9.68 9.68 9.68 9.68 10.07 10.07 10.07 10.94 9.98 9.98 9.98 9.98 9.99 9.99 9.99 9.99 10.04 10.04 10.04 10.04 10.63 11.60 10.63 10.63 12.74 10.75 10.75 10.75
5.84 5.84 5.84 5.84 5.87 5.87 5.87 5.87 5.88 5.88 5.88 5.88 6.33 6.33 6.33 6.33 6.42 6.42 6.42 8.49 8.60 8.60 8.60 8.60 8.64 8.64 8.64 8.75 9.33 9.17 9.04 9.04 8.92 8.92 8.92 8.92 8.92 8.92 8.92 8.92 8.93 8.93 8.93 8.93 9.51 9.51 9.51 9.51 10.43 9.63 9.63 9.63 9.71 9.71 9.71 9.71 9.68 9.68 9.68 9.68 10.07 10.07 10.07 10.94 9.98 9.98 9.98 9.98 9.99 9.99 9.99 9.99 10.04 10.04 10.04 10.04 10.63 10.63 10.63 10.63 10.75 10.75 10.75 10.75
5.84 5.84 5.84 5.84 6.50 5.87 5.87 5.87 5.88 6.51 5.88 5.88 6.33 6.33 6.33 6.33 6.42 6.42 6.42 6.42 6.50 6.50 8.60 8.60 8.64 9.35 8.91 8.75 9.00 9.00 9.17 9.04 8.92 8.92 8.92 8.92 8.92 8.92 8.92 8.92 10.99 8.93 8.93 9.70 9.52 9.52 9.52 9.52 9.63 9.63 9.63 10.46 9.71 9.71 9.71 10.55 9.68 9.68 9.68 9.68 10.07 10.07 10.07 10.07 9.98 9.98 9.98 9.98 9.99 9.99 9.99 9.99 10.92 10.04 10.04 10.04 10.63 10.63 10.63 10.63 10.75 10.75 10.75 10.75
5.84 5.84 5.84 5.84 5.88 5.88 5.88 5.88 5.89 5.89 5.89 5.89 6.33 6.33 6.33 6.33 6.44 6.44 6.44 6.44 6.53 6.53 6.53 6.53 7.54 8.65 8.75 8.75 9.00 9.17 9.79 9.01 8.90 8.90 8.90 8.90 8.92 8.92 9.91 9.91 11.00 8.94 8.94 8.94 9.48 9.48 9.48 9.48 9.59 9.59 9.59 10.41 9.69 9.69 9.69 11.42 9.62 9.62 9.62 9.62 10.03 10.03 10.03 10.03 9.99 9.99 9.99 10.87 9.98 9.98 9.98 9.98 10.87 9.99 9.99 9.99 10.61 10.61 10.61 10.61 10.73 10.73 10.73 11.71
5.84 5.84 5.84 5.84 5.88 5.88 5.88 5.88 5.89 5.89 5.89 5.89 6.33 6.33 6.33 6.33 6.44 7.55 6.44 6.44 6.53 6.53 6.53 6.53 6.53 6.53 6.53 7.52 9.17 6.95 9.01 9.01 8.90 8.90 8.90 8.90 8.92 8.92 9.91 9.91 9.95 9.95 9.71 8.94 9.48 9.48 9.48 9.48 9.59 9.59 9.59 9.59 9.69 9.69 10.02 10.02 9.62 10.44 9.62 10.55 10.03 10.03 10.03 10.03 9.99 9.99 9.99 9.99 9.98 9.98 9.98 9.98 9.99 9.99 9.99 9.99 10.61 10.61 10.61 10.61 10.73 10.73 10.73 10.73
5.84 5.84 5.84 5.84 5.88 5.88 5.88 5.88 5.89 5.89 5.89 5.89 6.33 6.33 6.33 6.33 6.44 6.44 6.44 6.44 6.53 5.84 6.53 9.02 5.84 6.53 6.53 6.53 6.77 6.60 6.77 6.77 8.90 8.90 8.90 8.90 8.92 8.92 8.92 9.91 9.95 9.95 9.95 8.94 9.48 9.48 9.48 9.48 9.59 9.59 9.59 9.59 9.69 10.53 10.02 10.02 9.62 9.62 9.62 9.62 10.03 10.03 10.03 10.03 9.99 9.99 9.99 9.99 9.98 9.98 9.98 9.98 9.99 9.99 9.99 9.99 10.61 10.61 10.61 10.61 10.73 10.73 10.73 11.71
5.84 5.84 5.84 5.84 5.88 5.88 5.88 5.88 5.89 5.89 6.52 5.89 6.33 6.33 6.33 6.33 6.44 7.55 6.44 6.44 5.84 5.84 6.71 6.71 5.84 6.53 6.53 6.53 6.77 6.77 5.88 7.42 6.69 6.69 6.69 8.90 8.92 8.92 8.92 9.91 9.95 10.12 9.95 9.95 11.15 9.48 9.48 9.48 9.59 9.59 9.59 9.59 9.69 9.69 9.69 10.41 9.62 9.62 9.62 9.62 10.03 10.03 10.03 10.03 9.99 10.98 10.22 9.99 9.98 9.98 9.98 9.98 9.99 9.99 9.99 9.99 10.61 10.61 10.61 10.61 10.73 10.73 10.73 11.71
5.86 5.86 5.86 5.86 5.89 5.89 5.89 5.89 5.89 5.89 6.52 5.89 6.34 6.34 6.34 6.34 6.44 6.44 6.44 6.44 5.84 7.08 5.24 6.71 6.71 7.27 6.90 6.53 5.89 6.77 6.01 6.77 6.70 6.70 6.70 6.70 8.56 8.56 9.92 9.92 9.96 10.13 10.13 8.95 9.45 9.45 9.45 9.45 9.52 9.52 9.52 9.52 10.02 10.02 9.64 10.46 9.58 9.58 9.58 9.58 10.03 10.03 10.92 10.03 10.02 10.67 10.67 10.02 9.96 9.96 10.83 9.96 9.94 9.94 9.94 9.94 10.62 10.62 10.62 10.62 10.73 10.73 10.73 10.73
5.86 5.86 5.86 5.86 5.89 5.89 5.89 5.89 5.89 5.89 5.89 5.89 6.34 6.34 6.34 6.34 6.44 6.44 6.44 6.44 5.84 6.73 7.10 6.73 6.35 3.94 3.57 2.83 5.99 6.77 6.01 6.77 6.70 6.70 6.70 6.70 6.71 6.71 6.71 8.56 8.59 8.59 9.96 8.95 9.45 9.45 9.45 9.45 9.52 9.52 9.52 9.52 9.64 10.12 9.34 11.45 9.58 9.58 9.58 9.58 10.03 11.01 10.03 10.03 10.02 10.02 10.02 10.02 9.96 9.96 9.96 9.96 9.94 9.94 9.94 9.94 10.62 10.62 10.62 10.62 10.73 10.73 10.73 11.71
5.86 5.86 6.15 5.33 5.89 6.96 5.89 6.52 5.89 5.89 5.89 5.89 6.34 5.84 5.84 5.86 5.84 5.84 5.84 6.44 6.58 4.69 4.32 7.47 7.57 9.24 9.98 9.61 6.83 5.99 7.52 6.77 6.70 6.70 6.70 6.70 6.71 5.96 5.86 6.71 8.59 8.59 9.42 8.59 8.02 9.45 9.45 9.45 9.52 9.52 9.52 9.52 9.64 10.12 10.02 11.45 9.58 9.58 9.58 10.42 11.01 11.01 11.01 11.01 10.02 10.02 10.02 10.02 9.96 9.96 9.96 9.96 9.94 9.94 9.94 9.94 10.62 10.62 10.62 10.62 10.73 10.73 10.73 10.73
6.82 6.15 5.33 5.33 5.89 6.52 5.89 5.89 5.89 5.89 5.89 5.89 6.34 6.34 6.34 5.84 5.84 5.84 6.44 5.84 7.32 4.69 6.83 9.35 0.00 0.00 0.00 0.00 0.00 8.88 2.46 7.52 6.70 6.70 6.70 6.70 5.96 6.01 6.01 6.71 6.73 8.59 8.59 6.90 8.02 6.14 6.14 6.14 9.52 9.52 9.52 9.52 9.64 10.12 10.12 10.02 9.58 9.58 9.58 9.58 11.01 11.01 7.90 11.01 10.02 10.02 10.02 10.02 9.96 9.96 9.96 9.96 9.94 9.94 9.94 9.94 10.62 10.62 10.62 10.62 10.73 10.73 10.73 10.73
5.88 6.16 5.33 5.33 6.51 5.88 5.88 5.88 5.88 5.88 5.88 5.88 6.35 7.00 6.35 6.35 5.84 6.43 5.84 5.84 9.24 6.83 0.00 0.00 0.00 0.00 0.00 0.00 0.00 0.00 8.88 6.32 6.72 6.72 6.72 6.72 6.70 6.01 6.01 6.70 6.71 8.56 10.39 8.56 8.01 8.01 6.13 6.13 6.15 6.15 6.15 9.46 9.57 12.00 10.12 10.02 9.77 9.58 9.58 9.58 10.05 11.02 10.05 10.05 10.02 10.02 10.90 10.02 9.93 9.93 10.80 11.25 10.80 9.93 9.93 9.93 10.61 10.61 10.61 10.61 10.76 10.76 10.76 10.76
5.33 6.16 5.33 5.34 5.88 5.88 5.88 6.16 5.88 5.88 5.88 5.88 6.35 6.35 6.35 6.35 6.43 6.43 6.43 10.06 0.37 0.00 0.00 0.00 0.00 0.00 0.00 0.00 0.00 0.00 0.00 13.34 9.68 6.72 6.72 6.72 6.70 6.70 6.01 6.70 6.71 8.56 8.56 6.90 7.80 8.01 6.56 6.13 6.15 6.15 6.15 6.15 6.22 6.22 6.22 10.12 10.12 10.12 9.58 9.58 11.02 10.67 10.05 10.05 10.02 10.90 10.02 11.00 9.93 9.93 9.93 9.93 9.93 9.93 9.93 9.93 10.61 10.61 10.61 10.61 10.76 10.76 10.76 11.58
7.53 7.53 7.53 7.53 6.32 6.04 6.04 6.04 6.66 6.04 6.04 6.04 6.36 6.36 6.36 6.36 6.44 6.44 9.04 0.00 0.00 0.00 0.00 0.00 0.00 0.00 0.00 0.00 0.00 0.00 0.00 4.37 7.36 6.99 7.05 6.68 7.37 6.66 6.66 6.66 6.67 6.67 8.39 8.71 6.84 8.48 6.66 6.66 6.67 6.67 6.67 6.67 6.75 6.75 6.75 5.95 5.89 7.88 8.99 9.47 9.33 9.33 9.33 9.33 9.30 9.30 9.30 9.30 9.21 9.21 9.21 9.21 9.21 9.21 9.21 9.21 9.53 9.53 9.53 9.53 9.67 9.67 10.04 10.41
7.53 7.53 7.53 6.32 7.53 6.04 6.04 6.04 6.04 6.04 6.04 6.04 6.36 7.95 7.50 10.03 6.89 9.41 0.00 0.00 0.00 0.00 0.00 0.00 0.00 0.00 0.00 0.00 0.00 0.00 0.00 0.00 6.87 4.36 7.90 7.05 6.66 6.66 6.75 6.66 6.67 6.67 8.39 7.76 8.48 8.48 6.66 6.66 6.67 6.67 6.67 6.67 6.75 6.75 6.75 5.95 5.90 5.89 5.95 6.76 5.90 9.33 9.33 9.33 10.44 9.30 9.88 9.30 9.21 9.21 9.21 9.21 9.21 9.21 9.21 9.35 9.53 9.53 9.53 9.53 9.67 9.67 9.67 10.04
7.53 8.25 7.53 7.53 6.31 6.02 6.02 6.02 6.03 6.03 6.03 6.03 7.97 7.97 7.50 7.59 11.59 0.00 0.00 0.00 0.00 0.00 0.00 0.00 0.00 0.00 0.00 0.00 0.00 0.00 0.00 0.00 6.87 7.73 7.36 7.03 6.63 6.63 6.63 6.99 6.64 6.64 6.64 8.35 8.47 6.84 10.11 8.47 6.65 6.65 6.65 6.65 6.72 6.72 6.72 5.95 4.99 6.51 5.90 6.74 5.89 5.89 6.80 6.17 9.26 9.26 9.26 9.26 9.20 9.20 9.20 9.20 9.22 9.22 9.22 9.22 9.47 9.47 9.47 9.47 9.62 9.62 9.62 9.62
6.01 7.53 7.53 6.31 6.02 6.02 6.02 6.02 6.03 6.03 6.03 6.03 7.97 7.97 7.87 10.85 10.11 0.00 0.00 0.00 0.00 0.00 0.00 0.00 0.00 0.00 0.00 0.00 0.00 0.00 0.00 0.00 6.87 8.16 8.34 8.74 6.63 6.63 6.63 6.63 6.64 6.64 6.64 8.35 6.84 6.69 6.84 8.47 6.65 6.65 6.65 6.65 6.72 6.72 6.72 6.72 1.21 7.16 6.74 7.58 5.89 6.19 8.86 5.89 6.78 6.93 6.93 6.93 9.20 9.20 9.20 9.20 9.22 9.22 9.22 9.22 10.32 9.47 9.47 9.47 9.62 10.44 10.44 10.04
6.01 6.01 6.01 6.01 6.02 6.02 6.63 6.02 6.03 6.03 6.31 6.03 7.97 7.87 11.50 10.11 0.00 0.00 0.00 0.00 0.00 0.00 0.00 0.00 0.00 0.00 0.00 0.00 0.00 0.00 0.00 0.00 10.24 6.99 9.08 8.14 8.32 6.63 6.63 6.87 6.64 6.64 6.90 8.35 8.47 6.84 6.84 8.47 6.65 6.65 6.65 7.68 7.72 6.72 6.72 6.26 4.42 7.02 6.74 6.74 5.89 6.19 6.80 6.80 6.07 6.93 6.93 6.93 6.90 6.90 6.90 9.20 9.22 9.22 9.22 9.22 9.47 9.47 9.47 9.47 10.41 9.62 10.04 10.04
6.01 6.01 6.01 7.53 7.87 7.53 6.02 6.02 7.53 6.03 6.03 6.03 7.87 7.00 11.00 0.00 0.00 0.00 0.00 0.00 0.00 0.00 0.00 0.00 0.00 0.00 0.00 0.00 0.00 0.00 0.00 0.00 5.76 11.36 8.51 8.81 6.63 6.90 6.90 6.90 6.90 6.90 6.90 7.76 7.80 6.84 7.49 8.47 6.65 6.65 6.65 7.68 7.72 6.72 7.55 1.95 9.49 7.11 7.42 6.74 5.89 6.80 6.19 6.19 6.19 6.93 6.51 6.93 6.76 6.90 6.90 6.90 6.91 6.91 9.22 9.22 9.47 9.47 9.47 9.47 9.62 9.62 9.62 10.04
6.02 6.02 6.02 7.49 7.87 7.90 6.01 6.01 6.01 6.30 7.53 8.37 7.74 9.74 0.00 0.00 0.00 0.00 0.00 0.00 0.00 0.00 0.00 0.00 0.00 0.00 0.00 0.00 0.00 0.00 0.00 0.00 0.00 8.38 9.53 6.61 6.90 7.74 6.59 6.59 6.63 6.90 6.90 6.25 5.21 6.84 6.64 6.64 6.64 6.64 6.64 5.90 5.95 6.70 8.08 3.44 7.38 5.58 6.70 6.70 6.93 6.93 6.78 7.43 6.19 6.26 6.93 6.93 6.92 6.92 6.92 6.92 6.91 6.91 6.91 6.91 6.12 6.12 9.42 9.42 9.54 9.54 9.54 10.04
9.65 9.65 9.65 6.76 8.36 8.36 6.38 6.01 6.01 6.01 7.53 8.27 10.11 0.00 0.00 0.00 0.00 0.00 0.00 0.00 0.00 0.00 0.00 0.00 0.00 0.00 0.00 0.00 0.00 0.00 0.00 0.00 0.00 6.61 11.35 7.95 6.90 6.59 6.59 6.59 6.63 6.63 10.53 6.25 9.20 8.46 7.01 6.64 6.64 6.64 6.64 5.90 5.95 7.08 8.93 4.19 4.92 7.06 7.38 6.70 6.93 6.93 6.19 6.19 6.07 6.26 6.93 6.93 6.92 6.92 6.92 6.92 6.91 6.91 6.91 6.91 6.12 6.12 6.12 6.12 6.19 9.54 9.54 9.54
