New_Model_Runs/10_Future_Present_Scn3_out/post_prcessed_with_MFR/Monthly_summaries/net_infiltration_monthly_MAR.asc
NCOLS 700
NROWS 400
XLLCENTER 515000.000000
YLLCENTER 8409000.000000
CELLSIZE 50.000000
NODATA_value -999.000000
[rows 228 to 265 of 400, columns 252 to 335 of 700]
7.14 7.14 7.14 7.14 6.98 6.98 6.98 6.98 8.14 12.22 12.14 9.43 9.74 9.37 8.93 8.93 8.90 8.90 9.27 10.44 8.55 11.20 7.57 6.17 6.03 7.03 7.03 6.03 6.37 5.89 5.89 6.13 4.46 4.46 4.46 4.46 5.61 5.61 5.61 5.43 4.20 3.57 7.20 6.87 4.58 5.97 3.25 5.60 5.59 4.58 4.58 3.83 3.10 7.75 4.61 4.53 0.90 0.90 3.00 3.00 4.12 4.12 0.96 3.93 3.93 0.00 0.00 0.00 2.24 0.00 0.00 0.00 0.00 0.00 0.00 0.00 0.00 0.00 0.00 0.00 0.00 0.00 0.00 0.00
7.14 7.14 7.14 7.14 6.98 6.98 7.02 7.15 8.22 8.20 12.22 9.37 9.43 9.43 8.93 8.93 8.90 8.90 9.64 9.80 11.46 6.17 6.17 6.17 6.03 6.03 7.03 7.03 6.37 5.89 5.89 5.89 5.97 5.97 5.97 5.97 5.61 5.61 5.61 7.58 6.43 5.32 7.64 7.32 4.60 4.20 5.02 5.97 5.59 5.32 2.26 3.53 4.98 4.50 7.28 3.28 0.87 4.08 1.64 2.91 3.00 3.00 1.33 0.67 0.00 0.00 0.00 0.00 0.00 0.00 0.00 0.00 0.00 0.00 0.00 0.00 0.00 0.00 0.00 0.00 0.00 0.00 0.00 0.00
7.14 7.14 7.14 7.14 6.98 6.98 6.98 6.98 7.07 8.22 12.22 9.00 9.00 9.00 8.93 8.93 8.98 8.90 10.69 13.06 9.90 6.17 6.17 6.17 6.03 6.03 6.03 6.51 5.89 5.89 5.89 5.89 5.97 5.97 5.97 5.97 5.61 5.61 5.61 5.32 6.06 5.32 1.59 4.70 7.20 3.90 4.58 4.20 5.59 5.89 5.80 7.53 5.98 5.24 1.61 4.49 4.11 3.28 4.86 2.91 3.00 0.96 1.33 0.74 0.74 0.00 0.00 0.00 0.00 0.00 0.00 0.00 0.00 0.00 0.00 0.00 0.00 0.00 0.00 0.00 0.00 0.00 0.00 0.00
7.14 7.14 7.14 7.14 6.98 6.98 6.98 6.98 7.07 7.07 11.85 9.74 9.74 8.93 8.93 9.06 8.98 9.06 8.98 12.61 6.17 6.17 6.17 6.17 6.03 6.03 6.03 6.03 5.89 5.89 5.89 5.89 5.97 5.97 5.97 6.95 6.47 5.61 5.61 6.84 3.83 4.32 4.21 1.07 7.20 7.16 1.06 4.69 7.46 4.78 4.76 4.27 4.02 2.91 6.80 2.91 3.90 3.17 2.91 3.07 3.00 3.00 3.48 0.00 0.00 0.00 0.00 0.00 0.00 0.00 0.00 2.24 0.00 0.00 0.00 0.00 0.00 0.00 0.00 0.00 0.00 0.00 0.00 0.00
7.17 7.17 7.17 7.17 6.96 6.96 6.96 6.96 7.04 7.08 11.83 9.73 9.72 8.98 8.98 9.72 9.70 8.96 9.05 10.79 6.72 6.08 6.59 6.08 5.95 5.95 5.95 5.95 5.92 5.92 5.92 5.92 6.02 6.02 6.02 7.02 5.06 5.06 5.06 3.83 3.83 3.57 3.57 1.57 5.07 4.70 4.69 4.69 3.90 1.43 4.76 3.53 3.07 0.87 6.53 2.91 3.17 3.17 3.54 3.54 2.91 3.85 3.57 0.00 0.00 0.00 0.00 0.00 0.00 0.00 0.00 2.24 0.00 0.00 0.00 0.00 0.00 0.00 0.00 0.00 0.00 0.00 0.00 0.00
7.17 7.17 7.17 7.17 6.96 6.96 6.96 6.96 7.04 7.04 11.83 8.99 9.60 8.90 8.98 9.35 9.59 9.05 9.05 10.79 6.08 6.59 6.08 6.08 5.95 5.95 5.95 5.95 5.92 5.92 5.92 5.92 6.02 6.02 6.02 6.02 5.62 5.06 5.06 5.06 5.33 3.94 3.94 5.07 8.38 1.07 3.53 3.53 4.64 1.43 3.90 4.21 0.87 0.87 4.50 4.50 3.28 3.28 3.28 1.07 4.77 3.67 4.49 0.00 0.00 0.37 0.00 0.00 0.00 0.00 2.24 2.24 2.24 0.00 0.00 0.00 0.00 0.00 0.00 0.00 0.00 0.00 0.00 0.00
7.17 7.17 7.17 7.17 6.96 6.96 6.96 6.96 7.04 7.04 11.67 9.21 9.27 8.90 9.27 10.01 9.59 8.90 12.68 7.42 6.45 6.08 6.08 6.08 5.95 5.95 5.95 5.95 5.92 7.10 5.92 5.92 6.02 6.02 6.02 6.52 5.62 6.49 5.06 5.33 5.33 6.49 4.70 1.07 3.57 3.57 3.57 4.76 5.13 4.76 4.76 4.76 2.91 2.91 1.24 4.87 3.28 2.91 2.91 0.78 0.78 1.15 5.14 0.00 0.37 0.00 0.00 0.00 0.00 0.00 0.00 0.00 0.00 0.00 0.00 0.00 0.00 0.00 0.00 0.00 0.00 0.00 0.00 0.00
7.17 7.17 7.17 7.17 6.96 6.96 6.96 6.96 7.04 8.04 12.61 9.21 8.90 9.27 7.56 7.93 9.18 8.44 13.16 7.05 6.45 6.45 3.63 6.97 5.95 5.95 5.95 5.95 5.92 5.92 5.92 5.92 6.02 6.02 6.02 6.02 6.49 6.49 7.42 5.33 6.49 8.96 5.33 5.64 6.56 4.76 3.74 5.13 4.76 4.76 4.76 4.56 4.49 3.28 2.91 2.91 4.87 4.49 4.40 0.78 1.15 1.89 4.93 0.00 0.00 0.00 0.00 0.00 0.00 0.00 0.00 0.00 0.00 0.00 0.00 0.00 0.00 0.00 0.00 0.00 0.00 0.00 0.00 0.00
7.24 7.24 7.24 7.24 6.97 6.97 6.97 6.97 7.00 6.90 12.59 8.80 8.77 7.19 3.68 3.68 8.80 8.44 12.07 12.42 5.45 4.01 6.56 6.19 6.36 5.99 6.36 5.99 5.99 6.47 5.99 5.99 6.01 6.01 6.01 6.01 6.81 7.38 7.38 9.33 9.16 9.33 7.31 6.93 6.93 7.24 4.63 5.13 5.13 4.76 4.63 4.63 4.64 3.74 3.37 2.91 6.91 4.77 0.78 0.00 0.00 0.00 0.00 0.00 0.00 0.00 0.00 0.00 0.00 0.00 0.00 0.00 0.00 0.00 0.00 0.00 0.00 0.00 0.00 0.00 0.00 0.00 0.00 0.00
7.24 7.24 7.24 7.24 6.97 6.97 6.97 6.97 7.00 8.04 11.67 11.80 12.40 8.85 3.68 3.68 3.31 8.80 12.07 10.45 6.52 3.63 3.26 5.82 6.49 5.99 6.36 6.36 5.99 5.99 5.99 5.99 6.01 6.01 6.01 6.01 4.20 11.38 8.96 5.70 5.70 2.86 7.23 3.60 6.44 6.07 5.33 3.57 3.57 4.76 4.56 4.76 4.49 3.65 3.54 5.09 2.91 6.93 0.78 0.00 0.00 0.00 0.00 0.00 0.00 0.00 0.00 0.00 0.00 0.00 0.00 0.00 0.00 0.00 0.00 0.00 0.00 0.00 0.00 0.00 0.00 0.00 0.00 0.00
7.24 7.24 7.24 7.24 6.97 6.97 6.97 6.97 6.90 12.04 10.24 12.18 8.77 8.85 8.85 3.68 6.93 6.93 10.45 7.64 9.07 6.52 6.52 6.60 5.99 5.99 5.54 5.91 5.54 6.97 5.99 5.99 6.01 6.01 6.01 5.80 5.15 6.49 6.01 3.23 5.33 5.90 5.33 8.96 3.36 6.07 6.44 5.70 1.43 3.53 4.76 4.56 2.91 3.90 2.91 3.91 3.69 1.18 6.77 0.00 0.00 0.00 0.00 0.00 0.00 0.00 0.00 0.00 0.00 0.00 0.00 0.00 0.00 0.00 0.00 0.00 0.00 0.00 0.00 0.00 0.00 0.00 0.00 0.00
7.24 7.24 7.24 7.24 6.97 6.97 7.34 5.94 6.34 10.61 7.98 4.73 8.55 12.40 10.45 6.93 10.45 7.64 6.82 8.44 7.85 6.01 9.07 9.44 10.61 7.72 8.09 8.63 4.63 4.09 1.23 4.46 4.83 6.01 6.01 9.44 6.86 6.49 6.27 6.07 3.23 3.23 5.33 6.49 6.49 3.97 9.03 5.45 6.81 4.10 3.53 4.76 2.91 2.91 4.81 4.68 2.29 1.85 7.69 2.27 0.00 0.00 0.00 0.00 0.00 0.00 0.00 0.00 0.00 0.00 0.00 0.00 0.00 0.00 0.00 0.00 0.00 0.00 0.00 0.00 0.00 0.00 0.00 0.00
7.30 7.30 7.30 7.30 6.99 6.99 8.54 6.34 6.99 8.04 7.24 4.36 6.87 7.24 7.82 3.31 6.82 8.44 8.76 8.76 6.94 7.75 6.35 5.82 5.98 7.83 8.73 9.84 9.84 9.47 9.07 6.52 9.81 9.07 9.07 5.82 3.23 8.96 6.01 5.70 5.33 5.33 2.86 2.86 6.49 3.97 7.18 6.07 6.64 5.33 3.53 4.14 3.91 3.91 8.45 8.67 5.17 4.38 7.67 5.90 0.00 0.00 0.00 0.00 0.00 0.00 0.00 0.00 0.00 0.00 0.00 0.00 0.00 0.00 0.00 0.00 0.00 0.00 0.00 0.00 0.00 0.00 0.00 0.00
7.30 7.30 7.30 7.30 6.99 7.36 5.86 7.27 7.51 8.04 12.04 7.24 6.87 4.36 8.56 8.81 8.76 8.76 8.76 8.76 7.85 6.94 7.85 7.85 5.98 7.63 11.45 8.20 6.21 5.84 6.01 1.34 6.19 6.72 5.45 6.21 3.23 9.63 5.53 5.33 5.94 5.33 5.33 5.33 10.95 3.60 6.07 6.36 6.36 6.56 3.90 1.98 9.06 7.69 5.17 5.17 7.69 8.31 4.06 7.27 5.90 0.00 0.00 0.00 0.00 0.00 0.00 0.00 0.00 0.00 0.00 0.00 0.00 0.00 0.00 0.00 0.00 0.00 0.00 0.00 0.00 0.00 0.00 0.00
7.16 7.16 6.99 6.99 6.45 8.10 3.20 6.87 3.96 3.96 7.07 9.66 9.66 11.14 4.18 7.20 7.66 7.50 7.50 8.46 7.28 7.28 7.28 4.79 4.79 7.25 11.20 7.56 6.65 5.54 5.54 4.23 5.31 6.42 6.65 6.65 6.70 3.61 10.08 6.46 6.46 5.36 5.36 5.36 7.60 6.50 7.10 7.40 5.36 6.46 5.21 6.32 5.02 7.36 7.95 8.32 4.69 8.32 7.36 7.21 7.21 1.82 0.00 0.00 0.00 0.00 0.00 0.00 0.00 0.00 0.00 0.00 0.00 0.00 0.00 0.00 0.00 0.00 0.00 0.00 0.00 0.00 0.00 0.00
7.20 7.16 6.99 6.99 7.36 1.71 7.51 7.19 6.43 11.86 7.07 6.40 6.03 11.92 13.04 7.20 7.87 7.50 7.50 7.66 5.54 7.28 7.28 4.79 5.16 7.71 7.85 5.26 5.30 4.23 5.54 4.23 4.33 4.23 4.79 5.54 4.82 6.48 9.73 6.46 5.06 5.96 6.46 5.96 5.36 6.59 5.36 6.46 4.89 4.89 5.00 5.20 3.79 7.58 7.50 8.32 8.69 8.69 7.95 7.36 6.99 6.84 2.19 0.00 0.00 0.00 0.00 0.00 0.00 0.00 0.00 0.00 0.00 0.00 0.00 0.00 0.00 0.00 0.00 0.00 0.00 0.00 0.00 0.00
7.16 6.01 6.01 7.36 7.14 11.14 3.44 6.03 9.66 9.66 6.82 7.55 7.55 8.30 11.92 8.67 7.50 7.50 7.50 7.66 6.45 7.27 7.27 7.27 7.62 9.17 7.85 6.65 5.54 4.23 5.54 5.54 5.54 4.23 5.54 5.54 5.36 7.20 9.21 9.21 5.59 5.96 7.20 5.96 5.49 8.99 5.73 6.14 5.00 4.08 5.37 6.31 5.27 2.14 7.21 7.30 7.95 8.32 7.95 3.82 7.21 7.58 4.96 3.21 0.00 0.00 0.00 0.00 0.00 0.00 0.00 0.00 0.00 0.00 0.00 0.00 0.00 0.00 0.00 0.00 0.00 0.00 0.00 0.00
7.16 6.01 6.01 7.36 8.55 4.55 10.40 6.70 9.66 6.40 6.82 6.82 8.67 7.51 13.04 13.41 9.14 7.66 7.66 7.66 5.54 7.27 7.27 7.27 5.91 8.79 8.20 4.60 6.28 5.91 5.54 4.23 4.23 4.23 5.54 5.54 7.22 10.20 10.84 5.36 6.46 5.59 6.46 5.36 5.36 8.99 7.08 3.98 8.15 5.53 5.64 7.05 5.95 5.77 6.84 8.98 7.59 7.59 9.06 8.32 7.21 7.44 4.59 0.96 0.00 0.00 0.00 0.00 0.00 0.00 0.00 0.00 0.00 0.00 0.00 0.00 0.00 0.00 0.00 0.00 0.00 0.00 0.00 2.09
6.01 6.38 10.61 6.77 6.82 7.51 7.81 9.66 6.82 7.14 7.19 6.77 7.14 7.14 7.51 7.51 11.56 8.03 6.45 6.76 5.54 7.27 7.27 7.27 5.54 9.54 8.42 4.60 5.91 4.60 1.27 4.23 4.23 1.27 4.23 4.23 6.33 10.20 7.22 6.46 5.36 7.08 7.08 7.46 5.77 6.87 3.61 5.43 3.74 4.95 6.11 5.64 8.16 5.39 1.33 7.43 7.81 7.36 8.69 7.95 7.21 7.21 7.21 6.62 0.00 0.00 0.00 0.00 0.00 0.00 0.00 0.00 0.00 0.00 0.00 0.00 0.00 0.00 0.00 0.00 0.00 0.00 0.00 2.09
6.92 5.71 7.14 6.95 6.45 10.03 9.66 6.40 7.46 7.14 7.06 3.81 3.81 7.93 7.93 8.30 11.92 7.66 5.13 6.76 5.54 7.27 7.27 4.60 5.91 9.17 7.85 5.54 5.54 4.23 4.23 4.23 4.23 7.85 7.85 4.90 5.59 2.33 4.45 6.46 6.46 5.59 7.08 2.87 2.87 6.50 3.61 4.48 2.10 1.36 8.63 4.99 1.03 1.33 1.33 4.04 7.81 7.81 8.32 7.95 7.21 7.74 5.70 5.40 3.74 2.56 0.00 0.00 0.00 0.00 0.00 0.00 0.00 0.00 0.00 0.00 0.00 0.00 0.00 0.00 0.00 0.00 0.00 2.09
4.26 7.88 3.88 6.95 6.70 6.40 7.19 6.40 7.06 7.43 7.32 4.56 7.93 7.93 6.82 7.93 7.93 6.09 6.09 5.13 5.30 7.25 7.25 5.91 5.91 7.85 7.85 5.54 5.54 5.91 6.28 4.23 4.23 5.30 7.85 7.85 4.08 4.45 5.73 5.36 6.46 6.46 5.89 3.61 3.24 6.50 5.77 2.47 1.73 4.99 4.99 1.29 1.33 1.33 1.33 6.07 7.36 7.74 7.58 7.74 8.11 8.32 2.45 2.08 5.33 3.74 0.00 0.00 0.00 0.00 0.00 0.00 0.00 0.00 0.00 0.00 0.00 0.00 0.00 0.00 0.00 0.00 0.00 0.00
7.51 3.51 3.51 6.77 9.66 6.40 7.93 3.81 7.06 7.19 7.69 7.32 7.55 7.93 6.40 6.77 7.93 7.55 6.76 6.76 5.30 5.54 5.54 5.54 4.23 7.85 8.42 5.54 5.54 5.91 5.34 4.97 1.27 4.23 4.79 7.85 4.08 4.22 3.24 2.87 5.36 5.49 6.27 3.24 4.62 7.91 7.91 2.10 5.36 2.10 1.66 1.66 3.58 2.08 7.58 5.33 3.95 6.99 7.43 7.95 8.69 6.07 6.07 2.82 5.33 6.62 0.00 0.00 0.00 0.00 0.00 0.00 0.00 0.00 0.00 0.00 0.00 0.00 0.00 0.00 0.00 0.00 0.00 0.00
11.02 9.91 6.77 6.95 10.95 11.18 8.30 7.14 6.03 7.93 7.69 7.32 5.52 5.52 4.33 7.55 6.40 7.55 6.76 6.76 5.54 5.54 5.54 5.54 5.54 9.17 4.79 5.54 5.54 5.54 4.79 5.16 4.23 4.79 4.79 7.85 4.08 4.22 4.45 5.36 2.87 5.36 8.99 8.83 8.53 9.27 5.73 8.16 4.66 2.03 2.40 5.77 2.45 7.95 7.95 3.95 3.74 1.70 6.84 7.58 7.95 2.08 6.44 2.82 5.33 5.44 1.82 0.00 0.00 0.00 0.00 0.00 0.00 0.00 0.00 0.00 0.00 0.00 0.00 0.00 0.00 0.00 0.00 0.00
10.28 10.40 6.28 6.95 7.55 7.55 11.92 8.19 7.55 7.55 7.55 7.32 3.96 5.75 5.75 5.52 5.89 5.75 7.66 6.76 5.54 4.23 4.23 4.23 5.16 8.23 4.23 5.54 5.54 7.85 7.85 7.85 7.85 4.90 4.90 7.85 7.70 7.70 7.70 7.70 7.73 7.85 8.03 8.16 5.36 5.73 5.73 4.91 4.66 2.03 2.77 5.66 5.70 5.33 6.84 4.96 7.21 5.33 4.59 5.33 6.07 5.33 4.96 5.70 7.21 1.82 1.82 0.00 0.00 0.00 0.00 0.00 0.00 0.00 0.00 0.00 0.00 0.00 0.00 0.00 0.00 0.00 0.00 0.00
8.74 6.28 7.98 7.98 7.93 7.55 4.23 10.08 11.18 7.55 7.55 7.55 5.75 5.75 5.75 5.75 5.52 5.75 5.75 5.86 5.91 5.54 4.23 1.27 8.91 8.23 5.27 4.90 4.90 5.27 5.91 2.01 1.27 1.64 1.64 4.94 4.45 4.08 4.08 4.41 4.08 1.59 5.64 5.73 2.47 1.73 1.73 2.10 7.92 4.91 5.66 2.40 2.45 1.70 2.08 2.08 1.70 5.33 4.96 4.96 5.33 6.62 6.62 6.62 3.00 1.82 1.82 0.00 0.00 0.00 0.00 0.00 0.00 0.00 0.00 0.00 0.00 0.00 0.00 0.00 0.00 0.00 0.00 0.00
6.28 8.74 6.95 8.35 6.40 5.75 6.23 5.75 5.75 11.18 11.18 7.55 5.52 5.75 5.75 5.75 5.75 5.52 6.56 5.86 3.91 4.60 5.54 8.42 4.90 4.90 5.16 1.27 1.27 4.94 5.53 4.97 4.23 2.01 1.64 4.23 1.22 4.45 8.08 4.45 4.22 2.47 3.58 3.21 2.84 2.47 2.47 2.47 5.36 7.92 4.24 2.40 2.45 1.70 2.45 2.08 6.07 5.70 4.96 5.33 5.33 6.99 6.99 6.62 6.62 1.82 1.82 1.82 0.00 0.00 0.00 0.00 0.00 0.00 0.00 0.00 0.00 0.00 0.00 0.00 0.00 0.00 0.00 0.00
6.28 3.14 6.28 6.95 6.03 6.13 4.97 4.23 4.23 5.52 9.15 8.28 5.52 5.52 5.75 5.75 5.75 5.75 6.56 6.56 1.43 5.16 9.17 10.87 1.27 4.90 1.27 1.64 2.01 1.64 4.79 4.23 4.23 4.60 2.01 1.79 4.08 7.70 4.08 4.45 4.65 4.53 2.47 5.27 2.10 2.47 2.10 2.10 1.36 8.16 4.24 1.66 1.70 1.33 2.08 6.07 5.70 1.70 1.33 3.70 7.33 5.33 1.70 3.58 7.36 2.19 1.82 1.82 3.46 3.46 0.00 0.00 0.00 0.00 0.00 0.00 0.00 0.00 0.00 0.00 0.00 0.00 0.00 0.00
6.28 7.98 6.28 5.15 4.23 4.97 6.13 4.23 4.65 4.23 5.75 9.38 6.23 5.75 5.75 5.75 5.75 5.75 6.55 7.21 8.42 7.85 7.24 7.24 7.22 1.27 4.90 1.27 2.12 1.27 5.23 4.23 4.79 4.23 4.59 4.23 4.08 8.03 4.41 4.45 4.90 4.53 1.73 1.73 4.90 1.73 1.36 1.36 1.36 4.53 7.92 4.29 7.21 6.84 6.62 6.84 6.62 6.84 6.84 6.84 6.62 3.00 3.00 3.37 7.36 1.82 1.82 1.82 3.83 3.83 3.46 3.46 3.46 3.46 3.46 4.05 3.46 3.46 3.46 4.05 3.46 4.05 3.46 4.05
10.58 7.81 6.62 5.11 6.13 6.68 5.52 6.55 6.55 6.13 6.13 4.60 7.86 5.75 6.56 6.56 7.50 6.55 7.18 9.01 10.83 7.20 7.46 7.20 7.19 7.19 5.94 7.85 1.27 4.23 4.79 4.79 4.23 4.23 4.23 4.23 4.08 7.70 4.08 4.53 5.20 5.20 5.20 5.00 4.90 4.90 5.82 5.78 4.28 1.36 1.36 7.92 3.37 3.58 3.00 3.00 3.00 3.00 3.00 3.00 3.00 3.00 3.00 3.00 6.62 0.96 0.96 0.96 1.41 1.41 1.04 1.04 1.04 1.04 1.04 1.04 1.04 1.04 1.04 1.04 1.04 1.04 1.04 1.04
7.81 11.44 6.95 4.48 6.13 6.13 6.55 6.55 6.92 2.21 5.62 7.95 5.02 11.53 7.53 7.53 6.55 6.55 11.13 11.45 6.33 7.20 7.20 7.72 8.09 2.69 2.31 11.34 1.27 4.90 8.42 8.42 4.90 4.78 4.78 4.78 1.13 7.60 7.92 7.92 4.29 4.66 5.20 5.00 5.78 6.19 6.15 2.47 2.10 1.36 4.70 7.91 6.62 3.00 3.00 3.00 3.00 3.00 3.00 3.00 3.00 3.00 3.00 3.00 6.62 3.00 3.21 0.96 1.43 3.46 3.46 3.46 3.46 3.46 3.46 3.46 3.46 3.46 3.46 3.46 3.46 3.46 3.46 3.46
6.49 7.35 7.58 4.28 3.95 5.67 5.67 5.67 1.31 2.05 5.10 4.41 4.73 8.36 4.36 5.67 6.04 8.41 11.45 6.65 5.78 6.67 6.67 7.04 7.03 7.03 6.65 6.65 4.76 4.77 4.01 3.79 1.14 3.43 1.03 3.43 4.68 7.59 3.96 3.96 2.30 5.07 3.96 1.26 2.00 1.63 2.37 2.74 5.25 4.88 4.88 4.88 4.95 2.71 2.71 2.71 2.71 2.98 2.71 2.71 2.71 2.71 2.71 2.71 6.34 2.71 2.98 0.89 0.99 2.14 2.14 2.14 2.14 2.14 2.14 2.14 2.14 2.14 2.14 2.14 2.14 2.14 2.14 2.14
7.58 7.58 5.78 5.55 4.41 6.04 1.68 4.36 1.31 4.73 4.78 6.34 4.36 7.99 7.99 8.04 8.04 7.15 10.41 5.62 5.78 6.97 6.67 7.04 6.65 6.65 6.65 6.65 10.78 3.79 7.42 7.42 4.76 4.66 7.06 3.43 1.19 4.82 3.96 3.96 4.33 4.70 4.33 1.26 2.00 2.00 5.62 5.62 4.44 4.19 1.26 1.63 1.69 4.95 2.71 2.71 2.71 2.98 2.71 2.71 2.71 2.71 2.71 2.71 6.61 0.89 0.89 0.89 0.99 3.07 0.00 0.00 0.00 0.00 0.00 0.00 0.00 0.00 0.00 0.00 0.00 0.00 0.00 0.00
7.95 5.78 4.28 4.28 4.41 4.36 4.73 1.31 4.73 4.73 4.73 6.68 5.67 5.67 4.73 4.73 10.26 6.76 6.63 10.26 2.09 5.76 6.64 6.64 6.62 6.62 6.62 6.62 10.25 7.84 4.21 4.21 4.21 3.43 3.88 7.55 4.82 4.82 7.59 1.19 3.96 4.33 4.33 1.26 4.27 5.62 1.63 1.63 1.26 4.62 4.27 2.00 3.92 3.55 6.80 2.71 2.71 2.71 2.71 2.71 2.71 1.27 1.64 1.27 6.34 0.89 1.27 1.27 0.99 0.99 0.00 0.00 0.00 0.00 0.00 0.00 0.00 0.00 0.00 0.00 0.00 0.00 0.00 0.00
8.32 6.15 5.55 4.28 4.41 4.36 4.36 4.36 5.10 2.05 2.05 5.60 4.36 5.67 4.73 7.97 10.39 6.63 11.45 10.26 5.76 5.76 6.64 6.64 6.62 6.62 6.62 6.62 10.25 7.84 4.21 4.21 4.21 3.88 7.58 7.58 7.49 7.59 4.24 5.19 7.59 3.96 1.26 4.19 4.88 1.26 4.56 4.62 4.62 4.62 4.62 4.27 4.29 1.69 4.58 1.27 3.35 2.71 2.71 6.34 6.34 5.26 8.09 5.26 4.52 4.89 1.64 1.64 0.99 0.99 0.99 0.00 0.00 0.00 0.00 0.00 0.00 0.00 0.00 0.00 0.00 0.00 0.00 0.00
6.45 6.15 4.28 4.08 4.36 4.36 4.36 1.31 1.31 4.41 5.23 4.36 1.31 6.31 4.36 10.28 6.63 10.26 10.58 7.82 5.76 5.76 5.76 6.64 6.62 6.62 6.62 6.62 10.25 5.14 7.79 5.14 7.79 7.55 3.92 1.18 3.96 7.59 4.21 4.33 3.96 7.59 7.81 5.62 2.00 1.26 1.63 1.63 3.90 3.86 4.33 4.93 1.32 4.95 4.89 1.64 4.09 3.72 6.71 6.34 3.45 2.01 1.56 1.27 0.89 6.00 2.75 1.27 0.99 1.04 0.99 0.00 0.00 0.00 0.00 0.00 0.00 0.00 0.00 0.00 0.00 0.00 2.14 2.14
6.52 4.65 4.08 4.92 4.36 4.36 4.36 4.41 4.36 4.41 6.68 5.67 5.67 4.73 5.10 7.99 10.26 10.26 6.76 7.82 5.76 5.76 5.76 6.64 6.62 6.62 6.62 6.62 4.76 1.88 4.53 3.79 2.00 1.55 1.18 1.18 1.19 7.59 3.86 1.19 1.19 4.33 1.26 5.25 1.63 4.19 4.64 4.70 4.33 4.24 4.70 2.30 1.32 6.80 3.45 2.01 2.38 7.45 3.08 2.98 3.45 1.64 3.08 2.98 0.89 4.89 7.12 2.38 0.99 0.64 0.64 0.99 0.00 0.00 0.00 0.00 0.00 0.00 0.00 0.00 2.14 2.22 0.64 0.99
5.02 5.87 4.45 6.94 5.67 5.67 4.36 5.23 5.67 5.67 5.67 5.67 5.67 5.10 5.68 7.99 4.94 1.31 6.61 6.61 5.75 5.75 5.75 5.75 6.62 6.62 6.62 7.15 4.76 4.16 1.51 1.26 1.63 4.57 4.20 4.20 4.19 7.81 7.81 3.90 1.26 4.56 4.93 5.25 4.56 4.56 4.70 4.61 4.24 4.33 3.96 4.33 4.52 6.71 3.08 2.01 3.86 4.09 3.35 1.64 5.26 3.08 2.71 2.72 6.61 4.89 2.01 4.09 0.99 2.14 0.00 0.99 0.99 0.00 0.00 0.00 0.00 0.00 0.00 2.14 0.64 0.99 0.99 2.14
5.50 4.45 6.94 6.94 6.04 5.23 5.67 4.36 5.67 5.67 5.67 5.67 5.67 1.68 5.31 4.36 7.99 4.36 4.36 6.98 6.12 1.06 1.06 1.06 3.43 3.81 6.98 3.43 4.66 7.06 4.29 5.06 3.92 4.20 4.20 4.20 7.81 7.81 4.88 7.81 7.81 7.53 7.81 7.81 9.05 5.16 4.33 4.24 3.86 3.86 4.24 5.07 7.45 2.98 3.35 2.38 2.75 2.01 3.35 4.83 5.63 2.98 6.34 6.34 6.34 2.71 2.71 2.71 0.99 0.00 0.00 0.00 0.99 0.99 0.00 0.00 0.00 2.22 0.64 0.99 0.99 2.14 2.14 0.00
