New_Model_Runs/10_Future_Present_Scn3_out/post_prcessed_with_MFR/Monthly_summaries/net_infiltration_monthly_SEP.asc
NCOLS 700
NROWS 400
XLLCENTER 515000.000000
YLLCENTER 8409000.000000
CELLSIZE 50.000000
NODATA_value -999.000000
[rows 304 to 341 of 400, columns 168 to 251 of 700]
9.33 6.53 7.09 6.53 6.53 5.81 9.01 6.17 6.40 6.92 7.28 6.78 7.28 6.92 6.77 6.93 6.93 7.13 6.40 6.93 6.40 7.70 7.35 7.29 7.85 7.85 8.21 6.84 9.76 7.49 7.49 7.13 6.98 6.98 6.98 6.98 7.49 6.51 7.32 6.84 7.70 10.85 10.85 9.85 10.33 10.33 7.18 6.69 6.70 7.42 7.06 6.70 8.06 7.63 6.34 6.82 6.63 6.54 6.54 10.05 6.54 7.46 7.33 7.82 7.82 7.46 7.46 7.46 7.82 7.26 7.35 10.14 9.46 5.95 5.68 9.82 2.06 5.53 5.89 6.66 7.37 8.81 7.73 7.01
9.36 10.04 7.45 5.50 6.53 6.17 5.81 9.33 6.40 6.92 6.92 6.42 6.06 6.93 6.93 6.93 6.77 6.40 7.00 5.97 7.65 7.70 6.77 7.29 7.85 7.85 6.87 9.67 6.48 7.85 7.49 7.52 7.52 7.52 6.98 7.52 6.98 6.84 6.87 7.85 7.70 7.34 7.34 9.07 7.28 10.57 10.93 10.57 6.38 10.57 9.85 9.85 9.85 11.21 9.49 9.49 10.14 10.05 10.77 11.13 10.14 6.18 7.46 7.82 7.82 7.46 7.46 7.46 7.82 6.99 10.05 11.33 6.89 5.68 6.89 6.89 5.22 5.53 6.66 7.01 6.24 7.73 7.73 7.01
7.18 10.48 7.31 6.46 5.50 6.46 2.01 5.52 5.80 7.12 6.76 6.76 7.12 6.53 6.33 6.89 6.53 6.53 5.73 6.24 6.89 7.28 6.53 6.53 7.22 7.58 6.15 9.27 7.58 7.22 6.34 7.24 7.24 7.24 7.24 7.24 7.24 7.24 6.86 6.68 7.22 7.22 8.24 6.61 6.97 7.70 7.33 6.97 6.61 7.69 7.69 6.61 9.78 5.28 9.76 9.76 2.13 6.64 9.18 4.65 3.57 10.15 10.93 10.72 6.76 7.21 6.76 6.30 5.37 9.43 9.79 7.57 6.72 6.72 6.72 5.60 5.96 6.51 7.23 7.59 7.23 6.89 6.89 6.87
6.14 5.84 9.73 3.09 6.58 6.65 6.94 2.73 9.64 6.49 7.12 7.12 6.76 6.53 6.89 5.88 6.89 6.53 6.53 6.53 6.89 6.89 6.53 6.53 6.86 6.33 5.97 10.73 6.33 5.97 7.24 7.24 7.24 7.24 7.24 7.60 7.60 7.24 7.24 7.24 8.24 6.63 7.58 7.22 7.58 7.22 7.58 7.33 7.69 7.94 7.33 6.61 5.89 6.25 5.64 5.89 2.13 7.00 7.64 8.65 7.00 7.00 7.38 10.53 9.79 10.72 9.43 9.69 6.30 6.30 10.72 10.72 10.58 9.28 5.60 5.96 5.96 7.07 7.16 7.25 6.17 6.17 6.53 7.23
6.82 5.86 9.01 6.94 6.58 6.46 7.10 2.73 5.61 6.52 6.60 6.55 6.76 6.89 6.89 6.53 6.53 6.53 6.53 6.53 6.89 6.89 6.53 6.89 6.86 6.33 7.94 10.37 6.86 7.23 7.23 7.23 6.86 6.86 6.68 5.97 7.59 7.23 5.87 6.23 6.63 6.99 6.63 7.22 7.22 7.22 7.22 7.94 6.61 8.16 5.89 6.25 2.13 5.64 9.76 5.89 6.48 7.21 7.21 7.21 6.30 7.21 7.57 7.21 6.71 7.21 7.21 7.21 7.21 7.21 7.21 7.31 6.12 6.72 10.23 9.11 9.47 9.99 9.33 9.96 9.60 6.17 7.23 6.87
6.82 5.86 5.84 10.09 7.18 5.50 6.22 6.22 1.74 10.03 7.21 7.48 6.76 6.53 6.53 6.15 7.11 6.53 6.53 6.53 5.52 6.53 6.53 5.88 6.86 7.22 9.99 5.97 7.22 7.23 7.23 7.23 6.68 6.86 6.86 6.86 6.68 7.23 7.59 6.59 7.22 7.22 7.94 7.58 7.22 7.22 7.22 7.22 7.22 7.22 7.22 6.99 2.49 11.39 6.25 7.58 7.21 7.21 7.21 7.21 7.21 7.21 7.21 6.95 7.31 7.67 7.65 7.21 7.21 6.75 6.75 5.74 5.73 6.72 6.72 7.39 7.32 6.09 6.44 7.23 10.04 10.04 9.69 9.96
7.18 6.22 5.78 9.35 5.50 6.46 6.82 6.22 7.50 10.61 7.23 7.59 6.89 5.73 6.53 6.53 6.53 6.91 6.91 6.53 6.53 6.53 5.73 5.73 7.22 9.48 6.33 6.69 7.58 6.86 7.64 7.23 6.86 6.86 6.86 6.86 6.68 5.87 5.87 7.59 7.54 7.54 7.22 7.22 7.22 7.07 7.51 7.22 5.89 7.22 7.58 8.30 11.45 7.52 7.88 7.88 7.33 7.46 7.21 7.21 7.21 7.57 7.31 6.95 6.46 7.29 7.84 6.95 6.95 6.75 7.93 6.95 6.51 7.27 6.51 7.07 7.21 6.51 6.68 6.51 7.21 7.23 7.23 6.87
5.86 6.50 6.46 5.48 9.73 6.94 7.18 5.48 7.23 2.82 5.75 6.88 7.25 6.89 6.53 6.33 6.53 6.53 6.91 6.53 6.78 8.29 6.08 10.31 11.09 7.22 6.33 7.22 7.58 7.22 7.59 7.23 7.23 6.86 7.23 7.23 7.23 6.68 7.23 7.23 7.54 7.54 7.54 7.54 7.52 7.22 7.07 7.22 7.22 7.22 7.22 10.73 10.73 7.52 7.52 7.52 7.21 7.46 7.46 6.95 6.95 7.31 6.95 6.95 6.95 7.31 7.31 6.95 6.95 6.75 6.95 6.95 6.32 6.32 6.51 6.51 6.51 6.32 6.32 6.51 6.87 7.23 6.51 6.51
6.91 6.82 6.46 6.46 5.88 7.65 6.55 5.48 7.23 6.52 5.61 10.03 6.44 6.20 6.53 6.53 6.53 6.53 6.53 6.78 6.53 6.44 9.95 7.25 7.58 6.86 7.22 7.22 7.22 7.22 6.86 7.23 6.68 7.23 7.23 7.23 7.22 7.22 7.22 7.22 8.26 8.10 7.51 7.51 7.50 7.07 7.22 7.22 7.07 7.22 7.22 10.89 7.51 7.51 7.51 7.51 6.95 6.95 6.69 6.95 8.96 9.32 6.06 5.70 6.95 6.95 7.92 6.73 6.71 6.95 6.95 6.95 6.29 6.51 6.85 6.51 6.51 7.27 6.51 6.51 6.11 6.09 6.51 6.87
6.46 6.82 5.86 9.01 5.86 6.58 6.58 6.58 6.88 6.88 6.16 10.03 6.96 7.25 6.89 6.53 6.53 6.53 6.78 6.53 6.53 9.75 10.04 6.89 6.58 7.22 6.86 6.86 6.86 6.86 6.86 6.68 6.68 7.23 7.23 7.23 7.22 7.22 7.22 7.66 7.50 7.51 8.00 7.37 7.22 7.07 7.07 7.07 7.22 7.22 7.22 10.73 7.22 7.60 7.93 7.51 6.95 6.95 6.69 3.59 3.59 3.59 3.59 3.59 3.59 3.59 6.73 6.73 6.71 6.95 6.95 6.95 6.51 6.51 6.51 6.29 6.30 6.89 6.51 6.51 5.73 5.46 6.51 6.87
5.84 7.01 9.71 5.50 6.46 6.46 6.46 6.82 7.48 6.16 6.76 5.56 9.30 7.63 6.89 6.53 6.53 5.68 5.52 6.89 6.89 9.24 6.89 6.89 6.86 6.86 6.68 6.68 6.86 6.68 6.68 6.68 6.68 7.23 7.23 6.68 6.68 6.68 6.68 6.86 7.51 7.51 7.22 7.22 7.22 7.07 7.22 7.22 7.22 7.22 7.22 10.73 7.22 7.57 7.22 7.51 6.95 6.69 6.69 3.59 3.59 3.59 3.59 3.59 3.59 3.59 6.73 3.59 4.35 7.22 6.95 6.71 6.29 6.51 6.51 6.87 7.02 6.66 6.30 6.51 6.51 6.51 6.51 6.51
5.84 10.09 6.22 6.82 6.46 6.46 6.46 6.46 6.88 6.88 7.12 4.96 8.94 5.73 7.25 6.89 6.89 5.80 5.52 6.44 6.80 9.60 5.73 6.89 6.59 7.22 6.68 6.86 6.86 6.86 6.68 6.68 6.68 6.86 7.18 6.86 6.86 6.68 6.68 6.68 7.22 7.37 7.07 7.22 7.22 7.07 7.07 7.22 7.22 7.94 7.58 10.73 7.22 7.22 7.22 7.51 6.95 6.95 6.69 6.69 6.73 6.73 6.73 6.73 6.73 6.73 3.93 3.59 3.59 6.71 6.71 7.37 6.51 6.51 6.51 6.87 6.80 7.23 6.80 6.51 6.51 6.51 6.51 6.52
9.37 6.46 7.18 6.94 7.18 6.46 6.46 5.84 6.55 10.03 10.03 9.39 9.24 9.24 6.15 7.13 5.79 7.25 5.73 6.80 7.27 6.89 6.78 6.60 7.29 7.44 6.86 6.86 6.86 6.68 6.68 6.68 6.86 6.86 6.86 6.86 6.86 6.68 6.68 6.86 7.60 7.07 7.22 7.07 7.22 7.22 7.07 7.07 7.58 6.97 10.50 7.22 7.22 7.44 7.44 7.44 7.21 6.95 6.69 6.69 6.78 6.78 6.78 6.78 6.78 6.78 6.78 6.78 6.73 3.59 3.59 3.59 7.14 6.26 6.51 6.87 6.37 7.23 7.23 6.51 6.51 6.51 6.51 6.87
9.37 6.46 6.20 6.20 7.18 6.46 6.82 5.48 9.35 6.16 7.23 6.09 6.49 9.60 6.89 5.73 6.80 6.80 6.60 6.80 10.31 7.25 6.89 7.60 7.31 7.22 6.86 6.86 6.68 6.68 6.93 6.68 6.86 7.22 7.22 7.22 7.18 6.68 7.18 7.18 7.47 7.47 7.22 7.07 7.07 7.39 7.07 7.07 6.61 7.94 9.41 7.22 7.44 7.44 7.44 7.44 6.95 6.69 7.35 6.69 6.78 6.78 6.78 6.78 6.78 6.78 6.78 6.78 6.73 6.73 3.93 3.59 3.50 5.42 6.51 6.51 6.17 7.25 7.23 6.52 6.87 7.23 5.82 6.51
7.89 7.54 6.55 5.86 6.46 7.54 6.58 9.71 6.51 6.16 6.91 2.33 6.09 6.24 9.03 6.24 6.80 7.25 7.60 10.72 7.60 7.25 6.53 6.89 7.58 7.22 6.86 7.57 7.49 6.68 6.93 6.93 6.68 7.62 7.22 7.22 7.18 7.18 7.18 7.60 7.22 7.22 7.22 7.22 7.22 7.07 5.30 5.30 7.58 7.22 11.03 7.22 7.44 7.22 7.07 6.95 6.69 6.69 6.69 6.69 6.78 6.78 6.78 6.78 6.78 6.78 6.78 6.78 6.73 6.73 6.73 6.73 3.50 6.26 6.26 6.26 6.87 7.23 7.23 6.51 6.87 6.87 6.87 6.51
7.41 7.37 2.01 6.14 6.22 6.58 10.09 6.22 6.87 6.76 6.76 6.53 6.89 6.24 9.39 5.88 5.88 7.25 6.56 9.95 6.44 6.44 6.69 6.33 6.86 7.30 6.86 7.23 7.23 6.68 6.68 6.68 6.68 7.22 7.22 7.22 7.18 7.43 7.55 6.86 7.22 7.22 5.30 7.47 7.50 7.50 5.30 5.30 7.07 10.58 5.89 4.20 7.53 7.22 6.97 7.39 6.69 6.69 6.69 6.69 6.78 6.78 6.46 6.96 6.78 6.78 6.78 6.78 6.73 6.73 6.73 7.38 6.26 6.26 6.26 6.26 6.28 6.51 6.51 6.51 6.52 6.87 6.51 6.51
7.30 6.58 6.14 5.86 9.35 9.35 7.18 6.82 6.76 6.76 6.53 6.53 5.52 6.92 5.88 9.03 7.49 6.09 5.96 6.09 6.87 6.09 6.33 6.33 6.86 6.86 7.23 7.23 6.86 6.68 6.86 6.68 6.86 7.18 7.18 6.68 6.68 7.14 6.68 6.68 7.07 7.07 7.07 7.46 7.59 5.30 5.89 5.89 5.89 9.41 4.20 4.45 7.42 7.55 6.69 6.69 6.71 6.71 6.71 6.71 6.79 6.79 6.96 7.54 7.56 6.81 6.81 6.81 6.77 6.77 6.77 6.77 6.27 6.27 6.27 6.27 6.27 6.51 6.51 6.51 6.52 6.51 6.51 6.51
6.94 3.09 10.07 10.33 6.82 6.82 6.56 6.46 6.76 6.51 5.52 6.53 6.53 7.64 5.52 9.03 9.75 10.04 9.30 6.44 7.63 6.89 6.53 6.53 6.86 6.86 6.86 6.68 6.68 6.68 6.86 7.03 6.86 6.86 6.68 6.68 6.68 6.68 6.68 6.86 7.22 7.07 7.07 4.20 4.20 4.20 4.20 4.20 5.89 9.41 7.48 7.48 7.42 7.42 6.69 6.69 7.37 6.71 6.71 6.71 6.79 7.42 7.06 7.54 7.56 7.56 6.81 6.81 6.77 6.77 6.77 6.77 6.27 6.51 6.51 6.51 6.51 6.51 6.51 6.27 6.51 6.51 6.51 6.51
8.51 12.84 11.40 8.02 8.25 7.79 2.40 6.81 5.50 6.39 6.17 6.17 6.17 3.67 6.51 5.11 8.58 6.17 8.98 7.65 6.93 5.96 5.96 5.96 6.43 6.63 6.88 6.63 6.63 6.43 6.43 6.63 6.90 6.63 6.43 6.43 6.43 5.07 6.63 6.63 7.02 7.02 7.02 4.23 4.23 5.07 4.23 5.30 5.30 5.30 9.35 5.30 4.23 7.12 6.45 6.45 6.31 6.31 6.31 6.31 6.40 6.40 7.06 7.06 7.08 7.08 7.08 6.41 6.38 6.38 6.38 6.38 5.88 5.88 5.88 5.97 5.97 5.97 5.97 6.33 6.23 5.87 5.87 5.87
12.02 12.12 8.02 7.66 3.12 7.53 7.14 6.37 6.39 6.39 6.17 6.43 6.17 6.51 9.30 8.62 5.83 6.53 8.54 6.94 6.93 5.96 5.96 6.28 6.63 6.63 6.88 6.63 6.63 6.63 6.95 6.95 6.90 6.43 6.43 6.43 7.19 5.07 5.07 8.72 6.85 7.02 7.02 6.85 6.85 6.85 5.30 5.30 5.30 5.30 9.35 4.23 4.23 7.53 6.45 6.45 6.31 6.31 6.31 6.31 6.40 6.40 6.54 6.73 7.08 7.08 7.08 6.41 7.24 6.47 6.38 6.38 6.47 6.47 5.88 5.88 5.97 5.97 5.97 6.33 5.87 5.87 5.87 5.87
11.66 4.91 8.74 7.30 8.38 8.38 7.15 7.14 5.32 6.09 6.88 6.17 6.88 6.55 10.06 6.51 6.19 6.15 8.98 5.47 5.79 6.32 5.96 5.96 6.63 6.63 6.63 6.63 6.63 6.91 6.91 6.91 6.85 6.85 6.43 6.43 6.63 6.63 6.43 6.43 6.85 6.85 6.85 6.85 7.02 6.85 6.85 6.85 6.85 6.85 9.39 8.10 4.58 7.15 7.15 6.48 6.31 6.31 6.31 6.31 6.37 6.37 7.04 7.04 7.09 6.54 6.54 6.73 6.47 6.47 6.39 6.39 5.90 5.90 5.90 5.97 6.18 6.18 6.33 6.33 5.97 5.88 5.88 5.88
9.61 11.76 8.61 8.02 8.02 8.74 7.30 7.13 5.38 5.83 6.88 6.17 6.88 10.06 10.74 10.74 6.55 7.26 9.98 5.83 5.83 5.39 5.96 5.96 6.43 6.63 6.63 6.63 6.63 6.63 6.91 6.91 6.85 6.43 6.43 7.18 6.43 6.43 6.43 6.43 6.85 7.89 7.12 6.85 7.16 7.16 6.85 6.85 6.85 6.85 6.85 9.71 4.58 4.23 4.23 6.48 6.31 6.31 6.31 6.31 6.37 7.04 7.04 7.04 7.09 6.54 6.54 6.73 6.51 6.47 6.47 6.39 6.49 5.90 5.90 6.32 6.18 5.88 6.33 5.97 5.97 5.97 5.88 5.88
0.00 5.74 11.04 7.43 7.43 7.53 6.71 7.89 6.21 5.79 6.17 10.15 9.30 7.94 8.13 8.32 10.02 10.19 10.38 6.15 6.17 5.47 5.11 5.96 6.80 6.43 6.43 6.43 6.91 6.91 6.91 6.91 6.85 6.85 7.23 7.18 6.43 6.43 6.43 6.43 7.12 7.12 7.12 7.12 7.16 7.16 7.16 7.09 7.09 7.02 7.02 10.53 7.02 4.23 7.15 7.15 6.31 6.31 6.31 6.31 6.37 6.37 7.04 7.04 7.09 6.54 6.97 6.54 6.51 6.39 6.99 6.39 5.90 5.90 5.97 5.97 5.88 5.97 5.97 5.88 5.97 6.32 5.50 6.33
0.00 0.00 5.74 10.33 10.22 9.25 10.68 10.58 6.57 9.66 8.94 9.49 6.51 7.94 7.23 6.17 7.23 10.06 5.83 6.88 5.96 6.17 5.96 5.96 6.63 6.63 6.63 6.80 6.43 6.91 6.91 6.91 6.85 6.85 6.85 6.85 6.63 6.63 6.43 6.17 6.45 6.45 6.45 6.45 6.48 7.16 7.16 6.85 6.85 7.02 7.38 9.95 7.34 7.02 7.15 7.15 6.31 6.31 6.31 6.31 6.37 6.37 6.37 7.04 7.09 7.09 0.00 7.09 6.39 6.39 6.39 6.39 5.90 6.63 5.87 6.19 5.88 5.88 5.88 5.95 4.98 5.97 6.58 5.97
0.00 0.00 0.00 0.00 0.00 0.00 0.00 0.00 9.37 8.98 5.82 5.11 7.24 6.53 6.17 6.17 6.88 6.88 5.47 5.47 6.56 6.17 6.17 6.17 6.88 6.63 7.02 6.63 6.63 6.83 6.83 6.83 6.76 6.76 6.76 6.43 6.79 6.79 6.17 6.17 6.46 6.46 6.46 6.46 6.46 6.46 7.14 7.14 7.15 7.02 7.38 9.95 7.34 7.34 7.17 7.17 6.95 6.30 6.30 6.30 6.35 6.35 6.35 6.95 6.40 0.00 0.00 0.00 6.39 6.39 0.00 0.00 0.00 5.92 5.97 5.97 5.97 5.97 5.88 5.95 5.97 6.33 6.33 5.97
0.00 0.00 0.00 0.00 0.00 0.00 0.00 0.00 0.00 0.00 3.59 5.11 5.79 6.15 6.53 6.17 6.17 6.17 6.53 5.47 5.96 6.17 6.43 6.17 6.63 6.88 6.63 6.92 6.83 6.83 6.83 6.83 6.76 6.76 6.76 6.76 6.79 6.79 6.79 6.79 6.85 6.85 7.13 6.46 6.46 6.46 7.14 7.14 7.56 7.15 8.05 7.02 10.53 7.17 7.17 7.17 6.95 6.30 6.30 6.30 6.35 6.35 6.35 6.35 6.40 0.00 0.00 0.00 0.00 0.00 0.00 0.00 0.00 0.00 0.00 5.92 5.97 5.88 5.88 5.97 5.97 5.97 6.33 5.97
0.00 0.00 0.00 0.00 0.00 0.00 0.00 0.00 0.00 0.00 3.59 3.59 3.59 6.53 6.56 6.17 6.17 6.17 6.17 5.96 6.79 6.79 6.17 6.17 6.63 6.43 6.63 6.92 6.83 6.83 6.83 6.83 6.76 6.76 6.76 6.76 6.79 6.79 6.79 6.79 7.54 7.43 6.85 7.13 6.46 6.46 6.46 7.14 7.15 7.55 7.15 7.15 10.53 7.17 7.17 7.17 6.95 6.95 6.30 6.30 6.35 6.35 6.35 6.35 6.40 6.99 6.40 0.00 0.00 0.00 0.00 0.00 0.00 0.00 0.00 0.00 0.00 5.97 5.88 5.97 5.97 5.97 6.32 5.97
0.00 0.00 0.00 0.00 0.00 0.00 0.00 0.00 0.00 0.00 0.00 0.00 2.99 2.99 6.56 6.56 6.17 6.17 6.17 6.79 6.56 6.56 6.17 6.17 6.43 5.07 5.07 6.92 6.83 6.83 6.83 6.83 6.76 6.76 6.76 6.76 6.79 6.79 6.79 6.79 7.13 7.13 6.77 6.46 6.46 7.06 6.46 6.46 6.47 7.55 7.55 7.15 10.53 7.34 7.17 7.58 6.95 6.95 6.30 6.30 6.35 6.35 6.35 6.35 6.40 6.40 6.40 0.00 0.00 0.00 0.00 0.00 0.00 0.00 0.00 0.00 6.24 5.50 5.97 5.97 5.97 5.97 6.35 5.97
0.00 0.00 0.00 0.00 0.00 0.00 0.00 0.00 0.00 0.00 0.00 0.00 0.00 2.99 5.96 5.96 6.17 6.17 6.57 6.57 3.59 6.56 3.59 6.17 6.43 6.43 5.07 6.84 6.75 6.75 7.12 6.75 6.82 6.19 6.19 6.19 6.27 6.27 6.27 6.27 6.56 6.56 6.56 6.56 6.54 6.54 6.54 6.54 6.48 7.44 6.48 6.48 10.30 7.02 7.31 7.13 7.34 6.95 6.95 6.95 7.01 6.35 6.35 0.00 0.00 0.00 0.00 0.00 0.00 0.00 0.00 0.00 0.00 0.00 0.00 0.00 5.90 6.69 6.69 10.20 9.84 9.48 9.37 5.97
0.00 0.00 0.00 0.00 0.00 0.00 0.00 0.00 0.00 0.00 0.00 0.00 0.00 0.00 3.52 2.99 5.98 5.98 5.97 3.59 3.59 3.59 6.17 6.17 6.84 5.07 6.84 6.84 6.75 6.75 6.75 6.75 6.19 6.19 6.19 6.19 6.27 6.27 6.27 6.27 6.56 6.56 6.56 6.56 6.54 6.54 6.54 6.54 6.48 6.48 6.48 6.48 10.30 6.79 6.79 7.13 6.95 6.95 6.95 6.95 7.01 7.01 0.00 0.00 0.00 0.00 0.00 0.00 0.00 0.00 0.00 0.00 0.00 0.00 0.00 0.00 3.23 3.95 6.05 6.69 5.50 5.86 5.86 9.48
0.00 0.00 0.00 0.00 0.00 0.00 0.00 0.00 0.00 0.00 0.00 0.00 0.00 0.00 0.00 2.99 2.99 2.99 6.58 3.57 2.99 2.99 5.97 5.97 6.20 6.20 6.84 7.21 6.75 6.75 6.75 6.75 6.19 6.19 6.19 6.19 6.27 6.27 6.27 6.27 6.56 6.56 6.56 6.56 6.54 6.54 6.54 6.54 6.48 6.48 6.48 6.48 6.45 10.30 6.79 6.45 6.95 6.95 6.95 6.95 7.01 0.00 0.00 0.00 0.00 0.00 0.00 0.00 0.00 0.00 0.00 0.00 0.00 0.00 0.00 0.00 0.00 3.75 3.23 3.23 5.14 5.97 5.86 5.86
0.00 0.00 0.00 0.00 0.00 0.00 0.00 0.00 0.00 0.00 0.00 0.00 0.00 0.00 0.00 0.00 0.00 2.99 2.99 2.99 2.99 2.99 5.97 5.97 6.20 6.20 6.84 6.84 6.75 6.75 6.75 6.13 6.19 6.19 0.00 0.00 0.00 0.00 0.00 0.00 0.00 0.00 0.00 0.00 0.00 0.00 6.54 6.54 6.48 6.48 6.48 6.48 6.45 10.30 6.79 6.45 6.95 6.95 6.95 7.34 7.01 0.00 0.00 0.00 0.00 0.00 0.00 0.00 0.00 0.00 0.00 0.00 0.00 0.00 0.00 0.00 0.00 0.00 0.00 0.00 0.00 5.86 6.61 5.86
0.00 0.00 0.00 0.00 0.00 0.00 0.00 0.00 0.00 0.00 0.00 0.00 0.00 0.00 0.00 0.00 0.00 0.00 0.00 0.00 0.00 0.00 2.99 5.94 6.18 6.18 6.18 6.81 6.80 6.80 6.17 6.17 6.23 0.00 0.00 0.00 0.00 0.00 0.00 0.00 0.00 0.00 0.00 0.00 0.00 0.00 0.00 0.00 0.00 7.14 6.55 6.55 6.42 6.42 10.30 6.42 6.23 6.86 6.86 6.86 6.96 0.00 0.00 0.00 0.00 0.00 0.00 0.00 0.00 0.00 0.00 0.00 0.00 0.00 0.00 0.00 0.00 0.00 0.00 0.00 0.00 5.85 6.60 5.85
0.00 0.00 0.00 0.00 0.00 0.00 0.00 0.00 0.00 0.00 0.00 0.00 0.00 0.00 0.00 0.00 0.00 0.00 0.00 0.00 0.00 0.00 0.00 2.99 6.18 6.18 6.18 6.18 6.17 6.17 6.17 6.17 0.00 0.00 0.00 0.00 0.00 0.00 0.00 0.00 0.00 0.00 0.00 0.00 0.00 0.00 0.00 0.00 0.00 0.00 6.55 6.55 6.42 6.42 10.30 6.79 6.51 6.23 6.23 6.23 6.31 0.00 0.00 0.00 0.00 0.00 0.00 0.00 0.00 0.00 0.00 0.00 0.00 0.00 0.00 0.00 0.00 0.00 0.00 0.00 0.00 6.43 5.85 5.95
0.00 0.00 0.00 0.00 0.00 0.00 0.00 0.00 0.00 0.00 0.00 0.00 0.00 0.00 0.00 0.00 0.00 0.00 0.00 0.00 0.00 0.00 0.00 0.00 0.00 0.00 0.00 6.18 6.18 6.18 6.18 0.00 0.00 0.00 0.00 0.00 0.00 0.00 0.00 0.00 0.00 0.00 0.00 0.00 0.00 0.00 0.00 0.00 0.00 0.00 6.92 6.33 6.21 6.21 10.81 10.81 6.03 6.03 6.03 6.03 6.11 6.24 0.00 0.00 0.00 0.00 0.00 0.00 0.00 0.00 0.00 0.00 0.00 0.00 0.00 0.00 0.00 0.00 0.00 0.00 0.00 0.00 5.30 5.87
0.00 0.00 0.00 0.00 0.00 0.00 0.00 0.00 0.00 0.00 0.00 0.00 0.00 0.00 0.00 0.00 0.00 0.00 0.00 0.00 0.00 0.00 0.00 0.00 0.00 0.00 0.00 0.00 6.18 6.18 0.00 0.00 0.00 0.00 0.00 0.00 0.00 0.00 0.00 0.00 0.00 0.00 0.00 0.00 0.00 0.00 0.00 0.00 0.00 0.00 6.33 6.33 6.21 6.21 6.21 10.81 10.87 6.03 7.36 6.03 6.11 6.11 6.11 6.11 0.00 0.00 0.00 0.00 0.00 0.00 0.00 0.00 0.00 0.00 0.00 0.00 0.00 0.00 0.00 0.00 0.00 0.00 0.00 5.87
0.00 0.00 0.00 0.00 0.00 0.00 0.00 0.00 0.00 0.00 0.00 0.00 0.00 0.00 0.00 0.00 0.00 0.00 0.00 0.00 0.00 0.00 0.00 0.00 0.00 0.00 0.00 0.00 6.24 6.24 0.00 0.00 0.00 0.00 0.00 0.00 0.00 0.00 0.00 0.00 0.00 0.00 0.00 0.00 0.00 0.00 0.00 0.00 0.00 0.00 6.32 6.32 6.18 6.18 6.18 6.18 7.36 7.36 7.36 6.02 6.08 6.08 6.08 6.08 0.00 0.00 0.00 0.00 0.00 0.00 0.00 0.00 0.00 0.00 0.00 0.00 0.00 0.00 0.00 0.00 0.00 0.00 0.00 0.00
0.00 0.00 0.00 0.00 0.00 0.00 0.00 0.00 0.00 0.00 0.00 0.00 0.00 0.00 0.00 0.00 0.00 0.00 0.00 0.00 0.00 0.00 0.00 0.00 0.00 0.00 0.00 0.00 5.19 0.00 0.00 0.00 0.00 0.00 0.00 0.00 0.00 0.00 0.00 0.00 0.00 0.00 0.00 0.00 0.00 0.00 0.00 0.00 0.00 0.00 6.32 6.32 6.18 6.18 6.18 6.18 6.02 7.36 6.02 6.02 6.08 6.08 6.08 7.36 0.00 0.00 0.00 0.00 0.00 0.00 0.00 0.00 0.00 0.00 0.00 0.00 0.00 0.00 0.00 0.00 0.00 0.00 0.00 0.00
