New_Model_Runs/10_Future_Present_Scn3_out/post_prcessed_with_MFR/Monthly_summaries/net_infiltration_monthly_JAN.asc
NCOLS 700
NROWS 400
XLLCENTER 515000.000000
YLLCENTER 8409000.000000
CELLSIZE 50.000000
NODATA_value -999.000000
[rows 296 to 332 of 400, columns 168 to 251 of 700]
8.64 8.20 11.45 7.08 6.34 7.34 7.34 7.34 7.93 7.93 7.56 5.79 6.94 7.56 7.38 7.61 8.35 8.69 7.83 8.95 4.65 10.72 9.61 6.28 8.44 7.84 9.14 7.70 7.70 7.53 7.53 5.54 9.91 6.66 8.07 8.07 7.70 8.07 6.94 6.72 8.60 6.03 7.86 4.91 3.49 3.49 3.49 3.49 5.28 9.45 9.45 9.45 8.59 9.49 9.93 8.23 9.41 9.83 9.41 9.41 11.44 6.12 7.90 7.90 7.90 7.90 7.19 7.19 6.82 7.83 8.20 8.12 7.34 7.34 10.97 7.34 6.70 6.70 6.70 8.69 7.50 10.39 7.84 6.67
7.16 10.34 10.86 6.71 6.34 7.34 7.34 7.34 7.56 7.93 8.51 8.05 6.51 7.93 7.93 6.84 8.35 8.57 8.35 8.72 7.46 9.32 8.57 9.61 10.28 6.35 7.10 8.81 8.44 5.91 8.07 7.53 11.09 7.03 8.07 7.70 6.94 7.90 7.70 8.77 7.86 8.06 7.69 7.69 7.86 3.49 3.49 3.49 3.49 9.45 9.45 9.45 9.49 9.49 8.67 9.49 9.41 9.41 9.41 7.81 9.42 1.74 7.90 7.90 7.90 7.90 8.27 8.12 6.82 7.90 6.16 7.19 7.34 7.71 11.34 7.34 7.34 7.94 6.50 6.87 7.24 7.13 10.39 7.84
12.08 6.34 6.71 9.97 7.08 7.71 7.71 7.34 7.56 8.30 6.53 5.79 7.93 7.93 7.75 5.98 6.28 8.35 7.61 7.61 7.61 9.09 8.35 6.65 7.47 9.91 6.28 5.93 5.91 7.40 6.28 6.28 11.02 9.91 6.66 8.44 7.68 7.31 8.44 8.07 7.69 7.69 7.86 7.69 7.69 7.86 3.49 7.84 7.80 9.45 9.45 9.45 9.49 9.49 8.59 9.49 9.41 9.41 8.62 8.27 9.42 6.82 7.90 7.90 6.53 8.64 7.90 7.90 7.90 7.90 7.90 7.90 7.34 8.08 10.56 7.71 5.76 1.62 1.95 6.87 8.69 11.84 10.02 11.47
8.08 8.45 7.08 6.42 11.71 7.34 7.71 8.08 8.30 7.93 8.30 6.53 6.53 8.30 7.93 7.21 7.58 6.84 6.35 8.35 7.98 7.61 7.61 7.61 8.81 7.47 9.17 9.54 7.31 2.77 7.31 3.89 5.74 6.40 12.77 8.07 6.94 6.94 6.66 7.90 7.69 7.86 7.86 7.86 7.69 7.86 7.86 7.86 7.86 7.86 8.59 9.45 9.49 9.49 9.49 9.49 5.41 5.41 8.12 8.18 11.53 6.82 7.90 8.64 7.94 7.56 7.19 7.90 7.90 8.27 8.27 7.90 10.97 6.50 10.50 6.38 6.76 6.13 2.73 8.32 10.50 10.39 6.67 6.39
7.71 7.71 8.08 3.16 9.60 10.96 11.33 9.97 10.90 8.30 7.56 7.31 8.30 7.75 6.53 6.72 6.84 6.84 7.21 9.46 6.35 7.61 7.61 7.61 7.70 6.66 6.28 3.15 10.65 10.57 10.94 11.46 11.02 6.40 9.54 12.75 6.66 5.91 8.07 7.70 7.69 7.69 7.86 7.86 7.69 7.86 7.86 7.86 7.86 7.86 7.86 7.86 7.80 9.45 9.45 9.45 8.27 7.75 7.75 7.78 11.53 7.90 8.27 9.01 8.27 7.90 7.90 7.90 6.16 8.64 8.27 7.90 11.34 11.30 10.93 6.13 5.76 7.24 3.84 5.99 5.58 6.62 6.64 6.64
7.34 7.34 7.34 5.97 9.23 10.34 7.08 7.71 8.30 7.93 7.38 6.94 7.38 7.38 7.77 7.98 7.09 6.72 7.09 9.29 8.35 7.40 7.77 7.21 8.07 7.70 8.44 7.03 7.77 11.02 7.12 6.28 6.94 6.28 6.28 10.28 5.66 8.44 7.70 7.70 7.86 5.66 6.03 8.06 7.69 7.86 6.73 6.73 7.86 8.50 8.23 7.86 7.86 8.15 9.45 9.45 7.75 7.75 7.90 7.90 9.42 7.90 7.90 8.64 8.31 8.64 7.90 7.90 6.63 6.16 6.16 7.56 3.10 2.36 9.02 7.30 10.13 10.56 10.13 1.62 5.76 7.24 7.01 6.67
7.71 7.34 7.71 7.34 5.60 5.31 6.34 7.34 7.56 7.93 7.27 6.90 2.48 7.93 7.61 6.35 7.83 7.46 7.46 8.35 8.03 7.40 7.40 8.35 8.07 8.07 7.47 8.81 8.07 9.54 8.07 8.07 8.44 6.28 8.44 8.81 6.66 9.54 6.17 8.44 7.86 6.73 7.10 6.73 7.69 7.86 7.10 7.10 6.51 8.23 7.10 8.74 8.83 7.86 9.45 8.15 7.90 7.75 7.90 7.90 9.42 7.90 7.90 8.27 9.01 8.27 7.90 8.27 8.27 8.27 8.27 8.27 6.50 2.73 9.39 10.56 9.76 6.03 5.18 2.36 3.10 6.70 7.13 7.50
7.71 5.97 8.08 7.08 5.60 1.68 10.34 6.71 7.56 7.93 6.53 8.01 7.64 7.75 7.61 7.61 6.72 6.72 6.75 7.98 7.61 7.61 6.47 7.61 8.07 6.28 6.66 8.81 9.54 7.70 8.07 7.53 8.07 8.07 7.70 7.70 8.07 8.05 11.31 5.66 10.13 10.35 7.86 8.23 8.23 7.86 8.23 8.60 7.69 8.23 8.23 8.20 7.80 7.86 8.17 7.69 7.90 7.75 7.90 6.82 10.45 7.75 6.82 7.90 7.90 7.90 7.90 7.90 7.90 9.01 7.94 7.90 6.56 10.56 9.39 6.50 6.13 5.96 5.18 7.79 6.67 6.67 5.93 7.50
9.97 7.08 7.71 7.08 7.08 6.34 9.23 6.71 6.94 7.56 7.93 6.90 7.93 7.56 7.40 7.61 7.61 7.77 6.84 7.61 6.84 7.91 7.54 7.98 8.44 8.44 8.81 7.09 10.19 8.07 8.07 7.70 7.53 7.53 7.53 7.53 8.07 6.28 7.68 7.09 8.23 11.49 11.49 9.66 10.72 10.72 7.47 6.88 6.40 7.14 6.77 6.40 8.60 7.81 6.03 7.10 6.82 6.16 6.16 9.79 6.16 7.90 7.75 8.27 8.27 7.90 7.90 7.90 8.27 6.90 7.56 10.45 9.82 6.19 5.39 10.19 1.99 5.18 6.03 7.05 7.79 9.27 8.16 7.42
9.60 10.71 8.08 5.60 7.08 6.71 6.34 9.97 6.94 7.56 7.56 6.53 6.16 7.61 7.61 7.61 7.40 6.84 7.39 5.98 8.35 7.91 7.40 7.98 8.44 8.44 6.66 9.54 6.72 8.44 8.07 7.76 7.76 7.76 7.53 7.76 7.53 7.09 6.66 8.44 8.23 7.86 7.86 9.33 7.03 10.40 10.77 10.40 6.44 10.40 9.66 9.66 9.66 11.86 9.29 9.29 10.45 9.79 10.53 10.90 10.45 5.79 7.90 8.27 8.27 7.90 7.90 7.90 8.27 7.19 9.79 11.90 7.34 5.39 7.34 7.34 5.25 5.18 7.05 7.42 5.93 8.16 8.16 7.42
7.48 10.22 7.75 6.74 5.13 6.74 1.91 5.54 5.21 7.22 6.85 6.85 7.22 6.88 6.64 7.25 6.88 6.88 5.37 6.45 7.25 7.69 6.88 6.88 7.42 7.79 5.85 9.33 7.79 7.42 6.92 7.48 7.48 7.48 7.48 7.48 7.48 7.48 7.05 6.81 7.09 7.09 7.94 5.89 6.26 7.39 6.63 6.26 5.89 7.00 7.00 5.89 9.53 5.17 9.14 9.14 1.88 5.76 8.32 4.47 3.36 9.39 10.66 10.53 6.57 6.90 6.57 5.73 5.24 8.65 9.02 7.27 6.46 6.46 6.46 4.66 5.03 6.23 6.97 7.34 6.97 5.97 5.97 6.60
6.35 6.13 9.50 3.02 6.24 6.53 6.61 2.65 9.71 6.45 7.22 7.22 6.85 6.88 7.25 6.08 7.25 6.88 6.88 6.88 7.25 7.25 6.88 6.88 7.05 5.86 5.49 11.04 5.86 5.49 7.48 7.48 7.48 7.48 7.48 7.85 7.85 7.48 7.48 7.48 7.81 6.28 7.46 7.09 7.46 7.09 7.46 6.63 7.00 7.83 6.63 5.89 5.14 5.51 5.54 5.14 1.88 6.13 6.85 8.38 6.13 6.13 6.84 10.10 9.02 10.53 8.65 9.20 5.73 5.73 10.53 10.53 10.46 8.91 4.66 5.03 5.03 6.83 6.65 6.34 5.23 5.23 5.60 6.97
7.11 5.50 8.75 6.61 6.24 6.74 7.99 2.65 5.56 5.95 6.89 6.60 6.85 7.25 7.25 6.88 6.88 6.88 6.88 6.88 7.25 7.25 6.88 7.25 7.05 5.86 8.16 10.67 7.05 7.47 7.47 7.47 7.05 7.05 6.81 5.49 7.84 7.47 5.87 6.24 6.28 6.65 6.28 7.09 7.09 7.09 7.09 7.83 5.89 7.85 5.14 5.51 1.91 5.54 9.14 5.14 5.71 6.90 6.90 6.90 5.73 6.90 7.27 6.90 5.92 6.90 6.90 6.90 6.90 6.90 6.90 7.01 5.65 6.46 10.09 8.29 8.66 9.65 8.49 9.53 9.16 5.23 6.97 6.60
7.11 5.50 6.13 9.87 7.48 5.13 5.87 5.87 1.56 9.58 7.19 7.59 6.85 6.88 6.88 6.62 8.03 6.88 6.88 6.88 5.71 6.88 6.88 6.08 7.05 7.42 10.07 5.49 7.42 7.47 7.47 7.47 6.81 7.05 7.05 7.05 6.81 7.47 7.84 6.61 7.09 7.09 7.83 7.46 7.09 7.09 7.09 7.09 7.09 7.09 7.09 6.65 2.28 11.47 5.51 7.46 6.90 6.90 6.90 6.90 6.90 6.90 6.90 6.63 7.01 7.38 7.45 6.90 6.90 6.34 6.34 4.83 5.16 6.46 6.46 7.58 7.30 5.53 5.90 6.97 9.23 9.23 8.86 9.53
7.48 5.87 5.98 9.76 5.13 6.74 7.11 5.87 7.45 10.54 6.69 7.06 7.25 5.37 6.88 6.88 6.88 7.30 7.30 6.88 6.88 6.88 5.37 5.37 7.42 9.12 5.86 6.23 7.79 7.05 7.79 7.47 7.05 7.05 7.05 7.05 6.81 5.87 5.87 7.84 7.49 7.49 7.09 7.09 7.09 6.86 7.44 7.09 5.14 7.09 7.46 8.20 11.46 7.47 7.84 7.84 7.63 7.29 6.90 6.90 6.90 7.27 7.01 6.63 5.57 6.70 7.67 6.63 6.63 6.34 7.50 6.63 6.23 7.64 6.23 6.83 7.21 6.23 6.48 6.23 7.21 6.97 6.97 6.60
5.50 6.72 6.74 5.76 9.50 6.61 7.48 5.76 6.69 2.67 5.76 6.32 7.62 7.25 6.88 6.64 6.88 6.88 7.30 6.88 7.38 8.90 5.74 10.11 11.41 7.42 5.86 7.42 7.79 7.42 7.84 7.47 7.47 7.05 7.47 7.47 7.47 6.81 7.47 7.47 7.49 7.49 7.49 7.49 7.47 7.09 6.86 7.09 7.09 7.09 7.09 10.72 10.72 7.47 7.47 7.47 6.90 7.29 7.29 6.34 6.34 7.01 6.63 6.63 6.63 7.01 7.01 6.63 6.63 6.34 6.63 6.63 6.10 6.10 6.23 6.23 6.23 6.11 6.11 6.23 6.60 6.97 6.23 6.23
7.29 7.11 6.74 6.74 5.91 7.35 6.87 5.76 7.40 5.95 5.56 9.58 6.11 6.09 6.88 6.88 6.88 6.88 6.88 7.38 6.88 6.11 9.74 7.62 7.79 7.05 7.42 7.42 7.42 7.42 7.05 7.47 6.81 7.47 7.47 7.47 7.46 7.46 7.46 7.46 8.20 8.83 7.46 7.46 7.46 6.86 7.09 7.09 6.86 7.09 7.09 11.10 7.46 7.46 7.46 7.46 6.34 6.34 6.01 6.34 8.06 8.43 4.91 4.54 6.63 6.63 7.49 6.32 6.33 6.63 6.63 6.63 6.07 6.23 6.84 6.23 6.23 7.63 6.23 6.23 5.84 5.53 6.23 6.60
6.74 7.11 5.50 8.75 5.50 6.24 6.24 6.24 6.32 6.32 5.58 9.58 7.19 7.62 7.25 6.88 6.88 6.88 7.38 6.88 6.88 10.08 10.51 7.25 6.80 7.42 7.05 7.05 7.05 7.05 7.05 6.81 6.81 7.47 7.47 7.47 7.46 7.46 7.46 8.47 7.43 7.44 8.12 7.47 7.09 6.86 6.86 6.86 7.09 7.09 7.09 10.72 7.09 7.88 7.77 7.46 6.34 6.34 6.01 2.13 2.13 2.13 2.13 2.13 2.13 2.13 6.03 6.32 6.33 6.63 6.63 6.63 6.23 6.23 6.23 6.07 6.08 6.33 6.23 6.23 5.16 4.49 6.23 6.60
6.13 6.90 10.13 5.13 6.74 6.74 6.74 7.11 7.59 5.58 6.85 4.79 9.55 8.05 7.25 6.88 6.88 6.05 5.71 7.25 7.25 9.00 7.25 7.25 7.05 7.05 6.81 6.81 7.05 6.81 6.81 6.81 6.81 7.47 7.47 6.81 6.81 6.81 6.81 7.05 7.46 7.46 7.09 7.09 7.09 6.86 7.09 7.09 7.09 7.09 7.09 10.72 7.09 7.62 7.09 7.46 6.34 6.01 6.01 2.13 2.13 2.13 2.13 2.13 2.13 2.13 6.03 2.13 2.35 6.63 6.63 6.33 6.07 6.23 6.23 6.60 6.82 6.45 6.08 6.23 6.23 6.23 6.23 6.23
6.13 9.87 5.87 7.11 6.74 6.74 6.74 6.74 6.32 6.32 7.22 4.47 9.18 5.37 7.62 7.25 7.25 5.64 5.71 6.11 6.49 9.37 5.37 7.25 6.61 7.42 6.81 7.05 7.05 7.05 6.81 6.81 6.81 7.05 7.58 7.05 7.05 6.81 6.81 6.81 7.09 7.47 6.86 7.09 7.09 6.86 6.86 7.09 7.09 7.83 7.46 10.71 7.09 7.09 7.09 7.46 6.34 6.34 6.01 6.01 6.02 6.02 6.02 6.02 6.03 6.03 2.59 2.13 2.13 6.04 6.04 7.42 5.93 5.93 5.93 6.60 6.27 6.97 6.58 6.23 6.23 6.23 6.23 6.21
9.13 6.74 7.48 6.61 7.48 6.74 6.74 6.13 6.60 9.58 9.58 9.71 9.00 9.00 6.29 7.76 5.92 7.62 5.37 6.49 7.35 7.25 7.38 6.82 7.55 7.80 7.05 7.05 7.05 6.81 6.81 6.81 7.05 7.05 7.05 7.05 7.05 6.81 6.81 7.05 7.90 6.86 7.09 6.86 7.09 7.09 6.86 6.86 7.46 6.26 10.28 7.09 7.09 7.39 7.39 7.39 6.90 6.34 6.01 6.01 6.07 6.07 6.07 6.07 6.07 6.07 6.07 6.07 6.03 2.13 2.13 2.13 6.99 5.75 5.93 6.30 5.68 6.97 6.97 6.23 6.23 6.23 6.23 6.60
9.13 6.74 6.50 6.50 7.48 6.74 7.11 5.76 9.49 5.58 6.69 5.74 6.65 9.37 7.25 5.37 6.49 6.49 6.82 6.49 10.11 7.62 7.25 7.99 7.35 7.42 7.05 7.05 6.81 6.81 7.23 6.81 7.05 7.46 7.46 7.46 7.42 6.81 7.42 7.42 7.43 7.43 7.09 6.86 6.86 7.28 6.86 6.86 5.88 7.83 8.77 7.09 7.39 7.39 7.39 7.39 6.34 6.01 7.40 6.01 6.07 6.07 6.07 6.07 6.07 6.07 6.07 6.07 6.03 6.03 2.59 2.13 1.91 4.20 5.93 5.93 5.23 6.34 6.97 6.21 6.60 6.97 4.86 6.23
8.22 7.85 6.87 5.50 6.74 7.85 6.24 10.13 6.66 5.58 6.97 2.24 5.74 6.45 9.34 6.45 6.49 7.62 7.99 11.02 7.99 7.62 6.88 7.25 7.79 7.42 7.05 7.46 7.38 6.81 7.23 7.23 6.81 7.77 7.46 7.46 7.42 7.42 7.42 7.43 7.09 7.09 7.09 7.09 7.09 6.86 4.59 4.59 7.46 7.09 11.10 7.09 7.39 7.09 6.86 6.51 6.01 6.01 6.01 6.01 6.07 6.07 6.07 6.07 6.07 6.07 6.07 6.07 6.03 6.03 6.03 6.03 1.91 5.75 5.75 5.75 6.60 6.97 6.97 6.23 6.60 6.60 6.60 6.23
7.29 7.24 1.91 6.35 5.87 6.24 9.87 5.87 7.03 6.85 6.85 6.88 7.25 6.45 9.71 6.08 6.08 7.62 6.61 9.74 6.11 6.11 7.01 6.64 7.05 8.03 7.05 7.47 7.47 6.81 6.81 6.81 6.81 7.46 7.46 7.46 7.42 7.33 8.04 7.05 7.09 7.09 4.59 7.43 7.45 7.45 4.59 4.59 6.86 10.48 5.14 3.21 7.74 7.09 6.54 7.36 6.01 6.01 6.01 6.01 6.07 6.07 5.96 6.36 6.07 6.07 6.07 6.07 6.03 6.03 6.03 7.43 5.75 5.75 5.75 5.75 6.06 6.23 6.23 6.23 6.21 6.60 6.23 6.23
6.98 6.24 6.35 5.50 9.76 9.76 7.48 7.11 6.85 6.85 6.88 6.88 5.71 7.32 6.08 9.34 8.13 5.74 6.14 5.74 7.03 5.74 6.64 6.64 7.05 7.05 7.47 7.47 7.05 6.81 7.05 6.81 7.05 7.42 7.42 6.81 6.81 7.38 6.81 6.81 6.86 6.86 6.86 7.41 7.87 4.59 5.14 5.14 5.14 8.77 3.21 3.66 7.37 7.83 6.09 6.09 6.03 6.03 6.03 6.03 6.09 6.09 6.36 7.37 7.39 6.11 6.11 6.11 6.07 6.07 6.07 6.07 5.76 5.76 5.76 6.05 6.05 6.23 6.23 6.23 6.21 6.23 6.23 6.23
6.61 3.02 10.50 10.74 7.11 7.11 6.91 6.74 6.85 6.66 5.71 6.88 6.88 8.06 5.71 9.34 10.08 10.51 9.55 6.11 8.06 7.25 6.88 6.88 7.05 7.05 7.05 6.81 6.81 6.81 7.05 7.36 7.05 7.05 6.81 6.81 6.81 6.81 6.81 7.05 7.09 6.86 6.86 3.21 3.21 3.21 3.21 3.21 5.14 8.77 7.43 7.43 7.37 7.37 6.09 6.09 7.41 6.03 6.03 6.03 6.09 7.28 6.66 7.37 7.39 7.39 6.11 6.11 6.07 6.07 6.07 6.07 5.76 5.93 6.23 6.23 6.23 6.23 6.23 6.05 6.23 6.23 6.23 6.23
8.77 12.72 11.24 8.33 7.98 8.03 2.32 6.50 4.97 6.41 6.29 6.29 6.29 3.59 6.04 5.13 8.19 6.29 9.13 7.93 7.18 6.04 6.04 6.04 6.16 6.42 6.87 6.42 6.42 6.16 6.16 6.42 6.89 6.42 6.16 6.16 6.16 4.17 6.42 6.42 6.43 6.43 6.43 2.90 2.90 3.56 2.90 4.21 4.21 4.21 8.31 4.21 2.90 6.78 5.65 5.65 5.42 5.42 5.42 5.42 5.50 5.50 6.60 6.60 6.62 6.62 6.62 5.51 5.48 5.48 5.48 5.48 5.42 5.42 5.72 5.31 5.31 5.31 5.31 5.68 6.08 5.71 5.71 5.71
12.40 11.98 8.33 7.96 3.06 7.24 7.48 5.89 6.41 6.41 6.29 6.73 6.29 6.04 8.93 8.76 5.87 6.66 8.62 7.19 7.18 6.04 6.04 6.54 6.42 6.42 6.87 6.42 6.42 6.42 6.94 6.94 6.89 6.16 6.16 6.16 7.33 4.17 4.17 9.08 6.18 6.43 6.43 6.18 6.18 6.18 4.21 4.21 4.21 4.21 8.31 2.90 2.90 7.08 5.65 5.65 5.42 5.42 5.42 5.42 5.50 5.50 5.67 5.95 6.62 6.62 6.62 5.51 6.55 5.38 5.48 5.48 5.43 5.72 5.72 5.72 5.31 5.31 5.31 5.68 5.71 5.71 5.71 5.71
12.03 4.91 9.07 7.59 8.70 8.70 7.83 7.48 5.30 6.17 7.03 6.29 7.03 6.61 10.24 6.04 6.24 5.67 9.13 5.50 5.30 6.41 6.04 6.04 6.42 6.42 6.42 6.42 6.42 6.90 6.90 6.90 6.84 6.84 6.16 6.16 6.42 6.42 6.16 6.16 6.18 6.18 6.18 6.18 6.43 6.18 6.18 6.18 6.18 6.18 8.79 6.90 3.27 6.81 6.81 5.67 5.41 5.41 5.41 5.41 5.48 5.48 6.57 6.57 6.62 5.67 5.67 5.95 5.38 5.38 5.49 5.49 5.44 5.73 5.73 5.31 5.71 5.71 5.68 5.68 5.31 5.71 5.71 5.71
9.06 11.61 8.35 8.33 8.33 9.07 7.59 7.66 5.43 5.87 7.03 6.29 7.03 10.24 10.41 10.41 6.61 7.35 10.10 5.87 5.87 5.36 6.04 6.04 6.16 6.42 6.42 6.42 6.42 6.42 6.90 6.90 6.84 6.16 6.16 7.33 6.16 6.16 6.16 6.16 6.18 7.41 6.77 6.18 6.81 6.81 6.18 6.18 6.18 6.18 6.18 8.68 3.27 2.90 2.90 5.67 5.41 5.41 5.41 5.41 5.48 6.57 6.57 6.57 6.62 5.67 5.67 5.95 5.45 5.38 5.38 5.49 5.44 5.73 5.73 5.73 5.71 5.71 5.68 5.31 5.31 5.31 5.71 5.71
0.00 5.06 10.87 7.66 7.66 7.24 6.92 7.61 5.71 5.30 6.29 10.77 8.93 7.53 7.83 8.51 9.67 10.41 10.04 5.67 6.29 5.50 5.13 6.04 6.74 6.16 6.16 6.16 6.90 6.90 6.90 6.90 6.84 6.84 7.21 7.33 6.16 6.16 6.16 6.16 6.77 6.77 6.77 6.77 6.81 6.81 6.81 6.53 6.53 6.43 6.43 10.05 6.43 2.90 6.81 6.81 5.41 5.41 5.41 5.41 5.48 5.48 6.57 6.57 6.62 5.67 6.23 5.67 5.45 5.49 5.83 5.49 5.44 5.44 5.31 5.31 5.71 5.31 5.31 5.71 5.31 5.73 4.55 5.68
0.00 0.00 5.06 10.13 10.55 8.69 10.50 10.92 6.08 9.30 8.56 9.23 6.04 7.53 6.78 6.29 6.78 10.24 5.87 7.03 6.04 6.29 6.04 6.04 6.42 6.42 6.42 6.74 6.16 6.90 6.90 6.90 6.84 6.84 6.84 6.84 6.42 6.42 5.89 5.65 5.64 5.64 5.64 5.64 5.68 6.81 6.81 6.18 6.18 6.43 6.80 9.27 6.88 6.43 6.81 6.81 5.41 5.41 5.41 5.41 5.48 5.48 5.48 6.57 6.62 6.62 0.00 6.62 5.49 5.49 5.49 5.49 5.44 6.11 4.89 5.43 5.71 5.71 5.71 5.19 3.74 5.31 5.97 5.31
0.00 0.00 0.00 0.00 0.00 0.00 0.00 0.00 8.97 9.13 6.31 5.13 7.40 6.66 6.29 6.29 7.03 7.03 5.50 5.50 6.81 6.29 6.29 6.29 6.87 6.42 7.25 6.42 6.42 6.82 6.82 6.82 6.75 6.75 6.75 6.16 6.78 6.78 5.65 5.65 5.66 5.66 5.66 5.66 5.66 5.66 6.79 6.79 6.81 6.43 6.80 9.27 6.88 6.88 6.82 6.82 6.49 5.41 5.41 5.41 5.46 5.46 5.46 5.79 5.50 0.00 0.00 0.00 5.49 5.49 0.00 0.00 0.00 5.46 5.02 5.02 5.02 5.31 5.71 5.19 5.31 5.68 5.68 5.31
0.00 0.00 0.00 0.00 0.00 0.00 0.00 0.00 0.00 0.00 2.80 5.13 5.30 5.67 6.66 6.29 6.29 6.29 6.66 5.50 6.04 6.29 6.73 6.29 6.42 6.87 6.42 6.91 6.82 6.82 6.82 6.82 6.75 6.75 6.75 6.75 6.78 6.78 6.78 6.78 6.18 6.18 6.79 5.66 5.66 5.66 6.79 6.79 7.11 6.81 7.95 6.43 10.05 6.82 6.82 6.82 6.49 5.41 5.41 5.41 5.46 5.46 5.46 5.46 5.50 0.00 0.00 0.00 0.00 0.00 0.00 0.00 0.00 0.00 0.00 5.46 5.02 5.71 5.71 5.31 5.31 5.31 5.68 5.31
0.00 0.00 0.00 0.00 0.00 0.00 0.00 0.00 0.00 0.00 2.80 2.80 2.80 6.66 6.80 6.29 6.29 6.29 6.29 6.04 7.23 7.23 6.29 6.29 6.42 6.16 6.42 6.91 6.82 6.82 6.82 6.82 6.75 6.75 6.75 6.75 6.78 6.78 6.78 6.78 7.09 7.07 6.18 6.79 5.66 5.66 5.66 6.79 6.81 7.30 6.81 6.81 10.05 6.82 6.82 6.82 6.49 6.49 5.41 5.41 5.46 5.46 5.46 5.46 5.50 5.82 5.50 0.00 0.00 0.00 0.00 0.00 0.00 0.00 0.00 0.00 0.00 5.31 5.71 5.31 5.31 5.31 5.73 5.31
0.00 0.00 0.00 0.00 0.00 0.00 0.00 0.00 0.00 0.00 0.00 0.00 1.88 1.88 6.80 6.80 6.29 6.29 6.29 7.23 6.81 6.81 6.29 6.29 6.16 4.17 4.17 6.91 6.82 6.82 6.82 6.82 6.75 6.75 6.75 6.75 6.78 6.78 6.78 6.78 6.79 6.79 5.88 5.66 5.66 5.99 5.66 5.66 5.67 7.30 7.30 6.81 10.05 6.99 6.82 7.12 6.49 6.49 5.41 5.41 5.46 5.46 5.46 5.46 5.50 5.50 5.50 0.00 0.00 0.00 0.00 0.00 0.00 0.00 0.00 0.00 6.08 4.55 5.31 5.31 5.31 5.31 5.72 5.31
0.00 0.00 0.00 0.00 0.00 0.00 0.00 0.00 0.00 0.00 0.00 0.00 0.00 1.88 5.66 5.66 6.29 6.29 6.81 6.81 2.80 6.80 2.80 6.29 6.16 6.16 4.17 6.83 6.74 6.74 7.04 6.74 6.81 5.67 5.67 5.67 5.75 5.75 5.75 5.75 5.75 5.75 5.75 5.75 5.73 5.73 5.73 5.73 5.68 6.90 5.68 5.68 9.53 6.43 6.96 6.78 7.03 6.49 6.49 6.49 6.55 5.45 5.45 0.00 0.00 0.00 0.00 0.00 0.00 0.00 0.00 0.00 0.00 0.00 0.00 0.00 5.74 6.05 6.05 9.68 9.31 8.94 9.32 5.31
