New_Model_Runs/10_Future_Present_Scn3_out/post_prcessed_with_MFR/Monthly_summaries/net_infiltration_monthly_MAR.asc
NCOLS 700
NROWS 400
XLLCENTER 515000.000000
YLLCENTER 8409000.000000
CELLSIZE 50.000000
NODATA_value -999.000000
[rows 74 to 110 of 400, columns 336 to 419 of 700]
0.00 0.00 0.00 0.00 0.00 0.00 0.00 0.00 0.00 0.00 0.00 0.00 0.00 0.00 0.00 0.00 0.00 0.00 0.00 0.00 0.00 0.00 0.00 0.00 0.00 0.00 0.00 0.00 0.00 0.00 0.00 0.00 0.00 0.00 0.00 0.00 0.00 0.00 0.00 0.00 0.00 0.00 0.00 0.00 0.00 0.00 0.00 0.00 0.00 0.00 0.00 0.00 0.00 0.00 0.00 0.00 0.00 0.00 0.00 6.15 6.57 6.57 6.06 6.06 6.12 6.12 6.12 6.12 6.26 7.40 7.30 7.30 0.00 0.00 0.00 0.00 0.00 0.00 0.00 0.00 0.00 0.00 0.00 0.00
0.00 0.00 0.00 0.00 0.00 0.00 0.00 0.00 0.00 0.00 0.00 0.00 0.00 0.00 0.00 0.00 0.00 0.00 0.00 0.00 0.00 0.00 0.00 0.00 0.00 0.00 0.00 0.00 0.00 0.00 0.00 0.00 0.00 0.00 0.00 0.00 0.00 0.00 0.00 0.00 0.00 0.00 0.00 0.00 0.00 0.00 0.00 0.00 0.00 0.00 0.00 0.00 0.00 0.00 0.00 0.00 0.00 0.00 6.15 6.64 7.18 6.06 6.06 6.06 6.12 6.12 6.12 6.12 6.26 7.77 5.83 0.37 0.00 0.00 0.00 0.00 0.00 0.00 0.00 0.00 0.00 0.00 0.00 0.00
0.00 0.00 0.00 0.00 0.00 0.00 0.00 0.00 0.00 0.00 0.00 0.00 0.00 0.00 0.00 0.00 0.00 0.00 0.00 0.00 0.00 0.00 0.00 0.00 0.00 0.00 0.00 0.00 0.00 0.00 0.00 0.00 0.00 0.00 0.00 0.00 0.00 0.00 0.00 0.00 0.00 0.00 0.00 0.00 0.00 0.00 0.00 0.00 3.14 5.41 0.00 0.00 0.00 0.00 0.00 0.00 0.00 6.73 6.52 6.02 6.03 6.03 7.13 7.13 6.31 7.47 7.47 7.84 9.79 3.38 5.83 0.00 0.00 0.00 0.00 0.00 0.00 0.00 0.00 0.00 0.00 0.00 0.00 0.00
0.00 0.00 0.00 0.00 0.00 0.00 0.00 0.00 0.00 0.00 0.00 0.00 0.00 0.00 0.00 0.00 0.00 0.00 0.00 0.00 0.00 0.00 0.00 0.00 0.00 0.00 0.00 0.00 0.00 0.00 0.00 0.00 0.00 0.00 0.00 0.00 0.00 0.00 0.00 0.00 0.00 0.00 0.00 0.00 0.00 0.00 0.00 0.00 3.96 6.22 6.22 0.00 0.00 0.00 6.14 6.14 6.02 6.02 6.73 6.02 6.03 7.13 7.13 7.13 7.47 7.47 5.09 1.90 3.75 8.12 0.00 0.00 0.00 0.00 0.00 0.00 0.00 0.00 0.00 0.00 0.00 0.00 0.00 0.00
0.00 0.00 0.00 0.00 0.00 0.00 0.00 0.00 0.00 0.00 0.00 0.00 0.00 0.00 0.00 0.00 0.00 0.00 0.00 0.00 0.00 0.00 0.00 0.00 0.00 0.00 0.00 0.00 0.00 0.00 0.00 0.00 0.00 0.00 0.00 0.00 0.00 0.00 0.00 0.00 0.00 0.00 0.00 0.00 0.00 0.00 0.00 0.00 6.22 6.22 6.22 6.22 6.14 6.14 6.14 6.14 6.02 6.65 6.52 6.02 6.03 6.75 6.75 2.96 3.00 3.00 3.00 3.00 7.00 0.00 0.00 0.00 0.00 0.00 0.00 0.00 0.00 0.00 0.00 0.00 0.00 0.00 0.00 0.00
0.00 0.00 0.00 0.00 0.00 0.00 0.00 0.00 0.00 0.00 0.00 0.00 0.00 0.00 0.00 0.00 0.00 0.00 0.00 0.00 0.00 0.00 0.00 0.00 0.00 0.00 0.00 0.00 0.00 0.00 0.00 0.00 0.00 0.00 0.00 0.00 0.00 0.00 0.00 0.00 0.00 0.00 0.00 0.00 0.00 0.00 0.00 4.48 6.22 6.22 6.22 6.22 6.14 6.14 6.14 6.14 6.02 5.41 6.02 6.02 6.18 6.15 7.13 2.96 3.00 3.74 3.74 6.63 0.00 0.00 0.00 0.00 0.00 0.00 0.00 0.00 0.00 0.00 0.00 0.00 0.00 0.00 0.00 0.00
0.00 0.00 0.00 0.00 0.00 0.00 0.00 0.00 0.00 0.00 0.00 0.00 0.00 0.00 0.00 0.00 0.00 0.00 0.00 0.00 0.00 0.00 0.00 0.00 0.00 0.00 0.00 0.00 0.00 0.00 0.00 0.00 0.00 0.00 0.00 0.00 0.00 0.00 0.00 0.00 0.00 0.00 0.00 0.00 0.00 0.00 0.00 6.80 6.18 6.18 6.18 6.18 6.01 6.01 6.01 6.01 6.08 6.08 6.08 6.08 6.26 6.17 6.63 3.33 3.74 6.38 7.37 0.00 0.00 0.00 0.00 0.00 0.00 0.00 0.00 0.00 0.00 0.00 0.00 0.00 0.00 0.00 0.00 0.00
0.00 0.00 0.00 0.00 0.00 0.00 0.00 0.00 0.00 0.00 0.00 0.00 0.00 0.00 0.00 0.00 0.00 0.00 0.00 0.00 0.00 0.00 0.00 0.00 0.00 0.00 0.00 0.00 0.00 0.00 0.00 0.00 0.00 0.00 0.00 0.00 0.00 0.00 4.28 0.00 0.00 0.00 0.00 0.00 0.00 0.00 0.00 6.80 6.18 6.18 6.18 6.18 6.01 6.69 6.01 6.01 6.96 6.40 6.08 6.08 6.26 6.26 6.63 3.33 2.75 6.01 0.00 0.00 0.00 0.00 0.00 0.00 0.00 0.00 0.00 0.00 0.00 0.00 0.00 0.00 0.00 0.00 0.00 0.00
0.00 0.00 0.00 0.00 0.00 0.00 0.00 0.00 0.00 0.00 0.00 0.00 0.00 0.00 0.00 0.00 0.00 0.00 0.00 0.00 0.00 0.00 0.00 0.00 0.00 0.00 0.00 0.00 0.00 0.00 0.00 0.00 0.00 0.00 0.00 0.00 0.00 6.84 6.84 6.84 6.85 0.00 0.00 0.00 0.00 0.00 0.00 7.34 7.33 7.33 7.33 7.33 7.15 7.15 7.15 7.15 6.49 6.49 7.22 7.22 7.11 7.11 8.91 4.27 8.33 0.00 0.00 0.00 0.00 0.00 0.00 0.00 0.00 0.00 0.00 0.00 0.00 0.00 0.00 0.00 0.00 0.00 0.00 7.16
0.00 0.00 0.00 0.00 0.00 0.00 0.00 0.00 0.00 0.00 0.00 0.00 0.00 0.00 0.00 0.00 0.00 0.00 0.00 0.00 0.00 0.00 0.00 0.00 0.00 0.00 0.00 0.00 0.00 0.00 0.00 0.00 0.00 0.00 0.00 0.00 6.84 6.84 6.84 6.84 7.39 8.44 8.44 4.81 3.63 7.34 7.34 7.34 7.33 7.33 7.33 7.33 7.15 7.15 7.15 7.15 7.22 7.22 7.22 7.22 8.75 8.16 8.16 4.27 7.96 0.00 0.00 0.00 0.00 0.00 0.00 0.00 0.00 0.00 0.00 0.00 0.00 0.00 0.00 0.00 7.16 8.28 7.16 7.16
0.00 0.00 0.00 0.00 0.00 0.00 0.00 0.00 0.00 0.00 0.00 0.00 0.00 0.00 0.00 0.00 0.00 0.00 0.00 0.00 0.00 0.00 0.00 0.00 0.00 0.00 0.00 0.00 0.00 0.00 0.00 0.00 0.00 0.00 3.79 6.87 6.81 6.81 6.81 6.81 6.83 8.93 8.41 8.41 6.77 7.21 7.21 7.83 7.18 7.18 7.18 7.18 7.22 7.22 7.22 7.22 7.15 7.15 7.15 7.15 8.92 8.16 2.51 3.64 9.95 0.00 0.00 0.00 0.00 0.00 0.00 0.00 0.00 0.00 0.00 0.00 0.00 0.00 0.00 0.00 7.18 7.18 7.18 7.18
0.00 0.00 0.00 0.00 0.00 0.00 0.00 0.00 0.00 0.00 0.00 0.00 0.00 0.00 0.00 0.00 0.00 0.00 0.00 0.00 0.00 0.00 0.00 0.00 0.00 0.00 0.00 0.00 0.00 0.00 0.00 0.00 0.00 6.87 6.87 6.87 6.81 6.81 6.81 6.81 6.83 8.41 8.41 8.41 6.77 7.31 7.21 7.21 7.18 7.18 7.18 7.18 7.22 7.22 7.22 7.22 8.81 8.81 8.81 8.16 8.16 7.38 3.99 4.38 3.63 0.00 0.00 0.00 0.00 0.00 0.00 0.00 0.00 0.00 0.00 0.00 0.00 0.00 0.00 7.19 7.18 7.10 7.18 7.18
0.00 0.00 0.00 0.00 0.00 0.00 0.00 0.00 0.00 0.00 0.00 0.00 0.00 0.00 0.00 0.00 0.00 0.00 0.00 0.00 0.00 0.00 0.00 0.00 0.00 0.00 0.00 0.00 0.00 0.00 0.00 0.00 0.00 7.42 6.87 6.87 6.81 6.81 7.35 6.81 6.83 8.41 8.41 9.75 6.77 6.77 6.77 7.21 7.18 8.12 7.18 7.18 7.22 7.22 7.22 7.22 8.81 8.81 8.16 8.16 7.38 2.14 3.88 7.64 0.00 0.00 0.00 0.00 0.00 0.00 0.00 0.00 0.00 0.00 0.00 0.00 0.00 0.00 7.19 7.19 7.18 7.18 7.18 7.18
0.00 0.00 0.00 0.00 0.00 0.00 0.00 0.00 0.00 0.00 0.00 0.00 0.00 0.00 0.00 0.00 0.00 0.00 0.00 0.00 0.00 0.00 0.00 0.00 0.00 0.00 0.00 0.00 0.00 0.00 0.00 0.00 0.00 6.87 6.87 6.87 6.81 6.81 6.81 6.81 6.83 7.36 8.41 8.41 6.77 6.77 6.77 6.77 7.18 8.09 7.18 6.49 7.22 7.22 7.22 7.22 7.15 8.87 8.16 8.16 8.16 7.38 7.01 7.26 0.00 0.00 0.00 0.00 0.00 0.00 0.00 0.00 0.00 0.00 0.00 0.00 0.00 7.45 7.19 7.19 7.18 7.18 7.81 7.18
0.00 0.00 0.00 0.00 0.00 0.00 0.00 0.00 0.00 0.00 0.00 0.00 0.00 0.00 0.00 0.00 0.00 0.00 0.00 0.00 0.00 0.00 0.00 0.00 0.00 0.00 0.00 0.00 0.00 0.00 0.00 0.00 0.00 0.00 6.94 6.94 6.86 6.86 6.86 6.86 6.78 6.78 8.35 8.35 8.25 6.71 6.71 5.98 7.21 7.28 7.28 7.29 7.13 7.13 7.13 7.13 7.25 7.25 8.94 8.16 8.54 11.06 8.25 7.26 0.00 0.00 0.00 0.00 0.00 0.00 0.00 0.00 0.00 0.00 0.00 0.00 7.50 7.22 7.22 7.22 7.81 7.19 7.19 7.19
0.00 0.00 0.00 0.00 0.00 0.00 0.00 0.00 0.00 0.00 0.00 0.00 0.00 0.00 0.00 0.00 0.00 0.00 0.00 0.00 0.00 0.00 0.00 0.00 0.00 0.00 0.00 0.00 0.00 0.00 0.00 0.00 0.00 0.00 0.00 6.94 6.86 6.86 6.86 6.86 6.78 6.78 6.78 7.32 8.25 6.71 5.98 5.98 6.15 7.75 7.29 7.29 7.13 7.13 7.13 7.13 7.25 8.95 8.54 8.54 6.69 8.54 8.62 8.75 5.45 0.00 0.00 0.00 0.00 0.00 0.00 0.00 0.00 0.00 0.00 7.28 7.96 7.22 7.22 7.22 7.19 7.19 7.81 7.19
0.00 0.00 0.00 0.00 0.00 0.00 0.00 0.00 0.00 0.00 0.00 0.00 0.00 0.00 0.00 0.00 0.00 0.00 0.00 0.00 0.00 0.00 0.00 3.24 0.00 0.00 0.00 0.00 0.00 0.00 0.00 0.00 0.00 0.00 0.00 7.49 6.86 6.86 7.40 6.86 6.78 6.78 6.78 6.78 6.71 6.71 6.84 5.98 6.86 7.75 6.86 7.29 7.13 8.79 8.79 12.41 12.57 12.57 12.16 10.68 10.31 10.64 4.25 3.28 2.56 5.82 5.45 6.31 0.00 0.00 0.00 0.00 5.83 5.83 9.21 7.28 7.22 7.22 7.22 7.22 7.19 7.19 7.19 7.19
0.00 0.00 0.00 0.00 0.00 0.00 0.00 0.00 0.00 0.00 0.00 0.00 0.00 0.00 0.00 0.00 0.00 0.00 0.00 0.00 0.00 0.00 0.00 6.72 6.72 6.72 0.00 0.00 0.00 0.00 0.00 0.00 0.00 0.00 0.00 0.00 6.86 6.86 6.86 6.86 6.78 6.78 6.78 7.73 6.71 6.71 6.71 6.71 6.86 6.86 6.86 6.86 8.79 12.41 12.41 9.41 9.57 7.25 8.16 2.15 6.64 6.64 3.25 7.65 5.45 6.91 8.39 5.79 5.07 4.70 7.94 6.20 6.46 2.20 2.20 7.65 7.22 7.22 7.22 7.22 7.19 7.19 7.19 7.19
0.00 0.00 0.00 0.00 0.00 0.00 0.00 0.00 0.00 0.00 0.00 0.00 0.00 0.00 0.00 0.00 0.00 0.00 0.00 0.00 0.00 0.00 0.00 6.73 6.73 6.73 6.73 0.00 0.00 0.00 0.00 0.00 0.00 0.00 0.00 0.00 6.88 6.88 6.88 6.88 6.76 6.76 6.76 7.30 7.29 6.75 6.75 6.75 6.96 6.96 6.96 6.96 7.02 8.50 7.15 7.15 7.25 7.25 7.25 8.16 7.75 7.38 5.95 8.16 7.45 2.91 8.23 8.92 7.12 2.58 4.43 4.68 6.20 3.64 8.44 7.82 7.87 7.27 8.02 7.27 7.26 7.26 7.26 7.26
0.00 0.00 0.00 0.00 0.00 0.00 0.00 0.00 0.00 0.00 0.00 0.00 0.00 0.00 0.00 0.00 0.00 0.00 0.00 0.00 0.00 0.00 0.00 6.73 6.73 6.73 6.73 7.26 0.00 0.00 0.00 0.00 0.00 0.00 0.00 0.00 0.00 6.88 6.88 6.88 6.76 6.76 6.76 6.76 6.75 6.75 6.75 7.29 6.96 8.12 6.96 8.12 7.02 7.02 7.15 7.15 7.25 7.25 7.17 8.16 6.85 7.58 11.00 4.60 8.29 6.37 8.97 8.30 7.67 3.59 3.69 3.32 9.58 9.41 7.82 8.23 7.27 8.02 8.97 8.96 7.26 7.26 7.26 7.26
0.00 0.00 0.00 0.00 0.00 0.00 0.00 0.00 0.00 0.00 0.00 0.00 0.00 0.00 0.00 0.00 0.00 0.00 0.00 0.00 0.00 0.00 7.17 6.73 6.73 6.73 6.73 6.73 6.77 0.00 0.00 0.00 0.00 0.00 0.00 0.00 0.00 6.88 6.88 6.88 6.76 6.76 6.76 6.76 7.29 6.75 6.75 6.75 6.96 6.96 7.54 6.96 7.02 7.02 7.02 7.15 7.25 7.25 8.16 8.16 9.56 7.29 9.27 7.29 7.45 6.37 11.29 8.23 7.30 3.59 3.59 2.20 5.83 11.08 11.08 11.86 13.95 8.96 8.96 8.96 7.26 7.26 7.26 7.85
0.00 0.00 0.00 0.00 0.00 0.00 0.00 0.00 0.00 0.00 0.00 0.00 0.00 0.00 0.00 0.00 0.00 0.00 0.00 0.00 0.00 0.00 7.94 6.73 6.73 6.73 6.73 6.73 7.30 6.77 0.00 0.00 0.00 0.00 0.00 0.00 6.88 6.88 6.88 6.88 7.30 6.76 6.76 6.76 7.29 6.75 6.75 6.75 6.96 6.96 6.96 6.96 7.02 7.02 7.02 7.02 7.25 8.94 8.94 8.16 12.57 7.29 7.29 7.29 7.45 8.23 10.53 7.45 7.12 8.23 3.59 2.20 2.20 2.20 8.29 8.23 12.59 8.96 8.96 8.96 7.26 7.26 7.26 7.26
0.00 0.00 0.00 0.00 0.00 0.00 0.00 0.00 0.00 0.00 0.00 0.00 0.00 0.00 0.00 0.00 7.16 0.00 7.94 7.16 7.14 7.14 7.14 7.14 6.69 6.69 6.69 6.69 6.75 6.75 6.75 0.00 0.00 0.00 0.00 0.00 6.88 6.88 6.88 6.88 6.80 6.80 6.80 6.80 6.80 6.80 6.80 6.80 6.94 6.94 6.94 6.94 6.99 6.99 6.99 6.99 7.11 8.80 8.94 8.03 4.60 7.24 7.38 7.24 7.45 8.94 8.94 7.26 7.07 8.88 3.59 11.57 7.10 7.10 7.45 8.23 11.69 6.89 6.89 8.92 4.40 7.04 7.04 7.04
0.00 0.00 0.00 0.00 0.00 0.00 0.00 0.00 7.35 7.35 0.00 0.00 0.00 7.36 7.36 8.41 7.16 7.16 7.16 8.19 7.14 7.14 7.14 7.14 6.69 7.97 6.69 6.69 6.75 6.75 6.75 6.75 6.95 6.95 6.95 6.95 6.88 6.88 6.88 6.88 6.80 6.80 6.80 6.80 6.80 6.80 6.80 7.34 8.33 6.94 6.94 6.94 6.99 6.99 6.99 6.99 7.11 8.80 8.80 12.04 7.24 7.24 7.38 7.17 8.01 8.96 7.26 7.26 7.07 11.51 6.89 10.03 8.92 7.45 8.23 8.92 9.01 12.55 8.92 8.92 8.65 7.73 7.04 7.60
0.00 0.00 0.00 0.00 0.00 0.00 0.00 7.76 7.74 7.74 7.74 7.74 7.75 7.75 7.75 8.61 8.30 8.30 8.30 8.30 8.90 8.90 8.28 8.28 7.62 8.51 7.62 7.62 8.54 7.69 7.69 7.69 8.17 8.17 8.17 9.08 8.08 8.08 8.08 8.08 7.99 7.99 8.89 7.99 8.00 8.00 8.89 8.00 9.01 8.11 8.11 8.11 8.17 8.17 8.17 8.17 9.19 12.44 9.57 8.30 8.14 8.14 9.39 9.39 8.22 9.97 13.49 7.79 7.84 12.06 8.14 9.70 9.70 9.70 10.09 10.09 9.70 13.33 11.77 13.97 9.91 9.64 8.45 7.55
0.00 0.00 0.00 0.00 0.00 0.00 0.00 0.00 7.74 7.74 7.74 7.74 8.60 8.60 7.75 7.75 8.92 8.30 8.30 8.30 8.28 8.89 8.28 8.28 10.50 7.62 7.62 7.62 7.69 7.69 7.69 7.69 8.17 8.17 8.17 8.17 8.08 8.08 8.08 8.96 8.89 7.99 7.99 7.99 8.00 8.00 8.89 8.00 8.11 8.11 8.11 8.11 8.17 8.17 8.17 8.17 8.30 10.49 10.72 8.30 8.29 8.14 8.14 8.14 7.79 7.79 9.77 7.79 7.84 8.77 9.70 9.70 9.70 9.70 10.09 10.09 9.70 9.70 9.50 12.39 9.91 9.64 7.55 7.55
0.00 0.00 0.00 0.00 0.00 0.00 0.00 0.00 8.58 7.72 7.72 7.72 7.68 7.68 7.68 8.53 8.25 8.86 8.25 8.25 8.26 8.87 8.26 8.26 8.23 7.60 8.48 7.60 7.61 7.61 7.61 7.61 8.89 8.97 8.07 8.07 8.04 8.04 8.04 9.92 8.02 8.02 8.02 8.02 8.00 8.00 8.00 8.00 8.08 8.08 8.08 8.08 8.16 8.16 8.16 8.16 8.26 8.26 8.26 8.26 8.23 8.23 8.08 8.08 7.77 8.69 8.69 7.77 7.84 7.84 9.70 10.49 9.50 10.97 10.10 7.88 9.70 12.20 9.50 8.14 8.42 7.79 9.62 9.62
0.00 0.00 0.00 0.00 0.00 0.00 0.00 0.00 7.72 7.72 7.72 7.72 7.68 7.68 7.68 7.68 8.25 8.25 8.86 8.25 8.26 8.87 8.26 8.26 8.23 7.60 7.60 7.60 7.61 7.61 7.61 7.61 8.07 8.07 8.07 8.07 8.04 8.04 8.04 8.04 8.92 8.02 8.92 8.02 8.00 8.00 8.00 8.00 8.08 8.08 8.08 8.08 8.16 9.07 8.16 8.16 8.26 8.26 9.17 8.26 8.23 8.23 8.23 8.08 7.77 7.77 7.77 7.77 7.84 7.84 9.70 10.04 10.10 9.70 8.14 7.88 10.08 10.34 8.14 10.34 9.62 9.62 7.79 9.62
0.00 0.00 0.00 0.00 0.00 0.00 0.00 0.00 8.58 8.92 8.58 7.72 7.68 7.68 7.68 7.68 8.25 8.25 8.25 8.25 8.26 8.26 8.87 8.26 8.23 8.23 7.60 8.48 7.61 7.61 7.61 8.50 9.31 8.07 8.07 8.07 8.94 8.04 8.04 8.04 8.02 8.02 8.02 8.02 8.00 8.00 8.00 8.00 8.08 8.08 8.08 8.08 8.16 8.16 8.16 8.16 8.26 8.26 10.17 8.26 8.23 8.23 8.23 8.23 7.77 7.77 7.77 7.77 7.84 7.84 12.00 10.04 10.10 10.10 10.49 9.70 7.87 10.08 10.34 10.08 9.62 7.53 7.53 7.53
0.00 0.00 0.00 0.00 0.00 0.00 0.00 7.83 7.72 7.72 8.57 8.57 7.68 7.68 7.68 7.68 8.25 8.25 8.25 9.96 8.26 8.26 8.26 8.26 8.23 8.23 7.60 7.60 7.61 7.61 7.61 7.61 8.89 9.66 8.07 8.07 8.04 8.04 8.04 9.54 8.02 8.02 8.02 8.02 8.00 8.00 8.00 8.00 8.97 8.08 8.08 8.08 8.16 8.16 8.16 8.16 8.26 9.16 9.16 8.26 8.23 8.23 8.23 8.23 7.90 7.77 7.77 7.77 7.84 7.84 7.84 10.04 10.10 9.70 9.70 11.07 7.87 7.87 10.34 8.14 9.62 7.53 7.53 7.53
0.00 0.00 0.00 0.00 0.00 0.00 7.83 7.83 7.69 7.69 7.69 7.69 8.49 7.64 7.64 7.64 8.20 8.20 8.20 8.81 8.22 8.22 8.22 8.22 8.22 8.22 7.59 7.59 7.59 7.59 7.59 7.59 8.85 8.03 9.31 8.92 8.01 8.01 8.01 8.01 8.02 8.02 8.02 8.02 7.98 7.98 8.87 8.87 8.96 8.06 8.06 8.06 8.16 8.16 8.16 8.16 8.20 8.20 8.20 8.20 8.17 8.17 8.17 8.17 7.85 7.85 9.47 7.72 7.79 7.79 8.71 7.79 7.82 7.82 10.31 10.31 10.28 7.79 8.72 7.79 9.47 7.43 7.43 7.43
0.00 0.00 0.00 0.00 0.00 4.28 7.83 7.83 7.69 7.69 7.69 7.69 7.64 7.64 7.64 7.64 8.71 8.20 8.20 8.81 8.84 8.22 8.22 9.28 8.84 8.22 8.22 7.59 7.59 7.59 7.59 7.59 8.03 8.03 8.03 8.03 8.01 8.01 8.01 8.01 8.02 8.02 8.02 8.02 7.98 7.98 7.98 7.98 8.06 8.06 8.06 8.06 8.16 8.16 8.16 8.16 9.10 8.20 9.11 8.20 8.17 8.17 9.50 8.17 7.85 7.85 7.85 7.72 7.79 7.79 7.79 8.71 7.82 7.82 5.52 12.70 11.92 7.79 7.79 7.79 7.43 8.32 7.43 7.43
0.00 0.00 0.00 0.00 0.00 4.28 8.71 7.83 7.69 8.55 7.69 7.69 7.64 7.64 7.64 7.64 8.20 8.20 8.20 8.20 8.22 8.84 8.22 8.22 8.22 8.22 8.22 7.59 11.53 7.59 7.59 9.05 8.93 8.03 8.03 8.03 8.01 8.01 8.01 8.01 8.02 8.02 8.02 8.02 7.98 8.87 7.98 7.98 8.06 8.06 8.06 8.06 9.05 8.16 8.16 8.16 8.20 8.20 8.20 8.20 8.17 8.17 9.69 10.02 7.85 7.85 8.72 7.85 7.79 7.79 7.79 7.79 7.82 7.82 7.82 10.02 9.98 7.79 7.79 7.79 7.43 7.43 7.43 7.43
0.00 0.00 0.00 0.00 0.00 7.83 8.71 7.83 7.69 7.69 7.69 7.69 7.64 8.49 7.64 7.64 8.20 8.20 8.20 8.20 8.22 8.22 8.22 8.22 8.22 8.22 8.22 8.22 8.47 7.59 7.59 7.59 8.03 8.92 8.03 8.03 8.01 8.01 8.01 8.01 8.02 8.02 8.91 8.02 7.98 7.98 7.98 7.98 8.06 8.06 8.06 8.06 9.04 8.16 8.16 8.16 8.20 9.11 8.20 8.20 9.06 8.17 8.17 9.06 7.85 7.85 7.85 7.85 7.92 7.79 7.79 7.79 8.73 7.82 9.42 7.82 9.98 7.79 7.79 7.79 7.43 7.43 7.43 7.43
0.00 0.00 0.00 0.00 0.00 7.81 7.81 7.81 7.66 7.66 7.66 7.66 7.62 7.62 8.47 7.62 8.16 8.16 8.16 8.16 8.21 8.21 8.83 8.21 8.23 8.85 8.23 8.23 7.58 9.18 7.58 7.58 8.01 8.01 8.90 8.01 7.99 7.99 7.99 7.99 7.99 7.99 8.89 7.99 7.94 7.94 8.83 7.94 8.03 8.03 8.03 8.03 8.11 8.11 8.11 8.11 8.10 8.10 8.10 8.10 8.10 8.10 8.10 8.10 7.78 7.78 8.65 8.65 7.80 7.80 7.68 7.68 7.70 7.70 7.70 7.70 7.67 7.67 7.67 9.39 7.44 7.44 7.44 7.44
0.00 0.00 0.00 4.28 0.00 10.14 8.68 7.81 7.66 7.66 7.66 7.66 7.62 7.62 7.62 7.62 8.16 8.16 8.16 8.16 8.21 8.21 8.21 8.21 8.23 8.85 8.23 8.23 7.58 10.32 8.46 7.58 8.01 8.01 9.89 8.01 8.88 7.99 7.99 7.99 8.89 7.99 8.89 7.99 7.94 7.94 7.94 7.94 8.03 8.03 8.03 9.53 8.11 9.00 8.11 9.00 8.10 8.10 8.10 8.10 8.10 8.10 8.10 8.10 7.78 7.78 8.65 7.78 7.80 7.80 7.80 7.68 7.70 7.70 9.63 9.42 9.38 9.38 9.38 9.38 9.09 9.09 9.67 9.09
0.00 0.00 0.00 0.00 7.81 7.81 7.81 7.81 7.66 7.66 7.66 7.66 7.62 7.62 7.62 7.62 10.39 8.16 8.16 8.16 8.21 8.21 9.57 8.21 8.23 8.23 8.85 8.23 8.21 7.58 7.58 7.58 8.01 8.90 8.01 8.90 8.88 7.99 7.99 7.99 8.89 7.99 7.99 7.99 7.94 7.94 7.94 8.83 8.03 8.03 8.03 8.03 8.11 8.11 8.11 8.11 8.10 8.10 8.10 8.10 8.10 8.10 8.10 8.10 8.71 7.78 7.78 8.65 7.80 7.80 7.80 7.80 9.42 9.42 9.42 9.42 9.38 9.38 9.38 9.38 9.09 9.67 9.09 9.09
