New_Model_Runs/10_Future_Present_Scn3_out/post_prcessed_with_MFR/Monthly_summaries/net_infiltration_monthly_MAY.asc
NCOLS 700
NROWS 400
XLLCENTER 515000.000000
YLLCENTER 8409000.000000
CELLSIZE 50.000000
NODATA_value -999.000000
[rows 76 to 113 of 400, columns 420 to 503 of 700]
0.00 0.00 0.00 0.00 0.00 0.00 0.00 0.00 0.00 0.00 0.00 0.00 0.00 0.00 0.00 0.00 0.00 0.00 0.00 0.00 0.00 0.00 0.00 0.00 0.00 0.00 0.00 0.00 0.00 0.00 0.00 0.00 0.00 0.00 0.00 0.00 0.00 0.00 0.00 0.00 0.00 0.00 0.00 0.00 0.00 0.00 0.00 0.00 0.00 0.00 0.00 0.00 0.00 0.00 0.00 0.00 0.00 0.00 0.00 0.00 0.00 0.00 0.00 0.00 0.00 0.00 0.00 0.00 0.00 0.00 0.00 0.00 0.00 0.00 0.00 0.00 0.00 0.00 0.00 0.00 0.00 0.00 0.00 0.00
0.00 0.00 0.00 0.00 0.00 0.00 0.00 0.00 0.00 0.00 0.00 0.00 0.00 0.00 0.00 0.00 0.00 0.00 0.00 0.00 0.00 0.00 0.00 0.00 0.00 0.00 0.00 0.00 0.00 0.00 0.00 0.00 0.00 0.00 0.00 0.00 0.00 0.00 0.00 0.00 0.00 0.00 0.00 0.00 0.00 0.00 0.00 0.00 0.00 0.00 0.00 0.00 0.00 0.00 0.00 0.00 0.00 0.00 0.00 0.00 0.00 0.00 0.00 0.00 0.00 0.00 0.00 0.00 0.00 0.00 0.00 0.00 0.00 0.00 0.00 0.00 0.00 0.00 0.00 0.00 0.00 0.00 0.00 0.00
0.00 0.00 0.00 0.00 0.00 0.00 0.00 0.00 0.00 0.00 0.00 3.41 0.00 0.00 0.00 0.00 0.00 0.00 0.00 0.00 0.00 0.00 0.00 0.00 0.00 0.00 0.00 0.00 0.00 0.00 0.00 0.00 0.00 0.00 0.00 0.00 0.00 0.00 0.00 0.00 0.00 0.00 0.00 0.00 0.00 0.00 0.00 0.00 0.00 0.00 0.00 0.00 0.00 0.00 0.00 0.00 0.00 0.00 0.00 0.00 0.00 0.00 0.00 0.00 0.00 0.00 0.00 0.00 0.00 0.00 0.00 0.00 0.00 0.00 0.00 0.00 0.00 0.00 0.00 0.00 0.00 0.00 0.00 0.00
0.00 0.00 0.00 0.00 0.00 0.00 0.00 0.00 0.00 0.00 0.00 4.00 0.00 0.00 0.00 0.00 0.00 0.00 0.00 0.00 0.00 0.00 0.00 0.00 0.00 0.00 0.00 0.00 0.00 0.00 0.00 0.00 0.00 0.00 0.00 0.00 0.00 0.00 0.00 0.00 0.00 0.00 0.00 0.00 0.00 0.00 0.00 0.00 0.00 0.00 0.00 0.00 0.00 0.00 0.00 0.00 0.00 0.00 0.00 0.00 0.00 0.00 0.00 0.00 0.00 0.00 0.00 0.00 0.00 0.00 0.00 0.00 0.00 0.00 0.00 0.00 0.00 0.00 0.00 0.00 0.00 0.00 0.00 0.00
0.00 0.00 0.00 0.00 0.00 0.00 0.00 0.00 0.00 0.00 3.41 3.70 0.00 0.00 0.00 0.00 0.00 0.00 0.00 0.00 0.00 0.00 0.00 0.00 0.00 0.00 0.00 0.00 0.00 0.00 0.00 0.00 0.00 0.00 0.00 0.00 0.00 0.00 0.00 0.00 0.00 0.00 0.00 0.00 0.00 0.00 0.00 0.00 0.00 0.00 0.00 0.00 0.00 0.00 0.00 0.00 0.00 0.00 0.00 0.00 0.00 0.00 0.00 0.00 0.00 0.00 0.00 0.00 0.00 0.00 0.00 0.00 0.00 0.00 0.00 0.00 0.00 0.00 0.00 0.00 0.00 0.00 0.00 0.00
0.00 0.00 0.00 0.00 0.00 0.00 0.00 0.00 0.00 3.41 3.70 3.70 3.43 0.00 0.00 0.00 0.00 0.00 0.00 0.00 0.00 0.00 0.00 0.00 0.00 0.00 0.00 0.00 0.00 0.00 0.00 0.00 0.00 0.00 0.00 0.00 0.00 0.00 0.00 0.00 0.00 0.00 0.00 0.00 0.00 0.00 0.00 0.00 0.00 0.00 0.00 0.00 0.00 0.00 0.00 0.00 0.00 0.00 0.00 0.00 0.00 0.00 0.00 0.00 0.00 0.00 0.00 0.00 0.00 0.00 0.00 0.00 0.00 0.00 0.00 0.00 0.00 0.00 0.00 0.00 0.00 0.00 0.00 0.00
4.07 4.07 0.00 0.00 0.00 0.00 0.00 4.04 3.96 4.09 3.96 3.96 4.03 0.00 0.00 0.00 0.00 0.00 0.00 0.00 0.00 0.00 0.00 0.00 0.00 0.00 0.00 0.00 0.00 0.00 0.00 0.00 0.00 0.00 0.00 0.00 0.00 0.00 0.00 0.00 0.00 0.00 0.00 0.00 0.00 0.00 0.00 0.00 0.00 0.00 0.00 0.00 0.00 0.00 0.00 0.00 1.81 0.00 0.00 0.00 0.00 0.00 0.00 0.00 0.00 0.00 0.00 0.00 0.00 0.00 0.00 0.00 0.00 0.00 0.00 0.00 0.00 0.00 0.00 0.00 0.00 0.00 0.00 0.00
4.07 4.07 4.07 0.00 0.00 0.00 4.16 4.16 3.96 4.09 3.96 3.96 2.96 0.00 0.00 0.00 0.00 0.00 0.00 0.00 0.00 0.00 0.00 0.00 0.00 0.00 0.00 0.00 0.00 0.00 0.00 0.00 0.00 0.00 0.00 0.00 0.00 0.00 0.00 0.00 0.00 0.00 0.00 0.00 0.00 0.00 0.00 0.00 0.00 0.00 0.00 0.00 0.00 0.00 0.00 0.00 3.65 0.00 0.00 0.00 0.00 0.00 0.00 0.00 0.00 0.00 0.00 0.00 0.00 2.63 1.47 0.00 0.00 0.00 0.00 0.00 0.00 0.00 0.00 0.00 0.00 0.00 0.00 0.00
4.17 4.04 4.04 4.04 3.97 3.97 3.97 3.97 3.95 3.95 3.95 3.95 2.96 0.00 0.00 0.00 0.00 0.00 0.00 0.00 0.00 0.00 0.00 0.00 0.00 0.00 0.00 0.00 0.00 0.00 0.00 0.00 0.00 0.00 0.00 0.00 0.00 0.00 0.00 0.00 0.00 0.00 0.00 0.00 0.00 0.00 0.00 0.00 0.00 0.00 0.00 0.00 0.00 0.00 0.00 0.00 3.67 3.67 0.00 0.00 0.00 0.00 0.00 0.00 0.00 0.00 0.00 0.00 3.61 3.57 3.35 0.00 0.00 0.00 0.00 0.00 0.00 0.00 0.00 0.00 0.00 0.00 0.00 0.00
4.04 4.04 4.04 4.04 3.97 3.97 3.97 3.97 3.95 3.95 3.95 3.95 2.96 0.00 0.00 0.00 0.00 0.00 0.00 0.00 0.00 0.00 0.00 0.00 0.00 0.00 0.00 2.96 3.68 3.68 0.00 0.00 0.00 0.00 0.00 0.00 0.00 0.00 0.00 0.00 0.00 0.00 0.00 0.00 0.00 0.00 0.00 0.00 0.00 0.00 0.00 0.00 0.00 0.00 0.00 0.00 3.67 3.67 0.00 0.00 0.00 0.00 0.00 0.00 0.00 0.00 0.00 1.89 3.68 3.57 3.35 1.47 0.00 0.00 0.00 0.00 0.00 0.00 0.00 0.00 0.00 0.00 0.00 0.00
4.04 4.17 4.04 4.04 4.10 3.97 3.97 3.97 3.95 3.95 3.95 3.95 4.14 0.00 0.00 0.00 0.00 0.00 0.00 0.00 0.00 0.00 0.00 0.00 0.00 0.00 0.00 4.11 4.15 4.15 0.00 0.00 0.00 0.00 0.00 0.00 0.00 0.00 0.00 0.00 0.00 0.00 0.00 0.00 0.00 2.13 1.81 0.00 0.00 0.00 0.00 0.00 0.00 0.00 0.00 0.00 3.67 3.67 2.60 0.00 0.00 0.00 0.00 0.00 0.00 0.00 0.00 3.60 3.57 3.57 3.35 3.35 1.47 0.00 0.00 0.00 0.00 0.00 0.00 0.00 0.00 3.44 3.44 0.00
4.04 4.04 4.17 4.04 3.97 3.97 3.97 3.97 3.95 3.95 3.95 3.95 4.14 0.00 0.00 0.00 0.00 0.00 0.00 0.00 0.00 0.00 0.00 0.00 0.00 0.00 4.38 4.11 4.15 4.15 0.00 0.00 0.00 0.00 0.00 0.00 0.00 0.00 0.00 0.00 0.00 0.00 0.00 0.00 0.00 1.81 1.81 1.81 0.00 0.00 0.00 0.00 0.00 0.00 0.00 0.00 2.60 3.67 3.67 3.67 3.60 0.00 0.00 3.60 3.60 3.60 0.00 3.66 3.57 3.57 3.35 3.35 3.35 0.00 0.00 0.00 0.00 0.00 0.00 0.00 3.44 3.44 3.44 3.44
4.01 4.13 4.13 4.01 3.96 3.96 3.96 3.96 4.04 4.04 4.04 4.04 4.24 0.00 0.00 0.00 0.00 0.00 0.00 0.00 0.00 0.00 0.00 0.00 0.00 2.96 4.12 4.12 4.16 0.00 0.00 0.00 0.00 0.00 0.00 0.00 0.00 0.00 0.00 0.00 0.00 0.00 0.00 0.00 0.00 3.74 3.74 3.74 1.81 1.81 0.00 0.00 0.00 0.00 0.00 0.00 3.73 3.63 3.69 3.69 3.59 3.59 3.59 3.59 3.57 3.57 3.62 3.63 3.57 4.06 3.35 3.35 3.41 0.00 0.00 0.00 0.00 0.00 0.00 3.47 3.65 3.44 3.44 3.44
4.01 4.01 4.01 4.01 3.96 4.08 3.96 3.96 4.04 4.04 4.04 4.04 4.24 0.00 0.00 0.00 0.00 0.00 0.00 0.00 0.00 0.00 2.96 0.00 0.00 4.24 4.12 4.12 4.16 0.00 0.00 0.00 0.00 0.00 0.00 0.00 0.00 0.00 0.00 0.00 0.00 0.00 0.00 0.00 0.00 3.74 3.74 3.74 3.76 3.76 0.00 0.00 0.00 0.00 0.00 0.00 0.00 3.69 3.69 3.69 3.59 3.59 3.66 3.59 3.62 3.57 3.57 3.57 3.61 3.57 3.35 3.35 3.41 3.63 0.00 0.00 0.00 0.00 3.47 3.47 3.44 3.44 3.44 3.44
4.01 4.01 4.01 4.01 3.96 3.96 3.96 3.96 4.04 4.04 4.04 4.04 4.43 0.00 0.00 0.00 0.00 0.00 0.00 0.00 3.08 4.18 4.18 4.18 4.12 4.12 4.12 4.12 0.00 0.00 0.00 0.00 0.00 0.00 0.00 0.00 0.00 0.00 0.00 0.00 0.00 0.00 0.00 0.00 1.81 3.74 3.74 3.74 3.76 3.76 0.00 0.00 0.00 0.00 0.00 0.00 0.00 3.69 3.69 3.69 3.59 3.59 3.59 3.59 3.57 3.57 3.57 3.57 3.57 3.57 3.35 3.35 3.41 3.63 3.41 3.41 0.00 3.47 3.47 3.47 3.44 3.44 3.44 3.44
4.01 4.01 4.01 4.01 3.96 3.96 3.96 3.96 4.04 4.04 4.04 4.04 4.43 0.00 0.00 0.00 0.00 0.00 0.00 4.22 4.18 4.18 4.18 4.18 4.12 4.12 4.12 4.12 0.00 0.00 0.00 0.00 0.00 0.00 0.00 0.00 0.00 0.00 0.00 0.00 0.00 0.00 0.00 0.00 0.00 3.74 3.74 3.74 3.76 0.00 0.00 0.00 0.00 0.00 0.00 0.00 1.81 3.69 3.69 3.69 3.59 3.59 3.59 3.59 3.57 3.57 3.57 3.57 3.57 3.57 3.35 3.57 3.41 3.41 3.41 3.41 3.47 3.47 3.47 3.47 3.44 3.44 3.44 3.44
3.99 3.99 3.99 3.99 3.99 3.99 3.99 3.99 4.12 4.12 4.12 4.31 4.47 4.48 0.00 0.00 0.00 0.00 0.00 4.38 4.15 4.15 4.28 4.52 4.51 4.27 4.14 0.00 0.00 0.00 0.00 0.00 0.00 0.00 0.00 0.00 0.00 0.00 0.00 0.00 0.00 0.00 0.00 0.00 0.00 3.77 3.77 3.77 0.00 0.00 0.00 0.00 0.00 0.00 0.00 0.00 3.77 3.68 3.68 3.68 3.54 3.54 3.54 3.58 3.57 3.52 3.52 3.52 3.60 3.60 3.39 3.39 3.67 3.68 3.46 3.46 3.54 3.54 3.54 3.54 3.53 3.53 3.53 3.53
3.99 3.99 3.99 4.12 3.99 3.99 3.99 3.99 4.12 4.12 4.31 4.32 4.47 4.47 4.67 0.00 0.00 0.00 0.00 4.26 4.15 4.15 4.15 4.15 4.14 4.14 4.14 0.00 0.00 0.00 0.00 0.00 0.00 0.00 0.00 0.00 0.00 0.00 0.00 0.00 0.00 0.00 0.00 0.00 0.00 0.00 1.26 3.77 0.00 0.00 0.00 0.00 0.00 0.00 0.00 2.68 3.77 3.68 3.68 3.68 3.54 3.54 3.54 3.54 3.52 3.52 3.58 3.52 3.60 3.60 3.39 3.39 3.46 3.46 3.46 3.46 3.54 3.54 3.54 3.54 3.53 3.53 3.53 3.53
3.99 3.99 3.99 3.99 3.99 3.99 3.99 3.99 4.43 4.12 4.31 4.51 4.27 4.27 4.27 2.89 2.89 2.89 4.45 4.45 4.15 4.15 4.15 4.15 4.14 4.14 4.14 0.00 0.00 0.00 0.00 0.00 0.00 0.00 0.00 0.00 0.00 0.00 0.00 0.00 0.00 0.00 0.00 0.00 0.00 0.00 1.26 3.77 3.66 3.66 0.00 0.00 0.00 0.00 1.74 3.88 3.77 3.68 3.62 3.65 3.54 3.54 3.54 3.58 3.52 3.57 3.57 3.52 3.60 3.60 3.39 3.39 3.46 3.46 3.46 3.83 3.48 3.48 7.12 3.67 3.53 0.00 0.00 0.00
3.99 4.12 3.99 3.99 3.99 3.99 3.99 4.11 4.12 4.12 4.12 4.12 4.27 4.27 4.27 4.27 4.16 4.16 4.46 4.45 4.15 4.15 4.15 4.15 4.14 4.14 4.14 0.00 0.00 0.00 0.00 0.00 0.00 0.00 0.00 0.00 0.00 0.00 0.00 0.00 0.00 0.00 0.00 0.00 0.00 0.00 3.77 2.79 3.66 3.87 3.87 1.26 3.67 3.88 3.88 3.88 3.77 3.68 3.68 3.74 3.54 3.54 3.54 3.54 3.52 3.52 3.52 3.52 3.60 3.60 3.39 3.39 3.46 3.82 2.65 4.81 7.51 7.65 0.00 0.00 0.00 0.00 0.00 0.00
4.02 4.02 4.15 4.02 3.97 3.97 3.97 3.97 4.09 4.09 4.09 4.09 4.28 4.28 4.28 4.28 3.86 4.16 4.16 4.45 4.13 4.13 4.13 4.13 4.18 3.96 3.96 0.00 0.00 0.00 0.00 0.00 0.00 0.00 0.00 0.00 0.00 0.00 0.00 0.00 0.00 0.00 0.00 0.00 0.00 0.00 3.54 2.60 3.64 3.86 3.64 3.64 3.94 3.84 3.84 3.84 3.58 3.58 3.58 3.64 3.54 3.54 3.54 3.54 3.63 3.63 3.63 3.63 3.74 3.74 3.52 3.52 3.93 4.30 4.44 7.47 6.24 0.00 0.00 0.00 0.00 0.00 0.00 0.00
4.15 4.02 4.02 4.02 3.97 3.97 3.97 3.97 4.09 4.09 4.09 4.09 4.28 4.28 4.28 4.53 4.53 4.55 4.82 4.45 4.13 4.13 4.13 4.13 4.15 3.96 3.96 0.00 0.00 0.00 0.00 0.00 0.00 0.00 0.00 0.00 0.00 0.00 0.00 0.00 0.00 0.00 0.00 0.00 0.00 3.81 3.64 2.60 3.64 3.86 3.64 3.64 3.84 3.84 3.84 3.74 3.58 3.58 3.58 3.58 3.54 3.54 3.54 3.54 3.63 3.63 3.63 3.63 3.74 3.74 3.52 2.65 3.02 4.40 4.67 7.18 0.00 0.00 0.00 0.00 0.00 0.00 0.00 0.00
4.78 4.78 5.00 4.78 4.72 4.72 4.72 4.72 4.85 4.85 4.85 4.85 4.99 4.99 4.97 4.97 5.25 5.37 5.69 5.25 4.83 4.83 4.58 4.58 4.64 4.66 4.64 0.00 0.00 0.00 0.00 0.00 0.00 0.00 0.00 0.00 0.00 0.00 0.00 0.00 0.00 0.00 0.00 0.00 4.31 4.10 4.10 4.10 4.11 4.38 4.11 4.11 4.32 4.32 4.06 4.06 3.90 3.90 3.90 3.90 3.89 3.89 3.89 3.89 4.00 4.00 4.00 4.00 4.11 4.11 4.02 4.46 4.60 5.38 7.68 3.31 0.00 0.00 0.00 0.00 0.00 0.00 0.00 0.00
4.78 4.78 4.78 4.99 4.72 4.72 4.72 4.72 4.85 4.85 4.85 4.85 4.99 5.28 5.28 5.28 4.97 4.97 5.25 5.25 4.58 4.58 4.58 4.58 4.64 4.64 4.64 0.00 0.00 0.00 0.00 0.00 0.00 0.00 0.00 0.00 0.00 0.00 0.00 0.00 0.00 0.00 0.00 0.00 4.10 4.10 3.00 4.10 4.38 4.38 4.11 4.38 4.32 4.32 4.31 4.06 3.90 3.90 3.90 3.90 3.89 3.89 3.89 3.89 4.00 4.00 4.00 4.00 4.11 4.36 8.09 8.46 4.63 6.94 3.31 0.00 0.00 0.00 0.00 0.00 0.00 0.00 0.00 0.00
4.78 4.78 5.01 4.78 4.71 4.71 4.71 4.71 4.84 4.84 4.84 4.84 4.98 5.28 5.28 5.28 5.17 5.17 5.36 4.64 4.57 4.57 4.57 4.57 4.70 4.70 0.00 0.00 0.00 0.00 0.00 0.00 0.00 0.00 0.00 0.00 0.00 0.00 0.00 0.00 0.00 0.00 0.00 2.21 4.19 4.08 3.00 4.08 4.32 4.32 4.32 4.32 4.16 3.91 3.91 4.11 3.89 3.89 3.89 3.89 4.06 4.06 4.06 4.06 4.14 4.14 4.14 4.14 4.17 7.13 7.12 1.00 0.26 4.26 0.00 0.00 0.00 0.00 0.00 0.00 0.00 0.00 0.00 0.00
5.06 4.78 5.01 4.78 4.71 4.71 4.71 4.71 4.84 4.84 4.84 4.84 5.28 5.28 5.28 5.28 5.17 4.82 5.00 4.64 4.57 4.57 4.57 4.57 4.70 4.70 0.00 0.00 0.00 0.00 0.00 0.00 0.00 0.00 0.00 4.66 2.21 2.21 0.00 0.00 4.62 4.62 4.86 4.62 4.08 3.00 3.00 3.00 4.32 4.32 4.32 4.32 3.91 4.34 4.11 3.91 3.89 3.89 3.89 3.89 4.06 4.06 4.31 4.31 4.40 4.14 4.14 3.47 6.93 2.32 0.26 0.63 0.26 2.36 8.42 0.00 0.00 0.00 0.00 0.00 0.00 0.00 0.00 0.00
4.78 5.01 4.78 4.78 4.71 4.71 4.71 4.92 4.84 4.84 4.84 5.13 5.28 5.28 5.31 4.92 4.82 4.82 4.83 4.64 4.57 4.57 4.57 4.57 4.70 4.70 0.00 0.00 0.00 0.00 0.00 0.00 0.00 0.00 0.00 4.66 4.65 4.65 4.65 4.65 4.62 4.62 5.09 4.62 3.25 3.00 3.00 4.08 4.32 4.32 4.44 4.05 3.91 4.11 3.91 3.91 3.89 3.89 3.89 3.89 4.06 4.06 4.31 4.31 4.40 4.40 8.03 6.93 2.45 1.44 0.26 0.26 0.26 4.79 3.85 5.99 0.00 0.00 0.00 0.00 0.00 0.00 0.00 0.00
4.78 4.78 4.78 4.78 4.92 4.71 4.71 4.71 4.84 4.84 4.84 5.13 5.28 4.92 4.92 4.92 4.82 4.82 4.82 4.64 4.57 4.57 4.57 4.57 4.70 4.70 0.00 0.00 0.00 0.00 0.00 0.00 0.00 0.00 0.00 4.66 4.65 4.65 4.65 4.65 4.86 4.62 4.62 4.62 4.08 4.08 4.35 4.35 4.32 4.36 4.32 4.32 3.91 3.91 3.91 3.91 3.89 3.89 3.89 3.89 4.06 4.06 4.31 4.31 4.94 7.30 2.32 1.79 1.44 1.44 0.26 0.27 0.27 3.68 5.53 3.48 7.69 0.00 0.00 0.00 0.00 0.00 0.00 0.00
4.75 5.03 4.75 4.75 4.74 4.74 4.74 4.74 4.82 4.82 4.82 5.05 4.78 4.78 4.78 4.78 4.70 4.70 4.70 4.54 4.64 4.64 4.64 4.64 4.75 4.75 0.00 0.00 0.00 0.00 0.00 0.00 0.00 0.00 5.03 5.16 4.17 4.37 4.65 4.65 4.58 4.58 4.61 4.58 4.31 4.31 4.31 4.35 4.23 4.23 4.23 4.23 3.91 3.91 3.91 3.91 4.07 4.07 4.07 4.07 4.21 4.47 3.74 7.37 7.30 2.69 1.79 1.79 1.44 1.76 0.26 0.26 0.26 2.57 2.03 5.66 8.43 5.89 0.00 0.00 0.00 0.00 0.00 0.00
4.75 4.75 4.97 4.75 4.74 4.74 4.74 4.74 4.82 4.82 4.84 4.56 4.96 4.78 4.78 4.78 4.70 4.70 4.54 4.54 4.64 4.64 4.64 4.64 4.75 4.75 4.75 0.00 0.00 0.00 0.00 0.00 0.00 0.00 2.88 4.22 4.96 4.96 4.65 4.65 4.58 4.81 4.81 4.88 4.31 4.31 4.35 4.31 4.23 4.27 4.23 4.23 3.91 3.91 3.91 3.91 4.34 4.34 4.34 4.34 4.47 4.47 4.11 7.30 1.79 1.79 1.79 1.79 1.79 1.44 0.26 0.63 0.63 1.83 5.82 5.82 3.57 4.80 3.43 7.06 4.29 0.00 0.00 0.00
4.97 4.75 4.75 4.75 4.74 4.74 4.74 4.74 5.11 4.73 4.56 4.56 4.61 4.61 4.61 4.78 4.70 4.54 4.54 4.54 4.64 4.64 4.64 4.64 4.75 4.75 8.25 5.66 0.00 0.00 0.00 0.00 0.00 4.37 1.57 4.01 4.04 4.79 4.65 4.65 4.58 4.58 4.58 4.93 4.31 4.35 4.31 4.31 4.23 4.23 4.23 4.23 3.91 3.91 4.16 4.16 4.34 4.34 4.34 4.34 4.47 3.74 7.74 1.79 1.79 2.16 2.16 1.79 1.79 1.44 0.26 4.26 5.82 6.95 3.32 4.23 3.69 3.69 3.69 3.69 3.06 3.06 5.56 0.00
4.75 4.75 4.75 4.75 4.74 4.74 4.74 4.49 4.68 4.56 4.56 4.68 4.72 4.61 4.61 4.61 4.54 4.54 4.54 4.54 4.64 4.64 4.64 4.66 4.75 4.66 9.05 6.17 6.70 6.96 4.00 5.61 5.94 1.94 4.38 4.44 4.70 4.65 4.65 4.65 4.58 4.58 4.58 4.88 4.31 4.35 4.31 4.31 4.23 4.23 4.49 4.49 3.91 3.91 3.91 4.16 4.34 4.38 4.34 4.34 7.37 7.37 2.32 1.79 2.16 8.59 7.68 7.31 5.95 7.37 6.95 3.32 3.32 4.62 4.04 4.04 3.69 3.69 3.69 3.69 3.97 3.72 3.20 3.84
5.17 5.17 4.72 4.72 4.74 4.48 4.62 4.48 4.50 4.50 4.50 4.50 4.51 4.64 4.51 4.51 4.59 4.59 4.59 4.59 4.74 4.74 4.74 4.74 4.66 8.71 4.68 5.82 3.03 2.37 7.05 5.98 1.61 3.25 4.05 5.17 4.71 4.66 4.66 4.66 4.57 4.57 4.57 4.87 4.24 4.87 3.99 4.24 4.19 3.94 4.14 3.94 4.02 4.02 4.02 4.02 4.19 4.19 4.19 4.47 7.37 3.04 3.04 3.69 8.96 4.23 4.23 4.49 3.74 3.74 4.52 3.32 4.43 4.43 3.99 3.99 3.65 3.90 3.65 3.65 3.74 3.74 2.83 3.20
4.55 4.55 4.55 4.55 4.57 4.48 4.62 4.48 4.50 4.50 4.50 4.50 4.64 4.64 4.51 4.51 4.59 4.59 4.59 4.59 4.74 4.74 4.74 4.74 4.66 9.08 5.45 4.71 5.06 3.03 2.68 9.12 3.25 4.01 4.44 4.44 4.37 5.01 4.66 4.66 4.57 4.57 4.57 4.57 4.23 3.99 3.99 3.99 3.94 3.94 3.94 3.94 4.02 4.02 4.02 4.02 4.19 4.19 4.19 3.43 6.85 3.04 3.47 3.94 7.31 4.23 4.23 4.23 4.16 4.42 4.52 4.52 4.20 4.43 3.99 3.99 3.90 3.65 3.65 3.65 3.74 3.74 3.74 4.16
4.55 4.55 4.55 4.55 4.57 4.57 4.48 4.48 4.50 4.50 4.64 4.50 4.51 4.64 4.51 4.51 4.59 4.59 4.59 4.59 4.74 4.74 4.74 4.74 5.39 5.66 4.68 4.71 5.43 2.66 4.75 9.14 4.44 4.47 4.01 4.53 4.64 4.44 4.66 4.66 4.57 4.57 4.57 4.57 3.99 4.25 3.99 3.99 3.94 3.94 3.94 3.94 4.02 4.02 4.02 4.02 4.19 4.19 3.17 7.43 3.96 3.84 3.22 7.31 3.74 4.32 3.04 4.23 4.16 4.16 4.85 4.52 4.43 3.99 3.99 3.99 3.65 3.65 3.65 3.65 3.74 3.74 4.16 4.29
4.55 4.55 4.55 4.55 4.57 4.57 4.48 4.48 4.50 4.50 4.50 4.50 4.51 4.51 4.51 4.51 4.59 4.59 4.59 4.59 4.74 4.74 4.74 5.11 5.02 5.08 8.34 5.08 5.06 4.30 8.44 5.18 4.81 4.44 4.22 5.04 5.04 5.14 4.99 4.66 4.80 4.57 4.57 4.57 3.99 4.19 3.99 3.99 3.94 3.94 3.94 3.94 4.02 4.02 4.02 4.02 4.19 4.19 4.31 7.43 4.21 3.84 3.69 7.41 3.74 3.74 3.04 3.04 4.16 4.16 4.07 5.18 5.07 4.25 4.25 4.23 3.65 3.65 3.65 3.65 3.74 3.74 4.16 4.16
4.53 4.53 4.53 4.53 4.56 4.89 4.56 4.47 4.46 4.46 4.60 4.46 4.54 4.54 4.54 4.54 4.68 4.68 4.68 4.68 4.79 4.79 4.79 5.16 5.02 5.02 4.70 9.56 4.67 4.30 8.44 4.81 4.70 4.67 4.70 5.03 4.98 4.98 5.32 4.66 4.58 4.58 4.58 4.58 3.98 3.98 3.98 3.98 3.98 3.98 3.98 3.98 4.13 4.13 4.13 4.13 4.23 4.23 7.06 6.74 2.99 3.04 3.53 4.04 3.53 4.64 3.53 3.04 3.21 4.15 4.05 4.32 4.21 3.95 3.95 3.95 3.66 3.66 3.66 3.66 3.74 4.16 4.28 4.16
4.53 4.53 4.84 4.53 4.56 4.56 4.56 4.47 4.60 4.46 4.70 4.46 4.54 4.54 4.54 4.54 4.68 4.68 4.68 4.68 4.79 4.79 4.79 4.71 5.02 5.02 4.68 8.31 4.26 4.67 10.00 5.86 4.70 4.70 4.70 4.70 4.66 4.66 4.66 4.66 4.58 4.58 4.58 4.58 3.98 3.98 3.98 3.98 3.98 3.98 3.98 3.98 4.13 4.13 4.13 4.40 4.23 4.33 7.00 3.11 3.79 3.74 4.28 4.27 3.53 3.53 3.53 3.04 3.04 4.80 4.05 4.05 3.95 3.95 4.24 3.95 3.66 3.66 3.66 3.66 3.74 4.16 4.16 4.16
