New_Model_Runs/10_Future_Present_Scn3_out/post_prcessed_with_MFR/Monthly_summaries/net_infiltration_monthly_OCT.asc
NCOLS 700
NROWS 400
XLLCENTER 515000.000000
YLLCENTER 8409000.000000
CELLSIZE 50.000000
NODATA_value -999.000000
[rows 304 to 341 of 400, columns 168 to 251 of 700]
6.77 3.89 4.81 3.89 3.89 3.15 7.01 3.52 3.74 4.59 4.96 4.68 4.96 4.59 4.43 4.78 4.78 4.80 4.04 4.78 4.04 5.47 5.10 5.15 5.51 5.51 5.88 4.38 7.30 5.14 5.14 4.77 4.43 4.43 4.43 4.43 5.14 4.67 4.78 4.38 5.10 8.36 8.36 7.89 7.64 7.64 4.38 3.98 4.63 5.38 5.01 4.63 5.47 5.00 4.26 4.01 3.64 4.29 4.29 7.91 4.29 4.69 4.36 5.06 5.06 4.69 4.69 4.69 5.06 5.03 4.38 7.27 6.71 3.09 3.39 7.09 1.39 3.35 3.06 4.09 4.83 6.31 5.20 4.46
7.38 7.52 5.18 3.38 3.89 3.52 3.15 6.77 3.74 4.59 4.59 4.31 3.94 4.78 4.78 4.78 4.43 4.04 4.75 4.29 5.52 5.47 4.43 5.15 5.51 5.51 5.04 7.93 4.01 5.51 5.14 5.09 5.09 5.09 4.43 5.09 4.43 4.38 5.04 5.51 5.10 4.73 4.73 5.71 5.05 8.63 9.00 8.63 5.91 8.63 7.89 7.89 7.89 8.73 7.52 7.52 7.27 7.91 8.66 9.03 7.27 3.92 4.69 5.06 5.06 4.69 4.69 4.69 5.06 4.01 7.91 8.68 4.13 3.39 4.13 4.13 4.65 3.35 4.09 4.46 4.09 5.20 5.20 4.46
4.96 8.07 4.07 4.22 3.21 4.22 1.33 4.96 3.39 4.76 4.39 4.39 4.76 4.58 4.24 4.96 4.58 4.58 4.12 4.23 4.96 5.28 4.58 4.58 4.98 5.35 4.21 7.12 5.35 4.98 3.64 4.93 4.93 4.93 4.93 4.93 4.93 4.93 4.61 4.27 4.42 4.42 4.66 4.36 4.73 4.84 5.10 4.73 4.36 5.47 5.47 4.36 6.99 4.71 7.61 7.61 1.37 4.09 6.17 3.97 2.86 7.71 7.72 7.69 3.13 4.07 3.13 3.04 4.64 6.97 7.34 4.44 3.61 3.61 3.61 2.97 3.34 3.59 4.33 4.70 4.33 4.43 4.43 3.96
3.60 3.27 7.58 2.45 4.32 4.22 4.69 2.08 7.09 3.83 4.76 4.76 4.39 4.58 4.96 3.86 4.96 4.58 4.58 4.58 4.96 4.96 4.58 4.58 4.61 4.52 4.15 8.61 4.52 4.15 4.93 4.93 4.93 4.93 4.93 5.30 5.30 4.93 4.93 4.93 5.15 3.73 4.79 4.42 4.79 4.42 4.79 5.10 5.47 5.16 5.10 4.36 3.61 3.99 5.08 3.61 1.37 4.46 4.86 5.55 4.46 4.46 4.15 7.41 7.34 7.69 6.97 6.66 3.04 3.04 7.69 7.69 7.61 6.25 2.97 3.34 3.34 3.99 4.09 4.80 3.69 3.69 4.06 4.33
4.59 3.58 6.84 4.69 4.32 4.22 4.41 2.08 5.02 4.13 3.96 3.88 4.39 4.96 4.96 4.58 4.58 4.58 4.58 4.58 4.96 4.96 4.58 4.96 4.61 4.52 5.72 8.24 4.61 4.92 4.92 4.92 4.61 4.61 4.27 4.15 5.29 4.92 3.52 3.89 3.73 4.10 3.73 4.42 4.42 4.42 4.42 5.16 4.36 4.33 3.61 3.99 1.46 5.08 7.61 3.61 3.45 4.07 4.07 4.07 3.04 4.07 4.44 4.07 3.78 4.07 4.07 4.07 4.07 4.07 4.07 4.40 2.99 3.61 7.24 6.60 6.97 6.99 6.95 6.98 6.61 3.69 4.33 3.96
4.59 3.58 3.27 7.95 4.96 3.21 3.95 3.95 1.02 7.76 4.57 5.13 4.39 4.58 4.58 3.95 4.73 4.58 4.58 4.58 3.49 4.58 4.58 3.86 4.61 4.98 7.86 4.15 4.98 4.92 4.92 4.92 4.27 4.61 4.61 4.61 4.27 4.92 5.29 4.26 4.42 4.42 5.16 4.79 4.42 4.42 4.42 4.42 4.42 4.42 4.42 4.10 1.83 8.73 3.99 4.79 4.07 4.07 4.07 4.07 4.07 4.07 4.07 4.03 4.40 4.77 4.11 4.07 4.07 4.23 4.23 3.30 2.61 3.61 3.61 3.69 4.01 2.98 3.35 4.33 7.69 7.69 7.32 6.98
4.96 3.95 3.23 6.90 3.21 4.22 4.59 3.95 4.95 8.15 4.87 5.25 4.96 4.12 4.58 4.58 4.58 4.90 4.90 4.58 4.58 4.58 4.12 4.12 4.98 7.78 4.52 4.89 5.35 4.61 5.02 4.92 4.61 4.61 4.61 4.61 4.27 3.52 3.52 5.29 4.75 4.75 4.42 4.42 4.42 4.08 4.16 4.42 3.61 4.42 4.79 5.53 8.79 4.73 5.10 5.10 4.71 4.33 4.07 4.07 4.07 4.44 4.40 4.03 4.05 4.13 4.47 4.03 4.03 4.23 4.21 4.03 3.59 3.73 3.59 3.99 4.01 3.59 4.21 3.59 4.01 4.33 4.33 3.96
3.58 3.97 4.22 2.90 7.58 4.69 4.96 2.90 4.87 2.13 5.10 4.50 5.33 4.96 4.58 4.24 4.58 4.58 4.90 4.58 4.67 5.45 4.49 8.86 8.98 4.98 4.52 4.98 5.35 4.98 5.29 4.92 4.92 4.61 4.92 4.92 4.92 4.27 4.92 4.92 4.75 4.75 4.75 4.75 4.74 4.42 4.08 4.42 4.42 4.42 4.42 8.05 8.05 4.73 4.73 4.73 4.07 4.33 4.33 4.03 4.03 4.40 4.03 4.03 4.03 4.40 4.40 4.03 4.03 4.23 4.03 4.03 3.84 3.84 3.59 3.59 3.59 3.84 3.84 3.59 3.96 4.33 3.59 3.59
4.60 4.59 4.22 4.22 5.33 5.44 4.01 2.90 4.78 4.13 5.02 7.76 4.86 4.55 4.58 4.58 4.58 4.58 4.58 4.67 4.58 4.86 8.49 5.33 5.35 4.61 4.98 4.98 4.98 4.98 4.61 4.92 4.27 4.92 4.92 4.92 4.91 4.91 4.91 4.91 4.82 4.67 4.72 4.72 4.72 4.08 4.42 4.42 4.08 4.42 4.42 8.71 4.72 4.72 4.72 4.72 4.03 4.03 4.17 4.03 4.50 4.87 3.67 3.30 4.03 4.03 4.21 4.21 4.19 4.03 4.03 4.03 3.88 3.59 3.64 3.59 3.59 3.68 3.59 3.59 2.66 2.98 3.59 3.96
4.22 4.59 3.58 6.84 3.58 4.32 4.32 4.32 4.50 4.50 3.76 7.76 4.97 5.33 4.96 4.58 4.58 4.58 4.67 4.58 4.58 7.86 8.21 4.96 3.98 4.98 4.61 4.61 4.61 4.61 4.61 4.27 4.27 4.92 4.92 4.92 4.91 4.91 4.91 4.39 4.14 4.16 4.20 5.07 4.42 4.08 4.08 4.08 4.42 4.42 4.42 8.05 4.42 4.59 4.79 4.72 4.03 4.03 4.17 2.45 2.45 2.45 2.45 2.45 2.45 2.45 4.21 4.21 4.19 4.03 4.03 4.03 3.59 3.59 3.59 3.88 3.89 3.90 3.59 3.59 2.61 2.95 3.59 3.96
3.27 4.59 7.27 3.21 4.22 4.22 4.22 4.59 5.13 3.76 4.39 3.47 7.46 5.65 4.96 4.58 4.58 3.54 3.49 4.96 4.96 7.75 4.96 4.96 4.61 4.61 4.27 4.27 4.61 4.27 4.27 4.27 4.27 4.92 4.92 4.27 4.27 4.27 4.27 4.61 4.72 4.72 4.42 4.42 4.42 4.08 4.42 4.42 4.42 4.42 4.42 8.05 4.42 4.45 4.42 4.72 4.03 4.17 4.17 2.45 2.45 2.45 2.45 2.45 2.45 2.45 4.21 2.45 2.63 4.32 4.03 4.19 3.88 3.59 3.59 3.96 4.63 4.26 3.89 3.59 3.59 3.59 3.59 3.59
3.27 7.95 3.95 4.59 4.22 4.22 4.22 4.22 4.50 4.50 4.76 3.91 7.09 4.12 5.33 4.96 4.96 4.17 3.49 4.86 5.23 8.12 4.12 4.96 4.26 4.98 4.27 4.61 4.61 4.61 4.27 4.27 4.27 4.61 4.69 4.61 4.61 4.27 4.27 4.27 4.42 5.07 4.08 4.42 4.42 4.08 4.08 4.42 4.42 5.16 4.79 8.05 4.42 4.42 4.42 4.72 4.03 4.03 4.17 4.17 4.20 4.20 4.20 4.20 4.21 4.21 3.14 2.45 2.45 4.19 4.19 4.19 3.59 3.59 3.59 3.96 3.72 4.33 4.33 3.59 3.59 3.59 3.59 3.26
7.21 4.22 4.96 4.69 4.96 4.22 4.22 3.27 3.88 7.76 7.76 7.49 7.75 7.75 4.20 5.04 3.83 5.33 4.12 5.23 6.98 4.96 4.67 4.60 4.72 5.03 4.61 4.61 4.61 4.27 4.27 4.27 4.61 4.61 4.61 4.61 4.61 4.27 4.27 4.61 4.16 4.08 4.42 4.08 4.42 4.42 4.08 4.08 4.79 4.73 7.73 4.42 4.42 4.67 4.67 4.67 4.07 4.03 4.17 4.17 4.25 4.25 4.25 4.25 4.25 4.25 4.25 4.25 4.21 2.45 2.45 2.45 3.75 3.86 3.59 3.96 3.73 4.33 4.33 3.59 3.59 3.59 3.59 3.96
7.21 4.22 3.64 3.64 4.96 4.22 4.59 2.90 6.76 3.76 4.87 4.49 4.69 8.12 4.96 4.12 5.23 5.23 4.60 5.23 8.86 5.33 4.96 5.70 5.00 4.98 4.61 4.61 4.27 4.27 4.32 4.27 4.61 4.91 4.91 4.91 4.87 4.27 4.87 4.87 4.70 4.70 4.42 4.08 4.08 4.13 4.08 4.08 4.36 5.16 7.24 4.42 4.67 4.67 4.67 4.67 4.03 4.17 4.18 4.17 4.25 4.25 4.25 4.25 4.25 4.25 4.25 4.25 4.21 4.21 3.14 2.45 2.22 2.95 3.59 3.59 3.69 4.80 4.33 3.26 3.96 4.33 3.32 3.59
5.70 5.33 4.01 3.58 4.22 5.33 4.32 7.27 4.04 3.76 4.25 1.87 4.49 4.23 7.12 4.23 5.23 5.33 5.70 9.06 5.70 5.33 4.58 4.96 5.35 4.98 4.61 5.28 4.97 4.27 4.32 4.32 4.27 5.01 4.91 4.91 4.87 4.87 4.87 4.94 4.42 4.42 4.42 4.42 4.42 4.08 3.79 3.79 4.79 4.42 8.10 4.42 4.67 4.42 4.08 4.36 4.17 4.17 4.17 4.17 4.25 4.25 4.25 4.25 4.25 4.25 4.25 4.25 4.21 4.21 4.21 4.21 2.22 3.86 3.86 3.86 3.96 4.33 4.33 3.59 3.96 3.96 3.96 3.59
5.17 5.15 1.33 3.60 3.95 4.32 7.95 3.95 4.41 4.39 4.39 4.58 4.96 4.23 7.49 3.86 3.86 5.33 6.24 8.49 4.86 4.86 4.61 4.24 4.61 4.72 4.61 4.92 4.92 4.27 4.27 4.27 4.27 4.91 4.91 4.91 4.87 4.92 6.18 4.61 4.42 4.42 3.79 4.70 4.71 4.71 3.79 3.79 4.08 7.71 3.61 2.81 5.07 4.42 4.06 4.54 4.17 4.17 4.17 4.17 4.25 4.25 4.59 3.71 4.25 4.25 4.25 4.25 4.21 4.21 4.21 4.20 3.86 3.86 3.86 3.86 3.87 3.59 3.59 3.59 3.26 3.96 3.59 3.59
5.07 4.32 3.60 3.58 6.90 6.90 4.96 4.59 4.39 4.39 4.58 4.58 3.49 4.92 3.86 7.12 5.41 4.49 5.55 4.49 4.94 4.49 4.24 4.24 4.61 4.61 4.92 4.92 4.61 4.27 4.61 4.27 4.61 4.88 4.88 4.27 4.27 4.84 4.27 4.27 4.08 4.08 4.08 4.69 4.59 3.79 3.61 3.61 3.61 7.24 2.81 2.85 4.65 4.56 4.50 4.50 4.19 4.19 4.19 4.19 4.26 4.26 3.71 4.40 4.42 4.28 4.28 4.28 4.25 4.25 4.25 4.25 3.86 3.86 3.86 3.86 3.86 3.59 3.59 3.59 3.26 3.59 3.59 3.59
4.69 2.45 7.64 8.22 4.59 4.59 4.23 4.22 4.39 4.04 3.49 4.58 4.58 5.66 3.49 7.12 7.86 8.21 7.46 4.86 5.65 4.96 4.58 4.58 4.61 4.61 4.61 4.27 4.27 4.27 4.61 4.65 4.61 4.61 4.27 4.27 4.27 4.27 4.27 4.61 4.42 4.08 4.08 2.81 2.81 2.81 2.81 2.81 3.61 7.24 4.70 4.70 4.65 4.65 4.50 4.50 4.19 4.19 4.19 4.19 4.26 4.23 3.72 4.40 4.42 4.42 4.28 4.28 4.25 4.25 4.25 4.25 3.86 3.59 3.59 3.59 3.59 3.59 3.59 3.86 3.59 3.59 3.59 3.59
6.93 11.56 10.08 6.52 6.82 6.18 1.97 5.34 3.56 4.44 4.51 4.51 4.51 3.34 5.19 3.43 7.34 4.51 7.43 5.90 5.19 4.17 4.17 4.17 4.06 4.39 4.46 4.39 4.39 4.06 4.06 4.39 4.65 4.39 4.06 4.06 4.06 3.77 4.39 4.39 4.17 4.17 4.17 2.76 2.76 2.98 2.76 3.68 3.68 3.68 7.11 3.68 2.76 4.30 4.17 4.17 3.80 3.80 3.80 3.80 3.88 3.88 3.96 3.96 3.98 3.98 3.98 3.89 3.86 3.86 3.86 3.86 3.49 3.49 3.49 3.11 3.11 3.11 3.11 3.49 3.85 3.48 3.48 3.48
10.55 10.82 6.52 6.15 2.71 6.08 5.58 5.09 4.44 4.44 4.51 4.59 4.51 5.19 8.08 7.06 4.18 4.88 7.04 5.16 5.19 4.17 4.17 4.25 4.39 4.39 4.46 4.39 4.39 4.39 4.69 4.69 4.65 4.06 4.06 4.06 4.51 3.77 3.77 5.01 3.84 4.17 4.17 3.84 3.84 3.84 3.68 3.68 3.68 3.68 7.11 2.76 2.76 4.35 4.17 4.17 3.80 3.80 3.80 3.80 3.88 3.88 3.21 3.56 3.98 3.98 3.98 3.89 3.72 3.21 3.86 3.86 3.51 3.51 3.49 3.49 3.11 3.11 3.11 3.49 3.48 3.48 3.48 3.48
10.18 4.57 7.26 5.78 6.89 6.89 5.63 5.58 3.14 3.91 5.25 4.51 5.25 4.92 8.55 5.19 4.55 4.82 7.43 3.81 4.45 4.54 4.17 4.17 4.39 4.39 4.39 4.39 4.39 4.66 4.66 4.66 4.61 4.61 4.06 4.06 4.39 4.39 4.06 4.06 3.84 3.84 3.84 3.84 4.17 3.84 3.84 3.84 3.84 3.84 4.36 6.76 3.13 4.32 4.32 4.19 3.80 3.80 3.80 3.80 3.86 3.86 3.94 3.94 3.98 3.21 3.21 3.56 3.21 3.21 3.87 3.87 3.50 3.50 3.50 3.11 3.81 3.81 3.49 3.49 3.11 3.48 3.48 3.48
8.38 10.45 7.19 6.52 6.52 7.26 5.78 5.51 3.17 4.18 5.25 4.51 5.25 8.55 9.56 9.56 4.92 5.66 8.52 4.18 4.18 3.78 4.17 4.17 4.06 4.39 4.39 4.39 4.39 4.39 4.66 4.66 4.61 4.06 4.06 4.51 4.06 4.06 4.06 4.06 3.84 4.76 4.29 3.84 4.33 4.33 3.84 3.84 3.84 3.84 3.84 7.48 3.13 2.76 2.76 4.19 3.80 3.80 3.80 3.80 3.86 3.94 3.94 3.94 3.98 3.21 3.21 3.56 3.54 3.21 3.21 3.87 3.52 3.50 3.50 3.14 3.81 3.48 3.49 3.11 3.11 3.11 3.48 3.48
0.00 4.38 9.71 5.81 5.81 6.08 5.07 6.45 4.30 4.45 4.51 8.29 8.08 6.68 6.74 6.73 8.82 8.54 9.19 4.82 4.51 3.81 3.43 4.17 4.44 4.06 4.06 4.06 4.66 4.66 4.66 4.66 4.61 4.61 4.98 4.51 4.06 4.06 4.06 4.06 4.29 4.29 4.29 4.29 4.33 4.33 4.33 3.86 3.86 4.17 4.17 7.80 4.17 2.76 4.32 4.32 3.80 3.80 3.80 3.80 3.86 3.86 3.94 3.94 3.98 3.21 3.58 3.21 3.54 3.87 3.88 3.87 3.50 3.50 3.11 3.11 3.48 3.11 3.11 3.48 3.11 3.14 2.53 3.49
0.00 0.00 4.38 8.97 8.70 8.00 9.34 9.07 4.67 8.45 7.71 8.14 5.19 6.68 5.93 4.51 5.93 8.55 4.18 5.25 4.17 4.51 4.17 4.17 4.39 4.39 4.39 4.44 4.06 4.66 4.66 4.66 4.61 4.61 4.61 4.61 4.39 4.39 4.33 4.42 4.16 4.16 4.16 4.16 4.20 4.33 4.33 3.84 3.84 4.17 4.54 7.16 4.21 4.17 4.32 4.32 3.80 3.80 3.80 3.80 3.86 3.86 3.86 3.94 3.98 3.98 0.00 3.98 3.87 3.87 3.87 3.87 3.50 3.34 2.80 3.82 3.48 3.48 3.48 2.80 2.53 3.11 3.50 3.11
0.00 0.00 0.00 0.00 0.00 0.00 0.00 0.00 7.55 7.43 3.68 3.43 5.62 4.88 4.51 4.51 5.25 5.25 3.81 3.81 4.81 4.51 4.51 4.51 4.46 4.39 4.46 4.39 4.39 4.60 4.60 4.60 4.53 4.53 4.53 4.06 4.56 4.56 4.42 4.42 4.18 4.18 4.18 4.18 4.18 4.18 4.31 4.31 4.32 4.17 4.54 7.16 4.21 4.21 4.33 4.33 3.88 3.79 3.79 3.79 3.84 3.84 3.84 3.85 3.88 0.00 0.00 0.00 3.87 3.87 0.00 0.00 0.00 3.49 3.11 3.11 3.11 3.11 3.48 2.80 3.11 3.49 3.49 3.11
0.00 0.00 0.00 0.00 0.00 0.00 0.00 0.00 0.00 0.00 2.88 3.43 4.45 4.82 4.88 4.51 4.51 4.51 4.88 3.81 4.17 4.51 4.59 4.51 4.39 4.46 4.39 4.67 4.60 4.60 4.60 4.60 4.53 4.53 4.53 4.53 4.56 4.56 4.56 4.56 3.84 3.84 4.30 4.18 4.18 4.18 4.31 4.31 4.37 4.32 4.30 4.17 7.80 4.33 4.33 4.33 3.88 3.79 3.79 3.79 3.84 3.84 3.84 3.84 3.88 0.00 0.00 0.00 0.00 0.00 0.00 0.00 0.00 0.00 0.00 3.49 3.11 3.48 3.48 3.11 3.11 3.11 3.49 3.11
0.00 0.00 0.00 0.00 0.00 0.00 0.00 0.00 0.00 0.00 2.88 2.88 2.88 4.88 4.81 4.51 4.51 4.51 4.51 4.17 4.67 4.67 4.51 4.51 4.39 4.06 4.39 4.67 4.60 4.60 4.60 4.60 4.53 4.53 4.53 4.53 4.56 4.56 4.56 4.56 4.36 4.33 3.84 4.30 4.18 4.18 4.18 4.31 4.32 4.23 4.32 4.32 7.80 4.33 4.33 4.33 3.88 3.88 3.79 3.79 3.84 3.84 3.84 3.84 3.88 3.89 3.88 0.00 0.00 0.00 0.00 0.00 0.00 0.00 0.00 0.00 0.00 3.11 3.48 3.11 3.11 3.11 3.14 3.11
0.00 0.00 0.00 0.00 0.00 0.00 0.00 0.00 0.00 0.00 0.00 0.00 2.64 2.64 4.81 4.81 4.51 4.51 4.51 4.67 4.81 4.81 4.51 4.51 4.06 3.77 3.77 4.67 4.60 4.60 4.60 4.60 4.53 4.53 4.53 4.53 4.56 4.56 4.56 4.56 4.30 4.30 3.83 4.18 4.18 4.31 4.18 4.18 4.19 4.23 4.23 4.32 7.80 4.49 4.33 4.39 3.88 3.88 3.79 3.79 3.84 3.84 3.84 3.84 3.88 3.88 3.88 0.00 0.00 0.00 0.00 0.00 0.00 0.00 0.00 0.00 3.85 2.53 3.11 3.11 3.11 3.11 2.83 3.11
0.00 0.00 0.00 0.00 0.00 0.00 0.00 0.00 0.00 0.00 0.00 0.00 0.00 2.64 4.64 4.64 4.51 4.51 4.82 4.82 2.88 4.81 2.88 4.51 4.06 4.06 3.77 4.60 4.52 4.52 4.58 4.52 4.58 4.44 4.44 4.44 4.51 4.51 4.51 4.51 4.26 4.26 4.26 4.26 4.25 4.25 4.25 4.25 4.19 4.22 4.19 4.19 7.76 4.17 4.46 4.30 3.89 3.88 3.88 3.88 3.92 3.84 3.84 0.00 0.00 0.00 0.00 0.00 0.00 0.00 0.00 0.00 0.00 0.00 0.00 0.00 3.50 3.86 3.86 7.48 7.11 6.74 7.09 3.11
0.00 0.00 0.00 0.00 0.00 0.00 0.00 0.00 0.00 0.00 0.00 0.00 0.00 0.00 2.99 2.64 4.45 4.45 4.66 2.88 2.88 2.88 4.51 4.51 4.60 3.77 4.60 4.60 4.52 4.52 4.52 4.52 4.44 4.44 4.44 4.44 4.51 4.51 4.51 4.51 4.26 4.26 4.26 4.26 4.25 4.25 4.25 4.25 4.19 4.19 4.19 4.19 7.76 4.14 4.14 4.30 3.88 3.88 3.88 3.88 3.92 3.92 0.00 0.00 0.00 0.00 0.00 0.00 0.00 0.00 0.00 0.00 0.00 0.00 0.00 0.00 1.87 2.62 3.64 3.86 2.53 3.47 3.47 6.74
0.00 0.00 0.00 0.00 0.00 0.00 0.00 0.00 0.00 0.00 0.00 0.00 0.00 0.00 0.00 2.64 2.64 2.64 4.75 3.35 2.64 2.64 4.65 4.65 4.45 4.45 4.60 4.66 4.52 4.52 4.52 4.52 4.44 4.44 4.44 4.44 4.51 4.51 4.51 4.51 4.26 4.26 4.26 4.26 4.25 4.25 4.25 4.25 4.19 4.19 4.19 4.19 4.17 7.76 4.14 4.17 3.88 3.88 3.88 3.88 3.92 0.00 0.00 0.00 0.00 0.00 0.00 0.00 0.00 0.00 0.00 0.00 0.00 0.00 0.00 0.00 0.00 1.98 1.87 1.87 2.16 3.11 3.47 3.47
0.00 0.00 0.00 0.00 0.00 0.00 0.00 0.00 0.00 0.00 0.00 0.00 0.00 0.00 0.00 0.00 0.00 2.64 2.64 2.64 2.64 2.64 4.65 4.65 4.45 4.45 4.60 4.60 4.52 4.52 4.52 4.38 4.44 4.44 0.00 0.00 0.00 0.00 0.00 0.00 0.00 0.00 0.00 0.00 0.00 0.00 4.25 4.25 4.19 4.19 4.19 4.19 4.17 7.76 4.14 4.17 3.88 3.88 3.88 3.89 3.92 0.00 0.00 0.00 0.00 0.00 0.00 0.00 0.00 0.00 0.00 0.00 0.00 0.00 0.00 0.00 0.00 0.00 0.00 0.00 0.00 3.47 3.33 3.47
0.00 0.00 0.00 0.00 0.00 0.00 0.00 0.00 0.00 0.00 0.00 0.00 0.00 0.00 0.00 0.00 0.00 0.00 0.00 0.00 0.00 0.00 2.64 4.62 4.43 4.43 4.43 4.58 4.57 4.57 4.42 4.42 4.48 0.00 0.00 0.00 0.00 0.00 0.00 0.00 0.00 0.00 0.00 0.00 0.00 0.00 0.00 0.00 0.00 4.38 4.25 4.25 4.14 4.14 7.76 4.14 3.73 3.81 3.81 3.81 3.88 0.00 0.00 0.00 0.00 0.00 0.00 0.00 0.00 0.00 0.00 0.00 0.00 0.00 0.00 0.00 0.00 0.00 0.00 0.00 0.00 3.45 3.32 3.45
0.00 0.00 0.00 0.00 0.00 0.00 0.00 0.00 0.00 0.00 0.00 0.00 0.00 0.00 0.00 0.00 0.00 0.00 0.00 0.00 0.00 0.00 0.00 2.64 4.43 4.43 4.43 4.43 4.42 4.42 4.42 4.42 0.00 0.00 0.00 0.00 0.00 0.00 0.00 0.00 0.00 0.00 0.00 0.00 0.00 0.00 0.00 0.00 0.00 0.00 4.25 4.25 4.14 4.14 7.76 4.14 3.78 3.73 3.73 3.73 3.80 0.00 0.00 0.00 0.00 0.00 0.00 0.00 0.00 0.00 0.00 0.00 0.00 0.00 0.00 0.00 0.00 0.00 0.00 0.00 0.00 3.50 3.45 2.80
0.00 0.00 0.00 0.00 0.00 0.00 0.00 0.00 0.00 0.00 0.00 0.00 0.00 0.00 0.00 0.00 0.00 0.00 0.00 0.00 0.00 0.00 0.00 0.00 0.00 0.00 0.00 4.50 4.49 4.49 4.49 0.00 0.00 0.00 0.00 0.00 0.00 0.00 0.00 0.00 0.00 0.00 0.00 0.00 0.00 0.00 0.00 0.00 0.00 0.00 4.38 4.37 4.26 4.26 8.71 8.71 3.96 3.96 3.96 3.96 4.03 4.14 0.00 0.00 0.00 0.00 0.00 0.00 0.00 0.00 0.00 0.00 0.00 0.00 0.00 0.00 0.00 0.00 0.00 0.00 0.00 0.00 3.57 3.76
0.00 0.00 0.00 0.00 0.00 0.00 0.00 0.00 0.00 0.00 0.00 0.00 0.00 0.00 0.00 0.00 0.00 0.00 0.00 0.00 0.00 0.00 0.00 0.00 0.00 0.00 0.00 0.00 4.49 4.49 0.00 0.00 0.00 0.00 0.00 0.00 0.00 0.00 0.00 0.00 0.00 0.00 0.00 0.00 0.00 0.00 0.00 0.00 0.00 0.00 4.37 4.37 4.26 4.26 4.26 8.71 8.35 3.96 4.72 3.96 4.03 4.03 4.03 4.03 0.00 0.00 0.00 0.00 0.00 0.00 0.00 0.00 0.00 0.00 0.00 0.00 0.00 0.00 0.00 0.00 0.00 0.00 0.00 3.76
0.00 0.00 0.00 0.00 0.00 0.00 0.00 0.00 0.00 0.00 0.00 0.00 0.00 0.00 0.00 0.00 0.00 0.00 0.00 0.00 0.00 0.00 0.00 0.00 0.00 0.00 0.00 0.00 4.55 4.55 0.00 0.00 0.00 0.00 0.00 0.00 0.00 0.00 0.00 0.00 0.00 0.00 0.00 0.00 0.00 0.00 0.00 0.00 0.00 0.00 4.36 4.36 4.24 4.24 4.24 4.24 4.72 4.72 4.72 3.92 4.00 4.00 4.00 4.00 0.00 0.00 0.00 0.00 0.00 0.00 0.00 0.00 0.00 0.00 0.00 0.00 0.00 0.00 0.00 0.00 0.00 0.00 0.00 0.00
0.00 0.00 0.00 0.00 0.00 0.00 0.00 0.00 0.00 0.00 0.00 0.00 0.00 0.00 0.00 0.00 0.00 0.00 0.00 0.00 0.00 0.00 0.00 0.00 0.00 0.00 0.00 0.00 4.33 0.00 0.00 0.00 0.00 0.00 0.00 0.00 0.00 0.00 0.00 0.00 0.00 0.00 0.00 0.00 0.00 0.00 0.00 0.00 0.00 0.00 4.36 4.36 4.24 4.24 4.24 4.24 3.92 4.72 3.92 3.92 4.00 4.00 4.00 4.72 0.00 0.00 0.00 0.00 0.00 0.00 0.00 0.00 0.00 0.00 0.00 0.00 0.00 0.00 0.00 0.00 0.00 0.00 0.00 0.00
