New_Model_Runs/10_Future_Present_Scn3_out/post_prcessed_with_MFR/Monthly_summaries/net_infiltration_monthly_DEC.asc
NCOLS 700
NROWS 400
XLLCENTER 515000.000000
YLLCENTER 8409000.000000
CELLSIZE 50.000000
NODATA_value -999.000000
[rows 111 to 147 of 400, columns 332 to 414 of 700]
0.00 0.00 0.00 0.00 0.00 0.00 3.73 3.73 8.79 7.50 8.22 7.50 7.36 7.36 7.36 7.36 8.03 8.03 7.33 7.33 8.26 8.27 7.55 7.55 7.59 7.59 8.31 7.59 8.33 7.61 7.61 8.33 7.59 7.65 7.65 7.65 7.89 7.89 7.89 7.89 8.61 7.87 7.87 7.87 8.61 7.87 7.87 7.87 7.81 7.81 7.81 7.81 7.91 7.91 7.91 7.91 7.99 7.99 8.72 7.99 7.98 7.98 9.38 7.98 7.98 7.98 8.72 7.98 7.93 7.93 7.93 7.93 7.96 7.96 7.96 8.23 8.25 8.25 9.16 8.25 8.22 10.05 8.22
0.00 0.00 0.00 0.00 0.00 0.00 0.00 8.26 7.41 7.41 7.41 7.41 8.01 7.31 7.31 7.31 7.31 8.01 7.31 7.31 7.52 9.07 7.52 7.52 7.57 7.57 7.57 7.57 7.59 7.59 7.59 8.31 7.55 7.61 7.61 7.61 7.84 7.84 7.84 7.84 7.82 7.82 7.82 7.82 7.78 7.78 7.78 7.78 7.70 7.70 7.70 7.70 7.81 7.81 7.81 7.81 7.86 7.86 7.86 8.60 7.87 7.87 7.87 7.87 7.89 7.89 8.63 7.89 7.86 7.86 7.86 7.86 7.88 7.88 7.88 8.45 8.48 8.48 8.48 9.05 9.00 8.43 8.43
0.00 0.00 0.00 0.00 0.00 0.00 3.73 8.30 7.41 7.41 7.41 7.41 7.31 8.01 7.31 7.31 7.31 7.31 8.05 7.31 7.52 9.11 8.23 7.52 7.57 7.57 8.64 8.31 7.59 7.59 7.59 7.59 8.29 7.55 7.61 7.61 7.84 7.84 8.59 7.84 7.82 8.56 7.82 7.82 7.78 8.53 8.91 8.51 7.70 7.70 7.70 7.70 7.81 7.81 7.81 8.55 7.86 7.86 7.86 7.86 7.87 7.87 7.87 7.87 7.89 7.89 7.89 7.89 7.86 7.86 7.86 7.86 7.88 8.61 7.88 8.45 8.48 8.48 8.48 8.48 8.43 8.43 8.43
0.00 0.00 0.00 0.00 0.00 0.00 7.91 7.91 7.76 7.76 8.50 7.76 7.65 8.95 8.37 7.65 7.65 7.65 7.65 7.65 7.62 8.34 8.34 7.62 7.68 7.68 10.10 7.68 7.69 7.69 7.69 7.69 7.66 8.39 7.72 8.48 7.89 7.89 7.89 8.64 7.87 7.87 8.62 7.87 7.84 7.84 7.84 8.56 7.75 7.75 8.48 7.75 7.77 7.77 8.50 7.77 7.82 7.82 7.82 7.82 7.83 7.83 7.83 7.83 7.85 7.85 7.85 7.85 8.16 8.90 8.16 8.16 8.18 8.18 8.18 8.72 8.74 8.74 9.31 8.74 8.70 8.70 8.70
0.00 0.00 0.00 0.00 7.91 7.91 7.91 7.91 7.76 7.76 9.06 7.76 7.65 7.65 7.65 8.37 7.65 8.37 7.65 7.65 7.62 7.62 8.33 7.62 7.68 8.39 7.68 7.68 7.69 7.69 8.42 7.69 7.66 7.66 7.72 7.72 7.89 7.89 7.89 8.61 7.87 7.87 8.62 7.87 7.84 7.84 8.55 7.84 7.75 7.86 7.75 7.75 7.77 7.77 7.77 7.77 7.82 7.82 7.82 7.82 7.83 7.83 7.83 7.83 7.85 7.85 7.85 7.85 8.16 8.16 8.16 8.16 8.18 8.91 9.28 8.72 8.74 8.74 8.74 8.74 8.70 8.70 8.70
8.51 7.76 7.76 7.76 7.67 7.67 8.64 7.67 7.56 7.56 7.56 7.56 7.55 7.55 7.55 7.55 7.59 8.30 9.15 7.59 7.56 7.56 7.56 7.56 7.59 7.59 7.59 8.31 7.58 7.58 7.58 7.58 7.56 8.28 8.46 7.62 7.79 7.79 8.52 8.91 7.75 7.75 7.75 7.75 7.69 7.69 8.42 8.55 7.78 9.44 9.44 9.44 7.92 7.92 7.92 7.92 7.97 7.97 7.97 7.97 7.96 7.96 7.96 7.96 7.95 7.95 7.95 7.95 8.21 8.21 8.21 8.21 8.17 8.17 8.71 8.71 8.84 8.84 8.84 8.84 9.75 9.05 8.77
7.76 7.76 8.51 7.76 7.67 7.67 8.64 7.67 7.56 7.56 7.56 7.56 7.55 7.55 7.55 7.55 7.59 7.59 7.59 8.31 7.56 7.56 7.56 7.56 7.59 7.59 7.59 8.31 8.88 7.58 7.58 7.58 7.56 7.56 7.56 7.62 7.79 7.79 7.79 7.79 7.75 7.75 7.75 7.75 7.69 7.69 7.69 8.42 9.44 9.44 9.44 7.78 7.92 7.92 7.92 7.92 7.97 7.97 7.97 7.97 7.96 7.96 7.96 7.96 7.95 7.95 7.95 7.95 8.21 8.21 8.21 8.21 8.17 8.17 9.27 8.71 8.84 8.84 8.84 8.84 8.77 8.77 8.77
8.64 8.51 7.76 7.76 7.67 8.64 7.67 7.67 7.56 7.56 7.56 7.56 7.55 7.55 7.55 7.55 7.59 7.59 8.30 7.59 7.56 7.56 7.56 7.56 7.59 7.59 7.59 8.31 7.58 7.58 7.58 8.30 7.56 7.56 7.56 7.56 7.79 7.79 7.79 7.79 7.75 7.75 7.75 9.72 9.32 10.88 9.32 7.69 7.78 7.78 7.78 7.78 7.92 7.92 7.92 7.92 7.97 7.97 7.97 7.97 7.96 7.96 7.96 7.96 7.95 7.95 7.95 7.95 8.21 8.21 8.21 8.21 8.17 8.17 8.71 8.71 8.84 8.84 8.84 8.84 8.77 8.77 8.77
7.76 8.64 7.76 7.76 8.64 7.67 8.36 7.67 7.56 7.56 7.56 7.56 7.55 7.55 7.55 7.55 7.59 7.59 7.59 7.59 7.56 7.56 7.56 8.28 7.59 7.59 7.59 7.59 7.58 7.58 7.58 8.30 7.56 7.56 7.93 7.56 7.79 7.79 7.79 7.79 9.32 8.60 9.39 9.39 9.32 7.69 7.69 7.69 7.78 7.78 7.78 7.78 7.92 7.92 7.92 7.92 7.97 7.97 7.97 7.97 7.96 7.96 7.96 7.96 7.95 7.95 7.95 7.95 8.21 8.21 8.21 8.21 8.17 8.17 8.71 8.71 10.46 8.84 10.46 10.46 8.77 8.77 8.77
7.44 7.44 7.44 7.44 7.45 7.45 7.45 7.45 7.53 7.53 7.53 8.24 7.59 7.59 7.59 7.59 7.62 7.62 8.34 7.62 7.60 7.60 7.60 8.32 8.30 7.58 7.58 8.30 7.56 7.56 7.56 7.56 8.27 7.55 8.12 8.53 9.45 9.45 7.79 7.89 7.92 7.92 8.63 9.49 7.93 7.93 7.93 7.93 8.04 8.04 8.04 8.04 8.14 8.14 8.14 8.14 8.16 8.16 8.16 8.16 8.12 8.12 8.12 8.12 8.10 8.10 8.10 8.10 8.35 8.35 8.35 8.35 8.31 8.85 8.85 8.85 8.73 8.73 10.53 8.73 8.74 8.74 8.74
7.44 7.44 8.48 7.44 7.45 7.45 8.72 7.45 7.53 7.53 7.53 7.53 8.30 7.59 8.30 8.31 7.62 7.62 7.62 7.62 7.60 7.60 7.60 7.60 7.58 7.58 7.58 7.58 7.56 7.56 7.56 7.56 7.55 7.55 7.55 7.55 9.45 9.45 9.45 9.45 9.49 9.49 9.49 7.82 7.93 7.93 7.93 7.93 8.04 8.04 8.04 8.04 8.14 8.14 8.14 8.14 8.16 8.16 8.16 8.16 8.12 8.12 8.12 9.65 8.10 8.10 8.10 8.10 8.35 8.35 8.35 8.35 8.31 8.85 8.85 8.85 8.73 8.73 8.73 8.73 8.74 8.74 8.74
7.44 7.44 7.44 8.14 7.45 7.45 7.45 7.45 7.53 7.53 7.53 7.53 7.59 7.59 7.59 7.59 7.62 7.62 7.62 7.62 7.60 7.60 7.60 7.60 7.58 7.58 7.58 7.58 7.56 7.56 7.56 7.56 7.55 7.55 7.55 7.55 7.71 7.79 7.79 9.45 9.49 9.49 7.82 7.82 7.93 7.93 7.93 7.93 8.04 8.04 8.04 8.04 8.14 8.14 8.14 8.14 8.16 8.26 9.82 9.70 9.65 9.65 9.65 9.65 9.62 9.62 9.62 9.62 9.83 8.35 8.35 8.35 8.31 8.85 8.85 8.85 8.73 8.73 8.73 8.73 8.74 8.74 8.74
7.44 7.44 7.44 7.44 7.45 7.45 7.45 7.45 7.53 7.53 7.53 7.53 7.59 7.59 7.59 7.59 7.62 7.62 7.62 7.62 7.60 7.60 7.60 7.60 7.58 7.58 7.58 7.58 7.56 7.56 7.56 7.56 7.55 7.55 7.55 7.55 7.71 7.79 7.79 7.79 7.82 7.82 7.82 7.82 7.93 7.93 7.93 7.93 8.04 8.04 8.04 8.04 8.14 8.14 8.14 9.67 9.70 8.54 8.54 8.85 8.54 9.65 9.65 9.65 9.62 9.62 9.62 9.62 9.83 9.83 8.35 8.35 8.31 8.85 8.85 8.85 8.73 8.73 8.73 8.73 8.74 8.74 8.74
7.47 7.47 7.47 7.47 7.71 7.71 7.71 7.71 7.77 7.77 7.77 7.77 7.78 7.78 7.78 7.78 7.80 7.80 7.80 7.80 7.75 7.75 7.75 7.75 7.73 7.73 7.73 7.73 7.70 7.70 7.70 7.70 7.70 7.70 7.70 7.70 7.89 7.89 7.98 7.98 7.96 7.96 7.96 7.96 8.07 8.07 8.07 8.07 8.14 8.14 8.14 8.14 8.18 8.27 8.18 9.73 9.74 9.59 9.28 8.54 8.85 9.72 10.09 9.72 9.70 9.70 9.70 9.70 9.93 9.93 9.93 8.42 8.57 8.57 8.57 8.57 8.85 8.85 8.85 8.85 8.54 8.54 8.54
7.47 7.47 7.47 7.47 7.71 7.71 7.71 7.71 7.77 7.77 7.77 7.77 7.78 7.78 7.78 7.78 7.80 7.80 7.80 7.80 7.75 7.75 7.75 7.75 7.73 7.73 7.73 7.73 7.70 7.70 7.70 7.70 7.70 7.70 7.70 7.70 7.89 7.89 7.98 7.98 7.96 7.96 7.96 7.96 8.07 8.07 8.07 8.07 8.14 8.14 8.51 8.14 8.18 8.18 8.54 9.78 8.85 10.02 12.96 10.70 8.23 8.60 9.34 8.97 11.07 9.96 9.70 8.85 9.93 9.93 9.93 8.42 8.57 8.57 8.57 8.57 8.85 8.85 8.85 8.85 8.54 8.54 8.54
7.47 7.47 7.47 7.47 7.71 7.71 7.71 7.71 7.77 7.77 7.77 7.77 7.78 7.78 7.78 7.78 7.80 7.80 7.80 7.80 7.75 7.75 7.75 7.75 7.73 7.73 7.73 7.73 7.70 7.70 7.70 7.70 7.70 7.70 7.70 7.70 7.89 7.89 7.98 7.98 7.96 7.96 7.96 7.96 8.07 8.07 8.07 8.07 8.14 8.89 7.04 9.81 8.18 9.73 8.85 9.59 9.96 8.23 8.99 4.99 4.62 7.87 8.25 5.36 4.99 4.99 8.97 9.96 10.67 10.30 9.93 9.93 10.36 8.57 8.57 8.57 8.85 8.85 8.85 8.85 8.54 8.54 8.54
7.47 7.47 7.47 7.47 7.71 7.71 7.71 7.71 7.77 7.77 7.77 7.77 7.78 7.78 7.78 7.78 7.80 7.80 7.80 9.25 9.20 9.20 7.75 7.75 7.73 7.73 7.73 7.73 7.70 7.70 7.70 7.70 7.70 7.70 7.70 7.70 7.89 7.89 7.89 7.98 7.96 7.96 7.96 7.96 8.07 8.07 8.07 8.07 8.14 8.61 8.13 8.81 9.22 10.33 8.23 8.60 11.48 10.74 6.76 0.00 11.11 0.00 0.00 0.00 6.39 7.50 7.50 3.88 10.31 9.94 10.30 9.93 10.36 10.36 8.57 8.57 8.85 8.85 8.85 8.85 8.54 8.54 8.54
7.77 7.77 7.77 7.77 7.89 9.37 9.00 9.00 7.89 7.89 7.89 9.37 7.89 7.89 7.89 8.38 7.90 7.90 8.33 9.37 9.30 9.30 9.30 7.83 7.80 7.80 7.80 7.80 7.78 7.78 7.78 7.78 7.78 7.78 7.78 7.78 7.98 7.98 7.98 8.02 8.04 8.04 8.04 8.79 8.08 8.08 9.19 8.45 8.23 8.49 9.65 6.69 7.11 11.85 6.76 0.00 0.00 0.00 0.00 0.00 0.00 0.00 0.00 0.00 0.00 0.00 0.00 0.00 7.54 7.54 9.20 10.59 10.40 10.40 8.60 8.60 8.58 8.58 8.58 8.58 8.61 9.49 9.46
7.77 7.77 7.77 7.77 9.74 9.74 9.37 9.00 9.37 9.37 9.00 9.37 9.36 9.49 9.00 9.00 8.38 8.38 9.00 9.00 9.30 9.30 9.30 7.83 7.80 7.80 7.80 7.80 7.78 7.78 7.78 7.78 7.78 7.78 7.78 7.78 7.98 7.98 7.98 7.98 8.04 8.04 8.21 8.21 10.67 7.43 9.56 9.23 8.49 8.81 8.81 10.32 3.63 0.00 0.00 0.00 0.00 0.00 0.00 0.00 0.00 0.00 0.00 0.00 0.00 0.00 0.00 0.00 0.00 0.00 6.42 6.83 3.20 11.04 10.30 8.60 8.70 9.46 8.58 8.58 8.61 9.46 9.46
9.34 9.34 7.86 9.34 9.33 9.23 9.23 9.23 9.33 8.86 9.23 9.60 9.60 9.60 9.97 7.41 9.23 8.86 9.23 8.86 8.32 9.03 9.03 9.03 7.56 7.56 7.56 8.99 8.96 8.96 8.96 7.54 7.73 7.54 7.54 8.97 9.45 9.45 9.45 9.62 9.37 10.33 10.71 9.96 13.39 9.70 10.81 7.19 9.76 11.54 11.54 0.00 0.00 0.00 0.00 0.00 0.00 0.00 0.00 0.00 0.00 0.00 0.00 0.00 0.00 0.00 0.00 0.00 0.00 0.00 0.00 0.00 0.00 7.51 6.77 6.40 11.37 9.99 9.11 9.18 9.18 9.68 9.09
8.94 10.08 9.34 13.34 9.23 9.23 7.78 7.78 10.07 9.70 9.60 8.47 7.78 8.15 4.97 5.71 10.38 10.34 7.78 8.86 8.70 9.03 9.40 8.70 9.99 9.36 9.73 8.28 8.70 8.96 8.32 8.32 12.69 6.64 8.32 8.32 9.45 9.82 9.45 9.82 8.65 9.70 9.02 8.96 12.65 3.11 4.60 6.08 8.22 0.00 0.00 0.00 0.00 0.00 0.00 0.00 0.00 0.00 0.00 0.00 0.00 0.00 0.00 0.00 0.00 0.00 0.00 0.00 0.00 0.00 0.00 0.00 0.00 0.00 0.00 0.00 0.00 13.47 13.10 10.52 9.10 9.85 9.48
9.31 11.77 11.77 13.49 11.78 8.89 3.48 7.78 9.23 9.60 9.60 8.44 7.04 7.78 12.15 8.59 13.26 13.55 12.15 12.10 10.27 9.90 9.90 6.51 11.38 11.36 13.06 9.44 8.65 9.81 9.07 11.95 5.77 10.64 8.32 8.70 10.51 9.21 10.60 2.80 2.43 2.37 11.54 11.54 11.54 6.37 7.11 6.37 0.00 0.00 0.00 0.00 0.00 0.00 0.00 0.00 0.00 0.00 0.00 0.00 0.00 0.00 0.00 0.00 0.00 0.00 0.00 0.00 0.00 0.00 0.00 0.00 0.00 0.00 0.00 0.00 0.00 0.00 0.00 0.00 4.74 7.14 12.36
9.31 11.77 8.52 8.94 10.67 8.15 3.85 3.11 9.60 11.41 12.15 11.04 5.63 10.67 11.04 4.82 5.19 5.93 7.11 7.78 7.01 6.64 2.14 6.14 5.74 7.34 9.90 9.90 10.27 11.38 10.64 9.53 10.27 10.64 9.90 10.27 12.46 3.54 3.54 6.43 6.06 6.00 6.00 2.74 2.74 2.74 2.74 0.00 0.00 0.00 0.00 0.00 0.00 0.00 0.00 0.00 0.00 0.00 0.00 0.00 0.00 0.00 0.00 0.00 0.00 0.00 0.00 0.00 0.00 0.00 0.00 0.00 0.00 0.00 0.00 0.00 0.00 0.00 0.00 0.00 0.00 0.00 0.00
8.81 10.05 9.68 8.94 11.04 11.73 7.78 8.22 11.41 11.04 10.67 5.63 7.61 7.61 7.61 4.82 1.20 0.00 0.00 0.00 0.00 4.00 4.63 0.00 0.00 0.00 0.00 3.63 5.00 5.77 5.77 5.40 5.37 6.51 6.51 5.77 6.80 6.43 6.06 2.80 2.80 2.37 2.74 2.71 2.34 2.37 0.00 0.00 0.00 0.00 0.00 0.00 0.00 0.00 0.00 0.00 0.00 0.00 0.00 0.00 0.00 0.00 0.00 0.00 0.00 0.00 0.00 0.00 0.00 0.00 0.00 0.00 0.00 0.00 0.00 0.00 0.00 0.00 0.00 0.00 0.00 0.00 0.00
8.78 8.81 9.31 7.03 7.04 6.00 11.41 12.15 7.98 7.98 7.70 1.20 3.98 3.98 3.98 4.82 0.00 0.00 0.00 0.00 0.00 0.00 0.00 0.00 0.00 0.00 0.00 0.00 0.00 0.00 0.00 1.00 1.37 1.37 2.11 2.48 2.46 2.09 1.72 2.09 2.09 1.72 0.37 2.34 1.97 1.60 0.00 0.00 0.00 0.00 0.00 0.00 0.00 0.00 0.00 0.00 0.00 0.00 0.00 0.00 0.00 0.00 0.00 0.00 0.00 0.00 0.00 0.00 0.00 0.00 0.00 0.00 0.00 0.00 0.00 0.00 0.00 0.00 0.00 0.00 0.00 0.00 0.00
8.83 8.46 10.31 9.31 10.67 5.63 5.63 5.19 5.19 3.98 3.98 3.98 3.98 3.98 3.98 5.63 0.00 0.00 0.00 0.00 0.00 0.00 0.00 0.00 0.00 0.00 0.00 0.00 0.00 0.00 0.00 0.00 0.00 0.00 1.37 1.74 0.00 0.00 0.00 0.00 0.00 0.00 0.00 0.00 0.00 0.00 0.00 0.00 0.00 0.00 0.00 0.00 0.00 0.00 0.00 0.00 0.00 0.00 0.00 0.00 0.00 0.00 0.00 0.00 0.00 0.00 0.00 0.00 0.00 0.00 0.00 0.00 0.00 0.00 0.00 0.00 0.00 0.00 0.00 0.00 0.00 0.00 0.00
9.18 6.08 10.08 12.10 7.73 11.70 4.35 5.19 4.72 2.31 5.10 3.98 3.98 0.00 0.00 0.00 0.00 0.00 0.00 0.00 0.00 0.00 0.00 0.00 0.00 0.00 0.00 0.00 0.00 0.00 0.00 0.00 0.00 0.00 0.00 0.00 0.00 0.00 0.00 0.00 0.00 0.00 0.00 0.00 0.00 0.00 0.00 0.00 0.00 0.00 0.00 0.00 0.00 0.00 0.00 0.00 0.00 0.00 0.00 0.00 0.00 0.00 0.00 0.00 0.00 0.00 0.00 0.00 0.00 0.00 0.00 0.00 0.00 0.00 0.00 0.00 0.00 0.00 0.00 0.00 0.00 0.00 0.00
9.23 12.86 10.45 5.71 7.04 11.70 7.04 4.82 8.35 2.68 1.94 1.57 1.47 4.89 1.20 4.82 0.00 0.00 0.00 0.00 0.00 0.00 0.00 0.00 0.00 0.00 0.00 0.00 0.00 0.00 0.00 0.00 0.00 0.00 0.00 0.00 0.00 0.00 0.00 0.00 0.00 0.00 0.00 0.00 0.00 0.00 0.00 0.00 0.00 0.00 0.00 0.00 0.00 0.00 0.00 0.00 0.00 0.00 0.00 0.00 0.00 0.00 0.00 0.00 0.00 0.00 0.00 0.00 0.00 0.00 0.00 0.00 0.00 0.00 0.00 0.00 0.00 0.00 0.00 0.00 0.00 0.00 0.00
8.86 13.31 7.93 3.85 11.55 7.73 6.67 10.30 5.19 5.56 1.57 1.20 1.20 3.98 3.98 5.19 0.00 0.00 0.00 0.00 0.00 0.00 0.00 0.00 0.00 0.00 0.00 0.00 0.00 0.00 0.00 0.00 0.00 0.00 0.00 0.00 0.00 0.00 0.00 0.00 0.00 0.00 0.00 0.00 0.00 0.00 0.00 0.00 0.00 0.00 0.00 0.00 0.00 0.00 0.00 0.00 0.00 0.00 0.00 0.00 0.00 0.00 0.00 0.00 0.00 0.00 0.00 0.00 0.00 0.00 0.00 0.00 0.00 0.00 0.00 0.00 0.00 0.00 0.00 0.00 0.00 0.00 0.00
8.49 11.19 5.79 7.56 12.47 9.29 6.00 7.11 3.85 6.37 5.63 5.56 5.56 5.32 5.19 5.19 0.00 0.00 0.00 0.00 0.00 0.00 0.00 0.00 0.00 0.00 0.00 0.00 0.00 0.00 0.00 0.00 0.00 0.00 0.00 0.00 0.00 0.00 0.00 0.00 0.00 0.00 0.00 0.00 0.00 0.00 0.00 0.00 0.00 0.00 0.00 0.00 0.00 0.00 0.00 0.00 0.00 0.00 0.00 0.00 0.00 0.00 0.00 0.00 0.00 0.00 0.00 0.00 0.00 0.00 0.00 0.00 0.00 0.00 0.00 0.00 0.00 0.00 0.00 0.00 0.00 0.00 0.00
12.86 10.82 11.56 7.56 7.53 7.18 10.67 3.48 7.78 13.39 11.81 12.55 11.04 10.67 7.11 5.56 4.82 4.82 5.19 11.04 5.77 5.77 5.66 6.97 0.00 0.00 0.00 0.00 0.00 0.00 0.00 0.00 0.00 0.00 0.00 0.00 0.00 0.00 0.00 0.00 0.00 0.00 0.00 0.00 0.00 0.00 0.00 0.00 0.00 0.00 0.00 0.00 0.00 0.00 0.00 0.00 0.00 0.00 0.00 0.00 0.00 0.00 0.00 0.00 0.00 0.00 0.00 0.00 0.00 0.00 0.00 0.00 0.00 0.00 0.00 0.00 0.00 0.00 0.00 0.00 0.00 0.00 0.00
8.54 10.08 10.08 12.04 7.92 6.79 6.41 7.11 12.24 11.72 8.66 7.90 7.86 8.07 12.55 10.66 10.30 5.63 6.37 11.04 9.90 5.77 5.77 5.89 9.53 6.97 0.00 0.00 0.00 0.00 0.00 0.00 0.00 0.00 0.00 0.00 0.00 0.00 0.00 0.00 0.00 0.00 0.00 0.00 0.00 0.00 0.00 0.00 0.00 0.00 0.00 0.00 0.00 0.00 0.00 0.00 0.00 0.00 0.00 0.00 0.00 0.00 0.00 0.00 0.00 0.00 0.00 0.00 0.00 0.00 0.00 0.00 0.00 0.00 0.00 0.00 0.00 0.00 0.00 0.00 0.00 0.00 0.00
8.71 6.45 5.34 6.08 3.93 6.79 7.62 11.77 8.55 8.18 7.90 7.90 7.86 7.86 8.25 8.25 8.62 7.73 6.67 12.49 8.10 5.49 7.84 7.84 8.32 9.90 9.90 9.53 0.00 0.00 0.00 0.00 0.00 0.00 0.00 0.00 0.00 0.00 0.00 0.00 0.00 0.00 0.00 0.00 0.00 0.00 0.00 0.00 0.00 0.00 0.00 0.00 0.00 0.00 0.00 0.00 0.00 0.00 0.00 0.00 0.00 0.00 0.00 0.00 0.00 0.00 0.00 0.00 0.00 0.00 0.00 0.00 0.00 0.00 0.00 0.00 0.00 0.00 0.00 0.00 0.00 0.00 0.00
7.99 5.71 5.34 2.08 8.84 5.77 7.25 6.14 8.18 8.18 7.86 7.86 7.82 7.82 7.82 7.82 8.60 6.67 10.30 13.71 6.24 8.10 7.47 8.88 7.47 7.47 7.01 6.64 9.53 4.63 4.63 0.00 0.00 0.00 0.00 0.00 0.00 0.00 0.00 0.00 0.00 0.00 0.00 0.00 0.00 0.00 0.00 0.00 0.00 0.00 0.00 0.00 0.00 0.00 0.00 0.00 0.00 0.00 0.00 0.00 0.00 0.00 0.00 0.00 0.00 0.00 0.00 0.00 0.00 0.00 0.00 0.00 0.00 0.00 0.00 0.00 0.00 0.00 0.00 0.00 0.00 0.00 0.00
6.08 5.34 5.34 2.82 7.93 7.77 6.14 7.52 5.64 7.86 8.61 7.86 7.82 7.82 7.82 7.82 8.18 7.70 11.81 9.92 5.87 6.21 7.47 7.54 7.49 7.47 8.21 6.64 6.99 9.90 5.40 4.63 0.00 0.00 0.00 0.00 0.00 0.00 0.00 0.00 0.00 0.00 0.00 0.00 0.00 0.00 0.00 0.00 0.00 0.00 0.00 0.00 0.00 0.00 0.00 0.00 0.00 0.00 0.00 0.00 0.00 0.00 0.00 0.00 0.00 0.00 0.00 0.00 0.00 0.00 0.00 0.00 0.00 0.00 0.00 0.00 0.00 0.00 0.00 0.00 0.00 0.00 0.00
2.57 6.20 6.57 5.78 7.62 6.77 7.37 8.12 7.62 8.12 8.80 8.28 8.24 8.24 8.24 9.33 8.80 6.12 14.28 6.64 6.55 9.54 9.13 8.07 8.01 8.01 8.63 7.29 7.71 7.34 7.71 4.87 4.87 0.00 0.00 0.00 0.00 0.00 0.00 0.00 0.00 0.00 0.00 0.00 0.00 0.00 0.00 0.00 0.00 0.00 0.00 1.07 5.15 5.52 5.31 3.40 0.00 0.00 0.00 0.00 0.00 0.00 0.00 0.00 0.00 0.00 0.00 0.00 0.00 0.00 0.00 0.00 0.00 0.00 0.00 0.00 0.00 0.00 0.00 0.00 0.00 0.00 0.00
6.20 6.57 2.94 9.03 9.94 8.86 10.71 8.71 8.12 5.89 8.28 8.28 8.24 8.24 8.24 9.33 8.80 9.17 10.91 8.80 8.63 8.63 8.07 8.07 8.01 8.01 8.01 8.63 9.00 12.26 13.11 10.97 5.72 4.87 4.87 4.87 0.00 0.00 0.00 0.00 0.00 0.00 5.19 2.01 1.19 1.19 1.07 1.07 1.07 1.07 4.70 7.57 9.60 5.79 3.77 1.79 1.79 0.00 0.00 0.00 0.00 0.00 0.00 0.00 0.00 0.00 0.00 0.00 0.00 0.00 0.00 0.00 0.00 0.00 0.00 0.00 0.00 0.00 0.00 0.00 0.00 0.00 0.00
