New_Model_Runs/10_Future_Present_Scn3_out/post_prcessed_with_MFR/Monthly_summaries/net_infiltration_monthly_OCT.asc
NCOLS 700
NROWS 400
XLLCENTER 515000.000000
YLLCENTER 8409000.000000
CELLSIZE 50.000000
NODATA_value -999.000000
[rows 259 to 295 of 400, columns 168 to 251 of 700]
8.88 7.19 7.93 8.59 8.50 8.50 8.50 8.50 8.30 10.48 10.48 10.48 10.42 10.42 10.42 10.42 10.43 10.43 10.43 10.43 8.36 8.36 8.36 10.56 10.66 10.66 10.66 10.66 10.68 10.68 10.68 10.68 10.69 10.69 10.69 10.69 11.35 10.62 10.62 10.62 9.96 9.96 9.96 9.96 9.93 9.93 9.93 9.93 9.64 9.64 9.64 16.42 16.42 16.42 16.79 18.49 14.83 17.28 16.91 8.98 9.35 8.98 8.98 9.72 13.04 10.89 9.72 9.35 8.98 8.98 8.98 8.98 8.26 7.88 8.63 7.05 6.68 5.94 5.94 13.13 12.60 16.76 13.13 15.46
8.57 8.57 12.57 8.95 8.48 8.48 8.48 8.62 8.27 11.17 10.45 10.45 10.39 10.39 10.39 10.39 11.15 11.15 10.42 10.42 8.34 8.34 8.49 10.53 11.75 11.38 10.65 10.65 10.72 10.72 10.72 10.72 11.19 10.73 10.73 10.73 11.34 10.61 10.61 10.61 9.95 9.95 9.95 9.95 9.90 10.37 9.90 9.90 10.00 9.52 9.52 10.55 10.58 16.09 16.42 20.42 16.54 16.91 9.35 8.98 16.54 16.17 8.98 9.72 8.01 11.26 7.64 9.35 8.98 8.98 8.98 8.98 8.26 8.26 7.88 8.87 9.01 8.26 5.94 13.13 17.13 13.13 15.46 15.46
8.73 11.90 12.87 9.49 8.48 9.03 8.48 8.48 8.27 10.45 10.45 10.45 10.39 10.93 10.39 10.39 10.42 11.47 11.15 10.42 10.53 8.34 8.34 8.34 10.65 10.65 10.65 19.01 10.72 11.18 10.72 10.72 10.73 10.73 10.73 10.73 10.61 10.61 10.61 10.61 9.95 9.95 9.95 9.95 9.90 9.90 9.90 9.90 10.00 10.00 10.64 10.26 10.35 7.57 16.83 14.12 16.17 16.23 16.17 16.17 16.17 16.17 8.98 9.72 9.78 13.04 8.01 8.98 8.98 8.98 9.35 9.35 8.26 8.26 8.50 8.50 8.26 5.94 5.94 16.76 17.13 16.20 15.83 15.83
9.12 9.49 12.75 9.12 8.48 8.48 8.48 8.48 8.27 8.27 10.45 10.45 10.93 10.93 11.11 10.39 10.42 10.42 10.42 10.42 10.53 8.34 8.34 8.34 8.46 10.65 10.65 18.75 18.80 18.80 10.72 10.72 10.73 10.73 11.19 10.73 10.61 11.34 10.61 10.61 9.95 9.95 9.95 9.95 9.90 9.90 9.90 9.90 10.00 10.00 10.00 10.26 10.35 10.95 16.79 14.12 16.17 14.09 16.54 16.17 16.54 16.54 9.35 9.35 9.04 12.29 8.38 9.72 8.98 8.98 10.09 6.89 8.26 8.50 8.50 8.26 8.63 8.26 13.13 12.60 13.13 15.83 16.57 16.57
9.12 9.12 9.12 12.20 8.48 8.48 8.64 8.48 8.27 8.27 10.45 8.25 10.39 10.39 10.39 10.39 10.42 10.42 10.42 10.42 10.53 10.53 8.34 8.34 8.61 10.65 10.65 10.65 18.80 18.80 18.80 10.72 10.73 10.73 10.73 10.73 10.61 10.61 10.61 10.61 10.88 10.59 9.95 9.95 9.90 9.90 10.37 10.37 10.43 10.43 10.00 10.26 10.35 10.58 16.42 16.42 16.17 16.17 16.54 16.54 15.20 14.83 9.78 9.72 9.72 11.26 8.01 9.72 9.35 9.72 8.38 9.04 5.94 7.50 8.50 5.94 9.01 7.88 17.13 13.13 13.13 13.87 13.87 16.94
9.12 9.12 10.00 12.18 8.86 8.86 8.49 8.49 8.24 8.24 10.40 10.40 10.36 10.36 10.36 10.36 10.44 10.44 10.44 10.44 10.50 10.50 10.50 8.32 8.43 10.61 10.61 10.61 11.17 18.80 18.80 10.72 10.71 10.71 10.71 10.71 10.55 10.55 10.55 10.55 9.94 9.94 9.94 9.94 9.91 9.91 9.91 9.64 9.64 9.64 9.95 10.55 10.55 10.58 16.75 16.75 16.47 16.17 14.09 14.83 14.83 16.54 9.35 9.72 9.72 10.89 9.04 9.35 9.78 8.01 7.64 9.35 7.88 5.94 8.26 6.31 7.05 15.81 18.24 13.87 15.83 19.44 15.07 8.63
9.12 9.12 9.12 10.45 9.49 8.86 8.49 8.49 8.39 8.24 10.40 10.40 10.36 10.36 10.36 10.36 10.44 10.44 10.44 10.44 10.50 10.50 10.50 8.32 8.43 10.61 10.61 10.61 10.72 10.72 18.80 10.72 10.71 10.71 10.71 10.71 10.55 11.59 11.27 10.55 9.94 9.94 9.94 10.45 9.91 9.91 9.91 9.52 9.64 9.64 10.55 10.55 10.58 16.75 16.75 18.05 16.47 16.17 16.17 16.23 14.09 16.17 16.54 10.46 10.46 9.35 10.52 9.35 7.64 7.64 8.98 9.35 8.63 8.26 8.26 5.94 13.87 17.50 17.87 13.87 15.46 15.46 8.25 8.63
9.12 9.86 9.86 13.62 9.12 8.49 8.49 8.49 8.24 8.49 10.40 10.40 10.36 10.36 10.36 10.36 10.44 10.44 10.44 10.44 10.50 10.50 10.50 8.32 8.43 8.43 10.61 10.61 10.72 10.72 10.39 18.65 11.17 11.17 10.71 11.15 10.55 10.55 10.55 10.55 9.94 9.94 9.94 9.52 9.91 9.91 9.91 9.91 9.64 9.52 10.55 10.55 11.85 11.85 16.42 16.42 16.17 16.84 16.17 16.17 16.54 16.17 16.54 16.91 9.72 7.26 10.52 9.35 9.35 9.35 8.98 9.35 8.25 6.31 8.25 6.31 17.50 13.71 6.64 7.55 7.55 7.55 8.63 7.55
11.84 12.21 12.21 10.45 9.12 9.12 8.49 8.49 8.24 8.24 10.40 10.40 10.36 10.36 10.36 10.36 10.44 10.44 10.44 10.44 10.50 10.50 10.50 8.32 8.43 8.43 10.61 10.61 10.72 10.72 10.39 21.74 20.38 10.71 10.71 10.71 10.55 10.55 11.27 10.55 9.94 9.94 9.94 9.94 9.52 9.91 9.91 9.91 9.95 9.52 10.58 10.58 10.58 10.58 10.58 16.42 16.17 16.54 14.46 16.17 16.47 16.17 16.17 17.41 16.17 9.72 13.04 7.26 8.98 8.98 8.98 8.98 7.50 7.05 8.99 18.24 10.83 8.48 7.97 8.11 7.74 8.29 7.92 7.92
12.59 12.21 15.47 13.80 13.06 11.87 11.04 8.43 8.17 8.17 10.31 10.31 10.36 10.36 11.32 10.36 10.50 10.50 10.50 10.50 10.54 10.54 10.54 8.35 8.42 10.60 10.60 10.60 10.70 10.70 10.39 20.06 19.63 10.27 10.68 10.68 10.52 10.52 10.52 10.52 9.92 9.92 9.92 9.92 9.64 9.64 9.92 9.64 9.64 9.52 10.58 10.58 10.58 10.55 10.65 10.58 16.17 16.17 16.91 16.54 16.17 16.17 16.17 13.72 15.86 7.26 10.52 7.26 9.04 8.98 8.98 8.98 5.94 6.31 17.50 11.20 17.68 7.55 6.27 9.04 8.29 6.27 8.11 7.92
12.14 11.40 13.80 10.54 12.21 11.84 12.24 11.04 11.88 10.72 11.46 10.31 10.36 10.36 10.36 11.08 10.50 10.50 10.50 10.50 10.54 10.54 8.50 8.35 8.42 10.60 10.60 10.60 10.70 18.78 18.78 20.22 19.63 10.68 10.68 10.68 10.52 10.52 10.52 10.52 9.92 9.64 9.64 9.92 9.52 9.64 9.64 9.64 9.64 9.52 10.55 10.58 10.23 10.23 10.23 10.58 16.17 16.17 15.82 16.54 16.17 16.17 16.17 16.17 16.17 9.35 6.52 12.66 6.52 8.98 8.67 8.98 8.26 7.88 19.81 14.61 15.46 7.55 8.29 8.29 7.55 7.55 7.37 6.26
12.21 15.84 14.17 12.59 11.84 11.84 11.04 11.04 10.72 10.95 13.24 12.54 12.54 10.16 10.36 10.36 10.50 10.50 10.50 10.50 11.64 8.35 8.35 8.35 8.42 10.60 10.60 10.60 18.78 18.78 19.63 19.47 19.63 10.68 10.68 10.68 10.52 10.52 10.52 10.52 10.21 9.64 9.64 9.64 9.52 9.52 9.64 9.44 7.13 10.58 10.19 10.19 10.23 10.23 10.58 10.58 16.17 16.17 16.54 8.20 8.20 8.20 16.17 16.17 16.60 16.91 8.98 12.29 20.10 16.47 15.86 9.28 6.31 9.94 16.18 15.83 7.55 7.55 7.92 8.29 7.55 7.55 7.55 11.41
11.84 13.43 4.31 12.59 11.84 11.84 11.04 11.04 10.72 10.72 13.16 12.54 12.54 12.54 12.86 12.86 10.50 18.60 18.60 5.72 9.59 8.35 8.35 8.35 8.42 10.60 10.60 10.60 19.63 19.63 19.63 20.54 19.63 19.63 10.68 10.68 10.52 10.52 10.52 10.52 9.52 9.64 9.52 9.64 9.64 9.52 9.64 9.07 10.30 10.19 10.19 11.37 10.23 10.23 10.58 10.58 16.17 16.17 6.83 10.16 11.83 11.83 12.20 20.23 19.94 20.31 20.60 19.80 17.35 20.10 15.86 9.15 16.07 19.81 15.81 15.46 7.55 7.55 8.66 6.64 7.55 7.55 10.75 11.41
12.21 15.40 10.91 12.96 10.85 10.85 10.85 10.85 10.62 12.67 12.54 12.54 13.01 12.82 12.82 12.82 12.54 21.95 21.95 21.95 9.10 9.35 9.59 8.35 10.54 16.36 16.33 22.36 22.36 22.36 22.36 22.36 22.36 22.36 11.34 13.06 12.64 12.64 12.64 12.64 11.74 11.74 12.01 11.76 12.01 11.76 12.01 11.11 11.11 11.73 10.13 10.13 10.16 10.16 10.58 10.58 16.17 8.57 6.20 5.83 11.83 8.57 8.94 16.23 15.20 12.49 11.00 13.72 16.54 19.49 19.49 13.72 18.70 19.07 17.13 15.46 7.37 7.55 9.04 8.48 7.37 7.55 10.75 11.37
12.91 13.43 12.96 11.77 10.85 11.64 10.85 11.28 10.83 12.67 12.54 12.54 13.55 13.58 13.56 12.82 13.04 22.52 21.94 21.95 22.12 11.41 16.25 15.61 14.16 19.11 25.99 25.99 22.36 22.36 23.32 22.36 22.36 22.36 22.36 12.71 12.71 12.92 12.64 12.64 11.74 11.74 12.01 12.01 12.65 12.01 12.38 13.39 12.47 11.73 11.73 11.30 10.16 10.55 10.58 10.16 9.16 12.10 6.46 6.46 6.46 8.48 8.57 8.11 6.46 10.26 14.46 16.17 15.00 15.01 19.07 12.78 12.97 15.81 13.50 11.37 11.37 11.18 11.55 11.74 9.16 5.53 7.45 10.75
4.27 12.37 9.49 10.94 10.01 10.01 10.01 10.47 10.48 11.14 11.14 11.56 11.48 11.48 11.48 11.48 11.68 20.40 22.24 20.69 20.78 20.01 14.07 9.72 17.98 17.98 17.98 17.64 24.31 20.68 20.75 20.75 20.68 20.68 21.12 9.60 11.12 11.15 11.15 11.17 10.88 10.53 10.53 10.83 10.83 10.83 11.34 10.59 10.59 11.55 10.72 10.83 9.93 9.93 9.61 9.61 9.88 14.25 7.67 7.67 7.88 7.88 7.88 8.40 7.67 6.02 6.02 5.65 13.25 12.64 12.64 13.01 9.62 12.81 7.55 7.18 11.32 5.61 7.18 7.55 7.32 8.86 10.81 8.57
4.27 13.48 10.23 10.57 10.01 10.47 10.38 10.47 11.14 11.14 10.85 11.14 11.14 11.48 11.48 11.48 11.68 20.40 20.69 20.69 20.78 20.01 17.96 17.96 17.98 17.98 17.98 17.98 24.31 25.42 20.68 20.75 20.68 21.33 18.67 19.96 11.15 10.84 11.15 11.15 10.73 10.73 10.83 10.83 10.83 10.83 10.83 14.45 10.83 11.57 10.83 10.83 10.83 9.61 9.61 9.93 9.88 10.25 11.30 8.04 6.02 7.51 8.40 7.67 7.67 7.88 5.65 6.02 9.65 10.02 3.18 3.18 6.35 7.55 7.18 7.18 10.81 11.18 7.18 7.83 7.83 8.08 8.08 10.95
8.27 9.49 10.23 11.33 9.92 10.28 10.28 10.47 11.14 11.14 11.14 11.14 11.46 11.46 11.46 11.46 11.63 11.63 20.69 20.78 20.11 19.29 18.98 17.96 17.98 17.98 17.98 17.98 14.02 24.38 20.68 20.68 20.68 20.75 21.05 19.86 11.12 11.11 11.35 11.11 10.53 11.10 10.83 10.83 10.83 10.83 10.65 10.83 13.85 9.55 11.20 10.83 10.83 10.83 10.83 9.61 9.85 9.54 9.27 7.67 7.67 7.67 8.40 5.65 7.13 9.73 7.13 11.50 11.88 3.18 7.87 6.76 5.98 6.95 7.18 7.18 7.55 6.62 7.55 7.83 7.83 7.18 7.18 6.95
6.79 10.84 10.84 10.09 9.92 9.92 10.17 11.13 11.14 11.14 11.14 10.48 9.94 11.46 11.46 11.46 11.63 11.63 20.36 17.54 17.96 17.96 17.96 17.96 17.98 17.98 17.98 17.98 20.75 24.38 20.68 20.68 20.68 21.12 19.04 19.19 11.21 11.11 11.12 10.84 10.69 10.83 11.25 10.83 10.65 10.65 10.65 10.65 14.45 11.20 11.20 11.20 10.83 10.83 10.83 10.83 9.54 9.91 5.65 5.65 5.65 7.67 8.77 6.39 3.18 8.24 12.62 11.03 10.39 12.41 7.67 7.51 8.93 6.58 7.18 7.18 7.18 7.92 5.61 6.95 7.32 7.18 7.18 7.83
3.90 10.84 10.84 10.09 10.80 10.38 10.38 10.84 11.14 11.14 9.83 9.83 9.94 9.94 9.94 11.46 11.63 10.96 10.07 19.92 17.96 17.96 17.96 17.96 17.98 17.98 17.98 17.98 20.75 24.38 19.92 21.14 19.93 19.93 18.67 18.67 10.84 11.11 11.11 11.12 10.83 11.27 10.69 10.69 10.65 10.65 10.65 10.65 14.31 10.22 11.57 10.90 10.83 10.83 10.83 10.83 10.73 6.99 8.04 5.65 9.27 12.03 12.40 6.39 7.13 6.06 5.69 3.18 12.11 7.67 11.50 8.40 5.24 5.98 5.98 9.02 8.84 7.55 7.18 7.55 8.20 7.18 7.18 7.18
9.52 9.89 10.84 10.47 9.92 10.47 11.26 10.47 10.85 10.40 9.83 9.83 9.94 9.94 9.94 9.94 10.07 10.07 10.07 9.63 17.96 17.96 17.96 17.96 17.98 17.98 17.98 17.98 17.98 24.38 19.92 17.59 19.93 20.30 21.12 11.12 11.11 11.16 11.12 10.84 10.83 10.83 10.69 10.69 10.65 10.65 10.65 10.65 10.68 14.45 10.83 10.53 10.83 11.20 11.20 10.83 10.46 9.66 7.67 7.67 7.67 9.27 9.27 10.02 10.02 6.80 3.18 3.18 10.62 10.57 8.41 8.40 6.95 7.32 7.93 7.32 7.92 7.55 7.18 7.18 7.18 7.18 7.18 5.24
10.26 9.11 11.21 10.47 9.88 9.88 9.88 10.38 9.86 9.86 9.86 9.86 10.40 10.98 9.97 9.97 10.03 10.03 10.48 10.55 18.66 17.96 17.96 17.96 17.98 17.98 17.98 17.98 18.35 27.14 18.67 19.04 20.61 20.23 19.04 11.49 11.11 11.12 11.12 11.12 10.83 10.67 10.67 10.67 10.64 10.64 10.64 10.64 10.69 14.45 10.83 10.53 11.25 11.20 11.20 10.83 11.06 10.58 10.58 8.04 8.04 8.04 6.02 6.43 7.13 3.18 6.39 6.39 8.04 7.67 7.67 7.67 7.83 7.83 7.83 7.55 7.18 7.18 7.18 7.18 7.18 7.18 7.18 7.18
9.11 9.49 9.49 8.74 9.88 9.88 9.88 9.88 7.46 9.86 9.86 20.15 20.69 19.09 9.17 10.34 10.85 10.03 9.59 10.49 20.84 17.96 17.96 17.96 17.98 18.89 17.98 17.98 14.39 24.75 24.75 19.41 21.05 20.97 21.87 11.12 11.12 11.12 11.12 11.12 10.83 10.67 10.83 11.04 11.01 10.64 10.83 10.83 11.43 14.45 10.83 10.83 11.20 8.96 10.83 9.72 9.66 9.66 9.66 10.04 8.76 6.80 10.42 7.13 7.13 7.51 7.67 7.51 7.67 7.67 7.67 8.40 7.83 7.83 7.18 7.18 7.18 7.18 7.83 7.83 7.83 7.18 7.18 5.59
10.26 11.00 9.86 9.49 10.63 9.88 9.88 9.88 7.46 9.86 20.15 20.79 20.69 21.06 20.59 20.22 19.09 21.14 21.05 19.77 21.21 20.84 21.21 17.96 14.35 14.39 20.75 20.75 20.68 20.75 22.67 19.04 20.00 20.15 10.94 11.12 11.56 11.12 11.12 11.12 10.67 10.83 10.83 10.83 10.64 10.83 10.53 11.20 11.57 14.45 10.83 10.83 11.20 10.22 9.85 11.41 9.66 9.66 9.91 9.66 10.49 6.43 5.44 2.93 7.67 9.36 7.67 7.67 8.82 7.67 7.67 8.40 7.83 7.18 7.18 7.18 7.18 7.18 7.32 7.55 7.83 7.18 7.18 7.18
10.84 11.95 9.11 3.25 9.11 9.88 9.88 10.25 10.23 9.86 20.15 20.15 20.26 20.26 20.36 13.93 21.00 21.88 19.77 13.54 20.68 19.77 20.60 8.74 3.63 19.41 21.12 21.12 19.41 21.50 7.62 9.86 9.86 14.29 11.56 11.12 11.12 11.12 11.12 11.12 10.67 10.67 10.67 10.67 10.83 10.83 10.83 10.83 10.83 14.83 12.59 8.81 12.31 8.96 11.08 14.34 11.46 7.83 9.91 9.66 10.12 8.17 10.42 10.42 8.04 7.67 7.67 7.67 7.67 7.67 7.67 8.40 8.20 7.83 7.18 7.18 7.18 7.18 7.69 7.92 7.18 7.18 7.18 7.18
11.50 9.11 10.26 8.37 12.67 10.27 11.07 9.11 24.56 20.19 20.57 20.19 20.63 20.63 13.93 18.30 23.46 24.92 24.40 23.03 17.54 13.11 13.21 12.74 13.86 13.99 13.40 6.88 6.88 13.12 7.62 10.60 12.61 5.11 11.89 11.15 11.12 11.12 11.00 11.00 10.69 10.53 10.69 10.83 10.83 10.83 10.83 9.85 10.83 10.53 14.53 13.48 10.69 11.06 11.43 11.20 10.73 11.46 9.66 10.12 10.12 8.17 14.12 12.39 9.65 8.04 7.67 7.51 7.67 7.67 7.67 10.32 7.55 7.18 7.18 7.18 7.18 7.83 7.83 7.18 7.18 7.18 7.18 7.18
9.49 10.63 11.21 10.47 9.66 10.63 8.80 20.18 20.22 23.84 19.99 20.57 23.83 13.54 13.91 4.38 13.93 14.30 9.85 10.22 9.85 10.02 10.02 10.02 12.32 13.89 4.37 3.74 9.57 6.88 8.37 8.74 14.23 5.11 11.86 11.12 11.10 11.00 11.00 11.00 10.69 10.53 10.83 10.83 10.53 10.83 10.83 9.85 10.83 10.83 10.83 11.94 14.45 15.48 10.96 10.83 10.73 13.43 11.46 9.66 10.12 8.17 11.80 10.04 12.03 6.02 8.11 6.02 5.65 7.67 7.67 8.40 7.18 7.18 7.55 7.83 7.83 7.83 7.83 7.18 7.18 7.18 7.18 7.18
9.49 10.63 11.21 10.84 10.47 10.47 8.37 20.18 21.23 21.10 23.60 14.85 13.54 4.01 10.65 10.07 3.27 7.62 12.81 11.29 11.29 11.29 10.02 8.74 9.49 10.31 4.00 10.68 9.57 9.86 5.85 11.34 4.74 14.23 4.37 9.12 10.39 10.39 10.39 11.36 10.69 10.53 10.53 10.53 10.83 10.83 11.49 10.83 11.57 11.57 11.57 10.83 10.69 10.69 14.83 14.83 15.10 14.73 14.36 11.46 11.46 12.17 12.64 10.12 10.42 11.88 7.13 6.39 7.67 5.65 7.67 8.40 7.55 7.55 7.92 7.83 7.83 7.83 7.18 7.85 7.80 8.42 7.85 8.22
13.48 12.74 10.03 8.74 11.21 11.91 8.74 9.89 19.85 19.04 15.02 10.28 10.65 4.75 10.28 10.07 9.56 9.65 9.93 9.93 10.92 11.67 10.02 10.92 8.75 11.41 9.49 9.94 10.31 4.37 4.00 10.25 10.97 11.05 12.75 11.21 10.84 10.46 10.39 10.39 9.33 10.69 10.53 10.53 10.63 11.57 9.18 10.59 9.33 11.57 11.39 11.04 10.69 10.69 11.06 11.06 11.65 11.85 11.48 11.10 10.23 12.17 11.80 10.12 9.27 13.69 8.04 8.04 8.04 7.67 7.67 7.67 5.98 6.35 7.55 7.18 7.18 7.83 7.85 7.85 8.22 7.80 7.43 11.48
4.37 3.99 13.87 13.11 14.97 9.89 2.88 13.89 13.22 13.57 11.59 11.14 10.81 10.85 11.46 10.40 9.56 9.65 9.53 10.66 10.92 10.02 11.78 10.55 10.39 10.46 8.75 9.12 11.21 9.49 10.68 10.31 10.84 14.83 7.25 10.25 10.31 10.77 11.72 10.46 10.11 9.58 10.78 10.83 10.62 10.99 8.00 7.63 10.83 10.83 10.56 10.56 10.83 10.83 11.04 11.44 10.73 10.17 10.46 10.46 10.09 6.45 9.02 9.25 9.62 10.49 10.78 7.67 7.88 8.04 7.67 7.67 7.18 7.92 7.83 8.22 7.80 8.17 7.85 8.81 7.80 7.80 11.05 11.05
9.89 9.55 10.63 9.49 13.11 12.74 13.48 7.91 7.27 9.56 10.48 11.14 3.64 9.17 10.85 10.48 7.46 9.53 9.76 10.02 8.74 8.74 10.92 10.55 10.39 10.39 10.46 10.46 11.16 10.31 10.31 10.84 11.21 14.46 9.12 9.12 10.46 10.46 10.46 10.46 10.19 10.19 9.37 10.78 10.62 9.93 7.63 7.63 10.83 10.56 10.56 10.56 10.67 10.67 10.67 10.67 10.55 8.61 11.85 11.10 9.51 12.17 10.12 10.12 9.25 9.25 10.36 10.12 7.67 7.67 7.67 8.40 7.85 8.05 8.05 8.22 11.80 9.00 7.80 7.43 11.43 11.05 7.43 6.95
9.53 9.90 10.27 11.01 8.37 13.47 8.44 12.74 7.82 7.45 12.16 13.12 9.49 8.92 10.43 10.06 9.57 9.68 9.13 9.13 9.15 9.68 9.78 9.78 9.66 9.66 9.77 9.77 9.77 10.51 10.88 8.91 8.91 13.39 9.77 10.49 7.80 10.14 9.77 9.66 9.59 9.70 10.28 10.28 10.10 10.10 10.10 10.10 10.05 10.05 10.24 10.05 10.16 10.16 9.19 9.19 9.95 9.95 8.50 3.18 11.72 9.56 9.93 8.10 8.47 9.05 8.68 8.68 8.88 8.00 8.00 8.00 7.64 8.42 7.64 7.64 11.68 10.81 11.64 11.18 7.18 7.18 6.77 6.77
9.30 9.10 12.93 11.63 12.37 9.67 10.10 9.48 10.03 8.19 9.66 9.29 12.54 12.18 9.69 10.06 9.68 9.68 9.78 9.78 9.15 9.15 9.78 9.68 9.77 9.66 9.77 9.77 9.77 9.77 9.77 10.51 8.54 13.21 9.37 10.14 10.14 2.71 9.77 9.66 9.70 9.59 10.28 10.28 10.27 9.19 10.10 10.10 10.05 10.05 10.05 10.05 10.16 10.16 10.16 9.19 10.07 9.95 9.91 3.18 5.95 7.72 9.56 9.93 10.98 9.93 9.56 9.93 9.25 9.33 8.37 8.37 7.78 7.64 8.01 11.18 6.72 10.72 12.38 8.29 7.55 6.77 6.77 6.77
9.67 12.00 11.63 10.64 9.90 9.90 10.27 9.67 11.54 12.92 10.80 10.06 9.49 3.83 13.12 11.44 9.78 9.68 9.78 11.28 9.12 9.12 9.12 9.78 9.77 9.77 9.77 9.77 9.77 9.77 9.77 9.77 9.77 13.21 10.14 9.77 9.77 9.77 9.77 9.77 9.70 9.70 9.70 10.26 10.09 10.28 10.09 10.09 10.04 10.04 10.04 10.04 10.19 10.19 10.19 10.19 9.92 10.11 8.50 2.81 11.35 9.56 9.56 9.56 9.56 9.56 9.56 9.56 9.23 8.86 9.33 8.37 7.64 8.01 11.27 7.09 6.72 8.38 10.74 11.14 7.51 6.77 6.77 6.77
11.63 12.56 8.74 9.48 8.37 9.30 10.27 8.37 9.69 12.18 10.06 9.69 9.69 10.32 9.49 8.75 11.80 13.78 10.15 10.15 9.78 9.78 10.46 9.78 9.77 9.77 9.77 9.77 9.77 9.77 9.77 10.14 12.47 8.54 10.51 9.77 9.77 10.49 10.49 9.77 9.70 9.70 9.70 9.85 10.09 10.09 10.09 10.09 10.04 10.04 10.04 10.04 10.19 10.19 10.64 10.19 9.92 10.05 9.17 8.13 11.35 9.56 9.56 8.10 9.93 9.56 9.56 9.19 8.86 8.86 8.86 9.93 8.01 8.38 10.72 6.72 7.64 5.63 6.40 10.39 7.51 7.51 7.14 6.77
3.70 12.37 10.04 9.85 8.74 8.93 9.53 9.90 10.06 8.75 13.32 9.69 9.69 10.06 8.18 9.95 3.82 3.82 12.91 8.64 9.22 9.22 10.79 10.15 10.14 8.54 9.58 9.77 9.77 9.77 10.51 8.54 11.80 10.14 10.14 9.66 9.77 9.77 10.35 9.77 9.70 9.70 9.70 5.61 5.61 10.09 10.09 10.09 10.04 10.04 10.04 10.04 10.19 10.19 10.19 10.19 9.92 9.92 8.13 9.17 5.95 9.93 10.30 3.43 8.47 8.68 8.68 8.68 8.86 9.45 9.45 9.56 9.48 8.76 10.35 6.72 8.38 7.14 5.65 10.02 11.14 2.70 2.33 6.77
5.62 13.48 9.11 10.78 9.90 9.53 9.53 9.53 10.43 9.12 11.44 8.18 10.06 7.81 9.57 9.57 10.52 9.29 5.31 7.45 13.22 7.80 4.16 9.66 10.14 10.32 9.37 9.77 9.77 8.20 9.21 8.17 11.80 10.14 10.51 10.14 9.77 7.80 9.21 10.48 9.70 9.70 9.70 5.61 5.61 5.61 5.61 7.25 7.25 10.04 10.04 10.04 10.28 10.28 10.19 10.19 9.92 9.92 9.92 9.92 11.35 9.82 9.93 8.10 7.72 7.72 8.68 9.56 8.68 7.72 9.56 9.56 8.60 8.60 12.02 7.55 7.92 7.18 6.00 6.40 11.03 8.91 5.28 6.77
