New_Model_Runs/10_Future_Present_Scn3_out/post_prcessed_with_MFR/Monthly_summaries/net_infiltration_monthly_NOV.asc
NCOLS 700
NROWS 400
XLLCENTER 515000.000000
YLLCENTER 8409000.000000
CELLSIZE 50.000000
NODATA_value -999.000000
[rows 190 to 227 of 400, columns 84 to 167 of 700]
0.00 0.00 0.00 0.00 0.00 0.00 0.00 0.00 0.00 0.00 0.00 0.00 0.00 0.00 0.00 0.00 0.00 0.00 0.00 0.00 0.00 0.00 0.00 0.00 0.00 6.47 6.47 6.47 6.33 6.33 6.33 6.33 6.29 6.29 6.29 6.29 6.25 7.02 7.02 6.25 6.26 6.26 6.26 6.26 6.73 6.73 6.73 6.73 6.74 7.92 7.59 6.74 6.72 6.72 6.72 6.72 6.69 6.69 6.69 6.69 6.93 6.93 6.93 6.93 6.89 6.89 6.89 6.89 6.94 6.94 6.94 6.94 6.92 6.92 6.92 7.83 7.08 7.08 7.08 7.08 8.69 8.69 8.69 8.69
0.00 0.00 0.00 0.00 0.00 0.00 0.00 0.00 0.00 0.00 0.00 0.00 0.00 0.00 0.00 0.00 0.00 0.00 0.00 0.00 0.00 0.00 0.00 0.00 0.00 6.47 6.47 7.09 6.50 6.33 6.33 6.33 6.29 6.29 6.29 7.06 6.25 6.25 6.25 6.25 6.26 6.26 6.26 6.26 6.73 6.73 6.73 6.73 6.74 6.74 7.59 6.74 6.72 7.56 6.72 6.72 6.69 7.52 6.69 6.69 6.93 7.78 6.93 6.93 6.89 6.89 6.89 6.89 6.94 6.94 6.94 6.94 6.92 6.92 6.92 6.92 7.08 7.08 7.08 7.08 8.69 8.69 8.69 8.69
0.00 0.00 0.00 0.00 0.00 0.00 0.00 0.00 0.00 0.00 0.00 0.00 0.00 0.00 0.00 0.00 0.00 0.00 0.00 0.00 0.00 0.00 0.00 0.00 0.00 0.00 10.04 6.29 8.40 6.85 7.15 6.37 6.31 6.31 6.31 6.31 7.01 6.24 6.24 6.24 6.23 6.23 6.23 7.00 6.70 6.70 6.70 6.70 8.06 6.73 6.73 6.73 6.69 6.69 6.69 6.69 6.66 6.66 7.50 6.66 6.90 6.90 6.90 6.90 6.90 6.90 6.90 6.90 6.93 6.93 6.93 8.58 6.93 6.93 6.93 6.93 7.24 7.24 7.24 7.24 7.36 8.80 8.80 8.80
0.00 0.00 0.00 0.00 0.00 0.00 0.00 0.00 0.00 0.00 0.00 0.00 0.00 0.00 0.00 0.00 0.00 0.00 0.00 0.00 0.00 0.00 0.00 0.00 0.00 0.00 2.50 7.23 6.85 6.85 7.16 6.37 6.31 6.31 6.31 6.31 6.24 6.24 6.24 6.24 6.23 6.23 6.23 6.23 6.70 6.70 6.70 6.70 6.73 7.86 6.73 6.73 6.69 6.69 6.69 6.69 6.66 6.66 6.66 6.66 6.90 6.90 6.90 6.90 6.90 6.90 6.90 6.90 6.93 6.93 6.93 6.93 6.93 8.07 6.93 6.93 7.24 7.24 7.24 7.24 7.36 7.36 7.36 8.80
0.00 0.00 0.00 0.00 0.00 0.00 0.00 0.00 0.00 0.00 0.00 0.00 0.00 0.00 0.00 0.00 0.00 0.00 0.00 0.00 0.00 0.00 0.00 0.00 0.00 0.00 6.41 7.03 7.51 7.51 7.51 8.47 8.39 7.44 7.44 7.44 7.37 7.37 7.37 8.31 7.36 7.36 7.36 7.36 7.87 7.87 7.87 7.87 7.91 7.91 7.91 7.91 7.87 7.87 7.87 7.87 7.83 7.83 7.83 8.83 8.02 8.02 8.02 10.77 8.02 8.02 8.02 8.02 9.08 9.59 8.06 8.06 8.06 8.06 8.06 8.06 8.26 8.26 8.26 8.26 8.39 8.39 8.39 8.39
0.00 0.00 0.00 0.00 0.00 0.00 0.00 0.00 0.00 0.00 0.00 0.00 0.00 0.00 0.00 0.00 0.00 0.00 0.00 0.00 0.00 0.00 6.98 0.00 0.00 11.41 6.19 7.03 7.51 7.51 7.51 7.51 7.44 7.44 7.44 7.44 7.37 7.37 7.37 7.37 7.36 8.29 7.36 7.36 7.87 7.87 7.87 7.87 7.91 7.91 7.91 7.91 7.87 7.87 7.87 7.87 7.83 7.83 8.82 7.83 8.02 8.02 8.02 8.02 8.02 8.02 8.02 8.02 8.06 8.06 8.06 8.06 8.06 8.06 8.06 8.06 8.26 8.26 8.26 8.26 8.39 8.39 8.39 8.39
0.00 0.00 0.00 0.00 0.00 0.00 0.00 0.00 0.00 0.00 0.00 0.00 0.00 0.00 0.00 0.00 0.00 0.00 0.00 0.00 0.00 6.98 7.87 8.32 8.76 6.05 10.64 10.92 7.52 7.52 7.52 7.52 7.46 7.46 8.85 8.40 7.39 7.39 7.39 7.39 7.36 7.36 7.36 7.36 7.84 7.84 7.84 7.84 7.86 7.86 7.86 7.86 7.80 7.80 7.80 7.80 8.78 7.77 7.77 8.82 8.03 8.03 8.03 8.03 8.04 8.04 8.04 8.04 8.07 8.07 8.07 8.07 8.21 8.21 8.21 8.21 8.39 8.39 8.39 8.39 8.41 8.41 8.41 10.52
0.00 0.00 0.00 0.00 0.00 0.00 0.00 0.00 0.00 0.00 0.00 0.00 0.00 0.00 0.00 0.00 0.00 0.00 0.00 0.00 6.98 11.38 10.49 8.32 6.88 7.67 7.47 10.54 7.52 7.52 7.52 7.52 7.46 7.46 7.46 8.40 7.39 9.19 7.39 7.39 7.36 7.36 7.36 7.36 7.84 8.85 7.84 7.84 7.86 7.86 7.86 7.86 7.80 7.80 7.80 7.80 7.77 7.77 7.77 7.77 8.03 8.03 8.03 8.03 8.04 8.04 8.04 8.04 8.07 8.07 8.07 8.07 8.21 8.21 8.21 8.21 8.39 8.39 8.39 8.39 8.41 9.54 8.41 8.41
0.00 0.00 0.00 0.00 0.00 0.00 0.00 0.00 0.00 0.00 0.00 0.00 0.00 0.00 0.00 0.00 0.00 0.00 0.00 6.98 6.98 10.49 10.49 8.19 8.23 7.53 7.11 7.11 11.44 7.52 7.52 7.52 7.46 7.46 7.46 7.46 7.39 7.39 7.39 7.39 7.36 7.36 7.36 7.36 7.84 7.84 7.84 7.84 8.87 7.86 7.86 7.86 7.80 7.80 7.80 7.80 8.78 7.77 7.77 7.77 8.03 8.03 8.03 8.03 10.00 8.04 8.04 8.04 8.07 8.07 8.07 8.07 8.21 8.21 8.21 8.21 8.39 8.39 8.39 8.39 8.41 8.41 8.41 8.41
0.00 0.00 3.70 0.00 0.00 0.00 0.00 0.00 0.00 0.00 0.00 0.00 0.00 0.00 4.02 0.00 0.00 3.24 6.98 6.98 10.49 6.98 6.98 11.83 11.91 11.91 11.91 10.93 11.44 9.02 9.02 9.02 8.93 7.46 7.46 7.46 7.39 7.39 7.39 7.39 7.36 7.36 7.36 7.36 7.84 7.84 7.84 8.84 7.86 7.86 7.86 7.86 7.80 7.80 7.80 7.80 8.77 7.77 7.77 7.77 8.03 8.03 8.03 9.06 8.04 8.04 8.04 9.07 9.11 8.07 8.07 8.07 8.21 8.21 8.21 8.21 8.39 8.39 8.39 8.39 8.41 8.41 8.41 8.41
0.00 6.07 6.07 6.07 6.12 0.00 0.00 0.00 0.00 0.00 0.00 0.00 0.00 0.00 4.02 6.63 6.58 7.34 7.34 7.83 10.44 6.93 6.93 8.25 9.07 8.33 8.33 7.52 8.99 9.43 8.99 9.42 8.93 9.28 8.42 7.46 7.43 7.43 7.43 7.43 7.41 7.41 7.41 7.41 7.81 7.81 7.81 7.81 9.67 7.77 7.77 9.13 7.76 7.76 7.76 9.65 7.78 7.78 7.78 7.78 8.07 8.07 8.07 10.03 8.07 8.07 8.07 10.48 9.21 8.16 8.16 8.16 8.33 8.33 8.33 8.33 8.42 8.42 10.53 8.42 8.36 9.49 9.49 8.36
0.00 0.00 6.07 6.07 6.12 0.00 0.00 0.00 0.00 0.00 0.00 0.00 0.00 0.00 6.63 10.14 10.10 10.10 10.10 10.10 10.83 6.57 6.57 8.25 9.00 8.33 8.33 9.02 8.99 8.99 7.50 7.50 8.41 7.46 7.46 7.46 7.43 7.43 8.83 8.38 7.41 7.41 7.41 7.41 7.81 7.81 7.81 7.81 7.77 7.77 7.77 8.05 9.32 8.04 7.76 7.76 7.78 7.78 7.78 7.78 9.11 9.11 8.07 8.07 8.07 9.10 9.10 9.13 8.16 8.16 8.16 8.16 8.33 8.33 8.33 8.33 8.42 9.55 8.42 8.42 8.36 8.36 8.36 8.36
0.00 6.74 6.07 6.07 6.12 6.12 0.00 0.00 0.00 0.00 0.00 0.00 0.00 6.63 6.63 10.14 6.58 6.58 10.10 9.89 6.57 6.57 6.57 7.85 7.92 9.23 7.92 8.33 8.99 8.99 7.50 7.50 7.46 7.46 7.46 7.46 7.43 7.43 7.43 7.43 7.41 8.36 7.41 7.41 7.81 7.81 7.81 9.38 9.33 9.33 9.33 9.80 9.32 9.32 7.76 7.76 7.78 7.78 7.78 7.78 9.05 8.07 8.07 8.07 9.11 8.07 8.07 8.07 8.16 8.16 8.16 8.16 8.33 8.33 8.33 8.33 8.42 8.42 8.42 8.42 8.36 8.36 8.36 8.36
6.07 6.73 6.74 6.07 6.12 6.79 0.00 0.00 0.00 0.00 0.00 0.00 0.00 0.00 6.63 10.89 6.58 6.58 6.58 7.34 7.96 6.57 6.57 6.57 7.92 6.62 6.62 6.62 8.51 8.51 7.50 7.50 7.46 7.46 7.46 7.46 7.43 7.43 7.43 8.38 7.41 7.41 7.41 7.41 7.81 7.81 7.81 7.81 9.33 9.33 9.33 9.33 9.32 9.32 7.76 7.76 7.78 7.78 7.78 7.78 8.07 8.07 8.07 8.07 8.07 8.07 8.07 8.07 8.16 8.16 8.16 8.16 8.33 8.33 8.33 8.33 8.42 8.42 8.42 8.42 8.36 8.36 8.36 9.47
6.03 6.03 6.03 6.03 6.10 6.10 6.10 0.00 0.00 0.00 0.00 0.00 0.00 0.00 6.66 6.66 10.86 6.60 6.60 6.60 6.55 7.30 6.55 6.55 7.30 6.55 6.55 6.55 6.98 6.98 6.98 6.98 6.99 6.99 7.40 7.40 7.42 7.42 7.42 7.42 7.41 7.41 8.36 7.41 7.79 7.79 7.79 7.79 7.74 9.29 9.29 9.75 9.33 9.33 8.05 7.77 9.71 7.81 7.81 7.81 8.09 8.09 8.09 8.09 10.87 9.14 8.10 8.10 8.23 8.23 8.23 8.23 8.37 8.37 8.37 9.46 8.42 8.42 8.42 8.42 8.32 8.32 8.32 8.32
6.03 6.03 6.03 6.03 6.10 6.10 6.10 6.10 0.00 0.00 0.00 0.00 0.00 0.00 7.97 6.66 10.11 10.11 6.60 6.60 6.55 6.55 6.55 6.55 6.55 6.55 6.55 6.55 6.98 6.98 6.98 6.98 6.99 6.99 6.99 6.99 7.01 7.42 7.42 7.42 7.41 7.41 7.41 7.41 8.78 7.79 7.79 7.79 7.74 9.29 9.29 9.29 9.33 9.33 9.33 7.77 7.81 7.81 7.81 7.81 8.09 8.09 8.09 8.09 8.10 8.10 8.10 8.10 8.23 8.23 8.23 8.23 8.37 8.37 9.46 8.37 8.42 9.55 8.42 10.05 9.43 8.32 8.32 8.32
6.03 6.03 6.03 6.03 6.10 6.10 6.10 6.10 5.86 0.00 0.00 0.00 0.00 3.81 7.97 7.97 7.36 10.11 6.60 7.34 6.55 6.55 6.55 6.55 6.55 6.55 6.55 7.30 6.98 6.98 7.79 6.98 6.99 6.99 6.99 6.99 7.01 7.01 7.01 7.01 7.00 7.41 7.41 7.41 7.79 7.79 7.79 7.79 9.29 9.29 9.29 9.29 9.33 9.33 9.33 9.33 7.81 7.81 7.81 9.71 8.09 8.09 9.16 10.06 8.10 8.10 8.10 8.10 8.23 8.23 8.23 8.23 9.46 8.37 8.37 8.37 9.55 8.42 8.42 8.42 8.32 8.32 8.32 8.32
6.03 6.03 6.03 6.03 6.10 6.10 6.10 6.10 6.85 6.89 6.89 3.87 6.98 2.12 7.50 7.97 7.89 8.95 10.11 6.60 6.55 6.55 6.55 6.55 6.55 6.55 6.55 6.55 6.98 6.98 6.98 6.98 6.99 6.99 6.99 6.99 7.01 7.81 7.01 7.01 7.00 7.00 7.00 7.00 7.79 7.79 7.79 9.35 9.29 9.29 9.29 9.29 9.33 9.33 9.33 9.33 7.81 7.81 7.81 7.81 8.09 8.09 9.64 8.09 8.10 8.10 8.10 8.10 8.23 8.23 8.23 10.26 8.37 8.37 8.37 8.37 10.45 8.42 9.55 9.52 9.43 9.43 8.32 8.32
6.02 6.02 6.02 6.02 6.07 9.59 6.07 6.07 6.19 6.19 6.89 7.25 6.60 6.60 7.96 7.50 7.50 6.64 10.15 6.64 6.59 6.59 6.59 6.59 6.55 6.55 6.55 6.55 6.97 6.97 6.97 6.97 6.98 6.98 6.98 6.98 6.98 6.98 7.78 6.98 6.95 6.95 6.95 6.95 7.33 8.83 8.83 8.83 9.37 9.37 9.37 9.37 9.41 9.41 9.41 9.41 9.42 9.42 7.84 7.84 8.10 9.14 8.48 8.10 8.15 8.15 8.15 8.15 8.27 8.27 9.34 8.27 8.38 8.38 8.38 8.38 9.55 8.42 8.42 8.42 8.30 8.30 8.30 8.30
6.02 6.02 6.02 6.02 9.59 9.59 10.60 6.07 6.19 5.32 6.19 6.89 7.50 6.24 7.66 7.97 7.50 7.50 10.15 10.15 6.59 6.59 6.59 6.59 6.55 6.55 6.55 6.55 6.97 6.97 6.97 6.97 6.98 6.98 6.98 6.98 8.20 6.98 6.98 6.98 6.95 6.95 6.95 8.16 11.58 9.61 8.83 8.83 7.36 7.36 7.36 7.80 9.41 9.41 9.41 9.41 9.42 10.17 10.17 7.84 8.10 9.75 10.53 8.10 8.15 8.15 8.15 8.15 8.27 8.27 9.75 8.27 8.38 8.38 8.38 8.38 8.42 8.42 8.42 8.42 8.30 8.30 9.82 8.30
7.41 7.41 7.99 11.51 10.99 7.48 7.48 10.99 7.62 5.57 8.53 7.62 8.22 8.22 9.94 10.02 9.99 9.99 9.99 12.24 8.13 8.13 8.13 8.13 8.09 8.09 8.09 8.09 8.16 8.16 8.16 8.16 8.18 8.18 8.18 8.18 8.18 8.18 8.18 8.18 9.18 8.14 8.14 8.14 8.48 10.48 10.48 8.48 8.51 8.51 8.51 8.51 8.55 8.55 8.55 11.16 11.17 11.17 11.17 9.05 9.69 11.44 11.44 9.26 9.32 9.32 9.32 9.32 11.89 9.45 9.45 9.45 9.56 9.56 9.56 9.56 9.72 11.17 9.72 9.72 9.59 9.59 9.59 9.59
10.93 10.93 10.93 7.41 7.48 7.48 7.48 10.99 7.62 7.62 7.62 7.62 8.22 8.22 8.22 10.02 9.72 10.25 9.99 10.09 13.42 9.90 8.13 8.13 8.09 8.09 8.09 8.09 8.16 8.16 8.16 8.16 8.18 8.18 8.18 8.18 8.18 8.18 8.18 8.18 8.14 8.14 8.14 8.14 8.48 8.48 8.48 8.48 8.51 8.51 8.51 8.51 8.55 10.52 8.55 12.13 10.58 10.58 10.58 11.17 11.44 11.44 11.44 9.26 9.32 9.32 9.32 9.32 9.45 10.80 9.45 9.45 9.56 9.56 9.56 9.56 9.72 9.72 9.72 9.72 9.59 9.59 10.97 9.59
10.99 10.99 7.48 7.48 7.44 7.44 7.44 10.95 11.03 11.03 9.08 11.03 11.69 9.03 8.17 8.17 9.72 9.72 10.03 10.03 13.52 10.01 10.01 10.01 8.18 8.18 8.18 8.18 8.27 8.27 8.27 8.27 8.27 8.27 8.27 8.27 8.22 8.22 8.22 8.22 8.17 8.17 8.17 8.17 8.57 8.57 8.57 8.57 8.62 8.62 9.72 8.62 9.72 8.62 8.62 10.69 10.62 10.62 10.62 10.62 10.87 10.87 9.27 9.27 9.33 9.33 9.33 9.33 10.77 9.42 9.42 9.42 9.52 9.52 9.52 9.52 9.67 9.67 9.67 9.67 9.55 9.55 9.55 9.55
10.99 10.99 7.48 7.48 7.44 7.44 7.44 7.44 8.40 7.52 7.52 7.52 11.69 11.69 10.72 9.02 9.02 9.72 9.58 11.67 13.52 10.01 10.01 10.01 8.18 8.18 8.18 8.18 8.27 8.27 8.27 8.27 8.27 8.27 8.27 8.27 8.22 8.22 8.22 8.22 8.17 8.17 8.17 8.17 8.57 8.57 8.57 8.57 8.62 8.62 8.62 8.62 8.62 8.62 8.62 10.69 8.58 8.58 8.58 8.58 10.87 10.87 8.78 8.78 8.83 8.83 10.70 9.33 9.42 9.42 9.42 9.42 9.52 9.52 9.52 10.90 9.67 9.67 11.07 11.07 9.55 9.55 9.55 10.90
7.48 7.48 7.48 8.98 7.44 7.44 7.44 7.44 8.40 7.52 7.52 7.52 8.17 11.69 8.17 8.17 10.63 11.73 11.73 11.73 7.52 9.94 10.01 11.71 8.18 8.18 8.18 8.18 8.27 8.27 8.27 8.27 8.27 8.27 8.27 8.27 8.22 8.22 8.22 8.22 8.17 8.17 8.17 8.17 8.57 8.57 8.57 8.57 8.62 8.62 8.62 8.62 9.72 8.62 8.62 8.62 8.58 8.58 8.58 8.58 10.87 10.87 10.87 8.78 8.83 9.95 8.83 8.83 8.93 9.42 9.42 9.42 9.52 9.52 9.52 9.52 9.67 9.67 9.67 9.67 9.55 9.55 9.55 10.90
7.48 7.48 7.48 7.48 8.70 8.33 7.44 7.44 7.52 7.52 7.52 7.52 8.17 11.69 11.69 11.69 11.73 8.22 8.22 8.22 9.46 9.10 8.21 8.21 8.18 9.03 8.18 8.18 8.27 8.27 8.27 8.27 8.27 8.27 8.27 8.27 8.22 8.22 8.22 8.22 8.17 8.17 8.17 8.17 8.57 8.57 8.57 8.57 8.62 8.62 8.62 8.62 9.72 9.72 9.72 8.62 8.58 8.58 9.67 8.96 10.87 10.87 10.87 8.78 8.83 8.83 8.83 9.94 8.93 8.93 8.93 8.93 9.03 9.52 9.52 9.52 9.67 9.67 9.67 9.67 10.92 9.55 9.55 9.55
11.08 7.57 7.57 7.57 7.50 8.39 7.50 7.50 7.46 7.46 7.46 7.46 8.11 8.11 11.62 12.47 8.20 8.20 8.20 8.20 8.19 8.19 8.19 8.19 8.17 8.17 8.17 8.17 8.31 8.31 8.31 8.31 8.33 8.33 8.33 8.33 8.29 8.29 8.29 8.29 8.25 8.25 8.25 8.25 8.66 8.66 8.66 8.66 8.69 8.69 8.69 8.69 8.67 8.67 8.67 8.67 8.59 8.59 8.59 8.59 10.86 10.86 10.86 11.61 9.17 8.80 8.80 8.80 9.96 8.85 8.85 8.85 8.90 8.90 8.90 10.02 9.52 9.52 9.52 9.52 9.48 9.48 9.48 9.48
11.08 7.57 7.57 7.57 7.50 7.50 7.50 7.50 7.46 7.46 8.34 7.46 8.11 8.11 8.96 8.11 8.20 8.20 8.20 8.20 8.19 8.19 8.19 8.19 8.17 9.02 8.17 8.17 8.31 8.31 8.31 8.31 8.33 8.33 8.33 8.33 8.29 8.29 8.29 8.29 8.25 8.25 8.25 8.25 8.66 8.66 8.66 8.66 8.69 8.69 8.69 8.69 8.67 8.67 8.67 8.67 8.59 8.59 8.59 8.59 10.86 10.86 10.86 10.86 10.89 8.80 8.80 8.80 9.96 8.85 9.97 8.85 10.01 8.90 8.90 8.90 9.02 9.02 9.02 9.02 9.48 9.48 9.48 9.48
12.61 7.57 7.57 7.57 7.50 7.50 7.50 7.50 7.46 7.46 7.46 7.46 8.84 8.11 8.11 8.96 8.20 8.20 8.20 8.20 8.19 9.04 8.19 8.19 8.17 8.17 8.17 8.17 8.31 8.31 8.31 8.31 9.40 9.33 10.28 9.40 8.29 9.35 8.29 8.29 9.31 8.25 8.25 8.25 8.66 8.66 8.66 8.66 8.69 8.69 8.69 8.69 8.67 8.67 8.67 9.77 8.59 8.59 8.59 11.40 10.86 10.86 10.86 10.86 10.89 10.89 10.89 8.80 8.85 8.85 8.85 8.85 8.90 8.90 8.90 8.90 9.02 9.02 9.02 9.02 8.99 8.99 10.13 9.48
7.57 7.57 8.47 7.57 7.50 7.50 7.50 7.50 7.46 7.46 7.46 7.46 8.11 8.11 8.11 8.11 8.20 8.20 8.20 9.03 8.19 8.19 9.49 8.19 8.17 8.17 9.01 8.17 8.31 8.31 8.31 8.31 8.33 9.39 8.33 8.33 8.29 8.29 8.29 8.29 8.25 8.25 8.25 8.25 8.66 8.66 8.66 8.66 9.39 8.69 9.80 9.78 8.67 9.93 9.76 8.67 8.59 8.59 8.59 10.64 10.86 10.86 10.86 10.86 11.65 10.89 10.89 10.89 10.98 8.85 8.85 8.85 8.90 8.90 8.90 8.90 9.02 9.02 9.02 9.02 8.99 8.99 8.99 10.12
8.28 7.59 8.03 9.12 7.57 7.57 7.57 7.57 7.51 7.51 7.51 7.51 8.05 8.05 8.05 10.05 8.11 8.11 8.11 8.11 8.10 8.10 8.10 8.95 8.12 8.12 8.12 8.12 9.22 8.29 9.35 8.29 8.30 9.36 8.30 8.30 8.31 9.38 8.31 8.31 8.31 8.31 8.31 8.31 8.69 8.69 9.38 8.69 8.67 8.67 8.67 8.67 8.62 9.72 8.62 8.62 8.56 8.56 10.59 10.59 10.86 10.86 10.86 10.86 10.90 10.90 10.90 10.90 10.90 10.90 10.90 10.90 10.88 11.63 10.88 11.63 11.10 11.10 9.33 8.94 10.10 8.96 8.96 10.10
8.28 8.28 8.28 7.59 7.57 7.57 7.57 8.45 7.51 8.40 7.51 8.50 8.05 8.05 8.05 8.88 8.11 8.11 8.11 8.11 8.10 8.10 8.10 8.10 8.12 8.12 8.12 8.12 8.29 8.29 8.29 8.29 8.30 8.30 8.30 8.30 8.31 8.31 9.38 8.31 8.31 8.31 8.31 8.31 8.69 9.79 8.69 8.69 8.67 8.67 8.67 8.67 8.62 8.62 8.62 8.62 8.56 8.56 10.59 10.59 10.86 10.86 10.86 10.86 10.90 10.90 10.90 10.90 10.90 10.90 10.90 10.90 10.88 10.88 10.88 10.88 11.84 11.10 11.10 10.08 8.96 8.96 8.96 8.96
9.01 8.28 8.28 7.59 9.10 7.57 7.57 7.57 7.51 7.51 7.51 7.51 8.05 8.05 8.05 8.05 8.11 8.11 8.11 8.11 8.10 8.94 8.10 8.10 8.12 8.12 8.12 8.12 8.29 8.29 8.29 8.29 8.30 8.30 8.30 8.30 8.31 8.31 8.31 8.31 8.31 8.31 8.31 8.31 8.69 8.69 8.69 8.69 8.67 8.67 8.67 9.76 8.62 8.62 8.62 8.62 8.56 11.32 11.32 10.59 10.86 10.86 10.86 10.86 10.90 10.90 10.90 10.90 10.90 10.90 10.90 10.90 10.88 10.88 10.88 10.88 11.10 11.10 8.94 8.94 8.96 8.96 10.10 8.96
7.59 7.59 7.59 7.59 7.57 7.57 7.57 7.57 7.51 7.51 8.40 7.51 8.05 8.05 8.05 8.05 8.11 8.11 8.11 9.39 8.10 8.10 8.10 8.10 8.12 8.12 8.12 8.12 9.21 8.29 9.34 8.29 8.30 8.30 8.30 8.30 8.31 8.31 9.36 9.37 8.31 9.37 8.31 8.31 8.69 8.69 8.69 8.69 8.67 8.67 8.67 9.76 8.62 8.62 8.62 10.68 11.31 10.59 10.59 10.59 10.86 10.86 10.86 10.86 10.90 10.90 10.90 10.90 10.90 10.90 10.90 11.16 10.88 10.88 10.88 10.88 11.10 11.10 8.94 8.94 10.10 9.69 8.96 8.96
7.57 7.57 7.57 7.57 7.59 7.59 8.49 8.49 7.57 7.57 7.57 7.57 8.05 8.05 8.05 8.05 8.02 8.02 8.02 8.85 8.84 8.01 8.84 8.01 8.08 8.08 8.08 8.08 8.24 8.24 8.24 8.24 9.28 8.23 8.23 8.23 8.27 8.27 9.32 8.27 8.29 8.29 8.29 8.29 8.64 8.64 8.64 9.73 9.70 8.61 9.70 9.69 8.55 8.55 10.58 10.58 10.55 10.55 10.55 10.55 10.88 10.88 10.88 8.79 10.90 10.90 10.90 10.90 10.86 10.86 10.86 10.86 10.85 10.85 10.85 10.85 11.09 11.09 11.09 11.09 11.09 11.09 11.09 12.40
7.57 7.57 9.50 7.57 7.59 7.59 7.59 8.83 8.85 8.47 7.57 9.07 8.89 8.05 8.05 8.05 8.02 8.02 8.02 8.02 8.01 9.27 8.01 8.01 8.08 8.08 8.08 8.08 8.24 8.24 8.24 9.62 8.23 8.23 8.23 8.23 8.27 8.27 8.27 9.65 9.68 8.29 8.29 8.29 8.64 8.64 8.64 10.01 8.61 8.61 8.61 8.61 8.55 9.63 8.55 8.55 8.53 8.53 8.53 10.55 8.79 8.79 8.79 8.79 10.90 10.90 11.66 10.90 10.86 10.86 10.86 10.86 10.85 10.85 10.85 10.85 11.09 11.09 11.09 11.09 11.09 11.09 12.44 12.08
9.11 9.11 9.11 9.11 9.13 9.13 9.13 9.13 9.11 9.11 9.11 9.11 9.42 9.42 9.42 9.42 9.38 9.38 9.38 9.38 9.37 9.37 9.37 9.37 9.45 9.45 9.45 9.45 9.61 9.66 9.66 9.66 9.65 9.65 9.65 9.65 9.69 9.69 9.69 9.69 9.71 9.71 9.71 9.69 9.71 9.71 9.71 9.71 9.68 9.68 9.68 9.68 9.61 9.61 9.61 9.61 9.59 10.58 9.59 9.59 9.69 9.69 9.69 13.07 12.17 12.17 12.17 12.17 12.13 12.13 12.13 12.13 12.12 12.12 12.12 12.12 12.36 12.36 12.66 12.36 12.36 12.36 13.30 12.36
9.11 9.11 9.11 9.11 9.13 9.13 9.13 9.13 9.11 9.11 9.11 9.11 9.42 9.42 9.42 9.42 9.38 9.38 9.38 9.38 9.37 9.37 9.37 9.37 9.45 9.45 9.45 9.45 9.66 9.66 9.66 9.66 9.65 9.65 9.65 9.65 9.69 9.69 9.69 9.69 9.71 9.71 9.71 9.71 9.71 9.71 9.71 9.71 9.68 9.68 9.68 9.68 9.61 9.61 9.61 10.34 9.59 9.59 9.59 9.59 9.69 9.69 13.07 12.15 12.17 12.17 12.17 12.17 12.13 12.13 12.13 12.13 9.66 9.66 9.66 12.12 12.36 12.36 12.36 12.36 12.36 12.36 12.36 12.36
