New_Model_Runs/10_Future_Present_Scn3_out/post_prcessed_with_MFR/Monthly_summaries/net_infiltration_monthly_JAN.asc
NCOLS 700
NROWS 400
XLLCENTER 515000.000000
YLLCENTER 8409000.000000
CELLSIZE 50.000000
NODATA_value -999.000000
[rows 228 to 265 of 400, columns 168 to 251 of 700]
8.01 8.01 8.08 8.08 8.05 8.31 8.31 8.31 8.04 8.04 8.04 8.04 6.54 6.54 6.95 7.67 6.99 10.62 6.50 10.99 9.88 10.25 9.78 9.88 6.24 7.24 6.90 7.61 6.53 7.59 7.96 7.59 7.36 7.73 6.89 7.53 6.76 6.54 6.76 6.76 6.36 6.36 6.36 6.36 7.33 6.73 7.10 6.09 7.47 6.36 6.36 6.36 6.73 6.19 6.36 5.74 5.56 6.72 6.41 6.41 6.48 6.48 6.48 6.48 5.06 6.53 6.53 6.53 6.52 6.52 6.52 6.52 5.85 5.85 5.85 5.85 5.76 5.76 5.76 5.76 5.68 5.68 4.52 5.68
8.01 8.01 8.01 8.01 8.05 8.05 8.31 8.31 7.78 8.11 8.04 8.06 8.10 6.54 6.91 6.91 6.91 6.91 6.91 11.65 10.99 3.25 10.15 9.51 6.24 10.55 11.01 10.62 10.56 10.99 10.99 10.62 5.87 6.99 7.73 7.36 7.61 7.59 5.45 6.56 6.36 6.36 6.36 6.36 6.36 6.63 7.30 6.09 6.46 6.09 6.36 6.58 7.36 6.17 6.17 6.17 5.73 5.73 6.41 6.41 6.48 6.48 5.39 6.48 6.53 5.06 6.53 6.53 6.52 6.52 6.52 5.78 4.94 4.94 4.52 5.85 5.76 5.76 5.76 5.76 5.68 4.52 4.52 5.68
7.41 7.41 7.41 7.41 7.44 7.44 7.44 8.05 7.84 8.04 8.04 8.04 8.10 8.03 8.03 6.91 6.95 6.91 6.54 6.91 10.25 10.25 7.36 8.10 7.27 7.27 10.53 10.53 7.36 10.89 6.62 2.62 6.99 10.90 10.16 5.95 10.62 2.99 8.01 6.62 6.84 6.67 6.36 6.36 6.36 1.86 9.81 9.35 9.35 6.19 6.36 6.58 7.67 7.36 7.36 6.17 5.73 6.41 6.41 6.41 6.48 6.48 6.48 6.48 6.53 6.53 6.53 6.53 6.52 6.52 5.78 5.78 4.52 4.94 5.85 5.85 5.76 5.76 5.76 5.76 5.68 4.52 4.52 5.68
7.41 7.41 7.41 7.41 7.44 7.44 7.44 7.90 7.26 7.78 7.78 8.04 8.03 8.03 8.03 8.06 6.54 6.91 6.54 6.95 6.91 6.91 10.62 4.73 8.85 8.10 6.99 8.10 3.73 11.73 7.44 3.36 7.36 7.73 6.99 9.79 10.48 11.36 6.99 10.53 6.84 6.84 6.84 6.84 6.84 10.47 8.98 9.35 8.98 7.33 7.33 7.33 7.36 7.36 7.36 7.36 6.72 6.41 6.41 6.41 6.48 6.48 6.48 6.72 5.39 5.37 6.53 6.53 5.52 6.85 6.52 5.39 4.52 5.85 5.85 5.85 5.76 5.76 5.76 5.76 4.52 4.52 5.68 5.75
7.50 7.50 7.50 7.50 7.51 7.51 8.33 7.91 7.24 6.41 7.24 8.06 8.04 8.04 8.11 8.04 8.02 8.02 6.54 6.91 6.95 6.91 7.25 10.62 11.58 11.58 10.25 11.58 10.25 10.99 10.99 6.99 10.12 10.53 10.25 11.04 6.13 8.11 7.37 11.36 10.09 10.09 10.34 10.34 9.97 10.84 8.63 11.14 7.62 7.44 7.44 7.44 7.48 7.48 7.48 7.48 6.79 6.68 6.48 6.59 6.64 6.53 6.64 5.39 5.53 5.75 5.78 5.39 6.57 6.80 5.64 6.76 5.88 5.88 5.88 5.88 5.75 5.75 5.75 5.82 5.70 5.70 5.70 5.70
7.50 7.50 7.50 7.50 7.51 7.94 7.51 7.51 7.24 7.24 6.41 7.32 7.30 7.26 7.26 8.04 8.09 8.02 8.02 8.02 6.91 6.91 7.39 7.65 7.22 7.22 7.22 7.22 6.16 6.75 10.87 2.99 7.96 6.76 6.39 9.65 9.43 7.03 6.01 8.75 7.21 6.47 7.52 8.01 6.72 7.21 7.52 11.14 7.62 6.66 7.41 7.62 7.67 7.48 7.48 7.48 6.68 6.68 6.68 6.48 6.53 6.53 6.53 6.53 5.78 5.65 6.14 6.15 6.00 5.52 5.20 5.76 4.52 5.88 5.88 5.88 5.75 5.75 5.90 5.82 5.70 5.70 5.70 5.70
7.50 7.50 7.50 7.50 7.51 7.94 7.51 7.51 7.24 7.24 7.24 7.24 7.26 7.26 7.25 8.19 8.02 8.02 8.02 8.02 8.00 7.65 6.62 7.32 7.22 6.87 7.22 7.22 7.22 6.62 7.22 10.25 7.85 8.22 7.28 6.38 10.00 9.65 7.22 7.90 7.47 7.47 7.47 7.47 6.84 8.26 7.35 9.08 9.08 6.67 6.39 6.39 6.76 7.40 7.67 7.67 6.68 6.68 6.68 6.68 6.53 6.53 6.53 6.53 5.39 6.49 5.28 9.75 8.90 10.00 6.52 6.15 4.94 5.88 5.88 5.88 5.75 6.05 5.75 5.75 5.70 5.70 5.70 5.70
7.50 7.50 7.50 7.50 7.51 8.34 7.51 7.51 7.24 7.24 7.24 7.24 7.26 7.26 7.26 7.78 8.02 7.73 8.02 8.02 8.00 6.54 6.91 6.91 8.13 8.76 6.90 6.87 6.87 6.62 8.13 8.13 7.79 7.79 7.28 7.92 7.50 9.65 7.22 7.22 7.84 7.84 7.47 7.38 7.89 7.89 7.52 6.10 9.08 10.29 10.29 6.39 2.46 6.47 7.06 6.76 6.60 5.84 5.47 6.68 6.53 6.53 6.53 6.53 6.58 6.12 8.20 5.75 6.49 6.04 7.31 5.39 5.95 5.95 5.88 5.88 4.94 5.75 5.75 5.82 5.70 5.70 5.70 5.70
7.58 7.58 7.58 7.58 7.59 7.59 7.59 7.59 7.30 7.30 7.30 7.30 7.22 7.22 7.22 7.22 7.21 7.73 8.01 8.01 8.00 8.00 6.91 8.00 8.13 8.13 7.82 7.82 8.11 8.76 8.76 8.11 7.76 7.76 7.76 7.87 7.85 11.10 8.75 7.59 6.84 7.94 7.51 7.51 7.66 7.66 7.66 7.66 6.10 7.71 7.37 10.29 10.47 7.34 6.84 7.21 6.27 6.37 6.53 5.39 6.55 6.55 6.15 6.15 6.37 8.90 1.84 6.12 6.51 6.74 6.92 6.55 5.83 5.83 4.60 6.15 5.73 5.73 5.73 5.73 5.76 5.76 5.76 5.76
7.58 7.58 7.58 7.58 7.59 8.02 7.59 7.59 7.30 7.30 7.30 7.30 7.22 7.22 7.22 7.22 7.21 7.78 7.73 8.01 8.00 8.00 8.00 8.00 8.13 8.13 8.13 7.82 8.11 7.92 8.76 8.76 8.10 8.10 7.76 7.76 7.85 8.11 11.70 8.07 7.94 7.57 7.51 7.51 7.66 7.66 7.66 7.66 7.82 6.47 7.71 7.00 10.10 10.10 9.36 10.60 5.89 5.89 6.37 6.15 5.76 5.63 6.37 5.57 6.00 5.47 2.21 5.28 4.93 5.15 5.28 6.62 5.83 5.83 5.83 5.83 5.79 5.73 5.73 5.73 5.76 5.76 5.76 5.76
7.58 7.58 7.58 7.58 7.59 7.59 7.59 7.59 7.30 7.30 7.30 7.30 7.22 7.22 7.22 7.22 7.19 7.73 7.73 6.91 6.54 8.00 8.00 8.06 8.13 7.94 7.87 7.82 8.11 8.11 8.11 7.86 8.10 8.17 8.10 8.10 7.21 9.12 8.44 8.07 7.57 7.51 7.51 7.51 7.66 7.66 7.66 7.66 8.08 7.82 7.00 7.00 6.10 7.43 7.43 6.68 8.99 9.61 5.15 6.37 6.00 6.00 6.37 5.15 9.26 4.45 5.28 4.94 5.78 6.00 5.78 6.55 4.52 5.90 5.83 5.83 5.73 5.73 5.73 5.73 5.96 5.76 5.76 5.76
7.58 7.58 7.58 7.58 7.59 7.59 7.59 7.59 7.30 7.30 7.30 7.30 7.22 7.22 7.22 7.22 7.21 6.91 6.91 6.91 6.91 6.91 8.00 7.40 7.52 8.13 7.82 7.82 7.79 7.79 7.79 7.79 7.76 7.76 7.82 8.10 7.21 8.44 8.44 7.77 7.51 7.51 7.51 7.51 7.66 6.67 6.67 6.84 7.78 7.41 5.98 7.71 7.38 7.75 7.38 5.99 5.62 5.63 9.26 9.26 6.00 6.37 6.37 5.19 8.78 5.75 5.75 5.65 6.87 6.00 5.40 5.39 6.09 5.83 5.83 5.83 5.73 5.73 5.73 5.73 5.76 5.76 5.76 5.76
7.62 7.62 7.62 7.62 7.60 8.03 7.60 7.60 7.29 7.29 7.29 7.29 7.27 7.27 7.27 7.27 7.26 6.73 6.91 6.73 6.91 7.20 7.20 6.41 6.73 7.54 7.85 7.85 7.82 7.82 7.82 7.82 8.75 8.75 8.75 7.76 7.76 8.61 6.93 7.76 7.62 7.62 7.62 7.62 7.70 6.67 7.70 7.41 3.31 2.94 6.35 7.00 8.12 7.21 7.38 7.67 5.63 5.63 6.00 6.00 9.52 9.89 5.93 6.64 10.37 2.62 6.88 6.49 5.81 5.63 5.39 5.47 5.80 5.80 5.80 5.80 5.76 5.76 5.76 5.83 5.83 5.83 5.83 5.83
7.62 8.05 7.62 7.62 7.60 7.60 7.60 7.60 7.29 7.29 7.29 7.63 7.27 7.27 7.27 7.27 7.20 6.73 6.73 6.73 7.27 7.20 7.20 7.20 7.34 7.34 7.85 7.85 7.82 7.82 7.82 7.82 7.76 7.76 8.10 7.76 7.76 7.76 7.60 7.76 7.62 7.62 7.62 7.62 7.00 7.00 6.67 7.00 7.04 6.84 6.84 7.38 6.47 6.84 7.38 7.33 5.86 5.63 6.74 7.11 3.66 4.40 10.63 10.26 9.24 6.27 5.65 5.75 5.63 5.63 5.39 6.50 5.87 5.80 5.80 5.80 5.76 5.76 5.76 5.76 5.83 5.83 5.83 5.83
7.32 7.32 7.32 7.32 7.30 7.74 7.74 8.02 7.09 7.09 7.89 7.36 7.01 7.01 7.01 7.01 6.94 6.94 6.33 6.94 6.94 6.94 6.94 6.94 6.98 6.98 6.98 6.98 7.43 7.43 7.43 7.43 7.36 7.36 7.36 7.36 7.36 7.36 7.36 7.36 7.16 7.16 7.16 7.16 6.39 6.76 6.76 6.46 6.37 5.84 5.84 5.46 6.39 6.39 6.39 6.30 5.37 5.15 6.26 5.83 6.20 4.64 6.94 5.46 8.35 7.59 5.27 5.52 5.15 5.15 4.90 6.08 5.31 5.31 5.31 5.31 5.27 5.27 5.27 5.27 5.33 5.33 5.33 5.33
7.32 7.32 7.32 7.32 7.30 7.30 7.30 7.30 7.09 7.09 7.09 7.09 7.28 7.28 7.28 7.27 6.94 6.94 6.94 6.94 6.94 6.94 6.94 6.94 6.98 6.98 6.98 6.98 6.95 6.95 7.43 7.43 7.36 7.36 7.36 7.36 7.36 7.36 7.36 7.36 7.16 7.16 7.16 6.76 6.76 6.39 6.76 6.41 6.39 7.21 7.58 6.76 6.39 6.39 6.30 5.93 4.98 4.98 5.52 5.52 6.20 7.31 5.83 4.71 4.34 7.98 5.52 5.52 5.15 5.52 5.93 6.08 5.31 5.31 5.31 5.31 5.27 5.27 5.27 3.94 5.33 5.33 5.33 5.59
7.30 7.30 8.10 7.70 7.22 7.73 7.22 7.22 7.01 7.01 7.01 7.01 6.96 6.96 6.96 6.96 6.94 6.94 6.94 6.94 6.97 6.97 6.97 6.97 7.03 7.03 7.03 7.03 7.01 7.01 7.01 7.49 7.41 7.41 7.41 7.41 7.44 7.44 7.44 7.44 7.17 7.17 7.17 6.04 6.39 6.39 5.46 6.91 7.15 7.15 7.52 7.52 7.21 5.46 6.30 6.30 4.98 5.37 4.76 5.13 5.45 5.08 5.15 5.52 7.96 5.52 5.52 5.15 5.15 5.52 6.29 5.92 5.19 5.33 5.33 5.33 5.31 5.31 3.94 3.94 5.36 5.36 5.36 5.60
7.30 7.30 7.30 7.30 7.22 7.22 7.62 7.22 7.01 7.01 7.01 7.01 6.96 6.96 6.96 6.96 6.94 6.94 7.21 6.94 6.97 6.97 6.97 6.97 7.03 7.03 7.03 7.03 7.01 7.01 7.01 7.49 7.41 7.41 7.41 7.41 7.44 7.44 7.44 7.19 7.17 7.17 7.17 6.04 6.39 5.34 7.16 7.16 7.15 4.83 7.15 7.52 2.38 5.84 6.68 6.30 5.37 5.37 5.52 4.71 5.09 3.97 5.15 5.52 9.15 5.52 5.52 5.15 5.15 5.92 5.92 4.72 5.56 5.19 5.45 5.33 5.31 3.94 3.94 3.94 5.60 5.36 5.36 5.60
7.30 8.10 7.30 7.30 7.22 7.22 7.62 7.22 7.01 7.01 7.01 6.33 7.16 6.96 6.96 6.96 6.94 5.99 5.99 6.94 6.97 6.97 6.97 6.97 7.03 7.03 7.03 7.03 7.01 7.01 7.01 7.01 7.41 7.41 7.41 7.41 7.44 7.44 7.44 7.44 7.17 7.17 7.17 7.20 6.39 7.16 7.16 4.83 4.83 4.83 4.83 7.52 6.58 6.95 2.40 5.93 4.98 5.37 3.97 4.71 4.71 4.35 5.09 8.72 8.78 4.34 5.52 5.15 4.76 5.15 4.35 4.72 3.38 3.38 5.33 5.33 5.31 5.37 5.31 5.31 5.36 5.36 5.60 5.60
7.30 7.30 7.30 7.30 7.22 7.22 7.22 7.22 7.01 7.01 7.01 6.33 6.33 6.96 6.96 6.96 6.93 5.99 6.94 6.94 6.97 6.97 6.97 6.97 7.03 7.03 7.03 7.03 7.01 7.27 7.01 7.01 6.93 7.41 7.46 7.41 7.44 7.44 7.44 7.44 7.17 7.17 7.17 6.04 6.44 7.16 7.37 4.83 4.83 4.83 7.15 7.52 5.64 2.75 7.04 7.26 4.98 4.76 5.15 5.52 5.15 5.15 1.68 9.09 3.97 5.15 5.15 5.53 6.29 5.15 5.15 3.96 5.19 5.24 5.33 5.33 4.36 5.31 5.31 5.31 5.36 5.36 5.60 5.60
7.25 7.25 7.65 7.25 7.24 7.24 7.24 7.24 6.97 6.97 6.97 6.12 6.95 6.95 6.95 6.95 6.06 5.99 7.52 6.95 6.98 6.98 6.98 7.55 7.05 7.05 7.05 7.05 7.29 7.02 7.02 7.02 6.99 7.47 7.47 7.47 7.49 7.49 7.49 7.49 7.14 7.14 7.14 7.14 7.13 7.13 7.55 4.83 4.83 4.83 7.16 7.53 6.05 6.67 5.93 5.93 4.76 5.15 5.15 5.15 5.09 5.09 1.68 5.67 5.09 5.09 3.97 5.15 4.72 4.35 5.52 5.52 4.22 5.35 5.35 4.36 5.18 4.36 4.36 3.94 5.40 5.40 5.62 6.36
7.25 7.25 7.25 7.25 7.24 7.24 7.24 7.24 6.97 6.97 6.15 6.12 7.44 7.44 7.86 6.95 6.96 6.36 5.60 6.95 6.98 6.98 6.98 6.98 7.05 7.05 7.05 7.05 7.02 7.02 7.02 7.02 6.99 7.47 7.47 7.47 7.49 7.49 7.49 7.49 7.14 4.83 4.83 4.83 7.13 7.55 5.18 4.83 4.83 4.83 6.91 7.16 5.68 6.67 6.30 6.30 5.15 5.15 5.15 5.15 4.72 4.71 1.68 7.96 5.52 5.52 4.35 5.15 5.16 5.15 5.15 5.52 3.79 3.53 5.35 3.90 5.55 8.81 6.02 4.36 4.36 5.40 5.62 4.27
7.25 7.25 7.25 7.25 7.24 7.24 7.24 7.52 6.97 7.45 7.45 7.16 7.15 7.44 7.49 6.12 7.43 6.95 6.96 6.96 6.98 6.98 6.98 6.98 7.05 7.05 7.05 7.05 7.02 7.02 7.02 7.02 6.99 6.99 7.47 7.47 7.49 7.49 7.49 7.49 7.14 4.83 4.83 4.83 4.83 4.83 4.83 4.83 4.83 4.83 7.16 7.16 7.30 5.93 6.30 6.68 7.96 5.15 5.15 4.35 4.72 4.72 5.09 8.35 5.15 5.15 4.76 5.15 5.16 5.15 5.15 5.15 3.79 3.08 5.45 3.90 9.24 5.18 8.81 5.18 3.53 3.53 3.53 6.29
7.25 7.25 7.25 7.25 7.24 7.24 7.52 7.24 6.97 6.97 7.45 7.16 7.15 7.44 6.12 7.15 7.43 7.15 6.96 6.96 6.98 6.98 6.98 6.98 7.05 7.05 7.05 7.32 7.29 7.02 7.02 7.02 6.99 7.47 7.47 7.47 7.49 7.49 7.49 7.49 7.14 4.83 4.83 4.83 4.83 4.83 4.83 4.83 4.83 7.16 7.16 6.39 6.04 5.93 6.68 6.27 9.52 8.78 4.35 4.72 2.05 4.72 5.15 9.15 4.34 5.09 4.76 4.76 4.76 4.76 5.15 5.15 4.36 5.35 4.36 3.08 8.37 5.18 4.74 8.81 5.18 5.18 4.74 6.81
7.29 7.29 7.29 7.29 7.21 7.21 7.21 7.21 6.98 6.98 6.98 7.46 7.41 7.41 6.50 7.43 7.41 7.14 7.14 6.92 6.99 6.99 6.99 6.99 7.35 7.09 7.09 7.36 7.08 7.08 7.08 7.08 7.06 7.55 7.55 7.55 7.53 7.53 7.53 7.53 7.13 4.83 4.83 4.83 5.46 5.31 5.68 5.31 7.18 7.18 7.18 6.91 6.94 5.93 6.68 6.68 5.52 5.15 8.78 5.09 5.46 4.72 7.59 4.34 4.71 5.45 5.87 5.15 5.15 4.76 5.15 5.15 4.36 3.94 3.94 3.79 5.18 4.74 4.74 8.81 5.18 2.81 6.44 8.81
7.29 7.29 7.29 7.29 7.21 7.21 7.61 7.21 6.98 6.98 6.95 7.46 7.14 6.50 6.50 6.17 7.14 7.14 7.14 6.92 6.99 6.99 6.99 6.99 7.35 7.09 7.36 7.09 7.08 7.08 7.08 7.08 7.06 7.55 7.55 7.55 7.53 7.53 7.53 7.53 7.13 7.55 4.83 5.46 5.46 6.39 7.47 6.39 7.18 7.18 6.39 6.39 6.39 5.53 5.90 6.68 4.98 5.37 5.15 9.89 9.09 5.67 9.09 5.89 5.52 6.63 5.52 5.15 5.15 4.76 5.15 5.16 4.36 4.36 3.38 3.38 3.38 7.01 8.81 7.01 8.81 6.44 2.81 2.81
7.29 7.29 7.29 7.29 7.21 7.21 7.21 7.21 7.24 6.98 6.98 7.46 7.14 6.12 6.12 6.12 7.14 7.41 7.71 6.92 6.99 6.99 6.99 6.99 7.09 7.09 7.09 7.09 7.08 7.08 7.08 7.08 7.06 7.55 7.55 7.55 7.53 7.53 7.53 7.58 7.13 7.55 4.83 4.83 7.10 7.10 7.10 7.10 7.18 7.18 6.39 6.39 6.30 6.30 6.30 6.30 5.74 7.69 6.95 5.09 4.72 5.08 10.20 6.20 5.46 5.83 5.83 5.52 5.52 4.76 5.15 5.15 4.36 4.36 3.38 3.38 4.22 4.22 3.38 3.38 9.18 5.18 5.18 2.81
5.89 7.66 7.29 7.29 7.21 7.21 7.21 7.21 7.24 6.98 6.98 7.46 7.14 6.12 6.18 6.12 6.52 7.14 7.41 6.92 6.99 6.99 6.99 6.99 7.09 7.09 7.09 7.09 7.08 7.08 7.08 7.08 7.55 7.55 7.55 7.55 7.53 7.53 7.58 7.53 7.13 7.13 4.83 4.83 6.39 7.10 7.10 7.10 7.18 6.39 6.39 6.39 6.30 6.30 6.30 7.87 7.69 6.89 7.32 4.35 1.30 5.09 6.42 9.09 10.20 9.46 6.04 8.71 9.09 8.39 8.39 8.78 4.22 3.38 3.38 2.94 4.22 3.38 6.57 7.01 6.81 9.18 8.81 5.18
6.37 7.32 7.32 7.32 7.22 8.00 7.22 7.54 6.95 6.95 6.95 6.50 5.45 6.12 6.12 6.50 6.50 6.50 7.39 6.91 7.01 7.01 7.01 7.01 7.63 7.13 7.13 7.13 7.15 7.15 7.66 7.66 7.66 7.66 7.66 7.66 7.59 7.59 7.59 7.59 7.09 7.09 7.09 7.09 7.07 7.07 7.07 7.07 6.39 6.39 6.39 6.39 6.30 5.93 6.30 7.87 9.78 10.95 10.95 7.96 7.98 7.96 8.72 8.72 6.57 6.26 5.52 5.89 4.72 4.76 4.76 5.15 3.38 3.38 3.38 3.38 4.22 4.22 4.22 3.38 6.81 5.11 5.18 8.81
7.28 8.18 7.73 7.32 7.22 7.22 7.22 7.38 6.95 6.95 6.95 6.50 6.12 6.12 6.12 6.50 6.50 6.50 7.39 6.91 7.01 7.01 7.01 7.51 7.63 7.68 7.13 7.13 7.66 7.66 7.66 7.66 7.66 7.66 7.66 7.66 7.59 7.59 7.59 7.59 7.09 7.09 7.09 7.09 7.07 7.07 7.07 7.07 6.39 6.39 6.39 6.39 6.30 6.30 7.87 10.65 10.15 10.51 6.89 4.70 4.33 5.46 9.83 8.72 5.45 5.09 5.15 5.15 5.15 5.15 5.15 5.15 3.38 3.38 3.38 2.94 4.22 4.59 4.59 3.38 9.18 5.11 5.18 5.18
4.23 5.45 6.60 6.65 6.38 6.24 6.24 6.24 5.96 5.96 6.27 4.97 4.97 4.65 6.19 6.19 6.20 6.20 6.20 5.92 6.02 6.02 6.02 6.31 6.58 6.58 6.27 6.27 6.60 6.72 6.60 6.60 6.61 6.61 6.61 6.61 6.54 6.54 6.54 6.57 6.15 6.13 6.13 6.13 6.10 6.10 6.10 4.62 5.01 5.01 5.01 4.62 6.48 5.56 10.10 9.56 9.75 6.20 5.83 4.44 4.44 5.18 8.81 7.58 8.02 5.14 4.81 4.44 4.44 4.44 4.44 4.44 3.59 3.59 3.59 3.97 3.59 3.97 2.76 4.56 8.18 8.18 4.56 4.10
4.23 4.38 5.12 6.28 6.24 6.24 6.24 6.24 5.96 6.24 6.24 6.24 6.19 6.19 6.19 6.19 6.20 6.20 6.20 6.20 6.02 6.02 6.02 6.31 6.58 6.58 6.58 6.58 6.60 6.60 6.60 6.60 6.61 6.61 6.61 6.61 6.57 6.54 6.54 6.54 6.13 6.13 6.13 6.13 6.10 6.10 6.10 6.10 5.01 5.01 5.01 6.48 6.48 6.48 6.85 10.30 6.57 7.35 6.98 4.44 4.81 4.44 4.44 5.18 7.58 8.02 5.18 4.81 4.44 4.44 4.44 4.44 3.59 2.30 3.97 3.87 3.50 2.76 2.76 4.56 6.25 8.18 4.56 5.39
6.21 6.21 10.21 6.63 6.22 6.22 6.22 6.35 5.93 6.24 6.22 6.22 6.17 6.17 6.17 6.17 6.22 6.22 6.20 6.20 6.00 6.00 6.18 6.29 6.79 6.60 6.57 6.57 6.64 6.64 6.64 6.64 6.67 6.64 6.64 6.64 6.56 6.54 6.54 6.54 6.12 6.12 6.12 6.12 6.10 5.77 6.10 6.10 6.16 4.62 4.62 4.46 4.90 5.17 6.48 10.47 6.61 6.98 4.81 4.44 6.61 6.24 4.44 5.18 5.14 8.40 4.77 4.81 4.44 4.44 4.44 4.44 3.59 3.59 2.30 3.53 4.34 3.59 2.76 4.56 8.55 4.56 5.39 5.39
6.35 4.94 8.23 5.45 6.22 6.43 6.22 6.22 5.93 6.22 6.22 6.22 6.17 5.83 6.17 6.17 6.20 6.22 6.22 6.20 6.29 6.00 6.00 6.00 6.57 6.57 6.57 8.79 6.64 6.66 6.64 6.64 6.64 6.64 6.64 6.64 6.54 6.54 6.54 6.54 6.12 6.12 6.12 6.12 6.10 6.10 6.10 6.10 6.16 6.16 6.19 5.94 6.02 4.41 5.92 5.93 6.24 5.39 6.24 6.24 6.24 6.24 4.44 5.18 4.33 7.58 5.14 4.44 4.44 4.44 4.81 4.81 3.59 3.59 3.16 3.16 3.59 2.76 2.76 8.18 8.55 6.14 5.77 5.77
5.08 5.45 8.71 5.08 6.22 6.22 6.22 6.22 5.93 5.93 6.22 6.22 5.83 5.83 6.19 6.17 6.20 6.20 6.20 6.20 6.29 6.00 6.00 6.00 6.27 6.57 6.57 8.77 8.83 8.83 6.64 6.64 6.64 6.64 6.67 6.64 6.54 6.56 6.54 6.54 6.12 6.12 6.12 6.12 6.10 6.10 6.10 6.10 6.16 6.16 6.16 5.94 6.02 5.27 6.85 5.93 6.24 5.83 6.61 6.24 6.61 6.61 4.81 4.81 3.59 6.84 5.51 5.18 4.44 4.44 5.55 4.03 3.59 3.16 3.16 3.59 3.97 3.59 4.56 6.25 4.56 5.77 6.51 6.51
5.08 5.08 5.08 9.84 6.22 6.22 6.36 6.22 5.93 5.93 6.22 4.64 6.17 6.17 6.17 6.17 6.20 6.20 6.20 6.20 6.29 6.29 6.00 6.00 6.40 6.57 6.57 6.57 8.83 8.83 8.83 6.64 6.64 6.64 6.64 6.64 6.54 6.54 6.54 6.54 6.15 6.14 6.12 6.12 6.10 6.10 5.77 5.77 5.81 5.81 6.16 5.94 6.02 4.90 6.48 6.48 6.24 6.24 6.61 6.61 6.94 6.57 4.33 5.18 5.18 8.39 5.14 5.18 4.81 5.18 5.51 3.59 2.76 2.30 3.16 2.76 4.34 2.30 8.55 4.56 4.56 5.30 5.30 6.88
5.08 5.08 5.17 9.88 6.60 6.60 6.23 6.23 5.89 5.89 6.18 6.18 6.14 6.14 6.14 6.14 6.21 6.21 6.21 6.21 6.27 6.27 6.27 5.98 6.24 6.54 6.54 6.54 6.66 8.83 8.83 6.63 6.63 6.63 6.63 6.63 6.48 6.48 6.48 6.48 6.11 6.11 6.11 6.11 6.11 6.11 6.11 5.01 5.01 5.01 6.12 4.46 4.46 4.90 6.04 6.04 5.83 6.24 5.83 6.57 6.57 6.61 4.81 5.18 5.18 8.02 3.59 4.81 4.33 5.14 4.77 4.81 2.30 2.76 3.59 3.13 3.87 4.84 9.67 5.30 5.77 8.47 4.10 4.07
5.08 5.08 5.08 7.64 5.50 6.60 6.23 6.23 6.06 5.89 6.18 6.18 6.14 6.14 6.14 6.14 6.21 6.21 6.21 6.21 6.27 6.27 6.27 5.98 6.24 6.54 6.54 6.54 6.63 6.63 8.83 6.63 6.63 6.63 6.63 6.63 6.48 6.51 6.51 6.48 6.11 6.11 6.11 4.64 6.11 6.11 6.11 4.62 5.01 5.01 4.46 4.46 4.90 6.04 6.04 6.05 5.83 6.24 6.24 5.39 5.83 6.24 6.61 5.92 5.92 4.81 7.65 4.81 4.77 4.77 4.44 4.81 3.97 3.59 3.59 2.76 5.30 8.93 9.30 5.30 5.39 5.39 2.77 4.07
