New_Model_Runs/10_Future_Present_Scn3_out/post_prcessed_with_MFR/Monthly_summaries/net_infiltration_monthly_JUN.asc
NCOLS 700
NROWS 400
XLLCENTER 515000.000000
YLLCENTER 8409000.000000
CELLSIZE 50.000000
NODATA_value -999.000000
[rows 222 to 258 of 400, columns 249 to 331 of 700]
10.00 10.00 10.00 10.08 10.08 10.08 10.08 10.38 10.38 10.38 8.16 8.26 8.26 8.26 8.26 15.09 11.58 11.52 15.24 15.22 15.22 15.22 15.22 14.97 17.15 15.02 15.02 13.69 15.67 15.36 11.44 10.86 10.86 7.85 7.85 9.94 7.78 7.78 7.78 11.40 5.97 8.55 11.77 8.00 10.19 8.00 8.00 7.96 7.96 7.96 7.96 7.95 7.95 7.95 10.42 7.92 7.92 11.24 11.74 10.32 12.32 11.60 5.77 5.77 5.77 7.92 7.92 8.30 11.60 7.57 7.57 5.60 10.82 5.96 6.29 9.25 9.25 9.25 9.25 5.05 5.05 0.00 0.00
10.00 10.00 10.00 10.08 10.08 10.08 10.08 10.38 10.38 10.38 10.66 8.26 8.26 8.26 8.28 15.09 11.58 15.24 15.24 15.22 15.22 15.22 15.22 14.97 14.97 14.97 15.83 15.57 15.05 7.98 7.98 10.86 7.85 9.05 7.85 7.94 7.78 9.94 8.71 7.96 11.05 6.33 9.27 11.75 11.40 11.90 8.00 7.96 7.96 7.96 7.96 7.95 7.95 7.95 10.42 7.92 10.32 14.75 11.08 9.96 10.68 7.93 7.57 5.77 10.04 6.12 8.28 11.24 9.96 11.08 11.08 2.09 2.09 9.25 9.97 11.10 10.74 10.02 9.25 9.25 5.05 0.00 0.00
11.07 10.05 10.05 10.16 10.16 10.16 10.16 10.42 11.49 10.42 10.42 8.27 8.39 11.51 15.08 18.78 15.26 15.23 15.23 15.21 15.21 15.21 15.21 14.96 16.59 15.01 16.36 17.75 7.94 7.94 7.94 9.59 7.78 7.78 7.78 7.92 8.60 8.60 7.75 7.98 7.98 7.51 6.83 8.55 11.40 11.40 8.02 9.21 7.96 7.96 7.96 7.97 7.97 7.97 10.42 10.32 13.83 8.59 7.93 11.08 2.63 7.93 8.23 5.77 5.77 7.93 2.63 5.78 11.08 7.93 7.93 7.31 9.25 9.25 10.33 9.97 9.25 10.22 11.46 9.61 5.05 0.00 0.00
10.05 10.05 10.05 10.16 10.16 10.16 10.16 10.42 10.42 10.42 10.42 8.39 14.47 11.54 18.78 15.23 15.35 15.23 15.23 15.21 15.21 15.21 15.21 14.96 15.32 12.42 15.35 11.38 8.30 7.94 7.94 7.78 9.00 7.78 7.94 7.75 8.60 8.60 8.62 7.98 7.98 7.98 12.29 11.02 8.19 18.32 8.02 7.96 9.21 7.96 7.96 7.97 7.97 7.97 7.97 7.91 13.83 8.59 7.57 11.08 11.44 2.63 2.27 11.02 9.77 5.78 5.78 5.78 2.69 10.13 10.13 9.61 9.25 10.74 11.10 11.12 9.97 9.25 9.97 5.77 5.05 5.05 0.00
9.90 9.90 9.90 10.01 10.01 10.01 10.01 10.18 10.18 10.18 10.18 12.20 11.33 14.84 15.09 15.13 15.13 15.13 15.09 15.07 15.07 15.07 17.98 14.70 15.06 15.99 15.64 11.67 10.95 10.59 7.68 8.20 8.20 8.76 7.68 7.66 8.21 8.21 8.16 7.64 7.64 7.64 7.99 14.06 12.40 8.31 9.59 9.59 8.29 8.29 8.29 5.60 8.30 9.64 5.60 11.74 9.42 7.21 6.64 6.64 10.15 5.50 5.50 10.15 10.87 6.22 1.99 5.70 2.19 8.80 4.77 6.66 11.04 6.66 6.66 7.37 7.73 6.66 7.02 6.66 6.66 7.02 0.00
9.90 9.90 9.90 10.01 10.01 10.01 10.01 10.18 10.18 10.18 10.18 12.20 14.84 14.84 15.13 15.22 15.22 15.13 15.09 15.07 15.07 15.43 18.88 14.70 15.06 15.72 11.13 10.95 10.59 10.59 7.68 8.20 8.20 8.20 7.68 8.21 8.21 8.21 8.21 7.64 7.64 7.64 11.15 8.67 11.99 7.33 10.51 8.65 8.29 8.29 8.29 7.74 9.92 5.60 5.60 5.44 12.93 7.21 5.50 5.50 5.50 5.50 6.64 2.35 9.87 6.22 1.86 5.37 1.32 3.80 3.80 6.66 6.66 6.04 6.05 7.73 7.37 7.02 7.02 6.05 6.05 0.00 0.00
9.92 11.84 9.92 10.01 10.01 10.01 10.01 10.18 10.18 10.18 10.18 12.25 14.82 14.75 15.57 15.83 15.47 15.07 15.07 15.05 15.05 15.41 17.10 15.21 14.46 10.95 7.68 7.56 10.39 10.39 7.56 8.43 8.10 8.10 7.64 8.21 8.21 8.21 8.21 7.65 7.65 7.65 11.15 8.31 7.33 10.84 10.88 8.67 8.00 5.60 7.64 7.63 8.67 8.67 7.95 5.44 12.31 5.67 5.50 1.99 1.99 6.64 6.64 8.80 8.80 2.19 4.83 4.83 3.80 3.80 0.00 5.69 0.00 0.00 0.00 0.00 0.00 0.00 0.00 0.00 0.00 0.00 0.00
11.84 11.84 9.92 10.01 10.01 10.01 10.01 10.18 10.18 11.21 10.44 12.39 12.99 14.82 15.48 15.57 15.57 15.07 15.07 15.05 15.05 15.76 15.93 14.77 7.68 7.68 7.68 7.56 7.56 10.39 10.39 8.43 8.10 8.10 8.10 8.18 8.18 8.18 8.18 7.65 7.65 7.65 11.55 10.46 9.38 12.16 11.43 9.68 8.31 10.28 8.00 7.63 9.38 3.46 7.33 6.03 5.50 10.87 7.00 1.99 9.21 2.71 6.64 6.64 6.64 2.55 1.68 3.80 0.00 0.00 0.00 0.00 0.00 0.00 0.00 0.00 0.00 0.00 0.00 0.00 0.00 0.00 0.00
12.49 11.84 9.92 10.01 10.01 10.01 10.01 10.18 10.18 10.18 10.18 10.29 12.39 14.82 15.12 15.12 15.12 15.07 15.07 15.10 15.05 17.69 19.08 11.27 7.68 7.68 7.68 7.56 7.56 7.56 8.53 8.10 8.10 8.10 8.10 8.18 8.18 8.18 8.18 7.65 7.65 7.65 9.38 10.10 9.38 3.04 5.71 10.84 7.69 8.67 8.31 7.63 6.97 6.79 11.20 6.94 6.22 2.71 9.16 8.80 7.00 9.51 6.64 6.64 2.19 2.55 4.51 4.51 0.00 0.00 0.00 0.00 0.00 0.00 0.00 0.00 0.00 0.00 0.00 0.00 0.00 0.00 0.00
11.84 9.92 10.95 10.01 10.01 10.01 10.01 10.18 10.18 10.18 10.18 10.29 10.29 15.90 15.84 15.83 15.07 15.07 15.22 15.10 15.21 15.10 18.62 7.68 7.68 7.68 7.68 7.56 7.56 7.56 7.56 8.10 8.10 8.10 8.10 8.18 8.18 8.18 10.67 10.47 7.65 7.65 10.83 7.95 9.74 9.34 2.20 10.84 10.84 2.20 5.71 11.46 5.90 9.59 8.05 7.71 6.64 11.99 6.64 9.05 8.48 6.64 8.11 6.64 6.64 8.82 0.00 0.00 0.00 0.00 0.00 0.00 0.00 0.00 5.69 0.00 0.00 0.00 0.00 0.00 0.00 0.00 0.00
9.94 9.94 9.94 10.05 10.05 10.05 10.05 10.16 10.16 10.16 10.16 10.25 11.30 15.88 15.83 15.82 15.10 15.10 15.82 15.80 15.08 15.21 11.63 8.89 7.60 8.80 7.60 8.16 8.16 8.16 8.16 8.13 8.13 8.13 8.13 7.56 7.56 7.56 10.38 10.79 10.79 10.79 7.95 7.95 7.33 7.33 2.95 6.07 5.71 5.71 5.71 7.69 2.56 9.59 7.33 8.11 1.99 10.15 6.64 8.48 8.48 8.84 8.84 6.64 9.17 9.27 3.80 0.00 0.00 0.00 0.00 0.00 0.00 0.00 5.69 0.00 0.00 0.00 0.00 0.00 0.00 0.00 0.00
9.94 9.94 9.94 10.05 10.05 10.05 10.05 10.16 10.16 10.16 10.16 10.25 10.25 15.88 15.11 16.31 15.04 15.10 15.46 15.72 15.21 15.21 11.63 7.61 8.80 7.61 7.61 8.16 8.16 8.16 8.16 8.13 8.13 8.13 8.13 7.56 7.56 7.56 7.56 7.67 10.79 10.79 10.79 14.29 9.38 9.38 6.07 13.53 2.20 7.33 7.33 8.40 2.56 7.69 9.74 1.99 1.99 5.50 5.50 7.00 7.00 7.00 2.53 10.64 9.17 10.28 3.80 0.00 4.15 0.00 0.00 0.00 0.00 5.69 5.69 5.69 0.00 0.00 0.00 0.00 0.00 0.00 0.00
9.94 9.94 9.94 10.05 10.05 10.05 10.05 10.16 10.16 10.16 10.16 10.25 10.25 15.62 17.57 15.40 15.04 15.40 16.12 15.72 15.04 18.72 8.40 7.96 7.61 7.61 7.61 8.16 8.16 8.16 8.16 8.13 11.28 8.13 8.13 7.56 7.56 7.56 8.74 7.67 10.50 10.79 14.29 14.29 12.67 5.71 2.20 7.33 7.33 7.33 9.59 9.95 9.59 9.59 9.59 6.64 6.64 2.35 5.86 7.00 6.64 6.64 4.77 4.77 5.13 11.00 3.80 4.15 3.80 3.80 0.00 0.00 0.00 0.00 0.00 0.00 0.00 0.00 0.00 0.00 0.00 0.00 0.00
9.94 9.94 9.94 10.05 10.05 10.05 10.05 10.16 10.16 10.16 10.16 10.25 12.11 20.95 17.57 15.04 15.40 15.48 15.84 17.87 17.15 23.15 8.05 7.96 7.96 9.78 8.44 8.16 8.16 8.16 8.16 8.13 8.13 8.13 8.13 7.56 7.56 7.56 7.56 10.50 10.50 14.63 14.29 12.67 17.80 14.29 16.34 16.56 9.59 8.08 9.95 9.59 9.59 9.59 9.92 9.16 7.00 6.64 6.64 5.86 9.16 10.28 4.77 5.13 5.85 8.72 3.80 3.80 3.80 3.80 0.00 0.00 0.00 0.00 0.00 0.00 0.00 0.00 0.00 0.00 0.00 0.00 0.00
10.01 10.01 10.01 10.15 10.15 10.15 10.15 10.17 10.17 10.17 10.17 10.21 12.50 20.93 17.17 17.13 15.12 9.66 9.66 14.96 17.15 20.66 18.47 13.97 10.14 15.05 14.69 8.56 8.20 8.56 8.20 8.20 8.51 8.20 8.20 7.55 7.55 7.55 7.55 11.17 15.26 15.26 18.16 19.45 18.16 17.27 16.92 16.92 18.83 9.92 9.95 9.95 9.59 9.92 9.92 9.77 7.35 7.00 6.64 10.51 10.64 4.77 0.00 0.00 0.00 3.80 3.80 0.00 3.80 3.80 0.00 0.00 0.00 0.00 0.00 0.00 0.00 0.00 0.00 0.00 0.00 0.00 0.00
10.01 10.01 10.01 10.15 10.15 10.15 10.15 10.17 10.17 10.17 10.17 10.21 18.88 22.39 22.33 20.65 15.01 9.66 9.66 9.30 14.96 20.66 18.27 12.58 9.78 9.42 14.33 8.53 8.20 8.56 8.56 8.20 8.20 8.20 8.20 7.55 7.55 7.55 7.55 8.31 19.13 17.80 14.65 14.65 9.16 13.39 9.88 15.37 15.01 14.29 7.33 7.33 9.59 9.92 9.59 9.16 7.35 8.84 7.75 6.64 12.33 4.77 0.00 0.00 0.00 0.00 0.00 0.00 0.00 0.00 0.00 0.00 0.00 0.00 0.00 0.00 0.00 0.00 0.00 0.00 0.00 0.00 0.00
10.01 10.01 10.01 10.15 10.15 10.15 10.15 10.17 10.17 10.17 10.17 12.50 22.75 20.78 22.69 17.13 15.01 15.01 9.66 12.81 12.81 18.27 17.00 17.49 12.58 12.58 16.75 8.20 8.20 10.63 10.99 10.63 10.71 8.20 8.20 7.55 7.55 7.55 10.99 6.25 12.67 16.70 9.52 14.29 16.30 14.29 17.80 9.92 15.01 15.37 14.65 2.56 7.33 9.60 9.92 6.64 9.05 6.64 8.54 10.47 2.94 13.24 0.00 0.00 0.00 0.00 0.00 0.00 0.00 0.00 0.00 0.00 0.00 0.00 0.00 0.00 0.00 0.00 0.00 0.00 0.00 0.00 0.00
10.01 10.01 10.01 10.15 10.15 10.15 10.15 10.17 10.17 10.53 11.38 12.31 21.14 14.64 11.49 19.18 20.65 18.27 12.81 18.27 17.00 14.76 17.15 14.54 15.31 17.49 17.84 14.23 11.16 11.51 13.54 9.67 7.65 2.29 8.00 8.36 7.55 7.55 17.84 13.03 12.67 16.66 15.01 9.52 9.52 14.29 12.67 12.67 10.24 17.88 11.67 15.72 9.34 7.33 9.60 6.64 6.64 11.05 10.53 4.02 3.48 13.08 6.51 0.00 0.00 0.00 0.00 0.00 0.00 0.00 0.00 0.00 0.00 0.00 0.00 0.00 0.00 0.00 0.00 0.00 0.00 0.00 0.00
10.08 10.08 10.08 10.22 10.22 10.22 10.22 10.20 10.20 12.69 12.31 12.71 18.88 13.92 11.13 13.57 13.92 16.92 9.30 14.76 17.15 14.93 14.93 16.37 18.69 16.43 14.33 16.07 14.52 15.80 19.53 19.53 19.17 17.49 12.58 18.20 17.49 17.49 14.33 9.52 17.80 16.70 14.65 14.29 14.29 9.16 9.16 12.67 10.24 16.08 15.01 17.02 14.29 7.33 9.01 8.54 8.54 14.87 14.40 10.65 10.92 15.24 10.02 0.00 0.00 0.00 0.00 0.00 0.00 0.00 0.00 0.00 0.00 0.00 0.00 0.00 0.00 0.00 0.00 0.00 0.00 0.00 0.00
10.08 10.08 10.08 10.22 10.22 10.22 10.22 10.20 10.56 11.47 12.86 10.80 18.88 22.75 13.92 13.57 11.13 19.53 17.51 14.93 14.93 14.93 14.93 14.54 16.37 14.54 14.54 16.07 12.56 18.03 14.88 16.02 15.66 15.31 2.62 14.69 16.79 13.97 16.02 9.52 20.21 15.94 14.29 17.56 14.29 14.29 14.29 18.71 9.88 15.01 16.88 16.88 16.56 7.69 3.42 17.94 14.34 10.65 10.65 13.08 14.00 9.57 13.72 10.02 0.00 0.00 0.00 0.00 0.00 0.00 0.00 0.00 0.00 0.00 0.00 0.00 0.00 0.00 0.00 0.00 0.00 0.00 0.00
9.52 9.52 9.52 9.92 9.92 9.64 9.64 9.32 11.59 4.59 11.49 7.78 7.78 13.51 19.40 19.40 20.83 10.71 14.88 16.06 16.33 16.33 12.12 11.54 11.54 11.54 10.51 10.51 11.50 18.22 14.68 15.65 10.92 10.92 8.05 10.52 16.02 15.65 15.65 16.56 9.71 19.26 15.75 15.75 13.73 13.73 13.73 16.05 12.50 14.61 16.21 13.73 15.75 10.92 12.00 6.72 13.72 13.69 14.05 10.54 14.05 13.72 12.97 12.97 6.90 0.00 0.00 0.00 0.00 0.00 0.00 0.00 0.00 0.00 0.00 0.00 0.00 0.00 0.00 0.00 0.00 0.00 0.00
9.52 9.52 9.86 10.90 9.92 9.64 9.64 10.88 3.15 17.32 17.45 9.29 19.76 13.51 16.24 15.89 21.60 22.68 14.88 16.69 16.33 16.33 16.06 10.92 11.54 11.54 10.51 10.87 12.04 11.56 13.47 10.53 8.05 10.92 8.05 8.41 8.05 10.51 10.92 8.98 14.81 17.96 15.75 12.17 15.85 15.75 15.85 13.73 12.89 13.73 15.75 10.54 10.54 10.60 11.05 9.86 13.33 14.01 14.05 14.41 14.41 13.69 13.72 13.36 12.61 7.26 0.00 0.00 0.00 0.00 0.00 0.00 0.00 0.00 0.00 0.00 0.00 0.00 0.00 0.00 0.00 0.00 0.00
9.55 9.55 9.87 9.92 11.00 11.00 10.00 16.96 20.83 10.00 15.89 19.40 19.40 17.09 17.37 17.37 18.09 21.60 18.45 16.33 16.33 16.33 16.06 15.89 11.53 11.53 11.53 11.86 14.43 11.56 15.65 10.92 8.05 10.92 10.92 10.92 8.05 10.92 10.92 13.73 16.47 19.00 19.00 15.49 15.85 16.47 15.85 15.14 17.24 14.09 15.32 10.60 8.26 11.26 12.13 11.30 3.93 12.97 13.99 13.69 14.05 13.69 9.43 12.97 13.33 6.60 9.10 0.00 0.00 0.00 0.00 0.00 0.00 0.00 0.00 0.00 0.00 0.00 0.00 0.00 0.00 0.00 0.00
9.55 9.55 9.87 9.92 11.00 11.00 10.00 14.94 11.07 20.11 13.15 19.40 16.24 17.09 17.09 18.45 17.32 22.68 23.04 17.49 16.06 16.06 16.06 10.92 11.53 11.53 11.53 11.28 14.38 13.32 8.41 11.64 11.28 10.92 8.05 8.05 8.05 10.92 10.92 15.53 16.09 19.04 13.73 15.75 15.49 15.75 13.73 13.73 17.24 17.82 10.07 19.92 12.69 10.92 12.85 12.02 7.44 12.61 14.03 13.38 13.38 14.76 14.05 12.97 12.94 6.24 2.73 0.00 0.00 0.00 0.00 0.00 0.00 0.00 0.00 0.00 0.00 0.00 0.00 0.00 0.00 0.00 0.00
9.55 9.87 9.87 11.00 11.36 13.16 13.31 17.09 17.32 14.23 19.40 17.09 16.96 17.45 16.60 16.96 16.96 17.32 17.32 21.68 16.41 11.06 11.48 10.92 11.53 11.53 11.53 10.92 14.79 14.02 8.41 11.28 8.41 2.42 8.05 8.05 2.42 8.05 8.05 7.42 16.09 15.53 15.75 13.73 14.59 14.59 15.62 14.96 12.86 9.71 12.53 10.35 10.79 11.98 10.92 14.09 7.08 3.09 13.44 13.80 13.72 14.41 13.69 12.97 12.97 12.97 13.00 0.00 0.00 0.00 0.00 0.00 0.00 0.00 0.00 0.00 0.00 0.00 0.00 0.00 0.00 0.00 0.00
9.55 9.87 9.87 11.72 7.06 13.66 17.35 16.73 19.75 19.40 16.24 18.24 16.96 17.25 10.36 10.36 17.73 17.73 18.09 21.60 16.06 8.45 11.48 10.92 11.53 11.53 8.41 11.28 14.43 11.56 10.92 10.92 8.05 8.05 8.05 8.05 11.56 11.56 5.93 6.71 3.55 8.62 15.75 15.75 15.49 14.59 8.99 8.99 12.50 9.71 11.06 3.67 2.95 14.41 6.46 2.85 3.09 3.09 10.84 13.80 13.80 14.05 13.69 12.97 14.08 7.32 6.95 10.25 7.62 0.00 0.00 0.00 0.00 0.00 0.00 0.00 0.00 0.00 0.00 0.00 0.00 0.00 0.00
9.60 9.90 10.61 10.87 14.38 10.51 17.35 13.15 16.24 17.45 16.24 17.25 17.61 17.35 13.78 17.73 17.73 17.09 17.73 17.73 13.80 13.80 8.45 10.53 11.50 11.50 11.28 11.28 11.56 11.56 10.92 10.92 11.28 11.64 8.05 8.05 10.53 11.56 11.56 8.26 8.62 14.09 13.73 15.75 15.75 14.77 9.71 9.36 12.50 16.68 4.04 3.31 6.46 6.46 2.78 3.09 3.09 3.09 7.68 13.72 14.03 13.33 14.14 14.44 14.05 4.17 3.81 6.96 10.21 0.00 0.00 0.00 0.00 0.00 0.00 0.00 0.00 0.00 0.00 0.00 0.00 0.00 0.00
9.60 9.90 10.16 14.02 10.15 10.15 13.31 19.40 16.24 17.73 10.36 17.25 17.45 17.71 17.35 17.37 17.73 16.24 16.60 17.73 17.37 11.48 11.48 10.53 10.92 10.92 10.92 8.05 11.56 14.02 10.92 10.92 11.28 9.13 8.77 2.42 8.05 10.51 11.56 8.26 9.86 9.35 8.99 13.73 15.14 17.13 9.35 9.73 13.91 13.91 3.67 6.82 3.67 3.14 3.14 9.46 3.81 13.33 6.96 9.82 13.36 13.44 13.69 14.41 7.68 7.68 4.52 6.96 13.00 0.00 0.00 0.00 0.00 0.00 0.00 0.00 0.00 0.00 0.00 0.00 0.00 0.00 0.00
9.44 9.44 17.48 20.99 19.92 13.31 17.35 20.86 20.89 18.09 16.96 15.89 17.73 17.71 17.35 10.39 10.39 8.14 17.37 16.24 17.37 11.48 11.48 10.92 10.92 10.92 10.92 10.92 14.43 10.51 10.92 10.92 10.92 10.51 10.87 8.05 10.51 10.51 11.56 8.26 9.86 8.62 13.73 8.99 13.73 17.24 14.43 13.72 14.43 7.18 13.36 9.63 3.50 3.86 10.71 4.17 13.69 13.69 9.82 10.21 3.45 12.61 13.33 13.69 3.81 8.03 4.52 6.96 10.41 6.90 0.00 0.00 0.00 0.00 0.00 0.00 0.00 0.00 0.00 0.00 0.00 0.00 0.00
16.40 17.35 13.66 20.27 20.65 16.40 17.35 17.38 17.38 21.60 16.41 17.38 17.38 17.38 17.35 7.78 10.41 10.41 10.39 10.75 10.41 16.06 11.48 10.92 8.05 8.05 8.05 10.87 11.92 8.05 10.92 10.92 11.56 11.56 11.56 11.56 5.93 5.93 11.56 11.77 11.77 11.77 11.77 11.84 13.37 14.03 13.36 6.82 7.18 7.18 6.29 9.63 3.50 4.22 7.01 7.32 6.96 12.61 6.60 12.97 6.96 6.24 6.96 7.68 6.96 6.60 7.32 12.97 6.90 6.90 0.00 0.00 0.00 0.00 0.00 0.00 0.00 0.00 0.00 0.00 0.00 0.00 0.00
9.79 13.31 19.92 16.56 16.40 17.96 17.96 17.73 17.38 8.92 20.24 20.89 17.38 17.38 17.38 10.41 10.41 10.41 10.41 10.39 10.41 10.41 9.09 11.28 10.92 8.05 2.42 14.08 11.92 6.28 5.93 5.93 6.28 11.59 3.13 2.42 2.77 2.77 10.17 8.62 8.26 8.26 10.52 8.26 2.84 10.92 7.18 4.03 3.31 3.31 3.67 12.78 6.29 7.01 3.86 4.17 3.45 3.81 3.81 3.45 6.96 6.60 6.60 6.96 13.00 13.00 13.00 9.49 6.90 6.90 0.00 0.00 0.00 0.00 0.00 0.00 0.00 0.00 0.00 0.00 0.00 0.00 0.00
13.31 9.79 9.79 16.40 16.56 17.35 18.32 16.24 10.41 11.05 10.41 10.41 20.89 20.89 17.38 10.39 10.41 10.41 10.41 10.41 10.39 9.31 9.09 6.87 8.41 10.92 14.02 5.93 5.93 10.87 2.42 2.42 10.17 11.23 8.77 8.05 3.13 2.77 8.05 2.48 8.62 12.13 8.62 9.86 4.04 5.11 4.75 4.39 4.03 4.03 4.03 6.82 12.78 10.16 3.86 4.17 3.45 4.17 3.81 7.68 7.32 6.60 6.96 6.96 13.36 13.36 13.00 13.00 6.90 6.90 6.90 0.00 0.00 0.00 0.00 0.00 0.00 0.00 0.00 0.00 0.00 0.00 0.00
16.40 16.40 9.79 16.40 9.79 16.40 17.35 15.89 10.77 9.64 8.92 8.92 10.39 13.90 13.28 10.39 10.39 10.41 10.41 10.41 10.41 9.31 9.31 2.31 10.87 14.43 14.99 2.42 5.93 2.42 2.77 3.13 2.77 10.51 8.05 8.05 8.41 3.13 3.32 8.26 11.77 8.26 8.62 10.76 9.85 4.03 10.56 3.67 4.03 3.67 3.67 2.95 13.36 10.16 3.14 3.45 3.09 3.81 7.68 7.32 3.45 3.09 9.57 13.08 6.96 3.45 9.46 13.72 7.26 6.90 6.90 7.90 7.90 0.00 0.00 0.00 0.00 0.00 0.00 0.00 0.00 0.00 0.00
20.27 19.92 16.40 16.40 17.96 16.40 10.39 8.92 9.64 10.77 8.92 9.77 8.92 10.41 13.92 11.05 10.41 10.41 10.41 10.41 10.41 11.42 11.41 14.02 11.56 11.48 11.48 11.45 2.42 5.93 2.42 3.51 2.42 12.02 8.05 10.51 8.05 9.31 8.05 8.26 14.03 10.52 8.62 10.20 9.85 3.31 3.31 10.20 3.31 2.95 2.95 2.95 9.85 12.78 9.27 12.97 12.61 13.00 12.61 13.00 12.61 12.61 12.61 13.00 9.49 9.49 9.85 13.72 6.90 6.90 6.90 8.26 8.26 7.90 7.90 7.90 7.90 7.90 8.03 7.90 7.90 7.90 8.03
17.50 16.84 19.92 20.86 17.96 16.84 10.47 10.77 11.83 10.39 11.42 11.42 10.77 10.77 9.28 12.43 10.41 9.31 9.31 11.30 11.42 11.34 14.17 14.94 11.43 11.78 11.43 11.41 11.41 7.15 11.56 2.42 8.05 10.51 10.51 8.05 8.05 8.05 8.05 8.26 11.77 8.26 9.85 11.05 11.05 11.05 10.90 10.20 10.20 10.64 10.87 10.40 2.95 2.95 12.78 9.85 9.46 9.49 9.49 9.49 9.49 9.49 9.49 9.49 9.49 9.49 9.49 13.00 2.73 2.73 2.73 2.73 2.73 2.37 2.37 2.37 2.37 2.37 2.37 2.37 2.37 2.37 2.37
17.50 16.40 16.40 17.96 21.48 17.35 9.44 10.77 10.77 11.42 11.42 11.78 3.69 10.63 11.78 10.13 15.21 11.34 11.34 11.42 11.42 14.81 15.29 10.73 11.43 11.43 12.15 12.50 4.00 3.64 15.66 2.42 5.93 14.02 14.02 5.93 5.64 5.64 5.64 2.20 12.45 12.78 12.78 9.27 9.63 11.05 10.90 10.87 11.02 11.23 4.03 3.67 2.95 10.56 13.92 13.00 9.49 9.49 9.49 9.49 9.49 9.49 9.49 9.49 9.49 9.49 9.49 13.00 9.49 9.10 2.73 3.02 7.90 7.90 7.90 7.90 7.90 7.90 7.90 7.90 7.90 7.90 7.90
19.20 15.69 16.48 16.48 17.10 17.13 8.73 8.61 10.34 10.34 10.34 2.69 3.41 9.69 9.53 9.34 12.85 8.98 10.34 10.70 13.40 15.03 10.33 9.86 10.58 10.58 10.94 10.92 10.92 10.56 10.56 5.76 9.72 9.04 7.50 2.25 6.62 1.99 6.62 5.57 12.68 9.17 9.17 3.83 10.24 9.17 2.86 3.58 3.22 3.94 4.30 6.73 6.38 6.38 6.38 6.53 8.80 8.80 8.80 8.80 8.52 8.80 8.80 8.80 8.80 8.80 8.80 12.31 8.80 8.52 2.56 2.60 6.68 6.68 6.68 6.68 6.68 6.68 6.68 6.68 6.68 6.68 6.68
