New_Model_Runs/10_Future_Present_Scn3_out/post_prcessed_with_MFR/Monthly_summaries/net_infiltration_monthly_JUN.asc
NCOLS 700
NROWS 400
XLLCENTER 515000.000000
YLLCENTER 8409000.000000
CELLSIZE 50.000000
NODATA_value -999.000000
[rows 114 to 151 of 400, columns 336 to 419 of 700]
0.00 0.00 5.19 5.19 5.09 5.09 5.53 5.09 5.02 5.82 5.45 5.02 5.02 5.02 5.02 5.02 5.03 5.46 5.46 5.03 5.07 5.07 6.61 5.07 5.07 5.07 5.07 5.07 5.05 5.49 5.38 5.68 5.43 5.43 5.43 5.73 5.42 5.42 5.71 5.42 5.39 5.39 5.39 5.67 5.33 5.33 5.61 5.33 5.26 5.26 5.54 5.26 5.30 5.30 5.30 5.30 5.31 5.31 5.31 5.31 5.32 5.32 5.32 5.32 5.42 5.70 5.42 5.42 5.44 5.44 5.44 5.59 5.60 5.60 5.98 5.60 5.57 5.57 5.57 5.57 5.20 4.68 4.68 4.68
5.19 5.19 5.19 5.19 5.09 5.09 5.89 5.09 5.02 5.02 5.02 5.45 5.02 5.45 5.02 5.02 5.03 5.03 5.46 5.03 5.07 5.49 5.07 5.07 5.07 5.07 5.51 5.07 5.05 5.05 5.38 5.38 5.43 5.43 5.43 5.71 5.42 5.42 5.71 5.42 5.39 5.39 5.67 5.39 5.33 5.34 5.33 5.33 5.26 5.26 5.26 5.26 5.30 5.30 5.30 5.30 5.31 5.31 5.31 5.31 5.32 5.32 5.32 5.32 5.42 5.42 5.42 5.42 5.44 5.71 5.96 5.59 5.60 5.60 5.60 5.60 5.57 5.57 5.57 5.93 4.68 4.68 4.68 4.68
5.03 5.03 5.67 5.03 4.97 4.97 4.97 4.97 4.96 4.96 4.96 4.96 4.98 5.41 5.91 4.98 4.99 4.99 4.99 4.99 5.01 5.01 5.01 5.44 5.00 5.00 5.00 5.00 4.99 5.42 5.36 5.31 5.35 5.35 5.64 5.72 5.33 5.33 5.33 5.33 5.29 5.29 5.57 5.59 5.35 5.75 5.75 5.75 5.37 5.37 5.37 5.37 5.41 5.41 5.41 5.41 5.40 5.40 5.40 5.40 5.39 5.39 5.39 5.39 5.46 5.46 5.46 5.46 5.43 5.43 5.58 5.58 5.54 5.54 5.54 5.54 5.35 5.86 5.49 5.49 4.71 4.71 4.71 4.71
5.03 5.03 5.67 5.03 4.97 4.97 4.97 4.97 4.96 4.96 4.96 4.96 4.98 4.98 4.98 5.41 4.99 4.99 4.99 4.99 5.01 5.01 5.01 5.44 5.80 5.00 5.00 5.00 4.99 4.99 4.99 5.31 5.35 5.35 5.35 5.35 5.33 5.33 5.33 5.33 5.29 5.29 5.29 5.57 5.75 5.75 5.75 5.35 5.37 5.37 5.37 5.37 5.41 5.41 5.41 5.41 5.40 5.40 5.40 5.40 5.39 5.39 5.39 5.39 5.46 5.46 5.46 5.46 5.43 5.43 5.95 5.58 5.54 5.54 5.54 5.54 5.49 5.49 5.49 5.49 4.71 4.71 4.71 4.71
5.03 5.67 5.03 5.03 4.97 4.97 4.97 4.97 4.96 4.96 4.96 4.96 4.98 4.98 5.41 4.98 4.99 4.99 4.99 4.99 5.01 5.01 5.01 5.44 5.00 5.00 5.00 5.43 4.99 4.99 4.99 4.99 5.35 5.35 5.35 5.35 5.33 5.33 5.33 5.74 5.68 6.06 5.68 5.29 5.35 5.35 5.35 5.35 5.37 5.37 5.37 5.37 5.41 5.41 5.41 5.41 5.40 5.40 5.40 5.40 5.39 5.39 5.39 5.39 5.46 5.46 5.46 5.46 5.43 5.43 5.58 5.58 5.54 5.54 5.54 5.54 5.49 5.49 5.49 5.49 4.71 4.71 4.71 4.71
5.67 5.03 5.44 5.03 4.97 4.97 4.97 4.97 4.96 4.96 4.96 4.96 4.98 4.98 4.98 4.98 4.99 4.99 4.99 5.42 5.01 5.01 5.01 5.01 5.00 5.00 5.00 5.43 4.99 4.99 5.19 4.99 5.35 5.35 5.35 5.35 5.90 5.62 5.72 5.72 5.68 5.29 5.29 5.29 5.35 5.35 5.35 5.35 5.37 5.37 5.37 5.37 5.41 5.41 5.41 5.41 5.40 5.40 5.40 5.40 5.39 5.39 5.39 5.39 5.46 5.46 5.46 5.46 5.43 5.43 5.58 5.58 6.11 5.54 6.11 6.11 5.49 5.49 5.49 5.49 4.71 4.71 4.71 4.71
4.90 4.90 4.90 4.90 4.95 4.95 4.95 5.37 4.98 4.98 4.98 4.98 5.01 5.01 5.43 5.01 5.02 5.02 5.02 5.45 5.43 5.00 5.00 5.43 4.99 4.99 4.99 4.99 5.42 4.99 5.39 5.63 5.76 5.76 5.36 5.36 5.39 5.39 5.70 5.78 5.46 5.46 5.46 5.46 5.52 5.52 5.52 5.52 5.51 5.51 5.51 5.51 5.52 5.52 5.52 5.52 5.50 5.50 5.50 5.50 5.48 5.48 5.48 5.48 5.59 5.59 5.59 5.59 5.53 4.90 4.90 4.90 5.59 5.59 6.17 5.59 5.60 5.60 5.60 5.60 4.88 4.88 4.88 4.88
4.90 4.90 5.67 4.90 4.95 4.95 4.95 4.95 5.41 4.98 5.41 5.41 5.01 5.01 5.01 5.01 5.02 5.02 5.02 5.02 5.00 5.00 5.00 5.00 4.99 4.99 4.99 4.99 4.99 4.99 4.99 4.99 5.92 5.76 5.76 5.76 5.78 5.78 5.78 5.38 5.46 5.46 5.46 5.46 5.52 5.52 5.52 5.52 5.51 5.51 5.51 5.51 5.52 5.52 5.52 5.52 5.50 5.50 5.50 5.93 5.48 5.48 5.48 5.48 5.59 5.59 5.59 5.59 5.53 4.90 4.90 4.90 5.59 5.59 5.59 5.59 5.60 5.60 5.60 5.60 4.88 4.88 4.88 4.88
4.90 4.90 4.90 4.90 4.95 4.95 4.95 4.95 4.98 4.98 4.98 4.98 5.01 5.01 5.01 5.01 5.02 5.02 5.02 5.02 5.00 5.00 5.00 5.00 4.99 4.99 4.99 4.99 4.99 4.99 4.99 4.99 5.02 5.36 5.36 5.76 5.78 5.78 5.38 5.38 5.46 5.46 5.46 5.46 5.52 5.52 5.52 5.52 5.51 5.51 5.51 5.51 5.52 5.69 6.13 5.96 5.93 5.93 5.93 5.93 5.91 5.91 5.91 5.91 5.97 5.59 5.59 5.59 5.53 4.90 4.90 4.90 5.59 5.59 5.59 5.59 5.60 5.60 5.60 5.60 4.88 4.88 4.88 4.88
4.90 4.90 4.90 4.90 4.95 4.95 4.95 4.95 4.98 4.98 4.98 4.98 5.01 5.01 5.01 5.01 5.02 5.02 5.02 5.02 5.00 5.00 5.00 5.00 4.99 4.99 4.99 4.99 4.99 4.99 4.99 4.99 5.02 5.36 5.36 5.36 5.38 5.38 5.38 5.38 5.46 5.46 5.46 5.46 5.52 5.52 5.52 5.52 5.51 5.51 5.51 5.94 5.96 5.52 5.52 5.70 5.52 5.93 5.93 5.93 5.91 5.91 5.91 5.91 5.97 5.97 5.59 5.59 5.53 4.90 4.90 4.90 5.59 5.59 5.59 5.59 5.60 5.60 5.60 5.60 4.88 4.88 4.88 4.88
5.06 5.06 5.06 5.06 5.10 5.10 5.10 5.10 5.10 5.10 5.10 5.10 5.12 5.12 5.12 5.12 5.11 5.11 5.11 5.11 5.10 5.10 5.10 5.10 5.08 5.08 5.08 5.08 5.08 5.08 5.08 5.08 5.13 5.13 5.49 5.49 5.47 5.47 5.47 5.47 5.54 5.54 5.54 5.54 5.59 5.59 5.59 5.59 5.54 5.70 5.54 5.98 5.99 6.41 6.24 5.52 5.70 5.97 6.33 5.97 5.96 5.96 5.96 5.96 6.02 6.02 6.02 5.64 4.94 4.94 4.94 4.94 4.90 4.90 4.90 4.90 4.93 4.93 4.93 4.93 4.93 4.93 4.93 4.93
5.06 5.06 5.06 5.06 5.10 5.10 5.10 5.10 5.10 5.10 5.10 5.10 5.12 5.12 5.12 5.12 5.11 5.11 5.11 5.11 5.10 5.10 5.10 5.10 5.08 5.08 5.08 5.08 5.08 5.08 5.08 5.08 5.13 5.13 5.49 5.49 5.47 5.47 5.47 5.47 5.54 5.54 5.54 5.54 5.59 5.59 5.95 5.59 5.54 5.54 5.52 6.05 5.70 6.95 11.28 7.49 6.69 7.05 7.77 7.41 7.85 6.77 5.96 5.70 6.02 6.02 6.02 5.64 4.94 4.94 4.94 4.94 4.90 4.90 4.90 4.90 4.93 4.93 4.93 4.93 4.93 4.93 4.93 4.93
5.06 5.06 5.06 5.06 5.10 5.10 5.10 5.10 5.10 5.10 5.10 5.10 5.12 5.12 5.12 5.12 5.11 5.11 5.11 5.11 5.10 5.10 5.10 5.10 5.08 5.08 5.08 5.08 5.08 5.08 5.08 5.08 5.13 5.13 5.49 5.49 5.47 5.47 5.47 5.47 5.54 5.54 5.54 5.54 5.59 6.31 5.92 6.22 5.54 5.98 5.70 6.41 6.77 6.69 8.32 4.45 4.09 7.24 7.60 4.81 4.45 4.45 7.41 6.77 6.74 6.38 6.02 6.02 5.78 4.94 4.94 4.94 4.90 4.90 4.90 4.90 4.93 4.93 4.93 4.93 4.93 4.93 4.74 4.74
5.06 5.06 5.06 5.06 5.10 5.10 5.10 5.10 5.10 5.10 5.10 5.10 5.12 5.12 5.12 5.90 5.90 5.90 5.11 5.11 5.10 5.10 5.10 5.10 5.08 5.08 5.08 5.08 5.08 5.08 5.08 5.08 5.13 5.13 5.13 5.49 5.47 5.47 5.47 5.47 5.54 5.54 5.54 5.54 5.59 6.12 5.58 5.77 6.05 7.13 6.69 7.05 9.85 9.13 6.16 0.00 9.49 0.00 0.00 0.00 5.81 6.88 6.88 3.37 7.94 7.58 6.38 6.02 5.78 5.78 4.94 4.94 4.90 4.90 4.90 4.90 4.93 4.93 4.93 4.93 5.83 5.83 4.74 4.80
5.18 5.97 5.98 5.98 5.18 5.18 5.18 5.97 5.17 5.17 5.17 5.55 5.18 5.18 5.62 5.98 5.96 5.96 5.96 5.16 5.14 5.14 5.14 5.14 5.13 5.13 5.13 5.13 5.13 5.13 5.13 5.13 5.19 5.19 5.19 5.51 5.52 5.52 5.52 5.81 5.55 5.55 6.18 5.89 5.75 5.60 6.03 5.32 5.62 10.20 6.16 0.00 0.00 0.00 0.00 0.00 0.00 0.00 0.00 0.00 0.00 0.00 0.00 0.00 6.68 6.68 6.86 6.80 5.80 5.80 4.96 4.96 4.95 4.95 4.95 4.95 4.97 5.41 5.41 5.41 5.85 5.00 6.57 5.36
6.33 6.33 5.97 5.98 5.97 5.97 5.98 5.97 5.97 6.11 5.98 5.98 5.55 5.55 5.98 5.98 5.96 5.96 5.96 5.16 5.14 5.14 5.14 5.14 5.13 5.13 5.13 5.13 5.13 5.13 5.13 5.13 5.19 5.19 5.19 5.19 5.52 5.52 5.67 5.67 9.43 6.04 6.97 6.31 5.60 5.78 5.78 8.83 3.51 0.00 0.00 0.00 0.00 0.00 0.00 0.00 0.00 0.00 0.00 0.00 0.00 0.00 0.00 0.00 0.00 0.00 5.61 5.73 2.22 6.72 6.01 4.96 5.03 5.41 4.95 4.95 4.97 5.41 5.41 5.41 5.85 4.78 5.14 5.14
5.94 6.26 6.26 6.26 5.94 5.90 6.26 6.62 6.62 6.62 6.98 5.50 6.26 5.90 6.26 5.90 5.55 5.67 5.67 5.67 4.90 4.90 4.90 5.64 5.63 5.63 5.63 4.89 5.14 4.89 4.89 5.63 5.66 5.66 5.66 5.92 6.00 6.54 6.90 6.18 10.89 6.48 7.55 6.34 7.38 9.10 9.10 0.00 0.00 0.00 0.00 0.00 0.00 0.00 0.00 0.00 0.00 0.00 0.00 0.00 0.00 0.00 0.00 0.00 0.00 0.00 0.00 0.00 0.00 6.40 5.68 5.32 7.03 6.56 5.88 5.20 5.20 5.78 5.87 5.51 7.36 3.31 7.21 4.03
6.26 6.26 5.86 5.86 6.65 6.30 6.62 6.48 5.86 6.22 4.30 5.02 8.37 7.34 5.86 5.90 5.91 5.67 6.03 5.91 6.51 6.00 6.36 5.83 5.91 5.63 5.55 5.55 9.78 5.16 5.55 5.55 5.66 6.01 5.66 6.01 6.31 6.48 6.66 5.76 10.18 2.39 3.83 5.26 7.34 0.00 0.00 0.00 0.00 0.00 0.00 0.00 0.00 0.00 0.00 0.00 0.00 0.00 0.00 0.00 0.00 0.00 0.00 0.00 0.00 0.00 0.00 0.00 0.00 0.00 0.00 0.00 0.00 10.14 9.79 6.22 5.92 6.63 6.27 2.53 9.65 0.00 6.46 7.54
9.73 6.93 2.87 5.86 6.26 6.62 6.62 6.36 5.14 5.86 10.09 7.82 11.16 11.31 10.09 9.99 8.67 8.31 8.31 5.92 9.75 9.61 10.13 6.62 6.18 6.98 6.27 9.06 5.20 9.03 5.55 5.91 6.66 6.14 6.75 1.88 1.52 1.68 9.10 9.10 9.10 5.55 6.26 5.55 0.00 0.00 0.00 0.00 0.00 0.00 0.00 0.00 0.00 0.00 0.00 0.00 0.00 0.00 0.00 0.00 0.00 0.00 0.00 0.00 0.00 0.00 0.00 0.00 0.00 0.00 0.00 0.00 0.00 0.00 0.00 0.00 4.59 6.04 9.07 7.67 0.00 0.00 0.00 7.82
8.65 6.22 3.23 2.51 6.62 9.37 10.09 9.01 4.95 8.65 9.01 4.47 4.82 5.54 6.38 5.86 5.52 5.16 1.69 5.56 5.46 6.77 8.31 8.31 8.67 9.75 9.03 7.96 8.67 9.03 8.31 8.67 9.29 2.60 2.60 5.39 5.03 5.19 5.19 2.04 2.04 2.04 2.04 0.00 0.00 0.00 0.00 0.00 0.00 0.00 0.00 0.00 0.00 0.00 0.00 0.00 0.00 0.00 0.00 0.00 0.00 0.00 0.00 0.00 0.00 0.00 0.00 0.00 0.00 0.00 0.00 0.00 0.00 0.00 0.00 0.00 0.00 0.00 0.00 0.00 0.00 0.00 0.00 0.00
9.01 9.63 5.86 7.46 9.37 9.01 8.65 4.95 6.70 6.70 6.70 4.47 0.96 0.00 0.00 0.00 0.00 3.87 4.38 0.00 0.00 0.00 0.00 3.51 4.74 5.20 5.20 4.84 5.10 5.92 5.92 5.20 5.75 5.39 5.03 1.88 1.88 1.68 2.04 2.40 2.04 1.68 0.00 0.00 0.00 0.00 0.00 0.00 0.00 0.00 0.00 0.00 0.00 0.00 0.00 0.00 0.00 0.00 0.00 0.00 0.00 0.00 0.00 0.00 0.00 0.00 0.00 0.00 0.00 0.00 0.00 0.00 0.00 0.00 0.00 0.00 0.00 0.00 0.00 0.00 0.00 0.00 0.00 0.00
5.14 5.30 9.37 10.09 7.05 7.05 5.64 0.96 3.18 3.18 3.18 4.47 0.00 0.00 0.00 0.00 0.00 0.00 0.00 0.00 0.00 0.00 0.00 0.00 0.00 0.00 0.00 0.87 1.23 1.23 1.95 2.31 1.79 1.43 1.07 1.43 1.43 1.07 0.36 2.04 1.69 1.33 0.00 0.00 0.00 0.00 0.00 0.00 0.00 0.00 0.00 0.00 0.00 0.00 0.00 0.00 0.00 0.00 0.00 0.00 0.00 0.00 0.00 0.00 0.00 0.00 0.00 0.00 0.00 0.00 0.00 0.00 0.00 0.00 0.00 0.00 0.00 0.00 0.00 0.00 0.00 0.00 0.00 0.00
8.65 4.95 4.95 4.82 4.82 3.18 3.18 3.18 3.18 3.18 3.18 4.95 0.00 0.00 0.00 0.00 0.00 0.00 0.00 0.00 0.00 0.00 0.00 0.00 0.00 0.00 0.00 0.00 0.00 0.00 1.23 1.59 0.00 0.00 0.00 0.00 0.00 0.00 0.00 0.00 0.00 0.00 0.00 0.00 0.00 0.00 0.00 0.00 0.00 0.00 0.00 0.00 0.00 0.00 0.00 0.00 0.00 0.00 0.00 0.00 0.00 0.00 0.00 0.00 0.00 0.00 0.00 0.00 0.00 0.00 0.00 0.00 0.00 0.00 0.00 0.00 0.00 0.00 0.00 0.00 0.00 0.00 0.00 0.00
5.76 9.51 3.54 4.82 3.90 2.03 4.26 3.18 3.18 0.00 0.00 0.00 0.00 0.00 0.00 0.00 0.00 0.00 0.00 0.00 0.00 0.00 0.00 0.00 0.00 0.00 0.00 0.00 0.00 0.00 0.00 0.00 0.00 0.00 0.00 0.00 0.00 0.00 0.00 0.00 0.00 0.00 0.00 0.00 0.00 0.00 0.00 0.00 0.00 0.00 0.00 0.00 0.00 0.00 0.00 0.00 0.00 0.00 0.00 0.00 0.00 0.00 0.00 0.00 0.00 0.00 0.00 0.00 0.00 0.00 0.00 0.00 0.00 0.00 0.00 0.00 0.00 0.00 0.00 0.00 0.00 0.00 0.00 0.00
5.14 9.51 5.14 4.47 7.41 2.39 1.67 1.31 1.12 3.72 0.96 4.47 0.00 0.00 0.00 0.00 0.00 0.00 0.00 0.00 0.00 0.00 0.00 0.00 0.00 0.00 0.00 0.00 0.00 0.00 0.00 0.00 0.00 0.00 0.00 0.00 0.00 0.00 0.00 0.00 0.00 0.00 0.00 0.00 0.00 0.00 0.00 0.00 0.00 0.00 0.00 0.00 0.00 0.00 0.00 0.00 0.00 0.00 0.00 0.00 0.00 0.00 0.00 0.00 0.00 0.00 0.00 0.00 0.00 0.00 0.00 0.00 0.00 0.00 0.00 0.00 0.00 0.00 0.00 0.00 0.00 0.00 0.00 0.00
9.26 5.76 4.78 8.29 4.82 5.18 1.31 0.96 0.96 3.18 3.18 4.82 0.00 0.00 0.00 0.00 0.00 0.00 0.00 0.00 0.00 0.00 0.00 0.00 0.00 0.00 0.00 0.00 0.00 0.00 0.00 0.00 0.00 0.00 0.00 0.00 0.00 0.00 0.00 0.00 0.00 0.00 0.00 0.00 0.00 0.00 0.00 0.00 0.00 0.00 0.00 0.00 0.00 0.00 0.00 0.00 0.00 0.00 0.00 0.00 0.00 0.00 0.00 0.00 0.00 0.00 0.00 0.00 0.00 0.00 0.00 0.00 0.00 0.00 0.00 0.00 0.00 0.00 0.00 0.00 0.00 0.00 0.00 0.00
9.32 5.68 5.30 6.38 3.23 5.66 4.95 5.18 5.18 4.91 4.82 4.82 0.00 0.00 0.00 0.00 0.00 0.00 0.00 0.00 0.00 0.00 0.00 0.00 0.00 0.00 0.00 0.00 0.00 0.00 0.00 0.00 0.00 0.00 0.00 0.00 0.00 0.00 0.00 0.00 0.00 0.00 0.00 0.00 0.00 0.00 0.00 0.00 0.00 0.00 0.00 0.00 0.00 0.00 0.00 0.00 0.00 0.00 0.00 0.00 0.00 0.00 0.00 0.00 0.00 0.00 0.00 0.00 0.00 0.00 0.00 0.00 0.00 0.00 0.00 0.00 0.00 0.00 0.00 0.00 0.00 0.00 0.00 0.00
6.42 6.69 8.65 2.87 5.86 9.84 9.05 9.77 9.01 8.65 6.38 5.18 4.47 4.47 4.82 9.01 5.20 5.20 5.02 6.41 0.00 0.00 0.00 0.00 0.00 0.00 0.00 0.00 0.00 0.00 0.00 0.00 0.00 0.00 0.00 0.00 0.00 0.00 0.00 0.00 0.00 0.00 0.00 0.00 0.00 0.00 0.00 0.00 0.00 0.00 0.00 0.00 0.00 0.00 0.00 0.00 0.00 0.00 0.00 0.00 0.00 0.00 0.00 0.00 0.00 0.00 0.00 0.00 0.00 0.00 0.00 0.00 0.00 0.00 0.00 0.00 0.00 0.00 0.00 0.00 0.00 0.00 0.00 0.00
7.41 5.71 5.35 6.38 9.34 8.79 5.63 5.17 5.15 5.27 9.77 8.76 8.29 4.95 5.66 9.01 8.31 5.20 5.20 5.29 7.96 6.41 0.00 0.00 0.00 0.00 0.00 0.00 0.00 0.00 0.00 0.00 0.00 0.00 0.00 0.00 0.00 0.00 0.00 0.00 0.00 0.00 0.00 0.00 0.00 0.00 0.00 0.00 0.00 0.00 0.00 0.00 0.00 0.00 0.00 0.00 0.00 0.00 0.00 0.00 0.00 0.00 0.00 0.00 0.00 0.00 0.00 0.00 0.00 0.00 0.00 0.00 0.00 0.00 0.00 0.00 0.00 0.00 0.00 0.00 0.00 0.00 0.00 0.00
3.54 5.71 6.95 9.83 5.90 5.54 5.17 5.17 5.15 5.15 5.47 5.47 5.83 5.76 4.78 9.41 5.50 4.20 5.54 5.54 5.55 8.31 8.31 7.96 0.00 0.00 0.00 0.00 0.00 0.00 0.00 0.00 0.00 0.00 0.00 0.00 0.00 0.00 0.00 0.00 0.00 0.00 0.00 0.00 0.00 0.00 0.00 0.00 0.00 0.00 0.00 0.00 0.00 0.00 0.00 0.00 0.00 0.00 0.00 0.00 0.00 0.00 0.00 0.00 0.00 0.00 0.00 0.00 0.00 0.00 0.00 0.00 0.00 0.00 0.00 0.00 0.00 0.00 0.00 0.00 0.00 0.00 0.00 0.00
5.82 5.16 6.59 5.51 5.54 5.54 5.15 5.15 5.12 5.12 5.12 5.12 5.59 4.78 8.29 10.26 4.92 5.50 5.18 5.86 5.18 5.18 5.52 5.16 7.96 4.38 4.38 0.00 0.00 0.00 0.00 0.00 0.00 0.00 0.00 0.00 0.00 0.00 0.00 0.00 0.00 0.00 0.00 0.00 0.00 0.00 0.00 0.00 0.00 0.00 0.00 0.00 0.00 0.00 0.00 0.00 0.00 0.00 0.00 0.00 0.00 0.00 0.00 0.00 0.00 0.00 0.00 0.00 0.00 0.00 0.00 0.00 0.00 0.00 0.00 0.00 0.00 0.00 0.00 0.00 0.00 0.00 0.00 0.00
5.36 5.98 5.51 5.56 5.31 5.15 5.60 5.15 5.12 5.12 5.12 5.12 5.54 5.64 9.05 8.04 4.56 4.81 5.18 4.89 4.86 5.18 5.90 5.16 5.38 8.31 4.84 4.38 0.00 0.00 0.00 0.00 0.00 0.00 0.00 0.00 0.00 0.00 0.00 0.00 0.00 0.00 0.00 0.00 0.00 0.00 0.00 0.00 0.00 0.00 0.00 0.00 0.00 0.00 0.00 0.00 0.00 0.00 0.00 0.00 0.00 0.00 0.00 0.00 0.00 0.00 0.00 0.00 0.00 0.00 0.00 0.00 0.00 0.00 0.00 0.00 0.00 0.00 0.00 0.00 0.00 0.00 0.00 0.00
5.41 5.79 5.99 5.36 5.41 5.36 5.96 4.86 4.85 4.85 4.85 5.74 5.96 5.39 10.88 4.79 4.60 6.31 5.49 5.27 5.23 5.23 5.68 5.32 5.58 5.23 5.58 4.47 4.47 0.00 0.00 0.00 0.00 0.00 0.00 0.00 0.00 0.00 0.00 0.00 0.00 0.00 0.00 0.00 0.00 0.00 0.00 1.08 4.94 5.29 5.05 3.41 0.00 0.00 0.00 0.00 0.00 0.00 0.00 0.00 0.00 0.00 0.00 0.00 0.00 0.00 0.00 0.00 0.00 0.00 0.00 0.00 0.00 0.00 0.00 0.00 0.00 0.00 0.00 0.00 0.00 0.00 0.00 0.00
6.23 6.07 6.96 5.73 5.36 5.72 4.86 4.86 4.85 4.85 4.85 5.74 5.96 6.32 7.56 5.96 5.68 5.68 5.27 5.27 5.23 5.23 5.23 5.68 6.04 9.19 9.87 8.74 4.97 4.47 4.47 4.47 0.00 0.00 0.00 0.00 0.00 0.00 4.79 1.38 0.92 0.92 1.08 1.08 1.08 1.08 4.59 7.46 8.07 5.24 3.77 1.37 1.37 0.00 0.00 0.00 0.00 0.00 0.00 0.00 0.00 0.00 0.00 0.00 0.00 0.00 0.00 0.00 0.00 0.00 0.00 0.00 0.00 0.00 0.00 0.00 0.00 0.00 0.00 0.00 0.00 0.00 0.00 0.00
5.78 5.36 5.85 5.36 5.72 5.72 5.72 4.86 4.85 4.85 4.85 4.85 4.83 4.83 4.83 5.96 5.20 5.66 5.20 5.20 5.20 5.20 5.20 5.20 5.28 5.28 8.79 9.99 9.60 8.38 0.96 4.64 6.56 4.43 0.00 0.00 0.00 4.43 4.43 4.89 4.89 4.89 4.95 4.59 7.11 7.11 6.67 5.64 8.86 4.53 4.88 3.41 3.41 0.00 0.00 0.00 0.00 0.00 0.00 0.00 0.00 0.00 0.00 0.00 0.00 0.00 0.00 0.00 0.00 0.00 0.00 0.00 0.00 0.00 0.00 0.00 0.00 0.00 0.00 0.00 0.00 0.00 0.00 0.00
6.53 5.78 5.78 5.78 5.72 5.72 5.72 5.72 4.85 4.85 4.85 5.45 4.83 4.83 4.83 4.83 5.20 5.20 5.20 5.20 5.20 5.20 5.20 5.20 5.28 5.28 5.28 9.19 9.51 5.69 4.83 4.47 4.43 4.79 4.79 4.43 4.43 4.43 1.27 6.39 9.90 8.78 8.78 8.70 8.70 8.70 9.06 8.56 4.53 4.53 3.41 0.00 0.00 0.00 0.00 0.00 0.00 0.00 0.00 0.00 0.00 0.00 0.00 0.00 0.00 0.00 0.00 0.00 0.00 0.00 0.00 0.00 0.00 0.00 0.00 0.00 0.00 0.00 0.00 0.00 0.00 0.00 0.00 0.00
5.93 5.71 5.78 5.78 5.72 5.72 5.72 5.72 4.85 4.85 4.85 4.85 4.83 4.83 4.83 4.83 5.20 6.05 5.20 5.20 5.20 5.20 5.20 5.20 5.28 5.28 8.79 9.19 4.97 2.89 6.76 4.47 4.43 4.43 1.27 4.43 0.92 0.92 1.68 10.48 8.58 5.26 9.13 9.06 8.20 5.19 5.19 4.95 4.53 4.89 1.38 0.00 0.00 0.00 0.00 0.00 0.00 0.00 0.00 0.00 0.00 0.00 0.00 0.00 0.00 0.00 0.00 0.00 0.00 0.00 0.00 0.00 0.00 0.00 0.00 0.00 0.00 0.00 0.00 0.00 0.00 0.00 0.00 0.00
4.97 5.43 6.14 5.78 5.72 5.41 5.36 5.72 5.69 4.85 4.85 4.85 4.83 4.83 4.83 4.83 5.20 5.20 5.20 5.20 5.20 5.20 5.20 5.20 5.28 8.79 9.01 1.46 5.69 6.41 2.54 6.05 4.43 4.43 6.56 6.92 1.38 9.83 10.19 5.62 4.90 5.17 8.81 8.09 8.45 3.68 4.78 4.83 4.53 0.00 0.00 0.00 0.00 0.00 0.00 0.00 0.00 0.00 0.00 0.00 0.00 0.00 0.00 0.00 0.00 0.00 0.00 0.00 0.00 0.00 0.00 0.00 0.00 0.00 0.00 0.00 0.00 0.00 0.00 0.00 0.00 0.00 0.00 0.00
