New_Model_Runs/10_Future_Present_Scn3_out/post_prcessed_with_MFR/Monthly_summaries/runoff_monthly_APR.asc
NCOLS 700
NROWS 400
XLLCENTER 515000.000000
YLLCENTER 8409000.000000
CELLSIZE 50.000000
NODATA_value -999.000000
[rows 152 to 189 of 400, columns 252 to 335 of 700]
0.00 0.00 0.00 0.00 0.00 0.00 0.00 0.00 0.00 0.00 0.00 0.00 0.00 0.00 0.00 0.00 0.00 0.00 0.00 0.00 0.00 0.00 0.00 0.00 0.00 0.00 0.00 0.00 0.00 0.00 0.00 0.00 0.00 0.00 0.00 0.00 0.00 0.00 0.00 0.00 0.00 0.00 0.00 0.00 0.00 0.00 0.00 1.92 1.88 3.14 1.88 1.88 1.97 1.97 1.97 1.97 3.25 1.94 1.94 1.94 1.96 1.96 1.96 1.96 2.02 2.02 2.02 2.02 2.22 2.22 2.22 2.22 2.33 2.33 0.94 2.30 1.96 1.96 0.78 0.78 2.98 1.96 0.78 2.69
0.00 0.00 0.00 0.00 0.00 0.00 0.00 0.00 0.00 0.00 0.00 0.00 0.00 0.00 0.00 0.00 0.00 0.00 0.00 0.00 0.00 0.00 0.00 0.00 0.00 0.00 0.00 0.00 0.00 0.00 0.00 0.00 0.00 0.00 0.00 0.00 0.00 0.00 0.00 0.00 0.00 0.00 0.00 0.00 0.00 0.00 4.64 1.92 1.88 1.88 1.88 1.88 1.97 1.97 1.97 1.97 1.94 1.94 1.94 1.94 1.96 1.96 1.96 1.96 2.02 2.02 2.02 2.02 2.22 2.22 0.88 2.22 0.94 0.94 0.78 1.96 1.96 0.92 1.96 1.96 1.96 0.64 1.19 1.19
0.00 0.00 0.00 0.00 0.00 0.00 0.00 0.00 0.00 0.00 0.00 0.00 0.00 0.00 0.00 0.00 0.00 0.00 0.00 0.00 0.00 0.00 0.00 0.00 0.00 0.00 0.00 0.00 0.00 0.00 0.00 0.00 0.00 0.00 0.00 0.00 0.00 0.00 0.00 0.00 0.00 0.00 0.00 0.00 0.00 3.20 1.92 1.92 1.88 1.88 1.88 1.88 1.97 1.97 1.97 1.97 1.94 1.94 1.94 1.94 1.96 1.96 1.96 1.96 2.02 2.02 2.02 2.02 2.22 0.88 0.88 0.64 0.56 1.96 0.78 1.96 1.96 1.96 1.46 0.64 2.30 3.81 1.19 1.19
0.00 0.00 0.00 0.00 0.00 0.00 0.00 0.00 0.00 0.00 0.00 0.00 0.00 0.00 0.00 0.00 0.00 0.00 0.00 0.00 0.00 0.00 0.00 0.00 0.00 0.00 0.00 0.00 0.00 0.00 0.00 0.00 0.00 0.00 0.00 0.00 0.00 0.00 0.00 0.00 0.00 0.00 0.00 0.00 0.00 1.92 1.92 1.92 1.88 1.88 1.88 1.88 1.97 1.97 1.97 1.97 1.94 1.94 1.94 1.94 1.96 1.96 1.96 1.96 2.02 2.02 2.02 2.02 2.22 0.88 0.88 0.88 0.64 1.96 0.78 1.96 1.96 1.96 2.30 1.19 2.34 2.34 1.19 1.19
0.00 0.00 0.00 0.00 0.00 0.00 0.00 0.00 0.00 0.00 0.00 0.00 0.00 0.00 0.00 0.00 0.00 0.00 0.00 0.00 0.00 0.00 0.00 0.00 0.00 0.00 0.00 0.00 0.00 0.00 0.00 0.00 0.00 0.00 0.00 0.00 0.00 0.00 0.00 0.00 0.00 0.00 0.00 0.00 4.69 1.90 1.90 1.90 1.90 1.90 1.90 1.90 2.02 2.02 2.02 2.02 2.01 2.01 2.01 2.01 2.01 2.01 2.01 2.01 2.02 2.02 3.39 2.02 3.68 0.87 0.87 0.87 0.92 0.92 1.96 1.96 1.96 2.33 2.30 1.19 2.32 0.94 1.19 2.32
0.00 0.00 0.00 0.00 0.00 0.00 0.00 0.00 0.00 0.00 0.00 0.00 0.00 0.00 0.00 0.00 0.00 0.00 0.00 0.00 0.00 0.00 0.00 0.00 0.00 0.00 0.00 0.00 0.00 0.00 0.00 0.00 0.00 0.00 0.00 0.00 0.00 0.00 0.00 0.00 0.00 0.00 0.00 0.00 1.45 1.90 1.90 1.90 1.90 1.90 1.90 1.90 2.02 2.02 2.02 2.02 2.01 2.01 2.01 2.01 2.01 2.01 2.01 3.38 2.02 2.02 2.02 2.02 2.22 2.22 0.87 0.92 0.92 0.92 0.49 1.96 1.96 0.92 2.36 2.33 1.19 1.19 2.32 2.32
0.00 0.00 0.00 0.00 0.00 0.00 0.00 0.00 0.00 0.00 0.00 0.00 0.00 0.00 0.00 0.00 0.00 0.00 0.00 0.00 0.00 0.00 0.00 0.00 0.00 0.00 0.00 1.75 0.00 0.00 0.00 0.00 0.00 0.00 0.00 0.00 0.00 0.00 0.00 0.00 0.00 0.00 0.00 0.00 1.90 1.90 1.90 1.90 1.90 1.90 1.90 1.90 2.02 2.02 2.02 2.02 2.01 2.01 2.01 2.01 2.01 2.01 2.01 2.01 2.02 2.02 2.02 2.02 2.22 2.22 0.87 0.64 0.64 0.64 0.49 1.96 1.96 0.92 2.33 2.33 2.32 2.32 2.32 2.32
0.00 0.00 0.00 0.00 0.00 0.00 0.00 0.00 0.00 0.00 0.00 0.00 0.00 0.00 0.00 0.00 0.00 0.00 0.00 0.00 0.00 0.00 0.00 0.00 0.00 0.00 2.91 1.75 0.00 0.00 0.00 0.00 0.00 0.00 0.00 0.00 0.00 0.00 0.00 0.00 0.00 0.00 0.00 0.00 0.00 0.00 1.90 1.90 1.90 1.90 1.90 1.90 2.02 2.02 2.02 2.02 2.01 2.01 2.01 2.01 2.01 4.86 2.01 2.01 2.02 2.02 2.02 2.02 2.22 2.22 0.87 0.64 0.64 0.78 1.96 1.96 1.96 0.67 0.64 2.33 2.32 2.32 2.32 2.32
0.00 0.00 0.00 0.00 0.00 0.00 0.00 0.00 0.00 0.00 0.00 0.00 0.00 0.00 0.00 0.00 0.00 0.00 0.00 0.00 0.00 0.00 0.00 0.00 0.00 1.76 1.76 1.76 1.75 0.00 0.00 0.00 0.00 0.00 0.00 0.00 0.00 0.00 0.00 0.00 0.00 0.00 0.00 0.00 0.00 0.00 0.00 0.00 1.96 1.96 1.96 1.96 2.09 2.09 2.09 2.09 2.08 2.08 2.08 2.08 2.05 2.05 2.05 2.05 2.02 2.02 2.02 2.02 2.20 2.20 0.64 0.64 1.96 0.78 1.96 1.96 0.64 0.86 0.91 2.33 2.23 2.23 2.23 2.23
0.00 0.00 0.00 0.00 0.00 0.00 0.00 0.00 0.00 0.00 0.00 0.00 0.00 0.00 0.00 0.00 0.00 0.00 0.00 0.00 0.00 0.00 0.00 0.00 0.00 1.76 1.76 1.76 1.75 1.75 4.40 0.00 0.00 0.00 0.00 0.00 0.00 0.00 0.00 0.00 0.00 0.00 0.00 0.00 0.00 0.00 0.00 0.00 0.00 0.00 1.72 4.82 3.51 2.09 2.09 2.09 2.08 2.08 2.08 2.08 2.05 2.05 2.05 2.05 0.78 2.02 2.02 2.02 2.20 0.88 0.64 1.96 1.96 1.96 0.78 1.96 0.64 0.64 1.96 0.91 2.23 2.23 2.23 2.23
0.00 0.00 0.00 0.00 0.00 0.00 0.00 0.00 0.00 0.00 0.00 0.00 0.00 0.00 0.00 0.00 0.00 0.00 0.00 0.00 0.00 0.00 0.00 0.00 0.00 2.22 3.82 2.22 2.20 2.20 2.20 0.00 0.00 0.00 0.00 0.00 0.00 0.00 0.00 0.00 0.00 0.00 0.00 0.00 0.00 0.00 0.00 0.00 0.00 0.00 2.21 2.67 2.78 2.78 2.78 2.78 2.76 2.76 2.76 2.76 1.07 2.72 2.72 1.07 1.06 2.69 2.69 2.69 1.59 0.90 0.90 0.90 0.90 0.90 0.90 0.90 0.69 0.69 0.90 1.27 3.08 3.08 3.08 3.08
0.00 0.00 0.00 0.00 0.00 0.00 0.00 0.00 0.00 0.00 0.00 0.00 0.00 0.00 0.00 0.00 0.00 0.00 0.00 0.00 0.00 0.00 0.00 0.00 2.22 2.22 2.22 2.22 2.20 3.76 2.20 2.20 2.21 11.71 2.21 2.21 0.00 0.00 0.00 0.00 0.00 0.00 0.00 0.00 0.00 0.00 0.00 0.00 0.00 0.00 2.21 2.67 2.78 2.78 2.78 2.78 2.76 2.76 2.76 1.09 1.07 2.20 1.07 1.07 2.69 6.01 4.54 2.69 3.04 1.59 0.90 0.90 0.90 0.90 0.90 2.54 2.54 2.54 2.54 1.85 3.08 5.23 3.08 3.08
0.00 0.00 0.00 0.00 0.00 0.00 0.00 0.00 0.00 0.00 0.00 0.00 0.00 0.00 0.00 0.00 0.00 0.00 0.00 0.00 0.00 0.00 5.28 2.32 3.69 2.18 2.18 2.18 2.16 2.16 2.16 1.23 2.21 2.21 2.21 2.21 2.63 12.22 0.00 0.00 0.00 0.00 0.00 0.00 0.00 0.00 0.00 0.00 0.00 0.00 0.00 0.58 2.31 2.31 0.79 0.79 1.13 1.13 1.13 1.13 1.10 1.10 1.10 2.78 2.70 2.70 1.14 2.70 3.00 3.00 1.59 1.28 2.54 2.54 2.95 4.37 2.54 1.26 0.90 1.26 1.28 3.08 3.08 3.08
0.00 0.00 0.00 0.00 0.00 0.00 0.00 0.00 0.00 0.00 0.00 0.00 0.00 0.00 0.00 0.00 0.00 0.00 0.00 0.00 2.32 2.32 2.32 2.32 2.18 2.18 2.18 2.18 2.16 3.64 2.16 3.64 3.49 1.40 3.49 2.21 2.63 2.63 2.63 13.31 0.00 0.00 0.00 0.00 0.00 0.00 0.00 0.00 0.00 0.00 0.00 2.21 2.31 0.61 2.31 2.31 0.79 0.79 1.13 1.13 1.10 1.10 1.10 2.78 2.70 2.70 2.70 2.70 3.00 3.00 3.00 1.28 1.59 1.28 2.95 2.54 3.16 3.10 3.10 3.10 3.06 3.08 3.08 3.08
0.00 0.00 0.00 0.00 0.00 0.00 0.00 0.00 0.00 0.00 0.00 0.00 0.00 0.00 0.00 0.00 3.40 2.08 0.00 13.44 2.32 2.32 2.32 2.32 3.69 3.69 2.18 2.18 3.66 2.16 2.16 3.64 2.21 0.99 2.21 2.21 2.63 1.42 1.08 1.08 2.73 0.00 0.00 0.00 0.00 0.00 0.00 0.00 0.00 0.00 0.00 2.21 2.31 2.31 2.31 2.31 2.31 0.79 1.13 1.13 1.10 1.50 4.69 2.78 2.70 2.70 4.55 2.70 3.00 5.09 3.00 3.00 1.28 1.28 1.59 2.54 5.28 3.10 3.10 3.10 3.08 3.08 3.08 3.08
0.00 0.00 0.00 0.00 0.00 0.00 0.00 0.00 0.00 0.00 0.00 0.00 0.00 0.00 0.00 0.00 2.08 2.08 2.08 2.08 2.32 3.85 3.91 2.32 2.18 2.18 2.18 2.18 2.16 2.16 2.16 2.16 2.21 2.21 2.21 2.21 2.63 2.63 2.63 1.08 2.65 0.00 0.00 0.00 0.00 0.00 0.00 0.00 0.00 0.00 0.00 2.21 2.31 2.31 2.31 0.61 0.79 1.43 1.14 2.83 2.78 2.78 2.78 2.78 2.70 2.70 4.57 2.70 3.00 3.00 3.00 3.00 1.28 1.28 1.59 3.08 3.10 3.10 3.10 3.10 3.08 3.08 5.24 3.08
0.00 0.00 0.00 0.00 0.00 0.00 0.00 0.00 0.00 0.00 0.00 0.00 0.00 3.40 2.08 2.08 2.06 2.06 2.06 2.06 2.21 2.21 2.21 2.21 2.13 2.13 2.13 2.13 3.62 2.16 2.16 2.16 2.31 2.31 2.31 2.31 2.68 2.68 2.68 2.68 2.72 0.00 0.00 0.00 0.00 0.00 0.00 0.00 0.00 0.00 3.84 2.21 3.72 2.31 2.31 0.61 2.31 1.14 2.85 2.85 2.81 2.81 2.81 2.81 2.72 2.72 2.72 2.72 2.96 2.96 2.96 2.96 2.54 1.28 1.28 3.01 3.07 3.07 3.07 3.07 3.07 3.07 3.07 3.07
0.00 0.00 0.00 0.00 0.00 0.00 0.00 0.00 0.00 0.00 0.00 0.00 3.40 2.08 2.08 2.08 2.06 2.06 2.06 2.06 2.21 2.21 2.21 2.21 7.44 4.75 2.13 2.13 2.16 2.16 2.16 2.16 2.31 2.31 2.31 2.31 3.75 1.05 1.05 2.21 12.22 0.00 0.00 0.00 0.00 0.00 0.00 0.00 0.00 4.19 2.72 2.72 1.14 2.31 2.71 2.31 0.79 1.14 1.43 2.85 1.51 1.51 2.81 2.81 2.72 2.72 2.72 2.72 2.96 2.96 2.96 2.96 3.01 3.01 1.28 3.01 3.07 3.07 3.07 3.07 3.07 5.23 3.07 5.26
0.00 0.00 0.00 0.00 0.00 0.00 0.00 0.00 0.00 0.00 0.00 0.00 2.08 2.08 2.08 2.08 2.06 2.06 2.06 2.06 2.21 2.21 2.21 2.21 3.59 2.13 3.59 2.13 2.16 2.16 2.16 2.16 2.31 2.31 2.31 2.31 3.75 1.70 2.21 2.21 2.21 0.00 0.00 0.00 0.00 0.00 0.00 0.00 2.21 2.72 2.72 2.72 1.14 1.43 0.61 2.31 2.31 0.79 0.79 0.79 1.14 2.81 2.81 2.81 2.72 2.72 2.72 2.72 2.96 2.96 2.96 2.96 3.01 3.01 3.01 3.01 3.07 3.07 3.07 3.07 3.07 3.07 3.07 3.07
0.00 0.00 0.00 0.00 0.00 0.00 0.00 0.00 0.00 0.00 0.00 3.40 2.08 2.08 2.08 2.08 2.06 2.06 3.46 2.06 2.21 2.21 2.21 2.21 2.13 2.13 2.13 2.13 2.16 2.16 2.16 2.16 2.31 2.31 3.49 2.31 1.05 0.75 2.58 2.58 2.21 2.21 0.00 0.00 0.00 0.00 0.00 2.21 1.07 2.72 2.72 2.72 2.84 1.43 1.39 2.31 2.31 2.31 2.31 2.31 1.64 1.14 2.81 4.72 2.72 2.72 2.72 7.82 6.65 2.96 2.96 2.96 3.01 3.01 3.01 9.12 3.07 3.07 3.07 3.07 3.07 3.07 3.07 3.07
0.00 0.00 0.00 0.00 0.00 0.00 0.00 0.00 0.00 0.00 2.10 2.10 3.48 2.07 2.07 2.07 2.02 3.39 2.02 2.02 2.14 2.14 2.14 2.14 2.13 2.13 2.13 2.13 2.31 2.31 2.31 2.31 2.48 2.48 2.48 2.48 2.73 0.67 1.45 3.75 2.21 2.21 2.21 4.19 0.00 12.22 2.21 2.21 0.58 2.73 2.73 2.73 2.82 2.82 0.79 0.61 0.79 0.79 1.39 1.15 2.69 1.14 4.78 2.82 2.75 2.75 2.75 4.77 2.93 4.98 2.93 2.93 4.98 2.94 4.98 5.03 3.01 3.01 3.01 3.01 3.00 3.00 3.00 3.00
0.00 0.00 0.00 0.00 0.00 0.00 0.00 0.00 0.00 0.00 2.32 1.57 2.07 2.07 3.48 2.07 2.02 2.02 2.02 2.02 2.14 2.14 2.14 2.14 2.13 2.13 2.13 2.13 2.31 2.31 2.31 2.31 2.48 2.48 2.48 2.48 2.73 1.08 0.67 1.45 2.70 2.21 2.21 2.21 2.21 3.56 2.21 0.66 1.08 1.08 2.73 2.73 2.82 2.82 2.82 1.43 0.70 0.70 1.13 1.13 1.12 2.87 2.82 2.82 2.75 4.65 2.75 2.75 2.93 2.93 2.93 2.93 2.94 2.94 2.94 2.94 3.01 3.01 3.01 3.01 3.00 3.00 3.00 3.00
0.00 0.00 0.00 0.00 0.00 0.00 0.00 0.00 0.00 0.00 0.00 1.57 1.55 2.07 2.07 2.07 2.02 2.02 2.02 2.02 2.14 2.14 2.14 2.14 2.13 2.13 2.13 2.13 2.31 2.31 2.31 2.31 2.48 2.48 2.48 2.48 2.73 2.73 1.08 0.75 2.58 2.21 2.21 2.21 2.58 2.21 0.75 0.75 0.75 0.75 1.36 1.36 2.82 2.82 2.82 2.82 1.14 1.14 1.15 1.13 1.12 2.82 2.82 2.82 2.75 2.75 2.75 2.75 2.93 2.93 2.93 2.93 2.94 2.94 2.94 2.94 3.01 3.01 3.01 3.01 3.00 3.00 3.00 3.00
0.00 0.00 0.00 0.00 0.00 0.00 0.00 0.00 0.00 0.00 0.00 1.57 1.55 1.55 1.55 2.07 2.02 2.02 2.02 2.02 2.14 2.14 2.14 2.14 2.13 2.13 2.13 2.13 2.31 2.31 2.31 2.31 2.48 2.48 2.48 2.48 2.73 2.73 1.08 0.75 1.36 0.91 2.21 2.58 1.36 1.36 0.89 0.75 0.75 0.75 0.75 1.36 2.82 2.82 2.82 2.82 2.83 1.14 0.70 0.79 1.12 1.62 2.82 2.82 2.75 2.75 2.75 4.77 2.93 2.93 2.93 2.93 2.94 2.94 2.94 2.94 3.01 3.01 3.01 3.01 3.00 3.00 3.00 3.00
0.00 0.00 0.00 0.00 0.00 0.00 0.00 0.00 0.00 0.00 0.00 1.57 1.54 1.54 1.54 1.54 1.99 1.99 1.99 1.99 3.58 2.13 2.13 2.13 2.20 2.20 0.87 0.87 0.95 0.95 2.48 2.48 2.52 2.52 1.56 0.98 1.09 1.09 1.09 1.36 1.36 2.21 2.21 2.58 1.36 1.36 1.36 1.10 1.08 0.75 1.09 1.08 2.80 2.80 2.80 2.80 2.78 2.78 1.10 1.10 0.70 1.11 1.11 2.79 2.73 2.73 2.73 2.73 2.89 2.89 2.89 2.89 2.89 2.89 2.89 2.89 2.97 2.97 2.97 2.97 2.98 2.98 2.98 2.98
0.00 0.00 0.00 0.00 0.00 0.00 0.00 0.00 0.00 0.00 0.00 1.57 1.54 1.54 1.54 1.54 1.48 3.33 1.99 1.99 4.10 2.13 2.13 2.13 2.20 0.87 0.87 0.87 0.95 0.95 2.48 2.48 2.52 0.98 1.56 0.98 1.70 1.09 0.75 0.75 1.98 0.75 2.21 2.58 1.08 1.36 1.36 2.74 2.73 2.73 1.08 2.73 2.80 2.80 2.80 2.80 2.78 2.78 2.78 2.78 2.79 2.79 2.79 2.79 2.73 2.73 2.73 2.73 2.89 2.89 2.89 2.89 2.89 2.89 2.89 2.89 2.97 2.97 2.97 5.53 2.98 2.98 2.98 2.98
0.00 0.00 0.00 0.00 2.16 0.00 0.00 0.00 0.00 0.00 5.42 2.14 2.11 2.11 2.11 2.11 2.02 2.02 2.02 2.79 2.92 2.92 2.92 2.92 3.02 1.22 1.22 1.22 1.30 1.90 1.30 1.30 1.32 1.32 1.32 0.84 1.42 1.42 0.99 3.44 0.99 0.99 0.99 2.76 1.64 1.75 3.41 3.41 3.38 3.38 3.38 3.38 3.52 3.52 6.04 3.52 3.49 3.49 3.49 3.49 3.50 3.50 3.50 3.50 5.88 3.43 3.43 3.43 6.13 3.57 3.57 3.57 3.57 3.57 3.57 3.57 3.66 3.66 3.66 3.66 3.67 3.67 3.67 3.67
0.00 0.00 0.00 1.87 2.16 2.16 0.00 0.00 0.00 5.42 2.14 2.14 2.11 2.11 2.11 2.11 2.02 2.02 2.02 2.02 2.92 2.92 2.92 2.92 3.02 1.22 1.22 1.22 1.30 1.30 1.30 1.90 1.32 1.32 1.32 3.22 3.42 1.42 0.99 1.42 0.99 0.99 0.99 0.99 0.99 0.99 3.41 3.41 3.38 3.38 3.38 3.38 3.52 3.52 6.00 3.52 3.49 3.49 3.49 5.90 3.50 3.50 3.50 3.50 3.43 3.43 3.43 3.43 3.57 3.57 3.57 3.57 3.57 1.01 3.57 3.57 3.66 3.66 3.66 3.66 3.67 3.67 3.67 3.67
1.87 4.90 1.87 1.87 2.15 2.15 4.11 4.11 2.16 2.16 0.96 2.16 2.13 2.13 2.13 2.13 2.06 3.13 2.06 2.06 2.17 2.17 2.97 2.97 3.05 1.24 1.24 1.24 1.30 1.90 1.30 1.30 1.33 1.33 3.24 3.24 3.43 0.99 0.99 2.76 0.99 1.61 0.99 0.99 0.99 0.99 3.41 5.81 3.37 5.76 5.76 3.37 3.47 3.47 3.47 3.47 3.36 3.36 3.36 3.36 3.32 3.32 3.32 3.32 5.60 3.28 3.28 5.78 6.06 3.53 0.99 0.99 1.02 1.02 3.59 3.59 3.63 3.63 3.63 3.63 3.66 6.29 3.66 3.66
1.87 1.87 1.87 2.96 2.15 2.15 2.15 2.15 2.16 4.13 2.16 2.16 2.13 2.13 2.13 2.13 2.06 2.06 2.06 2.06 2.17 2.17 2.17 2.97 3.05 3.05 1.24 1.24 1.30 1.30 1.30 1.30 3.24 3.24 3.24 3.24 0.99 0.99 0.99 1.38 0.99 0.99 1.52 0.99 1.38 0.99 3.41 3.41 3.37 3.37 3.37 3.37 3.47 3.47 5.94 7.83 5.75 3.36 3.36 3.36 3.32 3.32 3.32 3.32 3.28 3.28 3.28 3.28 3.53 3.53 0.99 3.53 1.02 2.72 3.59 3.59 3.63 3.63 3.63 1.03 3.66 3.66 3.66 2.72
1.87 1.87 2.81 1.87 2.15 2.15 2.15 2.15 2.16 2.16 4.13 2.16 2.13 2.13 2.13 2.13 2.06 2.06 2.06 2.06 2.17 2.17 2.17 2.17 2.24 3.05 1.24 1.24 3.17 3.17 3.17 3.17 3.24 3.24 3.24 1.33 0.99 0.99 0.99 2.76 2.76 1.75 1.75 1.41 0.99 0.99 1.41 3.41 3.37 3.37 3.37 3.37 3.47 3.47 3.47 3.47 3.36 3.36 3.36 3.36 3.32 3.32 3.32 3.32 3.28 3.28 3.28 5.60 3.53 3.53 3.53 3.53 3.59 3.59 3.59 3.59 3.63 3.63 3.63 1.03 3.66 3.66 2.72 4.39
1.87 1.87 1.87 1.87 2.15 2.15 2.15 2.15 2.16 2.16 2.16 2.16 2.13 2.13 2.13 2.13 2.06 2.06 2.06 2.06 2.17 2.17 2.17 2.17 2.24 2.24 3.05 3.05 3.17 3.17 3.17 3.17 3.24 3.24 3.24 1.33 3.43 3.43 2.99 1.19 2.76 3.44 3.44 1.41 1.75 0.99 0.99 3.41 3.37 3.37 3.37 3.37 5.84 3.47 3.47 3.47 3.36 3.36 3.36 3.36 3.32 3.32 3.32 3.32 3.28 3.28 3.28 3.28 3.53 3.53 3.53 3.53 3.59 3.59 3.59 3.59 3.63 3.63 2.72 2.72 3.66 3.66 2.72 2.72
1.85 1.85 2.79 1.85 2.14 2.14 2.14 2.14 2.14 2.14 2.14 2.14 2.13 3.25 2.13 2.13 2.09 2.09 2.09 2.09 2.21 2.21 2.21 2.21 2.21 2.21 2.21 2.21 3.15 3.15 3.15 3.15 3.23 3.23 1.33 2.65 5.86 3.42 3.48 4.02 0.77 5.88 3.43 1.75 1.75 2.06 0.99 1.42 2.01 1.36 3.30 3.30 3.31 3.31 3.31 3.31 3.22 3.22 3.22 3.22 3.24 3.24 3.24 3.24 3.27 3.27 3.27 3.27 3.63 3.63 3.63 3.63 3.67 3.67 3.67 3.67 6.24 3.63 1.03 1.03 2.72 2.72 2.72 2.72
1.85 1.85 1.85 1.85 2.14 3.26 2.14 2.14 2.14 2.14 2.14 2.14 2.13 2.13 2.13 3.23 2.09 2.09 2.09 2.09 2.21 2.21 2.21 2.21 2.21 2.21 2.21 2.21 2.32 3.15 3.15 3.15 3.23 1.33 1.33 3.23 3.42 3.42 3.42 1.19 0.88 1.43 3.43 1.41 1.41 1.41 1.41 1.42 1.36 3.30 3.30 3.30 3.31 3.31 3.31 3.31 3.22 3.22 3.22 3.22 3.24 3.24 3.24 3.24 3.27 3.27 3.27 3.27 3.63 3.63 3.63 3.63 3.67 3.67 3.67 3.67 3.63 6.25 3.63 3.63 2.72 2.72 2.72 2.72
1.85 1.85 1.85 1.85 2.14 2.14 2.14 2.14 2.14 2.14 2.14 2.14 2.13 2.13 2.13 2.13 2.09 2.09 2.09 2.09 2.21 2.21 2.21 4.22 2.21 2.21 2.21 2.21 2.32 2.32 3.15 3.15 5.46 1.33 1.33 10.16 5.86 3.42 1.43 1.53 1.38 0.99 4.50 1.41 3.41 5.84 3.41 3.41 3.30 3.30 3.30 3.30 3.31 3.31 3.31 6.37 3.22 3.22 3.22 3.22 3.24 3.24 3.24 3.24 3.27 3.27 3.27 3.27 3.63 3.63 3.63 3.63 3.67 3.67 3.67 3.67 3.63 3.63 3.63 3.63 2.72 2.72 2.72 2.72
1.85 1.85 1.85 1.85 2.14 5.50 2.14 2.14 2.14 2.14 2.14 2.14 2.13 2.13 2.13 2.13 2.09 2.09 2.09 2.09 2.21 2.21 2.21 2.21 2.21 2.21 2.21 2.21 2.32 2.32 2.32 4.41 3.23 1.33 3.23 5.61 3.42 3.42 1.43 0.99 0.99 0.99 1.43 5.87 3.41 3.41 3.41 3.41 3.30 3.30 5.64 3.30 5.00 0.91 0.91 1.81 3.22 3.22 3.22 3.22 3.24 3.24 3.24 3.24 3.27 3.27 3.27 3.27 3.63 3.63 3.63 3.63 3.67 6.32 3.67 3.67 3.63 3.63 3.63 3.63 2.72 2.72 2.72 2.72
1.82 1.82 1.82 2.73 2.11 2.11 3.22 2.11 2.09 2.09 2.09 4.72 2.05 2.05 2.05 2.05 2.02 2.02 2.02 2.02 2.18 2.18 2.18 2.18 2.20 2.20 2.20 2.20 2.27 7.56 2.27 2.27 2.33 3.16 5.39 3.16 3.36 3.36 5.75 3.36 3.38 1.40 1.40 3.38 5.67 3.31 3.31 5.67 3.16 3.16 3.16 3.16 0.88 1.21 2.51 0.88 0.89 3.26 3.26 3.26 3.35 3.35 3.35 3.35 3.40 3.40 3.40 3.40 3.71 3.71 3.71 3.71 3.70 3.70 3.70 3.70 3.68 3.68 3.68 3.68 2.72 2.72 2.72 2.72
1.82 1.82 1.82 1.82 2.11 3.22 2.11 2.11 2.09 2.09 2.09 2.09 3.11 2.05 2.05 2.05 2.02 2.02 3.06 2.02 2.18 2.18 2.18 2.18 2.20 2.20 2.20 2.20 4.31 2.27 2.27 2.27 2.33 2.33 2.33 3.16 3.36 3.36 3.36 3.36 3.38 3.38 3.38 3.38 3.31 3.31 3.31 3.31 3.16 3.16 3.16 3.16 0.88 0.88 0.88 0.88 3.26 3.26 3.26 3.26 3.35 3.35 3.35 3.35 3.40 3.40 3.40 3.40 3.71 3.71 3.71 3.71 3.70 6.38 3.70 3.70 3.68 3.68 3.68 3.68 3.63 2.72 2.72 2.72
