New_Model_Runs/10_Future_Present_Scn3_out/post_prcessed_with_MFR/Monthly_summaries/runoff_monthly_JUL.asc
NCOLS 700
NROWS 400
XLLCENTER 515000.000000
YLLCENTER 8409000.000000
CELLSIZE 50.000000
NODATA_value -999.000000
[rows 76 to 113 of 400, columns 420 to 503 of 700]
0.00 0.00 0.00 0.00 0.00 0.00 0.00 0.00 0.00 0.00 0.00 0.00 0.00 0.00 0.00 0.00 0.00 0.00 0.00 0.00 0.00 0.00 0.00 0.00 0.00 0.00 0.00 0.00 0.00 0.00 0.00 0.00 0.00 0.00 0.00 0.00 0.00 0.00 0.00 0.00 0.00 0.00 0.00 0.00 0.00 0.00 0.00 0.00 0.00 0.00 0.00 0.00 0.00 0.00 0.00 0.00 0.00 0.00 0.00 0.00 0.00 0.00 0.00 0.00 0.00 0.00 0.00 0.00 0.00 0.00 0.00 0.00 0.00 0.00 0.00 0.00 0.00 0.00 0.00 0.00 0.00 0.00 0.00 0.00
0.00 0.00 0.00 0.00 0.00 0.00 0.00 0.00 0.00 0.00 0.00 0.00 0.00 0.00 0.00 0.00 0.00 0.00 0.00 0.00 0.00 0.00 0.00 0.00 0.00 0.00 0.00 0.00 0.00 0.00 0.00 0.00 0.00 0.00 0.00 0.00 0.00 0.00 0.00 0.00 0.00 0.00 0.00 0.00 0.00 0.00 0.00 0.00 0.00 0.00 0.00 0.00 0.00 0.00 0.00 0.00 0.00 0.00 0.00 0.00 0.00 0.00 0.00 0.00 0.00 0.00 0.00 0.00 0.00 0.00 0.00 0.00 0.00 0.00 0.00 0.00 0.00 0.00 0.00 0.00 0.00 0.00 0.00 0.00
0.00 0.00 0.00 0.00 0.00 0.00 0.00 0.00 0.00 0.00 0.00 2.11 0.00 0.00 0.00 0.00 0.00 0.00 0.00 0.00 0.00 0.00 0.00 0.00 0.00 0.00 0.00 0.00 0.00 0.00 0.00 0.00 0.00 0.00 0.00 0.00 0.00 0.00 0.00 0.00 0.00 0.00 0.00 0.00 0.00 0.00 0.00 0.00 0.00 0.00 0.00 0.00 0.00 0.00 0.00 0.00 0.00 0.00 0.00 0.00 0.00 0.00 0.00 0.00 0.00 0.00 0.00 0.00 0.00 0.00 0.00 0.00 0.00 0.00 0.00 0.00 0.00 0.00 0.00 0.00 0.00 0.00 0.00 0.00
0.00 0.00 0.00 0.00 0.00 0.00 0.00 0.00 0.00 0.00 0.00 0.84 0.00 0.00 0.00 0.00 0.00 0.00 0.00 0.00 0.00 0.00 0.00 0.00 0.00 0.00 0.00 0.00 0.00 0.00 0.00 0.00 0.00 0.00 0.00 0.00 0.00 0.00 0.00 0.00 0.00 0.00 0.00 0.00 0.00 0.00 0.00 0.00 0.00 0.00 0.00 0.00 0.00 0.00 0.00 0.00 0.00 0.00 0.00 0.00 0.00 0.00 0.00 0.00 0.00 0.00 0.00 0.00 0.00 0.00 0.00 0.00 0.00 0.00 0.00 0.00 0.00 0.00 0.00 0.00 0.00 0.00 0.00 0.00
0.00 0.00 0.00 0.00 0.00 0.00 0.00 0.00 0.00 0.00 2.11 1.18 0.00 0.00 0.00 0.00 0.00 0.00 0.00 0.00 0.00 0.00 0.00 0.00 0.00 0.00 0.00 0.00 0.00 0.00 0.00 0.00 0.00 0.00 0.00 0.00 0.00 0.00 0.00 0.00 0.00 0.00 0.00 0.00 0.00 0.00 0.00 0.00 0.00 0.00 0.00 0.00 0.00 0.00 0.00 0.00 0.00 0.00 0.00 0.00 0.00 0.00 0.00 0.00 0.00 0.00 0.00 0.00 0.00 0.00 0.00 0.00 0.00 0.00 0.00 0.00 0.00 0.00 0.00 0.00 0.00 0.00 0.00 0.00
0.00 0.00 0.00 0.00 0.00 0.00 0.00 0.00 0.00 2.11 1.18 1.18 2.16 0.00 0.00 0.00 0.00 0.00 0.00 0.00 0.00 0.00 0.00 0.00 0.00 0.00 0.00 0.00 0.00 0.00 0.00 0.00 0.00 0.00 0.00 0.00 0.00 0.00 0.00 0.00 0.00 0.00 0.00 0.00 0.00 0.00 0.00 0.00 0.00 0.00 0.00 0.00 0.00 0.00 0.00 0.00 0.00 0.00 0.00 0.00 0.00 0.00 0.00 0.00 0.00 0.00 0.00 0.00 0.00 0.00 0.00 0.00 0.00 0.00 0.00 0.00 0.00 0.00 0.00 0.00 0.00 0.00 0.00 0.00
1.61 1.61 0.00 0.00 0.00 0.00 0.00 1.59 1.54 2.42 1.54 1.54 1.63 0.00 0.00 0.00 0.00 0.00 0.00 0.00 0.00 0.00 0.00 0.00 0.00 0.00 0.00 0.00 0.00 0.00 0.00 0.00 0.00 0.00 0.00 0.00 0.00 0.00 0.00 0.00 0.00 0.00 0.00 0.00 0.00 0.00 0.00 0.00 0.00 0.00 0.00 0.00 0.00 0.00 0.00 0.00 1.58 9.18 0.00 0.00 0.00 0.00 0.00 0.00 0.00 0.00 0.00 0.00 0.00 0.00 0.00 0.00 0.00 0.00 0.00 0.00 0.00 0.00 0.00 0.00 0.00 0.00 0.00 0.00
1.61 1.61 1.61 0.00 0.00 0.00 2.47 2.47 1.54 2.42 1.54 1.54 2.79 0.00 0.00 0.00 0.00 0.00 0.00 0.00 0.00 0.00 0.00 0.00 0.00 0.00 0.00 0.00 0.00 0.00 0.00 0.00 0.00 0.00 0.00 0.00 0.00 0.00 0.00 0.00 0.00 0.00 0.00 0.00 0.00 0.00 0.00 0.00 0.00 0.00 0.00 0.00 0.00 0.00 0.00 0.00 0.78 9.18 0.00 0.00 0.00 0.00 0.00 0.00 0.00 0.00 0.00 0.00 0.00 0.45 2.30 0.00 0.00 0.00 0.00 0.00 0.00 0.00 0.00 0.00 0.00 0.00 0.00 0.00
2.50 1.59 1.59 1.59 1.55 1.55 1.55 1.55 1.54 1.54 1.54 1.54 2.79 0.00 0.00 0.00 0.00 0.00 0.00 0.00 0.00 0.00 0.00 0.00 0.00 0.00 0.00 0.00 0.00 0.00 0.00 0.00 0.00 0.00 0.00 0.00 0.00 0.00 0.00 0.00 0.00 0.00 0.00 0.00 0.00 0.00 0.00 0.00 0.00 0.00 0.00 0.00 0.00 0.00 0.00 0.00 0.79 0.79 0.00 0.00 0.00 0.00 0.00 0.00 0.00 0.00 0.00 0.00 1.04 0.78 0.91 0.00 0.00 0.00 0.00 0.00 0.00 0.00 0.00 0.00 0.00 0.00 0.00 0.00
1.59 1.59 1.59 1.59 1.55 1.55 1.55 1.55 1.54 1.54 1.54 1.54 2.79 0.00 0.00 0.00 0.00 0.00 0.00 0.00 0.00 0.00 0.00 0.00 0.00 0.00 0.00 2.79 2.67 2.67 0.00 0.00 0.00 0.00 0.00 0.00 0.00 0.00 0.00 0.00 0.00 0.00 0.00 0.00 0.00 0.00 0.00 0.00 0.00 0.00 0.00 0.00 0.00 0.00 0.00 0.00 0.79 0.79 0.00 0.00 0.00 0.00 0.00 0.00 0.00 0.00 0.00 1.63 1.33 0.78 0.91 2.30 0.00 0.00 0.00 0.00 0.00 0.00 0.00 0.00 0.00 0.00 0.00 0.00
1.59 2.50 1.59 1.59 2.43 1.55 1.55 1.55 1.54 1.54 1.54 1.54 1.70 0.00 0.00 0.00 0.00 0.00 0.00 0.00 0.00 0.00 0.00 0.00 0.00 0.00 0.00 1.68 1.58 1.58 0.00 0.00 0.00 0.00 0.00 0.00 0.00 0.00 0.00 0.00 0.00 0.00 0.00 0.00 0.00 2.71 1.58 0.00 0.00 0.00 0.00 0.00 0.00 0.00 0.00 0.00 0.79 0.79 0.44 0.00 0.00 0.00 0.00 0.00 0.00 0.00 0.00 0.80 0.78 0.78 0.91 0.91 2.30 0.00 0.00 0.00 0.00 0.00 0.00 0.00 0.00 0.89 0.89 9.20
1.59 1.59 2.50 1.59 1.55 1.55 1.55 1.55 1.54 1.54 1.54 1.54 1.70 0.00 0.00 0.00 0.00 0.00 0.00 0.00 0.00 0.00 0.00 0.00 0.00 0.00 3.73 1.68 1.58 1.58 0.00 0.00 0.00 0.00 0.00 0.00 0.00 0.00 0.00 0.00 0.00 0.00 0.00 0.00 0.00 1.58 1.58 1.58 0.00 0.00 0.00 0.00 0.00 0.00 0.00 0.00 0.44 0.79 0.79 0.79 0.80 0.00 9.30 0.80 0.80 0.80 9.30 1.06 0.78 0.78 0.91 0.91 0.91 0.00 0.00 0.00 0.00 0.00 0.00 0.00 0.89 0.89 0.89 0.89
1.57 2.47 2.47 1.57 1.54 1.54 1.54 1.54 1.59 1.59 1.59 1.59 1.76 0.00 0.00 0.00 0.00 0.00 0.00 0.00 0.00 0.00 0.00 0.00 0.00 2.79 1.68 1.68 1.59 9.37 0.00 0.00 0.00 0.00 0.00 0.00 0.00 0.00 0.00 0.00 0.00 0.00 0.00 0.00 0.00 0.82 0.82 0.82 1.58 1.58 0.00 0.00 0.00 0.00 0.00 0.00 1.17 1.07 0.80 0.80 0.79 0.79 0.79 0.79 0.78 0.78 1.04 1.14 0.78 0.85 0.91 0.91 0.93 0.00 0.00 0.00 0.00 0.00 0.00 0.91 1.98 0.89 0.89 0.89
1.57 1.57 1.57 1.57 1.54 2.41 1.54 1.54 1.59 1.59 1.59 1.59 1.76 9.63 0.00 0.00 0.00 0.00 0.00 0.00 0.00 0.00 2.79 0.00 0.00 2.65 1.68 1.68 1.59 0.00 0.00 0.00 0.00 0.00 0.00 0.00 0.00 0.00 0.00 0.00 0.00 0.00 0.00 0.00 0.00 0.82 0.82 0.82 0.83 0.83 0.00 0.00 0.00 0.00 0.00 0.00 9.98 0.80 0.80 0.80 0.79 0.79 1.06 0.79 1.04 0.78 0.78 0.78 1.04 0.78 0.91 0.91 0.93 2.07 9.30 0.00 0.00 0.00 0.91 0.91 0.89 0.89 0.89 0.89
1.57 1.57 1.57 1.57 1.54 1.54 1.54 1.54 1.59 1.59 1.59 1.59 0.58 9.63 0.00 0.00 0.00 0.00 0.00 0.00 4.03 1.72 1.72 1.72 1.68 1.68 1.68 1.68 0.00 0.00 0.00 0.00 0.00 0.00 0.00 0.00 0.00 0.00 0.00 0.00 0.00 0.00 0.00 0.00 1.58 0.82 0.82 0.82 0.83 0.83 0.00 0.00 0.00 0.00 0.00 0.00 0.00 0.80 0.80 0.80 0.79 0.79 0.79 0.79 0.78 0.78 0.78 0.78 0.78 0.78 0.91 0.91 0.93 2.07 0.93 0.93 0.00 0.91 0.91 0.91 0.89 0.89 0.89 0.89
1.57 1.57 1.57 1.57 1.54 1.54 1.54 1.54 1.59 1.59 1.59 1.59 0.58 9.63 0.00 0.00 0.00 0.00 0.00 1.75 1.72 1.72 1.72 1.72 0.82 0.82 1.68 1.68 0.00 0.00 0.00 0.00 0.00 0.00 0.00 0.00 0.00 0.00 0.00 0.00 0.00 0.00 0.00 0.00 0.00 0.82 0.82 0.82 0.83 0.00 0.00 0.00 0.00 0.00 0.00 0.00 1.58 0.80 0.80 0.80 0.79 0.79 0.79 0.79 0.78 0.78 0.78 0.78 0.78 0.78 0.91 2.01 0.93 0.93 0.93 0.93 0.91 0.91 0.91 0.91 0.89 0.89 0.89 0.89
1.56 1.56 1.56 1.56 1.56 1.56 1.56 1.56 1.64 1.64 1.64 0.53 0.59 0.78 0.00 0.00 0.00 0.00 0.00 2.77 1.70 1.70 2.69 1.70 1.70 2.68 1.70 0.00 0.00 0.00 0.00 0.00 0.00 0.00 0.00 0.00 0.00 0.00 0.00 0.00 0.00 0.00 0.00 0.00 0.00 0.83 0.83 0.83 0.00 0.00 0.00 0.00 0.00 0.00 0.00 0.00 0.12 0.79 0.79 0.79 0.77 0.77 0.77 1.02 1.02 0.76 0.76 0.76 0.80 0.80 0.93 0.93 2.09 2.11 0.96 0.96 0.94 0.94 0.94 0.94 0.93 0.93 0.93 0.93
1.56 1.56 1.56 2.45 1.56 1.56 1.56 1.56 1.64 1.64 0.53 0.69 0.59 0.59 1.12 0.00 0.00 0.00 0.00 2.13 1.70 1.70 1.70 1.70 1.70 1.70 1.70 0.00 0.00 0.00 0.00 0.00 0.00 0.00 0.00 0.00 0.00 0.00 0.00 0.00 0.00 0.00 0.00 0.00 0.00 0.00 2.83 0.83 0.00 0.00 0.00 0.00 0.00 0.00 0.00 0.14 0.12 0.79 0.79 0.79 0.77 0.77 0.77 0.77 0.76 0.76 1.11 0.76 0.80 0.80 0.93 0.93 0.96 0.96 0.96 0.96 0.94 0.94 0.94 0.94 0.93 0.93 0.93 0.93
1.56 1.56 1.56 1.56 1.56 1.56 1.56 1.56 4.15 1.64 0.53 1.00 1.78 1.78 1.78 2.97 2.97 2.97 0.58 0.58 1.70 1.70 1.70 1.70 1.70 1.70 1.70 0.00 0.00 0.00 0.00 0.00 0.00 0.00 0.00 0.00 0.00 0.00 0.00 0.00 0.00 0.00 0.00 0.00 0.00 0.00 2.83 0.83 0.84 0.84 0.00 0.00 0.00 0.00 1.74 0.14 0.12 0.79 1.16 1.34 0.77 0.77 0.77 1.02 0.76 1.02 1.02 0.76 0.80 0.80 0.93 0.93 0.96 0.96 0.96 0.96 1.29 1.29 0.46 1.00 0.93 9.20 0.00 0.00
1.56 2.45 1.56 1.56 1.56 1.56 1.56 2.44 1.64 1.64 1.64 1.64 1.78 1.78 1.78 1.78 0.39 0.39 0.77 0.58 1.70 1.70 1.70 1.70 1.70 1.70 1.70 0.00 0.00 0.00 0.00 0.00 0.00 0.00 0.00 0.00 0.00 0.00 0.00 0.00 0.00 0.00 0.00 0.00 0.00 0.00 0.83 0.62 0.84 0.14 0.14 2.83 0.85 0.14 0.14 0.14 0.12 0.79 0.79 1.06 0.77 0.77 0.77 0.77 0.76 0.76 0.76 0.76 0.80 0.80 0.93 0.93 0.96 0.23 0.47 1.31 0.96 1.57 0.00 0.00 0.00 0.00 0.00 0.00
1.58 1.58 2.48 1.58 1.55 1.55 1.55 1.55 1.62 1.62 1.62 1.62 1.79 1.79 1.79 1.79 0.50 0.39 0.39 0.58 1.69 1.69 1.69 1.69 1.72 2.46 2.46 0.00 0.00 0.00 0.00 0.00 0.00 0.00 0.00 0.00 0.00 0.00 0.00 0.00 0.00 0.00 0.00 0.00 0.00 0.00 0.27 0.44 0.84 0.14 0.84 0.84 1.43 0.13 0.13 0.13 0.76 0.76 0.76 1.01 0.77 0.77 0.77 0.77 0.81 0.81 0.81 0.81 0.86 0.86 0.99 0.99 0.67 0.67 1.31 0.98 1.57 0.00 0.00 0.00 0.00 0.00 0.00 0.00
2.48 1.58 1.58 1.58 1.55 1.55 1.55 1.55 1.62 1.62 1.62 1.62 1.79 1.79 1.79 0.39 0.39 0.53 0.58 0.58 1.69 1.69 1.69 1.69 2.46 2.46 2.46 0.00 0.00 0.00 0.00 0.00 0.00 0.00 0.00 0.00 0.00 0.00 0.00 0.00 0.00 0.00 0.00 0.00 0.00 1.12 0.83 0.44 0.84 0.14 0.84 0.84 0.13 0.13 0.13 0.82 0.76 0.76 0.76 0.76 0.77 0.77 0.77 0.77 0.81 0.81 0.81 0.81 0.86 0.86 0.99 0.52 0.52 0.98 1.59 1.59 0.00 0.00 0.00 0.00 0.00 0.00 0.00 0.00
1.88 1.88 3.01 1.88 1.85 1.85 1.85 1.85 1.93 1.93 1.93 1.93 2.17 2.17 0.52 0.52 0.75 0.71 1.30 0.75 2.06 2.06 2.90 2.90 2.94 1.72 2.94 0.00 0.00 0.00 0.00 0.00 0.00 0.00 0.00 0.00 0.00 0.00 0.00 0.00 0.00 0.00 0.00 0.00 1.48 1.07 1.07 1.07 1.08 0.20 1.08 1.08 0.20 0.20 1.05 1.05 0.97 0.97 0.97 0.97 0.96 0.96 0.96 0.96 1.01 1.01 1.01 1.01 1.06 1.06 1.81 0.80 1.55 1.17 1.87 1.87 0.00 0.00 0.00 0.00 0.00 0.00 0.00 0.00
1.88 1.88 1.88 2.99 1.85 1.85 1.85 1.85 1.93 1.93 1.93 1.93 2.17 0.76 0.76 0.76 0.52 0.52 0.75 0.75 2.90 2.90 2.90 2.90 2.94 2.94 2.94 0.00 0.00 0.00 0.00 0.00 0.00 0.00 0.00 0.00 0.00 0.00 0.00 0.00 0.00 0.00 0.00 0.00 1.07 1.07 0.58 1.07 0.20 0.20 1.08 0.20 0.20 0.20 1.58 1.05 0.97 0.97 0.97 0.97 0.96 0.96 0.96 0.96 1.01 1.01 1.01 1.01 1.06 0.20 0.80 0.80 4.44 1.87 1.87 0.00 0.00 0.00 0.00 0.00 0.00 0.00 0.00 0.00
1.89 1.89 3.02 1.89 1.84 1.84 1.84 1.84 1.93 1.93 1.93 1.93 2.17 0.76 0.76 0.76 0.73 0.73 0.76 2.95 2.88 2.88 2.88 2.88 3.00 3.00 10.66 0.00 0.00 0.00 0.00 0.00 0.00 0.00 0.00 0.00 0.00 0.00 0.00 0.00 0.00 0.00 0.00 3.57 1.28 1.06 0.58 1.06 0.20 0.20 0.20 0.20 0.18 0.98 0.98 1.34 0.97 0.97 0.97 0.97 1.04 1.04 1.04 1.04 1.08 1.08 1.08 1.08 1.09 0.06 1.55 4.44 4.44 4.44 0.00 0.00 0.00 0.00 0.00 0.00 0.00 0.00 0.00 0.00
0.64 1.89 3.02 1.89 1.84 1.84 1.84 1.84 1.93 1.93 1.93 1.93 0.76 0.76 0.76 0.76 0.73 1.30 2.70 2.95 2.88 2.88 2.88 2.88 3.00 3.00 0.00 0.00 0.00 0.00 0.00 0.00 0.00 0.00 0.00 1.18 3.57 3.57 0.00 0.00 1.16 1.16 1.92 1.16 1.06 0.58 0.58 0.58 0.20 0.20 0.20 0.20 0.98 2.25 1.34 0.98 0.97 0.97 0.97 0.97 1.04 1.04 0.19 0.19 0.20 1.08 1.08 0.21 0.76 2.14 4.44 4.44 4.44 1.87 1.87 0.00 0.00 0.00 0.00 0.00 0.00 0.00 0.00 0.00
1.89 3.02 1.89 1.89 1.84 1.84 1.84 2.93 1.93 1.93 1.93 0.65 0.76 0.76 1.03 1.34 1.30 1.30 1.93 2.95 2.88 2.88 2.88 2.88 3.00 3.00 10.66 0.00 0.00 0.00 0.00 0.00 0.00 0.00 0.00 1.18 1.17 1.17 1.17 1.17 1.16 1.16 3.72 1.16 1.10 0.58 0.58 1.06 0.20 0.20 0.28 1.05 0.98 1.34 0.98 0.98 0.97 0.97 0.97 0.97 1.04 1.04 0.19 0.19 0.20 0.20 0.20 0.76 3.08 4.15 4.44 4.44 4.44 1.87 1.87 1.87 0.00 0.00 0.00 0.00 0.00 0.00 0.00 0.00
1.89 1.89 1.89 1.89 2.93 1.84 1.84 1.84 1.93 1.93 1.93 0.65 0.76 1.34 1.34 1.34 1.30 1.30 1.30 2.95 2.88 2.88 2.88 2.88 3.00 3.00 10.66 0.00 0.00 0.00 0.00 0.00 0.00 0.00 0.00 1.18 1.17 1.17 1.17 1.17 1.90 1.16 1.16 1.16 1.06 1.06 0.20 0.20 0.20 0.22 0.20 0.20 0.98 0.98 0.98 0.98 0.97 0.97 0.97 0.97 1.04 1.04 0.19 0.19 0.22 0.76 2.14 3.40 4.15 4.15 4.44 8.18 8.18 2.82 1.87 1.87 1.76 0.00 0.00 0.00 0.00 0.00 0.00 0.00
1.87 3.75 1.87 1.87 1.87 1.87 1.87 1.87 1.91 1.91 1.91 3.06 1.28 1.28 1.28 1.28 1.24 1.24 1.24 2.85 2.95 2.95 2.95 2.95 3.07 3.07 10.66 0.00 0.00 0.00 0.00 0.00 0.00 0.00 0.24 0.25 0.23 0.36 1.17 1.17 1.13 1.13 1.22 1.13 0.19 0.19 0.19 0.22 0.18 0.18 0.18 0.18 0.98 0.98 0.98 0.98 1.06 1.06 1.06 1.06 1.11 0.21 0.09 0.09 0.76 2.14 3.40 3.40 4.15 8.13 4.44 4.44 4.44 2.82 2.82 2.82 1.76 1.76 0.00 0.00 0.00 0.00 0.00 0.00
1.87 1.87 2.98 1.87 1.87 1.87 1.87 1.87 1.91 1.91 2.71 2.71 2.56 1.28 1.28 1.28 1.24 1.24 2.85 2.85 2.95 2.95 2.95 2.95 3.07 3.07 3.07 0.00 0.00 0.00 0.00 0.00 0.00 0.00 2.26 0.07 0.23 0.23 1.17 1.17 1.13 1.88 1.88 0.22 0.19 0.19 0.22 0.19 0.18 0.21 0.18 0.18 0.98 0.98 0.98 0.98 0.20 0.20 0.20 0.20 0.21 0.21 0.09 0.76 3.40 3.40 3.40 3.40 3.40 4.15 4.44 4.44 4.44 2.82 2.82 2.82 0.58 1.70 0.78 0.78 3.62 0.00 0.00 0.00
2.98 1.87 1.87 1.87 1.87 1.87 1.87 1.87 3.13 6.31 2.71 2.71 2.92 2.92 2.92 1.28 1.24 2.85 2.85 2.85 2.95 2.95 2.95 2.95 3.07 3.07 3.02 2.63 0.00 0.00 0.00 0.00 0.00 11.33 0.82 0.82 1.22 0.35 1.17 1.17 1.13 1.13 1.13 0.25 0.19 0.22 0.19 0.19 0.18 0.18 0.18 0.18 0.98 0.98 0.18 0.18 0.20 0.20 0.20 0.20 0.21 0.09 0.09 3.40 3.40 3.40 3.40 3.40 3.40 4.15 4.44 4.44 2.82 0.63 0.63 0.57 1.70 1.70 1.70 1.70 0.78 0.78 2.65 0.00
1.87 1.87 1.87 1.87 1.87 1.87 1.87 2.64 4.66 2.71 2.71 4.66 5.03 2.92 2.92 2.92 2.85 2.85 2.85 2.85 2.95 2.95 2.95 1.72 3.07 1.72 2.63 2.63 4.32 4.48 2.26 2.26 0.82 0.82 0.82 0.10 0.78 1.17 1.17 1.17 1.13 1.13 1.13 0.22 0.19 0.22 0.19 0.19 0.18 0.18 0.31 0.31 0.98 0.98 0.98 0.18 0.20 0.22 0.20 0.20 0.09 0.09 2.14 3.40 3.40 1.99 0.33 0.33 2.14 0.09 0.63 0.63 0.63 1.29 1.83 1.83 1.70 1.70 1.70 1.70 2.99 1.71 0.58 1.45
2.23 2.23 1.85 1.85 1.86 2.64 4.57 2.64 2.65 2.65 2.65 2.65 2.83 4.93 2.83 2.83 2.90 2.90 2.90 2.90 3.06 3.06 3.06 3.06 1.72 1.03 2.63 1.03 2.56 4.48 0.82 2.26 2.26 2.26 1.15 0.25 1.20 1.18 1.18 1.18 1.13 1.13 1.13 0.22 0.19 0.76 1.02 0.19 0.18 1.00 1.37 1.00 1.03 1.03 1.03 1.03 1.12 1.12 1.12 0.22 0.09 1.80 1.80 0.33 2.46 1.12 1.12 0.22 0.09 0.09 0.82 0.63 0.79 0.79 1.80 1.80 1.67 2.89 1.67 1.67 1.73 1.73 0.58 0.58
1.01 1.01 1.01 1.01 1.01 2.64 4.57 2.64 2.65 2.65 2.65 2.65 4.93 4.93 2.83 2.83 2.90 2.90 2.90 2.90 3.06 3.06 3.06 3.06 1.72 1.03 1.03 1.03 1.00 2.56 0.82 0.82 2.26 0.82 0.10 0.10 0.36 2.09 1.18 1.18 1.13 1.13 1.13 1.13 1.44 1.02 1.02 1.02 1.00 1.00 1.00 1.00 1.03 1.03 1.03 1.03 1.12 1.12 1.12 0.09 0.99 1.80 0.21 0.70 0.33 1.12 1.12 1.12 1.09 0.21 0.82 0.82 0.57 0.79 1.80 1.80 2.89 1.67 1.67 1.67 1.73 1.73 1.73 0.76
1.01 1.01 1.01 1.01 1.01 1.01 2.64 2.64 2.65 2.65 4.60 2.65 2.83 4.93 2.83 2.83 2.90 2.90 2.90 2.90 3.06 3.06 3.06 3.06 1.38 2.63 2.63 1.03 1.00 2.56 0.82 1.10 0.10 0.23 0.82 0.26 1.33 0.10 1.18 1.18 1.13 1.13 1.13 1.13 1.02 1.56 1.02 1.02 1.00 1.00 1.00 1.00 1.03 1.03 1.03 1.03 1.12 1.12 0.06 0.09 0.99 0.21 0.99 0.33 0.09 1.02 1.80 1.12 1.09 1.09 0.83 0.82 0.79 1.80 1.80 1.80 1.67 1.67 1.67 1.67 1.73 1.73 0.76 1.21
1.01 1.01 1.01 1.01 1.01 1.01 2.64 2.64 2.65 2.65 2.65 2.65 2.83 2.83 2.83 2.83 2.90 2.90 2.90 2.90 3.06 3.06 3.06 3.06 1.38 1.03 1.03 1.03 1.00 2.56 0.10 0.10 0.10 0.10 0.07 0.24 0.27 0.25 0.23 1.18 1.87 1.13 1.13 1.13 1.02 1.40 1.02 1.02 1.00 1.00 1.00 1.00 1.03 1.03 1.03 1.03 1.12 1.12 1.15 0.09 0.21 0.21 0.33 0.11 0.09 0.09 1.80 1.80 1.09 1.09 1.85 2.73 2.62 3.10 3.10 3.04 1.67 1.67 1.67 1.67 1.73 1.73 0.76 0.76
0.99 0.99 0.99 0.99 1.01 1.39 1.01 2.63 2.62 2.62 4.55 2.62 2.86 2.86 2.86 2.86 2.98 2.98 2.98 2.98 3.10 3.10 3.10 3.10 1.39 1.39 3.59 4.40 2.56 2.56 0.10 0.10 1.20 0.42 1.20 0.24 0.23 0.23 0.58 1.18 1.14 1.14 1.14 1.14 1.01 1.01 1.01 1.01 1.02 1.02 1.02 1.02 1.09 1.09 1.09 1.09 1.14 1.14 0.09 0.21 0.23 1.80 0.48 0.32 0.48 0.08 0.48 1.80 2.68 1.08 1.84 3.20 3.07 1.77 1.77 1.77 1.67 1.67 1.67 1.67 1.73 0.76 1.21 0.76
0.99 0.99 1.36 0.99 1.01 1.01 1.01 2.63 4.44 2.62 6.40 2.62 2.86 2.86 2.86 2.86 2.98 2.98 2.98 2.98 3.10 3.10 3.10 1.03 1.39 1.39 2.63 2.63 0.79 2.56 1.32 0.82 1.20 1.20 1.20 1.20 1.18 1.18 1.18 1.18 1.14 1.14 1.14 1.14 1.01 1.01 1.01 1.01 1.02 1.02 1.02 1.02 1.09 1.09 1.09 0.21 1.14 1.16 0.33 0.21 0.10 0.09 0.07 1.14 0.48 0.48 0.48 1.80 1.80 1.57 1.84 1.84 1.77 1.77 3.19 1.77 1.67 1.67 1.67 1.67 1.73 0.76 0.76 0.76
