New_Model_Runs/10_Future_Present_Scn3_out/post_prcessed_with_MFR/Monthly_summaries/runoff_monthly_MAR.asc
NCOLS 700
NROWS 400
XLLCENTER 515000.000000
YLLCENTER 8409000.000000
CELLSIZE 50.000000
NODATA_value -999.000000
[rows 185 to 221 of 400, columns 84 to 167 of 700]
0.00 0.00 0.00 0.00 0.00 0.00 0.00 0.00 0.00 0.00 0.00 0.00 0.00 0.00 0.00 0.00 0.00 0.00 0.00 0.00 0.00 0.00 0.00 0.00 0.00 0.00 0.00 0.00 0.00 2.70 2.70 2.70 4.71 2.68 2.68 2.68 2.67 2.67 2.67 2.67 2.70 2.70 2.70 2.70 2.94 2.94 5.19 2.94 2.92 2.92 2.92 2.92 2.91 2.91 2.91 5.14 2.90 2.90 2.90 2.90 3.00 3.00 3.00 3.00 2.96 2.96 2.96 2.96 2.98 5.28 2.98 2.98 2.98 2.98 2.98 2.98 2.83 2.83 2.83 2.83 2.92 2.92 2.92 2.92
0.00 0.00 0.00 0.00 0.00 0.00 0.00 0.00 0.00 0.00 0.00 0.00 0.00 0.00 0.00 0.00 0.00 0.00 0.00 0.00 0.00 0.00 0.00 0.00 0.00 0.00 0.00 0.00 0.00 2.70 2.70 2.70 2.68 2.68 2.68 4.71 2.67 2.67 2.67 2.67 4.75 2.70 2.70 2.70 2.94 2.94 2.94 2.94 2.92 2.92 2.92 2.92 7.61 5.14 2.91 2.91 2.90 2.90 2.90 2.90 3.00 3.00 3.00 3.00 2.96 2.96 2.96 2.96 2.98 2.98 5.28 2.98 7.40 2.98 2.98 2.98 2.83 2.83 2.83 2.83 2.92 2.92 2.92 2.92
0.00 0.00 0.00 0.00 0.00 0.00 0.00 0.00 0.00 0.00 0.00 0.00 0.00 0.00 0.00 0.00 0.00 0.00 0.00 0.00 0.00 0.00 0.00 4.38 0.00 0.00 0.00 0.00 0.00 15.83 2.70 2.70 2.68 2.68 2.68 2.68 2.67 2.67 2.67 2.67 2.70 2.70 2.70 2.70 2.94 2.94 2.94 5.19 2.92 2.92 2.92 2.92 2.91 5.15 2.91 2.91 5.13 2.90 2.90 2.90 3.00 3.00 3.00 3.00 5.27 2.96 2.96 2.96 5.27 2.98 2.98 2.98 5.28 2.98 2.98 2.98 5.00 2.83 2.83 2.83 2.92 1.04 1.04 2.92
0.00 0.00 0.00 0.00 0.00 0.00 0.00 0.00 0.00 0.00 0.00 0.00 0.00 0.00 0.00 0.00 0.00 0.00 0.00 0.00 0.00 0.00 0.00 2.57 2.61 0.00 0.00 0.00 2.72 2.72 2.72 2.72 2.68 2.68 2.68 2.68 4.67 2.65 2.65 2.65 2.67 2.67 2.67 2.67 2.92 2.92 2.92 2.92 2.93 2.93 2.93 2.93 2.92 2.92 2.92 2.92 2.89 5.11 2.89 2.89 2.95 2.95 2.95 2.95 5.19 5.17 2.93 2.93 2.97 2.97 2.97 2.97 5.23 2.95 2.95 2.95 2.89 2.89 2.89 2.89 1.20 1.20 1.20 1.20
0.00 0.00 0.00 0.00 0.00 0.00 0.00 0.00 0.00 0.00 0.00 0.00 0.00 0.00 0.00 0.00 0.00 0.00 0.00 0.00 0.00 0.00 0.00 0.00 2.61 2.61 2.61 4.59 2.72 2.72 2.72 2.72 2.68 2.68 2.68 2.68 2.65 6.13 2.65 2.65 2.67 2.67 2.67 2.67 2.92 2.92 2.92 2.92 2.93 2.93 2.93 2.93 2.92 2.92 2.92 2.92 2.89 2.89 2.89 2.89 2.95 2.95 2.95 2.95 2.93 2.93 2.93 2.93 2.97 2.97 2.97 2.97 2.95 2.95 2.95 2.95 2.89 2.89 2.89 2.89 1.20 1.20 1.20 1.20
0.00 0.00 0.00 0.00 0.00 0.00 0.00 0.00 0.00 0.00 0.00 0.00 0.00 0.00 0.00 0.00 0.00 0.00 0.00 0.00 0.00 0.00 0.00 0.00 0.00 2.61 2.61 2.61 2.72 2.72 2.72 2.72 2.68 2.68 2.68 2.68 2.65 4.67 4.67 2.65 2.67 2.67 2.67 2.67 2.92 2.92 2.92 2.92 2.93 7.68 5.19 2.93 2.92 2.92 2.92 2.92 2.89 2.89 2.89 2.89 2.95 2.95 2.95 2.95 2.93 2.93 2.93 2.93 2.97 2.97 2.97 2.97 2.95 2.95 2.95 5.18 2.89 2.89 2.89 2.89 1.20 1.20 1.20 1.20
0.00 0.00 0.00 0.00 0.00 0.00 0.00 0.00 0.00 0.00 0.00 0.00 0.00 0.00 0.00 0.00 0.00 0.00 0.00 0.00 0.00 0.00 0.00 0.00 0.00 2.61 2.61 1.30 2.82 2.72 2.72 2.72 2.68 2.68 2.68 4.70 2.65 2.65 2.65 2.65 2.67 2.67 2.67 2.67 2.92 2.92 2.92 2.92 2.93 2.93 5.19 2.93 2.92 5.15 2.92 2.92 2.89 5.09 2.89 2.89 2.95 5.21 2.95 2.95 2.93 2.93 2.93 2.93 2.97 2.97 2.97 2.97 2.95 2.95 2.95 2.95 2.89 2.89 2.89 2.89 1.20 1.20 1.20 1.20
0.00 0.00 0.00 0.00 0.00 0.00 0.00 0.00 0.00 0.00 0.00 0.00 0.00 0.00 0.00 0.00 0.00 0.00 0.00 0.00 0.00 0.00 0.00 0.00 0.00 0.00 3.12 3.06 3.58 1.38 4.82 2.75 2.70 2.70 2.70 2.70 4.65 2.65 2.65 2.65 2.64 2.64 2.64 4.64 2.90 2.90 2.90 2.90 9.14 2.93 2.93 2.93 2.90 2.90 2.90 2.90 2.87 2.87 5.07 2.87 2.93 2.93 2.93 2.93 2.93 2.93 2.93 2.93 2.96 2.96 2.96 7.34 2.96 2.96 2.96 2.96 3.01 3.01 3.01 3.01 3.32 1.23 1.23 1.23
0.00 0.00 0.00 0.00 0.00 0.00 0.00 0.00 0.00 0.00 0.00 0.00 0.00 0.00 0.00 0.00 0.00 0.00 0.00 0.00 0.00 0.00 0.00 0.00 0.00 0.00 2.32 2.64 1.38 1.38 4.84 2.75 2.70 2.70 2.70 2.70 2.65 2.65 2.65 2.65 2.64 2.64 2.64 2.64 2.90 2.90 2.90 2.90 2.93 7.10 2.93 2.93 2.90 2.90 2.90 2.90 2.87 2.87 2.87 2.87 2.93 2.93 2.93 2.93 2.93 2.93 2.93 2.93 2.96 2.96 2.96 2.96 2.96 7.90 2.96 2.96 3.01 3.01 3.01 3.01 3.32 3.32 3.32 1.23
0.00 0.00 0.00 0.00 0.00 0.00 0.00 0.00 0.00 0.00 0.00 0.00 0.00 0.00 0.00 0.00 0.00 0.00 0.00 0.00 0.00 0.00 0.00 0.00 0.00 0.00 3.93 2.50 4.17 4.17 4.17 8.22 8.07 4.10 4.10 4.10 4.03 4.03 4.03 7.92 4.02 4.02 4.02 4.02 4.52 4.52 4.52 4.52 4.55 4.55 4.55 4.55 4.51 4.51 4.51 4.51 4.47 4.47 4.47 8.82 4.67 4.67 4.67 18.19 4.66 4.66 4.66 4.66 9.28 14.29 5.56 5.56 5.56 5.56 5.56 5.56 5.64 5.64 5.64 5.64 6.03 6.03 6.03 6.03
0.00 0.00 0.00 0.00 0.00 0.00 0.00 0.00 0.00 0.00 0.00 0.00 0.00 0.00 0.00 0.00 0.00 0.00 0.00 0.00 0.00 0.00 3.84 0.00 0.00 4.03 3.93 2.50 4.17 4.17 4.17 4.17 4.10 4.10 4.10 4.10 4.03 4.03 4.03 4.03 4.02 7.90 4.02 4.02 4.52 4.52 4.52 4.52 4.55 4.55 4.55 4.55 4.51 4.51 4.51 4.51 4.47 4.47 8.78 4.47 4.67 4.67 4.67 4.67 4.66 4.66 4.66 4.66 5.56 5.56 5.56 5.56 5.56 5.56 5.56 5.56 5.64 5.64 5.64 5.64 6.03 6.03 6.03 6.03
0.00 0.00 0.00 0.00 0.00 0.00 0.00 0.00 0.00 0.00 0.00 0.00 0.00 0.00 0.00 0.00 0.00 0.00 0.00 0.00 0.00 3.85 7.56 1.49 1.52 3.93 6.60 3.91 4.19 4.19 4.19 4.19 4.12 4.12 11.27 8.06 4.05 4.05 4.05 4.05 4.02 4.02 4.02 4.02 4.48 4.48 4.48 4.48 4.50 4.50 4.50 4.50 4.44 4.44 4.44 4.44 8.73 4.41 4.41 8.90 4.67 4.67 4.67 4.67 5.54 5.54 5.54 5.54 5.58 5.58 5.58 5.58 5.98 5.98 5.98 5.98 6.04 6.04 6.04 6.04 6.06 6.06 6.06 18.04
0.00 0.00 0.00 0.00 0.00 0.00 0.00 0.00 0.00 0.00 0.00 0.00 0.00 0.00 0.00 0.00 0.00 0.00 0.00 0.00 3.85 7.56 3.85 1.49 1.25 1.83 1.42 2.50 4.19 4.19 4.19 4.19 4.12 4.12 4.12 8.06 4.05 12.24 4.05 4.05 4.02 4.02 4.02 4.02 4.48 8.85 4.48 4.48 4.50 4.50 4.50 4.50 4.44 4.44 4.44 4.44 4.41 4.41 4.41 4.41 4.67 4.67 4.67 4.67 5.54 5.54 5.54 5.54 5.58 5.58 5.58 5.58 5.98 5.98 5.98 5.98 6.04 6.04 6.04 6.04 6.06 10.68 6.06 6.06
0.00 0.00 0.00 0.00 0.00 0.00 0.00 0.00 0.00 0.00 0.00 0.00 0.00 0.00 0.00 0.00 0.00 0.00 0.00 3.84 3.85 3.85 3.85 0.94 0.95 2.02 1.42 1.42 1.99 4.19 4.19 4.19 4.12 4.12 4.12 4.12 4.05 4.05 4.05 4.05 4.02 4.02 4.02 4.02 4.48 4.48 4.48 4.48 8.89 4.50 4.50 4.50 4.44 4.44 4.44 4.44 8.73 4.41 4.41 4.41 4.67 4.67 4.67 4.67 15.84 5.54 5.54 5.54 5.58 5.58 5.58 5.58 5.98 5.98 5.98 5.98 6.04 6.04 6.04 6.04 6.06 6.06 6.06 6.06
0.00 0.00 3.78 0.00 0.00 0.00 0.00 0.00 0.00 0.00 0.00 0.00 0.00 0.00 4.08 15.24 0.00 6.68 3.84 3.84 3.85 3.85 3.85 1.49 1.52 1.52 1.52 2.21 1.99 1.65 1.65 1.65 1.62 4.12 4.12 4.12 4.05 4.05 4.05 4.05 4.02 4.02 4.02 4.02 4.48 4.48 4.48 8.82 4.50 4.50 4.50 4.50 4.44 4.44 4.44 4.44 8.71 4.41 4.41 4.41 4.67 4.67 4.67 9.24 5.54 5.54 5.54 9.94 10.03 5.58 5.58 5.58 5.98 5.98 5.98 5.98 6.04 6.04 6.04 6.04 6.06 6.06 6.06 6.06
0.00 1.46 1.46 1.46 1.49 0.00 0.00 0.00 0.00 0.00 0.00 0.00 0.00 0.00 4.08 2.15 2.12 3.32 3.32 7.48 3.80 3.80 3.80 1.46 3.40 1.49 1.49 2.02 1.64 2.95 1.64 2.94 1.62 12.45 8.11 4.12 4.10 4.10 4.10 4.10 4.07 4.07 4.07 4.07 4.45 4.45 4.45 4.45 13.37 4.41 4.41 13.22 4.40 4.40 4.40 13.30 4.42 4.42 4.42 4.42 5.58 5.58 5.58 15.95 5.57 5.57 5.57 20.14 10.38 5.90 5.90 5.90 6.14 6.14 6.14 6.14 6.07 6.07 18.07 6.07 6.00 10.56 10.56 6.00
0.00 14.67 1.46 1.46 1.49 0.00 0.00 0.00 0.00 0.00 0.00 0.00 0.00 0.00 2.15 2.15 2.12 2.12 2.12 2.12 3.30 2.11 2.11 1.46 1.50 1.49 1.49 1.51 1.64 1.64 4.16 4.16 8.11 4.12 4.12 4.12 4.10 4.10 11.22 8.04 4.07 4.07 4.07 4.07 4.45 4.45 4.45 4.45 4.41 4.41 4.41 6.75 1.76 6.73 4.40 4.40 4.42 4.42 4.42 4.42 10.02 10.02 5.58 5.58 5.57 10.01 10.01 10.25 5.90 5.90 5.90 5.90 6.14 6.14 6.14 6.14 6.07 10.70 6.07 6.07 6.00 6.00 6.00 6.00
0.00 2.65 1.46 1.46 1.49 1.49 0.00 0.00 0.00 0.00 0.00 0.00 0.00 2.15 2.15 2.15 2.12 2.12 2.12 3.67 2.11 2.11 2.11 0.63 0.64 1.21 0.64 1.49 1.64 1.64 4.16 4.16 4.12 4.12 4.12 4.12 4.10 4.10 4.10 4.10 4.07 8.02 4.07 4.07 4.45 4.45 4.45 1.78 1.76 1.76 1.76 3.18 1.76 1.76 4.40 4.40 4.42 4.42 4.42 4.42 9.11 5.58 5.58 5.58 10.01 5.57 5.57 5.57 5.90 5.90 5.90 5.90 6.14 6.14 6.14 6.14 6.07 6.07 6.07 6.07 6.00 6.00 6.00 6.00
1.46 2.64 2.65 1.46 1.49 2.70 0.00 0.00 0.00 0.00 0.00 0.00 0.00 0.00 2.15 3.35 2.12 2.12 2.12 3.32 5.04 2.11 2.11 2.11 0.64 2.14 2.14 2.14 0.89 0.89 4.16 4.16 4.12 4.12 4.12 4.12 4.10 4.10 4.10 8.05 4.07 4.07 4.07 4.07 4.45 4.45 4.45 4.45 1.76 1.76 1.76 1.76 1.76 1.76 4.40 4.40 4.42 4.42 4.42 4.42 5.58 5.58 5.58 5.58 5.57 5.57 5.57 5.57 5.90 5.90 5.90 5.90 6.14 6.14 6.14 6.14 6.07 6.07 6.07 6.07 6.00 6.00 6.00 10.52
1.44 1.44 1.44 1.44 1.48 1.48 1.48 0.00 0.00 0.00 0.00 0.00 0.00 0.00 2.17 2.17 3.33 2.13 2.13 2.13 2.09 3.28 2.09 2.09 3.28 2.09 2.09 2.09 2.27 2.27 2.27 2.27 2.28 2.28 4.06 4.06 4.08 4.08 4.08 4.08 4.07 4.07 8.01 4.07 4.42 4.42 4.42 4.42 4.37 1.74 1.74 3.15 1.76 1.76 6.74 4.41 13.47 4.45 4.45 4.45 5.60 5.60 5.60 5.60 22.06 10.09 5.61 5.61 6.01 6.01 6.01 6.01 6.80 6.80 6.80 12.27 6.07 6.07 6.07 6.07 5.94 5.94 5.94 5.94
1.44 1.44 1.44 1.44 1.48 1.48 1.48 1.48 0.00 0.00 0.00 0.00 0.00 0.00 0.65 2.17 2.13 2.13 2.13 2.13 2.09 2.09 2.09 2.09 2.09 2.09 2.09 2.09 2.27 2.27 2.27 2.27 2.28 2.28 2.28 2.28 2.29 4.08 4.08 4.08 4.07 4.07 4.07 4.07 8.73 4.42 4.42 4.42 4.37 1.74 1.74 1.74 1.76 1.76 1.76 4.41 4.45 4.45 4.45 4.45 5.60 5.60 5.60 5.60 5.61 5.61 5.61 5.61 6.01 6.01 6.01 6.01 6.80 6.80 12.27 6.80 6.07 10.70 6.07 15.75 10.45 5.94 5.94 5.94
1.44 1.44 1.44 1.44 1.48 1.48 1.48 1.48 1.52 0.00 0.00 0.00 0.00 4.36 0.65 0.65 3.34 2.13 2.13 3.32 2.09 2.09 2.09 2.09 2.09 2.09 2.09 3.28 2.27 2.27 3.92 2.27 2.28 2.28 2.28 2.28 2.29 2.29 2.29 2.29 2.29 4.07 4.07 4.07 4.42 4.42 4.42 4.42 1.74 1.74 1.74 1.74 1.76 1.76 1.76 1.76 4.45 4.45 4.45 13.47 5.60 5.60 4.00 16.03 5.61 5.61 5.61 5.61 6.01 6.01 6.01 6.01 12.27 6.80 6.80 6.80 10.70 6.07 6.07 6.07 5.94 5.94 5.94 5.94
1.44 1.44 1.44 1.44 1.48 1.48 1.48 1.48 0.61 0.50 0.50 4.04 3.10 2.00 0.56 0.65 0.64 5.44 2.13 2.13 2.09 2.09 2.09 2.09 2.09 2.09 2.09 2.09 2.27 2.27 2.27 2.27 2.28 2.28 2.28 2.28 2.29 3.94 2.29 2.29 2.29 2.29 2.29 2.29 4.42 4.42 4.42 1.77 1.74 1.74 1.74 1.74 1.76 1.76 1.76 1.76 4.45 4.45 4.45 4.45 5.60 5.60 15.14 5.60 5.61 5.61 5.61 5.61 6.01 6.01 6.01 17.91 6.80 6.80 6.80 6.80 19.43 6.07 10.71 10.60 10.45 10.45 5.94 5.94
1.44 1.44 1.44 1.44 1.47 1.47 1.47 1.47 1.53 1.53 0.50 0.50 2.00 2.00 0.57 0.56 0.56 2.15 2.15 2.15 2.12 2.12 2.12 2.12 2.09 2.09 2.09 2.09 2.26 2.26 2.26 2.26 2.27 2.27 2.27 2.27 2.27 2.27 3.92 2.27 2.25 2.25 2.25 2.25 2.80 0.96 0.96 0.96 1.78 1.78 1.78 1.78 1.79 1.79 1.79 1.79 1.80 1.80 4.48 4.48 5.61 10.08 9.22 5.61 5.89 5.89 5.89 5.89 6.06 6.06 11.44 6.06 6.81 6.81 6.81 6.81 10.71 6.08 6.08 6.08 5.91 5.91 5.91 5.91
1.44 1.44 1.44 1.44 1.47 1.47 3.47 1.47 1.53 5.78 1.53 0.50 0.56 2.00 0.47 0.65 0.56 0.56 2.15 2.15 2.12 2.12 2.12 2.12 2.09 2.09 2.09 2.09 2.26 2.26 2.26 2.26 2.27 2.27 2.27 2.27 4.70 2.27 2.27 2.27 2.25 2.25 2.25 4.66 2.74 1.43 0.96 0.96 2.83 2.83 2.83 4.44 1.79 1.79 1.79 1.79 1.80 4.03 4.03 4.48 5.61 2.47 4.41 5.61 5.89 5.89 5.89 5.89 6.06 6.06 14.68 6.06 6.81 6.81 6.81 6.81 6.08 6.08 6.08 6.08 5.91 5.91 14.67 5.91
2.80 2.80 3.69 3.70 2.85 2.85 2.85 2.85 2.97 5.22 4.93 2.97 3.34 3.34 1.00 1.18 1.17 1.17 1.17 4.76 3.27 3.27 3.27 3.27 3.24 3.24 3.24 3.24 3.39 3.39 3.39 3.39 3.40 3.40 3.40 3.40 3.40 3.40 3.40 3.40 5.64 3.37 3.37 3.37 3.64 1.31 1.31 3.64 3.67 3.67 3.67 3.67 3.70 3.70 3.70 3.69 3.69 3.69 3.69 7.51 11.40 4.03 4.03 8.07 8.16 8.16 8.16 8.16 23.90 8.37 8.37 8.37 8.56 8.56 8.56 8.56 8.78 5.58 8.78 8.78 8.56 8.56 8.56 8.56
2.80 2.80 2.80 2.80 2.85 2.85 2.85 2.85 2.97 2.97 2.97 2.97 3.34 3.34 3.34 1.18 1.14 2.15 1.17 0.72 1.15 1.15 3.27 3.27 3.24 3.24 3.24 3.24 3.39 3.39 3.39 3.39 3.40 3.40 3.40 3.40 3.40 3.40 3.40 3.40 3.37 3.37 3.37 3.37 3.64 3.64 3.64 3.64 3.67 3.67 3.67 3.67 3.70 10.87 3.70 3.33 1.34 1.34 1.34 3.69 4.03 4.03 4.03 8.07 8.16 8.16 8.16 8.16 8.37 16.65 8.37 8.37 8.56 8.56 8.56 8.56 8.78 8.78 8.78 8.78 8.56 8.56 17.07 8.56
2.85 2.85 2.85 2.85 2.82 2.82 2.82 2.82 2.88 2.88 5.22 2.88 3.31 5.53 3.31 3.31 1.14 1.14 1.18 1.18 1.18 1.18 1.18 1.18 3.31 3.31 3.31 3.31 3.48 3.48 3.48 3.48 3.48 3.48 3.48 3.48 3.44 3.44 3.44 3.44 3.40 3.40 3.40 3.40 3.72 3.72 3.72 3.72 4.41 4.41 8.56 4.41 8.57 4.41 4.41 1.78 1.39 1.39 1.39 1.39 1.93 1.93 8.09 8.09 8.17 8.17 8.17 8.17 16.60 8.33 8.33 8.33 8.49 8.49 8.49 8.49 8.70 8.70 8.70 8.70 8.50 8.50 8.50 8.50
2.85 2.85 2.85 2.85 2.82 2.82 2.82 2.82 4.74 2.88 2.88 2.88 3.31 3.31 3.12 2.05 2.05 1.14 1.00 2.74 1.18 1.18 1.18 1.18 3.31 3.31 3.31 3.31 3.48 3.48 3.48 3.48 3.48 3.48 3.48 3.48 3.44 3.44 3.44 3.44 3.40 3.40 3.40 3.40 3.72 3.72 3.72 3.72 4.41 4.41 4.41 4.41 4.41 4.41 4.41 1.78 3.87 3.87 3.87 3.87 1.93 1.93 4.72 4.72 4.77 4.77 9.89 8.17 8.33 8.33 8.33 8.33 8.49 8.49 8.49 16.94 8.70 8.70 17.35 17.35 8.50 8.50 8.50 16.83
2.85 2.85 2.85 6.65 2.82 2.82 2.82 2.82 4.74 2.88 2.88 2.88 3.31 3.31 3.31 3.31 4.50 3.34 3.34 3.34 3.90 1.00 1.18 2.35 3.31 3.31 3.31 3.31 3.48 3.48 3.48 3.48 3.48 3.48 3.48 3.48 3.44 3.44 3.44 3.44 3.40 3.40 3.40 3.40 3.72 3.72 3.72 3.72 4.41 4.41 4.41 4.41 8.57 4.41 4.41 4.41 3.87 3.87 3.87 3.87 1.93 1.93 1.93 4.72 4.77 9.27 4.77 4.77 4.88 8.33 8.33 8.33 8.49 8.49 8.49 8.49 8.70 8.70 8.70 8.70 8.50 8.50 8.50 16.83
2.85 2.85 2.85 2.85 5.97 4.68 2.82 2.82 2.88 2.88 2.88 2.88 3.31 3.31 3.31 3.31 3.34 3.34 3.34 3.34 1.63 1.63 3.33 3.33 3.31 5.53 3.31 3.31 3.48 3.48 3.48 3.48 3.48 3.48 3.48 3.48 3.44 3.44 3.44 3.44 3.40 3.40 3.40 3.40 3.72 3.72 3.72 3.72 4.41 4.41 4.41 4.41 8.57 8.57 8.57 4.41 3.87 3.87 7.09 5.79 1.93 1.93 1.93 4.72 4.77 4.77 4.77 9.24 4.88 4.88 4.88 4.88 4.99 8.49 8.49 8.49 8.70 8.70 8.70 8.70 16.91 8.50 8.50 8.50
2.93 2.93 2.93 2.93 2.86 4.75 2.86 2.86 2.83 2.83 2.83 2.83 3.26 3.26 3.26 5.44 3.33 3.33 3.33 3.33 3.32 3.32 3.32 3.32 3.31 3.31 3.31 3.31 3.52 3.52 3.52 3.52 3.54 3.54 3.54 3.54 3.50 3.50 3.50 3.50 3.47 3.47 3.47 3.47 4.45 4.45 4.45 4.45 4.48 4.48 4.48 4.48 4.46 4.46 4.46 4.46 4.38 4.38 4.38 4.38 1.93 1.93 1.93 2.81 6.17 4.73 4.73 4.73 9.27 4.80 4.80 4.80 4.84 4.84 4.84 9.41 8.45 8.45 8.45 8.45 8.39 8.39 8.39 8.39
2.93 2.93 2.93 2.93 2.86 2.86 2.86 2.86 2.83 2.83 4.70 2.83 3.26 3.26 5.44 3.26 3.33 3.33 3.33 3.33 3.32 3.32 3.32 3.32 3.31 5.52 3.31 3.31 3.52 3.52 3.52 3.52 3.54 3.54 3.54 3.54 3.50 3.50 3.50 3.50 3.47 3.47 3.47 3.47 4.45 4.45 4.45 4.45 4.48 4.48 4.48 4.48 4.46 4.46 4.46 4.46 4.38 4.38 4.38 4.38 1.93 1.93 1.93 1.93 1.94 4.73 4.73 4.73 9.27 4.80 9.32 4.80 9.38 4.84 4.84 4.84 4.96 4.96 4.96 4.96 8.39 8.39 8.39 8.39
6.85 2.93 2.93 2.93 2.86 2.86 2.86 2.86 2.83 2.83 2.83 2.83 5.17 3.26 3.26 5.44 3.33 3.33 3.33 3.33 3.32 5.55 3.32 3.32 3.31 3.31 3.31 3.31 3.52 3.52 3.52 3.52 6.56 12.98 10.40 6.56 3.50 6.48 3.50 3.50 5.81 3.47 3.47 3.47 4.45 4.45 4.45 4.45 4.48 4.48 4.48 4.48 4.46 4.46 4.46 8.66 4.38 4.38 4.38 2.62 1.93 1.93 1.93 1.93 1.94 1.94 1.94 4.73 4.80 4.80 4.80 4.80 4.84 4.84 4.84 4.84 4.96 4.96 4.96 4.96 4.92 4.92 9.56 8.39
2.93 2.93 4.85 2.93 2.86 2.86 2.86 2.86 2.83 2.83 2.83 2.83 3.26 3.26 3.26 3.26 3.33 3.33 3.33 5.52 3.32 3.32 7.16 3.32 3.31 3.31 5.50 3.31 3.52 3.52 3.52 3.52 3.54 6.54 3.54 3.54 3.50 3.50 3.50 3.50 3.47 3.47 3.47 3.47 4.45 4.45 4.45 4.45 12.32 4.48 8.71 8.65 4.46 15.97 8.62 4.46 4.38 4.38 4.38 1.76 1.93 1.93 1.93 1.93 2.82 1.94 1.94 1.94 1.97 4.80 4.80 4.80 4.84 4.84 4.84 4.84 4.96 4.96 4.96 4.96 4.92 4.92 4.92 9.54
1.82 2.94 4.17 6.88 2.93 2.93 2.93 2.93 2.87 2.87 2.87 2.87 3.20 3.20 3.20 10.44 3.26 3.26 3.26 3.26 3.25 3.25 3.25 5.43 3.26 3.26 3.26 3.26 5.72 3.50 6.49 3.50 3.51 6.51 3.51 3.51 3.52 6.53 3.52 3.52 3.51 3.51 3.51 3.51 4.47 4.47 12.26 4.47 4.46 4.46 4.46 4.46 4.41 8.56 4.41 4.41 3.71 3.71 1.34 1.34 1.93 1.93 1.93 1.93 1.94 1.94 1.94 1.94 1.94 1.94 1.94 1.94 1.93 2.82 1.93 2.82 2.01 2.01 6.37 4.87 9.51 4.89 4.89 9.51
1.82 1.82 1.82 2.94 2.93 2.93 2.93 4.82 2.87 4.76 2.87 4.96 3.20 3.20 3.20 5.34 3.26 3.26 3.26 3.26 3.25 3.25 3.25 3.25 3.26 3.26 3.26 3.26 3.50 3.50 3.50 3.50 3.51 3.51 3.51 3.51 3.52 3.52 6.53 3.52 3.51 3.51 3.51 3.51 4.47 8.69 4.47 4.47 4.46 4.46 4.46 4.46 4.41 4.41 4.41 4.41 3.71 3.71 1.34 1.34 1.93 1.93 1.93 1.93 1.94 1.94 1.94 1.94 1.94 1.94 1.94 1.94 1.93 1.93 1.93 1.93 2.90 2.01 2.01 9.46 4.89 4.89 4.89 4.89
