New_Model_Runs/10_Future_Present_Scn3_out/post_prcessed_with_MFR/Monthly_summaries/runoff_monthly_DEC.asc
NCOLS 700
NROWS 400
XLLCENTER 515000.000000
YLLCENTER 8409000.000000
CELLSIZE 50.000000
NODATA_value -999.000000
[rows 185 to 221 of 400, columns 252 to 335 of 700]
2.06 2.06 2.06 2.06 2.21 3.39 2.21 2.21 2.22 2.22 2.22 2.22 2.20 2.20 2.20 3.36 2.16 2.16 2.16 2.16 2.21 2.21 2.21 2.21 2.21 2.21 2.21 2.21 2.32 6.56 6.56 6.56 6.71 3.51 3.51 6.71 7.05 7.05 7.05 3.17 2.53 3.73 7.07 3.60 3.60 3.60 3.60 3.71 3.58 6.83 6.83 6.83 6.76 6.76 6.76 6.76 6.60 6.60 6.60 6.60 6.63 6.63 6.63 6.63 6.69 6.69 6.69 6.69 7.38 7.38 7.38 7.38 7.46 7.46 7.46 7.46 7.39 13.58 7.39 7.39 5.96 5.96 5.96 5.96
2.06 2.06 2.06 2.06 2.21 2.21 2.21 2.21 2.22 2.22 2.22 2.22 2.20 2.20 2.20 2.20 2.16 2.16 2.16 2.16 2.21 2.21 2.21 3.39 2.21 2.21 2.21 2.21 2.32 2.32 6.56 6.56 12.13 3.51 3.51 23.72 12.91 7.05 3.72 4.74 4.27 2.78 10.13 3.60 7.03 12.88 7.03 7.03 6.83 6.83 6.83 6.83 6.76 6.76 6.76 14.57 6.60 6.60 6.60 6.60 6.63 6.63 6.63 6.63 6.69 6.69 6.69 6.69 7.38 7.38 7.38 7.38 7.46 7.46 7.46 7.46 7.39 7.39 7.39 7.39 5.96 5.96 5.96 5.96
2.06 2.06 2.06 2.06 2.21 6.61 2.21 2.21 2.22 2.22 2.22 2.22 2.20 2.20 2.20 2.20 2.16 2.16 2.16 2.16 2.21 2.21 2.21 2.21 2.21 2.21 2.21 2.21 2.32 2.32 2.32 3.56 6.71 3.51 6.71 12.46 7.05 7.05 3.72 2.78 2.78 2.78 3.73 12.92 7.03 7.03 7.03 7.03 6.83 6.83 12.50 6.83 12.44 2.61 2.61 5.46 6.60 6.60 6.60 6.60 6.63 6.63 6.63 6.63 6.69 6.69 6.69 6.69 7.38 7.38 7.38 7.38 7.46 13.71 7.46 7.46 7.39 7.39 7.39 7.39 5.96 5.96 5.96 5.96
2.03 2.03 2.03 3.09 2.18 2.18 3.35 2.18 2.16 2.16 2.16 5.72 2.12 2.12 2.12 2.12 2.08 2.08 2.08 2.08 2.18 2.18 2.18 2.18 2.20 2.20 2.20 2.20 2.27 7.79 2.27 2.27 2.33 6.59 12.02 6.59 6.94 6.94 12.71 6.94 6.98 3.67 3.67 6.98 12.54 6.86 6.86 12.54 6.58 6.58 6.58 6.58 2.52 3.86 5.49 2.52 2.56 6.67 6.67 6.67 6.81 6.81 6.81 6.81 6.90 6.90 6.90 6.90 7.53 7.53 7.53 7.53 7.51 7.51 7.51 7.51 7.47 7.47 7.47 7.47 5.96 5.96 5.96 5.96
2.03 2.03 2.03 2.03 2.18 3.35 2.18 2.18 2.16 2.16 2.16 2.16 3.24 2.12 2.12 2.12 2.08 2.08 3.19 2.08 2.18 2.18 2.18 2.18 2.20 2.20 2.20 2.20 3.46 2.27 2.27 2.27 2.33 2.33 2.33 6.59 6.94 6.94 6.94 6.94 6.98 6.98 6.98 6.98 6.86 6.86 6.86 6.86 6.58 6.58 6.58 6.58 2.52 2.52 2.52 2.52 6.67 6.67 6.67 6.67 6.81 6.81 6.81 6.81 6.90 6.90 6.90 6.90 7.53 7.53 7.53 7.53 7.51 13.82 7.51 7.51 7.47 7.47 7.47 7.47 7.38 5.96 5.96 5.96
2.03 2.03 2.03 2.03 2.18 2.18 3.35 2.18 2.16 2.16 2.16 2.16 2.12 2.12 2.12 2.12 2.08 2.08 2.08 3.19 2.18 5.84 2.18 2.18 3.38 2.20 2.20 2.20 2.27 2.27 2.27 2.27 2.33 2.33 2.33 2.33 6.94 6.94 6.94 6.94 6.98 6.98 6.98 6.98 6.86 6.86 6.86 6.86 6.58 6.58 6.58 2.52 2.52 2.52 2.52 2.52 6.67 6.67 6.67 6.67 6.81 6.81 6.81 12.46 12.63 12.63 6.90 6.90 7.53 7.53 7.53 7.53 7.51 7.51 7.51 7.51 7.47 7.47 7.47 7.47 7.38 7.38 5.96 5.96
2.03 2.03 2.03 3.07 2.18 2.18 2.18 2.18 2.16 2.16 2.16 2.16 2.12 2.12 2.12 2.12 3.16 2.08 2.08 2.08 2.18 2.18 3.35 2.18 2.20 2.20 2.20 3.38 2.27 2.27 2.27 3.47 2.33 2.33 2.33 2.33 2.50 2.50 6.94 6.94 6.98 6.98 6.98 6.98 6.86 6.86 6.86 6.86 6.58 6.58 2.52 2.52 2.52 2.52 2.52 6.58 6.67 6.67 6.67 12.18 12.34 12.50 6.81 6.81 12.59 6.90 6.90 6.90 7.53 7.53 7.53 7.53 7.51 7.51 7.51 7.51 7.47 7.47 7.47 13.73 7.38 7.38 7.38 7.38
1.99 1.99 1.99 1.99 2.12 5.81 2.12 2.12 3.14 2.06 2.06 2.06 2.01 2.01 2.01 2.01 2.03 3.09 2.03 2.03 2.18 2.18 2.18 2.18 2.21 2.21 2.21 2.21 2.22 2.22 2.22 2.22 2.24 2.24 2.24 2.24 2.39 2.39 2.39 6.70 6.69 6.69 6.69 6.69 6.55 6.55 6.55 6.55 6.41 2.43 2.43 2.43 2.55 2.55 2.55 6.64 6.76 6.76 6.76 12.35 6.86 6.86 6.86 6.86 6.96 12.75 6.96 6.96 7.58 7.58 7.58 7.58 7.61 7.61 7.61 7.61 7.64 7.64 7.64 7.64 13.71 7.52 7.52 7.52
1.99 1.99 1.99 1.99 2.12 3.43 2.12 2.12 2.06 2.06 2.06 2.06 2.01 2.01 2.01 2.01 2.03 2.03 2.03 2.03 2.18 2.18 2.18 2.18 2.21 2.21 2.21 2.21 2.22 2.22 2.22 3.51 2.24 2.24 2.24 2.24 2.39 2.39 2.39 2.39 2.39 6.69 6.69 6.69 6.55 6.55 2.50 2.50 6.41 2.43 2.43 2.43 2.55 2.55 2.55 6.64 6.76 6.76 18.57 6.76 6.86 6.86 6.86 6.86 6.96 6.96 6.96 6.96 7.58 7.58 7.58 7.58 7.61 7.61 7.61 7.61 7.64 7.64 7.64 7.64 7.52 7.52 7.52 7.52
2.41 2.41 2.41 2.41 2.48 5.55 2.48 2.48 2.41 2.41 5.41 2.41 2.35 2.35 5.28 2.35 2.38 2.38 2.38 2.38 2.35 2.35 2.35 2.35 2.38 2.38 2.38 2.38 2.40 2.40 2.40 2.40 2.41 2.41 2.41 2.41 2.45 2.45 2.45 2.45 2.45 2.45 6.83 6.83 6.68 2.57 2.57 2.57 2.50 2.50 2.50 2.50 2.63 2.63 2.63 9.05 6.92 12.67 6.92 6.92 7.03 7.03 7.03 7.03 12.99 7.14 7.14 7.14 7.22 7.22 13.25 7.22 7.26 7.26 7.26 7.26 7.28 4.81 7.28 7.28 7.17 7.17 13.44 7.17
2.41 2.41 2.41 2.41 2.48 2.48 5.49 2.48 2.41 2.41 2.41 2.41 2.35 2.35 2.35 2.35 2.38 2.38 2.38 2.38 2.35 2.35 2.35 2.35 2.38 2.38 2.38 2.38 2.40 2.40 2.40 2.40 2.41 2.41 2.41 2.41 2.45 2.45 2.45 2.45 2.45 2.45 2.45 6.83 2.57 2.57 2.57 6.68 6.54 2.50 2.50 6.54 6.80 2.63 2.63 2.63 6.92 6.92 4.66 6.92 7.03 7.03 7.03 7.03 7.14 7.14 7.14 13.08 7.22 7.22 7.22 13.25 7.26 7.26 7.26 7.26 7.28 7.28 19.81 7.28 7.17 13.14 7.17 7.17
5.39 5.39 5.39 2.40 2.40 2.40 2.40 2.40 2.33 2.33 3.60 2.33 2.40 2.40 2.40 2.40 2.51 2.51 2.51 2.51 2.44 2.44 2.44 2.44 2.44 2.44 2.44 2.44 2.44 2.44 2.44 2.44 2.45 2.45 2.45 2.45 2.44 2.44 2.44 2.44 2.39 2.39 2.39 2.39 2.35 6.61 6.61 6.61 6.57 6.57 6.57 6.57 2.67 2.67 2.67 2.67 6.96 16.64 6.96 6.96 7.04 7.04 7.04 7.04 7.15 7.15 7.15 7.15 7.26 7.26 7.26 7.26 13.45 7.37 7.37 7.37 7.38 7.38 7.38 7.38 7.19 7.19 7.19 7.19
2.40 2.40 2.40 5.39 2.40 2.40 2.40 2.40 2.33 2.33 2.33 2.33 2.40 2.40 2.40 2.40 2.51 2.51 2.51 2.51 2.44 2.44 2.44 2.44 2.44 2.44 2.44 2.44 2.44 2.44 2.44 2.44 2.45 2.45 2.45 2.45 2.44 2.44 2.44 2.44 2.39 2.39 2.39 2.39 2.35 2.35 6.61 6.61 6.57 6.57 6.57 6.57 2.67 2.67 2.67 2.67 5.64 5.64 6.96 6.96 7.04 7.04 7.04 7.04 7.15 7.15 7.15 7.15 7.26 7.26 7.26 7.26 7.37 7.37 7.37 7.37 7.38 7.38 7.38 7.38 7.19 7.19 7.19 7.19
2.40 2.40 2.40 5.39 2.40 2.40 2.40 2.40 2.33 2.33 2.33 2.33 2.40 2.40 2.40 2.40 2.51 2.51 2.51 2.51 2.44 2.44 2.44 2.44 2.44 2.44 2.44 2.44 2.44 2.44 2.44 2.44 2.45 2.45 2.45 2.45 2.44 2.44 2.44 2.44 2.39 2.39 2.39 2.39 2.35 2.35 2.35 2.35 6.57 6.57 6.57 6.57 2.67 2.67 6.88 2.67 2.71 2.71 6.96 6.96 7.04 7.04 7.04 7.04 7.15 7.15 7.15 7.15 7.26 7.26 7.26 7.26 7.37 7.37 7.37 7.37 7.38 7.38 13.57 13.40 7.19 7.19 7.19 12.80
2.40 2.40 2.40 2.40 2.40 2.40 2.40 2.40 3.60 2.33 2.33 2.33 2.40 2.40 2.40 2.40 2.51 2.51 2.51 2.51 2.44 2.44 2.44 2.44 2.44 2.44 2.44 2.44 2.44 2.44 2.44 2.44 2.45 2.45 2.45 2.45 2.44 2.44 2.44 2.44 2.39 2.39 2.39 2.39 2.35 2.35 2.35 2.35 2.33 6.57 6.57 6.57 6.88 6.88 6.88 6.88 6.96 6.96 6.96 6.96 7.04 7.04 7.04 7.04 7.15 7.15 7.15 7.15 13.23 13.32 13.32 13.32 7.37 7.37 7.37 7.37 7.38 13.57 7.38 7.38 7.19 7.19 7.19 7.19
2.37 2.37 2.37 2.37 2.35 2.35 2.35 2.35 7.13 2.38 2.38 2.38 2.53 2.53 2.53 2.53 2.62 2.62 2.62 2.62 2.52 2.52 2.52 2.52 2.51 2.51 2.51 2.51 2.53 2.53 2.53 2.53 2.54 2.54 2.54 2.54 2.49 2.49 2.49 2.49 2.41 2.41 5.41 2.41 2.35 2.35 5.29 2.35 2.34 2.34 2.34 6.60 6.99 6.99 6.99 6.99 7.07 7.07 7.07 7.07 7.08 7.08 7.08 7.08 7.14 7.14 7.14 7.14 18.58 7.27 7.27 7.27 7.37 7.37 7.37 7.37 13.50 7.35 7.35 7.35 7.13 7.13 7.13 17.67
2.37 2.37 2.37 2.37 2.35 5.28 5.28 2.35 2.38 2.38 2.38 2.38 2.53 2.53 2.53 2.53 2.62 2.62 2.62 2.62 2.52 2.52 2.52 2.52 2.51 2.51 2.51 2.51 2.53 2.53 2.53 2.53 2.54 2.54 2.54 2.54 2.49 2.49 5.57 2.49 5.41 5.41 2.41 2.41 2.35 2.35 2.35 2.35 2.34 2.34 0.39 2.34 6.99 6.99 6.99 6.99 7.07 7.07 7.07 7.07 7.08 7.08 7.08 7.08 7.14 7.14 7.14 13.09 7.27 7.27 7.27 7.27 7.37 7.37 7.37 7.37 7.35 7.35 7.35 13.50 19.37 18.41 13.08 12.72
2.37 2.37 2.37 2.37 2.35 2.35 2.35 2.35 2.38 2.38 2.38 2.38 2.53 2.53 2.53 2.53 2.62 2.62 2.62 0.81 2.52 2.52 2.52 2.52 2.51 2.51 2.51 2.51 2.53 2.53 2.53 2.53 2.54 2.54 2.54 5.64 2.49 2.49 2.49 2.49 2.41 2.41 2.41 2.41 2.35 2.35 2.35 2.35 2.34 2.34 0.39 2.34 2.53 6.99 6.99 6.99 7.07 7.07 7.07 7.07 7.08 7.08 7.08 7.08 7.14 7.14 7.14 7.14 7.27 7.27 7.27 7.27 7.37 7.37 7.37 7.37 7.35 13.50 7.35 7.35 7.13 7.13 13.08 7.13
2.37 5.33 5.33 5.32 2.35 2.35 2.35 2.35 2.38 2.38 2.38 2.38 2.53 5.70 2.53 2.53 2.62 2.62 2.62 0.81 2.88 2.52 2.52 2.52 2.51 2.51 2.51 2.51 2.53 2.53 2.53 2.53 2.54 0.78 2.54 2.54 2.49 2.49 2.49 2.49 2.41 2.41 2.41 2.41 5.29 2.35 2.35 2.35 2.34 2.34 2.34 2.34 2.53 2.53 2.53 6.99 7.07 7.07 12.96 7.07 7.08 7.08 7.08 7.08 7.14 7.14 7.14 7.14 7.27 7.27 7.27 7.27 7.37 7.37 7.37 20.05 7.35 7.35 13.50 7.35 7.13 7.13 7.13 7.13
2.35 2.35 2.35 2.35 2.33 2.33 2.33 2.33 2.42 2.42 2.42 2.42 2.58 2.58 2.58 2.58 2.64 2.64 2.64 0.82 0.79 2.56 5.73 2.56 2.56 2.56 2.56 2.56 2.57 2.57 2.57 0.79 0.77 2.96 2.52 2.52 2.46 2.46 2.46 2.46 2.40 2.40 2.40 2.40 5.27 2.34 2.34 2.34 2.38 2.38 2.38 2.38 2.56 2.56 2.56 2.56 7.14 7.14 7.14 7.14 7.18 7.18 7.18 7.18 7.23 7.23 7.23 7.23 7.32 7.32 7.32 7.32 7.38 7.38 7.38 13.56 7.30 7.30 7.30 7.30 7.07 7.07 7.07 7.07
2.43 2.35 2.35 2.35 2.33 2.33 2.33 2.33 5.43 2.42 2.42 2.42 2.58 2.58 2.58 2.58 2.64 2.64 0.82 0.82 1.01 2.56 2.56 2.56 2.56 2.56 0.79 2.56 2.57 2.57 0.79 0.79 0.98 2.52 2.52 2.52 2.46 2.46 2.46 2.46 2.40 2.40 2.40 2.40 2.34 2.34 2.34 2.34 2.38 2.38 2.38 2.38 2.56 2.56 2.56 2.56 2.60 2.60 7.14 7.14 7.18 7.18 7.18 7.18 7.23 7.23 7.23 7.23 7.32 7.32 7.32 7.32 7.38 7.38 7.38 7.38 7.30 7.30 7.30 7.30 7.07 7.07 7.07 7.07
2.43 2.35 2.35 2.35 2.33 2.33 2.33 2.33 2.42 2.42 2.42 2.42 2.58 2.58 2.58 2.58 2.64 2.64 0.82 0.82 0.79 2.56 2.56 2.56 2.56 0.79 0.79 0.79 0.79 0.79 0.79 0.79 2.52 2.52 5.65 2.52 2.46 2.46 5.52 2.46 2.40 2.40 5.38 2.40 2.34 2.34 2.34 2.34 2.38 2.38 2.38 2.38 2.56 2.56 2.56 2.56 2.60 7.61 2.60 7.14 7.18 7.18 7.18 7.18 7.23 7.23 7.23 7.23 7.32 7.32 7.32 7.32 7.38 7.38 7.38 7.38 7.30 7.30 7.30 7.30 7.07 7.07 7.07 7.07
2.43 2.35 2.35 2.35 2.33 2.33 2.33 2.33 2.42 2.42 2.42 2.42 2.58 2.58 2.58 2.58 2.64 2.64 0.82 0.82 0.79 0.79 2.56 2.56 2.56 0.79 0.79 0.79 0.79 0.79 1.00 2.57 2.52 2.52 2.52 2.52 2.46 2.46 2.46 2.46 2.40 2.40 5.38 5.34 2.34 2.34 2.34 2.34 2.38 2.38 2.38 2.38 2.56 2.56 2.56 2.56 2.60 2.60 2.60 2.60 2.62 7.18 7.18 7.18 7.23 7.23 7.23 7.23 7.32 7.32 7.32 7.32 7.38 7.38 7.38 13.49 7.30 7.30 7.30 7.30 7.07 19.18 7.07 7.07
2.39 2.39 2.32 2.32 2.34 2.34 2.34 2.34 2.50 2.50 2.50 2.50 2.62 2.62 2.62 2.62 2.66 2.66 0.83 0.83 0.80 0.80 2.58 2.58 0.80 0.80 2.58 0.80 0.77 4.81 5.65 2.53 2.45 2.45 2.45 2.45 2.43 2.43 2.43 2.43 2.38 2.38 2.38 2.38 2.36 2.36 2.36 2.36 2.41 2.41 2.41 2.41 2.57 2.57 2.57 2.57 2.62 2.62 2.62 2.62 2.66 2.66 7.27 7.27 7.32 7.32 7.32 7.32 7.41 7.41 7.41 7.41 7.44 7.44 3.98 4.52 7.29 3.88 3.88 7.29 7.03 7.03 7.03 7.03
2.39 4.62 2.32 2.32 2.34 2.34 2.34 2.34 2.50 2.50 2.50 2.50 2.62 2.62 2.62 2.62 2.66 2.66 0.83 0.83 0.80 0.80 0.80 0.80 0.80 2.58 5.77 0.80 0.77 2.53 2.53 8.10 2.45 2.45 2.45 2.45 2.43 2.43 2.43 2.43 2.38 2.38 2.38 2.38 2.36 2.36 2.36 2.36 2.41 2.41 2.41 2.41 2.57 2.57 2.57 2.57 2.62 2.62 2.62 2.62 2.66 2.66 2.66 2.66 7.32 7.32 7.32 7.32 7.41 7.41 7.41 3.96 3.98 6.30 3.98 2.99 3.88 3.88 3.88 3.88 7.03 7.03 7.03 7.03
2.83 2.83 2.69 2.69 2.48 2.48 2.48 2.48 2.65 2.65 2.65 2.65 2.77 2.77 2.77 2.77 2.81 2.81 0.89 0.89 0.77 1.22 2.53 2.53 2.52 2.52 2.52 0.77 0.75 2.47 2.47 2.47 5.37 2.39 2.39 2.39 2.33 2.33 2.33 2.33 3.51 2.28 2.28 2.28 2.26 2.26 2.26 2.26 2.31 2.31 2.31 2.31 2.39 2.39 2.39 2.39 2.44 2.44 2.44 2.44 2.47 3.69 2.47 2.47 2.50 6.93 6.93 6.93 6.70 6.70 5.66 5.66 5.66 5.66 5.66 6.47 3.43 3.43 3.43 3.43 6.34 6.34 6.34 6.34
2.83 5.03 2.83 2.69 2.48 2.48 2.48 2.48 2.65 2.65 2.65 2.65 2.77 2.77 2.77 2.77 2.81 0.89 0.89 0.89 0.77 2.53 2.53 2.53 2.52 5.65 0.77 0.77 2.47 2.47 2.47 2.47 2.39 2.39 2.39 2.39 2.33 2.33 2.33 2.33 2.28 3.51 2.28 2.28 2.26 2.26 2.26 2.26 2.31 2.31 2.31 2.31 2.39 2.39 2.39 2.39 2.44 2.44 2.44 2.44 5.54 2.47 2.47 3.69 2.50 2.50 6.93 6.93 3.50 6.70 2.38 2.62 5.66 9.45 3.51 3.51 6.59 6.59 6.59 6.59 6.34 6.34 6.34 6.34
6.42 2.77 2.77 2.64 2.55 2.55 2.55 2.55 2.74 2.74 2.74 2.74 2.80 2.80 2.80 2.80 2.82 0.89 0.89 0.89 0.77 2.53 2.53 2.53 2.50 2.50 2.50 2.50 2.41 2.41 2.41 2.41 2.37 2.37 2.37 2.37 2.32 2.32 2.32 3.56 2.28 2.28 2.28 2.28 2.30 2.30 2.30 2.30 2.33 2.33 2.33 2.33 2.41 2.41 2.41 2.41 2.44 2.44 2.44 2.44 2.47 2.47 2.47 1.12 3.69 2.50 2.50 0.74 3.54 3.49 2.16 2.62 4.73 2.62 3.47 6.65 6.46 6.46 6.46 11.65 6.32 6.32 6.32 6.32
2.77 4.50 2.77 2.77 2.55 2.55 2.55 2.55 2.74 2.74 2.74 2.74 2.80 2.80 2.80 2.80 2.82 0.89 0.89 0.89 0.77 2.53 2.53 2.53 2.50 2.50 2.50 2.50 2.41 2.41 2.41 2.41 2.37 2.37 2.37 2.37 7.01 2.32 2.32 2.32 2.28 2.28 2.28 2.28 2.30 2.30 2.30 2.30 2.33 2.33 2.33 2.33 2.41 2.41 2.41 2.41 2.44 2.44 2.44 2.44 2.47 2.47 0.75 2.47 3.69 2.50 2.50 0.74 0.34 5.66 5.66 2.62 2.62 2.62 3.47 6.65 6.46 6.46 6.46 6.46 6.32 6.32 6.32 6.32
2.77 2.77 2.77 2.77 2.55 2.55 2.55 2.55 2.74 2.74 2.74 2.74 2.80 2.80 2.80 2.80 2.82 0.89 0.89 0.89 0.77 2.53 2.53 2.53 2.50 2.50 5.59 2.50 2.41 2.41 5.42 2.41 2.37 2.37 2.37 2.37 5.26 2.32 2.32 2.32 3.52 2.28 2.28 2.28 2.30 2.30 2.30 2.30 2.33 2.33 2.33 2.33 2.41 2.41 2.41 2.41 2.44 2.44 2.44 2.44 2.47 2.47 2.47 0.78 0.76 2.50 2.50 2.50 0.34 2.14 2.14 4.02 2.62 12.14 6.65 6.65 6.46 6.46 6.46 6.46 6.32 6.32 6.32 6.32
2.77 2.77 2.77 2.77 2.55 2.55 2.55 2.55 2.74 2.74 2.74 2.74 2.80 2.80 2.80 2.80 2.82 0.89 0.89 0.89 2.53 2.53 2.53 2.53 5.59 0.76 5.59 2.50 2.41 2.41 5.42 2.41 2.37 2.37 2.37 2.37 10.40 2.32 2.32 2.32 2.28 2.28 2.28 2.28 2.30 2.30 2.30 2.30 2.33 2.33 2.33 2.33 2.41 2.41 2.41 2.41 2.44 2.44 2.44 2.44 2.47 2.47 2.47 2.82 0.59 2.50 2.50 2.50 0.72 0.93 2.14 0.93 4.02 3.47 3.41 6.65 6.46 6.46 6.46 6.46 6.32 6.32 6.32 6.32
4.94 2.79 2.79 2.79 2.79 2.65 2.65 2.65 2.81 2.81 2.81 2.81 2.83 2.83 2.83 2.83 2.82 0.89 0.89 2.82 2.51 2.51 2.51 5.63 2.91 0.76 0.76 2.48 2.40 2.40 2.40 2.40 2.36 2.36 2.36 7.09 2.32 2.32 2.32 2.32 2.32 2.32 2.32 2.32 2.32 2.32 2.32 2.32 2.33 3.63 2.33 2.33 2.43 2.43 2.43 2.43 2.45 2.45 2.45 2.45 2.45 5.50 2.45 0.74 0.45 2.12 0.45 0.74 0.93 0.93 0.74 2.14 4.84 2.14 2.38 6.54 6.42 6.42 6.42 6.42 6.40 6.40 6.40 6.40
2.79 2.79 2.79 2.79 2.79 2.65 2.65 2.65 2.81 2.81 2.81 2.81 2.83 2.83 2.83 0.90 0.89 0.89 2.82 2.82 2.51 2.51 2.51 2.51 2.48 0.76 2.54 5.50 2.40 2.40 2.40 2.40 2.36 2.36 2.36 2.36 2.32 2.32 2.32 2.32 2.32 2.32 2.32 2.32 2.32 2.32 2.32 2.32 1.07 2.33 2.33 2.33 2.43 2.43 5.45 2.43 2.45 2.45 2.45 2.45 2.45 2.45 2.45 0.74 0.45 1.00 1.00 0.45 0.41 2.14 0.74 2.14 2.49 0.69 0.69 5.66 3.32 6.42 6.42 3.32 3.31 3.31 6.40 3.26
2.79 2.79 2.79 2.79 2.79 2.79 2.65 2.65 2.81 2.81 2.81 2.81 0.90 0.92 0.90 0.90 0.89 0.89 2.82 2.82 2.51 2.51 2.51 2.55 2.54 0.76 0.76 2.48 0.72 0.72 2.40 2.40 2.36 2.36 2.36 2.36 2.32 2.32 2.32 2.32 2.32 2.32 2.32 2.32 2.32 2.32 2.32 2.32 2.33 2.33 2.33 2.33 2.43 2.43 2.43 2.43 2.45 2.45 2.45 2.45 2.45 2.45 0.74 0.40 0.45 0.74 2.65 2.27 0.93 2.14 0.93 2.14 2.14 0.69 2.14 5.34 5.34 9.49 2.38 2.38 2.37 2.57 5.66 2.84
2.79 2.79 2.79 2.79 2.79 2.79 2.65 2.65 2.81 2.81 2.81 2.81 0.90 0.90 0.90 0.91 0.89 2.82 2.82 2.82 2.51 2.60 5.78 2.55 2.54 2.48 0.76 0.76 0.76 0.72 0.72 2.40 2.36 2.36 2.36 2.47 0.36 0.72 2.32 2.32 2.32 2.32 2.32 2.32 2.32 2.32 2.32 3.58 2.33 2.33 2.33 2.33 2.43 2.43 5.45 2.43 2.45 2.45 2.45 2.45 2.45 2.45 0.74 0.74 1.00 0.74 2.27 2.27 0.93 2.14 2.14 0.74 2.14 2.14 5.34 5.34 5.34 5.34 9.11 9.11 5.34 5.34 5.34 5.34
2.86 2.86 2.86 2.86 2.85 2.85 2.72 2.72 2.82 2.82 2.82 2.82 0.90 0.90 0.91 0.91 2.82 2.82 2.82 2.82 2.51 2.60 2.55 2.55 0.78 0.78 0.77 0.76 0.91 0.90 2.69 5.31 2.31 2.31 2.31 2.31 5.11 5.06 2.34 2.34 2.37 2.37 2.37 2.37 2.33 2.33 2.33 2.33 2.33 2.33 2.33 2.33 2.44 2.44 0.74 2.44 2.46 2.46 2.46 1.12 1.11 2.44 0.74 0.74 0.40 1.00 2.27 2.27 2.14 0.93 2.14 2.14 2.14 5.34 5.34 5.34 5.34 9.11 9.11 0.00 9.11 9.11 5.34 5.34
2.86 2.86 2.86 2.86 2.85 2.85 2.85 2.72 2.82 2.82 2.82 2.82 0.90 0.90 0.90 2.84 2.82 2.82 2.82 2.82 2.51 2.55 5.71 2.55 0.78 0.80 0.80 0.76 0.71 2.68 0.71 2.37 2.31 2.31 2.31 2.31 2.24 4.48 2.73 5.28 2.37 2.37 2.37 2.37 2.33 2.33 2.33 2.33 2.33 2.33 2.33 2.33 2.44 2.44 0.45 0.45 1.32 2.46 2.53 3.69 3.69 6.97 2.44 0.74 0.75 2.27 1.00 2.27 2.14 2.14 2.14 2.14 5.34 5.34 5.34 5.34 9.11 9.11 9.11 0.00 0.00 0.00 9.11 3.41
