New_Model_Runs/10_Future_Present_Scn3_out/post_prcessed_with_MFR/Monthly_summaries/runoff_monthly_FEB.asc
NCOLS 700
NROWS 400
XLLCENTER 515000.000000
YLLCENTER 8409000.000000
CELLSIZE 50.000000
NODATA_value -999.000000
[rows 190 to 227 of 400, columns 84 to 167 of 700]
0.00 0.00 0.00 0.00 0.00 0.00 0.00 0.00 0.00 0.00 0.00 0.00 0.00 0.00 0.00 0.00 0.00 0.00 0.00 0.00 0.00 0.00 0.00 0.00 0.00 1.47 1.47 1.47 1.61 1.61 1.61 1.61 1.59 1.59 1.59 1.59 1.57 2.65 2.65 1.57 1.58 1.58 1.58 1.58 1.71 1.71 1.71 1.71 1.72 3.86 2.91 1.72 1.71 1.71 1.71 1.71 1.69 1.69 1.69 1.69 1.65 1.65 1.65 1.65 1.63 1.63 1.63 1.63 1.66 1.66 1.66 1.66 1.64 1.64 1.64 2.73 1.58 1.58 1.58 1.58 0.65 0.65 0.65 0.65
0.00 0.00 0.00 0.00 0.00 0.00 0.00 0.00 0.00 0.00 0.00 0.00 0.00 0.00 0.00 0.00 0.00 0.00 0.00 0.00 0.00 0.00 0.00 0.00 0.00 1.47 1.47 0.78 1.67 1.61 1.61 1.61 1.59 1.59 1.59 2.66 1.57 1.57 1.57 1.57 1.58 1.58 1.58 1.58 1.71 1.71 1.71 1.71 1.72 1.72 2.91 1.72 1.71 2.88 1.71 1.71 1.69 2.85 1.69 1.69 1.65 2.78 1.65 1.65 1.63 1.63 1.63 1.63 1.66 1.66 1.66 1.66 1.64 1.64 1.64 1.64 1.58 1.58 1.58 1.58 0.65 0.65 0.65 0.65
0.00 0.00 0.00 0.00 0.00 0.00 0.00 0.00 0.00 0.00 0.00 0.00 0.00 0.00 0.00 0.00 0.00 0.00 0.00 0.00 0.00 0.00 0.00 0.00 0.00 0.00 1.85 1.73 2.21 0.87 2.73 1.63 1.60 1.60 1.60 1.60 2.64 1.57 1.57 1.57 1.56 1.56 1.56 2.63 1.70 1.70 1.70 1.70 4.19 1.71 1.71 1.71 1.70 1.70 1.70 1.70 1.68 1.68 2.84 1.68 1.64 1.64 1.64 1.64 1.64 1.64 1.64 1.64 1.65 1.65 1.65 4.04 1.65 1.65 1.65 1.65 1.64 1.64 1.64 1.64 1.69 0.67 0.67 0.67
0.00 0.00 0.00 0.00 0.00 0.00 0.00 0.00 0.00 0.00 0.00 0.00 0.00 0.00 0.00 0.00 0.00 0.00 0.00 0.00 0.00 0.00 0.00 0.00 0.00 0.00 1.25 1.49 0.87 0.87 2.74 1.63 1.60 1.60 1.60 1.60 1.57 1.57 1.57 1.57 1.56 1.56 1.56 1.56 1.70 1.70 1.70 1.70 1.71 3.31 1.71 1.71 1.70 1.70 1.70 1.70 1.68 1.68 1.68 1.68 1.64 1.64 1.64 1.64 1.64 1.64 1.64 1.64 1.65 1.65 1.65 1.65 1.65 3.29 1.65 1.65 1.64 1.64 1.64 1.64 1.69 1.69 1.69 0.67
0.00 0.00 0.00 0.00 0.00 0.00 0.00 0.00 0.00 0.00 0.00 0.00 0.00 0.00 0.00 0.00 0.00 0.00 0.00 0.00 0.00 0.00 0.00 0.00 0.00 0.00 1.60 0.98 2.05 2.05 2.05 3.50 3.44 2.01 2.01 2.01 1.97 1.97 1.97 3.37 1.97 1.97 1.97 1.97 2.30 2.30 2.30 2.30 2.32 2.32 2.32 2.32 2.29 2.29 2.29 2.29 2.27 2.27 2.27 3.93 2.38 2.38 2.38 8.00 2.37 2.37 2.37 2.37 4.14 5.60 2.40 2.40 2.40 2.40 2.40 2.40 2.37 2.37 2.37 2.37 2.44 2.44 2.44 2.44
0.00 0.00 0.00 0.00 0.00 0.00 0.00 0.00 0.00 0.00 0.00 0.00 0.00 0.00 0.00 0.00 0.00 0.00 0.00 0.00 0.00 0.00 1.82 0.00 0.00 1.62 1.60 0.98 2.05 2.05 2.05 2.05 2.01 2.01 2.01 2.01 1.97 1.97 1.97 1.97 1.97 3.36 1.97 1.97 2.30 2.30 2.30 2.30 2.32 2.32 2.32 2.32 2.29 2.29 2.29 2.29 2.27 2.27 3.91 2.27 2.38 2.38 2.38 2.38 2.37 2.37 2.37 2.37 2.40 2.40 2.40 2.40 2.40 2.40 2.40 2.40 2.37 2.37 2.37 2.37 2.44 2.44 2.44 2.44
0.00 0.00 0.00 0.00 0.00 0.00 0.00 0.00 0.00 0.00 0.00 0.00 0.00 0.00 0.00 0.00 0.00 0.00 0.00 0.00 0.00 1.82 3.09 0.73 0.74 1.60 2.74 1.85 2.05 2.05 2.05 2.05 2.02 2.02 4.63 3.43 1.99 1.99 1.99 1.99 1.97 1.97 1.97 1.97 2.28 2.28 2.28 2.28 2.29 2.29 2.29 2.29 2.26 2.26 2.26 2.26 3.89 2.24 2.24 3.97 2.38 2.38 2.38 2.38 2.39 2.39 2.39 2.39 2.41 2.41 2.41 2.41 2.48 2.48 2.48 2.48 2.44 2.44 2.44 2.44 2.45 2.45 2.45 6.26
0.00 0.00 0.00 0.00 0.00 0.00 0.00 0.00 0.00 0.00 0.00 0.00 0.00 0.00 0.00 0.00 0.00 0.00 0.00 0.00 1.82 3.09 1.82 0.73 0.49 0.72 0.55 0.98 2.05 2.05 2.05 2.05 2.02 2.02 2.02 3.43 1.99 4.94 1.99 1.99 1.97 1.97 1.97 1.97 2.28 3.94 2.28 2.28 2.29 2.29 2.29 2.29 2.26 2.26 2.26 2.26 2.24 2.24 2.24 2.24 2.38 2.38 2.38 2.38 2.39 2.39 2.39 2.39 2.41 2.41 2.41 2.41 2.48 2.48 2.48 2.48 2.44 2.44 2.44 2.44 2.45 4.26 2.45 2.45
0.00 0.00 0.00 0.00 0.00 0.00 0.00 0.00 0.00 0.00 0.00 0.00 0.00 0.00 0.00 0.00 0.00 0.00 0.00 1.82 1.82 1.82 1.82 0.48 0.48 0.81 0.55 0.55 0.63 2.05 2.05 2.05 2.02 2.02 2.02 2.02 1.99 1.99 1.99 1.99 1.97 1.97 1.97 1.97 2.28 2.28 2.28 2.28 3.96 2.29 2.29 2.29 2.26 2.26 2.26 2.26 3.89 2.24 2.24 2.24 2.38 2.38 2.38 2.38 6.01 2.39 2.39 2.39 2.41 2.41 2.41 2.41 2.48 2.48 2.48 2.48 2.44 2.44 2.44 2.44 2.45 2.45 2.45 2.45
0.00 0.00 4.35 0.00 0.00 0.00 0.00 0.00 0.00 0.00 0.00 0.00 0.00 0.00 4.60 11.37 0.00 2.91 1.82 1.82 1.82 1.82 1.82 0.73 0.74 0.74 0.74 0.85 0.63 0.84 0.84 0.84 0.83 2.02 2.02 2.02 1.99 1.99 1.99 1.99 1.97 1.97 1.97 1.97 2.28 2.28 2.28 3.93 2.29 2.29 2.29 2.29 2.26 2.26 2.26 2.26 3.88 2.24 2.24 2.24 2.38 2.38 2.38 4.12 2.39 2.39 2.39 4.14 4.17 2.41 2.41 2.41 2.48 2.48 2.48 2.48 2.44 2.44 2.44 2.44 2.45 2.45 2.45 2.45
0.00 3.04 3.04 3.04 3.08 0.00 0.00 0.00 0.00 0.00 0.00 0.00 0.00 0.00 4.60 3.35 3.31 6.03 6.03 3.06 1.80 1.80 1.80 0.72 1.42 0.73 0.73 0.81 0.84 1.22 0.84 1.22 0.83 5.03 3.46 2.02 2.01 2.01 2.01 2.01 2.00 2.00 2.00 2.00 2.26 2.26 2.26 2.26 5.63 2.24 2.24 5.27 2.24 2.24 2.24 5.60 2.25 2.25 2.25 2.25 2.40 2.40 2.40 6.05 2.40 2.40 2.40 7.61 4.26 2.45 2.45 2.45 2.63 2.63 2.63 2.63 2.46 2.46 6.27 2.46 2.43 4.21 4.21 2.43
0.00 10.94 3.04 3.04 3.08 0.00 0.00 0.00 0.00 0.00 0.00 0.00 0.00 0.00 3.35 3.35 3.31 3.31 3.31 3.31 6.01 3.30 3.30 0.72 0.88 0.73 0.73 0.88 0.84 0.84 2.04 2.04 3.46 2.02 2.02 2.02 2.01 2.01 4.61 3.43 2.00 2.00 2.00 2.00 2.26 2.26 2.26 2.26 2.24 2.24 2.24 2.95 0.93 2.95 2.24 2.24 2.25 2.25 2.25 2.25 4.17 4.17 2.40 2.40 2.40 4.17 4.17 4.20 2.45 2.45 2.45 2.45 2.63 2.63 2.63 2.63 2.46 4.27 2.46 2.46 2.43 2.43 2.43 2.43
0.00 5.51 3.04 3.04 3.08 3.08 0.00 0.00 0.00 0.00 0.00 0.00 0.00 3.35 3.35 3.35 3.31 3.31 3.31 6.01 3.30 3.30 3.30 1.69 1.72 3.73 1.72 0.73 0.84 0.84 2.04 2.04 2.02 2.02 2.02 2.02 2.01 2.01 2.01 2.01 2.00 3.41 2.00 2.00 2.26 2.26 2.26 0.95 0.94 0.94 0.94 1.38 0.93 0.93 2.24 2.24 2.25 2.25 2.25 2.25 4.06 2.40 2.40 2.40 4.17 2.40 2.40 2.40 2.45 2.45 2.45 2.45 2.63 2.63 2.63 2.63 2.46 2.46 2.46 2.46 2.43 2.43 2.43 2.43
3.04 5.49 5.51 3.04 3.08 5.59 0.00 0.00 0.00 0.00 0.00 0.00 0.00 0.00 3.35 6.07 3.31 3.31 3.31 6.04 8.88 3.30 3.30 3.30 1.72 3.34 3.34 3.34 1.93 1.93 2.04 2.04 2.02 2.02 2.02 2.02 2.01 2.01 2.01 3.43 2.00 2.00 2.00 2.00 2.26 2.26 2.26 2.26 0.94 0.94 0.94 0.94 0.93 0.93 2.24 2.24 2.25 2.25 2.25 2.25 2.40 2.40 2.40 2.40 2.40 2.40 2.40 2.40 2.45 2.45 2.45 2.45 2.63 2.63 2.63 2.63 2.46 2.46 2.46 2.46 2.43 2.43 2.43 4.19
3.01 3.01 3.01 3.01 3.06 3.06 3.06 0.00 0.00 0.00 0.00 0.00 0.00 0.00 3.37 3.37 6.05 3.33 3.33 3.33 3.28 5.98 3.28 3.28 5.98 3.28 3.28 3.28 3.60 3.60 3.60 3.60 3.61 3.61 1.99 1.99 2.00 2.00 2.00 2.00 2.00 2.00 3.41 2.00 2.25 2.25 2.25 2.25 2.22 0.93 0.93 1.37 0.94 0.94 2.95 2.24 5.68 2.26 2.26 2.26 2.41 2.41 2.41 2.41 8.15 4.20 2.42 2.42 2.50 2.50 2.50 2.50 2.66 2.66 2.66 4.59 2.46 2.46 2.46 2.46 2.40 2.40 2.40 2.40
3.01 3.01 3.01 3.01 3.06 3.06 3.06 3.06 0.00 0.00 0.00 0.00 0.00 0.00 1.74 3.37 3.33 3.33 3.33 3.33 3.28 3.28 3.28 3.28 3.28 3.28 3.28 3.28 3.60 3.60 3.60 3.60 3.61 3.61 3.61 3.61 3.62 2.00 2.00 2.00 2.00 2.00 2.00 2.00 3.89 2.25 2.25 2.25 2.22 0.93 0.93 0.93 0.94 0.94 0.94 2.24 2.26 2.26 2.26 2.26 2.41 2.41 2.41 2.41 2.42 2.42 2.42 2.42 2.50 2.50 2.50 2.50 2.66 2.66 4.59 2.66 2.46 4.27 2.46 5.69 4.16 2.40 2.40 2.40
3.01 3.01 3.01 3.01 3.06 3.06 3.06 3.06 2.51 0.00 0.00 0.00 0.00 4.79 1.74 1.74 6.06 3.33 3.33 6.02 3.28 3.28 3.28 3.28 3.28 3.28 3.28 5.98 3.60 3.60 6.59 3.60 3.61 3.61 3.61 3.61 3.62 3.62 3.62 3.62 3.62 2.00 2.00 2.00 2.25 2.25 2.25 2.25 0.93 0.93 0.93 0.93 0.94 0.94 0.94 0.94 2.26 2.26 2.26 5.68 2.41 2.41 1.41 6.09 2.42 2.42 2.42 2.42 2.50 2.50 2.50 2.50 4.59 2.66 2.66 2.66 4.27 2.46 2.46 2.46 2.40 2.40 2.40 2.40
3.01 3.01 3.01 3.01 3.06 3.06 3.06 3.06 2.03 1.29 1.29 4.53 5.31 3.00 1.40 1.74 1.71 7.34 3.33 3.33 3.28 3.28 3.28 3.28 3.28 3.28 3.28 3.28 3.60 3.60 3.60 3.60 3.61 3.61 3.61 3.61 3.62 6.61 3.62 3.62 3.62 3.62 3.62 3.62 2.25 2.25 2.25 0.94 0.93 0.93 0.93 0.93 0.94 0.94 0.94 0.94 2.26 2.26 2.26 2.26 2.41 2.41 5.67 2.41 2.42 2.42 2.42 2.42 2.50 2.50 2.50 6.40 2.66 2.66 2.66 2.66 6.51 2.46 4.27 4.23 4.16 4.16 2.40 2.40
3.00 3.00 3.00 3.00 3.04 3.04 3.04 3.04 3.14 3.14 1.29 1.29 3.00 3.00 1.92 1.40 1.40 3.35 3.35 3.35 3.31 3.31 3.31 3.31 3.29 3.29 3.29 3.29 3.59 3.59 3.59 3.59 3.60 3.60 3.60 3.60 3.60 3.60 6.58 3.60 3.57 3.57 3.57 3.57 4.00 2.12 2.12 2.12 0.94 0.94 0.94 0.94 0.95 0.95 0.95 0.95 0.95 0.95 2.28 2.28 2.42 4.20 3.78 2.42 2.45 2.45 2.45 2.45 2.52 2.52 4.46 2.52 2.66 2.66 2.66 2.66 4.27 2.46 2.46 2.46 2.39 2.39 2.39 2.39
3.00 3.00 3.00 3.00 3.04 3.04 6.25 3.04 3.14 7.73 3.14 1.29 1.40 3.00 1.27 1.74 1.40 1.40 3.35 3.35 3.31 3.31 3.31 3.31 3.29 3.29 3.29 3.29 3.59 3.59 3.59 3.59 3.60 3.60 3.60 3.60 7.20 3.60 3.60 3.60 3.57 3.57 3.57 7.14 7.13 3.85 2.12 2.12 4.02 4.02 4.02 2.26 0.95 0.95 0.95 0.95 0.95 1.55 1.55 2.28 2.42 1.03 1.71 2.42 2.45 2.45 2.45 2.45 2.52 2.52 5.00 2.52 2.66 2.66 2.66 2.66 2.46 2.46 2.46 2.46 2.39 2.39 4.77 2.39
3.91 3.91 6.42 6.46 3.96 3.96 3.96 3.96 4.08 5.65 7.50 4.08 4.29 4.29 1.77 2.30 2.29 2.29 2.29 7.06 4.21 4.21 4.21 4.21 4.18 4.18 4.18 4.18 4.35 4.35 4.35 4.35 4.36 4.36 4.36 4.36 4.36 4.36 4.36 4.36 7.97 4.33 4.33 4.33 4.79 2.62 2.62 4.79 4.82 4.82 4.82 4.82 4.85 4.85 4.85 1.23 1.23 1.23 1.23 2.88 4.36 1.41 1.41 3.21 3.25 3.25 3.25 3.25 8.37 3.34 3.34 3.34 3.43 3.43 3.43 3.43 3.46 1.99 3.46 3.46 3.37 3.37 3.37 3.37
3.91 3.91 3.91 3.91 3.96 3.96 3.96 3.96 4.08 4.08 4.08 4.08 4.29 4.29 4.29 2.30 1.93 3.02 2.29 1.72 2.26 2.26 4.21 4.21 4.18 4.18 4.18 4.18 4.35 4.35 4.35 4.35 4.36 4.36 4.36 4.36 4.36 4.36 4.36 4.36 4.33 4.33 4.33 4.33 4.79 4.79 4.79 4.79 4.82 4.82 4.82 4.82 4.85 13.66 4.85 4.51 2.66 2.66 2.66 1.23 1.41 1.41 1.41 3.21 3.25 3.25 3.25 3.25 3.34 5.84 3.34 3.34 3.43 3.43 3.43 3.43 3.46 3.46 3.46 3.46 3.37 3.37 5.90 3.37
3.96 3.96 3.96 3.96 3.93 3.93 3.93 3.93 4.00 4.00 5.65 4.00 4.25 7.82 4.25 4.25 1.93 1.93 2.30 2.30 2.30 2.30 2.30 2.30 4.25 4.25 4.25 4.25 4.44 4.44 4.44 4.44 4.45 4.45 4.45 4.45 4.40 4.40 4.40 4.40 4.36 4.36 4.36 4.36 4.88 4.88 4.88 4.88 4.93 4.93 9.46 4.93 9.46 4.93 4.93 2.71 2.68 2.68 2.68 2.68 3.13 3.13 3.22 3.22 3.26 3.26 3.26 3.26 5.82 3.33 3.33 3.33 3.40 3.40 3.40 3.40 3.43 3.43 3.43 3.43 3.34 3.34 3.34 3.34
3.96 3.96 3.96 3.96 3.93 3.93 3.93 3.93 7.28 4.00 4.00 4.00 4.25 4.25 5.82 2.91 2.91 1.93 1.77 4.01 2.30 2.30 2.30 2.30 4.25 4.25 4.25 4.25 4.44 4.44 4.44 4.44 4.45 4.45 4.45 4.45 4.40 4.40 4.40 4.40 4.36 4.36 4.36 4.36 4.88 4.88 4.88 4.88 4.93 4.93 4.93 4.93 4.93 4.93 4.93 2.71 4.88 4.88 4.88 4.88 3.13 3.13 5.69 5.69 5.75 5.75 5.68 3.26 3.33 3.33 3.33 3.33 3.40 3.40 3.40 5.96 3.43 3.43 6.00 6.00 3.34 3.34 3.34 5.81
3.96 3.96 3.96 10.71 3.93 3.93 3.93 3.93 7.28 4.00 4.00 4.00 4.25 4.25 4.25 4.25 5.80 4.29 4.29 4.29 4.53 1.77 2.30 5.00 4.25 4.25 4.25 4.25 4.44 4.44 4.44 4.44 4.45 4.45 4.45 4.45 4.40 4.40 4.40 4.40 4.36 4.36 4.36 4.36 4.88 4.88 4.88 4.88 4.93 4.93 4.93 4.93 9.46 4.93 4.93 4.93 4.88 4.88 4.88 4.88 3.13 3.13 3.13 5.69 5.75 10.60 5.75 5.75 5.85 3.33 3.33 3.33 3.40 3.40 3.40 3.40 3.43 3.43 3.43 3.43 3.34 3.34 3.34 5.81
3.96 3.96 3.96 3.96 10.19 7.21 3.93 3.93 4.00 4.00 4.00 4.00 4.25 4.25 4.25 4.25 4.29 4.29 4.29 4.29 2.49 2.49 4.28 4.28 4.25 7.82 4.25 4.25 4.44 4.44 4.44 4.44 4.45 4.45 4.45 4.45 4.40 4.40 4.40 4.40 4.36 4.36 4.36 4.36 4.88 4.88 4.88 4.88 4.93 4.93 4.93 4.93 9.46 9.46 9.46 4.93 4.88 4.88 9.38 7.55 3.13 3.13 3.13 5.69 5.75 5.75 5.75 10.57 5.85 5.85 5.85 5.85 5.96 3.40 3.40 3.40 3.43 3.43 3.43 3.43 5.83 3.34 3.34 3.34
4.03 4.03 4.03 4.03 3.98 7.29 3.98 3.98 3.94 3.94 3.94 3.94 4.20 4.20 4.20 7.72 4.27 4.27 4.27 4.27 4.26 4.26 4.26 4.26 4.25 4.25 4.25 4.25 4.48 4.48 4.48 4.48 4.50 4.50 4.50 4.50 4.46 4.46 4.46 4.46 4.43 4.43 4.43 4.43 4.96 4.96 4.96 4.96 4.99 4.99 4.99 4.99 4.97 4.97 4.97 4.97 4.90 4.90 4.90 4.90 3.12 3.12 3.12 5.25 8.44 5.71 5.71 5.71 10.60 5.77 5.77 5.77 5.82 5.82 5.82 10.74 3.32 3.32 3.32 3.32 3.29 3.29 3.29 3.29
4.03 4.03 4.03 4.03 3.98 3.98 3.98 3.98 3.94 3.94 7.23 3.94 4.20 4.20 7.72 4.20 4.27 4.27 4.27 4.27 4.26 4.26 4.26 4.26 4.25 7.81 4.25 4.25 4.48 4.48 4.48 4.48 4.50 4.50 4.50 4.50 4.46 4.46 4.46 4.46 4.43 4.43 4.43 4.43 4.96 4.96 4.96 4.96 4.99 4.99 4.99 4.99 4.97 4.97 4.97 4.97 4.90 4.90 4.90 4.90 3.12 3.12 3.12 3.12 3.14 5.71 5.71 5.71 10.60 5.77 10.65 5.77 10.70 5.82 5.82 5.82 5.84 5.84 5.84 5.84 3.29 3.29 3.29 3.29
10.95 4.03 4.03 4.03 3.98 3.98 3.98 3.98 3.94 3.94 3.94 3.94 7.51 4.20 4.20 7.72 4.27 4.27 4.27 4.27 4.26 7.84 4.26 4.26 4.25 4.25 4.25 4.25 4.48 4.48 4.48 4.48 8.30 15.81 12.27 8.30 4.46 8.21 4.46 4.46 8.16 4.43 4.43 4.43 4.96 4.96 4.96 4.96 4.99 4.99 4.99 4.99 4.97 4.97 4.97 9.55 4.90 4.90 4.90 4.75 3.12 3.12 3.12 3.12 3.14 3.14 3.14 5.71 5.77 5.77 5.77 5.77 5.82 5.82 5.82 5.82 5.84 5.84 5.84 5.84 5.80 5.80 10.71 3.29
4.03 4.03 7.41 4.03 3.98 3.98 3.98 3.98 3.94 3.94 3.94 3.94 4.20 4.20 4.20 4.20 4.27 4.27 4.27 7.80 4.26 4.26 11.00 4.26 4.25 4.25 7.78 4.25 4.48 4.48 4.48 4.48 4.50 8.27 4.50 4.50 4.46 4.46 4.46 4.46 4.43 4.43 4.43 4.43 4.96 4.96 4.96 4.96 14.08 4.99 9.59 9.54 4.97 18.53 9.51 4.97 4.90 4.90 4.90 2.69 3.12 3.12 3.12 3.12 5.28 3.14 3.14 3.14 3.18 5.77 5.77 5.77 5.82 5.82 5.82 5.82 5.84 5.84 5.84 5.84 5.80 5.80 5.80 10.68
2.79 4.05 6.37 10.98 4.04 4.04 4.04 4.04 3.99 3.99 3.99 3.99 4.14 4.14 4.14 14.49 4.20 4.20 4.20 4.20 4.19 4.19 4.19 7.71 4.20 4.20 4.20 4.20 8.01 4.46 8.22 4.46 4.47 8.24 4.47 4.47 4.48 8.26 4.48 4.48 4.48 4.48 4.48 4.48 4.99 4.99 14.01 4.99 4.97 4.97 4.97 4.97 4.92 9.46 4.92 4.92 4.86 4.86 2.67 2.67 3.12 3.12 3.12 3.12 3.14 3.14 3.14 3.14 3.14 3.14 3.14 3.14 3.13 5.27 3.13 5.27 3.17 3.17 8.53 5.75 10.66 5.77 5.77 10.66
2.79 2.79 2.79 4.05 4.04 4.04 4.04 7.37 3.99 7.31 3.99 7.44 4.14 4.14 4.14 7.61 4.20 4.20 4.20 4.20 4.19 4.19 4.19 4.19 4.20 4.20 4.20 4.20 4.46 4.46 4.46 4.46 4.47 4.47 4.47 4.47 4.48 4.48 8.26 4.48 4.48 4.48 4.48 4.48 4.99 9.58 4.99 4.99 4.97 4.97 4.97 4.97 4.92 4.92 4.92 4.92 4.86 4.86 2.67 2.67 3.12 3.12 3.12 3.12 3.14 3.14 3.14 3.14 3.14 3.14 3.14 3.14 3.13 3.13 3.13 3.13 5.31 3.17 3.17 10.61 5.77 5.77 5.77 5.77
4.66 2.79 2.79 4.05 10.97 4.04 4.04 4.04 3.99 3.99 3.99 3.99 4.14 4.14 4.14 4.14 4.20 4.20 4.20 4.20 4.19 7.70 4.19 4.19 4.20 4.20 4.20 4.20 4.46 4.46 4.46 4.46 4.47 4.47 4.47 4.47 4.48 4.48 4.48 4.48 4.48 4.48 4.48 4.48 4.99 4.99 4.99 4.99 4.97 4.97 4.97 9.51 4.92 4.92 4.92 4.92 4.86 4.51 4.51 2.67 3.12 3.12 3.12 3.12 3.14 3.14 3.14 3.14 3.14 3.14 3.14 3.14 3.13 3.13 3.13 3.13 3.17 3.17 5.75 5.75 5.77 5.77 10.66 5.77
4.05 4.05 4.05 4.05 4.04 4.04 4.04 4.04 3.99 3.99 7.31 3.99 4.14 4.14 4.14 4.14 4.20 4.20 4.20 10.80 4.19 4.19 4.19 4.19 4.20 4.20 4.20 4.20 7.98 4.46 8.18 4.46 4.47 4.47 4.47 4.47 4.48 4.48 8.22 8.24 4.48 8.25 4.48 4.48 4.99 4.99 4.99 4.99 4.97 4.97 4.97 9.51 4.92 4.92 4.92 2.71 4.50 2.67 2.67 2.67 3.12 3.12 3.12 3.12 3.14 3.14 3.14 3.14 3.14 3.14 3.14 2.40 3.13 3.13 3.13 3.13 3.17 3.17 5.75 5.75 10.64 11.41 5.77 5.77
4.04 4.04 4.04 4.04 4.05 4.05 7.44 7.42 4.03 4.03 4.03 4.03 4.15 4.15 4.15 4.15 4.12 4.12 4.12 7.56 7.55 4.11 7.55 4.11 4.17 4.17 4.17 4.17 4.42 4.42 4.42 4.42 8.11 4.41 4.41 4.41 4.44 4.44 8.18 4.44 4.46 4.46 4.46 4.46 4.94 4.94 4.94 9.46 9.43 4.91 9.43 9.38 4.86 4.86 2.67 2.67 2.65 2.65 2.65 2.65 3.14 3.14 3.14 5.70 3.14 3.14 3.14 3.14 3.12 3.12 3.12 3.12 3.12 3.12 3.12 3.12 3.16 3.16 3.16 3.16 3.16 3.16 3.16 8.98
4.04 4.04 11.56 4.04 4.05 4.05 4.05 8.02 10.48 7.40 4.03 10.66 7.62 4.15 4.15 4.15 4.12 4.12 4.12 4.12 4.11 8.09 4.11 4.11 4.17 4.17 4.17 4.17 4.42 4.42 4.42 8.63 4.41 4.41 4.41 4.41 4.44 4.44 4.44 8.69 8.81 4.46 4.46 4.46 4.94 4.94 4.94 10.08 4.91 4.91 4.91 4.91 4.86 9.32 4.86 4.86 4.83 4.83 4.83 2.65 5.70 5.70 5.70 5.70 3.14 3.14 5.29 3.14 3.12 3.12 3.12 3.12 3.12 3.12 3.12 3.12 3.16 3.16 3.16 3.16 3.16 3.16 7.63 5.63
4.75 4.75 4.75 4.75 4.77 4.77 4.77 4.77 4.75 4.75 4.75 4.75 4.81 4.81 4.81 4.81 4.77 4.77 4.77 4.77 4.77 4.77 4.77 4.77 4.83 4.83 4.83 4.83 9.51 5.04 5.04 5.04 5.03 5.03 5.03 5.03 5.06 5.06 5.06 5.06 5.41 5.41 5.41 10.25 5.76 5.76 5.76 5.76 5.73 5.73 5.73 5.73 5.66 5.66 5.66 5.66 5.64 9.81 5.64 5.64 6.15 6.15 6.15 5.82 3.44 3.44 3.44 3.44 3.42 3.42 3.42 3.42 3.41 3.41 3.41 3.41 3.60 3.60 3.76 3.60 3.60 3.60 6.12 3.60
4.75 4.75 4.75 4.75 4.77 4.77 4.77 4.77 4.75 4.75 4.75 4.75 4.81 4.81 4.81 4.81 4.77 4.77 4.77 4.77 4.77 4.77 4.77 4.77 4.83 4.83 4.83 4.83 5.04 5.04 5.04 5.04 5.03 5.03 5.03 5.03 5.06 5.06 5.06 5.06 5.41 5.41 5.41 5.41 5.76 5.76 5.76 5.76 5.73 5.73 5.73 5.73 5.66 5.66 5.66 15.41 5.64 5.64 5.64 5.64 6.15 6.15 5.81 3.43 3.44 3.44 3.44 3.44 3.42 3.42 3.42 3.42 6.12 6.12 6.12 3.41 3.60 3.60 3.60 3.60 3.60 3.60 3.60 3.60
