New_Model_Runs/10_Future_Present_Scn3_out/post_prcessed_with_MFR/Monthly_summaries/runoff_monthly_MAY.asc
NCOLS 700
NROWS 400
XLLCENTER 515000.000000
YLLCENTER 8409000.000000
CELLSIZE 50.000000
NODATA_value -999.000000
[rows 76 to 113 of 400, columns 420 to 503 of 700]
0.00 0.00 0.00 0.00 0.00 0.00 0.00 0.00 0.00 0.00 0.00 0.00 0.00 0.00 0.00 0.00 0.00 0.00 0.00 0.00 0.00 0.00 0.00 0.00 0.00 0.00 0.00 0.00 0.00 0.00 0.00 0.00 0.00 0.00 0.00 0.00 0.00 0.00 0.00 0.00 0.00 0.00 0.00 0.00 0.00 0.00 0.00 0.00 0.00 0.00 0.00 0.00 0.00 0.00 0.00 0.00 0.00 0.00 0.00 0.00 0.00 0.00 0.00 0.00 0.00 0.00 0.00 0.00 0.00 0.00 0.00 0.00 0.00 0.00 0.00 0.00 0.00 0.00 0.00 0.00 0.00 0.00 0.00 0.00
0.00 0.00 0.00 0.00 0.00 0.00 0.00 0.00 0.00 0.00 0.00 0.00 0.00 0.00 0.00 0.00 0.00 0.00 0.00 0.00 0.00 0.00 0.00 0.00 0.00 0.00 0.00 0.00 0.00 0.00 0.00 0.00 0.00 0.00 0.00 0.00 0.00 0.00 0.00 0.00 0.00 0.00 0.00 0.00 0.00 0.00 0.00 0.00 0.00 0.00 0.00 0.00 0.00 0.00 0.00 0.00 0.00 0.00 0.00 0.00 0.00 0.00 0.00 0.00 0.00 0.00 0.00 0.00 0.00 0.00 0.00 0.00 0.00 0.00 0.00 0.00 0.00 0.00 0.00 0.00 0.00 0.00 0.00 0.00
0.00 0.00 0.00 0.00 0.00 0.00 0.00 0.00 0.00 0.00 0.00 0.36 0.00 0.00 0.00 0.00 0.00 0.00 0.00 0.00 0.00 0.00 0.00 0.00 0.00 0.00 0.00 0.00 0.00 0.00 0.00 0.00 0.00 0.00 0.00 0.00 0.00 0.00 0.00 0.00 0.00 0.00 0.00 0.00 0.00 0.00 0.00 0.00 0.00 0.00 0.00 0.00 0.00 0.00 0.00 0.00 0.00 0.00 0.00 0.00 0.00 0.00 0.00 0.00 0.00 0.00 0.00 0.00 0.00 0.00 0.00 0.00 0.00 0.00 0.00 0.00 0.00 0.00 0.00 0.00 0.00 0.00 0.00 0.00
0.00 0.00 0.00 0.00 0.00 0.00 0.00 0.00 0.00 0.00 0.00 0.06 0.00 0.00 0.00 0.00 0.00 0.00 0.00 0.00 0.00 0.00 0.00 0.00 0.00 0.00 0.00 0.00 0.00 0.00 0.00 0.00 0.00 0.00 0.00 0.00 0.00 0.00 0.00 0.00 0.00 0.00 0.00 0.00 0.00 0.00 0.00 0.00 0.00 0.00 0.00 0.00 0.00 0.00 0.00 0.00 0.00 0.00 0.00 0.00 0.00 0.00 0.00 0.00 0.00 0.00 0.00 0.00 0.00 0.00 0.00 0.00 0.00 0.00 0.00 0.00 0.00 0.00 0.00 0.00 0.00 0.00 0.00 0.00
0.00 0.00 0.00 0.00 0.00 0.00 0.00 0.00 0.00 0.00 0.36 0.13 0.00 0.00 0.00 0.00 0.00 0.00 0.00 0.00 0.00 0.00 0.00 0.00 0.00 0.00 0.00 0.00 0.00 0.00 0.00 0.00 0.00 0.00 0.00 0.00 0.00 0.00 0.00 0.00 0.00 0.00 0.00 0.00 0.00 0.00 0.00 0.00 0.00 0.00 0.00 0.00 0.00 0.00 0.00 0.00 0.00 0.00 0.00 0.00 0.00 0.00 0.00 0.00 0.00 0.00 0.00 0.00 0.00 0.00 0.00 0.00 0.00 0.00 0.00 0.00 0.00 0.00 0.00 0.00 0.00 0.00 0.00 0.00
0.00 0.00 0.00 0.00 0.00 0.00 0.00 0.00 0.00 0.36 0.13 0.13 0.37 0.00 0.00 0.00 0.00 0.00 0.00 0.00 0.00 0.00 0.00 0.00 0.00 0.00 0.00 0.00 0.00 0.00 0.00 0.00 0.00 0.00 0.00 0.00 0.00 0.00 0.00 0.00 0.00 0.00 0.00 0.00 0.00 0.00 0.00 0.00 0.00 0.00 0.00 0.00 0.00 0.00 0.00 0.00 0.00 0.00 0.00 0.00 0.00 0.00 0.00 0.00 0.00 0.00 0.00 0.00 0.00 0.00 0.00 0.00 0.00 0.00 0.00 0.00 0.00 0.00 0.00 0.00 0.00 0.00 0.00 0.00
0.20 0.20 0.00 0.00 0.00 0.00 0.00 0.20 0.19 0.26 0.19 0.19 0.19 0.00 0.00 0.00 0.00 0.00 0.00 0.00 0.00 0.00 0.00 0.00 0.00 0.00 0.00 0.00 0.00 0.00 0.00 0.00 0.00 0.00 0.00 0.00 0.00 0.00 0.00 0.00 0.00 0.00 0.00 0.00 0.00 0.00 0.00 0.00 0.00 0.00 0.00 0.00 0.00 0.00 0.00 0.00 0.58 5.94 0.00 0.00 0.00 0.00 0.00 0.00 0.00 0.00 0.00 0.00 0.00 0.00 0.00 0.00 0.00 0.00 0.00 0.00 0.00 0.00 0.00 0.00 0.00 0.00 0.00 0.00
0.20 0.20 0.20 0.00 0.00 0.00 0.27 0.27 0.19 0.26 0.19 0.19 0.54 0.00 0.00 0.00 0.00 0.00 0.00 0.00 0.00 0.00 0.00 0.00 0.00 0.00 0.00 0.00 0.00 0.00 0.00 0.00 0.00 0.00 0.00 0.00 0.00 0.00 0.00 0.00 0.00 0.00 0.00 0.00 0.00 0.00 0.00 0.00 0.00 0.00 0.00 0.00 0.00 0.00 0.00 0.00 0.09 5.94 0.00 0.00 0.00 0.00 0.00 0.00 0.00 0.00 0.00 0.00 0.00 0.12 0.96 0.00 0.00 0.00 0.00 0.00 0.00 0.00 0.00 0.00 0.00 0.00 0.00 0.00
0.28 0.20 0.20 0.20 0.19 0.19 0.19 0.19 0.19 0.19 0.19 0.19 0.54 0.00 0.00 0.00 0.00 0.00 0.00 0.00 0.00 0.00 0.00 0.00 0.00 0.00 0.00 0.00 0.00 0.00 0.00 0.00 0.00 0.00 0.00 0.00 0.00 0.00 0.00 0.00 0.00 0.00 0.00 0.00 0.00 0.00 0.00 0.00 0.00 0.00 0.00 0.00 0.00 0.00 0.00 0.00 0.09 0.09 0.00 0.00 0.00 0.00 0.00 0.00 0.00 0.00 0.00 0.00 0.09 0.07 0.50 0.00 0.00 0.00 0.00 0.00 0.00 0.00 0.00 0.00 0.00 0.00 0.00 0.00
0.20 0.20 0.20 0.20 0.19 0.19 0.19 0.19 0.19 0.19 0.19 0.19 0.54 0.00 0.00 0.00 0.00 0.00 0.00 0.00 0.00 0.00 0.00 0.00 0.00 0.00 0.00 0.54 0.50 0.50 0.00 0.00 0.00 0.00 0.00 0.00 0.00 0.00 0.00 0.00 0.00 0.00 0.00 0.00 0.00 0.00 0.00 0.00 0.00 0.00 0.00 0.00 0.00 0.00 0.00 0.00 0.09 0.09 0.00 0.00 0.00 0.00 0.00 0.00 0.00 0.00 0.00 0.55 0.10 0.07 0.50 0.96 0.00 0.00 0.00 0.00 0.00 0.00 0.00 0.00 0.00 0.00 0.00 0.00
0.20 0.28 0.20 0.20 0.26 0.19 0.19 0.19 0.19 0.19 0.19 0.19 0.20 0.00 0.00 0.00 0.00 0.00 0.00 0.00 0.00 0.00 0.00 0.00 0.00 0.00 0.00 0.20 0.17 0.17 0.00 0.00 0.00 0.00 0.00 0.00 0.00 0.00 0.00 0.00 0.00 0.00 0.00 0.00 0.00 0.83 0.58 0.00 0.00 0.00 0.00 0.00 0.00 0.00 0.00 0.00 0.09 0.09 0.12 0.00 0.00 0.00 0.00 0.00 0.00 0.00 0.00 0.09 0.07 0.07 0.50 0.50 0.96 0.00 0.00 0.00 0.00 0.00 0.00 0.00 0.00 0.48 0.48 5.75
0.20 0.20 0.28 0.20 0.19 0.19 0.19 0.19 0.19 0.19 0.19 0.19 0.20 0.00 0.00 0.00 0.00 0.00 0.00 0.00 0.00 0.00 0.00 0.00 0.00 0.00 0.32 0.20 0.17 0.17 0.00 0.00 0.00 0.00 0.00 0.00 0.00 0.00 0.00 0.00 0.00 0.00 0.00 0.00 0.00 0.58 0.58 0.58 0.00 0.00 0.00 0.00 0.00 0.00 0.00 0.00 0.12 0.09 0.09 0.09 0.09 0.00 5.85 0.09 0.09 0.09 5.85 0.09 0.07 0.07 0.50 0.50 0.50 0.00 0.00 0.00 0.00 0.00 0.00 0.00 0.48 0.48 0.48 0.48
0.20 0.27 0.27 0.20 0.19 0.19 0.19 0.19 0.20 0.20 0.20 0.20 0.21 0.00 0.00 0.00 0.00 0.00 0.00 0.00 0.00 0.00 0.00 0.00 0.00 0.54 0.20 0.20 0.17 6.18 0.00 0.00 0.00 0.00 0.00 0.00 0.00 0.00 0.00 0.00 0.00 0.00 0.00 0.00 0.00 0.10 0.10 0.10 0.58 0.58 0.00 0.00 0.00 0.00 0.00 0.00 0.31 0.25 0.10 0.10 0.08 0.08 0.08 0.08 0.07 0.07 0.09 0.09 0.07 0.07 0.50 0.50 0.51 0.00 0.00 0.00 0.00 0.00 0.00 0.49 0.75 0.48 0.48 0.48
0.20 0.20 0.20 0.20 0.19 0.26 0.19 0.19 0.20 0.20 0.20 0.20 0.21 6.41 0.00 0.00 0.00 0.00 0.00 0.00 0.00 0.00 0.54 0.00 0.00 0.27 0.20 0.20 0.17 0.00 0.00 0.00 0.00 0.00 0.00 0.00 0.00 0.00 0.00 0.00 0.00 0.00 0.00 0.00 0.00 0.10 0.10 0.10 0.10 0.10 0.00 0.00 0.00 0.00 0.00 0.00 6.04 0.10 0.10 0.10 0.08 0.08 0.09 0.08 0.09 0.07 0.07 0.07 0.09 0.07 0.50 0.50 0.51 0.81 5.85 0.00 0.00 0.00 0.49 0.49 0.48 0.48 0.48 0.48
0.20 0.20 0.20 0.20 0.19 0.19 0.19 0.19 0.20 0.20 0.20 0.20 0.02 6.41 0.00 0.00 0.00 0.00 0.00 0.00 0.62 0.21 0.21 0.21 0.20 0.20 0.20 0.20 0.00 0.00 0.00 0.00 0.00 0.00 0.00 0.00 0.00 0.00 0.00 0.00 0.00 0.00 0.00 0.00 0.58 0.10 0.10 0.10 0.10 0.10 0.00 0.00 0.00 0.00 0.00 0.00 0.00 0.10 0.10 0.10 0.08 0.08 0.08 0.08 0.07 0.07 0.07 0.07 0.07 0.07 0.50 0.50 0.51 0.81 0.51 0.51 0.00 0.49 0.49 0.49 0.48 0.48 0.48 0.48
0.20 0.20 0.20 0.20 0.19 0.19 0.19 0.19 0.20 0.20 0.20 0.20 0.02 6.41 0.00 0.00 0.00 0.00 0.00 0.21 0.21 0.21 0.21 0.21 0.05 0.05 0.20 0.20 0.00 0.00 0.00 0.00 0.00 0.00 0.00 0.00 0.00 0.00 0.00 0.00 0.00 0.00 0.00 0.00 0.00 0.10 0.10 0.10 0.10 0.00 0.00 0.00 0.00 0.00 0.00 0.00 0.58 0.10 0.10 0.10 0.08 0.08 0.08 0.08 0.07 0.07 0.07 0.07 0.07 0.07 0.50 0.78 0.51 0.51 0.51 0.51 0.49 0.49 0.49 0.49 0.48 0.48 0.48 0.48
0.20 0.20 0.20 0.20 0.20 0.20 0.20 0.20 0.21 0.21 0.21 0.02 0.02 0.02 0.00 0.00 0.00 0.00 0.00 0.29 0.20 0.20 0.28 0.20 0.20 0.28 0.20 0.00 0.00 0.00 0.00 0.00 0.00 0.00 0.00 0.00 0.00 0.00 0.00 0.00 0.00 0.00 0.00 0.00 0.00 0.10 0.10 0.10 0.00 0.00 0.00 0.00 0.00 0.00 0.00 0.00 0.00 0.09 0.09 0.09 0.07 0.07 0.07 0.09 0.09 0.07 0.07 0.07 0.09 0.09 0.51 0.51 0.82 0.83 0.53 0.53 0.51 0.51 0.51 0.51 0.51 0.51 0.51 0.51
0.20 0.20 0.20 0.27 0.20 0.20 0.20 0.20 0.21 0.21 0.02 0.02 0.02 0.02 0.03 0.00 0.00 0.00 0.00 0.22 0.20 0.20 0.20 0.20 0.20 0.20 0.20 0.00 0.00 0.00 0.00 0.00 0.00 0.00 0.00 0.00 0.00 0.00 0.00 0.00 0.00 0.00 0.00 0.00 0.00 0.00 1.19 0.10 0.00 0.00 0.00 0.00 0.00 0.00 0.00 0.04 0.00 0.09 0.09 0.09 0.07 0.07 0.07 0.07 0.07 0.07 0.09 0.07 0.09 0.09 0.51 0.51 0.53 0.53 0.53 0.53 0.51 0.51 0.51 0.51 0.51 0.51 0.51 0.51
0.20 0.20 0.20 0.20 0.20 0.20 0.20 0.20 0.36 0.21 0.02 0.03 0.22 0.22 0.22 0.61 0.61 0.61 0.02 0.02 0.20 0.20 0.20 0.20 0.20 0.20 0.20 0.00 0.00 0.00 0.00 0.00 0.00 0.00 0.00 0.00 0.00 0.00 0.00 0.00 0.00 0.00 0.00 0.00 0.00 0.00 1.19 0.10 0.25 0.25 0.00 0.00 0.00 0.00 0.65 0.03 0.00 0.09 0.25 0.26 0.07 0.07 0.07 0.09 0.07 0.09 0.09 0.07 0.09 0.09 0.51 0.51 0.53 0.53 0.53 0.53 0.42 0.42 0.10 0.54 0.51 5.75 0.00 0.00
0.20 0.27 0.20 0.20 0.20 0.20 0.20 0.27 0.21 0.21 0.21 0.21 0.22 0.22 0.22 0.22 0.00 0.00 0.02 0.02 0.20 0.20 0.20 0.20 0.20 0.20 0.20 0.00 0.00 0.00 0.00 0.00 0.00 0.00 0.00 0.00 0.00 0.00 0.00 0.00 0.00 0.00 0.00 0.00 0.00 0.00 0.10 0.17 0.25 0.03 0.03 1.19 0.25 0.03 0.03 0.03 0.00 0.09 0.09 0.10 0.07 0.07 0.07 0.07 0.07 0.07 0.07 0.07 0.09 0.09 0.51 0.51 0.53 0.16 0.11 0.44 0.28 0.55 0.00 0.00 0.00 0.00 0.00 0.00
0.20 0.20 0.27 0.20 0.19 0.19 0.19 0.19 0.21 0.21 0.21 0.21 0.22 0.22 0.22 0.22 0.01 0.00 0.00 0.02 0.20 0.20 0.20 0.20 0.21 0.05 0.05 0.00 0.00 0.00 0.00 0.00 0.00 0.00 0.00 0.00 0.00 0.00 0.00 0.00 0.00 0.00 0.00 0.00 0.00 0.00 0.07 0.12 0.25 0.03 0.25 0.25 0.40 0.00 0.00 0.00 0.09 0.09 0.09 0.09 0.07 0.07 0.07 0.07 0.09 0.09 0.09 0.09 0.10 0.10 0.54 0.54 0.17 0.17 0.44 0.30 0.55 0.00 0.00 0.00 0.00 0.00 0.00 0.00
0.27 0.20 0.20 0.20 0.19 0.19 0.19 0.19 0.21 0.21 0.21 0.21 0.22 0.22 0.22 0.00 0.00 0.00 0.02 0.02 0.20 0.20 0.20 0.20 0.07 0.05 0.05 0.00 0.00 0.00 0.00 0.00 0.00 0.00 0.00 0.00 0.00 0.00 0.00 0.00 0.00 0.00 0.00 0.00 0.00 0.32 0.25 0.12 0.25 0.03 0.25 0.25 0.00 0.00 0.00 0.10 0.09 0.09 0.09 0.09 0.07 0.07 0.07 0.07 0.09 0.09 0.09 0.09 0.10 0.10 0.54 0.12 0.12 0.30 0.57 0.57 0.00 0.00 0.00 0.00 0.00 0.00 0.00 0.00
0.31 0.31 0.40 0.31 0.30 0.30 0.30 0.30 0.32 0.32 0.32 0.32 0.33 0.33 0.17 0.17 0.04 0.17 0.04 0.04 0.31 0.31 0.19 0.19 0.19 0.06 0.19 0.00 0.00 0.00 0.00 0.00 0.00 0.00 0.00 0.00 0.00 0.00 0.00 0.00 0.00 0.00 0.00 0.00 0.42 0.32 0.32 0.32 0.32 0.05 0.32 0.32 0.05 0.05 0.31 0.31 0.28 0.28 0.28 0.28 0.26 0.26 0.26 0.26 0.28 0.28 0.28 0.28 0.29 0.29 0.65 0.21 0.52 0.36 0.68 0.68 0.00 0.00 0.00 0.00 0.00 0.00 0.00 0.00
0.31 0.31 0.31 0.39 0.30 0.30 0.30 0.30 0.32 0.32 0.32 0.32 0.33 0.04 0.04 0.04 0.17 0.17 0.04 0.04 0.19 0.19 0.19 0.19 0.19 0.19 0.19 0.00 0.00 0.00 0.00 0.00 0.00 0.00 0.00 0.00 0.00 0.00 0.00 0.00 0.00 0.00 0.00 0.00 0.32 0.32 0.16 0.32 0.05 0.05 0.32 0.05 0.05 0.05 0.44 0.31 0.28 0.28 0.28 0.28 0.26 0.26 0.26 0.26 0.28 0.28 0.28 0.28 0.29 0.04 0.21 0.21 2.26 0.68 0.68 0.00 0.00 0.00 0.00 0.00 0.00 0.00 0.00 0.00
0.31 0.31 0.40 0.31 0.30 0.30 0.30 0.30 0.32 0.32 0.32 0.32 0.33 0.04 0.04 0.04 0.04 0.04 0.04 0.19 0.19 0.19 0.19 0.19 0.20 0.20 7.22 0.00 0.00 0.00 0.00 0.00 0.00 0.00 0.00 0.00 0.00 0.00 0.00 0.00 0.00 0.00 0.00 1.57 0.37 0.31 0.16 0.31 0.05 0.05 0.05 0.05 0.04 0.29 0.29 0.38 0.28 0.28 0.28 0.28 0.29 0.29 0.29 0.29 0.30 0.30 0.30 0.30 0.30 0.01 0.52 2.26 2.26 2.26 0.00 0.00 0.00 0.00 0.00 0.00 0.00 0.00 0.00 0.00
0.03 0.31 0.40 0.31 0.30 0.30 0.30 0.30 0.32 0.32 0.32 0.32 0.04 0.04 0.04 0.04 0.04 0.02 0.03 0.19 0.19 0.19 0.19 0.19 0.20 0.20 0.00 0.00 0.00 0.00 0.00 0.00 0.00 0.00 0.00 0.38 1.57 1.57 0.00 0.00 0.37 0.37 0.50 0.37 0.31 0.16 0.16 0.16 0.05 0.05 0.05 0.05 0.29 0.52 0.38 0.29 0.28 0.28 0.28 0.28 0.29 0.29 0.04 0.04 0.04 0.30 0.30 0.05 0.21 0.76 2.26 2.26 2.26 0.68 0.68 0.00 0.00 0.00 0.00 0.00 0.00 0.00 0.00 0.00
0.31 0.40 0.31 0.31 0.30 0.30 0.30 0.38 0.32 0.32 0.32 0.04 0.04 0.04 0.04 0.02 0.02 0.02 0.02 0.19 0.19 0.19 0.19 0.19 0.20 0.20 7.22 0.00 0.00 0.00 0.00 0.00 0.00 0.00 0.00 0.38 0.37 0.37 0.37 0.37 0.37 0.37 0.64 0.37 0.23 0.16 0.16 0.31 0.05 0.05 0.07 0.31 0.29 0.38 0.29 0.29 0.28 0.28 0.28 0.28 0.29 0.29 0.04 0.04 0.04 0.04 0.04 0.21 1.21 1.76 2.26 2.26 2.26 0.68 0.68 0.68 0.00 0.00 0.00 0.00 0.00 0.00 0.00 0.00
0.31 0.31 0.31 0.31 0.38 0.30 0.30 0.30 0.32 0.32 0.32 0.04 0.04 0.02 0.02 0.02 0.02 0.02 0.02 0.19 0.19 0.19 0.19 0.19 0.20 0.20 7.22 0.00 0.00 0.00 0.00 0.00 0.00 0.00 0.00 0.38 0.37 0.37 0.37 0.37 0.50 0.37 0.37 0.37 0.31 0.31 0.05 0.05 0.05 0.05 0.05 0.05 0.29 0.29 0.29 0.29 0.28 0.28 0.28 0.28 0.29 0.29 0.04 0.04 0.05 0.21 0.76 1.36 1.76 1.76 2.26 4.65 4.65 1.22 0.68 0.68 0.63 0.00 0.00 0.00 0.00 0.00 0.00 0.00
0.31 0.42 0.31 0.31 0.31 0.31 0.31 0.31 0.32 0.32 0.32 0.41 0.02 0.02 0.02 0.02 0.02 0.02 0.02 0.18 0.19 0.19 0.19 0.19 0.23 0.23 7.22 0.00 0.00 0.00 0.00 0.00 0.00 0.00 0.06 0.06 0.07 0.10 0.37 0.37 0.36 0.36 0.38 0.36 0.05 0.05 0.05 0.05 0.04 0.04 0.04 0.04 0.29 0.29 0.29 0.29 0.31 0.31 0.31 0.31 0.31 0.05 0.02 0.02 0.21 0.76 1.36 1.36 1.76 2.73 2.26 2.26 2.26 1.22 1.22 1.22 0.63 0.63 0.00 0.00 0.00 0.00 0.00 0.00
0.31 0.31 0.39 0.31 0.31 0.31 0.31 0.31 0.32 0.32 0.23 0.19 0.03 0.02 0.02 0.02 0.02 0.02 0.18 0.18 0.19 0.19 0.19 0.19 0.23 0.23 0.23 0.00 0.00 0.00 0.00 0.00 0.00 0.00 0.90 0.02 0.06 0.06 0.37 0.37 0.36 0.49 0.49 0.06 0.05 0.05 0.05 0.05 0.04 0.05 0.04 0.04 0.29 0.29 0.29 0.29 0.05 0.05 0.05 0.05 0.05 0.05 0.02 0.21 1.36 1.36 1.36 1.36 1.36 1.76 2.26 2.26 2.26 1.22 1.22 1.22 0.14 0.60 0.20 0.20 1.74 0.00 0.00 0.00
0.39 0.31 0.31 0.31 0.31 0.31 0.31 0.31 0.25 0.29 0.19 0.19 0.19 0.19 0.19 0.02 0.02 0.18 0.18 0.18 0.19 0.19 0.19 0.19 0.23 0.23 0.25 0.18 0.00 0.00 0.00 0.00 0.00 7.14 0.26 0.26 0.28 0.06 0.37 0.37 0.36 0.36 0.36 0.07 0.05 0.05 0.05 0.05 0.04 0.04 0.04 0.04 0.29 0.29 0.04 0.04 0.05 0.05 0.05 0.05 0.05 0.02 0.02 1.36 1.36 1.36 1.36 1.36 1.36 1.76 2.26 2.26 1.22 0.15 0.15 0.13 0.60 0.60 0.60 0.60 0.20 0.20 1.13 0.00
0.31 0.31 0.31 0.31 0.31 0.31 0.31 0.19 0.27 0.19 0.19 0.27 0.26 0.19 0.19 0.19 0.18 0.18 0.18 0.18 0.19 0.19 0.19 0.06 0.23 0.06 0.18 0.18 0.20 0.56 0.90 0.90 0.26 0.26 0.26 0.03 0.16 0.37 0.37 0.37 0.36 0.36 0.36 0.06 0.05 0.05 0.05 0.05 0.04 0.04 0.07 0.07 0.29 0.29 0.29 0.04 0.05 0.05 0.05 0.05 0.02 0.02 0.76 1.36 1.36 0.17 0.08 0.08 0.76 0.02 0.15 0.15 0.15 0.28 0.66 0.66 0.60 0.60 0.60 0.60 0.96 0.60 0.14 0.48
0.31 0.31 0.30 0.30 0.30 0.18 0.23 0.18 0.19 0.19 0.19 0.19 0.18 0.23 0.18 0.18 0.19 0.19 0.19 0.19 0.23 0.23 0.23 0.23 0.06 0.01 0.18 0.01 0.16 0.56 0.26 0.90 0.90 0.90 0.28 0.07 0.39 0.38 0.38 0.38 0.36 0.36 0.36 0.06 0.04 0.13 0.30 0.04 0.04 0.29 0.39 0.29 0.31 0.31 0.31 0.31 0.33 0.33 0.33 0.05 0.02 0.61 0.61 0.08 0.24 0.31 0.31 0.05 0.02 0.02 0.21 0.15 0.20 0.20 0.64 0.64 0.58 0.92 0.58 0.58 0.61 0.61 0.14 0.14
0.51 0.51 0.51 0.51 0.51 0.18 0.23 0.18 0.19 0.19 0.19 0.19 0.23 0.23 0.18 0.18 0.19 0.19 0.19 0.19 0.23 0.23 0.23 0.23 0.06 0.01 0.01 0.01 0.01 0.16 0.26 0.26 0.90 0.26 0.03 0.03 0.10 0.22 0.38 0.38 0.36 0.36 0.36 0.36 0.41 0.30 0.30 0.30 0.29 0.29 0.29 0.29 0.31 0.31 0.31 0.31 0.33 0.33 0.33 0.02 0.29 0.61 0.05 0.12 0.08 0.31 0.31 0.31 0.30 0.05 0.21 0.21 0.12 0.20 0.64 0.64 0.92 0.58 0.58 0.58 0.61 0.61 0.61 0.19
0.51 0.51 0.51 0.51 0.51 0.51 0.18 0.18 0.19 0.19 0.24 0.19 0.18 0.23 0.18 0.18 0.19 0.19 0.19 0.19 0.23 0.23 0.23 0.23 0.02 0.18 0.18 0.01 0.01 0.16 0.26 0.27 0.03 0.03 0.26 0.04 0.05 0.03 0.38 0.38 0.36 0.36 0.36 0.36 0.30 0.43 0.30 0.30 0.29 0.29 0.29 0.29 0.31 0.31 0.31 0.31 0.33 0.33 0.02 0.02 0.29 0.05 0.29 0.08 0.02 0.05 0.61 0.31 0.30 0.30 0.21 0.21 0.20 0.64 0.64 0.64 0.58 0.58 0.58 0.58 0.61 0.61 0.19 0.26
0.51 0.51 0.51 0.51 0.51 0.51 0.18 0.18 0.19 0.19 0.19 0.19 0.18 0.18 0.18 0.18 0.19 0.19 0.19 0.19 0.23 0.23 0.23 0.23 0.02 0.01 0.01 0.01 0.01 0.16 0.03 0.03 0.03 0.03 0.02 0.06 0.07 0.06 0.06 0.38 0.49 0.36 0.36 0.36 0.30 0.40 0.30 0.30 0.29 0.29 0.29 0.29 0.31 0.31 0.31 0.31 0.33 0.33 0.34 0.02 0.05 0.05 0.08 0.02 0.02 0.02 0.61 0.61 0.30 0.30 0.66 0.60 0.57 1.01 1.01 0.99 0.58 0.58 0.58 0.58 0.61 0.61 0.19 0.19
0.50 0.50 0.50 0.50 0.51 0.69 0.51 0.18 0.18 0.18 0.23 0.18 0.18 0.18 0.18 0.18 0.20 0.20 0.20 0.20 0.24 0.24 0.24 0.24 0.02 0.02 0.19 0.22 0.16 0.16 0.03 0.03 0.39 0.11 0.39 0.06 0.06 0.06 0.10 0.38 0.36 0.36 0.36 0.36 0.30 0.30 0.30 0.30 0.30 0.30 0.30 0.30 0.32 0.32 0.32 0.32 0.34 0.34 0.02 0.05 0.06 0.61 0.12 0.04 0.12 0.02 0.12 0.61 0.75 0.30 0.66 1.05 1.00 0.63 0.63 0.63 0.59 0.59 0.59 0.59 0.61 0.19 0.26 0.19
0.50 0.50 0.68 0.50 0.51 0.51 0.51 0.18 0.23 0.18 0.31 0.18 0.18 0.18 0.18 0.18 0.20 0.20 0.20 0.20 0.24 0.24 0.24 0.01 0.02 0.02 0.18 0.18 0.00 0.16 0.28 0.26 0.39 0.39 0.39 0.39 0.38 0.38 0.38 0.38 0.36 0.36 0.36 0.36 0.30 0.30 0.30 0.30 0.30 0.30 0.30 0.30 0.32 0.32 0.32 0.05 0.34 0.35 0.09 0.05 0.02 0.02 0.02 0.32 0.12 0.12 0.12 0.61 0.61 0.30 0.66 0.66 0.63 0.63 1.03 0.63 0.59 0.59 0.59 0.59 0.61 0.19 0.19 0.19
