New_Model_Runs/10_Future_Present_Scn3_out/post_prcessed_with_MFR/Monthly_summaries/runoff_monthly_JUN.asc
NCOLS 700
NROWS 400
XLLCENTER 515000.000000
YLLCENTER 8409000.000000
CELLSIZE 50.000000
NODATA_value -999.000000
[rows 266 to 303 of 400, columns 168 to 251 of 700]
0.60 0.60 0.60 0.91 0.60 1.23 1.23 1.23 1.28 1.64 0.47 0.47 0.47 0.47 0.47 0.47 0.48 0.48 0.48 0.48 0.49 0.49 0.49 1.31 1.38 1.38 0.52 0.52 0.53 0.53 0.39 1.82 0.79 0.79 0.53 0.78 0.51 0.51 0.51 0.51 0.46 0.46 0.46 0.32 0.45 0.45 0.45 0.45 0.36 0.32 0.09 0.09 0.11 0.11 0.22 0.22 0.19 0.14 0.19 0.19 0.19 0.19 0.19 0.19 0.19 0.49 0.49 0.19 0.19 0.19 0.19 0.19 0.13 0.42 0.13 0.42 0.42 0.42 0.50 0.23 0.23 0.23 0.16 0.23
0.58 0.58 0.58 1.22 0.60 0.60 1.23 1.23 1.28 1.28 0.47 0.47 0.47 0.47 0.47 0.47 0.48 0.48 0.48 0.48 0.49 0.49 0.49 1.31 1.38 1.38 0.52 0.52 0.53 0.53 0.39 2.15 0.80 0.53 0.53 0.53 0.51 0.51 0.76 0.51 0.46 0.46 0.46 0.46 0.32 0.45 0.45 0.45 0.46 0.32 0.10 0.10 0.10 0.10 0.10 0.22 0.19 0.19 0.49 0.19 0.14 0.19 0.19 0.25 0.19 0.19 0.15 0.49 0.19 0.19 0.19 0.19 0.16 0.42 0.13 0.42 0.42 0.17 0.19 0.17 0.17 0.23 0.23 0.23
0.58 0.58 0.58 1.40 0.71 0.42 1.49 1.21 1.26 1.26 0.47 0.47 0.47 0.47 0.95 0.47 0.49 0.49 0.49 0.49 0.49 0.49 0.49 1.32 1.38 0.52 0.52 0.52 0.53 0.53 0.39 0.90 0.55 0.34 0.53 0.53 0.51 0.51 0.51 0.51 0.45 0.45 0.45 0.45 0.36 0.36 0.45 0.36 0.36 0.32 0.10 0.10 0.10 0.09 0.15 0.10 0.19 0.19 0.19 0.19 0.19 0.19 0.19 0.49 0.15 0.49 0.49 0.49 0.15 0.19 0.19 0.19 0.42 0.42 0.42 0.42 0.16 0.23 0.50 0.23 0.23 0.50 0.17 0.23
0.45 0.45 1.40 1.40 0.58 0.58 2.24 1.49 2.34 1.55 0.47 0.47 0.47 0.47 0.47 0.70 0.49 0.49 0.49 0.49 0.49 0.49 2.18 1.32 1.38 0.52 0.52 0.52 0.53 1.40 1.40 0.98 0.55 0.53 0.53 0.53 0.51 0.51 0.51 0.51 0.45 0.36 0.36 0.45 0.32 0.36 0.36 0.36 0.36 0.32 0.09 0.10 0.14 0.14 0.14 0.10 0.19 0.19 0.19 0.19 0.19 0.19 0.19 0.19 0.19 0.19 0.49 0.15 0.49 0.19 0.15 0.19 0.16 0.13 0.13 0.42 0.16 0.23 0.23 0.23 0.23 0.23 0.17 0.79
0.58 0.58 1.40 0.58 0.58 0.58 1.49 1.49 1.55 1.69 0.47 0.27 0.27 0.37 0.47 0.47 0.49 0.49 0.49 0.49 1.02 1.32 1.32 1.32 1.38 0.52 0.52 0.52 1.40 1.40 0.55 0.69 0.55 0.53 0.53 0.53 0.51 0.51 0.51 0.51 0.48 0.36 0.36 0.36 0.32 0.32 0.36 0.28 1.08 0.10 0.14 0.14 0.14 0.14 0.10 0.10 0.19 0.19 0.19 0.27 0.27 0.27 0.19 0.19 0.15 0.19 0.19 0.15 0.14 0.14 0.15 0.14 0.42 0.42 0.13 0.16 0.23 0.23 0.23 0.23 0.23 0.23 0.23 0.00
0.58 1.40 1.40 0.58 0.58 0.58 1.49 1.49 1.55 1.55 0.22 0.27 0.27 0.27 0.43 0.43 0.49 1.31 1.31 2.04 0.68 1.32 1.32 1.32 1.38 0.52 0.52 0.52 0.55 0.55 0.55 0.81 0.55 0.55 0.53 0.53 0.51 0.51 0.51 0.51 0.32 0.36 0.32 0.36 0.36 0.32 0.36 0.28 0.45 0.14 0.14 0.18 0.14 0.14 0.10 0.10 0.19 0.19 0.58 0.38 0.27 0.27 0.27 0.15 0.49 0.49 0.15 0.19 0.49 0.14 0.15 0.49 0.12 0.13 0.16 0.16 0.23 0.23 0.23 0.50 0.23 0.23 0.01 0.00
0.58 0.45 1.40 0.58 1.43 1.43 1.43 1.43 1.52 0.42 0.27 0.27 0.45 0.43 0.43 0.43 0.27 0.47 0.47 0.47 0.53 2.04 0.68 1.32 2.92 1.41 0.99 1.47 1.47 1.47 1.47 1.47 1.47 1.47 2.09 0.99 1.39 1.39 1.39 1.39 0.99 0.99 1.02 0.91 1.02 0.91 1.02 0.82 0.82 0.99 0.14 0.14 0.14 0.14 0.10 0.10 0.19 0.27 0.58 0.58 0.27 0.27 0.27 0.15 0.49 0.49 0.49 0.49 0.19 0.15 0.15 0.49 0.13 0.13 0.42 0.16 0.17 0.23 0.23 0.17 0.17 0.23 0.01 0.00
0.76 1.40 0.58 1.48 1.43 2.08 1.43 1.73 1.65 0.42 0.27 0.27 0.51 0.55 0.55 0.43 0.45 0.75 0.65 0.47 1.42 3.72 1.82 1.76 2.92 3.01 1.47 1.47 1.47 1.47 2.25 1.47 1.47 1.47 1.47 0.99 0.99 1.10 1.39 1.39 0.99 0.99 1.02 1.02 1.45 1.02 1.02 1.45 0.99 0.99 0.99 0.18 0.14 0.09 0.10 0.14 0.31 0.20 0.58 0.58 0.58 0.20 0.27 0.20 0.58 0.49 0.49 0.19 0.51 0.47 0.19 0.49 0.42 0.13 0.42 0.17 0.17 0.23 0.23 0.17 0.50 0.50 0.20 0.01
3.58 1.27 1.27 1.35 1.30 1.30 1.30 0.52 0.55 0.22 0.22 0.18 0.36 0.36 0.36 0.36 0.38 1.42 0.71 0.40 1.26 2.03 3.57 2.03 2.70 2.70 2.70 4.67 1.28 1.28 1.55 1.55 1.28 1.28 1.55 2.99 0.95 0.93 0.93 0.64 0.59 0.80 0.80 0.89 0.89 0.89 1.14 0.71 0.71 1.30 0.84 0.89 0.12 0.12 0.09 0.09 0.11 0.11 0.24 0.24 0.18 0.18 0.18 0.14 0.24 0.52 0.52 0.52 0.43 0.43 0.43 0.43 0.37 0.37 0.21 0.21 0.15 0.45 0.21 0.21 0.15 0.45 0.21 0.12
3.58 1.27 1.27 1.35 1.30 0.52 0.37 0.52 0.22 0.22 0.18 0.22 0.22 0.36 0.36 0.36 0.38 1.42 0.40 0.40 1.26 2.03 2.65 2.65 2.70 2.70 2.70 2.70 1.28 2.66 1.28 1.55 1.28 1.93 2.59 2.97 0.93 0.85 0.93 0.93 0.85 0.85 0.89 0.89 0.89 0.89 0.89 0.89 0.89 0.89 0.89 0.89 0.89 0.09 0.09 0.12 0.11 0.11 0.24 0.24 0.52 0.18 0.14 0.24 0.24 0.18 0.52 0.52 0.52 0.52 0.52 0.52 0.45 0.21 0.21 0.21 0.21 0.21 0.21 0.12 0.12 0.19 0.19 0.15
3.58 1.27 1.27 1.95 1.28 1.37 1.37 0.52 0.22 0.22 0.22 0.22 0.36 0.36 0.36 0.36 0.37 0.37 0.40 1.26 2.91 5.01 4.70 2.65 2.70 2.70 2.70 2.70 4.67 1.55 1.28 1.28 1.28 1.55 1.28 1.35 0.95 0.92 1.00 0.92 0.80 1.21 0.89 0.89 0.89 0.89 0.83 0.89 0.71 2.82 0.89 0.89 0.89 0.89 0.89 0.09 0.11 0.08 0.52 0.24 0.24 0.24 0.14 0.52 0.52 0.18 0.52 0.18 0.18 0.52 0.52 0.52 0.45 0.15 0.21 0.21 0.21 0.56 0.21 0.12 0.12 0.21 0.21 0.15
4.24 0.52 0.52 1.32 1.28 1.28 1.40 0.21 0.22 0.22 0.22 0.55 1.36 0.36 0.36 0.36 0.37 0.37 1.40 3.40 2.65 2.65 2.65 2.65 2.70 2.70 2.70 2.70 1.55 1.55 1.28 1.28 1.28 1.55 2.59 3.23 0.85 0.92 0.95 0.85 0.84 0.89 1.26 0.89 0.83 0.83 0.83 0.83 0.89 0.89 0.89 0.89 0.89 0.89 0.89 0.89 0.08 0.08 0.52 0.52 0.52 0.24 0.14 0.52 0.52 0.52 0.18 0.76 0.52 0.24 0.24 0.18 0.37 0.66 0.21 0.21 0.21 0.21 0.45 0.15 0.15 0.21 0.21 0.12
3.58 0.52 0.52 1.32 1.89 0.37 0.37 0.17 0.22 0.22 1.33 1.33 1.36 1.36 1.36 0.36 0.37 2.10 1.40 2.00 2.65 2.65 2.65 2.65 2.70 2.70 2.70 2.70 1.55 1.55 2.22 5.33 2.23 2.23 2.59 2.59 0.85 0.92 0.92 0.95 0.89 1.25 0.84 0.84 0.83 0.83 0.83 0.83 0.84 0.71 0.89 0.80 0.89 0.89 0.89 0.89 0.80 0.33 0.24 0.52 0.52 0.14 0.14 0.52 0.52 0.52 0.52 0.52 0.19 0.24 0.18 0.14 0.45 0.45 0.45 0.29 0.27 0.21 0.21 0.21 0.12 0.21 0.21 0.21
0.40 0.40 0.52 0.52 1.28 0.52 0.49 0.52 0.18 0.40 1.33 1.33 1.36 1.36 1.36 1.36 1.40 1.40 1.40 2.00 2.65 2.65 2.65 2.65 2.70 2.70 2.70 2.70 2.70 1.55 2.22 3.45 2.23 2.23 1.55 0.95 0.92 0.64 0.95 0.85 0.89 0.89 0.84 0.84 0.83 0.83 0.83 0.83 0.84 0.89 0.89 0.80 0.89 0.89 0.89 0.89 0.72 1.69 0.24 0.24 0.24 0.52 0.52 0.52 0.52 0.52 0.52 0.52 0.32 0.33 0.24 0.14 0.15 0.15 0.17 0.15 0.21 0.21 0.21 0.21 0.21 0.21 0.21 0.45
0.40 1.27 0.52 0.52 1.27 1.27 1.27 0.37 1.34 1.34 1.34 1.34 0.40 0.60 1.37 1.37 1.39 1.39 0.55 1.52 2.54 2.65 2.65 2.65 2.70 2.70 2.70 2.70 2.70 4.14 2.59 2.59 2.06 1.35 2.59 0.95 0.64 0.95 0.95 0.95 0.89 0.83 0.83 0.83 0.83 0.83 0.83 0.83 0.84 0.89 0.89 0.80 1.26 0.89 0.89 0.89 2.17 2.75 2.75 0.24 0.24 0.24 0.52 0.52 0.52 0.52 0.52 0.52 0.24 0.24 0.24 0.24 0.12 0.12 0.12 0.21 0.21 0.21 0.21 0.21 0.21 0.21 0.21 0.21
1.27 1.27 1.27 1.27 1.27 1.27 1.27 1.27 2.21 1.34 1.34 1.34 0.40 1.35 1.35 1.37 0.55 1.39 1.98 1.26 1.52 2.65 2.65 2.65 2.70 4.79 2.70 2.70 4.67 1.55 1.55 2.59 1.28 1.35 1.55 0.95 0.95 0.95 0.95 0.95 0.89 0.83 0.89 0.83 0.83 0.83 0.89 0.89 0.84 0.89 0.89 0.89 0.89 2.19 0.89 1.84 1.69 1.69 1.69 1.69 0.17 0.43 0.43 0.52 0.52 0.18 0.24 0.18 0.24 0.24 0.24 0.14 0.12 0.12 0.21 0.21 0.21 0.21 0.12 0.12 0.12 0.21 0.21 0.38
0.40 0.40 1.27 1.27 1.36 1.27 1.27 1.27 2.21 1.34 1.34 1.55 0.40 0.40 0.43 0.43 1.35 0.55 1.32 2.54 1.52 1.52 1.52 2.65 7.12 4.67 1.55 1.55 1.28 1.55 2.59 2.59 1.55 2.59 1.11 0.95 1.34 0.95 0.95 0.95 0.83 0.89 0.89 0.89 0.83 0.89 0.80 0.89 0.89 0.89 0.89 0.89 0.89 0.71 0.71 2.70 1.69 1.69 1.22 1.69 1.34 0.43 0.43 0.43 0.24 0.41 0.24 0.24 0.34 0.24 0.24 0.14 0.12 0.21 0.21 0.21 0.21 0.21 0.15 0.21 0.12 0.21 0.21 0.21
0.52 0.52 1.27 1.27 1.27 1.27 1.27 1.27 1.34 1.34 1.34 1.34 1.37 1.37 0.55 1.35 2.28 0.55 2.54 2.54 1.32 2.54 5.32 2.54 2.59 2.59 1.55 1.55 2.59 1.55 2.59 2.59 2.59 2.59 0.65 0.95 0.95 0.95 0.95 0.95 0.83 0.83 0.83 0.83 0.89 0.89 0.89 0.89 0.89 0.89 2.19 2.82 1.79 2.19 0.84 0.84 2.49 2.49 1.22 1.69 1.34 2.29 0.43 0.43 0.24 0.24 0.24 0.24 0.24 0.24 0.24 0.14 0.12 0.12 0.21 0.21 0.21 0.21 0.15 0.21 0.21 0.21 0.21 0.21
0.64 1.27 0.40 1.27 0.87 1.27 1.89 1.27 1.36 1.36 1.36 1.36 1.37 1.37 1.35 1.35 1.35 0.55 4.48 2.54 2.54 2.54 3.55 2.54 2.59 3.76 4.98 2.59 2.59 2.59 2.59 2.59 4.56 2.59 0.64 0.64 0.95 0.95 0.90 0.90 0.84 0.80 0.84 0.89 0.89 0.89 0.89 0.71 0.89 0.80 0.80 0.71 0.84 0.84 0.84 0.89 0.80 2.49 1.69 1.34 1.34 2.29 1.34 0.17 0.52 0.24 0.24 0.18 0.24 0.24 0.24 0.21 0.21 0.21 0.21 0.21 0.21 0.12 0.12 0.21 0.21 0.21 0.21 0.21
1.27 0.40 0.52 0.52 0.52 1.36 1.48 0.40 0.43 0.43 0.55 1.36 1.35 1.35 1.35 1.35 0.43 0.43 2.54 2.54 2.54 1.32 1.32 1.32 1.55 3.03 2.59 3.61 1.35 2.59 2.59 2.59 2.59 2.59 0.95 0.95 0.64 0.90 0.90 0.90 0.84 0.80 0.89 0.89 0.80 0.89 0.89 0.71 0.89 0.89 0.89 2.02 0.89 0.90 0.71 0.89 0.80 0.64 2.49 1.69 1.34 2.29 2.29 1.10 0.14 0.52 0.19 0.52 0.52 0.24 0.24 0.14 0.21 0.21 0.21 0.12 0.12 0.12 0.12 0.21 0.21 0.21 0.21 0.21
1.27 0.40 0.52 0.52 0.52 0.52 1.27 0.40 0.59 0.55 1.62 0.55 1.35 1.35 1.35 0.55 1.35 2.54 2.69 1.52 1.52 1.52 1.32 2.54 2.59 1.35 2.59 1.35 1.35 2.59 2.59 2.59 2.59 2.59 2.59 2.59 1.28 1.28 1.28 1.21 0.84 0.80 0.80 0.80 0.89 0.89 1.18 0.89 0.89 0.89 0.89 0.89 0.84 0.84 0.89 0.89 0.80 0.80 0.80 2.49 2.49 2.29 3.99 1.34 1.10 0.18 0.52 0.52 0.24 0.52 0.24 0.14 0.21 0.21 0.21 0.12 0.12 0.12 0.21 0.14 0.11 0.11 0.14 0.14
1.27 1.27 0.52 1.27 0.52 1.01 1.27 0.40 0.43 1.35 1.35 1.35 1.35 1.35 1.35 0.55 0.43 1.32 1.97 1.97 1.52 2.93 1.32 1.52 2.59 1.93 2.59 1.35 1.35 2.59 2.59 3.61 2.59 1.35 2.59 1.55 1.55 1.55 1.28 1.28 1.90 0.84 0.80 0.80 0.83 0.89 2.82 0.71 2.19 0.89 0.83 1.23 0.84 0.84 0.84 0.84 1.34 0.80 0.80 0.80 0.95 2.29 2.29 1.34 3.15 1.41 0.24 0.24 0.24 0.24 0.24 0.24 0.45 0.45 0.21 0.21 0.21 0.12 0.14 0.14 0.14 0.11 0.11 0.14
1.27 1.27 1.85 1.27 0.86 0.40 1.27 0.40 1.57 1.13 0.55 0.40 0.55 0.55 0.68 0.40 0.43 1.32 1.96 2.69 1.52 1.32 2.38 1.52 1.28 1.55 2.59 2.59 1.55 2.59 1.35 1.35 1.55 1.55 2.59 3.61 1.35 1.28 2.81 1.55 1.22 2.01 0.85 0.89 0.83 0.83 2.48 2.48 0.89 0.89 0.82 0.82 0.89 0.89 0.83 1.24 0.80 0.64 2.01 2.01 2.01 2.29 3.99 1.16 1.16 1.34 1.69 0.24 0.18 0.24 0.24 0.24 0.21 0.21 0.12 0.14 0.11 0.11 0.14 0.18 0.11 0.11 0.11 0.11
0.40 1.50 0.40 1.27 1.27 1.27 1.27 1.82 1.35 0.43 0.55 0.40 1.35 1.35 0.55 0.55 2.21 1.96 2.88 1.32 2.54 2.54 1.52 1.52 1.28 1.28 1.55 1.55 2.32 1.35 1.35 1.55 1.55 1.55 2.59 2.59 1.55 1.55 1.55 1.55 1.47 1.47 1.92 0.85 0.83 2.29 2.48 2.48 0.89 0.82 0.82 0.82 0.83 0.83 0.83 0.83 0.76 2.01 0.80 0.80 2.89 2.29 1.34 1.34 1.16 1.16 1.16 1.34 0.24 0.24 0.24 0.14 0.14 0.11 0.11 0.14 0.11 0.15 0.11 0.11 0.11 0.11 0.11 0.15
0.46 0.46 0.46 0.76 1.16 0.46 1.68 1.16 1.19 1.19 1.37 0.37 0.37 1.19 0.47 0.47 0.33 1.12 1.78 1.78 1.78 1.12 1.36 1.36 1.13 1.13 1.37 1.37 1.37 1.37 1.37 2.33 2.33 1.37 1.37 2.12 2.33 1.37 1.37 1.13 1.10 1.34 0.80 0.77 0.74 0.74 0.74 0.74 0.74 0.74 0.51 0.74 0.75 0.75 1.61 1.61 0.72 0.72 1.93 1.93 2.19 1.28 1.28 2.19 2.19 1.10 1.10 1.10 1.68 0.14 0.14 0.14 0.14 0.17 0.14 0.14 0.12 0.11 0.14 0.11 0.11 0.11 0.15 0.15
0.36 0.46 0.36 1.16 1.16 0.36 1.68 1.16 1.19 1.19 0.47 0.47 0.47 1.19 0.47 0.47 1.12 1.12 1.36 1.36 1.78 1.78 1.36 1.12 1.37 1.13 1.37 1.37 1.37 1.37 1.37 1.37 2.33 1.19 1.37 1.37 1.37 2.33 1.37 1.13 1.34 1.10 0.80 0.77 0.52 1.61 0.74 0.74 0.74 0.74 0.74 0.74 0.75 0.75 0.75 1.61 0.49 0.72 0.60 1.93 2.19 2.19 1.28 1.28 1.96 1.28 1.28 1.28 1.68 1.16 0.14 0.14 0.10 0.14 0.14 0.11 0.12 0.12 0.14 0.11 0.11 0.15 0.15 0.15
0.36 1.16 1.16 0.46 0.46 0.46 0.46 0.36 0.47 1.19 0.47 0.47 0.37 1.19 0.37 1.19 1.36 1.12 1.36 2.38 1.77 1.77 1.77 1.36 1.37 1.37 1.37 1.37 1.37 1.37 1.37 1.37 1.37 1.19 1.37 1.37 1.37 1.37 1.37 1.37 1.34 1.34 1.34 0.77 0.74 0.80 0.74 0.74 0.74 0.74 0.74 0.74 0.76 0.76 0.76 0.76 0.72 0.76 1.93 1.93 2.19 1.28 1.28 1.28 1.28 1.28 1.28 1.28 1.67 1.67 1.16 0.14 0.14 0.14 0.14 0.12 0.12 0.14 0.37 0.15 0.15 0.15 0.15 0.15
1.16 0.36 1.16 1.16 1.16 0.36 0.46 1.16 0.47 1.19 0.47 0.47 0.47 0.33 0.37 0.37 2.31 1.36 1.36 1.36 1.36 1.36 1.77 1.36 1.37 1.37 1.37 1.37 1.37 1.37 1.37 1.37 1.19 2.33 1.37 1.37 1.37 2.12 2.12 1.37 1.34 1.34 1.34 1.05 0.74 0.74 0.74 0.74 0.74 0.74 0.74 0.74 0.76 0.76 0.81 0.76 0.72 0.49 0.60 1.93 2.19 1.28 1.28 2.19 1.28 1.28 1.28 2.41 1.67 1.67 1.67 1.28 0.14 0.14 0.12 0.12 0.14 0.37 0.44 0.44 0.15 0.15 0.15 0.15
1.68 1.16 0.36 1.16 1.16 0.36 0.46 0.46 0.47 0.37 0.47 0.47 0.47 0.47 1.19 0.33 2.31 2.31 2.31 1.36 1.17 1.17 1.12 1.36 1.37 2.33 1.19 1.37 1.37 1.37 1.37 2.33 2.33 1.37 1.37 1.13 1.37 1.37 2.02 1.37 1.34 1.34 1.34 3.22 3.22 0.74 0.74 0.74 0.74 0.74 0.74 0.74 0.76 0.76 0.76 0.76 0.72 0.72 1.93 0.60 2.19 1.28 1.28 2.19 2.19 1.10 1.10 1.10 1.67 1.05 1.05 1.28 1.17 1.54 0.12 0.12 0.14 0.15 0.44 0.44 0.15 0.44 0.44 0.15
1.16 1.16 1.16 0.36 0.46 0.46 0.46 0.46 0.47 0.37 1.19 1.19 0.47 1.19 0.33 0.33 1.36 2.31 2.31 2.31 1.17 2.31 4.03 2.31 1.37 1.19 1.37 1.37 1.37 3.22 1.19 2.33 2.33 1.37 1.37 1.37 1.37 2.33 1.19 2.11 1.34 1.34 1.34 3.22 3.22 3.22 3.22 2.29 2.29 0.74 0.74 0.74 0.80 0.80 0.76 0.76 0.72 0.72 0.72 0.72 2.19 1.05 1.28 2.19 2.19 2.19 1.10 1.28 1.10 2.19 1.28 1.28 0.96 0.96 1.54 0.11 0.11 0.11 0.37 0.44 0.16 0.44 0.44 0.15
1.16 1.16 0.36 0.36 0.36 0.46 0.46 0.46 0.47 0.47 0.47 1.19 0.37 0.47 0.33 1.36 1.36 1.17 2.31 2.31 2.31 2.31 2.31 1.36 1.37 1.37 2.12 1.37 1.37 1.13 1.13 2.33 2.33 2.33 1.37 1.37 1.37 1.37 1.19 1.37 1.34 2.29 1.34 3.09 3.22 3.22 3.22 3.22 2.29 0.74 0.74 0.74 0.80 0.75 1.10 0.72 0.71 1.04 0.71 0.71 1.65 3.45 1.28 1.28 1.28 1.28 1.10 1.10 1.10 1.67 1.67 1.05 1.17 1.17 1.17 1.17 0.11 0.11 0.11 0.14 0.44 0.44 0.20 0.15
1.16 1.16 0.45 0.36 1.16 0.46 0.46 0.46 0.47 0.47 0.61 0.59 1.42 0.47 0.47 1.17 1.36 2.31 1.36 1.36 2.31 2.31 2.31 2.31 2.33 1.37 1.37 1.37 1.37 2.33 1.37 1.13 1.37 2.33 1.37 1.37 1.19 1.13 1.37 2.12 1.34 1.10 1.10 1.10 1.34 3.22 3.22 3.22 3.22 0.74 0.74 0.74 0.75 0.75 1.01 0.75 0.71 0.71 0.71 1.65 2.19 2.19 1.28 1.28 1.28 1.28 1.28 1.05 1.10 1.28 2.19 1.10 1.17 1.17 1.17 1.17 1.17 0.14 0.37 0.37 0.37 0.44 0.44 0.20
0.46 1.16 0.36 0.36 0.36 0.46 0.46 0.46 0.47 0.47 1.19 1.19 0.47 0.47 0.33 2.31 1.36 1.36 1.36 1.36 1.36 1.36 1.36 1.36 1.37 2.33 2.33 3.14 2.33 2.33 2.33 2.33 2.33 2.33 2.33 1.37 1.19 1.19 1.37 1.37 1.10 1.10 1.34 1.10 1.10 1.34 3.22 1.73 1.71 0.74 0.74 0.74 0.75 0.75 0.80 0.75 0.71 0.71 0.76 1.28 2.19 1.10 1.28 1.28 2.19 1.28 1.28 1.28 1.28 1.28 1.28 1.28 1.17 1.17 1.01 1.17 2.04 2.04 0.37 0.37 0.14 0.20 0.44 0.20
0.46 0.46 0.36 1.16 0.46 0.46 0.46 0.46 0.47 0.47 0.47 1.19 1.19 0.47 0.47 1.17 1.17 1.17 2.31 1.36 1.36 1.36 1.36 1.36 1.37 1.37 2.33 2.33 1.19 2.33 1.19 2.33 2.33 2.33 2.12 1.37 1.19 1.19 2.33 1.13 1.10 1.34 1.34 1.34 1.10 1.34 1.34 1.34 1.34 1.34 0.80 0.74 0.75 0.75 0.75 0.75 2.19 2.19 1.05 1.65 1.28 1.10 1.28 1.28 1.10 1.10 1.10 1.28 1.28 1.28 1.28 1.28 1.17 2.04 2.04 1.17 1.17 2.04 2.04 0.14 0.37 0.44 0.15 0.44
0.46 0.46 0.46 1.16 1.16 0.46 0.46 1.16 1.19 0.47 0.47 0.37 0.47 0.33 1.19 2.31 1.17 1.17 1.17 1.36 2.31 1.36 1.36 1.36 1.37 2.33 2.33 2.33 2.33 1.19 1.19 1.37 2.33 2.33 2.33 2.67 2.33 2.33 1.37 1.37 1.10 1.10 1.34 1.34 1.10 1.34 1.34 1.34 1.34 1.34 1.34 1.34 1.71 0.74 0.74 0.74 0.68 1.05 1.05 1.64 1.28 1.28 1.28 1.28 1.28 1.28 1.28 1.28 2.19 1.28 1.28 1.28 1.17 1.01 1.01 2.04 2.04 2.04 2.04 2.04 0.37 0.14 0.16 0.16
0.46 0.46 0.46 1.16 1.16 0.36 0.36 0.46 0.47 0.47 0.33 0.37 0.33 0.33 1.12 1.36 2.31 2.31 2.31 3.16 1.36 1.12 1.12 1.17 1.37 1.37 1.37 2.33 2.33 2.33 3.36 2.33 1.19 2.33 2.33 2.33 2.33 1.37 1.37 1.37 1.34 2.29 2.29 1.10 1.10 1.34 1.16 1.16 1.34 2.07 1.34 1.34 1.34 1.83 0.74 0.74 1.05 1.05 1.28 1.28 2.19 1.28 1.28 1.28 1.10 1.28 1.28 1.28 3.13 2.19 2.19 1.10 2.04 2.04 2.04 1.01 2.04 1.01 2.04 2.04 2.04 0.37 0.16 0.15
0.46 0.46 0.46 0.46 1.16 1.16 0.36 0.46 0.47 0.47 1.19 1.19 1.19 0.47 1.36 2.31 2.31 2.31 2.31 1.36 1.97 1.12 1.12 1.36 1.37 1.37 1.37 1.37 1.37 2.33 1.37 1.37 1.37 2.33 1.37 1.37 2.33 2.33 3.36 1.37 1.34 1.16 1.16 1.16 1.10 1.34 1.16 1.16 1.34 1.34 1.16 2.35 2.39 1.34 0.74 1.83 1.28 1.05 1.28 1.28 2.19 1.28 1.28 1.28 1.28 1.28 1.28 1.28 1.28 1.28 1.28 1.28 2.04 2.04 2.04 1.01 2.04 1.23 2.22 2.04 2.04 1.29 0.44 0.44
0.46 1.16 0.46 0.36 1.16 1.16 0.36 0.36 0.47 0.47 1.19 1.19 1.19 0.33 1.36 1.36 2.31 2.31 3.32 1.36 1.36 1.36 1.17 1.36 1.37 2.33 2.33 1.37 2.33 1.37 1.37 1.13 1.37 1.37 1.37 1.37 1.37 1.19 1.19 2.33 1.34 1.16 1.34 1.34 1.34 1.34 1.34 1.34 1.10 1.34 1.34 1.73 1.71 1.34 1.71 1.10 1.28 1.05 1.28 1.10 1.10 1.05 1.10 1.28 1.28 1.28 1.28 1.28 1.28 1.28 1.10 1.28 1.01 1.01 2.04 2.04 2.04 1.29 2.22 1.48 2.22 2.22 2.22 0.44
