New_Model_Runs/10_Future_Present_Scn3_out/post_prcessed_with_MFR/Monthly_summaries/runoff_monthly_NOV.asc
NCOLS 700
NROWS 400
XLLCENTER 515000.000000
YLLCENTER 8409000.000000
CELLSIZE 50.000000
NODATA_value -999.000000
[rows 114 to 151 of 400, columns 504 to 587 of 700]
1.82 1.82 1.82 1.82 1.63 2.91 1.63 1.63 1.41 1.41 1.41 1.41 1.41 1.41 1.41 1.41 1.44 1.44 1.44 1.44 0.74 0.74 0.74 0.74 0.60 0.60 1.31 2.38 2.00 0.64 0.64 1.30 1.29 1.29 1.29 1.29 1.30 0.60 1.30 1.30 1.28 1.28 1.28 1.28 1.30 1.30 2.01 1.30 1.28 1.28 1.28 1.28 1.13 1.13 1.13 1.13 1.13 1.00 1.00 1.00 0.30 0.51 1.01 1.01 1.01 1.61 1.61 1.01 1.55 0.98 0.98 0.98 1.02 0.31 1.02 1.02 1.08 0.79 1.52 0.00 0.00 0.00 0.00 0.00
1.82 1.82 1.82 1.82 1.63 1.63 1.63 1.63 1.41 1.41 1.41 1.41 1.41 1.41 1.41 1.41 1.44 1.44 1.44 1.44 0.69 0.69 1.65 1.65 1.47 1.31 1.31 1.31 1.30 1.30 0.64 1.30 1.29 1.29 1.29 1.29 1.30 1.30 1.30 1.30 1.28 1.28 1.28 1.28 1.30 3.05 1.30 1.30 1.28 1.28 1.28 1.28 1.13 1.13 1.13 1.13 1.13 1.00 1.00 1.00 0.30 0.58 1.01 1.01 1.01 1.01 1.01 1.01 0.98 0.98 0.98 0.98 1.02 1.02 0.31 0.31 1.08 0.65 0.50 0.50 1.52 4.15 1.52 1.52
1.60 1.60 1.60 2.86 2.79 1.56 1.56 1.56 1.44 1.44 1.44 1.44 1.47 1.47 1.47 1.47 1.48 1.48 1.48 1.48 0.70 0.70 1.48 1.48 1.31 1.31 1.47 1.31 1.31 1.31 1.31 1.31 1.32 1.32 1.32 1.32 1.33 1.33 1.33 1.33 1.28 1.28 1.97 0.61 1.97 1.28 1.28 1.28 1.27 1.27 1.27 1.27 1.13 1.13 1.13 1.13 1.12 0.98 0.98 0.98 0.98 0.98 0.98 0.98 0.98 0.98 0.98 0.98 0.98 0.98 0.98 0.98 1.04 1.04 0.31 0.31 1.08 1.08 1.73 1.11 1.43 3.80 3.80 3.80
1.60 1.60 1.60 1.60 1.56 1.56 1.56 1.56 1.44 1.44 1.44 1.44 1.47 1.47 1.47 1.47 1.48 1.48 1.48 1.48 1.48 1.48 1.48 1.48 2.38 1.31 1.31 1.31 1.31 1.31 0.48 1.31 1.32 1.32 1.32 1.32 1.33 1.33 1.33 1.33 1.28 1.28 1.28 1.28 1.28 1.28 1.28 1.97 1.27 0.61 0.46 3.66 1.88 1.13 1.13 1.13 1.12 0.98 0.98 0.98 0.98 0.98 0.98 0.98 0.98 0.98 0.98 0.98 0.98 0.98 0.98 0.98 1.04 0.31 0.31 1.04 1.08 1.08 1.08 1.08 3.80 3.80 3.80 3.80
1.60 1.60 1.60 1.60 1.56 1.56 1.56 1.56 1.44 1.44 1.44 1.44 1.47 1.47 1.47 1.47 1.48 1.48 1.48 1.48 1.48 1.48 1.48 1.48 1.31 1.31 0.60 1.31 1.31 1.31 1.31 1.31 1.32 1.32 1.32 1.32 1.33 1.33 1.33 1.33 1.28 1.28 1.28 1.28 1.28 1.28 1.28 0.61 0.61 0.61 0.46 0.61 1.13 1.88 1.13 1.13 1.12 0.98 0.98 0.98 0.98 0.98 0.98 1.56 0.98 1.56 0.98 0.98 0.98 0.98 0.98 0.98 1.04 0.31 0.31 0.31 1.08 1.08 1.08 0.73 1.43 3.80 3.80 3.80
1.60 1.60 1.60 1.60 1.56 1.56 1.56 1.56 1.44 1.44 1.44 1.44 1.47 1.47 1.47 1.47 1.48 1.48 1.48 1.48 1.48 1.48 1.48 1.48 1.31 1.31 1.31 1.31 1.31 1.31 1.31 1.31 1.32 1.32 1.32 1.32 1.33 1.33 1.33 1.33 1.28 1.28 1.28 1.28 1.28 1.41 1.41 0.46 0.46 1.27 1.95 2.81 1.13 1.13 1.13 1.13 1.12 0.98 0.98 0.98 0.98 0.98 1.56 0.98 0.98 0.98 0.98 0.98 0.98 0.98 0.98 0.98 1.04 1.04 0.61 0.31 0.33 0.45 0.20 0.20 0.49 1.43 0.65 3.80
1.59 1.59 1.59 1.59 1.73 1.73 1.73 1.73 1.53 1.53 1.53 1.53 1.54 1.54 1.54 1.54 1.53 1.53 1.53 1.53 1.53 1.53 1.53 1.53 1.36 1.36 1.36 1.36 1.36 1.36 1.36 1.36 1.36 1.36 1.36 1.36 1.36 1.36 1.36 1.36 1.29 1.29 1.29 1.29 2.29 0.62 1.27 1.27 0.61 1.25 1.25 1.25 1.11 1.11 1.11 1.84 1.10 0.97 0.97 0.97 0.98 0.98 0.98 0.98 1.00 1.00 1.00 1.00 1.01 1.01 1.01 1.01 1.04 1.04 1.04 1.04 0.90 0.50 0.50 0.20 0.49 0.65 1.26 1.19
1.59 1.59 1.59 1.59 1.73 1.73 1.73 1.73 1.53 1.53 1.53 1.53 1.54 1.54 1.54 1.54 1.53 1.53 1.53 1.53 1.53 1.53 1.53 1.53 1.36 1.36 0.48 0.48 1.36 1.36 1.36 1.36 1.36 1.36 1.36 1.36 1.36 1.36 0.64 1.36 1.29 0.61 0.61 0.61 0.61 1.27 1.27 1.27 1.25 1.25 1.25 1.25 1.11 1.11 1.11 1.11 1.10 0.97 0.97 0.97 0.98 0.98 0.98 0.98 1.00 1.00 1.00 1.00 1.01 1.01 1.01 1.01 1.04 1.04 1.04 1.04 1.08 1.08 1.08 0.20 0.49 0.65 1.26 0.49
1.59 1.59 1.59 1.59 1.73 1.73 1.73 1.73 1.53 1.53 1.53 1.53 1.54 1.54 1.54 1.54 1.53 1.53 1.53 1.53 1.53 1.53 1.53 1.53 1.36 0.40 0.64 0.64 0.48 1.36 1.36 1.36 1.36 1.36 1.36 1.36 2.55 1.36 0.64 0.64 0.61 1.30 1.53 0.61 0.61 1.27 1.27 1.27 1.25 1.25 1.25 1.25 1.11 1.11 1.11 1.11 1.39 0.97 0.97 0.97 0.98 0.98 0.98 0.98 1.00 1.00 1.00 1.00 1.01 1.01 1.01 1.01 1.04 1.04 1.04 1.04 1.08 1.08 0.33 0.33 1.11 1.77 2.21 1.11
1.59 1.59 1.59 1.59 1.73 0.83 1.73 1.73 1.53 2.64 2.74 3.62 2.74 1.54 1.54 1.54 2.64 1.53 1.53 1.53 1.53 1.53 1.53 1.53 1.36 0.40 1.36 0.64 0.48 1.36 1.36 1.36 0.64 1.36 1.36 0.64 2.38 1.36 1.36 0.64 0.61 0.46 0.61 1.29 1.27 1.27 1.27 1.27 1.25 1.25 1.25 1.25 1.11 1.11 1.11 1.11 1.10 0.97 0.97 0.97 0.98 0.98 0.98 0.98 1.00 1.00 1.00 1.00 1.01 1.01 1.01 1.01 1.04 1.04 1.04 1.04 1.08 1.08 0.33 0.33 0.34 0.34 1.75 1.11
1.76 1.76 1.76 1.76 1.80 1.80 3.13 1.80 1.55 1.55 5.04 1.55 1.56 1.56 1.56 2.77 2.78 1.57 0.36 0.74 1.57 1.57 1.57 1.57 1.39 0.41 0.41 1.39 1.39 1.39 1.39 1.39 1.46 0.48 0.41 0.27 0.64 0.48 1.37 1.37 1.29 1.29 1.29 1.29 1.29 1.29 1.29 1.29 1.27 2.98 1.27 1.27 1.10 1.10 1.10 1.10 1.10 0.97 0.97 0.97 0.99 0.99 0.99 1.57 1.60 1.61 1.02 1.02 1.03 1.03 1.03 2.25 1.05 1.05 1.05 1.05 1.07 1.07 0.32 0.44 0.63 1.07 1.07 1.07
1.76 1.76 1.76 1.76 1.80 1.80 1.80 1.80 1.55 2.78 1.55 1.55 1.56 1.56 1.56 1.56 0.48 0.48 0.48 0.48 0.31 1.57 1.57 1.57 1.39 0.41 0.10 0.80 1.47 1.47 1.39 1.39 1.20 1.20 1.20 1.20 1.20 0.43 1.37 1.37 3.05 1.29 1.29 1.29 1.29 1.29 1.29 1.29 3.00 1.27 1.27 1.27 1.10 1.10 1.10 1.10 1.10 0.97 0.97 0.97 0.99 1.57 1.96 0.99 1.02 1.02 2.01 1.62 1.03 1.64 1.64 1.03 2.31 1.05 1.05 1.05 1.07 1.07 1.70 1.07 1.07 1.07 1.07 1.07
1.76 1.76 1.76 1.76 1.80 1.80 1.80 1.80 1.55 1.55 1.55 1.55 1.56 1.56 1.56 1.56 1.57 0.48 0.67 0.48 0.27 2.64 1.57 0.48 0.41 0.80 0.80 1.58 1.58 0.80 0.80 1.39 1.20 1.20 1.20 1.20 0.76 0.95 1.37 2.37 1.29 1.29 1.29 0.38 0.38 0.38 1.29 0.38 0.37 1.27 1.27 1.27 1.10 1.10 1.10 1.10 1.10 0.97 0.97 0.97 0.99 0.99 0.99 0.99 1.02 1.02 1.02 1.02 1.64 1.03 1.03 1.03 1.05 1.05 2.33 1.05 1.07 1.70 1.07 1.07 1.07 1.07 1.07 1.07
1.76 1.76 1.76 1.76 1.80 1.80 1.80 1.80 1.55 1.55 1.55 1.55 1.56 2.78 2.78 1.56 1.57 1.57 0.36 0.36 0.36 0.97 0.48 0.91 0.80 0.80 1.58 1.58 1.58 1.58 1.58 1.58 2.74 2.74 0.27 1.30 1.37 1.37 1.37 1.37 1.29 1.29 1.29 0.38 0.38 0.38 0.25 0.52 0.37 0.37 0.37 1.90 1.10 1.10 1.10 1.10 1.39 0.97 0.97 0.97 0.99 0.99 0.99 0.99 1.02 1.02 1.02 1.60 1.03 1.03 1.03 1.03 1.05 1.05 1.05 1.05 1.07 1.07 1.07 1.07 1.07 1.07 1.07 1.70
1.82 1.82 1.82 1.82 1.83 1.83 1.83 1.83 1.55 1.55 1.55 1.55 1.56 1.56 1.56 1.56 1.57 1.57 0.48 1.36 2.30 0.74 1.36 0.91 0.80 1.58 1.58 0.00 0.00 0.00 0.00 0.00 0.00 2.74 1.37 1.37 1.36 1.36 1.36 1.36 1.32 1.32 0.39 1.15 1.15 1.15 1.15 0.32 0.41 0.37 0.37 1.26 1.10 2.72 1.83 1.92 1.12 0.98 0.98 0.64 0.48 0.48 0.48 0.98 0.99 1.57 0.99 0.99 1.00 1.00 1.00 1.00 1.03 1.64 1.03 1.64 1.03 1.03 1.03 1.03 1.03 1.03 1.65 1.03
1.82 1.82 1.82 1.82 0.57 0.57 0.57 0.57 0.47 1.55 1.55 1.55 1.56 1.56 1.56 1.56 0.56 1.57 0.36 0.36 1.36 1.36 0.91 0.91 0.80 0.00 0.00 0.00 0.00 0.00 0.00 0.00 0.00 0.00 1.47 1.37 1.36 1.36 1.36 1.36 1.35 2.65 0.82 0.29 1.15 1.38 0.38 0.61 0.51 0.37 0.37 1.26 1.10 1.10 1.10 1.10 1.41 0.98 0.98 0.98 0.48 0.48 1.34 0.98 0.99 0.99 0.99 0.99 1.00 1.00 1.00 1.00 1.03 1.03 1.03 1.03 1.03 1.03 1.03 1.03 1.03 1.64 1.03 1.03
1.88 1.88 1.88 1.88 0.59 0.59 0.35 0.59 0.46 1.52 1.52 1.52 1.52 1.52 1.52 1.52 0.30 1.53 0.72 1.32 1.32 1.54 0.88 0.88 9.55 0.00 0.00 0.00 0.00 0.00 0.00 0.00 0.00 0.00 0.00 2.31 1.32 1.32 1.32 0.63 3.71 2.50 2.50 1.08 1.08 1.29 1.99 1.29 2.62 1.13 1.88 1.13 1.09 1.09 1.09 1.09 1.09 0.96 0.96 0.96 0.47 0.62 1.89 1.52 0.96 0.96 0.96 0.96 0.97 0.97 0.97 0.97 1.02 1.02 1.02 1.02 1.03 1.03 1.03 2.27 1.03 1.03 1.03 1.03
1.88 1.88 1.88 1.88 1.88 0.59 0.59 0.59 0.95 0.95 0.46 1.52 1.52 1.52 1.52 0.72 0.30 1.53 0.72 0.72 0.35 0.35 0.03 0.88 0.00 0.00 0.00 0.00 0.00 0.00 0.00 0.00 0.00 0.00 0.00 3.94 1.44 1.32 3.94 0.00 0.00 2.50 2.50 2.50 0.39 0.37 1.29 1.29 1.13 1.88 1.13 1.86 1.09 1.09 1.09 1.09 1.09 0.96 0.96 0.62 0.47 0.47 1.52 0.95 0.96 1.52 0.96 0.96 0.97 0.97 0.97 0.97 1.02 1.02 1.02 1.63 1.64 1.03 1.03 1.03 1.03 1.03 1.03 1.03
1.89 1.89 1.89 1.89 1.89 1.89 0.60 0.60 0.46 0.46 0.46 1.53 0.54 0.30 0.35 0.35 0.35 0.30 1.52 0.72 1.51 1.51 1.51 0.00 0.00 0.00 0.00 0.00 0.00 0.00 0.00 0.00 0.00 0.00 0.00 1.30 1.31 0.00 0.00 0.00 0.00 0.00 0.00 1.08 0.28 0.37 1.95 1.26 1.13 1.13 1.13 1.13 1.11 1.11 1.11 1.11 1.12 0.99 0.99 0.99 0.62 0.62 0.97 0.97 0.94 0.94 0.94 0.94 0.95 0.95 0.95 0.95 1.00 1.00 1.00 1.00 1.02 1.02 1.02 1.02 1.03 1.03 1.03 1.03
1.89 1.89 1.89 3.27 3.28 3.29 0.86 0.43 0.35 0.28 0.46 1.53 1.53 0.30 1.32 0.35 0.88 0.88 0.08 1.52 1.51 1.51 0.00 0.00 0.00 0.00 0.00 0.00 0.00 0.00 0.00 0.00 0.00 0.00 0.00 0.00 0.00 0.00 0.00 0.00 0.00 0.00 0.00 2.50 0.24 0.24 0.51 0.37 0.34 1.13 1.13 1.13 1.11 1.11 1.11 1.11 1.12 0.99 1.58 0.99 0.97 0.97 0.97 0.97 0.94 0.94 0.94 0.94 0.95 0.95 0.95 0.95 1.00 1.60 1.00 1.00 1.02 1.02 0.31 0.31 0.31 0.31 0.31 0.31
1.89 1.89 1.89 1.89 1.89 1.89 3.29 0.86 0.35 0.28 0.28 0.35 0.35 1.32 0.03 0.88 0.88 0.88 0.00 0.00 0.00 0.00 0.00 0.00 0.00 0.00 0.00 0.00 0.00 0.00 0.00 0.00 0.00 0.00 0.00 0.00 0.00 0.00 0.00 0.00 0.00 0.00 0.00 0.00 1.08 0.37 0.37 0.37 0.34 0.34 1.13 1.13 1.11 1.11 1.11 1.11 1.12 0.99 0.99 0.99 0.97 0.97 0.97 0.97 0.94 0.94 0.94 0.94 0.95 0.95 0.95 0.95 1.00 2.63 1.00 1.00 1.02 1.02 1.62 0.60 0.31 0.31 0.41 0.31
1.89 1.89 1.89 1.89 1.89 0.89 1.89 1.88 1.32 0.88 0.88 0.88 0.88 0.00 0.00 0.00 0.00 0.00 0.00 0.00 0.00 0.00 0.00 0.00 0.00 0.00 0.00 0.00 0.00 0.00 0.00 0.00 0.00 0.00 0.00 0.00 0.00 0.00 0.00 0.00 0.00 0.00 0.00 2.50 1.96 1.26 1.26 1.26 1.13 1.13 1.13 1.13 1.11 1.11 1.11 1.11 1.12 0.99 0.99 0.99 0.29 0.29 0.29 0.97 0.94 0.94 0.94 0.94 0.95 0.95 0.95 0.95 1.00 2.19 1.59 1.00 1.02 1.02 1.02 1.02 1.03 1.03 0.31 0.31
1.88 1.88 1.88 1.88 0.59 0.43 0.43 1.56 0.88 0.88 0.00 0.00 0.00 0.00 0.00 0.00 0.00 0.00 0.00 0.00 0.00 0.00 0.00 0.00 0.00 0.00 0.00 0.00 0.00 0.00 0.00 0.00 0.00 0.00 0.00 0.00 0.00 0.00 0.00 0.00 0.00 0.00 0.00 1.25 1.32 0.57 1.26 1.26 0.71 0.43 1.27 1.27 1.26 1.26 1.26 1.26 1.28 0.31 0.31 0.31 0.30 0.30 0.30 0.30 0.94 0.94 0.94 0.94 0.92 0.92 0.92 1.46 0.99 0.99 0.99 0.99 1.02 1.02 1.02 1.02 1.04 1.04 1.04 1.04
1.88 1.88 1.88 1.88 0.35 0.43 1.05 1.05 0.00 0.00 0.00 0.00 0.00 0.00 0.00 0.00 0.00 0.00 0.00 0.00 0.00 0.00 0.00 0.00 0.00 0.00 0.00 0.00 0.00 0.00 0.00 0.00 0.00 0.00 0.00 0.00 0.00 0.00 0.00 0.00 0.00 0.00 0.00 0.00 0.00 0.00 0.00 1.42 1.42 3.71 0.43 0.43 0.57 1.26 1.26 1.26 1.28 0.31 0.31 0.31 0.30 0.30 0.30 0.30 0.28 0.28 0.94 0.94 0.92 0.92 0.92 1.46 0.99 0.99 0.99 0.99 1.02 1.02 1.02 1.02 1.04 1.04 1.04 1.04
1.88 1.88 1.88 1.96 0.86 0.43 1.05 0.00 0.00 0.00 0.00 0.00 0.00 0.00 0.00 0.00 0.00 0.00 0.00 0.00 0.00 0.00 0.00 0.00 0.00 0.00 0.00 0.00 0.00 0.00 0.00 0.00 0.00 0.00 0.00 0.00 0.00 0.00 0.00 0.00 0.00 0.00 0.00 0.00 0.00 0.00 0.00 0.00 2.52 1.42 3.71 3.71 0.57 0.28 0.57 1.26 1.28 0.31 0.31 0.31 0.30 0.30 0.30 0.30 0.28 0.28 0.94 0.94 0.92 0.92 1.46 0.92 0.99 0.99 0.99 0.99 1.02 1.02 1.02 1.02 1.04 1.04 1.04 1.04
1.99 1.88 0.86 0.86 1.92 0.43 1.56 0.00 0.00 0.00 0.00 0.00 0.00 0.00 0.00 0.00 0.00 0.00 0.00 0.00 0.00 0.00 0.00 0.00 0.00 0.00 0.00 0.00 0.00 0.00 0.00 0.00 0.00 0.00 0.00 0.00 0.00 0.00 0.00 0.00 0.00 0.00 0.00 0.00 0.00 0.00 0.00 0.00 0.00 1.42 2.50 2.50 0.37 0.28 0.28 0.38 0.25 0.31 0.31 0.31 0.30 0.30 0.30 0.30 0.28 0.28 0.94 0.94 0.92 0.92 0.92 0.92 0.99 0.99 0.99 0.99 1.02 1.02 1.02 1.02 1.04 1.04 1.04 0.31
1.87 0.86 1.88 0.65 1.87 1.87 1.88 0.00 0.00 0.00 0.00 0.00 0.00 0.00 0.00 0.00 0.00 0.00 0.00 0.00 0.00 0.00 0.00 0.00 0.00 0.00 0.00 0.00 0.00 0.00 0.00 0.00 0.00 0.00 0.00 0.00 0.00 0.00 0.00 0.00 0.00 0.00 0.00 0.00 0.00 0.00 0.00 0.00 0.00 1.42 1.42 1.42 1.08 1.08 1.08 1.08 1.16 0.24 0.31 0.31 0.30 0.30 0.40 0.30 0.93 0.93 0.93 0.93 0.90 0.90 0.90 0.90 0.98 0.98 0.98 0.98 1.02 1.02 0.48 0.48 1.04 1.04 1.04 0.62
1.87 0.65 0.86 1.58 1.87 1.87 1.87 0.00 0.00 0.00 0.00 0.00 0.00 0.00 0.00 0.00 0.00 0.00 0.00 0.00 0.00 0.00 0.00 0.00 0.00 0.00 0.00 0.00 0.00 0.00 0.00 0.00 0.00 0.00 0.00 0.00 0.00 0.00 0.00 0.00 0.00 0.00 0.00 0.00 0.00 0.00 0.00 0.00 0.00 0.00 1.42 2.35 2.50 1.08 1.08 1.08 1.16 1.13 0.31 0.31 0.30 0.30 0.30 0.39 0.27 1.47 0.53 1.45 0.90 0.90 0.90 0.90 0.98 0.98 0.98 2.16 1.02 1.02 1.02 1.02 1.04 1.04 1.04 0.25
1.87 1.87 0.86 1.88 1.88 10.93 0.00 0.00 0.00 0.00 0.00 0.00 0.00 0.00 0.00 0.00 0.00 0.00 0.00 0.00 0.00 0.00 0.00 0.00 0.00 0.00 0.00 0.00 0.00 0.00 0.00 0.00 0.00 0.00 0.00 0.00 0.00 0.00 0.00 0.00 0.00 0.00 0.00 0.00 0.00 0.00 0.00 0.00 0.00 0.00 1.42 1.42 1.42 1.08 1.08 0.24 0.28 0.31 0.62 0.62 0.30 0.40 0.30 1.00 0.27 0.27 0.27 0.27 0.90 0.90 0.90 0.90 0.98 0.98 0.98 1.56 1.02 1.02 1.19 0.48 1.13 0.48 1.42 0.48
1.87 1.87 1.88 1.88 0.00 0.00 0.00 0.00 0.00 0.00 0.00 0.00 0.00 0.00 0.00 0.00 0.00 0.00 0.00 0.00 0.00 0.00 0.00 0.00 0.00 0.00 0.00 0.00 0.00 0.00 0.00 0.00 0.00 0.00 0.00 0.00 0.00 0.00 0.00 0.00 0.00 0.00 0.00 0.00 0.00 0.00 0.00 0.00 0.00 0.00 0.00 1.42 1.42 0.71 0.57 1.22 1.30 1.04 1.04 1.04 1.57 1.00 1.00 1.00 0.93 0.93 0.93 0.93 0.90 0.90 0.90 0.90 1.52 1.55 0.98 0.98 1.02 1.02 1.02 1.02 0.48 0.48 0.64 0.64
0.86 1.88 0.00 0.00 0.00 0.00 0.00 0.00 0.00 0.00 0.00 0.00 0.00 0.00 0.00 0.00 0.00 0.00 0.00 0.00 0.00 0.00 0.00 0.00 0.00 0.00 0.00 0.00 0.00 0.00 0.00 0.00 0.00 0.00 0.00 0.00 0.00 0.00 0.00 0.00 0.00 0.00 0.00 0.00 0.00 0.00 0.00 0.00 0.00 0.00 0.00 1.42 1.42 3.71 1.32 0.43 0.46 0.47 1.01 1.01 0.95 0.95 0.95 0.95 0.91 0.91 0.91 0.91 0.91 0.91 0.91 0.91 0.97 1.55 0.97 0.97 1.02 1.02 1.02 1.02 1.05 0.48 0.64 0.64
1.56 0.00 0.00 0.00 0.00 0.00 0.00 0.00 0.00 0.00 0.00 0.00 0.00 0.00 0.00 0.00 0.00 0.00 0.00 0.00 0.00 0.00 0.00 0.00 0.00 0.00 0.00 0.00 0.00 0.00 0.00 0.00 0.00 0.00 0.00 0.00 0.00 0.00 0.00 0.00 0.00 0.00 0.00 0.00 0.00 0.00 0.00 0.00 0.00 0.00 0.00 1.42 1.42 3.71 1.32 0.57 1.25 1.01 1.60 1.01 0.95 0.95 0.95 0.95 1.43 0.91 0.91 0.91 0.91 0.91 0.91 0.91 0.97 0.97 0.97 0.97 1.02 1.02 1.02 1.02 1.05 1.05 1.05 1.09
0.00 0.00 0.00 0.00 0.00 0.00 0.00 0.00 0.00 0.00 0.00 0.00 0.00 0.00 0.00 0.00 0.00 0.00 0.00 0.00 0.00 0.00 0.00 0.00 0.00 0.00 0.00 0.00 0.00 0.00 0.00 0.00 0.00 0.00 0.00 0.00 0.00 0.00 0.00 0.00 0.00 0.00 0.00 0.00 0.00 0.00 0.00 0.00 0.00 0.00 0.00 1.36 3.80 3.60 1.27 0.41 0.55 0.97 0.97 0.97 1.44 0.91 0.91 0.91 0.87 0.87 0.87 0.87 0.87 0.87 0.87 0.87 0.91 0.91 0.91 0.91 0.96 0.96 1.56 1.56 0.98 0.98 0.60 1.02
0.00 0.00 0.00 0.00 0.00 0.00 0.00 0.00 0.00 0.00 0.00 0.00 0.00 0.00 0.00 0.00 0.00 0.00 0.00 0.00 0.00 0.00 0.00 0.00 0.00 0.00 0.00 0.00 0.00 0.00 0.00 0.00 0.00 0.00 0.00 0.00 0.00 0.00 0.00 0.00 0.00 0.00 0.00 0.00 0.00 0.00 0.00 0.00 0.00 0.00 0.00 1.36 0.68 0.55 1.30 0.41 1.10 0.97 0.59 0.97 0.91 0.91 0.91 0.91 0.87 0.87 0.87 0.87 0.87 0.87 0.87 0.87 0.91 0.91 0.91 0.91 0.96 0.96 0.96 0.96 0.98 0.98 1.34 1.34
0.00 0.00 0.00 0.00 0.00 0.00 0.00 0.00 0.00 0.00 0.00 0.00 0.00 0.00 0.00 0.00 0.00 0.00 0.00 0.00 0.00 0.00 0.00 0.00 0.00 0.00 0.00 0.00 0.00 0.00 0.00 0.00 0.00 0.00 0.00 0.00 0.00 0.00 0.00 0.00 0.00 0.00 0.00 0.00 0.00 0.00 0.00 0.00 0.00 0.00 0.00 1.70 0.68 1.06 1.06 0.41 0.53 0.89 0.89 0.89 0.87 0.87 0.87 0.87 0.89 0.89 0.89 0.89 0.44 0.91 0.91 0.91 0.92 0.44 0.92 0.92 0.95 0.95 0.95 0.95 0.60 1.34 9.38 0.00
0.00 0.00 0.00 0.00 0.00 0.00 0.00 0.00 0.00 0.00 0.00 0.00 0.00 0.00 0.00 0.00 0.00 0.00 0.00 0.00 0.00 0.00 0.00 0.00 0.00 0.00 0.00 0.00 0.00 0.00 0.00 0.00 0.00 0.00 0.00 0.00 0.00 0.00 0.00 0.00 0.00 0.00 0.00 0.00 0.00 0.00 0.00 0.00 0.00 0.00 3.60 0.55 2.13 0.76 1.06 1.06 0.96 0.89 0.89 1.40 0.87 0.59 0.25 0.25 0.89 0.89 0.89 0.89 0.44 0.91 0.91 0.91 0.92 1.03 0.45 0.45 1.05 0.95 0.95 0.95 9.38 0.00 0.00 0.00
0.00 0.00 0.00 0.00 0.00 0.00 0.00 0.00 0.00 0.00 0.00 0.00 0.00 0.00 0.00 0.00 0.00 0.00 0.00 0.00 0.00 0.00 0.00 0.00 0.00 0.00 0.00 0.00 0.00 0.00 0.00 0.00 0.00 0.00 0.00 0.00 0.00 0.00 0.00 0.00 0.00 0.00 0.00 0.00 0.00 0.00 0.00 0.00 0.00 3.60 0.55 0.41 1.06 0.53 0.53 0.91 0.96 0.96 0.89 0.89 0.87 0.27 0.25 0.25 0.89 0.89 0.89 0.89 0.44 0.59 0.91 0.91 0.92 0.45 0.60 0.45 0.45 0.95 0.95 0.95 0.00 0.00 0.00 0.00
0.00 0.00 0.00 0.00 0.00 0.00 0.00 0.00 0.00 0.00 0.00 0.00 0.00 0.00 0.00 0.00 0.00 0.00 0.00 0.00 0.00 0.00 0.00 0.00 0.00 0.00 0.00 0.00 0.00 0.00 0.00 0.00 0.00 0.00 0.00 0.00 0.00 0.00 0.00 0.00 0.00 0.00 0.00 0.00 0.00 0.00 0.00 0.00 1.11 1.08 1.08 1.29 1.06 1.06 1.06 1.06 0.96 0.96 0.89 0.89 0.87 0.25 0.25 0.25 0.89 0.89 0.89 0.89 0.44 0.44 0.91 0.91 0.92 0.60 0.60 0.60 0.45 0.45 0.95 0.95 0.00 0.00 0.00 0.00
