New_Model_Runs/12_Future_RCP4.5_Scn2_out/post_prcessed_with_MFR/actual_et_annual.asc
NCOLS 700
NROWS 400
XLLCENTER 515000.000000
YLLCENTER 8409000.000000
CELLSIZE 50.000000
NODATA_value -999.000000
[rows 144 to 179 of 400, columns 405 to 485 of 700]
0.00 0.00 0.00 0.00 0.00 0.00 0.00 0.00 0.00 0.00 0.00 0.00 0.00 0.00 0.00 0.00 0.00 0.00 26.27 9.19 9.19 9.19 27.88 27.88 9.19 9.19 9.19 14.47 14.47 21.23 14.47 14.47 14.47 14.47 14.47 14.47 14.47 14.47 14.47 14.47 14.47 14.47 14.47 12.33 12.33 40.41 40.41 40.41 40.41 40.41 40.41 12.33 12.33 12.33 12.33 12.33 12.33 12.33 12.33 11.00 11.00 11.00 11.00 11.00 11.00 11.00 16.13 11.00 11.00 11.00 11.00 11.00 11.00 11.00 11.00 12.25 12.25 12.25 12.25 12.25 12.25
0.00 0.00 0.00 0.00 0.00 0.00 0.00 0.00 0.00 0.00 0.00 0.00 0.00 0.00 0.00 0.00 0.00 10.85 10.85 10.85 10.85 36.15 27.88 9.19 9.19 9.19 9.19 14.47 14.47 14.47 14.47 14.47 14.47 14.47 14.47 14.47 14.47 14.47 14.47 14.47 14.47 14.47 14.47 12.33 12.33 40.41 40.41 12.33 40.41 40.41 40.41 12.33 12.33 12.33 12.33 12.33 12.33 12.33 12.33 11.00 11.00 11.00 11.00 11.00 11.00 16.13 16.13 11.00 11.00 11.00 11.00 11.00 11.00 11.00 11.00 12.25 12.25 12.25 12.25 12.25 12.25
0.00 0.00 0.00 0.00 0.00 0.00 0.00 0.00 0.00 0.00 0.00 0.00 0.00 0.00 0.00 0.00 0.00 34.15 10.24 10.24 34.15 34.15 8.68 8.68 8.68 8.68 8.68 13.79 13.79 13.79 13.79 13.79 13.79 13.79 13.79 13.79 13.79 13.79 13.79 13.79 13.79 13.79 13.79 12.30 12.30 12.30 12.30 12.30 12.30 12.30 40.26 12.30 12.30 12.30 12.30 12.30 12.30 12.30 12.30 13.30 13.30 13.30 13.30 13.30 13.30 13.30 19.51 13.30 13.30 13.30 13.30 13.30 13.30 13.30 13.30 12.10 12.10 12.10 12.10 12.10 12.10
0.00 0.00 0.00 0.00 0.00 0.00 0.00 0.00 0.00 0.00 0.00 0.00 0.00 0.00 0.00 0.00 0.00 10.24 34.15 10.24 26.33 12.73 8.68 8.68 8.68 8.68 8.68 13.79 13.79 13.79 13.79 20.23 20.23 13.79 13.79 13.79 13.79 13.79 13.79 13.79 13.79 13.79 13.79 12.30 12.30 12.30 12.30 12.30 12.30 12.30 40.26 12.30 12.30 12.30 12.30 12.30 12.30 12.30 12.30 13.30 13.30 13.30 13.30 13.30 13.30 13.30 13.30 13.30 13.30 13.30 13.30 13.30 13.30 13.30 13.30 12.10 12.10 12.10 12.10 12.10 12.10
0.00 0.00 0.00 0.00 0.00 0.00 0.00 0.00 0.00 0.00 0.00 0.00 0.00 0.00 0.00 0.00 0.00 25.60 10.24 34.15 8.68 8.68 8.68 8.68 8.68 8.68 8.68 13.79 13.79 13.79 13.79 13.79 20.23 13.79 13.79 13.79 13.79 13.79 13.79 13.79 13.79 13.79 13.79 12.30 18.04 12.30 12.30 12.30 12.30 12.30 12.30 12.30 12.30 12.30 12.30 12.30 12.30 12.30 12.30 13.30 13.30 13.30 13.30 13.30 13.30 13.30 13.30 13.30 13.30 13.30 13.30 13.30 13.30 13.30 13.30 12.10 12.10 12.10 12.10 12.10 12.10
0.00 0.00 0.00 0.00 0.00 0.00 0.00 0.00 0.00 0.00 0.00 0.00 0.00 0.00 0.00 0.00 0.00 0.32 34.15 34.15 12.73 8.68 8.68 8.68 8.68 8.68 8.68 13.79 13.79 13.79 13.79 13.79 13.79 13.79 13.79 13.79 13.79 13.79 13.79 13.79 13.79 13.79 13.79 12.30 18.04 18.04 12.30 12.30 12.30 12.30 12.30 18.04 12.30 12.30 12.30 12.30 12.30 12.30 12.30 13.30 13.30 13.30 13.30 13.30 13.30 13.30 13.30 13.30 13.30 13.30 13.30 13.30 13.30 13.30 13.30 12.10 12.10 12.10 12.10 12.10 12.10
0.00 0.00 0.00 0.00 0.00 0.00 0.00 0.00 0.00 0.00 0.00 0.00 0.00 0.00 0.00 0.00 0.00 0.00 34.15 10.24 2.60 8.68 12.73 12.73 8.68 12.73 12.73 13.79 13.79 13.79 20.23 20.23 13.79 13.79 13.79 13.79 13.79 13.79 13.79 13.79 13.79 13.79 13.79 12.30 12.30 12.30 12.30 12.30 12.30 12.30 18.04 18.04 12.30 12.30 12.30 18.04 12.30 12.30 12.30 13.30 13.30 13.30 13.30 13.30 13.30 13.30 13.30 13.30 13.30 13.30 13.30 13.30 13.30 13.30 13.30 12.10 12.10 12.10 12.10 12.10 12.10
0.00 0.00 0.00 0.00 0.00 0.00 0.00 0.00 0.00 0.00 0.00 0.00 0.00 0.00 0.00 0.00 0.00 0.00 1.05 25.19 10.24 26.33 12.73 8.68 8.68 8.68 8.68 13.79 13.79 13.79 13.79 13.79 13.79 13.79 13.79 13.79 13.79 13.79 13.79 13.79 13.79 13.79 13.79 12.30 12.30 12.30 12.30 12.30 12.30 12.30 12.30 12.30 12.30 12.30 12.30 12.30 12.30 12.30 12.30 13.30 13.30 13.30 13.30 13.30 13.30 13.30 13.30 13.30 13.30 13.30 13.30 13.30 13.30 13.30 13.30 17.74 12.10 12.10 12.10 12.10 12.10
0.00 0.00 0.00 0.00 0.00 0.00 0.00 0.00 0.00 0.00 0.00 0.00 0.00 0.00 0.00 0.00 0.00 0.00 34.15 34.15 10.24 8.68 12.73 12.73 8.68 8.68 8.68 13.79 13.79 13.79 13.79 13.79 13.79 13.79 13.79 13.79 13.79 13.79 13.79 13.79 13.79 13.79 13.79 12.30 12.30 12.30 12.30 12.30 12.30 12.30 12.30 12.30 12.30 12.30 12.30 12.30 12.30 12.30 12.30 13.30 13.30 13.30 13.30 13.30 13.30 13.30 13.30 13.30 13.30 13.30 13.30 13.30 13.30 13.30 13.30 12.10 12.10 12.10 12.10 12.10 12.10
0.00 0.00 0.00 0.00 0.00 0.00 0.00 0.00 0.00 0.00 0.00 0.00 0.00 0.00 0.00 0.00 0.00 0.00 25.60 10.24 34.15 8.68 12.73 8.68 8.68 8.68 8.68 13.79 13.79 13.79 13.79 13.79 13.79 13.79 13.79 13.79 13.79 13.79 13.79 13.79 13.79 13.79 13.79 12.30 12.30 12.30 12.30 12.30 12.30 12.30 12.30 12.30 12.30 12.30 12.30 12.30 12.30 12.30 12.30 13.30 13.30 13.30 13.30 13.30 13.30 13.30 13.30 13.30 13.30 13.30 13.30 13.30 13.30 13.30 13.30 12.10 45.23 45.21 45.21 12.10 12.10
0.00 0.00 0.00 0.00 0.00 0.00 0.00 0.00 0.00 0.00 0.00 0.00 0.00 0.00 0.00 0.00 0.00 0.00 8.68 8.68 8.68 8.68 8.68 8.68 8.68 8.68 8.68 13.79 13.79 13.79 13.79 13.79 13.79 13.79 13.79 13.79 13.79 13.79 13.79 13.79 13.79 13.79 13.79 18.04 18.04 12.30 12.30 12.30 12.30 12.30 12.30 12.30 12.30 12.30 12.30 12.30 12.30 12.30 12.30 13.30 13.30 13.30 13.30 13.30 13.30 13.30 13.30 13.30 13.30 13.30 13.30 13.30 13.30 13.30 13.30 12.10 45.21 1.05 0.00 12.10 12.10
0.00 0.00 0.00 0.00 0.00 0.00 0.00 0.00 0.00 0.00 0.00 0.00 0.00 0.00 0.00 0.00 0.00 0.00 8.68 8.68 8.68 8.68 8.68 8.68 8.68 8.68 8.68 13.79 13.79 13.79 13.79 13.79 13.79 13.79 13.79 20.23 13.79 13.79 13.79 13.79 13.79 13.79 13.79 12.30 18.04 18.04 12.30 12.30 12.30 12.30 12.30 12.30 12.30 12.30 12.30 12.30 12.30 12.30 12.30 13.30 13.30 19.51 13.30 13.30 13.30 13.30 13.30 13.30 13.30 13.30 13.30 13.30 13.30 13.30 13.30 0.00 0.00 0.00 0.00 0.00 0.00
0.00 0.00 0.00 0.00 0.00 0.00 0.00 0.00 0.00 0.00 0.00 0.00 0.00 0.00 0.00 0.00 0.00 8.68 8.68 8.68 8.68 8.68 8.68 8.68 8.68 12.73 8.68 13.79 13.79 13.79 13.79 13.79 13.79 13.79 13.79 20.23 13.79 13.79 13.79 13.79 13.79 13.79 13.79 12.30 39.58 12.30 12.30 12.30 12.30 12.30 12.30 12.30 12.30 12.30 12.30 12.30 12.30 12.30 12.30 13.30 13.30 13.30 13.30 13.30 13.30 13.30 13.30 13.30 13.30 13.30 13.30 13.30 13.30 13.30 0.00 0.00 0.00 0.00 0.00 0.00 0.00
0.00 0.00 0.00 0.00 0.00 0.00 0.00 0.00 0.00 0.00 0.00 0.00 0.00 0.00 0.00 0.00 0.00 0.00 8.68 8.68 8.68 8.68 8.68 8.68 8.68 8.68 8.68 13.79 13.79 13.79 13.79 13.79 13.79 13.79 13.79 13.79 13.79 13.79 13.79 13.79 20.23 13.79 13.79 12.30 37.06 12.30 12.30 12.30 12.30 12.30 12.30 12.30 12.30 12.30 12.30 12.30 12.30 12.30 12.30 13.30 13.30 13.30 13.30 13.30 13.30 13.30 13.30 13.30 13.30 13.30 13.30 19.51 13.30 13.30 0.00 0.00 0.00 0.00 0.00 0.00 0.00
0.00 0.00 0.00 0.00 0.00 0.00 0.00 0.00 0.00 0.00 0.00 0.00 0.00 0.00 0.00 0.00 0.00 0.00 8.68 8.68 8.68 8.68 8.68 8.68 8.68 8.68 12.73 13.79 13.79 20.23 13.79 13.79 13.79 13.79 13.79 13.79 13.79 13.79 13.79 13.79 13.79 13.79 13.79 12.30 37.06 12.30 12.30 12.30 12.30 12.30 12.30 12.30 12.30 12.30 12.30 12.30 12.30 12.30 12.30 13.30 13.30 13.30 13.30 13.30 13.30 13.30 13.30 13.30 13.30 13.30 13.30 19.51 13.30 13.30 0.00 0.00 0.00 0.00 0.00 0.00 0.00
0.00 0.00 0.00 0.00 0.00 0.00 0.00 0.00 0.00 0.00 0.00 0.00 0.00 0.00 0.00 0.00 0.00 0.00 0.00 8.68 8.68 8.68 8.68 8.68 8.68 8.68 12.73 13.79 13.79 13.79 20.23 13.79 13.79 13.79 13.79 13.79 13.79 13.79 20.23 13.79 13.79 13.79 41.00 39.57 37.05 37.05 36.76 12.30 12.30 12.30 12.30 12.30 12.30 12.30 12.30 12.30 12.30 12.30 12.30 13.30 13.30 13.30 13.30 13.30 13.30 13.30 13.30 13.30 13.30 13.30 13.30 19.51 13.30 13.30 0.00 0.00 0.00 0.00 0.00 0.00 0.00
0.00 0.00 0.00 0.00 0.00 0.00 0.00 0.00 0.00 0.00 0.00 0.00 0.00 0.00 0.00 0.00 0.00 0.00 1.13 10.24 8.68 8.68 8.68 8.68 8.68 8.68 8.68 13.79 13.79 13.79 13.79 13.79 13.79 13.79 13.79 13.79 13.79 13.79 13.79 13.79 13.79 13.79 13.79 12.30 39.57 40.00 36.76 12.30 12.30 12.30 12.30 12.30 12.30 12.30 12.30 12.30 12.30 12.30 12.30 13.30 13.30 13.30 13.30 13.30 13.30 13.30 13.30 13.30 13.30 13.30 13.30 19.51 13.30 13.30 0.00 0.00 0.00 0.00 0.00 0.00 0.00
0.00 0.00 0.00 0.00 0.00 0.00 0.00 0.00 0.00 0.00 0.00 0.00 0.00 0.00 0.00 0.00 0.00 0.00 34.15 34.15 10.24 8.68 8.68 8.68 8.68 8.68 8.68 13.79 13.79 13.79 13.79 13.79 13.79 13.79 13.79 13.79 13.79 13.79 13.79 13.79 13.79 20.23 13.79 12.30 46.96 40.00 12.30 12.30 12.30 12.30 12.30 12.30 12.30 12.30 12.30 12.30 12.30 12.30 12.30 13.30 13.30 13.30 13.30 13.30 13.30 19.51 13.30 13.30 13.30 13.30 13.30 19.51 13.30 0.00 0.00 0.00 0.00 0.00 0.00 0.00 0.00
0.00 0.00 0.00 0.00 0.00 0.00 0.00 0.00 0.00 0.00 0.00 0.00 0.00 0.00 0.00 0.00 0.00 0.00 1.13 32.26 9.68 8.20 8.20 8.20 8.20 8.20 8.20 8.27 8.27 8.27 8.27 8.27 8.27 8.27 8.27 8.27 8.27 8.27 8.27 8.27 8.27 12.13 25.09 27.31 12.06 12.06 8.22 8.22 8.22 8.22 8.22 8.22 8.22 8.22 8.22 8.22 8.22 8.22 8.22 12.02 8.20 8.20 8.20 8.20 8.20 8.20 8.20 8.20 8.20 8.20 8.20 8.20 8.20 0.00 0.00 0.00 0.00 0.00 0.00 0.00 0.00
0.00 0.00 0.00 0.00 0.00 0.00 0.00 0.00 0.00 0.00 0.00 0.00 0.00 0.00 0.00 0.00 0.00 0.00 1.13 32.25 8.20 8.20 8.20 8.20 8.20 8.20 8.20 8.27 8.27 8.27 8.27 8.27 8.27 8.27 8.27 8.27 8.27 8.27 8.27 8.27 8.27 27.57 32.42 8.22 8.22 8.22 12.06 8.22 8.22 8.22 8.22 8.22 8.22 8.22 8.22 8.22 8.22 8.22 8.22 8.20 8.20 8.20 8.20 8.20 8.20 8.20 8.20 8.20 8.20 8.20 8.20 8.20 8.20 0.00 0.00 0.00 0.00 0.00 0.00 0.00 0.00
0.00 0.00 0.00 0.00 0.00 0.00 0.00 0.00 0.00 0.00 0.00 0.00 0.00 0.00 0.00 0.00 0.00 0.00 0.00 32.25 32.25 12.03 8.20 8.20 8.20 8.20 8.20 8.27 8.27 8.27 8.27 8.27 8.27 8.27 8.27 8.27 8.27 8.27 8.27 8.27 8.27 27.57 25.09 8.22 8.22 8.22 12.06 8.22 8.22 8.22 8.22 8.22 8.22 8.22 8.22 8.22 8.22 8.22 8.22 8.20 8.20 8.20 8.20 8.20 8.20 8.20 8.20 8.20 8.20 8.20 8.20 8.20 8.20 0.00 0.00 0.00 0.00 0.00 0.00 0.00 0.00
0.00 0.00 0.00 0.00 0.00 0.00 0.00 0.00 0.00 0.00 0.00 0.00 0.00 0.00 0.00 0.00 0.00 0.00 0.00 32.25 32.25 8.20 8.20 8.20 8.20 8.20 8.20 8.27 8.27 8.27 8.27 8.27 8.27 8.27 8.27 8.27 8.27 8.27 8.27 8.27 32.53 25.09 8.27 8.22 8.22 8.22 8.22 8.22 8.22 8.22 8.22 8.22 8.22 8.22 8.22 8.22 8.22 8.22 8.22 8.20 8.20 12.02 8.20 8.20 8.20 12.02 8.20 8.20 8.20 8.20 8.20 8.20 0.00 0.00 0.00 0.00 0.00 0.00 0.00 0.00 0.00
0.00 0.00 0.00 0.00 0.00 0.00 0.00 0.00 0.00 0.00 0.00 0.00 0.00 0.00 0.00 0.00 0.00 0.00 0.00 0.00 32.25 25.97 8.20 8.20 8.20 8.20 8.20 8.27 8.27 8.27 8.27 8.27 8.27 8.27 8.27 8.27 8.27 8.27 8.27 8.27 24.71 24.71 8.27 8.22 12.06 8.22 8.22 8.22 8.22 8.22 8.22 8.22 8.22 8.22 8.22 8.22 8.22 8.22 8.22 8.20 8.20 8.20 8.20 8.20 8.20 8.20 8.20 8.20 8.20 8.20 8.20 12.02 0.00 0.00 0.00 0.00 0.00 0.00 0.00 0.00 0.00
0.00 0.00 0.00 0.00 0.00 0.00 0.00 0.00 0.00 0.00 0.00 0.00 0.00 0.00 0.00 0.00 0.00 0.00 0.00 0.00 1.13 8.20 8.20 8.20 8.20 8.20 8.20 8.27 8.27 8.27 8.27 8.27 8.27 8.27 8.27 8.27 8.27 8.27 8.27 8.27 32.53 32.53 8.27 8.22 8.22 8.22 8.22 8.22 12.06 8.22 8.22 8.22 8.22 8.22 8.22 8.22 8.22 8.22 8.22 8.20 8.20 8.20 8.20 8.20 8.20 8.20 12.02 12.02 12.02 8.20 8.20 1.13 0.00 0.00 0.00 0.00 0.00 0.00 0.00 0.00 0.00
0.00 0.00 0.00 0.00 0.00 0.00 0.00 0.00 0.00 0.00 0.00 0.00 0.00 0.00 0.00 0.00 0.00 0.00 0.00 0.00 0.00 8.20 8.20 8.20 8.20 8.20 8.20 8.27 8.27 8.27 8.27 8.27 8.27 8.27 8.27 8.27 8.27 8.27 8.27 8.27 8.27 32.53 32.53 32.08 32.08 24.91 8.22 8.22 8.22 8.22 8.22 8.22 8.22 8.22 12.06 8.22 8.22 12.06 12.06 8.20 8.20 27.26 8.20 8.20 8.20 8.20 8.20 8.20 32.05 0.00 0.00 0.00 0.00 0.00 0.00 0.00 0.00 0.00 0.00 0.00 0.00
0.00 0.00 0.00 0.00 0.00 0.00 0.00 0.00 0.00 0.00 0.00 0.00 0.00 0.00 0.00 0.00 0.00 0.00 0.00 0.00 0.00 8.20 8.20 8.20 8.20 8.20 8.20 8.27 8.27 12.13 8.27 8.27 8.27 8.27 8.27 8.27 8.27 8.27 8.27 8.27 8.27 8.27 32.53 9.62 23.69 24.91 8.22 8.22 8.22 8.22 8.22 8.22 8.22 24.89 8.22 8.22 9.62 32.08 32.08 0.00 0.00 0.00 0.00 0.00 0.00 0.00 0.00 0.00 0.00 0.00 0.00 0.00 0.00 0.00 0.00 0.00 0.00 0.00 0.00 0.00 0.00
0.00 0.00 0.00 0.00 0.00 0.00 0.00 0.00 0.00 0.00 0.00 0.00 0.00 0.00 0.00 0.00 0.00 0.00 0.00 0.00 0.00 8.20 8.20 8.20 8.20 8.20 8.20 8.27 8.27 12.13 8.27 8.27 8.27 8.27 8.27 8.27 8.27 8.27 8.27 8.27 8.27 8.27 32.53 23.69 23.69 8.22 8.22 8.22 8.22 8.22 8.22 9.62 32.08 23.69 32.08 9.62 23.69 0.00 0.00 0.00 0.00 0.00 0.00 0.00 0.00 0.00 0.00 0.00 0.00 0.00 0.00 0.00 0.00 0.00 0.00 0.00 0.00 0.00 0.00 0.00 0.00
0.00 0.00 0.00 0.00 0.00 0.00 0.00 0.00 0.00 0.00 0.00 0.00 0.00 0.00 0.00 0.00 0.00 0.00 0.00 0.00 0.00 1.13 8.20 8.20 8.20 8.20 8.20 12.13 8.27 8.27 8.27 8.27 8.27 8.27 8.27 8.27 8.27 8.27 8.27 8.27 8.27 2.48 9.76 32.33 23.69 8.22 8.22 12.06 8.22 8.22 32.08 32.08 32.08 32.08 0.00 0.00 0.00 0.00 0.00 0.00 0.00 0.00 0.00 0.00 0.00 0.00 0.00 0.00 0.00 0.00 0.00 0.00 0.00 0.00 0.00 0.00 0.00 0.00 0.00 0.00 0.00
0.00 0.00 0.00 0.00 0.00 0.00 0.00 0.00 0.00 0.00 0.00 0.00 0.00 0.00 0.00 0.00 0.00 0.00 0.00 0.00 0.00 0.00 32.25 8.20 8.20 12.03 8.20 8.27 8.27 2.48 8.27 8.27 8.27 8.27 8.27 8.27 8.27 8.27 8.27 8.27 8.27 32.53 0.00 0.00 0.00 0.00 8.22 8.22 8.22 32.08 1.05 0.00 0.00 0.00 0.00 0.00 0.00 0.00 0.00 0.00 0.00 0.00 0.00 0.00 0.00 0.00 0.00 0.00 0.00 0.00 0.00 0.00 0.00 0.00 0.00 0.00 0.00 0.00 0.00 0.00 0.00
0.00 0.00 0.00 0.00 0.00 0.00 0.00 0.00 0.00 0.00 0.00 0.00 0.00 0.00 0.00 0.00 0.00 0.00 0.00 0.00 0.00 0.00 8.20 8.20 8.20 8.20 8.20 12.13 24.70 9.76 8.27 2.48 32.53 8.27 8.27 8.27 8.27 8.27 8.27 32.53 32.53 0.00 0.00 0.00 0.00 0.00 8.22 8.22 0.00 0.00 0.00 0.00 0.00 0.00 0.00 0.00 0.00 0.00 0.00 0.00 0.00 0.00 0.00 0.00 0.00 0.00 0.00 0.00 0.00 0.00 0.00 0.00 0.00 0.00 0.00 0.00 0.00 0.00 0.00 0.00 0.00
0.00 0.00 0.00 0.00 0.00 0.00 0.00 0.00 0.00 0.00 0.00 0.00 0.00 0.00 0.00 0.00 0.00 0.00 0.00 0.00 1.13 8.20 8.20 8.20 8.20 8.20 0.00 0.00 0.00 0.00 32.53 9.76 24.70 2.48 8.27 8.27 8.27 12.13 8.27 0.00 0.00 0.00 0.00 0.00 0.00 0.00 0.00 0.00 0.00 0.00 0.00 0.00 0.00 0.00 0.00 0.00 0.00 0.00 0.00 0.00 0.00 0.00 0.00 0.00 0.00 0.00 0.00 0.00 0.00 0.00 0.00 0.00 0.00 0.00 0.00 0.00 0.00 0.00 0.00 0.00 0.00
0.00 0.00 0.00 0.00 0.00 0.00 0.00 0.00 0.00 0.00 0.00 0.00 0.00 0.00 0.00 0.00 0.00 0.00 0.00 8.20 8.20 12.03 12.03 24.87 27.33 27.33 0.00 0.00 0.00 0.00 0.00 0.00 1.05 32.53 32.53 24.70 0.32 0.00 0.00 0.00 0.00 0.00 0.00 0.00 0.00 0.00 0.00 0.00 0.00 0.00 0.00 0.00 0.00 0.00 0.00 0.00 0.00 0.00 0.00 0.00 0.00 0.00 0.00 0.00 0.00 0.00 0.00 0.00 0.00 0.00 0.00 0.00 0.00 0.00 0.00 0.00 0.00 0.00 0.00 0.00 0.00
0.00 0.00 0.00 0.00 0.00 0.00 0.00 0.00 0.00 0.00 0.00 0.00 0.00 0.00 0.00 0.00 0.00 0.00 32.25 32.25 8.20 24.87 24.87 0.00 0.00 0.00 0.00 0.00 0.00 0.00 0.00 0.00 0.00 0.00 0.00 0.00 0.00 0.00 0.00 0.00 0.00 0.00 0.00 0.00 0.00 0.00 0.00 0.00 0.00 0.00 0.00 0.00 0.00 0.00 0.00 0.00 0.00 0.00 0.00 0.00 0.00 0.00 0.00 0.00 0.00 0.00 0.00 0.00 0.00 0.00 0.00 0.00 0.00 0.00 0.00 0.00 0.00 0.00 0.00 0.00 0.00
0.00 0.00 0.00 0.00 0.00 0.00 0.00 0.00 0.00 0.00 0.00 0.00 0.00 0.00 0.00 0.00 0.00 0.00 0.00 0.00 32.25 27.33 0.00 0.00 0.00 0.00 0.00 0.00 0.00 0.00 0.00 0.00 0.00 0.00 0.00 0.00 0.00 0.00 0.00 0.00 0.00 0.00 0.00 0.00 0.00 0.00 0.00 0.00 0.00 0.00 0.00 0.00 0.00 0.00 0.00 0.00 0.00 0.00 0.00 0.00 0.00 0.00 0.00 0.00 0.00 0.00 0.00 0.00 0.00 0.00 0.00 0.00 0.00 0.00 0.00 0.00 0.00 0.00 0.00 0.00 0.00
0.00 0.00 0.00 0.00 0.00 0.00 0.00 0.00 0.00 0.00 0.00 0.00 0.00 0.00 0.00 0.00 0.00 0.00 0.00 0.00 0.00 31.71 0.00 0.00 0.00 0.00 0.00 0.00 0.00 0.00 0.00 0.00 0.00 0.00 0.00 0.00 0.00 0.00 0.00 0.00 0.00 0.00 0.00 0.00 0.00 0.00 0.00 0.00 0.00 0.00 0.00 0.00 0.00 0.00 0.00 0.00 0.00 0.00 0.00 0.00 0.00 0.00 0.00 0.00 0.00 0.00 0.00 0.00 0.00 0.00 0.00 0.00 0.00 0.00 0.00 0.00 0.00 0.00 0.00 0.00 0.00
0.00 0.00 0.00 0.00 0.00 0.00 0.00 0.00 0.00 0.00 0.00 0.00 0.00 0.00 0.00 0.00 0.00 0.00 0.00 0.00 0.00 0.00 0.00 0.00 0.00 0.00 0.00 0.00 0.00 0.00 0.00 0.00 0.00 0.00 0.00 0.00 0.00 0.00 0.00 0.00 0.00 0.00 0.00 0.00 0.00 0.00 0.00 0.00 0.00 0.00 0.00 0.00 0.00 0.00 0.00 0.00 0.00 0.00 0.00 0.00 0.00 0.00 0.00 0.00 0.00 0.00 0.00 0.00 0.00 0.00 0.00 0.00 0.00 0.00 0.00 0.00 0.00 0.00 0.00 0.00 0.00
