New_Model_Runs/12_Future_RCP4.5_Scn2_out/post_prcessed_with_MFR/interception_annual.asc
NCOLS 700
NROWS 400
XLLCENTER 515000.000000
YLLCENTER 8409000.000000
CELLSIZE 50.000000
NODATA_value -999.000000
[rows 144 to 179 of 400, columns 405 to 485 of 700]
0.00 0.00 0.00 0.00 0.00 0.00 0.00 0.00 0.00 0.00 0.00 0.00 0.00 0.00 0.00 0.00 0.00 0.00 0.00 6.81 10.28 10.28 0.00 0.00 10.74 13.60 13.60 17.44 17.44 17.44 17.44 21.58 21.58 21.58 21.58 21.50 21.50 21.50 21.50 18.26 18.26 18.26 16.59 15.88 15.88 0.00 0.00 0.00 0.00 0.00 0.00 16.82 16.82 16.82 16.82 19.01 19.01 19.01 19.01 19.64 19.64 19.64 19.64 19.86 19.86 19.86 19.86 19.87 19.87 19.87 19.87 18.03 18.03 18.03 18.03 18.27 18.27 18.27 18.27 19.58 19.58
0.00 0.00 0.00 0.00 0.00 0.00 0.00 0.00 0.00 0.00 0.00 0.00 0.00 0.00 0.00 0.00 0.00 0.00 0.00 0.00 0.00 0.00 0.00 10.74 10.74 13.60 13.60 17.44 17.44 17.44 17.44 21.58 21.58 21.58 21.58 21.50 21.50 21.50 21.50 18.26 18.26 18.26 16.59 15.88 15.88 0.00 0.00 15.81 0.00 0.00 0.00 16.82 16.82 16.82 16.82 19.01 19.01 19.01 19.01 19.64 19.64 19.64 19.64 19.86 19.86 19.86 19.86 19.87 19.87 19.87 19.87 18.03 18.03 18.03 18.03 18.27 18.27 18.27 18.27 19.58 19.58
0.00 0.00 0.00 0.00 0.00 0.00 0.00 0.00 0.00 0.00 0.00 0.00 0.00 0.00 0.00 0.00 0.00 0.00 0.00 0.00 0.00 0.00 10.23 13.49 13.49 13.49 13.49 17.09 17.09 17.09 17.09 21.08 21.08 21.08 21.08 21.09 21.09 21.09 21.09 17.97 17.97 17.97 16.30 15.40 15.40 15.40 15.40 15.33 15.33 15.33 0.00 16.27 16.27 16.27 16.27 18.31 18.31 18.31 18.31 18.65 18.65 18.65 18.65 18.85 18.85 18.85 18.85 18.86 18.86 18.86 18.86 17.19 17.19 17.19 17.19 17.55 17.55 17.55 17.55 18.76 18.76
0.00 0.00 0.00 0.00 0.00 0.00 0.00 0.00 0.00 0.00 0.00 0.00 0.00 0.00 0.00 0.00 0.00 0.00 0.00 0.00 0.00 11.57 12.63 10.68 13.49 13.49 13.49 17.09 17.09 17.09 17.09 21.08 21.08 21.08 21.08 18.42 21.09 21.09 21.09 17.97 17.97 17.97 16.30 15.40 15.40 15.40 15.40 15.33 15.33 15.33 0.00 16.27 16.27 16.27 16.27 18.31 18.31 18.31 18.31 18.65 18.65 18.65 18.65 18.85 18.85 18.85 18.85 18.86 18.86 18.86 18.86 17.19 17.19 17.19 17.19 17.55 17.55 17.55 17.55 18.76 18.76
0.00 0.00 0.00 0.00 0.00 0.00 0.00 0.00 0.00 0.00 0.00 0.00 0.00 0.00 0.00 0.00 0.00 0.00 0.00 0.00 10.42 12.99 12.99 15.06 15.06 15.06 15.06 19.50 19.50 19.50 19.50 20.29 20.29 20.29 20.29 15.54 18.23 18.23 18.23 15.70 15.70 15.70 14.02 13.63 11.12 13.63 13.63 14.30 14.30 14.30 14.30 16.51 16.51 16.51 16.51 19.10 19.10 19.10 19.10 19.34 19.34 19.34 19.34 18.95 18.95 18.95 18.95 17.04 17.04 17.04 17.04 14.57 14.57 14.57 14.57 14.50 14.50 14.50 14.50 16.28 16.28
0.00 0.00 0.00 0.00 0.00 0.00 0.00 0.00 0.00 0.00 0.00 0.00 0.00 0.00 0.00 0.00 0.00 0.00 0.00 0.00 12.99 12.99 12.99 15.06 15.06 15.06 15.06 19.50 19.50 19.50 19.50 20.29 20.29 20.29 20.29 15.54 15.54 18.23 18.23 15.70 15.70 15.70 14.02 13.63 11.12 13.63 13.63 14.30 14.30 14.30 14.30 16.51 16.51 16.51 16.51 19.10 19.10 19.10 19.10 19.34 19.34 19.34 19.34 18.95 18.95 18.95 18.95 17.04 17.04 17.04 17.04 14.57 14.57 14.57 14.57 14.50 14.50 14.50 14.50 16.28 16.28
0.00 0.00 0.00 0.00 0.00 0.00 0.00 0.00 0.00 0.00 0.00 0.00 0.00 0.00 0.00 0.00 0.00 0.00 0.00 0.00 6.80 11.85 11.85 15.06 15.06 15.06 15.06 19.50 19.50 19.50 13.78 20.29 20.29 20.29 20.29 15.54 15.54 18.23 18.23 15.70 15.70 15.70 14.02 13.63 13.63 13.63 13.63 14.30 14.30 14.30 14.30 16.51 16.51 16.51 16.51 19.10 19.10 19.10 19.10 19.34 19.34 19.34 19.34 18.95 18.95 18.95 18.95 17.04 17.04 17.04 17.04 14.57 14.57 14.57 14.57 14.50 14.50 14.50 14.50 16.28 16.28
0.00 0.00 0.00 0.00 0.00 0.00 0.00 0.00 0.00 0.00 0.00 0.00 0.00 0.00 0.00 0.00 0.00 0.00 0.00 0.00 0.00 0.00 11.85 15.06 15.06 15.06 15.06 19.50 19.50 19.50 19.50 20.29 20.29 20.29 20.29 15.54 15.54 18.23 18.23 15.70 15.70 14.02 14.02 13.63 13.63 13.63 13.63 14.30 14.30 14.30 14.30 16.51 16.51 16.51 16.51 19.10 19.10 19.10 19.10 19.34 19.34 19.34 19.34 18.95 18.95 18.95 18.95 17.04 17.04 17.04 17.04 14.57 14.57 14.57 14.57 14.50 14.50 14.50 14.50 16.28 16.28
0.00 0.00 0.00 0.00 0.00 0.00 0.00 0.00 0.00 0.00 0.00 0.00 0.00 0.00 0.00 0.00 0.00 0.00 0.00 0.00 0.00 13.20 14.70 12.56 17.14 17.14 17.14 20.50 20.50 20.50 20.50 19.45 19.45 19.45 19.45 15.23 15.23 15.23 17.92 15.52 15.52 13.84 13.84 12.92 12.92 12.92 12.92 14.39 14.39 14.39 14.39 17.81 17.81 17.81 17.81 19.22 19.22 19.22 19.22 19.17 19.17 19.17 19.17 19.49 19.49 19.49 19.49 17.06 17.06 17.06 17.06 13.85 13.85 13.85 13.85 10.93 12.33 13.35 13.35 15.08 15.08
0.00 0.00 0.00 0.00 0.00 0.00 0.00 0.00 0.00 0.00 0.00 0.00 0.00 0.00 0.00 0.00 0.00 0.00 0.00 0.00 0.00 14.70 13.20 15.11 17.14 17.14 17.14 20.50 20.50 20.50 20.50 19.45 19.45 19.45 19.45 15.23 15.23 15.23 17.92 15.52 15.52 13.84 13.84 12.92 12.92 12.92 12.92 14.39 14.39 14.39 14.39 17.81 17.81 17.81 17.81 19.22 19.22 19.22 19.22 19.17 19.17 19.17 19.17 19.49 19.49 19.49 19.49 17.06 17.06 17.06 17.06 13.85 13.85 13.85 13.85 13.35 0.00 0.00 0.00 7.05 15.08
0.00 0.00 0.00 0.00 0.00 0.00 0.00 0.00 0.00 0.00 0.00 0.00 0.00 0.00 0.00 0.00 0.00 0.00 12.47 14.70 13.20 14.70 14.70 17.14 17.14 17.14 17.14 20.50 20.50 20.50 20.50 19.45 19.45 19.45 19.45 15.23 15.23 15.23 15.23 15.52 15.52 13.84 13.84 12.92 12.92 12.92 12.92 14.39 14.39 14.39 14.39 17.81 17.81 17.81 17.81 19.22 19.22 19.22 19.22 19.17 19.17 19.17 19.17 19.49 19.49 19.49 19.49 17.06 17.06 17.06 17.06 13.85 13.85 13.85 13.85 13.35 0.00 0.00 0.00 7.05 15.08
0.00 0.00 0.00 0.00 0.00 0.00 0.00 0.00 0.00 0.00 0.00 0.00 0.00 0.00 0.00 0.00 0.00 0.00 13.77 14.70 14.70 14.70 14.70 17.14 17.14 17.14 17.14 20.50 20.50 20.50 20.50 19.45 19.45 19.45 19.45 11.58 13.61 15.23 15.23 15.52 15.52 13.84 13.84 10.75 10.75 12.92 12.92 14.39 14.39 14.39 14.39 17.81 17.81 17.81 17.81 19.22 19.22 19.22 19.22 19.17 19.17 19.17 19.17 19.49 19.49 19.49 19.49 17.06 17.06 17.06 17.06 13.85 13.85 13.85 13.85 0.00 0.00 0.00 0.00 0.00 0.00
0.00 0.00 0.00 0.00 0.00 0.00 0.00 0.00 0.00 0.00 0.00 0.00 0.00 0.00 0.00 0.00 0.00 15.11 15.11 16.60 16.60 16.60 16.60 18.39 18.39 18.39 18.39 20.30 20.30 20.30 20.30 19.07 19.07 19.07 19.07 11.76 13.90 15.59 15.59 15.63 15.63 13.95 13.95 12.20 0.00 10.87 13.15 15.67 15.67 15.67 15.67 18.76 18.76 18.76 18.76 18.86 18.86 18.86 18.86 18.95 18.95 18.95 18.95 19.73 19.73 19.73 19.73 17.50 17.50 17.50 17.50 14.60 14.60 14.60 0.00 0.00 0.00 0.00 0.00 0.00 0.00
0.00 0.00 0.00 0.00 0.00 0.00 0.00 0.00 0.00 0.00 0.00 0.00 0.00 0.00 0.00 0.00 0.00 0.00 15.11 16.60 16.60 16.60 16.60 18.39 18.39 18.39 18.39 20.30 20.30 20.30 20.30 19.07 19.07 19.07 19.07 15.59 13.90 15.59 15.59 12.92 15.63 13.95 13.95 12.20 0.00 10.87 13.15 15.67 15.67 15.67 15.67 18.76 18.76 18.76 18.76 18.86 18.86 18.86 18.86 18.95 18.95 18.95 18.95 19.73 19.73 19.73 19.73 17.50 17.50 17.50 17.50 11.60 13.33 0.00 0.00 0.00 0.00 0.00 0.00 0.00 0.00
0.00 0.00 0.00 0.00 0.00 0.00 0.00 0.00 0.00 0.00 0.00 0.00 0.00 0.00 0.00 0.00 0.00 0.00 6.98 16.60 16.60 16.60 16.60 18.39 18.39 18.39 18.39 20.30 20.30 14.19 20.30 19.07 19.07 19.07 19.07 15.59 15.59 13.90 15.59 12.92 15.63 13.95 12.82 10.87 0.00 10.87 12.20 15.67 15.67 15.67 15.67 18.76 18.76 18.76 18.76 18.86 18.86 18.86 18.86 18.95 18.95 18.95 18.95 19.73 19.73 19.73 19.73 17.50 17.50 17.50 17.50 13.33 13.33 14.60 0.00 0.00 0.00 0.00 0.00 0.00 0.00
0.00 0.00 0.00 0.00 0.00 0.00 0.00 0.00 0.00 0.00 0.00 0.00 0.00 0.00 0.00 0.00 0.00 0.00 0.00 16.60 16.60 16.60 16.60 18.39 18.39 18.39 18.39 20.30 20.30 20.30 20.30 19.07 19.07 19.07 19.07 15.59 15.59 15.59 15.59 11.80 11.80 12.82 0.00 0.00 0.00 0.00 0.00 14.17 15.67 15.67 15.67 18.76 18.76 18.76 18.76 18.86 18.86 18.86 18.86 18.95 18.95 18.95 18.95 19.73 19.73 19.73 19.73 17.50 17.50 17.50 15.60 13.33 14.60 14.60 0.00 0.00 0.00 0.00 0.00 0.00 0.00
0.00 0.00 0.00 0.00 0.00 0.00 0.00 0.00 0.00 0.00 0.00 0.00 0.00 0.00 0.00 0.00 0.00 0.00 0.00 0.00 7.10 16.43 16.43 18.46 18.46 18.46 18.46 19.97 19.97 19.97 19.97 19.27 19.27 19.27 19.27 16.12 16.12 16.12 16.12 13.24 13.24 14.27 11.43 11.29 0.00 0.00 0.00 16.89 16.89 16.89 16.89 19.61 19.61 19.61 19.61 19.19 19.19 19.19 13.97 18.50 18.50 18.50 18.50 19.10 19.10 19.10 19.10 18.27 18.27 18.27 13.48 14.41 15.98 15.98 0.00 0.00 0.00 0.00 0.00 0.00 0.00
0.00 0.00 0.00 0.00 0.00 0.00 0.00 0.00 0.00 0.00 0.00 0.00 0.00 0.00 0.00 0.00 0.00 0.00 0.00 0.00 0.00 14.55 16.43 18.46 18.46 18.46 18.46 19.97 19.97 19.97 19.97 19.27 19.27 19.27 19.27 16.12 16.12 16.12 16.12 13.24 13.24 14.27 13.07 11.29 0.00 0.00 11.29 16.89 16.89 16.89 16.89 19.61 19.61 19.61 19.61 19.19 19.19 19.19 19.19 18.50 18.50 18.50 18.50 19.10 19.10 19.10 19.10 18.27 18.27 18.27 18.27 14.41 15.98 0.00 0.00 0.00 0.00 0.00 0.00 0.00 0.00
0.00 0.00 0.00 0.00 0.00 0.00 0.00 0.00 0.00 0.00 0.00 0.00 0.00 0.00 0.00 0.00 0.00 0.00 0.00 0.00 0.00 16.15 16.15 18.11 18.11 18.11 18.11 19.22 19.22 19.22 19.22 18.55 18.55 18.55 18.55 15.59 15.59 15.59 15.59 12.90 11.77 12.78 0.00 0.00 10.99 13.51 10.99 16.18 16.18 16.18 16.18 18.67 18.67 18.67 18.67 18.29 18.29 18.29 18.29 17.66 17.66 17.66 17.66 18.21 18.21 18.21 18.21 17.45 17.45 17.45 17.45 13.87 15.35 0.00 0.00 0.00 0.00 0.00 0.00 0.00 0.00
0.00 0.00 0.00 0.00 0.00 0.00 0.00 0.00 0.00 0.00 0.00 0.00 0.00 0.00 0.00 0.00 0.00 0.00 0.00 0.00 7.01 16.15 16.15 18.11 18.11 18.11 18.11 19.22 19.22 19.22 19.22 18.55 18.55 18.55 18.55 15.59 15.59 15.59 15.59 12.90 10.36 0.00 0.00 10.99 12.45 13.51 13.51 16.18 16.18 16.18 16.18 18.67 18.67 18.67 18.67 18.29 18.29 18.29 18.29 17.66 17.66 17.66 17.66 18.21 18.21 18.21 18.21 17.45 17.45 17.45 17.45 13.87 15.35 0.00 0.00 0.00 0.00 0.00 0.00 0.00 0.00
0.00 0.00 0.00 0.00 0.00 0.00 0.00 0.00 0.00 0.00 0.00 0.00 0.00 0.00 0.00 0.00 0.00 0.00 0.00 0.00 0.00 16.76 16.76 18.87 18.87 18.87 18.87 19.66 19.66 19.66 19.66 18.45 18.45 18.45 18.45 15.87 15.87 15.87 15.87 12.32 6.78 0.00 0.00 15.48 15.48 15.48 15.48 17.97 17.97 17.97 17.97 18.90 18.90 18.90 18.90 18.19 18.19 18.19 18.19 17.19 17.19 17.19 17.19 17.94 17.94 17.94 17.94 17.69 17.69 17.69 17.69 16.67 16.67 0.00 0.00 0.00 0.00 0.00 0.00 0.00 0.00
0.00 0.00 0.00 0.00 0.00 0.00 0.00 0.00 0.00 0.00 0.00 0.00 0.00 0.00 0.00 0.00 0.00 0.00 0.00 0.00 0.00 16.76 16.76 18.87 18.87 18.87 18.87 19.66 19.66 19.66 19.66 18.45 18.45 18.45 18.45 15.87 15.87 15.87 14.11 12.32 0.00 0.00 6.97 15.48 15.48 15.48 15.48 17.97 17.97 17.97 17.97 18.90 18.90 18.90 18.90 18.19 18.19 18.19 18.19 15.31 15.31 17.19 17.19 17.94 17.94 17.94 17.94 17.69 17.69 17.69 17.69 16.67 0.00 0.00 0.00 0.00 0.00 0.00 0.00 0.00 0.00
0.00 0.00 0.00 0.00 0.00 0.00 0.00 0.00 0.00 0.00 0.00 0.00 0.00 0.00 0.00 0.00 0.00 0.00 0.00 0.00 0.00 0.00 16.76 18.87 18.87 18.87 18.87 19.66 19.66 19.66 19.66 18.45 18.45 18.45 18.45 15.87 15.87 15.87 15.87 13.59 0.00 0.00 6.97 7.02 15.48 15.48 15.48 17.97 17.97 17.97 17.97 18.90 18.90 18.90 18.90 18.19 18.19 18.19 18.19 17.19 17.19 17.19 17.19 17.94 17.94 17.94 17.94 15.70 17.69 17.69 17.69 16.67 0.00 0.00 0.00 0.00 0.00 0.00 0.00 0.00 0.00
0.00 0.00 0.00 0.00 0.00 0.00 0.00 0.00 0.00 0.00 0.00 0.00 0.00 0.00 0.00 0.00 0.00 0.00 0.00 0.00 0.00 7.06 16.76 18.87 18.87 18.87 18.87 19.66 19.66 19.66 19.66 18.45 18.45 18.45 18.45 15.87 15.87 15.87 15.87 12.32 0.00 0.00 6.78 15.48 13.99 12.00 15.48 17.97 17.97 17.97 17.97 18.90 18.90 18.90 18.90 18.19 18.19 18.19 18.19 17.19 17.19 15.31 17.19 17.94 17.94 17.94 13.24 15.70 15.70 15.70 17.69 0.00 0.00 0.00 0.00 0.00 0.00 0.00 0.00 0.00 0.00
0.00 0.00 0.00 0.00 0.00 0.00 0.00 0.00 0.00 0.00 0.00 0.00 0.00 0.00 0.00 0.00 0.00 0.00 0.00 0.00 0.00 18.22 18.22 19.73 19.73 19.73 19.73 18.96 18.96 18.96 18.96 17.96 17.96 17.96 17.96 16.99 16.99 16.99 16.99 11.58 13.63 0.00 0.00 0.00 0.00 0.00 12.86 18.63 18.63 18.63 18.63 18.07 18.07 18.07 18.07 17.51 17.51 17.51 13.04 17.44 17.44 0.00 7.12 17.80 17.80 17.80 13.16 7.16 0.00 0.00 0.00 0.00 0.00 0.00 0.00 0.00 0.00 0.00 0.00 0.00 0.00
0.00 0.00 0.00 0.00 0.00 0.00 0.00 0.00 0.00 0.00 0.00 0.00 0.00 0.00 0.00 0.00 0.00 0.00 0.00 0.00 0.00 7.19 18.22 19.73 19.73 19.73 19.73 18.96 18.96 18.96 18.96 17.96 17.96 17.96 17.96 16.99 16.99 16.99 12.47 11.58 15.26 6.92 0.00 0.00 0.00 0.00 12.86 18.63 18.63 18.63 18.63 18.07 16.02 0.00 16.02 7.18 0.00 0.00 0.00 0.00 0.00 0.00 0.00 0.00 0.00 0.00 0.00 0.00 0.00 0.00 0.00 0.00 0.00 0.00 0.00 0.00 0.00 0.00 0.00 0.00 0.00
0.00 0.00 0.00 0.00 0.00 0.00 0.00 0.00 0.00 0.00 0.00 0.00 0.00 0.00 0.00 0.00 0.00 0.00 0.00 0.00 0.00 7.19 18.22 19.73 19.73 19.73 19.73 18.96 18.96 18.96 18.96 17.96 17.96 17.96 17.96 16.99 16.99 16.99 12.47 11.58 15.26 15.26 0.00 0.00 0.00 15.31 17.16 18.63 18.63 18.63 13.62 0.00 0.00 0.00 0.00 0.00 0.00 0.00 0.00 0.00 0.00 0.00 0.00 0.00 0.00 0.00 0.00 0.00 0.00 0.00 0.00 0.00 0.00 0.00 0.00 0.00 0.00 0.00 0.00 0.00 0.00
0.00 0.00 0.00 0.00 0.00 0.00 0.00 0.00 0.00 0.00 0.00 0.00 0.00 0.00 0.00 0.00 0.00 0.00 0.00 0.00 0.00 0.00 18.22 19.73 19.73 19.73 19.73 18.96 18.96 13.48 18.96 17.96 17.96 17.96 17.96 16.99 16.99 16.99 16.99 15.26 15.26 6.92 0.00 0.00 0.00 17.16 17.16 18.63 18.63 16.46 0.00 0.00 0.00 0.00 0.00 0.00 0.00 0.00 0.00 0.00 0.00 0.00 0.00 0.00 0.00 0.00 0.00 0.00 0.00 0.00 0.00 0.00 0.00 0.00 0.00 0.00 0.00 0.00 0.00 0.00 0.00
0.00 0.00 0.00 0.00 0.00 0.00 0.00 0.00 0.00 0.00 0.00 0.00 0.00 0.00 0.00 0.00 0.00 0.00 0.00 0.00 0.00 0.00 0.00 16.90 13.73 16.90 19.42 17.80 12.89 17.80 17.80 17.51 17.51 17.51 17.51 17.44 17.44 17.44 17.44 14.63 7.03 0.00 0.00 0.00 0.00 0.00 18.78 18.35 0.00 0.00 0.00 0.00 0.00 0.00 0.00 0.00 0.00 0.00 0.00 0.00 0.00 0.00 0.00 0.00 0.00 0.00 0.00 0.00 0.00 0.00 0.00 0.00 0.00 0.00 0.00 0.00 0.00 0.00 0.00 0.00 0.00
0.00 0.00 0.00 0.00 0.00 0.00 0.00 0.00 0.00 0.00 0.00 0.00 0.00 0.00 0.00 0.00 0.00 0.00 0.00 0.00 0.00 0.00 19.61 19.42 19.42 19.42 19.42 7.13 0.00 0.00 17.80 7.11 0.00 17.51 17.51 17.44 17.44 17.44 15.34 0.00 0.00 0.00 0.00 0.00 0.00 0.00 18.78 13.47 0.00 0.00 0.00 0.00 0.00 0.00 0.00 0.00 0.00 0.00 0.00 0.00 0.00 0.00 0.00 0.00 0.00 0.00 0.00 0.00 0.00 0.00 0.00 0.00 0.00 0.00 0.00 0.00 0.00 0.00 0.00 0.00 0.00
0.00 0.00 0.00 0.00 0.00 0.00 0.00 0.00 0.00 0.00 0.00 0.00 0.00 0.00 0.00 0.00 0.00 0.00 0.00 0.00 0.00 19.61 19.61 19.42 16.90 19.42 0.00 0.00 0.00 0.00 0.00 0.00 0.00 7.11 17.51 17.44 7.10 17.44 12.70 0.00 0.00 0.00 0.00 0.00 0.00 0.00 0.00 0.00 0.00 0.00 0.00 0.00 0.00 0.00 0.00 0.00 0.00 0.00 0.00 0.00 0.00 0.00 0.00 0.00 0.00 0.00 0.00 0.00 0.00 0.00 0.00 0.00 0.00 0.00 0.00 0.00 0.00 0.00 0.00 0.00 0.00
0.00 0.00 0.00 0.00 0.00 0.00 0.00 0.00 0.00 0.00 0.00 0.00 0.00 0.00 0.00 0.00 0.00 0.00 0.00 19.61 19.61 17.04 17.04 0.00 0.00 0.00 0.00 0.00 0.00 0.00 0.00 0.00 0.00 0.00 0.00 0.00 0.00 0.00 0.00 0.00 0.00 0.00 0.00 0.00 0.00 0.00 0.00 0.00 0.00 0.00 0.00 0.00 0.00 0.00 0.00 0.00 0.00 0.00 0.00 0.00 0.00 0.00 0.00 0.00 0.00 0.00 0.00 0.00 0.00 0.00 0.00 0.00 0.00 0.00 0.00 0.00 0.00 0.00 0.00 0.00 0.00
0.00 0.00 0.00 0.00 0.00 0.00 0.00 0.00 0.00 0.00 0.00 0.00 0.00 0.00 0.00 0.00 0.00 0.00 0.00 0.00 19.76 0.00 0.00 0.00 0.00 0.00 0.00 0.00 0.00 0.00 0.00 0.00 0.00 0.00 0.00 0.00 0.00 0.00 0.00 0.00 0.00 0.00 0.00 0.00 0.00 0.00 0.00 0.00 0.00 0.00 0.00 0.00 0.00 0.00 0.00 0.00 0.00 0.00 0.00 0.00 0.00 0.00 0.00 0.00 0.00 0.00 0.00 0.00 0.00 0.00 0.00 0.00 0.00 0.00 0.00 0.00 0.00 0.00 0.00 0.00 0.00
0.00 0.00 0.00 0.00 0.00 0.00 0.00 0.00 0.00 0.00 0.00 0.00 0.00 0.00 0.00 0.00 0.00 0.00 0.00 0.00 0.00 0.00 0.00 0.00 0.00 0.00 0.00 0.00 0.00 0.00 0.00 0.00 0.00 0.00 0.00 0.00 0.00 0.00 0.00 0.00 0.00 0.00 0.00 0.00 0.00 0.00 0.00 0.00 0.00 0.00 0.00 0.00 0.00 0.00 0.00 0.00 0.00 0.00 0.00 0.00 0.00 0.00 0.00 0.00 0.00 0.00 0.00 0.00 0.00 0.00 0.00 0.00 0.00 0.00 0.00 0.00 0.00 0.00 0.00 0.00 0.00
0.00 0.00 0.00 0.00 0.00 0.00 0.00 0.00 0.00 0.00 0.00 0.00 0.00 0.00 0.00 0.00 0.00 0.00 0.00 0.00 0.00 0.00 0.00 0.00 0.00 0.00 0.00 0.00 0.00 0.00 0.00 0.00 0.00 0.00 0.00 0.00 0.00 0.00 0.00 0.00 0.00 0.00 0.00 0.00 0.00 0.00 0.00 0.00 0.00 0.00 0.00 0.00 0.00 0.00 0.00 0.00 0.00 0.00 0.00 0.00 0.00 0.00 0.00 0.00 0.00 0.00 0.00 0.00 0.00 0.00 0.00 0.00 0.00 0.00 0.00 0.00 0.00 0.00 0.00 0.00 0.00
0.00 0.00 0.00 0.00 0.00 0.00 0.00 0.00 0.00 0.00 0.00 0.00 0.00 0.00 0.00 0.00 0.00 0.00 0.00 0.00 0.00 0.00 0.00 0.00 0.00 0.00 0.00 0.00 0.00 0.00 0.00 0.00 0.00 0.00 0.00 0.00 0.00 0.00 0.00 0.00 0.00 0.00 0.00 0.00 0.00 0.00 0.00 0.00 0.00 0.00 0.00 0.00 0.00 0.00 0.00 0.00 0.00 0.00 0.00 0.00 0.00 0.00 0.00 0.00 0.00 0.00 0.00 0.00 0.00 0.00 0.00 0.00 0.00 0.00 0.00 0.00 0.00 0.00 0.00 0.00 0.00
