Raw_GIS_Data/Climate_scenarios_straight/ProcessedData/month_4_rainfall_present.asc
NCOLS 50
NROWS 26
XLLCENTER 512998.000000
YLLCENTER 8407694.000000
CELLSIZE 800.000000
NODATA_value -999.000000
 4.28  4.40  4.55  4.67  4.69  4.64  4.55  4.47  4.44  4.46  4.51  4.55  4.60  4.71  4.83  4.86  4.79  4.65  4.52  4.47  4.45  4.39  4.35  4.38  4.47  4.61  4.74  4.84  4.92  4.95  4.93  4.90  4.85  4.73  4.64  4.64  4.71  4.84  4.95  5.04  5.10  5.13  5.15  5.18  5.20  5.18  5.14  5.14  5.17  5.22
 4.36  4.45  4.54  4.62  4.65  4.60  4.53  4.49  4.46  4.44  4.45  4.52  4.58  4.65  4.74  4.78  4.75  4.66  4.53  4.48  4.48  4.45  4.40  4.40  4.50  4.68  4.82  4.90  4.98  5.02  5.00  4.96  4.88  4.76  4.70  4.75  4.87  4.97  5.04  5.09  5.11  5.10  5.12  5.15  5.18  5.19  5.13  5.05  5.03  5.05
 4.43  4.49  4.54  4.60  4.61  4.57  4.53  4.49  4.44  4.38  4.37  4.44  4.53  4.58  4.64  4.67  4.68  4.64  4.56  4.51  4.52  4.52  4.50  4.53  4.67  4.86  5.00  5.08  5.16  5.20  5.15  5.04  4.91  4.81  4.81  4.93  5.05  5.13  5.16  5.17  5.14  5.09  5.07  5.11  5.17  5.18  5.07  4.96  4.92  4.93
 4.51  4.52  4.54  4.56  4.55  4.54  4.53  4.47  4.38  4.30  4.31  4.39  4.46  4.51  4.55  4.60  4.65  4.66  4.61  4.58  4.59  4.65  4.71  4.82  5.00  5.23  5.40  5.52  5.60  5.60  5.51  5.27  5.06  4.97  5.02  5.10  5.16  5.21  5.22  5.20  5.16  5.08  5.02  5.06  5.15  5.15  5.01  4.91  4.92  4.98
 4.64  4.60  4.53  4.49  4.47  4.48  4.50  4.47  4.38  4.30  4.32  4.41  4.45  4.44  4.45  4.55  4.66  4.72  4.71  4.71  4.75  4.85  5.00  5.21  5.47  5.80  6.13  6.33  6.34  6.28  6.17  5.76  5.40  5.33  5.35  5.30  5.28  5.27  5.31  5.33  5.28  5.19  5.15  5.10  5.09  5.09  5.00  4.94  5.01  5.14
 4.83  4.72  4.55  4.41  4.38  4.41  4.46  4.51  4.51  4.46  4.47  4.53  4.55  4.49  4.47  4.57  4.75  4.90  4.96  4.97  5.02  5.16  5.36  5.62  5.98  6.44  6.94  7.12  6.93  6.81  6.74  6.32  5.89  5.85  5.76  5.69  5.54  5.46  5.57  5.68  5.58  5.43  5.37  5.21  5.07  5.07  5.08  5.09  5.19  5.33
 4.94  4.82  4.60  4.42  4.39  4.42  4.49  4.59  4.70  4.75  4.76  4.78  4.79  4.72  4.67  4.77  4.97  5.16  5.27  5.31  5.37  5.50  5.70  5.98  6.28  6.58  6.96  7.01  6.71  6.62  6.64  6.59  6.53  6.50  6.30  6.00  5.63  5.54  5.68  5.83  5.71  5.51  5.42  5.26  5.11  5.10  5.17  5.23  5.34  5.47
 4.94  4.85  4.70  4.54  4.51  4.54  4.59  4.69  4.85  5.00  5.06  5.09  5.08  4.99  4.93  5.04  5.25  5.42  5.52  5.59  5.70  5.84  6.05  6.28  6.35  6.40  6.53  6.59  6.53  6.57  6.74  6.99  7.01  6.73  6.34  5.89  5.58  5.49  5.53  5.61  5.54  5.36  5.31  5.25  5.17  5.14  5.16  5.19  5.26  5.40
 4.89  4.88  4.81  4.71  4.67  4.69  4.74  4.83  4.95  5.11  5.27  5.36  5.32  5.22  5.19  5.31  5.50  5.65  5.78  5.94  6.13  6.35  6.59  6.80  6.81  6.77  6.64  6.58  6.55  6.63  6.80  6.85  6.63  6.39  6.05  5.73  5.53  5.46  5.44  5.39  5.30  5.24  5.25  5.23  5.16  5.09  5.03  4.96  4.99  5.15
 4.84  4.89  4.90  4.86  4.85  4.87  4.90  4.96  5.06  5.22  5.45  5.64  5.66  5.59  5.58  5.69  5.86  6.04  6.30  6.60  6.95  7.25  7.42  7.82  8.03  7.72  6.91  6.59  6.48  6.54  6.63  6.51  6.24  6.08  5.87  5.63  5.45  5.37  5.30  5.21  5.15  5.17  5.20  5.17  5.08  4.97  4.85  4.73  4.76  4.90
 4.80  4.86  4.91  4.93  4.98  5.05  5.09  5.10  5.22  5.48  5.85  6.20  6.33  6.29  6.31  6.50  6.67  6.77  7.17  7.65  7.96  8.18  8.42  8.79  8.86  8.41  7.10  6.55  6.37  6.40  6.45  6.29  6.07  5.91  5.74  5.52  5.33  5.21  5.14  5.08  5.03  5.04  5.08  5.05  4.98  4.89  4.77  4.67  4.67  4.73
 4.83  4.89  4.94  4.99  5.08  5.23  5.37  5.46  5.62  5.96  6.49  7.10  7.41  7.44  7.61  7.88  7.92  7.85  8.23  8.68  8.50  8.36  8.47  8.35  7.93  7.53  6.74  6.30  6.14  6.15  6.15  6.04  5.87  5.74  5.60  5.42  5.21  5.06  5.04  5.01  4.93  4.87  4.88  4.89  4.90  4.88  4.81  4.72  4.68  4.65
 5.02  5.10  5.17  5.28  5.43  5.64  5.89  6.19  6.54  6.89  7.31  8.00  8.54  8.77  9.04  9.33  9.21  8.95  9.10  9.03  8.14  7.65  7.50  7.22  6.85  6.58  6.23  6.00  5.90  5.86  5.83  5.77  5.71  5.60  5.48  5.33  5.14  5.00  4.96  4.90  4.80  4.70  4.68  4.72  4.79  4.83  4.81  4.74  4.70  4.68
 5.45  5.54  5.63  5.80  6.02  6.26  6.56  7.01  7.52  7.87  8.18  8.67  9.10  9.35  9.67 10.15 10.01  9.42  9.10  8.56  7.45  6.87  6.49  6.26  6.10  6.03  5.90  5.77  5.67  5.62  5.57  5.54  5.55  5.48  5.35  5.23  5.10  4.95  4.84  4.76  4.66  4.56  4.53  4.60  4.67  4.71  4.70  4.67  4.68  4.71
 5.90  5.99  6.08  6.25  6.46  6.65  6.89  7.25  7.72  8.00  8.22  8.57  8.88  9.15  9.52  9.94  9.74  9.04  8.30  7.54  6.73  6.23  5.89  5.72  5.71  5.76  5.70  5.56  5.46  5.40  5.35  5.32  5.33  5.28  5.19  5.13  5.06  4.93  4.79  4.67  4.56  4.47  4.46  4.52  4.57  4.58  4.56  4.55  4.60  4.65
 6.14  6.20  6.26  6.36  6.46  6.58  6.74  6.96  7.31  7.59  7.81  8.13  8.42  8.72  8.99  9.11  8.83  8.31  7.54  6.81  6.26  5.88  5.64  5.53  5.54  5.56  5.49  5.36  5.27  5.23  5.22  5.18  5.12  5.03  4.98  5.01  5.02  4.93  4.79  4.67  4.55  4.46  4.43  4.46  4.50  4.52  4.50  4.49  4.54  4.61
 6.20  6.24  6.26  6.28  6.34  6.44  6.58  6.75  6.99  7.22  7.46  7.75  7.98  8.13  8.19  8.19  8.04  7.64  6.94  6.34  5.94  5.72  5.60  5.51  5.43  5.35  5.24  5.17  5.12  5.10  5.11  5.09  4.98  4.85  4.79  4.86  4.93  4.89  4.78  4.69  4.59  4.48  4.43  4.42  4.45  4.50  4.52  4.53  4.57  4.65
 6.31  6.37  6.36  6.33  6.39  6.54  6.70  6.82  6.91  7.03  7.22  7.42  7.48  7.42  7.42  7.52  7.45  7.02  6.44  5.99  5.73  5.62  5.54  5.43  5.33  5.19  5.08  5.04  5.00  4.97  4.97  4.95  4.87  4.77  4.72  4.77  4.88  4.89  4.80  4.69  4.58  4.48  4.44  4.43  4.44  4.48  4.52  4.57  4.63  4.72
 6.46  6.59  6.62  6.60  6.69  6.87  6.97  6.93  6.85  6.88  7.02  7.08  6.99  6.86  6.88  7.00  6.89  6.45  6.04  5.78  5.65  5.57  5.48  5.37  5.28  5.19  5.11  5.03  4.95  4.90  4.87  4.81  4.75  4.71  4.71  4.80  4.95  4.98  4.85  4.67  4.56  4.50  4.47  4.46  4.46  4.47  4.50  4.57  4.66  4.73
 6.66  6.83  6.93  6.98  7.10  7.15  7.01  6.77  6.60  6.67  6.77  6.70  6.54  6.44  6.45  6.49  6.37  6.02  5.74  5.64  5.61  5.55  5.45  5.39  5.35  5.30  5.25  5.16  5.04  4.95  4.87  4.76  4.66  4.66  4.75  4.89  5.05  5.06  4.90  4.71  4.62  4.57  4.53  4.50  4.50  4.51  4.52  4.57  4.61  4.63
 6.90  7.05  7.14  7.21  7.23  7.03  6.69  6.38  6.29  6.38  6.39  6.23  6.09  6.06  6.07  6.04  5.92  5.70  5.55  5.55  5.55  5.49  5.41  5.38  5.38  5.38  5.37  5.30  5.16  5.03  4.90  4.77  4.70  4.74  4.86  4.98  5.06  5.07  4.97  4.82  4.73  4.67  4.59  4.55  4.53  4.53  4.52  4.51  4.50  4.48
 7.02  7.08  7.10  7.07  6.94  6.66  6.34  6.12  6.07  6.05  5.94  5.78  5.70  5.69  5.73  5.73  5.62  5.47  5.41  5.46  5.48  5.40  5.32  5.27  5.28  5.34  5.38  5.32  5.16  5.01  4.88  4.81  4.83  4.94  5.03  5.05  5.05  5.07  5.04  4.95  4.84  4.73  4.62  4.56  4.52  4.49  4.45  4.41  4.38  4.34
 6.84  6.81  6.76  6.68  6.54  6.36  6.15  6.00  5.89  5.73  5.55  5.44  5.39  5.40  5.46  5.47  5.37  5.25  5.23  5.30  5.36  5.31  5.21  5.15  5.17  5.24  5.28  5.22  5.09  4.96  4.88  4.86  4.92  5.04  5.12  5.11  5.07  5.06  5.02  4.95  4.85  4.75  4.65  4.56  4.50  4.45  4.38  4.32  4.29  4.26
 6.50  6.43  6.38  6.33  6.26  6.12  5.99  5.86  5.68  5.46  5.30  5.23  5.22  5.27  5.34  5.31  5.20  5.08  5.04  5.07  5.13  5.14  5.09  5.08  5.13  5.17  5.15  5.09  4.99  4.91  4.86  4.83  4.87  4.98  5.06  5.08  5.05  4.98  4.88  4.79  4.75  4.74  4.71  4.62  4.52  4.45  4.38  4.32  4.29  4.28
 6.22  6.16  6.14  6.13  6.05  5.89  5.78  5.65  5.44  5.23  5.13  5.12  5.16  5.22  5.27  5.23  5.14  5.01  4.90  4.84  4.84  4.88  4.93  5.00  5.07  5.07  5.01  4.94  4.87  4.82  4.79  4.77  4.79  4.84  4.92  4.97  4.94  4.83  4.70  4.64  4.65  4.71  4.73  4.65  4.53  4.47  4.45  4.40  4.37  4.33
 6.00  5.99  5.98  5.93  5.81  5.65  5.53  5.38  5.20  5.07  5.03  5.07  5.13  5.18  5.20  5.16  5.08  4.98  4.86  4.76  4.67  4.65  4.72  4.82  4.87  4.87  4.86  4.82  4.77  4.77  4.77  4.76  4.75  4.74  4.78  4.84  4.82  4.74  4.66  4.62  4.63  4.66  4.69  4.65  4.54  4.48  4.48  4.48  4.45  4.38
