Raw_GIS_Data/Climate_scenarios_straight/ProcessedData/month_10_maxTemp_rcp45.asc
NCOLS 50
NROWS 26
XLLCENTER 512998.000000
YLLCENTER 8407694.000000
CELLSIZE 800.000000
NODATA_value -999.000000
29.03 29.03 29.03 29.03 29.03 29.03 29.03 29.03 29.03 29.03 29.03 29.03 29.04 29.04 29.05 29.06 29.06 29.07 29.08 29.09 29.09 29.10 29.09 29.08 29.07 29.06 29.05 29.04 29.04 29.04 29.03 29.02 29.01 29.00 29.00 28.99 28.98 28.97 28.96 28.95 28.94 28.93 28.93 28.93 28.93 28.93 28.93 28.93 28.93 28.93
29.04 29.04 29.04 29.04 29.04 29.03 29.03 29.03 29.04 29.04 29.04 29.04 29.04 29.04 29.05 29.06 29.07 29.08 29.09 29.11 29.12 29.14 29.14 29.14 29.13 29.12 29.10 29.08 29.06 29.06 29.07 29.06 29.05 29.03 29.03 29.02 29.01 29.00 28.99 28.98 28.96 28.94 28.93 28.93 28.93 28.93 28.92 28.93 28.93 28.93
29.06 29.06 29.05 29.05 29.05 29.05 29.05 29.05 29.05 29.05 29.04 29.04 29.05 29.05 29.05 29.06 29.07 29.08 29.09 29.12 29.14 29.17 29.19 29.21 29.22 29.22 29.21 29.18 29.12 29.10 29.11 29.11 29.10 29.08 29.07 29.06 29.05 29.05 29.04 29.04 29.03 29.01 28.98 28.93 28.92 28.93 28.92 28.92 28.92 28.92
29.07 29.07 29.07 29.07 29.07 29.06 29.06 29.06 29.06 29.06 29.06 29.06 29.06 29.06 29.06 29.07 29.07 29.08 29.09 29.11 29.14 29.18 29.23 29.28 29.33 29.38 29.44 31.03 29.99 29.14 29.19 29.18 29.22 29.19 29.16 29.14 29.14 29.10 29.11 29.12 29.15 29.18 30.69 30.49 28.87 28.93 28.92 28.92 28.92 28.92
29.09 29.09 29.09 29.09 29.09 29.09 29.08 29.08 29.08 29.08 29.08 29.08 29.08 29.08 29.09 29.09 29.09 29.10 29.11 29.12 29.15 29.18 29.24 29.32 29.44 31.04 30.63 30.11 29.53 30.66 28.72 29.08 30.93 30.60 28.55 29.12 30.98 29.19 29.20 29.20 29.26 30.84 30.17 29.82 28.86 28.93 28.92 28.92 28.92 28.92
29.10 29.11 29.11 29.11 29.11 29.11 29.11 29.11 29.11 29.11 29.11 29.11 29.11 29.11 29.12 29.13 29.13 29.14 29.15 29.17 29.18 29.21 29.26 29.36 30.93 29.39 28.53 27.82 28.14 28.33 27.50 27.39 30.69 28.56 30.75 29.44 29.30 29.96 30.00 29.49 29.77 30.84 29.10 28.94 28.51 28.93 28.92 28.92 28.92 28.92
29.12 29.13 29.13 29.14 29.14 29.14 29.14 29.14 29.14 29.14 29.14 29.14 29.14 29.15 29.16 29.17 29.18 29.19 29.21 29.23 29.26 29.29 29.36 30.91 28.85 28.96 28.05 27.77 29.04 30.13 30.07 29.68 29.49 28.35 28.54 27.87 29.64 30.80 30.31 28.53 29.77 30.31 29.39 29.61 28.84 28.93 28.92 28.92 28.91 28.91
29.14 29.16 29.17 29.17 29.18 29.19 29.19 29.19 29.18 29.18 29.18 29.19 29.19 29.19 29.21 29.22 29.24 29.26 29.28 29.30 29.35 29.45 31.01 29.59 28.96 30.35 29.13 29.16 29.24 29.41 31.02 28.58 26.83 28.23 27.65 28.23 29.17 29.25 30.93 30.67 28.81 28.86 28.77 29.01 28.98 28.93 28.91 28.91 28.91 28.91
29.17 29.19 29.21 29.23 29.24 29.25 29.26 29.26 29.27 29.27 29.26 29.26 29.26 29.26 29.26 29.28 29.31 29.35 29.38 29.40 29.41 29.49 30.93 28.56 30.02 29.61 29.40 29.54 29.07 29.22 30.84 28.70 30.23 28.64 28.98 28.97 29.03 29.04 29.04 28.12 28.99 28.99 29.02 29.09 30.81 30.56 28.63 28.91 28.91 28.91
29.19 29.22 29.25 29.29 29.32 29.34 29.36 29.38 29.40 29.41 29.41 29.39 29.38 29.37 29.36 29.36 29.37 29.42 29.53 31.01 30.52 28.46 30.83 30.15 28.26 26.94 29.09 29.61 28.62 29.03 29.05 28.73 28.87 29.00 28.99 28.98 28.98 28.97 28.97 28.96 28.95 28.95 28.95 28.95 28.95 28.91 28.41 28.91 28.91 28.90
29.20 29.25 29.30 29.35 29.40 29.45 29.50 29.56 29.61 29.69 31.39 30.30 29.95 29.95 30.76 30.37 29.02 30.46 30.83 29.42 29.55 28.49 29.27 27.01 27.45 25.37 27.60 28.92 28.30 29.00 29.00 28.99 28.98 28.97 28.96 28.95 28.95 28.95 28.94 28.94 28.94 28.94 28.93 28.93 28.92 28.92 28.91 28.90 28.90 28.90
29.18 29.24 29.30 29.38 29.46 29.54 29.63 29.74 31.45 31.40 30.14 29.01 27.94 28.97 29.23 28.20 27.54 29.27 30.05 28.20 27.92 28.98 27.27 27.31 29.39 27.39 27.41 28.90 28.98 28.97 28.96 28.96 28.95 28.95 28.94 28.94 28.93 28.93 28.93 28.93 28.93 28.92 28.92 28.92 28.91 28.91 28.91 28.90 28.90 28.90
29.11 29.17 29.24 29.33 29.44 29.56 29.70 31.44 30.86 29.17 29.99 28.73 27.89 27.77 27.87 27.03 27.59 27.80 28.60 27.47 29.58 29.64 28.68 29.33 30.36 27.77 28.85 28.97 28.96 28.95 28.95 28.94 28.94 28.93 28.93 28.92 28.92 28.92 28.92 28.92 28.92 28.92 28.91 28.91 28.91 28.91 28.90 28.90 28.90 28.90
29.04 29.07 29.13 29.21 29.32 29.50 31.26 30.83 29.40 28.67 27.99 28.18 28.02 27.71 28.21 27.12 26.59 27.70 28.83 27.55 30.15 28.59 29.95 28.96 29.00 28.91 28.96 28.95 28.94 28.94 28.94 28.93 28.93 28.92 28.92 28.92 28.91 28.91 28.91 28.91 28.91 28.91 28.91 28.91 28.90 28.90 28.90 28.90 28.90 28.90
28.99 29.01 29.03 29.08 29.17 29.28 30.21 30.57 29.45 29.18 30.25 29.48 29.92 28.65 29.13 28.32 27.78 28.29 29.30 29.68 30.32 30.85 30.05 28.89 28.96 28.96 28.94 28.94 28.93 28.93 28.93 28.92 28.92 28.91 28.91 28.91 28.91 28.91 28.91 28.91 28.91 28.90 28.90 28.90 28.90 28.90 28.90 28.89 28.89 28.89
28.96 28.98 29.00 29.03 29.08 29.15 29.23 29.29 29.29 28.73 29.49 30.47 30.76 29.85 30.56 29.00 30.02 28.96 29.73 30.28 30.40 30.92 30.19 30.90 28.88 28.94 28.93 28.93 28.92 28.92 28.92 28.92 28.91 28.91 28.90 28.90 28.90 28.90 28.90 28.90 28.90 28.90 28.90 28.90 28.90 28.89 28.89 28.89 28.89 28.89
28.94 28.96 28.98 29.02 29.06 29.12 29.18 29.22 29.25 29.30 29.36 29.43 29.50 30.78 30.48 30.09 30.32 29.51 30.05 29.85 30.30 30.04 28.83 28.92 28.94 28.93 28.92 28.92 28.91 28.91 28.91 28.91 28.91 28.90 28.90 28.90 28.90 28.90 28.90 28.90 28.90 28.89 28.89 28.89 28.89 28.89 28.89 28.89 28.89 28.89
28.92 28.93 28.95 28.98 29.02 29.07 29.11 29.14 29.18 29.23 29.29 29.37 29.46 30.90 30.50 30.34 30.27 29.41 29.86 30.20 30.30 29.99 28.81 28.95 28.93 28.92 28.91 28.91 28.91 28.90 28.90 28.90 28.90 28.90 28.90 28.90 28.90 28.89 28.89 28.89 28.89 28.89 28.89 28.89 28.89 28.89 28.89 28.89 28.88 28.88
28.90 28.91 28.92 28.95 28.98 29.01 29.04 29.06 29.09 29.13 29.19 29.26 29.37 30.94 30.65 30.46 30.19 29.83 29.83 30.06 30.22 28.80 28.94 28.93 28.92 28.91 28.91 28.90 28.90 28.90 28.90 28.89 28.89 28.89 28.89 28.89 28.89 28.89 28.89 28.89 28.89 28.89 28.88 28.89 28.89 28.89 28.88 28.88 28.88 28.88
28.88 28.89 28.91 28.93 28.95 28.96 28.97 28.99 29.00 29.02 29.04 29.08 29.15 29.24 30.66 30.42 29.61 29.86 30.27 29.99 28.76 28.94 28.92 28.91 28.91 28.90 28.90 28.90 28.90 28.89 28.89 28.89 28.89 28.89 28.89 28.89 28.89 28.89 28.88 28.88 28.88 28.88 28.88 28.88 28.88 28.88 28.88 28.88 28.88 28.88
28.87 28.88 28.90 28.91 28.92 28.92 28.93 28.94 28.94 28.94 28.95 28.96 28.97 28.99 29.00 28.99 28.98 28.73 28.94 28.94 28.93 28.92 28.91 28.91 28.90 28.90 28.89 28.89 28.89 28.89 28.89 28.89 28.89 28.88 28.88 28.88 28.89 28.88 28.88 28.88 28.88 28.88 28.88 28.88 28.88 28.88 28.88 28.88 28.88 28.88
28.87 28.88 28.88 28.89 28.90 28.90 28.91 28.91 28.91 28.91 28.92 28.92 28.93 28.94 28.94 28.94 28.93 28.69 28.92 28.92 28.91 28.91 28.90 28.90 28.89 28.89 28.89 28.89 28.88 28.88 28.88 28.88 28.88 28.88 28.88 28.88 28.88 28.88 28.88 28.88 28.88 28.88 28.88 28.88 28.88 28.88 28.88 28.87 28.88 28.87
28.86 28.87 28.87 28.88 28.89 28.89 28.89 28.90 28.89 28.90 28.90 28.91 28.91 28.91 28.91 28.91 28.91 28.90 28.91 28.91 28.90 28.90 28.89 28.89 28.89 28.89 28.88 28.88 28.88 28.88 28.88 28.88 28.88 28.88 28.88 28.88 28.88 28.88 28.88 28.88 28.88 28.87 28.87 28.88 28.88 28.88 28.87 28.87 28.87 28.87
28.86 28.86 28.87 28.87 28.88 28.88 28.88 28.88 28.88 28.89 28.89 28.89 28.89 28.89 28.90 28.90 28.90 28.90 28.90 28.89 28.89 28.89 28.89 28.89 28.88 28.88 28.88 28.88 28.88 28.87 28.87 28.87 28.87 28.87 28.87 28.87 28.87 28.87 28.87 28.87 28.87 28.87 28.87 28.87 28.87 28.87 28.87 28.87 28.87 28.87
28.86 28.86 28.86 28.86 28.87 28.87 28.87 28.88 28.88 28.88 28.88 28.88 28.88 28.89 28.89 28.89 28.89 28.89 28.89 28.88 28.88 28.88 28.88 28.88 28.87 28.87 28.87 28.87 28.87 28.87 28.87 28.87 28.87 28.87 28.87 28.87 28.87 28.87 28.87 28.87 28.87 28.87 28.87 28.87 28.87 28.87 28.87 28.87 28.87 28.87
28.85 28.85 28.85 28.86 28.86 28.86 28.87 28.87 28.87 28.87 28.87 28.87 28.87 28.88 28.88 28.88 28.88 28.88 28.88 28.88 28.87 28.87 28.87 28.87 28.87 28.87 28.87 28.87 28.87 28.87 28.87 28.87 28.87 28.87 28.87 28.87 28.87 28.87 28.87 28.87 28.87 28.87 28.87 28.87 28.87 28.87 28.87 28.86 28.87 28.87
