Raw_GIS_Data/Climate_scenarios_straight/ProcessedData/month_8_rainfall_rcp85.asc
NCOLS 50
NROWS 26
XLLCENTER 512998.000000
YLLCENTER 8407694.000000
CELLSIZE 800.000000
NODATA_value -999.000000
 4.79  4.90  5.00  5.00  4.95  4.91  4.84  4.73  4.63  4.60  4.62  4.68  4.73  4.78  4.83  4.92  5.06  5.23  5.35  5.40  5.40  5.39  5.39  5.39  5.39  5.38  5.37  5.37  5.37  5.39  5.44  5.49  5.52  5.52  5.52  5.57  5.68  5.75  5.78  5.83  5.91  5.94  5.91  5.89  5.89  5.88  5.83  5.77  5.75  5.82
 4.69  4.80  4.90  4.91  4.89  4.92  4.95  4.89  4.79  4.73  4.75  4.80  4.84  4.85  4.88  4.99  5.16  5.32  5.39  5.41  5.42  5.45  5.49  5.49  5.50  5.49  5.49  5.49  5.49  5.50  5.53  5.58  5.60  5.56  5.53  5.58  5.68  5.75  5.78  5.85  5.91  5.92  5.88  5.84  5.79  5.74  5.67  5.63  5.67  5.79
 4.56  4.63  4.71  4.75  4.79  4.89  4.99  4.99  4.89  4.82  4.85  4.90  4.93  4.95  4.99  5.11  5.26  5.37  5.41  5.44  5.50  5.62  5.72  5.81  5.88  5.90  5.89  5.87  5.85  5.81  5.80  5.80  5.79  5.74  5.72  5.73  5.75  5.79  5.84  5.91  5.96  5.95  5.92  5.87  5.79  5.68  5.58  5.55  5.61  5.73
 4.44  4.47  4.55  4.63  4.73  4.87  4.98  4.98  4.91  4.88  4.94  5.00  5.05  5.10  5.17  5.27  5.39  5.45  5.48  5.55  5.70  5.91  6.12  6.33  6.51  6.61  6.63  6.64  6.57  6.43  6.41  6.27  6.20  6.13  6.12  6.02  5.96  5.94  5.96  5.99  6.01  6.01  5.98  5.91  5.81  5.71  5.62  5.56  5.58  5.65
 4.40  4.44  4.54  4.64  4.75  4.86  4.93  4.94  4.93  4.98  5.09  5.17  5.23  5.31  5.39  5.47  5.58  5.67  5.74  5.87  6.09  6.38  6.72  7.06  7.35  7.60  7.73  7.74  7.61  7.51  7.47  7.15  6.87  6.79  6.61  6.39  6.31  6.27  6.24  6.18  6.12  6.12  6.13  6.00  5.85  5.77  5.70  5.60  5.56  5.60
 4.45  4.50  4.61  4.69  4.76  4.81  4.85  4.89  4.96  5.09  5.25  5.38  5.47  5.57  5.66  5.74  5.83  5.97  6.13  6.34  6.64  7.01  7.45  7.90  8.28  8.51  8.67  8.56  8.28  8.30  8.37  8.03  7.59  7.37  6.98  6.81  6.63  6.56  6.58  6.51  6.30  6.20  6.21  6.04  5.87  5.81  5.73  5.61  5.56  5.60
 4.50  4.54  4.61  4.66  4.69  4.70  4.76  4.86  4.99  5.16  5.35  5.52  5.66  5.79  5.92  6.01  6.10  6.27  6.52  6.83  7.22  7.68  8.19  8.67  8.81  8.69  8.61  8.33  7.94  8.00  8.23  8.36  8.16  7.75  7.30  6.94  6.57  6.50  6.60  6.60  6.32  6.11  6.04  5.89  5.82  5.80  5.72  5.62  5.60  5.63
 4.53  4.53  4.56  4.59  4.61  4.63  4.72  4.88  5.06  5.25  5.43  5.59  5.76  5.96  6.16  6.30  6.45  6.69  7.05  7.50  8.02  8.59  9.18  9.46  9.10  8.69  8.30  7.94  7.64  7.62  7.86  8.24  8.18  7.58  7.11  6.67  6.43  6.39  6.38  6.35  6.20  5.97  5.87  5.81  5.83  5.84  5.79  5.71  5.69  5.70
 4.61  4.61  4.60  4.60  4.65  4.71  4.82  5.01  5.24  5.46  5.63  5.79  5.98  6.24  6.53  6.79  7.05  7.42  7.90  8.50  9.23  9.97 10.53 10.73 10.24  9.50  8.57  7.90  7.39  7.18  7.24  7.33  7.17  6.98  6.64  6.45  6.40  6.36  6.30  6.21  6.06  5.97  5.92  5.87  5.88  5.92  5.90  5.83  5.82  5.82
 4.81  4.80  4.78  4.75  4.80  4.92  5.10  5.32  5.58  5.84  6.07  6.28  6.53  6.87  7.26  7.66  8.05  8.41  8.94  9.65 10.55 11.29 11.69 12.26 12.08 10.83  8.80  7.85  7.23  6.88  6.77  6.76  6.67  6.55  6.37  6.31  6.28  6.25  6.17  6.08  6.02  5.99  5.94  5.91  5.91  5.95  5.97  5.96  5.98  5.98
 5.07  5.04  5.02  5.03  5.10  5.30  5.56  5.84  6.15  6.52  6.95  7.37  7.77  8.16  8.66  9.23  9.56  9.65 10.06 10.68 11.22 11.74 12.12 12.36 12.14 11.15  8.74  7.71  7.16  6.81  6.68  6.63  6.52  6.36  6.25  6.20  6.16  6.12  6.05  5.99  5.96  5.93  5.90  5.90  5.92  5.96  6.03  6.10  6.15  6.17
 5.35  5.31  5.33  5.43  5.61  5.88  6.22  6.62  7.10  7.75  8.42  9.13  9.69 10.19 10.95 11.53 11.40 11.09 11.10 11.22 10.96 10.96 10.90 10.23  9.40  8.91  7.91  7.35  7.06  6.84  6.69  6.58  6.44  6.29  6.19  6.15  6.12  6.10  6.04  5.98  5.94  5.93  5.93  5.95  5.99  6.02  6.08  6.17  6.25  6.29
 5.73  5.73  5.79  5.95  6.22  6.59  7.04  7.62  8.41  9.23 10.01 10.88 11.61 12.28 13.12 13.69 13.15 12.15 11.48 10.94  9.92  9.52  9.10  8.43  7.83  7.56  7.23  7.10  6.97  6.81  6.64  6.48  6.32  6.21  6.16  6.13  6.13  6.14  6.11  6.03  5.97  5.97  5.98  5.98  6.02  6.06  6.11  6.17  6.24  6.30
 6.25  6.32  6.42  6.59  6.86  7.27  7.79  8.44  9.32 10.12 10.83 11.53 12.26 13.00 13.68 14.34 13.68 12.09 10.86 10.13  9.04  8.60  8.00  7.55  7.25  7.06  6.92  6.86  6.79  6.70  6.57  6.39  6.22  6.15  6.16  6.18  6.18  6.17  6.15  6.08  6.01  5.98  5.96  5.94  5.96  6.01  6.09  6.17  6.23  6.30
 6.70  6.87  7.05  7.25  7.49  7.86  8.26  8.72  9.34  9.84 10.30 10.89 11.52 12.13 12.45 12.68 12.21 11.05  9.84  9.04  8.35  7.93  7.55  7.25  7.02  6.86  6.75  6.64  6.56  6.52  6.47  6.33  6.18  6.14  6.17  6.20  6.21  6.19  6.15  6.09  6.00  5.94  5.90  5.87  5.87  5.92  6.02  6.15  6.25  6.33
 6.95  7.18  7.45  7.69  7.92  8.18  8.42  8.65  8.98  9.31  9.62 10.06 10.49 10.82 10.85 10.73 10.33  9.87  9.17  8.54  7.99  7.55  7.28  7.06  6.87  6.71  6.59  6.48  6.36  6.30  6.28  6.20  6.13  6.11  6.15  6.19  6.21  6.19  6.15  6.08  5.97  5.86  5.80  5.79  5.79  5.82  5.91  6.04  6.15  6.26
 7.08  7.29  7.54  7.78  7.94  8.09  8.24  8.37  8.53  8.71  8.94  9.26  9.53  9.72  9.72  9.58  9.33  9.10  8.63  8.16  7.70  7.33  7.07  6.87  6.70  6.55  6.44  6.36  6.26  6.15  6.07  6.00  5.99  6.02  6.08  6.14  6.15  6.11  6.07  6.03  5.92  5.78  5.71  5.70  5.69  5.69  5.74  5.83  5.93  6.07
 7.04  7.25  7.48  7.63  7.65  7.65  7.73  7.85  7.96  8.06  8.24  8.48  8.68  8.82  8.93  8.90  8.76  8.55  8.09  7.64  7.35  7.12  6.86  6.66  6.53  6.41  6.36  6.34  6.26  6.10  5.94  5.84  5.82  5.87  5.94  6.01  6.03  5.99  5.95  5.93  5.86  5.73  5.64  5.58  5.52  5.48  5.51  5.58  5.70  5.89
 6.89  7.14  7.32  7.34  7.23  7.17  7.19  7.27  7.34  7.41  7.53  7.69  7.84  7.98  8.15  8.24  8.13  7.91  7.56  7.21  6.98  6.82  6.64  6.49  6.38  6.29  6.28  6.31  6.24  6.06  5.89  5.77  5.73  5.78  5.85  5.90  5.93  5.91  5.88  5.84  5.79  5.71  5.59  5.46  5.39  5.35  5.37  5.46  5.62  5.82
 6.71  6.97  7.08  7.02  6.91  6.84  6.83  6.85  6.85  6.84  6.89  7.01  7.11  7.21  7.37  7.54  7.52  7.30  7.08  6.90  6.70  6.53  6.41  6.31  6.21  6.14  6.14  6.17  6.13  5.98  5.85  5.75  5.73  5.82  5.90  5.92  5.90  5.85  5.75  5.66  5.63  5.63  5.56  5.45  5.41  5.42  5.45  5.52  5.69  5.87
 6.52  6.73  6.81  6.78  6.69  6.62  6.59  6.55  6.48  6.41  6.42  6.49  6.53  6.57  6.70  6.86  6.92  6.83  6.72  6.64  6.52  6.35  6.21  6.11  6.02  5.97  5.96  6.00  5.99  5.89  5.80  5.76  5.79  5.90  5.96  5.93  5.84  5.70  5.52  5.40  5.42  5.50  5.52  5.49  5.49  5.55  5.62  5.69  5.82  5.94
 6.34  6.46  6.55  6.54  6.44  6.37  6.34  6.30  6.23  6.16  6.16  6.17  6.13  6.17  6.29  6.43  6.53  6.53  6.48  6.46  6.39  6.28  6.13  5.96  5.85  5.80  5.81  5.85  5.86  5.80  5.75  5.74  5.78  5.85  5.90  5.87  5.72  5.52  5.33  5.24  5.26  5.36  5.44  5.47  5.52  5.64  5.74  5.81  5.87  5.91
 6.14  6.15  6.19  6.19  6.14  6.10  6.10  6.07  6.03  6.01  6.03  6.03  5.99  6.03  6.10  6.16  6.23  6.29  6.30  6.30  6.28  6.23  6.12  5.94  5.80  5.74  5.73  5.76  5.77  5.72  5.67  5.64  5.65  5.68  5.73  5.74  5.60  5.39  5.25  5.18  5.19  5.25  5.33  5.40  5.48  5.60  5.69  5.73  5.75  5.75
 5.97  5.92  5.93  5.94  5.91  5.89  5.88  5.86  5.84  5.91  6.02  6.08  6.08  6.08  6.08  6.04  6.05  6.11  6.16  6.15  6.12  6.10  6.03  5.88  5.77  5.71  5.69  5.70  5.72  5.67  5.58  5.51  5.50  5.53  5.56  5.55  5.46  5.33  5.23  5.16  5.14  5.17  5.25  5.33  5.42  5.49  5.54  5.57  5.60  5.61
 5.93  5.93  5.94  5.91  5.84  5.81  5.82  5.79  5.80  5.94  6.13  6.23  6.22  6.20  6.18  6.08  6.00  6.00  6.02  6.00  5.96  5.95  5.92  5.82  5.73  5.67  5.64  5.64  5.66  5.62  5.54  5.47  5.48  5.51  5.48  5.40  5.35  5.31  5.25  5.20  5.17  5.17  5.22  5.32  5.40  5.45  5.49  5.54  5.61  5.63
 5.96  5.99  6.01  5.96  5.85  5.82  5.85  5.87  5.92  6.10  6.31  6.37  6.29  6.24  6.24  6.14  5.98  5.88  5.84  5.81  5.82  5.85  5.87  5.83  5.75  5.67  5.60  5.57  5.56  5.56  5.55  5.58  5.62  5.59  5.47  5.35  5.30  5.28  5.27  5.26  5.25  5.22  5.25  5.35  5.44  5.50  5.57  5.67  5.77  5.80
