Raw_GIS_Data/Climate_scenarios_straight/ProcessedData/month_5_maxTemp_rcp85.asc
NCOLS 50
NROWS 26
XLLCENTER 512998.000000
YLLCENTER 8407694.000000
CELLSIZE 800.000000
NODATA_value -999.000000
30.88 30.88 30.89 30.89 30.89 30.89 30.89 30.88 30.88 30.88 30.88 30.88 30.88 30.89 30.89 30.90 30.90 30.91 30.92 30.92 30.93 30.93 30.93 30.93 30.92 30.92 30.91 30.90 30.90 30.90 30.89 30.89 30.88 30.88 30.87 30.87 30.86 30.86 30.85 30.84 30.83 30.83 30.82 30.82 30.82 30.82 30.82 30.82 30.82 30.82
30.89 30.89 30.89 30.89 30.90 30.89 30.89 30.89 30.89 30.89 30.89 30.89 30.89 30.89 30.90 30.90 30.91 30.91 30.92 30.93 30.95 30.96 30.97 30.97 30.97 30.96 30.95 30.93 30.92 30.92 30.92 30.92 30.91 30.90 30.90 30.89 30.89 30.88 30.88 30.87 30.86 30.84 30.83 30.82 30.82 30.82 30.82 30.82 30.82 30.82
30.90 30.90 30.90 30.90 30.90 30.90 30.90 30.90 30.90 30.90 30.90 30.90 30.90 30.90 30.90 30.91 30.91 30.92 30.93 30.94 30.96 30.98 31.00 31.02 31.03 31.03 31.03 31.02 30.97 30.95 30.96 30.96 30.96 30.94 30.93 30.93 30.92 30.92 30.92 30.92 30.92 30.90 30.86 30.83 30.81 30.82 30.82 30.82 30.82 30.82
30.90 30.91 30.91 30.91 30.91 30.91 30.91 30.91 30.91 30.91 30.91 30.91 30.91 30.91 30.91 30.92 30.92 30.92 30.93 30.95 30.97 30.99 31.02 31.06 31.11 31.14 31.20 32.60 31.65 30.97 31.01 31.01 31.05 31.02 30.99 30.98 30.99 30.96 30.97 30.98 31.01 31.05 32.43 32.23 30.77 30.82 30.81 30.82 30.82 30.81
30.91 30.92 30.92 30.92 30.92 30.92 30.92 30.92 30.92 30.92 30.92 30.92 30.92 30.92 30.93 30.93 30.94 30.94 30.95 30.96 30.98 31.00 31.04 31.10 31.20 32.66 32.22 31.63 31.09 32.28 30.37 30.89 32.57 32.22 30.16 30.92 32.50 31.03 31.05 31.06 31.11 32.57 31.93 31.57 30.76 30.82 30.81 30.81 30.81 30.81
30.92 30.92 30.93 30.94 30.94 30.94 30.94 30.94 30.94 30.94 30.94 30.94 30.94 30.95 30.95 30.96 30.96 30.97 30.98 30.99 31.01 31.03 31.07 31.15 32.53 31.07 30.14 29.28 29.60 29.84 29.09 29.12 32.53 30.31 32.33 30.90 30.75 31.43 31.51 31.19 31.47 32.55 30.88 30.72 30.41 30.82 30.81 30.81 30.81 30.81
30.92 30.93 30.95 30.95 30.96 30.97 30.97 30.97 30.97 30.97 30.97 30.97 30.97 30.97 30.98 30.99 31.00 31.01 31.02 31.04 31.07 31.11 31.18 32.53 30.52 30.69 29.69 29.30 30.80 31.60 31.59 31.37 31.33 30.11 30.24 29.47 31.20 32.35 31.88 30.16 31.31 31.84 30.97 31.28 30.74 30.82 30.81 30.81 30.81 30.81
30.93 30.95 30.96 30.98 30.99 31.00 31.00 31.01 31.01 31.01 31.00 31.00 31.00 31.00 31.01 31.02 31.04 31.06 31.07 31.09 31.14 31.23 32.63 31.37 30.77 32.21 30.97 30.99 31.05 31.18 32.55 30.21 28.56 30.02 29.45 30.10 31.02 31.08 32.55 32.26 30.37 30.75 30.64 30.88 30.87 30.83 30.81 30.81 30.81 30.81
30.94 30.96 30.98 31.00 31.02 31.04 31.05 31.06 31.06 31.07 31.06 31.06 31.06 31.06 31.06 31.07 31.09 31.12 31.16 31.18 31.19 31.26 32.47 30.26 31.82 31.42 31.09 31.17 30.94 31.05 32.39 30.35 31.95 30.40 30.88 30.86 30.92 30.93 30.93 30.01 30.87 30.87 30.89 30.94 32.38 32.17 30.54 30.81 30.81 30.81
30.96 30.98 31.00 31.03 31.06 31.09 31.12 31.14 31.15 31.16 31.17 31.16 31.16 31.15 31.14 31.14 31.14 31.18 31.27 32.58 32.07 30.01 32.36 31.74 29.84 28.55 30.75 31.30 30.52 30.92 30.94 30.63 30.77 30.89 30.88 30.88 30.87 30.86 30.86 30.85 30.85 30.85 30.84 30.85 30.85 30.80 30.30 30.81 30.81 30.81
30.96 30.99 31.02 31.07 31.11 31.16 31.21 31.25 31.30 31.36 32.79 31.69 31.38 31.45 32.32 31.98 30.64 32.05 32.42 31.00 31.08 30.01 30.76 28.54 28.93 26.94 29.24 30.61 30.20 30.89 30.89 30.88 30.88 30.87 30.86 30.85 30.84 30.84 30.84 30.84 30.84 30.83 30.83 30.83 30.82 30.81 30.81 30.81 30.81 30.81
30.94 30.98 31.02 31.08 31.14 31.21 31.29 31.39 32.86 32.85 31.59 30.48 29.42 30.48 30.77 29.78 29.13 30.87 31.64 29.76 29.47 30.52 28.77 28.86 30.97 29.02 29.30 30.79 30.88 30.87 30.86 30.86 30.85 30.85 30.84 30.83 30.83 30.83 30.83 30.83 30.83 30.83 30.82 30.82 30.82 30.81 30.81 30.81 30.81 30.81
30.90 30.94 30.98 31.04 31.12 31.22 31.34 32.81 32.28 30.63 31.51 30.30 29.47 29.33 29.38 28.56 29.15 29.38 30.22 29.10 31.23 31.26 30.24 30.89 31.99 29.66 30.75 30.87 30.85 30.85 30.84 30.84 30.84 30.83 30.83 30.82 30.82 30.82 30.82 30.82 30.82 30.82 30.81 30.81 30.81 30.81 30.80 30.80 30.80 30.80
30.86 30.88 30.92 30.97 31.05 31.19 32.62 32.14 30.70 29.96 29.42 29.67 29.52 29.17 29.58 28.59 28.11 29.25 30.44 29.21 31.85 30.27 31.58 30.84 30.88 30.80 30.85 30.85 30.84 30.83 30.83 30.83 30.83 30.82 30.82 30.82 30.82 30.82 30.82 30.82 30.82 30.81 30.81 30.81 30.81 30.80 30.80 30.80 30.80 30.80
30.83 30.85 30.86 30.90 30.96 31.04 31.64 31.93 30.81 30.56 31.69 30.96 31.41 30.09 30.47 29.66 29.17 29.74 30.82 31.32 32.08 32.42 31.70 30.78 30.85 30.85 30.84 30.83 30.82 30.82 30.82 30.82 30.82 30.81 30.81 30.81 30.81 30.81 30.81 30.81 30.81 30.81 30.80 30.80 30.80 30.80 30.80 30.80 30.80 30.80
30.82 30.83 30.85 30.87 30.92 30.98 31.04 31.09 31.07 30.51 31.26 32.01 32.32 31.40 32.11 30.50 31.42 30.43 31.28 31.90 32.12 32.47 31.83 32.48 30.78 30.83 30.83 30.82 30.82 30.81 30.81 30.81 30.81 30.81 30.81 30.81 30.81 30.81 30.81 30.80 30.80 30.80 30.80 30.80 30.80 30.80 30.80 30.80 30.80 30.80
30.80 30.82 30.84 30.87 30.91 30.97 31.01 31.04 31.08 31.12 31.17 31.24 31.30 32.39 32.10 31.69 31.82 30.97 31.58 31.44 31.95 31.70 30.71 30.80 30.83 30.82 30.82 30.81 30.81 30.81 30.81 30.81 30.81 30.80 30.80 30.80 30.80 30.80 30.80 30.80 30.80 30.80 30.80 30.80 30.80 30.80 30.79 30.79 30.79 30.79
30.79 30.81 30.83 30.86 30.90 30.93 30.96 30.99 31.02 31.06 31.12 31.19 31.27 32.50 32.12 31.97 31.88 30.99 31.46 31.75 31.90 31.65 30.70 30.83 30.82 30.81 30.81 30.81 30.81 30.80 30.80 30.80 30.80 30.80 30.80 30.80 30.80 30.80 30.80 30.80 30.80 30.79 30.79 30.79 30.79 30.79 30.79 30.79 30.79 30.79
30.78 30.80 30.82 30.84 30.87 30.89 30.91 30.93 30.96 30.99 31.04 31.09 31.18 32.53 32.28 32.13 31.88 31.52 31.50 31.68 31.84 30.69 30.83 30.82 30.82 30.81 30.81 30.80 30.80 30.80 30.80 30.80 30.80 30.80 30.80 30.80 30.80 30.80 30.80 30.79 30.79 30.79 30.79 30.79 30.79 30.79 30.79 30.79 30.79 30.79
30.78 30.79 30.80 30.82 30.84 30.85 30.87 30.88 30.90 30.91 30.94 30.97 31.01 31.08 32.28 32.13 31.36 31.61 31.99 31.71 30.65 30.83 30.82 30.81 30.81 30.81 30.80 30.80 30.80 30.80 30.80 30.79 30.79 30.79 30.79 30.80 30.80 30.80 30.79 30.79 30.79 30.79 30.79 30.79 30.79 30.79 30.79 30.79 30.79 30.79
30.77 30.78 30.80 30.81 30.82 30.83 30.83 30.84 30.84 30.85 30.86 30.86 30.87 30.88 30.88 30.88 30.87 30.63 30.83 30.83 30.82 30.82 30.81 30.81 30.80 30.80 30.80 30.79 30.79 30.79 30.79 30.79 30.79 30.79 30.79 30.79 30.79 30.79 30.79 30.79 30.79 30.79 30.79 30.79 30.79 30.79 30.79 30.79 30.79 30.79
30.77 30.78 30.79 30.80 30.80 30.80 30.81 30.81 30.81 30.81 30.82 30.82 30.83 30.83 30.83 30.83 30.83 30.60 30.82 30.81 30.81 30.81 30.80 30.80 30.80 30.79 30.79 30.79 30.79 30.79 30.79 30.79 30.79 30.79 30.79 30.79 30.79 30.79 30.79 30.79 30.79 30.79 30.79 30.78 30.78 30.78 30.78 30.78 30.78 30.78
30.77 30.77 30.78 30.78 30.78 30.78 30.79 30.79 30.79 30.79 30.80 30.80 30.80 30.81 30.81 30.81 30.81 30.81 30.81 30.80 30.80 30.80 30.80 30.79 30.79 30.79 30.79 30.79 30.79 30.79 30.78 30.78 30.78 30.78 30.79 30.79 30.79 30.78 30.78 30.78 30.78 30.78 30.78 30.78 30.78 30.78 30.78 30.78 30.78 30.78
30.77 30.77 30.77 30.77 30.77 30.77 30.78 30.78 30.78 30.78 30.79 30.79 30.79 30.80 30.80 30.80 30.80 30.80 30.80 30.80 30.79 30.79 30.79 30.79 30.79 30.79 30.79 30.79 30.79 30.78 30.78 30.78 30.78 30.78 30.78 30.78 30.78 30.78 30.78 30.78 30.78 30.78 30.78 30.78 30.78 30.78 30.78 30.78 30.78 30.78
30.76 30.76 30.76 30.76 30.77 30.77 30.77 30.77 30.78 30.78 30.78 30.78 30.79 30.79 30.79 30.79 30.79 30.80 30.80 30.79 30.79 30.79 30.79 30.79 30.78 30.78 30.78 30.78 30.78 30.78 30.78 30.78 30.78 30.78 30.78 30.78 30.78 30.78 30.78 30.78 30.78 30.78 30.78 30.78 30.78 30.78 30.78 30.78 30.78 30.78
30.75 30.76 30.76 30.76 30.76 30.76 30.77 30.77 30.77 30.77 30.78 30.78 30.78 30.78 30.78 30.79 30.79 30.79 30.79 30.79 30.79 30.79 30.78 30.78 30.78 30.78 30.78 30.78 30.78 30.78 30.78 30.78 30.78 30.78 30.78 30.78 30.78 30.78 30.78 30.78 30.77 30.77 30.77 30.78 30.77 30.77 30.77 30.77 30.77 30.77
