Raw_GIS_Data/Climate_scenarios_straight/ProcessedData/month_10_minTemp_rcp45.asc
NCOLS 50
NROWS 26
XLLCENTER 512998.000000
YLLCENTER 8407694.000000
CELLSIZE 800.000000
NODATA_value -999.000000
27.73 27.73 27.74 27.74 27.74 27.74 27.73 27.73 27.73 27.73 27.72 27.72 27.71 27.71 27.70 27.70 27.70 27.70 27.70 27.69 27.69 27.69 27.68 27.68 27.68 27.67 27.67 27.67 27.68 27.68 27.69 27.69 27.69 27.70 27.70 27.69 27.69 27.69 27.70 27.70 27.71 27.71 27.71 27.71 27.71 27.71 27.71 27.71 27.71 27.70
27.73 27.73 27.73 27.73 27.73 27.73 27.73 27.72 27.72 27.72 27.71 27.71 27.70 27.70 27.70 27.69 27.68 27.68 27.68 27.68 27.67 27.67 27.66 27.66 27.65 27.64 27.64 27.63 27.63 27.64 27.65 27.66 27.66 27.67 27.67 27.68 27.68 27.68 27.68 27.69 27.70 27.70 27.71 27.70 27.70 27.70 27.70 27.70 27.70 27.70
27.73 27.73 27.73 27.72 27.72 27.72 27.72 27.71 27.71 27.71 27.70 27.70 27.69 27.69 27.68 27.67 27.67 27.67 27.66 27.66 27.66 27.65 27.64 27.63 27.62 27.61 27.60 27.59 27.59 27.58 27.58 27.61 27.62 27.62 27.62 27.64 27.65 27.66 27.66 27.66 27.67 27.68 27.69 27.70 27.70 27.70 27.70 27.70 27.69 27.69
27.73 27.72 27.72 27.72 27.71 27.71 27.71 27.70 27.70 27.70 27.69 27.69 27.68 27.67 27.66 27.66 27.65 27.65 27.64 27.64 27.63 27.62 27.62 27.61 27.60 27.58 27.56 26.70 26.03 27.52 27.53 27.51 27.56 27.58 27.58 27.57 27.61 27.63 27.63 27.63 27.63 27.64 26.88 26.95 27.65 27.69 27.69 27.69 27.68 27.68
27.72 27.72 27.71 27.71 27.70 27.70 27.70 27.69 27.69 27.68 27.68 27.67 27.66 27.66 27.65 27.64 27.63 27.62 27.61 27.61 27.60 27.59 27.59 27.59 27.57 26.70 26.31 25.92 25.45 26.23 24.96 27.24 26.05 26.17 24.91 27.35 26.58 27.60 27.60 27.60 27.60 26.74 26.40 26.34 27.63 27.69 27.69 27.68 27.68 27.68
27.71 27.71 27.70 27.70 27.69 27.68 27.68 27.67 27.67 27.66 27.66 27.65 27.65 27.64 27.63 27.62 27.61 27.60 27.59 27.57 27.56 27.55 27.54 27.54 26.64 25.42 24.82 24.22 24.36 24.43 24.03 23.97 25.80 24.77 26.18 25.29 25.23 25.65 25.72 25.57 25.75 26.55 25.56 25.61 27.27 27.68 27.69 27.68 27.68 27.68
27.70 27.70 27.69 27.68 27.67 27.66 27.65 27.64 27.64 27.64 27.63 27.62 27.62 27.61 27.60 27.60 27.59 27.58 27.57 27.55 27.53 27.51 27.49 26.67 25.13 25.13 24.56 24.26 27.13 25.50 25.74 25.47 25.50 24.75 24.89 24.43 25.50 26.23 26.09 24.96 25.87 26.39 25.84 26.20 27.60 27.68 27.68 27.68 27.68 27.68
27.68 27.67 27.67 27.66 27.64 27.63 27.62 27.61 27.60 27.60 27.59 27.58 27.58 27.57 27.57 27.56 27.56 27.56 27.55 27.54 27.52 27.49 26.57 25.61 25.11 26.10 27.54 27.55 27.57 27.55 26.45 25.01 23.88 24.78 24.53 26.70 27.59 27.63 26.91 26.84 25.51 27.54 27.43 27.69 27.69 27.69 27.68 27.68 27.68 27.68
27.66 27.65 27.64 27.63 27.61 27.60 27.58 27.57 27.57 27.56 27.55 27.53 27.52 27.52 27.51 27.50 27.50 27.52 27.53 27.53 27.54 27.52 26.45 24.77 25.87 25.58 25.52 25.73 27.63 27.64 26.83 25.27 26.45 25.38 27.59 27.58 27.67 27.70 27.71 26.79 27.69 27.70 27.71 27.71 27.23 27.18 27.41 27.68 27.68 27.68
27.64 27.63 27.61 27.60 27.58 27.56 27.55 27.54 27.53 27.53 27.52 27.51 27.48 27.47 27.46 27.46 27.44 27.43 27.49 26.22 26.12 24.68 26.29 25.80 24.70 23.79 25.19 25.79 27.27 27.66 27.68 27.35 27.49 27.65 27.66 27.68 27.69 27.70 27.70 27.70 27.70 27.70 27.70 27.71 27.71 27.68 27.18 27.68 27.68 27.68
27.62 27.60 27.58 27.57 27.55 27.53 27.51 27.50 27.50 27.51 26.59 25.80 25.57 25.50 25.91 25.83 24.97 25.82 25.89 25.14 25.32 24.60 25.25 23.82 24.20 23.05 24.31 25.38 26.94 27.66 27.68 27.68 27.68 27.67 27.68 27.69 27.69 27.70 27.70 27.69 27.70 27.70 27.70 27.70 27.70 27.70 27.69 27.69 27.68 27.68
27.61 27.59 27.57 27.54 27.52 27.50 27.48 27.47 26.54 26.51 25.65 24.90 24.10 24.79 24.93 24.41 23.92 24.97 25.47 24.38 24.18 24.93 23.98 24.05 25.57 24.46 26.00 27.51 27.66 27.67 27.68 27.68 27.68 27.69 27.69 27.69 27.69 27.69 27.69 27.69 27.69 27.69 27.70 27.70 27.70 27.70 27.69 27.69 27.68 27.68
27.61 27.59 27.56 27.53 27.50 27.48 27.46 26.50 26.07 24.94 25.51 24.65 24.12 24.03 24.14 23.59 23.95 24.07 24.70 24.01 25.38 25.55 25.05 25.51 26.54 26.42 27.52 27.66 27.67 27.68 27.68 27.69 27.69 27.69 27.69 27.69 27.69 27.69 27.69 27.69 27.69 27.69 27.69 27.70 27.70 27.70 27.69 27.69 27.68 27.68
27.62 27.60 27.58 27.55 27.51 27.47 26.54 26.08 25.06 24.49 24.09 24.25 24.18 23.96 24.30 23.70 23.43 24.03 24.88 24.21 25.91 25.15 26.11 27.59 27.67 27.61 27.67 27.68 27.68 27.68 27.68 27.69 27.68 27.68 27.68 27.68 27.69 27.69 27.69 27.69 27.69 27.70 27.70 27.70 27.70 27.70 27.69 27.69 27.69 27.68
27.63 27.61 27.60 27.57 27.54 27.47 25.91 26.04 25.19 24.92 25.57 25.10 25.46 24.68 24.96 24.45 24.14 24.49 25.17 25.55 26.13 27.46 26.27 27.58 27.67 27.68 27.68 27.68 27.68 27.68 27.68 27.68 27.68 27.68 27.68 27.68 27.68 27.68 27.69 27.69 27.69 27.70 27.70 27.70 27.69 27.69 27.69 27.69 27.69 27.68
27.64 27.63 27.61 27.60 27.58 27.55 27.52 27.49 27.39 26.69 27.33 25.91 26.17 25.54 26.06 25.07 25.66 25.04 25.56 25.99 26.27 27.53 26.38 27.75 27.62 27.68 27.69 27.69 27.68 27.68 27.68 27.68 27.67 27.67 27.67 27.67 27.68 27.68 27.68 27.69 27.69 27.69 27.69 27.69 27.68 27.68 27.68 27.68 27.68 27.68
27.64 27.64 27.63 27.62 27.61 27.59 27.57 27.55 27.52 27.48 27.45 27.40 27.36 26.22 26.10 25.86 25.99 25.45 25.85 25.73 26.33 26.35 27.50 27.61 27.67 27.68 27.68 27.68 27.68 27.68 27.68 27.68 27.67 27.67 27.67 27.67 27.68 27.68 27.68 27.69 27.69 27.68 27.68 27.67 27.67 27.67 27.67 27.67 27.68 27.68
27.65 27.65 27.64 27.63 27.62 27.61 27.60 27.59 27.57 27.54 27.51 27.46 27.40 26.42 26.19 26.07 26.05 25.47 25.79 26.11 26.42 26.42 27.51 27.66 27.66 27.67 27.67 27.68 27.68 27.68 27.68 27.68 27.67 27.67 27.67 27.67 27.68 27.68 27.68 27.68 27.68 27.68 27.67 27.67 27.67 27.67 27.67 27.67 27.68 27.68
27.65 27.65 27.65 27.64 27.62 27.62 27.61 27.60 27.59 27.58 27.55 27.52 27.47 26.66 26.45 26.32 26.09 25.86 25.89 26.19 26.54 27.50 27.65 27.65 27.66 27.66 27.67 27.67 27.67 27.68 27.68 27.68 27.67 27.67 27.67 27.67 27.67 27.68 27.68 27.68 27.68 27.67 27.67 27.67 27.68 27.68 27.68 27.68 27.68 27.68
27.66 27.66 27.66 27.65 27.63 27.63 27.62 27.62 27.62 27.61 27.60 27.58 27.56 27.55 26.71 26.51 25.85 26.05 26.40 26.39 27.45 27.65 27.65 27.66 27.66 27.66 27.67 27.67 27.67 27.67 27.68 27.67 27.67 27.67 27.67 27.67 27.67 27.67 27.67 27.68 27.68 27.67 27.67 27.68 27.68 27.68 27.68 27.68 27.68 27.68
27.67 27.67 27.66 27.65 27.64 27.63 27.63 27.64 27.63 27.63 27.63 27.61 27.61 27.60 27.60 27.61 27.63 27.40 27.62 27.64 27.64 27.65 27.65 27.66 27.66 27.66 27.66 27.67 27.67 27.67 27.67 27.67 27.67 27.67 27.67 27.67 27.67 27.67 27.67 27.67 27.67 27.67 27.67 27.68 27.68 27.68 27.68 27.68 27.68 27.68
27.67 27.67 27.66 27.66 27.65 27.64 27.64 27.64 27.65 27.64 27.64 27.64 27.63 27.63 27.63 27.63 27.65 27.42 27.64 27.65 27.65 27.65 27.65 27.65 27.66 27.66 27.66 27.66 27.66 27.66 27.67 27.67 27.67 27.67 27.67 27.67 27.67 27.66 27.67 27.67 27.67 27.67 27.68 27.68 27.68 27.68 27.68 27.68 27.68 27.67
27.67 27.67 27.66 27.66 27.65 27.65 27.65 27.65 27.65 27.66 27.65 27.65 27.65 27.65 27.64 27.65 27.65 27.66 27.65 27.65 27.65 27.65 27.65 27.65 27.66 27.66 27.66 27.66 27.66 27.66 27.67 27.67 27.67 27.67 27.67 27.67 27.66 27.66 27.66 27.67 27.67 27.67 27.67 27.67 27.68 27.68 27.68 27.67 27.67 27.67
27.67 27.67 27.66 27.66 27.65 27.65 27.65 27.66 27.66 27.66 27.66 27.66 27.66 27.65 27.65 27.65 27.66 27.67 27.66 27.66 27.66 27.66 27.66 27.65 27.66 27.66 27.66 27.66 27.66 27.67 27.67 27.67 27.67 27.67 27.67 27.67 27.67 27.67 27.67 27.67 27.68 27.67 27.67 27.67 27.67 27.67 27.67 27.67 27.67 27.68
27.68 27.67 27.66 27.66 27.66 27.66 27.66 27.66 27.66 27.67 27.67 27.67 27.67 27.66 27.66 27.66 27.67 27.67 27.67 27.67 27.66 27.66 27.66 27.66 27.66 27.66 27.66 27.66 27.66 27.67 27.67 27.67 27.67 27.67 27.67 27.67 27.67 27.67 27.67 27.68 27.68 27.68 27.67 27.67 27.67 27.67 27.67 27.67 27.68 27.68
27.67 27.67 27.67 27.66 27.66 27.66 27.66 27.66 27.67 27.67 27.67 27.68 27.67 27.67 27.67 27.67 27.68 27.68 27.68 27.67 27.67 27.67 27.66 27.66 27.66 27.66 27.66 27.66 27.66 27.66 27.67 27.67 27.67 27.67 27.67 27.67 27.67 27.67 27.67 27.67 27.68 27.68 27.67 27.67 27.67 27.66 27.67 27.67 27.68 27.68
