Raw_GIS_Data/Climate_scenarios_straight/ProcessedData/month_10_rainfall_rcp45.asc
NCOLS 50
NROWS 26
XLLCENTER 512998.000000
YLLCENTER 8407694.000000
CELLSIZE 800.000000
NODATA_value -999.000000
 4.56  4.46  4.41  4.40  4.41  4.43  4.48  4.59  4.74  4.89  4.99  5.01  4.96  4.95  4.99  5.07  5.14  5.16  5.16  5.16  5.16  5.19  5.30  5.46  5.57  5.65  5.75  5.87  5.99  6.08  6.17  6.31  6.49  6.68  6.86  6.97  6.99  7.00  7.08  7.23  7.29  7.20  7.09  7.09  7.18  7.32  7.42  7.44  7.38  7.34
 4.37  4.27  4.22  4.25  4.29  4.30  4.33  4.42  4.57  4.72  4.84  4.89  4.89  4.90  4.98  5.11  5.26  5.35  5.39  5.38  5.34  5.33  5.41  5.56  5.64  5.70  5.81  5.98  6.15  6.28  6.40  6.54  6.67  6.77  6.85  6.90  6.94  7.00  7.13  7.29  7.37  7.32  7.20  7.15  7.19  7.30  7.42  7.50  7.50  7.42
 4.22  4.12  4.08  4.13  4.21  4.24  4.25  4.33  4.46  4.61  4.74  4.83  4.87  4.92  5.01  5.16  5.34  5.49  5.58  5.63  5.63  5.61  5.66  5.79  5.89  5.98  6.12  6.30  6.46  6.56  6.66  6.80  6.89  6.89  6.88  6.92  6.99  7.10  7.26  7.41  7.51  7.52  7.44  7.31  7.24  7.28  7.41  7.52  7.56  7.50
 4.22  4.11  4.07  4.10  4.18  4.24  4.26  4.30  4.43  4.57  4.71  4.84  4.93  5.00  5.11  5.26  5.43  5.63  5.81  5.92  5.94  5.92  6.00  6.17  6.36  6.60  6.84  7.02  7.11  7.08  7.14  7.17  7.22  7.17  7.12  7.07  7.18  7.32  7.45  7.56  7.68  7.78  7.75  7.56  7.36  7.30  7.35  7.45  7.51  7.50
 4.32  4.24  4.21  4.21  4.24  4.28  4.29  4.32  4.44  4.59  4.75  4.91  5.04  5.17  5.29  5.39  5.52  5.74  6.03  6.24  6.32  6.37  6.52  6.75  7.06  7.46  7.80  7.99  8.02  8.02  8.04  7.83  7.72  7.73  7.61  7.47  7.55  7.61  7.66  7.74  7.86  8.01  8.07  7.83  7.52  7.34  7.29  7.33  7.41  7.45
 4.49  4.48  4.48  4.44  4.40  4.39  4.38  4.40  4.51  4.67  4.86  5.04  5.22  5.41  5.55  5.62  5.70  5.90  6.22  6.53  6.74  6.94  7.22  7.57  8.02  8.40  8.67  8.72  8.63  8.78  8.90  8.60  8.29  8.23  8.03  8.01  7.95  7.85  7.89  8.02  8.05  8.16  8.24  7.99  7.66  7.43  7.29  7.30  7.41  7.47
 4.73  4.76  4.77  4.69  4.59  4.54  4.52  4.53  4.62  4.80  5.02  5.22  5.42  5.66  5.85  5.98  6.07  6.22  6.48  6.80  7.10  7.47  7.88  8.31  8.61  8.66  8.70  8.57  8.37  8.53  8.81  8.91  8.74  8.51  8.29  8.16  7.90  7.77  7.90  8.12  8.09  8.05  8.06  7.91  7.71  7.50  7.34  7.35  7.49  7.55
 5.00  5.00  5.01  4.94  4.81  4.71  4.67  4.69  4.80  5.01  5.26  5.48  5.68  5.93  6.20  6.43  6.60  6.73  6.92  7.18  7.51  7.96  8.47  8.78  8.64  8.40  8.28  8.25  8.20  8.32  8.64  9.03  8.93  8.42  8.09  7.81  7.65  7.60  7.64  7.85  7.89  7.76  7.74  7.69  7.62  7.51  7.40  7.41  7.53  7.59
 5.31  5.28  5.28  5.25  5.15  5.02  4.96  5.00  5.14  5.39  5.66  5.87  6.07  6.32  6.66  7.02  7.27  7.41  7.57  7.82  8.22  8.73  9.23  9.50  9.22  8.82  8.43  8.28  8.13  8.11  8.27  8.35  8.09  7.87  7.64  7.56  7.59  7.59  7.60  7.61  7.55  7.50  7.47  7.41  7.38  7.42  7.44  7.44  7.51  7.59
 5.64  5.57  5.56  5.62  5.63  5.52  5.44  5.50  5.68  6.00  6.30  6.53  6.73  7.00  7.35  7.78  8.13  8.31  8.50  8.83  9.36  9.89 10.23 10.79 10.76 10.02  8.74  8.30  8.00  7.80  7.73  7.66  7.47  7.37  7.36  7.47  7.57  7.62  7.60  7.54  7.42  7.36  7.28  7.19  7.15  7.26  7.40  7.44  7.51  7.61
 5.92  5.82  5.83  5.96  6.11  6.11  6.06  6.12  6.40  6.85  7.35  7.72  7.98  8.20  8.52  8.98  9.27  9.34  9.66 10.10 10.43 10.78 11.13 11.43 11.38 10.84  9.03  8.29  7.88  7.61  7.47  7.39  7.25  7.15  7.22  7.38  7.51  7.60  7.63  7.58  7.46  7.34  7.25  7.17  7.11  7.14  7.26  7.38  7.50  7.64
 6.23  6.13  6.15  6.31  6.54  6.69  6.76  6.90  7.31  8.00  8.71  9.37  9.82 10.13 10.55 10.85 10.72 10.55 10.76 10.98 10.70 10.64 10.66 10.21  9.65  9.48  8.65  8.09  7.79  7.57  7.42  7.31  7.18  7.11  7.17  7.30  7.42  7.52  7.60  7.63  7.56  7.44  7.35  7.29  7.21  7.13  7.17  7.29  7.44  7.61
 6.56  6.56  6.62  6.79  7.06  7.34  7.58  7.95  8.60  9.36 10.10 10.98 11.78 12.38 12.87 12.99 12.39 11.78 11.53 11.14 10.21  9.87  9.51  8.97  8.56  8.47  8.17  7.97  7.74  7.50  7.36  7.27  7.19  7.15  7.17  7.25  7.34  7.41  7.49  7.61  7.65  7.60  7.54  7.49  7.38  7.24  7.20  7.27  7.41  7.59
 6.87  7.03  7.22  7.47  7.81  8.20  8.60  9.07  9.72 10.40 11.11 11.95 12.82 13.50 13.85 14.06 13.42 12.32 11.56 10.86  9.82  9.43  8.90  8.49  8.25  8.13  7.98  7.86  7.61  7.36  7.28  7.27  7.25  7.21  7.20  7.25  7.31  7.35  7.40  7.51  7.60  7.66  7.70  7.68  7.54  7.36  7.31  7.35  7.44  7.60
 7.20  7.50  7.82  8.17  8.58  9.02  9.38  9.68 10.12 10.54 11.07 11.78 12.43 12.88 13.00 13.20 12.90 12.04 10.96 10.08  9.38  9.09  8.79  8.53  8.33  8.17  7.99  7.78  7.55  7.35  7.28  7.29  7.29  7.26  7.25  7.28  7.32  7.34  7.37  7.39  7.44  7.58  7.73  7.77  7.63  7.46  7.38  7.41  7.49  7.64
 7.65  7.97  8.35  8.75  9.11  9.38  9.60  9.85 10.20 10.56 10.91 11.29 11.52 11.68 11.83 12.09 12.01 11.56 10.60  9.79  9.28  9.03  8.83  8.59  8.39  8.19  8.00  7.84  7.71  7.58  7.47  7.40  7.36  7.30  7.28  7.31  7.33  7.35  7.35  7.32  7.32  7.48  7.71  7.80  7.68  7.52  7.46  7.49  7.60  7.78
 8.08  8.37  8.72  9.02  9.23  9.40  9.66  9.95 10.20 10.46 10.63 10.66 10.64 10.80 11.13 11.44 11.50 11.20 10.46  9.85  9.42  9.16  8.91  8.61  8.32  8.11  7.98  7.95  7.95  7.90  7.79  7.66  7.54  7.42  7.35  7.35  7.37  7.42  7.43  7.39  7.38  7.52  7.74  7.83  7.73  7.62  7.60  7.64  7.76  7.94
 8.27  8.51  8.73  8.88  9.04  9.30  9.63  9.86 10.01 10.13 10.14 10.02 10.04 10.33 10.67 10.87 10.90 10.69 10.20  9.79  9.45  9.21  8.98  8.65  8.33  8.13  8.04  8.04  8.07  8.04  7.96  7.84  7.69  7.55  7.45  7.41  7.45  7.55  7.63  7.61  7.58  7.66  7.80  7.85  7.78  7.69  7.69  7.75  7.86  8.01
 8.18  8.36  8.49  8.63  8.86  9.15  9.38  9.52  9.58  9.62  9.63  9.62  9.74 10.01 10.23 10.29 10.20  9.98  9.73  9.56  9.32  9.10  8.92  8.68  8.38  8.15  8.06  8.06  8.03  7.96  7.87  7.80  7.69  7.59  7.51  7.47  7.49  7.61  7.72  7.73  7.69  7.75  7.83  7.83  7.74  7.67  7.66  7.73  7.84  7.95
 7.93  8.10  8.26  8.48  8.75  8.96  9.06  9.06  9.07  9.15  9.30  9.45  9.59  9.67  9.66  9.66  9.56  9.33  9.18  9.18  9.07  8.91  8.79  8.64  8.38  8.13  8.00  7.96  7.88  7.77  7.68  7.65  7.61  7.56  7.49  7.43  7.40  7.46  7.55  7.61  7.63  7.69  7.77  7.74  7.63  7.53  7.52  7.60  7.67  7.71
 7.71  7.94  8.18  8.44  8.64  8.72  8.66  8.55  8.60  8.84  9.15  9.38  9.43  9.25  9.02  8.94  8.89  8.76  8.65  8.68  8.69  8.63  8.58  8.49  8.31  8.11  7.94  7.85  7.75  7.62  7.52  7.48  7.47  7.45  7.40  7.32  7.24  7.24  7.32  7.41  7.47  7.54  7.61  7.57  7.42  7.31  7.34  7.40  7.40  7.38
 7.60  7.88  8.17  8.38  8.46  8.41  8.24  8.12  8.28  8.65  9.00  9.16  9.08  8.79  8.57  8.51  8.46  8.33  8.21  8.22  8.28  8.31  8.33  8.29  8.19  8.07  7.91  7.77  7.63  7.47  7.33  7.26  7.29  7.34  7.33  7.23  7.15  7.13  7.19  7.26  7.30  7.34  7.39  7.36  7.24  7.15  7.18  7.22  7.20  7.17
 7.52  7.79  8.03  8.13  8.13  8.08  7.96  7.93  8.14  8.48  8.74  8.77  8.58  8.37  8.31  8.30  8.20  8.05  7.91  7.89  7.96  8.05  8.12  8.12  8.04  7.95  7.82  7.66  7.48  7.29  7.13  7.08  7.14  7.25  7.29  7.23  7.15  7.11  7.14  7.17  7.17  7.18  7.22  7.25  7.20  7.15  7.16  7.17  7.17  7.17
 7.40  7.63  7.79  7.82  7.82  7.86  7.89  7.98  8.15  8.31  8.39  8.30  8.12  8.04  8.09  8.11  8.01  7.86  7.71  7.66  7.72  7.81  7.89  7.90  7.80  7.70  7.61  7.49  7.34  7.15  7.02  7.00  7.07  7.16  7.21  7.21  7.18  7.12  7.08  7.07  7.08  7.09  7.13  7.20  7.23  7.23  7.23  7.19  7.15  7.14
 7.21  7.43  7.58  7.62  7.67  7.80  7.92  8.06  8.15  8.14  8.07  7.93  7.81  7.83  7.88  7.90  7.83  7.69  7.54  7.47  7.49  7.56  7.61  7.59  7.49  7.37  7.30  7.25  7.17  7.07  6.98  6.98  7.03  7.07  7.10  7.16  7.19  7.13  7.03  7.00  7.03  7.05  7.08  7.13  7.18  7.21  7.20  7.14  7.05  7.01
 6.99  7.21  7.38  7.45  7.54  7.69  7.82  7.94  8.00  7.97  7.89  7.75  7.66  7.65  7.66  7.64  7.60  7.50  7.37  7.29  7.28  7.32  7.36  7.33  7.22  7.11  7.05  7.01  6.97  6.98  6.98  6.98  6.99  6.98  7.01  7.08  7.15  7.14  7.07  7.03  7.04  7.06  7.04  7.02  7.05  7.09  7.10  7.08  7.00  6.93
