Raw_GIS_Data/Climate_scenarios_straight/ProcessedData/month_2_rainfall_rcp85.asc
NCOLS 50
NROWS 26
XLLCENTER 512998.000000
YLLCENTER 8407694.000000
CELLSIZE 800.000000
NODATA_value -999.000000
 3.45  3.51  3.60  3.65  3.67  3.70  3.72  3.75  3.78  3.79  3.83  3.86  3.91  4.03  4.16  4.29  4.36  4.36  4.33  4.30  4.30  4.33  4.34  4.36  4.41  4.47  4.53  4.62  4.75  4.88  4.98  5.01  4.93  4.77  4.60  4.50  4.55  4.64  4.64  4.60  4.56  4.53  4.52  4.47  4.41  4.39  4.45  4.44  4.32  4.19
 3.47  3.51  3.57  3.60  3.61  3.67  3.75  3.79  3.77  3.79  3.85  3.91  3.98  4.06  4.13  4.23  4.32  4.32  4.28  4.26  4.27  4.31  4.30  4.26  4.27  4.36  4.48  4.64  4.83  5.02  5.16  5.19  5.11  5.00  4.91  4.84  4.80  4.72  4.60  4.54  4.53  4.52  4.52  4.48  4.37  4.29  4.28  4.25  4.17  4.10
 3.44  3.46  3.51  3.55  3.61  3.71  3.82  3.83  3.77  3.76  3.82  3.89  3.95  3.98  4.00  4.07  4.19  4.27  4.30  4.32  4.33  4.33  4.29  4.23  4.23  4.33  4.52  4.74  4.95  5.15  5.30  5.32  5.25  5.21  5.20  5.13  4.98  4.78  4.62  4.55  4.52  4.48  4.47  4.43  4.32  4.24  4.21  4.19  4.17  4.22
 3.37  3.39  3.45  3.54  3.65  3.77  3.85  3.85  3.79  3.76  3.79  3.82  3.83  3.83  3.84  3.91  4.05  4.23  4.37  4.46  4.51  4.51  4.48  4.44  4.44  4.54  4.73  4.95  5.13  5.31  5.47  5.51  5.51  5.49  5.49  5.39  5.19  4.95  4.74  4.60  4.50  4.43  4.42  4.40  4.35  4.32  4.31  4.29  4.33  4.42
 3.34  3.37  3.45  3.58  3.72  3.81  3.86  3.86  3.84  3.82  3.83  3.82  3.81  3.83  3.86  3.92  4.05  4.28  4.52  4.73  4.89  5.01  5.07  5.12  5.18  5.29  5.39  5.48  5.58  5.75  5.99  5.99  5.91  5.93  5.94  5.74  5.48  5.20  4.95  4.75  4.60  4.51  4.51  4.50  4.47  4.48  4.50  4.49  4.51  4.56
 3.35  3.41  3.53  3.68  3.79  3.84  3.87  3.91  3.92  3.92  3.95  3.97  4.00  4.07  4.14  4.21  4.34  4.57  4.86  5.15  5.44  5.72  5.97  6.23  6.49  6.62  6.60  6.44  6.30  6.46  6.82  6.78  6.53  6.48  6.32  6.07  5.73  5.37  5.13  5.00  4.83  4.68  4.68  4.62  4.53  4.51  4.52  4.51  4.51  4.52
 3.45  3.52  3.67  3.81  3.87  3.89  3.95  4.00  4.04  4.09  4.16  4.24  4.33  4.47  4.60  4.68  4.82  5.03  5.26  5.48  5.74  6.07  6.45  6.87  7.14  7.09  6.94  6.63  6.28  6.40  6.80  7.04  6.97  6.93  6.62  6.19  5.64  5.21  5.02  5.01  4.87  4.69  4.64  4.51  4.38  4.31  4.28  4.28  4.29  4.32
 3.70  3.77  3.90  3.99  4.01  4.05  4.13  4.21  4.28  4.35  4.44  4.54  4.69  4.86  4.98  5.05  5.14  5.26  5.35  5.43  5.56  5.82  6.22  6.55  6.57  6.35  6.16  5.98  5.83  5.96  6.33  6.80  7.02  6.88  6.45  5.81  5.25  4.91  4.71  4.68  4.64  4.50  4.42  4.33  4.23  4.13  4.08  4.07  4.08  4.13
 4.08  4.13  4.21  4.25  4.27  4.33  4.42  4.49  4.55  4.59  4.63  4.74  4.90  5.07  5.18  5.23  5.23  5.23  5.22  5.25  5.34  5.52  5.81  6.07  6.06  6.02  5.89  5.70  5.55  5.55  5.68  5.99  6.22  6.23  5.89  5.36  4.98  4.72  4.55  4.47  4.40  4.32  4.31  4.28  4.21  4.15  4.12  4.07  4.02  4.06
 4.51  4.56  4.61  4.64  4.66  4.70  4.73  4.76  4.77  4.75  4.77  4.87  5.02  5.18  5.31  5.40  5.41  5.31  5.22  5.26  5.41  5.58  5.67  6.07  6.42  6.50  6.02  5.59  5.28  5.09  5.04  5.21  5.46  5.65  5.51  5.18  4.86  4.66  4.53  4.44  4.35  4.32  4.31  4.31  4.30  4.30  4.30  4.23  4.13  4.14
 4.97  5.05  5.12  5.16  5.20  5.18  5.13  5.09  5.06  5.02  5.10  5.31  5.47  5.53  5.59  5.73  5.81  5.66  5.56  5.66  5.76  5.91  6.06  6.53  6.92  7.03  6.14  5.52  5.10  4.86  4.78  4.85  5.06  5.26  5.25  5.03  4.78  4.65  4.57  4.45  4.37  4.36  4.37  4.38  4.40  4.43  4.44  4.39  4.32  4.31
 5.56  5.62  5.71  5.81  5.90  5.93  5.90  5.85  5.83  5.85  5.99  6.27  6.46  6.38  6.34  6.52  6.56  6.32  6.20  6.28  6.14  6.10  6.24  6.27  6.11  6.08  5.64  5.24  4.97  4.83  4.75  4.73  4.79  4.91  4.95  4.86  4.72  4.62  4.54  4.44  4.37  4.37  4.41  4.43  4.44  4.47  4.49  4.47  4.46  4.47
 6.33  6.39  6.47  6.59  6.78  6.99  7.15  7.25  7.33  7.40  7.39  7.54  7.67  7.55  7.46  7.64  7.54  7.13  6.81  6.58  6.01  5.77  5.72  5.53  5.23  5.08  4.92  4.83  4.77  4.74  4.71  4.65  4.62  4.65  4.73  4.75  4.67  4.57  4.48  4.40  4.37  4.38  4.40  4.39  4.39  4.43  4.46  4.47  4.48  4.51
 7.21  7.25  7.32  7.45  7.66  7.91  8.14  8.30  8.39  8.38  8.28  8.32  8.38  8.31  8.17  8.34  8.18  7.51  6.90  6.41  5.66  5.32  5.08  4.88  4.67  4.48  4.40  4.45  4.50  4.56  4.58  4.56  4.52  4.54  4.63  4.69  4.64  4.52  4.42  4.34  4.33  4.36  4.36  4.32  4.34  4.38  4.43  4.45  4.46  4.47
 7.71  7.70  7.74  7.82  7.92  8.00  8.03  8.03  8.00  7.87  7.74  7.82  7.94  7.95  7.85  7.96  7.89  7.32  6.51  5.84  5.25  4.92  4.66  4.48  4.26  4.07  4.02  4.11  4.23  4.32  4.41  4.46  4.47  4.49  4.56  4.62  4.59  4.48  4.38  4.28  4.25  4.30  4.33  4.33  4.35  4.39  4.43  4.47  4.47  4.45
 7.63  7.59  7.59  7.54  7.44  7.29  7.15  7.04  7.00  6.95  6.88  6.94  7.01  7.09  7.15  7.31  7.22  6.72  5.95  5.35  4.94  4.66  4.44  4.23  3.98  3.78  3.73  3.84  4.00  4.12  4.25  4.40  4.47  4.48  4.51  4.56  4.55  4.46  4.36  4.26  4.20  4.24  4.31  4.36  4.36  4.35  4.37  4.42  4.44  4.40
 7.27  7.14  7.00  6.85  6.70  6.53  6.42  6.36  6.30  6.27  6.24  6.24  6.33  6.58  6.85  6.97  6.65  6.01  5.38  4.98  4.69  4.44  4.19  3.98  3.77  3.64  3.62  3.73  3.88  4.01  4.17  4.35  4.47  4.48  4.47  4.49  4.47  4.39  4.30  4.22  4.18  4.22  4.29  4.34  4.32  4.26  4.23  4.26  4.30  4.28
 6.75  6.51  6.32  6.22  6.13  6.06  6.06  6.01  5.90  5.83  5.80  5.87  6.10  6.48  6.77  6.68  6.16  5.53  5.03  4.73  4.49  4.23  3.97  3.78  3.64  3.60  3.64  3.76  3.88  3.98  4.10  4.27  4.41  4.45  4.43  4.39  4.34  4.26  4.19  4.14  4.13  4.19  4.27  4.29  4.27  4.20  4.16  4.18  4.20  4.18
 6.29  6.08  5.93  5.86  5.78  5.76  5.80  5.75  5.69  5.71  5.78  5.97  6.29  6.59  6.62  6.27  5.77  5.27  4.84  4.58  4.34  4.08  3.84  3.65  3.55  3.57  3.67  3.80  3.92  4.00  4.05  4.15  4.28  4.35  4.35  4.29  4.20  4.14  4.10  4.08  4.09  4.15  4.21  4.23  4.22  4.20  4.21  4.22  4.20  4.14
 5.93  5.77  5.66  5.58  5.51  5.52  5.58  5.64  5.76  5.95  6.10  6.30  6.51  6.52  6.21  5.79  5.41  5.01  4.69  4.47  4.22  3.96  3.75  3.57  3.49  3.55  3.65  3.75  3.88  3.99  4.05  4.10  4.20  4.28  4.30  4.24  4.13  4.06  4.04  4.05  4.08  4.14  4.17  4.17  4.19  4.24  4.29  4.29  4.22  4.13
 5.52  5.42  5.40  5.42  5.41  5.44  5.53  5.74  6.02  6.21  6.30  6.38  6.31  6.02  5.63  5.30  5.01  4.74  4.57  4.39  4.13  3.89  3.72  3.56  3.48  3.53  3.59  3.65  3.79  3.97  4.11  4.22  4.31  4.36  4.35  4.25  4.13  4.03  4.00  4.02  4.10  4.18  4.21  4.19  4.20  4.26  4.30  4.26  4.19  4.12
 5.16  5.15  5.26  5.34  5.37  5.42  5.57  5.80  6.02  6.14  6.14  5.99  5.70  5.40  5.13  4.90  4.69  4.55  4.45  4.28  4.04  3.85  3.69  3.54  3.45  3.48  3.55  3.65  3.80  4.00  4.21  4.41  4.53  4.55  4.46  4.29  4.15  4.06  4.02  4.04  4.10  4.15  4.19  4.21  4.21  4.22  4.21  4.18  4.14  4.11
 4.96  5.01  5.12  5.19  5.22  5.30  5.44  5.57  5.72  5.84  5.75  5.43  5.16  4.98  4.79  4.60  4.43  4.36  4.29  4.17  4.02  3.85  3.66  3.49  3.41  3.46  3.56  3.71  3.88  4.07  4.27  4.50  4.67  4.69  4.55  4.35  4.18  4.11  4.09  4.10  4.09  4.05  4.06  4.11  4.13  4.13  4.11  4.10  4.10  4.10
 4.85  4.88  4.92  4.94  4.98  5.07  5.20  5.28  5.39  5.46  5.29  5.01  4.86  4.73  4.54  4.38  4.25  4.21  4.17  4.14  4.05  3.86  3.62  3.45  3.40  3.45  3.56  3.71  3.86  4.02  4.23  4.46  4.63  4.64  4.53  4.36  4.22  4.16  4.15  4.13  4.07  3.99  3.96  3.99  4.01  4.03  4.05  4.06  4.07  4.08
 4.71  4.72  4.68  4.68  4.75  4.89  5.01  5.04  5.06  5.01  4.83  4.71  4.68  4.56  4.35  4.22  4.19  4.17  4.11  4.09  4.03  3.84  3.60  3.45  3.41  3.45  3.53  3.65  3.78  3.92  4.13  4.34  4.48  4.46  4.36  4.26  4.19  4.17  4.17  4.12  4.03  3.97  3.92  3.90  3.91  3.96  4.00  4.01  4.00  4.03
 4.52  4.53  4.46  4.47  4.59  4.73  4.78  4.78  4.72  4.58  4.47  4.50  4.57  4.46  4.26  4.17  4.17  4.14  4.05  4.00  3.95  3.81  3.61  3.48  3.43  3.45  3.54  3.66  3.77  3.90  4.06  4.23  4.32  4.28  4.18  4.10  4.06  4.09  4.12  4.08  4.00  3.94  3.87  3.81  3.82  3.88  3.90  3.89  3.89  3.94
