Raw_GIS_Data/Climate_scenarios_straight/ProcessedData/month_6_rainfall_rcp85.asc
NCOLS 50
NROWS 26
XLLCENTER 512998.000000
YLLCENTER 8407694.000000
CELLSIZE 800.000000
NODATA_value -999.000000
 7.41  7.32  7.35  7.47  7.62  7.73  7.78  7.75  7.64  7.50  7.42  7.37  7.39  7.52  7.65  7.65  7.60  7.60  7.64  7.72  7.81  7.84  7.82  7.82  7.85  7.89  7.94  8.03  8.18  8.37  8.56  8.69  8.77  8.79  8.75  8.71  8.68  8.69  8.72  8.75  8.75  8.72  8.65  8.55  8.48  8.48  8.49  8.45  8.42  8.42
 7.42  7.36  7.38  7.47  7.56  7.64  7.70  7.71  7.64  7.53  7.43  7.38  7.40  7.51  7.62  7.61  7.54  7.55  7.62  7.69  7.75  7.75  7.72  7.76  7.86  7.99  8.10  8.21  8.36  8.57  8.78  8.91  8.97  9.00  9.00  8.96  8.89  8.81  8.73  8.70  8.68  8.63  8.55  8.46  8.43  8.45  8.51  8.52  8.49  8.45
 7.50  7.50  7.51  7.55  7.57  7.60  7.66  7.70  7.68  7.60  7.50  7.45  7.45  7.50  7.56  7.55  7.46  7.43  7.51  7.63  7.73  7.79  7.81  7.87  8.03  8.24  8.42  8.56  8.68  8.83  9.04  9.16  9.18  9.17  9.16  9.11  9.01  8.88  8.75  8.66  8.61  8.54  8.46  8.40  8.35  8.35  8.40  8.47  8.44  8.35
 7.61  7.66  7.67  7.66  7.64  7.62  7.63  7.66  7.67  7.64  7.60  7.57  7.55  7.54  7.55  7.53  7.45  7.38  7.40  7.53  7.72  7.92  8.10  8.28  8.53  8.79  9.04  9.26  9.37  9.39  9.57  9.54  9.46  9.39  9.34  9.12  8.95  8.84  8.75  8.63  8.57  8.54  8.47  8.35  8.25  8.20  8.21  8.23  8.18  8.09
 7.65  7.72  7.74  7.71  7.66  7.61  7.61  7.61  7.62  7.66  7.71  7.73  7.73  7.70  7.66  7.61  7.54  7.49  7.50  7.58  7.78  8.11  8.51  8.92  9.31  9.70 10.02 10.26 10.31 10.38 10.51 10.24  9.91  9.83  9.63  9.27  8.99  8.87  8.81  8.70  8.62  8.63  8.62  8.39  8.16  8.08  8.07  8.02  7.94  7.88
 7.60  7.66  7.69  7.63  7.56  7.54  7.54  7.56  7.59  7.66  7.76  7.86  7.92  7.91  7.86  7.83  7.76  7.73  7.79  7.91  8.11  8.49  9.02  9.61 10.20 10.61 10.91 10.94 10.79 10.97 11.25 11.00 10.55 10.31  9.92  9.63  9.24  9.04  9.04  8.94  8.70  8.67  8.71  8.41  8.10  8.00  8.00  7.98  7.92  7.87
 7.47  7.54  7.57  7.51  7.43  7.40  7.40  7.45  7.52  7.61  7.73  7.88  8.02  8.07  8.12  8.18  8.18  8.16  8.27  8.49  8.77  9.17  9.70 10.31 10.70 10.79 10.79 10.56 10.30 10.55 10.99 11.26 11.13 10.70 10.19  9.72  9.19  8.98  9.00  8.94  8.64  8.52  8.51  8.27  8.06  7.97  7.94  7.93  7.91  7.88
 7.37  7.45  7.49  7.45  7.36  7.29  7.27  7.32  7.41  7.54  7.70  7.89  8.10  8.28  8.48  8.68  8.81  8.88  9.02  9.32  9.74 10.23 10.83 11.27 11.11 10.79 10.37 10.09  9.98 10.22 10.70 11.23 11.14 10.43  9.82  9.33  9.05  8.89  8.72  8.62  8.49  8.32  8.30  8.22  8.09  7.97  7.88  7.83  7.79  7.75
 7.36  7.45  7.52  7.50  7.41  7.31  7.25  7.28  7.39  7.58  7.81  8.07  8.36  8.67  8.97  9.28  9.56  9.78 10.03 10.42 11.02 11.71 12.33 12.68 12.34 11.63 10.65 10.07  9.78  9.83 10.13 10.31 10.02  9.67  9.23  9.03  8.95  8.81  8.60  8.41  8.27  8.27  8.32  8.28  8.13  7.98  7.88  7.74  7.65  7.62
 7.46  7.54  7.60  7.60  7.53  7.45  7.40  7.45  7.64  7.93  8.27  8.65  9.04  9.43  9.76 10.11 10.49 10.78 11.15 11.67 12.38 13.04 13.55 14.19 14.06 12.95 11.03 10.15  9.69  9.55  9.62  9.63  9.43  9.24  9.01  8.84  8.71  8.60  8.42  8.24  8.18  8.25  8.31  8.25  8.03  7.88  7.80  7.67  7.58  7.59
 7.59  7.66  7.72  7.72  7.70  7.71  7.79  7.97  8.27  8.68  9.26  9.86 10.35 10.71 11.12 11.59 11.81 11.86 12.25 12.76 13.16 13.63 14.15 14.45 14.29 13.48 11.22 10.18  9.71  9.53  9.52  9.45  9.31  9.14  8.91  8.65  8.49  8.41  8.29  8.14  8.09  8.14  8.22  8.12  7.85  7.65  7.57  7.54  7.54  7.61
 7.70  7.79  7.86  7.92  7.98  8.11  8.38  8.77  9.26  9.88 10.57 11.37 11.98 12.44 13.10 13.56 13.32 12.98 13.03 13.20 12.99 13.13 13.27 12.74 12.05 11.66 10.60  9.95  9.67  9.58  9.54  9.43  9.25  9.05  8.79  8.55  8.37  8.27  8.18  8.06  8.00  8.04  8.08  7.98  7.72  7.52  7.43  7.42  7.49  7.58
 7.79  7.91  8.03  8.17  8.32  8.56  8.98  9.64 10.46 11.15 11.76 12.56 13.30 13.95 14.69 15.15 14.58 13.67 13.19 12.85 12.08 11.94 11.69 11.13 10.62 10.43 10.05  9.81  9.63  9.48  9.39  9.29  9.10  8.87  8.63  8.43  8.26  8.13  8.04  7.96  7.91  7.93  7.94  7.85  7.67  7.53  7.44  7.39  7.42  7.49
 7.92  8.04  8.22  8.44  8.67  8.97  9.45 10.19 11.08 11.72 12.20 12.75 13.40 14.05 14.62 15.19 14.59 13.33 12.53 12.03 11.15 10.87 10.41 10.08  9.90  9.86  9.80  9.67  9.46  9.23  9.09  9.01  8.89  8.70  8.50  8.34  8.22  8.12  8.02  7.91  7.81  7.78  7.78  7.72  7.63  7.57  7.51  7.41  7.36  7.39
 8.09  8.21  8.41  8.67  8.95  9.25  9.64 10.16 10.76 11.09 11.34 11.75 12.22 12.72 13.04 13.33 12.99 12.22 11.38 10.76 10.20  9.93  9.71  9.58  9.49  9.48  9.48  9.38  9.18  8.98  8.88  8.85  8.78  8.65  8.48  8.34  8.28  8.23  8.13  7.96  7.79  7.71  7.69  7.66  7.62  7.59  7.54  7.43  7.34  7.37
 8.25  8.40  8.60  8.83  9.05  9.24  9.50  9.82 10.16 10.39 10.51 10.75 11.01 11.31 11.51 11.61 11.43 11.14 10.52  9.97  9.59  9.37  9.28  9.20  9.13  9.06  9.01  8.95  8.85  8.75  8.75  8.78  8.76  8.66  8.51  8.36  8.28  8.23  8.16  8.03  7.86  7.73  7.68  7.64  7.62  7.59  7.53  7.44  7.38  7.41
 8.39  8.52  8.68  8.88  9.01  9.10  9.27  9.47  9.65  9.77  9.89 10.07 10.26 10.48 10.65 10.70 10.64 10.48 10.01  9.58  9.23  9.04  8.97  8.89  8.78  8.67  8.60  8.56  8.52  8.51  8.58  8.66  8.68  8.58  8.43  8.28  8.15  8.08  8.04  8.01  7.91  7.77  7.70  7.66  7.63  7.58  7.52  7.46  7.44  7.47
 8.45  8.53  8.63  8.78  8.85  8.87  8.97  9.07  9.15  9.22  9.35  9.57  9.81 10.04 10.17 10.18 10.13 10.00  9.68  9.32  9.00  8.83  8.77  8.67  8.51  8.36  8.32  8.30  8.26  8.30  8.39  8.49  8.49  8.38  8.25  8.12  8.00  7.92  7.89  7.93  7.88  7.74  7.69  7.67  7.62  7.56  7.50  7.46  7.45  7.42
 8.37  8.41  8.46  8.51  8.53  8.56  8.63  8.69  8.75  8.82  8.94  9.15  9.42  9.64  9.71  9.69  9.61  9.46  9.24  8.99  8.76  8.65  8.61  8.53  8.37  8.20  8.15  8.14  8.13  8.19  8.27  8.33  8.30  8.20  8.08  7.98  7.90  7.82  7.81  7.84  7.80  7.68  7.61  7.58  7.54  7.50  7.47  7.42  7.36  7.29
 8.10  8.13  8.15  8.13  8.15  8.23  8.32  8.41  8.50  8.58  8.64  8.76  8.96  9.12  9.15  9.13  9.09  8.91  8.71  8.58  8.51  8.51  8.53  8.48  8.35  8.19  8.07  8.01  8.04  8.16  8.22  8.21  8.17  8.09  7.97  7.85  7.79  7.76  7.78  7.79  7.74  7.64  7.53  7.46  7.43  7.42  7.41  7.34  7.24  7.16
 7.77  7.78  7.79  7.76  7.78  7.88  8.02  8.15  8.25  8.30  8.34  8.42  8.53  8.66  8.68  8.63  8.59  8.45  8.29  8.27  8.36  8.48  8.53  8.48  8.35  8.19  8.03  7.91  7.93  8.06  8.15  8.15  8.10  8.00  7.86  7.75  7.71  7.70  7.74  7.76  7.70  7.60  7.45  7.32  7.27  7.27  7.27  7.21  7.12  7.04
 7.43  7.42  7.45  7.48  7.53  7.61  7.73  7.88  7.99  8.02  8.06  8.16  8.28  8.38  8.40  8.36  8.31  8.21  8.12  8.17  8.30  8.45  8.52  8.45  8.27  8.09  7.94  7.83  7.83  7.94  8.04  8.06  8.00  7.89  7.77  7.68  7.62  7.61  7.67  7.72  7.66  7.52  7.36  7.22  7.13  7.10  7.08  7.05  6.99  6.93
 7.16  7.16  7.23  7.31  7.36  7.40  7.49  7.63  7.75  7.80  7.85  7.96  8.08  8.10  8.08  8.06  8.03  8.03  8.07  8.12  8.21  8.35  8.43  8.36  8.15  7.97  7.87  7.83  7.83  7.89  7.94  7.92  7.85  7.75  7.67  7.60  7.51  7.47  7.51  7.56  7.53  7.42  7.30  7.17  7.05  6.96  6.93  6.91  6.87  6.86
 7.09  7.08  7.13  7.18  7.19  7.20  7.28  7.42  7.54  7.65  7.77  7.88  7.89  7.81  7.74  7.73  7.76  7.86  7.96  8.01  8.09  8.24  8.32  8.23  8.03  7.87  7.80  7.80  7.82  7.86  7.86  7.80  7.71  7.63  7.57  7.51  7.42  7.34  7.32  7.34  7.34  7.32  7.26  7.15  7.01  6.89  6.82  6.78  6.75  6.77
 7.13  7.08  7.04  7.03  7.00  6.98  7.03  7.17  7.34  7.51  7.68  7.76  7.67  7.50  7.41  7.41  7.51  7.66  7.78  7.85  7.93  8.08  8.17  8.09  7.92  7.77  7.68  7.68  7.72  7.76  7.74  7.68  7.60  7.53  7.47  7.43  7.37  7.29  7.22  7.17  7.17  7.21  7.22  7.15  7.03  6.90  6.76  6.66  6.61  6.63
 7.08  6.98  6.88  6.83  6.80  6.78  6.80  6.92  7.10  7.27  7.41  7.48  7.40  7.24  7.13  7.13  7.22  7.38  7.53  7.63  7.72  7.86  7.97  7.96  7.84  7.67  7.56  7.56  7.60  7.60  7.56  7.51  7.49  7.45  7.41  7.37  7.34  7.28  7.21  7.12  7.09  7.15  7.22  7.23  7.16  7.03  6.84  6.67  6.57  6.56
