Raw_GIS_Data/Climate_scenarios_straight/ProcessedData/month_3_rainfall_present.asc
NCOLS 50
NROWS 26
XLLCENTER 512998.000000
YLLCENTER 8407694.000000
CELLSIZE 800.000000
NODATA_value -999.000000
 5.47  5.43  5.35  5.22  5.10  5.02  4.97  4.98  5.08  5.20  5.23  5.19  5.15  5.14  5.16  5.24  5.34  5.31  5.24  5.33  5.43  5.47  5.50  5.55  5.59  5.59  5.58  5.58  5.60  5.63  5.61  5.51  5.51  5.57  5.55  5.48  5.47  5.54  5.60  5.62  5.62  5.69  5.76  5.74  5.73  5.77  5.74  5.63  5.54  5.49
 5.42  5.36  5.32  5.21  5.06  4.97  4.98  5.01  5.06  5.10  5.11  5.11  5.13  5.17  5.22  5.33  5.45  5.42  5.40  5.55  5.69  5.70  5.68  5.71  5.81  5.90  5.93  5.92  5.91  5.94  5.92  5.82  5.74  5.67  5.58  5.52  5.56  5.69  5.79  5.80  5.76  5.80  5.90  5.94  5.96  5.91  5.74  5.56  5.42  5.33
 5.44  5.36  5.33  5.25  5.09  4.98  4.98  5.03  5.06  5.04  5.04  5.07  5.14  5.21  5.28  5.43  5.60  5.62  5.64  5.81  5.95  5.96  5.91  5.93  6.07  6.22  6.24  6.21  6.24  6.28  6.23  6.15  6.05  5.91  5.77  5.73  5.80  5.92  6.02  6.05  5.98  5.95  5.99  6.03  6.06  5.98  5.80  5.60  5.40  5.25
 5.52  5.42  5.38  5.33  5.20  5.08  5.05  5.07  5.09  5.06  5.04  5.05  5.11  5.21  5.32  5.50  5.70  5.78  5.83  6.03  6.20  6.26  6.26  6.32  6.49  6.65  6.70  6.73  6.79  6.76  6.71  6.59  6.48  6.35  6.20  6.09  6.12  6.23  6.32  6.35  6.26  6.15  6.10  6.08  6.07  6.02  5.91  5.73  5.51  5.31
 5.61  5.47  5.42  5.41  5.39  5.30  5.20  5.15  5.12  5.10  5.07  5.06  5.13  5.22  5.37  5.58  5.78  5.88  5.99  6.21  6.45  6.63  6.80  7.00  7.26  7.52  7.72  7.84  7.82  7.69  7.69  7.41  7.08  6.97  6.86  6.63  6.55  6.61  6.69  6.68  6.53  6.39  6.35  6.28  6.21  6.16  6.07  5.91  5.69  5.52
 5.64  5.51  5.45  5.48  5.55  5.52  5.40  5.28  5.21  5.19  5.18  5.18  5.25  5.36  5.56  5.81  6.00  6.09  6.22  6.46  6.71  7.00  7.34  7.71  8.16  8.67  9.09  9.13  8.74  8.49  8.59  8.31  7.74  7.56  7.37  7.25  7.13  7.02  7.02  6.96  6.77  6.66  6.71  6.64  6.44  6.32  6.24  6.09  5.89  5.73
 5.67  5.58  5.52  5.57  5.68  5.70  5.61  5.49  5.41  5.39  5.42  5.44  5.50  5.63  5.86  6.15  6.33  6.37  6.44  6.63  6.82  7.09  7.48  7.93  8.40  8.81  9.19  9.08  8.41  8.08  8.19  8.29  8.13  7.99  7.81  7.70  7.39  7.09  7.07  7.13  6.99  6.87  6.92  6.82  6.55  6.37  6.31  6.21  6.02  5.84
 5.75  5.70  5.67  5.73  5.84  5.90  5.86  5.79  5.74  5.72  5.74  5.76  5.79  5.90  6.15  6.46  6.63  6.61  6.60  6.72  6.83  7.03  7.45  7.95  8.24  8.36  8.45  8.30  7.89  7.63  7.70  8.13  8.36  8.17  7.84  7.47  7.11  6.92  6.95  7.07  7.05  6.90  6.82  6.69  6.47  6.32  6.25  6.19  6.06  5.90
 5.92  5.91  5.97  6.05  6.15  6.21  6.21  6.16  6.13  6.12  6.12  6.12  6.12  6.21  6.44  6.75  6.94  6.94  6.89  6.97  7.11  7.31  7.73  8.40  8.76  8.86  8.69  8.33  7.91  7.58  7.47  7.64  7.68  7.53  7.16  6.82  6.66  6.67  6.75  6.80  6.77  6.64  6.53  6.43  6.30  6.22  6.16  6.09  6.01  5.91
 6.17  6.20  6.34  6.52  6.63  6.67  6.69  6.67  6.67  6.68  6.70  6.79  6.83  6.86  7.03  7.37  7.62  7.61  7.52  7.59  7.83  8.13  8.43  9.33  9.98  9.97  9.16  8.47  7.90  7.47  7.18  7.03  6.85  6.74  6.57  6.45  6.43  6.46  6.48  6.47  6.39  6.29  6.21  6.17  6.13  6.09  6.04  5.96  5.92  5.90
 6.57  6.59  6.72  6.95  7.14  7.23  7.30  7.40  7.51  7.60  7.78  8.10  8.26  8.17  8.23  8.72  9.10  8.85  8.59  8.71  8.84  9.12  9.63 10.47 10.77 10.55  9.27  8.30  7.64  7.21  6.93  6.67  6.43  6.29  6.29  6.36  6.40  6.38  6.31  6.22  6.11  6.01  5.97  5.95  5.92  5.89  5.85  5.82  5.82  5.84
 6.91  6.93  7.03  7.27  7.58  7.83  8.03  8.33  8.71  9.05  9.40  9.93 10.27 10.15 10.22 10.84 11.18 10.62 10.09 10.06  9.77  9.76 10.22 10.31  9.75  9.38  8.57  7.74  7.18  6.88  6.71  6.51  6.28  6.14  6.16  6.26  6.30  6.25  6.16  6.03  5.88  5.81  5.81  5.77  5.69  5.66  5.68  5.70  5.74  5.77
 7.10  7.15  7.29  7.57  7.95  8.35  8.73  9.27 10.00 10.57 10.84 11.33 11.85 12.05 12.28 12.83 12.88 12.19 11.48 11.04 10.07  9.55  9.47  9.09  8.44  8.11  7.67  7.14  6.77  6.61  6.58  6.49  6.34  6.21  6.13  6.10  6.08  6.05  5.99  5.88  5.75  5.66  5.66  5.60  5.49  5.46  5.51  5.58  5.65  5.72
 7.32  7.44  7.65  7.92  8.27  8.66  9.10  9.77 10.58 11.06 11.26 11.61 12.09 12.63 13.15 13.80 13.67 12.78 11.98 11.33 10.01  9.07  8.50  8.06  7.60  7.25  6.97  6.70  6.51  6.47  6.49  6.47  6.40  6.31  6.17  6.03  5.94  5.93  5.91  5.86  5.76  5.64  5.55  5.44  5.34  5.29  5.31  5.39  5.50  5.66
 7.65  7.82  8.02  8.21  8.43  8.71  9.05  9.54 10.05 10.22 10.26 10.61 11.16 11.90 12.69 13.40 13.23 12.38 11.55 10.78  9.60  8.59  7.96  7.55  7.13  6.77  6.56  6.40  6.29  6.29  6.30  6.25  6.20  6.16  6.10  5.98  5.88  5.86  5.89  5.88  5.81  5.70  5.54  5.35  5.23  5.15  5.14  5.19  5.32  5.53
 7.96  8.02  8.09  8.17  8.28  8.42  8.60  8.83  9.09  9.17  9.24  9.64 10.16 10.81 11.55 12.17 12.07 11.50 10.74  9.91  9.01  8.23  7.70  7.28  6.90  6.59  6.39  6.24  6.11  6.04  5.99  5.93  5.88  5.89  5.90  5.84  5.76  5.77  5.85  5.89  5.83  5.72  5.55  5.33  5.18  5.09  5.06  5.08  5.17  5.37
 8.05  7.94  7.92  7.96  7.96  7.94  7.99  8.16  8.39  8.55  8.69  8.99  9.38  9.94 10.55 11.06 11.07 10.61  9.80  9.04  8.43  7.94  7.52  7.12  6.79  6.53  6.32  6.18  6.05  5.91  5.80  5.72  5.69  5.70  5.73  5.72  5.66  5.66  5.75  5.80  5.76  5.66  5.53  5.35  5.21  5.14  5.10  5.08  5.11  5.26
 8.02  7.81  7.70  7.64  7.53  7.43  7.48  7.69  7.96  8.16  8.31  8.46  8.77  9.31  9.87 10.23 10.15  9.66  8.94  8.32  7.93  7.62  7.27  6.95  6.69  6.48  6.31  6.19  6.07  5.95  5.81  5.69  5.66  5.69  5.71  5.72  5.68  5.63  5.62  5.62  5.58  5.50  5.41  5.30  5.22  5.19  5.16  5.12  5.10  5.19
 7.94  7.61  7.35  7.20  7.10  7.08  7.20  7.42  7.65  7.80  7.88  7.96  8.24  8.76  9.29  9.51  9.30  8.81  8.29  7.86  7.55  7.26  6.97  6.76  6.58  6.44  6.33  6.20  6.07  5.99  5.91  5.82  5.79  5.80  5.79  5.77  5.74  5.66  5.54  5.44  5.37  5.31  5.26  5.22  5.21  5.21  5.20  5.16  5.11  5.12
 7.69  7.30  7.02  6.93  6.95  7.03  7.16  7.33  7.49  7.55  7.52  7.59  7.88  8.38  8.87  9.01  8.73  8.25  7.85  7.54  7.22  6.90  6.64  6.48  6.37  6.33  6.28  6.15  6.00  5.93  5.94  5.96  5.93  5.87  5.82  5.77  5.73  5.66  5.52  5.37  5.25  5.19  5.17  5.20  5.25  5.29  5.26  5.19  5.13  5.11
 7.34  7.01  6.86  6.89  7.03  7.16  7.24  7.32  7.40  7.39  7.37  7.46  7.76  8.17  8.49  8.51  8.18  7.74  7.44  7.16  6.83  6.54  6.33  6.16  6.07  6.10  6.15  6.07  5.93  5.85  5.86  5.90  5.89  5.85  5.85  5.78  5.67  5.60  5.53  5.38  5.21  5.14  5.18  5.25  5.34  5.38  5.33  5.24  5.18  5.18
 6.99  6.77  6.76  6.92  7.13  7.23  7.21  7.19  7.23  7.30  7.36  7.45  7.64  7.84  7.93  7.86  7.60  7.26  6.98  6.72  6.44  6.23  6.07  5.93  5.85  5.88  5.97  5.99  5.90  5.79  5.71  5.67  5.68  5.75  5.84  5.81  5.68  5.59  5.56  5.44  5.25  5.17  5.22  5.33  5.40  5.42  5.38  5.28  5.23  5.25
 6.73  6.63  6.72  6.91  7.06  7.07  7.00  6.95  6.99  7.12  7.25  7.30  7.34  7.37  7.35  7.28  7.10  6.82  6.59  6.36  6.18  6.04  5.90  5.77  5.72  5.73  5.82  5.90  5.87  5.76  5.61  5.50  5.49  5.61  5.79  5.84  5.74  5.65  5.61  5.50  5.32  5.21  5.24  5.34  5.40  5.42  5.37  5.28  5.23  5.26
 6.57  6.57  6.67  6.76  6.77  6.76  6.75  6.72  6.74  6.86  6.98  6.98  6.99  7.03  7.03  6.94  6.70  6.42  6.24  6.09  6.03  5.97  5.85  5.71  5.64  5.65  5.70  5.78  5.77  5.70  5.62  5.52  5.47  5.54  5.73  5.86  5.85  5.78  5.69  5.50  5.31  5.20  5.22  5.31  5.37  5.37  5.32  5.25  5.23  5.29
 6.51  6.57  6.58  6.54  6.51  6.53  6.55  6.55  6.59  6.71  6.78  6.74  6.75  6.85  6.86  6.69  6.33  6.02  5.88  5.85  5.90  5.94  5.88  5.75  5.64  5.58  5.59  5.63  5.62  5.58  5.61  5.63  5.58  5.58  5.72  5.88  5.92  5.87  5.70  5.45  5.24  5.17  5.21  5.29  5.35  5.37  5.34  5.32  5.33  5.39
 6.59  6.61  6.52  6.44  6.44  6.44  6.43  6.47  6.56  6.69  6.71  6.63  6.63  6.71  6.66  6.41  6.02  5.71  5.60  5.67  5.81  5.89  5.87  5.77  5.63  5.50  5.48  5.51  5.49  5.49  5.57  5.65  5.64  5.64  5.73  5.85  5.91  5.85  5.66  5.42  5.24  5.19  5.20  5.26  5.36  5.43  5.47  5.49  5.51  5.53
