Raw_GIS_Data/Climate_scenarios_straight/ProcessedData/month_1_rainfall_rcp85.asc
NCOLS 50
NROWS 26
XLLCENTER 512998.000000
YLLCENTER 8407694.000000
CELLSIZE 800.000000
NODATA_value -999.000000
 4.72  4.87  4.91  4.87  4.78  4.68  4.67  4.72  4.78  4.85  4.92  4.96  4.97  4.94  4.85  4.82  4.97  5.21  5.37  5.42  5.46  5.51  5.52  5.50  5.56  5.75  5.99  6.09  5.98  5.85  5.77  5.72  5.68  5.65  5.62  5.59  5.54  5.49  5.47  5.48  5.52  5.61  5.76  5.93  6.09  6.21  6.24  6.18  6.13  6.14
 4.64  4.78  4.86  4.83  4.73  4.66  4.66  4.71  4.83  4.96  5.03  5.04  5.04  5.02  4.93  4.87  5.00  5.24  5.43  5.51  5.56  5.62  5.62  5.59  5.63  5.79  6.02  6.14  6.06  5.93  5.89  5.87  5.86  5.82  5.76  5.69  5.65  5.62  5.59  5.56  5.57  5.63  5.75  5.95  6.17  6.30  6.32  6.28  6.23  6.22
 4.55  4.69  4.77  4.75  4.66  4.62  4.64  4.69  4.83  5.00  5.06  5.05  5.05  5.03  4.93  4.85  4.96  5.21  5.46  5.65  5.78  5.84  5.84  5.80  5.79  5.89  6.09  6.23  6.18  6.01  5.93  5.94  5.94  5.90  5.81  5.75  5.74  5.78  5.78  5.76  5.77  5.78  5.85  6.04  6.24  6.34  6.34  6.33  6.32  6.28
 4.54  4.67  4.72  4.69  4.61  4.58  4.61  4.69  4.86  5.02  5.06  5.04  5.06  5.06  4.98  4.92  5.00  5.23  5.50  5.75  5.96  6.08  6.14  6.14  6.12  6.17  6.33  6.52  6.52  6.31  6.15  6.07  6.07  6.05  5.99  5.87  5.87  5.98  6.05  6.06  6.05  6.05  6.08  6.18  6.29  6.33  6.29  6.27  6.28  6.26
 4.59  4.68  4.69  4.66  4.62  4.62  4.67  4.75  4.92  5.07  5.09  5.06  5.08  5.12  5.12  5.09  5.16  5.37  5.64  5.89  6.15  6.36  6.51  6.59  6.63  6.75  6.96  7.19  7.24  7.09  6.93  6.60  6.40  6.43  6.39  6.19  6.15  6.27  6.40  6.39  6.31  6.29  6.35  6.35  6.35  6.34  6.28  6.21  6.20  6.22
 4.69  4.73  4.71  4.68  4.70  4.74  4.76  4.82  4.96  5.10  5.17  5.17  5.17  5.23  5.29  5.33  5.42  5.60  5.85  6.12  6.43  6.72  6.93  7.06  7.21  7.47  7.77  7.88  7.79  7.74  7.71  7.31  6.91  6.84  6.69  6.57  6.44  6.46  6.61  6.62  6.41  6.35  6.47  6.42  6.31  6.29  6.24  6.13  6.09  6.13
 4.77  4.80  4.78  4.74  4.77  4.81  4.81  4.84  4.96  5.14  5.30  5.35  5.35  5.39  5.48  5.57  5.67  5.81  6.01  6.25  6.55  6.83  7.01  7.13  7.24  7.38  7.58  7.49  7.21  7.23  7.36  7.40  7.29  7.17  6.87  6.61  6.29  6.22  6.41  6.51  6.30  6.15  6.19  6.11  6.01  6.03  6.06  6.00  5.94  5.98
 4.86  4.86  4.85  4.82  4.83  4.85  4.85  4.90  5.05  5.27  5.48  5.59  5.58  5.57  5.63  5.71  5.78  5.88  6.02  6.21  6.46  6.67  6.81  6.86  6.77  6.68  6.68  6.65  6.58  6.66  6.88  7.24  7.31  7.00  6.59  6.14  5.84  5.82  5.99  6.17  6.09  5.88  5.79  5.71  5.69  5.80  5.92  5.91  5.86  5.86
 5.01  4.97  4.93  4.91  4.91  4.94  4.97  5.07  5.26  5.51  5.74  5.89  5.90  5.82  5.78  5.79  5.84  5.95  6.11  6.34  6.59  6.78  6.88  6.97  6.84  6.68  6.50  6.38  6.28  6.27  6.41  6.60  6.52  6.30  5.96  5.66  5.48  5.49  5.67  5.83  5.82  5.70  5.61  5.53  5.56  5.73  5.88  5.88  5.83  5.82
 5.29  5.18  5.11  5.06  5.04  5.08  5.18  5.32  5.55  5.85  6.13  6.35  6.41  6.33  6.19  6.13  6.19  6.31  6.53  6.83  7.15  7.33  7.36  7.71  7.84  7.50  6.74  6.34  6.03  5.88  5.89  5.97  5.92  5.80  5.59  5.43  5.32  5.32  5.42  5.53  5.57  5.57  5.55  5.54  5.58  5.71  5.81  5.80  5.78  5.80
 5.69  5.55  5.45  5.36  5.31  5.33  5.49  5.70  6.00  6.41  6.88  7.28  7.45  7.36  7.16  7.09  7.11  7.08  7.29  7.65  7.89  8.06  8.23  8.61  8.70  8.36  7.06  6.35  5.88  5.62  5.56  5.60  5.63  5.57  5.45  5.36  5.32  5.30  5.27  5.27  5.35  5.44  5.51  5.57  5.62  5.66  5.69  5.69  5.68  5.72
 6.04  6.01  5.95  5.88  5.84  5.88  6.09  6.43  6.87  7.52  8.26  8.91  9.18  9.02  8.83  8.76  8.47  8.09  8.12  8.41  8.36  8.40  8.52  8.30  7.80  7.47  6.69  6.08  5.71  5.51  5.43  5.43  5.45  5.45  5.40  5.35  5.32  5.26  5.13  5.05  5.13  5.29  5.45  5.56  5.58  5.60  5.62  5.63  5.64  5.68
 6.45  6.52  6.56  6.61  6.74  6.92  7.19  7.65  8.32  9.11  9.87 10.56 10.90 10.78 10.58 10.38  9.70  8.98  8.76  8.66  8.12  8.00  7.94  7.49  6.84  6.49  6.10  5.79  5.62  5.53  5.49  5.46  5.43  5.41  5.42  5.40  5.32  5.19  5.03  4.92  4.97  5.14  5.38  5.54  5.57  5.57  5.61  5.65  5.66  5.70
 7.08  7.20  7.34  7.55  7.85  8.17  8.53  9.07  9.78 10.44 11.00 11.43 11.67 11.62 11.33 11.06 10.25  9.29  8.81  8.40  7.67  7.47  7.29  6.92  6.41  6.06  5.84  5.70  5.65  5.66  5.67  5.63  5.54  5.49  5.53  5.54  5.42  5.24  5.06  4.93  4.92  5.05  5.29  5.49  5.56  5.57  5.60  5.65  5.68  5.70
 7.95  8.10  8.29  8.55  8.84  9.10  9.35  9.71 10.14 10.42 10.64 10.90 11.09 11.22 11.10 10.81  9.99  9.05  8.31  7.77  7.21  6.96  6.82  6.61  6.29  5.98  5.78  5.70  5.70  5.75  5.78  5.73  5.63  5.61  5.68  5.70  5.61  5.44  5.24  5.06  4.97  5.02  5.19  5.37  5.45  5.50  5.56  5.63  5.67  5.68
 8.58  8.75  8.91  9.01  9.04  9.01  9.01  9.11  9.30  9.45  9.56  9.80 10.06 10.34 10.34  9.98  9.30  8.67  7.99  7.48  7.03  6.65  6.42  6.31  6.17  5.94  5.77  5.71  5.72  5.74  5.73  5.67  5.60  5.63  5.72  5.79  5.80  5.70  5.47  5.24  5.11  5.08  5.15  5.25  5.31  5.39  5.50  5.60  5.64  5.64
 8.77  8.84  8.80  8.65  8.51  8.41  8.33  8.35  8.48  8.63  8.75  8.99  9.27  9.48  9.37  9.06  8.74  8.41  7.82  7.33  6.91  6.48  6.17  6.05  5.99  5.85  5.71  5.64  5.63  5.60  5.55  5.51  5.49  5.53  5.64  5.74  5.83  5.83  5.63  5.43  5.33  5.27  5.27  5.29  5.30  5.35  5.45  5.53  5.55  5.55
 8.71  8.58  8.40  8.24  8.18  8.11  8.00  8.02  8.14  8.20  8.17  8.27  8.48  8.57  8.50  8.43  8.37  8.05  7.42  6.91  6.57  6.24  5.99  5.90  5.85  5.74  5.61  5.51  5.42  5.35  5.31  5.32  5.35  5.39  5.47  5.56  5.67  5.74  5.68  5.60  5.59  5.56  5.50  5.45  5.41  5.43  5.48  5.52  5.51  5.49
 8.57  8.38  8.24  8.15  8.09  7.98  7.87  7.87  7.91  7.83  7.64  7.59  7.66  7.71  7.79  7.94  7.88  7.43  6.79  6.35  6.11  5.90  5.76  5.75  5.74  5.65  5.53  5.39  5.24  5.13  5.12  5.17  5.22  5.29  5.36  5.43  5.51  5.61  5.67  5.74  5.81  5.80  5.72  5.59  5.52  5.53  5.55  5.58  5.56  5.52
 8.45  8.24  8.08  7.98  7.89  7.77  7.67  7.64  7.58  7.39  7.15  6.99  6.95  7.02  7.21  7.41  7.29  6.77  6.21  5.91  5.75  5.61  5.54  5.59  5.64  5.57  5.42  5.26  5.10  5.00  5.03  5.10  5.15  5.23  5.34  5.44  5.52  5.62  5.75  5.90  5.98  5.95  5.85  5.69  5.57  5.58  5.59  5.60  5.58  5.56
 8.17  7.91  7.74  7.63  7.53  7.43  7.38  7.37  7.26  7.04  6.76  6.51  6.44  6.52  6.66  6.74  6.64  6.29  5.86  5.61  5.48  5.39  5.39  5.50  5.57  5.48  5.30  5.13  4.98  4.93  4.99  5.08  5.12  5.19  5.34  5.49  5.61  5.71  5.88  6.06  6.11  6.06  5.96  5.80  5.64  5.55  5.50  5.46  5.45  5.46
 7.81  7.58  7.43  7.31  7.21  7.15  7.13  7.13  7.05  6.82  6.47  6.19  6.11  6.14  6.16  6.16  6.16  6.04  5.73  5.47  5.30  5.21  5.22  5.33  5.42  5.36  5.18  5.02  4.91  4.89  4.98  5.08  5.11  5.17  5.30  5.46  5.61  5.74  5.90  6.04  6.07  6.04  5.97  5.86  5.68  5.49  5.33  5.23  5.22  5.26
 7.46  7.30  7.13  7.01  6.98  6.96  6.93  6.89  6.82  6.60  6.24  5.96  5.85  5.79  5.74  5.75  5.84  5.86  5.66  5.39  5.17  5.04  5.01  5.09  5.19  5.20  5.09  4.98  4.92  4.93  5.02  5.09  5.11  5.13  5.21  5.34  5.49  5.64  5.75  5.80  5.80  5.81  5.81  5.74  5.61  5.43  5.22  5.07  5.02  5.05
 7.08  6.92  6.76  6.68  6.70  6.72  6.66  6.57  6.49  6.32  6.03  5.76  5.60  5.47  5.40  5.46  5.60  5.66  5.52  5.26  5.06  4.95  4.91  4.95  5.06  5.11  5.05  4.97  4.94  4.97  5.04  5.06  5.04  5.04  5.08  5.20  5.33  5.45  5.50  5.48  5.46  5.48  5.52  5.51  5.44  5.31  5.13  4.99  4.91  4.94
 6.69  6.54  6.41  6.36  6.35  6.34  6.29  6.20  6.13  6.04  5.84  5.60  5.39  5.22  5.14  5.22  5.37  5.46  5.38  5.18  5.03  4.95  4.91  4.92  4.99  5.04  4.99  4.90  4.87  4.90  4.96  4.97  4.94  4.92  4.95  5.05  5.17  5.27  5.28  5.23  5.20  5.21  5.25  5.30  5.27  5.15  5.00  4.92  4.88  4.92
 6.35  6.20  6.07  5.99  5.95  5.93  5.91  5.89  5.87  5.82  5.67  5.44  5.22  5.05  4.98  5.06  5.19  5.30  5.28  5.15  5.05  4.98  4.91  4.86  4.88  4.88  4.83  4.76  4.71  4.74  4.83  4.88  4.88  4.86  4.86  4.92  5.05  5.14  5.13  5.07  5.03  5.01  5.05  5.13  5.15  5.05  4.92  4.87  4.90  4.95
