Raw_GIS_Data/Climate_scenarios_straight/ProcessedData/month_5_rainfall_present.asc
NCOLS 50
NROWS 26
XLLCENTER 512998.000000
YLLCENTER 8407694.000000
CELLSIZE 800.000000
NODATA_value -999.000000
 3.91  3.95  3.99  4.00  4.01  4.07  4.17  4.25  4.34  4.44  4.54  4.62  4.63  4.57  4.52  4.48  4.46  4.48  4.56  4.67  4.73  4.77  4.86  4.97  5.06  5.06  4.94  4.79  4.75  4.80  4.82  4.82  4.82  4.81  4.78  4.71  4.63  4.56  4.48  4.41  4.40  4.43  4.46  4.48  4.53  4.53  4.49  4.49  4.56  4.65
 3.96  3.94  3.92  3.90  3.90  4.00  4.14  4.25  4.35  4.46  4.53  4.56  4.56  4.58  4.61  4.63  4.65  4.69  4.76  4.83  4.83  4.82  4.89  5.00  5.08  5.10  5.02  4.90  4.89  4.97  5.04  5.07  5.06  5.04  5.00  4.89  4.76  4.63  4.51  4.46  4.48  4.52  4.55  4.57  4.58  4.54  4.47  4.44  4.49  4.60
 4.09  4.01  3.94  3.91  3.91  4.00  4.12  4.23  4.33  4.42  4.47  4.48  4.53  4.62  4.72  4.78  4.82  4.86  4.92  4.97  4.96  4.98  5.05  5.14  5.20  5.22  5.19  5.16  5.17  5.25  5.32  5.32  5.28  5.24  5.18  5.07  4.91  4.76  4.67  4.66  4.68  4.71  4.71  4.69  4.63  4.54  4.45  4.42  4.46  4.53
 4.27  4.15  4.07  4.05  4.05  4.12  4.20  4.27  4.36  4.42  4.47  4.52  4.60  4.72  4.82  4.89  4.94  4.97  5.01  5.07  5.13  5.21  5.33  5.46  5.53  5.55  5.59  5.62  5.65  5.67  5.72  5.62  5.51  5.42  5.39  5.27  5.14  5.03  4.94  4.89  4.87  4.88  4.88  4.83  4.72  4.58  4.47  4.44  4.44  4.44
 4.34  4.23  4.22  4.24  4.25  4.28  4.32  4.39  4.47  4.51  4.55  4.63  4.71  4.81  4.90  4.97  5.04  5.08  5.14  5.25  5.40  5.57  5.78  6.01  6.16  6.24  6.33  6.41  6.42  6.43  6.41  6.18  5.94  5.85  5.75  5.59  5.49  5.35  5.19  5.07  5.02  5.05  5.10  5.04  4.88  4.72  4.59  4.51  4.45  4.35
 4.36  4.30  4.33  4.37  4.38  4.38  4.43  4.52  4.59  4.61  4.65  4.73  4.81  4.89  4.98  5.09  5.19  5.26  5.36  5.54  5.79  6.05  6.36  6.73  7.03  7.13  7.20  7.23  7.19  7.26  7.22  6.88  6.53  6.37  6.12  6.03  5.84  5.57  5.40  5.30  5.19  5.20  5.28  5.19  5.03  4.89  4.74  4.60  4.47  4.33
 4.42  4.41  4.44  4.44  4.44  4.47  4.55  4.65  4.70  4.71  4.74  4.83  4.89  4.97  5.12  5.29  5.43  5.51  5.63  5.84  6.12  6.43  6.79  7.25  7.57  7.55  7.45  7.29  7.15  7.23  7.26  7.20  6.97  6.70  6.43  6.20  5.81  5.54  5.50  5.50  5.34  5.22  5.21  5.11  5.02  4.94  4.84  4.71  4.55  4.38
 4.52  4.53  4.54  4.54  4.57  4.62  4.71  4.81  4.87  4.87  4.88  4.94  5.00  5.11  5.32  5.57  5.75  5.87  5.98  6.17  6.41  6.71  7.13  7.57  7.69  7.58  7.37  7.15  7.02  7.03  7.15  7.36  7.21  6.70  6.30  5.91  5.59  5.46  5.45  5.46  5.33  5.10  4.99  4.93  4.90  4.90  4.88  4.83  4.69  4.51
 4.65  4.65  4.68  4.71  4.75  4.81  4.89  4.98  5.03  5.03  5.05  5.10  5.21  5.39  5.66  5.93  6.14  6.32  6.49  6.71  6.98  7.31  7.71  8.10  8.15  8.00  7.67  7.38  7.13  6.98  6.96  6.99  6.77  6.43  5.99  5.67  5.49  5.42  5.40  5.34  5.17  4.98  4.86  4.80  4.79  4.86  4.92  4.89  4.79  4.69
 4.83  4.83  4.87  4.93  4.99  5.04  5.12  5.19  5.22  5.24  5.31  5.45  5.65  5.89  6.16  6.43  6.69  6.89  7.13  7.51  7.98  8.34  8.55  9.01  9.17  8.80  7.92  7.55  7.24  6.91  6.62  6.50  6.38  6.20  5.92  5.67  5.50  5.43  5.35  5.24  5.10  4.97  4.86  4.77  4.76  4.84  4.91  4.87  4.85  4.84
 5.00  5.00  5.04  5.12  5.23  5.35  5.45  5.51  5.56  5.66  5.90  6.23  6.52  6.72  6.93  7.27  7.51  7.58  7.85  8.33  8.80  9.15  9.45  9.72  9.73  9.35  8.05  7.55  7.19  6.74  6.39  6.28  6.24  6.12  5.94  5.72  5.56  5.47  5.38  5.24  5.11  5.03  4.95  4.86  4.83  4.87  4.90  4.89  4.92  4.94
 5.11  5.08  5.13  5.24  5.41  5.61  5.79  5.94  6.09  6.39  6.88  7.44  7.81  7.98  8.21  8.51  8.57  8.46  8.53  8.72  8.76  9.02  9.29  9.10  8.69  8.39  7.70  7.31  6.98  6.58  6.30  6.24  6.20  6.10  5.96  5.78  5.61  5.48  5.37  5.25  5.12  5.04  5.01  4.98  4.95  4.94  4.94  4.96  4.97  4.97
 5.25  5.22  5.27  5.41  5.60  5.83  6.12  6.47  6.85  7.30  7.91  8.64  9.14  9.37  9.59  9.81  9.64  9.30  8.98  8.62  8.14  8.22  8.30  8.13  7.83  7.61  7.29  7.06  6.78  6.44  6.25  6.23  6.19  6.11  6.00  5.84  5.66  5.49  5.32  5.17  5.06  5.00  5.02  5.04  5.02  4.99  4.97  4.98  4.98  4.99
 5.40  5.40  5.47  5.62  5.82  6.06  6.38  6.84  7.35  7.81  8.37  9.00  9.51  9.84 10.06 10.35 10.15  9.52  8.94  8.40  7.76  7.66  7.54  7.50  7.39  7.22  7.05  6.87  6.59  6.29  6.16  6.19  6.23  6.17  6.04  5.88  5.71  5.52  5.32  5.15  5.05  5.02  5.03  5.06  5.07  5.06  5.02  4.99  4.99  5.01
 5.52  5.57  5.66  5.79  5.94  6.11  6.33  6.65  7.04  7.32  7.67  8.16  8.62  9.02  9.26  9.51  9.45  9.02  8.42  7.90  7.47  7.32  7.22  7.18  7.07  6.91  6.78  6.63  6.41  6.18  6.10  6.18  6.26  6.19  6.01  5.84  5.71  5.56  5.39  5.25  5.17  5.13  5.10  5.13  5.15  5.14  5.08  5.04  5.02  5.03
 5.64  5.70  5.73  5.77  5.83  5.91  6.05  6.23  6.44  6.65  6.96  7.35  7.67  7.95  8.15  8.34  8.33  8.22  7.85  7.51  7.28  7.13  6.99  6.91  6.83  6.67  6.52  6.40  6.26  6.11  6.05  6.12  6.18  6.08  5.89  5.76  5.67  5.57  5.45  5.35  5.28  5.22  5.17  5.18  5.20  5.17  5.12  5.10  5.09  5.07
 5.54  5.59  5.57  5.58  5.64  5.74  5.85  5.97  6.11  6.35  6.68  6.98  7.15  7.32  7.49  7.62  7.67  7.69  7.54  7.34  7.11  6.90  6.73  6.67  6.67  6.57  6.42  6.29  6.14  5.99  5.94  5.99  6.01  5.91  5.76  5.68  5.62  5.54  5.45  5.38  5.31  5.25  5.20  5.19  5.18  5.14  5.11  5.13  5.15  5.13
 5.34  5.38  5.38  5.39  5.49  5.61  5.74  5.88  6.01  6.22  6.51  6.74  6.86  6.96  7.10  7.23  7.40  7.52  7.49  7.33  7.04  6.74  6.51  6.46  6.51  6.48  6.39  6.26  6.07  5.89  5.84  5.87  5.87  5.76  5.65  5.61  5.56  5.49  5.42  5.37  5.32  5.25  5.19  5.16  5.15  5.15  5.15  5.20  5.26  5.26
 5.23  5.25  5.26  5.30  5.39  5.52  5.68  5.83  5.94  6.09  6.30  6.48  6.56  6.62  6.74  6.95  7.18  7.31  7.36  7.27  7.03  6.74  6.49  6.38  6.35  6.30  6.23  6.15  6.02  5.88  5.82  5.83  5.82  5.71  5.60  5.54  5.49  5.43  5.37  5.35  5.33  5.27  5.19  5.15  5.16  5.22  5.29  5.36  5.44  5.45
 5.25  5.25  5.27  5.32  5.42  5.57  5.67  5.73  5.82  5.96  6.10  6.20  6.26  6.32  6.44  6.68  6.89  6.95  7.05  7.08  6.96  6.78  6.58  6.42  6.27  6.11  6.01  5.99  5.95  5.88  5.83  5.82  5.81  5.73  5.59  5.48  5.40  5.35  5.31  5.30  5.32  5.30  5.25  5.20  5.20  5.28  5.40  5.49  5.58  5.60
 5.36  5.36  5.37  5.41  5.52  5.65  5.66  5.60  5.65  5.77  5.86  5.92  6.02  6.13  6.26  6.43  6.53  6.61  6.76  6.89  6.87  6.76  6.58  6.38  6.18  5.97  5.86  5.87  5.88  5.86  5.82  5.80  5.79  5.71  5.55  5.40  5.31  5.27  5.25  5.27  5.32  5.35  5.32  5.26  5.24  5.30  5.40  5.51  5.60  5.61
 5.52  5.48  5.46  5.48  5.55  5.61  5.57  5.50  5.48  5.55  5.62  5.72  5.86  6.00  6.10  6.19  6.25  6.34  6.51  6.70  6.73  6.60  6.40  6.20  6.00  5.83  5.76  5.77  5.81  5.81  5.78  5.73  5.67  5.58  5.46  5.32  5.25  5.21  5.20  5.26  5.33  5.35  5.33  5.29  5.30  5.36  5.44  5.50  5.55  5.52
 5.60  5.51  5.47  5.47  5.50  5.50  5.43  5.38  5.36  5.40  5.48  5.58  5.65  5.72  5.80  5.87  5.94  6.06  6.26  6.47  6.50  6.35  6.14  5.96  5.78  5.69  5.69  5.72  5.72  5.71  5.68  5.61  5.48  5.37  5.33  5.27  5.21  5.18  5.17  5.22  5.30  5.33  5.33  5.34  5.41  5.49  5.54  5.54  5.48  5.39
 5.48  5.44  5.43  5.45  5.45  5.41  5.34  5.31  5.33  5.37  5.40  5.37  5.31  5.31  5.39  5.50  5.64  5.81  6.03  6.25  6.32  6.19  5.99  5.82  5.67  5.60  5.65  5.70  5.68  5.62  5.57  5.47  5.31  5.19  5.18  5.19  5.16  5.14  5.12  5.15  5.21  5.26  5.31  5.37  5.47  5.55  5.58  5.55  5.46  5.35
 5.28  5.30  5.37  5.42  5.41  5.35  5.32  5.35  5.38  5.36  5.27  5.13  5.00  4.96  5.05  5.23  5.44  5.65  5.85  6.03  6.14  6.12  5.98  5.80  5.63  5.57  5.63  5.69  5.68  5.60  5.52  5.42  5.27  5.14  5.09  5.11  5.10  5.06  5.03  5.04  5.08  5.14  5.24  5.36  5.45  5.48  5.46  5.44  5.42  5.35
 5.11  5.19  5.31  5.37  5.36  5.32  5.32  5.34  5.31  5.23  5.10  4.95  4.87  4.85  4.92  5.10  5.33  5.52  5.68  5.83  5.94  6.01  5.98  5.83  5.62  5.52  5.55  5.64  5.67  5.60  5.49  5.41  5.33  5.21  5.13  5.09  5.04  5.00  4.98  4.99  5.01  5.04  5.17  5.31  5.38  5.34  5.27  5.25  5.29  5.30
