Raw_GIS_Data/Climate_scenarios_straight/ProcessedData/month_3_minTemp_present.asc
NCOLS 50
NROWS 26
XLLCENTER 512998.000000
YLLCENTER 8407694.000000
CELLSIZE 800.000000
NODATA_value -999.000000
27.31 27.32 27.32 27.31 27.31 27.31 27.32 27.32 27.32 27.31 27.31 27.30 27.30 27.29 27.29 27.29 27.29 27.29 27.28 27.28 27.28 27.28 27.27 27.27 27.27 27.28 27.28 27.28 27.28 27.29 27.29 27.30 27.31 27.31 27.31 27.32 27.31 27.31 27.31 27.31 27.31 27.31 27.31 27.31 27.31 27.31 27.31 27.31 27.32 27.32
27.30 27.30 27.31 27.31 27.30 27.30 27.31 27.31 27.30 27.30 27.30 27.30 27.29 27.28 27.28 27.28 27.28 27.27 27.27 27.26 27.26 27.26 27.25 27.25 27.25 27.25 27.25 27.25 27.25 27.26 27.27 27.27 27.28 27.29 27.29 27.30 27.30 27.30 27.30 27.30 27.30 27.30 27.30 27.29 27.29 27.30 27.30 27.31 27.32 27.32
27.29 27.29 27.29 27.29 27.30 27.30 27.29 27.30 27.29 27.29 27.29 27.29 27.29 27.28 27.27 27.27 27.26 27.26 27.25 27.25 27.24 27.24 27.23 27.23 27.22 27.22 27.21 27.21 27.22 27.22 27.22 27.24 27.25 27.25 27.25 27.27 27.28 27.28 27.28 27.28 27.28 27.28 27.28 27.28 27.28 27.29 27.30 27.30 27.31 27.31
27.28 27.27 27.27 27.28 27.28 27.28 27.28 27.28 27.28 27.28 27.28 27.28 27.28 27.27 27.26 27.25 27.24 27.24 27.23 27.22 27.22 27.22 27.21 27.20 27.19 27.18 27.18 25.63 24.96 27.15 27.17 27.16 27.20 27.21 27.22 27.22 27.23 27.25 27.25 27.25 27.25 27.25 25.78 25.82 27.24 27.29 27.30 27.30 27.30 27.31
27.27 27.26 27.26 27.27 27.27 27.27 27.27 27.26 27.27 27.27 27.27 27.27 27.27 27.26 27.25 27.24 27.23 27.22 27.20 27.20 27.19 27.19 27.18 27.17 27.16 25.92 25.34 24.78 24.32 25.01 23.91 26.91 25.10 25.00 23.93 27.01 25.31 27.22 27.21 27.21 27.21 25.62 25.28 25.23 27.23 27.30 27.30 27.30 27.30 27.30
27.25 27.26 27.25 27.25 27.25 27.25 27.25 27.25 27.25 27.25 27.25 27.25 27.25 27.24 27.23 27.22 27.21 27.20 27.18 27.17 27.16 27.15 27.14 27.13 25.79 24.48 23.83 23.22 23.31 23.33 23.08 23.02 24.83 23.70 24.90 24.06 24.06 24.41 24.51 24.49 24.62 25.36 24.49 24.57 26.86 27.30 27.30 27.29 27.29 27.30
27.24 27.24 27.24 27.24 27.23 27.23 27.23 27.22 27.22 27.22 27.22 27.22 27.22 27.21 27.21 27.20 27.18 27.17 27.15 27.14 27.13 27.11 27.09 25.80 24.27 24.16 23.59 23.25 26.82 24.44 24.61 24.39 24.43 23.71 23.78 23.43 24.39 25.08 24.89 24.00 24.76 25.16 24.83 25.27 27.21 27.30 27.30 27.30 27.29 27.30
27.23 27.23 27.22 27.22 27.22 27.21 27.20 27.20 27.19 27.19 27.19 27.18 27.17 27.17 27.16 27.15 27.15 27.14 27.12 27.11 27.09 27.06 25.63 24.65 24.14 24.92 27.09 27.13 27.14 27.12 25.24 23.97 23.02 23.80 23.56 26.31 27.17 27.20 25.77 25.71 24.54 27.15 27.02 27.30 27.31 27.31 27.30 27.30 27.30 27.30
27.22 27.21 27.21 27.20 27.19 27.18 27.18 27.17 27.16 27.15 27.14 27.12 27.11 27.11 27.11 27.09 27.08 27.09 27.09 27.07 27.08 27.06 25.35 23.70 24.59 24.28 24.33 24.50 27.15 27.16 25.60 24.32 25.52 24.52 27.20 27.15 27.23 27.25 27.26 26.32 27.29 27.30 27.32 27.31 26.59 26.54 27.02 27.30 27.30 27.30
27.20 27.20 27.19 27.19 27.17 27.16 27.14 27.14 27.12 27.11 27.10 27.10 27.08 27.07 27.06 27.05 27.04 27.02 27.04 25.18 24.97 23.65 25.01 24.42 23.53 22.76 24.09 24.58 26.78 27.19 27.19 26.88 27.04 27.21 27.22 27.25 27.27 27.28 27.28 27.30 27.29 27.31 27.32 27.32 27.32 27.28 26.76 27.30 27.30 27.30
27.20 27.19 27.18 27.17 27.15 27.13 27.12 27.10 27.09 27.08 25.73 24.64 24.38 24.30 24.68 24.61 23.92 24.72 24.73 23.92 24.06 23.39 23.93 22.72 23.10 22.12 23.35 24.27 26.46 27.20 27.21 27.21 27.23 27.23 27.25 27.27 27.28 27.29 27.29 27.30 27.30 27.31 27.32 27.32 27.31 27.31 27.30 27.30 27.30 27.30
27.20 27.19 27.17 27.16 27.13 27.11 27.10 27.07 25.89 25.69 24.65 23.87 23.10 23.57 23.67 23.29 22.93 23.87 24.37 23.33 23.15 23.74 22.94 23.04 24.35 23.48 25.64 27.10 27.21 27.23 27.23 27.24 27.25 27.26 27.26 27.28 27.29 27.30 27.30 27.31 27.31 27.31 27.32 27.32 27.32 27.31 27.31 27.30 27.30 27.30
27.19 27.18 27.17 27.14 27.12 27.10 27.08 25.95 25.28 23.97 24.43 23.64 23.17 22.97 23.07 22.63 22.93 23.09 23.74 23.09 24.37 24.39 23.96 24.28 25.14 25.96 27.13 27.22 27.24 27.24 27.25 27.25 27.26 27.27 27.27 27.28 27.29 27.30 27.31 27.31 27.32 27.32 27.32 27.32 27.32 27.32 27.32 27.31 27.30 27.30
27.19 27.18 27.17 27.15 27.12 27.10 25.95 25.39 24.24 23.61 23.21 23.28 23.23 23.01 23.29 22.74 22.48 23.05 23.89 23.25 24.81 24.02 24.83 27.11 27.20 27.17 27.24 27.25 27.26 27.26 27.26 27.26 27.26 27.27 27.28 27.29 27.29 27.30 27.31 27.32 27.33 27.33 27.33 27.33 27.33 27.33 27.32 27.31 27.31 27.31
27.19 27.18 27.17 27.15 27.13 27.08 25.22 25.21 24.37 24.05 24.61 24.11 24.44 23.73 23.96 23.49 23.22 23.48 24.10 24.45 24.99 27.09 24.98 27.09 27.22 27.24 27.25 27.26 27.27 27.27 27.27 27.27 27.27 27.27 27.28 27.29 27.29 27.30 27.32 27.33 27.34 27.34 27.34 27.34 27.34 27.33 27.33 27.32 27.32 27.32
27.20 27.19 27.17 27.15 27.14 27.12 27.11 27.09 27.02 26.32 27.01 24.97 25.17 24.58 25.00 24.13 24.58 24.01 24.43 24.76 25.01 27.16 25.11 27.39 27.19 27.24 27.26 27.27 27.27 27.28 27.28 27.28 27.28 27.28 27.28 27.29 27.30 27.31 27.32 27.33 27.34 27.35 27.35 27.35 27.34 27.34 27.33 27.33 27.32 27.32
27.20 27.20 27.18 27.17 27.16 27.15 27.13 27.11 27.09 27.08 27.05 27.02 27.00 25.28 25.07 24.82 24.90 24.34 24.59 24.40 24.98 25.00 27.02 27.15 27.23 27.24 27.26 27.27 27.28 27.28 27.28 27.29 27.29 27.29 27.29 27.30 27.30 27.32 27.33 27.34 27.34 27.35 27.35 27.35 27.35 27.34 27.34 27.34 27.33 27.33
27.22 27.21 27.20 27.19 27.19 27.17 27.16 27.14 27.13 27.11 27.09 27.05 27.00 25.56 25.21 25.02 24.96 24.34 24.49 24.71 24.97 25.05 27.03 27.21 27.23 27.25 27.26 27.27 27.28 27.28 27.28 27.29 27.29 27.29 27.29 27.31 27.32 27.32 27.33 27.34 27.34 27.35 27.35 27.35 27.35 27.35 27.35 27.34 27.34 27.33
27.23 27.22 27.22 27.21 27.20 27.19 27.18 27.17 27.15 27.13 27.10 27.06 27.02 25.84 25.52 25.29 25.00 24.73 24.66 24.87 25.14 26.99 27.19 27.22 27.23 27.25 27.26 27.27 27.27 27.28 27.28 27.29 27.29 27.29 27.30 27.32 27.33 27.33 27.33 27.33 27.34 27.35 27.35 27.35 27.35 27.35 27.35 27.35 27.34 27.34
27.24 27.23 27.23 27.22 27.22 27.21 27.19 27.18 27.16 27.14 27.13 27.10 27.07 27.04 25.87 25.57 24.84 24.95 25.16 25.15 26.94 27.17 27.21 27.23 27.25 27.26 27.26 27.27 27.28 27.29 27.29 27.29 27.29 27.30 27.31 27.32 27.33 27.33 27.32 27.33 27.34 27.34 27.35 27.35 27.35 27.35 27.35 27.35 27.34 27.34
27.24 27.24 27.24 27.24 27.23 27.22 27.20 27.19 27.18 27.17 27.16 27.14 27.13 27.12 27.11 27.12 27.14 26.89 27.12 27.15 27.18 27.20 27.23 27.24 27.26 27.27 27.27 27.28 27.28 27.29 27.29 27.30 27.30 27.31 27.31 27.33 27.33 27.33 27.33 27.33 27.34 27.34 27.34 27.35 27.35 27.35 27.34 27.34 27.34 27.33
27.25 27.25 27.25 27.24 27.24 27.23 27.22 27.21 27.20 27.19 27.19 27.18 27.17 27.17 27.17 27.17 27.18 26.94 27.18 27.19 27.21 27.22 27.24 27.26 27.27 27.28 27.28 27.29 27.29 27.29 27.30 27.30 27.30 27.31 27.32 27.32 27.32 27.33 27.33 27.33 27.34 27.34 27.34 27.34 27.35 27.35 27.34 27.34 27.33 27.33
27.25 27.25 27.25 27.25 27.25 27.24 27.24 27.23 27.22 27.21 27.21 27.21 27.21 27.21 27.21 27.21 27.21 27.21 27.21 27.22 27.23 27.24 27.25 27.26 27.27 27.28 27.29 27.30 27.30 27.30 27.30 27.30 27.31 27.31 27.32 27.32 27.32 27.33 27.33 27.34 27.33 27.33 27.33 27.34 27.34 27.34 27.34 27.34 27.33 27.34
27.26 27.26 27.26 27.26 27.26 27.26 27.25 27.24 27.23 27.23 27.24 27.24 27.24 27.24 27.23 27.23 27.23 27.23 27.23 27.24 27.25 27.26 27.27 27.27 27.28 27.29 27.30 27.30 27.31 27.31 27.31 27.31 27.32 27.32 27.32 27.33 27.33 27.34 27.34 27.34 27.34 27.33 27.33 27.33 27.34 27.34 27.34 27.34 27.34 27.34
27.27 27.27 27.27 27.27 27.27 27.27 27.27 27.26 27.25 27.25 27.25 27.26 27.26 27.26 27.25 27.25 27.25 27.25 27.26 27.26 27.27 27.27 27.28 27.28 27.29 27.30 27.30 27.31 27.31 27.32 27.32 27.32 27.33 27.33 27.33 27.33 27.34 27.34 27.34 27.34 27.34 27.34 27.33 27.33 27.33 27.34 27.34 27.33 27.34 27.34
27.28 27.27 27.28 27.28 27.29 27.28 27.28 27.27 27.27 27.26 27.27 27.27 27.27 27.27 27.27 27.27 27.27 27.27 27.28 27.28 27.28 27.28 27.28 27.29 27.30 27.30 27.31 27.31 27.32 27.32 27.33 27.32 27.33 27.33 27.33 27.34 27.34 27.34 27.34 27.34 27.34 27.34 27.33 27.33 27.33 27.33 27.33 27.33 27.33 27.33
