Raw_GIS_Data/Climate_scenarios_straight/ProcessedData/month_8_maxTemp_present.asc
NCOLS 50
NROWS 26
XLLCENTER 512998.000000
YLLCENTER 8407694.000000
CELLSIZE 800.000000
NODATA_value -999.000000
26.96 26.96 26.96 26.96 26.96 26.96 26.96 26.96 26.97 26.97 26.97 26.97 26.97 26.98 26.98 26.99 26.99 27.00 27.00 27.01 27.01 27.01 27.01 27.01 27.00 26.99 26.99 26.98 26.98 26.97 26.97 26.96 26.96 26.96 26.95 26.95 26.94 26.93 26.93 26.92 26.92 26.91 26.91 26.91 26.91 26.90 26.91 26.91 26.91 26.91
26.97 26.97 26.97 26.97 26.97 26.97 26.97 26.97 26.97 26.97 26.97 26.97 26.97 26.98 26.98 26.99 27.00 27.00 27.01 27.02 27.03 27.04 27.05 27.05 27.04 27.03 27.02 27.01 27.00 26.99 26.99 26.99 26.98 26.98 26.97 26.97 26.96 26.96 26.95 26.94 26.93 26.92 26.91 26.90 26.90 26.90 26.90 26.91 26.91 26.91
26.97 26.97 26.97 26.97 26.98 26.98 26.98 26.98 26.98 26.98 26.98 26.98 26.98 26.98 26.98 26.99 26.99 27.00 27.01 27.03 27.05 27.06 27.08 27.10 27.11 27.10 27.10 27.08 27.04 27.02 27.03 27.03 27.02 27.01 27.00 27.00 26.99 26.99 26.98 26.98 26.98 26.97 26.94 26.91 26.90 26.90 26.90 26.90 26.90 26.90
26.98 26.98 26.98 26.98 26.98 26.99 26.99 26.99 26.99 26.99 26.99 26.98 26.98 26.99 26.99 26.99 27.00 27.00 27.01 27.03 27.05 27.08 27.11 27.15 27.19 27.23 27.29 28.79 27.80 27.04 27.08 27.08 27.11 27.08 27.06 27.05 27.05 27.03 27.04 27.04 27.07 27.11 28.52 28.38 26.85 26.90 26.89 26.90 26.90 26.90
26.99 26.99 26.99 26.99 27.00 27.00 27.00 27.00 27.00 27.00 27.00 27.00 27.00 27.00 27.00 27.00 27.01 27.01 27.02 27.03 27.06 27.09 27.13 27.20 27.30 28.79 28.39 27.85 27.27 28.42 26.48 26.94 28.68 28.34 26.30 26.98 28.66 27.09 27.10 27.11 27.17 28.62 28.01 27.72 26.84 26.90 26.89 26.89 26.89 26.90
27.00 27.00 27.01 27.01 27.01 27.01 27.02 27.02 27.02 27.02 27.02 27.02 27.02 27.02 27.02 27.02 27.03 27.04 27.05 27.06 27.08 27.11 27.16 27.25 28.70 27.22 26.33 25.55 25.85 26.03 25.21 25.10 28.44 26.28 28.48 27.09 26.94 27.60 27.69 27.37 27.57 28.61 26.95 26.85 26.48 26.90 26.89 26.89 26.89 26.89
27.01 27.02 27.02 27.03 27.03 27.04 27.04 27.04 27.04 27.05 27.04 27.04 27.04 27.05 27.05 27.06 27.06 27.08 27.09 27.11 27.14 27.19 27.27 28.71 26.70 26.86 25.89 25.53 26.93 27.83 27.76 27.38 27.23 26.12 26.31 25.56 27.34 28.49 27.95 26.22 27.43 28.01 27.13 27.44 26.82 26.90 26.89 26.89 26.89 26.89
27.03 27.04 27.05 27.05 27.06 27.07 27.07 27.07 27.08 27.08 27.08 27.08 27.08 27.08 27.09 27.10 27.11 27.13 27.15 27.18 27.23 27.33 28.78 27.46 26.86 28.28 27.11 27.13 27.18 27.31 28.73 26.31 24.62 26.05 25.51 26.21 27.12 27.18 28.65 28.35 26.50 26.86 26.74 26.96 26.93 26.90 26.89 26.89 26.89 26.89
27.04 27.06 27.07 27.09 27.10 27.12 27.12 27.13 27.14 27.14 27.14 27.14 27.14 27.14 27.15 27.16 27.18 27.21 27.24 27.27 27.28 27.36 28.62 26.33 27.86 27.46 27.22 27.37 27.06 27.19 28.64 26.50 28.05 26.49 26.98 26.96 27.02 27.03 27.04 26.11 26.97 26.97 26.99 27.03 28.56 28.35 26.61 26.89 26.89 26.89
27.06 27.08 27.10 27.13 27.15 27.18 27.20 27.21 27.23 27.24 27.25 27.24 27.24 27.24 27.24 27.24 27.25 27.30 27.38 28.81 28.27 26.17 28.51 27.83 25.92 24.67 26.92 27.49 26.62 27.04 27.06 26.73 26.87 26.99 26.97 26.97 26.96 26.97 26.96 26.95 26.94 26.94 26.93 26.94 26.94 26.89 26.38 26.88 26.88 26.88
27.07 27.10 27.13 27.17 27.21 27.25 27.29 27.33 27.38 27.46 29.00 27.95 27.62 27.64 28.55 28.27 26.95 28.44 28.74 27.27 27.32 26.20 26.93 24.72 25.10 23.11 25.41 26.80 26.29 26.99 27.00 26.99 26.97 26.96 26.94 26.94 26.94 26.93 26.93 26.93 26.92 26.92 26.91 26.91 26.90 26.89 26.88 26.88 26.88 26.88
27.05 27.09 27.14 27.19 27.25 27.31 27.38 27.48 28.97 28.95 27.78 26.73 25.65 26.66 27.01 26.09 25.44 27.19 27.92 26.02 25.70 26.74 24.99 25.07 27.16 25.20 25.40 26.90 26.97 26.97 26.96 26.95 26.94 26.93 26.92 26.92 26.92 26.92 26.92 26.92 26.91 26.90 26.90 26.90 26.89 26.88 26.88 26.88 26.88 26.88
27.01 27.04 27.09 27.15 27.24 27.34 27.46 28.99 28.39 26.72 27.67 26.55 25.71 25.57 25.72 24.92 25.48 25.62 26.40 25.29 27.43 27.48 26.50 27.13 28.19 25.77 26.84 26.97 26.95 26.94 26.94 26.94 26.93 26.92 26.91 26.91 26.90 26.90 26.91 26.90 26.90 26.89 26.89 26.89 26.88 26.88 26.88 26.87 26.87 26.88
26.96 26.98 27.02 27.08 27.18 27.33 28.91 28.44 27.00 26.29 25.80 26.05 25.89 25.54 25.95 24.97 24.44 25.48 26.60 25.36 28.01 26.47 27.87 26.97 27.00 26.90 26.95 26.94 26.93 26.93 26.93 26.92 26.92 26.91 26.90 26.90 26.90 26.90 26.90 26.90 26.89 26.89 26.88 26.88 26.88 26.88 26.87 26.87 26.87 26.87
26.92 26.94 26.97 27.01 27.09 27.19 27.99 28.39 27.27 27.03 28.15 27.37 27.83 26.48 26.78 26.01 25.49 25.94 26.95 27.41 28.15 28.61 27.97 26.89 26.96 26.95 26.93 26.93 26.92 26.91 26.91 26.91 26.90 26.90 26.89 26.89 26.89 26.89 26.89 26.89 26.88 26.88 26.88 26.88 26.87 26.87 26.87 26.87 26.87 26.87
26.91 26.92 26.94 26.98 27.04 27.12 27.20 27.26 27.25 26.68 27.44 28.38 28.73 27.82 28.54 26.87 27.65 26.62 27.43 28.03 28.23 28.67 28.08 28.66 26.88 26.93 26.92 26.91 26.91 26.90 26.90 26.90 26.89 26.89 26.89 26.88 26.88 26.88 26.88 26.88 26.88 26.87 26.87 26.87 26.87 26.86 26.86 26.86 26.87 26.87
26.90 26.91 26.94 26.98 27.03 27.10 27.15 27.19 27.23 27.27 27.33 27.40 27.47 28.82 28.55 28.07 28.02 27.15 27.75 27.69 28.16 27.98 26.84 26.91 26.92 26.92 26.91 26.90 26.90 26.90 26.89 26.89 26.88 26.88 26.88 26.88 26.88 26.88 26.88 26.87 26.87 26.87 26.87 26.87 26.86 26.86 26.86 26.86 26.86 26.86
26.89 26.90 26.93 26.97 27.01 27.06 27.09 27.12 27.16 27.21 27.27 27.35 27.44 28.96 28.59 28.34 28.05 27.16 27.64 27.97 28.15 27.91 26.81 26.93 26.91 26.91 26.90 26.89 26.89 26.89 26.88 26.88 26.88 26.88 26.87 26.87 26.87 26.87 26.87 26.87 26.87 26.86 26.86 26.86 26.86 26.86 26.86 26.86 26.86 26.86
26.88 26.90 26.92 26.95 26.98 27.01 27.04 27.06 27.09 27.13 27.18 27.25 27.35 28.89 28.63 28.41 27.99 27.65 27.67 27.89 28.07 26.80 26.92 26.91 26.90 26.90 26.89 26.89 26.88 26.88 26.88 26.87 26.87 26.87 26.87 26.87 26.87 26.87 26.87 26.86 26.86 26.86 26.86 26.86 26.85 26.85 26.85 26.85 26.86 26.86
26.87 26.89 26.90 26.93 26.95 26.97 26.99 27.00 27.02 27.05 27.08 27.11 27.17 27.26 28.55 28.30 27.45 27.73 28.18 27.90 26.75 26.92 26.91 26.90 26.89 26.89 26.89 26.88 26.88 26.87 26.87 26.87 26.87 26.87 26.86 26.86 26.86 26.86 26.86 26.86 26.86 26.86 26.85 26.85 26.85 26.85 26.85 26.85 26.85 26.86
26.86 26.88 26.89 26.91 26.92 26.93 26.94 26.96 26.97 26.98 26.99 27.01 27.02 27.04 27.05 27.03 27.02 26.77 26.96 26.94 26.91 26.90 26.90 26.89 26.88 26.88 26.88 26.87 26.87 26.87 26.86 26.86 26.86 26.86 26.86 26.86 26.86 26.86 26.85 26.85 26.85 26.85 26.85 26.85 26.85 26.85 26.85 26.85 26.85 26.85
26.85 26.87 26.88 26.89 26.90 26.90 26.91 26.92 26.93 26.94 26.94 26.96 26.97 26.97 26.97 26.96 26.95 26.71 26.92 26.91 26.90 26.89 26.89 26.88 26.88 26.87 26.87 26.87 26.86 26.86 26.86 26.86 26.86 26.86 26.86 26.85 26.85 26.85 26.85 26.85 26.85 26.85 26.85 26.85 26.85 26.84 26.84 26.85 26.85 26.85
26.85 26.86 26.86 26.87 26.88 26.88 26.89 26.90 26.91 26.91 26.92 26.93 26.93 26.93 26.93 26.92 26.92 26.91 26.90 26.89 26.89 26.88 26.88 26.87 26.87 26.87 26.87 26.86 26.86 26.86 26.85 26.85 26.85 26.85 26.85 26.85 26.85 26.85 26.85 26.85 26.85 26.85 26.84 26.84 26.84 26.84 26.84 26.84 26.84 26.85
26.84 26.85 26.85 26.86 26.87 26.87 26.88 26.89 26.89 26.90 26.90 26.90 26.90 26.91 26.90 26.90 26.90 26.89 26.89 26.88 26.88 26.87 26.87 26.87 26.86 26.86 26.86 26.86 26.85 26.85 26.85 26.85 26.85 26.85 26.85 26.85 26.84 26.84 26.84 26.84 26.84 26.84 26.84 26.84 26.84 26.84 26.84 26.84 26.84 26.84
26.84 26.84 26.85 26.85 26.86 26.87 26.87 26.88 26.88 26.89 26.89 26.89 26.89 26.89 26.89 26.89 26.88 26.88 26.87 26.87 26.87 26.86 26.86 26.86 26.86 26.86 26.85 26.85 26.85 26.85 26.85 26.85 26.85 26.85 26.84 26.84 26.84 26.84 26.84 26.84 26.84 26.84 26.84 26.84 26.83 26.83 26.83 26.84 26.84 26.84
26.83 26.84 26.84 26.85 26.86 26.86 26.87 26.87 26.87 26.87 26.87 26.88 26.88 26.88 26.88 26.88 26.87 26.87 26.87 26.86 26.86 26.86 26.85 26.85 26.85 26.85 26.85 26.85 26.85 26.84 26.84 26.84 26.84 26.84 26.84 26.84 26.84 26.84 26.84 26.84 26.84 26.84 26.83 26.83 26.83 26.83 26.83 26.83 26.83 26.83
