Raw_GIS_Data/Climate_scenarios_straight/ProcessedData/month_1_maxTemp_rcp85.asc
NCOLS 50
NROWS 26
XLLCENTER 512998.000000
YLLCENTER 8407694.000000
CELLSIZE 800.000000
NODATA_value -999.000000
31.16 31.16 31.16 31.16 31.16 31.16 31.16 31.16 31.16 31.16 31.16 31.15 31.15 31.15 31.16 31.16 31.16 31.17 31.18 31.18 31.19 31.19 31.18 31.18 31.18 31.18 31.17 31.17 31.17 31.17 31.17 31.17 31.16 31.16 31.15 31.15 31.15 31.14 31.13 31.13 31.12 31.12 31.12 31.12 31.12 31.12 31.12 31.12 31.12 31.12
31.17 31.17 31.17 31.17 31.17 31.17 31.17 31.17 31.17 31.17 31.16 31.16 31.16 31.16 31.17 31.17 31.17 31.18 31.19 31.20 31.20 31.21 31.22 31.22 31.21 31.21 31.20 31.20 31.19 31.19 31.19 31.19 31.19 31.18 31.18 31.17 31.17 31.16 31.16 31.15 31.14 31.13 31.12 31.12 31.12 31.12 31.12 31.12 31.12 31.12
31.17 31.18 31.18 31.18 31.18 31.18 31.18 31.18 31.18 31.18 31.18 31.18 31.18 31.18 31.18 31.18 31.18 31.19 31.19 31.20 31.22 31.23 31.25 31.26 31.27 31.27 31.26 31.25 31.23 31.22 31.23 31.23 31.23 31.22 31.22 31.21 31.21 31.21 31.20 31.20 31.19 31.18 31.16 31.13 31.12 31.12 31.12 31.12 31.11 31.11
31.18 31.18 31.19 31.19 31.19 31.19 31.19 31.19 31.19 31.19 31.19 31.19 31.19 31.19 31.20 31.20 31.20 31.20 31.21 31.22 31.23 31.26 31.29 31.32 31.36 31.41 31.49 33.28 32.23 31.23 31.28 31.29 31.31 31.29 31.28 31.27 31.28 31.26 31.28 31.29 31.32 31.38 33.15 32.94 31.07 31.13 31.12 31.12 31.11 31.11
31.19 31.19 31.19 31.20 31.20 31.21 31.21 31.21 31.21 31.21 31.21 31.21 31.21 31.22 31.22 31.22 31.23 31.23 31.24 31.25 31.27 31.30 31.35 31.42 31.55 33.46 33.09 32.51 31.87 33.01 31.13 31.24 33.35 33.00 30.94 31.23 33.11 31.33 31.37 31.40 31.49 33.32 32.73 32.35 31.06 31.13 31.12 31.12 31.11 31.11
31.20 31.20 31.21 31.21 31.22 31.22 31.22 31.23 31.23 31.23 31.23 31.24 31.24 31.25 31.25 31.26 31.27 31.28 31.29 31.31 31.33 31.37 31.43 31.56 33.46 32.11 31.25 30.37 30.63 30.85 30.10 29.94 33.25 31.09 33.24 31.73 31.54 32.14 32.29 32.16 32.40 33.38 31.74 31.53 30.71 31.13 31.12 31.11 31.11 31.11
31.21 31.22 31.23 31.23 31.24 31.24 31.25 31.25 31.26 31.26 31.26 31.27 31.28 31.28 31.29 31.30 31.32 31.33 31.36 31.38 31.43 31.49 31.61 33.49 31.64 31.85 30.91 30.44 31.44 32.65 32.61 32.36 32.27 31.12 31.26 30.41 31.95 33.04 32.63 31.09 32.23 32.71 31.83 32.07 31.05 31.13 31.12 31.12 31.11 31.12
31.23 31.24 31.24 31.25 31.26 31.27 31.28 31.29 31.30 31.30 31.31 31.31 31.32 31.33 31.35 31.36 31.38 31.41 31.44 31.48 31.55 31.69 33.54 32.40 31.86 33.22 31.56 31.56 31.62 31.82 33.52 31.30 29.67 31.10 30.50 30.58 31.50 31.58 33.33 33.15 31.28 31.15 31.02 31.24 31.18 31.14 31.12 31.12 31.11 31.12
31.24 31.25 31.27 31.28 31.30 31.31 31.33 31.34 31.35 31.36 31.37 31.38 31.39 31.40 31.41 31.43 31.46 31.50 31.55 31.59 31.64 31.78 33.52 31.23 32.78 32.34 32.17 32.23 31.42 31.60 33.41 31.48 33.02 31.44 31.31 31.26 31.31 31.33 31.35 30.42 31.27 31.25 31.27 31.34 33.15 32.89 30.84 31.12 31.12 31.12
31.25 31.28 31.30 31.32 31.35 31.37 31.40 31.42 31.44 31.45 31.47 31.48 31.50 31.51 31.52 31.53 31.55 31.62 31.73 33.43 33.01 31.02 33.44 32.69 30.78 29.52 31.86 32.34 30.93 31.37 31.42 31.12 31.23 31.32 31.26 31.24 31.23 31.23 31.23 31.22 31.21 31.20 31.21 31.22 31.23 31.15 30.61 31.12 31.12 31.12
31.27 31.30 31.33 31.37 31.42 31.46 31.50 31.54 31.60 31.70 33.57 32.51 32.25 32.33 33.28 33.00 31.72 33.15 33.36 31.98 32.18 31.10 31.85 29.59 29.93 27.86 30.33 31.64 30.60 31.31 31.31 31.30 31.27 31.25 31.22 31.21 31.20 31.19 31.19 31.19 31.18 31.17 31.17 31.17 31.16 31.15 31.13 31.12 31.12 31.12
31.27 31.31 31.36 31.41 31.48 31.54 31.62 31.73 33.66 33.69 32.55 31.50 30.43 31.44 31.80 30.88 30.26 31.98 32.68 30.89 30.65 31.69 29.94 29.87 31.90 29.99 29.78 31.25 31.28 31.26 31.25 31.24 31.22 31.21 31.20 31.19 31.17 31.17 31.17 31.16 31.16 31.16 31.16 31.15 31.14 31.14 31.13 31.12 31.12 31.12
31.23 31.27 31.33 31.39 31.48 31.59 31.74 33.68 33.22 31.64 32.61 31.41 30.55 30.38 30.40 29.63 30.23 30.42 31.25 30.17 32.35 32.39 31.41 31.81 32.83 30.12 31.18 31.28 31.24 31.23 31.21 31.20 31.19 31.19 31.18 31.17 31.16 31.15 31.15 31.15 31.15 31.15 31.15 31.14 31.14 31.13 31.13 31.12 31.12 31.11
31.19 31.22 31.26 31.32 31.42 31.60 33.54 33.18 31.80 31.09 30.45 30.65 30.48 30.12 30.61 29.63 29.16 30.25 31.41 30.22 32.85 31.34 32.41 31.32 31.33 31.22 31.26 31.24 31.21 31.20 31.19 31.18 31.18 31.17 31.17 31.16 31.15 31.15 31.14 31.15 31.14 31.14 31.14 31.14 31.13 31.13 31.12 31.12 31.11 31.11
31.16 31.18 31.20 31.25 31.34 31.49 32.68 33.00 31.90 31.63 32.66 31.87 32.31 31.02 31.45 30.64 30.11 30.60 31.64 32.13 32.87 33.29 32.51 31.19 31.26 31.24 31.23 31.21 31.20 31.18 31.17 31.17 31.16 31.16 31.16 31.15 31.15 31.14 31.14 31.14 31.14 31.14 31.13 31.13 31.13 31.12 31.12 31.12 31.11 31.11
31.14 31.16 31.19 31.23 31.30 31.42 31.56 31.63 31.63 31.07 31.83 32.90 33.27 32.46 33.25 31.59 32.31 31.30 32.08 32.68 32.90 33.38 32.66 33.27 31.16 31.21 31.20 31.19 31.18 31.17 31.16 31.16 31.16 31.15 31.15 31.15 31.14 31.14 31.14 31.13 31.13 31.13 31.13 31.13 31.12 31.12 31.12 31.12 31.11 31.11
31.13 31.15 31.18 31.22 31.30 31.39 31.48 31.54 31.59 31.65 31.71 31.80 31.88 33.57 33.33 32.86 32.88 31.93 32.44 32.36 32.82 32.56 31.15 31.22 31.21 31.20 31.19 31.18 31.17 31.16 31.15 31.15 31.15 31.15 31.15 31.14 31.14 31.14 31.13 31.13 31.13 31.13 31.13 31.12 31.12 31.12 31.12 31.11 31.11 31.11
31.11 31.13 31.15 31.19 31.26 31.33 31.40 31.45 31.51 31.58 31.65 31.75 31.87 33.80 33.46 33.19 32.98 32.06 32.42 32.71 32.84 32.41 31.10 31.22 31.20 31.19 31.18 31.17 31.16 31.15 31.15 31.15 31.15 31.15 31.14 31.14 31.14 31.13 31.13 31.13 31.13 31.12 31.12 31.12 31.12 31.12 31.11 31.11 31.11 31.11
31.09 31.10 31.13 31.17 31.21 31.26 31.31 31.35 31.41 31.47 31.54 31.64 31.79 33.77 33.53 33.31 32.95 32.57 32.48 32.65 32.74 31.10 31.22 31.20 31.18 31.18 31.17 31.16 31.15 31.15 31.14 31.14 31.14 31.14 31.14 31.13 31.13 31.13 31.13 31.13 31.12 31.12 31.12 31.12 31.11 31.11 31.11 31.11 31.11 31.11
31.07 31.09 31.11 31.14 31.17 31.20 31.23 31.26 31.29 31.33 31.38 31.44 31.55 31.71 33.42 33.23 32.40 32.62 32.98 32.62 31.05 31.21 31.19 31.18 31.17 31.17 31.16 31.15 31.15 31.14 31.14 31.14 31.13 31.13 31.13 31.13 31.13 31.13 31.12 31.12 31.12 31.12 31.12 31.11 31.11 31.11 31.11 31.11 31.10 31.10
31.06 31.07 31.09 31.11 31.13 31.15 31.17 31.19 31.21 31.22 31.24 31.27 31.30 31.33 31.36 31.36 31.34 31.09 31.27 31.24 31.20 31.19 31.18 31.17 31.16 31.16 31.15 31.15 31.14 31.14 31.14 31.13 31.13 31.13 31.13 31.12 31.12 31.12 31.12 31.12 31.12 31.11 31.11 31.11 31.11 31.11 31.10 31.10 31.10 31.10
31.06 31.07 31.08 31.10 31.12 31.13 31.15 31.16 31.17 31.17 31.18 31.19 31.21 31.22 31.24 31.25 31.25 31.01 31.21 31.20 31.19 31.18 31.17 31.16 31.16 31.15 31.15 31.14 31.14 31.14 31.13 31.13 31.13 31.13 31.12 31.12 31.12 31.12 31.12 31.12 31.11 31.11 31.11 31.11 31.11 31.10 31.10 31.10 31.10 31.10
31.06 31.07 31.09 31.10 31.11 31.12 31.13 31.14 31.14 31.14 31.15 31.17 31.18 31.19 31.20 31.22 31.21 31.20 31.19 31.18 31.18 31.17 31.16 31.15 31.15 31.15 31.14 31.14 31.13 31.13 31.13 31.13 31.13 31.12 31.12 31.12 31.12 31.12 31.11 31.11 31.11 31.11 31.11 31.11 31.11 31.10 31.10 31.10 31.10 31.10
31.06 31.07 31.09 31.10 31.10 31.11 31.12 31.12 31.12 31.13 31.14 31.15 31.16 31.17 31.18 31.19 31.19 31.18 31.17 31.17 31.17 31.16 31.15 31.15 31.14 31.14 31.14 31.13 31.13 31.13 31.13 31.12 31.12 31.12 31.12 31.12 31.11 31.11 31.11 31.11 31.11 31.11 31.11 31.11 31.11 31.10 31.10 31.10 31.10 31.10
31.07 31.08 31.08 31.09 31.09 31.10 31.11 31.11 31.11 31.12 31.13 31.14 31.15 31.16 31.16 31.16 31.17 31.17 31.16 31.16 31.16 31.15 31.15 31.14 31.14 31.13 31.13 31.13 31.13 31.12 31.12 31.12 31.12 31.12 31.11 31.11 31.11 31.11 31.11 31.11 31.11 31.11 31.11 31.11 31.10 31.10 31.10 31.10 31.10 31.10
31.07 31.07 31.08 31.08 31.09 31.10 31.10 31.10 31.11 31.11 31.12 31.13 31.14 31.14 31.15 31.15 31.15 31.15 31.15 31.15 31.15 31.15 31.14 31.14 31.14 31.13 31.13 31.13 31.12 31.12 31.12 31.12 31.11 31.11 31.11 31.11 31.11 31.11 31.11 31.11 31.11 31.11 31.11 31.10 31.10 31.10 31.10 31.10 31.10 31.10
