Raw_GIS_Data/Climate_scenarios_straight/ProcessedData/month_10_maxTemp_rcp85.asc
NCOLS 50
NROWS 26
XLLCENTER 512998.000000
YLLCENTER 8407694.000000
CELLSIZE 800.000000
NODATA_value -999.000000
30.26 30.26 30.26 30.26 30.25 30.25 30.25 30.25 30.25 30.25 30.26 30.26 30.26 30.27 30.28 30.29 30.30 30.32 30.33 30.33 30.33 30.33 30.32 30.30 30.29 30.28 30.27 30.26 30.26 30.26 30.25 30.24 30.23 30.22 30.21 30.20 30.19 30.19 30.18 30.17 30.16 30.15 30.15 30.15 30.15 30.15 30.15 30.15 30.15 30.15
30.27 30.27 30.27 30.27 30.26 30.26 30.26 30.26 30.26 30.26 30.26 30.26 30.27 30.27 30.27 30.28 30.30 30.32 30.34 30.36 30.37 30.38 30.38 30.38 30.36 30.34 30.32 30.30 30.30 30.30 30.29 30.29 30.27 30.26 30.25 30.24 30.24 30.23 30.22 30.20 30.18 30.17 30.15 30.15 30.15 30.15 30.15 30.15 30.15 30.15
30.28 30.28 30.28 30.28 30.28 30.28 30.28 30.28 30.28 30.28 30.27 30.27 30.28 30.28 30.28 30.29 30.29 30.31 30.33 30.36 30.39 30.43 30.45 30.47 30.47 30.46 30.45 30.41 30.36 30.34 30.36 30.36 30.34 30.32 30.31 30.30 30.29 30.29 30.29 30.28 30.26 30.24 30.20 30.16 30.15 30.15 30.15 30.15 30.15 30.15
30.30 30.30 30.30 30.30 30.30 30.30 30.30 30.30 30.30 30.29 30.29 30.29 30.29 30.29 30.29 30.30 30.30 30.31 30.33 30.35 30.39 30.44 30.50 30.55 30.61 30.66 30.72 32.44 31.38 30.39 30.45 30.45 30.48 30.45 30.41 30.39 30.39 30.36 30.37 30.38 30.41 30.43 32.05 31.83 30.09 30.15 30.14 30.14 30.14 30.15
30.32 30.32 30.32 30.32 30.32 30.32 30.32 30.32 30.32 30.32 30.32 30.32 30.32 30.32 30.32 30.32 30.32 30.33 30.34 30.36 30.40 30.45 30.52 30.61 30.74 32.46 32.05 31.53 30.95 32.08 30.11 30.37 32.37 32.02 29.95 30.41 32.39 30.45 30.47 30.48 30.54 32.22 31.52 31.15 30.08 30.15 30.14 30.14 30.14 30.14
30.34 30.34 30.35 30.35 30.35 30.34 30.34 30.34 30.35 30.35 30.35 30.35 30.36 30.36 30.36 30.36 30.37 30.37 30.38 30.40 30.42 30.46 30.52 30.64 32.30 30.76 29.90 29.17 29.52 29.72 28.85 28.74 32.11 29.95 32.19 30.87 30.73 31.38 31.41 30.89 31.17 32.23 30.45 30.26 29.73 30.15 30.14 30.14 30.14 30.14
30.36 30.37 30.38 30.38 30.38 30.38 30.38 30.38 30.38 30.38 30.38 30.39 30.39 30.40 30.41 30.42 30.43 30.43 30.45 30.46 30.50 30.54 30.61 32.24 30.15 30.27 29.35 29.09 30.33 31.50 31.43 31.05 30.86 29.71 29.92 29.22 31.04 32.20 31.70 29.88 31.12 31.66 30.72 30.92 30.06 30.15 30.14 30.14 30.14 30.14
30.40 30.41 30.42 30.43 30.43 30.43 30.43 30.43 30.43 30.43 30.43 30.43 30.44 30.44 30.46 30.48 30.50 30.51 30.52 30.55 30.59 30.69 32.33 30.88 30.24 31.66 30.36 30.41 30.50 30.69 32.38 29.90 28.08 29.55 28.94 29.47 30.41 30.50 32.27 32.00 30.11 30.10 30.01 30.24 30.21 30.15 30.13 30.14 30.13 30.13
30.43 30.45 30.47 30.48 30.49 30.50 30.51 30.51 30.51 30.51 30.50 30.50 30.50 30.51 30.52 30.54 30.57 30.61 30.64 30.66 30.67 30.75 32.25 29.83 31.31 30.91 30.71 30.85 30.30 30.46 32.17 29.99 31.55 29.92 30.20 30.20 30.25 30.26 30.26 29.36 30.21 30.23 30.26 30.34 32.13 31.87 29.85 30.13 30.13 30.13
30.46 30.50 30.53 30.56 30.58 30.61 30.63 30.64 30.65 30.66 30.66 30.64 30.63 30.62 30.61 30.61 30.63 30.69 30.80 32.37 31.85 29.75 32.14 31.45 29.53 28.16 30.41 30.94 29.84 30.25 30.27 29.95 30.09 30.22 30.21 30.20 30.20 30.19 30.19 30.18 30.18 30.17 30.17 30.17 30.17 30.12 29.63 30.13 30.13 30.13
30.48 30.53 30.59 30.64 30.69 30.74 30.79 30.84 30.90 30.98 32.79 31.68 31.31 31.30 32.11 31.71 30.33 31.79 32.17 30.74 30.85 29.78 30.56 28.25 28.73 26.61 28.86 30.23 29.53 30.23 30.23 30.21 30.20 30.19 30.18 30.17 30.17 30.17 30.17 30.17 30.16 30.16 30.15 30.15 30.14 30.13 30.13 30.13 30.12 30.12
30.45 30.51 30.59 30.67 30.76 30.84 30.93 31.03 32.86 32.80 31.51 30.34 29.24 30.27 30.53 29.47 28.79 30.56 31.35 29.46 29.18 30.27 28.50 28.56 30.69 28.61 28.65 30.13 30.21 30.20 30.19 30.18 30.18 30.17 30.16 30.16 30.16 30.16 30.16 30.15 30.15 30.15 30.14 30.14 30.13 30.13 30.13 30.12 30.12 30.12
30.36 30.43 30.51 30.62 30.74 30.86 31.01 32.85 32.25 30.52 31.32 30.02 29.16 29.02 29.10 28.25 28.82 29.04 29.86 28.70 30.90 30.97 29.99 30.64 31.68 29.01 30.08 30.20 30.18 30.17 30.17 30.16 30.16 30.15 30.15 30.15 30.14 30.15 30.15 30.14 30.14 30.14 30.13 30.13 30.13 30.12 30.12 30.12 30.12 30.12
30.28 30.32 30.39 30.48 30.62 30.81 32.68 32.23 30.78 30.01 29.30 29.47 29.29 28.97 29.45 28.34 27.80 28.93 30.11 28.79 31.49 29.88 31.29 30.20 30.22 30.13 30.18 30.18 30.16 30.16 30.16 30.15 30.15 30.15 30.14 30.14 30.14 30.14 30.14 30.14 30.13 30.13 30.13 30.13 30.12 30.12 30.12 30.12 30.12 30.12
30.22 30.24 30.28 30.34 30.44 30.57 31.60 31.95 30.81 30.53 31.60 30.80 31.24 29.93 30.41 29.56 29.02 29.56 30.60 31.01 31.68 32.15 31.39 30.12 30.18 30.18 30.17 30.16 30.15 30.15 30.15 30.14 30.14 30.14 30.13 30.13 30.13 30.13 30.13 30.13 30.13 30.12 30.12 30.12 30.12 30.12 30.12 30.12 30.12 30.11
30.19 30.21 30.24 30.28 30.34 30.42 30.50 30.56 30.56 30.02 30.77 31.84 32.12 31.18 31.89 30.29 31.35 30.24 31.06 31.62 31.75 32.23 31.53 32.19 30.10 30.16 30.15 30.15 30.15 30.14 30.14 30.14 30.13 30.13 30.13 30.13 30.13 30.13 30.13 30.12 30.12 30.12 30.12 30.12 30.12 30.12 30.12 30.12 30.11 30.11
30.16 30.19 30.22 30.26 30.32 30.38 30.44 30.48 30.53 30.58 30.65 30.72 30.78 32.15 31.84 31.44 31.68 30.83 31.40 31.19 31.64 31.38 30.05 30.14 30.16 30.15 30.14 30.14 30.14 30.14 30.13 30.13 30.13 30.13 30.12 30.13 30.12 30.12 30.12 30.12 30.12 30.12 30.12 30.12 30.11 30.11 30.11 30.11 30.11 30.11
30.14 30.16 30.19 30.22 30.26 30.31 30.35 30.40 30.45 30.51 30.58 30.67 30.76 32.28 31.88 31.72 31.66 30.76 31.22 31.55 31.64 31.33 30.03 30.16 30.15 30.14 30.14 30.13 30.13 30.13 30.13 30.13 30.12 30.12 30.12 30.12 30.12 30.12 30.12 30.11 30.11 30.11 30.11 30.11 30.11 30.11 30.11 30.11 30.11 30.11
30.12 30.14 30.16 30.18 30.21 30.24 30.27 30.30 30.34 30.38 30.45 30.54 30.66 32.34 32.05 31.87 31.59 31.22 31.22 31.42 31.57 30.02 30.16 30.14 30.14 30.13 30.13 30.13 30.12 30.12 30.12 30.12 30.12 30.12 30.12 30.11 30.11 30.11 30.11 30.11 30.11 30.11 30.11 30.11 30.11 30.10 30.10 30.10 30.10 30.10
30.11 30.12 30.14 30.16 30.18 30.19 30.21 30.22 30.24 30.27 30.29 30.34 30.41 30.52 32.06 31.82 31.00 31.27 31.68 31.36 29.97 30.15 30.14 30.13 30.13 30.13 30.12 30.12 30.12 30.12 30.12 30.12 30.11 30.11 30.11 30.11 30.11 30.11 30.11 30.11 30.11 30.11 30.11 30.10 30.10 30.10 30.10 30.10 30.10 30.10
30.10 30.11 30.13 30.14 30.15 30.16 30.17 30.18 30.18 30.19 30.19 30.20 30.21 30.22 30.23 30.23 30.22 29.97 30.17 30.17 30.14 30.14 30.13 30.12 30.12 30.12 30.11 30.11 30.11 30.11 30.11 30.11 30.11 30.11 30.11 30.10 30.10 30.10 30.10 30.10 30.10 30.10 30.10 30.10 30.10 30.10 30.10 30.10 30.10 30.10
30.10 30.11 30.11 30.12 30.13 30.14 30.14 30.15 30.15 30.15 30.15 30.16 30.16 30.16 30.17 30.17 30.16 29.93 30.15 30.15 30.14 30.13 30.12 30.12 30.12 30.11 30.11 30.11 30.11 30.11 30.11 30.11 30.10 30.10 30.10 30.10 30.10 30.10 30.10 30.10 30.10 30.10 30.10 30.10 30.10 30.10 30.10 30.10 30.10 30.10
30.09 30.10 30.10 30.11 30.11 30.12 30.12 30.12 30.12 30.13 30.13 30.13 30.14 30.14 30.14 30.14 30.14 30.14 30.14 30.13 30.13 30.12 30.12 30.11 30.11 30.11 30.10 30.10 30.10 30.10 30.10 30.10 30.10 30.10 30.10 30.10 30.10 30.10 30.10 30.10 30.10 30.10 30.09 30.09 30.09 30.10 30.09 30.09 30.09 30.09
30.09 30.09 30.10 30.10 30.10 30.10 30.11 30.11 30.11 30.11 30.11 30.12 30.12 30.12 30.12 30.12 30.13 30.13 30.13 30.12 30.12 30.12 30.11 30.11 30.11 30.10 30.10 30.10 30.10 30.10 30.10 30.10 30.10 30.10 30.10 30.09 30.09 30.09 30.09 30.09 30.09 30.09 30.09 30.09 30.09 30.09 30.09 30.09 30.09 30.09
30.08 30.09 30.09 30.09 30.09 30.09 30.10 30.10 30.10 30.10 30.10 30.11 30.11 30.11 30.11 30.11 30.12 30.12 30.12 30.12 30.11 30.11 30.11 30.10 30.10 30.10 30.10 30.10 30.10 30.10 30.09 30.09 30.09 30.09 30.09 30.09 30.09 30.09 30.09 30.09 30.09 30.09 30.09 30.09 30.09 30.09 30.09 30.09 30.09 30.09
30.08 30.08 30.08 30.08 30.08 30.09 30.09 30.09 30.09 30.10 30.10 30.10 30.10 30.10 30.10 30.11 30.11 30.11 30.11 30.11 30.11 30.10 30.10 30.10 30.10 30.10 30.09 30.09 30.09 30.09 30.09 30.09 30.09 30.09 30.09 30.09 30.09 30.09 30.09 30.09 30.09 30.09 30.09 30.09 30.08 30.08 30.09 30.09 30.09 30.08
