Raw_GIS_Data/Climate_scenarios_straight/ProcessedData/month_7_maxTemp_present.asc
NCOLS 50
NROWS 26
XLLCENTER 512998.000000
YLLCENTER 8407694.000000
CELLSIZE 800.000000
NODATA_value -999.000000
27.11 27.11 27.11 27.12 27.12 27.11 27.11 27.11 27.11 27.11 27.11 27.12 27.12 27.12 27.13 27.13 27.14 27.14 27.15 27.15 27.15 27.15 27.15 27.15 27.14 27.13 27.12 27.12 27.12 27.11 27.11 27.11 27.10 27.10 27.09 27.09 27.08 27.08 27.07 27.07 27.06 27.05 27.05 27.05 27.05 27.05 27.05 27.05 27.05 27.05
27.12 27.12 27.12 27.12 27.12 27.12 27.12 27.11 27.11 27.12 27.12 27.12 27.12 27.12 27.13 27.13 27.14 27.15 27.16 27.17 27.17 27.18 27.18 27.18 27.18 27.17 27.16 27.14 27.14 27.13 27.14 27.13 27.13 27.12 27.12 27.11 27.11 27.10 27.09 27.09 27.07 27.06 27.05 27.05 27.05 27.05 27.05 27.05 27.05 27.05
27.13 27.13 27.13 27.13 27.13 27.13 27.13 27.12 27.12 27.12 27.12 27.12 27.12 27.13 27.13 27.14 27.14 27.15 27.16 27.18 27.19 27.21 27.22 27.23 27.24 27.24 27.23 27.21 27.18 27.16 27.17 27.17 27.17 27.15 27.15 27.14 27.14 27.13 27.13 27.12 27.12 27.11 27.08 27.05 27.04 27.05 27.04 27.05 27.05 27.05
27.14 27.14 27.14 27.14 27.14 27.14 27.14 27.14 27.13 27.13 27.13 27.13 27.13 27.13 27.14 27.14 27.14 27.15 27.16 27.18 27.20 27.22 27.25 27.28 27.32 27.35 27.40 28.74 27.78 27.17 27.21 27.22 27.25 27.22 27.20 27.19 27.20 27.17 27.18 27.19 27.21 27.24 28.55 28.37 26.99 27.05 27.04 27.04 27.04 27.04
27.14 27.15 27.15 27.15 27.15 27.15 27.15 27.15 27.15 27.15 27.15 27.15 27.15 27.15 27.15 27.15 27.16 27.16 27.17 27.19 27.21 27.23 27.27 27.33 27.42 28.75 28.34 27.81 27.25 28.41 26.50 27.08 28.72 28.37 26.34 27.11 28.68 27.23 27.24 27.25 27.30 28.69 28.04 27.70 26.98 27.05 27.04 27.04 27.04 27.04
27.16 27.16 27.16 27.17 27.17 27.17 27.17 27.17 27.17 27.17 27.16 27.16 27.17 27.17 27.17 27.17 27.18 27.18 27.19 27.21 27.23 27.26 27.30 27.39 28.70 27.22 26.33 25.55 25.86 26.05 25.25 25.16 28.49 26.36 28.52 27.14 26.97 27.64 27.74 27.42 27.66 28.70 26.99 26.83 26.63 27.04 27.04 27.04 27.04 27.04
27.17 27.18 27.18 27.19 27.19 27.19 27.20 27.20 27.19 27.19 27.19 27.19 27.19 27.19 27.20 27.20 27.21 27.22 27.23 27.25 27.28 27.33 27.40 28.70 26.71 26.86 25.91 25.57 27.07 27.84 27.78 27.44 27.29 26.19 26.38 25.63 27.36 28.51 27.99 26.29 27.50 28.08 27.18 27.45 26.96 27.04 27.04 27.04 27.04 27.04
27.18 27.19 27.20 27.21 27.22 27.22 27.23 27.23 27.23 27.23 27.23 27.23 27.23 27.23 27.23 27.24 27.26 27.27 27.28 27.30 27.35 27.44 28.78 27.46 26.87 28.30 27.22 27.25 27.31 27.43 28.76 26.35 24.67 26.09 25.57 26.33 27.25 27.31 28.67 28.39 26.57 26.98 26.87 27.10 27.08 27.05 27.03 27.04 27.04 27.04
27.20 27.21 27.23 27.24 27.25 27.26 27.27 27.28 27.28 27.28 27.28 27.28 27.28 27.28 27.29 27.29 27.31 27.34 27.36 27.38 27.40 27.46 28.62 26.35 27.88 27.50 27.24 27.39 27.19 27.30 28.63 26.52 28.05 26.53 27.11 27.09 27.15 27.16 27.16 26.24 27.10 27.10 27.12 27.16 28.55 28.34 26.76 27.04 27.03 27.03
27.22 27.24 27.26 27.28 27.30 27.32 27.34 27.35 27.36 27.37 27.38 27.37 27.37 27.37 27.37 27.37 27.38 27.42 27.50 28.78 28.25 26.17 28.51 27.86 25.95 24.70 26.93 27.50 26.75 27.16 27.18 26.86 27.00 27.13 27.11 27.11 27.10 27.10 27.10 27.09 27.08 27.08 27.08 27.08 27.08 27.03 26.53 27.03 27.03 27.03
27.24 27.26 27.30 27.33 27.36 27.40 27.43 27.47 27.51 27.57 28.92 27.84 27.54 27.63 28.53 28.21 26.89 28.35 28.70 27.25 27.31 26.21 26.94 24.75 25.12 23.15 25.43 26.82 26.42 27.12 27.13 27.12 27.11 27.10 27.09 27.08 27.08 27.08 27.07 27.07 27.07 27.06 27.06 27.06 27.05 27.04 27.03 27.03 27.03 27.03
27.23 27.27 27.31 27.36 27.41 27.47 27.53 27.61 28.96 28.93 27.72 26.63 25.58 26.65 26.98 26.01 25.37 27.12 27.89 26.01 25.70 26.74 25.01 25.09 27.15 25.21 25.54 27.03 27.11 27.10 27.09 27.09 27.08 27.08 27.07 27.07 27.06 27.06 27.06 27.06 27.06 27.05 27.05 27.05 27.04 27.04 27.03 27.03 27.03 27.03
27.20 27.24 27.29 27.35 27.42 27.50 27.61 28.99 28.39 26.71 27.64 26.49 25.66 25.52 25.61 24.80 25.39 25.60 26.42 25.31 27.43 27.49 26.50 27.13 28.17 25.90 26.98 27.11 27.09 27.08 27.08 27.07 27.07 27.06 27.06 27.06 27.06 27.05 27.05 27.05 27.05 27.05 27.04 27.04 27.04 27.03 27.03 27.03 27.03 27.03
27.16 27.18 27.22 27.28 27.36 27.50 28.91 28.43 26.99 26.24 25.71 25.95 25.79 25.45 25.88 24.86 24.37 25.47 26.62 25.38 28.00 26.46 27.89 27.09 27.12 27.04 27.09 27.09 27.07 27.07 27.06 27.06 27.06 27.05 27.05 27.05 27.05 27.05 27.05 27.04 27.04 27.04 27.04 27.04 27.03 27.03 27.03 27.03 27.03 27.03
27.11 27.13 27.15 27.19 27.27 27.35 27.98 28.36 27.23 26.96 28.05 27.27 27.72 26.40 26.78 25.97 25.45 25.95 26.97 27.41 28.12 28.59 27.97 27.02 27.09 27.09 27.08 27.07 27.06 27.06 27.06 27.05 27.05 27.05 27.05 27.05 27.04 27.04 27.04 27.04 27.04 27.04 27.04 27.03 27.03 27.03 27.03 27.03 27.03 27.02
27.09 27.10 27.13 27.16 27.21 27.27 27.34 27.39 27.36 26.79 27.54 28.30 28.65 27.79 28.55 26.90 27.69 26.66 27.46 28.03 28.21 28.65 28.07 28.66 27.02 27.07 27.07 27.06 27.06 27.05 27.05 27.05 27.04 27.04 27.04 27.04 27.04 27.04 27.03 27.03 27.03 27.03 27.03 27.03 27.03 27.03 27.03 27.03 27.03 27.02
27.08 27.10 27.12 27.16 27.20 27.25 27.30 27.33 27.36 27.40 27.45 27.52 27.58 28.82 28.56 28.09 28.08 27.24 27.82 27.74 28.17 27.99 26.96 27.04 27.07 27.07 27.06 27.06 27.05 27.05 27.04 27.04 27.04 27.04 27.04 27.04 27.03 27.03 27.03 27.03 27.03 27.03 27.03 27.03 27.02 27.02 27.02 27.02 27.02 27.02
27.07 27.09 27.11 27.14 27.18 27.21 27.24 27.27 27.31 27.35 27.40 27.47 27.55 28.95 28.60 28.36 28.09 27.23 27.71 28.04 28.17 27.93 26.94 27.08 27.06 27.06 27.05 27.05 27.04 27.04 27.04 27.03 27.03 27.03 27.03 27.03 27.03 27.03 27.03 27.03 27.02 27.02 27.02 27.02 27.02 27.02 27.02 27.02 27.02 27.02
27.06 27.07 27.09 27.12 27.15 27.17 27.19 27.21 27.24 27.27 27.32 27.38 27.47 28.87 28.62 28.41 27.99 27.66 27.70 27.92 28.10 26.94 27.07 27.06 27.06 27.05 27.05 27.04 27.04 27.03 27.03 27.03 27.03 27.03 27.03 27.03 27.03 27.03 27.02 27.02 27.02 27.02 27.02 27.02 27.02 27.02 27.02 27.02 27.02 27.02
27.05 27.06 27.08 27.10 27.12 27.13 27.14 27.16 27.17 27.19 27.22 27.25 27.30 27.38 28.53 28.28 27.44 27.71 28.17 27.90 26.90 27.07 27.06 27.05 27.05 27.05 27.04 27.04 27.03 27.03 27.03 27.03 27.03 27.02 27.02 27.02 27.02 27.02 27.02 27.02 27.02 27.02 27.02 27.02 27.02 27.02 27.02 27.01 27.02 27.02
27.04 27.05 27.07 27.08 27.09 27.09 27.10 27.11 27.12 27.13 27.14 27.15 27.16 27.17 27.17 27.16 27.15 26.90 27.10 27.09 27.07 27.06 27.05 27.05 27.05 27.04 27.04 27.03 27.03 27.02 27.02 27.02 27.02 27.02 27.02 27.02 27.02 27.02 27.02 27.02 27.02 27.02 27.02 27.01 27.01 27.01 27.01 27.01 27.01 27.01
27.03 27.04 27.05 27.06 27.06 27.07 27.07 27.08 27.08 27.09 27.09 27.10 27.10 27.10 27.10 27.10 27.10 26.86 27.07 27.07 27.06 27.05 27.05 27.04 27.04 27.04 27.03 27.03 27.02 27.02 27.02 27.02 27.02 27.02 27.02 27.02 27.01 27.01 27.01 27.01 27.01 27.01 27.01 27.01 27.01 27.01 27.01 27.01 27.01 27.01
27.03 27.03 27.04 27.04 27.05 27.05 27.05 27.06 27.06 27.06 27.07 27.07 27.07 27.07 27.07 27.07 27.07 27.07 27.06 27.06 27.05 27.05 27.04 27.04 27.03 27.03 27.03 27.03 27.02 27.02 27.02 27.02 27.01 27.01 27.01 27.01 27.01 27.01 27.01 27.01 27.01 27.01 27.01 27.01 27.01 27.01 27.01 27.01 27.01 27.01
27.02 27.03 27.03 27.03 27.03 27.04 27.04 27.04 27.04 27.05 27.05 27.05 27.05 27.05 27.05 27.06 27.06 27.06 27.05 27.05 27.04 27.04 27.04 27.03 27.03 27.03 27.03 27.02 27.02 27.02 27.02 27.01 27.01 27.01 27.01 27.01 27.01 27.01 27.01 27.01 27.01 27.01 27.01 27.01 27.01 27.00 27.01 27.01 27.01 27.01
27.01 27.02 27.02 27.02 27.03 27.03 27.03 27.03 27.03 27.03 27.04 27.04 27.04 27.04 27.04 27.05 27.05 27.05 27.04 27.04 27.04 27.03 27.03 27.03 27.03 27.02 27.02 27.02 27.02 27.02 27.01 27.01 27.01 27.01 27.01 27.01 27.01 27.01 27.01 27.01 27.00 27.00 27.00 27.00 27.00 27.00 27.00 27.00 27.00 27.00
27.01 27.01 27.01 27.02 27.02 27.02 27.02 27.02 27.02 27.03 27.03 27.03 27.03 27.03 27.03 27.04 27.04 27.04 27.04 27.03 27.03 27.03 27.03 27.02 27.02 27.02 27.02 27.01 27.01 27.01 27.01 27.01 27.01 27.01 27.00 27.00 27.00 27.00 27.00 27.00 27.00 27.00 27.00 27.00 27.00 27.00 27.00 27.00 27.00 27.00
