Raw_GIS_Data/Climate_scenarios_straight/ProcessedData/month_7_maxTemp_rcp45.asc
NCOLS 50
NROWS 26
XLLCENTER 512998.000000
YLLCENTER 8407694.000000
CELLSIZE 800.000000
NODATA_value -999.000000
28.44 28.44 28.44 28.43 28.43 28.44 28.44 28.44 28.44 28.44 28.44 28.44 28.44 28.44 28.44 28.45 28.45 28.45 28.46 28.47 28.47 28.47 28.47 28.46 28.45 28.45 28.44 28.44 28.43 28.43 28.43 28.43 28.43 28.42 28.42 28.42 28.41 28.41 28.40 28.40 28.39 28.39 28.39 28.39 28.39 28.39 28.39 28.39 28.39 28.39
28.44 28.44 28.44 28.44 28.44 28.44 28.44 28.44 28.44 28.44 28.44 28.44 28.44 28.45 28.45 28.45 28.46 28.46 28.47 28.47 28.48 28.49 28.50 28.50 28.49 28.48 28.47 28.46 28.45 28.45 28.45 28.45 28.45 28.44 28.44 28.43 28.43 28.43 28.42 28.41 28.40 28.40 28.39 28.38 28.38 28.38 28.38 28.38 28.38 28.38
28.45 28.45 28.45 28.45 28.45 28.45 28.45 28.45 28.45 28.45 28.45 28.45 28.45 28.45 28.45 28.45 28.46 28.46 28.47 28.48 28.50 28.51 28.53 28.54 28.54 28.54 28.54 28.52 28.48 28.47 28.47 28.48 28.48 28.47 28.46 28.46 28.46 28.45 28.45 28.45 28.44 28.43 28.41 28.39 28.38 28.38 28.38 28.38 28.38 28.38
28.46 28.46 28.46 28.46 28.46 28.46 28.46 28.46 28.46 28.46 28.46 28.46 28.46 28.46 28.46 28.46 28.46 28.47 28.48 28.49 28.50 28.52 28.55 28.58 28.61 28.65 28.69 29.92 28.96 28.47 28.52 28.52 28.55 28.53 28.50 28.50 28.51 28.49 28.50 28.51 28.53 28.55 29.76 29.59 28.33 28.38 28.38 28.38 28.38 28.38
28.47 28.47 28.47 28.47 28.47 28.47 28.47 28.47 28.47 28.47 28.47 28.47 28.47 28.47 28.47 28.47 28.47 28.48 28.49 28.50 28.51 28.54 28.58 28.63 28.71 29.97 29.54 28.98 28.42 29.59 27.71 28.37 29.90 29.56 27.53 28.41 29.87 28.54 28.56 28.57 28.61 29.91 29.25 28.92 28.32 28.38 28.38 28.38 28.38 28.38
28.48 28.48 28.49 28.49 28.49 28.49 28.49 28.48 28.48 28.48 28.48 28.48 28.48 28.48 28.49 28.49 28.49 28.50 28.51 28.52 28.54 28.57 28.61 28.69 29.91 28.41 27.52 26.75 27.06 27.27 26.48 26.40 29.68 27.56 29.69 28.31 28.14 28.81 28.93 28.61 28.86 29.90 28.19 28.04 27.97 28.38 28.38 28.37 28.37 28.37
28.49 28.50 28.50 28.51 28.51 28.51 28.51 28.51 28.51 28.51 28.51 28.50 28.50 28.50 28.51 28.51 28.52 28.53 28.54 28.56 28.59 28.62 28.69 29.92 27.92 28.06 27.11 26.78 28.37 29.05 29.00 28.65 28.50 27.40 27.58 26.83 28.56 29.71 29.19 27.50 28.72 29.29 28.40 28.68 28.30 28.38 28.37 28.37 28.37 28.37
28.51 28.52 28.52 28.53 28.54 28.54 28.54 28.54 28.54 28.54 28.54 28.54 28.53 28.53 28.54 28.54 28.55 28.57 28.58 28.61 28.65 28.73 29.99 28.68 28.09 29.51 28.55 28.58 28.63 28.73 29.99 27.58 25.92 27.32 26.80 27.66 28.57 28.62 29.88 29.61 27.80 28.30 28.19 28.43 28.41 28.38 28.37 28.37 28.37 28.37
28.52 28.53 28.54 28.56 28.57 28.58 28.59 28.59 28.60 28.60 28.60 28.59 28.59 28.58 28.58 28.59 28.60 28.63 28.66 28.68 28.70 28.76 29.82 27.58 29.10 28.71 28.45 28.61 28.53 28.64 29.89 27.76 29.29 27.76 28.44 28.42 28.48 28.48 28.48 27.56 28.42 28.43 28.44 28.49 29.82 29.62 28.09 28.37 28.37 28.36
28.53 28.55 28.57 28.59 28.61 28.63 28.64 28.66 28.67 28.68 28.68 28.67 28.67 28.66 28.65 28.65 28.66 28.70 28.78 29.97 29.45 27.39 29.71 29.09 27.20 25.96 28.15 28.71 28.09 28.50 28.52 28.20 28.33 28.46 28.44 28.44 28.43 28.42 28.41 28.41 28.40 28.40 28.40 28.40 28.40 28.35 27.86 28.36 28.36 28.36
28.54 28.56 28.59 28.62 28.66 28.69 28.73 28.76 28.80 28.86 30.14 29.03 28.70 28.77 29.67 29.37 28.07 29.51 29.86 28.44 28.51 27.43 28.17 26.01 26.38 24.46 26.68 28.04 27.76 28.46 28.46 28.45 28.44 28.43 28.42 28.41 28.40 28.40 28.39 28.39 28.39 28.39 28.38 28.38 28.37 28.37 28.36 28.36 28.36 28.36
28.54 28.57 28.61 28.65 28.70 28.75 28.81 28.89 30.20 30.15 28.92 27.83 26.78 27.83 28.17 27.23 26.60 28.34 29.11 27.25 26.94 27.98 26.28 26.35 28.39 26.47 26.88 28.36 28.44 28.43 28.43 28.42 28.41 28.41 28.40 28.39 28.39 28.39 28.38 28.38 28.38 28.38 28.37 28.37 28.37 28.36 28.36 28.36 28.36 28.36
28.52 28.55 28.59 28.64 28.71 28.78 28.88 30.23 29.61 27.92 28.83 27.69 26.87 26.74 26.85 26.06 26.64 26.85 27.66 26.56 28.65 28.70 27.73 28.34 29.40 27.24 28.32 28.44 28.42 28.41 28.40 28.40 28.40 28.39 28.39 28.38 28.38 28.38 28.38 28.37 28.37 28.37 28.37 28.36 28.36 28.36 28.36 28.36 28.36 28.36
28.47 28.49 28.53 28.58 28.66 28.77 30.14 29.66 28.21 27.46 26.93 27.18 27.02 26.68 27.12 26.13 25.63 26.71 27.85 26.62 29.21 27.68 29.06 28.43 28.46 28.37 28.42 28.42 28.40 28.40 28.39 28.39 28.39 28.38 28.38 28.38 28.37 28.37 28.37 28.37 28.37 28.37 28.36 28.36 28.36 28.36 28.35 28.35 28.35 28.35
28.43 28.44 28.47 28.50 28.57 28.65 29.21 29.58 28.46 28.20 29.28 28.51 28.95 27.64 28.02 27.22 26.69 27.19 28.19 28.62 29.32 29.88 29.14 28.35 28.42 28.42 28.41 28.40 28.39 28.38 28.38 28.38 28.38 28.38 28.37 28.37 28.37 28.37 28.37 28.36 28.36 28.36 28.36 28.36 28.35 28.35 28.35 28.35 28.35 28.35
28.41 28.42 28.44 28.48 28.53 28.60 28.67 28.71 28.69 28.11 28.85 29.54 29.87 29.01 29.76 28.12 28.90 27.86 28.65 29.23 29.41 29.95 29.28 29.98 28.35 28.40 28.39 28.38 28.38 28.38 28.37 28.37 28.37 28.37 28.37 28.37 28.36 28.36 28.36 28.36 28.36 28.36 28.35 28.35 28.35 28.35 28.35 28.35 28.35 28.35
28.40 28.42 28.45 28.48 28.53 28.58 28.62 28.65 28.68 28.72 28.76 28.82 28.88 30.05 29.78 29.30 29.28 28.43 29.00 28.90 29.36 29.20 28.29 28.37 28.39 28.39 28.38 28.38 28.37 28.37 28.37 28.37 28.37 28.36 28.36 28.36 28.36 28.36 28.36 28.36 28.35 28.35 28.35 28.35 28.35 28.35 28.34 28.34 28.34 28.34
28.40 28.42 28.44 28.47 28.51 28.54 28.57 28.60 28.63 28.67 28.72 28.78 28.86 30.20 29.82 29.57 29.28 28.42 28.90 29.23 29.38 29.16 28.27 28.40 28.39 28.38 28.37 28.37 28.36 28.36 28.36 28.36 28.36 28.36 28.36 28.35 28.35 28.35 28.35 28.35 28.35 28.35 28.35 28.34 28.34 28.34 28.34 28.34 28.34 28.34
28.39 28.41 28.43 28.45 28.48 28.50 28.53 28.55 28.58 28.61 28.65 28.70 28.79 30.12 29.85 29.62 29.19 28.85 28.89 29.13 29.32 28.26 28.40 28.39 28.38 28.37 28.37 28.36 28.36 28.36 28.36 28.36 28.36 28.35 28.35 28.35 28.35 28.35 28.35 28.35 28.35 28.35 28.34 28.34 28.34 28.34 28.34 28.34 28.34 28.34
28.38 28.40 28.42 28.43 28.45 28.46 28.48 28.50 28.51 28.53 28.56 28.59 28.63 28.69 29.77 29.49 28.64 28.91 29.37 29.12 28.22 28.39 28.38 28.38 28.37 28.37 28.36 28.36 28.36 28.35 28.35 28.35 28.35 28.35 28.35 28.35 28.35 28.35 28.34 28.34 28.34 28.34 28.34 28.34 28.34 28.34 28.34 28.34 28.34 28.34
28.38 28.39 28.40 28.41 28.42 28.43 28.44 28.45 28.45 28.46 28.47 28.48 28.48 28.49 28.49 28.48 28.46 28.21 28.41 28.40 28.38 28.38 28.37 28.37 28.37 28.36 28.36 28.35 28.35 28.35 28.35 28.35 28.35 28.35 28.35 28.34 28.34 28.34 28.34 28.34 28.34 28.34 28.34 28.33 28.33 28.33 28.33 28.33 28.33 28.33
28.37 28.38 28.38 28.39 28.40 28.40 28.41 28.41 28.41 28.42 28.42 28.42 28.42 28.42 28.42 28.41 28.40 28.17 28.38 28.38 28.38 28.37 28.37 28.36 28.36 28.36 28.35 28.35 28.35 28.35 28.35 28.35 28.35 28.35 28.34 28.34 28.34 28.34 28.34 28.34 28.34 28.33 28.33 28.33 28.33 28.33 28.33 28.33 28.33 28.33
28.36 28.37 28.37 28.37 28.38 28.38 28.38 28.39 28.39 28.39 28.39 28.39 28.39 28.39 28.39 28.38 28.38 28.38 28.37 28.37 28.37 28.37 28.36 28.36 28.36 28.35 28.35 28.35 28.35 28.34 28.34 28.34 28.34 28.34 28.34 28.34 28.34 28.34 28.34 28.33 28.33 28.33 28.33 28.33 28.33 28.33 28.33 28.33 28.33 28.33
28.35 28.36 28.36 28.36 28.36 28.36 28.36 28.37 28.37 28.37 28.37 28.37 28.37 28.37 28.37 28.37 28.37 28.37 28.37 28.36 28.36 28.36 28.36 28.35 28.35 28.35 28.35 28.34 28.34 28.34 28.34 28.34 28.34 28.34 28.34 28.34 28.33 28.33 28.33 28.33 28.33 28.33 28.33 28.33 28.33 28.32 28.33 28.33 28.33 28.32
28.35 28.35 28.35 28.35 28.35 28.35 28.35 28.35 28.35 28.36 28.36 28.36 28.36 28.36 28.36 28.36 28.36 28.36 28.36 28.36 28.36 28.35 28.35 28.35 28.35 28.34 28.34 28.34 28.34 28.34 28.34 28.34 28.34 28.33 28.33 28.33 28.33 28.33 28.33 28.33 28.33 28.33 28.33 28.33 28.32 28.32 28.32 28.32 28.32 28.32
28.34 28.34 28.34 28.34 28.34 28.34 28.34 28.34 28.35 28.35 28.35 28.35 28.35 28.35 28.35 28.35 28.35 28.35 28.35 28.35 28.35 28.35 28.35 28.34 28.34 28.34 28.34 28.34 28.33 28.33 28.33 28.33 28.33 28.33 28.33 28.33 28.33 28.33 28.33 28.33 28.32 28.32 28.32 28.32 28.32 28.32 28.32 28.32 28.32 28.32
