Raw_GIS_Data/Climate_scenarios_straight/ProcessedData/month_11_maxTemp_rcp45.asc
NCOLS 50
NROWS 26
XLLCENTER 512998.000000
YLLCENTER 8407694.000000
CELLSIZE 800.000000
NODATA_value -999.000000
29.62 29.62 29.62 29.62 29.62 29.62 29.61 29.61 29.61 29.61 29.60 29.60 29.60 29.60 29.61 29.61 29.62 29.63 29.63 29.64 29.64 29.64 29.64 29.64 29.63 29.63 29.62 29.62 29.61 29.61 29.61 29.60 29.60 29.60 29.59 29.59 29.58 29.58 29.57 29.56 29.56 29.55 29.55 29.55 29.55 29.55 29.55 29.55 29.55 29.55
29.62 29.62 29.63 29.63 29.63 29.62 29.62 29.62 29.62 29.61 29.61 29.61 29.61 29.61 29.61 29.61 29.62 29.62 29.63 29.64 29.65 29.66 29.67 29.67 29.67 29.66 29.65 29.64 29.63 29.63 29.63 29.63 29.62 29.62 29.61 29.61 29.61 29.60 29.59 29.58 29.57 29.56 29.55 29.55 29.55 29.55 29.55 29.55 29.55 29.55
29.62 29.63 29.63 29.63 29.63 29.63 29.63 29.63 29.63 29.62 29.62 29.62 29.62 29.62 29.62 29.62 29.62 29.63 29.63 29.64 29.66 29.67 29.69 29.71 29.72 29.72 29.72 29.70 29.66 29.64 29.65 29.66 29.66 29.65 29.64 29.64 29.63 29.63 29.62 29.62 29.62 29.60 29.58 29.55 29.54 29.55 29.55 29.55 29.55 29.55
29.63 29.63 29.64 29.64 29.64 29.64 29.64 29.64 29.64 29.64 29.63 29.63 29.63 29.63 29.63 29.63 29.63 29.63 29.64 29.65 29.67 29.69 29.72 29.76 29.80 29.85 29.92 31.57 30.62 29.65 29.69 29.70 29.72 29.70 29.69 29.68 29.69 29.67 29.68 29.69 29.72 29.76 31.35 31.16 29.49 29.55 29.54 29.55 29.54 29.54
29.63 29.64 29.65 29.65 29.65 29.65 29.65 29.65 29.65 29.65 29.65 29.65 29.65 29.64 29.65 29.65 29.65 29.65 29.66 29.67 29.69 29.72 29.76 29.82 29.93 31.56 31.17 30.71 30.13 31.27 29.34 29.58 31.37 31.04 29.05 29.62 31.41 29.73 29.76 29.78 29.85 31.49 30.87 30.52 29.48 29.55 29.54 29.54 29.54 29.54
29.64 29.65 29.65 29.66 29.66 29.67 29.67 29.67 29.67 29.67 29.66 29.67 29.67 29.67 29.67 29.67 29.68 29.69 29.70 29.72 29.74 29.77 29.82 29.93 31.54 30.03 29.20 28.55 28.84 28.98 28.16 28.05 31.34 29.17 31.28 29.91 29.79 30.43 30.53 30.20 30.47 31.52 29.84 29.67 29.13 29.55 29.54 29.54 29.54 29.54
29.66 29.66 29.67 29.68 29.68 29.69 29.69 29.69 29.69 29.69 29.69 29.69 29.69 29.70 29.71 29.71 29.72 29.74 29.75 29.78 29.82 29.87 29.98 31.64 29.67 29.79 28.91 28.63 29.77 30.86 30.78 30.36 30.18 29.07 29.24 28.57 30.28 31.42 30.94 29.25 30.49 31.06 30.15 30.34 29.46 29.55 29.54 29.54 29.54 29.54
29.67 29.68 29.69 29.70 29.71 29.72 29.72 29.72 29.73 29.73 29.73 29.73 29.73 29.74 29.75 29.76 29.78 29.80 29.83 29.86 29.93 30.06 31.74 30.46 29.87 31.24 29.90 29.92 29.97 30.13 31.75 29.34 27.64 29.04 28.50 28.98 29.90 29.98 31.67 31.41 29.61 29.57 29.43 29.63 29.58 29.55 29.53 29.54 29.53 29.53
29.69 29.70 29.72 29.73 29.74 29.76 29.77 29.78 29.79 29.79 29.79 29.79 29.80 29.80 29.81 29.82 29.85 29.89 29.93 29.97 30.02 30.14 31.69 29.34 30.88 30.47 30.29 30.39 29.83 29.99 31.67 29.58 31.06 29.51 29.72 29.68 29.74 29.76 29.78 28.85 29.69 29.66 29.67 29.72 31.47 31.22 29.25 29.54 29.54 29.53
29.70 29.72 29.75 29.77 29.79 29.82 29.85 29.87 29.88 29.89 29.90 29.89 29.89 29.89 29.89 29.89 29.92 29.99 30.10 31.68 31.25 29.24 31.59 30.84 29.02 27.80 29.95 30.41 29.37 29.80 29.84 29.51 29.63 29.73 29.68 29.67 29.66 29.66 29.67 29.65 29.64 29.62 29.62 29.63 29.63 29.55 29.03 29.54 29.54 29.53
29.71 29.74 29.78 29.81 29.86 29.90 29.94 29.99 30.04 30.13 31.86 30.80 30.46 30.46 31.29 30.96 29.68 31.14 31.52 30.18 30.37 29.31 30.03 27.82 28.25 26.20 28.47 29.73 29.02 29.73 29.74 29.71 29.68 29.66 29.64 29.63 29.62 29.62 29.63 29.62 29.61 29.60 29.59 29.58 29.57 29.55 29.54 29.54 29.53 29.53
29.71 29.74 29.79 29.85 29.91 29.97 30.05 30.17 31.96 31.94 30.71 29.59 28.53 29.54 29.83 28.88 28.27 30.00 30.80 29.02 28.76 29.80 28.15 28.23 30.28 28.34 28.17 29.64 29.69 29.68 29.67 29.66 29.64 29.62 29.61 29.60 29.60 29.60 29.60 29.60 29.59 29.58 29.57 29.56 29.55 29.54 29.54 29.53 29.53 29.53
29.67 29.71 29.76 29.83 29.91 30.02 30.16 32.00 31.47 29.83 30.64 29.36 28.53 28.45 28.59 27.76 28.34 28.54 29.37 28.30 30.42 30.48 29.60 30.23 31.23 28.53 29.57 29.68 29.66 29.65 29.64 29.62 29.61 29.60 29.59 29.59 29.59 29.59 29.58 29.58 29.57 29.56 29.56 29.55 29.55 29.54 29.54 29.53 29.53 29.53
29.62 29.65 29.69 29.76 29.86 30.04 31.86 31.48 30.09 29.38 28.70 28.90 28.73 28.43 28.95 27.88 27.37 28.45 29.60 28.39 30.96 29.48 30.75 29.75 29.75 29.62 29.65 29.65 29.63 29.62 29.61 29.60 29.59 29.59 29.58 29.58 29.58 29.57 29.57 29.57 29.56 29.56 29.55 29.55 29.54 29.54 29.53 29.53 29.53 29.53
29.60 29.61 29.64 29.68 29.78 29.93 30.97 31.32 30.22 29.95 31.02 30.25 30.69 29.41 29.85 29.06 28.56 29.05 30.07 30.49 31.15 31.66 30.82 29.62 29.67 29.65 29.63 29.62 29.61 29.60 29.60 29.59 29.58 29.58 29.57 29.57 29.57 29.56 29.56 29.56 29.55 29.55 29.55 29.54 29.54 29.53 29.53 29.53 29.53 29.53
29.59 29.60 29.63 29.67 29.76 29.89 30.01 30.07 30.05 29.47 30.23 31.28 31.57 30.65 31.34 29.82 30.79 29.76 30.54 31.13 31.28 31.75 30.94 31.67 29.57 29.62 29.61 29.61 29.60 29.59 29.58 29.57 29.57 29.57 29.57 29.56 29.56 29.56 29.55 29.55 29.55 29.54 29.54 29.54 29.53 29.53 29.53 29.53 29.52 29.52
29.58 29.60 29.64 29.69 29.77 29.86 29.94 29.97 30.01 30.05 30.10 30.18 30.24 31.59 31.30 30.91 31.15 30.33 30.84 30.64 31.22 30.86 29.58 29.64 29.62 29.61 29.60 29.59 29.58 29.58 29.57 29.57 29.56 29.56 29.56 29.56 29.55 29.55 29.55 29.55 29.54 29.54 29.54 29.53 29.53 29.53 29.53 29.53 29.52 29.52
29.57 29.59 29.63 29.68 29.75 29.82 29.86 29.90 29.94 29.98 30.04 30.12 30.21 31.73 31.34 31.18 31.12 30.26 30.66 31.05 31.18 30.76 29.51 29.64 29.61 29.60 29.59 29.58 29.57 29.57 29.56 29.56 29.56 29.56 29.56 29.55 29.55 29.55 29.54 29.54 29.54 29.54 29.53 29.53 29.53 29.53 29.52 29.52 29.52 29.52
29.56 29.58 29.62 29.67 29.72 29.75 29.79 29.82 29.86 29.90 29.96 30.03 30.14 31.81 31.52 31.34 31.06 30.70 30.66 30.90 31.09 29.52 29.63 29.61 29.60 29.59 29.58 29.57 29.57 29.56 29.56 29.55 29.55 29.55 29.55 29.55 29.55 29.54 29.54 29.54 29.53 29.53 29.53 29.53 29.53 29.52 29.52 29.52 29.52 29.52
29.55 29.57 29.60 29.64 29.67 29.69 29.72 29.74 29.77 29.80 29.83 29.88 29.96 30.09 31.59 31.35 30.54 30.76 31.13 30.83 29.49 29.63 29.61 29.60 29.59 29.58 29.58 29.57 29.56 29.55 29.55 29.55 29.55 29.55 29.55 29.54 29.54 29.54 29.54 29.54 29.53 29.53 29.53 29.52 29.52 29.52 29.52 29.52 29.52 29.52
29.54 29.56 29.58 29.60 29.62 29.64 29.65 29.67 29.68 29.70 29.72 29.74 29.77 29.81 29.83 29.81 29.79 29.53 29.71 29.67 29.63 29.61 29.60 29.59 29.58 29.57 29.57 29.56 29.55 29.55 29.55 29.54 29.54 29.54 29.54 29.54 29.54 29.54 29.53 29.53 29.53 29.53 29.52 29.52 29.52 29.52 29.52 29.52 29.52 29.52
29.53 29.54 29.56 29.58 29.59 29.60 29.62 29.63 29.64 29.64 29.65 29.67 29.69 29.70 29.71 29.70 29.69 29.45 29.64 29.63 29.61 29.60 29.59 29.58 29.57 29.57 29.56 29.56 29.55 29.55 29.54 29.54 29.54 29.54 29.54 29.53 29.53 29.53 29.53 29.53 29.52 29.52 29.52 29.52 29.52 29.52 29.52 29.51 29.51 29.51
29.52 29.53 29.55 29.56 29.57 29.58 29.59 29.60 29.61 29.62 29.62 29.63 29.64 29.66 29.66 29.66 29.64 29.63 29.61 29.60 29.59 29.58 29.57 29.57 29.56 29.56 29.55 29.55 29.55 29.54 29.54 29.53 29.53 29.53 29.53 29.53 29.53 29.53 29.52 29.52 29.52 29.52 29.52 29.52 29.51 29.51 29.51 29.51 29.51 29.51
29.52 29.53 29.54 29.55 29.56 29.57 29.58 29.58 29.59 29.60 29.60 29.61 29.62 29.63 29.63 29.63 29.61 29.60 29.60 29.59 29.57 29.57 29.56 29.56 29.56 29.55 29.55 29.55 29.54 29.54 29.53 29.53 29.53 29.53 29.52 29.52 29.52 29.52 29.52 29.52 29.52 29.52 29.51 29.51 29.51 29.51 29.51 29.51 29.51 29.51
29.51 29.52 29.53 29.54 29.55 29.56 29.56 29.57 29.58 29.59 29.59 29.60 29.61 29.61 29.61 29.60 29.59 29.59 29.58 29.57 29.57 29.56 29.55 29.55 29.55 29.55 29.54 29.54 29.54 29.53 29.53 29.52 29.52 29.52 29.52 29.52 29.52 29.52 29.52 29.52 29.51 29.51 29.51 29.51 29.51 29.51 29.51 29.51 29.51 29.51
29.51 29.52 29.52 29.54 29.55 29.55 29.56 29.57 29.57 29.58 29.58 29.59 29.60 29.60 29.59 29.59 29.58 29.57 29.57 29.57 29.56 29.55 29.55 29.55 29.54 29.54 29.54 29.54 29.53 29.53 29.53 29.52 29.52 29.52 29.52 29.52 29.52 29.52 29.51 29.51 29.51 29.51 29.51 29.51 29.51 29.51 29.51 29.51 29.50 29.50
