Raw_GIS_Data/Climate_scenarios_straight/ProcessedData/month_6_maxTemp_rcp45.asc
NCOLS 50
NROWS 26
XLLCENTER 512998.000000
YLLCENTER 8407694.000000
CELLSIZE 800.000000
NODATA_value -999.000000
29.00 29.00 29.00 29.00 28.99 29.00 29.00 29.00 28.99 28.99 28.99 28.99 29.00 29.00 29.00 29.01 29.02 29.02 29.03 29.03 29.04 29.03 29.03 29.03 29.02 29.01 29.01 29.00 29.00 29.00 28.99 28.99 28.98 28.98 28.98 28.97 28.97 28.97 28.96 28.95 28.95 28.95 28.95 28.95 28.95 28.95 28.95 28.95 28.95 28.95
29.00 29.00 29.00 29.00 29.00 29.00 29.00 29.00 29.00 29.00 29.00 29.00 29.00 29.00 29.00 29.01 29.02 29.02 29.04 29.05 29.05 29.06 29.06 29.06 29.06 29.05 29.04 29.02 29.01 29.01 29.01 29.01 29.00 29.00 28.99 28.99 28.99 28.98 28.98 28.97 28.96 28.95 28.95 28.95 28.95 28.95 28.95 28.95 28.95 28.95
29.01 29.01 29.01 29.01 29.00 29.00 29.00 29.00 29.00 29.00 29.00 29.00 29.00 29.00 29.01 29.01 29.01 29.02 29.03 29.05 29.06 29.08 29.10 29.11 29.11 29.11 29.11 29.09 29.05 29.03 29.04 29.04 29.04 29.02 29.02 29.02 29.01 29.01 29.01 29.00 29.00 28.99 28.97 28.95 28.94 28.95 28.94 28.94 28.94 28.95
29.02 29.02 29.02 29.01 29.01 29.01 29.01 29.01 29.01 29.01 29.01 29.01 29.01 29.01 29.01 29.01 29.01 29.02 29.03 29.04 29.06 29.08 29.11 29.14 29.17 29.20 29.25 30.44 29.46 29.04 29.08 29.08 29.11 29.09 29.06 29.05 29.06 29.04 29.05 29.05 29.08 29.10 30.25 30.11 28.90 28.94 28.94 28.94 28.94 28.94
29.03 29.03 29.03 29.02 29.02 29.02 29.02 29.02 29.02 29.02 29.01 29.02 29.02 29.02 29.02 29.02 29.02 29.03 29.03 29.04 29.05 29.08 29.11 29.17 29.25 30.46 30.04 29.50 28.93 30.07 28.17 28.92 30.34 30.02 28.02 28.96 30.34 29.09 29.10 29.11 29.15 30.37 29.76 29.45 28.88 28.94 28.94 28.94 28.94 28.94
29.03 29.04 29.04 29.04 29.04 29.04 29.04 29.03 29.03 29.03 29.03 29.03 29.03 29.03 29.04 29.04 29.04 29.05 29.05 29.06 29.07 29.09 29.13 29.20 30.38 28.90 28.01 27.24 27.54 27.73 26.95 26.95 30.32 28.18 30.20 28.77 28.59 29.26 29.36 29.04 29.30 30.37 28.70 28.59 28.53 28.94 28.94 28.93 28.94 28.94
29.04 29.05 29.05 29.05 29.05 29.05 29.05 29.05 29.05 29.05 29.04 29.04 29.04 29.05 29.05 29.06 29.07 29.08 29.09 29.10 29.13 29.16 29.22 30.40 28.41 28.57 27.62 27.26 28.87 29.53 29.51 29.25 29.15 27.98 28.12 27.38 29.06 30.22 29.79 28.09 29.25 29.76 28.88 29.19 28.86 28.94 28.93 28.93 28.93 28.93
29.05 29.06 29.07 29.07 29.08 29.08 29.08 29.08 29.08 29.07 29.07 29.07 29.07 29.07 29.08 29.09 29.10 29.12 29.13 29.15 29.19 29.27 30.48 29.25 28.67 30.12 29.08 29.10 29.15 29.25 30.51 28.14 26.47 27.91 27.38 28.20 29.11 29.16 30.46 30.21 28.35 28.86 28.75 28.98 28.96 28.94 28.93 28.93 28.93 28.93
29.07 29.08 29.09 29.10 29.11 29.12 29.12 29.13 29.13 29.13 29.12 29.11 29.11 29.11 29.11 29.12 29.13 29.17 29.20 29.22 29.23 29.29 30.38 28.18 29.74 29.34 29.02 29.11 29.06 29.16 30.37 28.29 29.83 28.32 29.00 28.97 29.02 29.03 29.04 28.12 28.99 28.99 29.00 29.03 30.28 30.09 28.66 28.93 28.93 28.93
29.08 29.10 29.12 29.14 29.16 29.17 29.19 29.20 29.21 29.21 29.22 29.20 29.19 29.18 29.17 29.17 29.17 29.21 29.29 30.43 29.93 27.90 30.29 29.69 27.80 26.50 28.66 29.22 28.64 29.04 29.06 28.74 28.88 29.01 28.99 28.99 28.98 28.98 28.98 28.98 28.97 28.96 28.96 28.96 28.96 28.92 28.42 28.93 28.93 28.92
29.09 29.11 29.14 29.17 29.21 29.24 29.27 29.30 29.34 29.39 30.66 29.58 29.26 29.32 30.19 29.85 28.50 29.91 30.28 28.87 28.95 27.92 28.72 26.51 26.89 24.93 27.17 28.55 28.31 29.00 29.01 29.01 28.99 28.98 28.97 28.96 28.96 28.96 28.96 28.96 28.96 28.95 28.95 28.94 28.94 28.93 28.92 28.92 28.92 28.92
29.07 29.10 29.14 29.18 29.23 29.28 29.34 29.41 30.68 30.65 29.44 28.37 27.32 28.39 28.68 27.68 27.02 28.73 29.50 27.65 27.36 28.42 26.73 26.84 28.90 26.98 27.43 28.91 28.99 28.99 28.98 28.98 28.97 28.96 28.95 28.95 28.95 28.95 28.95 28.95 28.94 28.94 28.94 28.93 28.93 28.93 28.92 28.92 28.92 28.92
29.03 29.06 29.10 29.16 29.22 29.29 29.39 30.68 30.09 28.42 29.33 28.19 27.38 27.32 27.33 26.47 27.04 27.26 28.09 26.99 29.08 29.13 28.16 28.84 29.91 27.80 28.87 28.99 28.97 28.97 28.97 28.96 28.95 28.95 28.94 28.94 28.94 28.94 28.94 28.94 28.94 28.93 28.93 28.93 28.93 28.92 28.92 28.92 28.92 28.92
28.99 29.01 29.04 29.09 29.16 29.28 30.57 30.09 28.63 27.88 27.34 27.60 27.44 27.12 27.55 26.51 26.02 27.13 28.29 27.07 29.67 28.16 29.58 28.98 29.02 28.93 28.97 28.97 28.96 28.95 28.95 28.95 28.95 28.94 28.94 28.93 28.93 28.93 28.93 28.93 28.93 28.93 28.92 28.92 28.92 28.92 28.92 28.92 28.92 28.92
28.96 28.97 28.99 29.02 29.09 29.15 29.63 29.97 28.84 28.57 29.65 28.89 29.33 28.02 28.42 27.61 27.09 27.61 28.63 29.12 29.89 30.38 29.73 28.91 28.98 28.98 28.96 28.95 28.94 28.94 28.94 28.94 28.94 28.93 28.93 28.93 28.93 28.93 28.93 28.93 28.92 28.92 28.92 28.92 28.92 28.92 28.92 28.91 28.92 28.92
28.94 28.96 28.97 29.00 29.04 29.09 29.15 29.19 29.16 28.58 29.32 29.92 30.23 29.32 30.03 28.43 29.33 28.32 29.13 29.76 30.00 30.45 29.83 30.48 28.92 28.95 28.95 28.94 28.94 28.94 28.94 28.93 28.93 28.93 28.93 28.93 28.92 28.92 28.92 28.92 28.92 28.92 28.92 28.92 28.92 28.91 28.91 28.91 28.91 28.91
28.94 28.95 28.96 28.99 29.03 29.08 29.12 29.14 29.17 29.21 29.25 29.30 29.34 30.30 30.02 29.60 29.72 28.92 29.54 29.45 29.91 29.72 28.86 28.94 28.96 28.95 28.94 28.93 28.93 28.93 28.93 28.93 28.92 28.92 28.92 28.92 28.92 28.92 28.92 28.92 28.92 28.92 28.91 28.91 28.91 28.91 28.91 28.91 28.91 28.91
28.93 28.94 28.95 28.98 29.01 29.04 29.07 29.10 29.13 29.16 29.20 29.26 29.32 30.43 30.06 29.88 29.76 28.95 29.47 29.78 29.89 29.68 28.85 28.97 28.95 28.94 28.94 28.93 28.93 28.93 28.92 28.92 28.92 28.92 28.92 28.92 28.92 28.92 28.92 28.92 28.91 28.91 28.91 28.91 28.91 28.91 28.91 28.91 28.91 28.91
28.92 28.93 28.94 28.96 28.99 29.01 29.03 29.05 29.07 29.10 29.14 29.19 29.26 30.44 30.19 30.04 29.78 29.47 29.47 29.70 29.85 28.84 28.97 28.95 28.94 28.94 28.93 28.93 28.92 28.92 28.92 28.92 28.92 28.91 28.91 28.91 28.91 28.91 28.91 28.91 28.91 28.91 28.91 28.91 28.91 28.90 28.90 28.90 28.90 28.90
28.92 28.92 28.94 28.95 28.97 28.98 29.00 29.01 29.02 29.04 29.06 29.09 29.13 29.20 30.20 30.05 29.28 29.57 29.95 29.68 28.79 28.96 28.95 28.94 28.93 28.93 28.93 28.92 28.92 28.92 28.91 28.91 28.91 28.91 28.91 28.91 28.91 28.91 28.91 28.91 28.91 28.91 28.91 28.91 28.90 28.90 28.90 28.90 28.90 28.90
28.91 28.92 28.93 28.94 28.94 28.95 28.96 28.97 28.98 28.99 28.99 29.00 29.01 29.03 29.04 29.03 29.03 28.79 28.99 28.98 28.96 28.95 28.94 28.93 28.93 28.92 28.92 28.92 28.92 28.91 28.91 28.91 28.91 28.91 28.91 28.90 28.90 28.90 28.90 28.90 28.91 28.91 28.90 28.90 28.90 28.90 28.90 28.90 28.90 28.90
28.90 28.91 28.91 28.92 28.92 28.93 28.94 28.94 28.95 28.95 28.96 28.96 28.97 28.98 28.98 28.99 28.98 28.75 28.96 28.96 28.95 28.94 28.93 28.92 28.92 28.92 28.92 28.91 28.91 28.91 28.91 28.91 28.91 28.91 28.90 28.90 28.90 28.90 28.90 28.90 28.90 28.90 28.90 28.90 28.90 28.90 28.90 28.90 28.90 28.90
28.89 28.90 28.90 28.90 28.91 28.91 28.92 28.92 28.93 28.93 28.94 28.95 28.95 28.96 28.96 28.96 28.96 28.96 28.95 28.94 28.94 28.93 28.92 28.92 28.92 28.91 28.91 28.91 28.91 28.90 28.90 28.90 28.90 28.90 28.90 28.90 28.90 28.90 28.90 28.90 28.90 28.90 28.90 28.90 28.90 28.90 28.90 28.90 28.90 28.90
28.88 28.89 28.89 28.90 28.90 28.91 28.91 28.91 28.92 28.92 28.93 28.93 28.94 28.95 28.95 28.95 28.95 28.94 28.94 28.93 28.93 28.92 28.92 28.91 28.91 28.91 28.91 28.91 28.90 28.90 28.90 28.90 28.90 28.90 28.90 28.90 28.90 28.90 28.90 28.90 28.89 28.89 28.89 28.89 28.89 28.90 28.90 28.90 28.90 28.90
28.88 28.88 28.89 28.89 28.90 28.90 28.90 28.91 28.91 28.92 28.92 28.93 28.93 28.93 28.94 28.94 28.94 28.93 28.93 28.92 28.92 28.92 28.91 28.91 28.91 28.90 28.90 28.90 28.90 28.90 28.90 28.90 28.89 28.89 28.89 28.89 28.89 28.89 28.89 28.89 28.89 28.89 28.89 28.89 28.89 28.89 28.89 28.89 28.89 28.90
28.88 28.88 28.88 28.89 28.89 28.89 28.90 28.90 28.91 28.91 28.91 28.92 28.92 28.93 28.93 28.93 28.93 28.92 28.92 28.92 28.91 28.91 28.91 28.91 28.90 28.90 28.90 28.90 28.89 28.89 28.89 28.89 28.89 28.89 28.89 28.89 28.89 28.89 28.89 28.89 28.89 28.89 28.89 28.89 28.89 28.89 28.89 28.89 28.89 28.89
