Raw_GIS_Data/Climate_scenarios_straight/ProcessedData/month_5_minTemp_rcp85.asc
NCOLS 50
NROWS 26
XLLCENTER 512998.000000
YLLCENTER 8407694.000000
CELLSIZE 800.000000
NODATA_value -999.000000
29.66 29.65 29.65 29.64 29.64 29.64 29.64 29.63 29.63 29.63 29.63 29.63 29.63 29.63 29.63 29.63 29.63 29.63 29.63 29.62 29.62 29.62 29.62 29.62 29.62 29.61 29.61 29.61 29.61 29.61 29.62 29.63 29.64 29.64 29.65 29.65 29.64 29.64 29.64 29.64 29.64 29.64 29.64 29.65 29.65 29.65 29.65 29.65 29.65 29.65
29.65 29.64 29.63 29.63 29.63 29.63 29.63 29.62 29.62 29.61 29.61 29.61 29.61 29.62 29.62 29.62 29.62 29.62 29.61 29.61 29.61 29.61 29.60 29.60 29.60 29.59 29.59 29.58 29.58 29.58 29.59 29.60 29.61 29.62 29.63 29.64 29.64 29.64 29.64 29.64 29.64 29.64 29.64 29.65 29.65 29.65 29.65 29.65 29.65 29.65
29.64 29.63 29.62 29.62 29.62 29.62 29.61 29.61 29.61 29.60 29.60 29.59 29.60 29.60 29.60 29.61 29.61 29.61 29.60 29.60 29.59 29.59 29.59 29.59 29.59 29.57 29.56 29.55 29.55 29.54 29.53 29.56 29.58 29.58 29.59 29.61 29.62 29.62 29.62 29.63 29.63 29.63 29.63 29.64 29.65 29.65 29.65 29.65 29.65 29.65
29.63 29.62 29.61 29.61 29.61 29.61 29.60 29.60 29.60 29.59 29.58 29.58 29.58 29.59 29.59 29.59 29.59 29.59 29.58 29.57 29.57 29.58 29.58 29.58 29.57 29.55 29.54 28.62 27.96 29.49 29.50 29.47 29.52 29.55 29.56 29.55 29.58 29.60 29.60 29.60 29.61 29.61 28.79 28.86 29.60 29.65 29.65 29.65 29.65 29.65
29.62 29.61 29.61 29.60 29.60 29.59 29.59 29.59 29.59 29.58 29.57 29.57 29.57 29.57 29.57 29.57 29.57 29.56 29.56 29.55 29.55 29.54 29.54 29.55 29.55 28.74 28.29 27.83 27.36 28.15 26.88 29.23 28.07 28.12 26.83 29.33 28.40 29.58 29.58 29.57 29.57 28.68 28.33 28.27 29.59 29.64 29.64 29.65 29.65 29.65
29.61 29.60 29.60 29.59 29.58 29.58 29.57 29.57 29.57 29.57 29.56 29.55 29.55 29.55 29.55 29.54 29.54 29.53 29.53 29.52 29.52 29.51 29.50 29.50 28.63 27.43 26.81 26.17 26.28 26.33 25.97 25.91 27.93 26.73 28.14 27.17 27.07 27.47 27.57 27.51 27.68 28.51 27.51 27.56 29.23 29.65 29.65 29.65 29.66 29.66
29.60 29.59 29.58 29.58 29.56 29.56 29.55 29.55 29.55 29.55 29.54 29.54 29.53 29.52 29.52 29.51 29.51 29.51 29.51 29.50 29.49 29.47 29.45 28.63 27.06 27.14 26.52 26.19 29.06 27.41 27.61 27.43 27.51 26.72 26.84 26.36 27.40 28.12 27.98 26.89 27.73 28.20 27.72 28.13 29.56 29.65 29.65 29.65 29.65 29.66
29.59 29.58 29.57 29.55 29.54 29.54 29.53 29.52 29.52 29.52 29.51 29.50 29.50 29.49 29.48 29.48 29.48 29.49 29.49 29.49 29.48 29.45 28.54 27.56 27.07 28.08 29.44 29.47 29.49 29.49 28.31 26.95 25.86 26.73 26.48 28.62 29.52 29.57 28.83 28.72 27.37 29.48 29.38 29.65 29.66 29.66 29.65 29.65 29.65 29.65
29.58 29.56 29.55 29.53 29.52 29.51 29.50 29.49 29.49 29.49 29.48 29.46 29.45 29.45 29.45 29.43 29.42 29.45 29.47 29.48 29.50 29.48 28.39 26.69 27.81 27.51 27.42 27.60 29.55 29.56 28.68 27.19 28.39 27.32 29.52 29.51 29.60 29.62 29.64 28.72 29.62 29.65 29.65 29.66 29.16 29.12 29.38 29.65 29.65 29.65
29.56 29.55 29.53 29.51 29.49 29.48 29.47 29.47 29.47 29.47 29.46 29.45 29.43 29.42 29.41 29.41 29.38 29.37 29.42 28.14 28.01 26.58 28.20 27.74 26.60 25.70 27.10 27.67 29.18 29.58 29.60 29.28 29.43 29.59 29.60 29.62 29.62 29.63 29.64 29.64 29.64 29.65 29.65 29.64 29.65 29.63 29.14 29.65 29.65 29.65
29.55 29.53 29.51 29.49 29.47 29.46 29.45 29.44 29.44 29.45 28.54 27.66 27.44 27.39 27.85 27.78 26.90 27.74 27.83 27.03 27.22 26.50 27.15 25.72 26.08 24.93 26.21 27.25 28.85 29.58 29.61 29.62 29.62 29.62 29.62 29.62 29.63 29.64 29.64 29.64 29.65 29.65 29.65 29.64 29.64 29.65 29.64 29.65 29.65 29.65
29.54 29.53 29.50 29.48 29.45 29.43 29.42 29.41 28.52 28.49 27.56 26.84 26.04 26.70 26.88 26.35 25.85 26.88 27.41 26.32 26.12 26.83 25.89 25.95 27.46 26.35 27.90 29.41 29.57 29.59 29.61 29.62 29.62 29.62 29.62 29.63 29.63 29.64 29.64 29.65 29.65 29.65 29.65 29.64 29.64 29.64 29.65 29.64 29.64 29.64
29.54 29.52 29.49 29.47 29.44 29.41 29.39 28.49 28.02 26.86 27.45 26.62 26.08 25.96 26.06 25.52 25.86 25.98 26.63 25.94 27.29 27.44 26.94 27.38 28.37 28.32 29.42 29.56 29.58 29.60 29.61 29.62 29.62 29.62 29.62 29.63 29.63 29.64 29.64 29.65 29.65 29.65 29.64 29.64 29.65 29.64 29.64 29.64 29.64 29.64
29.54 29.52 29.49 29.47 29.43 29.40 28.51 28.05 26.96 26.40 26.01 26.15 26.10 25.89 26.21 25.63 25.33 25.91 26.76 26.09 27.79 27.00 27.99 29.48 29.57 29.51 29.58 29.59 29.59 29.60 29.61 29.62 29.62 29.62 29.62 29.63 29.63 29.64 29.64 29.64 29.64 29.64 29.64 29.64 29.65 29.65 29.64 29.64 29.63 29.63
29.54 29.52 29.50 29.48 29.45 29.39 27.87 27.98 27.08 26.78 27.41 26.94 27.33 26.56 26.84 26.36 26.03 26.33 27.00 27.38 28.04 29.36 28.14 29.48 29.57 29.59 29.59 29.60 29.60 29.61 29.62 29.62 29.62 29.63 29.63 29.63 29.63 29.64 29.64 29.64 29.64 29.64 29.64 29.64 29.65 29.65 29.64 29.64 29.63 29.63
29.55 29.54 29.51 29.49 29.47 29.45 29.43 29.41 29.32 28.63 29.26 27.77 28.03 27.41 27.95 26.94 27.52 26.89 27.39 27.84 28.15 29.44 28.26 29.66 29.54 29.59 29.60 29.61 29.61 29.61 29.62 29.62 29.63 29.63 29.63 29.63 29.63 29.63 29.63 29.64 29.64 29.64 29.65 29.65 29.65 29.65 29.64 29.64 29.63 29.63
29.56 29.54 29.53 29.51 29.50 29.48 29.47 29.46 29.43 29.41 29.38 29.34 29.31 28.12 28.00 27.75 27.86 27.31 27.69 27.60 28.20 28.22 29.42 29.53 29.59 29.60 29.61 29.61 29.62 29.61 29.62 29.63 29.63 29.64 29.64 29.64 29.64 29.63 29.63 29.63 29.64 29.64 29.64 29.65 29.65 29.65 29.64 29.64 29.64 29.64
29.56 29.55 29.54 29.53 29.52 29.51 29.50 29.49 29.48 29.46 29.43 29.39 29.34 28.37 28.11 27.99 27.95 27.35 27.66 27.95 28.26 28.29 29.44 29.59 29.60 29.60 29.60 29.61 29.61 29.61 29.62 29.63 29.63 29.64 29.64 29.64 29.64 29.63 29.63 29.63 29.63 29.63 29.64 29.64 29.64 29.64 29.64 29.64 29.64 29.64
29.58 29.57 29.56 29.55 29.54 29.53 29.52 29.51 29.50 29.49 29.47 29.44 29.41 28.62 28.40 28.25 28.01 27.77 27.80 28.07 28.40 29.43 29.59 29.60 29.60 29.60 29.61 29.61 29.61 29.61 29.62 29.62 29.63 29.63 29.64 29.64 29.63 29.63 29.63 29.63 29.63 29.63 29.63 29.63 29.63 29.64 29.64 29.64 29.64 29.64
29.58 29.58 29.57 29.56 29.55 29.55 29.54 29.54 29.53 29.52 29.51 29.50 29.49 29.48 28.66 28.48 27.80 27.97 28.31 28.30 29.39 29.59 29.60 29.61 29.61 29.61 29.61 29.61 29.61 29.61 29.62 29.62 29.62 29.63 29.64 29.64 29.63 29.63 29.63 29.63 29.62 29.62 29.62 29.62 29.63 29.63 29.63 29.64 29.64 29.64
29.59 29.59 29.58 29.58 29.57 29.57 29.56 29.56 29.55 29.55 29.54 29.53 29.53 29.54 29.55 29.56 29.56 29.33 29.56 29.59 29.60 29.61 29.62 29.62 29.62 29.62 29.62 29.61 29.62 29.62 29.62 29.62 29.62 29.63 29.64 29.64 29.63 29.63 29.63 29.62 29.62 29.62 29.62 29.62 29.62 29.62 29.63 29.63 29.63 29.63
29.59 29.59 29.59 29.59 29.59 29.58 29.58 29.57 29.57 29.57 29.56 29.56 29.56 29.57 29.58 29.59 29.60 29.37 29.60 29.61 29.62 29.63 29.63 29.63 29.63 29.63 29.62 29.62 29.62 29.62 29.62 29.62 29.62 29.62 29.63 29.63 29.63 29.63 29.62 29.62 29.62 29.62 29.61 29.61 29.61 29.62 29.63 29.63 29.63 29.63
29.60 29.60 29.60 29.60 29.60 29.60 29.59 29.59 29.58 29.58 29.58 29.59 29.59 29.59 29.60 29.60 29.61 29.62 29.62 29.63 29.63 29.63 29.63 29.64 29.64 29.63 29.63 29.63 29.63 29.63 29.63 29.63 29.63 29.62 29.62 29.63 29.63 29.62 29.62 29.62 29.62 29.62 29.61 29.61 29.61 29.62 29.62 29.62 29.62 29.62
29.60 29.60 29.60 29.60 29.61 29.61 29.60 29.60 29.59 29.59 29.60 29.60 29.61 29.61 29.61 29.61 29.62 29.62 29.63 29.64 29.64 29.64 29.64 29.64 29.64 29.64 29.63 29.63 29.63 29.63 29.64 29.63 29.63 29.62 29.63 29.63 29.63 29.62 29.62 29.62 29.62 29.62 29.61 29.61 29.61 29.61 29.62 29.62 29.62 29.62
29.60 29.61 29.61 29.61 29.61 29.61 29.61 29.61 29.61 29.60 29.61 29.61 29.62 29.62 29.62 29.62 29.62 29.63 29.63 29.64 29.64 29.64 29.64 29.64 29.64 29.64 29.64 29.64 29.63 29.64 29.64 29.63 29.63 29.62 29.63 29.63 29.63 29.62 29.62 29.62 29.61 29.61 29.61 29.62 29.62 29.62 29.62 29.62 29.62 29.62
29.61 29.61 29.62 29.62 29.62 29.62 29.62 29.62 29.62 29.62 29.62 29.62 29.62 29.62 29.63 29.63 29.63 29.63 29.63 29.64 29.64 29.64 29.64 29.64 29.64 29.65 29.64 29.64 29.64 29.63 29.63 29.63 29.63 29.63 29.63 29.63 29.62 29.62 29.62 29.61 29.61 29.61 29.61 29.62 29.62 29.62 29.62 29.62 29.62 29.63
