Raw_GIS_Data/Climate_scenarios_straight/ProcessedData/month_5_maxTemp_present.asc
NCOLS 50
NROWS 26
XLLCENTER 512998.000000
YLLCENTER 8407694.000000
CELLSIZE 800.000000
NODATA_value -999.000000
28.24 28.24 28.24 28.24 28.24 28.24 28.24 28.24 28.24 28.24 28.24 28.24 28.24 28.24 28.24 28.25 28.25 28.26 28.27 28.28 28.28 28.28 28.28 28.28 28.28 28.27 28.26 28.25 28.25 28.25 28.25 28.25 28.24 28.24 28.23 28.23 28.23 28.22 28.21 28.21 28.20 28.19 28.19 28.19 28.19 28.19 28.19 28.19 28.19 28.19
28.25 28.25 28.25 28.24 28.25 28.24 28.24 28.24 28.24 28.24 28.25 28.25 28.25 28.25 28.25 28.25 28.26 28.26 28.27 28.28 28.29 28.30 28.31 28.32 28.32 28.31 28.29 28.28 28.27 28.27 28.27 28.27 28.26 28.26 28.25 28.25 28.24 28.24 28.24 28.23 28.22 28.20 28.19 28.19 28.19 28.19 28.19 28.19 28.19 28.19
28.25 28.25 28.25 28.25 28.25 28.25 28.25 28.25 28.25 28.25 28.25 28.25 28.25 28.25 28.26 28.26 28.26 28.27 28.27 28.28 28.30 28.32 28.34 28.35 28.36 28.37 28.37 28.35 28.31 28.29 28.30 28.30 28.30 28.29 28.28 28.28 28.27 28.27 28.27 28.27 28.26 28.25 28.22 28.19 28.18 28.19 28.19 28.19 28.19 28.19
28.26 28.26 28.26 28.26 28.26 28.26 28.26 28.26 28.26 28.26 28.26 28.26 28.26 28.26 28.26 28.27 28.27 28.28 28.28 28.29 28.30 28.33 28.36 28.39 28.43 28.47 28.53 29.93 28.99 28.30 28.34 28.35 28.38 28.36 28.33 28.32 28.33 28.31 28.32 28.33 28.36 28.38 29.78 29.61 28.14 28.19 28.19 28.19 28.19 28.19
28.27 28.27 28.27 28.27 28.27 28.27 28.27 28.27 28.27 28.27 28.27 28.27 28.28 28.28 28.28 28.28 28.29 28.29 28.30 28.31 28.32 28.34 28.38 28.44 28.54 29.99 29.56 28.97 28.42 29.60 27.69 28.22 29.91 29.56 27.52 28.25 29.85 28.37 28.39 28.40 28.45 29.91 29.29 28.96 28.13 28.19 28.18 28.19 28.19 28.19
28.27 28.28 28.29 28.29 28.29 28.29 28.29 28.29 28.29 28.29 28.29 28.29 28.29 28.29 28.30 28.30 28.31 28.32 28.33 28.34 28.36 28.39 28.43 28.51 29.92 28.47 27.53 26.68 26.99 27.19 26.44 26.47 29.91 27.70 29.72 28.28 28.13 28.79 28.85 28.54 28.83 29.91 28.26 28.11 27.77 28.19 28.18 28.18 28.18 28.18
28.28 28.29 28.30 28.31 28.31 28.32 28.32 28.31 28.31 28.31 28.31 28.31 28.31 28.31 28.32 28.33 28.34 28.35 28.37 28.39 28.43 28.47 28.54 29.94 27.97 28.13 27.13 26.73 28.20 28.99 28.97 28.76 28.72 27.53 27.65 26.91 28.60 29.73 29.25 27.56 28.69 29.23 28.37 28.67 28.11 28.19 28.18 28.18 28.18 28.18
28.29 28.31 28.32 28.33 28.34 28.35 28.35 28.35 28.35 28.35 28.34 28.34 28.34 28.34 28.35 28.37 28.39 28.41 28.42 28.45 28.49 28.59 30.03 28.79 28.20 29.63 28.37 28.39 28.44 28.57 29.95 27.64 26.02 27.45 26.91 27.48 28.40 28.46 29.95 29.67 27.82 28.13 28.01 28.26 28.23 28.20 28.18 28.18 28.18 28.18
28.30 28.32 28.34 28.35 28.37 28.39 28.40 28.40 28.41 28.41 28.41 28.40 28.40 28.40 28.40 28.41 28.44 28.47 28.50 28.52 28.54 28.61 29.88 27.66 29.22 28.82 28.49 28.58 28.33 28.44 29.80 27.80 29.38 27.87 28.28 28.24 28.30 28.31 28.32 27.39 28.26 28.25 28.26 28.31 29.77 29.56 27.91 28.18 28.18 28.18
28.31 28.33 28.35 28.38 28.41 28.43 28.46 28.47 28.49 28.50 28.51 28.51 28.51 28.50 28.49 28.49 28.50 28.54 28.62 29.97 29.45 27.40 29.77 29.14 27.23 25.97 28.18 28.72 27.91 28.31 28.34 28.03 28.16 28.29 28.27 28.26 28.25 28.25 28.25 28.24 28.23 28.23 28.22 28.22 28.23 28.18 27.68 28.18 28.18 28.18
28.31 28.34 28.37 28.41 28.45 28.49 28.54 28.58 28.62 28.69 30.12 29.04 28.75 28.84 29.73 29.38 28.03 29.47 29.84 28.39 28.47 27.41 28.16 25.99 26.36 24.33 26.71 28.07 27.57 28.28 28.28 28.27 28.26 28.25 28.24 28.23 28.23 28.22 28.22 28.22 28.22 28.21 28.21 28.20 28.20 28.19 28.18 28.18 28.18 28.18
28.30 28.33 28.37 28.42 28.48 28.55 28.62 28.72 30.20 30.18 28.93 27.81 26.76 27.84 28.15 27.16 26.52 28.26 29.04 27.18 26.89 27.94 26.23 26.33 28.43 26.53 26.70 28.19 28.26 28.25 28.25 28.24 28.23 28.23 28.22 28.21 28.21 28.21 28.21 28.21 28.21 28.20 28.20 28.19 28.19 28.18 28.18 28.18 28.18 28.18
28.27 28.30 28.34 28.40 28.48 28.57 28.69 30.19 29.65 28.00 28.87 27.65 26.82 26.69 26.75 25.95 26.54 26.79 27.62 26.54 28.65 28.70 27.71 28.36 29.46 27.06 28.15 28.26 28.25 28.23 28.22 28.22 28.21 28.21 28.21 28.20 28.20 28.20 28.20 28.20 28.20 28.19 28.19 28.19 28.18 28.18 28.18 28.18 28.18 28.18
28.23 28.25 28.29 28.34 28.42 28.56 30.04 29.57 28.12 27.37 26.82 27.06 26.90 26.55 26.97 26.00 25.52 26.66 27.84 26.65 29.26 27.75 29.12 28.26 28.29 28.20 28.25 28.24 28.23 28.22 28.21 28.21 28.20 28.20 28.20 28.19 28.19 28.19 28.19 28.19 28.19 28.19 28.19 28.18 28.18 28.18 28.18 28.18 28.17 28.17
28.21 28.22 28.24 28.27 28.33 28.42 29.11 29.40 28.27 28.01 29.13 28.39 28.83 27.50 27.88 27.08 26.58 27.16 28.22 28.74 29.50 29.82 29.24 28.18 28.25 28.24 28.23 28.22 28.21 28.20 28.20 28.20 28.20 28.19 28.19 28.19 28.19 28.19 28.19 28.19 28.18 28.18 28.18 28.18 28.18 28.18 28.18 28.18 28.17 28.17
28.20 28.21 28.22 28.25 28.29 28.36 28.43 28.48 28.46 27.88 28.64 29.43 29.74 28.82 29.52 27.92 28.82 27.87 28.70 29.33 29.56 29.88 29.32 29.88 28.18 28.22 28.21 28.21 28.20 28.20 28.19 28.19 28.19 28.19 28.18 28.18 28.18 28.18 28.18 28.18 28.18 28.18 28.18 28.18 28.18 28.17 28.17 28.17 28.17 28.17
28.19 28.21 28.22 28.25 28.29 28.35 28.39 28.42 28.45 28.49 28.55 28.62 28.68 29.79 29.51 29.11 29.24 28.41 29.02 29.00 29.43 29.23 28.13 28.21 28.23 28.22 28.20 28.20 28.19 28.19 28.19 28.19 28.19 28.18 28.18 28.18 28.18 28.18 28.18 28.18 28.18 28.18 28.17 28.17 28.17 28.17 28.17 28.17 28.17 28.17
28.18 28.20 28.21 28.24 28.28 28.32 28.35 28.37 28.40 28.44 28.50 28.56 28.64 29.91 29.55 29.40 29.30 28.42 28.90 29.21 29.39 29.17 28.11 28.24 28.22 28.21 28.20 28.19 28.18 28.18 28.18 28.18 28.18 28.18 28.18 28.18 28.17 28.18 28.18 28.18 28.17 28.17 28.17 28.17 28.17 28.17 28.17 28.17 28.17 28.17
28.17 28.18 28.20 28.23 28.26 28.28 28.30 28.32 28.35 28.38 28.42 28.48 28.57 29.95 29.71 29.56 29.31 28.95 28.94 29.15 29.32 28.11 28.23 28.22 28.21 28.20 28.19 28.18 28.18 28.18 28.18 28.18 28.18 28.17 28.17 28.17 28.17 28.17 28.17 28.17 28.17 28.17 28.17 28.17 28.17 28.17 28.16 28.16 28.16 28.16
28.16 28.17 28.19 28.21 28.23 28.25 28.26 28.27 28.29 28.31 28.33 28.37 28.42 28.51 29.72 29.57 28.81 29.05 29.45 29.17 28.07 28.23 28.22 28.21 28.20 28.19 28.18 28.18 28.18 28.17 28.18 28.17 28.17 28.17 28.17 28.17 28.17 28.17 28.17 28.17 28.17 28.17 28.17 28.16 28.16 28.16 28.16 28.16 28.16 28.16
28.15 28.17 28.18 28.19 28.20 28.21 28.22 28.23 28.24 28.25 28.26 28.27 28.28 28.30 28.31 28.31 28.30 28.05 28.25 28.24 28.23 28.22 28.20 28.20 28.19 28.18 28.18 28.17 28.17 28.17 28.17 28.17 28.17 28.17 28.17 28.16 28.16 28.17 28.16 28.16 28.16 28.16 28.16 28.16 28.16 28.16 28.16 28.16 28.16 28.16
28.15 28.16 28.17 28.18 28.18 28.19 28.19 28.20 28.20 28.21 28.21 28.22 28.23 28.24 28.24 28.24 28.23 28.00 28.21 28.22 28.21 28.20 28.19 28.19 28.18 28.17 28.17 28.17 28.17 28.17 28.17 28.16 28.16 28.16 28.16 28.16 28.16 28.16 28.16 28.16 28.16 28.16 28.16 28.16 28.16 28.16 28.16 28.16 28.16 28.16
28.14 28.15 28.16 28.16 28.17 28.17 28.18 28.18 28.18 28.19 28.20 28.20 28.20 28.21 28.21 28.21 28.20 28.20 28.20 28.20 28.20 28.19 28.19 28.18 28.17 28.17 28.17 28.17 28.16 28.16 28.16 28.16 28.16 28.16 28.16 28.16 28.16 28.16 28.16 28.16 28.16 28.16 28.16 28.16 28.16 28.16 28.15 28.15 28.16 28.16
28.14 28.14 28.15 28.15 28.16 28.16 28.16 28.17 28.17 28.18 28.18 28.18 28.19 28.19 28.19 28.19 28.19 28.19 28.19 28.19 28.19 28.18 28.18 28.17 28.17 28.17 28.16 28.16 28.16 28.16 28.15 28.15 28.16 28.16 28.15 28.15 28.15 28.15 28.15 28.15 28.15 28.15 28.15 28.15 28.15 28.15 28.15 28.15 28.15 28.15
28.13 28.14 28.14 28.15 28.15 28.15 28.15 28.16 28.17 28.17 28.17 28.17 28.17 28.17 28.18 28.18 28.18 28.18 28.18 28.18 28.18 28.18 28.17 28.17 28.17 28.16 28.16 28.16 28.16 28.15 28.15 28.15 28.15 28.15 28.15 28.15 28.15 28.15 28.15 28.15 28.15 28.15 28.15 28.15 28.15 28.15 28.15 28.15 28.15 28.15
28.13 28.13 28.14 28.14 28.14 28.14 28.15 28.15 28.16 28.16 28.16 28.16 28.16 28.16 28.16 28.17 28.17 28.17 28.17 28.17 28.17 28.17 28.17 28.16 28.16 28.16 28.16 28.16 28.15 28.15 28.15 28.15 28.15 28.15 28.15 28.15 28.15 28.15 28.15 28.15 28.15 28.15 28.15 28.15 28.15 28.15 28.15 28.15 28.15 28.15
