Raw_GIS_Data/Climate_scenarios_straight/ProcessedData/month_7_minTemp_rcp85.asc
NCOLS 50
NROWS 26
XLLCENTER 512998.000000
YLLCENTER 8407694.000000
CELLSIZE 800.000000
NODATA_value -999.000000
28.52 28.52 28.52 28.52 28.52 28.52 28.51 28.51 28.51 28.50 28.50 28.49 28.49 28.48 28.48 28.47 28.47 28.47 28.46 28.46 28.46 28.46 28.45 28.45 28.44 28.44 28.44 28.45 28.46 28.47 28.47 28.48 28.48 28.48 28.49 28.49 28.49 28.49 28.49 28.50 28.51 28.51 28.51 28.52 28.52 28.52 28.53 28.53 28.53 28.53
28.51 28.51 28.51 28.51 28.51 28.51 28.51 28.50 28.50 28.49 28.49 28.48 28.48 28.47 28.47 28.46 28.46 28.45 28.45 28.45 28.44 28.44 28.42 28.41 28.41 28.41 28.41 28.41 28.41 28.43 28.44 28.45 28.45 28.45 28.46 28.47 28.47 28.48 28.48 28.49 28.49 28.50 28.51 28.51 28.52 28.52 28.52 28.52 28.52 28.52
28.50 28.50 28.50 28.50 28.50 28.50 28.50 28.49 28.49 28.49 28.48 28.47 28.46 28.46 28.45 28.44 28.44 28.43 28.43 28.42 28.42 28.41 28.40 28.39 28.38 28.37 28.36 28.36 28.37 28.37 28.36 28.40 28.42 28.42 28.42 28.43 28.45 28.45 28.46 28.46 28.47 28.48 28.49 28.51 28.51 28.51 28.51 28.51 28.51 28.52
28.49 28.49 28.49 28.49 28.49 28.49 28.49 28.48 28.48 28.47 28.47 28.46 28.45 28.44 28.44 28.43 28.42 28.42 28.40 28.39 28.38 28.37 28.37 28.36 28.36 28.34 28.33 27.45 26.80 28.31 28.32 28.29 28.35 28.38 28.38 28.36 28.41 28.43 28.43 28.43 28.43 28.43 27.70 27.78 28.46 28.51 28.51 28.50 28.51 28.51
28.48 28.48 28.48 28.47 28.47 28.47 28.47 28.46 28.46 28.45 28.45 28.44 28.43 28.43 28.42 28.41 28.41 28.40 28.38 28.36 28.34 28.34 28.33 28.33 28.34 27.48 27.10 26.70 26.24 27.04 25.76 28.05 26.85 26.97 25.69 28.15 27.32 28.41 28.40 28.39 28.40 27.56 27.23 27.17 28.44 28.50 28.50 28.50 28.50 28.51
28.47 28.46 28.46 28.46 28.45 28.44 28.44 28.44 28.44 28.44 28.43 28.42 28.41 28.40 28.40 28.39 28.39 28.38 28.36 28.33 28.31 28.30 28.29 28.29 27.38 26.26 25.64 25.02 25.15 25.22 24.82 24.77 26.65 25.58 27.00 26.07 25.97 26.39 26.50 26.41 26.59 27.41 26.39 26.44 28.08 28.50 28.50 28.50 28.50 28.50
28.45 28.45 28.44 28.44 28.43 28.42 28.41 28.41 28.41 28.41 28.40 28.39 28.38 28.37 28.37 28.37 28.36 28.35 28.34 28.32 28.29 28.27 28.24 27.38 25.88 25.94 25.37 25.04 27.85 26.22 26.48 26.27 26.32 25.57 25.71 25.21 26.23 26.92 26.79 25.74 26.62 27.13 26.61 26.98 28.41 28.50 28.50 28.50 28.50 28.50
28.43 28.43 28.42 28.41 28.40 28.40 28.39 28.38 28.38 28.37 28.36 28.35 28.34 28.33 28.32 28.32 28.32 28.33 28.32 28.31 28.28 28.25 27.29 26.38 25.90 26.94 28.26 28.29 28.32 28.29 27.10 25.78 24.68 25.58 25.35 27.45 28.36 28.41 27.60 27.55 26.24 28.32 28.22 28.49 28.50 28.51 28.50 28.50 28.50 28.50
28.41 28.40 28.39 28.38 28.37 28.36 28.36 28.35 28.35 28.33 28.32 28.30 28.29 28.28 28.27 28.26 28.25 28.28 28.30 28.30 28.31 28.29 27.18 25.54 26.67 26.40 26.34 26.52 28.39 28.40 27.52 25.99 27.20 26.16 28.34 28.35 28.44 28.46 28.47 27.57 28.46 28.48 28.49 28.49 27.98 27.94 28.23 28.50 28.50 28.50
28.39 28.38 28.36 28.35 28.34 28.32 28.31 28.31 28.31 28.30 28.30 28.28 28.26 28.24 28.23 28.23 28.20 28.19 28.25 27.00 26.88 25.43 27.06 26.57 25.47 24.56 26.00 26.61 28.05 28.43 28.44 28.11 28.26 28.42 28.43 28.46 28.47 28.47 28.47 28.47 28.48 28.48 28.49 28.49 28.49 28.47 27.99 28.49 28.50 28.50
28.37 28.36 28.33 28.31 28.29 28.28 28.26 28.26 28.26 28.27 27.31 26.53 26.32 26.28 26.72 26.68 25.79 26.63 26.69 25.93 26.14 25.38 26.03 24.56 24.94 23.79 25.09 26.22 27.73 28.44 28.45 28.45 28.46 28.46 28.46 28.47 28.47 28.47 28.47 28.47 28.48 28.48 28.48 28.48 28.49 28.49 28.49 28.49 28.49 28.49
28.36 28.34 28.31 28.29 28.26 28.24 28.22 28.20 27.24 27.20 26.35 25.67 24.88 25.59 25.77 25.22 24.71 25.77 26.27 25.19 24.98 25.71 24.76 24.81 26.32 25.20 26.77 28.30 28.44 28.45 28.46 28.46 28.46 28.47 28.47 28.47 28.47 28.47 28.47 28.47 28.48 28.48 28.48 28.48 28.49 28.49 28.49 28.49 28.49 28.49
28.36 28.33 28.31 28.28 28.25 28.21 28.19 27.12 26.74 25.67 26.26 25.44 24.91 24.82 24.94 24.38 24.74 24.87 25.52 24.81 26.18 26.35 25.85 26.31 27.30 27.18 28.29 28.45 28.46 28.46 28.47 28.47 28.47 28.47 28.47 28.47 28.47 28.47 28.47 28.48 28.48 28.48 28.48 28.48 28.48 28.48 28.48 28.48 28.48 28.48
28.36 28.34 28.31 28.29 28.25 28.21 27.22 26.75 25.77 25.23 24.85 25.01 24.95 24.74 25.07 24.47 24.20 24.81 25.65 24.98 26.72 25.93 26.95 28.35 28.43 28.38 28.45 28.46 28.47 28.47 28.48 28.48 28.47 28.48 28.48 28.47 28.47 28.47 28.48 28.48 28.48 28.48 28.48 28.48 28.48 28.48 28.48 28.47 28.47 28.48
28.37 28.35 28.33 28.31 28.29 28.22 26.66 26.79 25.94 25.69 26.34 25.84 26.23 25.43 25.72 25.23 24.90 25.25 25.91 26.30 26.93 28.11 27.09 28.35 28.44 28.46 28.46 28.47 28.47 28.48 28.48 28.48 28.48 28.48 28.48 28.48 28.47 28.48 28.48 28.48 28.48 28.48 28.48 28.48 28.48 28.48 28.48 28.47 28.47 28.48
28.38 28.37 28.35 28.34 28.32 28.30 28.27 28.24 28.14 27.45 28.09 26.67 26.97 26.36 26.92 25.85 26.43 25.80 26.32 26.77 27.06 28.19 27.19 28.42 28.40 28.46 28.47 28.47 28.47 28.48 28.48 28.48 28.49 28.49 28.49 28.48 28.48 28.48 28.48 28.48 28.48 28.48 28.48 28.48 28.48 28.48 28.47 28.47 28.47 28.48
28.39 28.38 28.37 28.36 28.35 28.34 28.32 28.29 28.27 28.24 28.22 28.18 28.15 27.24 27.11 26.75 26.79 26.23 26.66 26.56 27.17 27.18 28.27 28.39 28.46 28.46 28.47 28.47 28.48 28.48 28.48 28.49 28.49 28.48 28.48 28.48 28.48 28.48 28.48 28.48 28.48 28.48 28.48 28.48 28.48 28.48 28.47 28.47 28.47 28.47
28.41 28.40 28.39 28.39 28.38 28.37 28.35 28.33 28.32 28.30 28.28 28.25 28.20 27.51 27.29 27.04 26.86 26.28 26.63 26.96 27.26 27.25 28.30 28.45 28.46 28.47 28.47 28.47 28.47 28.48 28.48 28.48 28.48 28.48 28.48 28.48 28.48 28.48 28.47 28.48 28.48 28.48 28.48 28.48 28.48 28.48 28.47 28.47 28.47 28.47
28.42 28.41 28.41 28.40 28.39 28.39 28.38 28.37 28.35 28.33 28.31 28.28 28.25 27.58 27.39 27.20 26.89 26.69 26.76 27.05 27.38 28.28 28.44 28.46 28.46 28.47 28.47 28.47 28.47 28.47 28.47 28.48 28.48 28.47 28.47 28.47 28.47 28.48 28.48 28.48 28.48 28.48 28.48 28.48 28.48 28.48 28.48 28.47 28.47 28.47
28.42 28.42 28.42 28.41 28.41 28.40 28.40 28.39 28.38 28.37 28.35 28.33 28.32 28.30 27.52 27.32 26.66 26.88 27.26 27.25 28.23 28.44 28.45 28.46 28.47 28.46 28.46 28.46 28.46 28.46 28.47 28.47 28.48 28.47 28.48 28.48 28.48 28.48 28.49 28.49 28.48 28.48 28.48 28.48 28.48 28.48 28.47 28.47 28.47 28.46
28.43 28.43 28.42 28.42 28.42 28.42 28.42 28.41 28.40 28.39 28.38 28.37 28.37 28.36 28.36 28.37 28.39 28.16 28.39 28.41 28.43 28.44 28.45 28.46 28.46 28.47 28.46 28.46 28.46 28.46 28.47 28.47 28.47 28.47 28.48 28.48 28.48 28.48 28.49 28.49 28.48 28.48 28.48 28.48 28.48 28.47 28.47 28.47 28.46 28.46
28.43 28.43 28.43 28.42 28.42 28.42 28.42 28.42 28.41 28.40 28.40 28.40 28.40 28.40 28.40 28.41 28.41 28.18 28.41 28.42 28.43 28.44 28.45 28.46 28.47 28.47 28.46 28.46 28.46 28.46 28.47 28.47 28.47 28.47 28.47 28.48 28.48 28.48 28.48 28.48 28.48 28.48 28.48 28.48 28.48 28.47 28.47 28.46 28.46 28.46
28.43 28.43 28.43 28.43 28.42 28.42 28.42 28.42 28.43 28.42 28.41 28.41 28.42 28.42 28.42 28.42 28.43 28.43 28.43 28.43 28.44 28.45 28.45 28.46 28.46 28.46 28.46 28.45 28.46 28.46 28.46 28.46 28.46 28.47 28.47 28.47 28.48 28.48 28.48 28.48 28.48 28.48 28.48 28.48 28.48 28.47 28.47 28.46 28.46 28.46
28.43 28.43 28.43 28.43 28.42 28.42 28.42 28.43 28.43 28.43 28.43 28.43 28.43 28.43 28.43 28.43 28.43 28.43 28.44 28.44 28.44 28.45 28.45 28.45 28.45 28.46 28.45 28.45 28.45 28.45 28.46 28.46 28.46 28.47 28.47 28.47 28.48 28.48 28.48 28.47 28.48 28.48 28.48 28.48 28.48 28.47 28.47 28.46 28.46 28.46
28.43 28.43 28.43 28.43 28.43 28.43 28.43 28.43 28.43 28.44 28.43 28.43 28.44 28.44 28.44 28.44 28.44 28.44 28.44 28.44 28.44 28.45 28.45 28.45 28.45 28.46 28.45 28.45 28.45 28.45 28.46 28.46 28.47 28.47 28.47 28.47 28.47 28.48 28.48 28.48 28.47 28.48 28.48 28.47 28.47 28.47 28.46 28.46 28.46 28.46
28.42 28.43 28.43 28.44 28.44 28.44 28.44 28.43 28.43 28.43 28.43 28.44 28.44 28.44 28.44 28.44 28.44 28.44 28.44 28.44 28.44 28.45 28.45 28.45 28.45 28.45 28.45 28.45 28.45 28.46 28.46 28.46 28.47 28.47 28.46 28.46 28.47 28.47 28.47 28.47 28.47 28.47 28.47 28.47 28.46 28.46 28.46 28.46 28.46 28.47
