Raw_GIS_Data/Climate_scenarios_straight/ProcessedData/month_3_maxTemp_rcp45.asc
NCOLS 50
NROWS 26
XLLCENTER 512998.000000
YLLCENTER 8407694.000000
CELLSIZE 800.000000
NODATA_value -999.000000
30.27 30.27 30.27 30.27 30.28 30.28 30.28 30.28 30.28 30.28 30.28 30.28 30.28 30.28 30.28 30.28 30.28 30.29 30.29 30.30 30.30 30.31 30.30 30.30 30.30 30.30 30.29 30.29 30.28 30.28 30.28 30.27 30.27 30.26 30.26 30.26 30.26 30.25 30.24 30.24 30.23 30.23 30.22 30.22 30.22 30.21 30.21 30.21 30.21 30.21
30.27 30.27 30.27 30.28 30.28 30.29 30.29 30.28 30.28 30.28 30.29 30.29 30.29 30.29 30.29 30.29 30.29 30.29 30.29 30.30 30.31 30.32 30.33 30.33 30.33 30.32 30.32 30.31 30.30 30.30 30.30 30.30 30.29 30.29 30.28 30.28 30.28 30.27 30.26 30.25 30.25 30.24 30.23 30.22 30.22 30.21 30.21 30.21 30.21 30.21
30.28 30.28 30.28 30.29 30.29 30.29 30.29 30.29 30.29 30.29 30.29 30.30 30.29 30.30 30.30 30.30 30.29 30.30 30.30 30.31 30.32 30.33 30.34 30.36 30.36 30.37 30.37 30.36 30.33 30.32 30.32 30.33 30.33 30.31 30.31 30.31 30.30 30.30 30.29 30.29 30.29 30.28 30.26 30.23 30.21 30.21 30.21 30.21 30.21 30.21
30.28 30.29 30.29 30.29 30.30 30.30 30.30 30.30 30.30 30.30 30.30 30.30 30.31 30.31 30.31 30.31 30.31 30.31 30.31 30.32 30.33 30.34 30.37 30.39 30.43 30.46 30.51 32.08 31.14 30.33 30.36 30.36 30.39 30.37 30.35 30.34 30.35 30.34 30.34 30.35 30.37 30.41 32.00 31.84 30.18 30.22 30.21 30.21 30.21 30.21
30.28 30.29 30.30 30.30 30.30 30.31 30.31 30.31 30.31 30.31 30.32 30.32 30.32 30.32 30.32 30.33 30.33 30.33 30.34 30.34 30.35 30.37 30.40 30.45 30.55 32.23 31.83 31.23 30.65 31.78 29.91 30.24 32.05 31.69 29.69 30.26 31.95 30.39 30.41 30.42 30.48 32.13 31.57 31.26 30.19 30.23 30.22 30.21 30.21 30.21
30.29 30.29 30.30 30.31 30.31 30.32 30.32 30.32 30.33 30.33 30.33 30.34 30.34 30.34 30.35 30.35 30.36 30.37 30.37 30.38 30.40 30.42 30.46 30.55 32.23 30.87 29.99 29.08 29.34 29.52 28.81 28.80 32.13 29.90 31.89 30.44 30.33 30.95 31.06 30.86 31.15 32.19 30.60 30.46 29.85 30.24 30.22 30.21 30.21 30.21
30.29 30.30 30.31 30.32 30.33 30.33 30.34 30.34 30.35 30.36 30.36 30.36 30.37 30.37 30.38 30.39 30.40 30.41 30.42 30.43 30.46 30.50 30.59 32.26 30.43 30.66 29.69 29.22 30.36 31.33 31.30 31.07 31.05 29.86 29.96 29.22 30.85 31.95 31.48 29.89 31.06 31.61 30.77 31.05 30.20 30.26 30.23 30.22 30.22 30.21
30.29 30.30 30.31 30.33 30.34 30.35 30.36 30.37 30.38 30.39 30.39 30.39 30.40 30.41 30.41 30.43 30.44 30.46 30.47 30.50 30.54 30.65 32.32 31.22 30.72 32.09 30.58 30.57 30.58 30.72 32.26 30.03 28.51 29.87 29.34 29.64 30.54 30.60 32.24 32.00 30.24 30.27 30.13 30.37 30.31 30.26 30.23 30.23 30.22 30.22
30.30 30.31 30.32 30.34 30.36 30.38 30.39 30.41 30.42 30.43 30.43 30.44 30.45 30.46 30.46 30.47 30.49 30.52 30.55 30.58 30.62 30.72 32.27 30.10 31.66 31.25 31.01 31.09 30.48 30.59 32.19 30.30 31.87 30.37 30.46 30.37 30.41 30.42 30.46 29.53 30.40 30.36 30.36 30.40 32.10 31.89 29.96 30.23 30.22 30.22
30.30 30.32 30.34 30.36 30.39 30.42 30.44 30.47 30.48 30.50 30.51 30.52 30.53 30.54 30.54 30.54 30.54 30.59 30.68 32.21 31.78 29.83 32.22 31.56 29.71 28.52 30.78 31.28 30.05 30.46 30.52 30.23 30.36 30.48 30.41 30.38 30.36 30.35 30.36 30.35 30.35 30.33 30.32 30.32 30.34 30.27 29.73 30.23 30.22 30.22
30.31 30.33 30.35 30.39 30.43 30.47 30.51 30.55 30.60 30.67 32.25 31.17 30.90 31.00 31.90 31.62 30.37 31.80 32.14 30.77 30.93 29.88 30.61 28.48 28.86 26.86 29.35 30.65 29.74 30.43 30.43 30.43 30.42 30.40 30.37 30.34 30.33 30.32 30.32 30.32 30.32 30.31 30.30 30.29 30.28 30.27 30.25 30.24 30.22 30.22
30.31 30.33 30.37 30.41 30.46 30.52 30.58 30.68 32.35 32.35 31.16 30.11 29.07 30.12 30.44 29.57 29.00 30.77 31.56 29.78 29.50 30.50 28.78 28.82 30.85 29.04 28.95 30.42 30.43 30.39 30.38 30.37 30.37 30.36 30.34 30.32 30.31 30.30 30.30 30.30 30.30 30.29 30.28 30.27 30.27 30.25 30.25 30.24 30.23 30.22
30.29 30.31 30.34 30.39 30.45 30.53 30.65 32.36 31.87 30.28 31.22 30.06 29.25 29.08 29.18 28.44 29.08 29.39 30.26 29.21 31.29 31.28 30.28 30.76 31.80 29.29 30.36 30.45 30.39 30.37 30.35 30.34 30.34 30.33 30.32 30.30 30.29 30.29 30.29 30.29 30.28 30.28 30.27 30.26 30.26 30.25 30.24 30.23 30.23 30.22
30.26 30.27 30.30 30.34 30.40 30.53 32.23 31.84 30.45 29.76 29.21 29.47 29.33 28.98 29.44 28.51 28.09 29.32 30.52 29.34 31.87 30.39 31.50 30.48 30.51 30.40 30.43 30.40 30.37 30.35 30.34 30.33 30.32 30.32 30.31 30.29 30.29 30.28 30.28 30.28 30.27 30.27 30.26 30.26 30.25 30.24 30.24 30.23 30.23 30.22
30.23 30.24 30.26 30.29 30.36 30.44 31.43 31.78 30.71 30.47 31.55 30.80 31.26 29.96 30.37 29.60 29.15 29.77 30.85 31.35 32.05 32.32 31.64 30.37 30.44 30.42 30.40 30.38 30.35 30.34 30.33 30.32 30.31 30.31 30.30 30.29 30.28 30.28 30.27 30.27 30.27 30.26 30.26 30.25 30.25 30.24 30.23 30.23 30.23 30.22
30.22 30.23 30.25 30.28 30.33 30.43 30.56 30.63 30.63 30.06 30.84 31.87 32.20 31.33 32.04 30.51 31.40 30.44 31.21 31.81 32.03 32.40 31.76 32.33 30.36 30.38 30.37 30.35 30.34 30.33 30.32 30.31 30.30 30.30 30.29 30.28 30.28 30.27 30.27 30.26 30.26 30.26 30.25 30.25 30.24 30.24 30.23 30.23 30.23 30.22
30.22 30.23 30.25 30.28 30.34 30.42 30.50 30.55 30.61 30.66 30.73 30.83 30.91 32.32 32.06 31.70 31.95 31.01 31.50 31.49 31.87 31.73 30.37 30.44 30.41 30.38 30.35 30.34 30.33 30.32 30.31 30.30 30.30 30.29 30.29 30.28 30.27 30.27 30.26 30.26 30.26 30.25 30.25 30.24 30.24 30.23 30.23 30.23 30.23 30.22
30.21 30.22 30.24 30.28 30.33 30.39 30.44 30.49 30.54 30.60 30.66 30.75 30.86 32.46 32.12 31.99 31.99 31.05 31.37 31.64 31.82 31.62 30.33 30.44 30.40 30.37 30.34 30.33 30.32 30.31 30.30 30.29 30.29 30.29 30.28 30.28 30.27 30.27 30.26 30.26 30.25 30.25 30.24 30.24 30.23 30.23 30.23 30.22 30.22 30.22
30.20 30.22 30.24 30.27 30.31 30.35 30.38 30.42 30.47 30.52 30.58 30.66 30.78 32.51 32.28 32.16 31.96 31.63 31.54 31.70 31.79 30.35 30.44 30.41 30.38 30.36 30.34 30.32 30.31 30.30 30.29 30.29 30.29 30.28 30.28 30.27 30.27 30.26 30.26 30.25 30.25 30.24 30.24 30.23 30.23 30.23 30.22 30.22 30.22 30.22
30.20 30.21 30.23 30.26 30.28 30.31 30.33 30.35 30.39 30.42 30.46 30.52 30.60 30.75 32.32 32.19 31.45 31.73 32.08 31.78 30.31 30.45 30.41 30.39 30.37 30.35 30.34 30.32 30.31 30.30 30.29 30.29 30.28 30.28 30.27 30.27 30.26 30.26 30.26 30.25 30.25 30.24 30.24 30.23 30.23 30.22 30.22 30.22 30.22 30.21
30.20 30.21 30.22 30.24 30.26 30.28 30.29 30.31 30.33 30.34 30.37 30.39 30.43 30.47 30.53 30.55 30.55 30.31 30.50 30.49 30.44 30.41 30.39 30.37 30.36 30.34 30.33 30.32 30.30 30.29 30.29 30.28 30.28 30.27 30.27 30.26 30.26 30.26 30.26 30.25 30.25 30.24 30.24 30.23 30.23 30.22 30.22 30.22 30.22 30.21
30.20 30.21 30.22 30.23 30.25 30.26 30.27 30.28 30.30 30.30 30.32 30.34 30.36 30.38 30.40 30.43 30.44 30.21 30.43 30.43 30.41 30.39 30.37 30.36 30.34 30.33 30.32 30.31 30.30 30.29 30.28 30.28 30.27 30.27 30.27 30.26 30.26 30.26 30.25 30.25 30.25 30.24 30.23 30.23 30.23 30.22 30.22 30.22 30.22 30.21
30.20 30.20 30.21 30.23 30.24 30.25 30.26 30.27 30.27 30.28 30.29 30.30 30.32 30.33 30.35 30.36 30.38 30.39 30.39 30.39 30.38 30.36 30.35 30.34 30.33 30.32 30.31 30.30 30.29 30.29 30.28 30.28 30.27 30.27 30.26 30.26 30.26 30.25 30.25 30.25 30.24 30.24 30.23 30.23 30.23 30.22 30.22 30.22 30.22 30.21
30.20 30.20 30.21 30.22 30.23 30.24 30.25 30.25 30.26 30.27 30.28 30.29 30.30 30.31 30.32 30.33 30.34 30.35 30.36 30.36 30.35 30.34 30.33 30.33 30.32 30.31 30.30 30.29 30.29 30.28 30.28 30.27 30.27 30.26 30.26 30.26 30.25 30.25 30.24 30.24 30.24 30.24 30.23 30.23 30.23 30.22 30.22 30.22 30.22 30.22
30.20 30.20 30.21 30.22 30.23 30.23 30.24 30.24 30.25 30.26 30.26 30.27 30.28 30.29 30.30 30.31 30.32 30.32 30.33 30.34 30.33 30.33 30.32 30.31 30.31 30.30 30.29 30.29 30.28 30.28 30.27 30.27 30.26 30.26 30.26 30.25 30.25 30.25 30.24 30.24 30.24 30.23 30.23 30.23 30.23 30.22 30.22 30.22 30.22 30.22
30.20 30.20 30.21 30.22 30.22 30.23 30.23 30.24 30.24 30.25 30.25 30.26 30.27 30.27 30.28 30.29 30.30 30.30 30.31 30.32 30.32 30.31 30.31 30.30 30.30 30.29 30.29 30.28 30.27 30.27 30.27 30.27 30.26 30.26 30.25 30.25 30.25 30.24 30.24 30.23 30.23 30.23 30.23 30.23 30.22 30.22 30.22 30.22 30.22 30.21
