Raw_GIS_Data/Climate_scenarios_straight/ProcessedData/month_12_maxTemp_rcp45.asc
NCOLS 50
NROWS 26
XLLCENTER 512998.000000
YLLCENTER 8407694.000000
CELLSIZE 800.000000
NODATA_value -999.000000
29.88 29.87 29.87 29.88 29.88 29.88 29.88 29.88 29.88 29.87 29.87 29.87 29.88 29.88 29.88 29.88 29.88 29.89 29.90 29.91 29.91 29.91 29.91 29.91 29.91 29.90 29.89 29.89 29.89 29.88 29.88 29.88 29.87 29.87 29.87 29.86 29.85 29.85 29.84 29.84 29.83 29.82 29.82 29.82 29.82 29.82 29.82 29.82 29.82 29.82
29.88 29.88 29.88 29.88 29.88 29.88 29.88 29.88 29.88 29.88 29.88 29.88 29.88 29.88 29.88 29.88 29.89 29.89 29.90 29.91 29.92 29.93 29.94 29.94 29.94 29.93 29.93 29.91 29.91 29.90 29.90 29.90 29.89 29.89 29.88 29.88 29.87 29.87 29.86 29.86 29.85 29.83 29.82 29.82 29.82 29.82 29.82 29.82 29.82 29.82
29.89 29.89 29.89 29.89 29.89 29.89 29.89 29.89 29.89 29.89 29.89 29.89 29.89 29.89 29.89 29.89 29.89 29.90 29.90 29.91 29.92 29.94 29.96 29.97 29.99 29.99 29.99 29.97 29.93 29.92 29.93 29.93 29.93 29.91 29.91 29.90 29.90 29.89 29.89 29.89 29.88 29.87 29.85 29.82 29.81 29.82 29.82 29.82 29.82 29.82
29.89 29.90 29.90 29.90 29.90 29.90 29.90 29.90 29.90 29.90 29.90 29.90 29.90 29.90 29.90 29.90 29.91 29.91 29.91 29.92 29.93 29.95 29.97 30.00 30.04 30.08 30.14 31.77 30.80 29.93 29.96 29.96 29.98 29.96 29.94 29.94 29.94 29.93 29.93 29.94 29.96 29.99 31.55 31.42 29.77 29.82 29.82 29.82 29.82 29.82
29.90 29.90 29.90 29.91 29.91 29.91 29.91 29.91 29.91 29.91 29.91 29.92 29.92 29.92 29.92 29.92 29.92 29.92 29.93 29.93 29.94 29.96 29.99 30.04 30.13 31.71 31.35 30.93 30.36 31.47 29.56 29.80 31.61 31.24 29.21 29.84 31.51 29.97 29.99 30.00 30.06 31.66 31.12 30.82 29.77 29.82 29.81 29.82 29.82 29.82
29.90 29.91 29.91 29.92 29.92 29.92 29.93 29.93 29.93 29.93 29.93 29.93 29.93 29.94 29.94 29.95 29.95 29.95 29.96 29.97 29.98 30.00 30.04 30.12 31.68 30.23 29.42 28.78 29.06 29.22 28.44 28.32 31.52 29.31 31.40 29.96 29.86 30.50 30.61 30.37 30.64 31.72 30.11 30.00 29.42 29.82 29.81 29.81 29.81 29.81
29.91 29.92 29.92 29.93 29.93 29.94 29.94 29.94 29.94 29.94 29.94 29.95 29.95 29.96 29.96 29.97 29.98 29.99 30.00 30.02 30.05 30.09 30.17 31.77 29.85 30.01 29.16 28.88 29.96 31.05 30.99 30.58 30.38 29.25 29.39 28.65 30.35 31.47 31.00 29.41 30.58 31.13 30.30 30.59 29.77 29.83 29.81 29.81 29.81 29.81
29.91 29.93 29.94 29.94 29.95 29.96 29.96 29.97 29.97 29.97 29.97 29.97 29.97 29.98 29.99 30.00 30.02 30.04 30.06 30.08 30.13 30.23 31.85 30.65 30.13 31.52 30.15 30.15 30.18 30.33 31.91 29.54 27.87 29.25 28.71 29.20 30.10 30.17 31.78 31.56 29.76 29.85 29.72 29.94 29.88 29.83 29.81 29.81 29.81 29.81
29.91 29.93 29.95 29.96 29.98 29.99 30.00 30.01 30.01 30.02 30.02 30.02 30.02 30.02 30.03 30.04 30.06 30.09 30.12 30.16 30.19 30.29 31.80 29.51 31.10 30.70 30.55 30.68 30.08 30.20 31.85 29.81 31.31 29.78 30.01 29.95 30.00 30.02 30.05 29.12 29.98 29.94 29.94 29.98 31.67 31.45 29.54 29.81 29.81 29.81
29.91 29.94 29.96 29.99 30.01 30.04 30.05 30.07 30.08 30.09 30.09 30.09 30.09 30.10 30.10 30.10 30.11 30.15 30.25 31.78 31.39 29.40 31.74 30.97 29.12 27.94 30.17 30.70 29.64 30.07 30.12 29.80 29.93 30.04 29.98 29.96 29.94 29.94 29.95 29.94 29.93 29.91 29.90 29.91 29.93 29.86 29.31 29.82 29.81 29.81
29.91 29.94 29.97 30.01 30.05 30.08 30.12 30.15 30.19 30.26 31.87 30.81 30.51 30.53 31.41 31.13 29.86 31.33 31.64 30.31 30.56 29.51 30.17 27.92 28.33 26.39 28.70 30.01 29.31 30.01 30.02 30.01 29.99 29.97 29.94 29.92 29.91 29.91 29.91 29.91 29.90 29.89 29.88 29.88 29.87 29.85 29.83 29.82 29.81 29.81
29.90 29.93 29.96 30.01 30.07 30.12 30.18 30.27 31.95 31.95 30.76 29.68 28.64 29.66 29.98 29.07 28.46 30.19 30.94 29.18 28.94 30.00 28.33 28.40 30.44 28.59 28.48 29.96 29.99 29.98 29.97 29.96 29.94 29.93 29.91 29.90 29.89 29.89 29.89 29.89 29.88 29.87 29.87 29.86 29.85 29.84 29.83 29.82 29.81 29.81
29.87 29.89 29.93 29.98 30.05 30.13 30.26 31.97 31.50 29.90 30.77 29.52 28.73 28.72 28.85 27.96 28.55 28.72 29.54 28.51 30.63 30.69 29.83 30.46 31.46 28.85 29.90 30.00 29.96 29.95 29.93 29.92 29.91 29.90 29.89 29.88 29.88 29.88 29.87 29.87 29.87 29.86 29.85 29.85 29.84 29.83 29.82 29.82 29.81 29.81
29.84 29.86 29.88 29.92 30.00 30.14 31.85 31.46 30.07 29.37 28.80 29.04 28.90 28.59 29.05 28.05 27.57 28.63 29.78 28.63 31.20 29.74 31.00 30.06 30.07 29.95 29.98 29.96 29.94 29.93 29.91 29.90 29.89 29.89 29.88 29.88 29.87 29.87 29.86 29.86 29.86 29.85 29.85 29.84 29.83 29.83 29.82 29.82 29.81 29.81
29.82 29.83 29.84 29.88 29.94 30.04 31.01 31.33 30.23 30.00 31.15 30.42 30.86 29.54 29.87 29.11 28.64 29.13 30.14 30.62 31.37 31.91 31.07 29.94 29.99 29.97 29.95 29.94 29.92 29.91 29.90 29.89 29.88 29.88 29.87 29.87 29.86 29.86 29.86 29.85 29.85 29.84 29.84 29.84 29.83 29.82 29.82 29.81 29.81 29.81
29.81 29.82 29.84 29.87 29.92 30.03 30.16 30.22 30.22 29.64 30.42 31.48 31.79 30.86 31.53 29.98 30.85 29.86 30.62 31.25 31.50 32.00 31.17 31.93 29.91 29.94 29.93 29.92 29.90 29.89 29.88 29.88 29.87 29.87 29.86 29.86 29.86 29.85 29.85 29.85 29.84 29.84 29.84 29.83 29.83 29.82 29.82 29.81 29.81 29.81
29.81 29.82 29.84 29.88 29.94 30.02 30.10 30.14 30.19 30.25 30.31 30.41 30.48 31.86 31.58 31.19 31.37 30.44 30.93 30.84 31.49 31.11 29.92 29.99 29.95 29.93 29.91 29.90 29.89 29.88 29.87 29.87 29.86 29.86 29.86 29.85 29.85 29.85 29.84 29.84 29.84 29.83 29.83 29.83 29.82 29.82 29.82 29.82 29.81 29.81
29.80 29.82 29.84 29.88 29.93 29.99 30.04 30.08 30.12 30.18 30.24 30.33 30.43 32.02 31.65 31.48 31.41 30.50 30.84 31.26 31.49 31.01 29.87 29.98 29.94 29.92 29.90 29.89 29.88 29.87 29.86 29.86 29.86 29.85 29.85 29.85 29.84 29.84 29.84 29.83 29.83 29.83 29.83 29.83 29.82 29.82 29.81 29.81 29.81 29.81
29.79 29.81 29.84 29.87 29.92 29.96 29.99 30.02 30.06 30.11 30.16 30.24 30.36 32.06 31.79 31.61 31.32 30.94 30.89 31.14 31.42 29.88 29.98 29.95 29.93 29.91 29.89 29.88 29.87 29.86 29.86 29.85 29.85 29.85 29.85 29.84 29.84 29.83 29.83 29.83 29.83 29.83 29.82 29.82 29.82 29.81 29.81 29.81 29.81 29.80
29.79 29.81 29.83 29.87 29.90 29.92 29.95 29.97 30.00 30.03 30.06 30.11 30.19 30.31 31.80 31.58 30.78 31.01 31.40 31.13 29.85 29.99 29.96 29.93 29.91 29.90 29.88 29.87 29.86 29.86 29.85 29.85 29.84 29.84 29.84 29.84 29.83 29.83 29.83 29.83 29.82 29.82 29.82 29.82 29.82 29.81 29.81 29.80 29.80 29.80
29.79 29.81 29.83 29.85 29.87 29.89 29.91 29.92 29.94 29.96 29.97 30.00 30.03 30.07 30.11 30.12 30.12 29.87 30.06 30.03 29.98 29.96 29.94 29.92 29.91 29.89 29.88 29.87 29.86 29.85 29.85 29.84 29.84 29.84 29.84 29.83 29.83 29.83 29.83 29.82 29.82 29.82 29.82 29.82 29.81 29.81 29.81 29.80 29.80 29.80
29.79 29.81 29.82 29.84 29.85 29.87 29.88 29.89 29.90 29.91 29.93 29.95 29.96 29.99 30.00 30.02 30.02 29.78 29.99 29.97 29.96 29.94 29.92 29.91 29.90 29.88 29.87 29.86 29.85 29.85 29.84 29.84 29.84 29.83 29.83 29.83 29.83 29.83 29.82 29.82 29.82 29.82 29.81 29.81 29.81 29.81 29.80 29.80 29.80 29.80
29.79 29.81 29.82 29.83 29.84 29.85 29.86 29.87 29.88 29.89 29.90 29.91 29.93 29.94 29.95 29.96 29.96 29.95 29.95 29.94 29.93 29.92 29.91 29.90 29.89 29.88 29.87 29.86 29.85 29.85 29.84 29.84 29.83 29.83 29.83 29.83 29.83 29.83 29.82 29.82 29.82 29.81 29.81 29.81 29.81 29.81 29.80 29.80 29.80 29.80
29.79 29.80 29.81 29.82 29.83 29.84 29.84 29.85 29.86 29.87 29.88 29.89 29.90 29.91 29.92 29.92 29.92 29.93 29.93 29.92 29.92 29.91 29.90 29.89 29.88 29.87 29.86 29.86 29.85 29.85 29.84 29.83 29.83 29.83 29.83 29.83 29.82 29.82 29.82 29.82 29.81 29.81 29.81 29.81 29.80 29.80 29.80 29.80 29.80 29.80
29.79 29.80 29.80 29.81 29.82 29.83 29.83 29.84 29.85 29.86 29.87 29.88 29.88 29.89 29.89 29.90 29.90 29.91 29.91 29.91 29.90 29.90 29.89 29.88 29.88 29.87 29.86 29.85 29.85 29.84 29.84 29.83 29.83 29.82 29.82 29.82 29.82 29.82 29.82 29.82 29.81 29.81 29.81 29.80 29.80 29.80 29.80 29.80 29.80 29.80
29.79 29.79 29.80 29.80 29.81 29.82 29.83 29.83 29.84 29.85 29.86 29.86 29.87 29.87 29.88 29.88 29.88 29.89 29.89 29.89 29.89 29.88 29.88 29.87 29.87 29.86 29.86 29.85 29.84 29.84 29.83 29.83 29.82 29.82 29.82 29.82 29.82 29.82 29.82 29.81 29.81 29.81 29.81 29.80 29.80 29.80 29.80 29.80 29.80 29.80
