Raw_GIS_Data/Climate_scenarios_straight/ProcessedData/month_7_maxTemp_rcp85.asc
NCOLS 50
NROWS 26
XLLCENTER 512998.000000
YLLCENTER 8407694.000000
CELLSIZE 800.000000
NODATA_value -999.000000
29.54 29.54 29.54 29.54 29.54 29.54 29.54 29.55 29.55 29.55 29.55 29.55 29.55 29.56 29.56 29.57 29.58 29.58 29.59 29.60 29.60 29.60 29.60 29.59 29.59 29.58 29.57 29.56 29.56 29.56 29.55 29.55 29.54 29.53 29.53 29.52 29.51 29.51 29.50 29.49 29.48 29.47 29.47 29.46 29.46 29.46 29.46 29.46 29.46 29.46
29.55 29.55 29.55 29.55 29.55 29.55 29.55 29.55 29.55 29.55 29.55 29.55 29.55 29.56 29.56 29.57 29.58 29.59 29.60 29.61 29.62 29.63 29.64 29.64 29.63 29.62 29.61 29.59 29.58 29.58 29.58 29.58 29.57 29.56 29.55 29.55 29.54 29.54 29.53 29.52 29.50 29.48 29.47 29.46 29.46 29.46 29.46 29.46 29.46 29.46
29.56 29.56 29.56 29.56 29.56 29.56 29.56 29.56 29.56 29.56 29.56 29.56 29.56 29.56 29.56 29.57 29.57 29.58 29.60 29.61 29.63 29.65 29.67 29.68 29.69 29.70 29.70 29.67 29.62 29.60 29.61 29.62 29.62 29.60 29.59 29.59 29.58 29.57 29.57 29.57 29.56 29.54 29.51 29.47 29.46 29.46 29.46 29.46 29.46 29.46
29.57 29.57 29.57 29.57 29.57 29.57 29.57 29.57 29.57 29.57 29.57 29.57 29.57 29.57 29.57 29.57 29.58 29.58 29.59 29.61 29.63 29.66 29.70 29.73 29.77 29.81 29.86 31.18 30.21 29.62 29.67 29.66 29.71 29.68 29.65 29.64 29.65 29.62 29.63 29.63 29.66 29.68 30.94 30.74 29.40 29.46 29.45 29.46 29.46 29.46
29.58 29.58 29.58 29.58 29.58 29.58 29.58 29.58 29.58 29.58 29.58 29.58 29.58 29.58 29.58 29.58 29.59 29.59 29.60 29.62 29.64 29.66 29.71 29.77 29.86 31.18 30.75 30.20 29.66 30.84 28.93 29.52 31.13 30.81 28.76 29.57 31.13 29.69 29.70 29.70 29.74 31.09 30.42 30.06 29.39 29.46 29.45 29.45 29.45 29.45
29.59 29.59 29.60 29.60 29.60 29.60 29.60 29.60 29.60 29.60 29.60 29.60 29.60 29.60 29.60 29.61 29.61 29.62 29.63 29.64 29.66 29.68 29.72 29.80 31.07 29.55 28.65 27.85 28.20 28.43 27.63 27.56 30.86 28.74 30.91 29.53 29.36 30.05 30.15 29.81 30.04 31.07 29.35 29.19 29.05 29.46 29.45 29.45 29.45 29.45
29.61 29.61 29.62 29.62 29.63 29.63 29.63 29.63 29.63 29.63 29.63 29.62 29.62 29.63 29.63 29.64 29.64 29.65 29.67 29.68 29.71 29.75 29.81 31.05 28.98 29.12 28.16 27.84 29.42 30.17 30.13 29.81 29.65 28.52 28.70 27.92 29.71 30.88 30.36 28.64 29.85 30.43 29.54 29.83 29.38 29.46 29.45 29.45 29.45 29.45
29.62 29.63 29.64 29.65 29.66 29.67 29.67 29.67 29.67 29.66 29.66 29.66 29.66 29.66 29.66 29.67 29.68 29.70 29.71 29.73 29.76 29.84 31.12 29.76 29.13 30.57 29.58 29.61 29.67 29.79 31.10 28.65 26.95 28.39 27.84 28.70 29.62 29.67 31.00 30.72 28.89 29.37 29.27 29.52 29.50 29.46 29.44 29.45 29.45 29.45
29.63 29.65 29.67 29.69 29.70 29.71 29.72 29.73 29.73 29.73 29.72 29.71 29.71 29.71 29.71 29.71 29.73 29.76 29.79 29.80 29.80 29.84 30.91 28.67 30.17 29.79 29.53 29.68 29.56 29.66 30.93 28.78 30.35 28.80 29.47 29.47 29.52 29.53 29.53 28.62 29.48 29.50 29.52 29.58 30.98 30.76 29.17 29.45 29.45 29.44
29.65 29.67 29.70 29.72 29.75 29.77 29.79 29.81 29.83 29.83 29.84 29.81 29.81 29.80 29.79 29.78 29.78 29.82 29.90 31.11 30.56 28.48 30.78 30.16 28.27 26.98 29.20 29.79 29.13 29.53 29.54 29.22 29.36 29.49 29.49 29.49 29.49 29.48 29.48 29.47 29.47 29.47 29.47 29.47 29.47 29.43 28.94 29.44 29.44 29.44
29.65 29.69 29.72 29.76 29.81 29.85 29.89 29.93 29.97 30.03 31.37 30.24 29.89 29.95 30.84 30.52 29.19 30.63 30.97 29.52 29.57 28.49 29.24 26.98 27.38 25.48 27.67 29.09 28.80 29.50 29.50 29.49 29.49 29.48 29.48 29.47 29.47 29.47 29.46 29.46 29.46 29.46 29.46 29.46 29.45 29.45 29.44 29.44 29.44 29.44
29.64 29.68 29.73 29.78 29.85 29.91 29.98 30.06 31.41 31.34 30.08 28.99 27.93 28.97 29.30 28.32 27.67 29.42 30.17 28.26 27.95 29.02 27.25 27.33 29.40 27.43 27.90 29.39 29.48 29.48 29.48 29.47 29.47 29.47 29.47 29.46 29.46 29.46 29.45 29.45 29.45 29.45 29.45 29.45 29.45 29.44 29.44 29.44 29.44 29.44
29.60 29.64 29.69 29.75 29.83 29.92 30.03 31.39 30.74 29.02 29.92 28.78 27.96 27.83 27.92 27.10 27.68 27.88 28.70 27.55 29.71 29.75 28.73 29.37 30.44 28.26 29.35 29.48 29.47 29.47 29.46 29.46 29.46 29.46 29.46 29.45 29.45 29.45 29.45 29.45 29.45 29.44 29.44 29.44 29.44 29.44 29.44 29.44 29.44 29.44
29.55 29.58 29.62 29.68 29.76 29.89 31.26 30.75 29.27 28.51 27.98 28.23 28.07 27.73 28.15 27.14 26.64 27.74 28.89 27.62 30.29 28.71 30.14 29.45 29.48 29.41 29.47 29.47 29.46 29.46 29.45 29.45 29.45 29.45 29.45 29.45 29.44 29.44 29.44 29.44 29.44 29.44 29.44 29.44 29.44 29.44 29.44 29.43 29.43 29.43
29.51 29.53 29.55 29.59 29.65 29.72 30.26 30.61 29.47 29.21 30.31 29.55 30.00 28.66 29.06 28.23 27.71 28.22 29.24 29.69 30.43 30.96 30.25 29.39 29.46 29.46 29.46 29.45 29.45 29.45 29.45 29.45 29.44 29.44 29.44 29.44 29.44 29.44 29.44 29.44 29.44 29.44 29.44 29.43 29.43 29.43 29.43 29.43 29.43 29.43
29.49 29.50 29.52 29.54 29.58 29.63 29.68 29.72 29.70 29.14 29.88 30.59 30.94 30.07 30.84 29.15 29.96 28.91 29.73 30.31 30.50 31.01 30.36 31.05 29.39 29.45 29.45 29.45 29.44 29.44 29.44 29.44 29.44 29.44 29.44 29.44 29.44 29.44 29.44 29.44 29.44 29.43 29.43 29.43 29.43 29.43 29.43 29.43 29.43 29.43
29.48 29.49 29.51 29.53 29.57 29.61 29.64 29.67 29.70 29.75 29.80 29.86 29.93 31.14 30.86 30.36 30.34 29.49 30.09 29.97 30.45 30.25 29.32 29.41 29.45 29.45 29.44 29.44 29.44 29.44 29.44 29.44 29.43 29.43 29.43 29.43 29.43 29.43 29.43 29.43 29.43 29.43 29.43 29.43 29.43 29.43 29.43 29.43 29.43 29.43
29.46 29.48 29.49 29.51 29.54 29.57 29.60 29.62 29.65 29.69 29.74 29.81 29.90 31.28 30.90 30.64 30.35 29.49 29.98 30.31 30.45 30.22 29.32 29.45 29.44 29.44 29.44 29.43 29.43 29.43 29.43 29.43 29.43 29.43 29.43 29.43 29.43 29.43 29.43 29.43 29.43 29.43 29.43 29.43 29.43 29.43 29.43 29.43 29.43 29.43
29.45 29.46 29.48 29.49 29.51 29.53 29.55 29.56 29.59 29.62 29.66 29.71 29.80 31.19 30.93 30.70 30.26 29.92 29.97 30.20 30.38 29.31 29.45 29.44 29.44 29.44 29.43 29.43 29.43 29.43 29.43 29.43 29.43 29.43 29.43 29.42 29.42 29.42 29.42 29.42 29.42 29.42 29.42 29.43 29.43 29.42 29.42 29.42 29.42 29.42
29.44 29.45 29.46 29.47 29.48 29.49 29.50 29.51 29.52 29.54 29.55 29.58 29.62 29.69 30.82 30.55 29.69 29.98 30.45 30.19 29.26 29.45 29.44 29.44 29.43 29.43 29.43 29.43 29.43 29.43 29.43 29.42 29.42 29.42 29.42 29.42 29.42 29.42 29.42 29.42 29.42 29.42 29.42 29.42 29.42 29.42 29.42 29.42 29.42 29.42
29.43 29.43 29.44 29.45 29.46 29.46 29.47 29.47 29.47 29.48 29.48 29.49 29.50 29.50 29.50 29.50 29.49 29.25 29.45 29.45 29.44 29.44 29.43 29.43 29.43 29.43 29.42 29.42 29.42 29.42 29.42 29.42 29.42 29.42 29.42 29.42 29.42 29.42 29.42 29.42 29.42 29.42 29.42 29.42 29.42 29.42 29.42 29.42 29.42 29.42
29.42 29.42 29.43 29.43 29.44 29.44 29.44 29.45 29.45 29.45 29.46 29.46 29.46 29.47 29.47 29.46 29.46 29.22 29.44 29.44 29.44 29.43 29.43 29.43 29.43 29.42 29.42 29.42 29.42 29.42 29.42 29.42 29.42 29.42 29.42 29.42 29.41 29.41 29.41 29.41 29.41 29.41 29.41 29.41 29.41 29.41 29.41 29.41 29.41 29.41
29.41 29.42 29.42 29.42 29.43 29.43 29.43 29.43 29.44 29.44 29.44 29.45 29.45 29.45 29.45 29.44 29.44 29.43 29.43 29.43 29.43 29.43 29.42 29.42 29.42 29.42 29.42 29.42 29.42 29.42 29.42 29.42 29.41 29.41 29.41 29.41 29.41 29.41 29.41 29.41 29.41 29.41 29.41 29.41 29.41 29.41 29.41 29.41 29.41 29.41
29.41 29.41 29.41 29.42 29.42 29.42 29.42 29.43 29.43 29.43 29.44 29.44 29.44 29.43 29.43 29.43 29.43 29.43 29.43 29.43 29.42 29.42 29.42 29.42 29.42 29.42 29.41 29.41 29.41 29.41 29.41 29.41 29.41 29.41 29.41 29.41 29.41 29.41 29.41 29.41 29.41 29.41 29.41 29.41 29.41 29.41 29.41 29.41 29.41 29.41
29.40 29.41 29.41 29.41 29.41 29.42 29.42 29.42 29.43 29.43 29.43 29.43 29.43 29.43 29.42 29.42 29.42 29.42 29.42 29.42 29.42 29.42 29.42 29.41 29.41 29.41 29.41 29.41 29.41 29.41 29.41 29.41 29.41 29.41 29.41 29.41 29.41 29.41 29.41 29.41 29.41 29.40 29.41 29.41 29.41 29.40 29.40 29.40 29.40 29.40
29.40 29.40 29.40 29.41 29.41 29.41 29.42 29.42 29.42 29.42 29.42 29.42 29.42 29.42 29.42 29.42 29.42 29.42 29.42 29.42 29.41 29.41 29.41 29.41 29.41 29.41 29.41 29.41 29.41 29.41 29.41 29.41 29.41 29.41 29.40 29.40 29.40 29.40 29.40 29.40 29.40 29.40 29.40 29.40 29.40 29.40 29.40 29.40 29.40 29.40
