Raw_GIS_Data/Climate_scenarios_straight/ProcessedData/month_10_rainfall_rcp85.asc
NCOLS 50
NROWS 26
XLLCENTER 512998.000000
YLLCENTER 8407694.000000
CELLSIZE 800.000000
NODATA_value -999.000000
 4.75  4.79  4.85  4.90  4.97  5.14  5.36  5.54  5.66  5.75  5.85  5.90  5.88  5.81  5.76  5.81  5.91  5.99  6.03  6.04  6.04  6.05  6.06  6.08  6.12  6.17  6.22  6.27  6.31  6.32  6.35  6.42  6.49  6.57  6.68  6.78  6.83  6.82  6.78  6.75  6.75  6.65  6.53  6.53  6.59  6.65  6.71  6.73  6.72  6.72
 4.82  4.87  4.95  5.00  5.07  5.23  5.45  5.64  5.77  5.86  5.97  6.06  6.06  6.00  5.93  5.91  5.95  6.03  6.13  6.20  6.22  6.21  6.19  6.18  6.19  6.21  6.23  6.26  6.31  6.38  6.44  6.50  6.56  6.59  6.62  6.65  6.66  6.64  6.61  6.59  6.61  6.56  6.52  6.53  6.57  6.60  6.63  6.66  6.65  6.66
 4.85  4.91  4.97  5.01  5.08  5.25  5.47  5.63  5.75  5.87  6.02  6.17  6.26  6.29  6.25  6.20  6.22  6.32  6.45  6.55  6.56  6.49  6.45  6.43  6.42  6.40  6.42  6.48  6.55  6.61  6.68  6.76  6.81  6.78  6.68  6.60  6.59  6.59  6.56  6.56  6.59  6.63  6.66  6.65  6.61  6.55  6.54  6.56  6.60  6.65
 4.78  4.85  4.92  4.98  5.07  5.24  5.41  5.53  5.66  5.84  6.02  6.20  6.37  6.50  6.54  6.53  6.59  6.71  6.85  6.97  7.01  6.98  6.96  6.96  6.95  6.92  6.99  7.12  7.19  7.15  7.19  7.18  7.19  7.13  6.99  6.78  6.72  6.71  6.67  6.67  6.75  6.84  6.88  6.80  6.68  6.58  6.51  6.53  6.59  6.65
 4.71  4.79  4.88  4.98  5.10  5.23  5.34  5.46  5.64  5.86  6.06  6.23  6.44  6.65  6.76  6.81  6.90  7.02  7.16  7.33  7.51  7.65  7.72  7.78  7.83  7.94  8.09  8.23  8.20  8.12  8.10  7.88  7.75  7.71  7.50  7.16  7.05  6.96  6.88  6.93  7.04  7.13  7.16  7.00  6.80  6.67  6.57  6.54  6.58  6.63
 4.74  4.80  4.89  5.02  5.14  5.25  5.34  5.47  5.67  5.90  6.10  6.33  6.63  6.90  7.03  7.08  7.18  7.30  7.46  7.68  7.98  8.27  8.46  8.58  8.78  9.01  9.24  9.27  9.07  9.05  9.09  8.78  8.45  8.29  7.92  7.71  7.47  7.25  7.22  7.30  7.31  7.36  7.37  7.16  6.93  6.75  6.60  6.53  6.53  6.55
 4.87  4.89  4.96  5.08  5.22  5.34  5.43  5.53  5.71  5.91  6.14  6.44  6.81  7.13  7.30  7.39  7.50  7.63  7.79  8.02  8.32  8.65  8.90  9.11  9.24  9.26  9.32  9.17  8.89  8.99  9.23  9.34  9.18  8.83  8.35  7.95  7.48  7.28  7.41  7.54  7.43  7.37  7.31  7.13  6.98  6.85  6.72  6.59  6.52  6.52
 5.08  5.09  5.14  5.23  5.35  5.48  5.57  5.66  5.78  5.98  6.24  6.57  6.95  7.31  7.58  7.77  7.93  8.07  8.22  8.45  8.76  9.10  9.42  9.58  9.35  9.08  8.90  8.78  8.71  8.86  9.20  9.62  9.54  8.89  8.29  7.71  7.33  7.26  7.36  7.47  7.39  7.21  7.13  7.05  6.99  6.92  6.86  6.79  6.70  6.65
 5.30  5.37  5.43  5.49  5.57  5.64  5.72  5.83  5.96  6.18  6.48  6.84  7.24  7.67  8.06  8.34  8.55  8.70  8.87  9.19  9.63 10.08 10.39 10.46 10.08  9.68  9.20  8.89  8.66  8.64  8.80  8.91  8.69  8.36  7.88  7.54  7.36  7.31  7.35  7.33  7.19  7.08  7.04  6.99  6.97  6.95  6.95  6.95  6.91  6.82
 5.55  5.64  5.73  5.78  5.83  5.86  5.97  6.14  6.35  6.61  6.95  7.39  7.89  8.42  8.86  9.17  9.39  9.51  9.73 10.18 10.85 11.35 11.55 12.00 11.96 11.15  9.69  9.05  8.60  8.35  8.27  8.20  8.03  7.88  7.67  7.52  7.39  7.30  7.24  7.18  7.08  7.01  6.94  6.87  6.88  6.96  7.01  7.02  7.03  6.96
 5.86  5.93  6.04  6.14  6.23  6.34  6.51  6.76  7.06  7.40  7.90  8.51  9.13  9.67 10.16 10.54 10.62 10.51 10.73 11.21 11.67 12.12 12.49 12.82 12.79 12.02  9.93  9.05  8.54  8.22  8.03  7.89  7.77  7.70  7.62  7.52  7.39  7.26  7.15  7.07  7.00  6.92  6.83  6.75  6.77  6.91  7.02  7.06  7.07  7.06
 6.35  6.42  6.52  6.68  6.88  7.12  7.39  7.72  8.14  8.70  9.36 10.19 10.91 11.48 12.11 12.48 12.22 11.80 11.76 11.83 11.64 11.76 11.81 11.30 10.69 10.31  9.32  8.71  8.38  8.18  8.01  7.85  7.75  7.72  7.67  7.57  7.42  7.28  7.18  7.10  7.00  6.88  6.78  6.70  6.74  6.88  7.04  7.11  7.14  7.17
 6.99  7.09  7.23  7.44  7.71  8.04  8.40  8.85  9.48 10.10 10.78 11.72 12.60 13.32 14.04 14.41 13.89 13.06 12.42 11.79 10.90 10.65 10.33  9.72  9.26  9.08  8.66  8.36  8.18  8.07  7.98  7.87  7.82  7.81  7.76  7.63  7.47  7.35  7.28  7.19  7.07  6.93  6.81  6.76  6.80  6.90  7.05  7.17  7.23  7.27
 7.46  7.68  7.94  8.23  8.55  8.89  9.27  9.74 10.34 10.90 11.52 12.34 13.25 14.05 14.75 15.36 14.80 13.39 12.20 11.32 10.19  9.74  9.21  8.79  8.59  8.50  8.29  8.07  7.90  7.85  7.83  7.79  7.80  7.82  7.75  7.62  7.48  7.41  7.37  7.29  7.14  6.95  6.82  6.79  6.81  6.85  6.95  7.10  7.19  7.20
 7.64  7.99  8.36  8.70  9.03  9.35  9.62  9.91 10.31 10.67 11.17 11.89 12.69 13.39 13.84 14.20 13.81 12.62 11.30 10.36  9.56  9.13  8.75  8.49  8.31  8.17  7.98  7.80  7.70  7.68  7.67  7.65  7.69  7.72  7.69  7.59  7.50  7.47  7.45  7.37  7.19  6.95  6.78  6.75  6.75  6.77  6.85  6.97  7.02  7.00
 7.64  8.03  8.40  8.73  9.05  9.31  9.49  9.66 10.02 10.41 10.78 11.24 11.72 12.13 12.32 12.39 12.12 11.47 10.50  9.75  9.24  8.91  8.61  8.37  8.22  8.05  7.83  7.64  7.57  7.58  7.56  7.51  7.52  7.58  7.61  7.59  7.55  7.51  7.48  7.42  7.25  7.00  6.83  6.78  6.78  6.81  6.87  6.93  6.90  6.84
 7.58  7.93  8.28  8.63  8.94  9.15  9.31  9.56  9.93 10.24 10.39 10.55 10.76 10.98 11.06 10.98 10.75 10.39  9.78  9.29  8.96  8.70  8.40  8.18  8.08  7.96  7.73  7.51  7.42  7.43  7.41  7.33  7.30  7.37  7.46  7.50  7.50  7.44  7.39  7.34  7.22  7.06  6.95  6.90  6.89  6.91  6.95  6.96  6.89  6.81
 7.52  7.82  8.10  8.41  8.69  8.90  9.14  9.45  9.74  9.91  9.95  9.98 10.07 10.17 10.10  9.83  9.60  9.41  9.06  8.75  8.52  8.31  8.06  7.88  7.80  7.70  7.52  7.35  7.26  7.20  7.13  7.04  7.01  7.11  7.24  7.30  7.30  7.25  7.19  7.14  7.08  7.03  7.01  6.99  6.94  6.94  6.99  6.99  6.93  6.84
 7.51  7.71  7.87  8.06  8.31  8.57  8.84  9.09  9.28  9.39  9.40  9.42  9.47  9.41  9.15  8.86  8.69  8.53  8.34  8.14  7.96  7.82  7.64  7.50  7.44  7.37  7.25  7.12  7.01  6.90  6.80  6.73  6.75  6.87  7.03  7.10  7.08  7.02  6.93  6.88  6.89  6.96  7.03  7.02  6.92  6.88  6.92  6.94  6.89  6.81
 7.48  7.60  7.66  7.77  7.97  8.19  8.39  8.56  8.72  8.80  8.81  8.83  8.80  8.57  8.25  8.08  8.01  7.82  7.65  7.53  7.43  7.36  7.26  7.17  7.16  7.14  7.03  6.87  6.73  6.63  6.57  6.57  6.65  6.79  6.93  7.02  6.99  6.88  6.77  6.73  6.80  6.95  7.05  6.99  6.85  6.79  6.80  6.78  6.73  6.68
 7.34  7.44  7.47  7.54  7.66  7.77  7.87  8.00  8.14  8.25  8.30  8.30  8.17  7.87  7.58  7.45  7.38  7.25  7.09  7.00  6.98  6.99  6.97  6.94  6.96  6.98  6.88  6.70  6.54  6.47  6.46  6.53  6.65  6.79  6.91  7.00  6.99  6.89  6.80  6.80  6.85  6.94  6.99  6.91  6.77  6.70  6.66  6.60  6.54  6.52
 7.08  7.15  7.17  7.23  7.32  7.37  7.43  7.53  7.66  7.76  7.81  7.76  7.63  7.42  7.20  7.06  6.96  6.85  6.72  6.66  6.65  6.68  6.72  6.74  6.77  6.80  6.75  6.60  6.46  6.39  6.39  6.46  6.56  6.67  6.77  6.85  6.88  6.86  6.85  6.87  6.86  6.83  6.81  6.74  6.62  6.52  6.46  6.40  6.36  6.36
 6.77  6.82  6.86  6.93  7.01  7.03  7.08  7.19  7.28  7.35  7.36  7.35  7.28  7.16  6.99  6.83  6.71  6.62  6.54  6.51  6.48  6.48  6.53  6.60  6.64  6.66  6.62  6.51  6.40  6.34  6.33  6.35  6.39  6.43  6.50  6.59  6.66  6.71  6.74  6.75  6.71  6.64  6.60  6.55  6.46  6.35  6.29  6.26  6.25  6.25
 6.54  6.61  6.67  6.70  6.71  6.73  6.80  6.91  7.01  7.07  7.12  7.12  7.05  6.94  6.80  6.66  6.57  6.51  6.49  6.51  6.50  6.48  6.52  6.60  6.62  6.59  6.55  6.47  6.37  6.31  6.28  6.27  6.25  6.25  6.33  6.44  6.50  6.54  6.56  6.56  6.54  6.53  6.52  6.51  6.43  6.32  6.25  6.24  6.23  6.23
 6.39  6.51  6.57  6.53  6.50  6.54  6.60  6.69  6.80  6.94  7.05  6.99  6.85  6.74  6.65  6.55  6.47  6.44  6.47  6.55  6.59  6.58  6.62  6.69  6.67  6.62  6.58  6.54  6.45  6.34  6.27  6.21  6.19  6.25  6.35  6.45  6.47  6.47  6.46  6.45  6.46  6.49  6.49  6.46  6.42  6.34  6.28  6.26  6.24  6.25
 6.31  6.44  6.49  6.45  6.44  6.48  6.52  6.58  6.69  6.89  7.02  6.94  6.80  6.72  6.61  6.50  6.46  6.48  6.52  6.61  6.67  6.69  6.74  6.78  6.75  6.69  6.65  6.63  6.58  6.49  6.37  6.29  6.29  6.35  6.40  6.45  6.45  6.45  6.43  6.39  6.39  6.40  6.36  6.32  6.32  6.30  6.28  6.27  6.26  6.27
