Raw_GIS_Data/Climate_scenarios_straight/ProcessedData/month_12_maxTemp_rcp85.asc
NCOLS 50
NROWS 26
XLLCENTER 512998.000000
YLLCENTER 8407694.000000
CELLSIZE 800.000000
NODATA_value -999.000000
31.17 31.17 31.17 31.17 31.17 31.17 31.17 31.17 31.17 31.17 31.17 31.17 31.17 31.17 31.17 31.18 31.18 31.19 31.20 31.21 31.21 31.22 31.21 31.21 31.20 31.19 31.19 31.19 31.18 31.18 31.17 31.17 31.16 31.16 31.15 31.14 31.14 31.13 31.12 31.11 31.11 31.10 31.10 31.10 31.10 31.10 31.10 31.10 31.10 31.10
31.17 31.17 31.17 31.17 31.17 31.18 31.18 31.18 31.18 31.18 31.18 31.18 31.18 31.18 31.18 31.18 31.18 31.19 31.20 31.22 31.23 31.24 31.25 31.25 31.24 31.23 31.22 31.21 31.20 31.21 31.20 31.20 31.19 31.18 31.18 31.17 31.17 31.16 31.15 31.14 31.13 31.11 31.11 31.10 31.10 31.10 31.10 31.10 31.10 31.10
31.18 31.18 31.18 31.18 31.18 31.18 31.19 31.19 31.19 31.19 31.19 31.19 31.19 31.19 31.18 31.18 31.19 31.19 31.20 31.22 31.23 31.25 31.28 31.29 31.30 31.30 31.30 31.28 31.25 31.23 31.24 31.24 31.24 31.22 31.22 31.21 31.20 31.20 31.19 31.19 31.18 31.17 31.14 31.11 31.10 31.10 31.10 31.10 31.10 31.09
31.19 31.19 31.19 31.19 31.19 31.20 31.20 31.20 31.20 31.20 31.20 31.20 31.20 31.20 31.20 31.20 31.20 31.20 31.21 31.22 31.23 31.26 31.30 31.34 31.38 31.43 31.50 33.25 32.25 31.24 31.28 31.29 31.32 31.29 31.27 31.26 31.27 31.25 31.25 31.26 31.29 31.33 32.96 32.79 31.05 31.10 31.09 31.09 31.09 31.09
31.20 31.20 31.20 31.20 31.21 31.21 31.21 31.21 31.21 31.21 31.22 31.22 31.22 31.22 31.22 31.22 31.22 31.22 31.23 31.23 31.25 31.27 31.32 31.38 31.49 33.21 32.85 32.42 31.83 32.94 31.00 31.17 33.09 32.74 30.67 31.20 32.98 31.30 31.32 31.34 31.41 33.09 32.52 32.18 31.04 31.10 31.09 31.09 31.09 31.09
31.21 31.21 31.22 31.22 31.22 31.22 31.23 31.23 31.23 31.24 31.24 31.24 31.24 31.24 31.25 31.25 31.25 31.26 31.27 31.28 31.29 31.32 31.36 31.46 33.14 31.68 30.87 30.21 30.50 30.68 29.87 29.75 33.00 30.77 32.89 31.44 31.34 31.96 32.06 31.81 32.08 33.14 31.50 31.35 30.69 31.10 31.09 31.09 31.09 31.09
31.22 31.23 31.23 31.24 31.24 31.24 31.24 31.25 31.25 31.26 31.26 31.26 31.26 31.27 31.28 31.29 31.29 31.30 31.32 31.34 31.37 31.41 31.49 33.19 31.26 31.43 30.55 30.28 31.32 32.49 32.42 32.03 31.83 30.67 30.83 30.06 31.80 32.92 32.44 30.82 32.00 32.54 31.67 31.94 31.03 31.10 31.09 31.09 31.09 31.09
31.23 31.24 31.25 31.26 31.27 31.27 31.27 31.28 31.28 31.29 31.29 31.29 31.30 31.31 31.32 31.33 31.35 31.37 31.39 31.41 31.46 31.57 33.28 32.08 31.54 32.94 31.47 31.48 31.52 31.69 33.34 30.93 29.21 30.65 30.09 30.49 31.41 31.49 33.20 32.96 31.12 31.11 30.99 31.21 31.15 31.10 31.08 31.09 31.08 31.09
31.25 31.26 31.28 31.30 31.31 31.31 31.32 31.33 31.34 31.34 31.35 31.35 31.35 31.36 31.37 31.38 31.41 31.45 31.48 31.51 31.53 31.64 33.24 30.91 32.51 32.10 31.95 32.06 31.37 31.52 33.26 31.19 32.70 31.13 31.27 31.22 31.27 31.29 31.31 30.38 31.23 31.21 31.22 31.28 33.05 32.81 30.81 31.09 31.08 31.08
31.25 31.28 31.30 31.33 31.35 31.37 31.39 31.41 31.43 31.44 31.45 31.44 31.44 31.45 31.45 31.45 31.47 31.52 31.62 33.23 32.83 30.82 33.16 32.36 30.50 29.29 31.56 32.10 30.92 31.34 31.39 31.07 31.19 31.29 31.24 31.22 31.20 31.20 31.20 31.20 31.18 31.17 31.16 31.17 31.19 31.12 30.58 31.08 31.08 31.08
31.25 31.29 31.32 31.37 31.41 31.45 31.49 31.53 31.58 31.66 33.39 32.31 31.98 31.99 32.86 32.57 31.30 32.76 33.08 31.76 32.02 30.93 31.58 29.29 29.69 27.73 30.03 31.37 30.58 31.28 31.29 31.27 31.25 31.23 31.20 31.18 31.17 31.16 31.17 31.17 31.16 31.15 31.14 31.13 31.13 31.12 31.10 31.09 31.08 31.08
31.23 31.28 31.33 31.38 31.45 31.51 31.58 31.68 33.48 33.48 32.27 31.16 30.08 31.09 31.39 30.46 29.85 31.58 32.35 30.58 30.34 31.40 29.69 29.72 31.79 29.88 29.75 31.21 31.25 31.23 31.23 31.21 31.20 31.18 31.17 31.16 31.15 31.15 31.15 31.14 31.14 31.13 31.12 31.12 31.11 31.10 31.10 31.09 31.08 31.08
31.18 31.23 31.28 31.35 31.43 31.53 31.67 33.51 33.02 31.38 32.23 30.95 30.12 30.10 30.22 29.33 29.91 30.08 30.90 29.85 32.02 32.08 31.17 31.79 32.79 30.10 31.15 31.26 31.22 31.20 31.19 31.18 31.17 31.16 31.15 31.14 31.14 31.13 31.13 31.13 31.12 31.12 31.11 31.11 31.10 31.09 31.09 31.08 31.08 31.08
31.14 31.16 31.20 31.26 31.36 31.53 33.37 32.97 31.56 30.82 30.22 30.44 30.28 29.96 30.42 29.41 28.92 29.98 31.13 29.94 32.58 31.07 32.33 31.30 31.31 31.20 31.23 31.22 31.19 31.18 31.17 31.16 31.15 31.15 31.14 31.13 31.13 31.12 31.12 31.12 31.11 31.11 31.10 31.10 31.09 31.09 31.08 31.08 31.08 31.08
31.11 31.13 31.15 31.19 31.28 31.41 32.49 32.81 31.70 31.44 32.57 31.82 32.25 30.89 31.21 30.45 29.98 30.47 31.49 31.98 32.76 33.23 32.40 31.18 31.24 31.22 31.20 31.19 31.17 31.16 31.15 31.15 31.14 31.14 31.13 31.12 31.12 31.12 31.11 31.11 31.11 31.10 31.10 31.09 31.09 31.09 31.08 31.08 31.08 31.07
31.10 31.12 31.14 31.18 31.24 31.36 31.50 31.56 31.56 30.99 31.76 32.90 33.20 32.23 32.90 31.32 32.22 31.21 32.00 32.63 32.89 33.33 32.52 33.24 31.15 31.19 31.18 31.17 31.16 31.15 31.14 31.14 31.13 31.13 31.12 31.12 31.12 31.11 31.11 31.11 31.10 31.10 31.09 31.09 31.09 31.08 31.08 31.08 31.07 31.07
31.09 31.11 31.13 31.18 31.25 31.34 31.42 31.48 31.53 31.58 31.65 31.74 31.80 33.26 32.97 32.58 32.77 31.82 32.32 32.23 32.87 32.44 31.16 31.22 31.20 31.18 31.17 31.16 31.15 31.14 31.14 31.13 31.12 31.12 31.11 31.11 31.11 31.11 31.10 31.10 31.10 31.09 31.09 31.09 31.09 31.08 31.08 31.07 31.07 31.07
31.08 31.09 31.12 31.17 31.23 31.30 31.35 31.40 31.45 31.51 31.58 31.67 31.77 33.43 33.06 32.90 32.84 31.89 32.25 32.65 32.85 32.34 31.11 31.22 31.19 31.17 31.16 31.15 31.14 31.14 31.13 31.12 31.12 31.11 31.11 31.11 31.11 31.10 31.10 31.10 31.10 31.09 31.09 31.08 31.08 31.08 31.08 31.07 31.07 31.07
31.07 31.09 31.12 31.16 31.20 31.24 31.28 31.32 31.36 31.42 31.48 31.57 31.69 33.48 33.22 33.04 32.75 32.34 32.28 32.52 32.77 31.12 31.22 31.19 31.17 31.16 31.15 31.14 31.13 31.13 31.12 31.12 31.11 31.11 31.11 31.10 31.10 31.10 31.10 31.09 31.09 31.09 31.08 31.08 31.08 31.08 31.07 31.07 31.07 31.07
31.07 31.08 31.11 31.14 31.17 31.20 31.22 31.25 31.27 31.30 31.34 31.39 31.48 31.62 33.23 33.00 32.19 32.40 32.79 32.49 31.08 31.23 31.20 31.18 31.16 31.15 31.14 31.14 31.13 31.12 31.12 31.11 31.11 31.11 31.10 31.10 31.10 31.09 31.09 31.09 31.09 31.08 31.08 31.08 31.08 31.07 31.07 31.07 31.07 31.07
31.06 31.08 31.10 31.12 31.14 31.16 31.18 31.19 31.20 31.21 31.23 31.25 31.27 31.31 31.35 31.35 31.34 31.09 31.28 31.27 31.22 31.20 31.18 31.17 31.16 31.15 31.14 31.13 31.12 31.11 31.11 31.11 31.11 31.10 31.10 31.09 31.09 31.09 31.09 31.09 31.08 31.08 31.08 31.08 31.07 31.07 31.07 31.07 31.07 31.07
31.07 31.08 31.10 31.11 31.12 31.13 31.14 31.15 31.16 31.16 31.17 31.18 31.20 31.22 31.24 31.25 31.25 31.01 31.23 31.22 31.20 31.18 31.17 31.16 31.15 31.14 31.13 31.12 31.12 31.11 31.11 31.10 31.10 31.10 31.09 31.09 31.09 31.08 31.08 31.08 31.08 31.08 31.08 31.08 31.07 31.07 31.07 31.07 31.07 31.06
31.07 31.07 31.08 31.09 31.10 31.11 31.12 31.12 31.13 31.13 31.14 31.15 31.17 31.18 31.19 31.20 31.20 31.20 31.20 31.19 31.18 31.17 31.16 31.15 31.14 31.13 31.13 31.12 31.11 31.10 31.10 31.10 31.10 31.09 31.09 31.09 31.08 31.08 31.08 31.08 31.08 31.08 31.08 31.07 31.07 31.07 31.07 31.07 31.07 31.07
31.06 31.07 31.07 31.08 31.08 31.09 31.10 31.11 31.11 31.12 31.12 31.14 31.15 31.16 31.16 31.17 31.17 31.18 31.17 31.17 31.16 31.16 31.15 31.14 31.13 31.13 31.12 31.12 31.11 31.10 31.10 31.09 31.09 31.09 31.09 31.08 31.08 31.08 31.08 31.08 31.08 31.08 31.07 31.07 31.07 31.07 31.07 31.07 31.07 31.07
31.06 31.06 31.06 31.07 31.07 31.08 31.09 31.09 31.10 31.11 31.12 31.12 31.13 31.14 31.15 31.15 31.15 31.15 31.15 31.15 31.15 31.14 31.14 31.13 31.13 31.12 31.12 31.11 31.11 31.10 31.09 31.09 31.09 31.09 31.09 31.08 31.08 31.08 31.07 31.07 31.07 31.08 31.07 31.07 31.07 31.07 31.07 31.07 31.07 31.07
31.05 31.05 31.06 31.06 31.07 31.08 31.08 31.09 31.10 31.10 31.11 31.11 31.12 31.13 31.13 31.14 31.14 31.14 31.14 31.14 31.14 31.13 31.13 31.13 31.12 31.12 31.11 31.10 31.10 31.10 31.09 31.09 31.09 31.09 31.08 31.08 31.07 31.07 31.07 31.07 31.07 31.07 31.07 31.07 31.07 31.07 31.06 31.07 31.07 31.06
