Raw_GIS_Data/Climate_scenarios_straight/ProcessedData/month_9_minTemp_rcp85.asc
NCOLS 50
NROWS 26
XLLCENTER 512998.000000
YLLCENTER 8407694.000000
CELLSIZE 800.000000
NODATA_value -999.000000
28.57 28.57 28.57 28.57 28.57 28.57 28.56 28.56 28.55 28.55 28.55 28.55 28.55 28.55 28.54 28.54 28.53 28.53 28.53 28.53 28.53 28.52 28.52 28.51 28.50 28.50 28.49 28.49 28.50 28.50 28.51 28.52 28.53 28.53 28.54 28.55 28.55 28.56 28.56 28.57 28.58 28.58 28.59 28.59 28.59 28.59 28.59 28.59 28.60 28.60
28.57 28.57 28.56 28.56 28.56 28.56 28.55 28.55 28.54 28.54 28.54 28.54 28.54 28.54 28.53 28.52 28.52 28.51 28.51 28.50 28.50 28.50 28.49 28.48 28.47 28.47 28.47 28.46 28.46 28.46 28.48 28.50 28.50 28.50 28.51 28.53 28.54 28.54 28.55 28.56 28.57 28.58 28.59 28.59 28.59 28.58 28.59 28.59 28.59 28.59
28.56 28.56 28.56 28.55 28.55 28.55 28.54 28.54 28.53 28.53 28.53 28.53 28.53 28.52 28.52 28.51 28.50 28.49 28.48 28.48 28.48 28.48 28.47 28.46 28.45 28.44 28.43 28.43 28.42 28.41 28.41 28.45 28.47 28.47 28.47 28.50 28.52 28.52 28.53 28.54 28.55 28.56 28.57 28.58 28.58 28.58 28.58 28.59 28.59 28.59
28.54 28.54 28.54 28.54 28.54 28.53 28.52 28.52 28.52 28.52 28.51 28.51 28.51 28.50 28.49 28.49 28.48 28.47 28.46 28.46 28.46 28.45 28.45 28.45 28.43 28.42 28.41 27.67 27.00 28.36 28.37 28.35 28.41 28.43 28.43 28.42 28.48 28.50 28.50 28.51 28.52 28.53 27.91 28.00 28.54 28.58 28.58 28.58 28.58 28.58
28.53 28.53 28.53 28.52 28.52 28.51 28.51 28.51 28.50 28.50 28.50 28.49 28.49 28.48 28.47 28.47 28.46 28.45 28.44 28.43 28.43 28.43 28.43 28.43 28.42 27.70 27.33 26.91 26.43 27.30 25.93 28.11 27.09 27.19 25.83 28.21 27.57 28.47 28.47 28.48 28.49 27.78 27.44 27.37 28.52 28.58 28.58 28.58 28.58 28.58
28.51 28.51 28.50 28.50 28.49 28.49 28.49 28.49 28.48 28.48 28.48 28.47 28.47 28.46 28.46 28.45 28.44 28.43 28.41 28.40 28.39 28.38 28.38 28.39 27.65 26.46 25.81 25.17 25.32 25.42 24.96 24.90 26.86 25.73 27.24 26.26 26.15 26.60 26.71 26.59 26.77 27.63 26.56 26.62 28.15 28.57 28.58 28.58 28.58 28.58
28.49 28.49 28.48 28.47 28.47 28.47 28.46 28.46 28.46 28.45 28.45 28.45 28.44 28.44 28.43 28.43 28.42 28.41 28.40 28.38 28.36 28.34 28.33 27.61 26.06 26.13 25.53 25.22 27.96 26.50 26.75 26.49 26.51 25.70 25.86 25.35 26.46 27.22 27.06 25.90 26.83 27.35 26.79 27.19 28.48 28.57 28.57 28.58 28.58 28.58
28.47 28.46 28.46 28.45 28.45 28.44 28.43 28.43 28.42 28.42 28.41 28.41 28.40 28.40 28.39 28.39 28.39 28.39 28.38 28.37 28.35 28.32 27.51 26.55 26.07 27.16 28.35 28.37 28.40 28.39 27.42 25.95 24.81 25.73 25.47 27.55 28.45 28.50 27.87 27.79 26.42 28.40 28.30 28.56 28.57 28.57 28.56 28.57 28.57 28.57
28.45 28.45 28.44 28.43 28.42 28.41 28.40 28.39 28.39 28.38 28.37 28.36 28.35 28.34 28.34 28.33 28.33 28.35 28.37 28.38 28.38 28.36 27.41 25.70 26.87 26.60 26.54 26.76 28.45 28.47 27.78 26.16 27.40 26.32 28.43 28.44 28.52 28.54 28.56 27.66 28.53 28.55 28.56 28.57 28.18 28.14 28.29 28.56 28.57 28.57
28.43 28.43 28.42 28.40 28.39 28.37 28.36 28.36 28.36 28.36 28.35 28.33 28.31 28.29 28.28 28.29 28.27 28.27 28.33 27.31 27.14 25.59 27.31 26.80 25.64 24.69 26.18 26.83 28.09 28.48 28.49 28.18 28.34 28.49 28.51 28.53 28.53 28.54 28.54 28.54 28.54 28.54 28.55 28.56 28.56 28.54 28.05 28.55 28.56 28.56
28.42 28.41 28.39 28.37 28.35 28.34 28.33 28.32 28.33 28.34 27.57 26.77 26.53 26.49 26.97 26.86 25.94 26.88 27.04 26.20 26.36 25.58 26.25 24.74 25.12 23.94 25.23 26.41 27.78 28.48 28.50 28.50 28.51 28.52 28.53 28.53 28.53 28.54 28.53 28.53 28.53 28.54 28.55 28.55 28.55 28.55 28.55 28.55 28.55 28.55
28.41 28.40 28.38 28.35 28.32 28.30 28.29 28.28 27.45 27.42 26.58 25.86 25.05 25.78 25.97 25.39 24.87 26.00 26.55 25.38 25.16 25.95 24.91 24.96 26.55 25.37 26.85 28.35 28.49 28.50 28.50 28.51 28.52 28.52 28.53 28.53 28.53 28.53 28.53 28.53 28.53 28.53 28.54 28.54 28.55 28.55 28.56 28.56 28.55 28.55
28.41 28.39 28.36 28.33 28.30 28.28 28.26 27.37 26.95 25.85 26.46 25.63 25.08 25.00 25.10 24.52 24.91 25.05 25.71 24.98 26.42 26.60 26.03 26.53 27.55 27.25 28.35 28.49 28.50 28.50 28.51 28.52 28.52 28.53 28.53 28.53 28.53 28.54 28.54 28.53 28.53 28.53 28.54 28.54 28.55 28.55 28.56 28.56 28.56 28.56
28.41 28.39 28.37 28.35 28.32 28.27 27.44 26.98 25.96 25.40 25.01 25.19 25.13 24.92 25.26 24.64 24.34 24.98 25.88 25.15 27.00 26.13 27.22 28.41 28.48 28.42 28.49 28.50 28.50 28.51 28.51 28.52 28.52 28.53 28.53 28.53 28.54 28.54 28.54 28.54 28.54 28.54 28.54 28.54 28.55 28.56 28.56 28.56 28.56 28.56
28.42 28.41 28.39 28.37 28.35 28.29 26.84 26.99 26.13 25.87 26.57 26.08 26.47 25.62 25.92 25.40 25.07 25.43 26.16 26.56 27.21 28.28 27.37 28.40 28.49 28.50 28.50 28.50 28.50 28.51 28.52 28.52 28.53 28.53 28.53 28.53 28.54 28.54 28.54 28.54 28.54 28.54 28.54 28.55 28.55 28.55 28.55 28.56 28.56 28.55
28.43 28.42 28.41 28.40 28.38 28.36 28.34 28.31 28.21 27.53 28.16 26.91 27.19 26.53 27.10 26.03 26.68 26.01 26.57 27.05 27.34 28.36 27.46 28.56 28.45 28.50 28.50 28.50 28.51 28.51 28.52 28.52 28.53 28.53 28.53 28.53 28.54 28.54 28.54 28.54 28.54 28.54 28.55 28.55 28.55 28.54 28.54 28.55 28.54 28.54
28.44 28.43 28.43 28.42 28.42 28.41 28.39 28.36 28.33 28.31 28.29 28.25 28.23 27.31 27.17 26.90 27.03 26.44 26.88 26.84 27.41 27.44 28.35 28.45 28.51 28.51 28.51 28.51 28.51 28.52 28.52 28.52 28.53 28.53 28.53 28.53 28.53 28.53 28.53 28.53 28.54 28.55 28.55 28.55 28.54 28.54 28.54 28.54 28.54 28.54
28.45 28.44 28.43 28.43 28.43 28.43 28.42 28.41 28.39 28.37 28.35 28.32 28.29 27.52 27.28 27.14 27.09 26.47 26.84 27.18 27.49 27.48 28.38 28.51 28.51 28.51 28.51 28.52 28.52 28.52 28.53 28.53 28.53 28.53 28.52 28.52 28.53 28.53 28.53 28.53 28.54 28.54 28.55 28.54 28.54 28.54 28.54 28.54 28.54 28.53
28.45 28.44 28.44 28.44 28.44 28.44 28.44 28.43 28.42 28.40 28.39 28.37 28.35 27.70 27.50 27.36 27.12 26.89 26.95 27.25 27.59 28.37 28.52 28.52 28.52 28.52 28.52 28.53 28.53 28.53 28.53 28.53 28.53 28.53 28.53 28.53 28.53 28.53 28.53 28.53 28.54 28.54 28.54 28.54 28.54 28.54 28.54 28.53 28.53 28.53
28.45 28.45 28.45 28.45 28.45 28.45 28.45 28.44 28.43 28.42 28.42 28.42 28.42 28.42 27.72 27.54 26.86 27.08 27.48 27.44 28.32 28.52 28.52 28.52 28.52 28.52 28.52 28.53 28.53 28.54 28.54 28.54 28.53 28.53 28.53 28.53 28.53 28.52 28.52 28.53 28.53 28.53 28.54 28.53 28.54 28.54 28.54 28.53 28.53 28.53
28.45 28.46 28.46 28.45 28.45 28.45 28.45 28.45 28.45 28.44 28.44 28.45 28.45 28.46 28.46 28.47 28.47 28.25 28.48 28.50 28.51 28.52 28.52 28.52 28.53 28.53 28.53 28.53 28.53 28.54 28.54 28.54 28.53 28.53 28.53 28.53 28.52 28.52 28.52 28.53 28.53 28.53 28.53 28.53 28.54 28.54 28.54 28.53 28.53 28.53
28.46 28.46 28.46 28.46 28.46 28.46 28.46 28.46 28.46 28.45 28.45 28.46 28.47 28.48 28.48 28.49 28.49 28.27 28.50 28.50 28.51 28.51 28.51 28.52 28.53 28.53 28.53 28.53 28.53 28.53 28.53 28.53 28.53 28.53 28.53 28.53 28.52 28.52 28.52 28.52 28.53 28.53 28.53 28.53 28.53 28.53 28.53 28.53 28.52 28.52
28.47 28.47 28.47 28.47 28.47 28.47 28.46 28.46 28.46 28.46 28.46 28.47 28.48 28.48 28.49 28.49 28.49 28.49 28.50 28.50 28.50 28.50 28.51 28.52 28.53 28.53 28.53 28.53 28.53 28.53 28.53 28.53 28.53 28.53 28.53 28.52 28.52 28.52 28.52 28.52 28.52 28.52 28.52 28.52 28.52 28.52 28.52 28.52 28.51 28.51
28.48 28.48 28.47 28.47 28.47 28.47 28.47 28.47 28.47 28.47 28.48 28.48 28.49 28.49 28.49 28.49 28.49 28.49 28.50 28.50 28.50 28.51 28.51 28.52 28.52 28.53 28.53 28.53 28.53 28.53 28.53 28.52 28.52 28.53 28.53 28.52 28.52 28.52 28.51 28.51 28.51 28.51 28.52 28.52 28.51 28.52 28.51 28.51 28.51 28.51
28.48 28.48 28.48 28.47 28.47 28.47 28.47 28.47 28.48 28.48 28.49 28.49 28.49 28.49 28.49 28.49 28.49 28.50 28.50 28.50 28.51 28.51 28.51 28.52 28.52 28.52 28.53 28.53 28.53 28.52 28.53 28.52 28.52 28.52 28.52 28.51 28.51 28.51 28.51 28.51 28.51 28.50 28.51 28.51 28.51 28.51 28.51 28.51 28.50 28.51
28.48 28.48 28.48 28.48 28.48 28.48 28.48 28.48 28.49 28.49 28.49 28.49 28.50 28.50 28.50 28.50 28.50 28.50 28.51 28.51 28.51 28.51 28.51 28.51 28.52 28.52 28.52 28.52 28.52 28.52 28.52 28.53 28.52 28.52 28.51 28.51 28.51 28.51 28.50 28.50 28.50 28.50 28.50 28.50 28.51 28.51 28.51 28.51 28.51 28.50
