Raw_GIS_Data/Climate_scenarios_straight/ProcessedData/month_1_minTemp_present.asc
NCOLS 50
NROWS 26
XLLCENTER 512998.000000
YLLCENTER 8407694.000000
CELLSIZE 800.000000
NODATA_value -999.000000
27.10 27.10 27.10 27.09 27.09 27.08 27.09 27.08 27.09 27.09 27.08 27.07 27.07 27.07 27.06 27.06 27.06 27.06 27.05 27.05 27.05 27.05 27.06 27.06 27.05 27.05 27.04 27.04 27.04 27.04 27.04 27.05 27.05 27.05 27.04 27.04 27.05 27.05 27.06 27.06 27.06 27.07 27.07 27.08 27.07 27.08 27.08 27.09 27.09 27.09
27.09 27.09 27.09 27.08 27.08 27.08 27.08 27.08 27.08 27.08 27.07 27.07 27.06 27.06 27.06 27.05 27.05 27.04 27.04 27.04 27.04 27.04 27.04 27.04 27.03 27.03 27.02 27.01 27.01 27.01 27.02 27.02 27.03 27.03 27.03 27.03 27.04 27.05 27.05 27.06 27.06 27.07 27.07 27.07 27.07 27.07 27.08 27.08 27.08 27.08
27.09 27.08 27.07 27.07 27.07 27.07 27.07 27.07 27.08 27.07 27.06 27.06 27.06 27.05 27.05 27.04 27.03 27.03 27.03 27.03 27.02 27.02 27.02 27.01 27.01 27.00 26.98 26.97 26.96 26.96 26.96 26.99 27.00 27.00 26.99 27.01 27.02 27.03 27.04 27.05 27.05 27.06 27.06 27.06 27.07 27.08 27.08 27.08 27.08 27.08
27.08 27.07 27.06 27.06 27.06 27.06 27.06 27.06 27.06 27.06 27.06 27.05 27.05 27.04 27.04 27.03 27.02 27.01 27.01 27.00 27.00 27.00 26.99 26.98 26.97 26.95 26.93 25.55 24.84 26.87 26.89 26.90 26.94 26.95 26.95 26.96 26.98 27.00 27.01 27.02 27.02 27.02 25.65 25.71 27.02 27.08 27.09 27.09 27.09 27.09
27.07 27.06 27.05 27.04 27.04 27.04 27.04 27.05 27.04 27.04 27.04 27.04 27.03 27.03 27.02 27.01 27.00 26.99 26.98 26.98 26.97 26.97 26.97 26.96 26.94 25.76 25.21 24.67 24.21 24.93 23.85 26.63 24.99 24.95 23.87 26.75 25.17 26.97 26.97 26.97 26.98 25.48 25.17 25.13 27.02 27.08 27.09 27.10 27.10 27.10
27.05 27.04 27.03 27.03 27.03 27.03 27.03 27.03 27.02 27.02 27.02 27.02 27.01 27.01 27.00 26.99 26.97 26.96 26.95 26.94 26.94 26.93 26.92 26.91 25.63 24.28 23.71 23.15 23.24 23.30 23.05 22.91 24.50 23.54 24.84 24.01 23.95 24.28 24.42 24.38 24.48 25.21 24.41 24.50 26.65 27.08 27.09 27.10 27.10 27.10
27.03 27.02 27.02 27.02 27.01 27.01 27.01 27.00 27.00 26.99 26.99 26.98 26.98 26.98 26.97 26.96 26.95 26.93 26.92 26.90 26.89 26.88 26.86 25.65 24.12 23.95 23.46 23.17 26.62 24.42 24.66 24.43 24.30 23.63 23.71 23.33 24.18 24.80 24.73 23.93 24.64 24.99 24.71 25.19 27.00 27.10 27.10 27.10 27.10 27.10
27.02 27.01 27.01 27.00 27.00 26.99 26.98 26.98 26.96 26.96 26.95 26.95 26.94 26.94 26.93 26.92 26.91 26.90 26.89 26.87 26.85 26.82 25.50 24.49 23.95 24.68 26.89 26.93 26.94 26.93 25.30 23.99 22.97 23.73 23.46 26.10 26.95 26.98 25.53 25.67 24.45 26.92 26.81 27.09 27.09 27.10 27.10 27.10 27.10 27.10
27.01 27.00 26.99 26.99 26.98 26.97 26.96 26.95 26.93 26.92 26.91 26.89 26.89 26.88 26.87 26.86 26.85 26.85 26.85 26.84 26.84 26.80 25.23 23.57 24.42 24.05 24.14 24.33 26.96 26.97 25.61 24.30 25.45 24.44 27.00 26.95 27.03 27.04 27.05 26.12 27.08 27.09 27.10 27.10 26.46 26.41 26.82 27.10 27.10 27.11
27.00 26.98 26.97 26.97 26.96 26.95 26.94 26.92 26.91 26.89 26.88 26.86 26.84 26.83 26.81 26.81 26.80 26.78 26.80 25.01 24.86 23.54 24.86 24.29 23.41 22.61 23.86 24.38 26.58 27.00 27.02 26.71 26.86 27.03 27.03 27.05 27.07 27.08 27.07 27.09 27.08 27.10 27.10 27.10 27.11 27.08 26.57 27.11 27.11 27.11
26.99 26.97 26.96 26.95 26.93 26.91 26.90 26.89 26.88 26.88 25.73 24.69 24.34 24.20 24.63 24.64 23.90 24.59 24.52 23.74 23.92 23.28 23.86 22.63 23.02 22.03 23.18 24.07 26.27 27.01 27.02 27.04 27.05 27.05 27.06 27.08 27.08 27.09 27.08 27.09 27.10 27.10 27.10 27.10 27.11 27.11 27.11 27.11 27.11 27.11
26.97 26.96 26.94 26.92 26.90 26.87 26.86 26.86 25.79 25.61 24.62 23.85 23.07 23.48 23.58 23.23 22.87 23.68 24.10 23.16 23.01 23.61 22.89 22.97 24.26 23.44 25.43 26.89 27.02 27.03 27.04 27.05 27.06 27.07 27.08 27.09 27.09 27.09 27.09 27.10 27.10 27.10 27.10 27.11 27.11 27.11 27.11 27.11 27.11 27.11
26.96 26.95 26.93 26.91 26.88 26.85 26.85 25.77 25.19 23.94 24.38 23.59 23.11 22.91 22.98 22.55 22.82 22.87 23.45 22.85 24.14 24.21 23.85 24.19 25.06 25.81 26.94 27.03 27.04 27.04 27.05 27.06 27.07 27.08 27.09 27.09 27.09 27.09 27.09 27.10 27.10 27.11 27.11 27.11 27.12 27.11 27.11 27.11 27.11 27.11
26.95 26.93 26.92 26.90 26.87 26.86 25.73 25.23 24.14 23.55 23.14 23.20 23.16 22.94 23.19 22.68 22.39 22.85 23.60 23.01 24.54 23.82 24.65 26.95 27.04 27.00 27.06 27.06 27.06 27.06 27.07 27.08 27.08 27.09 27.09 27.09 27.09 27.10 27.10 27.10 27.11 27.11 27.11 27.12 27.12 27.12 27.12 27.11 27.11 27.11
26.95 26.93 26.91 26.89 26.87 26.83 24.99 24.98 24.22 23.93 24.51 24.03 24.38 23.63 23.87 23.41 23.13 23.32 23.80 24.13 24.67 26.92 24.79 26.92 27.04 27.06 27.07 27.07 27.07 27.07 27.08 27.09 27.10 27.10 27.10 27.10 27.10 27.10 27.10 27.11 27.11 27.11 27.12 27.12 27.12 27.12 27.12 27.12 27.11 27.11
26.94 26.93 26.91 26.89 26.88 26.86 26.86 26.86 26.80 26.12 26.82 24.81 25.08 24.56 25.03 24.03 24.40 23.85 24.16 24.45 24.72 27.00 24.94 27.24 27.00 27.05 27.07 27.08 27.08 27.09 27.09 27.10 27.10 27.10 27.10 27.10 27.10 27.10 27.10 27.11 27.11 27.11 27.11 27.12 27.12 27.13 27.12 27.12 27.12 27.12
26.94 26.93 26.92 26.90 26.89 26.88 26.87 26.87 26.86 26.86 26.84 26.82 26.81 25.44 25.25 24.81 24.69 24.16 24.36 24.16 24.82 24.84 26.84 26.98 27.05 27.06 27.07 27.08 27.09 27.09 27.09 27.10 27.10 27.10 27.11 27.11 27.10 27.10 27.10 27.10 27.11 27.11 27.11 27.12 27.12 27.13 27.13 27.13 27.13 27.13
26.95 26.94 26.93 26.92 26.91 26.90 26.89 26.89 26.88 26.87 26.85 26.83 26.79 25.79 25.48 25.07 24.74 24.18 24.34 24.60 24.91 24.99 26.86 27.03 27.05 27.06 27.07 27.08 27.09 27.10 27.10 27.10 27.10 27.10 27.10 27.10 27.10 27.11 27.11 27.11 27.10 27.11 27.11 27.12 27.12 27.13 27.13 27.13 27.13 27.13
26.96 26.95 26.94 26.93 26.92 26.91 26.90 26.90 26.89 26.88 26.86 26.83 26.79 25.85 25.54 25.20 24.73 24.45 24.41 24.68 25.03 26.83 27.02 27.04 27.06 27.07 27.08 27.09 27.10 27.10 27.10 27.10 27.10 27.10 27.10 27.10 27.11 27.11 27.11 27.11 27.10 27.10 27.11 27.12 27.12 27.12 27.13 27.13 27.13 27.13
26.97 26.96 26.95 26.94 26.93 26.93 26.92 26.91 26.91 26.90 26.89 26.87 26.84 26.82 25.69 25.33 24.56 24.61 24.78 24.87 26.77 27.00 27.03 27.05 27.07 27.08 27.09 27.10 27.10 27.10 27.11 27.11 27.10 27.10 27.10 27.11 27.11 27.11 27.11 27.11 27.10 27.11 27.11 27.12 27.12 27.12 27.12 27.13 27.13 27.13
26.97 26.97 26.96 26.95 26.94 26.94 26.93 26.93 26.92 26.92 26.91 26.91 26.90 26.89 26.90 26.91 26.93 26.69 26.93 26.97 27.00 27.02 27.04 27.06 27.07 27.09 27.10 27.11 27.11 27.11 27.11 27.11 27.11 27.10 27.10 27.11 27.11 27.12 27.12 27.12 27.11 27.11 27.11 27.12 27.12 27.12 27.12 27.12 27.13 27.13
26.98 26.98 26.97 26.96 26.96 26.95 26.95 26.95 26.95 26.95 26.95 26.95 26.95 26.95 26.96 26.96 26.98 26.75 26.99 27.01 27.03 27.04 27.06 27.07 27.08 27.09 27.10 27.11 27.11 27.12 27.12 27.11 27.11 27.10 27.10 27.11 27.12 27.12 27.12 27.12 27.12 27.12 27.12 27.12 27.12 27.12 27.12 27.12 27.13 27.13
26.99 26.98 26.98 26.98 26.97 26.98 26.97 26.97 26.97 26.98 26.97 26.98 26.98 26.99 26.99 27.00 27.01 27.02 27.03 27.04 27.05 27.06 27.07 27.08 27.09 27.10 27.10 27.11 27.12 27.12 27.12 27.11 27.11 27.11 27.11 27.11 27.12 27.13 27.13 27.13 27.13 27.13 27.12 27.12 27.13 27.13 27.13 27.13 27.13 27.13
26.99 26.99 26.99 26.99 26.99 26.99 26.99 26.99 27.00 27.00 27.00 27.00 27.00 27.01 27.02 27.02 27.03 27.04 27.05 27.06 27.07 27.07 27.08 27.09 27.10 27.10 27.11 27.11 27.12 27.12 27.12 27.11 27.11 27.11 27.11 27.12 27.13 27.13 27.13 27.13 27.13 27.13 27.13 27.13 27.13 27.13 27.13 27.13 27.13 27.13
27.00 27.00 27.00 27.00 27.00 27.00 27.01 27.01 27.02 27.02 27.02 27.02 27.02 27.03 27.04 27.05 27.05 27.06 27.07 27.07 27.08 27.09 27.09 27.10 27.10 27.11 27.11 27.11 27.12 27.12 27.12 27.12 27.12 27.12 27.12 27.12 27.13 27.13 27.13 27.13 27.13 27.13 27.13 27.13 27.13 27.14 27.14 27.14 27.13 27.13
27.02 27.01 27.01 27.01 27.02 27.02 27.03 27.03 27.04 27.03 27.03 27.03 27.04 27.04 27.05 27.06 27.07 27.08 27.08 27.09 27.09 27.10 27.10 27.11 27.11 27.11 27.12 27.12 27.12 27.12 27.13 27.13 27.12 27.12 27.12 27.13 27.13 27.13 27.13 27.13 27.13 27.14 27.14 27.14 27.14 27.14 27.14 27.14 27.14 27.14
