Raw_GIS_Data/Climate_scenarios_straight/ProcessedData/month_4_maxTemp_present.asc
NCOLS 50
NROWS 26
XLLCENTER 512998.000000
YLLCENTER 8407694.000000
CELLSIZE 800.000000
NODATA_value -999.000000
28.65 28.65 28.65 28.65 28.65 28.65 28.65 28.65 28.65 28.65 28.65 28.65 28.65 28.65 28.65 28.65 28.66 28.67 28.68 28.69 28.70 28.70 28.70 28.69 28.69 28.68 28.67 28.66 28.66 28.66 28.65 28.65 28.64 28.63 28.63 28.62 28.61 28.61 28.60 28.59 28.58 28.57 28.57 28.57 28.57 28.57 28.57 28.57 28.57 28.56
28.65 28.65 28.66 28.66 28.66 28.66 28.66 28.66 28.66 28.66 28.66 28.66 28.66 28.66 28.66 28.66 28.66 28.67 28.68 28.69 28.71 28.72 28.73 28.73 28.73 28.72 28.71 28.69 28.68 28.68 28.68 28.68 28.67 28.66 28.65 28.65 28.64 28.64 28.63 28.62 28.61 28.59 28.57 28.57 28.57 28.57 28.57 28.56 28.56 28.56
28.66 28.66 28.66 28.67 28.67 28.67 28.67 28.67 28.67 28.67 28.68 28.67 28.67 28.67 28.67 28.67 28.67 28.67 28.68 28.69 28.71 28.73 28.75 28.77 28.79 28.79 28.79 28.78 28.73 28.71 28.72 28.72 28.72 28.70 28.69 28.69 28.68 28.68 28.67 28.67 28.67 28.65 28.62 28.58 28.56 28.57 28.56 28.56 28.56 28.56
28.66 28.67 28.67 28.67 28.68 28.68 28.68 28.68 28.68 28.68 28.69 28.69 28.68 28.68 28.68 28.68 28.68 28.68 28.68 28.69 28.71 28.73 28.76 28.80 28.85 28.89 28.95 30.47 29.51 28.73 28.77 28.77 28.81 28.78 28.75 28.74 28.75 28.72 28.73 28.74 28.76 28.80 30.37 30.14 28.52 28.57 28.56 28.56 28.56 28.56
28.67 28.67 28.68 28.68 28.69 28.69 28.69 28.69 28.69 28.70 28.70 28.70 28.70 28.70 28.70 28.70 28.70 28.70 28.71 28.71 28.73 28.75 28.78 28.84 28.94 30.55 30.13 29.53 28.97 30.12 28.23 28.66 30.52 30.14 28.07 28.68 30.39 28.79 28.80 28.82 28.88 30.54 29.92 29.53 28.52 28.57 28.56 28.56 28.56 28.56
28.68 28.68 28.69 28.70 28.70 28.71 28.71 28.71 28.71 28.71 28.71 28.72 28.72 28.72 28.73 28.73 28.73 28.74 28.75 28.75 28.77 28.79 28.83 28.91 30.47 29.05 28.13 27.24 27.53 27.75 27.03 27.06 30.46 28.22 30.23 28.80 28.68 29.34 29.40 29.10 29.48 30.56 28.91 28.70 28.17 28.57 28.56 28.56 28.56 28.56
28.69 28.70 28.70 28.71 28.72 28.73 28.73 28.73 28.73 28.74 28.74 28.74 28.74 28.75 28.75 28.76 28.77 28.78 28.79 28.81 28.84 28.88 28.95 30.47 28.55 28.73 27.73 27.30 28.60 29.51 29.51 29.29 29.28 28.07 28.18 27.43 29.13 30.25 29.75 28.10 29.31 29.88 29.02 29.27 28.52 28.58 28.57 28.56 28.56 28.56
28.69 28.71 28.72 28.74 28.75 28.76 28.76 28.77 28.77 28.77 28.78 28.78 28.78 28.78 28.78 28.80 28.81 28.83 28.85 28.87 28.91 29.01 30.57 29.35 28.80 30.19 28.80 28.80 28.84 28.97 30.45 28.18 26.62 28.02 27.48 27.89 28.80 28.87 30.46 30.19 28.42 28.55 28.42 28.67 28.64 28.59 28.57 28.57 28.56 28.56
28.69 28.72 28.74 28.76 28.78 28.80 28.81 28.82 28.83 28.84 28.84 28.84 28.84 28.84 28.84 28.84 28.87 28.90 28.93 28.95 28.96 29.04 30.44 28.24 29.79 29.37 29.09 29.18 28.74 28.85 30.33 28.39 29.97 28.47 28.71 28.66 28.71 28.72 28.74 27.80 28.68 28.66 28.66 28.70 30.30 30.09 28.30 28.57 28.56 28.56
28.69 28.72 28.75 28.78 28.82 28.85 28.88 28.90 28.92 28.94 28.95 28.95 28.95 28.95 28.94 28.93 28.93 28.96 29.04 30.49 30.00 27.98 30.36 29.71 27.83 26.60 28.82 29.35 28.33 28.74 28.78 28.46 28.60 28.72 28.68 28.67 28.66 28.66 28.66 28.65 28.64 28.63 28.62 28.62 28.63 28.58 28.06 28.57 28.57 28.56
28.70 28.72 28.76 28.80 28.85 28.90 28.95 29.01 29.06 29.14 30.70 29.68 29.39 29.46 30.34 30.01 28.68 30.09 30.39 28.95 29.04 27.98 28.72 26.58 26.95 24.95 27.36 28.70 28.00 28.71 28.71 28.70 28.68 28.67 28.65 28.64 28.64 28.63 28.63 28.62 28.62 28.61 28.61 28.60 28.60 28.59 28.58 28.57 28.57 28.56
28.69 28.72 28.76 28.81 28.87 28.95 29.03 29.14 30.71 30.70 29.52 28.48 27.42 28.47 28.76 27.80 27.17 28.91 29.66 27.80 27.52 28.54 26.83 26.92 28.97 27.10 27.14 28.64 28.70 28.68 28.67 28.66 28.65 28.64 28.63 28.63 28.62 28.62 28.61 28.61 28.60 28.60 28.60 28.60 28.59 28.58 28.58 28.57 28.57 28.57
28.66 28.69 28.73 28.78 28.86 28.96 29.09 30.68 30.14 28.52 29.47 28.30 27.48 27.32 27.37 26.59 27.20 27.46 28.30 27.21 29.32 29.35 28.34 28.91 29.98 27.50 28.59 28.70 28.68 28.66 28.65 28.64 28.63 28.62 28.62 28.62 28.61 28.61 28.60 28.60 28.60 28.60 28.59 28.59 28.58 28.58 28.58 28.57 28.57 28.57
28.62 28.64 28.67 28.71 28.79 28.92 30.52 30.07 28.65 27.92 27.40 27.65 27.50 27.15 27.57 26.62 26.18 27.35 28.54 27.36 29.94 28.44 29.69 28.72 28.75 28.64 28.69 28.68 28.66 28.65 28.63 28.62 28.62 28.61 28.61 28.61 28.61 28.60 28.59 28.59 28.59 28.59 28.59 28.58 28.58 28.58 28.57 28.57 28.57 28.56
28.59 28.60 28.62 28.64 28.70 28.78 29.59 29.92 28.82 28.59 29.69 28.95 29.40 28.09 28.47 27.69 27.23 27.84 28.93 29.45 30.18 30.44 29.83 28.63 28.69 28.68 28.66 28.65 28.64 28.63 28.62 28.61 28.61 28.61 28.60 28.60 28.60 28.59 28.59 28.59 28.59 28.59 28.58 28.58 28.58 28.57 28.57 28.57 28.56 28.56
28.58 28.59 28.60 28.63 28.66 28.73 28.82 28.88 28.87 28.30 29.08 29.98 30.30 29.41 30.13 28.56 29.48 28.55 29.37 29.99 30.21 30.50 29.92 30.45 28.62 28.65 28.64 28.64 28.63 28.62 28.61 28.61 28.60 28.60 28.60 28.60 28.59 28.59 28.59 28.58 28.58 28.58 28.58 28.57 28.57 28.57 28.57 28.57 28.56 28.56
28.57 28.58 28.60 28.62 28.67 28.73 28.78 28.82 28.86 28.91 28.96 29.05 29.13 30.39 30.14 29.76 29.96 29.12 29.68 29.63 30.07 29.85 28.60 28.66 28.66 28.64 28.63 28.62 28.62 28.61 28.61 28.60 28.60 28.60 28.59 28.59 28.59 28.59 28.59 28.58 28.58 28.58 28.57 28.57 28.57 28.57 28.57 28.56 28.56 28.56
28.56 28.57 28.58 28.61 28.65 28.69 28.73 28.76 28.80 28.85 28.90 28.98 29.09 30.51 30.18 30.06 30.03 29.15 29.58 29.86 30.02 29.76 28.56 28.68 28.65 28.64 28.63 28.62 28.61 28.60 28.60 28.59 28.59 28.59 28.59 28.59 28.59 28.59 28.58 28.58 28.57 28.57 28.57 28.57 28.57 28.57 28.57 28.56 28.56 28.56
28.55 28.56 28.58 28.60 28.62 28.65 28.68 28.71 28.74 28.77 28.83 28.90 29.01 30.55 30.33 30.20 29.98 29.72 29.77 29.94 29.98 28.57 28.68 28.66 28.64 28.63 28.62 28.61 28.61 28.60 28.59 28.59 28.59 28.58 28.58 28.58 28.58 28.58 28.58 28.58 28.57 28.57 28.57 28.57 28.57 28.56 28.56 28.56 28.56 28.56
28.54 28.56 28.57 28.59 28.61 28.63 28.65 28.66 28.68 28.70 28.73 28.77 28.84 28.94 30.32 30.16 29.45 29.80 30.26 29.94 28.53 28.68 28.66 28.64 28.63 28.62 28.61 28.61 28.60 28.60 28.59 28.59 28.58 28.58 28.58 28.58 28.58 28.58 28.58 28.57 28.57 28.57 28.57 28.56 28.56 28.56 28.57 28.56 28.56 28.56
28.54 28.55 28.56 28.58 28.59 28.61 28.62 28.63 28.64 28.65 28.67 28.68 28.71 28.73 28.76 28.76 28.77 28.52 28.72 28.70 28.67 28.66 28.64 28.63 28.62 28.62 28.61 28.60 28.60 28.59 28.59 28.58 28.58 28.58 28.58 28.58 28.58 28.57 28.57 28.57 28.57 28.57 28.57 28.56 28.57 28.56 28.56 28.56 28.56 28.56
28.54 28.55 28.56 28.57 28.58 28.59 28.60 28.61 28.61 28.62 28.63 28.65 28.66 28.67 28.68 28.68 28.68 28.44 28.66 28.66 28.65 28.64 28.63 28.62 28.61 28.61 28.60 28.60 28.59 28.59 28.58 28.58 28.58 28.58 28.57 28.57 28.57 28.57 28.57 28.57 28.57 28.57 28.57 28.56 28.56 28.56 28.56 28.56 28.56 28.56
28.54 28.55 28.56 28.56 28.57 28.58 28.59 28.59 28.60 28.60 28.61 28.62 28.63 28.63 28.64 28.64 28.64 28.64 28.64 28.64 28.63 28.63 28.62 28.61 28.61 28.60 28.60 28.59 28.59 28.58 28.58 28.58 28.58 28.57 28.57 28.57 28.57 28.57 28.57 28.57 28.57 28.57 28.57 28.56 28.56 28.56 28.56 28.56 28.56 28.56
28.54 28.55 28.55 28.56 28.57 28.57 28.58 28.58 28.59 28.59 28.60 28.60 28.61 28.62 28.62 28.62 28.62 28.62 28.62 28.62 28.62 28.61 28.61 28.60 28.60 28.59 28.59 28.59 28.58 28.58 28.58 28.58 28.57 28.57 28.57 28.57 28.57 28.57 28.57 28.57 28.57 28.56 28.56 28.56 28.56 28.56 28.56 28.56 28.56 28.56
28.54 28.55 28.55 28.56 28.56 28.57 28.57 28.58 28.58 28.58 28.59 28.59 28.60 28.60 28.60 28.60 28.61 28.61 28.61 28.61 28.61 28.60 28.60 28.60 28.59 28.59 28.59 28.58 28.58 28.58 28.58 28.58 28.57 28.57 28.57 28.57 28.57 28.56 28.56 28.56 28.56 28.56 28.56 28.56 28.56 28.56 28.56 28.56 28.56 28.56
28.54 28.54 28.55 28.55 28.56 28.56 28.56 28.57 28.57 28.58 28.58 28.59 28.59 28.59 28.59 28.59 28.59 28.60 28.60 28.60 28.60 28.60 28.59 28.59 28.59 28.58 28.58 28.58 28.57 28.57 28.57 28.57 28.57 28.57 28.57 28.56 28.56 28.56 28.56 28.56 28.56 28.56 28.56 28.56 28.56 28.56 28.56 28.56 28.56 28.56
