Raw_GIS_Data/Climate_scenarios_straight/ProcessedData/month_1_rainfall_present.asc
NCOLS 50
NROWS 26
XLLCENTER 512998.000000
YLLCENTER 8407694.000000
CELLSIZE 800.000000
NODATA_value -999.000000
 5.00  5.07  5.13  5.24  5.37  5.43  5.46  5.52  5.61  5.67  5.71  5.76  5.82  5.85  5.84  5.76  5.67  5.69  5.85  6.07  6.17  6.16  6.13  6.10  6.05  6.10  6.25  6.35  6.34  6.26  6.25  6.35  6.47  6.53  6.50  6.47  6.48  6.49  6.47  6.49  6.62  6.85  7.13  7.32  7.34  7.23  7.04  6.88  6.75  6.55
 5.07  5.10  5.11  5.18  5.29  5.36  5.36  5.38  5.41  5.42  5.49  5.63  5.75  5.83  5.86  5.84  5.81  5.84  5.96  6.13  6.24  6.29  6.31  6.29  6.23  6.24  6.36  6.48  6.50  6.45  6.45  6.48  6.48  6.49  6.49  6.50  6.52  6.51  6.50  6.55  6.67  6.88  7.11  7.25  7.27  7.24  7.13  6.94  6.75  6.57
 5.26  5.23  5.16  5.12  5.14  5.19  5.23  5.26  5.26  5.25  5.34  5.48  5.58  5.67  5.79  5.87  5.93  6.00  6.08  6.16  6.24  6.34  6.44  6.47  6.48  6.55  6.65  6.73  6.74  6.71  6.66  6.55  6.45  6.45  6.51  6.56  6.56  6.53  6.55  6.64  6.78  6.94  7.08  7.13  7.14  7.16  7.06  6.84  6.63  6.49
 5.36  5.34  5.28  5.23  5.18  5.16  5.21  5.26  5.25  5.23  5.31  5.43  5.47  5.53  5.69  5.88  6.03  6.15  6.24  6.30  6.36  6.45  6.60  6.73  6.89  7.08  7.21  7.20  7.15  7.05  6.93  6.71  6.61  6.67  6.74  6.68  6.61  6.59  6.62  6.68  6.79  6.91  6.99  7.02  7.04  6.99  6.84  6.62  6.45  6.38
 5.31  5.32  5.35  5.41  5.43  5.37  5.36  5.39  5.36  5.32  5.38  5.48  5.52  5.56  5.70  5.94  6.20  6.41  6.53  6.61  6.67  6.78  6.96  7.23  7.54  7.88  8.07  8.04  7.84  7.61  7.55  7.27  7.07  7.15  7.21  6.98  6.79  6.73  6.74  6.74  6.75  6.79  6.93  7.05  7.01  6.83  6.65  6.46  6.34  6.30
 5.28  5.29  5.35  5.50  5.62  5.63  5.58  5.55  5.52  5.50  5.52  5.60  5.69  5.78  5.92  6.18  6.52  6.80  6.96  7.08  7.19  7.34  7.58  7.90  8.31  8.68  8.90  8.87  8.56  8.35  8.42  8.15  7.72  7.72  7.58  7.37  7.13  6.95  6.91  6.89  6.78  6.75  6.97  7.11  6.95  6.70  6.53  6.40  6.27  6.22
 5.40  5.37  5.41  5.56  5.72  5.78  5.76  5.73  5.73  5.73  5.75  5.82  5.96  6.12  6.29  6.54  6.87  7.14  7.29  7.40  7.54  7.72  7.96  8.24  8.60  8.78  8.90  8.76  8.35  8.31  8.48  8.45  8.17  8.10  7.85  7.57  7.13  6.83  6.80  6.90  6.80  6.72  6.90  6.94  6.76  6.54  6.40  6.29  6.18  6.10
 5.54  5.49  5.55  5.69  5.83  5.92  5.95  5.96  5.94  5.94  5.96  6.04  6.19  6.39  6.56  6.76  7.03  7.23  7.27  7.30  7.44  7.65  7.91  8.18  8.30  8.24  8.14  7.96  7.78  7.94  8.27  8.58  8.50  8.10  7.71  7.26  6.79  6.53  6.47  6.60  6.66  6.56  6.61  6.62  6.52  6.38  6.23  6.10  6.01  5.95
 5.65  5.56  5.61  5.77  5.91  6.04  6.16  6.21  6.15  6.11  6.13  6.19  6.32  6.48  6.65  6.90  7.17  7.27  7.20  7.19  7.39  7.68  7.94  8.23  8.24  8.15  7.91  7.66  7.53  7.62  7.83  8.07  7.90  7.53  7.12  6.76  6.49  6.29  6.22  6.30  6.35  6.30  6.33  6.35  6.32  6.24  6.08  5.89  5.80  5.79
 5.79  5.66  5.66  5.83  6.02  6.22  6.42  6.51  6.45  6.40  6.43  6.48  6.52  6.58  6.80  7.22  7.61  7.66  7.54  7.57  7.88  8.26  8.29  8.58  8.87  8.83  8.19  7.77  7.45  7.24  7.17  7.23  7.12  6.96  6.67  6.43  6.24  6.08  5.99  6.02  6.05  6.07  6.11  6.12  6.09  6.07  5.99  5.76  5.65  5.68
 6.02  5.90  5.90  6.07  6.34  6.62  6.87  7.00  6.97  6.94  7.08  7.29  7.32  7.21  7.34  7.95  8.50  8.45  8.34  8.47  8.63  8.90  9.02  9.38  9.60  9.65  8.63  7.89  7.35  6.90  6.70  6.71  6.70  6.62  6.46  6.28  6.11  5.95  5.84  5.81  5.85  5.87  5.89  5.89  5.84  5.81  5.78  5.66  5.58  5.60
 6.42  6.36  6.39  6.59  6.90  7.26  7.62  7.87  7.95  8.05  8.35  8.81  8.93  8.64  8.62  9.20  9.69  9.45  9.19  9.20  9.13  9.29  9.53  9.40  8.93  8.86  8.27  7.58  7.06  6.68  6.50  6.47  6.47  6.44  6.37  6.28  6.15  5.98  5.82  5.73  5.72  5.70  5.69  5.70  5.65  5.57  5.55  5.56  5.53  5.50
 6.94  6.98  7.12  7.36  7.66  8.09  8.67  9.26  9.70  9.93 10.08 10.48 10.66 10.35 10.21 10.49 10.54 10.13  9.65  9.42  9.14  9.16  9.08  8.54  7.88  7.72  7.46  7.07  6.75  6.51  6.37  6.32  6.30  6.27  6.22  6.20  6.14  5.98  5.80  5.68  5.62  5.57  5.54  5.54  5.50  5.43  5.41  5.45  5.48  5.43
 7.35  7.50  7.71  7.98  8.32  8.85  9.60 10.45 11.10 11.29 11.25 11.42 11.55 11.37 11.13 11.19 10.88 10.16  9.57  9.33  8.88  8.69  8.23  7.62  7.17  7.02  6.90  6.72  6.49  6.31  6.23  6.18  6.10  5.99  5.93  5.96  5.94  5.81  5.66  5.56  5.50  5.46  5.40  5.36  5.33  5.31  5.28  5.31  5.39  5.39
 7.34  7.46  7.63  7.85  8.24  8.89  9.67 10.34 10.73 10.71 10.65 10.87 11.09 11.08 10.88 10.84 10.45  9.68  9.04  8.72  8.31  7.97  7.47  7.03  6.79  6.69  6.63  6.52  6.32  6.15  6.09  6.03  5.90  5.73  5.65  5.68  5.67  5.60  5.52  5.45  5.40  5.37  5.28  5.18  5.14  5.12  5.10  5.18  5.29  5.32
 7.02  7.09  7.20  7.37  7.76  8.36  8.91  9.18  9.26  9.29  9.39  9.68  9.83  9.84  9.73  9.79  9.60  9.10  8.49  8.06  7.73  7.38  7.02  6.74  6.58  6.48  6.39  6.28  6.14  6.02  6.00  5.94  5.80  5.63  5.54  5.49  5.48  5.49  5.49  5.46  5.41  5.33  5.21  5.08  5.00  4.94  4.94  5.08  5.23  5.27
 6.78  6.88  7.03  7.24  7.59  7.94  8.13  8.17  8.20  8.32  8.47  8.58  8.57  8.55  8.62  8.86  8.94  8.70  8.14  7.66  7.32  7.04  6.78  6.60  6.49  6.35  6.15  6.00  5.92  5.89  5.92  5.89  5.78  5.62  5.47  5.38  5.38  5.44  5.50  5.52  5.45  5.33  5.19  5.07  4.98  4.92  4.93  5.09  5.26  5.28
 6.77  6.99  7.25  7.49  7.67  7.73  7.69  7.74  7.88  8.01  7.99  7.88  7.79  7.84  7.98  8.20  8.35  8.23  7.78  7.31  6.92  6.62  6.41  6.33  6.35  6.25  5.99  5.78  5.72  5.76  5.81  5.80  5.69  5.51  5.37  5.31  5.33  5.39  5.46  5.51  5.45  5.28  5.13  5.05  5.02  5.02  5.07  5.21  5.33  5.33
 7.03  7.36  7.64  7.78  7.81  7.76  7.72  7.81  7.97  7.99  7.80  7.55  7.39  7.37  7.47  7.63  7.67  7.49  7.18  6.84  6.47  6.13  5.96  5.98  6.09  6.06  5.85  5.68  5.62  5.65  5.72  5.74  5.62  5.41  5.29  5.27  5.28  5.31  5.34  5.38  5.38  5.24  5.06  4.99  5.03  5.12  5.23  5.34  5.39  5.36
 7.39  7.68  7.91  7.99  7.99  7.97  7.98  8.02  8.02  7.85  7.53  7.23  7.00  6.90  6.99  7.13  7.08  6.81  6.54  6.36  6.14  5.89  5.76  5.78  5.85  5.81  5.68  5.61  5.61  5.64  5.70  5.75  5.66  5.45  5.30  5.23  5.17  5.14  5.15  5.20  5.25  5.20  5.05  4.96  5.04  5.19  5.31  5.38  5.38  5.31
 7.56  7.77  7.95  8.06  8.11  8.11  8.07  7.93  7.65  7.33  7.06  6.82  6.62  6.58  6.66  6.64  6.52  6.37  6.19  6.07  6.01  5.92  5.82  5.77  5.73  5.66  5.58  5.56  5.62  5.70  5.73  5.72  5.66  5.50  5.33  5.20  5.07  5.02  5.03  5.08  5.13  5.12  5.04  5.00  5.09  5.23  5.32  5.37  5.35  5.27
 7.56  7.75  7.92  8.07  8.10  7.98  7.72  7.35  6.98  6.75  6.58  6.39  6.32  6.40  6.42  6.25  6.11  6.11  6.04  5.94  5.96  5.98  5.93  5.83  5.72  5.63  5.58  5.60  5.68  5.79  5.79  5.70  5.64  5.54  5.38  5.21  5.06  4.98  4.98  4.98  5.02  5.05  5.04  5.04  5.10  5.21  5.29  5.35  5.38  5.34
 7.48  7.68  7.85  7.94  7.82  7.50  7.07  6.69  6.46  6.29  6.14  6.06  6.14  6.22  6.13  5.94  5.84  5.87  5.89  5.87  5.90  5.97  5.95  5.84  5.71  5.61  5.61  5.68  5.75  5.83  5.83  5.75  5.72  5.69  5.54  5.34  5.17  5.04  4.96  4.93  4.97  5.03  5.07  5.06  5.06  5.14  5.24  5.29  5.34  5.37
 7.26  7.42  7.54  7.50  7.26  6.91  6.55  6.30  6.13  5.96  5.83  5.84  5.93  5.93  5.80  5.65  5.57  5.59  5.69  5.76  5.83  5.89  5.89  5.80  5.68  5.61  5.63  5.73  5.79  5.82  5.81  5.77  5.77  5.79  5.71  5.52  5.32  5.15  5.02  4.97  5.00  5.06  5.09  5.07  5.03  5.08  5.18  5.24  5.26  5.30
 6.85  6.89  6.94  6.91  6.71  6.41  6.19  6.05  5.90  5.75  5.64  5.62  5.63  5.61  5.50  5.37  5.33  5.39  5.51  5.60  5.69  5.77  5.81  5.77  5.71  5.67  5.66  5.69  5.74  5.75  5.71  5.66  5.65  5.67  5.64  5.52  5.36  5.21  5.09  5.03  5.03  5.06  5.09  5.11  5.10  5.11  5.18  5.24  5.22  5.20
 6.32  6.27  6.30  6.34  6.22  6.01  5.87  5.78  5.68  5.58  5.49  5.39  5.32  5.32  5.27  5.16  5.17  5.26  5.36  5.44  5.52  5.63  5.74  5.75  5.71  5.68  5.65  5.63  5.62  5.61  5.57  5.50  5.44  5.40  5.38  5.33  5.24  5.16  5.08  5.04  5.03  5.05  5.10  5.18  5.22  5.23  5.26  5.28  5.23  5.18
