Raw_GIS_Data/Climate_scenarios_straight/ProcessedData/month_5_maxTemp_rcp45.asc
NCOLS 50
NROWS 26
XLLCENTER 512998.000000
YLLCENTER 8407694.000000
CELLSIZE 800.000000
NODATA_value -999.000000
29.68 29.68 29.68 29.68 29.68 29.68 29.68 29.68 29.68 29.68 29.68 29.68 29.68 29.68 29.69 29.69 29.70 29.71 29.71 29.72 29.73 29.73 29.73 29.73 29.72 29.71 29.71 29.70 29.70 29.70 29.69 29.69 29.68 29.68 29.67 29.67 29.66 29.66 29.65 29.64 29.64 29.63 29.63 29.63 29.63 29.63 29.63 29.63 29.63 29.63
29.69 29.69 29.69 29.69 29.69 29.69 29.69 29.69 29.69 29.69 29.69 29.69 29.69 29.69 29.69 29.69 29.70 29.71 29.72 29.73 29.74 29.75 29.76 29.76 29.76 29.75 29.74 29.73 29.72 29.71 29.72 29.71 29.71 29.70 29.69 29.69 29.69 29.68 29.68 29.67 29.66 29.64 29.63 29.63 29.63 29.63 29.63 29.63 29.63 29.63
29.69 29.69 29.69 29.69 29.70 29.70 29.70 29.70 29.70 29.70 29.70 29.70 29.70 29.70 29.70 29.70 29.70 29.71 29.72 29.73 29.74 29.76 29.78 29.80 29.81 29.81 29.81 29.79 29.75 29.73 29.74 29.75 29.75 29.73 29.72 29.72 29.71 29.71 29.71 29.71 29.70 29.69 29.66 29.63 29.62 29.63 29.63 29.63 29.63 29.63
29.70 29.70 29.70 29.70 29.70 29.70 29.71 29.71 29.71 29.71 29.71 29.71 29.71 29.71 29.71 29.71 29.71 29.72 29.72 29.73 29.75 29.77 29.80 29.83 29.87 29.90 29.95 31.28 30.34 29.74 29.78 29.78 29.82 29.79 29.77 29.76 29.77 29.75 29.75 29.76 29.79 29.81 31.15 30.98 29.58 29.63 29.62 29.63 29.63 29.63
29.71 29.71 29.71 29.72 29.72 29.71 29.72 29.72 29.72 29.72 29.72 29.72 29.72 29.72 29.73 29.73 29.73 29.73 29.74 29.74 29.76 29.78 29.81 29.86 29.94 31.34 30.90 30.30 29.76 30.94 29.05 29.63 31.24 30.89 28.84 29.67 31.18 29.80 29.81 29.82 29.87 31.27 30.66 30.33 29.57 29.63 29.62 29.62 29.62 29.62
29.72 29.72 29.73 29.73 29.73 29.73 29.73 29.73 29.73 29.73 29.73 29.74 29.74 29.74 29.75 29.75 29.75 29.76 29.76 29.78 29.79 29.81 29.84 29.91 31.29 29.82 28.89 28.03 28.34 28.55 27.81 27.82 31.24 29.01 31.02 29.58 29.42 30.10 30.19 29.89 30.20 31.27 29.61 29.47 29.22 29.63 29.62 29.62 29.62 29.62
29.72 29.73 29.74 29.75 29.75 29.75 29.76 29.76 29.75 29.75 29.75 29.75 29.76 29.76 29.77 29.77 29.78 29.79 29.80 29.82 29.84 29.88 29.95 31.32 29.33 29.50 28.49 28.09 29.59 30.35 30.33 30.10 30.05 28.84 28.97 28.21 29.91 31.06 30.58 28.89 30.05 30.59 29.72 30.03 29.55 29.63 29.62 29.62 29.62 29.62
29.73 29.75 29.76 29.77 29.78 29.79 29.79 29.79 29.79 29.79 29.78 29.78 29.78 29.78 29.79 29.80 29.81 29.83 29.84 29.86 29.90 30.00 31.41 30.18 29.59 31.02 29.80 29.81 29.86 29.98 31.31 28.98 27.35 28.78 28.24 28.91 29.82 29.88 31.29 31.01 29.16 29.57 29.45 29.69 29.67 29.63 29.62 29.62 29.62 29.62
29.74 29.76 29.78 29.80 29.81 29.82 29.83 29.84 29.85 29.85 29.84 29.84 29.83 29.83 29.83 29.84 29.86 29.89 29.91 29.94 29.95 30.03 31.26 29.07 30.63 30.22 29.89 29.98 29.77 29.87 31.18 29.16 30.74 29.21 29.71 29.68 29.74 29.75 29.76 28.83 29.69 29.68 29.69 29.74 31.15 30.94 29.35 29.62 29.62 29.62
29.74 29.76 29.79 29.82 29.85 29.87 29.90 29.91 29.92 29.93 29.94 29.93 29.93 29.92 29.91 29.91 29.91 29.94 30.02 31.32 30.83 28.79 31.15 30.55 28.65 27.38 29.57 30.11 29.35 29.76 29.79 29.48 29.61 29.73 29.71 29.70 29.70 29.69 29.69 29.68 29.67 29.66 29.66 29.66 29.67 29.62 29.11 29.62 29.62 29.62
29.73 29.76 29.80 29.84 29.88 29.92 29.96 30.01 30.05 30.11 31.51 30.41 30.10 30.18 31.07 30.74 29.41 30.82 31.19 29.77 29.85 28.79 29.55 27.34 27.74 25.73 28.09 29.44 29.03 29.73 29.73 29.72 29.71 29.70 29.68 29.68 29.67 29.67 29.66 29.66 29.66 29.65 29.65 29.64 29.64 29.63 29.62 29.62 29.62 29.62
29.72 29.75 29.79 29.84 29.89 29.96 30.03 30.12 31.57 31.55 30.30 29.20 28.14 29.21 29.52 28.55 27.91 29.65 30.43 28.56 28.27 29.32 27.60 27.71 29.82 27.89 28.15 29.63 29.71 29.70 29.69 29.69 29.68 29.67 29.66 29.66 29.65 29.65 29.65 29.65 29.65 29.64 29.64 29.63 29.63 29.63 29.62 29.62 29.62 29.61
29.69 29.72 29.75 29.81 29.88 29.97 30.09 31.55 31.01 29.37 30.26 29.04 28.20 28.07 28.14 27.34 27.94 28.18 29.03 27.92 30.04 30.08 29.08 29.73 30.83 28.51 29.59 29.71 29.69 29.68 29.67 29.67 29.66 29.66 29.65 29.65 29.65 29.65 29.64 29.64 29.64 29.63 29.63 29.63 29.62 29.62 29.62 29.62 29.61 29.61
29.65 29.67 29.70 29.75 29.82 29.95 31.39 30.92 29.48 28.73 28.18 28.43 28.27 27.93 28.36 27.38 26.90 28.05 29.24 28.02 30.65 29.12 30.48 29.71 29.73 29.64 29.69 29.69 29.67 29.67 29.66 29.65 29.65 29.65 29.64 29.64 29.64 29.64 29.64 29.63 29.63 29.63 29.63 29.62 29.62 29.62 29.62 29.62 29.61 29.61
29.63 29.64 29.66 29.69 29.74 29.82 30.45 30.75 29.63 29.37 30.49 29.75 30.20 28.88 29.27 28.45 27.96 28.54 29.61 30.12 30.88 31.25 30.60 29.63 29.69 29.69 29.68 29.67 29.66 29.65 29.65 29.64 29.64 29.64 29.64 29.64 29.64 29.63 29.63 29.63 29.63 29.62 29.62 29.62 29.62 29.62 29.62 29.61 29.61 29.61
29.62 29.63 29.64 29.67 29.71 29.78 29.85 29.90 29.88 29.31 30.06 30.80 31.11 30.20 30.91 29.30 30.21 29.25 30.08 30.70 30.93 31.30 30.71 31.31 29.62 29.66 29.66 29.66 29.65 29.64 29.64 29.63 29.63 29.63 29.63 29.63 29.63 29.63 29.63 29.62 29.62 29.62 29.62 29.62 29.62 29.61 29.61 29.61 29.61 29.61
29.61 29.62 29.64 29.67 29.72 29.77 29.82 29.85 29.88 29.93 29.98 30.04 30.10 31.19 30.91 30.50 30.63 29.79 30.39 30.35 30.78 30.61 29.57 29.65 29.67 29.66 29.65 29.65 29.64 29.63 29.63 29.63 29.63 29.63 29.63 29.63 29.62 29.62 29.62 29.62 29.62 29.62 29.62 29.61 29.61 29.61 29.61 29.61 29.61 29.61
29.60 29.61 29.63 29.67 29.71 29.75 29.78 29.81 29.84 29.87 29.92 29.99 30.07 31.30 30.94 30.77 30.68 29.80 30.27 30.58 30.75 30.55 29.55 29.68 29.66 29.65 29.64 29.64 29.63 29.63 29.63 29.63 29.62 29.62 29.62 29.62 29.62 29.62 29.62 29.62 29.62 29.62 29.61 29.61 29.61 29.61 29.61 29.61 29.61 29.61
29.60 29.61 29.63 29.66 29.69 29.71 29.74 29.76 29.79 29.82 29.86 29.92 30.00 31.32 31.08 30.92 30.67 30.32 30.31 30.51 30.68 29.55 29.67 29.66 29.65 29.65 29.64 29.63 29.63 29.62 29.62 29.62 29.62 29.62 29.62 29.62 29.62 29.62 29.62 29.61 29.61 29.61 29.61 29.61 29.61 29.61 29.61 29.61 29.61 29.60
29.60 29.61 29.63 29.65 29.67 29.68 29.70 29.72 29.73 29.75 29.78 29.81 29.86 29.94 31.09 30.92 30.16 30.42 30.82 30.54 29.51 29.67 29.66 29.65 29.64 29.64 29.63 29.63 29.62 29.62 29.62 29.62 29.62 29.62 29.61 29.61 29.61 29.61 29.61 29.61 29.61 29.61 29.61 29.61 29.61 29.61 29.61 29.61 29.60 29.60
29.59 29.60 29.62 29.63 29.64 29.66 29.67 29.68 29.69 29.70 29.71 29.73 29.74 29.76 29.77 29.76 29.75 29.51 29.70 29.69 29.67 29.66 29.65 29.64 29.64 29.63 29.63 29.62 29.62 29.62 29.62 29.62 29.61 29.61 29.61 29.61 29.61 29.61 29.61 29.61 29.61 29.61 29.60 29.60 29.60 29.60 29.60 29.60 29.60 29.60
29.59 29.60 29.61 29.62 29.63 29.64 29.65 29.65 29.66 29.66 29.67 29.68 29.68 29.69 29.70 29.70 29.69 29.46 29.67 29.66 29.66 29.65 29.64 29.63 29.63 29.62 29.62 29.62 29.62 29.61 29.61 29.61 29.61 29.61 29.61 29.61 29.61 29.61 29.61 29.61 29.60 29.60 29.60 29.60 29.60 29.60 29.60 29.60 29.60 29.60
29.58 29.59 29.60 29.61 29.62 29.63 29.63 29.63 29.64 29.64 29.64 29.65 29.65 29.66 29.66 29.66 29.66 29.66 29.65 29.65 29.65 29.64 29.63 29.63 29.62 29.62 29.62 29.62 29.61 29.61 29.61 29.61 29.61 29.60 29.60 29.61 29.61 29.60 29.60 29.60 29.60 29.60 29.60 29.60 29.60 29.60 29.60 29.60 29.60 29.60
29.58 29.59 29.60 29.60 29.61 29.61 29.62 29.62 29.62 29.62 29.63 29.63 29.64 29.64 29.64 29.64 29.64 29.64 29.64 29.64 29.64 29.63 29.63 29.62 29.62 29.61 29.61 29.61 29.61 29.61 29.60 29.60 29.60 29.60 29.60 29.60 29.60 29.60 29.60 29.60 29.60 29.60 29.60 29.60 29.59 29.60 29.60 29.60 29.60 29.60
29.58 29.58 29.59 29.60 29.60 29.60 29.61 29.61 29.61 29.61 29.62 29.62 29.63 29.63 29.63 29.63 29.63 29.63 29.63 29.63 29.63 29.62 29.62 29.62 29.61 29.61 29.61 29.61 29.61 29.61 29.60 29.60 29.60 29.60 29.60 29.60 29.60 29.60 29.60 29.60 29.60 29.60 29.59 29.59 29.59 29.59 29.59 29.60 29.59 29.59
29.58 29.58 29.58 29.59 29.59 29.59 29.60 29.60 29.60 29.61 29.61 29.61 29.62 29.62 29.62 29.62 29.62 29.62 29.62 29.62 29.62 29.62 29.62 29.61 29.61 29.61 29.61 29.61 29.60 29.60 29.60 29.60 29.60 29.59 29.59 29.60 29.60 29.60 29.60 29.60 29.60 29.59 29.59 29.59 29.59 29.59 29.59 29.59 29.59 29.59
