Raw_GIS_Data/Climate_scenarios_straight/ProcessedData/month_1_minTemp_rcp45.asc
NCOLS 50
NROWS 26
XLLCENTER 512998.000000
YLLCENTER 8407694.000000
CELLSIZE 800.000000
NODATA_value -999.000000
28.47 28.46 28.46 28.46 28.45 28.45 28.45 28.45 28.44 28.44 28.44 28.43 28.43 28.43 28.43 28.43 28.43 28.43 28.43 28.43 28.42 28.42 28.41 28.42 28.42 28.42 28.42 28.43 28.43 28.43 28.43 28.43 28.43 28.43 28.43 28.43 28.43 28.43 28.44 28.44 28.44 28.45 28.45 28.45 28.45 28.44 28.44 28.43 28.43 28.43
28.46 28.46 28.45 28.45 28.44 28.44 28.44 28.44 28.44 28.43 28.43 28.43 28.42 28.41 28.41 28.41 28.41 28.41 28.41 28.41 28.41 28.40 28.40 28.40 28.40 28.40 28.40 28.40 28.40 28.40 28.41 28.41 28.42 28.42 28.42 28.42 28.42 28.43 28.43 28.43 28.44 28.44 28.44 28.44 28.44 28.44 28.43 28.43 28.43 28.43
28.45 28.45 28.45 28.44 28.44 28.43 28.43 28.43 28.43 28.43 28.42 28.41 28.41 28.40 28.40 28.39 28.39 28.39 28.39 28.39 28.39 28.39 28.38 28.38 28.38 28.37 28.36 28.36 28.36 28.36 28.36 28.38 28.39 28.39 28.38 28.40 28.41 28.41 28.42 28.42 28.43 28.43 28.43 28.43 28.43 28.43 28.43 28.43 28.43 28.43
28.45 28.44 28.44 28.43 28.43 28.43 28.43 28.42 28.42 28.41 28.41 28.40 28.40 28.39 28.39 28.38 28.38 28.38 28.38 28.37 28.37 28.36 28.36 28.36 28.35 28.33 28.32 27.21 26.47 28.28 28.29 28.29 28.33 28.34 28.35 28.35 28.37 28.39 28.39 28.40 28.40 28.40 27.31 27.35 28.38 28.43 28.43 28.43 28.43 28.43
28.44 28.44 28.43 28.43 28.42 28.42 28.42 28.41 28.41 28.40 28.40 28.39 28.38 28.37 28.37 28.36 28.36 28.36 28.35 28.35 28.34 28.33 28.33 28.33 28.31 27.35 26.84 26.32 25.84 26.59 25.42 28.02 26.61 26.60 25.42 28.13 26.83 28.35 28.35 28.35 28.36 27.13 26.81 26.75 28.36 28.42 28.43 28.43 28.43 28.43
28.43 28.43 28.42 28.42 28.41 28.41 28.41 28.40 28.39 28.39 28.38 28.37 28.36 28.35 28.35 28.34 28.34 28.33 28.32 28.31 28.31 28.29 28.28 28.28 27.24 25.91 25.33 24.75 24.87 24.93 24.63 24.50 26.18 25.17 26.51 25.63 25.56 25.90 26.03 25.99 26.12 26.86 26.02 26.09 27.99 28.42 28.42 28.43 28.43 28.44
28.42 28.41 28.41 28.40 28.40 28.40 28.39 28.38 28.37 28.36 28.36 28.35 28.34 28.33 28.32 28.32 28.31 28.30 28.29 28.28 28.26 28.24 28.23 27.27 25.72 25.60 25.08 24.79 28.00 26.05 26.30 26.06 25.93 25.22 25.31 24.91 25.79 26.42 26.35 25.49 26.23 26.63 26.29 26.75 28.33 28.43 28.43 28.43 28.44 28.44
28.40 28.39 28.39 28.38 28.38 28.38 28.37 28.35 28.34 28.33 28.32 28.31 28.30 28.29 28.28 28.27 28.27 28.26 28.26 28.24 28.23 28.20 27.11 26.09 25.58 26.38 28.28 28.32 28.32 28.32 26.94 25.58 24.53 25.32 25.06 27.48 28.32 28.35 27.13 27.24 25.99 28.27 28.15 28.43 28.43 28.44 28.43 28.44 28.44 28.44
28.39 28.38 28.37 28.36 28.36 28.35 28.34 28.33 28.31 28.29 28.28 28.25 28.24 28.24 28.23 28.21 28.20 28.22 28.22 28.21 28.22 28.20 26.83 25.18 26.13 25.79 25.81 25.98 28.33 28.36 27.20 25.87 27.06 26.00 28.37 28.31 28.38 28.40 28.42 27.49 28.42 28.43 28.43 28.44 27.94 27.89 28.16 28.44 28.44 28.45
28.37 28.36 28.35 28.35 28.34 28.33 28.31 28.30 28.28 28.26 28.25 28.23 28.20 28.19 28.18 28.17 28.15 28.13 28.17 26.58 26.45 25.11 26.51 25.97 25.05 24.21 25.46 25.99 27.96 28.37 28.40 28.10 28.24 28.40 28.39 28.42 28.42 28.42 28.43 28.44 28.42 28.43 28.44 28.45 28.45 28.43 27.92 28.44 28.44 28.45
28.35 28.34 28.33 28.32 28.31 28.30 28.28 28.27 28.26 28.26 27.30 26.32 25.96 25.81 26.26 26.28 25.49 26.18 26.13 25.34 25.51 24.89 25.51 24.25 24.64 23.59 24.76 25.69 27.65 28.38 28.40 28.41 28.41 28.42 28.43 28.43 28.43 28.43 28.43 28.43 28.43 28.44 28.44 28.45 28.45 28.45 28.45 28.45 28.44 28.45
28.33 28.32 28.30 28.29 28.27 28.26 28.25 28.25 27.33 27.21 26.22 25.44 24.63 25.08 25.24 24.85 24.45 25.28 25.68 24.74 24.60 25.26 24.49 24.58 25.91 25.01 26.81 28.27 28.40 28.40 28.41 28.41 28.42 28.43 28.43 28.44 28.44 28.44 28.44 28.44 28.44 28.44 28.45 28.45 28.45 28.45 28.45 28.45 28.45 28.45
28.32 28.30 28.28 28.26 28.24 28.24 28.23 27.33 26.76 25.50 25.98 25.19 24.69 24.51 24.60 24.13 24.43 24.46 25.04 24.46 25.77 25.86 25.46 25.86 26.74 27.19 28.30 28.40 28.41 28.41 28.42 28.43 28.43 28.43 28.43 28.44 28.44 28.44 28.44 28.44 28.45 28.45 28.45 28.46 28.45 28.45 28.45 28.45 28.45 28.45
28.31 28.28 28.26 28.24 28.22 28.22 27.27 26.78 25.70 25.12 24.71 24.80 24.75 24.53 24.83 24.28 23.96 24.47 25.22 24.62 26.20 25.44 26.37 28.33 28.40 28.36 28.42 28.43 28.42 28.42 28.43 28.44 28.44 28.43 28.44 28.44 28.45 28.45 28.45 28.45 28.46 28.46 28.46 28.46 28.46 28.45 28.45 28.46 28.46 28.46
28.29 28.27 28.26 28.24 28.22 28.18 26.52 26.53 25.76 25.50 26.08 25.62 25.99 25.25 25.53 25.02 24.71 24.92 25.42 25.77 26.32 28.33 26.50 28.29 28.40 28.42 28.42 28.43 28.43 28.43 28.43 28.44 28.44 28.44 28.45 28.45 28.46 28.46 28.46 28.46 28.46 28.46 28.46 28.46 28.46 28.46 28.46 28.46 28.46 28.46
28.29 28.27 28.25 28.24 28.22 28.20 28.19 28.19 28.13 27.46 28.14 26.36 26.66 26.15 26.69 25.63 26.07 25.43 25.81 26.13 26.38 28.41 26.63 28.63 28.37 28.42 28.43 28.44 28.44 28.44 28.43 28.44 28.44 28.45 28.45 28.46 28.47 28.47 28.47 28.46 28.46 28.46 28.46 28.46 28.46 28.46 28.46 28.46 28.46 28.46
28.29 28.27 28.25 28.24 28.23 28.21 28.21 28.20 28.19 28.19 28.17 28.16 28.15 27.01 26.85 26.46 26.37 25.80 26.04 25.89 26.50 26.55 28.25 28.37 28.42 28.43 28.44 28.44 28.44 28.44 28.44 28.44 28.45 28.46 28.46 28.47 28.47 28.47 28.47 28.47 28.47 28.47 28.46 28.46 28.46 28.46 28.46 28.46 28.46 28.46
28.29 28.27 28.26 28.25 28.24 28.23 28.23 28.22 28.22 28.21 28.20 28.17 28.14 27.33 27.02 26.71 26.42 25.84 26.02 26.30 26.61 26.68 28.26 28.42 28.43 28.44 28.44 28.45 28.45 28.44 28.45 28.45 28.46 28.46 28.46 28.47 28.47 28.47 28.47 28.47 28.47 28.47 28.46 28.46 28.46 28.45 28.46 28.46 28.46 28.47
28.29 28.28 28.27 28.27 28.26 28.25 28.25 28.24 28.24 28.23 28.21 28.18 28.15 27.38 27.11 26.82 26.42 26.14 26.11 26.38 26.74 28.22 28.41 28.42 28.43 28.44 28.45 28.45 28.45 28.45 28.46 28.46 28.46 28.46 28.47 28.48 28.48 28.48 28.47 28.47 28.47 28.47 28.46 28.46 28.46 28.46 28.46 28.46 28.46 28.47
28.31 28.30 28.28 28.28 28.27 28.27 28.27 28.26 28.25 28.25 28.23 28.22 28.20 28.18 27.24 26.93 26.22 26.31 26.54 26.59 28.17 28.40 28.42 28.43 28.43 28.44 28.44 28.45 28.46 28.46 28.47 28.47 28.47 28.47 28.47 28.48 28.48 28.48 28.48 28.47 28.47 28.47 28.46 28.46 28.46 28.46 28.46 28.46 28.46 28.47
28.32 28.31 28.30 28.29 28.29 28.28 28.28 28.28 28.28 28.27 28.27 28.26 28.25 28.25 28.26 28.28 28.30 28.07 28.31 28.36 28.39 28.41 28.42 28.43 28.44 28.44 28.45 28.46 28.46 28.47 28.47 28.47 28.47 28.47 28.47 28.48 28.48 28.48 28.48 28.48 28.47 28.47 28.46 28.46 28.46 28.46 28.46 28.46 28.46 28.47
28.33 28.32 28.32 28.31 28.30 28.30 28.30 28.30 28.30 28.29 28.29 28.29 28.29 28.29 28.30 28.31 28.32 28.10 28.36 28.38 28.40 28.42 28.43 28.44 28.44 28.45 28.46 28.47 28.47 28.47 28.47 28.47 28.47 28.48 28.47 28.48 28.48 28.48 28.48 28.48 28.48 28.47 28.46 28.46 28.46 28.46 28.46 28.46 28.46 28.47
28.34 28.33 28.33 28.33 28.32 28.32 28.31 28.31 28.31 28.31 28.32 28.32 28.32 28.33 28.34 28.34 28.35 28.36 28.38 28.40 28.41 28.43 28.44 28.44 28.45 28.45 28.46 28.47 28.47 28.47 28.47 28.47 28.48 28.48 28.48 28.48 28.49 28.49 28.49 28.48 28.48 28.47 28.46 28.46 28.46 28.46 28.46 28.47 28.47 28.47
28.35 28.34 28.34 28.34 28.34 28.33 28.33 28.32 28.32 28.33 28.34 28.34 28.35 28.35 28.36 28.37 28.37 28.38 28.40 28.41 28.42 28.43 28.44 28.44 28.45 28.46 28.47 28.47 28.47 28.47 28.47 28.48 28.48 28.48 28.48 28.48 28.48 28.49 28.49 28.49 28.48 28.48 28.47 28.47 28.47 28.47 28.47 28.47 28.47 28.47
28.36 28.36 28.36 28.35 28.35 28.34 28.34 28.34 28.33 28.34 28.35 28.36 28.36 28.37 28.37 28.38 28.39 28.40 28.42 28.43 28.43 28.44 28.44 28.45 28.45 28.46 28.47 28.47 28.47 28.48 28.48 28.48 28.48 28.48 28.49 28.48 28.49 28.49 28.49 28.49 28.49 28.48 28.48 28.48 28.47 28.48 28.48 28.48 28.48 28.48
28.37 28.37 28.37 28.37 28.36 28.35 28.35 28.35 28.35 28.36 28.37 28.37 28.37 28.38 28.39 28.40 28.41 28.42 28.43 28.44 28.45 28.45 28.45 28.45 28.46 28.46 28.47 28.47 28.47 28.48 28.49 28.49 28.49 28.49 28.49 28.49 28.49 28.49 28.49 28.49 28.49 28.49 28.48 28.48 28.48 28.48 28.48 28.48 28.49 28.49
