Raw_GIS_Data/Climate_scenarios_straight/ProcessedData/month_4_maxTemp_rcp85.asc
NCOLS 50
NROWS 26
XLLCENTER 512998.000000
YLLCENTER 8407694.000000
CELLSIZE 800.000000
NODATA_value -999.000000
31.34 31.34 31.34 31.34 31.34 31.34 31.34 31.34 31.34 31.34 31.34 31.34 31.34 31.34 31.34 31.35 31.36 31.37 31.38 31.39 31.40 31.40 31.40 31.40 31.39 31.38 31.37 31.36 31.36 31.36 31.35 31.34 31.34 31.33 31.32 31.32 31.31 31.30 31.29 31.27 31.26 31.25 31.25 31.25 31.25 31.25 31.25 31.25 31.25 31.25
31.35 31.35 31.35 31.35 31.35 31.35 31.35 31.35 31.35 31.35 31.35 31.35 31.35 31.35 31.35 31.35 31.36 31.37 31.39 31.40 31.42 31.43 31.44 31.45 31.44 31.44 31.42 31.40 31.39 31.39 31.39 31.38 31.37 31.36 31.35 31.35 31.34 31.34 31.33 31.31 31.29 31.27 31.26 31.25 31.25 31.25 31.25 31.25 31.25 31.25
31.36 31.36 31.36 31.36 31.36 31.36 31.36 31.36 31.36 31.36 31.36 31.36 31.36 31.36 31.36 31.36 31.37 31.38 31.39 31.40 31.42 31.45 31.48 31.50 31.51 31.52 31.52 31.50 31.45 31.42 31.43 31.43 31.43 31.41 31.40 31.40 31.39 31.38 31.38 31.38 31.37 31.35 31.31 31.26 31.24 31.25 31.25 31.25 31.24 31.24
31.37 31.37 31.37 31.37 31.38 31.37 31.37 31.37 31.37 31.37 31.37 31.37 31.37 31.38 31.38 31.38 31.38 31.39 31.39 31.41 31.43 31.46 31.50 31.55 31.60 31.66 31.73 33.38 32.37 31.46 31.50 31.50 31.54 31.51 31.48 31.46 31.47 31.44 31.46 31.47 31.50 31.54 33.20 32.93 31.20 31.25 31.24 31.24 31.24 31.24
31.38 31.39 31.39 31.39 31.39 31.39 31.39 31.39 31.39 31.39 31.39 31.39 31.40 31.40 31.40 31.40 31.41 31.41 31.42 31.43 31.44 31.47 31.53 31.61 31.73 33.48 33.07 32.47 31.88 33.03 31.10 31.42 33.42 33.04 30.94 31.44 33.27 31.53 31.55 31.58 31.65 33.40 32.73 32.29 31.19 31.25 31.24 31.24 31.24 31.24
31.39 31.40 31.41 31.41 31.41 31.41 31.41 31.41 31.41 31.41 31.42 31.42 31.42 31.43 31.43 31.44 31.45 31.45 31.46 31.48 31.49 31.52 31.58 31.69 33.37 31.96 31.03 30.13 30.44 30.67 29.91 29.93 33.36 31.10 33.13 31.70 31.60 32.26 32.33 32.02 32.37 33.41 31.72 31.46 30.84 31.25 31.24 31.24 31.24 31.24
31.41 31.42 31.42 31.43 31.44 31.45 31.45 31.44 31.44 31.45 31.45 31.45 31.46 31.46 31.47 31.48 31.49 31.51 31.52 31.55 31.59 31.65 31.74 33.36 31.41 31.58 30.57 30.13 31.39 32.43 32.39 32.17 32.15 30.91 31.04 30.26 32.02 33.15 32.65 30.94 32.14 32.69 31.80 32.01 31.18 31.26 31.25 31.24 31.24 31.24
31.42 31.43 31.45 31.46 31.48 31.48 31.49 31.49 31.49 31.50 31.50 31.49 31.50 31.50 31.51 31.53 31.56 31.58 31.61 31.64 31.70 31.83 33.48 32.22 31.61 33.01 31.52 31.54 31.60 31.77 33.33 31.03 29.40 30.83 30.23 30.61 31.53 31.61 33.28 32.97 31.14 31.22 31.10 31.34 31.32 31.27 31.24 31.25 31.24 31.24
31.43 31.45 31.47 31.50 31.52 31.53 31.55 31.56 31.56 31.56 31.56 31.56 31.56 31.57 31.58 31.60 31.64 31.68 31.72 31.76 31.78 31.88 33.35 31.10 32.63 32.19 31.89 31.97 31.44 31.58 33.15 31.15 32.73 31.17 31.34 31.32 31.37 31.38 31.39 30.46 31.32 31.33 31.35 31.42 33.10 32.85 30.97 31.24 31.24 31.24
31.44 31.47 31.50 31.53 31.57 31.60 31.63 31.65 31.66 31.68 31.69 31.69 31.69 31.70 31.70 31.70 31.72 31.78 31.89 33.44 32.94 30.88 33.24 32.59 30.64 29.32 31.57 32.09 30.98 31.38 31.41 31.09 31.22 31.35 31.33 31.32 31.31 31.31 31.31 31.30 31.30 31.29 31.29 31.29 31.30 31.24 30.74 31.24 31.24 31.24
31.44 31.48 31.52 31.57 31.63 31.68 31.73 31.78 31.84 31.93 33.64 32.60 32.29 32.36 33.24 32.92 31.59 33.01 33.34 31.89 31.97 30.86 31.59 29.36 29.72 27.63 30.02 31.38 30.65 31.34 31.34 31.33 31.32 31.31 31.30 31.29 31.29 31.29 31.28 31.28 31.28 31.27 31.27 31.27 31.26 31.25 31.24 31.24 31.24 31.24
31.41 31.46 31.52 31.59 31.66 31.74 31.83 31.95 33.66 33.66 32.48 31.43 30.35 31.40 31.69 30.70 30.04 31.79 32.54 30.64 30.33 31.36 29.57 29.62 31.68 29.71 29.77 31.25 31.33 31.32 31.31 31.30 31.29 31.29 31.28 31.28 31.27 31.27 31.27 31.27 31.27 31.26 31.26 31.26 31.25 31.24 31.24 31.24 31.24 31.24
31.36 31.40 31.46 31.54 31.64 31.76 31.91 33.64 33.09 31.44 32.39 31.22 30.38 30.21 30.24 29.43 30.02 30.25 31.09 29.94 32.07 32.08 31.02 31.60 32.66 30.12 31.21 31.33 31.31 31.30 31.29 31.29 31.28 31.27 31.27 31.27 31.26 31.26 31.26 31.26 31.26 31.25 31.25 31.25 31.25 31.24 31.24 31.24 31.23 31.23
31.32 31.35 31.39 31.45 31.56 31.74 33.45 33.00 31.58 30.83 30.28 30.53 30.37 29.99 30.40 29.42 28.93 30.11 31.30 30.03 32.67 31.09 32.39 31.31 31.35 31.26 31.31 31.31 31.29 31.29 31.28 31.27 31.27 31.27 31.26 31.26 31.26 31.25 31.25 31.25 31.25 31.25 31.25 31.24 31.24 31.24 31.24 31.23 31.23 31.23
31.29 31.31 31.33 31.38 31.47 31.59 32.48 32.81 31.71 31.46 32.57 31.82 32.26 30.92 31.29 30.47 29.98 30.60 31.70 32.19 32.92 33.13 32.52 31.24 31.31 31.31 31.29 31.29 31.28 31.27 31.27 31.26 31.26 31.26 31.26 31.25 31.25 31.25 31.25 31.25 31.25 31.24 31.24 31.24 31.24 31.24 31.23 31.23 31.23 31.23
31.27 31.29 31.32 31.35 31.41 31.49 31.58 31.65 31.65 31.10 31.86 32.84 33.15 32.23 32.94 31.33 32.29 31.31 32.15 32.75 32.94 33.19 32.63 33.12 31.23 31.29 31.28 31.27 31.27 31.26 31.26 31.26 31.25 31.25 31.25 31.25 31.25 31.24 31.24 31.24 31.24 31.24 31.24 31.24 31.24 31.23 31.23 31.23 31.23 31.23
31.26 31.28 31.31 31.34 31.39 31.46 31.52 31.56 31.61 31.67 31.73 31.80 31.88 33.21 32.93 32.55 32.75 31.87 32.45 32.36 32.76 32.51 31.17 31.26 31.28 31.28 31.27 31.26 31.26 31.26 31.25 31.25 31.25 31.25 31.25 31.25 31.24 31.24 31.24 31.24 31.24 31.24 31.24 31.24 31.23 31.23 31.23 31.23 31.23 31.23
31.25 31.26 31.28 31.32 31.36 31.40 31.44 31.48 31.53 31.59 31.66 31.74 31.84 33.33 32.96 32.84 32.79 31.88 32.31 32.56 32.69 32.43 31.15 31.29 31.27 31.27 31.26 31.26 31.25 31.25 31.25 31.25 31.25 31.25 31.25 31.24 31.24 31.24 31.24 31.24 31.23 31.23 31.23 31.23 31.23 31.23 31.23 31.23 31.23 31.23
31.24 31.25 31.27 31.29 31.32 31.35 31.38 31.40 31.44 31.48 31.55 31.63 31.75 33.37 33.12 32.97 32.74 32.45 32.47 32.60 32.61 31.15 31.28 31.27 31.26 31.26 31.25 31.25 31.25 31.25 31.24 31.24 31.24 31.24 31.24 31.24 31.24 31.24 31.23 31.23 31.23 31.23 31.23 31.23 31.23 31.23 31.23 31.23 31.23 31.23
31.23 31.24 31.25 31.27 31.29 31.30 31.32 31.33 31.35 31.38 31.40 31.45 31.51 31.62 33.11 32.91 32.15 32.50 32.94 32.59 31.10 31.28 31.27 31.26 31.25 31.25 31.25 31.25 31.25 31.24 31.24 31.24 31.24 31.24 31.24 31.24 31.24 31.23 31.23 31.23 31.23 31.23 31.23 31.23 31.23 31.23 31.23 31.23 31.23 31.23
31.22 31.22 31.23 31.24 31.26 31.27 31.27 31.28 31.29 31.29 31.30 31.31 31.32 31.34 31.35 31.35 31.34 31.10 31.30 31.28 31.27 31.26 31.26 31.25 31.25 31.25 31.24 31.24 31.24 31.24 31.24 31.24 31.24 31.24 31.24 31.24 31.24 31.23 31.23 31.23 31.23 31.23 31.23 31.23 31.23 31.23 31.23 31.23 31.23 31.23
31.21 31.21 31.22 31.23 31.24 31.24 31.25 31.25 31.25 31.26 31.26 31.27 31.27 31.28 31.28 31.28 31.28 31.05 31.26 31.26 31.26 31.25 31.25 31.24 31.24 31.24 31.24 31.24 31.24 31.24 31.24 31.24 31.23 31.23 31.23 31.23 31.23 31.23 31.23 31.23 31.23 31.23 31.23 31.23 31.23 31.23 31.23 31.22 31.22 31.22
31.20 31.21 31.21 31.22 31.22 31.23 31.23 31.24 31.24 31.24 31.24 31.25 31.25 31.26 31.26 31.26 31.25 31.25 31.25 31.26 31.25 31.25 31.24 31.24 31.24 31.24 31.24 31.24 31.23 31.23 31.23 31.23 31.23 31.23 31.23 31.23 31.23 31.23 31.23 31.23 31.23 31.23 31.23 31.23 31.22 31.22 31.22 31.22 31.22 31.22
31.20 31.20 31.21 31.21 31.22 31.22 31.22 31.23 31.23 31.23 31.24 31.24 31.24 31.25 31.25 31.25 31.25 31.25 31.25 31.25 31.24 31.24 31.24 31.24 31.24 31.24 31.24 31.24 31.23 31.23 31.23 31.23 31.23 31.23 31.23 31.23 31.23 31.23 31.23 31.23 31.23 31.23 31.23 31.23 31.22 31.22 31.22 31.22 31.22 31.22
31.20 31.20 31.20 31.21 31.21 31.22 31.22 31.22 31.22 31.23 31.23 31.24 31.24 31.24 31.24 31.24 31.24 31.24 31.24 31.24 31.24 31.24 31.24 31.24 31.23 31.23 31.23 31.23 31.23 31.23 31.23 31.23 31.23 31.23 31.23 31.23 31.23 31.23 31.23 31.23 31.22 31.22 31.22 31.22 31.22 31.22 31.22 31.22 31.22 31.22
31.20 31.20 31.20 31.20 31.21 31.21 31.22 31.22 31.22 31.23 31.23 31.23 31.23 31.23 31.23 31.23 31.24 31.24 31.24 31.23 31.23 31.23 31.23 31.23 31.23 31.23 31.23 31.23 31.23 31.23 31.23 31.23 31.22 31.22 31.22 31.22 31.22 31.22 31.22 31.22 31.22 31.22 31.22 31.22 31.22 31.22 31.22 31.22 31.22 31.22
