Raw_GIS_Data/Climate_scenarios_straight/ProcessedData/month_8_minTemp_present.asc
NCOLS 50
NROWS 26
XLLCENTER 512998.000000
YLLCENTER 8407694.000000
CELLSIZE 800.000000
NODATA_value -999.000000
25.83 25.83 25.83 25.83 25.83 25.83 25.83 25.83 25.82 25.82 25.82 25.81 25.81 25.80 25.80 25.79 25.79 25.79 25.79 25.79 25.78 25.78 25.78 25.78 25.79 25.79 25.79 25.79 25.79 25.80 25.80 25.80 25.80 25.81 25.81 25.82 25.83 25.84 25.85 25.86 25.86 25.87 25.87 25.87 25.87 25.86 25.86 25.86 25.86 25.86
25.82 25.82 25.82 25.82 25.82 25.82 25.82 25.82 25.82 25.81 25.80 25.80 25.79 25.79 25.78 25.78 25.78 25.78 25.78 25.77 25.77 25.76 25.75 25.75 25.75 25.75 25.75 25.75 25.75 25.75 25.76 25.77 25.77 25.78 25.79 25.81 25.81 25.82 25.84 25.85 25.86 25.86 25.86 25.87 25.87 25.86 25.86 25.86 25.86 25.86
25.81 25.81 25.81 25.81 25.81 25.81 25.81 25.81 25.80 25.80 25.79 25.78 25.78 25.78 25.77 25.77 25.76 25.76 25.76 25.75 25.75 25.74 25.73 25.72 25.72 25.71 25.70 25.69 25.70 25.69 25.69 25.71 25.74 25.74 25.75 25.77 25.79 25.80 25.81 25.82 25.83 25.84 25.84 25.85 25.86 25.86 25.86 25.86 25.86 25.86
25.81 25.80 25.80 25.79 25.79 25.79 25.79 25.79 25.79 25.78 25.77 25.77 25.76 25.76 25.76 25.75 25.75 25.74 25.73 25.73 25.72 25.72 25.71 25.70 25.69 25.67 25.65 24.55 23.96 25.61 25.63 25.61 25.67 25.70 25.71 25.70 25.74 25.77 25.77 25.78 25.78 25.78 24.80 24.90 25.81 25.86 25.86 25.86 25.86 25.86
25.80 25.79 25.78 25.78 25.78 25.78 25.78 25.77 25.77 25.76 25.76 25.75 25.75 25.74 25.74 25.73 25.73 25.72 25.71 25.69 25.69 25.68 25.67 25.66 25.65 24.58 24.14 23.81 23.33 23.99 22.89 25.35 23.76 23.95 22.89 25.47 24.28 25.73 25.73 25.73 25.73 24.57 24.33 24.29 25.79 25.85 25.85 25.85 25.85 25.85
25.79 25.78 25.77 25.77 25.76 25.76 25.75 25.75 25.74 25.74 25.74 25.73 25.73 25.72 25.71 25.71 25.70 25.69 25.68 25.67 25.65 25.64 25.63 25.62 24.44 23.33 22.78 22.18 22.26 22.25 21.99 21.91 23.49 22.67 23.92 23.13 23.07 23.37 23.50 23.50 23.59 24.32 23.52 23.59 25.42 25.84 25.84 25.85 25.85 25.84
25.77 25.76 25.75 25.75 25.74 25.73 25.72 25.72 25.71 25.71 25.71 25.70 25.69 25.69 25.68 25.67 25.67 25.66 25.64 25.63 25.61 25.59 25.57 24.48 23.05 22.97 22.48 22.17 25.20 23.20 23.52 23.25 23.34 22.68 22.79 22.39 23.30 23.86 23.79 22.91 23.68 24.12 23.75 24.17 25.75 25.84 25.84 25.84 25.84 25.84
25.75 25.74 25.73 25.72 25.71 25.70 25.69 25.68 25.67 25.66 25.66 25.65 25.64 25.64 25.63 25.63 25.62 25.62 25.61 25.60 25.57 25.54 24.30 23.51 22.98 23.81 25.61 25.63 25.65 25.62 24.07 22.95 21.88 22.70 22.49 24.80 25.69 25.73 24.63 24.60 23.43 25.67 25.55 25.83 25.84 25.84 25.84 25.84 25.84 25.84
25.73 25.72 25.70 25.69 25.68 25.66 25.65 25.63 25.62 25.62 25.61 25.59 25.58 25.57 25.58 25.57 25.55 25.57 25.58 25.57 25.59 25.56 24.15 22.67 23.65 23.32 23.26 23.41 25.71 25.72 24.57 23.20 24.32 23.36 25.70 25.69 25.78 25.80 25.82 24.90 25.80 25.82 25.83 25.83 25.20 25.18 25.57 25.84 25.84 25.84
25.71 25.70 25.68 25.66 25.64 25.62 25.61 25.59 25.58 25.58 25.56 25.56 25.54 25.52 25.52 25.53 25.50 25.48 25.53 23.91 23.87 22.53 23.94 23.41 22.59 21.69 22.90 23.47 25.36 25.76 25.77 25.45 25.60 25.76 25.77 25.80 25.81 25.82 25.83 25.82 25.82 25.82 25.83 25.83 25.84 25.82 25.32 25.84 25.84 25.84
25.70 25.68 25.66 25.63 25.61 25.58 25.56 25.55 25.54 25.54 24.33 23.62 23.39 23.28 23.55 23.63 22.86 23.58 23.60 22.88 23.07 22.40 23.04 21.67 22.07 21.01 22.17 23.16 25.05 25.77 25.79 25.79 25.79 25.79 25.80 25.81 25.82 25.83 25.83 25.83 25.82 25.82 25.83 25.83 25.83 25.83 25.83 25.84 25.84 25.84
25.70 25.67 25.64 25.61 25.57 25.55 25.52 25.50 24.23 24.13 23.40 22.81 22.04 22.61 22.69 22.31 21.83 22.69 23.13 22.18 22.00 22.65 21.91 21.97 23.33 22.43 24.09 25.61 25.77 25.79 25.79 25.79 25.80 25.80 25.81 25.82 25.82 25.83 25.83 25.83 25.83 25.83 25.83 25.83 25.83 25.83 25.83 25.84 25.84 25.84
25.70 25.67 25.64 25.61 25.57 25.53 25.50 24.16 23.77 22.78 23.26 22.53 22.07 21.94 22.06 21.55 21.86 21.87 22.44 21.83 23.09 23.27 22.90 23.36 24.28 24.50 25.62 25.76 25.78 25.79 25.79 25.80 25.80 25.81 25.81 25.81 25.82 25.82 25.82 25.83 25.83 25.83 25.83 25.83 25.83 25.83 25.83 25.84 25.84 25.84
25.71 25.69 25.66 25.63 25.58 25.53 24.28 23.83 22.91 22.40 22.05 22.17 22.12 21.91 22.21 21.65 21.38 21.86 22.61 22.04 23.61 22.98 23.80 25.67 25.75 25.70 25.76 25.78 25.79 25.80 25.80 25.80 25.81 25.81 25.81 25.81 25.82 25.82 25.82 25.83 25.83 25.83 25.83 25.83 25.83 25.83 25.83 25.84 25.84 25.84
25.72 25.71 25.68 25.65 25.62 25.55 23.73 23.80 23.06 22.81 23.43 23.03 23.37 22.62 22.84 22.39 22.10 22.38 22.91 23.25 23.86 25.43 23.96 25.66 25.75 25.76 25.78 25.79 25.80 25.81 25.81 25.81 25.80 25.81 25.81 25.81 25.82 25.82 25.83 25.83 25.83 25.83 25.82 25.82 25.83 25.83 25.84 25.84 25.84 25.84
25.73 25.72 25.70 25.68 25.66 25.64 25.61 25.58 25.47 24.76 25.40 23.80 24.08 23.44 23.90 22.99 23.45 22.91 23.34 23.68 24.01 25.50 24.09 25.74 25.71 25.76 25.78 25.79 25.80 25.81 25.81 25.81 25.81 25.81 25.81 25.81 25.82 25.82 25.83 25.83 25.83 25.82 25.82 25.82 25.83 25.83 25.84 25.84 25.84 25.83
25.74 25.73 25.72 25.71 25.69 25.68 25.65 25.62 25.59 25.55 25.52 25.48 25.44 24.24 24.13 23.76 23.73 23.27 23.60 23.37 24.11 24.07 25.59 25.70 25.77 25.78 25.79 25.79 25.80 25.81 25.81 25.82 25.82 25.82 25.82 25.82 25.82 25.83 25.83 25.83 25.83 25.83 25.83 25.83 25.83 25.84 25.84 25.84 25.83 25.83
25.75 25.74 25.74 25.73 25.71 25.70 25.68 25.66 25.64 25.61 25.58 25.53 25.48 24.52 24.33 24.05 23.81 23.31 23.59 23.89 24.20 24.18 25.61 25.77 25.78 25.79 25.80 25.80 25.80 25.81 25.81 25.82 25.82 25.82 25.82 25.82 25.82 25.82 25.83 25.83 25.83 25.83 25.83 25.83 25.83 25.83 25.83 25.84 25.83 25.83
25.76 25.76 25.75 25.74 25.73 25.72 25.70 25.68 25.67 25.65 25.62 25.58 25.53 24.59 24.42 24.20 23.86 23.67 23.72 24.01 24.36 25.59 25.76 25.78 25.79 25.79 25.80 25.80 25.80 25.81 25.81 25.82 25.82 25.82 25.81 25.81 25.81 25.82 25.83 25.83 25.83 25.83 25.83 25.83 25.83 25.83 25.83 25.84 25.83 25.83
25.77 25.77 25.76 25.75 25.74 25.73 25.72 25.71 25.69 25.68 25.66 25.63 25.61 25.59 24.55 24.34 23.69 23.85 24.19 24.25 25.54 25.75 25.77 25.78 25.79 25.79 25.80 25.80 25.80 25.81 25.81 25.81 25.81 25.81 25.81 25.81 25.82 25.82 25.83 25.83 25.83 25.83 25.83 25.83 25.83 25.83 25.83 25.83 25.83 25.83
25.77 25.77 25.77 25.76 25.75 25.74 25.74 25.73 25.71 25.70 25.69 25.67 25.67 25.67 25.67 25.69 25.70 25.46 25.70 25.73 25.75 25.76 25.77 25.78 25.79 25.80 25.80 25.80 25.81 25.81 25.81 25.81 25.81 25.81 25.81 25.81 25.82 25.83 25.83 25.83 25.83 25.83 25.83 25.83 25.83 25.83 25.83 25.83 25.83 25.83
25.78 25.78 25.78 25.77 25.76 25.75 25.75 25.74 25.73 25.72 25.71 25.71 25.71 25.71 25.72 25.72 25.73 25.50 25.74 25.76 25.76 25.77 25.78 25.78 25.79 25.79 25.80 25.80 25.81 25.81 25.81 25.81 25.82 25.82 25.82 25.82 25.82 25.83 25.83 25.83 25.84 25.83 25.83 25.83 25.83 25.82 25.83 25.83 25.83 25.82
25.78 25.79 25.78 25.78 25.76 25.75 25.75 25.74 25.74 25.73 25.73 25.73 25.74 25.74 25.74 25.74 25.75 25.75 25.76 25.77 25.77 25.78 25.78 25.79 25.79 25.79 25.80 25.80 25.80 25.81 25.81 25.81 25.82 25.81 25.82 25.82 25.82 25.83 25.83 25.83 25.83 25.83 25.83 25.83 25.82 25.82 25.82 25.82 25.82 25.82
25.79 25.79 25.78 25.77 25.76 25.76 25.75 25.75 25.75 25.75 25.75 25.75 25.75 25.76 25.76 25.76 25.76 25.77 25.77 25.78 25.78 25.78 25.78 25.79 25.79 25.79 25.79 25.80 25.80 25.80 25.81 25.81 25.81 25.81 25.81 25.82 25.82 25.82 25.82 25.82 25.83 25.83 25.83 25.83 25.82 25.82 25.82 25.82 25.82 25.82
25.79 25.79 25.79 25.78 25.77 25.77 25.76 25.76 25.77 25.77 25.77 25.77 25.77 25.77 25.77 25.77 25.77 25.78 25.78 25.78 25.79 25.79 25.79 25.79 25.79 25.79 25.79 25.80 25.80 25.80 25.81 25.81 25.81 25.81 25.82 25.82 25.81 25.81 25.82 25.82 25.82 25.82 25.82 25.82 25.82 25.82 25.82 25.82 25.82 25.82
25.79 25.79 25.79 25.78 25.77 25.77 25.77 25.77 25.78 25.78 25.78 25.78 25.78 25.78 25.78 25.78 25.78 25.79 25.79 25.79 25.79 25.79 25.79 25.79 25.79 25.79 25.79 25.80 25.80 25.80 25.81 25.81 25.81 25.81 25.81 25.81 25.81 25.81 25.81 25.82 25.82 25.82 25.82 25.82 25.82 25.82 25.82 25.82 25.82 25.81
