Raw_GIS_Data/Climate_scenarios_straight/ProcessedData/month_2_minTemp_present.asc
NCOLS 50
NROWS 26
XLLCENTER 512998.000000
YLLCENTER 8407694.000000
CELLSIZE 800.000000
NODATA_value -999.000000
27.28 27.28 27.28 27.28 27.28 27.28 27.28 27.27 27.27 27.27 27.26 27.25 27.25 27.24 27.24 27.24 27.24 27.23 27.23 27.23 27.22 27.22 27.22 27.21 27.21 27.22 27.22 27.22 27.22 27.22 27.22 27.22 27.22 27.23 27.23 27.24 27.24 27.24 27.24 27.24 27.24 27.23 27.23 27.23 27.24 27.24 27.25 27.26 27.27 27.27
27.27 27.28 27.28 27.28 27.28 27.27 27.27 27.27 27.26 27.26 27.25 27.24 27.23 27.23 27.23 27.23 27.23 27.23 27.22 27.21 27.21 27.20 27.19 27.19 27.20 27.20 27.20 27.19 27.19 27.19 27.20 27.20 27.21 27.21 27.22 27.23 27.23 27.23 27.24 27.24 27.24 27.23 27.23 27.23 27.23 27.24 27.25 27.26 27.27 27.27
27.27 27.27 27.28 27.28 27.27 27.27 27.27 27.26 27.26 27.25 27.24 27.23 27.22 27.22 27.22 27.22 27.22 27.22 27.21 27.20 27.19 27.18 27.18 27.17 27.18 27.17 27.16 27.15 27.14 27.15 27.15 27.17 27.18 27.18 27.19 27.21 27.22 27.22 27.23 27.23 27.23 27.22 27.22 27.23 27.23 27.24 27.24 27.26 27.27 27.27
27.27 27.27 27.27 27.27 27.27 27.26 27.26 27.26 27.25 27.24 27.24 27.23 27.22 27.21 27.21 27.21 27.21 27.20 27.19 27.18 27.17 27.17 27.16 27.15 27.15 27.13 27.11 25.66 24.97 27.06 27.07 27.08 27.13 27.14 27.15 27.16 27.18 27.19 27.20 27.20 27.20 27.20 25.79 25.84 27.19 27.24 27.24 27.25 27.26 27.27
27.26 27.26 27.26 27.25 27.25 27.25 27.25 27.25 27.24 27.24 27.23 27.22 27.21 27.20 27.20 27.20 27.19 27.18 27.17 27.16 27.15 27.14 27.14 27.13 27.11 25.91 25.33 24.80 24.35 25.02 23.94 26.81 25.17 25.04 23.97 26.95 25.32 27.16 27.16 27.15 27.16 25.68 25.30 25.24 27.17 27.24 27.24 27.25 27.25 27.26
27.25 27.25 27.24 27.23 27.23 27.23 27.23 27.23 27.22 27.22 27.21 27.20 27.19 27.18 27.18 27.18 27.17 27.16 27.15 27.13 27.11 27.10 27.10 27.08 25.82 24.50 23.90 23.31 23.40 23.43 23.19 23.08 24.76 23.70 24.93 24.09 24.10 24.45 24.57 24.58 24.69 25.42 24.57 24.62 26.80 27.24 27.24 27.25 27.25 27.26
27.23 27.23 27.22 27.21 27.21 27.21 27.21 27.20 27.19 27.19 27.18 27.17 27.16 27.16 27.16 27.15 27.14 27.12 27.11 27.09 27.07 27.05 27.04 25.85 24.32 24.25 23.67 23.34 26.79 24.61 24.77 24.54 24.46 23.78 23.85 23.48 24.39 25.05 24.94 24.10 24.84 25.22 24.88 25.31 27.15 27.24 27.25 27.25 27.25 27.26
27.21 27.21 27.20 27.19 27.18 27.18 27.17 27.16 27.15 27.15 27.14 27.13 27.12 27.12 27.12 27.11 27.10 27.09 27.07 27.05 27.03 27.00 25.69 24.69 24.19 24.94 27.06 27.10 27.11 27.11 25.40 24.09 23.16 23.89 23.64 26.29 27.13 27.15 25.77 25.82 24.61 27.07 26.95 27.23 27.24 27.25 27.25 27.25 27.25 27.25
27.19 27.18 27.18 27.17 27.16 27.14 27.14 27.12 27.11 27.10 27.09 27.07 27.07 27.06 27.06 27.05 27.03 27.04 27.04 27.02 27.02 26.98 25.43 23.77 24.58 24.26 24.38 24.58 27.14 27.15 25.72 24.45 25.65 24.62 27.19 27.14 27.21 27.22 27.20 26.26 27.22 27.22 27.24 27.24 26.61 26.57 26.96 27.25 27.25 27.25
27.17 27.17 27.16 27.14 27.13 27.12 27.10 27.09 27.08 27.06 27.05 27.03 27.01 27.01 27.00 27.00 26.98 26.96 26.99 25.22 25.03 23.71 25.06 24.45 23.55 22.79 24.15 24.69 26.76 27.18 27.19 26.89 27.05 27.22 27.22 27.24 27.24 27.24 27.23 27.23 27.22 27.24 27.24 27.25 27.25 27.23 26.71 27.24 27.24 27.25
27.16 27.15 27.14 27.12 27.10 27.08 27.07 27.06 27.06 27.06 25.80 24.70 24.41 24.32 24.75 24.70 23.97 24.75 24.73 23.94 24.16 23.49 23.99 22.79 23.18 22.22 23.45 24.42 26.46 27.20 27.21 27.22 27.23 27.24 27.24 27.25 27.25 27.25 27.24 27.24 27.24 27.24 27.24 27.25 27.25 27.25 27.24 27.24 27.24 27.25
27.14 27.13 27.12 27.09 27.07 27.06 27.05 27.04 25.97 25.76 24.72 23.95 23.18 23.61 23.71 23.33 23.00 23.92 24.42 23.46 23.29 23.90 23.07 23.16 24.51 23.62 25.68 27.12 27.22 27.23 27.23 27.23 27.24 27.25 27.25 27.26 27.26 27.26 27.25 27.25 27.25 27.25 27.24 27.25 27.25 27.25 27.25 27.25 27.25 27.25
27.13 27.12 27.10 27.08 27.05 27.04 27.04 25.99 25.37 24.09 24.55 23.73 23.27 23.04 23.12 22.71 23.02 23.16 23.82 23.21 24.55 24.59 24.14 24.44 25.28 26.02 27.18 27.25 27.24 27.24 27.24 27.24 27.25 27.26 27.26 27.26 27.26 27.26 27.26 27.26 27.26 27.26 27.25 27.25 27.25 27.26 27.26 27.25 27.25 27.25
27.12 27.11 27.09 27.07 27.05 27.03 25.96 25.44 24.33 23.73 23.32 23.38 23.34 23.13 23.39 22.88 22.58 23.15 23.99 23.36 24.98 24.17 24.95 27.14 27.23 27.20 27.28 27.27 27.26 27.25 27.25 27.26 27.26 27.27 27.27 27.27 27.27 27.27 27.27 27.27 27.27 27.26 27.26 27.26 27.26 27.26 27.26 27.26 27.26 27.26
27.13 27.11 27.09 27.07 27.06 27.01 25.24 25.26 24.47 24.16 24.78 24.26 24.61 23.87 24.11 23.64 23.37 23.59 24.18 24.56 25.07 27.08 25.05 27.10 27.23 27.25 27.27 27.27 27.26 27.26 27.26 27.26 27.27 27.27 27.28 27.28 27.27 27.27 27.28 27.28 27.27 27.27 27.27 27.27 27.27 27.27 27.26 27.26 27.26 27.26
27.13 27.11 27.10 27.08 27.07 27.07 27.06 27.04 26.97 26.30 26.99 25.06 25.34 24.82 25.32 24.30 24.69 24.12 24.50 24.81 25.05 27.16 25.16 27.39 27.19 27.24 27.26 27.26 27.26 27.26 27.27 27.27 27.28 27.28 27.28 27.28 27.28 27.28 27.29 27.29 27.28 27.28 27.28 27.28 27.28 27.28 27.27 27.27 27.27 27.27
27.13 27.12 27.11 27.10 27.09 27.08 27.07 27.05 27.05 27.04 27.01 26.99 26.97 25.74 25.54 25.08 24.97 24.42 24.65 24.44 25.02 25.02 27.03 27.17 27.24 27.25 27.25 27.26 27.26 27.27 27.27 27.28 27.29 27.29 27.29 27.29 27.29 27.30 27.30 27.29 27.29 27.29 27.29 27.28 27.28 27.28 27.28 27.28 27.27 27.27
27.12 27.12 27.12 27.11 27.11 27.10 27.09 27.08 27.07 27.06 27.04 27.01 26.98 26.12 25.76 25.33 24.96 24.40 24.53 24.76 25.02 25.07 27.04 27.22 27.24 27.25 27.26 27.26 27.26 27.27 27.27 27.28 27.29 27.30 27.30 27.30 27.30 27.30 27.30 27.30 27.30 27.30 27.30 27.29 27.28 27.28 27.28 27.28 27.28 27.28
27.12 27.12 27.12 27.12 27.12 27.11 27.11 27.10 27.09 27.08 27.06 27.03 26.99 26.13 25.80 25.43 24.95 24.70 24.62 24.86 25.14 26.98 27.18 27.22 27.24 27.26 27.26 27.27 27.27 27.28 27.28 27.28 27.29 27.30 27.30 27.31 27.31 27.31 27.31 27.31 27.31 27.31 27.30 27.29 27.29 27.29 27.28 27.28 27.28 27.28
27.13 27.13 27.13 27.13 27.13 27.13 27.13 27.12 27.11 27.10 27.08 27.06 27.04 27.01 25.91 25.53 24.77 24.85 25.04 25.06 26.92 27.16 27.19 27.22 27.24 27.26 27.26 27.27 27.28 27.28 27.29 27.29 27.29 27.30 27.31 27.31 27.31 27.31 27.31 27.31 27.31 27.31 27.30 27.30 27.29 27.29 27.29 27.29 27.29 27.29
27.14 27.14 27.15 27.15 27.15 27.15 27.15 27.14 27.13 27.12 27.11 27.10 27.09 27.07 27.07 27.08 27.09 26.85 27.08 27.12 27.15 27.18 27.20 27.23 27.24 27.26 27.26 27.27 27.28 27.28 27.29 27.29 27.29 27.30 27.31 27.32 27.32 27.32 27.32 27.32 27.31 27.31 27.31 27.30 27.30 27.30 27.29 27.29 27.29 27.29
27.15 27.15 27.16 27.17 27.17 27.17 27.17 27.16 27.15 27.15 27.14 27.14 27.13 27.12 27.12 27.13 27.13 26.90 27.14 27.16 27.18 27.21 27.22 27.24 27.25 27.26 27.27 27.28 27.28 27.29 27.29 27.29 27.30 27.30 27.31 27.32 27.32 27.32 27.33 27.32 27.32 27.32 27.32 27.31 27.31 27.30 27.30 27.30 27.29 27.29
27.16 27.17 27.18 27.18 27.18 27.19 27.18 27.18 27.17 27.17 27.17 27.16 27.16 27.16 27.15 27.16 27.16 27.17 27.18 27.19 27.21 27.23 27.24 27.25 27.26 27.27 27.28 27.28 27.29 27.29 27.29 27.29 27.30 27.31 27.31 27.32 27.32 27.33 27.33 27.32 27.32 27.32 27.31 27.31 27.31 27.31 27.30 27.30 27.29 27.29
27.17 27.18 27.19 27.19 27.20 27.20 27.20 27.19 27.19 27.19 27.19 27.19 27.18 27.18 27.18 27.18 27.18 27.19 27.20 27.22 27.23 27.24 27.25 27.26 27.27 27.28 27.29 27.30 27.30 27.30 27.30 27.30 27.30 27.31 27.31 27.32 27.32 27.33 27.33 27.32 27.32 27.31 27.31 27.31 27.31 27.30 27.30 27.30 27.30 27.30
27.19 27.20 27.20 27.21 27.22 27.22 27.21 27.21 27.21 27.21 27.21 27.20 27.20 27.20 27.20 27.20 27.21 27.21 27.22 27.24 27.25 27.26 27.27 27.28 27.28 27.29 27.30 27.30 27.31 27.31 27.30 27.30 27.30 27.31 27.32 27.32 27.32 27.32 27.32 27.32 27.32 27.31 27.31 27.31 27.31 27.30 27.30 27.30 27.30 27.30
27.21 27.21 27.22 27.23 27.23 27.23 27.23 27.23 27.23 27.23 27.22 27.22 27.22 27.22 27.22 27.23 27.24 27.24 27.25 27.25 27.26 27.27 27.28 27.29 27.30 27.30 27.31 27.31 27.31 27.31 27.31 27.31 27.31 27.31 27.32 27.32 27.32 27.33 27.32 27.32 27.31 27.31 27.31 27.31 27.31 27.31 27.30 27.30 27.30 27.30
