Raw_GIS_Data/Climate_scenarios_straight/ProcessedData/month_8_maxTemp_rcp85.asc
NCOLS 50
NROWS 26
XLLCENTER 512998.000000
YLLCENTER 8407694.000000
CELLSIZE 800.000000
NODATA_value -999.000000
29.40 29.40 29.39 29.39 29.39 29.39 29.39 29.39 29.39 29.39 29.39 29.39 29.40 29.40 29.41 29.42 29.43 29.44 29.45 29.46 29.46 29.46 29.46 29.45 29.44 29.43 29.41 29.41 29.40 29.40 29.40 29.39 29.38 29.38 29.37 29.37 29.36 29.35 29.34 29.33 29.32 29.32 29.31 29.31 29.31 29.31 29.31 29.31 29.31 29.32
29.41 29.41 29.40 29.40 29.40 29.40 29.40 29.40 29.40 29.40 29.40 29.40 29.40 29.40 29.41 29.41 29.42 29.44 29.45 29.47 29.48 29.49 29.50 29.50 29.49 29.48 29.46 29.44 29.43 29.43 29.43 29.42 29.41 29.41 29.40 29.39 29.39 29.38 29.37 29.36 29.35 29.33 29.31 29.31 29.31 29.31 29.31 29.31 29.31 29.31
29.42 29.42 29.42 29.41 29.41 29.41 29.41 29.41 29.41 29.41 29.41 29.41 29.41 29.41 29.41 29.41 29.42 29.43 29.45 29.47 29.49 29.51 29.54 29.56 29.57 29.57 29.57 29.54 29.48 29.45 29.47 29.47 29.47 29.45 29.44 29.44 29.43 29.42 29.42 29.42 29.41 29.39 29.36 29.31 29.30 29.31 29.30 29.31 29.31 29.31
29.43 29.43 29.43 29.43 29.43 29.43 29.43 29.43 29.42 29.42 29.42 29.42 29.42 29.42 29.42 29.42 29.43 29.43 29.44 29.46 29.49 29.52 29.57 29.61 29.66 29.71 29.77 31.22 30.20 29.49 29.53 29.53 29.57 29.54 29.51 29.50 29.51 29.47 29.49 29.50 29.52 29.55 30.90 30.73 29.25 29.31 29.30 29.30 29.30 29.30
29.44 29.44 29.44 29.45 29.45 29.45 29.44 29.44 29.44 29.44 29.44 29.44 29.44 29.44 29.44 29.44 29.44 29.45 29.46 29.47 29.49 29.53 29.58 29.65 29.76 31.24 30.82 30.26 29.69 30.85 28.91 29.40 31.11 30.78 28.72 29.45 31.09 29.55 29.57 29.57 29.62 31.01 30.36 30.05 29.24 29.30 29.30 29.30 29.30 29.30
29.46 29.46 29.47 29.47 29.47 29.47 29.47 29.47 29.46 29.46 29.46 29.46 29.46 29.46 29.47 29.47 29.47 29.48 29.49 29.51 29.53 29.55 29.60 29.70 31.12 29.60 28.71 27.90 28.23 28.46 27.63 27.53 30.82 28.68 30.88 29.49 29.32 30.02 30.12 29.77 29.94 30.98 29.28 29.17 28.89 29.30 29.30 29.29 29.30 29.30
29.48 29.49 29.49 29.49 29.50 29.50 29.50 29.50 29.49 29.49 29.49 29.49 29.49 29.49 29.50 29.51 29.51 29.52 29.54 29.56 29.59 29.64 29.71 31.10 29.03 29.17 28.20 27.85 29.33 30.20 30.15 29.79 29.62 28.48 28.67 27.89 29.71 30.88 30.33 28.57 29.78 30.35 29.47 29.80 29.22 29.30 29.29 29.29 29.29 29.30
29.49 29.51 29.52 29.53 29.54 29.54 29.54 29.54 29.54 29.54 29.53 29.53 29.53 29.53 29.54 29.55 29.57 29.59 29.60 29.62 29.66 29.76 31.17 29.77 29.14 30.58 29.48 29.51 29.58 29.71 31.14 28.66 26.93 28.36 27.79 28.57 29.49 29.55 30.99 30.68 28.81 29.22 29.12 29.37 29.35 29.30 29.28 29.29 29.29 29.29
29.51 29.53 29.55 29.57 29.58 29.60 29.60 29.61 29.61 29.61 29.61 29.60 29.59 29.59 29.59 29.60 29.63 29.66 29.69 29.71 29.71 29.77 30.95 28.64 30.15 29.76 29.51 29.67 29.44 29.56 30.97 28.79 30.37 28.77 29.34 29.33 29.38 29.39 29.38 28.47 29.33 29.35 29.38 29.44 30.99 30.75 29.01 29.29 29.29 29.29
29.52 29.55 29.58 29.61 29.64 29.67 29.69 29.71 29.72 29.73 29.74 29.72 29.71 29.70 29.69 29.68 29.69 29.73 29.82 31.20 30.63 28.50 30.80 30.16 28.24 26.95 29.20 29.78 28.99 29.39 29.40 29.08 29.22 29.35 29.35 29.34 29.33 29.33 29.32 29.32 29.32 29.31 29.32 29.32 29.32 29.27 28.78 29.28 29.29 29.28
29.52 29.56 29.61 29.66 29.71 29.75 29.80 29.85 29.90 29.97 31.52 30.43 30.05 30.03 30.93 30.65 29.33 30.80 31.08 29.61 29.64 28.52 29.25 26.99 27.39 25.46 27.66 29.08 28.66 29.35 29.35 29.34 29.34 29.33 29.32 29.32 29.31 29.31 29.31 29.30 29.30 29.30 29.30 29.30 29.29 29.28 29.28 29.28 29.28 29.28
29.50 29.55 29.61 29.68 29.75 29.82 29.90 29.99 31.51 31.44 30.23 29.16 28.07 29.06 29.40 28.46 27.81 29.56 30.27 28.33 28.00 29.05 27.26 27.32 29.42 27.42 27.76 29.24 29.33 29.33 29.32 29.32 29.31 29.31 29.31 29.30 29.30 29.30 29.30 29.29 29.29 29.29 29.29 29.29 29.28 29.28 29.28 29.28 29.28 29.28
29.46 29.50 29.56 29.64 29.73 29.84 29.96 31.50 30.85 29.12 30.05 28.93 28.09 27.95 28.07 27.26 27.82 27.95 28.72 27.56 29.73 29.76 28.73 29.38 30.46 28.11 29.20 29.33 29.31 29.31 29.30 29.30 29.30 29.30 29.29 29.29 29.29 29.29 29.29 29.29 29.29 29.28 29.28 29.28 29.28 29.28 29.28 29.27 29.27 29.27
29.40 29.43 29.47 29.54 29.65 29.81 31.39 30.89 29.42 28.67 28.18 28.41 28.24 27.89 28.28 27.27 26.73 27.77 28.88 27.61 30.30 28.70 30.15 29.28 29.33 29.25 29.31 29.31 29.30 29.29 29.29 29.29 29.29 29.29 29.28 29.28 29.28 29.28 29.28 29.28 29.28 29.28 29.28 29.28 29.27 29.27 29.27 29.27 29.27 29.27
29.35 29.37 29.40 29.44 29.53 29.63 30.39 30.76 29.63 29.38 30.51 29.73 30.16 28.78 29.07 28.27 27.75 28.21 29.22 29.69 30.46 30.96 30.27 29.23 29.30 29.30 29.29 29.29 29.29 29.29 29.28 29.28 29.28 29.28 29.28 29.28 29.28 29.27 29.27 29.27 29.27 29.27 29.27 29.27 29.27 29.27 29.27 29.27 29.27 29.27
29.33 29.35 29.37 29.41 29.45 29.52 29.59 29.64 29.63 29.08 29.83 30.73 31.06 30.12 30.83 29.12 29.92 28.87 29.71 30.31 30.53 31.02 30.39 31.03 29.23 29.28 29.28 29.28 29.28 29.28 29.28 29.28 29.28 29.27 29.27 29.27 29.27 29.27 29.27 29.27 29.27 29.27 29.27 29.27 29.27 29.27 29.27 29.27 29.27 29.27
29.32 29.33 29.36 29.40 29.44 29.50 29.54 29.58 29.61 29.66 29.71 29.78 29.85 31.16 30.85 30.35 30.30 29.42 30.02 29.94 30.42 30.24 29.16 29.24 29.28 29.28 29.27 29.27 29.27 29.27 29.27 29.27 29.27 29.27 29.27 29.27 29.27 29.27 29.27 29.27 29.27 29.26 29.26 29.26 29.26 29.26 29.26 29.26 29.26 29.26
29.30 29.32 29.34 29.37 29.41 29.44 29.47 29.51 29.54 29.59 29.65 29.72 29.81 31.31 30.91 30.65 30.34 29.43 29.90 30.24 30.41 30.19 29.15 29.28 29.27 29.27 29.27 29.27 29.26 29.26 29.26 29.26 29.26 29.26 29.26 29.26 29.26 29.26 29.26 29.26 29.26 29.26 29.26 29.26 29.26 29.26 29.26 29.26 29.26 29.26
29.29 29.30 29.32 29.34 29.37 29.39 29.41 29.43 29.46 29.50 29.54 29.61 29.71 31.24 30.96 30.72 30.28 29.91 29.94 30.15 30.33 29.14 29.28 29.27 29.26 29.26 29.26 29.26 29.26 29.26 29.26 29.26 29.26 29.26 29.26 29.26 29.26 29.26 29.26 29.26 29.26 29.26 29.26 29.26 29.26 29.26 29.26 29.26 29.26 29.26
29.27 29.28 29.30 29.31 29.33 29.34 29.35 29.36 29.38 29.40 29.42 29.45 29.50 29.58 30.87 30.59 29.72 30.00 30.45 30.16 29.09 29.27 29.27 29.26 29.26 29.26 29.26 29.26 29.26 29.26 29.26 29.26 29.26 29.26 29.26 29.26 29.26 29.25 29.25 29.25 29.25 29.26 29.25 29.25 29.25 29.25 29.25 29.26 29.26 29.26
29.26 29.27 29.28 29.29 29.30 29.30 29.31 29.31 29.31 29.32 29.33 29.33 29.34 29.34 29.34 29.33 29.32 29.08 29.28 29.27 29.26 29.26 29.26 29.26 29.25 29.25 29.25 29.25 29.25 29.25 29.25 29.25 29.25 29.25 29.25 29.25 29.25 29.25 29.25 29.25 29.25 29.25 29.25 29.25 29.25 29.25 29.25 29.25 29.25 29.25
29.25 29.26 29.26 29.27 29.27 29.28 29.28 29.28 29.28 29.28 29.29 29.29 29.29 29.29 29.28 29.28 29.27 29.05 29.26 29.26 29.26 29.26 29.26 29.25 29.25 29.25 29.25 29.25 29.25 29.25 29.25 29.25 29.25 29.25 29.25 29.25 29.25 29.25 29.25 29.25 29.25 29.25 29.25 29.25 29.25 29.25 29.25 29.25 29.25 29.25
29.24 29.25 29.25 29.25 29.26 29.26 29.26 29.26 29.26 29.26 29.26 29.26 29.26 29.26 29.26 29.26 29.26 29.26 29.26 29.26 29.25 29.25 29.25 29.25 29.25 29.25 29.25 29.25 29.25 29.25 29.25 29.25 29.25 29.25 29.25 29.25 29.25 29.24 29.25 29.25 29.24 29.24 29.24 29.24 29.24 29.24 29.24 29.25 29.25 29.25
29.23 29.24 29.24 29.24 29.25 29.25 29.25 29.25 29.25 29.25 29.25 29.25 29.25 29.25 29.25 29.26 29.25 29.25 29.25 29.25 29.25 29.25 29.25 29.25 29.25 29.25 29.24 29.24 29.24 29.24 29.24 29.24 29.24 29.24 29.24 29.24 29.24 29.24 29.24 29.24 29.24 29.24 29.24 29.24 29.24 29.24 29.24 29.24 29.24 29.24
29.23 29.24 29.24 29.24 29.24 29.24 29.24 29.24 29.24 29.24 29.24 29.24 29.24 29.25 29.25 29.25 29.25 29.25 29.25 29.25 29.25 29.25 29.24 29.24 29.24 29.24 29.24 29.24 29.24 29.24 29.24 29.24 29.24 29.24 29.24 29.24 29.24 29.24 29.24 29.24 29.24 29.24 29.24 29.24 29.24 29.24 29.24 29.24 29.24 29.24
29.23 29.23 29.23 29.23 29.24 29.23 29.23 29.23 29.23 29.23 29.24 29.24 29.24 29.24 29.24 29.24 29.24 29.24 29.24 29.24 29.24 29.24 29.24 29.24 29.24 29.24 29.24 29.24 29.24 29.24 29.24 29.24 29.24 29.24 29.24 29.24 29.24 29.24 29.24 29.24 29.24 29.24 29.24 29.24 29.24 29.24 29.24 29.24 29.24 29.24
