Raw_GIS_Data/Climate_scenarios_straight/ProcessedData/month_5_minTemp_present.asc
NCOLS 50
NROWS 26
XLLCENTER 512998.000000
YLLCENTER 8407694.000000
CELLSIZE 800.000000
NODATA_value -999.000000
27.06 27.06 27.06 27.05 27.05 27.05 27.04 27.04 27.04 27.03 27.03 27.03 27.02 27.02 27.01 27.01 27.00 27.00 27.00 27.00 27.00 27.00 26.99 26.99 26.99 26.99 26.99 26.99 27.00 27.00 27.00 27.01 27.01 27.02 27.03 27.03 27.03 27.03 27.04 27.04 27.05 27.05 27.05 27.05 27.05 27.05 27.04 27.03 27.03 27.03
27.05 27.05 27.05 27.04 27.04 27.04 27.03 27.03 27.02 27.02 27.02 27.01 27.01 27.00 27.00 26.99 26.99 26.98 26.98 26.98 26.98 26.98 26.97 26.96 26.96 26.96 26.96 26.95 26.95 26.96 26.97 26.98 26.98 26.99 27.00 27.01 27.02 27.02 27.03 27.03 27.04 27.04 27.04 27.05 27.05 27.04 27.03 27.03 27.02 27.02
27.04 27.04 27.04 27.03 27.03 27.03 27.02 27.02 27.01 27.01 27.00 27.00 26.99 26.99 26.98 26.98 26.97 26.96 26.96 26.96 26.96 26.95 26.94 26.93 26.92 26.92 26.91 26.90 26.91 26.90 26.90 26.93 26.95 26.95 26.95 26.97 26.99 27.00 27.00 27.01 27.01 27.01 27.02 27.04 27.04 27.04 27.03 27.02 27.02 27.02
27.03 27.03 27.02 27.02 27.02 27.01 27.01 27.00 27.00 26.99 26.99 26.98 26.98 26.97 26.97 26.96 26.95 26.94 26.94 26.93 26.93 26.92 26.92 26.91 26.90 26.87 26.86 25.62 25.00 26.83 26.84 26.82 26.87 26.90 26.91 26.91 26.94 26.96 26.96 26.97 26.97 26.97 25.83 25.93 26.99 27.03 27.03 27.02 27.02 27.02
27.01 27.01 27.01 27.01 27.00 27.00 26.99 26.98 26.98 26.97 26.97 26.96 26.95 26.95 26.95 26.94 26.93 26.92 26.91 26.90 26.89 26.88 26.88 26.88 26.86 25.72 25.24 24.85 24.38 25.03 23.92 26.56 24.86 25.00 23.93 26.67 25.30 26.92 26.92 26.92 26.93 25.65 25.36 25.34 26.96 27.02 27.02 27.02 27.02 27.02
27.00 26.99 26.99 26.99 26.98 26.98 26.97 26.96 26.95 26.95 26.94 26.93 26.93 26.93 26.92 26.91 26.90 26.89 26.88 26.86 26.85 26.84 26.82 26.82 25.57 24.46 23.87 23.25 23.29 23.29 23.05 22.95 24.70 23.74 24.96 24.13 24.08 24.40 24.51 24.51 24.65 25.40 24.58 24.65 26.58 27.01 27.02 27.02 27.02 27.02
26.98 26.97 26.96 26.96 26.95 26.95 26.94 26.93 26.92 26.92 26.91 26.90 26.90 26.89 26.88 26.88 26.87 26.86 26.85 26.84 26.82 26.79 26.76 25.58 24.20 24.11 23.57 23.22 26.43 24.24 24.56 24.33 24.48 23.79 23.86 23.43 24.38 24.96 24.90 24.00 24.75 25.17 24.81 25.23 26.92 27.01 27.02 27.02 27.02 27.02
26.96 26.95 26.94 26.93 26.92 26.91 26.90 26.89 26.89 26.88 26.87 26.86 26.85 26.85 26.84 26.83 26.83 26.83 26.82 26.82 26.79 26.76 25.41 24.63 24.12 24.97 26.81 26.83 26.84 26.82 25.10 24.03 23.00 23.82 23.57 25.99 26.88 26.93 25.81 25.76 24.52 26.86 26.74 27.01 27.01 27.02 27.02 27.02 27.02 27.02
26.94 26.93 26.91 26.90 26.89 26.87 26.86 26.85 26.84 26.83 26.82 26.80 26.79 26.79 26.78 26.77 26.76 26.78 26.79 26.79 26.81 26.77 25.29 23.75 24.73 24.42 24.39 24.50 26.90 26.91 25.60 24.31 25.45 24.47 26.90 26.87 26.97 27.00 27.01 26.09 27.01 27.02 27.02 27.02 26.34 26.32 26.75 27.02 27.02 27.02
26.93 26.91 26.89 26.87 26.85 26.84 26.82 26.81 26.79 26.79 26.78 26.77 26.75 26.74 26.73 26.72 26.69 26.69 26.74 24.94 24.92 23.62 25.06 24.54 23.68 22.79 24.03 24.55 26.55 26.95 26.97 26.65 26.80 26.96 26.97 26.99 27.00 27.01 27.02 27.03 27.03 27.03 27.03 27.03 27.03 27.01 26.50 27.02 27.02 27.02
26.91 26.89 26.87 26.84 26.81 26.80 26.78 26.76 26.75 26.76 25.39 24.60 24.45 24.35 24.61 24.60 23.87 24.61 24.58 23.89 24.12 23.44 24.07 22.79 23.18 22.06 23.27 24.21 26.22 26.95 26.98 26.99 26.99 26.99 27.00 27.01 27.02 27.02 27.02 27.03 27.03 27.03 27.03 27.03 27.03 27.03 27.02 27.02 27.02 27.02
26.90 26.88 26.85 26.81 26.78 26.76 26.75 26.72 25.42 25.34 24.50 23.89 23.12 23.66 23.73 23.34 22.86 23.72 24.20 23.26 23.08 23.71 22.98 23.04 24.43 23.52 25.28 26.79 26.95 26.97 26.98 26.99 27.00 27.00 27.01 27.02 27.02 27.03 27.03 27.03 27.03 27.03 27.03 27.03 27.03 27.03 27.03 27.03 27.03 27.02
26.90 26.88 26.84 26.81 26.77 26.74 26.72 25.40 24.94 23.93 24.39 23.62 23.15 23.02 23.11 22.59 22.88 22.93 23.54 22.95 24.20 24.35 23.98 24.40 25.34 25.69 26.80 26.94 26.97 26.98 26.99 27.00 27.00 27.01 27.01 27.02 27.02 27.03 27.03 27.03 27.03 27.03 27.03 27.03 27.03 27.03 27.03 27.03 27.03 27.02
26.91 26.88 26.85 26.82 26.78 26.74 25.47 24.98 24.03 23.49 23.10 23.19 23.16 22.97 23.27 22.70 22.40 22.92 23.70 23.13 24.70 24.03 24.90 26.85 26.94 26.89 26.95 26.97 26.98 26.99 26.99 27.00 27.01 27.01 27.02 27.02 27.03 27.03 27.03 27.03 27.03 27.03 27.03 27.03 27.04 27.03 27.03 27.03 27.03 27.02
26.91 26.89 26.87 26.84 26.81 26.74 24.89 24.91 24.12 23.83 24.34 23.92 24.31 23.64 23.90 23.44 23.15 23.41 23.98 24.36 24.97 26.65 25.07 26.83 26.94 26.96 26.97 26.98 26.98 26.99 26.99 27.00 27.01 27.01 27.02 27.02 27.02 27.03 27.03 27.03 27.03 27.03 27.03 27.03 27.04 27.03 27.03 27.03 27.02 27.02
26.92 26.90 26.89 26.87 26.84 26.82 26.79 26.76 26.66 25.95 26.60 24.69 24.99 24.43 24.94 24.05 24.54 23.98 24.41 24.79 25.11 26.73 25.20 26.97 26.90 26.96 26.98 26.98 26.98 26.99 26.99 27.00 27.01 27.02 27.02 27.02 27.02 27.02 27.03 27.03 27.03 27.03 27.03 27.03 27.03 27.03 27.03 27.02 27.02 27.01
26.93 26.92 26.90 26.89 26.87 26.85 26.83 26.80 26.77 26.74 26.70 26.66 26.63 25.04 24.96 24.75 24.86 24.37 24.68 24.49 25.20 25.18 26.77 26.89 26.96 26.98 26.99 26.99 26.98 26.99 26.99 27.00 27.01 27.02 27.02 27.02 27.02 27.02 27.03 27.03 27.03 27.03 27.03 27.03 27.03 27.03 27.03 27.03 27.02 27.02
26.94 26.93 26.92 26.90 26.89 26.88 26.86 26.84 26.82 26.79 26.76 26.71 26.66 25.28 25.06 24.94 24.92 24.41 24.65 24.93 25.25 25.27 26.80 26.96 26.97 26.98 26.99 26.99 26.99 26.99 26.99 27.00 27.00 27.01 27.02 27.02 27.02 27.03 27.03 27.03 27.03 27.03 27.03 27.04 27.04 27.04 27.03 27.03 27.02 27.02
26.95 26.94 26.93 26.92 26.90 26.89 26.88 26.87 26.85 26.83 26.80 26.76 26.71 25.58 25.35 25.21 24.99 24.77 24.78 25.06 25.41 26.78 26.96 26.97 26.98 26.98 26.99 26.99 26.99 27.00 27.00 27.00 27.01 27.01 27.01 27.01 27.02 27.02 27.02 27.03 27.03 27.03 27.03 27.04 27.04 27.04 27.03 27.03 27.02 27.02
26.96 26.95 26.94 26.93 26.93 26.92 26.91 26.89 26.88 26.87 26.85 26.83 26.81 26.79 25.69 25.49 24.84 24.98 25.26 25.30 26.74 26.95 26.97 26.97 26.98 26.99 27.00 27.00 27.00 27.00 27.00 27.00 27.01 27.01 27.01 27.01 27.02 27.02 27.02 27.02 27.02 27.03 27.03 27.03 27.03 27.03 27.03 27.02 27.02 27.02
26.97 26.96 26.96 26.95 26.95 26.94 26.93 26.91 26.90 26.90 26.89 26.89 26.88 26.87 26.88 26.89 26.90 26.67 26.90 26.94 26.96 26.97 26.98 26.98 26.99 26.99 27.00 27.00 27.00 27.01 27.01 27.01 27.01 27.01 27.01 27.01 27.02 27.02 27.02 27.02 27.02 27.02 27.03 27.03 27.03 27.03 27.03 27.02 27.02 27.02
26.97 26.97 26.97 26.97 26.96 26.95 26.94 26.93 26.92 26.92 26.92 26.92 26.92 26.92 26.93 26.93 26.94 26.72 26.95 26.96 26.98 26.99 26.99 26.99 27.00 27.00 27.00 27.00 27.00 27.01 27.01 27.01 27.01 27.01 27.01 27.01 27.01 27.01 27.01 27.01 27.02 27.02 27.02 27.02 27.03 27.03 27.03 27.02 27.02 27.02
26.98 26.98 26.97 26.97 26.97 26.96 26.95 26.94 26.94 26.94 26.94 26.94 26.95 26.95 26.96 26.96 26.97 26.97 26.98 26.98 26.99 26.99 26.99 27.00 27.00 27.00 27.00 27.00 27.00 27.00 27.01 27.01 27.01 27.00 27.01 27.00 27.01 27.01 27.01 27.01 27.02 27.02 27.02 27.02 27.02 27.02 27.02 27.02 27.02 27.02
26.99 26.98 26.98 26.97 26.97 26.97 26.96 26.96 26.95 26.96 26.96 26.96 26.97 26.97 26.98 26.98 26.98 26.99 26.99 26.99 26.99 26.99 26.99 26.99 27.00 27.00 27.00 27.00 27.00 27.00 27.00 27.00 27.00 27.00 27.00 27.00 27.00 27.00 27.00 27.01 27.01 27.01 27.01 27.01 27.01 27.02 27.02 27.02 27.02 27.02
26.99 26.98 26.98 26.98 26.98 26.98 26.97 26.97 26.96 26.97 26.97 26.98 26.98 26.98 26.99 26.99 26.99 27.00 27.00 27.00 27.00 27.00 26.99 26.99 27.00 27.00 27.00 27.00 27.00 27.00 27.00 27.00 27.00 27.00 27.00 27.00 27.00 26.99 26.99 27.00 27.01 27.01 27.01 27.01 27.01 27.02 27.02 27.02 27.02 27.02
26.99 26.99 26.99 26.98 26.98 26.98 26.98 26.98 26.98 26.98 26.98 26.98 26.98 26.98 26.99 27.00 27.00 27.00 27.01 27.01 27.01 27.01 27.00 27.00 26.99 27.00 27.00 27.00 27.00 27.00 27.00 27.00 27.00 27.00 27.00 26.99 26.99 26.99 26.99 26.99 27.00 27.00 27.00 27.00 27.01 27.01 27.02 27.02 27.02 27.02
