Raw_GIS_Data/Climate_scenarios_straight/ProcessedData/month_7_rainfall_rcp85.asc
NCOLS 50
NROWS 26
XLLCENTER 512998.000000
YLLCENTER 8407694.000000
CELLSIZE 800.000000
NODATA_value -999.000000
 3.51  3.49  3.45  3.45  3.49  3.53  3.54  3.52  3.50  3.50  3.52  3.55  3.57  3.57  3.54  3.53  3.54  3.62  3.72  3.75  3.74  3.74  3.78  3.88  3.97  4.06  4.19  4.33  4.44  4.54  4.64  4.75  4.83  4.83  4.82  4.83  4.87  4.94  5.06  5.15  5.16  5.14  5.11  5.05  4.95  4.86  4.85  4.90  4.99  5.10
 3.53  3.50  3.44  3.43  3.47  3.52  3.55  3.55  3.55  3.56  3.57  3.58  3.57  3.55  3.55  3.58  3.63  3.74  3.85  3.90  3.91  3.95  4.01  4.10  4.19  4.30  4.44  4.59  4.71  4.81  4.91  5.00  5.05  5.02  4.98  4.98  4.99  5.03  5.12  5.20  5.22  5.23  5.21  5.15  5.03  4.93  4.88  4.88  4.93  5.00
 3.52  3.47  3.43  3.41  3.42  3.46  3.48  3.50  3.50  3.49  3.51  3.54  3.54  3.55  3.62  3.70  3.79  3.92  4.06  4.16  4.25  4.33  4.40  4.47  4.58  4.73  4.89  5.03  5.15  5.22  5.28  5.29  5.29  5.23  5.19  5.18  5.19  5.19  5.22  5.25  5.28  5.29  5.23  5.13  5.04  4.97  4.94  4.92  4.93  4.96
 3.43  3.38  3.35  3.34  3.33  3.32  3.34  3.36  3.37  3.36  3.39  3.44  3.49  3.55  3.67  3.81  3.96  4.12  4.29  4.48  4.68  4.84  4.94  5.04  5.19  5.38  5.57  5.71  5.76  5.78  5.84  5.71  5.62  5.54  5.51  5.44  5.44  5.42  5.37  5.34  5.35  5.34  5.23  5.07  4.98  4.96  4.99  5.00  4.99  4.98
 3.32  3.28  3.26  3.25  3.23  3.19  3.19  3.23  3.28  3.32  3.36  3.42  3.48  3.57  3.71  3.91  4.10  4.28  4.50  4.78  5.08  5.34  5.55  5.74  5.96  6.24  6.50  6.63  6.61  6.68  6.79  6.49  6.17  6.07  5.94  5.80  5.78  5.72  5.63  5.55  5.48  5.42  5.31  5.09  4.94  4.94  5.02  5.05  5.02  4.99
 3.23  3.21  3.19  3.18  3.17  3.13  3.13  3.19  3.28  3.39  3.46  3.53  3.60  3.68  3.83  4.03  4.24  4.45  4.75  5.12  5.50  5.84  6.16  6.47  6.80  7.09  7.33  7.33  7.20  7.40  7.63  7.33  6.83  6.57  6.27  6.19  6.02  5.88  5.90  5.87  5.69  5.56  5.45  5.18  4.98  4.98  5.04  5.05  5.02  4.98
 3.20  3.17  3.16  3.15  3.17  3.17  3.17  3.22  3.33  3.48  3.59  3.67  3.76  3.87  4.03  4.23  4.44  4.69  5.04  5.49  5.94  6.33  6.67  7.00  7.16  7.15  7.18  7.08  6.94  7.22  7.55  7.59  7.22  6.77  6.39  6.13  5.76  5.65  5.80  5.90  5.70  5.51  5.38  5.17  5.07  5.07  5.08  5.05  5.00  4.97
 3.26  3.19  3.16  3.16  3.20  3.24  3.28  3.32  3.43  3.59  3.74  3.86  3.99  4.14  4.32  4.53  4.76  5.03  5.40  5.89  6.41  6.83  7.21  7.43  7.19  6.89  6.67  6.59  6.61  6.84  7.11  7.26  6.98  6.37  5.98  5.65  5.43  5.40  5.45  5.50  5.41  5.23  5.16  5.12  5.14  5.14  5.12  5.05  5.00  4.97
 3.43  3.32  3.25  3.24  3.28  3.38  3.47  3.54  3.65  3.83  4.03  4.21  4.39  4.59  4.80  5.03  5.29  5.57  5.92  6.44  7.06  7.59  7.99  8.22  7.87  7.28  6.64  6.35  6.21  6.23  6.32  6.26  5.93  5.72  5.49  5.40  5.36  5.31  5.30  5.22  5.04  4.95  4.99  5.07  5.15  5.19  5.16  5.06  5.01  4.97
 3.72  3.62  3.53  3.50  3.53  3.64  3.78  3.93  4.12  4.36  4.64  4.91  5.15  5.38  5.61  5.88  6.17  6.39  6.71  7.24  7.94  8.46  8.72  9.20  9.13  8.20  6.65  6.11  5.86  5.73  5.66  5.57  5.45  5.42  5.38  5.37  5.33  5.28  5.20  5.05  4.88  4.82  4.88  4.98  5.08  5.14  5.12  5.03  4.98  4.96
 4.04  4.04  4.02  4.00  4.01  4.10  4.28  4.54  4.86  5.26  5.77  6.23  6.51  6.72  7.00  7.32  7.48  7.47  7.70  8.13  8.47  8.78  9.03  9.23  9.15  8.44  6.53  5.83  5.58  5.47  5.42  5.35  5.32  5.31  5.29  5.27  5.25  5.18  5.07  4.92  4.79  4.74  4.77  4.83  4.91  4.97  5.00  4.98  4.95  4.96
 4.39  4.49  4.58  4.63  4.67  4.79  5.03  5.42  5.92  6.52  7.18  7.84  8.26  8.56  9.01  9.27  8.98  8.63  8.60  8.62  8.27  8.17  8.11  7.61  7.01  6.71  5.92  5.45  5.31  5.32  5.33  5.32  5.30  5.22  5.12  5.06  5.04  4.99  4.88  4.76  4.65  4.60  4.61  4.64  4.72  4.82  4.89  4.92  4.92  4.93
 4.84  4.99  5.17  5.33  5.44  5.61  5.92  6.44  7.13  7.73  8.28  8.97  9.62 10.20 10.76 10.99 10.28  9.36  8.91  8.49  7.52  7.14  6.84  6.30  5.86  5.72  5.46  5.28  5.21  5.21  5.24  5.31  5.31  5.17  5.00  4.87  4.81  4.77  4.71  4.62  4.52  4.47  4.48  4.53  4.63  4.74  4.82  4.85  4.85  4.86
 5.28  5.43  5.63  5.84  6.00  6.18  6.50  7.00  7.66  8.18  8.62  9.12  9.74 10.46 11.02 11.31 10.48  9.14  8.37  7.86  6.88  6.50  6.08  5.72  5.48  5.36  5.29  5.24  5.20  5.18  5.19  5.28  5.31  5.19  5.00  4.84  4.71  4.65  4.62  4.58  4.50  4.46  4.48  4.55  4.63  4.74  4.81  4.84  4.83  4.81
 5.43  5.53  5.64  5.80  5.95  6.12  6.37  6.74  7.25  7.61  7.92  8.35  8.82  9.38  9.71  9.80  9.27  8.34  7.46  6.85  6.28  5.99  5.76  5.56  5.36  5.27  5.25  5.21  5.18  5.18  5.21  5.32  5.38  5.29  5.11  4.93  4.79  4.71  4.66  4.61  4.58  4.56  4.59  4.64  4.68  4.72  4.79  4.82  4.80  4.76
 5.24  5.31  5.40  5.53  5.69  5.84  6.02  6.28  6.64  6.99  7.28  7.61  7.88  8.14  8.28  8.33  8.05  7.61  6.92  6.35  5.94  5.70  5.58  5.43  5.28  5.21  5.20  5.17  5.15  5.17  5.25  5.39  5.47  5.39  5.22  5.08  4.99  4.91  4.82  4.71  4.65  4.62  4.63  4.68  4.71  4.72  4.75  4.76  4.73  4.67
 5.08  5.19  5.31  5.46  5.65  5.83  5.94  6.05  6.27  6.56  6.83  7.05  7.18  7.28  7.36  7.41  7.30  7.06  6.57  6.13  5.77  5.55  5.44  5.34  5.22  5.13  5.10  5.09  5.10  5.15  5.22  5.35  5.45  5.41  5.28  5.19  5.14  5.07  4.94  4.80  4.71  4.65  4.63  4.68  4.74  4.74  4.74  4.74  4.70  4.65
 5.16  5.29  5.40  5.50  5.64  5.80  5.91  5.98  6.13  6.31  6.45  6.53  6.57  6.67  6.77  6.78  6.71  6.57  6.25  5.93  5.65  5.46  5.34  5.25  5.16  5.06  4.99  4.98  5.03  5.08  5.13  5.21  5.31  5.32  5.25  5.21  5.17  5.10  4.99  4.89  4.81  4.72  4.65  4.66  4.72  4.75  4.74  4.72  4.70  4.68
 5.33  5.43  5.47  5.47  5.50  5.63  5.79  5.92  6.04  6.12  6.10  6.03  6.04  6.16  6.27  6.26  6.19  6.07  5.90  5.77  5.60  5.40  5.27  5.20  5.10  4.98  4.90  4.90  4.97  5.03  5.05  5.09  5.15  5.17  5.16  5.14  5.12  5.05  4.95  4.88  4.83  4.73  4.64  4.62  4.66  4.69  4.68  4.67  4.67  4.70
 5.41  5.48  5.48  5.42  5.40  5.49  5.66  5.82  5.91  5.93  5.83  5.68  5.65  5.72  5.78  5.77  5.72  5.60  5.57  5.64  5.61  5.43  5.27  5.18  5.09  4.96  4.88  4.90  4.98  5.03  5.02  5.01  5.02  5.06  5.11  5.12  5.08  5.00  4.88  4.80  4.73  4.65  4.61  4.61  4.64  4.66  4.67  4.67  4.69  4.72
 5.39  5.44  5.47  5.46  5.43  5.47  5.57  5.69  5.75  5.73  5.61  5.48  5.43  5.42  5.39  5.32  5.27  5.25  5.32  5.53  5.63  5.51  5.32  5.17  5.08  4.98  4.92  4.93  4.98  4.99  4.96  4.94  4.95  5.00  5.08  5.10  5.06  5.00  4.90  4.79  4.69  4.62  4.60  4.59  4.62  4.66  4.72  4.75  4.76  4.76
 5.35  5.42  5.48  5.49  5.48  5.49  5.49  5.53  5.55  5.51  5.42  5.37  5.34  5.28  5.18  5.10  5.09  5.11  5.20  5.44  5.58  5.50  5.33  5.16  5.05  4.98  4.93  4.91  4.90  4.88  4.85  4.82  4.82  4.87  4.95  5.00  5.00  5.00  4.95  4.84  4.73  4.64  4.57  4.55  4.58  4.64  4.72  4.78  4.81  4.81
 5.32  5.39  5.45  5.47  5.46  5.42  5.38  5.36  5.36  5.36  5.32  5.27  5.23  5.17  5.09  5.03  5.04  5.08  5.16  5.33  5.41  5.35  5.24  5.11  5.01  4.94  4.87  4.81  4.78  4.76  4.74  4.71  4.71  4.76  4.83  4.89  4.91  4.93  4.91  4.83  4.74  4.64  4.57  4.56  4.60  4.68  4.76  4.80  4.81  4.82
 5.29  5.35  5.41  5.39  5.33  5.27  5.22  5.20  5.21  5.23  5.21  5.14  5.10  5.08  5.06  5.03  5.02  5.06  5.13  5.21  5.21  5.15  5.08  4.99  4.93  4.89  4.83  4.76  4.74  4.74  4.72  4.70  4.71  4.76  4.81  4.83  4.83  4.82  4.81  4.76  4.71  4.67  4.65  4.67  4.71  4.78  4.83  4.82  4.79  4.80
 5.30  5.33  5.37  5.31  5.21  5.15  5.11  5.09  5.11  5.15  5.13  5.07  5.05  5.08  5.08  5.02  4.99  5.02  5.09  5.13  5.10  5.07  5.02  4.94  4.92  4.91  4.84  4.76  4.74  4.77  4.78  4.78  4.79  4.83  4.85  4.84  4.81  4.78  4.75  4.72  4.70  4.70  4.72  4.77  4.81  4.85  4.85  4.82  4.81  4.83
 5.30  5.30  5.30  5.25  5.17  5.10  5.04  5.03  5.08  5.13  5.13  5.10  5.10  5.16  5.15  5.07  5.04  5.07  5.14  5.16  5.13  5.13  5.09  5.01  4.96  4.93  4.84  4.73  4.70  4.73  4.77  4.81  4.86  4.91  4.93  4.90  4.85  4.81  4.77  4.74  4.73  4.71  4.72  4.76  4.81  4.83  4.83  4.85  4.89  4.93
