Raw_GIS_Data/Climate_scenarios_straight/ProcessedData/month_3_rainfall_rcp45.asc
NCOLS 50
NROWS 26
XLLCENTER 512998.000000
YLLCENTER 8407694.000000
CELLSIZE 800.000000
NODATA_value -999.000000
 4.07  4.07  4.11  4.17  4.25  4.31  4.36  4.46  4.54  4.49  4.41  4.36  4.34  4.33  4.35  4.38  4.38  4.36  4.38  4.42  4.47  4.59  4.77  4.87  4.87  4.90  4.98  5.23  5.54  5.74  5.90  5.97  5.83  5.67  5.61  5.55  5.49  5.49  5.53  5.56  5.48  5.30  5.20  5.21  5.15  5.00  4.85  4.77  4.76  4.80
 4.20  4.15  4.14  4.16  4.24  4.33  4.36  4.39  4.42  4.38  4.34  4.36  4.38  4.41  4.45  4.51  4.50  4.46  4.45  4.47  4.51  4.62  4.76  4.83  4.86  4.92  5.05  5.34  5.61  5.74  5.89  5.97  5.85  5.71  5.65  5.57  5.51  5.49  5.49  5.49  5.45  5.35  5.26  5.21  5.13  4.98  4.80  4.68  4.67  4.73
 4.37  4.29  4.22  4.18  4.23  4.31  4.34  4.32  4.29  4.27  4.31  4.41  4.50  4.55  4.59  4.65  4.67  4.65  4.61  4.57  4.59  4.72  4.85  4.92  4.94  5.00  5.18  5.48  5.64  5.69  5.83  5.94  5.88  5.75  5.65  5.58  5.51  5.44  5.40  5.45  5.52  5.50  5.39  5.23  5.08  4.93  4.73  4.56  4.54  4.62
 4.51  4.42  4.29  4.19  4.16  4.22  4.28  4.28  4.24  4.25  4.35  4.49  4.60  4.66  4.71  4.77  4.83  4.85  4.84  4.81  4.84  4.96  5.09  5.17  5.18  5.21  5.40  5.63  5.68  5.72  5.92  6.00  5.98  5.86  5.74  5.63  5.52  5.34  5.27  5.38  5.56  5.65  5.55  5.33  5.11  4.93  4.70  4.49  4.43  4.53
 4.59  4.50  4.32  4.17  4.11  4.16  4.25  4.29  4.27  4.29  4.39  4.52  4.63  4.70  4.78  4.87  4.95  5.01  5.08  5.18  5.31  5.46  5.61  5.73  5.76  5.80  5.97  6.09  6.07  6.13  6.35  6.25  6.04  5.98  5.96  5.79  5.60  5.37  5.24  5.31  5.52  5.70  5.68  5.48  5.23  5.00  4.77  4.52  4.38  4.46
 4.62  4.55  4.36  4.19  4.10  4.12  4.24  4.35  4.36  4.37  4.44  4.55  4.67  4.77  4.86  4.97  5.10  5.22  5.38  5.62  5.89  6.13  6.31  6.45  6.54  6.63  6.75  6.73  6.62  6.72  6.86  6.61  6.16  6.08  6.02  5.99  5.87  5.62  5.40  5.37  5.48  5.63  5.71  5.55  5.28  5.09  4.90  4.62  4.41  4.44
 4.65  4.62  4.46  4.27  4.13  4.12  4.24  4.39  4.43  4.46  4.55  4.67  4.80  4.92  5.02  5.15  5.34  5.54  5.71  5.92  6.17  6.40  6.51  6.57  6.61  6.59  6.60  6.51  6.39  6.49  6.58  6.57  6.39  6.25  6.12  6.10  5.90  5.62  5.43  5.44  5.48  5.54  5.57  5.38  5.15  5.03  4.93  4.72  4.51  4.47
 4.71  4.72  4.61  4.42  4.25  4.21  4.30  4.43  4.50  4.56  4.76  4.97  5.10  5.18  5.26  5.41  5.63  5.83  5.90  5.92  6.00  6.07  6.11  6.16  6.12  5.96  5.86  5.90  5.96  6.03  6.22  6.55  6.58  6.23  5.94  5.75  5.56  5.36  5.21  5.26  5.39  5.42  5.33  5.10  4.91  4.87  4.83  4.70  4.55  4.48
 4.80  4.82  4.79  4.66  4.51  4.44  4.48  4.60  4.69  4.79  5.04  5.36  5.53  5.54  5.58  5.74  5.92  6.01  6.00  5.96  5.97  5.95  5.98  6.18  6.17  6.02  5.85  5.81  5.76  5.70  5.81  5.98  5.82  5.58  5.34  5.23  5.17  5.05  4.97  5.03  5.16  5.22  5.12  4.89  4.74  4.73  4.70  4.61  4.52  4.46
 5.01  5.02  4.99  4.90  4.80  4.72  4.74  4.87  5.02  5.15  5.36  5.67  5.87  5.88  5.88  6.03  6.18  6.19  6.22  6.31  6.46  6.54  6.46  6.73  6.95  6.83  6.24  5.86  5.56  5.38  5.33  5.25  5.06  4.94  4.87  4.89  4.85  4.77  4.74  4.83  4.97  5.06  4.99  4.79  4.66  4.64  4.61  4.52  4.45  4.43
 5.38  5.42  5.36  5.23  5.09  5.03  5.10  5.26  5.45  5.61  5.79  6.08  6.33  6.34  6.29  6.46  6.62  6.57  6.68  6.92  7.05  7.21  7.26  7.47  7.64  7.65  6.62  5.88  5.41  5.19  5.09  4.95  4.79  4.70  4.69  4.69  4.65  4.61  4.61  4.71  4.83  4.90  4.87  4.76  4.65  4.58  4.51  4.42  4.35  4.36
 5.94  6.05  6.04  5.94  5.75  5.61  5.64  5.76  5.94  6.14  6.38  6.73  7.06  7.10  7.12  7.34  7.46  7.31  7.31  7.45  7.36  7.41  7.53  7.35  6.96  6.79  6.16  5.57  5.19  5.04  4.97  4.89  4.78  4.70  4.66  4.62  4.57  4.56  4.60  4.67  4.72  4.73  4.73  4.73  4.69  4.60  4.48  4.37  4.27  4.24
 6.57  6.76  6.86  6.88  6.76  6.53  6.36  6.37  6.61  6.90  7.13  7.52  7.91  8.09  8.25  8.56  8.61  8.33  8.04  7.80  7.26  7.05  6.99  6.65  6.15  5.86  5.49  5.18  4.99  4.92  4.87  4.82  4.76  4.71  4.68  4.65  4.60  4.58  4.61  4.65  4.65  4.60  4.58  4.60  4.63  4.62  4.55  4.43  4.29  4.21
 7.08  7.22  7.31  7.38  7.37  7.17  6.91  6.88  7.21  7.59  7.85  8.18  8.54  8.81  9.09  9.67  9.79  9.11  8.37  7.85  7.03  6.61  6.28  5.98  5.70  5.48  5.22  4.99  4.89  4.87  4.82  4.73  4.65  4.62  4.66  4.69  4.64  4.57  4.56  4.59  4.59  4.54  4.46  4.41  4.46  4.54  4.58  4.55  4.45  4.34
 7.12  7.08  7.07  7.13  7.18  7.08  6.93  6.98  7.31  7.56  7.67  7.94  8.34  8.79  9.14  9.64  9.69  8.95  7.96  7.20  6.51  6.11  5.80  5.58  5.44  5.34  5.16  4.94  4.84  4.84  4.77  4.63  4.52  4.52  4.58  4.63  4.59  4.49  4.44  4.46  4.52  4.53  4.45  4.35  4.35  4.44  4.54  4.59  4.57  4.47
 6.77  6.62  6.58  6.63  6.65  6.60  6.58  6.67  6.88  7.05  7.16  7.41  7.73  8.09  8.32  8.52  8.46  8.08  7.27  6.50  5.98  5.71  5.56  5.44  5.37  5.31  5.16  4.93  4.79  4.76  4.70  4.58  4.49  4.48  4.49  4.50  4.46  4.37  4.29  4.31  4.43  4.54  4.51  4.42  4.39  4.46  4.55  4.60  4.59  4.52
 6.62  6.56  6.54  6.50  6.41  6.30  6.26  6.32  6.43  6.57  6.72  6.88  7.04  7.21  7.34  7.40  7.35  7.22  6.72  6.12  5.67  5.47  5.40  5.36  5.33  5.28  5.13  4.90  4.72  4.66  4.64  4.59  4.55  4.53  4.49  4.44  4.39  4.30  4.23  4.25  4.38  4.52  4.56  4.52  4.48  4.52  4.58  4.59  4.58  4.55
 6.78  6.82  6.77  6.65  6.45  6.24  6.12  6.12  6.17  6.26  6.33  6.37  6.42  6.56  6.72  6.75  6.69  6.57  6.27  5.87  5.52  5.29  5.16  5.12  5.14  5.13  5.00  4.78  4.65  4.64  4.63  4.59  4.57  4.57  4.53  4.45  4.37  4.30  4.28  4.30  4.36  4.46  4.52  4.51  4.49  4.53  4.58  4.59  4.59  4.59
 6.93  6.94  6.88  6.73  6.48  6.19  6.02  6.00  6.08  6.16  6.15  6.06  6.04  6.16  6.28  6.27  6.17  6.05  5.92  5.71  5.40  5.11  4.90  4.84  4.89  4.93  4.82  4.64  4.57  4.60  4.60  4.55  4.52  4.53  4.53  4.46  4.36  4.32  4.35  4.37  4.36  4.36  4.41  4.40  4.40  4.47  4.54  4.59  4.65  4.69
 6.94  6.87  6.75  6.57  6.26  5.99  5.90  5.90  5.99  6.09  6.02  5.87  5.80  5.82  5.84  5.82  5.75  5.66  5.63  5.56  5.30  4.98  4.78  4.72  4.77  4.81  4.72  4.54  4.43  4.43  4.46  4.42  4.40  4.45  4.49  4.43  4.33  4.30  4.34  4.36  4.34  4.29  4.29  4.29  4.32  4.40  4.49  4.57  4.67  4.77
 6.86  6.66  6.43  6.14  5.85  5.70  5.69  5.72  5.82  5.86  5.76  5.60  5.51  5.45  5.41  5.42  5.44  5.40  5.36  5.35  5.18  4.96  4.82  4.76  4.75  4.75  4.70  4.55  4.37  4.27  4.28  4.26  4.25  4.33  4.41  4.39  4.30  4.25  4.26  4.28  4.28  4.25  4.22  4.21  4.25  4.35  4.43  4.51  4.62  4.72
 6.64  6.36  6.05  5.72  5.48  5.44  5.52  5.60  5.63  5.55  5.39  5.26  5.15  5.07  5.11  5.22  5.28  5.23  5.17  5.15  5.05  4.94  4.90  4.85  4.81  4.77  4.72  4.59  4.41  4.29  4.26  4.24  4.21  4.26  4.35  4.36  4.30  4.21  4.21  4.23  4.24  4.25  4.22  4.19  4.23  4.33  4.40  4.46  4.55  4.61
 6.29  6.02  5.73  5.48  5.35  5.38  5.48  5.55  5.49  5.31  5.13  4.98  4.85  4.85  5.02  5.17  5.18  5.09  5.02  4.98  4.90  4.84  4.85  4.84  4.84  4.84  4.77  4.62  4.47  4.40  4.36  4.33  4.34  4.39  4.44  4.43  4.36  4.27  4.23  4.25  4.28  4.31  4.28  4.23  4.27  4.37  4.42  4.45  4.50  4.52
 5.88  5.71  5.56  5.50  5.50  5.48  5.49  5.50  5.42  5.25  5.04  4.84  4.72  4.81  5.03  5.15  5.10  4.98  4.87  4.83  4.78  4.72  4.71  4.70  4.73  4.78  4.75  4.64  4.55  4.50  4.44  4.41  4.46  4.55  4.62  4.61  4.53  4.42  4.34  4.34  4.37  4.40  4.36  4.31  4.35  4.45  4.50  4.48  4.48  4.46
 5.59  5.58  5.61  5.69  5.71  5.62  5.50  5.42  5.37  5.25  4.99  4.73  4.67  4.83  5.04  5.14  5.04  4.88  4.75  4.69  4.67  4.62  4.58  4.55  4.54  4.57  4.62  4.61  4.58  4.53  4.46  4.44  4.51  4.61  4.69  4.70  4.61  4.50  4.43  4.42  4.46  4.47  4.43  4.39  4.42  4.54  4.60  4.57  4.53  4.49
 5.53  5.66  5.77  5.84  5.83  5.72  5.53  5.37  5.32  5.19  4.90  4.65  4.63  4.78  4.95  5.04  4.97  4.80  4.69  4.61  4.59  4.54  4.45  4.40  4.37  4.39  4.44  4.48  4.49  4.49  4.47  4.46  4.51  4.57  4.64  4.66  4.59  4.47  4.42  4.44  4.48  4.49  4.46  4.40  4.41  4.52  4.63  4.64  4.59  4.55
