Raw_GIS_Data/Climate_scenarios_straight/ProcessedData/month_3_rainfall_rcp85.asc
NCOLS 50
NROWS 26
XLLCENTER 512998.000000
YLLCENTER 8407694.000000
CELLSIZE 800.000000
NODATA_value -999.000000
 5.02  4.96  4.94  4.86  4.70  4.65  4.75  4.86  4.85  4.73  4.62  4.60  4.64  4.63  4.54  4.43  4.34  4.30  4.31  4.34  4.40  4.57  4.71  4.73  4.69  4.69  4.75  4.81  4.82  4.82  4.96  5.23  5.39  5.35  5.21  5.12  5.10  5.10  5.07  5.03  5.06  5.17  5.32  5.50  5.69  5.88  6.00  6.06  6.10  6.10
 5.10  5.02  4.96  4.86  4.72  4.67  4.73  4.81  4.84  4.78  4.69  4.69  4.74  4.75  4.66  4.53  4.44  4.42  4.42  4.43  4.49  4.62  4.72  4.74  4.74  4.75  4.80  4.84  4.84  4.87  5.03  5.25  5.37  5.33  5.21  5.11  5.07  5.03  4.99  5.01  5.13  5.30  5.48  5.66  5.85  6.03  6.13  6.13  6.10  6.08
 5.10  5.02  4.96  4.90  4.84  4.81  4.78  4.74  4.73  4.73  4.72  4.75  4.85  4.88  4.79  4.66  4.59  4.60  4.63  4.65  4.72  4.79  4.80  4.83  4.90  4.97  5.00  5.05  5.08  5.13  5.22  5.33  5.39  5.40  5.34  5.24  5.13  5.04  4.98  5.00  5.14  5.35  5.56  5.74  5.90  6.03  6.10  6.09  6.07  6.07
 5.03  4.96  4.96  4.96  4.94  4.93  4.87  4.78  4.75  4.77  4.79  4.87  5.03  5.10  5.00  4.86  4.81  4.85  4.90  4.97  5.06  5.10  5.08  5.09  5.17  5.25  5.33  5.44  5.54  5.58  5.66  5.65  5.59  5.60  5.60  5.44  5.26  5.13  5.07  5.09  5.21  5.39  5.60  5.80  5.96  6.08  6.12  6.11  6.09  6.08
 4.97  4.93  4.97  4.97  4.94  4.95  4.94  4.92  4.94  4.99  5.00  5.09  5.27  5.33  5.21  5.07  5.06  5.14  5.25  5.37  5.50  5.59  5.63  5.69  5.78  5.86  5.99  6.18  6.30  6.35  6.46  6.30  6.04  6.03  6.00  5.75  5.51  5.37  5.32  5.38  5.51  5.65  5.83  6.01  6.16  6.24  6.23  6.20  6.16  6.10
 4.97  4.93  4.93  4.91  4.89  4.92  5.00  5.11  5.22  5.27  5.27  5.34  5.48  5.50  5.38  5.28  5.30  5.43  5.61  5.78  5.95  6.16  6.41  6.67  6.93  7.14  7.28  7.32  7.25  7.25  7.30  7.02  6.60  6.54  6.45  6.28  6.03  5.85  5.85  5.96  6.02  6.09  6.21  6.28  6.34  6.36  6.32  6.26  6.23  6.17
 5.01  4.92  4.87  4.83  4.84  4.92  5.07  5.25  5.42  5.50  5.49  5.54  5.66  5.70  5.62  5.52  5.51  5.64  5.84  6.02  6.22  6.53  6.89  7.28  7.61  7.75  7.79  7.62  7.33  7.27  7.27  7.17  7.03  7.07  7.01  6.77  6.37  6.15  6.21  6.36  6.36  6.34  6.36  6.33  6.29  6.27  6.22  6.19  6.18  6.18
 5.09  4.96  4.87  4.82  4.85  4.98  5.17  5.37  5.53  5.59  5.61  5.71  5.87  5.93  5.88  5.79  5.76  5.86  6.04  6.18  6.33  6.55  6.86  7.22  7.41  7.37  7.29  7.16  7.01  6.99  7.09  7.29  7.33  7.24  7.01  6.57  6.19  6.06  6.10  6.25  6.31  6.24  6.19  6.15  6.10  6.05  6.00  6.01  6.03  6.07
 5.26  5.14  5.03  4.97  4.99  5.17  5.39  5.57  5.68  5.72  5.77  5.98  6.19  6.27  6.20  6.11  6.13  6.24  6.38  6.45  6.51  6.61  6.84  7.31  7.52  7.48  7.28  7.08  6.90  6.84  6.93  7.02  6.91  6.76  6.41  6.05  5.86  5.82  5.89  6.00  6.03  5.96  5.93  5.95  5.94  5.90  5.86  5.87  5.90  5.93
 5.58  5.53  5.43  5.34  5.35  5.53  5.75  5.92  6.02  6.08  6.22  6.53  6.80  6.85  6.73  6.69  6.79  6.89  6.98  7.04  7.13  7.26  7.42  8.06  8.42  8.27  7.57  7.12  6.81  6.64  6.60  6.55  6.37  6.20  5.96  5.79  5.68  5.66  5.70  5.78  5.80  5.76  5.76  5.81  5.85  5.83  5.80  5.79  5.79  5.78
 6.02  6.00  5.92  5.80  5.80  5.95  6.17  6.41  6.62  6.83  7.13  7.53  7.82  7.84  7.74  7.80  7.93  7.88  7.92  8.09  8.13  8.30  8.63  9.06  9.12  8.95  7.81  7.06  6.60  6.35  6.19  6.04  5.91  5.80  5.73  5.67  5.61  5.57  5.57  5.60  5.63  5.62  5.66  5.75  5.79  5.77  5.75  5.75  5.72  5.68
 6.42  6.41  6.35  6.27  6.28  6.45  6.75  7.17  7.65  8.12  8.54  9.00  9.33  9.28  9.21  9.40  9.47  9.20  9.06  9.10  8.86  8.92  9.14  8.81  8.13  7.93  7.31  6.68  6.26  6.00  5.77  5.58  5.46  5.43  5.46  5.49  5.47  5.41  5.41  5.45  5.49  5.53  5.65  5.79  5.82  5.77  5.72  5.70  5.68  5.65
 6.76  6.83  6.92  7.01  7.19  7.52  7.99  8.69  9.56 10.17 10.38 10.59 10.74 10.64 10.61 10.96 10.99 10.44  9.98  9.66  8.90  8.56  8.35  7.80  7.19  6.94  6.59  6.24  5.97  5.71  5.46  5.26  5.12  5.08  5.14  5.23  5.24  5.18  5.18  5.28  5.39  5.50  5.66  5.83  5.88  5.78  5.66  5.61  5.61  5.64
 7.18  7.41  7.74  8.16  8.67  9.26  9.90 10.63 11.45 11.84 11.81 11.68 11.40 11.20 11.36 11.96 11.81 10.84 10.19  9.75  8.73  7.95  7.37  7.01  6.74  6.48  6.19  5.97  5.75  5.49  5.24  5.05  4.90  4.84  4.91  5.02  5.03  4.97  4.97  5.09  5.26  5.42  5.62  5.81  5.88  5.76  5.59  5.51  5.54  5.60
 7.80  8.12  8.61  9.24  9.96 10.58 10.94 11.19 11.47 11.45 11.29 11.15 10.94 11.03 11.45 11.75 11.19 10.42  9.81  9.21  8.32  7.46  6.86  6.63  6.51  6.28  6.01  5.83  5.63  5.35  5.12  4.94  4.82  4.74  4.78  4.87  4.87  4.81  4.83  4.95  5.09  5.26  5.48  5.66  5.71  5.61  5.47  5.42  5.45  5.48
 8.33  8.60  9.04  9.59 10.09 10.31 10.19 10.06 10.09 10.07  9.98  9.97 10.07 10.48 10.83 10.70 10.20  9.85  9.23  8.59  7.99  7.30  6.74  6.48  6.33  6.09  5.87  5.73  5.57  5.32  5.09  4.92  4.79  4.71  4.70  4.73  4.72  4.70  4.74  4.83  4.93  5.04  5.21  5.36  5.39  5.32  5.26  5.29  5.35  5.35
 8.48  8.59  8.80  9.09  9.27  9.19  8.97  8.89  8.95  9.04  9.09  9.22  9.48  9.83  9.86  9.61  9.38  9.14  8.51  8.06  7.74  7.24  6.75  6.42  6.18  5.94  5.77  5.64  5.51  5.30  5.07  4.86  4.71  4.65  4.65  4.62  4.60  4.61  4.68  4.74  4.78  4.84  4.94  5.04  5.07  5.03  5.04  5.12  5.21  5.24
 8.16  8.11  8.20  8.35  8.37  8.27  8.22  8.26  8.35  8.48  8.65  8.90  9.14  9.20  9.00  8.73  8.54  8.27  7.78  7.50  7.33  7.01  6.62  6.31  6.07  5.87  5.72  5.56  5.39  5.20  4.98  4.77  4.62  4.58  4.57  4.52  4.49  4.54  4.65  4.70  4.69  4.72  4.79  4.86  4.88  4.86  4.85  4.90  5.00  5.08
 7.51  7.56  7.71  7.82  7.80  7.76  7.82  7.94  8.09  8.26  8.45  8.64  8.67  8.44  8.19  8.01  7.83  7.52  7.16  6.98  6.83  6.59  6.35  6.17  6.00  5.85  5.69  5.48  5.26  5.06  4.88  4.73  4.63  4.57  4.51  4.46  4.44  4.51  4.63  4.69  4.67  4.68  4.74  4.81  4.82  4.78  4.74  4.73  4.77  4.87
 6.98  7.17  7.38  7.51  7.53  7.54  7.66  7.86  8.04  8.16  8.24  8.20  7.96  7.63  7.42  7.36  7.26  6.96  6.67  6.54  6.43  6.22  6.06  6.00  5.91  5.76  5.57  5.34  5.11  4.92  4.80  4.74  4.70  4.65  4.58  4.51  4.48  4.55  4.67  4.72  4.68  4.66  4.72  4.81  4.82  4.76  4.68  4.61  4.62  4.73
 6.71  6.90  7.13  7.29  7.35  7.38  7.54  7.76  7.90  7.88  7.76  7.51  7.18  6.88  6.76  6.76  6.69  6.45  6.19  6.12  6.09  5.95  5.81  5.74  5.65  5.50  5.30  5.09  4.90  4.78  4.75  4.76  4.73  4.71  4.69  4.62  4.59  4.65  4.74  4.74  4.64  4.59  4.67  4.79  4.80  4.71  4.59  4.51  4.55  4.65
 6.64  6.77  6.93  7.07  7.12  7.18  7.32  7.46  7.50  7.32  7.04  6.76  6.50  6.34  6.32  6.34  6.26  6.01  5.76  5.69  5.74  5.74  5.63  5.49  5.35  5.19  4.98  4.79  4.68  4.66  4.71  4.72  4.68  4.67  4.68  4.64  4.62  4.68  4.75  4.69  4.55  4.49  4.60  4.73  4.71  4.57  4.42  4.37  4.46  4.56
 6.65  6.67  6.72  6.82  6.92  7.04  7.15  7.18  7.02  6.70  6.43  6.25  6.10  6.07  6.10  6.09  5.98  5.71  5.46  5.39  5.44  5.53  5.52  5.36  5.19  5.03  4.81  4.60  4.54  4.58  4.62  4.61  4.56  4.57  4.59  4.56  4.55  4.61  4.66  4.58  4.44  4.40  4.52  4.61  4.55  4.39  4.25  4.25  4.36  4.44
 6.61  6.58  6.60  6.76  6.96  7.08  7.09  6.96  6.64  6.31  6.15  6.05  5.95  5.93  5.95  5.94  5.80  5.53  5.29  5.22  5.25  5.32  5.36  5.26  5.13  5.01  4.82  4.62  4.54  4.55  4.55  4.51  4.48  4.50  4.53  4.52  4.50  4.49  4.47  4.39  4.30  4.29  4.38  4.44  4.39  4.27  4.17  4.21  4.31  4.36
 6.54  6.57  6.73  7.01  7.18  7.13  6.95  6.66  6.35  6.16  6.08  6.02  5.93  5.86  5.85  5.80  5.62  5.34  5.12  5.06  5.08  5.09  5.08  5.06  5.03  4.97  4.84  4.70  4.62  4.58  4.54  4.50  4.50  4.53  4.53  4.48  4.42  4.37  4.29  4.22  4.19  4.21  4.25  4.27  4.27  4.20  4.15  4.19  4.25  4.29
 6.51  6.70  6.96  7.19  7.20  6.96  6.62  6.33  6.15  6.08  6.06  6.01  5.92  5.85  5.78  5.63  5.38  5.10  4.92  4.89  4.94  4.92  4.83  4.83  4.87  4.83  4.72  4.64  4.60  4.57  4.55  4.53  4.55  4.56  4.52  4.42  4.34  4.28  4.21  4.18  4.22  4.25  4.23  4.21  4.21  4.15  4.12  4.15  4.18  4.20
