Model_calibration/output/SUM_of_RECHARGE.asc
NCOLS        350
NROWS        200
XLLCORNER     515000.000
YLLCORNER    8409000.000
CELLSIZE        100.000
NODATA_VALUE     -9999.    
[rows 84 to 111 of 200, columns 126 to 188 of 350]
-.9900E-19 -.9900E-19 -.9900E-19 -.9900E-19 -.9900E-19 -.9900E-19 46.26 82.40 82.97 83.92 83.80 84.74 84.23 85.27 86.92 87.74 98.72 90.88 92.81 97.58 -.9900E-19 -.9900E-19 -.9900E-19 -.9900E-19 -.9900E-19 129.3 66.91 161.2 133.9 104.4 103.7 103.8 103.0 103.5 103.5 104.0 128.3 105.2 105.9 106.0 106.2 106.1 104.6 104.5 103.3 115.1 103.1 102.9 103.9 111.8 111.9 111.9 111.9 110.9 109.8 108.5 107.7 105.9 104.3 103.2 100.7 97.93 107.9
-.9900E-19 -.9900E-19 -.9900E-19 -.9900E-19 -.9900E-19 -.9900E-19 83.29 84.18 84.71 85.65 85.53 94.34 85.96 87.01 88.31 89.19 91.42 91.33 126.9 33.28 117.6 -.9900E-19 -.9900E-19 -.9900E-19 123.7 112.9 122.0 146.6 147.4 138.1 127.7 104.9 104.1 104.6 104.5 104.8 105.5 105.6 105.9 106.6 106.7 106.6 105.1 104.9 103.3 103.2 103.2 103.0 104.0 112.4 112.4 112.5 111.9 110.9 109.8 108.6 107.7 106.0 104.3 103.3 100.7 99.91 109.9
-.9900E-19 -.9900E-19 -.9900E-19 -.9900E-19 -.9900E-19 84.61 84.84 85.69 85.66 86.60 85.89 86.85 87.69 88.38 90.80 91.59 92.86 93.54 124.1 115.9 120.6 63.36 61.75 145.0 134.3 101.9 102.5 135.3 137.4 140.9 128.1 105.8 105.1 105.6 105.0 105.3 105.2 114.7 106.3 106.3 106.2 106.1 104.6 104.4 104.5 104.2 105.1 104.8 112.7 112.7 121.9 121.2 111.5 110.5 110.0 67.63 68.78 160.0 134.5 104.5 101.9 102.0 96.26
-.9900E-19 -.9900E-19 -.9900E-19 -.9900E-19 -.9900E-19 -.9900E-19 97.33 87.44 87.40 96.89 87.61 88.30 88.82 89.17 92.15 92.33 94.01 95.10 95.92 147.5 133.5 65.21 125.9 187.8 132.7 118.6 103.7 104.2 126.2 138.5 140.4 106.1 116.0 105.7 105.4 105.6 105.8 105.8 106.8 106.7 106.5 106.5 104.9 104.7 104.7 104.4 105.1 104.7 113.0 122.9 111.1 111.1 111.0 119.3 109.4 108.1 117.4 107.3 141.0 133.0 150.9 114.6 112.3
-.9900E-19 -.9900E-19 -.9900E-19 -.9900E-19 -.9900E-19 -.9900E-19 98.52 108.9 88.14 88.13 88.43 88.77 90.95 117.1 120.6 94.49 95.27 103.2 129.1 151.8 129.8 119.2 121.2 114.7 135.9 137.0 104.2 104.9 105.3 139.9 140.8 106.3 116.4 106.1 105.4 105.5 105.6 105.6 106.6 106.5 106.5 106.5 106.3 111.1 106.1 105.7 104.8 104.3 111.2 110.6 109.9 110.1 110.1 108.9 108.3 107.6 106.8 105.3 116.5 138.6 113.5 131.0 51.31
-.9900E-19 -.9900E-19 97.72 -.9900E-19 -.9900E-19 100.2 100.4 101.4 100.6 101.6 89.44 90.37 117.9 118.7 122.7 123.6 126.2 127.6 130.4 154.7 150.9 131.9 133.5 104.0 120.2 105.0 105.2 105.9 106.0 106.6 116.6 107.0 106.4 106.6 105.9 106.0 105.9 105.9 106.9 106.8 131.4 106.8 106.4 106.1 106.2 110.0 124.6 113.1 111.0 110.2 109.5 109.6 109.5 108.3 107.6 106.9 106.1 113.3 103.8 126.7 104.8 101.0 143.8
97.68 108.4 99.64 100.5 101.5 112.1 102.7 103.7 103.1 104.1 104.0 92.38 92.80 120.9 124.3 195.2 128.4 99.27 172.6 154.8 156.4 145.1 134.1 104.7 116.5 105.7 105.3 106.0 105.2 105.7 105.5 105.8 105.5 105.7 105.7 148.4 149.8 106.5 116.5 116.6 106.8 106.7 111.6 111.1 110.5 109.8 109.1 117.7 110.1 109.2 109.8 109.1 109.0 107.7 106.6 106.0 105.2 103.4 103.2 101.1 98.46 104.1 95.91
99.61 110.1 101.5 102.3 103.3 104.2 104.4 105.4 104.8 105.8 105.6 106.5 108.2 94.98 139.9 97.65 99.52 100.5 101.9 120.6 159.8 104.3 135.8 105.6 105.7 106.5 106.1 106.5 116.7 106.2 106.0 106.1 105.9 106.0 106.0 105.9 106.6 106.6 106.8 150.3 106.9 127.4 111.5 110.9 125.5 114.7 108.7 120.1 109.7 108.8 109.3 108.6 108.4 107.3 106.7 105.4 104.4 102.6 102.4 100.5 106.3 95.60 93.99
101.1 101.8 102.9 103.7 104.7 105.5 106.2 107.0 106.9 107.5 107.3 108.3 109.0 110.1 97.56 98.43 100.6 133.0 102.7 112.2 137.4 105.1 126.2 140.5 139.2 106.3 104.6 105.1 104.6 104.6 105.2 105.4 106.0 106.1 107.2 107.2 107.6 107.5 106.8 106.8 112.1 111.6 111.1 110.5 109.8 109.0 142.7 109.8 110.3 109.3 109.2 108.4 107.9 106.6 106.0 104.6 102.9 102.5 108.6 98.67 96.29 94.04 98.82
102.8 103.5 104.5 105.3 106.1 107.0 117.6 108.1 108.0 108.9 108.7 109.2 110.3 111.3 114.6 115.7 101.6 102.4 115.2 137.1 168.1 105.8 106.3 107.0 106.1 106.8 105.0 105.5 104.6 104.9 105.4 105.6 106.1 106.1 107.2 107.1 107.5 107.4 106.8 106.6 111.7 111.2 110.6 110.0 109.2 142.6 150.7 149.4 109.7 108.7 108.5 108.4 107.2 106.4 113.3 131.2 130.5 101.5 99.74 97.79 95.45 93.25 92.77
103.7 104.3 116.0 106.1 106.5 107.3 107.2 107.6 107.7 119.0 109.0 109.9 111.3 112.2 114.7 115.6 128.1 102.2 103.5 104.2 104.9 105.7 105.4 106.1 104.8 105.0 145.6 146.3 105.4 105.6 106.8 106.9 107.0 107.6 107.5 107.4 107.7 117.5 106.9 106.8 111.1 110.5 109.9 109.2 108.5 108.2 110.7 109.8 109.5 108.4 107.9 107.6 106.2 105.4 104.2 102.5 102.2 100.8 98.76 96.84 94.68 92.53 92.20
105.1 105.7 106.9 107.6 107.9 108.3 108.1 118.7 108.9 109.3 121.3 110.9 112.2 113.1 115.5 116.4 117.9 116.8 104.0 104.4 105.4 116.8 105.8 117.2 104.7 167.4 145.8 146.4 105.4 105.6 106.9 106.8 107.5 107.4 107.3 107.7 107.3 107.0 106.5 106.3 105.3 109.7 109.0 108.4 107.5 107.1 109.9 109.0 108.6 108.0 107.8 106.5 105.8 104.3 103.0 102.7 101.0 99.70 97.68 95.88 116.8 115.2 114.4
105.8 106.4 106.9 107.5 106.9 107.6 107.1 107.4 108.7 109.0 110.8 111.6 113.2 114.0 115.1 115.9 117.1 128.9 118.4 117.3 103.7 104.4 103.7 104.3 103.6 145.3 146.4 104.7 105.9 106.0 116.6 107.0 107.6 117.5 107.8 107.5 107.5 107.2 106.4 106.9 105.6 115.3 103.1 102.5 106.9 114.2 109.4 108.5 108.2 107.6 107.2 105.8 105.2 103.8 102.1 101.8 100.0 98.60 96.44 94.66 92.62 92.60 127.5
107.1 107.6 108.1 108.3 108.0 108.2 107.7 108.4 109.2 109.8 111.6 112.3 113.8 114.6 115.6 116.3 117.4 117.9 130.2 117.4 118.1 132.2 176.9 145.5 144.3 145.0 145.9 146.2 105.5 105.6 106.5 106.5 107.1 107.1 107.2 117.1 106.9 106.5 106.4 106.0 104.7 104.2 102.1 101.5 101.0 108.5 108.3 107.5 107.5 107.1 105.9 105.1 103.9 102.4 102.1 100.5 98.99 97.28 95.25 93.37 92.50 91.88 94.91
108.2 108.6 107.6 108.1 107.4 107.6 109.6 109.8 112.4 113.0 113.9 114.6 115.4 116.1 116.5 117.2 118.1 118.7 118.9 118.9 118.6 117.3 117.1 103.3 103.4 103.7 146.2 146.4 111.5 105.3 105.9 105.9 106.6 106.4 106.8 116.5 106.9 106.5 106.1 105.7 103.8 122.2 101.2 100.9 100.9 107.5 107.4 106.4 115.1 105.9 104.9 103.6 118.5 101.8 108.3 99.04 98.07 96.38 94.37 92.51 92.62 90.79 89.45
108.9 109.3 108.6 108.7 107.9 108.3 109.9 110.4 112.9 113.5 114.3 114.9 115.6 116.0 116.6 117.2 117.9 118.6 118.7 118.5 118.7 118.6 118.5 117.0 102.8 103.1 103.9 104.1 104.5 104.5 105.1 105.0 105.7 105.4 116.9 105.4 105.9 105.4 105.0 104.5 102.5 113.3 101.0 100.6 107.2 106.4 105.9 106.1 105.5 104.3 103.4 102.0 101.7 100.3 99.06 97.72 104.4 120.2 115.0 92.60 91.20 90.69 90.09
109.3 119.8 108.5 108.5 109.4 109.8 112.9 113.3 115.1 115.6 115.9 116.4 116.6 117.2 118.1 118.7 119.3 119.6 119.1 119.3 118.6 119.0 118.4 118.3 118.2 116.8 104.0 104.1 104.4 104.4 104.4 104.2 104.5 104.2 104.7 104.3 104.6 104.1 103.4 102.9 101.0 100.4 99.55 98.86 105.5 106.0 105.5 104.4 103.6 102.5 102.9 101.5 99.74 98.32 96.95 95.98 95.16 95.47 92.74 114.5 118.2 99.21 -.9900E-19
110.1 110.4 108.8 109.1 110.0 109.9 113.2 113.6 115.3 115.7 115.9 116.3 116.5 116.9 117.7 118.2 118.8 119.3 118.4 129.3 117.7 118.1 117.6 128.7 118.1 117.8 117.2 103.0 103.6 103.2 103.1 102.9 103.2 102.9 103.4 103.0 103.2 102.7 114.4 101.4 111.0 99.93 97.90 97.17 105.0 104.1 103.6 102.6 101.9 102.0 101.1 125.9 123.4 97.18 95.71 94.19 93.38 92.50 97.73 28.80 -.9900E-19 -.9900E-19 -.9900E-19
110.4 110.6 109.1 109.3 110.9 111.1 114.1 114.4 115.8 145.8 146.3 116.8 117.2 117.5 118.0 148.8 148.1 129.6 117.1 117.4 116.7 117.0 116.2 116.5 117.5 117.6 118.0 116.4 117.1 102.6 102.8 102.6 102.4 102.0 102.1 101.7 101.7 101.1 112.1 99.68 98.41 97.72 96.04 95.27 102.7 101.9 101.5 101.9 101.2 100.0 98.99 123.2 121.5 119.5 94.07 92.58 91.30 113.2 113.6 -.9900E-19 -.9900E-19 -.9900E-19 -.9900E-19
106.3 110.8 109.5 109.6 111.1 111.3 114.2 114.3 115.7 145.5 145.8 116.3 116.6 146.8 147.3 147.6 117.0 117.3 116.0 116.2 115.4 115.6 114.8 115.0 115.8 115.9 117.3 117.3 117.0 117.1 101.1 100.9 101.0 100.6 100.7 100.2 100.2 100.3 109.6 97.84 96.57 95.85 94.29 101.6 102.1 101.2 100.8 99.70 99.08 98.41 97.33 96.27 95.06 116.8 92.19 92.63 91.99 91.20 111.7 -.9900E-19 -.9900E-19 -.9900E-19 -.9900E-19
106.2 110.4 109.9 110.0 112.8 112.9 114.8 114.8 115.6 145.2 145.8 145.9 145.9 206.1 144.9 115.7 114.6 136.7 125.5 114.5 113.6 113.7 113.5 113.6 114.7 114.8 115.5 115.5 116.3 116.1 116.4 99.68 99.73 99.35 99.45 102.3 101.3 125.8 127.4 125.8 94.38 94.41 93.23 100.6 100.3 99.37 99.03 97.98 97.38 96.47 95.30 117.4 92.92 91.67 93.78 91.68 92.18 109.7 -.9900E-19 -.9900E-19 -.9900E-19 -.9900E-19 -.9900E-19
106.6 110.6 110.1 110.1 112.6 112.5 114.6 114.5 115.2 144.5 144.8 205.2 205.1 144.7 114.5 125.2 113.3 113.4 112.8 112.9 111.9 123.0 111.7 111.7 112.7 112.7 113.4 113.2 114.0 113.7 114.2 113.9 114.0 97.22 99.28 117.2 117.1 126.6 123.6 94.69 93.30 92.65 91.16 98.60 97.95 97.02 96.61 95.93 95.35 117.7 92.98 91.81 113.8 104.1 107.1 114.4 110.4 -.9900E-19 -.9900E-19 -.9900E-19 -.9900E-19 -.9900E-19 -.9900E-19
105.9 128.6 111.1 111.0 114.0 113.8 114.7 114.6 114.7 143.7 152.4 204.2 203.5 124.7 112.3 112.3 111.4 111.4 111.0 131.0 121.0 110.1 110.4 110.3 111.0 110.9 111.5 111.3 111.6 111.3 111.7 111.3 111.4 110.9 121.0 142.9 120.4 95.53 93.22 108.4 100.3 90.23 97.37 96.50 95.80 95.10 94.45 93.42 115.8 115.2 98.19 91.16 91.51 110.3 -.9900E-19 -.9900E-19 -.9900E-19 -.9900E-19 -.9900E-19 -.9900E-19 -.9900E-19 -.9900E-19 -.9900E-19
106.0 106.4 111.1 110.8 113.7 113.4 114.2 113.9 142.9 142.5 203.3 214.9 202.3 123.1 111.0 110.9 110.3 110.2 109.8 119.5 108.7 108.6 108.8 108.5 109.1 108.9 109.0 108.7 108.9 108.6 108.9 134.8 108.5 108.4 125.8 137.1 147.6 93.53 90.86 90.19 88.85 88.16 94.93 94.13 93.32 115.3 92.77 91.81 114.2 112.8 92.27 88.65 111.5 -.9900E-19 -.9900E-19 -.9900E-19 -.9900E-19 -.9900E-19 -.9900E-19 -.9900E-19 -.9900E-19 -.9900E-19 -.9900E-19
106.3 106.6 108.4 112.1 114.4 114.0 114.0 113.7 141.8 202.7 202.1 201.8 138.6 111.1 109.6 109.4 108.8 108.5 108.2 108.0 107.7 107.5 107.3 107.1 107.1 106.9 107.7 107.3 107.1 106.8 106.5 106.0 133.7 121.3 121.6 126.2 122.9 116.1 89.08 87.74 86.93 86.57 115.7 92.93 91.56 91.63 112.7 111.3 94.43 110.4 108.8 86.48 96.64 -.9900E-19 -.9900E-19 -.9900E-19 -.9900E-19 -.9900E-19 -.9900E-19 -.9900E-19 -.9900E-19 -.9900E-19 -.9900E-19
116.3 106.3 108.0 111.5 113.7 113.2 142.0 141.3 140.3 201.5 171.2 201.1 210.4 136.3 133.8 108.0 106.9 106.6 106.8 105.9 105.5 105.2 104.9 104.6 104.6 104.3 104.9 104.5 104.4 104.0 103.5 126.6 108.8 97.52 108.3 121.7 97.17 47.88 47.81 118.5 96.23 82.67 98.58 91.69 89.71 88.85 88.23 91.96 97.00 87.56 87.00 84.57 124.8 -.9900E-19 -.9900E-19 -.9900E-19 -.9900E-19 -.9900E-19 -.9900E-19 -.9900E-19 -.9900E-19 -.9900E-19 -.9900E-19
106.8 107.1 108.5 112.0 113.3 112.8 163.5 139.8 200.7 200.8 200.1 211.5 131.4 158.3 130.5 129.9 104.0 103.5 121.9 105.3 104.2 103.8 102.7 102.3 101.9 101.5 102.3 124.9 102.5 114.8 70.11 122.2 112.7 93.51 106.1 116.3 112.5 100.8 88.12 -.9900E-19 53.29 49.01 109.3 90.62 88.11 86.60 85.81 87.64 92.83 73.86 86.07 106.2 -.9900E-19 -.9900E-19 -.9900E-19 -.9900E-19 -.9900E-19 -.9900E-19 -.9900E-19 -.9900E-19 -.9900E-19 -.9900E-19 -.9900E-19
107.1 106.5 107.9 107.9 112.5 111.8 154.6 200.8 200.1 199.8 199.0 212.7 142.6 133.7 148.1 103.6 102.0 101.5 148.1 132.4 113.2 101.4 100.3 109.0 99.29 98.82 99.56 138.4 106.4 112.3 68.16 98.23 119.3 111.1 47.08 55.30 100.6 86.24 96.34 -.9900E-19 -.9900E-19 -.9900E-19 83.42 105.7 112.7 108.9 108.6 41.95 95.02 41.36 22.81 -.9900E-19 -.9900E-19 -.9900E-19 -.9900E-19 -.9900E-19 -.9900E-19 -.9900E-19 -.9900E-19 -.9900E-19 -.9900E-19 -.9900E-19 -.9900E-19
