New_Model_Runs/2_scn1_noclimate_out/SUM_of_RECHARGE.asc
NCOLS        700
NROWS        400
XLLCORNER     515000.000
YLLCORNER    8409000.000
CELLSIZE         50.000
NODATA_VALUE     -9999.    
[rows 140 to 167 of 400, columns 441 to 503 of 700]
96.63 96.78 96.93 97.06 97.19 97.33 95.16 95.25 133.2 130.6 95.28 95.35 95.39 95.43 97.55 97.80 97.80 111.9 105.9 97.55 97.58 97.51 97.43 96.94 96.83 96.70 98.40 105.3 98.05 97.84 97.57 96.84 96.56 96.25 95.90 95.82 95.44 95.01 94.58 93.97 93.47 93.52 93.46 101.9 93.64 93.09 92.43 92.72 92.00 90.71 89.93 90.50 89.68 88.90 96.43 88.60 87.67 87.52 87.04 85.77 84.80 83.82 82.86
96.19 96.36 95.12 95.87 96.80 96.94 94.80 94.89 94.99 95.08 95.15 95.22 95.04 97.18 97.21 97.58 97.59 97.58 97.57 97.28 97.31 105.1 97.14 98.50 98.37 98.50 98.33 97.91 97.69 97.46 97.19 96.45 96.15 95.82 95.47 95.38 94.99 94.55 94.10 93.47 93.54 93.48 94.22 93.61 93.14 92.51 91.85 98.43 91.38 90.05 89.25 89.81 89.05 89.33 89.11 87.86 87.71 87.21 86.36 55.59 84.01 83.04 82.08
96.50 96.62 96.77 95.57 95.71 96.53 94.42 94.52 94.61 94.70 94.78 94.84 94.90 94.94 96.95 97.31 97.32 97.31 97.28 97.07 97.03 96.94 96.85 98.47 98.32 107.5 97.96 97.54 97.31 97.06 96.83 96.05 95.72 95.38 95.03 94.93 94.52 94.07 93.60 93.54 93.49 94.24 93.65 93.17 92.55 91.92 91.86 97.75 91.36 89.38 88.62 89.11 89.47 89.26 105.8 87.90 87.40 86.54 85.94 84.19 83.21 82.24 81.29
96.09 96.27 96.43 95.30 95.34 95.48 93.95 94.05 94.15 94.24 94.31 94.38 94.43 94.46 94.47 96.96 96.95 96.94 96.92 98.55 98.51 98.69 98.58 98.05 97.90 97.73 97.53 106.5 96.88 96.63 96.33 95.54 104.2 94.87 94.50 94.37 93.95 93.51 93.60 93.43 94.18 93.60 93.14 92.52 91.88 91.86 91.17 91.40 90.71 88.69 89.01 88.42 89.33 88.44 94.95 93.78 86.57 86.08 85.10 83.33 82.36 81.10 80.51
96.91 97.05 96.19 96.46 96.61 96.75 98.45 99.10 99.20 93.75 93.82 93.90 93.93 93.96 93.96 98.81 98.79 98.77 98.75 98.03 97.98 97.88 97.76 97.30 97.15 96.97 96.80 96.45 96.20 95.94 95.62 95.30 94.97 94.62 94.23 94.74 94.29 93.81 93.36 93.50 92.94 93.65 93.18 91.87 91.85 91.18 90.54 90.54 89.78 89.40 88.69 89.18 88.28 87.51 76.19 136.7 84.63 91.16 79.63 97.32 81.22 85.17 77.85
96.41 96.61 96.80 96.12 96.17 96.31 98.01 98.67 98.77 98.87 93.26 99.05 93.36 98.87 93.38 98.63 98.62 98.59 98.55 97.55 97.49 97.39 97.28 96.86 96.69 96.50 96.28 95.93 95.65 95.36 95.05 94.72 94.37 94.00 93.61 94.10 93.65 93.74 93.73 93.20 93.61 93.07 92.45 91.76 91.10 90.48 89.77 89.76 89.05 88.68 87.83 88.31 93.85 87.29 108.1 96.53 139.2 138.1 126.3 77.67 76.28 75.68 91.10
95.89 96.09 96.29 96.55 96.72 95.93 97.53 98.20 98.31 98.41 98.49 98.59 98.64 98.68 92.74 98.15 98.13 98.10 98.05 97.04 96.97 96.91 96.80 96.34 96.17 95.96 95.74 95.38 95.08 94.77 94.45 94.11 93.74 93.38 93.54 93.47 93.57 93.55 93.03 93.47 92.95 92.33 91.70 90.99 90.39 89.70 89.03 89.02 89.05 87.83 87.75 87.42 87.31 86.86 86.39 85.51 84.55 113.9 82.25 73.02 70.51 74.70 72.13
95.67 95.87 95.73 96.49 96.66 96.32 97.09 97.67 97.79 97.89 97.97 98.09 98.12 98.14 92.06 97.69 97.67 97.62 97.57 96.51 96.44 96.34 96.23 95.75 95.57 95.36 95.13 94.76 94.46 94.15 93.80 93.46 93.64 93.73 93.32 93.32 93.34 115.3 92.66 92.76 92.15 91.53 90.90 90.25 89.57 88.92 89.00 88.99 88.20 87.71 91.91 92.04 91.61 86.38 85.44 84.55 83.59 102.3 104.3 86.19 117.4 116.4 -.9900E-19
96.22 96.43 96.63 96.65 96.83 96.98 97.69 98.06 113.8 98.27 98.35 98.08 98.11 98.13 98.12 96.99 96.96 106.5 96.94 95.48 95.40 95.29 95.18 94.73 94.54 94.34 94.09 94.05 93.74 93.45 93.64 93.73 93.36 93.51 93.58 93.43 93.52 116.2 115.4 114.8 114.0 114.0 91.78 90.82 90.12 89.47 88.74 87.72 86.92 86.82 86.11 85.75 84.81 83.88 82.95 82.81 81.86 100.2 75.75 85.16 78.92 114.9 -.9900E-19
95.45 96.11 95.98 96.49 96.68 96.84 97.09 97.46 113.0 97.67 97.74 97.45 97.49 97.52 97.51 96.51 96.47 105.5 96.35 94.85 94.75 94.63 94.49 94.05 93.87 93.68 93.42 93.36 93.60 93.76 93.38 93.56 93.65 93.22 92.78 116.2 115.8 115.1 114.5 113.6 113.7 112.8 90.92 89.94 89.29 88.58 88.63 86.80 85.99 86.30 85.42 84.75 83.82 82.89 81.96 81.82 80.94 78.96 79.90 50.26 44.72 47.93 -.9900E-19
94.73 95.49 95.71 106.4 97.07 97.21 96.47 96.81 96.92 97.03 97.10 96.80 96.84 96.87 106.5 104.8 95.80 95.74 95.66 94.17 94.07 93.95 93.80 93.36 93.16 93.49 93.71 93.64 93.31 92.97 92.59 93.25 92.83 92.40 100.1 92.82 92.31 114.1 113.4 113.3 112.5 111.6 110.7 89.08 88.38 88.46 87.69 85.86 85.05 85.28 84.39 83.72 82.79 81.87 81.01 80.87 79.94 80.04 84.04 81.20 100.5 -.9900E-19 -.9900E-19
94.00 94.78 94.99 96.15 96.35 95.71 95.87 96.16 96.28 96.40 96.46 96.24 96.27 105.6 96.29 95.17 95.10 95.02 94.94 93.48 93.38 93.22 93.06 93.64 93.44 93.20 92.92 92.84 92.50 93.45 93.13 92.42 92.44 92.99 92.54 92.01 91.93 113.8 113.0 106.3 106.5 115.6 115.0 90.79 88.24 87.52 86.74 84.91 84.57 84.24 83.35 82.67 81.75 80.90 80.00 79.86 78.92 78.04 103.5 54.78 133.3 -.9900E-19 -.9900E-19
94.51 93.62 94.40 105.0 96.03 95.07 95.23 95.81 95.93 96.04 96.10 95.46 95.48 95.50 95.49 93.74 93.67 93.59 93.50 93.68 93.57 93.40 93.23 92.91 92.70 92.45 92.17 93.05 92.77 92.42 92.02 92.96 99.14 92.08 91.61 91.94 91.40 91.74 133.9 86.65 114.2 90.33 91.49 78.69 98.86 87.21 86.42 84.43 84.10 83.72 82.83 81.42 80.56 79.66 78.76 77.95 78.23 77.31 76.38 64.97 116.5 -.9900E-19 -.9900E-19
93.73 93.95 93.62 95.05 95.25 94.35 94.51 104.9 95.26 95.36 95.43 94.71 94.81 94.81 94.79 92.96 93.47 93.87 93.76 92.88 92.76 92.58 92.40 92.13 92.82 92.95 92.73 92.24 91.89 91.54 91.12 92.05 91.62 91.17 90.68 91.91 91.38 90.79 90.19 95.02 116.9 100.6 90.08 88.15 97.38 91.43 85.43 83.92 83.12 82.68 81.77 80.42 79.52 78.65 77.76 78.11 77.22 76.34 80.63 121.8 42.72 -.9900E-19 -.9900E-19
92.92 93.15 93.36 94.24 94.43 93.55 93.71 98.99 109.8 104.4 94.62 94.00 94.01 94.02 93.98 93.16 93.10 93.02 92.92 92.09 91.93 92.69 92.50 92.62 92.38 92.11 91.81 91.32 90.96 90.59 90.18 91.09 90.66 90.20 89.78 90.93 90.38 89.84 89.23 116.9 116.2 42.72 47.93 119.7 129.3 138.3 84.41 82.91 82.11 81.59 80.74 79.36 78.51 87.53 86.36 73.70 76.22 75.31 122.4 47.93 -.9900E-19 -.9900E-19 -.9900E-19
94.53 92.33 92.54 93.49 93.67 93.31 92.98 99.41 129.9 98.93 93.78 93.15 93.17 93.18 93.12 92.29 92.24 92.23 92.13 92.20 92.40 92.24 92.06 91.71 91.46 91.18 90.87 90.39 90.01 90.31 89.90 90.13 89.74 89.90 89.42 89.99 89.42 89.44 140.0 -.9900E-19 -.9900E-19 -.9900E-19 -.9900E-19 -.9900E-19 -.9900E-19 47.93 115.9 146.5 81.09 123.3 104.3 42.72 107.6 75.98 70.51 106.6 98.58 117.0 -.9900E-19 -.9900E-19 -.9900E-19 -.9900E-19 -.9900E-19
93.38 91.96 92.15 92.74 92.92 92.95 93.10 108.6 100.3 89.22 98.07 108.0 92.63 92.62 109.4 99.51 91.89 91.80 92.06 91.85 91.68 91.50 91.30 90.88 90.62 97.03 90.02 95.37 89.56 89.17 88.81 89.56 89.11 88.69 88.18 89.20 93.85 110.7 -.9900E-19 -.9900E-19 -.9900E-19 -.9900E-19 -.9900E-19 -.9900E-19 -.9900E-19 -.9900E-19 -.9900E-19 42.72 122.5 42.72 -.9900E-19 -.9900E-19 -.9900E-19 -.9900E-19 -.9900E-19 -.9900E-19 -.9900E-19 -.9900E-19 -.9900E-19 -.9900E-19 -.9900E-19 -.9900E-19 -.9900E-19
92.17 91.08 91.27 92.21 92.07 92.13 92.27 98.52 93.36 93.39 101.9 91.77 91.77 91.76 91.74 106.2 104.9 91.23 91.11 90.91 90.75 90.54 90.33 89.90 89.70 90.04 89.72 88.99 88.60 88.21 88.58 88.58 88.14 88.44 87.90 89.43 135.8 47.93 -.9900E-19 -.9900E-19 -.9900E-19 -.9900E-19 -.9900E-19 -.9900E-19 -.9900E-19 -.9900E-19 -.9900E-19 -.9900E-19 -.9900E-19 -.9900E-19 -.9900E-19 -.9900E-19 -.9900E-19 -.9900E-19 -.9900E-19 -.9900E-19 -.9900E-19 -.9900E-19 -.9900E-19 -.9900E-19 -.9900E-19 -.9900E-19 -.9900E-19
96.99 91.13 90.37 91.30 91.16 91.23 93.99 95.47 119.4 87.19 92.57 90.89 90.90 90.89 90.86 90.45 90.37 90.26 90.13 89.93 89.77 89.62 89.39 89.58 89.31 89.02 88.73 88.74 88.35 87.96 87.53 88.32 87.84 87.34 92.03 87.09 86.35 42.72 -.9900E-19 -.9900E-19 -.9900E-19 -.9900E-19 -.9900E-19 -.9900E-19 -.9900E-19 -.9900E-19 -.9900E-19 -.9900E-19 -.9900E-19 -.9900E-19 -.9900E-19 -.9900E-19 -.9900E-19 -.9900E-19 -.9900E-19 -.9900E-19 -.9900E-19 -.9900E-19 -.9900E-19 -.9900E-19 -.9900E-19 -.9900E-19 -.9900E-19
89.21 89.41 89.61 90.28 90.46 94.01 102.3 87.40 125.2 104.9 107.4 103.4 90.85 90.85 90.81 89.54 89.44 89.33 89.20 88.99 88.83 89.22 88.99 88.59 88.32 88.02 88.47 87.68 87.29 86.89 86.46 87.23 86.73 91.44 91.55 86.03 86.12 128.2 -.9900E-19 -.9900E-19 -.9900E-19 -.9900E-19 -.9900E-19 -.9900E-19 -.9900E-19 -.9900E-19 -.9900E-19 -.9900E-19 -.9900E-19 -.9900E-19 -.9900E-19 -.9900E-19 -.9900E-19 -.9900E-19 -.9900E-19 -.9900E-19 -.9900E-19 -.9900E-19 -.9900E-19 -.9900E-19 -.9900E-19 -.9900E-19 -.9900E-19
88.25 88.45 88.66 89.10 89.27 92.71 93.95 94.07 124.9 114.2 105.8 126.1 89.60 89.59 89.54 88.71 88.65 88.53 88.41 88.47 88.29 88.04 92.12 88.56 88.27 87.96 87.62 86.93 86.54 86.15 85.69 85.68 85.19 84.69 85.86 84.48 84.23 126.4 -.9900E-19 -.9900E-19 -.9900E-19 -.9900E-19 -.9900E-19 -.9900E-19 -.9900E-19 -.9900E-19 -.9900E-19 -.9900E-19 -.9900E-19 -.9900E-19 -.9900E-19 -.9900E-19 -.9900E-19 -.9900E-19 -.9900E-19 -.9900E-19 -.9900E-19 -.9900E-19 -.9900E-19 -.9900E-19 -.9900E-19 -.9900E-19 -.9900E-19
87.37 87.50 87.69 89.10 89.25 89.20 91.53 97.90 117.9 85.66 104.3 88.66 88.65 88.63 88.57 88.52 88.42 88.30 88.15 88.20 88.01 87.75 87.50 92.70 87.17 86.85 86.51 85.82 85.43 85.02 84.56 84.54 84.06 83.56 83.04 82.93 125.8 -.9900E-19 -.9900E-19 -.9900E-19 -.9900E-19 -.9900E-19 -.9900E-19 -.9900E-19 -.9900E-19 -.9900E-19 -.9900E-19 -.9900E-19 -.9900E-19 -.9900E-19 -.9900E-19 -.9900E-19 -.9900E-19 -.9900E-19 -.9900E-19 -.9900E-19 -.9900E-19 -.9900E-19 -.9900E-19 -.9900E-19 -.9900E-19 -.9900E-19 -.9900E-19
86.53 86.71 86.88 88.37 99.33 85.44 103.4 127.6 95.09 80.04 107.9 98.78 87.67 87.63 87.57 87.48 87.39 87.24 87.08 87.10 86.90 86.65 86.39 86.35 95.18 85.73 85.38 84.70 84.29 83.87 83.42 83.40 82.91 82.88 82.36 81.37 125.1 -.9900E-19 -.9900E-19 -.9900E-19 -.9900E-19 -.9900E-19 -.9900E-19 -.9900E-19 -.9900E-19 -.9900E-19 -.9900E-19 -.9900E-19 -.9900E-19 -.9900E-19 -.9900E-19 -.9900E-19 -.9900E-19 -.9900E-19 -.9900E-19 -.9900E-19 -.9900E-19 -.9900E-19 -.9900E-19 -.9900E-19 -.9900E-19 -.9900E-19 -.9900E-19
86.17 86.35 86.51 92.64 100.6 100.3 126.4 126.4 99.13 108.0 121.9 88.07 88.04 87.99 87.93 86.41 86.31 86.16 85.99 92.34 85.77 85.53 85.28 85.22 84.92 84.59 84.24 83.56 90.96 82.72 82.75 82.73 82.24 81.73 81.21 79.84 124.0 -.9900E-19 -.9900E-19 -.9900E-19 -.9900E-19 -.9900E-19 -.9900E-19 -.9900E-19 -.9900E-19 -.9900E-19 -.9900E-19 -.9900E-19 -.9900E-19 -.9900E-19 -.9900E-19 -.9900E-19 -.9900E-19 -.9900E-19 -.9900E-19 -.9900E-19 -.9900E-19 -.9900E-19 -.9900E-19 -.9900E-19 -.9900E-19 -.9900E-19 -.9900E-19
85.01 85.18 85.35 110.2 98.40 132.3 135.8 92.50 92.60 87.43 91.71 85.99 85.96 92.03 85.83 85.20 85.08 84.93 93.07 84.93 84.69 84.46 84.21 84.36 84.04 83.73 83.37 82.56 82.15 82.20 81.76 81.44 80.95 80.44 80.08 79.22 122.3 -.9900E-19 -.9900E-19 -.9900E-19 -.9900E-19 -.9900E-19 -.9900E-19 -.9900E-19 -.9900E-19 -.9900E-19 -.9900E-19 -.9900E-19 -.9900E-19 -.9900E-19 -.9900E-19 -.9900E-19 -.9900E-19 -.9900E-19 -.9900E-19 -.9900E-19 -.9900E-19 -.9900E-19 -.9900E-19 -.9900E-19 -.9900E-19 -.9900E-19 -.9900E-19
83.99 84.15 83.33 101.0 88.94 121.3 81.56 91.50 90.78 86.34 86.35 84.93 84.88 84.83 84.75 84.12 83.99 91.50 83.64 83.83 83.59 83.34 83.07 83.79 83.35 85.40 82.22 81.89 81.48 81.07 80.63 80.31 79.98 79.48 79.24 122.0 -.9900E-19 -.9900E-19 -.9900E-19 -.9900E-19 -.9900E-19 -.9900E-19 -.9900E-19 -.9900E-19 -.9900E-19 -.9900E-19 -.9900E-19 -.9900E-19 -.9900E-19 -.9900E-19 -.9900E-19 -.9900E-19 -.9900E-19 -.9900E-19 -.9900E-19 -.9900E-19 -.9900E-19 -.9900E-19 -.9900E-19 -.9900E-19 -.9900E-19 -.9900E-19 -.9900E-19
82.96 83.12 83.27 90.37 66.99 99.28 92.11 94.33 85.26 85.25 85.25 83.86 83.81 83.75 83.66 83.03 82.88 82.71 82.51 82.70 82.49 82.20 81.92 82.07 81.76 88.96 81.53 80.75 80.35 80.09 79.64 78.91 79.12 78.64 78.13 102.4 -.9900E-19 -.9900E-19 -.9900E-19 -.9900E-19 -.9900E-19 -.9900E-19 -.9900E-19 -.9900E-19 -.9900E-19 -.9900E-19 -.9900E-19 -.9900E-19 -.9900E-19 -.9900E-19 -.9900E-19 -.9900E-19 -.9900E-19 -.9900E-19 -.9900E-19 -.9900E-19 -.9900E-19 -.9900E-19 -.9900E-19 -.9900E-19 -.9900E-19 -.9900E-19 -.9900E-19
81.93 82.08 82.23 96.30 107.3 150.0 86.50 99.80 90.50 89.66 84.15 82.75 82.70 82.65 82.56 81.91 81.77 81.59 81.39 81.56 81.33 81.53 81.25 81.39 81.08 86.62 92.63 79.78 79.38 78.63 87.52 85.14 82.25 107.6 119.8 101.2 -.9900E-19 -.9900E-19 -.9900E-19 -.9900E-19 -.9900E-19 -.9900E-19 -.9900E-19 -.9900E-19 -.9900E-19 -.9900E-19 -.9900E-19 -.9900E-19 -.9900E-19 -.9900E-19 -.9900E-19 -.9900E-19 -.9900E-19 -.9900E-19 -.9900E-19 -.9900E-19 -.9900E-19 -.9900E-19 -.9900E-19 -.9900E-19 -.9900E-19 -.9900E-19 -.9900E-19
