New_Model_Runs/8_Future_Present_Scn1_out/SUM_of_RECHARGE.asc
NCOLS        700
NROWS        400
XLLCORNER     515000.000
YLLCORNER    8409000.000
CELLSIZE         50.000
NODATA_VALUE     -9999.    
[rows 280 to 307 of 400, columns 252 to 314 of 700]
70.55 70.55 113.3 113.3 129.5 96.07 99.94 65.44 108.2 86.80 65.94 96.22 90.96 118.3 79.08 23.72 121.8 96.22 96.22 79.08 84.58 89.80 74.15 22.25 74.15 123.2 79.37 22.25 74.15 74.15 74.15 22.25 27.46 73.60 78.67 78.67 114.2 67.80 19.87 66.22 19.87 19.87 19.87 57.43 57.43 66.22 19.87 19.87 75.15 75.15 75.15 75.15 25.02 25.02 25.02 25.02 83.41 74.39 87.67 74.39 74.39 -.9900E-19 -.9900E-19
89.02 89.02 89.02 70.55 144.1 90.96 79.08 79.08 66.44 19.78 65.94 79.08 74.74 108.7 133.7 133.7 121.8 90.96 90.96 90.96 74.15 27.46 22.25 74.15 116.9 122.1 32.68 27.46 22.25 94.56 79.37 22.25 84.58 32.68 110.9 110.9 115.9 94.32 75.15 66.22 19.87 19.87 19.87 66.22 19.87 19.87 75.15 75.15 75.15 75.15 19.87 19.87 25.02 25.02 83.41 74.39 -.9900E-19 -.9900E-19 -.9900E-19 -.9900E-19 -.9900E-19 -.9900E-19 -.9900E-19
70.55 99.45 92.38 81.95 90.96 121.8 121.8 65.94 62.50 108.7 65.94 19.78 83.13 83.13 83.13 79.08 121.8 23.72 90.96 79.56 116.9 70.18 116.9 74.15 64.96 74.15 79.37 22.25 79.37 94.56 79.37 74.15 27.46 70.18 116.1 94.32 35.51 81.82 66.22 66.22 66.22 75.15 75.15 75.15 19.87 19.87 19.87 66.22 66.22 19.87 19.87 19.87 83.41 83.41 -.9900E-19 -.9900E-19 -.9900E-19 -.9900E-19 -.9900E-19 -.9900E-19 -.9900E-19 -.9900E-19 -.9900E-19
92.32 92.32 92.38 81.95 75.59 106.1 127.0 108.7 118.3 118.3 108.7 65.94 83.13 83.13 100.8 89.51 121.8 132.2 121.8 66.58 116.9 74.15 74.15 80.46 116.9 22.25 74.15 80.46 79.37 94.56 89.34 116.9 116.9 78.67 25.66 78.59 84.47 75.15 87.03 66.22 66.22 75.15 75.15 75.15 66.22 19.87 19.87 19.87 19.87 19.87 66.22 66.22 74.39 -.9900E-19 -.9900E-19 -.9900E-19 -.9900E-19 -.9900E-19 -.9900E-19 -.9900E-19 -.9900E-19 -.9900E-19 -.9900E-19
97.54 140.3 129.9 124.7 118.3 108.7 123.5 75.59 75.59 75.59 75.59 108.7 65.94 83.13 97.20 89.51 87.30 65.44 44.73 29.08 74.15 74.15 74.15 74.15 74.15 66.83 122.1 84.58 79.37 116.9 64.96 78.67 68.16 75.41 75.41 68.16 66.22 66.22 78.10 71.44 66.22 75.15 75.15 75.15 75.15 19.87 19.87 19.87 66.22 66.22 77.82 -.9900E-19 -.9900E-19 -.9900E-19 -.9900E-19 -.9900E-19 -.9900E-19 -.9900E-19 -.9900E-19 -.9900E-19 -.9900E-19 -.9900E-19 -.9900E-19
92.38 92.38 97.54 124.7 118.3 75.59 75.59 75.59 75.59 43.77 75.59 75.59 119.1 129.5 108.7 132.2 111.8 154.5 101.2 84.77 94.28 79.37 74.15 74.15 74.15 74.15 74.15 75.39 122.1 126.6 68.16 20.45 68.16 68.16 68.16 68.16 19.87 75.15 75.15 75.15 19.87 19.87 66.22 19.87 19.87 19.87 66.22 75.15 77.82 57.43 -.9900E-19 -.9900E-19 -.9900E-19 -.9900E-19 -.9900E-19 -.9900E-19 -.9900E-19 -.9900E-19 -.9900E-19 -.9900E-19 -.9900E-19 -.9900E-19 -.9900E-19
89.88 124.7 124.7 81.95 75.59 75.59 75.59 75.59 75.59 82.46 75.59 75.59 128.7 149.2 76.37 34.15 79.08 79.56 122.3 84.77 99.77 94.56 89.34 89.34 74.15 83.85 116.9 116.9 22.25 68.16 85.44 25.66 25.66 68.16 68.16 78.67 75.15 75.15 75.15 19.87 19.87 19.87 19.87 19.87 19.87 66.22 80.37 83.04 -.9900E-19 -.9900E-19 -.9900E-19 -.9900E-19 -.9900E-19 -.9900E-19 -.9900E-19 -.9900E-19 -.9900E-19 -.9900E-19 -.9900E-19 -.9900E-19 -.9900E-19 -.9900E-19 -.9900E-19
127.4 84.66 81.95 81.95 75.59 75.59 75.59 75.59 75.59 75.59 75.59 75.59 75.59 108.7 96.07 75.59 79.08 90.75 90.75 127.5 79.37 89.34 89.34 89.34 132.1 116.9 89.34 22.25 74.15 68.16 85.44 73.38 83.89 78.67 78.67 78.67 75.15 75.15 75.15 21.86 19.87 19.87 19.87 75.15 66.22 66.22 25.08 77.82 -.9900E-19 -.9900E-19 -.9900E-19 -.9900E-19 -.9900E-19 -.9900E-19 -.9900E-19 -.9900E-19 -.9900E-19 -.9900E-19 -.9900E-19 -.9900E-19 -.9900E-19 -.9900E-19 -.9900E-19
84.66 84.66 81.95 81.95 75.59 75.59 75.59 75.59 75.59 75.59 75.59 75.59 75.59 118.3 119.1 76.37 83.44 100.5 96.11 84.77 122.1 64.96 132.1 116.9 116.9 79.37 74.15 22.25 27.46 79.37 78.67 78.67 78.67 78.67 78.67 78.67 75.15 75.15 19.87 19.87 19.87 75.15 75.15 75.15 75.15 108.9 132.0 84.53 69.73 -.9900E-19 -.9900E-19 -.9900E-19 -.9900E-19 -.9900E-19 -.9900E-19 -.9900E-19 -.9900E-19 -.9900E-19 -.9900E-19 -.9900E-19 -.9900E-19 -.9900E-19 -.9900E-19
81.95 81.95 81.95 81.95 75.59 75.59 75.59 75.59 75.59 75.59 75.59 75.59 75.59 75.59 119.1 91.23 100.5 100.5 79.56 89.99 152.5 116.9 116.9 131.8 122.1 43.11 105.4 89.80 114.5 84.58 78.67 78.67 78.67 78.67 78.67 78.67 75.15 75.15 66.22 66.22 75.15 75.15 75.15 75.15 114.2 75.15 76.92 26.73 69.73 -.9900E-19 -.9900E-19 -.9900E-19 -.9900E-19 -.9900E-19 -.9900E-19 -.9900E-19 -.9900E-19 -.9900E-19 -.9900E-19 -.9900E-19 -.9900E-19 -.9900E-19 -.9900E-19
77.89 77.89 77.89 77.89 72.15 72.15 72.15 82.58 93.01 72.15 72.15 42.34 72.15 72.15 78.88 133.9 75.79 75.79 75.79 111.1 114.4 85.89 90.11 103.2 111.6 150.9 150.9 135.3 92.54 87.33 80.34 75.48 75.48 75.48 75.48 75.48 73.02 75.95 73.02 73.02 73.02 73.02 62.24 72.67 85.89 70.24 77.16 82.37 68.03 -.9900E-19 -.9900E-19 -.9900E-19 -.9900E-19 -.9900E-19 -.9900E-19 -.9900E-19 -.9900E-19 -.9900E-19 -.9900E-19 -.9900E-19 -.9900E-19 -.9900E-19 -.9900E-19
77.89 77.89 77.89 77.89 72.15 72.15 72.15 82.58 84.27 72.15 72.15 72.15 72.15 72.15 72.15 128.6 125.1 118.5 61.68 18.96 67.27 85.89 91.10 122.4 118.6 108.2 68.44 95.51 135.3 95.91 71.68 75.48 75.48 75.48 75.48 75.48 73.02 73.02 73.02 73.02 73.02 107.8 67.46 123.4 128.6 130.3 82.37 70.24 68.03 -.9900E-19 -.9900E-19 -.9900E-19 -.9900E-19 -.9900E-19 -.9900E-19 -.9900E-19 -.9900E-19 -.9900E-19 -.9900E-19 -.9900E-19 -.9900E-19 -.9900E-19 -.9900E-19
77.89 77.89 77.89 77.89 72.15 72.15 72.15 72.15 114.9 72.15 72.15 72.15 72.15 72.15 72.25 105.9 111.1 29.39 18.96 63.21 60.17 71.68 85.89 91.10 87.33 47.58 113.4 103.0 97.76 156.1 150.9 120.6 75.48 75.48 75.48 75.48 73.02 73.02 115.7 115.7 107.8 113.0 118.2 133.8 135.5 136.7 85.89 75.46 73.24 -.9900E-19 -.9900E-19 -.9900E-19 -.9900E-19 -.9900E-19 -.9900E-19 -.9900E-19 -.9900E-19 -.9900E-19 -.9900E-19 -.9900E-19 -.9900E-19 -.9900E-19 -.9900E-19
77.89 77.89 77.89 77.89 72.15 72.15 72.15 72.15 72.15 114.9 72.15 72.15 72.15 114.9 105.9 125.4 92.43 84.94 63.21 72.25 68.00 68.00 85.89 85.89 88.37 82.11 91.10 82.66 91.29 52.79 58.01 133.5 123.1 118.2 118.2 118.2 115.7 115.7 73.02 70.30 80.67 85.89 129.4 145.1 128.6 87.59 101.0 92.80 80.67 -.9900E-19 -.9900E-19 -.9900E-19 -.9900E-19 -.9900E-19 -.9900E-19 -.9900E-19 -.9900E-19 -.9900E-19 -.9900E-19 -.9900E-19 -.9900E-19 -.9900E-19 -.9900E-19
77.89 77.89 77.89 77.89 72.15 72.15 72.15 72.15 72.15 114.9 72.15 72.15 114.9 105.9 105.9 126.8 121.6 111.1 61.68 63.21 60.17 60.17 82.66 85.89 85.89 76.90 68.00 77.45 77.28 73.21 60.17 85.56 76.90 75.48 75.48 75.48 73.02 73.02 70.30 84.91 103.2 118.2 86.73 86.73 95.77 90.55 90.55 95.77 82.37 -.9900E-19 -.9900E-19 -.9900E-19 -.9900E-19 -.9900E-19 -.9900E-19 -.9900E-19 -.9900E-19 -.9900E-19 -.9900E-19 -.9900E-19 -.9900E-19 -.9900E-19 -.9900E-19
77.89 77.89 77.89 77.89 72.15 72.15 72.15 72.15 72.15 114.9 106.1 106.1 82.00 82.00 105.9 73.64 97.65 68.42 105.9 116.4 134.2 118.5 87.88 87.88 82.66 75.82 75.82 87.88 65.39 77.45 77.45 82.66 68.06 71.68 75.48 75.48 65.09 82.12 75.46 85.89 85.89 129.4 75.46 26.29 90.55 90.55 90.55 90.55 82.37 -.9900E-19 -.9900E-19 -.9900E-19 -.9900E-19 -.9900E-19 -.9900E-19 -.9900E-19 -.9900E-19 -.9900E-19 -.9900E-19 -.9900E-19 -.9900E-19 -.9900E-19 -.9900E-19
77.89 77.89 77.89 77.89 72.15 72.15 72.15 72.15 120.9 114.9 79.86 79.86 79.73 79.73 105.9 82.00 82.00 68.42 111.1 93.11 94.07 83.64 76.41 70.60 86.25 59.77 44.13 70.60 60.17 77.45 77.45 77.45 77.45 82.11 66.06 66.06 78.24 87.98 82.77 86.73 75.46 125.1 80.67 95.93 90.28 90.28 90.28 82.06 -.9900E-19 68.03 -.9900E-19 -.9900E-19 -.9900E-19 -.9900E-19 -.9900E-19 -.9900E-19 -.9900E-19 -.9900E-19 -.9900E-19 -.9900E-19 -.9900E-19 -.9900E-19 -.9900E-19
77.89 77.89 77.89 71.01 72.15 72.15 114.9 106.1 72.15 72.15 79.86 79.86 79.73 79.73 105.9 63.21 87.22 73.64 132.0 45.04 73.21 70.60 38.91 118.5 86.25 86.25 107.1 86.25 60.17 77.45 75.65 77.45 82.11 82.11 80.34 82.11 26.29 85.89 98.41 82.77 69.00 141.1 80.67 75.46 90.28 90.28 90.28 82.06 -.9900E-19 -.9900E-19 -.9900E-19 -.9900E-19 -.9900E-19 -.9900E-19 -.9900E-19 -.9900E-19 -.9900E-19 -.9900E-19 -.9900E-19 -.9900E-19 -.9900E-19 -.9900E-19 -.9900E-19
110.6 77.89 77.89 77.89 114.9 106.1 72.15 72.15 63.41 79.86 79.86 79.73 90.16 78.85 111.1 71.45 87.22 84.94 78.85 89.28 49.34 96.68 99.29 78.43 113.3 38.91 80.63 114.0 75.65 76.90 85.89 90.11 71.68 76.90 82.11 37.15 80.67 91.10 74.22 125.5 75.46 77.16 125.1 74.48 90.28 82.06 82.06 68.03 -.9900E-19 -.9900E-19 -.9900E-19 -.9900E-19 -.9900E-19 -.9900E-19 -.9900E-19 -.9900E-19 -.9900E-19 -.9900E-19 -.9900E-19 -.9900E-19 -.9900E-19 -.9900E-19 -.9900E-19
110.6 110.6 120.6 120.6 114.9 72.15 72.15 72.15 63.41 79.86 79.86 79.73 82.00 78.85 111.1 79.73 79.73 82.00 72.25 73.64 49.34 112.3 93.09 65.39 73.21 135.8 141.0 77.45 93.09 82.11 82.11 106.3 95.48 85.56 80.34 133.5 133.8 128.6 75.46 70.24 77.16 134.7 130.3 91.94 86.73 -.9900E-19 -.9900E-19 -.9900E-19 -.9900E-19 -.9900E-19 -.9900E-19 -.9900E-19 -.9900E-19 -.9900E-19 -.9900E-19 -.9900E-19 -.9900E-19 -.9900E-19 -.9900E-19 -.9900E-19 -.9900E-19 -.9900E-19 -.9900E-19
77.89 77.89 77.89 77.89 72.15 77.36 73.84 87.21 87.21 85.07 79.73 79.73 63.21 105.9 77.47 82.00 82.00 79.73 72.25 82.68 86.25 81.03 75.65 78.43 70.60 102.9 120.2 73.21 90.77 82.37 82.11 82.11 95.12 95.12 114.4 119.6 85.89 80.67 77.16 86.73 74.48 123.4 97.16 86.73 82.06 -.9900E-19 -.9900E-19 -.9900E-19 -.9900E-19 -.9900E-19 -.9900E-19 -.9900E-19 -.9900E-19 -.9900E-19 -.9900E-19 -.9900E-19 -.9900E-19 -.9900E-19 -.9900E-19 -.9900E-19 -.9900E-19 -.9900E-19 -.9900E-19
82.24 83.11 93.16 77.90 63.41 89.26 79.05 87.79 73.84 73.84 82.00 82.00 77.47 127.7 84.94 84.94 82.00 79.73 77.47 78.85 78.43 73.21 77.45 77.45 113.3 135.8 77.45 90.11 90.11 85.89 80.34 21.50 21.50 95.12 128.3 82.11 90.69 90.97 90.97 90.97 86.73 119.9 75.46 82.06 68.03 -.9900E-19 -.9900E-19 -.9900E-19 -.9900E-19 -.9900E-19 -.9900E-19 -.9900E-19 -.9900E-19 -.9900E-19 -.9900E-19 -.9900E-19 -.9900E-19 -.9900E-19 -.9900E-19 -.9900E-19 -.9900E-19 -.9900E-19 -.9900E-19
88.79 100.9 90.46 85.25 79.86 77.36 79.05 45.10 84.27 87.22 82.00 82.00 126.8 89.28 90.16 82.00 79.73 79.73 79.73 77.47 80.86 75.65 75.82 86.08 118.5 86.25 75.65 75.65 75.65 85.89 90.11 85.89 85.89 123.1 85.56 85.56 90.69 90.97 90.97 82.06 82.06 68.03 68.03 68.03 68.03 -.9900E-19 -.9900E-19 -.9900E-19 -.9900E-19 -.9900E-19 -.9900E-19 -.9900E-19 -.9900E-19 -.9900E-19 -.9900E-19 -.9900E-19 -.9900E-19 -.9900E-19 -.9900E-19 -.9900E-19 -.9900E-19 -.9900E-19 -.9900E-19
78.36 85.25 85.25 87.94 82.00 85.07 63.41 73.84 82.58 82.00 82.00 116.4 45.04 100.6 87.22 82.00 79.73 82.00 79.73 79.73 75.65 82.66 91.46 118.5 121.1 86.08 75.65 75.65 75.65 90.11 85.89 90.11 90.11 80.34 71.68 85.10 68.03 82.06 82.06 68.03 68.03 -.9900E-19 -.9900E-19 -.9900E-19 -.9900E-19 -.9900E-19 -.9900E-19 -.9900E-19 -.9900E-19 -.9900E-19 -.9900E-19 -.9900E-19 -.9900E-19 -.9900E-19 -.9900E-19 -.9900E-19 -.9900E-19 -.9900E-19 -.9900E-19 -.9900E-19 -.9900E-19 -.9900E-19 -.9900E-19
83.11 87.94 94.47 87.94 79.86 82.58 77.36 87.21 87.22 87.22 111.1 92.43 92.43 79.73 79.73 87.22 82.00 82.00 82.00 79.73 80.86 78.43 108.1 110.7 77.45 75.65 75.65 75.65 75.65 75.65 77.45 90.11 100.5 90.11 90.11 85.10 -.9900E-19 -.9900E-19 -.9900E-19 -.9900E-19 -.9900E-19 -.9900E-19 -.9900E-19 -.9900E-19 -.9900E-19 -.9900E-19 -.9900E-19 -.9900E-19 -.9900E-19 -.9900E-19 -.9900E-19 -.9900E-19 -.9900E-19 -.9900E-19 -.9900E-19 -.9900E-19 -.9900E-19 -.9900E-19 -.9900E-19 -.9900E-19 -.9900E-19 -.9900E-19 -.9900E-19
83.62 93.16 83.11 87.94 79.86 85.07 77.37 73.84 73.64 121.6 84.07 97.65 82.00 82.00 82.00 77.47 77.47 82.00 82.00 79.73 72.48 115.2 128.8 77.45 60.17 77.45 75.65 75.65 75.65 63.44 90.11 80.35 90.78 100.5 90.11 69.83 -.9900E-19 -.9900E-19 -.9900E-19 -.9900E-19 -.9900E-19 -.9900E-19 -.9900E-19 -.9900E-19 -.9900E-19 -.9900E-19 -.9900E-19 -.9900E-19 -.9900E-19 -.9900E-19 -.9900E-19 -.9900E-19 -.9900E-19 -.9900E-19 -.9900E-19 -.9900E-19 -.9900E-19 -.9900E-19 -.9900E-19 -.9900E-19 -.9900E-19 -.9900E-19 -.9900E-19
88.43 83.81 83.50 85.88 77.01 77.01 66.79 114.9 109.6 72.14 85.26 79.04 79.04 79.04 66.92 74.83 69.62 77.20 84.25 82.42 75.79 109.4 77.08 86.22 75.79 75.79 79.52 74.30 74.30 87.39 87.39 87.39 87.39 87.39 68.33 -.9900E-19 -.9900E-19 -.9900E-19 -.9900E-19 -.9900E-19 -.9900E-19 -.9900E-19 -.9900E-19 -.9900E-19 -.9900E-19 -.9900E-19 -.9900E-19 -.9900E-19 -.9900E-19 -.9900E-19 -.9900E-19 -.9900E-19 -.9900E-19 -.9900E-19 -.9900E-19 -.9900E-19 -.9900E-19 -.9900E-19 -.9900E-19 -.9900E-19 -.9900E-19 -.9900E-19 -.9900E-19
93.65 89.40 86.76 80.66 77.01 77.01 114.7 66.92 61.71 77.20 79.04 79.04 79.04 79.04 84.25 69.62 79.04 84.25 87.63 66.92 75.79 120.1 77.33 77.33 75.79 70.06 70.06 75.79 74.30 87.39 87.39 87.39 87.39 68.33 -.9900E-19 -.9900E-19 -.9900E-19 -.9900E-19 -.9900E-19 -.9900E-19 -.9900E-19 -.9900E-19 -.9900E-19 -.9900E-19 -.9900E-19 -.9900E-19 -.9900E-19 -.9900E-19 -.9900E-19 -.9900E-19 -.9900E-19 -.9900E-19 -.9900E-19 -.9900E-19 -.9900E-19 -.9900E-19 -.9900E-19 -.9900E-19 -.9900E-19 -.9900E-19 -.9900E-19 -.9900E-19 -.9900E-19
