Sensitivity_testing/input/Gridded_temps/prism_tmin_tutuila_30yr_normal_03.asc
ncols         700
nrows         400
xllcorner     515000
yllcorner     8409000
cellsize      50
NODATA_value  -9999
[rows 105 to 139 of 400, columns 385 to 461 of 700]
23.28 23.34 23.45 23.56 23.68 23.77 23.86 23.89 23.88 23.79 23.71 23.65 23.67 23.73 23.75 23.77 23.86 23.94 23.97 24.03 24.11 24.16 24.2 24.26 24.33 24.44 24.49 24.39 24.29 24.17 24.02 23.87 23.68 23.5 23.4 23.31 23.23 23.14 23.04 23.04 23.07 23.18 23.3 23.41 23.52 23.65 23.8 23.95 24 24.01 24.01 24 23.9 23.81 23.74 23.81 23.99 24.22 24.46 24.68 24.88 25 25.09 25.13 25.14 25.15 25.15 25.14 25.12 25.09 25 24.89 24.76 24.65 24.55 24.5 24.47
23.23 23.31 23.42 23.53 23.64 23.73 23.81 23.81 23.78 23.69 23.61 23.55 23.56 23.61 23.65 23.69 23.78 23.85 23.88 23.91 23.96 23.99 24.02 24.05 24.1 24.25 24.34 24.26 24.12 23.93 23.79 23.66 23.54 23.42 23.34 23.26 23.17 23.08 22.98 23 23.06 23.17 23.27 23.35 23.43 23.52 23.61 23.69 23.71 23.7 23.69 23.68 23.63 23.64 23.72 23.87 24.07 24.29 24.52 24.71 24.9 25.01 25.09 25.12 25.14 25.14 25.14 25.14 25.11 25.08 24.99 24.89 24.78 24.66 24.55 24.45 24.35
23.19 23.27 23.39 23.5 23.6 23.69 23.76 23.74 23.69 23.59 23.51 23.45 23.46 23.5 23.55 23.61 23.7 23.76 23.78 23.79 23.8 23.82 23.83 23.84 23.87 24.06 24.18 24.12 23.96 23.7 23.56 23.46 23.4 23.34 23.28 23.21 23.12 23.03 22.93 22.97 23.06 23.15 23.23 23.28 23.33 23.39 23.43 23.44 23.42 23.4 23.37 23.36 23.39 23.48 23.72 23.94 24.16 24.37 24.57 24.75 24.92 25.01 25.09 25.12 25.13 25.14 25.14 25.13 25.1 25.07 24.98 24.89 24.79 24.67 24.55 24.4 24.24
23.17 23.25 23.36 23.46 23.56 23.63 23.69 23.66 23.61 23.51 23.43 23.36 23.38 23.44 23.51 23.59 23.65 23.7 23.71 23.7 23.68 23.67 23.68 23.68 23.7 23.88 23.99 23.93 23.79 23.58 23.43 23.32 23.28 23.24 23.2 23.16 23.09 23.01 22.91 22.95 23.03 23.09 23.15 23.2 23.25 23.3 23.32 23.3 23.27 23.24 23.25 23.28 23.4 23.56 23.82 24.05 24.25 24.44 24.63 24.79 24.94 25.02 25.08 25.11 25.13 25.13 25.13 25.12 25.1 25.07 25 24.91 24.81 24.68 24.53 24.35 24.16
23.13 23.22 23.32 23.42 23.51 23.57 23.62 23.58 23.53 23.44 23.36 23.29 23.32 23.38 23.47 23.56 23.59 23.62 23.63 23.61 23.55 23.53 23.53 23.52 23.53 23.7 23.8 23.75 23.64 23.46 23.32 23.19 23.16 23.13 23.13 23.11 23.05 22.98 22.89 22.92 22.98 23.02 23.06 23.12 23.17 23.21 23.21 23.17 23.14 23.1 23.15 23.22 23.42 23.64 23.91 24.14 24.34 24.51 24.67 24.82 24.95 25.02 25.08 25.1 25.12 25.13 25.12 25.12 25.1 25.08 25.01 24.93 24.83 24.69 24.52 24.31 24.09
23.08 23.17 23.28 23.38 23.46 23.5 23.53 23.5 23.45 23.38 23.31 23.25 23.28 23.36 23.43 23.5 23.49 23.49 23.53 23.51 23.44 23.4 23.37 23.37 23.39 23.54 23.64 23.62 23.53 23.36 23.22 23.09 23.05 23.03 23.05 23.04 23 22.93 22.84 22.86 22.9 22.93 22.97 23.03 23.08 23.12 23.11 23.07 23.04 23.03 23.12 23.24 23.48 23.72 23.97 24.19 24.37 24.54 24.69 24.82 24.94 25.01 25.07 25.09 25.11 25.11 25.11 25.09 25.08 25.06 25.01 24.94 24.84 24.69 24.5 24.28 24.05
23.04 23.13 23.24 23.32 23.39 23.42 23.44 23.41 23.38 23.32 23.26 23.2 23.23 23.3 23.37 23.43 23.39 23.38 23.42 23.4 23.34 23.28 23.22 23.24 23.28 23.41 23.49 23.5 23.43 23.28 23.14 23 22.96 22.93 22.97 22.98 22.95 22.88 22.79 22.78 22.81 22.84 22.87 22.94 22.99 23.03 23.02 22.97 22.96 22.96 23.1 23.25 23.52 23.78 24.02 24.23 24.41 24.56 24.71 24.82 24.93 25 25.05 25.07 25.09 25.1 25.09 25.07 25.04 25.01 24.97 24.91 24.81 24.67 24.48 24.25 24.01
23.02 23.11 23.19 23.25 23.29 23.32 23.34 23.32 23.29 23.26 23.21 23.14 23.15 23.21 23.28 23.33 23.3 23.28 23.3 23.29 23.25 23.18 23.09 23.13 23.2 23.31 23.38 23.39 23.33 23.22 23.09 22.95 22.89 22.86 22.9 22.93 22.9 22.83 22.72 22.69 22.7 22.73 22.77 22.84 22.89 22.93 22.92 22.87 22.88 22.92 23.09 23.27 23.54 23.8 24.05 24.26 24.44 24.58 24.72 24.82 24.91 24.97 25.02 25.05 25.07 25.08 25.06 25.02 24.97 24.92 24.86 24.8 24.73 24.61 24.44 24.22 23.97
22.97 23.05 23.11 23.15 23.19 23.22 23.24 23.23 23.21 23.19 23.14 23.07 23.07 23.12 23.19 23.25 23.22 23.2 23.2 23.19 23.18 23.1 23 23.05 23.12 23.2 23.25 23.26 23.23 23.14 23.03 22.9 22.83 22.78 22.83 22.85 22.83 22.77 22.66 22.64 22.64 22.68 22.72 22.76 22.8 22.82 22.81 22.77 22.81 22.88 23.07 23.28 23.55 23.82 24.06 24.27 24.44 24.58 24.7 24.79 24.87 24.92 24.97 25.02 25.05 25.06 25.04 25.01 24.95 24.88 24.8 24.72 24.65 24.54 24.4 24.21 24
22.89 22.96 23 23.04 23.08 23.11 23.13 23.13 23.13 23.11 23.06 22.99 22.99 23.02 23.1 23.17 23.15 23.13 23.11 23.11 23.11 23.05 22.96 22.99 23.04 23.08 23.12 23.14 23.11 23.05 22.96 22.86 22.77 22.7 22.74 22.75 22.75 22.7 22.62 22.61 22.63 22.66 22.7 22.7 22.71 22.71 22.7 22.68 22.75 22.85 23.06 23.29 23.57 23.83 24.07 24.26 24.43 24.55 24.67 24.74 24.81 24.87 24.92 24.98 25.02 25.05 25.04 25.02 24.96 24.89 24.77 24.67 24.58 24.48 24.35 24.22 24.09
22.78 22.85 22.91 22.97 23.04 23.08 23.11 23.1 23.1 23.07 23.03 22.96 22.95 22.96 23.03 23.09 23.07 23.06 23.03 23.02 23.03 22.97 22.89 22.89 22.91 22.95 22.98 23.01 22.99 22.93 22.85 22.77 22.71 22.66 22.7 22.73 22.74 22.72 22.67 22.7 22.75 22.78 22.79 22.75 22.72 22.71 22.7 22.7 22.76 22.85 23.08 23.32 23.6 23.85 24.06 24.23 24.37 24.49 24.6 24.66 24.72 24.77 24.82 24.89 24.94 24.99 25.01 25.01 24.97 24.92 24.81 24.72 24.63 24.54 24.43 24.34 24.25
22.66 22.74 22.82 22.92 23.02 23.07 23.1 23.09 23.08 23.06 23.01 22.95 22.92 22.91 22.96 23.02 23 22.98 22.94 22.93 22.94 22.88 22.81 22.78 22.77 22.8 22.84 22.88 22.87 22.8 22.73 22.66 22.64 22.63 22.68 22.72 22.77 22.78 22.77 22.83 22.91 22.93 22.94 22.84 22.78 22.76 22.76 22.76 22.8 22.86 23.11 23.37 23.64 23.87 24.04 24.18 24.29 24.4 24.51 24.56 24.6 24.64 24.7 24.77 24.85 24.92 24.96 25 24.99 24.96 24.89 24.82 24.75 24.67 24.57 24.5 24.44
22.87 22.99 23.12 23.23 23.32 23.37 23.42 23.42 23.41 23.4 23.34 23.25 23.17 23.09 23.05 23.02 22.96 22.91 22.89 22.87 22.87 22.81 22.74 22.69 22.66 22.68 22.71 22.75 22.75 22.71 22.68 22.66 22.72 22.8 22.88 22.96 23.03 23.06 23.06 23.1 23.16 23.21 23.24 23.15 23.07 22.99 22.94 22.91 22.9 22.89 23.1 23.33 23.58 23.79 23.94 24.06 24.17 24.25 24.34 24.38 24.42 24.47 24.53 24.63 24.73 24.82 24.9 24.96 24.97 24.97 24.91 24.85 24.79 24.71 24.63 24.55 24.47
23.11 23.28 23.46 23.57 23.64 23.71 23.77 23.77 23.77 23.76 23.7 23.59 23.45 23.3 23.18 23.06 22.95 22.86 22.85 22.84 22.82 22.76 22.68 22.62 22.56 22.57 22.58 22.61 22.63 22.63 22.65 22.67 22.83 22.99 23.11 23.23 23.33 23.38 23.37 23.39 23.42 23.5 23.56 23.49 23.4 23.25 23.15 23.08 23.01 22.93 23.09 23.27 23.5 23.7 23.83 23.94 24.03 24.1 24.16 24.19 24.22 24.27 24.35 24.48 24.6 24.73 24.83 24.92 24.95 24.96 24.92 24.87 24.81 24.74 24.67 24.57 24.47
23.48 23.65 23.81 23.9 23.96 24.02 24.06 24.06 24.06 24.07 24.02 23.92 23.81 23.7 23.58 23.45 23.33 23.24 23.19 23.14 23.08 22.94 22.78 22.66 22.56 22.55 22.56 22.61 22.66 22.72 22.76 22.8 22.99 23.19 23.37 23.53 23.64 23.69 23.69 23.69 23.7 23.79 23.86 23.81 23.74 23.62 23.49 23.35 23.23 23.11 23.19 23.28 23.41 23.54 23.65 23.74 23.82 23.88 23.94 23.99 24.05 24.14 24.25 24.39 24.53 24.66 24.78 24.88 24.91 24.93 24.86 24.79 24.7 24.63 24.57 24.47 24.36
23.82 23.98 24.12 24.2 24.26 24.29 24.32 24.32 24.32 24.34 24.3 24.23 24.14 24.06 23.94 23.82 23.7 23.6 23.54 23.45 23.35 23.16 22.94 22.77 22.62 22.58 22.57 22.62 22.71 22.81 22.88 22.93 23.15 23.38 23.62 23.82 23.93 23.98 23.98 23.98 23.97 24.07 24.15 24.11 24.05 23.96 23.81 23.62 23.47 23.32 23.32 23.33 23.37 23.42 23.5 23.56 23.63 23.69 23.75 23.83 23.91 24.03 24.17 24.33 24.47 24.61 24.73 24.84 24.88 24.89 24.8 24.71 24.6 24.52 24.46 24.36 24.24
24.05 24.19 24.31 24.38 24.44 24.47 24.51 24.49 24.49 24.49 24.47 24.4 24.34 24.27 24.19 24.11 24.01 23.93 23.87 23.79 23.67 23.51 23.32 23.09 22.87 22.74 22.67 22.73 22.82 22.93 23.02 23.11 23.3 23.52 23.8 24.03 24.14 24.19 24.21 24.21 24.21 24.27 24.31 24.28 24.23 24.15 24.03 23.88 23.76 23.65 23.61 23.58 23.54 23.51 23.49 23.49 23.51 23.59 23.68 23.81 23.94 24.09 24.23 24.38 24.51 24.62 24.72 24.82 24.85 24.85 24.75 24.63 24.49 24.38 24.3 24.2 24.09
24.26 24.38 24.48 24.55 24.6 24.64 24.67 24.66 24.65 24.64 24.62 24.57 24.52 24.47 24.41 24.36 24.28 24.21 24.16 24.07 23.95 23.81 23.66 23.41 23.15 22.95 22.83 22.87 22.96 23.09 23.21 23.32 23.49 23.68 23.97 24.2 24.31 24.38 24.4 24.42 24.43 24.45 24.47 24.44 24.39 24.33 24.23 24.11 24.01 23.94 23.88 23.82 23.73 23.64 23.55 23.5 23.48 23.55 23.65 23.8 23.96 24.12 24.26 24.39 24.5 24.6 24.7 24.79 24.82 24.82 24.71 24.58 24.42 24.28 24.17 24.07 23.97
24.44 24.54 24.63 24.69 24.74 24.77 24.8 24.8 24.79 24.79 24.77 24.73 24.68 24.63 24.58 24.53 24.46 24.4 24.35 24.27 24.16 24.05 23.93 23.69 23.45 23.25 23.11 23.08 23.15 23.31 23.46 23.61 23.73 23.86 24.09 24.29 24.43 24.51 24.55 24.57 24.59 24.59 24.59 24.56 24.52 24.46 24.38 24.29 24.22 24.15 24.1 24.04 23.96 23.88 23.79 23.7 23.63 23.64 23.68 23.82 23.96 24.09 24.2 24.31 24.41 24.52 24.63 24.74 24.78 24.8 24.72 24.6 24.42 24.26 24.11 24.02 23.94
24.6 24.69 24.77 24.82 24.86 24.89 24.91 24.91 24.91 24.9 24.89 24.86 24.82 24.77 24.73 24.68 24.62 24.57 24.51 24.43 24.34 24.24 24.14 23.94 23.74 23.57 23.44 23.37 23.42 23.57 23.73 23.9 23.99 24.09 24.26 24.42 24.55 24.63 24.67 24.7 24.72 24.71 24.7 24.68 24.64 24.58 24.52 24.45 24.39 24.33 24.27 24.22 24.15 24.07 23.98 23.88 23.78 23.74 23.71 23.8 23.89 24 24.1 24.19 24.3 24.41 24.54 24.66 24.73 24.77 24.72 24.62 24.47 24.3 24.14 24.05 23.98
24.75 24.82 24.88 24.92 24.96 24.98 25 25 25 25 24.99 24.97 24.94 24.9 24.86 24.81 24.76 24.71 24.65 24.58 24.49 24.39 24.29 24.16 24.03 23.91 23.81 23.74 23.75 23.85 24.01 24.2 24.27 24.34 24.45 24.56 24.67 24.74 24.77 24.8 24.82 24.81 24.8 24.77 24.74 24.69 24.64 24.58 24.52 24.46 24.41 24.36 24.3 24.22 24.13 24.03 23.93 23.83 23.74 23.74 23.75 23.85 23.94 24.04 24.15 24.27 24.42 24.56 24.65 24.72 24.7 24.66 24.55 24.42 24.26 24.17 24.1
24.87 24.92 24.96 24.99 25.02 25.03 25.05 25.05 25.05 25.05 25.05 25.03 25.01 24.98 24.95 24.92 24.87 24.82 24.77 24.71 24.62 24.54 24.45 24.36 24.27 24.19 24.12 24.05 24.05 24.11 24.24 24.41 24.47 24.54 24.61 24.69 24.78 24.83 24.87 24.89 24.91 24.9 24.88 24.85 24.82 24.78 24.73 24.68 24.63 24.57 24.52 24.47 24.4 24.33 24.24 24.14 24.03 23.91 23.79 23.68 23.59 23.67 23.75 23.87 24 24.15 24.3 24.45 24.56 24.65 24.67 24.66 24.6 24.51 24.39 24.3 24.22
24.98 25.01 25.03 25.05 25.06 25.07 25.08 25.08 25.09 25.09 25.08 25.08 25.06 25.05 25.03 25.01 24.97 24.93 24.88 24.82 24.75 24.68 24.62 24.55 24.49 24.44 24.39 24.35 24.34 24.36 24.46 24.57 24.64 24.71 24.76 24.82 24.88 24.93 24.95 24.96 24.98 24.97 24.95 24.92 24.89 24.85 24.81 24.76 24.71 24.66 24.61 24.55 24.49 24.42 24.32 24.21 24.09 23.98 23.86 23.62 23.43 23.47 23.54 23.69 23.85 24.03 24.18 24.33 24.45 24.57 24.62 24.64 24.62 24.58 24.52 24.43 24.34
25.03 25.05 25.06 25.07 25.08 25.08 25.09 25.09 25.09 25.09 25.09 25.09 25.08 25.08 25.07 25.05 25.03 25 24.97 24.92 24.87 24.81 24.76 24.71 24.66 24.62 24.58 24.55 24.54 24.54 24.61 24.71 24.77 24.83 24.87 24.92 24.96 24.99 25.01 25.01 25.02 25.01 25 24.97 24.94 24.9 24.86 24.81 24.77 24.72 24.65 24.59 24.52 24.44 24.33 24.21 24.07 23.94 23.8 23.47 23.19 23.14 23.19 23.39 23.61 23.84 24.01 24.16 24.33 24.48 24.54 24.58 24.58 24.56 24.54 24.48 24.41
25.07 25.08 25.09 25.09 25.09 25.09 25.1 25.1 25.1 25.1 25.1 25.1 25.1 25.1 25.09 25.09 25.08 25.06 25.04 25.01 24.98 24.94 24.9 24.86 24.81 24.78 24.75 24.73 24.71 24.71 24.76 24.83 24.89 24.94 24.98 25.01 25.04 25.05 25.06 25.06 25.06 25.05 25.04 25.01 24.98 24.94 24.9 24.86 24.81 24.76 24.68 24.61 24.54 24.45 24.33 24.19 24.03 23.87 23.7 23.29 22.93 22.78 22.79 23.06 23.34 23.63 23.82 23.99 24.2 24.38 24.45 24.5 24.51 24.52 24.53 24.5 24.47
25.08 25.09 25.09 25.09 25.09 25.09 25.09 25.1 25.1 25.1 25.1 25.1 25.1 25.1 25.1 25.09 25.09 25.08 25.07 25.05 25.03 25.01 24.99 24.96 24.93 24.9 24.88 24.86 24.85 24.85 24.89 24.93 24.97 25.01 25.03 25.05 25.06 25.07 25.08 25.07 25.07 25.06 25.05 25.02 24.99 24.93 24.88 24.84 24.78 24.73 24.64 24.56 24.48 24.4 24.29 24.15 23.99 23.76 23.51 23.06 22.68 22.58 22.62 22.9 23.18 23.48 23.72 23.95 24.15 24.32 24.36 24.39 24.4 24.42 24.46 24.44 24.41
25.09 25.09 25.09 25.09 25.09 25.09 25.09 25.1 25.1 25.1 25.1 25.1 25.1 25.1 25.1 25.1 25.1 25.1 25.09 25.09 25.08 25.07 25.06 25.05 25.03 25.01 24.99 24.98 24.98 24.99 25 25.02 25.05 25.06 25.08 25.08 25.09 25.09 25.09 25.09 25.08 25.08 25.06 25.03 24.99 24.93 24.87 24.82 24.76 24.69 24.59 24.5 24.42 24.33 24.24 24.11 23.94 23.65 23.32 22.85 22.45 22.4 22.47 22.76 23.04 23.33 23.63 23.92 24.1 24.25 24.27 24.28 24.28 24.32 24.39 24.37 24.34
25.09 25.09 25.09 25.09 25.09 25.09 25.09 25.09 25.09 25.09 25.1 25.1 25.1 25.1 25.1 25.1 25.1 25.1 25.1 25.1 25.09 25.09 25.09 25.08 25.07 25.06 25.05 25.04 25.04 25.05 25.06 25.07 25.08 25.09 25.09 25.1 25.1 25.1 25.1 25.09 25.09 25.08 25.07 25.04 24.99 24.93 24.87 24.82 24.73 24.64 24.51 24.38 24.26 24.16 24.09 24 23.9 23.6 23.25 22.81 22.44 22.35 22.41 22.7 22.99 23.28 23.56 23.84 23.99 24.11 24.1 24.11 24.14 24.19 24.25 24.24 24.21
25.09 25.09 25.09 25.09 25.09 25.09 25.09 25.09 25.09 25.09 25.09 25.1 25.1 25.1 25.1 25.1 25.1 25.1 25.1 25.1 25.1 25.1 25.1 25.1 25.1 25.09 25.09 25.09 25.09 25.09 25.1 25.1 25.1 25.1 25.11 25.11 25.1 25.1 25.1 25.1 25.09 25.08 25.06 25.03 24.98 24.91 24.85 24.79 24.68 24.56 24.4 24.25 24.11 23.99 23.92 23.86 23.79 23.5 23.15 22.75 22.41 22.31 22.36 22.65 22.94 23.24 23.49 23.73 23.85 23.94 23.93 23.94 23.98 24.04 24.1 24.1 24.09
25.08 25.08 25.09 25.09 25.09 25.09 25.09 25.09 25.09 25.09 25.09 25.09 25.09 25.09 25.1 25.1 25.1 25.1 25.1 25.1 25.1 25.1 25.1 25.1 25.1 25.1 25.1 25.1 25.1 25.1 25.11 25.11 25.11 25.11 25.11 25.11 25.11 25.11 25.11 25.1 25.09 25.07 25.05 25 24.94 24.85 24.77 24.69 24.56 24.41 24.23 24.07 23.93 23.81 23.69 23.59 23.5 23.26 22.97 22.62 22.33 22.29 22.36 22.62 22.9 23.19 23.38 23.56 23.62 23.68 23.7 23.73 23.78 23.84 23.92 23.96 24
25.08 25.08 25.09 25.09 25.09 25.09 25.09 25.09 25.09 25.09 25.09 25.09 25.09 25.09 25.09 25.1 25.1 25.1 25.1 25.1 25.1 25.1 25.1 25.1 25.1 25.1 25.1 25.11 25.11 25.11 25.11 25.11 25.11 25.11 25.11 25.11 25.11 25.11 25.11 25.1 25.09 25.06 25.02 24.94 24.85 24.75 24.66 24.58 24.42 24.24 24.07 23.91 23.77 23.62 23.46 23.33 23.21 22.99 22.75 22.48 22.27 22.27 22.36 22.6 22.85 23.11 23.23 23.31 23.34 23.38 23.43 23.5 23.57 23.66 23.78 23.85 23.92
25.08 25.08 25.08 25.09 25.09 25.09 25.09 25.09 25.09 25.09 25.09 25.09 25.09 25.09 25.09 25.09 25.1 25.1 25.1 25.1 25.1 25.1 25.1 25.1 25.1 25.1 25.1 25.1 25.1 25.11 25.11 25.11 25.11 25.11 25.11 25.11 25.11 25.11 25.11 25.09 25.08 25.02 24.96 24.82 24.7 24.59 24.5 24.43 24.27 24.07 23.92 23.78 23.62 23.45 23.24 23.06 22.91 22.7 22.47 22.33 22.21 22.26 22.37 22.58 22.78 22.98 23 22.97 22.98 23 23.11 23.23 23.36 23.51 23.68 23.79 23.88
25.08 25.08 25.08 25.08 25.09 25.09 25.09 25.09 25.09 25.09 25.09 25.09 25.09 25.09 25.09 25.09 25.09 25.1 25.1 25.1 25.1 25.1 25.1 25.1 25.1 25.1 25.1 25.1 25.1 25.11 25.11 25.11 25.11 25.11 25.11 25.11 25.11 25.11 25.11 25.08 25.05 24.97 24.88 24.7 24.55 24.41 24.32 24.25 24.09 23.9 23.75 23.59 23.41 23.21 22.99 22.82 22.67 22.52 22.37 22.29 22.24 22.29 22.38 22.55 22.69 22.81 22.78 22.71 22.74 22.8 22.97 23.14 23.29 23.47 23.65 23.76 23.84
25.08 25.08 25.08 25.08 25.08 25.08 25.08 25.09 25.09 25.09 25.09 25.09 25.09 25.09 25.09 25.09 25.09 25.09 25.09 25.09 25.1 25.1 25.1 25.1 25.1 25.1 25.1 25.1 25.1 25.1 25.1 25.11 25.11 25.11 25.11 25.11 25.11 25.11 25.1 25.07 25.03 24.91 24.78 24.58 24.39 24.24 24.12 24.04 23.9 23.74 23.56 23.38 23.15 22.93 22.74 22.6 22.48 22.43 22.39 22.36 22.34 22.36 22.41 22.51 22.58 22.63 22.59 22.52 22.62 22.74 22.98 23.19 23.36 23.51 23.66 23.75 23.82
25.08 25.08 25.08 25.08 25.08 25.08 25.08 25.08 25.09 25.09 25.09 25.09 25.09 25.09 25.09 25.09 25.09 25.09 25.09 25.09 25.09 25.1 25.1 25.1 25.1 25.1 25.1 25.1 25.1 25.1 25.1 25.11 25.11 25.11 25.11 25.11 25.11 25.1 25.09 25.05 24.99 24.84 24.69 24.51 24.34 24.19 24.07 23.98 23.84 23.69 23.53 23.35 23.12 22.91 22.73 22.61 22.53 22.56 22.61 22.61 22.6 22.56 22.53 22.52 22.52 22.52 22.5 22.47 22.63 22.81 23.07 23.28 23.42 23.54 23.64 23.7 23.75
