New_Model_Runs/16_Future_RCP8.5_Scn3_out/post_prcessed_with_MFR/net_infiltration_annual.asc
NCOLS 700
NROWS 400
XLLCENTER 515000.000000
YLLCENTER 8409000.000000
CELLSIZE 50.000000
NODATA_value -999.000000
[rows 140 to 174 of 400, columns 316 to 394 of 700]
78.25 78.25 78.25 78.25 80.28 80.28 80.28 80.28 82.87 82.87 82.87 82.87 107.49 107.49 107.49 107.49 94.87 140.07 70.66 91.56 144.13 107.29 72.46 85.55 47.20 76.82 68.10 67.43 67.43 64.30 63.07 63.07 0.00 0.00 0.00 0.00 0.00 0.00 0.00 0.00 0.00 0.00 0.00 0.00 0.00 0.00 0.00 0.00 0.00 0.00 0.00 0.00 0.00 0.00 0.00 0.00 0.00 0.00 0.00 0.00 0.00 0.00 0.00 0.00 0.00 0.00 0.00 0.00 0.00 0.00 0.00 0.00 0.00 0.00 0.00 0.00 0.00 0.00 0.00
78.25 78.25 78.25 78.25 98.77 89.47 80.28 80.28 82.87 82.87 82.87 82.87 107.49 107.49 108.02 103.59 146.31 135.70 144.43 90.12 96.30 86.88 131.68 42.83 97.69 164.97 144.86 153.59 136.04 131.68 85.55 67.43 58.70 58.70 63.07 136.04 71.03 71.03 69.17 92.39 0.00 0.00 0.00 0.00 0.00 0.00 0.00 0.00 0.00 0.00 0.00 0.00 0.00 0.00 0.00 0.00 0.00 0.00 0.00 0.00 0.00 0.00 0.00 0.00 0.00 0.00 0.00 0.00 0.00 0.00 0.00 0.00 0.00 0.00 0.00 0.00 0.00 0.00 0.00
78.25 78.25 78.25 78.25 80.28 80.28 80.28 80.28 82.87 82.87 82.87 104.31 107.49 107.49 100.86 113.95 98.38 126.98 126.98 145.47 95.61 87.58 83.21 85.55 148.91 141.02 104.98 97.15 96.68 98.38 153.59 130.96 127.32 68.10 76.82 136.04 126.92 71.03 71.03 72.28 122.56 92.39 0.00 0.00 0.00 0.00 0.00 0.00 0.00 0.00 0.00 0.00 0.00 0.00 0.00 0.00 0.00 0.00 0.00 0.00 0.00 0.00 0.00 0.00 0.00 0.00 0.00 0.00 0.00 0.00 0.00 0.00 0.00 0.00 0.00 0.00 0.00 0.00 0.00
78.25 78.25 78.25 78.25 80.28 83.55 80.28 80.28 82.87 82.87 82.87 104.31 107.49 100.86 107.57 101.74 104.36 78.47 65.38 74.10 48.53 87.58 99.74 144.05 106.51 102.14 97.15 97.15 96.68 96.68 101.83 101.83 106.19 101.59 84.60 153.60 101.57 74.96 101.39 101.39 105.57 126.92 126.92 122.56 0.00 0.00 0.00 0.00 0.00 0.00 0.00 0.00 0.00 0.00 0.00 0.00 0.00 0.00 0.00 0.00 0.00 0.00 0.00 0.00 0.00 0.00 0.00 0.00 0.00 0.00 0.00 0.00 0.00 0.00 0.00 0.00 0.00 0.00 0.00
86.32 86.32 77.94 77.94 81.92 81.92 81.92 81.92 84.31 84.31 84.31 106.43 107.99 108.41 91.49 89.72 94.36 69.74 65.38 27.02 101.96 77.92 95.37 82.28 102.14 102.14 96.66 96.66 96.23 96.23 96.23 96.23 104.43 84.60 127.32 165.88 83.69 101.57 97.03 114.07 97.03 97.03 92.93 88.57 122.56 57.62 57.62 0.00 0.00 0.00 0.00 0.00 0.00 0.00 0.00 0.00 0.00 0.00 0.00 0.00 0.00 0.00 0.00 0.00 0.00 0.00 0.00 0.00 0.00 0.00 0.00 0.00 0.00 0.00 0.00 0.00 0.00 0.00 0.00
77.94 77.94 77.94 77.94 81.92 81.92 81.92 81.92 84.31 84.31 84.31 84.31 85.36 91.49 85.36 89.72 79.90 65.38 65.38 34.32 93.08 96.50 82.28 94.49 83.64 96.66 104.44 96.66 96.23 96.23 96.23 96.23 102.14 102.38 144.86 122.23 79.32 82.75 97.03 92.74 92.08 97.03 105.76 88.57 95.84 126.92 66.67 57.62 0.00 0.00 0.00 0.00 0.00 0.00 0.00 0.00 0.00 0.00 0.00 0.00 0.00 0.00 0.00 0.00 0.00 0.00 0.00 0.00 0.00 0.00 0.00 0.00 0.00 0.00 0.00 0.00 0.00 0.00 0.00
81.75 81.75 81.75 81.75 86.83 86.83 86.83 86.83 89.37 89.37 89.37 89.37 90.52 90.52 90.52 94.88 33.31 76.03 80.39 80.38 94.15 88.68 92.50 95.97 94.15 95.97 107.19 99.47 99.04 99.04 99.04 112.98 107.19 73.33 169.17 81.88 80.16 113.95 109.17 96.21 96.06 96.06 103.60 88.89 94.10 89.74 94.10 58.76 58.76 0.00 0.00 0.00 0.00 0.00 0.00 0.00 0.00 0.00 0.00 0.00 0.00 0.00 0.00 0.00 0.00 0.00 0.00 15.49 63.00 67.36 64.17 49.79 0.00 0.00 0.00 0.00 0.00 0.00 0.00
81.75 81.75 81.75 81.75 86.83 86.83 86.83 86.83 89.37 89.37 89.37 89.37 99.07 99.07 99.07 86.32 76.03 80.39 37.68 118.74 111.96 104.69 120.99 101.63 95.97 86.70 99.47 99.47 99.04 99.04 99.04 112.98 107.19 111.56 128.19 107.19 103.60 103.60 96.21 96.21 96.06 96.06 96.06 103.60 107.96 146.32 157.43 132.46 68.33 58.76 58.76 58.76 0.00 0.00 0.00 0.00 0.00 0.00 62.48 24.36 15.40 15.40 15.49 15.49 15.49 15.49 58.21 98.71 121.30 70.66 54.15 23.58 23.58 0.00 0.00 0.00 0.00 0.00 0.00
83.33 83.33 83.33 83.33 89.19 89.19 89.19 89.19 90.32 90.32 90.32 90.32 103.43 98.08 95.04 142.12 80.39 95.04 69.94 90.82 87.53 95.97 88.46 95.97 86.69 86.69 86.69 99.46 99.05 99.05 99.05 99.05 98.68 98.68 98.68 107.19 95.93 104.64 95.93 95.93 95.87 95.87 95.87 95.87 96.54 96.54 139.25 165.17 163.98 128.10 16.04 60.68 94.04 58.11 0.00 0.00 0.00 58.11 58.11 67.08 67.08 67.08 67.27 58.21 94.34 94.34 80.60 74.50 135.12 57.65 66.29 49.79 49.79 0.00 0.00 0.00 0.00 0.00 0.00
83.33 83.33 83.33 83.33 89.19 89.19 89.19 89.19 90.32 90.32 99.07 108.84 86.32 90.68 33.31 129.03 37.68 33.31 106.00 166.89 96.64 87.53 87.53 87.53 86.69 86.69 86.69 86.69 99.05 99.05 99.05 109.08 98.68 98.68 98.68 98.68 95.93 95.93 95.93 95.93 95.87 95.87 95.87 95.87 96.54 96.54 96.54 146.32 153.07 77.06 63.12 58.76 58.11 62.48 62.48 58.11 58.11 58.11 19.76 114.88 157.60 140.48 140.48 140.65 140.65 140.65 145.02 123.94 57.65 57.65 49.79 0.00 0.00 0.00 0.00 0.00 0.00 0.00 0.00
83.33 83.33 83.33 83.33 89.19 89.19 89.19 89.19 90.32 90.32 99.07 109.71 81.95 33.31 71.67 146.97 102.59 109.71 109.71 129.03 101.44 100.33 87.53 87.53 86.69 86.69 86.69 86.69 99.05 99.05 99.05 99.05 98.68 98.68 98.68 98.68 95.93 112.10 95.93 95.93 95.87 95.87 95.87 95.87 96.54 96.54 139.25 146.32 68.33 43.07 90.15 58.76 58.11 58.11 19.76 58.11 15.40 15.40 24.84 157.17 127.86 97.76 144.84 145.02 119.58 97.94 97.94 67.27 57.65 62.02 19.30 0.00 0.00 0.00 0.00 0.00 0.00 0.00 0.00
83.33 83.33 83.33 83.33 89.19 89.19 99.84 99.84 100.84 101.06 101.06 103.43 114.07 80.39 145.31 145.31 81.95 98.23 109.71 129.03 81.37 84.32 91.89 87.53 86.69 94.15 95.97 86.69 86.35 99.05 99.05 99.05 98.68 98.68 98.68 98.68 95.93 95.93 95.93 95.93 95.87 95.87 95.87 95.87 96.54 139.25 152.09 25.61 77.06 85.78 38.70 81.42 58.11 58.11 94.04 98.40 24.36 155.28 159.64 102.13 92.25 89.40 141.67 119.30 137.31 61.08 64.38 65.94 57.65 0.00 0.00 0.00 0.00 0.00 0.00 0.00 0.00 0.00 0.00
84.65 84.65 84.65 84.65 89.68 89.68 89.68 89.68 90.55 90.55 109.79 84.75 129.03 133.40 102.59 102.59 93.83 81.95 102.59 92.55 80.89 108.81 102.47 87.59 87.21 94.15 95.97 95.97 95.97 86.60 99.35 99.35 107.63 107.63 97.94 97.94 95.43 95.43 104.08 95.43 96.17 96.17 96.17 96.17 97.25 139.97 68.33 68.33 77.06 77.06 85.78 72.69 67.08 67.08 71.44 85.56 81.20 176.78 106.49 89.55 93.40 141.67 141.49 137.97 137.97 103.80 27.59 23.22 56.78 0.00 0.00 0.00 0.00 0.00 0.00 0.00 0.00 0.00 0.00
84.65 84.65 84.65 84.65 89.68 89.68 114.22 89.68 101.06 105.43 106.95 90.68 137.76 133.17 81.95 81.95 124.67 156.79 98.93 98.93 81.37 91.22 87.37 75.59 102.88 106.87 92.61 97.52 115.83 86.60 86.60 99.35 97.94 97.94 97.94 97.94 95.43 95.43 95.43 95.43 96.17 96.17 96.17 96.17 97.25 85.38 128.10 128.10 68.33 142.08 77.06 68.33 128.28 141.88 123.92 135.35 161.90 106.27 108.34 89.55 89.04 141.67 126.45 77.41 120.12 23.22 27.59 27.59 56.78 0.00 0.00 0.00 0.00 0.00 0.00 0.00 0.00 0.00 0.00
84.65 84.65 84.65 84.65 89.68 114.22 114.22 109.71 108.84 90.68 111.32 99.41 84.76 142.12 172.37 152.42 80.38 29.63 103.43 103.43 97.08 81.37 77.01 71.23 85.00 126.44 87.21 87.21 86.60 86.60 86.60 99.35 97.94 97.94 97.94 106.44 95.43 95.43 95.43 95.43 96.17 96.17 96.17 96.17 162.02 162.02 162.02 185.79 128.10 128.10 128.10 128.10 71.44 132.65 124.49 137.58 103.59 162.41 99.61 94.59 89.04 146.85 146.85 77.41 70.30 81.77 77.41 77.41 65.52 46.88 0.00 0.00 0.00 0.00 0.00 0.00 0.00 0.00 0.00
84.65 84.65 84.65 84.65 89.68 114.22 114.22 114.22 109.71 90.68 106.95 33.31 142.12 95.04 84.75 99.07 94.98 94.98 99.07 99.07 91.96 71.23 104.45 71.23 94.15 94.15 116.12 87.21 86.60 86.60 86.60 86.60 107.63 97.94 97.94 97.94 95.43 95.43 95.43 95.43 96.17 96.17 96.17 96.17 139.97 97.25 97.25 101.61 120.32 136.82 77.06 94.36 120.12 120.12 120.12 155.57 155.57 103.32 98.95 89.55 94.59 144.96 65.94 77.41 70.30 27.59 96.38 96.38 65.52 89.60 0.00 0.00 0.00 0.00 0.00 0.00 0.00 0.00 0.00
84.70 84.70 94.98 84.70 99.38 114.13 114.13 114.13 115.50 115.50 90.68 80.39 95.04 94.87 80.38 99.07 90.22 101.06 99.07 90.22 75.59 71.23 81.23 94.15 87.10 87.10 87.10 87.10 86.50 86.50 86.50 86.50 114.08 107.25 97.74 97.74 95.58 95.58 95.58 95.58 96.09 96.09 96.09 138.81 96.43 96.43 96.43 96.43 97.37 103.09 141.27 100.78 84.83 120.12 120.12 72.22 94.59 88.79 88.79 88.79 137.31 104.13 65.94 102.24 120.12 65.94 77.41 23.22 22.81 61.15 4.36 0.00 0.00 0.00 0.00 0.00 0.00 0.00 0.00
84.70 84.70 84.70 84.70 89.62 89.62 114.13 115.80 115.50 119.86 112.98 129.03 95.04 115.41 91.29 90.51 99.07 99.07 90.22 90.22 94.15 95.97 87.26 95.97 87.10 87.10 87.10 87.10 86.50 97.02 86.50 86.50 85.15 85.15 97.74 97.74 95.58 95.58 95.58 95.58 105.17 96.09 96.09 138.81 96.43 96.43 93.25 98.50 98.50 93.37 155.35 125.70 120.12 119.31 99.61 94.59 88.79 88.79 88.79 88.79 94.59 95.25 120.12 65.94 65.94 65.94 23.22 96.38 14.06 61.15 22.79 0.00 0.00 0.00 0.00 0.00 0.00 0.00 0.00
84.70 84.70 84.70 84.70 89.62 89.62 114.13 109.71 109.71 118.43 155.70 86.32 90.68 115.41 90.51 90.51 90.22 90.22 90.22 90.22 87.26 116.14 87.26 87.26 87.10 87.10 87.10 95.97 95.97 86.50 86.50 86.50 95.27 85.15 97.74 97.74 95.58 95.58 95.58 104.25 96.09 96.09 138.81 92.81 93.25 93.25 93.25 93.25 93.37 93.37 140.09 101.73 94.59 94.59 89.91 94.59 88.79 88.79 88.79 88.79 89.64 72.22 65.94 65.94 120.12 120.12 23.22 27.59 27.17 61.15 98.33 0.00 0.00 0.00 0.00 0.00 0.00 0.00 0.00
84.70 84.70 84.70 84.70 89.62 89.62 114.13 109.71 114.07 149.67 124.67 90.68 90.68 113.66 109.71 90.51 90.22 90.22 90.22 90.22 87.26 87.26 115.94 87.26 87.10 87.10 95.97 95.97 87.94 86.50 86.50 86.50 85.15 85.15 85.15 97.74 95.58 95.58 95.58 95.58 96.09 141.26 135.52 92.81 93.25 98.99 93.25 93.25 93.37 93.37 98.50 97.39 89.91 89.91 89.91 89.91 88.79 88.79 88.79 88.79 89.64 72.22 65.94 120.12 120.12 120.12 65.94 65.94 74.25 78.61 61.15 0.00 0.00 0.00 0.00 0.00 0.00 0.00 0.00
84.73 84.73 84.73 84.73 89.25 89.25 109.71 109.71 124.67 145.31 67.30 24.59 114.07 118.18 119.59 94.74 89.84 89.84 89.84 89.84 86.84 91.22 95.97 86.84 86.86 86.86 95.97 95.97 86.26 86.26 86.26 86.26 84.87 84.87 84.87 84.87 95.17 95.17 92.64 92.64 92.39 135.10 92.39 92.39 92.63 92.63 92.63 92.63 92.62 97.98 92.62 92.62 88.77 88.77 88.77 96.57 89.00 89.00 89.00 89.00 89.82 114.94 72.22 104.13 147.83 105.11 112.86 120.12 105.01 113.74 69.61 64.98 0.00 0.00 0.00 0.00 0.00 0.00 0.00
107.82 84.73 84.73 84.73 89.25 114.43 109.71 81.95 86.32 71.67 140.94 124.67 109.71 109.71 86.32 115.23 89.84 89.84 89.84 89.84 86.84 121.19 121.19 86.84 86.86 86.86 95.97 95.97 87.82 86.26 86.26 58.14 84.87 84.87 84.87 84.87 92.64 92.64 92.64 92.64 135.10 92.39 92.39 92.39 92.63 101.43 92.63 92.63 92.62 101.42 92.62 92.62 88.77 88.77 93.92 93.92 89.00 89.00 89.00 89.00 106.67 95.25 110.49 94.59 98.95 107.68 103.32 94.59 92.13 96.78 152.30 111.42 65.51 65.51 61.14 56.78 0.00 0.00 0.00
116.50 90.56 90.56 90.56 147.08 117.74 117.74 117.74 117.74 117.74 117.74 160.46 112.68 117.04 122.11 125.53 95.44 95.44 95.44 95.44 101.98 118.02 101.98 97.61 97.63 97.63 97.63 105.29 112.99 97.83 97.83 97.83 96.30 96.30 96.30 96.30 99.25 108.11 99.25 99.25 99.92 99.92 99.92 99.92 100.17 109.23 100.17 100.17 109.22 100.15 118.05 100.15 91.71 91.71 91.71 91.71 91.94 91.94 91.94 96.67 92.65 92.65 92.65 110.69 93.20 92.40 92.40 92.40 86.93 90.44 99.17 105.19 96.47 78.03 39.78 56.22 56.22 65.47 64.94
90.56 106.24 101.16 90.56 137.55 104.36 117.74 117.74 122.11 122.11 117.74 126.65 83.93 88.30 92.66 136.09 95.44 104.41 95.44 95.44 101.98 118.39 118.39 101.98 97.63 97.63 97.63 97.63 97.83 97.83 97.83 97.83 105.60 96.30 96.30 96.30 99.25 99.25 99.25 99.25 99.92 99.92 99.92 99.92 100.17 100.17 100.17 100.17 100.15 100.15 109.15 100.15 91.71 91.71 91.71 91.71 91.94 91.94 96.72 91.94 92.65 92.65 92.65 92.65 92.40 92.40 92.40 92.40 86.93 86.93 91.29 142.85 116.80 45.02 78.03 78.03 73.67 105.49 105.49
90.68 90.68 101.35 90.68 94.29 137.00 147.08 150.02 88.30 135.38 128.47 153.47 88.30 125.29 122.11 125.29 107.31 95.49 95.49 95.49 97.94 102.30 114.72 102.30 97.25 97.25 97.25 97.25 105.49 96.22 96.22 105.49 95.81 95.81 95.81 102.41 99.76 99.76 99.76 99.76 100.26 100.26 100.26 100.26 100.14 100.14 100.14 100.14 99.87 99.87 99.87 99.87 91.96 91.96 91.96 91.96 92.17 92.17 92.17 92.17 92.04 92.04 92.04 92.04 91.79 99.18 91.79 91.79 86.86 86.86 90.44 74.08 116.80 91.41 35.32 82.40 113.23 85.87 85.87
90.68 90.68 90.68 90.68 94.29 94.29 137.00 107.31 147.08 150.02 94.48 110.12 109.69 95.83 95.83 95.83 124.61 95.49 95.49 95.49 97.94 97.94 97.94 97.94 97.25 97.25 97.25 97.25 96.22 96.22 96.22 96.22 95.81 95.81 95.81 102.41 99.76 99.76 99.76 99.76 100.26 100.26 100.26 100.26 100.14 100.14 100.14 100.14 99.87 99.87 99.87 99.87 91.96 91.96 91.96 91.96 92.17 92.17 92.17 92.17 92.04 92.04 92.04 92.04 91.79 96.51 91.79 91.79 86.86 90.44 90.44 74.08 74.08 64.94 69.31 78.45 85.87 85.87 85.87
90.68 90.68 101.29 90.68 94.29 104.48 94.29 94.29 107.31 107.31 108.73 92.66 102.01 95.83 95.83 95.83 95.49 95.49 95.49 95.49 106.00 97.94 97.94 106.00 97.25 97.25 97.25 97.25 96.22 96.22 96.22 96.22 95.81 95.81 95.81 102.41 99.76 99.76 99.76 99.76 100.26 100.26 100.26 100.26 100.14 100.14 100.14 100.14 99.87 99.87 99.87 99.87 91.96 91.96 91.96 91.96 92.17 92.17 92.17 92.17 92.04 92.04 92.04 92.04 91.79 91.79 91.79 91.79 86.86 90.82 90.82 69.22 74.08 103.64 103.64 99.27 85.87 85.87 85.87
90.68 90.68 101.37 90.68 94.29 94.29 94.29 94.29 107.31 107.31 104.37 95.45 95.83 95.83 95.83 95.83 95.49 95.49 104.47 95.49 97.94 97.94 97.94 97.94 97.25 106.10 97.25 97.25 96.22 96.22 96.22 96.22 95.81 95.81 102.41 102.41 99.76 99.76 99.76 99.76 100.26 100.26 100.26 100.26 100.14 100.14 100.14 100.14 99.87 99.87 99.87 99.87 91.96 91.96 91.96 91.96 92.17 92.17 92.17 92.17 92.04 92.04 92.04 92.04 91.79 91.79 91.79 91.79 90.44 90.44 98.16 88.90 99.27 108.00 108.00 99.27 85.87 85.87 94.59
91.00 91.00 91.00 91.00 93.71 93.71 93.71 93.71 130.11 107.31 107.31 94.50 95.28 95.28 95.28 95.28 95.41 95.41 95.41 95.41 97.19 97.19 97.19 97.19 96.21 96.21 105.02 96.21 96.06 96.06 96.06 96.06 97.18 97.18 103.90 103.90 100.84 100.84 100.84 100.84 100.79 100.79 100.79 108.78 100.77 100.77 100.77 100.77 100.89 100.89 100.89 100.89 93.09 93.09 93.09 93.09 92.98 92.98 92.98 92.98 61.35 96.25 96.25 92.54 92.30 92.30 92.30 92.30 86.59 101.43 86.59 86.59 86.30 86.30 86.30 86.30 85.86 85.86 77.95
91.00 91.00 91.00 91.00 93.71 93.71 93.71 93.71 94.50 94.50 107.31 94.50 95.28 95.28 95.28 95.28 95.41 104.38 95.41 103.01 97.19 97.19 97.19 97.19 96.21 96.21 96.21 96.21 96.06 96.06 96.06 96.06 97.18 97.18 103.90 103.90 100.84 100.84 100.84 100.84 100.79 100.79 100.79 100.79 100.77 100.77 100.77 100.77 100.89 100.89 100.89 100.89 93.09 93.09 93.09 93.09 92.98 92.98 92.98 92.98 97.20 92.54 105.29 92.54 92.30 92.30 92.30 92.30 86.59 86.59 86.59 86.59 86.30 86.30 86.30 87.34 87.00 90.44 90.44
91.00 91.00 91.00 91.00 93.71 93.71 93.71 93.71 94.50 94.50 94.50 94.50 95.28 95.28 95.28 95.28 95.41 95.41 95.41 95.41 97.19 97.19 97.19 97.19 96.21 96.21 96.21 96.21 96.06 96.06 96.06 96.06 97.18 103.90 103.90 103.90 100.84 100.84 100.84 100.84 100.79 100.79 100.79 100.79 100.77 100.77 100.77 63.80 119.07 100.89 100.89 100.89 93.09 93.09 93.09 93.09 92.98 92.98 92.98 101.70 97.20 105.29 92.54 92.54 96.66 92.30 92.30 92.30 86.59 86.59 86.59 86.59 86.30 90.44 90.44 94.81 94.81 85.86 85.86
91.00 91.00 91.00 108.15 104.67 93.71 93.71 93.71 94.50 94.50 94.50 112.52 95.28 95.28 95.28 95.28 95.41 95.41 95.41 95.41 97.19 97.19 97.19 97.19 96.21 96.21 96.21 96.21 96.06 96.06 96.06 96.06 97.18 103.90 103.90 103.90 100.84 108.78 108.78 117.66 100.79 100.79 100.79 100.79 100.77 100.77 100.77 63.80 63.80 100.89 100.89 100.89 93.09 93.09 93.09 93.09 92.98 92.98 109.34 86.12 92.54 73.03 92.54 96.90 81.76 96.25 92.30 92.30 86.59 86.59 86.59 86.59 86.30 94.81 73.58 82.40 78.03 69.31 0.00
91.54 91.54 91.54 102.61 94.15 104.26 94.15 94.15 104.30 94.20 104.31 105.00 94.45 94.45 94.45 94.45 94.31 94.31 94.31 94.31 96.35 96.35 96.35 96.35 96.62 96.62 96.62 96.62 97.63 97.63 97.63 97.63 97.52 104.26 104.26 118.19 110.02 100.28 100.28 108.60 100.86 100.86 108.86 100.86 101.10 101.10 101.10 63.80 63.80 105.87 134.23 134.23 115.95 93.39 93.39 93.39 93.28 93.28 105.22 100.62 93.35 93.35 93.35 97.72 119.64 117.90 97.14 92.77 87.14 90.44 90.44 87.14 90.44 76.57 86.76 57.13 52.77 30.95 0.00
91.54 101.61 91.54 91.54 94.15 94.15 94.15 94.15 94.20 94.20 94.20 94.20 94.45 94.45 94.45 94.45 94.31 94.31 94.31 94.31 96.35 96.35 96.35 96.35 96.62 96.62 96.62 96.62 97.63 97.63 97.63 97.63 97.52 104.26 112.07 104.26 100.28 100.28 100.28 100.28 100.86 100.86 100.86 100.86 108.95 109.20 101.10 91.05 63.80 106.25 110.62 144.61 115.95 121.61 120.31 115.95 93.28 93.28 97.64 73.03 104.81 93.35 93.35 93.35 106.16 128.56 92.77 92.77 90.44 90.82 90.44 99.27 116.80 82.81 44.04 91.54 17.45 0.00 0.00
91.54 91.54 91.54 91.54 94.15 94.15 94.15 94.15 94.20 94.20 94.20 94.20 94.45 94.45 94.45 94.45 94.31 94.31 94.31 94.31 96.35 96.35 96.35 96.35 96.62 96.62 96.62 96.62 97.63 97.63 97.63 97.63 104.26 136.36 104.26 112.07 100.28 100.28 100.28 100.28 100.86 100.86 100.86 108.75 101.10 101.10 109.20 101.10 101.50 105.87 101.50 152.20 145.88 91.56 115.95 115.95 115.80 93.28 124.47 129.87 121.15 106.55 96.25 93.35 36.62 91.52 114.67 92.77 90.44 90.44 99.27 116.80 0.00 0.00 0.00 0.00 0.00 0.00 0.00
