New_Model_Runs/16_Future_RCP8.5_Scn3_out/post_prcessed_with_MFR/runoff_annual.asc
NCOLS 700
NROWS 400
XLLCENTER 515000.000000
YLLCENTER 8409000.000000
CELLSIZE 50.000000
NODATA_value -999.000000
[rows 180 to 215 of 400, columns 243 to 323 of 700]
14.08 14.03 14.03 0.00 0.00 23.70 0.00 105.40 14.10 14.21 36.64 14.21 14.21 16.05 16.05 26.43 26.43 16.11 16.11 8.09 16.11 15.90 15.90 15.90 15.90 14.96 24.96 14.96 14.96 16.00 16.00 16.61 16.61 17.30 7.12 7.12 7.12 7.46 11.68 7.46 7.46 7.64 7.64 18.42 18.42 20.31 6.50 6.50 16.92 6.50 12.29 6.50 6.50 6.50 6.50 20.20 34.73 19.74 34.41 34.41 19.74 20.63 20.63 20.63 20.63 19.83 19.83 19.83 19.83 19.57 19.57 19.57 19.57 33.66 19.34 19.34 34.47 35.74 20.62 6.03 6.03
14.08 14.03 14.03 14.03 105.40 14.10 14.10 23.39 14.10 14.21 14.21 14.21 24.75 16.05 16.05 16.05 16.05 16.11 26.52 16.11 16.11 15.90 15.90 15.90 15.90 14.96 14.96 14.96 14.96 16.00 16.00 16.00 16.61 17.30 17.30 7.12 7.12 7.46 7.46 7.46 7.46 18.42 18.42 18.42 18.42 6.50 6.50 6.50 9.71 6.50 6.50 10.65 6.50 9.71 6.50 20.20 20.20 19.74 19.74 19.74 19.74 20.63 20.63 35.80 47.49 34.55 19.83 19.83 19.83 19.57 19.57 19.57 19.57 19.34 19.34 19.34 19.34 20.62 20.62 6.03 20.62
11.35 14.03 14.03 14.03 30.43 14.10 14.10 14.10 14.10 14.21 14.21 23.58 14.21 16.05 16.05 16.05 16.05 16.11 16.11 26.52 16.11 15.90 15.90 15.90 15.90 14.96 14.96 14.96 14.96 16.00 16.00 16.00 16.00 16.53 17.30 7.12 7.12 18.04 18.04 18.04 18.04 18.42 18.42 18.42 7.64 6.50 6.50 6.50 16.92 16.92 10.85 10.85 8.88 6.50 6.50 8.88 20.20 19.74 19.74 19.74 19.74 20.63 20.63 20.63 20.63 19.83 19.83 19.83 19.83 19.57 19.57 19.57 19.57 19.34 19.34 19.34 33.66 20.62 20.62 20.62 20.62
11.35 14.03 14.03 23.21 14.03 14.10 23.31 14.10 14.10 14.21 14.21 14.21 14.21 16.05 16.05 16.05 16.05 16.11 16.11 16.11 16.11 15.90 15.90 15.90 15.90 14.96 14.96 14.96 14.96 16.00 16.00 16.00 16.00 16.53 16.53 17.30 17.30 18.04 18.04 18.04 18.04 18.42 18.42 18.42 7.64 20.31 20.31 18.61 7.61 16.92 20.33 20.33 8.88 10.85 6.50 6.50 20.20 19.74 19.74 19.74 19.74 35.08 20.63 20.63 20.63 19.83 19.83 19.83 19.83 19.57 19.57 19.57 19.57 19.34 19.34 19.34 19.34 20.62 20.62 20.62 20.62
11.34 13.92 13.92 13.92 13.92 13.97 13.97 13.97 13.97 14.10 14.10 23.39 14.10 15.94 15.94 15.94 15.94 15.99 15.99 15.99 15.99 15.91 26.18 15.91 15.91 15.53 15.53 15.53 15.53 16.25 16.25 16.25 16.25 16.27 16.27 16.27 16.27 17.86 17.86 17.86 17.86 18.38 18.38 7.62 17.07 35.11 20.24 20.67 25.28 5.22 35.23 20.31 10.85 10.85 13.74 6.50 8.51 13.04 8.11 19.35 19.35 19.54 19.54 19.54 19.54 18.99 18.99 18.99 18.99 19.11 19.11 19.11 19.11 19.30 19.30 19.30 19.30 21.20 21.20 21.20 21.20
11.34 11.22 13.92 13.92 13.92 13.97 13.97 13.97 13.97 14.10 14.10 14.10 14.10 15.94 26.22 15.94 15.94 15.99 15.99 15.99 15.99 15.91 15.91 15.91 25.97 15.53 15.53 15.53 15.53 16.25 16.25 16.25 16.25 16.27 16.27 16.27 16.27 17.24 17.86 17.86 17.86 18.38 7.62 7.62 18.38 20.24 20.24 20.24 7.61 5.83 8.57 20.31 8.88 8.88 8.88 8.88 8.51 8.11 19.35 19.35 19.35 19.54 19.54 19.54 19.54 18.99 18.99 18.99 18.99 19.11 19.11 19.11 19.11 19.30 19.30 19.30 19.30 21.20 21.20 21.20 21.20
11.34 11.22 13.92 23.08 13.92 13.97 13.97 13.97 13.97 14.10 14.10 14.10 14.10 15.94 15.94 15.94 15.94 15.99 15.99 15.99 15.99 15.91 15.91 15.91 15.91 15.53 15.53 15.53 15.53 16.25 16.25 16.25 26.83 16.27 16.27 16.27 16.27 17.24 17.24 17.86 17.86 31.79 7.62 7.62 61.16 35.11 20.24 8.54 10.53 9.71 6.50 27.98 8.88 20.18 35.00 20.18 20.18 19.35 19.35 19.35 19.35 19.54 19.54 19.54 38.73 18.99 18.99 18.99 18.99 19.11 19.11 19.11 19.11 19.30 19.30 19.30 19.30 21.20 21.20 21.20 21.20
11.34 11.22 13.92 13.92 23.05 13.97 13.97 13.97 13.97 14.10 14.10 14.10 14.10 15.94 37.09 15.94 15.94 15.99 15.99 15.99 15.99 15.91 15.91 15.91 15.91 15.53 15.53 15.53 15.53 16.25 16.25 16.25 16.25 16.27 16.27 16.27 16.27 17.24 17.24 17.24 28.12 18.38 7.62 18.38 33.30 20.24 20.24 8.54 6.50 6.50 6.50 8.57 35.14 20.18 20.18 20.18 20.18 19.35 19.35 33.71 19.35 32.03 5.69 5.69 12.51 18.99 18.99 18.99 18.99 19.11 19.11 19.11 19.11 19.30 19.30 19.30 19.30 21.20 21.20 21.20 21.20
11.35 11.17 11.17 13.86 13.86 13.77 13.77 13.77 13.77 13.88 13.88 13.88 23.01 15.72 15.72 25.89 15.72 15.55 15.55 15.55 32.99 14.91 14.91 14.91 14.91 14.69 14.69 14.69 14.69 16.08 16.08 16.08 16.08 16.21 16.21 16.21 16.21 16.78 48.08 16.78 16.78 17.34 17.96 31.39 17.96 19.72 19.72 34.37 19.72 19.83 8.34 8.34 19.83 33.85 19.43 19.43 33.85 18.10 18.10 18.10 18.10 5.48 8.22 15.73 5.48 5.58 19.24 19.24 19.24 19.74 19.74 19.74 19.74 20.04 20.04 20.04 20.04 21.71 21.71 21.71 21.71
11.35 11.17 11.17 13.86 13.86 13.77 13.77 22.82 13.77 13.88 13.88 13.88 13.88 15.72 25.89 15.72 15.72 15.55 15.55 15.55 15.55 24.88 14.91 14.91 14.91 14.69 14.69 24.49 14.69 16.08 16.08 16.08 16.08 16.21 16.21 16.21 16.21 27.29 16.78 16.78 16.78 17.34 17.34 17.34 17.96 19.72 19.72 19.72 19.72 19.83 19.83 19.83 19.83 19.43 19.43 19.43 19.43 18.10 18.10 18.10 18.10 5.48 5.48 5.48 5.48 19.24 19.24 19.24 19.24 19.74 19.74 19.74 19.74 20.04 20.04 20.04 20.04 21.71 21.71 21.71 21.71
11.35 11.17 11.17 11.17 13.86 13.77 13.77 13.77 13.77 13.88 13.88 13.88 13.88 15.72 15.72 25.89 15.72 15.55 15.55 15.55 15.55 14.91 14.91 14.91 14.91 14.69 14.69 14.69 24.49 16.08 34.71 16.08 16.08 26.74 16.21 16.21 16.21 16.78 16.78 16.78 16.78 17.34 17.34 17.34 17.34 19.72 19.72 19.72 19.72 19.83 19.83 19.83 19.83 19.43 19.43 19.43 19.43 18.10 18.10 18.10 5.18 5.48 5.48 5.48 5.48 19.24 19.24 19.24 19.24 19.74 19.74 19.74 34.39 34.93 34.93 20.04 20.04 21.71 21.71 21.71 21.71
11.35 19.36 11.17 14.59 13.86 13.77 13.77 13.77 13.77 13.88 13.88 13.88 22.89 15.72 15.72 15.72 15.72 15.55 15.55 15.55 15.55 14.91 14.91 14.91 14.91 24.27 14.69 14.69 14.69 16.08 16.08 26.52 16.08 16.21 16.21 16.21 26.74 16.78 16.78 16.78 27.39 17.34 17.34 17.34 17.34 18.91 18.91 19.72 19.72 19.83 19.83 19.83 19.83 19.43 19.43 19.43 19.43 18.10 18.10 5.18 5.18 5.48 5.48 5.48 18.96 19.24 19.24 19.24 33.51 34.06 34.49 19.74 19.74 34.83 20.04 20.04 20.04 21.71 21.71 21.71 21.71
19.48 11.17 11.17 11.17 13.86 13.73 13.73 13.73 13.73 13.67 13.67 13.67 13.67 14.91 33.78 14.91 14.91 24.13 14.51 14.51 14.51 14.16 14.16 14.16 14.16 14.32 23.76 14.32 14.32 16.04 16.04 16.04 16.04 16.27 16.27 16.27 16.27 16.40 16.40 16.40 16.40 16.50 16.50 16.50 16.50 17.95 17.95 17.95 18.90 18.88 18.88 18.88 18.88 17.99 17.99 17.99 17.99 17.51 4.98 4.98 4.98 5.54 5.54 5.54 19.13 19.54 19.54 19.54 34.04 19.89 19.89 19.89 19.89 20.42 35.42 20.42 20.42 21.88 21.88 21.88 21.88
11.28 11.17 21.99 11.17 11.17 13.73 13.73 13.73 13.73 13.67 13.67 13.67 13.67 14.91 26.38 14.91 14.91 14.51 14.51 14.51 14.51 14.16 14.16 14.16 14.16 14.32 14.32 14.32 14.32 16.04 16.04 16.04 16.04 16.27 16.27 16.27 16.27 16.40 16.40 16.40 27.19 16.50 16.50 16.50 16.50 17.95 17.95 17.95 17.95 17.94 18.88 18.88 18.88 17.99 17.99 5.14 5.14 17.51 4.98 4.98 4.98 5.54 5.54 5.54 19.13 19.54 19.54 46.66 19.54 19.89 19.89 19.89 19.89 20.42 20.42 20.42 20.42 21.88 21.88 21.88 21.88
16.62 15.64 15.64 27.94 15.64 17.30 17.30 17.30 17.30 17.10 17.10 17.10 17.10 17.44 28.71 17.44 17.44 16.98 16.98 27.92 16.98 16.58 16.58 27.23 16.58 16.76 16.76 16.76 16.76 16.43 16.43 16.43 16.43 16.67 16.67 16.67 16.67 16.76 16.76 16.76 16.76 16.86 16.86 16.86 16.86 17.08 17.08 17.08 17.08 17.07 17.07 18.10 18.10 17.62 5.02 5.02 5.02 4.78 4.78 4.78 4.78 4.96 4.96 4.96 21.69 17.89 30.94 17.89 17.89 18.21 18.21 18.21 18.21 32.23 18.56 18.56 18.56 17.62 17.62 30.44 17.62
16.62 15.64 15.64 15.64 15.64 15.50 17.30 17.30 17.30 17.10 17.10 17.10 17.10 17.44 17.44 28.38 17.44 16.98 16.98 16.98 16.98 16.58 16.58 16.58 16.58 16.76 16.76 16.76 16.76 16.43 16.43 16.43 16.43 16.67 16.67 16.67 16.67 16.76 16.76 16.76 16.76 16.86 16.86 16.86 16.86 17.08 17.08 17.08 17.08 17.07 17.07 17.07 18.10 5.02 5.02 5.02 17.62 16.89 4.78 4.78 16.89 17.52 4.96 4.96 4.96 17.89 17.89 10.10 17.89 18.21 18.21 18.21 18.21 18.56 18.56 18.56 32.45 17.62 17.62 17.62 30.44
16.67 15.58 15.58 15.58 15.58 27.72 28.46 17.32 37.00 28.03 28.03 28.03 17.04 16.89 16.89 16.89 16.89 16.46 16.46 27.03 16.46 16.94 16.94 16.94 16.94 17.77 17.77 17.77 17.77 17.03 17.03 17.03 17.03 17.06 17.06 17.06 17.06 17.07 17.07 17.07 17.07 17.10 17.10 17.10 17.10 17.02 17.02 17.02 17.02 16.65 16.65 16.65 16.65 16.38 17.18 17.18 17.18 17.06 17.06 17.06 17.06 5.04 5.04 5.04 5.04 18.00 40.31 18.00 18.00 18.24 18.24 18.24 18.24 18.60 18.60 18.60 18.60 17.73 17.73 17.73 17.73
16.67 15.58 15.58 15.58 15.58 15.52 17.32 17.32 17.32 17.04 17.04 17.04 27.93 16.89 16.89 16.89 16.89 16.46 16.46 16.46 16.46 16.94 16.94 16.94 16.94 17.77 17.77 17.77 17.77 17.03 17.03 17.03 17.03 17.06 17.06 17.06 17.06 17.07 17.07 17.07 17.07 17.10 17.10 17.10 17.10 17.02 17.02 17.02 17.02 16.65 16.65 16.65 16.65 16.38 16.38 17.18 17.18 17.06 17.06 17.06 17.06 5.04 5.04 5.04 5.04 14.43 14.43 18.00 18.00 18.24 18.24 18.24 18.24 18.60 18.60 18.60 18.60 17.73 17.73 17.73 17.73
16.67 15.58 15.58 15.58 15.58 15.52 15.52 17.32 17.32 17.04 17.04 17.04 27.93 16.89 16.89 16.89 16.89 16.46 16.46 16.46 16.46 16.94 16.94 16.94 16.94 17.77 17.77 17.77 17.77 17.03 17.03 17.03 17.03 17.06 17.06 17.06 17.06 17.07 17.07 17.07 17.07 17.10 17.10 17.10 17.10 17.02 17.02 17.02 17.02 16.65 16.65 16.65 16.65 16.38 16.38 16.38 16.38 17.06 17.06 17.06 17.06 5.04 5.04 17.75 5.04 5.13 5.13 18.00 18.00 18.24 18.24 18.24 18.24 18.60 18.60 18.60 18.60 17.73 17.73 17.73 17.73
16.67 15.58 15.58 15.58 15.58 15.52 15.52 17.32 17.32 17.04 17.04 17.04 17.04 16.89 16.89 16.89 16.89 27.03 16.46 16.46 16.46 16.94 16.94 16.94 16.94 17.77 17.77 17.77 17.77 17.03 17.03 17.03 17.03 17.06 17.06 17.06 17.06 17.07 17.07 17.07 17.07 17.10 17.10 17.10 17.10 17.02 17.02 17.02 17.02 16.65 16.65 16.65 16.65 16.38 16.38 16.38 16.38 16.26 17.06 17.06 17.06 17.75 17.75 17.75 17.75 18.00 18.00 18.00 18.00 18.24 18.24 18.24 18.24 18.60 18.60 18.60 18.60 31.20 30.62 30.62 30.62
16.79 15.67 15.67 15.67 15.67 15.53 15.53 15.53 17.33 16.86 16.86 16.86 16.86 16.57 16.57 16.57 16.57 39.23 16.76 16.76 16.76 17.93 17.93 17.93 17.93 18.62 18.62 18.62 18.62 17.58 17.58 17.58 17.58 17.50 17.50 17.50 17.50 17.65 17.65 17.65 17.65 17.68 17.68 17.68 17.68 17.31 17.31 17.31 17.31 16.79 16.79 27.62 16.79 16.42 16.42 26.98 16.42 16.36 16.36 16.36 17.16 18.11 18.11 18.11 18.11 18.34 18.34 18.34 18.34 18.37 18.37 18.37 18.37 18.58 18.58 18.58 18.58 42.61 17.76 17.76 17.76
16.79 15.67 15.67 15.67 15.67 15.53 15.53 15.53 17.33 16.86 16.86 16.86 16.86 16.57 27.22 27.22 16.57 16.76 16.76 16.76 16.76 17.93 17.93 17.93 17.93 18.62 18.62 18.62 18.62 17.58 17.58 17.58 17.58 17.50 17.50 17.50 17.50 17.65 17.65 17.65 17.65 17.68 17.68 17.68 17.68 17.31 17.31 28.50 17.31 27.62 27.62 16.79 16.79 16.42 16.42 16.42 16.42 16.36 16.36 3.88 16.36 18.11 18.11 18.11 18.11 18.34 18.34 18.34 18.34 18.37 18.37 18.37 18.37 18.58 18.58 18.58 32.48 17.76 17.76 17.76 17.76
50.73 27.99 15.67 15.67 15.67 15.53 15.53 15.53 17.33 16.86 16.86 16.86 16.86 16.57 16.57 16.57 16.57 16.76 16.76 16.76 16.76 17.93 17.93 17.93 17.93 18.62 18.62 18.62 6.84 17.58 17.58 17.58 17.58 17.50 17.50 17.50 17.50 17.65 17.65 17.65 17.65 17.68 17.68 17.68 28.92 17.31 17.31 17.31 17.31 16.79 16.79 16.79 16.79 16.42 16.42 16.42 16.42 16.36 16.36 3.88 16.36 17.06 18.11 18.11 18.11 18.34 18.34 18.34 18.34 18.37 18.37 18.37 18.37 18.58 18.58 18.58 18.58 17.76 17.76 17.76 17.76
29.12 15.67 27.99 15.67 27.90 15.53 27.74 15.53 15.53 16.86 27.71 27.71 27.53 16.57 16.57 16.57 16.57 16.76 16.76 16.76 16.76 17.93 29.73 17.93 17.93 18.62 18.62 18.62 6.84 13.39 17.58 17.58 17.58 17.50 17.50 17.50 17.50 17.65 17.65 17.65 17.65 17.68 6.50 17.68 17.68 17.31 17.31 17.31 17.31 16.79 16.79 16.79 16.79 26.98 16.42 16.42 16.42 16.36 16.36 16.36 16.36 17.06 17.06 17.06 18.11 18.34 18.34 31.75 18.34 18.37 18.37 18.37 18.37 18.58 18.58 18.58 18.58 17.76 17.76 17.76 17.76
16.69 15.60 27.87 27.87 15.60 15.45 15.45 15.45 19.70 16.72 16.72 16.72 16.72 16.48 16.48 16.48 16.48 17.07 17.07 17.07 17.07 18.32 18.32 18.32 18.32 18.80 18.80 18.80 6.92 6.57 17.86 29.46 17.86 17.87 17.87 17.87 17.87 17.91 17.91 17.91 6.59 6.47 22.55 17.61 17.61 17.15 17.15 17.15 17.15 16.71 16.71 16.71 16.71 26.90 16.37 16.37 16.37 16.61 16.61 16.61 16.61 17.25 17.25 17.25 17.25 18.57 18.57 18.57 18.57 18.71 18.71 18.71 18.71 18.86 18.86 18.86 18.86 17.90 17.90 17.90 17.90
16.69 15.60 15.60 27.87 15.60 15.45 15.45 15.45 27.60 14.99 16.72 16.72 16.72 16.48 16.48 16.48 16.48 28.07 17.07 17.07 17.07 18.32 18.32 18.32 18.32 18.80 18.80 6.92 6.92 9.91 17.86 17.86 17.86 17.87 17.87 6.58 17.87 17.91 17.91 6.59 6.59 9.61 17.61 17.61 17.61 17.15 17.15 17.15 17.15 16.71 16.71 16.71 16.71 16.37 16.37 16.37 16.37 16.61 16.61 16.61 16.61 17.25 17.25 17.25 17.25 17.57 17.57 18.57 18.57 18.71 18.71 18.71 18.71 18.86 18.86 18.86 18.86 17.90 17.90 17.90 17.90
16.69 15.60 15.60 15.60 15.60 15.45 15.45 15.45 15.45 14.99 16.72 16.72 16.72 16.48 16.48 16.48 16.48 17.07 17.07 17.07 17.07 18.32 18.32 18.32 18.32 18.80 18.80 6.92 6.92 6.57 17.86 17.86 17.86 17.87 6.58 6.58 6.58 6.59 6.59 6.59 6.59 17.61 17.61 29.01 17.61 17.15 17.15 28.22 17.15 16.71 16.71 27.47 16.71 16.37 16.37 16.37 16.37 16.61 16.61 16.61 16.61 17.25 17.25 17.25 17.25 17.57 23.73 17.57 18.57 18.71 18.71 18.71 18.71 18.86 18.86 18.86 18.86 17.90 17.90 17.90 17.90
28.18 15.60 15.60 15.60 15.60 15.45 15.45 15.45 15.45 14.99 16.72 16.72 16.72 16.48 16.48 16.48 16.48 17.07 17.07 17.07 17.07 18.32 18.32 18.32 18.32 18.80 18.80 6.92 6.92 6.57 6.57 17.86 17.86 17.87 6.58 6.58 6.58 6.59 6.59 9.81 17.91 17.61 17.61 17.61 17.61 17.15 17.15 17.15 17.15 16.71 16.71 27.47 27.27 16.37 16.37 16.37 16.37 16.61 16.61 16.61 16.61 17.25 17.25 17.25 17.25 17.57 17.57 17.57 17.57 17.71 18.71 18.71 18.71 18.86 18.86 18.86 18.86 17.90 17.90 17.90 17.90
15.69 15.56 15.56 15.56 15.56 15.38 15.38 15.38 15.38 14.77 14.77 16.47 16.47 16.54 16.54 16.54 16.54 17.75 17.75 17.75 17.75 18.62 18.62 18.62 18.62 18.88 18.88 6.96 6.96 6.64 6.64 18.01 18.01 6.63 6.63 17.99 6.63 6.48 19.91 29.03 17.62 17.09 17.09 17.09 17.09 16.95 16.95 16.95 16.95 16.60 16.60 16.60 16.60 16.48 16.48 16.48 16.48 16.83 16.83 16.83 16.83 17.37 17.37 17.37 17.37 17.72 17.72 17.72 17.72 17.99 17.99 18.99 18.99 19.15 19.15 19.15 19.15 18.19 18.19 18.19 18.19
27.96 15.56 27.80 27.80 42.11 25.70 15.38 15.38 15.38 14.77 18.86 16.47 16.47 16.54 16.54 16.54 16.54 17.75 17.75 17.75 17.75 18.62 18.62 18.62 18.62 18.88 18.88 6.96 6.96 6.64 6.64 6.64 6.64 6.63 17.99 29.69 6.63 6.48 17.62 17.62 35.48 17.09 17.09 17.09 17.09 16.95 16.95 16.95 16.95 16.60 16.60 16.60 16.60 16.48 16.48 16.48 16.48 16.83 16.83 16.83 16.83 17.37 17.37 17.37 17.37 17.72 17.72 17.72 17.72 17.99 17.99 17.99 17.99 19.15 19.15 19.15 19.15 18.19 18.19 18.19 7.49
19.74 19.58 19.58 19.58 19.58 19.36 33.52 19.36 19.36 17.51 17.51 18.55 18.55 16.85 16.85 16.85 16.85 17.97 17.97 17.97 17.97 18.88 18.88 18.88 18.88 19.14 19.14 7.06 7.06 5.87 12.53 16.19 16.19 16.17 16.17 16.17 5.86 5.72 15.85 15.85 15.85 25.20 15.36 15.36 15.36 13.40 13.40 13.40 13.40 21.55 12.88 12.88 12.88 12.79 12.79 12.79 12.79 13.26 13.26 13.26 13.26 12.27 12.27 12.27 12.27 12.52 12.52 12.52 12.52 12.91 21.08 12.91 12.91 13.03 15.02 15.02 15.02 13.84 13.84 11.61 11.61
19.74 19.58 19.58 19.58 19.58 19.36 19.36 19.36 19.36 17.51 31.34 17.51 18.55 16.85 16.85 16.85 16.85 17.97 17.97 17.97 17.97 18.88 18.88 18.88 18.88 19.14 7.06 7.06 7.06 5.87 16.19 16.19 16.19 16.17 26.62 5.86 5.86 15.85 15.85 15.85 15.85 15.36 15.36 15.36 15.36 13.40 13.40 13.40 13.40 12.88 21.55 12.88 12.88 12.79 12.79 12.79 12.79 13.26 13.26 13.26 13.26 12.27 12.27 12.27 12.27 12.52 12.52 12.52 12.52 21.62 12.91 12.91 21.08 13.03 13.03 15.02 15.02 5.52 13.84 3.67 4.12
19.70 19.51 19.51 19.51 19.51 33.05 19.04 19.04 19.04 41.31 16.98 16.98 18.18 17.32 17.32 17.32 17.32 18.70 18.70 18.70 18.70 19.07 19.07 19.07 19.07 19.19 7.08 7.08 7.08 5.86 16.17 16.17 16.17 15.99 15.99 15.99 15.99 15.48 15.48 15.48 15.48 15.22 15.22 15.22 15.22 13.37 13.37 13.37 21.84 12.90 12.90 12.90 12.90 12.98 12.98 12.98 12.98 13.44 13.44 13.44 13.44 12.40 12.40 12.40 12.40 12.54 12.54 12.54 12.54 12.91 12.91 12.91 6.39 21.08 13.05 13.05 5.13 5.60 5.51 3.26 4.12
19.70 19.51 19.51 19.51 19.51 33.05 19.04 19.04 19.04 16.98 30.03 16.98 16.98 17.32 17.32 17.32 17.32 18.70 18.70 18.70 18.70 19.07 19.07 19.07 19.07 19.19 7.08 7.08 7.08 5.86 16.17 16.17 16.17 15.99 15.99 15.99 15.99 15.48 15.48 15.48 15.48 15.22 15.22 15.22 15.22 32.20 13.37 13.37 13.37 12.90 12.90 12.90 12.90 12.98 12.98 12.98 12.98 13.44 13.44 13.44 13.44 12.40 12.40 12.40 12.40 12.54 12.54 12.54 12.54 12.91 12.91 4.27 12.91 21.08 13.05 13.05 5.13 2.48 11.61 11.61 4.12
19.70 19.51 19.51 19.51 19.51 19.04 19.04 19.04 19.04 16.98 16.98 16.98 16.98 17.32 17.32 17.32 17.32 18.70 18.70 18.70 18.70 19.07 19.07 19.07 19.07 19.19 7.08 7.08 7.08 5.86 16.17 16.17 16.17 15.99 15.99 26.28 15.99 15.48 15.48 25.41 15.48 15.22 15.22 15.22 15.22 23.24 13.37 13.37 13.37 21.57 12.90 12.90 12.90 12.98 12.98 12.98 12.98 13.44 13.44 13.44 13.44 12.40 12.40 12.40 12.40 12.54 12.54 12.54 12.54 12.91 12.91 12.91 4.67 4.33 13.05 13.05 13.05 2.48 11.46 11.46 7.16
19.70 19.51 19.51 19.51 19.51 19.04 19.04 19.04 19.04 16.98 16.98 16.98 16.98 17.32 17.32 17.32 17.32 18.70 18.70 18.70 18.70 19.07 19.07 19.07 19.07 19.19 7.08 7.08 7.08 16.17 16.17 16.17 16.17 26.28 5.78 26.28 15.99 15.48 15.48 25.41 15.48 15.22 15.22 15.22 15.22 41.62 13.37 13.37 13.37 12.90 12.90 12.90 12.90 12.98 12.98 12.98 12.98 13.44 13.44 13.44 13.44 12.40 12.40 12.40 12.40 12.54 12.54 12.54 12.54 12.91 12.91 12.91 9.39 5.26 13.05 13.05 13.05 3.78 5.35 11.46 5.35
