Sensitivity testing/Dynamic_input/Gridded_temps/prism_tmax_tutuila_30yr_normal_11.asc
ncols         700
nrows         400
xllcorner     515000
yllcorner     8409000
cellsize      50
NODATA_value  -9999
[rows 136 to 169 of 400, columns 231 to 307 of 700]
-9999 -9999 -9999 -9999 -9999 -9999 -9999 -9999 -9999 -9999 -9999 -9999 -9999 -9999 -9999 -9999 -9999 -9999 -9999 -9999 -9999 -9999 -9999 -9999 -9999 -9999 -9999 -9999 -9999 -9999 -9999 -9999 -9999 -9999 -9999 -9999 -9999 -9999 -9999 -9999 -9999 -9999 -9999 -9999 -9999 -9999 -9999 -9999 -9999 -9999 -9999 -9999 -9999 -9999 -9999 -9999 -9999 -9999 -9999 30.61 30.61 30.61 30.61 30.61 30.61 30.61 30.61 30.61 30.6 30.59 30.57 30.52 30.47 30.47 30.45 30.41 30.34
-9999 -9999 -9999 -9999 -9999 -9999 -9999 -9999 -9999 -9999 -9999 -9999 -9999 -9999 -9999 -9999 -9999 -9999 -9999 -9999 -9999 -9999 -9999 -9999 -9999 -9999 -9999 -9999 -9999 -9999 -9999 -9999 -9999 -9999 -9999 -9999 -9999 -9999 -9999 -9999 -9999 -9999 -9999 -9999 -9999 -9999 -9999 -9999 -9999 -9999 -9999 -9999 -9999 -9999 -9999 -9999 -9999 -9999 -9999 30.61 30.61 30.61 30.61 30.61 30.61 30.61 30.61 30.6 30.59 30.56 30.52 30.42 30.34 30.34 30.34 30.34 30.28
-9999 -9999 -9999 -9999 -9999 -9999 -9999 -9999 -9999 -9999 -9999 -9999 -9999 -9999 -9999 -9999 -9999 -9999 -9999 -9999 -9999 -9999 -9999 -9999 -9999 -9999 -9999 -9999 -9999 -9999 -9999 -9999 -9999 -9999 -9999 -9999 -9999 -9999 -9999 -9999 -9999 -9999 -9999 -9999 -9999 -9999 -9999 -9999 -9999 -9999 -9999 -9999 -9999 -9999 -9999 -9999 -9999 30.61 30.61 30.61 30.61 30.61 30.61 30.61 30.6 30.6 30.6 30.59 30.57 30.52 30.46 30.31 30.19 30.2 30.22 30.25 30.22
-9999 -9999 -9999 -9999 -9999 -9999 -9999 -9999 -9999 -9999 -9999 -9999 -9999 -9999 -9999 -9999 -9999 -9999 -9999 -9999 -9999 -9999 -9999 -9999 -9999 -9999 -9999 -9999 -9999 -9999 -9999 -9999 -9999 -9999 -9999 -9999 -9999 -9999 -9999 -9999 -9999 -9999 -9999 -9999 -9999 -9999 -9999 -9999 -9999 -9999 -9999 -9999 -9999 -9999 -9999 30.61 30.61 30.61 30.61 30.61 30.6 30.6 30.6 30.6 30.6 30.6 30.59 30.58 30.55 30.5 30.44 30.29 30.16 30.11 30.1 30.14 30.12
-9999 -9999 -9999 -9999 -9999 -9999 -9999 -9999 -9999 -9999 -9999 -9999 -9999 -9999 -9999 -9999 -9999 -9999 -9999 -9999 -9999 -9999 -9999 -9999 -9999 -9999 -9999 -9999 -9999 -9999 -9999 -9999 -9999 -9999 -9999 -9999 -9999 -9999 -9999 -9999 -9999 -9999 -9999 -9999 -9999 -9999 -9999 -9999 -9999 -9999 -9999 -9999 -9999 -9999 -9999 30.61 30.61 30.61 30.61 30.6 30.6 30.6 30.6 30.6 30.6 30.59 30.58 30.56 30.53 30.47 30.41 30.26 30.13 30.03 29.99 30.02 30.02
-9999 -9999 -9999 -9999 -9999 -9999 -9999 -9999 -9999 -9999 -9999 -9999 -9999 -9999 -9999 -9999 -9999 -9999 -9999 -9999 -9999 -9999 -9999 -9999 -9999 -9999 -9999 -9999 -9999 -9999 -9999 -9999 -9999 -9999 -9999 -9999 -9999 -9999 -9999 -9999 -9999 -9999 -9999 -9999 -9999 -9999 -9999 -9999 -9999 -9999 -9999 -9999 -9999 30.6 30.6 30.6 30.6 30.6 30.6 30.6 30.6 30.6 30.6 30.59 30.59 30.57 30.54 30.49 30.43 30.38 30.34 30.21 30.09 29.95 29.87 29.87 29.86
-9999 -9999 -9999 -9999 -9999 -9999 -9999 -9999 -9999 -9999 -9999 -9999 -9999 -9999 -9999 -9999 -9999 -9999 -9999 -9999 -9999 -9999 -9999 -9999 -9999 -9999 -9999 -9999 -9999 -9999 -9999 -9999 -9999 -9999 -9999 -9999 -9999 -9999 -9999 -9999 -9999 -9999 -9999 -9999 -9999 -9999 -9999 -9999 -9999 -9999 -9999 -9999 -9999 30.6 30.6 30.6 30.6 30.6 30.6 30.6 30.6 30.6 30.59 30.59 30.58 30.55 30.51 30.43 30.32 30.28 30.25 30.16 30.05 29.89 29.77 29.73 29.7
-9999 -9999 -9999 -9999 -9999 -9999 -9999 -9999 -9999 -9999 -9999 -9999 -9999 -9999 -9999 -9999 -9999 -9999 -9999 -9999 -9999 -9999 -9999 -9999 -9999 -9999 -9999 -9999 -9999 -9999 -9999 -9999 -9999 -9999 -9999 -9999 -9999 -9999 -9999 -9999 -9999 -9999 -9999 -9999 -9999 -9999 -9999 -9999 -9999 -9999 -9999 -9999 30.6 30.6 30.6 30.6 30.6 30.6 30.6 30.59 30.59 30.59 30.59 30.59 30.58 30.55 30.49 30.36 30.18 30.14 30.15 30.1 30.02 29.86 29.72 29.62 29.57
-9999 -9999 -9999 -9999 -9999 -9999 -9999 -9999 -9999 -9999 -9999 -9999 -9999 -9999 -9999 -9999 -9999 -9999 -9999 -9999 -9999 -9999 -9999 -9999 -9999 -9999 -9999 -9999 -9999 -9999 -9999 -9999 -9999 -9999 -9999 -9999 -9999 -9999 -9999 -9999 -9999 -9999 -9999 -9999 -9999 -9999 -9999 -9999 -9999 -9999 -9999 -9999 30.6 30.6 30.6 30.6 30.6 30.6 30.6 30.59 30.59 30.59 30.59 30.59 30.57 30.54 30.47 30.31 30.08 30.04 30.04 30.02 29.98 29.82 29.68 29.54 29.46
-9999 -9999 -9999 -9999 -9999 -9999 -9999 -9999 -9999 -9999 -9999 -9999 -9999 -9999 -9999 -9999 -9999 -9999 -9999 -9999 -9999 -9999 -9999 -9999 -9999 -9999 -9999 -9999 -9999 -9999 -9999 -9999 -9999 -9999 -9999 -9999 -9999 -9999 -9999 -9999 -9999 -9999 -9999 -9999 -9999 -9999 -9999 -9999 30.6 30.6 30.6 30.6 30.6 30.6 30.59 30.59 30.59 30.59 30.59 30.59 30.59 30.58 30.58 30.58 30.57 30.54 30.47 30.29 30.04 29.97 29.94 29.94 29.91 29.79 29.66 29.49 29.38
-9999 -9999 -9999 -9999 -9999 -9999 -9999 -9999 -9999 -9999 -9999 -9999 -9999 -9999 -9999 -9999 -9999 -9999 -9999 -9999 -9999 -9999 -9999 -9999 -9999 -9999 -9999 -9999 -9999 -9999 -9999 -9999 -9999 -9999 -9999 -9999 -9999 -9999 -9999 -9999 -9999 -9999 -9999 -9999 -9999 -9999 -9999 -9999 30.6 30.6 30.6 30.6 30.6 30.59 30.59 30.59 30.59 30.59 30.59 30.59 30.58 30.58 30.58 30.58 30.57 30.54 30.48 30.31 30.09 29.97 29.89 29.86 29.82 29.74 29.62 29.45 29.31
-9999 -9999 -9999 -9999 -9999 -9999 -9999 -9999 -9999 -9999 -9999 -9999 -9999 -9999 -9999 -9999 -9999 -9999 -9999 -9999 -9999 -9999 -9999 -9999 -9999 -9999 -9999 -9999 -9999 -9999 -9999 -9999 -9999 -9999 -9999 -9999 -9999 -9999 -9999 -9999 -9999 -9999 -9999 -9999 -9999 -9999 30.6 30.6 30.6 30.6 30.59 30.59 30.59 30.59 30.59 30.59 30.59 30.58 30.58 30.58 30.58 30.58 30.58 30.58 30.57 30.55 30.5 30.38 30.21 30.04 29.87 29.78 29.71 29.66 29.58 29.43 29.27
-9999 -9999 -9999 -9999 -9999 -9999 -9999 -9999 -9999 -9999 -9999 -9999 -9999 -9999 -9999 -9999 -9999 -9999 -9999 -9999 -9999 -9999 -9999 -9999 -9999 -9999 -9999 -9999 -9999 -9999 -9999 -9999 -9999 -9999 -9999 -9999 -9999 -9999 -9999 -9999 -9999 -9999 -9999 -9999 -9999 -9999 30.6 30.6 30.6 30.59 30.59 30.59 30.59 30.59 30.59 30.59 30.58 30.58 30.58 30.58 30.58 30.58 30.58 30.57 30.57 30.55 30.51 30.39 30.23 30.04 29.84 29.71 29.61 29.58 29.52 29.41 29.25
-9999 -9999 -9999 -9999 -9999 -9999 -9999 -9999 -9999 -9999 -9999 -9999 -9999 -9999 -9999 -9999 -9999 -9999 -9999 -9999 -9999 -9999 -9999 -9999 -9999 -9999 -9999 -9999 -9999 -9999 -9999 -9999 -9999 -9999 -9999 -9999 -9999 -9999 -9999 -9999 -9999 -9999 -9999 -9999 30.59 30.59 30.59 30.59 30.59 30.59 30.59 30.59 30.59 30.58 30.58 30.58 30.58 30.58 30.58 30.57 30.57 30.57 30.57 30.57 30.56 30.54 30.51 30.38 30.2 30.01 29.82 29.65 29.51 29.49 29.46 29.39 29.25
-9999 -9999 -9999 -9999 -9999 -9999 -9999 -9999 -9999 -9999 -9999 -9999 -9999 -9999 -9999 -9999 -9999 -9999 -9999 -9999 -9999 -9999 -9999 -9999 -9999 -9999 -9999 -9999 -9999 -9999 -9999 -9999 -9999 -9999 -9999 -9999 -9999 -9999 -9999 -9999 -9999 -9999 -9999 -9999 30.59 30.59 30.59 30.59 30.59 30.59 30.59 30.59 30.59 30.58 30.58 30.58 30.58 30.58 30.57 30.57 30.57 30.57 30.57 30.56 30.56 30.55 30.51 30.4 30.24 30.05 29.84 29.63 29.45 29.41 29.36 29.32 29.2
-9999 -9999 -9999 -9999 -9999 -9999 -9999 -9999 -9999 -9999 -9999 -9999 -9999 -9999 -9999 -9999 -9999 -9999 -9999 -9999 -9999 -9999 -9999 -9999 -9999 -9999 -9999 -9999 -9999 -9999 -9999 -9999 -9999 -9999 -9999 -9999 -9999 -9999 -9999 -9999 -9999 30.6 30.6 30.6 30.59 30.59 30.59 30.59 30.59 30.59 30.58 30.58 30.58 30.58 30.58 30.57 30.57 30.57 30.57 30.57 30.57 30.57 30.56 30.56 30.56 30.55 30.52 30.43 30.3 30.09 29.86 29.61 29.4 29.32 29.27 29.24 29.15
-9999 -9999 -9999 -9999 -9999 -9999 -9999 -9999 -9999 -9999 -9999 -9999 -9999 -9999 -9999 -9999 -9999 -9999 -9999 -9999 -9999 -9999 -9999 -9999 -9999 -9999 -9999 -9999 -9999 -9999 -9999 -9999 -9999 -9999 -9999 -9999 -9999 30.6 30.6 30.6 30.6 30.59 30.59 30.59 30.59 30.59 30.59 30.58 30.58 30.58 30.58 30.58 30.57 30.57 30.57 30.57 30.57 30.57 30.56 30.56 30.56 30.56 30.56 30.56 30.56 30.54 30.51 30.42 30.29 30.06 29.8 29.57 29.36 29.23 29.13 29.09 29
-9999 -9999 -9999 -9999 -9999 -9999 -9999 -9999 -9999 -9999 -9999 -9999 -9999 -9999 -9999 -9999 -9999 -9999 -9999 -9999 -9999 -9999 -9999 -9999 -9999 -9999 -9999 -9999 -9999 -9999 -9999 -9999 -9999 -9999 -9999 -9999 -9999 30.6 30.6 30.6 30.6 30.59 30.59 30.59 30.59 30.59 30.58 30.58 30.58 30.58 30.58 30.57 30.57 30.57 30.57 30.57 30.57 30.56 30.56 30.56 30.56 30.56 30.56 30.56 30.55 30.53 30.48 30.39 30.26 30.01 29.73 29.52 29.31 29.15 29.02 28.96 28.88
-9999 -9999 -9999 -9999 -9999 -9999 -9999 -9999 -9999 -9999 -9999 -9999 -9999 -9999 -9999 -9999 -9999 -9999 -9999 -9999 -9999 -9999 -9999 -9999 -9999 -9999 -9999 -9999 -9999 -9999 -9999 -9999 -9999 -9999 30.6 30.6 30.6 30.6 30.6 30.59 30.59 30.59 30.59 30.58 30.58 30.58 30.58 30.58 30.57 30.57 30.57 30.57 30.57 30.57 30.56 30.56 30.56 30.56 30.56 30.55 30.55 30.55 30.55 30.55 30.53 30.49 30.42 30.29 30.11 29.88 29.64 29.45 29.27 29.13 29.03 28.97 28.9
-9999 -9999 -9999 -9999 -9999 -9999 -9999 -9999 -9999 -9999 -9999 -9999 -9999 -9999 -9999 -9999 -9999 -9999 -9999 -9999 -9999 -9999 -9999 -9999 -9999 -9999 -9999 -9999 -9999 -9999 -9999 -9999 -9999 -9999 30.6 30.6 30.6 30.6 30.6 30.59 30.59 30.59 30.58 30.58 30.58 30.58 30.58 30.58 30.57 30.57 30.57 30.57 30.57 30.56 30.56 30.56 30.56 30.56 30.56 30.55 30.55 30.55 30.55 30.54 30.52 30.46 30.36 30.21 30.01 29.81 29.61 29.46 29.31 29.19 29.11 29.06 28.99
-9999 -9999 -9999 -9999 -9999 -9999 -9999 -9999 -9999 -9999 -9999 -9999 -9999 -9999 -9999 -9999 -9999 -9999 -9999 -9999 -9999 -9999 -9999 -9999 -9999 -9999 -9999 -9999 -9999 -9999 -9999 -9999 30.6 30.6 30.6 30.6 30.6 30.6 30.59 30.59 30.59 30.58 30.58 30.58 30.58 30.57 30.57 30.57 30.55 30.55 30.56 30.56 30.56 30.56 30.56 30.56 30.55 30.55 30.55 30.55 30.55 30.54 30.54 30.54 30.5 30.43 30.3 30.16 30.01 29.86 29.72 29.62 29.53 29.43 29.35 29.31 29.21
-9999 -9999 -9999 -9999 -9999 -9999 -9999 -9999 -9999 -9999 -9999 -9999 -9999 -9999 -9999 -9999 -9999 -9999 -9999 -9999 -9999 -9999 -9999 -9999 -9999 -9999 -9999 -9999 -9999 -9999 -9999 -9999 30.6 30.6 30.6 30.6 30.6 30.59 30.59 30.59 30.58 30.58 30.58 30.58 30.57 30.57 30.56 30.54 30.52 30.52 30.54 30.55 30.56 30.56 30.56 30.55 30.55 30.55 30.55 30.55 30.54 30.54 30.54 30.53 30.5 30.42 30.3 30.18 30.07 29.96 29.85 29.79 29.73 29.65 29.58 29.53 29.41
-9999 -9999 -9999 -9999 -9999 -9999 -9999 -9999 -9999 -9999 -9999 -9999 -9999 -9999 -9999 -9999 -9999 -9999 -9999 -9999 -9999 -9999 -9999 -9999 -9999 -9999 -9999 -9999 -9999 -9999 30.6 30.6 30.6 30.6 30.6 30.6 30.59 30.59 30.59 30.58 30.58 30.58 30.58 30.57 30.57 30.56 30.53 30.51 30.47 30.47 30.51 30.53 30.55 30.55 30.55 30.55 30.55 30.54 30.54 30.54 30.54 30.54 30.54 30.53 30.5 30.45 30.36 30.28 30.2 30.1 30 29.97 29.93 29.86 29.8 29.72 29.57
-9999 -9999 -9999 -9999 -9999 -9999 -9999 -9999 -9999 -9999 -9999 -9999 -9999 -9999 -9999 -9999 -9999 -9999 -9999 -9999 -9999 -9999 -9999 -9999 -9999 -9999 -9999 -9999 -9999 -9999 30.6 30.6 30.6 30.6 30.6 30.59 30.59 30.59 30.58 30.58 30.58 30.58 30.57 30.57 30.56 30.54 30.49 30.44 30.38 30.39 30.45 30.49 30.53 30.54 30.55 30.55 30.54 30.54 30.54 30.54 30.54 30.54 30.53 30.53 30.51 30.48 30.43 30.37 30.31 30.24 30.16 30.14 30.1 30.03 29.94 29.84 29.69
-9999 -9999 -9999 -9999 -9999 -9999 -9999 -9999 -9999 -9999 -9999 -9999 -9999 -9999 -9999 -9999 -9999 -9999 -9999 -9999 -9999 -9999 -9999 -9999 -9999 -9999 -9999 -9999 30.6 30.6 30.6 30.6 30.6 30.6 30.59 30.59 30.59 30.58 30.58 30.58 30.58 30.57 30.57 30.57 30.55 30.52 30.44 30.36 30.27 30.29 30.38 30.44 30.51 30.53 30.54 30.54 30.54 30.53 30.53 30.53 30.53 30.53 30.53 30.53 30.52 30.51 30.48 30.46 30.42 30.38 30.33 30.3 30.25 30.16 30.05 29.93 29.78
-9999 -9999 -9999 -9999 -9999 -9999 -9999 -9999 -9999 -9999 -9999 -9999 -9999 -9999 -9999 -9999 -9999 -9999 -9999 -9999 -9999 -9999 -9999 -9999 -9999 -9999 -9999 -9999 30.6 30.6 30.6 30.6 30.6 30.59 30.59 30.59 30.58 30.58 30.58 30.58 30.57 30.56 30.56 30.55 30.53 30.49 30.38 30.28 30.17 30.17 30.25 30.34 30.44 30.48 30.51 30.51 30.51 30.51 30.52 30.52 30.53 30.53 30.53 30.52 30.52 30.52 30.51 30.49 30.47 30.44 30.41 30.38 30.33 30.23 30.13 30.03 29.9
-9999 -9999 -9999 -9999 -9999 -9999 -9999 -9999 -9999 -9999 -9999 -9999 -9999 -9999 -9999 -9999 -9999 -9999 -9999 -9999 -9999 -9999 -9999 -9999 -9999 -9999 30.6 30.6 30.6 30.6 30.6 30.6 30.59 30.59 30.58 30.58 30.58 30.57 30.57 30.57 30.56 30.55 30.54 30.53 30.5 30.45 30.33 30.2 30.07 30.05 30.1 30.23 30.37 30.42 30.46 30.47 30.48 30.49 30.5 30.52 30.52 30.52 30.52 30.52 30.52 30.52 30.52 30.52 30.51 30.49 30.47 30.43 30.38 30.29 30.2 30.13 30.04
-9999 -9999 -9999 -9999 -9999 -9999 -9999 -9999 -9999 -9999 -9999 -9999 -9999 -9999 -9999 -9999 -9999 -9999 -9999 -9999 -9999 -9999 -9999 -9999 -9999 30.6 30.6 30.6 30.6 30.6 30.6 30.59 30.59 30.58 30.58 30.58 30.57 30.57 30.56 30.56 30.54 30.51 30.49 30.47 30.4 30.31 30.13 29.98 29.89 29.89 29.95 30.05 30.18 30.25 30.31 30.33 30.36 30.38 30.43 30.47 30.49 30.5 30.51 30.51 30.51 30.51 30.51 30.51 30.51 30.5 30.48 30.46 30.43 30.36 30.3 30.25 30.17
-9999 -9999 -9999 -9999 -9999 -9999 -9999 -9999 -9999 -9999 -9999 -9999 -9999 -9999 -9999 -9999 -9999 -9999 -9999 -9999 -9999 -9999 -9999 -9999 -9999 30.6 30.6 30.6 30.6 30.6 30.59 30.59 30.58 30.58 30.58 30.57 30.57 30.56 30.55 30.54 30.51 30.46 30.42 30.37 30.27 30.14 29.91 29.75 29.7 29.72 29.78 29.88 29.98 30.07 30.15 30.18 30.22 30.28 30.34 30.42 30.46 30.48 30.5 30.51 30.51 30.51 30.51 30.51 30.51 30.5 30.5 30.48 30.46 30.42 30.39 30.35 30.3
-9999 -9999 -9999 -9999 -9999 -9999 -9999 -9999 -9999 -9999 -9999 -9999 -9999 -9999 -9999 -9999 -9999 -9999 -9999 -9999 -9999 -9999 -9999 30.6 30.6 30.6 30.6 30.6 30.6 30.59 30.59 30.59 30.58 30.57 30.57 30.56 30.55 30.53 30.51 30.49 30.43 30.35 30.23 30.09 29.93 29.77 29.57 29.47 29.5 29.54 29.59 29.69 29.79 29.88 29.96 30.02 30.08 30.16 30.23 30.32 30.38 30.44 30.47 30.5 30.5 30.5 30.5 30.5 30.5 30.5 30.49 30.48 30.46 30.44 30.41 30.38 30.32
-9999 -9999 -9999 -9999 -9999 -9999 -9999 -9999 -9999 -9999 -9999 -9999 -9999 -9999 -9999 -9999 -9999 -9999 -9999 -9999 -9999 -9999 -9999 30.6 30.6 30.6 30.6 30.6 30.59 30.59 30.59 30.58 30.58 30.56 30.55 30.54 30.52 30.48 30.44 30.39 30.31 30.21 30.04 29.86 29.67 29.49 29.32 29.24 29.31 29.36 29.4 29.49 29.6 29.69 29.79 29.88 29.96 30.05 30.14 30.23 30.31 30.4 30.45 30.49 30.49 30.5 30.5 30.5 30.5 30.49 30.49 30.47 30.46 30.44 30.42 30.39 30.33
-9999 -9999 -9999 -9999 -9999 -9999 -9999 -9999 -9999 -9999 30.65 30.65 30.65 30.65 30.64 30.64 -9999 30.62 30.62 30.62 30.62 30.61 30.61 30.6 30.6 30.6 30.6 30.59 30.59 30.59 30.58 30.58 30.57 30.54 30.52 30.49 30.46 30.38 30.29 30.17 30.06 29.97 29.87 29.76 29.6 29.43 29.25 29.15 29.17 29.19 29.22 29.29 29.37 29.51 29.64 29.77 29.88 29.98 30.07 30.16 30.27 30.37 30.43 30.48 30.49 30.49 30.49 30.49 30.49 30.49 30.48 30.45 30.43 30.41 30.39 30.36 30.31
-9999 -9999 -9999 -9999 -9999 -9999 -9999 -9999 -9999 -9999 30.65 30.65 30.65 30.64 30.64 30.64 -9999 30.62 30.62 30.62 30.62 30.61 30.61 30.6 30.6 30.6 30.59 30.59 30.59 30.58 30.58 30.57 30.55 30.51 30.46 30.41 30.36 30.29 30.18 30.02 29.89 29.78 29.7 29.63 29.49 29.35 29.16 29.05 29.02 29.03 29.05 29.13 29.21 29.41 29.59 29.75 29.88 29.98 30.08 30.17 30.27 30.38 30.43 30.47 30.48 30.49 30.49 30.49 30.48 30.47 30.45 30.4 30.37 30.36 30.35 30.33 30.28
-9999 -9999 -9999 -9999 -9999 -9999 -9999 -9999 30.65 30.65 30.65 30.65 30.64 30.64 30.63 30.63 30.63 30.62 30.62 30.61 30.61 30.61 30.61 30.6 30.6 30.59 30.59 30.59 30.58 30.58 30.57 30.55 30.52 30.45 30.37 30.3 30.24 30.19 30.09 29.94 29.8 29.66 29.55 29.46 29.35 29.22 29.06 28.93 28.86 28.87 28.92 29.02 29.15 29.41 29.65 29.82 29.97 30.09 30.19 30.28 30.35 30.42 30.45 30.48 30.49 30.49 30.48 30.48 30.47 30.43 30.39 30.31 30.25 30.26 30.27 30.27 30.24
