Sensitivity_testing/input/Gridded_rain/prism_ppt_tutuila_30yr_normal_09.asc
ncols         700
nrows         400
xllcorner     515000
yllcorner     8409000
cellsize      50
NODATA_value  -9999
[rows 93 to 123 of 400, columns 345 to 413 of 700]
8.536618 8.615752 8.694886 8.77402 8.854729 8.93465 9.013391 9.089768 9.164966 9.237407 9.309454 9.377171 9.44528 9.51221 9.578351 9.642919 9.704729 9.764966 9.821265 9.876777 9.925989 9.974415 10.02008 10.06418 10.10591 10.14489 10.18229 10.21379 10.24449 10.27363 10.30197 10.32717 10.34961 10.36851 10.38505 10.39961 10.41024 10.42008 10.42796 10.43583 10.44213 10.44607 10.44646 10.44449 10.44134 10.43623 10.43111 10.42441 10.41772 10.41063 10.40316 10.39528 10.38623 10.37678 10.36497 10.35276 10.33741 10.32205 10.3063 10.28898 10.27008 10.25276 10.23583 10.21615 10.19607 10.17441 10.15158 10.12678 10.10276
8.662996 8.744099 8.826777 8.909453 8.99213 9.073627 9.153942 9.232682 9.310241 9.383076 9.455517 9.524414 9.592918 9.661423 9.728745 9.7941 9.857879 9.920084 9.976777 10.03189 10.08229 10.1315 10.17678 10.22087 10.26339 10.30197 10.3378 10.37166 10.40434 10.42914 10.45434 10.4815 10.50394 10.52008 10.53662 10.55315 10.5626 10.57087 10.57953 10.58701 10.58977 10.59213 10.59331 10.59056 10.58583 10.57953 10.57284 10.56497 10.55709 10.54961 10.54253 10.53544 10.52756 10.5193 10.50552 10.49095 10.47914 10.46536 10.44764 10.43071 10.41497 10.39686 10.37756 10.35867 10.33898 10.31615 10.29331 10.27048 10.24686
8.79095 8.875989 8.960634 9.044887 9.127957 9.211028 9.294099 9.374414 9.453155 9.527564 9.600792 9.671265 9.741343 9.811028 9.878745 9.944493 10.00867 10.07205 10.12875 10.18386 10.23623 10.28741 10.33386 10.37756 10.41733 10.45552 10.49213 10.52442 10.55591 10.58111 10.60631 10.63032 10.65237 10.67205 10.68701 10.69922 10.70867 10.71733 10.72323 10.72835 10.73229 10.73426 10.73386 10.73032 10.7252 10.71772 10.70945 10.70158 10.69371 10.68583 10.67875 10.67166 10.6626 10.65276 10.64095 10.62835 10.61378 10.59882 10.58308 10.56693 10.55 10.53229 10.51379 10.49489 10.4756 10.45355 10.4315 10.40867 10.38505
8.918509 9.006698 9.093311 9.179138 9.263784 9.34843 9.43347 9.515359 9.595675 9.671265 9.746068 9.817721 9.889375 9.959847 10.02875 10.09449 10.15906 10.22284 10.28032 10.33583 10.38977 10.44252 10.48977 10.53268 10.57087 10.60788 10.6441 10.67599 10.7067 10.7319 10.7563 10.77796 10.79922 10.82048 10.83426 10.84371 10.85276 10.86142 10.86497 10.8689 10.87284 10.87442 10.87245 10.86812 10.8626 10.85434 10.84528 10.83701 10.82875 10.82127 10.81339 10.8063 10.79646 10.78583 10.77481 10.76379 10.74725 10.7315 10.71733 10.70158 10.68426 10.66654 10.64882 10.62993 10.61103 10.58977 10.56812 10.54528 10.52166
9.046855 9.13465 9.222839 9.311028 9.399218 9.486225 9.571658 9.65473 9.736225 9.813785 9.890162 9.963391 10.03623 10.10709 10.17678 10.24528 10.30906 10.37087 10.43071 10.48977 10.54253 10.59371 10.64056 10.68386 10.72284 10.75749 10.78977 10.82205 10.85434 10.87756 10.9004 10.92127 10.94016 10.95709 10.97087 10.98347 10.99016 10.99607 11.0004 11.00394 11.0063 11.0063 11.00434 10.99882 10.99174 10.98386 10.97599 10.96733 10.95906 10.95119 10.94292 10.93426 10.9252 10.91536 10.90276 10.88898 10.87363 10.85827 10.84292 10.82796 10.8126 10.79607 10.77835 10.75906 10.73977 10.71851 10.69725 10.6756 10.65316
9.174808 9.263391 9.353154 9.443312 9.534257 9.623233 9.70906 9.792918 9.875989 9.955123 10.03347 10.10788 10.1819 10.25394 10.3252 10.39449 10.45867 10.5193 10.58032 10.64134 10.69292 10.74331 10.78938 10.83268 10.87205 10.90512 10.93505 10.96615 10.99725 11.0193 11.04095 11.06024 11.07717 11.09095 11.10434 11.11733 11.12284 11.12717 11.13111 11.13426 11.13505 11.13426 11.1315 11.1252 11.11733 11.10945 11.10158 11.09292 11.08465 11.07678 11.06812 11.05906 11.04961 11.03977 11.02599 11.01142 10.99646 10.98111 10.96575 10.95158 10.9378 10.92166 10.90394 10.88505 10.86575 10.84489 10.82402 10.80276 10.78111
9.302367 9.392919 9.484257 9.575989 9.668902 9.75906 9.845675 9.93032 10.01378 10.09528 10.17638 10.25158 10.32638 10.40119 10.47363 10.54253 10.6067 10.6689 10.72914 10.78898 10.84056 10.89056 10.93465 10.97678 11.01654 11.05001 11.07993 11.10631 11.1315 11.15434 11.1752 11.19213 11.20788 11.22166 11.23268 11.24253 11.24764 11.25197 11.25434 11.25591 11.2563 11.25434 11.24961 11.24331 11.23662 11.22756 11.21851 11.20985 11.20119 11.19292 11.18505 11.17717 11.16654 11.15434 11.14134 11.12756 11.11142 11.09607 11.08308 11.07008 11.0563 11.04016 11.02245 11.00473 10.98662 10.96694 10.94646 10.92402 10.90237
9.429532 9.52284 9.615753 9.708667 9.802367 9.893312 9.981108 10.06733 10.15197 10.23465 10.31733 10.3941 10.47087 10.54686 10.61969 10.68898 10.75394 10.81575 10.8756 10.93465 10.98583 11.03504 11.07796 11.11851 11.15631 11.18938 11.2193 11.24253 11.26457 11.28465 11.30394 11.3189 11.33268 11.34528 11.35473 11.36221 11.36615 11.3693 11.37087 11.37166 11.37008 11.36654 11.36103 11.35434 11.34725 11.33741 11.32796 11.3189 11.31024 11.30237 11.2941 11.28623 11.2756 11.26379 11.25001 11.23623 11.22048 11.20591 11.19371 11.18111 11.16812 11.15237 11.13544 11.11851 11.10119 11.08268 11.063 11.04056 11.0193
9.556304 9.653548 9.747249 9.84095 9.93465 10.02638 10.11615 10.20394 10.29095 10.37363 10.45591 10.53623 10.61497 10.69056 10.76379 10.83465 10.89961 10.96064 11.02008 11.07875 11.12914 11.17756 11.21969 11.25827 11.29253 11.32363 11.35355 11.3756 11.39567 11.41182 11.42756 11.44095 11.45276 11.463 11.47048 11.47638 11.47835 11.47953 11.4815 11.4819 11.47717 11.47205 11.46615 11.45827 11.44961 11.43977 11.42993 11.42087 11.41221 11.40434 11.39567 11.38701 11.37756 11.36812 11.35276 11.33662 11.32363 11.31064 11.29764 11.28505 11.27323 11.25867 11.24292 11.22599 11.20867 11.19174 11.17323 11.15197 11.13111
9.680714 9.779926 9.876383 9.972446 10.06615 10.15906 10.25079 10.34056 10.42875 10.5126 10.59528 10.67638 10.7563 10.83308 10.90709 10.97796 11.04292 11.10434 11.16103 11.21694 11.26615 11.31339 11.35434 11.39095 11.42323 11.45197 11.47953 11.50001 11.5193 11.5319 11.5441 11.55512 11.56379 11.57048 11.5756 11.58071 11.5819 11.58229 11.58111 11.57914 11.57323 11.56694 11.55985 11.55079 11.54056 11.53071 11.52087 11.51182 11.50355 11.49528 11.48741 11.47914 11.4693 11.45906 11.44449 11.42953 11.41615 11.40316 11.39174 11.38032 11.36851 11.35473 11.34056 11.32363 11.3067 11.29095 11.27402 11.25473 11.23426
9.804336 9.90473 10.00473 10.10316 10.19686 10.29095 10.38544 10.47678 10.56654 10.65119 10.73504 10.81575 10.89607 10.97481 11.05001 11.12008 11.18505 11.24725 11.30079 11.35237 11.40079 11.44686 11.48583 11.52127 11.55119 11.57757 11.60158 11.62127 11.63938 11.64882 11.65788 11.66575 11.67087 11.67323 11.67638 11.67993 11.68071 11.68111 11.6756 11.67008 11.66379 11.65631 11.64764 11.63741 11.62599 11.61575 11.60591 11.59725 11.58898 11.58111 11.57363 11.56654 11.55591 11.54371 11.53111 11.51812 11.50237 11.48898 11.4815 11.47127 11.45827 11.44528 11.43229 11.41575 11.39882 11.38426 11.3689 11.35237 11.33268
9.926777 10.02953 10.12914 10.22835 10.3256 10.42245 10.51851 10.61182 10.70316 10.78938 10.87481 10.95552 11.03544 11.11418 11.18898 11.25906 11.32245 11.38268 11.43426 11.48426 11.52875 11.57166 11.60867 11.64135 11.66812 11.69134 11.713 11.72914 11.7441 11.75197 11.75906 11.76221 11.76379 11.7626 11.763 11.76418 11.76339 11.76182 11.75473 11.74764 11.73977 11.73071 11.72087 11.70985 11.69843 11.6882 11.67875 11.67008 11.66221 11.65473 11.64686 11.63859 11.62875 11.61812 11.60552 11.59253 11.57875 11.56615 11.5563 11.54646 11.53662 11.52402 11.51024 11.49568 11.48071 11.46536 11.4504 11.43623 11.4189
10.04922 10.15394 10.25315 10.35276 10.45355 10.55355 10.65158 10.74646 10.83938 10.92756 11.01418 11.09489 11.17481 11.25316 11.32757 11.39764 11.45945 11.51654 11.56654 11.61536 11.65552 11.69489 11.72953 11.75945 11.78268 11.80316 11.82205 11.83465 11.84607 11.85276 11.85749 11.85631 11.85355 11.84961 11.84725 11.84568 11.84253 11.83859 11.83072 11.82245 11.813 11.80237 11.79095 11.77953 11.76812 11.75827 11.74883 11.74056 11.73268 11.7256 11.71694 11.7067 11.69804 11.69016 11.67717 11.66379 11.65237 11.64095 11.62757 11.61812 11.61182 11.59961 11.58504 11.57245 11.55945 11.54331 11.52835 11.51654 11.50237
10.16693 10.27166 10.37363 10.47638 10.57953 10.68111 10.7815 10.87796 10.97166 11.06064 11.14804 11.23071 11.3126 11.38977 11.463 11.53071 11.59016 11.64528 11.69253 11.7382 11.7752 11.81024 11.83977 11.86575 11.88701 11.90316 11.91693 11.9256 11.93347 11.93426 11.93426 11.93111 11.92717 11.92284 11.91693 11.91103 11.90394 11.89686 11.88938 11.88071 11.87008 11.85827 11.84528 11.83268 11.82087 11.81103 11.80158 11.79253 11.78426 11.77638 11.76851 11.75945 11.7504 11.74095 11.72993 11.7193 11.70827 11.69804 11.68898 11.67953 11.67008 11.65867 11.64646 11.63347 11.62008 11.60749 11.59489 11.58347 11.57087
10.28386 10.38898 10.4941 10.59922 10.70434 10.80827 10.91064 11.00827 11.10355 11.19331 11.2815 11.36615 11.44922 11.52599 11.59764 11.6626 11.72009 11.77323 11.81772 11.85985 11.89331 11.92442 11.94882 11.97087 11.98938 12.00079 12.00906 12.01418 12.01812 12.01379 12.00945 12.00434 11.99883 11.99331 11.98465 11.97442 11.96379 11.95355 11.94568 11.93701 11.9252 11.91221 11.89725 11.88426 11.87205 11.86142 11.85158 11.84174 11.83268 11.82442 11.81654 11.80945 11.80001 11.78938 11.78032 11.77166 11.76142 11.75276 11.74686 11.7382 11.72638 11.71575 11.70552 11.69213 11.67875 11.6693 11.65945 11.64804 11.63701
10.39725 10.50749 10.61378 10.72048 10.82717 10.9319 11.03426 11.13386 11.23111 11.32402 11.41575 11.49922 11.58111 11.65749 11.72796 11.79174 11.84646 11.89686 11.9382 11.97717 12.00631 12.03347 12.05316 12.0689 12.07953 12.08544 12.08859 12.08819 12.08701 12.08229 12.07678 12.0693 12.06064 12.0504 12.04016 12.02953 12.01654 12.00394 11.9941 11.98268 11.96851 11.95394 11.93898 11.92481 11.91103 11.89882 11.88701 11.87599 11.86536 11.85631 11.84764 11.83977 11.83229 11.82481 11.81575 11.8067 11.79961 11.79253 11.78583 11.77875 11.77087 11.76064 11.74961 11.73859 11.72756 11.71812 11.70867 11.69882 11.68938
10.51064 10.62323 10.7319 10.84016 10.94804 11.05394 11.15749 11.25906 11.35946 11.45434 11.54804 11.63071 11.71182 11.78701 11.85631 11.91851 11.97127 12.0189 12.0567 12.09213 12.11694 12.13898 12.15316 12.1626 12.16615 12.16654 12.16457 12.15985 12.15473 12.14882 12.14213 12.1319 12.12008 12.10591 12.09371 12.08229 12.06812 12.05355 12.04016 12.02599 12.00945 11.99331 11.97756 11.96182 11.94607 11.9319 11.91812 11.90512 11.89331 11.88308 11.87363 11.86497 11.85867 11.85355 11.84528 11.83701 11.83229 11.82717 11.82087 11.81497 11.80985 11.8004 11.78977 11.78032 11.77127 11.7626 11.75394 11.74568 11.7382
10.62245 10.73465 10.84646 10.95709 11.06575 11.17284 11.27835 11.38347 11.48819 11.58386 11.67717 11.75945 11.83898 11.91221 11.98032 12.04174 12.09213 12.13701 12.17087 12.20237 12.22245 12.23898 12.24489 12.24725 12.24489 12.23977 12.23268 12.22638 12.22009 12.21182 12.20237 12.18898 12.17402 12.15827 12.1441 12.13032 12.11575 12.10079 12.0819 12.063 12.04449 12.02599 12.00788 11.98977 11.97127 11.95394 11.93701 11.92363 11.91064 11.89843 11.88701 11.87757 11.87048 11.86457 11.86024 11.85631 11.85197 11.84804 11.84449 11.83977 11.83386 11.82638 11.81812 11.80945 11.80079 11.79449 11.78859 11.78308 11.77678
10.7319 10.84567 10.95985 11.07284 11.18308 11.29253 11.40079 11.50788 11.61418 11.71024 11.80316 11.88465 11.963 12.03386 12.09922 12.15827 12.20631 12.24804 12.27875 12.30631 12.32127 12.33229 12.33268 12.32953 12.32205 12.31182 12.30079 12.29174 12.28308 12.27166 12.25945 12.24449 12.22757 12.20946 12.19253 12.17599 12.15867 12.14095 12.11851 12.09646 12.0752 12.05434 12.03347 12.0126 11.99134 11.97048 11.9504 11.93505 11.92008 11.90631 11.8941 11.88347 11.87638 11.87087 11.86851 11.86654 11.86339 11.86103 11.85946 11.85591 11.85079 11.84489 11.83859 11.83072 11.82363 11.81969 11.81575 11.81221 11.80749
10.83898 10.9563 11.07166 11.18662 11.29961 11.4126 11.52481 11.63229 11.73741 11.83308 11.92599 12.00631 12.08386 12.15197 12.21379 12.26812 12.313 12.35197 12.37914 12.40316 12.4126 12.4189 12.41654 12.40946 12.39646 12.38308 12.3693 12.35631 12.34371 12.32796 12.3126 12.29843 12.28071 12.25985 12.23859 12.21812 12.19528 12.17205 12.14922 12.12599 12.10119 12.07717 12.05316 12.02914 12.00512 11.98071 11.95709 11.93741 11.9193 11.90512 11.89253 11.8819 11.8752 11.87048 11.86812 11.86615 11.86497 11.86379 11.8626 11.86103 11.85867 11.85355 11.84764 11.84253 11.8378 11.83505 11.83268 11.83032 11.82796
10.94174 11.06221 11.17993 11.29764 11.41339 11.52835 11.64174 11.74843 11.85158 11.9441 12.03386 12.11103 12.18544 12.25001 12.30827 12.35867 12.4004 12.43741 12.46142 12.48268 12.48938 12.49331 12.48938 12.48111 12.46733 12.45237 12.43701 12.41969 12.40237 12.38426 12.36615 12.34804 12.32717 12.30316 12.27757 12.25119 12.22402 12.19646 12.17127 12.14528 12.11733 12.08938 12.0626 12.03544 12.00867 11.98229 11.95631 11.93308 11.91182 11.89607 11.88268 11.87166 11.86457 11.85946 11.85749 11.85591 11.85591 11.85591 11.85552 11.85473 11.85394 11.85119 11.84764 11.84449 11.84174 11.84056 11.84016 11.83977 11.83898
11.04253 11.16536 11.28662 11.40709 11.52599 11.64213 11.75552 11.86064 11.96103 12.04922 12.13426 12.2067 12.27638 12.33701 12.39174 12.43859 12.47757 12.513 12.53426 12.55198 12.55749 12.56024 12.55631 12.54804 12.53544 12.52048 12.50434 12.48268 12.46024 12.44056 12.41969 12.39489 12.3693 12.34292 12.31182 12.27914 12.24764 12.21694 12.18859 12.15906 12.12638 12.09528 12.06536 12.03583 12.00591 11.97835 11.95079 11.92402 11.89961 11.8815 11.86693 11.85591 11.84764 11.84095 11.83977 11.83977 11.84016 11.84095 11.84095 11.84095 11.84056 11.84056 11.84095 11.83977 11.83819 11.83898 11.83977 11.84213 11.84371
11.13859 11.26418 11.38701 11.50867 11.6256 11.73898 11.84804 11.94725 12.04174 12.12363 12.20276 12.2689 12.33268 12.3882 12.4382 12.4815 12.51851 12.55158 12.57166 12.58898 12.59568 12.60001 12.59883 12.5941 12.58505 12.57284 12.55906 12.53859 12.51654 12.49016 12.4626 12.4315 12.39883 12.36497 12.32993 12.29449 12.25945 12.22481 12.19095 12.1567 12.12087 12.08662 12.05394 12.02245 11.99134 11.96103 11.93071 11.90237 11.87638 11.85631 11.83977 11.82717 11.81851 11.81142 11.80985 11.80906 11.81024 11.81142 11.81221 11.813 11.81379 11.81654 11.82008 11.82127 11.82245 11.8252 11.82835 11.8315 11.83544
11.23426 11.36182 11.48623 11.60827 11.72284 11.8319 11.93505 12.02835 12.11575 12.19135 12.26418 12.32323 12.38032 12.43032 12.47599 12.51615 12.55001 12.58111 12.6004 12.61772 12.62599 12.63308 12.63505 12.63426 12.62993 12.62127 12.61064 12.59292 12.57284 12.5382 12.50276 12.46497 12.42481 12.38268 12.34331 12.30591 12.26733 12.22875 12.18898 12.14961 12.11103 12.07402 12.03859 12.00552 11.97323 11.93938 11.90591 11.87717 11.85001 11.82757 11.80906 11.79449 11.78544 11.77796 11.7756 11.77442 11.7756 11.77678 11.77835 11.78032 11.78268 11.7878 11.7941 11.79804 11.80197 11.80749 11.81221 11.81575 11.82245
11.32363 11.45001 11.56812 11.68386 11.79095 11.89331 11.98938 12.0752 12.15473 12.22087 12.28426 12.33662 12.38741 12.43308 12.47442 12.51103 12.54174 12.5689 12.58898 12.60749 12.62087 12.63229 12.6378 12.64135 12.64331 12.63977 12.63426 12.61772 12.59883 12.56418 12.52638 12.48032 12.43386 12.38701 12.34292 12.30001 12.25631 12.2126 12.16812 12.12481 12.08426 12.04489 12.00709 11.97048 11.93505 11.90001 11.86536 11.83465 11.8063 11.78347 11.76379 11.74764 11.73701 11.72875 11.7252 11.72245 11.72363 11.7252 11.72953 11.73347 11.7378 11.74331 11.74922 11.75749 11.76575 11.77284 11.78032 11.78819 11.79686
11.41064 11.53465 11.64607 11.75512 11.85512 11.95001 12.03859 12.11615 12.1882 12.24528 12.29922 12.34489 12.38977 12.43111 12.46851 12.50198 12.52875 12.55276 12.57284 12.59213 12.61024 12.62599 12.63465 12.64331 12.65119 12.65316 12.65237 12.63741 12.6193 12.58505 12.54568 12.49213 12.43977 12.38898 12.33938 12.29056 12.24174 12.19292 12.1441 12.09686 12.05434 12.013 11.97205 11.93268 11.89371 11.85788 11.82245 11.78977 11.75985 11.73662 11.71615 11.69804 11.68623 11.67638 11.67166 11.66812 11.6689 11.67127 11.67796 11.68465 11.69056 11.69607 11.70119 11.71379 11.72678 11.73583 11.74568 11.75827 11.7689
11.48386 11.60001 11.70355 11.80394 11.89568 11.98111 12.05906 12.12678 12.18859 12.23977 12.28859 12.32953 12.36969 12.40749 12.44174 12.47166 12.49568 12.51654 12.53426 12.55158 12.56851 12.58505 12.6004 12.61457 12.62835 12.63426 12.63583 12.62284 12.6067 12.57245 12.53426 12.48426 12.43032 12.37284 12.31694 12.26182 12.20867 12.15591 12.10355 12.05276 12.00631 11.96103 11.91654 11.87599 11.83741 11.80079 11.76497 11.7319 11.70079 11.67481 11.65276 11.63465 11.62166 11.61064 11.60473 11.6004 11.60158 11.60473 11.61142 11.6193 11.62835 11.63662 11.64449 11.6567 11.6693 11.68308 11.69686 11.70985 11.72363
11.5504 11.65827 11.75355 11.84568 11.92796 12.00355 12.07087 12.12953 12.18308 12.22953 12.27402 12.31064 12.34646 12.37993 12.41024 12.43701 12.45788 12.4756 12.49135 12.5067 12.52245 12.53898 12.55906 12.57796 12.59607 12.60512 12.60985 12.59922 12.58505 12.55276 12.51615 12.4689 12.41418 12.35119 12.28977 12.22875 12.17127 12.11457 12.05867 12.00434 11.95355 11.90434 11.85709 11.81575 11.77638 11.73938 11.70316 11.66969 11.6378 11.60946 11.58623 11.56772 11.55355 11.54134 11.53465 11.52953 11.5315 11.53505 11.54213 11.55119 11.5626 11.57363 11.58465 11.59686 11.60985 11.62796 11.64489 11.65945 11.67638
11.60001 11.70001 11.78583 11.86851 11.94056 12.00591 12.06221 12.11379 12.16221 12.2067 12.24961 12.28347 12.31575 12.34292 12.36812 12.39056 12.40788 12.42245 12.43623 12.44961 12.46457 12.48032 12.49883 12.51772 12.53583 12.54804 12.5567 12.54961 12.53898 12.51142 12.47835 12.4315 12.37678 12.31418 12.24843 12.18111 12.11969 12.05906 12.00001 11.94174 11.88544 11.83386 11.78701 11.74331 11.70119 11.66339 11.62638 11.59292 11.56103 11.53268 11.50867 11.48859 11.47363 11.45985 11.45394 11.44922 11.4504 11.45394 11.46221 11.47205 11.48347 11.49764 11.51221 11.52757 11.54292 11.56103 11.58032 11.60079 11.62048
11.64056 11.73229 11.80867 11.8819 11.94371 12.00001 12.04922 12.09489 12.13898 12.17953 12.2193 12.2504 12.27993 12.30276 12.32323 12.34134 12.35473 12.36615 12.37717 12.3882 12.40119 12.41575 12.43347 12.45079 12.46733 12.48071 12.49213 12.48898 12.4819 12.45827 12.42875 12.38347 12.32953 12.26733 12.19843 12.12717 12.06064 11.99528 11.93229 11.87048 11.81064 11.7567 11.70867 11.66339 11.6193 11.58071 11.54331 11.51024 11.47835 11.44961 11.42481 11.40355 11.38741 11.37323 11.36693 11.36221 11.36379 11.36772 11.37717 11.3878 11.40001 11.41654 11.43426 11.45237 11.47008 11.49016 11.51142 11.53583 11.55788
11.67048 11.75394 11.82048 11.88347 11.93465 11.98386 12.03032 12.07284 12.113 12.14764 12.18071 12.20985 12.23662 12.25867 12.27599 12.2878 12.29725 12.30552 12.3126 12.32009 12.3315 12.3441 12.35985 12.37442 12.3878 12.40001 12.41221 12.4126 12.40946 12.38938 12.363 12.32009 12.26812 12.20631 12.13662 12.063 11.99056 11.9189 11.85197 11.78662 11.72599 11.66969 11.61851 11.57205 11.52757 11.48819 11.44961 11.41772 11.38662 11.35709 11.33111 11.30906 11.29253 11.27796 11.27008 11.26379 11.26733 11.27323 11.28347 11.29568 11.30906 11.32678 11.34646 11.36693 11.3878 11.41182 11.43544 11.45906 11.48308
