Sensitivity_testing/input/Gridded_rain/prism_ppt_tutuila_30yr_normal_01.asc
ncols         700
nrows         400
xllcorner     515000
yllcorner     8409000
cellsize      50
NODATA_value  -9999
[rows 217 to 247 of 400, columns 0 to 68 of 700]
-9999 -9999 -9999 -9999 -9999 -9999 -9999 -9999 -9999 -9999 -9999 -9999 -9999 -9999 -9999 -9999 -9999 -9999 -9999 -9999 -9999 -9999 -9999 -9999 -9999 -9999 -9999 -9999 -9999 -9999 -9999 -9999 -9999 -9999 -9999 -9999 -9999 -9999 -9999 -9999 -9999 -9999 -9999 -9999 -9999 -9999 -9999 -9999 -9999 -9999 -9999 -9999 12.10906 12.11536 12.15788 12.19528 12.22757 12.2756 12.33583 12.39961 12.46497 12.53347 12.60276 12.67638 12.7504 12.8252 12.90197 12.97993 13.05906
-9999 -9999 -9999 -9999 -9999 -9999 -9999 -9999 -9999 -9999 -9999 -9999 -9999 -9999 -9999 -9999 -9999 -9999 -9999 -9999 -9999 -9999 -9999 -9999 -9999 -9999 -9999 -9999 -9999 -9999 -9999 -9999 -9999 -9999 -9999 -9999 -9999 -9999 -9999 -9999 -9999 -9999 -9999 -9999 -9999 -9999 -9999 -9999 -9999 -9999 -9999 -9999 12.10119 12.12678 12.16418 12.20552 12.25276 12.30827 12.37048 12.43623 12.50316 12.57363 12.6445 12.7189 12.79449 12.87087 12.94843 13.02638 13.1067
-9999 -9999 -9999 -9999 -9999 -9999 -9999 -9999 -9999 -9999 -9999 -9999 -9999 -9999 -9999 -9999 -9999 -9999 -9999 -9999 -9999 -9999 -9999 -9999 -9999 -9999 -9999 -9999 -9999 -9999 -9999 -9999 -9999 -9999 -9999 -9999 -9999 -9999 -9999 -9999 -9999 -9999 -9999 -9999 -9999 -9999 -9999 -9999 -9999 -9999 -9999 12.0567 12.09725 12.13898 12.17205 12.21615 12.28032 12.34331 12.40512 12.47245 12.54134 12.61339 12.68623 12.76142 12.8382 12.91654 12.99449 13.07284 13.15355
-9999 -9999 -9999 -9999 -9999 -9999 -9999 -9999 -9999 -9999 -9999 -9999 -9999 -9999 -9999 -9999 -9999 -9999 -9999 -9999 -9999 -9999 -9999 -9999 -9999 -9999 -9999 -9999 -9999 -9999 -9999 -9999 -9999 -9999 -9999 -9999 -9999 -9999 -9999 -9999 -9999 -9999 -9999 -9999 -9999 -9999 -9999 -9999 -9999 12.00867 12.04331 12.06969 12.10552 12.14371 12.19331 12.24764 12.31064 12.37481 12.43977 12.50827 12.57796 12.65197 12.72638 12.80158 12.87835 12.95749 13.03741 13.11733 13.20001
-9999 -9999 -9999 -9999 -9999 -9999 -9999 -9999 -9999 -9999 -9999 -9999 -9999 -9999 -9999 -9999 -9999 -9999 -9999 -9999 -9999 -9999 -9999 -9999 -9999 -9999 -9999 -9999 -9999 -9999 -9999 -9999 -9999 -9999 -9999 -9999 -9999 -9999 -9999 -9999 -9999 -9999 -9999 -9999 -9999 -9999 -9999 -9999 -9999 12.00985 12.04016 12.08032 12.11497 12.15355 12.21575 12.27835 12.34095 12.40631 12.47363 12.54371 12.61457 12.68977 12.76497 12.84056 12.91772 12.99764 13.07875 13.16064 13.24528
-9999 -9999 -9999 -9999 -9999 -9999 -9999 -9999 -9999 -9999 -9999 -9999 -9999 -9999 -9999 -9999 -9999 -9999 -9999 -9999 -9999 -9999 -9999 -9999 -9999 -9999 -9999 -9999 -9999 -9999 -9999 -9999 -9999 -9999 -9999 -9999 -9999 -9999 -9999 -9999 -9999 -9999 -9999 -9999 -9999 -9999 -9999 11.96812 11.98898 12.01536 12.04607 12.07993 12.12993 12.1819 12.24331 12.30631 12.37166 12.4382 12.50512 12.57678 12.64961 12.72363 12.79883 12.87717 12.95591 13.03465 13.11654 13.2004 13.28662
-9999 -9999 -9999 -9999 -9999 -9999 -9999 -9999 -9999 -9999 -9999 -9999 -9999 -9999 -9999 -9999 -9999 -9999 -9999 -9999 -9999 -9999 -9999 -9999 -9999 -9999 -9999 -9999 -9999 -9999 -9999 -9999 -9999 -9999 -9999 -9999 -9999 -9999 -9999 -9999 -9999 -9999 -9999 -9999 -9999 -9999 -9999 11.97284 11.98977 12.02048 12.05434 12.08898 12.14804 12.20867 12.27009 12.33347 12.4004 12.46812 12.53623 12.60867 12.68268 12.75709 12.83229 12.91221 12.99174 13.07087 13.15316 13.2382 13.3252
-9999 -9999 -9999 -9999 -9999 -9999 -9999 -9999 -9999 -9999 -9999 -9999 -9999 -9999 -9999 -9999 -9999 -9999 -9999 -9999 -9999 -9999 -9999 -9999 -9999 -9999 -9999 -9999 -9999 -9999 -9999 -9999 -9999 -9999 -9999 -9999 -9999 -9999 -9999 -9999 -9999 -9999 -9999 -9999 -9999 -9999 -9999 11.98583 12.00001 12.0256 12.06733 12.11379 12.17284 12.23268 12.29607 12.35985 12.42599 12.49489 12.56575 12.63898 12.713 12.78898 12.86576 12.9445 13.02402 13.10512 13.1878 13.27205 13.35985
-9999 -9999 -9999 -9999 -9999 -9999 -9999 -9999 -9999 -9999 -9999 -9999 -9999 -9999 -9999 -9999 -9999 -9999 -9999 -9999 -9999 -9999 -9999 -9999 -9999 -9999 -9999 -9999 -9999 -9999 -9999 -9999 -9999 -9999 -9999 -9999 -9999 -9999 -9999 -9999 -9999 -9999 -9999 -9999 -9999 -9999 -9999 11.99568 12.01024 12.03701 12.08268 12.13465 12.19449 12.25591 12.31969 12.38465 12.45079 12.52048 12.59253 12.66654 12.74135 12.81772 12.89489 12.97442 13.05473 13.13662 13.22009 13.30473 13.39331
-9999 -9999 -9999 -9999 -9999 -9999 -9999 -9999 -9999 -9999 -9999 -9999 -9999 -9999 -9999 -9999 -9999 -9999 -9999 -9999 -9999 -9999 -9999 -9999 -9999 -9999 -9999 -9999 -9999 -9999 -9999 -9999 -9999 -9999 -9999 -9999 -9999 -9999 -9999 -9999 -9999 -9999 -9999 -9999 -9999 -9999 -9999 12.00276 12.02087 12.05434 12.10079 12.15158 12.21418 12.27757 12.34134 12.40709 12.4752 12.54528 12.61615 12.69135 12.76812 12.84371 12.92008 13.00158 13.08308 13.16497 13.24961 13.33623 13.4256
-9999 -9999 -9999 -9999 -9999 -9999 -9999 -9999 -9999 -9999 -9999 -9999 -9999 -9999 -9999 -9999 -9999 -9999 -9999 -9999 -9999 -9999 -9999 -9999 -9999 -9999 -9999 -9999 -9999 -9999 -9999 -9999 -9999 -9999 -9999 -9999 -9999 -9999 -9999 -9999 -9999 -9999 -9999 -9999 -9999 -9999 -9999 12.00945 12.03071 12.07008 12.11733 12.16733 12.23071 12.29528 12.36024 12.42717 12.49686 12.56733 12.63859 12.71339 12.78938 12.86733 12.94528 13.02678 13.10827 13.19095 13.27638 13.36418 13.45394
-9999 -9999 -9999 -9999 -9999 -9999 -9999 -9999 -9999 -9999 -9999 -9999 -9999 -9999 -9999 -9999 -9999 -9999 -9999 -9999 -9999 -9999 -9999 -9999 -9999 -9999 -9999 -9999 -9999 -9999 -9999 -9999 -9999 -9999 -9999 -9999 -9999 -9999 -9999 -9999 -9999 -9999 -9999 -9999 -9999 -9999 -9999 12.01575 12.04056 12.08544 12.13347 12.18268 12.24607 12.31064 12.37757 12.44607 12.51654 12.5882 12.66024 12.73386 12.80788 12.88938 12.97048 13.05079 13.13229 13.21615 13.30198 13.38977 13.47993
-9999 -9999 -9999 -9999 -9999 -9999 -9999 -9999 -9999 -9999 -9999 -9999 -9999 -9999 -9999 -9999 -9999 -9999 -9999 -9999 -9999 -9999 -9999 -9999 -9999 -9999 -9999 -9999 -9999 -9999 -9999 -9999 -9999 -9999 -9999 -9999 -9999 -9999 -9999 -9999 -9999 -9999 -9999 -9999 -9999 -9999 -9999 12.00512 12.04095 12.08898 12.14174 12.19607 12.25985 12.32442 12.39292 12.46182 12.53268 12.60434 12.67638 12.75119 12.82678 12.90709 12.9878 13.0693 13.15198 13.23583 13.32205 13.41024 13.50119
-9999 -9999 -9999 -9999 -9999 -9999 -9999 -9999 -9999 -9999 -9999 -9999 -9999 -9999 -9999 -9999 -9999 -9999 -9999 -9999 -9999 -9999 -9999 -9999 -9999 -9999 -9999 -9999 -9999 -9999 -9999 11.34646 11.34646 -9999 -9999 -9999 -9999 -9999 -9999 -9999 -9999 -9999 -9999 11.87087 11.87678 11.91772 11.95749 11.99489 12.03938 12.09016 12.14843 12.20946 12.27323 12.33819 12.40749 12.47717 12.54764 12.6193 12.69174 12.76772 12.84528 12.92363 13.00316 13.08701 13.17048 13.25434 13.34095 13.42914 13.52127
-9999 -9999 -9999 -9999 -9999 -9999 -9999 -9999 -9999 -9999 -9999 -9999 -9999 -9999 -9999 -9999 -9999 -9999 -9999 -9999 -9999 -9999 -9999 -9999 -9999 -9999 -9999 -9999 -9999 11.32638 11.33504 11.34449 11.35906 11.38977 -9999 -9999 11.54016 11.55434 11.59725 11.63544 11.67008 11.71457 11.763 11.82678 11.863 11.90749 11.95197 11.99568 12.04449 12.09804 12.15709 12.21772 12.28347 12.35001 12.41812 12.48701 12.5567 12.62914 12.70316 12.77993 12.85709 12.93583 13.01497 13.09686 13.17993 13.26575 13.35394 13.44331 13.53465
-9999 -9999 -9999 -9999 -9999 -9999 -9999 -9999 -9999 -9999 -9999 -9999 -9999 -9999 -9999 -9999 -9999 -9999 -9999 -9999 -9999 -9999 -9999 -9999 -9999 -9999 -9999 -9999 -9999 11.32442 11.3319 11.34371 11.36575 11.39213 -9999 -9999 11.53623 11.55394 11.59607 11.63426 11.66969 11.71418 11.76221 11.8063 11.85079 11.89882 11.94764 11.99725 12.05001 12.10591 12.16536 12.22638 12.29331 12.36024 12.42796 12.49607 12.56536 12.6382 12.71379 12.79095 12.86812 12.94686 13.0256 13.10591 13.18898 13.27638 13.36536 13.45591 13.54686
-9999 -9999 -9999 -9999 -9999 -9999 -9999 -9999 -9999 -9999 -9999 -9999 -9999 -9999 -9999 -9999 -9999 -9999 -9999 -9999 -9999 -9999 -9999 -9999 -9999 -9999 -9999 11.28544 11.29489 11.31497 11.32993 11.34568 11.37008 11.39725 11.42638 11.47442 11.5189 11.55079 11.58898 11.62757 11.66654 11.71103 11.75788 11.80394 11.8504 11.90001 11.95079 12.00276 12.05709 12.11261 12.17205 12.23308 12.29804 12.36379 12.43229 12.50198 12.57284 12.64607 12.72087 12.79764 12.87481 12.95237 13.03071 13.11339 13.19686 13.28268 13.37009 13.45985 13.55158
-9999 -9999 -9999 -9999 -9999 -9999 -9999 -9999 -9999 -9999 -9999 -9999 -9999 -9999 -9999 -9999 -9999 -9999 -9999 -9999 -9999 -9999 -9999 -9999 -9999 -9999 -9999 11.27914 11.28938 11.30788 11.32717 11.34686 11.37323 11.40197 11.43662 11.47166 11.51024 11.54804 11.58386 11.62245 11.66418 11.70867 11.75434 11.80197 11.8504 11.90119 11.95316 12.00749 12.0626 12.11851 12.17757 12.2382 12.30198 12.36654 12.43583 12.50631 12.57875 12.65237 12.72638 12.80237 12.87953 12.9567 13.03505 13.11851 13.20237 13.28701 13.37363 13.46261 13.55473
-9999 -9999 -9999 -9999 -9999 -9999 -9999 -9999 -9999 -9999 -9999 -9999 -9999 -9999 -9999 -9999 -9999 -9999 -9999 -9999 -9999 -9999 -9999 -9999 -9999 11.24016 11.24331 11.26536 11.28229 11.30079 11.32205 11.34568 11.37442 11.40512 11.43859 11.47245 11.50906 11.54568 11.58308 11.62245 11.66339 11.70749 11.75316 11.80158 11.8504 11.90237 11.95512 12.00906 12.06457 12.12166 12.18032 12.23977 12.30355 12.36851 12.4378 12.50788 12.58072 12.65394 12.72796 12.80355 12.87953 12.95788 13.03662 13.1193 13.20276 13.28701 13.37402 13.463 13.55473
-9999 -9999 -9999 -9999 -9999 -9999 -9999 -9999 -9999 -9999 -9999 -9999 -9999 -9999 -9999 -9999 -9999 -9999 -9999 -9999 -9999 -9999 -9999 -9999 -9999 11.22875 11.23898 11.2567 11.2752 11.29489 11.31812 11.34449 11.37481 11.40631 11.43938 11.47323 11.50827 11.54449 11.58268 11.62166 11.66221 11.70591 11.75119 11.80001 11.85001 11.90237 11.95552 12.00985 12.06536 12.12205 12.18071 12.24016 12.30434 12.3693 12.4382 12.50827 12.58032 12.65316 12.72678 12.80237 12.87835 12.9567 13.03583 13.11733 13.19961 13.28386 13.37087 13.45946 13.55079
-9999 -9999 -9999 -9999 -9999 -9999 -9999 -9999 -9999 -9999 -9999 -9999 -9999 -9999 -9999 -9999 -9999 -9999 -9999 -9999 -9999 -9999 -9999 -9999 11.19528 11.21536 11.23229 11.24922 11.26772 11.29056 11.31575 11.34292 11.37323 11.40473 11.43898 11.47363 11.50867 11.54449 11.5815 11.62048 11.66024 11.70355 11.74764 11.79764 11.84804 11.90079 11.95434 12.00945 12.06457 12.1193 12.17796 12.2382 12.30355 12.3693 12.43701 12.50631 12.57717 12.64922 12.72205 12.79804 12.87481 12.95355 13.03229 13.11142 13.19292 13.27757 13.36379 13.45158 13.54253
-9999 -9999 -9999 -9999 -9999 -9999 -9999 -9999 -9999 -9999 -9999 -9999 -9999 -9999 -9999 -9999 -9999 -9999 -9999 -9999 -9999 -9999 -9999 -9999 11.19056 11.20709 11.22481 11.24292 11.263 11.28701 11.3126 11.34056 11.37127 11.40355 11.4382 11.47323 11.50788 11.54331 11.57953 11.61772 11.65788 11.70119 11.74528 11.79449 11.84449 11.89725 11.9504 12.00552 12.06064 12.11575 12.17442 12.23465 12.29961 12.36497 12.43268 12.50119 12.57205 12.64371 12.71575 12.79095 12.86733 12.94528 13.02363 13.10237 13.18308 13.26694 13.35237 13.43898 13.52914
-9999 -9999 -9999 -9999 -9999 -9999 -9999 -9999 -9999 -9999 -9999 -9999 -9999 -9999 -9999 -9999 -9999 -9999 -9999 -9999 -9999 -9999 11.15119 11.16575 11.18347 11.19961 11.21654 11.2378 11.25985 11.28386 11.30985 11.33741 11.3689 11.40197 11.43662 11.47166 11.5067 11.54174 11.57678 11.61457 11.65473 11.69843 11.74371 11.79134 11.83977 11.89213 11.94489 11.99922 12.05473 12.11182 12.17048 12.22953 12.29371 12.35827 12.4256 12.49449 12.56497 12.63662 12.70906 12.78308 12.85709 12.93426 13.01182 13.09056 13.17087 13.25355 13.3382 13.42402 13.51182
-9999 -9999 -9999 -9999 -9999 -9999 -9999 -9999 -9999 -9999 -9999 -9999 -9999 -9999 -9999 -9999 -9999 -9999 -9999 -9999 -9999 -9999 11.14371 11.15827 11.1752 11.19371 11.2126 11.23465 11.25709 11.28071 11.3067 11.33426 11.36536 11.39804 11.43268 11.46733 11.50237 11.5378 11.57323 11.61142 11.65158 11.69449 11.7382 11.78583 11.83465 11.88623 11.9382 11.99134 12.04646 12.10316 12.16221 12.22166 12.28505 12.34883 12.41615 12.48426 12.55394 12.62481 12.69725 12.77009 12.84331 12.92008 12.99764 13.0756 13.15473 13.23583 13.3189 13.40355 13.49056
-9999 -9999 -9999 -9999 -9999 -9999 -9999 -9999 -9999 -9999 -9999 -9999 -9999 -9999 -9999 -9999 -9999 -9999 -9999 -9999 11.11536 11.12245 11.13583 11.15079 11.16693 11.18819 11.20945 11.2315 11.25394 11.27757 11.30355 11.3315 11.36182 11.39331 11.42756 11.4626 11.49725 11.53308 11.56969 11.60827 11.64843 11.68977 11.7319 11.78032 11.82914 11.87993 11.93111 11.98347 12.03741 12.09331 12.15276 12.21339 12.2756 12.33859 12.40591 12.47363 12.54095 12.61142 12.68386 12.75591 12.82796 12.90512 12.98229 13.05906 13.13701 13.21615 13.29804 13.3815 13.46733
-9999 -9999 -9999 -9999 -9999 -9999 -9999 -9999 -9999 -9999 -9999 -9999 -9999 -9999 -9999 -9999 -9999 -9999 -9999 -9999 11.11142 11.11812 11.13071 11.14646 11.16378 11.18505 11.2067 11.22835 11.25119 11.27481 11.30001 11.32678 11.35709 11.3882 11.42205 11.45591 11.49095 11.52678 11.56457 11.60276 11.64213 11.68386 11.72678 11.77363 11.82087 11.87166 11.92205 11.97245 12.0256 12.0815 12.13938 12.19843 12.26142 12.32481 12.38977 12.45552 12.52284 12.59174 12.66261 12.73505 12.80827 12.88347 12.95906 13.03623 13.11339 13.19174 13.27166 13.35355 13.4378
-9999 -9999 -9999 -9999 -9999 -9999 -9999 -9999 -9999 -9999 -9999 -9999 -9999 -9999 -9999 -9999 -9999 -9999 -9999 -9999 11.10749 11.11378 11.12638 11.14292 11.16103 11.1819 11.20355 11.2252 11.24804 11.27166 11.29646 11.32205 11.35197 11.38308 11.41615 11.44922 11.48426 11.52048 11.55867 11.59725 11.63544 11.67796 11.72127 11.76654 11.81221 11.8626 11.9126 11.96142 12.01379 12.0693 12.12599 12.18308 12.24686 12.31064 12.37245 12.43662 12.50355 12.57166 12.64095 12.71339 12.78701 12.86103 12.93505 13.01182 13.08898 13.16615 13.2445 13.32442 13.40749
-9999 -9999 -9999 -9999 -9999 -9999 -9999 -9999 -9999 -9999 -9999 -9999 -9999 -9999 -9999 -9999 -9999 -9999 -9999 -9999 11.10394 11.11064 11.12323 11.13977 11.15788 11.17835 11.19882 11.22087 11.24292 11.26575 11.29056 11.31733 11.34646 11.37678 11.40867 11.44134 11.47717 11.51339 11.54961 11.58741 11.62678 11.66851 11.71103 11.75631 11.80197 11.84922 11.89764 11.94843 12.00079 12.05434 12.11064 12.16772 12.22875 12.28977 12.35197 12.41536 12.48032 12.54804 12.61694 12.6882 12.76024 12.83268 12.90631 12.98229 13.05788 13.13426 13.21182 13.29016 13.37048
-9999 -9999 -9999 -9999 -9999 -9999 -9999 -9999 -9999 -9999 -9999 -9999 -9999 -9999 -9999 -9999 -9999 -9999 -9999 -9999 11.10119 11.10749 11.12048 11.13662 11.15434 11.17402 11.1941 11.21536 11.23701 11.25945 11.28426 11.31142 11.34056 11.37008 11.40119 11.43308 11.4693 11.50512 11.53977 11.57717 11.61693 11.65827 11.70001 11.74489 11.78977 11.83505 11.88229 11.93386 11.98623 12.03898 12.09449 12.15119 12.20985 12.2689 12.33072 12.39331 12.45709 12.52323 12.59174 12.66182 12.73229 12.80434 12.87678 12.95119 13.02599 13.10119 13.17717 13.25434 13.33229
-9999 -9999 -9999 -9999 -9999 -9999 -9999 -9999 -9999 -9999 -9999 -9999 -9999 -9999 -9999 -9999 -9999 -9999 -9999 -9999 11.1004 11.10631 11.11812 11.13268 11.14804 11.16772 11.1878 11.20827 11.22953 11.25276 11.27757 11.30394 11.33229 11.36182 11.39292 11.42442 11.45867 11.49292 11.52796 11.56497 11.60394 11.64489 11.68662 11.72953 11.77284 11.81772 11.86457 11.91457 11.96694 12.02127 12.07599 12.13111 12.18859 12.24686 12.30749 12.3693 12.4319 12.49686 12.56339 12.63229 12.70158 12.77363 12.84568 12.91733 12.99016 13.06418 13.1382 13.21182 13.28938
-9999 -9999 -9999 -9999 -9999 -9999 -9999 -9999 -9999 -9999 -9999 -9999 -9999 -9999 -9999 -9999 -9999 -9999 -9999 -9999 11.10001 11.10512 11.11536 11.12796 11.14134 11.16064 11.17993 11.2004 11.22166 11.24489 11.2693 11.29449 11.32284 11.35197 11.38308 11.41457 11.44725 11.48032 11.51497 11.55119 11.58898 11.62953 11.67087 11.7126 11.75473 11.79961 11.84568 11.8941 11.94607 12.00119 12.05591 12.10985 12.16615 12.22284 12.28268 12.34292 12.40512 12.4689 12.53386 12.60158 12.6693 12.74095 12.81182 12.8815 12.95237 13.02481 13.09725 13.16969 13.24528
