Sensitivity_testing/input/Gridded_rain/prism_ppt_tutuila_30yr_normal_06.asc
ncols         700
nrows         400
xllcorner     515000
yllcorner     8409000
cellsize      50
NODATA_value  -9999
[rows 279 to 309 of 400, columns 276 to 344 of 700]
8.643705 8.581894 8.52087 8.461028 8.400004 8.338587 8.275201 8.211422 8.147248 8.083468 8.020082 7.959059 7.900004 7.840555 7.781106 7.727957 7.675594 7.624807 7.574019 7.522839 7.475595 7.431106 7.390162 7.350398 7.314177 7.279531 7.248035 7.218508 7.191342 7.166933 7.144098 7.123232 7.103153 7.085043 7.067327 7.052366 7.037799 7.024019 7.011815 7.000004 6.992917 6.986224 6.981894 6.977956 6.976775 6.976381 6.976381 6.977562 6.978744 6.9815 6.984256 6.984649 6.985043 -9999 -9999 -9999 -9999 -9999 -9999 -9999 -9999 -9999 -9999 -9999 -9999 -9999 -9999 -9999 -9999
8.607879 8.548823 8.490162 8.4315 8.372445 8.313784 8.250792 8.187799 8.12717 8.066146 8.003154 7.944492 7.889374 7.8315 7.772445 7.721657 7.67087 7.621657 7.572445 7.524413 7.478744 7.434256 7.393704 7.353941 7.316933 7.281106 7.250397 7.221263 7.195279 7.171264 7.149216 7.12835 7.107878 7.089374 7.071657 7.056696 7.042917 7.031106 7.019689 7.008665 7.001578 6.995279 6.990949 6.987011 6.98583 6.985043 6.984649 6.983862 6.983075 6.98583 6.98898 -9999 -9999 -9999 -9999 -9999 -9999 -9999 -9999 -9999 -9999 -9999 -9999 -9999 -9999 -9999 -9999 -9999 -9999
8.577563 8.52087 8.463784 8.406303 8.347642 8.28898 8.229138 8.169295 8.108272 8.048036 7.989768 7.933075 7.87717 7.822445 7.768114 7.716539 7.665752 7.617721 7.570477 7.525201 7.481894 7.439374 7.398823 7.358665 7.322838 7.287799 7.257091 7.22835 7.203153 7.179138 7.155516 7.135437 7.115752 7.098035 7.081106 7.065752 7.051972 7.040555 7.029925 7.020476 7.012996 7.005909 7.001972 6.998035 6.995279 6.992917 6.990555 6.989374 6.98898 6.98898 -9999 -9999 -9999 -9999 -9999 -9999 -9999 -9999 -9999 -9999 -9999 -9999 -9999 -9999 -9999 -9999 -9999 -9999 -9999
8.548429 8.493705 8.437799 8.381106 8.323233 8.264965 8.207878 8.150398 8.089375 8.030713 7.976776 7.921658 7.865752 7.813784 7.76339 7.712209 7.661421 7.614177 7.568508 7.526382 7.48465 7.444098 7.403547 7.363389 7.328744 7.294886 7.264177 7.23583 7.211421 7.187012 7.162996 7.142917 7.123626 7.10709 7.090555 7.075594 7.061815 7.050004 7.040555 7.032287 7.024413 7.016145 7.012602 7.009059 7.004728 7.000397 6.996854 6.994885 6.994492 6.994492 -9999 -9999 -9999 -9999 -9999 -9999 -9999 -9999 -9999 -9999 -9999 -9999 -9999 -9999 -9999 -9999 -9999 -9999 -9999
8.522839 8.468902 8.41339 8.356697 8.301186 8.246067 8.188587 8.130713 8.073233 8.016933 7.962996 7.909847 7.857484 7.806697 7.756697 7.708272 7.66024 7.614177 7.569689 7.527169 7.486224 7.446461 7.408271 7.37087 7.336618 7.303154 7.273232 7.245279 7.220476 7.197248 7.174807 7.153941 7.133075 7.116933 7.101185 7.087011 7.073626 7.061815 7.051972 7.043705 7.03583 7.027956 7.024019 7.019689 7.01339 7.008271 7.004728 7.001578 -9999 -9999 -9999 -9999 -9999 -9999 -9999 -9999 -9999 -9999 -9999 -9999 -9999 -9999 -9999 -9999 -9999 -9999 -9999 -9999 -9999
8.497643 8.444492 8.389375 8.333468 8.279531 8.225988 8.168509 8.111422 8.056697 8.003154 7.950398 7.899217 7.84961 7.800004 7.750398 7.704335 7.658665 7.613783 7.570083 7.52835 7.487799 7.448822 7.412602 7.377169 7.344098 7.311815 7.281894 7.254334 7.229531 7.20709 7.186224 7.164571 7.143311 7.127563 7.111814 7.098035 7.085043 7.073626 7.063389 7.054728 7.046854 7.039767 7.034649 7.029531 7.022051 7.015752 7.011027 7.009059 -9999 -9999 -9999 -9999 -9999 -9999 -9999 -9999 -9999 -9999 -9999 -9999 -9999 -9999 -9999 -9999 -9999 -9999 -9999 -9999 -9999
8.47402 8.420477 8.36654 8.312603 8.257878 8.203547 8.148036 8.092917 8.040949 7.989768 7.940555 7.890949 7.840949 7.793311 7.746067 7.700397 7.655122 7.612602 7.570477 7.529138 7.489768 7.451972 7.416539 7.3815 7.351185 7.32087 7.291342 7.26339 7.238193 7.215358 7.194886 7.175594 7.156697 7.13898 7.122051 7.107878 7.095279 7.084256 7.074019 7.064964 7.057484 7.050791 7.044098 7.037799 7.031106 7.025988 -9999 -9999 -9999 -9999 -9999 -9999 -9999 -9999 -9999 -9999 -9999 -9999 -9999 -9999 -9999 -9999 -9999 -9999 -9999 -9999 -9999 -9999 -9999
8.448429 8.39528 8.342131 8.289768 8.235437 8.180713 8.127957 8.075595 8.025989 7.976776 7.929138 7.881106 7.832287 7.786224 7.741343 7.696854 7.652366 7.611028 7.570083 7.529925 7.491736 7.454728 7.420476 7.387012 7.357484 7.32835 7.300004 7.273232 7.248035 7.225201 7.204334 7.185831 7.168114 7.150004 7.132681 7.118114 7.105515 7.094885 7.085043 7.074807 7.06772 7.061421 7.053547 7.04646 7.038586 7.033074 -9999 -9999 -9999 -9999 -9999 -9999 -9999 -9999 -9999 -9999 -9999 -9999 -9999 -9999 -9999 -9999 -9999 -9999 -9999 -9999 -9999 -9999 -9999
8.421264 8.368902 8.31654 8.264965 8.211422 8.157878 8.108272 8.059059 8.011421 7.963784 7.91654 7.869296 7.822839 7.779138 7.735831 7.693311 7.650791 7.609453 7.568508 7.529531 7.492917 7.457878 7.4252 7.393311 7.363783 7.33465 7.308665 7.283468 7.259452 7.236618 7.214964 7.196067 7.177563 7.161027 7.144886 7.129138 7.115752 7.106303 7.095673 7.084649 7.077956 7.071657 7.063389 7.056303 -9999 -9999 -9999 -9999 -9999 -9999 -9999 -9999 -9999 -9999 -9999 -9999 -9999 -9999 -9999 -9999 -9999 -9999 -9999 -9999 -9999 -9999 -9999 -9999 -9999
8.394099 8.343311 8.291737 8.240162 8.189374 8.138981 8.090555 8.042917 7.996854 7.950791 7.903941 7.858665 7.814177 7.771264 7.729138 7.688193 7.647642 7.606697 7.566933 7.529138 7.494098 7.461028 7.429532 7.398823 7.369295 7.340555 7.315358 7.290948 7.268901 7.247248 7.225594 7.205909 7.186618 7.170476 7.154335 7.140161 7.127169 7.116539 7.105515 7.094885 7.086618 7.079531 7.070476 7.060634 -9999 -9999 -9999 -9999 -9999 -9999 -9999 -9999 -9999 -9999 -9999 -9999 -9999 -9999 -9999 -9999 -9999 -9999 -9999 -9999 -9999 -9999 -9999 -9999 -9999
8.366934 8.318114 8.267327 8.215753 8.168115 8.121657 8.073627 8.025989 7.982287 7.937799 7.89213 7.848035 7.805516 7.76339 7.72087 7.682287 7.643311 7.603154 7.564571 7.529138 7.495673 7.464177 7.433862 7.403547 7.374807 7.34646 7.320476 7.296854 7.276775 7.256697 7.236224 7.216146 7.195673 7.178744 7.162602 7.150791 7.138587 7.125988 7.114964 7.104728 7.094885 7.085437 -9999 -9999 -9999 -9999 -9999 -9999 -9999 -9999 -9999 -9999 -9999 -9999 -9999 -9999 -9999 -9999 -9999 -9999 -9999 -9999 -9999 -9999 -9999 -9999 -9999 -9999 -9999
8.340949 8.293311 8.24528 8.196855 8.149611 8.103154 8.058271 8.012997 7.968114 7.923626 7.880319 7.837799 7.795673 7.755122 7.714964 7.676382 7.638193 7.59961 7.562603 7.527956 7.495673 7.465358 7.436224 7.407484 7.379531 7.352366 7.327563 7.303941 7.282287 7.262208 7.242917 7.22402 7.205122 7.187799 7.171657 7.160634 7.148823 7.136224 7.125201 7.109846 7.097248 7.087011 -9999 -9999 -9999 -9999 -9999 -9999 -9999 -9999 -9999 -9999 -9999 -9999 -9999 -9999 -9999 -9999 -9999 -9999 -9999 -9999 -9999 -9999 -9999 -9999 -9999 -9999 -9999
8.315752 8.268902 8.223626 8.179138 8.132288 8.084256 8.042917 8.000792 7.953547 7.909059 7.868902 7.827169 7.78465 7.74646 7.709453 7.67087 7.632681 7.596067 7.560634 7.526382 7.494886 7.465358 7.437799 7.410634 7.384256 7.358272 7.335043 7.311028 7.287405 7.266933 7.248823 7.2315 7.214571 7.196854 7.180712 7.169689 7.158665 7.146854 7.141342 -9999 -9999 -9999 -9999 -9999 -9999 -9999 -9999 -9999 -9999 -9999 -9999 -9999 -9999 -9999 -9999 -9999 -9999 -9999 -9999 -9999 -9999 -9999 -9999 -9999 -9999 -9999 -9999 -9999 -9999
8.290949 8.246855 8.203547 8.16024 8.115752 8.07087 8.027563 7.984256 7.940555 7.898036 7.856697 7.816146 7.776382 7.737799 7.700004 7.663784 7.627957 7.593311 7.559453 7.526775 7.496067 7.466146 7.438193 7.411027 7.38583 7.361421 7.338193 7.315358 7.293311 7.272839 7.253547 7.236224 7.219295 7.203547 7.188193 7.176382 7.165358 7.155909 7.152366 -9999 -9999 -9999 -9999 -9999 -9999 -9999 -9999 -9999 -9999 -9999 -9999 -9999 -9999 -9999 -9999 -9999 -9999 -9999 -9999 -9999 -9999 -9999 -9999 -9999 -9999 -9999 -9999 -9999 -9999
8.26654 8.225201 8.183469 8.141343 8.099216 8.056697 8.011815 7.967721 7.927169 7.886225 7.844099 7.804729 7.767721 7.729138 7.690555 7.657091 7.623626 7.590161 7.557878 7.527169 7.496854 7.466539 7.438587 7.411027 7.387405 7.363783 7.340949 7.319295 7.299216 7.278744 7.257878 7.240555 7.22402 7.209453 7.195673 7.182681 7.171657 7.164571 7.161815 -9999 -9999 -9999 -9999 -9999 -9999 -9999 -9999 -9999 -9999 -9999 -9999 -9999 -9999 -9999 -9999 -9999 -9999 -9999 -9999 -9999 -9999 -9999 -9999 -9999 -9999 -9999 -9999 -9999 -9999
8.243705 8.203941 8.162996 8.120871 8.079138 8.037406 7.99528 7.953154 7.911815 7.87087 7.8315 7.792917 7.755516 7.720083 7.685043 7.651185 7.617721 7.585043 7.553547 7.523232 7.494098 7.465752 7.439768 7.414571 7.389374 7.364571 7.341342 7.319689 7.300791 7.281894 7.262996 7.245673 7.227956 7.214177 7.200397 7.187799 7.177563 7.170476 7.16772 -9999 -9999 -9999 -9999 -9999 -9999 -9999 -9999 -9999 -9999 -9999 -9999 -9999 -9999 -9999 -9999 -9999 -9999 -9999 -9999 -9999 -9999 -9999 -9999 -9999 -9999 -9999 -9999 -9999 -9999
8.22087 8.182287 8.14213 8.100398 8.059059 8.018114 7.978351 7.937799 7.896067 7.855909 7.818902 7.7815 7.744099 7.710634 7.67835 7.644886 7.611815 7.579925 7.549216 7.519689 7.491736 7.464571 7.440161 7.416539 7.390949 7.365752 7.342524 7.32087 7.302366 7.284649 7.267326 7.250004 7.232287 7.218508 7.205122 7.193311 7.183468 7.175594 7.172051 -9999 -9999 -9999 -9999 -9999 -9999 -9999 -9999 -9999 -9999 -9999 -9999 -9999 -9999 -9999 -9999 -9999 -9999 -9999 -9999 -9999 -9999 -9999 -9999 -9999 -9999 -9999 -9999 -9999 -9999
8.198429 8.158666 8.119295 8.080319 8.039768 7.998429 7.959453 7.920083 7.881106 7.842917 7.806303 7.770083 7.73465 7.701185 7.668508 7.637799 7.606697 7.575594 7.545673 7.516539 7.489768 7.464177 7.43898 7.413784 7.390555 7.367327 7.345279 7.323626 7.303941 7.285437 7.268507 7.252366 7.236618 7.22402 7.211421 7.200397 7.191736 -9999 -9999 -9999 -9999 -9999 -9999 -9999 -9999 -9999 -9999 -9999 -9999 -9999 -9999 -9999 -9999 -9999 -9999 -9999 -9999 -9999 -9999 -9999 -9999 -9999 -9999 -9999 -9999 -9999 -9999 -9999 -9999
8.174414 8.13465 8.096461 8.059847 8.02087 7.981106 7.941736 7.903154 7.866146 7.829532 7.793705 7.758666 7.724413 7.691736 7.659453 7.629925 7.600398 7.570083 7.540949 7.512996 7.487012 7.462602 7.437012 7.411421 7.38898 7.366933 7.34646 7.325988 7.305516 7.287012 7.269689 7.255122 7.241342 7.229137 7.21772 7.206303 7.198035 -9999 -9999 -9999 -9999 -9999 -9999 -9999 -9999 -9999 -9999 -9999 -9999 -9999 -9999 -9999 -9999 -9999 -9999 -9999 -9999 -9999 -9999 -9999 -9999 -9999 -9999 -9999 -9999 -9999 -9999 -9999 -9999
8.148036 8.111028 8.074413 8.038193 8.002366 7.966539 7.926382 7.886618 7.851185 7.816146 7.780713 7.74646 7.712603 7.681106 7.650398 7.62087 7.591342 7.562996 7.535043 7.508272 7.483075 7.459059 7.434256 7.409059 7.386224 7.364177 7.345673 7.326776 7.307484 7.28898 7.27087 7.258271 7.247248 7.234649 7.22402 -9999 -9999 -9999 -9999 -9999 -9999 -9999 -9999 -9999 -9999 -9999 -9999 -9999 -9999 -9999 -9999 -9999 -9999 -9999 -9999 -9999 -9999 -9999 -9999 -9999 -9999 -9999 -9999 -9999 -9999 -9999 -9999 -9999 -9999
8.123233 8.087406 8.052366 8.018114 7.983469 7.948823 7.910634 7.872838 7.837406 7.802366 7.768114 7.73465 7.701579 7.67087 7.640555 7.611421 7.582681 7.555122 7.52835 7.50276 7.477957 7.454728 7.430713 7.406697 7.384649 7.362996 7.343705 7.325201 7.30709 7.289768 7.273626 7.261815 7.251578 7.239768 7.227169 -9999 -9999 -9999 -9999 -9999 -9999 -9999 -9999 -9999 -9999 -9999 -9999 -9999 -9999 -9999 -9999 -9999 -9999 -9999 -9999 -9999 -9999 -9999 -9999 -9999 -9999 -9999 -9999 -9999 -9999 -9999 -9999 -9999 -9999
8.09961 8.064178 8.031107 7.99961 7.964571 7.928744 7.894886 7.861028 7.82402 7.78898 7.756303 7.723626 7.690949 7.66024 7.629531 7.601973 7.574413 7.547248 7.521264 7.496067 7.472051 7.448822 7.426775 7.404728 7.383862 7.362602 7.341342 7.321657 7.304728 7.290161 7.277169 7.265358 7.254334 -9999 -9999 -9999 -9999 -9999 -9999 -9999 -9999 -9999 -9999 -9999 -9999 -9999 -9999 -9999 -9999 -9999 -9999 -9999 -9999 -9999 -9999 -9999 -9999 -9999 -9999 -9999 -9999 -9999 -9999 -9999 -9999 -9999 -9999 -9999 -9999
8.076776 8.043311 8.010634 7.978744 7.944886 7.910634 7.877957 7.84528 7.809846 7.775595 7.743311 7.711028 7.679138 7.648823 7.619295 7.591736 7.564571 7.538587 7.51339 7.489374 7.465752 7.442523 7.42087 7.400004 7.380319 7.36024 7.339374 7.320083 7.303154 7.289374 7.27835 7.268114 7.257878 -9999 -9999 -9999 -9999 -9999 -9999 -9999 -9999 -9999 -9999 -9999 -9999 -9999 -9999 -9999 -9999 -9999 -9999 -9999 -9999 -9999 -9999 -9999 -9999 -9999 -9999 -9999 -9999 -9999 -9999 -9999 -9999 -9999 -9999 -9999 -9999
8.054335 8.023232 7.990555 7.957091 7.925201 7.893311 7.860634 7.827957 7.79528 7.762602 7.729532 7.697642 7.666146 7.637405 7.609059 7.5815 7.554335 7.529531 7.505909 7.483075 7.459846 7.435831 7.414571 7.394098 7.375201 7.356697 7.337799 7.319689 7.301579 7.288587 7.278744 7.270082 7.261815 -9999 -9999 -9999 -9999 -9999 -9999 -9999 -9999 -9999 -9999 -9999 -9999 -9999 -9999 -9999 -9999 -9999 -9999 -9999 -9999 -9999 -9999 -9999 -9999 -9999 -9999 -9999 -9999 -9999 -9999 -9999 -9999 -9999 -9999 -9999 -9999
8.02087 7.996067 7.967721 7.936224 7.905122 7.874413 7.84213 7.81024 7.779138 7.748429 7.716539 7.685437 7.654335 7.625595 7.597248 7.570477 7.544492 7.520476 7.497248 7.475201 7.45276 7.430713 7.41024 7.389768 7.370082 7.350791 7.333075 7.317327 7.303154 7.290948 7.279925 7.273232 7.262602 -9999 -9999 -9999 -9999 -9999 -9999 -9999 -9999 -9999 -9999 -9999 -9999 -9999 -9999 -9999 -9999 -9999 -9999 -9999 -9999 -9999 -9999 -9999 -9999 -9999 -9999 -9999 -9999 -9999 -9999 -9999 -9999 -9999 -9999 -9999 -9999
7.987012 7.968508 7.944098 7.914965 7.885044 7.855122 7.823232 7.79213 7.762996 7.733469 7.703547 7.673232 7.642524 7.613783 7.585043 7.559453 7.534649 7.511027 7.488586 7.466933 7.446067 7.425988 7.40591 7.38583 7.364964 7.344492 7.32835 7.314571 7.305122 7.293705 7.281106 7.278744 -9999 -9999 -9999 -9999 -9999 -9999 -9999 -9999 -9999 -9999 -9999 -9999 -9999 -9999 -9999 -9999 -9999 -9999 -9999 -9999 -9999 -9999 -9999 -9999 -9999 -9999 -9999 -9999 -9999 -9999 -9999 -9999 -9999 -9999 -9999 -9999 -9999
7.962996 7.945673 7.921658 7.892524 7.863783 7.835043 7.805122 7.775201 7.745673 7.716539 7.688193 7.658665 7.628744 7.601185 7.574019 7.54961 7.525988 7.50276 7.480319 7.457878 7.437406 7.417326 7.398429 7.379531 7.36024 7.34213 7.327957 7.314964 7.304728 7.296461 -9999 -9999 -9999 -9999 -9999 -9999 -9999 -9999 -9999 -9999 -9999 -9999 -9999 -9999 -9999 -9999 -9999 -9999 -9999 -9999 -9999 -9999 -9999 -9999 -9999 -9999 -9999 -9999 -9999 -9999 -9999 -9999 -9999 -9999 -9999 -9999 -9999 -9999 -9999
7.937012 7.922051 7.899217 7.870083 7.84213 7.814571 7.786224 7.757878 7.728744 7.700004 7.672839 7.644492 7.615358 7.588587 7.562603 7.539768 7.516933 7.494098 7.471657 7.44961 7.428744 7.409452 7.390949 7.372838 7.356303 7.340161 7.327563 7.315752 7.304335 7.29961 -9999 -9999 -9999 -9999 -9999 -9999 -9999 -9999 -9999 -9999 -9999 -9999 -9999 -9999 -9999 -9999 -9999 -9999 -9999 -9999 -9999 -9999 -9999 -9999 -9999 -9999 -9999 -9999 -9999 -9999 -9999 -9999 -9999 -9999 -9999 -9999 -9999 -9999 -9999
7.901579 7.897248 7.877957 7.848035 7.819295 7.790555 7.764965 7.73898 7.712209 7.685043 7.657484 7.629925 7.602366 7.576382 7.550791 7.52835 7.506303 7.48465 7.46339 7.442523 7.422445 7.403153 7.383862 7.364177 7.352366 7.340555 7.328744 7.319295 -9999 -9999 -9999 -9999 -9999 -9999 -9999 -9999 -9999 -9999 -9999 -9999 -9999 -9999 -9999 -9999 -9999 -9999 -9999 -9999 -9999 -9999 -9999 -9999 -9999 -9999 -9999 -9999 -9999 -9999 -9999 -9999 -9999 -9999 -9999 -9999 -9999 -9999 -9999 -9999 -9999
7.861028 7.865752 7.852366 7.825594 7.797248 7.768902 7.744099 7.719689 7.694492 7.668901 7.641736 7.615358 7.589374 7.564571 7.540161 7.51772 7.495673 7.474807 7.454335 7.434256 7.414965 7.396067 7.377563 7.359453 7.34961 7.340161 7.329531 7.322445 -9999 -9999 -9999 -9999 -9999 -9999 -9999 -9999 -9999 -9999 -9999 -9999 -9999 -9999 -9999 -9999 -9999 -9999 -9999 -9999 -9999 -9999 -9999 -9999 -9999 -9999 -9999 -9999 -9999 -9999 -9999 -9999 -9999 -9999 -9999 -9999 -9999 -9999 -9999 -9999 -9999
7.810634 7.822839 7.818508 7.802366 7.777563 7.750004 7.725201 7.700004 7.675594 7.650398 7.625201 7.600004 7.575594 7.553154 7.531106 7.507878 7.485437 7.464177 7.444098 7.4252 7.406303 7.387799 7.37402 7.361815 7.349216 7.33898 -9999 -9999 -9999 -9999 -9999 -9999 -9999 -9999 -9999 -9999 -9999 -9999 -9999 -9999 -9999 -9999 -9999 -9999 -9999 -9999 -9999 -9999 -9999 -9999 -9999 -9999 -9999 -9999 -9999 -9999 -9999 -9999 -9999 -9999 -9999 -9999 -9999 -9999 -9999 -9999 -9999 -9999 -9999
