Model_calibration/Original_R2R_ratio_Model/output/post_prcessed_with_MFR/runoff_annual.asc
NCOLS 350
NROWS 200
XLLCENTER 515000.000000
YLLCENTER 8409000.000000
CELLSIZE 100.000000
NODATA_value -999.000000
[rows 72 to 107 of 200, columns 162 to 242 of 350]
46.20 46.71 47.21 47.67 48.13 48.58 49.02 49.46 53.68 54.03 54.24 54.39 54.50 54.59 54.60 54.49 54.28 53.95 53.56 53.07 0.00 0.00 0.00 0.00 0.00 0.00 0.00 0.00 0.00 0.00 0.00 0.00 0.00 0.00 0.00 0.00 0.00 0.00 0.00 0.00 0.00 0.00 0.00 0.00 0.00 0.00 0.00 0.00 0.00 44.71 44.97 45.22 45.49 45.75 46.01 46.26 46.49 42.82 43.02 43.19 43.35 43.48 43.60 43.69 43.76 43.79 43.80 43.78 43.74 39.77 39.67 39.50 39.30 39.05 38.77 38.45 38.10 37.69 37.24 36.75 36.25
46.81 47.31 47.78 48.23 48.68 49.11 49.54 49.98 50.37 54.50 54.61 54.63 54.68 54.74 54.75 54.64 54.40 54.06 53.61 53.07 52.46 51.79 0.00 0.00 0.00 48.75 47.90 47.02 46.20 45.42 44.73 44.15 43.65 0.00 0.00 0.00 0.00 0.00 0.00 0.00 0.00 0.00 0.00 0.00 0.00 0.00 0.00 0.00 0.00 44.05 44.32 44.60 44.88 45.17 45.45 45.70 42.09 42.33 42.55 42.72 42.89 43.03 43.15 43.25 43.32 43.34 43.33 43.30 43.24 43.17 39.19 39.02 38.80 38.53 38.22 37.89 37.53 37.11 36.63 36.14 35.62
47.44 47.91 48.35 48.78 49.21 49.63 50.05 50.47 50.82 50.99 54.95 54.88 54.88 54.93 54.93 54.82 54.58 54.23 53.73 53.14 52.50 51.79 51.03 0.00 49.44 48.59 47.71 46.82 45.93 45.12 44.38 43.74 0.00 0.00 0.00 0.00 0.00 0.00 0.00 0.00 0.00 0.00 0.00 0.00 0.00 0.00 0.00 0.00 0.00 43.38 43.67 43.95 44.26 44.56 44.83 45.11 41.54 41.77 41.99 42.18 42.35 42.51 42.63 42.72 42.78 42.81 42.79 42.75 42.67 42.56 38.63 38.45 38.21 37.93 37.61 37.26 36.89 36.45 35.97 35.47 34.95
48.04 48.49 48.91 49.31 49.72 50.12 50.53 50.93 51.24 51.36 55.28 55.16 55.12 55.15 55.15 55.03 54.78 54.39 53.89 53.28 52.59 51.84 51.04 50.20 49.34 48.47 47.56 46.63 45.69 44.82 44.05 0.00 0.00 0.00 0.00 0.00 0.00 0.00 0.00 0.00 0.00 0.00 0.00 0.00 0.00 0.00 0.00 0.00 0.00 0.00 42.99 43.29 43.60 43.90 44.19 44.45 40.93 41.17 41.38 41.57 41.75 41.91 42.03 42.13 42.18 42.20 42.18 42.11 42.03 41.90 41.74 41.52 37.55 37.26 36.94 36.59 36.19 35.75 35.27 34.76 34.24
48.63 49.05 49.44 49.82 50.20 50.58 50.98 51.37 51.66 51.72 51.61 55.49 55.42 55.43 55.41 55.28 55.01 54.60 54.08 53.45 52.73 51.95 51.11 50.22 49.31 48.39 47.45 46.45 45.48 44.57 43.74 0.00 0.00 0.00 0.00 0.00 0.00 0.00 0.00 0.00 0.00 0.00 0.00 0.00 0.00 0.00 0.00 0.00 0.00 0.00 42.31 42.61 42.92 43.21 43.50 43.78 40.29 40.53 40.74 40.92 41.10 41.25 41.38 41.47 41.51 41.51 41.48 41.42 41.31 41.17 40.98 40.75 40.47 36.55 36.22 35.86 35.46 35.00 34.52 34.02 33.51
49.21 49.60 49.96 50.31 50.66 51.02 51.40 51.80 52.07 52.10 51.96 51.79 55.75 55.75 55.71 55.56 55.28 54.85 54.31 53.65 52.92 52.11 51.22 50.30 49.34 48.38 47.38 46.33 45.32 44.36 43.49 0.00 0.00 0.00 0.00 0.00 0.00 0.00 0.00 0.00 0.00 0.00 0.00 0.00 0.00 0.00 0.00 0.00 0.00 41.30 41.60 41.90 42.22 42.51 42.79 43.07 43.33 39.86 40.07 40.25 40.40 40.55 40.66 40.73 40.77 40.77 40.73 40.66 40.53 40.38 40.19 39.94 39.65 35.79 35.46 35.09 34.68 34.23 0.00 0.00 0.00
49.77 50.13 50.47 50.79 51.10 51.42 51.79 52.17 52.46 52.48 52.33 52.15 52.03 56.08 56.03 55.87 55.56 55.14 54.56 53.89 53.14 52.29 51.38 50.43 49.45 48.42 47.36 46.28 45.20 44.19 43.27 0.00 0.00 0.00 0.00 0.00 0.00 0.00 0.00 0.00 0.00 0.00 0.00 0.00 0.00 0.00 0.00 0.00 0.00 40.57 40.88 41.18 41.48 41.79 42.06 42.32 42.58 39.16 39.36 39.52 39.68 39.80 39.90 39.96 39.99 39.98 39.94 39.85 39.73 39.56 39.35 39.10 38.79 35.00 34.66 34.28 33.87 0.00 0.00 0.00 0.00
50.32 50.66 50.97 51.25 51.52 51.79 52.11 52.47 52.78 52.84 52.69 52.51 52.38 56.44 56.36 56.17 55.86 55.42 54.84 54.15 53.36 52.49 51.56 50.59 49.57 48.51 47.39 46.26 45.12 44.06 43.11 42.25 0.00 0.00 0.00 0.00 0.00 0.00 0.00 0.00 0.00 0.00 0.00 0.00 0.00 0.00 0.00 0.00 0.00 0.00 40.15 40.44 40.73 41.03 41.30 41.55 41.80 38.43 38.61 38.77 38.91 39.03 39.11 39.16 39.17 39.17 39.11 39.01 38.88 38.69 38.47 38.21 37.90 37.55 33.83 33.45 33.04 0.00 0.00 0.00 0.00
50.87 51.19 51.46 51.70 51.92 52.13 52.39 52.71 52.98 53.10 53.04 52.89 52.73 52.60 56.67 56.46 56.15 55.70 55.11 54.42 53.61 52.72 51.76 50.76 49.71 48.61 47.44 46.23 45.06 43.99 42.98 42.08 41.29 0.00 0.00 0.00 0.00 0.00 0.00 0.00 0.00 0.00 0.00 0.00 0.00 0.00 0.00 0.00 0.00 0.00 39.43 39.70 39.98 40.25 40.51 40.77 41.00 37.67 37.85 38.00 38.12 38.23 38.30 38.33 38.34 38.31 38.25 38.14 37.99 37.79 37.56 37.29 36.98 36.62 32.98 32.61 32.20 0.00 0.00 0.00 0.00
51.41 51.69 51.93 52.14 52.31 52.46 52.63 52.87 53.11 53.27 53.31 53.22 53.07 52.90 56.96 56.73 59.16 58.52 55.39 54.69 53.89 52.98 51.99 50.97 49.87 48.71 47.47 46.22 45.02 43.91 42.88 41.96 41.14 40.41 39.78 39.23 0.00 0.00 0.00 0.00 0.00 0.00 0.00 0.00 0.00 0.00 0.00 0.00 0.00 0.00 38.73 38.96 39.22 39.47 39.73 39.96 36.69 36.90 37.07 37.20 37.31 37.41 37.46 37.49 37.48 37.44 37.36 37.24 37.07 36.87 36.63 36.36 36.04 35.69 32.14 31.77 31.37 0.00 0.00 0.00 0.00
51.94 52.20 52.39 52.56 52.68 52.78 52.87 52.99 53.19 53.37 53.47 53.49 53.36 53.16 60.34 59.91 59.40 58.80 58.05 57.19 56.21 55.12 53.94 52.70 51.38 48.79 47.50 46.19 44.99 43.85 42.81 41.86 41.01 40.26 39.60 39.02 38.54 38.14 0.00 0.00 0.00 0.00 0.00 0.00 0.00 0.00 0.00 0.00 0.00 0.00 38.03 38.25 38.47 38.70 38.94 39.15 35.93 36.11 36.26 36.38 36.50 36.57 36.62 36.62 36.61 36.56 36.47 36.33 36.16 35.95 35.71 35.42 35.12 34.78 34.40 30.95 30.57 0.00 0.00 0.00 0.00
52.47 52.68 52.85 52.97 53.06 53.11 53.13 53.16 53.29 53.43 53.58 53.66 57.16 60.91 60.53 60.09 59.59 59.01 58.31 57.48 56.52 55.43 54.23 52.94 51.54 50.08 48.56 47.11 45.74 43.83 42.77 41.79 40.92 40.15 39.46 39.16 38.61 38.17 0.00 0.00 0.00 0.00 0.00 0.00 0.00 0.00 0.00 0.00 0.00 0.00 1838.65 37.56 37.76 37.96 38.16 34.97 35.16 35.32 35.45 35.57 35.66 35.73 35.75 35.75 35.72 35.67 35.57 35.43 35.24 35.03 34.78 34.53 34.22 33.87 33.50 33.12 0.00 0.00 0.00 0.00 0.00
52.99 53.16 53.29 53.38 53.43 53.45 53.45 53.44 53.44 53.56 53.69 57.48 57.29 61.08 60.68 60.22 59.72 59.17 58.51 57.71 56.76 55.68 54.46 53.10 51.67 50.15 48.62 47.15 45.78 44.50 42.74 41.75 40.86 40.43 39.67 39.00 38.42 0.00 0.00 0.00 0.00 0.00 0.00 0.00 0.00 0.00 0.00 0.00 0.00 0.00 0.00 36.89 37.07 37.24 34.09 34.25 34.40 34.54 34.66 34.76 34.83 34.88 34.90 34.88 34.84 34.77 34.67 34.52 34.34 34.11 33.88 33.63 33.33 0.00 32.63 0.00 0.00 0.00 0.00 0.00 0.00
53.53 53.65 53.74 53.80 53.82 53.82 53.80 53.76 53.72 57.84 57.73 57.59 57.37 61.18 60.77 60.30 59.78 59.22 58.59 57.82 56.87 55.76 54.51 53.15 51.69 50.18 48.66 47.22 45.84 44.56 43.35 42.25 41.25 40.37 39.57 38.86 0.00 0.00 0.00 0.00 0.00 0.00 0.00 0.00 0.00 0.00 0.00 0.00 0.00 0.00 0.00 36.24 36.39 36.53 33.41 33.55 33.69 33.80 33.88 33.96 34.03 34.06 34.05 34.03 33.96 33.89 33.78 33.64 0.00 0.00 0.00 0.00 0.00 0.00 0.00 0.00 0.00 0.00 0.00 0.00 0.00
54.06 54.15 54.19 54.22 54.22 54.20 54.15 54.09 58.22 58.04 57.85 57.65 61.50 61.18 60.76 60.26 59.72 59.13 58.48 57.70 56.76 55.66 54.40 53.04 51.60 50.14 48.69 47.25 45.90 44.59 43.37 42.24 41.23 40.30 39.47 0.00 0.00 0.00 0.00 0.00 0.00 0.00 0.00 0.00 0.00 0.00 0.00 0.00 0.00 0.00 0.00 35.60 35.72 32.64 32.75 32.87 32.98 33.08 33.14 33.20 33.25 0.00 0.00 33.21 33.15 0.00 0.00 0.00 0.00 0.00 0.00 0.00 0.00 0.00 0.00 0.00 0.00 0.00 0.00 0.00 0.00
54.53 54.58 54.61 54.61 54.59 54.54 54.47 58.63 58.44 58.21 57.95 57.68 61.46 61.10 60.65 60.11 59.50 58.87 58.18 57.39 56.46 55.38 54.16 52.85 51.46 50.06 48.64 47.26 45.90 44.60 43.37 42.22 0.00 0.00 0.00 0.00 0.00 0.00 0.00 0.00 0.00 0.00 0.00 0.00 0.00 0.00 0.00 0.00 0.00 0.00 34.92 35.00 31.95 32.03 0.00 0.00 32.31 32.38 32.44 32.48 0.00 0.00 0.00 0.00 0.00 0.00 0.00 0.00 0.00 0.00 0.00 0.00 0.00 0.00 0.00 0.00 0.00 0.00 0.00 0.00 0.00
54.93 54.96 54.96 54.94 54.90 54.83 54.73 58.83 58.60 58.34 58.04 57.69 61.41 60.97 60.48 59.89 59.24 58.53 57.81 56.99 56.07 55.03 53.86 52.60 51.29 49.92 48.55 47.19 45.86 44.57 43.33 0.00 0.00 0.00 0.00 0.00 0.00 0.00 0.00 0.00 0.00 0.00 0.00 0.00 0.00 0.00 0.00 0.00 0.00 0.00 34.39 31.34 0.00 0.00 0.00 0.00 0.00 0.00 0.00 0.00 0.00 0.00 0.00 0.00 0.00 0.00 0.00 0.00 0.00 0.00 0.00 0.00 0.00 0.00 0.00 0.00 0.00 0.00 0.00 0.00 0.00
55.24 55.26 55.25 55.21 55.15 55.05 59.17 58.96 58.72 58.42 58.07 61.79 61.33 63.47 62.90 62.26 58.97 58.22 57.42 56.57 55.66 54.65 53.53 52.32 51.05 49.73 48.39 47.07 45.78 44.49 0.00 0.00 0.00 0.00 0.00 0.00 0.00 0.00 0.00 0.00 0.00 0.00 0.00 0.00 0.00 0.00 0.00 0.00 0.00 0.00 0.00 0.00 0.00 0.00 0.00 0.00 0.00 0.00 0.00 0.00 0.00 0.00 0.00 0.00 0.00 0.00 0.00 0.00 0.00 0.00 0.00 0.00 0.00 0.00 0.00 0.00 0.00 0.00 0.00 0.00 0.00
59.31 55.49 55.46 55.41 55.32 59.45 59.27 59.04 58.76 58.43 58.05 61.73 63.88 63.31 62.69 62.00 61.25 60.43 57.06 56.18 55.25 54.25 53.16 52.00 50.77 49.48 48.18 46.89 45.61 44.35 43.11 0.00 0.00 0.00 0.00 0.00 0.00 0.00 0.00 0.00 0.00 0.00 0.00 0.00 0.00 0.00 0.00 0.00 0.00 0.00 0.00 0.00 0.00 0.00 0.00 0.00 0.00 0.00 0.00 0.00 0.00 0.00 0.00 0.00 0.00 0.00 0.00 0.00 0.00 0.00 0.00 0.00 0.00 0.00 0.00 0.00 0.00 0.00 0.00 0.00 0.00
59.45 59.41 55.59 55.52 59.65 59.49 59.29 59.03 58.72 58.36 60.57 64.26 63.71 63.10 62.44 61.71 60.93 60.08 59.17 55.78 54.83 53.84 52.78 51.64 50.44 49.19 47.91 46.65 45.39 44.16 42.94 41.78 40.70 0.00 0.00 0.00 0.00 0.00 0.00 0.00 0.00 0.00 0.00 0.00 0.00 0.00 0.00 0.00 0.00 0.00 0.00 0.00 0.00 0.00 0.00 0.00 0.00 0.00 0.00 0.00 0.00 0.00 0.00 0.00 0.00 0.00 0.00 0.00 0.00 0.00 0.00 0.00 0.00 0.00 0.00 0.00 0.00 0.00 0.00 0.00 0.00
59.52 59.45 59.37 59.29 59.63 59.44 59.22 58.94 58.61 60.84 60.38 64.04 63.46 62.83 62.13 61.37 60.55 59.68 58.74 57.77 56.78 53.40 52.35 51.24 50.07 48.85 47.60 46.37 45.14 43.91 42.72 41.58 40.50 39.52 38.64 0.00 0.00 0.00 0.00 0.00 0.00 0.00 0.00 0.00 0.00 0.00 0.00 0.00 0.00 0.00 0.00 0.00 0.00 0.00 0.00 0.00 0.00 0.00 0.00 0.00 0.00 0.00 0.00 0.00 0.00 0.00 0.00 0.00 0.00 0.00 0.00 0.00 0.00 0.00 0.00 0.00 0.00 0.00 0.00 0.00 0.00
59.48 59.39 59.30 59.19 59.05 58.85 58.61 58.32 61.03 60.59 64.29 63.74 63.12 62.46 61.74 60.96 60.12 59.22 58.26 57.27 56.28 55.25 54.17 53.05 51.87 50.64 49.39 48.12 44.83 43.62 42.45 41.34 40.27 39.29 38.43 37.62 0.00 0.00 0.00 0.00 0.00 0.00 0.00 0.00 0.00 0.00 0.00 0.00 0.00 0.00 0.00 0.00 0.00 0.00 0.00 0.00 0.00 0.00 0.00 0.00 0.00 0.00 0.00 0.00 0.00 0.00 0.00 0.00 0.00 0.00 0.00 0.00 0.00 0.00 0.00 0.00 0.00 0.00 0.00 0.00 0.00
59.36 59.24 59.14 59.01 58.85 58.63 58.37 58.05 57.69 60.26 63.91 63.32 62.69 62.01 61.27 60.47 59.62 58.69 57.71 56.72 55.73 54.71 53.65 52.54 51.39 50.19 48.97 47.72 46.48 45.25 42.14 41.04 40.00 40.88 39.98 39.16 0.00 0.00 0.00 0.00 0.00 0.00 0.00 0.00 0.00 0.00 0.00 0.00 0.00 0.00 0.00 0.00 0.00 0.00 0.00 0.00 0.00 0.00 0.00 0.00 0.00 0.00 0.00 0.00 0.00 0.00 0.00 0.00 0.00 0.00 0.00 0.00 0.00 0.00 0.00 0.00 0.00 0.00 0.00 0.00 0.00
59.15 59.00 58.87 58.73 58.55 58.31 58.03 57.70 57.31 59.84 63.44 62.82 62.17 61.47 60.70 59.90 59.02 58.09 57.10 56.11 55.12 54.11 53.07 51.98 50.84 49.69 48.49 47.28 46.03 44.85 43.69 42.58 41.56 40.58 39.69 38.89 0.00 0.00 0.00 0.00 0.00 0.00 0.00 0.00 0.00 0.00 0.00 0.00 0.00 0.00 0.00 0.00 0.00 0.00 0.00 0.00 0.00 0.00 0.00 0.00 0.00 0.00 0.00 0.00 0.00 0.00 0.00 0.00 0.00 0.00 0.00 0.00 0.00 0.00 0.00 0.00 0.00 0.00 0.00 0.00 0.00
58.84 58.67 58.51 58.34 58.15 57.89 57.60 57.24 56.86 63.44 62.87 62.24 61.56 60.83 60.06 59.23 58.35 57.40 56.42 55.44 54.46 53.47 52.43 51.36 50.26 49.11 47.96 46.75 45.56 44.39 43.27 42.20 41.18 40.24 39.38 0.00 0.00 0.00 0.00 0.00 0.00 0.00 0.00 0.00 0.00 0.00 0.00 0.00 0.00 0.00 0.00 0.00 0.00 0.00 0.00 0.00 0.00 0.00 0.00 0.00 0.00 0.00 0.00 0.00 0.00 0.00 0.00 0.00 0.00 0.00 0.00 0.00 0.00 0.00 0.00 0.00 0.00 0.00 0.00 0.00 0.00
58.43 58.23 58.04 57.84 57.62 57.36 57.04 56.69 56.28 62.76 62.17 61.53 60.84 60.10 59.31 58.48 57.58 56.65 55.68 54.73 53.75 52.76 51.75 50.69 49.61 48.51 47.36 46.19 45.03 43.89 42.80 41.76 40.78 39.88 39.05 0.00 0.00 0.00 0.00 0.00 0.00 0.00 0.00 0.00 0.00 0.00 0.00 0.00 0.00 0.00 0.00 0.00 0.00 0.00 0.00 0.00 0.00 0.00 0.00 0.00 0.00 0.00 0.00 0.00 0.00 0.00 0.00 0.00 0.00 0.00 0.00 0.00 0.00 0.00 0.00 0.00 0.00 0.00 0.00 0.00 0.00
57.92 57.69 57.46 57.24 56.99 56.70 56.38 56.01 55.59 58.56 61.36 60.70 60.00 59.26 58.47 57.62 56.75 55.81 54.88 53.94 52.99 52.02 51.01 49.98 48.92 47.83 46.73 45.59 44.46 0.00 0.00 0.00 40.36 39.51 0.00 0.00 0.00 0.00 0.00 0.00 0.00 0.00 0.00 0.00 0.00 0.00 0.00 0.00 0.00 0.00 0.00 0.00 0.00 0.00 0.00 0.00 0.00 0.00 0.00 0.00 0.00 0.00 0.00 0.00 0.00 0.00 0.00 0.00 0.00 0.00 0.00 0.00 0.00 0.00 0.00 0.00 0.00 0.00 0.00 0.00 0.00
57.30 57.05 56.80 56.54 56.26 55.94 55.61 55.23 58.21 57.71 57.15 56.54 59.07 58.33 57.53 56.69 55.81 54.92 54.01 53.10 52.18 51.22 50.23 49.21 48.18 47.13 46.04 44.94 0.00 0.00 0.00 0.00 0.00 0.00 0.00 0.00 0.00 0.00 0.00 0.00 0.00 0.00 0.00 0.00 0.00 0.00 0.00 0.00 0.00 0.00 0.00 0.00 0.00 0.00 0.00 0.00 0.00 0.00 0.00 0.00 0.00 0.00 0.00 0.00 0.00 0.00 0.00 0.00 0.00 0.00 0.00 0.00 0.00 0.00 0.00 0.00 0.00 0.00 0.00 0.00 0.00
56.59 56.32 56.05 55.75 55.43 55.09 54.73 54.35 57.25 56.75 56.19 55.58 58.05 57.31 56.52 55.69 54.83 53.96 53.09 52.21 51.31 50.37 49.40 48.40 47.39 46.36 0.00 44.26 0.00 0.00 0.00 0.00 0.00 0.00 0.00 0.00 0.00 0.00 0.00 0.00 0.00 0.00 0.00 0.00 0.00 0.00 0.00 0.00 0.00 0.00 0.00 0.00 0.00 0.00 0.00 0.00 0.00 0.00 0.00 0.00 0.00 0.00 0.00 0.00 0.00 0.00 0.00 0.00 0.00 0.00 0.00 0.00 0.00 0.00 0.00 0.00 0.00 0.00 0.00 0.00 0.00
55.77 55.50 55.20 54.88 54.54 54.18 53.79 53.39 56.20 55.70 55.14 54.54 53.90 56.21 55.44 54.63 53.80 52.97 52.12 51.26 50.38 49.47 48.52 47.54 0.00 0.00 0.00 0.00 0.00 0.00 0.00 0.00 0.00 0.00 0.00 0.00 0.00 0.00 0.00 0.00 0.00 0.00 0.00 0.00 0.00 0.00 0.00 0.00 0.00 0.00 0.00 0.00 0.00 0.00 0.00 0.00 0.00 0.00 0.00 0.00 0.00 0.00 0.00 0.00 0.00 0.00 0.00 0.00 0.00 0.00 0.00 0.00 0.00 0.00 0.00 0.00 0.00 0.00 0.00 0.00 0.00
54.84 54.56 54.25 53.93 53.57 53.20 52.79 52.36 55.10 54.58 54.03 53.43 52.81 52.16 54.31 53.54 52.75 51.94 51.11 50.27 49.40 48.52 47.60 0.00 0.00 0.00 0.00 0.00 0.00 0.00 0.00 0.00 0.00 0.00 0.00 0.00 0.00 0.00 0.00 0.00 0.00 0.00 0.00 0.00 0.00 0.00 0.00 0.00 0.00 0.00 0.00 0.00 0.00 0.00 0.00 0.00 0.00 0.00 0.00 0.00 0.00 0.00 0.00 0.00 0.00 0.00 0.00 0.00 0.00 0.00 0.00 0.00 0.00 0.00 0.00 0.00 0.00 0.00 0.00 0.00 0.00
53.80 53.51 53.21 52.88 52.52 52.14 51.73 54.42 53.93 53.42 52.87 52.28 51.68 51.05 53.16 52.42 51.65 50.87 50.06 49.23 48.40 47.54 46.64 0.00 0.00 0.00 0.00 0.00 0.00 0.00 0.00 0.00 0.00 0.00 0.00 0.00 0.00 0.00 0.00 0.00 0.00 0.00 0.00 0.00 0.00 0.00 0.00 0.00 0.00 0.00 0.00 0.00 0.00 0.00 0.00 0.00 0.00 0.00 0.00 0.00 0.00 0.00 0.00 0.00 0.00 0.00 0.00 0.00 0.00 0.00 0.00 0.00 0.00 0.00 0.00 0.00 0.00 0.00 0.00 0.00 0.00
52.65 52.36 52.07 51.74 51.38 50.99 50.58 53.19 52.72 52.20 51.66 51.09 50.51 49.91 49.27 51.25 50.50 49.75 48.98 48.17 47.36 46.52 0.00 0.00 0.00 0.00 0.00 0.00 0.00 0.00 0.00 0.00 0.00 0.00 0.00 0.00 0.00 0.00 0.00 0.00 0.00 0.00 0.00 0.00 0.00 0.00 0.00 0.00 0.00 0.00 0.00 0.00 0.00 0.00 0.00 0.00 0.00 0.00 0.00 0.00 0.00 0.00 0.00 0.00 0.00 0.00 0.00 0.00 0.00 0.00 0.00 0.00 0.00 0.00 0.00 0.00 0.00 0.00 0.00 0.00 0.00
51.41 51.13 50.83 50.50 50.14 49.76 49.37 51.88 51.41 50.93 50.39 49.85 49.29 48.71 48.09 50.02 49.31 48.59 47.83 47.07 46.28 0.00 0.00 0.00 0.00 0.00 0.00 0.00 0.00 0.00 0.00 0.00 0.00 0.00 0.00 0.00 0.00 0.00 0.00 0.00 0.00 0.00 0.00 0.00 0.00 0.00 0.00 0.00 0.00 0.00 0.00 0.00 0.00 0.00 0.00 0.00 0.00 0.00 0.00 0.00 0.00 0.00 0.00 0.00 0.00 0.00 0.00 0.00 0.00 0.00 0.00 0.00 0.00 0.00 0.00 0.00 0.00 0.00 0.00 0.00 0.00
50.11 49.82 49.50 49.18 48.82 48.45 50.94 50.50 50.06 49.59 49.08 48.55 48.02 47.46 46.87 48.74 48.07 47.37 0.00 0.00 0.00 0.00 0.00 0.00 0.00 0.00 0.00 0.00 0.00 0.00 0.00 0.00 0.00 0.00 0.00 0.00 0.00 0.00 0.00 0.00 0.00 0.00 0.00 0.00 0.00 0.00 0.00 0.00 0.00 0.00 0.00 0.00 0.00 0.00 0.00 0.00 0.00 0.00 0.00 0.00 0.00 0.00 0.00 0.00 0.00 0.00 0.00 0.00 0.00 0.00 0.00 0.00 0.00 0.00 0.00 0.00 0.00 0.00 0.00 0.00 0.00
48.75 48.45 48.13 47.79 47.45 47.10 49.49 49.10 48.67 48.21 47.72 47.22 46.71 46.18 45.62 47.46 46.82 0.00 0.00 0.00 0.00 0.00 0.00 0.00 0.00 0.00 0.00 0.00 0.00 0.00 0.00 0.00 0.00 0.00 0.00 0.00 0.00 0.00 0.00 0.00 0.00 0.00 0.00 0.00 0.00 0.00 0.00 0.00 0.00 0.00 0.00 0.00 0.00 0.00 0.00 0.00 0.00 0.00 0.00 0.00 0.00 0.00 0.00 0.00 0.00 0.00 0.00 0.00 0.00 0.00 0.00 0.00 0.00 0.00 0.00 0.00 0.00 0.00 0.00 0.00 0.00
