New_Model_Runs/6_FutureClimate_RCP45_out/post_prcessed_with_MFR/actual_et_annual.asc
NCOLS 700
NROWS 400
XLLCENTER 515000.000000
YLLCENTER 8409000.000000
CELLSIZE 50.000000
NODATA_value -999.000000
[rows 108 to 143 of 400, columns 405 to 485 of 700]
12.85 12.84 12.84 12.84 12.84 12.83 12.83 12.83 12.83 12.82 12.82 12.82 12.82 12.82 12.82 12.82 12.82 12.82 12.82 12.82 12.82 12.82 12.82 12.83 12.83 12.83 12.83 12.83 12.83 12.83 12.84 12.84 12.84 12.84 12.84 12.84 12.84 12.84 12.84 38.51 38.34 47.32 40.87 33.01 33.01 31.16 31.15 31.15 39.84 39.83 18.81 38.00 12.82 12.82 12.81 12.81 12.81 12.80 12.80 12.79 12.79 12.79 12.78 12.78 12.78 12.78 12.77 12.77 12.77 12.76 12.76 12.76 12.76 12.76 12.76 39.51 39.82 39.82 18.71 39.82 12.76
12.83 12.83 12.83 12.82 12.82 12.82 12.82 12.81 12.81 12.81 12.81 12.81 12.80 12.80 12.80 12.80 12.80 12.80 12.80 12.81 12.81 12.81 12.81 12.81 12.81 12.81 12.81 12.82 12.82 12.82 12.82 12.82 12.82 12.82 12.82 12.82 12.83 12.83 12.83 38.47 38.30 38.30 38.30 38.26 32.98 31.13 46.06 39.81 39.81 39.80 37.69 37.96 37.95 12.80 12.80 12.80 12.79 12.79 12.79 12.79 12.78 12.78 12.78 12.77 12.77 12.77 12.77 12.76 12.76 12.76 12.76 12.76 12.75 12.75 37.47 40.21 39.81 40.21 40.21 37.98 12.76
12.82 12.81 12.81 12.81 12.80 12.80 12.80 12.80 12.80 12.79 12.79 12.79 12.79 12.79 12.79 12.79 12.79 12.79 12.79 12.79 12.79 12.79 12.79 12.79 12.80 12.80 12.80 12.80 12.80 12.80 12.80 12.81 12.81 12.81 12.81 12.81 12.81 12.81 12.81 12.81 11.48 38.27 38.27 38.23 32.96 46.02 37.68 37.67 39.77 39.76 39.76 37.65 37.64 12.79 12.79 12.79 12.79 12.78 12.78 12.78 12.77 12.77 12.77 12.77 12.76 12.76 12.76 12.76 12.76 12.76 12.75 12.75 12.75 39.51 39.50 46.67 40.20 18.70 39.81 37.46 39.29
12.80 12.80 12.80 12.79 12.79 12.79 12.78 12.78 12.78 12.78 12.78 12.78 12.77 12.77 12.77 12.77 12.77 12.77 12.77 12.77 12.78 12.78 12.78 12.78 12.78 12.78 12.78 12.79 12.79 12.79 12.79 12.79 12.79 12.79 12.80 12.80 12.80 12.80 12.80 12.80 38.23 40.76 38.23 40.68 47.06 39.75 37.65 37.64 39.46 39.45 12.79 12.79 39.71 12.78 12.78 12.78 12.78 12.77 12.77 12.77 12.77 12.77 12.76 12.76 12.76 12.76 12.76 12.76 12.75 12.75 12.75 12.75 12.75 39.89 39.50 40.20 40.20 37.98 39.49 37.46 37.47
12.79 12.78 12.78 12.78 12.78 12.77 12.77 12.77 12.77 12.76 12.76 12.76 12.76 12.76 12.76 12.76 12.76 12.76 12.76 12.76 12.76 12.76 12.76 12.77 12.77 12.77 12.77 12.77 12.77 12.78 12.78 12.78 12.78 12.78 12.78 12.78 12.78 12.79 12.79 12.79 12.79 38.20 48.58 38.16 40.65 37.62 37.62 12.78 37.89 12.78 12.78 12.78 12.78 12.78 12.77 12.77 12.77 12.77 12.77 12.76 12.76 12.76 12.76 12.76 12.76 12.75 12.75 12.75 12.75 12.75 12.75 12.75 12.75 37.46 40.21 46.67 39.81 39.28 18.72 39.29 39.30
12.77 12.77 12.77 12.76 12.76 12.76 12.76 12.75 12.75 12.75 12.75 12.75 12.75 12.75 12.74 12.74 12.74 12.75 12.75 12.75 12.75 12.75 12.75 12.75 12.75 12.76 12.76 12.76 12.76 12.76 12.76 12.77 12.77 12.77 12.77 12.77 12.77 12.77 38.17 12.78 12.78 47.14 47.14 47.01 47.00 39.90 37.59 12.77 12.77 12.77 12.77 12.77 12.77 12.77 12.77 12.76 12.76 12.76 12.76 12.76 12.76 12.76 12.76 12.75 12.75 12.75 12.75 12.75 12.75 12.75 12.75 12.75 39.89 40.21 39.82 39.28 18.72 18.72 12.77 39.31 39.32
12.76 12.75 12.75 12.75 12.75 12.74 12.74 12.74 12.74 12.74 12.73 18.68 12.73 12.73 12.73 12.73 12.73 12.73 12.73 12.73 12.74 12.74 12.74 12.74 12.74 12.74 12.75 12.75 12.75 12.75 12.75 12.75 12.76 12.76 12.76 12.76 12.76 40.63 40.63 12.77 12.77 40.63 40.63 33.04 47.11 46.02 39.72 39.72 40.10 12.77 12.76 12.76 12.76 12.76 12.76 12.76 12.76 12.76 12.76 12.76 12.75 12.75 12.75 12.75 12.75 12.75 12.75 12.75 12.75 12.75 12.76 12.76 39.63 40.33 39.64 18.72 18.73 12.77 12.77 12.78 39.39
12.74 12.74 12.74 12.74 12.73 12.73 12.73 12.73 12.73 12.72 12.72 12.72 12.72 12.72 12.72 12.72 12.72 12.72 12.72 12.72 12.72 12.72 12.73 12.73 12.73 12.73 12.73 12.74 12.74 12.74 12.74 12.74 12.75 12.75 12.75 12.75 12.75 12.75 12.75 12.76 40.61 40.61 12.76 40.65 47.09 45.99 39.70 12.76 12.76 37.84 12.76 12.76 12.76 12.76 12.76 12.76 12.75 12.75 12.75 12.75 12.75 12.75 12.75 12.75 12.75 12.75 12.75 12.76 12.76 12.76 12.76 39.63 39.64 39.64 39.65 39.63 12.78 12.78 12.78 12.79 39.42
12.73 12.73 12.73 12.72 12.72 12.72 12.72 18.65 12.71 12.71 12.71 12.71 12.71 12.71 12.71 12.71 12.71 12.71 12.71 12.71 12.71 12.71 12.72 12.72 12.72 12.72 12.72 12.72 12.73 12.73 12.73 12.73 12.74 12.74 12.74 12.74 12.74 12.74 12.75 12.75 12.75 12.75 12.75 12.75 12.75 37.55 31.09 37.55 37.54 37.54 12.75 12.75 12.75 12.75 12.75 12.75 12.75 12.75 12.75 12.75 12.75 12.75 12.75 12.75 12.75 12.76 12.76 12.76 12.76 12.76 12.76 12.77 39.65 39.66 39.67 39.65 39.66 12.79 12.79 12.80 12.81
12.72 12.71 12.71 12.71 12.71 12.71 12.70 12.70 12.70 12.70 12.70 12.70 12.70 12.70 12.70 12.70 12.70 12.70 12.70 12.70 12.70 12.70 12.70 12.71 12.71 12.71 12.71 12.71 12.72 12.72 12.72 12.72 12.73 12.73 12.73 12.73 12.73 12.74 12.74 12.74 12.74 12.74 38.22 12.74 40.89 37.53 37.53 37.53 37.53 12.75 12.75 39.65 12.75 12.75 12.75 12.75 12.75 12.75 12.75 12.75 12.75 12.75 12.75 12.76 12.76 12.76 12.76 12.76 12.77 12.77 12.77 12.77 12.78 12.78 12.79 12.79 12.80 18.78 12.81 12.81 12.82
12.70 12.70 12.70 12.70 12.70 12.69 12.69 12.69 12.69 12.69 12.69 12.69 12.68 12.68 12.68 12.68 12.69 12.69 12.69 12.69 12.69 12.69 12.69 12.70 12.70 12.70 12.70 12.70 12.71 12.71 12.71 12.71 12.72 12.72 12.72 12.72 12.73 12.73 12.73 12.73 12.73 12.73 12.74 40.87 40.03 39.64 39.64 37.51 12.74 12.74 12.74 12.75 12.75 12.75 12.75 12.75 12.75 12.75 12.75 12.75 12.75 12.76 12.76 12.76 12.76 12.76 12.77 12.77 12.77 12.78 12.78 12.78 12.79 12.79 12.80 12.80 12.81 18.79 12.82 12.83 12.84
12.69 12.69 12.69 12.69 12.68 12.68 12.68 12.68 12.68 12.68 12.68 12.67 12.67 12.67 12.67 12.67 12.68 12.68 12.68 12.68 12.68 12.68 12.68 12.69 12.69 12.69 12.69 12.70 12.70 12.70 12.70 12.71 12.71 12.71 12.71 12.72 12.72 12.72 12.72 12.72 12.73 12.73 12.73 12.73 12.73 12.74 12.74 12.74 45.91 12.74 12.74 12.74 12.74 12.75 12.75 12.75 12.75 12.75 12.75 12.75 12.76 12.76 12.76 12.76 12.77 12.77 12.77 12.78 12.78 12.78 12.79 12.79 12.80 12.80 12.81 12.82 12.82 12.83 12.84 12.85 12.85
12.68 12.68 12.68 12.68 12.67 12.67 12.67 12.67 12.67 12.67 12.67 12.66 12.66 12.66 12.66 12.66 12.67 12.67 12.67 12.67 12.67 12.67 12.68 12.68 12.68 12.68 12.69 12.69 12.69 12.69 12.70 12.70 12.70 12.70 12.71 12.71 12.71 12.71 12.72 12.72 12.72 12.72 12.73 12.73 12.73 12.73 12.73 39.62 45.90 12.74 12.74 12.74 12.74 12.75 12.75 12.75 12.75 12.75 12.76 12.76 12.76 12.76 12.77 12.77 12.77 12.78 12.78 12.78 12.79 12.79 12.80 12.80 12.81 12.82 12.82 12.83 12.84 12.85 12.85 12.86 12.87
12.67 12.67 12.67 12.66 12.66 12.66 12.66 12.66 12.66 12.66 12.66 12.66 12.65 12.65 12.66 12.66 12.66 12.66 12.66 12.66 12.66 12.67 12.67 12.67 12.67 12.68 12.68 12.68 12.68 12.69 12.69 12.69 12.70 12.70 12.70 12.70 12.71 12.71 12.71 12.71 12.72 12.72 12.72 12.72 12.73 12.73 39.61 39.61 39.61 12.74 12.74 12.74 12.74 12.75 12.75 12.75 12.75 12.76 12.76 12.76 12.77 12.77 12.77 12.78 12.78 12.79 12.79 12.79 12.80 12.81 12.81 12.82 12.82 12.83 12.84 12.85 12.85 12.86 12.87 12.88 12.89
12.66 12.66 12.66 12.65 12.65 12.65 12.65 12.65 12.65 12.65 12.65 12.65 12.65 12.65 12.65 12.65 12.65 12.65 12.65 12.65 12.66 12.66 18.57 12.66 12.67 12.67 12.67 12.67 12.68 12.68 12.68 12.69 12.69 12.69 12.70 12.70 12.70 12.71 12.71 12.71 12.71 12.72 12.72 12.72 12.73 39.60 37.48 37.48 12.74 12.74 12.74 12.74 12.75 12.75 12.75 12.76 12.76 12.76 12.77 12.77 12.77 12.78 12.78 12.79 12.79 12.80 12.80 12.81 12.81 12.82 12.82 12.83 12.84 12.85 12.86 12.86 12.87 12.88 12.89 12.90 12.92
12.65 12.65 12.65 12.64 12.64 12.64 12.64 12.64 12.64 12.64 12.64 12.64 12.64 12.64 12.64 12.64 12.64 12.64 12.65 12.65 12.65 12.65 12.66 12.66 12.66 12.66 12.67 12.67 12.67 12.68 12.68 12.68 12.69 12.69 12.69 12.70 12.70 12.70 12.71 12.71 12.71 12.72 12.72 12.72 12.73 12.73 37.48 37.48 37.49 12.74 39.62 12.75 12.75 12.75 12.76 12.76 12.76 12.77 12.77 12.78 12.78 12.79 12.79 12.80 12.80 12.81 12.81 12.82 12.83 12.83 12.84 12.85 12.86 12.86 12.87 12.88 12.89 12.90 12.91 12.93 12.94
12.64 12.64 12.64 12.64 12.64 12.64 12.63 12.63 12.63 12.63 12.63 12.63 12.63 12.63 12.63 12.64 12.64 41.52 12.64 12.64 12.65 12.65 12.65 41.56 38.37 38.38 12.66 12.67 12.67 12.67 12.68 12.68 12.68 12.69 12.69 12.69 12.70 47.28 12.71 12.71 12.71 12.72 12.72 12.72 12.73 12.73 37.75 37.76 37.50 39.62 39.63 12.75 12.76 12.76 12.76 12.77 12.77 12.78 12.78 12.79 12.79 12.80 12.80 12.81 12.81 12.82 12.83 12.83 12.84 12.85 12.86 12.87 12.87 12.88 12.89 12.90 12.91 12.93 12.94 12.95 12.96
12.63 12.63 12.63 12.63 12.63 12.63 12.63 12.63 12.63 12.63 12.63 12.63 12.63 12.63 12.63 41.63 41.50 12.63 41.51 12.64 38.29 12.64 41.54 48.63 48.63 48.64 48.66 12.66 12.67 12.67 12.67 40.41 12.68 12.69 40.44 18.62 12.70 12.70 12.71 12.71 12.71 12.72 12.72 12.73 12.73 12.73 12.74 37.77 37.78 37.51 37.52 12.76 12.76 12.77 12.77 12.78 12.78 12.79 12.79 12.80 12.80 12.81 12.81 12.82 12.83 12.83 12.84 12.85 12.86 12.87 12.88 12.88 12.89 12.90 12.92 12.93 12.94 12.95 12.96 12.98 12.99
12.62 12.62 12.62 12.62 12.62 12.62 12.62 12.62 12.62 12.62 12.62 12.62 12.62 41.61 41.61 41.49 41.49 38.26 38.27 38.27 38.28 12.64 12.64 48.62 41.55 49.32 38.33 37.83 37.84 37.85 48.21 40.41 12.68 39.66 40.45 12.69 12.70 12.70 12.71 12.71 12.72 12.72 12.72 12.73 12.73 12.74 12.74 12.75 46.47 40.04 39.66 12.76 12.77 12.77 12.78 12.79 12.79 12.80 12.80 12.81 12.81 12.82 12.83 12.84 12.84 12.85 12.86 12.87 12.88 12.89 12.90 12.91 12.92 12.93 12.94 12.95 12.96 12.98 12.99 13.00 13.02
12.61 12.61 12.61 12.61 12.62 12.62 12.62 12.62 12.62 12.62 12.62 12.62 12.62 41.60 41.60 41.48 38.25 41.49 38.26 49.25 48.59 38.28 38.29 32.07 48.63 32.08 38.33 38.36 37.84 37.85 12.67 12.68 12.68 12.69 40.45 40.47 12.70 12.71 12.71 12.72 12.72 12.72 12.73 12.73 12.74 12.74 12.75 12.75 12.76 12.76 39.68 39.69 12.78 12.78 12.79 12.80 12.80 12.81 12.82 12.82 12.83 12.84 12.84 12.85 12.86 12.87 12.88 12.89 12.90 12.91 12.92 12.93 12.94 12.95 12.96 12.98 12.99 13.00 13.02 13.03 13.05
12.61 12.61 12.61 12.61 12.61 12.61 12.61 12.61 41.55 41.56 41.56 12.61 41.46 12.62 41.47 12.62 38.24 48.56 48.57 49.25 32.06 49.27 41.53 32.07 41.55 41.57 38.34 38.36 37.84 12.67 12.68 12.68 12.69 37.91 40.46 40.48 18.63 18.64 12.72 12.72 12.73 41.50 12.74 12.74 12.75 12.75 12.76 12.76 12.77 12.77 39.70 12.78 12.79 12.80 12.80 12.81 12.82 12.82 18.82 12.84 12.84 12.85 12.86 12.87 12.88 12.89 12.90 12.91 12.92 12.93 12.94 12.95 12.96 12.98 12.99 13.00 13.02 13.03 13.05 13.06 13.08
41.39 41.39 12.60 41.53 38.22 12.61 12.61 12.61 38.23 38.23 38.23 12.61 41.46 48.53 48.53 49.21 32.04 14.57 32.05 48.58 32.06 49.28 41.54 49.30 38.32 49.33 38.34 41.65 41.67 12.68 12.68 12.69 12.69 40.47 40.48 37.95 18.64 12.72 12.72 12.73 41.51 41.52 41.54 12.75 12.75 12.76 12.77 12.77 12.78 12.78 12.79 39.75 39.76 12.81 12.82 12.82 12.83 12.84 12.85 12.85 12.86 12.87 12.88 12.89 12.90 12.91 12.92 12.93 12.94 12.95 12.96 12.98 12.99 13.00 13.02 13.03 13.05 13.06 13.08 13.09 13.11
0.32 31.92 31.92 12.60 12.60 38.21 18.49 38.22 18.49 12.61 12.61 12.61 14.54 48.48 31.98 48.49 31.99 48.51 32.00 32.00 32.01 48.56 32.02 48.59 41.53 38.33 41.56 41.64 12.67 12.68 12.69 12.69 12.70 37.91 12.71 40.44 12.72 12.72 12.73 41.46 41.47 41.49 41.51 40.97 12.76 12.77 12.78 12.78 12.79 12.80 12.80 12.81 12.82 12.82 12.83 12.84 12.85 12.86 12.86 12.87 12.88 12.89 12.90 12.91 12.92 12.93 12.94 12.95 12.97 12.98 12.99 13.00 13.02 13.03 13.05 13.06 13.08 13.09 13.11 13.13 13.15
0.00 0.00 0.00 0.00 48.36 48.37 48.38 38.18 38.18 48.39 31.94 48.46 0.00 31.98 31.98 31.99 48.51 48.52 49.22 48.55 49.25 32.02 31.81 48.60 49.31 41.56 12.67 41.66 12.68 40.38 40.39 12.70 12.70 12.71 12.71 12.72 12.73 12.73 12.74 41.49 41.50 41.52 41.54 41.00 12.78 12.78 12.79 12.80 12.80 12.81 12.82 12.83 12.83 12.84 12.85 12.86 12.87 12.87 12.88 12.89 12.90 12.91 12.92 12.93 12.94 12.96 12.97 12.98 12.99 13.00 13.02 13.03 13.05 13.06 13.08 13.09 13.11 13.12 13.14 13.16 13.18
0.00 0.00 0.00 0.00 0.00 0.00 0.00 0.00 31.93 48.39 48.40 0.00 0.00 0.00 49.18 31.99 48.52 14.56 48.55 48.56 32.02 48.59 48.60 49.31 41.56 38.37 12.68 12.68 12.69 41.72 40.41 12.71 12.71 12.72 12.72 12.73 12.74 12.74 12.75 41.52 41.54 41.56 41.58 41.04 12.79 12.80 12.80 12.81 12.82 12.83 12.83 12.84 12.85 12.86 12.87 12.88 12.89 12.89 12.90 12.91 12.92 12.94 12.95 12.96 12.97 12.98 12.99 13.01 13.02 13.03 13.05 13.06 13.08 13.09 13.11 13.12 13.14 13.16 13.18 13.20 13.22
0.00 0.00 0.00 0.00 0.00 0.00 0.00 0.00 0.00 0.00 0.00 0.00 0.00 0.00 0.00 48.52 32.00 32.01 48.56 48.58 48.59 48.61 48.63 32.05 12.67 12.68 12.68 41.71 12.70 12.70 12.71 12.71 12.72 12.73 12.73 12.74 12.75 12.75 12.76 41.56 41.58 41.60 41.62 41.08 12.81 12.81 12.82 12.83 12.84 12.84 12.85 12.86 12.87 12.88 12.89 12.90 12.91 12.92 12.93 12.94 12.95 12.96 12.97 12.98 13.00 13.01 13.02 13.03 13.05 13.06 13.08 13.09 13.11 13.12 13.14 13.16 13.17 13.19 13.21 13.23 13.25
0.00 0.00 0.00 0.00 0.00 0.00 0.00 0.00 0.00 0.00 0.00 0.00 0.00 0.00 0.00 0.00 0.00 48.57 48.58 14.58 32.04 48.64 48.65 41.59 12.68 12.69 12.69 12.70 12.71 12.71 12.72 12.73 12.73 12.74 12.75 12.75 12.76 12.77 12.78 41.60 41.62 41.64 41.67 41.12 41.14 12.83 12.84 12.85 12.85 12.86 12.87 12.88 12.89 12.90 12.91 12.92 12.93 12.94 12.95 12.96 12.97 12.99 13.00 13.01 13.02 13.04 13.05 13.06 13.08 13.09 13.11 13.12 13.14 13.16 13.17 13.19 13.21 13.23 13.25 13.27 13.29
0.00 0.00 0.00 0.00 0.00 0.00 0.00 0.00 0.00 0.00 0.00 0.00 0.00 0.00 0.00 0.00 0.00 0.00 32.04 32.04 48.65 32.06 48.68 38.41 12.69 12.70 12.70 12.71 12.72 12.72 12.73 12.74 12.75 12.75 12.76 12.77 12.78 41.60 41.62 41.64 41.67 41.69 41.72 41.17 41.19 12.85 12.86 41.25 12.87 12.88 41.32 41.35 41.37 12.92 12.93 12.94 12.95 12.97 12.98 12.99 13.00 13.01 13.03 13.04 13.05 13.07 13.08 13.10 13.11 13.13 13.14 13.16 13.17 13.19 13.21 13.23 13.25 13.27 13.29 13.31 13.33
0.00 0.00 0.00 0.00 0.00 0.00 0.00 0.00 0.00 0.00 0.00 0.00 0.00 0.00 0.00 0.00 0.00 0.00 0.00 32.06 32.06 49.40 48.93 12.70 12.70 12.71 12.72 12.72 12.73 12.74 12.74 12.75 12.76 12.77 12.78 12.78 41.62 41.65 41.67 41.69 41.72 41.74 41.77 41.22 41.24 41.26 41.29 41.31 41.33 41.36 41.38 41.41 12.94 12.95 12.96 12.97 12.98 12.99 13.00 13.02 13.03 13.04 13.05 13.07 13.08 13.10 13.11 13.13 13.14 13.16 13.17 13.19 13.21 13.23 13.24 13.26 13.28 13.30 13.32 13.35 13.37
0.00 0.00 0.00 0.00 0.00 0.00 0.00 0.00 0.00 0.00 0.00 0.00 0.00 0.00 0.00 0.00 0.00 0.00 0.00 32.07 32.08 12.70 12.70 12.71 12.72 12.72 12.73 12.74 12.74 12.75 12.76 12.77 12.78 12.78 12.79 12.80 12.81 41.70 41.72 41.75 41.77 41.80 41.83 41.27 41.30 41.32 41.34 41.37 41.39 41.42 41.45 41.47 41.50 41.53 12.98 12.99 13.01 13.02 13.03 13.04 13.06 13.07 13.09 13.10 13.11 13.13 13.14 13.16 13.18 13.19 13.21 13.23 13.24 13.26 13.28 13.30 13.32 13.34 13.36 13.38 13.41
0.00 0.00 0.00 0.00 0.00 0.00 0.00 0.00 0.00 0.00 0.00 0.00 0.00 0.00 0.00 0.00 0.00 0.00 0.00 49.44 49.46 12.71 12.72 12.72 12.73 12.74 12.74 12.75 12.76 12.77 12.78 12.78 12.79 12.80 41.67 41.70 41.73 41.75 41.78 41.80 41.83 41.86 41.89 41.33 41.35 41.38 41.41 41.43 41.46 41.49 41.51 41.54 41.57 41.60 13.01 13.02 13.03 13.05 13.06 13.07 13.09 13.10 13.12 13.13 13.15 13.16 13.18 13.19 13.21 13.23 13.25 13.26 13.28 13.30 13.32 13.34 13.36 13.38 13.40 13.42 13.45
0.00 0.00 0.00 0.00 0.00 0.00 0.00 0.00 0.00 0.00 0.00 0.00 0.00 0.00 0.00 0.00 0.00 0.00 0.00 0.00 12.72 12.72 12.73 12.74 12.75 12.75 12.76 12.77 12.78 12.79 12.79 42.50 42.52 41.70 41.73 41.76 41.78 41.81 41.84 41.86 41.89 41.92 41.95 41.39 41.42 41.44 41.47 41.50 41.53 41.56 41.59 13.00 13.01 13.03 13.04 13.05 13.06 13.08 13.09 13.11 13.12 13.13 13.15 13.16 13.18 13.20 13.21 13.23 13.25 13.26 13.28 13.30 13.32 13.34 13.36 13.38 13.40 13.42 13.44 13.47 13.49
0.00 0.00 0.00 0.00 0.00 0.00 0.00 0.00 0.00 0.00 0.00 0.00 0.00 0.00 0.00 0.00 0.00 0.00 0.00 0.00 12.73 12.74 12.75 12.75 12.76 12.77 12.78 12.79 12.80 12.80 12.81 12.82 12.83 12.84 41.79 41.82 41.84 41.87 41.90 41.93 41.96 41.99 41.35 41.46 41.48 12.96 41.54 41.57 41.60 41.63 13.02 13.03 13.04 13.06 13.07 13.08 13.10 13.11 13.12 13.14 13.15 13.17 13.18 13.20 13.22 13.23 13.25 13.27 13.28 13.30 13.32 13.34 13.36 13.38 13.40 13.42 13.44 13.46 13.48 13.51 13.53
0.00 0.00 0.00 0.00 0.00 0.00 0.00 0.00 0.00 0.00 0.00 0.00 0.00 0.00 0.00 0.00 0.00 0.00 0.00 32.19 12.75 12.76 12.76 12.77 42.05 12.79 12.80 12.81 12.82 12.82 12.83 12.84 12.85 12.86 12.87 12.88 41.91 41.94 12.91 12.92 42.03 42.06 41.42 41.53 41.55 41.58 41.61 41.64 41.67 13.03 13.05 13.06 13.07 13.09 13.10 13.11 13.13 13.14 13.16 13.17 13.19 13.20 13.22 13.23 13.25 13.27 13.29 13.30 13.32 13.34 13.36 13.38 13.40 13.42 13.44 13.46 13.48 13.50 13.52 13.55 13.57
0.00 0.00 0.00 0.00 0.00 0.00 0.00 0.00 0.00 0.00 0.00 0.00 0.00 0.00 0.00 0.00 0.00 0.00 32.16 32.17 12.77 12.77 12.78 42.08 41.96 12.81 12.82 12.83 12.84 12.85 12.85 12.86 12.87 12.88 12.89 12.90 12.91 12.92 12.94 12.95 12.96 42.13 41.49 41.60 41.63 41.66 41.69 41.72 41.75 41.79 13.08 13.09 13.10 13.12 13.13 13.15 13.16 13.18 13.19 13.21 13.22 13.24 13.25 13.27 13.29 13.31 13.32 13.34 13.36 13.38 13.40 13.42 13.44 13.46 13.48 13.50 13.52 13.54 13.57 13.59 13.61
0.00 0.00 0.00 0.00 0.00 0.00 0.00 0.00 0.00 0.00 0.00 0.00 0.00 0.00 0.00 0.00 0.00 0.00 32.19 12.78 12.79 12.79 42.11 41.99 42.02 42.05 42.07 12.85 12.86 12.87 12.88 12.89 12.90 12.91 12.92 12.93 12.94 12.95 12.96 12.97 12.98 13.00 41.56 41.68 41.71 41.74 41.77 41.80 41.84 41.87 41.91 13.12 13.14 13.15 13.17 13.18 13.19 13.21 13.23 13.24 13.26 13.27 13.29 13.31 13.33 13.34 13.36 13.38 13.40 13.42 13.44 13.46 13.48 13.50 13.52 13.54 13.56 13.59 13.61 13.63 13.66
