New_Model_Runs/6_FutureClimate_RCP45_out/post_prcessed_with_MFR/actual_et_annual.asc
NCOLS 700
NROWS 400
XLLCENTER 515000.000000
YLLCENTER 8409000.000000
CELLSIZE 50.000000
NODATA_value -999.000000
[rows 108 to 143 of 400, columns 486 to 566 of 700]
12.59 12.59 37.07 37.07 12.59 18.46 12.59 12.59 12.59 12.59 14.31 14.31 14.31 14.31 14.31 14.31 44.85 42.36 44.85 42.36 42.36 14.31 14.31 14.31 14.31 14.31 13.11 13.11 13.11 13.11 13.11 13.11 13.11 13.11 13.11 13.11 13.11 13.11 13.11 48.88 39.44 39.44 38.96 38.96 18.99 18.99 18.99 18.99 18.99 18.99 12.95 12.95 12.95 12.95 12.95 12.95 12.95 12.95 13.53 13.53 13.53 13.53 13.53 43.92 33.87 43.92 33.87 38.79 42.72 13.53 13.53 13.53 13.53 13.53 13.55 13.55 13.55 13.55 13.55 13.54 13.54
12.59 12.59 12.59 12.59 12.59 12.59 18.46 12.59 12.59 12.59 14.31 14.31 14.31 14.31 14.31 14.31 14.31 14.31 20.99 14.31 42.36 14.31 14.31 14.31 14.31 14.31 13.11 13.11 13.11 13.11 13.11 13.11 13.11 13.11 13.11 13.11 13.11 13.11 13.11 48.88 39.44 42.11 41.62 18.99 18.99 18.99 18.99 18.99 18.99 12.95 12.95 12.95 12.95 12.95 12.95 12.95 12.95 12.95 13.53 13.53 13.53 13.53 13.53 43.03 33.87 33.87 33.87 43.92 42.73 13.53 13.53 13.53 13.53 13.53 13.55 13.55 13.55 13.55 13.54 13.54 13.54
39.14 12.59 12.59 12.59 12.59 12.59 12.59 12.59 12.59 12.59 14.31 14.31 14.31 14.31 14.31 14.31 14.31 14.31 42.36 14.31 14.31 14.31 14.31 14.31 14.31 14.31 13.11 13.11 13.11 13.11 42.11 42.11 42.11 13.11 13.11 50.07 39.44 13.11 13.11 39.44 13.11 13.11 18.99 12.95 12.95 40.73 18.99 18.99 12.95 12.95 12.95 12.95 12.95 12.95 12.95 12.95 12.95 12.95 13.53 13.53 13.53 13.53 13.53 49.84 40.26 40.26 42.72 42.72 42.72 13.53 13.53 13.53 13.53 13.53 13.55 13.55 13.55 13.55 13.55 13.54 13.54
39.14 39.14 12.59 12.59 12.59 12.59 12.59 12.59 12.59 12.59 14.31 14.31 14.31 14.31 14.31 14.31 14.31 14.31 14.31 14.31 14.31 14.31 14.31 14.31 14.31 14.31 13.11 13.11 42.11 42.11 39.44 42.11 13.11 13.11 13.11 13.11 39.44 13.11 42.11 19.23 19.23 13.11 40.73 38.96 18.99 40.73 18.99 12.95 38.96 12.95 12.95 12.95 12.95 12.95 12.95 12.95 12.95 18.99 13.53 13.53 13.53 13.53 13.53 40.46 40.60 40.26 13.53 40.26 13.53 13.53 13.53 13.53 13.53 13.53 13.55 13.55 13.55 13.55 13.55 13.54 13.54
38.86 39.14 39.14 12.59 12.59 12.59 12.59 12.59 12.59 12.59 14.31 14.31 14.31 14.31 14.31 14.31 14.31 14.31 14.31 14.31 14.31 14.31 14.31 14.31 14.31 14.31 13.11 13.11 13.11 13.11 42.11 13.11 13.11 13.11 13.11 13.11 39.44 42.11 42.11 19.23 13.11 13.11 12.95 12.95 12.95 40.73 12.95 12.95 12.95 12.95 12.95 12.95 12.95 12.95 12.95 12.95 18.99 41.62 13.53 13.53 13.53 13.53 13.53 13.53 42.43 13.53 13.53 13.53 13.53 13.53 13.53 13.53 13.53 13.53 13.55 13.55 13.55 13.55 13.55 13.54 13.54
38.86 39.14 39.14 12.59 12.59 12.59 12.59 12.59 12.59 12.59 14.31 14.31 14.31 14.31 14.31 14.31 14.31 14.31 14.31 14.31 14.31 14.31 14.31 14.31 14.31 14.31 13.11 13.11 13.11 13.11 13.11 13.11 13.11 13.11 13.11 41.20 39.44 39.44 39.44 39.44 13.11 13.11 48.26 18.99 12.95 40.71 12.95 12.95 12.95 12.95 12.95 12.95 12.95 12.95 12.95 18.99 41.62 41.62 13.53 13.53 13.53 13.53 13.53 13.53 13.53 13.53 13.53 13.53 13.53 13.53 13.53 13.53 13.53 13.53 13.55 13.55 13.55 13.55 13.54 13.54 13.54
38.40 38.40 38.65 38.65 18.18 12.39 12.39 12.39 12.39 12.39 12.49 12.49 12.49 12.49 12.49 12.49 12.49 12.49 12.49 12.49 12.49 12.49 12.49 12.49 12.49 12.49 11.82 11.82 11.82 11.82 11.82 11.82 11.82 11.82 11.82 11.82 11.82 11.82 37.39 38.60 38.60 17.33 19.57 19.57 13.35 41.85 13.35 40.05 40.05 13.35 13.35 13.35 13.35 13.35 13.35 19.57 13.35 13.35 14.32 14.32 14.32 14.32 14.32 14.32 14.32 14.32 14.32 14.32 14.32 14.32 14.32 14.32 14.32 14.32 13.68 13.68 13.68 13.68 13.67 13.67 13.68
38.40 38.40 38.65 38.65 39.16 12.39 12.39 12.39 12.39 12.39 12.49 12.49 12.49 12.49 12.49 12.49 12.49 12.49 12.49 12.49 12.49 12.49 12.49 12.49 12.49 12.49 11.82 11.82 11.82 11.82 11.82 11.82 11.82 11.82 11.82 11.82 11.82 11.82 17.33 17.33 38.60 17.33 19.57 13.35 13.35 13.35 13.35 13.35 40.05 13.35 13.35 13.35 13.35 13.35 13.35 13.35 13.35 13.35 14.32 14.32 14.32 14.32 14.32 14.32 14.32 14.32 14.32 14.32 14.32 14.32 14.32 14.32 14.32 14.32 13.68 13.68 13.68 13.68 13.67 13.67 13.68
12.39 12.39 18.18 38.65 39.16 12.39 12.39 12.39 12.39 12.39 12.49 12.49 12.49 12.49 12.49 12.49 12.49 12.49 12.49 12.49 12.49 12.49 12.49 12.49 12.49 12.49 11.82 11.82 11.82 11.82 11.82 11.82 11.82 11.82 11.82 11.82 11.82 11.82 17.33 17.33 11.82 11.82 13.35 13.35 13.35 13.35 13.35 13.35 13.35 13.35 13.35 13.35 13.35 13.35 13.35 13.35 13.35 13.35 14.32 14.32 14.32 42.50 14.32 14.32 14.32 14.32 14.32 14.32 14.32 14.32 14.32 14.32 14.32 14.32 13.68 13.68 13.68 13.68 13.68 13.68 13.68
12.39 12.39 12.39 12.39 12.39 12.39 12.39 12.39 12.39 12.39 12.49 12.49 12.49 12.49 12.49 12.49 12.49 12.49 12.49 12.49 12.49 12.49 12.49 12.49 12.49 12.49 11.82 11.82 11.82 11.82 11.82 11.82 11.82 11.82 11.82 11.82 11.82 11.82 11.82 11.82 11.82 11.82 41.85 13.35 13.35 13.35 13.35 13.35 42.68 13.35 13.35 13.35 13.35 13.35 13.35 13.35 13.35 13.35 14.32 14.32 14.32 14.32 14.32 14.32 14.32 14.32 14.32 42.50 45.03 45.31 14.32 14.32 14.32 14.32 13.68 13.68 13.68 13.68 13.68 13.68 13.68
12.39 12.39 12.39 12.39 12.39 12.39 12.39 12.39 12.39 12.39 12.49 12.49 12.49 12.49 12.49 12.49 12.49 12.49 12.49 12.49 12.49 12.49 12.49 12.49 12.49 12.49 11.82 11.82 11.82 11.82 11.82 11.82 11.82 11.82 11.82 11.82 11.82 11.82 11.82 11.82 11.82 11.82 13.35 13.35 19.57 13.35 13.35 13.35 13.35 13.35 13.35 13.35 13.35 13.35 13.35 13.35 13.35 13.35 14.32 14.32 14.32 14.32 14.32 14.32 14.32 42.50 42.50 42.50 45.03 45.03 14.32 14.32 14.32 14.32 13.68 13.68 13.68 13.68 13.68 13.68 13.68
12.39 12.39 12.39 12.39 12.39 12.39 12.39 12.39 12.39 12.39 12.49 12.49 12.49 12.49 12.49 12.49 12.49 12.49 12.49 12.49 12.49 12.49 12.49 12.49 12.49 12.49 11.82 11.82 11.82 11.82 11.82 11.82 11.82 11.82 11.82 11.82 11.82 11.82 11.82 11.82 11.82 11.82 13.35 13.35 13.35 13.35 13.35 13.35 13.35 13.35 13.35 13.35 13.35 13.35 13.35 13.35 13.35 13.35 14.32 14.32 14.32 14.32 52.00 53.51 52.01 45.03 45.03 14.32 14.32 14.32 14.32 14.32 14.32 14.32 13.68 13.68 13.68 13.68 13.68 13.68 13.68
12.39 12.39 12.39 12.39 12.39 12.39 12.39 12.39 12.39 12.39 12.49 12.49 12.49 12.49 12.49 12.49 12.49 12.49 12.49 12.49 12.49 12.49 12.49 12.49 12.49 12.49 11.82 11.82 11.82 11.82 11.82 11.82 11.82 11.82 11.82 11.82 11.82 11.82 11.82 11.82 11.82 11.82 13.35 13.35 13.35 13.35 13.35 13.35 13.35 13.35 13.35 13.35 13.35 13.35 13.35 13.35 13.35 13.35 14.32 14.32 14.32 14.32 44.39 44.39 14.32 14.32 45.03 14.32 14.32 14.32 14.32 14.32 14.32 14.32 13.68 13.68 13.68 13.68 13.68 13.68 13.68
12.39 12.39 12.39 12.39 12.39 12.39 12.39 12.39 12.39 12.39 12.49 12.49 12.49 12.49 12.49 12.49 12.49 12.49 12.49 12.49 12.49 12.49 12.49 12.49 12.49 12.49 11.82 11.82 11.82 11.82 11.82 11.82 11.82 11.82 11.82 11.82 11.82 11.82 11.82 11.82 11.82 11.82 13.35 13.35 42.68 42.68 13.35 13.35 13.35 13.35 13.35 13.35 13.35 13.35 13.35 13.35 40.05 13.35 14.32 45.03 42.49 14.32 42.49 14.32 14.32 14.32 14.32 14.32 14.32 14.32 14.32 14.32 14.32 14.32 13.68 13.68 13.68 13.68 13.68 13.68 13.68
12.39 12.39 12.39 12.39 12.39 12.39 12.39 12.39 12.39 12.39 12.49 12.49 12.49 12.49 12.49 12.49 12.49 12.49 12.49 12.49 12.49 12.49 12.49 12.49 12.49 12.49 11.82 11.82 11.82 11.82 11.82 11.82 11.82 11.82 11.82 11.82 11.82 11.82 11.82 11.82 11.82 11.82 13.35 13.35 42.68 42.68 42.68 13.35 13.35 13.35 13.35 13.35 13.35 13.35 49.42 13.35 40.05 42.68 42.49 45.03 42.49 42.49 42.49 14.32 14.32 14.32 14.32 14.32 14.32 14.32 14.32 14.32 14.32 14.32 13.68 13.68 13.68 13.68 13.68 13.68 13.68
12.39 12.39 12.39 12.39 12.39 12.39 12.39 12.39 12.39 12.39 12.49 12.49 12.49 12.49 12.49 12.49 12.49 12.49 12.49 12.49 12.49 12.49 12.49 18.32 12.49 12.49 11.82 37.39 11.82 11.82 11.82 11.82 11.82 11.82 37.39 11.82 11.82 11.82 11.82 11.82 11.82 11.82 13.35 13.35 13.35 42.68 42.68 13.35 13.35 13.35 42.68 13.35 13.35 40.05 41.85 13.35 13.35 42.68 42.49 45.03 42.49 14.32 14.32 14.32 14.32 14.32 14.32 14.32 14.32 14.32 14.32 14.32 14.32 14.32 13.68 13.68 13.68 13.68 13.68 13.68 13.68
12.39 12.39 12.39 12.39 12.39 12.39 12.39 12.39 12.39 12.39 12.49 12.49 12.49 12.49 12.49 12.49 12.49 12.49 12.49 12.49 12.49 12.49 12.49 12.49 12.49 12.49 11.82 11.82 11.82 11.82 11.82 11.82 11.82 11.82 11.82 11.82 17.33 35.76 11.82 11.82 11.82 11.82 13.35 13.35 13.35 13.35 13.35 13.35 13.35 13.35 42.68 42.68 13.35 39.87 42.68 42.68 13.35 13.35 14.32 14.32 14.32 14.32 14.32 14.32 14.32 14.32 14.32 14.32 14.32 14.32 14.32 14.32 14.32 14.32 13.68 13.68 13.68 13.68 13.68 13.68 13.68
12.39 12.39 12.39 12.39 12.39 12.39 12.39 12.39 12.39 12.39 12.49 12.49 12.49 12.49 12.49 12.49 12.49 12.49 12.49 12.49 12.49 12.49 12.49 12.49 12.49 12.49 11.82 11.82 11.82 11.82 11.82 11.82 11.82 11.82 11.82 11.82 11.82 11.82 38.40 11.82 11.82 11.82 13.35 13.35 38.61 38.61 49.50 42.68 13.35 13.35 42.38 50.41 49.06 14.72 39.87 42.38 13.35 13.35 14.32 14.32 14.32 14.32 14.32 14.32 14.32 14.32 14.32 14.32 14.32 14.32 14.32 14.32 14.32 14.32 13.68 13.68 13.68 13.68 13.68 13.68 13.68
12.39 12.39 12.39 12.39 12.39 12.39 12.39 12.39 12.39 12.39 12.49 12.49 12.49 12.49 12.49 12.49 12.49 12.49 12.49 12.49 12.49 12.49 12.49 12.49 12.49 12.49 11.82 11.82 11.82 11.82 11.82 11.82 11.82 11.82 11.82 11.82 11.82 11.82 38.40 37.39 11.82 11.82 13.35 33.79 43.81 43.81 43.81 33.79 46.16 13.35 49.06 49.06 49.06 39.87 13.35 13.35 13.35 13.35 14.32 14.32 14.32 14.32 14.32 14.32 14.32 14.32 14.32 14.32 14.32 14.32 14.32 14.32 14.32 14.32 13.68 13.68 13.68 13.68 13.68 13.68 13.68
12.39 12.39 12.39 12.39 12.39 12.39 12.39 12.39 12.39 12.39 12.49 12.49 12.49 12.49 12.49 12.49 12.49 12.49 12.49 12.49 12.49 12.49 12.49 12.49 12.49 12.49 11.82 11.82 11.82 11.82 11.82 11.82 11.82 11.82 11.82 11.82 35.69 11.82 38.40 37.33 11.82 42.49 33.79 33.79 33.79 43.81 43.81 33.79 43.81 33.79 49.06 49.06 42.38 40.05 13.35 13.35 13.35 13.35 14.32 14.32 14.32 14.32 14.32 14.32 44.68 14.32 14.32 14.32 14.32 14.32 14.32 14.32 14.32 14.32 13.68 13.68 13.68 13.68 13.68 13.68 13.68
12.39 12.39 12.39 12.39 12.39 12.39 12.39 12.39 12.39 12.39 12.49 12.49 12.49 12.49 12.49 12.49 12.49 12.49 12.49 12.49 12.49 12.49 12.49 12.49 12.49 12.49 11.82 11.82 11.82 11.82 11.82 11.82 11.82 11.82 11.82 11.82 11.82 38.40 38.40 44.75 44.75 31.76 33.79 33.79 46.16 0.00 0.00 0.00 0.00 0.00 0.00 50.41 49.06 13.35 13.35 13.35 13.35 13.35 14.32 14.32 14.32 44.68 44.68 51.49 44.68 42.24 42.24 14.32 14.32 14.32 14.32 14.32 14.32 14.32 13.68 13.68 13.68 38.68 38.68 38.68 38.68
12.39 12.39 12.39 12.39 12.39 12.39 12.39 12.39 12.39 12.39 12.49 12.49 12.49 12.49 12.49 12.49 12.49 12.49 12.49 12.49 12.49 12.49 12.49 12.49 12.49 12.49 11.82 11.82 11.82 11.82 11.82 11.82 11.82 11.82 38.60 11.82 35.69 35.69 38.40 45.71 31.76 42.49 33.79 0.00 0.00 0.00 0.00 0.00 0.00 0.00 0.00 0.00 42.68 13.35 13.35 13.35 13.35 13.35 42.49 44.68 44.15 42.24 53.10 51.49 14.32 42.68 14.32 14.32 14.32 14.32 14.32 14.32 14.32 14.32 13.68 13.68 13.68 13.68 38.68 38.68 13.68
12.25 12.25 12.25 12.25 12.25 12.25 12.25 12.25 12.25 12.25 11.64 11.64 11.64 11.64 11.64 11.64 11.64 11.64 11.64 11.64 11.64 11.64 11.64 11.64 17.07 11.64 8.33 8.33 8.33 8.33 8.33 8.33 8.33 8.33 27.72 8.33 25.26 25.26 25.26 32.72 32.05 31.11 0.00 0.00 0.00 0.00 0.00 0.00 0.00 0.00 0.00 0.00 0.00 8.59 8.59 8.59 8.59 26.04 34.00 33.95 26.25 26.07 34.03 8.65 8.65 8.65 8.65 8.65 8.65 8.65 8.65 8.65 8.65 8.65 13.74 13.74 13.74 13.74 38.70 39.08 13.74
12.25 12.25 17.97 12.25 12.25 12.25 12.25 12.25 12.25 12.25 11.64 11.64 11.64 11.64 11.64 11.64 11.64 11.64 11.64 11.64 11.64 11.64 11.64 11.64 11.64 11.64 26.37 26.37 8.33 8.33 8.33 8.33 8.33 27.74 27.72 8.33 25.26 25.26 25.26 25.26 8.33 8.33 0.00 0.00 0.00 0.00 0.00 0.00 0.00 0.00 0.00 0.00 0.00 26.04 26.04 8.59 8.59 0.00 0.00 33.95 26.25 33.95 26.25 8.65 8.65 8.65 8.65 8.65 8.65 8.65 8.65 8.65 8.65 8.65 13.74 13.74 13.74 37.14 39.08 19.66 13.74
12.25 12.25 38.25 12.25 12.25 12.25 12.25 12.25 12.25 12.25 11.64 11.64 11.64 11.64 11.64 11.64 11.64 11.64 11.64 11.64 11.64 11.64 11.64 11.64 11.64 11.64 8.33 8.33 8.33 8.33 27.74 27.72 25.26 27.72 27.72 27.72 8.33 25.26 8.33 8.33 8.33 0.00 0.00 0.00 0.00 0.00 0.00 0.00 0.00 0.00 0.00 0.00 0.00 8.59 8.59 0.00 0.00 0.00 0.00 0.00 0.00 26.07 28.77 8.65 8.65 8.65 8.65 8.65 8.65 8.65 8.65 8.65 8.65 8.65 13.74 13.74 13.74 13.74 36.84 36.84 13.74
12.25 12.25 12.25 12.25 12.25 12.25 12.25 12.25 12.25 12.25 11.64 11.64 11.64 11.64 11.64 11.64 11.64 11.64 11.64 11.64 11.64 11.64 11.64 11.64 35.25 35.18 25.26 12.22 8.33 8.33 8.33 27.72 25.26 25.26 24.88 32.05 24.88 8.33 8.33 8.33 0.00 0.00 0.00 0.00 0.00 0.00 0.00 0.00 0.00 0.00 0.00 0.00 0.00 0.00 0.00 0.00 0.00 0.00 0.00 0.00 0.00 8.65 28.77 28.77 8.65 8.65 8.65 8.65 8.65 8.65 8.65 8.65 8.65 8.65 13.74 13.74 13.74 13.74 13.74 13.74 13.74
12.25 12.25 12.25 12.25 12.25 12.25 12.25 12.25 12.25 12.25 11.64 11.64 11.64 11.64 11.64 11.64 11.64 11.64 11.64 11.64 11.64 11.64 11.64 11.64 11.64 38.03 25.26 12.22 12.22 25.26 25.26 32.72 31.11 31.11 32.05 31.11 0.00 0.00 0.00 0.00 0.00 0.00 0.00 0.00 0.00 0.00 0.00 0.00 0.00 0.00 0.00 0.00 0.00 0.00 0.00 0.00 0.00 0.00 0.00 0.00 0.00 0.00 8.65 8.65 8.65 8.65 8.65 8.65 8.65 8.65 8.65 8.65 8.65 8.65 13.74 13.74 13.74 13.74 13.74 13.74 13.74
12.25 12.25 12.25 12.25 12.25 12.25 12.25 12.25 12.25 12.25 11.64 11.64 11.64 11.64 11.64 11.64 11.64 11.64 11.64 11.64 11.64 11.64 11.64 17.07 11.64 44.44 25.26 26.70 31.11 31.11 31.11 0.00 0.00 0.00 0.00 0.00 0.00 0.00 0.00 0.00 0.00 0.00 0.00 0.00 0.00 0.00 0.00 0.00 0.00 0.00 0.00 0.00 0.00 0.00 0.00 0.00 0.00 0.00 0.00 0.00 0.00 8.65 8.65 8.65 8.65 8.65 8.65 8.65 8.65 8.65 8.65 8.65 8.65 8.65 13.74 13.74 13.74 13.74 13.73 13.73 13.73
12.25 12.25 12.25 12.25 12.25 12.25 12.25 12.25 12.25 12.25 11.64 11.64 11.64 11.64 11.64 11.64 11.64 11.64 11.64 11.64 11.64 11.64 11.64 35.18 35.18 44.14 31.11 31.11 0.00 0.00 0.00 0.00 0.00 0.00 0.00 0.00 0.00 0.00 0.00 0.00 0.00 0.00 0.00 0.00 0.00 0.00 0.00 0.00 0.00 0.00 0.00 0.00 0.00 0.00 0.00 0.00 0.00 0.00 0.00 0.00 0.00 8.65 8.65 26.25 8.65 8.65 27.48 28.82 8.65 8.65 8.65 8.65 8.65 8.65 13.74 13.73 13.73 13.73 13.73 13.73 13.73
12.25 12.25 12.25 12.25 12.25 12.25 12.25 12.25 12.25 12.25 11.64 11.64 11.64 11.64 11.64 11.64 11.64 11.64 11.64 11.64 11.64 11.64 17.07 35.18 31.44 40.18 0.00 0.00 0.00 0.00 0.00 0.00 0.00 0.00 0.00 0.00 0.00 0.00 0.00 0.00 0.00 0.00 0.00 0.00 0.00 0.00 0.00 0.00 0.00 0.00 0.00 0.00 0.00 0.00 0.00 0.00 0.00 0.00 0.00 0.00 0.00 0.00 0.00 0.00 0.00 31.92 31.92 28.82 26.25 28.82 26.25 8.65 8.65 8.65 13.74 13.73 13.73 13.73 13.73 13.73 13.73
12.25 12.25 12.25 12.25 12.25 12.25 12.25 12.25 12.25 12.25 11.64 11.64 11.64 11.64 11.64 11.64 11.64 38.03 11.64 11.64 11.64 17.07 35.25 35.18 40.18 0.00 0.00 0.00 0.00 0.00 0.00 0.00 0.00 0.00 0.00 0.00 0.00 0.00 0.00 0.00 0.00 0.00 0.00 0.00 0.00 0.00 0.00 0.00 0.00 0.00 0.00 0.00 0.00 0.00 0.00 0.00 0.00 0.00 0.00 0.00 0.00 0.00 0.00 0.00 0.00 0.00 31.92 25.76 26.25 28.82 26.25 26.25 26.25 8.65 13.74 13.73 13.73 13.73 13.73 13.73 13.73
12.25 12.25 12.25 12.25 12.25 12.25 12.25 12.25 12.25 12.25 11.64 11.64 11.64 11.64 11.64 11.64 11.64 38.03 35.25 11.64 38.03 38.03 35.25 35.18 44.14 0.00 0.00 0.00 0.00 0.00 0.00 0.00 0.00 0.00 0.00 0.00 0.00 0.00 0.00 0.00 0.00 0.00 0.00 0.00 0.00 0.00 0.00 0.00 0.00 0.00 0.00 0.00 0.00 0.00 0.00 0.00 0.00 0.00 0.00 0.00 0.00 0.00 0.00 0.00 0.00 0.00 0.00 31.92 8.65 28.77 28.77 26.25 26.25 26.25 43.03 13.73 13.73 13.73 13.73 13.73 13.73
12.25 12.25 12.25 12.25 12.25 12.25 12.25 12.25 12.25 12.25 11.64 11.64 11.64 11.64 11.64 11.64 11.64 11.64 11.64 35.25 38.03 38.03 11.64 11.64 35.25 0.00 0.00 0.00 0.00 0.00 0.00 0.00 0.00 0.00 0.00 0.00 0.00 0.00 0.00 0.00 0.00 0.00 0.00 0.00 0.00 0.00 0.00 0.00 0.00 0.00 0.00 0.00 0.00 0.00 0.00 0.00 0.00 0.00 0.00 0.00 0.00 0.00 0.00 0.00 0.00 0.00 0.00 33.01 25.76 33.01 26.07 26.25 26.25 26.25 49.64 38.25 13.73 13.73 13.73 13.73 13.73
12.25 12.25 12.25 12.25 12.25 12.25 12.25 12.25 12.25 12.25 11.64 11.64 11.64 11.64 36.84 11.64 11.64 11.64 11.64 38.03 35.25 38.03 11.64 11.64 11.64 0.00 0.00 0.00 0.00 0.00 0.00 0.00 0.00 0.00 0.00 0.00 0.00 0.00 0.00 0.00 0.00 0.00 0.00 0.00 0.00 0.00 0.00 0.00 0.00 0.00 0.00 0.00 0.00 0.00 0.00 0.00 0.00 0.00 0.00 0.00 0.00 0.00 0.00 0.00 0.00 0.00 0.00 0.00 25.76 25.76 33.95 33.95 26.07 26.07 49.64 43.81 13.73 13.73 13.73 13.73 13.73
12.25 12.25 12.25 12.25 12.25 12.25 12.25 12.25 12.25 12.25 11.64 11.64 11.64 11.64 11.64 11.64 11.64 11.64 11.64 11.64 35.25 32.44 45.26 1.13 0.00 0.00 0.00 0.00 0.00 0.00 0.00 0.00 0.00 0.00 0.00 0.00 0.00 0.00 0.00 0.00 0.00 0.00 0.00 0.00 0.00 0.00 0.00 0.00 0.00 0.00 0.00 0.00 0.00 0.00 0.00 0.00 0.00 0.00 0.00 0.00 0.00 0.00 0.00 0.00 0.00 0.00 0.00 0.00 33.01 25.76 31.92 26.07 34.03 28.77 43.16 13.73 13.73 13.73 13.73 13.73 13.73
12.25 12.25 12.25 12.25 12.25 12.25 12.25 12.25 12.25 12.25 11.64 11.64 11.64 11.64 11.64 11.64 35.25 11.64 11.64 11.64 11.64 44.44 0.00 0.00 0.00 0.00 0.00 0.00 0.00 0.00 0.00 0.00 0.00 0.00 0.00 0.00 0.00 0.00 0.00 0.00 0.00 0.00 0.00 0.00 0.00 0.00 0.00 0.00 0.00 0.00 0.00 0.00 0.00 0.00 0.00 0.00 0.00 0.00 0.00 0.00 0.00 0.00 0.00 0.00 0.00 0.00 0.00 0.00 0.00 31.92 31.92 25.76 26.25 26.25 13.73 13.73 13.73 13.73 13.73 13.73 13.73
