New_Model_Runs/6_FutureClimate_RCP45_out/post_prcessed_with_MFR/net_infiltration_annual.asc
NCOLS 700
NROWS 400
XLLCENTER 515000.000000
YLLCENTER 8409000.000000
CELLSIZE 50.000000
NODATA_value -999.000000
[rows 175 to 209 of 400, columns 234 to 311 of 700]
0.00 0.00 0.00 0.00 0.00 0.00 0.00 0.00 0.00 0.00 0.00 0.00 0.00 0.00 0.00 0.00 0.00 0.00 0.00 0.00 0.00 0.00 0.00 0.00 0.00 0.00 0.00 0.00 0.00 102.31 101.57 101.57 101.57 85.39 84.56 84.56 84.56 84.56 86.23 86.23 86.23 86.23 86.06 86.06 86.06 86.06 88.14 88.14 88.14 88.14 88.39 88.39 88.39 88.39 93.36 93.36 121.53 159.61 106.82 112.91 115.57 100.88 109.66 107.00 126.08 116.38 121.54 116.38 116.90 107.10 92.57 92.57 92.57 92.57 92.73 104.42 114.05 114.05
0.00 0.00 0.00 0.00 0.00 0.00 0.00 0.00 0.00 0.00 0.00 0.00 0.00 0.00 0.00 0.00 0.00 0.00 0.00 0.00 0.00 0.00 0.00 0.00 0.00 0.00 0.00 0.00 0.00 102.25 101.50 101.50 101.50 101.50 83.84 83.84 83.84 83.84 94.86 85.99 85.99 85.99 87.39 87.39 112.29 112.29 114.63 114.63 88.39 88.39 89.04 89.04 89.93 115.67 122.14 122.14 122.14 146.88 104.16 104.93 107.59 98.22 107.10 104.34 104.34 116.38 121.54 116.38 116.38 121.54 92.28 92.28 92.28 92.28 91.96 91.96 120.52 120.52
0.00 0.00 0.00 0.00 0.00 0.00 0.00 0.00 0.00 0.00 0.00 0.00 0.00 0.00 0.00 0.00 0.00 0.00 0.00 0.00 0.00 0.00 0.00 0.00 0.00 0.00 0.00 0.00 0.00 102.25 101.50 101.50 101.50 101.50 99.72 92.51 83.84 83.84 96.15 85.99 85.99 85.99 87.39 112.29 112.29 112.29 114.63 114.63 88.39 88.39 89.04 115.67 89.93 115.67 96.96 124.80 124.88 167.60 137.15 116.38 107.59 81.67 107.10 104.34 104.34 93.56 93.37 93.37 121.54 93.37 92.28 92.28 92.28 92.28 91.96 91.96 91.96 91.96
0.00 0.00 0.00 0.00 0.00 0.00 0.00 0.00 0.00 0.00 0.00 0.00 0.00 0.00 0.00 0.00 0.00 0.00 0.00 0.00 0.00 0.00 112.02 0.00 0.00 0.00 0.00 0.00 111.77 111.77 110.99 110.99 110.99 110.99 109.03 109.03 109.03 91.95 91.71 91.71 91.71 91.71 93.15 121.70 121.70 121.70 124.79 135.07 124.79 124.79 125.92 125.92 125.92 130.38 130.57 133.23 133.29 183.63 127.97 125.02 125.31 125.31 143.74 111.22 98.73 98.73 98.44 98.44 98.44 98.44 98.25 98.25 109.55 98.25 97.96 97.96 97.96 97.96
0.00 0.00 0.00 0.00 0.00 0.00 0.00 0.00 67.60 57.42 63.98 0.00 0.00 0.00 0.00 0.00 0.00 0.00 0.00 0.00 0.00 106.65 112.02 112.02 0.00 0.00 0.00 111.77 111.77 111.77 110.99 110.99 110.99 110.99 109.03 109.03 109.03 109.03 91.71 91.71 91.71 91.71 93.15 121.70 121.70 121.70 124.79 124.79 124.79 135.07 125.92 125.92 125.92 95.76 98.87 130.57 137.16 175.95 125.31 125.02 125.02 125.31 125.02 125.31 98.73 98.73 98.44 98.44 98.44 98.44 98.25 98.25 109.35 98.25 97.96 97.96 97.96 108.57
0.00 0.00 0.00 0.00 0.00 0.00 0.00 0.00 100.76 106.25 106.08 106.08 0.00 0.00 57.42 0.00 106.32 106.32 106.71 106.71 106.71 106.71 111.97 111.97 121.39 121.39 112.15 112.15 129.45 112.15 111.48 111.48 111.48 111.48 109.83 119.33 109.83 109.83 111.21 111.21 92.41 92.41 93.61 122.38 122.38 122.38 124.89 135.18 124.89 124.89 126.26 126.26 95.98 95.98 97.50 125.31 127.97 170.40 127.97 145.17 125.31 125.02 125.31 125.02 98.84 108.38 98.19 107.83 107.83 98.19 97.60 97.60 97.60 97.60 97.78 97.78 97.78 97.78
0.00 0.00 0.00 0.00 0.00 0.00 0.00 0.00 99.21 106.25 106.08 106.08 106.08 0.00 106.32 106.32 116.13 106.32 106.71 106.71 106.71 117.01 111.97 111.97 111.97 111.97 112.15 121.59 112.15 112.15 111.48 111.48 111.48 111.48 109.83 109.83 109.83 109.83 111.21 111.21 111.21 92.41 93.61 93.61 122.38 122.38 124.89 124.89 124.89 124.89 95.98 95.98 95.98 95.98 125.02 125.02 125.31 136.54 170.69 127.97 139.97 125.31 136.54 125.31 98.84 98.84 98.19 98.19 98.19 98.19 97.60 97.60 108.76 113.70 107.43 97.78 97.78 97.78
0.00 0.00 0.00 0.00 0.00 0.00 100.76 100.76 99.21 99.21 106.08 106.08 106.08 118.56 106.32 106.32 106.32 106.32 106.71 106.71 116.56 106.71 111.97 111.97 111.97 111.97 112.15 112.15 121.59 112.15 111.48 111.48 111.48 111.48 109.83 109.83 109.83 109.83 111.21 111.21 111.21 111.21 112.69 93.61 122.38 122.38 95.07 95.07 95.07 95.07 95.98 95.98 95.98 126.26 125.31 125.02 125.31 125.31 163.75 111.22 111.22 114.57 125.31 125.31 114.57 98.84 98.19 98.19 98.19 98.19 97.60 97.60 97.60 97.60 97.78 97.78 97.78 97.78
0.00 0.00 0.00 0.00 0.00 111.74 100.76 100.76 99.21 99.21 106.08 106.08 115.77 106.08 106.32 116.02 106.32 106.32 106.71 106.71 106.71 106.71 111.97 111.97 111.97 111.97 112.15 112.15 112.15 112.15 111.48 111.48 111.48 111.48 109.83 109.83 109.83 109.83 111.21 111.21 111.21 111.21 112.69 112.69 93.61 93.61 95.07 95.07 95.07 95.07 95.98 95.98 95.98 126.26 97.50 97.50 148.83 112.72 121.04 97.53 97.53 114.57 111.22 125.31 125.02 98.84 98.19 98.19 98.19 98.19 108.04 97.60 97.60 97.60 97.78 97.78 97.78 97.78
0.00 0.00 0.00 99.43 111.46 99.43 100.72 99.17 99.17 99.17 105.70 105.70 105.70 105.70 105.85 105.85 105.85 105.85 106.33 106.33 116.14 106.33 111.60 111.60 111.60 111.60 111.76 111.76 111.76 111.76 111.51 120.88 111.51 111.51 110.52 110.52 110.52 110.52 112.00 112.00 112.00 112.00 112.05 112.05 112.05 112.05 94.69 94.69 94.69 94.69 95.90 95.90 126.14 144.18 108.80 97.34 66.92 120.94 121.04 108.96 97.49 114.57 114.57 126.44 125.31 130.46 137.99 128.83 98.00 98.00 97.81 97.81 97.81 97.81 96.67 96.67 96.67 96.67
0.00 0.00 99.43 99.43 116.85 99.43 100.72 99.17 108.33 99.17 98.67 105.70 105.70 105.70 105.85 105.85 105.85 105.85 106.33 106.33 106.33 106.33 111.60 120.97 111.60 111.60 111.76 111.76 111.76 111.76 111.51 111.51 111.51 121.04 110.52 110.52 110.52 110.52 112.00 112.00 112.00 112.00 112.05 112.05 112.05 112.05 114.39 94.69 94.69 94.69 95.90 126.14 126.14 95.90 97.34 97.34 97.34 112.72 125.02 129.60 97.49 114.57 114.57 114.57 114.57 130.46 128.83 98.00 98.00 98.00 97.81 97.81 97.81 97.81 96.67 96.67 96.67 96.67
0.00 0.00 120.69 99.43 111.46 99.43 100.72 99.17 108.33 99.17 98.67 105.70 115.43 105.70 105.85 105.85 105.85 105.85 106.33 106.33 106.33 106.33 111.60 111.60 111.60 111.60 111.76 111.76 111.76 111.76 111.51 111.51 111.51 111.51 110.52 110.52 110.52 110.52 112.00 112.00 112.00 121.85 112.05 112.05 112.05 112.05 114.39 114.39 94.69 94.69 104.79 126.14 126.14 116.48 108.80 97.34 129.39 140.77 136.99 125.31 102.52 114.57 98.79 108.50 98.79 98.79 98.00 98.00 98.00 98.00 97.81 97.81 97.81 108.25 96.67 96.67 96.67 96.67
0.00 99.28 99.43 99.43 99.43 99.43 99.17 99.17 99.17 99.17 98.67 105.70 105.70 115.38 105.85 105.85 105.85 105.85 106.33 106.33 106.33 106.33 111.60 128.23 111.60 111.60 111.76 111.76 111.76 111.76 111.51 111.51 111.51 111.51 110.52 110.52 110.52 110.52 112.00 112.00 112.00 112.00 112.05 112.05 112.05 112.05 114.39 114.39 114.39 123.35 95.90 126.14 95.90 105.17 97.34 97.34 129.39 125.02 125.31 125.02 129.60 108.74 98.79 98.79 98.79 98.79 98.00 98.00 106.81 98.00 101.80 136.93 136.93 161.03 96.67 96.67 96.67 96.67
0.00 99.29 99.14 99.14 99.14 99.14 99.20 99.20 108.36 99.20 98.47 98.47 105.50 105.50 105.18 105.18 105.18 105.18 105.56 105.56 105.56 115.27 110.99 110.99 120.71 110.99 110.59 110.59 110.59 122.45 109.67 109.67 109.67 109.67 108.93 108.93 108.93 108.93 111.45 111.45 111.45 111.45 111.86 111.86 111.86 111.86 113.36 133.18 113.36 113.36 114.18 94.93 104.02 94.93 98.14 98.14 107.78 98.14 98.39 129.85 129.85 98.39 107.01 98.19 98.19 107.01 96.15 96.15 96.15 96.15 134.73 143.89 99.24 134.73 135.83 97.22 97.22 97.22
0.00 99.29 99.14 99.14 99.14 99.14 99.20 99.20 99.20 99.20 98.47 98.47 105.50 105.50 105.18 105.18 114.85 105.18 105.56 105.56 105.56 105.56 110.99 120.71 110.99 110.99 110.59 110.59 110.59 110.59 119.15 109.67 109.67 109.67 108.93 108.93 118.93 108.93 111.45 111.45 111.45 111.45 111.86 111.86 111.86 111.86 122.37 113.36 113.36 113.36 114.18 114.18 114.18 94.93 98.14 98.14 98.14 98.14 98.39 98.39 98.39 98.39 98.19 98.19 98.19 98.19 96.15 96.15 96.15 96.15 134.73 134.73 134.73 134.73 97.22 97.22 97.22 97.22
130.64 99.29 99.14 99.14 99.14 98.04 99.20 99.20 99.20 99.20 98.47 98.47 98.47 105.50 105.18 105.18 105.18 105.18 105.56 105.56 105.56 105.56 110.99 110.99 120.71 110.99 110.59 110.59 110.59 110.59 109.67 109.67 109.67 109.67 108.93 108.93 108.93 118.93 111.45 123.82 111.45 111.45 121.69 111.86 111.86 111.86 113.36 113.36 113.36 113.36 114.18 114.18 114.18 114.18 98.14 98.14 98.14 98.14 98.39 98.39 98.39 98.39 98.19 98.19 98.19 98.19 96.15 96.15 96.15 133.88 134.73 134.73 134.73 134.73 97.22 97.22 97.22 97.22
126.97 99.29 99.14 99.14 99.14 98.04 99.20 99.20 111.88 99.20 107.56 98.47 119.04 105.50 105.18 105.18 105.18 105.18 105.56 105.56 105.56 115.05 110.99 110.99 110.99 110.99 110.59 110.59 110.59 110.59 109.67 109.67 109.67 109.67 118.58 108.93 108.93 108.93 111.45 111.45 121.23 111.45 111.86 111.86 111.86 121.69 113.36 113.36 113.36 122.48 114.18 114.18 114.18 114.18 115.83 115.83 98.14 98.14 98.39 98.39 98.39 98.39 98.19 98.19 98.19 98.19 96.15 96.15 133.88 133.88 134.73 134.73 134.73 96.59 97.22 97.22 97.22 105.88
126.64 126.64 99.24 99.24 98.15 98.15 98.93 98.93 108.06 107.96 98.45 98.45 98.45 105.47 105.04 105.04 105.04 105.04 104.89 104.89 104.89 104.89 109.65 122.58 109.65 109.65 118.24 108.31 108.31 108.31 107.19 107.19 107.19 107.19 107.73 117.53 107.73 107.73 111.31 111.31 111.31 111.31 112.04 112.04 112.04 112.04 112.30 112.30 112.30 112.30 112.60 112.60 112.60 112.60 115.28 115.28 115.28 96.99 96.96 96.96 96.96 96.96 95.89 95.89 95.89 95.89 94.99 131.65 131.65 131.65 135.40 135.40 135.40 96.96 97.82 97.82 97.82 106.67
126.64 126.64 99.24 99.24 106.58 98.15 98.93 98.93 98.93 98.93 98.45 109.36 98.45 98.45 105.04 105.04 105.04 105.04 104.89 104.89 104.89 104.89 109.65 120.92 109.65 109.65 108.31 108.31 108.31 108.31 107.19 107.19 107.19 107.19 107.73 107.73 107.73 107.73 111.31 111.31 111.31 111.31 112.04 112.04 112.04 112.04 112.30 112.30 112.30 122.79 112.60 112.60 112.60 112.60 115.28 115.28 115.28 115.28 115.25 96.96 96.96 96.96 95.89 95.89 133.44 133.44 94.99 131.65 131.65 131.65 135.40 135.40 135.40 96.96 97.82 97.82 115.33 97.82
143.22 143.22 110.47 110.47 108.33 108.33 107.78 107.78 107.78 107.78 107.30 107.30 116.29 107.30 113.50 113.50 113.50 113.50 113.28 113.28 113.28 113.28 116.52 127.34 116.52 116.52 115.15 115.15 125.80 115.15 113.93 113.93 124.42 113.93 114.49 114.49 114.49 114.49 114.05 114.05 114.05 114.05 114.78 114.78 114.78 114.78 115.04 115.04 115.04 115.04 115.34 115.34 115.34 115.34 114.66 114.66 114.66 114.66 114.63 114.63 96.78 96.78 95.66 133.95 133.95 133.95 132.55 132.55 132.55 132.55 136.33 136.33 136.33 101.26 98.49 108.36 98.49 98.49
143.22 143.22 194.80 108.33 108.33 108.33 107.78 107.78 107.78 107.78 107.30 107.30 107.30 107.30 106.86 113.50 113.50 113.50 113.28 113.28 113.28 113.28 116.52 116.52 126.93 116.52 115.15 115.15 115.15 115.15 113.93 113.93 113.93 113.93 114.49 114.49 114.49 114.49 114.05 114.05 114.05 114.05 114.78 114.78 114.78 114.78 115.04 115.04 115.04 115.04 115.34 115.34 115.34 115.34 114.66 114.66 114.66 114.66 114.63 114.63 114.63 96.78 133.95 133.95 133.95 95.66 95.18 132.55 132.55 95.18 98.25 136.33 136.33 136.33 98.49 98.49 119.94 98.49
143.91 143.91 211.13 116.48 108.73 108.73 107.94 107.94 107.94 107.94 107.11 107.11 107.11 107.11 115.95 124.21 113.54 127.49 123.72 123.72 123.72 113.10 114.87 114.87 114.87 114.87 113.56 113.56 124.01 113.56 115.03 115.03 115.03 115.03 117.10 117.10 117.10 117.10 115.88 115.88 115.88 115.88 115.96 115.96 115.96 115.96 115.99 115.99 115.99 115.99 116.09 116.09 116.09 116.09 114.49 114.49 114.49 114.49 113.38 113.38 113.38 113.38 113.25 95.73 95.73 95.73 95.44 95.44 95.44 95.44 136.84 136.84 136.84 136.84 98.75 112.45 98.75 98.75
143.91 143.91 110.86 108.73 108.73 116.45 116.45 107.94 107.94 107.94 107.11 107.11 107.11 107.11 106.90 113.54 113.54 113.54 113.10 113.10 113.10 123.74 114.87 114.87 114.87 114.87 113.56 113.56 113.56 113.56 115.03 115.03 115.03 115.03 117.10 117.10 117.10 117.10 115.88 115.88 115.88 115.88 115.96 115.96 115.96 115.96 115.99 115.99 115.99 115.99 116.09 116.09 116.09 116.09 114.49 114.49 114.49 114.49 113.38 113.38 113.38 113.38 113.25 113.25 95.73 95.73 95.44 95.44 95.44 95.44 136.84 136.84 136.84 136.84 103.35 103.35 98.75 98.75
143.91 183.98 108.73 108.73 108.73 108.73 107.94 107.94 107.94 107.94 107.11 107.11 107.11 107.11 106.90 106.90 113.54 113.54 113.10 113.10 113.10 123.74 114.87 114.87 114.87 114.87 113.56 113.56 113.56 113.56 115.03 115.03 115.03 115.03 117.10 117.10 117.10 117.10 115.88 115.88 115.88 115.88 115.96 115.96 115.96 115.96 115.99 115.99 115.99 115.99 116.09 116.09 116.09 116.09 114.49 114.49 114.49 114.49 113.38 113.38 113.38 113.38 113.25 113.25 113.25 113.25 95.44 95.44 95.44 95.44 136.84 136.84 98.13 136.84 137.87 137.87 98.75 98.75
110.75 110.75 108.73 108.73 108.73 108.73 107.94 107.94 107.94 107.94 107.11 107.11 107.11 107.11 106.90 106.90 113.54 113.54 113.10 113.10 113.10 113.10 114.87 114.87 114.87 114.87 124.01 113.56 113.56 113.56 115.03 115.03 115.03 115.03 117.10 117.10 117.10 117.10 115.88 115.88 115.88 115.88 115.96 115.96 115.96 115.96 115.99 115.99 115.99 115.99 116.09 116.09 116.09 116.09 114.49 114.49 114.49 114.49 113.38 113.38 113.38 113.38 113.25 113.25 113.25 113.25 112.90 95.44 95.44 95.44 98.13 98.13 98.13 98.13 98.75 98.75 98.75 98.75
111.19 111.19 109.06 116.84 109.06 109.06 108.31 108.31 108.31 108.31 107.39 107.39 107.39 107.39 106.93 106.93 106.93 113.58 112.55 112.55 112.55 112.55 113.90 113.90 113.90 113.90 133.06 114.47 114.47 114.47 116.80 116.80 116.80 116.80 118.19 118.19 118.19 118.19 116.75 116.75 116.75 116.75 116.50 116.50 116.50 116.50 116.95 116.95 116.95 116.95 117.05 117.05 117.05 117.05 115.34 115.34 115.34 115.34 113.81 113.81 124.52 113.81 113.39 113.39 123.07 113.39 113.19 113.19 113.19 95.68 99.02 99.02 99.02 99.02 99.60 99.60 99.60 99.60
111.19 116.93 109.06 109.06 116.84 116.82 125.94 116.87 108.31 108.31 107.39 107.39 107.39 107.39 106.93 106.93 106.93 113.58 112.55 112.55 112.55 112.55 113.90 124.39 124.39 113.90 114.47 114.47 114.47 114.47 116.80 116.80 116.80 116.80 118.19 118.19 118.19 118.19 116.75 116.75 116.75 116.75 116.50 116.50 116.50 116.50 116.95 116.95 116.95 116.95 117.05 117.05 117.05 117.05 115.34 115.34 125.45 115.34 124.52 124.52 113.81 113.81 113.39 113.39 113.39 113.39 113.19 113.19 150.21 113.19 99.02 99.02 99.02 99.02 99.60 99.60 99.60 99.60
111.19 109.15 109.06 109.06 109.06 109.06 108.31 108.31 116.87 125.48 116.38 107.39 107.39 107.39 106.93 106.93 106.93 113.58 112.55 112.55 112.55 112.55 113.90 113.90 113.90 113.90 114.47 114.47 114.47 114.47 116.80 116.80 116.80 116.80 118.19 118.19 118.19 150.67 116.75 116.75 116.75 116.75 116.50 116.50 116.50 116.50 116.95 116.95 116.95 116.95 117.05 117.05 117.05 126.84 115.34 115.34 115.34 115.34 113.81 113.81 113.81 113.81 113.39 113.39 113.39 113.39 113.19 113.19 150.21 113.19 116.54 99.02 99.02 99.02 99.60 99.60 99.60 99.60
111.19 109.15 109.06 109.06 109.06 109.06 108.31 116.80 108.31 116.80 107.39 116.38 107.39 116.28 106.93 115.99 106.93 106.93 112.55 124.78 124.78 123.01 113.90 113.90 113.90 113.90 114.47 114.47 114.47 114.47 116.80 127.12 116.80 116.80 118.19 118.19 118.19 150.67 171.48 116.75 116.75 116.75 116.50 116.50 116.50 116.50 116.95 116.95 116.95 116.95 117.05 148.65 117.05 117.05 115.34 115.34 115.34 115.34 113.81 113.81 113.81 113.81 123.07 113.39 113.39 113.39 113.19 113.19 113.19 113.19 116.54 116.54 116.54 99.02 99.60 99.60 109.59 99.60
136.73 123.82 116.65 108.89 108.89 108.89 108.02 108.02 108.02 108.02 107.17 116.14 116.14 107.17 106.68 106.68 106.68 128.49 112.14 112.14 112.14 112.14 113.62 113.62 113.62 113.62 115.41 115.41 115.41 115.41 117.73 117.73 117.73 117.73 118.48 118.48 118.48 151.32 149.32 117.51 127.52 117.51 117.55 117.55 117.55 117.55 117.66 117.66 117.66 149.54 148.34 121.37 116.84 116.84 114.86 114.86 114.86 114.86 113.55 113.55 113.55 113.55 122.90 113.24 113.24 113.24 113.24 113.24 113.24 113.24 117.13 117.13 117.13 117.13 100.09 100.09 100.09 100.09
108.93 108.93 108.89 108.89 123.25 108.89 108.02 108.02 108.02 108.02 107.17 107.17 116.14 107.17 106.68 106.68 106.68 115.71 105.85 112.14 112.14 112.14 113.62 113.62 113.62 113.62 126.09 115.41 115.41 115.41 117.73 117.73 117.73 117.73 118.48 118.48 151.32 151.32 161.06 117.51 117.51 117.51 117.55 117.55 149.38 117.55 117.66 117.66 149.54 149.54 159.40 116.84 116.84 116.84 114.86 114.86 114.86 114.86 113.55 113.55 113.55 113.55 113.24 113.24 113.24 113.24 113.24 113.24 113.24 113.24 117.13 117.13 117.13 117.13 117.46 117.46 100.09 100.09
123.95 108.93 108.89 108.89 108.89 108.89 108.02 108.02 108.02 108.02 107.17 107.17 107.17 107.17 106.68 106.68 106.68 106.68 105.85 112.14 112.14 112.14 113.62 113.62 113.62 113.62 115.41 115.41 115.41 115.41 117.73 117.73 117.73 117.73 118.48 118.48 151.32 151.32 149.32 117.51 117.51 117.51 117.55 149.38 149.38 149.38 149.54 149.54 149.54 149.54 116.84 116.84 126.86 116.84 114.86 114.86 125.64 114.86 113.55 113.55 124.24 113.55 113.24 113.24 113.24 113.24 113.24 113.24 113.24 113.24 117.13 117.13 117.13 117.13 117.46 141.19 117.46 100.09
108.93 108.93 108.89 108.89 108.89 108.89 116.41 108.02 108.02 116.35 107.17 107.17 107.17 107.17 106.68 106.68 106.68 106.68 105.85 112.14 112.14 112.14 113.62 113.62 113.62 113.62 115.41 115.41 115.41 115.41 117.73 117.73 117.73 117.73 118.48 118.48 151.32 151.32 149.32 149.32 117.51 117.51 117.55 149.38 149.38 149.38 149.54 149.54 160.73 117.66 116.84 116.84 116.84 116.84 114.86 114.86 114.86 114.86 113.55 113.55 124.24 123.80 113.24 113.24 113.24 113.24 113.24 113.24 113.24 113.24 117.13 117.13 117.13 117.13 117.46 117.46 117.46 117.46
116.87 109.10 107.97 107.97 107.97 107.97 107.48 107.48 116.48 107.48 107.04 107.04 107.04 107.04 106.45 106.45 106.45 106.45 105.37 105.37 111.39 111.39 113.80 113.80 113.80 113.80 117.04 117.04 117.04 117.04 118.20 118.20 118.20 118.20 118.45 118.45 151.54 151.54 149.98 149.98 117.97 117.97 149.87 149.87 237.18 149.87 148.39 184.53 126.90 116.87 116.04 116.04 116.04 116.04 114.26 114.26 114.26 114.26 113.22 113.22 113.22 113.22 113.58 113.58 113.58 113.58 113.91 113.91 113.91 113.91 117.28 117.28 117.28 117.28 117.89 117.89 117.89 117.89
109.10 109.10 107.97 107.97 107.97 107.97 107.48 107.48 116.59 116.39 107.04 116.01 116.01 121.64 116.27 106.45 106.45 106.45 105.37 126.67 111.39 111.39 113.80 113.80 113.80 113.80 117.04 117.04 117.04 117.04 118.20 118.20 118.20 118.20 118.45 118.45 151.54 151.54 149.98 149.98 149.98 149.98 149.87 237.18 247.23 149.87 148.39 116.87 116.87 129.98 116.04 116.04 116.04 116.04 114.26 114.26 114.26 114.26 113.22 113.22 113.22 113.22 113.58 113.58 113.58 113.58 113.91 113.91 113.91 113.91 117.28 117.28 117.28 117.28 117.89 117.89 117.89 117.89
