New_Model_Runs/6_FutureClimate_RCP45_out/post_prcessed_with_MFR/runoff_annual.asc
NCOLS 700
NROWS 400
XLLCENTER 515000.000000
YLLCENTER 8409000.000000
CELLSIZE 50.000000
NODATA_value -999.000000
[rows 252 to 287 of 400, columns 243 to 323 of 700]
35.63 41.74 37.09 37.09 41.74 41.74 65.81 65.81 37.09 60.33 41.74 41.74 35.63 30.33 35.73 31.62 31.62 35.73 30.33 30.33 35.73 76.02 76.02 35.73 35.73 32.45 30.33 30.33 24.67 6.97 5.34 3.30 28.93 7.42 28.93 3.30 28.93 28.93 28.93 3.30 28.93 28.93 28.93 28.93 9.37 7.81 7.81 7.81 2.60 7.81 25.42 28.22 28.22 10.23 28.22 28.22 28.22 12.87 36.70 36.70 36.70 33.69 33.69 33.69 33.69 33.69 33.69 33.69 33.69 33.69 11.57 11.57 11.57 11.57 11.57 11.57 0.00 0.00 0.00 0.00 0.00
37.09 41.74 41.74 37.09 41.74 37.09 37.09 65.81 65.81 41.74 60.33 37.09 35.63 30.33 30.33 57.16 32.80 32.70 30.33 35.73 30.33 30.33 35.73 35.73 35.73 35.73 30.33 50.90 29.72 25.12 9.37 6.97 3.30 28.93 28.93 3.30 28.93 28.93 9.37 3.30 9.37 9.37 9.37 28.93 9.37 25.42 7.81 7.81 2.60 7.81 35.83 28.22 28.22 28.22 28.22 28.22 28.22 28.22 12.87 12.87 36.70 33.69 33.69 33.69 33.69 33.69 33.69 33.69 33.69 33.69 11.57 11.57 11.57 11.57 11.57 11.57 11.57 0.00 0.00 0.00 0.00
41.74 41.74 41.74 41.74 41.74 65.81 41.74 41.74 65.81 41.74 65.81 37.09 41.74 35.73 30.33 30.33 31.62 31.62 30.33 30.33 30.33 30.33 30.33 76.02 76.02 35.73 50.90 50.90 50.90 43.87 3.30 5.34 9.37 28.93 28.93 28.93 28.93 28.93 28.93 9.37 3.30 9.37 28.93 28.93 38.11 7.81 7.81 7.81 2.60 10.23 10.23 28.22 10.23 28.22 28.22 28.22 28.22 28.22 28.22 12.87 36.70 33.69 33.69 33.69 33.69 33.69 33.69 33.69 26.94 26.94 33.69 33.69 33.69 11.57 11.57 11.57 11.57 10.70 157.98 0.00 0.00
41.74 41.74 37.09 37.09 37.09 65.81 37.09 37.09 41.74 41.74 35.63 41.74 41.74 31.62 30.33 30.33 30.33 31.62 31.62 30.33 30.33 50.05 30.33 30.33 35.73 76.02 50.90 5.18 6.77 3.30 3.30 9.37 2.47 2.45 2.45 28.93 28.93 12.91 28.93 12.91 9.37 3.30 28.93 12.91 9.37 25.42 5.73 2.60 7.81 10.23 10.23 28.22 28.22 10.23 28.22 28.22 10.23 28.22 28.22 36.70 12.87 33.69 11.57 11.57 11.57 11.57 11.57 11.57 11.57 11.57 11.57 11.57 11.57 11.57 11.57 11.57 11.57 10.70 10.70 10.70 10.70
37.09 35.63 41.74 41.74 65.81 65.81 41.74 70.79 41.74 37.09 35.63 66.97 62.47 30.33 50.78 30.33 11.36 11.36 30.33 30.33 31.62 30.33 35.73 50.92 50.92 4.44 8.77 5.16 5.51 2.44 2.44 2.88 2.44 2.43 2.43 28.93 9.37 9.37 9.37 9.37 9.37 9.37 9.37 9.37 9.37 2.60 25.42 7.81 4.61 10.23 6.56 8.08 8.49 4.53 4.53 3.85 4.53 4.61 28.22 28.22 12.87 11.57 11.57 11.57 11.57 11.57 11.57 11.57 11.57 11.57 11.57 11.57 11.57 11.57 33.69 33.69 33.69 31.58 31.58 31.58 31.58
41.74 41.74 41.74 41.74 41.74 37.09 41.74 37.09 35.63 35.63 35.63 41.74 35.63 35.73 30.33 8.77 11.36 11.36 40.28 15.09 7.62 35.73 4.48 4.48 4.48 8.77 11.36 4.44 11.36 3.64 2.44 2.44 7.42 28.93 28.93 28.93 28.93 9.37 28.93 9.37 3.30 28.93 17.82 38.19 17.82 33.97 15.31 18.02 18.02 18.02 18.02 8.08 8.49 4.53 5.16 4.53 4.53 28.22 28.22 11.21 4.61 11.57 11.57 11.57 11.57 11.57 11.57 11.57 11.57 11.57 11.57 11.57 11.57 11.57 11.57 11.57 33.69 31.58 10.70 10.70 10.70
35.82 35.82 35.82 35.82 35.82 31.73 35.82 30.45 30.45 30.45 30.45 30.45 35.82 25.37 9.41 9.41 9.41 34.00 34.00 4.65 12.46 12.46 4.65 12.46 7.31 9.41 12.46 34.00 12.46 2.62 2.06 7.03 2.06 2.05 2.05 2.05 2.05 23.84 7.03 7.03 2.52 23.84 14.04 32.27 32.27 29.59 16.39 16.39 16.39 33.65 11.67 16.39 25.78 25.78 25.78 25.78 25.78 25.78 25.78 25.78 25.78 24.11 10.76 10.76 10.76 10.76 10.76 10.76 10.76 10.76 10.76 10.76 10.76 10.76 10.76 10.76 31.61 29.84 10.03 10.03 10.03
31.73 30.45 35.82 31.73 30.45 57.30 35.82 30.45 35.82 30.45 30.45 30.45 30.45 4.65 7.31 34.00 4.53 34.00 12.46 12.46 4.51 12.46 12.46 12.46 12.46 4.65 7.31 7.31 12.46 2.62 29.77 7.03 2.06 2.05 2.05 2.05 2.05 23.84 23.84 7.03 23.84 23.84 9.34 9.34 14.04 33.65 33.65 16.39 16.39 16.39 16.39 11.67 4.11 25.78 25.78 25.78 25.78 10.01 4.11 25.78 25.78 24.11 24.11 10.76 10.76 10.76 10.76 10.76 10.76 10.76 10.76 10.76 10.76 10.76 31.61 31.61 31.61 29.84 10.03 0.00 0.00
30.45 30.45 35.82 30.45 31.73 31.73 31.73 30.45 30.45 30.45 35.82 35.82 31.73 9.41 12.46 12.46 34.00 4.65 12.46 3.87 3.87 4.46 7.31 4.65 12.46 12.46 7.31 12.46 12.46 29.77 10.46 2.04 2.04 2.02 2.02 2.02 2.02 2.02 2.52 2.52 2.52 2.52 9.34 9.34 12.88 33.65 33.65 16.39 16.39 16.39 16.39 16.39 4.11 4.11 25.78 25.78 25.78 7.66 7.66 4.11 25.78 3.70 3.70 3.70 10.76 10.76 10.76 10.76 10.76 10.76 31.61 31.61 10.76 10.76 31.61 31.61 31.61 29.84 29.84 0.00 0.00
30.45 30.45 30.45 35.82 35.82 31.73 30.45 35.82 35.82 35.82 30.45 30.45 31.73 4.65 12.46 12.46 9.41 9.41 34.00 34.00 9.41 12.46 7.31 12.46 12.46 7.31 12.46 34.00 3.80 2.59 2.59 2.04 2.04 2.02 2.02 2.02 2.02 2.02 2.52 2.52 2.52 2.52 9.34 12.88 12.88 11.67 16.39 16.39 33.65 11.67 16.39 25.78 25.78 25.78 25.78 7.66 7.66 7.66 7.66 7.66 4.11 3.70 24.11 24.11 31.61 10.76 10.76 10.76 10.76 10.76 10.76 10.76 31.61 31.61 31.61 31.61 31.61 29.84 29.84 29.84 0.00
30.45 30.45 35.82 31.73 57.30 35.82 30.45 35.82 35.82 35.82 30.45 35.82 38.78 12.46 12.46 12.46 34.00 34.00 4.65 9.41 9.41 34.00 4.46 12.46 12.46 3.80 3.80 9.41 4.65 2.59 2.59 2.59 2.04 2.02 2.02 2.02 2.02 7.03 23.84 23.84 23.84 7.03 12.88 12.88 36.51 11.67 16.39 16.39 16.39 16.39 11.67 4.11 25.78 25.78 25.78 25.78 25.78 4.11 11.67 11.67 25.78 24.11 24.11 31.61 31.61 10.76 10.76 10.76 10.76 10.76 31.61 10.76 31.61 31.61 31.61 31.61 31.61 29.84 50.59 29.84 153.29
30.45 35.82 31.73 31.73 31.73 35.82 35.82 35.82 30.45 35.82 30.45 33.05 8.95 12.46 12.46 12.46 4.65 4.48 4.48 3.87 9.98 7.31 12.46 12.46 12.46 3.80 3.80 7.31 4.65 2.59 2.59 2.59 2.04 2.02 2.02 2.02 2.02 23.84 23.84 2.52 2.52 28.10 36.51 36.51 36.51 33.65 16.39 16.39 33.65 41.14 33.65 25.78 25.78 9.26 25.78 4.11 11.67 11.67 11.67 11.67 33.65 24.11 3.70 10.76 31.61 31.61 10.76 10.76 10.76 10.76 31.61 10.76 10.76 31.61 31.61 31.61 31.61 29.84 29.84 29.84 29.84
30.45 31.73 31.73 31.73 30.45 30.45 35.82 35.82 30.45 35.82 33.05 33.05 8.95 9.41 9.41 12.46 9.41 9.41 7.31 7.31 4.47 4.45 34.00 34.00 12.46 9.41 34.00 3.78 3.78 2.58 2.58 2.58 2.58 2.02 2.02 2.02 23.84 23.84 23.84 7.03 28.10 28.10 28.10 10.26 10.26 9.26 9.26 7.29 9.26 9.26 9.26 25.78 25.78 9.26 5.90 11.67 11.67 11.67 11.67 11.67 11.67 31.61 10.76 10.76 31.61 31.61 10.76 10.76 31.61 31.61 10.76 10.76 16.23 10.76 31.61 10.76 10.76 29.84 10.03 0.00 29.84
31.73 31.73 35.82 35.82 30.45 30.45 30.45 31.73 35.82 33.05 33.05 11.55 5.37 9.41 9.41 9.41 4.65 9.41 7.31 7.31 4.47 7.31 34.00 34.00 12.46 4.65 12.46 12.46 3.78 2.58 38.41 38.41 38.41 32.27 14.43 32.27 14.04 14.04 9.34 12.88 14.21 14.21 4.65 4.65 4.65 9.26 9.26 25.78 4.11 9.26 9.26 7.29 25.78 4.00 12.13 12.13 11.67 11.67 11.67 11.67 11.67 10.76 10.76 10.76 31.61 31.61 31.61 10.76 10.76 31.61 10.76 10.76 10.76 10.76 10.76 10.76 10.76 29.84 0.00 0.00 0.00
31.73 31.73 57.30 38.78 43.62 43.62 43.62 35.82 43.62 43.62 38.79 5.37 5.37 9.41 9.41 9.41 9.41 13.19 9.41 34.00 4.65 12.46 12.46 12.46 12.46 12.46 4.65 4.65 12.46 3.75 38.41 13.63 13.63 9.34 9.34 14.04 14.04 32.27 36.51 36.51 36.51 36.51 12.88 4.65 4.65 25.78 9.26 9.26 4.11 9.26 9.26 9.26 25.78 4.00 4.00 12.13 26.95 11.67 11.67 11.67 11.67 10.76 10.76 10.76 10.76 31.61 31.61 10.76 10.76 10.76 10.76 10.76 10.76 10.76 10.76 10.76 10.76 29.84 0.00 0.00 0.00
35.82 57.30 37.27 38.78 37.27 38.78 33.05 33.05 33.05 38.79 5.37 8.95 5.37 4.49 9.41 9.41 9.41 9.41 9.41 12.46 4.65 12.46 11.48 12.46 18.19 12.46 34.00 4.65 4.65 3.75 38.41 13.63 13.63 13.63 32.27 32.27 32.27 36.51 36.51 17.99 17.99 17.99 8.12 4.65 10.26 9.26 9.26 25.78 9.26 9.26 9.26 4.11 25.78 25.78 4.00 16.22 26.95 11.67 16.16 16.16 12.90 10.76 10.76 31.61 10.76 31.61 10.76 10.76 10.76 10.76 10.76 10.76 10.76 10.76 10.76 10.76 10.76 29.84 153.29 0.00 0.00
57.30 30.45 33.05 43.62 33.05 43.62 38.78 38.78 33.05 43.62 5.34 11.55 15.28 9.41 9.41 9.41 9.41 9.41 9.41 12.46 12.46 7.31 7.31 7.31 7.31 34.00 34.00 4.65 12.46 13.63 38.41 38.41 38.41 38.41 32.27 32.27 36.51 36.51 17.99 17.99 18.28 28.10 10.26 10.26 10.26 9.26 9.26 25.78 9.26 9.26 25.78 9.26 25.78 16.39 16.39 16.39 12.10 16.04 16.04 16.04 16.04 10.76 10.76 10.76 31.61 10.76 10.76 31.61 31.61 31.61 10.76 10.76 10.76 10.76 10.76 10.76 31.61 10.03 0.00 0.00 0.00
35.82 35.82 43.62 37.27 33.05 43.62 43.62 33.05 69.96 8.95 8.95 8.95 12.99 9.41 9.41 20.54 4.65 31.31 9.41 4.65 9.41 9.01 7.31 7.31 7.31 4.65 12.46 12.46 9.41 15.08 21.00 60.71 13.63 38.41 38.41 17.99 12.88 36.51 17.99 17.99 17.99 10.26 10.26 28.10 28.10 25.78 9.26 9.26 9.26 9.26 16.39 16.39 33.65 33.65 33.65 12.10 12.10 12.06 16.04 16.04 12.06 10.76 10.76 10.76 31.61 31.61 31.61 31.61 31.61 31.61 31.61 31.61 10.76 10.76 10.76 10.76 31.61 10.03 0.00 10.03 29.84
35.82 43.62 43.62 43.62 33.05 43.62 43.62 33.05 4.66 8.95 11.55 11.55 8.95 36.89 32.63 27.62 27.62 27.62 12.46 12.09 4.65 4.65 4.65 4.65 34.00 7.81 4.65 12.46 9.41 15.08 13.63 13.63 13.63 20.38 13.63 17.99 17.99 17.99 12.88 17.99 17.99 4.65 10.26 10.26 10.26 25.78 9.26 9.26 25.78 33.65 33.65 33.65 11.67 11.67 16.14 12.10 18.60 26.95 16.04 25.88 12.06 36.25 10.76 10.76 31.61 31.61 31.61 31.61 10.76 10.76 31.61 31.61 10.76 10.76 31.61 31.61 10.76 10.03 10.03 29.84 29.84
35.82 43.62 43.62 43.62 37.27 43.62 43.62 8.95 4.66 4.63 8.95 11.55 61.99 27.62 27.62 27.62 27.62 31.31 34.00 4.65 34.00 4.65 4.65 4.65 12.46 3.76 3.76 3.76 3.76 19.15 13.63 13.63 13.63 13.63 36.51 12.88 50.68 12.88 12.88 12.88 10.26 10.26 28.10 4.65 28.10 25.78 25.78 16.39 16.39 33.65 16.39 33.65 11.67 11.67 16.14 11.67 11.67 11.67 11.67 16.04 12.06 36.25 31.61 31.61 31.61 31.61 10.76 10.76 31.61 31.61 10.76 10.76 31.61 31.61 10.76 10.76 10.76 29.84 29.84 29.84 10.03
35.82 43.62 43.62 43.62 38.78 37.27 43.62 12.25 4.62 8.95 5.32 37.27 33.05 27.62 27.62 27.62 27.62 9.41 34.00 34.00 34.00 34.00 34.00 34.00 9.41 4.41 3.71 12.46 12.46 38.41 13.63 13.63 38.41 13.63 36.51 36.51 36.51 62.46 14.21 36.51 17.99 28.10 28.10 6.60 4.65 25.78 33.65 11.67 16.39 16.39 12.90 11.67 11.67 11.67 11.67 11.67 11.67 11.67 11.67 11.67 33.65 31.61 31.61 31.61 31.61 10.76 10.76 31.61 31.61 31.61 10.76 31.61 31.61 10.76 10.76 31.61 31.61 50.59 10.03 29.84 0.00
37.27 37.27 43.62 43.62 37.27 38.78 38.66 12.25 5.34 5.32 37.27 33.05 33.05 27.62 27.62 27.62 9.41 9.41 12.46 12.46 4.44 12.46 12.46 12.46 4.42 3.71 12.46 34.00 17.70 38.41 13.63 13.63 13.63 12.88 12.88 12.88 12.88 12.88 17.99 17.99 15.64 28.10 28.10 6.60 6.60 25.78 12.90 11.67 16.39 33.65 12.90 16.10 16.10 16.01 11.67 11.67 33.65 11.67 33.65 11.67 11.67 36.25 31.61 31.61 31.61 10.76 10.76 31.61 10.76 31.61 31.61 10.76 10.76 31.61 31.61 31.61 10.76 10.03 0.00 0.00 0.00
38.49 32.76 32.76 38.49 38.49 32.76 55.29 89.83 34.70 32.76 28.96 28.96 28.96 29.48 24.83 8.20 8.20 8.20 10.94 3.98 10.94 10.94 10.94 10.94 10.94 10.94 30.75 3.98 17.25 15.27 18.01 36.09 36.09 17.09 12.68 12.01 17.09 16.98 13.27 12.01 16.85 16.85 9.53 6.09 4.26 6.81 3.81 10.98 15.49 10.98 15.13 15.13 15.13 11.35 10.98 10.98 32.07 25.62 25.62 25.62 36.75 33.82 29.43 33.82 29.43 29.43 9.93 29.43 29.43 9.93 9.93 9.93 29.43 29.43 29.43 9.93 9.93 0.00 0.00 0.00 0.00
38.49 28.96 28.96 28.96 28.96 28.96 34.70 34.70 28.96 32.76 34.63 28.96 32.76 28.25 28.25 3.98 3.98 8.20 3.98 3.98 3.98 3.98 3.98 3.98 3.98 10.94 3.98 14.21 17.25 15.27 18.01 18.01 12.01 13.27 13.27 12.01 34.50 34.50 12.01 12.01 18.25 34.50 16.85 7.51 4.26 5.49 3.81 10.98 12.15 15.13 11.39 12.15 12.15 12.15 32.07 25.62 25.62 25.62 36.75 36.75 36.75 33.82 29.43 29.43 9.93 9.93 29.43 9.93 9.93 9.93 29.43 29.43 29.43 9.93 9.93 13.12 16.18 0.00 0.00 0.00 0.00
38.49 28.96 52.51 28.96 28.96 28.96 34.55 38.49 32.76 32.76 34.11 32.76 55.29 28.25 24.83 10.94 10.94 10.94 3.98 3.98 3.98 3.98 3.98 3.98 10.94 3.98 14.21 19.88 19.88 18.01 18.01 29.18 27.67 12.01 12.01 12.01 12.01 34.50 34.50 12.01 16.85 16.85 16.85 16.85 7.51 8.68 8.68 10.98 10.98 10.98 10.98 11.32 12.15 36.75 36.75 25.62 36.75 36.75 36.75 36.75 36.75 9.93 9.93 9.93 29.43 29.43 9.93 9.93 29.43 29.43 29.43 9.93 9.93 13.08 16.18 16.18 33.82 0.00 0.00 0.00 0.00
38.49 28.96 28.96 28.96 32.76 28.96 38.49 34.55 28.96 28.96 28.96 55.29 52.81 24.83 29.48 10.94 10.94 8.20 10.94 10.94 10.94 3.98 6.33 10.94 10.94 6.33 8.20 10.94 10.94 18.01 18.01 13.27 12.01 12.01 12.01 16.85 34.50 34.50 34.50 34.50 16.85 16.85 16.85 12.01 34.50 8.68 8.68 8.68 10.98 15.49 10.98 32.07 32.07 36.75 36.75 36.75 36.75 36.75 36.75 10.98 32.07 29.43 29.43 29.43 29.43 9.93 29.43 29.43 29.43 9.93 9.93 16.18 16.18 33.82 33.82 33.82 0.00 0.00 0.00 0.00 0.00
57.37 49.71 34.62 34.62 28.96 28.96 34.55 34.55 28.96 28.96 28.96 38.49 28.96 24.83 29.48 48.92 24.83 48.92 10.94 3.98 10.94 2.77 2.77 10.94 30.75 8.20 10.94 10.94 10.94 9.84 26.47 7.51 13.27 16.85 34.50 12.01 58.90 58.90 34.50 34.50 34.50 12.01 12.01 12.01 12.01 32.07 32.07 8.68 10.98 32.07 32.07 10.98 32.07 36.75 36.75 36.75 36.75 10.98 32.07 32.07 10.98 9.93 9.93 9.93 29.43 29.43 29.43 29.43 9.93 16.18 16.18 33.82 0.00 0.00 0.00 0.00 0.00 0.00 0.00 0.00 0.00
32.76 38.49 28.96 28.96 34.62 34.55 34.55 38.49 28.96 34.11 32.76 32.76 28.96 24.83 48.92 8.20 10.94 10.94 8.20 8.20 8.20 2.77 8.20 8.20 30.75 10.94 8.20 8.20 8.20 9.84 7.51 7.51 26.47 9.53 34.50 34.50 34.50 9.53 9.53 16.85 16.85 16.85 12.01 12.01 12.01 10.98 32.07 32.07 15.49 32.07 32.07 25.62 36.75 36.75 36.75 10.98 32.07 32.07 10.98 10.98 10.98 9.93 9.93 29.43 29.43 29.43 9.93 16.18 16.18 16.18 33.82 0.00 0.00 0.00 0.00 0.00 0.00 0.00 0.00 0.00 0.00
38.49 28.96 28.96 28.96 28.96 89.83 34.45 89.83 89.83 38.49 32.76 34.11 28.96 48.92 24.83 30.75 10.94 10.94 24.83 48.92 8.20 8.20 28.25 10.94 10.94 3.98 4.07 8.20 10.94 9.53 6.09 6.09 26.47 9.53 9.53 9.53 26.47 7.51 7.51 6.09 26.47 26.47 34.50 12.01 12.01 10.98 32.07 32.07 15.49 32.07 32.07 32.07 36.75 36.75 10.98 32.07 32.07 10.98 10.98 10.98 10.98 29.43 29.43 29.43 29.43 29.43 33.82 23.41 33.82 33.82 0.00 0.00 0.00 0.00 0.00 0.00 0.00 0.00 0.00 0.00 0.00
38.49 38.49 28.96 28.96 28.96 28.96 28.96 38.49 62.37 62.25 38.49 38.49 28.96 10.94 10.94 30.75 10.94 10.94 29.48 29.48 10.94 30.78 30.78 10.94 10.94 4.07 4.07 3.98 3.98 9.53 26.47 9.53 9.53 9.53 9.53 4.26 26.47 26.47 7.51 7.51 26.47 26.47 26.47 34.50 12.01 17.10 25.99 10.98 10.98 32.07 32.07 32.07 10.98 32.07 32.07 10.98 10.98 10.98 10.98 32.07 32.07 29.43 29.43 29.43 33.82 0.00 0.00 0.00 0.00 0.00 0.00 0.00 0.00 0.00 0.00 0.00 0.00 0.00 0.00 0.00 0.00
38.49 28.96 28.96 32.76 28.96 28.96 38.49 28.96 28.96 32.76 38.49 34.11 32.76 3.98 3.98 8.71 29.48 48.92 29.48 29.48 48.92 30.78 30.78 30.78 30.75 10.94 30.75 10.94 4.82 26.47 26.47 9.53 9.53 26.47 9.53 9.53 26.47 4.26 7.51 4.26 9.53 26.47 26.47 16.85 12.01 32.07 12.15 32.07 15.49 13.41 10.98 10.98 10.98 32.07 32.07 32.07 10.98 10.98 32.07 32.07 32.07 9.93 33.82 0.00 0.00 0.00 0.00 0.00 0.00 0.00 0.00 0.00 0.00 0.00 0.00 0.00 0.00 0.00 0.00 0.00 0.00
38.49 28.96 28.96 28.96 28.96 28.96 38.49 38.49 38.49 38.49 28.96 32.76 32.76 28.25 6.33 10.94 29.48 28.25 28.25 29.48 28.25 33.45 81.62 6.33 10.94 10.94 3.98 30.75 28.79 9.53 9.53 9.53 9.53 26.47 26.47 9.53 9.53 26.47 6.09 7.51 7.51 4.26 16.85 34.50 16.85 25.03 12.15 12.15 15.49 13.41 10.98 10.98 10.98 10.98 32.07 32.07 32.07 32.07 32.07 10.98 10.98 33.82 0.00 0.00 0.00 0.00 0.00 0.00 0.00 0.00 0.00 0.00 0.00 0.00 0.00 0.00 0.00 0.00 0.00 0.00 0.00
28.96 28.96 28.96 28.96 28.96 38.49 38.49 38.49 38.49 38.49 38.49 38.49 34.11 28.25 28.25 28.25 28.25 28.25 28.25 28.25 29.48 29.48 81.62 10.94 10.94 30.75 30.75 28.79 28.79 7.51 26.47 9.53 9.53 26.47 43.85 9.53 9.53 9.53 26.47 26.47 16.85 16.85 16.85 16.85 16.85 32.07 15.49 43.94 10.98 10.98 10.98 10.98 10.98 10.98 32.07 32.07 32.07 10.98 10.98 17.82 0.00 0.00 0.00 0.00 0.00 0.00 0.00 0.00 0.00 0.00 0.00 0.00 0.00 0.00 0.00 0.00 0.00 0.00 0.00 0.00 0.00
28.96 28.96 28.96 28.96 38.49 38.49 28.96 28.96 38.49 34.11 32.76 28.96 28.96 28.25 28.25 28.25 28.25 28.25 81.62 28.25 28.25 28.25 28.25 29.48 10.94 10.94 3.98 4.82 8.36 9.53 9.53 9.53 9.53 9.53 26.47 7.90 26.47 26.47 4.26 34.50 34.50 16.85 34.50 12.01 12.01 32.07 10.98 10.98 10.98 32.07 32.07 10.98 32.07 32.07 32.07 10.98 10.98 17.82 36.75 0.00 0.00 0.00 0.00 0.00 0.00 0.00 0.00 0.00 0.00 0.00 0.00 0.00 0.00 0.00 0.00 0.00 0.00 0.00 0.00 0.00 0.00
28.96 28.96 34.41 34.41 31.45 27.77 26.63 26.63 31.45 27.77 32.76 32.76 32.76 28.25 28.25 28.25 28.25 28.25 46.95 28.25 28.25 28.25 24.83 29.48 10.94 10.94 4.82 4.82 8.36 7.51 7.51 7.51 7.51 7.51 9.53 9.53 26.47 26.47 16.85 13.27 34.50 34.50 34.50 12.01 12.01 10.98 10.98 10.98 32.07 32.07 32.07 32.07 32.07 32.07 10.98 10.98 17.82 0.00 0.00 0.00 0.00 0.00 0.00 0.00 0.00 0.00 0.00 0.00 0.00 0.00 0.00 0.00 0.00 0.00 0.00 0.00 0.00 0.00 0.00 0.00 0.00
28.96 28.96 28.96 31.45 31.45 26.63 27.77 26.63 26.63 27.77 27.77 32.76 32.76 28.25 28.25 28.25 28.25 28.25 28.25 28.25 28.25 28.25 28.25 24.83 29.48 10.94 4.82 4.82 28.79 7.51 7.51 7.51 7.51 7.51 9.53 7.51 26.47 9.53 13.27 13.27 12.01 12.01 12.01 12.01 12.01 10.98 10.98 10.98 54.38 32.07 32.07 32.07 10.98 10.98 10.98 10.98 17.82 0.00 0.00 0.00 0.00 0.00 0.00 0.00 0.00 0.00 0.00 0.00 0.00 0.00 0.00 0.00 0.00 0.00 0.00 0.00 0.00 0.00 0.00 0.00 0.00
