New_Model_Runs/6_FutureClimate_RCP45_out/post_prcessed_with_MFR/runoff_annual.asc
NCOLS 700
NROWS 400
XLLCENTER 515000.000000
YLLCENTER 8409000.000000
CELLSIZE 50.000000
NODATA_value -999.000000
[rows 216 to 251 of 400, columns 243 to 323 of 700]
20.33 19.03 19.03 19.03 19.03 17.76 17.76 17.76 44.87 30.30 17.28 17.28 17.28 17.39 19.05 19.05 19.05 21.07 21.07 21.07 21.07 21.26 21.26 21.26 21.26 21.20 7.68 7.68 21.20 17.00 17.00 17.00 28.25 20.98 5.69 5.69 16.73 16.09 16.09 16.09 16.09 15.83 15.83 15.83 38.61 14.04 14.04 14.04 14.04 14.01 14.01 14.01 14.01 14.02 14.02 14.02 14.02 14.10 24.58 14.10 14.10 13.72 13.72 13.72 13.72 13.83 13.83 13.83 13.83 13.85 22.94 13.85 4.43 3.64 7.43 3.17 5.40 4.40 5.74 5.74 5.74
20.33 19.03 44.89 33.08 19.03 17.76 31.41 17.76 17.76 17.28 17.28 17.28 17.28 17.39 19.05 19.05 19.05 21.07 21.07 21.07 21.07 21.26 21.26 21.26 7.71 7.68 7.68 21.20 21.20 17.00 17.00 17.00 17.00 16.73 5.69 6.47 27.35 16.09 16.09 16.09 16.09 15.83 15.83 15.83 15.83 14.04 14.04 14.04 14.04 14.01 14.01 14.01 14.01 14.02 14.02 14.02 14.02 7.25 14.10 14.10 14.10 13.72 13.72 22.72 13.72 13.83 13.83 13.83 13.83 13.85 13.85 13.85 4.43 3.64 6.97 6.97 3.64 2.92 4.70 5.74 12.58
20.33 19.03 33.08 33.08 19.03 17.76 17.76 17.76 17.76 17.28 17.28 17.28 17.28 17.39 17.39 19.05 19.05 21.07 21.07 21.07 21.07 7.71 12.43 7.71 7.71 7.68 7.68 21.20 21.20 17.00 17.00 17.00 6.47 6.47 5.69 5.69 16.73 5.45 5.45 16.09 16.09 15.83 15.83 15.83 15.83 14.04 14.04 14.04 14.04 14.01 14.01 14.01 14.01 14.02 14.02 14.02 14.02 14.10 14.10 14.10 14.10 13.72 13.72 13.72 13.72 13.83 13.83 13.83 13.83 13.85 13.85 4.43 2.88 3.64 5.40 7.70 6.97 5.74 12.58 5.74 5.74
20.33 19.03 19.03 19.03 19.03 31.29 17.76 17.76 17.76 17.28 17.28 17.28 17.28 17.39 17.39 19.05 19.05 21.07 21.07 21.07 21.07 7.71 5.22 5.22 4.57 7.68 21.20 21.20 21.20 17.00 26.52 31.72 6.47 6.47 16.73 5.69 5.69 3.37 5.45 5.45 16.09 15.83 15.83 15.83 6.47 3.41 5.80 14.04 14.04 14.01 14.01 14.01 14.01 14.02 14.02 14.02 23.31 14.10 14.10 14.10 14.10 13.72 13.72 22.72 13.72 13.83 13.83 13.83 13.83 13.85 13.85 4.43 4.43 6.97 6.97 6.97 6.97 4.40 5.74 5.74 5.74
20.24 18.83 18.83 18.83 18.83 17.55 17.55 17.55 17.55 18.16 18.16 18.16 18.16 18.21 18.21 19.72 19.72 21.20 21.20 21.20 21.20 7.72 5.22 4.57 4.57 21.15 21.15 21.15 21.15 16.99 26.52 6.47 6.47 3.82 3.82 4.37 5.69 6.97 7.75 11.37 26.32 14.97 14.97 14.97 14.97 24.61 11.72 14.14 14.14 14.46 14.46 14.46 14.46 14.10 14.10 14.10 14.10 14.07 14.07 14.07 14.07 13.76 13.76 4.40 13.76 13.91 13.91 13.91 6.81 6.78 13.80 4.41 4.41 2.88 5.40 6.97 6.97 4.40 4.40 5.74 5.74
20.24 18.83 18.83 18.83 18.83 17.55 17.55 31.11 17.55 18.16 18.16 18.16 18.16 18.21 18.21 18.21 19.72 21.20 21.20 21.20 21.20 7.72 5.22 7.72 21.29 21.15 21.15 21.15 21.15 16.99 6.47 9.14 6.47 3.82 3.32 3.32 5.69 5.37 11.30 5.37 15.89 14.97 14.97 14.97 14.97 14.14 20.65 6.93 23.89 14.46 14.46 14.46 14.46 14.10 14.10 14.10 14.10 14.07 14.07 14.07 14.07 13.76 13.76 3.64 3.64 8.95 13.91 6.81 23.16 23.16 33.31 13.80 4.41 4.44 5.40 6.97 14.71 5.74 12.58 12.58 12.58
33.40 18.83 18.83 18.83 18.83 17.55 17.55 17.55 17.55 18.16 18.16 18.16 18.16 18.21 18.21 18.21 19.72 21.20 21.20 21.20 21.20 4.57 4.57 7.72 21.29 21.15 21.15 21.15 21.15 16.99 33.07 6.47 6.47 4.86 5.33 4.37 5.69 5.37 5.37 15.89 15.89 7.70 14.97 14.97 14.97 3.91 13.04 3.41 4.56 14.46 7.43 14.46 14.46 14.10 14.10 14.10 14.10 14.07 14.07 14.07 5.80 13.76 13.76 3.64 3.17 5.40 3.64 2.89 23.16 23.16 23.16 13.80 13.80 13.87 3.17 6.97 6.97 12.58 12.58 12.58 15.50
20.24 18.83 18.83 18.83 18.83 31.11 17.55 17.55 17.55 18.16 18.16 18.16 18.16 18.21 18.21 18.21 10.68 21.20 21.20 21.20 9.79 4.57 4.57 21.29 21.29 21.15 21.15 21.15 21.15 16.99 16.99 16.99 6.89 3.32 3.82 16.73 16.73 5.37 15.89 25.68 15.89 7.70 14.97 7.70 23.17 14.14 4.56 13.04 4.77 3.91 3.91 3.16 14.46 14.10 14.10 14.10 14.10 14.07 14.07 14.07 5.80 13.76 5.40 3.64 5.76 6.97 6.97 6.97 5.76 23.16 6.78 23.16 13.80 3.64 5.40 14.71 6.97 5.74 12.58 8.08 8.08
20.14 32.53 18.37 18.37 83.46 31.42 31.42 17.77 17.77 18.84 18.84 18.84 18.84 18.71 32.21 18.71 18.71 21.24 30.56 7.70 4.57 7.66 7.66 21.21 21.21 21.07 21.07 21.07 21.07 16.87 30.71 6.47 9.23 8.00 16.52 16.52 16.52 32.95 14.98 14.98 14.98 7.65 11.94 11.94 14.65 14.34 14.34 5.80 6.99 3.41 3.91 3.91 14.59 23.69 14.13 14.13 14.13 14.17 14.17 14.17 5.80 5.40 5.40 12.20 6.97 6.97 6.97 6.97 3.64 23.16 23.16 14.71 14.71 14.71 6.97 6.97 6.97 4.40 8.08 6.50 6.50
20.14 18.37 18.37 18.37 18.37 17.77 17.77 17.77 17.77 18.84 18.84 18.84 18.84 18.71 18.71 18.71 18.71 30.56 13.91 5.22 7.66 21.21 30.56 21.21 21.21 21.07 21.07 21.07 21.07 16.87 16.87 3.32 5.33 5.33 16.52 16.52 16.52 14.98 25.25 14.98 11.94 14.65 11.94 11.94 21.78 14.34 14.34 14.34 12.03 7.48 4.77 10.57 14.59 14.13 23.69 14.13 14.13 14.17 14.17 14.17 14.17 13.73 5.40 4.44 6.97 6.97 6.97 14.71 14.71 3.17 5.76 14.71 14.71 14.71 6.97 5.40 6.97 8.08 8.08 6.50 23.34
18.42 17.90 17.90 17.90 17.90 17.59 17.59 17.59 17.59 18.10 18.10 18.10 18.10 17.02 17.02 17.02 17.02 6.57 4.12 4.12 18.80 9.14 9.14 9.14 18.78 18.59 18.59 18.59 60.37 14.24 14.24 4.42 4.42 4.42 4.12 4.12 13.24 11.93 11.93 18.01 10.16 10.16 10.16 10.16 11.77 11.28 11.28 11.28 11.28 3.90 8.99 10.91 6.15 6.15 11.22 11.22 11.22 21.05 11.25 5.05 21.05 10.24 3.60 2.03 3.60 4.75 4.75 10.84 10.84 10.84 3.60 10.84 10.84 4.75 4.75 3.60 21.32 6.58 5.27 5.58 5.58
18.42 30.08 17.90 17.90 17.90 17.59 17.59 17.59 17.59 18.10 18.10 18.10 18.10 17.02 17.02 17.02 17.02 6.57 4.12 4.12 6.97 28.64 28.64 9.14 18.78 18.59 18.59 18.59 51.34 14.24 14.24 3.14 3.14 4.12 4.12 4.12 13.24 11.93 11.93 11.93 10.16 10.16 10.16 10.16 10.16 11.28 11.28 11.28 2.78 3.90 8.08 6.15 3.45 11.22 11.22 11.22 11.22 5.05 4.75 21.05 21.05 17.87 3.60 2.03 10.84 10.84 10.84 3.86 4.75 10.84 3.60 10.84 12.46 12.46 5.46 9.60 32.05 6.58 19.49 9.51 37.80
18.59 18.01 18.01 18.01 18.01 17.68 17.68 9.57 17.68 18.10 18.10 18.10 18.10 17.00 17.00 17.00 17.00 5.76 4.12 6.56 28.64 6.97 6.97 18.57 18.57 18.44 18.44 18.44 10.06 14.79 4.42 4.12 13.24 12.54 3.88 3.88 12.54 18.40 11.54 11.54 10.16 10.16 10.16 10.16 10.16 11.36 11.36 11.36 2.78 3.90 5.07 6.15 3.46 3.40 11.31 21.05 11.31 11.27 10.91 3.90 3.90 17.87 4.75 8.82 10.84 10.84 10.84 4.75 4.75 4.75 17.87 17.87 12.46 17.34 8.17 40.81 0.00 37.80 0.00 0.00 0.00
18.59 18.01 18.01 18.01 18.01 17.68 9.57 9.57 17.68 18.10 18.10 18.10 18.10 17.00 17.00 28.49 8.17 5.10 7.36 4.00 9.11 28.64 28.64 18.57 18.57 18.44 18.44 18.44 7.43 2.73 13.24 13.24 13.24 12.54 12.54 3.88 3.88 18.40 11.54 11.54 11.54 11.85 11.85 11.85 11.85 11.36 11.36 11.36 3.42 3.90 2.78 16.69 7.87 5.22 2.78 4.75 11.31 11.27 3.90 10.91 6.15 8.82 10.84 3.86 4.75 4.75 3.86 10.84 3.86 4.75 4.75 3.60 4.14 9.60 0.00 0.00 0.00 0.00 0.00 0.00 0.00
18.59 18.01 18.01 18.01 18.01 17.68 14.39 9.57 17.68 18.10 18.10 18.10 18.10 17.00 17.00 17.00 17.00 17.40 5.10 4.12 6.97 6.97 9.09 18.57 18.57 6.97 18.44 58.16 28.64 5.38 13.24 13.24 13.24 12.54 12.54 12.54 20.51 11.54 11.54 11.54 11.54 11.85 11.85 11.85 11.85 11.36 11.36 11.36 3.90 3.90 3.90 18.74 6.15 6.15 6.15 3.90 3.40 11.27 10.91 13.22 5.07 4.75 10.84 10.84 10.84 17.87 4.75 3.60 3.60 3.86 3.86 3.86 8.37 8.34 0.00 0.00 0.00 0.00 0.00 0.00 0.00
18.59 18.01 18.01 18.01 18.01 9.57 9.57 17.68 29.92 18.10 18.10 18.10 18.10 17.00 17.00 17.00 17.00 17.40 17.40 5.10 6.97 6.97 18.57 18.57 28.64 9.05 28.64 9.05 9.05 13.24 13.24 13.24 13.24 12.54 12.54 12.54 12.54 11.54 11.54 11.54 11.54 11.85 11.85 11.85 3.59 3.42 11.36 11.36 3.42 2.41 6.15 6.15 13.22 6.15 6.15 13.22 13.22 10.91 10.91 4.75 4.75 3.60 4.75 3.86 3.86 3.60 4.75 17.87 17.87 3.86 3.86 7.34 0.00 0.00 0.00 0.00 0.00 0.00 0.00 0.00 18.06
18.70 17.98 17.98 17.98 30.16 17.74 17.74 17.74 17.74 18.24 18.24 18.24 18.24 16.92 16.92 16.92 16.92 17.26 29.28 5.10 6.97 6.97 6.97 6.97 6.97 8.98 6.97 18.51 6.97 9.67 12.74 21.71 12.74 11.77 11.77 11.77 11.77 11.67 11.67 11.67 11.67 12.51 12.51 12.51 3.87 2.78 2.78 3.19 3.90 2.41 5.07 6.15 21.37 13.22 13.22 13.22 13.22 5.07 13.22 6.15 13.22 4.75 10.84 10.84 4.75 4.75 4.75 3.86 3.86 17.87 14.11 18.68 40.81 0.00 0.00 0.00 0.00 0.00 0.00 0.00 8.65
18.70 17.98 17.98 55.00 30.16 17.74 17.74 17.74 17.74 18.24 18.24 18.24 18.24 16.92 16.92 16.92 16.92 17.26 17.26 5.10 6.97 23.48 18.42 6.97 6.97 8.96 7.43 7.43 6.97 12.74 21.71 12.74 12.74 11.77 11.77 11.77 11.77 11.67 11.67 11.67 11.67 12.51 12.51 12.51 12.51 11.42 3.19 3.19 3.19 13.22 5.07 5.07 13.22 29.67 13.22 6.15 6.15 13.22 13.22 13.22 6.15 10.84 10.84 10.84 10.84 10.84 4.75 17.87 3.60 5.91 5.91 6.42 9.60 0.00 8.17 0.00 0.00 0.00 0.00 17.83 8.65
18.70 17.98 9.57 17.98 17.98 17.74 17.74 17.74 17.74 18.24 18.24 18.24 18.24 16.92 16.92 16.92 16.92 17.26 17.26 6.45 17.26 18.42 18.42 18.42 8.96 8.96 8.96 7.43 18.07 12.74 12.74 12.74 12.74 11.77 11.77 11.77 11.77 11.67 11.66 11.67 11.67 12.51 12.51 12.51 21.22 11.42 3.44 3.19 6.15 6.15 13.22 13.22 13.22 6.15 6.15 6.15 6.15 6.15 21.05 21.05 21.05 4.75 3.86 10.84 10.84 10.84 4.75 4.75 7.34 21.32 7.34 7.34 20.01 19.92 19.92 9.60 0.00 0.00 0.00 0.00 98.47
18.70 9.57 17.98 17.98 30.16 17.74 17.74 17.74 17.74 18.24 18.24 18.24 18.24 16.92 16.92 16.92 16.92 17.26 6.45 8.17 17.26 18.42 18.42 6.97 18.51 8.98 8.96 16.54 18.07 12.74 12.74 14.79 5.38 11.77 11.77 11.77 11.77 11.67 11.67 11.67 11.67 12.51 12.51 12.51 12.51 3.44 3.44 11.42 6.15 13.22 6.15 13.22 5.07 4.75 4.75 6.73 4.75 5.04 6.15 4.75 4.75 3.60 4.75 4.75 4.75 10.84 4.75 7.34 6.24 12.50 7.34 20.01 20.01 19.92 40.81 40.81 0.00 0.00 0.00 0.00 0.00
17.67 17.86 17.86 17.86 17.86 17.99 17.99 17.99 17.99 18.72 18.72 18.72 18.72 16.98 16.98 16.98 16.98 17.11 5.10 8.17 17.11 16.98 6.97 18.51 18.51 17.78 8.96 8.96 17.78 5.74 14.79 5.74 6.96 11.96 11.96 11.96 11.96 11.93 19.76 11.93 11.93 12.47 12.47 12.47 12.47 3.38 11.25 11.25 6.15 6.15 13.22 6.15 6.15 4.75 6.84 4.75 4.75 6.15 21.05 4.75 21.05 3.60 4.75 4.75 3.86 10.84 5.91 6.38 0.00 0.00 0.00 40.81 19.70 0.00 40.81 40.81 0.00 0.00 0.00 0.00 0.00
18.36 30.02 17.86 17.86 17.86 17.99 17.99 17.99 17.99 18.72 18.72 18.72 18.72 16.98 16.98 16.98 16.98 17.11 8.17 8.17 17.11 16.98 18.07 18.51 18.51 18.51 8.96 8.96 18.51 14.79 14.79 14.79 23.31 19.95 11.96 11.96 11.96 11.93 11.93 11.93 11.93 12.47 12.47 12.47 12.47 10.91 11.25 5.07 6.15 6.15 13.22 13.22 6.15 5.07 5.07 6.15 6.15 5.07 4.75 21.05 4.75 4.75 3.86 3.86 9.80 17.87 6.24 6.38 0.00 0.00 0.00 0.00 0.00 0.00 0.00 0.00 0.00 0.00 0.00 0.00 0.00
18.36 17.86 17.86 17.86 17.86 58.99 17.99 17.99 17.99 18.72 18.72 18.72 18.72 16.98 16.98 16.98 16.98 5.10 8.17 19.45 10.18 16.98 18.07 18.07 18.51 8.96 18.51 8.96 8.96 6.96 14.79 14.79 44.02 11.96 11.96 3.61 3.61 3.14 3.62 11.93 11.93 12.47 12.47 12.47 3.14 10.91 13.22 6.15 13.22 6.15 6.15 6.15 13.22 11.55 6.15 6.15 6.15 13.22 4.75 4.75 4.75 3.60 3.60 9.80 0.29 0.85 8.62 6.24 0.00 0.00 0.00 0.00 0.00 0.00 0.00 0.00 0.00 0.00 0.00 0.00 0.00
18.36 17.86 17.86 17.86 17.86 17.99 17.99 17.99 17.99 18.72 18.72 18.72 18.72 16.98 16.98 16.98 12.63 5.10 19.45 19.45 19.45 8.17 16.98 28.64 18.51 8.96 8.96 8.96 8.96 12.62 12.85 5.74 5.74 3.63 4.42 4.42 4.42 4.42 4.42 12.25 12.25 4.42 12.47 12.47 14.79 13.22 13.22 6.15 6.15 13.22 13.22 6.15 13.22 13.22 6.15 6.15 13.22 6.15 6.15 6.15 21.05 3.60 17.87 0.88 0.85 8.62 3.34 3.34 3.34 0.00 0.00 0.00 0.00 0.00 0.00 0.00 0.00 0.00 0.00 0.00 0.00
18.26 18.00 18.00 18.00 30.35 18.36 18.36 18.36 18.36 18.98 18.98 18.98 18.98 17.07 17.07 5.10 4.49 5.10 8.17 19.45 19.45 19.45 19.45 6.97 18.51 8.96 8.96 17.60 17.60 6.96 11.90 5.74 6.96 6.96 6.96 23.31 6.96 6.96 6.96 6.96 14.79 14.79 6.96 6.96 6.96 13.22 4.75 6.15 6.15 6.15 6.15 13.22 13.22 13.22 13.22 6.15 4.75 6.15 6.15 4.75 7.45 0.29 0.29 1.95 2.50 3.34 3.34 4.79 3.34 0.00 0.00 0.00 0.00 0.00 0.00 0.00 0.00 0.00 0.00 0.00 0.00
18.26 18.00 18.00 18.00 18.00 18.36 18.36 18.36 18.36 18.98 18.98 18.98 18.98 17.07 17.07 4.49 5.10 8.17 8.17 8.17 19.45 19.45 10.18 8.17 8.96 17.60 17.60 17.60 17.60 12.61 6.96 12.61 12.61 5.74 0.33 12.53 12.53 6.96 6.96 10.18 8.42 6.96 6.96 5.74 6.96 13.22 6.15 6.15 6.15 6.85 6.15 6.15 6.15 11.01 13.22 6.15 21.05 4.75 6.15 13.22 7.45 0.75 2.50 5.01 3.34 3.34 4.62 3.34 3.34 3.34 0.00 0.00 0.00 0.00 0.00 0.00 0.00 0.00 0.00 0.00 0.00
15.39 15.24 15.24 15.24 15.24 15.48 15.48 15.48 15.48 7.58 7.58 16.29 16.29 12.37 4.14 12.01 7.02 22.38 22.38 14.39 5.84 7.02 7.02 7.02 6.85 5.29 5.29 5.29 0.36 0.25 0.25 0.25 0.35 0.35 0.24 10.56 10.39 10.40 0.68 0.68 1.45 1.45 5.42 5.42 5.42 4.28 10.05 4.28 4.19 4.18 10.05 4.28 4.28 16.83 10.05 9.15 4.17 3.45 16.83 0.70 0.70 7.53 4.34 2.88 2.88 2.88 2.88 2.88 2.88 2.88 2.88 0.00 0.00 0.00 0.00 0.00 0.00 0.00 0.00 0.00 0.00
15.39 15.24 15.24 15.24 7.58 15.48 15.48 15.48 7.58 11.30 7.58 16.29 16.29 4.14 12.01 14.39 5.49 12.27 12.27 14.39 14.39 14.39 5.49 7.02 6.85 5.29 5.29 5.29 5.29 0.98 0.25 0.25 0.35 1.45 0.27 0.35 4.15 0.98 0.98 0.68 1.45 0.89 1.45 0.35 0.68 0.70 3.45 3.45 4.19 16.83 16.83 3.21 3.45 3.45 23.06 4.28 16.83 0.70 0.70 0.76 1.38 2.15 2.88 5.50 2.88 2.88 2.88 2.88 2.88 2.88 2.88 2.88 0.00 0.00 0.00 0.00 0.00 0.00 0.00 0.00 0.00
15.50 15.42 15.42 7.58 7.58 15.58 15.58 15.58 7.58 7.58 7.58 7.58 16.30 5.86 7.02 14.39 14.39 5.84 14.39 5.84 5.49 5.49 7.02 5.49 5.49 5.29 5.29 5.29 5.29 4.15 0.25 0.25 0.25 0.24 0.68 1.45 4.15 0.98 0.98 0.98 0.98 0.68 1.45 0.98 0.98 3.21 3.21 3.45 3.45 3.21 3.45 4.28 3.45 4.28 10.05 10.05 24.51 0.76 5.31 1.95 1.38 0.71 7.53 2.88 4.12 2.88 4.34 2.88 4.60 2.88 2.88 10.47 10.47 0.00 0.00 0.00 0.00 0.00 0.00 0.00 0.00
15.50 15.42 7.58 11.30 7.58 8.39 15.58 15.58 7.58 7.58 7.58 7.58 16.30 14.39 5.84 5.84 14.39 7.02 5.84 5.84 5.49 5.49 7.02 5.49 5.49 5.29 5.29 5.29 5.29 0.98 0.25 0.25 0.25 0.68 0.68 1.45 0.68 0.68 0.98 0.98 6.60 1.45 0.98 0.98 0.98 3.21 4.28 10.05 3.21 3.21 4.28 3.21 4.28 4.28 10.05 7.66 10.05 20.03 5.41 8.49 1.38 0.54 7.53 2.88 2.53 6.01 4.25 4.34 4.34 2.88 4.12 10.47 10.47 0.00 0.00 0.00 0.00 0.00 0.00 0.00 0.00
15.50 15.42 26.04 15.42 15.42 15.58 15.58 7.58 7.58 7.58 7.58 16.30 18.10 5.84 5.84 14.39 7.02 5.49 7.02 5.49 5.84 5.49 7.02 5.49 7.02 5.84 5.29 1.29 1.29 0.98 0.25 0.25 0.25 0.68 0.68 0.98 0.35 1.45 1.45 6.60 1.45 6.60 6.60 0.98 0.98 5.31 10.05 10.05 4.28 3.45 9.08 9.08 14.33 8.35 10.05 10.05 4.15 13.83 1.82 1.95 8.49 7.53 7.53 10.47 3.25 3.25 2.88 2.88 2.88 2.88 2.88 2.88 2.88 0.00 0.00 0.00 0.00 0.00 0.00 0.00 0.00
15.50 9.45 15.42 15.42 15.42 15.58 15.58 7.58 7.58 7.58 18.10 18.10 8.02 5.84 5.84 7.02 14.39 10.74 7.02 7.02 14.39 14.39 5.49 5.49 7.02 7.02 5.29 1.29 1.29 0.98 0.25 0.25 0.98 0.68 0.68 0.98 0.68 0.68 0.98 1.45 0.98 1.45 1.45 1.45 6.60 5.31 5.31 0.70 4.28 4.28 3.45 9.08 10.05 4.28 10.05 10.05 13.83 8.49 8.49 1.95 8.49 7.53 10.47 10.47 6.20 3.25 3.25 4.34 2.88 2.88 2.88 10.47 16.83 4.12 2.88 0.00 0.00 0.00 0.00 0.00 0.00
9.45 7.58 9.45 9.45 7.58 16.11 16.11 7.58 7.58 18.10 18.10 18.10 8.02 14.39 5.84 7.02 7.02 7.02 7.02 5.49 23.92 5.49 7.02 7.02 5.49 5.49 6.85 6.85 1.29 0.98 0.24 0.24 0.98 0.68 0.98 0.35 0.68 0.68 0.98 0.98 6.60 0.35 1.45 1.45 1.45 1.04 1.04 4.28 3.21 4.28 4.28 11.81 10.05 10.31 10.05 6.16 9.09 8.49 8.49 8.49 11.72 10.47 10.47 10.47 10.47 2.88 4.57 3.25 4.25 2.88 4.34 10.47 10.47 10.47 2.88 0.00 0.00 0.00 0.00 0.00 0.00
8.38 14.45 9.45 9.45 9.45 9.45 16.11 7.58 7.58 18.10 18.10 18.10 18.10 5.84 5.84 7.02 14.39 7.02 7.02 5.49 5.49 5.49 5.49 5.84 7.02 7.02 5.74 1.89 1.29 0.98 0.24 0.68 0.98 1.45 0.68 0.35 0.68 0.68 0.68 1.45 1.45 6.60 1.45 0.35 6.60 1.04 1.04 4.28 10.05 4.28 4.28 6.10 10.05 0.29 0.85 0.85 8.49 8.49 8.49 11.72 11.72 10.47 10.47 2.88 2.88 2.88 3.25 3.25 2.88 2.88 10.47 10.47 10.47 10.47 2.88 0.00 0.00 0.00 0.00 0.00 0.00
18.10 13.71 7.58 9.45 18.10 9.45 18.10 18.10 7.58 8.02 8.02 18.10 8.02 5.49 7.02 7.02 7.02 7.02 5.49 5.49 22.38 5.49 5.49 22.38 5.49 7.02 5.74 0.91 0.91 0.68 0.68 0.68 0.68 0.68 0.35 0.35 0.68 0.68 1.45 1.45 1.45 0.35 0.35 0.35 0.35 1.04 1.04 0.70 4.28 10.05 10.05 4.28 0.70 1.82 2.49 8.49 8.49 3.32 11.72 11.72 11.72 10.47 2.88 2.88 2.88 2.88 10.47 10.47 4.34 2.90 10.47 10.47 10.47 10.47 2.88 2.88 0.00 0.00 0.00 0.00 0.00
8.02 9.45 9.45 9.45 9.45 9.45 18.10 8.02 8.02 9.45 9.45 9.45 9.45 5.49 5.84 7.02 12.14 5.49 5.49 5.49 22.38 22.38 22.38 22.38 22.38 5.49 5.49 5.29 1.29 1.06 0.35 0.98 0.24 0.35 0.35 0.35 1.06 0.68 6.60 1.45 6.60 1.45 6.60 6.60 1.45 1.04 1.04 1.04 1.04 1.10 1.04 0.25 2.49 8.49 8.49 8.49 11.72 3.32 11.72 11.72 11.72 10.47 10.47 2.88 10.47 4.34 10.47 10.47 10.47 10.47 10.47 10.47 10.47 2.88 2.88 2.88 0.00 0.00 0.00 0.00 0.00
