New_Model_Runs/7_FutureClimate_RCP85_out/post_prcessed_with_MFR/interception_annual.asc
NCOLS 700
NROWS 400
XLLCENTER 515000.000000
YLLCENTER 8409000.000000
CELLSIZE 50.000000
NODATA_value -999.000000
[rows 180 to 215 of 400, columns 243 to 323 of 700]
13.73 13.91 13.91 0.00 0.00 0.00 0.00 13.67 13.67 13.27 13.27 13.27 13.27 13.10 13.10 13.10 13.10 12.91 12.91 11.16 12.91 13.62 13.62 13.62 13.62 15.40 15.40 15.40 15.40 16.95 16.95 15.23 15.23 13.79 13.79 13.79 13.79 11.66 11.66 11.66 11.66 10.53 10.53 10.53 10.53 10.05 0.00 0.00 0.00 0.00 0.00 0.00 0.00 0.00 0.00 10.37 10.37 11.19 11.19 11.19 11.19 12.61 12.61 12.61 12.61 14.41 14.41 14.41 14.41 15.13 15.13 15.13 15.13 15.82 15.82 15.82 15.82 16.22 16.22 16.22 16.22
13.73 13.91 13.91 13.91 0.00 13.67 13.67 13.67 13.67 13.27 13.27 13.27 13.27 13.10 13.10 13.10 13.10 12.91 12.91 12.91 12.91 13.62 13.62 13.62 13.62 15.40 15.40 15.40 15.40 16.95 16.95 16.95 15.23 13.79 13.79 13.79 13.79 11.66 11.66 11.66 11.66 10.53 10.53 10.53 10.53 0.00 0.00 0.00 0.00 0.00 0.00 0.00 0.00 0.00 0.00 10.37 10.37 11.19 11.19 11.19 11.19 12.61 12.61 12.61 12.61 14.41 14.41 14.41 14.41 15.13 15.13 15.13 15.13 15.82 15.82 15.82 15.82 16.22 16.22 16.22 16.22
18.45 13.91 13.91 13.91 13.91 13.67 13.67 13.67 13.67 13.27 13.27 13.27 13.27 13.10 13.10 13.10 13.10 12.91 12.91 12.91 12.91 13.62 13.62 13.62 13.62 15.40 15.40 15.40 15.40 16.95 16.95 16.95 16.95 15.37 13.79 13.79 13.79 11.66 11.66 11.66 11.66 10.53 10.53 10.53 10.53 0.00 0.00 0.00 0.00 0.00 0.00 0.00 0.00 0.00 0.00 0.00 10.37 11.19 11.19 11.19 11.19 12.61 12.61 12.61 12.61 14.41 14.41 14.41 14.41 15.13 15.13 15.13 15.13 15.82 15.82 15.82 15.82 16.22 16.22 16.22 16.22
18.45 13.91 13.91 13.91 13.91 13.67 13.67 13.67 13.67 13.27 13.27 13.27 13.27 13.10 13.10 13.10 13.10 12.91 12.91 12.91 12.91 13.62 13.62 13.62 13.62 15.40 15.40 15.40 15.40 16.95 16.95 16.95 16.95 15.37 15.37 13.79 13.79 11.66 11.66 11.66 11.66 10.53 10.53 10.53 10.53 10.05 10.05 0.00 0.00 0.00 10.00 10.00 0.00 0.00 0.00 0.00 10.37 11.19 11.19 11.19 11.19 12.61 12.61 12.61 12.61 14.41 14.41 14.41 14.41 15.13 15.13 15.13 15.13 15.82 15.82 15.82 15.82 16.22 16.22 16.22 16.22
18.48 14.30 14.30 14.30 14.30 14.15 14.15 14.15 14.15 13.66 13.66 13.66 13.66 13.49 13.49 13.49 13.49 13.32 13.32 13.32 13.32 13.58 13.58 13.58 13.58 14.63 14.63 14.63 14.63 16.11 16.11 16.11 16.11 16.06 16.06 16.06 16.06 12.12 12.12 12.12 12.12 10.63 10.63 10.63 10.63 10.25 10.25 0.00 0.00 0.00 10.07 10.07 0.00 0.00 0.00 0.00 10.43 12.30 12.30 12.30 12.30 15.22 15.22 15.22 15.22 16.79 16.79 16.79 16.79 16.44 16.44 16.44 16.44 15.92 15.92 15.92 15.92 14.60 14.60 14.60 14.60
18.48 19.01 14.30 14.30 14.30 14.15 14.15 14.15 14.15 13.66 13.66 13.66 13.66 13.49 13.49 13.49 13.49 13.32 13.32 13.32 13.32 13.58 13.58 13.58 13.58 14.63 14.63 14.63 14.63 16.11 16.11 16.11 16.11 16.06 16.06 16.06 16.06 13.54 12.12 12.12 12.12 10.63 10.63 10.63 10.63 10.25 10.25 10.25 0.00 0.00 10.07 10.07 0.00 0.00 0.00 0.00 10.43 12.30 12.30 12.30 12.30 15.22 15.22 15.22 15.22 16.79 16.79 16.79 16.79 16.44 16.44 16.44 16.44 15.92 15.92 15.92 15.92 14.60 14.60 14.60 14.60
18.48 19.01 14.30 14.30 14.30 14.15 14.15 14.15 14.15 13.66 13.66 13.66 13.66 13.49 13.49 13.49 13.49 13.32 13.32 13.32 13.32 13.58 13.58 13.58 13.58 14.63 14.63 14.63 14.63 16.11 16.11 16.11 16.11 16.06 16.06 16.06 16.06 13.54 13.54 12.12 12.12 10.63 10.63 10.63 10.63 10.25 10.25 10.25 0.00 0.00 0.00 10.07 0.00 10.43 10.43 10.43 10.43 12.30 12.30 12.30 12.30 15.22 15.22 15.22 15.22 16.79 16.79 16.79 16.79 16.44 16.44 16.44 16.44 15.92 15.92 15.92 15.92 14.60 14.60 14.60 14.60
18.48 19.01 14.30 14.30 14.30 14.15 14.15 14.15 14.15 13.66 13.66 13.66 13.66 13.49 13.49 13.49 13.49 13.32 13.32 13.32 13.32 13.58 13.58 13.58 13.58 14.63 14.63 14.63 14.63 16.11 16.11 16.11 16.11 16.06 16.06 16.06 16.06 13.54 13.54 13.54 13.54 10.63 10.63 10.63 10.63 10.25 10.25 10.25 0.00 0.00 0.00 10.07 10.07 10.43 10.43 10.43 10.43 12.30 12.30 12.30 12.30 15.22 15.22 15.22 15.22 16.79 16.79 16.79 16.79 16.44 16.44 16.44 16.44 15.92 15.92 15.92 15.92 14.60 14.60 14.60 14.60
18.46 19.21 19.21 14.51 14.51 14.84 14.84 14.84 14.84 14.45 14.45 14.45 14.45 14.13 14.13 14.13 14.13 14.55 14.55 14.55 14.55 15.57 15.57 15.57 15.57 16.34 16.34 16.34 16.34 16.69 16.69 16.69 16.69 16.26 16.26 16.26 16.26 14.65 14.65 14.65 14.65 13.22 11.83 11.83 11.83 11.25 11.25 11.25 11.25 10.94 10.94 10.94 10.94 12.08 12.08 12.08 12.08 14.74 14.74 14.74 14.74 16.90 16.90 0.00 16.90 16.07 16.07 16.07 16.07 14.66 14.66 14.66 14.66 13.81 13.81 13.81 13.81 13.18 13.18 13.18 13.18
18.46 19.21 19.21 14.51 14.51 14.84 14.84 14.84 14.84 14.45 14.45 14.45 14.45 14.13 14.13 14.13 14.13 14.55 14.55 14.55 14.55 15.57 15.57 15.57 15.57 16.34 16.34 16.34 16.34 16.69 16.69 16.69 16.69 16.26 16.26 16.26 16.26 14.65 14.65 14.65 14.65 13.22 13.22 13.22 11.83 11.25 11.25 11.25 11.25 10.94 10.94 10.94 10.94 12.08 12.08 12.08 12.08 14.74 14.74 14.74 14.74 16.90 16.90 16.90 16.90 16.07 16.07 16.07 16.07 14.66 14.66 14.66 14.66 13.81 13.81 13.81 13.81 13.18 13.18 13.18 13.18
18.46 19.21 19.21 19.21 14.51 14.84 14.84 14.84 14.84 14.45 14.45 14.45 14.45 14.13 14.13 14.13 14.13 14.55 14.55 14.55 14.55 15.57 15.57 15.57 15.57 16.34 16.34 16.34 16.34 16.69 16.69 16.69 16.69 16.26 16.26 16.26 16.26 14.65 14.65 14.65 14.65 13.22 13.22 13.22 13.22 11.25 11.25 11.25 11.25 10.94 10.94 10.94 10.94 12.08 12.08 12.08 12.08 14.74 14.74 14.74 14.74 16.90 16.90 16.90 16.90 16.07 16.07 16.07 16.07 14.66 14.66 14.66 14.66 13.81 13.81 13.81 13.81 13.18 13.18 13.18 13.18
18.46 19.21 19.21 19.21 14.51 14.84 14.84 14.84 14.84 14.45 14.45 14.45 14.45 14.13 14.13 14.13 14.13 14.55 14.55 14.55 14.55 15.57 15.57 15.57 15.57 16.34 16.34 16.34 16.34 16.69 16.69 16.69 16.69 16.26 16.26 16.26 16.26 14.65 14.65 14.65 14.65 13.22 13.22 13.22 13.22 12.60 12.60 11.25 11.25 10.94 10.94 10.94 10.94 12.08 12.08 12.08 12.08 14.74 14.74 14.74 14.74 16.90 16.90 16.90 16.90 16.07 16.07 16.07 16.07 14.66 14.66 14.66 14.66 13.81 13.81 13.81 13.81 13.18 13.18 13.18 13.18
18.74 19.24 19.24 19.24 14.54 14.98 14.98 14.98 14.98 15.20 15.20 15.20 15.20 15.59 15.59 15.59 15.59 16.99 16.99 16.99 16.99 18.22 18.22 18.22 18.22 17.66 17.66 17.66 17.66 16.84 16.84 16.84 16.84 16.06 16.06 16.06 16.06 15.79 15.79 15.79 15.79 15.46 15.46 15.46 15.46 15.18 15.18 15.18 13.61 13.64 13.64 13.64 13.64 15.07 15.07 15.07 15.07 16.43 16.43 16.43 16.43 16.39 16.39 16.39 16.39 15.22 15.22 15.22 15.22 14.23 14.23 14.23 14.23 13.22 13.22 13.22 13.22 12.73 12.73 12.73 12.73
18.74 19.24 19.24 19.24 19.24 14.98 14.98 14.98 14.98 15.20 15.20 15.20 15.20 15.59 15.59 15.59 15.59 16.99 16.99 16.99 16.99 18.22 18.22 18.22 18.22 17.66 17.66 17.66 17.66 16.84 16.84 16.84 16.84 16.06 16.06 16.06 16.06 15.79 15.79 15.79 15.79 15.46 15.46 15.46 15.46 15.18 15.18 15.18 15.18 15.22 13.64 13.64 13.64 15.07 15.07 15.07 15.07 16.43 16.43 16.43 16.43 16.39 16.39 16.39 16.39 15.22 15.22 15.22 15.22 14.23 14.23 14.23 14.23 13.22 13.22 13.22 13.22 12.73 12.73 12.73 12.73
19.40 19.95 19.95 19.95 19.95 15.60 15.60 15.60 15.60 15.84 15.84 15.84 15.84 16.07 16.07 16.07 16.07 17.57 17.57 17.57 17.57 18.90 18.90 18.90 18.90 18.30 18.30 18.30 18.30 16.99 16.99 16.99 16.99 16.20 16.20 16.20 16.20 15.92 15.92 15.92 15.92 15.59 15.59 15.59 15.59 15.12 15.12 15.12 15.12 15.15 15.15 13.62 13.62 15.03 15.03 15.03 15.03 16.38 16.38 16.38 16.38 16.17 16.17 16.17 16.17 15.04 15.04 15.04 15.04 14.07 14.07 14.07 14.07 13.10 13.10 13.10 13.10 12.35 12.35 12.35 12.35
19.40 19.95 19.95 19.95 19.95 20.44 15.60 15.60 15.60 15.84 15.84 15.84 15.84 16.07 16.07 16.07 16.07 17.57 17.57 17.57 17.57 18.90 18.90 18.90 18.90 18.30 18.30 18.30 18.30 16.99 16.99 16.99 16.99 16.20 16.20 16.20 16.20 15.92 15.92 15.92 15.92 15.59 15.59 15.59 15.59 15.12 15.12 15.12 15.12 15.15 15.15 15.15 13.62 15.03 15.03 15.03 15.03 16.38 16.38 16.38 16.38 16.17 16.17 16.17 16.17 15.04 15.04 11.82 15.04 14.07 14.07 14.07 14.07 13.10 13.10 13.10 13.10 12.35 12.35 12.35 12.35
19.23 20.17 20.17 20.17 20.17 20.40 15.56 15.56 15.56 16.04 16.04 16.04 16.04 17.88 17.88 17.88 17.88 19.30 19.30 19.30 19.30 17.71 17.71 17.71 17.71 15.43 15.43 15.43 15.43 15.00 15.00 15.00 15.00 14.92 14.92 14.92 14.92 14.88 14.88 14.88 14.88 14.78 14.78 14.78 14.78 15.30 15.30 15.30 15.30 16.52 16.52 16.52 16.52 17.44 15.72 15.72 15.72 16.06 16.06 16.06 16.06 15.47 15.47 15.47 15.47 14.71 14.71 14.71 14.71 14.01 14.01 14.01 14.01 13.00 13.00 13.00 13.00 12.04 12.04 12.04 12.04
19.23 20.17 20.17 20.17 20.17 20.40 15.56 15.56 15.56 16.04 16.04 16.04 16.04 17.88 17.88 17.88 17.88 19.30 19.30 19.30 19.30 17.71 17.71 17.71 17.71 15.43 15.43 15.43 15.43 15.00 15.00 15.00 15.00 14.92 14.92 14.92 14.92 14.88 14.88 14.88 14.88 14.78 14.78 14.78 14.78 15.30 15.30 15.30 15.30 16.52 16.52 16.52 16.52 17.44 17.44 15.72 15.72 16.06 16.06 16.06 16.06 15.47 15.47 15.47 15.47 0.00 0.00 14.71 14.71 14.01 14.01 14.01 14.01 13.00 13.00 13.00 13.00 12.04 12.04 12.04 12.04
19.23 20.17 20.17 20.17 20.17 20.40 20.40 15.56 15.56 16.04 16.04 16.04 16.04 17.88 17.88 17.88 17.88 19.30 19.30 19.30 19.30 17.71 17.71 17.71 17.71 15.43 15.43 15.43 15.43 15.00 15.00 15.00 15.00 14.92 14.92 14.92 14.92 14.88 14.88 14.88 14.88 14.78 14.78 14.78 14.78 15.30 15.30 15.30 15.30 16.52 16.52 16.52 16.52 17.44 17.44 17.44 17.44 16.06 16.06 16.06 16.06 15.47 15.47 15.47 15.47 14.71 14.71 14.71 14.71 14.01 14.01 14.01 14.01 13.00 13.00 13.00 13.00 12.04 12.04 12.04 12.04
19.23 20.17 20.17 20.17 20.17 20.40 20.40 15.56 15.56 16.04 16.04 16.04 16.04 17.88 17.88 17.88 17.88 19.30 19.30 19.30 19.30 17.71 17.71 17.71 17.71 15.43 15.43 15.43 15.43 15.00 15.00 15.00 15.00 14.92 14.92 14.92 14.92 14.88 14.88 14.88 14.88 14.78 14.78 14.78 14.78 15.30 15.30 15.30 15.30 16.52 16.52 16.52 16.52 17.44 17.44 17.44 17.44 17.82 16.06 16.06 16.06 15.47 15.47 15.47 15.47 14.71 14.71 14.71 14.71 14.01 14.01 14.01 14.01 13.00 13.00 13.00 13.00 12.04 12.04 12.04 12.04
18.81 19.86 19.86 19.86 19.86 20.36 20.36 20.36 15.52 16.65 16.65 16.65 16.65 18.93 18.93 18.93 18.93 18.32 18.32 18.32 18.32 14.91 14.91 14.91 14.91 13.07 13.07 13.07 13.07 13.22 13.22 13.22 13.22 13.49 13.49 13.49 13.49 12.99 12.99 12.99 12.99 12.89 12.89 12.89 12.89 14.37 14.37 14.37 14.37 16.05 16.05 16.05 16.05 17.28 17.28 17.28 17.28 17.50 17.50 17.50 15.77 14.39 14.39 14.39 14.39 13.68 13.68 13.68 13.68 13.59 13.59 13.59 13.59 13.05 13.05 13.05 13.05 11.93 11.93 11.93 11.93
18.81 19.86 19.86 19.86 19.86 20.36 20.36 20.36 15.52 16.65 16.65 16.65 16.65 18.93 18.93 18.93 18.93 18.32 18.32 18.32 18.32 14.91 14.91 14.91 14.91 13.07 13.07 13.07 13.07 13.22 13.22 13.22 13.22 13.49 13.49 13.49 13.49 12.99 12.99 12.99 12.99 12.89 12.89 12.89 12.89 14.37 14.37 14.37 14.37 16.05 16.05 16.05 16.05 17.28 17.28 17.28 17.28 17.50 17.50 17.50 17.50 14.39 14.39 14.39 14.39 13.68 13.68 13.68 13.68 13.59 13.59 13.59 13.59 13.05 13.05 13.05 13.05 11.93 11.93 11.93 11.93
18.81 19.86 19.86 19.86 19.86 20.36 20.36 20.36 15.52 16.65 16.65 16.65 16.65 18.93 18.93 18.93 18.93 18.32 18.32 18.32 18.32 14.91 14.91 14.91 14.91 13.07 13.07 13.07 13.07 13.22 13.22 13.22 13.22 13.49 13.49 13.49 13.49 12.99 12.99 12.99 12.99 12.89 12.89 12.89 12.89 14.37 14.37 14.37 14.37 16.05 16.05 16.05 16.05 17.28 17.28 17.28 17.28 17.50 17.50 17.50 17.50 15.98 14.39 14.39 14.39 13.68 13.68 13.68 13.68 13.59 13.59 13.59 13.59 13.05 13.05 13.05 13.05 11.93 11.93 11.93 11.93
18.81 19.86 19.86 19.86 19.86 20.36 20.36 20.36 20.36 16.65 16.65 16.65 16.65 18.93 18.93 18.93 18.93 18.32 18.32 18.32 18.32 14.91 14.91 14.91 14.91 13.07 13.07 13.07 13.07 13.22 13.22 13.22 13.22 13.49 13.49 13.49 13.49 12.99 12.99 12.99 12.99 12.89 12.89 12.89 12.89 14.37 14.37 14.37 14.37 16.05 16.05 16.05 16.05 17.28 17.28 17.28 17.28 17.50 17.50 17.50 17.50 15.98 15.98 15.98 14.39 13.68 13.68 13.68 13.68 13.59 13.59 13.59 13.59 13.05 13.05 13.05 13.05 11.93 11.93 11.93 11.93
19.14 20.10 20.10 20.10 20.10 20.64 20.64 20.64 20.64 17.10 17.10 17.10 17.10 19.24 19.24 19.24 19.24 17.29 17.29 17.29 17.29 13.86 13.86 13.86 13.86 12.49 12.49 12.49 12.49 12.37 12.37 12.37 12.37 12.32 12.32 12.32 12.32 12.20 12.20 12.20 12.20 13.12 13.12 13.12 13.12 14.90 14.90 14.90 14.90 16.33 16.33 16.33 16.33 17.45 17.45 17.45 17.45 16.67 16.67 16.67 16.67 15.34 15.34 15.34 15.34 13.08 13.08 13.08 13.08 12.65 12.65 12.65 12.65 12.21 12.21 12.21 12.21 11.52 11.52 11.52 11.52
19.14 20.10 20.10 20.10 20.10 20.64 20.64 20.64 20.64 21.91 17.10 17.10 17.10 19.24 19.24 19.24 19.24 17.29 17.29 17.29 17.29 13.86 13.86 13.86 13.86 12.49 12.49 12.49 12.49 12.37 12.37 12.37 12.37 12.32 12.32 12.32 12.32 12.20 12.20 12.20 12.20 13.12 13.12 13.12 13.12 14.90 14.90 14.90 14.90 16.33 16.33 16.33 16.33 17.45 17.45 17.45 17.45 16.67 16.67 16.67 16.67 15.34 15.34 15.34 15.34 14.56 14.56 13.08 13.08 12.65 12.65 12.65 12.65 12.21 12.21 12.21 12.21 11.52 11.52 11.52 11.52
19.14 20.10 20.10 20.10 20.10 20.64 20.64 20.64 20.64 21.91 17.10 17.10 17.10 19.24 19.24 19.24 19.24 17.29 17.29 17.29 17.29 13.86 13.86 13.86 13.86 12.49 12.49 12.49 12.49 12.37 12.37 12.37 12.37 12.32 12.32 12.32 12.32 12.20 12.20 12.20 12.20 13.12 13.12 13.12 13.12 14.90 14.90 14.90 14.90 16.33 16.33 16.33 16.33 17.45 17.45 17.45 17.45 16.67 16.67 16.67 16.67 15.34 15.34 15.34 15.34 14.56 14.56 14.56 13.08 12.65 12.65 12.65 12.65 12.21 12.21 12.21 12.21 11.52 11.52 11.52 11.52
19.14 20.10 20.10 20.10 20.10 20.64 20.64 20.64 20.64 21.91 17.10 17.10 17.10 19.24 19.24 19.24 19.24 17.29 17.29 17.29 17.29 13.86 13.86 13.86 13.86 12.49 12.49 12.49 12.49 12.37 12.37 12.37 12.37 12.32 12.32 12.32 12.32 12.20 12.20 12.20 12.20 13.12 13.12 13.12 13.12 14.90 14.90 14.90 14.90 16.33 16.33 16.33 16.33 17.45 17.45 17.45 17.45 16.67 16.67 16.67 16.67 15.34 15.34 15.34 15.34 14.56 14.56 14.56 14.56 14.09 12.65 12.65 12.65 12.21 12.21 12.21 12.21 11.52 11.52 11.52 11.52
19.76 20.24 20.24 20.24 20.24 20.89 20.89 20.89 20.89 22.72 22.72 17.92 17.92 19.05 19.05 19.05 19.05 15.49 15.49 15.49 15.49 13.05 13.05 13.05 13.05 12.24 12.24 12.24 12.24 11.86 11.86 11.86 11.86 11.94 11.94 11.94 11.94 13.09 13.09 13.09 13.09 14.82 14.82 14.82 14.82 15.55 15.55 15.55 15.55 16.69 16.69 16.69 16.69 17.09 17.09 17.09 17.09 15.94 15.94 15.94 15.94 15.16 15.16 15.16 15.16 14.09 14.09 14.09 14.09 13.22 13.22 11.85 11.85 11.39 11.39 11.39 11.39 10.66 10.66 10.66 10.66
19.76 20.24 20.24 20.24 20.24 20.89 20.89 20.89 20.89 22.72 22.72 17.92 17.92 19.05 19.05 19.05 19.05 15.49 15.49 15.49 15.49 13.05 13.05 13.05 13.05 12.24 12.24 12.24 12.24 11.86 11.86 11.86 11.86 11.94 11.94 11.94 11.94 13.09 13.09 13.09 13.09 14.82 14.82 14.82 14.82 15.55 15.55 15.55 15.55 16.69 16.69 16.69 16.69 17.09 17.09 17.09 17.09 15.94 15.94 15.94 15.94 15.16 15.16 15.16 15.16 14.09 14.09 14.09 14.09 13.22 13.22 13.22 13.22 11.39 11.39 11.39 11.39 10.66 10.66 10.66 10.66
20.20 20.72 20.72 20.72 20.72 21.41 21.41 21.41 21.41 23.36 23.36 18.48 18.48 19.18 19.18 19.18 19.18 15.58 15.58 15.58 15.58 13.11 13.11 13.11 13.11 12.28 12.28 12.28 12.28 11.75 11.75 11.75 11.75 11.84 11.84 11.84 11.84 12.92 12.92 12.92 12.92 14.57 14.57 14.57 14.57 15.06 15.06 15.06 15.06 16.10 16.10 16.10 16.10 16.46 16.46 16.46 16.46 15.42 15.42 15.42 15.42 14.53 14.53 14.53 14.53 13.58 13.58 13.58 13.58 12.81 0.00 12.81 12.81 12.37 11.08 11.08 11.08 10.40 10.40 0.00 0.00
20.20 20.72 20.72 20.72 20.72 21.41 21.41 21.41 21.41 23.36 23.36 23.36 18.48 19.18 19.18 19.18 19.18 15.58 15.58 15.58 15.58 13.11 13.11 13.11 13.11 12.28 12.28 12.28 12.28 11.75 11.75 11.75 11.75 11.84 11.84 11.84 11.84 12.92 12.92 12.92 12.92 14.57 14.57 14.57 14.57 15.06 15.06 15.06 15.06 16.10 16.10 16.10 16.10 16.46 16.46 16.46 16.46 15.42 15.42 15.42 15.42 14.53 14.53 14.53 14.53 13.58 13.58 13.58 13.58 12.81 12.81 12.81 0.00 12.37 12.37 11.08 11.08 10.40 10.40 0.00 0.00
20.33 20.95 20.95 20.95 20.95 22.21 22.21 22.21 22.21 24.48 24.48 24.48 19.62 17.64 17.64 17.64 17.64 13.68 13.68 13.68 13.68 12.49 12.49 12.49 12.49 12.12 12.12 12.12 12.12 11.82 11.82 11.82 11.82 12.43 12.43 12.43 12.43 14.16 14.16 14.16 14.16 15.06 15.06 15.06 15.06 15.16 15.16 15.16 15.16 16.04 16.04 16.04 16.04 15.74 15.74 15.74 15.74 14.93 14.93 14.93 14.93 14.04 14.04 14.04 14.04 13.51 13.51 13.51 13.51 12.81 12.81 12.81 11.08 0.00 12.29 12.29 0.00 0.00 10.46 0.00 0.00
20.33 20.95 20.95 20.95 20.95 22.21 22.21 22.21 22.21 24.48 24.48 24.48 24.48 17.64 17.64 17.64 17.64 13.68 13.68 13.68 13.68 12.49 12.49 12.49 12.49 12.12 12.12 12.12 12.12 11.82 11.82 11.82 11.82 12.43 12.43 12.43 12.43 14.16 14.16 14.16 14.16 15.06 15.06 15.06 15.06 15.16 15.16 15.16 15.16 16.04 16.04 16.04 16.04 15.74 15.74 15.74 15.74 14.93 14.93 14.93 14.93 14.04 14.04 14.04 14.04 13.51 13.51 13.51 13.51 12.81 12.81 12.81 12.81 0.00 12.29 12.29 0.00 0.00 0.00 0.00 0.00
20.33 20.95 20.95 20.95 20.95 22.21 22.21 22.21 22.21 24.48 24.48 24.48 24.48 17.64 17.64 17.64 17.64 13.68 13.68 13.68 13.68 12.49 12.49 12.49 12.49 12.12 12.12 12.12 12.12 11.82 11.82 11.82 11.82 12.43 12.43 12.43 12.43 14.16 14.16 14.16 14.16 15.06 15.06 15.06 15.06 15.16 15.16 15.16 15.16 16.04 16.04 16.04 16.04 15.74 15.74 15.74 15.74 14.93 14.93 14.93 14.93 14.04 14.04 14.04 14.04 13.51 13.51 13.51 13.51 12.81 12.81 12.81 11.08 12.29 12.29 12.29 12.29 0.00 0.00 0.00 0.00
20.33 20.95 20.95 20.95 20.95 22.21 22.21 22.21 22.21 24.48 24.48 24.48 24.48 17.64 17.64 17.64 17.64 13.68 13.68 13.68 13.68 12.49 12.49 12.49 12.49 12.12 12.12 12.12 12.12 11.82 11.82 11.82 11.82 12.43 12.43 12.43 12.43 14.16 14.16 14.16 14.16 15.06 15.06 15.06 15.06 15.16 15.16 15.16 15.16 16.04 16.04 16.04 16.04 15.74 15.74 15.74 15.74 14.93 14.93 14.93 14.93 14.04 14.04 14.04 14.04 13.51 13.51 13.51 13.51 12.81 12.81 12.81 12.81 0.00 12.29 12.29 12.29 11.69 0.00 0.00 0.00
