New_Model_Runs/14_Future_RCP8.5_Scn1_out/post_prcessed_with_MFR/actual_et_annual.asc
NCOLS 700
NROWS 400
XLLCENTER 515000.000000
YLLCENTER 8409000.000000
CELLSIZE 50.000000
NODATA_value -999.000000
[rows 216 to 251 of 400, columns 162 to 242 of 700]
12.46 12.46 12.46 12.46 12.46 12.46 48.71 48.72 12.46 41.32 12.46 41.32 12.46 41.32 41.21 12.43 12.43 41.21 41.21 12.43 39.30 37.60 48.28 11.28 37.60 40.97 40.97 40.97 40.97 40.97 38.82 38.82 38.82 45.76 35.58 35.58 35.58 35.63 11.75 11.75 11.75 11.75 11.75 11.75 11.75 11.75 12.31 12.31 12.31 12.31 12.31 12.31 12.31 12.31 12.31 12.31 12.31 12.31 12.31 12.31 12.31 12.31 12.54 12.54 12.54 12.54 12.54 12.54 12.54 12.54 12.54 12.54 12.54 12.54 12.54 39.57 12.54 12.54 13.07 13.07 13.07
12.46 12.46 12.46 12.46 12.46 12.46 12.46 41.32 12.46 41.32 12.46 12.46 41.32 41.32 12.43 12.43 12.43 41.21 41.21 41.21 48.28 48.55 48.28 37.60 40.97 40.97 40.97 40.97 40.97 40.97 38.82 38.82 45.76 45.76 45.76 11.75 11.75 11.75 11.75 11.75 11.75 11.75 11.75 11.75 11.75 11.75 12.31 12.31 12.31 12.31 12.31 12.31 12.31 12.31 12.31 12.31 12.31 12.31 12.31 12.31 12.31 12.31 12.54 12.54 12.54 12.54 12.54 12.54 12.54 12.54 12.54 12.54 12.54 12.54 12.54 12.54 12.54 12.54 13.07 13.07 13.07
12.46 12.46 12.46 12.46 12.46 12.46 12.46 41.32 41.32 41.32 12.46 12.46 41.32 41.32 41.21 12.43 12.43 40.97 40.97 40.97 40.97 12.43 40.97 40.97 40.97 37.60 40.97 40.97 40.97 48.28 45.76 45.76 45.76 45.76 11.75 37.17 11.75 11.75 11.75 11.75 11.75 11.75 11.75 11.75 11.75 11.75 12.31 12.31 12.31 12.31 12.31 12.31 12.31 12.31 12.31 12.31 12.31 12.31 12.31 12.31 12.31 12.31 12.54 12.54 12.54 12.54 12.54 12.54 12.54 12.54 12.54 12.54 12.54 12.54 12.54 12.54 12.54 12.54 13.07 13.07 13.07
12.46 12.46 12.46 18.28 37.78 12.46 12.46 41.29 41.29 41.32 12.46 12.46 37.79 41.32 12.43 12.43 37.60 37.60 40.97 18.23 37.60 12.43 12.43 40.97 40.97 37.60 40.97 37.60 48.28 48.28 45.76 45.76 45.76 35.58 35.58 11.75 11.75 11.75 11.75 11.75 11.75 11.75 11.75 11.75 17.23 11.75 12.31 12.31 12.31 12.31 12.31 12.31 12.31 12.31 12.31 12.31 12.31 12.31 12.31 12.31 12.31 12.31 12.54 12.54 12.54 12.54 12.54 12.54 12.54 12.54 12.54 12.54 12.54 12.54 12.54 12.54 12.54 12.54 13.07 13.07 13.07
12.46 12.46 12.46 12.46 12.46 12.46 12.46 12.46 12.46 12.46 41.29 41.29 37.79 41.32 12.43 12.43 12.43 40.97 40.97 37.60 37.60 12.43 12.43 12.43 40.97 37.60 37.60 12.43 48.28 48.28 45.76 45.76 45.76 35.58 35.58 35.58 11.75 11.75 11.75 11.75 11.75 11.75 11.75 11.75 11.75 17.23 12.31 12.31 12.31 12.31 12.31 40.60 40.83 12.31 12.31 12.31 12.31 12.31 12.31 12.31 12.31 12.31 12.54 12.54 12.54 12.54 12.54 12.54 12.54 12.54 12.54 12.54 12.54 12.54 12.54 12.54 12.54 12.54 13.07 13.07 13.07
41.09 37.78 12.46 12.46 12.46 12.46 12.46 12.46 12.46 12.46 12.46 12.46 12.46 37.78 18.23 12.43 12.43 12.43 40.97 37.60 37.60 37.60 37.60 40.97 40.97 37.60 37.60 37.60 12.43 48.28 45.76 45.76 35.58 38.82 35.58 38.82 11.75 39.02 11.75 11.75 11.75 11.75 11.75 11.75 17.23 17.23 12.31 12.31 12.31 40.60 40.60 40.60 40.83 12.31 12.31 12.31 12.31 12.31 12.31 12.31 12.31 12.31 12.54 12.54 12.54 12.54 12.54 12.54 12.54 12.54 12.54 12.54 12.54 12.54 12.54 12.54 12.54 12.54 13.07 13.07 13.07
48.60 48.60 12.46 12.46 12.46 12.46 12.46 12.46 12.46 12.46 12.46 12.46 12.46 37.78 37.69 12.43 12.43 12.43 48.45 48.18 48.28 48.28 48.28 40.97 40.97 37.60 40.97 37.60 40.97 40.97 46.00 45.76 46.00 38.82 35.58 38.82 38.82 35.58 35.58 11.75 11.75 39.02 17.23 11.75 17.23 17.23 40.83 40.60 40.60 40.60 40.60 40.60 40.83 12.31 12.31 12.31 12.31 12.31 12.31 12.31 12.31 12.31 12.54 12.54 12.54 12.54 12.54 12.54 12.54 12.54 12.54 12.54 12.54 39.57 39.57 12.54 12.54 12.54 13.07 13.07 13.07
12.46 12.46 12.46 12.46 12.46 12.46 12.46 12.46 12.46 12.46 12.46 12.46 48.81 48.60 48.69 12.43 12.43 12.43 48.18 48.45 48.18 48.45 40.99 40.97 40.97 40.97 40.97 40.97 40.97 40.97 45.76 38.82 38.82 38.82 38.82 38.82 38.82 35.58 38.82 38.82 11.75 38.82 38.82 38.82 38.82 38.82 40.60 40.60 40.60 40.60 40.60 40.60 12.31 12.31 12.31 12.31 12.31 12.31 12.31 12.31 12.31 12.31 12.54 12.54 12.54 12.54 12.54 12.54 12.54 39.57 39.57 39.57 39.57 39.57 39.57 39.57 39.57 39.57 41.15 41.15 13.07
12.46 12.46 12.46 37.69 41.09 12.46 12.46 48.29 12.46 12.46 12.46 12.46 48.81 12.46 12.43 12.43 12.43 12.43 48.18 40.99 40.99 48.18 40.99 40.99 40.99 40.99 40.99 40.97 41.12 48.64 46.00 38.82 38.82 38.82 35.58 35.58 38.82 35.58 35.58 38.82 38.82 38.82 38.82 38.82 38.82 38.82 40.60 40.60 40.60 40.60 40.60 12.31 12.31 12.31 12.31 12.31 12.31 12.31 12.31 12.31 12.31 12.31 12.54 12.54 12.54 12.54 12.54 12.54 12.54 39.57 39.57 39.57 39.57 39.57 39.57 39.57 39.57 39.57 13.07 13.07 13.07
48.29 48.29 48.29 48.29 12.46 41.09 41.09 12.46 12.46 12.46 41.09 12.46 48.29 12.46 12.43 48.45 48.18 12.43 40.99 40.99 48.45 38.24 48.45 40.99 40.99 40.99 40.99 40.99 40.99 40.99 38.82 38.82 38.82 38.82 38.82 38.82 38.82 35.58 38.82 38.82 38.82 38.82 38.82 38.82 38.82 38.82 40.60 40.60 40.60 40.60 40.60 40.60 40.60 40.60 40.60 40.60 40.60 40.60 40.60 40.60 40.60 12.31 12.54 12.54 12.54 12.54 12.54 12.54 12.54 39.57 39.57 39.57 39.57 12.54 12.54 39.57 12.54 12.54 13.07 13.07 13.07
47.72 47.72 47.72 12.28 12.28 37.19 37.19 47.72 12.28 40.59 40.59 40.59 47.72 12.28 48.92 12.60 48.92 41.62 38.17 41.62 49.19 49.19 49.19 41.62 41.62 41.62 41.62 41.62 41.62 49.19 38.64 38.64 38.64 35.36 38.56 38.56 38.56 38.56 38.56 38.56 38.56 38.56 38.56 38.56 38.56 38.56 37.09 37.09 37.09 37.09 37.09 37.09 37.09 37.09 37.09 37.09 37.09 37.09 43.93 43.93 37.09 35.45 12.38 12.38 12.38 12.38 12.38 12.38 12.38 39.06 39.06 12.38 12.38 12.38 39.06 39.06 39.06 39.06 13.22 13.22 13.22
40.59 40.59 38.84 12.28 38.84 47.72 47.72 12.28 18.01 40.59 40.59 40.59 40.59 40.59 12.60 41.62 41.62 38.17 41.62 41.62 41.62 41.62 48.92 49.19 38.17 48.93 49.19 41.62 41.62 48.92 45.68 38.64 38.64 38.64 38.64 38.64 38.64 38.56 38.56 38.56 38.56 38.56 38.56 38.56 38.56 38.56 37.09 37.09 37.09 37.09 37.09 37.09 37.09 37.09 37.09 43.93 43.93 37.09 37.09 43.75 43.75 35.45 40.83 39.14 12.38 12.38 12.38 40.64 12.38 12.38 39.06 12.38 12.38 12.38 39.06 12.38 12.38 12.38 13.22 13.22 13.22
12.28 12.28 38.84 12.28 12.28 47.72 12.28 40.59 12.28 12.28 40.59 40.59 40.59 40.59 41.62 41.62 41.62 41.62 41.62 41.62 41.62 41.62 49.19 49.19 38.84 49.19 49.19 49.19 49.19 49.19 36.71 38.64 45.45 38.64 45.45 38.64 38.64 35.36 45.68 45.68 38.64 38.70 38.56 38.56 38.56 38.56 37.09 37.09 37.09 37.09 11.20 37.09 37.09 43.93 37.09 37.09 37.09 37.09 37.09 43.75 37.09 35.45 40.83 12.38 12.38 12.38 12.38 37.36 37.36 12.38 39.06 12.38 12.38 12.38 12.38 12.38 12.38 12.38 13.22 13.22 13.22
12.28 12.28 12.28 18.01 12.28 12.28 12.28 40.59 12.28 12.28 40.59 40.59 40.59 40.59 38.17 41.62 41.62 41.62 41.62 41.62 41.62 41.62 41.62 41.62 41.62 41.62 49.19 38.84 49.19 49.19 36.71 45.45 45.68 45.68 45.45 45.68 45.68 45.68 36.71 36.71 45.68 45.68 45.68 38.64 45.68 38.67 37.09 37.09 37.09 37.09 37.09 37.09 43.75 43.93 43.93 43.93 37.09 37.09 37.09 11.20 11.20 11.20 12.38 12.38 12.38 12.38 12.38 12.38 40.64 12.38 12.38 39.06 12.38 12.38 12.38 12.38 12.38 40.64 43.24 43.24 43.24
12.28 12.28 12.28 12.28 12.28 12.28 12.28 12.28 12.28 12.28 12.28 12.28 12.28 12.28 41.62 41.62 41.62 41.62 41.62 41.62 41.62 41.62 41.62 41.62 41.62 41.62 49.19 49.19 49.19 49.19 45.45 45.68 45.45 45.45 45.68 45.68 36.71 36.71 45.68 45.45 45.45 35.06 45.68 36.71 45.45 45.68 43.93 37.15 37.09 37.09 37.09 33.95 43.75 43.93 43.93 43.75 37.09 33.94 33.94 11.20 11.20 11.20 12.38 12.38 12.38 12.38 12.38 12.38 12.38 12.38 12.38 12.38 12.38 12.38 12.38 12.38 37.36 37.36 43.24 43.24 13.22
12.28 12.28 12.28 12.28 12.28 12.28 12.28 12.28 12.28 12.28 12.28 12.28 12.28 12.28 12.60 12.60 12.60 41.62 41.62 41.62 41.62 41.62 41.62 41.62 41.62 41.62 49.19 41.62 49.19 38.84 45.68 45.68 45.68 45.68 36.71 45.68 35.06 36.71 45.68 45.68 45.68 45.45 35.36 45.68 36.71 45.68 43.93 37.15 43.93 43.93 43.71 43.93 43.93 43.93 43.93 11.20 11.20 33.94 33.94 11.20 11.20 11.20 12.38 12.38 12.38 12.38 12.38 12.38 12.38 18.15 40.64 40.73 40.64 12.38 40.64 12.38 12.38 40.64 43.24 13.22 13.22
12.28 12.28 12.28 12.28 12.28 12.28 12.28 12.28 12.28 12.28 12.28 12.28 12.28 12.28 12.60 41.81 12.60 12.60 41.62 41.62 48.92 38.17 41.62 41.62 41.62 41.62 41.62 41.62 49.19 49.19 38.64 35.36 45.68 38.64 45.68 45.68 45.68 36.71 45.45 45.45 45.68 35.37 35.37 17.10 45.45 45.68 43.93 43.93 43.71 43.93 43.71 43.93 11.20 11.20 11.20 11.20 11.20 11.20 11.20 11.20 11.20 11.20 12.38 12.38 12.38 12.38 12.38 12.38 12.38 40.64 40.64 40.73 48.16 40.64 12.38 12.38 41.05 12.38 13.22 13.22 13.22
12.28 12.28 12.28 12.28 12.28 12.28 12.28 12.28 12.28 12.28 12.28 12.28 12.28 12.28 12.60 12.60 12.60 18.48 18.48 12.60 12.60 12.60 41.62 41.62 41.62 41.62 41.62 41.62 49.19 41.62 38.64 35.36 45.45 38.64 45.45 45.68 38.64 36.71 38.64 45.82 45.82 45.82 35.37 45.68 45.68 45.68 43.93 43.93 11.20 43.93 43.71 43.93 11.20 11.20 11.20 35.47 16.43 11.20 11.20 11.20 11.20 11.20 12.38 12.38 12.38 12.38 12.38 12.38 12.38 12.38 40.64 48.26 40.73 40.64 41.05 48.61 48.61 48.16 43.24 13.22 13.22
12.28 12.28 12.28 12.28 12.28 12.28 12.28 12.28 12.28 12.28 12.28 12.28 12.28 12.28 12.60 12.60 12.60 12.60 12.60 12.60 12.60 41.62 41.62 41.62 41.62 41.62 41.62 41.63 49.19 41.62 38.64 38.64 38.64 38.64 38.64 45.68 35.36 45.68 35.36 45.68 35.37 35.37 45.68 45.82 35.36 35.36 11.20 11.20 11.20 11.20 43.93 11.20 16.43 43.70 43.70 37.15 37.34 37.34 44.06 11.20 11.20 11.20 12.38 12.38 12.38 12.38 12.38 12.38 12.38 12.38 40.64 40.73 48.26 48.26 48.26 48.61 40.64 40.64 43.24 13.22 13.22
12.28 12.28 12.28 12.28 12.28 12.28 12.28 12.28 12.28 12.28 12.28 12.28 12.28 12.28 12.60 12.60 12.60 12.60 12.60 12.60 12.60 12.60 41.62 12.60 41.62 41.62 41.62 41.62 41.62 41.62 38.64 35.36 38.64 38.64 38.64 45.68 17.10 35.36 35.36 11.66 11.66 35.37 38.78 45.82 35.36 35.36 11.20 11.20 11.20 16.43 11.20 11.20 11.20 43.93 43.70 37.15 37.15 37.34 35.58 44.06 33.98 37.34 40.27 40.27 40.27 12.38 12.38 12.38 12.38 12.38 12.38 40.73 47.95 48.26 37.42 48.16 48.16 40.64 13.22 13.22 13.22
12.28 12.28 12.28 12.28 12.28 12.28 12.28 12.28 12.28 12.28 12.28 12.28 12.28 12.28 12.60 12.60 12.60 12.60 12.60 12.60 12.60 12.60 12.60 12.60 41.62 41.62 41.62 41.62 41.62 41.62 38.64 35.36 35.36 35.36 38.64 35.36 45.44 17.10 11.66 11.66 35.36 35.37 45.68 38.78 35.36 35.36 43.93 11.20 11.20 11.20 11.20 11.20 11.20 11.20 43.93 11.20 33.98 37.15 44.06 44.06 44.06 44.06 48.61 41.05 12.38 40.64 12.38 12.38 37.36 48.16 37.55 48.26 39.12 37.42 48.26 41.05 12.38 12.38 13.22 13.22 43.24
12.28 12.28 12.28 12.28 12.28 12.28 12.28 12.28 12.28 12.28 12.28 12.28 12.28 12.28 12.60 12.60 12.60 12.60 12.60 12.60 12.60 12.60 12.60 12.60 38.17 41.62 41.62 41.62 41.62 41.62 38.64 38.64 35.36 35.36 38.64 35.36 45.44 36.92 38.64 38.64 11.66 35.36 35.37 35.37 35.36 17.10 11.20 11.20 11.20 11.20 11.20 11.20 11.20 11.20 16.43 43.93 11.20 33.98 44.06 44.06 44.06 44.06 48.61 48.61 41.05 40.64 40.64 41.05 48.43 48.43 37.55 39.12 39.12 48.26 48.26 48.61 37.55 12.38 13.22 13.22 13.22
12.28 12.28 12.28 12.28 12.28 12.28 12.28 12.28 12.28 12.28 12.28 12.28 12.28 12.28 12.60 12.60 12.60 12.60 12.60 12.60 12.60 12.60 12.60 41.62 38.17 41.62 41.62 41.62 41.62 41.62 38.64 38.64 35.36 11.66 38.64 11.66 45.44 11.66 38.64 38.64 38.64 35.36 11.66 36.92 45.68 45.68 11.20 11.20 11.20 11.20 11.20 11.20 37.15 11.20 11.20 33.98 33.98 33.98 43.93 37.34 37.34 37.26 48.61 48.61 48.61 41.05 37.54 37.54 37.54 48.61 41.05 48.43 48.26 47.95 48.26 41.05 37.36 18.15 43.24 13.22 13.22
12.28 12.28 12.28 12.28 12.28 12.28 12.28 12.28 12.28 12.28 12.28 12.28 12.28 12.28 12.60 12.60 12.60 12.60 12.60 12.60 12.60 12.60 12.60 41.62 41.62 41.62 41.62 41.62 41.62 41.81 38.78 38.64 35.36 11.66 11.66 11.66 11.66 11.66 11.66 38.64 11.66 17.10 11.66 38.64 38.64 11.66 11.20 11.20 11.20 11.20 11.20 37.15 37.15 43.93 37.15 16.43 43.93 11.20 43.93 43.93 37.15 43.98 41.05 41.05 48.61 48.43 48.61 37.54 48.61 48.61 48.61 37.42 47.95 48.26 40.73 41.05 40.64 40.64 43.24 13.22 13.22
12.28 12.28 12.28 12.28 12.28 12.28 12.28 12.28 12.28 12.28 12.28 12.28 12.28 12.28 12.60 12.60 12.60 12.60 12.60 12.60 12.60 12.60 38.22 38.22 41.62 38.22 38.17 12.60 12.60 41.81 38.78 38.78 35.36 11.66 11.66 11.66 11.66 11.66 45.44 45.44 45.44 11.66 11.66 38.64 38.64 11.66 11.20 11.20 11.20 11.20 11.20 37.15 33.98 37.15 35.54 35.54 43.71 43.71 43.93 43.93 37.15 36.69 41.05 41.05 41.05 37.54 48.61 48.61 48.61 48.61 41.05 37.41 48.26 40.73 41.05 41.05 40.64 40.64 43.24 13.22 13.22
12.28 12.28 12.28 12.28 12.28 12.28 12.28 12.28 12.28 12.28 12.28 12.28 12.28 12.28 12.60 12.60 12.60 12.60 12.60 12.60 12.60 12.60 38.22 38.22 38.22 38.22 18.48 12.60 12.60 41.81 11.66 11.66 11.66 11.66 11.66 11.66 11.66 11.66 11.66 11.66 17.10 11.66 11.66 11.66 17.10 11.66 11.20 11.20 11.20 11.20 33.98 37.15 37.15 37.15 37.15 43.93 43.93 33.98 43.93 43.93 37.15 36.78 40.27 41.05 41.05 41.05 39.23 39.23 48.61 48.61 48.61 48.61 48.26 40.73 41.05 41.05 40.64 12.38 13.22 13.22 13.22
12.88 12.88 12.88 12.88 12.88 12.88 12.88 12.88 12.88 12.88 12.88 12.88 12.88 12.88 13.18 13.18 13.18 13.18 13.18 13.18 13.18 13.18 13.18 39.95 39.95 13.18 13.18 13.18 13.18 13.18 12.48 12.48 12.48 12.48 12.48 12.48 12.48 12.48 12.48 12.48 12.48 12.48 12.48 12.48 12.48 12.48 12.06 12.06 12.06 12.06 36.54 39.87 39.87 39.87 39.87 47.13 47.13 47.13 39.87 39.87 39.87 39.27 40.81 41.65 41.65 49.32 49.32 39.57 49.32 49.32 49.32 49.12 41.30 38.13 38.13 38.13 41.20 12.57 13.49 13.49 13.49
12.88 12.88 12.88 12.88 12.88 12.88 12.88 12.88 12.88 12.88 12.88 12.88 12.88 12.88 13.18 13.18 13.18 13.18 13.18 13.18 13.18 13.18 13.18 13.18 39.95 13.18 13.18 13.18 13.18 13.18 12.48 12.48 12.48 12.48 12.48 12.48 12.48 12.48 12.48 12.48 12.48 12.48 12.48 12.48 12.48 12.48 12.06 12.06 12.06 36.54 46.87 39.87 36.54 47.13 46.87 12.06 12.06 36.54 39.87 39.87 39.27 39.27 40.81 40.81 41.65 41.65 49.32 49.32 49.32 49.12 49.12 49.32 41.65 41.65 38.13 38.13 38.13 12.57 13.49 13.49 13.49
12.88 12.88 12.88 12.88 12.88 12.88 12.88 12.88 12.88 12.88 12.88 12.88 12.88 12.88 13.18 13.18 13.18 13.18 13.18 13.18 13.18 13.18 13.18 13.18 39.95 39.95 13.18 13.18 13.18 13.18 12.48 12.48 12.48 12.48 12.48 12.48 12.48 12.48 12.48 12.48 12.48 12.48 12.48 12.48 12.48 12.48 12.06 12.06 12.06 39.87 36.54 36.54 36.54 36.54 12.06 12.06 12.06 12.06 47.13 47.13 39.27 39.27 40.81 40.81 41.65 41.65 49.32 49.12 38.13 49.12 49.32 38.13 41.65 41.65 38.13 38.13 38.13 38.13 40.88 13.49 13.49
12.88 12.88 12.88 12.88 12.88 12.88 12.88 12.88 12.88 12.88 12.88 12.88 12.88 12.88 13.18 13.18 13.18 13.18 13.18 13.18 13.18 13.18 13.18 13.18 13.18 13.18 13.18 13.18 13.18 13.18 12.48 12.48 12.48 12.48 12.48 12.48 12.48 12.48 12.48 12.48 12.48 12.48 12.48 12.48 12.48 18.31 12.06 12.06 39.87 39.87 39.87 46.87 12.06 12.06 12.06 46.87 12.06 12.06 37.46 47.13 39.27 39.27 40.81 40.81 41.65 49.32 49.32 49.12 38.13 38.13 38.13 38.13 38.13 49.32 38.13 38.13 38.13 49.32 40.88 44.58 13.49
12.88 12.88 12.88 12.88 12.88 12.88 12.88 12.88 12.88 12.88 12.88 12.88 12.88 12.88 13.18 13.18 13.18 43.64 39.95 39.95 13.18 13.18 13.18 43.64 43.64 13.18 13.18 13.18 13.18 13.18 12.48 12.48 12.48 12.48 12.48 12.48 12.48 12.48 12.48 12.48 12.48 12.48 12.48 12.48 12.48 12.48 12.06 12.06 36.54 39.87 39.87 12.06 12.06 46.87 46.87 46.87 46.87 12.06 47.13 47.13 38.18 39.27 40.81 40.81 49.12 49.12 49.12 49.32 49.32 49.32 49.12 49.12 38.13 38.13 38.13 38.13 49.32 49.32 52.79 52.79 13.49
12.88 12.88 12.88 12.88 12.88 12.88 12.88 12.88 12.88 12.88 12.88 12.88 12.88 12.88 13.18 13.18 13.18 43.64 39.95 39.95 39.95 13.18 13.18 43.64 43.64 13.18 13.18 13.18 13.18 13.18 12.48 12.48 12.48 12.48 12.48 12.48 12.48 12.48 12.48 12.48 12.48 12.48 12.48 12.48 12.48 12.48 12.06 12.06 12.06 39.87 39.87 36.54 17.69 46.87 46.87 46.87 12.06 46.87 47.13 37.46 17.69 36.14 40.81 41.65 41.65 38.13 38.13 38.13 39.57 49.32 49.12 49.32 49.12 38.13 38.13 38.13 49.32 49.12 40.88 40.88 13.49
12.88 12.88 12.88 12.88 12.88 12.88 12.88 12.88 12.88 12.88 12.88 12.88 12.88 12.88 13.18 13.18 19.33 43.42 13.18 39.95 13.18 13.18 43.64 43.64 13.18 13.18 13.18 13.18 13.18 13.18 12.48 12.48 12.48 12.48 12.48 12.48 12.48 12.48 12.48 12.48 12.48 12.48 12.48 12.48 12.48 12.48 12.06 12.06 12.06 12.06 36.54 39.87 12.06 46.87 46.87 46.87 12.06 39.87 46.87 39.27 39.27 36.14 41.65 41.65 41.65 41.65 49.32 49.32 39.57 39.57 49.32 49.32 49.12 41.65 49.32 49.32 41.65 41.65 40.88 40.52 13.49
12.88 12.88 12.88 12.88 12.88 12.88 12.88 12.88 12.88 12.88 12.88 12.88 12.88 12.88 13.18 13.18 51.01 19.33 13.18 13.18 13.18 13.18 19.33 43.64 51.58 13.18 13.18 13.18 13.18 13.18 12.48 12.48 12.48 12.48 12.48 12.48 12.48 12.48 12.48 12.48 12.48 12.48 12.48 12.48 12.48 12.48 12.06 46.87 46.87 46.87 12.06 12.06 46.87 46.87 46.87 46.87 17.69 12.06 46.87 39.27 39.27 36.14 38.13 41.65 41.65 41.65 49.32 49.12 39.57 49.32 49.12 41.65 49.32 41.65 41.65 41.65 41.65 41.65 44.58 52.15 13.49
12.88 12.88 12.88 12.88 12.88 12.88 12.88 12.88 12.88 12.88 12.88 12.88 12.88 12.88 13.18 13.18 13.18 19.33 19.33 13.18 13.18 43.42 13.18 13.18 19.33 19.33 13.18 13.18 13.18 13.18 12.48 12.48 12.48 12.48 12.48 12.48 12.48 12.48 12.48 12.48 12.48 12.48 12.48 12.48 12.48 12.48 12.06 46.87 46.87 46.87 46.87 46.87 46.87 46.87 46.87 46.87 36.54 36.54 36.54 39.27 39.27 39.27 49.12 38.13 41.65 49.32 49.32 49.32 49.32 49.32 41.65 41.65 41.65 41.65 41.65 41.65 41.65 41.65 44.58 51.75 13.49
12.88 12.88 12.88 12.88 12.88 12.88 12.88 12.88 12.88 12.88 12.88 12.88 12.88 12.88 13.18 13.18 13.18 19.33 19.33 13.18 43.42 19.33 13.18 19.33 19.33 19.33 13.18 13.18 13.18 13.18 12.48 12.48 12.48 12.48 12.48 12.48 12.48 12.48 12.48 12.48 12.48 12.48 12.48 12.48 12.48 12.48 12.06 46.87 46.87 46.87 46.87 46.87 46.87 46.87 46.87 12.06 36.54 36.54 39.87 39.27 39.27 46.54 38.13 41.65 49.32 49.32 39.57 49.32 49.32 49.32 49.12 41.65 41.65 41.65 41.65 41.65 41.65 41.65 44.03 13.49 40.52
