New_Model_Runs/14_Future_RCP8.5_Scn1_out/post_prcessed_with_MFR/net_infiltration_annual.asc
NCOLS 700
NROWS 400
XLLCENTER 515000.000000
YLLCENTER 8409000.000000
CELLSIZE 50.000000
NODATA_value -999.000000
[rows 216 to 251 of 400, columns 243 to 323 of 700]
72.33 71.65 71.65 71.65 71.65 71.51 71.51 71.51 79.30 74.50 70.87 70.87 70.87 70.93 73.87 73.87 73.87 75.89 75.89 75.89 75.89 76.26 76.26 76.26 76.26 76.13 88.28 88.28 108.00 99.62 99.62 99.62 105.38 100.57 77.46 77.46 67.28 66.05 66.05 66.05 66.05 65.47 65.47 65.47 75.73 63.81 63.81 63.81 63.81 63.79 63.79 63.79 63.79 63.78 63.78 63.78 63.78 63.96 41.05 63.96 63.96 64.54 64.54 64.54 64.54 64.62 64.62 64.62 64.62 64.69 68.90 64.69 73.28 61.85 71.20 64.53 62.34 52.02 67.49 49.82 42.71
72.33 71.65 78.70 76.87 71.65 71.51 75.10 71.51 71.51 70.87 70.87 70.87 70.87 70.93 73.87 73.87 73.87 75.89 75.89 75.89 75.89 76.26 76.26 76.26 88.44 88.28 88.28 108.00 108.00 99.62 99.62 99.62 99.62 99.15 77.46 59.09 72.75 66.05 66.05 66.05 66.05 65.47 65.47 65.47 65.47 63.81 63.81 63.81 63.81 63.79 63.79 63.79 63.79 63.78 63.78 63.78 63.78 66.85 63.96 63.96 63.96 64.54 64.54 68.47 64.54 64.62 64.62 64.62 64.62 64.69 64.69 64.69 73.28 61.85 58.67 52.16 54.73 59.12 58.35 49.82 85.42
72.33 71.65 76.87 76.87 71.65 71.51 71.51 71.51 71.51 70.87 70.87 70.87 70.87 70.93 70.93 73.87 73.87 75.89 75.89 75.89 75.89 77.72 77.72 77.72 77.72 88.28 88.28 108.00 108.00 99.62 99.62 99.62 90.64 90.64 64.21 61.64 67.28 75.93 75.93 66.05 66.05 65.47 65.47 65.47 65.47 63.81 63.81 63.81 63.81 63.79 63.79 63.79 63.79 63.78 63.78 63.78 63.78 63.96 63.96 63.96 63.96 64.54 64.54 64.54 64.54 64.62 64.62 64.62 64.62 64.69 64.69 73.28 70.74 61.85 56.98 48.48 46.95 51.84 42.71 44.60 101.07
72.33 71.65 71.65 71.65 71.65 75.05 71.52 71.52 71.52 70.87 70.87 70.87 70.87 70.93 70.93 73.87 73.87 75.89 75.89 75.89 75.89 77.72 77.72 77.72 75.23 88.28 108.00 108.00 108.00 99.62 92.34 95.19 90.64 90.64 92.34 64.21 64.21 73.95 75.93 75.93 66.05 65.47 65.47 65.47 67.66 58.77 61.61 63.81 63.81 63.79 63.79 63.79 63.79 63.78 63.78 63.78 68.40 63.96 63.96 63.96 63.96 64.54 64.54 68.47 64.54 64.62 64.62 64.62 64.62 64.69 64.69 73.28 73.28 58.67 56.98 46.95 46.95 57.06 47.92 47.92 92.53
72.15 71.24 71.24 71.24 71.24 71.15 71.15 71.15 71.15 71.76 71.76 71.76 71.76 71.66 71.66 74.68 74.68 76.13 76.13 76.13 76.13 77.72 75.23 75.23 75.23 107.91 107.91 107.91 107.91 99.60 92.34 90.64 90.64 61.64 61.64 64.21 64.21 66.34 78.30 84.89 71.10 65.07 65.07 65.07 65.07 20.58 60.76 64.07 64.07 64.13 64.13 64.13 64.13 63.96 63.96 63.96 63.96 63.88 63.88 63.88 63.88 64.65 64.65 73.10 64.65 64.82 64.82 64.82 67.24 67.09 64.75 73.22 73.22 70.77 56.98 46.95 14.09 42.71 57.06 47.92 90.64
72.15 71.24 71.24 71.24 71.24 71.15 71.15 74.83 71.15 71.76 71.76 71.76 71.76 71.66 71.66 71.66 74.68 76.13 76.13 76.13 76.13 120.44 75.23 77.72 108.18 107.91 107.91 107.91 107.91 99.60 90.64 93.85 90.64 66.86 60.43 103.15 69.43 64.21 84.77 75.38 65.60 65.07 65.07 65.07 65.07 45.35 58.98 83.65 68.86 64.13 64.13 64.13 64.13 63.96 63.96 63.96 63.96 63.88 63.88 63.88 63.88 64.65 64.65 61.85 61.85 55.38 64.82 65.92 42.57 42.57 46.32 64.75 73.22 78.55 52.17 48.63 14.09 12.81 23.24 28.46 55.53
76.92 71.24 71.24 71.24 71.24 71.15 71.15 71.15 71.15 71.76 71.76 71.76 71.76 71.66 71.66 71.66 74.68 76.13 76.13 76.13 76.13 117.95 75.23 77.72 108.18 107.91 107.91 107.91 107.91 99.60 103.43 90.64 82.74 70.86 108.36 117.36 69.43 75.38 75.38 65.60 65.60 68.91 65.07 65.07 65.07 58.77 57.10 53.14 83.42 64.13 67.19 64.13 64.13 63.96 63.96 63.96 63.96 63.88 63.88 63.88 56.40 64.65 64.65 61.85 92.23 62.19 77.50 67.07 42.57 42.57 42.57 64.75 64.75 69.95 64.54 46.95 46.95 55.53 90.64 60.74 55.98
72.15 71.24 71.24 71.24 71.24 74.83 71.15 71.15 71.15 71.76 71.76 71.76 71.76 71.66 71.66 71.66 77.42 76.13 76.13 76.13 76.48 117.95 75.23 105.07 108.18 107.91 107.91 107.91 107.91 99.60 92.34 92.34 93.17 103.15 97.93 67.28 67.28 75.38 65.60 70.90 65.60 68.91 65.07 68.91 68.22 64.07 72.99 62.31 63.57 66.54 61.32 71.07 64.13 63.96 63.96 63.96 63.96 63.88 63.88 63.88 56.40 64.65 57.12 104.57 89.67 58.67 69.10 52.17 47.09 42.57 67.09 47.78 69.96 61.85 58.67 89.67 89.67 12.81 12.81 44.21 54.64
71.97 76.17 70.97 70.97 85.56 75.12 75.12 71.54 71.54 71.25 71.25 71.25 71.25 72.06 76.29 72.06 72.06 76.22 80.23 88.38 117.95 146.53 103.81 105.07 108.03 107.74 107.74 107.74 107.74 99.45 105.61 90.64 90.61 120.64 66.82 66.82 66.82 72.13 65.06 65.06 65.06 68.66 53.69 53.69 64.83 63.83 63.83 45.35 64.20 53.14 47.93 61.32 64.27 68.70 64.05 64.05 64.05 64.14 64.14 64.14 56.40 57.12 99.84 54.73 52.17 89.67 19.30 52.17 49.52 42.57 42.57 52.17 19.30 56.80 89.67 52.17 52.17 47.92 44.21 44.21 59.85
71.97 70.97 70.97 70.97 70.97 71.54 71.54 71.54 71.54 71.25 71.25 71.25 71.25 72.06 72.06 72.06 72.06 73.27 89.77 75.23 146.53 103.81 84.11 108.03 108.03 107.74 107.74 107.74 107.74 99.45 104.66 70.52 103.15 58.35 72.03 66.82 66.82 65.06 70.07 65.06 53.69 64.83 53.69 53.69 67.69 63.83 63.83 63.83 92.48 87.89 47.93 77.33 64.27 64.05 68.70 64.05 64.05 64.14 64.14 64.14 64.14 64.56 99.84 54.73 46.95 89.67 94.88 19.30 14.09 52.90 49.92 56.80 56.80 56.80 46.95 54.94 54.94 49.42 44.21 53.05 58.26
71.30 71.28 71.28 71.28 71.28 70.59 70.59 70.59 70.59 71.47 71.47 71.47 71.47 71.05 71.05 71.05 71.05 81.41 71.42 114.14 101.85 109.59 109.59 109.59 105.12 104.85 104.85 104.85 127.95 95.74 100.95 113.42 110.70 60.27 76.97 71.76 63.13 61.15 61.15 64.29 48.07 48.07 48.07 48.07 60.72 60.48 60.48 60.48 65.70 88.65 51.45 51.15 54.61 54.61 60.49 60.49 60.49 39.72 60.58 62.86 39.72 104.74 52.13 40.61 38.41 38.41 81.12 54.24 54.24 81.12 91.55 64.67 11.52 81.12 46.73 46.73 50.66 61.71 60.37 55.54 32.78
71.30 75.02 71.28 71.28 71.28 70.59 70.59 70.59 70.59 71.47 71.47 71.47 71.47 71.05 71.05 71.05 71.05 81.41 116.69 114.14 101.85 101.85 82.61 109.59 105.12 104.85 104.85 107.06 124.06 86.31 91.52 108.20 60.43 76.97 71.76 71.76 63.13 61.15 61.15 61.15 48.07 48.07 48.07 48.07 48.07 60.48 60.48 60.48 60.05 56.36 90.11 43.57 57.39 65.70 60.49 60.49 60.49 62.86 52.86 67.60 39.72 40.89 94.85 40.61 54.24 54.24 54.24 54.24 38.41 16.74 62.37 64.67 10.66 53.37 36.39 9.77 47.93 61.71 61.71 33.10 32.13
71.43 71.43 71.43 71.43 71.43 70.79 70.79 71.37 70.79 71.47 71.47 71.47 71.47 70.99 70.99 70.99 70.99 74.69 116.69 116.69 107.06 99.16 105.60 104.81 104.81 104.52 104.52 107.06 114.68 78.83 92.56 76.97 63.12 61.63 69.87 69.87 61.63 63.96 60.43 60.43 48.07 48.07 48.07 48.07 48.07 60.70 60.70 60.70 60.05 51.15 43.57 86.29 51.15 56.36 65.78 39.72 60.56 60.44 56.36 56.36 45.93 40.89 91.57 54.90 54.24 11.52 11.52 38.41 38.41 46.73 48.74 48.74 78.24 78.24 37.30 9.77 0.00 26.92 0.00 0.00 0.00
71.43 71.43 71.43 71.43 71.43 70.79 71.37 71.37 70.79 71.47 71.47 71.47 71.47 70.99 70.99 73.71 69.34 72.32 75.60 116.69 107.06 107.06 107.06 104.81 104.81 101.85 104.52 114.95 103.53 92.56 63.12 63.12 63.12 61.63 61.63 69.87 69.87 63.96 60.43 60.43 60.43 60.93 60.93 60.93 60.93 60.70 60.70 60.70 73.03 82.44 66.79 91.12 90.11 55.47 51.15 58.08 65.78 60.44 66.79 29.42 43.05 60.12 54.03 90.85 42.92 11.31 48.84 21.95 37.70 38.41 38.41 51.94 13.98 9.77 0.00 0.00 0.00 0.00 0.00 0.00 0.00
71.43 71.43 71.43 71.43 71.43 70.79 75.47 71.37 70.79 71.47 71.47 71.47 71.47 70.99 70.99 70.99 69.34 70.53 72.32 114.14 100.38 100.38 101.85 104.81 101.85 100.38 101.85 93.20 130.54 95.66 63.12 63.12 63.12 61.63 61.63 61.63 65.44 60.43 60.43 60.43 60.43 60.93 60.93 60.93 60.93 60.70 60.70 60.70 66.79 77.22 66.79 20.18 55.79 86.29 48.27 56.36 51.15 60.44 72.14 71.28 90.99 74.89 64.46 21.74 42.92 48.32 42.92 48.13 37.70 38.41 38.41 21.45 20.20 20.20 0.00 0.00 0.00 0.00 0.00 0.00 0.00
71.43 71.43 71.43 71.43 71.43 71.37 71.37 70.79 75.00 71.47 71.47 71.47 71.47 70.99 70.99 70.99 70.99 71.13 70.53 115.04 110.81 110.81 101.85 104.81 82.61 101.85 100.38 109.23 148.52 63.12 63.12 63.12 63.12 61.63 61.63 61.63 61.63 60.43 60.43 60.43 60.43 60.93 60.93 60.93 69.00 68.17 60.70 60.70 73.39 45.93 50.83 49.86 13.07 86.29 85.77 12.92 55.63 88.65 56.50 43.85 53.48 53.35 37.70 80.42 37.70 45.99 38.58 37.70 37.70 38.41 38.41 40.39 0.00 0.00 0.00 0.00 0.00 0.00 0.00 0.00 26.92
71.68 71.47 71.47 71.47 75.07 70.94 70.94 70.94 70.94 71.73 71.73 71.73 71.73 71.35 71.35 71.35 71.35 71.62 74.38 115.04 110.81 110.51 100.08 100.38 110.81 99.16 100.38 88.73 99.70 60.99 62.13 66.34 62.13 60.72 60.72 60.72 60.72 60.42 60.42 60.42 60.42 61.55 61.55 61.55 57.76 54.83 54.83 57.39 45.93 45.93 43.57 43.57 19.73 61.00 55.79 55.63 55.63 48.27 18.13 52.16 43.05 37.80 11.31 80.42 37.70 38.58 38.58 43.80 43.80 37.70 45.60 40.83 9.78 0.00 0.00 0.00 0.00 0.00 0.00 0.00 26.92
71.68 71.47 71.47 80.22 75.07 70.94 70.94 70.94 70.94 71.73 71.73 71.73 71.73 71.35 71.35 71.35 71.35 71.62 71.62 115.04 101.70 105.95 101.70 100.08 93.66 99.16 93.10 93.10 99.70 62.13 66.34 62.13 62.13 60.72 60.72 60.72 60.72 60.42 60.42 60.42 60.42 61.55 61.55 61.55 61.55 60.90 57.39 57.39 57.39 74.97 45.62 45.62 61.00 100.58 13.07 43.05 43.85 58.70 18.13 48.27 48.27 11.31 11.31 54.03 54.03 42.92 42.92 42.92 51.21 53.19 44.78 50.66 47.93 0.00 14.99 0.00 0.00 0.00 0.00 26.92 26.92
71.68 71.37 73.88 71.47 71.47 70.94 70.94 70.94 70.94 71.73 71.73 71.73 71.73 71.35 71.35 71.35 71.35 71.62 71.62 117.41 107.29 106.91 101.70 106.91 104.09 98.87 101.85 131.61 77.34 67.34 62.13 62.13 62.13 60.72 60.72 60.72 60.72 60.42 69.96 60.42 60.42 61.55 61.55 61.55 65.61 60.90 57.39 57.39 74.97 74.97 87.55 55.79 13.07 43.57 43.57 43.57 54.53 59.42 54.21 54.21 54.21 37.70 37.70 16.53 59.24 42.92 37.70 37.70 50.13 50.13 44.78 60.56 47.93 53.15 9.78 9.78 0.00 0.00 0.00 0.00 0.00
71.37 71.37 71.47 71.47 75.07 70.94 70.94 70.94 70.94 71.73 71.73 71.73 71.73 71.35 71.35 71.35 71.35 70.53 74.69 143.30 107.29 101.70 106.91 98.87 104.09 112.13 101.70 137.42 72.13 67.34 67.34 54.68 74.62 60.72 60.72 60.72 60.72 60.42 60.42 60.42 60.42 61.55 61.55 61.55 61.55 68.41 57.39 86.12 76.74 87.55 117.68 74.97 76.74 84.08 52.72 44.91 57.93 54.53 54.53 52.16 52.16 51.21 42.92 37.70 37.70 59.24 42.92 50.13 16.50 55.35 55.53 53.15 47.93 9.78 9.78 9.78 0.00 0.00 0.00 0.00 0.00
78.01 71.19 71.19 71.19 71.19 71.40 71.40 71.40 71.40 71.73 71.73 71.73 71.73 70.95 70.95 70.95 70.95 70.53 72.32 131.86 102.07 102.07 93.66 54.09 54.09 101.70 101.70 144.41 145.97 73.04 59.89 88.68 83.47 66.45 61.23 66.45 61.23 61.15 65.12 61.15 61.15 61.43 61.43 61.43 61.43 62.60 86.12 86.12 122.90 118.48 122.90 85.40 89.29 89.29 91.79 52.72 57.93 59.75 54.53 52.72 52.72 56.43 48.84 43.62 37.70 85.64 53.19 50.13 0.00 0.00 0.00 9.78 9.78 0.00 9.78 9.78 0.00 0.00 0.00 0.00 0.00
71.17 74.93 71.19 71.19 71.19 71.40 71.40 71.40 71.40 71.73 71.73 71.73 71.73 70.95 70.95 70.95 70.95 71.26 100.58 143.30 144.79 144.79 101.70 54.09 54.09 48.87 101.70 144.41 131.16 86.97 54.68 49.46 78.25 65.34 61.23 66.45 66.45 61.15 61.15 61.15 61.15 61.43 61.43 61.43 61.43 51.15 140.29 117.68 80.18 80.18 44.83 97.98 55.26 90.61 85.40 74.97 43.57 43.57 52.72 54.21 52.72 51.94 48.13 43.80 37.80 37.70 82.28 16.50 0.00 0.00 0.00 0.00 0.00 0.00 0.00 0.00 0.00 0.00 0.00 0.00 0.00
71.17 71.19 71.19 71.19 71.19 80.94 71.40 71.40 71.40 71.73 71.73 71.73 71.73 70.95 70.95 70.95 70.95 72.32 148.52 131.86 150.00 102.07 101.70 101.70 54.09 91.59 91.59 131.16 92.69 115.75 86.97 86.97 84.22 61.23 61.23 55.22 49.84 55.22 69.29 61.15 61.15 61.43 61.43 61.43 60.43 61.71 87.55 80.18 50.04 74.97 80.98 74.97 117.68 51.49 85.40 90.61 80.18 18.13 43.05 52.16 52.16 37.70 46.00 37.70 48.30 45.44 13.56 83.42 0.00 0.00 0.00 0.00 0.00 0.00 0.00 0.00 0.00 0.00 0.00 0.00 0.00
71.17 71.19 71.19 71.19 71.19 71.40 71.40 71.40 71.40 71.73 71.73 71.73 71.73 70.95 70.95 76.16 74.69 71.44 137.08 107.44 69.94 105.80 144.79 144.42 91.59 131.16 92.69 88.44 101.70 85.98 78.37 115.75 120.97 112.11 87.34 92.56 95.06 44.63 44.63 13.39 49.84 55.06 61.43 61.43 120.97 92.76 87.55 87.17 85.40 50.04 50.04 74.97 87.55 87.55 60.47 127.12 81.33 95.83 49.07 43.05 54.21 37.70 37.70 55.84 55.63 29.21 23.15 90.32 44.00 0.00 0.00 0.00 0.00 0.00 0.00 0.00 0.00 0.00 0.00 0.00 0.00
71.77 71.43 71.43 71.43 75.26 71.17 71.17 71.17 71.17 72.23 72.23 72.23 72.23 71.16 71.16 65.96 71.44 65.96 100.58 97.01 64.73 91.80 97.01 96.52 48.87 88.44 101.70 101.70 101.70 85.98 89.30 80.96 78.25 75.75 75.75 112.35 122.59 122.59 117.38 115.75 86.97 126.18 115.75 115.75 78.25 50.04 117.68 81.95 80.18 74.97 74.97 44.83 44.83 87.55 60.47 101.04 85.40 91.41 74.97 43.05 48.95 48.30 48.30 100.70 103.80 63.25 54.43 91.63 85.11 0.00 0.00 0.00 0.00 0.00 0.00 0.00 0.00 0.00 0.00 0.00 0.00
71.77 71.43 71.43 71.43 71.43 71.17 71.17 71.17 71.17 72.23 72.23 72.23 72.23 71.16 76.37 71.17 79.91 74.30 100.58 148.52 97.01 91.80 64.73 112.58 93.66 101.70 101.70 101.70 101.70 85.98 85.98 85.98 93.60 75.75 73.60 128.70 91.19 79.88 74.66 78.37 14.37 83.47 86.18 73.04 78.25 50.04 122.90 74.97 74.97 79.04 74.97 74.97 74.97 134.36 55.26 85.40 71.21 84.08 74.97 48.27 25.12 99.53 93.37 64.86 63.25 90.32 97.61 47.61 85.11 86.72 0.00 0.00 0.00 0.00 0.00 0.00 0.00 0.00 0.00 0.00 0.00
67.35 66.96 66.96 66.96 66.96 67.58 67.58 67.58 67.58 63.25 63.25 68.66 68.66 63.12 59.13 40.69 73.70 58.06 42.41 93.40 119.82 119.82 140.68 61.12 90.93 85.97 85.97 85.97 58.93 53.88 53.88 53.88 44.65 44.65 53.88 123.60 80.58 80.58 53.88 53.88 42.98 53.89 80.91 80.58 80.58 87.02 54.05 123.72 81.00 81.00 70.95 70.95 70.95 70.95 86.34 87.00 81.00 70.95 81.00 50.14 59.75 60.20 92.51 96.74 101.95 59.24 101.95 92.51 86.31 86.31 39.37 0.00 0.00 0.00 0.00 0.00 0.00 0.00 0.00 0.00 0.00
67.35 66.96 66.96 66.96 63.25 67.58 67.58 67.58 63.25 66.75 63.25 68.66 68.66 70.53 19.83 97.97 89.79 58.06 119.82 93.40 82.32 77.11 130.25 145.90 90.93 91.19 85.97 85.97 85.97 50.68 53.88 53.88 44.65 49.87 59.38 85.69 68.69 50.68 42.98 50.68 42.98 43.48 42.98 44.65 50.68 54.54 86.60 124.10 81.00 81.00 86.22 78.69 76.59 70.95 88.38 70.95 70.95 50.14 50.14 53.24 46.02 46.11 91.52 94.93 101.95 107.17 107.17 96.74 92.51 87.30 81.09 44.58 0.00 0.00 0.00 0.00 0.00 0.00 0.00 0.00 0.00
67.62 67.41 67.41 63.25 63.25 67.84 67.84 67.84 63.25 63.25 63.25 63.25 73.90 92.75 140.68 50.69 77.11 119.82 119.82 84.58 87.50 87.50 97.93 140.64 103.14 85.97 85.97 85.97 85.97 78.26 53.88 53.88 53.88 59.10 96.60 85.69 78.26 50.68 50.68 50.68 50.68 42.98 42.98 50.68 50.68 70.95 89.12 114.09 114.09 70.95 76.59 81.81 76.59 70.95 113.67 76.17 79.38 53.24 44.11 60.23 70.66 66.97 27.91 86.31 88.52 96.74 101.95 96.74 45.80 86.31 91.52 59.45 38.38 0.00 0.00 0.00 0.00 0.00 0.00 0.00 0.00
67.62 67.41 63.25 66.75 63.25 71.04 67.84 67.84 63.25 63.25 63.25 63.25 56.66 114.26 66.33 130.25 88.19 119.82 82.32 84.58 84.58 103.14 97.97 156.29 151.11 106.83 85.97 85.97 85.97 50.68 53.88 53.88 53.88 59.10 92.59 86.18 48.19 53.41 55.89 50.68 42.98 42.98 42.98 50.68 50.68 97.03 138.49 139.74 70.95 78.69 71.38 78.69 70.95 70.95 113.67 86.16 59.27 84.59 59.03 61.66 81.09 75.76 70.63 81.09 102.63 93.73 92.15 112.38 101.95 86.31 88.52 54.23 11.51 0.00 0.00 0.00 0.00 0.00 0.00 0.00 0.00
67.62 67.41 72.17 67.41 67.41 67.84 67.84 63.25 63.25 63.25 68.47 105.97 89.76 84.58 97.97 103.83 119.82 84.58 92.75 89.79 87.54 92.75 92.75 97.97 97.97 142.94 91.19 58.93 58.93 50.68 53.88 53.88 53.88 50.68 101.81 85.70 48.19 48.19 48.19 12.89 42.98 42.98 12.89 42.98 42.98 76.81 138.49 97.03 70.95 70.95 81.00 81.00 83.17 74.16 91.56 54.05 76.17 54.55 51.91 68.81 61.66 99.26 65.42 16.73 81.09 93.51 92.51 107.17 96.74 86.31 86.31 86.31 82.09 0.00 0.00 0.00 0.00 0.00 0.00 0.00 0.00
67.62 64.68 67.41 67.41 67.41 67.84 67.84 63.25 63.25 73.68 68.58 94.97 86.09 79.36 125.04 119.82 82.32 86.36 93.93 88.72 55.90 55.90 92.71 92.71 97.93 130.25 85.97 50.07 58.93 50.68 53.88 53.88 48.19 48.19 85.70 85.70 53.88 53.88 42.98 42.98 42.98 42.98 85.70 85.70 55.61 66.38 28.88 49.32 78.69 78.69 71.38 81.00 43.62 43.62 86.34 54.05 64.98 24.23 13.80 95.88 56.52 12.27 16.73 16.73 54.12 93.51 86.31 101.95 96.74 86.31 97.73 69.88 65.32 50.75 49.80 0.00 0.00 0.00 0.00 0.00 0.00
64.68 82.34 64.68 64.68 63.25 68.25 68.25 63.25 73.68 62.68 105.40 57.47 86.09 88.19 82.32 89.79 82.32 89.79 95.01 87.50 89.53 92.71 94.75 84.58 83.50 94.75 75.29 75.29 50.07 50.68 53.88 53.88 55.89 48.19 85.70 85.70 53.88 50.68 55.89 61.11 42.98 42.98 42.98 85.70 85.70 44.11 49.32 76.17 70.95 81.00 81.00 77.45 54.05 49.77 86.34 73.44 29.89 19.02 56.52 56.52 12.99 16.73 16.73 16.73 75.09 91.52 92.44 91.52 98.87 101.95 101.95 32.37 27.16 64.66 49.80 0.00 0.00 0.00 0.00 0.00 0.00
56.66 89.63 125.05 82.34 64.68 64.68 68.25 63.25 61.88 100.19 52.25 52.25 89.76 119.82 82.32 94.75 55.90 88.72 89.79 92.71 87.50 87.50 92.71 82.32 87.54 94.75 89.53 50.07 58.93 50.68 53.88 53.88 50.68 42.98 85.70 87.37 53.88 53.88 59.10 58.62 53.41 12.89 42.98 44.66 85.70 44.11 43.15 48.84 43.62 70.95 70.95 82.17 48.84 52.72 88.73 88.73 24.23 61.74 24.23 18.21 18.21 43.59 27.16 91.52 64.66 48.81 86.31 88.30 96.74 107.17 75.09 75.09 37.59 64.66 82.09 0.00 0.00 0.00 0.00 0.00 0.00
56.66 135.37 82.34 125.05 82.34 51.45 51.45 51.45 97.98 140.70 125.05 89.76 86.09 119.82 132.25 99.96 92.75 77.11 92.71 92.71 87.50 56.23 56.23 63.27 87.50 82.32 89.53 62.38 62.38 53.88 53.88 50.68 42.98 42.98 87.37 44.66 53.88 53.88 42.98 44.66 49.87 42.98 44.66 44.66 85.70 44.11 43.15 49.32 70.95 43.62 70.95 113.67 92.86 93.95 104.38 66.95 88.73 48.52 23.42 28.64 64.16 32.37 96.74 96.74 48.81 49.80 21.94 81.10 91.52 96.74 27.16 80.31 37.59 64.66 82.09 0.00 0.00 0.00 0.00 0.00 0.00
55.50 128.81 82.34 82.34 125.05 82.34 82.34 86.09 94.97 130.27 125.05 82.34 86.09 87.50 77.11 142.68 89.53 87.50 87.50 87.50 89.53 58.06 58.06 58.06 58.06 61.45 56.23 85.97 58.93 50.68 42.98 42.98 42.98 49.87 90.91 42.98 53.88 50.68 85.70 85.70 85.70 85.70 55.61 55.61 85.70 86.83 86.83 86.83 86.83 89.04 85.87 86.75 88.73 61.74 66.95 66.95 55.71 48.52 23.42 33.85 66.14 69.88 64.66 81.10 59.45 86.31 64.66 54.23 64.66 75.09 64.66 59.45 69.88 86.31 39.37 38.38 0.00 0.00 0.00 0.00 0.00
