New_Model_Runs/14_Future_RCP8.5_Scn1_out/post_prcessed_with_MFR/net_infiltration_annual.asc
NCOLS 700
NROWS 400
XLLCENTER 515000.000000
YLLCENTER 8409000.000000
CELLSIZE 50.000000
NODATA_value -999.000000
[rows 252 to 287 of 400, columns 243 to 323 of 700]
63.16 83.31 87.04 87.03 125.97 83.23 47.30 90.01 125.88 83.14 86.88 96.57 94.85 94.07 90.80 47.39 123.56 133.42 88.69 88.64 88.60 59.05 58.99 58.94 58.87 58.80 56.96 56.87 55.20 57.35 55.11 44.32 13.25 95.14 91.78 61.03 55.76 55.70 60.86 59.78 23.23 12.73 17.88 17.81 47.09 43.18 37.73 37.49 37.25 37.02 16.25 53.70 64.50 26.94 16.45 16.39 21.54 76.73 52.86 63.23 25.66 30.05 19.56 24.71 24.65 19.38 62.03 56.76 56.70 61.86 71.56 73.68 73.51 30.63 30.47 30.31 0.00 0.00 0.00 0.00 0.00
51.32 51.30 94.00 125.89 93.96 125.85 89.99 47.26 47.26 83.03 96.51 86.74 99.97 93.97 57.46 61.89 59.15 59.11 131.29 131.24 88.47 57.17 58.87 58.81 58.74 58.67 56.82 58.49 55.05 44.07 49.50 51.76 86.71 55.87 55.82 49.93 12.99 12.93 48.11 54.39 52.89 42.24 23.03 17.75 41.53 11.33 42.75 85.23 42.27 37.33 27.10 42.65 37.37 32.10 26.82 26.76 26.70 58.93 76.34 35.97 25.61 29.99 19.50 29.87 24.59 72.46 67.18 56.69 61.85 61.79 76.55 78.69 73.31 73.15 30.27 30.11 29.95 0.00 0.00 0.00 0.00
51.23 51.21 53.61 51.17 51.15 130.97 83.01 82.98 47.22 82.92 47.21 82.86 86.60 78.43 52.40 57.58 47.10 47.06 57.21 99.88 92.13 57.05 56.99 58.69 58.61 58.53 58.45 58.36 58.25 16.82 50.52 86.69 86.53 13.10 55.76 12.99 18.15 23.30 18.03 42.49 42.27 42.05 47.03 22.90 18.89 37.59 80.06 37.11 42.09 44.35 37.91 26.95 47.92 21.61 26.77 21.49 21.43 10.94 78.99 35.80 15.12 19.51 14.23 24.59 72.46 67.18 19.19 13.91 34.17 76.68 61.67 18.89 33.23 83.37 35.27 29.90 29.74 14.83 14.70 0.00 0.00
51.14 51.12 51.10 97.56 93.77 95.15 130.84 125.60 82.85 82.82 94.62 82.75 55.45 47.11 57.50 62.44 57.19 49.45 46.88 57.05 92.00 60.14 56.87 56.80 56.72 58.41 58.32 64.32 64.81 86.80 86.66 43.80 67.31 67.05 12.99 55.65 12.88 24.15 12.76 47.33 42.09 43.19 41.63 44.41 41.16 37.40 80.33 36.93 41.91 43.18 37.74 16.47 16.41 42.33 16.29 11.01 10.95 10.89 36.09 75.75 32.81 78.00 72.56 72.35 72.13 71.91 71.70 71.49 71.28 71.08 30.52 30.35 35.39 83.16 29.85 29.69 29.54 19.87 19.75 14.41 14.29
51.05 62.84 64.53 64.51 50.96 95.12 88.03 87.89 125.47 129.21 85.11 84.25 56.44 52.22 64.37 57.13 61.52 61.47 62.21 62.15 51.83 89.26 56.75 58.44 58.36 64.38 64.29 64.19 96.88 86.64 67.00 43.66 66.90 66.71 66.65 55.60 85.47 12.77 42.35 43.44 43.23 41.68 41.45 41.22 40.98 37.22 79.70 36.75 38.02 38.10 47.93 44.66 47.53 42.16 41.96 58.43 55.52 37.37 10.77 10.71 75.34 35.09 34.87 31.66 31.46 31.26 31.07 30.87 30.68 30.50 30.32 30.14 29.97 72.53 8.16 8.11 8.06 12.95 12.90 7.64 7.60
53.38 64.48 69.67 56.11 50.87 130.68 90.36 82.69 94.51 94.48 125.29 86.32 51.23 62.33 62.29 52.79 61.42 66.59 26.22 62.98 57.78 54.17 112.43 54.54 64.34 64.26 60.73 106.78 94.39 56.15 66.95 66.90 51.82 48.35 18.10 12.83 85.30 12.71 55.37 85.99 84.45 55.17 54.16 54.09 54.02 10.29 77.35 77.97 77.75 34.81 39.81 44.51 47.38 36.78 68.48 60.76 26.49 21.21 10.72 36.97 79.33 74.61 31.69 31.48 31.28 31.08 30.87 30.68 30.49 30.30 30.12 29.94 29.77 72.32 29.45 26.81 7.99 7.67 25.42 25.27 25.13
62.87 59.63 64.82 47.29 79.18 121.87 121.83 79.08 81.40 81.36 89.31 89.27 47.67 51.86 55.31 55.27 55.22 14.39 24.81 58.28 48.53 52.92 95.55 47.53 57.96 59.82 95.95 89.81 46.96 51.91 62.99 40.17 45.23 67.92 67.86 62.58 62.52 54.44 38.43 38.24 38.44 11.46 35.16 10.48 34.68 52.16 75.46 32.54 32.33 25.28 47.57 31.72 10.24 20.61 15.33 25.70 30.85 57.86 52.58 52.52 52.45 56.94 29.14 28.93 28.73 28.52 26.48 28.13 27.94 27.75 27.57 27.40 27.24 69.80 26.94 24.80 7.39 7.04 24.81 24.69 24.56
62.93 57.69 47.23 47.21 79.09 88.77 121.74 78.99 89.29 89.26 89.22 57.93 57.89 48.82 53.99 19.61 47.93 14.36 53.02 53.71 47.66 47.57 90.20 90.11 90.01 90.71 62.87 100.27 56.76 41.97 41.83 40.01 45.06 62.65 62.59 62.53 62.46 81.63 38.70 81.20 80.98 54.13 53.21 77.46 34.51 9.84 52.50 32.39 32.18 37.19 42.20 36.78 10.19 20.56 20.50 63.15 63.09 39.34 32.71 9.75 14.90 19.38 56.81 28.76 28.55 28.34 26.28 26.07 27.75 27.56 27.39 27.22 27.06 67.64 7.43 7.38 7.33 6.98 24.65 0.00 0.00
54.76 67.92 57.47 47.12 79.00 126.90 78.93 89.25 89.21 94.39 57.89 47.52 47.47 48.73 47.94 53.10 14.35 52.97 52.90 52.83 58.05 57.97 54.63 52.47 52.36 100.35 57.53 46.79 89.37 12.55 41.68 39.85 62.53 62.26 62.20 62.14 62.07 81.46 81.84 38.93 38.74 38.55 34.81 36.31 78.83 52.51 52.45 74.95 9.61 31.82 36.83 36.63 10.14 38.82 63.17 15.17 15.11 9.83 39.88 37.53 20.05 40.08 34.63 71.91 26.53 28.16 27.95 27.76 27.56 27.38 12.80 17.95 12.69 69.46 7.37 12.54 12.49 6.93 6.89 0.00 0.00
57.45 57.43 47.07 47.04 121.64 126.82 89.28 94.38 96.35 89.14 63.02 57.76 47.37 48.65 47.84 47.78 47.71 58.07 24.70 24.68 59.89 47.32 57.79 52.33 89.56 89.61 46.77 89.36 99.90 51.52 59.25 62.53 62.48 62.21 62.15 62.08 62.02 104.63 81.69 38.79 38.60 38.40 34.63 81.19 78.67 77.15 75.01 39.27 57.50 74.39 31.46 10.16 33.66 52.75 9.97 38.24 32.81 39.94 39.70 39.45 38.11 45.11 19.20 51.42 13.12 31.33 27.78 27.58 70.11 67.99 60.67 88.47 60.56 50.08 55.25 17.70 17.66 6.88 6.84 6.80 0.00
57.38 62.57 46.99 78.87 88.71 78.80 94.34 96.73 94.31 86.21 62.94 47.32 46.35 47.79 47.73 47.67 14.28 14.26 48.25 54.65 47.28 14.16 57.67 46.98 89.58 57.39 100.00 89.20 47.26 51.39 59.20 59.15 62.42 62.15 62.09 62.03 48.87 81.11 59.39 85.90 59.25 85.45 78.96 36.01 10.73 32.35 74.86 38.18 36.94 31.52 74.02 76.43 63.20 20.42 9.92 15.07 15.01 33.35 31.74 34.52 42.14 14.00 56.65 55.85 18.28 41.57 36.13 75.35 69.95 35.52 23.11 18.45 12.58 7.32 70.85 33.30 12.39 6.83 7.66 6.75 0.00
46.96 67.72 49.27 126.72 78.75 78.71 89.10 89.05 109.84 57.76 52.50 46.31 53.22 47.70 47.63 47.56 48.30 47.42 57.88 57.81 57.73 57.65 52.17 57.27 89.44 99.98 99.87 57.04 46.19 51.26 59.15 59.09 62.37 62.10 62.03 48.90 48.73 54.18 21.83 48.22 37.56 22.17 16.04 10.75 10.68 9.66 74.71 33.77 9.47 9.43 36.36 10.07 57.93 15.15 32.91 44.03 40.26 34.81 34.58 39.55 24.31 13.94 71.59 38.49 23.44 28.58 85.81 32.48 25.11 37.34 17.85 31.81 24.39 7.27 55.15 86.40 28.00 6.79 6.75 6.72 6.68
52.10 62.50 89.17 142.28 89.10 86.21 134.10 80.91 62.87 57.67 54.53 51.43 67.17 54.84 54.78 47.46 54.66 54.59 57.78 57.71 57.63 57.54 57.25 67.16 89.30 56.65 13.90 46.18 56.79 59.04 58.99 58.93 58.87 61.98 61.92 48.75 38.25 54.13 43.04 16.50 11.75 16.90 43.96 38.52 38.30 34.64 77.15 76.95 34.82 10.14 38.82 43.82 57.88 38.17 37.95 40.31 42.26 36.84 34.40 28.94 33.91 50.66 74.19 33.11 23.38 49.39 40.99 30.35 17.91 60.57 31.83 26.47 27.19 66.80 55.11 22.78 39.30 6.75 24.03 0.00 6.65
46.81 89.13 131.81 136.99 89.02 78.54 88.91 55.08 62.80 57.57 62.74 67.14 67.09 59.97 54.70 54.63 48.11 54.49 57.68 57.60 57.52 46.79 19.22 61.90 46.43 89.02 46.16 46.02 61.86 46.31 11.51 11.46 11.41 35.85 40.87 40.67 35.25 53.23 77.53 41.61 41.39 35.95 38.57 38.35 38.13 77.21 77.00 52.94 76.58 76.37 76.16 75.94 75.73 85.06 45.77 45.53 36.88 31.46 31.24 36.24 44.15 84.68 26.08 31.06 28.55 33.69 23.20 30.19 50.86 65.74 24.42 69.06 66.82 68.79 25.95 25.82 25.71 6.72 0.00 0.00 0.00
51.95 131.77 104.28 62.08 57.70 57.67 57.63 64.55 57.59 57.55 57.50 65.29 70.45 54.67 54.61 54.54 54.46 55.02 54.31 14.06 46.77 46.66 51.75 99.56 46.29 94.08 46.01 45.86 50.92 51.37 16.68 39.49 39.34 78.39 83.41 77.99 53.24 77.57 58.86 58.80 53.52 53.45 83.48 86.11 80.67 20.73 87.27 33.91 33.70 33.49 33.28 33.06 9.85 75.34 41.93 40.13 31.51 31.29 31.08 36.08 41.07 36.57 50.49 36.11 30.67 12.79 30.24 42.49 93.43 55.27 72.22 72.06 26.10 23.83 25.85 25.73 25.61 6.69 0.00 0.00 0.00
142.15 71.98 65.07 59.40 59.79 54.53 59.70 62.73 62.69 57.47 65.27 65.21 65.15 57.85 54.52 54.44 54.37 54.29 54.20 46.75 47.55 89.24 104.97 94.15 97.12 93.93 45.85 45.70 50.75 51.72 11.42 39.35 39.19 81.74 10.59 10.53 34.88 58.87 16.09 36.04 35.82 35.60 43.44 43.22 37.77 39.39 63.34 10.13 34.38 33.32 33.11 32.89 9.80 52.45 58.51 56.94 39.69 31.13 51.24 51.12 36.63 25.97 50.44 18.08 35.72 7.52 24.88 31.94 72.43 67.04 72.09 29.22 26.00 31.09 30.97 25.64 25.53 6.66 0.00 0.00 0.00
77.18 112.14 57.65 56.72 78.44 68.02 59.63 59.58 62.62 57.40 65.19 72.12 63.15 54.50 54.42 54.35 54.27 59.40 59.31 46.53 89.22 99.80 62.19 67.96 120.32 56.47 88.41 46.58 55.80 49.94 11.37 16.54 16.48 11.21 10.53 10.47 10.95 53.60 36.07 35.86 57.60 16.70 21.84 48.25 48.02 34.01 33.80 10.08 33.37 33.16 9.88 32.72 52.47 72.35 72.12 34.38 36.39 39.25 50.89 50.78 50.66 27.69 27.50 73.29 7.54 24.93 67.45 50.08 7.31 7.26 29.26 71.82 23.75 31.00 25.67 25.56 6.97 22.13 0.00 0.00 0.00
99.29 90.84 57.63 59.70 56.61 57.52 57.43 49.08 54.24 58.06 61.67 72.03 67.62 54.41 54.33 64.33 95.65 101.34 99.75 89.20 89.08 49.29 62.06 72.05 68.97 46.72 50.74 55.80 50.43 39.37 40.52 18.58 37.39 37.20 11.10 36.51 36.31 53.55 35.89 38.07 35.46 16.64 43.08 21.72 64.37 10.15 33.63 33.42 33.20 9.90 51.76 51.69 51.62 51.55 19.20 44.78 39.31 39.06 38.80 50.69 48.45 27.55 27.36 69.89 50.22 50.16 7.38 7.33 7.27 7.23 12.39 12.35 25.82 25.70 25.59 25.48 6.94 23.73 0.00 23.54 6.52
85.96 57.61 57.58 62.71 67.89 57.46 57.42 57.32 65.16 70.31 61.59 61.52 64.90 84.10 84.01 93.60 56.01 55.92 46.47 54.61 67.09 62.73 51.18 61.47 18.92 57.20 51.66 61.94 60.69 45.79 39.07 38.91 38.74 37.61 36.84 36.34 10.84 81.00 35.71 35.49 35.27 37.91 38.86 37.46 81.19 33.68 33.46 33.25 9.91 51.77 51.71 51.64 72.22 29.27 50.05 39.24 48.24 44.09 50.73 51.76 48.35 27.41 27.23 69.76 50.17 7.40 7.34 7.29 7.24 26.11 7.15 7.11 23.55 25.63 6.99 6.95 25.31 23.67 21.88 6.53 6.50
90.75 57.56 57.52 73.13 61.68 57.40 57.35 65.14 65.09 65.03 64.96 61.44 45.47 93.68 50.88 50.79 42.87 40.86 46.34 51.43 34.69 67.83 46.84 45.67 45.52 52.92 56.07 55.93 61.00 37.59 37.42 43.97 43.81 38.42 41.57 16.06 54.23 38.14 37.95 35.31 37.95 37.73 11.25 37.28 53.83 52.77 52.71 73.17 51.79 51.72 72.50 29.56 29.33 31.32 39.44 8.59 33.61 35.70 30.28 50.53 48.24 63.43 50.25 12.69 7.42 7.36 24.35 26.29 7.21 7.16 25.89 23.59 7.04 7.00 23.22 25.34 25.25 6.57 6.54 6.51 21.62
90.70 49.16 57.47 78.29 64.68 48.98 57.29 65.08 65.02 64.95 64.88 91.28 99.54 50.87 50.78 50.69 40.85 46.33 51.42 13.82 19.00 13.74 13.70 50.74 50.59 56.07 55.93 44.89 44.72 37.43 37.25 42.28 11.06 41.90 46.60 16.01 53.45 11.40 35.34 10.54 34.90 37.54 11.20 44.55 79.59 52.72 9.15 35.50 35.27 29.83 37.93 29.38 29.15 34.13 33.90 30.75 30.54 27.99 27.76 72.65 70.04 25.19 12.71 17.87 12.59 26.49 26.34 7.22 7.18 7.13 25.81 7.05 7.01 23.25 25.38 6.91 6.88 7.42 21.75 6.50 0.00
97.07 97.04 100.13 105.31 102.12 88.56 45.77 65.01 64.94 64.87 91.27 99.53 56.73 55.99 55.90 50.59 53.76 46.20 56.51 56.37 51.02 45.67 61.17 55.80 50.43 55.93 44.89 13.42 50.66 37.26 42.30 48.88 38.28 41.41 43.58 38.19 78.30 35.37 35.16 34.94 34.72 37.36 11.14 44.39 37.99 75.89 30.33 35.32 35.10 8.90 37.77 39.80 51.30 44.53 33.73 30.59 18.85 80.97 70.32 27.38 37.60 25.05 7.46 7.40 7.34 24.30 26.24 7.19 23.82 7.10 7.06 25.62 25.51 6.95 6.92 6.89 22.86 21.79 0.00 0.00 0.00
44.92 98.04 48.08 53.20 47.97 49.93 85.34 95.70 63.34 60.10 100.18 57.38 52.08 43.42 57.52 48.89 49.81 49.70 47.96 53.65 53.53 47.55 52.62 52.47 41.88 41.72 12.47 41.39 49.50 45.23 50.79 41.70 39.73 50.14 49.96 41.01 87.09 44.18 75.71 32.79 32.58 32.37 35.93 34.67 35.53 74.23 79.36 35.65 28.56 30.03 28.11 49.48 49.37 37.28 27.21 26.99 61.18 74.50 31.53 36.55 31.76 23.90 7.11 23.53 7.01 6.95 24.58 6.86 6.82 24.21 24.09 22.34 6.67 6.64 6.61 21.92 21.83 0.00 0.00 0.00 0.00
53.26 95.43 100.61 52.63 52.58 52.52 52.98 52.91 92.39 107.95 90.13 100.01 84.71 39.62 39.52 48.79 43.46 42.75 43.23 48.32 42.98 42.85 42.71 90.50 90.36 84.29 84.85 81.31 97.28 59.13 50.37 55.40 44.40 47.37 46.25 91.77 57.90 57.84 38.04 32.62 32.95 9.66 31.99 41.56 35.38 40.33 79.19 35.50 36.13 38.01 47.42 27.72 35.36 35.16 69.77 69.56 31.81 31.60 21.56 21.38 21.22 19.46 7.08 7.02 23.24 23.08 6.88 22.78 24.25 22.51 6.72 6.68 6.65 22.06 23.63 43.65 27.32 0.00 0.00 0.00 0.00
52.70 57.87 54.55 57.78 52.52 52.46 52.91 52.84 44.38 92.23 44.21 41.99 84.60 80.72 80.61 96.03 106.33 95.77 85.83 90.28 90.13 85.43 90.51 58.08 52.72 46.63 40.27 40.11 86.18 87.89 87.70 34.67 39.02 86.77 97.01 96.82 86.20 20.29 20.23 34.76 37.46 37.25 31.82 31.61 34.12 31.31 31.10 71.17 29.93 28.01 34.75 42.62 70.05 69.84 36.76 26.70 21.80 21.61 27.99 21.27 21.11 25.13 23.48 23.31 6.94 6.90 24.42 24.30 6.77 6.73 6.70 22.21 23.76 43.62 27.45 27.36 17.69 0.00 0.00 0.00 0.00
52.64 52.60 62.99 47.81 44.58 49.74 52.84 52.77 52.17 94.80 42.00 12.57 54.38 57.33 117.00 111.56 106.21 63.36 42.36 47.43 52.26 90.52 105.01 62.45 41.42 53.49 48.12 40.90 40.72 34.57 34.39 84.90 76.36 76.17 86.42 86.23 57.80 9.81 14.96 9.69 38.62 31.87 31.66 33.81 31.22 41.58 36.16 31.32 70.79 75.78 38.06 75.34 50.87 22.24 22.05 21.86 21.68 21.50 25.96 25.77 7.67 7.07 7.01 6.96 6.92 24.48 6.83 6.78 6.75 22.37 22.25 27.69 27.59 17.89 17.81 17.73 0.00 0.00 0.00 0.00 0.00
56.78 66.16 58.22 52.95 57.60 57.53 52.76 52.69 52.09 94.72 51.90 57.02 62.13 46.80 127.32 63.61 92.13 100.84 42.22 42.74 47.81 47.67 51.72 99.79 17.59 41.85 40.91 40.73 40.55 36.84 36.54 43.25 84.59 33.29 9.93 75.63 53.23 53.17 52.41 52.35 52.29 34.06 33.86 33.66 33.45 19.00 18.93 30.57 27.91 75.63 56.17 27.26 27.05 22.11 21.93 21.74 21.56 26.03 7.75 7.70 25.47 24.95 24.80 24.67 6.89 6.85 6.80 6.76 22.42 27.85 27.74 18.02 0.00 0.00 0.00 0.00 0.00 0.00 0.00 0.00 0.00
49.85 62.90 57.64 52.37 52.83 52.76 52.69 52.61 42.01 41.90 86.66 94.81 51.97 96.04 47.98 70.24 73.67 126.67 62.94 48.86 48.73 51.73 48.44 46.49 89.03 40.93 40.75 47.68 41.21 47.10 46.81 43.11 78.74 78.56 52.60 32.76 9.77 77.80 77.61 74.68 31.75 74.26 76.43 33.51 33.31 33.63 8.46 51.11 70.48 27.55 8.20 27.12 22.18 22.00 21.81 26.31 7.83 7.78 25.73 27.52 27.36 24.87 24.73 6.91 6.87 6.82 22.61 22.48 27.90 27.79 18.07 0.00 0.00 0.00 0.00 0.00 0.00 0.00 0.00 0.00 0.00
57.66 52.40 52.36 52.30 52.24 52.68 52.61 52.53 52.44 41.79 41.68 84.27 84.14 101.14 56.90 63.25 54.39 97.07 57.70 36.68 48.60 42.18 80.61 41.11 12.28 83.48 47.69 47.53 40.20 46.82 51.87 36.05 10.76 35.69 78.52 40.53 10.54 34.93 34.73 34.53 10.30 15.45 62.50 33.36 33.16 76.19 56.35 8.35 27.62 8.22 8.16 8.10 22.06 21.88 26.38 7.86 7.80 27.74 27.58 27.43 27.28 6.98 6.93 6.89 6.85 22.68 18.43 27.42 18.21 18.12 0.00 0.00 0.00 0.00 0.00 0.00 0.00 0.00 0.00 0.00 0.00
52.89 52.85 52.28 52.22 52.16 52.08 52.00 52.44 52.35 52.25 52.14 52.03 41.30 96.32 43.04 42.26 42.11 55.30 11.01 36.54 41.47 37.60 78.75 84.44 84.28 83.31 41.24 41.07 40.90 36.24 16.03 10.77 35.71 78.25 83.28 20.98 15.70 10.43 46.82 39.59 10.25 44.40 20.56 73.53 73.31 76.61 40.64 29.45 27.48 8.18 8.12 8.06 26.66 7.94 7.88 27.99 27.82 27.65 27.50 7.61 7.56 6.96 6.91 22.90 18.60 0.00 0.00 0.00 0.00 0.00 0.00 0.00 0.00 0.00 0.00 0.00 0.00 0.00 0.00 0.00 0.00
52.82 52.25 52.20 49.48 57.29 52.00 52.44 51.82 51.73 41.57 62.47 53.95 43.40 43.06 84.99 84.84 36.87 53.73 79.27 36.39 10.87 45.96 45.80 45.64 40.61 83.14 12.07 40.91 39.76 78.80 58.70 78.45 35.56 53.33 35.19 40.22 10.44 39.83 46.68 39.44 34.02 15.36 58.02 78.59 48.53 24.04 35.59 27.56 27.35 27.14 28.78 28.60 28.42 7.91 7.85 7.79 25.80 25.62 7.63 7.58 7.53 23.12 22.97 0.00 0.00 0.00 0.00 0.00 0.00 0.00 0.00 0.00 0.00 0.00 0.00 0.00 0.00 0.00 0.00 0.00 0.00
52.74 52.17 52.12 54.61 62.41 51.91 52.34 51.73 52.15 51.52 51.40 53.84 43.28 38.79 57.42 89.92 79.44 80.95 80.80 78.95 36.07 45.81 45.66 50.83 50.87 82.97 93.22 82.60 54.59 78.65 35.75 35.58 35.71 77.94 10.51 34.85 35.02 39.68 46.54 41.15 76.59 76.39 33.15 14.37 40.74 40.42 29.40 40.51 27.22 27.02 28.67 28.49 28.32 26.25 7.82 7.76 7.71 7.66 7.61 25.20 25.04 18.85 0.00 0.00 0.00 0.00 0.00 0.00 0.00 0.00 0.00 0.00 0.00 0.00 0.00 0.00 0.00 0.00 0.00 0.00 0.00
52.13 52.08 52.02 51.96 51.89 52.33 52.24 51.62 52.05 56.62 99.22 91.22 85.88 81.39 79.61 86.33 38.25 38.10 37.95 37.79 78.63 35.73 45.51 50.81 50.70 75.60 53.69 32.74 17.04 35.77 35.60 35.43 35.25 35.07 53.59 82.63 44.94 39.53 76.84 52.90 33.39 30.79 32.01 31.82 30.17 27.71 27.50 35.43 32.32 26.91 28.57 28.40 28.23 28.06 7.79 7.74 7.69 25.45 25.29 31.09 0.00 0.00 0.00 0.00 0.00 0.00 0.00 0.00 0.00 0.00 0.00 0.00 0.00 0.00 0.00 0.00 0.00 0.00 0.00 0.00 0.00
52.03 51.98 51.93 51.86 52.31 52.23 51.61 51.51 41.32 53.85 53.73 56.26 85.75 81.26 38.41 38.26 38.11 37.96 26.41 37.65 37.49 88.72 98.97 77.93 93.25 61.65 104.19 51.15 44.46 47.06 40.66 35.27 35.10 34.92 34.73 34.55 63.46 82.11 77.82 31.05 9.25 30.65 30.45 30.25 30.04 8.27 29.18 29.00 28.82 8.04 7.98 26.43 7.87 7.82 7.77 25.71 27.50 31.33 20.69 0.00 0.00 0.00 0.00 0.00 0.00 0.00 0.00 0.00 0.00 0.00 0.00 0.00 0.00 0.00 0.00 0.00 0.00 0.00 0.00 0.00 0.00
51.93 51.88 51.82 52.28 53.36 48.86 56.36 51.04 56.14 48.41 85.89 85.76 42.90 38.42 38.27 38.13 37.98 37.82 40.23 37.51 37.35 90.33 108.13 45.47 22.41 39.74 39.46 81.99 44.29 52.87 47.49 42.11 41.95 34.77 35.67 77.12 76.94 10.21 31.10 39.50 14.43 14.37 30.31 30.12 32.41 29.25 29.07 28.90 8.07 8.01 7.95 7.90 7.85 7.79 25.80 32.80 36.63 0.00 0.00 0.00 0.00 0.00 0.00 0.00 0.00 0.00 0.00 0.00 0.00 0.00 0.00 0.00 0.00 0.00 0.00 0.00 0.00 0.00 0.00 0.00 0.00
51.82 51.77 51.71 53.32 51.22 56.34 48.63 43.30 93.51 85.77 42.91 42.91 42.77 38.28 38.14 37.99 37.83 37.68 37.52 37.36 37.20 37.03 77.77 54.68 36.53 39.57 40.59 40.43 86.84 40.53 42.14 41.98 41.81 84.37 77.16 41.32 10.22 33.89 30.96 39.37 35.79 38.05 32.66 32.48 32.30 29.15 28.97 28.80 8.91 7.98 7.93 7.87 27.98 25.90 25.73 12.88 31.35 0.00 0.00 0.00 0.00 0.00 0.00 0.00 0.00 0.00 0.00 0.00 0.00 0.00 0.00 0.00 0.00 0.00 0.00 0.00 0.00 0.00 0.00 0.00 0.00
