New_Model_Runs/16_Future_RCP8.5_Scn3_out/post_prcessed_with_MFR/Monthly_summaries/actual_et_monthly_MAR.asc
NCOLS 700
NROWS 400
XLLCENTER 515000.000000
YLLCENTER 8409000.000000
CELLSIZE 50.000000
NODATA_value -999.000000
[rows 114 to 151 of 400, columns 504 to 587 of 700]
1.25 1.25 1.25 1.25 1.25 1.25 1.25 1.25 1.17 1.17 1.17 1.17 1.17 1.17 1.17 1.17 1.17 1.17 1.17 1.17 3.52 3.52 3.52 3.52 1.93 1.93 1.32 3.96 1.32 3.78 3.78 1.32 1.32 1.32 1.32 1.32 1.32 1.93 1.32 1.32 1.39 1.39 1.39 1.39 1.39 1.39 1.39 1.39 1.39 1.39 1.39 1.39 1.39 1.39 1.39 1.39 1.34 1.34 1.34 1.34 1.34 1.34 1.34 1.34 1.34 1.34 1.34 1.34 1.34 1.34 1.34 1.34 1.21 1.21 1.21 1.21 1.21 3.00 2.69 0.00 0.00 0.00 0.00 0.00
1.25 1.25 1.25 1.25 1.25 1.25 1.25 1.25 1.17 1.17 1.17 1.17 1.17 1.17 1.17 1.17 1.17 1.17 1.17 1.17 1.72 1.72 4.34 4.34 4.35 1.32 1.32 1.32 1.32 1.32 3.78 1.32 1.32 1.32 1.32 1.32 1.32 1.32 1.32 1.32 1.39 1.39 1.39 1.39 1.39 1.39 1.39 1.39 1.39 1.39 1.39 1.39 1.39 1.39 1.39 1.39 1.34 1.34 1.34 1.34 1.34 1.34 1.34 1.34 1.34 1.34 1.34 1.34 1.34 1.34 1.34 1.34 1.21 1.21 1.21 1.21 1.21 3.35 1.77 1.77 2.69 2.72 2.69 2.69
1.25 1.25 1.25 1.25 1.25 1.25 1.25 1.25 1.17 1.17 1.17 1.17 1.17 1.17 1.17 1.17 1.17 1.17 1.17 1.17 1.72 1.72 1.17 1.17 1.32 1.32 4.35 1.32 1.32 1.32 1.32 1.32 1.32 1.32 1.32 1.32 1.32 1.32 1.32 1.32 1.39 1.39 1.39 3.79 1.39 1.39 1.39 1.39 1.39 1.39 1.39 1.39 1.39 1.39 1.39 1.39 1.34 1.34 1.34 1.34 1.34 1.34 1.34 1.34 1.34 1.34 1.34 1.34 1.34 1.34 1.34 1.34 1.21 1.21 1.21 1.21 1.21 1.21 1.21 1.21 4.03 3.68 3.68 3.68
1.25 1.25 1.25 1.25 1.25 1.25 1.25 1.25 1.17 1.17 1.17 1.17 1.17 1.17 1.17 1.17 1.17 1.17 1.17 1.17 1.17 1.17 1.17 1.17 3.96 1.32 1.32 1.32 1.32 1.32 3.66 1.32 1.32 1.32 1.32 1.32 1.32 1.32 1.32 1.32 1.39 1.39 1.39 1.39 1.39 1.39 1.39 1.39 1.39 3.79 3.65 1.39 1.39 1.39 1.39 1.39 1.34 1.34 1.34 1.34 1.34 1.34 1.34 1.34 1.34 1.34 1.34 1.34 1.34 1.34 1.34 1.34 1.21 1.21 1.21 1.21 1.21 1.21 1.21 1.21 3.68 3.68 3.68 3.68
1.25 1.25 1.25 1.25 1.25 1.25 1.25 1.25 1.17 1.17 1.17 1.17 1.17 1.17 1.17 1.17 1.17 1.17 1.17 1.17 1.17 1.17 1.17 1.17 1.32 1.32 1.93 1.32 1.32 1.32 1.32 1.32 1.32 1.32 1.32 1.32 1.32 1.32 1.32 1.32 1.39 1.39 1.39 1.39 1.39 1.39 1.39 3.79 3.79 3.79 3.65 3.79 1.39 1.39 1.39 1.39 1.34 1.34 1.34 1.34 1.34 1.34 1.34 1.34 1.34 1.34 1.34 1.34 1.34 1.34 1.34 1.34 1.21 1.21 1.21 1.21 1.21 1.21 1.21 3.35 4.03 3.68 3.68 3.68
1.25 1.25 1.25 1.25 1.25 1.25 1.25 1.25 1.17 1.17 1.17 1.17 1.17 1.17 1.17 1.17 1.17 1.17 1.17 1.17 1.17 1.17 1.17 1.17 1.32 1.32 1.32 1.32 1.32 1.32 1.32 1.32 1.32 1.32 1.32 1.32 1.32 1.32 1.32 1.32 1.39 1.39 1.39 1.39 1.39 4.31 4.31 3.65 3.65 1.39 1.39 1.39 1.39 1.39 1.39 1.39 1.34 1.34 1.34 1.34 1.34 1.34 1.34 1.34 1.34 1.34 1.34 1.34 1.34 1.34 1.34 1.34 1.21 1.21 1.21 1.21 1.21 1.21 1.77 1.77 3.31 4.03 3.35 3.68
1.25 1.25 1.25 1.25 1.25 1.25 1.25 1.25 1.17 1.17 1.17 1.17 1.17 1.17 1.17 1.17 1.17 1.17 1.17 1.17 1.17 1.17 1.17 1.17 1.32 1.32 1.32 1.32 1.32 1.32 1.32 1.32 1.32 1.32 1.32 1.32 1.32 1.32 1.32 1.32 1.39 1.39 1.39 1.39 3.95 2.04 1.39 1.39 3.79 1.39 1.39 1.39 1.39 1.39 1.39 1.39 1.34 1.34 1.34 1.34 1.34 1.34 1.34 1.34 1.34 1.34 1.34 1.34 1.34 1.34 1.34 1.34 1.21 1.21 1.21 1.21 1.77 1.77 1.77 1.77 3.31 3.35 3.35 3.35
1.25 1.25 1.25 1.25 1.25 1.25 1.25 1.25 1.17 1.17 1.17 1.17 1.17 1.17 1.17 1.17 1.17 1.17 1.17 1.17 1.17 1.17 1.17 1.17 1.32 1.32 3.66 3.66 1.32 1.32 1.32 1.32 1.32 1.32 1.32 1.32 1.32 1.32 3.78 1.32 1.39 3.79 3.79 3.79 3.79 1.39 1.39 1.39 1.39 1.39 1.39 1.39 1.39 1.39 1.39 1.39 1.34 1.34 1.34 1.34 1.34 1.34 1.34 1.34 1.34 1.34 1.34 1.34 1.34 1.34 1.34 1.34 1.21 1.21 1.21 1.21 1.21 1.21 1.21 1.77 3.31 3.35 3.35 3.31
1.25 1.25 1.25 1.25 1.25 1.25 1.25 1.25 1.17 1.17 1.17 1.17 1.17 1.17 1.17 1.17 1.17 1.17 1.17 1.17 1.17 1.17 1.17 1.17 1.32 1.32 3.78 3.78 3.66 1.32 1.32 1.32 1.32 1.32 1.32 1.32 3.92 1.32 3.78 3.78 3.79 3.79 3.79 3.79 3.79 1.39 1.39 1.39 1.39 1.39 1.39 1.39 1.39 1.39 1.39 1.39 1.34 1.34 1.34 1.34 1.34 1.34 1.34 1.34 1.34 1.34 1.34 1.34 1.34 1.34 1.34 1.34 1.21 1.21 1.21 1.21 1.21 1.21 1.21 1.21 1.21 1.21 1.21 1.21
1.25 1.25 1.25 1.25 1.25 1.83 1.25 1.25 1.17 3.70 1.17 1.17 1.17 1.17 1.17 1.17 3.70 1.17 1.17 1.17 1.17 1.17 1.17 1.17 1.32 1.32 1.32 3.78 3.66 1.32 1.32 1.32 3.78 1.32 1.32 3.78 3.96 1.32 1.32 3.78 3.79 3.65 3.79 1.39 1.39 1.39 1.39 1.39 1.39 1.39 1.39 1.39 1.39 1.39 1.39 1.39 1.34 1.34 1.34 1.34 1.34 1.34 1.34 1.34 1.34 1.34 1.34 1.34 1.34 1.34 1.34 1.34 1.21 1.21 1.21 1.21 1.21 1.21 1.21 1.21 1.21 1.21 1.21 1.21
1.25 1.25 1.25 1.25 1.25 1.25 1.25 1.25 1.17 1.17 1.17 1.17 1.17 1.17 1.17 1.17 1.17 1.17 3.50 3.52 1.17 1.17 1.17 1.17 1.32 1.32 1.32 1.32 1.32 1.32 1.32 1.32 1.32 3.66 1.32 3.58 3.78 3.66 1.32 1.32 1.39 1.39 1.39 1.39 1.39 1.39 1.39 1.39 1.39 1.39 1.39 1.39 1.39 1.39 1.39 1.39 1.34 1.34 1.34 1.34 1.34 1.34 1.34 1.34 1.34 1.34 1.34 1.34 1.34 1.34 1.34 1.34 1.21 1.21 1.21 1.21 1.21 1.21 1.21 1.21 1.21 1.21 1.21 1.21
1.25 1.25 1.25 1.25 1.25 1.25 1.25 1.25 1.17 1.17 1.17 1.17 1.17 1.17 1.17 1.17 1.17 1.17 1.17 1.17 3.54 1.17 1.17 1.17 1.32 1.32 2.95 3.50 4.35 4.35 1.32 1.32 4.25 4.25 4.25 2.70 4.25 1.32 1.32 1.32 1.39 1.39 1.39 1.39 1.39 1.39 1.39 1.39 1.39 1.39 1.39 1.39 1.39 1.39 1.39 1.39 1.34 1.34 1.34 1.34 1.34 1.34 1.34 1.34 1.34 1.34 1.34 1.34 1.34 1.34 1.34 1.34 1.21 1.21 1.21 1.21 1.21 1.21 1.21 1.21 1.21 1.21 1.21 1.21
1.25 1.25 1.25 1.25 1.25 1.25 1.25 1.25 1.17 1.17 1.17 1.17 1.17 1.17 1.17 1.17 1.17 1.17 1.17 1.17 3.89 3.70 1.17 1.17 1.32 2.47 3.50 3.05 3.05 2.47 3.50 1.32 4.25 4.25 4.25 4.25 1.32 1.32 1.32 1.32 1.39 1.39 1.39 1.39 1.39 1.39 1.39 1.39 1.39 1.39 1.39 1.39 1.39 1.39 1.39 1.39 1.34 1.34 1.34 1.34 1.34 1.34 1.34 1.34 1.34 1.34 1.34 1.34 1.34 1.34 1.34 1.34 1.21 1.21 1.21 1.21 1.21 1.21 1.21 1.21 1.21 1.21 1.21 1.21
1.25 1.25 1.25 1.25 1.25 1.25 1.25 1.25 1.17 1.17 1.17 1.17 1.17 1.17 1.17 1.17 1.17 1.17 3.50 3.50 3.50 3.68 1.17 3.54 2.47 2.47 0.91 3.05 3.05 0.91 3.05 0.91 3.80 3.80 3.58 3.78 1.32 1.32 1.32 1.32 1.39 1.39 1.39 1.39 1.39 1.39 3.56 1.39 1.39 1.39 1.39 1.39 1.39 1.39 1.39 1.39 1.34 1.34 1.34 1.34 1.34 1.34 1.34 1.34 1.34 1.34 1.34 1.34 1.34 1.34 1.34 1.34 1.21 1.21 1.21 1.21 1.21 1.21 1.21 1.21 1.21 1.21 1.21 1.21
1.25 1.25 1.25 1.25 1.25 1.25 1.25 1.25 1.17 1.17 1.17 1.17 1.17 1.17 1.17 1.17 1.17 1.17 1.17 4.26 4.26 3.50 4.26 2.51 2.47 0.91 3.05 0.00 0.00 0.00 0.00 0.00 0.00 3.80 4.25 1.32 1.32 1.32 1.32 1.32 1.39 1.39 1.39 4.21 4.21 4.21 4.21 2.04 3.69 1.39 1.39 1.39 1.39 1.39 1.39 1.39 1.34 1.34 1.34 3.42 3.39 3.39 3.39 1.34 1.34 1.34 1.34 1.34 1.34 1.34 1.34 1.34 1.21 1.21 1.21 1.21 1.21 1.21 1.21 1.21 1.21 1.21 1.21 1.21
1.25 1.25 1.25 1.25 1.25 1.25 1.25 1.25 1.17 1.17 1.17 1.17 1.17 1.17 1.17 1.17 3.60 1.17 3.50 3.50 4.26 4.26 2.51 3.54 2.47 0.00 0.00 0.00 0.00 0.00 0.00 0.00 0.00 0.00 4.35 1.32 1.32 1.32 1.32 1.32 1.39 3.74 3.85 3.69 4.21 4.21 1.39 3.87 1.39 1.39 1.39 1.39 1.39 1.39 1.39 1.39 1.34 1.34 1.34 1.34 3.39 3.39 1.34 1.34 1.34 1.34 1.34 1.34 1.34 1.34 1.34 1.34 1.21 1.21 1.21 1.21 1.21 1.21 1.21 1.21 1.21 1.21 1.21 1.21
1.16 1.16 1.16 1.16 1.16 1.16 1.71 1.16 0.80 0.80 0.80 0.80 0.80 0.80 0.80 0.80 2.64 0.80 2.42 3.13 3.13 3.13 2.89 2.89 0.00 0.00 0.00 0.00 0.00 0.00 0.00 0.00 0.00 0.00 0.00 0.82 0.82 0.82 0.82 2.50 3.27 3.26 3.26 2.24 3.29 0.84 0.84 0.84 0.84 0.84 0.84 0.84 0.84 0.84 0.84 0.84 1.33 1.33 1.33 1.33 3.37 3.49 1.33 1.33 1.33 1.33 1.33 1.33 1.33 1.33 1.33 1.33 1.29 1.29 1.29 1.29 1.29 1.29 1.29 1.29 1.29 1.29 1.29 1.29
1.16 1.16 1.16 1.16 1.16 1.16 1.16 1.16 2.52 2.52 0.80 0.80 0.80 0.80 0.80 2.42 2.64 0.80 2.42 2.42 2.42 2.42 0.80 2.89 0.00 0.00 0.00 0.00 0.00 0.00 0.00 0.00 0.00 0.00 0.00 3.23 3.24 0.82 3.23 0.00 0.00 3.26 3.26 3.26 2.54 0.84 0.84 0.84 0.84 0.84 0.84 0.84 0.84 0.84 0.84 0.84 1.33 1.33 1.33 3.49 3.45 3.37 1.33 1.33 1.33 1.33 1.33 1.33 1.33 1.33 1.33 1.33 1.29 1.29 1.29 1.29 1.29 1.29 1.29 1.29 1.29 1.29 1.29 1.29
1.16 1.16 1.16 1.16 1.16 1.16 1.16 1.16 0.80 0.80 0.80 0.80 2.65 2.64 2.42 2.42 2.42 2.64 0.80 2.42 0.80 0.80 0.80 0.00 0.00 0.00 0.00 0.00 0.00 0.00 0.00 0.00 0.00 0.00 0.00 0.82 0.82 0.00 0.00 0.00 0.00 0.00 0.00 2.24 2.54 0.84 0.84 0.84 0.84 0.84 0.84 0.84 0.84 0.84 0.84 0.84 1.33 1.33 1.33 1.33 3.41 3.41 1.33 1.33 1.33 1.33 1.33 1.33 1.33 1.33 1.33 1.33 1.29 1.29 1.29 1.29 1.29 1.29 1.29 1.29 1.29 1.29 1.29 1.29
1.16 1.16 1.16 1.16 1.16 1.16 3.50 3.48 2.42 1.17 0.80 0.80 0.80 2.64 3.13 2.42 2.89 2.89 2.28 0.80 0.80 0.80 0.00 0.00 0.00 0.00 0.00 0.00 0.00 0.00 0.00 0.00 0.00 0.00 0.00 0.00 0.00 0.00 0.00 0.00 0.00 0.00 0.00 3.26 2.76 2.76 0.84 0.84 0.84 0.84 0.84 0.84 0.84 0.84 0.84 0.84 1.33 1.33 1.33 1.33 1.33 1.33 1.33 1.33 1.33 1.33 1.33 1.33 1.33 1.33 1.33 1.33 1.29 1.29 1.29 1.29 1.29 1.29 1.29 1.29 1.29 1.29 1.29 1.29
1.16 1.16 1.16 1.16 1.16 1.16 1.16 3.50 2.42 1.17 1.17 2.42 2.42 3.13 2.67 2.89 2.89 2.89 0.00 0.00 0.00 0.00 0.00 0.00 0.00 0.00 0.00 0.00 0.00 0.00 0.00 0.00 0.00 0.00 0.00 0.00 0.00 0.00 0.00 0.00 0.00 0.00 0.00 0.00 3.29 0.84 0.84 0.84 0.84 0.84 0.84 0.84 0.84 0.84 0.84 0.84 1.33 1.33 1.33 1.33 1.33 1.33 1.33 1.33 1.33 1.33 1.33 1.33 1.33 1.33 1.33 1.33 1.29 1.29 1.29 1.29 1.29 1.29 1.29 1.29 1.29 1.29 1.29 1.29
1.16 1.16 1.16 1.16 1.16 1.71 1.16 4.36 3.13 2.89 2.89 2.89 2.89 0.00 0.00 0.00 0.00 0.00 0.00 0.00 0.00 0.00 0.00 0.00 0.00 0.00 0.00 0.00 0.00 0.00 0.00 0.00 0.00 0.00 0.00 0.00 0.00 0.00 0.00 0.00 0.00 0.00 0.00 3.26 3.29 0.84 0.84 0.84 0.84 0.84 0.84 0.84 0.84 0.84 0.84 0.84 1.33 1.33 1.33 1.33 1.33 1.33 1.33 1.33 1.33 1.33 1.33 1.33 1.33 1.33 1.33 1.33 1.29 1.29 1.29 1.29 1.29 1.29 1.29 1.29 1.29 1.29 1.29 1.29
1.16 1.16 1.16 1.16 1.16 3.48 3.48 4.29 2.89 2.89 0.00 0.00 0.00 0.00 0.00 0.00 0.00 0.00 0.00 0.00 0.00 0.00 0.00 0.00 0.00 0.00 0.00 0.00 0.00 0.00 0.00 0.00 0.00 0.00 0.00 0.00 0.00 0.00 0.00 0.00 0.00 0.00 0.00 0.84 3.29 2.54 0.84 0.84 2.94 2.78 0.84 0.84 0.84 0.84 0.84 0.84 1.33 1.33 1.33 1.33 1.33 1.33 1.33 1.33 1.33 1.33 1.33 1.33 1.33 1.33 1.33 1.33 1.29 1.29 1.29 1.29 1.29 1.29 1.29 1.29 1.29 1.29 1.29 1.29
1.16 1.16 1.16 1.16 1.71 3.48 2.53 3.58 0.00 0.00 0.00 0.00 0.00 0.00 0.00 0.00 0.00 0.00 0.00 0.00 0.00 0.00 0.00 0.00 0.00 0.00 0.00 0.00 0.00 0.00 0.00 0.00 0.00 0.00 0.00 0.00 0.00 0.00 0.00 0.00 0.00 0.00 0.00 0.00 0.00 0.00 0.00 2.70 2.70 3.28 2.78 2.78 2.54 0.84 0.84 0.84 1.33 1.33 1.33 1.33 1.33 1.33 1.33 1.33 1.33 1.33 1.33 1.33 1.33 1.33 1.33 1.33 1.29 1.29 1.29 1.29 1.29 1.29 1.29 1.29 1.29 1.29 1.29 1.29
1.16 1.16 1.16 1.16 3.50 3.48 3.58 0.00 0.00 0.00 0.00 0.00 0.00 0.00 0.00 0.00 0.00 0.00 0.00 0.00 0.00 0.00 0.00 0.00 0.00 0.00 0.00 0.00 0.00 0.00 0.00 0.00 0.00 0.00 0.00 0.00 0.00 0.00 0.00 0.00 0.00 0.00 0.00 0.00 0.00 0.00 0.00 0.00 2.70 0.81 3.28 3.28 2.54 2.54 2.54 0.84 1.33 1.33 1.33 1.33 1.33 1.33 1.33 1.33 1.33 1.33 1.33 1.33 1.33 1.33 1.33 1.33 1.29 1.29 1.29 1.29 1.29 1.29 1.29 1.29 1.29 1.29 1.29 1.29
3.50 1.16 3.50 3.50 1.16 3.48 4.29 0.00 0.00 0.00 0.00 0.00 0.00 0.00 0.00 0.00 0.00 0.00 0.00 0.00 0.00 0.00 0.00 0.00 0.00 0.00 0.00 0.00 0.00 0.00 0.00 0.00 0.00 0.00 0.00 0.00 0.00 0.00 0.00 0.00 0.00 0.00 0.00 0.00 0.00 0.00 0.00 0.00 0.00 2.70 3.26 3.26 2.54 2.54 2.54 0.84 3.52 1.33 1.33 1.33 1.33 1.33 1.33 1.33 1.33 1.33 1.33 1.33 1.33 1.33 1.33 1.33 1.29 1.29 1.29 1.29 1.29 1.29 1.29 1.29 1.29 1.29 1.29 1.29
1.16 3.50 4.36 3.60 1.16 1.16 4.36 0.00 0.00 0.00 0.00 0.00 0.00 0.00 0.00 0.00 0.00 0.00 0.00 0.00 0.00 0.00 0.00 0.00 0.00 0.00 0.00 0.00 0.00 0.00 0.00 0.00 0.00 0.00 0.00 0.00 0.00 0.00 0.00 0.00 0.00 0.00 0.00 0.00 0.00 0.00 0.00 0.00 0.00 2.70 0.81 2.70 2.24 3.29 3.29 3.29 4.16 3.28 1.33 1.33 1.33 1.33 1.33 1.33 1.33 1.33 1.33 1.33 1.33 1.33 1.33 1.33 1.29 1.29 1.29 1.29 1.29 1.29 1.90 1.90 1.29 1.29 1.29 1.29
1.16 3.60 3.50 3.60 1.16 1.16 1.16 0.00 0.00 0.00 0.00 0.00 0.00 0.00 0.00 0.00 0.00 0.00 0.00 0.00 0.00 0.00 0.00 0.00 0.00 0.00 0.00 0.00 0.00 0.00 0.00 0.00 0.00 0.00 0.00 0.00 0.00 0.00 0.00 0.00 0.00 0.00 0.00 0.00 0.00 0.00 0.00 0.00 0.00 0.00 0.81 0.81 3.26 3.29 2.24 2.24 4.16 3.95 1.33 1.33 1.33 1.33 1.33 1.33 1.33 1.33 1.33 1.33 1.33 1.33 1.33 1.33 1.29 1.29 1.29 1.29 1.29 1.29 1.29 1.29 1.29 1.29 1.29 3.25
1.16 1.16 3.50 2.77 4.36 0.00 0.00 0.00 0.00 0.00 0.00 0.00 0.00 0.00 0.00 0.00 0.00 0.00 0.00 0.00 0.00 0.00 0.00 0.00 0.00 0.00 0.00 0.00 0.00 0.00 0.00 0.00 0.00 0.00 0.00 0.00 0.00 0.00 0.00 0.00 0.00 0.00 0.00 0.00 0.00 0.00 0.00 0.00 0.00 0.00 2.70 0.81 2.70 2.24 3.29 2.76 3.63 1.33 1.33 1.33 1.33 1.33 1.33 1.33 1.33 1.33 1.33 1.33 1.33 1.33 1.33 1.33 1.29 1.29 1.29 1.29 1.29 1.29 3.41 3.41 1.29 3.41 4.12 3.41
1.16 1.16 4.36 4.36 0.00 0.00 0.00 0.00 0.00 0.00 0.00 0.00 0.00 0.00 0.00 0.00 0.00 0.00 0.00 0.00 0.00 0.00 0.00 0.00 0.00 0.00 0.00 0.00 0.00 0.00 0.00 0.00 0.00 0.00 0.00 0.00 0.00 0.00 0.00 0.00 0.00 0.00 0.00 0.00 0.00 0.00 0.00 0.00 0.00 0.00 0.00 2.70 2.70 2.14 2.54 2.54 1.33 1.33 1.33 1.33 1.33 1.33 1.33 1.33 1.33 1.33 1.33 1.33 1.33 1.33 1.33 1.33 1.29 1.29 1.29 1.29 1.29 1.29 1.29 1.29 3.41 3.41 3.46 3.46
3.50 4.36 0.00 0.00 0.00 0.00 0.00 0.00 0.00 0.00 0.00 0.00 0.00 0.00 0.00 0.00 0.00 0.00 0.00 0.00 0.00 0.00 0.00 0.00 0.00 0.00 0.00 0.00 0.00 0.00 0.00 0.00 0.00 0.00 0.00 0.00 0.00 0.00 0.00 0.00 0.00 0.00 0.00 0.00 0.00 0.00 0.00 0.00 0.00 0.00 0.00 2.70 0.81 3.27 3.29 2.78 3.67 1.95 1.33 1.33 1.33 1.33 1.33 1.33 1.33 1.33 1.33 1.33 1.33 1.33 1.33 1.33 1.29 1.29 1.29 1.29 1.29 1.29 1.29 1.29 1.29 3.41 3.46 3.46
4.29 0.00 0.00 0.00 0.00 0.00 0.00 0.00 0.00 0.00 0.00 0.00 0.00 0.00 0.00 0.00 0.00 0.00 0.00 0.00 0.00 0.00 0.00 0.00 0.00 0.00 0.00 0.00 0.00 0.00 0.00 0.00 0.00 0.00 0.00 0.00 0.00 0.00 0.00 0.00 0.00 0.00 0.00 0.00 0.00 0.00 0.00 0.00 0.00 0.00 0.00 2.70 2.70 0.98 3.29 2.54 1.33 1.33 1.33 1.33 1.33 1.33 1.33 1.33 1.33 1.33 1.33 1.33 1.33 1.33 1.33 1.33 1.29 1.29 1.29 1.29 1.29 1.29 1.29 1.29 1.29 1.29 1.29 1.29
0.00 0.00 0.00 0.00 0.00 0.00 0.00 0.00 0.00 0.00 0.00 0.00 0.00 0.00 0.00 0.00 0.00 0.00 0.00 0.00 0.00 0.00 0.00 0.00 0.00 0.00 0.00 0.00 0.00 0.00 0.00 0.00 0.00 0.00 0.00 0.00 0.00 0.00 0.00 0.00 0.00 0.00 0.00 0.00 0.00 0.00 0.00 0.00 0.00 0.00 0.00 2.56 2.56 3.01 3.01 2.54 1.13 0.77 0.77 0.77 0.77 0.77 0.77 0.77 0.77 0.77 0.77 0.77 0.77 0.77 0.77 0.77 0.75 0.75 0.75 0.75 0.75 0.75 0.75 0.75 0.75 0.75 2.27 0.75
0.00 0.00 0.00 0.00 0.00 0.00 0.00 0.00 0.00 0.00 0.00 0.00 0.00 0.00 0.00 0.00 0.00 0.00 0.00 0.00 0.00 0.00 0.00 0.00 0.00 0.00 0.00 0.00 0.00 0.00 0.00 0.00 0.00 0.00 0.00 0.00 0.00 0.00 0.00 0.00 0.00 0.00 0.00 0.00 0.00 0.00 0.00 0.00 0.00 0.00 0.00 2.56 2.78 2.32 0.76 2.54 0.77 0.77 2.33 0.77 0.77 0.77 0.77 0.77 0.77 0.77 0.77 0.77 0.77 0.77 0.77 0.77 0.75 0.75 0.75 0.75 0.75 0.75 0.75 0.75 0.75 0.75 2.93 2.93
0.00 0.00 0.00 0.00 0.00 0.00 0.00 0.00 0.00 0.00 0.00 0.00 0.00 0.00 0.00 0.00 0.00 0.00 0.00 0.00 0.00 0.00 0.00 0.00 0.00 0.00 0.00 0.00 0.00 0.00 0.00 0.00 0.00 0.00 0.00 0.00 0.00 0.00 0.00 0.00 0.00 0.00 0.00 0.00 0.00 0.00 0.00 0.00 0.00 0.00 0.00 2.56 2.04 0.76 0.76 2.54 1.13 0.77 0.77 0.77 0.77 0.77 0.77 0.77 0.77 0.77 0.77 0.77 1.13 0.77 0.77 0.77 0.75 1.10 0.75 0.75 0.75 0.75 0.75 0.75 2.27 2.93 0.02 0.00
0.00 0.00 0.00 0.00 0.00 0.00 0.00 0.00 0.00 0.00 0.00 0.00 0.00 0.00 0.00 0.00 0.00 0.00 0.00 0.00 0.00 0.00 0.00 0.00 0.00 0.00 0.00 0.00 0.00 0.00 0.00 0.00 0.00 0.00 0.00 0.00 0.00 0.00 0.00 0.00 0.00 0.00 0.00 0.00 0.00 0.00 0.00 0.00 0.00 0.00 3.01 2.32 3.01 2.32 0.76 0.76 0.77 0.77 0.77 0.77 0.77 2.34 0.77 0.77 0.77 0.77 0.77 0.77 2.46 0.77 0.77 0.77 0.75 0.75 2.43 2.43 0.75 0.75 0.75 0.75 0.02 0.00 0.00 0.00
0.00 0.00 0.00 0.00 0.00 0.00 0.00 0.00 0.00 0.00 0.00 0.00 0.00 0.00 0.00 0.00 0.00 0.00 0.00 0.00 0.00 0.00 0.00 0.00 0.00 0.00 0.00 0.00 0.00 0.00 0.00 0.00 0.00 0.00 0.00 0.00 0.00 0.00 0.00 0.00 0.00 0.00 0.00 0.00 0.00 0.00 0.00 0.00 0.00 3.01 2.32 2.54 0.76 1.12 1.12 1.12 0.77 0.77 0.77 0.77 0.77 2.32 0.77 0.77 0.77 0.77 0.77 0.77 1.13 2.33 0.77 0.77 0.75 2.43 2.27 2.43 2.43 0.75 0.75 0.75 0.00 0.00 0.00 0.00
0.00 0.00 0.00 0.00 0.00 0.00 0.00 0.00 0.00 0.00 0.00 0.00 0.00 0.00 0.00 0.00 0.00 0.00 0.00 0.00 0.00 0.00 0.00 0.00 0.00 0.00 0.00 0.00 0.00 0.00 0.00 0.00 0.00 0.00 0.00 0.00 0.00 0.00 0.00 0.00 0.00 0.00 0.00 0.00 0.00 0.00 0.00 0.00 2.32 0.76 0.76 0.76 0.76 0.76 0.76 0.76 0.77 0.77 0.77 0.77 0.77 0.77 0.77 0.77 0.77 0.77 0.77 0.77 1.13 1.13 0.77 0.77 0.75 2.27 2.27 2.27 2.43 2.43 0.75 0.75 0.00 0.00 0.00 0.00
