New_Model_Runs/16_Future_RCP8.5_Scn3_out/post_prcessed_with_MFR/Monthly_summaries/actual_et_monthly_DEC.asc
NCOLS 700
NROWS 400
XLLCENTER 515000.000000
YLLCENTER 8409000.000000
CELLSIZE 50.000000
NODATA_value -999.000000
[rows 152 to 189 of 400, columns 252 to 335 of 700]
0.00 0.00 0.00 0.00 0.00 0.00 0.00 0.00 0.00 0.00 0.00 0.00 0.00 0.00 0.00 0.00 0.00 0.00 0.00 0.00 0.00 0.00 0.00 0.00 0.00 0.00 0.00 0.00 0.00 0.00 0.00 0.00 0.00 0.00 0.00 0.00 0.00 0.00 0.00 0.00 0.00 0.00 0.00 0.00 0.00 0.00 0.00 1.00 1.00 1.00 1.00 1.00 1.49 1.49 1.49 1.49 1.49 1.49 1.49 1.49 1.49 1.49 1.49 1.49 1.49 1.49 1.49 1.49 1.34 1.34 1.34 1.34 1.34 1.34 2.83 3.40 3.30 3.30 2.96 2.96 3.30 3.30 2.96 3.30
0.00 0.00 0.00 0.00 0.00 0.00 0.00 0.00 0.00 0.00 0.00 0.00 0.00 0.00 0.00 0.00 0.00 0.00 0.00 0.00 0.00 0.00 0.00 0.00 0.00 0.00 0.00 0.00 0.00 0.00 0.00 0.00 0.00 0.00 0.00 0.00 0.00 0.00 0.00 0.00 0.00 0.00 0.00 0.00 0.00 0.00 2.71 1.00 1.00 1.00 1.00 1.00 1.49 1.49 1.49 1.49 1.49 1.49 1.49 1.49 1.49 1.49 1.49 1.49 1.49 1.49 1.49 1.49 1.34 1.34 1.34 1.34 2.83 2.83 2.96 3.30 3.30 1.34 3.30 3.30 3.30 2.70 3.06 3.06
0.00 0.00 0.00 0.00 0.00 0.00 0.00 0.00 0.00 0.00 0.00 0.00 0.00 0.00 0.00 0.00 0.00 0.00 0.00 0.00 0.00 0.00 0.00 0.00 0.00 0.00 0.00 0.00 0.00 0.00 0.00 0.00 0.00 0.00 0.00 0.00 0.00 0.00 0.00 0.00 0.00 0.00 0.00 0.00 0.00 1.00 1.00 1.00 1.00 1.00 1.00 1.00 1.49 1.49 1.49 1.49 1.49 1.49 1.49 1.49 1.49 1.49 1.49 1.49 1.49 1.49 1.49 1.49 1.34 1.34 1.34 2.70 2.74 3.30 2.96 3.30 2.07 3.30 2.96 2.70 3.40 2.10 2.79 2.79
0.00 0.00 0.00 0.00 0.00 0.00 0.00 0.00 0.00 0.00 0.00 0.00 0.00 0.00 0.00 0.00 0.00 0.00 0.00 0.00 0.00 0.00 0.00 0.00 0.00 0.00 0.00 0.00 0.00 0.00 0.00 0.00 0.00 0.00 0.00 0.00 0.00 0.00 0.00 0.00 0.00 0.00 0.00 0.00 0.00 1.00 1.00 1.00 1.00 1.00 1.00 1.00 1.49 1.49 1.49 1.49 1.49 1.49 1.49 1.49 1.49 1.49 1.49 1.49 1.49 1.49 1.49 1.49 1.34 1.34 1.34 1.34 2.70 3.30 2.96 2.07 3.30 3.30 3.40 2.79 1.34 1.34 2.79 2.79
0.00 0.00 0.00 0.00 0.00 0.00 0.00 0.00 0.00 0.00 0.00 0.00 0.00 0.00 0.00 0.00 0.00 0.00 0.00 0.00 0.00 0.00 0.00 0.00 0.00 0.00 0.00 0.00 0.00 0.00 0.00 0.00 0.00 0.00 0.00 0.00 0.00 0.00 0.00 0.00 0.00 0.00 0.00 0.00 2.72 1.00 1.00 1.00 1.00 1.00 1.00 1.00 1.49 1.49 1.49 1.49 1.49 1.49 1.49 1.49 1.49 1.49 1.49 1.49 1.49 1.49 1.49 1.49 1.34 1.34 1.34 1.34 1.34 1.34 3.30 2.07 3.30 1.34 3.40 2.79 1.34 2.83 2.79 1.34
0.00 0.00 0.00 0.00 0.00 0.00 0.00 0.00 0.00 0.00 0.00 0.00 0.00 0.00 0.00 0.00 0.00 0.00 0.00 0.00 0.00 0.00 0.00 0.00 0.00 0.00 0.00 0.00 0.00 0.00 0.00 0.00 0.00 0.00 0.00 0.00 0.00 0.00 0.00 0.00 0.00 0.00 0.00 0.00 2.59 1.00 1.00 1.00 1.00 1.00 1.00 1.00 1.49 1.49 1.49 1.49 1.49 1.49 1.49 1.49 1.49 1.49 1.49 1.49 1.49 1.49 1.49 1.49 1.34 1.34 1.34 1.34 1.34 1.34 2.96 3.30 3.30 1.34 1.34 1.34 2.79 2.79 1.34 1.34
0.00 0.00 0.00 0.00 0.00 0.00 0.00 0.00 0.00 0.00 0.00 0.00 0.00 0.00 0.00 0.00 0.00 0.00 0.00 0.00 0.00 0.00 0.00 0.00 0.00 0.00 0.00 0.96 0.00 0.00 0.00 0.00 0.00 0.00 0.00 0.00 0.00 0.00 0.00 0.00 0.00 0.00 0.00 0.00 1.00 1.00 1.00 1.00 1.00 1.00 1.00 1.00 1.49 1.49 1.49 1.49 1.49 1.49 1.49 1.49 1.49 1.49 1.49 1.49 1.49 1.49 1.49 1.49 1.34 1.34 1.34 2.70 2.70 2.70 2.96 3.30 3.30 1.34 1.34 1.34 1.34 1.34 1.34 1.34
0.00 0.00 0.00 0.00 0.00 0.00 0.00 0.00 0.00 0.00 0.00 0.00 0.00 0.00 0.00 0.00 0.00 0.00 0.00 0.00 0.00 0.00 0.00 0.00 0.00 0.00 0.96 0.96 0.00 0.00 0.00 0.00 0.00 0.00 0.00 0.00 0.00 0.00 0.00 0.00 0.00 0.00 0.00 0.00 0.00 0.00 1.00 1.00 1.00 1.00 1.00 1.00 1.49 1.49 1.49 1.49 1.49 1.49 1.49 1.49 1.49 1.49 1.49 1.49 1.49 1.49 1.49 1.49 1.34 1.34 1.34 2.70 2.70 2.96 3.30 3.30 3.30 2.96 2.70 1.34 1.34 1.34 1.34 1.34
0.00 0.00 0.00 0.00 0.00 0.00 0.00 0.00 0.00 0.00 0.00 0.00 0.00 0.00 0.00 0.00 0.00 0.00 0.00 0.00 0.00 0.00 0.00 0.00 0.00 0.96 0.96 0.96 0.96 0.00 0.00 0.00 0.00 0.00 0.00 0.00 0.00 0.00 0.00 0.00 0.00 0.00 0.00 0.00 0.00 0.00 0.00 0.00 1.00 1.00 1.00 1.00 1.49 1.49 1.49 1.49 1.49 1.49 1.49 1.49 1.49 1.49 1.49 1.49 1.49 1.49 1.49 1.49 1.34 1.34 2.70 2.70 3.30 2.96 2.07 2.07 2.70 2.70 1.34 1.34 1.34 1.34 1.34 1.34
0.00 0.00 0.00 0.00 0.00 0.00 0.00 0.00 0.00 0.00 0.00 0.00 0.00 0.00 0.00 0.00 0.00 0.00 0.00 0.00 0.00 0.00 0.00 0.00 0.00 0.96 0.96 0.96 0.96 0.96 2.68 0.00 0.00 0.00 0.00 0.00 0.00 0.00 0.00 0.00 0.00 0.00 0.00 0.00 0.00 0.00 0.00 0.00 0.00 0.00 2.96 1.00 1.49 1.49 1.49 1.49 1.49 1.49 1.49 1.49 1.49 1.49 1.49 1.49 1.49 1.49 1.49 1.49 1.34 1.34 2.70 3.30 3.30 2.07 2.96 3.30 2.70 2.70 3.30 1.34 1.34 1.34 1.34 1.34
0.00 0.00 0.00 0.00 0.00 0.00 0.00 0.00 0.00 0.00 0.00 0.00 0.00 0.00 0.00 0.00 0.00 0.00 0.00 0.00 0.00 0.00 0.00 0.00 0.00 1.46 1.46 1.46 1.46 1.46 1.46 0.00 0.00 0.00 0.00 0.00 0.00 0.00 0.00 0.00 0.00 0.00 0.00 0.00 0.00 0.00 0.00 0.00 0.00 0.00 3.29 1.33 1.51 1.51 1.51 1.51 1.51 1.51 1.51 1.51 1.51 1.51 1.51 1.51 1.51 1.51 1.51 1.51 2.91 2.81 2.81 2.81 2.81 2.81 2.81 2.81 3.10 3.10 2.81 1.46 1.46 1.46 1.46 1.46
0.00 0.00 0.00 0.00 0.00 0.00 0.00 0.00 0.00 0.00 0.00 0.00 0.00 0.00 0.00 0.00 0.00 0.00 0.00 0.00 0.00 0.00 0.00 0.00 1.46 1.46 1.46 1.46 1.46 1.46 1.46 1.46 1.46 0.00 1.46 1.46 0.00 0.00 0.00 0.00 0.00 0.00 0.00 0.00 0.00 0.00 0.00 0.00 0.00 0.00 2.06 1.33 1.51 1.51 1.51 1.51 1.51 1.51 1.51 1.51 1.51 1.51 1.51 1.51 1.51 1.51 1.51 1.51 1.46 2.91 2.81 2.81 2.81 2.81 2.81 3.44 3.44 3.44 3.44 1.46 1.46 1.46 1.46 1.46
0.00 0.00 0.00 0.00 0.00 0.00 0.00 0.00 0.00 0.00 0.00 0.00 0.00 0.00 0.00 0.00 0.00 0.00 0.00 0.00 0.00 0.00 3.15 1.46 1.46 1.46 1.46 1.46 1.46 1.46 1.46 2.06 1.46 1.46 1.46 1.46 1.33 0.00 0.00 0.00 0.00 0.00 0.00 0.00 0.00 0.00 0.00 0.00 0.00 0.00 0.00 2.95 3.47 2.17 2.82 2.82 1.51 1.51 1.51 1.51 1.51 1.51 1.51 1.51 1.51 1.51 2.98 1.51 1.46 1.46 2.91 2.96 3.44 3.44 3.54 3.44 3.44 1.46 2.81 1.46 2.96 1.46 1.46 1.46
0.00 0.00 0.00 0.00 0.00 0.00 0.00 0.00 0.00 0.00 0.00 0.00 0.00 0.00 0.00 0.00 0.00 0.00 0.00 0.00 1.46 1.46 1.46 1.46 1.46 1.46 1.46 1.46 1.46 1.46 1.46 1.46 2.92 2.92 2.92 1.46 1.33 1.33 1.33 0.00 0.00 0.00 0.00 0.00 0.00 0.00 0.00 0.00 0.00 0.00 0.00 2.06 2.17 3.12 3.47 3.47 2.82 2.82 1.51 1.51 1.51 1.51 1.51 1.51 1.51 1.51 1.51 1.51 1.46 1.46 1.46 2.96 2.91 2.96 3.54 3.44 1.46 1.46 1.46 1.46 2.91 1.46 1.46 1.46
0.00 0.00 0.00 0.00 0.00 0.00 0.00 0.00 0.00 0.00 0.00 0.00 0.00 0.00 0.00 0.00 3.18 1.51 0.00 0.00 1.46 1.46 1.46 1.46 1.46 1.46 1.46 1.46 1.46 1.46 1.46 1.46 1.46 2.92 1.46 1.46 1.33 1.93 2.82 2.82 1.33 0.00 0.00 0.00 0.00 0.00 0.00 0.00 0.00 0.00 0.00 2.06 2.17 3.47 3.47 3.47 3.47 2.82 1.51 1.51 1.51 2.11 1.51 1.51 1.51 1.51 1.51 1.51 1.46 1.46 1.46 1.46 2.96 2.96 2.91 3.44 1.46 1.46 1.46 1.46 1.46 1.46 1.46 1.46
0.00 0.00 0.00 0.00 0.00 0.00 0.00 0.00 0.00 0.00 0.00 0.00 0.00 0.00 0.00 0.00 1.51 1.51 1.51 1.51 1.46 1.46 1.46 1.46 1.46 1.46 1.46 1.46 1.46 1.46 1.46 1.46 1.46 1.46 1.46 1.46 1.33 1.33 1.33 2.82 1.33 0.00 0.00 0.00 0.00 0.00 0.00 0.00 0.00 0.00 0.00 2.06 2.17 2.17 3.47 3.12 2.82 2.92 2.98 1.51 1.51 1.51 1.51 1.51 1.51 1.51 1.51 1.51 1.46 1.46 1.46 1.46 2.96 2.96 2.91 1.46 1.46 1.46 1.46 1.46 1.46 1.46 1.46 1.46
0.00 0.00 0.00 0.00 0.00 0.00 0.00 0.00 0.00 0.00 0.00 0.00 0.00 3.18 1.51 1.51 1.51 1.51 1.51 1.51 1.46 1.46 1.46 1.46 1.46 1.46 1.46 1.46 1.46 1.46 1.46 1.46 1.46 1.46 1.46 1.46 1.33 1.33 1.33 1.33 1.33 0.00 0.00 0.00 0.00 0.00 0.00 0.00 0.00 0.00 2.06 2.06 2.18 2.17 3.47 3.12 3.47 2.98 1.51 1.51 1.51 1.51 1.51 1.51 1.51 1.51 1.51 1.51 1.46 1.46 1.46 1.46 2.96 2.96 2.96 1.46 1.46 1.46 1.46 1.46 1.46 1.46 1.46 1.46
0.00 0.00 0.00 0.00 0.00 0.00 0.00 0.00 0.00 0.00 0.00 0.00 3.18 1.51 1.51 1.51 1.51 1.51 1.51 1.51 1.46 1.46 1.46 1.46 1.46 1.46 1.46 1.46 1.46 1.46 1.46 1.46 1.46 1.46 1.46 1.46 2.85 1.33 1.33 3.29 0.00 0.00 0.00 0.00 0.00 0.00 0.00 0.00 0.00 0.88 1.33 1.33 2.98 3.47 3.47 3.47 2.82 2.98 2.92 1.51 2.12 2.12 1.51 1.51 1.51 1.51 1.51 1.51 1.46 1.46 1.46 1.46 1.46 1.46 2.96 1.46 1.46 1.46 1.46 1.46 1.46 1.46 1.46 1.46
0.00 0.00 0.00 0.00 0.00 0.00 0.00 0.00 0.00 0.00 0.00 0.00 1.51 1.51 1.51 1.51 1.51 1.51 1.51 1.51 1.46 1.46 1.46 1.46 1.46 1.46 1.46 1.46 1.46 1.46 1.46 1.46 1.46 1.46 1.46 1.46 2.85 2.75 3.29 2.06 3.29 0.00 0.00 0.00 0.00 0.00 0.00 0.00 2.06 1.33 1.33 1.33 2.98 2.92 3.12 3.47 3.47 2.82 2.82 2.82 2.98 1.51 1.51 1.51 1.51 1.51 1.51 1.51 1.46 1.46 1.46 1.46 1.46 1.46 1.46 1.46 1.46 1.46 1.46 1.46 1.46 1.46 1.46 1.46
0.00 0.00 0.00 0.00 0.00 0.00 0.00 0.00 0.00 0.00 0.00 3.18 1.51 1.51 1.51 1.51 1.51 1.51 1.51 1.51 1.46 1.46 1.46 1.46 1.46 1.46 1.46 1.46 1.46 1.46 1.46 1.46 1.46 1.46 2.92 1.46 1.33 2.69 3.48 2.11 3.29 3.29 0.00 0.00 0.00 0.00 0.00 2.06 1.33 1.33 1.33 1.33 1.51 2.92 3.12 3.47 3.47 3.47 3.47 2.17 2.98 2.98 1.51 1.51 1.51 1.51 1.51 1.51 1.46 1.46 1.46 1.46 1.46 1.46 1.46 1.46 1.46 1.46 1.46 1.46 1.46 1.46 1.46 1.46
0.00 0.00 0.00 0.00 0.00 0.00 0.00 0.00 0.00 0.00 1.51 1.51 1.51 1.51 1.51 1.51 1.51 1.51 1.51 1.51 1.46 1.46 1.46 1.46 1.46 1.46 1.46 1.46 1.46 1.46 1.46 1.46 1.46 1.46 1.46 1.46 1.33 1.90 1.94 2.94 3.29 2.06 2.06 0.88 0.00 0.00 2.06 2.06 2.95 1.33 1.33 1.33 1.51 1.51 2.82 3.12 2.82 2.82 3.12 1.51 3.56 2.98 1.51 1.51 1.51 1.51 1.51 1.51 1.46 1.46 1.46 1.46 1.46 1.46 1.46 1.46 1.46 1.46 1.46 1.46 1.46 1.46 1.46 1.46
0.00 0.00 0.00 0.00 0.00 0.00 0.00 0.00 0.00 0.00 1.51 1.51 1.51 1.51 1.51 1.51 1.51 1.51 1.51 1.51 1.46 1.46 1.46 1.46 1.46 1.46 1.46 1.46 1.46 1.46 1.46 1.46 1.46 1.46 1.46 1.46 1.33 1.33 1.90 1.94 3.29 2.06 2.06 2.06 2.06 2.06 2.06 2.74 1.33 1.33 1.33 1.33 1.51 1.51 1.51 2.92 2.89 2.89 1.51 1.51 1.51 1.51 1.51 1.51 1.51 1.51 1.51 1.51 1.46 1.46 1.46 1.46 1.46 1.46 1.46 1.46 1.46 1.46 1.46 1.46 1.46 1.46 1.46 1.46
0.00 0.00 0.00 0.00 0.00 0.00 0.00 0.00 0.00 0.00 0.00 1.51 1.51 1.51 1.51 1.51 1.51 1.51 1.51 1.51 1.46 1.46 1.46 1.46 1.46 1.46 1.46 1.46 1.46 1.46 1.46 1.46 1.46 1.46 1.46 1.46 1.33 1.33 1.33 2.69 2.11 3.29 2.06 2.06 2.09 3.29 2.69 2.69 2.69 2.69 2.79 2.79 1.51 1.51 1.51 1.51 2.98 2.98 1.51 1.51 1.51 1.51 1.51 1.51 1.51 1.51 1.51 1.51 1.46 1.46 1.46 1.46 1.46 1.46 1.46 1.46 1.46 1.46 1.46 1.46 1.46 1.46 1.46 1.46
0.00 0.00 0.00 0.00 0.00 0.00 0.00 0.00 0.00 0.00 0.00 1.51 1.51 1.51 1.51 1.51 1.51 1.51 1.51 1.51 1.46 1.46 1.46 1.46 1.46 1.46 1.46 1.46 1.46 1.46 1.46 1.46 1.46 1.46 1.46 1.46 1.33 1.33 1.33 2.69 2.88 2.95 3.29 3.39 2.79 2.79 2.95 2.69 2.69 2.69 2.69 2.79 1.51 1.51 1.51 1.51 1.51 2.98 2.89 2.82 1.51 1.51 1.51 1.51 1.51 1.51 1.51 1.51 1.46 1.46 1.46 1.46 1.46 1.46 1.46 1.46 1.46 1.46 1.46 1.46 1.46 1.46 1.46 1.46
0.00 0.00 0.00 0.00 0.00 0.00 0.00 0.00 0.00 0.00 0.00 1.51 1.51 1.51 1.51 1.51 1.51 1.51 1.51 1.51 1.46 1.46 1.46 1.46 1.46 1.46 1.46 1.46 1.46 1.46 1.46 1.46 1.46 1.46 2.82 1.46 1.33 1.33 1.33 2.88 2.88 3.29 3.29 3.39 2.79 2.79 2.79 1.33 1.33 2.69 1.33 1.33 1.51 1.51 1.51 1.51 1.51 1.51 1.51 1.51 2.89 1.51 1.51 1.51 1.51 1.51 1.51 1.51 1.46 1.46 1.46 1.46 1.46 1.46 1.46 1.46 1.46 1.46 1.46 1.46 1.46 1.46 1.46 1.46
0.00 0.00 0.00 0.00 0.00 0.00 0.00 0.00 0.00 0.00 0.00 1.51 1.51 1.51 1.51 1.51 1.51 1.51 1.51 1.51 1.46 1.46 1.46 1.46 1.46 1.46 1.46 1.46 1.46 1.46 1.46 1.46 1.46 1.46 2.82 1.46 2.75 1.33 2.69 2.69 2.69 2.69 3.29 3.39 2.82 2.79 2.79 1.33 1.33 1.33 1.33 1.33 1.51 1.51 1.51 1.51 1.51 1.51 1.51 1.51 1.51 1.51 1.51 1.51 1.51 1.51 1.51 1.51 1.46 1.46 1.46 1.46 1.46 1.46 1.46 1.46 1.46 1.46 1.46 1.46 1.46 1.46 1.46 1.46
0.00 0.00 0.00 0.00 1.44 0.00 0.00 0.00 0.00 0.00 4.59 1.44 1.44 1.44 1.44 1.44 1.44 1.44 1.44 1.44 1.46 1.46 1.46 1.46 1.46 1.46 1.46 1.46 1.46 1.46 1.46 1.46 1.46 1.46 1.46 2.03 1.36 1.36 2.74 3.36 2.74 2.74 2.74 3.36 2.75 2.84 1.36 1.36 1.36 1.36 1.36 1.36 1.39 1.39 1.39 1.39 1.39 1.39 1.39 1.39 1.39 1.39 1.39 1.39 1.39 1.39 1.39 1.39 1.19 1.19 1.19 1.19 1.19 1.19 1.19 1.19 1.19 1.19 1.19 1.19 1.19 1.19 1.19 1.19
0.00 0.00 0.00 1.54 1.44 1.44 0.00 0.00 0.00 4.59 1.44 1.44 1.44 1.44 1.44 1.44 1.44 1.44 1.44 1.44 1.46 1.46 1.46 1.46 1.46 1.46 1.46 1.46 1.46 1.46 1.46 1.46 1.46 1.46 1.46 1.46 1.36 1.36 2.74 1.36 2.74 2.74 2.74 2.74 2.74 2.74 1.36 1.36 1.36 1.36 1.36 1.36 1.39 1.39 1.39 1.39 1.39 1.39 1.39 1.39 1.39 1.39 1.39 1.39 1.39 1.39 1.39 1.39 1.19 1.19 1.19 1.19 1.19 1.19 1.19 1.19 1.19 1.19 1.19 1.19 1.19 1.19 1.19 1.19
1.54 4.66 1.54 1.54 1.44 1.44 1.44 1.44 1.44 1.44 2.11 1.44 1.44 1.44 1.44 1.44 1.44 1.44 1.44 1.44 1.46 1.46 1.46 1.46 1.46 1.46 1.46 1.46 1.46 1.46 1.46 1.46 1.46 1.46 1.46 1.46 1.36 2.74 2.74 3.36 2.74 2.75 2.74 2.74 2.74 2.74 1.36 1.36 1.36 1.36 1.36 1.36 1.39 1.39 1.39 1.39 1.39 1.39 1.39 1.39 1.39 1.39 1.39 1.39 1.39 1.39 1.39 1.39 1.19 1.19 1.19 1.19 1.19 1.19 1.19 1.19 1.19 1.19 1.19 1.19 1.19 1.19 1.19 1.19
1.54 1.54 1.54 1.54 1.44 1.44 1.44 1.44 1.44 1.44 1.44 1.44 1.44 1.44 1.44 1.44 1.44 1.44 1.44 1.44 1.46 1.46 1.46 1.46 1.46 1.46 1.46 1.46 1.46 1.46 1.46 1.46 1.46 1.46 1.46 1.46 2.74 2.74 2.74 2.75 2.74 2.74 2.75 2.74 2.75 2.74 1.36 1.36 1.36 1.36 1.36 1.36 1.39 1.39 1.39 1.39 1.39 1.39 1.39 1.39 1.39 1.39 1.39 1.39 1.39 1.39 1.39 1.39 1.19 1.19 1.19 1.19 1.19 2.83 1.19 1.19 1.19 1.19 1.19 1.19 1.19 1.19 1.19 2.83
1.54 1.54 1.54 1.54 1.44 1.44 1.44 1.44 1.44 1.44 1.44 1.44 1.44 1.44 1.44 1.44 1.44 1.44 1.44 1.44 1.46 1.46 1.46 1.46 1.46 1.46 1.46 1.46 1.46 1.46 1.46 1.46 1.46 1.46 1.46 1.46 2.74 2.74 2.74 3.36 3.36 2.84 2.84 2.88 2.74 2.74 2.88 1.36 1.36 1.36 1.36 1.36 1.39 1.39 1.39 1.39 1.39 1.39 1.39 1.39 1.39 1.39 1.39 1.39 1.39 1.39 1.39 1.39 1.19 1.19 1.19 1.19 1.19 1.19 1.19 1.19 1.19 1.19 1.19 1.19 1.19 1.19 2.83 2.83
1.54 1.54 1.54 1.54 1.44 1.44 1.44 1.44 1.44 1.44 1.44 1.44 1.44 1.44 1.44 1.44 1.44 1.44 1.44 1.44 1.46 1.46 1.46 1.46 1.46 1.46 1.46 1.46 1.46 1.46 1.46 1.46 1.46 1.46 1.46 1.46 1.36 1.36 1.36 3.01 3.36 1.36 1.36 2.88 2.84 2.74 2.74 1.36 1.36 1.36 1.36 1.36 1.39 1.39 1.39 1.39 1.39 1.39 1.39 1.39 1.39 1.39 1.39 1.39 1.39 1.39 1.39 1.39 1.19 1.19 1.19 1.19 1.19 1.19 1.19 1.19 1.19 1.19 2.83 2.83 1.19 1.19 2.83 2.83
1.54 1.54 1.54 1.54 1.44 1.44 1.44 1.44 1.44 1.44 1.44 1.44 1.44 1.44 1.44 1.44 1.44 1.44 1.44 1.44 1.46 1.46 1.46 1.46 1.46 1.46 1.46 1.46 1.46 1.46 1.46 1.46 1.46 1.46 1.46 1.46 1.36 1.36 1.36 2.81 3.01 1.36 1.36 2.84 2.84 2.88 2.74 1.36 1.36 1.36 1.36 1.36 1.39 1.39 1.39 1.39 1.39 1.39 1.39 1.39 1.39 1.39 1.39 1.39 1.39 1.39 1.39 1.39 1.19 1.19 1.19 1.19 1.19 1.19 1.19 1.19 1.19 1.19 1.19 1.19 2.83 2.83 2.83 2.83
1.54 1.54 1.54 1.54 1.44 1.44 1.44 1.44 1.44 1.44 1.44 1.44 1.44 1.44 1.44 1.44 1.44 1.44 1.44 1.44 1.46 1.46 1.46 1.46 1.46 1.46 1.46 1.46 1.46 1.46 1.46 1.46 1.46 1.46 1.46 1.46 1.36 1.36 1.36 3.01 2.79 1.36 1.36 2.88 2.88 2.88 2.88 1.36 1.36 1.36 1.36 1.36 1.39 1.39 1.39 1.39 1.39 1.39 1.39 1.39 1.39 1.39 1.39 1.39 1.39 1.39 1.39 1.39 1.19 1.19 1.19 1.19 1.19 1.19 1.19 1.19 1.19 1.19 1.19 1.19 2.83 2.83 2.83 2.83
1.54 1.54 1.54 1.54 1.44 1.44 1.44 1.44 1.44 1.44 1.44 1.44 1.44 1.44 1.44 1.44 1.44 1.44 1.44 1.44 1.46 1.46 1.46 1.46 1.46 1.46 1.46 1.46 1.46 1.46 1.46 1.46 1.46 1.46 1.46 1.46 1.36 1.36 1.36 2.75 2.75 2.75 1.36 2.88 1.36 1.36 1.36 1.36 1.36 1.36 1.36 1.36 1.39 1.39 1.39 1.39 1.39 1.39 1.39 1.39 1.39 1.39 1.39 1.39 1.39 1.39 1.39 1.39 1.19 1.19 1.19 1.19 1.19 1.19 1.19 1.19 1.19 1.19 1.19 1.19 2.83 2.83 2.83 2.83
1.54 1.54 1.54 1.54 1.44 1.44 1.44 1.44 1.44 1.44 1.44 1.44 1.44 1.44 1.44 1.44 1.44 1.44 1.44 1.44 1.46 1.46 1.46 1.46 1.46 1.46 1.46 1.46 1.46 1.46 1.46 1.46 1.46 1.46 1.46 1.46 1.36 1.36 1.36 2.75 2.75 2.75 1.36 1.36 1.36 1.36 1.36 1.36 1.36 1.36 1.36 1.36 1.39 1.39 1.39 1.39 1.39 1.39 1.39 1.39 1.39 1.39 1.39 1.39 1.39 1.39 1.39 1.39 1.19 1.19 1.19 1.19 1.19 1.19 1.19 1.19 1.19 1.19 1.19 1.19 2.83 2.83 2.83 2.83
1.54 1.54 1.54 1.54 1.44 1.44 1.44 1.44 1.44 1.44 1.44 1.44 1.44 1.44 1.44 1.44 1.44 1.44 1.44 1.44 1.46 1.46 1.46 1.46 1.46 1.46 1.46 1.46 1.46 1.46 1.46 1.46 1.46 1.46 1.46 1.46 1.36 1.36 1.36 1.36 1.36 1.36 1.36 1.36 1.36 1.36 1.36 1.36 1.36 1.36 1.36 1.36 1.39 1.39 2.96 1.39 1.39 1.39 1.39 1.39 1.39 1.39 1.39 1.39 1.39 1.39 1.39 1.39 1.19 1.19 1.19 1.19 1.19 1.19 1.19 1.19 1.19 1.19 1.19 1.19 2.83 2.83 2.83 2.83
1.54 1.54 1.54 1.54 1.44 1.44 1.44 1.44 1.44 1.44 1.44 1.44 1.44 1.44 1.44 1.44 1.44 1.44 1.44 1.44 1.46 1.46 1.46 1.46 1.46 1.46 1.46 1.46 1.46 1.46 1.46 1.46 1.46 1.46 1.46 1.46 1.36 1.36 1.36 1.36 1.36 1.36 1.36 1.36 1.36 1.36 1.36 1.36 1.36 1.36 1.36 1.36 1.39 1.39 1.39 1.39 1.39 1.39 1.39 1.39 1.39 1.39 1.39 1.39 1.39 1.39 1.39 1.39 1.19 1.19 1.19 1.19 1.19 1.19 1.19 1.19 1.19 1.19 1.19 1.19 1.19 2.83 2.83 2.83
