New_Model_Runs/16_Future_RCP8.5_Scn3_out/post_prcessed_with_MFR/Monthly_summaries/actual_et_monthly_SEP.asc
NCOLS 700
NROWS 400
XLLCENTER 515000.000000
YLLCENTER 8409000.000000
CELLSIZE 50.000000
NODATA_value -999.000000
[rows 304 to 341 of 400, columns 168 to 251 of 700]
4.47 4.47 3.44 4.47 4.47 4.47 4.47 4.47 4.35 3.35 3.35 4.35 3.35 3.35 3.67 3.35 3.35 3.67 4.33 3.35 4.33 1.11 1.11 3.35 3.33 3.33 3.33 4.30 4.30 3.33 3.33 3.33 3.64 3.64 3.64 3.64 3.33 4.32 4.30 4.30 3.31 3.31 3.31 4.30 4.27 4.27 4.27 4.27 4.30 4.30 4.30 4.30 3.31 1.09 4.30 4.27 4.05 4.06 4.06 4.06 4.06 3.13 3.43 3.13 3.13 3.13 3.13 3.13 3.13 4.06 4.05 4.05 4.14 4.14 4.15 4.14 2.99 4.13 4.07 3.20 3.20 3.20 3.20 3.20
4.47 4.47 3.44 4.47 4.47 4.47 4.47 4.47 4.35 3.35 3.35 4.35 4.35 3.35 3.35 3.35 3.67 4.33 4.33 4.35 3.35 1.11 3.67 3.35 3.33 3.33 4.32 4.32 4.30 3.33 3.33 1.10 1.10 1.10 3.64 1.10 3.64 4.30 4.32 3.33 3.31 3.31 3.31 3.31 4.30 4.30 4.30 4.30 3.09 4.30 4.30 4.30 4.30 3.31 4.30 4.30 4.05 4.06 4.06 4.06 4.05 4.06 3.13 3.13 3.13 3.13 3.13 3.13 3.13 4.05 4.06 3.13 3.20 4.15 3.20 3.20 2.99 4.13 3.20 3.20 4.13 3.20 3.20 3.20
3.39 4.40 4.40 3.39 4.40 3.39 3.60 3.60 4.33 3.34 3.34 3.34 3.34 3.34 3.64 3.34 3.34 3.34 4.33 4.30 3.34 1.10 3.34 3.34 3.31 3.31 4.29 4.26 3.31 3.31 4.26 1.09 1.09 1.09 1.09 1.09 1.09 1.09 3.31 3.61 3.27 3.27 3.27 4.24 4.24 4.22 4.24 4.24 4.24 4.24 4.24 4.24 4.22 3.04 4.24 4.24 2.98 4.14 4.14 2.98 2.98 4.14 3.50 3.20 4.13 3.20 4.13 4.13 2.98 4.14 4.14 3.20 3.17 3.17 3.17 4.11 4.11 3.17 3.17 3.17 3.17 4.09 4.09 3.17
4.40 4.40 4.40 3.60 4.40 4.40 4.40 3.60 4.33 4.33 3.34 3.34 3.34 3.34 3.34 4.30 3.34 3.34 3.34 3.34 3.34 3.34 3.34 3.34 3.31 4.29 4.29 3.31 4.29 4.29 1.09 1.09 1.09 1.09 1.09 1.09 1.09 1.09 1.09 1.09 1.08 4.22 3.27 3.27 3.27 3.27 3.27 4.24 4.24 3.27 4.24 4.24 4.24 4.24 3.04 4.24 2.98 4.14 4.14 3.20 4.14 4.14 4.13 4.13 4.14 3.20 4.14 4.13 4.13 4.13 3.20 3.20 3.17 4.10 4.11 4.11 4.11 3.17 4.03 4.09 4.09 4.09 4.09 3.17
3.39 4.40 4.40 4.40 4.40 3.39 4.40 3.60 3.56 4.33 4.33 4.33 3.34 3.34 3.34 3.34 3.34 3.34 3.34 3.34 3.34 3.34 3.34 3.34 3.31 4.29 3.31 3.31 3.31 1.09 1.09 1.09 3.31 3.31 3.61 4.29 1.09 1.09 4.26 4.26 4.22 4.22 4.22 3.27 3.27 3.27 3.27 3.27 4.24 3.58 4.24 4.24 3.04 3.04 4.24 4.24 4.14 3.20 3.20 3.20 4.13 3.20 3.20 3.20 4.14 3.20 3.20 3.20 3.20 3.20 3.20 3.20 4.10 3.17 3.17 4.11 4.11 4.10 4.09 4.03 4.03 4.09 3.17 3.17
3.39 4.40 4.40 4.40 3.39 4.40 4.40 4.40 3.56 4.33 4.33 3.34 3.34 3.34 3.34 4.30 3.64 3.34 3.34 3.34 4.30 3.34 3.34 4.30 3.31 3.31 4.26 4.29 3.31 1.09 1.09 1.09 3.61 3.31 3.31 3.31 3.61 1.09 1.09 4.26 3.27 3.27 3.27 3.27 3.27 3.27 3.27 3.27 3.27 3.27 3.27 4.22 3.04 1.08 4.24 3.27 3.20 3.20 3.20 3.20 3.20 3.20 3.20 3.20 3.20 3.20 3.20 3.20 3.20 1.05 1.05 4.12 4.03 3.17 3.17 3.17 3.17 4.03 4.03 3.17 4.09 4.09 4.09 4.03
3.39 4.40 4.40 4.40 4.40 3.39 3.39 4.40 4.33 4.33 4.33 4.33 3.34 4.33 3.34 3.34 3.34 1.10 1.10 3.34 3.34 3.34 4.33 4.33 3.31 4.29 4.29 4.29 3.31 3.31 1.09 1.09 3.31 3.31 3.31 3.31 3.61 4.26 4.26 1.09 1.08 1.08 3.27 3.27 3.27 3.58 3.58 3.27 4.24 3.27 3.27 3.27 3.27 1.08 1.08 1.08 1.05 1.05 3.20 3.20 3.20 3.20 3.20 3.20 4.12 4.05 3.20 3.20 3.20 1.05 3.20 3.20 3.17 3.17 3.17 3.17 3.17 3.17 1.05 3.17 3.17 3.17 3.17 3.17
4.40 4.40 3.39 4.40 4.40 4.40 3.39 4.40 4.33 3.56 3.56 4.33 3.34 3.34 3.34 3.64 3.34 3.34 1.10 3.34 3.34 3.34 4.33 4.33 3.31 3.31 4.29 3.31 3.31 3.31 1.09 1.09 1.09 3.31 1.09 1.09 1.09 3.61 1.09 1.09 1.08 1.08 1.08 1.08 1.08 3.27 3.58 3.27 3.27 3.27 3.27 3.27 3.27 1.08 1.08 1.08 3.20 1.05 1.05 3.20 3.20 3.20 3.20 3.20 3.20 3.20 3.20 3.20 3.20 1.05 3.20 3.20 1.05 1.05 3.17 3.17 3.17 1.05 1.05 3.17 3.17 3.17 3.17 3.17
3.73 3.39 3.39 3.39 3.60 4.40 4.40 4.40 3.67 4.33 3.56 4.33 4.33 4.33 3.34 3.34 3.34 3.34 3.34 3.34 3.34 4.33 4.33 3.34 3.31 3.31 3.31 3.31 3.31 3.31 3.31 1.09 3.61 1.09 1.09 1.09 1.09 1.09 1.09 1.09 1.08 1.58 1.08 1.08 1.08 3.58 3.27 3.27 3.58 3.27 3.27 1.08 1.08 1.08 1.08 1.08 3.20 3.20 1.05 3.20 3.20 3.20 4.14 4.14 3.20 3.20 3.20 1.05 1.05 3.20 3.20 3.20 1.05 3.17 3.17 3.17 3.17 3.17 3.17 3.17 4.03 4.03 3.17 3.17
3.39 3.39 4.40 4.40 4.40 4.40 4.40 4.40 4.33 4.33 4.33 4.33 4.30 3.34 3.34 3.34 3.34 3.34 3.34 3.34 3.34 4.30 3.34 3.34 4.26 3.31 3.31 3.31 3.31 3.31 3.31 3.61 3.61 1.09 1.09 1.09 1.09 1.09 1.09 3.61 3.58 3.58 3.58 1.08 3.27 3.58 3.58 3.58 3.27 3.27 3.27 3.27 3.27 1.58 1.08 1.08 3.20 3.20 1.05 4.14 4.14 4.14 4.14 4.14 4.14 4.14 1.05 1.05 1.05 3.20 3.20 3.20 3.17 3.17 3.17 1.05 1.05 1.05 3.17 3.17 4.03 4.09 3.17 3.17
4.40 4.40 4.40 4.40 3.39 3.39 3.39 3.39 3.34 4.33 3.34 3.48 4.30 1.10 3.34 3.34 3.34 4.30 4.30 3.34 3.34 4.33 3.34 3.34 3.31 3.31 3.61 3.61 3.31 3.61 3.61 3.61 3.61 1.09 1.09 3.61 3.61 3.61 3.61 3.31 1.08 1.08 3.27 3.27 3.27 3.58 3.27 3.27 3.27 3.27 3.27 3.27 3.27 3.27 3.27 1.08 3.20 1.05 1.05 4.14 4.14 4.14 4.14 4.14 4.14 4.14 1.05 4.14 4.14 1.05 3.20 1.05 1.05 3.17 3.17 3.17 1.05 1.05 1.05 3.17 3.17 3.17 3.17 3.17
4.40 4.40 4.40 3.39 3.39 3.39 3.39 3.39 4.33 4.33 3.34 3.48 4.30 4.33 3.34 3.34 3.34 4.33 4.30 4.33 4.33 4.33 4.33 3.34 4.26 3.31 3.61 3.31 3.31 3.31 3.61 3.61 3.61 3.31 3.31 3.31 3.31 3.61 3.61 3.61 3.27 1.08 3.58 3.27 3.27 3.58 3.58 3.27 3.27 3.27 3.27 3.27 3.27 3.27 3.27 1.08 3.20 3.20 1.05 1.05 1.05 1.05 1.05 1.05 1.05 1.05 3.34 4.14 4.14 1.05 1.05 1.55 3.17 3.17 3.17 3.17 4.03 3.17 1.05 3.17 3.17 3.17 3.17 3.43
4.40 3.39 3.39 4.40 3.39 3.39 3.39 4.40 4.33 4.33 4.33 4.30 4.33 4.33 4.30 3.34 4.30 3.34 4.33 4.33 3.10 3.34 3.34 4.30 4.26 3.31 3.31 3.31 3.31 3.61 3.61 3.61 3.31 3.31 3.31 3.31 3.31 3.61 3.61 3.31 3.58 3.58 3.27 3.58 3.27 3.27 3.58 3.58 3.27 4.24 4.22 3.27 3.27 1.08 1.08 1.08 3.20 3.20 1.05 1.05 1.05 1.05 1.05 1.05 1.05 1.05 1.05 1.05 1.05 4.14 4.14 4.14 1.53 1.05 3.17 3.17 4.09 3.17 3.17 3.17 3.17 3.17 3.17 3.17
4.40 3.39 4.40 4.40 3.39 3.39 3.39 4.40 4.33 4.33 4.33 4.33 4.33 4.33 3.34 4.33 4.33 4.33 4.30 4.33 4.33 3.34 3.34 3.34 4.26 3.31 3.31 3.31 3.61 3.61 3.61 3.61 3.31 1.09 1.09 1.09 1.09 3.61 1.09 1.09 1.08 1.08 3.27 3.58 3.58 3.58 3.58 3.58 4.24 3.27 4.24 3.27 1.08 1.08 1.08 1.08 3.20 1.05 1.55 1.05 1.05 1.05 1.05 1.05 1.05 1.05 1.05 1.05 1.05 1.05 3.34 4.14 4.11 4.11 3.17 3.17 4.09 4.09 3.17 3.43 3.17 3.17 4.09 3.17
3.39 3.39 4.40 4.40 3.39 3.39 4.40 4.40 3.67 4.33 4.33 3.10 4.33 4.30 4.30 4.30 4.33 3.34 3.34 4.33 3.34 3.34 3.34 3.34 3.31 3.31 3.31 1.09 1.09 3.61 3.61 3.61 3.61 1.09 1.09 1.09 1.09 1.09 1.09 1.09 3.27 3.27 3.27 3.27 3.27 3.58 3.42 3.42 3.27 3.27 3.27 3.27 1.08 3.27 3.58 3.27 1.05 1.05 1.05 1.05 1.05 1.05 1.05 1.05 1.05 1.05 1.05 1.05 1.05 1.05 1.05 1.05 4.11 1.05 1.05 1.05 3.17 3.17 3.17 3.17 3.17 3.17 3.17 3.17
4.40 4.40 3.60 4.40 4.40 4.40 4.40 4.40 3.67 3.34 3.34 3.34 3.34 4.30 4.30 4.30 4.30 3.34 3.10 4.33 4.33 4.33 3.64 3.64 3.31 3.31 3.31 1.09 1.09 3.61 3.61 3.61 3.61 1.09 1.09 1.09 1.09 1.09 1.09 3.31 3.27 3.27 3.42 1.08 1.08 1.08 3.42 3.42 3.58 3.58 4.24 4.22 1.08 3.27 3.60 1.58 1.05 1.05 1.05 1.05 1.05 1.05 1.05 3.51 1.05 1.05 1.05 1.05 1.05 1.05 1.05 1.55 1.05 1.05 1.05 1.05 1.05 3.17 3.17 3.17 3.43 3.17 3.17 3.17
4.40 4.40 4.40 4.40 4.40 4.40 3.39 3.39 3.34 3.34 3.34 3.34 4.30 1.10 4.30 4.30 3.34 4.33 3.10 4.33 4.30 4.33 3.64 3.64 3.31 3.31 1.09 1.09 3.31 3.61 3.31 3.61 3.31 1.09 1.09 3.61 3.61 1.09 3.61 3.61 3.58 3.58 3.58 1.08 1.58 3.42 4.24 4.24 4.24 4.24 4.22 4.22 1.08 1.58 1.08 1.08 1.05 1.05 1.05 1.05 1.05 1.05 3.51 1.05 1.05 1.05 1.05 1.05 1.05 1.05 1.05 1.05 1.05 1.05 1.05 1.05 1.05 3.17 3.17 3.17 3.43 3.17 3.17 3.17
4.40 3.60 4.40 3.39 3.39 3.39 3.73 3.39 3.34 3.67 4.30 3.34 3.34 1.10 4.30 4.30 4.30 3.34 4.30 4.33 1.10 3.34 3.34 3.34 3.31 3.31 3.31 3.61 3.61 3.61 3.31 3.31 3.31 3.31 3.61 3.61 3.61 3.61 3.61 3.31 3.27 3.58 3.58 4.22 4.22 4.22 4.22 4.22 4.24 4.24 1.08 1.08 1.08 1.08 1.08 1.08 1.55 1.05 1.05 1.05 1.05 1.55 3.50 1.05 1.05 1.05 1.05 1.05 1.05 1.05 1.05 1.05 1.05 3.17 3.17 3.17 3.17 3.17 3.17 1.05 3.17 3.17 3.17 3.17
2.69 2.69 2.69 2.08 2.69 2.69 2.41 2.69 4.22 3.25 3.25 3.25 3.25 3.01 4.22 4.19 4.22 3.25 4.19 1.07 1.07 3.55 3.55 3.55 3.51 3.22 3.22 3.22 3.22 3.51 3.51 3.22 1.06 3.22 3.51 3.51 3.51 3.36 3.22 3.22 3.10 3.10 3.10 4.02 4.02 4.02 4.02 3.24 3.24 3.24 4.02 3.24 4.02 1.02 1.02 1.02 1.04 1.04 1.04 1.04 1.04 1.04 1.04 1.04 1.04 1.04 1.04 1.04 1.04 1.04 1.04 1.04 1.05 1.05 1.05 3.19 3.19 3.19 3.19 3.19 1.05 1.05 1.05 1.05
2.69 2.69 2.08 2.08 2.41 2.69 2.28 2.17 3.25 3.25 3.25 3.25 3.25 4.22 4.22 4.19 4.19 3.25 4.19 1.07 1.07 3.55 3.55 3.55 3.22 3.22 3.22 3.22 3.22 3.22 1.06 1.06 1.06 3.51 3.51 3.51 1.56 3.36 3.36 1.56 3.40 3.10 3.10 3.40 3.40 3.40 3.24 3.24 3.24 3.24 4.02 4.02 4.02 1.02 1.02 1.02 1.04 1.04 1.04 1.04 1.04 1.04 3.44 3.15 1.04 1.04 1.04 1.04 1.52 3.46 1.04 1.04 1.05 1.05 1.05 1.05 3.19 3.19 3.19 3.19 1.05 1.05 1.05 1.05
2.69 2.41 2.08 2.08 2.08 2.08 2.28 2.28 4.22 4.22 3.25 3.25 3.25 4.19 4.19 4.22 4.19 4.22 4.19 4.19 4.22 3.55 3.55 3.55 3.22 3.22 3.22 3.22 3.22 1.06 1.06 1.06 1.06 1.06 3.51 3.51 3.22 3.22 3.51 3.51 3.40 3.40 3.40 3.40 3.10 3.40 3.40 3.40 3.40 3.40 3.40 4.02 4.02 1.02 1.02 1.02 1.04 1.04 1.04 1.04 1.04 1.04 1.04 1.04 1.04 3.44 3.44 3.15 3.46 3.46 1.04 1.04 1.05 1.05 1.05 3.19 1.05 1.05 3.19 3.19 3.19 1.05 1.05 1.05
2.69 2.69 2.69 2.08 2.08 2.08 2.08 2.69 4.22 4.19 3.25 3.25 3.25 4.19 4.22 4.22 4.19 4.19 4.19 4.19 4.19 4.19 3.55 3.55 3.51 3.22 3.22 3.22 3.22 3.22 1.06 1.06 1.06 3.51 3.51 1.56 3.51 3.51 3.51 3.51 3.40 1.02 1.02 3.40 1.02 1.02 3.40 3.40 3.40 3.40 3.40 4.02 4.02 4.02 4.02 1.02 1.04 1.04 1.04 1.04 1.04 1.04 1.04 1.04 1.04 3.44 3.44 3.15 3.15 3.46 3.46 1.04 1.05 1.05 1.05 3.19 1.05 1.05 3.19 3.19 3.19 3.19 1.05 1.05
0.00 2.69 2.69 2.69 2.69 2.69 2.69 2.69 4.22 4.22 3.25 3.25 4.22 4.22 4.22 3.25 4.22 3.55 4.22 4.22 3.25 4.19 4.19 3.55 3.22 3.51 3.51 3.51 1.06 1.06 1.06 1.06 1.06 1.06 1.06 1.56 3.51 3.51 3.51 3.51 1.02 1.02 1.02 1.02 1.02 1.02 1.02 3.40 3.40 3.10 3.10 3.10 3.10 4.02 1.02 1.02 1.04 1.04 1.04 1.04 1.04 1.04 1.04 1.04 1.04 3.44 3.15 3.44 3.15 1.04 1.04 1.04 1.05 1.05 3.19 3.19 1.05 3.19 3.19 1.05 3.19 3.19 4.04 3.19
0.00 0.00 2.69 2.69 2.69 2.69 2.69 2.69 4.22 4.22 4.22 4.22 4.22 4.22 4.22 3.25 4.22 4.19 4.19 3.25 3.55 3.25 3.55 3.55 3.22 3.22 3.22 3.22 3.51 1.06 1.06 1.06 1.06 1.06 1.06 1.06 3.22 3.22 3.22 1.06 1.02 1.02 1.02 1.02 1.02 1.02 1.02 3.40 3.40 3.10 3.10 4.02 3.10 3.10 1.02 1.02 1.04 1.04 1.04 1.04 1.04 1.04 1.04 1.04 1.04 1.04 0.00 1.04 1.04 1.04 1.04 1.04 1.05 1.54 3.50 1.05 1.05 1.05 1.05 3.44 4.10 3.19 3.19 3.19
0.00 0.00 0.00 0.00 0.00 0.00 0.00 0.00 4.22 4.19 4.19 4.19 3.25 3.25 3.25 3.25 3.25 3.25 4.19 4.19 1.07 3.25 3.25 3.25 3.22 3.22 3.22 3.22 3.22 1.06 1.06 1.06 1.06 1.06 1.06 3.51 1.06 1.06 1.06 1.06 1.02 1.02 1.02 1.02 1.02 1.02 1.02 1.02 1.02 3.10 3.10 4.02 3.10 3.10 1.02 1.02 1.04 1.04 1.04 1.04 1.04 1.04 1.04 1.04 1.04 0.00 0.00 0.00 1.04 1.04 0.00 0.00 0.00 1.05 3.19 3.19 3.19 3.19 1.05 3.44 3.19 3.19 3.19 3.19
0.00 0.00 0.00 0.00 0.00 0.00 0.00 0.00 0.00 0.00 4.19 4.19 4.22 4.22 3.25 3.25 3.25 3.25 3.25 4.19 3.55 3.25 3.25 3.25 3.22 3.22 3.22 1.06 1.06 1.06 1.06 1.06 1.06 1.06 1.06 1.06 1.06 1.06 1.06 1.06 3.40 3.40 1.02 1.02 1.02 1.02 1.02 1.02 1.02 1.02 1.50 3.10 3.10 1.02 1.02 1.02 1.04 1.04 1.04 1.04 1.04 1.04 1.04 1.04 1.04 0.00 0.00 0.00 0.00 0.00 0.00 0.00 0.00 0.00 0.00 1.05 3.19 1.05 1.05 3.19 3.19 3.19 3.19 3.19
0.00 0.00 0.00 0.00 0.00 0.00 0.00 0.00 0.00 0.00 4.19 4.19 4.19 3.25 1.07 3.25 3.25 3.25 3.25 3.55 1.57 1.57 3.25 3.25 3.22 3.51 3.22 1.06 1.06 1.06 1.06 1.06 1.06 1.06 1.06 1.06 1.06 1.06 1.06 1.06 1.02 1.02 3.40 1.02 1.02 1.02 1.02 1.02 1.02 1.50 1.02 1.02 3.10 1.02 1.02 1.02 1.04 1.04 1.04 1.04 1.04 1.04 1.04 1.04 1.04 1.04 1.04 0.00 0.00 0.00 0.00 0.00 0.00 0.00 0.00 0.00 0.00 3.19 1.05 3.19 3.19 3.19 3.19 3.19
0.00 0.00 0.00 0.00 0.00 0.00 0.00 0.00 0.00 0.00 0.00 0.00 4.22 4.22 1.07 1.07 3.25 3.25 3.25 1.57 1.07 1.07 3.25 3.25 3.51 3.36 3.36 1.06 1.06 1.06 1.06 1.06 1.06 1.06 1.06 1.06 1.06 1.06 1.06 1.06 1.02 1.02 3.41 1.02 1.02 1.02 1.02 1.02 1.02 1.50 1.50 1.02 3.10 1.02 1.02 1.02 1.04 1.04 1.04 1.04 1.04 1.04 1.04 1.04 1.04 1.04 1.04 0.00 0.00 0.00 0.00 0.00 0.00 0.00 0.00 0.00 1.05 4.04 3.19 3.19 3.19 3.19 3.44 3.19
0.00 0.00 0.00 0.00 0.00 0.00 0.00 0.00 0.00 0.00 0.00 0.00 0.00 4.22 1.07 1.07 3.25 3.25 1.07 1.07 4.19 1.07 4.19 3.25 3.51 3.51 3.36 1.06 1.06 1.06 1.06 1.06 1.06 1.06 1.06 1.06 1.06 1.06 1.06 1.06 1.02 1.02 1.02 1.02 1.02 1.02 1.02 1.02 1.02 1.50 1.02 1.02 3.10 3.10 1.02 1.02 1.04 1.04 1.04 1.04 1.04 1.04 1.04 0.00 0.00 0.00 0.00 0.00 0.00 0.00 0.00 0.00 0.00 0.00 0.00 0.00 1.05 3.19 3.19 3.19 3.19 3.19 1.05 3.19
0.00 0.00 0.00 0.00 0.00 0.00 0.00 0.00 0.00 0.00 0.00 0.00 0.00 0.00 4.22 4.22 3.25 3.25 1.07 4.19 4.19 4.19 3.25 3.25 1.06 3.36 1.06 1.06 1.06 1.06 1.06 1.06 1.06 1.06 1.06 1.06 1.06 1.06 1.06 1.06 1.02 1.02 1.02 1.02 1.02 1.02 1.02 1.02 1.02 1.02 1.02 1.02 3.10 3.10 3.10 1.02 1.04 1.04 1.04 1.04 1.04 1.04 0.00 0.00 0.00 0.00 0.00 0.00 0.00 0.00 0.00 0.00 0.00 0.00 0.00 0.00 4.03 4.03 4.10 3.19 4.04 1.05 1.05 3.19
0.00 0.00 0.00 0.00 0.00 0.00 0.00 0.00 0.00 0.00 0.00 0.00 0.00 0.00 0.00 4.22 4.22 4.22 1.07 3.40 4.22 4.22 1.07 1.07 1.06 1.06 1.06 1.06 1.06 1.06 1.06 1.06 1.06 1.06 1.06 1.06 1.06 1.06 1.06 1.06 1.02 1.02 1.02 1.02 1.02 1.02 1.02 1.02 1.02 1.02 1.02 1.02 1.02 3.10 3.10 1.02 1.04 1.04 1.04 1.04 1.04 0.00 0.00 0.00 0.00 0.00 0.00 0.00 0.00 0.00 0.00 0.00 0.00 0.00 0.00 0.00 0.00 4.04 4.03 4.03 4.04 3.19 1.05 1.05
0.00 0.00 0.00 0.00 0.00 0.00 0.00 0.00 0.00 0.00 0.00 0.00 0.00 0.00 0.00 0.00 0.00 4.22 4.22 4.22 4.22 4.22 1.07 1.07 1.06 1.06 1.06 1.06 1.06 1.06 1.06 1.06 1.06 1.06 0.00 0.00 0.00 0.00 0.00 0.00 0.00 0.00 0.00 0.00 0.00 0.00 1.02 1.02 1.02 1.02 1.02 1.02 1.02 3.10 3.10 1.02 1.04 1.04 1.04 1.04 1.04 0.00 0.00 0.00 0.00 0.00 0.00 0.00 0.00 0.00 0.00 0.00 0.00 0.00 0.00 0.00 0.00 0.00 0.00 0.00 0.00 1.05 1.54 1.05
0.00 0.00 0.00 0.00 0.00 0.00 0.00 0.00 0.00 0.00 0.00 0.00 0.00 0.00 0.00 0.00 0.00 0.00 0.00 0.00 0.00 0.00 4.22 1.07 1.06 1.06 1.06 1.06 1.06 1.06 1.06 1.06 1.06 0.00 0.00 0.00 0.00 0.00 0.00 0.00 0.00 0.00 0.00 0.00 0.00 0.00 0.00 0.00 0.00 1.02 1.02 1.02 1.02 1.02 3.10 1.02 1.04 1.04 1.04 1.04 1.04 0.00 0.00 0.00 0.00 0.00 0.00 0.00 0.00 0.00 0.00 0.00 0.00 0.00 0.00 0.00 0.00 0.00 0.00 0.00 0.00 1.05 1.54 1.05
0.00 0.00 0.00 0.00 0.00 0.00 0.00 0.00 0.00 0.00 0.00 0.00 0.00 0.00 0.00 0.00 0.00 0.00 0.00 0.00 0.00 0.00 0.00 4.22 1.06 1.06 1.06 1.06 1.06 1.06 1.06 1.06 0.00 0.00 0.00 0.00 0.00 0.00 0.00 0.00 0.00 0.00 0.00 0.00 0.00 0.00 0.00 0.00 0.00 0.00 1.02 1.02 1.02 1.02 3.10 3.10 1.04 1.04 1.04 1.04 1.04 0.00 0.00 0.00 0.00 0.00 0.00 0.00 0.00 0.00 0.00 0.00 0.00 0.00 0.00 0.00 0.00 0.00 0.00 0.00 0.00 1.05 1.05 3.44
0.00 0.00 0.00 0.00 0.00 0.00 0.00 0.00 0.00 0.00 0.00 0.00 0.00 0.00 0.00 0.00 0.00 0.00 0.00 0.00 0.00 0.00 0.00 0.00 0.00 0.00 0.00 0.61 0.61 0.61 0.61 0.00 0.00 0.00 0.00 0.00 0.00 0.00 0.00 0.00 0.00 0.00 0.00 0.00 0.00 0.00 0.00 0.00 0.00 0.00 0.61 0.61 0.61 0.61 1.84 1.84 0.60 0.60 0.60 0.60 0.60 0.60 0.00 0.00 0.00 0.00 0.00 0.00 0.00 0.00 0.00 0.00 0.00 0.00 0.00 0.00 0.00 0.00 0.00 0.00 0.00 0.00 2.33 0.59
0.00 0.00 0.00 0.00 0.00 0.00 0.00 0.00 0.00 0.00 0.00 0.00 0.00 0.00 0.00 0.00 0.00 0.00 0.00 0.00 0.00 0.00 0.00 0.00 0.00 0.00 0.00 0.00 0.61 0.61 0.00 0.00 0.00 0.00 0.00 0.00 0.00 0.00 0.00 0.00 0.00 0.00 0.00 0.00 0.00 0.00 0.00 0.00 0.00 0.00 0.61 0.61 0.61 0.61 0.61 1.84 1.82 0.60 1.82 0.60 0.60 0.60 0.60 0.60 0.00 0.00 0.00 0.00 0.00 0.00 0.00 0.00 0.00 0.00 0.00 0.00 0.00 0.00 0.00 0.00 0.00 0.00 0.00 0.59
0.00 0.00 0.00 0.00 0.00 0.00 0.00 0.00 0.00 0.00 0.00 0.00 0.00 0.00 0.00 0.00 0.00 0.00 0.00 0.00 0.00 0.00 0.00 0.00 0.00 0.00 0.00 0.00 0.61 0.61 0.00 0.00 0.00 0.00 0.00 0.00 0.00 0.00 0.00 0.00 0.00 0.00 0.00 0.00 0.00 0.00 0.00 0.00 0.00 0.00 0.61 0.61 0.61 0.61 0.61 0.61 1.82 1.82 1.82 0.60 0.60 0.60 0.60 0.60 0.00 0.00 0.00 0.00 0.00 0.00 0.00 0.00 0.00 0.00 0.00 0.00 0.00 0.00 0.00 0.00 0.00 0.00 0.00 0.00
0.00 0.00 0.00 0.00 0.00 0.00 0.00 0.00 0.00 0.00 0.00 0.00 0.00 0.00 0.00 0.00 0.00 0.00 0.00 0.00 0.00 0.00 0.00 0.00 0.00 0.00 0.00 0.00 2.40 0.00 0.00 0.00 0.00 0.00 0.00 0.00 0.00 0.00 0.00 0.00 0.00 0.00 0.00 0.00 0.00 0.00 0.00 0.00 0.00 0.00 0.61 0.61 0.61 0.61 0.61 0.61 0.60 1.82 0.60 0.60 0.60 0.60 0.60 1.82 0.00 0.00 0.00 0.00 0.00 0.00 0.00 0.00 0.00 0.00 0.00 0.00 0.00 0.00 0.00 0.00 0.00 0.00 0.00 0.00
