New_Model_Runs/16_Future_RCP8.5_Scn3_out/post_prcessed_with_MFR/Monthly_summaries/actual_et_monthly_MAR.asc
NCOLS 700
NROWS 400
XLLCENTER 515000.000000
YLLCENTER 8409000.000000
CELLSIZE 50.000000
NODATA_value -999.000000
[rows 114 to 151 of 400, columns 504 to 587 of 700]
1.25 1.25 1.25 1.25 1.25 1.25 1.25 1.25 1.17 1.17 1.17 1.17 1.17 1.17 1.17 1.17 1.17 1.17 1.17 1.17 3.55 3.55 3.55 3.55 1.93 1.93 1.32 4.12 1.32 3.93 3.93 1.32 1.32 1.32 1.32 1.32 1.32 1.93 1.32 1.32 1.39 1.39 1.39 1.39 1.39 1.39 1.39 1.39 1.39 1.39 1.39 1.39 1.39 1.39 1.39 1.39 1.34 1.34 1.34 1.34 1.34 1.34 1.34 1.34 1.34 1.34 1.34 1.34 1.34 1.34 1.34 1.34 1.21 1.21 1.21 1.21 1.21 3.01 2.72 0.00 0.00 0.00 0.00 0.00
1.25 1.25 1.25 1.25 1.25 1.25 1.25 1.25 1.17 1.17 1.17 1.17 1.17 1.17 1.17 1.17 1.17 1.17 1.17 1.17 1.72 1.72 4.52 4.52 4.88 1.32 1.32 1.32 1.32 1.32 3.93 1.32 1.32 1.32 1.32 1.32 1.32 1.32 1.32 1.32 1.39 1.39 1.39 1.39 1.39 1.39 1.39 1.39 1.39 1.39 1.39 1.39 1.39 1.39 1.39 1.39 1.34 1.34 1.34 1.34 1.34 1.34 1.34 1.34 1.34 1.34 1.34 1.34 1.34 1.34 1.34 1.34 1.21 1.21 1.21 1.21 1.21 3.37 1.77 1.77 2.72 2.72 2.72 2.72
1.25 1.25 1.25 1.25 1.25 1.25 1.25 1.25 1.17 1.17 1.17 1.17 1.17 1.17 1.17 1.17 1.17 1.17 1.17 1.17 1.72 1.72 1.17 1.17 1.32 1.32 4.88 1.32 1.32 1.32 1.32 1.32 1.32 1.32 1.32 1.32 1.32 1.32 1.32 1.32 1.39 1.39 1.39 4.10 1.39 1.39 1.39 1.39 1.39 1.39 1.39 1.39 1.39 1.39 1.39 1.39 1.34 1.34 1.34 1.34 1.34 1.34 1.34 1.34 1.34 1.34 1.34 1.34 1.34 1.34 1.34 1.34 1.21 1.21 1.21 1.21 1.21 1.21 1.21 1.21 4.11 3.85 3.85 3.85
1.25 1.25 1.25 1.25 1.25 1.25 1.25 1.25 1.17 1.17 1.17 1.17 1.17 1.17 1.17 1.17 1.17 1.17 1.17 1.17 1.17 1.17 1.17 1.17 4.12 1.32 1.32 1.32 1.32 1.32 4.08 1.32 1.32 1.32 1.32 1.32 1.32 1.32 1.32 1.32 1.39 1.39 1.39 1.39 1.39 1.39 1.39 1.39 1.39 4.10 4.22 1.39 1.39 1.39 1.39 1.39 1.34 1.34 1.34 1.34 1.34 1.34 1.34 1.34 1.34 1.34 1.34 1.34 1.34 1.34 1.34 1.34 1.21 1.21 1.21 1.21 1.21 1.21 1.21 1.21 3.85 3.85 3.85 3.85
1.25 1.25 1.25 1.25 1.25 1.25 1.25 1.25 1.17 1.17 1.17 1.17 1.17 1.17 1.17 1.17 1.17 1.17 1.17 1.17 1.17 1.17 1.17 1.17 1.32 1.32 1.93 1.32 1.32 1.32 1.32 1.32 1.32 1.32 1.32 1.32 1.32 1.32 1.32 1.32 1.39 1.39 1.39 1.39 1.39 1.39 1.39 4.10 4.10 4.10 4.22 4.10 1.39 1.39 1.39 1.39 1.34 1.34 1.34 1.34 1.34 1.34 1.34 1.34 1.34 1.34 1.34 1.34 1.34 1.34 1.34 1.34 1.21 1.21 1.21 1.21 1.21 1.21 1.21 3.37 4.11 3.85 3.85 3.85
1.25 1.25 1.25 1.25 1.25 1.25 1.25 1.25 1.17 1.17 1.17 1.17 1.17 1.17 1.17 1.17 1.17 1.17 1.17 1.17 1.17 1.17 1.17 1.17 1.32 1.32 1.32 1.32 1.32 1.32 1.32 1.32 1.32 1.32 1.32 1.32 1.32 1.32 1.32 1.32 1.39 1.39 1.39 1.39 1.39 5.03 5.03 4.22 4.22 1.39 1.39 1.39 1.39 1.39 1.39 1.39 1.34 1.34 1.34 1.34 1.34 1.34 1.34 1.34 1.34 1.34 1.34 1.34 1.34 1.34 1.34 1.34 1.21 1.21 1.21 1.21 1.21 1.21 1.77 1.77 3.40 4.11 3.37 3.85
1.25 1.25 1.25 1.25 1.25 1.25 1.25 1.25 1.17 1.17 1.17 1.17 1.17 1.17 1.17 1.17 1.17 1.17 1.17 1.17 1.17 1.17 1.17 1.17 1.32 1.32 1.32 1.32 1.32 1.32 1.32 1.32 1.32 1.32 1.32 1.32 1.32 1.32 1.32 1.32 1.39 1.39 1.39 1.39 4.32 2.04 1.39 1.39 4.10 1.39 1.39 1.39 1.39 1.39 1.39 1.39 1.34 1.34 1.34 1.34 1.34 1.34 1.34 1.34 1.34 1.34 1.34 1.34 1.34 1.34 1.34 1.34 1.21 1.21 1.21 1.21 1.77 1.77 1.77 1.77 3.40 3.37 3.37 3.37
1.25 1.25 1.25 1.25 1.25 1.25 1.25 1.25 1.17 1.17 1.17 1.17 1.17 1.17 1.17 1.17 1.17 1.17 1.17 1.17 1.17 1.17 1.17 1.17 1.32 1.32 4.08 4.08 1.32 1.32 1.32 1.32 1.32 1.32 1.32 1.32 1.32 1.32 3.93 1.32 1.39 4.10 4.10 4.10 4.10 1.39 1.39 1.39 1.39 1.39 1.39 1.39 1.39 1.39 1.39 1.39 1.34 1.34 1.34 1.34 1.34 1.34 1.34 1.34 1.34 1.34 1.34 1.34 1.34 1.34 1.34 1.34 1.21 1.21 1.21 1.21 1.21 1.21 1.21 1.77 3.40 3.37 3.37 3.40
1.25 1.25 1.25 1.25 1.25 1.25 1.25 1.25 1.17 1.17 1.17 1.17 1.17 1.17 1.17 1.17 1.17 1.17 1.17 1.17 1.17 1.17 1.17 1.17 1.32 1.32 3.93 3.93 4.08 1.32 1.32 1.32 1.32 1.32 1.32 1.32 4.69 1.32 3.93 3.93 4.10 4.10 4.10 4.10 4.10 1.39 1.39 1.39 1.39 1.39 1.39 1.39 1.39 1.39 1.39 1.39 1.34 1.34 1.34 1.34 1.34 1.34 1.34 1.34 1.34 1.34 1.34 1.34 1.34 1.34 1.34 1.34 1.21 1.21 1.21 1.21 1.21 1.21 1.21 1.21 1.21 1.21 1.21 1.21
1.25 1.25 1.25 1.25 1.25 1.83 1.25 1.25 1.17 3.71 1.17 1.17 1.17 1.17 1.17 1.17 3.71 1.17 1.17 1.17 1.17 1.17 1.17 1.17 1.32 1.32 1.32 3.93 4.08 1.32 1.32 1.32 3.93 1.32 1.32 3.93 4.12 1.32 1.32 3.93 4.10 4.22 4.10 1.39 1.39 1.39 1.39 1.39 1.39 1.39 1.39 1.39 1.39 1.39 1.39 1.39 1.34 1.34 1.34 1.34 1.34 1.34 1.34 1.34 1.34 1.34 1.34 1.34 1.34 1.34 1.34 1.34 1.21 1.21 1.21 1.21 1.21 1.21 1.21 1.21 1.21 1.21 1.21 1.21
1.25 1.25 1.25 1.25 1.25 1.25 1.25 1.25 1.17 1.17 1.17 1.17 1.17 1.17 1.17 1.17 1.17 1.17 3.53 3.55 1.17 1.17 1.17 1.17 1.32 1.32 1.32 1.32 1.32 1.32 1.32 1.32 1.32 4.08 1.32 4.03 3.93 4.08 1.32 1.32 1.39 1.39 1.39 1.39 1.39 1.39 1.39 1.39 1.39 1.39 1.39 1.39 1.39 1.39 1.39 1.39 1.34 1.34 1.34 1.34 1.34 1.34 1.34 1.34 1.34 1.34 1.34 1.34 1.34 1.34 1.34 1.34 1.21 1.21 1.21 1.21 1.21 1.21 1.21 1.21 1.21 1.21 1.21 1.21
1.25 1.25 1.25 1.25 1.25 1.25 1.25 1.25 1.17 1.17 1.17 1.17 1.17 1.17 1.17 1.17 1.17 1.17 1.17 1.17 3.72 1.17 1.17 1.17 1.32 1.32 3.48 4.14 4.88 4.88 1.32 1.32 4.81 4.81 4.81 3.19 4.81 1.32 1.32 1.32 1.39 1.39 1.39 1.39 1.39 1.39 1.39 1.39 1.39 1.39 1.39 1.39 1.39 1.39 1.39 1.39 1.34 1.34 1.34 1.34 1.34 1.34 1.34 1.34 1.34 1.34 1.34 1.34 1.34 1.34 1.34 1.34 1.21 1.21 1.21 1.21 1.21 1.21 1.21 1.21 1.21 1.21 1.21 1.21
1.25 1.25 1.25 1.25 1.25 1.25 1.25 1.25 1.17 1.17 1.17 1.17 1.17 1.17 1.17 1.17 1.17 1.17 1.17 1.17 4.33 3.71 1.17 1.17 1.32 2.99 4.14 3.87 3.87 2.99 4.14 1.32 4.81 4.81 4.81 4.81 1.32 1.32 1.32 1.32 1.39 1.39 1.39 1.39 1.39 1.39 1.39 1.39 1.39 1.39 1.39 1.39 1.39 1.39 1.39 1.39 1.34 1.34 1.34 1.34 1.34 1.34 1.34 1.34 1.34 1.34 1.34 1.34 1.34 1.34 1.34 1.34 1.21 1.21 1.21 1.21 1.21 1.21 1.21 1.21 1.21 1.21 1.21 1.21
1.25 1.25 1.25 1.25 1.25 1.25 1.25 1.25 1.17 1.17 1.17 1.17 1.17 1.17 1.17 1.17 1.17 1.17 3.53 3.53 3.53 3.70 1.17 3.89 2.99 2.99 1.16 3.87 3.87 1.16 3.87 1.16 4.60 4.60 4.03 3.93 1.32 1.32 1.32 1.32 1.39 1.39 1.39 1.39 1.39 1.39 4.16 1.39 1.39 1.39 1.39 1.39 1.39 1.39 1.39 1.39 1.34 1.34 1.34 1.34 1.34 1.34 1.34 1.34 1.34 1.34 1.34 1.34 1.34 1.34 1.34 1.34 1.21 1.21 1.21 1.21 1.21 1.21 1.21 1.21 1.21 1.21 1.21 1.21
1.25 1.25 1.25 1.25 1.25 1.25 1.25 1.25 1.17 1.17 1.17 1.17 1.17 1.17 1.17 1.17 1.17 1.17 1.17 4.47 4.47 3.53 4.47 2.88 2.99 1.16 3.87 0.00 0.00 0.00 0.00 0.00 0.00 4.60 4.81 1.32 1.32 1.32 1.32 1.32 1.39 1.39 1.39 4.94 4.94 4.94 4.94 2.04 4.05 1.39 1.39 1.39 1.39 1.39 1.39 1.39 1.34 1.34 1.34 3.49 3.53 3.53 3.53 1.34 1.34 1.34 1.34 1.34 1.34 1.34 1.34 1.34 1.21 1.21 1.21 1.21 1.21 1.21 1.21 1.21 1.21 1.21 1.21 1.21
1.25 1.25 1.25 1.25 1.25 1.25 1.25 1.25 1.17 1.17 1.17 1.17 1.17 1.17 1.17 1.17 3.76 1.17 3.53 3.53 4.47 4.47 2.88 3.89 2.99 0.00 0.00 0.00 0.00 0.00 0.00 0.00 0.00 0.00 4.88 1.32 1.32 1.32 1.32 1.32 1.39 4.68 4.27 4.05 4.94 4.94 1.39 4.14 1.39 1.39 1.39 1.39 1.39 1.39 1.39 1.39 1.34 1.34 1.34 1.34 3.53 3.53 1.34 1.34 1.34 1.34 1.34 1.34 1.34 1.34 1.34 1.34 1.21 1.21 1.21 1.21 1.21 1.21 1.21 1.21 1.21 1.21 1.21 1.21
1.16 1.16 1.16 1.16 1.16 1.16 1.71 1.16 0.80 0.80 0.80 0.80 0.80 0.80 0.80 0.80 2.65 0.80 2.42 3.13 3.13 3.13 2.97 2.97 0.00 0.00 0.00 0.00 0.00 0.00 0.00 0.00 0.00 0.00 0.00 0.82 0.82 0.82 0.82 2.50 3.29 3.28 3.28 2.40 3.29 0.84 0.84 0.84 0.84 0.84 0.84 0.84 0.84 0.84 0.84 0.84 1.33 1.33 1.33 1.33 3.52 3.56 1.33 1.33 1.33 1.33 1.33 1.33 1.33 1.33 1.33 1.33 1.29 1.29 1.29 1.29 1.29 1.29 1.29 1.29 1.29 1.29 1.29 1.29
1.16 1.16 1.16 1.16 1.16 1.16 1.16 1.16 2.52 2.52 0.80 0.80 0.80 0.80 0.80 2.42 2.65 0.80 2.42 2.42 2.42 2.42 0.80 2.97 0.00 0.00 0.00 0.00 0.00 0.00 0.00 0.00 0.00 0.00 0.00 3.24 3.24 0.82 3.24 0.00 0.00 3.28 3.28 3.28 2.54 0.84 0.84 0.84 0.84 0.84 0.84 0.84 0.84 0.84 0.84 0.84 1.33 1.33 1.33 3.56 3.59 3.52 1.33 1.33 1.33 1.33 1.33 1.33 1.33 1.33 1.33 1.33 1.29 1.29 1.29 1.29 1.29 1.29 1.29 1.29 1.29 1.29 1.29 1.29
1.16 1.16 1.16 1.16 1.16 1.16 1.16 1.16 0.80 0.80 0.80 0.80 2.66 2.65 2.42 2.42 2.42 2.65 0.80 2.42 0.80 0.80 0.80 0.00 0.00 0.00 0.00 0.00 0.00 0.00 0.00 0.00 0.00 0.00 0.00 0.82 0.82 0.00 0.00 0.00 0.00 0.00 0.00 2.40 2.54 0.84 0.84 0.84 0.84 0.84 0.84 0.84 0.84 0.84 0.84 0.84 1.33 1.33 1.33 1.33 3.48 3.48 1.33 1.33 1.33 1.33 1.33 1.33 1.33 1.33 1.33 1.33 1.29 1.29 1.29 1.29 1.29 1.29 1.29 1.29 1.29 1.29 1.29 1.29
1.16 1.16 1.16 1.16 1.16 1.16 3.52 3.51 2.42 1.17 0.80 0.80 0.80 2.65 3.13 2.42 2.97 2.97 2.35 0.80 0.80 0.80 0.00 0.00 0.00 0.00 0.00 0.00 0.00 0.00 0.00 0.00 0.00 0.00 0.00 0.00 0.00 0.00 0.00 0.00 0.00 0.00 0.00 3.28 2.77 2.77 0.84 0.84 0.84 0.84 0.84 0.84 0.84 0.84 0.84 0.84 1.33 1.33 1.33 1.33 1.33 1.33 1.33 1.33 1.33 1.33 1.33 1.33 1.33 1.33 1.33 1.33 1.29 1.29 1.29 1.29 1.29 1.29 1.29 1.29 1.29 1.29 1.29 1.29
1.16 1.16 1.16 1.16 1.16 1.16 1.16 3.52 2.42 1.17 1.17 2.42 2.42 3.13 2.81 2.97 2.97 2.97 0.00 0.00 0.00 0.00 0.00 0.00 0.00 0.00 0.00 0.00 0.00 0.00 0.00 0.00 0.00 0.00 0.00 0.00 0.00 0.00 0.00 0.00 0.00 0.00 0.00 0.00 3.29 0.84 0.84 0.84 0.84 0.84 0.84 0.84 0.84 0.84 0.84 0.84 1.33 1.33 1.33 1.33 1.33 1.33 1.33 1.33 1.33 1.33 1.33 1.33 1.33 1.33 1.33 1.33 1.29 1.29 1.29 1.29 1.29 1.29 1.29 1.29 1.29 1.29 1.29 1.29
1.16 1.16 1.16 1.16 1.16 1.71 1.16 4.49 3.13 2.97 2.97 2.97 2.97 0.00 0.00 0.00 0.00 0.00 0.00 0.00 0.00 0.00 0.00 0.00 0.00 0.00 0.00 0.00 0.00 0.00 0.00 0.00 0.00 0.00 0.00 0.00 0.00 0.00 0.00 0.00 0.00 0.00 0.00 3.28 3.29 0.84 0.84 0.84 0.84 0.84 0.84 0.84 0.84 0.84 0.84 0.84 1.33 1.33 1.33 1.33 1.33 1.33 1.33 1.33 1.33 1.33 1.33 1.33 1.33 1.33 1.33 1.33 1.29 1.29 1.29 1.29 1.29 1.29 1.29 1.29 1.29 1.29 1.29 1.29
1.16 1.16 1.16 1.16 1.16 3.51 3.51 4.46 2.97 2.97 0.00 0.00 0.00 0.00 0.00 0.00 0.00 0.00 0.00 0.00 0.00 0.00 0.00 0.00 0.00 0.00 0.00 0.00 0.00 0.00 0.00 0.00 0.00 0.00 0.00 0.00 0.00 0.00 0.00 0.00 0.00 0.00 0.00 0.84 3.29 2.54 0.84 0.84 3.05 2.79 0.84 0.84 0.84 0.84 0.84 0.84 1.33 1.33 1.33 1.33 1.33 1.33 1.33 1.33 1.33 1.33 1.33 1.33 1.33 1.33 1.33 1.33 1.29 1.29 1.29 1.29 1.29 1.29 1.29 1.29 1.29 1.29 1.29 1.29
1.16 1.16 1.16 1.16 1.71 3.51 2.89 3.89 0.00 0.00 0.00 0.00 0.00 0.00 0.00 0.00 0.00 0.00 0.00 0.00 0.00 0.00 0.00 0.00 0.00 0.00 0.00 0.00 0.00 0.00 0.00 0.00 0.00 0.00 0.00 0.00 0.00 0.00 0.00 0.00 0.00 0.00 0.00 0.00 0.00 0.00 0.00 2.89 2.89 3.29 2.79 2.79 2.54 0.84 0.84 0.84 1.33 1.33 1.33 1.33 1.33 1.33 1.33 1.33 1.33 1.33 1.33 1.33 1.33 1.33 1.33 1.33 1.29 1.29 1.29 1.29 1.29 1.29 1.29 1.29 1.29 1.29 1.29 1.29
1.16 1.16 1.16 1.16 3.52 3.51 3.89 0.00 0.00 0.00 0.00 0.00 0.00 0.00 0.00 0.00 0.00 0.00 0.00 0.00 0.00 0.00 0.00 0.00 0.00 0.00 0.00 0.00 0.00 0.00 0.00 0.00 0.00 0.00 0.00 0.00 0.00 0.00 0.00 0.00 0.00 0.00 0.00 0.00 0.00 0.00 0.00 0.00 2.89 0.87 3.29 3.29 2.54 2.54 2.54 0.84 1.33 1.33 1.33 1.33 1.33 1.33 1.33 1.33 1.33 1.33 1.33 1.33 1.33 1.33 1.33 1.33 1.29 1.29 1.29 1.29 1.29 1.29 1.29 1.29 1.29 1.29 1.29 1.29
3.52 1.16 3.52 3.52 1.16 3.51 4.46 0.00 0.00 0.00 0.00 0.00 0.00 0.00 0.00 0.00 0.00 0.00 0.00 0.00 0.00 0.00 0.00 0.00 0.00 0.00 0.00 0.00 0.00 0.00 0.00 0.00 0.00 0.00 0.00 0.00 0.00 0.00 0.00 0.00 0.00 0.00 0.00 0.00 0.00 0.00 0.00 0.00 0.00 2.89 3.28 3.28 2.54 2.54 2.54 0.84 4.03 1.33 1.33 1.33 1.33 1.33 1.33 1.33 1.33 1.33 1.33 1.33 1.33 1.33 1.33 1.33 1.29 1.29 1.29 1.29 1.29 1.29 1.29 1.29 1.29 1.29 1.29 1.29
1.16 3.52 4.49 3.74 1.16 1.16 4.49 0.00 0.00 0.00 0.00 0.00 0.00 0.00 0.00 0.00 0.00 0.00 0.00 0.00 0.00 0.00 0.00 0.00 0.00 0.00 0.00 0.00 0.00 0.00 0.00 0.00 0.00 0.00 0.00 0.00 0.00 0.00 0.00 0.00 0.00 0.00 0.00 0.00 0.00 0.00 0.00 0.00 0.00 2.89 0.87 2.89 2.40 3.29 3.29 3.29 4.81 3.43 1.33 1.33 1.33 1.33 1.33 1.33 1.33 1.33 1.33 1.33 1.33 1.33 1.33 1.33 1.29 1.29 1.29 1.29 1.29 1.29 1.90 1.90 1.29 1.29 1.29 1.29
1.16 3.74 3.52 3.74 1.16 1.16 1.16 0.00 0.00 0.00 0.00 0.00 0.00 0.00 0.00 0.00 0.00 0.00 0.00 0.00 0.00 0.00 0.00 0.00 0.00 0.00 0.00 0.00 0.00 0.00 0.00 0.00 0.00 0.00 0.00 0.00 0.00 0.00 0.00 0.00 0.00 0.00 0.00 0.00 0.00 0.00 0.00 0.00 0.00 0.00 0.87 0.87 3.28 3.29 2.40 2.40 4.81 4.09 1.33 1.33 1.33 1.33 1.33 1.33 1.33 1.33 1.33 1.33 1.33 1.33 1.33 1.33 1.29 1.29 1.29 1.29 1.29 1.29 1.29 1.29 1.29 1.29 1.29 3.37
1.16 1.16 3.52 3.07 4.49 0.00 0.00 0.00 0.00 0.00 0.00 0.00 0.00 0.00 0.00 0.00 0.00 0.00 0.00 0.00 0.00 0.00 0.00 0.00 0.00 0.00 0.00 0.00 0.00 0.00 0.00 0.00 0.00 0.00 0.00 0.00 0.00 0.00 0.00 0.00 0.00 0.00 0.00 0.00 0.00 0.00 0.00 0.00 0.00 0.00 2.89 0.87 2.89 2.40 3.29 2.77 4.16 1.33 1.33 1.33 1.33 1.33 1.33 1.33 1.33 1.33 1.33 1.33 1.33 1.33 1.33 1.33 1.29 1.29 1.29 1.29 1.29 1.29 3.53 3.53 1.29 3.53 4.25 3.53
1.16 1.16 4.49 4.49 0.00 0.00 0.00 0.00 0.00 0.00 0.00 0.00 0.00 0.00 0.00 0.00 0.00 0.00 0.00 0.00 0.00 0.00 0.00 0.00 0.00 0.00 0.00 0.00 0.00 0.00 0.00 0.00 0.00 0.00 0.00 0.00 0.00 0.00 0.00 0.00 0.00 0.00 0.00 0.00 0.00 0.00 0.00 0.00 0.00 0.00 0.00 2.89 2.89 2.33 2.54 2.54 1.33 1.33 1.33 1.33 1.33 1.33 1.33 1.33 1.33 1.33 1.33 1.33 1.33 1.33 1.33 1.33 1.29 1.29 1.29 1.29 1.29 1.29 1.29 1.29 3.53 3.53 3.51 3.51
3.52 4.49 0.00 0.00 0.00 0.00 0.00 0.00 0.00 0.00 0.00 0.00 0.00 0.00 0.00 0.00 0.00 0.00 0.00 0.00 0.00 0.00 0.00 0.00 0.00 0.00 0.00 0.00 0.00 0.00 0.00 0.00 0.00 0.00 0.00 0.00 0.00 0.00 0.00 0.00 0.00 0.00 0.00 0.00 0.00 0.00 0.00 0.00 0.00 0.00 0.00 2.89 0.87 3.29 3.29 2.79 4.13 1.95 1.33 1.33 1.33 1.33 1.33 1.33 1.33 1.33 1.33 1.33 1.33 1.33 1.33 1.33 1.29 1.29 1.29 1.29 1.29 1.29 1.29 1.29 1.29 3.53 3.51 3.51
4.46 0.00 0.00 0.00 0.00 0.00 0.00 0.00 0.00 0.00 0.00 0.00 0.00 0.00 0.00 0.00 0.00 0.00 0.00 0.00 0.00 0.00 0.00 0.00 0.00 0.00 0.00 0.00 0.00 0.00 0.00 0.00 0.00 0.00 0.00 0.00 0.00 0.00 0.00 0.00 0.00 0.00 0.00 0.00 0.00 0.00 0.00 0.00 0.00 0.00 0.00 2.89 2.89 0.99 3.29 2.54 1.33 1.33 1.33 1.33 1.33 1.33 1.33 1.33 1.33 1.33 1.33 1.33 1.33 1.33 1.33 1.33 1.29 1.29 1.29 1.29 1.29 1.29 1.29 1.29 1.29 1.29 1.29 1.29
0.00 0.00 0.00 0.00 0.00 0.00 0.00 0.00 0.00 0.00 0.00 0.00 0.00 0.00 0.00 0.00 0.00 0.00 0.00 0.00 0.00 0.00 0.00 0.00 0.00 0.00 0.00 0.00 0.00 0.00 0.00 0.00 0.00 0.00 0.00 0.00 0.00 0.00 0.00 0.00 0.00 0.00 0.00 0.00 0.00 0.00 0.00 0.00 0.00 0.00 0.00 2.70 2.71 3.01 3.01 2.55 1.13 0.77 0.77 0.77 0.77 0.77 0.77 0.77 0.77 0.77 0.77 0.77 0.77 0.77 0.77 0.77 0.75 0.75 0.75 0.75 0.75 0.75 0.75 0.75 0.75 0.75 2.27 0.75
0.00 0.00 0.00 0.00 0.00 0.00 0.00 0.00 0.00 0.00 0.00 0.00 0.00 0.00 0.00 0.00 0.00 0.00 0.00 0.00 0.00 0.00 0.00 0.00 0.00 0.00 0.00 0.00 0.00 0.00 0.00 0.00 0.00 0.00 0.00 0.00 0.00 0.00 0.00 0.00 0.00 0.00 0.00 0.00 0.00 0.00 0.00 0.00 0.00 0.00 0.00 2.70 2.86 2.32 0.76 2.55 0.77 0.77 2.33 0.77 0.77 0.77 0.77 0.77 0.77 0.77 0.77 0.77 0.77 0.77 0.77 0.77 0.75 0.75 0.75 0.75 0.75 0.75 0.75 0.75 0.75 0.75 2.94 2.94
0.00 0.00 0.00 0.00 0.00 0.00 0.00 0.00 0.00 0.00 0.00 0.00 0.00 0.00 0.00 0.00 0.00 0.00 0.00 0.00 0.00 0.00 0.00 0.00 0.00 0.00 0.00 0.00 0.00 0.00 0.00 0.00 0.00 0.00 0.00 0.00 0.00 0.00 0.00 0.00 0.00 0.00 0.00 0.00 0.00 0.00 0.00 0.00 0.00 0.00 0.00 2.70 2.18 0.76 0.76 2.55 1.13 0.77 0.77 0.77 0.77 0.77 0.77 0.77 0.77 0.77 0.77 0.77 1.13 0.77 0.77 0.77 0.75 1.10 0.75 0.75 0.75 0.75 0.75 0.75 2.27 2.94 0.02 0.00
0.00 0.00 0.00 0.00 0.00 0.00 0.00 0.00 0.00 0.00 0.00 0.00 0.00 0.00 0.00 0.00 0.00 0.00 0.00 0.00 0.00 0.00 0.00 0.00 0.00 0.00 0.00 0.00 0.00 0.00 0.00 0.00 0.00 0.00 0.00 0.00 0.00 0.00 0.00 0.00 0.00 0.00 0.00 0.00 0.00 0.00 0.00 0.00 0.00 0.00 3.01 2.32 3.01 2.32 0.76 0.76 0.77 0.77 0.77 0.77 0.77 2.34 0.77 0.77 0.77 0.77 0.77 0.77 2.47 0.77 0.77 0.77 0.75 0.75 2.44 2.44 0.75 0.75 0.75 0.75 0.02 0.00 0.00 0.00
0.00 0.00 0.00 0.00 0.00 0.00 0.00 0.00 0.00 0.00 0.00 0.00 0.00 0.00 0.00 0.00 0.00 0.00 0.00 0.00 0.00 0.00 0.00 0.00 0.00 0.00 0.00 0.00 0.00 0.00 0.00 0.00 0.00 0.00 0.00 0.00 0.00 0.00 0.00 0.00 0.00 0.00 0.00 0.00 0.00 0.00 0.00 0.00 0.00 3.01 2.32 2.55 0.76 1.12 1.12 1.12 0.77 0.77 0.77 0.77 0.77 2.33 0.77 0.77 0.77 0.77 0.77 0.77 1.13 2.33 0.77 0.77 0.75 2.44 2.27 2.44 2.44 0.75 0.75 0.75 0.00 0.00 0.00 0.00
0.00 0.00 0.00 0.00 0.00 0.00 0.00 0.00 0.00 0.00 0.00 0.00 0.00 0.00 0.00 0.00 0.00 0.00 0.00 0.00 0.00 0.00 0.00 0.00 0.00 0.00 0.00 0.00 0.00 0.00 0.00 0.00 0.00 0.00 0.00 0.00 0.00 0.00 0.00 0.00 0.00 0.00 0.00 0.00 0.00 0.00 0.00 0.00 2.32 0.76 0.76 0.76 0.76 0.76 0.76 0.76 0.77 0.77 0.77 0.77 0.77 0.77 0.77 0.77 0.77 0.77 0.77 0.77 1.13 1.13 0.77 0.77 0.75 2.27 2.27 2.27 2.44 2.44 0.75 0.75 0.00 0.00 0.00 0.00
