New_Model_Runs/16_Future_RCP8.5_Scn3_out/post_prcessed_with_MFR/Monthly_summaries/actual_et_monthly_FEB.asc
NCOLS 700
NROWS 400
XLLCENTER 515000.000000
YLLCENTER 8409000.000000
CELLSIZE 50.000000
NODATA_value -999.000000
[rows 228 to 265 of 400, columns 252 to 335 of 700]
1.29 1.29 1.29 1.29 1.18 1.18 1.18 1.18 1.18 1.18 1.18 1.18 1.18 1.18 1.18 1.18 1.18 1.18 1.18 1.18 1.36 1.36 1.36 1.36 1.36 1.36 1.36 1.36 1.36 1.36 1.36 1.36 4.54 4.54 4.54 4.54 1.23 1.23 1.23 3.74 4.85 4.85 4.85 1.23 4.85 1.23 3.91 1.23 1.23 4.85 4.85 4.85 4.02 3.85 3.41 3.42 3.42 3.42 4.98 4.98 3.85 3.85 4.64 4.99 4.99 4.96 4.96 0.00 3.07 0.00 0.00 0.00 0.00 0.00 0.00 0.00 0.00 0.00 0.00 0.00 0.00 0.00 0.00 0.00
1.29 1.29 1.29 1.29 1.18 1.18 1.18 1.18 1.18 1.18 1.18 1.18 1.18 1.18 1.18 1.18 1.18 1.18 1.18 1.18 1.36 1.36 1.36 1.36 1.36 1.36 1.36 1.36 1.36 1.36 1.36 1.36 1.36 1.36 1.36 1.36 1.23 1.23 1.23 1.23 4.85 4.85 4.85 4.85 4.85 4.85 4.11 1.23 1.23 4.85 3.43 4.85 3.41 3.42 4.99 4.99 3.42 4.76 3.42 4.99 4.98 4.98 4.64 4.99 4.96 0.00 0.00 0.00 0.00 0.00 0.00 0.00 0.00 0.00 0.00 0.00 0.00 0.00 0.00 0.00 0.00 0.00 0.00 0.00
1.29 1.29 1.29 1.29 1.18 1.18 1.18 1.18 1.18 1.18 1.18 1.18 1.18 1.18 1.18 1.18 1.18 1.18 1.18 1.18 1.36 1.36 1.36 1.36 1.36 1.36 1.36 1.36 1.36 1.36 1.36 1.36 1.36 1.36 1.36 1.36 1.23 1.23 1.23 4.85 4.85 4.85 3.43 3.43 4.85 4.85 4.85 4.85 1.23 3.43 3.43 4.85 3.42 3.42 3.42 3.85 3.85 4.99 3.85 4.99 4.98 4.64 4.64 4.96 4.96 0.00 0.00 0.00 0.00 0.00 0.00 0.00 0.00 0.00 0.00 0.00 0.00 0.00 0.00 0.00 0.00 0.00 0.00 0.00
1.29 1.29 1.29 1.29 1.18 1.18 1.18 1.18 1.18 1.18 1.18 1.18 1.18 1.18 1.18 1.18 1.18 1.18 1.18 1.18 1.36 1.36 1.36 1.36 1.36 1.36 1.36 1.36 1.36 1.36 1.36 1.36 1.36 1.36 1.36 1.36 1.23 1.23 1.23 1.23 4.85 4.81 4.81 3.43 4.85 4.85 3.43 3.43 4.85 3.43 3.74 4.85 4.99 4.99 4.94 4.99 4.23 4.94 4.99 4.94 4.98 4.98 4.74 0.00 0.00 0.00 0.00 0.00 0.00 0.00 0.00 3.07 0.00 0.00 0.00 0.00 0.00 0.00 0.00 0.00 0.00 0.00 0.00 0.00
1.29 1.29 1.29 1.29 1.18 1.18 1.18 1.18 1.18 1.18 1.18 1.18 1.18 1.18 1.18 1.18 1.18 1.18 1.18 1.18 1.36 1.36 1.36 1.36 1.36 1.36 1.36 1.36 1.36 1.36 1.36 1.36 1.36 1.36 1.36 1.36 3.74 3.74 3.74 4.85 4.85 4.85 4.85 3.43 3.43 3.43 3.43 3.43 4.85 3.43 3.74 4.85 4.94 3.42 4.99 4.99 4.94 4.94 4.94 4.94 4.99 4.74 4.74 4.96 0.00 0.00 0.00 0.00 0.00 0.00 0.00 3.07 0.00 0.00 0.00 0.00 0.00 0.00 0.00 0.00 0.00 0.00 0.00 0.00
1.29 1.29 1.29 1.29 1.18 1.18 1.18 1.18 1.18 1.18 1.18 1.18 1.18 1.18 1.18 1.18 1.18 1.18 1.18 1.18 1.36 1.36 1.36 1.36 1.36 1.36 1.36 1.36 1.36 1.36 1.36 1.36 1.36 1.36 1.36 1.36 1.23 3.74 3.74 3.74 4.85 4.81 4.81 3.43 4.85 3.43 4.85 4.85 4.85 3.43 4.85 4.85 3.42 3.42 3.42 3.42 4.99 4.99 4.99 4.86 3.85 4.92 3.82 4.96 0.00 4.96 0.00 0.00 0.00 0.00 3.07 3.07 3.07 0.00 0.00 0.00 0.00 0.00 0.00 0.00 0.00 0.00 0.00 0.00
1.29 1.29 1.29 1.29 1.18 1.18 1.18 1.18 1.18 1.18 1.18 1.18 1.18 1.18 1.18 1.18 1.18 1.18 1.18 1.18 1.36 1.36 1.36 1.36 1.36 1.36 1.36 1.36 1.36 2.00 1.36 1.36 1.36 1.36 1.36 1.36 1.23 1.23 3.74 4.85 4.85 3.43 3.43 3.43 4.85 4.85 4.85 3.74 3.74 3.74 3.74 3.74 4.99 4.99 3.42 3.42 4.99 4.99 4.99 4.71 4.71 4.71 3.85 4.96 4.96 4.96 4.96 0.00 0.00 0.00 0.00 0.00 0.00 0.00 0.00 0.00 0.00 0.00 0.00 0.00 0.00 0.00 0.00 0.00
1.29 1.29 1.29 1.29 1.18 1.18 1.18 1.18 1.18 1.18 1.18 1.18 1.18 1.18 4.64 4.64 3.58 3.58 3.58 1.18 1.36 1.36 3.65 1.36 1.36 1.36 1.36 1.36 1.36 1.36 1.36 1.36 1.36 1.36 1.36 1.36 1.23 1.23 1.23 4.85 3.43 4.85 4.85 4.85 3.74 3.74 4.85 3.74 3.74 3.74 3.74 4.11 3.85 4.99 4.99 4.99 3.42 3.85 3.85 4.71 4.71 4.71 1.27 4.96 4.96 4.96 4.96 0.00 0.00 0.00 0.00 0.00 0.00 0.00 0.00 0.00 0.00 0.00 0.00 0.00 0.00 0.00 0.00 0.00
1.29 1.29 1.29 1.29 1.18 1.18 1.18 1.18 1.18 3.53 1.18 1.18 1.18 4.64 3.53 3.53 1.18 3.58 3.58 1.18 5.35 3.65 5.35 5.35 1.36 1.36 1.36 1.36 1.36 1.36 1.36 1.36 1.36 1.36 1.36 1.36 1.23 1.23 1.23 4.85 4.85 4.85 3.74 3.74 3.74 3.74 4.11 3.74 3.74 3.74 4.11 4.11 4.23 4.98 4.98 4.99 4.99 3.85 4.71 0.00 0.00 0.00 4.96 4.96 0.00 4.96 4.96 0.00 0.00 0.00 0.00 0.00 0.00 0.00 0.00 0.00 0.00 0.00 0.00 0.00 0.00 0.00 0.00 0.00
1.29 1.29 1.29 1.29 1.18 1.18 1.18 1.18 1.18 3.88 3.88 3.58 1.18 1.18 3.53 3.53 3.53 1.18 3.58 4.64 3.65 3.65 3.65 5.35 1.36 1.36 1.36 1.36 1.36 1.36 1.36 1.36 1.36 1.36 1.36 1.36 4.85 1.23 4.85 4.85 4.85 3.43 3.43 3.43 4.85 4.85 4.85 4.85 4.85 3.74 4.11 3.74 3.85 4.99 4.94 1.27 4.99 4.92 4.71 0.00 0.00 0.00 0.00 0.00 0.00 0.00 0.00 0.00 0.00 0.00 0.00 0.00 0.00 0.00 0.00 0.00 0.00 0.00 0.00 0.00 0.00 0.00 0.00 0.00
1.29 1.29 1.29 1.29 1.18 1.18 1.18 1.18 3.53 3.88 4.61 3.58 1.18 1.18 1.18 3.53 3.53 3.53 4.64 4.64 5.35 3.65 3.65 5.35 1.36 1.36 4.13 4.13 4.13 1.36 1.36 1.36 1.36 1.36 1.36 4.53 3.43 3.43 4.85 3.43 4.85 4.85 4.85 4.85 3.43 4.85 4.85 4.85 3.43 4.85 3.74 4.11 4.99 4.23 4.99 4.96 4.40 3.21 4.76 0.00 0.00 0.00 0.00 0.00 0.00 0.00 0.00 0.00 0.00 0.00 0.00 0.00 0.00 0.00 0.00 0.00 0.00 0.00 0.00 0.00 0.00 0.00 0.00 0.00
1.29 1.29 1.29 1.29 1.18 1.18 1.18 3.70 4.24 4.61 3.14 3.14 3.58 1.18 4.64 3.53 4.64 4.64 4.64 3.58 1.36 5.35 5.35 5.35 1.36 5.33 5.33 5.05 5.05 5.33 3.64 5.33 5.33 1.36 1.36 5.35 3.43 3.43 4.85 4.85 3.43 3.43 4.85 3.43 3.43 3.43 4.85 3.43 4.85 4.85 4.85 3.74 4.99 4.99 4.02 4.66 3.21 3.22 4.69 4.43 0.00 0.00 0.00 0.00 0.00 0.00 0.00 0.00 0.00 0.00 0.00 0.00 0.00 0.00 0.00 0.00 0.00 0.00 0.00 0.00 0.00 0.00 0.00 0.00
1.29 1.29 1.29 1.29 1.18 1.18 1.18 4.24 3.71 3.88 3.14 3.14 3.14 3.14 4.64 3.53 4.64 3.58 1.18 1.18 4.13 4.13 5.31 5.35 5.31 1.36 4.31 5.31 5.31 5.31 5.35 3.65 5.35 5.35 5.35 5.35 3.43 4.85 4.85 4.85 4.85 4.85 3.43 3.43 3.43 3.43 4.85 4.85 4.85 4.85 4.85 4.85 4.96 4.96 3.96 4.66 4.69 4.44 4.44 4.43 0.00 0.00 0.00 0.00 0.00 0.00 0.00 0.00 0.00 0.00 0.00 0.00 0.00 0.00 0.00 0.00 0.00 0.00 0.00 0.00 0.00 0.00 0.00 0.00
1.29 1.29 1.29 1.29 1.18 1.18 4.41 3.53 1.18 3.88 3.88 3.14 3.14 3.14 4.53 3.58 1.18 1.18 1.18 1.18 1.36 4.13 1.36 1.36 5.31 1.36 1.36 1.36 5.31 5.31 5.35 3.65 5.35 5.31 5.35 5.31 3.43 4.85 4.85 4.85 4.85 4.85 4.85 4.85 1.23 3.43 4.85 4.11 4.11 3.74 4.85 3.43 4.69 4.40 4.69 4.69 4.69 4.69 4.69 4.44 4.43 0.00 0.00 0.00 0.00 0.00 0.00 0.00 0.00 0.00 0.00 0.00 0.00 0.00 0.00 0.00 0.00 0.00 0.00 0.00 0.00 0.00 0.00 0.00
1.30 1.30 1.30 1.30 1.32 1.32 3.23 3.91 4.10 4.10 3.33 4.99 4.99 4.99 3.33 5.19 4.00 4.40 4.40 1.32 1.35 1.35 1.35 4.84 4.84 1.35 1.35 1.35 4.10 4.10 4.10 5.18 4.84 5.16 4.10 4.10 4.60 3.27 3.55 3.55 3.55 4.60 4.60 4.60 1.72 3.27 1.17 1.72 4.60 3.55 3.55 3.55 3.11 4.26 4.59 4.59 4.59 4.59 4.26 4.59 4.59 4.25 0.00 0.00 0.00 0.00 0.00 0.00 0.00 0.00 0.00 0.00 0.00 0.00 0.00 0.00 0.00 0.00 0.00 0.00 0.00 0.00 0.00 0.00
1.30 1.30 1.30 1.30 1.32 3.23 4.99 4.85 1.32 1.32 3.33 4.99 4.99 3.99 3.99 5.19 4.40 4.40 4.40 4.00 4.10 1.35 1.35 4.84 4.84 1.35 5.18 5.32 4.46 5.18 4.10 5.18 5.18 5.18 4.84 4.10 4.60 4.60 4.60 3.55 3.70 4.60 3.55 4.60 4.60 3.27 4.60 3.55 3.90 3.90 3.70 3.53 4.55 4.59 4.26 4.59 4.59 4.59 4.59 4.26 4.26 4.59 4.25 0.00 0.00 0.00 0.00 0.00 0.00 0.00 0.00 0.00 0.00 0.00 0.00 0.00 0.00 0.00 0.00 0.00 0.00 0.00 0.00 0.00
1.30 4.01 4.01 1.30 4.99 4.99 3.33 4.99 4.99 4.99 4.85 3.99 3.99 3.99 3.99 3.99 4.40 4.40 4.40 4.00 4.51 1.35 1.35 1.35 1.35 4.10 5.18 4.10 4.10 5.18 4.10 4.10 4.10 5.18 4.10 4.10 4.60 3.55 4.60 4.60 4.60 4.60 3.55 4.60 4.60 4.60 4.60 4.60 3.70 4.60 3.69 3.53 4.55 3.11 4.59 4.26 4.59 4.59 4.59 4.59 4.59 4.59 3.12 4.59 0.00 0.00 0.00 0.00 0.00 0.00 0.00 0.00 0.00 0.00 0.00 0.00 0.00 0.00 0.00 0.00 0.00 0.00 0.00 0.00
1.30 4.01 4.01 1.30 3.33 3.33 4.99 3.33 4.99 4.99 4.85 4.85 3.99 4.99 3.99 3.99 4.00 4.00 4.00 4.00 4.10 1.35 1.35 1.35 4.10 4.84 4.84 5.18 4.10 4.10 4.10 5.18 5.18 5.18 4.10 4.10 4.60 3.27 4.60 4.60 3.55 4.60 3.55 4.60 4.60 4.60 3.55 3.27 3.90 3.71 4.41 3.53 3.76 3.11 4.59 1.86 4.59 4.59 4.59 4.59 4.59 4.59 3.12 3.12 0.00 0.00 0.00 0.00 0.00 0.00 0.00 0.00 0.00 0.00 0.00 0.00 0.00 0.00 0.00 0.00 0.00 0.00 0.00 2.98
4.01 4.01 1.30 3.34 4.85 4.99 3.33 4.99 4.85 4.99 4.85 4.99 4.99 4.99 4.99 4.99 4.85 4.00 4.40 4.00 4.10 1.35 1.35 1.35 4.10 4.10 4.84 5.18 4.10 5.18 3.52 5.18 5.18 3.52 5.18 5.18 3.28 3.27 4.60 3.55 4.60 1.17 1.17 1.17 4.60 3.27 3.27 3.70 3.14 3.71 3.69 4.41 4.55 3.11 3.12 3.87 3.87 4.26 4.59 4.59 4.59 4.59 4.59 4.26 0.00 0.00 0.00 0.00 0.00 0.00 0.00 0.00 0.00 0.00 0.00 0.00 0.00 0.00 0.00 0.00 0.00 0.00 0.00 2.98
3.84 3.27 3.34 4.86 4.85 4.99 4.99 4.99 4.85 4.99 4.85 3.33 3.33 3.99 3.99 3.99 3.99 4.00 5.19 4.00 4.10 1.35 1.35 5.18 4.10 4.10 5.18 4.10 4.10 5.18 5.18 5.18 5.18 5.18 5.18 3.52 3.28 3.28 4.60 3.55 3.55 4.60 1.17 3.27 3.27 3.27 3.27 3.14 3.09 3.09 3.69 3.09 3.11 3.12 3.12 4.26 3.87 3.87 4.59 4.59 4.59 4.26 3.12 3.12 4.26 4.25 0.00 0.00 0.00 0.00 0.00 0.00 0.00 0.00 0.00 0.00 0.00 0.00 0.00 0.00 0.00 0.00 0.00 2.98
3.34 3.34 3.34 4.86 3.33 4.99 4.85 4.99 4.85 4.85 4.20 4.85 3.99 3.99 4.85 3.99 3.99 5.19 5.19 5.19 4.46 1.35 1.35 4.10 4.10 5.18 5.18 4.10 4.10 4.10 4.10 5.18 5.18 4.46 5.18 5.18 4.60 4.60 4.60 4.60 3.55 3.55 4.60 3.27 3.27 3.27 4.51 3.09 3.09 3.09 3.09 3.10 3.12 3.12 3.12 3.12 4.26 3.87 4.59 4.26 4.26 4.59 3.12 3.12 3.12 4.26 0.00 0.00 0.00 0.00 0.00 0.00 0.00 0.00 0.00 0.00 0.00 0.00 0.00 0.00 0.00 0.00 0.00 0.00
3.34 3.34 3.34 3.34 4.99 4.99 3.99 3.33 4.85 4.85 4.20 4.20 3.99 3.99 4.99 4.99 3.99 3.99 4.00 4.00 4.46 4.10 4.10 4.10 5.18 5.18 4.84 4.10 4.10 4.10 5.18 5.18 3.52 5.18 4.84 5.18 4.60 4.50 3.27 3.27 4.60 4.60 4.60 3.27 4.60 4.22 4.22 3.09 3.09 3.09 3.10 3.10 4.59 3.12 4.59 3.12 4.59 4.26 3.87 4.59 4.59 3.12 3.12 3.12 3.12 4.26 0.00 0.00 0.00 0.00 0.00 0.00 0.00 0.00 0.00 0.00 0.00 0.00 0.00 0.00 0.00 0.00 0.00 0.00
4.98 4.98 3.34 4.86 4.20 3.99 3.99 4.99 4.99 3.99 4.20 4.20 4.07 4.07 4.10 3.99 4.99 3.99 4.00 4.00 4.10 4.10 4.10 4.10 4.10 4.10 4.84 4.10 4.10 4.10 4.84 4.84 5.18 4.84 4.84 5.18 4.60 4.50 4.60 4.60 3.27 4.60 4.60 3.55 4.41 4.41 3.09 4.41 4.44 3.10 3.10 4.44 3.12 4.59 4.59 4.59 4.26 3.12 4.59 4.59 4.59 3.12 3.12 3.12 3.12 4.25 4.25 0.00 0.00 0.00 0.00 0.00 0.00 0.00 0.00 0.00 0.00 0.00 0.00 0.00 0.00 0.00 0.00 0.00
4.98 4.86 4.98 4.86 3.99 3.99 3.99 1.32 3.99 3.99 3.99 4.20 4.10 3.91 3.91 4.07 4.07 3.91 4.00 4.00 4.10 5.18 5.18 5.18 4.84 5.18 5.18 4.10 4.10 5.18 5.18 5.18 5.18 3.52 3.52 5.18 4.60 4.60 4.60 4.60 4.60 4.50 4.50 4.41 3.09 3.09 3.09 3.10 4.44 3.10 3.10 3.10 3.12 3.12 4.59 3.12 4.59 3.12 3.12 3.12 3.12 3.12 3.12 3.12 4.59 4.25 4.25 0.00 0.00 0.00 0.00 0.00 0.00 0.00 0.00 0.00 0.00 0.00 0.00 0.00 0.00 0.00 0.00 0.00
1.30 4.98 3.93 3.93 3.99 3.99 4.82 4.85 3.99 3.99 3.99 3.99 3.91 3.91 3.91 3.91 4.07 3.91 3.91 4.00 4.10 4.10 5.18 3.52 4.28 5.18 3.52 3.52 3.52 3.52 4.84 3.52 3.52 3.52 3.52 4.84 4.60 4.60 4.60 4.50 4.60 3.28 4.41 3.09 3.09 3.09 3.09 3.09 4.44 3.10 3.10 3.10 3.12 3.12 3.12 3.12 3.12 3.12 3.12 3.12 3.12 4.26 4.26 4.26 4.26 4.25 4.25 0.00 0.00 0.00 0.00 0.00 0.00 0.00 0.00 0.00 0.00 0.00 0.00 0.00 0.00 0.00 0.00 0.00
4.98 1.30 4.86 3.93 4.99 3.91 3.91 3.91 3.91 3.99 3.99 3.99 4.07 3.91 3.91 3.91 3.91 4.07 1.32 4.00 5.26 5.18 4.10 4.84 3.52 3.52 4.84 3.52 3.52 4.84 4.84 5.18 5.18 3.52 3.52 5.18 3.28 4.60 4.60 4.60 4.50 3.09 3.09 3.09 3.09 3.09 3.09 3.09 3.09 4.44 4.26 3.10 3.12 3.12 3.12 3.12 3.12 3.12 3.12 3.12 3.12 4.26 4.26 4.26 4.26 4.25 4.25 4.25 0.00 0.00 0.00 0.00 0.00 0.00 0.00 0.00 0.00 0.00 0.00 0.00 0.00 0.00 0.00 0.00
4.98 3.34 4.98 4.86 4.99 3.91 4.82 4.82 4.82 4.07 4.07 4.65 4.07 4.07 3.91 3.91 3.91 3.91 1.32 1.32 3.54 4.84 4.10 1.35 3.52 3.52 3.52 3.52 3.52 3.52 4.84 5.18 5.18 5.18 3.52 3.52 4.60 4.60 4.60 4.60 4.22 4.41 3.09 4.41 3.09 3.09 3.09 3.09 3.09 4.41 4.26 3.10 3.12 3.12 3.12 3.12 3.12 3.12 3.12 3.95 3.95 3.12 3.12 4.59 4.26 4.25 4.25 4.25 2.98 2.98 0.00 0.00 0.00 0.00 0.00 0.00 0.00 0.00 0.00 0.00 0.00 0.00 0.00 0.00
4.98 3.93 4.98 4.67 4.82 4.82 3.91 4.82 4.65 4.82 3.91 3.91 3.91 3.91 3.91 3.91 3.91 3.91 3.82 1.94 4.84 5.18 1.35 1.35 1.35 3.52 3.52 3.52 3.52 3.52 4.84 5.18 4.84 5.18 5.18 5.18 4.60 4.50 4.50 4.60 4.41 4.41 3.09 3.09 4.41 3.09 3.09 3.09 3.09 4.41 4.44 4.44 4.59 4.59 4.26 4.59 4.26 4.59 4.59 4.59 4.26 4.26 4.26 4.26 4.26 4.25 4.25 4.25 2.98 2.98 2.98 2.98 2.98 2.98 2.98 2.98 2.98 2.98 2.98 2.98 2.98 2.98 2.98 2.98
4.86 4.19 4.98 4.83 3.91 3.91 4.07 3.82 3.82 3.91 3.91 4.82 4.82 3.91 1.32 1.32 1.32 3.82 1.94 4.50 1.35 1.35 1.35 1.35 1.35 1.35 0.41 5.18 3.52 5.18 4.84 4.84 5.18 5.18 5.18 5.18 4.60 4.60 4.60 4.41 3.53 3.53 3.53 3.69 4.41 4.41 1.17 1.72 4.22 3.09 3.09 4.44 4.26 4.59 4.26 4.26 4.26 4.26 4.26 4.26 4.26 4.26 4.26 4.26 4.26 3.12 3.12 3.12 0.89 0.89 0.89 0.89 0.89 0.89 0.89 0.89 0.89 0.89 0.89 0.89 0.89 0.89 0.89 0.89
4.19 4.19 4.86 4.83 3.91 3.91 3.82 3.82 3.82 3.23 4.68 1.32 4.65 1.32 1.32 1.32 3.82 3.82 1.32 1.32 1.35 1.35 1.35 1.35 1.35 0.41 0.41 1.35 3.52 3.52 4.84 4.84 3.52 3.52 3.52 3.52 3.27 4.52 4.44 4.44 4.44 4.44 3.53 3.69 1.72 1.17 1.72 3.09 3.09 3.09 4.41 4.22 4.26 4.26 4.26 4.26 4.26 4.26 4.26 4.26 4.26 4.26 4.26 4.26 4.26 4.26 4.59 3.12 2.38 2.98 2.98 2.98 2.98 2.98 2.98 2.98 2.98 2.98 2.98 2.98 2.98 2.98 2.98 2.98
4.83 4.17 3.95 4.79 4.63 3.83 3.83 3.83 3.23 3.23 4.68 4.48 4.68 4.68 4.68 3.83 3.83 4.48 1.35 1.35 1.34 1.34 1.34 1.34 1.34 1.34 1.34 1.34 3.40 4.34 4.65 5.01 3.40 5.04 3.41 5.04 3.22 4.41 4.41 4.41 3.05 4.41 4.41 3.04 3.04 3.04 3.04 3.04 3.04 3.04 3.04 3.04 3.05 4.16 4.16 4.16 4.16 4.51 4.16 4.16 4.16 4.16 4.16 4.16 4.16 4.16 4.51 3.06 2.89 3.95 3.95 3.95 3.95 3.95 3.95 3.95 3.95 3.95 3.95 3.95 3.95 3.95 3.95 3.95
3.95 3.95 3.88 4.05 4.48 3.83 3.23 4.68 3.23 4.68 4.48 1.98 4.68 4.68 4.68 4.48 4.48 1.35 1.35 0.40 1.34 1.34 1.34 1.34 1.34 1.34 1.34 1.34 1.34 5.01 5.01 5.01 3.40 3.41 5.04 5.04 3.05 3.05 4.41 4.41 4.41 4.41 4.41 3.04 3.04 3.04 3.04 3.04 4.14 4.38 3.04 3.04 3.05 3.05 4.16 4.16 4.16 4.51 4.16 4.16 4.16 4.16 4.16 4.16 4.51 3.06 3.06 3.06 2.89 3.95 0.00 0.00 0.00 0.00 0.00 0.00 0.00 0.00 0.00 0.00 0.00 0.00 0.00 0.00
3.95 3.88 4.79 4.79 4.48 4.68 4.68 3.23 4.68 4.68 4.68 1.35 3.83 3.83 4.68 4.68 1.35 1.35 1.35 1.35 0.40 1.34 1.34 1.34 1.34 1.34 1.34 1.34 1.34 4.65 4.65 4.65 4.65 5.04 4.69 4.77 3.05 3.05 4.41 3.05 4.41 4.41 4.41 3.04 4.14 3.04 3.04 3.04 3.04 3.69 4.14 3.04 4.47 4.47 4.47 4.16 4.16 4.16 4.16 4.16 4.16 3.06 3.06 3.06 4.16 3.06 3.06 3.06 2.89 2.89 0.00 0.00 0.00 0.00 0.00 0.00 0.00 0.00 0.00 0.00 0.00 0.00 0.00 0.00
3.95 3.88 4.05 4.79 4.48 4.68 4.68 4.68 4.68 3.23 3.23 3.96 4.68 3.83 4.68 4.48 1.35 1.35 1.35 1.35 1.34 1.34 1.34 1.34 1.34 1.34 1.34 1.34 1.34 4.65 4.65 4.65 4.65 4.69 4.44 4.44 4.17 4.41 4.17 3.05 4.41 4.41 3.04 4.38 3.04 3.04 4.38 3.69 3.69 3.69 3.69 4.14 4.47 3.05 3.05 3.06 4.51 4.16 4.16 4.16 4.16 3.06 4.51 3.06 3.06 3.06 3.06 3.06 2.89 2.89 2.89 0.00 0.00 0.00 0.00 0.00 0.00 0.00 0.00 0.00 0.00 0.00 0.00 0.00
4.96 3.88 4.79 4.63 4.68 4.68 4.68 3.23 3.23 4.48 3.96 4.68 3.23 1.98 4.68 1.35 1.35 1.35 1.35 1.35 1.34 1.34 1.34 1.34 1.34 1.34 1.34 1.34 1.34 3.40 5.01 3.40 5.01 4.77 4.77 3.24 4.41 4.41 4.17 4.41 4.41 4.41 4.38 3.04 3.04 3.04 3.04 3.04 4.14 4.17 4.41 4.38 3.05 3.05 3.06 3.06 4.51 4.51 4.16 4.16 4.16 3.06 1.25 3.06 3.06 3.06 3.06 3.06 2.89 2.89 2.89 0.00 0.00 0.00 0.00 0.00 0.00 0.00 0.00 0.00 0.00 0.00 3.95 3.95
3.88 4.79 4.63 4.66 4.68 4.68 4.68 4.48 4.68 4.48 1.35 3.83 3.83 4.68 4.68 4.68 1.35 1.35 1.35 1.35 1.34 1.34 1.34 1.34 1.34 1.34 1.34 1.34 3.40 3.40 5.01 5.01 3.23 3.24 3.24 3.24 3.05 4.41 4.17 3.05 3.05 4.41 3.04 3.04 3.04 4.38 4.14 4.41 4.41 4.17 4.41 3.05 3.05 4.47 4.16 3.06 3.06 4.16 4.16 4.51 4.16 3.06 4.16 4.51 3.06 3.06 3.06 3.06 2.89 1.18 1.18 2.89 0.00 0.00 0.00 0.00 0.00 0.00 0.00 0.00 3.95 3.95 1.18 2.89
4.79 3.77 4.63 3.80 3.83 3.83 4.68 3.96 3.83 3.83 3.83 3.83 3.83 4.68 3.23 4.68 3.23 3.23 1.35 1.35 1.34 1.34 1.34 1.34 1.34 1.34 1.34 1.34 3.40 5.01 3.40 3.23 3.23 4.73 4.73 4.73 4.38 4.38 4.38 4.14 3.04 4.38 4.38 3.04 4.38 4.38 4.41 4.17 4.17 4.41 4.41 4.41 3.06 4.16 4.16 3.06 3.06 4.51 4.51 3.06 3.06 4.16 4.16 4.16 4.51 3.06 3.06 4.51 2.89 3.95 0.00 2.89 2.89 0.00 0.00 0.00 0.00 0.00 0.00 3.95 1.18 2.89 2.89 3.95
3.77 4.63 3.80 3.80 3.83 3.96 3.83 4.68 3.83 3.83 3.83 3.83 3.83 3.23 3.23 4.68 4.68 4.68 4.68 1.35 1.34 3.20 3.20 3.20 5.04 5.04 1.34 5.04 3.41 5.04 4.77 4.05 4.77 4.73 4.73 4.73 4.38 4.38 3.04 4.38 4.38 4.14 4.38 4.38 1.72 3.53 4.41 4.17 4.17 4.17 4.17 4.41 4.16 4.51 4.51 3.06 3.06 3.06 4.51 4.51 3.06 4.51 4.16 4.16 4.16 4.16 4.16 4.16 2.89 0.00 0.00 0.00 2.89 2.89 0.00 0.00 0.00 3.95 1.18 2.89 2.89 3.95 3.95 0.00
