New_Model_Runs/16_Future_RCP8.5_Scn3_out/post_prcessed_with_MFR/Monthly_summaries/actual_et_monthly_JUL.asc
NCOLS 700
NROWS 400
XLLCENTER 515000.000000
YLLCENTER 8409000.000000
CELLSIZE 50.000000
NODATA_value -999.000000
[rows 76 to 113 of 400, columns 420 to 503 of 700]
0.00 0.00 0.00 0.00 0.00 0.00 0.00 0.00 0.00 0.00 0.00 0.00 0.00 0.00 0.00 0.00 0.00 0.00 0.00 0.00 0.00 0.00 0.00 0.00 0.00 0.00 0.00 0.00 0.00 0.00 0.00 0.00 0.00 0.00 0.00 0.00 0.00 0.00 0.00 0.00 0.00 0.00 0.00 0.00 0.00 0.00 0.00 0.00 0.00 0.00 0.00 0.00 0.00 0.00 0.00 0.00 0.00 0.00 0.00 0.00 0.00 0.00 0.00 0.00 0.00 0.00 0.00 0.00 0.00 0.00 0.00 0.00 0.00 0.00 0.00 0.00 0.00 0.00 0.00 0.00 0.00 0.00 0.00 0.00
0.00 0.00 0.00 0.00 0.00 0.00 0.00 0.00 0.00 0.00 0.00 0.00 0.00 0.00 0.00 0.00 0.00 0.00 0.00 0.00 0.00 0.00 0.00 0.00 0.00 0.00 0.00 0.00 0.00 0.00 0.00 0.00 0.00 0.00 0.00 0.00 0.00 0.00 0.00 0.00 0.00 0.00 0.00 0.00 0.00 0.00 0.00 0.00 0.00 0.00 0.00 0.00 0.00 0.00 0.00 0.00 0.00 0.00 0.00 0.00 0.00 0.00 0.00 0.00 0.00 0.00 0.00 0.00 0.00 0.00 0.00 0.00 0.00 0.00 0.00 0.00 0.00 0.00 0.00 0.00 0.00 0.00 0.00 0.00
0.00 0.00 0.00 0.00 0.00 0.00 0.00 0.00 0.00 0.00 0.00 2.03 0.00 0.00 0.00 0.00 0.00 0.00 0.00 0.00 0.00 0.00 0.00 0.00 0.00 0.00 0.00 0.00 0.00 0.00 0.00 0.00 0.00 0.00 0.00 0.00 0.00 0.00 0.00 0.00 0.00 0.00 0.00 0.00 0.00 0.00 0.00 0.00 0.00 0.00 0.00 0.00 0.00 0.00 0.00 0.00 0.00 0.00 0.00 0.00 0.00 0.00 0.00 0.00 0.00 0.00 0.00 0.00 0.00 0.00 0.00 0.00 0.00 0.00 0.00 0.00 0.00 0.00 0.00 0.00 0.00 0.00 0.00 0.00
0.00 0.00 0.00 0.00 0.00 0.00 0.00 0.00 0.00 0.00 0.00 1.72 0.00 0.00 0.00 0.00 0.00 0.00 0.00 0.00 0.00 0.00 0.00 0.00 0.00 0.00 0.00 0.00 0.00 0.00 0.00 0.00 0.00 0.00 0.00 0.00 0.00 0.00 0.00 0.00 0.00 0.00 0.00 0.00 0.00 0.00 0.00 0.00 0.00 0.00 0.00 0.00 0.00 0.00 0.00 0.00 0.00 0.00 0.00 0.00 0.00 0.00 0.00 0.00 0.00 0.00 0.00 0.00 0.00 0.00 0.00 0.00 0.00 0.00 0.00 0.00 0.00 0.00 0.00 0.00 0.00 0.00 0.00 0.00
0.00 0.00 0.00 0.00 0.00 0.00 0.00 0.00 0.00 0.00 2.03 0.52 0.00 0.00 0.00 0.00 0.00 0.00 0.00 0.00 0.00 0.00 0.00 0.00 0.00 0.00 0.00 0.00 0.00 0.00 0.00 0.00 0.00 0.00 0.00 0.00 0.00 0.00 0.00 0.00 0.00 0.00 0.00 0.00 0.00 0.00 0.00 0.00 0.00 0.00 0.00 0.00 0.00 0.00 0.00 0.00 0.00 0.00 0.00 0.00 0.00 0.00 0.00 0.00 0.00 0.00 0.00 0.00 0.00 0.00 0.00 0.00 0.00 0.00 0.00 0.00 0.00 0.00 0.00 0.00 0.00 0.00 0.00 0.00
0.00 0.00 0.00 0.00 0.00 0.00 0.00 0.00 0.00 2.03 0.52 0.52 2.06 0.00 0.00 0.00 0.00 0.00 0.00 0.00 0.00 0.00 0.00 0.00 0.00 0.00 0.00 0.00 0.00 0.00 0.00 0.00 0.00 0.00 0.00 0.00 0.00 0.00 0.00 0.00 0.00 0.00 0.00 0.00 0.00 0.00 0.00 0.00 0.00 0.00 0.00 0.00 0.00 0.00 0.00 0.00 0.00 0.00 0.00 0.00 0.00 0.00 0.00 0.00 0.00 0.00 0.00 0.00 0.00 0.00 0.00 0.00 0.00 0.00 0.00 0.00 0.00 0.00 0.00 0.00 0.00 0.00 0.00 0.00
0.88 0.88 0.00 0.00 0.00 0.00 0.00 0.88 0.88 0.88 0.88 0.88 0.77 0.00 0.00 0.00 0.00 0.00 0.00 0.00 0.00 0.00 0.00 0.00 0.00 0.00 0.00 0.00 0.00 0.00 0.00 0.00 0.00 0.00 0.00 0.00 0.00 0.00 0.00 0.00 0.00 0.00 0.00 0.00 0.00 0.00 0.00 0.00 0.00 0.00 0.00 0.00 0.00 0.00 0.00 0.00 3.67 0.00 0.00 0.00 0.00 0.00 0.00 0.00 0.00 0.00 0.00 0.00 0.00 0.00 0.00 0.00 0.00 0.00 0.00 0.00 0.00 0.00 0.00 0.00 0.00 0.00 0.00 0.00
0.88 0.88 0.88 0.00 0.00 0.00 0.88 0.88 0.88 0.88 0.88 0.88 3.04 0.00 0.00 0.00 0.00 0.00 0.00 0.00 0.00 0.00 0.00 0.00 0.00 0.00 0.00 0.00 0.00 0.00 0.00 0.00 0.00 0.00 0.00 0.00 0.00 0.00 0.00 0.00 0.00 0.00 0.00 0.00 0.00 0.00 0.00 0.00 0.00 0.00 0.00 0.00 0.00 0.00 0.00 0.00 0.93 0.00 0.00 0.00 0.00 0.00 0.00 0.00 0.00 0.00 0.00 0.00 0.00 2.94 3.46 0.00 0.00 0.00 0.00 0.00 0.00 0.00 0.00 0.00 0.00 0.00 0.00 0.00
0.88 0.88 0.88 0.88 0.88 0.88 0.88 0.88 0.88 0.88 0.88 0.88 3.04 0.00 0.00 0.00 0.00 0.00 0.00 0.00 0.00 0.00 0.00 0.00 0.00 0.00 0.00 0.00 0.00 0.00 0.00 0.00 0.00 0.00 0.00 0.00 0.00 0.00 0.00 0.00 0.00 0.00 0.00 0.00 0.00 0.00 0.00 0.00 0.00 0.00 0.00 0.00 0.00 0.00 0.00 0.00 0.93 0.93 0.00 0.00 0.00 0.00 0.00 0.00 0.00 0.00 0.00 0.00 0.88 0.88 0.88 0.00 0.00 0.00 0.00 0.00 0.00 0.00 0.00 0.00 0.00 0.00 0.00 0.00
0.88 0.88 0.88 0.88 0.88 0.88 0.88 0.88 0.88 0.88 0.88 0.88 3.04 0.00 0.00 0.00 0.00 0.00 0.00 0.00 0.00 0.00 0.00 0.00 0.00 0.00 0.00 3.04 2.14 2.14 0.00 0.00 0.00 0.00 0.00 0.00 0.00 0.00 0.00 0.00 0.00 0.00 0.00 0.00 0.00 0.00 0.00 0.00 0.00 0.00 0.00 0.00 0.00 0.00 0.00 0.00 0.93 0.93 0.00 0.00 0.00 0.00 0.00 0.00 0.00 0.00 0.00 3.46 0.88 0.88 0.88 3.46 0.00 0.00 0.00 0.00 0.00 0.00 0.00 0.00 0.00 0.00 0.00 0.00
0.88 0.88 0.88 0.88 0.88 0.88 0.88 0.88 0.88 0.88 0.88 0.88 0.77 0.00 0.00 0.00 0.00 0.00 0.00 0.00 0.00 0.00 0.00 0.00 0.00 0.00 0.00 0.77 0.54 0.54 0.00 0.00 0.00 0.00 0.00 0.00 0.00 0.00 0.00 0.00 0.00 0.00 0.00 0.00 0.00 3.67 3.67 0.00 0.00 0.00 0.00 0.00 0.00 0.00 0.00 0.00 0.93 0.93 3.11 0.00 0.00 0.00 0.00 0.00 0.00 0.00 0.00 0.88 0.88 0.88 0.88 0.88 3.46 0.00 0.00 0.00 0.00 0.00 0.00 0.00 0.00 0.76 0.76 0.00
0.88 0.88 0.88 0.88 0.88 0.88 0.88 0.88 0.88 0.88 0.88 0.88 0.77 0.00 0.00 0.00 0.00 0.00 0.00 0.00 0.00 0.00 0.00 0.00 0.00 0.00 0.77 0.77 0.54 0.54 0.00 0.00 0.00 0.00 0.00 0.00 0.00 0.00 0.00 0.00 0.00 0.00 0.00 0.00 0.00 3.67 3.67 3.67 0.00 0.00 0.00 0.00 0.00 0.00 0.00 0.00 3.11 0.93 0.93 0.93 0.88 0.00 0.00 0.88 0.88 0.88 0.00 0.88 0.88 0.88 0.88 0.88 0.88 0.00 0.00 0.00 0.00 0.00 0.00 0.00 0.76 0.76 0.76 0.76
0.88 0.88 0.88 0.88 0.88 0.88 0.88 0.88 0.88 0.88 0.88 0.88 0.77 0.00 0.00 0.00 0.00 0.00 0.00 0.00 0.00 0.00 0.00 0.00 0.00 3.04 0.77 0.77 0.54 0.00 0.00 0.00 0.00 0.00 0.00 0.00 0.00 0.00 0.00 0.00 0.00 0.00 0.00 0.00 0.00 0.93 0.93 0.93 3.67 3.67 0.00 0.00 0.00 0.00 0.00 0.00 0.93 0.93 0.93 0.93 0.88 0.88 0.88 0.88 0.88 0.88 0.88 0.88 0.88 0.88 0.88 0.88 0.88 0.00 0.00 0.00 0.00 0.00 0.00 0.76 0.76 0.76 0.76 0.76
0.88 0.88 0.88 0.88 0.88 0.88 0.88 0.88 0.88 0.88 0.88 0.88 0.77 0.00 0.00 0.00 0.00 0.00 0.00 0.00 0.00 0.00 3.04 0.00 0.00 0.77 0.77 0.77 0.54 0.00 0.00 0.00 0.00 0.00 0.00 0.00 0.00 0.00 0.00 0.00 0.00 0.00 0.00 0.00 0.00 0.93 0.93 0.93 0.93 0.93 0.00 0.00 0.00 0.00 0.00 0.00 0.00 0.93 0.93 0.93 0.88 0.88 0.88 0.88 0.88 0.88 0.88 0.88 0.88 0.88 0.88 0.88 0.88 0.88 0.00 0.00 0.00 0.00 0.76 0.76 0.76 0.76 0.76 0.76
0.88 0.88 0.88 0.88 0.88 0.88 0.88 0.88 0.88 0.88 0.88 0.88 0.77 0.00 0.00 0.00 0.00 0.00 0.00 0.00 3.04 0.77 0.77 0.77 0.77 0.77 0.77 0.77 0.00 0.00 0.00 0.00 0.00 0.00 0.00 0.00 0.00 0.00 0.00 0.00 0.00 0.00 0.00 0.00 3.67 0.93 0.93 0.93 0.93 0.93 0.00 0.00 0.00 0.00 0.00 0.00 0.00 0.93 0.93 0.93 0.88 0.88 0.88 0.88 0.88 0.88 0.88 0.88 0.88 0.88 0.88 0.88 0.88 0.88 0.88 0.88 0.00 0.76 0.76 0.76 0.76 0.76 0.76 0.76
0.88 0.88 0.88 0.88 0.88 0.88 0.88 0.88 0.88 0.88 0.88 0.88 0.77 0.00 0.00 0.00 0.00 0.00 0.00 0.77 0.77 0.77 0.77 0.77 2.35 2.35 0.77 0.77 0.00 0.00 0.00 0.00 0.00 0.00 0.00 0.00 0.00 0.00 0.00 0.00 0.00 0.00 0.00 0.00 0.00 0.93 0.93 0.93 0.93 0.00 0.00 0.00 0.00 0.00 0.00 0.00 3.67 0.93 0.93 0.93 0.88 0.88 0.88 0.88 0.88 0.88 0.88 0.88 0.88 0.88 0.88 0.88 0.88 0.88 0.88 0.88 0.76 0.76 0.76 0.76 0.76 0.76 0.76 0.76
0.88 0.88 0.88 0.88 0.88 0.88 0.88 0.88 0.88 0.88 0.88 0.88 0.77 0.77 0.00 0.00 0.00 0.00 0.00 0.77 0.77 0.77 0.77 0.77 0.77 0.77 0.77 0.00 0.00 0.00 0.00 0.00 0.00 0.00 0.00 0.00 0.00 0.00 0.00 0.00 0.00 0.00 0.00 0.00 0.00 0.93 0.93 0.93 0.00 0.00 0.00 0.00 0.00 0.00 0.00 0.00 0.93 0.93 0.93 0.93 0.88 0.88 0.88 0.88 0.88 0.88 0.88 0.88 0.88 0.88 0.88 0.88 0.88 0.88 0.88 0.88 0.76 0.76 0.76 0.76 0.76 0.76 0.76 0.76
0.88 0.88 0.88 0.88 0.88 0.88 0.88 0.88 0.88 0.88 0.88 0.88 0.77 0.77 0.77 0.00 0.00 0.00 0.00 0.77 0.77 0.77 0.77 0.77 0.77 0.77 0.77 0.00 0.00 0.00 0.00 0.00 0.00 0.00 0.00 0.00 0.00 0.00 0.00 0.00 0.00 0.00 0.00 0.00 0.00 0.00 3.67 0.93 0.00 0.00 0.00 0.00 0.00 0.00 0.00 3.11 0.93 0.93 0.93 0.93 0.88 0.88 0.88 0.88 0.88 0.88 0.88 0.88 0.88 0.88 0.88 0.88 0.88 0.88 0.88 0.88 0.76 0.76 0.76 0.76 0.76 0.76 0.76 0.76
0.88 0.88 0.88 0.88 0.88 0.88 0.88 0.88 0.88 0.88 0.88 0.88 0.77 0.77 0.77 3.04 3.04 3.04 0.77 0.77 0.77 0.77 0.77 0.77 0.77 0.77 0.77 0.00 0.00 0.00 0.00 0.00 0.00 0.00 0.00 0.00 0.00 0.00 0.00 0.00 0.00 0.00 0.00 0.00 0.00 0.00 3.67 0.93 0.93 0.93 0.00 0.00 0.00 0.00 3.67 0.93 0.93 0.93 0.93 0.93 0.88 0.88 0.88 0.88 0.88 0.88 0.88 0.88 0.88 0.88 0.88 0.88 0.88 0.88 0.88 0.88 2.99 2.99 2.53 0.76 0.76 0.00 0.00 0.00
0.88 0.88 0.88 0.88 0.88 0.88 0.88 0.88 0.88 0.88 0.88 0.88 0.77 0.77 0.77 0.77 2.35 2.35 0.77 0.77 0.77 0.77 0.77 0.77 0.77 0.77 0.77 0.00 0.00 0.00 0.00 0.00 0.00 0.00 0.00 0.00 0.00 0.00 0.00 0.00 0.00 0.00 0.00 0.00 0.00 0.00 0.93 3.11 0.93 0.93 0.93 3.67 0.93 0.93 0.93 0.93 0.93 0.93 0.93 0.93 0.88 0.88 0.88 0.88 0.88 0.88 0.88 0.88 0.88 0.88 0.88 0.88 0.88 0.88 2.94 3.46 2.35 2.99 0.00 0.00 0.00 0.00 0.00 0.00
0.88 0.88 0.88 0.88 0.88 0.88 0.88 0.88 0.88 0.88 0.88 0.88 0.77 0.77 0.77 0.77 3.04 2.35 2.35 0.77 0.77 0.77 0.77 0.77 0.77 0.77 0.77 0.00 0.00 0.00 0.00 0.00 0.00 0.00 0.00 0.00 0.00 0.00 0.00 0.00 0.00 0.00 0.00 0.00 0.00 0.00 1.37 3.11 0.93 0.93 0.93 0.93 0.93 0.93 0.93 0.93 0.93 0.93 0.93 0.93 0.88 0.88 0.88 0.88 0.88 0.88 0.88 0.88 0.88 0.88 0.88 0.88 0.88 0.88 3.46 2.64 0.90 0.00 0.00 0.00 0.00 0.00 0.00 0.00
0.88 0.88 0.88 0.88 0.88 0.88 0.88 0.88 0.88 0.88 0.88 0.88 0.77 0.77 0.77 2.35 2.35 2.35 0.77 0.77 0.77 0.77 0.77 0.77 0.77 0.77 0.77 0.00 0.00 0.00 0.00 0.00 0.00 0.00 0.00 0.00 0.00 0.00 0.00 0.00 0.00 0.00 0.00 0.00 0.00 0.93 0.93 3.11 0.93 0.93 0.93 0.93 0.93 0.93 0.93 0.93 0.93 0.93 0.93 0.93 0.88 0.88 0.88 0.88 0.88 0.88 0.88 0.88 0.88 0.88 0.88 2.67 2.67 3.46 3.38 3.38 0.00 0.00 0.00 0.00 0.00 0.00 0.00 0.00
0.77 0.77 0.77 0.77 0.77 0.77 0.77 0.77 0.77 0.77 0.77 0.77 0.71 0.71 2.16 2.16 0.71 2.16 0.71 0.71 0.71 0.71 0.71 0.71 0.71 2.16 0.71 0.00 0.00 0.00 0.00 0.00 0.00 0.00 0.00 0.00 0.00 0.00 0.00 0.00 0.00 0.00 0.00 0.00 0.92 0.92 0.92 0.92 0.92 0.92 0.92 0.92 0.92 0.92 0.92 0.92 0.92 0.92 0.92 0.92 0.77 0.77 0.77 0.77 0.77 0.77 0.77 0.77 0.77 0.77 0.77 0.77 3.03 3.03 3.02 3.02 0.00 0.00 0.00 0.00 0.00 0.00 0.00 0.00
0.77 0.77 0.77 0.77 0.77 0.77 0.77 0.77 0.77 0.77 0.77 0.77 0.71 0.71 0.71 0.71 2.16 2.16 0.71 0.71 0.71 0.71 0.71 0.71 0.71 0.71 0.71 0.00 0.00 0.00 0.00 0.00 0.00 0.00 0.00 0.00 0.00 0.00 0.00 0.00 0.00 0.00 0.00 0.00 0.92 0.92 3.07 0.92 0.92 0.92 0.92 0.92 0.92 0.92 0.92 0.92 0.92 0.92 0.92 0.92 0.77 0.77 0.77 0.77 0.77 0.77 0.77 0.77 0.77 0.77 0.77 0.77 3.03 3.02 3.02 0.00 0.00 0.00 0.00 0.00 0.00 0.00 0.00 0.00
0.77 0.77 0.77 0.77 0.77 0.77 0.77 0.77 0.77 0.77 0.77 0.77 0.71 0.71 0.71 0.71 0.71 0.71 0.71 0.71 0.71 0.71 0.71 0.71 0.71 0.71 0.00 0.00 0.00 0.00 0.00 0.00 0.00 0.00 0.00 0.00 0.00 0.00 0.00 0.00 0.00 0.00 0.00 2.78 0.92 0.92 3.07 0.92 0.92 0.92 0.92 0.92 0.92 0.92 0.92 0.92 0.92 0.92 0.92 0.92 0.77 0.77 0.77 0.77 0.77 0.77 0.77 0.77 0.77 2.56 3.03 3.03 3.03 3.03 0.00 0.00 0.00 0.00 0.00 0.00 0.00 0.00 0.00 0.00
0.77 0.77 0.77 0.77 0.77 0.77 0.77 0.77 0.77 0.77 0.77 0.77 0.71 0.71 0.71 0.71 0.71 0.71 0.71 0.71 0.71 0.71 0.71 0.71 0.71 0.71 0.00 0.00 0.00 0.00 0.00 0.00 0.00 0.00 0.00 0.71 2.78 2.78 0.00 0.00 0.71 0.71 0.71 0.71 0.92 3.07 3.07 3.07 0.92 0.92 0.92 0.92 0.92 0.92 0.92 0.92 0.92 0.92 0.92 0.92 0.77 0.77 0.77 0.77 0.77 0.77 0.77 2.56 3.03 3.03 3.03 3.03 3.03 0.91 3.02 0.00 0.00 0.00 0.00 0.00 0.00 0.00 0.00 0.00
0.77 0.77 0.77 0.77 0.77 0.77 0.77 0.77 0.77 0.77 0.77 0.77 0.71 0.71 0.71 0.71 0.71 0.71 0.71 0.71 0.71 0.71 0.71 0.71 0.71 0.71 0.00 0.00 0.00 0.00 0.00 0.00 0.00 0.00 0.00 0.71 0.71 0.71 0.71 0.71 0.71 0.71 0.71 0.71 3.07 3.07 3.07 0.92 0.92 0.92 0.92 0.92 0.92 0.92 0.92 0.92 0.92 0.92 0.92 0.92 0.77 0.77 0.77 0.77 0.77 0.77 0.77 3.03 2.44 3.03 3.03 3.03 3.03 3.02 0.91 0.91 0.00 0.00 0.00 0.00 0.00 0.00 0.00 0.00
0.77 0.77 0.77 0.77 0.77 0.77 0.77 0.77 0.77 0.77 0.77 0.77 0.71 0.71 0.71 0.71 0.71 0.71 0.71 0.71 0.71 0.71 0.71 0.71 0.71 0.71 0.00 0.00 0.00 0.00 0.00 0.00 0.00 0.00 0.00 0.71 0.71 0.71 0.71 0.71 0.71 0.71 0.71 0.71 0.92 0.92 0.92 0.92 0.92 0.92 0.92 0.92 0.92 0.92 0.92 0.92 0.92 0.92 0.92 0.92 0.77 0.77 0.77 0.77 0.77 3.03 3.03 3.03 3.03 3.03 3.03 3.03 3.03 3.03 3.02 0.91 3.42 0.00 0.00 0.00 0.00 0.00 0.00 0.00
0.77 0.77 0.77 0.77 0.77 0.77 0.77 0.77 0.77 0.77 0.77 0.77 0.71 0.71 0.71 0.71 0.71 0.71 0.71 0.71 0.71 0.71 0.71 0.71 0.71 0.71 0.00 0.00 0.00 0.00 0.00 0.00 0.00 0.00 0.71 0.71 2.36 2.14 0.71 0.71 0.71 0.71 0.71 0.71 0.92 0.92 0.92 0.92 0.92 0.92 0.92 0.92 0.92 0.92 0.92 0.92 0.92 0.92 0.92 0.92 0.77 0.77 2.33 2.33 3.03 3.03 3.03 3.03 3.03 3.03 3.03 3.03 3.03 3.03 0.91 0.91 3.42 1.03 0.00 0.00 0.00 0.00 0.00 0.00
0.77 0.77 0.77 0.77 0.77 0.77 0.77 0.77 0.77 0.77 0.77 0.77 0.71 0.71 0.71 0.71 0.71 0.71 0.71 0.71 0.71 0.71 0.71 0.71 0.71 0.71 0.71 0.00 0.00 0.00 0.00 0.00 0.00 0.00 2.78 2.36 0.71 0.71 0.71 0.71 0.71 0.71 0.71 0.71 0.92 0.92 0.92 0.92 0.92 0.92 0.92 0.92 0.92 0.92 0.92 0.92 0.92 0.92 0.92 0.92 0.77 0.77 2.33 3.03 3.03 3.03 3.03 3.03 3.03 3.03 3.03 3.03 3.03 3.03 3.03 3.03 2.70 0.89 2.97 2.97 1.05 0.00 0.00 0.00
0.77 0.77 0.77 0.77 0.77 0.77 0.77 0.77 0.77 0.77 0.77 0.77 0.71 0.71 0.71 0.71 0.71 0.71 0.71 0.71 0.71 0.71 0.71 0.71 0.71 0.71 2.79 1.96 0.00 0.00 0.00 0.00 0.00 0.00 2.16 2.78 2.78 2.14 0.71 0.71 0.71 0.71 0.71 0.71 0.92 0.92 0.92 0.92 0.92 0.92 0.92 0.92 0.92 0.92 0.92 0.92 0.92 0.92 0.92 0.92 0.77 2.33 2.33 3.03 3.03 3.03 3.03 3.03 3.03 3.03 3.03 3.03 3.03 2.33 2.33 1.13 0.89 0.89 0.89 0.89 2.97 2.97 3.50 0.00
0.77 0.77 0.77 0.77 0.77 0.77 0.77 0.77 0.77 0.77 0.77 0.77 0.71 0.71 0.71 0.71 0.71 0.71 0.71 0.71 0.71 0.71 0.71 2.15 0.71 2.15 2.79 2.79 1.94 2.67 2.78 0.83 2.16 2.16 2.78 2.14 2.14 0.71 0.71 0.71 0.71 0.71 0.71 0.71 0.92 0.92 0.92 0.92 0.92 0.92 0.92 0.92 0.92 0.92 0.92 0.92 0.92 0.92 0.92 0.92 2.33 2.33 3.03 3.03 3.03 3.03 2.33 2.33 3.03 2.33 2.33 2.33 2.33 0.77 0.77 0.77 0.89 0.89 0.89 0.89 0.89 0.89 2.70 3.50
0.77 0.77 0.77 0.77 0.77 0.77 0.77 0.77 0.77 0.77 0.77 0.77 0.71 0.71 0.71 0.71 0.71 0.71 0.71 0.71 0.71 0.71 0.71 0.71 2.15 2.15 2.79 2.15 1.94 0.80 2.16 0.83 0.83 2.78 2.78 0.71 0.71 0.71 0.71 0.71 0.71 0.71 0.71 0.71 0.92 0.92 0.92 0.92 0.92 0.92 0.92 0.92 0.92 0.92 0.92 0.92 0.92 0.92 0.92 0.92 2.33 2.44 2.44 2.33 2.33 0.77 0.77 0.77 2.33 2.33 0.77 2.33 0.77 0.77 0.77 0.77 0.89 0.89 0.89 0.89 0.89 0.89 2.70 2.70
0.77 0.77 0.77 0.77 0.77 0.77 0.77 0.77 0.77 0.77 0.77 0.77 0.71 0.71 0.71 0.71 0.71 0.71 0.71 0.71 0.71 0.71 0.71 0.71 2.15 2.15 2.15 2.15 2.14 1.94 2.16 2.78 2.78 2.78 2.14 2.14 2.14 2.14 0.71 0.71 0.71 0.71 0.71 0.71 0.92 0.92 0.92 0.92 0.92 0.92 0.92 0.92 0.92 0.92 0.92 0.92 0.92 0.92 0.92 2.79 3.03 2.44 2.56 2.33 2.33 0.77 0.77 0.77 0.77 0.77 0.77 0.77 1.13 0.77 0.77 0.77 0.89 0.89 0.89 0.89 0.89 0.89 0.89 0.89
0.77 0.77 0.77 0.77 0.77 0.77 0.77 0.77 0.77 0.77 0.77 0.77 0.71 0.71 0.71 0.71 0.71 0.71 0.71 0.71 0.71 0.71 0.71 0.71 0.71 1.96 2.79 2.15 2.14 1.94 2.78 2.78 2.14 2.14 2.78 2.14 2.14 2.14 0.71 0.71 0.71 0.71 0.71 0.71 0.92 0.92 0.92 0.92 0.92 0.92 0.92 0.92 0.92 0.92 0.92 0.92 0.92 0.92 3.06 2.79 3.03 2.56 3.03 2.33 2.33 2.33 2.44 0.77 0.77 0.77 0.77 0.77 0.77 0.77 0.77 0.77 0.89 0.89 0.89 0.89 0.89 0.89 0.89 0.89
0.77 0.77 0.77 0.77 0.77 0.77 0.77 0.77 0.77 0.77 0.77 0.77 0.71 0.71 0.71 0.71 0.71 0.71 0.71 0.71 0.71 0.71 0.71 0.71 0.71 2.15 2.15 2.15 2.14 2.78 2.14 2.14 2.14 2.14 2.36 0.71 0.71 0.71 0.71 0.71 0.71 0.71 0.71 0.71 0.92 0.92 0.92 0.92 0.92 0.92 0.92 0.92 0.92 0.92 0.92 0.92 0.92 0.92 0.92 2.79 2.56 2.56 2.33 2.33 2.33 2.33 2.44 2.44 0.77 0.77 0.77 0.77 0.77 0.77 0.77 0.77 0.89 0.89 0.89 0.89 0.89 0.89 0.89 0.89
0.77 0.77 0.77 0.77 0.77 0.77 0.77 0.77 0.77 0.77 0.77 0.77 0.71 0.71 0.71 0.71 0.71 0.71 0.71 0.71 0.71 0.71 0.71 0.71 0.71 0.71 2.79 2.79 2.78 2.78 2.14 2.14 0.71 1.04 0.71 0.71 0.71 0.71 0.71 0.71 0.71 0.71 0.71 0.71 0.92 0.92 0.92 0.92 0.92 0.92 0.92 0.92 0.92 0.92 0.92 0.92 0.92 0.92 2.79 3.06 3.03 2.44 2.44 2.33 2.44 1.13 2.44 2.44 2.44 0.77 0.77 0.77 0.77 0.77 0.77 0.77 0.89 0.89 0.89 0.89 0.89 0.89 0.89 0.89
0.77 0.77 0.77 0.77 0.77 0.77 0.77 0.77 0.77 0.77 0.77 0.77 0.71 0.71 0.71 0.71 0.71 0.71 0.71 0.71 0.71 0.71 0.71 2.15 0.71 0.71 2.79 2.79 2.67 2.78 2.78 2.78 0.71 0.71 0.71 0.71 0.71 0.71 0.71 0.71 0.71 0.71 0.71 0.71 0.92 0.92 0.92 0.92 0.92 0.92 0.92 0.92 0.92 0.92 0.92 0.92 0.92 0.92 2.79 3.06 2.33 2.33 1.13 0.77 2.44 2.44 2.44 2.44 2.44 0.77 0.77 0.77 0.77 0.77 0.77 0.77 0.89 0.89 0.89 0.89 0.89 0.89 0.89 0.89
