New_Model_Runs/16_Future_RCP8.5_Scn3_out/post_prcessed_with_MFR/Monthly_summaries/interception_monthly_FEB.asc
NCOLS 700
NROWS 400
XLLCENTER 515000.000000
YLLCENTER 8409000.000000
CELLSIZE 50.000000
NODATA_value -999.000000
[rows 152 to 189 of 400, columns 252 to 335 of 700]
0.00 0.00 0.00 0.00 0.00 0.00 0.00 0.00 0.00 0.00 0.00 0.00 0.00 0.00 0.00 0.00 0.00 0.00 0.00 0.00 0.00 0.00 0.00 0.00 0.00 0.00 0.00 0.00 0.00 0.00 0.00 0.00 0.00 0.00 0.00 0.00 0.00 0.00 0.00 0.00 0.00 0.00 0.00 0.00 0.00 0.00 0.00 1.40 1.50 1.50 1.50 1.50 1.61 1.61 1.61 1.61 1.68 1.68 1.68 1.68 1.64 1.64 1.64 1.64 1.49 1.49 1.49 1.49 1.32 1.32 1.32 1.32 1.21 1.21 0.00 0.00 0.00 0.00 0.00 0.00 0.00 0.00 0.00 0.00
0.00 0.00 0.00 0.00 0.00 0.00 0.00 0.00 0.00 0.00 0.00 0.00 0.00 0.00 0.00 0.00 0.00 0.00 0.00 0.00 0.00 0.00 0.00 0.00 0.00 0.00 0.00 0.00 0.00 0.00 0.00 0.00 0.00 0.00 0.00 0.00 0.00 0.00 0.00 0.00 0.00 0.00 0.00 0.00 0.00 0.00 0.00 1.40 1.50 1.50 1.50 1.50 1.61 1.61 1.61 1.61 1.68 1.68 1.68 1.68 1.64 1.64 1.64 1.64 1.49 1.49 1.49 1.49 1.32 1.32 1.32 1.32 0.00 0.00 0.00 0.00 0.00 1.19 0.00 0.00 0.00 0.00 0.00 0.00
0.00 0.00 0.00 0.00 0.00 0.00 0.00 0.00 0.00 0.00 0.00 0.00 0.00 0.00 0.00 0.00 0.00 0.00 0.00 0.00 0.00 0.00 0.00 0.00 0.00 0.00 0.00 0.00 0.00 0.00 0.00 0.00 0.00 0.00 0.00 0.00 0.00 0.00 0.00 0.00 0.00 0.00 0.00 0.00 0.00 1.40 1.40 1.40 1.50 1.50 1.50 1.50 1.61 1.61 1.61 1.61 1.68 1.68 1.68 1.68 1.64 1.64 1.64 1.64 1.49 1.49 1.49 1.49 1.32 1.32 1.32 0.00 0.00 0.00 0.00 0.00 0.00 0.00 0.00 0.00 0.00 0.00 0.00 0.00
0.00 0.00 0.00 0.00 0.00 0.00 0.00 0.00 0.00 0.00 0.00 0.00 0.00 0.00 0.00 0.00 0.00 0.00 0.00 0.00 0.00 0.00 0.00 0.00 0.00 0.00 0.00 0.00 0.00 0.00 0.00 0.00 0.00 0.00 0.00 0.00 0.00 0.00 0.00 0.00 0.00 0.00 0.00 0.00 0.00 1.40 1.40 1.40 1.50 1.50 1.50 1.50 1.61 1.61 1.61 1.61 1.68 1.68 1.68 1.68 1.64 1.64 1.64 1.64 1.49 1.49 1.49 1.49 1.32 1.32 1.32 1.32 0.00 0.00 0.00 0.00 0.00 0.00 0.00 0.00 1.21 1.21 0.00 0.00
0.00 0.00 0.00 0.00 0.00 0.00 0.00 0.00 0.00 0.00 0.00 0.00 0.00 0.00 0.00 0.00 0.00 0.00 0.00 0.00 0.00 0.00 0.00 0.00 0.00 0.00 0.00 0.00 0.00 0.00 0.00 0.00 0.00 0.00 0.00 0.00 0.00 0.00 0.00 0.00 0.00 0.00 0.00 0.00 0.00 1.43 1.43 1.43 1.45 1.45 1.45 1.45 1.49 1.49 1.49 1.49 1.52 1.52 1.52 1.52 1.52 1.52 1.52 1.52 1.49 1.49 1.49 1.49 1.33 1.33 1.33 1.33 1.21 1.21 0.00 0.00 0.00 1.22 0.00 0.00 1.25 0.00 0.00 1.25
0.00 0.00 0.00 0.00 0.00 0.00 0.00 0.00 0.00 0.00 0.00 0.00 0.00 0.00 0.00 0.00 0.00 0.00 0.00 0.00 0.00 0.00 0.00 0.00 0.00 0.00 0.00 0.00 0.00 0.00 0.00 0.00 0.00 0.00 0.00 0.00 0.00 0.00 0.00 0.00 0.00 0.00 0.00 0.00 0.00 1.43 1.43 1.43 1.45 1.45 1.45 1.45 1.49 1.49 1.49 1.49 1.52 1.52 1.52 1.52 1.52 1.52 1.52 1.52 1.49 1.49 1.49 1.49 1.33 1.33 1.33 1.19 1.21 1.21 0.00 0.00 0.00 1.22 1.13 1.22 0.00 0.00 1.25 1.25
0.00 0.00 0.00 0.00 0.00 0.00 0.00 0.00 0.00 0.00 0.00 0.00 0.00 0.00 0.00 0.00 0.00 0.00 0.00 0.00 0.00 0.00 0.00 0.00 0.00 0.00 0.00 1.50 0.00 0.00 0.00 0.00 0.00 0.00 0.00 0.00 0.00 0.00 0.00 0.00 0.00 0.00 0.00 0.00 1.43 1.43 1.43 1.43 1.45 1.45 1.45 1.45 1.49 1.49 1.49 1.49 1.52 1.52 1.52 1.52 1.52 1.52 1.52 1.52 1.49 1.49 1.49 1.49 1.33 1.33 1.33 0.00 0.00 0.00 0.00 0.00 0.00 1.22 1.22 1.22 1.25 1.25 1.25 1.25
0.00 0.00 0.00 0.00 0.00 0.00 0.00 0.00 0.00 0.00 0.00 0.00 0.00 0.00 0.00 0.00 0.00 0.00 0.00 0.00 0.00 0.00 0.00 0.00 0.00 0.00 1.50 1.50 0.00 0.00 0.00 0.00 0.00 0.00 0.00 0.00 0.00 0.00 0.00 0.00 0.00 0.00 0.00 0.00 0.00 0.00 1.43 1.43 1.45 1.45 1.45 1.45 1.49 1.49 1.49 1.49 1.52 1.52 1.52 1.52 1.52 1.52 1.52 1.52 1.49 1.49 1.49 1.49 1.33 1.33 1.33 0.00 0.00 0.00 0.00 0.00 0.00 0.00 0.00 1.22 1.25 1.25 1.25 1.25
0.00 0.00 0.00 0.00 0.00 0.00 0.00 0.00 0.00 0.00 0.00 0.00 0.00 0.00 0.00 0.00 0.00 0.00 0.00 0.00 0.00 0.00 0.00 0.00 0.00 1.48 1.48 1.48 1.51 0.00 0.00 0.00 0.00 0.00 0.00 0.00 0.00 0.00 0.00 0.00 0.00 0.00 0.00 0.00 0.00 0.00 0.00 0.00 1.31 1.31 1.31 1.31 1.33 1.33 1.33 1.33 1.36 1.36 1.36 1.36 1.43 1.43 1.43 1.43 1.48 1.48 1.48 1.48 1.37 1.37 0.00 0.00 0.00 0.00 0.00 0.00 0.00 0.00 1.23 1.23 1.30 1.30 1.30 1.30
0.00 0.00 0.00 0.00 0.00 0.00 0.00 0.00 0.00 0.00 0.00 0.00 0.00 0.00 0.00 0.00 0.00 0.00 0.00 0.00 0.00 0.00 0.00 0.00 0.00 1.48 1.48 1.48 1.51 1.51 0.00 0.00 0.00 0.00 0.00 0.00 0.00 0.00 0.00 0.00 0.00 0.00 0.00 0.00 0.00 0.00 0.00 0.00 0.00 0.00 0.00 1.31 1.33 1.33 1.33 1.33 1.36 1.36 1.36 1.36 1.43 1.43 1.43 1.43 1.48 1.48 1.48 1.48 1.37 1.31 0.00 0.00 0.00 0.00 0.00 0.00 0.00 0.00 0.00 1.23 1.30 1.30 1.30 1.30
0.00 0.00 0.00 0.00 0.00 0.00 0.00 0.00 0.00 0.00 0.00 0.00 0.00 0.00 0.00 0.00 0.00 0.00 0.00 0.00 0.00 0.00 0.00 0.00 0.00 1.48 1.48 1.48 1.51 1.51 1.51 0.00 0.00 0.00 0.00 0.00 0.00 0.00 0.00 0.00 0.00 0.00 0.00 0.00 0.00 0.00 0.00 0.00 0.00 0.00 0.00 1.31 1.33 1.33 1.33 1.33 1.35 1.35 1.35 1.35 1.42 1.42 1.42 1.42 1.47 1.47 1.47 1.47 0.00 0.00 0.00 0.00 0.00 0.00 0.00 0.00 0.00 0.00 0.00 1.23 1.30 1.30 1.30 1.30
0.00 0.00 0.00 0.00 0.00 0.00 0.00 0.00 0.00 0.00 0.00 0.00 0.00 0.00 0.00 0.00 0.00 0.00 0.00 0.00 0.00 0.00 0.00 0.00 1.48 1.48 1.48 1.48 1.51 1.51 1.51 1.51 1.50 0.00 1.50 1.50 0.00 0.00 0.00 0.00 0.00 0.00 0.00 0.00 0.00 0.00 0.00 0.00 0.00 0.00 0.00 1.31 1.33 1.33 1.33 1.33 1.35 1.35 1.35 1.35 1.42 1.42 1.42 1.42 1.47 1.47 1.47 1.47 1.37 0.00 0.00 0.00 0.00 0.00 0.00 0.00 0.00 0.00 0.00 1.23 1.30 1.30 1.30 1.30
0.00 0.00 0.00 0.00 0.00 0.00 0.00 0.00 0.00 0.00 0.00 0.00 0.00 0.00 0.00 0.00 0.00 0.00 0.00 0.00 0.00 0.00 0.00 1.41 1.55 1.55 1.55 1.55 1.60 1.60 1.60 1.32 1.50 1.50 1.50 1.50 1.39 0.00 0.00 0.00 0.00 0.00 0.00 0.00 0.00 0.00 0.00 0.00 0.00 0.00 0.00 0.00 0.00 0.00 0.00 0.00 1.23 1.23 1.23 1.23 1.32 1.32 1.32 1.32 1.46 1.46 0.00 1.46 1.44 1.44 0.00 0.00 0.00 0.00 0.00 0.00 0.00 1.25 0.00 1.25 0.00 1.30 1.30 1.30
0.00 0.00 0.00 0.00 0.00 0.00 0.00 0.00 0.00 0.00 0.00 0.00 0.00 0.00 0.00 0.00 0.00 0.00 0.00 0.00 1.41 1.41 1.41 1.41 1.55 1.55 1.55 1.55 1.60 1.60 1.60 1.60 0.00 0.00 0.00 1.50 1.39 1.39 1.39 0.00 0.00 0.00 0.00 0.00 0.00 0.00 0.00 0.00 0.00 0.00 0.00 0.00 0.00 0.00 0.00 0.00 0.00 0.00 1.23 1.23 1.32 1.32 1.32 1.32 1.46 1.46 1.46 1.46 1.44 1.44 1.44 0.00 0.00 0.00 0.00 0.00 1.15 1.25 1.25 1.25 0.00 1.30 1.30 1.30
0.00 0.00 0.00 0.00 0.00 0.00 0.00 0.00 0.00 0.00 0.00 0.00 0.00 0.00 0.00 0.00 0.00 1.34 0.00 0.00 1.41 1.41 1.41 1.41 1.55 1.55 1.55 1.55 1.60 1.60 1.60 1.60 1.50 0.00 1.50 1.50 1.39 1.21 0.00 0.00 1.19 0.00 0.00 0.00 0.00 0.00 0.00 0.00 0.00 0.00 0.00 0.00 0.00 0.00 0.00 0.00 0.00 0.00 1.23 1.23 1.32 1.18 1.32 1.32 1.46 1.46 1.46 1.46 1.44 1.44 1.44 1.44 0.00 0.00 0.00 0.00 1.25 1.25 1.25 1.25 1.30 1.30 1.30 1.30
0.00 0.00 0.00 0.00 0.00 0.00 0.00 0.00 0.00 0.00 0.00 0.00 0.00 0.00 0.00 0.00 1.34 1.34 1.34 1.34 1.41 1.41 1.41 1.41 1.55 1.55 1.55 1.55 1.60 1.60 1.60 1.60 1.50 1.50 1.50 1.50 1.39 1.39 1.39 0.00 1.34 0.00 0.00 0.00 0.00 0.00 0.00 0.00 0.00 0.00 0.00 0.00 0.00 0.00 0.00 0.00 0.00 0.00 0.00 1.23 1.32 1.32 1.32 1.32 1.46 1.46 1.46 1.46 1.44 1.44 1.44 1.44 0.00 0.00 0.00 1.30 1.25 1.25 1.25 1.25 1.30 1.30 1.30 1.30
0.00 0.00 0.00 0.00 0.00 0.00 0.00 0.00 0.00 0.00 0.00 0.00 0.00 0.00 1.34 1.34 1.37 1.37 1.37 1.37 1.50 1.50 1.50 1.50 1.66 1.66 1.66 1.66 1.60 1.60 1.60 1.60 1.43 1.43 1.43 1.43 1.29 1.29 1.29 1.29 1.22 0.00 0.00 0.00 0.00 0.00 0.00 0.00 0.00 0.00 0.00 0.00 0.00 0.00 0.00 0.00 0.00 0.00 1.19 1.19 1.26 1.26 1.26 1.26 1.42 1.42 1.42 1.42 1.51 1.51 1.51 1.51 0.00 0.00 0.00 1.41 1.32 1.32 1.32 1.32 1.31 1.31 1.31 1.31
0.00 0.00 0.00 0.00 0.00 0.00 0.00 0.00 0.00 0.00 0.00 0.00 0.00 1.34 1.34 1.34 1.37 1.37 1.37 1.37 1.50 1.50 1.50 1.50 1.66 1.66 1.66 1.66 1.60 1.60 1.60 1.60 1.43 1.43 1.43 1.43 0.00 1.29 1.29 0.00 0.00 0.00 0.00 0.00 0.00 0.00 0.00 0.00 0.00 0.00 1.21 1.21 0.00 0.00 0.00 0.00 0.00 0.00 0.00 1.19 1.15 1.15 1.26 1.26 1.42 1.42 1.42 1.42 1.51 1.51 1.51 1.51 1.41 1.41 0.00 1.41 1.32 1.32 1.32 1.32 1.31 1.31 1.31 1.31
0.00 0.00 0.00 0.00 0.00 0.00 0.00 0.00 0.00 0.00 0.00 0.00 1.34 1.34 1.34 1.34 1.37 1.37 1.37 1.37 1.50 1.50 1.50 1.50 1.66 1.66 1.66 1.66 1.60 1.60 1.60 1.60 1.43 1.43 1.43 1.43 0.00 0.00 0.00 0.00 0.00 0.00 0.00 0.00 0.00 0.00 0.00 0.00 0.00 1.21 1.21 1.21 0.00 0.00 0.00 0.00 0.00 0.00 0.00 0.00 0.00 1.26 1.26 1.26 1.42 1.42 1.42 1.42 1.51 1.51 1.51 1.51 1.41 1.41 1.41 1.41 1.32 1.32 1.32 1.32 1.31 1.31 1.31 1.31
0.00 0.00 0.00 0.00 0.00 0.00 0.00 0.00 0.00 0.00 0.00 0.00 1.34 1.34 1.34 1.34 1.37 1.37 1.37 1.37 1.50 1.50 1.50 1.50 1.66 1.66 1.66 1.66 1.60 1.60 1.60 1.60 1.43 1.43 0.00 1.43 1.29 0.00 0.00 0.00 0.00 0.00 0.00 0.00 0.00 0.00 0.00 0.00 1.21 1.21 1.21 1.21 1.21 0.00 0.00 0.00 0.00 0.00 0.00 0.00 0.00 0.00 1.26 1.26 1.42 1.42 1.42 1.42 1.51 1.51 1.51 1.51 1.41 1.41 1.41 1.41 1.32 1.32 1.32 1.32 1.31 1.31 1.31 1.31
0.00 0.00 0.00 0.00 0.00 0.00 0.00 0.00 0.00 0.00 1.30 1.30 1.36 1.36 1.36 1.36 1.46 1.46 1.46 1.46 1.65 1.65 1.65 1.65 1.66 1.66 1.66 1.66 1.43 1.43 1.43 1.43 1.28 1.28 1.28 1.28 1.21 1.12 1.12 0.00 0.00 0.00 0.00 0.00 0.00 0.00 0.00 0.00 0.00 1.21 1.21 1.21 1.24 1.24 0.00 0.00 0.00 0.00 0.00 1.13 0.00 0.00 1.24 1.24 1.37 1.37 1.37 1.37 1.55 1.55 1.55 1.55 1.55 1.55 1.55 1.55 1.42 1.42 1.42 1.42 1.44 1.44 1.44 1.44
0.00 0.00 0.00 0.00 0.00 0.00 0.00 0.00 0.00 0.00 1.37 1.37 1.36 1.36 1.36 1.36 1.46 1.46 1.46 1.46 1.65 1.65 1.65 1.65 1.66 1.66 1.66 1.66 1.43 1.43 1.43 1.43 1.28 1.28 1.28 1.28 1.21 1.21 1.12 1.12 0.00 0.00 0.00 0.00 0.00 0.00 0.00 0.00 1.21 1.21 1.21 1.21 1.24 1.24 1.24 0.00 0.00 0.00 1.22 1.22 1.24 1.14 1.24 1.24 1.37 1.37 1.37 1.37 1.55 1.55 1.55 1.55 1.55 1.55 1.55 1.55 1.42 1.42 1.42 1.42 1.44 1.44 1.44 1.44
0.00 0.00 0.00 0.00 0.00 0.00 0.00 0.00 0.00 0.00 0.00 1.37 1.42 1.36 1.36 1.36 1.46 1.46 1.46 1.46 1.65 1.65 1.65 1.65 1.66 1.66 1.66 1.66 1.43 1.43 1.43 1.43 1.28 1.28 1.28 1.28 1.21 1.21 1.21 0.00 0.00 0.00 0.00 0.00 0.00 0.00 0.00 0.00 0.00 0.00 0.00 0.00 1.24 1.24 1.24 1.24 0.00 0.00 1.13 1.22 1.24 1.24 1.24 1.24 1.37 1.37 1.37 1.37 1.55 1.55 1.55 1.55 1.55 1.55 1.55 1.55 1.42 1.42 1.42 1.42 1.44 1.44 1.44 1.44
0.00 0.00 0.00 0.00 0.00 0.00 0.00 0.00 0.00 0.00 0.00 1.37 1.42 1.42 1.42 1.36 1.46 1.46 1.46 1.46 1.65 1.65 1.65 1.65 1.66 1.66 1.66 1.66 1.43 1.43 1.43 1.43 1.28 1.28 1.28 1.28 1.21 1.21 1.21 0.00 0.00 0.00 0.00 0.00 0.00 0.00 0.00 0.00 0.00 0.00 0.00 0.00 1.24 1.24 1.24 1.24 1.22 0.00 0.00 0.00 1.24 1.24 1.24 1.24 1.37 1.37 1.37 1.37 1.55 1.55 1.55 1.55 1.55 1.55 1.55 1.55 1.42 1.42 1.42 1.42 1.44 1.44 1.44 1.44
0.00 0.00 0.00 0.00 0.00 0.00 0.00 0.00 0.00 0.00 0.00 1.38 1.43 1.43 1.43 1.43 1.53 1.53 1.53 1.53 1.67 1.67 1.67 1.67 1.51 1.51 1.51 1.51 1.28 1.28 1.28 1.28 1.20 1.20 0.00 1.20 1.16 1.16 1.16 0.00 0.00 0.00 0.00 0.00 0.00 0.00 0.00 1.11 1.21 0.00 1.12 1.21 1.28 1.28 1.28 1.28 1.31 1.31 1.31 1.31 0.00 1.31 1.31 1.31 1.41 1.41 1.41 1.41 1.62 1.62 1.62 1.62 1.62 1.62 1.62 1.62 1.49 1.49 1.49 1.49 1.48 1.48 1.48 1.48
0.00 0.00 0.00 0.00 0.00 0.00 0.00 0.00 0.00 0.00 0.00 1.38 1.43 1.43 1.43 1.43 1.56 1.53 1.53 1.53 1.67 1.67 1.67 1.67 1.51 1.51 1.51 1.51 1.28 1.28 1.28 1.28 1.20 1.20 0.00 1.20 0.00 1.16 0.00 0.00 0.00 0.00 0.00 0.00 0.00 0.00 0.00 1.18 1.21 1.21 1.21 1.21 1.28 1.28 1.28 1.28 1.31 1.31 1.31 1.31 1.31 1.31 1.31 1.31 1.41 1.41 1.41 1.41 1.62 1.62 1.62 1.62 1.62 1.62 1.62 1.62 1.49 1.49 1.49 1.49 1.48 1.48 1.48 1.48
0.00 0.00 0.00 0.00 1.39 0.00 0.00 0.00 0.00 0.00 0.00 1.40 1.46 1.46 1.46 1.46 1.60 1.60 1.60 1.57 1.71 1.71 1.71 1.71 1.54 1.54 1.54 1.54 1.30 1.30 1.30 1.30 1.21 1.21 1.21 1.13 1.17 1.17 0.00 0.00 0.00 0.00 0.00 0.00 0.00 0.00 1.18 1.18 1.22 1.22 1.22 1.22 1.29 1.29 1.29 1.29 1.33 1.33 1.33 1.33 1.33 1.33 1.33 1.33 1.43 1.43 1.43 1.43 1.67 1.67 1.67 1.67 1.67 1.67 1.67 1.67 1.52 1.52 1.52 1.52 1.51 1.51 1.51 1.51
0.00 0.00 0.00 1.41 1.39 1.39 0.00 0.00 0.00 0.00 1.40 1.40 1.46 1.46 1.46 1.46 1.60 1.60 1.60 1.60 1.71 1.71 1.71 1.71 1.54 1.54 1.54 1.54 1.30 1.30 1.30 1.30 1.21 1.21 1.21 1.21 1.17 1.17 0.00 1.17 0.00 0.00 0.00 0.00 0.00 0.00 1.18 1.18 1.22 1.22 1.22 1.22 1.29 1.29 1.29 1.29 1.33 1.33 1.33 1.33 1.33 1.33 1.33 1.33 1.43 1.43 1.43 1.43 1.67 1.67 1.67 1.67 1.67 1.67 1.67 1.67 1.52 1.52 1.52 1.52 1.51 1.51 1.51 1.51
1.41 0.00 1.41 1.41 1.39 1.39 1.39 1.39 1.38 1.38 1.21 1.38 1.42 1.42 1.42 1.42 1.54 1.54 1.54 1.54 1.64 1.64 1.63 1.63 1.49 1.49 1.49 1.49 1.29 1.29 1.29 1.29 1.19 1.19 1.19 1.19 1.14 0.00 0.00 0.00 0.00 0.00 0.00 0.00 0.00 0.00 1.17 1.17 1.25 1.25 1.25 1.25 1.38 1.38 1.38 1.38 1.54 1.54 1.54 1.54 1.61 1.61 1.61 1.61 1.67 1.67 1.67 1.67 1.73 1.73 1.73 1.73 1.63 1.63 1.63 1.63 1.58 1.58 1.58 1.58 1.53 1.53 1.53 1.53
1.41 1.41 1.41 1.41 1.39 1.39 1.39 1.39 1.38 1.38 1.38 1.38 1.42 1.42 1.42 1.42 1.54 1.54 1.54 1.54 1.64 1.64 1.64 1.63 1.49 1.49 1.49 1.49 1.29 1.29 1.29 1.29 1.19 1.19 1.19 1.19 0.00 0.00 0.00 0.00 0.00 0.00 0.00 0.00 0.00 0.00 1.17 1.17 1.25 1.25 1.25 1.25 1.38 1.38 1.38 1.38 1.54 1.54 1.54 1.54 1.61 1.61 1.61 1.61 1.67 1.67 1.67 1.67 1.73 1.73 1.73 1.73 1.63 0.00 1.63 1.63 1.58 1.58 1.58 1.58 1.53 1.53 1.53 0.00
1.41 1.41 1.41 1.41 1.39 1.39 1.39 1.39 1.38 1.38 1.38 1.38 1.42 1.42 1.42 1.42 1.54 1.54 1.54 1.54 1.64 1.64 1.64 1.64 1.54 1.49 1.49 1.49 1.29 1.29 1.29 1.29 1.19 1.19 1.19 1.19 0.00 0.00 0.00 0.00 0.00 0.00 0.00 0.00 0.00 0.00 0.00 1.17 1.25 1.25 1.25 1.25 1.38 1.38 1.38 1.38 1.54 1.54 1.54 1.54 1.61 1.61 1.61 1.61 1.67 1.67 1.67 1.67 1.73 1.73 1.73 1.73 1.63 1.63 1.63 1.63 1.58 1.58 1.58 1.58 1.53 1.53 0.00 0.00
1.41 1.41 1.41 1.41 1.39 1.39 1.39 1.39 1.38 1.38 1.38 1.38 1.42 1.42 1.42 1.42 1.54 1.54 1.54 1.54 1.64 1.64 1.64 1.64 1.54 1.54 1.49 1.49 1.29 1.29 1.29 1.29 1.19 1.19 1.19 1.19 1.14 1.14 1.14 0.00 0.00 1.14 1.14 0.00 0.00 0.00 0.00 1.17 1.25 1.25 1.25 1.25 1.38 1.38 1.38 1.38 1.54 1.54 1.54 1.54 1.61 1.61 1.61 1.61 1.67 1.67 1.67 1.67 1.73 1.73 1.73 1.73 1.63 1.63 1.63 1.63 1.58 1.58 0.00 0.00 1.53 1.53 0.00 0.00
1.43 1.43 1.43 1.43 1.42 1.42 1.42 1.42 1.40 1.40 1.40 1.40 1.42 1.42 1.42 1.42 1.49 1.49 1.49 1.49 1.59 1.59 1.59 1.59 1.58 1.58 1.58 1.58 1.34 1.34 1.34 1.34 1.20 1.20 1.20 1.20 1.16 1.16 0.75 0.00 0.00 1.14 1.14 0.00 0.00 0.00 0.00 1.18 1.35 1.35 1.35 1.35 1.62 1.62 1.62 1.62 1.76 1.76 1.76 1.76 1.73 1.73 1.73 1.73 1.68 1.68 1.68 1.68 1.58 1.58 1.58 1.58 1.51 1.51 1.51 1.51 1.57 1.57 1.57 1.57 0.00 0.00 0.00 0.00
1.43 1.43 1.43 1.43 1.42 1.42 1.42 1.42 1.40 1.40 1.40 1.40 1.42 1.42 1.42 1.42 1.49 1.49 1.49 1.49 1.59 1.59 1.59 1.59 1.58 1.58 1.58 1.58 1.42 1.34 1.34 1.34 1.20 1.20 1.20 1.20 1.16 1.16 1.16 0.00 0.00 1.14 1.14 0.00 0.00 0.00 0.00 1.18 1.35 1.35 1.35 1.35 1.62 1.62 1.62 1.62 1.76 1.76 1.76 1.76 1.73 1.73 1.73 1.73 1.68 1.68 1.68 1.68 1.58 1.58 1.58 1.58 1.51 1.51 1.51 1.51 1.57 1.57 1.57 1.57 0.00 0.00 0.00 0.00
1.43 1.43 1.43 1.43 1.42 1.42 1.42 1.42 1.40 1.40 1.40 1.40 1.42 1.42 1.42 1.42 1.49 1.49 1.49 1.49 1.59 1.59 1.59 1.59 1.58 1.58 1.58 1.58 1.42 1.42 1.34 1.34 1.20 1.20 1.20 1.20 1.16 1.16 1.16 0.00 0.00 0.00 1.14 0.00 1.18 1.18 1.18 1.18 1.35 1.35 1.35 1.35 1.62 1.62 1.62 1.62 1.76 1.76 1.76 1.76 1.73 1.73 1.73 1.73 1.68 1.68 1.68 1.68 1.58 1.58 1.58 1.58 1.51 1.51 1.51 1.51 1.57 1.57 1.57 1.57 0.00 0.00 0.00 0.00
1.43 1.43 1.43 1.43 1.42 1.42 1.42 1.42 1.40 1.40 1.40 1.40 1.42 1.42 1.42 1.42 1.49 1.49 1.49 1.49 1.59 1.59 1.59 1.59 1.58 1.58 1.58 1.58 1.42 1.42 1.42 1.42 1.20 1.20 1.20 1.20 1.16 1.16 1.16 0.00 0.00 0.00 1.14 1.14 1.18 1.18 1.18 1.18 1.35 1.35 1.35 1.35 1.62 1.62 1.62 1.62 1.76 1.76 1.76 1.76 1.73 1.73 1.73 1.73 1.68 1.68 1.68 1.68 1.58 1.58 1.58 1.58 1.51 1.51 1.51 1.51 1.57 1.57 1.57 1.57 0.00 0.00 0.00 0.00
1.49 1.49 1.49 1.49 1.46 1.46 1.46 1.46 1.49 1.49 1.49 1.49 1.56 1.56 1.56 1.56 1.61 1.61 1.61 1.61 1.63 1.63 1.63 1.63 1.60 1.60 1.60 1.60 1.49 1.49 1.49 1.49 1.40 1.31 1.31 1.31 1.25 1.25 1.25 1.25 1.22 1.22 1.22 1.22 1.33 1.33 1.33 1.33 1.57 1.57 1.57 1.57 1.77 1.77 0.00 1.77 1.69 1.69 1.69 1.69 1.56 1.56 1.56 1.56 1.49 1.49 1.49 1.49 1.44 1.44 1.44 1.44 1.46 1.46 1.46 1.46 1.50 1.50 1.50 1.50 0.00 0.00 0.00 0.00
1.49 1.49 1.49 1.49 1.46 1.46 1.46 1.46 1.49 1.49 1.49 1.49 1.56 1.56 1.56 1.56 1.61 1.61 1.61 1.61 1.63 1.63 1.63 1.63 1.60 1.60 1.60 1.60 1.49 1.49 1.49 1.49 1.40 1.40 1.40 1.31 1.25 1.25 1.25 1.25 1.22 1.22 1.22 1.22 1.33 1.33 1.33 1.33 1.57 1.57 1.57 1.57 1.77 1.77 1.77 1.77 1.69 1.69 1.69 1.69 1.56 1.56 1.56 1.56 1.49 1.49 1.49 1.49 1.44 1.44 1.44 1.44 1.46 1.46 1.46 1.46 1.50 1.50 1.50 1.50 1.58 0.00 0.00 0.00
