New_Model_Runs/16_Future_RCP8.5_Scn3_out/post_prcessed_with_MFR/Monthly_summaries/interception_monthly_NOV.asc
NCOLS 700
NROWS 400
XLLCENTER 515000.000000
YLLCENTER 8409000.000000
CELLSIZE 50.000000
NODATA_value -999.000000
[rows 114 to 151 of 400, columns 420 to 503 of 700]
1.22 1.22 1.22 1.22 1.16 1.16 1.16 1.65 1.66 1.66 1.66 1.66 1.61 1.61 1.61 1.61 1.42 1.42 1.42 1.42 1.24 1.24 0.00 0.00 1.21 1.21 0.00 0.00 0.00 0.00 0.00 0.00 0.00 0.00 0.76 0.76 0.83 0.83 0.83 0.83 0.95 0.95 0.95 0.95 1.10 1.10 1.10 1.10 1.09 1.09 1.09 1.09 0.87 0.87 0.87 0.87 0.71 0.00 0.00 0.00 0.00 0.61 0.69 0.69 0.73 0.00 0.00 0.00 0.00 0.00 0.75 0.90 1.07 1.07 1.07 1.07 1.01 1.01 1.01 1.01 0.87 0.87 0.87 0.87
1.22 1.22 1.22 1.22 1.16 1.16 1.16 1.16 1.66 1.66 1.66 1.66 1.61 1.61 1.61 1.61 1.42 1.42 1.42 1.42 1.24 1.24 1.24 1.24 1.21 0.00 1.15 1.21 0.00 0.00 0.00 0.00 0.76 0.76 0.00 0.76 0.83 0.83 0.83 0.83 0.95 0.95 0.95 0.95 1.10 1.10 1.10 1.10 1.09 1.09 1.09 1.09 0.87 0.87 0.87 0.87 0.63 0.00 0.00 0.00 0.00 0.69 0.69 0.69 0.73 0.00 0.00 0.00 0.00 0.00 0.00 0.90 1.07 1.07 1.07 1.07 1.01 1.01 1.01 1.01 0.87 0.87 0.87 0.87
1.03 1.03 1.03 1.03 0.98 0.98 0.98 0.98 1.52 1.52 1.52 1.52 1.51 1.51 1.51 1.51 1.44 1.44 1.44 1.44 1.32 1.32 1.32 1.32 1.29 1.29 1.29 1.29 1.28 1.28 0.00 0.00 0.00 0.00 0.00 0.75 0.79 0.79 0.79 0.79 0.90 0.90 0.90 0.90 1.05 1.05 1.05 1.05 1.07 1.07 1.07 1.07 0.89 0.89 0.89 0.89 0.76 0.00 0.00 0.00 0.00 0.00 0.73 0.73 0.79 0.79 0.79 0.79 0.73 0.00 0.00 0.95 1.10 1.10 1.10 1.10 1.05 1.05 1.05 1.05 1.05 1.05 1.05 1.05
1.03 1.03 1.03 1.03 0.98 0.98 0.98 0.98 1.03 1.52 1.52 1.52 1.51 1.51 1.51 1.51 1.44 1.44 1.44 1.44 1.32 1.32 1.32 1.32 1.29 1.29 1.29 0.00 1.28 0.00 0.00 0.00 0.00 0.00 0.75 0.75 0.00 0.79 0.79 0.79 0.90 0.90 0.90 0.90 1.05 1.05 1.05 1.05 1.07 1.07 1.07 1.07 0.89 0.89 0.89 0.89 0.76 0.76 0.76 0.76 0.73 0.73 0.64 0.73 0.79 0.79 0.79 0.79 0.92 0.92 0.95 0.95 1.10 1.10 1.10 1.10 1.05 1.05 1.05 1.05 1.05 1.05 1.05 1.05
1.03 1.03 1.03 1.03 0.98 0.98 0.98 0.98 1.03 1.52 1.52 1.52 1.51 1.51 1.51 1.51 1.44 1.44 1.44 1.44 1.32 1.32 1.32 1.32 1.29 1.29 1.29 1.29 0.00 0.00 0.00 0.00 0.00 0.75 0.75 0.75 0.79 0.79 0.79 0.79 0.90 0.90 0.90 0.90 1.05 1.05 1.05 1.05 1.07 1.07 1.07 1.07 0.89 0.89 0.89 0.89 0.76 0.76 0.76 0.76 0.73 0.73 0.64 0.73 0.79 0.79 0.79 0.79 0.92 0.92 0.95 0.95 1.10 1.10 1.10 1.10 1.05 1.05 1.05 1.05 1.05 1.05 1.05 1.05
1.03 1.03 1.03 1.03 0.98 0.98 0.98 0.98 1.03 1.52 1.52 1.52 1.51 1.51 1.51 1.51 1.44 1.44 1.44 1.44 1.32 1.32 1.32 1.32 1.29 1.29 1.29 1.29 1.28 0.76 0.76 0.76 0.75 0.00 0.75 0.75 0.79 0.79 0.79 0.79 0.90 0.90 0.90 0.90 1.05 1.05 1.05 1.05 1.07 1.07 1.07 1.07 0.89 0.89 0.89 0.89 0.76 0.76 0.76 0.76 0.73 0.73 0.73 0.73 0.79 0.79 0.79 0.79 0.92 0.92 0.95 0.95 1.10 1.10 1.10 1.10 1.05 1.05 1.05 1.05 1.05 1.05 1.05 1.05
0.76 0.76 0.76 0.76 0.77 0.77 0.77 0.77 0.82 0.82 1.31 1.31 1.36 1.36 1.36 1.36 1.45 1.45 1.45 1.45 1.47 1.47 1.47 1.47 1.38 1.38 1.38 1.38 1.30 0.78 0.78 0.78 0.00 0.00 0.75 0.75 0.82 0.82 0.82 0.82 0.93 0.93 0.93 0.93 1.01 1.01 1.01 1.01 1.02 1.02 1.02 1.02 0.96 0.96 0.96 0.96 0.89 0.89 0.89 0.89 0.84 0.84 0.84 0.84 0.94 0.94 0.94 0.94 1.04 1.04 1.07 1.07 1.15 1.15 1.15 1.15 1.19 1.19 1.19 1.19 1.25 1.25 1.25 1.25
0.76 0.76 0.76 0.76 0.77 0.77 0.77 0.77 0.82 0.82 1.31 1.31 1.36 1.36 1.36 1.36 1.45 1.45 1.45 1.45 1.47 1.47 1.47 1.47 1.38 1.38 1.38 1.38 1.30 0.78 0.78 0.00 0.00 0.00 0.75 0.75 0.82 0.82 0.82 0.82 0.93 0.93 0.93 0.93 1.01 1.01 1.01 1.01 1.02 1.02 1.02 1.02 0.96 0.96 0.96 0.96 0.89 0.89 0.89 0.89 0.84 0.84 0.84 0.84 0.94 0.94 0.94 0.94 1.04 1.04 1.07 1.07 1.15 1.15 1.15 1.15 1.19 1.19 1.19 1.19 1.25 1.25 1.25 1.25
0.76 0.76 0.76 0.76 0.77 0.77 0.77 0.68 0.82 0.82 0.82 1.31 1.36 1.36 1.36 1.36 1.45 1.45 1.45 1.45 1.47 1.47 1.47 1.47 1.38 1.38 1.38 1.38 1.30 0.78 0.66 0.00 0.00 0.00 0.75 0.75 0.82 0.82 0.82 0.82 0.93 0.93 0.93 0.93 1.01 1.01 1.01 1.01 1.02 1.02 1.02 1.02 0.96 0.96 0.96 0.96 0.89 0.89 0.89 0.89 0.84 0.84 0.84 0.84 0.94 0.94 0.94 0.94 1.04 1.04 1.07 1.07 1.15 1.15 1.15 1.15 1.19 1.19 1.19 1.19 1.25 1.25 1.25 1.25
0.76 0.76 0.76 0.76 0.77 0.77 0.77 0.77 0.82 0.82 0.82 1.31 1.36 1.36 1.36 1.36 1.45 1.45 1.45 1.45 1.47 1.47 1.47 1.47 1.38 1.38 1.38 1.38 1.30 0.78 0.78 0.00 0.00 0.00 0.75 0.00 0.82 0.82 0.82 0.82 0.93 0.93 0.93 0.93 1.01 1.01 1.01 1.01 1.02 1.02 1.02 1.02 0.96 0.96 0.96 0.96 0.89 0.89 0.89 0.89 0.84 0.84 0.84 0.84 0.94 0.94 0.94 0.94 1.04 1.04 1.07 1.07 1.15 1.15 1.15 1.15 1.19 1.19 1.19 1.19 1.25 1.25 1.25 1.25
0.70 0.70 0.00 0.70 0.68 0.68 0.68 0.68 0.64 0.00 0.00 0.69 1.23 1.23 1.23 1.23 1.32 1.32 1.32 1.32 1.47 1.47 0.64 1.47 1.48 1.48 1.48 1.48 1.37 0.86 0.86 0.00 0.00 0.00 0.00 0.00 0.85 0.85 0.85 0.85 0.91 0.91 0.91 0.91 0.94 0.94 0.94 0.94 1.00 1.00 1.00 1.00 1.03 1.03 1.03 1.03 1.00 1.00 1.00 1.00 1.00 1.00 1.00 1.00 1.10 1.10 1.10 1.10 1.14 1.14 1.18 1.18 1.19 1.19 1.19 1.19 1.17 1.17 1.17 1.17 1.15 1.15 1.15 1.15
0.65 0.00 0.70 0.65 0.68 0.00 0.00 0.64 0.00 0.00 0.00 0.00 1.23 1.23 1.23 1.23 1.21 1.32 1.32 0.00 1.28 1.47 1.47 1.47 1.48 1.48 1.48 1.48 1.37 0.86 0.86 0.86 0.00 0.00 0.00 0.00 0.85 0.85 0.85 0.85 0.91 0.91 0.91 0.91 0.94 0.94 0.94 0.94 1.00 1.00 1.00 1.00 1.03 1.03 1.03 1.03 1.00 1.00 1.00 1.00 1.00 1.00 1.00 1.00 1.10 1.10 1.10 1.10 1.14 1.14 1.18 1.18 1.19 1.19 1.19 1.19 1.17 1.17 1.17 1.17 1.15 1.15 1.15 1.15
0.00 0.00 0.00 0.00 0.00 0.00 0.68 0.68 0.00 0.00 0.00 0.00 0.00 0.00 0.00 0.00 0.00 1.32 0.00 0.00 1.47 1.47 1.47 1.47 1.48 1.48 1.48 1.48 1.37 0.86 0.86 0.86 0.81 0.00 0.00 0.00 0.85 0.85 0.85 0.85 0.91 0.91 0.91 0.91 0.94 0.94 0.94 0.94 1.00 1.00 1.00 1.00 1.03 1.03 1.03 1.03 1.00 1.00 1.00 1.00 1.00 1.00 1.00 1.00 1.10 1.10 1.10 1.10 1.14 1.14 1.18 1.18 1.19 1.19 1.19 1.19 1.17 1.17 1.17 1.17 1.15 1.15 1.15 1.15
0.00 0.00 0.00 0.00 0.00 0.00 0.00 0.00 0.00 0.00 0.00 0.00 0.00 0.00 0.00 1.23 1.32 1.32 1.32 0.00 0.00 1.47 1.47 1.47 1.48 1.48 1.48 1.48 1.37 0.86 0.86 0.86 0.81 0.81 0.81 0.00 0.00 0.85 0.85 0.85 0.91 0.91 0.91 0.91 0.94 0.94 0.94 0.94 1.00 1.00 1.00 1.00 1.03 1.03 1.03 1.03 1.00 1.00 1.00 1.00 1.00 1.00 1.00 1.00 1.10 1.10 1.10 1.10 1.14 1.14 1.18 1.18 1.19 1.19 1.19 1.19 1.17 1.17 1.17 1.17 1.15 1.15 1.15 1.15
0.71 0.00 0.00 0.00 0.00 0.00 0.00 0.00 0.00 0.00 0.00 0.00 0.00 0.00 1.21 1.21 1.28 1.28 0.00 0.00 0.00 1.26 1.26 1.43 1.55 1.55 0.00 1.55 1.50 0.99 0.99 0.99 0.85 0.85 0.85 0.00 0.83 0.83 0.83 0.83 0.86 0.86 0.86 0.70 0.91 0.91 0.91 0.91 0.99 0.99 0.99 0.99 1.08 1.08 1.08 1.08 1.11 1.11 1.11 1.11 1.10 1.10 1.10 1.10 1.05 1.05 1.05 1.05 1.06 1.06 1.09 1.09 1.10 1.10 1.10 1.10 1.02 1.02 1.02 1.02 0.99 0.99 0.99 0.99
0.00 0.00 0.00 0.00 0.00 0.00 0.00 0.00 0.00 0.00 0.00 0.00 0.00 0.00 1.21 1.21 1.28 1.28 0.00 0.00 0.00 1.26 1.43 1.43 1.55 0.00 0.00 0.00 0.99 0.99 0.99 0.99 0.85 0.85 0.85 0.85 0.00 0.00 0.83 0.83 0.86 0.86 0.86 0.86 0.91 0.91 0.91 0.91 0.99 0.99 0.99 0.99 1.08 1.08 1.08 1.08 1.11 1.11 1.11 1.11 1.10 1.10 1.10 1.10 1.05 1.05 1.05 1.05 1.06 1.06 1.09 1.09 1.10 1.10 1.10 1.10 1.02 1.02 1.02 1.02 0.99 0.99 0.99 0.99
0.00 0.00 0.00 0.00 0.00 0.00 0.00 0.00 0.00 0.00 0.00 0.00 0.00 0.00 1.21 1.21 1.28 1.28 0.00 1.28 1.26 1.44 1.44 1.44 0.00 0.00 0.00 0.00 0.00 1.01 1.01 1.01 0.87 0.87 0.87 0.87 0.84 0.84 0.84 0.84 0.87 0.87 0.87 0.87 0.92 0.92 0.92 0.92 1.01 1.01 1.01 1.01 1.10 1.10 1.10 1.10 1.13 1.13 1.13 1.13 1.10 1.10 1.10 1.10 1.06 1.06 1.06 1.06 1.06 1.06 1.09 1.09 1.10 1.10 1.10 1.10 1.01 1.01 1.01 1.01 0.98 0.98 0.98 0.98
0.00 0.00 0.00 0.00 0.00 0.00 0.00 0.00 0.00 0.00 0.00 0.68 0.00 0.71 0.00 0.00 1.28 1.28 1.28 1.28 1.44 1.44 1.44 1.44 0.00 0.00 0.00 0.00 0.00 1.01 1.01 1.01 0.87 0.87 0.87 0.87 0.84 0.84 0.84 0.84 0.87 0.87 0.87 0.87 0.92 0.92 0.92 0.92 1.01 1.01 1.01 1.01 1.10 1.10 1.10 1.10 1.13 1.13 1.13 1.13 1.10 1.10 1.10 1.10 1.06 1.06 1.06 1.06 0.81 1.06 1.09 1.09 1.10 1.10 1.10 1.10 1.01 1.01 1.01 1.01 0.98 0.98 0.98 0.98
0.00 0.00 0.00 0.00 0.00 0.00 0.00 0.00 0.00 0.00 0.00 0.70 0.75 0.75 0.00 0.00 1.34 1.34 1.34 1.34 1.51 1.51 1.51 1.51 0.00 0.00 0.00 0.00 0.00 1.11 1.11 1.11 0.96 0.96 0.96 0.96 0.95 0.95 0.95 0.95 0.94 0.94 0.94 0.94 0.98 0.98 0.98 0.98 1.05 1.05 1.05 1.05 1.13 1.13 1.13 1.13 1.15 1.15 1.15 1.15 1.03 1.03 1.03 1.03 0.97 0.97 0.97 0.97 0.00 0.98 1.01 1.01 1.02 1.02 1.02 1.02 0.96 0.96 0.96 0.96 0.93 0.93 0.93 0.93
0.00 0.00 0.00 0.00 0.00 0.00 0.00 0.00 0.00 0.70 0.70 0.70 0.00 0.75 0.75 1.24 1.34 1.34 1.34 1.34 1.51 1.51 1.51 1.51 0.00 0.00 0.00 0.00 0.00 1.11 1.11 1.11 0.96 0.96 0.96 0.96 0.95 0.95 0.95 0.95 0.94 0.94 0.94 0.94 0.98 0.98 0.98 0.98 1.05 1.05 1.05 1.05 1.13 1.13 1.13 1.13 1.15 1.15 1.15 1.15 1.03 1.03 1.03 1.03 0.97 0.97 0.97 0.97 0.98 0.98 1.01 1.01 1.02 1.02 1.02 1.02 0.96 0.96 0.96 0.96 0.93 0.93 0.93 0.93
0.00 0.00 0.00 0.00 0.00 0.00 0.00 0.00 0.00 0.70 0.70 0.70 0.75 0.75 0.75 0.75 1.34 1.34 1.34 1.34 1.51 1.51 1.51 1.51 0.00 0.00 0.00 0.00 0.00 0.00 1.11 1.11 0.96 0.96 0.96 0.96 0.95 0.95 0.95 0.95 0.94 0.94 0.94 0.94 0.98 0.98 0.98 0.98 1.05 1.05 1.05 1.05 1.13 1.13 1.13 1.13 1.15 1.15 1.15 1.15 1.03 1.03 1.03 1.03 0.97 0.97 0.97 0.97 0.98 0.98 1.01 1.01 1.02 1.02 1.02 1.02 0.96 0.96 0.96 0.96 0.93 0.93 0.93 0.93
0.00 0.00 0.00 0.00 0.00 0.00 0.00 0.00 0.68 0.70 0.70 0.70 0.75 0.75 0.75 0.75 1.34 1.34 1.34 1.34 1.51 1.51 0.00 0.00 0.00 0.00 0.00 0.00 0.00 0.00 1.11 1.11 0.00 0.96 0.96 0.00 0.00 0.00 0.95 0.95 0.94 0.94 0.94 0.94 0.98 0.98 0.98 0.98 1.05 1.05 1.05 1.05 1.13 1.13 1.13 1.13 1.15 1.15 1.15 1.15 1.03 1.03 1.03 1.03 0.97 0.97 0.97 0.97 0.98 0.98 1.01 1.01 1.02 1.02 1.02 1.02 0.96 0.96 0.96 0.96 0.93 0.93 0.93 0.93
0.00 0.00 0.00 0.00 0.00 0.00 0.00 0.00 0.80 0.80 0.80 0.80 0.87 0.87 0.87 0.87 1.49 1.49 1.49 1.49 1.65 0.00 0.00 0.00 0.00 0.00 0.00 0.00 0.00 0.00 0.00 0.00 0.00 0.00 0.00 0.00 0.00 1.02 1.02 1.02 0.98 0.98 0.98 0.98 1.03 1.03 1.03 1.03 1.06 1.06 1.06 1.06 1.12 1.12 1.12 1.12 1.12 1.12 1.12 1.12 1.03 1.03 1.03 1.03 0.99 0.99 0.99 0.99 0.96 0.96 0.99 0.99 0.95 0.95 0.95 0.95 0.94 0.94 0.94 0.94 0.95 0.95 0.95 0.95
0.00 0.00 0.00 0.00 0.00 0.00 0.00 0.75 0.80 0.80 0.80 0.80 0.87 0.87 0.87 0.87 1.00 1.49 1.49 1.49 1.65 1.65 0.00 0.00 0.00 0.00 0.00 0.00 0.00 0.00 0.00 0.00 0.00 0.00 0.00 0.00 0.00 0.00 0.00 1.02 0.98 0.98 0.98 0.98 1.03 1.03 1.03 1.03 1.06 1.06 1.06 1.06 1.12 1.12 1.12 1.12 1.12 1.12 1.12 1.12 1.03 1.03 1.03 1.03 0.99 0.99 0.99 0.99 0.96 0.96 0.99 0.99 0.95 0.95 0.95 0.95 0.94 0.94 0.94 0.94 0.95 0.95 0.95 0.95
0.00 0.00 0.00 0.00 0.00 0.00 0.75 0.75 0.80 0.80 0.80 0.80 0.87 0.87 0.87 0.87 1.00 1.49 1.49 0.00 0.00 0.00 0.00 0.00 0.00 0.00 0.00 0.00 0.00 0.00 0.00 0.00 0.00 0.00 0.00 0.00 0.00 0.00 0.00 1.02 0.98 0.98 0.98 0.98 1.03 1.03 1.03 1.03 1.06 1.06 1.06 1.06 1.12 1.12 1.12 1.12 1.12 1.12 1.12 1.12 1.03 1.03 1.03 1.03 0.99 0.99 0.99 0.99 0.96 0.96 0.99 0.99 0.95 0.95 0.95 0.95 0.94 0.94 0.94 0.94 0.95 0.95 0.95 0.78
0.00 0.00 0.00 0.00 0.00 0.00 0.75 0.75 0.80 0.80 0.80 0.80 0.87 0.87 0.87 0.87 0.00 0.00 0.00 0.00 0.00 0.00 0.00 0.00 0.00 0.00 0.00 0.00 0.00 0.00 0.00 0.00 0.00 0.00 0.00 0.00 1.02 1.02 1.02 1.02 0.98 0.98 0.98 0.98 1.03 1.03 1.03 1.03 1.06 1.06 1.06 1.06 1.12 1.12 1.12 1.12 1.12 1.12 1.12 1.12 1.03 1.03 1.03 1.03 0.99 0.99 0.99 0.99 0.96 0.96 0.99 0.99 0.95 0.95 0.95 0.95 0.94 0.94 0.94 0.94 0.95 0.95 0.95 0.78
0.00 0.00 0.00 0.00 0.00 0.82 0.82 0.82 0.87 0.87 0.87 0.87 0.99 0.99 0.99 0.99 1.20 1.20 1.68 0.00 0.00 0.00 0.00 0.00 0.00 0.00 0.00 0.00 0.00 0.81 1.07 0.00 0.00 0.00 0.00 1.03 0.99 0.99 0.99 0.99 1.01 1.01 1.01 1.01 1.04 1.04 1.04 1.04 1.06 1.06 1.06 1.06 1.11 1.11 1.11 1.11 1.08 1.08 1.08 1.08 1.06 1.06 1.06 1.06 1.06 1.06 1.06 1.06 0.98 0.98 1.01 1.01 0.89 0.89 0.89 0.89 0.90 0.90 0.90 0.90 0.97 0.97 0.97 0.97
0.00 0.00 0.00 0.00 0.00 0.82 0.82 0.82 0.87 0.00 0.87 0.87 0.99 0.99 0.99 0.99 1.20 1.20 1.68 1.68 1.73 0.00 0.00 1.73 1.62 0.00 0.00 0.00 0.00 0.00 0.00 0.00 0.00 0.00 1.03 1.03 0.99 0.99 0.99 0.99 1.01 1.01 1.01 1.01 1.04 1.04 1.04 1.04 1.06 1.06 1.06 1.06 1.11 1.11 1.11 1.11 1.08 1.08 1.08 1.08 1.06 1.06 1.06 1.06 1.06 1.06 1.06 1.06 0.98 0.98 1.01 1.01 0.89 0.89 0.89 0.89 0.90 0.90 0.90 0.90 0.00 0.97 0.97 0.97
0.00 0.00 0.00 0.00 0.00 0.82 0.82 0.82 0.00 0.00 0.87 0.87 0.99 0.99 0.99 0.99 1.20 1.20 1.20 1.68 1.73 1.73 1.73 1.73 1.62 1.62 0.00 0.00 0.00 0.00 0.00 0.00 0.00 0.00 0.00 1.03 0.99 0.99 0.99 0.99 1.01 1.01 1.01 1.01 1.04 1.04 1.04 1.04 1.06 1.06 1.06 1.06 1.11 1.11 1.11 1.11 1.08 1.08 1.08 1.08 1.06 1.06 1.06 1.06 1.06 1.06 1.06 1.06 0.98 0.98 1.01 1.01 0.89 0.89 0.89 0.89 0.90 0.90 0.90 0.90 0.97 0.97 0.97 0.97
0.00 0.00 0.00 0.00 0.82 0.82 0.82 0.00 0.00 0.00 0.00 0.74 0.99 0.99 0.99 0.99 1.20 1.20 1.20 1.68 1.73 1.73 1.73 1.73 1.62 1.62 1.62 0.00 0.00 0.00 0.00 0.00 0.00 0.00 0.00 0.00 0.99 0.99 0.99 0.99 1.01 1.01 1.01 1.01 1.04 1.04 1.04 1.04 1.06 1.06 1.06 1.06 1.11 1.11 1.11 1.11 1.08 1.08 1.08 1.08 1.06 1.06 1.06 1.06 1.06 1.06 1.06 1.06 0.98 0.98 1.01 1.01 0.89 0.89 0.89 0.89 0.90 0.90 0.90 0.90 0.97 0.97 0.00 0.97
0.00 0.00 0.00 0.00 0.00 0.00 0.71 0.00 0.00 0.00 0.88 0.88 1.06 1.06 1.06 1.06 1.27 1.27 1.27 1.27 1.62 1.62 1.62 1.62 1.46 1.46 1.46 0.95 0.91 0.91 0.00 0.00 0.00 0.00 0.00 0.00 0.95 0.95 0.95 0.95 1.06 1.06 1.06 1.06 1.07 1.07 1.07 1.07 1.08 1.08 1.08 1.08 1.08 1.08 1.08 1.08 1.00 1.00 1.00 1.00 1.00 1.00 1.00 1.00 1.06 1.06 1.06 1.06 0.99 0.99 1.03 1.03 0.91 0.91 0.91 0.00 0.00 0.00 0.00 0.00 0.78 0.00 0.00 0.00
0.00 0.00 0.00 0.00 0.00 0.00 0.00 0.00 0.00 0.74 0.88 0.88 1.06 1.06 1.06 1.06 1.27 1.27 1.27 1.27 1.62 1.62 1.62 1.62 1.46 1.46 1.46 0.95 0.91 0.91 0.91 0.00 0.90 0.00 0.90 0.00 0.95 0.95 0.95 0.95 1.06 1.06 1.06 1.06 1.07 1.07 1.07 1.07 1.08 1.08 1.08 1.08 1.08 1.08 1.08 1.08 1.00 1.00 1.00 1.00 1.00 1.00 1.00 1.00 1.06 1.06 1.06 1.06 0.99 0.99 1.03 1.03 0.91 0.91 0.91 0.91 0.89 0.00 0.00 0.00 0.00 0.00 0.00 0.00
0.00 0.00 0.00 0.00 0.00 0.00 0.00 0.00 0.87 0.87 0.87 0.87 1.05 1.05 1.05 1.05 1.25 1.25 1.25 1.25 1.60 1.60 1.60 1.60 1.45 1.45 1.45 0.94 0.88 0.88 0.88 0.88 0.88 0.88 0.88 0.00 0.92 0.92 0.92 0.92 1.02 1.02 1.02 1.02 1.02 1.02 1.02 1.02 1.03 1.03 1.03 1.03 1.03 1.03 1.03 1.03 0.95 0.95 0.95 0.95 0.97 0.97 0.97 0.97 1.02 1.02 1.02 1.02 0.96 0.96 1.00 1.00 0.89 0.89 0.89 0.89 0.87 0.87 0.87 0.00 0.00 0.00 0.00 0.00
0.00 0.00 0.00 0.00 0.00 0.00 0.78 0.83 0.00 0.87 0.87 0.87 1.05 1.05 1.05 1.05 1.25 1.25 1.25 1.25 1.12 1.60 1.60 1.60 1.45 1.45 1.45 0.94 0.88 0.88 0.88 0.88 0.88 0.88 0.88 0.00 0.92 0.92 0.92 0.92 1.02 1.02 1.02 1.02 1.02 1.02 1.02 1.02 1.03 1.03 1.03 1.03 1.03 1.03 1.03 1.03 0.95 0.95 0.95 0.95 0.97 0.97 0.97 0.97 1.02 1.02 1.02 1.02 0.96 0.96 1.00 1.00 0.89 0.89 0.89 0.89 0.87 0.87 0.87 0.00 0.00 0.00 0.00 0.00
0.00 0.00 0.00 0.00 0.00 0.72 0.85 0.85 0.95 0.95 0.95 0.95 1.17 1.17 1.17 1.17 1.21 1.21 1.21 1.21 0.97 1.46 1.46 1.46 1.34 1.34 1.34 0.82 0.79 0.67 0.79 0.79 0.83 0.83 0.83 0.83 0.93 0.93 0.93 0.93 1.06 1.06 1.06 1.06 1.06 1.06 1.06 1.06 1.04 1.04 1.04 1.04 0.95 0.95 0.95 0.95 0.83 0.83 0.83 0.83 0.82 0.82 0.82 0.82 0.91 0.91 0.91 0.91 1.00 1.00 1.03 1.03 1.01 1.01 1.01 1.01 0.93 0.93 0.93 0.00 0.00 0.00 0.00 0.00
0.00 0.00 0.00 0.00 0.00 0.85 0.85 0.85 0.95 0.95 0.95 0.95 1.17 1.17 1.17 1.17 1.21 1.21 1.21 1.21 0.97 0.97 1.46 1.46 1.34 1.34 1.34 0.82 0.79 0.67 0.79 0.79 0.83 0.83 0.83 0.83 0.93 0.93 0.93 0.93 1.06 1.06 1.06 1.06 1.06 1.06 1.06 1.06 1.04 1.04 1.04 1.04 0.95 0.95 0.95 0.95 0.83 0.83 0.83 0.83 0.82 0.82 0.82 0.82 0.91 0.91 0.91 0.91 1.00 1.00 1.03 1.03 1.01 1.01 1.01 1.01 0.93 0.93 0.86 0.00 0.00 0.00 0.00 0.00
0.00 0.00 0.00 0.00 0.00 0.00 0.00 0.00 0.95 0.95 0.95 0.95 1.17 1.17 1.17 0.89 1.21 1.21 1.21 1.21 0.97 0.97 1.46 1.46 1.34 1.34 1.34 0.82 0.79 0.79 0.79 0.79 0.83 0.83 0.83 0.83 0.93 0.93 0.93 0.93 1.06 1.06 1.06 1.06 1.06 1.06 1.06 1.06 1.04 1.04 1.04 1.04 0.95 0.95 0.95 0.95 0.83 0.83 0.83 0.83 0.82 0.82 0.82 0.82 0.91 0.91 0.91 0.91 1.00 1.00 1.03 1.03 1.01 1.01 1.01 1.01 0.93 0.93 0.86 0.00 0.00 0.00 0.00 0.00
0.00 0.00 0.00 0.00 0.00 0.00 0.00 0.00 0.95 0.95 0.95 0.95 1.17 1.17 1.17 1.17 1.21 1.21 1.21 1.21 0.97 0.97 1.46 1.46 1.34 1.34 0.82 0.82 0.79 0.79 0.79 0.79 0.83 0.83 0.83 0.83 0.93 0.93 0.93 0.93 1.06 1.06 1.06 1.06 1.06 1.06 1.06 1.06 1.04 1.04 1.04 1.04 0.95 0.95 0.95 0.95 0.83 0.83 0.83 0.83 0.82 0.82 0.82 0.82 0.91 0.91 0.91 0.91 1.00 1.00 1.03 1.03 1.01 1.01 1.01 1.01 0.93 0.93 0.93 0.00 0.00 0.00 0.00 0.00
