New_Model_Runs/16_Future_RCP8.5_Scn3_out/post_prcessed_with_MFR/Monthly_summaries/interception_monthly_DEC.asc
NCOLS 700
NROWS 400
XLLCENTER 515000.000000
YLLCENTER 8409000.000000
CELLSIZE 50.000000
NODATA_value -999.000000
[rows 190 to 227 of 400, columns 252 to 335 of 700]
1.46 1.46 1.46 1.46 1.41 1.41 1.41 1.41 1.46 1.46 1.46 1.46 1.59 1.59 1.59 1.59 1.68 1.68 1.68 1.68 1.72 1.72 1.72 1.72 1.66 1.66 1.66 1.66 1.47 1.47 1.47 1.47 1.29 1.29 1.29 1.29 0.86 0.86 0.86 0.86 0.82 0.82 0.82 0.82 0.97 0.97 0.97 0.97 1.33 1.33 1.33 1.33 1.61 1.61 1.61 1.61 1.50 1.50 1.50 1.50 1.31 1.31 1.31 1.31 1.20 1.20 1.20 1.20 1.11 1.11 1.11 1.11 1.13 1.13 1.13 1.13 1.20 1.20 1.20 1.20 1.31 1.31 0.00 0.00
1.46 1.46 1.46 1.46 1.41 1.41 1.41 1.41 1.46 1.46 1.46 1.46 1.59 1.59 1.59 1.59 1.68 1.68 1.68 1.68 1.72 1.72 1.72 1.72 1.66 1.66 1.66 1.66 1.47 1.47 1.47 1.47 1.29 1.29 1.29 1.29 1.22 1.22 0.86 0.86 0.82 0.82 0.82 0.82 0.97 0.97 0.97 0.97 1.33 1.33 1.33 1.33 1.61 1.61 1.61 1.61 1.50 1.50 1.50 1.50 1.31 1.31 1.31 1.31 1.20 1.20 1.20 1.20 1.11 1.11 1.11 1.11 1.13 1.13 1.13 1.13 1.20 1.20 1.20 1.20 1.31 1.31 1.31 1.31
1.55 1.55 1.55 1.55 1.59 1.59 1.59 1.59 1.76 1.76 1.76 1.76 1.91 1.91 1.91 1.91 1.84 1.84 1.84 1.84 1.74 1.74 1.74 1.74 1.64 1.64 1.64 1.64 1.61 1.61 1.61 1.61 1.57 1.57 1.57 1.57 1.53 1.53 1.53 1.18 1.18 1.18 1.18 1.18 1.37 1.37 1.37 1.37 1.56 1.56 1.56 1.56 1.54 1.54 1.54 1.54 1.38 1.38 1.38 1.38 1.25 1.25 1.25 1.25 1.12 1.12 1.12 1.12 1.05 1.05 1.05 1.05 1.01 1.01 1.01 1.01 0.97 0.97 0.97 0.97 1.13 1.13 1.13 1.13
1.55 1.55 1.55 1.55 1.59 1.59 1.59 1.59 1.76 1.76 1.76 1.76 1.91 1.91 1.91 1.91 1.84 1.84 1.84 1.84 1.74 1.74 1.74 1.74 1.64 1.64 1.64 1.64 1.61 1.61 1.61 1.61 1.57 1.57 1.57 1.57 1.53 1.53 1.53 1.53 1.53 1.18 1.18 1.18 1.37 1.37 1.37 1.37 1.56 1.56 1.56 1.56 1.54 1.54 1.54 1.54 1.38 1.38 1.38 1.38 1.25 1.25 1.25 1.25 1.12 1.12 1.12 1.12 1.05 1.05 1.05 1.05 1.01 1.01 1.01 1.01 0.97 0.97 0.97 0.97 1.13 1.13 1.13 1.13
1.64 1.64 1.64 1.64 1.67 1.67 1.67 1.67 1.87 1.87 1.87 1.87 2.04 2.04 2.04 2.04 1.96 1.96 1.96 1.96 1.80 1.80 1.80 1.80 1.69 1.69 1.69 1.69 1.66 1.66 1.66 1.66 1.62 1.62 1.62 1.62 1.55 1.55 1.55 1.55 1.55 1.55 1.20 1.20 1.40 1.40 1.40 1.40 1.59 1.59 1.59 1.59 1.54 1.54 1.54 1.54 1.38 1.38 1.38 1.38 1.25 1.25 1.25 1.25 1.12 1.12 1.12 1.12 1.02 1.02 1.02 1.02 0.97 0.97 0.97 0.97 0.94 0.77 0.94 0.94 1.09 1.09 1.09 1.09
1.64 1.64 1.64 1.64 1.67 1.67 1.67 1.67 1.87 1.87 1.87 1.87 2.04 2.04 2.04 2.04 1.96 1.96 1.96 1.96 1.80 1.80 1.80 1.80 1.69 1.69 1.69 1.69 1.66 1.66 1.66 1.66 1.62 1.62 1.62 1.62 1.55 1.55 1.55 1.55 1.55 1.55 1.55 1.20 1.40 1.40 1.40 1.40 1.59 1.59 1.59 1.59 1.54 1.54 1.54 1.54 1.38 1.38 1.00 1.38 1.25 1.25 1.25 1.25 1.12 1.12 1.12 1.12 1.02 1.02 1.02 1.02 0.97 0.97 0.97 0.97 0.94 0.94 0.94 0.94 1.09 1.09 1.09 1.09
1.66 1.66 1.66 1.66 1.90 1.90 1.90 1.90 2.09 2.09 2.09 2.09 1.88 1.88 1.88 1.88 1.59 1.59 1.59 1.59 1.54 1.54 1.54 1.54 1.53 1.53 1.53 1.53 1.53 1.53 1.53 1.53 1.51 1.51 1.51 1.51 1.57 1.57 1.57 1.57 1.72 1.72 1.72 1.72 1.84 1.49 1.49 1.49 1.54 1.54 1.54 1.54 1.44 1.44 1.44 1.44 1.34 1.34 1.34 1.34 1.24 1.24 1.24 1.24 1.10 1.10 1.10 1.10 0.97 0.97 0.97 0.97 0.84 0.84 0.84 0.84 0.82 0.82 0.82 0.82 1.06 1.06 1.06 1.06
1.66 1.66 1.66 1.66 1.90 1.90 1.90 1.90 2.09 2.09 2.09 2.09 1.88 1.88 1.88 1.88 1.59 1.59 1.59 1.59 1.54 1.54 1.54 1.54 1.53 1.53 1.53 1.53 1.53 1.53 1.53 1.53 1.51 1.51 1.51 1.51 1.57 1.57 1.57 1.57 1.72 1.72 1.72 1.72 1.84 1.84 1.49 1.49 1.54 1.54 1.54 1.54 1.44 1.44 1.44 1.44 0.00 0.00 1.34 1.34 1.24 1.24 1.24 1.24 1.10 1.10 1.10 1.10 0.97 0.97 0.97 0.97 0.84 0.84 0.84 0.84 0.82 0.82 0.82 0.82 1.06 1.06 1.06 1.06
1.66 1.66 1.66 1.66 1.90 1.90 1.90 1.90 2.09 2.09 2.09 2.09 1.88 1.88 1.88 1.88 1.59 1.59 1.59 1.59 1.54 1.54 1.54 1.54 1.53 1.53 1.53 1.53 1.53 1.53 1.53 1.53 1.51 1.51 1.51 1.51 1.57 1.57 1.57 1.57 1.72 1.72 1.72 1.72 1.84 1.84 1.84 1.84 1.54 1.54 1.54 1.54 1.44 1.44 1.44 1.44 1.34 1.34 1.34 1.34 1.24 1.24 1.24 1.24 1.10 1.10 1.10 1.10 0.97 0.97 0.97 0.97 0.84 0.84 0.84 0.84 0.82 0.82 0.82 0.82 1.06 1.06 1.06 1.06
1.66 1.66 1.66 1.66 1.90 1.90 1.90 1.90 2.09 2.09 2.09 2.09 1.88 1.88 1.88 1.88 1.59 1.59 1.59 1.59 1.54 1.54 1.54 1.54 1.53 1.53 1.53 1.53 1.53 1.53 1.53 1.53 1.51 1.51 1.51 1.51 1.57 1.57 1.57 1.57 1.72 1.72 1.72 1.72 1.84 1.84 1.84 1.84 1.89 1.54 1.54 1.54 1.44 1.44 1.44 1.44 1.34 1.34 1.34 1.34 1.24 1.24 1.24 1.24 1.10 1.10 1.10 1.10 0.97 0.97 0.97 0.97 0.84 0.84 0.84 0.84 0.82 0.82 0.82 0.82 1.06 1.06 1.06 1.06
1.74 1.74 1.74 1.74 2.04 2.04 2.04 2.04 1.96 1.96 1.96 1.96 1.52 1.52 1.52 1.52 1.29 1.29 1.29 1.29 1.31 1.31 1.31 1.31 1.35 1.35 1.35 1.35 1.28 1.28 1.28 1.28 1.27 1.27 1.27 1.27 1.45 1.45 1.45 1.45 1.66 1.66 1.66 1.66 1.82 1.82 1.82 1.82 1.85 1.85 1.85 1.50 1.29 1.29 1.29 1.29 1.20 1.20 1.20 1.20 1.18 1.18 1.18 1.18 1.11 1.11 1.11 1.11 0.96 0.96 0.96 0.96 0.84 0.84 0.84 0.84 0.86 0.86 0.86 0.86 1.12 1.12 1.12 1.12
1.74 1.74 1.74 1.74 2.04 2.04 2.04 2.04 1.96 1.96 1.96 1.96 1.52 1.52 1.52 1.52 1.29 1.29 1.29 1.29 1.31 1.31 1.31 1.31 1.35 1.35 1.35 1.35 1.28 1.28 1.28 1.28 1.27 1.27 1.27 1.27 1.45 1.45 1.45 1.45 1.66 1.66 1.66 1.66 1.82 1.82 1.82 1.82 1.85 1.85 1.85 1.85 1.29 1.29 1.29 1.29 1.20 1.20 1.20 1.20 1.18 1.18 1.18 1.18 1.11 1.11 1.11 1.11 0.96 0.96 0.96 0.96 0.84 0.84 0.84 0.84 0.86 0.86 0.86 0.86 1.12 1.12 1.12 1.12
1.74 1.74 1.74 1.74 2.04 2.04 2.04 2.04 1.96 1.96 1.96 1.96 1.52 1.52 1.52 1.52 1.29 1.29 1.29 1.29 1.31 1.31 1.31 1.31 1.35 1.35 1.35 1.35 1.28 1.28 1.28 1.28 1.27 1.27 1.27 1.27 1.45 1.45 1.45 1.45 1.66 1.66 1.66 1.66 1.82 1.82 1.82 1.82 1.85 1.85 1.85 1.85 1.64 1.29 1.29 1.29 1.20 1.20 1.20 1.20 1.18 1.18 1.18 1.18 1.11 1.11 1.11 1.11 0.96 0.96 0.96 0.96 0.84 0.84 0.84 0.84 0.86 0.86 0.86 0.86 1.12 1.12 1.12 1.12
1.74 1.74 1.74 1.74 2.04 2.04 2.04 2.04 1.96 1.96 1.96 1.96 1.52 1.52 1.52 1.52 1.29 1.29 1.29 1.29 1.31 1.31 1.31 1.31 1.35 1.35 1.35 1.35 1.28 1.28 1.28 1.28 1.27 1.27 1.27 1.27 1.45 1.45 1.45 1.45 1.66 1.66 1.66 1.66 1.82 1.82 1.82 1.82 1.85 1.85 1.85 1.85 1.64 1.64 1.64 1.29 1.20 1.20 1.20 1.20 1.18 1.18 1.18 1.18 1.11 1.11 1.11 1.11 0.96 0.96 0.96 0.96 0.84 0.84 0.84 0.84 0.86 0.86 0.86 0.86 1.12 1.12 1.12 1.12
1.80 1.80 1.80 1.80 2.08 2.08 2.08 2.08 1.83 1.83 1.83 1.83 1.39 1.39 1.39 1.39 1.21 1.21 1.21 1.21 1.20 1.20 1.20 1.20 1.20 1.20 1.20 1.20 1.18 1.18 1.18 1.18 1.30 1.30 1.30 1.30 1.52 1.52 1.52 1.52 1.70 1.70 1.70 1.70 1.84 1.84 1.84 1.84 1.74 1.74 1.74 1.74 1.56 1.56 1.56 1.56 1.11 1.11 1.11 1.11 1.05 1.05 1.05 1.05 0.99 0.99 0.99 0.99 0.90 0.90 0.90 0.90 0.83 0.83 0.83 0.83 0.92 0.92 0.92 0.92 1.20 1.20 1.20 1.20
2.34 1.80 1.80 1.80 2.08 2.08 2.08 2.08 1.83 1.83 1.83 1.83 1.39 1.39 1.39 1.39 1.21 1.21 1.21 1.21 1.20 1.20 1.20 1.20 1.20 1.20 1.20 1.20 1.18 1.18 1.18 1.18 1.30 1.30 1.30 1.30 1.52 1.52 1.52 1.52 1.70 1.70 1.70 1.70 1.84 1.84 1.84 1.84 1.74 1.74 1.74 1.74 1.56 1.56 1.56 1.56 1.47 1.47 1.11 1.11 1.05 1.05 1.05 1.05 0.99 0.99 0.99 0.99 0.90 0.90 0.90 0.90 0.83 0.83 0.83 0.83 0.92 0.92 0.92 0.92 1.20 1.20 1.20 1.20
2.34 1.80 1.80 1.80 2.08 2.08 2.08 2.08 1.83 1.83 1.83 1.83 1.39 1.39 1.39 1.39 1.21 1.21 1.21 1.21 1.20 1.20 1.20 1.20 1.20 1.20 1.20 1.20 1.18 1.18 1.18 1.18 1.30 1.30 1.30 1.30 1.52 1.52 1.52 1.52 1.70 1.70 1.70 1.70 1.84 1.84 1.84 1.84 1.74 1.74 1.74 1.74 1.56 1.56 1.56 1.56 1.47 1.47 1.47 1.11 1.05 1.05 1.05 1.05 0.99 0.99 0.99 0.99 0.90 0.90 0.90 0.90 0.83 0.83 0.83 0.83 0.92 0.92 0.92 0.92 1.20 1.20 1.20 1.20
2.34 1.80 1.80 1.80 2.08 2.08 2.08 2.08 1.83 1.83 1.83 1.83 1.39 1.39 1.39 1.39 1.21 1.21 1.21 1.21 1.20 1.20 1.20 1.20 1.20 1.20 1.20 1.20 1.18 1.18 1.18 1.18 1.30 1.30 1.30 1.30 1.52 1.52 1.52 1.52 1.70 1.70 1.70 1.70 1.84 1.84 1.84 1.84 1.74 1.74 1.74 1.74 1.56 1.56 1.56 1.56 1.47 1.47 1.47 1.47 1.41 1.05 1.05 1.05 0.99 0.99 0.99 0.99 0.90 0.90 0.90 0.90 0.83 0.83 0.83 0.83 0.92 0.92 0.92 0.92 1.20 1.20 1.20 1.20
2.44 2.44 1.90 1.90 2.05 2.05 2.05 2.05 1.60 1.60 1.60 1.60 1.29 1.29 1.29 1.29 1.18 1.18 1.18 1.18 1.14 1.14 1.14 1.14 1.15 1.15 1.15 1.15 1.29 1.29 1.29 1.29 1.52 1.52 1.52 1.52 1.60 1.60 1.60 1.60 1.75 1.75 1.75 1.75 1.80 1.80 1.80 1.80 1.65 1.65 1.65 1.65 1.54 1.54 1.54 1.54 1.41 1.41 1.41 1.41 1.30 1.30 0.94 0.94 0.88 0.88 0.88 0.88 0.78 0.78 0.78 0.78 0.75 0.75 0.75 0.00 0.93 0.93 0.93 0.93 1.25 1.25 1.25 1.25
2.44 2.44 1.90 1.90 2.05 2.05 2.05 2.05 1.60 1.60 1.60 1.60 1.29 1.29 1.29 1.29 1.18 1.18 1.18 1.18 1.14 1.14 1.14 1.14 1.15 1.15 1.15 1.15 1.29 1.29 1.29 1.29 1.52 1.52 1.52 1.52 1.60 1.60 1.60 1.60 1.75 1.75 1.75 1.75 1.80 1.80 1.80 1.80 1.65 1.65 1.65 1.65 1.54 1.54 1.54 1.54 1.41 1.41 1.41 1.41 1.30 1.30 1.30 1.30 0.88 0.88 0.88 0.88 0.78 0.78 0.78 0.78 0.75 0.00 0.75 0.00 0.93 0.93 0.93 0.93 1.25 1.25 1.25 1.25
2.61 2.61 2.04 2.04 2.13 2.13 2.13 2.13 1.65 1.65 1.65 1.65 1.31 1.31 1.31 1.31 1.20 1.20 1.20 1.20 1.14 1.14 1.14 1.14 1.15 1.15 1.15 1.15 1.29 1.29 1.29 1.29 1.52 1.52 1.52 1.52 1.57 1.57 1.57 1.57 1.71 1.71 1.71 1.71 1.76 1.76 1.76 1.76 1.62 1.62 1.62 1.62 1.50 1.50 1.50 1.50 1.37 1.37 1.37 1.37 1.27 0.00 1.27 1.27 1.21 0.86 0.86 0.86 0.76 0.76 0.00 0.00 0.00 0.00 0.00 0.00 0.90 0.90 0.90 0.90 1.19 1.19 1.19 1.19
2.61 2.61 2.61 2.04 2.13 2.13 2.13 2.13 1.65 1.65 1.65 1.65 1.31 1.31 1.31 1.31 1.20 1.20 1.20 1.20 1.14 1.14 1.14 1.14 1.15 1.15 1.15 1.15 1.29 1.29 1.29 1.29 1.52 1.52 1.52 1.52 1.57 1.57 1.57 1.57 1.71 1.71 1.71 1.71 1.76 1.76 1.76 1.76 1.62 1.62 1.62 1.62 1.50 1.50 1.50 1.50 1.37 1.37 1.37 1.37 1.27 1.27 1.27 0.00 1.21 1.21 0.86 0.86 0.76 0.76 0.00 0.00 0.00 0.73 0.73 0.73 0.90 0.90 0.90 0.90 1.19 1.19 1.19 1.19
2.76 2.76 2.76 2.20 1.93 1.93 1.93 1.93 1.39 1.39 1.39 1.39 1.23 1.23 1.23 1.23 1.18 1.18 1.18 1.18 1.15 1.15 1.15 1.15 1.23 1.23 1.23 1.23 1.46 1.46 1.46 1.46 1.58 1.58 1.58 1.58 1.59 1.59 1.59 1.59 1.70 1.70 1.70 1.70 1.66 1.66 1.66 1.66 1.56 1.56 1.56 1.56 1.43 1.43 1.43 1.43 1.36 1.36 1.36 1.36 1.27 1.27 1.27 1.09 0.00 1.20 1.20 0.00 0.68 0.77 0.00 0.00 0.00 0.00 0.82 0.82 1.06 1.06 1.06 1.06 1.22 1.22 1.22 1.22
2.76 2.76 2.76 2.76 1.93 1.93 1.93 1.93 1.39 1.39 1.39 1.39 1.23 1.23 1.23 1.23 1.18 1.18 1.18 1.18 1.15 1.15 1.15 1.15 1.23 1.23 1.23 1.23 1.46 1.46 1.46 1.46 1.58 1.58 1.58 1.58 1.59 1.59 1.59 1.59 1.70 1.70 1.70 1.70 1.66 1.66 1.66 1.66 1.56 1.56 1.56 1.56 1.43 1.43 1.43 1.43 1.36 1.36 1.36 1.36 1.27 1.27 1.27 1.27 0.00 1.20 1.20 0.00 0.00 0.00 0.00 0.00 0.00 0.00 0.82 0.82 1.06 1.06 1.06 1.06 1.22 1.22 1.22 1.22
2.76 2.76 2.76 2.76 1.93 1.93 1.93 1.93 1.39 1.39 1.39 1.39 1.23 1.23 1.23 1.23 1.18 1.18 1.18 1.18 1.15 1.15 1.15 1.15 1.23 1.23 1.23 1.23 1.46 1.46 1.46 1.46 1.58 1.58 1.58 1.58 1.59 1.59 1.59 1.59 1.70 1.70 1.70 1.70 1.66 1.66 1.66 1.66 1.56 1.56 1.56 1.56 1.43 1.43 1.43 1.43 1.36 1.36 1.36 1.36 1.27 1.27 1.27 1.09 1.20 1.20 1.20 1.20 0.00 0.00 0.00 0.00 0.00 0.82 0.82 0.82 1.06 1.06 1.06 1.06 1.22 1.22 1.22 1.22
2.76 2.76 2.76 2.76 1.93 1.93 1.93 1.93 1.39 1.39 1.39 1.39 1.23 1.23 1.23 1.23 1.18 1.18 1.18 1.18 1.15 1.15 1.15 1.15 1.23 1.23 1.23 1.23 1.46 1.46 1.46 1.46 1.58 1.58 1.58 1.58 1.59 1.59 1.59 1.59 1.70 1.70 1.70 1.70 1.66 1.66 1.66 1.66 1.56 1.56 1.56 1.56 1.43 1.43 1.43 1.43 1.36 1.36 1.36 1.36 1.27 1.27 1.27 1.27 0.00 1.20 1.20 1.20 1.13 0.00 0.00 0.00 0.00 0.82 0.00 0.82 1.06 1.06 1.06 1.06 1.22 1.22 1.22 1.22
2.72 2.72 2.72 2.72 2.21 1.64 1.64 1.64 1.22 1.22 1.22 1.22 1.14 1.14 1.14 1.14 1.17 1.17 1.17 1.17 1.18 1.18 1.18 1.18 1.27 1.27 1.27 1.27 1.51 1.51 1.51 1.51 1.62 1.62 1.62 1.62 1.59 1.59 1.59 1.59 1.60 1.60 1.60 1.60 1.59 1.59 1.59 1.59 1.56 0.00 1.56 1.56 1.39 1.39 1.39 1.39 1.34 1.34 1.34 1.34 1.33 1.33 1.33 1.33 0.00 0.00 0.00 0.00 0.00 0.00 0.00 0.00 0.00 0.00 0.00 0.96 1.10 1.10 1.10 1.10 1.12 1.12 1.12 1.12
2.72 2.72 2.72 2.72 2.21 1.64 1.64 1.64 1.22 1.22 1.22 1.22 1.14 1.14 1.14 1.14 1.17 1.17 1.17 1.17 1.18 1.18 1.18 1.18 1.27 1.27 1.10 1.27 1.51 1.51 1.51 1.51 1.62 1.62 1.62 1.62 1.59 1.59 1.59 1.59 1.60 1.60 1.60 1.60 1.59 1.59 1.59 1.59 1.24 1.56 1.56 1.56 1.39 1.39 1.39 1.39 1.34 1.34 1.34 1.34 1.33 1.33 1.33 1.33 0.00 0.00 0.00 0.00 0.00 0.00 0.00 0.00 0.00 0.00 0.00 0.00 1.10 1.10 1.10 1.10 1.12 1.12 1.12 1.64
2.72 2.72 2.72 2.72 2.21 2.21 1.64 1.64 1.22 1.22 1.22 1.22 1.14 0.77 1.14 1.14 1.17 1.17 1.17 1.17 1.18 1.18 1.18 1.05 1.10 1.27 1.27 1.27 1.51 1.51 1.51 1.51 1.62 1.62 1.62 1.62 1.59 1.59 1.59 1.59 1.60 1.60 1.60 1.60 1.59 1.59 1.59 1.59 1.56 1.56 1.56 1.56 1.39 1.39 1.39 1.39 1.34 1.34 1.34 1.34 1.33 1.33 1.33 1.12 0.00 0.00 0.00 0.00 0.00 0.00 0.00 0.00 0.00 0.00 0.00 0.00 0.00 0.00 1.75 1.75 1.77 0.00 0.00 0.00
2.72 2.72 2.72 2.72 2.21 2.21 1.64 1.64 1.22 1.22 1.22 1.22 1.14 1.10 1.10 1.04 1.17 1.17 1.17 1.17 1.18 0.74 0.74 1.05 1.10 1.27 1.27 1.27 1.22 1.51 1.51 1.51 1.62 1.62 1.62 1.27 0.00 0.00 1.59 1.59 1.60 1.60 1.60 1.60 1.59 1.59 1.59 1.59 1.56 1.56 1.56 1.56 1.39 1.39 1.39 1.39 1.34 1.34 1.34 1.34 1.33 1.33 1.33 1.33 0.00 0.00 0.00 0.00 0.00 0.00 0.00 0.00 0.00 0.00 0.00 0.00 0.00 0.00 0.00 0.00 0.00 0.00 0.00 0.00
2.52 2.52 2.52 2.52 2.03 2.03 1.46 1.46 1.17 1.17 1.17 1.17 1.13 1.09 1.03 1.03 1.18 1.18 1.18 1.18 1.18 0.75 1.05 1.05 1.10 1.10 1.20 1.27 1.59 1.59 1.59 1.59 1.76 1.76 1.76 1.76 0.00 0.00 1.54 1.54 1.45 1.45 1.45 1.45 1.56 1.56 1.56 1.56 1.57 1.57 1.57 1.57 1.37 1.37 1.37 1.37 1.30 1.30 1.30 1.11 1.13 1.35 1.35 1.35 1.12 0.00 0.00 0.00 0.00 0.00 0.00 0.00 0.00 0.00 0.00 0.00 0.00 0.00 0.00 0.00 0.00 0.00 0.00 0.00
2.52 2.52 2.52 2.52 2.03 2.03 2.03 1.46 1.17 1.17 1.17 1.17 1.13 1.09 1.13 1.13 1.18 1.18 1.18 1.18 1.18 1.05 1.05 1.05 1.10 0.75 0.75 1.27 1.59 1.59 1.59 1.59 1.76 1.76 1.76 1.76 0.00 0.00 1.23 1.54 1.45 1.45 1.45 1.45 1.56 1.56 1.56 1.56 1.57 1.57 1.57 1.57 1.37 1.37 0.00 0.00 0.00 1.30 1.11 0.00 0.00 0.00 1.35 1.35 1.32 0.00 0.00 0.00 0.00 0.00 0.00 0.00 0.00 0.00 0.00 0.00 0.00 0.00 0.00 0.00 0.00 0.00 0.00 0.00
2.52 2.52 2.52 2.52 2.03 2.03 2.03 1.46 1.17 1.17 1.17 1.17 1.03 1.03 1.13 1.13 1.18 1.18 1.18 1.18 1.18 1.18 1.05 1.05 0.75 1.27 1.20 1.27 1.59 1.59 1.59 1.59 1.35 1.76 1.76 1.76 0.00 0.00 0.00 1.54 1.45 1.19 1.45 1.45 1.56 1.56 1.56 1.56 1.57 1.57 1.57 0.00 1.37 1.37 0.00 0.00 0.00 0.00 0.00 0.00 0.00 0.00 1.35 1.35 1.32 0.00 0.00 0.00 0.00 0.00 0.00 0.00 0.00 0.00 0.00 0.00 0.00 0.00 0.00 0.00 0.00 0.00 0.00 0.00
2.52 2.52 2.52 2.52 2.03 2.03 2.03 1.67 1.17 1.17 1.17 1.12 1.03 1.03 1.13 1.13 1.18 1.18 1.18 1.18 1.18 1.18 1.18 0.75 0.75 1.10 1.27 1.27 1.59 1.59 1.59 1.59 1.35 1.76 1.35 1.76 1.54 1.54 0.00 0.00 0.00 0.00 1.19 1.45 1.56 1.56 1.56 1.56 1.57 1.57 1.57 0.00 1.37 0.00 0.00 0.00 0.00 0.00 0.00 0.00 0.00 1.13 0.00 1.35 0.00 0.00 0.00 0.00 0.00 0.00 0.00 0.00 0.00 0.00 0.00 0.00 0.00 0.00 0.00 0.00 0.00 0.00 0.00 0.00
2.38 2.38 2.38 2.38 1.95 1.95 1.95 1.95 1.15 0.77 1.15 1.04 1.05 1.05 1.16 1.16 1.22 1.22 1.22 1.22 1.21 1.21 1.07 0.75 1.14 1.36 1.36 1.36 1.76 1.76 1.76 1.76 1.39 0.00 0.00 1.84 1.51 1.51 0.00 0.00 0.00 0.00 0.00 1.42 1.54 1.54 1.54 1.54 1.53 1.53 1.53 0.00 0.00 0.00 0.00 0.00 0.00 0.00 0.00 0.00 0.00 0.00 0.00 0.00 0.00 0.00 0.00 0.00 0.00 0.00 0.00 0.00 0.00 0.00 0.00 0.00 0.00 0.00 0.00 0.00 0.00 0.00 0.00 0.00
2.38 2.38 2.38 2.38 1.95 1.95 1.95 1.95 0.77 1.04 1.11 1.04 1.16 0.77 1.16 1.16 1.22 1.22 1.22 1.22 1.21 1.21 0.75 1.21 1.36 1.36 1.36 1.36 1.76 1.76 1.76 1.35 1.84 0.00 0.00 1.84 1.51 1.51 1.51 0.00 0.00 0.00 0.00 1.42 1.54 1.54 1.54 1.54 1.53 1.53 1.53 1.53 1.38 0.00 0.00 0.00 0.00 0.00 0.00 0.00 0.00 0.00 0.00 0.00 0.00 0.00 0.00 0.00 0.00 0.00 0.00 0.00 0.00 0.00 0.00 0.00 0.00 0.00 0.00 0.00 0.00 0.00 0.00 0.00
2.40 2.40 2.40 2.40 1.94 1.94 1.94 1.94 1.72 1.04 1.04 1.15 1.04 1.04 1.04 1.16 1.21 1.21 1.21 1.21 1.20 1.20 1.20 1.20 1.35 1.35 1.35 1.35 1.74 1.74 1.74 1.33 1.38 0.00 0.00 1.82 1.49 1.49 1.49 1.49 0.00 0.00 0.00 0.00 0.00 1.53 1.53 1.53 0.00 1.51 1.22 0.00 1.36 0.00 0.00 0.00 0.00 0.00 0.00 0.00 0.00 0.00 0.00 0.00 0.00 0.00 0.00 0.00 0.00 0.00 0.00 0.00 0.00 0.00 0.00 0.00 0.00 0.00 0.00 0.00 0.00 0.00 0.00 0.00
2.40 2.40 2.40 2.40 1.94 1.94 1.94 1.94 1.72 1.04 1.04 1.04 0.76 0.76 1.04 1.16 1.21 1.21 1.21 1.07 1.20 1.20 1.06 1.06 1.35 1.35 1.35 1.35 1.74 1.74 1.74 1.33 0.00 0.00 0.00 0.00 1.49 1.49 1.49 0.00 0.00 0.00 0.00 1.41 1.53 1.53 1.53 1.53 1.22 0.00 0.00 0.00 0.00 0.00 0.00 0.00 0.00 0.00 0.00 0.00 0.00 0.00 0.00 0.00 0.00 0.00 0.00 0.00 0.00 0.00 0.00 0.00 0.00 0.00 0.00 0.00 0.00 0.00 0.00 0.00 0.00 0.00 0.00 0.00
