New_Model_Runs/16_Future_RCP8.5_Scn3_out/post_prcessed_with_MFR/Monthly_summaries/interception_monthly_JUN.asc
NCOLS 700
NROWS 400
XLLCENTER 515000.000000
YLLCENTER 8409000.000000
CELLSIZE 50.000000
NODATA_value -999.000000
[rows 190 to 227 of 400, columns 84 to 167 of 700]
0.00 0.00 0.00 0.00 0.00 0.00 0.00 0.00 0.00 0.00 0.00 0.00 0.00 0.00 0.00 0.00 0.00 0.00 0.00 0.00 0.00 0.00 0.00 0.00 0.00 1.79 1.79 1.79 1.87 1.87 1.87 1.87 1.96 1.96 1.96 1.96 2.05 2.05 2.05 2.05 2.01 2.01 2.01 2.01 1.94 1.94 1.94 1.94 1.91 1.91 1.91 1.91 1.95 1.95 1.95 1.95 2.03 2.03 2.03 2.03 2.21 2.21 2.21 2.21 2.30 2.30 2.30 2.30 2.18 2.18 2.18 2.18 2.24 2.24 2.24 2.24 2.25 2.25 2.25 2.25 1.79 1.79 1.79 1.79
0.00 0.00 0.00 0.00 0.00 0.00 0.00 0.00 0.00 0.00 0.00 0.00 0.00 0.00 0.00 0.00 0.00 0.00 0.00 0.00 0.00 0.00 0.00 0.00 0.00 1.79 1.79 1.51 1.56 1.87 1.87 1.87 1.96 1.96 1.96 1.96 2.05 2.05 2.05 2.05 2.01 2.01 2.01 2.01 1.94 1.94 1.94 1.94 1.91 1.91 1.91 1.91 1.95 1.95 1.95 1.95 2.03 2.03 2.03 2.03 2.21 2.21 2.21 2.21 2.30 2.30 2.30 2.30 2.18 2.18 2.18 2.18 2.24 2.24 2.24 2.24 2.25 2.25 2.25 2.25 1.79 1.79 1.79 1.79
0.00 0.00 0.00 0.00 0.00 0.00 0.00 0.00 0.00 0.00 0.00 0.00 0.00 0.00 0.00 0.00 0.00 0.00 0.00 0.00 0.00 0.00 0.00 0.00 0.00 0.00 1.70 0.00 1.51 1.51 1.78 1.78 1.92 1.92 1.92 1.92 2.06 2.06 2.06 2.06 2.09 2.09 2.09 2.09 1.99 1.99 1.99 1.99 1.92 1.92 1.92 1.92 2.01 2.01 2.01 2.01 2.09 2.09 2.09 2.09 2.28 2.28 2.28 2.28 2.29 2.29 2.29 2.29 2.20 2.20 2.20 2.20 2.20 2.20 2.20 2.20 1.89 1.89 1.89 1.89 1.59 1.59 1.59 1.59
0.00 0.00 0.00 0.00 0.00 0.00 0.00 0.00 0.00 0.00 0.00 0.00 0.00 0.00 0.00 0.00 0.00 0.00 0.00 0.00 0.00 0.00 0.00 0.00 0.00 0.00 0.00 1.70 1.51 1.51 1.78 1.78 1.92 1.92 1.92 1.92 2.06 2.06 2.06 2.06 2.09 2.09 2.09 2.09 1.99 1.99 1.99 1.99 1.92 1.92 1.92 1.92 2.01 2.01 2.01 2.01 2.09 2.09 2.09 2.09 2.28 2.28 2.28 2.28 2.29 2.29 2.29 2.29 2.20 2.20 2.20 2.20 2.20 2.20 2.20 2.20 1.89 1.89 1.89 1.89 1.59 1.59 1.59 1.59
0.00 0.00 0.00 0.00 0.00 0.00 0.00 0.00 0.00 0.00 0.00 0.00 0.00 0.00 0.00 0.00 0.00 0.00 0.00 0.00 0.00 0.00 0.00 0.00 0.00 0.00 0.00 0.00 1.86 1.86 1.86 1.86 2.02 2.02 2.02 2.02 2.19 2.19 2.19 2.19 2.21 2.21 2.21 2.21 2.12 2.12 2.12 2.12 2.04 2.04 2.04 2.04 2.13 2.13 2.13 2.13 2.23 2.23 2.23 2.23 2.45 2.45 2.45 2.45 2.46 2.46 2.46 2.46 2.36 2.36 2.36 2.36 2.36 2.36 2.36 2.36 2.00 2.00 2.00 2.00 1.65 1.65 1.65 1.65
0.00 0.00 0.00 0.00 0.00 0.00 0.00 0.00 0.00 0.00 0.00 0.00 0.00 0.00 0.00 0.00 0.00 0.00 0.00 0.00 0.00 0.00 1.93 0.00 0.00 0.00 0.00 0.00 1.86 1.86 1.86 1.86 2.02 2.02 2.02 2.02 2.19 2.19 2.19 2.19 2.21 2.21 2.21 2.21 2.12 2.12 2.12 2.12 2.04 2.04 2.04 2.04 2.13 2.13 2.13 2.13 2.23 2.23 2.23 2.23 2.45 2.45 2.45 2.45 2.46 2.46 2.46 2.46 2.36 2.36 2.36 2.36 2.36 2.36 2.36 2.36 2.00 2.00 2.00 2.00 1.65 1.65 1.65 1.65
0.00 0.00 0.00 0.00 0.00 0.00 0.00 0.00 0.00 0.00 0.00 0.00 0.00 0.00 0.00 0.00 0.00 0.00 0.00 0.00 0.00 1.92 1.92 1.92 1.77 0.00 0.00 1.77 1.82 1.82 1.82 1.82 1.98 1.98 1.98 1.98 2.13 2.13 2.13 2.13 2.21 2.21 2.21 2.21 2.20 2.20 2.20 2.20 2.15 2.15 2.15 2.15 2.29 2.29 2.29 2.29 2.36 2.36 2.36 2.36 2.44 2.44 2.44 2.44 2.41 2.41 2.41 2.41 2.32 2.32 2.32 2.32 1.98 1.98 1.98 1.98 1.64 1.64 1.64 1.64 1.60 1.60 1.60 1.60
0.00 0.00 0.00 0.00 0.00 0.00 0.00 0.00 0.00 0.00 0.00 0.00 0.00 0.00 0.00 0.00 0.00 0.00 0.00 0.00 1.92 1.92 1.92 1.92 0.00 0.00 0.00 0.00 1.82 1.82 1.82 1.82 1.98 1.98 1.98 1.98 2.13 2.13 2.13 2.13 2.21 2.21 2.21 2.21 2.20 2.20 2.20 2.20 2.15 2.15 2.15 2.15 2.29 2.29 2.29 2.29 2.36 2.36 2.36 2.36 2.44 2.44 2.44 2.44 2.41 2.41 2.41 2.41 2.32 2.32 2.32 2.32 1.98 1.98 1.98 1.98 1.64 1.64 1.64 1.64 1.60 1.60 1.60 1.60
0.00 0.00 0.00 0.00 0.00 0.00 0.00 0.00 0.00 0.00 0.00 0.00 0.00 0.00 0.00 0.00 0.00 0.00 0.00 1.93 1.92 1.92 1.92 1.59 1.51 0.00 0.00 0.00 0.00 1.82 1.82 1.82 1.98 1.98 1.98 1.98 2.13 2.13 2.13 2.13 2.21 2.21 2.21 2.21 2.20 2.20 2.20 2.20 2.15 2.15 2.15 2.15 2.29 2.29 2.29 2.29 2.36 2.36 2.36 2.36 2.44 2.44 2.44 2.44 2.41 2.41 2.41 2.41 2.32 2.32 2.32 2.32 1.98 1.98 1.98 1.98 1.64 1.64 1.64 1.64 1.60 1.60 1.60 1.60
0.00 0.00 0.00 0.00 0.00 0.00 0.00 0.00 0.00 0.00 0.00 0.00 0.00 0.00 0.00 0.00 0.00 0.00 1.93 1.93 1.92 1.92 1.92 1.92 1.77 1.77 1.77 0.00 0.00 1.82 1.82 1.82 1.98 1.98 1.98 1.98 2.13 2.13 2.13 2.13 2.21 2.21 2.21 2.21 2.20 2.20 2.20 2.20 2.15 2.15 2.15 2.15 2.29 2.29 2.29 2.29 2.36 2.36 2.36 2.36 2.44 2.44 2.44 2.44 2.41 2.41 2.41 2.41 2.32 2.32 2.32 2.32 1.98 1.98 1.98 1.98 1.64 1.64 1.64 1.64 1.60 1.60 1.60 1.60
0.00 1.89 1.89 1.89 1.77 0.00 0.00 0.00 0.00 0.00 0.00 0.00 0.00 0.00 0.00 1.61 1.72 1.72 1.72 1.99 2.02 2.02 2.02 2.02 1.90 1.90 1.90 0.00 1.89 1.89 1.89 1.89 1.98 1.98 1.98 1.98 2.04 2.04 2.04 2.04 2.08 2.08 2.08 2.08 2.28 2.28 2.28 2.28 2.36 2.36 2.36 2.36 2.39 2.39 2.39 2.39 2.34 2.34 2.34 2.34 2.34 2.34 2.34 2.34 2.34 2.34 2.34 2.34 2.12 2.12 2.12 2.12 1.67 1.67 1.67 1.67 1.58 1.58 1.58 1.58 1.72 1.72 1.72 1.72
0.00 0.00 1.89 1.89 1.77 0.00 0.00 0.00 0.00 0.00 0.00 0.00 0.00 0.00 1.61 1.61 1.72 1.72 1.72 1.72 1.75 1.75 1.75 2.02 1.90 1.90 1.90 1.90 1.89 1.89 1.89 1.89 1.98 1.98 1.98 1.98 2.04 2.04 2.04 2.04 2.08 2.08 2.08 2.08 2.28 2.28 2.28 2.28 2.36 2.36 2.36 2.36 2.39 2.39 2.39 2.39 2.34 2.34 2.34 2.34 2.34 2.34 2.34 2.34 2.34 2.34 2.34 2.34 2.12 2.12 2.12 2.12 1.67 1.67 1.67 1.67 1.58 1.58 1.58 1.58 1.72 1.72 1.72 1.72
0.00 1.89 1.89 1.89 1.77 1.77 0.00 0.00 0.00 0.00 0.00 0.00 0.00 1.61 1.61 1.61 1.72 1.72 1.72 0.00 1.75 1.75 1.75 1.75 1.63 1.63 1.63 1.90 1.89 1.89 1.89 1.89 1.98 1.98 1.98 1.98 2.04 2.04 2.04 2.04 2.08 2.08 2.08 2.08 2.28 2.28 2.28 2.28 2.36 2.36 2.36 2.36 2.39 2.39 2.39 2.39 2.34 2.34 2.34 2.34 2.34 2.34 2.34 2.34 2.34 2.34 2.34 2.34 2.12 2.12 2.12 2.12 1.67 1.67 1.67 1.67 1.58 1.58 1.58 1.58 1.72 1.72 1.72 1.72
1.89 1.89 1.89 1.89 1.77 1.77 0.00 0.00 0.00 0.00 0.00 0.00 0.00 0.00 1.61 1.61 1.72 1.72 1.72 1.72 1.75 1.75 1.75 1.75 1.63 1.63 1.63 1.63 1.62 1.62 1.89 1.89 1.98 1.98 1.98 1.98 2.04 2.04 2.04 2.04 2.08 2.08 2.08 2.08 2.28 2.28 2.28 2.28 2.36 2.36 2.36 2.36 2.39 2.39 2.39 2.39 2.34 2.34 2.34 2.34 2.34 2.34 2.34 2.34 2.34 2.34 2.34 2.34 2.12 2.12 2.12 2.12 1.67 1.67 1.67 1.67 1.58 1.58 1.58 1.58 1.72 1.72 1.72 1.72
1.97 1.97 1.97 1.97 1.82 1.82 1.82 0.00 0.00 0.00 0.00 0.00 0.00 0.00 1.54 1.54 1.68 1.68 1.68 1.68 1.80 1.80 1.80 1.80 1.80 1.80 1.80 1.80 1.86 1.86 1.86 1.86 1.85 1.85 2.12 2.12 2.07 2.07 2.07 2.07 2.08 2.08 2.08 2.08 2.33 2.33 2.33 2.33 2.44 2.44 2.44 2.44 2.37 2.37 2.37 2.37 2.27 2.27 2.27 2.27 2.28 2.28 2.28 2.28 2.26 2.26 2.26 2.26 1.93 1.93 1.93 1.93 1.57 1.57 1.57 1.57 1.57 1.57 1.57 1.57 1.84 1.84 1.84 1.84
1.97 1.97 1.97 1.97 1.82 1.82 1.82 1.82 0.00 0.00 0.00 0.00 0.00 0.00 1.54 1.54 1.68 1.68 1.68 1.68 1.80 1.80 1.80 1.80 1.80 1.80 1.80 1.80 1.86 1.86 1.86 1.86 1.85 1.85 1.85 1.85 1.80 2.07 2.07 2.07 2.08 2.08 2.08 2.08 2.33 2.33 2.33 2.33 2.44 2.44 2.44 2.44 2.37 2.37 2.37 2.37 2.27 2.27 2.27 2.27 2.28 2.28 2.28 2.28 2.26 2.26 2.26 2.26 1.93 1.93 1.93 1.93 1.57 1.57 1.57 1.57 1.57 1.57 1.57 1.57 1.84 1.84 1.84 1.84
1.97 1.97 1.97 1.97 1.82 1.82 1.82 1.82 0.00 0.00 0.00 0.00 0.00 0.00 1.54 1.54 1.68 1.68 1.68 1.68 1.80 1.80 1.80 1.80 1.80 1.80 1.80 1.80 1.86 1.86 1.86 1.86 1.85 1.85 1.85 1.85 1.80 1.80 1.80 1.80 1.81 2.08 2.08 2.08 2.33 2.33 2.33 2.33 2.44 2.44 2.44 2.44 2.37 2.37 2.37 2.37 2.27 2.27 2.27 2.27 2.28 2.28 1.78 2.28 2.26 2.26 2.26 2.26 1.93 1.93 1.93 1.93 1.57 1.57 1.57 1.57 1.57 1.57 1.57 1.57 1.84 1.84 1.84 1.84
1.97 1.97 1.97 1.97 1.82 1.82 1.82 1.82 1.27 0.00 0.00 0.00 0.00 0.00 0.00 1.54 1.68 0.00 1.68 1.68 1.80 1.80 1.80 1.80 1.80 1.80 1.80 1.80 1.86 1.86 1.86 1.86 1.85 1.85 1.85 1.85 1.80 1.80 1.80 1.80 1.81 1.81 1.81 1.81 2.33 2.33 2.33 2.33 2.44 2.44 2.44 2.44 2.37 2.37 2.37 2.37 2.27 2.27 2.27 2.27 2.28 2.28 2.28 2.28 2.26 2.26 2.26 2.26 1.93 1.93 1.93 1.93 1.57 1.57 1.57 1.57 1.57 1.57 1.57 1.57 1.84 1.84 1.84 1.84
2.00 2.00 2.00 2.00 1.87 1.87 1.87 1.87 1.58 1.58 0.00 0.00 0.00 0.00 0.00 0.00 0.00 1.59 1.59 1.59 1.71 1.71 1.71 1.71 1.79 1.79 1.79 1.79 1.89 1.89 1.89 1.89 1.86 1.86 1.86 1.86 1.86 1.86 1.86 1.86 1.94 1.94 1.94 1.94 2.10 2.10 2.10 2.10 2.30 2.30 2.30 2.30 2.22 2.22 2.22 2.22 2.21 2.21 2.21 2.21 2.27 2.27 2.27 2.27 2.14 2.14 2.14 2.14 1.83 1.83 1.83 1.83 1.55 1.55 1.55 1.55 1.56 1.56 1.56 1.56 1.89 1.89 1.89 1.89
2.00 2.00 2.00 2.00 1.87 1.87 1.87 1.87 1.58 0.00 1.58 0.00 0.00 0.00 0.00 1.53 0.00 0.00 1.59 1.59 1.71 1.71 1.71 1.71 1.79 1.79 1.79 1.79 1.89 1.89 1.89 1.89 1.86 1.86 1.86 1.86 1.86 1.86 1.86 1.86 1.94 1.94 1.94 1.94 2.10 2.10 2.10 2.10 2.02 2.02 2.02 2.30 2.22 2.22 2.22 2.22 2.21 2.21 2.21 2.21 2.27 2.27 2.27 2.27 2.14 2.14 2.14 2.14 1.83 1.83 1.83 1.83 1.55 1.55 1.55 1.55 1.56 1.56 1.56 1.56 1.89 1.89 1.89 1.89
2.13 2.13 2.13 2.13 1.99 1.99 1.99 1.99 1.66 0.00 1.66 1.66 1.61 1.61 0.00 1.61 1.67 1.67 1.67 1.67 1.81 1.81 1.81 1.81 1.90 1.90 1.90 1.90 2.00 2.00 2.00 2.00 1.97 1.97 1.97 1.97 1.97 1.97 1.97 1.97 2.06 2.06 2.06 2.06 2.22 2.22 2.22 2.22 2.14 2.14 2.14 2.14 2.05 2.05 2.05 2.32 2.31 2.31 2.31 2.31 2.39 2.39 2.39 2.39 2.24 2.24 2.24 2.24 1.90 1.90 1.90 1.90 1.59 1.59 1.59 1.59 1.61 1.44 1.61 1.61 1.97 1.97 1.97 1.97
2.13 2.13 2.13 2.13 1.99 1.99 1.99 1.99 1.66 1.66 1.66 1.66 1.61 1.61 1.61 1.61 0.00 0.00 1.67 1.35 1.81 1.81 1.81 1.81 1.90 1.90 1.90 1.90 2.00 2.00 2.00 2.00 1.97 1.97 1.97 1.97 1.97 1.97 1.97 1.97 2.06 2.06 2.06 2.06 2.22 2.22 2.22 2.22 2.14 2.14 2.14 2.14 2.05 2.05 2.05 2.05 2.04 2.04 2.04 2.31 2.39 2.39 2.39 2.39 2.24 2.24 2.24 2.24 1.90 1.90 1.90 1.90 1.59 1.59 1.59 1.59 1.61 1.61 1.61 1.61 1.97 1.97 1.97 1.97
1.99 1.99 1.99 1.99 2.06 2.06 2.06 2.06 1.90 1.90 0.00 1.90 1.71 1.71 1.71 1.71 0.00 0.00 1.60 1.60 1.64 1.64 1.64 1.64 1.69 1.69 1.69 1.69 1.75 1.75 1.75 1.75 1.74 1.74 1.74 1.74 1.86 1.86 1.86 1.86 1.97 1.97 1.97 1.97 1.99 1.99 1.99 1.99 1.85 1.85 1.85 1.85 1.85 1.85 1.85 1.85 1.96 1.96 1.96 1.96 2.08 2.08 2.35 2.35 2.22 2.22 2.22 2.22 1.96 1.96 1.96 1.96 1.69 1.69 1.69 1.69 1.75 1.75 1.75 1.75 2.07 2.07 2.07 2.07
1.99 1.99 1.99 1.99 2.06 2.06 2.06 2.06 1.90 1.90 1.90 1.90 1.71 1.71 1.36 0.00 0.00 0.00 0.00 0.00 1.64 1.64 1.64 1.64 1.69 1.69 1.69 1.69 1.75 1.75 1.75 1.75 1.74 1.74 1.74 1.74 1.86 1.86 1.86 1.86 1.97 1.97 1.97 1.97 1.99 1.99 1.99 1.99 1.85 1.85 1.85 1.85 1.85 1.85 1.85 1.85 1.96 1.96 1.96 1.96 2.08 2.08 2.08 2.08 1.94 1.94 2.22 2.22 1.96 1.96 1.96 1.96 1.69 1.69 1.69 1.69 1.75 1.75 1.75 1.75 2.07 2.07 2.07 2.07
1.99 1.99 1.99 1.99 2.06 2.06 2.06 2.06 1.90 1.90 1.90 1.90 1.71 1.71 1.71 1.71 0.00 1.60 1.60 1.60 0.00 0.00 1.64 1.64 1.69 1.69 1.69 1.69 1.75 1.75 1.75 1.75 1.74 1.74 1.74 1.74 1.86 1.86 1.86 1.86 1.97 1.97 1.97 1.97 1.99 1.99 1.99 1.99 1.85 1.85 1.85 1.85 1.85 1.85 1.85 1.85 1.96 1.96 1.96 1.96 2.08 2.08 2.08 2.08 1.94 1.94 1.94 1.94 1.69 1.96 1.96 1.96 1.69 1.69 1.69 1.69 1.75 1.75 1.75 1.75 2.07 2.07 2.07 2.07
1.99 1.99 1.99 1.99 2.06 2.06 2.06 2.06 1.90 1.90 1.90 1.90 1.71 1.71 1.71 1.71 1.60 1.60 1.60 1.60 0.00 0.00 1.64 1.64 1.69 1.69 1.69 1.69 1.75 1.75 1.75 1.75 1.74 1.74 1.74 1.74 1.86 1.86 1.86 1.86 1.97 1.97 1.97 1.97 1.99 1.99 1.99 1.99 1.85 1.85 1.85 1.85 1.85 1.85 1.85 1.85 1.96 1.96 1.96 1.96 2.08 2.08 2.08 2.08 1.94 1.94 1.94 1.94 1.69 1.69 1.69 1.69 1.41 1.69 1.69 1.69 1.75 1.75 1.75 1.75 2.07 2.07 2.07 2.07
1.79 1.79 1.79 1.79 1.95 1.95 1.95 1.95 2.03 2.03 2.03 2.03 1.85 1.85 1.85 1.85 1.65 1.65 1.65 1.65 1.67 1.67 1.67 1.67 1.71 1.71 1.71 1.71 1.64 1.64 1.64 1.64 1.58 1.58 1.58 1.58 1.70 1.70 1.70 1.70 1.78 1.78 1.78 1.78 1.75 1.75 1.75 1.75 1.67 1.67 1.67 1.67 1.73 1.73 1.73 1.73 1.92 1.92 1.92 1.92 2.09 2.09 2.09 2.09 2.04 2.04 2.04 2.04 1.88 1.88 1.88 1.88 1.76 1.76 1.76 1.76 2.16 2.16 2.16 2.16 2.26 2.26 2.26 2.26
1.79 1.79 1.79 1.79 1.95 1.95 1.95 1.95 2.03 2.03 2.03 2.03 1.85 1.85 1.85 1.85 1.65 1.65 1.65 1.65 1.67 1.67 1.67 1.67 1.71 1.71 1.71 1.71 1.64 1.64 1.64 1.64 1.58 1.58 1.58 1.58 1.70 1.70 1.70 1.70 1.78 1.78 1.78 1.78 1.75 1.75 1.75 1.75 1.67 1.67 1.67 1.67 1.73 1.73 1.73 1.73 1.92 1.92 1.92 1.92 2.09 2.09 2.09 2.09 2.04 2.04 2.04 2.04 1.88 1.88 1.88 1.88 1.76 1.76 1.76 1.76 1.88 1.88 1.88 1.88 2.26 2.26 2.26 2.26
1.79 1.79 1.79 1.79 1.95 1.95 1.95 1.95 2.03 2.03 2.03 2.03 1.85 1.85 1.85 1.85 1.65 1.65 1.65 1.65 1.67 1.67 1.67 1.67 1.71 1.71 1.71 1.71 1.64 1.64 1.64 1.64 1.58 1.58 1.58 1.58 1.70 1.70 1.70 1.70 1.78 1.78 1.78 1.78 1.75 1.75 1.75 1.75 1.67 1.67 1.67 1.67 1.73 1.73 1.73 1.73 1.92 1.92 1.92 1.92 2.09 2.09 2.09 2.09 2.04 2.04 2.04 2.04 1.88 1.88 1.88 1.88 1.76 1.76 1.76 1.76 1.88 1.88 1.88 1.88 1.98 1.98 1.98 2.26
1.79 1.79 1.79 1.79 1.95 1.95 1.95 1.95 2.03 2.03 2.03 2.03 1.85 1.85 1.85 1.85 1.65 1.65 1.65 1.65 1.67 1.67 1.67 1.67 1.71 1.71 1.71 1.71 1.64 1.64 1.64 1.64 1.58 1.58 1.58 1.58 1.70 1.70 1.70 1.70 1.78 1.78 1.78 1.78 1.75 1.75 1.75 1.75 1.67 1.67 1.67 1.67 1.73 1.73 1.73 1.73 1.92 1.92 1.92 1.92 2.09 2.09 2.09 2.09 2.04 2.04 2.04 2.04 1.88 1.88 1.88 1.88 1.76 1.76 1.76 1.76 1.88 1.88 1.88 1.88 1.98 1.98 1.98 1.98
0.00 1.75 1.75 1.75 1.79 1.79 1.79 1.79 1.92 1.92 1.92 1.92 2.00 2.00 2.00 2.00 1.84 1.84 1.84 1.84 1.87 1.87 1.87 1.87 1.83 1.83 1.83 1.83 1.69 1.69 1.69 1.69 1.66 1.66 1.66 1.66 1.64 1.64 1.64 1.64 1.65 1.65 1.65 1.65 1.69 1.69 1.69 1.69 1.72 1.72 1.72 1.72 1.85 1.85 1.85 1.85 2.02 2.02 2.02 2.02 2.10 2.10 2.10 2.10 2.03 2.03 2.03 2.03 2.03 2.03 2.03 2.03 2.06 2.06 2.06 2.06 2.11 2.11 2.11 2.11 2.05 2.05 2.05 2.05
0.00 0.00 0.00 1.75 1.79 1.79 1.79 1.79 1.92 1.92 1.92 1.92 2.00 2.00 2.00 2.00 1.84 1.84 1.84 1.84 1.87 1.87 1.87 1.87 1.83 1.83 1.83 1.83 1.69 1.69 1.69 1.69 1.66 1.66 1.66 1.66 1.64 1.64 1.64 1.64 1.65 1.65 1.65 1.65 1.69 1.69 1.69 1.69 1.72 1.72 1.72 1.72 1.85 1.85 1.85 1.85 2.02 2.02 2.02 2.02 2.10 2.10 2.10 2.10 2.03 2.03 2.03 2.03 2.03 2.03 2.03 2.03 2.06 2.06 2.06 2.06 2.11 2.11 2.11 2.11 2.05 2.05 2.05 2.05
0.00 0.00 0.00 1.75 1.79 1.79 1.79 1.79 1.92 1.92 1.92 1.92 2.00 2.00 2.00 2.00 1.84 1.84 1.84 1.84 1.87 1.87 1.87 1.87 1.83 1.83 1.83 1.83 1.69 1.69 1.69 1.69 1.66 1.66 1.66 1.66 1.64 1.64 1.64 1.64 1.65 1.65 1.65 1.65 1.69 1.69 1.69 1.69 1.72 1.72 1.72 1.72 1.85 1.85 1.85 1.85 2.02 2.02 2.02 2.02 2.10 2.10 2.10 2.10 2.03 2.03 2.03 2.03 2.03 2.03 2.03 2.03 2.06 2.06 2.06 2.06 2.11 2.11 2.11 2.11 2.05 2.05 2.05 2.05
1.75 1.75 1.75 1.75 1.79 1.79 1.79 1.79 1.92 1.92 1.92 1.92 2.00 2.00 2.00 2.00 1.84 1.84 1.84 1.84 1.87 1.87 1.87 1.87 1.83 1.83 1.83 1.83 1.69 1.69 1.69 1.69 1.66 1.66 1.66 1.66 1.64 1.64 1.64 1.64 1.65 1.65 1.65 1.65 1.69 1.69 1.69 1.69 1.72 1.72 1.72 1.72 1.85 1.85 1.85 1.85 2.02 2.02 2.02 2.02 2.10 2.10 2.10 2.10 2.03 2.03 2.03 2.03 2.03 2.03 2.03 1.53 2.06 2.06 2.06 2.06 2.11 2.11 2.11 2.11 2.05 2.05 2.05 2.05
1.79 1.79 1.79 1.79 1.75 1.75 1.75 1.75 1.79 1.79 1.79 1.79 1.99 1.99 1.99 1.99 2.07 2.07 2.07 2.07 2.08 2.08 2.08 2.08 1.92 1.92 1.92 1.92 1.81 1.81 1.81 1.81 1.84 1.84 1.84 1.84 1.75 1.75 1.75 1.75 1.70 1.70 1.70 1.70 1.81 1.81 1.81 1.81 1.89 1.89 1.89 1.89 2.04 2.04 2.04 2.04 2.10 2.10 2.10 2.10 2.05 2.05 2.05 2.05 2.02 2.02 2.02 2.02 2.10 2.10 2.10 2.10 2.12 2.12 2.12 2.12 2.12 2.12 2.12 2.12 2.12 2.12 2.12 2.12
1.79 1.79 1.79 1.79 1.75 1.75 1.75 1.75 1.79 1.79 1.79 1.79 1.99 1.99 1.99 1.99 2.07 2.07 2.07 2.07 2.08 2.08 2.08 2.08 1.92 1.92 1.92 1.92 1.81 1.81 1.81 1.81 1.84 1.84 1.84 1.84 1.75 1.75 1.75 1.75 1.70 1.70 1.70 1.70 1.81 1.81 1.81 1.81 1.89 1.89 1.89 1.89 2.04 2.04 2.04 2.04 2.10 2.10 2.10 2.10 2.05 2.05 2.05 2.05 2.02 2.02 2.02 2.02 2.10 2.10 2.10 2.10 2.12 2.12 2.12 2.12 2.12 2.12 2.12 2.12 2.12 2.12 2.12 2.12
1.84 1.84 1.84 1.84 1.80 1.80 1.80 1.80 1.84 1.84 1.84 1.84 2.04 2.04 2.04 2.04 2.13 2.13 2.13 2.13 2.14 2.14 2.14 2.14 1.97 1.97 1.97 1.97 1.85 1.85 1.85 1.85 1.88 1.88 1.88 1.88 1.78 1.78 1.78 1.78 1.73 1.73 1.73 1.73 1.83 1.83 1.83 1.83 1.91 1.91 1.91 1.91 2.05 2.05 2.05 2.05 2.11 2.11 2.11 2.11 2.06 2.06 2.06 2.06 2.03 2.03 2.03 2.03 2.11 2.11 2.11 2.11 2.13 2.13 2.13 2.13 2.13 2.13 1.59 2.13 2.13 2.13 2.13 2.13
1.84 1.84 1.84 1.84 1.80 1.80 1.80 1.80 1.84 1.84 1.84 1.84 2.04 2.04 2.04 2.04 2.13 2.13 2.13 2.13 2.14 2.14 2.14 2.14 1.97 1.97 1.97 1.97 1.85 1.85 1.85 1.85 1.88 1.88 1.88 1.88 1.78 1.78 1.78 1.78 1.73 1.73 1.73 1.73 1.83 1.83 1.83 1.83 1.91 1.91 1.91 1.91 2.05 2.05 2.05 2.05 2.11 2.11 2.11 2.11 2.06 2.06 2.06 2.06 2.03 2.03 2.03 2.03 2.11 2.11 2.11 2.11 2.13 2.13 2.13 2.13 2.13 2.13 2.13 2.13 2.13 2.13 2.13 2.13
