New_Model_Runs/16_Future_RCP8.5_Scn3_out/post_prcessed_with_MFR/Monthly_summaries/net_infiltration_monthly_MAY.asc
NCOLS 700
NROWS 400
XLLCENTER 515000.000000
YLLCENTER 8409000.000000
CELLSIZE 50.000000
NODATA_value -999.000000
[rows 216 to 251 of 400, columns 166 to 248 of 700]
10.16 10.16 10.16 10.16 10.16 10.16 10.16 10.16 10.16 11.62 10.62 10.62 10.62 10.87 10.85 14.18 16.29 16.66 21.03 8.21 11.95 16.29 16.29 16.29 16.29 16.20 17.02 17.02 17.02 16.91 13.65 17.27 15.34 10.99 11.03 11.03 11.03 11.03 11.09 11.09 11.09 11.09 10.82 10.82 10.82 10.82 10.72 12.13 10.72 10.72 12.09 10.69 10.69 10.69 10.80 10.80 10.80 10.80 10.48 10.48 10.48 10.48 12.81 11.83 9.35 9.35 9.31 9.31 9.31 9.31 10.42 7.64 9.31 9.31 9.09 10.18 9.09 9.09 9.03 9.03 9.03 9.03 8.94
10.16 10.16 10.16 10.16 10.16 10.16 10.16 10.16 10.16 10.16 10.62 10.62 10.62 10.62 14.80 14.80 16.20 16.57 15.95 11.58 16.20 16.29 16.29 16.20 16.29 16.29 17.02 17.02 16.91 16.91 13.65 15.34 15.34 10.99 11.03 11.03 11.03 11.03 11.09 11.09 11.09 11.09 12.30 10.82 10.82 10.82 10.72 10.72 10.72 10.72 10.69 10.69 10.69 10.69 10.80 10.80 10.80 10.80 10.48 10.48 11.86 11.86 11.83 10.45 9.35 9.35 9.31 9.31 9.31 9.31 9.31 9.31 9.31 10.37 9.09 9.09 9.09 9.09 9.03 10.61 10.12 9.03 8.94
12.13 10.16 10.16 10.16 10.16 10.16 10.16 10.16 10.16 10.16 10.62 10.62 17.77 15.13 18.03 16.20 16.20 16.94 16.32 16.57 16.09 16.09 16.29 16.29 16.29 16.19 16.91 20.54 16.91 16.91 15.34 13.65 15.34 10.99 11.03 11.03 11.03 11.03 11.09 11.09 11.09 11.09 10.82 10.82 10.82 10.82 10.72 10.72 10.72 10.72 10.69 10.69 10.69 10.69 10.80 10.80 10.80 10.80 11.94 10.48 10.48 10.48 10.45 10.45 9.35 9.35 9.31 9.31 9.31 9.31 9.31 9.31 9.31 9.31 9.09 9.09 9.09 9.09 9.03 10.12 10.12 9.03 8.94
11.02 12.12 12.45 11.02 11.02 10.16 10.16 11.51 10.16 13.17 12.02 14.76 16.44 16.20 16.20 18.03 16.20 13.50 16.32 16.57 16.29 16.20 18.03 14.77 18.64 16.19 16.91 20.54 16.91 15.32 15.34 15.34 10.99 10.99 11.03 11.03 11.03 11.03 11.09 11.09 14.27 11.09 10.82 10.82 10.82 10.82 10.72 10.72 10.72 10.72 10.69 10.69 10.69 10.69 10.80 10.80 10.80 10.80 10.48 10.48 10.48 10.48 10.45 9.35 9.35 9.35 9.31 9.31 9.31 9.31 9.31 12.14 10.42 9.31 9.09 9.09 9.09 9.09 9.03 9.03 9.03 9.03 9.95
10.99 12.10 12.12 11.01 11.01 11.01 12.13 12.13 10.16 10.16 10.63 10.63 14.78 16.29 16.20 16.57 15.35 15.95 16.57 16.20 16.20 13.10 16.20 14.81 16.19 16.19 20.54 20.54 16.91 16.90 18.43 18.70 11.01 11.01 11.03 11.03 11.03 11.03 12.46 11.03 11.03 14.22 10.71 10.71 10.71 10.71 18.24 16.46 14.95 10.67 10.73 10.73 10.73 10.73 12.16 10.76 10.76 10.76 10.37 10.37 10.37 10.37 10.34 9.26 9.26 9.26 9.25 9.25 9.25 9.25 10.40 9.29 9.29 9.29 10.17 10.17 9.07 9.07 9.02 9.02 9.02 9.02 8.91
10.99 10.99 11.01 11.01 11.01 11.01 11.02 11.02 11.02 11.02 11.56 11.56 10.63 14.78 16.20 11.95 13.43 16.32 16.20 16.29 16.20 16.20 14.81 14.81 14.81 16.19 20.54 16.91 16.90 16.90 16.90 15.70 11.62 15.45 15.40 11.03 11.03 11.03 11.03 11.03 16.06 14.22 10.71 10.71 14.90 16.46 16.46 16.46 14.95 10.67 10.73 10.73 10.73 10.73 10.76 10.76 10.76 10.76 10.37 10.37 10.37 10.37 10.37 9.26 9.26 10.37 9.25 9.25 9.25 9.25 9.29 9.29 9.29 9.29 9.07 9.07 9.07 9.07 9.02 9.02 9.02 9.02 8.91
12.10 10.99 11.01 11.01 11.01 11.01 11.02 11.02 12.13 11.02 11.56 11.56 11.56 15.19 13.79 14.16 12.69 15.95 16.20 16.20 16.20 16.20 16.20 14.81 16.20 16.20 20.53 17.28 12.49 19.05 15.38 16.90 17.02 15.38 15.40 15.40 15.40 18.87 14.22 11.75 14.22 14.22 10.71 16.46 18.24 16.46 16.46 16.46 14.95 10.67 10.73 10.73 10.73 10.73 10.76 10.76 10.76 10.76 10.37 10.37 10.37 11.75 9.26 10.37 9.26 10.87 9.25 9.25 10.36 8.60 7.64 9.29 9.29 9.29 9.07 9.07 9.07 10.13 9.02 9.02 9.02 9.02 8.91
10.99 10.99 11.45 14.38 11.01 11.01 12.12 11.02 11.02 11.02 11.56 11.56 12.05 15.48 15.61 10.86 13.69 14.86 14.16 16.29 16.29 16.20 16.20 16.20 16.20 21.85 20.91 16.90 17.27 17.02 19.44 17.02 17.02 16.90 16.90 17.02 15.40 19.05 17.02 15.71 18.82 16.90 18.24 16.46 16.46 16.46 16.46 16.46 10.67 10.67 12.12 13.09 12.12 12.12 10.76 10.76 10.76 10.76 10.37 10.37 10.37 10.37 9.26 9.26 9.26 7.64 7.64 7.64 7.64 7.64 7.64 7.64 7.64 7.64 7.40 7.40 9.07 9.07 9.02 9.02 9.02 9.02 9.93
14.31 16.61 14.34 14.34 14.34 10.98 11.01 11.01 11.01 11.01 12.61 11.57 15.21 15.21 15.48 14.13 11.23 18.31 14.53 13.79 13.79 13.79 13.76 16.20 22.03 23.41 12.49 16.90 18.87 16.90 15.33 15.33 18.82 16.90 16.90 17.02 16.90 16.90 16.90 16.90 16.90 17.02 16.46 16.46 16.46 16.46 16.46 14.86 10.68 11.22 10.66 10.66 10.66 10.66 10.64 10.64 10.64 11.18 10.28 10.28 10.28 9.21 10.33 9.23 9.23 7.64 7.64 7.64 7.64 7.64 7.64 7.64 7.64 7.64 9.06 9.06 9.06 9.06 10.04 8.99 8.99 12.03 9.96
16.30 15.65 14.34 14.34 14.34 14.34 14.38 15.63 14.38 14.38 15.21 15.21 15.21 15.21 13.79 13.79 11.97 8.63 11.23 14.16 13.76 13.79 13.76 14.98 17.38 13.79 16.90 16.90 17.02 16.90 17.02 17.02 17.02 16.90 16.90 17.02 16.90 16.90 16.90 17.02 17.02 17.02 16.46 16.46 16.46 16.46 19.81 18.24 18.44 16.46 16.46 16.46 16.46 16.46 16.83 17.20 16.46 16.31 10.28 10.28 10.28 9.21 10.36 9.23 9.60 8.01 7.64 7.64 7.64 9.26 9.28 8.80 11.02 9.28 10.15 9.06 9.06 9.06 8.99 8.99 8.99 8.99 8.95
16.22 14.92 14.95 14.95 14.95 14.95 14.99 14.99 14.99 14.99 15.77 15.77 15.77 14.21 14.15 14.15 14.89 12.36 15.25 14.52 14.15 14.15 14.15 14.52 14.52 17.84 15.38 15.38 15.11 14.02 17.93 17.93 17.93 17.78 17.78 17.78 17.78 17.78 17.78 17.93 17.93 17.93 17.58 17.58 17.58 17.58 19.50 17.58 17.58 17.58 17.58 19.87 17.58 17.43 13.65 13.65 17.58 14.08 17.46 10.42 10.42 9.33 9.35 9.35 9.35 8.03 7.66 9.39 9.39 9.39 7.66 7.66 8.31 7.66 8.93 8.93 8.93 8.93 8.84 8.84 8.84 8.84 9.05
14.92 14.92 14.95 14.95 14.95 14.95 14.99 16.35 16.30 14.99 15.77 16.06 16.06 14.15 14.15 14.15 14.21 14.52 18.76 14.88 16.12 20.10 10.51 14.52 14.15 14.39 15.26 15.48 16.14 15.11 15.11 15.11 15.11 17.78 18.30 18.30 17.93 17.93 17.78 17.93 17.78 17.78 17.43 19.50 17.58 17.58 17.58 17.58 17.58 17.58 17.95 17.95 17.47 17.43 17.95 18.32 17.47 14.08 15.99 12.88 10.45 9.33 9.35 13.59 9.35 9.35 7.66 9.39 9.39 12.40 7.66 9.41 9.41 9.41 8.93 8.93 8.93 8.93 9.85 8.84 8.84 8.84 9.05
14.97 14.97 14.99 14.99 16.30 16.30 15.04 15.31 15.31 15.31 16.08 16.08 16.08 16.08 14.21 14.21 15.13 16.67 11.62 15.25 7.89 15.62 14.51 14.88 18.02 14.51 7.75 15.48 15.72 15.85 15.35 15.38 15.75 15.38 12.37 12.74 12.61 23.47 17.78 17.93 17.78 17.78 17.58 17.58 17.58 17.58 15.53 17.95 18.32 13.65 18.69 17.58 17.58 17.58 17.95 17.84 17.58 14.08 15.99 14.50 9.36 9.36 9.41 9.41 9.41 9.41 7.66 9.45 9.45 9.45 9.45 9.45 9.45 9.45 8.94 8.94 8.94 8.94 8.86 8.86 8.86 8.86 9.07
14.97 14.97 14.99 14.99 14.99 14.99 15.04 15.04 15.31 15.31 15.80 17.48 16.08 17.66 17.47 14.21 14.15 14.15 14.15 14.15 14.58 18.89 15.62 4.64 18.39 14.14 7.75 20.40 16.16 15.63 21.56 16.00 16.00 15.63 7.38 8.49 12.74 12.37 15.85 15.38 13.06 21.31 17.58 17.58 17.58 17.58 17.58 19.32 18.96 13.65 14.02 13.65 17.58 17.43 15.59 11.16 11.16 11.16 10.46 10.46 9.36 9.36 9.41 9.41 13.59 9.41 9.45 7.66 9.45 9.45 9.45 9.45 9.45 12.99 12.17 12.17 12.69 8.94 8.86 8.86 8.86 8.86 9.07
11.42 11.42 11.43 11.43 11.43 11.43 11.47 11.47 11.47 15.04 17.23 16.08 16.08 16.08 17.47 16.07 16.07 14.15 15.13 14.15 14.21 14.15 14.88 14.88 11.99 12.73 16.09 16.09 19.35 19.35 12.37 16.61 8.12 4.12 12.00 19.72 18.98 7.67 15.63 4.49 16.83 11.63 11.84 14.82 17.58 17.58 17.58 4.13 21.47 16.90 16.90 17.84 17.58 17.43 15.90 15.59 15.59 11.16 10.46 9.36 9.36 9.36 9.41 9.41 9.41 9.41 9.45 9.45 9.45 9.45 9.45 9.45 12.99 12.99 12.69 12.17 8.94 8.94 8.86 8.86 8.86 8.86 9.07
11.42 11.42 11.43 11.43 11.43 11.43 11.47 11.47 11.47 12.77 11.98 15.80 15.80 16.08 16.07 16.07 16.07 17.65 14.21 14.15 14.21 15.13 14.15 14.15 15.25 6.12 13.85 13.11 12.00 13.11 5.23 16.74 9.15 4.86 12.37 12.74 12.00 18.61 16.02 16.37 8.49 19.35 11.84 11.84 11.84 11.84 11.84 15.47 16.53 16.90 16.53 15.53 15.53 15.53 15.59 15.59 15.59 15.59 14.50 9.36 9.36 9.36 9.41 9.41 9.41 9.65 13.59 13.59 9.45 9.45 16.41 10.77 9.45 13.59 12.69 8.94 8.94 8.94 8.86 8.86 8.86 8.86 12.69
11.50 11.50 11.52 11.52 11.52 11.52 11.54 11.54 13.41 12.68 12.03 12.92 12.03 16.11 16.08 16.08 17.48 16.08 16.05 16.05 14.21 14.15 15.13 14.15 12.57 15.25 19.38 19.38 15.26 19.38 15.26 16.00 16.00 8.49 17.80 19.35 15.26 16.65 8.69 17.04 17.68 16.37 15.09 15.09 19.07 19.07 18.70 15.84 17.11 19.62 16.15 15.70 15.70 15.70 15.75 15.75 15.75 15.75 14.61 13.20 9.90 10.53 10.57 9.46 10.57 13.59 17.56 12.99 12.99 13.59 9.49 9.86 14.29 9.68 8.95 8.95 8.95 8.95 8.86 8.86 8.86 9.72 9.08
11.50 11.50 11.52 11.52 11.52 11.52 11.54 12.57 11.54 11.54 12.03 12.03 12.92 14.76 14.73 11.98 11.98 16.08 17.45 16.05 16.05 16.05 14.15 14.15 12.36 14.89 15.01 15.01 15.01 15.01 14.98 12.34 19.11 4.49 15.75 11.29 10.92 14.18 12.29 13.26 13.11 17.25 12.21 11.47 17.30 15.37 15.44 12.21 15.99 19.62 16.15 12.18 14.78 16.15 16.21 15.75 15.75 15.75 13.20 13.20 13.20 9.42 9.46 9.46 9.46 9.46 12.99 10.56 15.87 13.36 13.36 10.56 13.71 13.96 12.69 8.95 8.95 8.95 8.86 8.86 10.97 9.72 9.08
11.50 11.50 11.52 11.52 11.52 11.52 11.54 12.57 11.54 11.54 12.03 12.03 12.03 12.03 11.98 11.98 12.48 19.01 16.05 16.05 16.05 16.05 16.03 19.06 11.25 15.57 15.01 15.11 15.01 15.01 15.01 11.63 12.77 15.26 14.67 15.04 10.78 13.48 17.11 14.18 15.01 13.99 15.92 15.92 15.92 15.92 11.84 16.73 14.71 13.53 13.53 14.82 13.50 13.50 13.87 12.66 16.21 16.21 13.20 13.20 13.20 13.20 9.46 9.46 9.46 9.46 13.59 13.73 10.19 16.98 13.82 17.36 13.73 14.66 12.17 8.95 8.95 8.95 8.86 9.11 8.86 8.86 9.08
11.50 11.50 11.52 11.52 11.52 11.52 11.54 13.44 11.54 11.54 12.03 12.03 12.03 12.03 11.98 11.98 11.98 15.81 16.05 15.75 16.05 16.05 16.03 14.21 14.15 14.15 14.22 14.61 16.14 15.11 15.11 11.63 14.21 14.21 13.88 13.88 10.78 11.32 11.00 14.18 15.01 15.01 16.29 16.91 15.92 15.58 16.36 16.36 15.99 11.10 13.53 18.45 18.45 13.50 3.87 11.15 13.39 13.87 15.64 15.40 15.03 13.20 9.46 9.46 9.46 9.46 9.50 13.36 16.60 12.99 13.73 10.93 10.23 13.59 9.97 9.97 8.95 8.95 12.17 8.86 8.86 9.72 9.08
11.55 11.55 11.60 11.60 11.60 11.60 11.62 11.62 11.62 11.62 12.09 12.09 12.09 12.09 12.01 12.01 12.01 12.01 11.93 15.73 16.04 16.04 16.02 16.02 14.15 16.02 14.21 14.21 13.91 13.91 14.20 14.60 14.60 14.20 13.84 13.84 13.84 11.37 11.34 14.60 14.60 15.38 11.84 19.09 15.99 15.99 16.20 16.20 16.20 16.20 11.10 16.27 16.92 18.45 15.15 13.08 11.52 11.90 11.31 13.73 9.46 13.59 9.48 9.48 13.36 13.36 13.73 13.82 3.32 13.36 15.28 14.10 9.84 9.47 8.92 8.92 15.29 10.14 8.83 8.83 8.83 8.83 8.86
11.55 11.55 11.60 11.60 11.60 11.60 11.62 12.65 11.62 11.62 12.09 12.09 12.09 12.09 12.01 12.01 12.01 12.01 11.93 17.10 15.73 16.04 16.02 16.02 16.02 16.02 14.21 14.21 14.21 13.91 14.20 14.02 14.60 14.60 14.18 14.18 13.84 13.84 11.34 11.08 17.77 14.14 19.09 18.72 15.99 15.99 16.20 16.20 16.20 16.20 15.21 11.47 16.27 14.72 14.78 14.78 14.04 15.50 10.93 10.93 13.73 13.36 13.96 12.99 13.73 14.08 13.36 6.95 3.69 10.19 11.20 10.19 8.03 10.44 8.92 8.92 8.92 8.92 9.84 8.83 8.83 8.83 8.86
11.55 11.55 11.60 11.60 11.60 11.60 11.62 11.62 11.62 11.62 12.09 12.09 12.09 12.09 12.01 12.01 12.01 12.01 12.41 15.73 15.73 14.15 14.21 16.02 16.02 17.42 14.21 14.04 14.70 13.91 14.20 14.20 14.20 14.95 14.18 14.98 14.18 14.18 12.32 14.97 14.51 14.14 18.72 15.99 15.99 15.99 16.20 16.20 16.20 16.20 16.64 15.21 14.72 14.72 11.10 13.76 13.76 14.12 14.76 17.96 10.19 13.73 13.36 13.36 13.73 10.19 16.61 12.35 10.19 12.72 11.93 13.36 12.99 9.47 12.69 9.93 8.92 8.92 8.83 8.83 8.83 8.83 11.21
12.58 11.55 11.60 11.60 11.60 11.60 11.62 11.62 11.62 11.62 12.09 12.09 12.09 12.09 12.01 12.01 12.01 12.01 11.93 14.15 14.15 14.15 14.15 14.15 16.02 12.13 11.02 14.21 13.91 13.91 13.87 13.87 13.87 13.87 13.84 13.84 14.66 14.18 12.32 14.51 14.74 19.08 15.99 15.99 15.99 15.99 16.20 14.82 14.82 11.84 15.93 15.56 14.70 16.27 15.09 15.46 15.09 14.61 13.96 12.99 16.61 16.61 13.36 13.73 13.73 13.09 13.82 12.99 12.99 10.56 14.10 13.36 15.13 13.59 9.14 8.92 8.92 8.92 8.83 8.83 8.83 8.83 8.86
11.58 11.58 11.65 11.65 11.65 11.65 11.63 12.66 11.63 11.63 12.08 12.08 12.08 12.08 11.99 11.99 11.99 11.99 14.68 12.49 14.15 12.49 14.15 11.92 11.92 12.92 13.75 11.04 13.95 13.95 13.91 13.91 13.91 13.91 14.60 14.60 14.60 13.84 13.83 16.22 16.26 13.83 16.14 16.14 16.14 16.14 16.26 14.82 16.26 15.56 4.81 4.44 15.07 14.72 15.83 12.21 15.09 16.99 12.99 12.99 13.36 13.36 14.56 14.93 13.84 11.68 17.73 4.47 15.65 13.73 15.52 12.99 13.59 16.07 8.90 8.90 8.90 8.90 8.86 8.86 8.86 9.87 8.92
11.58 11.58 11.65 12.69 11.65 11.65 11.63 11.63 11.63 11.63 12.08 12.08 12.08 11.24 11.99 11.99 11.99 11.99 11.92 12.49 12.49 12.49 14.68 11.92 11.92 11.92 10.83 10.83 13.95 13.95 13.91 13.91 13.91 13.91 13.84 13.84 14.18 13.84 13.83 13.83 15.04 13.83 16.14 16.14 16.14 16.14 14.72 14.72 14.82 14.72 15.19 11.84 11.84 15.09 11.47 11.84 15.09 19.58 14.90 13.92 14.10 14.47 5.17 5.91 15.67 15.30 15.44 11.31 10.56 12.99 12.99 12.99 13.59 9.43 9.91 8.90 8.90 8.90 8.86 8.86 8.86 8.86 8.92
10.98 10.98 11.04 11.04 11.04 11.04 11.02 12.27 12.27 13.10 11.36 11.36 13.71 12.50 11.27 11.27 11.27 11.27 11.20 11.20 11.74 11.20 11.20 11.20 11.20 11.20 11.70 11.70 11.70 11.70 15.35 15.35 15.35 15.35 15.27 15.27 15.27 15.27 15.27 15.27 15.27 15.27 15.35 15.35 15.35 15.35 13.84 14.21 14.21 15.54 16.13 10.71 10.71 10.34 13.84 13.84 13.84 15.36 14.41 12.59 13.70 11.04 11.41 6.20 12.15 10.67 13.56 15.57 12.59 12.96 12.59 12.59 13.15 9.18 8.74 8.74 8.74 8.74 8.70 8.70 8.70 8.70 8.76
10.98 10.98 11.04 11.04 11.04 11.04 11.02 11.02 11.02 11.02 11.36 11.36 11.36 11.36 12.43 12.43 12.43 12.41 11.20 11.20 11.20 11.20 11.20 11.20 11.20 11.20 11.70 11.70 11.70 11.70 11.68 11.68 15.35 15.35 15.27 15.27 15.27 15.27 15.27 15.27 15.27 15.27 15.35 15.35 15.35 14.21 14.21 13.84 14.21 14.42 13.84 15.42 15.79 14.21 13.84 13.84 15.36 15.51 14.52 14.52 12.96 12.96 11.41 12.52 11.04 13.27 12.90 13.19 12.96 12.96 12.59 12.96 9.18 9.18 8.74 8.74 8.74 8.74 8.70 8.70 8.70 12.00 8.76
11.01 11.01 11.02 11.02 12.83 12.11 10.94 12.37 10.94 10.94 11.27 11.27 11.27 11.27 11.22 11.22 11.22 11.22 11.20 11.20 11.20 11.20 11.22 11.22 11.22 11.22 11.76 11.76 11.76 11.76 11.74 11.74 11.74 15.44 15.33 15.33 15.33 15.33 15.37 15.37 15.37 15.37 15.37 15.37 15.37 13.90 13.84 13.84 10.34 16.53 15.34 15.34 15.71 15.71 15.42 10.34 15.36 15.36 14.52 14.41 13.15 13.52 13.42 13.64 12.59 12.96 16.53 12.96 12.96 12.59 12.59 12.96 9.53 9.16 8.76 8.76 8.76 8.76 8.74 8.74 12.00 12.00 8.78
11.01 11.01 11.02 11.02 11.02 11.02 10.94 10.94 12.05 10.94 11.27 11.27 11.27 11.27 11.22 11.22 11.22 11.22 11.20 11.20 12.35 11.20 11.22 11.22 11.22 11.22 11.76 11.76 11.76 11.76 11.74 11.74 11.74 15.44 15.33 15.33 15.33 15.33 15.37 15.37 15.37 16.57 15.37 15.37 15.37 13.90 13.84 14.87 15.36 15.36 15.34 9.18 15.34 15.71 3.84 10.71 15.73 15.36 14.41 14.41 12.96 13.27 10.30 12.53 12.59 12.96 16.58 12.96 12.96 12.59 12.59 9.16 9.16 9.93 9.13 8.76 10.01 8.76 8.74 12.00 13.33 12.00 9.03
11.01 11.01 11.02 12.82 11.02 11.02 10.94 10.94 12.05 10.94 11.27 11.27 11.27 11.74 11.42 11.22 11.22 11.22 11.20 12.07 12.07 11.20 11.22 11.22 11.22 11.22 11.76 11.76 11.76 11.76 11.74 11.74 11.74 11.74 15.33 15.33 15.33 15.33 15.37 15.37 15.37 15.37 15.37 15.37 15.37 16.95 13.84 15.36 15.36 9.18 9.18 9.18 9.18 15.71 11.45 11.82 4.04 15.51 14.52 14.41 12.53 13.27 13.27 9.56 10.30 13.93 16.21 12.90 12.96 12.59 13.15 12.59 9.56 9.93 8.74 8.74 8.76 8.76 8.74 9.65 8.74 8.74 8.78
11.01 11.01 11.02 11.02 11.02 11.02 10.94 10.94 10.94 10.94 11.27 11.27 11.27 11.74 11.74 11.22 11.22 11.22 11.78 12.07 11.20 11.20 11.22 11.22 11.22 11.22 11.76 11.76 11.76 11.76 11.74 12.78 11.74 11.74 11.66 15.33 16.66 15.33 15.37 15.37 15.37 15.37 15.37 15.37 15.37 13.90 14.67 15.36 20.76 9.18 9.18 9.18 15.34 15.71 13.01 4.21 15.35 13.86 14.52 13.15 12.59 12.96 12.59 12.59 3.24 14.30 12.53 12.59 12.59 14.44 9.53 12.59 12.59 11.94 8.76 9.40 8.76 8.76 11.54 8.74 8.74 8.74 8.78
10.99 12.10 10.97 10.97 12.08 10.97 10.89 10.89 10.89 10.89 11.22 11.22 13.72 13.19 11.21 11.21 11.21 11.21 12.85 12.07 11.78 11.20 11.24 11.24 11.24 13.18 11.79 11.79 11.79 11.79 12.80 11.75 11.75 11.75 11.72 15.42 15.42 15.42 15.45 15.45 15.45 15.45 15.33 15.33 15.33 15.33 15.29 15.29 18.54 9.18 9.18 9.18 15.35 15.72 14.46 16.25 15.51 15.51 13.15 12.59 12.59 12.59 10.30 10.30 3.24 7.24 10.30 10.30 12.53 12.59 9.93 9.56 12.96 12.96 11.54 8.78 8.78 11.54 18.18 11.54 11.54 12.00 8.82
10.99 10.99 10.97 10.97 10.97 10.97 10.89 10.89 10.89 10.89 11.22 11.22 14.06 13.19 14.70 14.70 17.30 11.21 13.71 12.44 9.76 11.20 11.24 11.24 11.24 11.24 11.79 11.79 11.79 11.79 11.75 11.75 11.75 11.75 11.72 15.42 15.42 15.42 15.45 15.45 15.45 15.45 15.33 9.18 9.18 9.18 15.29 18.54 10.11 9.18 9.18 9.18 16.53 15.35 14.09 16.25 15.36 15.36 12.59 12.59 12.59 12.59 9.93 13.27 3.24 15.94 12.96 12.96 9.56 12.59 14.07 12.59 12.59 12.96 12.00 8.74 8.78 9.11 19.22 21.81 20.98 11.54 11.54
10.99 12.10 10.97 10.97 10.97 10.97 10.89 10.89 10.89 11.99 11.22 14.72 14.72 15.79 15.77 14.70 15.98 13.19 14.69 11.20 13.71 13.71 11.24 11.24 11.24 11.24 11.79 11.79 11.79 11.79 11.75 11.75 11.75 11.75 11.72 11.72 15.42 15.42 15.45 15.45 15.45 15.45 15.33 9.18 9.18 9.18 9.18 9.18 9.18 9.18 9.18 9.18 15.35 15.35 16.94 15.51 15.36 15.73 16.53 12.59 12.59 9.56 9.93 9.93 10.30 13.56 12.59 12.59 13.15 12.59 14.07 12.59 12.59 12.59 12.00 11.36 8.88 9.11 23.39 18.18 21.81 18.18 8.74
10.99 12.10 10.97 10.97 10.97 10.97 10.89 10.89 11.99 10.89 11.22 11.22 14.72 15.79 15.77 14.70 13.19 15.77 14.69 15.77 13.71 13.71 11.24 11.24 11.24 11.24 11.79 11.79 11.79 12.83 12.80 11.75 11.75 11.75 11.72 15.42 15.42 15.42 15.45 15.45 15.45 15.45 15.33 9.18 9.18 9.18 9.18 9.18 9.18 9.18 9.18 15.35 15.35 13.84 13.90 15.51 15.73 11.73 16.96 16.21 9.56 9.93 3.61 9.93 12.59 16.58 12.90 10.30 13.15 13.15 13.15 13.15 12.59 12.59 11.54 8.78 11.54 11.36 24.44 18.18 20.28 21.81 18.18
