New_Model_Runs/16_Future_RCP8.5_Scn3_out/post_prcessed_with_MFR/Monthly_summaries/net_infiltration_monthly_APR.asc
NCOLS 700
NROWS 400
XLLCENTER 515000.000000
YLLCENTER 8409000.000000
CELLSIZE 50.000000
NODATA_value -999.000000
[rows 185 to 221 of 400, columns 252 to 335 of 700]
8.65 8.65 8.65 8.65 9.21 9.44 9.21 9.21 9.22 9.22 9.22 9.22 9.20 9.20 9.20 9.41 9.12 9.12 9.12 9.12 9.25 9.25 9.25 9.25 9.26 9.26 9.26 9.26 9.46 8.62 8.62 8.62 8.74 10.95 10.95 8.74 9.08 9.08 9.08 9.74 10.74 11.42 9.09 10.01 10.01 10.01 10.01 11.38 11.18 8.92 8.92 8.92 9.04 9.04 9.04 9.04 8.92 8.92 8.92 8.92 8.95 8.95 8.95 8.95 8.99 8.99 8.99 8.99 9.69 9.69 9.69 9.69 9.75 9.75 9.75 9.75 9.70 10.86 9.70 9.70 10.06 10.06 10.06 10.06
8.65 8.65 8.65 8.65 9.21 9.21 9.21 9.21 9.22 9.22 9.22 9.22 9.20 9.20 9.20 9.20 9.12 9.12 9.12 9.12 9.25 9.25 9.25 9.48 9.26 9.26 9.26 9.26 9.46 9.46 8.62 8.62 9.77 10.95 10.95 11.09 10.17 9.08 11.40 11.79 11.56 10.73 9.59 10.01 9.06 10.16 9.06 9.06 8.92 8.92 8.92 8.92 9.04 9.04 9.04 10.28 8.92 8.92 8.92 8.92 8.95 8.95 8.95 8.95 8.99 8.99 8.99 8.99 9.69 9.69 9.69 9.69 9.75 9.75 9.75 9.75 9.70 9.70 9.70 9.70 10.06 10.06 10.06 10.06
8.65 8.65 8.65 8.65 9.21 10.25 9.21 9.21 9.22 9.22 9.22 9.22 9.20 9.20 9.20 9.20 9.12 9.12 9.12 9.12 9.25 9.25 9.25 9.25 9.26 9.26 9.26 9.26 9.46 9.46 9.46 9.68 8.74 10.95 8.74 9.84 9.08 9.08 11.40 10.73 10.73 10.73 11.42 10.18 9.06 9.06 9.06 9.06 8.92 8.92 9.99 8.92 9.56 11.92 11.92 14.07 8.92 8.92 8.92 8.92 8.95 8.95 8.95 8.95 8.99 8.99 8.99 8.99 9.69 9.69 9.69 9.69 9.75 10.53 9.75 9.75 9.70 9.70 9.70 9.70 10.06 10.06 10.06 10.06
8.58 8.58 8.58 8.79 9.16 9.16 9.38 9.16 9.12 9.12 9.12 9.81 9.04 9.04 9.04 9.04 8.98 8.98 8.98 8.98 9.20 9.20 9.20 9.20 9.24 9.24 9.24 9.24 9.37 10.79 9.37 9.37 9.48 8.64 9.69 8.64 9.00 9.00 10.09 9.00 9.03 11.33 11.33 9.03 10.01 8.94 8.94 10.01 8.73 8.73 8.73 8.73 11.72 12.41 9.05 11.72 11.82 8.97 8.97 8.97 9.08 9.08 9.08 9.08 9.15 9.15 9.15 9.15 9.80 9.80 9.80 9.80 9.79 9.79 9.79 9.79 9.75 9.75 9.75 9.75 10.06 10.06 10.06 10.06
8.58 8.58 8.58 8.58 9.16 9.38 9.16 9.16 9.12 9.12 9.12 9.12 9.26 9.04 9.04 9.04 8.98 8.98 9.19 8.98 9.20 9.20 9.20 9.20 9.24 9.24 9.24 9.24 9.57 9.37 9.37 9.37 9.48 9.48 9.48 8.64 9.00 9.00 9.00 9.00 9.03 9.03 9.03 9.03 8.94 8.94 8.94 8.94 8.73 8.73 8.73 8.73 11.72 11.72 11.72 11.72 8.97 8.97 8.97 8.97 9.08 9.08 9.08 9.08 9.15 9.15 9.15 9.15 9.80 9.80 9.80 9.80 9.79 10.57 9.79 9.79 9.75 9.75 9.75 9.75 9.69 10.06 10.06 10.06
8.58 8.58 8.58 8.58 9.16 9.16 9.38 9.16 9.12 9.12 9.12 9.12 9.04 9.04 9.04 9.04 8.98 8.98 8.98 9.19 9.20 9.93 9.20 9.20 9.47 9.24 9.24 9.24 9.37 9.37 9.37 9.37 9.48 9.48 9.48 9.48 9.00 9.00 9.00 9.00 9.03 9.03 9.03 9.03 8.94 8.94 8.94 8.94 8.73 8.73 8.73 11.44 11.72 11.72 11.72 11.72 8.97 8.97 8.97 8.97 9.08 9.08 9.08 10.18 10.26 10.26 9.15 9.15 9.80 9.80 9.80 9.80 9.79 9.79 9.79 9.79 9.75 9.75 9.75 9.75 9.69 9.69 10.06 10.06
8.58 8.58 8.58 8.78 9.16 9.16 9.16 9.16 9.12 9.12 9.12 9.12 9.04 9.04 9.04 9.04 9.17 8.98 8.98 8.98 9.20 9.20 9.43 9.20 9.24 9.24 9.24 9.47 9.37 9.37 9.37 9.58 9.48 9.48 9.48 9.48 9.12 9.12 9.00 9.00 9.03 9.03 9.03 9.03 8.94 8.94 8.94 8.94 8.73 8.73 11.44 11.44 11.72 11.72 11.72 8.91 8.97 8.97 8.97 10.06 10.16 10.19 9.08 9.08 10.25 9.15 9.15 9.15 9.80 9.80 9.80 9.80 9.79 9.79 9.79 9.79 9.75 9.75 9.75 10.53 9.69 9.69 9.69 9.69
8.52 8.52 8.52 8.52 9.04 9.78 9.04 9.04 9.13 8.92 8.92 8.92 8.82 8.82 8.82 8.82 8.87 9.07 8.87 8.87 9.19 9.19 9.19 9.19 9.25 9.25 9.25 9.25 9.28 9.28 9.28 9.28 9.30 9.30 9.30 9.30 9.67 9.67 9.67 8.82 8.82 8.82 8.82 8.82 8.71 8.71 8.71 8.71 8.60 11.24 11.24 11.24 11.78 11.78 11.78 8.95 9.04 9.04 9.04 10.13 9.12 9.12 9.12 9.12 9.19 10.31 9.19 9.19 9.83 9.83 9.83 9.83 9.86 9.86 9.86 9.86 9.88 9.88 9.88 9.88 10.55 9.79 9.79 9.79
8.52 8.52 8.52 8.52 9.04 9.35 9.04 9.04 8.92 8.92 8.92 8.92 8.82 8.82 8.82 8.82 8.87 8.87 8.87 8.87 9.19 9.19 9.19 9.19 9.25 9.25 9.25 9.25 9.28 9.28 9.28 9.50 9.30 9.30 9.30 9.30 9.67 9.67 9.67 9.67 9.67 8.82 8.82 8.82 8.71 8.71 11.40 11.40 8.60 11.24 11.24 11.24 11.78 11.78 11.78 8.95 9.04 9.04 10.88 9.04 9.12 9.12 9.12 9.12 9.19 9.19 9.19 9.19 9.83 9.83 9.83 9.83 9.86 9.86 9.86 9.86 9.88 9.88 9.88 9.88 9.79 9.79 9.79 9.79
9.29 9.29 9.29 9.29 9.57 9.81 9.57 9.57 9.45 9.45 9.69 9.45 9.35 9.35 9.57 9.35 9.39 9.39 9.39 9.39 9.26 9.26 9.26 9.26 9.32 9.32 9.32 9.32 9.35 9.35 9.35 9.35 9.37 9.37 9.37 9.37 9.40 9.40 9.40 9.40 9.39 9.39 8.57 8.57 8.46 11.05 11.05 11.05 10.89 10.89 10.89 10.89 11.49 11.49 11.49 9.04 8.89 9.95 8.89 8.89 8.97 8.97 8.97 8.97 10.10 9.04 9.04 9.04 9.13 9.13 10.22 9.13 9.16 9.16 9.16 9.16 9.18 10.69 9.18 9.18 9.09 9.09 10.35 9.09
9.29 9.29 9.29 9.29 9.57 9.57 9.78 9.57 9.45 9.45 9.45 9.45 9.35 9.35 9.35 9.35 9.39 9.39 9.39 9.39 9.26 9.26 9.26 9.26 9.32 9.32 9.32 9.32 9.35 9.35 9.35 9.35 9.37 9.37 9.37 9.37 9.40 9.40 9.40 9.40 9.39 9.39 9.39 8.57 11.05 11.05 11.05 8.46 8.36 10.89 10.89 8.36 8.80 11.49 11.49 11.49 8.89 8.89 10.48 8.89 8.97 8.97 8.97 8.97 9.04 9.04 9.04 10.12 9.13 9.13 9.13 10.22 9.16 9.16 9.16 9.16 9.18 9.18 11.14 9.18 9.09 10.17 9.09 9.09
9.51 9.51 9.51 9.28 9.43 9.43 9.43 9.43 9.31 9.31 9.54 9.31 9.44 9.44 9.44 9.44 9.62 9.62 9.62 9.62 9.42 9.42 9.42 9.42 9.42 9.42 9.42 9.42 9.43 9.43 9.43 9.43 9.44 9.44 9.44 9.44 9.38 9.38 9.38 9.38 9.29 9.29 9.29 9.29 9.21 8.41 8.41 8.41 8.38 8.38 8.38 8.38 11.57 11.57 11.57 11.57 8.92 10.53 8.92 8.92 8.97 8.97 8.97 8.97 9.05 9.05 9.05 9.05 9.16 9.16 9.16 9.16 10.32 9.24 9.24 9.24 9.25 9.25 9.25 9.25 9.11 9.11 9.11 9.11
9.28 9.28 9.28 9.51 9.43 9.43 9.43 9.43 9.31 9.31 9.31 9.31 9.44 9.44 9.44 9.44 9.62 9.62 9.62 9.62 9.42 9.42 9.42 9.42 9.42 9.42 9.42 9.42 9.43 9.43 9.43 9.43 9.44 9.44 9.44 9.44 9.38 9.38 9.38 9.38 9.29 9.29 9.29 9.29 9.21 9.21 8.41 8.41 8.38 8.38 8.38 8.38 11.57 11.57 11.57 11.57 9.14 9.14 8.92 8.92 8.97 8.97 8.97 8.97 9.05 9.05 9.05 9.05 9.16 9.16 9.16 9.16 9.24 9.24 9.24 9.24 9.25 9.25 9.25 9.25 9.11 9.11 9.11 9.11
9.28 9.28 9.28 9.51 9.43 9.43 9.43 9.43 9.31 9.31 9.31 9.31 9.44 9.44 9.44 9.44 9.62 9.62 9.62 9.62 9.42 9.42 9.42 9.42 9.42 9.42 9.42 9.42 9.43 9.43 9.43 9.43 9.44 9.44 9.44 9.44 9.38 9.38 9.38 9.38 9.29 9.29 9.29 9.29 9.21 9.21 9.21 9.21 8.38 8.38 8.38 8.38 11.57 11.57 8.86 11.57 11.66 11.66 8.92 8.92 8.97 8.97 8.97 8.97 9.05 9.05 9.05 9.05 9.16 9.16 9.16 9.16 9.24 9.24 9.24 9.24 9.25 9.25 10.35 10.32 9.11 9.11 9.11 10.12
9.28 9.28 9.28 9.28 9.43 9.43 9.43 9.43 9.54 9.31 9.31 9.31 9.44 9.44 9.44 9.44 9.62 9.62 9.62 9.62 9.42 9.42 9.42 9.42 9.42 9.42 9.42 9.42 9.43 9.43 9.43 9.43 9.44 9.44 9.44 9.44 9.38 9.38 9.38 9.38 9.29 9.29 9.29 9.29 9.21 9.21 9.21 9.21 9.18 8.38 8.38 8.38 8.86 8.86 8.86 8.86 8.92 8.92 8.92 8.92 8.97 8.97 8.97 8.97 9.05 9.05 9.05 9.05 10.22 10.25 10.25 10.25 9.24 9.24 9.24 9.24 9.25 10.35 9.25 9.25 9.11 9.11 9.11 9.11
9.23 9.23 9.23 9.23 9.34 9.34 9.34 9.34 10.46 9.39 9.39 9.39 9.66 9.66 9.66 9.66 9.80 9.80 9.80 9.80 9.56 9.56 9.56 9.56 9.54 9.54 9.54 9.54 9.58 9.58 9.58 9.58 9.58 9.58 9.58 9.58 9.46 9.46 9.46 9.46 9.32 9.32 9.55 9.32 9.23 9.23 9.45 9.23 9.21 9.21 9.21 8.41 8.94 8.94 8.94 8.94 9.00 9.00 9.00 9.00 9.01 9.01 9.01 9.01 9.05 9.05 9.05 9.05 10.71 9.17 9.17 9.17 9.24 9.24 9.24 9.24 10.32 9.22 9.22 9.22 9.07 9.07 9.07 10.53
9.23 9.23 9.23 9.23 9.34 9.57 9.57 9.34 9.39 9.39 9.39 9.39 9.66 9.66 9.66 9.66 9.80 9.80 9.80 9.80 9.56 9.56 9.56 9.56 9.54 9.54 9.54 9.54 9.58 9.58 9.58 9.58 9.58 9.58 9.58 9.58 9.46 9.46 9.69 9.46 9.55 9.55 9.32 9.32 9.23 9.23 9.23 9.23 9.21 9.21 11.41 9.21 8.94 8.94 8.94 8.94 9.00 9.00 9.00 9.00 9.01 9.01 9.01 9.01 9.05 9.05 9.05 10.12 9.17 9.17 9.17 9.17 9.24 9.24 9.24 9.24 9.22 9.22 9.22 10.32 11.00 10.63 10.15 10.08
9.23 9.23 9.23 9.23 9.34 9.34 9.34 9.34 9.39 9.39 9.39 9.39 9.66 9.66 9.66 9.66 9.80 9.80 9.80 11.85 9.56 9.56 9.56 9.56 9.54 9.54 9.54 9.54 9.58 9.58 9.58 9.58 9.58 9.58 9.58 9.81 9.46 9.46 9.46 9.46 9.32 9.32 9.32 9.32 9.23 9.23 9.23 9.23 9.21 9.21 11.41 9.21 9.78 8.94 8.94 8.94 9.00 9.00 9.00 9.00 9.01 9.01 9.01 9.01 9.05 9.05 9.05 9.05 9.17 9.17 9.17 9.17 9.24 9.24 9.24 9.24 9.22 10.32 9.22 9.22 9.07 9.07 10.15 9.07
9.23 9.46 9.46 9.45 9.34 9.34 9.34 9.34 9.39 9.39 9.39 9.39 9.66 9.93 9.66 9.66 9.80 9.80 9.80 11.85 12.61 9.56 9.56 9.56 9.54 9.54 9.54 9.54 9.58 9.58 9.58 9.58 9.58 11.54 9.58 9.58 9.46 9.46 9.46 9.46 9.32 9.32 9.32 9.32 9.45 9.23 9.23 9.23 9.21 9.21 9.21 9.21 9.78 9.78 9.78 8.94 9.00 9.00 10.07 9.00 9.01 9.01 9.01 9.01 9.05 9.05 9.05 9.05 9.17 9.17 9.17 9.17 9.24 9.24 9.24 11.21 9.22 9.22 10.32 9.22 9.07 9.07 9.07 9.07
9.19 9.19 9.19 9.19 9.32 9.32 9.32 9.32 9.47 9.47 9.47 9.47 9.74 9.74 9.74 9.74 9.10 9.10 9.10 11.25 11.59 9.62 9.87 9.62 9.63 9.63 9.63 9.63 9.64 9.64 9.64 11.61 11.51 9.12 9.56 9.56 9.41 9.41 9.41 9.41 9.30 9.30 9.30 9.30 9.43 9.21 9.21 9.21 9.27 9.27 9.27 9.27 9.84 9.84 9.84 9.84 9.04 9.04 9.04 9.04 9.08 9.08 9.08 9.08 9.11 9.11 9.11 9.11 9.20 9.20 9.20 9.20 9.24 9.24 9.24 10.35 9.19 9.19 9.19 9.19 9.02 9.02 9.02 9.02
9.29 9.19 9.19 9.19 9.32 9.32 9.32 9.32 9.71 9.47 9.47 9.47 9.74 9.74 9.74 9.74 9.10 9.10 11.25 11.25 11.73 9.62 9.62 9.62 9.63 9.63 11.60 9.63 9.64 9.64 11.61 11.61 11.42 9.56 9.56 9.56 9.41 9.41 9.41 9.41 9.30 9.30 9.30 9.30 9.21 9.21 9.21 9.21 9.27 9.27 9.27 9.27 9.84 9.84 9.84 9.84 9.90 9.90 9.04 9.04 9.08 9.08 9.08 9.08 9.11 9.11 9.11 9.11 9.20 9.20 9.20 9.20 9.24 9.24 9.24 9.24 9.19 9.19 9.19 9.19 9.02 9.02 9.02 9.02
9.29 9.19 9.19 9.19 9.32 9.32 9.32 9.32 9.47 9.47 9.47 9.47 9.74 9.74 9.74 9.74 9.10 9.10 11.25 11.25 11.59 9.62 9.62 9.62 9.63 11.60 11.60 11.60 11.61 11.61 11.61 11.61 9.56 9.56 9.80 9.56 9.41 9.41 9.65 9.41 9.30 9.30 9.53 9.30 9.21 9.21 9.21 9.21 9.27 9.27 9.27 9.27 9.84 9.84 9.84 9.84 9.90 12.27 9.90 9.04 9.08 9.08 9.08 9.08 9.11 9.11 9.11 9.11 9.20 9.20 9.20 9.20 9.24 9.24 9.24 9.24 9.19 9.19 9.19 9.19 9.02 9.02 9.02 9.02
9.29 9.19 9.19 9.19 9.32 9.32 9.32 9.32 9.47 9.47 9.47 9.47 9.74 9.74 9.74 9.74 9.10 9.10 11.25 11.25 11.59 11.59 9.62 9.62 9.63 11.60 11.60 11.60 11.61 11.61 11.52 9.64 9.56 9.56 9.56 9.56 9.41 9.41 9.41 9.41 9.30 9.30 9.53 9.51 9.21 9.21 9.21 9.21 9.27 9.27 9.27 9.27 9.84 9.84 9.84 9.84 9.90 9.90 9.90 9.90 9.19 9.08 9.08 9.08 9.11 9.11 9.11 9.11 9.20 9.20 9.20 9.20 9.24 9.24 9.24 10.69 9.19 9.19 9.19 9.19 9.02 10.94 9.02 9.02
9.45 9.45 9.13 9.13 9.34 9.34 9.34 9.34 9.62 9.62 9.62 9.62 9.81 9.81 9.81 9.81 9.12 9.12 11.27 11.27 11.65 11.65 9.66 9.66 11.64 11.64 18.80 11.64 11.51 13.70 9.81 9.57 9.43 9.43 9.43 9.43 9.36 9.36 9.36 9.36 9.27 9.27 9.27 9.27 9.24 9.24 9.24 9.24 9.33 9.33 9.33 9.33 9.85 9.85 9.85 9.85 9.19 9.19 9.19 9.19 9.26 9.26 9.14 9.14 9.17 9.17 9.17 9.17 9.27 9.27 9.27 9.27 9.29 9.29 12.01 10.63 9.18 11.50 11.50 9.18 9.00 9.00 9.00 9.00
9.45 10.75 9.13 9.13 9.34 9.34 9.34 9.34 9.62 9.62 9.62 9.62 9.81 9.81 9.81 9.81 9.12 9.12 11.27 11.27 11.65 11.65 11.65 11.65 11.64 18.80 19.04 11.64 11.51 9.57 9.57 10.08 9.43 9.43 9.43 9.43 9.36 9.36 9.36 9.36 9.27 9.27 9.27 9.27 9.24 9.24 9.24 9.24 9.33 9.33 9.33 9.33 9.85 9.85 9.85 9.85 9.19 9.19 9.19 9.19 9.26 9.26 9.26 9.26 9.17 9.17 9.17 9.17 9.27 9.27 9.63 12.34 12.37 9.40 12.01 11.26 11.50 11.50 11.50 11.50 9.00 9.00 9.00 9.00
9.70 9.70 9.64 9.64 9.28 9.28 9.28 9.28 9.56 9.56 9.56 9.56 9.75 9.75 9.75 9.75 9.81 9.81 11.84 11.84 10.74 11.26 18.11 18.11 18.10 18.10 18.10 10.73 10.61 8.88 8.88 8.88 8.96 8.75 8.75 8.75 8.48 8.48 8.48 8.48 8.60 8.40 8.40 8.40 8.37 8.37 8.37 8.37 8.46 8.46 8.46 8.46 8.64 8.64 8.64 8.64 8.72 8.72 8.72 8.72 8.79 6.27 8.79 8.79 8.82 8.08 8.08 8.08 8.05 8.41 3.27 3.27 2.91 7.66 7.66 10.95 9.85 9.85 9.85 9.85 7.80 7.80 7.80 7.80
9.70 10.69 9.70 9.64 9.28 9.28 9.28 9.28 9.56 9.56 9.56 9.56 9.75 9.75 9.75 9.75 9.81 11.84 11.84 11.84 10.74 18.11 18.11 18.11 18.10 18.32 10.73 10.73 8.88 8.88 8.88 8.88 8.75 8.75 8.75 8.75 8.48 8.48 8.48 8.48 8.40 8.60 8.40 8.40 8.37 8.37 8.37 8.37 8.46 8.46 8.46 8.46 8.64 8.64 8.64 8.64 8.72 8.72 8.72 8.72 8.99 8.79 8.79 6.27 8.82 8.82 8.08 8.08 9.96 8.05 10.02 12.85 10.81 12.39 10.35 9.99 7.97 7.97 7.97 7.97 7.80 7.80 7.80 7.80
10.97 9.61 9.61 9.55 9.40 9.40 9.40 9.40 9.71 9.71 9.71 9.71 9.80 9.80 9.80 9.80 9.83 11.86 11.86 11.86 10.73 18.11 18.11 18.11 18.06 18.06 8.92 8.92 8.78 8.78 8.78 8.78 8.71 8.71 8.71 8.71 8.48 8.48 8.48 8.67 8.40 8.40 8.40 8.40 8.43 8.43 8.43 8.43 8.49 8.49 8.49 8.49 8.68 8.68 8.68 8.68 8.73 8.73 8.73 8.73 8.79 8.79 8.79 9.81 6.27 8.83 8.83 9.06 10.05 10.31 9.54 13.21 11.03 9.70 9.92 8.02 7.88 7.88 7.88 8.78 7.78 7.78 7.78 7.78
9.61 10.58 9.61 9.61 9.40 9.40 9.40 9.40 9.71 9.71 9.71 9.71 9.80 9.80 9.80 9.80 9.83 11.86 11.86 11.86 10.73 18.11 18.11 18.11 18.06 8.92 8.92 8.92 8.78 8.78 8.78 8.78 8.71 8.71 8.71 8.71 9.45 8.48 8.48 8.48 8.40 8.40 8.40 8.40 8.43 8.43 8.43 8.43 8.49 8.49 8.49 8.49 8.68 8.68 8.68 8.68 8.73 8.73 8.73 8.73 8.79 8.79 10.45 8.79 6.27 8.83 8.83 9.06 9.38 7.66 7.66 12.85 9.70 10.06 9.92 8.02 7.88 7.88 7.88 7.88 7.78 7.78 7.78 7.78
9.61 9.61 9.61 9.61 9.40 9.40 9.40 9.40 9.71 9.71 9.71 9.71 9.80 9.80 9.80 9.80 9.83 11.86 11.86 11.86 10.73 18.11 18.11 18.11 18.06 8.92 9.13 8.92 8.78 8.78 8.99 8.78 8.71 8.71 8.71 8.71 8.72 8.48 8.48 8.48 8.61 8.40 8.40 8.40 8.43 8.43 8.43 8.43 8.49 8.49 8.49 8.49 8.68 8.68 8.68 8.68 8.73 8.73 8.73 8.73 8.79 8.79 8.79 10.59 10.51 8.83 8.83 8.83 9.38 7.11 7.11 12.09 9.70 9.32 8.02 8.02 7.88 7.88 7.88 7.88 7.78 7.78 7.78 7.78
9.61 9.61 9.61 9.61 9.40 9.40 9.40 9.40 9.71 9.71 9.71 9.71 9.80 9.80 9.80 9.80 9.83 11.86 11.86 11.86 18.11 18.11 18.11 18.11 18.27 10.67 9.13 8.92 8.78 8.78 8.99 8.78 8.71 8.71 8.71 8.71 10.10 8.48 8.48 8.48 8.40 8.40 8.40 8.40 8.43 8.43 8.43 8.43 8.49 8.49 8.49 8.49 8.68 8.68 8.68 8.68 8.73 8.73 8.73 8.73 8.79 8.79 8.79 11.41 10.23 8.83 8.83 8.83 10.47 8.88 7.11 8.88 12.09 9.92 8.76 8.02 7.88 7.88 7.88 7.88 7.78 7.78 7.78 7.78
10.61 9.63 9.63 9.63 9.62 9.57 9.57 9.57 9.80 9.80 9.80 9.80 9.85 9.85 9.85 9.85 9.83 11.87 11.87 18.97 18.09 18.09 18.09 18.30 18.38 10.63 10.63 8.89 8.76 8.76 8.76 8.76 8.69 8.69 8.69 9.66 8.47 8.47 8.47 8.47 8.47 8.47 8.47 8.47 8.47 8.47 8.47 8.47 8.49 5.96 8.49 8.49 8.71 8.71 8.71 8.71 8.74 8.74 8.74 8.74 8.75 8.96 8.75 10.41 9.73 11.44 10.09 9.42 8.88 9.95 8.59 7.11 16.41 7.83 9.30 7.94 7.86 7.86 7.86 7.86 7.84 7.84 7.84 7.84
9.63 9.63 9.63 9.63 9.62 9.57 9.57 9.57 9.80 9.80 9.80 9.80 9.85 9.85 9.85 11.89 11.87 11.87 18.97 18.97 18.09 18.09 18.09 18.09 18.03 10.63 8.99 9.08 8.76 8.76 8.76 8.76 8.69 8.69 8.69 8.69 8.47 8.47 8.47 8.47 8.47 8.47 8.47 8.47 8.47 8.47 8.47 8.47 9.52 8.49 8.49 8.49 8.71 8.71 8.92 8.71 8.74 8.74 8.74 8.74 8.75 8.75 8.75 10.41 9.73 9.03 9.39 10.09 9.92 8.19 8.59 10.62 3.31 9.61 8.89 7.66 10.05 7.86 7.86 9.69 9.67 9.67 7.84 8.94
9.63 9.63 9.63 9.63 9.62 9.62 9.57 9.57 9.80 9.80 9.80 9.80 11.89 11.60 11.89 11.89 11.87 11.87 18.97 18.97 18.09 18.09 18.09 18.15 18.12 10.63 10.63 8.89 10.45 10.45 8.76 8.76 8.69 8.69 8.69 8.69 8.47 8.47 8.47 8.47 8.47 8.47 8.47 8.47 8.47 8.47 8.47 8.47 8.49 8.49 8.49 8.49 8.71 8.71 8.71 8.71 8.74 8.74 8.74 8.74 8.75 8.75 10.41 10.50 9.73 9.06 7.63 7.29 8.88 7.11 8.88 11.70 7.83 8.89 7.47 7.84 2.60 9.34 10.06 10.06 10.17 8.59 7.30 8.27
9.63 9.63 9.63 9.63 9.62 9.62 9.57 9.57 9.80 9.80 9.80 9.80 11.89 11.92 11.92 11.30 11.87 18.97 18.97 18.97 18.09 18.46 18.66 18.15 18.12 18.03 10.63 10.63 10.66 10.45 10.45 8.76 8.69 8.69 8.69 8.88 9.20 9.08 8.47 8.47 8.47 8.47 8.47 8.47 8.47 8.47 8.47 8.66 8.49 8.49 8.49 8.49 8.71 8.71 8.92 8.71 8.74 8.74 8.74 8.74 8.75 8.75 10.41 10.41 9.03 9.06 7.29 7.29 9.24 7.47 7.47 12.10 7.11 7.11 2.24 6.11 5.75 5.75 4.51 6.86 5.75 7.48 2.24 7.48
9.76 9.76 9.76 9.76 9.73 9.73 9.67 9.67 9.83 9.83 9.83 9.83 11.89 11.92 11.30 11.30 18.96 18.96 18.96 18.96 18.08 18.46 18.15 18.15 10.76 10.76 10.69 10.63 10.95 10.93 11.36 8.91 8.60 8.60 8.60 8.60 2.70 9.03 8.50 8.50 8.56 8.56 8.56 8.56 8.49 8.49 8.49 8.49 8.48 8.48 8.48 8.48 8.73 8.73 10.37 8.73 8.77 8.77 8.77 9.80 9.78 8.74 10.38 10.38 10.50 9.03 7.29 2.19 7.11 9.24 7.47 10.98 7.11 5.75 6.11 2.24 7.48 3.35 3.35 0.00 4.51 6.86 5.75 5.75
9.76 9.76 9.76 9.76 9.73 9.73 9.73 9.67 9.83 9.83 9.83 9.83 15.41 11.92 11.89 18.99 18.96 18.96 18.96 18.96 18.08 18.15 18.36 18.15 11.12 11.85 15.36 10.99 10.38 11.34 10.38 8.71 8.60 8.60 8.60 8.60 6.90 6.04 11.23 8.71 8.56 8.56 8.56 8.56 8.49 8.49 8.49 8.49 8.48 8.48 8.48 8.48 8.73 8.73 9.73 9.73 8.54 8.77 8.88 6.27 6.27 6.85 8.74 10.38 10.77 7.65 8.18 2.19 2.13 2.85 3.21 5.65 10.99 6.11 7.84 7.48 3.35 3.35 3.35 0.00 0.00 0.00 3.35 11.69
