New_Model_Runs/16_Future_RCP8.5_Scn3_out/post_prcessed_with_MFR/Monthly_summaries/net_infiltration_monthly_APR.asc
NCOLS 700
NROWS 400
XLLCENTER 515000.000000
YLLCENTER 8409000.000000
CELLSIZE 50.000000
NODATA_value -999.000000
[rows 76 to 113 of 400, columns 336 to 419 of 700]
0.00 0.00 0.00 0.00 0.00 0.00 0.00 0.00 0.00 0.00 0.00 0.00 0.00 0.00 0.00 0.00 0.00 0.00 0.00 0.00 0.00 0.00 0.00 0.00 0.00 0.00 0.00 0.00 0.00 0.00 0.00 0.00 0.00 0.00 0.00 0.00 0.00 0.00 0.00 0.00 0.00 0.00 0.00 0.00 0.00 0.00 0.00 0.00 0.99 1.76 0.00 0.00 0.00 0.00 0.00 0.00 0.00 3.19 2.99 3.24 3.25 3.25 3.49 3.49 3.38 3.63 3.63 3.98 5.84 2.32 2.46 0.00 0.00 0.00 0.00 0.00 0.00 0.00 0.00 0.00 0.00 0.00 0.00 0.00
0.00 0.00 0.00 0.00 0.00 0.00 0.00 0.00 0.00 0.00 0.00 0.00 0.00 0.00 0.00 0.00 0.00 0.00 0.00 0.00 0.00 0.00 0.00 0.00 0.00 0.00 0.00 0.00 0.00 0.00 0.00 0.00 0.00 0.00 0.00 0.00 0.00 0.00 0.00 0.00 0.00 0.00 0.00 0.00 0.00 0.00 0.00 0.00 1.10 3.38 3.38 0.00 0.00 0.00 3.32 3.32 3.24 3.24 3.19 3.24 3.25 3.49 3.49 3.49 3.63 3.63 1.74 0.88 2.68 6.90 0.00 0.00 0.00 0.00 0.00 0.00 0.00 0.00 0.00 0.00 0.00 0.00 0.00 0.00
0.00 0.00 0.00 0.00 0.00 0.00 0.00 0.00 0.00 0.00 0.00 0.00 0.00 0.00 0.00 0.00 0.00 0.00 0.00 0.00 0.00 0.00 0.00 0.00 0.00 0.00 0.00 0.00 0.00 0.00 0.00 0.00 0.00 0.00 0.00 0.00 0.00 0.00 0.00 0.00 0.00 0.00 0.00 0.00 0.00 0.00 0.00 0.00 3.38 3.38 3.38 3.38 3.32 3.32 3.32 3.32 3.24 3.57 2.99 3.24 3.25 2.21 2.21 0.99 0.99 0.99 0.99 0.99 4.86 0.00 0.00 0.00 0.00 0.00 0.00 0.00 0.00 0.00 0.00 0.00 0.00 0.00 0.00 0.00
0.00 0.00 0.00 0.00 0.00 0.00 0.00 0.00 0.00 0.00 0.00 0.00 0.00 0.00 0.00 0.00 0.00 0.00 0.00 0.00 0.00 0.00 0.00 0.00 0.00 0.00 0.00 0.00 0.00 0.00 0.00 0.00 0.00 0.00 0.00 0.00 0.00 0.00 0.00 0.00 0.00 0.00 0.00 0.00 0.00 0.00 0.00 1.58 3.38 3.38 3.38 3.38 3.32 3.32 3.32 3.32 3.24 1.76 3.24 3.24 3.38 1.99 3.49 0.99 0.99 1.71 1.71 4.50 0.00 0.00 0.00 0.00 0.00 0.00 0.00 0.00 0.00 0.00 0.00 0.00 0.00 0.00 0.00 0.00
0.00 0.00 0.00 0.00 0.00 0.00 0.00 0.00 0.00 0.00 0.00 0.00 0.00 0.00 0.00 0.00 0.00 0.00 0.00 0.00 0.00 0.00 0.00 0.00 0.00 0.00 0.00 0.00 0.00 0.00 0.00 0.00 0.00 0.00 0.00 0.00 0.00 0.00 0.00 0.00 0.00 0.00 0.00 0.00 0.00 0.00 0.00 3.57 3.35 3.35 3.35 3.35 3.23 3.23 3.23 3.23 3.28 3.28 3.28 3.28 2.99 2.13 3.35 1.35 1.71 5.60 5.22 0.00 0.00 0.00 0.00 0.00 0.00 0.00 0.00 0.00 0.00 0.00 0.00 0.00 0.00 0.00 0.00 0.00
0.00 0.00 0.00 0.00 0.00 0.00 0.00 0.00 0.00 0.00 0.00 0.00 0.00 0.00 0.00 0.00 0.00 0.00 0.00 0.00 0.00 0.00 0.00 0.00 0.00 0.00 0.00 0.00 0.00 0.00 0.00 0.00 0.00 0.00 0.00 0.00 0.00 0.00 2.71 0.00 0.00 0.00 0.00 0.00 0.00 0.00 0.00 3.57 3.35 3.35 3.35 3.35 3.23 3.23 3.23 3.23 3.72 3.17 3.28 3.28 2.99 2.99 3.35 1.35 2.09 5.24 0.00 0.00 0.00 0.00 0.00 0.00 0.00 0.00 0.00 0.00 0.00 0.00 0.00 0.00 0.00 0.00 0.00 0.00
0.00 0.00 0.00 0.00 0.00 0.00 0.00 0.00 0.00 0.00 0.00 0.00 0.00 0.00 0.00 0.00 0.00 0.00 0.00 0.00 0.00 0.00 0.00 0.00 0.00 0.00 0.00 0.00 0.00 0.00 0.00 0.00 0.00 0.00 0.00 0.00 0.00 4.28 4.28 4.28 4.29 0.00 0.00 0.00 0.00 0.00 0.00 3.67 3.62 3.62 3.62 3.62 3.51 3.51 3.51 3.51 2.27 2.27 3.55 3.55 3.67 3.67 4.57 1.99 5.82 0.00 0.00 0.00 0.00 0.00 0.00 0.00 0.00 0.00 0.00 0.00 0.00 0.00 0.00 0.00 0.00 0.00 0.00 3.45
0.00 0.00 0.00 0.00 0.00 0.00 0.00 0.00 0.00 0.00 0.00 0.00 0.00 0.00 0.00 0.00 0.00 0.00 0.00 0.00 0.00 0.00 0.00 0.00 0.00 0.00 0.00 0.00 0.00 0.00 0.00 0.00 0.00 0.00 0.00 0.00 4.28 4.28 4.28 4.28 4.24 4.36 4.36 1.90 1.27 3.67 3.67 3.67 3.62 3.62 3.62 3.62 3.51 3.51 3.51 3.51 3.55 3.55 3.55 3.55 4.29 2.89 2.89 1.99 5.46 0.00 0.00 0.00 0.00 0.00 0.00 0.00 0.00 0.00 0.00 0.00 0.00 0.00 0.00 0.00 3.45 4.10 3.45 3.45
0.00 0.00 0.00 0.00 0.00 0.00 0.00 0.00 0.00 0.00 0.00 0.00 0.00 0.00 0.00 0.00 0.00 0.00 0.00 0.00 0.00 0.00 0.00 0.00 0.00 0.00 0.00 0.00 0.00 0.00 0.00 0.00 0.00 0.00 1.68 4.30 4.26 4.26 4.26 4.26 4.27 4.34 4.34 4.34 4.22 3.58 3.58 3.95 3.52 3.52 3.52 3.52 3.55 3.55 3.55 3.55 3.70 3.70 3.70 3.70 4.40 2.89 0.90 2.45 7.07 0.00 0.00 0.00 0.00 0.00 0.00 0.00 0.00 0.00 0.00 0.00 0.00 0.00 0.00 0.00 3.47 3.47 3.47 3.47
0.00 0.00 0.00 0.00 0.00 0.00 0.00 0.00 0.00 0.00 0.00 0.00 0.00 0.00 0.00 0.00 0.00 0.00 0.00 0.00 0.00 0.00 0.00 0.00 0.00 0.00 0.00 0.00 0.00 0.00 0.00 0.00 0.00 4.30 4.30 4.30 4.26 4.26 4.26 4.26 4.27 4.34 4.34 4.34 4.22 4.29 3.58 3.58 3.52 3.52 3.52 3.52 3.55 3.55 3.55 3.55 4.33 4.33 4.33 2.89 2.89 2.62 2.33 3.17 3.51 0.00 0.00 0.00 0.00 0.00 0.00 0.00 0.00 0.00 0.00 0.00 0.00 0.00 0.00 3.65 3.47 2.41 3.47 3.47
0.00 0.00 0.00 0.00 0.00 0.00 0.00 0.00 0.00 0.00 0.00 0.00 0.00 0.00 0.00 0.00 0.00 0.00 0.00 0.00 0.00 0.00 0.00 0.00 0.00 0.00 0.00 0.00 0.00 0.00 0.00 0.00 0.00 4.26 4.30 4.30 4.26 4.26 4.21 4.26 4.27 4.34 4.34 4.39 4.22 4.22 4.22 3.58 3.52 4.05 3.52 3.52 3.55 3.55 3.55 3.55 4.33 4.33 2.89 2.89 2.62 0.54 2.73 6.32 0.00 0.00 0.00 0.00 0.00 0.00 0.00 0.00 0.00 0.00 0.00 0.00 0.00 0.00 3.65 3.65 3.47 3.47 3.47 3.47
0.00 0.00 0.00 0.00 0.00 0.00 0.00 0.00 0.00 0.00 0.00 0.00 0.00 0.00 0.00 0.00 0.00 0.00 0.00 0.00 0.00 0.00 0.00 0.00 0.00 0.00 0.00 0.00 0.00 0.00 0.00 0.00 0.00 4.30 4.30 4.30 4.26 4.26 4.26 4.26 4.27 4.22 4.34 4.34 4.22 4.22 4.22 4.22 3.52 3.91 3.52 2.27 3.55 3.55 3.55 3.55 3.70 4.07 2.89 2.89 2.89 2.62 3.36 5.96 0.00 0.00 0.00 0.00 0.00 0.00 0.00 0.00 0.00 0.00 0.00 0.00 0.00 2.59 3.65 3.65 3.47 3.47 3.82 3.47
0.00 0.00 0.00 0.00 0.00 0.00 0.00 0.00 0.00 0.00 0.00 0.00 0.00 0.00 0.00 0.00 0.00 0.00 0.00 0.00 0.00 0.00 0.00 0.00 0.00 0.00 0.00 0.00 0.00 0.00 0.00 0.00 0.00 0.00 4.26 4.26 4.29 4.29 4.29 4.29 4.23 4.23 4.30 4.30 4.24 4.17 4.17 2.83 4.35 3.88 3.88 3.59 3.69 3.69 3.69 3.69 3.77 3.77 4.11 2.89 3.25 7.14 6.96 5.96 0.00 0.00 0.00 0.00 0.00 0.00 0.00 0.00 0.00 0.00 0.00 0.00 2.64 3.67 3.67 3.67 3.82 3.47 3.47 3.47
0.00 0.00 0.00 0.00 0.00 0.00 0.00 0.00 0.00 0.00 0.00 0.00 0.00 0.00 0.00 0.00 0.00 0.00 0.00 0.00 0.00 0.00 0.00 0.00 0.00 0.00 0.00 0.00 0.00 0.00 0.00 0.00 0.00 0.00 0.00 4.26 4.29 4.29 4.29 4.29 4.23 4.23 4.23 4.19 4.24 4.17 2.83 2.83 2.98 3.99 3.59 3.59 3.69 3.69 3.69 3.69 3.77 4.41 3.25 3.25 2.91 4.71 7.32 7.40 4.60 0.00 0.00 0.00 0.00 0.00 0.00 0.00 0.00 0.00 0.00 3.71 4.04 3.67 3.67 3.67 3.47 3.47 3.82 3.47
0.00 0.00 0.00 0.00 0.00 0.00 0.00 0.00 0.00 0.00 0.00 0.00 0.00 0.00 0.00 0.00 0.00 0.00 0.00 0.00 0.00 0.00 0.00 1.58 0.00 0.00 0.00 0.00 0.00 0.00 0.00 0.00 0.00 0.00 0.00 4.32 4.29 4.29 4.25 4.29 4.23 4.23 4.23 4.23 4.17 4.17 2.89 2.83 4.21 3.99 4.21 3.59 3.69 4.31 4.31 7.83 7.92 7.92 6.76 6.78 6.42 6.87 3.09 2.53 1.81 4.96 4.60 5.37 0.00 0.00 0.00 0.00 4.03 4.03 5.38 3.71 3.67 3.67 3.67 3.67 3.47 3.47 3.47 3.47
0.00 0.00 0.00 0.00 0.00 0.00 0.00 0.00 0.00 0.00 0.00 0.00 0.00 0.00 0.00 0.00 0.00 0.00 0.00 0.00 0.00 0.00 0.00 4.24 4.24 4.24 0.00 0.00 0.00 0.00 0.00 0.00 0.00 0.00 0.00 0.00 4.29 4.29 4.29 4.29 4.23 4.23 4.23 4.19 4.17 4.17 4.17 4.17 4.21 4.21 4.21 4.21 4.31 7.83 7.83 4.53 4.62 3.77 2.89 1.02 3.00 3.00 1.61 5.19 4.60 5.59 7.02 4.33 2.67 2.31 5.20 4.39 3.77 0.52 0.52 4.07 3.67 3.67 3.67 3.67 3.47 3.47 3.47 3.47
0.00 0.00 0.00 0.00 0.00 0.00 0.00 0.00 0.00 0.00 0.00 0.00 0.00 0.00 0.00 0.00 0.00 0.00 0.00 0.00 0.00 0.00 0.00 4.25 4.25 4.25 4.25 0.00 0.00 0.00 0.00 0.00 0.00 0.00 0.00 0.00 4.32 4.32 4.32 4.32 4.21 4.21 4.21 4.28 4.27 4.21 4.21 4.21 4.30 4.30 4.30 4.30 4.35 3.82 3.70 3.70 3.77 3.77 3.77 2.89 2.97 2.62 2.20 2.89 2.59 1.72 4.29 4.75 3.21 0.88 2.67 1.99 4.39 1.67 4.66 2.95 3.00 3.71 3.77 3.71 3.51 3.51 3.51 3.51
0.00 0.00 0.00 0.00 0.00 0.00 0.00 0.00 0.00 0.00 0.00 0.00 0.00 0.00 0.00 0.00 0.00 0.00 0.00 0.00 0.00 0.00 0.00 4.25 4.25 4.25 4.25 4.20 0.00 0.00 0.00 0.00 0.00 0.00 0.00 0.00 0.00 4.32 4.32 4.32 4.21 4.21 4.21 4.21 4.21 4.21 4.21 4.27 4.30 4.31 4.30 4.31 4.35 4.35 3.70 3.70 3.77 3.77 3.97 2.89 2.39 2.63 4.77 1.50 2.84 2.50 3.54 3.07 4.08 1.24 1.89 1.53 5.69 3.90 2.93 2.82 3.71 3.77 4.03 4.33 3.51 3.51 3.51 3.51
0.00 0.00 0.00 0.00 0.00 0.00 0.00 0.00 0.00 0.00 0.00 0.00 0.00 0.00 0.00 0.00 0.00 0.00 0.00 0.00 0.00 0.00 4.27 4.25 4.25 4.25 4.25 4.25 4.29 0.00 0.00 0.00 0.00 0.00 0.00 0.00 0.00 4.32 4.32 4.32 4.21 4.21 4.21 4.21 4.27 4.21 4.21 4.21 4.30 4.30 4.25 4.30 4.35 4.35 4.35 3.70 3.77 3.77 2.89 2.89 4.58 3.79 4.45 3.79 2.59 2.50 4.01 2.82 3.72 1.24 1.24 0.45 3.96 6.08 6.08 6.33 8.48 4.33 4.33 4.33 3.51 3.51 3.51 3.85
0.00 0.00 0.00 0.00 0.00 0.00 0.00 0.00 0.00 0.00 0.00 0.00 0.00 0.00 0.00 0.00 0.00 0.00 0.00 0.00 0.00 0.00 4.35 4.25 4.25 4.25 4.25 4.25 4.24 4.29 0.00 0.00 0.00 0.00 0.00 0.00 4.32 4.32 4.32 4.32 4.28 4.21 4.21 4.21 4.27 4.21 4.21 4.21 4.30 4.30 4.30 4.30 4.35 4.35 4.35 4.35 3.77 4.41 4.41 2.89 6.17 3.79 3.79 3.79 2.59 2.82 3.68 2.59 3.80 2.82 1.24 0.45 0.45 0.45 2.82 2.82 7.84 4.33 4.33 4.33 3.51 3.51 3.51 3.51
0.00 0.00 0.00 0.00 0.00 0.00 0.00 0.00 0.00 0.00 0.00 0.00 0.00 0.00 0.00 0.00 4.26 0.00 4.35 4.26 4.25 4.25 4.25 4.25 4.22 4.22 4.22 4.22 4.27 4.27 4.27 0.00 0.00 0.00 0.00 0.00 4.31 4.31 4.31 4.31 4.25 4.25 4.25 4.25 4.25 4.25 4.25 4.25 4.29 4.29 4.29 4.29 4.33 4.33 4.33 4.33 4.31 4.48 4.41 2.91 1.50 3.76 2.64 3.76 2.59 4.31 4.31 3.70 3.73 4.35 1.24 5.42 3.75 3.75 2.56 2.82 6.34 2.33 2.33 4.38 1.35 3.57 3.57 3.57
0.00 0.00 0.00 0.00 0.00 0.00 0.00 0.00 4.56 4.56 0.00 0.00 0.00 4.57 4.57 4.70 4.26 4.26 4.26 4.39 4.25 4.25 4.25 4.25 4.22 4.36 4.22 4.22 4.27 4.27 4.27 4.27 4.27 4.27 4.27 4.27 4.31 4.31 4.31 4.31 4.25 4.25 4.25 4.25 4.25 4.25 4.25 4.20 4.42 4.29 4.29 4.29 4.33 4.33 4.33 4.33 4.31 4.48 4.48 5.30 3.76 3.76 2.64 3.96 3.76 4.02 3.70 3.70 3.73 4.95 2.33 4.71 4.38 2.56 2.82 4.38 4.05 7.89 4.38 4.38 3.84 3.59 3.57 3.91
0.00 0.00 0.00 0.00 0.00 0.00 0.00 4.90 4.88 4.88 4.88 4.88 4.89 4.89 4.89 5.01 5.15 5.15 5.15 5.15 5.26 5.26 5.14 5.14 4.94 5.12 4.94 4.94 5.17 4.99 4.99 4.99 5.22 5.22 5.22 5.42 5.14 5.14 5.14 5.14 5.07 5.07 5.26 5.07 5.08 5.08 5.27 5.08 5.26 5.07 5.07 5.07 5.12 5.12 5.12 5.12 5.40 5.71 4.39 5.22 4.58 4.58 3.09 3.09 4.69 5.09 6.52 4.35 4.38 3.83 3.25 3.81 3.81 3.81 5.16 5.16 3.81 7.32 6.76 8.44 4.78 5.00 4.69 4.27
0.00 0.00 0.00 0.00 0.00 0.00 0.00 0.00 4.88 4.88 4.88 4.88 5.00 5.00 4.89 4.89 5.28 5.15 5.15 5.15 5.14 5.26 5.14 5.14 5.35 4.94 4.94 4.94 4.99 4.99 4.99 4.99 5.22 5.22 5.22 5.22 5.14 5.14 5.14 5.33 5.26 5.07 5.07 5.07 5.08 5.08 5.27 5.08 5.07 5.07 5.07 5.07 5.12 5.12 5.12 5.12 5.22 5.46 5.60 5.22 5.21 4.58 4.58 4.58 4.35 4.35 4.08 4.35 4.38 3.56 3.81 3.81 3.81 3.81 5.16 5.16 3.81 3.81 3.58 5.53 4.78 5.00 4.27 4.27
0.00 0.00 0.00 0.00 0.00 0.00 0.00 0.00 4.98 4.86 4.86 4.86 4.83 4.83 4.83 4.94 5.11 5.24 5.11 5.11 5.12 5.24 5.12 5.12 5.10 4.92 5.10 4.92 4.93 4.93 4.93 4.93 5.32 5.33 5.14 5.14 5.11 5.11 5.11 5.53 5.10 5.10 5.10 5.10 5.08 5.08 5.08 5.08 5.05 5.05 5.05 5.05 5.11 5.11 5.11 5.11 5.19 5.19 5.19 5.19 5.17 5.17 4.54 4.54 4.33 4.76 4.76 4.33 4.38 4.38 3.81 4.00 3.58 5.43 5.16 4.41 3.81 4.58 3.58 3.25 3.29 3.08 4.98 4.98
0.00 0.00 0.00 0.00 0.00 0.00 0.00 0.00 4.86 4.86 4.86 4.86 4.83 4.83 4.83 4.83 5.11 5.11 5.24 5.11 5.12 5.24 5.12 5.12 5.10 4.92 4.92 4.92 4.93 4.93 4.93 4.93 5.14 5.14 5.14 5.14 5.11 5.11 5.11 5.11 5.29 5.10 5.29 5.10 5.08 5.08 5.08 5.08 5.05 5.05 5.05 5.05 5.11 5.30 5.11 5.11 5.19 5.19 5.38 5.19 5.17 5.17 5.17 4.54 4.33 4.33 4.33 4.33 4.38 4.38 3.81 5.13 5.16 3.81 3.25 4.41 5.16 4.93 3.25 4.93 4.98 4.98 3.08 4.98
0.00 0.00 0.00 0.00 0.00 0.00 0.00 0.00 4.98 5.00 4.98 4.86 4.83 4.83 4.83 4.83 5.11 5.11 5.11 5.11 5.12 5.12 5.24 5.12 5.10 5.10 4.92 5.10 4.93 4.93 4.93 5.12 5.38 5.14 5.14 5.14 5.30 5.11 5.11 5.11 5.10 5.10 5.10 5.10 5.08 5.08 5.08 5.08 5.05 5.05 5.05 5.05 5.11 5.11 5.11 5.11 5.19 5.19 5.61 5.19 5.17 5.17 5.17 5.17 4.33 4.33 4.33 4.33 4.38 4.38 5.90 5.13 5.16 5.16 4.00 2.89 4.40 5.16 4.93 5.16 4.98 4.26 4.26 4.26
0.00 0.00 0.00 0.00 0.00 0.00 0.00 4.96 4.86 4.86 4.98 4.98 4.83 4.83 4.83 4.83 5.11 5.11 5.11 5.38 5.12 5.12 5.12 5.12 5.10 5.10 4.92 4.92 4.93 4.93 4.93 4.93 5.32 5.39 5.14 5.14 5.11 5.11 5.11 5.49 5.10 5.10 5.10 5.10 5.08 5.08 5.08 5.08 5.23 5.05 5.05 5.05 5.11 5.11 5.11 5.11 5.19 5.38 5.38 5.19 5.17 5.17 5.17 5.17 4.90 4.33 4.33 4.33 4.38 4.38 4.38 5.13 5.16 3.81 3.81 5.12 4.40 4.40 4.93 3.25 4.98 4.26 4.26 4.26
0.00 0.00 0.00 0.00 0.00 0.00 4.96 4.96 4.84 4.84 4.84 4.84 4.91 4.80 4.80 4.80 5.07 5.07 5.07 5.19 5.09 5.09 5.09 5.09 5.09 5.09 4.91 4.91 4.91 4.91 4.91 4.91 5.29 5.11 5.35 5.30 5.09 5.09 5.09 5.09 5.10 5.10 5.10 5.10 5.06 5.06 5.25 5.25 5.22 5.03 5.03 5.03 5.11 5.11 5.11 5.11 5.14 5.14 5.14 5.14 5.12 5.12 5.12 5.12 4.86 4.86 4.52 4.31 4.35 4.35 4.77 4.35 4.37 4.37 4.91 4.91 4.90 4.35 4.78 4.35 4.90 4.19 4.19 4.19
0.00 0.00 0.00 0.00 0.00 2.14 4.96 4.96 4.84 4.84 4.84 4.84 4.80 4.80 4.80 4.80 5.18 5.07 5.07 5.19 5.22 5.09 5.09 5.24 5.22 5.09 5.09 4.91 4.91 4.91 4.91 4.91 5.11 5.11 5.11 5.11 5.09 5.09 5.09 5.09 5.10 5.10 5.10 5.10 5.06 5.06 5.06 5.06 5.03 5.03 5.03 5.03 5.11 5.11 5.11 5.11 5.33 5.14 5.33 5.14 5.12 5.12 5.07 5.12 4.86 4.86 4.86 4.31 4.35 4.35 4.35 4.77 4.37 4.37 2.29 5.79 5.85 4.35 4.35 4.35 4.19 4.60 4.19 4.19
0.00 0.00 0.00 0.00 0.00 2.14 5.08 4.96 4.84 4.96 4.84 4.84 4.80 4.80 4.80 4.80 5.07 5.07 5.07 5.07 5.09 5.22 5.09 5.09 5.09 5.09 5.09 4.91 5.29 4.91 4.91 5.27 5.30 5.11 5.11 5.11 5.09 5.09 5.09 5.09 5.10 5.10 5.10 5.10 5.06 5.25 5.06 5.06 5.03 5.03 5.03 5.03 5.29 5.11 5.11 5.11 5.14 5.14 5.14 5.14 5.12 5.12 5.49 5.51 4.86 4.86 5.03 4.86 4.35 4.35 4.35 4.35 4.37 4.37 4.37 5.12 5.09 4.35 4.35 4.35 4.19 4.19 4.19 4.19
0.00 0.00 0.00 0.00 0.00 4.96 5.08 4.96 4.84 4.84 4.84 4.84 4.80 4.91 4.80 4.80 5.07 5.07 5.07 5.07 5.09 5.09 5.09 5.09 5.09 5.09 5.09 5.09 5.09 4.91 4.91 4.91 5.11 5.30 5.11 5.11 5.09 5.09 5.09 5.09 5.10 5.10 5.29 5.10 5.06 5.06 5.06 5.06 5.03 5.03 5.03 5.03 5.29 5.11 5.11 5.11 5.14 5.33 5.14 5.14 5.30 5.12 5.12 5.30 4.86 4.86 4.86 4.86 4.92 4.35 4.35 4.35 4.78 4.37 5.12 4.37 5.09 4.35 4.35 4.35 4.19 4.19 4.19 4.19
0.00 0.00 0.00 0.00 0.00 4.94 4.94 4.94 4.82 4.82 4.82 4.82 4.79 4.79 4.90 4.79 5.05 5.05 5.05 5.05 5.09 5.09 5.21 5.09 5.10 5.23 5.10 5.10 4.90 5.26 4.90 4.90 5.09 5.09 5.28 5.09 5.07 5.07 5.07 5.07 5.08 5.08 5.27 5.08 5.03 5.03 5.22 5.03 5.01 5.01 5.01 5.01 5.07 5.07 5.07 5.07 5.06 5.06 5.06 5.06 5.06 5.06 5.06 5.06 4.81 4.81 4.97 4.98 4.83 4.83 4.28 4.28 4.29 4.29 4.29 4.29 4.27 4.27 4.27 4.50 4.12 4.12 4.12 4.12
0.00 0.00 0.00 2.14 0.00 4.80 5.06 4.94 4.82 4.82 4.82 4.82 4.79 4.79 4.79 4.79 5.05 5.05 5.05 5.05 5.09 5.09 5.09 5.09 5.10 5.23 5.10 5.10 4.90 5.05 5.08 4.90 5.09 5.09 5.51 5.09 5.26 5.07 5.07 5.07 5.27 5.08 5.27 5.08 5.03 5.03 5.03 5.03 5.01 5.01 5.01 5.36 5.07 5.25 5.07 5.25 5.06 5.06 5.06 5.06 5.06 5.06 5.06 5.06 4.81 4.81 4.97 4.81 4.83 4.83 4.83 4.28 4.29 4.29 5.11 3.67 3.65 3.65 3.65 3.65 4.48 4.48 3.80 4.48
0.00 0.00 0.00 0.00 4.94 4.94 4.94 4.94 4.82 4.82 4.82 4.82 4.79 4.79 4.79 4.79 5.41 5.05 5.05 5.05 5.09 5.09 5.33 5.09 5.10 5.10 5.23 5.10 5.08 4.90 4.90 4.90 5.09 5.28 5.09 5.28 5.26 5.07 5.07 5.07 5.27 5.08 5.08 5.08 5.03 5.03 5.03 5.21 5.01 5.01 5.01 5.01 5.07 5.07 5.07 5.07 5.06 5.06 5.06 5.06 5.06 5.06 5.06 5.06 4.99 4.81 4.81 4.97 4.83 4.83 4.83 4.83 3.67 3.67 3.67 3.67 3.65 3.65 3.65 3.65 4.48 3.80 4.48 4.48
0.00 0.00 2.14 2.14 5.17 4.94 5.06 4.94 4.82 4.82 4.82 4.82 4.90 4.90 4.79 4.79 5.17 5.17 5.05 5.05 5.09 5.09 5.21 5.09 5.23 5.10 5.10 5.22 5.08 4.90 4.90 4.90 5.09 5.09 5.09 5.09 5.26 5.07 5.07 5.07 5.26 5.08 5.08 5.08 5.03 5.03 5.03 5.03 5.01 5.01 5.01 5.01 5.07 5.07 5.24 5.07 5.06 5.06 5.42 5.06 5.06 5.06 5.24 5.06 4.81 4.81 4.81 4.81 4.83 4.83 4.83 3.66 3.67 3.67 3.94 3.67 3.65 4.30 3.65 3.65 4.48 4.48 4.48 4.48
0.00 0.00 0.00 5.10 4.86 4.86 4.86 4.86 4.88 4.77 4.77 4.77 4.77 4.88 4.77 4.77 5.02 5.28 5.02 5.02 5.07 5.07 5.07 5.07 5.08 5.08 5.08 5.20 5.05 4.87 4.87 4.87 5.05 5.05 5.05 5.05 5.04 5.04 5.04 5.04 5.01 5.01 5.01 5.01 4.94 4.94 4.94 4.94 4.94 4.94 4.94 4.94 4.97 4.97 4.97 5.15 4.98 4.98 4.98 4.98 4.99 4.99 5.17 4.99 4.72 4.72 4.72 4.72 4.73 4.73 4.73 4.56 4.57 4.57 4.57 3.88 3.86 4.54 4.54 4.54 4.40 4.40 4.40 4.40
0.00 0.00 2.15 5.12 4.86 4.86 4.86 4.86 4.77 4.88 4.77 4.77 4.77 4.77 4.90 4.77 5.02 5.30 5.14 5.02 5.07 5.07 5.21 5.20 5.08 5.08 5.08 5.08 5.18 5.05 4.87 4.87 5.05 5.05 5.24 5.05 5.04 5.22 5.04 5.04 5.01 5.20 5.25 5.19 4.94 4.94 4.94 4.94 4.94 4.94 4.94 5.11 4.97 4.97 4.97 4.97 4.98 4.98 4.98 4.98 4.99 4.99 4.99 4.99 4.72 4.72 4.72 4.72 4.73 4.88 4.73 4.56 4.57 4.57 4.57 4.57 4.54 4.54 4.54 4.54 4.40 4.40 4.40 4.40
