New_Model_Runs/16_Future_RCP8.5_Scn3_out/post_prcessed_with_MFR/Monthly_summaries/net_infiltration_monthly_SEP.asc
NCOLS 700
NROWS 400
XLLCENTER 515000.000000
YLLCENTER 8409000.000000
CELLSIZE 50.000000
NODATA_value -999.000000
[rows 185 to 221 of 400, columns 84 to 167 of 700]
0.00 0.00 0.00 0.00 0.00 0.00 0.00 0.00 0.00 0.00 0.00 0.00 0.00 0.00 0.00 0.00 0.00 0.00 0.00 0.00 0.00 0.00 0.00 0.00 0.00 0.00 0.00 0.00 0.00 7.38 7.38 7.38 7.39 7.34 7.34 7.34 7.33 7.33 7.33 7.33 7.37 7.37 7.37 7.37 7.01 7.01 7.73 7.01 6.99 6.99 6.99 6.99 6.97 6.97 6.97 7.69 6.96 6.96 6.96 6.96 7.30 7.30 7.30 7.30 7.26 7.26 7.26 7.26 7.28 8.03 7.28 7.28 7.28 7.28 7.28 7.28 7.44 7.44 7.44 7.44 7.56 7.56 7.56 7.56
0.00 0.00 0.00 0.00 0.00 0.00 0.00 0.00 0.00 0.00 0.00 0.00 0.00 0.00 0.00 0.00 0.00 0.00 0.00 0.00 0.00 0.00 0.00 0.00 0.00 0.00 0.00 0.00 0.00 7.38 7.38 7.38 7.34 7.34 7.34 7.39 7.33 7.33 7.33 7.33 7.42 7.37 7.37 7.37 7.01 7.01 7.01 7.01 6.99 6.99 6.99 6.99 7.96 7.69 6.97 6.97 6.96 6.96 6.96 6.96 7.30 7.30 7.30 7.30 7.26 7.26 7.26 7.26 7.28 7.28 8.03 7.28 8.55 7.28 7.28 7.28 7.44 7.44 7.44 7.44 7.56 7.56 7.56 7.56
0.00 0.00 0.00 0.00 0.00 0.00 0.00 0.00 0.00 0.00 0.00 0.00 0.00 0.00 0.00 0.00 0.00 0.00 0.00 0.00 0.00 0.00 0.00 4.57 0.00 0.00 0.00 0.00 0.00 0.00 7.38 7.38 7.34 7.34 7.34 7.34 7.33 7.33 7.33 7.33 7.37 7.37 7.37 7.37 7.01 7.01 7.01 7.73 6.99 6.99 6.99 6.99 6.97 7.69 6.97 6.97 7.68 6.96 6.96 6.96 7.30 7.30 7.30 7.30 8.01 7.26 7.26 7.26 8.02 7.28 7.28 7.28 8.02 7.28 7.28 7.28 8.20 7.44 7.44 7.44 7.56 9.07 9.07 7.56
0.00 0.00 0.00 0.00 0.00 0.00 0.00 0.00 0.00 0.00 0.00 0.00 0.00 0.00 0.00 0.00 0.00 0.00 0.00 0.00 0.00 0.00 0.00 7.28 7.35 0.00 0.00 0.00 7.40 7.40 7.40 7.40 7.35 7.35 7.35 7.35 7.35 7.30 7.30 7.30 7.32 7.32 7.32 7.32 6.99 6.99 6.99 6.99 7.00 7.00 7.00 7.00 6.98 6.98 6.98 6.98 6.95 7.66 6.95 6.95 7.25 7.25 7.25 7.25 7.96 7.95 7.21 7.21 7.26 7.26 7.26 7.26 7.98 7.23 7.23 7.23 7.51 7.51 7.51 7.51 9.27 9.27 9.27 9.27
0.00 0.00 0.00 0.00 0.00 0.00 0.00 0.00 0.00 0.00 0.00 0.00 0.00 0.00 0.00 0.00 0.00 0.00 0.00 0.00 0.00 0.00 0.00 0.00 7.35 7.35 7.35 7.86 7.40 7.40 7.40 7.40 7.35 7.35 7.35 7.35 7.30 7.67 7.30 7.30 7.32 7.32 7.32 7.32 6.99 6.99 6.99 6.99 7.00 7.00 7.00 7.00 6.98 6.98 6.98 6.98 6.95 6.95 6.95 6.95 7.25 7.25 7.25 7.25 7.21 7.21 7.21 7.21 7.26 7.26 7.26 7.26 7.23 7.23 7.23 7.23 7.51 7.51 7.51 7.51 9.27 9.27 9.27 9.27
0.00 0.00 0.00 0.00 0.00 0.00 0.00 0.00 0.00 0.00 0.00 0.00 0.00 0.00 0.00 0.00 0.00 0.00 0.00 0.00 0.00 0.00 0.00 0.00 0.00 7.35 7.35 7.35 7.40 7.40 7.40 7.40 7.35 7.35 7.35 7.35 7.30 7.35 7.35 7.30 7.32 7.32 7.32 7.32 6.99 6.99 6.99 6.99 7.00 8.00 7.72 7.00 6.98 6.98 6.98 6.98 6.95 6.95 6.95 6.95 7.25 7.25 7.25 7.25 7.21 7.21 7.21 7.21 7.26 7.26 7.26 7.26 7.23 7.23 7.23 8.03 7.51 7.51 7.51 7.51 9.27 9.27 9.27 9.27
0.00 0.00 0.00 0.00 0.00 0.00 0.00 0.00 0.00 0.00 0.00 0.00 0.00 0.00 0.00 0.00 0.00 0.00 0.00 0.00 0.00 0.00 0.00 0.00 0.00 7.35 7.35 7.77 7.19 7.40 7.40 7.40 7.35 7.35 7.35 7.39 7.30 7.30 7.30 7.30 7.32 7.32 7.32 7.32 6.99 6.99 6.99 6.99 7.00 7.00 7.72 7.00 6.98 7.70 6.98 6.98 6.95 7.66 6.95 6.95 7.25 7.98 7.25 7.25 7.21 7.21 7.21 7.21 7.26 7.26 7.26 7.26 7.23 7.23 7.23 7.23 7.51 7.51 7.51 7.51 9.27 9.27 9.27 9.27
0.00 0.00 0.00 0.00 0.00 0.00 0.00 0.00 0.00 0.00 0.00 0.00 0.00 0.00 0.00 0.00 0.00 0.00 0.00 0.00 0.00 0.00 0.00 0.00 0.00 0.00 9.85 6.53 8.76 7.48 7.49 7.32 7.37 7.37 7.37 7.37 7.34 7.29 7.29 7.29 7.28 7.28 7.28 7.36 6.96 6.96 6.96 6.96 8.18 6.99 6.99 6.99 6.96 6.96 6.96 6.96 6.92 6.92 7.63 6.92 7.22 7.22 7.22 7.22 7.21 7.21 7.21 7.21 7.25 7.25 7.25 8.52 7.25 7.25 7.25 7.25 7.62 7.62 7.62 7.62 7.75 9.39 9.39 9.39
0.00 0.00 0.00 0.00 0.00 0.00 0.00 0.00 0.00 0.00 0.00 0.00 0.00 0.00 0.00 0.00 0.00 0.00 0.00 0.00 0.00 0.00 0.00 0.00 0.00 0.00 2.63 8.11 7.48 7.48 7.56 7.32 7.37 7.37 7.37 7.37 7.29 7.29 7.29 7.29 7.28 7.28 7.28 7.28 6.96 6.96 6.96 6.96 6.99 8.15 6.99 6.99 6.96 6.96 6.96 6.96 6.92 6.92 6.92 6.92 7.22 7.22 7.22 7.22 7.21 7.21 7.21 7.21 7.25 7.25 7.25 7.25 7.25 8.33 7.25 7.25 7.62 7.62 7.62 7.62 7.75 7.75 7.75 9.39
0.00 0.00 0.00 0.00 0.00 0.00 0.00 0.00 0.00 0.00 0.00 0.00 0.00 0.00 0.00 0.00 0.00 0.00 0.00 0.00 0.00 0.00 0.00 0.00 0.00 0.00 7.58 8.32 8.20 8.20 8.20 8.99 8.92 8.13 8.13 8.13 8.05 8.05 8.05 8.84 8.04 8.04 8.04 8.04 8.69 8.69 8.69 8.69 8.73 8.73 8.73 8.73 8.69 8.69 8.69 8.69 8.65 8.65 8.65 9.49 9.05 9.05 9.05 11.40 9.05 9.05 9.05 9.05 9.96 10.51 9.09 9.09 9.09 9.09 9.09 9.09 9.60 9.60 9.60 9.60 8.90 8.90 8.90 8.90
0.00 0.00 0.00 0.00 0.00 0.00 0.00 0.00 0.00 0.00 0.00 0.00 0.00 0.00 0.00 0.00 0.00 0.00 0.00 0.00 0.00 0.00 7.59 0.00 0.00 13.17 6.54 8.32 8.20 8.20 8.20 8.20 8.13 8.13 8.13 8.13 8.05 8.05 8.05 8.05 8.04 8.82 8.04 8.04 8.69 8.69 8.69 8.69 8.73 8.73 8.73 8.73 8.69 8.69 8.69 8.69 8.65 8.65 9.48 8.65 9.05 9.05 9.05 9.05 9.05 9.05 9.05 9.05 9.09 9.09 9.09 9.09 9.09 9.09 9.09 9.09 9.60 9.60 9.60 9.60 8.90 8.90 8.90 8.90
0.00 0.00 0.00 0.00 0.00 0.00 0.00 0.00 0.00 0.00 0.00 0.00 0.00 0.00 0.00 0.00 0.00 0.00 0.00 0.00 0.00 7.60 8.48 9.21 9.66 7.22 11.74 11.53 8.22 8.22 8.22 8.22 8.15 8.15 9.43 8.92 8.08 8.08 8.08 8.08 8.04 8.04 8.04 8.04 8.66 8.66 8.66 8.66 8.68 8.68 8.68 8.68 8.62 8.62 8.62 8.62 9.43 8.59 8.59 9.52 9.05 9.05 9.05 9.05 9.07 9.07 9.07 9.07 9.11 9.11 9.11 9.11 9.25 9.25 9.25 9.25 8.90 8.90 8.90 8.90 8.92 8.92 8.92 10.35
0.00 0.00 0.00 0.00 0.00 0.00 0.00 0.00 0.00 0.00 0.00 0.00 0.00 0.00 0.00 0.00 0.00 0.00 0.00 0.00 7.60 11.99 11.11 9.21 8.28 9.33 8.91 11.83 8.22 8.22 8.22 8.22 8.15 8.15 8.15 8.92 8.08 9.58 8.08 8.08 8.04 8.04 8.04 8.04 8.66 9.50 8.66 8.66 8.68 8.68 8.68 8.68 8.62 8.62 8.62 8.62 8.59 8.59 8.59 8.59 9.05 9.05 9.05 9.05 9.07 9.07 9.07 9.07 9.11 9.11 9.11 9.11 9.25 9.25 9.25 9.25 8.90 8.90 8.90 8.90 8.92 9.66 8.92 8.92
0.00 0.00 0.00 0.00 0.00 0.00 0.00 0.00 0.00 0.00 0.00 0.00 0.00 0.00 0.00 0.00 0.00 0.00 0.00 7.59 7.60 11.11 11.11 9.29 9.34 9.24 8.56 8.56 13.02 8.22 8.22 8.22 8.15 8.15 8.15 8.15 8.08 8.08 8.08 8.08 8.04 8.04 8.04 8.04 8.66 8.66 8.66 8.66 9.53 8.68 8.68 8.68 8.62 8.62 8.62 8.62 9.43 8.59 8.59 8.59 9.05 9.05 9.05 9.05 10.76 9.07 9.07 9.07 9.11 9.11 9.11 9.11 9.25 9.25 9.25 9.25 8.90 8.90 8.90 8.90 8.92 8.92 8.92 8.92
0.00 0.00 3.72 0.00 0.00 0.00 0.00 0.00 0.00 0.00 0.00 0.00 0.00 0.00 4.20 0.00 0.00 4.17 7.59 7.59 11.11 7.60 7.60 12.72 12.81 12.81 12.81 12.73 13.02 10.02 10.02 10.02 9.93 8.15 8.15 8.15 8.08 8.08 8.08 8.08 8.04 8.04 8.04 8.04 8.66 8.66 8.66 9.49 8.68 8.68 8.68 8.68 8.62 8.62 8.62 8.62 9.43 8.59 8.59 8.59 9.05 9.05 9.05 9.93 9.07 9.07 9.07 9.95 9.99 9.11 9.11 9.11 9.25 9.25 9.25 9.25 8.90 8.90 8.90 8.90 8.92 8.92 8.92 8.92
0.00 6.66 6.66 6.66 6.72 0.00 0.00 0.00 0.00 0.00 0.00 0.00 0.00 0.00 4.20 7.31 7.26 8.02 8.02 8.43 11.06 7.55 7.55 9.14 10.42 9.22 9.22 9.31 9.98 10.65 9.98 10.64 9.93 9.67 8.93 8.15 8.12 8.12 8.12 8.12 8.10 8.10 8.10 8.10 8.62 8.62 8.62 8.62 10.21 8.59 8.59 9.83 8.58 8.58 8.58 10.19 8.60 8.60 8.60 8.60 9.10 9.10 9.10 10.80 9.10 9.10 9.10 11.24 10.09 9.19 9.19 9.19 9.39 9.39 9.39 9.39 8.93 8.93 10.36 8.93 8.87 9.61 9.61 8.87
0.00 0.00 6.66 6.66 6.72 0.00 0.00 0.00 0.00 0.00 0.00 0.00 0.00 0.00 7.31 10.82 10.77 10.77 10.77 10.77 11.51 7.24 7.24 9.14 10.07 9.22 9.22 10.09 9.98 9.98 8.19 8.19 8.93 8.15 8.15 8.15 8.12 8.12 9.40 8.91 8.10 8.10 8.10 8.10 8.62 8.62 8.62 8.62 8.59 8.59 8.59 8.94 10.50 8.93 8.58 8.58 8.60 8.60 8.60 8.60 9.98 9.98 9.10 9.10 9.10 9.98 9.98 10.00 9.19 9.19 9.19 9.19 9.39 9.39 9.39 9.39 8.93 9.66 8.93 8.93 8.87 8.87 8.87 8.87
0.00 7.31 6.66 6.66 6.72 6.72 0.00 0.00 0.00 0.00 0.00 0.00 0.00 7.31 7.31 10.82 7.26 7.26 10.77 9.94 7.24 7.24 7.24 8.69 8.77 9.95 8.77 9.22 9.98 9.98 8.19 8.19 8.15 8.15 8.15 8.15 8.12 8.12 8.12 8.12 8.10 8.89 8.10 8.10 8.62 8.62 8.62 10.56 10.51 10.51 10.51 11.23 10.50 10.50 8.58 8.58 8.60 8.60 8.60 8.60 9.89 9.10 9.10 9.10 9.98 9.10 9.10 9.10 9.19 9.19 9.19 9.19 9.39 9.39 9.39 9.39 8.93 8.93 8.93 8.93 8.87 8.87 8.87 8.87
6.66 7.30 7.31 6.66 6.72 7.38 0.00 0.00 0.00 0.00 0.00 0.00 0.00 0.00 7.31 11.18 7.26 7.26 7.26 8.02 8.13 7.24 7.24 7.24 8.77 7.31 7.31 7.31 9.53 9.53 8.19 8.19 8.15 8.15 8.15 8.15 8.12 8.12 8.12 8.91 8.10 8.10 8.10 8.10 8.62 8.62 8.62 8.62 10.51 10.51 10.51 10.51 10.50 10.50 8.58 8.58 8.60 8.60 8.60 8.60 9.10 9.10 9.10 9.10 9.10 9.10 9.10 9.10 9.19 9.19 9.19 9.19 9.39 9.39 9.39 9.39 8.93 8.93 8.93 8.93 8.87 8.87 8.87 9.56
6.62 6.62 6.62 6.62 6.69 6.69 6.69 0.00 0.00 0.00 0.00 0.00 0.00 0.00 7.35 7.35 11.54 7.28 7.28 7.28 7.22 7.97 7.22 7.22 7.97 7.22 7.22 7.22 7.80 7.80 7.80 7.80 7.80 7.80 8.08 8.08 8.11 8.11 8.11 8.11 8.10 8.10 8.89 8.10 8.60 8.60 8.60 8.60 8.55 10.46 10.46 11.18 10.51 10.51 8.94 8.58 10.25 8.63 8.63 8.63 9.12 9.12 9.12 9.12 11.50 10.02 9.13 9.13 9.28 9.28 9.28 9.28 9.43 9.43 9.43 10.34 8.93 8.93 8.93 8.93 9.67 9.67 9.67 9.67
6.62 6.62 6.62 6.62 6.69 6.69 6.69 6.69 0.00 0.00 0.00 0.00 0.00 0.00 8.83 7.35 10.79 10.79 7.28 7.28 7.22 7.22 7.22 7.22 7.22 7.22 7.22 7.22 7.80 7.80 7.80 7.80 7.80 7.80 7.80 7.80 7.82 8.11 8.11 8.11 8.10 8.10 8.10 8.10 9.44 8.60 8.60 8.60 8.55 10.46 10.46 10.46 10.51 10.51 10.51 8.58 8.63 8.63 8.63 8.63 9.12 9.12 9.12 9.12 9.13 9.13 9.13 9.13 9.28 9.28 9.28 9.28 9.43 9.43 10.34 9.43 8.93 9.67 8.93 10.06 9.52 9.67 9.67 9.67
6.62 6.62 6.62 6.62 6.69 6.69 6.69 6.69 6.32 0.00 0.00 0.00 0.00 3.97 8.83 8.83 8.04 10.79 7.28 8.03 7.22 7.22 7.22 7.22 7.22 7.22 7.22 7.97 7.80 7.80 8.17 7.80 7.80 7.80 7.80 7.80 7.82 7.82 7.82 7.82 7.82 8.10 8.10 8.10 8.60 8.60 8.60 8.60 10.46 10.46 10.46 10.46 10.51 10.51 10.51 10.51 8.63 8.63 8.63 10.25 9.12 9.12 10.63 10.82 9.13 9.13 9.13 9.13 9.28 9.28 9.28 9.28 10.34 9.43 9.43 9.43 9.67 8.93 8.93 8.93 9.67 9.67 9.67 9.67
6.62 6.62 6.62 6.62 6.69 6.69 6.69 6.69 7.53 7.69 7.69 3.87 7.28 2.29 8.47 8.83 8.74 8.87 10.79 7.28 7.22 7.22 7.22 7.22 7.22 7.22 7.22 7.22 7.80 7.80 7.80 7.80 7.80 7.80 7.80 7.80 7.82 8.19 7.82 7.82 7.82 7.82 7.82 7.82 8.60 8.60 8.60 10.53 10.46 10.46 10.46 10.46 10.51 10.51 10.51 10.51 8.63 8.63 8.63 8.63 9.12 9.12 10.56 9.12 9.13 9.13 9.13 9.13 9.28 9.28 9.28 11.01 9.43 9.43 9.43 9.43 10.19 8.93 9.67 9.61 9.52 9.52 9.67 9.67
6.61 6.61 6.61 6.61 6.67 10.18 6.67 6.67 6.81 6.81 7.69 8.05 7.15 7.15 8.84 8.47 8.47 7.32 10.83 7.32 7.26 7.26 7.26 7.26 7.23 7.23 7.23 7.23 7.78 7.78 7.78 7.78 7.79 7.79 7.79 7.79 7.79 7.79 8.17 7.79 7.76 7.76 7.76 7.76 8.25 10.04 10.04 10.04 10.55 10.55 10.55 10.55 10.60 10.60 10.60 10.60 10.60 10.60 8.66 8.66 9.13 10.01 9.69 9.13 9.19 9.19 9.19 9.19 9.32 9.32 10.22 9.32 9.43 9.43 9.43 9.43 9.67 8.93 8.93 8.93 9.64 9.64 9.64 9.64
6.61 6.61 6.61 6.61 10.18 10.18 11.14 6.67 6.81 5.16 6.81 7.69 8.47 6.79 8.55 8.83 8.47 8.47 10.83 10.83 7.26 7.26 7.26 7.26 7.23 7.23 7.23 7.23 7.78 7.78 7.78 7.78 7.79 7.79 7.79 7.79 8.55 7.79 7.79 7.79 7.76 7.76 7.76 8.52 13.11 10.91 10.04 10.04 8.29 8.29 8.29 8.62 10.60 10.60 10.60 10.60 10.60 12.05 12.05 8.66 9.13 11.24 12.87 9.13 9.19 9.19 9.19 9.19 9.32 9.32 9.68 9.32 9.43 9.43 9.43 9.43 8.93 8.93 8.93 8.93 9.64 9.64 10.12 9.64
8.00 8.00 8.07 11.59 11.51 8.00 8.00 11.51 8.15 5.72 8.58 8.15 8.39 8.39 11.02 10.59 10.82 10.82 10.82 12.45 8.78 8.78 8.78 8.78 8.74 8.74 8.74 8.74 8.59 8.59 8.59 8.59 8.60 8.60 8.60 8.60 8.60 8.60 8.60 8.60 9.57 8.57 8.57 8.57 9.15 11.66 11.66 9.15 9.19 9.19 9.19 9.19 9.22 9.22 9.22 11.75 11.75 11.75 11.75 9.22 9.83 12.49 12.49 9.62 9.67 9.67 9.67 9.67 11.37 9.80 9.80 9.80 9.70 9.70 9.70 9.70 10.20 12.39 10.20 10.20 10.07 10.07 10.07 10.07
11.51 11.51 11.51 8.00 8.00 8.00 8.00 11.51 8.15 8.15 8.15 8.15 8.39 8.39 8.39 10.59 10.84 11.65 10.82 10.96 14.25 10.74 8.78 8.78 8.74 8.74 8.74 8.74 8.59 8.59 8.59 8.59 8.60 8.60 8.60 8.60 8.60 8.60 8.60 8.60 8.57 8.57 8.57 8.57 9.15 9.15 9.15 9.15 9.19 9.19 9.19 9.19 9.22 11.09 9.22 14.98 11.76 11.76 11.76 11.75 12.49 12.49 12.49 9.62 9.67 9.67 9.67 9.67 9.80 10.66 9.80 9.80 9.70 9.70 9.70 9.70 10.20 10.20 10.20 10.20 10.07 10.07 11.17 10.07
11.51 11.51 8.00 8.00 8.03 8.03 8.03 11.54 11.55 11.55 9.23 11.55 12.34 9.19 8.82 8.82 10.84 10.84 10.59 10.59 14.36 10.85 10.85 10.85 8.83 8.83 8.83 8.83 8.69 8.69 8.69 8.69 8.70 8.70 8.70 8.70 8.65 8.65 8.65 8.65 8.60 8.60 8.60 8.60 9.25 9.25 9.25 9.25 9.30 9.30 10.38 9.30 10.38 9.30 9.30 11.87 11.81 11.81 11.81 11.81 12.60 12.60 9.63 9.63 9.68 9.68 9.68 9.68 10.64 9.78 9.78 9.78 9.88 9.88 9.88 9.88 10.15 10.15 10.15 10.15 10.04 10.04 10.04 10.04
11.51 11.51 8.00 8.00 8.03 8.03 8.03 8.03 8.41 8.04 8.04 8.04 12.34 12.34 11.32 9.92 9.92 10.84 10.66 13.19 14.36 10.85 10.85 10.85 8.83 8.83 8.83 8.83 8.69 8.69 8.69 8.69 8.70 8.70 8.70 8.70 8.65 8.65 8.65 8.65 8.60 8.60 8.60 8.60 9.25 9.25 9.25 9.25 9.30 9.30 9.30 9.30 9.30 9.30 9.30 11.87 9.26 9.26 9.26 9.26 12.60 12.60 9.83 9.83 9.88 9.88 12.23 9.68 9.78 9.78 9.78 9.78 9.88 9.88 9.88 10.75 10.15 10.15 11.25 11.25 10.04 10.04 10.04 11.11
8.00 8.00 8.00 8.98 8.03 8.03 8.03 8.03 8.41 8.04 8.04 8.04 8.82 12.34 8.82 8.82 11.52 11.90 11.90 11.90 8.12 11.02 10.85 12.35 8.83 8.83 8.83 8.83 8.69 8.69 8.69 8.69 8.70 8.70 8.70 8.70 8.65 8.65 8.65 8.65 8.60 8.60 8.60 8.60 9.25 9.25 9.25 9.25 9.30 9.30 9.30 9.30 10.38 9.30 9.30 9.30 9.26 9.26 9.26 9.26 12.60 12.60 12.60 9.83 9.88 11.02 9.88 9.88 9.98 9.78 9.78 9.78 9.88 9.88 9.88 9.88 10.15 10.15 10.15 10.15 10.04 10.04 10.04 11.11
8.00 8.00 8.00 8.00 8.81 8.35 8.03 8.03 8.04 8.04 8.04 8.04 8.82 12.34 12.34 12.34 11.90 8.39 8.39 8.39 10.37 10.01 8.86 8.86 8.83 9.20 8.83 8.83 8.69 8.69 8.69 8.69 8.70 8.70 8.70 8.70 8.65 8.65 8.65 8.65 8.60 8.60 8.60 8.60 9.25 9.25 9.25 9.25 9.30 9.30 9.30 9.30 10.38 10.38 10.38 9.30 9.26 9.26 10.33 9.76 12.60 12.60 12.60 9.83 9.88 9.88 9.88 11.01 9.98 9.98 9.98 9.98 10.09 9.88 9.88 9.88 10.15 10.15 10.15 10.15 11.12 10.04 10.04 10.04
11.60 8.09 8.09 8.09 8.02 8.44 8.02 8.02 7.98 7.98 7.98 7.98 8.76 8.76 12.27 12.64 8.85 8.85 8.85 8.85 8.84 8.84 8.84 8.84 8.82 8.82 8.82 8.82 8.74 8.74 8.74 8.74 8.76 8.76 8.76 8.76 8.71 8.71 8.71 8.71 8.68 8.68 8.68 8.68 9.34 9.34 9.34 9.34 9.37 9.37 9.37 9.37 9.35 9.35 9.35 9.35 9.27 9.27 9.27 9.27 12.59 12.59 12.59 13.71 10.32 9.84 9.84 9.84 11.03 9.90 9.90 9.90 9.95 9.95 9.95 11.09 10.00 10.00 10.00 10.00 9.97 9.97 9.97 9.97
11.60 8.09 8.09 8.09 8.02 8.02 8.02 8.02 7.98 7.98 8.40 7.98 8.76 8.76 9.13 8.76 8.85 8.85 8.85 8.85 8.84 8.84 8.84 8.84 8.82 9.19 8.82 8.82 8.74 8.74 8.74 8.74 8.76 8.76 8.76 8.76 8.71 8.71 8.71 8.71 8.68 8.68 8.68 8.68 9.34 9.34 9.34 9.34 9.37 9.37 9.37 9.37 9.35 9.35 9.35 9.35 9.27 9.27 9.27 9.27 12.59 12.59 12.59 12.59 12.62 9.84 9.84 9.84 11.03 9.90 11.04 9.90 11.08 9.95 9.95 9.95 10.47 10.47 10.47 10.47 9.97 9.97 9.97 9.97
12.64 8.09 8.09 8.09 8.02 8.02 8.02 8.02 7.98 7.98 7.98 7.98 9.01 8.76 8.76 9.13 8.85 8.85 8.85 8.85 8.84 9.21 8.84 8.84 8.82 8.82 8.82 8.82 8.74 8.74 8.74 8.74 9.79 10.92 10.56 9.79 8.71 9.73 8.71 8.71 9.69 8.68 8.68 8.68 9.34 9.34 9.34 9.34 9.37 9.37 9.37 9.37 9.35 9.35 9.35 10.43 9.27 9.27 9.27 12.99 12.59 12.59 12.59 12.59 12.62 12.62 12.62 9.84 9.90 9.90 9.90 9.90 9.95 9.95 9.95 9.95 10.47 10.47 10.47 10.47 10.43 10.43 11.60 9.97
8.09 8.09 8.52 8.09 8.02 8.02 8.02 8.02 7.98 7.98 7.98 7.98 8.76 8.76 8.76 8.76 8.85 8.85 8.85 9.20 8.84 8.84 9.71 8.84 8.82 8.82 9.18 8.82 8.74 8.74 8.74 8.74 8.76 9.78 8.76 8.76 8.71 8.71 8.71 8.71 8.68 8.68 8.68 8.68 9.34 9.34 9.34 9.34 11.27 9.37 10.46 10.44 9.35 11.89 10.42 9.35 9.27 9.27 9.27 11.83 12.59 12.59 12.59 12.59 13.74 12.62 12.62 12.62 12.71 9.90 9.90 9.90 9.95 9.95 9.95 9.95 10.47 10.47 10.47 10.47 10.43 10.43 10.43 11.59
8.83 8.11 8.25 9.15 8.09 8.09 8.09 8.09 8.03 8.03 8.03 8.03 8.69 8.69 8.69 10.12 8.76 8.76 8.76 8.76 8.75 8.75 8.75 9.12 8.77 8.77 8.77 8.77 9.52 8.72 9.74 8.72 8.73 9.75 8.73 8.73 8.74 9.76 8.74 8.74 8.73 8.73 8.73 8.73 9.37 9.37 11.25 9.37 9.35 9.35 9.35 9.35 9.30 10.38 9.30 9.30 9.23 9.23 11.77 11.77 12.58 12.58 12.58 12.58 12.62 12.62 12.62 12.62 12.62 12.62 12.62 12.62 12.60 13.73 12.60 13.73 13.40 13.40 10.89 10.38 11.60 10.40 10.40 11.60
8.83 8.83 8.83 8.11 8.09 8.09 8.09 8.51 8.03 8.45 8.03 8.55 8.69 8.69 8.69 9.06 8.76 8.76 8.76 8.76 8.75 8.75 8.75 8.75 8.77 8.77 8.77 8.77 8.72 8.72 8.72 8.72 8.73 8.73 8.73 8.73 8.74 8.74 9.76 8.74 8.73 8.73 8.73 8.73 9.37 10.45 9.37 9.37 9.35 9.35 9.35 9.35 9.30 9.30 9.30 9.30 9.23 9.23 11.77 11.77 12.58 12.58 12.58 12.58 12.62 12.62 12.62 12.62 12.62 12.62 12.62 12.62 12.60 12.60 12.60 12.60 14.48 13.40 13.40 11.57 10.40 10.40 10.40 10.40
