New_Model_Runs/16_Future_RCP8.5_Scn3_out/post_prcessed_with_MFR/Monthly_summaries/net_infiltration_monthly_OCT.asc
NCOLS 700
NROWS 400
XLLCENTER 515000.000000
YLLCENTER 8409000.000000
CELLSIZE 50.000000
NODATA_value -999.000000
[rows 111 to 147 of 400, columns 332 to 414 of 700]
0.00 0.00 0.00 0.00 0.00 0.00 4.25 4.25 9.37 9.35 8.76 9.35 9.19 9.19 9.19 9.19 10.26 10.26 9.15 9.15 9.04 9.05 8.13 8.13 8.18 8.18 9.10 8.18 9.12 8.20 8.20 9.11 8.18 8.80 8.80 8.80 9.09 9.09 9.09 9.09 9.59 9.07 9.07 9.07 9.58 9.07 9.07 9.07 9.01 9.01 9.01 9.01 9.07 9.07 9.07 9.07 9.16 9.16 9.65 9.16 9.15 9.15 10.39 9.15 9.15 9.15 9.65 9.15 8.95 8.95 8.95 8.95 8.98 8.98 8.98 5.95 5.97 5.97 5.57 5.97 5.94 5.87 5.94
0.00 0.00 0.00 0.00 0.00 0.00 0.00 8.79 9.25 9.25 9.25 9.25 10.25 9.12 9.12 9.12 9.12 10.23 9.12 9.12 8.10 9.24 8.10 8.10 8.16 8.16 8.16 8.16 8.17 8.17 8.17 9.09 8.14 8.76 8.76 8.76 9.04 9.04 9.04 9.04 9.02 9.02 9.02 9.02 8.98 8.98 8.98 8.98 8.89 8.89 8.89 8.89 8.97 8.97 8.97 8.97 9.02 9.02 9.02 9.67 9.04 9.04 9.04 9.04 9.05 9.05 9.57 9.05 8.82 8.82 8.82 8.82 8.84 8.84 8.84 5.87 5.89 5.89 5.89 5.51 5.48 5.86 5.86
0.00 0.00 0.00 0.00 0.00 0.00 4.25 9.03 9.25 9.25 9.25 9.25 9.12 10.23 9.12 9.12 9.12 9.12 10.82 9.12 8.10 9.31 9.02 8.10 8.16 8.16 9.51 9.12 8.17 8.17 8.17 8.17 9.10 8.14 8.76 8.76 9.04 9.04 9.57 9.04 9.02 9.54 9.02 9.02 8.98 9.51 10.06 9.63 8.89 8.89 8.89 8.89 8.97 8.97 8.97 9.62 9.02 9.02 9.02 9.02 9.04 9.04 9.04 9.04 9.05 9.05 9.05 9.05 8.82 8.82 8.82 8.82 8.84 9.45 8.84 5.87 5.89 5.89 5.89 5.89 5.86 5.86 5.86
0.00 0.00 0.00 0.00 0.00 0.00 8.57 8.57 8.43 8.43 9.38 8.43 8.32 9.22 9.26 8.32 8.32 8.32 8.32 8.32 8.34 9.28 9.28 8.34 8.40 8.40 10.34 8.40 8.41 8.41 8.41 8.41 8.38 9.32 9.04 9.57 9.17 9.17 9.17 9.69 9.15 9.15 9.67 9.15 9.11 9.11 9.11 9.61 9.02 9.02 9.67 9.02 8.89 8.89 9.53 8.89 8.94 8.94 8.94 8.94 8.96 8.96 8.96 8.96 8.97 8.97 8.97 8.97 9.01 9.63 9.01 9.01 9.02 9.02 9.02 6.05 6.06 6.06 5.69 6.06 6.04 6.04 6.04
0.00 0.00 0.00 0.00 8.57 8.57 8.57 8.57 8.43 8.43 9.31 8.43 8.32 8.32 8.32 9.26 8.32 9.26 8.32 8.32 8.34 8.34 9.27 8.34 8.40 9.32 8.40 8.40 8.41 8.41 9.36 8.41 8.38 8.38 9.04 9.04 9.17 9.17 9.17 9.66 9.15 9.15 9.67 9.15 9.11 9.11 9.60 9.11 9.02 9.22 9.02 9.02 8.89 8.89 8.89 8.89 8.94 8.94 8.94 8.94 8.96 8.96 8.96 8.96 8.97 8.97 8.97 8.97 9.01 9.01 9.01 9.01 9.02 9.65 5.68 6.05 6.06 6.06 6.06 6.06 6.04 6.04 6.04
9.21 8.27 8.27 8.27 8.34 8.34 9.93 8.34 8.24 8.24 8.24 8.24 8.23 8.23 8.23 8.23 8.26 9.19 9.42 8.26 8.29 8.29 8.29 8.29 8.32 8.32 8.32 9.25 8.30 8.30 8.30 8.30 8.29 9.22 10.23 8.93 9.06 9.06 9.58 10.13 9.02 9.02 9.02 9.02 8.96 8.96 9.61 9.76 9.05 11.48 11.48 11.48 9.05 9.05 9.05 9.05 9.10 9.10 9.10 9.10 9.09 9.09 9.09 9.09 9.08 9.08 9.08 9.08 9.06 9.06 9.06 9.06 9.01 9.01 6.04 6.04 6.01 6.01 6.01 6.01 7.55 5.60 5.97
8.27 8.27 9.21 8.27 8.34 8.34 9.93 8.34 8.24 8.24 8.24 8.24 8.23 8.23 8.23 8.23 8.26 8.26 8.26 9.20 8.29 8.29 8.29 8.29 8.32 8.32 8.32 9.25 9.20 8.30 8.30 8.30 8.29 8.29 8.29 8.93 9.06 9.06 9.06 9.06 9.02 9.02 9.02 9.02 8.96 8.96 8.96 9.61 11.48 11.48 11.48 9.05 9.05 9.05 9.05 9.05 9.10 9.10 9.10 9.10 9.09 9.09 9.09 9.09 9.08 9.08 9.08 9.08 9.06 9.06 9.06 9.06 9.01 9.01 5.67 6.04 6.01 6.01 6.01 6.01 5.97 5.97 5.97
9.72 9.21 8.27 8.27 8.34 9.93 8.34 8.34 8.24 8.24 8.24 8.24 8.23 8.23 8.23 8.23 8.26 8.26 9.19 8.26 8.29 8.29 8.29 8.29 8.32 8.32 8.32 9.25 8.30 8.30 8.30 9.23 8.29 8.29 8.29 8.29 9.06 9.06 9.06 9.06 9.02 9.02 9.02 11.97 11.34 13.32 11.34 8.96 9.05 9.05 9.05 9.05 9.05 9.05 9.05 9.05 9.10 9.10 9.10 9.10 9.09 9.09 9.09 9.09 9.08 9.08 9.08 9.08 9.06 9.06 9.06 9.06 9.01 9.01 6.04 6.04 6.01 6.01 6.01 6.01 5.97 5.97 5.97
8.27 9.72 8.27 8.27 9.93 8.34 9.08 8.34 8.24 8.24 8.24 8.24 8.23 8.23 8.23 8.23 8.26 8.26 8.26 8.26 8.29 8.29 8.29 9.22 8.32 8.32 8.32 8.32 8.30 8.30 8.30 9.23 8.29 8.29 8.80 8.29 9.06 9.06 9.06 9.06 10.41 9.78 11.42 11.42 11.34 8.96 8.96 8.96 9.05 9.05 9.05 9.05 9.05 9.05 9.05 9.05 9.10 9.10 9.10 9.10 9.09 9.09 9.09 9.09 9.08 9.08 9.08 9.08 9.06 9.06 9.06 9.06 9.01 9.01 6.04 6.04 9.12 6.01 9.12 9.12 5.97 5.97 5.97
9.29 9.29 9.29 9.29 9.48 9.48 9.48 9.48 9.57 9.57 9.57 8.97 8.26 8.26 8.26 8.26 8.30 8.30 9.23 8.30 8.32 8.32 8.32 9.26 9.24 8.31 8.31 9.24 8.29 8.29 8.29 8.29 9.21 8.28 9.51 9.89 11.48 11.48 9.06 9.26 9.29 9.29 10.37 11.53 9.08 9.08 9.08 9.08 9.25 9.25 9.25 9.25 9.20 9.20 9.20 9.20 9.22 9.22 9.22 9.22 9.18 9.18 9.18 9.18 9.16 9.16 9.16 9.16 9.25 9.25 9.25 9.25 9.16 6.13 6.13 6.13 6.05 6.05 9.19 6.05 6.06 6.06 6.06
9.29 9.29 10.95 9.29 9.48 9.48 9.52 9.48 9.57 9.57 9.57 9.57 9.19 8.26 9.19 9.20 8.30 8.30 8.30 8.30 8.32 8.32 8.32 8.32 8.31 8.31 8.31 8.31 8.29 8.29 8.29 8.29 8.28 8.28 8.28 8.28 11.16 11.48 11.48 11.48 11.53 11.53 11.53 9.09 9.08 9.08 9.08 9.08 9.25 9.25 9.25 9.25 9.20 9.20 9.20 9.20 9.22 9.22 9.22 9.22 9.18 9.18 9.18 11.35 9.16 9.16 9.16 9.16 9.25 9.25 9.25 9.25 9.16 6.13 6.13 6.13 6.05 6.05 6.05 6.05 6.06 6.06 6.06
9.29 9.29 9.29 10.44 9.48 9.48 9.48 9.48 9.57 9.57 9.57 9.57 8.26 8.26 8.26 8.26 8.30 8.30 8.30 8.30 8.32 8.32 8.32 8.32 8.31 8.31 8.31 8.31 8.29 8.29 8.29 8.29 8.28 8.28 8.28 8.28 8.38 9.06 9.06 11.48 11.53 11.53 9.09 9.09 9.08 9.08 9.08 9.08 9.25 9.25 9.25 9.25 9.20 9.20 9.20 9.20 9.22 9.33 11.55 11.40 11.35 11.35 11.35 11.35 11.32 11.32 11.32 11.32 11.19 9.25 9.25 9.25 9.16 6.13 6.13 6.13 6.05 6.05 6.05 6.05 6.06 6.06 6.06
9.29 9.29 9.29 9.29 9.48 9.48 9.48 9.48 9.57 9.57 9.57 9.57 8.26 8.26 8.26 8.26 8.30 8.30 8.30 8.30 8.32 8.32 8.32 8.32 8.31 8.31 8.31 8.31 8.29 8.29 8.29 8.29 8.28 8.28 8.28 8.28 8.38 9.06 9.06 9.06 9.09 9.09 9.09 9.09 9.08 9.08 9.08 9.08 9.25 9.25 9.25 9.25 9.20 9.20 9.20 11.38 11.40 10.37 10.37 10.64 10.37 11.35 11.35 11.35 11.32 11.32 11.32 11.32 11.19 11.19 9.25 9.25 9.16 6.13 6.13 6.13 6.05 6.05 6.05 6.05 6.06 6.06 6.06
9.33 9.33 9.33 9.33 8.38 8.38 8.38 8.38 8.44 8.44 8.44 8.44 8.45 8.45 8.45 8.45 8.47 8.47 8.47 8.47 8.48 8.48 8.48 8.48 8.45 8.45 8.45 8.45 8.42 8.42 8.42 8.42 8.42 8.42 8.42 8.42 8.55 8.55 9.12 9.12 9.17 9.17 9.17 9.17 9.27 9.27 9.27 9.27 9.36 9.36 9.36 9.36 9.25 9.35 9.25 11.44 11.45 11.38 11.11 10.37 10.64 11.43 11.80 11.43 11.40 11.40 11.40 11.40 11.29 11.29 11.29 9.32 6.17 6.17 6.17 6.17 6.13 6.13 6.13 6.13 6.15 6.15 6.15
9.33 9.33 9.33 9.33 8.38 8.38 8.38 8.38 8.44 8.44 8.44 8.44 8.45 8.45 8.45 8.45 8.47 8.47 8.47 8.47 8.48 8.48 8.48 8.48 8.45 8.45 8.45 8.45 8.42 8.42 8.42 8.42 8.42 8.42 8.42 8.42 8.55 8.55 9.12 9.12 9.17 9.17 9.17 9.17 9.27 9.27 9.27 9.27 9.36 9.36 9.73 9.36 9.25 9.25 10.37 11.49 10.64 11.85 14.33 12.49 9.59 9.96 10.70 10.33 12.86 11.75 11.40 10.64 11.29 11.29 11.29 9.32 6.17 6.17 6.17 6.17 6.13 6.13 6.13 6.13 6.15 6.15 6.15
9.33 9.33 9.33 9.33 8.38 8.38 8.38 8.38 8.44 8.44 8.44 8.44 8.45 8.45 8.45 8.45 8.47 8.47 8.47 8.47 8.48 8.48 8.48 8.48 8.45 8.45 8.45 8.45 8.42 8.42 8.42 8.42 8.42 8.42 8.42 8.42 8.55 8.55 9.12 9.12 9.17 9.17 9.17 9.17 9.27 9.27 9.27 9.27 9.36 10.10 8.50 11.74 9.25 11.44 10.64 11.38 11.75 9.59 9.40 5.40 5.03 8.28 8.65 5.77 5.40 5.40 10.33 11.75 12.03 11.66 11.29 11.29 8.59 6.17 6.17 6.17 6.13 6.13 6.13 6.13 6.15 6.15 6.15
9.33 9.33 9.33 9.33 8.38 8.38 8.38 8.38 8.44 8.44 8.44 8.44 8.45 8.45 8.45 8.45 8.47 8.47 8.47 10.75 10.76 10.76 8.48 8.48 8.45 8.45 8.45 8.45 8.42 8.42 8.42 8.42 8.42 8.42 8.42 8.42 8.55 8.55 8.55 9.12 9.17 9.17 9.17 9.17 9.27 9.27 9.27 9.27 9.36 9.84 10.25 10.85 11.01 12.12 9.59 9.96 12.85 12.11 7.17 0.00 12.48 0.00 0.00 0.00 6.80 7.91 7.91 4.29 11.13 10.76 11.66 11.29 8.59 8.59 6.17 6.17 6.13 6.13 6.13 6.13 6.15 6.15 6.15
8.27 8.27 8.27 8.27 8.56 10.88 10.42 10.42 8.56 8.56 8.56 10.87 8.55 8.55 8.55 9.33 8.56 8.56 9.53 10.88 10.87 10.87 10.87 8.55 8.52 8.52 8.52 8.52 8.50 8.50 8.50 8.50 8.50 8.50 8.50 8.50 8.64 8.64 8.64 9.23 9.25 9.25 9.25 10.56 9.29 9.29 10.95 10.36 9.46 10.58 11.56 8.27 8.48 13.22 7.17 0.00 0.00 0.00 0.00 0.00 0.00 0.00 0.00 0.00 0.00 0.00 0.00 0.00 7.78 7.78 10.02 11.85 8.61 8.61 6.19 6.19 6.18 6.18 6.18 6.18 6.20 6.84 6.52
8.27 8.27 8.27 8.27 11.25 11.25 10.88 10.42 10.87 10.87 10.42 10.87 10.87 11.28 10.42 10.42 9.33 9.33 10.42 10.42 10.87 10.87 10.87 8.55 8.52 8.52 8.52 8.52 8.50 8.50 8.50 8.50 8.50 8.50 8.50 8.50 8.64 8.64 8.64 8.64 9.25 9.25 10.00 10.00 12.13 9.01 11.47 11.33 10.58 10.85 10.85 11.90 3.63 0.00 0.00 0.00 0.00 0.00 0.00 0.00 0.00 0.00 0.00 0.00 0.00 0.00 0.00 0.00 0.00 0.00 6.67 5.84 2.22 9.02 8.28 6.19 6.26 6.52 6.18 6.18 6.20 6.52 6.52
11.13 11.13 8.73 11.13 10.99 10.88 10.88 10.88 10.98 10.51 10.88 11.25 11.25 11.25 11.62 8.32 10.88 10.51 10.88 10.51 9.99 10.58 10.58 10.58 8.29 8.29 8.29 10.54 10.51 10.51 10.51 8.27 8.97 8.28 8.28 10.52 10.75 10.75 10.75 10.96 11.05 12.14 12.51 11.77 14.76 11.44 12.55 7.60 11.14 12.91 12.91 0.00 0.00 0.00 0.00 0.00 0.00 0.00 0.00 0.00 0.00 0.00 0.00 0.00 0.00 0.00 0.00 0.00 0.00 0.00 0.00 0.00 0.00 6.87 6.13 5.76 9.60 7.23 6.53 7.36 7.36 7.64 6.51
10.69 11.87 11.13 15.13 10.88 10.88 8.70 8.70 11.73 11.36 11.25 10.47 8.70 9.07 5.24 5.98 11.29 11.99 8.70 10.51 10.36 10.58 10.95 10.36 11.51 10.91 11.28 10.28 10.36 10.51 9.99 9.99 14.36 7.96 9.99 9.99 10.75 11.12 10.75 11.12 10.02 11.44 10.39 10.70 14.02 3.53 5.01 6.49 8.64 0.00 0.00 0.00 0.00 0.00 0.00 0.00 0.00 0.00 0.00 0.00 0.00 0.00 0.00 0.00 0.00 0.00 0.00 0.00 0.00 0.00 0.00 0.00 0.00 0.00 0.00 0.00 0.00 11.36 10.99 9.31 6.99 7.73 7.36
11.06 12.78 12.78 14.90 12.69 9.81 3.76 8.70 10.88 11.25 11.25 10.75 7.95 8.70 13.06 8.87 14.18 15.86 13.06 14.10 11.59 11.22 11.22 6.91 12.70 13.60 14.73 11.10 10.65 11.47 10.73 13.62 6.16 11.96 9.99 10.36 11.75 9.72 11.90 2.95 2.58 2.78 12.91 12.91 12.91 6.78 7.52 6.78 0.00 0.00 0.00 0.00 0.00 0.00 0.00 0.00 0.00 0.00 0.00 0.00 0.00 0.00 0.00 0.00 0.00 0.00 0.00 0.00 0.00 0.00 0.00 0.00 0.00 0.00 0.00 0.00 0.00 0.00 0.00 0.00 4.74 6.50 10.25
11.06 12.78 9.52 10.69 11.58 9.07 4.13 3.39 11.25 12.32 13.06 11.95 5.90 11.58 11.95 4.98 5.35 6.09 7.39 8.70 8.33 7.96 2.54 6.54 6.03 8.31 11.22 11.22 11.59 12.70 11.96 10.85 11.59 11.96 11.22 11.59 12.98 3.69 3.69 6.58 6.21 6.41 6.41 3.16 3.16 3.16 3.16 0.00 0.00 0.00 0.00 0.00 0.00 0.00 0.00 0.00 0.00 0.00 0.00 0.00 0.00 0.00 0.00 0.00 0.00 0.00 0.00 0.00 0.00 0.00 0.00 0.00 0.00 0.00 0.00 0.00 0.00 0.00 0.00 0.00 0.00 0.00 0.00
11.93 11.80 11.43 10.69 11.95 13.73 8.70 8.50 12.32 11.95 11.58 5.90 8.12 8.12 8.12 4.98 1.35 0.00 0.00 0.00 0.00 4.00 4.92 0.00 0.00 0.00 0.00 3.63 5.29 6.16 6.16 5.79 5.66 6.91 6.91 6.16 6.95 6.58 6.21 2.95 2.95 2.78 3.16 2.95 2.58 2.78 0.00 0.00 0.00 0.00 0.00 0.00 0.00 0.00 0.00 0.00 0.00 0.00 0.00 0.00 0.00 0.00 0.00 0.00 0.00 0.00 0.00 0.00 0.00 0.00 0.00 0.00 0.00 0.00 0.00 0.00 0.00 0.00 0.00 0.00 0.00 0.00 0.00
12.25 11.93 11.06 8.04 7.95 6.27 12.32 13.06 8.49 8.49 10.01 1.35 4.49 4.49 4.49 4.98 0.00 0.00 0.00 0.00 0.00 0.00 0.00 0.00 0.00 0.00 0.00 0.00 0.00 0.00 0.00 1.29 1.66 1.66 2.41 2.78 2.44 2.07 1.70 2.07 2.07 1.70 0.37 2.58 2.21 1.84 0.00 0.00 0.00 0.00 0.00 0.00 0.00 0.00 0.00 0.00 0.00 0.00 0.00 0.00 0.00 0.00 0.00 0.00 0.00 0.00 0.00 0.00 0.00 0.00 0.00 0.00 0.00 0.00 0.00 0.00 0.00 0.00 0.00 0.00 0.00 0.00 0.00
12.35 11.98 11.72 11.06 11.58 5.90 5.90 5.35 5.35 4.49 4.49 4.49 4.49 4.49 4.49 5.90 0.00 0.00 0.00 0.00 0.00 0.00 0.00 0.00 0.00 0.00 0.00 0.00 0.00 0.00 0.00 0.00 0.00 0.00 1.66 2.03 0.00 0.00 0.00 0.00 0.00 0.00 0.00 0.00 0.00 0.00 0.00 0.00 0.00 0.00 0.00 0.00 0.00 0.00 0.00 0.00 0.00 0.00 0.00 0.00 0.00 0.00 0.00 0.00 0.00 0.00 0.00 0.00 0.00 0.00 0.00 0.00 0.00 0.00 0.00 0.00 0.00 0.00 0.00 0.00 0.00 0.00 0.00
12.30 9.18 13.18 14.57 9.73 14.01 4.86 5.35 5.23 2.46 5.60 4.49 4.49 0.00 0.00 0.00 0.00 0.00 0.00 0.00 0.00 0.00 0.00 0.00 0.00 0.00 0.00 0.00 0.00 0.00 0.00 0.00 0.00 0.00 0.00 0.00 0.00 0.00 0.00 0.00 0.00 0.00 0.00 0.00 0.00 0.00 0.00 0.00 0.00 0.00 0.00 0.00 0.00 0.00 0.00 0.00 0.00 0.00 0.00 0.00 0.00 0.00 0.00 0.00 0.00 0.00 0.00 0.00 0.00 0.00 0.00 0.00 0.00 0.00 0.00 0.00 0.00 0.00 0.00 0.00 0.00 0.00 0.00
11.35 14.98 13.55 8.81 7.95 14.01 7.95 4.98 8.86 2.83 2.09 1.72 1.26 4.20 1.35 4.98 0.00 0.00 0.00 0.00 0.00 0.00 0.00 0.00 0.00 0.00 0.00 0.00 0.00 0.00 0.00 0.00 0.00 0.00 0.00 0.00 0.00 0.00 0.00 0.00 0.00 0.00 0.00 0.00 0.00 0.00 0.00 0.00 0.00 0.00 0.00 0.00 0.00 0.00 0.00 0.00 0.00 0.00 0.00 0.00 0.00 0.00 0.00 0.00 0.00 0.00 0.00 0.00 0.00 0.00 0.00 0.00 0.00 0.00 0.00 0.00 0.00 0.00 0.00 0.00 0.00 0.00 0.00
10.98 16.09 11.03 4.63 12.69 9.73 7.58 11.21 5.35 5.72 1.72 1.35 1.35 4.49 4.49 5.35 0.00 0.00 0.00 0.00 0.00 0.00 0.00 0.00 0.00 0.00 0.00 0.00 0.00 0.00 0.00 0.00 0.00 0.00 0.00 0.00 0.00 0.00 0.00 0.00 0.00 0.00 0.00 0.00 0.00 0.00 0.00 0.00 0.00 0.00 0.00 0.00 0.00 0.00 0.00 0.00 0.00 0.00 0.00 0.00 0.00 0.00 0.00 0.00 0.00 0.00 0.00 0.00 0.00 0.00 0.00 0.00 0.00 0.00 0.00 0.00 0.00 0.00 0.00 0.00 0.00 0.00 0.00
10.61 14.29 6.72 8.49 14.70 10.17 6.27 7.39 4.13 6.64 5.90 5.72 5.72 5.47 5.35 5.35 0.00 0.00 0.00 0.00 0.00 0.00 0.00 0.00 0.00 0.00 0.00 0.00 0.00 0.00 0.00 0.00 0.00 0.00 0.00 0.00 0.00 0.00 0.00 0.00 0.00 0.00 0.00 0.00 0.00 0.00 0.00 0.00 0.00 0.00 0.00 0.00 0.00 0.00 0.00 0.00 0.00 0.00 0.00 0.00 0.00 0.00 0.00 0.00 0.00 0.00 0.00 0.00 0.00 0.00 0.00 0.00 0.00 0.00 0.00 0.00 0.00 0.00 0.00 0.00 0.00 0.00 0.00
14.98 13.92 14.66 8.46 10.57 8.10 11.58 3.76 8.70 15.05 13.24 13.98 11.95 11.58 7.39 5.72 4.98 4.98 5.35 11.95 6.16 6.16 6.10 7.94 0.00 0.00 0.00 0.00 0.00 0.00 0.00 0.00 0.00 0.00 0.00 0.00 0.00 0.00 0.00 0.00 0.00 0.00 0.00 0.00 0.00 0.00 0.00 0.00 0.00 0.00 0.00 0.00 0.00 0.00 0.00 0.00 0.00 0.00 0.00 0.00 0.00 0.00 0.00 0.00 0.00 0.00 0.00 0.00 0.00 0.00 0.00 0.00 0.00 0.00 0.00 0.00 0.00 0.00 0.00 0.00 0.00 0.00 0.00
10.88 13.18 13.18 15.04 8.84 9.83 9.46 7.39 13.40 12.44 9.00 8.68 8.64 8.79 13.98 11.38 11.21 5.90 6.64 11.95 11.22 6.16 6.16 6.34 10.85 7.94 0.00 0.00 0.00 0.00 0.00 0.00 0.00 0.00 0.00 0.00 0.00 0.00 0.00 0.00 0.00 0.00 0.00 0.00 0.00 0.00 0.00 0.00 0.00 0.00 0.00 0.00 0.00 0.00 0.00 0.00 0.00 0.00 0.00 0.00 0.00 0.00 0.00 0.00 0.00 0.00 0.00 0.00 0.00 0.00 0.00 0.00 0.00 0.00 0.00 0.00 0.00 0.00 0.00 0.00 0.00 0.00 0.00
11.29 7.38 6.27 7.01 4.84 9.83 10.74 12.49 9.98 9.61 8.68 8.68 8.64 8.64 9.40 9.40 9.77 9.73 7.58 14.14 9.34 6.68 9.52 9.52 9.99 11.22 11.22 10.85 0.00 0.00 0.00 0.00 0.00 0.00 0.00 0.00 0.00 0.00 0.00 0.00 0.00 0.00 0.00 0.00 0.00 0.00 0.00 0.00 0.00 0.00 0.00 0.00 0.00 0.00 0.00 0.00 0.00 0.00 0.00 0.00 0.00 0.00 0.00 0.00 0.00 0.00 0.00 0.00 0.00 0.00 0.00 0.00 0.00 0.00 0.00 0.00 0.00 0.00 0.00 0.00 0.00 0.00 0.00
10.49 6.64 6.27 3.01 11.37 8.89 10.37 9.26 9.61 9.61 8.64 8.64 8.60 8.60 8.60 8.60 8.95 7.58 11.21 15.50 7.42 9.34 9.15 11.05 9.15 9.15 8.33 7.96 10.85 4.92 4.92 0.00 0.00 0.00 0.00 0.00 0.00 0.00 0.00 0.00 0.00 0.00 0.00 0.00 0.00 0.00 0.00 0.00 0.00 0.00 0.00 0.00 0.00 0.00 0.00 0.00 0.00 0.00 0.00 0.00 0.00 0.00 0.00 0.00 0.00 0.00 0.00 0.00 0.00 0.00 0.00 0.00 0.00 0.00 0.00 0.00 0.00 0.00 0.00 0.00 0.00 0.00 0.00
9.18 6.27 6.27 3.72 10.33 10.38 9.26 10.87 9.37 8.64 8.96 8.64 8.60 8.60 8.60 8.60 9.61 10.01 13.24 10.64 7.05 7.52 9.15 8.28 8.22 9.15 9.89 7.96 9.23 11.22 5.79 4.92 0.00 0.00 0.00 0.00 0.00 0.00 0.00 0.00 0.00 0.00 0.00 0.00 0.00 0.00 0.00 0.00 0.00 0.00 0.00 0.00 0.00 0.00 0.00 0.00 0.00 0.00 0.00 0.00 0.00 0.00 0.00 0.00 0.00 0.00 0.00 0.00 0.00 0.00 0.00 0.00 0.00 0.00 0.00 0.00 0.00 0.00 0.00 0.00 0.00 0.00 0.00
3.74 7.36 7.73 9.72 11.20 10.13 10.63 11.30 11.20 11.30 10.25 8.62 8.58 8.58 8.58 10.36 10.25 6.40 13.92 7.37 7.15 11.28 9.99 8.29 8.76 8.76 9.88 7.89 8.49 8.12 8.49 5.00 5.00 0.00 0.00 0.00 0.00 0.00 0.00 0.00 0.00 0.00 0.00 0.00 0.00 0.00 0.00 0.00 0.00 0.00 0.00 1.33 5.31 5.68 5.26 4.23 0.00 0.00 0.00 0.00 0.00 0.00 0.00 0.00 0.00 0.00 0.00 0.00 0.00 0.00 0.00 0.00 0.00 0.00 0.00 0.00 0.00 0.00 0.00 0.00 0.00 0.00 0.00
7.36 7.73 4.11 12.98 12.95 12.04 13.72 12.04 11.30 9.82 8.62 8.62 8.58 8.58 8.58 10.36 10.25 10.62 10.39 10.25 9.88 9.88 8.29 8.29 8.76 8.76 8.76 9.88 10.26 13.51 14.75 11.75 5.95 5.00 5.00 5.00 0.00 0.00 0.00 0.00 0.00 0.00 5.37 2.27 1.37 1.37 1.33 1.33 1.33 1.33 4.96 8.43 11.01 6.21 4.60 2.21 2.21 0.00 0.00 0.00 0.00 0.00 0.00 0.00 0.00 0.00 0.00 0.00 0.00 0.00 0.00 0.00 0.00 0.00 0.00 0.00 0.00 0.00 0.00 0.00 0.00 0.00 0.00
