New_Model_Runs/16_Future_RCP8.5_Scn3_out/post_prcessed_with_MFR/Monthly_summaries/net_infiltration_monthly_NOV.asc
NCOLS 700
NROWS 400
XLLCENTER 515000.000000
YLLCENTER 8409000.000000
CELLSIZE 50.000000
NODATA_value -999.000000
[rows 185 to 221 of 400, columns 83 to 165 of 700]
0.00 0.00 0.00 0.00 0.00 0.00 0.00 0.00 0.00 0.00 0.00 0.00 0.00 0.00 0.00 0.00 0.00 0.00 0.00 0.00 0.00 0.00 0.00 0.00 0.00 0.00 0.00 0.00 0.00 0.00 8.02 8.02 8.02 9.04 7.98 7.98 7.98 7.97 7.97 7.97 7.97 8.01 8.01 8.01 8.01 8.48 8.48 9.71 8.48 8.50 8.50 8.50 8.50 8.48 8.48 8.48 9.63 8.47 8.47 8.47 8.47 8.68 8.68 8.68 8.68 8.64 8.64 8.64 8.64 8.66 9.92 8.66 8.66 8.66 8.66 8.66 8.66 8.68 8.68 8.68 8.68 8.81 8.81
0.00 0.00 0.00 0.00 0.00 0.00 0.00 0.00 0.00 0.00 0.00 0.00 0.00 0.00 0.00 0.00 0.00 0.00 0.00 0.00 0.00 0.00 0.00 0.00 0.00 0.00 0.00 0.00 0.00 0.00 8.02 8.02 8.02 7.98 7.98 7.98 9.04 7.97 7.97 7.97 7.97 9.08 8.01 8.01 8.01 8.48 8.48 8.48 8.48 8.50 8.50 8.50 8.50 10.20 9.64 8.48 8.48 8.47 8.47 8.47 8.47 8.68 8.68 8.68 8.68 8.64 8.64 8.64 8.64 8.66 8.66 9.92 8.66 10.97 8.66 8.66 8.66 8.68 8.68 8.68 8.68 8.81 8.81
0.00 0.00 0.00 0.00 0.00 0.00 0.00 0.00 0.00 0.00 0.00 0.00 0.00 0.00 0.00 0.00 0.00 0.00 0.00 0.00 0.00 0.00 0.00 0.00 5.19 0.00 0.00 0.00 0.00 0.00 0.00 8.02 8.02 7.98 7.98 7.98 7.98 7.97 7.97 7.97 7.97 8.01 8.01 8.01 8.01 8.48 8.48 8.48 9.71 8.50 8.50 8.50 8.50 8.48 9.64 8.48 8.48 9.62 8.47 8.47 8.47 8.68 8.68 8.68 8.68 9.90 8.64 8.64 8.64 9.91 8.66 8.66 8.66 9.92 8.66 8.66 8.66 9.95 8.68 8.68 8.68 8.81 10.86
0.00 0.00 0.00 0.00 0.00 0.00 0.00 0.00 0.00 0.00 0.00 0.00 0.00 0.00 0.00 0.00 0.00 0.00 0.00 0.00 0.00 0.00 0.00 0.00 7.97 8.03 0.00 0.00 0.00 8.04 8.04 8.04 8.04 7.99 7.99 7.99 7.99 9.00 7.95 7.95 7.95 7.97 7.97 7.97 7.97 8.50 8.50 8.50 8.50 8.48 8.48 8.48 8.48 8.50 8.50 8.50 8.50 8.46 9.60 8.46 8.46 8.63 8.63 8.63 8.63 9.84 9.83 8.59 8.59 8.64 8.64 8.64 8.64 9.87 8.61 8.61 8.61 8.76 8.76 8.76 8.76 11.10 11.10
0.00 0.00 0.00 0.00 0.00 0.00 0.00 0.00 0.00 0.00 0.00 0.00 0.00 0.00 0.00 0.00 0.00 0.00 0.00 0.00 0.00 0.00 0.00 0.00 0.00 8.03 8.03 8.03 9.03 8.04 8.04 8.04 8.04 7.99 7.99 7.99 7.99 7.95 9.51 7.95 7.95 7.97 7.97 7.97 7.97 8.50 8.50 8.50 8.50 8.48 8.48 8.48 8.48 8.50 8.50 8.50 8.50 8.46 8.46 8.46 8.46 8.63 8.63 8.63 8.63 8.59 8.59 8.59 8.59 8.64 8.64 8.64 8.64 8.61 8.61 8.61 8.61 8.76 8.76 8.76 8.76 11.10 11.10
0.00 0.00 0.00 0.00 0.00 0.00 0.00 0.00 0.00 0.00 0.00 0.00 0.00 0.00 0.00 0.00 0.00 0.00 0.00 0.00 0.00 0.00 0.00 0.00 0.00 0.00 8.03 8.03 8.03 8.04 8.04 8.04 8.04 7.99 7.99 7.99 7.99 7.95 9.00 9.00 7.95 7.97 7.97 7.97 7.97 8.50 8.50 8.50 8.50 8.48 10.25 9.70 8.48 8.50 8.50 8.50 8.50 8.46 8.46 8.46 8.46 8.63 8.63 8.63 8.63 8.59 8.59 8.59 8.59 8.64 8.64 8.64 8.64 8.61 8.61 8.61 9.91 8.76 8.76 8.76 8.76 11.10 11.10
0.00 0.00 0.00 0.00 0.00 0.00 0.00 0.00 0.00 0.00 0.00 0.00 0.00 0.00 0.00 0.00 0.00 0.00 0.00 0.00 0.00 0.00 0.00 0.00 0.00 0.00 8.03 8.03 9.05 8.21 8.04 8.04 8.04 7.99 7.99 7.99 9.04 7.95 7.95 7.95 7.95 7.97 7.97 7.97 7.97 8.50 8.50 8.50 8.50 8.48 8.48 9.70 8.48 8.50 9.65 8.50 8.50 8.46 9.59 8.46 8.46 8.63 9.87 8.63 8.63 8.59 8.59 8.59 8.59 8.64 8.64 8.64 8.64 8.61 8.61 8.61 8.61 8.76 8.76 8.76 8.76 11.10 11.10
0.00 0.00 0.00 0.00 0.00 0.00 0.00 0.00 0.00 0.00 0.00 0.00 0.00 0.00 0.00 0.00 0.00 0.00 0.00 0.00 0.00 0.00 0.00 0.00 0.00 0.00 0.00 13.20 8.15 11.39 9.03 9.15 8.09 8.02 8.02 8.02 8.02 8.99 7.94 7.94 7.94 7.93 7.93 7.93 8.98 8.47 8.47 8.47 8.47 10.40 8.51 8.51 8.51 8.47 8.47 8.47 8.47 8.43 8.43 9.56 8.43 8.59 8.59 8.59 8.59 8.59 8.59 8.59 8.59 8.63 8.63 8.63 10.92 8.63 8.63 8.63 8.63 8.93 8.93 8.93 8.93 9.07 11.24
0.00 0.00 0.00 0.00 0.00 0.00 0.00 0.00 0.00 0.00 0.00 0.00 0.00 0.00 0.00 0.00 0.00 0.00 0.00 0.00 0.00 0.00 0.00 0.00 0.00 0.00 0.00 3.00 8.80 9.03 9.03 9.17 8.09 8.02 8.02 8.02 8.02 7.94 7.94 7.94 7.94 7.93 7.93 7.93 7.93 8.47 8.47 8.47 8.47 8.51 10.03 8.51 8.51 8.47 8.47 8.47 8.47 8.43 8.43 8.43 8.43 8.59 8.59 8.59 8.59 8.59 8.59 8.59 8.59 8.63 8.63 8.63 8.63 8.63 10.28 8.63 8.63 8.93 8.93 8.93 8.93 9.07 9.07
0.00 0.00 0.00 0.00 0.00 0.00 0.00 0.00 0.00 0.00 0.00 0.00 0.00 0.00 0.00 0.00 0.00 0.00 0.00 0.00 0.00 0.00 0.00 0.00 0.00 0.00 0.00 7.98 8.97 9.03 9.03 9.03 10.36 10.27 8.95 8.95 8.95 8.87 8.87 8.87 10.18 8.86 8.86 8.86 8.86 9.57 9.57 9.57 9.57 9.61 9.61 9.61 9.61 9.57 9.57 9.57 9.57 9.52 9.52 9.52 10.91 9.93 9.93 9.93 13.67 9.93 9.93 9.93 9.93 11.42 12.15 9.97 9.97 9.98 9.98 9.98 9.98 10.31 10.31 10.31 10.31 10.46 10.46
0.00 0.00 0.00 0.00 0.00 0.00 0.00 0.00 0.00 0.00 0.00 0.00 0.00 0.00 0.00 0.00 0.00 0.00 0.00 0.00 0.00 0.00 0.00 8.40 0.00 0.00 14.26 6.66 8.97 9.03 9.03 9.03 9.03 8.95 8.95 8.95 8.95 8.87 8.87 8.87 8.87 8.86 10.16 8.86 8.86 9.57 9.57 9.57 9.57 9.61 9.61 9.61 9.61 9.57 9.57 9.57 9.57 9.52 9.52 10.89 9.52 9.93 9.93 9.93 9.93 9.93 9.93 9.93 9.93 9.97 9.97 9.97 9.97 9.97 9.97 9.97 9.97 10.31 10.31 10.31 10.31 10.46 10.46
0.00 0.00 0.00 0.00 0.00 0.00 0.00 0.00 0.00 0.00 0.00 0.00 0.00 0.00 0.00 0.00 0.00 0.00 0.00 0.00 0.00 0.00 8.41 9.63 10.33 10.79 7.63 12.65 12.35 9.05 9.05 9.05 9.05 8.97 8.97 10.87 10.27 8.90 8.90 8.90 8.90 8.86 8.86 8.86 8.86 9.53 9.53 9.53 9.53 9.56 9.56 9.56 9.56 9.49 9.49 9.49 9.49 10.85 9.46 9.46 10.97 9.94 9.94 9.94 9.94 9.95 9.95 9.95 9.95 9.99 9.99 9.99 9.99 10.14 10.14 10.14 10.14 10.46 10.46 10.46 10.46 10.48 10.48
0.00 0.00 0.00 0.00 0.00 0.00 0.00 0.00 0.00 0.00 0.00 0.00 0.00 0.00 0.00 0.00 0.00 0.00 0.00 0.00 0.00 8.41 13.14 11.92 10.33 9.05 10.01 9.64 12.48 9.05 9.05 9.05 9.05 8.97 8.97 8.97 10.27 8.90 11.29 8.90 8.90 8.86 8.86 8.86 8.86 9.53 10.93 9.53 9.53 9.56 9.56 9.56 9.56 9.49 9.49 9.49 9.49 9.46 9.46 9.46 9.46 9.94 9.94 9.94 9.94 9.95 9.95 9.95 9.95 9.99 9.99 9.99 9.99 10.14 10.14 10.14 10.14 10.46 10.46 10.46 10.46 10.48 12.05
0.00 0.00 0.00 0.00 0.00 0.00 0.00 0.00 0.00 0.00 0.00 0.00 0.00 0.00 0.00 0.00 0.00 0.00 0.00 0.00 8.40 8.41 11.92 11.92 10.36 10.42 9.99 9.28 9.28 13.81 9.05 9.05 9.05 8.97 8.97 8.97 8.97 8.90 8.90 8.90 8.90 8.86 8.86 8.86 8.86 9.53 9.53 9.53 9.53 10.95 9.56 9.56 9.56 9.49 9.49 9.49 9.49 10.85 9.46 9.46 9.46 9.94 9.94 9.94 9.94 12.64 9.95 9.95 9.95 9.99 9.99 9.99 9.99 10.14 10.14 10.14 10.14 10.46 10.46 10.46 10.46 10.48 10.48
0.00 0.00 0.00 4.53 0.00 0.00 0.00 0.00 0.00 0.00 0.00 0.00 0.00 0.00 0.00 4.82 0.00 0.00 4.21 8.40 8.40 11.92 8.41 8.41 13.84 13.94 13.94 13.94 13.36 13.81 11.21 11.21 11.21 11.11 8.97 8.97 8.97 8.90 8.90 8.90 8.90 8.86 8.86 8.86 8.86 9.53 9.53 9.53 10.91 9.56 9.56 9.56 9.56 9.49 9.49 9.49 9.49 10.84 9.46 9.46 9.46 9.94 9.94 9.94 11.39 9.95 9.95 9.95 11.41 11.46 9.99 9.99 9.99 10.14 10.14 10.14 10.14 10.46 10.46 10.46 10.46 10.48 10.48
0.00 0.00 7.46 7.46 7.46 7.51 0.00 0.00 0.00 0.00 0.00 0.00 0.00 0.00 0.00 4.82 8.02 7.97 8.82 8.82 9.56 11.90 8.39 8.39 10.26 11.55 10.34 10.34 9.97 11.16 11.89 11.16 11.88 11.10 11.39 10.30 8.97 8.95 8.95 8.95 8.95 8.92 8.92 8.92 8.92 9.50 9.50 9.50 9.50 12.02 9.46 9.46 11.39 9.45 9.45 9.45 12.00 9.47 9.47 9.47 9.47 9.99 9.99 9.99 12.69 9.98 9.98 9.98 13.31 11.57 10.08 10.08 10.08 10.28 10.28 10.28 10.28 10.45 10.45 13.43 10.45 10.43 11.99
0.00 0.00 0.00 7.46 7.46 7.51 0.00 0.00 0.00 0.00 0.00 0.00 0.00 0.00 0.00 8.02 11.53 11.48 11.48 11.48 11.48 12.31 7.95 7.95 10.26 11.42 10.34 10.34 11.44 11.16 11.16 9.01 9.01 10.30 8.97 8.97 8.97 8.95 8.95 10.84 10.26 8.92 8.92 8.92 8.92 9.50 9.50 9.50 9.50 9.46 9.46 9.46 9.91 11.76 9.90 9.45 9.45 9.47 9.47 9.47 9.47 11.45 11.45 9.99 9.99 9.98 11.45 11.45 11.48 10.08 10.08 10.08 10.08 10.28 10.28 10.28 10.28 10.45 12.09 10.45 10.45 10.43 10.43
0.00 0.00 8.35 7.46 7.46 7.51 7.51 0.00 0.00 0.00 0.00 0.00 0.00 0.00 8.02 8.02 11.53 7.97 7.97 11.48 11.33 7.95 7.95 7.95 9.72 9.81 11.51 9.81 10.34 11.16 11.16 9.01 9.01 8.97 8.97 8.97 8.97 8.95 8.95 8.95 8.95 8.92 10.24 8.92 8.92 9.50 9.50 9.50 11.83 11.77 11.77 11.77 12.57 11.76 11.76 9.45 9.45 9.47 9.47 9.47 9.47 11.31 9.99 9.99 9.99 11.45 9.98 9.98 9.98 10.08 10.08 10.08 10.08 10.28 10.28 10.28 10.28 10.45 10.45 10.45 10.45 10.43 10.43
8.34 7.46 8.34 8.35 7.46 7.51 8.41 0.00 0.00 0.00 0.00 0.00 0.00 0.00 0.00 8.02 12.37 7.97 7.97 7.97 8.82 9.59 7.95 7.95 7.95 9.81 8.01 8.01 8.01 10.57 10.57 9.01 9.01 8.97 8.97 8.97 8.97 8.95 8.95 8.95 10.26 8.92 8.92 8.92 8.92 9.50 9.50 9.50 9.50 11.77 11.77 11.77 11.77 11.76 11.76 9.45 9.45 9.47 9.47 9.47 9.47 9.99 9.99 9.99 9.99 9.98 9.98 9.98 9.98 10.08 10.08 10.08 10.08 10.28 10.28 10.28 10.28 10.45 10.45 10.45 10.45 10.43 10.43
2.66 7.42 7.42 7.42 7.42 7.49 7.49 7.49 0.00 0.00 0.00 0.00 0.00 0.00 0.00 8.06 8.06 12.35 7.99 7.99 7.99 7.93 8.77 7.93 7.93 8.77 7.93 7.93 7.93 8.40 8.40 8.40 8.40 8.40 8.40 8.91 8.91 8.93 8.93 8.93 8.93 8.92 8.92 10.24 8.92 9.48 9.48 9.48 9.48 9.43 11.72 11.72 12.51 11.77 11.77 9.91 9.46 12.07 9.50 9.50 9.50 10.01 10.01 10.01 10.01 13.79 11.49 10.02 10.02 10.17 10.17 10.17 10.17 10.32 10.32 10.32 11.85 10.46 10.46 10.46 10.46 10.38 10.38
7.48 7.42 7.42 7.42 7.42 7.49 7.49 7.49 7.49 0.00 0.00 0.00 0.00 0.00 0.00 9.87 8.06 11.50 11.50 7.99 7.99 7.93 7.93 7.93 7.93 7.93 7.93 7.93 7.93 8.40 8.40 8.40 8.40 8.40 8.40 8.40 8.40 8.42 8.93 8.93 8.93 8.92 8.92 8.92 8.92 10.86 9.48 9.48 9.48 9.43 11.72 11.72 11.72 11.77 11.77 11.77 9.46 9.50 9.50 9.50 9.50 10.01 10.01 10.01 10.01 10.02 10.02 10.02 10.02 10.17 10.17 10.17 10.17 10.32 10.32 11.85 10.32 10.46 12.09 10.46 12.81 11.93 10.38
7.48 7.42 7.42 7.42 7.42 7.49 7.49 7.49 7.49 7.35 0.00 0.00 0.00 0.00 4.55 9.87 9.87 8.84 11.50 7.99 8.83 7.93 7.93 7.93 7.93 7.93 7.93 7.93 8.77 8.40 8.40 9.47 8.40 8.40 8.40 8.40 8.40 8.42 8.42 8.42 8.42 8.42 8.92 8.92 8.92 9.48 9.48 9.48 9.48 11.72 11.72 11.72 11.72 11.77 11.77 11.77 11.77 9.50 9.50 9.50 12.07 10.01 10.01 11.78 12.72 10.02 10.02 10.02 10.02 10.17 10.17 10.17 10.17 11.85 10.32 10.32 10.32 12.09 10.46 10.46 10.46 10.38 10.38
7.48 7.42 7.42 7.42 7.42 7.49 7.49 7.49 7.49 8.62 8.81 8.81 4.64 7.70 2.52 9.37 9.87 9.77 9.96 11.50 7.99 7.93 7.93 7.93 7.93 7.93 7.93 7.93 7.93 8.40 8.40 8.40 8.40 8.40 8.40 8.40 8.40 8.42 9.50 8.42 8.42 8.42 8.42 8.42 8.42 9.48 9.48 9.48 11.79 11.72 11.72 11.72 11.72 11.77 11.77 11.77 11.77 9.50 9.50 9.50 9.50 10.01 10.01 12.21 10.01 10.02 10.02 10.02 10.02 10.17 10.17 10.17 12.94 10.32 10.32 10.32 10.32 13.25 10.46 12.09 12.03 11.93 11.93
7.47 7.41 7.41 7.41 7.41 7.47 10.98 7.47 7.47 7.60 7.60 8.81 9.17 7.92 7.92 10.06 9.37 9.37 8.03 11.54 8.03 7.97 7.97 7.97 7.97 7.93 7.93 7.93 7.93 8.38 8.38 8.38 8.38 8.39 8.39 8.39 8.39 8.39 8.39 9.47 8.39 8.36 8.36 8.36 8.36 8.96 11.16 11.16 11.16 11.82 11.82 11.82 11.82 11.87 11.87 11.87 11.87 11.88 11.88 9.53 9.53 10.02 11.49 10.67 10.02 10.07 10.07 10.07 10.07 10.21 10.21 11.72 10.21 10.33 10.33 10.33 10.33 12.09 10.46 10.46 10.46 10.35 10.35
8.76 7.41 7.41 7.41 7.41 10.98 10.98 12.29 7.47 7.60 5.33 7.60 8.81 9.37 7.56 9.57 9.87 9.37 9.37 11.54 11.54 7.97 7.97 7.97 7.97 7.93 7.93 7.93 7.93 8.38 8.38 8.38 8.38 8.39 8.39 8.39 8.39 9.74 8.39 8.39 8.39 8.36 8.36 8.36 9.69 13.63 12.18 11.16 11.16 8.99 8.99 8.99 9.49 11.87 11.87 11.87 11.87 11.88 12.96 12.96 9.53 10.02 12.55 13.76 10.02 10.07 10.07 10.07 10.07 10.21 10.21 12.10 10.21 10.33 10.33 10.33 10.33 10.46 10.46 10.46 10.46 10.35 10.35
8.68 8.61 8.61 9.38 12.91 12.18 8.67 8.67 12.18 8.83 5.37 9.99 8.83 9.29 9.29 11.14 11.65 11.60 11.60 11.60 13.63 9.20 9.20 9.20 9.20 9.16 9.16 9.16 9.16 9.40 9.40 9.40 9.40 9.42 9.42 9.42 9.42 9.42 9.42 9.42 9.42 9.36 9.38 9.38 9.38 9.94 12.54 12.54 9.94 9.98 9.98 9.98 9.98 10.02 10.02 10.02 13.31 13.32 13.32 13.32 10.48 11.65 14.12 14.12 11.03 11.09 11.09 11.09 11.09 14.35 11.23 11.23 11.23 11.35 11.35 11.35 11.35 11.72 14.01 11.72 11.72 11.58 11.58
9.16 12.12 12.12 12.12 8.61 8.67 8.67 8.67 12.18 8.83 8.83 8.83 8.83 9.29 9.29 9.29 11.65 10.85 11.87 11.60 11.83 15.02 11.51 9.20 9.20 9.16 9.16 9.16 9.16 9.40 9.40 9.40 9.40 9.42 9.42 9.42 9.42 9.42 9.42 9.42 9.42 9.38 9.38 9.38 9.38 9.94 9.94 9.94 9.94 9.98 9.98 9.98 9.98 10.02 10.76 10.02 14.36 12.66 12.66 12.66 13.32 14.12 14.12 14.12 11.03 11.09 11.09 11.09 11.09 11.23 12.99 11.23 11.23 11.35 11.35 11.35 11.35 11.72 11.72 11.72 11.72 11.58 11.58
8.73 12.18 12.18 8.67 8.67 8.64 8.64 8.64 12.15 12.23 12.23 8.88 12.23 12.76 10.45 9.25 9.25 10.85 10.85 11.65 11.65 15.14 11.63 11.63 11.63 9.25 9.25 9.25 9.25 9.51 9.51 9.51 9.51 9.52 9.52 9.52 9.52 9.46 9.46 9.46 9.46 9.42 9.42 9.42 9.42 10.04 10.04 10.04 10.04 10.10 10.10 10.06 10.10 10.06 10.11 10.11 12.78 12.71 12.71 12.71 12.71 13.46 13.46 11.04 11.04 11.10 11.10 11.10 11.10 12.97 11.20 11.20 11.20 11.31 11.31 11.31 11.31 11.67 11.67 11.67 11.67 11.54 11.54
12.24 12.18 12.18 8.67 8.67 8.64 8.64 8.64 8.64 9.84 8.72 8.72 8.72 12.76 12.76 12.61 9.73 9.73 10.85 10.78 13.32 15.14 11.63 11.63 11.63 9.25 9.25 9.25 9.25 9.51 9.51 9.51 9.51 9.52 9.52 9.52 9.52 9.46 9.46 9.46 9.46 9.42 9.42 9.42 9.42 10.04 10.04 10.04 10.04 10.10 10.10 10.10 10.10 10.11 10.11 10.11 12.78 10.05 10.05 10.05 10.05 13.46 13.46 10.60 10.60 10.66 10.66 11.29 11.10 11.20 11.20 11.20 11.20 11.31 11.31 11.31 13.10 11.67 11.67 13.53 13.53 11.54 11.54
8.73 8.67 8.67 8.67 9.37 8.64 8.64 8.64 8.64 9.84 8.72 8.72 8.72 9.25 12.76 9.25 9.25 11.54 12.81 12.81 12.81 7.59 11.14 11.63 13.88 9.25 9.25 9.25 9.25 9.51 9.51 9.51 9.51 9.52 9.52 9.52 9.52 9.46 9.46 9.46 9.46 9.42 9.42 9.42 9.42 10.04 10.04 10.04 10.04 10.10 10.10 10.10 10.10 10.06 10.11 10.11 10.11 10.05 10.05 10.05 10.05 13.46 13.46 13.46 10.60 10.66 10.60 10.66 10.66 10.77 11.20 11.20 11.20 11.31 11.31 11.31 11.31 11.67 11.67 11.67 11.67 11.54 11.54
12.24 8.67 8.67 8.67 8.67 10.27 9.76 8.64 8.64 8.72 8.72 8.72 8.72 9.25 12.76 12.76 12.76 12.81 9.30 9.30 9.30 10.33 9.98 9.28 9.28 9.25 10.46 9.25 9.25 9.51 9.51 9.51 9.51 9.52 9.52 9.52 9.52 9.46 9.46 9.46 9.46 9.42 9.42 9.42 9.42 10.04 10.04 10.04 10.04 10.10 10.10 10.10 10.10 10.06 10.06 10.06 10.11 10.05 10.05 10.01 10.59 13.46 13.46 13.46 10.60 10.66 10.66 10.66 10.59 10.77 10.77 10.77 10.77 9.71 11.31 11.31 11.31 11.67 11.67 11.67 11.67 13.36 11.54
12.30 12.28 8.77 8.77 8.77 8.70 9.83 8.70 8.70 8.65 8.65 8.65 8.65 9.18 9.18 12.69 13.88 9.27 9.27 9.27 9.27 9.26 9.26 9.26 9.26 9.25 9.25 9.25 9.25 9.56 9.56 9.56 9.56 9.59 9.59 9.59 9.59 9.54 9.54 9.54 9.54 9.50 9.50 9.50 9.50 10.15 10.15 10.15 10.15 10.18 10.18 10.18 10.18 10.15 10.15 10.15 10.15 10.07 10.07 10.07 10.07 13.45 13.45 13.45 13.65 9.90 10.62 10.62 10.62 10.61 10.69 10.69 10.69 10.74 10.74 10.74 10.67 11.50 11.50 11.50 11.50 11.46 11.46
8.79 12.28 8.77 8.77 8.77 8.70 8.70 8.70 8.70 8.65 8.65 9.78 8.65 9.18 9.18 10.37 9.18 9.27 9.27 9.27 9.27 9.26 9.26 9.26 9.26 9.25 10.45 9.25 9.25 9.56 9.56 9.56 9.56 9.59 9.59 9.59 9.59 9.54 9.54 9.54 9.54 9.50 9.50 9.50 9.50 10.15 10.15 10.15 10.15 10.18 10.18 10.18 10.18 10.15 10.15 10.15 10.15 10.07 10.07 10.07 10.07 13.45 13.45 13.45 13.45 13.49 10.62 10.62 10.62 10.61 10.69 10.62 10.69 10.66 10.74 10.74 10.74 9.88 9.88 9.88 9.88 11.46 11.46
12.30 12.99 8.77 8.77 8.77 8.70 8.70 8.70 8.70 8.65 8.65 8.65 8.65 10.27 9.18 9.18 10.37 9.27 9.27 9.27 9.27 9.26 10.47 9.26 9.26 9.25 9.25 9.25 9.25 9.56 9.56 9.56 9.56 9.56 10.83 10.32 9.56 9.54 9.51 9.54 9.54 9.48 9.50 9.50 9.50 10.15 10.15 10.15 10.15 10.18 10.18 10.18 10.18 10.15 10.15 10.15 10.11 10.07 10.07 10.07 13.84 13.45 13.45 13.45 13.45 13.49 13.49 13.49 10.62 10.69 10.69 10.69 10.69 10.74 10.74 10.74 10.74 9.88 9.88 9.88 9.88 9.85 9.85
9.15 8.77 8.77 9.92 8.77 8.70 8.70 8.70 8.70 8.65 8.65 8.65 8.65 9.18 9.18 9.18 9.18 9.27 9.27 9.27 10.46 9.26 9.26 9.66 9.26 9.25 9.25 10.43 9.25 9.56 9.56 9.56 9.56 9.59 9.56 9.59 9.59 9.54 9.54 9.54 9.54 9.50 9.50 9.50 9.50 10.15 10.15 10.15 10.15 10.93 10.18 10.14 10.12 10.15 11.54 10.10 10.15 10.07 10.07 10.07 12.73 13.45 13.45 13.45 13.45 13.69 13.49 13.49 13.49 13.59 10.69 10.69 10.69 10.74 10.74 10.74 10.74 9.88 9.88 9.88 9.88 9.85 9.85
9.51 9.16 8.79 9.68 9.50 8.77 8.77 8.77 8.77 8.71 8.71 8.71 8.71 9.11 9.11 9.11 10.16 9.19 9.19 9.19 9.19 9.17 9.17 9.17 10.36 9.19 9.19 9.19 9.19 9.44 9.54 9.52 9.54 9.55 9.53 9.55 9.55 9.56 9.54 9.56 9.56 9.56 9.56 9.56 9.56 10.17 10.17 10.91 10.17 10.16 10.16 10.16 10.16 10.10 10.06 10.10 10.10 10.03 10.03 12.67 12.67 13.45 13.45 13.45 13.45 13.49 13.49 13.49 13.49 13.49 13.49 13.49 13.49 13.47 13.67 13.47 13.67 13.18 13.18 10.39 9.80 10.50 9.82
10.38 9.16 9.16 9.16 8.79 8.77 8.77 8.77 9.90 8.71 9.84 8.71 9.92 9.11 9.11 9.11 10.29 9.19 9.19 9.19 9.19 9.17 9.17 9.17 9.17 9.19 9.19 9.19 9.19 9.54 9.54 9.54 9.54 9.55 9.55 9.55 9.55 9.56 9.56 9.54 9.56 9.56 9.56 9.56 9.56 10.17 10.13 10.17 10.17 10.16 10.16 10.16 10.16 10.10 10.10 10.10 10.10 10.03 10.03 12.67 12.67 13.45 13.45 13.45 13.45 13.49 13.49 13.49 13.49 13.49 13.49 13.49 13.49 13.47 13.47 13.47 13.47 14.14 13.18 13.18 10.48 9.82 9.82
