New_Model_Runs/16_Future_RCP8.5_Scn3_out/post_prcessed_with_MFR/Monthly_summaries/net_infiltration_monthly_SEP.asc
NCOLS 700
NROWS 400
XLLCENTER 515000.000000
YLLCENTER 8409000.000000
CELLSIZE 50.000000
NODATA_value -999.000000
[rows 114 to 151 of 400, columns 504 to 587 of 700]
4.56 4.56 4.56 4.56 4.37 4.50 4.37 4.37 4.10 4.10 4.10 4.10 4.11 4.11 4.11 4.11 4.15 4.15 4.15 4.15 3.75 7.26 3.75 3.75 3.70 3.70 3.81 2.44 3.87 3.03 3.03 3.79 3.77 3.77 3.77 7.28 7.31 7.56 4.15 4.15 3.73 3.73 3.73 3.73 7.27 3.76 3.85 3.76 3.72 3.72 3.72 3.72 3.64 3.64 3.64 3.64 3.72 3.97 3.97 3.97 4.23 4.26 3.99 3.99 3.99 4.19 4.19 3.99 4.11 3.92 3.92 3.92 4.14 4.38 4.14 4.14 4.27 4.38 6.98 0.00 0.00 0.00 0.00 0.00
4.56 4.56 4.56 4.56 4.37 4.37 4.37 4.37 4.10 4.10 4.10 4.10 4.11 4.11 4.11 4.11 4.15 4.15 4.15 4.15 4.18 7.70 6.72 6.72 5.92 3.81 3.81 3.81 3.79 3.79 6.54 7.30 7.28 7.28 7.28 3.77 3.79 7.31 7.66 7.66 3.73 3.73 3.73 3.73 7.27 7.44 3.76 3.76 3.72 3.72 3.72 3.72 3.64 3.64 3.64 3.64 3.72 3.97 3.97 3.97 4.23 4.46 3.99 3.99 3.99 3.99 3.99 3.99 3.92 3.92 3.92 3.92 4.14 4.14 4.38 4.38 4.27 3.71 4.93 4.58 6.62 7.31 6.62 6.26
4.34 4.34 4.34 4.46 4.38 4.26 4.26 4.26 4.16 4.16 4.16 4.16 4.21 4.21 4.21 4.21 4.23 4.23 4.23 4.23 4.20 4.20 4.23 4.23 3.81 7.33 5.92 7.33 7.32 7.32 7.32 3.81 3.83 3.83 3.83 3.83 3.85 3.85 3.85 7.36 7.22 3.71 3.79 2.75 3.79 7.23 7.23 7.23 3.70 3.70 3.70 3.70 3.64 3.64 3.64 3.64 3.69 3.94 3.94 3.94 3.93 3.93 3.93 3.93 3.93 3.93 3.93 3.93 3.94 3.94 3.94 3.94 4.19 4.19 4.43 4.43 4.28 4.28 4.49 4.72 3.48 2.61 1.54 1.54
4.34 4.34 4.34 4.34 4.26 4.26 4.26 4.26 4.16 4.16 4.16 4.16 4.21 4.21 4.21 4.21 4.23 4.23 4.23 4.23 4.23 4.23 4.23 4.23 2.44 3.81 3.81 3.81 3.81 3.81 2.79 3.81 3.83 3.83 3.83 3.83 3.85 3.85 3.85 3.85 7.22 7.22 3.71 3.71 3.71 3.71 3.71 3.79 7.21 6.26 2.53 4.11 3.72 3.64 3.64 3.64 3.69 3.94 3.94 3.94 3.93 3.93 3.93 3.93 3.93 3.93 3.93 3.93 3.94 3.94 3.94 3.94 4.19 4.43 4.43 4.19 4.28 4.28 4.28 4.28 2.26 2.26 1.54 1.54
4.34 4.34 4.34 4.34 4.26 4.26 4.26 4.26 4.16 4.16 4.16 4.16 4.21 4.21 4.21 4.21 4.23 4.23 4.23 4.23 4.23 4.23 4.23 4.23 3.81 3.81 3.70 3.81 3.81 3.81 3.81 3.81 3.83 3.83 3.83 3.83 3.85 3.85 3.85 3.85 3.71 7.22 7.22 7.22 7.23 3.71 7.58 6.26 6.26 6.26 2.53 2.75 3.64 3.72 3.64 3.64 3.69 3.94 3.94 3.94 3.93 3.93 3.93 4.11 3.93 4.11 3.93 3.93 3.94 3.94 3.94 3.94 4.19 4.43 4.43 4.43 4.28 4.28 4.28 3.35 3.84 2.61 1.90 1.18
4.34 4.34 4.34 4.34 4.26 4.26 4.26 4.26 4.16 4.16 4.16 4.16 4.21 4.21 4.21 4.21 4.23 4.23 4.23 4.23 4.23 4.23 4.23 4.23 3.81 3.81 3.81 3.81 3.81 3.81 3.81 3.81 3.83 3.83 3.83 3.83 3.85 3.85 3.85 3.85 3.71 3.71 3.71 3.71 7.23 5.70 6.06 2.89 6.04 7.21 3.78 3.85 3.64 3.64 3.64 3.64 3.69 3.94 3.94 3.94 3.93 3.93 4.11 3.93 3.93 3.93 3.93 3.93 3.94 3.94 3.94 3.94 4.19 4.19 4.68 4.43 4.54 4.56 4.28 4.28 3.80 4.92 4.43 1.18
4.32 4.32 4.32 4.32 4.43 4.43 4.43 4.43 4.31 4.31 4.31 4.31 4.32 4.32 4.32 4.32 4.31 4.31 4.31 4.31 4.31 4.31 4.31 4.31 3.90 3.90 3.90 3.90 3.90 3.90 3.90 3.90 3.91 3.91 3.91 3.91 3.91 3.91 3.91 3.91 3.74 3.74 3.74 3.74 2.29 7.53 7.22 3.70 2.75 3.67 3.67 3.67 3.60 3.60 3.60 3.68 3.66 3.91 3.91 3.91 3.92 3.92 3.92 3.92 3.97 3.97 3.97 3.97 4.00 4.00 4.00 4.00 4.20 4.20 4.20 4.20 4.46 4.22 4.22 4.29 3.44 4.43 3.40 3.37
4.32 4.32 4.32 4.32 4.43 4.43 4.43 4.43 4.31 4.31 4.31 4.31 4.32 4.32 4.32 4.32 4.31 4.31 4.31 4.31 4.31 4.31 4.31 4.31 3.90 3.90 2.79 2.79 3.90 3.90 3.90 3.90 3.91 3.91 3.91 3.91 3.91 3.91 3.03 3.91 3.74 6.26 6.26 2.75 2.75 7.22 3.70 3.70 3.67 3.67 3.67 3.67 3.60 3.60 3.60 3.60 3.66 3.91 3.91 3.91 3.92 3.92 3.92 3.92 3.97 3.97 3.97 3.97 4.00 4.00 4.00 4.00 4.20 4.20 4.20 4.20 4.29 4.29 4.29 4.29 3.09 3.35 3.40 3.09
4.32 4.32 4.32 4.32 4.43 4.43 4.43 4.43 4.31 4.31 4.31 4.31 4.32 4.32 4.32 4.32 4.31 4.31 4.31 4.31 4.31 4.31 4.31 4.31 3.90 4.00 3.03 3.03 2.79 3.90 3.90 3.90 3.91 3.91 3.91 3.91 1.67 3.91 3.03 3.03 6.26 3.12 6.72 6.26 6.26 3.70 3.70 3.70 3.67 3.67 3.67 3.67 3.60 3.60 3.60 3.60 3.90 3.91 3.91 3.91 3.92 3.92 3.92 3.92 3.97 3.97 3.97 3.97 4.00 4.00 4.00 4.00 4.20 4.20 4.20 4.20 4.29 4.29 4.54 4.54 4.34 4.56 4.61 4.34
4.32 4.32 4.32 4.32 4.43 4.40 4.43 4.43 4.31 3.12 4.43 4.44 4.43 4.32 4.32 4.32 3.12 4.31 4.31 4.31 4.31 4.31 4.31 4.31 3.90 4.00 3.90 3.03 2.79 3.90 3.90 3.90 3.03 3.91 3.91 3.03 2.44 3.91 3.91 6.54 2.75 2.89 3.11 3.74 3.70 3.70 3.70 3.70 3.67 3.67 3.67 3.67 3.60 3.60 3.60 3.60 3.66 3.91 3.91 3.91 3.92 3.92 3.92 3.92 3.97 3.97 3.97 3.97 4.00 4.00 4.00 4.00 4.20 4.20 4.20 4.20 4.29 4.29 4.54 4.54 4.60 4.60 4.55 4.34
4.48 4.48 4.48 4.48 4.54 4.54 4.67 4.54 4.35 4.35 4.60 4.35 4.35 4.35 4.35 4.47 4.48 4.37 3.79 3.75 4.37 4.37 4.37 4.37 3.96 4.07 4.07 4.32 4.32 3.96 3.96 3.96 4.14 3.51 4.42 3.19 3.03 2.79 7.43 7.43 3.75 3.75 3.75 3.75 3.75 3.75 3.75 3.75 3.70 3.86 3.70 3.70 3.58 3.58 3.58 3.58 3.65 3.90 3.90 3.90 3.95 3.95 3.95 4.13 4.19 4.20 4.01 4.01 4.03 4.03 4.03 4.41 4.22 4.22 4.22 4.22 4.25 4.25 4.50 4.52 4.75 4.25 4.25 4.25
4.48 4.48 4.48 4.48 4.54 4.54 4.54 4.54 4.35 4.46 4.35 4.35 4.35 4.35 4.35 4.35 4.50 4.50 4.50 4.86 3.88 4.37 4.37 4.37 3.96 4.79 3.95 5.18 4.92 4.56 4.32 3.96 3.21 4.29 4.29 2.18 3.21 7.75 3.92 3.92 3.92 3.75 3.75 3.75 3.75 3.75 3.75 3.75 3.86 3.70 3.70 3.70 3.58 3.58 3.58 3.58 3.65 3.90 3.90 3.90 3.95 4.13 4.18 3.95 4.01 4.01 4.25 4.20 4.03 4.23 4.23 4.03 4.61 4.22 4.22 4.22 4.25 4.25 4.45 4.25 4.25 4.25 4.25 4.25
4.48 4.48 4.48 4.48 4.54 4.54 4.54 4.54 4.35 4.35 4.35 4.35 4.35 4.35 4.35 4.35 4.37 4.50 4.86 5.22 3.35 3.12 8.24 4.86 5.15 2.70 8.33 8.26 8.62 6.93 7.97 8.55 7.44 8.16 6.73 6.73 8.40 4.13 3.92 4.01 3.75 3.75 3.75 3.85 3.84 3.84 3.75 3.84 3.80 3.70 3.70 3.70 3.58 3.58 3.58 3.58 3.65 3.90 3.90 3.90 3.95 3.95 3.95 3.95 4.01 4.01 4.01 4.01 4.23 4.03 4.03 4.03 4.22 4.22 4.61 4.22 4.25 4.45 4.25 4.25 4.25 4.25 4.25 4.25
4.48 4.48 4.48 4.48 4.54 4.54 4.54 4.54 4.35 4.35 4.35 4.35 4.35 4.47 4.47 4.35 4.37 4.37 4.15 4.86 8.37 7.46 8.37 5.39 3.06 6.93 5.37 7.19 7.19 2.57 7.90 5.73 5.87 5.87 7.42 3.49 3.92 3.92 3.92 3.92 3.75 3.75 3.75 3.85 3.84 3.84 2.56 3.84 3.80 3.80 3.80 3.78 3.58 3.58 3.58 3.58 3.89 3.90 3.90 3.90 3.95 3.95 3.95 3.95 4.01 4.01 4.01 4.20 4.03 4.03 4.03 4.03 4.22 4.22 4.22 4.22 4.25 4.25 4.25 4.25 4.25 4.25 4.25 4.45
4.57 4.57 4.57 4.57 4.58 4.58 4.58 4.58 4.35 4.35 4.35 4.35 4.35 4.35 4.35 4.35 4.37 4.37 4.51 4.36 8.37 7.74 4.00 2.51 6.57 5.73 7.19 0.00 0.00 0.00 0.00 0.00 0.00 5.87 7.45 4.65 3.91 3.91 3.91 3.91 3.79 7.31 7.41 6.14 2.98 2.98 2.27 3.45 2.76 3.78 3.78 3.69 3.59 3.74 3.67 3.67 3.69 3.94 3.94 2.94 2.68 2.68 2.68 3.93 3.95 4.13 3.95 3.95 3.97 3.97 3.97 3.97 4.16 4.36 4.16 4.36 4.18 4.18 4.18 4.18 4.18 4.18 4.37 4.18
4.57 4.57 4.57 4.57 4.74 4.74 4.74 4.74 4.48 4.35 4.35 4.35 4.35 4.35 4.35 4.35 3.50 4.37 3.79 4.51 4.00 7.16 5.67 8.54 5.49 0.00 0.00 0.00 0.00 0.00 0.00 0.00 0.00 0.00 6.28 3.93 3.91 3.91 3.91 3.91 7.39 5.09 2.59 3.84 7.21 3.34 4.23 2.75 3.78 3.78 3.78 3.69 3.59 3.59 3.59 3.59 3.93 3.94 3.94 3.94 2.68 2.68 3.96 3.93 3.95 3.95 3.95 3.95 3.97 3.97 3.97 3.97 4.16 4.16 4.16 4.16 4.18 4.18 4.18 4.18 4.18 4.36 4.18 4.18
4.52 4.52 4.52 4.52 4.68 4.68 4.47 4.68 4.50 4.39 4.39 4.39 4.40 4.40 4.40 4.40 4.19 4.42 4.34 4.87 4.51 4.51 5.31 8.82 3.87 0.00 0.00 0.00 0.00 0.00 0.00 0.00 0.00 0.00 0.00 7.73 4.12 4.12 7.63 7.57 2.94 3.39 3.75 3.31 8.44 4.46 4.18 4.10 4.11 4.02 4.10 4.02 3.93 3.93 3.93 3.93 3.55 3.80 3.80 3.80 2.53 2.79 4.00 3.97 3.81 3.81 3.81 3.81 3.84 3.84 3.84 3.84 4.00 4.00 4.00 4.00 4.01 4.01 4.01 4.40 4.01 4.01 4.01 4.01
4.52 4.52 4.52 4.52 4.53 4.68 4.68 4.68 4.22 4.22 4.50 4.39 4.40 4.40 4.40 4.34 4.19 4.42 4.34 4.70 4.37 4.37 4.53 7.74 0.00 0.00 0.00 0.00 0.00 0.00 0.00 0.00 0.00 0.00 0.00 2.99 7.73 7.63 6.14 0.00 0.00 3.04 3.75 4.83 7.53 4.20 4.10 4.10 4.02 4.10 4.02 4.09 3.93 3.93 3.93 3.93 3.55 3.80 3.80 2.79 2.51 2.53 3.97 3.79 3.81 3.98 3.81 3.81 3.84 3.84 3.84 3.84 4.00 4.00 4.00 4.19 4.20 4.01 4.01 4.01 4.01 4.01 4.01 4.01
4.53 4.53 4.53 4.53 4.55 4.55 4.69 4.69 4.54 4.54 4.54 4.42 4.17 4.19 4.37 4.37 4.37 4.55 4.40 4.34 4.39 4.39 7.90 0.00 0.00 0.00 0.00 0.00 0.00 0.00 0.00 0.00 0.00 0.00 0.00 4.44 4.10 0.00 0.00 0.00 0.00 0.00 0.00 2.23 7.89 4.15 4.14 4.06 4.01 4.01 4.01 4.01 3.99 3.99 3.99 3.99 3.63 3.88 3.88 3.88 2.79 2.79 3.82 3.82 3.76 3.76 3.76 3.76 3.79 3.79 3.79 3.79 3.96 3.96 3.96 3.96 3.99 3.99 3.99 3.99 4.01 4.01 4.01 4.01
4.53 4.53 4.53 4.66 4.67 4.67 4.36 4.40 4.73 4.80 4.54 4.42 4.41 4.19 4.87 5.09 4.95 6.03 5.46 4.40 7.90 7.90 0.00 0.00 0.00 0.00 0.00 0.00 0.00 0.00 0.00 0.00 0.00 0.00 0.00 0.00 0.00 0.00 0.00 0.00 0.00 0.00 0.00 4.47 8.05 3.83 4.15 4.15 4.10 4.01 4.01 4.01 3.99 3.99 3.99 3.99 3.63 3.88 4.06 3.88 3.82 3.82 3.82 3.82 3.76 3.76 3.76 3.76 3.79 3.79 3.79 3.79 3.96 4.14 3.96 3.96 3.99 3.99 4.22 4.22 4.24 4.24 4.24 4.24
4.53 4.53 4.53 4.53 4.55 4.55 4.67 4.36 4.73 4.80 4.44 4.73 4.73 4.51 8.07 8.10 8.10 9.18 0.00 0.00 0.00 0.00 0.00 0.00 0.00 0.00 0.00 0.00 0.00 0.00 0.00 0.00 0.00 0.00 0.00 0.00 0.00 0.00 0.00 0.00 0.00 0.00 0.00 0.00 7.73 4.15 4.15 4.15 4.10 4.10 4.01 4.01 3.99 3.99 3.99 3.99 3.63 3.88 3.88 3.88 3.82 3.82 3.82 3.82 3.76 3.76 3.76 3.76 3.79 3.79 3.79 3.79 3.96 4.36 3.96 3.96 3.99 3.99 4.18 4.45 4.24 4.24 4.26 4.24
4.53 4.53 4.53 4.53 4.55 4.47 4.90 4.21 5.94 5.31 8.10 8.10 8.10 0.00 0.00 0.00 0.00 0.00 0.00 0.00 0.00 0.00 0.00 0.00 0.00 0.00 0.00 0.00 0.00 0.00 0.00 0.00 0.00 0.00 0.00 0.00 0.00 0.00 0.00 0.00 0.00 0.00 0.00 3.04 7.81 4.42 4.42 4.06 4.01 4.01 4.01 4.01 3.99 3.99 3.99 3.99 3.63 3.88 3.88 3.88 4.03 4.03 4.03 3.82 3.76 3.76 3.76 3.76 3.79 3.79 3.79 3.79 3.96 4.31 4.14 3.96 3.99 3.99 3.99 3.99 4.01 4.01 4.24 4.24
4.52 4.52 4.52 4.52 4.67 4.04 5.12 5.37 6.38 8.82 0.00 0.00 0.00 0.00 0.00 0.00 0.00 0.00 0.00 0.00 0.00 0.00 0.00 0.00 0.00 0.00 0.00 0.00 0.00 0.00 0.00 0.00 0.00 0.00 0.00 0.00 0.00 0.00 0.00 0.00 0.00 0.00 0.00 4.04 4.17 7.88 7.93 7.93 4.26 4.18 4.07 4.07 4.06 4.06 4.06 4.06 3.71 4.19 4.19 4.19 4.12 4.12 4.12 4.12 3.76 3.76 3.76 3.76 3.72 3.72 3.72 3.88 3.92 3.92 3.92 3.92 3.99 3.99 3.99 3.99 4.04 4.04 4.04 4.04
4.52 4.52 4.52 4.52 4.47 4.40 2.58 8.40 0.00 0.00 0.00 0.00 0.00 0.00 0.00 0.00 0.00 0.00 0.00 0.00 0.00 0.00 0.00 0.00 0.00 0.00 0.00 0.00 0.00 0.00 0.00 0.00 0.00 0.00 0.00 0.00 0.00 0.00 0.00 0.00 0.00 0.00 0.00 0.00 0.00 0.00 0.00 7.24 5.52 3.66 4.18 3.82 4.01 4.06 4.06 4.06 3.71 4.19 4.19 4.19 4.12 4.12 4.12 4.12 3.97 3.97 3.76 3.76 3.72 3.72 3.72 3.88 3.92 3.92 3.92 3.92 3.99 3.99 3.99 3.99 4.04 4.04 4.04 4.04
4.52 4.52 4.52 4.71 4.00 4.40 8.40 0.00 0.00 0.00 0.00 0.00 0.00 0.00 0.00 0.00 0.00 0.00 0.00 0.00 0.00 0.00 0.00 0.00 0.00 0.00 0.00 0.00 0.00 0.00 0.00 0.00 0.00 0.00 0.00 0.00 0.00 0.00 0.00 0.00 0.00 0.00 0.00 0.00 0.00 0.00 0.00 0.00 8.42 2.45 3.30 2.58 4.01 4.02 4.01 4.06 3.71 4.19 4.19 4.19 4.12 4.12 4.12 4.12 3.97 3.97 3.76 3.76 3.72 3.72 3.88 3.72 3.92 3.92 3.92 3.92 3.99 3.99 3.99 3.99 4.04 4.04 4.04 4.04
4.51 4.88 4.00 4.00 4.60 4.40 7.80 0.00 0.00 0.00 0.00 0.00 0.00 0.00 0.00 0.00 0.00 0.00 0.00 0.00 0.00 0.00 0.00 0.00 0.00 0.00 0.00 0.00 0.00 0.00 0.00 0.00 0.00 0.00 0.00 0.00 0.00 0.00 0.00 0.00 0.00 0.00 0.00 0.00 0.00 0.00 0.00 0.00 0.00 7.24 3.75 3.04 4.38 4.38 4.02 4.25 3.01 4.19 4.19 4.19 4.12 4.12 4.12 4.12 3.97 3.97 3.76 3.76 3.72 3.72 3.72 3.72 3.92 3.92 3.92 3.92 3.99 3.99 3.99 3.99 4.04 4.04 4.04 4.27
4.50 4.00 3.50 3.76 4.51 4.86 7.01 0.00 0.00 0.00 0.00 0.00 0.00 0.00 0.00 0.00 0.00 0.00 0.00 0.00 0.00 0.00 0.00 0.00 0.00 0.00 0.00 0.00 0.00 0.00 0.00 0.00 0.00 0.00 0.00 0.00 0.00 0.00 0.00 0.00 0.00 0.00 0.00 0.00 0.00 0.00 0.00 0.00 0.00 6.88 5.60 7.96 6.10 8.09 4.58 6.01 3.82 2.57 4.23 4.23 4.13 4.13 4.15 4.13 3.72 3.72 3.72 3.72 3.65 3.65 3.65 3.65 3.90 3.90 3.90 3.90 4.01 4.01 3.95 3.95 4.05 4.05 4.05 4.52
4.50 3.76 4.00 3.91 4.86 4.51 8.02 0.00 0.00 0.00 0.00 0.00 0.00 0.00 0.00 0.00 0.00 0.00 0.00 0.00 0.00 0.00 0.00 0.00 0.00 0.00 0.00 0.00 0.00 0.00 0.00 0.00 0.00 0.00 0.00 0.00 0.00 0.00 0.00 0.00 0.00 0.00 0.00 0.00 0.00 0.00 0.00 0.00 0.00 0.00 5.24 2.82 4.83 8.09 5.39 6.82 4.18 2.56 4.23 4.23 4.13 4.13 4.13 4.14 3.93 3.89 4.13 3.88 3.65 3.65 3.65 3.65 3.90 3.90 3.90 4.26 4.01 4.01 4.01 4.01 4.05 4.05 7.56 6.30
4.50 4.50 4.72 2.12 7.37 3.51 0.00 0.00 0.00 0.00 0.00 0.00 0.00 0.00 0.00 0.00 0.00 0.00 0.00 0.00 0.00 0.00 0.00 0.00 0.00 0.00 0.00 0.00 0.00 0.00 0.00 0.00 0.00 0.00 0.00 0.00 0.00 0.00 0.00 0.00 0.00 0.00 0.00 0.00 0.00 0.00 0.00 0.00 0.00 0.00 7.96 5.96 8.68 7.18 4.93 3.83 2.90 4.23 4.46 4.46 4.13 4.15 4.13 3.91 3.93 3.93 3.93 3.93 3.65 3.65 3.65 3.65 3.90 3.90 3.90 4.08 4.01 4.01 2.97 2.73 4.25 6.25 5.87 6.25
4.50 4.50 4.21 7.37 0.00 0.00 0.00 0.00 0.00 0.00 0.00 0.00 0.00 0.00 0.00 0.00 0.00 0.00 0.00 0.00 0.00 0.00 0.00 0.00 0.00 0.00 0.00 0.00 0.00 0.00 0.00 0.00 0.00 0.00 0.00 0.00 0.00 0.00 0.00 0.00 0.00 0.00 0.00 0.00 0.00 0.00 0.00 0.00 0.00 0.00 0.00 7.60 7.96 6.47 5.09 4.10 3.74 3.99 3.99 3.99 4.08 3.91 3.91 3.91 3.72 3.72 3.72 3.72 3.65 3.65 3.65 3.65 4.06 4.08 3.90 3.90 4.01 4.01 4.01 4.01 2.73 2.73 3.01 3.37
4.72 8.08 0.00 0.00 0.00 0.00 0.00 0.00 0.00 0.00 0.00 0.00 0.00 0.00 0.00 0.00 0.00 0.00 0.00 0.00 0.00 0.00 0.00 0.00 0.00 0.00 0.00 0.00 0.00 0.00 0.00 0.00 0.00 0.00 0.00 0.00 0.00 0.00 0.00 0.00 0.00 0.00 0.00 0.00 0.00 0.00 0.00 0.00 0.00 0.00 0.00 7.60 2.80 4.02 4.17 4.18 2.60 3.81 3.92 3.92 3.77 3.77 3.77 3.77 3.68 3.68 3.68 3.68 3.68 3.68 3.68 3.68 3.89 4.07 3.89 3.89 4.00 4.00 4.00 4.00 4.06 2.73 3.01 3.37
7.44 0.00 0.00 0.00 0.00 0.00 0.00 0.00 0.00 0.00 0.00 0.00 0.00 0.00 0.00 0.00 0.00 0.00 0.00 0.00 0.00 0.00 0.00 0.00 0.00 0.00 0.00 0.00 0.00 0.00 0.00 0.00 0.00 0.00 0.00 0.00 0.00 0.00 0.00 0.00 0.00 0.00 0.00 0.00 0.00 0.00 0.00 0.00 0.00 0.00 0.00 8.32 9.03 6.08 4.53 4.73 3.66 3.92 4.10 3.92 3.77 3.77 3.77 3.77 3.84 3.68 3.68 3.68 3.68 3.68 3.68 3.68 3.89 3.89 3.89 3.89 4.00 4.00 4.00 4.00 4.06 4.06 4.06 4.15
0.00 0.00 0.00 0.00 0.00 0.00 0.00 0.00 0.00 0.00 0.00 0.00 0.00 0.00 0.00 0.00 0.00 0.00 0.00 0.00 0.00 0.00 0.00 0.00 0.00 0.00 0.00 0.00 0.00 0.00 0.00 0.00 0.00 0.00 0.00 0.00 0.00 0.00 0.00 0.00 0.00 0.00 0.00 0.00 0.00 0.00 0.00 0.00 0.00 0.00 0.00 4.18 8.78 3.82 3.95 3.91 4.14 4.33 4.33 4.33 4.36 4.19 4.19 4.19 4.10 4.10 4.10 4.10 4.10 4.10 4.10 4.10 4.29 4.29 4.29 4.29 4.40 4.40 4.59 4.59 4.45 4.45 4.36 4.90
0.00 0.00 0.00 0.00 0.00 0.00 0.00 0.00 0.00 0.00 0.00 0.00 0.00 0.00 0.00 0.00 0.00 0.00 0.00 0.00 0.00 0.00 0.00 0.00 0.00 0.00 0.00 0.00 0.00 0.00 0.00 0.00 0.00 0.00 0.00 0.00 0.00 0.00 0.00 0.00 0.00 0.00 0.00 0.00 0.00 0.00 0.00 0.00 0.00 0.00 0.00 3.46 7.89 4.44 4.26 3.91 4.06 4.33 4.21 4.33 4.19 4.19 4.19 4.19 4.10 4.10 4.10 4.10 4.10 4.10 4.10 4.10 4.29 4.29 4.29 4.29 4.40 4.40 4.40 4.40 4.45 4.45 8.02 8.37
0.00 0.00 0.00 0.00 0.00 0.00 0.00 0.00 0.00 0.00 0.00 0.00 0.00 0.00 0.00 0.00 0.00 0.00 0.00 0.00 0.00 0.00 0.00 0.00 0.00 0.00 0.00 0.00 0.00 0.00 0.00 0.00 0.00 0.00 0.00 0.00 0.00 0.00 0.00 0.00 0.00 0.00 0.00 0.00 0.00 0.00 0.00 0.00 0.00 0.00 0.00 3.82 5.44 4.64 3.92 3.91 4.06 4.16 4.16 4.16 4.10 4.10 4.10 4.10 4.15 4.15 4.15 4.15 4.38 4.20 4.20 4.20 4.31 4.51 4.31 4.31 4.37 4.37 4.37 4.37 7.87 7.66 0.00 0.00
0.00 0.00 0.00 0.00 0.00 0.00 0.00 0.00 0.00 0.00 0.00 0.00 0.00 0.00 0.00 0.00 0.00 0.00 0.00 0.00 0.00 0.00 0.00 0.00 0.00 0.00 0.00 0.00 0.00 0.00 0.00 0.00 0.00 0.00 0.00 0.00 0.00 0.00 0.00 0.00 0.00 0.00 0.00 0.00 0.00 0.00 0.00 0.00 0.00 0.00 6.25 7.95 4.01 4.45 3.92 3.92 3.90 4.16 4.16 4.32 4.10 4.21 4.29 4.29 4.15 4.15 4.15 4.15 4.04 4.20 4.20 4.20 4.31 4.57 4.21 4.21 4.60 4.37 4.37 4.37 3.51 0.00 0.00 0.00
0.00 0.00 0.00 0.00 0.00 0.00 0.00 0.00 0.00 0.00 0.00 0.00 0.00 0.00 0.00 0.00 0.00 0.00 0.00 0.00 0.00 0.00 0.00 0.00 0.00 0.00 0.00 0.00 0.00 0.00 0.00 0.00 0.00 0.00 0.00 0.00 0.00 0.00 0.00 0.00 0.00 0.00 0.00 0.00 0.00 0.00 0.00 0.00 0.00 6.25 4.08 3.91 3.92 4.02 4.02 4.07 3.90 3.90 4.16 4.16 4.10 4.24 4.29 4.29 4.15 4.15 4.15 4.15 4.38 4.21 4.20 4.20 4.31 4.21 4.36 4.21 4.21 4.37 4.37 7.88 0.00 0.00 0.00 0.00
0.00 0.00 0.00 0.00 0.00 0.00 0.00 0.00 0.00 0.00 0.00 0.00 0.00 0.00 0.00 0.00 0.00 0.00 0.00 0.00 0.00 0.00 0.00 0.00 0.00 0.00 0.00 0.00 0.00 0.00 0.00 0.00 0.00 0.00 0.00 0.00 0.00 0.00 0.00 0.00 0.00 0.00 0.00 0.00 0.00 0.00 0.00 0.00 7.67 3.98 3.98 4.23 3.92 3.92 3.92 3.92 3.90 3.90 4.16 4.16 4.10 4.29 4.29 7.80 4.15 4.15 4.15 7.66 8.25 4.38 4.20 4.20 4.31 4.36 4.36 4.36 4.21 4.21 4.37 7.88 0.00 0.00 0.00 0.00
