New_Model_Runs/16_Future_RCP8.5_Scn3_out/post_prcessed_with_MFR/Monthly_summaries/net_infiltration_monthly_MAR.asc
NCOLS 700
NROWS 400
XLLCENTER 515000.000000
YLLCENTER 8409000.000000
CELLSIZE 50.000000
NODATA_value -999.000000
[rows 228 to 265 of 400, columns 168 to 251 of 700]
7.81 7.81 7.89 7.89 7.85 8.12 8.12 8.12 8.22 8.22 8.22 8.22 6.39 6.39 6.76 7.55 6.69 10.32 6.41 10.69 9.57 9.94 9.52 9.57 6.28 7.62 7.16 7.99 6.79 7.90 8.27 7.90 7.48 7.85 6.85 9.23 8.33 8.10 8.33 8.33 8.06 8.06 8.06 8.06 8.81 8.43 8.80 7.64 9.17 8.06 8.06 8.06 8.43 7.90 8.06 7.32 6.87 8.00 6.44 6.44 6.49 6.49 6.49 6.49 4.31 6.54 6.54 6.54 6.53 6.53 6.53 6.53 6.19 6.19 6.19 6.19 6.12 6.12 6.12 6.12 6.05 6.05 5.33 6.05
7.81 7.81 7.81 7.81 7.85 7.85 8.12 8.12 7.94 8.31 8.22 8.27 8.30 6.39 6.69 6.69 6.69 6.69 6.76 11.43 10.69 3.16 9.89 9.20 6.28 10.85 11.14 10.73 10.98 11.10 11.10 10.73 5.91 7.02 7.85 7.48 7.99 7.90 6.90 8.17 8.06 8.06 8.06 8.06 8.06 8.28 9.02 7.64 8.01 7.64 8.06 8.28 8.85 7.59 7.59 7.59 6.94 6.94 6.44 6.44 6.49 6.49 5.91 6.49 6.54 4.31 6.54 6.54 6.53 6.53 6.53 6.11 5.61 5.61 5.33 6.19 6.12 6.12 6.12 6.12 6.05 5.33 5.33 6.05
7.37 7.37 7.37 7.37 7.40 7.40 7.40 7.85 8.03 8.22 8.22 8.22 8.30 8.21 8.21 6.69 6.76 6.69 6.39 6.69 9.94 9.94 7.06 7.80 7.53 7.53 10.79 10.79 7.48 10.85 6.65 2.65 7.11 11.16 10.42 5.94 10.73 3.02 8.27 6.73 7.10 7.21 8.06 8.06 8.06 2.33 11.53 10.90 10.90 7.90 8.06 8.28 9.09 8.85 8.85 7.59 6.94 6.44 6.44 6.44 6.49 6.49 6.49 6.49 6.54 6.54 6.54 6.54 6.53 6.53 6.11 6.11 5.33 5.61 6.19 6.19 6.12 6.12 6.12 6.12 6.05 5.31 5.33 6.05
7.37 7.37 7.37 7.37 7.40 7.40 7.40 7.75 7.48 7.94 7.94 8.22 8.21 8.21 8.21 8.26 6.39 6.69 6.39 6.76 6.69 6.69 10.32 4.64 8.96 8.22 7.11 8.22 3.76 11.84 7.42 3.39 7.48 7.85 7.11 10.05 10.61 11.47 7.02 10.79 7.10 7.10 7.10 7.10 7.10 10.73 10.53 10.90 10.53 8.81 8.81 8.81 8.85 8.85 8.85 8.85 8.00 6.44 6.44 6.44 6.49 6.49 6.49 6.71 5.91 5.91 6.54 6.54 6.40 6.73 6.53 5.91 5.33 6.19 6.19 6.19 6.12 6.12 6.12 6.12 5.33 5.33 6.05 6.20
7.46 7.46 7.46 7.46 7.48 7.48 8.08 7.80 7.52 6.19 7.52 8.24 8.22 8.22 8.31 8.22 8.20 8.20 6.39 6.69 6.76 6.69 7.01 10.32 11.90 11.90 10.36 11.90 10.36 11.10 11.10 7.02 10.33 10.79 10.36 11.64 5.94 8.81 7.69 11.47 10.36 10.36 10.76 10.76 10.39 11.10 9.45 11.97 8.46 8.92 8.92 8.92 8.97 8.97 8.97 8.97 8.07 7.39 6.66 6.52 6.56 6.54 6.56 5.91 6.77 6.11 6.11 5.91 6.57 6.95 6.49 6.74 6.21 6.21 6.21 6.21 6.11 6.11 6.11 6.25 6.06 6.06 6.06 6.06
7.46 7.46 7.46 7.46 7.48 7.79 7.48 7.48 7.52 7.52 6.19 7.40 7.38 7.48 7.48 8.22 8.29 8.20 8.20 8.20 6.69 6.69 7.11 7.43 7.53 7.53 7.53 7.53 6.42 6.70 11.24 3.02 8.27 6.80 6.43 9.69 9.40 7.31 6.12 9.36 7.47 6.73 8.38 8.98 7.14 7.47 8.34 11.97 8.46 6.96 8.13 8.46 8.51 8.97 8.97 8.97 7.39 7.39 7.39 6.50 6.54 6.54 6.54 6.54 6.11 5.40 7.29 6.48 6.48 5.40 5.84 6.28 5.33 6.21 6.21 6.21 6.11 6.11 6.25 6.25 6.06 6.06 6.06 6.06
7.46 7.46 7.46 7.46 7.48 7.79 7.48 7.48 7.52 7.52 7.52 7.52 7.48 7.48 7.54 8.42 8.20 8.20 8.20 8.20 8.18 7.78 6.32 7.16 7.53 7.25 7.53 7.53 7.53 6.73 7.35 10.36 8.57 8.94 7.93 6.49 10.12 9.69 7.53 8.57 8.28 8.28 8.28 8.28 7.10 9.08 8.07 9.22 9.22 7.21 6.94 6.94 7.31 8.34 8.51 8.51 7.39 7.39 7.39 7.39 6.54 6.54 6.54 6.54 5.91 6.85 5.03 10.11 8.66 10.48 6.85 6.86 5.61 6.21 6.21 6.21 6.11 6.37 6.11 6.11 6.06 6.06 6.06 6.06
7.46 7.46 7.46 7.46 7.48 8.10 7.48 7.48 7.52 7.52 7.52 7.52 7.48 7.48 7.48 7.95 8.20 7.90 8.20 8.20 8.18 6.39 6.69 6.69 8.83 9.71 7.26 7.25 7.25 6.73 8.82 8.82 8.47 8.47 7.93 8.65 8.22 9.69 7.53 7.53 8.65 8.67 8.28 8.15 8.71 8.71 8.34 6.36 9.22 10.84 10.84 6.94 2.55 6.79 7.66 7.31 7.25 6.56 6.19 7.39 6.54 6.54 6.54 6.54 6.59 6.48 8.72 6.11 6.85 5.77 7.32 5.91 6.38 6.38 6.21 6.21 5.61 6.11 6.11 6.25 6.06 6.06 6.06 6.06
7.54 7.54 7.54 7.54 7.56 7.56 7.56 7.56 7.56 7.56 7.56 7.56 7.51 7.51 7.51 7.51 7.43 7.89 8.19 8.19 8.18 8.18 6.69 8.18 8.82 8.82 8.49 8.49 8.81 9.71 9.71 8.81 8.43 8.43 8.43 8.59 8.57 11.83 9.70 7.90 7.10 8.81 8.34 8.34 8.50 8.50 8.50 8.50 6.36 8.55 7.99 10.84 10.78 7.72 7.16 7.53 6.15 6.85 6.54 5.91 6.56 6.56 6.48 6.48 6.85 8.66 1.77 6.48 7.32 7.22 6.93 6.56 6.17 6.17 5.65 6.53 6.09 6.09 6.09 6.09 6.12 6.12 6.12 6.12
7.54 7.54 7.54 7.54 7.56 7.87 7.56 7.56 7.56 7.56 7.56 7.56 7.51 7.51 7.51 7.51 7.43 7.97 7.89 8.19 8.18 8.18 8.18 8.18 8.82 8.82 8.82 8.49 8.81 8.60 9.71 9.71 8.79 8.79 8.43 8.43 8.57 9.09 12.39 8.76 8.81 8.44 8.34 8.34 8.50 8.50 8.50 8.50 8.55 6.73 8.55 7.50 10.41 10.41 9.67 10.12 5.77 5.77 6.85 6.48 6.28 6.11 6.85 6.21 6.48 5.40 2.14 5.03 5.20 5.03 4.68 6.96 6.17 6.17 6.17 6.17 6.23 6.09 6.09 6.09 6.12 6.12 6.12 6.12
7.54 7.54 7.54 7.54 7.56 7.56 7.56 7.56 7.56 7.56 7.56 7.56 7.51 7.51 7.51 7.51 7.48 7.89 7.89 6.69 6.39 8.18 8.18 8.27 8.82 8.62 8.59 8.49 8.81 8.81 8.81 8.58 8.79 8.90 8.79 8.79 7.84 10.07 9.14 8.76 8.44 8.34 8.34 8.34 8.50 8.50 8.50 8.50 8.92 8.55 7.50 7.50 6.36 8.03 8.03 6.94 8.96 10.28 5.03 6.85 6.48 6.48 6.85 5.03 9.73 4.96 5.03 5.33 6.00 6.48 6.11 6.56 5.33 6.33 6.17 6.17 6.09 6.09 6.09 6.09 6.32 6.12 6.12 6.12
7.54 7.54 7.54 7.54 7.56 7.56 7.56 7.56 7.56 7.56 7.56 7.56 7.51 7.51 7.51 7.51 7.43 6.69 6.69 6.69 6.69 6.69 8.18 7.67 8.25 8.82 8.49 8.49 8.46 8.46 8.46 8.46 8.43 8.43 8.53 8.79 7.84 9.14 9.15 8.48 8.34 8.34 8.34 8.34 8.50 7.21 7.21 7.10 8.32 7.95 6.40 8.55 7.87 8.24 7.87 6.46 6.28 6.11 9.73 9.73 6.48 6.85 6.85 5.70 8.66 6.11 6.11 5.40 7.22 6.48 6.33 5.91 6.41 6.17 6.17 6.17 6.09 6.09 6.09 6.09 6.12 6.12 6.12 6.12
7.59 7.59 7.59 7.59 7.57 7.88 7.57 7.57 7.55 7.55 7.55 7.55 7.49 7.49 7.49 7.49 7.35 6.47 6.69 6.47 6.69 7.42 7.42 6.19 7.03 8.27 8.53 8.53 8.50 8.50 8.50 8.50 9.70 9.70 9.70 8.43 8.43 9.43 7.35 8.43 8.45 8.45 8.45 8.45 8.54 7.21 8.54 7.95 3.39 3.02 6.77 7.50 8.61 7.47 7.87 8.25 6.11 6.11 6.48 6.48 9.40 9.77 6.44 6.52 10.85 2.69 7.70 6.85 7.04 6.11 5.91 6.46 6.16 6.16 6.16 6.16 6.12 6.12 6.12 6.27 6.17 6.17 6.17 6.17
7.59 7.90 7.59 7.59 7.57 7.57 7.57 7.57 7.55 7.55 7.55 7.89 7.49 7.49 7.49 7.49 7.42 6.47 6.47 6.47 7.35 7.42 7.42 7.42 7.99 7.99 8.53 8.53 8.50 8.50 8.50 8.50 8.43 8.43 8.79 8.43 8.43 8.43 8.15 8.43 8.45 8.45 8.45 8.45 7.50 7.50 7.21 7.50 7.58 7.10 7.10 7.87 6.73 7.10 7.87 7.92 6.51 6.25 7.22 7.59 3.62 4.36 10.51 10.14 9.50 6.15 5.40 6.11 6.11 6.11 5.91 6.51 6.30 6.16 6.16 6.16 6.12 6.12 6.12 6.12 6.17 6.17 6.17 6.17
7.35 7.35 7.35 7.35 7.33 7.65 7.65 8.04 7.53 7.53 8.35 7.90 7.45 7.45 7.45 7.45 7.40 7.40 6.33 7.40 7.41 7.41 7.41 7.41 7.71 7.71 7.71 7.71 8.20 8.20 8.20 8.20 8.13 8.13 8.13 8.13 8.13 8.13 8.13 8.13 7.78 7.78 7.78 7.78 6.65 7.02 7.02 6.80 6.72 6.06 6.06 5.69 6.65 6.65 6.65 6.76 6.32 6.03 7.14 6.20 6.57 4.75 7.31 5.83 8.72 8.49 6.03 6.40 6.03 6.03 5.78 6.48 5.84 5.84 5.84 5.84 5.80 5.80 5.80 5.80 5.86 5.86 5.86 5.86
7.35 7.35 7.35 7.35 7.33 7.33 7.33 7.33 7.53 7.53 7.53 7.53 7.82 7.82 7.82 7.79 7.40 7.40 7.40 7.40 7.41 7.41 7.41 7.41 7.71 7.71 7.71 7.71 7.68 7.68 8.20 8.20 8.13 8.13 8.13 8.13 8.13 8.13 8.13 8.13 7.78 7.78 7.78 7.02 7.02 6.65 7.02 6.70 6.65 7.84 8.21 7.02 6.65 6.65 6.76 6.47 5.97 5.97 6.40 6.40 6.57 7.69 6.20 5.71 5.34 8.35 6.40 6.40 6.03 6.40 6.48 6.48 5.84 5.84 5.84 5.84 5.80 5.80 5.80 4.90 5.86 5.86 5.86 6.10
7.33 7.33 7.95 7.63 7.25 7.66 7.25 7.25 7.44 7.44 7.44 7.44 7.43 7.43 7.43 7.43 7.40 7.40 7.40 7.40 7.43 7.43 7.43 7.43 7.77 7.77 7.77 7.77 7.74 7.74 7.74 8.27 8.17 8.17 8.17 8.17 8.21 8.21 8.21 8.21 7.80 7.80 7.80 6.35 6.65 6.65 5.69 7.41 7.78 7.78 8.15 8.15 7.84 5.69 6.76 6.76 5.97 6.32 5.78 6.15 6.35 6.08 6.03 6.40 8.97 6.40 6.40 6.03 6.03 6.40 6.83 6.46 5.87 5.87 5.87 5.87 5.85 5.85 4.90 4.90 5.89 5.89 5.89 6.11
7.33 7.33 7.33 7.33 7.25 7.25 7.55 7.25 7.44 7.44 7.44 7.44 7.43 7.43 7.43 7.43 7.40 7.40 7.72 7.40 7.43 7.43 7.43 7.43 7.77 7.77 7.77 7.77 7.74 7.74 7.74 8.27 8.17 8.17 8.17 8.17 8.21 8.21 8.21 7.84 7.80 7.80 7.80 6.35 6.65 5.56 7.79 7.79 7.78 4.98 7.78 8.15 2.45 6.06 7.13 6.76 6.32 6.32 6.40 5.71 5.46 4.97 6.03 6.40 10.03 6.40 6.40 6.03 6.03 6.46 6.46 5.09 6.24 5.87 6.37 5.87 5.85 4.90 4.87 4.90 6.11 5.89 5.89 6.11
7.33 7.94 7.33 7.33 7.25 7.25 7.55 7.25 7.44 7.44 7.44 6.33 7.67 7.43 7.43 7.43 7.40 6.05 6.05 7.40 7.43 7.43 7.43 7.43 7.77 7.77 7.77 7.77 7.74 7.74 7.74 7.74 8.17 8.17 8.17 8.17 8.21 8.21 8.21 8.21 7.80 7.80 7.80 7.85 6.65 7.79 7.79 4.98 4.98 4.98 4.98 8.15 6.80 7.17 2.24 6.47 5.97 6.32 4.97 5.71 5.71 4.72 5.46 9.09 9.66 5.34 6.40 6.03 5.78 6.03 4.72 5.09 3.87 3.87 5.87 5.87 5.85 5.99 5.85 5.85 5.89 5.89 6.11 6.11
7.33 7.33 7.33 7.33 7.25 7.25 7.25 7.25 7.44 7.44 7.44 6.33 6.33 7.43 7.43 7.43 7.50 6.05 7.40 7.40 7.43 7.43 7.43 7.43 7.77 7.77 7.77 7.77 7.74 8.13 7.74 7.74 7.66 8.17 8.27 8.17 8.21 8.21 8.21 8.21 7.80 7.80 7.80 6.35 6.74 7.79 7.91 4.98 4.98 4.98 7.78 8.15 5.82 2.82 8.00 7.99 5.97 5.78 6.03 6.40 6.03 6.03 1.79 9.46 4.97 6.03 6.03 6.40 6.83 6.03 6.03 4.86 5.87 6.00 5.87 5.87 5.19 5.85 5.85 5.85 5.89 5.89 6.11 6.11
7.28 7.28 7.58 7.28 7.20 7.20 7.20 7.20 7.43 7.43 7.32 6.26 7.41 7.41 7.41 7.41 6.17 6.05 8.03 7.41 7.44 7.44 7.44 8.12 7.79 7.79 7.79 7.79 8.15 7.76 7.76 7.76 7.72 8.25 8.25 8.25 8.27 8.27 8.27 8.27 7.77 7.77 7.77 7.77 7.74 7.74 8.21 4.98 4.98 4.98 7.79 8.16 6.24 7.22 6.47 6.47 5.78 6.03 6.03 6.03 5.46 5.46 1.79 5.79 5.46 5.46 4.97 6.03 5.09 4.72 6.40 6.40 5.19 5.88 5.88 5.19 6.62 5.19 5.19 4.90 5.93 5.93 6.13 6.88
7.28 7.28 7.28 7.28 7.20 7.20 7.20 7.20 7.43 7.43 6.32 6.26 7.88 7.88 8.36 7.41 7.31 6.42 5.46 7.41 7.44 7.44 7.44 7.44 7.79 7.79 7.79 7.79 7.76 7.76 7.76 7.76 7.72 8.25 8.25 8.25 8.27 8.27 8.27 8.27 7.77 4.98 4.98 4.98 7.74 8.21 5.12 4.98 4.98 4.98 7.40 7.79 5.87 7.22 6.76 6.76 6.03 6.03 6.03 6.03 5.09 5.71 1.79 8.86 6.40 6.40 4.72 6.03 6.03 6.03 6.03 6.40 4.90 3.87 5.88 4.24 6.78 10.25 7.94 5.19 5.19 5.93 6.13 4.61
7.28 7.28 7.28 7.28 7.20 7.20 7.20 7.49 7.43 7.90 7.90 7.46 7.45 7.88 7.96 6.26 7.87 7.41 7.31 7.31 7.44 7.44 7.44 7.44 7.79 7.79 7.79 7.79 7.76 7.76 7.76 7.76 7.72 7.72 8.25 8.25 8.27 8.27 8.27 8.27 7.77 4.98 4.98 4.98 4.98 4.98 4.98 4.98 4.98 4.98 7.79 7.79 7.80 6.47 6.76 7.13 8.97 6.03 6.03 4.72 5.09 5.09 5.46 8.72 6.03 6.03 5.78 6.03 6.03 6.03 6.03 6.03 4.90 4.04 5.97 4.24 10.66 6.62 10.25 6.62 3.87 3.87 3.87 7.73
7.28 7.28 7.28 7.28 7.20 7.20 7.49 7.20 7.43 7.43 7.90 7.46 7.45 7.88 6.26 7.45 7.87 7.45 7.31 7.31 7.44 7.44 7.44 7.44 7.79 7.79 7.79 8.18 8.15 7.76 7.76 7.76 7.72 8.25 8.25 8.25 8.27 8.27 8.27 8.27 7.77 4.98 4.98 4.98 4.98 4.98 4.98 4.98 4.98 7.79 7.79 6.65 6.35 6.47 7.13 5.74 10.40 9.66 4.72 5.09 2.16 5.09 6.03 10.03 5.34 5.46 5.78 5.78 5.78 5.78 6.03 6.03 5.19 5.88 5.19 4.04 10.41 6.62 6.69 10.25 6.62 6.62 6.78 7.90
7.32 7.32 7.32 7.32 7.24 7.24 7.24 7.24 7.44 7.44 7.44 7.91 7.85 7.85 6.57 7.90 7.85 7.44 7.44 7.38 7.42 7.42 7.42 7.42 8.23 7.83 7.83 8.23 7.82 7.82 7.82 7.82 7.80 8.34 8.34 8.34 8.31 8.31 8.31 8.31 7.74 4.98 4.98 4.98 5.69 5.50 5.87 5.50 7.80 7.80 7.80 7.41 7.44 6.47 7.13 7.13 6.40 6.03 9.66 5.46 5.83 5.09 8.49 5.34 5.71 6.45 6.89 6.03 6.03 5.78 6.03 6.03 5.19 4.90 4.90 4.90 6.62 6.78 6.78 10.25 6.62 3.91 7.53 10.25
7.32 7.32 7.32 7.32 7.24 7.24 7.54 7.24 7.44 7.44 7.46 7.91 7.44 6.57 6.57 6.07 7.44 7.44 7.44 7.38 7.42 7.42 7.42 7.42 8.19 7.83 8.23 7.83 7.82 7.82 7.82 7.82 7.80 8.34 8.34 8.34 8.31 8.31 8.31 8.31 7.74 8.21 4.98 5.69 5.69 6.65 8.08 6.65 7.80 7.80 6.65 6.65 6.65 4.99 5.36 7.13 5.97 6.32 6.03 10.77 9.46 5.79 9.46 6.77 6.40 7.51 6.40 6.03 6.03 5.78 6.03 6.03 5.19 5.19 3.87 3.87 3.87 7.50 10.25 7.50 10.25 7.53 3.91 3.91
7.32 7.32 7.32 7.32 7.24 7.24 7.24 7.24 7.76 7.44 7.44 7.91 7.44 6.26 6.26 6.26 7.44 7.85 8.17 7.38 7.42 7.42 7.42 7.42 7.83 7.83 7.83 7.83 7.82 7.82 7.82 7.82 7.80 8.34 8.34 8.34 8.31 8.31 8.31 8.41 7.74 8.21 4.98 4.98 7.71 7.71 7.71 7.71 7.80 7.80 6.65 6.65 6.76 6.76 6.76 6.76 6.69 9.51 8.77 5.46 5.09 6.08 10.57 6.57 5.83 6.20 6.20 6.40 6.40 5.78 6.03 6.03 5.19 5.19 3.87 3.87 5.19 5.19 3.87 3.87 10.62 6.62 6.62 3.91
5.22 7.69 7.32 7.32 7.24 7.24 7.24 7.24 7.75 7.44 7.44 7.91 7.44 6.26 6.38 6.26 6.62 7.44 7.85 7.38 7.42 7.42 7.42 7.42 7.83 7.83 7.83 7.83 7.82 7.82 7.82 7.82 8.34 8.34 8.34 8.34 8.31 8.31 8.41 8.31 7.74 7.74 4.98 4.98 6.65 7.71 7.71 7.71 7.80 6.65 6.65 6.65 6.76 6.76 6.76 8.99 9.51 8.21 9.14 4.72 1.42 5.46 6.53 9.46 10.57 9.83 6.16 9.71 9.46 9.40 9.40 9.66 5.19 3.87 3.87 4.04 5.19 3.87 7.66 7.50 7.90 10.62 10.25 6.62
5.59 7.35 7.35 7.35 7.25 7.85 7.25 7.57 7.41 7.41 7.41 6.57 5.41 6.26 6.26 6.57 6.57 6.57 7.83 7.36 7.45 7.45 7.45 7.45 8.42 7.87 7.87 7.87 7.90 7.90 8.45 8.45 8.45 8.45 8.45 8.45 8.38 8.38 8.38 8.38 7.70 7.70 7.70 7.70 7.68 7.68 7.68 7.68 6.65 6.65 6.65 6.65 6.76 6.47 6.76 8.99 11.09 12.77 12.77 8.97 8.35 8.97 9.09 9.09 6.94 7.14 6.40 6.77 5.09 5.78 5.78 6.03 3.87 3.87 3.87 3.87 5.19 5.19 5.19 3.87 7.90 7.06 6.41 10.25
7.35 8.26 7.66 7.35 7.25 7.25 7.25 7.47 7.41 7.41 7.41 6.57 6.26 6.26 6.26 6.57 6.57 6.57 7.83 7.36 7.45 7.45 7.45 7.95 8.42 8.52 7.87 7.87 8.45 8.45 8.45 8.45 8.45 8.45 8.45 8.45 8.38 8.38 8.38 8.38 7.70 7.70 7.70 7.70 7.68 7.68 7.68 7.68 6.65 6.65 6.65 6.65 6.76 6.76 8.99 11.08 11.46 12.45 8.21 5.61 5.24 5.83 10.20 9.09 6.45 5.46 6.03 6.03 6.03 6.03 6.03 6.03 3.87 3.87 3.87 3.94 5.19 5.56 5.56 3.87 10.62 7.06 6.62 6.62
4.15 5.51 7.16 7.16 6.93 6.69 6.69 6.69 6.79 6.79 7.18 5.58 5.58 5.14 7.07 7.07 7.08 7.08 7.08 6.75 6.86 6.86 6.86 7.20 7.34 7.34 7.00 7.00 7.37 7.57 7.37 7.37 7.37 7.37 7.37 7.37 7.30 7.30 7.30 7.31 6.62 6.61 6.61 6.61 6.59 6.59 6.59 4.75 5.09 5.09 5.09 4.75 8.24 6.86 11.87 10.86 11.80 7.63 7.26 5.42 5.42 6.16 9.79 8.69 8.52 5.63 5.79 5.42 5.42 5.42 5.42 5.42 4.63 4.63 4.63 5.00 4.63 5.00 3.37 6.11 9.74 9.74 6.11 6.20
4.15 4.36 5.10 6.79 6.69 6.69 6.69 6.69 6.79 7.13 7.13 7.13 7.07 7.07 7.07 7.07 7.08 7.08 7.08 7.08 6.86 6.86 6.86 7.20 7.34 7.34 7.34 7.34 7.37 7.37 7.37 7.37 7.37 7.37 7.37 7.37 7.37 7.30 7.30 7.30 6.61 6.61 6.61 6.61 6.59 6.59 6.59 6.59 5.09 5.09 5.09 8.24 8.24 8.24 8.61 11.60 8.01 9.27 8.90 5.42 5.79 5.42 5.42 6.16 8.69 8.52 6.16 5.79 5.42 5.42 5.42 5.42 4.63 3.45 5.00 4.48 4.11 3.37 3.37 6.11 7.38 9.74 6.11 7.38
6.77 6.77 10.76 7.14 6.66 6.66 6.66 6.91 6.76 7.16 7.10 7.10 7.04 7.04 7.04 7.04 7.14 7.14 7.08 7.08 6.83 6.83 7.09 7.18 7.69 7.40 7.34 7.34 7.40 7.40 7.40 7.40 7.47 7.41 7.41 7.41 7.36 7.30 7.30 7.30 6.61 6.61 6.61 6.61 6.56 6.06 6.56 6.56 6.66 4.75 4.75 5.39 5.77 7.08 8.24 12.24 8.53 8.90 5.79 5.42 8.53 8.16 5.42 6.16 5.63 8.89 5.26 5.79 5.42 5.42 5.42 5.42 4.63 4.63 3.45 4.69 5.37 4.63 3.37 6.11 10.11 6.11 7.38 7.38
7.01 4.92 8.15 5.51 6.66 7.10 6.66 6.66 6.76 7.10 7.10 7.10 7.04 6.57 7.04 7.04 7.08 7.15 7.14 7.08 7.18 6.83 6.83 6.83 7.34 7.34 7.34 10.56 7.40 7.47 7.40 7.40 7.41 7.41 7.41 7.41 7.30 7.30 7.30 7.30 6.61 6.61 6.61 6.61 6.56 6.56 6.56 6.56 6.66 6.66 6.66 6.79 6.87 4.70 7.82 7.23 8.16 7.43 8.16 8.16 8.16 8.16 5.42 6.16 5.43 8.69 5.63 5.42 5.42 5.42 5.79 5.79 4.63 4.63 4.32 4.32 4.63 3.37 3.37 9.74 10.11 8.12 7.75 7.75
5.14 5.51 8.76 5.14 6.66 6.66 6.66 6.66 6.76 6.76 7.10 7.10 6.57 6.57 7.10 7.04 7.08 7.08 7.08 7.08 7.18 6.83 6.83 6.83 6.99 7.34 7.34 10.52 10.59 10.59 7.40 7.40 7.41 7.41 7.47 7.41 7.30 7.36 7.30 7.30 6.61 6.61 6.61 6.61 6.56 6.56 6.56 6.56 6.66 6.66 6.66 6.79 6.87 6.15 8.61 7.23 8.16 7.26 8.53 8.16 8.53 8.53 5.79 5.79 4.69 7.95 6.00 6.16 5.42 5.42 6.53 4.52 4.63 4.32 4.32 4.63 5.00 4.63 6.11 7.38 6.11 7.75 8.49 8.49
5.14 5.14 5.14 10.39 6.66 6.66 6.90 6.66 6.76 6.76 7.10 5.14 7.04 7.04 7.04 7.04 7.08 7.08 7.08 7.08 7.18 7.18 6.83 6.83 7.24 7.34 7.34 7.34 10.59 10.59 10.59 7.40 7.41 7.41 7.41 7.41 7.30 7.30 7.30 7.30 6.62 6.61 6.61 6.61 6.56 6.56 6.06 6.06 6.11 6.11 6.66 6.79 6.87 5.77 8.24 8.24 8.16 8.16 8.53 8.53 8.38 8.01 5.43 6.16 6.16 8.89 5.63 6.16 5.79 6.16 6.00 4.69 3.37 3.37 4.32 3.37 5.37 3.45 10.11 6.11 6.11 6.85 6.85 8.86
5.14 5.14 5.25 10.37 7.04 7.04 6.67 6.67 6.72 6.72 7.05 7.05 7.02 7.02 7.02 7.02 7.09 7.09 7.09 7.09 7.15 7.15 7.15 6.81 6.96 7.30 7.30 7.30 7.47 10.58 10.58 7.40 7.39 7.39 7.39 7.39 7.24 7.24 7.24 7.24 6.59 6.59 6.59 6.59 6.57 6.57 6.57 5.09 5.09 5.09 6.61 5.39 5.39 5.77 7.95 7.95 7.89 8.16 7.26 8.01 8.01 8.53 5.79 6.16 6.16 8.52 4.69 5.79 5.43 5.63 5.26 5.79 3.45 3.37 4.63 3.74 4.48 6.94 11.22 6.85 7.75 10.57 6.20 5.00
5.14 5.14 5.14 7.62 5.55 7.04 6.67 6.67 6.96 6.72 7.05 7.05 7.02 7.02 7.02 7.02 7.09 7.09 7.09 7.09 7.15 7.15 7.15 6.81 6.96 7.30 7.30 7.30 7.40 7.40 10.58 7.40 7.39 7.39 7.39 7.39 7.24 7.32 7.30 7.24 6.59 6.59 6.59 4.75 6.57 6.57 6.57 4.75 5.09 5.09 5.39 5.39 5.77 7.95 7.95 7.93 7.89 8.16 8.16 7.43 7.26 8.16 8.53 6.90 6.90 5.79 8.15 5.79 5.26 5.26 5.42 5.79 5.00 4.63 4.63 3.37 6.85 10.48 10.85 6.85 7.38 7.38 3.82 5.00
