New_Model_Runs/16_Future_RCP8.5_Scn3_out/post_prcessed_with_MFR/Monthly_summaries/net_infiltration_monthly_AUG.asc
NCOLS 700
NROWS 400
XLLCENTER 515000.000000
YLLCENTER 8409000.000000
CELLSIZE 50.000000
NODATA_value -999.000000
[rows 111 to 147 of 400, columns 332 to 414 of 700]
0.00 0.00 0.00 0.00 0.00 0.00 5.73 5.73 10.86 9.25 9.99 9.25 9.09 9.09 9.09 9.09 9.75 9.75 9.05 9.05 10.15 10.16 9.42 9.42 9.47 9.47 10.22 9.47 10.24 9.49 9.49 10.23 9.47 7.22 7.22 7.22 7.37 7.37 7.37 7.37 8.22 7.35 7.35 7.35 8.21 7.36 7.36 7.36 7.31 7.31 7.31 7.31 7.27 7.27 7.27 7.27 7.33 7.33 8.16 7.33 7.32 7.32 8.84 7.32 7.32 7.32 8.16 7.32 7.11 7.11 7.11 7.11 7.14 7.14 7.14 9.41 9.44 9.44 10.65 9.44 9.40 11.69 9.40
0.00 0.00 0.00 0.00 0.00 0.00 0.00 10.02 9.15 9.15 9.15 9.15 9.74 9.02 9.02 9.02 9.02 9.73 9.02 9.02 9.38 11.45 9.38 9.38 9.45 9.45 9.45 9.45 9.46 9.46 9.46 10.21 9.42 7.18 7.18 7.18 7.33 7.33 7.33 7.33 7.32 7.32 7.32 7.32 7.29 7.29 7.29 7.29 7.22 7.22 7.22 7.22 7.19 7.19 7.19 7.19 7.23 7.23 7.23 8.07 7.24 7.24 7.24 7.24 7.25 7.25 8.09 7.25 7.02 7.02 7.02 7.02 7.04 7.04 7.04 9.28 9.30 9.30 9.30 10.52 10.47 9.26 9.26
0.00 0.00 0.00 0.00 0.00 0.00 5.73 10.23 9.15 9.15 9.15 9.15 9.02 9.73 9.02 9.02 9.02 9.02 9.93 9.02 9.38 11.55 10.12 9.38 9.45 9.45 10.74 10.31 9.46 9.46 9.46 9.46 10.28 9.42 7.18 7.18 7.33 7.33 8.18 7.33 7.32 8.18 7.32 7.32 7.29 8.14 8.49 8.12 7.22 7.22 7.22 7.22 7.19 7.19 7.19 8.03 7.23 7.23 7.23 7.23 7.24 7.24 7.24 7.24 7.25 7.25 7.25 7.25 7.02 7.02 7.02 7.02 7.04 7.79 7.04 9.28 9.30 9.30 9.30 9.30 9.26 9.26 9.26
0.00 0.00 0.00 0.00 0.00 0.00 9.69 9.69 9.52 9.52 10.69 9.52 9.40 11.52 10.54 9.40 9.40 9.40 9.40 9.40 9.58 10.35 10.35 9.58 9.35 9.35 13.18 9.35 9.37 9.37 9.37 9.37 9.33 10.47 7.33 8.18 7.33 7.33 7.33 8.19 7.32 7.32 8.17 7.32 7.29 7.29 7.29 8.12 7.22 7.22 8.06 7.22 7.03 7.03 7.84 7.03 7.07 7.07 7.07 7.07 7.08 7.08 7.08 7.08 7.09 7.09 7.09 7.09 6.98 7.76 6.98 6.98 7.00 7.00 7.00 9.16 9.18 9.18 10.33 9.18 9.14 9.14 9.14
0.00 0.00 0.00 0.00 9.69 9.69 9.69 9.69 9.52 9.52 11.44 9.52 9.40 9.40 9.40 10.54 9.40 10.54 9.40 9.40 9.58 9.58 10.33 9.58 9.35 10.40 9.35 9.35 9.37 9.37 10.51 9.37 9.33 9.33 7.33 7.33 7.33 7.33 7.33 8.16 7.32 7.32 8.17 7.32 7.29 7.29 8.11 7.29 7.22 7.42 7.22 7.22 7.03 7.03 7.03 7.03 7.07 7.07 7.07 7.07 7.08 7.08 7.08 7.08 7.09 7.09 7.09 7.09 6.98 6.98 6.98 6.98 7.00 7.78 10.30 9.16 9.18 9.18 9.18 9.18 9.14 9.14 9.14
10.49 9.33 9.33 9.33 9.42 9.42 10.78 9.42 9.60 9.60 9.60 9.60 9.58 9.58 9.58 9.58 9.33 10.46 11.66 9.33 9.51 9.51 9.51 9.51 9.55 9.55 9.55 10.31 9.54 9.54 9.54 9.54 9.51 10.27 11.83 7.25 7.25 7.25 8.10 8.46 7.22 7.22 7.22 7.22 7.18 7.18 8.01 8.16 7.25 9.92 9.92 9.92 7.14 7.14 7.14 7.14 7.18 7.18 7.18 7.18 7.18 7.18 7.18 7.18 7.17 7.17 7.17 7.17 7.02 7.02 7.02 7.02 6.99 6.99 9.15 9.15 9.09 9.09 9.09 9.09 10.41 10.14 9.03
9.33 9.33 10.49 9.33 9.42 9.42 10.78 9.42 9.60 9.60 9.60 9.60 9.58 9.58 9.58 9.58 9.33 9.33 9.33 10.37 9.51 9.51 9.51 9.51 9.55 9.55 9.55 10.31 11.21 9.54 9.54 9.54 9.51 9.51 9.51 7.25 7.25 7.25 7.25 7.25 7.22 7.22 7.22 7.22 7.18 7.18 7.18 8.01 9.92 9.92 9.92 7.25 7.14 7.14 7.14 7.14 7.18 7.18 7.18 7.18 7.18 7.18 7.18 7.18 7.17 7.17 7.17 7.17 7.02 7.02 7.02 7.02 6.99 6.99 10.29 9.15 9.09 9.09 9.09 9.09 9.03 9.03 9.03
10.53 10.49 9.33 9.33 9.42 10.78 9.42 9.42 9.60 9.60 9.60 9.60 9.58 9.58 9.58 9.58 9.33 9.33 10.46 9.33 9.51 9.51 9.51 9.51 9.55 9.55 9.55 10.31 9.54 9.54 9.54 10.29 9.51 9.51 9.51 9.51 7.25 7.25 7.25 7.25 7.22 7.22 7.22 10.55 9.82 11.86 9.82 7.18 7.25 7.25 7.25 7.25 7.14 7.14 7.14 7.14 7.18 7.18 7.18 7.18 7.18 7.18 7.18 7.18 7.17 7.17 7.17 7.17 7.02 7.02 7.02 7.02 6.99 6.99 9.15 9.15 9.09 9.09 9.09 9.09 9.03 9.03 9.03
9.33 10.53 9.33 9.33 10.78 9.42 10.44 9.42 9.60 9.60 9.60 9.60 9.58 9.58 9.58 9.58 9.33 9.33 9.33 9.33 9.51 9.51 9.51 10.28 9.55 9.55 9.55 9.55 9.54 9.54 9.54 10.29 9.51 9.51 9.72 9.51 7.25 7.25 7.25 7.25 8.87 8.17 9.88 9.88 9.82 7.18 7.18 7.18 7.25 7.25 7.25 7.25 7.14 7.14 7.14 7.14 7.18 7.18 7.18 7.18 7.18 7.18 7.18 7.18 7.17 7.17 7.17 7.17 7.02 7.02 7.02 7.02 6.99 6.99 9.15 9.15 10.98 9.09 10.98 10.98 9.03 9.03 9.03
9.25 9.25 9.25 9.25 9.47 9.47 9.47 9.47 9.56 9.56 9.56 10.31 9.33 9.33 9.33 9.33 9.37 9.37 10.51 9.37 9.56 9.56 9.56 10.32 10.29 9.54 9.54 10.29 9.52 9.52 9.52 9.52 10.26 9.51 10.32 10.56 9.93 9.93 7.25 7.45 7.47 7.47 8.88 9.97 7.37 7.37 7.37 7.37 7.49 7.49 7.49 7.49 7.35 7.35 7.35 7.35 7.37 7.37 7.37 7.37 7.34 7.34 7.34 7.34 7.32 7.32 7.32 7.32 7.16 7.16 7.16 7.16 7.10 9.29 9.29 9.29 9.17 9.17 11.08 9.17 9.17 9.17 9.17
9.25 9.25 10.49 9.25 9.47 9.47 11.12 9.47 9.56 9.56 9.56 9.56 10.46 9.33 10.46 10.47 9.37 9.37 9.37 9.37 9.56 9.56 9.56 9.56 9.54 9.54 9.54 9.54 9.52 9.52 9.52 9.52 9.51 9.51 9.51 9.51 11.32 9.93 9.93 9.93 9.97 9.97 9.97 7.28 7.37 7.37 7.37 7.37 7.49 7.49 7.49 7.49 7.35 7.35 7.35 7.35 7.37 7.37 7.37 7.37 7.34 7.34 7.34 9.48 7.32 7.32 7.32 7.32 7.16 7.16 7.16 7.16 7.10 9.29 9.29 9.29 9.17 9.17 9.17 9.17 9.17 9.17 9.17
9.25 9.25 9.25 10.01 9.47 9.47 9.47 9.47 9.56 9.56 9.56 9.56 9.33 9.33 9.33 9.33 9.37 9.37 9.37 9.37 9.56 9.56 9.56 9.56 9.54 9.54 9.54 9.54 9.52 9.52 9.52 9.52 9.51 9.51 9.51 9.51 9.49 7.25 7.25 9.93 9.97 9.97 7.28 7.28 7.37 7.37 7.37 7.37 7.49 7.49 7.49 7.49 7.35 7.35 7.35 7.35 7.37 7.52 9.70 9.52 9.48 9.48 9.48 9.48 9.45 9.45 9.45 9.45 9.15 7.16 7.16 7.16 7.10 9.29 9.29 9.29 9.17 9.17 9.17 9.17 9.17 9.17 9.17
9.25 9.25 9.25 9.25 9.47 9.47 9.47 9.47 9.56 9.56 9.56 9.56 9.33 9.33 9.33 9.33 9.37 9.37 9.37 9.37 9.56 9.56 9.56 9.56 9.54 9.54 9.54 9.54 9.52 9.52 9.52 9.52 9.51 9.51 9.51 9.51 9.49 7.25 7.25 7.25 7.28 7.28 7.28 7.28 7.37 7.37 7.37 7.37 7.49 7.49 7.49 7.49 7.35 7.35 7.35 9.50 9.52 9.54 9.54 9.63 9.54 9.48 9.48 9.48 9.45 9.45 9.45 9.45 9.15 9.15 7.16 7.16 7.10 9.29 9.29 9.29 9.17 9.17 9.17 9.17 9.17 9.17 9.17
9.29 9.29 9.29 9.29 9.46 9.46 9.46 9.46 9.53 9.53 9.53 9.53 9.54 9.54 9.54 9.54 9.57 9.57 9.57 9.57 9.44 9.44 9.44 9.44 9.41 9.41 9.41 9.41 9.38 9.38 9.38 9.38 9.38 9.38 9.38 9.38 9.40 9.40 7.40 7.40 7.43 7.43 7.43 7.43 7.51 7.51 7.51 7.51 7.57 7.57 7.57 7.57 7.39 7.53 7.39 9.55 9.55 10.37 10.28 9.54 9.63 9.54 9.91 9.54 9.52 9.52 9.52 9.52 9.22 9.22 9.22 7.21 9.36 9.36 9.36 9.36 9.29 9.29 9.29 9.29 9.33 9.33 9.33
9.29 9.29 9.29 9.29 9.46 9.46 9.46 9.46 9.53 9.53 9.53 9.53 9.54 9.54 9.54 9.54 9.57 9.57 9.57 9.57 9.44 9.44 9.44 9.44 9.41 9.41 9.41 9.41 9.38 9.38 9.38 9.38 9.38 9.38 9.38 9.38 9.40 9.40 7.40 7.40 7.43 7.43 7.43 7.43 7.51 7.51 7.51 7.51 7.57 7.57 7.94 7.57 7.39 7.39 9.54 9.61 9.63 11.02 13.59 11.48 8.85 9.22 9.96 9.59 11.85 10.74 9.52 9.63 9.22 9.22 9.22 7.21 9.36 9.36 9.36 9.36 9.29 9.29 9.29 9.29 9.33 9.33 9.33
9.29 9.29 9.29 9.29 9.46 9.46 9.46 9.46 9.53 9.53 9.53 9.53 9.54 9.54 9.54 9.54 9.57 9.57 9.57 9.57 9.44 9.44 9.44 9.44 9.41 9.41 9.41 9.41 9.38 9.38 9.38 9.38 9.38 9.38 9.38 9.38 9.40 9.40 7.40 7.40 7.43 7.43 7.43 7.43 7.51 7.51 7.51 7.51 7.57 8.31 7.85 9.99 7.39 9.55 9.63 10.37 10.74 8.85 9.17 5.17 4.80 8.06 8.43 5.54 5.17 5.17 9.59 10.74 9.97 9.59 9.22 9.22 11.06 9.36 9.36 9.36 9.29 9.29 9.29 9.29 9.33 9.33 9.33
9.29 9.29 9.29 9.29 9.46 9.46 9.46 9.46 9.53 9.53 9.53 9.53 9.54 9.54 9.54 9.54 9.57 9.57 9.57 11.40 11.23 11.23 9.44 9.44 9.41 9.41 9.41 9.41 9.38 9.38 9.38 9.38 9.38 9.38 9.38 9.38 9.40 9.40 9.40 7.40 7.43 7.43 7.43 7.43 7.51 7.51 7.51 7.51 7.57 8.09 9.90 9.95 10.00 11.11 8.85 9.22 12.10 11.36 6.95 0.00 11.73 0.00 0.00 0.00 6.58 7.69 7.69 4.06 9.93 9.56 9.59 9.22 11.06 11.06 9.36 9.36 9.29 9.29 9.29 9.29 9.33 9.33 9.33
9.33 9.33 9.33 9.33 9.67 11.54 11.28 11.28 9.67 9.67 9.67 11.53 9.67 9.67 9.67 10.67 9.68 9.68 10.66 11.54 11.35 11.35 11.35 9.53 9.49 9.49 9.49 9.49 9.47 9.47 9.47 9.47 9.47 9.47 9.47 9.47 9.50 9.50 9.50 7.47 7.49 7.49 7.49 9.02 7.52 7.52 9.41 9.53 7.71 9.86 9.79 7.58 7.73 12.47 6.95 0.00 0.00 0.00 0.00 0.00 0.00 0.00 0.00 0.00 0.00 0.00 0.00 0.00 7.42 7.42 8.81 10.42 11.10 11.10 9.39 9.39 9.37 9.37 9.37 9.37 9.41 10.69 10.62
9.33 9.33 9.33 9.33 11.91 11.91 11.54 11.28 11.53 11.53 11.28 11.53 11.53 11.73 11.28 11.28 10.67 10.67 11.28 11.28 11.35 11.35 11.35 9.53 9.49 9.49 9.49 9.49 9.47 9.47 9.47 9.47 9.47 9.47 9.47 9.47 9.50 9.50 9.50 9.50 7.49 7.49 8.98 8.98 11.47 8.32 10.64 10.60 9.86 9.95 9.95 11.21 3.63 0.00 0.00 0.00 0.00 0.00 0.00 0.00 0.00 0.00 0.00 0.00 0.00 0.00 0.00 0.00 0.00 0.00 6.31 7.28 3.65 12.14 11.40 9.39 9.53 10.62 9.37 9.37 9.41 10.62 10.62
12.26 12.26 10.18 12.26 11.92 12.00 12.00 12.00 11.91 11.63 12.00 12.37 12.37 12.37 12.74 10.29 12.00 11.63 12.00 11.63 10.77 11.25 11.25 11.25 9.40 9.40 9.40 11.21 11.18 11.18 11.18 9.38 10.18 9.38 9.38 11.18 11.30 11.30 11.30 11.39 9.96 11.02 11.39 10.65 13.72 10.62 11.73 7.29 10.09 11.86 11.86 0.00 0.00 0.00 0.00 0.00 0.00 0.00 0.00 0.00 0.00 0.00 0.00 0.00 0.00 0.00 0.00 0.00 0.00 0.00 0.00 0.00 0.00 7.95 7.21 6.84 11.79 10.20 9.53 10.29 10.29 10.30 9.49
12.05 13.00 12.26 16.26 12.00 12.00 10.66 10.66 12.66 12.28 12.37 11.68 10.66 11.03 5.83 6.57 13.25 13.11 10.66 11.63 11.14 11.25 11.63 11.14 12.24 11.58 11.95 10.94 11.14 11.18 10.77 10.77 15.14 9.59 10.77 10.77 11.30 11.67 11.30 11.67 8.98 10.62 9.35 9.87 12.97 3.21 4.69 6.18 8.32 0.00 0.00 0.00 0.00 0.00 0.00 0.00 0.00 0.00 0.00 0.00 0.00 0.00 0.00 0.00 0.00 0.00 0.00 0.00 0.00 0.00 0.00 0.00 0.00 0.00 0.00 0.00 0.00 14.96 14.59 11.51 10.59 11.33 10.96
12.42 14.92 14.92 16.44 14.66 11.77 4.35 10.66 12.00 12.37 12.37 11.65 9.92 10.66 15.03 9.46 16.14 16.76 15.03 15.30 13.22 12.85 12.85 7.39 14.33 14.44 15.51 11.88 11.31 12.26 11.51 14.40 6.65 13.59 10.77 11.14 12.26 11.22 12.46 3.40 3.03 2.47 11.86 11.86 11.86 6.47 7.21 6.47 0.00 0.00 0.00 0.00 0.00 0.00 0.00 0.00 0.00 0.00 0.00 0.00 0.00 0.00 0.00 0.00 0.00 0.00 0.00 0.00 0.00 0.00 0.00 0.00 0.00 0.00 0.00 0.00 0.00 0.00 0.00 0.00 4.74 7.58 13.85
12.42 14.92 11.67 12.05 13.54 11.03 4.72 3.98 12.37 14.28 15.03 13.91 6.49 13.54 13.91 5.51 5.88 6.62 7.97 10.66 9.96 9.59 3.03 7.02 6.50 9.87 12.85 12.85 13.22 14.33 13.59 12.48 13.22 13.59 12.85 13.22 14.48 4.14 4.14 7.03 6.66 6.10 6.10 2.84 2.84 2.84 2.84 0.00 0.00 0.00 0.00 0.00 0.00 0.00 0.00 0.00 0.00 0.00 0.00 0.00 0.00 0.00 0.00 0.00 0.00 0.00 0.00 0.00 0.00 0.00 0.00 0.00 0.00 0.00 0.00 0.00 0.00 0.00 0.00 0.00 0.00 0.00 0.00
0.37 13.16 12.79 12.05 13.91 14.93 10.66 9.09 14.28 13.91 13.54 6.49 9.89 9.89 9.89 5.51 1.88 0.00 0.00 0.00 0.00 4.00 5.39 0.00 0.00 0.00 0.00 3.63 5.76 6.65 6.65 6.28 6.13 7.39 7.39 6.65 7.40 7.03 6.66 3.40 3.40 2.47 2.84 2.75 2.38 2.47 0.00 0.00 0.00 0.00 0.00 0.00 0.00 0.00 0.00 0.00 0.00 0.00 0.00 0.00 0.00 0.00 0.00 0.00 0.00 0.00 0.00 0.00 0.00 0.00 0.00 0.00 0.00 0.00 0.00 0.00 0.00 0.00 0.00 0.00 0.00 0.00 0.00
0.37 0.37 12.42 10.18 9.92 6.86 14.28 15.03 10.26 10.26 10.91 1.88 6.26 6.26 6.26 5.51 0.00 0.00 0.00 0.00 0.00 0.00 0.00 0.00 0.00 0.00 0.00 0.00 0.00 0.00 0.00 1.76 2.13 2.13 2.87 3.24 2.91 2.54 2.16 2.54 2.54 2.16 0.37 2.38 2.01 1.64 0.00 0.00 0.00 0.00 0.00 0.00 0.00 0.00 0.00 0.00 0.00 0.00 0.00 0.00 0.00 0.00 0.00 0.00 0.00 0.00 0.00 0.00 0.00 0.00 0.00 0.00 0.00 0.00 0.00 0.00 0.00 0.00 0.00 0.00 0.00 0.00 0.00
0.37 0.00 13.28 12.42 13.54 6.49 6.49 5.88 5.88 6.26 6.26 6.26 6.26 6.26 6.26 6.49 0.00 0.00 0.00 0.00 0.00 0.00 0.00 0.00 0.00 0.00 0.00 0.00 0.00 0.00 0.00 0.00 0.00 0.00 2.13 2.50 0.00 0.00 0.00 0.00 0.00 0.00 0.00 0.00 0.00 0.00 0.00 0.00 0.00 0.00 0.00 0.00 0.00 0.00 0.00 0.00 0.00 0.00 0.00 0.00 0.00 0.00 0.00 0.00 0.00 0.00 0.00 0.00 0.00 0.00 0.00 0.00 0.00 0.00 0.00 0.00 0.00 0.00 0.00 0.00 0.00 0.00 0.00
0.74 0.37 4.37 15.70 10.93 14.91 6.63 5.88 7.00 2.99 7.37 6.26 6.26 0.00 0.00 0.00 0.00 0.00 0.00 0.00 0.00 0.00 0.00 0.00 0.00 0.00 0.00 0.00 0.00 0.00 0.00 0.00 0.00 0.00 0.00 0.00 0.00 0.00 0.00 0.00 0.00 0.00 0.00 0.00 0.00 0.00 0.00 0.00 0.00 0.00 0.00 0.00 0.00 0.00 0.00 0.00 0.00 0.00 0.00 0.00 0.00 0.00 0.00 0.00 0.00 0.00 0.00 0.00 0.00 0.00 0.00 0.00 0.00 0.00 0.00 0.00 0.00 0.00 0.00 0.00 0.00 0.00 0.00
0.74 4.37 4.74 0.00 9.92 14.91 9.92 5.51 10.63 3.36 2.62 2.25 2.31 7.70 1.88 5.51 0.00 0.00 0.00 0.00 0.00 0.00 0.00 0.00 0.00 0.00 0.00 0.00 0.00 0.00 0.00 0.00 0.00 0.00 0.00 0.00 0.00 0.00 0.00 0.00 0.00 0.00 0.00 0.00 0.00 0.00 0.00 0.00 0.00 0.00 0.00 0.00 0.00 0.00 0.00 0.00 0.00 0.00 0.00 0.00 0.00 0.00 0.00 0.00 0.00 0.00 0.00 0.00 0.00 0.00 0.00 0.00 0.00 0.00 0.00 0.00 0.00 0.00 0.00 0.00 0.00 0.00 0.00
0.37 4.74 2.22 1.48 14.79 10.93 9.54 13.17 5.88 6.25 2.25 1.88 1.88 6.26 6.26 5.88 0.00 0.00 0.00 0.00 0.00 0.00 0.00 0.00 0.00 0.00 0.00 0.00 0.00 0.00 0.00 0.00 0.00 0.00 0.00 0.00 0.00 0.00 0.00 0.00 0.00 0.00 0.00 0.00 0.00 0.00 0.00 0.00 0.00 0.00 0.00 0.00 0.00 0.00 0.00 0.00 0.00 0.00 0.00 0.00 0.00 0.00 0.00 0.00 0.00 0.00 0.00 0.00 0.00 0.00 0.00 0.00 0.00 0.00 0.00 0.00 0.00 0.00 0.00 0.00 0.00 0.00 0.00
0.00 5.48 4.08 5.85 4.74 10.21 6.86 7.97 4.72 7.23 6.49 6.25 6.25 6.07 5.88 5.88 0.00 0.00 0.00 0.00 0.00 0.00 0.00 0.00 0.00 0.00 0.00 0.00 0.00 0.00 0.00 0.00 0.00 0.00 0.00 0.00 0.00 0.00 0.00 0.00 0.00 0.00 0.00 0.00 0.00 0.00 0.00 0.00 0.00 0.00 0.00 0.00 0.00 0.00 0.00 0.00 0.00 0.00 0.00 0.00 0.00 0.00 0.00 0.00 0.00 0.00 0.00 0.00 0.00 0.00 0.00 0.00 0.00 0.00 0.00 0.00 0.00 0.00 0.00 0.00 0.00 0.00 0.00
4.37 5.11 5.85 5.48 1.85 5.48 13.54 4.35 10.66 15.99 14.59 15.33 13.91 13.54 7.97 6.25 5.51 5.51 5.88 13.91 6.65 6.65 6.57 9.50 0.00 0.00 0.00 0.00 0.00 0.00 0.00 0.00 0.00 0.00 0.00 0.00 0.00 0.00 0.00 0.00 0.00 0.00 0.00 0.00 0.00 0.00 0.00 0.00 0.00 0.00 0.00 0.00 0.00 0.00 0.00 0.00 0.00 0.00 0.00 0.00 0.00 0.00 0.00 0.00 0.00 0.00 0.00 0.00 0.00 0.00 0.00 0.00 0.00 0.00 0.00 0.00 0.00 0.00 0.00 0.00 0.00 0.00 0.00
0.74 4.37 4.37 5.11 6.22 1.11 0.74 7.97 14.94 13.81 11.09 10.00 9.95 10.16 15.33 13.42 13.17 6.49 7.23 13.91 12.85 6.65 6.65 6.78 12.48 9.50 0.00 0.00 0.00 0.00 0.00 0.00 0.00 0.00 0.00 0.00 0.00 0.00 0.00 0.00 0.00 0.00 0.00 0.00 0.00 0.00 0.00 0.00 0.00 0.00 0.00 0.00 0.00 0.00 0.00 0.00 0.00 0.00 0.00 0.00 0.00 0.00 0.00 0.00 0.00 0.00 0.00 0.00 0.00 0.00 0.00 0.00 0.00 0.00 0.00 0.00 0.00 0.00 0.00 0.00 0.00 0.00 0.00
1.85 4.74 3.63 4.37 2.22 1.11 2.59 14.53 11.33 10.96 10.00 10.00 9.95 9.95 10.94 10.94 11.31 10.93 9.54 15.26 10.55 8.40 10.53 10.53 10.77 12.85 12.85 12.48 0.00 0.00 0.00 0.00 0.00 0.00 0.00 0.00 0.00 0.00 0.00 0.00 0.00 0.00 0.00 0.00 0.00 0.00 0.00 0.00 0.00 0.00 0.00 0.00 0.00 0.00 0.00 0.00 0.00 0.00 0.00 0.00 0.00 0.00 0.00 0.00 0.00 0.00 0.00 0.00 0.00 0.00 0.00 0.00 0.00 0.00 0.00 0.00 0.00 0.00 0.00 0.00 0.00 0.00 0.00
0.74 4.00 3.63 0.37 0.37 0.74 2.22 1.11 10.96 10.96 9.95 9.95 9.91 9.91 9.91 9.91 11.16 9.54 13.17 16.80 9.14 10.55 10.16 12.02 10.16 10.16 9.96 9.59 12.48 5.39 5.39 0.00 0.00 0.00 0.00 0.00 0.00 0.00 0.00 0.00 0.00 0.00 0.00 0.00 0.00 0.00 0.00 0.00 0.00 0.00 0.00 0.00 0.00 0.00 0.00 0.00 0.00 0.00 0.00 0.00 0.00 0.00 0.00 0.00 0.00 0.00 0.00 0.00 0.00 0.00 0.00 0.00 0.00 0.00 0.00 0.00 0.00 0.00 0.00 0.00 0.00 0.00 0.00
0.37 3.63 3.63 0.74 0.74 1.11 1.11 0.37 0.00 9.95 11.04 9.95 9.91 9.91 9.91 9.91 10.96 10.91 14.59 12.68 8.77 9.12 10.16 9.38 9.32 10.16 10.90 9.59 10.07 12.85 6.28 5.39 0.00 0.00 0.00 0.00 0.00 0.00 0.00 0.00 0.00 0.00 0.00 0.00 0.00 0.00 0.00 0.00 0.00 0.00 0.00 0.00 0.00 0.00 0.00 0.00 0.00 0.00 0.00 0.00 0.00 0.00 0.00 0.00 0.00 0.00 0.00 0.00 0.00 0.00 0.00 0.00 0.00 0.00 0.00 0.00 0.00 0.00 0.00 0.00 0.00 0.00 0.00
0.74 4.37 4.74 0.37 0.00 1.48 1.48 0.00 0.00 0.00 12.20 10.84 10.80 10.80 10.80 12.55 12.20 7.10 18.40 9.72 9.34 12.46 11.72 10.24 10.17 10.17 11.42 10.08 10.62 10.24 10.62 5.56 5.56 0.00 0.00 0.00 0.00 0.00 0.00 0.00 0.00 0.00 0.00 0.00 0.00 0.00 0.00 0.00 0.00 0.00 0.00 1.35 5.35 5.72 5.49 4.12 0.00 0.00 0.00 0.00 0.00 0.00 0.00 0.00 0.00 0.00 0.00 0.00 0.00 0.00 0.00 0.00 0.00 0.00 0.00 0.00 0.00 0.00 0.00 0.00 0.00 0.00 0.00
4.37 4.74 1.11 3.63 0.00 0.74 0.74 0.00 0.00 0.00 10.84 10.84 10.80 10.80 10.80 12.55 12.20 12.57 15.11 12.20 11.42 11.42 10.24 10.24 10.17 10.17 10.17 11.42 11.79 15.05 15.94 13.87 6.59 5.56 5.56 5.56 0.00 0.00 0.00 0.00 0.00 0.00 5.82 2.71 1.82 1.82 1.35 1.35 1.35 1.35 4.98 8.50 10.29 6.00 4.49 2.00 2.00 0.00 0.00 0.00 0.00 0.00 0.00 0.00 0.00 0.00 0.00 0.00 0.00 0.00 0.00 0.00 0.00 0.00 0.00 0.00 0.00 0.00 0.00 0.00 0.00 0.00 0.00
