New_Model_Runs/16_Future_RCP8.5_Scn3_out/post_prcessed_with_MFR/Monthly_summaries/net_infiltration_monthly_JUL.asc
NCOLS 700
NROWS 400
XLLCENTER 515000.000000
YLLCENTER 8409000.000000
CELLSIZE 50.000000
NODATA_value -999.000000
[rows 228 to 265 of 400, columns 252 to 335 of 700]
5.47 5.47 5.47 5.47 5.37 5.37 5.37 5.37 7.46 14.12 14.03 19.25 19.31 18.94 18.50 18.50 18.46 18.46 18.84 20.02 18.75 13.20 9.57 8.46 8.27 8.98 8.98 8.27 8.59 8.08 8.08 8.40 7.51 7.51 7.51 7.51 8.00 8.00 8.00 8.63 7.66 7.05 10.68 9.06 8.03 8.35 6.30 7.98 7.97 8.03 8.03 7.29 6.75 11.18 5.74 5.70 2.07 2.07 6.89 6.89 7.56 7.56 4.40 7.33 7.33 1.27 1.27 0.00 2.86 0.00 0.00 0.00 0.00 0.00 0.00 0.00 0.00 0.00 0.00 0.00 0.00 0.00 0.00 0.00
5.47 5.47 5.47 5.47 5.37 5.37 5.82 5.67 7.64 8.33 14.12 18.95 19.25 19.25 18.50 18.50 18.46 18.46 19.21 19.62 13.79 8.46 8.46 8.46 8.27 8.27 8.98 8.98 8.59 8.08 8.08 8.08 8.18 8.18 8.18 8.18 8.00 8.00 8.00 9.75 9.88 8.77 11.22 10.73 8.15 7.66 8.23 8.35 7.97 8.77 3.30 7.05 6.11 5.70 11.26 7.26 2.07 7.61 2.81 6.89 6.89 6.89 4.77 4.07 1.27 0.00 0.00 0.00 0.00 0.00 0.00 0.00 0.00 0.00 0.00 0.00 0.00 0.00 0.00 0.00 0.00 0.00 0.00 0.00
5.47 5.47 5.47 5.47 5.37 5.37 5.37 5.37 5.43 7.64 14.12 18.58 18.57 18.57 18.50 18.50 18.56 18.46 20.45 22.88 12.18 8.46 8.46 8.46 8.27 8.27 8.27 8.78 8.08 8.08 8.08 8.08 8.18 8.18 8.18 8.18 8.00 8.00 8.00 8.77 9.51 8.77 2.65 5.74 10.68 7.42 8.03 7.66 7.97 6.93 6.86 11.05 7.18 6.44 2.81 7.93 7.56 7.26 8.30 6.89 6.89 4.40 4.77 2.01 2.01 0.00 0.00 0.00 0.00 0.00 0.00 0.00 0.00 0.00 0.00 0.00 0.00 0.00 0.00 0.00 0.00 0.00 0.00 0.00
5.47 5.47 5.47 5.47 5.37 5.37 5.37 5.37 5.43 5.43 11.27 19.32 19.31 18.50 18.50 18.88 18.56 18.88 18.56 22.18 8.46 8.46 8.46 8.46 8.27 8.27 8.27 8.27 8.08 8.08 8.08 8.08 8.18 8.18 8.18 8.87 8.64 8.00 8.00 9.01 7.29 7.75 7.63 2.12 10.68 10.68 2.12 5.74 10.92 5.81 7.93 7.79 8.01 6.89 10.50 6.89 7.38 6.87 6.89 6.82 6.89 6.89 4.38 0.00 0.00 0.00 0.00 0.00 0.00 0.00 0.00 2.86 0.00 0.00 0.00 0.00 0.00 0.00 0.00 0.00 0.00 0.00 0.00 0.00
5.49 5.49 5.49 5.49 5.36 5.36 5.36 5.36 5.41 5.86 11.26 19.30 19.29 18.55 18.55 19.29 19.27 18.53 18.87 12.71 9.03 8.34 8.88 8.34 8.16 8.16 8.16 8.16 8.12 8.12 8.12 8.12 8.26 8.26 8.26 8.97 8.26 8.26 8.26 7.29 7.29 7.05 7.05 2.65 6.11 5.74 5.74 5.74 7.42 2.49 7.93 7.05 6.82 2.07 10.52 6.89 6.87 6.87 7.24 7.24 6.89 4.75 4.67 1.27 0.00 0.00 0.00 0.00 0.00 0.00 0.00 2.86 0.00 0.00 0.00 0.00 0.00 0.00 0.00 0.00 0.00 0.00 0.00 0.00
5.49 5.49 5.49 5.49 5.36 5.36 5.36 5.36 5.41 5.41 11.26 18.56 19.14 18.46 18.55 18.92 19.14 18.87 18.87 12.71 8.34 8.88 8.34 8.34 8.16 8.16 8.16 8.16 8.12 8.12 8.12 8.12 8.26 8.26 8.26 8.26 8.02 8.26 8.26 8.26 16.49 7.38 7.38 6.11 12.03 2.12 7.05 7.05 8.16 2.49 7.42 7.75 2.07 2.07 5.70 5.70 7.26 7.26 7.26 4.77 6.04 4.75 5.67 1.27 0.00 1.64 0.00 0.00 0.00 0.00 2.86 2.86 2.86 0.00 0.00 0.00 0.00 0.00 0.00 0.00 0.00 0.00 0.00 0.00
5.49 5.49 5.49 5.49 5.36 5.36 5.36 5.36 5.41 5.41 10.96 15.23 18.83 18.46 18.83 19.57 19.14 18.46 22.50 9.33 8.71 8.34 8.34 8.34 8.16 8.16 8.16 8.16 8.12 9.30 8.12 8.12 8.26 8.26 8.26 8.80 8.02 8.67 8.26 16.49 16.49 15.19 5.74 2.12 7.05 7.05 7.05 7.93 8.30 7.93 7.93 7.93 6.89 6.89 2.44 6.07 7.26 6.89 6.89 1.78 1.78 2.15 6.41 1.27 1.64 1.27 1.27 0.00 0.00 0.00 0.00 0.00 0.00 0.00 0.00 0.00 0.00 0.00 0.00 0.00 0.00 0.00 0.00 0.00
5.49 5.49 5.49 5.49 5.36 5.36 5.36 5.36 5.41 7.33 18.75 15.23 18.46 18.83 19.03 19.40 20.15 19.41 24.16 8.96 8.71 8.71 12.30 9.23 8.16 8.16 8.16 8.16 8.12 8.12 8.12 8.12 8.26 8.26 8.26 8.26 8.67 8.67 17.47 16.49 15.19 20.12 16.49 16.82 17.38 7.93 7.28 8.30 7.93 7.93 7.93 7.86 7.93 7.26 6.89 6.89 6.07 7.93 5.67 1.78 2.15 2.89 4.86 1.27 1.27 1.27 1.27 0.00 0.00 0.00 0.00 0.00 0.00 0.00 0.00 0.00 0.00 0.00 0.00 0.00 0.00 0.00 0.00 0.00
5.55 5.55 5.55 5.55 5.37 5.37 5.37 5.37 5.39 8.21 18.74 14.83 14.81 18.66 12.47 12.47 18.33 19.41 23.04 21.96 16.49 12.67 17.60 17.23 8.59 8.22 8.59 8.22 8.21 8.73 8.21 8.21 8.24 8.24 8.24 8.24 8.97 17.41 17.41 20.49 20.33 20.49 18.12 17.75 17.75 18.20 7.86 8.30 8.30 7.93 7.86 7.86 8.12 7.63 7.26 6.89 10.89 6.04 1.78 0.00 0.00 0.00 1.27 1.27 0.00 1.27 1.27 0.00 0.00 0.00 0.00 0.00 0.00 0.00 0.00 0.00 0.00 0.00 0.00 0.00 0.00 0.00 0.00 0.00
5.55 5.55 5.55 5.55 5.37 5.37 5.37 5.37 5.39 16.84 20.47 20.24 18.44 18.40 12.47 12.47 12.10 18.33 23.04 21.91 15.18 12.30 11.93 16.86 8.75 8.22 8.59 8.59 8.21 8.21 8.21 8.21 8.24 8.24 8.24 8.24 7.66 21.41 20.12 16.86 16.86 11.56 15.93 12.30 17.61 17.24 16.49 7.05 7.05 7.93 7.86 7.93 7.93 7.63 7.24 7.26 6.89 8.01 1.78 0.00 0.00 0.00 0.00 0.00 0.00 0.00 0.00 0.00 0.00 0.00 0.00 0.00 0.00 0.00 0.00 0.00 0.00 0.00 0.00 0.00 0.00 0.00 0.00 0.00
5.55 5.55 5.55 5.55 5.37 5.37 5.37 5.37 8.21 20.84 18.65 20.61 14.81 18.40 18.40 12.47 15.72 15.72 21.91 18.94 20.11 15.18 15.18 17.49 8.22 8.22 8.48 8.85 8.48 8.91 8.21 8.21 8.24 8.24 8.24 8.64 6.19 15.19 17.19 11.93 16.49 17.08 16.49 20.12 12.09 17.24 17.61 16.86 2.49 7.05 7.93 7.86 6.89 7.38 6.89 7.64 6.64 1.57 8.75 0.00 0.00 0.00 0.00 0.00 0.00 0.00 0.00 0.00 0.00 0.00 0.00 0.00 0.00 0.00 0.00 0.00 0.00 0.00 0.00 0.00 0.00 0.00 0.00 0.00
5.55 5.55 5.55 5.55 5.37 5.37 5.74 6.62 8.33 19.02 15.86 12.60 16.98 18.44 21.91 15.72 21.91 18.94 18.29 19.41 17.74 17.07 20.11 20.49 12.55 10.93 11.30 11.60 7.60 7.30 2.19 7.67 8.04 8.24 8.24 20.49 15.56 15.19 17.45 17.24 11.93 11.93 16.49 15.19 15.19 12.67 20.20 14.15 17.98 7.63 7.05 7.93 6.89 6.89 8.01 5.96 2.68 2.15 8.69 2.70 0.00 0.00 0.00 0.00 0.00 0.00 0.00 0.00 0.00 0.00 0.00 0.00 0.00 0.00 0.00 0.00 0.00 0.00 0.00 0.00 0.00 0.00 0.00 0.00
5.58 5.58 5.58 5.58 5.38 5.38 7.98 8.33 8.56 16.84 15.12 12.23 14.74 15.12 19.14 12.10 18.29 19.41 18.29 18.29 17.55 18.10 17.27 16.86 16.90 17.71 19.39 20.77 20.77 20.40 20.11 15.18 20.86 20.11 20.11 16.86 11.93 20.12 17.19 16.86 16.49 16.49 11.56 11.56 15.19 12.67 18.35 17.24 17.82 16.49 7.05 7.65 7.64 7.64 10.87 9.96 6.17 6.53 10.80 6.33 0.00 0.00 0.00 0.00 0.00 0.00 0.00 0.00 0.00 0.00 0.00 0.00 0.00 0.00 0.00 0.00 0.00 0.00 0.00 0.00 0.00 0.00 0.00 0.00
5.58 5.58 5.58 5.58 5.38 5.75 6.72 8.58 6.04 16.84 20.84 15.12 14.75 12.23 17.48 19.78 18.29 18.29 18.29 18.29 17.74 17.55 17.74 17.74 16.90 9.14 21.34 18.08 17.14 16.77 17.07 2.31 17.23 17.64 16.49 17.14 11.93 20.82 16.71 16.49 16.94 16.49 16.49 16.49 20.95 12.30 17.24 17.31 17.31 17.38 7.42 3.04 12.27 10.64 6.17 6.17 8.69 9.42 5.06 9.42 6.33 0.00 0.00 0.00 0.00 0.00 0.00 0.00 0.00 0.00 0.00 0.00 0.00 0.00 0.00 0.00 0.00 0.00 0.00 0.00 0.00 0.00 0.00 0.00
5.30 5.30 5.00 5.00 4.64 7.01 3.29 7.02 3.62 3.62 14.77 17.51 17.51 18.99 11.89 17.69 17.61 17.52 17.52 9.23 8.24 8.24 8.24 7.19 7.19 8.21 20.57 16.94 17.20 7.97 7.97 7.42 7.93 17.23 17.20 17.20 17.40 12.25 20.57 16.94 16.94 16.32 16.32 16.32 17.44 15.13 16.61 16.91 16.32 16.94 7.68 8.80 5.61 10.05 9.66 10.03 6.41 10.03 10.05 8.92 8.92 3.01 0.00 0.00 0.00 0.00 0.00 0.00 0.00 0.00 0.00 0.00 0.00 0.00 0.00 0.00 0.00 0.00 0.00 0.00 0.00 0.00 0.00 0.00
5.72 5.30 5.00 5.00 6.27 1.80 15.36 15.62 4.62 17.69 14.77 14.25 13.88 19.72 20.83 17.69 17.89 17.52 17.52 17.61 7.97 8.24 8.24 7.19 7.56 8.58 11.05 16.44 7.71 7.42 7.97 7.42 7.43 7.42 7.19 7.97 7.98 17.43 20.69 16.94 15.80 16.65 16.94 16.65 16.32 15.21 16.32 16.94 7.45 7.45 7.58 7.15 5.74 9.29 10.94 10.03 10.40 10.40 9.66 10.05 9.68 8.55 3.38 0.00 0.00 0.00 0.00 0.00 0.00 0.00 0.00 0.00 0.00 0.00 0.00 0.00 0.00 0.00 0.00 0.00 0.00 0.00 0.00 0.00
5.30 6.66 6.66 5.37 14.99 18.99 11.14 13.88 17.51 17.51 15.25 15.35 15.35 16.10 19.72 16.47 17.52 17.52 17.52 17.61 17.02 8.23 8.23 8.23 8.57 11.60 11.05 17.20 7.97 7.42 7.97 7.97 7.97 7.42 7.97 7.97 16.32 17.68 19.91 19.91 16.28 16.65 17.68 16.65 16.23 19.95 16.69 17.12 7.58 7.24 7.21 8.26 7.22 2.72 8.92 10.84 9.66 10.03 9.66 5.82 8.92 9.29 5.48 4.92 0.00 0.00 0.00 0.00 0.00 0.00 0.00 0.00 0.00 0.00 0.00 0.00 0.00 0.00 0.00 0.00 0.00 0.00 0.00 0.00
5.30 6.66 6.66 5.37 16.25 12.26 18.25 14.40 17.51 14.25 15.25 15.25 16.47 15.36 20.83 21.21 19.09 17.61 17.61 17.61 7.97 8.23 8.23 8.23 8.34 11.19 10.81 7.79 8.71 8.34 7.97 7.42 7.42 7.42 7.97 7.97 18.17 18.84 21.80 16.32 16.94 16.28 16.94 16.32 16.32 19.95 17.47 12.62 18.61 8.70 6.35 9.00 8.73 6.35 8.55 10.54 9.47 9.47 10.78 10.03 8.92 9.45 5.11 1.48 0.00 0.00 0.00 0.00 0.00 0.00 0.00 0.00 0.00 0.00 0.00 0.00 0.00 0.00 0.00 0.00 0.00 0.00 0.00 2.82
6.66 7.03 8.62 14.53 15.25 15.36 15.51 17.51 15.25 14.99 15.62 14.62 14.99 14.99 15.36 15.36 19.99 17.98 8.57 8.88 7.97 8.23 8.23 8.23 7.97 11.97 10.82 7.79 8.34 7.79 2.23 7.42 7.42 2.23 7.42 7.42 7.28 18.84 18.17 16.94 16.32 16.58 16.58 16.98 16.75 15.51 12.25 16.18 11.51 6.75 7.95 6.35 10.11 5.98 1.85 9.74 10.11 10.05 10.40 9.66 8.92 8.92 8.92 9.31 0.00 0.00 0.00 0.00 0.00 0.00 0.00 0.00 0.00 0.00 0.00 0.00 0.00 0.00 0.00 0.00 0.00 0.00 0.00 2.82
7.23 5.83 14.90 15.52 14.88 17.88 17.51 14.25 15.99 14.99 15.35 11.51 11.51 15.72 15.72 16.10 19.72 17.61 7.78 8.88 7.97 8.23 8.23 7.79 8.34 11.60 11.05 7.97 7.97 7.42 7.42 7.42 7.42 11.05 11.05 5.85 6.54 3.28 7.61 16.94 16.94 16.28 16.58 11.51 11.51 15.13 12.25 12.25 2.31 1.57 10.47 5.20 1.61 1.85 1.85 7.58 10.11 10.11 10.03 9.66 8.92 10.42 6.22 6.00 6.83 3.75 0.00 0.00 0.00 0.00 0.00 0.00 0.00 0.00 0.00 0.00 0.00 0.00 0.00 0.00 0.00 0.00 0.00 2.82
12.02 15.65 11.65 15.52 14.40 14.25 15.62 14.25 15.35 15.72 15.47 12.28 15.72 15.72 15.25 15.72 15.72 16.57 16.57 7.78 7.71 8.21 8.21 8.34 8.34 11.05 11.05 7.97 7.97 8.34 8.71 7.42 7.42 7.71 11.05 11.05 7.24 7.61 16.69 16.32 16.94 16.94 16.81 12.25 11.94 15.13 14.58 2.71 1.94 5.20 5.20 1.41 1.85 1.85 1.85 6.59 10.05 10.84 9.29 10.87 10.79 10.03 2.96 2.59 5.85 6.42 0.00 0.00 0.00 0.00 0.00 0.00 0.00 0.00 0.00 0.00 0.00 0.00 0.00 0.00 0.00 0.00 0.00 0.00
15.27 11.28 11.28 14.53 17.51 14.25 15.72 11.51 15.35 15.62 15.84 15.47 15.35 15.72 14.25 14.62 15.72 15.35 8.88 8.88 7.71 7.97 7.97 7.97 7.42 11.05 10.82 7.97 7.97 8.34 8.53 8.16 2.23 7.42 7.19 11.05 7.24 6.97 11.88 11.51 16.32 16.23 16.81 11.88 8.68 10.25 10.25 2.31 5.57 2.31 1.78 1.78 5.29 2.59 9.29 5.85 5.66 9.68 9.74 9.66 10.40 6.59 6.59 3.33 5.85 9.31 0.00 0.00 0.00 0.00 0.00 0.00 0.00 0.00 0.00 0.00 0.00 0.00 0.00 0.00 0.00 0.00 0.00 0.00
19.06 17.95 14.53 15.52 19.10 18.98 16.10 14.99 13.88 15.72 15.84 15.47 6.03 6.03 3.99 15.35 14.25 15.35 8.88 8.88 7.97 7.97 7.97 7.97 7.97 11.60 7.19 7.97 7.97 7.97 7.19 7.57 7.42 7.19 7.19 11.05 7.24 6.97 7.61 16.32 11.51 16.32 19.95 11.31 9.23 9.98 5.94 8.86 5.08 2.16 2.53 6.20 2.96 9.66 9.66 5.66 6.42 2.22 8.55 9.29 9.66 2.59 6.96 3.33 5.85 6.64 3.01 0.00 0.00 0.00 0.00 0.00 0.00 0.00 0.00 0.00 0.00 0.00 0.00 0.00 0.00 0.00 0.00 0.00
18.32 18.84 14.32 15.52 15.35 15.35 19.72 14.04 15.35 15.35 15.35 15.47 3.62 5.91 5.91 6.03 6.40 5.91 17.61 8.88 7.97 7.42 7.42 7.42 7.57 11.42 7.42 7.97 7.97 11.05 11.05 11.05 11.05 5.85 5.85 11.05 10.87 10.87 10.87 10.87 10.87 10.59 10.60 8.86 5.57 5.94 5.94 5.04 5.08 2.16 2.90 5.78 6.22 5.85 8.55 5.48 8.92 5.85 5.11 5.85 6.59 5.85 5.48 6.22 8.92 3.01 3.01 0.00 0.00 0.00 0.00 0.00 0.00 0.00 0.00 0.00 0.00 0.00 0.00 0.00 0.00 0.00 0.00 0.00
14.41 14.32 15.93 15.93 15.72 15.35 4.44 18.51 18.98 15.35 15.35 15.35 5.91 5.91 5.91 5.91 6.03 5.91 5.91 8.16 8.34 7.97 7.42 2.23 11.48 11.42 6.23 5.85 5.85 6.23 8.31 2.97 2.23 2.60 2.60 7.56 7.61 7.24 7.24 6.97 7.24 2.54 6.35 5.94 2.68 1.94 1.94 2.31 8.34 5.04 5.78 2.53 2.96 2.22 2.59 2.59 2.22 5.85 5.48 5.48 5.85 9.31 9.31 9.31 5.68 3.01 3.01 0.00 0.00 0.00 0.00 0.00 0.00 0.00 0.00 0.00 0.00 0.00 0.00 0.00 0.00 0.00 0.00 0.00
14.32 14.41 15.52 16.30 14.25 5.91 6.55 5.91 5.91 18.98 18.98 15.35 6.03 5.91 5.91 5.91 5.91 6.03 4.53 8.16 7.37 7.79 7.97 10.82 5.85 5.85 7.57 2.23 2.23 7.56 7.94 8.16 7.42 2.97 2.60 7.42 2.17 7.61 11.24 7.61 6.97 2.71 3.79 3.42 3.05 2.68 2.68 2.68 5.57 8.34 5.79 2.53 2.96 2.22 2.96 2.59 6.59 6.22 5.48 5.85 5.85 9.68 9.68 9.31 9.31 3.01 3.01 3.01 0.00 0.00 0.00 0.00 0.00 0.00 0.00 0.00 0.00 0.00 0.00 0.00 0.00 0.00 0.00 0.00
14.32 10.91 14.32 15.52 13.88 6.28 5.18 4.44 4.44 6.03 9.66 9.07 6.03 6.03 5.91 5.91 5.91 5.91 4.53 4.53 2.47 7.57 11.60 11.82 2.23 5.85 2.23 2.60 2.97 2.60 7.19 7.42 7.42 7.79 2.97 2.68 7.24 10.87 7.24 7.61 6.99 5.24 2.68 5.98 2.31 2.68 2.31 2.31 1.57 8.86 5.79 1.78 2.22 1.85 2.59 6.59 6.22 2.22 1.85 5.41 9.04 5.85 2.22 5.29 10.05 3.38 3.01 3.01 4.25 4.25 0.00 0.00 0.00 0.00 0.00 0.00 0.00 0.00 0.00 0.00 0.00 0.00 0.00 0.00
14.32 15.93 14.32 6.08 4.44 5.18 6.28 4.44 5.44 4.44 5.91 9.54 6.55 5.91 5.91 5.91 5.91 5.91 8.02 8.62 10.82 11.05 8.19 8.19 8.17 2.23 5.85 2.23 3.04 2.23 7.48 7.42 7.19 7.42 7.66 7.42 7.24 10.60 6.97 7.61 5.61 5.24 1.94 1.94 5.61 1.94 1.57 1.57 1.57 5.24 8.34 4.71 8.92 8.55 9.31 8.55 9.31 8.55 8.55 8.55 9.31 5.68 5.68 6.05 10.05 3.01 3.01 3.01 4.62 4.62 4.25 4.25 4.25 4.25 4.25 4.10 4.25 4.25 4.25 4.10 4.25 4.10 4.25 4.10
19.15 16.10 14.66 5.44 6.28 6.88 6.03 8.02 8.02 6.28 6.28 4.81 8.06 5.91 4.53 4.53 8.07 8.02 8.12 11.24 11.78 8.15 8.43 8.15 8.14 8.14 6.33 11.05 2.23 7.42 7.19 7.19 7.42 7.42 7.42 7.42 7.24 10.87 7.24 5.24 7.15 7.15 7.15 6.84 5.61 5.61 7.44 7.50 6.62 1.57 1.57 8.34 6.05 5.29 5.68 5.68 5.68 5.68 5.68 5.68 5.68 5.68 5.68 5.68 9.31 1.48 1.48 1.48 1.65 1.65 1.28 1.28 1.28 1.28 1.28 1.28 1.28 1.28 1.28 1.28 1.28 1.28 1.28 1.28
16.10 19.73 15.52 4.87 6.28 6.28 8.02 8.02 8.39 2.36 6.14 8.92 5.81 12.10 8.10 8.10 8.02 8.02 11.70 12.17 7.28 8.15 8.15 9.00 9.37 3.07 2.70 12.63 2.23 5.85 10.82 10.82 5.85 5.78 5.78 5.78 2.11 10.52 8.34 8.34 4.71 5.09 7.15 6.84 7.50 7.99 7.87 2.68 2.31 1.57 5.80 10.25 9.31 5.68 5.68 5.68 5.68 5.68 5.68 5.68 5.68 5.68 5.68 5.68 9.31 5.68 4.92 1.48 1.83 4.25 4.25 4.25 4.25 4.25 4.25 4.25 4.25 4.25 4.25 4.25 4.25 4.25 4.25 4.25
14.94 15.53 15.41 4.48 4.56 7.24 7.24 7.24 1.45 2.19 5.56 6.80 5.19 8.82 4.82 7.24 7.61 10.80 12.23 7.38 6.83 7.61 7.61 7.98 7.97 7.97 7.60 7.60 5.70 7.15 6.63 6.91 2.07 6.71 2.01 6.71 5.61 8.60 4.97 4.97 2.60 6.08 4.97 1.62 2.36 1.99 2.74 3.11 5.62 5.25 5.25 5.25 5.54 5.41 5.41 5.41 5.41 4.71 5.41 5.41 5.41 5.41 5.41 5.41 9.04 5.41 4.71 1.41 1.44 2.97 2.97 2.97 2.97 2.97 2.97 2.97 2.97 2.97 2.97 2.97 2.97 2.97 2.97 2.97
15.41 15.41 5.97 6.09 6.80 7.61 1.82 4.82 1.45 5.19 7.17 7.43 4.82 8.45 8.45 10.43 10.43 7.94 11.20 5.84 6.83 8.06 7.61 7.98 7.60 7.60 7.60 7.60 12.07 6.91 10.54 10.54 5.70 5.64 10.34 6.71 1.49 5.12 4.97 4.97 5.34 5.71 5.34 1.62 2.36 2.36 5.99 5.99 7.91 5.41 1.62 1.99 2.28 5.54 5.41 5.41 5.41 4.71 5.41 5.41 5.41 5.41 5.41 5.41 8.34 1.41 1.41 1.41 1.44 5.44 0.00 0.00 0.00 0.00 0.00 0.00 0.00 0.00 0.00 0.00 0.00 0.00 0.00 0.00
15.78 5.97 4.48 4.48 6.80 4.82 5.19 1.45 5.19 5.19 5.19 7.41 7.24 7.24 5.19 5.19 10.98 7.55 7.36 10.98 2.42 6.81 7.59 7.59 7.56 7.56 7.56 7.56 11.19 10.26 6.64 6.64 6.64 6.71 6.61 8.03 5.12 5.12 8.60 1.49 4.97 5.34 5.34 1.62 6.63 5.99 1.99 1.99 1.62 6.63 6.63 2.36 5.88 5.51 8.76 5.41 5.41 5.41 5.41 5.41 5.41 1.78 2.15 1.78 9.04 1.41 1.78 1.78 1.44 1.44 0.00 0.00 0.00 0.00 0.00 0.00 0.00 0.00 0.00 0.00 0.00 0.00 0.00 0.00
16.15 6.34 6.09 4.48 6.80 4.82 4.82 4.82 5.56 2.19 2.19 7.15 4.82 7.24 5.19 9.62 11.18 7.36 12.22 10.98 6.81 6.81 7.59 7.59 7.56 7.56 7.56 7.56 11.19 10.26 6.64 6.64 6.64 6.61 9.09 9.09 9.34 8.60 6.08 5.49 8.60 4.97 1.62 5.41 5.25 1.62 5.78 6.63 6.63 6.63 6.63 6.63 6.25 2.28 5.17 1.78 5.08 5.41 5.41 9.04 9.04 5.78 9.82 5.78 5.04 5.41 2.15 2.15 1.44 1.44 1.44 0.00 0.00 0.00 0.00 0.00 0.00 0.00 0.00 0.00 0.00 0.00 0.00 0.00
14.29 6.34 4.48 4.23 4.82 4.82 4.82 1.45 1.45 6.80 6.78 4.82 1.45 7.40 4.82 11.01 7.36 10.98 11.45 8.60 6.81 6.81 6.81 7.59 7.56 7.56 7.56 7.56 11.19 6.07 10.91 6.07 10.91 8.03 4.40 1.32 4.97 8.60 5.79 5.34 4.97 8.60 9.04 5.99 2.36 1.62 1.99 1.99 6.26 5.71 5.34 6.15 1.91 5.54 5.41 2.15 5.82 5.45 9.41 9.04 6.15 2.52 2.36 1.78 1.41 6.52 3.27 1.78 1.44 1.58 1.44 0.00 0.00 0.00 0.00 0.00 0.00 0.00 0.00 0.00 0.00 0.00 2.97 2.97
6.71 4.85 4.23 5.46 4.82 4.82 4.82 6.80 4.82 6.80 7.41 7.24 7.24 5.19 5.56 8.45 10.98 10.98 7.55 8.60 6.81 6.81 6.81 7.59 7.56 7.56 7.56 7.56 5.70 2.82 7.66 6.91 2.22 1.69 1.32 1.32 1.49 8.60 5.71 1.49 1.50 5.34 1.62 5.62 1.99 5.41 7.00 5.71 5.34 6.08 5.71 2.60 1.91 8.76 6.15 2.52 2.89 10.15 5.78 4.71 6.15 2.15 5.78 4.71 1.41 5.41 7.63 2.89 1.44 0.89 0.89 1.44 0.00 0.00 0.00 0.00 0.00 0.00 0.00 0.00 2.97 3.18 0.89 1.44
5.22 5.85 4.60 8.47 7.24 7.24 4.82 6.78 7.24 7.24 7.24 7.24 7.24 5.56 5.82 8.45 5.08 1.45 7.34 7.34 6.80 6.80 6.80 6.80 7.56 7.56 7.56 8.44 5.70 7.29 2.44 1.48 1.85 5.29 4.92 4.92 5.41 9.04 9.04 6.26 1.62 5.78 6.15 5.62 5.78 5.78 5.71 6.45 6.08 5.34 4.97 5.34 5.04 9.41 5.78 2.52 4.38 5.82 5.08 2.15 5.78 5.78 5.41 5.79 8.34 5.41 2.52 5.82 1.44 2.97 0.00 1.44 1.44 0.00 0.00 0.00 0.00 0.00 0.00 2.97 0.89 1.44 1.44 2.97
5.48 4.60 8.47 8.47 7.61 6.78 7.24 4.82 7.24 7.24 7.24 7.24 7.24 1.82 5.45 4.82 8.45 4.82 4.82 7.71 7.17 1.19 1.19 1.19 6.71 7.08 8.69 6.71 5.64 10.34 4.78 6.26 4.41 4.92 4.92 4.92 9.04 9.04 5.25 9.04 9.04 9.51 9.04 9.04 10.68 6.65 5.34 6.08 5.71 5.71 6.08 6.08 10.15 4.71 5.08 2.89 3.27 2.52 5.08 6.56 6.15 4.71 9.04 9.04 9.04 5.41 5.41 5.41 1.44 0.00 0.00 0.00 1.44 1.44 0.00 0.00 0.00 3.18 0.89 1.44 1.44 2.97 2.97 0.00
