New_Model_Runs/16_Future_RCP8.5_Scn3_out/post_prcessed_with_MFR/Monthly_summaries/net_infiltration_monthly_JUN.asc
NCOLS 700
NROWS 400
XLLCENTER 515000.000000
YLLCENTER 8409000.000000
CELLSIZE 50.000000
NODATA_value -999.000000
[rows 180 to 215 of 400, columns 246 to 327 of 700]
0.00 0.00 4.71 0.00 0.00 9.47 9.50 2.23 9.50 9.50 8.80 8.80 10.05 10.05 8.81 8.81 11.89 8.81 8.78 8.78 8.78 8.78 8.68 9.92 8.68 8.68 8.79 8.79 10.80 10.80 10.90 15.52 15.52 15.52 15.80 17.70 15.80 15.80 15.94 15.94 11.13 11.13 11.44 17.14 17.50 16.18 17.50 20.18 17.14 17.14 17.14 17.14 11.42 13.42 11.36 13.38 13.38 11.36 11.51 11.51 11.51 11.51 11.39 11.39 11.39 11.39 11.34 11.34 11.34 11.34 13.31 11.30 11.30 13.37 13.58 11.54 18.02 18.02 18.17 18.17 11.61 11.61
9.46 0.00 9.47 9.47 9.65 9.47 9.50 9.50 9.50 9.78 8.80 8.80 8.80 8.80 8.81 10.06 8.81 8.81 8.78 8.78 8.78 8.78 8.68 8.68 8.68 8.68 8.79 8.79 8.79 10.80 10.90 10.90 15.52 15.52 15.80 15.80 15.80 15.80 11.13 11.13 11.13 11.13 17.14 17.14 17.14 18.93 21.01 17.50 19.58 17.14 18.93 17.14 11.42 11.42 11.36 11.36 11.36 11.36 11.51 11.51 13.56 14.55 13.42 11.39 11.39 11.39 11.34 11.34 11.34 11.34 11.30 11.30 11.30 11.30 11.54 11.54 18.02 11.54 18.17 14.08 11.61 11.61
9.46 10.21 9.47 9.47 9.47 9.47 9.50 9.50 9.67 9.50 8.80 8.80 8.80 8.80 8.81 8.81 10.06 8.81 8.78 8.78 8.78 8.78 8.68 8.68 8.68 8.68 8.79 8.79 8.79 8.79 8.87 10.90 15.52 15.52 11.05 11.05 11.05 11.05 11.13 11.13 11.13 15.94 17.14 17.14 17.14 12.31 15.82 15.02 15.02 15.74 17.14 17.14 15.74 11.42 11.36 11.36 11.36 11.36 11.51 11.51 11.51 11.51 11.39 11.39 11.39 11.39 11.34 11.34 11.34 11.34 11.30 11.30 11.30 13.31 11.54 11.54 11.54 11.54 11.61 11.61 11.61 11.61
9.63 9.46 9.47 9.64 9.47 9.47 9.50 9.50 9.50 9.50 8.80 8.80 8.80 8.80 8.81 8.81 8.81 8.81 8.78 8.78 8.78 8.78 8.68 8.68 8.68 8.68 8.79 8.79 8.79 8.79 8.87 8.87 10.90 10.90 11.05 11.05 11.05 11.05 11.13 11.13 11.13 15.94 11.44 11.44 20.94 15.98 12.31 11.44 11.44 15.74 15.02 17.14 17.14 11.42 11.36 11.36 11.36 11.36 13.48 11.51 11.51 11.51 11.39 11.39 11.39 11.39 11.34 11.34 11.34 11.34 11.30 11.30 11.30 11.30 11.54 11.54 11.54 11.54 11.61 11.61 11.61 11.61
9.44 9.44 9.45 9.45 9.45 9.45 9.48 9.48 9.65 9.48 8.78 8.78 8.78 8.78 8.79 8.79 8.79 8.79 8.78 10.02 8.78 8.78 8.72 8.72 8.72 8.72 8.83 8.83 8.83 8.83 8.83 8.83 8.83 8.83 11.02 11.02 11.02 11.02 11.12 11.12 15.93 19.50 13.46 11.42 11.48 17.40 17.24 13.47 11.44 15.02 15.02 17.79 17.14 16.45 18.19 16.21 11.29 11.29 11.33 11.33 11.33 11.33 11.23 11.23 11.23 11.23 11.25 11.25 11.25 11.25 11.29 11.29 11.29 11.29 11.64 11.64 11.64 11.64 11.69 11.69 11.69 11.69
9.44 9.44 9.45 9.45 9.45 9.45 9.48 9.48 9.48 9.48 8.78 10.03 8.78 8.78 8.79 8.79 8.79 8.79 8.78 8.78 8.78 10.00 8.72 8.72 8.72 8.72 8.83 8.83 8.83 8.83 8.83 8.83 8.83 8.83 8.96 11.02 11.02 11.02 11.12 15.93 15.93 11.12 11.42 11.42 11.42 15.98 17.30 16.49 11.44 15.74 15.74 15.74 15.74 16.45 16.21 11.29 11.29 11.29 11.33 11.33 11.33 11.33 11.23 11.23 11.23 11.23 11.25 11.25 11.25 11.25 11.29 11.29 11.29 11.29 11.64 11.64 11.64 11.64 11.69 11.69 11.69 11.69
9.61 9.44 9.45 9.45 9.45 9.45 9.48 9.48 9.48 9.48 8.78 8.78 8.78 8.78 8.79 8.79 8.79 8.79 8.78 8.78 8.78 8.78 8.72 8.72 8.72 8.72 8.83 8.83 8.83 10.08 8.83 8.83 8.83 8.83 8.96 8.96 11.02 11.02 13.06 15.93 15.93 15.51 13.46 11.42 16.47 19.68 18.94 17.14 12.29 15.74 11.41 13.44 11.41 11.41 11.29 11.29 11.29 11.29 11.33 11.33 11.33 13.72 11.23 11.23 11.23 11.23 11.25 11.25 11.25 11.25 11.29 11.29 11.29 11.29 11.64 11.64 11.64 11.64 11.69 11.69 11.69 11.69
9.44 9.60 9.45 9.45 9.45 9.45 9.48 9.48 9.48 9.48 8.78 10.88 8.78 8.78 8.79 8.79 8.79 8.79 8.78 8.78 8.78 8.78 8.72 8.72 8.72 8.72 8.83 8.83 8.83 8.83 8.83 8.83 8.83 8.83 8.96 8.96 8.96 10.21 11.12 15.93 11.12 13.19 11.42 11.42 16.47 17.14 17.14 17.14 16.49 13.46 11.41 11.41 11.41 11.41 11.29 11.29 13.29 11.29 12.55 17.71 17.71 21.76 11.23 11.23 11.23 11.23 11.25 11.25 11.25 11.25 11.29 11.29 11.29 11.29 11.64 11.64 11.64 11.64 11.69 13.76 11.69 11.69
9.42 9.42 9.40 9.40 9.40 9.40 9.43 9.43 9.43 9.60 8.75 8.75 9.99 8.75 8.73 8.73 8.73 10.52 8.67 8.67 8.67 8.67 8.63 8.63 8.63 8.63 8.80 8.80 8.80 8.80 8.82 8.82 8.82 8.82 8.91 11.46 8.91 8.91 8.98 11.04 13.00 11.04 11.36 11.36 13.38 11.36 11.38 16.38 16.38 11.38 13.31 11.30 11.30 13.31 11.12 11.12 11.12 11.12 17.46 19.15 13.50 17.46 17.58 11.28 11.28 11.28 11.37 11.37 11.37 11.37 11.43 11.43 11.43 11.43 11.73 11.73 11.73 11.73 11.72 11.72 11.72 11.72
9.42 9.42 9.40 9.40 9.58 9.40 9.43 9.43 9.43 9.43 8.75 9.99 8.75 8.75 8.73 8.73 8.73 8.73 9.91 8.67 8.67 8.67 8.63 8.63 9.86 8.63 8.80 8.80 8.80 8.80 8.82 8.82 8.82 8.82 10.14 8.91 8.91 8.91 8.98 8.98 8.98 11.04 11.36 11.36 11.36 11.36 11.38 11.38 11.38 11.38 11.30 11.30 11.30 11.30 11.12 11.12 11.12 11.12 17.46 17.46 17.46 17.46 11.28 11.28 11.28 11.28 11.37 11.37 11.37 11.37 11.43 11.43 11.43 11.43 11.73 11.73 11.73 11.73 11.72 13.80 11.72 11.72
12.21 9.42 9.40 9.40 9.40 9.40 9.43 9.43 9.43 9.43 8.75 8.75 9.99 8.75 8.73 8.73 8.73 8.73 8.67 8.67 8.67 8.67 8.63 8.63 8.63 9.86 8.80 10.63 8.80 8.80 10.07 8.82 8.82 8.82 8.91 8.91 8.91 8.91 8.98 8.98 8.98 8.98 11.36 11.36 11.36 11.36 11.38 11.38 11.38 11.38 11.30 11.30 11.30 11.30 11.12 11.12 11.12 17.21 17.46 17.46 17.46 17.46 11.28 11.28 11.28 11.28 11.37 11.37 11.37 13.40 13.47 13.47 11.43 11.43 11.73 11.73 11.73 11.73 11.72 11.72 11.72 11.72
15.63 9.42 9.40 9.40 9.40 9.40 9.43 9.43 9.43 9.59 8.75 8.75 8.75 8.75 8.73 8.73 8.73 8.73 8.67 8.67 8.67 8.67 9.81 8.63 8.63 8.63 8.80 8.80 10.05 8.80 8.82 8.82 8.82 10.07 8.91 8.91 8.91 10.15 8.98 8.98 8.98 8.98 9.24 9.24 11.36 11.36 11.38 11.38 11.38 11.38 11.30 11.30 11.30 11.30 11.12 11.12 17.21 17.21 17.46 17.46 17.46 11.22 11.28 11.28 11.28 13.29 13.36 13.41 11.37 11.37 13.46 11.43 11.43 11.43 11.73 11.73 11.73 11.73 11.72 11.72 11.72 11.72
12.21 9.42 9.39 9.39 9.39 9.39 9.38 9.38 9.38 9.38 8.67 10.52 8.67 8.67 9.79 9.62 9.62 9.62 9.55 9.55 9.55 9.55 9.58 9.75 9.58 9.58 8.79 8.79 8.79 8.79 8.83 8.83 8.83 8.83 8.85 8.85 8.85 8.85 8.86 8.86 8.86 8.86 9.12 9.12 9.12 11.20 11.20 11.20 11.20 11.20 11.10 11.10 11.10 11.10 11.01 16.96 16.96 16.96 17.53 17.53 17.53 11.26 11.34 11.34 11.34 13.36 11.40 11.40 11.40 11.40 11.47 13.51 11.47 11.47 11.76 11.76 11.76 11.76 11.78 11.78 11.78 11.78
12.21 12.21 9.39 9.39 9.39 9.39 9.38 9.38 9.38 9.38 8.67 9.97 8.67 8.67 9.62 9.62 9.62 9.62 9.55 9.55 9.55 9.55 9.58 9.58 9.58 9.58 8.79 8.79 8.79 8.79 8.83 8.83 8.83 8.83 8.85 8.85 8.85 10.08 8.86 8.86 8.86 8.86 9.12 9.12 9.12 9.12 9.12 11.20 11.20 11.20 11.10 11.10 17.16 17.16 11.01 16.96 16.96 16.96 17.53 17.53 17.53 11.26 11.34 11.34 14.57 11.34 11.40 11.40 11.40 11.40 11.47 11.47 11.47 11.47 11.76 11.76 11.76 11.76 11.78 11.78 11.78 11.78
13.94 12.37 8.77 8.77 8.77 8.77 8.76 8.76 8.76 8.76 8.93 10.18 8.93 8.93 8.85 8.85 10.10 8.85 8.79 8.79 10.03 8.79 8.82 8.82 8.82 8.82 8.80 8.80 8.80 8.80 8.84 8.84 8.84 8.84 8.85 8.85 8.85 8.85 8.87 8.87 8.87 8.87 8.90 8.90 8.90 8.90 8.90 8.90 10.94 10.94 10.84 16.62 16.62 16.62 16.42 16.42 16.42 16.42 16.71 16.71 16.71 11.47 11.01 12.95 11.01 11.01 11.08 11.08 11.08 11.08 13.07 11.14 11.14 11.14 10.91 10.91 12.82 10.91 10.93 10.93 10.93 10.93
12.37 12.37 12.33 8.77 8.77 8.77 8.76 8.76 8.76 8.76 8.93 8.93 10.15 8.93 8.85 8.85 8.85 8.85 8.79 8.79 8.79 8.79 8.82 8.82 8.82 8.82 8.80 8.80 8.80 8.80 8.84 8.84 8.84 8.84 8.85 8.85 8.85 8.85 8.87 8.87 8.87 8.87 8.90 8.90 8.90 8.90 8.90 8.90 8.90 10.94 16.62 16.62 16.62 10.84 10.75 16.42 16.42 10.75 10.94 16.71 16.71 16.71 11.01 11.01 14.57 11.01 11.08 11.08 11.08 11.08 11.14 11.14 11.14 13.10 10.91 10.91 10.91 12.82 10.93 10.93 10.93 10.93
12.35 12.35 13.90 10.02 8.77 10.60 9.99 9.99 9.99 8.75 8.84 8.84 8.84 8.84 8.77 8.77 10.00 8.77 8.85 8.85 8.85 8.85 8.96 8.96 8.96 8.96 8.90 8.90 8.90 8.90 8.90 8.90 8.90 8.90 8.91 8.91 8.91 8.91 8.91 8.91 8.91 8.91 8.89 8.89 8.89 8.89 8.83 8.83 8.83 8.83 8.79 10.79 10.79 10.79 10.77 10.77 10.77 10.77 16.81 16.81 16.81 16.81 11.04 13.61 11.04 11.04 11.08 11.08 11.08 11.08 11.15 11.15 11.15 11.15 10.93 10.93 10.93 10.93 12.90 11.00 11.00 11.00
12.35 12.35 12.33 8.77 8.77 8.77 8.75 8.75 8.75 9.99 8.84 8.84 8.84 8.84 8.77 8.77 8.77 8.77 8.85 8.85 8.85 8.85 8.96 8.96 8.96 8.96 8.90 8.90 8.90 8.90 8.90 8.90 8.90 8.90 8.91 8.91 8.91 8.91 8.91 8.91 8.91 8.91 8.89 8.89 8.89 8.89 8.83 8.83 8.83 8.83 8.79 8.79 10.79 10.79 10.77 10.77 10.77 10.77 16.81 16.81 16.81 16.81 13.20 13.20 11.04 11.04 11.08 11.08 11.08 11.08 11.15 11.15 11.15 11.15 10.93 10.93 10.93 10.93 11.00 11.00 11.00 11.00
12.35 12.35 12.33 12.33 8.77 8.77 8.75 8.75 8.75 9.99 8.84 8.84 8.84 8.84 8.77 8.77 8.77 8.77 8.85 8.85 8.85 8.85 8.96 8.96 8.96 8.96 8.90 8.90 8.90 8.90 8.90 8.90 8.90 8.90 8.91 8.91 8.91 8.91 8.91 8.91 8.91 8.91 8.89 8.89 8.89 8.89 8.83 8.83 8.83 8.83 8.79 8.79 8.79 8.79 10.77 10.77 10.77 10.77 16.81 16.81 10.98 16.81 16.92 16.92 11.04 11.04 11.08 11.08 11.08 11.08 11.15 11.15 11.15 11.15 10.93 10.93 10.93 10.93 11.00 11.00 11.00 11.00
12.35 12.35 12.33 12.33 8.77 8.77 8.75 8.75 8.75 8.75 8.84 8.84 8.84 8.84 10.00 8.77 8.77 8.77 8.85 8.85 8.85 8.85 8.96 8.96 8.96 8.96 8.90 8.90 8.90 8.90 8.90 8.90 8.90 8.90 8.91 8.91 8.91 8.91 8.91 8.91 8.91 8.91 8.89 8.89 8.89 8.89 8.83 8.83 8.83 8.83 8.79 8.79 8.79 8.79 8.77 10.77 10.77 10.77 10.98 10.98 10.98 10.98 11.04 11.04 11.04 11.04 11.08 11.08 11.08 11.08 11.15 11.15 11.15 11.15 12.94 12.84 12.84 12.84 11.00 11.00 11.00 11.00
12.38 12.38 12.34 12.34 12.34 8.77 8.72 8.72 8.72 8.72 8.79 8.79 8.79 8.79 10.92 8.82 8.82 8.82 8.98 8.98 8.98 8.98 9.07 9.07 9.07 9.07 8.99 8.99 8.99 8.99 8.97 8.97 8.97 8.97 9.00 9.00 9.00 9.00 9.00 9.00 9.00 9.00 8.94 8.94 8.94 8.94 8.86 8.86 10.11 8.86 8.79 8.79 10.04 8.79 8.78 8.78 8.78 10.79 11.06 11.06 11.06 11.06 11.10 11.10 11.10 11.10 11.11 11.11 11.11 11.11 11.15 11.15 11.15 11.15 13.97 10.94 10.94 10.94 11.00 11.00 11.00 11.00
12.38 12.38 12.34 12.34 12.34 8.77 8.72 8.72 8.72 8.72 8.79 10.02 10.02 8.79 8.82 8.82 8.82 8.82 8.98 8.98 8.98 8.98 9.07 9.07 9.07 9.07 8.99 8.99 8.99 8.99 8.97 8.97 8.97 8.97 9.00 9.00 9.00 9.00 9.00 9.00 9.00 9.00 8.94 8.94 10.20 8.94 10.11 10.11 8.86 8.86 8.79 8.79 8.79 8.79 8.78 8.78 14.61 8.78 11.06 11.06 11.06 11.06 11.10 11.10 11.10 11.10 11.11 11.11 11.11 11.11 11.15 11.15 11.15 13.11 10.94 10.94 10.94 10.94 11.00 11.00 11.00 11.00
12.38 12.38 12.34 12.34 12.34 8.77 8.72 8.72 8.72 8.72 8.79 8.79 8.79 8.79 8.82 8.82 8.82 8.82 8.98 8.98 8.98 8.98 9.07 9.07 9.07 13.72 8.99 8.99 8.99 8.99 8.97 8.97 8.97 8.97 9.00 9.00 9.00 9.00 9.00 9.00 9.00 10.26 8.94 8.94 8.94 8.94 8.86 8.86 8.86 8.86 8.79 8.79 8.79 8.79 8.78 8.78 14.61 8.78 9.02 11.06 11.06 11.06 11.10 11.10 11.10 11.10 11.11 11.11 11.11 11.11 11.15 11.15 11.15 11.15 10.94 10.94 10.94 10.94 11.00 11.00 11.00 11.00
12.38 13.94 12.34 13.90 12.34 12.34 8.72 9.96 9.96 9.95 8.79 8.79 8.79 8.79 8.82 8.82 8.82 8.82 8.98 10.26 8.98 8.98 9.07 9.07 9.07 13.72 16.79 8.99 8.99 8.99 8.97 8.97 8.97 8.97 9.00 9.00 9.00 9.00 9.00 13.58 9.00 9.00 8.94 8.94 8.94 8.94 8.86 8.86 8.86 8.86 10.04 8.79 8.79 8.79 8.78 8.78 8.78 8.78 9.02 9.02 9.02 11.06 11.10 11.10 13.06 11.10 11.11 11.11 11.11 11.11 11.15 11.15 11.15 11.15 10.94 10.94 10.94 10.94 11.00 11.00 11.00 14.39
13.93 12.36 12.31 12.31 12.31 16.90 8.70 8.70 8.70 8.70 8.77 8.77 8.77 8.77 8.87 8.87 8.87 8.87 9.04 9.04 9.04 9.04 9.10 9.10 9.10 13.77 13.63 9.03 10.29 9.03 9.03 9.03 9.03 9.03 9.04 9.04 9.04 13.64 13.56 9.62 8.99 8.99 8.91 8.91 8.91 8.91 8.84 8.84 8.84 8.84 10.03 8.79 8.79 8.79 8.82 8.82 8.82 8.82 9.06 9.06 9.06 9.06 11.14 11.14 11.14 11.14 11.17 11.17 11.17 11.17 11.20 11.20 11.20 11.20 10.96 10.96 10.96 10.96 11.00 11.00 11.00 12.93
13.93 12.36 12.31 12.31 12.31 13.87 12.74 8.70 8.70 8.70 8.77 8.77 8.77 8.77 10.12 8.87 8.87 8.87 9.04 9.04 9.04 9.04 9.10 9.10 13.77 13.77 15.48 9.03 9.03 9.03 9.03 9.03 13.63 9.03 9.04 9.04 13.64 13.64 15.36 8.99 8.99 8.99 8.91 8.91 8.91 8.91 8.84 8.84 8.84 8.84 8.79 8.79 8.79 8.79 8.82 8.82 8.82 8.82 9.06 9.06 9.06 9.06 9.09 9.09 11.14 11.14 11.17 11.17 11.17 11.17 11.20 11.20 11.20 11.20 10.96 10.96 10.96 10.96 11.00 11.00 11.00 11.00
12.36 12.36 12.31 12.31 12.31 12.31 12.74 8.70 8.70 8.70 8.77 8.77 8.77 8.77 8.87 8.87 8.87 8.87 9.04 9.04 9.04 9.04 9.10 9.10 13.77 13.77 13.63 9.03 9.03 9.03 9.03 13.63 13.63 13.63 13.64 13.64 13.64 13.64 8.99 8.99 10.25 8.99 8.91 8.91 10.17 8.91 8.84 8.84 10.09 8.84 8.79 8.79 8.79 8.79 8.82 8.82 8.82 8.82 9.06 9.06 9.06 9.06 9.09 13.57 9.09 11.14 11.17 11.17 11.17 11.17 11.20 11.20 11.20 11.20 10.96 10.96 10.96 10.96 11.00 11.00 11.00 11.00
12.36 12.36 12.31 12.31 12.31 12.31 12.74 8.70 8.70 8.70 8.77 8.77 8.77 8.77 8.87 8.87 8.87 8.87 9.04 9.04 9.04 9.04 9.10 9.10 13.77 13.77 13.63 13.63 9.03 9.03 9.03 13.63 13.63 13.63 13.64 13.64 15.45 9.04 8.99 8.99 8.99 8.99 8.91 8.91 8.91 8.91 8.84 8.84 10.09 10.07 8.79 8.79 8.79 8.79 8.82 8.82 8.82 8.82 9.06 9.06 9.06 9.06 9.09 9.09 9.09 9.09 9.12 11.17 11.17 11.17 11.20 11.20 11.20 11.20 10.96 10.96 10.96 10.96 11.00 11.00 11.00 13.27
12.35 12.35 12.29 12.29 12.29 12.29 12.66 12.66 8.65 8.65 8.78 8.78 8.78 8.78 8.96 8.96 8.96 8.96 9.07 9.07 9.07 9.07 9.11 9.11 13.80 13.80 13.67 13.67 9.05 9.05 13.67 13.67 18.19 13.67 13.56 18.59 10.26 8.99 8.91 8.91 8.91 8.91 8.88 8.88 8.88 8.88 8.82 8.82 8.82 8.82 8.80 8.80 8.80 8.80 8.86 8.86 8.86 8.86 9.06 9.06 9.06 9.06 9.12 9.12 9.12 9.12 9.16 9.16 11.23 11.23 11.26 11.26 11.26 11.26 11.02 11.02 11.02 11.02 11.04 11.04 16.03 14.80
13.91 15.13 13.84 12.29 12.29 12.29 12.66 16.69 8.65 8.65 8.78 8.78 8.78 8.78 8.96 8.96 8.96 8.96 9.07 9.07 9.07 9.07 9.11 9.11 13.80 13.80 13.67 13.67 13.67 13.67 13.67 18.19 19.46 13.67 13.56 8.99 8.99 10.63 8.91 8.91 8.91 8.91 8.88 8.88 8.88 8.88 8.82 8.82 8.82 8.82 8.80 8.80 8.80 8.80 8.86 8.86 8.86 8.86 9.06 9.06 9.06 9.06 9.12 9.12 9.12 9.12 9.16 9.16 9.16 9.16 11.26 11.26 11.26 11.26 11.02 11.02 11.38 16.36 16.39 12.73 16.03 16.37
12.57 12.57 12.51 14.09 12.51 12.51 12.89 12.89 8.80 8.80 8.68 8.68 8.68 8.68 8.85 8.85 8.85 8.85 8.97 8.97 8.97 8.97 9.01 9.01 13.56 13.56 12.86 16.23 17.72 17.72 17.71 17.71 17.71 12.86 12.76 8.52 8.52 8.52 9.64 8.44 8.44 8.44 9.34 9.34 9.34 9.34 9.45 9.27 9.27 9.27 9.25 9.25 9.25 9.25 9.32 9.32 9.32 9.32 9.30 9.30 9.30 9.30 9.36 9.36 9.36 9.36 9.41 6.02 9.41 9.41 9.43 10.36 10.36 10.36 10.05 10.41 4.23 4.23 3.87 10.88 10.88 17.68
12.57 12.57 12.51 12.51 12.51 12.51 12.89 13.72 12.89 8.80 8.68 8.68 8.68 8.68 8.85 8.85 8.85 8.85 8.97 8.97 8.97 8.97 9.01 13.56 13.56 13.56 12.86 17.72 17.72 17.72 17.71 18.93 12.86 12.86 8.52 8.52 8.52 8.52 8.44 8.44 8.44 8.44 9.34 9.34 9.34 9.34 9.27 9.45 9.27 9.27 9.25 9.25 9.25 9.25 9.32 9.32 9.32 9.32 9.30 9.30 9.30 9.30 9.36 9.36 9.36 9.36 9.58 9.41 9.41 6.02 9.43 9.43 10.36 10.36 13.94 10.05 14.99 17.73 14.03 18.36 14.32 13.97
12.55 12.55 14.01 12.44 12.44 12.44 14.37 12.78 12.78 8.75 8.75 8.75 8.75 8.75 8.94 8.94 8.94 8.94 9.00 9.00 9.00 9.00 9.01 13.58 13.58 13.58 12.86 17.71 17.71 17.71 17.68 17.68 8.55 8.55 8.46 8.46 8.46 8.46 9.41 9.41 9.41 9.41 9.33 9.33 9.33 9.49 9.28 9.28 9.28 9.28 9.30 9.30 9.30 9.30 9.35 9.35 9.35 9.35 9.33 9.33 9.33 9.33 9.36 9.36 9.36 9.36 9.41 9.41 9.41 12.33 6.02 9.44 9.44 11.96 14.01 14.29 14.83 18.09 18.18 14.58 13.88 10.02
12.55 12.55 14.01 12.44 12.44 12.44 12.78 13.60 12.78 12.78 8.75 8.75 8.75 8.75 8.94 8.94 8.94 8.94 9.00 9.00 9.00 9.00 9.01 13.58 13.58 13.58 12.86 17.71 17.71 17.71 17.68 8.55 8.55 8.55 8.46 8.46 8.46 8.46 9.41 9.41 9.41 9.41 10.35 9.33 9.33 9.33 9.28 9.28 9.28 9.28 9.30 9.30 9.30 9.30 9.35 9.35 9.35 9.35 9.33 9.33 9.33 9.33 9.36 9.36 9.36 9.36 9.41 9.41 13.53 9.41 6.02 9.44 9.44 11.96 12.73 10.88 10.88 17.73 14.58 14.94 13.88 10.02
12.55 12.55 12.44 12.44 12.44 12.44 12.78 12.78 12.78 12.78 8.75 8.75 8.75 8.75 8.94 8.94 8.94 8.94 9.00 9.00 9.00 9.00 9.01 13.58 13.58 13.58 12.86 17.71 17.71 17.71 17.68 8.55 9.76 8.55 8.46 8.46 9.66 8.46 9.41 9.41 9.41 9.41 9.53 9.33 9.33 9.33 9.45 9.28 9.28 9.28 9.30 9.30 9.30 9.30 9.35 9.35 9.35 9.35 9.33 9.33 9.33 9.33 9.36 9.36 9.36 9.36 9.41 9.41 9.41 13.66 13.59 9.44 9.44 9.44 12.73 7.77 7.77 16.16 14.58 12.12 10.02 10.02
12.55 12.55 12.44 12.44 12.44 12.44 12.78 12.78 12.78 12.78 8.75 8.75 8.75 8.75 8.94 8.94 8.94 8.94 9.00 9.00 9.00 9.00 9.01 13.58 13.58 13.58 17.71 17.71 17.71 17.71 18.90 12.80 9.76 8.55 8.46 8.46 9.66 8.46 9.41 9.41 9.41 9.41 10.99 9.33 9.33 9.33 9.28 9.28 9.28 9.28 9.30 9.30 9.30 9.30 9.35 9.35 9.35 9.35 9.33 9.33 9.33 9.33 9.36 9.36 9.36 9.36 9.41 9.41 9.41 15.37 15.21 9.44 9.44 9.44 13.08 10.78 7.77 10.78 16.16 13.88 13.14 10.02
