New_Model_Runs/16_Future_RCP8.5_Scn3_out/post_prcessed_with_MFR/Monthly_summaries/net_infiltration_monthly_OCT.asc
NCOLS 700
NROWS 400
XLLCENTER 515000.000000
YLLCENTER 8409000.000000
CELLSIZE 50.000000
NODATA_value -999.000000
[rows 190 to 227 of 400, columns 168 to 251 of 700]
6.32 6.32 4.36 4.36 4.36 6.32 6.61 6.32 6.57 6.57 5.60 5.60 5.99 5.52 5.52 5.52 5.54 5.54 5.54 5.54 5.56 6.56 6.03 5.56 5.83 5.83 5.83 6.32 5.77 5.77 5.77 5.77 6.19 5.71 5.71 5.71 5.71 5.71 5.71 5.71 5.91 5.91 5.91 5.91 5.95 5.95 5.95 5.95 6.01 6.01 6.01 7.04 5.99 5.99 5.99 6.47 5.75 5.75 5.75 5.75 5.79 5.79 5.79 6.81 6.87 2.57 6.79 5.85 5.84 5.84 5.84 5.50 5.55 5.55 5.55 5.55 5.51 5.51 5.51 6.32 6.30 6.30 6.30 6.30
6.32 6.32 6.61 6.17 6.32 6.32 6.32 6.32 6.57 5.60 5.60 5.60 5.52 5.99 5.52 5.52 5.54 6.00 5.54 5.54 5.56 5.56 5.56 5.56 5.83 5.83 5.83 5.83 5.77 5.77 5.77 5.77 5.71 6.60 5.71 5.71 5.71 6.19 6.19 5.71 5.91 5.91 5.91 5.91 5.95 5.95 5.95 5.95 6.01 6.01 6.01 7.04 6.49 5.99 5.99 5.99 5.75 5.75 5.75 5.75 5.79 5.79 5.79 5.79 6.87 6.87 6.87 5.85 5.84 5.84 5.84 5.50 5.55 5.55 6.51 5.55 6.16 5.51 6.35 6.32 6.30 6.30 6.30 6.30
6.33 6.62 6.33 6.18 6.30 6.30 6.30 6.30 5.58 5.58 5.58 5.58 5.51 5.97 5.51 5.51 5.53 5.53 5.53 5.53 5.55 5.55 5.55 5.55 5.82 5.82 5.82 5.82 6.27 5.78 5.78 5.78 5.72 5.72 5.72 5.72 5.69 6.17 5.69 5.69 5.86 6.35 6.35 5.86 5.94 5.94 5.94 5.94 6.03 6.03 7.07 7.07 6.60 6.50 6.00 6.41 5.73 5.73 5.73 5.73 5.75 6.24 5.75 5.75 5.83 6.85 6.85 6.85 5.84 5.84 5.50 5.50 5.53 5.53 6.19 6.19 5.50 5.50 5.50 6.32 6.29 6.29 6.29 6.29
6.33 6.33 5.42 6.33 7.56 5.40 5.40 5.40 5.58 5.58 5.58 5.58 5.51 5.51 5.51 5.51 5.53 5.53 5.53 5.53 5.55 5.55 5.55 5.55 5.82 5.82 5.82 5.82 5.78 5.78 5.78 5.78 5.72 5.72 5.72 5.72 5.69 5.69 5.69 5.69 5.86 5.86 5.86 5.86 5.94 5.94 5.94 5.94 6.03 6.03 6.03 6.03 7.55 6.00 6.00 6.00 5.73 5.73 5.73 5.73 6.45 5.75 5.75 5.75 5.83 5.83 6.85 6.85 5.84 5.84 6.16 5.50 5.53 5.53 5.53 5.53 5.50 6.39 5.50 5.50 6.29 6.29 6.29 6.29
8.96 6.24 6.24 6.24 6.87 6.21 6.21 6.21 6.48 6.48 6.48 6.48 6.41 6.41 6.41 6.41 6.43 7.05 6.43 6.43 6.46 7.14 6.46 6.46 6.73 6.73 6.73 6.73 6.69 7.39 7.39 6.69 6.63 6.63 6.63 6.63 6.60 6.93 6.60 6.60 6.52 7.19 6.52 6.52 6.59 6.59 6.59 6.59 6.69 6.69 6.69 7.38 6.99 6.99 6.66 6.66 6.20 6.20 6.20 6.20 6.22 6.22 6.22 6.22 6.30 6.30 7.75 7.75 6.31 6.31 6.13 6.13 6.00 6.00 6.00 6.00 5.97 5.97 6.77 5.97 7.01 7.01 7.01 7.01
6.24 6.24 6.24 6.24 6.21 6.87 6.21 6.21 6.48 6.48 6.48 6.48 6.41 6.41 6.41 6.41 6.43 6.43 6.43 6.43 6.46 6.46 6.46 6.46 6.73 6.73 6.73 6.73 6.69 6.69 6.69 6.69 6.63 6.97 6.63 6.63 6.60 6.60 6.60 6.60 6.85 7.19 6.52 6.52 6.59 6.59 6.59 6.59 6.69 6.69 6.69 6.69 6.66 6.66 6.66 6.66 6.20 6.20 6.20 6.20 6.22 6.22 6.22 6.22 6.30 6.30 7.75 7.75 10.19 6.13 6.13 6.13 6.00 6.00 6.00 6.00 5.97 5.97 5.97 5.97 5.95 7.01 7.01 7.01
6.21 6.21 6.21 6.21 6.19 6.19 6.19 6.19 6.48 6.48 6.48 6.48 6.41 6.41 6.41 6.41 7.10 7.10 6.42 6.42 6.45 6.45 6.45 7.13 6.72 6.72 6.72 6.72 6.67 6.67 6.67 6.67 6.60 6.60 6.60 6.60 6.56 6.56 6.56 6.56 6.51 6.51 6.51 6.51 6.61 6.61 6.61 7.30 6.68 6.68 6.68 6.68 6.64 6.64 7.33 6.64 6.18 6.18 6.18 6.18 6.23 6.23 6.23 6.23 6.33 6.33 7.79 7.79 11.32 6.98 6.16 6.16 6.01 6.01 6.01 6.01 5.96 5.96 5.96 5.96 6.74 7.72 7.01 7.96
6.21 6.21 6.21 6.21 6.19 6.19 6.19 6.19 7.16 6.48 6.48 6.48 6.41 6.41 6.41 6.41 6.42 6.42 6.42 6.42 6.45 6.45 6.45 6.45 7.42 6.72 6.72 6.72 6.67 6.67 6.67 6.67 6.60 6.60 6.60 6.60 6.56 6.56 6.56 6.56 7.19 6.51 6.51 6.51 6.61 6.61 6.61 6.61 6.68 6.68 6.68 6.68 6.64 6.64 6.64 6.64 6.18 6.18 6.18 6.18 6.23 6.23 6.23 6.23 6.33 6.33 7.79 7.79 6.34 6.16 6.16 6.95 6.81 6.01 6.01 6.01 5.96 5.96 5.96 5.96 5.95 7.01 7.01 7.01
6.21 6.21 6.21 6.21 6.19 6.19 6.19 6.19 6.48 6.48 6.48 7.15 6.41 6.41 6.41 6.41 6.42 6.42 6.42 6.42 6.45 6.78 6.45 6.45 6.72 6.72 6.72 6.72 6.67 7.36 7.36 6.67 6.60 7.29 6.60 7.29 6.56 6.56 6.56 6.56 6.51 6.51 6.51 6.51 6.61 6.61 6.61 6.61 6.68 6.68 6.68 6.68 6.64 6.64 6.64 6.64 6.18 6.18 6.18 6.18 6.23 6.23 6.23 6.23 6.33 6.33 7.79 10.05 6.16 6.16 6.16 6.16 6.01 6.01 6.01 6.01 5.96 5.96 5.96 5.96 5.95 5.95 7.01 7.01
6.21 6.86 6.21 6.21 6.19 6.19 6.19 6.19 6.48 6.48 7.16 7.15 6.41 6.41 6.41 6.41 6.74 6.42 6.42 6.42 6.45 6.45 7.12 6.45 7.41 6.72 6.72 6.72 6.67 7.35 6.67 6.67 6.60 6.60 6.60 6.60 6.56 6.56 6.56 6.56 6.51 6.51 6.51 6.51 6.61 6.61 6.61 6.61 6.68 6.68 6.68 6.68 7.33 7.33 6.64 6.64 6.18 6.18 6.18 6.18 6.23 6.23 6.23 6.23 6.33 6.33 6.33 6.33 6.16 6.16 6.16 6.16 6.01 6.01 6.01 6.01 5.96 5.96 5.96 5.96 5.95 5.95 7.01 7.01
6.17 6.17 6.17 6.17 6.17 6.17 6.82 6.17 6.47 6.47 6.47 6.47 6.41 6.41 6.41 6.41 7.08 6.40 6.40 6.40 6.41 6.41 6.41 6.97 6.68 6.68 6.68 6.68 6.61 7.30 6.61 6.61 6.55 7.55 6.55 6.55 7.29 6.60 6.60 6.60 6.59 6.59 6.59 6.59 6.66 6.66 6.66 6.66 6.69 6.69 6.69 6.69 6.63 6.63 6.63 6.63 6.17 6.17 6.17 6.17 6.27 6.27 6.27 6.27 6.37 6.37 6.37 6.37 6.18 7.00 6.18 6.18 6.03 6.03 6.03 6.03 5.97 5.97 5.97 5.97 5.95 5.95 5.95 7.01
6.17 6.17 6.17 6.17 6.17 6.17 6.17 6.63 6.81 6.47 6.47 6.47 7.09 6.41 6.41 6.41 6.40 6.40 7.08 6.40 6.41 6.41 6.41 7.09 7.38 6.68 6.68 6.68 6.61 6.61 6.61 6.61 6.55 6.55 7.23 6.55 6.60 6.60 6.60 6.60 6.59 6.59 6.59 6.59 6.66 6.66 6.66 6.66 6.69 6.69 6.69 6.69 6.63 6.63 6.63 7.26 6.17 6.17 6.17 6.17 6.27 6.27 6.27 6.93 6.37 6.37 6.37 7.01 6.18 6.18 7.00 6.98 7.77 6.83 6.03 6.03 5.97 5.97 5.97 5.97 5.95 5.95 5.95 7.01
6.82 6.17 6.17 6.17 6.17 6.17 6.17 6.17 6.47 6.47 6.47 6.47 6.41 6.41 6.41 6.41 7.08 6.40 6.40 6.40 6.41 6.41 6.41 6.41 6.68 7.38 7.38 6.68 6.61 6.61 6.61 6.61 6.55 6.55 6.55 6.55 6.60 6.60 6.60 6.60 6.59 6.59 6.59 6.59 6.66 6.66 6.66 6.66 6.69 6.69 6.69 7.39 6.63 6.63 7.32 6.63 6.17 6.17 6.17 6.17 6.27 6.27 6.27 6.27 6.37 6.37 6.37 6.19 6.18 6.18 6.18 6.18 6.03 6.03 6.83 7.74 6.77 5.97 5.97 5.97 5.95 5.95 5.95 7.01
6.17 6.17 6.17 6.81 6.17 6.17 6.17 6.17 6.47 6.47 6.47 6.47 6.41 6.41 6.41 6.41 6.40 6.40 7.07 6.40 6.41 6.41 7.08 6.41 6.68 6.68 6.68 7.37 6.61 6.61 6.61 6.61 6.55 6.55 6.55 6.55 6.60 6.60 6.60 6.60 6.59 6.59 6.59 6.59 6.66 6.66 6.66 6.66 6.69 6.69 6.69 6.69 6.63 7.31 6.63 6.63 7.37 6.17 6.17 6.17 6.27 6.27 6.27 6.27 6.37 6.37 6.37 6.19 6.18 6.18 6.18 6.18 6.03 6.83 6.03 6.83 5.97 6.77 5.97 6.77 5.95 6.74 5.95 5.95
6.11 6.11 6.11 6.11 6.12 6.12 6.12 6.12 6.44 6.44 6.44 6.44 6.40 6.40 6.40 6.40 6.38 6.38 6.38 7.05 6.38 6.38 7.05 6.38 7.35 6.66 7.35 6.66 7.26 6.57 6.57 6.57 6.59 6.59 6.59 6.59 6.72 6.72 6.72 6.72 6.70 6.70 6.70 6.70 6.72 6.72 6.72 6.72 6.71 6.71 6.71 6.71 6.60 6.60 6.60 6.60 6.19 6.19 6.19 6.19 6.32 6.32 6.32 6.32 6.38 6.38 7.18 7.68 6.99 6.17 6.17 6.17 6.01 6.01 6.01 6.01 5.96 6.76 6.76 5.96 5.93 5.93 5.93 7.15
6.11 6.75 6.11 6.11 6.12 6.12 6.12 6.12 6.44 6.44 6.44 7.12 7.08 6.40 6.40 6.40 6.38 6.38 6.38 7.05 6.38 6.38 6.38 7.05 6.66 6.66 6.66 6.66 6.57 6.57 6.57 6.57 6.59 6.59 6.59 6.59 6.72 6.72 6.72 6.72 6.70 6.70 6.70 6.70 6.72 6.72 6.72 6.72 6.71 6.71 6.86 6.71 6.60 6.60 6.60 6.60 6.19 6.19 6.19 6.19 6.32 6.32 6.32 6.32 6.38 7.06 6.20 6.20 6.17 6.17 7.64 6.17 6.01 6.01 6.01 6.01 5.96 5.96 6.76 5.96 5.93 5.93 5.93 6.73
6.11 6.11 6.11 6.11 6.76 6.12 6.12 6.12 6.44 6.44 6.44 6.44 6.40 7.08 6.40 6.40 6.38 6.38 6.38 6.38 6.38 6.38 6.38 6.38 6.97 6.66 6.66 6.66 7.26 6.57 6.57 6.57 6.59 6.59 6.59 6.59 7.40 7.43 6.72 6.72 7.40 6.70 6.70 6.70 6.72 6.72 6.72 7.42 7.05 7.41 7.41 6.71 6.60 6.60 6.60 6.60 6.19 6.19 6.19 6.19 6.32 6.32 6.32 6.32 6.38 6.38 7.68 6.20 6.17 6.17 6.17 6.17 6.01 6.01 6.01 6.01 5.96 5.96 5.96 5.96 5.93 5.93 5.93 5.93
6.11 6.11 6.11 6.11 6.12 6.12 6.12 6.12 6.44 6.44 6.44 6.44 6.40 7.07 6.40 6.40 6.38 6.38 6.38 6.38 6.38 6.38 6.38 6.38 6.66 6.66 6.66 6.66 7.26 6.57 6.57 6.57 6.59 7.29 6.59 6.59 6.72 6.72 6.72 6.72 6.70 6.70 6.70 6.70 6.72 6.72 6.72 6.72 6.71 6.71 6.71 6.71 6.60 6.60 6.60 6.60 6.19 6.19 6.19 6.19 6.32 6.32 6.32 6.32 6.38 6.20 6.20 6.20 6.17 6.17 6.17 6.17 6.81 6.01 6.01 6.80 5.96 5.96 5.96 5.96 5.93 5.93 5.93 5.93
6.06 6.06 6.06 6.06 6.05 6.05 6.05 6.05 6.39 7.07 6.39 7.07 6.38 6.38 6.38 6.38 6.35 6.35 6.35 6.35 6.34 6.59 6.34 6.34 6.63 7.32 6.63 6.63 6.60 6.60 6.60 7.16 6.66 6.66 6.66 6.66 6.78 6.78 6.78 6.78 6.73 6.73 6.73 6.73 7.44 6.74 7.44 6.74 7.34 6.65 6.65 6.65 6.55 6.55 6.55 6.55 6.25 6.25 6.25 6.25 6.37 6.37 6.37 6.37 6.36 6.18 7.00 6.18 6.11 6.11 6.11 6.11 5.98 5.98 6.78 5.98 5.96 5.96 5.96 5.96 5.92 5.92 5.92 5.92
6.06 6.06 6.06 6.06 6.05 6.05 6.05 7.50 6.39 6.39 6.39 6.39 6.38 6.38 6.38 6.38 6.35 6.35 7.27 6.58 6.59 6.34 6.34 6.34 6.63 6.63 6.63 6.63 6.60 6.60 7.01 6.60 6.66 6.66 6.66 6.66 6.78 6.78 6.78 6.78 6.73 6.73 7.43 7.98 6.74 6.74 6.74 6.74 6.65 6.65 6.65 6.65 6.55 6.55 7.23 6.55 6.25 6.25 6.25 6.25 6.37 6.37 6.37 6.37 6.36 8.48 6.18 6.18 6.11 6.11 6.11 6.11 5.98 5.98 6.86 6.77 5.96 6.75 6.75 7.44 6.71 5.92 5.92 5.92
7.16 7.16 7.16 7.16 7.15 7.10 7.15 7.10 7.05 7.05 7.05 7.08 7.06 7.03 7.06 7.67 7.00 7.00 7.65 7.76 9.47 7.03 7.00 7.00 7.23 7.23 7.00 7.23 7.20 7.20 7.23 8.72 7.26 7.26 7.26 7.26 8.10 7.37 7.37 7.30 7.16 7.13 7.13 7.13 7.14 7.14 7.14 7.14 7.05 7.05 7.05 7.05 6.95 6.95 6.95 6.95 7.06 7.06 7.06 7.06 7.18 7.18 7.42 7.82 7.00 7.00 7.92 7.00 6.93 6.93 7.83 6.93 6.48 6.48 6.48 6.48 6.46 6.46 6.46 6.46 6.42 7.26 6.42 6.42
7.16 7.16 7.16 7.16 7.15 7.15 7.15 7.15 7.05 7.05 7.05 7.05 7.03 7.03 7.03 6.75 7.00 8.67 8.53 7.29 7.58 7.00 7.00 7.00 7.42 7.65 8.99 8.99 8.21 7.20 7.20 7.20 7.26 7.26 7.26 7.30 7.37 7.37 7.37 7.37 7.13 7.13 7.13 7.13 7.14 7.14 7.17 7.14 7.05 7.05 7.05 7.05 6.95 6.99 6.95 6.95 7.06 7.06 7.06 7.85 7.12 7.13 7.13 7.18 7.00 7.00 7.00 7.00 6.93 7.82 6.93 6.93 6.48 6.48 6.48 6.48 6.46 6.46 6.46 6.46 6.42 6.42 6.42 6.42
7.14 7.14 7.14 7.14 7.12 7.12 7.12 7.12 7.02 7.02 7.02 7.02 7.01 7.01 8.43 7.01 6.99 9.05 8.53 8.90 7.76 7.00 7.00 7.37 7.25 8.99 8.99 8.99 8.21 7.47 8.21 7.26 7.30 7.30 7.30 7.30 7.38 7.38 7.38 7.38 7.13 7.16 7.13 7.13 7.10 7.10 7.10 7.10 6.98 6.98 6.98 6.98 6.98 6.98 6.98 6.98 7.12 7.12 7.12 7.12 7.17 7.17 7.17 7.17 6.96 6.96 6.96 6.96 6.89 6.89 6.89 6.89 6.48 6.48 6.48 6.48 6.44 6.44 6.44 6.44 7.21 6.37 6.37 6.37
7.14 7.14 7.14 7.14 7.12 7.12 7.12 7.12 7.02 7.02 7.02 7.02 7.01 7.01 7.65 7.65 7.65 9.95 9.27 6.33 8.90 8.53 9.06 7.00 9.76 9.89 8.99 8.99 8.21 7.84 8.44 8.21 7.30 7.30 7.30 7.30 7.38 7.38 7.38 7.31 7.13 7.13 7.13 7.13 7.10 7.10 7.10 7.10 6.98 6.98 6.98 6.98 6.98 6.98 6.98 6.98 7.12 7.12 7.12 7.12 7.17 7.17 7.17 7.55 7.86 6.96 6.96 6.96 6.89 6.89 6.89 6.89 6.48 6.48 6.48 6.48 6.44 6.44 6.44 6.44 7.21 6.37 6.37 6.37
7.14 7.14 7.14 7.14 7.12 7.12 7.12 7.12 7.02 7.02 7.02 7.02 7.30 9.02 10.05 8.67 8.67 9.04 6.70 8.05 8.53 8.53 9.06 8.53 8.99 8.99 8.99 8.99 9.13 8.44 8.44 8.07 7.30 7.30 7.30 7.30 7.38 7.38 7.38 7.38 7.13 7.13 7.13 7.13 7.10 7.10 7.13 7.10 6.98 7.01 7.01 6.98 6.98 6.98 6.98 6.98 7.12 7.12 7.12 7.12 7.17 7.17 7.17 8.17 6.96 6.96 6.96 6.96 6.89 6.89 6.89 6.89 6.48 6.48 6.48 6.48 6.44 6.44 6.44 6.44 6.37 6.37 6.37 6.37
7.14 7.14 7.14 7.14 7.12 7.12 7.12 7.12 7.02 7.02 7.02 8.13 7.30 7.65 8.67 8.67 11.75 2.53 6.33 9.53 9.54 9.06 9.06 8.53 8.99 8.99 8.99 8.99 9.13 9.13 8.44 8.07 7.30 7.30 7.30 7.30 7.38 7.38 7.38 7.38 7.13 7.13 7.13 7.13 7.10 7.10 7.10 7.10 6.98 6.98 6.98 6.98 6.98 6.98 6.98 6.98 7.12 7.12 7.12 7.12 7.17 7.17 9.00 7.00 6.96 6.96 7.86 6.96 6.89 6.89 7.79 6.89 6.48 6.48 6.48 6.48 6.44 6.44 6.44 6.44 6.37 6.37 6.37 6.37
7.16 7.16 7.16 7.16 7.15 7.15 7.15 7.48 7.03 7.03 7.03 7.31 7.29 7.65 8.53 8.90 13.27 6.53 6.33 8.53 8.53 8.53 8.53 8.67 8.99 8.99 8.99 8.54 7.42 10.16 9.48 7.31 7.34 7.34 7.34 7.34 7.39 7.39 7.39 7.39 7.08 7.08 7.08 7.08 6.99 7.03 6.99 6.99 7.00 6.97 6.97 6.97 7.06 7.06 7.06 7.06 7.13 7.13 7.13 7.13 7.44 7.88 6.94 6.94 6.89 6.89 6.89 6.89 7.79 4.72 6.90 6.90 6.49 7.34 6.49 6.49 6.43 6.43 6.43 6.43 6.32 6.32 6.32 7.80
7.16 7.16 7.16 7.16 7.15 7.15 7.15 7.15 7.03 7.03 7.03 7.03 7.76 7.76 8.67 9.04 10.33 5.96 8.67 8.53 8.53 8.67 8.53 8.53 8.99 8.99 8.54 8.54 7.42 9.48 9.48 7.31 7.34 7.34 7.34 7.34 7.39 7.39 7.39 7.39 7.16 7.08 7.08 7.08 6.99 6.99 6.99 6.99 6.97 6.97 6.97 6.97 7.06 7.06 7.06 7.06 7.13 7.13 7.92 7.92 7.88 7.10 6.94 6.94 6.89 6.89 6.89 6.89 6.90 6.90 6.90 7.72 6.49 6.49 6.49 6.49 6.43 7.66 7.28 6.43 6.32 7.15 6.32 6.32
7.16 7.16 7.16 7.16 7.15 7.15 7.15 7.15 7.03 7.03 9.91 9.46 9.58 8.67 8.67 9.41 10.70 9.04 9.54 9.54 8.53 8.53 8.53 8.05 8.54 12.16 8.54 8.54 9.48 7.42 9.48 7.31 7.34 7.34 7.34 7.34 7.39 7.39 7.39 7.39 7.08 7.08 7.08 7.08 6.99 6.99 6.99 6.99 6.97 6.97 6.97 6.97 7.06 7.06 7.06 7.06 7.47 7.13 7.13 7.13 7.10 7.10 6.94 6.94 6.89 6.89 6.89 6.89 6.90 6.90 6.90 6.90 6.49 6.49 6.49 6.49 6.43 7.28 7.28 6.43 6.32 6.32 6.32 6.32
7.12 6.52 6.52 7.16 7.15 7.10 7.15 7.56 7.07 9.12 10.32 8.67 8.67 9.58 8.67 7.47 10.70 9.04 8.53 8.67 9.58 9.12 9.04 8.05 8.54 12.16 8.54 9.47 9.48 9.48 7.31 7.31 7.34 7.34 7.34 7.34 7.39 7.39 8.84 7.39 7.08 7.08 7.08 7.08 6.99 6.99 6.99 6.99 6.97 6.97 6.97 6.97 7.06 7.06 7.06 7.06 7.13 7.13 7.13 7.13 7.10 6.94 6.94 6.94 6.89 6.89 6.89 6.89 6.90 8.38 7.79 6.90 6.49 6.49 6.49 6.49 6.43 6.43 6.43 6.43 7.14 6.32 6.32 6.32
6.94 6.52 6.52 6.52 6.95 6.95 7.16 7.16 7.04 7.04 9.13 8.53 8.67 9.04 7.80 10.33 9.04 8.67 8.67 7.01 8.67 9.15 8.05 8.05 12.16 12.16 8.54 9.13 10.29 10.51 7.33 7.33 7.34 7.34 7.34 7.34 7.27 7.34 7.34 8.81 6.98 6.98 6.98 6.98 9.34 8.47 7.71 6.96 7.00 7.00 7.00 7.00 7.05 7.03 7.03 7.03 7.04 7.04 7.04 7.04 7.01 6.85 6.85 6.85 6.85 6.85 6.85 6.85 7.77 6.87 6.87 6.87 7.32 7.32 6.47 6.47 6.40 6.40 6.40 6.40 6.29 6.29 6.29 6.29
6.52 6.52 6.52 6.52 6.52 6.52 6.52 6.52 6.89 6.89 7.04 9.13 8.67 6.33 7.81 10.70 8.67 8.53 8.67 8.67 9.15 9.15 9.15 8.05 12.16 8.54 9.13 9.13 9.13 9.81 7.78 8.21 9.53 7.34 7.34 7.34 7.34 7.34 8.94 8.81 6.98 6.98 9.04 8.47 8.47 8.47 7.71 6.96 7.00 7.00 7.00 7.00 7.03 7.03 7.03 7.03 7.04 7.04 7.04 7.04 7.74 6.85 6.85 7.74 6.85 6.85 6.85 6.85 6.87 6.87 6.87 6.87 6.47 6.47 6.47 6.47 6.40 6.40 6.40 6.40 6.29 6.29 7.12 6.29
6.52 6.52 6.52 6.52 6.52 6.52 6.95 6.52 6.89 6.89 6.89 8.51 8.20 8.57 7.07 10.33 8.67 8.67 8.67 8.67 8.67 9.15 8.67 8.67 12.76 8.91 6.77 9.98 9.51 9.13 8.99 9.51 9.53 9.53 9.53 9.62 8.81 6.95 8.81 8.81 6.98 8.47 9.34 8.47 8.47 8.47 7.71 6.96 7.00 7.00 7.00 7.00 7.03 7.03 7.03 7.03 7.04 7.04 7.04 7.82 6.85 7.74 6.85 7.56 6.85 6.85 7.74 5.18 4.72 6.87 6.87 6.87 6.47 6.47 6.47 7.31 6.40 6.40 6.40 6.40 6.29 6.29 6.29 6.29
6.69 8.05 6.52 6.52 6.95 6.52 6.52 6.52 6.89 6.89 7.08 8.71 9.70 6.41 8.31 10.41 8.57 8.53 8.53 8.67 8.67 8.67 8.67 13.13 12.54 9.13 9.50 8.99 9.97 8.99 8.99 9.13 9.13 8.99 9.53 9.98 8.99 9.82 10.05 9.13 9.34 8.47 8.47 8.47 8.47 8.47 6.96 6.96 7.03 7.45 7.03 7.03 7.03 7.03 7.03 7.03 7.04 7.04 7.04 7.04 6.85 6.85 6.85 4.72 4.72 4.72 4.72 4.72 4.72 4.72 4.72 4.72 4.94 4.94 6.47 6.47 6.40 6.40 6.40 6.40 7.12 6.29 6.29 6.29
8.03 8.03 8.03 6.50 6.52 6.52 6.52 6.52 7.35 6.90 8.52 8.52 8.70 8.70 6.78 12.51 8.94 8.20 8.20 8.20 8.33 8.67 12.02 13.75 6.77 9.13 9.89 9.13 9.48 9.48 10.05 9.13 9.13 8.99 9.13 9.13 9.13 9.13 9.13 8.99 8.47 8.47 8.47 8.47 8.47 9.01 6.96 7.36 6.94 6.94 6.94 6.94 6.93 6.93 6.93 7.34 6.96 6.96 6.96 6.80 7.70 6.82 6.82 4.72 4.72 4.72 4.72 4.72 4.72 4.72 4.72 4.72 6.46 6.46 6.46 6.46 7.22 6.38 6.38 7.91 7.15 7.15 6.33 6.33
8.03 8.03 8.03 8.03 8.05 8.59 8.05 8.05 8.52 8.52 8.52 8.52 8.20 8.20 7.52 7.29 6.78 8.57 8.33 8.20 8.33 9.44 11.95 8.20 9.13 9.13 8.99 9.13 8.99 8.99 8.99 9.13 9.13 8.99 9.13 9.13 9.13 8.99 8.99 8.99 8.47 8.47 8.47 8.47 10.08 9.34 9.45 8.47 8.47 8.47 8.47 8.47 8.84 9.21 8.47 9.95 6.96 6.96 6.96 6.80 7.75 6.82 7.19 5.09 4.72 4.72 4.72 6.85 6.87 5.63 7.63 6.87 7.31 6.46 6.46 6.46 6.38 6.38 6.38 6.38 6.33 6.33 6.33 6.33
8.49 8.49 8.49 8.49 8.52 8.52 8.52 8.52 8.94 8.94 8.94 8.58 8.71 8.71 9.45 8.15 11.03 9.08 8.71 8.71 8.71 9.08 9.08 12.21 9.74 9.74 9.25 9.44 9.67 9.67 9.67 9.78 9.78 9.78 9.78 9.78 9.78 9.67 9.67 9.67 9.46 9.46 9.46 9.46 10.39 9.46 9.46 9.46 9.46 10.76 9.46 9.57 7.92 7.92 9.46 7.82 10.87 7.15 7.15 6.98 7.00 7.00 7.00 5.23 4.86 7.03 7.03 7.03 4.86 4.86 5.38 4.86 6.32 6.32 6.32 6.32 6.24 6.24 6.24 6.24 6.19 6.19 6.19 6.19
8.49 8.49 8.49 8.49 8.52 9.10 9.08 8.52 8.94 9.14 9.14 8.71 8.71 8.71 8.58 9.08 12.89 10.66 9.30 13.45 6.29 9.08 8.71 8.52 10.81 9.62 10.10 9.25 9.25 9.25 9.25 9.78 10.04 10.04 9.67 9.67 9.78 9.67 9.78 9.78 9.57 10.39 9.46 9.46 9.46 9.46 9.46 9.46 9.83 9.83 9.04 9.57 9.83 10.20 9.04 7.82 8.08 6.67 7.89 6.98 7.00 8.12 7.00 7.00 4.86 7.03 7.03 8.73 4.86 7.05 7.05 7.05 6.32 6.32 6.32 6.32 7.06 6.24 6.24 6.24 6.19 6.19 6.19 6.19
