New_Model_Runs/16_Future_RCP8.5_Scn3_out/post_prcessed_with_MFR/Monthly_summaries/net_infiltration_monthly_AUG.asc
NCOLS 700
NROWS 400
XLLCENTER 515000.000000
YLLCENTER 8409000.000000
CELLSIZE 50.000000
NODATA_value -999.000000
[rows 190 to 227 of 400, columns 84 to 167 of 700]
0.00 0.00 0.00 0.00 0.00 0.00 0.00 0.00 0.00 0.00 0.00 0.00 0.00 0.00 0.00 0.00 0.00 0.00 0.00 0.00 0.00 0.00 0.00 0.00 0.00 4.82 4.82 4.82 4.56 4.56 4.56 4.56 4.53 4.53 4.53 4.53 4.50 4.81 4.81 4.50 4.51 4.51 4.51 4.51 4.94 4.94 4.94 4.94 4.95 5.22 5.27 4.95 4.94 4.94 4.94 4.94 4.91 4.91 4.91 4.91 5.19 5.19 5.19 5.19 5.16 5.16 5.16 5.16 5.20 5.20 5.20 5.20 5.18 5.18 5.18 5.37 5.47 5.47 5.47 5.47 6.23 6.23 6.23 6.23
0.00 0.00 0.00 0.00 0.00 0.00 0.00 0.00 0.00 0.00 0.00 0.00 0.00 0.00 0.00 0.00 0.00 0.00 0.00 0.00 0.00 0.00 0.00 0.00 0.00 4.82 4.82 4.78 4.69 4.56 4.56 4.56 4.53 4.53 4.53 4.84 4.50 4.50 4.50 4.50 4.51 4.51 4.51 4.51 4.94 4.94 4.94 4.94 4.95 4.95 5.27 4.95 4.94 5.25 4.94 4.94 4.91 5.22 4.91 4.91 5.19 5.33 5.19 5.19 5.16 5.16 5.16 5.16 5.20 5.20 5.20 5.20 5.18 5.18 5.18 5.18 5.47 5.47 5.47 5.47 6.23 6.23 6.23 6.23
0.00 0.00 0.00 0.00 0.00 0.00 0.00 0.00 0.00 0.00 0.00 0.00 0.00 0.00 0.00 0.00 0.00 0.00 0.00 0.00 0.00 0.00 0.00 0.00 0.00 0.00 5.76 3.95 5.06 4.54 4.91 4.60 4.55 4.55 4.55 4.55 4.80 4.49 4.49 4.49 4.48 4.48 4.48 4.79 4.92 4.92 4.92 4.92 5.41 4.95 4.95 4.95 4.92 4.92 4.92 4.92 4.89 4.89 5.20 4.89 5.17 5.17 5.17 5.17 5.16 5.16 5.16 5.16 5.19 5.19 5.19 5.67 5.20 5.20 5.20 5.20 5.60 5.60 5.60 5.60 5.71 6.32 6.32 6.32
0.00 0.00 0.00 0.00 0.00 0.00 0.00 0.00 0.00 0.00 0.00 0.00 0.00 0.00 0.00 0.00 0.00 0.00 0.00 0.00 0.00 0.00 0.00 0.00 0.00 0.00 1.92 5.60 4.54 4.54 4.92 4.60 4.55 4.55 4.55 4.55 4.49 4.49 4.49 4.49 4.48 4.48 4.48 4.48 4.92 4.92 4.92 4.92 4.95 5.44 4.95 4.95 4.92 4.92 4.92 4.92 4.89 4.89 4.89 4.89 5.17 5.17 5.17 5.17 5.16 5.16 5.16 5.16 5.19 5.19 5.19 5.19 5.20 5.73 5.20 5.20 5.60 5.60 5.60 5.60 5.71 5.71 5.71 6.32
0.00 0.00 0.00 0.00 0.00 0.00 0.00 0.00 0.00 0.00 0.00 0.00 0.00 0.00 0.00 0.00 0.00 0.00 0.00 0.00 0.00 0.00 0.00 0.00 0.00 0.00 4.79 4.61 5.79 5.79 5.79 5.97 5.91 5.73 5.73 5.73 5.67 5.67 5.67 5.85 5.66 5.66 5.66 5.66 6.02 6.02 6.02 6.02 6.04 6.04 6.04 6.04 6.01 6.01 6.01 6.01 5.98 5.98 5.98 5.85 6.35 6.35 6.35 6.81 6.35 6.35 6.35 6.35 6.24 6.36 6.38 6.38 6.38 6.38 6.38 6.38 6.07 6.07 6.07 6.07 6.16 6.16 6.16 6.16
0.00 0.00 0.00 0.00 0.00 0.00 0.00 0.00 0.00 0.00 0.00 0.00 0.00 0.00 0.00 0.00 0.00 0.00 0.00 0.00 0.00 0.00 5.17 0.00 0.00 8.13 5.84 4.61 5.79 5.79 5.79 5.79 5.73 5.73 5.73 5.73 5.67 5.67 5.67 5.67 5.66 5.84 5.66 5.66 6.02 6.02 6.02 6.02 6.04 6.04 6.04 6.04 6.01 6.01 6.01 6.01 5.98 5.98 5.84 5.98 6.35 6.35 6.35 6.35 6.35 6.35 6.35 6.35 6.38 6.38 6.38 6.38 6.38 6.38 6.38 6.38 6.07 6.07 6.07 6.07 6.16 6.16 6.16 6.16
0.00 0.00 0.00 0.00 0.00 0.00 0.00 0.00 0.00 0.00 0.00 0.00 0.00 0.00 0.00 0.00 0.00 0.00 0.00 0.00 0.00 5.17 5.32 5.69 6.13 4.42 8.32 9.23 5.81 5.81 5.81 5.81 5.75 5.75 5.46 5.92 5.69 5.69 5.69 5.69 5.67 5.67 5.67 5.67 5.99 5.99 5.99 5.99 6.01 6.01 6.01 6.01 5.96 5.96 5.96 5.96 5.81 5.94 5.94 5.87 6.35 6.35 6.35 6.35 6.36 6.36 6.36 6.36 6.39 6.39 6.39 6.39 6.50 6.50 6.50 6.50 6.17 6.17 6.17 6.17 6.18 6.18 6.18 7.23
0.00 0.00 0.00 0.00 0.00 0.00 0.00 0.00 0.00 0.00 0.00 0.00 0.00 0.00 0.00 0.00 0.00 0.00 0.00 0.00 5.17 8.95 8.80 5.69 4.32 4.75 4.78 8.24 5.81 5.81 5.81 5.81 5.75 5.75 5.75 5.92 5.69 5.51 5.69 5.69 5.67 5.67 5.67 5.67 5.99 5.86 5.99 5.99 6.01 6.01 6.01 6.01 5.96 5.96 5.96 5.96 5.94 5.94 5.94 5.94 6.35 6.35 6.35 6.35 6.36 6.36 6.36 6.36 6.39 6.39 6.39 6.39 6.50 6.50 6.50 6.50 6.17 6.17 6.17 6.17 6.18 6.67 6.18 6.18
0.00 0.00 0.00 0.00 0.00 0.00 0.00 0.00 0.00 0.00 0.00 0.00 0.00 0.00 0.00 0.00 0.00 0.00 0.00 5.17 5.17 8.80 8.80 5.40 5.43 4.44 4.41 4.41 8.80 5.81 5.81 5.81 5.75 5.75 5.75 5.75 5.69 5.69 5.69 5.69 5.67 5.67 5.67 5.67 5.99 5.99 5.99 5.99 5.87 6.01 6.01 6.01 5.96 5.96 5.96 5.96 5.81 5.94 5.94 5.94 6.35 6.35 6.35 6.35 6.45 6.36 6.36 6.36 6.39 6.39 6.39 6.39 6.50 6.50 6.50 6.50 6.17 6.17 6.17 6.17 6.18 6.18 6.18 6.18
0.00 0.00 2.00 0.00 0.00 0.00 0.00 0.00 0.00 0.00 0.00 0.00 0.00 0.00 2.61 0.00 0.00 2.43 5.17 5.17 8.80 5.17 5.17 9.32 9.38 9.38 9.38 8.08 8.80 6.44 6.44 6.44 6.37 5.75 5.75 5.75 5.69 5.69 5.69 5.69 5.67 5.67 5.67 5.67 5.99 5.99 5.99 5.85 6.01 6.01 6.01 6.01 5.96 5.96 5.96 5.96 5.80 5.94 5.94 5.94 6.35 6.35 6.35 6.22 6.36 6.36 6.36 6.23 6.26 6.39 6.39 6.39 6.50 6.50 6.50 6.50 6.17 6.17 6.17 6.17 6.18 6.18 6.18 6.18
0.00 4.21 4.21 4.21 4.26 0.00 0.00 0.00 0.00 0.00 0.00 0.00 0.00 0.00 2.61 4.95 4.90 5.01 5.01 5.29 8.76 5.13 5.13 5.64 5.87 5.70 5.70 4.44 6.41 6.42 6.41 6.41 6.37 5.57 5.93 5.75 5.73 5.73 5.73 5.73 5.71 5.71 5.71 5.71 5.96 5.96 5.96 5.96 6.01 5.94 5.94 5.74 5.93 5.93 5.93 6.00 5.94 5.94 5.94 5.94 6.39 6.39 6.39 6.48 6.39 6.39 6.39 6.82 6.12 6.46 6.46 6.46 5.93 5.93 5.93 5.93 6.18 6.18 7.23 6.18 6.15 6.64 6.64 6.15
0.00 0.00 4.21 4.21 4.26 0.00 0.00 0.00 0.00 0.00 0.00 0.00 0.00 0.00 4.95 8.58 8.53 8.53 8.53 8.53 8.62 4.89 4.89 5.64 5.70 5.70 5.70 5.70 6.41 6.41 5.78 5.78 5.93 5.75 5.75 5.75 5.73 5.73 5.44 5.90 5.71 5.71 5.71 5.71 5.96 5.96 5.96 5.96 5.94 5.94 5.94 6.07 6.80 6.06 5.93 5.93 5.94 5.94 5.94 5.94 6.25 6.25 6.39 6.39 6.39 6.25 6.25 6.07 6.46 6.46 6.46 6.46 5.93 5.93 5.93 5.93 6.18 6.68 6.18 6.18 6.15 6.15 6.15 6.15
0.00 4.28 4.21 4.21 4.26 4.26 0.00 0.00 0.00 0.00 0.00 0.00 0.00 4.95 4.95 8.58 4.90 4.90 8.53 7.21 4.89 4.89 4.89 5.01 5.07 5.19 5.07 5.70 6.41 6.41 5.78 5.78 5.75 5.75 5.75 5.75 5.73 5.73 5.73 5.73 5.71 5.89 5.71 5.71 5.96 5.96 5.96 6.84 6.81 6.81 6.81 7.03 6.80 6.80 5.93 5.93 5.94 5.94 5.94 5.94 6.19 6.39 6.39 6.39 6.25 6.39 6.39 6.39 6.46 6.46 6.46 6.46 5.93 5.93 5.93 5.93 6.18 6.18 6.18 6.18 6.15 6.15 6.15 6.15
4.21 4.28 4.28 4.21 4.26 4.33 0.00 0.00 0.00 0.00 0.00 0.00 0.00 0.00 4.95 8.68 4.90 4.90 4.90 5.01 5.10 4.89 4.89 4.89 5.07 4.94 4.94 4.94 5.85 5.85 5.78 5.78 5.75 5.75 5.75 5.75 5.73 5.73 5.73 5.90 5.71 5.71 5.71 5.71 5.96 5.96 5.96 5.96 6.81 6.81 6.81 6.81 6.80 6.80 5.93 5.93 5.94 5.94 5.94 5.94 6.39 6.39 6.39 6.39 6.39 6.39 6.39 6.39 6.46 6.46 6.46 6.46 5.93 5.93 5.93 5.93 6.18 6.18 6.18 6.18 6.15 6.15 6.15 6.63
4.17 4.17 4.17 4.17 4.24 4.24 4.24 0.00 0.00 0.00 0.00 0.00 0.00 0.00 4.98 4.98 8.65 4.92 4.92 4.92 4.87 4.97 4.87 4.87 4.97 4.87 4.87 4.87 5.57 5.57 5.57 5.57 5.57 5.57 5.70 5.70 5.72 5.72 5.72 5.72 5.71 5.71 5.89 5.71 5.95 5.95 5.95 5.95 5.91 6.78 6.78 6.99 6.81 6.81 6.07 5.93 6.04 5.97 5.97 5.97 6.40 6.40 6.40 6.40 6.88 6.08 6.41 6.41 6.52 6.52 6.52 6.52 5.96 5.96 5.96 6.43 6.19 6.19 6.19 6.19 6.11 6.11 6.11 6.11
4.17 4.17 4.17 4.17 4.24 4.24 4.24 4.24 0.00 0.00 0.00 0.00 0.00 0.00 5.11 4.98 8.55 8.55 4.92 4.92 4.87 4.87 4.87 4.87 4.87 4.87 4.87 4.87 5.57 5.57 5.57 5.57 5.57 5.57 5.57 5.57 5.59 5.72 5.72 5.72 5.71 5.71 5.71 5.71 5.81 5.95 5.95 5.95 5.91 6.78 6.78 6.78 6.81 6.81 6.81 5.93 5.97 5.97 5.97 5.97 6.40 6.40 6.40 6.40 6.41 6.41 6.41 6.41 6.52 6.52 6.52 6.52 5.96 5.96 6.43 5.96 6.19 6.68 6.19 7.02 6.60 6.11 6.11 6.11
4.17 4.17 4.17 4.17 4.24 4.24 4.24 4.24 3.00 0.00 0.00 0.00 0.00 2.58 5.11 5.11 5.03 8.55 4.92 5.02 4.87 4.87 4.87 4.87 4.87 4.87 4.87 4.97 5.57 5.57 5.71 5.57 5.57 5.57 5.57 5.57 5.59 5.59 5.59 5.59 5.58 5.71 5.71 5.71 5.95 5.95 5.95 5.95 6.78 6.78 6.78 6.78 6.81 6.81 6.81 6.81 5.97 5.97 5.97 6.04 6.40 6.40 7.01 6.50 6.41 6.41 6.41 6.41 6.52 6.52 6.52 6.52 6.43 5.96 5.96 5.96 6.68 6.19 6.19 6.19 6.11 6.11 6.11 6.11
4.17 4.17 4.17 4.17 4.24 4.24 4.24 4.24 4.12 3.41 3.41 2.36 3.98 1.44 4.12 5.11 5.04 7.29 8.55 4.92 4.87 4.87 4.87 4.87 4.87 4.87 4.87 4.87 5.57 5.57 5.57 5.57 5.57 5.57 5.57 5.57 5.59 5.74 5.59 5.59 5.58 5.58 5.58 5.58 5.95 5.95 5.95 6.82 6.78 6.78 6.78 6.78 6.81 6.81 6.81 6.81 5.97 5.97 5.97 5.97 6.40 6.40 6.46 6.40 6.41 6.41 6.41 6.41 6.52 6.52 6.52 6.62 5.96 5.96 5.96 5.96 7.12 6.19 6.68 6.66 6.60 6.60 6.11 6.11
4.17 4.17 4.17 4.17 4.22 7.84 4.22 4.22 4.34 4.34 3.41 3.78 4.29 4.29 4.18 4.12 4.12 4.96 8.59 4.96 4.91 4.91 4.91 4.91 4.87 4.87 4.87 4.87 5.55 5.55 5.55 5.55 5.56 5.56 5.56 5.56 5.56 5.56 5.71 5.56 5.53 5.53 5.53 5.53 6.18 6.40 6.40 6.40 6.84 6.84 6.84 6.84 6.87 6.87 6.87 6.87 6.88 6.88 5.99 5.99 6.41 6.08 6.06 6.41 6.45 6.45 6.45 6.45 6.55 6.55 6.21 6.55 5.96 5.96 5.96 5.96 6.68 6.19 6.19 6.19 6.10 6.10 6.10 6.10
4.17 4.17 4.17 4.17 7.84 7.84 7.99 4.22 4.34 3.08 4.34 3.41 4.12 3.92 4.18 5.11 4.12 4.12 8.59 8.59 4.91 4.91 4.91 4.91 4.87 4.87 4.87 4.87 5.55 5.55 5.55 5.55 5.56 5.56 5.56 5.56 5.89 5.56 5.56 5.56 5.53 5.53 5.53 5.85 6.98 6.45 6.40 6.40 6.21 6.21 6.21 5.96 6.87 6.87 6.87 6.87 6.88 7.06 7.06 5.99 6.41 7.40 7.62 6.41 6.45 6.45 6.45 6.45 6.55 6.55 6.60 6.55 5.96 5.96 5.96 5.96 6.19 6.19 6.19 6.19 6.10 6.10 6.87 6.10
5.39 5.39 5.45 9.08 9.08 5.45 5.45 9.08 5.58 4.20 5.73 5.58 6.47 6.47 6.20 6.72 6.69 6.69 6.69 10.17 6.38 6.38 6.38 6.38 6.34 6.34 6.34 6.34 6.85 6.85 6.85 6.85 6.86 6.86 6.86 6.86 6.86 6.86 6.86 6.86 7.07 6.83 6.83 6.83 7.51 7.99 7.99 7.51 7.54 7.54 7.54 7.54 7.58 7.58 7.58 7.83 7.84 7.84 7.84 6.36 6.83 8.43 8.43 6.80 6.84 6.84 6.84 6.84 8.09 6.94 6.94 6.94 7.02 7.02 7.02 7.02 7.38 8.51 7.38 7.38 7.28 7.28 7.28 7.28
9.01 9.01 9.01 5.39 5.45 5.45 5.45 9.08 5.58 5.58 5.58 5.58 6.47 6.47 6.47 6.72 6.13 6.14 6.69 6.43 10.25 6.62 6.38 6.38 6.34 6.34 6.34 6.34 6.85 6.85 6.85 6.85 6.86 6.86 6.86 6.86 6.86 6.86 6.86 6.86 6.83 6.83 6.83 6.83 7.51 7.51 7.51 7.51 7.54 7.54 7.54 7.54 7.58 8.14 7.58 9.14 8.08 8.08 8.08 7.84 8.43 8.43 8.43 6.80 6.84 6.84 6.84 6.84 6.94 7.49 6.94 6.94 7.02 7.02 7.02 7.02 7.38 7.38 7.38 7.38 7.28 7.28 7.87 7.28
9.07 9.07 5.45 5.45 5.42 5.42 5.42 9.04 9.11 9.11 7.83 9.11 10.05 6.63 6.43 6.43 6.13 6.13 6.72 6.72 10.33 6.70 6.70 6.70 6.43 6.43 6.43 6.43 6.96 6.96 6.96 6.96 6.96 6.96 6.96 6.96 6.91 6.91 6.91 6.91 6.86 6.86 6.86 6.86 7.61 7.61 7.61 7.61 7.66 7.66 7.95 7.66 7.95 7.67 7.67 8.17 8.11 8.11 8.11 8.11 8.81 8.81 6.81 6.81 6.85 6.85 6.85 6.85 7.47 6.92 6.92 6.92 6.99 6.99 6.99 6.99 7.35 7.35 7.35 7.35 7.26 7.26 7.26 7.26
9.07 9.07 5.45 5.45 5.42 5.42 5.42 5.42 5.61 5.48 5.48 5.48 10.05 10.05 6.63 6.07 6.07 6.13 5.83 6.08 10.33 6.70 6.70 6.70 6.43 6.43 6.43 6.43 6.96 6.96 6.96 6.96 6.96 6.96 6.96 6.96 6.91 6.91 6.91 6.91 6.86 6.86 6.86 6.86 7.61 7.61 7.61 7.61 7.66 7.66 7.66 7.66 7.67 7.67 7.67 8.17 7.62 7.62 7.62 7.62 8.81 8.81 8.16 8.16 8.22 8.22 7.45 6.85 6.92 6.92 6.92 6.92 6.99 6.99 6.99 7.56 7.35 7.35 7.94 7.94 7.26 7.26 7.26 7.83
5.45 5.45 5.45 5.70 5.42 5.42 5.42 5.42 5.61 5.48 5.48 5.48 6.43 10.05 6.43 6.43 6.31 10.10 10.10 10.10 5.81 6.20 6.70 6.95 6.43 6.43 6.43 6.43 6.96 6.96 6.96 6.96 6.96 6.96 6.96 6.96 6.91 6.91 6.91 6.91 6.86 6.86 6.86 6.86 7.61 7.61 7.61 7.61 7.66 7.66 7.66 7.66 7.95 7.67 7.67 7.67 7.62 7.62 7.62 7.62 8.81 8.81 8.81 8.16 8.22 8.56 8.22 8.22 8.25 6.92 6.92 6.92 6.99 6.99 6.99 6.99 7.35 7.35 7.35 7.35 7.26 7.26 7.26 7.83
5.45 5.45 5.45 5.45 5.57 5.54 5.42 5.42 5.48 5.48 5.48 5.48 6.43 10.05 10.05 10.05 10.10 6.47 6.47 6.47 6.18 5.81 6.46 6.46 6.43 6.64 6.43 6.43 6.96 6.96 6.96 6.96 6.96 6.96 6.96 6.96 6.91 6.91 6.91 6.91 6.86 6.86 6.86 6.86 7.61 7.61 7.61 7.61 7.66 7.66 7.66 7.66 7.95 7.95 7.95 7.67 7.62 7.62 7.96 7.67 8.81 8.81 8.81 8.16 8.22 8.22 8.22 8.56 8.25 8.25 8.25 8.25 8.26 6.99 6.99 6.99 7.35 7.35 7.35 7.35 7.84 7.26 7.26 7.26
9.15 5.52 5.52 5.52 5.46 5.60 5.46 5.46 5.43 5.43 5.43 5.43 6.37 6.37 9.99 10.20 6.45 6.45 6.45 6.45 6.44 6.44 6.44 6.44 6.42 6.42 6.42 6.42 7.00 7.00 7.00 7.00 7.02 7.02 7.02 7.02 6.98 6.98 6.98 6.98 6.94 6.94 6.94 6.94 7.70 7.70 7.70 7.70 7.74 7.74 7.74 7.74 7.71 7.71 7.71 7.71 7.63 7.63 7.63 7.63 8.80 8.80 8.80 8.86 8.15 8.18 8.18 8.18 8.58 8.17 8.17 8.17 8.22 8.22 8.22 8.68 7.23 7.23 7.23 7.23 7.20 7.20 7.20 7.20
9.15 5.52 5.52 5.52 5.46 5.46 5.46 5.46 5.43 5.43 5.56 5.43 6.37 6.37 6.57 6.37 6.45 6.45 6.45 6.45 6.44 6.44 6.44 6.44 6.42 6.63 6.42 6.42 7.00 7.00 7.00 7.00 7.02 7.02 7.02 7.02 6.98 6.98 6.98 6.98 6.94 6.94 6.94 6.94 7.70 7.70 7.70 7.70 7.74 7.74 7.74 7.74 7.71 7.71 7.71 7.71 7.63 7.63 7.63 7.63 8.80 8.80 8.80 8.80 8.83 8.18 8.18 8.18 8.58 8.17 8.63 8.17 8.68 8.22 8.22 8.22 8.60 8.60 8.60 8.60 7.20 7.20 7.20 7.20
9.45 5.52 5.52 5.52 5.46 5.46 5.46 5.46 5.43 5.43 5.43 5.43 6.50 6.37 6.37 6.57 6.45 6.45 6.45 6.45 6.44 6.65 6.44 6.44 6.42 6.42 6.42 6.42 7.00 7.00 7.00 7.00 7.29 7.65 7.56 7.29 6.98 7.23 6.98 6.98 7.19 6.94 6.94 6.94 7.70 7.70 7.70 7.70 7.74 7.74 7.74 7.74 7.71 7.71 7.71 8.00 7.63 7.63 7.63 8.20 8.80 8.80 8.80 8.80 8.83 8.83 8.83 8.18 8.17 8.17 8.17 8.17 8.22 8.22 8.22 8.22 8.60 8.60 8.60 8.60 8.56 8.56 9.24 7.20
5.52 5.52 5.67 5.52 5.46 5.46 5.46 5.46 5.43 5.43 5.43 5.43 6.37 6.37 6.37 6.37 6.45 6.45 6.45 6.65 6.44 6.44 6.67 6.44 6.42 6.42 6.63 6.42 7.00 7.00 7.00 7.00 7.02 7.28 7.02 7.02 6.98 6.98 6.98 6.98 6.94 6.94 6.94 6.94 7.70 7.70 7.70 7.70 8.32 7.74 8.03 8.02 7.71 8.66 7.99 7.71 7.63 7.63 7.63 8.13 8.80 8.80 8.80 8.80 8.87 8.83 8.83 8.83 8.88 8.17 8.17 8.17 8.22 8.22 8.22 8.22 8.60 8.60 8.60 8.60 8.56 8.56 8.56 9.23
4.89 5.54 5.57 5.84 5.52 5.52 5.52 5.52 5.47 5.47 5.47 5.47 6.30 6.30 6.30 6.69 6.37 6.37 6.37 6.37 6.35 6.35 6.35 6.56 6.37 6.37 6.37 6.37 7.13 6.98 7.24 6.98 6.99 7.25 6.99 6.99 7.00 7.26 7.00 7.00 7.00 7.00 7.00 7.00 7.73 7.73 8.31 7.73 7.72 7.72 7.72 7.72 7.66 7.95 7.66 7.66 7.59 7.59 8.08 8.08 8.80 8.80 8.80 8.80 8.83 8.83 8.83 8.83 8.83 8.83 8.83 8.83 8.81 8.88 8.81 8.88 9.37 9.37 8.61 8.51 9.21 8.53 8.53 9.21
4.89 4.89 4.89 5.54 5.52 5.52 5.52 5.67 5.47 5.61 5.47 5.67 6.30 6.30 6.30 6.50 6.37 6.37 6.37 6.37 6.35 6.35 6.35 6.35 6.37 6.37 6.37 6.37 6.98 6.98 6.98 6.98 6.99 6.99 6.99 6.99 7.00 7.00 7.26 7.00 7.00 7.00 7.00 7.00 7.73 8.02 7.73 7.73 7.72 7.72 7.72 7.72 7.66 7.66 7.66 7.66 7.59 7.59 8.08 8.08 8.80 8.80 8.80 8.80 8.83 8.83 8.83 8.83 8.83 8.83 8.83 8.83 8.81 8.81 8.81 8.81 9.44 9.37 9.37 9.18 8.53 8.53 8.53 8.53
4.92 4.89 4.89 5.54 5.82 5.52 5.52 5.52 5.47 5.47 5.47 5.47 6.30 6.30 6.30 6.30 6.37 6.37 6.37 6.37 6.35 6.56 6.35 6.35 6.37 6.37 6.37 6.37 6.98 6.98 6.98 6.98 6.99 6.99 6.99 6.99 7.00 7.00 7.00 7.00 7.00 7.00 7.00 7.00 7.73 7.73 7.73 7.73 7.72 7.72 7.72 8.00 7.66 7.66 7.66 7.66 7.59 8.13 8.13 8.09 8.80 8.80 8.80 8.80 8.83 8.83 8.83 8.83 8.83 8.83 8.83 8.83 8.81 8.81 8.81 8.81 9.37 9.37 8.51 8.51 8.53 8.53 9.21 8.53
5.54 5.54 5.54 5.54 5.52 5.52 5.52 5.52 5.47 5.47 5.61 5.47 6.30 6.30 6.30 6.30 6.37 6.37 6.37 6.59 6.35 6.35 6.35 6.35 6.37 6.37 6.37 6.37 7.13 6.98 7.23 6.98 6.99 6.99 6.99 6.99 7.00 7.00 7.25 7.26 7.00 7.26 7.00 7.00 7.73 7.73 7.73 7.73 7.72 7.72 7.72 8.00 7.66 7.66 7.66 8.17 8.13 8.09 8.09 8.09 8.80 8.80 8.80 8.80 8.83 8.83 8.83 8.83 8.83 8.83 8.83 8.71 8.81 8.81 8.81 8.81 9.37 9.37 8.51 8.51 9.20 8.72 8.53 8.53
5.52 5.52 5.52 5.52 5.54 5.54 5.69 5.69 5.52 5.52 5.52 5.52 6.31 6.31 6.31 6.31 6.27 6.27 6.27 6.47 6.46 6.27 6.46 6.27 6.34 6.34 6.34 6.34 6.93 6.93 6.93 6.93 7.17 6.92 6.92 6.92 6.96 6.96 7.21 6.96 6.98 6.98 6.98 6.98 7.68 7.68 7.68 7.96 7.93 7.65 7.93 7.99 7.59 7.59 8.08 8.08 8.05 8.05 8.05 8.05 8.82 8.82 8.82 8.17 8.84 8.84 8.84 8.84 8.80 8.80 8.80 8.80 8.79 8.79 8.79 8.79 9.37 9.37 9.37 9.37 9.37 9.37 9.37 9.53
5.52 5.52 5.89 5.52 5.54 5.54 5.54 5.76 5.70 5.67 5.52 5.76 6.50 6.31 6.31 6.31 6.27 6.27 6.27 6.27 6.27 6.59 6.27 6.27 6.34 6.34 6.34 6.34 6.93 6.93 6.93 7.30 6.92 6.92 6.92 6.92 6.96 6.96 6.96 7.33 7.35 6.98 6.98 6.98 7.68 7.68 7.68 8.00 7.65 7.65 7.65 7.65 7.59 7.93 7.59 7.59 7.56 7.56 7.56 8.05 8.17 8.17 8.17 8.17 8.84 8.84 8.88 8.84 8.80 8.80 8.80 8.80 8.79 8.79 8.79 8.79 9.37 9.37 9.37 9.37 9.37 9.37 9.56 9.54
6.41 6.41 6.41 6.41 6.43 6.43 6.43 6.43 6.41 6.41 6.41 6.41 7.00 7.00 7.00 7.00 6.96 6.96 6.96 6.96 6.95 6.95 6.95 6.95 7.03 7.03 7.03 7.03 7.88 7.65 7.65 7.65 7.64 7.64 7.64 7.64 7.68 7.68 7.68 7.68 7.70 7.70 7.70 8.02 8.15 8.15 8.15 8.15 8.12 8.12 8.12 8.12 8.06 8.06 8.06 8.06 8.03 8.25 8.03 8.03 8.47 8.47 8.47 9.47 9.35 9.35 9.35 9.35 9.31 9.31 9.31 9.31 9.30 9.30 9.30 9.30 10.01 10.01 10.32 10.01 10.01 10.01 10.18 10.01
6.41 6.41 6.41 6.41 6.43 6.43 6.43 6.43 6.41 6.41 6.41 6.41 7.00 7.00 7.00 7.00 6.96 6.96 6.96 6.96 6.95 6.95 6.95 6.95 7.03 7.03 7.03 7.03 7.65 7.65 7.65 7.65 7.64 7.64 7.64 7.64 7.68 7.68 7.68 7.68 7.70 7.70 7.70 7.70 8.15 8.15 8.15 8.15 8.12 8.12 8.12 8.12 8.06 8.06 8.06 8.86 8.03 8.03 8.03 8.03 8.47 8.47 9.47 9.33 9.35 9.35 9.35 9.35 9.31 9.31 9.31 9.31 8.44 8.44 8.44 9.30 10.01 10.01 10.01 10.01 10.01 10.01 10.01 10.01
