New_Model_Runs/16_Future_RCP8.5_Scn3_out/post_prcessed_with_MFR/Monthly_summaries/net_infiltration_monthly_JUN.asc
NCOLS 700
NROWS 400
XLLCENTER 515000.000000
YLLCENTER 8409000.000000
CELLSIZE 50.000000
NODATA_value -999.000000
[rows 228 to 265 of 400, columns 168 to 251 of 700]
10.29 10.29 11.01 11.01 10.33 10.53 10.53 10.53 10.93 10.93 10.93 10.93 11.21 11.21 12.06 12.64 10.07 13.58 7.28 13.94 12.86 13.22 14.84 12.86 6.81 11.49 11.68 11.85 11.32 11.47 11.83 11.47 9.69 10.04 9.94 15.17 12.60 12.45 12.60 12.60 12.02 12.02 12.02 12.02 11.46 12.38 12.73 11.65 13.09 12.02 12.02 12.02 12.38 11.99 12.02 11.12 10.53 10.38 8.83 8.83 8.90 8.90 8.90 8.90 7.62 8.95 8.95 8.95 8.94 8.94 8.94 8.94 8.38 8.38 8.38 8.38 8.34 8.34 8.34 8.34 8.26 8.26 9.06 8.26
10.29 10.29 10.29 10.29 10.33 10.33 10.53 10.53 10.73 11.72 10.93 11.54 11.71 11.21 11.25 11.25 11.25 11.25 11.57 15.84 13.94 4.13 15.19 12.50 6.81 16.11 13.53 12.84 17.18 13.20 13.20 12.84 6.45 7.53 10.04 9.69 11.85 11.47 11.22 13.66 12.02 12.02 12.02 12.02 12.02 12.27 13.06 11.65 12.01 11.65 12.02 12.16 11.51 10.14 10.14 10.14 9.21 9.21 8.83 8.83 8.90 8.90 9.96 8.90 8.95 7.62 8.95 8.95 8.94 8.94 8.94 9.99 9.13 9.13 9.06 8.38 8.34 8.34 8.34 8.34 8.26 9.06 9.06 8.26
8.37 8.37 8.37 8.37 8.40 8.40 8.40 10.33 11.52 10.93 10.93 10.93 11.71 10.93 10.93 11.25 12.06 11.25 11.21 11.25 13.22 13.22 10.42 11.14 12.04 12.04 15.19 15.19 9.69 13.81 7.17 3.30 9.33 15.55 14.83 6.74 12.84 3.66 12.76 8.97 10.03 11.48 12.02 12.02 12.02 3.53 15.50 14.80 14.80 11.99 12.02 12.16 11.76 11.51 11.51 10.14 9.21 8.83 8.83 8.83 8.90 8.90 8.90 8.90 8.95 8.95 8.95 8.95 8.94 8.94 9.99 9.99 9.06 9.13 8.38 8.38 8.34 8.34 8.34 8.34 8.26 9.47 9.06 8.26
8.37 8.37 8.37 8.37 8.40 8.40 8.40 9.50 8.69 10.73 10.73 10.93 10.93 10.93 10.93 11.53 11.21 11.25 11.21 12.06 11.25 11.25 13.58 5.57 11.12 10.40 9.33 10.40 4.38 13.91 8.18 4.02 9.69 10.04 9.33 14.47 12.89 13.56 7.53 15.19 10.03 10.03 10.03 10.03 10.03 13.54 14.44 14.80 14.44 11.46 11.46 11.46 11.51 11.51 11.51 11.51 10.38 8.83 8.83 8.83 8.90 8.90 8.90 9.21 9.96 9.96 8.95 8.95 11.18 9.72 8.94 9.96 9.06 8.38 8.38 8.38 8.34 8.34 8.34 8.34 9.06 9.06 8.26 8.64
8.45 8.45 8.45 8.45 8.46 8.46 10.02 9.40 8.72 10.54 8.72 10.96 10.94 10.94 11.72 10.94 10.91 10.91 11.21 11.25 12.06 11.25 10.02 13.58 15.34 15.34 12.48 15.34 12.48 13.20 13.20 7.53 14.15 15.19 12.48 14.09 7.47 14.11 13.52 13.56 13.18 13.18 15.51 15.51 15.15 13.90 11.72 14.15 10.76 11.53 11.53 11.53 11.58 11.58 11.58 11.58 10.47 10.13 9.09 9.40 9.46 8.95 9.46 9.96 11.61 9.99 9.99 9.96 8.99 9.35 10.41 9.25 8.40 8.40 8.40 8.40 8.34 8.34 8.34 8.70 8.28 8.28 8.28 8.28
8.45 8.45 8.45 8.45 8.46 9.35 8.46 8.46 8.72 8.72 10.54 10.19 10.17 8.69 8.69 10.94 11.70 10.91 10.91 10.91 11.25 11.25 10.83 11.97 11.11 11.11 11.11 11.11 10.96 9.74 15.00 3.66 11.83 8.81 8.45 11.60 10.15 9.99 9.84 14.15 10.39 9.67 11.33 11.84 12.00 10.39 10.64 14.15 10.76 10.01 11.30 10.76 10.80 11.58 11.58 11.58 10.13 10.13 10.13 8.91 8.95 8.95 8.95 8.95 9.99 9.45 11.29 10.34 10.34 9.45 10.14 10.32 9.06 8.40 8.40 8.40 8.34 8.34 9.22 8.70 8.28 8.28 8.28 8.28
8.45 8.45 8.45 8.45 8.46 9.35 8.46 8.46 8.72 8.72 8.72 8.72 8.69 8.69 9.04 12.67 10.91 10.91 10.91 10.91 10.90 14.59 9.71 12.99 11.11 11.13 11.11 11.11 11.11 8.97 9.73 12.48 11.86 12.22 8.95 10.19 13.71 11.60 11.11 11.16 10.59 10.59 10.59 10.59 10.03 11.36 11.24 11.88 11.88 11.48 10.81 10.81 11.17 9.12 10.80 10.80 10.13 10.13 10.13 10.13 8.95 8.95 8.95 8.95 9.96 10.70 9.09 13.86 12.61 14.21 10.70 10.77 9.13 8.40 8.40 8.40 8.34 8.54 8.34 8.34 8.28 8.28 8.28 8.28
8.45 8.45 8.45 8.45 8.46 10.04 8.46 8.46 8.72 8.72 8.72 8.72 8.69 8.69 8.69 10.73 10.91 10.68 10.91 10.91 10.90 11.21 11.25 11.25 11.36 11.91 12.08 11.13 11.13 8.97 11.35 11.35 11.07 11.07 8.95 10.11 9.14 11.60 11.11 11.11 10.95 11.19 10.59 12.13 11.00 11.00 10.64 9.32 11.88 14.99 14.99 10.81 3.36 9.53 10.92 11.17 11.18 10.64 10.28 10.13 8.95 8.95 8.95 8.95 9.01 10.35 12.93 9.99 10.70 9.81 9.71 9.96 8.88 8.88 8.40 8.40 9.13 8.34 8.34 8.70 8.28 8.28 8.28 8.28
8.51 8.51 8.51 8.51 8.52 8.52 8.52 8.52 8.78 8.78 8.78 8.78 8.71 8.71 8.71 8.71 8.65 10.67 10.91 10.91 10.89 10.89 11.25 10.89 11.36 11.36 11.09 11.09 11.34 11.91 11.91 11.34 11.03 11.03 11.03 9.50 9.47 12.63 11.90 11.47 10.03 12.07 10.64 10.64 10.80 10.80 10.80 10.80 9.32 10.85 12.52 14.99 13.40 10.51 9.89 10.25 10.17 10.70 8.96 9.96 8.98 8.98 10.35 10.35 10.70 12.61 2.98 10.35 11.26 11.06 9.33 8.97 8.35 8.35 10.05 9.09 8.31 8.31 8.31 8.31 8.34 8.34 8.34 8.34
8.51 8.51 8.51 8.51 8.52 9.42 8.52 8.52 8.78 8.78 8.78 8.78 8.71 8.71 8.71 8.71 8.65 11.43 10.67 10.91 10.89 10.89 10.89 10.89 11.36 11.36 11.36 11.09 11.34 11.19 11.91 11.91 11.32 11.32 11.03 11.03 9.47 9.64 14.81 11.30 12.07 11.71 10.64 10.64 10.80 10.80 10.80 10.80 11.71 9.67 10.85 11.49 13.04 13.04 12.32 14.53 9.81 9.81 10.70 10.35 10.32 9.99 10.70 10.50 10.35 6.49 3.34 9.09 9.42 9.09 7.98 9.52 8.35 8.35 8.35 8.35 8.68 8.31 8.31 8.31 8.34 8.34 8.34 8.34
8.51 8.51 8.51 8.51 8.52 8.52 8.52 8.52 8.78 8.78 8.78 8.78 8.71 8.71 8.71 8.71 8.98 10.67 10.67 11.25 11.21 10.89 10.89 11.67 11.36 11.21 11.89 11.09 11.34 11.34 11.34 11.94 11.32 12.14 11.32 11.32 8.88 12.26 11.65 11.30 11.71 10.64 10.64 10.64 10.80 10.80 10.80 10.80 11.21 11.71 11.49 11.49 9.32 11.28 11.28 11.29 13.66 14.19 9.09 10.70 10.35 10.35 10.70 9.09 13.50 9.25 9.09 9.61 10.33 10.35 9.99 8.97 9.06 8.83 8.35 8.35 8.31 8.31 8.31 8.31 9.37 8.34 8.34 8.34
8.51 8.51 8.51 8.51 8.52 8.52 8.52 8.52 8.78 8.78 8.78 8.78 8.71 8.71 8.71 8.71 8.65 11.25 11.25 11.25 11.25 11.25 10.89 8.81 9.16 11.36 11.09 11.09 11.06 11.06 11.06 11.06 11.03 11.03 11.86 11.32 8.88 11.65 11.90 12.11 10.64 10.64 10.64 10.64 10.80 11.48 11.48 10.03 12.55 12.19 11.28 10.85 11.85 12.21 11.85 11.21 10.32 9.99 13.50 13.50 10.35 10.70 10.70 9.97 12.61 9.99 9.99 9.45 11.06 10.35 10.43 9.96 8.57 8.35 8.35 8.35 8.31 8.31 8.31 8.31 8.34 8.34 8.34 8.34
8.55 8.55 8.55 8.55 8.53 9.42 8.53 8.53 8.77 8.77 8.77 8.77 8.70 8.70 8.70 8.70 10.13 10.32 11.25 10.32 11.25 8.64 8.64 10.54 10.30 9.17 11.13 11.13 11.10 11.10 11.10 11.10 11.91 11.91 11.91 11.03 11.03 13.80 11.94 11.03 10.75 10.75 10.75 10.75 10.84 11.48 10.84 12.19 4.23 3.87 11.64 11.49 12.57 10.39 11.85 12.58 9.99 9.99 10.35 10.35 13.32 13.68 10.69 10.53 14.57 3.96 11.62 10.70 11.26 9.99 9.96 10.92 8.32 8.32 8.32 8.32 8.34 8.34 8.34 8.71 8.35 8.35 8.35 8.35
8.55 9.44 8.55 8.55 8.53 8.53 8.53 8.53 8.77 8.77 8.77 9.67 8.70 8.70 8.70 8.70 8.64 10.32 10.32 10.32 10.14 8.64 8.64 8.64 8.99 8.99 11.13 11.13 11.10 11.10 11.10 11.10 11.03 11.03 11.32 11.03 11.03 11.03 11.66 11.03 10.75 10.75 10.75 10.75 11.49 11.49 11.48 11.49 11.83 10.03 10.03 11.85 9.67 10.03 11.85 12.89 10.46 10.21 11.06 11.42 4.77 5.49 14.40 14.04 13.67 10.17 9.45 9.99 9.99 9.99 9.96 8.92 8.80 8.32 8.32 8.32 8.34 8.34 8.34 8.34 8.35 8.35 8.35 8.35
7.79 7.79 7.79 7.79 7.77 8.73 8.73 9.41 7.88 7.88 9.77 8.68 7.81 7.81 7.81 7.81 7.76 7.76 9.29 7.76 7.76 7.76 7.76 7.76 7.97 7.97 7.97 7.97 9.71 9.71 9.71 9.71 9.65 9.65 9.65 9.65 9.64 9.64 9.64 9.64 9.53 9.53 9.53 9.53 10.14 10.50 10.50 11.52 11.71 8.81 8.81 8.45 10.14 10.14 10.14 10.21 9.39 9.00 10.08 9.34 9.70 5.60 10.42 8.98 11.78 11.76 9.00 9.36 9.00 9.00 8.93 8.31 7.82 7.82 7.82 7.82 7.78 7.78 7.78 7.78 7.84 7.84 7.84 7.84
7.79 7.79 7.79 7.79 7.77 7.77 7.77 7.77 7.88 7.88 7.88 7.88 8.62 8.62 8.62 8.61 7.76 7.76 7.76 7.76 7.76 7.76 7.76 7.76 7.97 7.97 7.97 7.97 7.94 7.94 9.71 9.71 9.65 9.65 9.65 9.65 9.64 9.64 9.64 9.64 9.53 9.53 9.53 10.50 10.50 10.14 10.50 10.66 10.14 9.58 9.94 10.50 10.14 10.14 10.21 10.04 9.20 9.20 9.36 9.36 9.70 10.77 9.34 9.11 8.75 11.42 9.36 9.36 9.00 9.36 8.31 8.31 7.82 7.82 7.82 7.82 7.78 7.78 7.78 8.00 7.84 7.84 7.84 7.92
7.77 7.77 9.21 8.56 7.71 8.86 7.71 7.71 7.81 7.81 7.81 7.81 7.77 7.77 7.77 7.77 7.76 7.76 7.76 7.76 7.78 7.78 7.78 7.78 8.01 8.01 8.01 8.01 7.99 7.99 7.99 9.77 9.69 9.69 9.69 9.69 9.72 9.72 9.72 9.72 9.55 9.55 9.55 10.07 10.14 10.14 8.45 9.96 9.53 9.53 9.89 9.89 9.59 8.45 10.21 10.21 9.20 9.39 8.93 9.29 9.68 9.47 9.00 9.36 12.26 9.36 9.36 9.00 9.00 9.36 8.65 8.30 7.85 7.85 7.85 7.85 7.83 7.83 8.00 8.00 7.87 7.87 7.87 7.94
7.77 7.77 7.77 7.77 7.71 7.71 8.50 7.71 7.81 7.81 7.81 7.81 7.77 7.77 7.77 7.77 7.76 7.76 8.56 7.76 7.78 7.78 7.78 7.78 8.01 8.01 8.01 8.01 7.99 7.99 7.99 9.77 9.69 9.69 9.69 9.69 9.72 9.72 9.72 10.15 9.55 9.55 9.55 10.07 10.14 10.44 9.54 9.54 9.53 7.61 9.53 9.89 3.25 8.81 10.57 10.21 9.39 9.39 9.36 9.11 8.62 8.39 9.00 9.36 12.87 9.36 9.36 9.00 9.00 8.30 8.30 8.26 8.21 7.85 8.31 7.85 7.83 8.00 8.31 8.00 7.94 7.87 7.87 7.94
7.77 9.20 7.77 7.77 7.71 7.71 8.50 7.71 7.81 7.81 7.81 9.29 7.95 7.77 7.77 7.77 7.76 9.39 9.39 7.76 7.78 7.78 7.78 7.78 8.01 8.01 8.01 8.01 7.99 7.99 7.99 7.99 9.69 9.69 9.69 9.69 9.72 9.72 9.72 9.72 9.55 9.55 9.55 9.98 10.14 9.54 9.54 7.61 7.61 7.61 7.61 9.89 9.53 9.88 3.39 10.04 9.20 9.39 8.39 9.11 9.11 7.91 8.62 12.13 12.51 8.75 9.36 9.00 8.93 9.00 7.91 8.26 7.17 7.17 7.85 7.85 7.83 8.27 7.83 7.83 7.87 7.87 7.94 7.94
7.77 7.77 7.77 7.77 7.71 7.71 7.71 7.71 7.81 7.81 7.81 9.29 9.29 7.77 7.77 7.77 8.06 9.39 7.76 7.76 7.78 7.78 7.78 7.78 8.01 8.01 8.01 8.01 7.99 8.82 7.99 7.99 7.93 9.69 10.34 9.69 9.72 9.72 9.72 9.72 9.55 9.55 9.55 10.07 10.90 9.54 11.82 7.61 7.61 7.61 9.53 9.89 9.78 3.61 10.44 10.21 9.20 8.93 9.00 9.36 9.00 9.00 2.73 12.49 8.39 9.00 9.00 9.83 8.65 9.00 9.00 8.25 7.85 8.29 7.85 7.85 8.13 7.83 7.83 7.83 7.87 7.87 7.94 7.94
7.73 7.73 8.53 7.73 7.67 7.67 7.67 7.67 7.78 7.78 9.03 9.87 7.76 7.76 7.76 7.76 10.08 9.39 8.30 7.76 7.79 7.79 7.79 9.26 8.03 8.03 8.03 8.03 8.83 8.00 8.00 8.00 7.98 9.75 9.75 9.75 9.77 9.77 9.77 9.77 9.52 9.52 9.52 9.52 9.49 9.49 11.05 7.61 7.61 7.61 9.54 9.89 10.52 10.76 10.04 10.04 8.93 9.00 9.00 9.00 8.62 8.62 2.73 6.60 8.62 8.62 8.39 9.00 8.26 7.91 9.36 9.36 8.13 7.87 7.87 8.13 9.82 8.13 8.13 8.00 7.92 7.92 7.96 8.68
7.73 7.73 7.73 7.73 7.67 7.67 7.67 7.67 7.78 7.78 10.42 9.87 9.48 9.48 11.07 7.76 9.02 9.75 8.16 7.76 7.79 7.79 7.79 7.79 8.03 8.03 8.03 8.03 8.00 8.00 8.00 8.00 7.98 9.75 9.75 9.75 9.77 9.77 9.77 9.77 9.52 7.61 7.61 7.61 9.49 11.05 8.49 7.61 7.61 7.61 9.96 9.54 10.16 10.76 10.21 10.21 9.00 9.00 9.00 9.00 8.26 9.11 2.73 12.12 9.36 9.36 7.91 9.00 9.47 9.00 9.00 9.36 8.00 7.17 7.87 7.53 10.28 13.33 10.79 8.13 8.13 7.92 7.96 7.88
7.73 7.73 7.73 7.73 7.67 7.67 7.67 8.46 7.78 9.50 9.50 9.89 9.88 9.48 10.12 9.88 9.47 7.76 9.02 9.02 7.79 7.79 7.79 7.79 8.03 8.03 8.03 8.03 8.00 8.00 8.00 8.00 7.98 7.98 9.75 9.75 9.77 9.77 9.77 9.77 9.52 7.61 7.61 7.61 7.61 7.61 7.61 7.61 7.61 7.61 9.54 9.54 10.34 10.04 10.21 10.57 12.26 9.00 9.00 7.91 8.26 8.26 8.62 11.78 9.00 9.00 8.93 9.00 9.47 9.00 9.00 9.00 8.00 7.43 7.99 7.53 14.14 9.82 13.33 9.82 7.17 7.17 7.17 10.90
7.73 7.73 7.73 7.73 7.67 7.67 8.46 7.67 7.78 7.78 9.50 9.89 9.88 9.48 9.88 9.88 9.47 9.88 9.02 9.02 7.79 7.79 7.79 7.79 8.03 8.03 8.03 8.85 8.83 8.00 8.00 8.00 7.98 9.75 9.75 9.75 9.77 9.77 9.77 9.77 9.52 7.61 7.61 7.61 7.61 7.61 7.61 7.61 7.61 9.54 9.54 10.14 10.07 10.04 10.57 9.64 13.23 12.51 7.91 8.26 3.09 8.26 9.00 12.87 8.75 8.62 8.93 8.93 8.93 8.93 9.00 9.00 8.13 7.87 8.13 7.43 13.60 9.82 9.98 13.33 9.82 9.82 10.08 8.68
7.76 7.76 7.76 7.76 7.70 7.70 7.70 7.70 7.78 7.78 7.78 9.51 9.46 9.46 9.97 9.89 9.45 9.87 9.87 7.74 7.79 7.79 7.79 7.79 8.89 8.06 8.06 8.89 8.05 8.05 8.05 8.05 8.04 9.83 9.83 9.83 9.81 9.81 9.81 9.81 9.49 7.61 7.61 7.61 8.45 9.81 10.16 9.81 9.55 9.55 9.55 9.96 9.99 10.04 10.57 10.57 9.36 9.00 12.51 8.62 8.98 8.26 11.76 8.75 9.11 9.83 10.01 9.00 9.00 8.93 9.00 9.00 8.13 8.00 8.00 8.00 9.82 10.08 10.08 13.33 9.82 4.81 8.32 13.33
7.76 7.76 7.76 7.76 7.70 7.70 8.50 7.70 7.78 7.78 8.07 9.51 9.87 9.97 9.97 9.20 9.87 9.87 9.87 7.74 7.79 7.79 7.79 7.79 8.85 8.06 8.89 8.06 8.05 8.05 8.05 8.05 8.04 9.83 9.83 9.83 9.81 9.81 9.81 9.81 9.49 11.05 7.61 8.45 8.45 10.14 9.83 10.14 9.55 9.55 10.14 10.14 10.14 8.92 9.28 10.57 9.20 9.39 9.00 13.59 12.49 6.60 12.49 9.72 9.36 10.44 9.36 9.00 9.00 8.93 9.00 9.47 8.13 8.13 7.17 7.17 7.17 10.68 13.33 10.68 13.33 8.32 4.81 4.81
7.76 7.76 7.76 7.76 7.70 7.70 7.70 7.70 8.59 7.78 7.78 9.51 9.87 9.88 9.88 9.88 9.87 9.45 9.71 7.74 7.79 7.79 7.79 7.79 8.06 8.06 8.06 8.06 8.05 8.05 8.05 8.05 8.04 9.83 9.83 9.83 9.81 9.81 9.81 10.48 9.49 11.05 7.61 7.61 9.47 9.47 9.47 9.47 9.55 9.55 10.14 10.14 10.21 10.21 10.21 10.21 9.75 12.37 11.66 8.62 8.26 9.47 13.57 9.70 8.98 9.34 9.34 9.36 9.36 8.93 9.00 9.00 8.13 8.13 7.17 7.17 8.13 8.13 7.17 7.17 13.69 9.82 9.82 4.81
9.09 8.12 7.76 7.76 7.70 7.70 7.70 7.70 8.59 7.78 7.78 9.51 9.87 9.88 10.92 9.88 10.49 9.87 9.45 7.74 7.79 7.79 7.79 7.79 8.06 8.06 8.06 8.06 8.05 8.05 8.05 8.05 9.83 9.83 9.83 9.83 9.81 9.81 10.48 9.81 9.49 9.49 7.61 7.61 10.14 9.47 9.47 9.47 9.55 10.14 10.14 10.14 10.21 10.21 10.21 12.42 12.37 11.28 12.02 7.91 2.37 8.62 7.32 12.49 13.57 12.85 6.96 12.98 12.49 12.45 12.45 12.51 8.13 7.17 7.17 7.43 8.13 7.17 10.94 10.68 8.68 13.69 13.33 9.82
10.68 7.79 7.79 7.79 7.71 9.13 7.71 8.52 7.76 7.76 7.76 9.97 8.20 9.88 9.88 9.97 9.97 9.97 9.43 7.73 7.81 7.81 7.81 7.81 9.91 8.09 8.09 8.09 8.11 8.11 9.93 9.93 9.94 9.94 9.94 9.94 9.87 9.87 9.87 9.87 9.46 9.46 9.46 9.46 9.43 9.43 9.43 9.43 10.14 10.14 10.14 10.14 10.21 10.04 10.21 12.42 14.07 15.53 15.53 12.26 11.42 12.26 12.13 12.13 10.06 10.08 9.36 9.72 8.26 8.93 8.93 9.00 7.17 7.17 7.17 7.17 8.13 8.13 8.13 7.17 8.68 10.34 9.92 13.33
7.79 9.76 8.59 7.79 7.71 7.71 7.71 8.35 7.76 7.76 7.76 9.97 9.88 9.88 9.88 9.97 9.97 9.97 9.43 7.73 7.81 7.81 7.81 9.55 9.91 10.58 8.09 8.09 9.93 9.93 9.93 9.93 9.94 9.94 9.94 9.94 9.87 9.87 9.87 9.87 9.46 9.46 9.46 9.46 9.43 9.43 9.43 9.43 10.14 10.14 10.14 10.14 10.21 10.21 12.42 14.75 14.43 15.63 11.28 8.97 8.61 8.98 13.21 12.13 9.83 8.62 9.00 9.00 9.00 9.00 9.00 9.00 7.17 7.17 7.17 7.32 8.13 8.49 8.49 7.17 13.69 10.34 9.82 9.82
7.75 8.21 7.28 7.28 7.54 6.85 6.85 6.85 6.83 6.83 8.65 8.47 8.47 7.52 8.21 8.21 8.22 8.22 8.22 6.81 6.88 6.88 6.88 8.32 8.57 8.57 7.09 7.09 8.59 9.96 8.59 8.59 8.59 8.59 8.59 8.59 8.54 8.54 8.54 9.24 8.70 8.19 8.19 8.19 8.16 8.16 8.16 8.39 8.52 8.52 8.52 8.39 10.74 9.74 14.25 13.61 14.59 10.49 10.13 8.03 8.03 8.74 12.26 11.58 11.35 8.55 8.39 8.03 8.03 8.03 8.03 8.03 7.37 7.37 7.37 7.73 7.37 7.73 6.56 9.21 12.72 12.72 9.21 9.27
7.75 6.93 7.65 6.92 6.85 6.85 6.85 6.85 6.83 8.26 8.26 8.26 8.21 8.21 8.21 8.21 8.22 8.22 8.22 8.22 6.88 6.88 6.88 8.32 8.57 8.57 8.57 8.57 8.59 8.59 8.59 8.59 8.59 8.59 8.59 8.59 9.08 8.54 8.54 8.54 8.19 8.19 8.19 8.19 8.16 8.16 8.16 8.16 8.52 8.52 8.52 10.74 10.74 10.74 11.10 14.33 10.85 11.76 11.40 8.03 8.39 8.03 8.03 8.74 11.58 11.35 8.74 8.39 8.03 8.03 8.03 8.03 7.37 6.61 7.73 7.63 7.27 6.56 6.56 9.21 8.13 12.72 9.21 10.02
6.90 6.90 10.77 7.26 6.83 6.83 6.83 7.53 6.82 8.75 8.23 8.23 8.18 8.18 8.18 8.18 8.73 8.73 8.21 8.21 6.87 6.87 7.57 8.30 9.91 9.11 8.56 8.56 8.63 8.63 8.63 8.63 9.18 8.63 8.63 8.63 9.07 8.53 8.53 8.53 8.18 8.18 8.18 8.18 8.40 8.48 8.40 8.40 8.22 8.39 8.39 8.15 8.39 10.01 10.74 14.61 11.04 11.40 8.39 8.03 11.04 10.68 8.03 8.74 8.55 11.71 8.20 8.39 8.03 8.03 8.03 8.03 7.37 7.37 6.61 7.55 8.08 7.37 6.56 9.21 13.08 9.21 10.02 10.02
7.60 10.88 11.62 8.21 6.83 8.08 6.83 6.83 6.82 8.23 8.23 8.23 8.18 8.50 8.18 8.18 8.21 8.94 8.73 8.21 8.30 6.87 6.87 6.87 8.56 8.56 8.56 10.75 8.63 9.18 8.63 8.63 8.63 8.63 8.63 8.63 8.53 8.53 8.53 8.53 8.18 8.18 8.18 8.18 8.40 8.40 8.40 8.40 8.22 8.22 8.74 8.50 8.60 7.69 10.73 10.10 10.68 10.36 10.68 10.68 10.68 10.68 8.03 8.74 8.43 11.58 8.55 8.03 8.03 8.03 8.39 8.39 7.37 7.37 7.19 7.19 7.37 6.56 6.56 12.72 13.08 10.74 10.38 10.38
7.85 8.21 11.36 7.85 6.83 6.83 6.83 6.83 6.82 6.82 8.23 8.23 8.50 8.50 8.70 8.18 8.21 8.21 8.21 8.21 8.30 6.87 6.87 6.87 7.08 8.56 8.56 10.50 10.55 10.55 8.63 8.63 8.63 8.63 9.18 8.63 8.53 9.07 8.53 8.53 8.18 8.18 8.18 8.18 8.40 8.40 8.40 8.40 8.22 8.22 8.22 8.50 8.60 8.75 11.10 10.10 10.68 10.13 11.04 10.68 11.04 11.04 8.39 8.39 7.71 10.86 8.91 8.74 8.03 8.03 9.10 7.48 7.37 7.19 7.19 7.37 7.73 7.37 9.21 8.13 9.21 10.38 11.10 11.10
7.85 7.85 7.85 10.41 6.83 6.83 7.53 6.83 6.82 6.82 8.23 7.52 8.18 8.18 8.18 8.18 8.21 8.21 8.21 8.21 8.30 8.30 6.87 6.87 7.77 8.56 8.56 8.56 10.55 10.55 10.55 8.63 8.63 8.63 8.63 8.63 8.53 8.53 8.53 8.53 8.89 8.69 8.18 8.18 8.40 8.40 8.48 8.48 8.52 8.52 8.22 8.50 8.60 8.39 10.74 10.74 10.68 10.68 11.04 11.04 11.21 10.85 8.43 8.74 8.74 11.71 8.55 8.74 8.39 8.74 8.91 7.71 6.56 6.54 7.19 6.56 8.08 6.61 13.08 9.21 9.21 9.93 9.93 11.46
7.85 7.85 8.46 10.40 7.19 7.19 6.83 6.83 6.79 6.79 8.19 8.19 8.16 8.16 8.16 8.16 8.23 8.23 8.23 8.23 8.28 8.28 8.28 6.85 7.06 8.53 8.53 8.53 9.16 10.54 10.54 8.62 8.61 8.61 8.61 8.61 8.48 8.48 8.48 8.48 8.17 8.17 8.17 8.17 8.41 8.41 8.41 8.52 8.52 8.52 8.18 8.15 8.15 8.39 10.60 10.60 10.56 10.68 10.13 10.85 10.85 11.04 8.39 8.74 8.74 11.35 7.71 8.39 8.43 8.55 8.20 8.39 6.61 6.56 7.37 6.92 7.63 9.99 14.16 9.93 10.38 13.50 9.27 7.73
7.85 7.85 7.85 10.08 8.21 7.19 6.83 6.83 7.48 6.79 8.19 8.19 8.16 8.16 8.16 8.16 8.23 8.23 8.23 8.23 8.28 8.28 8.28 6.85 7.06 8.53 8.53 8.53 8.62 8.62 10.54 8.62 8.61 8.61 8.61 8.61 8.48 9.23 9.01 8.48 8.17 8.17 8.17 9.02 8.41 8.41 8.41 8.39 8.52 8.52 8.15 8.15 8.39 10.60 10.60 10.88 10.56 10.68 10.68 10.36 10.13 10.68 11.04 9.46 9.46 8.39 10.99 8.39 8.20 8.20 8.03 8.39 7.73 7.37 7.37 6.56 9.93 13.44 13.80 9.93 10.02 10.02 6.97 7.73
