New_Model_Runs/16_Future_RCP8.5_Scn3_out/post_prcessed_with_MFR/Monthly_summaries/net_infiltration_monthly_JUL.asc
NCOLS 700
NROWS 400
XLLCENTER 515000.000000
YLLCENTER 8409000.000000
CELLSIZE 50.000000
NODATA_value -999.000000
[rows 228 to 265 of 400, columns 168 to 251 of 700]
7.80 7.80 8.38 8.38 7.83 8.02 8.02 8.02 8.40 8.40 8.40 8.40 8.09 8.09 8.69 10.19 7.69 11.32 6.71 11.69 10.58 10.95 11.74 10.58 6.47 8.92 8.98 9.29 8.61 9.03 9.40 9.03 8.12 8.49 8.40 11.03 8.45 8.34 8.45 8.45 7.75 7.75 7.75 7.75 7.23 8.12 8.49 7.84 8.86 7.75 7.75 7.75 8.12 7.82 7.75 7.08 6.35 6.49 3.68 3.68 3.71 3.71 3.71 3.71 2.99 3.73 3.73 3.73 3.73 3.73 3.73 3.73 3.29 3.29 3.29 3.29 4.07 4.07 4.07 4.07 4.03 4.03 4.14 4.03
7.80 7.80 7.80 7.80 7.83 7.83 8.02 8.02 8.23 9.06 8.40 8.75 9.05 8.09 8.22 8.22 8.22 8.22 8.46 12.96 11.69 3.46 12.11 10.21 6.47 13.00 11.97 11.38 14.01 11.75 11.75 11.38 6.10 7.21 8.49 8.12 9.29 9.03 7.52 8.82 7.75 7.75 7.75 7.75 7.75 8.10 8.93 7.84 8.21 7.84 7.75 7.85 7.26 6.16 6.16 6.16 5.75 5.75 3.68 3.68 3.71 3.71 4.82 3.71 3.73 2.99 3.73 3.73 3.73 3.73 3.73 4.77 4.12 4.12 4.14 3.29 4.07 4.07 4.07 4.07 4.03 4.14 4.14 4.03
6.24 6.24 6.24 6.24 6.26 6.26 6.26 7.83 8.90 8.40 8.40 8.40 9.05 8.39 8.39 8.22 8.69 8.22 8.09 8.22 10.95 10.95 8.06 8.80 9.35 9.35 12.61 12.61 8.12 12.40 6.84 2.84 7.75 12.98 12.24 6.41 11.38 3.21 10.09 7.38 7.36 7.94 7.75 7.75 7.75 2.39 11.45 11.10 11.10 7.82 7.75 7.85 7.59 7.26 7.26 6.16 5.75 3.68 3.68 3.68 3.71 3.71 3.71 3.71 3.73 3.73 3.73 3.73 3.73 3.73 4.77 4.77 4.14 4.12 3.29 3.29 4.07 4.07 4.07 4.07 4.03 4.66 4.14 4.03
6.24 6.24 6.24 6.24 6.26 6.26 6.26 7.41 6.54 8.23 8.23 8.40 8.39 8.39 8.39 8.74 8.09 8.22 8.09 8.69 8.22 8.22 11.32 4.94 9.60 8.86 7.75 8.86 3.95 12.49 7.89 3.58 8.12 8.49 7.75 11.87 11.20 12.12 7.21 12.61 7.36 7.36 7.36 7.36 7.36 10.99 10.73 11.10 10.73 7.23 7.23 7.23 7.26 7.26 7.26 7.26 6.49 3.68 3.68 3.68 3.71 3.71 3.71 4.03 4.82 4.82 3.73 3.73 5.70 4.28 3.73 4.82 4.14 3.29 3.29 3.29 4.07 4.07 4.07 4.07 4.14 4.14 4.03 3.46
6.30 6.30 6.30 6.30 6.31 6.31 7.91 7.28 6.56 7.68 6.56 8.42 8.40 8.40 9.06 8.40 8.38 8.38 8.09 8.22 8.69 8.22 8.68 11.32 13.02 13.02 11.00 13.02 11.00 11.75 11.75 7.21 11.90 12.61 11.00 11.57 6.35 10.12 10.21 12.12 10.62 10.62 12.01 12.01 11.64 11.36 8.92 11.44 7.90 7.32 7.32 7.32 7.36 7.36 7.36 7.36 6.54 4.94 3.88 4.00 4.02 3.73 4.02 4.82 6.09 4.77 4.77 4.82 3.75 4.12 5.23 4.05 3.30 3.30 3.30 3.30 4.07 4.07 4.07 3.49 4.04 4.04 4.04 4.04
6.30 6.30 6.30 6.30 6.31 7.20 6.31 6.31 6.56 6.56 7.68 7.71 7.70 6.54 6.54 8.40 9.04 8.38 8.38 8.38 8.22 8.22 8.35 8.96 8.66 8.66 8.66 8.66 8.24 8.14 12.55 3.21 9.40 7.34 6.97 10.22 8.97 8.02 7.65 10.37 7.73 6.99 8.33 8.70 8.38 7.73 7.81 11.44 7.90 7.10 8.19 7.90 7.93 7.36 7.36 7.36 4.94 4.94 4.94 3.71 3.73 3.73 3.73 3.73 4.77 4.40 6.01 5.14 5.14 4.40 5.04 5.19 4.14 3.30 3.30 3.30 4.07 4.07 3.77 3.49 4.04 4.04 4.04 4.04
6.30 6.30 6.30 6.30 6.31 7.20 6.31 6.31 6.56 6.56 6.56 6.56 6.54 6.54 6.90 9.88 8.38 8.38 8.38 8.38 8.37 11.87 7.32 9.09 8.66 8.55 8.66 8.66 8.66 7.38 7.94 11.00 9.07 9.44 6.68 8.02 11.65 10.22 8.66 8.49 7.77 7.77 7.77 7.77 7.36 8.55 8.15 9.39 9.39 7.94 7.57 7.57 7.94 6.73 7.93 7.93 4.94 4.94 4.94 4.94 3.73 3.73 3.73 3.73 4.82 5.51 4.03 8.77 7.65 9.14 5.51 5.61 4.12 3.30 3.30 3.30 4.07 3.61 4.07 4.07 4.04 4.04 4.04 4.04
6.30 6.30 6.30 6.30 6.31 7.94 6.31 6.31 6.56 6.56 6.56 6.56 6.54 6.54 6.54 8.24 8.38 8.20 8.38 8.38 8.37 8.09 8.22 8.22 8.64 9.20 8.99 8.55 8.55 7.38 8.64 8.64 8.42 8.42 6.68 7.81 6.80 10.22 8.66 8.66 8.14 8.33 7.77 8.76 8.18 8.18 7.81 6.62 9.39 11.57 11.57 7.57 2.62 6.99 7.87 7.94 6.15 5.68 5.31 4.94 3.73 3.73 3.73 3.73 3.75 5.14 7.93 4.77 5.51 4.77 4.49 4.82 3.58 3.58 3.30 3.30 4.12 4.07 4.07 3.49 4.04 4.04 4.04 4.04
6.35 6.35 6.35 6.35 6.35 6.35 6.35 6.35 6.60 6.60 6.60 6.60 6.55 6.55 6.55 6.55 6.51 8.19 8.38 8.38 8.36 8.36 8.22 8.36 8.64 8.64 8.44 8.44 8.63 9.20 9.20 8.63 8.39 8.39 8.39 7.17 7.17 10.43 9.19 9.03 7.36 8.72 7.81 7.81 7.93 7.93 7.93 7.93 6.62 7.97 9.52 11.57 10.99 9.15 7.36 7.73 5.14 5.51 3.73 4.82 3.74 3.74 5.14 5.14 5.51 7.65 1.47 5.14 6.05 5.88 4.11 3.74 3.28 3.28 4.97 3.86 4.05 4.05 4.05 4.05 4.07 4.07 4.07 4.07
6.35 6.35 6.35 6.35 6.35 7.25 6.35 6.35 6.60 6.60 6.60 6.60 6.55 6.55 6.55 6.55 6.51 8.83 8.19 8.38 8.36 8.36 8.36 8.36 8.64 8.64 8.64 8.44 8.63 8.51 9.20 9.20 8.62 8.62 8.39 8.39 7.17 7.29 12.22 8.59 8.72 8.34 7.81 7.81 7.93 7.93 7.93 7.93 8.60 6.99 7.97 8.05 10.62 10.62 9.88 9.32 4.77 4.77 5.51 5.14 5.19 4.77 5.51 5.41 5.14 5.10 1.84 4.03 4.09 4.03 3.36 3.99 3.28 3.28 3.28 3.28 3.48 4.05 4.05 4.05 4.07 4.07 4.07 4.07
6.35 6.35 6.35 6.35 6.35 6.35 6.35 6.35 6.60 6.60 6.60 6.60 6.55 6.55 6.55 6.55 6.85 8.19 8.19 8.22 8.09 8.36 8.36 9.02 8.64 8.53 9.09 8.44 8.63 8.63 8.63 9.15 8.62 9.30 8.62 8.62 6.63 9.56 8.97 8.59 8.34 7.81 7.81 7.81 7.93 7.93 7.93 7.93 8.34 8.60 8.05 8.05 6.62 8.24 8.24 5.79 8.18 9.19 4.03 5.51 5.14 5.14 5.51 4.03 8.40 4.10 4.03 4.47 4.80 5.14 4.77 3.74 4.14 3.56 3.28 3.28 4.05 4.05 4.05 4.05 3.78 4.07 4.07 4.07
6.35 6.35 6.35 6.35 6.35 6.35 6.35 6.35 6.60 6.60 6.60 6.60 6.55 6.55 6.55 6.55 6.51 8.22 8.22 8.22 8.22 8.22 8.36 6.63 6.81 8.64 8.44 8.44 8.41 8.41 8.41 8.41 8.39 8.39 9.08 8.62 6.63 8.97 9.19 8.96 7.81 7.81 7.81 7.81 7.93 7.94 7.94 7.36 9.05 8.68 7.64 7.97 8.42 8.79 8.42 5.81 5.19 4.77 8.40 8.40 5.14 5.51 5.51 4.84 7.65 4.77 4.77 4.40 5.88 5.14 5.38 4.82 3.63 3.28 3.28 3.28 4.05 4.05 4.05 4.05 4.07 4.07 4.07 4.07
6.37 6.37 6.37 6.37 6.36 7.26 6.36 6.36 6.60 6.60 6.60 6.60 6.54 6.54 6.54 6.54 7.67 7.61 8.22 7.61 8.22 6.50 6.50 7.68 8.11 6.82 8.46 8.46 8.44 8.44 8.44 8.44 9.19 9.19 9.19 8.39 8.39 10.95 9.31 8.39 7.89 7.89 7.89 7.89 7.96 7.94 7.96 8.68 3.47 3.10 8.01 8.05 9.16 7.73 8.42 7.30 4.77 4.77 5.14 5.14 8.40 8.77 5.58 5.51 9.51 2.33 6.42 5.51 5.57 4.77 4.82 5.43 4.09 4.09 4.09 4.09 4.07 4.07 4.07 3.49 3.28 3.28 3.28 3.28
6.37 7.28 6.37 6.37 6.36 6.36 6.36 6.36 6.60 6.60 6.60 7.52 6.54 6.54 6.54 6.54 6.50 7.61 7.61 7.61 7.67 6.50 6.50 6.50 6.71 6.71 8.46 8.46 8.44 8.44 8.44 8.44 8.39 8.39 8.62 8.39 8.39 8.39 8.75 8.39 7.89 7.89 7.89 7.89 8.05 8.05 7.94 8.05 8.31 7.36 7.36 8.42 6.99 7.36 8.42 7.31 5.41 5.08 5.88 6.25 3.32 4.06 9.51 9.14 8.35 5.14 4.40 4.77 4.77 4.77 4.82 3.72 3.51 4.09 4.09 4.09 4.07 4.07 4.07 4.07 3.28 3.28 3.28 3.28
5.74 5.74 5.74 5.74 5.72 6.71 6.71 7.46 5.85 5.85 7.86 6.68 5.80 5.80 5.80 5.80 5.76 5.76 6.48 5.76 5.76 5.76 5.76 5.76 5.86 5.86 5.86 5.86 7.24 7.24 7.24 7.24 7.19 7.19 7.19 7.19 7.19 7.19 7.19 7.19 6.90 6.90 6.90 6.90 6.81 7.18 7.18 7.55 7.88 5.98 5.98 5.61 6.81 6.81 6.81 5.55 4.81 4.25 5.36 4.72 5.09 4.31 5.83 4.35 7.24 7.19 4.25 4.62 4.25 4.25 4.26 4.16 3.58 3.58 3.58 3.58 3.56 3.56 3.56 3.56 3.59 3.59 3.59 3.59
5.74 5.74 5.74 5.74 5.72 5.72 5.72 5.72 5.85 5.85 5.85 5.85 6.64 6.64 6.64 6.62 5.76 5.76 5.76 5.76 5.76 5.76 5.76 5.76 5.86 5.86 5.86 5.86 5.85 5.85 7.24 7.24 7.19 7.19 7.19 7.19 7.19 7.19 7.19 7.19 6.90 6.90 6.90 7.18 7.18 6.81 7.18 7.10 6.81 6.94 7.31 7.18 6.81 6.81 5.55 5.45 4.72 4.72 4.62 4.62 5.09 6.20 4.72 4.48 4.11 6.87 4.62 4.62 4.25 4.62 4.16 4.16 3.58 3.58 3.58 3.58 3.56 3.56 3.56 3.52 3.59 3.59 3.59 3.95
5.72 5.72 7.22 6.53 5.68 6.87 5.68 5.68 5.80 5.80 5.80 5.80 5.77 5.77 5.77 5.77 5.76 5.76 5.76 5.76 5.77 5.77 5.77 5.77 5.90 5.90 5.90 5.90 5.88 5.88 5.88 7.29 7.23 7.23 7.23 7.23 7.25 7.25 7.25 7.25 6.91 6.91 6.91 6.67 6.81 6.81 5.61 7.10 6.89 6.89 7.26 7.26 6.94 5.61 5.55 5.55 4.72 4.81 4.26 4.63 5.04 4.85 4.25 4.62 7.74 4.62 4.62 4.25 4.25 4.62 4.53 4.16 3.59 3.59 3.59 3.59 3.58 3.58 3.52 3.52 3.60 3.60 3.60 3.96
5.72 5.72 5.72 5.72 5.68 5.68 6.49 5.68 5.80 5.80 5.80 5.80 5.77 5.77 5.77 5.77 5.76 5.76 6.59 5.76 5.77 5.77 5.77 5.77 5.90 5.90 5.90 5.90 5.88 5.88 5.88 7.29 7.23 7.23 7.23 7.23 7.25 7.25 7.25 7.48 6.91 6.91 6.91 6.67 6.81 6.64 6.90 6.90 6.89 4.81 6.89 7.26 2.42 5.98 5.92 5.55 4.81 4.81 4.62 4.48 3.98 3.74 4.25 4.62 8.25 4.62 4.62 4.25 4.25 4.16 4.16 3.61 3.96 3.59 4.38 3.59 3.58 3.52 3.98 3.52 3.96 3.60 3.60 3.96
5.72 7.22 5.72 5.72 5.68 5.68 6.49 5.68 5.80 5.80 5.80 6.48 5.94 5.77 5.77 5.77 5.76 6.48 6.48 5.76 5.77 5.77 5.77 5.77 5.90 5.90 5.90 5.90 5.88 5.88 5.88 5.88 7.23 7.23 7.23 7.23 7.25 7.25 7.25 7.25 6.91 6.91 6.91 7.15 6.81 6.90 6.90 4.81 4.81 4.81 4.81 7.26 6.72 7.09 1.96 5.45 4.72 4.81 3.74 4.48 4.48 3.24 3.98 7.61 7.88 4.11 4.62 4.25 4.26 4.25 3.24 3.61 2.53 2.53 3.59 3.59 3.58 4.03 3.58 3.58 3.60 3.60 3.96 3.96
5.72 5.72 5.72 5.72 5.68 5.68 5.68 5.68 5.80 5.80 5.80 6.48 6.48 5.77 5.77 5.77 6.04 6.48 5.76 5.76 5.77 5.77 5.77 5.77 5.90 5.90 5.90 5.90 5.88 6.72 5.88 5.88 5.84 7.23 7.72 7.23 7.25 7.25 7.25 7.25 6.91 6.91 6.91 6.67 7.31 6.90 8.54 4.81 4.81 4.81 6.89 7.26 6.46 2.79 5.89 5.38 4.72 4.26 4.25 4.62 4.25 4.25 1.34 7.98 3.74 4.25 4.25 5.10 4.53 4.25 4.25 3.56 3.59 4.04 3.59 3.59 3.50 3.58 3.58 3.58 3.60 3.60 3.96 3.96
5.70 5.70 6.51 5.70 5.65 5.65 5.65 5.65 5.78 5.78 6.72 6.80 5.77 5.77 5.77 5.77 6.98 6.48 6.30 5.76 5.78 5.78 5.78 7.31 5.91 5.91 5.91 5.91 6.73 5.89 5.89 5.89 5.87 7.28 7.28 7.28 7.29 7.29 7.29 7.29 6.89 6.89 6.89 6.89 6.86 6.86 8.14 4.81 4.81 4.81 6.90 7.27 7.06 6.19 5.45 5.45 4.26 4.25 4.25 4.25 3.98 3.98 1.34 5.34 3.98 3.98 3.74 4.25 3.61 3.24 4.62 4.62 3.50 3.60 3.60 3.50 5.28 3.50 3.50 3.52 3.62 3.62 3.97 4.71
5.70 5.70 5.70 5.70 5.65 5.65 5.65 5.65 5.78 5.78 7.11 6.80 7.15 7.15 8.60 5.77 6.72 6.85 5.63 5.76 5.78 5.78 5.78 5.78 5.91 5.91 5.91 5.91 5.89 5.89 5.89 5.89 5.87 7.28 7.28 7.28 7.29 7.29 7.29 7.29 6.89 4.81 4.81 4.81 6.86 8.14 5.63 4.81 4.81 4.81 7.10 6.90 6.69 6.19 5.55 5.55 4.25 4.25 4.25 4.25 3.61 4.48 1.34 7.56 4.62 4.62 3.24 4.25 4.73 4.25 4.25 4.62 3.46 2.53 3.60 2.90 5.87 8.90 6.24 3.50 3.50 3.62 3.97 3.27
5.70 5.70 5.70 5.70 5.65 5.65 5.65 6.45 5.78 7.16 7.16 7.35 7.34 7.15 7.64 6.80 7.14 5.76 6.72 6.72 5.78 5.78 5.78 5.78 5.91 5.91 5.91 5.91 5.89 5.89 5.89 5.89 5.87 5.87 7.28 7.28 7.29 7.29 7.29 7.29 6.89 4.81 4.81 4.81 4.81 4.81 4.81 4.81 4.81 4.81 6.90 6.90 7.49 5.45 5.55 5.92 7.74 4.25 4.25 3.24 3.61 3.61 3.98 7.24 4.25 4.25 4.26 4.25 4.73 4.25 4.25 4.25 3.46 3.04 3.73 2.90 9.61 5.28 8.90 5.28 2.53 2.53 2.53 6.39
5.70 5.70 5.70 5.70 5.65 5.65 6.45 5.65 5.78 5.78 7.16 7.35 7.34 7.15 6.80 7.34 7.14 7.34 6.72 6.72 5.78 5.78 5.78 5.78 5.91 5.91 5.91 6.75 6.73 5.89 5.89 5.89 5.87 7.28 7.28 7.28 7.29 7.29 7.29 7.29 6.89 4.81 4.81 4.81 4.81 4.81 4.81 4.81 4.81 6.90 6.90 6.81 6.67 5.45 5.92 4.79 8.62 7.88 3.24 3.61 1.71 3.61 4.25 8.25 4.11 3.98 4.26 4.26 4.26 4.26 4.25 4.25 3.50 3.60 3.50 3.04 9.29 5.28 5.50 8.90 5.28 5.28 5.66 7.50
5.72 5.72 5.72 5.72 5.67 5.67 5.67 5.67 5.78 5.78 5.78 7.17 7.13 7.13 6.96 7.42 7.13 7.33 7.33 5.75 5.79 5.79 5.79 5.79 6.77 5.93 5.93 6.78 5.93 5.93 5.93 5.93 5.91 7.34 7.34 7.34 7.32 7.32 7.32 7.32 6.86 4.81 4.81 4.81 5.61 6.32 6.69 6.32 6.91 6.91 6.91 7.11 7.13 5.45 5.92 5.92 4.62 4.25 7.88 3.98 4.35 3.61 7.19 4.11 4.48 5.22 5.37 4.25 4.25 4.26 4.25 4.25 3.50 3.52 3.52 3.46 5.28 5.66 5.66 8.90 5.28 3.50 7.13 8.90
5.72 5.72 5.72 5.72 5.67 5.67 6.48 5.67 5.78 5.78 6.06 7.17 7.33 6.96 6.96 6.38 7.33 7.33 7.33 5.75 5.79 5.79 5.79 5.79 6.75 5.93 6.78 5.93 5.93 5.93 5.93 5.93 5.91 7.34 7.34 7.34 7.32 7.32 7.32 7.32 6.86 8.14 4.81 5.61 5.61 6.81 7.22 6.81 6.91 6.91 6.81 6.81 6.81 4.05 4.42 5.92 4.72 4.81 4.25 8.99 7.98 5.34 7.98 4.99 4.62 5.73 4.62 4.25 4.25 4.26 4.25 4.73 3.50 3.50 2.53 2.53 2.53 6.16 8.90 6.16 8.90 7.13 3.50 3.50
5.72 5.72 5.72 5.72 5.67 5.67 5.67 5.67 6.61 5.78 5.78 7.17 7.33 6.80 6.80 6.80 7.33 7.13 7.36 5.75 5.79 5.79 5.79 5.79 5.93 5.93 5.93 5.93 5.93 5.93 5.93 5.93 5.91 7.34 7.34 7.34 7.32 7.32 7.32 7.83 6.86 8.14 4.81 4.81 6.85 6.85 6.85 6.85 6.91 6.91 6.81 6.81 5.55 5.55 5.55 5.55 5.18 7.73 6.99 3.98 3.61 4.85 9.09 5.09 4.35 4.72 4.72 4.62 4.62 4.26 4.25 4.25 3.50 3.50 2.53 2.53 3.50 3.50 2.53 2.53 9.27 5.28 5.28 3.50
6.14 6.09 5.72 5.72 5.67 5.67 5.67 5.67 6.61 5.78 5.78 7.17 7.33 6.80 7.41 6.80 7.28 7.33 7.13 5.75 5.79 5.79 5.79 5.79 5.93 5.93 5.93 5.93 5.93 5.93 5.93 5.93 7.34 7.34 7.34 7.34 7.32 7.32 7.83 7.32 6.86 6.86 4.81 4.81 6.81 6.85 6.85 6.85 6.91 6.81 6.81 6.81 5.55 5.55 5.55 7.64 7.73 6.72 7.36 3.24 0.97 3.98 6.08 7.98 9.09 8.35 5.71 8.48 7.98 7.88 7.88 7.88 3.50 2.53 2.53 2.92 3.50 2.53 6.54 6.16 7.50 9.28 8.90 5.28
7.59 5.74 5.74 5.74 5.68 7.16 5.68 6.52 5.76 5.76 5.76 6.96 5.59 6.80 6.80 6.96 6.96 6.96 7.11 5.74 5.80 5.80 5.80 5.80 7.40 5.95 5.95 5.95 5.97 5.97 7.42 7.42 7.42 7.42 7.42 7.42 7.37 7.37 7.37 7.37 6.84 6.84 6.84 6.84 6.82 6.82 6.82 6.82 6.81 6.81 6.81 6.81 5.55 5.45 5.55 7.64 9.61 10.99 10.99 7.74 6.87 7.74 7.61 7.61 5.46 5.36 4.62 4.99 3.61 4.26 4.26 4.25 2.53 2.53 2.53 2.53 3.50 3.50 3.50 2.53 7.50 5.87 5.50 8.90
5.74 7.79 6.56 5.74 5.68 5.68 5.68 6.30 5.76 5.76 5.76 6.96 6.80 6.80 6.80 6.96 6.96 6.96 7.11 5.74 5.80 5.80 5.80 7.20 7.40 7.92 5.95 5.95 7.42 7.42 7.42 7.42 7.42 7.42 7.42 7.42 7.37 7.37 7.37 7.37 6.84 6.84 6.84 6.84 6.82 6.82 6.82 6.82 6.81 6.81 6.81 6.81 5.55 5.55 7.64 10.15 9.98 11.23 6.72 4.30 3.93 4.35 8.72 7.61 5.22 3.98 4.25 4.25 4.25 4.25 4.25 4.25 2.53 2.53 2.53 2.76 3.50 3.87 3.87 2.53 9.28 5.87 5.28 5.28
4.90 5.43 5.31 5.31 5.57 4.89 4.89 4.89 4.86 4.86 6.14 5.42 5.42 4.75 5.89 5.89 5.89 5.89 5.89 4.84 4.90 4.90 4.90 5.98 6.18 6.18 5.07 5.07 6.19 7.27 6.19 6.19 6.19 6.19 6.19 6.19 6.15 6.15 6.15 6.54 6.08 5.76 5.76 5.76 5.74 5.74 5.74 5.19 5.37 5.37 5.37 5.19 6.51 5.45 10.14 9.45 10.62 6.22 5.85 3.69 3.69 4.43 8.06 7.51 7.10 4.22 4.06 3.69 3.69 3.69 3.69 3.69 3.76 3.76 3.76 4.13 3.76 4.13 2.91 5.65 9.28 9.28 5.65 6.09
4.90 4.42 5.16 4.94 4.89 4.89 4.89 4.89 4.86 5.93 5.93 5.93 5.89 5.89 5.89 5.89 5.89 5.89 5.89 5.89 4.90 4.90 4.90 5.98 6.18 6.18 6.18 6.18 6.19 6.19 6.19 6.19 6.19 6.19 6.19 6.19 6.51 6.15 6.15 6.15 5.76 5.76 5.76 5.76 5.74 5.74 5.74 5.74 5.37 5.37 5.37 6.51 6.51 6.51 6.88 10.19 6.59 7.54 7.17 3.69 4.06 3.69 3.69 4.43 7.51 7.10 4.43 4.06 3.69 3.69 3.69 3.69 3.76 3.34 4.13 4.02 3.65 2.91 2.91 5.65 7.24 9.28 5.65 6.50
4.93 4.93 8.93 5.30 4.88 4.88 4.88 5.56 4.85 6.25 5.91 5.91 5.87 5.87 5.87 5.87 6.24 6.24 5.89 5.89 4.89 4.89 5.58 5.96 7.32 6.54 6.17 6.17 6.22 6.22 6.22 6.22 6.59 6.22 6.22 6.22 6.51 6.14 6.14 6.14 5.75 5.75 5.75 5.75 5.72 5.85 5.72 5.72 5.79 5.19 5.19 4.31 4.31 5.92 6.51 10.51 6.80 7.17 4.06 3.69 6.80 6.43 3.69 4.43 4.22 7.48 3.85 4.06 3.69 3.69 3.69 3.69 3.76 3.76 3.34 4.02 4.50 3.76 2.91 5.65 9.65 5.65 6.50 6.50
5.61 7.67 8.90 5.43 4.88 6.14 4.88 4.88 4.85 5.91 5.91 5.91 5.87 5.98 5.87 5.87 5.89 6.32 6.24 5.89 5.96 4.89 4.89 4.89 6.17 6.17 6.17 8.82 6.22 6.59 6.22 6.22 6.22 6.22 6.22 6.22 6.14 6.14 6.14 6.14 5.75 5.75 5.75 5.75 5.72 5.72 5.72 5.72 5.79 5.79 6.11 4.87 4.92 3.38 6.66 5.83 6.43 6.25 6.43 6.43 6.43 6.43 3.69 4.43 4.25 7.51 4.22 3.69 3.69 3.69 4.06 4.06 3.76 3.76 3.65 3.65 3.76 2.91 2.91 9.28 9.65 7.24 6.87 6.87
5.06 5.43 8.69 5.06 4.88 4.88 4.88 4.88 4.85 4.85 5.91 5.91 5.98 5.98 6.21 5.87 5.89 5.89 5.89 5.89 5.96 4.89 4.89 4.89 5.07 6.17 6.17 8.60 8.63 8.63 6.22 6.22 6.22 6.22 6.59 6.22 6.14 6.51 6.14 6.14 5.75 5.75 5.75 5.75 5.72 5.72 5.72 5.72 5.79 5.79 5.79 4.87 4.92 4.68 6.88 5.83 6.43 5.85 6.80 6.43 6.80 6.80 4.06 4.06 3.51 6.77 4.59 4.43 3.69 3.69 4.80 3.11 3.76 3.65 3.65 3.76 4.13 3.76 5.65 7.24 5.65 6.87 7.61 7.61
5.06 5.06 5.06 8.56 4.88 4.88 5.56 4.88 4.85 4.85 5.91 4.75 5.87 5.87 5.87 5.87 5.89 5.89 5.89 5.89 5.96 5.96 4.89 4.89 5.75 6.17 6.17 6.17 8.63 8.63 8.63 6.22 6.22 6.22 6.22 6.22 6.14 6.14 6.14 6.14 6.15 6.08 5.75 5.75 5.72 5.72 5.85 5.85 5.88 5.88 5.79 4.87 4.92 4.31 6.51 6.51 6.43 6.43 6.80 6.80 6.96 6.59 4.25 4.43 4.43 7.48 4.22 4.43 4.06 4.43 4.59 3.51 2.91 3.23 3.65 2.91 4.50 3.34 9.65 5.65 5.65 6.39 6.39 7.98
5.06 5.06 5.49 8.54 5.25 5.25 4.88 4.88 4.83 4.83 5.87 5.87 5.85 5.85 5.85 5.85 5.90 5.90 5.90 5.90 5.94 5.94 5.94 4.87 5.05 6.15 6.15 6.15 6.58 8.63 8.63 6.22 6.21 6.21 6.21 6.21 6.11 6.11 6.11 6.11 5.74 5.74 5.74 5.74 5.72 5.72 5.72 5.37 5.37 5.37 5.75 4.31 4.31 4.31 6.48 6.48 6.41 6.43 5.85 6.59 6.59 6.80 4.06 4.43 4.43 7.11 3.51 4.06 4.25 4.22 3.85 4.06 3.34 2.91 3.76 3.28 4.02 6.83 10.76 6.39 6.87 10.46 6.09 4.13
5.06 5.06 5.06 7.68 5.43 5.25 4.88 4.88 5.51 4.83 5.87 5.87 5.85 5.85 5.85 5.85 5.90 5.90 5.90 5.90 5.94 5.94 5.94 4.87 5.05 6.15 6.15 6.15 6.22 6.22 8.63 6.22 6.21 6.21 6.21 6.21 6.11 6.55 6.46 6.11 5.74 5.74 5.74 5.55 5.72 5.72 5.72 5.19 5.37 5.37 4.31 4.31 4.31 6.49 6.49 6.98 6.41 6.43 6.43 6.25 5.85 6.43 6.80 5.17 5.17 4.06 6.73 4.06 3.85 3.85 3.69 4.06 4.13 3.76 3.76 2.91 6.39 10.02 10.39 6.39 6.50 6.50 3.71 4.13
