New_Model_Runs/16_Future_RCP8.5_Scn3_out/post_prcessed_with_MFR/Monthly_summaries/net_infiltration_monthly_DEC.asc
NCOLS 700
NROWS 400
XLLCENTER 515000.000000
YLLCENTER 8409000.000000
CELLSIZE 50.000000
NODATA_value -999.000000
[rows 266 to 303 of 400, columns 168 to 251 of 700]
4.69 5.43 5.43 8.82 4.69 5.95 5.95 5.95 5.74 5.94 6.89 6.89 6.85 6.85 6.85 6.85 6.92 6.92 6.92 6.92 6.98 6.98 6.98 5.81 5.93 5.93 7.08 7.08 7.17 7.17 5.55 9.74 7.53 7.53 7.16 7.52 7.02 7.02 7.02 7.02 6.74 6.74 6.74 5.04 6.71 6.71 6.71 6.71 5.08 5.04 4.82 4.82 4.97 4.97 7.61 7.61 7.49 7.52 7.49 7.49 7.87 7.49 7.87 8.24 5.49 4.28 7.54 5.12 5.12 5.12 4.75 5.12 3.01 3.21 3.01 3.21 9.95 8.34 3.97 3.91 3.91 3.91 4.35 3.91
4.75 5.13 5.13 6.84 4.69 4.84 5.95 5.95 5.74 5.74 6.89 6.89 6.85 6.85 6.85 6.85 6.92 6.92 6.92 6.92 6.98 6.98 6.98 5.81 5.93 5.93 7.08 7.08 7.17 7.17 5.55 9.25 8.74 7.16 7.16 7.16 7.02 7.02 7.38 7.02 6.74 6.74 6.74 6.74 5.04 6.71 6.71 6.71 6.75 5.04 5.13 5.13 5.13 5.13 5.13 7.61 7.49 7.87 7.03 7.49 7.15 7.49 7.49 7.72 7.49 5.49 7.87 4.28 4.75 4.75 4.75 4.75 2.60 3.95 3.75 10.69 5.45 3.92 3.53 3.55 3.18 4.65 4.28 4.28
5.50 5.13 8.38 7.85 5.33 4.82 6.55 5.90 5.94 5.94 6.96 6.96 6.85 6.85 7.55 6.85 6.97 6.97 6.97 6.97 7.01 7.01 7.01 5.84 5.93 7.07 7.07 7.07 7.15 7.15 5.55 8.57 8.37 5.51 7.14 7.14 7.14 7.14 7.14 7.14 6.73 6.73 6.73 6.73 5.08 5.08 6.72 5.08 5.08 5.04 5.13 5.13 5.13 4.82 6.77 5.13 7.49 7.49 8.24 7.87 7.49 7.49 7.49 6.29 6.24 4.28 7.54 4.28 3.87 4.75 4.75 4.75 2.84 3.21 9.95 5.82 8.95 3.91 3.60 5.39 4.65 3.60 3.55 4.28
5.12 4.38 7.85 4.59 5.13 4.75 6.70 6.55 6.77 6.33 7.13 6.96 6.85 6.85 6.85 7.21 6.97 6.97 6.97 6.97 7.01 7.01 6.48 5.84 5.93 7.07 7.07 7.07 7.15 9.52 9.52 8.69 8.37 7.14 7.14 7.14 7.14 7.14 7.14 7.14 6.73 5.08 5.08 6.73 5.04 5.08 5.08 5.08 5.08 5.04 4.82 5.13 6.39 6.39 6.39 5.13 7.49 7.49 6.55 7.87 7.49 7.49 7.49 7.49 7.49 5.12 3.54 7.50 3.54 4.75 3.50 4.75 3.98 2.64 10.13 7.07 6.72 3.91 4.65 4.65 3.91 3.91 2.81 4.92
5.13 8.75 8.22 5.50 4.75 4.75 6.55 6.55 6.33 6.36 7.43 5.44 5.44 5.47 6.85 6.85 6.97 6.97 6.97 6.97 8.21 5.84 5.84 5.84 5.93 7.07 7.07 7.07 9.52 9.52 8.37 8.36 8.37 7.14 7.14 7.14 7.14 7.14 7.14 7.14 6.97 5.08 5.08 5.08 5.04 5.04 5.08 4.83 4.17 5.13 6.35 6.35 6.39 6.39 5.13 5.13 7.49 7.49 7.87 4.62 4.62 4.62 7.49 7.49 6.98 8.24 4.75 7.13 10.77 7.15 6.24 4.40 3.21 6.84 6.50 7.09 3.91 3.91 4.28 4.65 3.91 3.91 3.91 5.46
4.75 7.48 2.53 5.50 4.75 4.75 6.55 6.55 6.33 6.33 6.55 5.44 5.44 5.44 7.10 7.10 6.97 9.34 9.34 2.49 6.14 5.84 5.84 5.84 5.93 7.07 7.07 7.07 8.37 8.37 8.37 8.74 8.37 8.37 7.14 7.14 7.14 7.14 7.14 7.14 5.04 5.08 5.04 5.08 5.08 5.04 5.08 4.46 7.10 6.35 6.35 6.45 6.39 6.39 5.13 5.13 7.49 7.49 4.23 5.64 8.24 8.24 8.61 10.61 12.51 12.88 10.98 11.12 9.92 10.77 6.24 3.81 6.70 10.13 6.46 6.72 3.91 3.91 5.02 3.97 3.91 3.91 4.14 5.46
5.13 8.38 4.96 5.87 6.40 6.40 6.40 6.40 6.25 6.96 5.44 5.44 7.23 7.07 7.07 7.07 5.44 8.25 8.25 8.25 4.84 6.12 6.15 5.85 6.85 11.27 10.28 10.03 10.03 10.03 10.03 10.03 10.03 10.03 6.41 7.53 7.58 7.58 7.58 7.58 7.05 7.05 6.42 6.11 6.42 6.11 6.42 5.44 5.44 7.05 6.29 6.29 6.32 6.32 5.13 5.13 7.49 4.99 5.42 5.05 8.24 4.99 5.36 6.61 7.77 7.14 5.66 6.29 7.87 9.87 9.87 6.29 9.01 9.39 9.58 6.72 2.81 3.91 5.39 3.92 2.81 3.91 4.14 5.44
5.07 7.48 5.87 7.29 6.40 6.76 6.40 6.52 6.28 6.96 5.44 5.44 7.23 7.21 7.20 7.07 7.23 8.27 8.17 8.25 9.52 8.06 11.31 10.85 10.47 8.53 13.66 13.66 10.03 10.03 9.85 10.03 10.03 10.03 10.03 6.65 6.65 6.95 7.58 7.58 7.05 7.05 6.42 6.42 6.53 6.42 6.79 7.27 7.79 7.05 7.05 6.39 6.32 4.82 5.13 6.32 5.02 7.54 3.86 3.86 3.86 3.91 4.99 3.54 3.86 4.92 7.03 7.49 9.11 8.76 9.81 7.44 7.59 6.13 5.95 6.81 6.81 7.54 7.91 7.18 6.49 2.86 3.19 4.14
0.88 6.84 3.95 6.37 5.65 5.65 5.65 3.98 4.11 4.60 4.60 5.56 6.18 6.18 6.18 6.18 6.32 9.24 7.97 7.49 8.94 9.67 10.25 6.14 7.45 7.45 7.45 9.14 12.47 8.85 9.10 9.10 8.85 8.85 9.48 5.02 5.76 6.63 6.63 6.44 6.02 5.06 5.06 5.39 5.39 5.39 5.51 5.11 5.11 5.56 6.17 5.39 5.43 5.43 4.17 4.17 5.34 9.71 3.92 3.92 3.19 3.19 3.19 3.68 3.92 3.25 3.25 2.88 5.62 7.23 7.23 7.60 4.18 5.05 3.74 3.37 6.71 2.74 3.37 3.74 2.71 6.00 7.00 3.88
0.88 7.95 4.69 6.00 5.65 3.98 4.00 3.98 4.60 4.60 4.53 4.60 4.60 6.18 6.18 6.18 6.32 9.24 7.49 7.49 8.94 9.67 7.50 7.50 7.45 7.45 7.45 7.45 12.47 12.79 8.85 9.10 8.85 9.00 7.93 9.71 6.63 5.44 6.63 6.63 6.18 6.18 5.39 5.39 5.39 5.39 5.39 9.02 5.39 6.13 5.39 5.39 5.39 4.17 4.17 5.43 5.34 5.71 7.54 4.29 3.25 2.82 3.68 3.92 3.92 3.19 2.88 3.25 6.88 7.25 2.35 2.35 3.48 3.74 3.37 3.37 7.00 7.37 3.37 3.14 3.14 4.41 4.41 6.33
4.88 3.95 4.69 6.29 5.58 5.76 5.76 3.98 4.60 4.60 4.60 4.60 6.16 6.16 6.16 6.16 6.28 6.28 7.49 8.94 9.77 7.43 7.46 7.50 7.45 7.45 7.45 7.45 5.51 12.73 8.85 8.85 8.85 9.10 9.22 8.12 5.76 6.61 6.86 6.61 5.06 6.22 5.39 5.39 5.39 5.39 6.12 5.39 8.36 5.05 5.76 5.39 5.39 5.39 5.39 4.17 5.32 4.13 6.51 3.92 3.92 3.92 3.68 2.88 4.37 5.04 4.37 6.81 7.18 2.35 5.11 4.00 3.11 2.34 3.37 3.37 3.74 3.23 3.74 3.14 3.14 3.37 3.37 2.34
4.00 4.16 4.16 5.55 5.58 5.58 5.64 4.47 4.60 4.60 4.60 4.11 5.58 6.16 6.16 6.16 6.28 6.28 9.21 7.80 7.50 7.50 7.50 7.50 7.45 7.45 7.45 7.45 9.10 12.73 8.85 8.85 8.85 9.48 8.30 8.34 5.81 6.61 5.76 5.44 6.15 5.39 5.46 5.39 6.12 6.12 6.12 6.12 9.02 5.76 5.76 5.76 5.39 5.39 5.39 5.39 4.13 4.50 2.88 2.88 2.88 3.92 4.06 3.63 2.35 5.48 7.93 7.59 7.62 8.66 3.92 2.82 3.79 3.04 3.37 3.37 3.37 4.11 2.74 2.34 2.71 3.37 3.37 3.14
0.51 4.16 4.16 5.55 5.80 4.00 4.00 4.40 4.60 4.60 5.65 5.65 5.58 5.58 5.58 6.16 6.28 6.13 5.68 9.60 7.50 7.50 7.50 7.50 7.45 7.45 7.45 7.45 9.10 12.73 9.58 10.45 9.59 9.59 7.93 7.93 5.44 6.61 6.61 5.76 5.39 5.51 6.15 6.15 6.12 6.12 6.12 6.12 9.78 4.74 6.13 5.43 5.39 5.39 5.39 5.39 5.31 3.52 4.29 2.88 6.51 7.31 7.68 3.63 4.37 5.23 4.86 2.35 7.54 3.92 6.81 3.68 2.37 3.11 3.11 3.08 4.21 3.74 3.37 3.74 3.51 3.37 3.37 3.37
3.06 3.43 4.16 3.98 5.58 3.98 4.18 3.98 4.53 4.13 5.65 5.65 5.58 5.58 5.58 5.58 5.68 5.68 5.68 6.07 7.50 7.50 7.50 7.50 7.45 7.45 7.45 7.45 7.45 12.73 9.58 7.75 9.59 9.96 9.48 5.76 6.61 6.42 5.76 5.44 5.39 5.39 6.15 6.15 6.12 6.12 6.12 6.12 6.15 9.02 5.39 5.06 5.39 5.76 5.76 5.39 5.00 5.02 3.92 3.92 3.92 6.51 6.51 7.25 7.25 5.98 2.35 2.35 4.37 3.88 4.66 3.68 2.34 2.71 3.43 2.71 4.11 3.74 3.37 3.37 3.37 3.37 3.37 2.37
3.80 3.58 4.53 3.79 5.55 5.55 5.55 4.00 5.68 5.68 5.68 5.68 4.13 5.44 5.60 5.60 5.65 5.65 4.11 5.67 7.98 7.50 7.50 7.50 7.45 7.45 7.45 7.45 7.82 13.53 7.93 8.30 10.28 8.49 8.30 6.13 6.39 5.76 5.76 5.76 5.39 6.13 6.13 6.13 6.11 6.11 6.11 6.11 6.14 9.02 5.39 5.06 5.46 5.76 5.76 5.39 5.19 5.29 5.29 4.29 4.29 4.29 3.25 5.61 4.37 2.35 3.63 3.63 4.29 3.92 3.92 3.92 3.14 3.14 3.14 3.74 3.37 3.37 3.37 3.37 3.37 3.37 3.37 3.37
3.58 3.95 3.95 3.21 5.55 5.55 5.55 5.55 2.63 5.68 5.68 9.21 7.49 6.84 3.90 5.97 4.48 5.65 6.04 5.41 9.20 7.50 7.50 7.50 7.45 7.40 7.45 7.45 5.88 13.10 13.10 8.67 9.22 9.24 10.22 5.76 5.76 5.76 5.76 5.76 5.39 6.13 5.39 6.50 6.48 6.11 5.39 5.39 6.88 9.02 5.39 5.39 5.76 4.62 5.39 5.07 5.02 5.02 5.02 5.39 4.36 3.64 7.27 4.37 4.37 2.82 3.92 2.82 3.92 3.92 3.92 3.68 3.14 3.14 3.37 3.37 3.37 3.37 3.14 3.14 3.14 3.37 3.37 4.21
3.80 4.54 4.32 3.95 6.11 5.55 5.55 5.55 2.63 5.68 9.21 9.96 7.49 7.86 7.46 7.08 6.84 7.83 9.31 9.09 9.57 9.20 9.57 7.50 5.55 5.88 9.10 9.10 8.85 9.10 11.93 8.30 8.42 9.41 5.78 5.76 5.84 5.76 5.76 5.76 6.13 5.39 5.39 5.39 6.11 5.39 5.06 5.76 6.13 9.02 5.39 5.39 5.76 4.74 4.37 7.58 5.02 5.02 4.86 5.02 5.53 3.27 4.50 1.98 3.92 4.33 3.92 3.92 4.09 3.92 3.92 3.68 3.14 3.37 3.37 3.37 3.37 3.37 2.71 3.74 3.14 3.37 3.37 3.37
4.16 5.28 3.58 1.59 3.58 5.55 5.55 5.92 6.05 5.68 9.21 9.21 9.13 9.13 7.39 5.52 7.45 8.57 9.09 5.61 8.94 9.09 8.70 4.82 2.43 8.67 9.48 9.48 8.67 9.85 6.43 5.88 5.88 6.33 6.82 5.76 5.76 5.76 5.76 5.76 6.13 6.13 6.13 6.13 5.39 5.39 5.39 5.39 5.39 9.39 8.25 4.30 6.78 4.62 6.54 9.79 7.60 3.97 4.86 5.02 5.15 4.10 7.27 7.27 4.29 3.92 3.92 3.92 3.92 3.92 3.92 3.68 3.51 3.14 3.37 3.37 3.37 3.37 3.08 4.11 3.37 3.37 3.37 3.37
4.25 3.55 3.76 2.80 4.94 5.93 5.85 3.80 13.45 9.08 9.46 9.08 9.50 9.50 5.52 9.89 11.21 11.21 12.67 12.35 9.61 9.19 8.95 8.82 9.88 9.68 9.22 5.69 5.69 9.14 6.43 6.62 7.68 3.91 7.16 6.42 5.76 5.76 6.54 6.54 6.15 5.06 6.15 5.39 5.39 5.39 5.39 4.37 5.39 5.06 9.06 7.99 6.14 6.51 6.88 5.76 5.31 7.60 5.02 5.15 5.15 4.10 9.15 7.99 6.88 4.29 3.92 2.81 3.92 3.92 3.92 4.25 3.74 3.37 3.37 3.37 3.37 3.14 3.14 3.37 3.37 3.37 3.37 3.37
3.92 4.13 4.51 3.76 3.33 6.12 3.13 6.96 7.08 10.71 7.02 9.46 11.58 8.01 8.38 2.72 7.51 7.88 5.93 6.30 5.93 5.04 5.04 5.04 7.43 7.64 3.17 2.47 4.59 5.69 7.17 7.54 10.25 3.91 6.50 5.76 6.39 6.54 6.54 6.54 6.15 5.06 5.39 5.39 5.06 5.39 5.39 4.37 5.39 5.39 5.39 5.58 9.02 10.83 5.48 5.39 5.31 7.96 7.60 5.02 5.15 4.10 7.73 4.90 7.31 3.25 3.54 3.25 2.88 3.92 3.92 3.68 3.37 3.37 3.74 3.14 3.14 3.14 3.14 3.37 3.37 3.37 3.37 3.37
3.92 4.13 4.51 4.13 3.76 3.98 3.06 6.96 8.95 8.13 10.97 8.27 8.01 2.35 5.13 3.82 1.61 6.45 6.60 6.41 6.41 6.41 5.04 4.82 5.51 5.33 2.80 5.70 4.59 5.88 4.65 7.36 3.54 10.25 3.17 5.14 5.31 5.31 5.31 5.58 6.15 5.06 5.06 5.06 5.39 5.39 5.80 5.39 6.13 6.13 6.13 5.39 6.14 6.14 9.39 9.39 9.68 9.31 8.94 7.60 7.60 8.10 8.17 5.15 5.27 7.18 4.37 3.63 3.92 2.88 3.92 3.68 3.74 3.74 4.11 3.14 3.14 3.14 3.37 3.42 2.56 3.44 3.42 3.79
7.91 7.17 3.70 3.17 4.51 4.10 3.17 3.39 6.71 10.63 9.50 4.76 5.13 3.09 4.76 3.82 3.14 4.67 6.39 6.39 6.04 5.95 5.04 6.04 4.77 5.84 5.51 4.96 5.33 3.17 2.80 6.00 6.99 6.07 8.77 6.31 5.94 5.57 5.31 5.31 5.59 6.15 5.06 5.06 6.10 6.13 4.68 5.11 4.99 6.13 6.86 6.23 6.14 6.14 6.51 6.51 5.82 6.42 6.05 5.68 5.01 8.10 7.73 5.15 4.95 8.86 4.29 4.29 4.29 3.92 3.92 3.92 3.11 3.48 3.74 3.37 3.37 3.14 3.42 3.42 3.79 2.56 2.19 7.05
2.69 2.32 7.26 7.54 7.35 3.39 1.21 7.39 7.36 5.22 5.01 4.67 4.56 4.27 4.38 3.93 3.14 4.67 6.00 7.12 6.04 5.04 6.28 5.67 5.31 5.57 4.77 5.14 6.31 5.51 5.70 5.33 5.94 9.94 6.06 6.00 5.33 5.69 5.70 5.57 4.95 5.89 6.21 5.39 6.10 6.47 4.05 3.68 5.39 5.39 6.06 6.06 5.39 5.39 6.50 6.62 5.31 4.70 6.11 6.11 5.74 5.23 4.54 4.21 4.58 5.52 6.13 3.92 3.19 4.29 3.92 3.92 3.37 4.11 3.14 3.79 2.56 2.93 3.42 3.50 2.56 2.56 5.82 5.82
3.39 3.62 4.13 3.92 7.54 7.17 7.91 5.96 5.61 3.14 3.90 4.67 1.98 3.64 4.27 3.90 2.38 6.00 6.13 5.04 4.82 4.82 6.04 5.67 5.31 5.31 5.57 5.57 5.75 5.33 5.33 5.94 6.31 9.57 5.14 5.14 5.57 5.57 5.57 5.57 5.22 5.22 5.64 6.21 6.10 5.05 3.68 3.68 5.39 6.06 6.06 6.06 6.13 6.13 6.13 6.13 5.99 4.26 6.42 5.68 5.26 8.10 5.15 5.15 4.21 4.21 5.32 5.15 3.92 3.92 3.92 3.68 3.42 3.07 3.07 3.79 6.56 2.99 2.56 2.19 6.19 5.82 2.19 2.34
3.25 3.62 3.99 3.75 3.11 7.57 6.68 7.48 6.22 5.85 6.54 6.99 3.36 3.58 4.10 3.73 3.39 4.84 5.55 5.55 5.57 4.84 5.12 5.12 4.66 4.66 4.94 4.94 4.94 5.68 6.05 4.94 4.94 8.57 4.94 5.12 3.83 5.31 4.94 4.66 4.38 4.66 4.81 5.76 5.65 5.65 5.65 5.65 5.61 5.61 5.42 5.61 5.68 5.68 4.41 4.41 5.55 5.55 4.10 1.86 7.60 4.59 4.96 3.97 4.34 4.00 3.63 3.63 5.28 3.11 3.11 3.11 2.99 3.05 2.99 2.99 7.70 5.45 6.99 5.82 1.82 1.82 1.98 1.98
3.25 3.20 6.88 6.37 7.11 3.62 4.25 4.22 4.70 6.59 3.68 3.31 6.57 6.84 3.36 3.73 4.84 4.84 5.12 5.12 5.57 5.57 5.12 4.84 4.94 4.66 4.94 4.94 4.94 4.94 4.94 5.68 4.57 8.30 4.61 5.31 5.31 1.52 4.94 4.66 4.66 4.38 4.81 5.76 5.44 4.41 5.65 5.65 5.61 5.61 5.61 5.61 5.68 5.68 5.68 4.41 5.34 5.55 4.47 1.86 4.71 3.60 4.59 4.96 5.49 4.96 4.59 4.96 5.65 4.29 3.48 3.48 2.65 2.99 3.36 5.82 4.26 8.26 7.73 2.93 2.19 1.98 1.98 1.98
3.62 6.74 6.37 4.36 3.62 3.62 3.99 3.62 5.21 7.58 4.47 3.73 3.36 2.22 6.99 6.10 5.12 4.84 5.12 6.06 5.54 5.54 5.54 5.12 4.94 4.94 4.94 4.94 4.94 4.94 4.94 4.94 4.94 8.30 5.31 4.94 4.94 4.94 4.94 4.94 4.66 4.66 4.66 5.75 5.64 4.81 5.64 5.64 5.61 5.61 5.61 5.61 5.70 5.70 5.70 5.70 5.53 4.72 4.10 1.49 7.22 4.59 4.59 4.59 4.59 4.59 4.59 4.59 5.64 5.27 4.29 3.48 2.99 3.36 6.62 4.63 4.26 3.73 7.05 6.35 2.73 1.98 1.98 1.98
6.37 6.51 3.48 4.22 3.11 3.25 3.99 3.11 3.36 6.84 3.73 3.36 3.36 4.13 3.36 2.62 7.98 9.11 5.49 5.49 5.12 5.12 5.05 5.12 4.94 4.94 4.94 4.94 4.94 4.94 4.94 5.31 7.56 4.57 5.68 4.94 4.94 5.12 5.12 4.94 4.66 4.66 4.66 5.32 5.64 5.64 5.64 5.64 5.61 5.61 5.61 5.61 5.70 5.70 5.94 5.70 5.53 5.33 3.73 3.73 7.22 4.59 4.59 3.97 4.96 4.59 4.59 5.38 5.27 5.27 5.27 4.96 3.36 3.73 8.26 4.26 2.99 1.94 3.13 7.13 2.73 2.73 2.35 1.98
1.94 7.11 3.99 4.60 3.48 2.88 3.25 3.62 3.73 2.62 6.99 3.36 3.36 3.73 2.84 3.76 2.68 2.68 9.09 4.04 4.48 4.48 5.95 5.49 5.31 4.57 4.67 4.94 4.94 4.94 5.68 4.57 7.82 5.31 5.31 4.66 4.94 4.94 5.07 4.94 4.66 4.66 4.66 2.52 2.52 5.64 5.64 5.64 5.61 5.61 5.61 5.61 5.70 5.70 5.70 5.70 5.53 5.53 3.73 3.73 4.71 4.96 5.33 2.19 4.34 3.63 3.63 3.63 5.27 4.32 4.32 4.59 4.95 5.35 7.89 4.26 3.73 2.35 2.39 6.76 6.35 1.72 1.35 1.98
4.05 8.22 3.85 4.73 3.62 3.25 3.25 3.25 4.10 2.99 6.10 2.84 3.73 2.47 3.39 3.39 5.86 5.46 4.16 6.30 8.47 3.98 2.81 5.83 5.31 5.41 4.61 4.94 4.94 3.93 4.30 4.20 7.82 5.31 5.68 5.31 4.94 3.83 4.30 5.10 4.66 4.66 4.66 2.52 2.52 2.52 2.52 3.18 3.18 5.61 5.61 5.61 4.81 4.81 5.70 5.70 5.53 5.53 5.53 5.53 7.22 4.69 4.96 3.97 3.60 3.60 3.63 4.59 3.63 3.60 4.59 4.59 3.92 3.92 8.61 2.19 2.56 1.82 2.31 3.13 6.34 5.65 2.02 1.98
7.67 4.97 7.62 3.25 2.51 3.25 3.25 3.25 3.73 3.73 3.36 2.47 2.99 3.36 3.39 5.12 5.86 6.33 6.20 7.31 4.16 9.09 7.98 4.04 5.68 5.35 5.86 4.94 4.94 4.66 4.66 3.83 8.19 4.94 5.31 5.31 4.94 5.31 4.30 4.24 5.41 3.95 4.66 3.54 2.52 2.52 2.52 2.52 3.18 5.64 5.64 5.64 4.81 5.66 5.69 4.47 5.49 5.51 5.49 5.49 8.86 3.80 4.59 4.59 4.59 4.59 4.00 4.00 3.63 5.26 5.63 4.69 4.21 4.21 7.84 4.21 1.82 1.82 1.82 3.73 3.13 6.02 2.95 1.98
6.19 7.11 6.61 2.88 3.11 3.25 3.25 3.25 3.36 3.73 3.87 3.46 2.95 3.73 3.73 4.48 5.86 6.94 5.86 6.23 5.83 7.68 6.94 7.98 8.56 3.87 4.61 6.05 5.68 4.20 5.31 4.66 8.61 5.31 5.31 4.94 4.30 5.03 4.94 5.49 4.66 4.75 4.38 4.38 4.66 2.52 2.52 2.52 2.52 5.64 5.64 5.64 5.66 5.66 4.53 5.66 5.49 5.49 5.49 5.23 7.22 1.08 4.59 4.59 4.59 4.59 4.96 4.69 3.63 4.59 3.97 4.00 4.21 4.58 8.21 4.21 4.21 2.99 1.94 2.31 2.68 2.76 6.02 2.95
7.99 3.11 2.88 6.14 3.25 3.62 3.62 3.25 3.36 4.10 3.21 2.47 3.73 3.73 3.76 4.35 4.04 5.86 5.12 5.12 5.12 6.60 5.86 4.41 4.98 8.19 4.57 4.87 4.20 5.68 4.57 4.57 9.31 8.19 4.94 5.68 5.04 4.67 5.68 5.31 4.38 4.38 4.66 4.38 4.38 4.66 2.52 5.34 5.30 5.64 5.64 5.64 5.66 5.66 4.81 5.66 5.49 5.49 4.72 4.96 7.22 3.63 4.59 4.59 4.34 5.33 4.59 4.59 4.59 4.59 4.59 4.59 4.21 4.95 7.59 4.58 3.60 0.97 0.58 2.31 3.73 6.95 5.65 6.58
3.99 4.36 3.25 5.45 7.62 3.25 3.62 3.99 4.10 3.73 4.10 3.21 3.21 4.10 3.73 4.85 5.22 4.48 4.72 5.86 5.49 5.12 5.12 5.12 6.05 4.98 7.45 7.82 4.67 2.26 4.67 3.37 5.22 5.89 9.49 5.31 4.30 4.30 4.94 5.03 4.38 4.66 4.66 4.66 4.38 4.66 4.66 4.66 4.66 4.66 4.81 5.64 5.66 5.66 5.66 5.66 3.19 3.19 4.69 5.60 8.22 3.63 4.59 5.33 4.74 4.37 4.00 4.59 4.59 4.96 4.96 4.59 7.84 4.34 8.33 3.54 3.91 3.97 2.08 3.36 5.94 6.02 1.98 2.02
3.62 3.62 3.99 2.19 6.37 6.88 7.25 6.74 7.58 4.10 3.36 3.36 4.10 3.76 3.21 5.09 4.48 4.48 4.85 6.97 4.72 5.12 5.12 5.12 4.94 4.94 4.57 2.63 8.94 7.93 8.30 8.98 9.31 5.89 7.82 9.49 4.94 4.20 5.31 4.94 4.38 4.38 4.66 4.66 4.38 4.66 4.66 4.66 4.66 4.66 4.66 4.66 5.30 5.64 5.64 5.64 4.40 4.32 4.32 5.21 8.22 4.59 4.96 5.70 4.96 4.59 4.59 4.59 3.97 5.33 4.96 4.59 8.21 8.33 7.96 3.97 3.60 5.08 3.19 5.34 4.21 1.79 1.97 1.97
3.25 3.25 3.25 2.74 6.00 6.51 3.25 3.62 4.10 3.73 3.39 2.99 3.39 3.39 5.21 5.49 5.46 5.09 5.46 5.97 5.86 4.84 5.21 4.85 5.31 4.94 5.68 5.31 6.05 9.31 5.08 4.57 4.30 4.57 4.57 8.56 5.15 5.68 4.94 4.94 4.66 3.58 3.95 4.75 4.38 4.66 3.65 3.65 4.66 5.20 5.03 4.66 4.66 5.39 5.64 5.64 4.32 4.32 4.59 4.59 7.22 4.59 4.59 5.33 5.11 5.33 4.59 4.59 4.08 3.97 3.97 4.37 2.45 1.71 6.85 4.33 7.96 7.59 7.96 0.97 3.60 2.68 2.34 1.98
3.62 3.25 3.62 3.25 2.37 4.34 2.51 3.25 3.36 3.73 3.95 3.58 1.48 3.73 5.12 4.72 6.20 5.83 5.83 5.86 5.25 4.84 4.84 5.86 5.31 5.31 4.98 6.05 5.31 7.82 5.31 5.31 5.68 4.57 5.68 6.05 4.94 7.82 5.56 5.68 4.66 3.65 4.02 3.65 4.38 4.66 4.02 4.02 3.59 5.03 4.02 4.65 5.19 4.66 5.64 5.39 4.59 4.32 4.59 4.59 7.22 4.59 4.59 4.96 5.70 4.96 4.59 4.96 4.96 4.96 4.96 4.96 4.34 2.08 7.22 7.59 7.59 3.15 3.12 1.71 2.45 3.87 2.76 3.13
3.62 2.74 3.99 3.25 2.37 0.71 6.51 2.88 3.36 3.73 3.21 4.70 4.33 3.76 5.12 5.12 5.09 5.09 4.87 5.49 5.12 5.12 4.11 5.12 5.31 4.57 4.94 6.05 7.82 4.94 5.31 4.66 5.31 5.31 4.94 4.94 5.31 5.41 8.67 5.15 7.22 7.28 4.66 5.03 5.03 4.66 5.03 5.41 4.38 5.03 5.03 5.69 5.30 4.66 5.67 4.38 4.59 4.32 4.59 3.63 7.26 4.32 3.63 4.59 4.59 4.59 4.59 4.59 4.59 5.70 4.74 4.59 3.59 7.59 7.22 4.34 3.97 3.13 3.12 4.84 4.60 4.60 3.86 3.13
