New_Model_Runs/16_Future_RCP8.5_Scn3_out/post_prcessed_with_MFR/Monthly_summaries/rainfall_monthly_JAN.asc
NCOLS 700
NROWS 400
XLLCENTER 515000.000000
YLLCENTER 8409000.000000
CELLSIZE 50.000000
NODATA_value -999.000000
[rows 288 to 323 of 400, columns 162 to 242 of 700]
15.97 15.97 15.97 15.97 15.97 15.97 15.97 15.97 15.97 15.97 15.97 15.97 15.97 15.97 15.79 15.79 15.79 15.79 15.79 15.79 15.79 15.79 15.79 15.78 15.78 15.78 15.78 15.78 15.78 15.78 15.25 15.25 15.25 15.25 15.25 15.25 15.25 15.25 15.25 15.25 15.25 15.25 15.25 15.25 15.25 15.25 14.72 14.72 14.72 14.72 14.72 14.72 14.72 14.72 14.72 14.72 14.72 14.72 14.72 14.72 14.72 14.72 14.16 14.16 14.16 14.16 14.16 14.16 14.16 14.16 14.16 14.16 14.16 14.17 14.17 14.17 14.17 14.17 13.17 13.17 13.17
15.97 15.97 15.97 15.97 15.97 15.97 15.97 15.97 15.97 15.97 15.97 15.97 15.97 15.97 15.79 15.79 15.79 15.79 15.79 15.79 15.79 15.79 15.79 15.78 15.78 15.78 15.78 15.78 15.78 15.78 15.25 15.25 15.25 15.25 15.25 15.25 15.25 15.25 15.25 15.25 15.25 15.25 15.25 15.25 15.25 15.25 14.72 14.72 14.72 14.72 14.72 14.72 14.72 14.72 14.72 14.72 14.72 14.72 14.72 14.72 14.72 14.72 14.16 14.16 14.16 14.16 14.16 14.16 14.16 14.16 14.16 14.16 14.16 14.16 14.17 14.17 14.17 14.17 13.17 13.17 13.17
14.45 14.45 14.45 14.45 14.45 14.45 14.45 14.45 14.45 14.45 14.45 14.45 14.45 14.45 14.33 14.33 14.33 14.33 14.33 14.33 14.33 14.33 14.33 14.32 14.32 14.32 14.32 14.32 14.32 14.32 14.19 14.19 14.19 14.19 14.19 14.19 14.19 14.19 14.19 14.19 14.19 14.19 14.19 14.19 14.19 14.19 14.09 14.09 14.09 14.09 14.09 14.09 14.09 14.09 14.09 14.09 14.09 14.09 14.09 14.09 14.09 14.09 13.56 13.56 13.56 13.56 13.56 13.56 13.56 13.56 13.56 13.56 13.56 13.56 13.56 13.57 13.57 13.57 12.51 12.51 12.51
14.45 14.45 14.45 14.45 14.45 14.45 14.45 14.45 14.45 14.45 14.45 14.45 14.45 14.45 14.33 14.33 14.33 14.33 14.33 14.33 14.33 14.33 14.32 14.32 14.32 14.32 14.32 14.32 14.32 14.32 14.19 14.19 14.19 14.19 14.19 14.19 14.19 14.19 14.19 14.19 14.19 14.19 14.19 14.19 14.19 14.19 14.09 14.09 14.09 14.09 14.09 14.09 14.09 14.09 14.09 14.09 14.09 14.09 14.09 14.09 14.09 14.09 13.56 13.56 13.56 13.56 13.56 13.56 13.56 13.56 13.56 13.56 13.56 13.56 13.56 13.56 13.57 13.57 12.51 12.51 12.51
14.45 14.45 14.45 14.45 14.45 14.45 14.45 14.45 14.45 14.45 14.45 14.45 14.45 14.45 14.33 14.33 14.33 14.33 14.33 14.33 14.33 14.33 14.32 14.32 14.32 14.32 14.32 14.32 14.32 14.32 14.19 14.19 14.19 14.19 14.19 14.19 14.19 14.19 14.19 14.19 14.19 14.19 14.19 14.19 14.19 14.19 14.09 14.09 14.09 14.09 14.09 14.09 14.09 14.09 14.09 14.09 14.09 14.09 14.09 14.09 14.09 14.09 13.56 13.56 13.56 13.56 13.56 13.56 13.56 13.56 13.56 13.56 13.56 13.56 13.56 13.56 13.56 13.57 12.51 12.51 12.51
14.45 14.45 14.45 14.45 14.45 14.45 14.45 14.45 14.45 14.45 14.45 14.45 14.45 14.45 14.33 14.33 14.33 14.33 14.33 14.33 14.33 14.33 14.32 14.32 14.32 14.32 14.32 14.32 14.32 14.32 14.19 14.19 14.19 14.19 14.19 14.19 14.19 14.19 14.19 14.19 14.19 14.19 14.19 14.19 14.19 14.19 14.09 14.09 14.09 14.09 14.09 14.09 14.09 14.09 14.09 14.09 14.09 14.09 14.09 14.09 14.09 14.09 13.56 13.56 13.56 13.56 13.56 13.56 13.56 13.56 13.56 13.56 13.56 13.56 13.56 13.56 13.56 13.56 12.51 12.51 12.51
14.45 14.45 14.45 14.45 14.45 14.45 14.45 14.45 14.45 14.45 14.45 14.45 14.45 14.45 14.33 14.33 14.33 14.33 14.33 14.33 14.33 14.33 14.32 14.32 14.32 14.32 14.32 14.32 14.32 14.32 14.19 14.19 14.19 14.19 14.19 14.19 14.19 14.19 14.19 14.19 14.19 14.19 14.19 14.19 14.19 14.19 14.09 14.09 14.09 14.09 14.09 14.09 14.09 14.09 14.09 14.09 14.09 14.09 14.09 14.09 14.09 14.09 13.56 13.56 13.56 13.56 13.56 13.56 13.56 13.56 13.56 13.56 13.56 13.56 13.56 13.56 13.56 13.56 12.50 12.50 12.51
14.45 14.45 14.45 14.45 14.45 14.45 14.45 14.45 14.45 14.45 14.45 14.45 14.45 14.45 14.33 14.33 14.33 14.33 14.33 14.33 14.33 14.33 14.32 14.32 14.32 14.32 14.32 14.32 14.32 14.32 14.19 14.19 14.19 14.19 14.19 14.19 14.19 14.19 14.19 14.19 14.19 14.19 14.19 14.19 14.19 14.19 14.09 14.09 14.09 14.09 14.09 14.09 14.09 14.09 14.09 14.09 14.09 14.09 14.09 14.09 14.09 14.09 13.56 13.56 13.56 13.56 13.56 13.56 13.56 13.56 13.56 13.56 13.56 13.56 13.56 13.56 13.56 13.56 12.50 12.50 12.50
14.45 14.45 14.45 14.45 14.45 14.45 14.45 14.45 14.45 14.45 14.45 14.45 14.45 14.45 14.33 14.33 14.33 14.33 14.33 14.33 14.33 14.32 14.32 14.32 14.32 14.32 14.32 14.32 14.32 14.32 14.19 14.19 14.19 14.19 14.19 14.19 14.19 14.19 14.19 14.19 14.19 14.19 14.19 14.19 14.19 14.19 14.09 14.09 14.09 14.09 14.09 14.09 14.09 14.09 14.09 14.09 14.09 14.09 14.09 14.09 14.09 14.09 13.56 13.56 13.56 13.56 13.56 13.56 13.56 13.56 13.56 13.56 13.56 13.56 13.56 13.56 13.56 13.56 12.50 12.50 12.50
14.45 14.45 14.45 14.45 14.45 14.45 14.45 14.45 14.45 14.45 14.45 14.45 14.45 14.45 14.33 14.33 14.33 14.33 14.33 14.33 14.33 14.32 14.32 14.32 14.32 14.32 14.32 14.32 14.32 14.32 14.19 14.19 14.19 14.19 14.19 14.19 14.19 14.19 14.19 14.19 14.19 14.19 14.19 14.19 14.19 14.19 14.09 14.09 14.09 14.09 14.09 14.09 14.09 14.09 14.09 14.09 14.09 14.09 14.09 14.09 14.09 14.09 13.56 13.56 13.56 13.56 13.56 13.56 13.56 13.56 13.56 13.56 13.56 13.56 13.56 13.56 13.56 13.56 12.50 12.50 12.50
14.45 14.45 14.45 14.45 14.45 14.45 14.45 14.45 14.45 14.45 14.45 14.45 14.45 14.45 14.33 14.33 14.33 14.33 14.33 14.33 14.33 14.32 14.32 14.32 14.32 14.32 14.32 14.32 14.32 14.32 14.19 14.19 14.19 14.19 14.19 14.19 14.19 14.19 14.19 14.19 14.19 14.19 14.19 14.19 14.19 14.19 14.09 14.09 14.09 14.09 14.09 14.09 14.09 14.09 14.09 14.09 14.09 14.09 14.09 14.09 14.09 14.09 13.56 13.56 13.56 13.56 13.56 13.56 13.56 13.56 13.56 13.56 13.56 13.56 13.56 13.56 13.56 13.56 12.50 12.50 12.50
14.45 14.45 14.45 14.45 14.45 14.45 14.45 14.45 14.45 14.45 14.45 14.45 14.45 14.45 14.33 14.33 14.33 14.33 14.33 14.33 14.33 14.32 14.32 14.32 14.32 14.32 14.32 14.32 14.32 14.32 14.19 14.19 14.19 14.19 14.19 14.19 14.19 14.19 14.19 14.19 14.19 14.19 14.19 14.19 14.19 14.19 14.09 14.09 14.09 14.09 14.09 14.09 14.09 14.09 14.09 14.09 14.09 14.09 14.09 14.09 14.09 14.09 13.56 13.56 13.56 13.56 13.56 13.56 13.56 13.56 13.56 13.56 13.56 13.56 13.56 13.56 13.56 13.56 12.50 12.50 12.50
14.45 14.45 14.45 14.45 14.45 14.45 14.45 14.45 14.45 14.45 14.45 14.45 14.45 14.45 14.33 14.33 14.33 14.33 14.33 14.33 14.33 14.32 14.32 14.32 14.32 14.32 14.32 14.32 14.32 14.32 14.19 14.19 14.19 14.19 14.19 14.19 14.19 14.19 14.19 14.19 14.19 14.19 14.19 14.19 14.19 14.19 14.09 14.09 14.09 14.09 14.09 14.09 14.09 14.09 14.09 14.09 14.09 14.09 14.09 14.09 14.09 14.09 13.56 13.56 13.56 13.56 13.56 13.56 13.56 13.56 13.56 13.56 13.56 13.56 13.56 13.56 13.56 13.56 12.50 12.50 12.50
14.45 14.45 14.45 14.45 14.45 14.45 14.45 14.45 14.45 14.45 14.45 14.45 14.45 14.45 14.33 14.33 14.33 14.33 14.33 14.33 14.32 14.32 14.32 14.32 14.32 14.32 14.32 14.32 14.32 14.32 14.19 14.19 14.19 14.19 14.19 14.19 14.19 14.19 14.19 14.19 14.19 14.19 14.19 14.19 14.19 14.19 14.09 14.09 14.09 14.09 14.09 14.09 14.09 14.09 14.09 14.09 14.09 14.09 14.09 14.09 14.09 14.09 13.56 13.56 13.56 13.56 13.56 13.56 13.56 13.56 13.56 13.56 13.56 13.56 13.56 13.56 13.56 13.56 12.50 12.50 12.50
14.45 14.45 14.45 14.45 14.45 14.45 14.45 14.45 14.45 14.45 14.45 14.45 14.45 14.45 14.33 14.33 14.33 14.33 14.33 14.33 14.32 14.32 14.32 14.32 14.32 14.32 14.32 14.32 14.32 14.32 14.19 14.19 14.19 14.19 14.19 14.19 14.19 14.19 14.19 14.19 14.19 14.19 14.19 14.19 14.19 14.19 14.09 14.09 14.09 14.09 14.09 14.09 14.09 14.09 14.09 14.09 14.09 14.09 14.09 14.09 14.09 14.09 13.56 13.56 13.56 13.56 13.56 13.56 13.56 13.56 13.56 13.56 13.56 13.56 13.56 13.56 13.56 13.56 12.50 12.50 12.50
14.45 14.45 14.45 14.45 14.45 14.45 14.45 14.45 14.45 14.45 14.45 14.45 14.45 14.45 14.33 14.33 14.33 14.33 14.33 14.33 14.32 14.32 14.32 14.32 14.32 14.32 14.32 14.32 14.32 14.32 14.19 14.19 14.19 14.19 14.19 14.19 14.19 14.19 14.19 14.19 14.19 14.19 14.19 14.19 14.19 14.19 14.09 14.09 14.09 14.09 14.09 14.09 14.09 14.09 14.09 14.09 14.09 14.09 14.09 14.09 14.09 14.09 13.56 13.56 13.56 13.56 13.56 13.56 13.56 13.56 13.56 13.56 13.56 13.56 13.56 13.56 13.56 13.56 12.50 12.50 12.50
14.45 14.45 14.45 14.45 14.45 14.45 14.45 14.45 14.45 14.45 14.45 14.45 14.45 14.45 14.33 14.33 14.33 14.33 14.33 14.33 14.32 14.32 14.32 14.32 14.32 14.32 14.32 14.32 14.32 14.32 14.19 14.19 14.19 14.19 14.19 14.19 14.19 14.19 14.19 14.19 14.19 14.19 14.19 14.19 14.19 14.19 14.09 14.09 14.09 14.09 14.09 14.09 14.09 14.09 14.09 14.09 14.09 14.09 14.09 14.09 14.09 14.09 13.56 13.56 13.56 13.56 13.56 13.56 13.56 13.56 13.56 13.56 13.56 13.56 13.56 13.56 13.56 13.56 12.50 12.50 12.50
14.45 14.45 14.45 14.45 14.45 14.45 14.45 14.45 14.45 14.45 14.45 14.45 14.45 14.45 14.33 14.33 14.33 14.33 14.33 14.32 14.32 14.32 14.32 14.32 14.32 14.32 14.32 14.32 14.32 14.32 14.19 14.19 14.19 14.19 14.19 14.19 14.19 14.19 14.19 14.19 14.19 14.19 14.19 14.19 14.19 14.19 14.09 14.09 14.09 14.09 14.09 14.09 14.09 14.09 14.09 14.09 14.09 14.09 14.09 14.09 14.09 14.09 13.56 13.56 13.56 13.56 13.56 13.56 13.56 13.56 13.56 13.56 13.56 13.56 13.56 13.56 13.56 13.56 12.50 12.50 12.50
13.00 13.00 13.00 13.00 13.00 13.00 13.00 13.00 13.00 13.00 13.00 13.00 13.00 13.00 13.13 13.13 13.13 13.13 13.13 13.12 13.12 13.12 13.12 13.12 13.12 13.12 13.12 13.12 13.12 13.12 13.37 13.37 13.37 13.37 13.37 13.37 13.37 13.37 13.37 13.37 13.37 13.37 13.37 13.37 13.37 13.37 13.27 13.27 13.27 13.27 13.27 13.27 13.27 13.27 13.27 13.27 13.27 13.27 13.27 13.27 13.27 13.27 12.50 12.50 12.50 12.50 12.50 12.50 12.50 12.50 12.50 12.50 12.50 12.50 12.50 12.50 12.50 12.50 11.45 11.45 11.45
13.00 13.00 13.00 13.00 13.00 13.00 13.00 13.00 13.00 13.00 13.00 13.00 13.00 13.00 13.13 13.13 13.13 13.13 13.13 13.12 13.12 13.12 13.12 13.12 13.12 13.12 13.12 13.12 13.12 13.12 13.37 13.37 13.37 13.37 13.37 13.37 13.37 13.37 13.37 13.37 13.37 13.37 13.37 13.37 13.37 13.37 13.27 13.27 13.27 13.27 13.27 13.27 13.27 13.27 13.27 13.27 13.27 13.27 13.27 13.27 13.27 13.27 12.50 12.50 12.50 12.50 12.50 12.50 12.50 12.50 12.50 12.50 12.50 12.50 12.50 12.50 12.50 12.50 11.45 11.45 11.45
13.00 13.00 13.00 13.00 13.00 13.00 13.00 13.00 13.00 13.00 13.00 13.00 13.00 13.00 13.13 13.13 13.13 13.13 13.13 13.12 13.12 13.12 13.12 13.12 13.12 13.12 13.12 13.12 13.12 13.12 13.37 13.37 13.37 13.37 13.37 13.37 13.37 13.37 13.37 13.37 13.37 13.37 13.37 13.37 13.37 13.37 13.27 13.27 13.27 13.27 13.27 13.27 13.27 13.27 13.27 13.27 13.27 13.27 13.27 13.27 13.27 13.27 12.50 12.50 12.50 12.50 12.50 12.50 12.50 12.50 12.50 12.50 12.50 12.50 12.50 12.50 12.50 12.50 11.45 11.45 11.45
0.00 13.00 13.00 13.00 13.00 13.00 13.00 13.00 13.00 13.00 13.00 13.00 13.00 13.00 13.13 13.13 13.13 13.13 13.13 13.12 13.12 13.12 13.12 13.12 13.12 13.12 13.12 13.12 13.12 13.12 13.37 13.37 13.37 13.37 13.37 13.37 13.37 13.37 13.37 13.37 13.37 13.37 13.37 13.37 13.37 13.37 13.27 13.27 13.27 13.27 13.27 13.27 13.27 13.27 13.27 13.27 13.27 13.27 13.27 13.27 13.27 13.27 12.50 12.50 12.50 12.50 12.50 12.50 12.50 12.50 12.50 12.50 12.50 12.50 12.50 12.50 12.50 12.50 11.45 11.45 11.45
0.00 0.00 13.00 13.00 13.00 13.00 13.00 13.00 13.00 13.00 13.00 13.00 13.00 13.00 13.13 13.13 13.13 13.13 13.12 13.12 13.12 13.12 13.12 13.12 13.12 13.12 13.12 13.12 13.12 13.12 13.37 13.37 13.37 13.37 13.37 13.37 13.37 13.37 13.37 13.37 13.37 13.37 13.37 13.37 13.37 13.37 13.27 13.27 13.27 13.27 13.27 13.27 13.27 13.27 13.27 13.27 13.27 13.27 13.27 13.27 13.27 13.27 12.50 12.50 12.50 12.50 12.50 12.50 12.50 12.50 12.50 12.50 12.50 12.50 12.50 12.50 12.50 12.50 11.45 11.45 11.45
0.00 13.00 13.00 13.00 13.00 13.00 13.00 13.00 13.00 13.00 13.00 13.00 13.00 13.00 13.13 13.13 13.13 13.13 13.12 13.12 13.12 13.12 13.12 13.12 13.12 13.12 13.12 13.12 13.12 13.12 13.37 13.37 13.37 13.37 13.37 13.37 13.37 13.37 13.37 13.37 13.37 13.37 13.37 13.37 13.37 13.37 13.27 13.27 13.27 13.27 13.27 13.27 13.27 13.27 13.27 13.27 13.27 13.27 13.27 13.27 13.27 13.27 12.50 12.50 12.50 12.50 12.50 12.50 12.50 12.50 12.50 12.50 12.50 12.50 12.50 12.50 12.50 12.50 11.45 11.45 11.45
0.00 13.00 13.00 13.00 13.00 13.00 13.00 13.00 13.00 13.00 13.00 13.00 13.00 13.00 13.13 13.13 13.13 13.13 13.12 13.12 13.12 13.12 13.12 13.12 13.12 13.12 13.12 13.12 13.12 13.12 13.37 13.37 13.37 13.37 13.37 13.37 13.37 13.37 13.37 13.37 13.37 13.37 13.37 13.37 13.37 13.37 13.27 13.27 13.27 13.27 13.27 13.27 13.27 13.27 13.27 13.27 13.27 13.27 13.27 13.27 13.27 13.27 12.50 12.50 12.50 12.50 12.50 12.50 12.50 12.50 12.50 12.50 12.50 12.50 12.50 12.50 12.50 12.50 11.45 11.45 11.45
0.00 13.00 13.00 13.00 13.00 13.00 13.00 13.00 13.00 13.00 13.00 13.00 13.00 13.00 13.13 13.13 13.13 13.13 13.12 13.12 13.12 13.12 13.12 13.12 13.12 13.12 13.12 13.12 13.12 13.12 13.37 13.37 13.37 13.37 13.37 13.37 13.37 13.37 13.37 13.37 13.37 13.37 13.37 13.37 13.37 13.37 13.27 13.27 13.27 13.27 13.27 13.27 13.27 13.27 13.27 13.27 13.27 13.27 13.27 13.27 13.27 13.27 12.50 12.50 12.50 12.50 12.50 12.50 12.50 12.50 12.50 12.50 12.50 12.50 12.50 12.50 12.50 12.50 11.45 11.45 11.45
0.00 13.00 13.00 13.00 13.00 13.00 13.00 13.00 13.00 13.00 13.00 13.00 13.00 13.00 13.13 13.13 13.13 13.13 13.12 13.12 13.12 13.12 13.12 13.12 13.12 13.12 13.12 13.12 13.12 13.12 13.37 13.37 13.37 13.37 13.37 13.37 13.37 13.37 13.37 13.37 13.37 13.37 13.37 13.37 13.37 13.37 13.27 13.27 13.27 13.27 13.27 13.27 13.27 13.27 13.27 13.27 13.27 13.27 13.27 13.27 13.27 13.27 12.50 12.50 12.50 12.50 12.50 12.50 12.50 12.50 12.50 12.50 12.50 12.50 12.50 12.50 12.50 12.50 11.45 11.45 11.45
0.00 0.00 13.00 13.00 13.00 13.00 13.00 13.00 13.00 13.00 13.00 13.00 13.00 13.00 13.13 13.13 13.13 13.12 13.12 13.12 13.12 13.12 13.12 13.12 13.12 13.12 13.12 13.12 13.12 13.12 13.37 13.37 13.37 13.37 13.37 13.37 13.37 13.37 13.37 13.37 13.37 13.37 13.37 13.37 13.37 13.37 13.27 13.27 13.27 13.27 13.27 13.27 13.27 13.27 13.27 13.27 13.27 13.27 13.27 13.27 13.27 13.27 12.50 12.50 12.50 12.50 12.50 12.50 12.50 12.50 12.50 12.50 12.50 12.50 12.50 12.50 12.50 12.50 11.45 11.45 11.45
0.00 0.00 13.00 13.00 13.00 13.00 13.00 13.00 13.00 13.00 13.00 13.00 13.00 13.00 13.13 13.13 13.13 13.12 13.12 13.12 13.12 13.12 13.12 13.12 13.12 13.12 13.12 13.12 13.12 13.12 13.37 13.37 13.37 13.37 13.37 13.37 13.37 13.37 13.37 13.37 13.37 13.37 13.37 13.37 13.37 13.37 13.27 13.27 13.27 13.27 13.27 13.27 13.27 13.27 13.27 13.27 13.27 13.27 13.27 13.27 13.27 13.27 12.50 12.50 12.50 12.50 12.50 12.50 12.50 12.50 12.50 12.50 12.50 12.50 12.50 12.50 12.50 12.50 11.45 11.45 11.45
0.00 13.00 13.00 13.00 13.00 13.00 13.00 13.00 13.00 13.00 13.00 13.00 13.00 13.00 13.13 13.13 13.13 13.12 13.12 13.12 13.12 13.12 13.12 13.12 13.12 13.12 13.12 13.12 13.12 13.12 13.37 13.37 13.37 13.37 13.37 13.37 13.37 13.37 13.37 13.37 13.37 13.37 13.37 13.37 13.37 13.37 13.27 13.27 13.27 13.27 13.27 13.27 13.27 13.27 13.27 13.27 13.27 13.27 13.27 13.27 13.27 13.27 12.50 12.50 12.50 12.50 12.50 12.50 12.50 12.50 12.50 12.50 12.50 12.50 12.50 12.50 12.50 12.50 11.45 11.45 11.45
0.00 13.00 13.00 13.00 13.00 13.00 13.00 13.00 13.00 13.00 13.00 13.00 13.00 13.00 13.13 13.13 13.13 13.12 13.12 13.12 13.12 13.12 13.12 13.12 13.12 13.12 13.12 13.12 13.12 13.12 13.37 13.37 13.37 13.37 13.37 13.37 13.37 13.37 13.37 13.37 13.37 13.37 13.37 13.37 13.37 13.37 13.27 13.27 13.27 13.27 13.27 13.27 13.27 13.27 13.27 13.27 13.27 13.27 13.27 13.27 13.27 13.27 12.50 12.50 12.50 12.50 12.50 12.50 12.50 12.50 12.50 12.50 12.50 12.50 12.50 12.50 12.50 12.50 11.45 11.45 11.45
0.00 13.00 13.00 13.00 13.00 13.00 13.00 13.00 13.00 13.00 13.00 13.00 13.00 13.00 13.13 13.13 13.13 13.12 13.12 13.12 13.12 13.12 13.12 13.12 13.12 13.12 13.12 13.12 13.12 13.12 13.37 13.37 13.37 13.37 13.37 13.37 13.37 13.37 13.37 13.37 13.37 13.37 13.37 13.37 13.37 13.37 13.27 13.27 13.27 13.27 13.27 13.27 13.27 13.27 13.27 13.27 13.27 13.27 13.27 13.27 13.27 13.27 12.50 12.50 12.50 12.50 12.50 12.50 12.50 12.50 12.50 12.50 12.50 12.50 12.50 12.50 12.50 12.50 11.45 11.45 11.45
13.00 13.00 13.00 13.00 13.00 13.00 13.00 13.00 13.00 13.00 13.00 13.00 13.00 13.00 13.13 13.13 13.12 13.12 13.12 13.12 13.12 13.12 13.12 13.12 13.12 13.12 13.12 13.12 13.12 13.12 13.37 13.37 13.37 13.37 13.37 13.37 13.37 13.37 13.37 13.37 13.37 13.37 13.37 13.37 13.37 13.37 13.27 13.27 13.27 13.27 13.27 13.27 13.27 13.27 13.27 13.27 13.27 13.27 13.27 13.27 13.27 13.27 12.50 12.50 12.50 12.50 12.50 12.50 12.50 12.50 12.50 12.50 12.50 12.50 12.50 12.50 12.50 12.50 11.45 11.45 11.45
13.00 13.00 13.00 13.00 13.00 13.00 13.00 13.00 13.00 13.00 13.00 13.00 13.00 13.00 13.13 13.13 13.12 13.12 13.12 13.12 13.12 13.12 13.12 13.12 13.12 13.12 13.12 13.12 13.12 13.12 13.37 13.37 13.37 13.37 13.37 13.37 13.37 13.37 13.37 13.37 13.37 13.37 13.37 13.37 13.37 13.37 13.27 13.27 13.27 13.27 13.27 13.27 13.27 13.27 13.27 13.27 13.27 13.27 13.27 13.27 13.27 13.27 12.50 12.50 12.50 12.50 12.50 12.50 12.50 12.50 12.50 12.50 12.50 12.50 12.50 12.50 12.50 12.50 11.45 11.45 11.45
11.84 11.84 11.84 11.84 11.84 11.84 11.84 11.84 11.84 11.84 11.84 11.84 11.84 11.84 12.15 12.15 12.15 12.15 12.15 12.15 12.15 12.15 12.15 12.15 12.15 12.15 12.15 12.15 12.15 12.15 12.48 12.48 12.48 12.48 12.48 12.48 12.48 12.48 12.48 12.48 12.48 12.48 12.48 12.48 12.48 12.48 12.28 12.28 12.28 12.28 12.28 12.28 12.28 12.28 12.28 12.28 12.28 12.28 12.28 12.28 12.28 12.28 11.41 11.41 11.41 11.41 11.41 11.41 11.41 11.41 11.41 11.41 11.41 11.41 11.41 11.41 11.41 11.41 10.46 10.46 10.46
0.00 11.84 11.84 11.84 11.84 11.84 11.84 11.84 11.84 11.84 11.84 11.84 11.84 11.84 12.15 12.15 12.15 12.15 12.15 12.15 12.15 12.15 12.15 12.15 12.15 12.15 12.15 12.15 12.15 12.15 12.48 12.48 12.48 12.48 12.48 12.48 12.48 12.48 12.48 12.48 12.48 12.48 12.48 12.48 12.48 12.48 12.28 12.28 12.28 12.28 12.28 12.28 12.28 12.28 12.28 12.28 12.28 12.28 12.28 12.28 12.28 12.28 11.41 11.41 11.41 11.41 11.41 11.41 11.41 11.41 11.41 11.41 11.41 11.41 11.41 11.41 11.41 11.41 10.46 10.46 10.46
