New_Model_Runs/16_Future_RCP8.5_Scn3_out/post_prcessed_with_MFR/Monthly_summaries/runoff_monthly_OCT.asc
NCOLS 700
NROWS 400
XLLCENTER 515000.000000
YLLCENTER 8409000.000000
CELLSIZE 50.000000
NODATA_value -999.000000
[rows 185 to 221 of 400, columns 252 to 335 of 700]
4.29 4.29 4.29 4.29 4.66 8.80 4.66 4.66 4.68 4.68 4.68 4.68 4.66 4.66 4.66 8.73 4.57 4.57 4.57 4.57 4.81 4.81 4.81 4.81 4.81 4.81 4.81 4.81 5.02 5.57 5.57 5.57 5.72 2.48 2.48 5.72 6.15 6.15 6.15 2.71 2.08 2.72 6.17 3.14 3.14 3.14 3.14 2.70 2.60 5.94 5.94 5.94 5.97 5.97 5.97 5.97 5.81 5.81 5.81 5.81 5.85 5.85 5.85 5.85 5.90 5.90 5.90 5.90 6.34 6.34 6.34 6.34 6.42 6.42 6.42 6.42 6.35 11.91 6.35 6.35 5.92 5.92 5.92 5.92
4.29 4.29 4.29 4.29 4.66 4.66 4.66 4.66 4.68 4.68 4.68 4.68 4.66 4.66 4.66 4.66 4.57 4.57 4.57 4.57 4.81 4.81 4.81 9.09 4.81 4.81 4.81 4.81 5.02 5.02 5.57 5.57 10.57 2.48 2.48 20.21 11.52 6.15 2.71 3.56 3.37 2.32 9.38 3.14 6.13 11.49 6.13 6.13 5.94 5.94 5.94 5.94 5.97 5.97 5.97 12.65 5.81 5.81 5.81 5.81 5.85 5.85 5.85 5.85 5.90 5.90 5.90 5.90 6.34 6.34 6.34 6.34 6.42 6.42 6.42 6.42 6.35 6.35 6.35 6.35 5.92 5.92 5.92 5.92
4.29 4.29 4.29 4.29 4.66 12.33 4.66 4.66 4.68 4.68 4.68 4.68 4.66 4.66 4.66 4.66 4.57 4.57 4.57 4.57 4.81 4.81 4.81 4.81 4.81 4.81 4.81 4.81 5.02 5.02 5.02 9.43 5.72 2.48 5.72 10.92 6.15 6.15 2.71 2.32 2.32 2.32 2.72 11.53 6.13 6.13 6.13 6.13 5.94 5.94 11.11 5.94 10.35 1.81 1.81 4.42 5.81 5.81 5.81 5.81 5.85 5.85 5.85 5.85 5.90 5.90 5.90 5.90 6.34 6.34 6.34 6.34 6.42 12.04 6.42 6.42 6.35 6.35 6.35 6.35 5.92 5.92 5.92 5.92
4.23 4.23 4.23 7.04 4.61 4.61 8.70 4.61 4.58 4.58 4.58 11.81 4.50 4.50 4.50 4.50 4.44 4.44 4.44 4.44 4.76 4.76 4.76 4.76 4.80 4.80 4.80 4.80 4.93 18.05 4.93 4.93 5.05 5.60 10.44 5.60 6.05 6.05 11.32 6.05 6.08 2.67 2.67 6.08 11.16 5.96 5.96 11.16 5.69 5.69 5.69 5.69 1.74 2.58 5.65 1.74 1.77 5.88 5.88 5.88 6.03 6.03 6.03 6.03 6.11 6.11 6.11 6.11 6.49 6.49 6.49 6.49 6.47 6.47 6.47 6.47 6.43 6.43 6.43 6.43 5.92 5.92 5.92 5.92
4.23 4.23 4.23 4.23 4.61 8.70 4.61 4.61 4.58 4.58 4.58 4.58 8.48 4.50 4.50 4.50 4.44 4.44 8.36 4.44 4.76 4.76 4.76 4.76 4.80 4.80 4.80 4.80 9.22 4.93 4.93 4.93 5.05 5.05 5.05 5.60 6.05 6.05 6.05 6.05 6.08 6.08 6.08 6.08 5.96 5.96 5.96 5.96 5.69 5.69 5.69 5.69 1.74 1.74 1.74 1.74 5.88 5.88 5.88 5.88 6.03 6.03 6.03 6.03 6.11 6.11 6.11 6.11 6.49 6.49 6.49 6.49 6.47 12.14 6.47 6.47 6.43 6.43 6.43 6.43 6.34 5.92 5.92 5.92
4.23 4.23 4.23 4.23 4.61 4.61 8.70 4.61 4.58 4.58 4.58 4.58 4.50 4.50 4.50 4.50 4.44 4.44 4.44 8.36 4.76 12.44 4.76 4.76 9.06 4.80 4.80 4.80 4.93 4.93 4.93 4.93 5.05 5.05 5.05 5.05 6.05 6.05 6.05 6.05 6.08 6.08 6.08 6.08 5.96 5.96 5.96 5.96 5.69 5.69 5.69 1.70 1.74 1.74 1.74 1.74 5.88 5.88 5.88 5.88 6.03 6.03 6.03 11.28 11.45 11.45 6.11 6.11 6.49 6.49 6.49 6.49 6.47 6.47 6.47 6.47 6.43 6.43 6.43 6.43 6.34 6.34 5.92 5.92
4.23 4.23 4.23 7.00 4.61 4.61 4.61 4.61 4.58 4.58 4.58 4.58 4.50 4.50 4.50 4.50 8.29 4.44 4.44 4.44 4.76 4.76 8.99 4.76 4.80 4.80 4.80 9.06 4.93 4.93 4.93 9.25 5.05 5.05 5.05 5.05 5.46 5.46 6.05 6.05 6.08 6.08 6.08 6.08 5.96 5.96 5.96 5.96 5.69 5.69 1.70 1.70 1.74 1.74 1.74 5.80 5.88 5.88 5.88 11.00 11.17 11.31 6.03 6.03 11.42 6.11 6.11 6.11 6.49 6.49 6.49 6.49 6.47 6.47 6.47 6.47 6.43 6.43 6.43 12.05 6.34 6.34 6.34 6.34
4.17 4.17 4.17 4.17 4.50 11.96 4.50 4.50 8.26 4.38 4.38 4.38 4.29 4.29 4.29 4.29 4.33 8.16 4.33 4.33 4.75 4.75 4.75 4.75 4.81 4.81 4.81 4.81 4.84 4.84 4.84 4.84 4.86 4.86 4.86 4.86 5.24 5.24 5.24 5.81 5.80 5.80 5.80 5.80 5.66 5.66 5.66 5.66 5.52 1.63 1.63 1.63 1.76 1.76 1.76 5.85 5.97 5.97 5.97 11.17 6.07 6.07 6.07 6.07 6.18 11.57 6.18 6.18 7.25 7.25 7.25 7.25 7.28 7.28 7.28 7.28 7.31 7.31 7.31 7.31 12.05 6.48 6.48 6.48
4.17 4.17 4.17 4.17 4.50 8.80 4.50 4.50 4.38 4.38 4.38 4.38 4.29 4.29 4.29 4.29 4.33 4.33 4.33 4.33 4.75 4.75 4.75 4.75 4.81 4.81 4.81 4.81 4.84 4.84 4.84 9.12 4.86 4.86 4.86 4.86 5.24 5.24 5.24 5.24 5.24 5.80 5.80 5.80 5.66 5.66 1.69 1.69 5.52 1.63 1.63 1.63 1.76 1.76 1.76 5.85 5.97 5.97 15.13 5.97 6.07 6.07 6.07 6.07 6.18 6.18 6.18 6.18 7.25 7.25 7.25 7.25 7.28 7.28 7.28 7.28 7.31 7.31 7.31 7.31 6.48 6.48 6.48 6.48
4.92 4.92 4.92 4.92 4.95 9.36 4.95 4.95 4.83 4.83 9.13 4.83 4.73 4.73 8.92 4.73 4.77 4.77 4.77 4.77 4.73 4.73 4.73 4.73 4.79 4.79 4.79 4.79 4.81 4.81 4.81 4.81 4.84 4.84 4.84 4.84 4.97 4.97 4.97 4.97 4.96 4.96 5.50 5.50 5.37 1.57 1.57 1.57 1.52 1.52 1.52 1.52 1.55 1.55 1.55 6.55 5.42 10.10 5.42 5.42 5.51 5.51 5.51 5.51 10.39 5.60 5.60 5.60 5.24 5.24 9.76 5.24 5.27 5.27 5.27 5.27 5.29 3.00 5.29 5.29 5.19 5.19 10.61 5.19
4.92 4.92 4.92 4.92 4.95 4.95 9.26 4.95 4.83 4.83 4.83 4.83 4.73 4.73 4.73 4.73 4.77 4.77 4.77 4.77 4.73 4.73 4.73 4.73 4.79 4.79 4.79 4.79 4.81 4.81 4.81 4.81 4.84 4.84 4.84 4.84 4.97 4.97 4.97 4.97 4.96 4.96 4.96 5.50 1.57 1.57 1.57 5.37 5.24 1.52 1.52 5.24 5.31 1.55 1.55 1.55 5.42 5.42 3.17 5.42 5.51 5.51 5.51 5.51 5.60 5.60 5.60 10.46 5.24 5.24 5.24 9.76 5.27 5.27 5.27 5.27 5.29 5.29 14.09 5.29 5.19 9.67 5.19 5.19
9.26 9.26 9.26 4.90 4.81 4.81 4.81 4.81 4.69 4.69 8.86 4.69 4.82 4.82 4.82 4.82 5.01 5.01 5.01 5.01 4.89 4.89 4.89 4.89 4.89 4.89 4.89 4.89 4.90 4.90 4.90 4.90 4.91 4.91 4.91 4.91 4.95 4.95 4.95 4.95 4.85 4.85 4.85 4.85 4.78 5.30 5.30 5.30 5.27 5.27 5.27 5.27 1.58 1.58 1.58 1.58 5.45 13.66 5.45 5.45 5.52 5.52 5.52 5.52 5.61 5.61 5.61 5.61 5.27 5.27 5.27 5.27 9.93 5.37 5.37 5.37 5.38 5.38 5.38 5.38 5.21 5.21 5.21 5.21
4.90 4.90 4.90 9.20 4.81 4.81 4.81 4.81 4.69 4.69 4.69 4.69 4.82 4.82 4.82 4.82 5.01 5.01 5.01 5.01 4.89 4.89 4.89 4.89 4.89 4.89 4.89 4.89 4.90 4.90 4.90 4.90 4.91 4.91 4.91 4.91 4.95 4.95 4.95 4.95 4.85 4.85 4.85 4.85 4.78 4.78 5.30 5.30 5.27 5.27 5.27 5.27 1.58 1.58 1.58 1.58 4.78 4.78 5.45 5.45 5.52 5.52 5.52 5.52 5.61 5.61 5.61 5.61 5.27 5.27 5.27 5.27 5.37 5.37 5.37 5.37 5.38 5.38 5.38 5.38 5.21 5.21 5.21 5.21
4.90 4.90 4.90 9.20 4.81 4.81 4.81 4.81 4.69 4.69 4.69 4.69 4.82 4.82 4.82 4.82 5.01 5.01 5.01 5.01 4.89 4.89 4.89 4.89 4.89 4.89 4.89 4.89 4.90 4.90 4.90 4.90 4.91 4.91 4.91 4.91 4.95 4.95 4.95 4.95 4.85 4.85 4.85 4.85 4.78 4.78 4.78 4.78 5.27 5.27 5.27 5.27 1.58 1.58 5.37 1.58 1.60 1.60 5.45 5.45 5.52 5.52 5.52 5.52 5.61 5.61 5.61 5.61 5.27 5.27 5.27 5.27 5.37 5.37 5.37 5.37 5.38 5.38 10.02 9.90 5.21 5.21 5.21 9.24
4.90 4.90 4.90 4.90 4.81 4.81 4.81 4.81 8.86 4.69 4.69 4.69 4.82 4.82 4.82 4.82 5.01 5.01 5.01 5.01 4.89 4.89 4.89 4.89 4.89 4.89 4.89 4.89 4.90 4.90 4.90 4.90 4.91 4.91 4.91 4.91 4.95 4.95 4.95 4.95 4.85 4.85 4.85 4.85 4.78 4.78 4.78 4.78 4.75 5.27 5.27 5.27 5.37 5.37 5.37 5.37 5.45 5.45 5.45 5.45 5.52 5.52 5.52 5.52 5.61 5.61 5.61 5.61 10.07 9.82 9.82 9.82 5.37 5.37 5.37 5.37 5.38 10.02 5.38 5.38 5.21 5.21 5.21 5.21
4.85 4.85 4.85 4.85 4.72 4.72 4.72 4.72 12.67 4.77 4.77 4.77 5.05 5.05 5.05 5.05 5.20 5.20 5.20 5.20 5.03 5.03 5.03 5.03 5.01 5.01 5.01 5.01 5.05 5.05 5.05 5.05 5.06 5.06 5.06 5.06 5.03 5.03 5.03 5.03 4.89 4.89 9.24 4.89 4.79 4.79 9.05 4.79 4.77 4.77 4.77 5.30 5.48 5.48 5.48 5.48 5.55 5.55 5.55 5.55 5.56 5.56 5.56 5.56 5.61 5.61 5.61 5.61 14.19 5.28 5.28 5.28 5.37 5.37 5.37 5.37 9.97 5.35 5.35 5.35 5.17 5.17 5.17 11.99
4.85 4.85 4.85 4.85 4.72 8.92 8.92 4.72 4.77 4.77 4.77 4.77 5.05 5.05 5.05 5.05 5.20 5.20 5.20 5.20 5.03 5.03 5.03 5.03 5.01 5.01 5.01 5.01 5.05 5.05 5.05 5.05 5.06 5.06 5.06 5.06 5.03 5.03 9.51 5.03 9.24 9.24 4.89 4.89 4.79 4.79 4.79 4.79 4.77 4.77 1.30 4.77 5.48 5.48 5.48 5.48 5.55 5.55 5.55 5.55 5.56 5.56 5.56 5.56 5.61 5.61 5.61 10.47 5.28 5.28 5.28 5.28 5.37 5.37 5.37 5.37 5.35 5.35 5.35 9.97 13.74 13.36 9.62 9.17
4.85 4.85 4.85 4.85 4.72 4.72 4.72 4.72 4.77 4.77 4.77 4.77 5.05 5.05 5.05 5.05 5.20 5.20 5.20 2.16 5.03 5.03 5.03 5.03 5.01 5.01 5.01 5.01 5.05 5.05 5.05 5.05 5.06 5.06 5.06 9.55 5.03 5.03 5.03 5.03 4.89 4.89 4.89 4.89 4.79 4.79 4.79 4.79 4.77 4.77 1.30 4.77 4.94 5.48 5.48 5.48 5.55 5.55 5.55 5.55 5.56 5.56 5.56 5.56 5.61 5.61 5.61 5.61 5.28 5.28 5.28 5.28 5.37 5.37 5.37 5.37 5.35 9.97 5.35 5.35 5.17 5.17 9.62 5.17
4.85 9.16 9.16 9.07 4.72 4.72 4.72 4.72 4.77 4.77 4.77 4.77 5.05 9.61 5.05 5.05 5.20 5.20 5.20 2.16 4.99 5.03 5.03 5.03 5.01 5.01 5.01 5.01 5.05 5.05 5.05 5.05 5.06 2.09 5.06 5.06 5.03 5.03 5.03 5.03 4.89 4.89 4.89 4.89 9.05 4.79 4.79 4.79 4.77 4.77 4.77 4.77 4.94 4.94 4.94 5.48 5.55 5.55 10.35 5.55 5.56 5.56 5.56 5.56 5.61 5.61 5.61 5.61 5.28 5.28 5.28 5.28 5.37 5.37 5.37 14.28 5.35 5.35 9.97 5.35 5.17 5.17 5.17 5.17
4.81 4.81 4.81 4.81 4.70 4.70 4.70 4.70 4.85 4.85 4.85 4.85 5.13 5.13 5.13 5.13 5.25 5.25 5.25 2.18 2.11 5.10 9.65 5.10 5.11 5.11 5.11 5.11 5.12 5.12 5.12 2.12 2.08 6.62 5.04 5.04 4.99 4.99 4.99 4.99 4.87 4.87 4.87 4.87 9.02 4.78 4.78 4.78 4.84 4.84 4.84 4.84 4.99 4.99 4.99 4.99 5.61 5.61 5.61 5.61 5.65 5.65 5.65 5.65 5.69 5.69 5.69 5.69 5.32 5.32 5.32 5.32 5.37 5.37 5.37 10.01 5.31 5.31 5.31 5.31 5.11 5.11 5.11 5.11
7.79 4.81 4.81 4.81 4.70 4.70 4.70 4.70 9.17 4.85 4.85 4.85 5.13 5.13 5.13 5.13 5.25 5.25 2.18 2.18 3.25 5.10 5.10 5.10 5.11 5.11 2.11 5.11 5.12 5.12 2.12 2.12 3.17 5.04 5.04 5.04 4.99 4.99 4.99 4.99 4.87 4.87 4.87 4.87 4.78 4.78 4.78 4.78 4.84 4.84 4.84 4.84 4.99 4.99 4.99 4.99 5.06 5.06 5.61 5.61 5.65 5.65 5.65 5.65 5.69 5.69 5.69 5.69 5.32 5.32 5.32 5.32 5.37 5.37 5.37 5.37 5.31 5.31 5.31 5.31 5.11 5.11 5.11 5.11
7.79 4.81 4.81 4.81 4.70 4.70 4.70 4.70 4.85 4.85 4.85 4.85 5.13 5.13 5.13 5.13 5.25 5.25 2.18 2.18 2.11 5.10 5.10 5.10 5.11 2.11 2.11 2.11 2.12 2.12 2.12 2.12 5.04 5.04 9.53 5.04 4.99 4.99 9.43 4.99 4.87 4.87 9.20 4.87 4.78 4.78 4.78 4.78 4.84 4.84 4.84 4.84 4.99 4.99 4.99 4.99 5.06 8.33 5.06 5.61 5.65 5.65 5.65 5.65 5.69 5.69 5.69 5.69 5.32 5.32 5.32 5.32 5.37 5.37 5.37 5.37 5.31 5.31 5.31 5.31 5.11 5.11 5.11 5.11
7.79 4.81 4.81 4.81 4.70 4.70 4.70 4.70 4.85 4.85 4.85 4.85 5.13 5.13 5.13 5.13 5.25 5.25 2.18 2.18 2.11 2.11 5.10 5.10 5.11 2.11 2.11 2.11 2.12 2.12 3.23 5.12 5.04 5.04 5.04 5.04 4.99 4.99 4.99 4.99 4.87 4.87 9.20 9.13 4.78 4.78 4.78 4.78 4.84 4.84 4.84 4.84 4.99 4.99 4.99 4.99 5.06 5.06 5.06 5.06 5.10 5.65 5.65 5.65 5.69 5.69 5.69 5.69 5.32 5.32 5.32 5.32 5.37 5.37 5.37 9.97 5.31 5.31 5.31 5.31 5.11 13.59 5.11 5.11
7.69 7.69 4.75 4.75 4.71 4.71 4.71 4.71 5.00 5.00 5.00 5.00 5.20 5.20 5.20 5.20 5.27 5.27 2.19 2.19 2.13 2.13 5.14 5.14 2.13 2.13 5.14 2.13 2.08 7.71 9.54 5.04 4.90 4.90 4.90 4.90 4.93 4.93 4.93 4.93 4.84 4.84 4.84 4.84 4.81 4.81 4.81 4.81 4.90 4.90 4.90 4.90 5.01 5.01 5.01 5.01 5.10 5.10 5.10 5.10 5.17 5.17 5.73 5.73 5.77 5.77 5.77 5.77 5.40 5.40 5.40 5.40 5.43 5.43 2.33 2.86 5.30 2.26 2.26 5.30 5.08 5.08 5.08 5.08
7.69 9.63 4.75 4.75 4.71 4.71 4.71 4.71 5.00 5.00 5.00 5.00 5.20 5.20 5.20 5.20 5.27 5.27 2.19 2.19 2.13 2.13 2.13 2.13 2.13 5.14 9.72 2.13 2.08 5.04 5.04 12.20 4.90 4.90 4.90 4.90 4.93 4.93 4.93 4.93 4.84 4.84 4.84 4.84 4.81 4.81 4.81 4.81 4.90 4.90 4.90 4.90 5.01 5.01 5.01 5.01 5.10 5.10 5.10 5.10 5.17 5.17 5.17 5.17 5.77 5.77 5.77 5.77 5.40 5.40 5.40 2.32 2.33 4.46 2.33 1.68 2.26 2.26 2.26 2.26 5.08 5.08 5.08 5.08
8.35 8.35 5.23 5.23 4.69 4.69 4.69 4.69 4.97 4.97 4.97 4.97 5.17 5.17 5.17 5.17 5.24 5.24 2.18 2.18 1.85 4.71 4.58 4.58 4.57 4.57 4.57 1.85 1.80 4.49 4.49 4.49 8.21 4.36 4.36 4.36 4.12 4.12 4.12 4.12 6.71 4.04 4.04 4.04 4.02 4.02 4.02 4.02 4.10 4.10 4.10 4.10 3.93 3.93 3.93 3.93 4.00 4.00 4.00 4.00 4.06 5.64 4.06 4.06 4.09 4.55 4.55 4.55 3.99 3.99 3.38 3.38 3.38 3.38 3.38 2.55 1.57 1.57 1.57 1.57 3.74 3.74 3.74 3.74
8.35 15.53 8.35 5.23 4.69 4.69 4.69 4.69 4.97 4.97 4.97 4.97 5.17 5.17 5.17 5.17 5.24 2.18 2.18 2.18 1.85 4.58 4.58 4.58 4.57 8.62 1.85 1.85 4.49 4.49 4.49 4.49 4.36 4.36 4.36 4.36 4.12 4.12 4.12 4.12 4.04 6.71 4.04 4.04 4.02 4.02 4.02 4.02 4.10 4.10 4.10 4.10 3.93 3.93 3.93 3.93 4.00 4.00 4.00 4.00 6.74 4.06 4.06 5.64 4.09 4.09 4.55 4.55 1.61 3.99 1.06 1.20 3.38 4.14 1.62 1.62 3.91 3.91 3.91 3.91 3.74 3.74 3.74 3.74
21.82 8.23 8.23 5.13 4.81 4.81 4.81 4.81 5.13 5.13 5.13 5.13 5.22 5.22 5.22 5.22 5.25 2.19 2.19 2.19 1.85 4.57 4.57 4.57 4.52 4.52 4.52 4.52 4.39 4.39 4.39 4.39 4.32 4.32 4.32 4.32 4.12 4.12 4.12 6.80 4.05 4.05 4.05 4.05 4.07 4.07 4.07 4.07 4.13 4.13 4.13 4.13 3.97 3.97 3.97 3.97 4.01 4.01 4.01 4.01 4.06 4.06 4.06 2.17 5.64 4.10 4.10 1.61 1.63 1.61 0.94 1.20 1.99 1.20 1.59 3.95 3.82 3.82 3.82 6.54 3.72 3.72 3.72 3.72
8.23 15.28 8.23 8.23 4.81 4.81 4.81 4.81 5.13 5.13 5.13 5.13 5.22 5.22 5.22 5.22 5.25 2.19 2.19 2.19 1.85 4.57 4.57 4.57 4.52 4.52 4.52 4.52 4.39 4.39 4.39 4.39 4.32 4.32 4.32 4.32 10.98 4.12 4.12 4.12 4.05 4.05 4.05 4.05 4.07 4.07 4.07 4.07 4.13 4.13 4.13 4.13 3.97 3.97 3.97 3.97 4.01 4.01 4.01 4.01 4.06 4.06 1.60 4.06 5.64 4.10 4.10 1.61 0.86 3.38 3.38 1.20 1.20 1.20 1.59 3.95 3.82 3.82 3.82 3.82 3.72 3.72 3.72 3.72
8.23 8.23 8.23 8.23 4.81 4.81 4.81 4.81 5.13 5.13 5.13 5.13 5.22 5.22 5.22 5.22 5.25 2.19 2.19 2.19 1.85 4.57 4.57 4.57 4.52 4.52 8.53 4.52 4.39 4.39 8.27 4.39 4.32 4.32 4.32 4.32 6.97 4.12 4.12 4.12 6.72 4.05 4.05 4.05 4.07 4.07 4.07 4.07 4.13 4.13 4.13 4.13 3.97 3.97 3.97 3.97 4.01 4.01 4.01 4.01 4.06 4.06 4.06 1.64 1.62 4.10 4.10 4.10 0.86 3.45 3.45 2.10 1.20 6.85 3.95 3.95 3.82 3.82 3.82 3.82 3.72 3.72 3.72 3.72
8.23 8.23 8.23 8.23 4.81 4.81 4.81 4.81 5.13 5.13 5.13 5.13 5.22 5.22 5.22 5.22 5.25 2.19 2.19 2.19 4.57 4.57 4.57 4.57 8.53 1.82 8.53 4.52 4.39 4.39 8.27 4.39 4.32 4.32 4.32 4.32 14.22 4.12 4.12 4.12 4.05 4.05 4.05 4.05 4.07 4.07 4.07 4.07 4.13 4.13 4.13 4.13 3.97 3.97 3.97 3.97 4.01 4.01 4.01 4.01 4.06 4.06 4.06 3.28 1.81 4.10 4.10 4.10 1.42 1.78 3.45 1.78 2.10 1.59 1.69 3.95 3.82 3.82 3.82 3.82 3.72 3.72 3.72 3.72
15.32 8.26 8.26 8.26 8.01 4.98 4.98 4.98 5.23 5.23 5.23 5.23 5.27 5.27 5.27 5.27 5.26 2.19 2.19 5.26 4.55 4.55 4.55 8.60 5.87 1.81 1.81 4.50 4.36 4.36 4.36 4.36 4.30 4.30 4.30 11.37 4.12 4.12 4.12 4.12 4.11 4.11 4.11 4.11 4.11 4.11 4.11 4.11 4.13 5.93 4.13 4.13 3.99 3.99 3.99 3.99 4.02 4.02 4.02 4.02 4.03 6.68 4.03 1.58 1.13 2.94 1.13 1.61 1.78 1.78 1.50 3.45 6.17 3.45 1.06 3.88 3.80 3.80 3.80 3.80 3.78 3.78 3.78 3.78
8.26 8.26 8.26 8.26 8.01 4.98 4.98 4.98 5.23 5.23 5.23 5.23 5.27 5.27 5.27 2.20 2.19 2.19 5.26 5.26 4.55 4.55 4.55 4.55 4.50 1.81 4.59 8.39 4.36 4.36 4.36 4.36 4.30 4.30 4.30 4.30 4.12 4.12 4.12 4.12 4.11 4.11 4.11 4.11 4.11 4.11 4.11 4.11 2.26 4.13 4.13 4.13 3.99 3.99 6.62 3.99 4.02 4.02 4.02 4.02 4.03 4.03 4.03 1.58 1.13 2.02 2.02 1.13 0.98 3.45 1.50 3.45 4.46 1.41 1.41 3.38 1.52 3.80 3.80 1.52 1.51 1.51 3.78 4.85
8.26 8.26 8.26 8.26 8.01 8.01 4.98 4.98 5.23 5.23 5.23 5.23 2.20 2.25 2.20 2.20 2.19 2.19 5.26 5.26 4.55 4.55 4.55 4.62 4.59 1.81 1.81 4.50 1.74 1.74 4.36 4.36 4.30 4.30 4.30 4.30 4.12 4.12 4.12 4.12 4.11 4.11 4.11 4.11 4.11 4.11 4.11 4.11 4.13 4.13 4.13 4.13 3.99 3.99 3.99 3.99 4.02 4.02 4.02 4.02 4.03 4.03 1.58 1.01 1.13 1.61 5.02 3.86 1.78 3.45 1.78 3.45 3.45 1.41 3.45 3.72 3.72 6.63 1.53 1.53 1.52 1.32 3.38 5.68
8.26 8.26 8.26 8.26 8.01 8.01 4.98 4.98 5.23 5.23 5.23 5.23 2.20 2.21 2.21 2.22 2.19 5.26 5.26 5.26 4.55 4.69 8.80 4.62 4.59 4.50 1.81 1.81 1.82 1.74 1.74 4.36 4.30 4.30 4.30 4.49 1.07 1.73 4.12 4.12 4.11 4.11 4.11 4.11 4.11 4.11 4.11 6.83 4.13 4.13 4.13 4.13 3.99 3.99 6.62 3.99 4.02 4.02 4.02 4.02 4.03 4.03 1.58 1.58 2.02 1.61 3.86 3.86 1.78 3.45 3.45 1.50 3.45 3.45 3.72 3.72 3.72 3.72 7.79 7.79 3.72 3.72 3.72 3.72
8.43 8.43 8.43 8.43 8.16 8.16 5.09 5.09 5.26 5.26 5.26 5.26 2.20 2.21 2.23 2.23 5.25 5.25 5.25 5.25 4.55 4.69 4.61 4.61 1.85 1.85 1.83 1.81 2.65 2.61 4.17 8.12 4.22 4.22 4.22 4.22 7.66 8.09 4.14 4.14 4.19 4.19 4.19 4.19 4.13 4.13 4.13 4.13 4.12 4.12 4.12 4.12 4.00 4.00 1.57 4.00 4.04 4.04 4.04 2.16 2.15 4.01 1.57 1.57 1.01 2.02 3.86 3.86 3.45 1.78 3.45 3.45 3.45 3.72 3.72 3.72 3.72 7.79 7.79 0.00 7.79 7.79 3.72 3.72
8.43 8.43 8.43 8.43 8.16 8.16 8.16 5.09 5.26 5.26 5.26 5.26 2.20 2.21 2.20 5.28 5.25 5.25 5.25 5.25 4.55 4.61 8.71 4.61 1.85 1.89 1.89 1.81 1.72 4.14 1.72 4.32 4.22 4.22 4.22 4.22 4.08 6.75 3.47 6.92 4.19 4.19 4.19 4.19 4.13 4.13 4.13 4.13 4.12 4.12 4.12 4.12 4.00 4.00 1.13 1.13 2.52 4.04 4.14 5.64 5.64 9.59 4.01 1.57 1.58 3.86 2.02 3.86 3.45 3.45 3.45 3.45 3.72 3.72 3.72 3.72 7.79 7.79 7.79 0.00 0.00 0.00 7.79 1.98
