New_Model_Runs/16_Future_RCP8.5_Scn3_out/post_prcessed_with_MFR/Monthly_summaries/runoff_monthly_JUN.asc
NCOLS 700
NROWS 400
XLLCENTER 515000.000000
YLLCENTER 8409000.000000
CELLSIZE 50.000000
NODATA_value -999.000000
[rows 74 to 110 of 400, columns 332 to 414 of 700]
0.00 0.00 0.00 0.00 0.00 0.00 0.00 0.00 0.00 0.00 0.00 0.00 0.00 0.00 0.00 0.00 0.00 0.00 0.00 0.00 0.00 0.00 0.00 0.00 0.00 0.00 0.00 0.00 0.00 0.00 0.00 0.00 0.00 0.00 0.00 0.00 0.00 0.00 0.00 0.00 0.00 0.00 0.00 0.00 0.00 0.00 0.00 0.00 0.00 0.00 0.00 0.00 0.00 0.00 0.00 0.00 0.00 0.00 0.00 0.00 0.00 0.00 0.00 5.88 10.85 10.85 5.77 5.77 5.79 5.79 5.79 5.79 5.96 3.65 3.27 3.27 0.00 0.00 0.00 0.00 0.00 0.00 0.00
0.00 0.00 0.00 0.00 0.00 0.00 0.00 0.00 0.00 0.00 0.00 0.00 0.00 0.00 0.00 0.00 0.00 0.00 0.00 0.00 0.00 0.00 0.00 0.00 0.00 0.00 0.00 0.00 0.00 0.00 0.00 0.00 0.00 0.00 0.00 0.00 0.00 0.00 0.00 0.00 0.00 0.00 0.00 0.00 0.00 0.00 0.00 0.00 0.00 0.00 0.00 0.00 0.00 0.00 0.00 0.00 0.00 0.00 0.00 0.00 0.00 0.00 5.88 11.24 8.50 5.77 5.77 5.77 5.79 5.79 5.79 5.79 5.96 3.65 5.74 15.79 0.00 0.00 0.00 0.00 0.00 0.00 0.00
0.00 0.00 0.00 0.00 0.00 0.00 0.00 0.00 0.00 0.00 0.00 0.00 0.00 0.00 0.00 0.00 0.00 0.00 0.00 0.00 0.00 0.00 0.00 0.00 0.00 0.00 0.00 0.00 0.00 0.00 0.00 0.00 0.00 0.00 0.00 0.00 0.00 0.00 0.00 0.00 0.00 0.00 0.00 0.00 0.00 0.00 0.00 0.00 0.00 0.00 0.00 0.00 7.72 5.19 0.00 0.00 0.00 0.00 0.00 0.00 0.00 15.72 10.75 5.72 5.73 5.73 3.49 3.49 6.03 3.70 3.70 3.70 3.77 5.74 5.74 0.00 0.00 0.00 0.00 0.00 0.00 0.00 0.00
0.00 0.00 0.00 0.00 0.00 0.00 0.00 0.00 0.00 0.00 0.00 0.00 0.00 0.00 0.00 0.00 0.00 0.00 0.00 0.00 0.00 0.00 0.00 0.00 0.00 0.00 0.00 0.00 0.00 0.00 0.00 0.00 0.00 0.00 0.00 0.00 0.00 0.00 0.00 0.00 0.00 0.00 0.00 0.00 0.00 0.00 0.00 0.00 0.00 0.00 0.00 0.00 7.49 5.97 5.97 0.00 0.00 0.00 5.87 5.87 5.72 5.72 15.72 5.72 5.73 3.49 3.49 3.49 3.70 3.70 5.74 5.74 5.74 5.74 0.00 0.00 0.00 0.00 0.00 0.00 0.00 0.00 0.00
0.00 0.00 0.00 0.00 0.00 0.00 0.00 0.00 0.00 0.00 0.00 0.00 0.00 0.00 0.00 0.00 0.00 0.00 0.00 0.00 0.00 0.00 0.00 0.00 0.00 0.00 0.00 0.00 0.00 0.00 0.00 0.00 0.00 0.00 0.00 0.00 0.00 0.00 0.00 0.00 0.00 0.00 0.00 0.00 0.00 0.00 0.00 0.00 0.00 0.00 0.00 0.00 5.97 5.97 5.97 5.97 5.87 5.87 5.87 5.87 5.72 10.34 10.75 5.72 5.73 3.20 3.20 7.96 8.08 8.08 8.08 8.08 8.08 0.00 0.00 0.00 0.00 0.00 0.00 0.00 0.00 0.00 0.00
0.00 0.00 0.00 0.00 0.00 0.00 0.00 0.00 0.00 0.00 0.00 0.00 0.00 0.00 0.00 0.00 0.00 0.00 0.00 0.00 0.00 0.00 0.00 0.00 0.00 0.00 0.00 0.00 0.00 0.00 0.00 0.00 0.00 0.00 0.00 0.00 0.00 0.00 0.00 0.00 0.00 0.00 0.00 0.00 0.00 0.00 0.00 0.00 0.00 0.00 0.00 7.47 5.97 5.97 5.97 5.97 5.87 5.87 5.87 5.87 5.72 5.19 5.72 5.72 5.88 4.37 3.49 7.96 8.08 8.08 8.08 8.08 0.00 0.00 0.00 0.00 0.00 0.00 0.00 0.00 0.00 0.00 0.00
0.00 0.00 0.00 0.00 0.00 0.00 0.00 0.00 0.00 0.00 0.00 0.00 0.00 0.00 0.00 0.00 0.00 0.00 0.00 0.00 0.00 0.00 0.00 0.00 0.00 0.00 0.00 0.00 0.00 0.00 0.00 0.00 0.00 0.00 0.00 0.00 0.00 0.00 0.00 0.00 0.00 0.00 0.00 0.00 0.00 0.00 0.00 0.00 0.00 0.00 0.00 5.88 5.92 5.92 5.92 5.92 5.71 5.71 5.71 5.71 5.79 5.79 5.79 5.79 6.02 3.88 6.02 7.96 8.08 8.08 8.08 0.00 0.00 0.00 0.00 0.00 0.00 0.00 0.00 0.00 0.00 0.00 0.00
0.00 0.00 0.00 0.00 0.00 0.00 0.00 0.00 0.00 0.00 0.00 0.00 0.00 0.00 0.00 0.00 0.00 0.00 0.00 0.00 0.00 0.00 0.00 0.00 0.00 0.00 0.00 0.00 0.00 0.00 0.00 0.00 0.00 0.00 0.00 0.00 0.00 0.00 0.00 0.00 0.00 0.00 4.87 0.00 0.00 0.00 0.00 0.00 0.00 0.00 0.00 5.88 5.92 5.92 5.92 5.92 5.71 11.80 5.71 5.71 11.31 6.10 5.79 5.79 6.02 6.02 6.02 7.96 8.08 8.08 0.00 0.00 0.00 0.00 0.00 0.00 0.00 0.00 0.00 0.00 0.00 0.00 0.00
0.00 0.00 0.00 0.00 0.00 0.00 0.00 0.00 0.00 0.00 0.00 0.00 0.00 0.00 0.00 0.00 0.00 0.00 0.00 0.00 0.00 0.00 0.00 0.00 0.00 0.00 0.00 0.00 0.00 0.00 0.00 0.00 0.00 0.00 0.00 0.00 0.00 0.00 0.00 0.00 0.00 3.72 3.72 3.72 3.73 0.00 0.00 0.00 0.00 0.00 0.00 6.82 6.85 6.85 6.85 6.85 6.61 6.61 6.61 6.61 6.31 6.31 6.71 6.71 6.96 6.96 4.53 9.47 9.99 0.00 0.00 0.00 0.00 0.00 0.00 0.00 0.00 0.00 0.00 0.00 0.00 0.00 0.00
0.00 0.00 0.00 0.00 0.00 0.00 0.00 0.00 0.00 0.00 0.00 0.00 0.00 0.00 0.00 0.00 0.00 0.00 0.00 0.00 0.00 0.00 0.00 0.00 0.00 0.00 0.00 0.00 0.00 0.00 0.00 0.00 0.00 0.00 0.00 0.00 0.00 0.00 0.00 0.00 3.72 3.72 3.72 3.72 6.01 1.28 1.28 3.62 8.58 6.82 6.82 6.82 6.85 6.85 6.85 6.85 6.61 6.61 6.61 6.61 6.71 6.71 6.71 6.71 4.37 3.96 3.96 9.47 9.99 0.00 0.00 0.00 0.00 0.00 0.00 0.00 0.00 0.00 0.00 0.00 0.00 0.00 0.00
0.00 0.00 0.00 0.00 0.00 0.00 0.00 0.00 0.00 0.00 0.00 0.00 0.00 0.00 0.00 0.00 0.00 0.00 0.00 0.00 0.00 0.00 0.00 0.00 0.00 0.00 0.00 0.00 0.00 0.00 0.00 0.00 0.00 0.00 0.00 0.00 0.00 0.00 8.57 3.75 3.69 3.69 3.69 3.69 3.70 1.70 1.27 1.27 3.65 6.65 6.65 12.89 6.65 6.65 6.65 6.65 6.70 6.70 6.70 6.70 7.03 7.03 7.03 7.03 4.49 3.96 11.01 6.84 38.28 0.00 0.00 0.00 0.00 0.00 0.00 0.00 0.00 0.00 0.00 0.00 0.00 0.00 0.00
0.00 0.00 0.00 0.00 0.00 0.00 0.00 0.00 0.00 0.00 0.00 0.00 0.00 0.00 0.00 0.00 0.00 0.00 0.00 0.00 0.00 0.00 0.00 0.00 0.00 0.00 0.00 0.00 0.00 0.00 0.00 0.00 0.00 0.00 0.00 0.00 20.64 3.75 3.75 3.75 3.69 3.69 3.69 3.69 3.70 1.27 1.27 1.27 3.65 5.89 6.65 6.65 6.65 6.65 6.65 6.65 6.70 6.70 6.70 6.70 4.41 4.41 4.41 3.96 3.96 5.36 11.01 6.84 17.38 0.00 0.00 0.00 0.00 0.00 0.00 0.00 0.00 0.00 0.00 0.00 0.00 0.00 0.00
0.00 0.00 0.00 0.00 0.00 0.00 0.00 0.00 0.00 0.00 0.00 0.00 0.00 0.00 0.00 0.00 0.00 0.00 0.00 0.00 0.00 0.00 0.00 0.00 0.00 0.00 0.00 0.00 0.00 0.00 0.00 0.00 0.00 0.00 0.00 0.00 0.00 6.06 3.75 3.75 3.69 3.69 5.95 3.69 3.70 1.27 1.27 2.45 3.65 3.65 3.65 6.65 6.65 19.05 6.65 6.65 6.70 6.70 6.70 6.70 4.41 4.41 3.96 3.96 5.36 11.01 7.41 6.84 0.00 0.00 0.00 0.00 0.00 0.00 0.00 0.00 0.00 0.00 0.00 0.00 0.00 0.00 7.12
0.00 0.00 0.00 0.00 0.00 0.00 0.00 0.00 0.00 0.00 0.00 0.00 0.00 0.00 0.00 0.00 0.00 0.00 0.00 0.00 0.00 0.00 0.00 0.00 0.00 0.00 0.00 0.00 0.00 0.00 0.00 0.00 0.00 0.00 0.00 0.00 0.00 3.75 3.75 3.75 3.69 3.69 3.69 3.69 3.70 5.96 1.27 1.27 3.65 3.65 3.65 3.65 6.65 13.30 6.65 6.31 6.70 6.70 6.70 6.70 7.03 3.57 3.96 3.96 3.96 5.36 7.41 6.84 0.00 0.00 0.00 0.00 0.00 0.00 0.00 0.00 0.00 0.00 0.00 0.00 0.00 5.74 7.12
0.00 0.00 0.00 0.00 0.00 0.00 0.00 0.00 0.00 0.00 0.00 0.00 0.00 0.00 0.00 0.00 0.00 0.00 0.00 0.00 0.00 0.00 0.00 0.00 0.00 0.00 0.00 0.00 0.00 0.00 0.00 0.00 0.00 0.00 0.00 0.00 0.00 0.00 3.83 3.83 3.73 3.73 3.73 3.73 3.66 3.66 1.25 1.25 1.22 3.59 3.59 2.55 3.99 7.10 7.10 6.79 7.00 7.00 7.00 7.00 7.17 7.17 3.62 3.96 3.96 6.84 7.41 6.84 0.00 0.00 0.00 0.00 0.00 0.00 0.00 0.00 0.00 0.00 0.00 0.00 5.12 7.15 7.15
0.00 0.00 0.00 0.00 0.00 0.00 0.00 0.00 0.00 0.00 0.00 0.00 0.00 0.00 0.00 0.00 0.00 0.00 0.00 0.00 0.00 0.00 0.00 0.00 0.00 0.00 0.00 0.00 0.00 0.00 0.00 0.00 0.00 0.00 0.00 0.00 0.00 0.00 0.00 3.83 3.73 3.73 3.73 3.73 3.66 3.66 3.66 5.91 1.22 3.59 2.55 2.55 2.67 1.94 6.79 6.79 7.00 7.00 7.00 7.00 7.17 4.52 3.96 3.96 6.84 6.84 7.41 6.84 9.99 0.00 0.00 0.00 0.00 0.00 0.00 0.00 0.00 0.00 0.00 7.25 13.90 7.15 7.15
0.00 0.00 0.00 0.00 0.00 0.00 0.00 0.00 0.00 0.00 0.00 0.00 0.00 0.00 0.00 0.00 0.00 0.00 0.00 0.00 0.00 0.00 0.00 0.00 0.00 0.00 0.00 5.49 0.00 0.00 0.00 0.00 0.00 0.00 0.00 0.00 0.00 0.00 0.00 6.15 3.73 3.73 6.03 3.73 3.66 3.66 3.66 3.66 3.59 3.59 3.77 2.55 3.76 1.94 3.76 6.79 7.00 4.39 4.39 4.39 4.52 4.52 3.96 6.84 6.84 7.41 7.41 9.47 9.99 9.99 9.99 17.07 0.00 0.00 0.00 0.00 11.47 11.47 7.90 7.25 7.15 7.15 7.15
0.00 0.00 0.00 0.00 0.00 0.00 0.00 0.00 0.00 0.00 0.00 0.00 0.00 0.00 0.00 0.00 0.00 0.00 0.00 0.00 0.00 0.00 0.00 0.00 0.00 0.00 0.00 3.54 3.54 3.54 0.00 0.00 0.00 0.00 0.00 0.00 0.00 0.00 0.00 0.00 3.73 3.73 3.73 3.73 3.66 3.66 3.66 7.48 3.59 3.59 3.59 3.59 3.76 3.76 3.76 3.76 4.39 4.39 4.39 8.08 8.22 7.17 3.96 6.84 7.41 7.41 11.01 13.40 9.99 7.31 7.31 13.66 9.99 9.99 22.89 11.47 22.89 11.47 11.47 7.25 7.15 7.15 7.15
0.00 0.00 0.00 0.00 0.00 0.00 0.00 0.00 0.00 0.00 0.00 0.00 0.00 0.00 0.00 0.00 0.00 0.00 0.00 0.00 0.00 0.00 0.00 0.00 0.00 0.00 0.00 3.55 3.55 3.55 3.55 0.00 0.00 0.00 0.00 0.00 0.00 0.00 0.00 0.00 3.77 3.77 3.77 3.77 3.64 3.64 3.64 5.86 5.85 3.63 3.63 3.63 3.87 3.87 3.87 3.87 3.93 8.14 7.03 7.03 7.17 7.17 7.17 3.96 5.36 5.36 6.84 3.96 5.74 7.31 7.31 11.12 7.31 11.47 11.47 22.89 11.47 33.79 16.70 5.74 5.12 7.24 5.34
0.00 0.00 0.00 0.00 0.00 0.00 0.00 0.00 0.00 0.00 0.00 0.00 0.00 0.00 0.00 0.00 0.00 0.00 0.00 0.00 0.00 0.00 0.00 0.00 0.00 0.00 0.00 3.55 3.55 3.55 3.55 5.70 0.00 0.00 0.00 0.00 0.00 0.00 0.00 0.00 0.00 3.77 3.77 3.77 3.64 3.64 3.64 3.64 3.63 3.63 3.63 5.85 3.87 8.95 3.87 8.95 3.93 3.93 7.03 7.03 7.17 7.17 7.30 3.96 5.98 10.47 12.25 8.95 10.32 7.31 4.25 9.20 7.27 9.99 11.47 11.47 7.90 10.32 5.74 4.25 7.24 5.34 3.66
0.00 0.00 0.00 0.00 0.00 0.00 0.00 0.00 0.00 0.00 0.00 0.00 0.00 0.00 0.00 0.00 0.00 0.00 0.00 0.00 0.00 0.00 0.00 0.00 0.00 0.00 7.98 3.55 3.55 3.55 3.55 3.55 3.59 0.00 0.00 0.00 0.00 0.00 0.00 0.00 0.00 3.77 3.77 3.77 3.64 3.64 3.64 3.64 5.85 3.63 3.63 3.63 3.87 3.87 6.28 3.87 3.93 3.93 3.93 7.03 7.17 7.17 3.96 3.96 7.91 7.22 11.30 7.22 5.74 7.31 13.71 4.25 7.27 9.99 9.99 11.47 11.47 5.74 5.74 4.25 10.17 4.56 4.56
0.00 0.00 0.00 0.00 0.00 0.00 0.00 0.00 0.00 0.00 0.00 0.00 0.00 0.00 0.00 0.00 0.00 0.00 0.00 0.00 0.00 0.00 0.00 0.00 0.00 0.00 15.25 3.55 3.55 3.55 3.55 3.55 5.74 3.59 0.00 0.00 0.00 0.00 0.00 0.00 3.77 3.77 3.77 3.77 5.86 3.64 3.64 3.64 5.88 3.63 3.63 3.63 3.87 3.87 3.87 3.87 3.93 3.93 3.93 3.93 7.17 4.51 4.51 3.96 17.19 7.22 7.22 7.22 5.74 4.25 12.64 5.74 7.32 4.25 9.99 11.47 11.47 11.47 10.32 4.25 4.56 4.56 4.56
0.00 0.00 0.00 0.00 0.00 0.00 0.00 0.00 0.00 0.00 0.00 0.00 0.00 0.00 0.00 0.00 0.00 0.00 0.00 0.00 7.97 16.34 15.26 7.97 7.94 7.94 7.94 7.94 3.51 3.51 3.51 3.51 3.57 3.57 3.57 0.00 0.00 0.00 0.00 0.00 3.75 3.75 3.75 3.75 3.68 3.68 3.68 3.68 3.68 3.68 3.68 3.68 3.86 3.86 3.86 3.86 3.91 3.91 3.91 3.91 4.03 1.42 4.51 3.71 8.95 7.16 5.36 7.16 5.74 4.54 4.54 7.21 7.28 4.60 9.99 11.68 7.33 7.33 5.74 4.25 3.97 6.41 6.41
0.00 0.00 0.00 0.00 0.00 0.00 0.00 0.00 0.00 0.00 0.00 15.69 7.47 7.47 0.00 0.00 15.69 7.48 7.48 15.70 7.97 7.97 7.97 16.21 7.94 7.94 7.94 7.94 3.51 7.94 3.51 3.51 3.57 3.57 3.57 3.57 3.84 3.84 3.84 3.84 3.75 3.75 3.75 3.75 3.68 3.68 3.68 3.68 3.68 3.68 3.68 5.94 8.59 3.86 3.86 3.86 3.91 3.91 3.91 3.91 4.03 1.42 1.42 10.77 7.16 7.16 5.36 7.29 5.33 3.65 7.21 7.21 7.28 9.02 6.41 9.50 4.63 5.74 4.25 4.63 3.68 4.62 4.62
0.00 0.00 0.00 0.00 0.00 0.00 0.00 0.00 0.00 0.00 0.00 8.49 8.46 8.46 8.46 8.46 8.48 8.48 8.48 16.27 9.01 9.01 9.01 9.01 17.29 17.27 8.99 8.99 4.17 6.81 4.17 4.17 6.88 4.24 4.24 4.24 4.51 4.51 4.51 7.41 4.41 4.41 4.41 4.41 4.32 4.32 7.07 4.32 4.32 4.32 7.08 4.32 7.13 4.35 4.35 4.35 4.41 4.41 4.41 4.41 7.39 3.27 0.96 4.54 8.16 8.16 5.63 5.63 13.12 4.88 17.19 7.68 7.75 10.02 6.87 4.58 4.58 4.58 4.97 4.97 4.58 4.58 6.87
0.00 0.00 0.00 0.00 0.00 0.00 0.00 0.00 0.00 0.00 0.00 0.00 8.46 8.46 8.46 8.46 16.18 16.18 8.48 8.48 17.32 9.01 9.01 9.01 8.99 17.23 8.99 8.99 10.46 4.17 4.17 4.17 4.24 4.24 4.24 4.24 4.51 4.51 4.51 4.51 4.41 4.41 4.41 7.17 7.07 4.32 4.32 4.32 4.32 4.32 7.08 4.32 4.35 4.35 4.35 4.35 4.41 4.41 4.41 4.41 4.54 1.66 1.71 4.54 4.54 8.16 8.16 8.16 7.68 7.68 29.00 7.68 7.75 6.16 4.58 4.58 4.58 4.58 4.97 4.97 4.58 4.58 4.29
0.00 0.00 0.00 0.00 0.00 0.00 0.00 0.00 0.00 0.00 0.00 0.00 16.18 8.43 8.43 8.43 8.37 8.37 8.37 16.06 8.94 17.17 8.94 8.94 8.95 17.20 8.95 8.95 8.92 4.14 6.76 4.14 4.16 4.16 4.16 4.16 7.06 7.21 4.40 4.40 4.37 4.37 4.37 12.40 4.35 4.35 4.35 4.35 4.33 4.33 4.33 4.33 4.32 4.32 4.32 4.32 4.40 4.40 4.40 4.40 4.50 4.50 4.50 4.50 4.47 4.47 7.74 7.74 7.64 14.87 14.87 7.64 7.75 7.75 4.58 7.89 4.29 9.30 5.18 8.15 4.58 13.42 4.29
0.00 0.00 0.00 0.00 0.00 0.00 0.00 0.00 0.00 0.00 0.00 0.00 8.43 8.43 8.43 8.43 8.37 8.37 8.37 8.37 8.94 8.94 17.17 8.94 8.95 17.20 8.95 8.95 8.92 4.14 4.14 4.14 4.16 4.16 4.16 4.16 4.40 4.40 4.40 4.40 4.37 4.37 4.37 4.37 7.13 4.35 7.13 4.35 4.33 4.33 4.33 4.33 4.32 4.32 4.32 4.32 4.40 7.22 4.40 4.40 4.50 4.50 7.40 4.50 4.47 4.47 4.47 7.74 7.64 7.64 7.64 7.64 7.75 7.75 4.58 4.94 5.18 4.58 6.87 8.15 4.97 4.13 6.87
0.00 0.00 0.00 0.00 0.00 0.00 0.00 0.00 0.00 0.00 0.00 25.79 16.18 23.58 16.18 8.43 8.37 8.37 8.37 8.37 8.94 8.94 8.94 8.94 8.95 8.95 17.20 8.95 8.92 8.92 4.14 6.76 4.16 4.16 4.16 6.79 9.17 4.40 4.40 4.40 7.16 4.37 4.37 4.37 4.35 4.35 4.35 4.35 4.33 4.33 4.33 4.33 4.32 4.32 4.32 4.32 4.40 4.40 4.40 4.40 4.50 4.50 12.86 4.50 4.47 4.47 4.47 4.47 7.64 7.64 7.64 7.64 7.75 7.75 11.00 4.94 5.18 5.18 7.89 13.37 7.80 4.97 4.13
0.00 0.00 0.00 0.00 0.00 0.00 0.00 0.00 0.00 0.00 17.19 8.61 8.43 8.43 16.14 16.12 8.37 8.37 8.37 8.37 8.94 8.94 8.94 33.44 8.95 8.95 8.95 8.95 8.92 8.92 4.14 4.14 4.16 4.16 4.16 4.16 7.04 10.87 4.40 4.40 4.37 4.37 4.37 10.20 4.35 4.35 4.35 4.35 4.33 4.33 4.33 4.33 7.06 4.32 4.32 4.32 4.40 4.40 4.40 4.40 4.50 7.36 7.36 4.50 4.47 4.47 4.47 4.47 4.39 7.64 7.64 7.64 7.75 7.75 7.75 4.94 5.18 4.58 4.58 7.15 7.80 7.80 4.13
0.00 0.00 0.00 0.00 0.00 0.00 0.00 0.00 0.00 17.19 8.60 8.60 8.39 8.39 8.39 8.39 15.96 8.32 8.32 8.32 8.86 8.86 8.86 17.02 8.90 8.90 8.90 8.90 8.90 8.90 4.13 4.13 4.13 4.13 4.13 4.13 7.00 4.36 9.19 7.13 4.34 4.34 4.34 4.34 4.35 4.35 4.35 4.35 4.30 4.30 7.05 7.04 7.04 4.30 4.30 4.30 4.40 4.40 4.40 4.40 4.44 4.44 4.44 4.44 4.41 4.41 4.41 4.41 4.34 4.34 9.29 7.57 7.67 7.67 14.93 7.67 7.72 7.72 4.10 4.10 4.09 7.68 14.95
0.00 0.00 0.00 0.00 0.00 0.00 0.00 0.00 0.00 10.82 8.60 8.60 8.39 8.39 8.39 8.39 8.32 8.32 8.32 8.32 16.53 8.86 8.86 17.02 17.10 8.90 8.90 24.98 17.09 8.90 8.90 4.13 4.13 4.13 4.13 4.13 4.36 4.36 4.36 4.36 4.34 4.34 4.34 4.34 4.35 4.35 4.35 4.35 4.30 4.30 4.30 4.30 4.30 4.30 4.30 4.30 4.40 4.40 4.40 4.40 7.27 4.44 7.29 4.44 4.41 4.41 2.29 4.41 4.34 4.34 4.34 7.57 7.67 7.67 7.67 14.93 7.72 7.72 10.15 9.36 10.88 7.68 7.68
0.00 0.00 0.00 0.00 0.00 0.00 0.00 0.00 0.00 10.82 16.52 8.60 8.39 16.10 8.39 8.39 8.32 8.32 8.32 8.32 8.86 8.86 8.86 8.86 8.90 17.10 8.90 8.90 8.90 8.90 8.90 4.13 16.34 4.13 4.13 9.63 7.14 4.36 4.36 4.36 4.34 4.34 4.34 4.34 4.35 4.35 4.35 4.35 4.30 7.05 4.30 4.30 4.30 4.30 4.30 4.30 7.16 4.40 4.40 4.40 4.44 4.44 4.44 4.44 4.41 4.41 10.36 12.50 4.34 4.34 7.11 4.34 7.67 7.67 7.67 7.67 7.72 7.72 7.72 4.91 4.88 7.68 7.68
0.00 0.00 0.00 0.00 0.00 0.00 0.00 0.00 0.00 8.60 16.52 8.60 8.39 8.39 8.39 8.39 8.32 15.93 8.32 8.32 8.86 8.86 8.86 8.86 8.90 8.90 8.90 8.90 8.90 8.90 8.90 8.90 6.74 4.13 4.13 4.13 4.36 7.13 4.36 4.36 4.34 4.34 4.34 4.34 4.35 4.35 7.10 4.35 4.30 4.30 4.30 4.30 4.30 4.30 4.30 4.30 7.13 4.40 4.40 4.40 4.44 7.29 4.44 4.44 7.19 4.41 4.41 7.19 4.34 4.34 4.34 4.34 4.42 7.67 7.67 7.67 14.88 7.72 21.99 7.72 4.88 7.68 7.68
0.00 0.00 0.00 0.00 0.00 0.00 0.00 0.00 0.00 8.57 8.57 8.57 8.35 8.35 8.35 8.35 8.29 8.29 15.90 8.29 8.81 8.81 8.81 8.81 8.89 8.89 17.08 8.89 8.92 17.14 8.92 8.92 4.12 16.38 4.12 4.12 4.33 4.33 7.10 4.33 4.31 4.31 4.31 4.31 4.32 4.32 7.08 4.32 4.26 4.26 6.97 4.26 4.26 4.26 4.26 4.26 4.34 4.34 4.34 4.34 4.34 4.34 4.34 4.34 4.34 4.34 4.34 4.34 4.27 4.27 6.98 7.00 4.29 4.29 7.51 7.51 7.54 7.54 7.54 7.54 7.49 7.49 7.49
0.00 0.00 0.00 0.00 0.00 0.00 0.00 10.82 17.19 13.58 16.45 8.57 8.35 8.35 8.35 8.35 8.29 8.29 8.29 8.29 8.81 8.81 8.81 8.81 8.89 8.89 8.89 8.89 8.92 17.14 8.92 8.92 4.12 10.37 6.73 4.12 4.33 4.33 12.33 4.33 7.07 4.31 4.31 4.31 7.07 4.32 7.08 4.32 4.26 4.26 4.26 4.26 4.26 4.26 4.26 9.97 4.34 7.12 4.34 7.12 4.34 4.34 4.34 4.34 4.34 4.34 4.34 4.34 4.27 4.27 6.98 4.27 4.29 4.29 4.29 7.51 7.54 7.54 11.84 8.65 8.60 8.60 8.60
0.00 0.00 0.00 0.00 0.00 0.00 0.00 0.00 8.57 8.57 8.57 8.57 8.35 8.35 8.35 8.35 8.29 8.29 8.29 8.29 41.14 8.81 8.81 8.81 8.89 8.89 25.50 8.89 8.92 8.92 17.14 8.92 8.89 4.12 4.12 4.12 4.33 7.10 4.33 7.10 7.07 4.31 4.31 4.31 7.07 4.32 4.32 4.32 4.26 4.26 4.26 6.97 4.26 4.26 4.26 4.26 4.34 4.34 4.34 4.34 4.34 4.34 4.34 4.34 4.34 4.34 4.34 4.34 7.02 4.27 4.27 6.98 4.29 4.29 4.29 4.29 8.65 8.65 8.65 8.65 8.60 8.60 8.60
