New_Model_Runs/16_Future_RCP8.5_Scn3_out/post_prcessed_with_MFR/Monthly_summaries/runoff_monthly_JUN.asc
NCOLS 700
NROWS 400
XLLCENTER 515000.000000
YLLCENTER 8409000.000000
CELLSIZE 50.000000
NODATA_value -999.000000
[rows 114 to 151 of 400, columns 420 to 503 of 700]
2.51 5.79 2.51 5.81 2.54 2.54 2.54 2.11 2.10 2.10 2.10 2.10 4.05 2.27 2.27 2.27 2.38 2.38 2.38 2.38 2.48 2.48 0.84 0.92 1.23 1.23 0.84 2.07 2.16 0.80 2.41 1.25 0.86 1.21 2.62 2.62 2.58 2.58 2.58 2.58 2.51 2.51 2.51 2.51 1.80 1.80 1.80 1.80 1.81 1.81 1.81 1.81 2.50 2.50 2.50 1.01 1.06 0.74 1.18 3.39 0.76 0.99 0.55 1.86 1.83 1.68 2.82 1.68 3.72 3.72 0.44 1.04 0.99 0.99 0.99 0.99 0.91 0.91 0.91 0.91 0.24 0.29 0.29 0.24
2.51 2.51 2.51 2.51 2.54 2.54 2.54 2.54 2.10 2.10 2.10 2.10 2.27 2.27 2.27 2.27 2.38 2.38 2.38 2.38 2.48 1.22 2.00 1.22 1.23 0.84 1.24 1.23 2.16 4.00 2.41 0.67 1.07 1.92 1.50 2.62 2.58 2.58 2.58 2.58 2.51 2.51 2.51 2.51 1.80 1.80 1.80 1.80 1.81 1.81 1.81 3.80 2.50 2.50 2.50 2.50 1.08 0.83 0.83 0.83 0.76 0.55 0.55 1.86 1.83 1.68 1.68 1.68 3.72 3.72 3.01 1.04 0.99 0.99 0.99 0.99 0.91 0.91 0.91 0.91 0.41 0.28 0.24 0.24
2.61 2.61 2.61 2.61 2.64 2.64 2.64 2.64 2.16 2.16 2.16 2.16 2.32 2.32 2.32 2.32 2.37 2.37 2.37 2.37 2.44 1.20 1.20 1.20 1.20 1.20 1.20 2.45 2.55 2.55 0.86 2.41 2.41 0.86 0.86 1.07 1.06 2.60 2.60 2.60 2.54 2.54 1.03 1.03 1.81 1.83 1.83 1.83 1.82 1.82 1.82 1.82 3.94 4.51 2.48 1.00 1.04 0.83 0.74 0.74 0.94 0.67 0.54 1.83 1.80 0.53 0.53 0.69 0.28 3.72 3.01 1.03 1.45 0.98 0.98 0.98 0.89 0.89 0.89 0.89 0.26 0.22 0.22 0.89
2.61 2.61 2.61 2.61 2.64 2.64 2.64 2.64 2.61 2.16 2.16 2.16 2.32 2.32 2.32 2.32 2.37 2.37 2.37 2.37 2.44 1.20 1.20 2.44 2.45 2.45 2.45 1.43 2.55 1.26 0.86 1.29 0.86 0.86 1.07 1.07 0.76 1.06 1.06 1.06 1.03 1.03 1.03 1.03 0.54 1.83 3.84 1.83 1.82 3.82 1.82 1.82 2.48 2.48 2.48 1.00 1.04 1.04 2.56 2.56 0.54 0.54 0.64 1.83 1.80 1.80 1.80 0.53 0.49 0.49 1.03 1.03 0.98 0.98 0.98 0.98 0.89 1.31 0.89 0.89 0.22 0.89 0.89 0.89
2.61 2.61 2.61 2.61 2.64 2.64 2.64 2.64 2.61 2.16 2.16 2.16 2.32 2.32 2.32 2.32 4.20 4.22 2.37 2.37 2.44 2.44 2.44 2.44 2.45 2.45 2.45 2.45 1.26 1.21 0.76 0.86 3.42 1.07 1.07 1.07 1.06 1.77 1.06 1.60 1.03 1.03 1.03 1.03 0.54 1.83 1.83 1.83 1.82 3.82 1.82 1.82 2.48 2.48 4.51 4.51 2.56 2.56 2.56 2.56 4.45 0.54 0.81 3.82 1.80 1.80 1.80 3.78 1.71 0.66 1.03 1.03 0.98 0.98 0.98 0.98 0.89 1.31 0.89 0.89 0.89 1.31 0.89 0.89
2.61 2.61 2.61 2.61 2.64 2.64 2.64 2.64 2.61 2.16 2.16 2.16 2.32 2.32 2.32 2.32 2.37 2.37 2.37 2.37 2.44 2.44 2.44 2.44 2.45 4.33 2.45 2.45 2.55 3.76 2.62 1.07 1.07 2.41 1.07 1.07 1.06 1.06 1.06 1.06 2.54 2.54 2.54 2.54 1.83 5.47 3.84 1.83 1.82 1.82 1.82 1.82 2.48 2.48 2.48 2.48 2.56 2.56 2.56 2.56 1.83 0.54 0.54 1.83 5.39 3.78 1.80 1.80 1.67 0.49 1.03 1.03 0.98 0.98 0.98 0.98 0.89 0.89 0.89 0.89 0.89 0.89 0.89 1.28
2.76 2.76 2.76 2.76 2.75 2.75 2.75 2.75 2.73 2.73 2.26 2.26 2.41 2.41 2.41 2.41 2.36 2.36 2.36 2.36 2.36 2.36 2.36 2.36 2.40 2.40 2.40 2.40 2.54 2.61 2.61 1.06 0.86 2.41 2.28 1.07 1.05 2.58 2.58 2.58 2.52 2.52 2.52 2.52 1.86 5.53 3.88 1.86 1.84 1.84 1.84 3.87 2.44 2.44 2.44 6.30 2.48 2.48 2.48 2.48 1.78 1.78 1.78 1.78 1.66 1.66 1.66 1.66 1.61 3.51 0.99 0.99 0.97 0.97 0.97 0.97 0.86 0.86 0.86 1.25 0.84 1.22 0.84 1.22
2.76 2.76 1.28 2.76 2.75 2.75 2.75 2.75 2.73 2.73 2.26 2.26 2.41 2.41 2.41 2.41 2.36 2.36 2.36 2.36 2.36 2.36 4.19 2.36 2.40 2.40 1.18 1.18 1.26 1.06 1.06 0.86 0.86 0.86 2.95 1.07 2.53 2.58 2.58 2.58 2.52 2.52 2.52 2.52 3.88 3.88 1.86 1.86 1.84 1.84 3.87 1.84 2.44 2.44 2.44 2.44 2.48 4.50 2.48 2.48 1.78 1.78 3.74 7.66 6.42 3.61 1.66 1.66 1.61 1.61 0.99 0.99 1.43 0.97 1.43 0.97 0.86 0.86 0.86 0.86 0.84 0.84 0.84 0.84
2.76 2.76 1.28 1.28 2.75 2.75 2.75 1.64 2.73 2.73 2.73 2.26 2.41 2.41 2.41 2.41 2.36 2.36 2.36 2.36 2.36 2.36 2.36 2.36 2.40 1.18 1.18 1.18 1.26 1.06 1.20 1.43 0.86 0.86 1.07 1.07 1.05 2.58 2.58 2.58 2.52 4.58 2.52 2.52 1.86 1.86 1.86 1.86 1.84 3.87 1.84 1.84 2.44 2.44 2.44 2.44 2.48 2.48 2.48 2.48 1.78 1.78 1.78 1.78 3.61 1.66 1.66 1.66 1.61 3.51 1.71 0.99 0.97 0.97 0.97 0.97 0.86 0.86 0.86 0.86 0.84 0.84 0.84 0.84
2.76 1.28 1.28 1.28 1.28 1.28 1.28 1.28 2.73 2.73 2.73 2.26 2.41 2.41 2.41 2.41 2.36 2.36 2.36 2.36 2.36 2.36 2.36 2.36 2.40 2.40 2.40 2.40 2.54 2.61 2.61 2.41 0.86 0.86 1.07 0.76 1.05 2.58 2.58 2.58 2.52 2.52 2.52 2.52 1.86 1.86 1.86 1.86 1.84 1.84 3.87 1.84 2.44 2.44 2.44 5.23 2.48 2.48 2.48 2.48 1.78 1.78 1.78 3.63 1.66 1.66 1.66 1.66 1.61 1.63 0.99 1.45 0.97 0.97 0.97 0.97 0.86 0.86 0.86 0.86 0.84 0.84 0.84 0.84
2.80 1.30 1.97 1.30 1.31 1.31 1.31 1.31 1.32 2.79 2.79 2.80 2.48 1.22 1.22 2.48 2.43 2.43 2.43 1.19 2.35 2.35 2.54 2.35 2.35 2.35 2.35 2.35 2.50 2.56 2.56 1.50 2.81 0.86 2.44 0.76 1.05 1.05 2.57 2.57 2.53 2.53 2.53 2.53 2.45 2.45 2.45 2.45 1.86 1.86 1.86 1.86 1.84 1.84 1.84 3.86 1.86 1.86 1.86 1.86 1.63 3.55 1.63 1.63 1.59 1.59 1.59 1.59 1.57 1.57 0.96 0.96 0.96 0.96 0.96 0.96 0.86 0.86 0.86 0.86 0.87 0.87 0.87 0.87
2.83 2.10 1.30 1.32 1.31 2.10 2.10 1.32 3.51 3.51 3.51 2.30 1.22 1.22 1.22 1.22 1.23 1.19 1.19 0.84 0.84 2.35 2.35 2.35 2.35 2.35 2.35 2.35 2.50 2.56 2.56 2.56 1.50 2.81 0.86 0.86 1.05 1.05 2.57 2.57 2.53 2.53 2.53 2.53 2.45 4.45 2.45 2.45 1.86 1.86 1.86 1.86 1.84 1.84 1.84 1.84 1.86 1.86 1.86 6.59 1.63 3.55 1.63 1.63 1.59 1.59 1.59 1.59 1.57 1.58 0.96 0.96 0.96 0.96 0.96 0.96 0.86 0.86 0.86 0.86 0.87 0.87 0.87 0.87
1.97 1.97 2.10 2.10 3.51 3.51 1.31 1.31 3.51 3.51 3.51 3.51 0.92 0.92 2.07 2.07 2.07 1.19 2.07 0.84 1.15 1.15 2.35 2.35 2.35 2.35 2.35 2.35 2.50 2.56 2.56 2.56 4.99 1.28 1.50 0.86 1.05 1.05 1.05 2.57 2.53 2.53 2.53 4.54 2.45 2.45 2.45 2.45 1.86 1.86 1.86 1.86 1.84 1.84 1.84 1.84 1.86 1.86 1.86 3.89 3.68 3.55 1.63 1.63 1.59 1.59 1.59 1.59 1.57 1.57 0.96 0.96 0.96 0.96 0.96 0.96 0.86 0.86 0.86 0.86 0.87 0.87 0.87 0.87
1.97 2.10 2.10 2.10 3.51 3.51 2.10 3.51 3.51 3.51 3.51 2.10 3.71 0.92 0.92 1.22 1.19 1.19 1.19 0.84 1.43 1.15 2.49 2.35 2.35 2.35 2.35 2.35 2.50 3.64 2.56 2.56 2.59 2.59 2.59 1.42 0.86 1.60 1.05 1.05 2.53 2.53 2.53 2.53 2.45 2.45 2.45 2.45 1.86 1.86 1.86 1.86 3.84 3.84 1.84 1.84 1.86 1.86 1.86 1.86 1.63 3.52 1.63 1.63 1.59 1.59 1.59 1.59 1.57 1.57 0.96 0.96 0.96 0.96 0.96 0.96 0.86 0.86 0.86 0.86 0.87 0.87 0.87 0.87
1.30 3.51 3.51 3.51 3.51 3.51 3.51 3.51 3.51 2.10 3.51 3.51 2.25 0.92 1.23 1.23 1.21 1.21 1.39 0.84 0.84 0.84 1.49 2.38 2.30 2.30 1.83 2.30 2.44 2.49 2.49 2.49 2.57 2.57 1.04 1.42 1.05 1.05 1.60 1.05 2.37 4.66 2.56 1.41 1.00 1.00 1.00 2.48 1.87 1.87 1.87 1.87 1.81 3.81 1.81 1.81 1.80 1.80 1.80 1.80 1.59 1.59 1.59 1.59 1.61 1.61 1.61 1.61 1.60 1.60 0.99 0.99 0.98 0.98 0.98 0.98 0.90 0.90 0.90 0.90 0.91 0.91 0.91 0.91
3.51 3.51 3.51 3.51 3.51 3.51 3.51 3.51 3.51 2.10 3.51 3.51 3.71 2.25 1.23 2.01 1.21 1.21 0.84 0.92 1.40 0.84 2.38 2.38 2.30 1.83 1.83 1.83 2.49 2.49 2.49 2.49 2.57 2.57 1.04 1.04 0.86 0.76 1.05 1.05 4.50 1.04 1.04 1.04 1.00 1.00 2.12 1.88 0.55 3.90 1.87 1.87 1.81 1.81 1.81 1.81 1.80 1.80 1.80 1.80 1.59 2.69 1.59 1.59 1.61 1.61 1.61 1.61 1.60 1.60 0.99 0.99 0.98 0.98 0.98 0.98 0.90 0.90 0.90 0.90 0.91 0.91 0.91 0.91
3.35 3.35 3.35 3.35 3.35 3.35 3.35 3.35 3.35 1.99 3.35 3.35 2.15 2.15 1.17 3.76 2.49 3.82 0.87 1.15 1.15 2.26 2.26 4.03 1.75 1.75 1.75 1.75 2.05 2.47 4.49 2.47 2.55 2.55 1.04 2.49 1.05 1.05 4.97 2.57 2.49 1.04 1.04 1.04 1.00 2.48 4.50 2.28 0.55 1.87 5.23 1.87 1.82 1.82 1.82 1.82 1.80 1.80 3.78 1.80 1.39 1.39 1.39 1.39 1.46 1.46 1.46 1.46 1.46 1.46 0.93 0.93 0.93 0.93 0.93 0.93 0.83 0.83 1.24 0.83 0.84 0.84 0.84 0.84
3.35 4.62 4.62 4.62 3.35 3.35 3.35 9.47 5.18 3.35 1.99 1.22 2.15 1.33 0.87 0.87 1.15 2.33 4.15 2.33 2.26 2.26 2.26 2.26 3.01 1.75 1.75 1.75 2.05 2.47 2.47 2.47 2.55 2.55 2.55 1.04 1.05 2.57 2.57 2.57 1.04 1.04 1.04 1.04 2.48 2.48 2.48 2.48 1.87 1.87 1.87 1.87 1.82 1.82 1.82 1.82 1.80 1.80 1.80 1.80 1.39 1.39 1.39 1.39 1.46 1.46 1.46 1.46 0.68 1.46 0.93 0.93 0.93 0.93 0.93 0.93 0.83 0.83 0.83 0.83 0.84 0.84 0.84 0.84
4.62 4.62 4.62 4.62 4.62 3.35 3.35 3.35 6.36 3.35 1.99 1.22 1.32 1.32 2.15 0.79 4.11 2.30 2.30 2.30 2.22 2.22 2.22 3.65 1.75 1.75 1.75 1.75 2.05 1.86 1.86 1.86 2.50 2.50 1.01 1.01 2.50 2.50 2.50 2.50 1.02 2.51 2.51 2.51 2.45 2.45 2.45 2.45 1.85 1.85 1.85 1.85 5.08 1.80 1.80 1.80 1.80 1.80 1.80 1.80 1.47 1.47 1.47 1.47 1.50 1.50 1.50 1.50 3.57 1.49 0.96 0.96 0.95 0.95 0.95 0.95 0.85 0.85 0.85 0.85 1.24 0.85 0.85 0.85
4.62 4.62 4.62 4.62 4.62 3.35 3.35 3.35 3.35 1.22 1.22 1.90 2.15 2.53 1.32 4.18 2.30 2.30 2.30 2.30 2.22 3.96 2.22 2.22 4.07 3.01 1.75 1.75 2.05 1.86 1.86 1.86 2.50 1.01 1.01 2.50 2.50 2.50 2.50 2.50 2.51 4.56 2.51 2.51 2.45 2.45 2.45 2.45 1.85 1.85 1.85 1.85 1.80 1.80 1.80 1.80 1.80 1.80 1.80 1.80 1.47 1.47 1.47 1.47 1.50 1.50 1.50 1.50 1.49 1.49 0.96 0.96 0.95 0.95 0.95 0.95 0.85 0.85 0.85 0.85 0.85 0.85 0.85 0.85
0.00 0.00 4.62 4.62 3.35 3.35 3.35 3.35 3.35 1.22 2.65 2.65 6.48 1.32 2.84 2.84 2.30 2.30 2.30 2.30 2.22 2.22 2.22 2.22 1.75 1.75 1.75 1.75 2.05 2.05 1.86 1.86 5.63 2.50 2.50 2.50 2.50 2.50 2.50 2.50 2.51 2.51 2.51 2.51 2.45 2.45 4.43 2.45 1.85 1.85 3.86 1.85 1.80 1.80 1.80 1.80 1.80 1.80 1.80 1.80 1.47 1.47 1.47 1.47 1.50 1.50 1.50 1.50 1.49 1.49 0.96 0.96 0.95 0.95 0.95 0.95 0.85 0.85 0.85 0.85 0.85 0.85 0.85 0.85
0.00 0.00 0.00 8.81 4.62 4.62 4.62 3.35 1.23 2.65 2.65 2.65 2.84 2.84 2.84 2.84 2.30 2.30 2.30 2.30 2.22 2.22 1.75 1.75 3.01 1.75 1.75 1.75 2.05 2.05 1.86 1.86 3.51 2.50 2.50 2.05 2.05 2.05 2.50 2.50 2.51 2.51 4.54 2.51 2.45 3.92 2.45 2.45 1.85 6.88 3.86 1.85 1.80 1.80 1.80 1.80 1.80 1.80 1.80 1.80 1.47 1.47 1.47 1.47 1.50 1.50 1.50 1.50 1.49 1.49 0.96 0.96 0.95 0.95 0.95 0.95 0.85 0.85 0.85 0.85 0.85 0.85 0.85 0.85
0.00 0.00 0.00 0.00 4.62 4.62 4.62 3.62 2.60 2.60 2.60 2.60 2.77 2.77 2.77 2.77 2.23 2.23 2.23 2.23 2.16 1.75 1.75 1.75 3.01 1.75 1.75 1.75 2.05 2.05 2.05 2.05 2.05 2.05 2.05 2.05 2.05 2.47 4.13 2.47 2.49 2.49 2.49 2.49 1.86 1.86 1.86 1.86 1.85 1.85 1.85 1.85 1.81 1.81 1.81 1.81 1.81 1.81 1.81 1.81 1.47 1.47 1.47 1.47 1.49 1.49 1.49 1.49 1.50 1.50 0.96 0.96 0.97 0.97 0.97 0.97 0.85 0.85 0.85 0.85 0.85 0.85 0.85 0.85
0.00 0.00 0.00 0.00 4.62 4.62 3.62 2.63 5.98 2.60 2.60 5.98 6.33 2.77 2.77 2.77 2.69 2.23 2.23 3.66 2.16 2.16 1.75 1.75 1.75 1.75 1.75 1.75 2.05 2.05 4.88 3.51 2.05 2.05 2.05 2.05 2.05 2.05 2.05 2.47 2.49 2.49 2.49 2.49 1.86 1.86 1.86 1.86 1.85 1.85 1.85 1.85 1.81 1.81 1.81 1.81 1.81 1.81 1.81 1.81 1.47 1.47 1.47 1.47 1.49 1.49 1.49 1.49 1.50 1.50 0.96 0.96 1.94 1.44 0.97 0.97 0.85 0.85 0.85 0.85 0.85 0.85 1.24 0.85
0.00 0.00 0.00 0.00 4.62 4.62 6.04 2.63 5.98 2.60 2.60 2.60 2.77 6.33 2.77 2.77 2.69 2.23 2.23 1.75 1.75 1.75 1.75 1.75 1.75 1.75 1.75 1.75 2.05 2.05 2.05 2.05 2.05 2.05 2.05 2.05 2.05 2.05 2.05 2.47 2.49 2.49 2.49 2.49 1.86 1.86 1.86 1.86 3.86 1.85 3.85 5.14 1.81 1.81 1.81 3.80 1.81 1.81 1.81 1.81 1.47 1.47 1.47 1.47 1.49 1.49 1.49 1.49 1.50 1.50 0.96 0.96 1.43 1.68 0.97 0.97 0.85 0.85 0.85 0.85 1.24 0.85 0.85 0.89
0.00 0.00 0.00 0.00 0.00 5.47 2.63 2.63 2.60 2.60 2.60 2.60 2.77 2.77 2.77 2.77 3.32 3.32 1.75 1.75 1.75 1.75 1.75 1.75 1.75 1.75 1.75 1.75 2.05 2.05 2.73 2.05 2.05 2.05 2.05 2.05 2.47 2.47 2.47 2.47 4.50 2.49 2.49 2.49 3.89 1.86 1.86 1.86 1.85 1.85 1.85 1.85 7.85 5.09 5.09 1.81 1.81 1.81 1.81 1.81 2.82 1.47 1.47 1.47 1.49 2.69 1.49 1.49 1.50 1.50 0.96 0.96 0.97 0.97 1.44 0.97 0.85 0.85 0.85 0.85 0.85 1.24 1.44 1.29
0.00 0.00 0.00 0.00 0.00 2.59 2.59 2.59 2.56 2.56 2.56 2.56 2.70 2.70 2.70 2.70 2.58 2.58 2.14 1.75 1.75 1.75 1.75 1.75 1.75 1.75 1.75 1.87 2.05 0.72 0.67 2.05 2.05 2.05 2.05 2.46 2.49 2.49 6.74 4.51 2.47 2.47 2.47 2.47 1.86 1.86 1.86 1.86 3.85 1.85 1.85 1.85 1.81 1.81 1.81 1.81 1.83 1.83 1.83 1.83 1.46 1.46 1.46 1.46 2.65 1.46 1.46 1.46 1.49 1.49 0.96 0.96 0.99 0.99 0.99 1.46 0.86 0.86 0.86 0.86 0.85 0.85 0.85 0.85
0.00 0.00 0.00 0.00 5.47 2.59 2.59 5.93 2.56 2.38 2.56 2.56 2.70 2.70 2.70 2.70 2.58 2.58 2.14 2.14 2.12 1.75 1.75 2.12 2.17 1.75 1.75 1.87 2.05 2.05 2.05 2.05 2.05 2.05 2.46 2.46 2.49 2.49 2.49 2.49 2.47 2.47 4.48 2.47 1.86 1.86 1.86 1.86 1.85 1.85 1.85 1.85 1.81 1.81 1.81 1.81 1.83 1.83 1.83 1.83 1.46 1.46 1.46 1.46 1.46 1.46 1.46 1.46 2.68 1.49 0.96 0.96 0.99 0.99 0.99 0.99 0.86 0.86 0.86 0.86 2.52 0.85 0.85 0.85
0.00 0.00 0.00 4.62 4.62 2.59 2.59 2.59 2.38 1.86 1.17 1.17 1.25 1.25 1.25 2.70 2.58 2.58 2.58 2.14 2.12 2.12 2.12 2.12 2.17 2.17 1.75 1.87 2.05 2.05 2.05 2.05 2.05 2.05 2.05 2.46 2.49 2.49 2.49 2.49 2.47 2.47 2.47 2.47 1.86 1.86 3.87 1.86 1.85 1.85 1.85 1.85 1.81 1.81 1.81 1.81 1.83 1.83 1.83 1.83 1.46 1.46 1.46 1.46 1.46 1.46 1.46 1.46 2.68 1.49 0.96 0.96 0.99 0.99 0.99 0.26 0.86 0.86 0.86 0.86 0.85 0.85 0.85 0.85
0.00 0.00 0.00 4.62 1.18 5.96 2.59 2.38 1.86 1.86 1.86 1.21 1.25 1.25 1.25 1.25 2.58 2.58 2.58 2.14 2.12 2.12 2.12 2.12 2.17 2.17 2.17 1.87 2.05 2.05 2.05 2.05 2.05 2.05 2.05 2.05 2.49 2.49 2.49 2.49 2.47 2.47 2.47 2.47 1.86 1.86 1.86 1.86 3.86 1.85 1.85 1.85 1.81 3.81 1.81 1.81 1.83 1.83 1.83 1.83 1.46 1.46 1.46 1.46 1.46 1.46 1.46 1.46 1.49 1.49 0.96 0.96 0.99 0.99 0.99 0.26 0.21 0.86 0.86 0.86 0.85 0.85 1.01 0.85
0.00 0.00 0.00 7.83 3.35 3.35 1.21 1.99 1.99 1.99 1.17 1.17 1.22 1.22 1.22 2.66 2.54 2.54 2.54 2.54 2.17 2.17 2.17 2.17 2.25 2.25 2.25 1.67 2.53 2.53 2.05 2.05 2.05 2.05 2.05 2.05 2.51 2.51 2.51 2.51 2.45 2.45 2.45 2.45 1.84 1.84 1.84 1.84 1.83 1.83 1.83 1.83 1.83 1.83 1.83 1.83 2.44 2.44 2.44 2.44 1.48 1.48 1.48 1.48 1.46 1.46 1.46 1.46 1.49 1.49 0.95 0.95 0.98 0.98 0.98 1.74 0.46 1.56 0.46 0.46 0.09 1.01 1.01 0.82
0.00 0.00 4.62 3.35 3.35 3.35 3.35 3.35 1.86 1.21 4.13 1.17 1.22 4.25 5.90 2.66 2.54 2.54 2.54 2.54 2.17 2.17 2.17 2.17 2.25 2.25 2.25 1.67 2.53 2.53 2.53 2.05 2.53 2.05 2.53 2.05 2.51 2.51 2.51 2.51 2.45 2.45 2.45 2.45 1.84 1.84 1.84 1.84 1.83 1.83 1.83 1.83 1.83 1.83 1.83 1.83 2.44 2.44 2.44 2.44 1.48 1.48 1.48 1.48 1.46 1.46 1.46 1.46 1.49 1.49 0.95 0.95 0.98 1.38 0.98 0.26 0.22 0.46 0.46 0.46 0.59 0.59 0.59 0.52
0.00 0.00 3.52 2.00 2.00 2.00 2.00 2.00 1.08 1.08 1.08 2.39 1.09 1.09 2.42 2.42 2.32 2.32 2.32 2.32 1.99 1.99 1.99 1.99 2.05 2.05 2.05 1.38 1.50 1.50 1.50 1.50 1.57 1.57 1.57 1.74 1.48 1.48 1.48 1.48 1.39 1.39 1.39 1.39 1.30 1.30 1.30 1.30 1.30 1.30 1.30 1.30 1.30 1.30 1.30 1.30 1.33 1.33 1.33 1.33 1.22 1.22 1.22 1.22 1.20 1.20 1.20 1.20 1.22 1.22 0.81 0.81 0.84 0.84 0.84 0.84 0.76 0.76 0.18 1.35 1.35 2.42 2.42 1.35
0.00 0.00 3.52 3.52 2.00 0.79 0.72 1.09 0.70 1.08 2.39 2.39 2.42 2.42 2.42 2.42 2.32 2.32 2.32 2.32 2.39 1.99 1.99 1.99 2.05 2.05 2.05 1.38 1.50 1.50 1.50 1.50 1.57 1.57 1.57 1.74 1.48 1.48 1.48 1.48 1.39 1.39 1.39 1.39 1.30 1.30 1.30 1.30 1.30 1.30 1.30 1.30 1.30 1.30 1.30 1.30 1.33 1.33 0.39 1.33 1.22 1.22 1.22 1.22 1.20 1.20 1.20 1.20 1.22 1.22 0.81 1.17 1.20 1.20 0.84 0.84 0.76 0.76 0.18 0.51 1.35 2.42 2.42 0.00
0.00 0.00 3.52 3.52 2.00 1.12 2.41 2.41 1.05 2.35 4.16 2.35 2.36 2.36 2.36 2.36 2.34 2.34 2.34 2.34 4.27 2.05 2.05 2.05 2.10 2.10 2.10 1.47 1.60 0.69 1.60 1.60 1.59 1.59 1.59 1.59 1.48 1.48 2.68 1.48 1.38 1.38 1.38 1.38 1.29 1.29 1.29 1.29 1.29 1.29 1.29 1.29 1.33 1.33 1.33 1.33 1.37 1.37 0.40 0.40 0.37 0.37 0.37 1.27 1.24 1.24 1.24 1.24 1.21 1.21 0.80 0.80 0.80 0.80 0.80 0.80 0.74 0.74 0.17 1.35 1.35 1.35 1.02 0.00
0.00 0.00 3.52 3.52 3.52 1.08 2.41 2.41 2.35 2.35 2.35 2.35 2.36 2.36 2.36 2.36 2.34 2.34 2.34 2.34 2.47 2.47 2.05 2.05 2.10 2.10 2.10 1.47 1.60 0.69 1.60 1.60 1.59 1.59 1.59 1.59 1.48 1.48 2.68 1.48 1.38 1.38 1.38 1.38 1.29 1.29 1.29 1.29 1.29 1.29 1.29 1.29 1.33 1.33 1.33 1.33 0.40 0.40 0.40 0.40 0.37 0.37 0.37 1.27 1.24 1.24 1.24 1.24 1.21 1.21 0.80 0.80 0.80 0.80 0.80 0.80 0.74 0.74 0.76 1.35 1.35 1.35 9.23 0.00
0.00 0.00 0.00 3.52 3.52 2.00 1.32 1.32 2.35 2.35 2.35 2.35 2.36 2.36 2.36 1.45 1.34 2.34 2.34 2.34 2.47 2.47 2.05 2.05 3.74 2.10 2.10 1.47 1.60 1.60 1.60 1.60 1.59 1.59 1.59 2.78 2.68 1.48 1.48 1.48 1.38 1.38 1.38 1.38 1.29 1.29 1.29 1.29 1.29 1.29 1.29 1.29 1.33 1.33 1.33 2.17 1.37 1.37 0.40 0.40 0.37 0.37 0.37 0.37 1.24 1.24 1.24 1.24 1.21 1.21 0.80 0.80 0.80 0.80 0.80 0.80 0.74 0.74 0.76 1.35 1.35 1.02 0.00 0.00
0.00 0.00 0.00 3.52 9.12 4.90 2.00 0.79 1.05 2.35 2.35 2.35 2.36 2.36 2.36 2.36 2.34 2.34 2.34 2.34 2.47 2.47 2.05 2.05 2.10 2.10 1.47 1.47 1.60 1.60 1.60 1.60 1.59 1.59 2.78 1.59 1.48 1.48 1.48 1.48 1.38 1.38 1.38 1.38 1.29 1.29 1.29 1.29 1.29 1.29 1.29 1.29 1.33 1.33 1.33 1.33 1.37 1.37 0.40 0.40 0.37 0.37 0.37 0.37 1.24 1.24 1.24 1.24 1.21 1.21 0.80 0.80 0.80 0.80 0.80 0.80 0.74 0.74 0.74 0.51 1.35 1.02 0.00 0.00
