New_Model_Runs/16_Future_RCP8.5_Scn3_out/post_prcessed_with_MFR/Monthly_summaries/runoff_monthly_JAN.asc
NCOLS 700
NROWS 400
XLLCENTER 515000.000000
YLLCENTER 8409000.000000
CELLSIZE 50.000000
NODATA_value -999.000000
[rows 304 to 341 of 400, columns 168 to 251 of 700]
1.23 1.23 1.45 1.23 1.23 1.23 2.78 1.23 1.21 1.43 1.43 2.71 1.43 1.43 0.97 1.27 1.27 0.97 1.04 1.27 1.04 2.32 2.32 1.27 1.24 1.24 1.24 1.24 1.02 1.24 1.24 1.24 0.95 0.95 0.95 0.95 1.24 2.62 1.02 1.24 1.22 1.22 1.22 2.58 1.00 1.00 1.00 1.22 2.58 2.58 2.58 2.58 1.22 2.21 2.58 1.00 0.77 2.16 2.16 2.16 2.16 0.96 0.72 0.96 0.96 0.96 0.96 0.96 0.96 2.16 0.77 0.77 0.63 0.63 1.83 0.63 1.83 2.10 0.85 1.13 1.13 1.13 1.13 1.13
2.78 1.23 1.45 2.78 1.23 1.23 1.23 1.23 1.21 1.43 1.43 2.71 2.71 1.27 1.27 1.27 0.97 1.04 1.27 2.67 1.27 2.32 0.97 1.27 1.24 1.24 2.62 2.62 1.24 1.24 1.24 2.28 2.28 2.28 0.95 2.28 0.95 1.24 2.62 1.24 1.22 1.22 1.22 2.49 3.04 2.58 2.58 2.58 2.58 2.58 2.58 2.58 2.58 1.22 2.58 2.58 0.77 2.16 2.16 2.16 0.77 2.16 0.96 0.96 0.96 0.96 0.96 0.96 0.96 0.77 2.16 0.96 0.79 1.83 0.79 0.79 1.83 2.10 1.13 1.13 2.10 1.13 1.13 1.13
1.09 3.05 2.00 1.09 2.09 1.09 2.09 2.09 2.13 1.12 1.12 1.12 1.12 0.88 0.66 0.88 0.88 0.88 2.02 0.71 0.88 1.85 0.88 0.88 0.93 0.93 2.63 0.93 0.93 0.93 1.96 1.99 1.99 1.99 1.99 1.99 1.99 1.99 0.93 0.69 0.91 0.91 2.27 2.06 2.06 0.73 2.06 2.06 2.06 2.06 2.06 2.06 0.73 2.06 2.06 2.06 1.83 1.83 2.92 1.83 1.83 1.83 0.58 0.79 0.93 0.79 0.93 0.63 2.27 1.83 1.83 0.79 0.62 0.62 0.62 1.50 1.50 0.91 0.91 0.91 0.91 1.73 1.73 0.91
1.09 0.93 2.09 2.09 2.09 3.47 2.09 2.09 1.12 1.12 1.12 1.12 1.12 0.88 0.88 0.71 0.88 0.88 0.88 0.88 0.88 0.88 0.88 0.88 0.93 2.10 2.10 0.93 2.10 2.10 1.99 1.99 1.99 1.99 1.99 1.99 1.99 1.99 1.99 1.99 2.43 0.73 0.91 0.91 0.91 0.91 0.91 2.06 2.06 0.91 2.06 2.06 2.06 2.06 2.06 2.06 1.83 1.83 2.27 0.79 1.83 1.83 0.63 0.63 1.83 0.79 1.83 0.79 0.63 0.63 0.79 0.79 0.62 0.49 1.50 1.50 1.50 0.62 0.67 1.73 1.73 1.73 1.73 0.91
1.09 2.09 2.09 2.09 2.09 1.09 1.81 2.09 2.13 2.13 1.59 0.95 1.12 0.88 0.88 0.88 0.88 0.88 0.88 0.88 0.88 0.88 0.88 0.88 0.93 2.10 0.93 0.93 0.93 1.99 1.99 1.99 0.93 0.93 0.69 2.10 1.98 1.98 0.74 0.74 0.73 0.73 0.73 0.91 0.91 0.91 0.91 0.91 2.06 1.86 2.06 2.06 2.06 2.06 2.06 2.06 2.81 0.79 0.79 0.79 0.63 0.79 0.79 0.79 2.43 0.79 0.79 0.79 0.79 0.79 0.79 1.13 0.49 0.62 0.62 1.50 1.50 0.49 1.73 0.67 0.67 1.73 0.91 0.91
1.09 2.09 0.93 2.09 1.09 2.09 2.09 2.09 2.13 2.13 1.12 1.12 1.12 0.88 0.88 1.00 1.34 0.88 0.88 0.88 0.71 0.88 0.88 0.71 0.93 0.93 0.93 2.10 0.93 1.99 1.99 1.99 0.69 0.93 0.93 0.93 0.69 1.98 1.98 0.74 0.91 0.91 0.91 0.91 0.91 0.91 0.91 0.91 0.91 0.91 0.91 0.73 2.06 1.93 2.06 0.91 0.79 0.79 0.79 0.79 0.79 0.79 0.79 1.13 1.13 1.13 1.09 0.79 0.79 2.42 2.42 2.10 0.67 0.62 0.62 1.18 0.85 0.67 0.67 0.91 1.73 1.73 1.73 0.67
1.09 2.09 1.09 0.93 2.09 1.09 1.09 2.09 5.54 4.63 2.13 2.13 0.88 2.02 0.88 0.88 0.88 1.84 1.84 0.88 0.88 0.88 2.02 2.02 0.93 2.10 2.10 2.10 0.93 0.93 3.11 1.99 0.93 0.93 0.93 0.93 0.69 0.74 0.74 1.98 1.94 1.94 0.91 0.91 0.91 0.68 0.97 0.91 2.06 0.91 0.91 0.91 0.91 1.93 1.93 1.93 1.50 1.38 0.79 0.79 0.79 0.79 1.13 1.13 2.10 0.85 1.60 1.13 1.13 2.42 2.71 1.13 0.91 1.64 0.91 0.62 1.28 0.91 2.02 0.91 1.28 0.91 0.91 0.91
2.09 1.09 1.09 0.93 2.09 2.09 1.09 0.93 2.13 2.13 3.54 2.13 0.88 0.88 0.88 0.66 0.88 0.88 1.84 0.88 1.21 3.16 2.02 2.02 0.93 0.93 2.10 0.93 0.93 0.93 1.99 1.99 1.99 0.93 1.99 1.99 1.98 0.69 1.98 1.98 1.94 1.94 1.94 1.94 1.94 0.91 0.68 0.91 0.91 0.91 0.91 0.91 0.91 1.93 1.93 1.93 0.79 1.38 1.38 1.13 1.13 1.13 1.13 1.13 1.13 1.13 1.13 1.13 1.13 2.42 1.13 1.13 2.02 2.02 0.91 0.91 0.91 2.02 2.02 0.91 0.91 0.91 0.91 0.91
0.88 1.09 1.09 1.09 2.09 2.09 0.93 0.93 0.90 2.13 2.13 2.13 2.02 2.52 0.88 0.88 0.88 0.88 0.88 1.21 0.88 2.02 2.02 0.88 0.93 0.93 0.93 0.93 0.93 0.93 0.93 1.99 0.69 1.99 1.99 1.99 1.98 1.98 1.98 1.98 4.14 1.60 1.93 1.93 1.93 0.68 0.91 0.91 0.68 0.91 0.91 2.08 1.93 1.93 1.93 1.93 1.13 1.13 2.38 1.13 3.41 3.41 2.10 2.10 1.13 1.13 2.71 2.40 2.39 1.13 1.13 1.13 2.00 0.91 1.28 0.91 0.91 1.64 0.91 0.91 0.99 0.67 0.91 0.91
1.09 1.09 2.09 2.09 2.09 2.09 2.09 2.09 2.13 2.13 2.13 2.13 0.71 0.88 0.88 0.88 0.88 0.88 1.21 0.88 0.88 0.71 0.88 0.88 1.05 0.93 0.93 0.93 0.93 0.93 0.93 0.69 0.69 1.99 1.99 1.99 1.98 1.98 1.98 2.99 1.03 0.97 1.87 2.08 0.91 0.68 0.68 0.68 0.91 0.91 0.91 0.91 0.91 0.91 3.01 1.93 1.13 1.13 2.38 3.98 3.98 3.98 3.98 3.98 3.98 3.98 2.40 2.40 2.39 1.13 1.13 1.13 0.91 0.91 0.91 2.00 2.01 3.68 0.91 0.91 0.67 1.73 0.91 0.91
0.93 3.47 0.93 2.09 1.09 1.09 1.09 1.09 1.12 2.13 1.12 3.15 0.88 1.84 0.88 0.88 0.88 1.21 0.71 0.88 0.88 2.02 0.88 0.88 0.93 0.93 0.69 0.69 0.93 0.69 0.69 0.69 0.69 1.99 1.99 0.69 0.69 0.69 0.69 0.93 1.93 1.93 0.91 0.91 0.91 0.68 0.91 0.91 0.91 0.91 0.91 0.91 0.91 1.25 0.91 1.93 1.13 2.38 2.38 3.98 3.98 3.98 3.98 3.98 3.98 3.98 2.40 3.98 7.73 4.49 1.13 2.39 2.00 0.91 0.91 0.91 2.01 2.01 2.01 0.91 0.91 0.91 0.91 0.91
0.93 2.09 2.09 1.09 1.09 1.09 1.09 1.09 2.13 2.13 1.12 3.24 0.88 2.02 0.88 0.88 0.88 2.43 0.71 2.02 2.02 2.02 2.02 0.88 0.74 0.93 0.69 0.93 0.93 0.93 0.69 0.69 0.69 0.93 1.27 0.93 0.93 0.69 0.69 0.69 0.91 2.08 0.68 0.91 0.91 0.68 0.68 0.91 0.91 0.91 0.91 0.91 0.91 0.91 0.91 1.93 1.13 1.13 2.38 2.38 2.40 2.40 2.40 2.40 2.40 2.40 4.64 3.98 3.98 2.39 2.39 0.82 0.91 0.91 0.91 0.91 0.67 0.91 2.07 0.91 0.91 0.91 0.91 0.53
2.09 1.09 1.09 2.09 1.09 1.09 1.09 0.93 0.95 2.13 2.13 0.71 2.02 2.02 0.88 1.21 0.88 0.88 2.02 2.02 2.02 0.88 1.21 0.71 1.05 1.20 0.93 0.93 0.93 0.69 0.69 0.69 0.93 0.93 0.93 0.93 0.93 0.69 0.69 0.93 1.80 0.68 0.91 0.68 0.91 0.91 0.68 0.68 0.91 2.06 0.73 0.91 0.91 1.83 1.83 1.83 0.79 1.13 2.38 2.38 2.43 2.43 2.43 2.43 2.44 2.44 2.44 2.44 2.40 3.98 3.98 3.98 0.66 1.98 0.91 0.91 2.26 0.91 0.91 0.91 0.91 0.91 0.91 0.91
2.09 1.09 0.93 0.93 1.09 1.09 1.09 0.93 0.95 2.13 2.13 2.02 3.91 2.02 0.88 2.02 2.02 2.02 0.71 2.02 2.02 0.88 0.88 0.88 0.74 0.93 0.93 0.93 0.69 0.69 0.92 0.69 0.93 1.98 1.98 1.98 1.96 0.69 1.96 1.96 1.85 1.85 0.91 0.68 0.68 0.90 0.68 0.68 2.06 0.91 2.06 0.91 1.83 1.83 1.83 1.83 1.13 2.38 0.82 2.38 2.43 2.43 2.43 2.43 2.44 2.44 2.44 2.44 2.40 2.40 4.64 3.98 3.36 1.73 0.91 0.91 1.73 1.73 0.91 0.53 0.91 0.91 1.73 0.91
1.09 1.09 0.93 2.09 1.09 1.09 2.09 0.93 0.90 2.13 0.95 2.02 2.02 0.71 0.71 0.71 2.02 0.88 0.88 3.91 0.88 0.88 0.88 0.88 0.93 0.93 0.93 2.12 2.44 0.69 0.92 0.92 0.69 3.10 1.98 1.98 1.96 1.96 1.96 2.53 0.91 0.91 0.91 0.91 0.91 0.68 3.31 3.31 0.91 0.91 1.18 0.91 1.83 0.91 0.68 1.29 2.38 2.38 2.38 2.38 2.43 2.43 2.43 2.43 2.44 2.44 2.44 2.44 2.40 2.40 2.40 2.40 3.36 1.98 1.98 1.98 0.91 0.91 0.91 0.91 0.91 0.91 0.91 0.91
2.85 2.74 2.09 1.09 2.09 2.09 2.09 2.09 0.90 1.12 1.12 0.88 0.88 0.71 0.71 0.71 0.71 0.88 2.02 2.02 2.02 2.02 0.66 0.66 0.93 2.27 0.93 1.99 1.99 0.69 0.69 0.69 0.69 1.98 1.98 1.98 1.96 2.41 2.31 0.93 0.91 0.91 3.31 1.85 1.92 1.92 3.31 3.31 0.68 0.68 2.06 3.55 2.63 0.91 0.79 1.19 2.38 2.38 2.38 2.38 2.43 2.43 2.63 0.68 2.44 2.44 2.44 2.44 2.40 2.40 2.40 0.83 1.98 1.98 1.98 1.98 1.99 0.91 0.91 0.91 0.53 0.91 0.91 0.91
2.09 2.09 1.09 2.09 0.93 0.93 1.09 1.09 1.12 1.12 0.88 0.88 0.71 1.85 0.71 0.71 1.21 2.02 3.91 2.02 0.88 2.02 0.66 0.66 0.93 0.93 1.98 1.98 0.93 0.69 0.93 0.69 0.93 1.96 1.96 0.69 0.69 1.94 0.69 0.69 0.68 0.68 0.68 1.84 0.90 3.31 2.06 2.06 2.06 2.06 3.55 5.70 1.82 0.89 3.04 3.04 2.39 2.39 2.39 2.39 2.47 2.47 0.68 1.42 1.43 2.48 2.48 2.48 2.43 2.43 2.43 2.43 1.99 1.99 1.99 1.99 1.99 0.91 0.91 0.91 0.53 0.91 0.91 0.91
2.09 2.09 0.93 1.09 1.09 1.09 0.88 1.09 1.12 0.90 0.71 0.88 0.88 1.85 0.71 0.71 0.71 0.88 0.88 2.02 1.85 0.88 0.88 0.88 0.93 0.93 0.93 0.69 0.69 0.69 0.93 1.16 0.93 0.93 0.69 0.69 0.69 0.69 0.69 0.93 0.91 0.68 0.68 3.55 3.55 3.55 3.55 3.55 2.06 2.06 1.85 1.85 1.82 1.82 3.04 3.04 0.82 2.39 2.39 2.39 2.47 0.84 0.58 1.42 1.43 1.43 2.48 2.48 2.43 2.43 2.43 2.43 1.99 0.91 0.91 0.91 0.91 0.91 0.91 1.99 0.91 0.91 0.91 0.91
0.76 1.76 1.76 0.90 1.76 0.76 1.76 1.76 1.85 0.95 0.73 0.73 0.73 1.72 1.72 0.58 1.72 0.73 0.58 1.30 1.30 0.54 0.54 0.54 0.58 0.78 1.06 0.78 0.78 0.58 0.58 0.78 1.37 0.78 0.58 0.58 0.58 2.96 0.78 0.78 0.75 0.75 0.75 3.09 3.09 6.29 3.09 2.87 2.87 2.87 1.76 2.87 3.09 1.28 2.24 2.24 1.98 1.98 1.98 1.98 2.03 2.03 1.14 1.14 1.15 1.15 1.15 2.03 2.01 2.01 2.01 2.01 1.26 1.26 1.26 0.69 0.69 0.69 0.69 0.69 1.26 1.26 1.26 1.26
0.76 1.76 0.90 0.90 1.76 1.76 0.72 2.65 0.95 0.95 0.73 0.99 0.73 1.72 1.72 0.58 0.58 0.73 0.73 1.30 1.30 0.54 0.54 0.77 0.78 0.78 1.06 0.78 0.78 0.78 1.38 1.38 1.37 0.58 0.58 0.58 0.60 2.96 2.96 1.71 0.55 0.75 0.75 0.55 0.55 0.55 2.87 2.87 2.87 2.87 1.76 3.09 3.09 2.26 2.24 2.24 1.98 1.98 1.98 1.98 2.03 2.03 0.45 0.62 1.15 1.15 1.15 2.03 0.66 0.53 2.01 2.01 2.35 2.35 1.26 1.26 0.69 0.69 0.69 0.69 1.26 1.26 1.26 1.26
0.76 1.76 0.90 0.90 0.90 0.90 1.01 0.72 0.95 0.80 0.73 0.73 0.73 0.58 0.58 1.72 0.58 1.72 0.58 0.58 1.72 0.54 0.54 0.54 0.78 0.78 0.78 0.78 0.78 1.37 1.37 1.37 1.35 1.35 0.58 0.58 0.78 0.78 0.58 0.58 0.55 0.55 0.55 0.55 0.75 0.55 0.55 0.55 0.55 0.55 2.67 3.09 3.09 1.29 1.29 2.26 1.97 1.97 1.97 1.97 2.01 2.01 1.13 1.13 1.15 0.45 0.45 0.62 0.53 0.53 2.02 2.02 1.27 1.27 1.27 0.69 1.48 1.48 0.69 0.69 0.69 1.26 1.26 1.26
2.81 1.76 1.76 0.90 0.90 0.90 0.90 1.10 0.80 0.58 0.73 0.73 0.73 0.58 1.72 1.72 0.58 0.58 0.73 0.58 0.58 0.73 0.54 0.54 0.58 0.78 0.78 0.78 0.78 0.78 1.37 1.37 1.35 0.58 0.58 0.60 0.58 0.58 0.58 0.58 0.55 2.42 1.28 0.55 1.29 1.29 0.55 0.55 0.55 0.55 0.55 1.76 3.09 3.09 3.09 2.26 1.97 1.97 1.97 1.97 2.01 1.13 1.13 1.13 1.15 0.45 0.45 0.62 0.90 0.53 0.53 2.02 2.36 1.27 1.27 1.00 1.48 1.26 0.69 0.69 0.69 0.69 1.26 1.26
0.00 2.81 1.76 0.76 0.76 1.76 0.76 1.76 1.85 1.72 0.73 1.28 1.72 1.72 2.13 0.73 1.72 0.54 1.72 1.72 0.73 0.58 0.58 0.54 1.00 0.58 0.58 0.58 1.37 1.37 1.37 1.37 1.35 1.35 1.48 0.60 0.58 0.58 0.58 0.58 1.28 1.28 1.28 1.28 1.29 1.29 1.29 0.73 0.73 0.75 0.75 0.75 0.75 3.09 1.29 1.29 1.97 1.97 1.97 1.97 2.01 2.01 1.13 1.13 1.15 0.45 0.79 0.45 0.90 2.02 3.71 2.02 1.27 1.27 0.69 0.69 1.26 0.69 0.69 1.26 0.69 1.00 0.51 0.69
0.00 0.00 2.81 1.76 0.76 2.81 1.76 0.76 1.85 1.72 1.72 2.13 1.72 1.72 1.72 0.73 1.72 0.58 0.58 0.73 0.54 0.73 0.54 0.54 0.78 0.78 0.78 1.00 0.58 1.37 1.37 1.37 1.35 1.35 1.35 1.35 0.78 0.78 1.12 2.30 2.24 2.24 2.24 2.24 2.26 1.29 1.29 0.55 0.55 0.75 0.75 0.60 1.02 0.75 1.29 1.29 1.97 1.97 1.97 1.97 2.01 2.01 2.01 1.13 1.15 1.15 0.00 1.15 2.02 2.02 2.02 2.02 1.27 0.31 0.41 1.49 1.26 1.26 1.26 0.41 1.34 0.69 0.90 0.69
0.00 0.00 0.00 0.00 0.00 0.00 0.00 0.00 1.85 0.58 1.05 0.58 0.73 0.73 0.73 0.73 0.73 0.73 0.58 0.58 1.29 0.73 0.73 0.73 1.06 0.78 1.25 0.78 0.78 1.34 1.34 1.34 1.30 1.30 1.30 0.58 1.32 1.32 2.30 2.30 2.25 2.25 2.25 2.25 2.25 2.25 1.28 1.28 1.29 0.75 0.75 0.60 1.02 1.02 1.29 1.29 1.11 1.97 1.97 1.97 2.00 2.00 2.00 3.68 2.03 0.00 0.00 0.00 2.02 2.02 0.00 0.00 0.00 1.28 0.69 0.69 0.69 0.69 1.26 0.41 0.69 0.69 0.69 0.69
0.00 0.00 0.00 0.00 0.00 0.00 0.00 0.00 0.00 0.00 3.03 0.58 1.72 1.72 0.73 0.73 0.73 0.73 0.73 0.58 0.54 0.73 0.99 0.73 0.78 1.06 0.78 1.38 1.34 1.34 1.34 1.34 1.30 1.30 1.30 1.30 1.32 1.32 1.32 1.32 0.55 0.55 1.28 2.25 2.25 2.25 1.28 1.28 2.27 1.29 1.18 0.75 0.75 1.29 1.29 1.29 1.11 1.97 1.97 1.97 2.00 2.00 2.00 2.00 2.03 0.00 0.00 0.00 0.00 0.00 0.00 0.00 0.00 0.00 0.00 1.28 0.69 1.26 1.26 0.69 0.69 0.69 0.69 0.69
0.00 0.00 0.00 0.00 0.00 0.00 0.00 0.00 0.00 0.00 3.03 3.03 3.03 0.73 1.29 0.73 0.73 0.73 0.73 0.54 0.57 0.57 0.73 0.73 0.78 0.58 0.78 1.38 1.34 1.34 1.34 1.34 1.30 1.30 1.30 1.30 1.32 1.32 1.32 1.32 2.27 1.90 0.55 1.28 2.25 2.25 2.25 1.28 1.29 0.58 1.29 1.29 0.75 1.29 1.29 1.29 1.11 1.11 1.97 1.97 2.00 2.00 2.00 2.00 2.03 3.72 2.03 0.00 0.00 0.00 0.00 0.00 0.00 0.00 0.00 0.00 0.00 0.69 1.26 0.69 0.69 0.69 1.00 0.69
0.00 0.00 0.00 0.00 0.00 0.00 0.00 0.00 0.00 0.00 0.00 0.00 3.79 3.79 1.29 1.29 0.73 0.73 0.73 0.57 1.29 1.29 0.73 0.73 0.58 2.96 2.96 1.38 1.34 1.34 1.34 1.34 1.30 1.30 1.30 1.30 1.32 1.32 1.32 1.32 1.28 1.28 0.65 2.25 2.25 4.25 2.25 2.25 2.26 0.58 0.58 1.29 0.75 1.35 1.29 2.29 1.11 1.11 1.97 1.97 2.00 2.00 2.00 2.00 2.03 2.03 2.03 0.00 0.00 0.00 0.00 0.00 0.00 0.00 0.00 0.00 1.26 0.51 0.69 0.69 0.69 0.69 0.62 0.69
0.00 0.00 0.00 0.00 0.00 0.00 0.00 0.00 0.00 0.00 0.00 0.00 0.00 3.79 2.26 2.26 0.73 0.73 1.30 1.30 3.03 1.29 3.03 0.73 0.58 0.58 2.96 1.34 1.30 1.30 2.30 1.30 1.34 2.34 2.34 2.34 2.39 2.39 2.39 2.39 2.33 2.33 2.33 2.33 2.30 2.30 2.30 2.30 2.26 0.78 2.26 2.26 1.08 0.75 1.34 1.28 1.68 1.11 1.11 1.11 1.12 2.00 2.00 0.00 11.41 0.00 0.00 0.00 0.00 0.00 0.00 0.00 0.00 0.00 0.00 0.00 1.27 0.69 0.69 0.69 0.69 0.69 1.25 0.69
0.00 0.00 0.00 0.00 0.00 0.00 0.00 0.00 0.00 0.00 0.00 0.00 0.00 0.00 7.34 3.79 1.05 1.05 2.27 3.03 3.03 3.03 0.73 0.73 1.34 2.96 1.34 1.34 1.30 1.30 1.30 1.30 2.34 2.34 2.34 2.34 2.39 2.39 2.39 2.39 2.33 2.33 2.33 2.33 2.30 2.30 2.30 2.30 2.26 2.26 2.26 2.26 1.08 1.08 1.08 1.28 1.11 1.11 1.11 1.11 1.12 1.12 0.00 0.00 0.00 0.00 0.00 0.00 0.00 0.00 0.00 0.00 0.00 0.00 0.00 0.00 2.69 2.69 1.34 0.69 0.51 1.25 1.25 0.69
0.00 0.00 0.00 0.00 0.00 0.00 0.00 0.00 0.00 0.00 0.00 0.00 0.00 0.00 0.00 3.79 3.79 3.79 4.29 4.43 3.79 3.79 2.27 2.27 2.35 2.35 1.34 2.35 1.30 1.30 1.30 1.30 2.34 2.34 2.34 2.34 2.39 2.39 2.39 2.39 2.33 2.33 2.33 2.33 2.30 2.30 2.30 2.30 2.26 2.26 2.26 2.26 2.24 1.08 1.08 2.24 1.11 1.11 1.11 1.11 1.12 0.00 0.00 0.00 0.00 0.00 0.00 0.00 0.00 0.00 0.00 0.00 0.00 0.00 0.00 0.00 0.00 4.75 2.69 2.69 0.51 0.69 1.25 1.25
0.00 0.00 0.00 0.00 0.00 0.00 0.00 0.00 0.00 0.00 0.00 0.00 0.00 0.00 0.00 0.00 0.00 3.79 3.79 3.79 3.79 3.79 2.27 2.27 2.35 2.35 1.34 1.34 1.30 1.30 1.30 2.27 2.34 2.34 0.00 0.00 0.00 0.00 0.00 0.00 0.00 0.00 0.00 0.00 0.00 0.00 2.30 2.30 2.26 2.26 2.26 2.26 2.24 1.08 1.08 2.24 1.11 1.11 1.11 1.68 1.12 0.00 0.00 0.00 0.00 0.00 0.00 0.00 0.00 0.00 0.00 0.00 0.00 0.00 0.00 0.00 0.00 0.00 0.00 0.00 0.00 1.25 0.31 1.25
0.00 0.00 0.00 0.00 0.00 0.00 0.00 0.00 0.00 0.00 0.00 0.00 0.00 0.00 0.00 0.00 0.00 0.00 0.00 0.00 0.00 0.00 3.79 2.24 2.33 2.33 2.33 1.33 1.32 1.32 2.30 2.30 2.37 0.00 0.00 0.00 0.00 0.00 0.00 0.00 0.00 0.00 0.00 0.00 0.00 0.00 0.00 0.00 0.00 4.32 2.30 2.30 2.22 2.22 1.08 2.22 1.61 0.79 0.79 0.79 1.11 0.00 0.00 0.00 0.00 0.00 0.00 0.00 0.00 0.00 0.00 0.00 0.00 0.00 0.00 0.00 0.00 0.00 0.00 0.00 0.00 1.24 0.31 1.24
0.00 0.00 0.00 0.00 0.00 0.00 0.00 0.00 0.00 0.00 0.00 0.00 0.00 0.00 0.00 0.00 0.00 0.00 0.00 0.00 0.00 0.00 0.00 3.79 2.33 2.33 2.33 2.33 2.30 2.30 2.30 2.30 0.00 0.00 0.00 0.00 0.00 0.00 0.00 0.00 0.00 0.00 0.00 0.00 0.00 0.00 0.00 0.00 0.00 0.00 2.30 2.30 2.22 2.22 1.08 1.08 2.47 1.61 1.61 1.61 1.97 13.38 0.00 0.00 0.00 0.00 0.00 0.00 0.00 0.00 0.00 0.00 0.00 0.00 0.00 0.00 0.00 0.00 0.00 0.00 0.00 2.32 1.24 0.41
0.00 0.00 0.00 0.00 0.00 0.00 0.00 0.00 0.00 0.00 0.00 0.00 0.00 0.00 0.00 0.00 0.00 0.00 0.00 0.00 0.00 0.00 0.00 0.00 0.00 0.00 0.00 1.61 1.61 1.61 1.61 0.00 0.00 0.00 0.00 0.00 0.00 0.00 0.00 0.00 0.00 0.00 0.00 0.00 0.00 0.00 0.00 0.00 0.00 0.00 3.24 1.61 1.54 1.54 0.86 0.86 1.26 1.26 1.26 1.26 1.30 1.46 0.00 0.00 0.00 0.00 0.00 0.00 0.00 0.00 0.00 0.00 0.00 0.00 0.00 0.00 0.00 0.00 0.00 0.00 0.00 0.00 2.12 0.95
0.00 0.00 0.00 0.00 0.00 0.00 0.00 0.00 0.00 0.00 0.00 0.00 0.00 0.00 0.00 0.00 0.00 0.00 0.00 0.00 0.00 0.00 0.00 0.00 0.00 0.00 0.00 0.00 1.61 1.61 11.36 0.00 0.00 0.00 0.00 0.00 0.00 0.00 0.00 0.00 0.00 0.00 0.00 0.00 0.00 0.00 0.00 0.00 0.00 0.00 1.61 1.61 1.54 1.54 1.54 0.86 0.71 1.26 0.71 1.26 1.30 1.30 1.30 1.30 0.00 0.00 0.00 0.00 0.00 0.00 0.00 0.00 0.00 0.00 0.00 0.00 0.00 0.00 0.00 0.00 0.00 0.00 0.00 0.95
0.00 0.00 0.00 0.00 0.00 0.00 0.00 0.00 0.00 0.00 0.00 0.00 0.00 0.00 0.00 0.00 0.00 0.00 0.00 0.00 0.00 0.00 0.00 0.00 0.00 0.00 0.00 0.00 1.96 1.96 0.00 0.00 0.00 0.00 0.00 0.00 0.00 0.00 0.00 0.00 0.00 0.00 0.00 0.00 0.00 0.00 0.00 0.00 0.00 0.00 1.60 1.60 1.53 1.53 1.53 1.53 0.71 0.71 0.71 1.24 1.28 1.28 1.28 1.28 0.00 0.00 0.00 0.00 0.00 0.00 0.00 0.00 0.00 0.00 0.00 0.00 0.00 0.00 0.00 0.00 0.00 0.00 0.00 9.87
0.00 0.00 0.00 0.00 0.00 0.00 0.00 0.00 0.00 0.00 0.00 0.00 0.00 0.00 0.00 0.00 0.00 0.00 0.00 0.00 0.00 0.00 0.00 0.00 0.00 0.00 0.00 0.00 4.75 11.36 0.00 0.00 0.00 0.00 0.00 0.00 0.00 0.00 0.00 0.00 0.00 0.00 0.00 0.00 0.00 0.00 0.00 0.00 0.00 0.00 1.60 1.60 1.53 1.53 1.53 1.53 1.24 0.71 1.24 1.24 1.28 1.28 1.28 0.71 0.00 0.00 0.00 0.00 0.00 0.00 0.00 0.00 0.00 0.00 0.00 0.00 0.00 0.00 0.00 0.00 0.00 0.00 0.00 0.00
