New_Model_Runs/16_Future_RCP8.5_Scn3_out/post_prcessed_with_MFR/Monthly_summaries/runoff_monthly_SEP.asc
NCOLS 700
NROWS 400
XLLCENTER 515000.000000
YLLCENTER 8409000.000000
CELLSIZE 50.000000
NODATA_value -999.000000
[rows 222 to 258 of 400, columns 84 to 167 of 700]
3.00 1.97 1.97 3.01 7.97 3.00 3.00 3.00 2.96 2.96 2.96 2.96 3.32 3.32 3.32 3.32 3.38 3.38 3.38 3.38 3.37 6.37 3.37 3.37 3.38 3.38 3.38 3.38 4.28 4.28 4.28 4.28 4.29 4.29 4.29 4.29 4.30 4.30 4.30 4.30 4.30 4.30 4.30 4.30 4.83 4.83 4.83 4.83 4.81 4.81 4.81 8.50 4.76 4.76 4.76 4.76 4.69 3.28 3.28 2.16 2.45 2.45 2.45 2.45 2.47 2.47 2.47 2.47 2.47 2.47 2.47 2.47 2.46 2.46 2.46 2.46 2.79 2.79 5.81 5.81 5.83 5.83 10.47 5.83
3.01 3.01 3.01 3.01 3.00 3.00 3.00 3.00 2.96 2.96 5.49 2.96 3.32 3.32 3.32 3.32 3.38 3.38 3.38 8.75 3.37 3.37 3.37 3.37 3.38 3.38 3.38 3.38 6.84 4.28 7.51 4.28 4.29 4.29 4.29 4.29 4.30 4.30 7.55 7.56 4.30 7.58 4.30 4.30 4.83 4.83 4.83 4.83 4.81 4.81 4.81 8.50 4.76 4.76 4.76 2.19 3.27 2.16 2.16 2.16 2.45 2.45 2.45 2.45 2.47 2.47 2.47 2.47 2.47 2.47 2.47 1.74 2.46 2.46 2.46 2.46 2.79 2.79 5.81 5.81 10.45 10.50 5.83 5.83
3.00 3.00 3.00 3.00 3.01 3.01 5.60 5.59 3.00 3.00 3.00 3.00 3.33 3.33 3.33 3.33 3.30 3.30 3.30 6.24 6.23 3.30 6.23 3.30 3.35 3.35 3.35 3.35 4.24 4.24 4.24 4.24 7.44 4.22 4.22 4.22 4.26 4.26 7.50 4.26 4.28 4.28 4.28 4.28 4.78 4.78 4.78 8.45 8.42 4.75 8.42 8.37 4.69 4.69 2.15 2.15 2.14 2.14 2.14 2.14 2.46 2.46 2.46 5.24 2.47 2.47 2.47 2.47 2.45 2.45 2.45 2.45 2.45 2.45 2.45 2.45 2.79 2.79 2.79 2.79 2.79 2.79 2.79 6.34
3.00 3.00 8.67 3.00 3.01 3.01 3.01 6.28 7.70 5.57 3.00 8.22 6.29 3.33 3.33 3.33 3.30 3.30 3.30 3.30 3.30 6.90 3.30 3.30 3.35 3.35 3.35 3.35 4.24 4.24 4.24 7.78 4.22 4.22 4.22 4.22 4.26 4.26 4.26 7.84 7.88 4.28 4.28 4.28 4.78 4.78 4.78 8.79 4.75 4.75 4.75 4.75 4.69 8.31 4.69 4.69 4.66 4.66 4.66 2.14 5.24 5.24 5.24 5.24 2.47 2.47 3.81 2.47 2.45 2.45 2.45 2.45 2.45 2.45 2.45 2.45 2.79 2.79 2.79 2.79 2.79 2.79 5.74 4.55
3.95 3.95 3.95 3.95 3.97 3.97 3.97 3.97 3.95 3.95 3.95 3.95 4.24 4.24 4.24 4.24 4.21 4.21 4.21 4.21 4.21 4.21 4.21 4.21 4.27 4.27 4.27 4.27 7.98 4.68 4.68 4.68 4.67 4.67 4.67 4.67 4.70 4.70 4.70 4.70 4.73 4.73 4.73 8.74 5.19 5.19 5.19 5.19 5.15 5.15 5.15 5.15 5.09 5.09 5.09 5.09 5.07 8.71 5.07 5.07 5.73 5.73 5.73 4.28 2.75 2.75 2.75 2.75 2.73 2.73 2.73 2.73 2.73 2.73 2.73 2.73 3.13 3.13 3.28 3.13 3.13 3.13 4.94 3.13
3.95 3.95 3.95 3.95 3.97 3.97 3.97 3.97 3.95 3.95 3.95 3.95 4.24 4.24 4.24 4.24 4.21 4.21 4.21 4.21 4.21 4.21 4.21 4.21 4.27 4.27 4.27 4.27 4.68 4.68 4.68 4.68 4.67 4.67 4.67 4.67 4.70 4.70 4.70 4.70 4.73 4.73 4.73 4.73 5.19 5.19 5.19 5.19 5.15 5.15 5.15 5.15 5.09 5.09 5.09 13.28 5.07 5.07 5.07 5.07 5.73 5.73 4.28 2.74 2.75 2.75 2.75 2.75 2.73 2.73 2.73 2.73 5.70 5.70 5.70 2.73 3.13 3.13 3.13 3.13 3.13 3.13 3.13 3.13
3.43 6.48 3.43 3.43 3.43 3.43 3.43 3.43 6.49 3.43 3.43 3.43 4.23 4.23 4.23 4.23 4.15 4.15 4.15 4.15 4.13 4.13 4.13 4.13 4.19 4.19 4.19 4.19 7.78 8.06 4.56 4.56 4.60 4.60 4.60 4.60 4.65 4.65 4.65 4.65 4.67 4.67 4.67 4.67 5.11 5.11 5.11 5.11 5.06 5.06 5.06 5.06 5.04 8.97 5.04 5.04 5.09 5.09 5.09 5.09 5.74 5.74 2.76 2.76 2.74 2.74 2.74 4.28 2.73 2.73 2.73 2.73 5.73 5.73 5.73 5.73 6.47 6.47 6.47 3.16 3.15 3.15 3.15 3.15
3.43 3.43 3.43 3.43 3.43 3.43 3.43 3.43 3.43 3.43 6.49 3.43 4.23 4.23 4.23 4.23 4.15 4.15 4.15 4.15 4.13 4.13 4.13 7.31 4.19 4.19 4.19 4.19 7.78 4.56 4.56 4.56 4.60 4.60 4.60 4.60 12.03 4.65 4.65 4.65 4.67 4.67 4.67 4.67 5.11 5.11 5.11 5.11 5.06 5.06 5.06 5.06 5.04 5.04 5.04 5.04 5.09 5.09 5.09 5.09 5.74 5.74 2.76 2.76 2.74 5.72 5.72 2.74 2.73 2.73 2.73 2.73 5.73 5.73 5.73 5.73 6.47 6.47 6.47 6.47 6.45 3.15 3.15 3.15
3.43 3.43 3.43 3.43 3.43 3.43 3.43 3.43 3.43 3.43 3.43 3.43 4.23 7.45 4.23 7.39 4.15 7.30 4.15 4.15 4.13 7.26 4.13 4.13 4.19 4.19 4.19 4.19 11.53 4.56 4.56 4.56 4.60 4.60 4.60 4.60 4.65 4.65 4.65 4.65 4.67 8.27 8.27 4.67 5.11 5.11 5.11 5.11 9.01 5.06 5.06 5.06 5.04 5.04 5.04 5.04 5.09 5.09 5.09 5.09 5.74 5.74 5.74 5.74 10.26 5.72 2.74 2.74 5.69 5.69 2.73 2.73 5.73 5.73 5.73 5.73 6.47 6.47 6.47 6.47 6.45 6.45 6.45 6.45
3.43 3.43 3.43 3.43 3.43 3.43 3.43 3.43 3.43 3.43 3.43 3.43 4.23 4.23 4.23 4.23 4.15 4.15 4.15 7.28 7.26 4.13 4.13 4.13 4.19 4.19 4.19 4.19 4.56 4.56 4.56 4.56 4.60 4.60 4.60 4.60 4.65 4.65 4.65 4.65 4.67 4.67 8.22 4.67 5.11 5.11 5.11 5.11 5.06 9.01 5.06 5.06 5.04 5.04 5.04 5.04 5.09 5.09 5.09 5.09 5.74 5.74 5.74 5.74 5.72 5.72 2.74 5.72 5.69 5.69 2.73 5.69 5.73 5.73 5.73 5.73 6.47 6.47 6.47 6.47 6.45 6.45 6.45 6.45
3.36 3.36 6.36 6.36 3.36 3.36 3.36 3.36 3.35 3.35 3.35 3.35 4.12 4.12 4.12 7.21 4.08 4.08 4.08 4.08 4.13 4.13 4.13 4.13 4.19 4.19 4.19 4.19 4.57 4.57 4.57 4.57 4.63 4.63 4.63 4.63 4.63 4.63 4.63 4.63 4.60 4.60 4.60 4.60 5.05 5.05 5.05 5.05 5.06 5.06 5.06 5.06 5.11 5.11 5.11 5.11 5.18 5.18 5.18 5.18 5.81 5.81 5.81 5.81 5.75 5.75 5.75 5.75 5.72 5.72 5.72 5.72 5.79 5.79 5.79 5.79 6.55 6.55 11.74 6.55 6.56 6.56 6.56 6.56
3.36 3.36 3.36 3.36 3.36 3.36 3.36 3.36 3.35 9.04 3.35 3.35 4.12 4.12 4.12 4.12 4.08 4.08 4.08 4.08 4.13 4.13 4.13 4.13 4.19 4.19 4.19 4.19 4.57 4.57 4.57 4.57 4.63 4.63 4.63 4.63 4.63 4.63 4.63 12.01 4.60 4.60 4.60 4.60 5.05 5.05 5.05 5.05 5.06 5.06 5.06 5.06 5.11 5.11 5.11 5.11 5.18 5.18 5.18 5.18 5.81 5.81 15.39 5.81 5.75 5.75 5.75 5.75 10.26 5.72 5.72 5.72 5.79 5.79 5.79 5.79 6.55 6.55 6.55 6.55 6.56 6.56 6.56 6.56
6.36 3.36 3.36 3.36 3.36 3.36 3.36 3.36 3.35 3.35 3.35 3.35 4.12 4.12 4.12 4.12 4.08 4.08 4.08 4.08 4.13 4.13 4.13 4.13 4.19 4.19 4.19 4.19 4.57 4.57 4.57 4.57 4.63 4.63 4.63 4.63 16.03 8.20 14.64 4.63 4.60 8.14 4.60 4.60 5.05 5.05 5.05 5.05 5.06 5.06 5.06 5.06 5.11 5.11 5.11 5.11 5.18 5.18 5.18 5.18 5.81 5.81 5.81 15.34 5.75 5.75 5.75 5.75 5.72 5.72 5.72 5.72 5.79 5.79 5.79 5.79 6.55 6.55 6.55 6.55 6.56 6.56 6.56 6.56
6.31 3.36 3.36 3.36 3.36 3.36 6.30 3.36 3.35 3.35 3.35 3.35 4.12 4.12 4.12 4.12 4.08 4.08 4.08 4.08 4.13 4.13 4.13 4.13 4.19 4.19 4.19 4.19 4.57 4.57 4.57 4.57 4.63 4.63 4.63 12.04 4.63 4.63 4.63 4.63 4.60 4.60 4.60 4.60 5.05 5.05 5.05 5.05 5.06 5.06 5.06 5.06 5.11 5.11 5.11 5.11 5.18 5.18 5.18 5.18 5.81 5.81 5.81 5.81 5.75 5.75 5.75 5.75 5.72 5.72 5.72 5.72 5.79 5.79 5.79 5.79 6.55 6.55 6.55 6.55 6.56 6.56 6.56 6.56
3.29 3.29 3.29 6.14 3.29 3.29 3.29 3.29 3.28 3.28 3.28 3.28 4.08 4.08 4.08 4.08 4.15 4.15 4.15 4.15 4.24 4.24 4.24 4.24 4.28 4.28 4.28 4.28 4.66 4.66 4.66 4.66 4.67 4.67 4.67 8.23 4.61 4.61 4.61 4.61 4.60 4.60 4.60 4.60 5.12 5.12 5.12 5.12 5.17 5.17 5.17 5.17 5.23 5.23 5.23 5.23 5.27 5.27 5.27 5.27 5.89 5.89 5.89 10.54 5.78 10.35 5.78 5.78 5.75 5.75 5.75 5.75 5.83 5.83 5.83 5.83 6.58 6.58 6.58 6.58 6.61 6.61 6.61 6.61
3.29 3.29 3.29 3.29 3.29 3.29 3.29 3.29 3.28 3.28 6.13 3.28 4.08 4.08 4.08 4.08 4.15 4.15 4.15 4.15 4.24 4.24 4.24 4.24 4.28 4.28 4.28 4.28 4.66 4.66 4.66 4.66 4.67 4.67 4.67 4.67 4.61 4.61 4.61 4.61 4.60 4.60 4.60 4.60 5.12 5.12 5.12 5.12 5.17 5.17 5.17 5.17 5.23 5.23 5.23 5.23 5.27 5.27 5.27 5.27 5.89 5.89 5.89 5.89 5.78 5.78 5.78 5.78 5.75 5.75 5.75 5.75 5.83 5.83 5.83 5.83 6.58 6.58 6.58 6.58 6.61 11.92 6.61 6.61
3.29 3.29 6.14 3.29 3.29 3.29 3.29 3.29 3.28 3.28 3.28 3.28 4.08 4.08 4.08 4.08 4.15 4.15 4.15 4.15 4.24 4.24 4.24 4.24 4.28 4.28 4.28 4.28 4.66 4.66 4.66 4.66 4.67 4.67 4.67 4.67 4.61 4.61 4.61 4.61 4.60 4.60 4.60 4.60 5.12 5.12 5.12 5.12 5.17 5.17 5.17 5.17 5.23 5.23 5.23 5.23 5.27 5.27 5.27 5.27 5.89 5.89 5.89 5.89 5.78 5.78 5.78 10.35 5.75 5.75 5.75 5.75 5.83 5.83 5.83 5.83 6.58 6.58 6.58 6.58 6.61 11.92 6.61 6.61
3.29 3.29 3.29 3.29 3.29 3.29 3.29 3.29 8.86 3.28 3.28 3.28 4.08 4.08 4.08 4.08 4.15 4.15 4.15 4.15 4.24 4.24 4.24 4.24 4.28 4.28 4.28 4.28 4.66 4.66 4.66 4.66 4.67 12.14 4.67 8.23 4.61 4.61 4.61 4.61 4.60 4.60 4.60 4.60 5.12 5.12 5.12 5.12 5.17 5.17 5.17 5.17 5.23 5.23 5.23 5.23 5.27 5.27 5.27 5.27 5.89 5.89 15.60 5.89 5.78 20.35 5.78 5.78 5.75 5.75 5.75 5.75 5.83 5.83 5.83 5.83 6.58 6.58 6.58 6.58 6.61 6.61 11.92 6.61
3.26 3.26 3.26 3.26 3.29 3.29 3.29 3.29 3.31 3.31 3.31 3.31 4.15 4.15 4.15 4.15 4.27 4.27 4.27 4.27 4.34 4.34 4.34 4.34 4.38 4.38 4.38 4.38 4.73 4.73 4.73 4.73 4.66 4.66 4.66 4.66 4.62 4.62 4.62 4.62 4.63 4.63 4.63 4.63 5.17 5.17 5.17 5.17 5.25 5.25 5.25 5.25 5.30 5.30 5.30 5.30 5.32 5.32 5.32 5.32 5.88 5.88 5.88 10.51 10.31 5.75 5.75 5.75 5.74 5.74 5.74 5.74 5.82 5.82 5.82 5.82 6.59 6.59 6.59 6.59 6.65 6.65 6.65 6.65
4.39 3.65 3.26 3.26 3.29 3.29 3.29 3.29 6.24 3.31 3.31 3.31 4.15 4.15 4.15 4.15 4.27 4.27 4.27 4.27 4.34 4.34 4.34 4.34 4.38 4.38 4.38 4.38 4.73 4.73 4.73 4.73 12.17 8.25 4.66 4.66 4.62 4.62 4.62 4.62 4.63 4.63 4.63 4.63 5.17 5.17 5.17 5.17 5.25 5.25 5.25 5.25 5.30 5.30 5.30 5.30 5.32 5.32 5.32 5.32 5.88 5.88 5.88 5.88 5.75 5.75 5.75 5.75 5.74 5.74 5.74 5.74 5.82 5.82 5.82 5.82 6.59 6.59 6.59 6.59 6.65 6.65 6.65 6.65
2.36 2.36 2.36 2.36 2.38 2.38 3.10 3.10 3.12 5.95 3.12 3.12 3.71 3.71 3.71 3.71 3.82 3.82 3.82 3.82 3.97 3.97 3.97 3.97 4.00 4.00 4.00 4.00 4.26 4.26 4.26 4.26 4.19 7.38 4.19 4.19 4.16 4.16 4.16 4.16 4.17 4.17 7.69 4.17 4.65 4.65 4.65 4.65 4.72 4.72 4.72 4.72 4.77 4.77 4.77 4.77 4.79 4.79 4.79 8.50 5.24 5.24 5.24 5.24 5.13 9.62 5.13 5.13 5.12 5.12 5.12 5.12 5.19 5.19 5.19 5.19 5.75 5.75 5.75 5.75 5.80 5.80 5.80 5.80
2.36 2.36 2.36 2.36 2.38 2.38 2.38 2.38 2.40 3.12 3.12 3.12 3.71 3.71 3.71 3.71 3.82 3.82 3.82 3.82 3.97 3.97 3.97 3.97 4.00 4.00 4.00 4.00 4.26 4.26 4.26 4.26 4.19 4.19 4.19 4.19 4.16 4.16 4.16 4.16 7.34 7.34 4.17 4.17 4.65 4.65 4.65 4.65 4.72 4.72 4.72 4.72 4.77 4.77 4.77 4.77 4.79 4.79 4.79 4.79 5.24 5.24 5.24 5.24 5.13 5.13 5.13 5.13 5.12 5.12 5.12 5.12 5.19 5.19 5.19 5.19 5.75 10.31 5.75 5.75 5.80 5.80 5.80 5.80
2.37 2.37 2.37 2.37 2.40 2.40 2.40 2.40 2.41 5.02 2.41 2.41 3.75 3.75 3.75 3.75 3.94 3.94 3.94 3.94 4.02 4.02 4.02 4.02 4.06 4.06 4.06 4.06 4.26 4.26 4.26 4.26 4.17 4.17 4.17 4.17 4.17 4.17 4.17 4.17 4.18 4.18 4.18 4.18 4.64 4.64 4.64 4.64 4.74 4.74 4.74 4.74 4.81 4.81 4.81 4.81 4.78 4.78 4.78 4.78 5.18 5.18 5.18 5.18 5.09 5.09 5.09 5.09 5.10 5.10 5.10 5.10 5.14 5.14 5.14 5.14 5.72 5.72 5.72 10.28 5.83 5.83 5.83 5.83
2.37 2.37 2.37 2.37 2.40 2.40 2.40 2.40 2.41 2.41 2.41 2.41 2.59 2.59 2.59 3.75 3.94 3.94 3.94 3.94 4.02 4.02 4.02 4.02 4.06 4.06 4.06 2.37 4.26 4.26 4.26 4.26 4.17 4.17 4.17 4.17 4.17 4.17 4.17 4.17 4.18 4.18 4.18 4.18 4.64 4.64 4.64 4.64 12.17 4.74 4.74 4.74 4.81 4.81 4.81 4.99 4.78 4.78 4.78 4.78 5.18 5.18 5.18 9.16 5.09 5.09 5.09 5.09 5.10 5.10 5.10 5.10 5.14 5.14 5.14 5.14 5.72 10.26 5.72 5.72 15.36 5.83 5.83 5.83
2.37 2.37 2.37 2.37 2.40 2.40 2.40 2.40 2.41 2.41 2.41 2.41 2.59 2.59 2.59 2.59 2.67 2.67 2.67 3.94 4.02 4.02 4.02 4.02 4.06 4.06 4.06 2.30 3.59 2.47 4.26 4.26 4.17 4.17 4.17 4.17 4.17 4.17 4.17 4.17 4.18 4.18 4.18 4.18 4.64 4.64 4.64 4.64 8.33 4.74 4.74 4.74 4.81 4.81 4.81 4.81 4.78 4.78 4.78 4.78 5.18 5.18 5.18 9.16 5.09 5.09 5.09 5.09 5.10 5.10 5.10 5.10 5.14 5.14 5.14 5.14 5.72 5.72 5.72 5.72 5.83 5.83 5.83 5.83
2.37 2.37 2.37 2.37 3.93 2.40 2.40 2.40 2.41 3.94 2.41 2.41 2.59 2.59 2.59 2.59 2.67 2.67 2.67 2.67 2.74 2.74 4.02 4.02 4.06 7.13 5.83 2.30 2.03 2.03 2.47 4.26 4.17 4.17 4.17 4.17 4.17 4.17 4.17 4.17 3.92 4.18 4.18 7.35 4.64 4.64 4.64 4.64 4.74 4.74 4.74 8.40 4.81 4.81 4.81 8.53 4.78 4.78 4.78 4.78 5.18 5.18 5.18 5.18 5.09 5.09 5.09 5.09 5.10 5.10 5.10 5.10 9.16 5.14 5.14 5.14 5.72 5.72 5.72 5.72 5.83 5.83 5.83 5.83
2.38 2.38 2.38 2.38 2.41 2.41 2.41 2.41 2.42 2.42 2.42 2.42 2.59 2.59 2.59 2.59 2.69 2.69 2.69 2.69 2.79 2.79 2.79 2.79 4.34 4.06 2.30 2.30 2.03 2.47 7.46 4.23 4.15 4.15 4.15 4.15 4.16 4.16 1.86 1.86 3.93 4.19 4.19 4.19 4.61 4.61 4.61 4.61 4.70 4.70 4.70 8.33 4.79 4.79 4.79 12.44 4.73 4.73 4.73 4.73 5.13 5.13 5.13 5.13 5.10 5.10 5.10 9.08 5.09 5.09 5.09 5.09 9.08 5.10 5.10 5.10 5.71 5.71 5.71 5.71 5.82 5.82 5.82 10.44
2.38 2.38 2.38 2.38 2.41 2.41 2.41 2.41 2.42 2.42 2.42 2.42 2.59 2.59 2.59 2.59 2.69 6.46 2.69 2.69 2.79 2.79 2.79 2.79 2.79 2.79 2.79 1.43 2.47 5.87 4.23 4.23 4.15 4.15 4.15 4.15 4.16 4.16 1.86 1.86 1.87 1.87 7.36 4.19 4.61 4.61 4.61 4.61 4.70 4.70 4.70 4.70 4.79 4.79 2.28 2.28 4.73 8.39 4.73 8.70 5.13 5.13 5.13 5.13 5.10 5.10 5.10 5.10 5.09 5.09 5.09 5.09 5.10 5.10 5.10 5.10 5.71 5.71 5.71 5.71 5.82 5.82 5.82 5.82
2.38 2.38 2.38 2.38 2.41 2.41 2.41 2.41 2.42 2.42 2.42 2.42 2.59 2.59 2.59 2.59 2.69 2.69 2.69 2.69 2.79 1.33 2.79 4.24 1.33 2.79 2.79 2.79 2.99 1.52 2.99 2.99 4.15 4.15 4.15 4.15 4.16 4.16 4.16 1.86 1.87 1.87 1.87 4.19 4.61 4.61 4.61 4.61 4.70 4.70 4.70 4.70 4.79 8.50 2.28 2.28 4.73 4.73 4.73 4.73 5.13 5.13 5.13 5.13 5.10 5.10 5.10 5.10 5.09 5.09 5.09 5.09 5.10 5.10 5.10 5.10 5.71 5.71 5.71 5.71 5.82 5.82 5.82 10.44
2.38 2.38 2.38 2.38 2.41 2.41 2.41 2.41 2.42 2.42 3.95 2.42 2.59 2.59 2.59 2.59 2.69 6.46 2.69 2.69 1.33 1.33 0.67 0.67 1.33 2.79 2.79 2.79 2.99 2.99 3.10 9.14 2.92 2.92 2.92 4.15 4.16 4.16 4.16 1.86 1.87 2.82 1.87 1.87 11.97 4.61 4.61 4.61 4.70 4.70 4.70 4.70 4.79 4.79 4.79 3.44 4.73 4.73 4.73 4.73 5.13 5.13 5.13 5.13 5.10 3.15 5.30 5.10 5.09 5.09 5.09 5.09 5.10 5.10 5.10 5.10 5.71 5.71 5.71 5.71 5.82 5.82 5.82 10.44
2.39 2.39 2.39 2.39 2.42 2.42 2.42 2.42 2.42 2.42 3.95 2.42 2.60 2.60 2.60 2.60 2.68 2.68 2.68 2.68 1.33 0.67 2.32 0.67 0.67 2.78 2.78 2.78 3.10 2.99 2.12 2.99 2.93 2.93 2.93 2.93 1.05 1.05 1.86 1.86 1.88 2.82 2.82 4.19 4.59 4.59 4.59 4.59 4.64 4.64 4.64 4.64 2.28 2.28 4.75 8.42 4.69 4.69 4.69 4.69 5.14 5.14 9.15 5.14 5.13 2.58 2.58 5.13 5.07 5.07 9.03 5.07 5.06 5.06 5.06 5.06 5.71 5.71 5.71 5.71 5.82 5.82 5.82 5.82
2.39 2.39 2.39 2.39 2.42 2.42 2.42 2.42 2.42 2.42 2.42 2.42 2.60 2.60 2.60 2.60 2.68 2.68 2.68 2.68 1.33 2.32 2.32 2.32 2.32 2.32 2.32 2.32 3.60 2.99 2.12 2.99 2.93 2.93 2.93 2.93 2.93 2.93 2.93 1.05 1.06 1.06 1.88 4.19 4.59 4.59 4.59 4.59 4.64 4.64 4.64 4.64 4.75 2.76 2.39 4.63 4.69 4.69 4.69 4.69 5.14 3.16 5.14 5.14 5.13 5.13 5.13 5.13 5.07 5.07 5.07 5.07 5.06 5.06 5.06 5.06 5.71 5.71 5.71 5.71 5.82 5.82 5.82 10.44
2.39 2.39 2.57 0.95 2.42 5.67 2.42 3.95 2.42 2.42 2.42 2.42 2.60 1.33 1.33 1.02 1.33 1.33 1.33 2.68 1.33 2.32 2.32 2.32 2.32 2.32 2.32 2.32 3.60 3.60 2.99 2.99 2.93 2.93 2.93 2.93 2.93 2.50 3.07 2.93 1.06 1.06 1.46 1.06 1.19 4.59 4.59 4.59 4.64 4.64 4.64 4.64 4.75 2.76 2.28 4.63 4.69 4.69 4.69 2.83 3.16 3.16 3.16 3.16 5.13 5.13 5.13 5.13 5.07 5.07 5.07 5.07 5.06 5.06 5.06 5.06 5.71 5.71 5.71 5.71 5.82 5.82 5.82 5.82
1.25 2.57 0.95 0.95 2.42 3.95 2.42 2.42 2.42 2.42 2.42 2.42 2.60 2.60 2.60 1.33 1.33 1.33 2.68 1.33 1.33 2.32 2.32 0.83 15.56 0.00 0.00 0.00 0.00 3.60 3.60 2.99 2.93 2.93 2.93 2.93 2.50 2.12 2.12 2.93 2.95 1.06 1.06 1.64 1.19 3.27 3.27 3.27 4.64 4.64 4.64 4.64 4.75 2.76 2.76 2.28 4.69 4.69 4.69 4.69 3.16 3.16 7.09 3.16 5.13 5.13 5.13 5.13 5.07 5.07 5.07 5.07 5.06 5.06 5.06 5.06 5.71 5.71 5.71 5.71 5.82 5.82 5.82 5.82
2.41 2.57 0.95 0.95 3.94 2.41 2.41 2.41 2.41 2.41 2.41 2.41 2.61 4.35 2.61 2.61 1.33 2.68 1.33 1.33 2.32 2.32 0.00 0.00 0.00 0.00 0.00 0.00 0.00 0.00 3.60 6.97 2.94 2.94 2.94 2.94 2.92 2.12 2.12 2.92 2.94 1.05 2.27 1.05 1.19 1.19 3.25 3.25 3.27 3.27 3.27 4.59 4.68 5.35 2.76 2.28 4.84 4.69 4.69 4.69 5.15 3.17 5.15 5.15 5.12 5.12 9.13 5.12 5.05 5.05 8.98 16.76 8.99 5.04 5.04 5.04 5.70 5.70 5.70 5.70 5.84 5.84 5.84 5.84
0.95 2.57 0.95 1.23 2.41 2.41 2.41 2.58 2.41 2.41 2.41 2.41 2.61 2.61 2.61 2.61 2.68 2.68 2.68 2.68 15.56 0.00 0.00 0.00 0.00 0.00 0.00 0.00 0.00 0.00 0.00 1.06 1.05 2.94 2.94 2.94 2.92 2.92 2.12 2.92 2.94 1.05 1.05 1.64 1.83 1.19 5.36 3.25 3.27 3.27 3.27 3.27 3.34 3.34 3.34 2.76 2.76 2.76 4.69 4.69 3.17 2.58 5.15 5.15 5.12 9.13 5.12 3.16 5.05 5.05 5.05 5.05 5.04 5.04 5.04 5.04 5.70 5.70 5.70 5.70 5.84 5.84 5.84 3.44
0.86 0.86 0.86 0.86 2.38 2.22 2.22 2.22 3.61 2.22 2.22 2.22 2.41 2.41 2.41 2.41 2.48 2.48 2.50 0.00 0.00 0.00 0.00 0.00 0.00 0.00 0.00 0.00 0.00 0.00 0.00 17.52 2.20 2.20 2.59 2.59 4.46 2.57 2.57 2.57 2.58 2.58 0.92 1.27 1.60 1.00 2.78 2.78 2.79 2.79 2.79 2.79 2.93 2.93 2.93 2.07 2.44 4.35 4.17 6.62 4.39 4.39 4.39 4.39 4.36 4.36 4.36 4.36 4.29 4.29 4.29 4.29 4.29 4.29 4.29 4.29 4.65 4.65 4.65 4.65 4.77 4.77 2.74 2.74
