New_Model_Runs/12_Future_RCP4.5_Scn2_out/post_prcessed_with_MFR/Monthly_summaries/actual_et_monthly_MAY.asc
NCOLS 700
NROWS 400
XLLCENTER 515000.000000
YLLCENTER 8409000.000000
CELLSIZE 50.000000
NODATA_value -999.000000
[rows 114 to 151 of 400, columns 420 to 503 of 700]
0.96 0.96 0.96 0.96 0.96 0.96 0.96 0.96 0.96 0.96 0.96 0.96 0.93 0.93 0.93 0.93 0.93 0.93 0.93 0.93 0.93 0.93 0.93 0.93 0.93 0.93 0.93 3.67 2.92 3.63 3.63 0.92 0.92 0.92 0.92 0.92 0.92 0.92 0.92 0.92 0.92 0.92 0.92 1.35 0.91 0.91 0.91 0.91 0.91 0.91 0.91 0.91 0.91 0.91 0.91 0.91 0.91 0.91 3.04 2.77 1.23 1.23 1.23 0.84 1.23 2.66 1.23 1.23 1.23 1.23 1.23 1.23 0.84 1.23 0.84 0.84 0.85 0.85 0.85 1.24 1.24 1.24 1.24 1.24
0.96 0.96 0.96 0.96 0.96 0.96 0.96 0.96 0.96 0.96 0.96 0.96 0.93 0.93 0.93 0.93 0.93 0.93 0.93 0.93 0.93 0.93 0.93 0.93 0.93 0.93 0.93 0.93 0.92 3.63 3.63 3.63 0.92 0.92 0.92 0.92 0.92 0.92 0.92 0.92 0.92 0.92 0.92 0.92 0.91 0.91 0.91 0.91 0.91 0.91 0.91 0.91 0.91 0.91 0.91 0.91 0.91 2.77 2.77 3.04 2.55 0.84 0.84 0.84 0.84 1.23 1.23 1.23 1.23 1.23 1.23 1.23 0.84 0.84 0.84 0.84 0.85 0.85 0.85 0.85 0.85 1.24 0.85 0.85
1.41 0.96 0.96 0.96 0.96 0.96 0.96 0.96 0.96 0.96 0.96 0.96 0.93 0.93 0.93 0.93 0.93 0.93 0.93 0.93 0.93 0.93 0.93 0.93 0.93 0.93 0.93 0.93 0.92 0.92 2.80 2.59 0.92 0.92 0.92 0.92 1.35 1.35 0.92 0.92 0.92 0.92 0.92 0.92 0.91 0.91 0.91 0.91 0.91 0.91 0.91 0.91 0.91 0.91 0.91 0.91 0.91 0.91 0.91 1.34 0.84 0.84 0.84 0.84 0.84 1.23 1.23 1.23 1.23 1.23 1.23 0.84 1.23 0.84 0.84 0.84 0.85 1.24 1.24 0.85 0.85 0.85 0.85 0.85
0.96 0.96 0.96 0.96 0.96 0.96 0.96 0.96 0.96 0.96 0.96 0.96 0.93 0.93 0.93 0.93 0.93 0.93 0.93 0.93 0.93 0.93 0.93 0.93 0.93 0.93 0.93 1.37 0.92 0.92 0.92 0.92 0.92 0.92 0.92 0.92 0.92 1.35 0.92 0.92 1.35 0.92 0.92 0.92 0.91 0.91 0.91 0.91 0.91 0.91 0.91 0.91 0.91 0.91 0.91 0.91 0.91 0.91 0.91 0.91 0.84 1.23 1.23 1.23 1.23 1.23 1.23 1.23 1.23 1.23 1.23 0.84 0.84 0.84 0.84 1.23 1.24 0.85 0.85 0.85 0.85 0.85 0.85 0.85
0.96 0.96 0.96 0.96 0.96 0.96 0.96 0.96 0.96 0.96 0.96 0.96 0.93 0.93 0.93 0.93 0.93 0.93 0.93 0.93 0.93 0.93 0.93 0.93 0.93 0.93 0.93 0.93 0.92 1.35 0.92 0.92 0.92 0.92 0.92 0.92 0.92 0.92 0.92 0.92 0.92 0.92 0.92 0.92 0.91 0.91 0.91 0.91 0.91 0.91 0.91 0.91 0.91 0.91 0.91 0.91 0.91 0.91 0.91 0.91 0.84 0.84 1.23 1.23 0.84 0.84 0.84 0.84 0.84 0.84 0.84 0.84 0.84 0.84 0.84 0.84 0.85 0.85 0.85 0.85 0.85 0.85 0.85 0.85
0.96 0.96 0.96 1.41 0.96 0.96 0.96 0.96 0.96 0.96 0.96 0.96 0.93 0.93 0.93 0.93 0.93 0.93 0.93 0.93 0.93 0.93 0.93 0.93 0.93 0.93 0.93 0.93 0.92 0.92 0.92 0.92 0.92 0.92 1.35 1.35 0.92 0.92 0.92 0.92 0.92 0.92 0.92 0.92 0.91 0.91 0.91 0.91 0.91 0.91 0.91 0.91 0.91 0.91 0.91 0.91 0.91 0.91 0.91 0.91 0.84 1.23 1.23 1.23 0.84 0.84 0.84 0.84 0.84 1.23 1.23 1.23 1.23 0.84 0.84 0.84 0.85 0.85 0.85 0.85 0.85 0.85 0.85 0.85
0.96 1.41 0.96 0.96 0.96 0.96 0.96 0.96 0.96 0.96 0.96 0.96 0.93 0.93 0.93 0.93 0.93 0.93 0.93 0.93 0.93 0.93 0.93 0.93 0.93 0.93 0.93 0.93 0.92 0.92 0.92 0.92 0.92 0.92 0.92 0.92 0.92 1.35 0.92 0.92 0.92 0.92 0.92 0.92 0.91 0.91 0.91 0.91 0.91 0.91 0.91 0.91 0.91 0.91 0.91 0.91 0.91 0.91 0.91 0.91 0.84 0.84 1.23 1.23 0.84 0.84 0.84 0.84 0.84 0.84 0.84 0.84 1.23 1.23 0.84 0.84 0.85 0.85 0.85 0.85 0.85 0.85 0.85 0.85
0.96 1.41 0.96 0.96 0.96 0.96 0.96 0.96 0.96 0.96 0.96 0.96 0.93 0.93 0.93 0.93 0.93 0.93 0.93 0.93 0.93 0.93 0.93 0.93 0.93 0.93 0.93 0.93 0.92 0.92 0.92 0.92 2.80 0.92 0.92 1.35 0.92 0.92 0.92 0.92 0.92 0.92 0.92 0.92 0.91 0.91 0.91 0.91 0.91 0.91 0.91 0.91 0.91 0.91 0.91 0.91 0.91 0.91 0.91 0.91 0.84 0.84 0.84 1.23 0.84 0.84 0.84 0.84 0.84 0.84 0.84 0.84 0.84 1.23 0.84 0.84 0.85 0.85 0.85 0.85 0.85 0.85 0.85 0.85
0.96 1.41 0.96 0.96 0.96 0.96 0.96 1.41 0.96 0.96 0.96 0.96 0.93 0.93 0.93 0.93 0.93 0.93 0.93 0.93 0.93 0.93 0.93 0.93 0.93 0.93 0.93 0.93 0.92 0.92 0.92 0.92 2.80 0.92 0.92 0.92 0.92 0.92 0.92 0.92 0.92 0.92 0.92 0.92 0.91 0.91 0.91 0.91 0.91 0.91 0.91 0.91 0.91 0.91 0.91 0.91 0.91 0.91 0.91 0.91 0.84 0.84 0.84 0.84 0.84 0.84 0.84 0.84 0.84 0.84 0.84 0.84 0.84 0.84 0.84 0.84 0.85 0.85 0.85 0.85 0.85 0.85 0.85 0.85
0.96 0.96 0.96 0.96 0.96 0.96 0.96 1.41 0.96 0.96 0.96 0.96 0.93 0.93 0.93 0.93 0.93 0.93 0.93 0.93 0.93 0.93 1.37 0.93 0.93 0.93 0.93 0.93 0.92 0.92 0.92 1.35 2.80 0.92 0.92 0.92 0.92 0.92 0.92 0.92 0.92 0.92 0.92 0.92 0.91 0.91 0.91 0.91 0.91 0.91 0.91 0.91 0.91 0.91 0.91 0.91 0.91 0.91 0.91 0.91 1.23 0.84 0.84 0.84 1.23 0.84 0.84 0.84 0.84 0.84 0.84 0.84 0.84 0.84 0.84 0.84 0.85 0.85 0.85 0.85 0.85 0.85 0.85 0.85
0.96 0.96 0.96 0.96 0.96 0.96 0.96 0.96 0.96 1.41 0.96 1.41 1.37 0.93 0.93 0.93 0.93 0.93 0.93 0.93 0.93 0.93 1.37 0.93 0.93 0.93 0.93 0.93 0.92 1.35 1.35 1.35 2.80 2.80 2.80 0.92 0.92 0.92 0.92 0.92 0.92 0.92 0.92 0.92 0.91 0.91 0.91 0.91 0.91 0.91 0.91 0.91 0.91 0.91 0.91 0.91 0.91 0.91 0.91 0.91 0.84 0.84 1.23 0.84 1.23 0.84 0.84 0.84 0.84 0.84 0.84 0.84 0.84 0.84 0.84 0.84 0.85 0.85 0.85 0.85 0.85 0.85 0.85 0.85
0.96 0.96 0.96 0.96 0.96 0.96 1.41 0.96 0.96 3.78 3.78 0.96 0.93 0.93 0.93 0.93 0.93 0.93 0.93 0.93 1.37 1.37 0.93 1.37 0.93 0.93 0.93 0.93 0.92 0.92 0.92 0.92 1.35 2.80 0.92 0.92 0.92 0.92 0.92 0.92 0.92 0.92 0.92 0.92 0.91 0.91 0.91 0.91 0.91 1.34 0.91 0.91 0.91 0.91 0.91 0.91 0.91 0.91 0.91 0.91 0.84 0.84 0.84 1.23 0.84 0.84 0.84 0.84 0.84 0.84 0.84 0.84 0.84 0.84 0.84 0.84 0.85 0.85 0.85 0.85 0.85 0.85 0.85 0.85
0.96 2.92 0.96 0.96 0.96 0.96 0.96 0.96 0.96 3.20 3.78 2.92 0.93 0.93 0.93 0.93 0.93 0.93 0.93 0.93 1.37 1.37 0.93 0.93 0.93 0.93 0.93 0.93 0.92 0.92 0.92 0.92 0.92 0.92 0.92 0.92 0.92 0.92 0.92 0.92 0.92 0.92 0.92 0.92 0.91 0.91 0.91 0.91 0.91 1.34 0.91 0.91 0.91 0.91 0.91 0.91 0.91 0.91 0.91 0.91 0.84 0.84 0.84 0.84 0.84 0.84 0.84 0.84 0.84 0.84 0.84 0.84 0.84 0.84 0.84 0.84 0.85 0.85 0.85 0.85 0.85 0.85 0.85 0.85
0.96 1.41 0.96 0.96 3.20 3.78 0.96 2.92 2.54 3.78 0.87 2.92 2.83 2.83 0.93 0.93 0.93 0.93 0.93 0.93 0.93 1.37 0.93 0.93 0.93 0.93 0.93 0.93 0.92 0.92 0.92 0.92 0.92 0.92 0.92 0.92 0.92 0.92 1.35 0.92 0.92 0.92 0.92 0.92 0.91 0.91 0.91 0.91 0.91 0.91 1.34 0.91 0.91 0.91 0.91 0.91 0.91 0.91 0.91 0.91 0.84 0.84 0.84 0.84 0.84 0.84 0.84 0.84 0.84 0.84 0.84 0.84 0.84 0.84 0.84 0.84 0.85 0.85 0.85 0.85 0.85 0.85 0.85 0.85
1.41 0.96 3.78 3.78 3.78 1.13 3.20 2.92 2.54 2.92 3.20 2.92 1.37 0.93 0.93 0.93 1.37 0.93 0.93 0.93 3.11 1.37 1.37 1.37 1.37 0.93 3.11 0.93 0.92 1.35 0.92 0.92 0.92 0.92 0.92 0.92 0.92 0.92 0.92 0.92 0.92 0.92 0.92 1.35 0.91 0.91 0.91 1.34 0.91 0.91 0.91 0.91 0.91 0.91 0.91 0.91 0.91 0.91 0.91 0.91 0.84 0.84 0.84 0.84 0.84 0.84 0.84 0.84 0.84 1.23 0.84 0.84 0.84 0.84 0.84 0.84 0.85 0.85 0.85 0.85 0.85 0.85 0.85 0.85
0.96 0.29 1.13 1.13 3.78 1.13 3.78 3.20 3.78 2.92 3.78 2.92 2.83 1.37 0.93 0.93 1.37 0.93 0.93 0.93 0.93 1.37 0.93 0.93 0.93 3.11 3.11 3.11 0.92 0.92 0.92 0.92 0.92 0.92 0.92 0.92 0.92 0.92 0.92 0.92 0.92 1.35 0.92 0.92 0.91 0.91 0.91 0.91 0.91 0.91 0.91 0.91 0.91 0.91 0.91 0.91 0.91 0.91 0.91 0.91 0.84 0.84 0.84 0.84 0.84 0.84 0.84 0.84 1.23 0.84 0.84 0.84 0.84 0.84 0.84 0.84 0.85 0.85 0.85 0.85 0.85 0.85 0.85 0.85
2.44 0.73 2.44 1.94 1.94 1.94 1.88 0.73 2.44 2.06 0.62 0.62 0.99 0.99 0.99 0.99 0.99 1.45 0.99 0.99 0.99 1.45 1.45 0.99 3.30 3.30 3.30 3.30 2.77 0.83 0.83 0.83 0.83 0.83 0.83 1.22 0.83 0.83 0.83 0.83 0.83 0.83 0.83 0.83 0.73 0.73 0.73 0.73 0.73 0.73 0.73 0.73 0.73 0.73 0.73 0.73 0.73 0.73 0.73 0.73 0.83 0.83 0.83 0.83 0.83 0.83 0.83 0.83 0.83 0.83 1.22 0.83 0.83 0.83 0.83 0.83 0.79 0.79 0.79 0.79 0.79 0.79 0.79 0.79
0.73 2.44 2.44 2.44 2.06 2.44 1.94 1.94 2.44 1.88 0.62 0.62 0.99 0.99 0.99 0.99 0.99 0.99 0.99 0.99 0.99 0.99 0.99 0.99 3.30 3.30 3.30 3.30 2.77 0.83 0.83 0.83 0.83 0.83 0.83 0.83 0.83 0.83 0.83 0.83 0.83 0.83 0.83 0.83 0.73 0.73 0.73 0.73 0.73 0.73 0.73 0.73 0.73 0.73 0.73 0.73 0.73 0.73 0.73 0.73 0.83 0.83 0.83 0.83 0.83 0.83 0.83 1.22 1.22 1.22 0.83 0.83 0.83 0.83 0.83 0.83 0.79 0.79 0.79 1.15 1.15 0.79 0.79 0.79
1.94 2.44 0.73 2.44 2.44 1.94 2.44 2.44 2.44 1.88 0.62 0.62 0.99 0.99 0.99 0.99 0.99 0.99 0.99 0.99 0.99 0.99 0.99 3.30 3.30 3.30 3.30 3.30 2.77 0.83 0.83 0.83 0.83 0.83 0.83 0.83 0.83 0.83 0.83 0.83 0.83 0.83 0.83 0.83 0.73 0.73 0.73 0.73 0.73 0.73 0.73 0.73 0.73 0.73 1.08 0.73 0.73 0.73 0.73 0.73 0.83 0.83 0.83 0.83 0.83 0.83 0.83 0.83 1.22 1.22 0.83 1.22 0.83 0.83 0.83 0.83 0.79 0.79 0.79 0.79 0.79 0.79 0.79 0.79
2.44 0.73 0.73 2.44 2.44 2.44 2.44 2.44 1.94 0.62 0.62 0.62 0.99 0.99 0.99 0.99 0.99 0.99 0.99 0.99 0.99 0.99 0.99 0.99 3.30 3.30 3.30 3.30 2.77 0.83 0.83 0.83 0.83 0.83 0.83 0.83 0.83 0.83 0.83 0.83 0.83 0.83 0.83 0.83 0.73 0.73 0.73 0.73 0.73 0.73 0.73 0.73 0.73 0.73 0.73 0.73 0.73 0.73 0.73 0.73 0.83 0.83 0.83 0.83 0.83 0.83 0.83 0.83 0.83 0.83 1.22 1.22 1.22 0.83 0.83 0.83 0.79 0.79 0.79 0.79 0.79 0.79 0.79 0.79
0.00 0.00 0.00 2.44 0.73 0.73 2.44 2.44 0.62 0.62 0.62 0.62 0.99 0.99 0.99 0.99 0.99 0.99 0.99 0.99 0.99 0.99 0.99 0.99 3.30 3.30 3.30 3.30 2.77 2.77 0.83 0.83 0.83 0.83 0.83 0.83 0.83 0.83 0.83 0.83 0.83 0.83 0.83 0.83 0.73 0.73 0.73 0.73 0.73 0.73 0.73 0.73 0.73 0.73 0.73 0.73 0.73 0.73 0.73 0.73 0.83 0.83 0.83 0.83 0.83 0.83 0.83 0.83 0.83 0.83 0.83 0.83 0.83 0.83 0.83 0.83 0.79 0.79 0.79 0.79 0.79 0.79 0.79 0.79
0.00 0.00 0.00 1.94 1.94 2.44 0.73 2.44 0.62 0.62 0.62 0.62 0.99 0.99 0.99 0.99 0.99 0.99 0.99 0.99 0.99 0.99 3.30 3.30 3.30 3.30 3.30 3.30 2.77 2.77 0.83 0.83 2.77 0.83 0.83 2.77 2.77 2.77 0.83 0.83 0.83 0.83 0.83 0.83 0.73 0.73 0.73 0.73 0.73 0.73 0.73 0.73 0.73 0.73 0.73 0.73 0.73 0.73 0.73 0.73 0.83 0.83 0.83 0.83 0.83 0.83 0.83 0.83 0.83 0.83 0.83 0.83 0.83 0.83 0.83 0.83 0.79 0.79 0.79 0.79 0.79 0.79 0.79 0.79
0.00 0.00 0.00 0.00 1.94 0.73 0.62 0.62 0.62 0.62 0.62 0.62 0.99 0.99 0.99 0.99 0.99 0.99 0.99 0.99 0.99 3.30 3.30 3.30 3.30 3.30 3.30 3.30 2.77 2.77 2.77 2.77 2.77 2.77 2.77 2.77 2.77 0.83 0.83 0.83 0.83 0.83 0.83 0.83 0.73 0.73 0.73 0.73 0.73 0.73 0.73 0.73 0.73 0.73 0.73 0.73 0.73 0.73 0.73 0.73 0.83 0.83 0.83 0.83 0.83 0.83 0.83 0.83 0.83 0.83 0.83 0.83 0.83 0.83 0.83 0.83 0.79 0.79 0.79 0.79 0.79 0.79 0.79 0.79
0.00 0.00 0.00 0.00 1.94 0.73 0.62 0.62 0.62 0.62 0.62 0.62 0.99 0.99 0.99 0.99 0.99 0.99 0.99 0.99 0.99 3.30 3.30 3.30 3.30 3.30 3.30 3.30 2.77 2.77 2.77 2.77 2.77 2.77 2.77 2.77 2.77 2.77 2.77 0.83 0.83 0.83 0.83 0.83 0.73 0.73 0.73 0.73 0.73 0.73 0.73 0.73 0.73 0.73 0.73 0.73 0.73 0.73 0.73 0.73 0.83 0.83 0.83 0.83 0.83 0.83 0.83 0.83 0.83 0.83 0.83 0.83 0.83 0.83 0.83 0.83 1.15 0.79 0.79 0.79 0.79 0.79 0.79 0.79
0.00 0.00 0.00 0.00 0.00 2.44 0.62 0.62 0.62 0.62 0.62 0.62 0.99 0.99 0.99 0.99 1.45 0.99 0.99 3.30 3.30 3.30 3.30 3.30 3.30 3.30 3.30 3.30 2.77 2.77 2.77 2.77 2.77 2.77 2.77 2.77 2.77 2.77 2.77 0.83 0.83 0.83 0.83 0.83 0.73 0.73 0.73 0.73 0.73 0.73 0.73 0.73 0.73 0.73 0.73 0.73 0.73 0.73 0.73 0.73 0.83 0.83 1.22 0.83 0.83 0.83 0.83 1.22 0.83 0.83 0.83 0.83 0.83 1.22 0.83 1.22 0.79 0.79 0.79 0.79 0.79 0.79 0.79 0.79
0.00 0.00 0.00 0.00 0.00 0.62 0.62 0.62 0.62 0.62 0.62 0.62 0.99 0.99 0.99 0.99 3.30 3.30 3.30 3.30 3.30 3.30 3.30 3.30 3.30 3.30 3.30 3.30 2.77 2.77 2.77 2.77 2.77 2.77 2.77 2.77 0.83 0.83 0.83 0.83 0.83 0.83 0.83 0.83 0.73 0.73 0.73 0.73 0.73 0.73 0.73 0.73 0.73 0.73 0.73 0.73 0.73 0.73 0.73 1.08 0.83 0.83 0.83 0.83 0.83 0.83 0.83 0.83 0.83 0.83 0.83 0.83 0.83 0.83 0.83 0.83 0.79 0.79 0.79 0.79 0.79 0.79 0.79 0.79
0.00 0.00 0.00 0.00 0.00 0.62 0.62 0.62 0.62 0.62 0.62 0.62 0.99 0.99 0.99 0.99 1.45 0.99 0.99 3.30 3.30 3.30 3.30 3.30 3.30 3.30 3.30 3.30 2.77 2.77 0.83 2.77 2.77 2.77 2.77 2.77 0.83 0.83 0.83 0.83 0.83 0.83 0.83 0.83 0.73 0.73 0.73 0.73 0.73 0.73 0.73 0.73 0.73 0.73 0.73 0.73 0.73 0.73 0.73 0.73 0.83 0.83 0.83 0.83 0.83 0.83 0.83 1.22 0.83 0.83 0.83 0.83 0.83 0.83 0.83 0.83 0.79 0.79 0.79 0.79 0.79 0.79 0.79 0.79
0.00 0.00 0.00 0.00 0.19 0.62 0.62 0.62 0.62 0.62 0.62 0.62 0.99 0.99 0.99 0.99 0.99 0.99 0.99 0.99 0.99 3.30 3.30 0.99 0.99 3.30 3.30 3.30 2.77 2.77 2.77 2.77 2.77 2.77 0.83 0.83 0.83 0.83 0.83 0.83 0.83 0.83 0.83 0.83 0.73 0.73 0.73 0.73 0.73 0.73 0.73 0.73 0.73 0.73 0.73 0.73 0.73 0.73 0.73 0.73 0.83 0.83 0.83 0.83 0.83 0.83 0.83 0.83 0.83 0.83 0.83 0.83 0.83 0.83 0.83 0.83 0.79 1.15 0.79 0.79 1.15 0.79 0.79 0.79
0.00 0.00 0.00 1.94 0.19 0.62 0.62 0.62 0.62 0.62 0.62 0.62 0.99 0.99 0.99 0.99 0.99 0.99 0.99 0.99 0.99 0.99 0.99 0.99 0.99 0.99 3.30 3.30 2.77 2.77 2.77 2.77 2.77 2.77 2.77 0.83 0.83 0.83 0.83 0.83 0.83 0.83 0.83 0.83 0.73 0.73 0.73 0.73 0.73 0.73 0.73 0.73 0.73 0.73 0.73 0.73 0.73 0.73 0.73 0.73 0.83 0.83 0.83 0.83 0.83 0.83 1.22 0.83 0.83 0.83 0.83 0.83 0.83 0.83 1.22 0.83 1.15 0.79 0.79 0.79 0.79 0.79 0.79 0.79
0.00 0.00 0.00 0.00 0.91 0.62 0.62 0.62 0.62 0.62 0.62 0.62 0.99 0.99 0.99 0.99 0.99 0.99 0.99 0.99 0.99 0.99 0.99 0.99 0.99 0.99 0.99 3.30 2.77 2.77 2.77 2.77 2.77 2.77 2.77 2.77 0.83 0.83 0.83 0.83 0.83 0.83 0.83 0.83 0.73 0.73 0.73 0.73 0.73 0.73 0.73 0.73 0.73 0.73 0.73 0.73 0.73 0.73 0.73 0.73 0.83 0.83 0.83 0.83 0.83 0.83 0.83 0.83 0.83 0.83 0.83 0.83 0.83 0.83 0.83 0.83 0.79 0.79 0.79 0.79 1.15 0.79 0.79 0.79
0.00 0.00 0.00 1.94 0.62 0.62 0.62 1.88 1.88 0.62 0.62 0.62 0.99 0.99 1.45 0.99 0.99 0.99 0.99 0.99 0.99 0.99 0.99 0.99 0.99 0.99 0.99 0.99 0.83 0.83 2.77 2.77 2.77 2.77 2.77 2.77 0.83 0.83 0.83 0.83 0.83 0.83 0.83 0.83 0.73 0.73 0.73 0.73 0.73 0.73 0.73 1.08 0.73 0.73 0.73 0.73 0.73 0.73 0.73 0.73 0.83 0.83 0.83 0.83 0.83 0.83 0.83 0.83 0.83 0.83 0.83 0.83 0.83 0.83 0.83 0.83 0.79 0.79 0.79 0.79 1.15 1.15 1.15 0.79
0.00 0.00 0.73 0.73 0.73 0.73 2.44 1.88 0.62 0.62 0.62 0.62 0.99 0.99 0.99 0.99 0.99 0.99 0.99 0.99 0.99 0.99 0.99 0.99 0.99 0.99 0.99 0.99 0.83 0.83 2.77 2.77 0.83 2.77 2.77 2.77 0.83 0.83 0.83 0.83 0.83 0.83 0.83 0.83 0.73 0.73 0.73 0.73 0.73 0.73 1.08 1.08 0.73 0.73 0.73 0.73 0.73 0.73 0.73 0.73 0.83 0.83 0.83 0.83 0.83 0.83 0.83 0.83 0.83 0.83 0.83 0.83 0.83 0.83 0.83 1.22 1.15 0.79 0.79 2.82 2.32 2.32 2.32 2.42
0.00 0.00 2.30 0.69 0.69 2.30 2.30 0.59 0.59 0.59 0.59 0.59 0.94 0.94 0.94 0.94 0.94 0.94 0.94 0.94 0.94 0.94 0.94 0.94 0.94 0.94 0.94 0.94 0.83 0.83 0.83 0.83 0.83 0.83 0.83 2.76 0.83 0.83 0.83 0.83 0.83 0.83 0.83 0.83 0.90 0.90 0.90 0.90 0.90 0.90 0.90 1.32 0.90 0.90 0.90 0.90 0.90 0.90 0.90 0.90 0.82 0.82 0.82 0.82 0.82 0.82 0.82 0.82 0.82 0.82 0.82 0.82 0.82 0.82 0.82 0.82 0.82 0.82 0.56 0.56 0.65 2.17 1.70 1.42
0.00 0.00 0.69 2.30 0.69 1.78 0.86 0.59 0.59 0.59 0.59 0.59 0.94 0.94 0.94 0.94 1.37 1.37 0.94 0.94 0.94 0.94 0.94 0.94 0.94 0.94 0.94 0.94 0.83 0.83 0.83 0.83 0.83 0.83 0.83 2.76 0.83 0.83 0.83 0.83 0.83 0.83 0.83 0.83 0.90 0.90 0.90 0.90 0.90 0.90 0.90 0.90 0.90 0.90 0.90 0.90 0.90 0.90 0.90 0.90 0.82 0.82 0.82 0.82 0.82 0.82 0.82 0.82 0.82 0.82 0.82 0.82 0.82 0.82 0.82 0.82 0.56 0.82 0.56 0.56 2.17 2.17 1.70 0.00
0.00 0.00 1.86 0.69 2.30 0.59 0.59 0.59 0.59 0.59 0.59 0.59 0.94 0.94 0.94 0.94 0.94 1.37 0.94 0.94 0.94 0.94 0.94 0.94 0.94 0.94 0.94 0.94 0.83 1.21 0.83 0.83 0.83 0.83 0.83 0.83 0.83 0.83 0.83 0.83 0.83 0.83 0.83 0.83 0.90 0.90 0.90 0.90 0.90 0.90 0.90 0.90 0.90 0.90 0.90 0.90 0.90 0.90 0.90 0.90 0.82 0.82 0.82 0.82 0.82 0.82 0.82 0.82 0.82 0.82 0.82 0.82 0.82 0.82 0.82 0.82 0.56 0.56 0.56 0.56 2.17 1.84 1.81 0.00
0.00 0.00 0.00 2.30 2.30 0.86 0.59 0.59 0.59 0.59 0.59 0.59 0.94 0.94 0.94 0.94 0.94 0.94 0.94 0.94 0.94 0.94 0.94 0.94 0.94 0.94 0.94 0.94 0.83 1.21 1.21 0.83 0.83 0.83 0.83 0.83 1.21 0.83 0.83 0.83 0.83 0.83 0.83 0.83 0.90 0.90 0.90 0.90 0.90 0.90 0.90 0.90 0.90 0.90 0.90 0.90 0.90 0.90 0.90 0.90 0.82 0.82 0.82 0.82 0.82 0.82 0.82 0.82 0.82 0.82 0.82 0.82 0.82 0.82 0.82 0.82 0.56 0.56 0.56 0.56 0.65 1.42 0.00 0.00
0.00 0.00 0.00 2.30 0.69 0.18 0.59 0.86 0.86 0.59 0.86 0.86 0.94 0.94 0.94 1.37 1.37 0.94 0.94 0.94 0.94 0.94 0.94 0.94 0.94 0.94 0.94 0.94 0.83 0.83 0.83 0.83 0.83 0.83 0.83 1.21 1.21 0.83 0.83 0.83 1.21 0.83 0.83 0.83 0.90 0.90 0.90 0.90 0.90 0.90 0.90 0.90 0.90 0.90 0.90 0.90 0.90 0.90 0.90 0.90 0.82 0.82 0.82 0.82 0.82 0.82 0.82 0.82 0.82 0.82 0.82 0.82 0.82 0.82 0.82 0.82 0.56 0.56 0.56 0.56 0.65 0.54 0.00 0.00
0.00 0.00 0.00 0.00 1.86 0.69 1.78 0.86 0.59 0.59 0.59 0.59 0.94 0.94 0.94 0.94 0.94 0.94 0.94 0.94 0.94 0.94 0.94 0.94 0.94 0.94 0.94 0.94 0.83 0.83 0.83 0.83 0.83 0.83 0.83 0.83 0.83 0.83 0.83 0.83 0.83 0.83 0.83 0.83 0.90 0.90 0.90 0.90 0.90 0.90 0.90 0.90 0.90 0.90 0.90 0.90 0.90 0.90 0.90 0.90 1.20 0.82 0.82 0.82 0.82 0.82 0.82 0.82 0.82 0.82 0.82 0.82 0.82 0.82 0.82 0.82 0.56 0.56 0.56 0.56 0.65 1.81 0.00 0.00
