New_Model_Runs/12_Future_RCP4.5_Scn2_out/post_prcessed_with_MFR/Monthly_summaries/actual_et_monthly_NOV.asc
NCOLS 700
NROWS 400
XLLCENTER 515000.000000
YLLCENTER 8409000.000000
CELLSIZE 50.000000
NODATA_value -999.000000
[rows 228 to 265 of 400, columns 252 to 335 of 700]
1.27 1.27 1.27 1.27 1.16 1.70 1.16 1.16 1.70 1.70 1.16 3.67 1.70 1.16 1.70 1.16 1.16 1.16 1.16 1.16 1.35 1.35 1.35 1.35 1.35 1.35 1.35 1.98 1.35 1.35 1.98 4.15 4.15 4.15 4.15 4.15 1.21 1.21 1.21 1.21 4.26 4.38 1.21 1.21 1.21 1.21 3.75 1.21 1.78 1.78 1.78 4.26 1.89 1.29 2.87 1.37 2.90 2.90 4.56 4.56 3.77 3.96 3.96 1.29 1.29 5.07 5.07 0.00 3.16 0.00 0.00 0.00 0.00 0.00 0.00 0.00 0.00 0.00 0.00 0.00 0.00 0.00 0.00 0.00
1.27 1.27 1.27 1.27 1.16 1.16 1.16 1.16 1.16 3.87 1.70 1.70 1.70 1.70 1.70 1.16 1.16 1.16 1.16 1.16 1.35 1.35 1.35 1.35 1.35 1.35 1.35 1.35 1.35 1.35 1.35 1.35 1.35 1.35 1.35 1.35 1.21 1.21 1.21 1.21 4.26 3.69 4.38 4.38 4.26 1.21 1.21 1.21 1.21 1.21 2.78 4.60 2.87 2.97 4.81 4.81 1.44 4.56 1.18 4.11 4.56 4.56 3.94 4.27 5.07 0.00 0.00 0.00 0.00 0.00 0.00 0.00 0.00 0.00 0.00 0.00 0.00 0.00 0.00 0.00 0.00 0.00 0.00 0.00
1.27 1.27 1.27 1.27 1.16 1.16 1.16 1.16 1.16 1.16 1.70 1.70 1.70 1.70 1.16 1.16 1.16 1.70 1.70 3.67 1.35 1.98 1.35 1.35 1.35 1.35 1.35 1.35 1.35 1.35 1.35 1.35 1.35 1.35 1.35 1.35 1.21 1.21 1.21 1.21 4.26 4.26 2.60 1.31 4.38 4.60 1.21 1.21 1.21 0.36 2.86 4.60 1.44 1.44 2.97 3.89 4.08 3.89 1.89 4.11 4.56 4.56 4.53 5.07 5.07 0.00 0.00 0.00 0.00 0.00 0.00 0.00 0.00 0.00 0.00 0.00 0.00 0.00 0.00 0.00 0.00 0.00 0.00 0.00
1.27 1.27 1.27 1.27 1.16 1.16 1.16 1.16 1.16 1.16 1.16 3.68 1.16 1.16 1.16 1.70 1.70 3.67 1.70 1.70 1.35 1.35 1.35 1.35 1.35 1.35 1.35 1.35 1.35 1.35 1.35 1.35 1.35 1.35 1.35 1.35 1.78 1.21 1.21 1.21 4.26 4.38 4.38 2.81 4.38 4.60 1.38 2.86 1.21 1.28 3.68 3.92 3.89 4.81 4.81 4.11 4.11 4.81 4.81 4.08 4.56 4.56 5.07 0.00 0.00 0.00 0.00 0.00 0.00 0.00 0.00 3.16 0.00 0.00 0.00 0.00 0.00 0.00 0.00 0.00 0.00 0.00 0.00 0.00
1.27 1.27 1.27 1.27 1.16 1.16 1.16 1.16 1.16 1.16 1.16 3.68 3.79 1.16 1.16 3.68 1.70 3.68 1.70 1.70 1.35 1.35 1.35 1.35 1.35 1.35 1.35 1.35 1.35 1.35 1.35 1.35 1.35 1.35 1.35 1.35 1.21 1.21 1.21 1.21 3.53 4.38 4.38 2.62 2.81 2.81 2.86 1.38 4.60 1.38 3.68 3.84 4.81 2.97 4.81 4.81 4.81 4.81 4.81 4.11 4.08 5.07 5.07 3.91 0.00 0.00 0.00 0.00 0.00 0.00 0.00 3.16 0.00 0.00 0.00 0.00 0.00 0.00 0.00 0.00 0.00 0.00 0.00 0.00
1.27 1.27 1.27 1.27 1.16 1.16 1.16 1.16 1.16 1.16 1.16 1.16 1.16 1.16 1.16 3.79 4.29 1.70 4.29 1.16 1.35 1.35 1.35 1.35 1.35 1.35 1.35 1.35 1.35 1.98 1.35 1.35 1.35 1.35 1.35 1.35 1.78 1.21 1.21 3.53 4.60 4.38 4.38 2.81 4.38 2.81 4.60 4.60 4.60 1.10 3.68 4.60 1.44 1.44 1.44 1.44 4.11 4.81 4.81 4.11 3.91 4.29 1.89 3.91 0.00 5.07 0.00 0.00 0.00 0.00 3.16 3.16 3.16 0.00 0.00 0.00 0.00 0.00 0.00 0.00 0.00 0.00 0.00 0.00
1.27 1.27 1.27 1.27 1.16 1.70 1.16 1.16 1.16 1.16 1.16 1.16 1.16 1.16 1.16 4.45 4.45 3.50 4.20 1.16 1.98 1.35 1.35 1.35 1.35 1.35 1.35 1.35 1.35 1.98 1.35 1.35 1.35 1.35 1.35 1.35 1.21 1.21 1.21 3.68 4.60 2.86 2.81 1.31 4.38 4.38 4.38 3.61 3.68 3.84 3.84 3.84 3.89 4.81 2.97 1.44 4.11 4.81 3.89 1.89 1.89 5.07 1.89 1.29 5.07 5.07 5.07 0.00 0.00 0.00 0.00 0.00 0.00 0.00 0.00 0.00 0.00 0.00 0.00 0.00 0.00 0.00 0.00 0.00
1.27 1.27 1.27 1.27 1.16 1.16 1.16 1.16 1.16 1.16 1.16 1.16 1.16 1.16 1.16 1.16 1.70 3.52 1.16 1.16 1.35 1.35 0.41 1.35 1.35 1.35 1.35 1.35 1.35 1.35 1.35 1.35 1.35 1.35 1.35 1.35 1.21 1.21 1.21 1.21 1.38 4.60 3.68 3.68 3.68 3.61 3.77 3.61 1.78 3.61 3.92 3.92 3.89 4.81 4.81 4.81 1.44 3.89 3.91 5.07 1.89 1.29 1.29 5.07 5.07 5.07 5.07 0.00 0.00 0.00 0.00 0.00 0.00 0.00 0.00 0.00 0.00 0.00 0.00 0.00 0.00 0.00 0.00 0.00
1.27 1.27 1.27 1.27 1.70 1.70 1.16 1.16 1.16 1.16 1.16 1.16 1.16 1.16 0.35 0.35 1.16 1.70 1.16 1.16 1.35 3.08 4.99 1.35 1.35 1.35 1.35 1.35 1.35 1.35 1.35 1.35 1.35 1.35 1.35 1.35 1.21 1.21 1.21 1.21 1.78 4.70 3.68 3.68 3.68 3.68 3.77 3.77 1.21 3.79 3.77 3.79 4.11 4.56 4.56 4.81 4.91 3.91 1.89 0.00 0.00 0.00 5.07 1.29 0.00 5.07 5.07 0.00 0.00 0.00 0.00 0.00 0.00 0.00 0.00 0.00 0.00 0.00 0.00 0.00 0.00 0.00 0.00 0.00
1.27 1.27 1.27 1.27 1.16 1.16 1.16 1.16 1.16 1.16 1.16 1.16 1.16 1.16 0.35 2.80 0.35 1.16 3.52 1.16 1.50 3.08 3.08 1.35 1.35 1.35 1.35 1.35 1.35 1.35 1.35 1.35 1.35 1.35 1.98 1.35 1.21 1.21 1.21 4.60 4.60 2.86 2.86 1.38 4.60 4.60 4.60 4.38 4.38 1.78 1.78 3.77 3.77 4.81 1.29 1.29 1.89 1.89 5.07 0.00 0.00 0.00 0.00 0.00 0.00 0.00 0.00 0.00 0.00 0.00 0.00 0.00 0.00 0.00 0.00 0.00 0.00 0.00 0.00 0.00 0.00 0.00 0.00 0.00
1.27 1.27 1.27 1.27 1.16 1.16 1.16 1.16 1.16 3.87 1.16 1.16 1.16 1.16 1.16 0.35 0.35 0.35 4.45 4.45 4.99 3.08 3.08 1.35 1.35 1.35 1.35 1.35 1.35 1.35 1.35 1.35 1.98 1.35 1.35 1.98 2.78 2.86 4.60 2.86 4.60 4.60 4.60 4.60 1.38 4.60 4.60 4.60 1.38 3.92 3.68 3.92 4.11 1.29 1.29 1.29 5.07 3.93 5.07 0.00 0.00 0.00 0.00 0.00 0.00 0.00 0.00 0.00 0.00 0.00 0.00 0.00 0.00 0.00 0.00 0.00 0.00 0.00 0.00 0.00 0.00 0.00 0.00 0.00
1.27 1.27 1.27 1.87 1.16 1.16 1.16 1.70 3.87 4.56 3.60 3.60 1.16 1.16 3.67 2.80 4.45 4.45 1.16 1.16 1.35 1.35 4.99 1.35 1.35 1.35 4.60 4.60 4.60 1.35 0.41 1.35 1.35 1.35 1.35 1.35 1.38 2.86 4.60 4.60 1.38 1.38 4.60 1.38 1.38 1.38 4.60 1.38 4.60 4.60 4.60 3.68 1.89 1.29 3.89 5.07 3.93 1.52 5.07 5.07 0.00 0.00 0.00 0.00 0.00 0.00 0.00 0.00 0.00 0.00 0.00 0.00 0.00 0.00 0.00 0.00 0.00 0.00 0.00 0.00 0.00 0.00 0.00 0.00
1.27 1.87 1.87 1.27 1.16 1.16 1.16 1.70 1.16 3.87 3.60 3.60 3.60 0.35 3.79 1.34 4.45 1.16 1.16 1.16 1.35 1.98 1.35 1.35 1.35 1.35 4.27 4.99 4.99 4.99 4.99 1.50 4.99 1.35 1.35 4.99 2.86 3.92 4.60 4.60 4.60 4.60 1.38 1.38 2.86 2.86 4.60 3.92 4.60 3.68 3.92 1.78 4.47 4.47 4.08 5.07 5.07 5.07 5.07 5.07 0.00 0.00 0.00 0.00 0.00 0.00 0.00 0.00 0.00 0.00 0.00 0.00 0.00 0.00 0.00 0.00 0.00 0.00 0.00 0.00 0.00 0.00 0.00 0.00
1.87 1.27 1.27 1.27 1.16 1.16 1.16 1.70 1.16 3.87 3.87 3.60 1.37 1.37 3.87 3.52 1.16 1.16 1.16 1.16 1.35 1.98 1.35 1.35 1.35 1.35 1.35 1.35 1.35 4.99 4.99 2.99 4.99 4.99 4.99 4.99 1.38 4.60 4.60 4.60 4.60 4.60 4.60 1.21 1.78 0.36 1.21 3.84 1.78 3.68 1.78 0.53 4.47 5.07 5.07 5.07 5.07 5.07 5.07 5.07 5.07 0.00 0.00 0.00 0.00 0.00 0.00 0.00 0.00 0.00 0.00 0.00 0.00 0.00 0.00 0.00 0.00 0.00 0.00 0.00 0.00 0.00 0.00 0.00
1.30 1.30 1.30 1.30 1.32 1.32 3.89 1.94 1.94 1.94 3.89 5.19 5.19 5.19 1.56 3.98 1.32 1.32 1.32 1.32 1.35 1.35 1.35 1.35 1.35 1.35 1.35 1.35 1.35 3.83 3.83 4.61 4.00 4.97 4.05 4.05 4.58 2.84 1.78 1.78 1.78 3.91 4.58 1.21 1.78 0.36 1.78 1.78 4.58 3.84 3.70 1.78 3.88 5.01 5.01 5.01 5.01 5.01 5.01 5.01 5.01 5.01 0.00 0.00 0.00 0.00 0.00 0.00 0.00 0.00 0.00 0.00 0.00 0.00 0.00 0.00 0.00 0.00 0.00 0.00 0.00 0.00 0.00 0.00
4.34 1.30 1.30 1.30 1.32 0.40 5.19 1.32 1.32 1.32 3.89 4.00 4.00 4.00 4.00 4.90 4.19 4.19 4.19 4.19 1.35 1.35 1.35 1.35 1.35 1.35 1.35 1.35 4.00 4.00 3.83 3.83 3.83 4.00 3.83 3.83 3.70 4.58 4.58 1.78 1.78 1.78 3.91 4.58 1.21 0.36 1.21 1.21 3.70 1.21 3.72 3.68 5.01 5.01 5.01 5.01 5.01 5.01 5.01 5.01 5.01 5.01 5.01 0.00 0.00 0.00 0.00 0.00 0.00 0.00 0.00 0.00 0.00 0.00 0.00 0.00 0.00 0.00 0.00 0.00 0.00 0.00 0.00 0.00
4.34 4.34 1.91 1.91 1.94 5.19 3.89 5.19 1.32 1.32 5.19 4.00 4.00 4.00 4.40 4.40 4.19 4.19 4.19 3.98 1.35 1.35 1.35 1.35 1.35 1.35 4.61 4.26 4.00 4.00 4.00 3.83 3.83 4.61 3.83 3.83 3.91 3.91 4.58 1.78 1.78 4.58 3.67 4.58 4.58 4.58 1.78 3.84 3.72 3.72 1.78 1.78 5.01 1.50 5.01 5.01 5.01 5.01 5.01 5.01 5.01 5.01 3.88 5.01 0.00 0.00 0.00 0.00 0.00 0.00 0.00 0.00 0.00 0.00 0.00 0.00 0.00 0.00 0.00 0.00 0.00 0.00 0.00 0.00
4.34 4.34 1.30 1.30 3.89 1.56 5.19 3.89 5.19 5.19 5.19 4.40 4.00 4.00 4.40 4.00 4.19 3.98 4.19 3.98 1.35 1.35 1.35 1.35 1.35 1.35 3.83 3.83 1.98 4.00 3.83 4.00 4.61 4.00 3.83 3.83 3.91 1.38 4.58 3.91 3.67 1.21 1.21 1.21 4.58 4.58 1.78 2.84 3.84 1.78 1.78 1.78 1.87 3.88 5.01 1.87 5.01 5.01 5.01 5.01 5.01 5.01 3.88 3.88 0.00 0.00 0.00 0.00 0.00 0.00 0.00 0.00 0.00 0.00 0.00 0.00 0.00 0.00 0.00 0.00 0.00 0.00 0.00 3.04
3.95 1.30 1.30 0.39 5.19 5.19 3.89 5.19 4.40 4.40 4.40 5.19 4.40 4.00 4.40 5.19 5.19 4.19 3.95 3.77 3.83 1.35 1.35 1.35 3.83 1.98 4.00 4.61 4.61 4.61 1.38 4.61 4.00 1.38 3.83 4.00 2.76 2.84 3.67 3.67 3.67 1.21 1.21 1.78 4.59 2.84 2.84 1.78 3.74 4.04 3.84 3.84 1.87 3.88 3.88 4.25 4.25 5.01 5.01 5.01 5.01 5.01 5.01 5.01 0.00 0.00 0.00 0.00 0.00 0.00 0.00 0.00 0.00 0.00 0.00 0.00 0.00 0.00 0.00 0.00 0.00 0.00 0.00 3.04
3.95 0.39 0.39 5.12 5.19 5.19 5.19 5.19 4.40 5.19 5.19 3.89 3.89 4.00 4.00 4.00 4.00 4.19 3.95 3.77 1.35 1.35 1.35 1.35 3.83 3.83 4.00 1.98 1.98 4.61 4.61 4.61 4.61 4.61 4.61 2.96 1.28 1.28 3.53 3.67 3.67 1.21 1.21 0.36 1.38 2.84 2.84 3.74 3.74 3.74 3.84 3.74 3.88 3.88 3.88 5.01 4.25 4.25 5.01 5.01 5.01 5.01 3.88 3.88 5.01 5.01 0.00 0.00 0.00 0.00 0.00 0.00 0.00 0.00 0.00 0.00 0.00 0.00 0.00 0.00 0.00 0.00 0.00 3.04
3.87 3.87 3.87 5.12 3.89 5.19 4.00 5.19 5.19 5.19 4.40 5.19 4.00 4.00 5.19 4.00 4.00 1.94 4.90 3.95 1.35 1.35 1.35 1.35 3.83 3.83 4.61 1.35 1.35 4.00 3.83 4.61 4.61 4.00 4.61 4.61 4.27 4.27 4.58 3.67 3.67 1.21 1.21 2.84 2.85 2.84 4.77 3.74 3.74 3.74 3.74 3.74 3.88 3.88 3.88 3.88 5.01 4.25 4.25 5.01 5.01 5.01 3.88 3.88 3.88 5.01 0.00 0.00 0.00 0.00 0.00 0.00 0.00 0.00 0.00 0.00 0.00 0.00 0.00 0.00 0.00 0.00 0.00 0.00
1.54 3.87 3.87 3.87 5.19 5.19 4.00 1.56 5.19 5.19 4.40 4.40 4.40 4.00 5.19 5.19 1.94 1.94 1.94 3.77 1.35 1.35 1.35 3.83 4.61 3.83 4.61 3.83 3.83 3.83 4.61 4.61 1.38 4.61 4.61 4.61 4.27 4.27 1.38 1.38 4.58 3.91 4.58 2.84 4.44 4.77 4.77 3.74 3.74 0.53 3.74 3.74 5.01 3.88 5.01 3.88 5.01 4.25 4.25 5.01 1.27 1.50 3.88 3.88 3.88 5.01 0.00 0.00 0.00 0.00 0.00 0.00 0.00 0.00 0.00 0.00 0.00 0.00 0.00 0.00 0.00 0.00 0.00 0.00
5.12 5.12 1.54 5.12 4.40 4.00 1.32 1.32 5.19 4.40 4.40 4.18 4.40 4.40 4.18 4.00 5.19 1.94 1.94 3.77 3.83 3.83 3.83 1.35 3.83 3.83 4.61 1.35 1.98 4.61 4.61 4.61 4.61 4.61 4.61 4.61 4.27 4.27 3.70 4.58 1.17 4.58 4.58 3.53 4.04 4.77 1.43 4.77 4.77 3.74 3.74 1.78 0.56 5.01 5.01 5.01 5.01 3.88 5.01 1.87 1.27 3.88 3.88 3.88 3.88 5.01 0.00 0.00 0.00 0.00 0.00 0.00 0.00 0.00 0.00 0.00 0.00 0.00 0.00 0.00 0.00 0.00 0.00 0.00
1.30 5.12 3.95 3.95 4.00 4.00 1.32 1.94 1.94 4.40 4.40 4.18 4.18 1.94 1.94 4.18 4.40 1.94 3.98 3.77 3.83 4.00 4.00 1.98 1.98 4.61 4.61 4.01 3.83 1.98 4.61 4.61 4.61 2.96 2.96 4.61 4.27 4.27 4.27 4.27 4.27 4.27 1.21 1.21 3.74 3.74 3.74 3.74 4.77 1.43 3.74 3.74 3.88 3.88 5.01 3.88 5.01 3.88 3.88 3.88 3.88 3.88 3.88 3.88 5.01 5.01 5.01 0.00 0.00 0.00 0.00 0.00 0.00 0.00 0.00 0.00 0.00 0.00 0.00 0.00 0.00 0.00 0.00 0.00
1.30 1.30 3.95 3.95 4.40 4.00 1.32 1.32 1.94 4.00 4.00 4.00 4.18 4.18 1.94 1.94 1.94 4.40 1.32 3.88 4.00 3.83 4.00 0.40 1.35 4.76 1.38 2.96 2.96 1.38 4.61 1.38 1.38 2.96 1.38 4.61 4.27 4.27 4.27 4.27 4.27 2.76 4.04 1.43 1.43 3.74 3.74 3.74 4.77 3.74 3.74 3.74 3.88 3.88 3.88 3.88 3.88 3.88 3.88 3.88 3.88 5.01 5.01 5.01 5.01 5.01 5.01 0.00 0.00 0.00 0.00 0.00 0.00 0.00 0.00 0.00 0.00 0.00 0.00 0.00 0.00 0.00 0.00 0.00
1.30 1.30 1.30 3.95 4.40 4.40 4.00 1.94 1.94 4.00 4.00 4.00 4.40 4.00 4.00 1.94 1.94 1.32 1.32 1.32 4.76 3.83 1.35 4.61 2.96 2.96 4.61 2.96 2.96 4.61 4.61 4.61 4.61 1.38 1.38 4.61 1.28 4.27 4.27 4.27 4.27 3.74 3.74 3.74 3.74 3.74 3.74 3.74 3.74 4.77 4.77 1.43 1.50 3.88 3.88 3.88 3.88 3.88 3.88 3.88 3.88 5.01 5.01 5.01 5.01 5.01 5.01 5.01 0.00 0.00 0.00 0.00 0.00 0.00 0.00 0.00 0.00 0.00 0.00 0.00 0.00 0.00 0.00 0.00
5.12 0.39 5.12 5.12 5.19 4.00 4.40 5.19 4.40 4.40 4.40 4.40 4.40 4.40 4.18 4.00 4.18 1.94 1.32 1.32 1.43 4.61 1.35 1.35 0.40 2.96 2.96 2.96 1.38 1.38 4.61 4.61 4.61 4.61 1.38 1.38 4.27 4.27 4.27 4.27 4.77 4.77 1.43 4.77 3.74 3.74 3.74 3.74 3.74 4.77 4.77 3.74 1.50 3.88 3.88 3.88 3.88 3.88 3.88 4.04 4.04 3.88 3.88 1.87 5.01 5.01 5.01 5.01 3.04 3.04 0.00 0.00 0.00 0.00 0.00 0.00 0.00 0.00 0.00 0.00 0.00 0.00 0.00 0.00
5.12 3.95 5.12 5.12 5.19 4.40 4.00 4.40 4.00 5.19 4.40 4.00 4.40 4.00 4.40 4.00 4.18 1.32 1.94 1.94 1.35 1.35 1.35 1.35 1.35 0.40 0.40 2.96 1.38 2.96 4.61 4.61 4.61 4.61 4.61 4.61 4.27 3.70 4.27 4.27 4.77 4.77 3.74 3.74 4.77 3.74 3.74 1.43 3.74 4.77 4.77 4.77 5.01 5.01 5.01 5.01 5.01 5.01 5.01 5.01 5.01 5.01 5.01 5.01 5.01 5.01 5.01 5.01 3.04 3.04 3.04 3.04 3.04 3.04 3.04 3.04 3.04 3.04 3.04 3.04 3.04 3.04 3.04 3.04
5.12 4.34 5.12 5.12 4.00 4.40 4.40 4.00 4.00 4.00 4.00 1.32 1.32 1.32 1.94 1.32 1.94 1.94 1.94 1.32 1.35 1.98 1.98 1.98 1.35 1.35 0.40 4.61 1.38 4.61 4.61 4.61 4.61 4.61 4.61 4.61 4.27 4.27 4.27 4.77 3.68 3.68 4.04 3.84 1.78 1.78 1.21 1.78 1.78 3.74 3.74 4.77 5.01 5.01 5.01 5.01 5.01 5.01 5.01 5.01 5.01 5.01 5.01 5.01 5.01 3.88 3.88 3.88 2.63 2.63 2.63 2.63 2.63 2.63 2.63 2.63 2.63 2.63 2.63 2.63 2.63 2.63 2.63 2.63
4.34 4.34 5.12 3.95 4.00 4.40 4.00 4.40 4.00 1.56 1.32 1.32 1.32 1.32 1.32 1.32 1.32 1.32 1.32 1.32 1.35 1.35 1.98 4.01 1.98 0.40 0.40 1.35 1.38 2.96 4.61 4.61 1.38 1.39 1.39 1.39 1.29 4.30 4.77 4.77 4.77 4.77 4.04 3.84 1.78 1.78 1.78 0.36 0.36 3.74 4.77 4.77 5.01 5.01 5.01 5.01 5.01 5.01 5.01 5.01 5.01 5.01 5.01 5.01 5.01 5.01 5.01 3.88 2.63 3.04 3.04 3.04 3.04 3.04 3.04 3.04 3.04 3.04 3.04 3.04 3.04 3.04 3.04 3.04
4.00 4.40 4.40 5.19 4.54 4.13 4.13 4.13 1.61 3.96 5.35 1.36 5.35 1.36 1.36 1.36 4.13 5.35 5.35 1.36 1.35 1.35 1.35 1.35 1.35 1.35 1.98 1.35 0.40 1.98 4.60 4.60 2.95 4.64 1.39 4.64 2.76 4.78 4.78 4.78 1.43 4.78 4.78 3.74 1.43 3.74 3.74 3.74 3.74 3.74 3.74 3.74 3.87 5.01 5.01 5.01 5.01 5.01 5.01 5.01 5.01 5.01 5.01 5.01 5.01 5.01 5.01 3.87 3.61 4.58 4.58 4.58 4.58 4.58 4.58 4.58 4.58 4.58 4.58 4.58 4.58 4.58 4.58 4.58
4.00 4.00 4.00 4.40 4.54 4.13 1.61 2.00 1.61 5.35 1.36 2.00 2.00 5.35 5.35 5.35 4.13 4.13 2.00 0.41 1.35 1.35 1.35 1.35 1.35 1.35 1.35 1.98 1.35 4.60 4.60 4.60 1.38 2.96 4.64 4.64 3.74 0.36 4.78 4.78 4.78 4.78 4.78 1.43 3.74 3.74 3.74 3.74 4.78 4.78 3.74 3.74 3.87 3.87 5.01 5.01 5.01 5.01 5.01 5.01 5.01 5.01 5.01 5.01 5.01 3.87 3.87 3.87 3.61 4.58 0.00 0.00 0.00 0.00 0.00 0.00 0.00 0.00 0.00 0.00 0.00 0.00 0.00 0.00
4.00 4.00 5.19 4.40 4.54 5.35 5.35 1.61 5.35 5.35 1.36 1.36 2.00 4.13 5.35 5.35 4.13 4.13 5.35 5.35 0.40 1.35 1.35 1.35 1.35 1.35 1.35 1.35 1.35 4.60 4.60 4.60 4.60 4.64 4.64 5.31 3.74 1.43 4.78 1.43 4.78 4.78 4.78 1.43 4.78 3.74 3.74 3.74 1.15 3.85 4.78 3.74 5.01 5.01 5.01 5.01 5.01 5.01 5.01 5.01 5.01 3.87 3.87 1.50 5.01 3.87 3.87 3.87 3.61 3.61 0.00 0.00 0.00 0.00 0.00 0.00 0.00 0.00 0.00 0.00 0.00 0.00 0.00 0.00
4.00 4.40 4.40 5.19 5.35 5.35 5.35 4.54 4.54 1.61 0.41 1.36 5.35 2.00 5.35 5.35 1.36 1.36 5.35 1.36 1.35 1.35 1.35 1.35 1.35 1.35 1.35 1.35 1.35 4.60 4.60 4.60 4.60 4.64 5.31 5.31 4.78 4.78 4.78 1.43 4.78 4.78 1.43 4.78 3.74 3.74 3.85 3.85 3.85 3.85 3.85 1.78 1.87 3.87 3.87 3.87 5.01 5.01 5.01 5.01 5.01 1.50 5.01 3.87 3.87 3.87 3.87 3.87 3.61 3.61 3.61 0.00 0.00 0.00 0.00 0.00 0.00 0.00 0.00 0.00 0.00 0.00 0.00 0.00
4.00 4.40 5.19 5.19 5.35 5.35 5.35 3.96 3.96 5.35 1.36 4.54 3.96 2.00 1.36 5.35 1.36 1.36 1.36 1.36 1.35 1.35 1.35 1.35 1.35 1.35 1.35 1.35 1.35 1.38 4.60 1.38 4.60 5.31 5.31 4.05 4.78 4.78 4.78 4.78 4.78 4.78 4.78 1.43 1.43 3.74 3.74 3.74 3.85 4.78 4.78 4.78 3.87 3.87 3.87 3.87 5.01 5.01 5.01 5.01 5.01 3.87 1.50 1.50 3.87 3.87 3.87 3.87 3.61 3.61 3.61 0.00 0.00 0.00 0.00 0.00 0.00 0.00 0.00 0.00 0.00 0.00 4.58 4.58
4.00 4.00 4.00 4.00 5.35 5.35 5.35 5.35 2.00 2.00 1.36 4.31 2.00 1.36 5.35 1.36 1.36 1.36 1.36 1.36 1.35 1.35 1.35 1.35 1.35 1.35 1.35 1.35 0.40 1.38 4.60 4.60 4.05 4.05 4.05 4.05 1.43 4.78 4.78 1.43 1.43 4.78 3.74 3.74 1.43 4.78 4.78 4.78 4.78 4.78 4.78 3.74 3.87 5.01 5.01 3.87 3.87 5.01 5.01 5.01 5.01 3.87 5.01 5.01 3.87 3.87 3.87 3.87 3.61 3.61 3.61 3.61 0.00 0.00 0.00 0.00 0.00 0.00 0.00 0.00 4.58 4.58 3.61 3.61
4.00 4.00 4.39 4.00 4.13 4.54 5.35 4.54 4.54 2.00 1.36 2.00 2.00 2.00 1.61 5.35 1.36 0.41 1.36 1.36 1.35 1.98 1.35 1.35 1.35 1.35 1.35 1.35 2.95 4.75 1.38 1.59 4.05 4.50 5.31 5.31 4.78 4.78 4.05 4.78 1.43 4.78 4.78 1.43 4.78 3.68 4.78 4.78 4.78 4.78 4.78 4.78 3.87 5.01 5.01 1.50 3.87 5.01 5.01 3.87 3.87 5.01 5.01 5.01 5.01 3.87 1.50 5.01 3.61 4.58 0.00 3.61 3.61 0.00 0.00 0.00 0.00 0.00 0.00 4.58 3.61 3.61 3.61 4.58
4.39 4.39 1.93 1.93 4.54 4.54 4.54 4.54 4.54 4.13 2.00 2.00 4.13 3.96 1.61 5.35 5.35 5.35 1.36 1.36 1.35 0.40 0.40 0.40 1.35 1.35 1.35 1.35 1.39 4.64 5.31 4.50 4.50 5.31 5.31 5.31 4.78 4.78 1.43 4.78 4.78 4.78 4.05 4.78 1.78 1.78 1.78 4.78 4.78 4.78 4.78 4.78 5.01 5.01 5.01 3.87 3.87 3.87 5.01 5.01 3.87 5.01 5.01 5.01 5.01 5.01 5.01 5.01 3.61 0.00 0.00 0.00 3.61 3.61 0.00 0.00 0.00 4.58 3.61 3.61 3.61 4.58 4.58 0.00
