New_Model_Runs/12_Future_RCP4.5_Scn2_out/post_prcessed_with_MFR/Monthly_summaries/actual_et_monthly_MAR.asc
NCOLS 700
NROWS 400
XLLCENTER 515000.000000
YLLCENTER 8409000.000000
CELLSIZE 50.000000
NODATA_value -999.000000
[rows 266 to 303 of 400, columns 168 to 251 of 700]
4.02 4.02 4.02 1.94 1.32 1.32 1.32 1.32 1.37 1.37 1.37 1.37 1.37 1.37 1.37 1.37 1.37 1.37 1.37 1.37 1.37 1.37 1.37 1.37 1.25 1.25 1.25 1.25 1.25 1.25 1.25 1.25 1.25 1.25 1.25 1.25 1.25 1.25 1.25 1.25 1.33 1.33 1.33 1.33 1.33 1.33 1.33 1.33 1.95 4.43 4.43 1.33 1.33 4.43 4.43 4.03 4.19 4.19 3.82 3.82 3.82 3.82 3.82 3.82 3.82 3.82 3.82 3.82 3.82 3.82 4.19 3.82 4.02 5.22 4.42 5.22 5.22 1.56 5.22 4.02 4.02 4.02 4.02 1.94
4.02 4.02 4.02 4.02 4.02 1.32 1.32 1.32 1.37 1.37 1.37 1.37 1.37 1.37 1.37 1.37 1.37 1.37 1.37 1.37 1.37 1.37 1.37 1.37 1.25 1.25 1.25 1.25 1.25 1.25 1.25 1.25 1.25 1.25 1.25 1.25 1.25 1.25 1.25 1.25 1.33 1.33 1.33 1.33 1.95 1.33 1.95 1.33 1.33 1.33 4.03 4.43 4.03 4.03 4.03 4.03 3.82 3.82 3.82 3.82 4.19 3.82 1.85 1.85 3.82 3.82 4.95 3.82 3.82 4.19 4.19 4.19 5.22 5.22 5.22 5.22 1.56 5.22 5.22 5.22 4.42 4.02 4.02 4.02
4.02 4.02 4.02 5.21 4.42 4.42 1.32 1.32 1.37 1.37 1.37 1.37 1.37 1.37 1.37 1.37 1.37 1.37 1.37 1.37 1.37 1.37 1.37 1.37 1.25 1.25 1.25 1.25 1.25 1.25 1.25 3.80 4.18 1.25 1.25 1.25 1.25 1.25 1.25 1.25 1.33 1.33 1.33 1.33 1.33 1.33 1.95 1.33 1.33 4.43 4.43 4.03 4.03 1.33 1.33 1.33 3.82 3.82 3.82 4.19 4.19 4.19 3.82 4.19 4.95 4.95 4.95 3.82 4.95 3.82 3.82 4.19 5.22 5.22 5.22 1.56 4.02 4.02 4.02 4.02 4.02 5.22 4.42 4.02
5.21 4.02 4.02 4.42 4.42 1.32 1.32 1.32 1.37 1.37 1.37 1.37 1.37 1.37 1.37 1.37 1.37 1.37 1.37 1.37 1.37 1.37 1.37 1.37 1.25 1.25 1.25 1.25 1.84 1.25 1.25 4.18 1.25 1.25 1.25 1.25 1.25 1.25 1.25 1.25 1.95 1.33 1.33 1.33 4.43 4.03 4.03 4.03 4.03 1.33 1.33 1.33 1.33 1.33 1.33 1.95 3.82 3.82 3.82 3.82 3.82 3.82 3.82 3.82 3.82 3.82 3.82 4.95 4.95 4.19 4.95 4.19 4.02 4.02 5.22 4.02 4.02 4.02 4.02 4.02 4.02 4.02 1.33 1.33
4.02 4.02 5.21 4.02 4.02 1.32 1.32 1.32 1.37 1.37 1.37 2.01 2.01 2.01 1.37 1.37 1.37 1.37 1.37 1.37 1.37 1.37 1.37 1.37 1.25 1.25 1.25 1.84 1.25 1.25 1.84 4.18 1.25 1.25 1.25 1.25 1.25 1.25 1.25 1.25 1.33 4.43 4.03 4.03 4.43 4.43 4.03 5.22 1.33 1.33 1.33 1.33 1.33 1.33 1.33 4.03 3.82 3.82 3.82 4.19 3.82 4.19 3.82 4.19 4.19 3.82 3.82 4.95 4.19 4.19 4.19 4.19 4.02 5.22 5.22 4.02 4.02 4.02 4.02 4.02 4.02 1.94 1.33 1.33
4.02 5.21 1.56 4.02 1.32 1.32 1.32 1.32 1.37 2.01 2.01 2.01 2.01 2.01 1.37 1.37 1.37 1.37 1.37 2.01 2.01 1.37 1.37 1.37 1.25 1.25 1.25 1.25 1.25 4.18 1.84 4.18 4.18 1.25 1.25 1.25 1.25 1.25 1.25 1.25 1.33 1.33 4.43 4.43 4.43 4.43 4.03 5.22 1.33 1.33 1.33 1.33 1.33 1.33 1.33 4.03 3.82 3.82 4.95 3.82 3.82 3.82 3.82 4.95 4.95 4.95 4.95 4.19 3.82 4.19 4.19 1.26 4.42 5.22 5.22 4.02 4.02 4.02 4.02 4.02 1.94 1.94 1.94 1.33
4.02 5.21 5.21 1.32 1.32 1.32 1.32 1.32 1.37 2.01 2.01 2.01 1.37 1.37 1.37 1.37 2.01 2.01 1.37 1.37 1.37 4.34 2.01 2.01 1.25 1.84 1.25 1.25 1.25 4.18 4.18 4.18 4.18 1.25 1.84 1.84 1.25 1.25 1.25 1.25 1.33 1.33 4.03 4.31 4.03 4.31 4.31 4.03 1.95 1.33 1.33 1.33 1.33 1.33 1.95 1.33 3.82 3.82 1.48 1.48 3.82 3.82 3.82 4.95 4.95 1.48 1.48 4.95 1.26 1.26 4.95 4.19 5.22 5.22 5.22 4.02 4.02 4.02 4.02 5.22 1.94 1.94 1.94 1.94
4.02 5.21 1.32 1.32 1.32 1.32 1.32 1.32 1.37 1.37 2.01 2.01 1.37 1.37 1.37 1.37 2.01 1.37 4.57 4.57 4.55 4.34 2.01 2.01 1.84 1.25 1.84 4.18 4.18 4.18 4.18 4.18 4.18 4.18 4.18 4.11 4.11 1.25 1.84 1.25 1.33 1.95 4.03 4.03 4.03 4.03 4.03 4.03 1.95 1.33 1.33 1.33 1.33 1.33 1.33 1.33 1.26 4.95 4.95 4.95 4.19 4.95 4.95 4.95 4.95 1.48 4.95 3.82 1.26 1.26 1.26 4.01 4.15 5.22 4.02 4.02 5.22 4.02 4.02 5.22 5.22 1.94 1.94 1.94
4.22 5.47 2.04 1.39 1.39 2.04 1.39 2.04 2.01 2.01 2.01 2.01 2.01 1.37 1.37 1.37 2.01 1.37 1.37 4.56 2.01 2.01 2.01 1.37 1.34 1.34 1.34 4.46 4.46 4.46 4.46 4.46 4.46 4.46 4.08 1.34 1.97 1.34 1.97 1.97 2.01 1.37 4.39 4.15 4.15 4.39 4.39 4.39 2.01 1.37 1.37 1.37 1.37 1.37 1.37 1.37 1.30 1.30 3.94 3.94 5.11 5.11 4.33 4.33 3.94 5.11 5.11 3.94 5.11 0.39 0.39 4.09 1.58 4.07 4.07 4.07 5.28 5.28 4.07 4.07 4.48 1.97 1.97 1.97
1.39 5.47 1.39 1.39 1.39 2.04 1.39 2.04 2.01 4.15 2.01 2.01 2.01 1.37 1.37 1.37 1.37 1.37 1.37 4.56 1.37 1.37 1.37 1.37 1.34 1.34 1.34 1.34 4.46 4.46 4.46 4.46 4.46 4.46 5.27 1.34 1.34 1.34 1.34 1.34 1.37 1.37 4.39 4.15 4.15 4.15 4.39 4.39 4.15 4.15 4.15 4.15 2.01 2.01 4.16 1.37 1.30 1.30 3.94 3.94 3.94 5.11 4.33 3.94 3.94 5.11 5.11 5.11 5.11 5.11 4.09 4.09 5.28 4.07 4.07 4.07 4.07 4.25 4.48 4.48 4.48 1.97 1.97 4.48
1.39 5.47 1.39 2.04 1.39 2.04 2.04 2.04 2.01 2.01 2.01 2.01 1.37 1.37 1.37 1.37 1.37 1.37 1.37 1.37 1.37 1.37 1.37 1.37 1.34 1.34 1.34 1.34 4.46 4.46 4.46 4.46 4.46 4.46 4.46 1.97 1.34 1.34 1.97 1.34 1.37 2.01 4.15 4.39 1.37 1.37 1.37 1.37 1.37 1.37 4.15 4.15 4.39 2.01 4.15 1.37 1.30 1.30 1.30 3.94 3.94 3.94 4.33 3.94 5.11 5.11 5.11 5.11 5.11 4.09 5.11 4.33 4.07 4.07 4.07 4.07 4.07 4.07 4.07 4.48 1.97 1.97 1.97 1.97
5.47 4.22 1.39 1.39 1.39 1.39 1.39 1.39 4.15 2.01 2.01 2.01 1.37 1.37 1.37 1.37 1.37 1.37 1.37 4.34 1.37 1.37 1.37 1.37 1.34 1.34 1.34 1.34 4.46 4.46 1.97 1.34 1.34 1.34 5.27 5.27 1.97 1.97 1.34 1.34 1.37 2.01 1.37 2.01 1.37 1.37 1.37 1.37 1.37 1.37 4.15 4.39 4.15 4.15 4.15 4.15 3.94 3.94 5.11 5.11 4.33 3.94 4.33 5.11 4.09 5.11 5.11 5.11 5.11 3.94 3.94 4.33 4.07 5.28 4.07 4.07 4.48 1.97 5.28 5.28 1.97 1.97 1.97 4.48
4.22 4.22 1.39 1.39 1.39 1.39 4.63 4.63 4.15 1.37 1.37 1.37 1.37 1.37 1.37 1.37 1.37 1.37 2.01 1.37 1.37 1.37 1.37 1.37 1.34 1.34 1.34 1.34 4.08 1.34 1.34 1.34 1.34 1.34 1.34 5.27 1.34 1.97 1.34 4.07 4.39 1.37 1.37 1.37 1.37 1.37 1.37 1.37 2.01 4.15 4.15 4.39 4.15 4.15 4.15 4.15 3.94 3.94 3.94 3.94 5.11 4.33 4.33 5.11 5.11 4.09 4.09 1.53 5.11 3.94 4.33 4.33 4.48 5.28 5.28 5.28 4.48 1.97 1.97 1.97 4.48 1.97 1.97 1.97
5.47 5.47 4.22 1.39 1.39 1.39 1.39 2.04 2.01 2.01 1.37 1.37 1.37 1.37 1.37 1.37 1.37 1.37 1.37 1.37 1.37 1.37 1.37 1.37 1.34 1.34 1.34 1.34 1.34 1.34 1.97 4.26 1.34 1.34 1.34 1.97 1.34 1.97 1.97 1.97 2.01 1.37 1.37 1.37 1.37 1.37 1.37 1.37 1.37 4.15 4.39 4.39 4.15 4.15 4.15 4.15 4.21 3.94 3.94 3.94 4.33 4.33 4.33 5.11 5.11 4.09 1.53 4.09 5.11 5.11 1.90 1.90 4.48 5.28 5.28 5.28 4.07 4.07 4.07 1.97 1.97 1.97 1.97 4.48
5.47 5.47 4.63 1.39 1.39 1.39 1.39 2.04 2.01 2.01 1.37 1.37 2.01 2.01 1.37 1.37 1.37 1.37 1.37 1.37 1.37 1.37 1.37 1.37 1.34 1.34 1.34 1.34 1.34 4.08 4.26 4.26 1.34 1.34 4.08 1.97 1.97 1.97 1.97 4.07 2.01 2.01 1.37 1.37 1.37 1.37 1.37 1.37 1.37 1.37 4.15 4.39 4.15 4.34 4.15 4.39 4.26 4.26 4.26 1.90 3.94 3.94 5.11 4.09 5.11 4.09 4.33 4.33 4.33 3.94 1.90 1.90 4.48 4.48 4.48 4.07 4.07 4.07 4.07 1.97 1.97 1.97 1.97 4.25
5.47 5.47 4.22 4.22 1.39 2.04 1.39 1.39 4.34 1.37 1.37 1.37 4.56 5.39 1.37 1.37 1.37 1.37 1.37 4.50 4.53 1.37 1.37 1.37 1.34 1.34 1.34 1.34 4.46 4.08 4.46 5.27 4.46 5.27 4.08 4.07 1.97 1.97 1.97 4.07 2.01 1.37 1.37 1.37 1.37 1.37 2.01 2.01 1.37 1.37 4.39 4.39 4.15 5.14 4.15 4.16 3.94 4.26 3.94 3.94 3.94 5.11 5.11 5.11 4.33 5.11 4.33 4.33 3.94 3.94 1.90 4.33 4.48 4.48 4.07 1.97 1.97 4.48 4.48 4.48 4.48 4.48 4.07 1.34
4.22 5.47 5.47 5.47 1.39 1.39 1.39 1.39 4.34 1.37 1.37 2.01 1.37 1.37 5.39 5.39 5.39 1.37 1.37 5.36 4.15 2.01 4.15 1.37 4.46 4.46 4.08 4.08 4.46 4.08 4.46 5.27 5.27 5.27 5.07 4.07 4.07 1.97 1.97 1.97 2.01 1.37 1.37 1.37 2.01 1.37 4.39 2.01 4.15 4.15 4.39 4.15 2.01 5.14 5.14 1.37 3.94 4.26 4.26 3.94 3.94 5.11 4.09 1.53 3.94 3.94 3.94 3.94 3.94 3.94 1.90 4.33 4.48 1.97 1.97 4.07 4.48 4.48 4.48 4.07 4.48 1.97 4.07 4.07
4.22 4.22 5.47 1.64 1.39 1.39 1.39 1.39 2.01 1.37 1.37 1.37 1.37 1.37 1.37 4.28 5.39 4.15 5.36 1.61 4.53 4.53 5.38 5.38 3.63 4.08 4.08 4.08 4.08 4.08 1.58 5.27 5.27 1.58 1.97 1.97 1.97 1.97 1.97 1.34 1.37 1.37 1.37 1.37 1.37 4.15 4.39 2.01 4.15 4.15 4.39 1.37 1.37 1.37 2.01 1.37 1.30 4.26 4.26 3.94 3.94 5.10 5.11 5.11 3.94 3.94 3.94 3.94 3.94 1.90 1.90 4.33 4.48 4.48 4.07 4.07 4.07 4.48 4.48 4.48 1.97 4.07 4.07 4.07
4.22 5.47 5.47 5.47 4.40 1.39 1.39 1.39 1.37 1.37 1.37 2.01 1.37 1.37 0.41 4.28 5.39 5.39 5.36 5.36 1.61 5.36 5.36 5.36 5.27 5.27 5.27 3.63 3.63 5.27 1.58 5.27 5.27 1.58 1.97 1.97 1.97 1.34 1.34 1.34 1.37 1.37 1.37 1.37 1.37 4.15 4.15 4.15 4.15 4.39 4.39 1.37 1.37 1.37 1.37 1.37 3.94 5.02 3.94 3.94 3.94 5.10 3.94 4.33 3.94 3.94 3.94 3.94 3.94 3.94 1.90 4.33 4.48 4.07 4.07 4.48 4.07 4.48 4.48 1.97 4.07 4.07 4.07 4.07
5.47 5.47 4.22 5.47 5.47 1.39 1.39 5.47 1.37 1.37 1.37 1.37 1.37 5.39 5.39 4.28 5.39 5.39 4.15 5.36 4.15 5.36 5.36 5.36 4.08 4.08 3.63 3.63 5.27 3.63 3.63 3.63 5.27 1.58 1.97 1.97 1.97 1.97 1.34 1.34 1.37 1.37 1.37 4.15 4.39 4.15 4.15 5.14 4.39 4.15 4.39 4.15 1.37 1.37 1.37 4.15 3.94 3.94 5.02 3.94 3.94 3.94 3.94 4.32 4.33 3.94 5.11 4.33 5.11 3.94 4.33 1.90 1.97 4.07 4.48 4.48 4.48 4.48 4.48 4.07 4.07 4.48 4.07 4.07
5.47 5.47 4.22 2.04 4.22 4.22 5.47 5.47 2.01 1.37 1.37 1.37 5.39 1.62 5.39 5.39 4.28 3.68 1.37 1.37 4.15 5.36 5.36 4.15 5.27 5.27 1.58 5.27 5.27 5.27 1.58 5.27 1.58 5.27 3.63 5.27 1.97 1.34 1.34 1.97 1.37 1.37 4.39 4.39 2.01 4.15 4.15 4.15 4.15 4.15 2.01 2.01 2.01 1.37 2.01 2.01 1.30 3.94 3.94 3.94 5.02 3.94 4.32 4.32 4.32 5.11 5.11 5.11 3.94 4.33 3.94 1.90 4.07 4.07 4.48 4.48 1.97 1.97 1.97 1.97 4.07 4.48 4.48 4.07
5.47 5.47 5.47 4.22 4.22 5.47 5.47 5.47 5.39 4.28 5.39 5.39 5.39 4.28 5.39 4.56 5.39 5.36 1.37 1.37 1.37 4.54 4.54 4.15 4.46 4.46 4.46 5.27 5.27 1.58 1.58 5.27 5.27 5.27 5.27 4.08 4.46 4.46 4.46 4.46 1.37 1.37 1.37 4.39 2.01 1.37 5.14 5.14 4.15 2.01 1.37 1.37 1.37 1.37 1.37 1.37 1.90 3.94 3.94 3.94 4.21 5.10 4.32 4.32 5.10 3.94 3.94 3.94 3.94 3.94 3.94 4.33 4.48 4.48 4.48 4.48 4.48 4.48 1.97 4.07 4.07 5.28 4.48 4.48
4.33 4.33 5.47 5.47 5.47 5.47 4.33 5.47 5.39 4.15 4.15 4.56 5.39 4.15 4.56 4.56 2.01 1.37 1.37 2.01 1.37 5.36 4.15 4.15 4.46 4.46 4.46 4.46 4.46 4.08 5.27 5.27 4.08 4.08 3.63 4.46 4.08 4.46 4.46 4.08 1.37 1.37 1.37 1.37 1.37 1.37 5.13 5.13 4.15 1.37 1.37 1.37 1.37 1.37 2.01 2.01 1.90 3.94 3.94 4.21 4.93 3.54 3.94 5.10 5.10 3.94 3.94 4.33 4.33 3.94 3.94 1.90 4.07 4.48 4.48 4.07 4.07 4.48 4.07 4.07 4.07 4.07 5.28 5.28
5.47 5.47 5.47 5.47 5.47 5.47 5.47 4.29 1.62 4.15 4.15 4.56 4.28 5.39 4.56 4.56 4.34 2.01 2.01 1.37 1.37 1.37 4.15 4.15 4.46 4.46 4.46 4.46 4.46 4.08 4.08 4.08 4.08 4.08 4.46 1.97 1.97 4.46 4.46 4.08 4.16 1.37 1.37 1.37 1.37 2.01 1.37 1.37 1.37 1.37 1.37 1.37 1.37 1.37 1.37 1.37 1.30 1.30 1.30 4.21 5.10 5.10 4.32 5.10 5.10 5.10 5.10 3.94 1.30 1.30 3.94 4.33 1.97 4.48 4.48 4.07 5.28 5.28 4.07 5.28 5.28 5.28 5.28 5.28
4.19 4.19 4.19 4.19 5.43 5.43 1.63 4.60 4.25 4.25 5.37 5.37 5.37 5.37 4.55 2.00 4.55 1.37 1.37 1.37 2.00 1.37 4.14 4.52 4.52 4.52 4.52 4.52 4.52 4.14 4.14 5.34 5.34 4.14 4.14 4.14 4.52 2.00 4.14 4.52 4.53 4.53 1.37 1.37 1.37 2.01 1.37 1.37 1.37 1.37 2.01 2.01 1.37 2.01 2.01 2.01 1.91 1.30 1.30 3.49 5.12 4.33 3.95 5.12 5.12 3.95 3.95 1.30 1.30 1.30 4.34 4.34 1.95 1.95 1.95 1.95 1.95 1.33 4.04 5.24 5.24 5.24 5.24 5.24
5.43 5.43 5.43 2.02 5.43 4.19 5.43 5.43 5.37 4.25 5.37 5.37 5.37 5.37 4.55 4.55 4.52 2.00 2.00 1.37 2.00 1.37 1.37 4.52 4.52 4.52 4.14 4.14 4.52 4.52 4.14 4.14 5.34 5.34 5.34 4.14 4.14 3.64 4.14 4.52 4.53 4.53 1.37 2.01 2.01 2.01 1.37 1.37 1.37 1.37 2.01 2.01 1.37 1.37 1.37 2.01 1.91 1.91 1.30 1.48 3.51 3.95 4.33 3.95 3.95 3.95 3.95 1.30 1.30 1.30 4.34 4.34 4.44 4.04 1.95 1.95 1.95 1.33 1.33 5.24 5.24 5.24 5.24 5.24
5.43 5.43 5.43 4.19 4.19 4.19 4.19 5.43 4.14 5.37 4.14 4.14 5.37 1.61 5.37 5.37 4.52 1.37 2.00 1.37 1.37 1.37 2.00 4.52 4.52 4.52 4.14 4.14 4.14 4.14 4.14 4.14 4.14 5.34 4.14 4.52 4.14 4.14 4.14 4.14 4.16 4.16 2.01 1.37 1.37 1.37 1.37 1.37 1.37 1.37 1.37 1.37 1.37 1.37 1.37 1.37 1.91 1.91 1.30 3.49 3.95 3.95 3.95 3.95 4.33 3.95 3.95 1.30 1.30 1.30 1.30 1.30 4.04 4.04 1.33 1.33 1.33 1.33 5.24 5.24 5.24 5.24 5.24 5.24
5.43 5.43 5.43 5.43 5.43 5.43 4.19 5.43 4.14 4.55 4.14 4.14 4.14 4.55 5.37 5.37 5.34 1.37 2.00 1.37 1.37 2.00 1.37 4.14 4.14 4.14 4.14 4.14 4.14 4.14 4.14 4.14 5.34 5.34 4.14 4.14 4.14 4.14 4.14 4.14 4.16 4.16 4.16 2.01 1.37 1.37 1.37 1.37 1.37 1.37 1.37 1.37 1.37 1.37 1.37 1.37 1.91 1.91 1.30 4.92 5.12 3.95 3.95 3.95 3.95 3.95 3.95 1.30 1.30 1.30 1.30 1.30 4.04 1.33 1.33 1.33 1.33 5.24 5.24 5.24 5.24 5.24 5.24 5.24
4.27 5.43 5.43 5.43 4.60 5.43 4.60 4.19 4.14 5.37 4.14 4.55 4.14 4.14 4.55 4.55 1.60 1.60 5.34 5.34 5.34 5.34 4.52 4.52 4.14 5.34 5.34 4.14 4.14 4.14 4.14 5.34 4.14 4.14 4.14 4.52 4.52 4.14 4.14 4.14 4.16 4.16 2.01 5.33 1.37 1.37 1.37 1.37 1.37 1.37 1.37 1.37 1.37 1.37 1.37 1.37 1.30 1.30 1.30 1.30 0.39 4.33 3.95 1.19 5.12 3.95 5.12 1.30 1.30 1.30 1.30 1.30 1.33 1.33 1.33 1.33 4.04 5.24 5.24 5.24 5.24 4.12 4.12 5.24
4.27 5.43 5.43 5.43 2.02 4.60 4.19 4.19 4.14 5.37 2.00 4.55 4.55 4.55 4.55 4.55 4.14 4.14 1.60 3.64 5.34 5.34 3.64 5.34 4.14 5.34 5.34 4.14 4.14 4.52 4.52 4.14 4.14 4.14 4.14 4.14 4.52 4.52 4.52 4.14 4.16 4.16 4.53 5.33 5.33 1.37 1.37 5.08 1.37 1.37 1.37 1.37 1.37 1.37 1.37 1.37 1.30 1.30 1.30 1.30 1.30 4.33 3.95 3.95 3.95 4.33 4.33 1.30 1.30 1.30 1.30 4.33 4.42 1.33 1.33 1.33 5.24 5.24 5.24 5.24 5.24 5.24 5.24 5.24
4.27 5.43 5.43 5.43 5.43 4.19 4.19 4.19 4.14 4.14 4.14 5.37 5.37 4.14 4.55 4.14 4.14 4.14 4.14 5.37 1.60 5.34 5.34 5.34 4.14 4.14 2.00 4.14 2.00 4.52 4.52 5.34 4.52 4.52 4.14 4.14 4.52 4.52 5.34 4.52 4.16 4.16 2.01 2.01 5.33 5.33 5.33 5.33 1.37 1.37 1.37 1.37 1.37 1.37 1.37 1.37 1.30 1.30 1.30 1.30 1.30 3.95 3.95 3.95 4.33 3.95 4.33 5.12 3.95 1.30 1.30 1.30 4.42 4.04 1.33 1.33 5.24 5.24 5.24 4.04 5.24 5.24 4.44 4.44
4.27 5.43 5.43 5.43 5.43 4.19 4.19 4.19 4.14 4.14 4.14 4.14 4.14 4.14 5.37 5.34 4.52 5.34 4.14 2.00 5.34 5.34 5.34 4.52 5.34 5.34 5.34 4.14 2.00 5.34 4.52 4.52 5.34 4.14 4.14 4.52 4.52 4.52 4.14 4.14 4.16 4.53 4.53 4.53 4.53 5.33 5.33 1.37 1.37 1.37 1.37 1.37 1.37 1.37 1.37 1.37 1.30 1.30 1.30 1.30 1.30 3.51 3.95 3.95 3.95 3.95 3.95 4.33 5.12 1.30 1.30 4.33 4.04 4.04 4.04 4.04 4.04 4.04 5.24 4.04 5.24 5.24 4.44 4.44
4.19 5.43 5.43 5.43 2.02 2.02 4.19 4.19 4.14 4.14 4.14 4.14 4.14 4.14 4.33 4.14 5.34 4.14 4.14 4.14 4.14 4.14 4.14 5.34 5.34 5.34 5.34 2.00 2.00 5.34 5.34 4.52 5.34 5.34 4.52 4.52 5.34 5.34 4.14 4.14 4.53 4.53 4.53 4.53 4.53 2.01 2.01 2.01 1.37 1.37 1.37 1.37 1.37 1.37 1.37 1.37 1.30 1.30 1.91 1.91 1.30 5.12 3.95 3.95 3.95 3.95 3.95 3.95 4.33 3.95 3.95 3.95 4.04 4.04 5.22 4.04 4.04 3.55 4.13 4.04 4.04 4.04 5.24 4.44
4.19 4.19 5.43 4.27 4.19 4.19 4.19 4.19 4.14 4.14 4.14 5.37 5.37 4.14 5.37 5.34 5.34 5.34 4.14 4.14 4.14 4.14 4.14 4.14 4.14 5.34 5.34 4.33 5.34 3.64 5.34 3.64 3.64 3.64 4.14 4.52 4.52 5.34 5.34 4.52 4.53 4.53 4.16 4.53 4.53 4.16 4.16 4.53 1.37 1.37 2.01 1.37 1.37 1.37 1.37 1.37 4.90 1.30 1.30 1.91 1.30 5.12 3.95 3.95 5.12 5.12 3.95 3.95 3.95 3.95 3.95 3.95 4.04 5.22 5.22 5.22 5.22 5.22 3.55 4.04 4.04 5.24 5.24 5.24
4.19 4.19 4.19 4.27 4.19 4.19 4.19 5.43 4.14 4.14 4.14 4.14 4.14 4.55 5.37 5.34 5.34 5.34 5.34 4.14 5.34 4.14 4.14 4.14 4.14 4.14 5.34 1.60 5.34 4.52 5.34 5.34 5.34 3.64 5.34 4.14 4.14 4.14 4.14 4.52 4.53 4.53 4.53 4.53 4.53 4.53 4.16 4.53 4.53 4.16 2.01 1.37 1.37 1.37 1.37 1.37 4.20 4.33 1.91 1.30 1.30 3.95 3.95 3.95 3.95 3.95 3.95 3.95 5.12 3.95 3.95 3.95 4.04 5.22 5.22 5.22 5.22 5.22 3.55 3.55 4.13 5.24 5.24 5.24
4.19 4.19 4.19 5.43 5.43 5.43 5.43 4.19 4.14 4.14 4.55 4.14 4.55 4.55 4.52 4.52 4.52 5.34 5.34 4.52 4.52 4.52 4.52 5.34 4.14 4.14 4.14 5.34 5.34 5.34 5.34 5.34 4.14 4.14 5.34 5.34 3.64 4.14 2.00 2.00 4.16 4.16 5.35 4.53 4.53 4.53 4.16 4.16 4.53 2.01 4.16 4.53 4.16 1.37 1.37 1.37 1.30 4.33 4.33 3.95 5.12 4.33 3.95 3.95 3.95 3.95 3.95 3.95 3.95 3.95 3.95 5.12 3.55 3.55 5.22 5.22 5.22 5.22 5.24 3.55 5.22 5.24 5.24 5.24
4.19 4.19 4.19 4.19 5.43 4.27 5.43 4.19 4.14 4.14 4.55 5.37 4.25 4.14 4.14 4.14 5.34 4.52 4.52 4.14 4.14 4.52 4.52 4.14 4.14 4.14 5.34 4.14 4.14 4.14 4.14 4.14 4.14 5.34 4.14 4.14 5.34 5.34 3.64 2.00 4.16 4.53 4.16 4.53 4.53 4.53 5.35 5.35 4.34 4.16 4.53 4.53 4.53 1.37 1.37 1.37 3.95 4.33 3.95 3.95 5.12 4.33 3.95 3.95 3.95 3.95 3.95 3.95 3.95 3.95 3.95 3.95 4.04 3.55 5.22 5.22 5.22 5.09 5.18 1.56 1.56 5.09 5.24 5.24
4.19 4.19 4.19 5.43 5.43 1.63 5.43 4.19 4.14 4.14 5.37 5.37 4.14 4.55 4.52 4.14 4.14 4.14 4.14 4.14 1.37 1.37 1.37 1.37 4.14 5.34 4.14 4.14 4.14 4.14 4.14 4.52 4.14 4.14 4.14 4.52 4.14 4.52 5.34 3.64 5.35 5.35 4.16 4.16 4.16 4.16 4.16 4.16 4.53 4.16 4.16 1.37 1.37 1.37 1.37 1.37 4.33 4.33 3.95 5.12 5.12 4.33 3.95 4.33 3.95 3.95 4.33 3.95 3.95 3.95 3.95 3.95 4.42 5.22 5.22 5.22 4.04 5.09 4.04 4.04 4.34 5.09 5.09 5.24
