New_Model_Runs/12_Future_RCP4.5_Scn2_out/post_prcessed_with_MFR/Monthly_summaries/actual_et_monthly_SEP.asc
NCOLS 700
NROWS 400
XLLCENTER 515000.000000
YLLCENTER 8409000.000000
CELLSIZE 50.000000
NODATA_value -999.000000
[rows 114 to 151 of 400, columns 504 to 587 of 700]
0.98 0.98 0.98 0.98 0.98 0.98 0.98 0.98 0.93 0.93 0.93 0.93 0.93 0.93 0.93 0.93 0.93 0.93 1.36 0.93 1.36 3.09 0.93 1.36 1.57 1.57 1.07 3.38 1.07 1.57 1.07 1.07 1.57 1.07 1.07 1.57 1.07 1.57 1.07 1.07 1.69 1.16 1.16 1.16 1.16 1.16 1.16 1.16 1.16 1.16 1.16 1.16 1.16 1.16 1.16 1.16 1.09 1.09 1.09 1.09 1.09 1.09 1.09 1.09 1.09 1.61 1.61 1.09 1.09 1.09 1.09 1.09 0.97 0.97 0.97 0.97 0.97 0.97 0.00 0.00 0.00 0.00 0.00 0.00
0.98 0.98 0.98 0.98 0.98 0.98 0.98 0.98 0.93 0.93 0.93 0.93 0.93 0.93 0.93 0.93 0.93 1.36 0.93 1.36 1.36 1.36 1.36 1.36 1.57 1.57 1.07 1.07 1.57 1.07 1.07 1.07 1.07 1.57 1.57 1.07 1.07 1.07 1.07 1.07 1.15 1.15 1.15 1.15 1.15 1.15 1.15 1.15 1.15 1.15 1.15 1.15 1.15 1.15 1.15 1.15 1.09 1.09 1.09 1.09 1.09 1.09 1.09 1.09 1.09 1.09 1.09 1.09 1.09 1.09 1.09 1.09 0.97 0.97 0.97 0.97 0.97 0.97 1.42 1.42 3.30 3.30 3.30 3.30
0.98 0.98 0.98 0.98 0.98 0.98 0.98 0.98 0.93 0.93 0.93 0.93 0.93 0.93 0.93 0.93 0.93 0.93 0.93 1.36 1.36 1.36 0.93 0.93 1.57 1.57 1.57 1.57 1.07 1.07 1.07 1.57 1.07 1.07 1.07 1.07 1.07 1.07 1.07 1.07 1.15 1.15 1.15 1.15 1.15 1.15 1.15 1.15 1.15 1.15 1.15 1.15 1.15 1.15 1.15 1.15 1.09 1.09 1.09 1.09 1.09 1.09 1.09 1.09 1.09 1.09 1.09 1.09 1.09 1.09 1.09 1.09 0.97 0.97 0.97 0.97 0.97 0.97 0.97 0.97 3.80 3.80 3.80 3.21
0.98 0.98 0.98 0.98 0.98 0.98 0.98 0.98 0.93 0.93 0.93 0.93 0.93 0.93 0.93 0.93 0.93 0.93 0.93 0.93 0.93 0.93 0.93 0.93 1.57 1.57 1.07 1.07 1.07 1.07 1.07 1.07 1.07 1.07 1.07 1.07 1.07 1.07 1.07 1.07 1.15 1.15 1.15 1.15 1.15 1.15 1.15 1.69 1.15 1.15 3.85 1.15 1.15 1.15 1.15 1.15 1.09 1.09 1.09 1.09 1.09 1.09 1.09 1.09 1.09 1.09 1.09 1.09 1.09 1.09 1.09 1.09 0.97 0.97 0.97 0.97 0.97 0.97 0.97 0.97 0.97 3.21 0.97 0.97
0.98 0.98 0.98 0.98 0.98 0.98 0.98 0.98 0.93 0.93 0.93 0.93 0.93 0.93 0.93 0.93 0.93 0.93 0.93 0.93 0.93 0.93 0.93 0.93 1.57 1.57 1.57 1.07 1.07 1.07 1.07 1.07 1.07 1.07 1.57 1.07 1.07 1.07 1.07 1.07 1.15 1.15 1.15 1.15 1.15 1.15 1.15 1.69 1.69 1.69 1.15 1.15 1.15 1.15 1.15 1.15 1.09 1.09 1.09 1.09 1.09 1.09 1.09 1.09 1.09 1.09 1.09 1.09 1.09 1.09 1.09 1.09 0.97 0.97 0.97 0.97 0.97 0.97 0.97 0.97 2.93 3.80 2.93 0.97
0.98 0.98 0.98 0.98 0.98 0.98 0.98 0.98 0.93 0.93 0.93 0.93 0.93 0.93 0.93 0.93 0.93 0.93 0.93 0.93 1.36 0.93 0.93 0.93 1.07 1.07 1.07 1.07 1.07 1.07 1.07 1.07 1.07 1.07 1.07 1.07 1.07 1.07 1.07 1.07 1.15 1.15 1.15 1.15 1.15 1.15 1.15 3.50 3.85 1.15 1.15 1.15 1.15 1.15 1.15 1.15 1.09 1.09 1.09 1.09 1.09 1.09 1.09 1.09 1.09 1.09 1.09 1.09 1.09 1.09 1.09 1.09 0.97 0.97 0.97 0.97 0.97 0.97 1.42 1.42 1.42 3.80 2.93 2.93
0.98 0.98 0.98 0.98 0.98 0.98 0.98 0.98 0.93 0.93 0.93 0.93 0.93 0.93 0.93 0.93 1.36 0.93 0.93 0.93 0.93 0.93 1.36 0.93 1.07 1.07 1.07 1.07 1.07 1.07 1.07 1.07 1.07 1.07 1.07 1.07 1.07 1.07 1.07 1.07 1.15 1.15 1.15 1.15 1.15 1.69 1.69 1.15 1.15 1.15 1.15 1.15 1.15 1.15 1.15 1.15 1.09 1.09 1.09 1.09 1.09 1.09 1.09 1.09 1.09 1.09 1.09 1.09 1.09 1.09 1.09 1.09 0.97 0.97 0.97 0.97 1.42 1.42 1.42 1.42 3.21 2.93 2.93 1.42
0.98 0.98 0.98 0.98 0.98 0.98 0.98 0.98 0.93 0.93 0.93 0.93 1.36 0.93 0.93 0.93 1.36 0.93 0.93 0.93 0.93 0.93 0.93 0.93 1.07 1.07 1.07 1.07 1.07 1.07 1.07 1.07 1.07 1.07 1.07 1.07 1.07 1.07 1.07 1.07 1.15 1.15 1.15 1.15 1.15 1.15 1.15 1.15 1.15 1.15 1.15 1.15 1.15 1.15 1.15 1.15 1.09 1.09 1.09 1.09 1.09 1.09 1.09 1.09 1.09 1.09 1.09 1.09 1.09 1.09 1.09 1.09 0.97 1.42 0.97 0.97 0.97 0.97 1.42 1.42 0.97 0.97 0.97 0.97
0.98 0.98 0.98 0.98 0.98 0.98 0.98 0.98 0.93 0.93 0.93 0.93 1.36 0.93 0.93 0.93 1.36 0.93 0.93 0.93 0.93 0.93 0.93 0.93 1.07 1.07 1.07 3.56 1.07 1.07 1.07 1.07 1.07 1.07 1.57 1.07 1.07 1.07 1.07 1.07 1.15 3.50 3.50 1.15 1.15 1.15 1.15 1.15 1.15 1.15 1.15 1.15 1.15 1.15 1.15 1.15 1.09 1.09 1.09 1.09 1.09 1.09 1.09 1.09 1.09 1.09 1.09 1.09 1.09 1.09 1.09 1.09 0.97 0.97 0.97 0.97 0.97 0.97 0.97 0.97 0.97 0.97 0.97 0.97
0.98 0.98 0.98 0.98 0.98 1.43 1.43 0.98 1.36 1.36 0.93 0.93 0.93 0.93 0.93 0.93 1.36 1.36 1.36 1.36 0.93 0.93 0.93 0.93 1.07 1.07 1.57 1.07 1.07 1.07 1.07 1.07 1.07 1.07 1.57 1.07 1.07 1.07 1.57 1.07 1.15 1.15 1.15 1.15 1.15 1.15 1.15 1.15 1.15 1.15 1.15 1.15 1.15 1.15 1.15 1.15 1.09 1.09 1.09 1.09 1.09 1.09 1.09 1.09 1.09 1.09 1.09 1.09 1.09 1.09 1.09 1.09 0.97 0.97 0.97 0.97 0.97 0.97 0.97 0.97 0.97 0.97 0.97 0.97
0.98 0.98 0.98 0.98 0.98 0.98 0.98 0.98 0.93 0.93 0.93 0.93 0.93 0.93 0.93 0.93 0.93 0.93 1.36 0.93 0.93 0.93 0.93 0.93 1.07 1.07 1.07 1.07 1.07 1.07 1.07 1.07 1.07 1.07 1.07 1.07 3.24 1.07 1.07 1.07 1.15 1.15 1.15 1.69 1.15 1.15 1.15 1.15 1.15 1.15 1.15 1.15 1.15 1.15 1.15 1.15 1.09 1.09 1.09 1.09 1.09 1.09 1.09 1.09 1.09 1.09 1.09 1.09 1.09 1.09 1.09 1.09 0.97 0.97 0.97 0.97 0.97 0.97 0.97 0.97 0.97 0.97 0.97 0.97
0.98 0.98 0.98 0.98 0.98 0.98 0.98 0.98 0.93 0.93 0.93 0.93 0.93 0.93 0.93 0.93 0.93 0.93 0.93 0.93 0.93 1.36 0.93 0.93 1.07 1.07 1.07 1.07 1.07 1.07 1.07 1.07 1.07 4.20 1.07 1.26 3.24 1.07 1.07 1.07 1.15 1.15 1.15 1.15 1.15 1.15 1.15 1.15 1.15 1.15 1.15 1.15 1.15 1.15 1.15 1.15 1.09 1.09 1.09 1.09 1.09 1.09 1.09 1.09 1.09 1.09 1.09 1.09 1.09 1.09 1.09 1.09 0.97 0.97 0.97 0.97 0.97 0.97 0.97 0.97 0.97 0.97 0.97 0.97
0.98 0.98 0.98 0.98 0.98 0.98 0.98 0.98 0.93 0.93 0.93 0.93 0.93 0.93 0.93 0.93 0.93 0.93 0.93 0.93 0.93 1.36 1.36 0.93 1.07 0.32 4.00 3.45 4.00 1.20 1.07 1.07 1.07 4.20 4.20 1.07 1.07 1.07 1.07 1.07 1.15 1.15 1.15 1.15 1.15 1.15 1.15 1.15 1.15 1.15 1.15 1.15 1.15 1.15 1.15 1.15 1.09 1.09 1.09 1.09 1.09 1.09 1.09 1.09 1.09 1.09 1.09 1.09 1.09 1.09 1.09 1.09 0.97 0.97 0.97 0.97 0.97 0.97 0.97 0.97 0.97 0.97 0.97 0.97
0.98 0.98 0.98 0.98 0.98 0.98 0.98 0.98 0.93 0.93 0.93 0.93 0.93 0.93 0.93 0.93 0.93 0.93 0.93 0.93 0.93 2.94 0.93 0.93 0.32 3.06 3.06 4.00 4.00 3.06 4.11 3.06 4.20 4.20 3.56 1.07 1.07 1.07 1.07 1.07 1.15 1.15 1.15 1.15 1.15 1.15 1.15 1.69 1.15 1.15 1.69 1.15 1.15 1.15 1.15 1.15 1.09 1.09 1.09 1.09 1.09 1.09 1.09 1.09 1.09 1.09 1.09 1.09 1.09 1.09 1.09 1.09 0.97 0.97 0.97 0.97 0.97 0.97 0.97 0.97 0.97 0.97 0.97 0.97
0.98 0.98 0.98 0.98 0.98 0.98 0.98 0.98 0.93 0.93 0.93 0.93 0.93 0.93 0.93 0.93 0.93 0.93 0.93 0.93 3.09 0.93 0.93 2.84 3.06 3.06 0.00 0.00 0.00 0.00 0.00 0.00 0.00 0.00 1.07 1.07 1.07 1.07 1.07 1.07 1.15 1.15 1.15 1.15 1.15 1.15 1.15 1.69 1.69 1.15 1.15 1.15 1.15 1.69 1.15 1.15 1.61 1.09 1.09 1.09 1.09 1.09 1.09 1.09 1.09 1.09 1.09 1.09 1.09 1.09 1.09 1.09 0.97 0.97 0.97 0.97 0.97 0.97 0.97 0.97 0.97 0.97 0.97 0.97
0.98 0.98 0.98 0.98 0.98 0.98 0.98 1.43 0.93 0.93 0.93 0.93 0.93 0.93 0.93 0.93 0.93 0.93 0.93 2.81 3.09 0.93 2.84 3.60 3.06 0.00 0.00 0.00 0.00 0.00 0.00 0.00 0.00 0.00 1.07 1.07 1.07 1.07 1.07 1.07 1.15 1.15 3.66 3.50 4.54 1.15 1.15 1.15 1.15 1.15 1.15 1.15 1.15 1.15 1.15 1.15 1.09 1.09 1.09 1.09 1.09 1.09 1.09 1.09 1.09 1.09 1.09 1.09 1.09 1.09 1.09 1.09 0.97 0.97 0.97 0.97 0.97 0.97 0.97 0.97 0.97 1.42 0.97 0.97
0.89 0.89 0.89 0.89 0.89 0.89 1.30 0.89 0.97 0.97 0.66 0.66 0.66 0.66 0.66 0.66 0.66 0.66 0.66 2.00 2.00 2.59 0.66 0.66 0.00 0.00 0.00 0.00 0.00 0.00 0.00 0.00 0.00 0.00 0.00 0.68 0.68 0.68 0.68 0.68 2.68 2.68 2.68 0.81 0.68 1.00 0.68 0.68 0.68 0.68 0.68 0.68 0.68 0.68 0.68 0.68 1.09 1.09 1.09 1.09 1.09 1.59 1.09 1.09 1.09 1.09 1.09 1.09 1.09 1.09 1.09 1.09 1.05 1.05 1.05 1.05 1.05 1.05 1.05 1.05 1.05 1.05 1.05 1.05
0.89 0.89 0.89 0.89 0.89 0.89 1.30 0.89 0.97 2.09 0.66 0.66 0.66 0.66 0.66 0.66 0.66 0.66 0.66 0.66 0.66 0.66 0.66 0.66 0.00 0.00 0.00 0.00 0.00 0.00 0.00 0.00 0.00 0.00 0.00 0.68 0.68 0.68 1.00 0.00 0.00 2.68 2.68 2.68 0.68 0.68 0.68 0.68 0.68 0.68 0.68 0.68 0.68 0.68 0.68 0.68 1.09 1.09 1.09 1.09 3.59 1.59 1.09 1.09 1.09 1.09 1.09 1.09 1.09 1.09 1.09 1.09 1.05 1.05 1.05 1.05 1.05 1.05 1.05 1.05 1.05 1.05 1.05 1.05
0.89 0.89 0.89 0.89 0.89 1.30 0.89 0.89 0.66 0.66 0.66 0.66 0.66 0.66 0.66 2.00 2.20 0.66 0.66 0.66 0.66 0.66 0.97 0.00 0.00 0.00 0.00 0.00 0.00 0.00 0.00 0.00 0.00 0.00 0.00 0.68 0.68 0.00 0.00 0.00 0.00 0.00 0.00 0.81 0.68 0.68 0.68 0.68 0.68 0.68 0.68 0.68 0.68 0.68 0.68 0.68 1.09 1.09 1.09 1.09 1.09 1.59 1.09 1.09 1.09 1.09 1.09 1.09 1.09 1.09 1.09 1.09 1.05 1.05 1.05 1.05 1.05 1.05 1.05 1.05 1.05 1.05 1.05 1.05
0.89 0.89 0.89 0.89 0.89 0.89 0.89 0.89 0.66 0.97 0.66 0.66 0.66 0.66 2.00 2.00 2.00 2.59 0.66 0.66 0.97 0.66 0.00 0.00 0.00 0.00 0.00 0.00 0.00 0.00 0.00 0.00 0.00 0.00 0.00 0.00 0.00 0.00 0.00 0.00 0.00 0.00 0.00 0.00 0.68 0.68 0.68 0.68 0.68 0.68 0.68 0.68 0.68 0.68 0.68 0.68 1.09 1.09 1.09 1.09 1.09 1.09 1.09 1.09 1.59 1.09 1.09 1.09 1.09 1.09 1.09 1.09 1.05 1.05 1.05 1.05 1.05 1.05 1.05 1.05 1.05 1.05 1.05 1.05
0.89 0.89 0.89 0.89 0.89 0.89 0.89 2.69 2.00 0.97 0.97 0.66 0.66 2.59 2.59 2.59 2.59 2.59 0.00 0.00 0.00 0.00 0.00 0.00 0.00 0.00 0.00 0.00 0.00 0.00 0.00 0.00 0.00 0.00 0.00 0.00 0.00 0.00 0.00 0.00 0.00 0.00 0.00 0.00 0.68 0.68 1.00 0.68 1.00 1.00 0.68 0.68 0.68 0.68 0.68 0.68 1.09 1.09 1.09 1.09 1.09 1.09 1.09 1.09 1.09 1.09 1.09 1.09 1.09 1.09 1.09 1.09 1.05 1.05 1.05 1.05 1.05 1.05 1.05 1.05 1.05 1.05 1.05 1.05
0.89 0.89 0.89 0.89 0.89 1.30 0.89 0.89 2.00 2.20 2.59 2.59 2.59 0.00 0.00 0.00 0.00 0.00 0.00 0.00 0.00 0.00 0.00 0.00 0.00 0.00 0.00 0.00 0.00 0.00 0.00 0.00 0.00 0.00 0.00 0.00 0.00 0.00 0.00 0.00 0.00 0.00 0.00 0.68 0.68 0.68 0.68 0.68 0.68 0.68 0.68 0.68 0.68 0.68 0.68 0.68 1.09 1.09 1.09 1.09 1.09 1.09 1.09 1.09 1.09 1.09 1.09 1.09 1.09 1.09 1.09 1.09 1.05 1.05 1.05 1.05 1.05 1.05 1.05 1.05 1.05 1.05 1.05 1.05
0.89 0.89 0.89 0.89 0.89 0.89 0.89 3.49 2.59 2.59 0.00 0.00 0.00 0.00 0.00 0.00 0.00 0.00 0.00 0.00 0.00 0.00 0.00 0.00 0.00 0.00 0.00 0.00 0.00 0.00 0.00 0.00 0.00 0.00 0.00 0.00 0.00 0.00 0.00 0.00 0.00 0.00 0.00 0.68 2.07 0.68 0.68 0.68 0.68 0.68 0.68 0.68 0.68 0.68 0.68 0.68 1.09 1.09 1.09 1.09 1.09 1.09 1.09 1.09 1.09 1.09 1.09 1.09 1.09 1.09 1.09 1.09 1.05 1.05 1.05 1.05 1.05 1.05 1.05 1.05 1.05 1.05 1.05 1.05
0.89 0.89 0.89 1.30 1.30 1.30 1.04 3.46 0.00 0.00 0.00 0.00 0.00 0.00 0.00 0.00 0.00 0.00 0.00 0.00 0.00 0.00 0.00 0.00 0.00 0.00 0.00 0.00 0.00 0.00 0.00 0.00 0.00 0.00 0.00 0.00 0.00 0.00 0.00 0.00 0.00 0.00 0.00 0.00 0.00 0.00 0.00 2.68 2.68 0.68 2.07 0.68 0.68 0.68 0.68 0.68 1.09 1.09 1.09 1.09 1.09 1.09 1.09 1.09 1.09 1.09 1.09 1.09 1.09 1.09 1.09 1.09 1.05 1.05 1.05 1.05 1.05 1.05 1.05 1.05 1.05 1.05 1.05 1.05
0.89 0.89 0.89 1.30 1.30 2.69 3.46 0.00 0.00 0.00 0.00 0.00 0.00 0.00 0.00 0.00 0.00 0.00 0.00 0.00 0.00 0.00 0.00 0.00 0.00 0.00 0.00 0.00 0.00 0.00 0.00 0.00 0.00 0.00 0.00 0.00 0.00 0.00 0.00 0.00 0.00 0.00 0.00 0.00 0.00 0.00 0.00 0.00 2.68 2.29 0.68 2.07 2.07 0.68 0.68 0.68 1.09 1.09 1.09 1.09 1.09 1.09 1.09 1.09 1.09 1.09 1.09 1.09 1.09 1.09 1.09 1.09 1.05 1.05 1.05 1.05 1.05 1.05 1.05 1.05 1.05 1.05 1.05 1.05
0.89 0.89 0.89 0.89 0.89 0.89 0.00 0.00 0.00 0.00 0.00 0.00 0.00 0.00 0.00 0.00 0.00 0.00 0.00 0.00 0.00 0.00 0.00 0.00 0.00 0.00 0.00 0.00 0.00 0.00 0.00 0.00 0.00 0.00 0.00 0.00 0.00 0.00 0.00 0.00 0.00 0.00 0.00 0.00 0.00 0.00 0.00 0.00 0.00 0.68 1.00 0.68 2.27 0.68 0.68 0.68 1.09 1.09 1.09 1.09 1.09 1.09 1.09 1.09 1.09 1.09 1.09 1.09 1.09 1.09 1.09 1.09 1.05 1.05 1.05 1.05 1.05 1.05 1.05 1.05 1.05 1.05 1.05 1.05
0.89 0.89 0.89 0.89 0.89 0.89 0.89 0.00 0.00 0.00 0.00 0.00 0.00 0.00 0.00 0.00 0.00 0.00 0.00 0.00 0.00 0.00 0.00 0.00 0.00 0.00 0.00 0.00 0.00 0.00 0.00 0.00 0.00 0.00 0.00 0.00 0.00 0.00 0.00 0.00 0.00 0.00 0.00 0.00 0.00 0.00 0.00 0.00 0.00 0.68 0.20 0.68 2.28 0.68 2.07 2.07 4.27 1.09 1.09 1.09 1.09 1.09 1.09 1.09 1.09 1.09 1.09 1.09 1.09 1.09 1.09 1.09 1.05 1.05 1.05 1.05 1.54 1.05 1.54 1.54 1.05 1.05 1.05 1.05
0.89 0.89 2.69 0.89 0.89 0.89 0.89 0.00 0.00 0.00 0.00 0.00 0.00 0.00 0.00 0.00 0.00 0.00 0.00 0.00 0.00 0.00 0.00 0.00 0.00 0.00 0.00 0.00 0.00 0.00 0.00 0.00 0.00 0.00 0.00 0.00 0.00 0.00 0.00 0.00 0.00 0.00 0.00 0.00 0.00 0.00 0.00 0.00 0.00 0.00 2.29 0.81 2.68 2.68 2.28 2.28 4.27 1.09 1.09 1.09 1.09 1.09 1.09 1.09 1.09 1.09 1.09 1.09 1.09 1.09 1.09 1.09 1.05 1.05 1.05 1.05 1.05 1.05 1.05 1.54 1.54 1.05 1.05 1.05
0.89 0.89 0.89 0.27 0.89 0.00 0.00 0.00 0.00 0.00 0.00 0.00 0.00 0.00 0.00 0.00 0.00 0.00 0.00 0.00 0.00 0.00 0.00 0.00 0.00 0.00 0.00 0.00 0.00 0.00 0.00 0.00 0.00 0.00 0.00 0.00 0.00 0.00 0.00 0.00 0.00 0.00 0.00 0.00 0.00 0.00 0.00 0.00 0.00 0.00 2.68 2.29 2.68 0.81 2.07 2.07 1.09 1.09 1.09 1.09 1.09 1.09 1.09 1.09 1.09 1.09 1.09 1.09 1.09 1.09 1.09 1.09 1.05 1.05 1.05 1.05 1.05 1.05 1.05 1.05 1.05 1.05 1.05 1.05
0.89 0.89 0.89 3.49 0.00 0.00 0.00 0.00 0.00 0.00 0.00 0.00 0.00 0.00 0.00 0.00 0.00 0.00 0.00 0.00 0.00 0.00 0.00 0.00 0.00 0.00 0.00 0.00 0.00 0.00 0.00 0.00 0.00 0.00 0.00 0.00 0.00 0.00 0.00 0.00 0.00 0.00 0.00 0.00 0.00 0.00 0.00 0.00 0.00 0.00 0.00 2.68 2.68 0.81 2.07 2.07 1.09 1.09 1.09 1.09 1.59 1.09 1.09 1.09 1.09 1.09 1.09 1.59 1.09 1.09 1.09 1.09 1.05 1.05 1.05 1.05 1.05 1.05 1.05 1.05 1.05 3.49 3.49 1.54
0.89 0.89 0.00 0.00 0.00 0.00 0.00 0.00 0.00 0.00 0.00 0.00 0.00 0.00 0.00 0.00 0.00 0.00 0.00 0.00 0.00 0.00 0.00 0.00 0.00 0.00 0.00 0.00 0.00 0.00 0.00 0.00 0.00 0.00 0.00 0.00 0.00 0.00 0.00 0.00 0.00 0.00 0.00 0.00 0.00 0.00 0.00 0.00 0.00 0.00 0.00 2.68 2.29 2.68 2.27 2.07 1.09 1.59 1.59 1.09 1.09 1.09 1.09 1.09 1.59 1.09 1.09 1.09 1.09 1.09 1.09 1.09 1.05 1.05 1.05 1.05 1.05 1.05 1.05 1.05 1.05 1.05 3.19 1.54
3.49 0.00 0.00 0.00 0.00 0.00 0.00 0.00 0.00 0.00 0.00 0.00 0.00 0.00 0.00 0.00 0.00 0.00 0.00 0.00 0.00 0.00 0.00 0.00 0.00 0.00 0.00 0.00 0.00 0.00 0.00 0.00 0.00 0.00 0.00 0.00 0.00 0.00 0.00 0.00 0.00 0.00 0.00 0.00 0.00 0.00 0.00 0.00 0.00 0.00 0.00 2.68 2.68 0.81 2.27 0.68 1.09 1.59 1.09 1.09 1.09 1.09 1.09 1.09 1.09 1.59 1.09 1.09 1.09 1.09 1.09 1.09 1.05 1.05 1.05 1.05 1.05 1.05 1.05 1.05 1.05 1.05 1.05 1.05
0.00 0.00 0.00 0.00 0.00 0.00 0.00 0.00 0.00 0.00 0.00 0.00 0.00 0.00 0.00 0.00 0.00 0.00 0.00 0.00 0.00 0.00 0.00 0.00 0.00 0.00 0.00 0.00 0.00 0.00 0.00 0.00 0.00 0.00 0.00 0.00 0.00 0.00 0.00 0.00 0.00 0.00 0.00 0.00 0.00 0.00 0.00 0.00 0.00 0.00 0.00 2.44 2.44 1.88 2.07 0.62 0.91 0.62 0.91 0.62 0.62 0.62 0.62 0.62 0.62 0.62 0.62 0.62 0.62 0.62 0.62 0.62 0.60 0.60 0.60 0.60 0.60 0.60 0.60 0.60 0.60 0.60 0.60 0.60
0.00 0.00 0.00 0.00 0.00 0.00 0.00 0.00 0.00 0.00 0.00 0.00 0.00 0.00 0.00 0.00 0.00 0.00 0.00 0.00 0.00 0.00 0.00 0.00 0.00 0.00 0.00 0.00 0.00 0.00 0.00 0.00 0.00 0.00 0.00 0.00 0.00 0.00 0.00 0.00 0.00 0.00 0.00 0.00 0.00 0.00 0.00 0.00 0.00 0.00 0.00 2.44 1.88 0.62 0.62 0.62 0.62 0.62 0.62 0.62 0.62 0.62 0.62 0.62 0.62 0.62 0.62 0.62 0.62 0.62 0.62 0.62 0.60 0.60 0.60 0.60 0.60 0.60 0.60 0.60 0.89 0.60 0.60 2.37
0.00 0.00 0.00 0.00 0.00 0.00 0.00 0.00 0.00 0.00 0.00 0.00 0.00 0.00 0.00 0.00 0.00 0.00 0.00 0.00 0.00 0.00 0.00 0.00 0.00 0.00 0.00 0.00 0.00 0.00 0.00 0.00 0.00 0.00 0.00 0.00 0.00 0.00 0.00 0.00 0.00 0.00 0.00 0.00 0.00 0.00 0.00 0.00 0.00 0.00 0.00 0.62 0.19 0.62 0.62 0.91 0.91 0.62 0.62 0.62 0.62 0.62 0.62 0.62 0.62 0.62 0.62 0.62 0.91 0.62 0.62 0.62 0.60 0.89 0.60 0.60 0.60 0.60 0.60 0.89 0.89 0.60 0.00 0.00
0.00 0.00 0.00 0.00 0.00 0.00 0.00 0.00 0.00 0.00 0.00 0.00 0.00 0.00 0.00 0.00 0.00 0.00 0.00 0.00 0.00 0.00 0.00 0.00 0.00 0.00 0.00 0.00 0.00 0.00 0.00 0.00 0.00 0.00 0.00 0.00 0.00 0.00 0.00 0.00 0.00 0.00 0.00 0.00 0.00 0.00 0.00 0.00 0.00 0.00 0.62 0.62 0.62 0.62 0.62 0.91 0.62 0.62 0.62 0.62 0.62 0.62 0.62 0.62 0.62 0.62 0.62 0.62 0.91 0.91 0.62 0.62 0.60 0.60 0.60 0.60 0.60 0.60 0.60 0.60 0.60 0.00 0.00 0.00
0.00 0.00 0.00 0.00 0.00 0.00 0.00 0.00 0.00 0.00 0.00 0.00 0.00 0.00 0.00 0.00 0.00 0.00 0.00 0.00 0.00 0.00 0.00 0.00 0.00 0.00 0.00 0.00 0.00 0.00 0.00 0.00 0.00 0.00 0.00 0.00 0.00 0.00 0.00 0.00 0.00 0.00 0.00 0.00 0.00 0.00 0.00 0.00 0.00 0.62 0.62 0.62 0.62 0.91 0.91 0.91 0.91 0.62 0.62 0.62 0.62 0.62 0.62 0.62 0.62 0.62 0.62 0.62 0.91 0.91 0.62 0.62 0.60 0.60 1.83 1.83 0.60 0.60 0.60 0.60 0.00 0.00 0.00 0.00
0.00 0.00 0.00 0.00 0.00 0.00 0.00 0.00 0.00 0.00 0.00 0.00 0.00 0.00 0.00 0.00 0.00 0.00 0.00 0.00 0.00 0.00 0.00 0.00 0.00 0.00 0.00 0.00 0.00 0.00 0.00 0.00 0.00 0.00 0.00 0.00 0.00 0.00 0.00 0.00 0.00 0.00 0.00 0.00 0.00 0.00 0.00 0.00 0.62 0.62 0.62 0.62 0.62 0.62 0.91 0.91 0.62 0.62 0.62 0.62 0.62 0.62 0.62 0.62 0.62 0.62 0.62 0.62 0.91 0.91 0.62 0.62 0.60 0.60 1.83 1.83 2.01 0.60 0.89 0.60 0.00 0.00 0.00 0.00
