New_Model_Runs/12_Future_RCP4.5_Scn2_out/post_prcessed_with_MFR/Monthly_summaries/actual_et_monthly_SEP.asc
NCOLS 700
NROWS 400
XLLCENTER 515000.000000
YLLCENTER 8409000.000000
CELLSIZE 50.000000
NODATA_value -999.000000
[rows 190 to 227 of 400, columns 168 to 251 of 700]
1.12 1.64 1.64 1.64 1.64 1.64 1.12 1.12 1.18 1.18 1.18 1.18 1.18 1.18 1.18 1.18 1.18 1.18 1.18 1.18 1.18 1.18 1.18 1.18 1.13 1.13 1.13 1.13 1.13 1.13 1.13 1.13 1.13 1.13 1.13 1.13 1.13 1.13 1.13 1.13 1.04 1.04 1.04 1.04 1.04 1.04 1.04 1.04 1.04 1.04 1.04 1.04 1.04 1.04 1.04 1.04 1.17 1.17 1.17 1.17 1.17 1.17 1.17 1.17 1.71 1.71 1.71 1.71 1.71 1.17 1.17 1.17 1.21 1.21 1.21 1.78 1.21 1.21 1.21 1.21 1.21 1.21 1.21 1.21
1.64 1.12 1.12 1.64 1.64 1.64 1.64 1.12 1.18 1.18 1.18 1.18 1.18 1.18 1.18 1.18 1.18 1.18 1.18 1.18 1.18 1.18 1.18 1.18 1.13 1.13 1.13 1.13 1.13 1.13 1.13 1.13 1.13 1.13 1.13 1.13 1.13 1.13 1.13 1.13 1.04 1.04 1.04 1.04 1.04 1.04 1.04 1.04 1.04 1.04 1.04 1.04 1.04 1.04 1.04 1.04 1.17 1.17 1.17 1.17 1.17 1.17 1.17 1.17 1.17 1.17 1.17 1.17 1.71 1.17 1.17 1.17 1.21 1.21 1.21 1.21 1.21 1.21 1.21 1.21 1.21 1.21 1.21 1.21
1.64 1.12 1.12 1.64 1.64 1.12 1.12 1.12 1.18 1.18 1.18 1.18 1.18 1.18 1.18 1.18 1.18 1.18 1.18 1.18 1.18 1.18 1.18 1.18 1.13 1.13 1.13 1.13 1.13 1.13 1.13 1.13 1.13 1.13 1.13 1.13 1.13 1.13 1.13 1.13 1.04 1.04 1.04 1.04 1.04 1.04 1.04 1.04 1.04 1.04 1.04 1.04 1.04 1.04 1.04 1.04 1.17 1.17 1.17 1.17 1.17 1.17 1.17 1.17 1.17 1.71 1.17 1.17 1.17 1.17 1.17 1.17 1.21 1.21 1.21 1.21 1.21 1.21 1.21 1.21 1.21 1.21 1.21 1.21
1.64 1.12 1.12 1.12 1.64 1.12 1.12 1.12 1.18 1.18 1.18 1.18 1.18 1.18 1.18 1.18 1.18 1.18 1.18 1.18 1.18 1.18 1.18 1.18 1.13 1.13 1.13 1.13 1.13 1.13 1.13 1.13 1.13 1.13 1.13 1.13 1.13 1.13 1.13 1.13 1.04 1.04 1.04 1.04 1.04 1.04 1.04 1.04 1.04 1.04 1.04 1.04 1.04 1.04 1.04 1.04 1.17 1.17 1.17 1.17 1.17 1.17 1.17 1.17 1.17 1.71 1.17 1.17 1.17 1.17 1.17 1.17 1.21 1.21 1.21 1.21 1.21 1.21 1.78 1.21 1.21 1.21 1.21 1.21
1.06 1.06 1.06 1.06 1.56 1.06 1.06 1.06 1.08 1.08 1.08 1.08 1.08 1.08 1.08 1.08 1.08 1.08 1.08 1.08 1.08 1.08 1.08 1.08 0.98 0.98 0.98 0.98 0.98 0.98 0.98 0.98 0.98 0.98 0.98 0.98 0.98 0.98 0.98 0.98 0.95 0.95 0.95 0.95 0.95 0.95 0.95 0.95 0.95 0.95 0.95 0.95 0.95 0.95 0.95 0.95 1.09 1.09 1.60 1.09 1.09 1.09 1.09 1.09 1.09 1.09 1.09 1.09 1.09 1.09 1.09 1.09 1.15 1.15 1.15 1.15 1.15 1.69 1.69 1.15 1.15 1.15 1.15 1.15
1.06 1.06 1.06 1.06 1.06 1.06 1.06 1.06 1.08 1.08 1.08 1.58 1.08 1.08 1.08 1.08 1.08 1.08 1.08 1.08 1.08 1.08 1.08 1.08 0.98 0.98 0.98 0.98 0.98 0.98 0.98 0.98 0.98 0.98 0.98 0.98 0.98 0.98 0.98 0.98 0.95 0.95 0.95 0.95 0.95 0.95 0.95 0.95 0.95 0.95 0.95 0.95 0.95 0.95 0.95 0.95 1.09 1.09 1.09 1.09 1.09 1.09 1.09 1.09 1.09 1.09 1.09 1.60 1.60 1.09 1.09 1.09 1.15 1.15 1.15 1.15 1.15 1.15 1.15 1.15 1.15 1.15 1.15 1.15
1.06 1.06 1.06 1.06 1.06 1.56 1.06 1.06 1.08 1.08 1.08 1.58 1.58 1.08 1.08 1.08 1.08 1.08 1.08 1.08 1.08 1.08 1.08 1.08 0.98 0.98 0.98 0.98 0.98 0.98 0.98 0.98 0.98 0.98 0.98 0.98 0.98 0.98 0.98 0.98 0.95 0.95 0.95 0.95 0.95 0.95 0.95 0.95 0.95 0.95 0.95 0.95 0.95 0.95 0.95 0.95 1.09 1.09 1.09 1.09 1.09 1.09 1.09 1.09 1.09 1.09 1.09 1.09 1.09 1.09 1.09 1.09 1.15 1.15 1.15 1.15 1.15 1.15 1.15 1.15 1.15 1.15 1.15 1.15
1.06 1.06 1.06 1.06 1.06 1.06 1.06 1.06 1.08 1.08 1.08 1.08 1.58 1.08 1.08 1.08 1.08 1.08 1.08 1.08 1.08 1.08 1.08 1.08 0.98 0.98 0.98 0.98 0.98 0.98 0.98 0.98 0.98 0.98 0.98 0.98 0.98 0.98 0.98 0.98 0.95 0.95 0.95 0.95 0.95 0.95 0.95 0.95 0.95 0.95 0.95 0.95 0.95 1.40 0.95 0.95 1.09 1.09 1.09 1.09 1.09 1.09 1.09 1.09 1.09 1.09 1.09 1.09 1.09 1.09 1.09 1.09 1.15 1.15 1.15 1.15 1.15 1.15 1.15 1.15 1.15 1.15 1.15 1.15
1.06 1.06 1.06 1.06 1.06 1.06 1.06 1.06 1.08 1.08 1.08 1.08 1.08 1.08 1.08 1.08 1.08 1.08 1.08 1.08 1.08 1.08 1.08 1.08 0.98 0.98 0.98 0.98 0.98 0.98 0.98 0.98 0.98 0.98 0.98 0.98 0.98 0.98 0.98 0.98 0.95 0.95 0.95 0.95 0.95 0.95 0.95 0.95 0.95 0.95 0.95 0.95 0.95 0.95 0.95 0.95 1.09 1.09 1.09 1.09 1.09 1.09 1.09 1.09 1.09 1.09 1.09 1.09 1.09 1.09 1.09 1.09 1.15 1.15 1.15 1.15 1.15 1.15 1.15 1.15 1.15 1.15 1.15 1.15
1.06 1.06 1.06 1.06 1.06 1.06 1.06 1.06 1.08 1.08 1.08 1.08 1.08 1.08 1.08 1.08 1.08 1.08 1.08 1.08 1.08 1.08 1.08 1.08 0.98 0.98 0.98 0.98 0.98 0.98 0.98 0.98 0.98 0.98 0.98 0.98 0.98 0.98 0.98 0.98 0.95 0.95 0.95 0.95 0.95 0.95 0.95 0.95 0.95 0.95 0.95 0.95 0.95 0.95 0.95 0.95 1.09 1.09 1.09 1.09 1.09 1.09 1.09 1.09 1.09 1.09 1.09 1.09 1.09 1.09 1.09 1.09 1.15 1.15 1.15 1.15 1.15 1.15 1.15 1.15 1.15 1.15 1.15 1.15
1.06 1.06 1.06 1.06 1.06 1.06 1.06 1.06 1.08 1.08 1.08 1.08 1.08 1.08 1.08 1.08 1.08 1.08 1.08 1.08 1.08 1.08 1.08 1.08 0.98 0.98 0.98 0.98 0.98 0.98 0.98 0.98 0.98 0.98 0.98 0.98 0.98 0.98 0.98 0.98 0.95 0.95 0.95 0.95 0.95 0.95 0.95 0.95 0.95 0.95 0.95 0.95 0.95 0.95 0.95 0.95 1.09 1.09 1.09 1.09 1.09 1.09 1.09 1.09 1.09 1.09 1.09 1.09 1.09 1.09 1.09 1.09 1.15 1.15 1.15 1.15 1.15 1.69 1.15 1.15 1.15 1.15 1.15 1.15
1.06 1.06 1.06 1.06 1.06 1.06 1.06 1.06 1.08 1.08 1.08 1.08 1.08 1.08 1.08 1.08 1.08 1.08 1.08 1.08 1.08 1.08 1.08 1.08 0.98 0.98 0.98 0.98 0.98 0.98 0.98 0.98 0.98 0.98 0.98 0.98 0.98 0.98 0.98 0.98 0.95 0.95 0.95 0.95 0.95 0.95 0.95 0.95 0.95 0.95 0.95 0.95 0.95 0.95 0.95 0.95 1.09 1.09 1.09 1.09 1.09 1.09 1.09 1.09 1.09 1.09 1.09 1.09 1.09 1.60 1.09 1.09 1.15 1.69 1.15 1.15 1.15 1.15 1.15 1.15 1.15 1.15 1.15 1.15
1.06 1.06 1.06 1.06 1.06 1.06 1.06 1.06 1.08 1.08 1.08 1.08 1.08 1.08 1.08 1.08 1.08 1.08 1.08 1.08 1.08 1.08 1.08 1.08 0.98 0.98 0.98 0.98 0.98 0.98 0.98 0.98 0.98 0.98 0.98 0.98 0.98 0.98 0.98 0.98 0.95 0.95 0.95 0.95 0.95 0.95 0.95 0.95 0.95 0.95 0.95 1.40 0.95 0.95 0.95 0.95 1.09 1.09 1.09 1.09 1.09 1.09 1.09 1.09 1.09 1.09 1.09 1.09 1.09 1.09 1.09 1.09 1.15 1.15 1.15 1.15 1.15 1.15 1.15 1.15 1.15 1.15 1.15 1.15
1.06 1.06 1.06 1.06 1.06 1.06 1.06 1.06 1.08 1.08 1.08 1.08 1.08 1.08 1.08 1.08 1.08 1.08 1.08 1.08 1.08 1.08 1.08 1.08 0.98 0.98 0.98 0.98 0.98 0.98 0.98 0.98 0.98 0.98 0.98 0.98 0.98 0.98 0.98 0.98 0.95 0.95 0.95 0.95 0.95 0.95 0.95 0.95 0.95 0.95 0.95 0.95 0.95 0.95 0.95 0.95 1.09 1.09 1.09 1.09 1.09 1.09 1.09 1.09 1.09 1.09 1.09 1.09 1.09 1.09 1.60 1.09 1.15 1.15 1.15 1.15 1.15 1.15 1.15 1.15 1.15 1.15 1.15 1.15
1.06 1.06 1.06 1.06 1.06 1.06 1.06 1.06 1.08 1.08 1.08 1.08 1.08 1.08 1.08 1.58 1.08 1.08 1.08 1.08 1.08 1.08 1.08 1.08 0.98 0.98 0.98 0.98 0.98 0.98 0.98 0.98 0.98 0.98 0.98 0.98 0.98 0.98 0.98 0.98 0.95 0.95 0.95 0.95 0.95 0.95 0.95 0.95 0.95 0.95 0.95 0.95 0.95 0.95 0.95 0.95 1.09 1.09 1.09 1.09 1.09 1.09 1.60 1.09 1.09 1.09 1.09 1.09 1.09 1.09 1.60 1.09 1.15 1.15 1.15 1.15 1.15 1.15 1.15 1.15 1.15 1.15 1.15 1.69
1.06 1.06 1.06 1.06 1.06 1.06 1.06 1.06 1.08 1.08 1.08 1.08 1.08 1.08 1.08 1.08 1.08 1.08 1.08 1.08 1.08 1.08 1.08 1.08 0.98 0.98 0.98 0.98 0.98 0.98 0.98 0.98 0.98 0.98 0.98 0.98 0.98 0.98 0.98 0.98 0.95 0.95 0.95 0.95 0.95 0.95 0.95 0.95 0.95 0.95 0.95 0.95 0.95 0.95 0.95 0.95 1.09 1.09 1.09 1.09 1.09 1.09 1.09 1.09 1.09 1.09 1.09 1.09 1.09 1.09 1.09 1.09 1.15 1.15 1.15 1.15 1.15 1.15 1.15 1.15 1.15 1.15 1.15 1.15
1.06 1.06 1.06 1.06 1.06 1.06 1.06 1.06 1.08 1.08 1.08 1.08 1.08 1.58 1.08 1.08 1.08 1.08 1.08 1.08 1.08 1.08 1.08 1.08 0.98 0.98 0.98 0.98 0.98 0.98 0.98 0.98 0.98 0.98 0.98 0.98 0.98 0.98 0.98 0.98 0.95 0.95 0.95 0.95 0.95 0.95 0.95 0.95 0.95 0.95 0.95 0.95 0.95 0.95 0.95 0.95 1.09 1.09 1.09 1.09 1.09 1.09 1.09 1.09 1.09 1.09 1.09 1.09 1.09 1.09 1.09 1.09 1.15 1.69 1.15 1.15 1.15 1.15 1.15 1.15 1.15 1.15 1.15 1.15
1.06 1.06 1.06 1.06 1.06 1.06 1.06 1.06 1.08 1.08 1.08 1.08 1.08 1.08 1.08 1.58 1.08 1.08 1.08 1.08 1.08 1.58 1.08 1.08 0.98 0.98 0.98 0.98 0.98 0.98 1.44 0.98 0.98 0.98 0.98 0.98 0.98 0.98 0.98 0.98 0.95 0.95 0.95 0.95 0.95 0.95 0.95 0.95 0.95 0.95 0.95 0.95 0.95 0.95 0.95 0.95 1.09 1.09 1.09 1.09 1.09 1.09 1.09 1.09 1.60 1.09 1.09 1.09 1.09 1.09 1.09 1.09 1.15 1.15 1.15 1.15 1.15 1.15 1.15 1.15 1.15 1.15 1.15 1.15
1.06 1.06 1.06 1.06 1.06 1.06 1.06 1.06 1.08 1.08 1.08 1.08 1.08 1.08 1.08 1.08 1.08 1.08 1.08 1.08 1.08 1.58 1.08 1.08 0.98 0.98 0.98 0.98 0.98 0.98 1.44 0.98 0.98 0.98 0.98 0.98 0.98 0.98 0.98 0.98 0.95 0.95 0.95 0.95 0.95 0.95 0.95 0.95 0.95 0.95 0.95 0.95 0.95 0.95 0.95 0.95 1.09 1.09 1.09 1.09 1.09 1.60 1.09 1.09 1.60 1.09 1.09 1.09 1.09 1.09 1.09 1.09 1.15 1.15 1.15 1.15 1.15 1.15 1.15 1.15 1.15 1.15 1.15 1.15
1.06 1.06 1.06 1.06 1.06 1.06 1.06 1.06 1.08 1.08 1.08 1.08 1.08 1.08 1.08 1.08 1.08 1.08 1.58 1.08 1.58 1.08 1.08 1.08 0.98 0.98 0.98 0.98 0.98 0.98 0.98 0.98 0.98 0.98 0.98 0.98 0.98 0.98 0.98 0.98 0.95 0.95 0.95 0.95 0.95 0.95 0.95 0.95 0.95 0.95 0.95 0.95 0.95 0.95 0.95 0.95 1.09 1.09 1.09 1.09 1.09 1.09 1.09 1.09 1.09 1.09 1.09 1.09 1.09 1.09 1.09 1.09 1.15 1.15 1.15 1.15 1.15 1.15 1.15 1.15 1.15 1.15 1.15 1.15
0.99 0.99 0.99 0.99 0.99 0.99 0.99 0.99 0.98 0.98 0.98 0.98 0.98 0.98 0.98 0.98 0.98 1.44 0.98 0.98 0.98 0.98 0.98 0.98 0.91 0.91 0.91 0.91 0.91 0.91 0.91 1.34 0.91 0.91 0.91 0.91 0.91 0.91 0.91 0.91 0.95 0.95 0.95 0.95 0.95 0.95 0.95 0.95 0.95 0.95 0.95 0.95 0.95 0.95 0.95 0.95 0.97 0.97 0.97 0.97 0.97 0.97 0.97 0.97 0.97 0.97 0.97 0.97 0.97 0.97 0.97 0.97 1.01 1.01 1.01 1.01 1.01 1.01 1.01 1.01 1.01 1.01 1.01 1.01
0.99 0.99 0.99 0.99 0.99 0.99 0.99 0.99 0.98 0.98 0.98 0.98 0.98 0.98 0.98 0.98 1.44 1.44 0.98 0.98 0.98 0.98 0.98 0.98 0.91 1.34 1.34 0.91 0.91 0.91 1.34 0.91 0.91 0.91 0.91 0.91 0.91 0.91 0.91 0.91 0.95 0.95 0.95 0.95 0.95 0.95 0.95 0.95 0.95 0.95 0.95 0.95 0.95 0.95 0.95 0.95 0.97 0.97 0.97 0.97 0.97 0.97 0.97 0.97 0.97 0.97 0.97 0.97 0.97 0.97 0.97 0.97 1.01 1.01 1.01 1.01 1.01 1.01 1.01 1.01 1.01 1.01 1.01 1.48
0.99 0.99 0.99 0.99 0.99 0.99 0.99 0.99 0.98 0.98 0.98 0.98 0.98 1.44 1.44 0.98 1.44 0.98 3.26 3.26 0.98 0.98 1.44 0.98 0.91 0.91 3.04 3.04 3.04 0.91 0.91 0.91 0.91 0.91 0.91 0.91 0.91 0.91 0.91 0.91 0.95 0.95 0.95 0.95 0.95 0.95 0.95 0.95 0.95 0.95 0.95 0.95 0.95 0.95 0.95 0.95 0.97 0.97 1.43 0.97 0.97 0.97 0.97 0.97 0.97 0.97 0.97 0.97 0.97 0.97 1.43 1.43 1.01 1.01 1.01 1.01 1.01 1.01 1.01 1.01 1.01 1.01 1.01 1.01
0.99 0.99 0.99 0.99 0.99 0.99 0.99 0.99 0.98 0.98 0.98 0.98 1.44 1.44 0.98 0.98 0.98 2.97 3.26 3.85 3.26 0.98 0.98 0.98 1.34 3.04 3.04 3.04 3.04 3.59 3.04 1.34 0.91 0.91 0.91 0.91 0.91 0.91 0.91 0.91 0.95 0.95 0.95 0.95 0.95 0.95 0.95 0.95 1.40 1.40 0.95 0.95 0.95 0.95 0.95 0.95 0.97 0.97 0.97 0.97 0.97 0.97 0.97 0.97 0.97 0.97 1.43 0.97 0.97 0.97 1.43 1.43 1.01 1.01 1.01 1.01 1.01 1.01 1.01 1.01 1.01 1.01 1.01 1.01
0.99 0.99 1.45 0.99 0.99 0.99 0.99 0.99 0.98 0.98 0.98 0.98 0.98 0.98 0.98 2.97 2.97 2.97 3.85 1.44 1.44 1.44 1.44 1.44 3.04 3.04 3.04 3.04 1.34 3.04 2.77 1.34 1.34 0.91 0.91 0.91 0.91 0.91 0.91 0.91 0.95 0.95 0.95 0.95 0.95 0.95 0.95 0.95 0.95 0.95 0.95 0.95 0.95 0.95 0.95 0.95 0.97 0.97 0.97 0.97 0.97 0.97 0.97 0.97 0.97 0.97 0.97 0.97 0.97 0.97 1.43 1.43 1.01 1.01 1.01 1.01 1.01 1.01 1.01 1.01 1.01 1.01 1.01 1.01
0.99 0.99 0.99 0.99 0.99 0.99 0.99 0.99 0.98 0.98 0.98 0.98 2.97 3.26 2.97 2.97 2.97 1.16 3.26 1.44 1.44 1.44 1.44 1.44 3.04 3.04 3.04 3.04 3.04 2.77 1.34 1.34 0.91 0.91 0.91 0.91 0.91 0.91 0.91 0.91 0.95 0.95 0.95 0.95 0.95 0.95 0.95 0.95 0.95 0.95 0.95 0.95 0.95 0.95 0.95 0.95 0.97 0.97 0.97 0.97 0.97 0.97 0.97 0.97 0.97 0.97 0.97 0.97 0.97 1.43 1.43 1.43 1.48 1.01 1.01 1.01 1.01 1.01 1.01 1.01 1.01 1.01 1.01 1.01
0.99 0.99 0.99 0.99 0.99 0.99 1.45 1.45 0.98 0.98 0.98 0.98 0.98 3.26 3.26 3.26 3.26 1.16 3.26 3.26 1.44 0.98 0.98 3.26 3.04 3.04 3.04 3.59 2.89 1.34 1.34 1.34 0.91 0.91 0.91 0.91 0.91 0.91 0.91 0.91 0.95 0.95 0.95 0.95 0.95 0.95 0.95 0.95 0.95 0.95 0.95 0.95 0.95 0.95 0.95 0.95 0.97 0.97 0.97 0.97 0.97 0.97 0.97 0.97 0.97 0.97 0.97 0.97 0.97 2.99 1.43 1.43 1.01 1.01 1.01 1.01 1.48 1.01 1.01 1.01 1.01 1.01 1.01 1.01
1.45 0.99 0.99 0.99 0.99 0.99 0.99 0.99 1.44 1.44 0.98 0.98 0.98 3.26 3.26 3.26 3.26 3.85 1.44 1.44 0.98 3.26 3.26 3.26 3.04 3.04 3.59 0.91 0.91 1.34 1.34 0.91 0.91 0.91 0.91 0.91 0.91 0.91 0.91 0.91 0.95 0.95 0.95 1.40 1.40 0.95 0.95 0.95 0.95 0.95 0.95 0.95 0.95 0.95 0.95 0.95 0.97 0.97 0.97 1.43 0.97 0.97 0.97 0.97 0.97 0.97 0.97 0.97 0.97 0.97 0.97 0.97 1.01 1.01 1.01 1.01 1.01 1.01 1.01 1.01 1.01 1.01 1.01 1.01
0.99 0.99 0.99 0.99 0.99 1.45 0.99 1.45 1.44 0.98 0.98 0.98 0.98 2.97 2.97 3.26 3.85 1.44 1.44 1.44 0.98 0.98 1.44 3.85 3.59 3.04 3.59 0.91 1.34 1.34 0.91 0.91 0.91 1.34 0.91 0.91 0.91 0.91 0.91 1.34 1.40 0.95 0.95 0.95 0.95 0.95 0.95 0.95 0.95 0.95 0.95 0.95 0.95 0.95 0.95 0.95 0.97 0.97 0.97 0.97 0.97 0.97 0.97 0.97 0.97 0.97 0.97 0.97 0.97 0.97 0.97 0.97 1.01 1.01 1.01 1.01 1.01 1.01 1.01 1.01 1.01 1.01 1.01 1.01
0.99 0.99 0.99 0.99 0.99 0.99 0.99 0.99 0.98 0.98 0.98 0.98 2.97 2.97 2.97 3.26 3.85 2.97 1.44 3.10 1.44 0.98 0.98 3.85 3.59 3.59 3.59 0.91 0.91 0.91 0.91 0.91 0.91 0.91 0.91 0.91 0.91 0.91 1.34 1.34 0.95 1.40 0.95 0.95 0.95 0.95 0.95 0.95 0.95 0.95 0.95 0.95 0.95 0.95 0.95 0.95 0.97 0.97 0.97 0.97 0.97 0.97 0.97 0.97 0.97 0.97 0.97 0.97 0.97 0.97 0.97 0.97 1.01 1.01 1.01 1.01 1.01 1.01 1.01 1.01 1.01 1.01 1.01 1.01
0.99 0.99 0.99 0.99 0.99 0.99 0.99 0.99 0.98 1.44 0.98 0.98 2.97 2.97 3.85 3.85 2.97 3.26 3.26 1.44 1.44 0.98 0.98 3.85 3.59 3.59 3.59 1.34 0.91 0.91 0.91 0.91 0.91 0.91 0.91 0.91 1.34 1.34 1.34 1.34 1.40 0.95 0.95 0.95 1.40 1.40 0.95 0.95 0.95 1.40 0.95 0.95 0.95 0.95 0.95 0.95 0.97 0.97 0.97 0.97 0.97 0.97 0.97 0.97 0.97 0.97 0.97 0.97 0.97 0.97 0.97 0.97 1.01 1.01 1.01 1.01 1.01 1.01 1.01 1.01 1.01 1.01 1.01 1.01
0.99 0.99 0.99 0.99 0.99 0.99 0.99 0.99 1.44 0.98 1.44 0.98 0.98 3.26 3.85 3.85 2.97 3.26 3.26 2.97 0.98 0.98 0.98 0.98 3.59 3.59 2.77 1.34 1.34 0.91 0.91 0.91 1.34 0.91 0.91 0.91 1.34 1.34 1.34 1.34 1.40 1.40 0.95 1.40 3.18 3.18 0.95 0.95 0.95 0.95 0.95 0.95 0.95 0.95 0.95 0.95 0.97 0.97 0.97 0.97 0.97 0.97 0.97 0.97 0.97 0.97 0.97 0.97 0.97 0.97 0.97 0.97 1.01 1.01 1.01 1.01 1.01 1.01 1.01 1.01 1.01 1.01 1.01 1.01
0.99 0.99 0.99 0.99 0.99 0.99 0.99 0.99 1.44 0.98 0.98 0.98 1.44 3.26 3.85 3.85 3.26 3.26 3.26 2.97 0.98 0.98 0.98 2.97 2.77 3.59 1.34 0.91 0.91 0.91 0.91 1.34 1.34 1.34 0.91 0.91 1.34 0.91 1.34 1.34 1.40 0.95 0.95 3.18 3.18 0.95 0.95 0.95 0.95 0.95 0.95 0.95 0.95 0.95 0.95 0.95 0.97 0.97 0.97 0.97 0.97 0.97 0.97 0.97 0.97 0.97 0.97 2.99 2.99 0.97 0.97 0.97 1.01 1.01 1.01 1.01 1.01 1.01 1.01 1.01 1.01 1.01 1.01 1.01
0.99 0.99 0.99 0.99 0.99 0.99 0.99 0.99 0.98 1.44 1.44 0.98 0.98 3.26 3.85 3.85 3.26 3.26 3.26 2.97 2.97 3.26 2.97 3.26 3.04 3.04 0.91 3.04 0.91 0.91 0.91 1.34 1.34 0.91 0.91 0.91 0.91 0.91 0.91 0.91 3.18 3.18 3.18 0.95 0.95 0.95 0.95 0.95 0.95 0.95 1.40 0.95 0.95 0.95 0.95 0.95 0.97 0.97 0.97 0.97 0.97 0.97 0.97 2.99 2.99 2.99 2.99 2.99 2.99 2.99 2.99 2.99 3.08 3.08 3.08 1.01 1.01 1.01 1.01 1.01 1.01 1.01 1.01 1.01
0.99 0.99 0.99 0.99 0.99 0.99 0.99 0.99 0.98 0.98 0.98 0.98 0.98 3.26 3.85 3.85 3.26 3.26 3.26 3.26 2.97 2.97 3.26 3.85 2.77 0.91 0.91 0.91 0.91 0.91 0.91 1.34 1.34 0.91 0.91 3.04 0.91 0.91 0.91 3.04 3.18 3.18 3.18 0.95 1.40 0.95 0.95 1.40 0.95 0.95 0.95 0.95 0.95 0.95 0.95 0.95 0.97 0.97 0.97 0.97 0.97 0.97 0.97 2.99 2.99 2.99 2.99 2.99 2.99 2.99 2.99 2.99 1.48 1.48 1.48 1.01 1.01 1.01 1.01 1.01 1.01 1.01 1.01 1.01
0.99 0.99 0.99 0.99 0.99 0.99 1.45 0.99 1.44 0.98 1.44 0.98 0.98 3.26 3.26 1.16 3.85 3.26 3.26 3.26 3.26 3.26 2.97 3.26 2.77 3.04 0.91 0.91 0.91 0.91 3.04 2.77 2.77 3.04 2.77 2.77 3.04 0.91 0.91 3.04 3.18 0.95 0.95 1.40 1.40 0.95 0.95 0.95 0.95 0.95 0.95 0.95 0.95 3.18 0.95 1.40 0.97 0.97 0.97 0.97 0.97 0.97 0.97 2.99 2.99 2.99 2.99 1.43 1.43 2.99 0.97 0.97 1.01 1.48 1.01 1.01 1.01 1.01 1.01 1.01 1.01 1.48 1.48 1.48
0.97 0.97 0.97 0.97 0.97 0.97 0.97 0.97 1.00 1.00 1.00 1.00 1.47 3.03 3.03 3.03 3.93 3.33 1.00 1.00 3.33 3.03 1.00 1.00 3.03 2.75 3.03 0.91 0.91 3.03 3.03 2.75 3.03 3.03 3.03 2.75 2.75 3.03 0.91 3.03 0.86 1.27 0.86 0.86 0.86 0.86 0.86 2.88 2.88 2.88 2.88 2.88 3.40 2.88 2.88 1.27 0.96 0.96 0.96 0.96 0.96 0.96 0.96 1.40 2.95 1.40 0.96 0.96 2.95 1.40 2.95 2.95 1.02 1.02 1.02 1.02 1.02 1.02 1.02 1.02 1.02 1.02 1.02 1.02
0.97 0.97 1.43 0.97 0.97 1.43 0.97 0.97 1.00 1.00 1.00 1.47 1.47 3.03 3.03 3.33 3.93 1.00 1.00 1.00 3.33 3.03 1.00 1.00 3.03 3.03 3.03 3.03 3.03 3.03 3.03 2.75 3.03 3.03 3.03 3.03 3.03 3.03 3.03 2.75 2.88 2.88 2.88 0.86 0.86 0.86 0.86 0.86 2.88 2.88 2.88 2.88 2.88 2.88 0.86 1.27 1.40 3.03 0.96 0.96 0.96 1.40 0.96 0.96 1.40 0.96 0.96 0.96 1.40 0.96 0.96 0.96 1.02 1.02 1.02 1.02 1.02 1.02 1.02 1.02 1.02 1.02 1.02 1.02
