New_Model_Runs/12_Future_RCP4.5_Scn2_out/post_prcessed_with_MFR/Monthly_summaries/actual_et_monthly_NOV.asc
NCOLS 700
NROWS 400
XLLCENTER 515000.000000
YLLCENTER 8409000.000000
CELLSIZE 50.000000
NODATA_value -999.000000
[rows 152 to 189 of 400, columns 252 to 335 of 700]
0.00 0.00 0.00 0.00 0.00 0.00 0.00 0.00 0.00 0.00 0.00 0.00 0.00 0.00 0.00 0.00 0.00 0.00 0.00 0.00 0.00 0.00 0.00 0.00 0.00 0.00 0.00 0.00 0.00 0.00 0.00 0.00 0.00 0.00 0.00 0.00 0.00 0.00 0.00 0.00 0.00 0.00 0.00 0.00 0.00 0.00 0.00 0.92 0.92 0.92 0.92 0.92 1.38 1.38 1.38 1.38 1.38 1.38 1.38 1.38 1.38 1.38 1.38 1.38 1.38 1.38 1.38 1.38 1.23 1.23 1.23 1.23 1.23 1.23 1.23 4.06 1.23 1.23 1.23 3.97 3.97 3.97 3.97 3.97
0.00 0.00 0.00 0.00 0.00 0.00 0.00 0.00 0.00 0.00 0.00 0.00 0.00 0.00 0.00 0.00 0.00 0.00 0.00 0.00 0.00 0.00 0.00 0.00 0.00 0.00 0.00 0.00 0.00 0.00 0.00 0.00 0.00 0.00 0.00 0.00 0.00 0.00 0.00 0.00 0.00 0.00 0.00 0.00 0.00 0.00 0.92 0.92 0.92 0.92 0.92 0.92 1.38 1.38 1.38 1.38 1.38 1.38 1.38 1.38 1.38 1.38 1.38 1.38 1.38 1.38 1.38 1.38 1.23 1.23 1.23 1.23 1.23 1.23 3.97 3.97 1.23 1.23 1.23 3.97 3.97 3.40 4.06 4.06
0.00 0.00 0.00 0.00 0.00 0.00 0.00 0.00 0.00 0.00 0.00 0.00 0.00 0.00 0.00 0.00 0.00 0.00 0.00 0.00 0.00 0.00 0.00 0.00 0.00 0.00 0.00 0.00 0.00 0.00 0.00 0.00 0.00 0.00 0.00 0.00 0.00 0.00 0.00 0.00 0.00 0.00 0.00 0.00 0.00 0.92 0.92 0.92 0.92 0.92 0.92 0.92 1.38 1.38 1.38 1.38 1.38 1.38 1.38 1.38 1.38 1.38 1.38 1.38 1.38 1.38 1.38 1.38 1.23 1.23 1.80 1.23 1.23 3.97 3.97 3.97 1.19 3.97 3.97 3.40 1.23 0.37 3.45 1.80
0.00 0.00 0.00 0.00 0.00 0.00 0.00 0.00 0.00 0.00 0.00 0.00 0.00 0.00 0.00 0.00 0.00 0.00 0.00 0.00 0.00 0.00 0.00 0.00 0.00 0.00 0.00 0.00 0.00 0.00 0.00 0.00 0.00 0.00 0.00 0.00 0.00 0.00 0.00 0.00 0.00 0.00 0.00 0.00 0.00 0.92 0.92 0.92 0.92 0.92 0.92 0.92 1.38 1.38 1.38 1.38 1.38 1.38 1.38 1.38 1.38 1.38 1.38 1.38 1.38 1.38 1.38 1.38 1.23 1.23 1.23 1.23 1.23 1.23 3.97 1.19 3.97 1.23 3.45 1.23 1.23 1.23 1.23 1.80
0.00 0.00 0.00 0.00 0.00 0.00 0.00 0.00 0.00 0.00 0.00 0.00 0.00 0.00 0.00 0.00 0.00 0.00 0.00 0.00 0.00 0.00 0.00 0.00 0.00 0.00 0.00 0.00 0.00 0.00 0.00 0.00 0.00 0.00 0.00 0.00 0.00 0.00 0.00 0.00 0.00 0.00 0.00 0.00 3.33 0.92 0.92 0.92 0.92 0.92 0.92 0.92 1.38 1.38 1.38 1.38 1.38 1.38 1.38 1.38 1.38 1.38 1.38 1.38 1.38 1.38 1.38 1.38 1.23 1.23 1.23 1.23 1.23 1.23 1.23 2.33 1.23 1.23 1.23 1.23 1.23 1.23 1.23 1.80
0.00 0.00 0.00 0.00 0.00 0.00 0.00 0.00 0.00 0.00 0.00 0.00 0.00 0.00 0.00 0.00 0.00 0.00 0.00 0.00 0.00 0.00 0.00 0.00 0.00 0.00 0.00 0.00 0.00 0.00 0.00 0.00 0.00 0.00 0.00 0.00 0.00 0.00 0.00 0.00 0.00 0.00 0.00 0.00 0.92 0.92 0.92 0.92 0.92 0.92 0.92 0.92 1.38 1.38 1.38 1.38 1.38 1.38 1.38 1.38 1.38 1.38 1.38 1.38 1.38 1.38 1.38 1.38 1.23 1.23 1.23 1.23 1.23 1.23 1.23 3.97 1.23 1.23 1.23 1.23 1.23 1.23 1.23 1.80
0.00 0.00 0.00 0.00 0.00 0.00 0.00 0.00 0.00 0.00 0.00 0.00 0.00 0.00 0.00 0.00 0.00 0.00 0.00 0.00 0.00 0.00 0.00 0.00 0.00 0.00 0.00 3.24 0.00 0.00 0.00 0.00 0.00 0.00 0.00 0.00 0.00 0.00 0.00 0.00 0.00 0.00 0.00 0.00 0.92 0.92 0.92 0.92 0.92 0.92 0.92 0.92 1.38 1.38 1.38 1.38 1.38 1.38 1.38 1.38 1.38 1.38 1.38 1.38 1.38 1.38 1.38 1.38 1.23 1.23 1.23 1.23 1.23 1.23 1.23 3.97 1.23 1.23 1.23 1.23 1.23 1.23 1.23 1.23
0.00 0.00 0.00 0.00 0.00 0.00 0.00 0.00 0.00 0.00 0.00 0.00 0.00 0.00 0.00 0.00 0.00 0.00 0.00 0.00 0.00 0.00 0.00 0.00 0.00 0.00 0.89 0.89 0.00 0.00 0.00 0.00 0.00 0.00 0.00 0.00 0.00 0.00 0.00 0.00 0.00 0.00 0.00 0.00 0.00 0.00 0.92 0.92 0.92 0.92 0.92 0.92 1.38 1.38 1.38 1.38 1.38 1.38 1.38 1.38 1.38 1.38 1.38 1.38 1.38 1.38 1.38 1.38 1.23 1.23 1.23 1.23 3.40 3.97 3.97 3.97 3.97 1.23 1.23 1.23 1.23 1.23 1.23 1.23
0.00 0.00 0.00 0.00 0.00 0.00 0.00 0.00 0.00 0.00 0.00 0.00 0.00 0.00 0.00 0.00 0.00 0.00 0.00 0.00 0.00 0.00 0.00 0.00 0.00 0.89 0.89 0.89 0.89 0.00 0.00 0.00 0.00 0.00 0.00 0.00 0.00 0.00 0.00 0.00 0.00 0.00 0.00 0.00 0.00 0.00 0.00 0.00 0.92 0.92 0.92 1.34 1.38 1.38 1.38 1.38 1.38 1.38 1.38 1.38 1.38 1.38 1.38 1.38 1.38 1.38 1.38 1.38 1.23 1.23 1.23 1.23 3.97 3.97 1.19 1.19 3.40 1.23 1.23 1.23 1.23 1.23 1.23 1.23
0.00 0.00 0.00 0.00 0.00 0.00 0.00 0.00 0.00 0.00 0.00 0.00 0.00 0.00 0.00 0.00 0.00 0.00 0.00 0.00 0.00 0.00 0.00 0.00 0.00 0.89 0.89 0.89 0.89 0.89 0.89 0.00 0.00 0.00 0.00 0.00 0.00 0.00 0.00 0.00 0.00 0.00 0.00 0.00 0.00 0.00 0.00 0.00 0.00 0.00 0.92 0.92 1.38 1.38 1.38 1.38 1.38 1.38 1.38 1.38 1.38 1.38 1.38 1.38 1.38 1.38 1.38 1.38 1.23 1.23 3.40 3.97 3.40 2.33 3.97 1.23 1.80 3.40 1.23 1.23 1.23 1.23 1.23 1.23
0.00 0.00 0.00 0.00 0.00 0.00 0.00 0.00 0.00 0.00 0.00 0.00 0.00 0.00 0.00 0.00 0.00 0.00 0.00 0.00 0.00 0.00 0.00 0.00 0.00 1.36 1.36 1.36 1.36 1.36 1.36 0.00 0.00 0.00 0.00 0.00 0.00 0.00 0.00 0.00 0.00 0.00 0.00 0.00 0.00 0.00 0.00 0.00 0.00 0.00 1.22 1.22 1.40 1.40 1.40 1.40 1.40 1.40 1.40 1.40 1.40 1.40 1.40 1.40 1.40 1.40 2.05 1.40 1.35 1.35 3.64 3.64 3.64 3.64 1.35 1.35 4.20 3.64 1.35 1.35 1.35 1.35 1.35 1.35
0.00 0.00 0.00 0.00 0.00 0.00 0.00 0.00 0.00 0.00 0.00 0.00 0.00 0.00 0.00 0.00 0.00 0.00 0.00 0.00 0.00 0.00 0.00 0.00 1.36 1.36 1.36 1.36 1.36 1.36 1.99 1.99 1.36 0.00 1.36 1.36 0.00 0.00 0.00 0.00 0.00 0.00 0.00 0.00 0.00 0.00 0.00 0.00 0.00 0.00 0.37 1.22 1.40 1.40 2.05 1.40 1.40 1.40 1.40 1.40 1.40 1.40 1.40 1.40 1.40 1.40 1.40 1.40 1.35 1.35 3.64 3.64 3.64 3.64 1.35 1.35 4.20 4.20 1.35 1.35 1.35 1.35 1.35 1.35
0.00 0.00 0.00 0.00 0.00 0.00 0.00 0.00 0.00 0.00 0.00 0.00 0.00 0.00 0.00 0.00 0.00 0.00 0.00 0.00 0.00 0.00 0.00 1.36 1.36 1.36 1.36 1.36 1.36 1.36 1.36 1.99 1.99 1.99 1.36 1.36 1.22 1.22 0.00 0.00 0.00 0.00 0.00 0.00 0.00 0.00 0.00 0.00 0.00 0.00 0.00 3.97 1.40 0.42 1.40 1.40 2.05 1.40 1.40 1.40 1.40 1.40 1.40 1.40 1.40 1.40 1.40 1.40 1.35 1.35 3.70 3.70 3.64 4.20 1.35 1.35 1.35 1.35 1.35 1.35 1.35 1.35 1.35 1.35
0.00 0.00 0.00 0.00 0.00 0.00 0.00 0.00 0.00 0.00 0.00 0.00 0.00 0.00 0.00 0.00 0.00 0.00 0.00 0.00 1.36 1.36 1.36 1.36 1.36 1.36 1.36 1.36 1.36 1.36 1.36 1.36 3.81 1.36 3.81 1.36 1.22 1.22 1.22 0.00 0.00 0.00 0.00 0.00 0.00 0.00 0.00 0.00 0.00 0.00 0.00 2.33 2.47 4.25 4.25 1.40 1.40 2.05 2.05 1.40 1.40 1.40 1.40 1.40 1.40 1.40 1.40 1.40 1.35 1.35 1.35 1.35 3.70 3.79 4.30 1.35 1.35 1.35 1.35 1.35 1.35 1.35 1.98 1.35
0.00 0.00 0.00 0.00 0.00 0.00 0.00 0.00 0.00 0.00 0.00 0.00 0.00 0.00 0.00 0.00 4.29 1.42 0.00 0.00 1.36 1.36 1.36 1.36 1.36 1.36 1.36 1.36 1.36 1.36 1.36 1.36 1.36 1.36 1.36 1.36 1.22 1.79 1.79 3.44 1.79 0.00 0.00 0.00 0.00 0.00 0.00 0.00 0.00 0.00 0.00 2.33 2.47 4.25 4.25 4.25 3.70 3.70 1.40 1.40 1.40 2.05 2.05 1.40 1.40 1.40 1.40 1.40 1.35 1.35 1.35 1.35 1.35 3.70 3.70 1.35 1.35 1.35 1.35 1.35 1.35 1.35 1.35 1.35
0.00 0.00 0.00 0.00 0.00 0.00 0.00 0.00 0.00 0.00 0.00 0.00 0.00 0.00 0.00 0.00 1.42 1.42 1.42 1.42 1.36 1.36 1.36 1.99 1.99 1.36 1.36 1.36 1.36 1.36 1.36 1.36 1.36 1.36 1.36 1.36 1.22 1.79 1.79 1.79 1.79 0.00 0.00 0.00 0.00 0.00 0.00 0.00 0.00 0.00 0.00 1.19 2.47 1.27 4.25 4.25 3.77 3.77 1.40 1.40 2.05 2.05 2.05 2.05 1.40 1.40 1.40 1.40 1.35 1.35 1.35 1.35 1.35 3.70 3.70 1.35 1.35 1.35 1.35 1.98 1.98 1.35 1.35 1.35
0.00 0.00 0.00 0.00 0.00 0.00 0.00 0.00 0.00 0.00 0.00 0.00 0.00 4.29 1.42 4.29 1.42 1.42 1.42 1.42 1.36 1.36 1.36 1.36 1.36 1.36 1.36 1.36 1.36 1.36 1.36 1.36 1.36 1.36 1.36 1.36 1.22 1.22 1.79 1.79 1.79 0.00 0.00 0.00 0.00 0.00 0.00 0.00 0.00 0.00 0.37 0.37 2.47 1.27 4.25 3.70 3.77 3.77 1.40 1.40 1.40 1.40 1.40 1.40 1.40 1.40 1.40 1.40 1.35 1.35 1.35 1.35 1.35 1.35 1.35 1.35 1.35 1.35 1.35 1.35 1.98 1.98 1.35 1.35
0.00 0.00 0.00 0.00 0.00 0.00 0.00 0.00 0.00 0.00 0.00 0.00 4.29 1.42 1.42 1.42 1.42 1.42 1.42 1.42 1.36 1.36 1.36 1.36 1.36 1.36 1.36 1.36 1.36 1.36 1.36 1.36 1.36 1.36 1.36 1.99 1.79 1.79 1.79 1.22 0.00 0.00 0.00 0.00 0.00 0.00 0.00 0.00 0.00 0.37 1.22 1.22 1.40 4.25 4.25 4.25 3.77 3.86 1.40 1.40 1.40 2.05 1.40 1.40 1.40 1.40 1.40 1.40 1.35 1.35 1.35 1.35 1.35 1.35 1.35 1.35 1.35 1.35 1.35 1.98 1.35 1.35 1.35 1.35
0.00 0.00 0.00 0.00 0.00 0.00 0.00 0.00 0.00 0.00 0.00 0.00 1.42 1.42 2.08 1.42 1.42 1.42 1.42 2.08 1.99 1.36 1.36 1.36 1.36 1.36 1.36 1.36 1.36 1.36 1.36 1.36 1.36 1.99 1.99 1.99 1.79 1.79 1.22 0.37 3.97 0.00 0.00 0.00 0.00 0.00 0.00 0.00 0.37 1.22 1.22 1.22 1.40 3.77 3.70 4.25 2.05 3.77 3.70 3.70 1.40 1.40 1.40 1.40 1.40 1.40 1.40 1.40 1.35 1.35 1.35 1.35 1.35 1.35 1.35 1.35 1.35 1.35 1.35 1.35 1.35 1.35 1.35 1.35
0.00 0.00 0.00 0.00 0.00 0.00 0.00 0.00 0.00 0.00 0.00 4.29 1.42 1.42 2.08 1.42 1.42 1.42 1.42 1.42 1.36 1.36 1.36 1.36 1.36 1.36 1.36 1.36 1.36 1.36 1.36 1.36 1.99 1.99 1.99 1.99 1.79 1.79 4.14 0.37 3.97 3.97 0.00 0.00 0.00 0.00 0.00 1.19 1.22 1.22 1.22 1.22 1.40 1.40 3.72 4.25 4.25 4.25 3.70 1.13 3.88 1.40 1.40 1.40 1.40 1.40 1.40 1.40 1.35 1.35 1.35 1.35 1.35 1.35 1.35 1.35 1.35 1.35 1.35 1.35 1.35 1.35 1.35 1.35
0.00 0.00 0.00 0.00 0.00 0.00 0.00 0.00 0.00 0.00 1.42 1.42 1.42 1.42 2.08 1.42 1.42 1.42 1.42 1.42 1.36 1.36 1.36 1.36 1.36 1.36 1.36 1.36 1.36 1.36 1.36 1.36 1.36 1.99 1.36 1.36 1.22 1.79 1.79 1.79 1.79 2.33 2.33 2.33 0.00 0.00 1.19 2.33 1.22 1.22 1.22 1.22 1.40 1.40 1.40 4.25 3.70 3.70 1.40 1.40 1.40 1.40 1.40 1.40 1.40 1.40 1.40 1.40 1.35 1.35 1.35 1.35 1.35 1.35 1.35 1.35 1.35 1.35 1.35 1.35 1.35 1.35 1.35 1.35
0.00 0.00 0.00 0.00 0.00 0.00 0.00 0.00 0.00 0.00 1.42 1.42 1.42 1.42 1.42 1.42 1.42 1.42 1.42 1.42 1.36 1.36 1.36 1.36 1.36 1.36 1.36 1.36 1.36 1.36 1.36 1.36 1.36 1.36 1.36 1.36 1.22 1.22 1.79 1.79 3.97 1.19 1.19 2.33 2.33 1.19 1.19 1.22 1.79 1.22 1.79 1.22 1.40 1.40 1.40 1.40 1.40 1.40 1.40 1.40 1.40 1.40 1.40 1.40 1.40 1.40 1.40 1.40 1.35 1.35 1.35 1.35 1.35 1.35 1.35 1.35 1.35 1.35 1.35 1.35 1.35 1.35 1.35 1.35
0.00 0.00 0.00 0.00 0.00 0.00 0.00 0.00 0.00 0.00 0.00 1.42 1.42 1.42 1.42 1.42 1.42 1.42 1.42 1.42 1.36 1.36 1.36 1.36 1.36 1.36 1.36 1.36 1.36 1.36 1.36 1.36 1.36 1.36 1.36 1.36 1.22 1.79 1.22 1.79 1.24 3.97 1.19 2.33 1.22 3.39 3.39 3.39 1.22 1.79 3.44 1.22 1.40 1.40 1.40 1.40 1.40 1.40 1.40 1.40 1.40 2.05 1.40 1.40 1.40 1.40 1.40 1.40 1.35 1.35 1.35 1.35 1.35 1.35 1.35 1.35 1.35 1.35 1.35 1.35 1.35 1.35 1.35 1.35
0.00 0.00 0.00 0.00 0.00 0.00 0.00 0.00 0.00 0.00 0.00 1.42 1.42 1.42 1.42 1.42 1.42 1.42 1.42 1.42 1.36 1.36 1.36 1.36 1.36 1.36 1.36 1.36 1.36 1.36 1.36 1.36 1.36 1.36 1.36 1.36 1.22 1.22 1.79 1.22 3.48 3.97 3.97 4.06 3.44 3.44 3.39 1.22 1.22 1.22 3.39 1.22 1.40 1.40 1.40 1.40 1.40 1.40 1.40 1.40 1.40 1.40 1.40 1.40 1.40 1.40 1.40 1.40 1.35 1.35 1.35 1.35 1.35 1.35 1.35 1.35 1.35 1.35 1.35 1.35 1.35 1.35 1.35 1.35
0.00 0.00 0.00 0.00 0.00 0.00 0.00 0.00 0.00 0.00 0.00 0.00 1.42 1.42 1.42 1.42 1.42 1.42 1.42 1.42 1.36 1.36 1.36 1.36 1.36 1.36 1.36 1.36 1.36 1.36 1.36 1.36 1.36 1.36 1.99 1.36 1.22 1.22 1.22 1.22 3.48 3.97 3.97 4.06 3.55 3.44 3.44 1.22 1.22 1.22 1.22 1.22 1.40 1.40 1.40 1.40 1.40 1.40 1.40 1.40 1.40 1.40 1.40 1.40 1.40 1.40 1.40 1.40 1.35 1.35 1.35 1.35 1.35 1.35 1.35 1.35 1.35 1.35 1.35 1.35 1.35 1.35 1.35 1.35
0.00 0.00 0.00 0.00 0.00 0.00 0.00 0.00 0.00 0.00 0.00 1.42 1.42 1.42 1.42 1.42 1.42 1.42 1.42 1.42 1.36 1.36 1.36 1.36 1.36 1.36 1.36 1.36 1.36 1.36 1.36 1.36 1.36 1.99 1.99 1.36 3.53 1.79 1.22 3.39 3.40 3.49 3.97 4.06 3.55 3.44 1.22 1.22 1.22 1.22 1.22 1.22 1.40 1.40 1.40 1.40 1.40 1.40 1.40 1.40 1.40 1.40 1.40 1.40 1.40 1.40 1.40 1.40 1.35 1.35 1.35 1.35 1.35 1.35 1.35 1.35 1.35 1.35 1.35 1.35 1.35 1.35 1.35 1.35
0.00 0.00 0.00 0.00 1.33 0.00 0.00 0.00 0.00 0.00 1.33 1.33 1.33 1.33 1.33 1.33 1.33 1.33 1.33 1.33 1.33 1.33 1.33 1.33 1.33 1.33 1.33 1.33 1.33 1.33 1.33 1.96 1.33 1.33 1.96 1.96 1.83 1.25 1.25 1.25 3.47 3.47 3.47 3.47 3.48 1.25 1.25 1.25 1.25 1.25 1.25 1.25 1.28 1.28 1.28 1.28 1.28 1.28 1.28 1.28 1.28 1.28 1.28 1.28 1.28 1.28 1.28 1.28 1.11 1.11 1.11 1.11 1.11 3.46 1.11 1.11 1.11 1.62 1.11 1.11 1.11 1.11 1.11 1.11
0.00 0.00 0.00 1.45 1.33 1.33 0.00 0.00 0.00 1.95 1.95 1.33 1.33 1.33 1.33 1.33 1.33 1.33 1.33 1.33 1.33 1.33 1.33 1.33 1.33 1.33 1.33 1.33 1.33 1.33 1.33 1.33 1.33 1.33 1.96 1.33 1.25 1.83 1.83 1.25 3.47 3.47 3.47 3.47 3.47 3.47 1.25 1.25 1.25 1.25 1.25 1.25 1.28 1.28 1.28 1.28 1.28 1.28 1.28 1.28 1.28 1.28 1.28 1.28 1.28 1.28 1.28 1.28 1.11 1.11 1.11 1.11 1.11 3.46 1.11 1.11 1.11 1.11 1.11 1.11 1.11 1.11 1.11 1.11
1.45 1.45 1.45 2.12 1.33 1.33 1.33 1.33 1.33 1.95 1.95 1.33 1.33 1.33 1.33 1.33 1.33 1.33 1.33 1.33 1.33 1.33 1.33 1.33 1.33 1.33 1.33 1.33 1.33 1.33 1.33 1.33 1.33 1.33 1.33 1.33 1.25 1.25 1.25 1.25 3.47 3.48 3.47 3.47 3.47 3.47 1.25 1.25 1.25 1.25 1.25 1.25 1.28 1.28 1.28 1.28 1.28 1.28 1.28 1.28 1.28 1.28 1.28 1.28 1.28 1.28 1.28 1.28 1.11 1.11 3.46 1.11 1.11 1.11 1.11 1.11 1.11 1.11 1.11 1.11 1.11 1.11 1.11 1.11
1.45 1.45 1.45 1.45 1.33 1.33 1.33 1.33 1.33 1.95 1.33 1.95 1.33 1.33 1.33 1.33 1.33 1.33 1.33 1.33 1.33 1.33 1.33 1.33 1.33 1.33 1.33 1.33 1.33 1.33 1.33 1.33 1.33 1.33 1.33 1.33 1.25 3.47 3.47 3.48 3.47 3.47 3.48 3.47 3.48 3.47 1.25 1.25 1.25 1.25 1.25 1.25 1.28 1.28 1.28 1.28 1.28 1.28 1.28 1.28 1.28 1.28 1.28 1.28 1.28 1.28 1.28 1.28 1.11 1.11 1.11 1.11 1.11 3.46 1.11 1.11 1.11 1.11 1.11 1.11 1.11 1.11 1.11 3.46
1.45 1.45 1.45 1.45 1.33 1.33 1.33 1.33 1.33 1.33 1.95 1.95 1.33 1.33 1.33 1.33 1.33 1.33 1.33 1.33 1.33 1.33 1.33 1.33 1.33 1.33 1.33 1.33 1.33 1.33 1.33 1.33 1.33 1.33 1.33 1.33 1.25 1.25 1.25 3.47 4.05 1.83 1.25 1.25 3.47 3.47 1.25 1.83 1.25 1.25 1.25 1.25 1.28 1.28 1.28 1.28 1.28 1.28 1.28 1.28 1.28 1.28 1.28 1.28 1.28 1.28 1.28 1.28 1.11 1.11 1.11 1.11 1.11 1.62 1.11 1.11 1.11 1.11 1.11 1.11 1.11 1.11 3.46 3.46
1.45 1.45 1.45 1.45 1.33 1.33 1.33 1.33 1.33 1.33 1.33 1.33 1.33 1.95 1.33 1.33 1.33 1.33 1.33 1.33 1.33 1.33 1.33 1.33 1.33 1.33 1.33 1.33 1.33 1.33 1.33 1.33 1.33 1.33 1.33 1.33 1.25 1.25 1.25 4.05 1.25 1.25 1.25 1.25 3.52 3.47 1.25 1.83 1.25 1.25 1.25 1.25 1.28 1.28 1.28 1.28 1.28 1.28 1.28 1.28 1.28 1.28 1.28 1.28 1.28 1.28 1.28 1.28 1.11 1.11 1.11 1.11 1.11 1.62 1.62 1.11 1.11 1.62 3.46 1.11 1.11 1.11 3.46 3.46
1.45 1.45 1.45 1.45 1.33 1.33 1.33 1.33 1.33 1.33 1.33 1.95 1.33 1.95 1.95 1.33 1.33 1.33 1.33 1.33 1.33 1.33 1.33 1.33 1.33 1.33 1.33 1.33 1.33 1.33 1.33 1.33 1.33 1.33 1.33 1.33 1.25 1.25 1.83 3.64 1.25 1.25 1.25 1.25 3.52 3.53 1.25 1.25 1.25 1.25 1.25 1.25 1.28 1.28 1.28 1.28 1.28 1.28 1.28 1.28 1.28 1.28 1.28 1.28 1.28 1.28 1.28 1.28 1.11 1.11 1.11 1.11 1.11 1.11 1.11 1.62 1.62 1.11 1.11 1.11 3.46 3.46 3.46 3.46
1.45 1.45 1.45 1.45 1.33 1.33 1.33 1.33 1.33 1.33 1.33 1.95 1.95 1.33 1.33 1.33 1.33 1.33 1.33 1.33 1.33 1.33 1.33 1.33 1.33 1.33 1.33 1.33 1.33 1.33 1.33 1.33 1.33 1.33 1.33 1.33 1.25 1.25 1.25 4.05 1.25 1.25 1.25 1.25 3.52 1.25 1.25 1.25 1.25 1.25 1.25 1.25 1.28 1.28 1.28 1.28 1.28 1.28 1.28 1.28 1.28 1.28 1.28 1.28 1.28 1.28 1.28 1.28 1.11 1.11 1.11 1.11 1.11 1.11 1.11 1.11 1.11 1.62 1.11 1.11 3.46 3.46 3.46 3.46
1.45 1.45 1.45 1.45 1.33 1.33 1.33 1.33 1.33 1.33 1.33 1.33 1.33 1.33 1.33 1.33 1.33 1.33 1.33 1.33 1.33 1.33 1.33 1.33 1.33 1.33 1.33 1.33 1.33 1.33 1.33 1.33 1.33 1.33 1.33 1.33 1.25 1.25 1.25 1.25 1.25 1.25 1.25 1.25 1.25 1.25 1.25 1.25 1.25 1.25 1.25 1.25 1.28 1.28 1.28 1.28 1.28 1.28 1.28 1.28 1.28 1.28 1.28 1.28 1.28 1.28 1.28 1.28 1.11 1.11 1.11 1.11 1.11 1.11 1.11 1.11 1.11 1.11 1.11 1.11 3.46 3.46 3.46 3.46
1.45 1.45 1.45 1.45 1.33 1.33 1.33 1.33 1.33 1.33 1.33 1.33 1.33 1.33 1.33 1.33 1.33 1.33 1.33 1.33 1.33 1.33 1.33 1.33 1.33 1.33 1.33 1.33 1.33 1.33 1.33 1.33 1.33 1.33 1.33 1.33 1.25 1.25 1.25 1.25 1.25 1.25 1.25 1.25 1.25 1.25 1.25 1.25 1.25 1.25 1.25 1.25 1.28 1.28 1.28 1.28 1.28 1.28 1.28 1.28 1.28 1.28 1.28 1.28 1.28 1.28 1.28 1.28 1.11 1.11 1.11 1.11 1.11 1.11 1.11 1.11 1.11 1.11 1.11 1.11 3.46 3.46 3.46 3.46
1.45 1.45 1.45 1.45 1.33 1.33 1.33 1.33 1.33 1.33 1.33 1.33 1.33 1.33 1.33 1.33 1.33 1.33 1.33 1.33 1.33 1.33 1.33 1.33 1.33 1.33 1.33 1.33 1.33 1.33 1.33 1.33 1.33 1.33 1.33 1.33 1.25 1.25 1.25 1.25 1.25 1.25 1.25 1.25 1.25 1.25 1.25 1.25 1.25 1.25 1.25 1.25 1.28 1.28 3.81 1.28 1.28 1.28 1.28 1.28 1.28 1.28 1.28 1.28 1.28 1.28 1.28 1.28 1.11 1.11 1.11 1.11 1.11 1.11 1.11 1.11 1.11 1.11 1.11 1.11 3.46 3.46 3.46 3.46
1.45 1.45 1.45 1.45 1.33 1.33 1.33 1.33 1.33 1.33 1.33 1.33 1.33 1.33 1.33 1.33 1.33 1.33 1.33 1.33 1.33 1.33 1.33 1.33 1.33 1.33 1.33 1.33 1.33 1.33 1.33 1.33 1.33 1.33 1.33 1.33 1.25 1.25 1.25 1.25 1.25 1.25 1.25 1.25 1.25 1.25 1.25 1.25 1.25 1.25 1.25 1.25 1.28 1.28 1.28 1.28 1.28 1.28 1.28 1.28 1.28 1.28 1.28 1.28 1.28 1.28 1.28 1.28 1.11 1.11 1.11 1.11 1.11 1.11 1.11 1.11 1.11 1.11 1.11 1.11 1.11 3.46 3.46 3.46
