New_Model_Runs/12_Future_RCP4.5_Scn2_out/post_prcessed_with_MFR/Monthly_summaries/actual_et_monthly_AUG.asc
NCOLS 700
NROWS 400
XLLCENTER 515000.000000
YLLCENTER 8409000.000000
CELLSIZE 50.000000
NODATA_value -999.000000
[rows 266 to 303 of 400, columns 168 to 251 of 700]
2.98 2.98 2.98 1.44 0.98 0.98 0.98 0.98 1.02 1.02 1.02 1.02 1.02 1.02 1.02 1.02 1.02 1.02 1.02 1.02 1.02 1.02 1.02 1.02 0.91 0.91 0.91 0.91 0.91 0.91 0.91 0.91 0.91 0.91 0.91 0.91 0.91 0.91 0.91 0.91 0.96 0.96 0.96 0.96 0.96 0.96 0.96 0.96 1.40 3.18 3.18 0.96 0.96 3.18 3.18 2.90 2.95 2.95 2.68 2.68 2.68 2.68 2.68 2.68 2.68 2.68 2.68 2.68 2.68 2.68 2.95 2.68 2.85 3.70 3.13 3.70 3.70 1.11 3.70 2.85 2.85 2.85 2.85 1.38
2.98 2.98 2.98 2.98 2.98 0.98 0.98 0.98 1.02 1.02 1.02 1.02 1.02 1.02 1.02 1.02 1.02 1.02 1.02 1.02 1.02 1.02 1.02 1.02 0.91 0.91 0.91 0.91 0.91 0.91 0.91 0.91 0.91 0.91 0.91 0.91 0.91 0.91 0.91 0.91 0.96 0.96 0.96 0.96 1.40 0.96 1.40 0.96 0.96 0.96 2.90 3.18 2.90 2.90 2.90 2.90 2.68 2.68 2.68 2.68 2.95 2.68 1.30 1.30 2.68 2.68 3.48 2.68 2.68 2.95 2.95 2.95 3.70 3.70 3.70 3.70 1.11 3.70 3.70 3.70 3.13 2.85 2.85 2.85
2.98 2.98 2.98 3.86 3.28 3.28 0.98 0.98 1.02 1.02 1.02 1.02 1.02 1.02 1.02 1.02 1.02 1.02 1.02 1.02 1.02 1.02 1.02 1.02 0.91 0.91 0.91 0.91 0.91 0.91 0.91 2.77 3.04 0.91 0.91 0.91 0.91 0.91 0.91 0.91 0.96 0.96 0.96 0.96 0.96 0.96 1.40 0.96 0.96 3.18 3.18 2.90 2.90 0.96 0.96 0.96 2.68 2.68 2.68 2.95 2.95 2.95 2.68 2.95 3.48 3.48 3.48 2.68 3.48 2.68 2.68 2.95 3.70 3.70 3.70 1.11 2.85 2.85 2.85 2.85 2.85 3.70 3.13 2.85
3.86 2.98 2.98 3.28 3.28 0.98 0.98 0.98 1.02 1.02 1.02 1.02 1.02 1.02 1.02 1.02 1.02 1.02 1.02 1.02 1.02 1.02 1.02 1.02 0.91 0.91 0.91 0.91 1.34 0.91 0.91 3.04 0.91 0.91 0.91 0.91 0.91 0.91 0.91 0.91 1.40 0.96 0.96 0.96 3.18 2.90 2.90 2.90 2.90 0.96 0.96 0.96 0.96 0.96 0.96 1.40 2.68 2.68 2.68 2.68 2.68 2.68 2.68 2.68 2.68 2.68 2.68 3.48 3.48 2.95 3.48 2.95 2.85 2.85 3.70 2.85 2.85 2.85 2.85 2.85 2.85 2.85 0.94 0.94
2.98 2.98 3.86 2.98 2.98 0.98 0.98 0.98 1.02 1.02 1.02 1.49 1.49 1.49 1.02 1.02 1.02 1.02 1.02 1.02 1.02 1.02 1.02 1.02 0.91 0.91 0.91 1.34 0.91 0.91 1.34 3.04 0.91 0.91 0.91 0.91 0.91 0.91 0.91 0.91 0.96 3.18 2.90 2.90 3.18 3.18 2.90 3.75 0.96 0.96 0.96 0.96 0.96 0.96 0.96 2.90 2.68 2.68 2.68 2.95 2.68 2.95 2.68 2.95 2.95 2.68 2.68 3.48 2.95 2.95 2.95 2.95 2.85 3.70 3.70 2.85 2.85 2.85 2.85 2.85 2.85 1.38 0.94 0.94
2.98 3.86 1.16 2.98 0.98 0.98 0.98 0.98 1.02 1.49 1.49 1.49 1.49 1.49 1.02 1.02 1.02 1.02 1.02 1.49 1.49 1.02 1.02 1.02 0.91 0.91 0.91 0.91 0.91 3.04 1.34 3.04 3.04 0.91 0.91 0.91 0.91 0.91 0.91 0.91 0.96 0.96 3.18 3.18 3.18 3.18 2.90 3.75 0.96 0.96 0.96 0.96 0.96 0.96 0.96 2.90 2.68 2.68 3.48 2.68 2.68 2.68 2.68 3.48 3.48 3.48 3.48 2.95 2.68 2.95 2.95 0.88 3.13 3.70 3.70 2.85 2.85 2.85 2.85 2.85 1.38 1.38 1.38 0.94
2.98 3.86 3.86 0.98 0.98 0.98 0.98 0.98 1.02 1.49 1.49 1.49 1.02 1.02 1.02 1.02 1.49 1.49 1.02 1.02 1.02 3.23 1.49 1.49 0.91 1.34 0.91 0.91 0.91 3.04 3.04 3.04 3.04 0.91 1.34 1.34 0.91 0.91 0.91 0.91 0.96 0.96 2.90 3.18 2.90 3.18 3.18 2.90 1.40 0.96 0.96 0.96 0.96 0.96 1.40 0.96 2.68 2.68 1.04 1.04 2.68 2.68 2.68 3.48 3.48 1.04 1.04 3.48 0.88 0.88 3.48 2.95 3.70 3.70 3.70 2.85 2.85 2.85 2.85 3.70 1.38 1.38 1.38 1.38
2.98 3.86 0.98 0.98 0.98 0.98 0.98 0.98 1.02 1.02 1.49 1.49 1.02 1.02 1.02 1.02 1.49 1.02 3.39 3.39 3.39 3.23 1.49 1.49 1.34 0.91 1.34 3.04 3.04 3.04 3.04 3.04 3.04 3.04 3.04 3.04 3.04 0.91 1.34 0.91 0.96 1.40 2.90 2.90 2.90 2.90 2.90 2.90 1.40 0.96 0.96 0.96 0.96 0.96 0.96 0.96 0.88 3.48 3.48 3.48 2.95 3.48 3.48 3.48 3.48 1.04 3.48 2.68 0.88 0.88 0.88 3.09 3.26 3.70 2.85 2.85 3.70 2.85 2.85 3.70 3.70 1.38 1.38 1.38
3.11 4.04 1.51 1.03 1.03 1.51 1.03 1.51 1.47 1.47 1.47 1.47 1.47 1.00 1.00 1.00 1.47 1.00 1.00 3.33 1.47 1.47 1.47 1.00 0.98 0.98 0.98 3.26 3.26 3.26 3.26 3.26 3.26 3.26 2.96 0.98 1.43 0.98 1.43 1.43 1.42 0.97 3.22 2.93 2.93 3.22 3.22 3.22 1.42 0.97 0.97 0.97 0.97 0.97 0.97 0.97 0.91 0.91 2.76 2.76 3.58 3.58 3.03 3.03 2.76 3.58 3.58 2.76 3.58 0.27 0.27 3.16 1.12 2.88 2.88 2.88 3.73 3.73 2.88 2.88 3.16 1.39 1.39 1.39
1.03 4.04 1.03 1.03 1.03 1.51 1.03 1.51 1.47 3.03 1.47 1.47 1.47 1.00 1.00 1.00 1.00 1.00 1.00 3.33 1.00 1.00 1.00 1.00 0.98 0.98 0.98 0.98 3.26 3.26 3.26 3.26 3.26 3.26 3.84 0.98 0.98 0.98 0.98 0.98 0.97 0.97 3.22 2.93 2.93 2.93 3.22 3.22 2.93 2.93 2.93 2.93 1.42 1.42 2.93 0.97 0.91 0.91 2.76 2.76 2.76 3.58 3.03 2.76 2.76 3.58 3.58 3.58 3.58 3.58 3.16 3.16 3.73 2.88 2.88 2.88 2.88 3.01 3.16 3.16 3.16 1.39 1.39 3.16
1.03 4.04 1.03 1.51 1.03 1.51 1.51 1.51 1.47 1.47 1.47 1.47 1.00 1.00 1.00 1.00 1.00 1.00 1.00 1.00 1.00 1.00 1.00 1.00 0.98 0.98 0.98 0.98 3.26 3.26 3.26 3.26 3.26 3.26 3.26 1.43 0.98 0.98 1.43 0.98 0.97 1.42 2.93 3.22 0.97 0.97 0.97 0.97 0.97 0.97 2.93 2.93 3.22 1.42 2.93 0.97 0.91 0.91 0.91 2.76 2.76 2.76 3.03 2.76 3.58 3.58 3.58 3.58 3.58 3.16 3.58 3.03 2.88 2.88 2.88 2.88 2.88 2.88 2.88 3.16 1.39 1.39 1.39 1.39
4.04 3.11 1.03 1.03 1.03 1.03 1.03 1.03 3.03 1.47 1.47 1.47 1.00 1.00 1.00 1.00 1.00 1.00 1.00 3.16 1.00 1.00 1.00 1.00 0.98 0.98 0.98 0.98 3.26 3.26 1.43 0.98 0.98 0.98 3.84 3.84 1.43 1.43 0.98 0.98 0.97 1.42 0.97 1.42 0.97 0.97 0.97 0.97 0.97 0.97 2.93 3.22 2.93 2.93 2.93 2.93 2.76 2.76 3.58 3.58 3.03 2.76 3.03 3.58 3.16 3.58 3.58 3.58 3.58 2.76 2.76 3.03 2.88 3.73 2.88 2.88 3.16 1.39 3.73 3.73 1.39 1.39 1.39 3.16
3.11 3.11 1.03 1.03 1.03 1.03 3.42 3.42 3.03 1.00 1.00 1.00 1.00 1.00 1.00 1.00 1.00 1.00 1.47 1.00 1.00 1.00 1.00 1.00 0.98 0.98 0.98 0.98 2.96 0.98 0.98 0.98 0.98 0.98 0.98 3.84 0.98 1.43 0.98 2.96 3.22 0.97 0.97 0.97 0.97 0.97 0.97 0.97 1.42 2.93 2.93 3.22 2.93 2.93 2.93 2.93 2.76 2.76 2.76 2.76 3.58 3.03 3.03 3.58 3.58 3.16 3.16 1.07 3.58 2.76 3.03 3.03 3.16 3.73 3.73 3.73 3.16 1.39 1.39 1.39 3.16 1.39 1.39 1.39
4.04 4.04 3.11 1.03 1.03 1.03 1.03 1.51 1.47 1.47 1.00 1.00 1.00 1.00 1.00 1.00 1.00 1.00 1.00 1.00 1.00 1.00 1.00 1.00 0.98 0.98 0.98 0.98 0.98 0.98 1.43 3.09 0.98 0.98 0.98 1.43 0.98 1.43 1.43 1.43 1.42 0.97 0.97 0.97 0.97 0.97 0.97 0.97 0.97 2.93 3.22 3.22 2.93 2.93 2.93 2.93 3.03 2.76 2.76 2.76 3.03 3.03 3.03 3.58 3.58 3.16 1.07 3.16 3.58 3.58 1.33 1.33 3.16 3.73 3.73 3.73 2.88 2.88 2.88 1.39 1.39 1.39 1.39 3.16
4.04 4.04 3.42 1.03 1.03 1.03 1.03 1.51 1.47 1.47 1.00 1.00 1.47 1.47 1.00 1.00 1.00 1.00 1.00 1.00 1.00 1.00 1.00 1.00 0.98 0.98 0.98 0.98 0.98 2.96 3.09 3.09 0.98 0.98 2.96 1.43 1.43 1.43 1.43 2.96 1.42 1.42 0.97 0.97 0.97 0.97 0.97 0.97 0.97 0.97 2.93 3.22 2.93 3.06 2.93 3.22 3.03 3.03 3.03 1.33 2.76 2.76 3.58 3.16 3.58 3.16 3.03 3.03 3.03 2.76 1.33 1.33 3.16 3.16 3.16 2.88 2.88 2.88 2.88 1.39 1.39 1.39 1.39 3.01
4.04 4.04 3.11 3.11 1.03 1.51 1.03 1.03 3.16 1.00 1.00 1.00 3.33 3.93 1.00 1.00 1.00 1.00 1.00 3.33 3.33 1.00 1.00 1.00 0.98 0.98 0.98 0.98 3.26 2.96 3.26 3.84 3.26 3.84 2.96 2.96 1.43 1.43 1.43 2.96 1.42 0.97 0.97 0.97 0.97 0.97 1.42 1.42 0.97 0.97 3.22 3.22 2.93 3.80 2.93 2.93 2.76 3.03 2.76 2.76 2.76 3.58 3.58 3.58 3.03 3.58 3.03 3.03 2.76 2.76 1.33 3.03 3.16 3.16 2.88 1.39 1.39 3.16 3.16 3.16 3.16 3.16 2.88 0.95
3.11 4.04 4.04 4.04 1.03 1.03 1.03 1.03 3.16 1.00 1.00 1.47 1.00 1.00 3.93 3.93 3.93 1.00 1.00 3.93 3.03 1.47 3.03 1.00 3.26 3.26 2.96 2.96 3.26 2.96 3.26 3.84 3.84 3.84 3.84 2.96 2.96 1.43 1.43 1.43 1.42 0.97 0.97 0.97 1.42 0.97 3.22 1.42 2.93 2.93 3.22 2.93 1.42 3.80 3.80 0.97 2.76 3.03 3.03 2.76 2.76 3.58 3.16 1.07 2.76 2.76 2.76 2.76 2.76 2.76 1.33 3.03 3.16 1.39 1.39 2.88 3.16 3.16 3.16 2.88 3.16 1.39 2.88 2.88
3.11 3.11 4.04 1.21 1.03 1.03 1.03 1.03 1.47 1.00 1.00 1.00 1.00 1.00 1.00 3.27 3.93 3.03 3.93 1.18 3.33 3.33 3.93 3.93 3.43 2.96 2.96 2.96 2.96 2.96 1.15 3.84 3.84 1.15 1.43 1.43 1.43 1.43 1.43 0.98 0.97 0.97 0.97 0.97 0.97 2.93 3.22 1.42 2.93 2.93 3.22 0.97 0.97 0.97 1.42 0.97 0.91 3.03 3.03 2.76 2.76 3.58 3.58 3.58 2.76 2.76 2.76 2.76 2.76 1.33 1.33 3.03 3.16 3.16 2.88 2.88 2.88 3.16 3.16 3.16 1.39 2.88 2.88 2.88
3.11 4.04 4.04 4.04 3.25 1.03 1.03 1.03 1.00 1.00 1.00 1.47 1.00 1.00 0.30 3.27 3.93 3.93 3.93 3.93 1.18 3.93 3.93 3.93 3.84 3.84 3.84 3.43 3.43 3.84 1.15 3.84 3.84 1.15 1.43 1.43 1.43 0.98 0.98 0.98 0.97 0.97 0.97 0.97 0.97 2.93 2.93 2.93 2.93 3.22 3.22 0.97 0.97 0.97 0.97 0.97 2.76 3.58 2.76 2.76 2.76 3.58 2.76 3.03 2.76 2.76 2.76 2.76 2.76 2.76 1.33 3.03 3.16 2.88 2.88 3.16 2.88 3.16 3.16 1.39 2.88 2.88 2.88 2.88
4.04 4.04 3.11 4.04 4.04 1.03 1.03 4.04 1.00 1.00 1.00 1.00 1.00 3.93 3.93 3.27 3.93 3.93 3.03 3.93 3.03 3.93 3.93 3.93 2.96 2.96 3.43 3.21 3.84 3.43 3.43 3.43 3.84 1.15 1.43 1.43 1.43 1.43 0.98 0.98 0.97 0.97 0.97 2.93 3.22 2.93 2.93 3.80 3.22 2.93 3.22 2.93 0.97 0.97 0.97 2.93 2.76 2.76 3.58 2.76 2.76 2.76 2.76 3.03 3.03 2.76 3.58 3.03 3.58 2.76 3.03 1.33 1.39 2.88 3.16 3.16 3.16 3.16 3.16 2.88 2.88 3.16 2.88 2.88
4.04 4.04 3.11 1.51 3.11 3.11 4.04 4.04 1.47 1.00 1.00 1.00 3.93 1.18 3.93 3.93 3.27 3.51 1.00 1.00 3.03 3.93 3.93 3.03 3.84 3.84 1.15 3.84 3.84 3.84 1.15 3.84 1.15 3.84 3.43 3.84 1.43 0.98 0.98 1.43 0.97 0.97 3.22 3.22 1.42 2.93 2.93 2.93 2.93 2.93 1.42 1.42 1.42 0.97 1.42 1.42 0.91 2.76 2.76 2.76 3.58 2.76 3.03 3.03 3.03 3.58 3.58 3.58 2.76 3.03 2.76 1.33 2.88 2.88 3.16 3.16 1.39 1.39 1.39 1.39 2.88 3.16 3.16 2.88
4.04 4.04 4.04 3.11 3.11 4.04 4.04 4.04 3.93 3.27 3.93 3.93 3.93 3.27 3.93 3.33 3.93 3.93 1.00 1.00 1.00 3.33 3.33 3.03 3.26 3.26 3.26 3.84 3.84 1.15 1.15 3.84 3.84 3.84 3.84 2.96 3.26 3.26 3.26 3.26 0.97 0.97 0.97 3.22 1.42 0.97 3.80 3.80 2.93 1.42 0.97 0.97 0.97 0.97 0.97 0.97 1.33 2.76 2.76 2.76 3.03 3.58 3.03 3.03 3.58 2.76 2.76 2.76 2.76 2.76 2.76 3.03 3.16 3.16 3.16 3.16 3.16 3.16 1.39 2.88 2.88 3.73 3.16 3.16
3.34 3.34 4.04 4.04 4.04 4.04 3.34 4.04 3.93 3.03 3.03 3.33 3.93 3.03 3.33 3.33 1.47 1.00 1.00 1.47 1.00 3.93 3.03 3.03 3.26 3.26 3.26 3.26 3.26 2.96 3.84 3.84 2.96 2.96 3.43 3.26 2.96 3.26 3.26 2.96 0.97 0.97 0.97 0.97 0.97 0.97 3.80 3.80 2.93 0.97 0.97 0.97 0.97 0.97 1.42 1.42 1.33 2.76 2.76 3.03 3.58 3.19 2.76 3.58 3.58 2.76 2.76 3.03 3.03 2.76 2.76 1.33 2.88 3.16 3.16 2.88 2.88 3.16 2.88 2.88 2.88 2.88 3.73 3.73
4.04 4.04 4.04 4.04 4.04 4.04 4.04 3.18 1.18 3.03 3.03 3.33 3.27 3.93 3.33 3.33 3.16 1.47 1.47 1.00 1.00 1.00 3.03 3.03 3.26 3.26 3.26 3.26 3.26 2.96 2.96 2.96 2.96 2.96 3.26 1.43 1.43 3.26 3.26 2.96 2.93 0.97 0.97 0.97 0.97 1.42 0.97 0.97 0.97 0.97 0.97 0.97 0.97 0.97 0.97 0.97 0.91 0.91 0.91 3.03 3.58 3.58 3.03 3.58 3.58 3.58 3.58 2.76 0.91 0.91 2.76 3.03 1.39 3.16 3.16 2.88 3.73 3.73 2.88 3.73 3.73 3.73 3.73 3.73
3.09 3.09 3.09 3.09 4.01 4.01 1.20 3.40 3.24 3.24 3.91 3.91 3.91 3.91 3.31 1.46 3.31 0.99 0.99 0.99 1.46 0.99 3.01 3.31 3.28 3.28 3.28 3.28 3.28 2.99 2.99 3.87 3.87 2.99 2.99 2.99 3.28 1.44 2.99 3.28 3.22 3.22 0.97 0.97 0.97 1.42 0.97 0.97 0.97 0.97 1.42 1.42 0.97 1.42 1.42 1.42 1.33 0.91 0.91 3.19 3.57 3.03 2.76 3.57 3.57 2.76 2.76 0.91 0.91 0.91 3.03 3.03 1.37 1.37 1.37 1.37 1.37 0.94 2.84 3.68 3.68 3.68 3.68 3.68
4.01 4.01 4.01 1.50 4.01 3.09 4.01 4.01 3.91 3.24 3.91 3.91 3.91 3.91 3.31 3.31 3.31 1.46 1.46 0.99 1.46 0.99 0.99 3.31 3.28 3.28 2.99 2.99 3.28 3.28 2.99 2.99 3.87 3.87 3.87 2.99 2.99 3.46 2.99 3.28 3.22 3.22 0.97 1.42 1.42 1.42 0.97 0.97 0.97 0.97 1.42 1.42 0.97 0.97 0.97 1.42 1.33 1.33 0.91 1.07 3.19 2.76 3.03 2.76 2.76 2.76 2.76 0.91 0.91 0.91 3.03 3.03 3.12 2.84 1.37 1.37 1.37 0.94 0.94 3.68 3.68 3.68 3.68 3.68
4.01 4.01 4.01 3.09 3.09 3.09 3.09 4.01 3.01 3.91 3.01 3.01 3.91 1.17 3.91 3.91 3.31 0.99 1.46 0.99 0.99 0.99 1.46 3.31 3.28 3.28 2.99 2.99 2.99 2.99 2.99 2.99 2.99 3.87 2.99 3.28 2.99 2.99 2.99 2.99 2.93 2.93 1.42 0.97 0.97 0.97 0.97 0.97 0.97 0.97 0.97 0.97 0.97 0.97 0.97 0.97 1.33 1.33 0.91 3.19 2.76 2.76 2.76 2.76 3.03 2.76 2.76 0.91 0.91 0.91 0.91 0.91 2.84 2.84 0.94 0.94 0.94 0.94 3.68 3.68 3.68 3.68 3.68 3.68
4.01 4.01 4.01 4.01 4.01 4.01 3.09 4.01 3.01 3.31 3.01 3.01 3.01 3.31 3.91 3.91 3.91 0.99 1.46 0.99 0.99 1.46 0.99 3.01 2.99 2.99 2.99 2.99 2.99 2.99 2.99 2.99 3.87 3.87 2.99 2.99 2.99 2.99 2.99 2.99 2.93 2.93 2.93 1.42 0.97 0.97 0.97 0.97 0.97 0.97 0.97 0.97 0.97 0.97 0.97 0.97 1.33 1.33 0.91 3.57 3.57 2.76 2.76 2.76 2.76 2.76 2.76 0.91 0.91 0.91 0.91 0.91 2.84 0.94 0.94 0.94 0.94 3.68 3.68 3.68 3.68 3.68 3.68 3.68
3.15 4.01 4.01 4.01 3.40 4.01 3.40 3.09 3.01 3.91 3.01 3.31 3.01 3.01 3.31 3.31 1.17 1.17 3.91 3.91 3.91 3.91 3.31 3.31 2.99 3.87 3.87 2.99 2.99 2.99 2.99 3.87 2.99 2.99 2.99 3.28 3.28 2.99 2.99 2.99 2.93 2.93 1.42 3.80 0.97 0.97 0.97 0.97 0.97 0.97 0.97 0.97 0.97 0.97 0.97 0.97 0.91 0.91 0.91 0.91 0.27 3.03 2.76 0.83 3.57 2.76 3.57 0.91 0.91 0.91 0.91 0.91 0.94 0.94 0.94 0.94 2.84 3.68 3.68 3.68 3.68 3.24 3.24 3.68
3.31 4.01 4.01 4.01 1.50 3.40 3.09 3.09 3.01 3.91 1.46 3.31 3.31 3.31 3.31 3.31 3.01 3.01 1.17 3.49 3.91 3.91 3.47 3.91 2.99 3.87 3.87 2.99 2.99 3.28 3.28 2.99 2.99 2.99 2.99 2.99 3.28 3.28 3.28 2.99 2.93 2.93 3.22 3.80 3.80 0.97 0.97 3.80 0.97 0.97 0.97 0.97 0.97 0.97 0.97 0.97 0.91 0.91 0.91 0.91 0.91 3.03 2.76 2.76 2.76 3.03 3.03 0.91 0.91 0.91 0.91 3.03 3.12 0.94 0.94 0.94 3.68 3.68 3.68 3.68 3.68 3.68 3.68 3.68
3.31 4.01 4.01 4.01 4.01 3.09 3.09 3.09 3.01 3.01 3.01 3.91 3.91 3.01 3.31 3.01 3.01 3.01 3.01 3.91 1.17 3.91 3.91 3.91 2.99 2.99 1.44 2.99 1.44 3.28 3.28 3.87 3.28 3.28 2.99 2.99 3.28 3.28 3.87 3.28 2.93 2.93 1.42 1.42 3.80 3.80 3.80 3.80 0.97 0.97 0.97 0.97 0.97 0.97 0.97 0.97 0.91 0.91 0.91 0.91 0.91 2.76 2.76 2.76 3.03 2.76 3.03 3.57 2.76 0.91 0.91 0.91 3.12 2.84 0.94 0.94 3.68 3.68 3.68 2.84 3.68 3.68 3.12 3.12
3.31 4.01 4.01 4.01 4.01 3.09 3.09 3.09 3.01 3.01 3.01 3.01 3.01 3.01 3.91 3.91 3.31 3.91 3.01 1.46 3.91 3.91 3.91 3.31 3.87 3.87 3.87 2.99 1.44 3.87 3.28 3.28 3.87 2.99 2.99 3.28 3.28 3.28 2.99 2.99 2.93 3.22 3.22 3.22 3.22 3.80 3.80 0.97 0.97 0.97 0.97 0.97 0.97 0.97 0.97 0.97 0.91 0.91 0.91 0.91 0.91 3.19 2.76 2.76 2.76 2.76 2.76 3.03 3.57 0.91 0.91 3.03 2.84 2.84 2.84 2.84 2.84 2.84 3.68 2.84 3.68 3.68 3.12 3.12
3.09 4.01 4.01 4.01 1.50 1.50 3.09 3.09 3.01 3.01 3.01 3.01 3.01 3.01 3.14 3.01 3.91 3.01 3.01 3.01 3.01 3.01 3.01 3.91 3.87 3.87 3.87 1.44 1.44 3.87 3.87 3.28 3.87 3.87 3.28 3.28 3.87 3.87 2.99 2.99 3.22 3.22 3.22 3.22 3.22 1.42 1.42 1.42 0.97 0.97 0.97 0.97 0.97 0.97 0.97 0.97 0.91 0.91 1.33 1.33 0.91 3.57 2.76 2.76 2.76 2.76 2.76 2.76 3.03 2.76 2.76 2.76 2.84 2.84 3.68 2.84 2.84 3.29 3.24 2.84 2.84 2.84 3.68 3.12
3.09 3.09 4.01 3.31 3.09 3.09 3.09 3.09 3.01 3.01 3.01 3.91 3.91 3.01 3.91 3.91 3.91 3.91 3.01 3.01 3.01 3.01 3.01 3.01 2.99 3.87 3.87 3.12 3.87 3.46 3.87 3.46 3.46 3.46 2.99 3.28 3.28 3.87 3.87 3.28 3.22 3.22 2.93 3.22 3.22 2.93 2.93 3.22 0.97 0.97 1.42 0.97 0.97 0.97 0.97 0.97 3.57 0.91 0.91 1.33 0.91 3.57 2.76 2.76 3.57 3.57 2.76 2.76 2.76 2.76 2.76 2.76 2.84 3.68 3.68 3.68 3.68 3.68 3.29 2.84 2.84 3.68 3.68 3.68
3.09 3.09 3.09 3.31 3.09 3.09 3.09 4.01 3.01 3.01 3.01 3.01 3.01 3.31 3.91 3.91 3.91 3.91 3.91 3.01 3.91 3.01 3.01 3.01 2.99 2.99 3.87 1.16 3.87 3.28 3.87 3.87 3.87 3.46 3.87 2.99 2.99 2.99 2.99 3.28 3.22 3.22 3.22 3.22 3.22 3.22 2.93 3.22 3.22 2.93 1.42 0.97 0.97 0.97 0.97 0.97 3.03 3.03 1.33 0.91 0.91 2.76 2.76 2.76 2.76 2.76 2.76 2.76 3.57 2.76 2.76 2.76 2.84 3.68 3.68 3.68 3.68 3.68 3.29 3.29 3.24 3.68 3.68 3.68
3.09 3.09 3.09 4.01 4.01 4.01 4.01 3.09 3.01 3.01 3.31 3.01 3.31 3.31 3.31 3.31 3.31 3.91 3.91 3.31 3.31 3.31 3.31 3.91 2.99 2.99 2.99 3.87 3.87 3.87 3.87 3.87 2.99 2.99 3.87 3.87 3.46 2.99 1.44 1.44 2.93 2.93 3.80 3.22 3.22 3.22 2.93 2.93 3.22 1.42 2.93 3.22 2.93 0.97 0.97 0.97 0.91 3.03 3.03 2.76 3.57 3.03 2.76 2.76 2.76 2.76 2.76 2.76 2.76 2.76 2.76 3.57 3.29 3.29 3.68 3.68 3.68 3.68 3.68 3.29 3.68 3.68 3.68 3.68
3.09 3.09 3.09 3.09 4.01 3.31 4.01 3.09 3.01 3.01 3.31 3.91 3.24 3.01 3.01 3.01 3.91 3.31 3.31 3.01 3.01 3.31 3.31 3.01 2.99 2.99 3.87 2.99 2.99 2.99 2.99 2.99 2.99 3.87 2.99 2.99 3.87 3.87 3.46 1.44 2.93 3.22 2.93 3.22 3.22 3.22 3.80 3.80 3.06 2.93 3.22 3.22 3.22 0.97 0.97 0.97 2.76 3.03 2.76 2.76 3.57 3.03 2.76 2.76 2.76 2.76 2.76 2.76 2.76 2.76 2.76 2.76 2.84 3.29 3.68 3.68 3.68 3.68 3.68 1.11 1.11 3.68 3.68 3.68
3.09 3.09 3.09 4.01 4.01 1.20 4.01 3.09 3.01 3.01 3.91 3.91 3.01 3.31 3.31 3.01 3.01 3.01 3.01 3.01 0.99 0.99 0.99 0.99 2.99 3.87 2.99 2.99 2.99 2.99 2.99 3.28 2.99 2.99 2.99 3.28 2.99 3.28 3.87 3.46 3.80 3.80 2.93 2.93 2.93 2.93 2.93 2.93 3.22 2.93 2.93 0.97 0.97 0.97 0.97 0.97 3.03 3.03 2.76 3.57 3.57 3.03 2.76 3.03 2.76 2.76 3.03 2.76 2.76 2.76 2.76 2.76 3.12 3.68 3.68 3.68 2.84 3.68 2.84 2.84 3.12 3.68 3.68 3.68
