New_Model_Runs/12_Future_RCP4.5_Scn2_out/post_prcessed_with_MFR/Monthly_summaries/actual_et_monthly_JAN.asc
NCOLS 700
NROWS 400
XLLCENTER 515000.000000
YLLCENTER 8409000.000000
CELLSIZE 50.000000
NODATA_value -999.000000
[rows 114 to 151 of 400, columns 420 to 503 of 700]
1.47 1.47 1.47 1.47 1.47 1.47 1.47 1.47 1.47 1.47 1.47 1.47 1.44 1.44 1.44 1.44 1.44 1.44 1.44 1.44 1.44 1.44 1.44 1.44 1.44 1.44 1.44 5.35 3.65 5.33 5.37 1.43 1.43 1.43 1.43 1.43 1.43 1.43 1.43 1.43 1.43 1.43 1.43 2.09 1.43 1.43 1.43 1.43 1.43 1.43 1.43 1.43 1.43 1.43 1.43 1.43 1.43 1.43 4.63 4.28 1.96 1.96 1.96 1.34 1.96 4.23 1.96 1.96 1.96 1.96 1.96 1.96 1.34 1.96 1.34 1.34 1.35 1.35 1.35 1.98 1.98 1.98 1.98 1.98
1.47 1.47 1.47 1.47 1.47 1.47 1.47 1.47 1.47 1.47 1.47 1.47 1.44 1.44 1.44 1.44 1.44 1.44 1.44 1.44 1.44 1.44 1.44 1.44 1.44 1.44 1.44 1.44 1.43 5.33 5.37 5.37 1.43 1.43 1.43 1.43 1.43 1.43 1.43 1.43 1.43 1.43 1.43 1.43 1.43 1.43 1.43 1.43 1.43 1.43 1.43 1.43 1.43 1.43 1.43 1.43 1.43 4.28 4.28 4.58 4.04 1.34 1.34 1.34 1.34 1.96 1.96 1.96 1.96 1.96 1.96 1.96 1.34 1.34 1.34 1.34 1.35 1.35 1.35 1.35 1.35 1.98 1.35 1.35
2.16 1.47 1.47 1.47 1.47 1.47 1.47 1.47 1.47 1.47 1.47 1.47 1.44 1.44 1.44 1.44 1.44 1.44 1.44 1.44 1.44 1.44 1.44 1.44 1.44 1.44 1.44 1.44 1.43 1.43 4.28 3.23 1.43 1.43 1.43 1.43 2.09 2.09 1.43 1.43 1.43 1.43 1.43 1.43 1.43 1.43 1.43 1.43 1.43 1.43 1.43 1.43 1.43 1.43 1.43 1.43 1.43 1.43 1.43 2.09 1.34 1.34 1.34 1.34 1.34 1.96 1.96 1.96 1.96 1.96 1.96 1.34 1.96 1.34 1.34 1.34 1.35 1.98 1.98 1.35 1.35 1.35 1.35 1.35
1.47 1.47 1.47 1.47 1.47 1.47 1.47 1.47 1.47 1.47 1.47 1.47 1.44 1.44 1.44 1.44 1.44 1.44 1.44 1.44 1.44 1.44 1.44 1.44 1.44 1.44 1.44 2.11 1.43 1.43 1.43 1.43 1.43 1.43 1.43 1.43 1.43 2.09 1.43 1.43 2.09 1.43 1.43 1.43 1.43 1.43 1.43 1.43 1.43 1.43 1.43 1.43 1.43 1.43 1.43 1.43 1.43 1.43 1.43 1.43 1.34 1.96 1.96 1.96 1.96 1.96 1.96 1.96 1.96 1.96 1.96 1.34 1.34 1.34 1.34 1.96 1.98 1.35 1.35 1.35 1.35 1.35 1.35 1.35
1.47 1.47 1.47 1.47 1.47 1.47 1.47 1.47 1.47 1.47 1.47 1.47 1.44 1.44 1.44 1.44 1.44 1.44 1.44 1.44 1.44 1.44 1.44 1.44 1.44 1.44 1.44 1.44 1.43 2.09 1.43 1.43 1.43 1.43 1.43 1.43 1.43 1.43 1.43 1.43 1.43 1.43 1.43 1.43 1.43 1.43 1.43 1.43 1.43 1.43 1.43 1.43 1.43 1.43 1.43 1.43 1.43 1.43 1.43 1.43 1.34 1.34 1.96 1.96 1.34 1.34 1.34 1.34 1.34 1.34 1.34 1.34 1.34 1.34 1.34 1.34 1.35 1.35 1.35 1.35 1.35 1.35 1.35 1.35
1.47 1.47 1.47 2.16 1.47 1.47 1.47 1.47 1.47 1.47 1.47 1.47 1.44 1.44 1.44 1.44 1.44 1.44 1.44 1.44 1.44 1.44 1.44 1.44 1.44 1.44 1.44 1.44 1.43 1.43 1.43 1.43 1.43 1.43 2.09 2.09 1.43 1.43 1.43 1.43 1.43 1.43 1.43 1.43 1.43 1.43 1.43 1.43 1.43 1.43 1.43 1.43 1.43 1.43 1.43 1.43 1.43 1.43 1.43 1.43 1.34 1.96 1.96 1.96 1.34 1.34 1.34 1.34 1.34 1.96 1.96 1.96 1.96 1.34 1.34 1.34 1.35 1.35 1.35 1.35 1.35 1.35 1.35 1.35
1.47 2.16 1.47 1.47 1.47 1.47 1.47 1.47 1.47 1.47 1.47 1.47 1.44 1.44 1.44 1.44 1.44 1.44 1.44 1.44 1.44 1.44 1.44 1.44 1.44 1.44 1.44 1.44 1.43 1.43 1.43 1.43 1.43 1.43 1.43 1.43 1.43 2.09 1.43 1.43 1.43 1.43 1.43 1.43 1.43 1.43 1.43 1.43 1.43 1.43 1.43 1.43 1.43 1.43 1.43 1.43 1.43 1.43 1.43 1.43 1.34 1.34 1.96 1.96 1.34 1.34 1.34 1.34 1.34 1.34 1.34 1.34 1.96 1.96 1.34 1.34 1.35 1.35 1.35 1.35 1.35 1.35 1.35 1.35
1.47 2.16 1.47 1.47 1.47 1.47 1.47 1.47 1.47 1.47 1.47 1.47 1.44 1.44 1.44 1.44 1.44 1.44 1.44 1.44 1.44 1.44 1.44 1.44 1.44 1.44 1.44 1.44 1.43 1.43 1.43 1.43 4.28 1.43 1.43 2.09 1.43 1.43 1.43 1.43 1.43 1.43 1.43 1.43 1.43 1.43 1.43 1.43 1.43 1.43 1.43 1.43 1.43 1.43 1.43 1.43 1.43 1.43 1.43 1.43 1.34 1.34 1.34 1.96 1.34 1.34 1.34 1.34 1.34 1.34 1.34 1.34 1.34 1.96 1.34 1.34 1.35 1.35 1.35 1.35 1.35 1.35 1.35 1.35
1.47 2.16 1.47 1.47 1.47 1.47 1.47 2.16 1.47 1.47 1.47 1.47 1.44 1.44 1.44 1.44 1.44 1.44 1.44 1.44 1.44 1.44 1.44 1.44 1.44 1.44 1.44 1.44 1.43 1.43 1.43 1.43 4.28 1.43 1.43 1.43 1.43 1.43 1.43 1.43 1.43 1.43 1.43 1.43 1.43 1.43 1.43 1.43 1.43 1.43 1.43 1.43 1.43 1.43 1.43 1.43 1.43 1.43 1.43 1.43 1.34 1.34 1.34 1.34 1.34 1.34 1.34 1.34 1.34 1.34 1.34 1.34 1.34 1.34 1.34 1.34 1.35 1.35 1.35 1.35 1.35 1.35 1.35 1.35
1.47 1.47 1.47 1.47 1.47 1.47 1.47 2.16 1.47 1.47 1.47 1.47 1.44 1.44 1.44 1.44 1.44 1.44 1.44 1.44 1.44 1.44 2.11 1.44 1.44 1.44 1.44 1.44 1.43 1.43 1.43 2.09 4.28 1.43 1.43 1.43 1.43 1.43 1.43 1.43 1.43 1.43 1.43 1.43 1.43 1.43 1.43 1.43 1.43 1.43 1.43 1.43 1.43 1.43 1.43 1.43 1.43 1.43 1.43 1.43 1.96 1.34 1.34 1.34 1.96 1.34 1.34 1.34 1.34 1.34 1.34 1.34 1.34 1.34 1.34 1.34 1.35 1.35 1.35 1.35 1.35 1.35 1.35 1.35
1.47 1.47 1.47 1.47 1.47 1.47 1.47 1.47 1.47 2.16 1.47 2.16 2.11 1.44 1.44 1.44 1.44 1.44 1.44 1.44 1.44 1.44 2.11 1.44 1.44 1.44 1.44 1.44 1.43 2.09 2.09 2.09 4.29 4.28 4.28 1.43 1.43 1.43 1.43 1.43 1.43 1.43 1.43 1.43 1.43 1.43 1.43 1.43 1.43 1.43 1.43 1.43 1.43 1.43 1.43 1.43 1.43 1.43 1.43 1.43 1.34 1.34 1.96 1.34 1.96 1.34 1.34 1.34 1.34 1.34 1.34 1.34 1.34 1.34 1.34 1.34 1.35 1.35 1.35 1.35 1.35 1.35 1.35 1.35
1.47 1.47 1.47 1.47 1.47 1.47 2.16 1.47 1.47 5.63 5.63 1.47 1.44 1.44 1.44 1.44 1.44 1.44 1.44 1.44 2.11 2.11 1.44 2.11 1.44 1.44 1.44 1.44 1.43 1.43 1.43 1.43 2.09 4.29 1.43 1.43 1.43 1.43 1.43 1.43 1.43 1.43 1.43 1.43 1.43 1.43 1.43 1.43 1.43 2.09 1.43 1.43 1.43 1.43 1.43 1.43 1.43 1.43 1.43 1.43 1.34 1.34 1.34 1.96 1.34 1.34 1.34 1.34 1.34 1.34 1.34 1.34 1.34 1.34 1.34 1.34 1.35 1.35 1.35 1.35 1.35 1.35 1.35 1.35
1.47 4.46 1.47 1.47 1.47 1.47 1.47 1.47 1.47 4.75 5.63 4.46 1.44 1.44 1.44 1.44 1.44 1.44 1.44 1.44 2.11 2.11 1.44 1.44 1.44 1.44 1.44 1.44 1.43 1.43 1.43 1.43 1.43 1.43 1.43 1.43 1.43 1.43 1.43 1.43 1.43 1.43 1.43 1.43 1.43 1.43 1.43 1.43 1.43 2.09 1.43 1.43 1.43 1.43 1.43 1.43 1.43 1.43 1.43 1.43 1.34 1.34 1.34 1.34 1.34 1.34 1.34 1.34 1.34 1.34 1.34 1.34 1.34 1.34 1.34 1.34 1.35 1.35 1.35 1.35 1.35 1.35 1.35 1.35
1.47 2.16 1.47 1.47 4.75 5.63 1.47 4.46 3.08 5.63 1.34 4.46 4.35 4.33 1.44 1.44 1.44 1.44 1.44 1.44 1.44 2.11 1.44 1.44 1.44 1.44 1.44 1.44 1.43 1.43 1.43 1.43 1.43 1.43 1.43 1.43 1.43 1.43 2.09 1.43 1.43 1.43 1.43 1.43 1.43 1.43 1.43 1.43 1.43 1.43 2.09 1.43 1.43 1.43 1.43 1.43 1.43 1.43 1.43 1.43 1.34 1.34 1.34 1.34 1.34 1.34 1.34 1.34 1.34 1.34 1.34 1.34 1.34 1.34 1.34 1.34 1.35 1.35 1.35 1.35 1.35 1.35 1.35 1.35
2.16 1.47 5.63 5.63 5.63 1.69 4.75 4.46 3.08 4.46 4.75 4.46 2.11 1.44 1.44 1.44 2.11 1.44 1.44 1.44 4.62 2.11 2.11 2.11 2.11 1.44 4.72 1.44 1.43 2.09 1.43 1.43 1.43 1.43 1.43 1.43 1.43 1.43 1.43 1.43 1.43 1.43 1.43 2.09 1.43 1.43 1.43 2.09 1.43 1.43 1.43 1.43 1.43 1.43 1.43 1.43 1.43 1.43 1.43 1.43 1.34 1.34 1.34 1.34 1.34 1.34 1.34 1.34 1.34 1.96 1.34 1.34 1.34 1.34 1.34 1.34 1.35 1.35 1.35 1.35 1.35 1.35 1.35 1.35
1.47 0.44 1.69 1.69 5.63 1.69 5.70 4.75 5.63 4.46 5.63 4.46 4.35 2.11 1.44 1.44 2.11 1.44 1.44 1.44 1.44 2.11 1.44 1.44 1.44 4.72 4.72 4.72 1.43 1.43 1.43 1.43 1.43 1.43 1.43 1.43 1.43 1.43 1.43 1.43 1.43 2.09 1.43 1.43 1.43 1.43 1.43 1.43 1.43 1.43 1.43 1.43 1.43 1.43 1.43 1.43 1.43 1.43 1.43 1.43 1.34 1.34 1.34 1.34 1.34 1.34 1.34 1.34 1.96 1.34 1.34 1.34 1.34 1.34 1.34 1.34 1.35 1.35 1.35 1.35 1.35 1.35 1.35 1.35
3.85 1.16 3.85 2.39 2.39 2.39 2.97 1.16 3.85 3.26 0.98 0.98 1.50 1.50 1.50 1.50 1.50 2.20 1.50 1.50 1.50 2.20 2.20 1.50 4.90 4.90 4.90 4.90 4.38 1.33 1.33 1.33 1.33 1.33 1.33 1.94 1.33 1.33 1.33 1.33 1.33 1.33 1.33 1.33 1.21 1.21 1.21 1.21 1.21 1.21 1.21 1.21 1.21 1.21 1.21 1.21 1.21 1.21 1.21 1.21 1.33 1.33 1.33 1.33 1.33 1.33 1.33 1.33 1.33 1.33 1.95 1.33 1.33 1.33 1.33 1.33 1.28 1.28 1.28 1.28 1.28 1.28 1.28 1.28
1.16 3.85 3.85 3.85 3.26 3.85 2.39 2.39 3.85 2.97 0.98 0.98 1.50 1.50 1.50 1.50 1.50 1.50 1.50 1.50 1.50 1.50 1.50 1.50 4.90 4.90 4.90 4.90 4.38 1.33 1.33 1.33 1.33 1.33 1.33 1.33 1.33 1.33 1.33 1.33 1.33 1.33 1.33 1.33 1.21 1.21 1.21 1.21 1.21 1.21 1.21 1.21 1.21 1.21 1.21 1.21 1.21 1.21 1.21 1.21 1.33 1.33 1.33 1.33 1.33 1.33 1.33 1.95 1.95 1.95 1.33 1.33 1.33 1.33 1.33 1.33 1.28 1.28 1.28 1.87 1.87 1.28 1.28 1.28
2.39 3.85 1.16 3.85 3.85 2.39 3.85 3.85 3.85 2.97 0.98 0.98 1.50 1.50 1.50 1.50 1.50 1.50 1.50 1.50 1.50 1.50 1.50 4.90 4.90 4.90 4.90 4.90 4.38 1.33 1.33 1.33 1.33 1.33 1.33 1.33 1.33 1.33 1.33 1.33 1.33 1.33 1.33 1.33 1.21 1.21 1.21 1.21 1.21 1.21 1.21 1.21 1.21 1.21 1.77 1.21 1.21 1.21 1.21 1.21 1.33 1.33 1.33 1.33 1.33 1.33 1.33 1.33 1.95 1.95 1.33 1.95 1.33 1.33 1.33 1.33 1.28 1.28 1.28 1.28 1.28 1.28 1.28 1.28
3.85 1.16 1.16 3.85 3.85 3.85 3.85 3.85 2.39 0.98 0.98 0.98 1.50 1.50 1.50 1.50 1.50 1.50 1.50 1.50 1.50 1.50 1.50 1.50 4.90 4.90 4.90 4.90 4.38 1.33 1.33 1.33 1.33 1.33 1.33 1.33 1.33 1.33 1.33 1.33 1.33 1.33 1.33 1.33 1.21 1.21 1.21 1.21 1.21 1.21 1.21 1.21 1.21 1.21 1.21 1.21 1.21 1.21 1.21 1.21 1.33 1.33 1.33 1.33 1.33 1.33 1.33 1.33 1.33 1.33 1.95 1.95 1.95 1.33 1.33 1.33 1.28 1.28 1.28 1.28 1.28 1.28 1.28 1.28
0.00 0.00 0.97 3.85 1.16 1.16 3.85 3.85 0.98 0.98 0.98 0.98 1.50 1.50 1.50 1.50 1.50 1.50 1.50 1.50 1.50 1.50 1.50 1.50 4.90 4.90 4.90 4.90 4.38 4.38 1.33 1.33 1.33 1.33 1.33 1.33 1.33 1.33 1.33 1.33 1.33 1.33 1.33 1.33 1.21 1.21 1.21 1.21 1.21 1.21 1.21 1.21 1.21 1.21 1.21 1.21 1.21 1.21 1.21 1.21 1.33 1.33 1.33 1.33 1.33 1.33 1.33 1.33 1.33 1.33 1.33 1.33 1.33 1.33 1.33 1.33 1.28 1.28 1.28 1.28 1.28 1.28 1.28 1.28
0.00 0.00 0.00 2.39 2.39 3.85 1.16 3.85 0.98 0.98 0.98 0.98 1.50 1.50 1.50 1.50 1.50 1.50 1.50 1.50 1.50 1.50 4.90 4.90 4.90 4.90 4.90 4.90 4.38 4.38 1.33 1.33 4.38 1.33 1.33 4.38 4.38 4.38 1.33 1.33 1.33 1.33 1.33 1.33 1.21 1.21 1.21 1.21 1.21 1.21 1.21 1.21 1.21 1.21 1.21 1.21 1.21 1.21 1.21 1.21 1.33 1.33 1.33 1.33 1.33 1.33 1.33 1.33 1.33 1.33 1.33 1.33 1.33 1.33 1.33 1.33 1.28 1.28 1.28 1.28 1.28 1.28 1.28 1.28
0.00 0.00 0.00 0.00 2.39 1.16 0.98 0.98 0.98 0.98 0.98 0.98 1.50 1.50 1.50 1.50 1.50 1.50 1.50 1.50 1.50 4.90 4.90 4.90 4.90 4.90 4.90 4.90 4.38 4.38 4.38 4.38 4.38 4.38 4.38 4.38 4.38 1.33 1.33 1.33 1.33 1.33 1.33 1.33 1.21 1.21 1.21 1.21 1.21 1.21 1.21 1.21 1.21 1.21 1.21 1.21 1.21 1.21 1.21 1.21 1.33 1.33 1.33 1.33 1.33 1.33 1.33 1.33 1.33 1.33 1.33 1.33 1.33 1.33 1.33 1.33 1.28 1.28 1.28 1.28 1.28 1.28 1.28 1.28
0.00 0.00 0.00 0.00 2.39 1.16 0.98 0.98 0.98 0.98 0.98 0.98 1.50 1.50 1.50 1.50 1.50 1.50 1.50 1.50 1.50 4.90 4.90 4.90 4.90 4.90 4.90 4.90 4.38 4.38 4.38 4.38 4.38 4.38 4.38 4.38 4.38 4.38 4.38 1.33 1.33 1.33 1.33 1.33 1.21 1.21 1.21 1.21 1.21 1.21 1.21 1.21 1.21 1.21 1.21 1.21 1.21 1.21 1.21 1.21 1.33 1.33 1.33 1.33 1.33 1.33 1.33 1.33 1.33 1.33 1.33 1.33 1.33 1.33 1.33 1.33 1.87 1.28 1.28 1.28 1.28 1.28 1.28 1.28
0.00 0.00 0.00 0.00 0.97 3.85 0.98 0.98 0.98 0.98 0.98 0.98 1.50 1.50 1.50 1.50 2.20 1.50 1.50 4.90 4.90 4.90 4.90 4.90 4.90 4.90 4.90 4.90 4.38 4.38 4.38 4.38 4.38 4.38 4.38 4.38 4.38 4.38 4.38 1.33 1.33 1.33 1.33 1.33 1.21 1.21 1.21 1.21 1.21 1.21 1.21 1.21 1.21 1.21 1.21 1.21 1.21 1.21 1.21 1.21 1.33 1.33 1.95 1.33 1.33 1.33 1.33 1.95 1.33 1.33 1.33 1.33 1.33 1.95 1.33 1.95 1.28 1.28 1.28 1.28 1.28 1.28 1.28 1.28
0.00 0.00 0.00 0.00 0.00 0.98 0.98 0.98 0.98 0.98 0.98 0.98 1.50 1.50 1.50 1.50 4.98 4.98 4.90 4.90 4.90 4.90 4.90 4.90 4.90 4.90 4.90 4.90 4.38 4.38 4.38 4.38 4.38 4.38 4.38 4.38 1.33 1.33 1.33 1.33 1.33 1.33 1.33 1.33 1.21 1.21 1.21 1.21 1.21 1.21 1.21 1.21 1.21 1.21 1.21 1.21 1.21 1.21 1.21 1.77 1.33 1.33 1.33 1.33 1.33 1.33 1.33 1.33 1.33 1.33 1.33 1.33 1.33 1.33 1.33 1.33 1.28 1.28 1.28 1.28 1.28 1.28 1.28 1.28
0.00 0.00 0.00 0.00 0.00 0.98 0.98 0.98 0.98 0.98 0.98 0.98 1.50 1.50 1.50 1.50 2.20 1.50 1.50 4.90 4.90 4.90 4.90 4.90 4.90 4.90 4.90 4.90 4.38 4.38 1.33 4.38 4.38 4.38 4.38 4.38 1.33 1.33 1.33 1.33 1.33 1.33 1.33 1.33 1.21 1.21 1.21 1.21 1.21 1.21 1.21 1.21 1.21 1.21 1.21 1.21 1.21 1.21 1.21 1.21 1.33 1.33 1.33 1.33 1.33 1.33 1.33 1.95 1.33 1.33 1.33 1.33 1.33 1.33 1.33 1.33 1.28 1.28 1.28 1.28 1.28 1.28 1.28 1.28
0.00 0.00 0.00 0.00 0.29 0.98 0.98 0.98 0.98 0.98 0.98 0.98 1.50 1.50 1.50 1.50 1.50 1.50 1.50 1.50 1.50 4.90 4.90 1.50 1.50 4.90 4.90 4.90 4.38 4.38 4.38 4.38 4.38 4.38 1.33 1.33 1.33 1.33 1.33 1.33 1.33 1.33 1.33 1.33 1.21 1.21 1.21 1.21 1.21 1.21 1.21 1.21 1.21 1.21 1.21 1.21 1.21 1.21 1.21 1.21 1.33 1.33 1.33 1.33 1.33 1.33 1.33 1.33 1.33 1.33 1.33 1.33 1.33 1.33 1.33 1.33 1.28 1.87 1.28 1.28 1.87 1.28 1.28 1.28
0.00 0.00 0.00 2.39 0.29 0.98 0.98 0.98 0.98 0.98 0.98 0.98 1.50 1.50 1.50 1.50 1.50 1.50 1.50 1.50 1.50 1.50 1.50 1.50 1.50 1.50 4.90 4.90 4.38 4.38 4.38 4.38 4.38 4.38 4.38 1.33 1.33 1.33 1.33 1.33 1.33 1.33 1.33 1.33 1.21 1.21 1.21 1.21 1.21 1.21 1.21 1.21 1.21 1.21 1.21 1.21 1.21 1.21 1.21 1.21 1.33 1.33 1.33 1.33 1.33 1.33 1.95 1.33 1.33 1.33 1.33 1.33 1.33 1.33 1.95 1.33 1.87 1.28 1.28 1.28 1.28 1.28 1.28 1.28
0.00 0.00 0.00 0.29 1.44 0.98 0.98 0.98 0.98 0.98 0.98 0.98 1.50 1.50 1.50 1.50 1.50 1.50 1.50 1.50 1.50 1.50 1.50 1.50 1.50 1.50 1.50 4.90 4.38 4.38 4.38 4.38 4.38 4.38 4.38 4.38 1.33 1.33 1.33 1.33 1.33 1.33 1.33 1.33 1.21 1.21 1.21 1.21 1.21 1.21 1.21 1.21 1.21 1.21 1.21 1.21 1.21 1.21 1.21 1.21 1.33 1.33 1.33 1.33 1.33 1.33 1.33 1.33 1.33 1.33 1.33 1.33 1.33 1.33 1.33 1.33 1.28 1.28 1.28 1.28 1.87 1.28 1.28 1.28
0.00 0.00 0.00 2.39 0.98 0.98 0.98 2.97 2.97 0.98 0.98 0.98 1.50 1.50 2.20 1.50 1.50 1.50 1.50 1.50 1.50 1.50 1.50 1.50 1.50 1.50 1.50 1.50 1.33 1.33 4.38 4.38 4.38 4.38 4.38 4.38 1.33 1.33 1.33 1.33 1.33 1.33 1.33 1.33 1.21 1.21 1.21 1.21 1.21 1.21 1.21 1.77 1.21 1.21 1.21 1.21 1.21 1.21 1.21 1.21 1.33 1.33 1.33 1.33 1.33 1.33 1.33 1.33 1.33 1.33 1.33 1.33 1.33 1.33 1.33 1.33 1.28 1.28 1.28 1.28 1.87 1.87 1.87 1.28
0.00 0.00 1.16 1.16 1.16 1.16 3.85 2.97 0.98 0.98 0.98 0.98 1.50 1.50 1.50 1.50 1.50 1.50 1.50 1.50 1.50 1.50 1.50 1.50 1.50 1.50 1.50 1.50 1.33 1.33 4.38 4.38 1.33 4.38 4.38 4.38 1.33 1.33 1.33 1.33 1.33 1.33 1.33 1.33 1.21 1.21 1.21 1.21 1.21 1.21 1.77 1.77 1.21 1.21 1.21 1.21 1.21 1.21 1.21 1.21 1.33 1.33 1.33 1.33 1.33 1.33 1.33 1.33 1.33 1.33 1.33 1.33 1.33 1.33 1.33 1.95 1.87 1.28 1.28 4.99 3.87 3.87 3.87 4.22
0.00 0.00 3.68 1.10 1.10 3.68 3.68 0.94 0.94 0.94 0.94 0.94 1.46 1.46 1.46 1.46 1.46 1.46 1.46 1.46 1.46 1.46 1.46 1.46 1.46 1.46 1.46 1.46 1.33 1.33 1.33 1.33 1.33 1.33 1.33 4.39 1.33 1.33 1.33 1.33 1.33 1.33 1.33 1.33 1.42 1.42 1.42 1.42 1.42 1.42 1.42 2.08 1.42 1.42 1.42 1.42 1.42 1.42 1.42 1.42 1.31 1.31 1.31 1.31 1.31 1.31 1.31 1.31 1.31 1.31 1.31 1.31 1.31 1.31 1.31 1.31 1.30 1.30 0.89 0.89 1.05 3.50 2.70 2.67
0.00 0.00 1.10 3.68 1.10 2.84 1.37 0.94 0.94 0.94 0.94 0.94 1.46 1.46 1.46 1.46 2.14 2.14 1.46 1.46 1.46 1.46 1.46 1.46 1.46 1.46 1.46 1.46 1.33 1.33 1.33 1.33 1.33 1.33 1.33 4.39 1.33 1.33 1.33 1.33 1.33 1.33 1.33 1.33 1.42 1.42 1.42 1.42 1.42 1.42 1.42 1.42 1.42 1.42 1.42 1.42 1.42 1.42 1.42 1.42 1.31 1.31 1.31 1.31 1.31 1.31 1.31 1.31 1.31 1.31 1.31 1.31 1.31 1.31 1.31 1.31 0.89 1.30 0.89 0.89 3.50 3.50 2.70 0.00
0.00 0.00 2.32 1.10 3.68 0.94 0.94 0.94 0.94 0.94 0.94 0.94 1.46 1.46 1.46 1.46 1.46 2.14 1.46 1.46 1.46 1.46 1.46 1.46 1.46 1.46 1.46 1.46 1.33 1.95 1.33 1.33 1.33 1.33 1.33 1.33 1.33 1.33 1.33 1.33 1.33 1.33 1.33 1.33 1.42 1.42 1.42 1.42 1.42 1.42 1.42 1.42 1.42 1.42 1.42 1.42 1.42 1.42 1.42 1.42 1.31 1.31 1.31 1.31 1.31 1.31 1.31 1.31 1.31 1.31 1.31 1.31 1.31 1.31 1.31 1.31 0.89 0.89 0.89 0.89 3.50 2.96 3.39 0.00
0.00 0.00 0.29 3.68 3.68 1.37 0.94 0.94 0.94 0.94 0.94 0.94 1.46 1.46 1.46 1.46 1.46 1.46 1.46 1.46 1.46 1.46 1.46 1.46 1.46 1.46 1.46 1.46 1.33 1.95 1.95 1.33 1.33 1.33 1.33 1.33 1.95 1.33 1.33 1.33 1.33 1.33 1.33 1.33 1.42 1.42 1.42 1.42 1.42 1.42 1.42 1.42 1.42 1.42 1.42 1.42 1.42 1.42 1.42 1.42 1.31 1.31 1.31 1.31 1.31 1.31 1.31 1.31 1.31 1.31 1.31 1.31 1.31 1.31 1.31 1.31 0.89 0.89 0.89 0.89 1.05 2.67 0.00 0.00
0.00 0.00 0.00 3.68 1.10 0.28 0.94 1.37 1.37 0.94 1.37 1.37 1.46 1.46 1.46 2.14 2.14 1.46 1.46 1.46 1.46 1.46 1.46 1.46 1.46 1.46 1.46 1.46 1.33 1.33 1.33 1.33 1.33 1.33 1.33 1.95 1.95 1.33 1.33 1.33 1.95 1.33 1.33 1.33 1.42 1.42 1.42 1.42 1.42 1.42 1.42 1.42 1.42 1.42 1.42 1.42 1.42 1.42 1.42 1.42 1.31 1.31 1.31 1.31 1.31 1.31 1.31 1.31 1.31 1.31 1.31 1.31 1.31 1.31 1.31 1.31 0.89 0.89 0.89 0.89 1.05 1.02 0.00 0.00
0.00 0.00 0.00 0.96 2.32 1.10 2.84 1.37 0.94 0.94 0.94 0.94 1.46 1.46 1.46 1.46 1.46 1.46 1.46 1.46 1.46 1.46 1.46 1.46 1.46 1.46 1.46 1.46 1.33 1.33 1.33 1.33 1.33 1.33 1.33 1.33 1.33 1.33 1.33 1.33 1.33 1.33 1.33 1.33 1.42 1.42 1.42 1.42 1.42 1.42 1.42 1.42 1.42 1.42 1.42 1.42 1.42 1.42 1.42 1.42 1.92 1.31 1.31 1.31 1.31 1.31 1.31 1.31 1.31 1.31 1.31 1.31 1.31 1.31 1.31 1.31 0.89 0.89 0.89 0.89 1.05 3.39 0.00 0.00
