New_Model_Runs/12_Future_RCP4.5_Scn2_out/post_prcessed_with_MFR/Monthly_summaries/actual_et_monthly_JAN.asc
NCOLS 700
NROWS 400
XLLCENTER 515000.000000
YLLCENTER 8409000.000000
CELLSIZE 50.000000
NODATA_value -999.000000
[rows 152 to 189 of 400, columns 252 to 335 of 700]
0.00 0.00 0.00 0.00 0.00 0.00 0.00 0.00 0.00 0.00 0.00 0.00 0.00 0.00 0.00 0.00 0.00 0.00 0.00 0.00 0.00 0.00 0.00 0.00 0.00 0.00 0.00 0.00 0.00 0.00 0.00 0.00 0.00 0.00 0.00 0.00 0.00 0.00 0.00 0.00 0.00 0.00 0.00 0.00 0.00 0.00 0.00 0.99 0.99 0.99 0.99 0.99 1.51 1.51 1.51 1.51 1.51 1.51 1.51 1.51 1.51 1.51 1.51 1.51 1.51 1.51 1.51 1.51 1.37 1.37 1.37 1.37 1.37 1.37 1.37 5.16 1.37 1.37 1.37 5.13 5.13 5.13 5.13 5.13
0.00 0.00 0.00 0.00 0.00 0.00 0.00 0.00 0.00 0.00 0.00 0.00 0.00 0.00 0.00 0.00 0.00 0.00 0.00 0.00 0.00 0.00 0.00 0.00 0.00 0.00 0.00 0.00 0.00 0.00 0.00 0.00 0.00 0.00 0.00 0.00 0.00 0.00 0.00 0.00 0.00 0.00 0.00 0.00 0.00 0.00 0.99 0.99 0.99 0.99 0.99 0.99 1.51 1.51 1.51 1.51 1.51 1.51 1.51 1.51 1.51 1.51 1.51 1.51 1.51 1.51 1.51 1.51 1.37 1.37 1.37 1.37 1.37 1.37 5.13 5.13 1.37 1.37 1.37 5.13 5.13 4.13 5.16 5.16
0.00 0.00 0.00 0.00 0.00 0.00 0.00 0.00 0.00 0.00 0.00 0.00 0.00 0.00 0.00 0.00 0.00 0.00 0.00 0.00 0.00 0.00 0.00 0.00 0.00 0.00 0.00 0.00 0.00 0.00 0.00 0.00 0.00 0.00 0.00 0.00 0.00 0.00 0.00 0.00 0.00 0.00 0.00 0.00 0.00 0.99 0.99 0.99 0.99 0.99 0.99 0.99 1.51 1.51 1.51 1.51 1.51 1.51 1.51 1.51 1.51 1.51 1.51 1.51 1.51 1.51 1.51 1.51 1.37 1.37 2.00 1.37 1.37 5.13 5.13 5.13 1.54 5.13 5.13 4.13 1.37 0.41 4.14 2.00
0.00 0.00 0.00 0.00 0.00 0.00 0.00 0.00 0.00 0.00 0.00 0.00 0.00 0.00 0.00 0.00 0.00 0.00 0.00 0.00 0.00 0.00 0.00 0.00 0.00 0.00 0.00 0.00 0.00 0.00 0.00 0.00 0.00 0.00 0.00 0.00 0.00 0.00 0.00 0.00 0.00 0.00 0.00 0.00 0.00 0.99 0.99 0.99 0.99 0.99 0.99 0.99 1.51 1.51 1.51 1.51 1.51 1.51 1.51 1.51 1.51 1.51 1.51 1.51 1.51 1.51 1.51 1.51 1.37 1.37 1.37 1.37 1.37 1.37 5.13 1.54 5.13 1.37 4.14 1.37 1.37 1.37 1.37 2.00
0.00 0.00 0.00 0.00 0.00 0.00 0.00 0.00 0.00 0.00 0.00 0.00 0.00 0.00 0.00 0.00 0.00 0.00 0.00 0.00 0.00 0.00 0.00 0.00 0.00 0.00 0.00 0.00 0.00 0.00 0.00 0.00 0.00 0.00 0.00 0.00 0.00 0.00 0.00 0.00 0.00 0.00 0.00 0.00 3.89 0.99 0.99 0.99 0.99 0.99 0.99 0.99 1.51 1.51 1.51 1.51 1.51 1.51 1.51 1.51 1.51 1.51 1.51 1.51 1.51 1.51 1.51 1.51 1.37 1.37 1.37 1.37 1.37 1.37 1.37 3.52 1.37 1.37 1.37 1.37 1.37 1.37 1.37 2.00
0.00 0.00 0.00 0.00 0.00 0.00 0.00 0.00 0.00 0.00 0.00 0.00 0.00 0.00 0.00 0.00 0.00 0.00 0.00 0.00 0.00 0.00 0.00 0.00 0.00 0.00 0.00 0.00 0.00 0.00 0.00 0.00 0.00 0.00 0.00 0.00 0.00 0.00 0.00 0.00 0.00 0.00 0.00 0.00 0.99 0.99 0.99 0.99 0.99 0.99 0.99 0.99 1.51 1.51 1.51 1.51 1.51 1.51 1.51 1.51 1.51 1.51 1.51 1.51 1.51 1.51 1.51 1.51 1.37 1.37 1.37 1.37 1.37 1.37 1.37 5.13 1.37 1.37 1.37 1.37 1.37 1.37 1.37 2.00
0.00 0.00 0.00 0.00 0.00 0.00 0.00 0.00 0.00 0.00 0.00 0.00 0.00 0.00 0.00 0.00 0.00 0.00 0.00 0.00 0.00 0.00 0.00 0.00 0.00 0.00 0.00 3.77 0.00 0.00 0.00 0.00 0.00 0.00 0.00 0.00 0.00 0.00 0.00 0.00 0.00 0.00 0.00 0.00 0.99 0.99 0.99 0.99 0.99 0.99 0.99 0.99 1.51 1.51 1.51 1.51 1.51 1.51 1.51 1.51 1.51 1.51 1.51 1.51 1.51 1.51 1.51 1.51 1.37 1.37 1.37 1.37 1.37 1.37 1.37 5.13 1.37 1.37 1.37 1.37 1.37 1.37 1.37 1.37
0.00 0.00 0.00 0.00 0.00 0.00 0.00 0.00 0.00 0.00 0.00 0.00 0.00 0.00 0.00 0.00 0.00 0.00 0.00 0.00 0.00 0.00 0.00 0.00 0.00 0.00 0.96 0.96 0.00 0.00 0.00 0.00 0.00 0.00 0.00 0.00 0.00 0.00 0.00 0.00 0.00 0.00 0.00 0.00 0.00 0.00 0.99 0.99 0.99 0.99 0.99 0.99 1.51 1.51 1.51 1.51 1.51 1.51 1.51 1.51 1.51 1.51 1.51 1.51 1.51 1.51 1.51 1.51 1.37 1.37 1.37 1.37 4.13 5.13 5.13 5.13 5.13 1.37 1.37 1.37 1.37 1.37 1.37 1.37
0.00 0.00 0.00 0.00 0.00 0.00 0.00 0.00 0.00 0.00 0.00 0.00 0.00 0.00 0.00 0.00 0.00 0.00 0.00 0.00 0.00 0.00 0.00 0.00 0.00 0.96 0.96 0.96 0.96 0.00 0.00 0.00 0.00 0.00 0.00 0.00 0.00 0.00 0.00 0.00 0.00 0.00 0.00 0.00 0.00 0.00 0.00 0.00 0.99 0.99 0.99 1.45 1.51 1.51 1.51 1.51 1.51 1.51 1.51 1.51 1.51 1.51 1.51 1.51 1.51 1.51 1.51 1.51 1.37 1.37 1.37 1.37 5.13 5.13 1.54 1.54 4.13 1.37 1.37 1.37 1.37 1.37 1.37 1.37
0.00 0.00 0.00 0.00 0.00 0.00 0.00 0.00 0.00 0.00 0.00 0.00 0.00 0.00 0.00 0.00 0.00 0.00 0.00 0.00 0.00 0.00 0.00 0.00 0.00 0.96 0.96 0.96 0.96 0.96 0.96 0.00 0.00 0.00 0.00 0.00 0.00 0.00 0.00 0.00 0.00 0.00 0.00 0.00 0.00 0.00 0.00 0.00 0.00 0.00 0.99 0.99 1.51 1.51 1.51 1.51 1.51 1.51 1.51 1.51 1.51 1.51 1.51 1.51 1.51 1.51 1.51 1.51 1.37 1.37 4.13 5.13 4.13 3.52 5.13 1.37 2.00 4.13 1.37 1.37 1.37 1.37 1.37 1.37
0.00 0.00 0.00 0.00 0.00 0.00 0.00 0.00 0.00 0.00 0.00 0.00 0.00 0.00 0.00 0.00 0.00 0.00 0.00 0.00 0.00 0.00 0.00 0.00 0.00 1.47 1.47 1.47 1.47 1.47 1.47 0.00 0.00 0.00 0.00 0.00 0.00 0.00 0.00 0.00 0.00 0.00 0.00 0.00 0.00 0.00 0.00 0.00 0.00 0.00 1.33 1.33 1.54 1.54 1.54 1.54 1.54 1.54 1.54 1.54 1.54 1.54 1.54 1.54 1.54 1.54 2.27 1.54 1.50 1.50 4.52 4.52 4.52 4.52 1.50 1.50 5.53 4.52 1.50 1.50 1.50 1.50 1.50 1.50
0.00 0.00 0.00 0.00 0.00 0.00 0.00 0.00 0.00 0.00 0.00 0.00 0.00 0.00 0.00 0.00 0.00 0.00 0.00 0.00 0.00 0.00 0.00 0.00 1.47 1.47 1.47 1.47 1.47 1.47 2.16 2.16 1.47 1.10 1.47 1.47 0.00 0.00 0.00 0.00 0.00 0.00 0.00 0.00 0.00 0.00 0.00 0.00 0.00 0.00 0.40 1.33 1.54 1.54 2.27 1.54 1.54 1.54 1.54 1.54 1.54 1.54 1.54 1.54 1.54 1.54 1.54 1.54 1.50 1.50 4.52 4.52 4.52 4.52 1.50 1.50 5.53 5.53 1.50 1.50 1.50 1.50 1.50 1.50
0.00 0.00 0.00 0.00 0.00 0.00 0.00 0.00 0.00 0.00 0.00 0.00 0.00 0.00 0.00 0.00 0.00 0.00 0.00 0.00 0.00 0.00 1.10 1.47 1.47 1.47 1.47 1.47 1.47 1.47 1.47 2.16 2.16 2.16 1.47 1.47 1.33 1.33 0.00 0.00 0.00 0.00 0.00 0.00 0.00 0.00 0.00 0.00 0.00 0.00 0.00 5.04 1.54 0.46 1.54 1.54 2.27 1.54 1.54 1.54 1.54 1.54 1.54 1.54 1.54 1.54 1.54 1.54 1.50 1.50 4.53 4.53 4.52 5.53 1.50 1.50 1.50 1.50 1.50 1.50 1.50 1.50 1.50 1.50
0.00 0.00 0.00 0.00 0.00 0.00 0.00 0.00 0.00 0.00 0.00 0.00 0.00 0.00 0.00 0.00 0.00 0.00 0.00 0.00 1.47 1.47 1.47 1.47 1.47 1.47 1.47 1.47 1.47 1.47 1.47 1.47 4.65 1.47 4.65 1.47 1.33 1.33 1.33 1.08 0.00 0.00 0.00 0.00 0.00 0.00 0.00 0.00 0.00 0.00 0.00 3.47 3.77 5.58 5.58 1.54 1.54 2.27 2.27 1.54 1.54 1.54 1.54 1.54 1.54 1.54 1.54 1.54 1.50 1.50 1.50 1.50 4.53 4.80 5.57 1.50 1.50 1.50 1.50 1.50 1.50 1.50 2.20 1.50
0.00 0.00 0.00 0.00 0.00 0.00 0.00 0.00 0.00 0.00 0.00 0.00 0.00 0.00 0.00 0.00 5.46 1.52 0.00 1.10 1.47 1.47 1.47 1.47 1.47 1.47 1.47 1.47 1.47 1.47 1.47 1.47 1.47 1.47 1.47 1.47 1.33 1.96 1.96 4.04 1.96 0.00 0.00 0.00 0.00 0.00 0.00 0.00 0.00 0.00 0.00 3.47 3.77 5.58 5.58 5.58 4.63 4.63 1.54 1.54 1.54 2.27 2.27 1.54 1.54 1.54 1.54 1.54 1.50 1.50 1.50 1.50 1.50 4.53 4.53 1.50 1.50 1.50 1.50 1.50 1.50 1.50 1.50 1.50
0.00 0.00 0.00 0.00 0.00 0.00 0.00 0.00 0.00 0.00 0.00 0.00 0.00 0.00 0.00 0.00 1.52 1.52 1.52 1.52 1.47 1.47 1.47 2.16 2.16 1.47 1.47 1.47 1.47 1.47 1.47 1.47 1.47 1.47 1.47 1.47 1.33 1.96 1.96 1.96 1.96 0.00 0.00 0.00 0.00 0.00 0.00 0.00 0.00 0.00 0.00 1.51 3.77 1.67 5.58 5.58 4.87 4.64 1.54 1.54 2.27 2.27 2.27 2.27 1.54 1.54 1.54 1.54 1.50 1.50 1.50 1.50 1.50 4.53 4.53 1.50 1.50 1.50 1.50 2.20 2.20 1.50 1.50 1.50
0.00 0.00 0.00 0.00 0.00 0.00 0.00 0.00 0.00 0.00 0.00 0.00 0.00 5.46 1.52 5.46 1.52 1.52 1.52 1.52 1.47 1.47 1.47 1.47 1.47 1.47 1.47 1.47 1.47 1.47 1.47 1.47 1.47 1.47 1.47 1.47 1.33 1.33 1.96 1.96 1.96 0.00 0.00 0.00 0.00 0.00 0.00 0.00 0.00 0.00 0.40 0.40 3.77 1.67 5.58 4.63 4.87 4.64 1.54 1.54 1.54 1.54 1.54 1.54 1.54 1.54 1.54 1.54 1.50 1.50 1.50 1.50 1.50 1.50 1.50 1.50 1.50 1.50 1.50 1.50 2.20 2.20 1.50 1.50
0.00 0.00 0.00 0.00 0.00 0.00 0.00 0.00 0.00 0.00 0.00 0.00 5.46 1.52 1.52 1.52 1.52 1.52 1.52 1.52 1.47 1.47 1.47 1.47 1.47 1.47 1.47 1.47 1.47 1.47 1.47 1.47 1.47 1.47 1.47 2.16 1.96 1.96 1.96 1.33 1.02 0.00 0.00 0.00 0.00 0.00 0.00 0.00 0.00 0.40 1.33 1.33 1.54 5.58 5.58 5.58 4.87 4.89 1.54 1.54 1.54 2.27 1.54 1.54 1.54 1.54 1.54 1.54 1.50 1.50 1.50 1.50 1.50 1.50 1.50 1.50 1.50 1.50 1.50 2.20 1.50 1.50 1.50 1.50
0.00 0.00 0.00 0.00 0.00 0.00 0.00 0.00 0.00 0.00 0.00 0.00 1.52 1.52 2.23 1.52 1.52 1.52 1.52 2.23 2.16 1.47 1.47 1.47 1.47 1.47 1.47 1.47 1.47 1.47 1.47 1.47 1.47 2.16 2.16 2.16 1.96 1.96 1.33 0.40 5.04 0.00 0.00 0.00 0.00 0.00 0.00 0.00 0.40 1.33 1.33 1.33 1.54 4.64 4.63 5.58 2.27 4.87 4.63 4.63 1.54 1.54 1.54 1.54 1.54 1.54 1.54 1.54 1.50 1.50 1.50 1.50 1.50 1.50 1.50 1.50 1.50 1.50 1.50 1.50 1.50 1.50 1.50 1.50
0.00 0.00 0.00 0.00 0.00 0.00 0.00 0.00 0.00 0.00 0.00 5.46 1.52 1.52 2.23 1.52 1.52 1.52 1.52 1.52 1.47 1.47 1.47 1.47 1.47 1.47 1.47 1.47 1.47 1.47 1.47 1.47 2.16 2.16 2.16 2.16 1.96 1.96 5.09 0.40 5.04 5.04 0.00 0.00 0.00 0.00 0.00 1.51 1.33 1.33 1.33 1.33 1.54 1.54 4.63 5.58 5.58 5.58 4.63 1.46 4.89 1.54 1.54 1.54 1.54 1.54 1.54 1.54 1.50 1.50 1.50 1.50 1.50 1.50 1.50 1.50 1.50 1.50 1.50 1.50 1.50 1.50 1.50 1.50
0.00 0.00 0.00 0.00 0.00 0.00 0.00 0.00 0.00 0.00 1.52 1.52 1.52 1.52 2.23 1.52 1.52 1.52 1.52 1.52 1.47 1.47 1.47 1.47 1.47 1.47 1.47 1.47 1.47 1.47 1.47 1.47 1.47 2.16 1.47 1.47 1.33 1.96 1.96 1.96 1.96 3.47 3.47 3.47 0.00 0.31 1.51 3.47 1.33 1.33 1.33 1.33 1.54 1.54 1.54 5.58 4.63 4.63 1.54 1.54 1.54 1.54 1.54 1.54 1.54 1.54 1.54 1.54 1.50 1.50 1.50 1.50 1.50 1.50 1.50 1.50 1.50 1.50 1.50 1.50 1.50 1.50 1.50 1.50
0.00 0.00 0.00 0.00 0.00 0.00 0.00 0.00 0.00 0.00 1.52 1.52 1.52 1.52 1.52 1.52 1.52 1.52 1.52 1.52 1.47 1.47 1.47 1.47 1.47 1.47 1.47 1.47 1.47 1.47 1.47 1.47 1.47 1.47 1.47 1.47 1.33 1.33 1.96 1.96 5.04 1.51 1.51 3.47 3.47 1.51 1.51 1.33 1.96 1.33 1.96 1.33 1.54 1.54 1.54 1.54 1.54 1.54 1.54 1.54 1.54 1.54 1.54 1.54 1.54 1.54 1.54 1.54 1.50 1.50 1.50 1.50 1.50 1.50 1.50 1.50 1.50 1.50 1.50 1.50 1.50 1.50 1.50 1.50
0.00 0.00 0.00 0.00 0.00 0.00 0.00 0.00 0.00 0.00 0.00 1.52 1.52 1.52 1.52 1.52 1.52 1.52 1.52 1.52 1.47 1.47 1.47 1.47 1.47 1.47 1.47 1.47 1.47 1.47 1.47 1.47 1.47 1.47 1.47 1.47 1.33 1.96 1.33 1.96 1.53 5.04 1.51 3.47 1.52 4.04 4.04 4.04 1.33 1.96 4.04 1.33 1.54 1.54 1.54 1.54 1.54 1.54 1.54 1.54 1.54 2.27 1.54 1.54 1.54 1.54 1.54 1.54 1.50 1.50 1.50 1.50 1.50 1.50 1.50 1.50 1.50 1.50 1.50 1.50 1.50 1.50 1.50 1.50
0.00 0.00 0.00 0.00 0.00 0.00 0.00 0.00 0.00 0.00 0.00 1.52 1.52 1.52 1.52 1.52 1.52 1.52 1.52 1.52 1.47 1.47 1.47 1.47 1.47 1.47 1.47 1.47 1.47 1.47 1.47 1.47 1.47 1.47 1.47 1.47 1.33 1.33 1.96 1.33 4.05 5.04 5.04 5.07 4.04 4.04 4.04 1.33 1.33 1.33 4.04 1.33 1.54 1.54 1.54 1.54 1.54 1.54 1.54 1.54 1.54 1.54 1.54 1.54 1.54 1.54 1.54 1.54 1.50 1.50 1.50 1.50 1.50 1.50 1.50 1.50 1.50 1.50 1.50 1.50 1.50 1.50 1.50 1.50
0.00 0.00 0.00 0.00 0.00 0.00 0.00 0.00 0.00 0.00 0.00 1.10 1.52 1.52 1.52 1.52 1.52 1.52 1.52 1.52 1.47 1.47 1.47 1.47 1.47 1.47 1.47 1.47 1.47 1.47 1.47 1.47 1.47 1.47 2.16 1.47 1.33 1.33 1.33 1.33 4.05 5.04 5.04 5.07 4.34 4.04 4.04 1.33 1.33 1.33 1.33 1.33 1.54 1.54 1.54 1.54 1.54 1.54 1.54 1.54 1.54 1.54 1.54 1.54 1.54 1.54 1.54 1.54 1.50 1.50 1.50 1.50 1.50 1.50 1.50 1.50 1.50 1.50 1.50 1.50 1.50 1.50 1.50 1.50
0.00 0.00 0.00 0.00 0.00 0.00 0.00 0.00 0.00 0.00 0.00 1.52 1.52 1.52 1.52 1.52 1.52 1.52 1.52 1.52 1.47 1.47 1.47 1.47 1.47 1.47 1.47 1.47 1.47 1.47 1.47 1.47 1.47 2.16 2.16 1.47 4.23 1.96 1.33 4.04 4.04 4.32 5.04 5.07 4.34 4.04 1.33 1.33 1.33 1.33 1.33 1.33 1.54 1.54 1.54 1.54 1.54 1.54 1.54 1.54 1.54 1.54 1.54 1.54 1.54 1.54 1.54 1.54 1.50 1.50 1.50 1.50 1.50 1.50 1.50 1.50 1.50 1.50 1.50 1.50 1.50 1.50 1.50 1.50
0.00 0.00 0.00 0.00 1.45 0.00 0.00 0.00 0.00 0.00 1.45 1.45 1.45 1.45 1.45 1.45 1.45 1.45 1.45 1.45 1.47 1.47 1.47 1.47 1.47 1.47 1.47 1.47 1.47 1.47 1.47 2.15 1.47 1.47 2.15 2.15 2.03 1.38 1.38 1.38 4.19 4.19 4.19 4.19 4.19 1.38 1.38 1.38 1.38 1.38 1.38 1.38 1.43 1.43 1.43 1.43 1.43 1.43 1.43 1.43 1.43 1.43 1.43 1.43 1.43 1.43 1.43 1.43 1.24 1.24 1.24 1.24 1.24 4.13 1.24 1.24 1.24 1.82 1.24 1.24 1.24 1.24 1.24 1.24
0.00 0.00 0.00 1.56 1.45 1.45 0.00 0.00 0.00 2.13 2.13 1.45 1.45 1.45 1.45 1.45 1.45 1.45 1.45 1.45 1.47 1.47 1.47 1.47 1.47 1.47 1.47 1.47 1.47 1.47 1.47 1.47 1.47 1.47 2.15 1.47 1.38 2.03 2.03 1.38 4.19 4.19 4.19 4.19 4.19 4.19 1.38 1.38 1.38 1.38 1.38 1.38 1.43 1.43 1.43 1.43 1.43 1.43 1.43 1.43 1.43 1.43 1.43 1.43 1.43 1.43 1.43 1.43 1.24 1.24 1.24 1.24 1.24 4.13 1.24 1.24 1.24 1.24 1.24 1.24 1.24 1.24 1.24 1.24
1.56 1.56 1.56 2.29 1.45 1.45 1.45 1.45 1.45 2.13 2.13 1.45 1.45 1.45 1.45 1.45 1.45 1.45 1.45 1.45 1.47 1.47 1.47 1.47 1.47 1.47 1.47 1.47 1.47 1.47 1.47 1.47 1.47 1.47 1.47 1.47 1.38 1.38 1.38 1.38 4.19 4.19 4.19 4.19 4.19 4.19 1.38 1.38 1.38 1.38 1.38 1.38 1.43 1.43 1.43 1.43 1.43 1.43 1.43 1.43 1.43 1.43 1.43 1.43 1.43 1.43 1.43 1.43 1.24 1.24 4.13 1.24 1.24 1.24 1.24 1.24 1.24 1.24 1.24 1.24 1.24 1.24 1.24 1.24
1.56 1.56 1.56 1.56 1.45 1.45 1.45 1.45 1.45 2.13 1.45 2.13 1.45 1.45 1.45 1.45 1.45 1.45 1.45 1.45 1.47 1.47 1.47 1.47 1.47 1.47 1.47 1.47 1.47 1.47 1.47 1.47 1.47 1.47 1.47 1.47 1.38 4.19 4.19 4.19 4.19 4.19 4.19 4.19 4.19 4.19 1.38 1.38 1.38 1.38 1.38 1.38 1.43 1.43 1.43 1.43 1.43 1.43 1.43 1.43 1.43 1.43 1.43 1.43 1.43 1.43 1.43 1.43 1.24 1.24 1.24 1.24 1.24 4.13 1.24 1.24 1.24 1.24 1.24 1.24 1.24 1.24 1.24 4.13
1.56 1.56 1.56 1.56 1.45 1.45 1.45 1.45 1.45 1.45 2.13 2.13 1.45 1.45 1.45 1.45 1.45 1.45 1.45 1.45 1.47 1.47 1.47 1.47 1.47 1.47 1.47 1.47 1.47 1.47 1.47 1.47 1.47 1.47 1.47 1.47 1.38 1.38 1.38 4.19 5.25 2.03 1.38 1.38 4.19 4.19 1.38 2.03 1.38 1.38 1.38 1.38 1.43 1.43 1.43 1.43 1.43 1.43 1.43 1.43 1.43 1.43 1.43 1.43 1.43 1.43 1.43 1.43 1.24 1.24 1.24 1.24 1.24 1.82 1.24 1.24 1.24 1.24 1.24 1.24 1.24 1.24 4.13 4.13
1.56 1.56 1.56 1.56 1.45 1.45 1.45 1.45 1.45 1.45 1.45 1.45 1.45 2.13 1.45 1.45 1.45 1.45 1.45 1.45 1.47 1.47 1.47 1.47 1.47 1.47 1.47 1.47 1.47 1.47 1.47 1.47 1.47 1.47 1.47 1.47 1.38 1.38 1.38 5.25 1.38 1.38 1.38 1.38 4.19 4.19 1.38 2.03 1.38 1.38 1.38 1.38 1.43 1.43 1.43 1.43 1.43 1.43 1.43 1.43 1.43 1.43 1.43 1.43 1.43 1.43 1.43 1.43 1.24 1.24 1.24 1.24 1.24 1.82 1.82 1.24 1.24 1.82 4.13 1.24 1.24 1.24 4.13 4.13
1.56 1.56 1.56 1.56 1.45 1.45 1.45 1.45 1.45 1.45 1.45 2.13 1.45 2.13 2.13 1.45 1.45 1.45 1.45 1.45 1.47 1.47 1.47 1.47 1.47 1.47 1.47 1.47 1.47 1.47 1.47 1.47 1.47 1.47 1.47 1.47 1.38 1.38 2.03 4.38 1.38 1.38 1.38 1.38 4.19 4.19 1.38 1.38 1.38 1.38 1.38 1.38 1.43 1.43 1.43 1.43 1.43 1.43 1.43 1.43 1.43 1.43 1.43 1.43 1.43 1.43 1.43 1.43 1.24 1.24 1.24 1.24 1.24 1.24 1.24 1.82 1.82 1.24 1.24 1.24 4.13 4.13 4.13 4.13
1.56 1.56 1.56 1.56 1.45 1.45 1.45 1.45 1.45 1.45 1.45 2.13 2.13 1.45 1.45 1.45 1.45 1.45 1.45 1.45 1.47 1.47 1.47 1.47 1.47 1.47 1.47 1.47 1.47 1.47 1.47 1.47 1.47 1.47 1.47 1.47 1.38 1.38 1.38 5.25 1.38 1.38 1.38 1.38 4.19 1.38 1.38 1.38 1.38 1.38 1.38 1.38 1.43 1.43 1.43 1.43 1.43 1.43 1.43 1.43 1.43 1.43 1.43 1.43 1.43 1.43 1.43 1.43 1.24 1.24 1.24 1.24 1.24 1.24 1.24 1.24 1.24 1.82 1.24 1.24 4.13 4.13 4.13 4.13
1.56 1.56 1.56 1.56 1.45 1.45 1.45 1.45 1.45 1.45 1.45 1.45 1.45 1.45 1.45 1.45 1.45 1.45 1.45 1.45 1.47 1.47 1.47 1.47 1.47 1.47 1.47 1.47 1.47 1.47 1.47 1.47 1.47 1.47 1.47 1.47 1.38 1.38 1.38 1.38 1.38 1.38 1.38 1.38 1.38 1.38 1.38 1.38 1.38 1.38 1.38 1.38 1.43 1.43 1.43 1.43 1.43 1.43 1.43 1.43 1.43 1.43 1.43 1.43 1.43 1.43 1.43 1.43 1.24 1.24 1.24 1.24 1.24 1.24 1.24 1.24 1.24 1.24 1.24 1.24 4.13 4.13 4.13 4.13
1.56 1.56 1.56 1.56 1.45 1.45 1.45 1.45 1.45 1.45 1.45 1.45 1.45 1.45 1.45 1.45 1.45 1.45 1.45 1.45 1.47 1.47 1.47 1.47 1.47 1.47 1.47 1.47 1.47 1.47 1.47 1.47 1.47 1.47 1.47 1.47 1.38 1.38 1.38 1.38 1.38 1.38 1.38 1.38 1.38 1.38 1.38 1.38 1.38 1.38 1.38 1.38 1.43 1.43 1.43 1.43 1.43 1.43 1.43 1.43 1.43 1.43 1.43 1.43 1.43 1.43 1.43 1.43 1.24 1.24 1.24 1.24 1.24 1.24 1.24 1.24 1.24 1.24 1.24 1.24 4.13 4.13 4.13 4.13
1.56 1.56 1.56 1.56 1.45 1.45 1.45 1.45 1.45 1.45 1.45 1.45 1.45 1.45 1.45 1.45 1.45 1.45 1.45 1.45 1.47 1.47 1.47 1.47 1.47 1.47 1.47 1.47 1.47 1.47 1.47 1.47 1.47 1.47 1.47 1.47 1.38 1.38 1.38 1.38 1.38 1.38 1.38 1.38 1.38 1.38 1.38 1.38 1.38 1.38 1.38 1.38 1.43 1.43 4.72 1.43 1.43 1.43 1.43 1.43 1.43 1.43 1.43 1.43 1.43 1.43 1.43 1.43 1.24 1.24 1.24 1.24 1.24 1.24 1.24 1.24 1.24 1.24 1.24 1.24 4.13 4.13 4.13 4.13
1.56 1.56 1.56 1.56 1.45 1.45 1.45 1.45 1.45 1.45 1.45 1.45 1.45 1.45 1.45 1.45 1.45 1.45 1.45 1.45 1.47 1.47 1.47 1.47 1.47 1.47 1.47 1.47 1.47 1.47 1.47 1.47 1.47 1.47 1.47 1.47 1.38 1.38 1.38 1.38 1.38 1.38 1.38 1.38 1.38 1.38 1.38 1.38 1.38 1.38 1.38 1.38 1.43 1.43 1.43 1.43 1.43 1.43 1.43 1.43 1.43 1.43 1.43 1.43 1.43 1.43 1.43 1.43 1.24 1.24 1.24 1.24 1.24 1.24 1.24 1.24 1.24 1.24 1.24 1.24 1.24 4.13 4.13 4.13
