New_Model_Runs/12_Future_RCP4.5_Scn2_out/post_prcessed_with_MFR/Monthly_summaries/interception_monthly_JAN.asc
NCOLS 700
NROWS 400
XLLCENTER 515000.000000
YLLCENTER 8409000.000000
CELLSIZE 50.000000
NODATA_value -999.000000
[rows 76 to 113 of 400, columns 336 to 419 of 700]
0.00 0.00 0.00 0.00 0.00 0.00 0.00 0.00 0.00 0.00 0.00 0.00 0.00 0.00 0.00 0.00 0.00 0.00 0.00 0.00 0.00 0.00 0.00 0.00 0.00 0.00 0.00 0.00 0.00 0.00 0.00 0.00 0.00 0.00 0.00 0.00 0.00 0.00 0.00 0.00 0.00 0.00 0.00 0.00 0.00 0.00 0.00 0.00 0.00 0.00 0.00 0.00 0.00 0.00 0.00 0.00 0.00 1.77 1.77 1.77 1.76 1.76 1.76 1.76 1.58 1.58 1.58 1.58 1.50 0.73 1.50 0.00 0.00 0.00 0.00 0.00 0.00 0.00 0.00 0.00 0.00 0.00 0.00 0.00
0.00 0.00 0.00 0.00 0.00 0.00 0.00 0.00 0.00 0.00 0.00 0.00 0.00 0.00 0.00 0.00 0.00 0.00 0.00 0.00 0.00 0.00 0.00 0.00 0.00 0.00 0.00 0.00 0.00 0.00 0.00 0.00 0.00 0.00 0.00 0.00 0.00 0.00 0.00 0.00 0.00 0.00 0.00 0.00 0.00 0.00 0.00 0.00 0.73 1.55 1.55 0.00 0.00 0.00 0.00 1.64 1.77 1.77 1.77 1.77 1.76 1.76 1.76 1.76 1.58 1.58 0.73 0.73 0.73 0.00 0.00 0.00 0.00 0.00 0.00 0.00 0.00 0.00 0.00 0.00 0.00 0.00 0.00 0.00
0.00 0.00 0.00 0.00 0.00 0.00 0.00 0.00 0.00 0.00 0.00 0.00 0.00 0.00 0.00 0.00 0.00 0.00 0.00 0.00 0.00 0.00 0.00 0.00 0.00 0.00 0.00 0.00 0.00 0.00 0.00 0.00 0.00 0.00 0.00 0.00 0.00 0.00 0.00 0.00 0.00 0.00 0.00 0.00 0.00 0.00 0.00 0.00 1.55 1.55 1.55 1.55 1.64 1.64 1.64 1.64 1.77 1.77 1.77 1.77 1.76 1.60 1.60 1.76 1.58 0.00 0.00 0.00 0.00 0.00 0.00 0.00 0.00 0.00 0.00 0.00 0.00 0.00 0.00 0.00 0.00 0.00 0.00 0.00
0.00 0.00 0.00 0.00 0.00 0.00 0.00 0.00 0.00 0.00 0.00 0.00 0.00 0.00 0.00 0.00 0.00 0.00 0.00 0.00 0.00 0.00 0.00 0.00 0.00 0.00 0.00 0.00 0.00 0.00 0.00 0.00 0.00 0.00 0.00 0.00 0.00 0.00 0.00 0.00 0.00 0.00 0.00 0.00 0.00 0.00 0.00 0.00 1.55 1.55 1.55 1.55 1.64 1.64 1.64 1.64 1.77 0.00 1.77 1.77 1.60 1.60 1.76 0.74 1.58 0.00 0.00 0.00 0.00 0.00 0.00 0.00 0.00 0.00 0.00 0.00 0.00 0.00 0.00 0.00 0.00 0.00 0.00 0.00
0.00 0.00 0.00 0.00 0.00 0.00 0.00 0.00 0.00 0.00 0.00 0.00 0.00 0.00 0.00 0.00 0.00 0.00 0.00 0.00 0.00 0.00 0.00 0.00 0.00 0.00 0.00 0.00 0.00 0.00 0.00 0.00 0.00 0.00 0.00 0.00 0.00 0.00 0.00 0.00 0.00 0.00 0.00 0.00 0.00 0.00 0.00 1.44 1.59 1.59 1.59 1.59 1.78 1.78 1.78 1.78 1.70 1.70 1.70 1.70 1.51 1.24 1.51 0.73 0.00 0.00 0.00 0.00 0.00 0.00 0.00 0.00 0.00 0.00 0.00 0.00 0.00 0.00 0.00 0.00 0.00 0.00 0.00 0.00
0.00 0.00 0.00 0.00 0.00 0.00 0.00 0.00 0.00 0.00 0.00 0.00 0.00 0.00 0.00 0.00 0.00 0.00 0.00 0.00 0.00 0.00 0.00 0.00 0.00 0.00 0.00 0.00 0.00 0.00 0.00 0.00 0.00 0.00 0.00 0.00 0.00 0.00 0.00 0.00 0.00 0.00 0.00 0.00 0.00 0.00 0.00 1.44 1.59 1.59 1.59 1.59 1.78 1.78 1.78 1.78 1.70 0.00 1.70 1.70 1.51 1.51 1.51 0.00 0.00 0.00 0.00 0.00 0.00 0.00 0.00 0.00 0.00 0.00 0.00 0.00 0.00 0.00 0.00 0.00 0.00 0.00 0.00 0.00
0.00 0.00 0.00 0.00 0.00 0.00 0.00 0.00 0.00 0.00 0.00 0.00 0.00 0.00 0.00 0.00 0.00 0.00 0.00 0.00 0.00 0.00 0.00 0.00 0.00 0.00 0.00 0.00 0.00 0.00 0.00 0.00 0.00 0.00 0.00 0.00 0.00 1.52 1.52 1.52 1.51 0.00 0.00 0.00 0.00 0.00 0.00 1.49 1.67 1.67 1.67 1.67 1.88 1.88 1.88 1.88 0.00 0.00 1.79 1.79 1.57 1.57 1.29 0.00 0.00 0.00 0.00 0.00 0.00 0.00 0.00 0.00 0.00 0.00 0.00 0.00 0.00 0.00 0.00 0.00 0.00 0.00 0.00 1.60
0.00 0.00 0.00 0.00 0.00 0.00 0.00 0.00 0.00 0.00 0.00 0.00 0.00 0.00 0.00 0.00 0.00 0.00 0.00 0.00 0.00 0.00 0.00 0.00 0.00 0.00 0.00 0.00 0.00 0.00 0.00 0.00 0.00 0.00 0.00 0.00 1.52 1.52 1.52 1.52 1.51 1.51 1.51 0.00 0.75 1.49 1.49 1.49 1.67 1.67 1.67 1.67 1.88 0.00 1.88 1.88 1.79 1.79 1.79 1.79 1.57 1.29 0.00 0.00 0.00 0.00 0.00 0.00 0.00 0.00 0.00 0.00 0.00 0.00 0.00 0.00 0.00 0.00 0.00 0.00 1.60 1.60 1.60 1.60
0.00 0.00 0.00 0.00 0.00 0.00 0.00 0.00 0.00 0.00 0.00 0.00 0.00 0.00 0.00 0.00 0.00 0.00 0.00 0.00 0.00 0.00 0.00 0.00 0.00 0.00 0.00 0.00 0.00 0.00 0.00 0.00 0.00 0.00 0.00 1.49 1.56 1.56 1.56 1.56 1.54 1.54 1.54 1.54 1.60 1.65 1.65 1.65 1.84 1.84 1.84 1.84 1.80 1.80 1.80 1.80 1.52 1.52 1.52 1.52 1.42 0.00 0.00 0.00 0.00 0.00 0.00 0.00 0.00 0.00 0.00 0.00 0.00 0.00 0.00 0.00 0.00 0.00 0.00 1.47 1.57 1.57 1.57 1.57
0.00 0.00 0.00 0.00 0.00 0.00 0.00 0.00 0.00 0.00 0.00 0.00 0.00 0.00 0.00 0.00 0.00 0.00 0.00 0.00 0.00 0.00 0.00 0.00 0.00 0.00 0.00 0.00 0.00 0.00 0.00 0.00 0.00 1.49 1.49 1.49 1.56 1.56 1.56 1.56 1.54 1.54 1.54 1.54 1.60 1.60 1.65 1.65 1.84 1.84 1.84 1.84 1.80 1.80 1.80 1.80 1.52 1.52 1.52 1.41 0.00 0.00 0.00 0.00 0.00 0.00 0.00 0.00 0.00 0.00 0.00 0.00 0.00 0.00 0.00 0.00 0.00 0.00 0.00 1.47 1.57 1.45 1.57 1.57
0.00 0.00 0.00 0.00 0.00 0.00 0.00 0.00 0.00 0.00 0.00 0.00 0.00 0.00 0.00 0.00 0.00 0.00 0.00 0.00 0.00 0.00 0.00 0.00 0.00 0.00 0.00 0.00 0.00 0.00 0.00 0.00 0.00 1.49 1.49 1.49 1.56 1.56 1.56 1.56 1.54 1.54 1.54 1.54 1.60 1.60 1.60 1.65 1.84 1.84 1.84 1.84 1.80 1.80 1.80 1.80 1.52 1.52 1.41 0.00 0.00 0.00 0.00 0.00 0.00 0.00 0.00 0.00 0.00 0.00 0.00 0.00 0.00 0.00 0.00 0.00 0.00 0.00 1.47 1.47 1.57 1.57 1.57 1.57
0.00 0.00 0.00 0.00 0.00 0.00 0.00 0.00 0.00 0.00 0.00 0.00 0.00 0.00 0.00 0.00 0.00 0.00 0.00 0.00 0.00 0.00 0.00 0.00 0.00 0.00 0.00 0.00 0.00 0.00 0.00 0.00 0.00 1.49 1.49 1.49 1.56 1.56 1.56 1.56 1.54 1.54 1.54 1.54 1.60 1.60 1.60 1.60 1.84 1.84 1.84 0.00 1.80 1.80 1.80 1.80 1.52 1.26 1.41 0.00 0.00 0.00 0.00 0.00 0.00 0.00 0.00 0.00 0.00 0.00 0.00 0.00 0.00 0.00 0.00 0.00 0.00 1.38 1.47 1.47 1.57 1.57 1.57 1.57
0.00 0.00 0.00 0.00 0.00 0.00 0.00 0.00 0.00 0.00 0.00 0.00 0.00 0.00 0.00 0.00 0.00 0.00 0.00 0.00 0.00 0.00 0.00 0.00 0.00 0.00 0.00 0.00 0.00 0.00 0.00 0.00 0.00 0.00 1.38 1.38 1.50 1.50 1.50 1.50 1.59 1.59 1.59 1.59 1.68 1.68 0.00 0.00 1.35 1.36 0.00 1.72 1.54 1.54 1.54 1.54 1.39 1.39 1.20 1.20 0.00 0.00 0.00 0.00 0.00 0.00 0.00 0.00 0.00 0.00 0.00 0.00 0.00 0.00 0.00 0.00 1.22 1.44 1.44 1.44 1.56 1.56 1.56 1.56
0.00 0.00 0.00 0.00 0.00 0.00 0.00 0.00 0.00 0.00 0.00 0.00 0.00 0.00 0.00 0.00 0.00 0.00 0.00 0.00 0.00 0.00 0.00 0.00 0.00 0.00 0.00 0.00 0.00 0.00 0.00 0.00 0.00 0.00 0.00 1.38 1.50 1.50 1.50 1.50 1.59 1.59 1.59 1.59 1.68 1.68 0.00 0.00 0.00 1.35 1.72 1.72 1.54 1.54 1.54 1.54 1.39 1.39 1.32 0.00 0.00 0.00 0.00 0.00 0.00 0.00 0.00 0.00 0.00 0.00 0.00 0.00 0.00 0.00 0.00 1.36 1.44 1.44 1.44 1.44 1.56 1.56 1.56 1.56
0.00 0.00 0.00 0.00 0.00 0.00 0.00 0.00 0.00 0.00 0.00 0.00 0.00 0.00 0.00 0.00 0.00 0.00 0.00 0.00 0.00 0.00 0.00 0.00 0.00 0.00 0.00 0.00 0.00 0.00 0.00 0.00 0.00 0.00 0.00 1.38 1.50 1.50 1.50 1.50 1.59 1.59 1.59 1.59 1.68 1.68 0.00 1.35 1.68 1.35 1.68 1.72 1.54 1.54 1.54 1.54 1.39 1.39 1.32 0.00 0.00 0.00 0.00 0.00 0.00 0.00 0.00 0.00 0.00 0.00 0.00 0.00 0.00 0.00 1.18 1.36 1.44 1.44 1.44 1.44 1.56 1.56 1.56 1.56
0.00 0.00 0.00 0.00 0.00 0.00 0.00 0.00 0.00 0.00 0.00 0.00 0.00 0.00 0.00 0.00 0.00 0.00 0.00 0.00 0.00 0.00 0.00 1.44 1.45 1.45 0.00 0.00 0.00 0.00 0.00 0.00 0.00 0.00 0.00 0.00 1.50 1.50 1.50 1.50 1.59 1.59 1.59 1.59 1.68 1.68 1.68 1.68 1.68 1.68 1.68 1.68 1.54 1.54 1.54 1.54 1.39 1.39 1.32 0.00 0.00 0.00 0.00 0.00 0.00 0.00 0.00 0.00 1.39 1.39 0.00 0.00 0.00 0.00 1.18 1.36 1.44 1.44 1.44 1.44 1.56 1.56 1.56 1.56
0.00 0.00 0.00 0.00 0.00 0.00 0.00 0.00 0.00 0.00 0.00 0.00 0.00 0.00 0.00 0.00 0.00 0.00 0.00 0.00 0.00 0.00 0.00 1.43 1.43 1.43 1.43 0.00 0.00 0.00 0.00 0.00 0.00 0.00 0.00 0.00 1.46 1.46 1.46 1.46 1.62 1.62 1.62 1.62 1.63 1.63 1.63 1.63 1.54 1.54 1.54 1.54 1.47 1.51 1.51 1.51 1.40 1.40 1.40 0.00 0.00 0.00 1.28 1.28 0.00 0.00 0.00 1.36 1.18 0.00 0.00 0.00 0.00 0.74 1.33 1.27 1.19 1.37 1.19 1.37 1.49 1.49 1.49 1.49
0.00 0.00 0.00 0.00 0.00 0.00 0.00 0.00 0.00 0.00 0.00 0.00 0.00 0.00 0.00 0.00 0.00 0.00 0.00 0.00 0.00 0.00 0.00 1.43 1.43 1.43 1.43 1.43 0.00 0.00 0.00 0.00 0.00 0.00 0.00 0.00 0.00 1.46 1.46 1.46 1.62 1.62 1.62 1.62 1.63 1.63 1.63 1.63 1.54 1.54 1.54 1.54 1.47 1.47 1.51 1.51 1.40 1.40 1.21 1.21 0.74 0.74 1.18 1.18 0.00 0.00 0.00 1.29 1.35 0.00 0.00 0.00 0.00 0.00 1.17 1.27 1.37 1.19 1.19 1.37 1.49 1.49 1.49 1.49
0.00 0.00 0.00 0.00 0.00 0.00 0.00 0.00 0.00 0.00 0.00 0.00 0.00 0.00 0.00 0.00 0.00 0.00 0.00 0.00 0.00 0.00 1.65 1.43 1.43 1.43 1.43 1.43 1.38 0.00 0.00 0.00 0.00 0.00 0.00 0.00 0.00 1.46 1.46 1.46 1.62 1.62 1.62 1.62 1.63 1.63 1.63 1.63 1.54 1.54 1.54 1.54 1.47 1.47 1.47 1.51 1.40 1.40 1.21 1.21 1.35 1.35 1.18 1.35 1.29 0.00 0.00 1.18 1.35 1.35 1.35 1.35 1.33 0.00 0.00 0.00 1.37 1.37 1.37 1.37 1.49 1.49 1.49 1.49
0.00 0.00 0.00 0.00 0.00 0.00 0.00 0.00 0.00 0.00 0.00 0.00 0.00 0.00 0.00 0.00 0.00 0.00 0.00 0.00 0.00 0.00 1.65 1.43 1.43 1.43 1.43 1.43 1.38 1.38 0.00 0.00 0.00 0.00 0.00 0.00 1.46 1.46 1.46 1.46 1.62 1.62 1.62 1.62 1.63 1.63 1.63 1.63 1.54 1.54 1.54 1.54 1.47 1.47 1.47 1.47 1.40 1.40 1.40 1.21 1.18 1.35 1.35 1.35 1.29 1.29 1.18 1.29 1.28 1.28 1.35 1.35 1.33 1.17 0.00 0.00 1.37 1.37 1.37 1.37 1.49 1.49 1.49 1.49
0.00 0.00 0.00 0.00 0.00 0.00 0.00 0.00 0.00 0.00 0.00 0.00 0.00 0.00 0.00 0.00 1.66 0.00 0.00 1.66 1.68 1.68 1.68 1.68 1.47 1.47 1.47 1.47 1.40 1.40 1.40 0.00 0.00 0.00 0.00 0.00 1.48 1.48 1.48 1.48 1.57 1.57 1.57 1.57 1.57 1.57 1.57 1.57 1.56 1.56 1.56 1.56 1.50 1.50 1.50 1.50 1.36 1.36 1.40 1.21 0.75 1.40 1.33 1.40 1.32 1.39 1.39 1.39 1.33 1.33 0.74 1.33 1.30 1.30 1.24 1.15 1.15 0.74 0.74 1.30 0.73 1.39 1.39 1.39
0.00 0.00 0.00 0.00 0.00 0.00 0.00 0.00 1.69 1.69 0.00 0.00 0.00 1.68 1.68 1.68 1.66 1.66 1.66 1.66 1.68 1.68 1.68 1.68 1.47 1.47 1.47 1.47 1.40 1.40 1.40 1.40 1.37 1.37 1.37 1.37 1.48 1.48 1.48 1.48 1.57 1.57 1.57 1.57 1.57 1.57 1.57 1.57 1.56 1.56 1.56 1.56 1.50 1.50 1.50 1.50 1.36 1.36 1.36 1.40 1.40 1.40 1.33 1.21 1.20 1.20 1.39 1.39 1.33 1.17 0.74 1.33 1.30 1.24 1.24 1.30 1.15 1.30 1.30 1.30 1.19 1.19 1.39 1.39
0.00 0.00 0.00 0.00 0.00 0.00 0.00 1.74 1.76 1.76 1.76 1.76 1.75 1.75 1.75 1.75 1.74 1.74 1.74 1.74 1.76 1.76 1.76 1.76 1.54 1.54 1.54 1.54 1.46 1.46 1.46 1.46 1.43 1.43 1.43 1.43 1.55 1.55 1.55 1.55 1.66 1.66 1.66 1.66 1.65 1.65 1.65 1.65 1.63 1.63 1.63 1.63 1.56 1.56 1.56 1.56 1.40 1.40 1.23 1.40 1.45 1.45 1.25 1.25 1.43 1.43 1.43 1.43 1.36 1.30 0.75 0.00 0.00 0.75 1.32 1.32 1.18 1.18 1.18 1.18 1.22 1.42 1.42 1.42
0.00 0.00 0.00 0.00 0.00 0.00 0.00 0.00 1.76 1.76 1.76 1.76 1.75 1.75 1.75 1.75 1.74 1.74 1.74 1.74 1.76 1.76 1.76 1.76 1.78 1.54 1.54 1.54 1.46 1.46 1.46 1.46 1.43 1.43 1.43 1.43 1.55 1.55 1.55 1.55 1.66 1.66 1.66 1.66 1.65 1.65 1.65 1.65 1.63 1.63 1.63 1.63 1.56 1.56 1.56 1.56 1.40 1.40 1.23 1.40 1.41 1.45 1.45 1.45 1.43 1.43 1.43 1.43 1.36 1.30 1.20 0.00 1.27 1.18 1.32 1.32 1.18 0.00 0.00 1.18 1.22 1.42 1.42 1.42
0.00 0.00 0.00 0.00 0.00 0.00 0.00 0.00 1.79 1.79 1.79 1.79 1.83 1.83 1.83 1.83 1.80 1.80 1.80 1.80 1.79 1.79 1.79 1.79 1.82 1.58 1.58 1.58 1.55 1.55 1.55 1.55 1.56 1.56 1.56 1.56 1.60 1.60 1.60 1.60 1.61 1.61 1.61 1.61 1.64 1.64 1.64 1.64 1.67 1.67 1.67 1.67 1.57 1.57 1.57 1.57 1.45 1.45 1.45 1.45 1.48 1.48 1.53 1.53 1.46 1.46 1.46 1.46 1.36 1.36 1.30 1.20 1.17 1.31 1.31 1.31 1.18 1.18 1.18 0.75 0.75 0.75 1.44 1.44
0.00 0.00 0.00 0.00 0.00 0.00 0.00 0.00 1.79 1.79 1.79 1.79 1.83 1.83 1.83 1.83 1.80 1.80 1.80 1.80 1.79 1.79 1.79 1.79 1.82 1.58 1.58 1.58 1.55 1.55 1.55 1.55 1.56 1.56 1.56 1.56 1.60 1.60 1.60 1.60 1.61 1.61 1.61 1.61 1.64 1.64 1.64 1.64 1.67 1.67 1.67 1.67 1.57 1.57 1.57 1.57 1.45 1.45 1.45 1.45 1.48 1.48 1.48 1.53 1.46 1.46 1.46 1.46 1.36 1.36 0.75 1.36 1.31 1.17 0.75 1.31 1.32 1.18 0.75 1.18 1.44 1.44 0.75 1.44
0.00 0.00 0.00 0.00 0.00 0.00 0.00 0.00 1.79 1.79 1.79 1.79 1.83 1.83 1.83 1.83 1.80 1.80 1.80 1.80 1.79 1.79 1.79 1.79 1.82 1.82 1.58 1.58 1.55 1.55 1.55 1.55 1.56 1.56 1.56 1.56 1.60 1.60 1.60 1.60 1.61 1.61 1.61 1.61 1.64 1.64 1.64 1.64 1.67 1.67 1.67 1.67 1.57 1.57 1.57 1.57 1.45 1.45 1.45 1.45 1.48 1.48 1.48 1.48 1.46 1.46 1.46 1.46 1.36 1.36 1.36 1.36 1.31 1.31 1.31 0.75 1.32 1.32 1.18 1.32 1.44 1.44 1.44 1.44
0.00 0.00 0.00 0.00 0.00 0.00 0.00 1.66 1.79 1.79 1.79 1.79 1.83 1.83 1.83 1.83 1.80 1.80 1.80 1.80 1.79 1.79 1.79 1.79 1.82 1.82 1.58 1.58 1.55 1.55 1.55 1.55 1.56 1.56 1.56 1.56 1.60 1.60 1.60 1.60 1.61 1.61 1.61 1.61 1.64 1.64 1.64 1.64 1.67 1.67 1.67 1.67 1.57 1.57 1.57 1.57 1.45 1.45 1.45 1.45 1.48 1.48 1.48 1.48 1.42 1.46 1.46 1.46 1.36 1.36 1.36 1.36 1.31 1.26 1.26 1.17 1.32 1.32 1.18 0.75 1.44 1.44 1.44 1.44
0.00 0.00 0.00 0.00 0.00 0.00 1.66 1.66 1.82 1.82 1.82 1.82 1.87 1.87 1.87 1.87 1.86 1.86 1.86 1.86 1.83 1.83 1.83 1.83 1.83 1.83 1.59 1.59 1.59 1.59 1.59 1.59 1.61 1.61 1.61 1.61 1.63 1.63 1.63 1.63 1.62 1.62 1.62 1.62 1.67 1.67 1.67 1.67 1.69 1.69 1.69 1.69 1.57 1.57 1.57 1.57 1.52 1.52 1.52 1.52 1.56 1.56 1.56 1.56 1.48 1.48 1.52 1.52 1.44 1.44 1.44 1.44 1.39 1.39 1.21 1.21 1.23 1.43 1.43 1.43 1.57 1.57 1.57 1.57
0.00 0.00 0.00 0.00 0.00 0.00 1.66 1.66 1.82 1.82 1.82 1.82 1.87 1.87 1.87 1.87 1.86 1.86 1.86 1.86 1.83 1.83 1.83 1.83 1.83 1.83 1.83 1.59 1.59 1.59 1.59 1.59 1.61 1.61 1.61 1.61 1.63 1.63 1.63 1.63 1.62 1.62 1.62 1.62 1.67 1.67 1.67 1.67 1.69 1.69 1.69 1.69 1.57 1.57 1.57 1.57 1.52 1.52 1.52 1.52 1.56 1.56 1.31 1.56 1.48 1.48 1.48 1.52 1.44 1.44 1.44 1.44 1.39 1.39 0.76 1.21 1.43 1.43 1.43 1.43 1.57 1.57 1.57 1.57
0.00 0.00 0.00 0.00 0.00 0.00 1.66 1.66 1.82 1.82 1.82 1.82 1.87 1.87 1.87 1.87 1.86 1.86 1.86 1.86 1.83 1.83 1.83 1.83 1.83 1.83 1.83 1.59 1.59 1.59 1.59 1.59 1.61 1.61 1.61 1.61 1.63 1.63 1.63 1.63 1.62 1.62 1.62 1.62 1.67 1.67 1.67 1.67 1.69 1.69 1.69 1.69 1.57 1.57 1.57 1.57 1.52 1.52 1.52 1.52 1.56 1.56 1.56 1.56 1.48 1.48 1.48 1.48 1.44 1.44 1.44 1.44 1.39 1.39 1.39 1.39 1.43 1.43 1.43 1.43 1.57 1.57 1.57 1.57
0.00 0.00 0.00 0.00 0.00 1.66 1.66 1.66 1.82 1.82 1.82 1.82 1.87 1.87 1.87 1.87 1.86 1.86 1.86 1.86 1.83 1.83 1.83 1.83 1.83 1.83 1.83 1.83 1.59 1.59 1.59 1.59 1.61 1.61 1.61 1.61 1.63 1.63 1.63 1.63 1.62 1.62 1.62 1.62 1.67 1.67 1.67 1.67 1.69 1.69 1.69 1.69 1.57 1.57 1.57 1.57 1.52 1.52 1.52 1.52 1.56 1.56 1.56 1.56 1.48 1.48 1.48 1.48 1.39 1.44 1.44 1.44 1.39 1.39 1.39 1.39 1.43 1.43 1.43 1.43 1.57 1.57 1.57 1.57
0.00 0.00 0.00 0.00 0.00 1.69 1.69 1.69 1.85 1.85 1.85 1.85 1.89 1.89 1.89 1.89 1.89 1.89 1.89 1.89 1.84 1.84 1.84 1.84 1.81 1.81 1.81 1.81 1.60 1.60 1.60 1.60 1.64 1.64 1.64 1.64 1.66 1.66 1.66 1.66 1.65 1.65 1.65 1.65 1.73 1.73 1.73 1.73 1.74 1.74 1.74 1.74 1.64 1.64 1.64 1.64 1.65 1.65 1.65 1.65 1.65 1.65 1.65 1.65 1.56 1.56 1.56 1.56 1.53 1.53 1.58 1.58 1.55 1.55 1.55 1.55 1.59 1.59 1.59 1.59 1.70 1.70 1.70 1.70
0.00 0.00 0.00 0.00 0.00 1.38 1.69 1.69 1.85 1.85 1.85 1.85 1.89 1.89 1.89 1.89 1.89 1.89 1.89 1.89 1.84 1.84 1.84 1.84 1.81 1.81 1.81 1.81 1.60 1.60 1.60 1.60 1.64 1.64 1.64 1.64 1.66 1.66 1.66 1.66 1.65 1.65 1.65 1.65 1.73 1.73 1.73 1.73 1.74 1.74 1.74 1.74 1.64 1.64 1.64 1.64 1.65 1.65 1.65 1.65 1.65 1.65 1.65 1.65 1.56 1.56 1.56 1.56 1.53 1.53 1.53 1.58 1.55 1.55 1.55 0.97 1.01 1.01 1.01 1.01 1.13 1.13 1.13 1.13
0.00 0.00 0.00 0.00 0.00 1.69 1.69 1.69 1.85 1.85 1.85 1.85 1.89 1.89 1.89 1.89 1.89 1.89 1.89 1.89 1.84 1.84 1.84 1.84 1.81 1.81 1.81 1.81 1.84 1.60 1.60 1.60 1.64 1.64 1.64 1.64 1.66 1.66 1.66 1.66 1.65 1.65 1.65 1.65 1.73 1.73 1.73 1.73 1.74 1.74 1.74 1.74 1.64 1.64 1.64 1.64 1.65 1.65 1.65 1.65 1.65 1.65 1.65 1.65 1.56 1.56 1.56 1.56 1.53 1.53 1.53 1.53 0.97 0.97 0.97 0.97 1.01 1.01 1.01 1.01 1.13 1.13 1.13 1.13
0.00 0.00 0.00 0.00 1.69 1.69 1.69 1.69 1.85 1.85 1.85 1.85 1.89 1.89 1.89 1.89 1.89 1.89 1.89 1.89 1.84 1.84 1.84 1.84 1.81 1.81 1.81 1.81 1.84 1.60 1.60 1.60 1.64 1.64 1.64 1.64 1.66 1.66 1.66 1.66 1.65 1.65 1.65 1.65 1.73 1.73 1.73 1.73 1.74 1.74 1.74 1.74 1.64 1.64 1.64 1.64 1.65 1.65 1.65 1.65 1.65 1.65 1.65 1.65 1.56 1.56 1.56 1.56 1.53 1.53 1.53 1.00 0.97 0.97 0.97 0.97 1.01 1.01 1.01 1.01 1.13 1.13 1.13 1.13
0.00 0.00 0.00 0.00 1.79 1.79 1.79 1.79 1.92 1.92 1.92 1.92 1.92 1.92 1.92 1.92 1.93 1.93 1.93 1.93 1.86 1.86 1.86 1.86 1.85 1.85 1.85 1.85 1.89 1.65 1.65 1.65 1.70 1.70 1.70 1.70 1.72 1.72 1.72 1.72 1.76 1.76 1.76 1.76 1.86 1.86 1.86 1.86 1.85 1.85 1.85 1.85 1.80 1.80 1.80 1.80 1.78 1.78 1.78 1.78 1.76 1.76 1.76 1.76 1.70 1.70 1.70 1.70 1.68 1.68 1.68 1.15 1.12 1.12 1.12 1.12 1.18 1.18 1.18 1.18 1.27 1.27 1.27 1.27
0.00 0.00 0.00 1.62 1.79 1.79 1.79 1.79 1.92 1.92 1.92 1.92 1.92 1.92 1.92 1.92 1.93 1.93 1.93 1.93 1.86 1.86 1.86 1.86 1.85 1.85 1.85 1.85 1.89 1.89 1.65 1.65 1.70 1.70 1.70 1.70 1.72 1.72 1.72 1.72 1.76 1.76 1.76 1.76 1.86 1.86 1.86 1.86 1.85 1.85 1.85 1.85 1.80 1.80 1.80 1.80 1.78 1.78 1.78 1.78 1.76 1.76 1.76 1.76 1.70 1.70 1.70 1.70 1.68 1.68 1.68 1.15 1.12 1.12 1.12 1.12 1.18 1.18 1.18 1.18 1.27 1.27 1.27 1.27
