New_Model_Runs/12_Future_RCP4.5_Scn2_out/post_prcessed_with_MFR/Monthly_summaries/interception_monthly_APR.asc
NCOLS 700
NROWS 400
XLLCENTER 515000.000000
YLLCENTER 8409000.000000
CELLSIZE 50.000000
NODATA_value -999.000000
[rows 190 to 227 of 400, columns 168 to 251 of 700]
1.32 1.32 0.64 0.64 0.64 1.33 1.33 1.33 1.44 1.44 1.44 1.44 1.55 1.55 1.55 1.55 1.54 1.54 1.54 1.54 1.50 1.50 1.50 1.50 1.55 1.55 1.55 1.55 1.64 1.64 1.64 1.64 1.74 1.74 1.74 1.74 1.74 1.74 1.74 1.74 1.68 1.68 1.68 1.68 1.61 1.61 1.61 1.61 1.52 1.52 1.52 1.52 1.55 1.55 1.55 1.55 1.62 1.62 1.62 1.62 1.55 1.55 1.55 1.55 1.47 1.47 1.25 1.47 1.49 1.49 1.49 1.76 1.82 1.82 1.82 1.82 1.90 1.90 1.90 1.51 1.54 1.54 1.54 1.54
1.32 1.32 1.32 1.17 1.33 1.33 1.33 1.33 1.44 1.44 1.44 1.44 1.55 1.55 1.55 1.55 1.54 1.54 1.54 1.54 1.50 1.50 1.50 1.50 1.55 1.55 1.55 1.55 1.64 1.64 1.64 1.64 1.74 1.74 1.74 1.74 1.74 1.74 1.74 1.74 1.68 1.68 1.68 1.68 1.61 1.61 1.61 1.61 1.52 1.52 1.52 1.52 1.55 1.55 1.55 1.55 1.62 1.62 1.62 1.62 1.55 1.55 1.55 1.55 1.47 1.47 1.47 1.47 1.49 1.49 1.49 1.76 1.82 1.82 1.82 1.82 1.90 1.90 1.90 1.51 1.54 1.54 1.54 1.54
1.31 1.31 1.31 1.16 1.35 1.35 1.35 1.35 1.47 1.47 1.47 1.47 1.57 1.57 1.57 1.57 1.55 1.55 1.55 1.55 1.51 1.51 1.51 1.51 1.57 1.57 1.57 1.57 1.63 1.63 1.63 1.63 1.72 1.72 1.72 1.72 1.77 1.77 1.77 1.77 1.75 1.75 1.75 1.75 1.63 1.63 1.63 1.63 1.49 1.49 1.49 1.49 1.54 1.54 1.54 1.54 1.65 1.65 1.65 1.65 1.62 1.62 1.62 1.62 1.50 1.50 1.50 1.50 1.48 1.48 1.75 1.75 1.85 1.85 1.85 1.85 1.90 1.90 1.90 1.51 1.56 1.56 1.56 1.56
1.31 1.31 1.31 1.31 1.35 1.35 1.35 1.35 1.47 1.47 1.47 1.47 1.57 1.57 1.57 1.57 1.55 1.55 1.55 1.55 1.51 1.51 1.51 1.51 1.57 1.57 1.57 1.57 1.63 1.63 1.63 1.63 1.72 1.72 1.72 1.72 1.77 1.77 1.77 1.77 1.75 1.75 1.75 1.75 1.63 1.63 1.63 1.63 1.49 1.49 1.49 1.49 1.54 1.54 1.54 1.54 1.65 1.65 1.65 1.65 1.62 1.62 1.62 1.62 1.50 1.50 1.50 1.50 1.48 1.48 1.75 1.75 1.85 1.85 1.85 1.85 1.90 1.90 1.90 1.90 1.56 1.56 1.56 1.56
1.37 1.37 1.37 1.37 1.42 1.42 1.42 1.42 1.57 1.57 1.57 1.57 1.69 1.69 1.69 1.69 1.66 1.66 1.66 1.66 1.62 1.62 1.62 1.62 1.68 1.68 1.68 1.68 1.76 1.76 1.76 1.76 1.86 1.86 1.86 1.86 1.92 1.92 1.92 1.92 1.87 1.87 1.87 1.87 1.74 1.74 1.74 1.74 1.57 1.57 1.57 1.57 1.62 1.62 1.62 1.62 1.75 1.75 1.75 1.75 1.72 1.72 1.72 1.72 1.57 1.57 1.57 1.57 1.55 1.55 1.84 1.84 1.95 1.95 1.95 1.95 2.01 2.01 2.01 2.01 1.65 1.65 1.65 1.65
1.37 1.37 1.37 1.37 1.42 1.42 1.42 1.42 1.57 1.57 1.57 1.57 1.69 1.69 1.69 1.69 1.66 1.66 1.66 1.66 1.62 1.62 1.62 1.62 1.68 1.68 1.68 1.68 1.76 1.76 1.76 1.76 1.86 1.86 1.86 1.86 1.92 1.92 1.92 1.92 1.87 1.87 1.87 1.87 1.74 1.74 1.74 1.74 1.57 1.57 1.57 1.57 1.62 1.62 1.62 1.62 1.75 1.75 1.75 1.75 1.72 1.72 1.72 1.72 1.57 1.57 1.57 1.57 1.55 1.84 1.84 1.84 1.95 1.95 1.95 1.95 2.01 2.01 2.01 2.01 2.07 1.65 1.65 1.65
1.42 1.42 1.42 1.42 1.46 1.46 1.46 1.46 1.58 1.58 1.58 1.58 1.70 1.70 1.70 1.70 1.68 1.68 1.68 1.68 1.64 1.64 1.64 1.64 1.71 1.71 1.71 1.71 1.80 1.80 1.80 1.80 1.91 1.91 1.91 1.91 1.98 1.98 1.98 1.98 1.88 1.88 1.88 1.88 1.71 1.71 1.71 1.71 1.58 1.58 1.58 1.58 1.66 1.66 1.66 1.66 1.79 1.79 1.79 1.79 1.71 1.71 1.71 1.71 1.52 1.52 1.52 1.52 1.50 1.79 1.79 1.79 1.94 1.94 1.94 1.94 2.04 2.04 2.04 2.04 2.06 1.65 1.65 1.65
1.42 1.42 1.42 1.42 1.46 1.46 1.46 1.46 1.58 1.58 1.58 1.58 1.70 1.70 1.70 1.70 1.68 1.68 1.68 1.68 1.64 1.64 1.64 1.64 1.71 1.71 1.71 1.71 1.80 1.80 1.80 1.80 1.91 1.91 1.91 1.91 1.98 1.98 1.98 1.98 1.88 1.88 1.88 1.88 1.71 1.71 1.71 1.71 1.58 1.58 1.58 1.58 1.66 1.66 1.66 1.66 1.79 1.79 1.79 1.79 1.71 1.71 1.71 1.71 1.52 1.52 1.52 1.52 1.50 1.79 1.79 1.79 1.94 1.94 1.94 1.94 2.04 2.04 2.04 2.04 2.06 1.65 1.65 1.65
1.42 1.42 1.42 1.42 1.46 1.46 1.46 1.46 1.58 1.58 1.58 1.58 1.70 1.70 1.70 1.70 1.68 1.68 1.68 1.68 1.64 1.64 1.64 1.64 1.71 1.71 1.71 1.71 1.80 1.80 1.80 1.80 1.91 1.91 1.91 1.91 1.98 1.98 1.98 1.98 1.88 1.88 1.88 1.88 1.71 1.71 1.71 1.71 1.58 1.58 1.58 1.58 1.66 1.66 1.66 1.66 1.79 1.79 1.79 1.79 1.71 1.71 1.71 1.71 1.52 1.52 1.52 1.52 1.79 1.79 1.79 1.79 1.94 1.94 1.94 1.94 2.04 2.04 2.04 2.04 2.06 2.06 1.65 1.65
1.42 1.42 1.42 1.42 1.46 1.46 1.46 1.46 1.58 1.58 1.58 1.58 1.70 1.70 1.70 1.70 1.68 1.68 1.68 1.68 1.64 1.64 1.64 1.64 1.71 1.71 1.71 1.71 1.80 1.80 1.80 1.80 1.91 1.91 1.91 1.91 1.98 1.98 1.98 1.98 1.88 1.88 1.88 1.88 1.71 1.71 1.71 1.71 1.58 1.58 1.58 1.58 1.66 1.66 1.66 1.66 1.79 1.79 1.79 1.79 1.71 1.71 1.71 1.71 1.52 1.52 1.52 1.52 1.79 1.79 1.79 1.79 1.94 1.94 1.94 1.94 2.04 2.04 2.04 2.04 2.06 2.06 1.65 1.65
1.50 1.50 1.50 1.50 1.49 1.49 1.49 1.49 1.58 1.58 1.58 1.58 1.70 1.70 1.70 1.70 1.71 1.71 1.71 1.71 1.70 1.70 1.70 1.70 1.77 1.77 1.77 1.77 1.89 1.89 1.89 1.89 2.00 2.00 2.00 2.00 1.91 1.91 1.91 1.91 1.74 1.74 1.74 1.74 1.63 1.63 1.63 1.63 1.56 1.56 1.56 1.56 1.67 1.67 1.67 1.67 1.80 1.80 1.80 1.80 1.62 1.62 1.62 1.62 1.45 1.45 1.45 1.45 1.75 1.75 1.75 1.75 1.89 1.89 1.89 1.89 2.00 2.00 2.00 2.00 2.06 2.06 2.06 1.64
1.50 1.50 1.50 1.50 1.49 1.49 1.49 1.49 1.58 1.58 1.58 1.58 1.70 1.70 1.70 1.70 1.71 1.71 1.71 1.71 1.70 1.70 1.70 1.70 1.77 1.77 1.77 1.77 1.89 1.89 1.89 1.89 2.00 2.00 2.00 2.00 1.91 1.91 1.91 1.91 1.74 1.74 1.74 1.74 1.63 1.63 1.63 1.63 1.56 1.56 1.56 1.56 1.67 1.67 1.67 1.67 1.80 1.80 1.80 1.80 1.62 1.62 1.62 1.62 1.45 1.45 1.45 1.74 1.75 1.75 1.75 1.75 1.89 1.89 1.89 1.89 2.00 2.00 2.00 2.00 2.06 2.06 2.06 1.64
1.50 1.50 1.50 1.50 1.49 1.49 1.49 1.49 1.58 1.58 1.58 1.58 1.70 1.70 1.70 1.70 1.71 1.71 1.71 1.71 1.70 1.70 1.70 1.70 1.77 1.77 1.77 1.77 1.89 1.89 1.89 1.89 2.00 2.00 2.00 2.00 1.91 1.91 1.91 1.91 1.74 1.74 1.74 1.74 1.63 1.63 1.63 1.63 1.56 1.56 1.56 1.56 1.67 1.67 1.67 1.67 1.80 1.80 1.80 1.80 1.62 1.62 1.62 1.62 1.45 1.45 1.45 1.74 1.75 1.75 1.75 1.75 1.89 1.89 1.89 1.89 2.00 2.00 2.00 2.00 2.06 2.06 2.06 1.64
1.50 1.50 1.50 1.50 1.49 1.49 1.49 1.49 1.58 1.58 1.58 1.58 1.70 1.70 1.70 1.70 1.71 1.71 1.71 1.71 1.70 1.70 1.70 1.70 1.77 1.77 1.77 1.77 1.89 1.89 1.89 1.89 2.00 2.00 2.00 2.00 1.91 1.91 1.91 1.91 1.74 1.74 1.74 1.74 1.63 1.63 1.63 1.63 1.56 1.56 1.56 1.56 1.67 1.67 1.67 1.67 1.80 1.80 1.80 1.80 1.62 1.62 1.62 1.62 1.45 1.45 1.45 1.74 1.75 1.75 1.75 1.75 1.89 1.89 1.89 1.89 2.00 2.00 2.00 2.00 2.06 2.06 2.06 2.06
1.61 1.61 1.61 1.61 1.59 1.59 1.59 1.59 1.64 1.64 1.64 1.64 1.72 1.72 1.72 1.72 1.76 1.76 1.76 1.76 1.76 1.76 1.76 1.76 1.82 1.82 1.82 1.82 1.96 1.96 1.96 1.96 1.93 1.93 1.93 1.93 1.69 1.69 1.69 1.69 1.56 1.56 1.56 1.56 1.50 1.50 1.50 1.50 1.53 1.53 1.53 1.53 1.73 1.73 1.73 1.73 1.77 1.77 1.77 1.77 1.53 1.53 1.53 1.53 1.42 1.42 1.71 1.71 1.77 1.77 1.77 1.77 1.93 1.93 1.93 1.93 2.03 2.03 2.03 2.03 2.09 2.09 2.09 2.09
1.61 1.61 1.61 1.61 1.59 1.59 1.59 1.59 1.64 1.64 1.64 1.64 1.72 1.72 1.72 1.72 1.76 1.76 1.76 1.76 1.76 1.76 1.76 1.76 1.82 1.82 1.82 1.82 1.96 1.96 1.96 1.96 1.93 1.93 1.93 1.93 1.69 1.69 1.69 1.69 1.56 1.56 1.56 1.56 1.50 1.50 1.50 1.50 1.53 1.53 1.53 1.53 1.73 1.73 1.73 1.73 1.77 1.77 1.77 1.77 1.53 1.53 1.53 1.53 1.42 1.42 1.71 1.71 1.77 1.77 1.77 1.77 1.93 1.93 1.93 1.93 2.03 2.03 2.03 2.03 2.09 2.09 2.09 2.09
1.61 1.61 1.61 1.61 1.59 1.59 1.59 1.59 1.64 1.64 1.64 1.64 1.72 1.72 1.72 1.72 1.76 1.76 1.76 1.76 1.76 1.76 1.76 1.76 1.82 1.82 1.82 1.82 1.96 1.96 1.96 1.96 1.93 1.93 1.93 1.93 1.69 1.69 1.69 1.69 1.56 1.56 1.56 1.56 1.50 1.50 1.50 1.50 1.53 1.53 1.53 1.53 1.73 1.73 1.73 1.73 1.77 1.77 1.77 1.77 1.53 1.53 1.53 1.53 1.42 1.42 1.71 1.71 1.77 1.77 1.77 1.77 1.93 1.93 1.93 1.93 2.03 2.03 2.03 2.03 2.09 2.09 2.09 2.09
1.61 1.61 1.61 1.61 1.59 1.59 1.59 1.59 1.64 1.64 1.64 1.64 1.72 1.72 1.72 1.72 1.76 1.76 1.76 1.76 1.76 1.76 1.76 1.76 1.82 1.82 1.82 1.82 1.96 1.96 1.96 1.96 1.93 1.93 1.93 1.93 1.69 1.69 1.69 1.69 1.56 1.56 1.56 1.56 1.50 1.50 1.50 1.50 1.53 1.53 1.53 1.53 1.73 1.73 1.73 1.73 1.77 1.77 1.77 1.77 1.53 1.53 1.53 1.53 1.42 1.71 1.71 1.71 1.77 1.77 1.77 1.77 1.93 1.93 1.93 1.93 2.03 2.03 2.03 2.03 2.09 2.09 2.09 2.09
1.70 1.70 1.70 1.70 1.72 1.72 1.72 1.72 1.73 1.73 1.73 1.73 1.76 1.76 1.76 1.76 1.81 1.81 1.81 1.81 1.82 1.43 1.82 1.82 1.86 1.86 1.86 1.86 1.91 1.91 1.91 0.75 1.80 1.80 1.80 1.80 1.60 1.60 1.60 1.60 1.49 1.49 1.49 1.49 1.48 1.48 1.48 1.48 1.64 1.64 1.64 1.64 1.82 1.82 1.82 1.82 1.65 1.65 1.65 1.65 1.44 1.44 1.44 1.44 1.46 1.75 1.75 1.75 1.88 1.88 1.88 1.88 1.99 1.99 1.99 1.99 2.04 2.04 2.04 2.04 2.12 2.12 2.12 2.12
1.70 1.70 1.70 1.70 1.72 1.72 1.72 1.72 1.73 1.73 1.73 1.73 1.76 1.76 1.76 1.76 1.81 1.81 1.43 1.43 1.43 1.82 1.82 1.82 1.86 1.86 1.86 1.86 1.91 1.91 1.91 1.91 1.80 1.80 1.80 1.80 1.60 1.60 1.60 1.60 1.49 1.49 1.49 1.49 1.48 1.48 1.48 1.48 1.64 1.64 1.64 1.64 1.82 1.82 1.82 1.82 1.65 1.65 1.65 1.65 1.44 1.44 1.44 1.44 1.46 1.75 1.75 1.75 1.88 1.88 1.88 1.88 1.99 1.99 1.99 1.99 2.04 2.04 2.04 2.04 2.12 2.12 2.12 2.12
1.83 1.83 1.83 1.83 1.85 1.85 1.85 1.85 1.87 1.87 1.87 1.87 1.91 1.91 1.91 1.91 1.97 1.97 1.52 1.52 1.53 1.98 1.98 1.98 2.03 2.03 2.03 2.03 2.09 2.09 2.09 1.58 1.96 1.96 1.96 1.96 1.72 1.72 1.72 1.72 1.57 1.57 1.57 1.57 1.56 1.56 1.56 1.56 1.74 1.74 1.74 1.74 1.96 1.96 1.96 1.96 1.75 1.75 1.75 1.75 1.50 1.50 1.50 1.50 1.82 1.82 1.82 1.82 1.97 1.97 1.97 1.97 2.09 2.09 2.09 2.09 2.14 2.14 2.14 2.14 2.23 2.23 2.23 2.23
1.83 1.83 1.83 1.83 1.85 1.85 1.85 1.85 1.87 1.87 1.87 1.87 1.91 1.91 1.91 1.91 1.97 1.52 1.52 1.52 1.98 1.98 1.98 1.98 2.03 2.03 1.55 1.55 1.58 2.09 2.09 2.09 1.96 1.96 1.96 1.96 1.72 1.72 1.72 1.72 1.57 1.57 1.57 1.57 1.56 1.56 1.56 1.56 1.74 1.74 1.74 1.74 1.96 1.96 1.96 1.96 1.75 1.75 1.75 1.75 1.50 1.50 1.50 1.50 1.82 1.82 1.82 1.82 1.97 1.97 1.97 1.97 2.09 2.09 2.09 2.09 2.14 2.14 2.14 2.14 2.23 2.23 2.23 2.23
1.85 1.85 1.85 1.85 1.89 1.89 1.89 1.89 1.93 1.93 1.93 1.93 1.95 1.95 1.51 1.95 2.00 2.00 0.00 0.00 1.53 1.98 1.98 1.98 1.98 1.53 0.00 0.00 0.00 0.83 1.52 1.96 1.87 1.87 1.87 1.87 1.70 1.70 1.70 1.70 1.57 1.57 1.57 1.57 1.64 1.64 1.64 1.64 1.89 1.89 1.89 1.89 1.89 1.89 1.89 1.89 1.62 1.62 1.62 1.62 1.53 1.53 1.53 1.53 1.92 1.92 1.92 1.92 2.05 2.05 2.05 2.05 2.10 2.10 2.10 2.10 2.17 2.17 2.17 2.17 2.32 2.32 2.32 2.32
1.85 1.85 1.85 1.85 1.89 1.89 1.89 1.89 1.93 1.93 1.93 1.93 1.95 1.95 1.51 1.51 1.80 0.00 0.00 0.00 0.00 1.53 1.98 1.98 1.53 0.00 0.00 0.00 0.00 0.00 0.00 1.52 1.87 1.87 1.87 1.87 1.70 1.70 1.70 1.70 1.57 1.57 1.57 1.57 1.64 1.64 1.64 1.64 1.89 1.89 1.89 1.89 1.89 1.89 1.89 1.89 1.62 1.62 1.62 1.62 1.53 1.53 1.53 1.82 1.92 1.92 1.92 1.92 2.05 2.05 2.05 2.05 2.10 2.10 2.10 2.10 2.17 2.17 2.17 2.17 2.32 2.32 2.32 2.32
1.85 1.85 1.85 1.85 1.89 1.89 1.89 1.89 1.93 1.93 1.93 1.93 1.51 1.51 1.51 0.00 0.00 0.00 0.00 1.54 1.53 1.53 1.98 1.53 0.00 0.00 0.00 0.00 1.52 0.00 0.00 1.77 1.87 1.87 1.87 1.87 1.70 1.70 1.70 1.70 1.57 1.57 1.57 1.57 1.64 1.64 1.64 1.64 1.89 1.89 1.89 1.89 1.89 1.89 1.89 1.89 1.62 1.62 1.62 1.62 1.53 1.53 1.53 1.82 1.92 1.92 1.92 1.92 2.05 2.05 2.05 2.05 2.10 2.10 2.10 2.10 2.17 2.17 2.17 2.17 2.32 2.32 2.32 2.32
1.85 1.85 1.85 1.85 1.89 1.89 1.89 1.89 1.93 1.93 1.93 1.50 0.00 0.00 0.00 0.00 0.00 0.00 0.00 1.54 1.53 1.98 1.98 1.53 0.00 0.00 0.00 0.00 0.00 0.00 1.52 1.52 1.87 1.87 1.87 1.87 1.70 1.70 1.70 1.70 1.57 1.57 1.57 1.57 1.64 1.64 1.64 1.64 1.89 1.89 1.89 1.89 1.89 1.89 1.89 1.89 1.62 1.62 1.62 1.62 1.53 1.53 1.53 1.82 1.92 1.92 1.92 1.92 2.05 2.05 2.05 2.05 2.10 2.10 2.10 2.10 2.17 2.17 2.17 2.17 2.32 2.32 2.32 2.32
1.83 1.83 1.83 1.83 1.84 1.84 1.84 1.84 1.90 1.90 1.90 1.49 1.52 0.00 0.00 0.00 0.00 0.00 0.00 0.00 1.48 1.48 1.48 0.00 0.00 0.00 0.00 0.00 0.00 0.82 1.85 1.85 1.78 1.78 1.78 1.78 1.67 1.67 1.67 1.67 1.68 1.68 1.68 1.68 1.86 1.86 1.86 1.86 1.92 1.92 1.92 1.92 1.72 1.72 1.72 1.72 1.60 1.60 1.60 1.60 1.66 1.66 1.95 1.95 2.04 2.04 2.04 2.04 2.04 0.00 2.04 2.04 2.07 2.07 2.07 2.07 2.19 2.19 2.19 2.19 2.42 2.42 2.42 2.42
1.83 1.83 1.83 1.83 1.84 1.84 1.84 1.84 1.90 1.90 1.90 1.90 1.52 0.00 0.00 0.00 0.00 0.00 1.78 1.52 1.48 0.00 0.00 0.00 0.00 0.00 0.00 0.82 0.82 1.85 1.85 1.85 1.78 1.78 1.78 1.78 1.67 1.67 1.67 1.67 1.68 1.68 1.68 1.68 1.86 1.86 1.86 1.86 1.92 1.92 1.92 1.92 1.72 1.72 1.72 1.72 1.60 1.60 1.60 1.60 1.66 1.66 1.95 1.95 2.04 2.04 2.04 2.04 2.04 2.04 2.04 2.04 2.07 2.07 2.07 2.07 2.19 2.19 2.19 2.19 2.42 2.42 2.42 2.42
1.83 1.83 1.83 1.83 1.84 1.84 1.84 1.84 1.90 1.90 1.90 1.49 1.52 0.00 0.00 0.00 0.00 1.52 1.52 1.52 1.48 1.48 1.48 0.00 0.00 0.00 0.00 0.82 1.85 0.82 1.85 1.85 1.78 1.78 1.78 1.78 1.67 1.67 1.67 1.67 1.68 1.68 1.68 1.68 1.86 1.86 1.86 1.86 1.92 1.92 1.92 1.92 1.72 1.72 1.72 1.72 1.60 1.60 1.60 1.60 1.66 1.66 1.95 1.95 2.04 2.04 2.04 2.04 2.04 2.04 2.04 2.04 2.07 2.07 2.07 2.07 2.19 2.19 2.19 2.19 2.42 2.42 2.42 2.42
1.86 1.86 1.86 1.83 1.84 1.84 1.84 1.84 1.90 1.90 1.49 1.49 0.00 0.00 0.00 0.00 0.00 0.00 1.52 0.00 1.48 1.90 0.82 0.00 0.00 0.00 0.00 1.87 1.85 1.85 1.85 1.85 1.78 1.78 1.78 1.78 1.67 1.67 1.37 1.67 1.68 1.68 1.68 1.68 1.86 1.86 1.86 1.86 1.92 1.92 1.92 1.92 1.72 1.72 1.72 1.72 1.60 1.60 1.60 1.60 1.66 1.95 1.95 1.95 2.04 2.04 2.04 2.04 2.04 2.04 2.04 2.04 2.07 2.07 2.07 2.07 2.19 2.19 2.19 2.19 2.42 2.42 2.42 2.42
1.87 1.87 1.87 1.87 1.86 1.86 1.82 1.82 1.88 1.88 1.88 1.48 0.00 0.00 0.00 0.00 0.00 0.00 0.00 0.81 0.81 1.85 0.81 0.00 0.00 0.00 0.00 1.44 1.81 1.81 1.81 1.81 1.79 1.79 1.79 1.79 1.78 1.78 1.78 1.43 1.88 1.88 1.88 1.88 1.94 1.51 1.51 1.94 1.84 1.84 1.84 1.84 1.79 1.79 1.79 1.79 1.79 1.79 1.79 1.79 1.85 2.14 2.14 2.14 2.14 2.14 2.14 2.14 2.08 2.08 2.08 2.08 2.11 2.11 2.11 2.11 2.26 2.26 2.26 2.26 2.48 2.48 2.48 2.48
1.87 1.87 1.87 1.87 1.86 1.86 1.86 1.86 1.91 1.91 1.88 1.88 1.50 0.00 0.00 0.00 0.00 0.00 0.00 0.00 1.85 1.85 1.85 0.81 0.00 0.00 0.00 1.44 1.44 1.44 1.81 1.44 1.79 1.79 1.79 1.79 1.78 1.78 1.43 1.43 1.88 1.88 1.88 1.88 0.00 0.00 1.51 1.94 1.84 1.84 1.84 1.84 1.79 1.79 1.79 1.79 1.79 1.79 1.79 1.79 2.14 2.14 2.14 2.14 2.14 2.14 2.14 2.14 2.08 2.08 2.08 2.08 2.11 2.11 2.11 2.11 2.26 2.26 2.26 2.26 2.48 2.48 2.48 2.48
1.87 1.87 1.87 1.87 1.86 1.86 1.86 1.86 1.91 1.91 1.91 1.91 1.52 0.00 0.00 0.00 0.00 0.00 0.00 0.00 1.68 1.85 1.46 0.00 0.00 0.00 1.44 1.44 1.81 1.44 1.44 1.81 1.79 1.79 1.79 1.43 1.43 1.78 1.43 1.43 1.88 1.48 1.48 0.00 0.00 1.51 1.51 1.94 1.84 1.84 1.84 1.84 1.79 1.79 1.79 1.79 1.79 1.79 1.79 1.79 2.14 2.14 2.14 2.14 2.14 2.14 2.14 0.00 0.00 2.08 2.08 2.08 2.11 2.11 2.11 2.11 2.26 2.26 2.26 2.26 2.48 2.48 2.48 2.48
1.87 1.87 1.87 1.87 1.86 1.86 1.86 1.86 1.91 1.91 1.91 1.50 1.52 0.00 0.00 0.00 0.00 0.00 0.00 0.00 0.00 0.00 0.00 0.00 0.00 0.00 1.44 0.00 1.44 1.44 1.44 1.44 1.43 1.43 1.79 1.43 1.43 1.43 1.43 1.43 0.00 0.00 0.00 1.48 1.51 1.51 1.94 1.94 1.84 1.84 1.84 1.84 1.79 1.79 1.79 1.79 1.79 1.79 1.79 1.79 2.14 2.14 2.14 0.00 0.00 0.00 0.00 0.00 0.00 0.00 0.00 0.00 0.00 0.00 0.00 2.11 2.26 2.26 2.26 2.26 2.48 2.48 2.48 2.48
1.91 1.91 1.91 1.91 1.87 1.87 1.87 1.87 1.89 1.89 1.89 1.89 1.50 0.00 0.00 0.00 0.00 0.00 0.00 0.00 0.00 0.00 0.00 0.00 0.00 1.46 1.46 1.46 1.86 1.86 1.47 1.69 1.48 1.48 1.48 0.00 1.50 1.50 1.50 0.00 0.00 0.00 0.00 1.50 1.94 1.94 1.94 1.94 1.97 1.97 1.97 1.97 2.00 2.00 2.00 2.00 1.95 1.95 1.95 2.24 2.20 2.20 2.20 0.00 0.00 0.00 0.00 0.00 0.00 0.00 0.00 0.00 2.13 2.13 2.13 2.13 2.30 2.30 2.30 2.30 2.42 2.42 2.42 2.42
1.91 1.91 1.91 1.91 1.87 1.87 1.87 1.87 1.89 1.89 1.89 1.89 1.50 0.00 0.00 0.00 0.00 0.00 0.00 0.00 0.00 0.00 0.00 0.00 0.00 0.00 1.46 1.46 1.47 1.47 0.00 0.00 0.00 0.00 0.00 0.00 0.00 1.50 1.50 0.00 0.00 1.50 1.50 1.50 1.50 1.50 1.50 1.50 1.52 1.52 1.52 1.52 1.54 0.00 1.54 2.00 1.95 1.95 1.95 2.24 2.20 2.20 2.20 0.00 0.00 0.00 0.00 2.12 2.09 0.00 2.09 2.09 2.13 2.13 2.13 2.13 2.30 2.30 2.30 2.30 2.42 2.42 2.42 2.42
2.00 2.00 2.00 2.00 1.95 1.95 1.95 1.95 1.98 1.98 1.98 1.55 1.56 0.00 0.00 0.00 0.00 0.00 1.56 1.56 0.00 0.00 1.54 1.54 0.00 0.00 0.00 1.97 1.53 0.00 0.00 0.00 0.00 0.00 0.00 0.00 0.00 0.00 1.56 0.00 1.56 1.56 1.56 1.56 1.57 1.57 1.57 0.00 0.00 0.00 0.00 0.00 0.00 0.00 0.00 0.86 2.03 2.03 2.03 2.32 2.28 2.28 2.28 0.98 0.00 2.19 2.19 2.19 0.00 0.97 0.00 0.00 2.18 2.18 2.18 2.18 2.36 2.36 2.36 2.36 2.48 2.48 2.48 2.48
2.00 2.00 2.00 2.00 1.95 1.95 1.95 1.95 1.98 1.55 1.55 1.81 1.83 0.00 0.00 0.00 0.00 1.56 1.99 1.56 0.00 0.00 1.80 0.78 0.00 0.00 0.00 0.00 0.00 0.00 0.00 0.00 0.00 0.00 0.00 0.00 0.00 0.00 0.00 0.00 0.00 0.00 0.00 1.56 1.57 1.57 1.57 1.57 0.00 0.00 0.00 0.00 0.00 0.00 0.86 0.86 1.55 0.00 2.32 2.32 2.28 1.79 2.28 2.28 0.98 2.19 2.19 2.19 0.97 2.16 2.16 2.16 2.18 2.18 2.18 2.18 2.36 2.36 2.36 2.36 2.48 2.48 2.48 2.48
