New_Model_Runs/12_Future_RCP4.5_Scn2_out/post_prcessed_with_MFR/Monthly_summaries/interception_monthly_JUL.asc
NCOLS 700
NROWS 400
XLLCENTER 515000.000000
YLLCENTER 8409000.000000
CELLSIZE 50.000000
NODATA_value -999.000000
[rows 190 to 227 of 400, columns 252 to 335 of 700]
1.64 1.64 1.64 1.64 1.59 1.59 1.59 1.59 1.65 1.65 1.65 1.65 1.80 1.80 1.80 1.80 1.92 1.92 1.92 1.92 1.97 1.97 1.97 1.97 1.91 1.91 1.91 1.91 1.66 1.66 1.66 1.66 1.45 1.45 1.45 1.45 1.11 1.11 1.11 1.11 1.06 1.06 1.06 1.06 1.25 1.25 1.25 1.25 1.69 1.69 1.69 1.69 2.03 2.03 2.03 2.03 1.90 1.90 1.90 1.90 1.67 1.67 1.67 1.67 1.53 1.53 1.53 1.53 1.41 1.41 1.41 1.41 1.43 1.43 1.43 1.43 1.51 1.51 1.51 1.51 1.64 1.64 0.00 0.00
1.64 1.64 1.64 1.64 1.59 1.59 1.59 1.59 1.65 1.65 1.65 1.65 1.80 1.80 1.80 1.80 1.92 1.92 1.92 1.92 1.97 1.97 1.97 1.97 1.91 1.91 1.91 1.91 1.66 1.66 1.66 1.66 1.45 1.45 1.45 1.45 1.35 1.35 1.11 1.11 1.06 1.06 1.06 1.06 1.25 1.25 1.25 1.25 1.69 1.69 1.69 1.69 2.03 2.03 2.03 2.03 1.90 1.90 1.90 1.90 1.67 1.67 1.67 1.67 1.53 1.53 1.53 1.53 1.41 1.41 1.41 1.41 1.43 1.43 1.43 1.43 1.51 1.51 1.51 1.51 1.64 1.64 1.64 1.64
1.75 1.75 1.75 1.75 1.81 1.81 1.81 1.81 2.02 2.02 2.02 2.02 2.20 2.20 2.20 2.20 2.12 2.12 2.12 2.12 1.99 1.99 1.99 1.99 1.88 1.88 1.88 1.88 1.83 1.83 1.83 1.83 1.79 1.79 1.79 1.79 1.74 1.74 1.74 1.50 1.51 1.51 1.51 1.51 1.75 1.75 1.75 1.75 1.97 1.97 1.97 1.97 1.95 1.95 1.95 1.95 1.76 1.76 1.76 1.76 1.59 1.59 1.59 1.59 1.43 1.43 1.43 1.43 1.33 1.33 1.33 1.33 1.28 1.28 1.28 1.28 1.24 1.24 1.24 1.24 1.42 1.42 1.42 1.42
1.75 1.75 1.75 1.75 1.81 1.81 1.81 1.81 2.02 2.02 2.02 2.02 2.20 2.20 2.20 2.20 2.12 2.12 2.12 2.12 1.99 1.99 1.99 1.99 1.88 1.88 1.88 1.88 1.83 1.83 1.83 1.83 1.79 1.79 1.79 1.79 1.74 1.74 1.74 1.74 1.74 1.51 1.51 1.51 1.75 1.75 1.75 1.75 1.97 1.97 1.97 1.97 1.95 1.95 1.95 1.95 1.76 1.76 1.76 1.76 1.59 1.59 1.59 1.59 1.43 1.43 1.43 1.43 1.33 1.33 1.33 1.33 1.28 1.28 1.28 1.28 1.24 1.24 1.24 1.24 1.42 1.42 1.42 1.42
1.80 1.80 1.80 1.80 1.84 1.84 1.84 1.84 2.05 2.05 2.05 2.05 2.25 2.25 2.25 2.25 2.16 2.16 2.16 2.16 1.97 1.97 1.97 1.97 1.86 1.86 1.86 1.86 1.82 1.82 1.82 1.82 1.77 1.77 1.77 1.77 1.70 1.70 1.70 1.70 1.71 1.71 1.47 1.47 1.70 1.70 1.70 1.70 1.91 1.91 1.91 1.91 1.87 1.87 1.87 1.87 1.69 1.69 1.69 1.69 1.54 1.54 1.54 1.54 1.38 1.38 1.38 1.38 1.26 1.26 1.26 1.26 1.21 1.21 1.21 1.21 1.18 0.98 1.18 1.18 1.34 1.34 1.34 1.34
1.80 1.80 1.80 1.80 1.84 1.84 1.84 1.84 2.05 2.05 2.05 2.05 2.25 2.25 2.25 2.25 2.16 2.16 2.16 2.16 1.97 1.97 1.97 1.97 1.86 1.86 1.86 1.86 1.82 1.82 1.82 1.82 1.77 1.77 1.77 1.77 1.70 1.70 1.70 1.70 1.71 1.71 1.71 1.47 1.70 1.70 1.70 1.70 1.91 1.91 1.91 1.91 1.87 1.87 1.87 1.87 1.69 1.69 1.25 1.69 1.54 1.54 1.54 1.54 1.38 1.38 1.38 1.38 1.26 1.26 1.26 1.26 1.21 1.21 1.21 1.21 1.18 1.18 1.18 1.18 1.34 1.34 1.34 1.34
1.83 1.83 1.83 1.83 2.10 2.10 2.10 2.10 2.30 2.30 2.30 2.30 2.07 2.07 2.07 2.07 1.74 1.74 1.74 1.74 1.69 1.69 1.69 1.69 1.67 1.67 1.67 1.67 1.67 1.67 1.67 1.67 1.65 1.65 1.65 1.65 1.73 1.73 1.73 1.73 1.91 1.91 1.91 1.91 2.04 1.81 1.81 1.81 1.86 1.86 1.86 1.86 1.76 1.76 1.76 1.76 1.64 1.64 1.64 1.64 1.53 1.53 1.53 1.53 1.37 1.37 1.37 1.37 1.21 1.21 1.21 1.21 1.06 1.06 1.06 1.06 1.04 1.04 1.04 1.04 1.31 1.31 1.31 1.31
1.83 1.83 1.83 1.83 2.10 2.10 2.10 2.10 2.30 2.30 2.30 2.30 2.07 2.07 2.07 2.07 1.74 1.74 1.74 1.74 1.69 1.69 1.69 1.69 1.67 1.67 1.67 1.67 1.67 1.67 1.67 1.67 1.65 1.65 1.65 1.65 1.73 1.73 1.73 1.73 1.91 1.91 1.91 1.91 2.04 2.04 1.81 1.81 1.86 1.86 1.86 1.86 1.76 1.76 1.76 1.76 0.00 0.00 1.64 1.64 1.53 1.53 1.53 1.53 1.37 1.37 1.37 1.37 1.21 1.21 1.21 1.21 1.06 1.06 1.06 1.06 1.04 1.04 1.04 1.04 1.31 1.31 1.31 1.31
1.83 1.83 1.83 1.83 2.10 2.10 2.10 2.10 2.30 2.30 2.30 2.30 2.07 2.07 2.07 2.07 1.74 1.74 1.74 1.74 1.69 1.69 1.69 1.69 1.67 1.67 1.67 1.67 1.67 1.67 1.67 1.67 1.65 1.65 1.65 1.65 1.73 1.73 1.73 1.73 1.91 1.91 1.91 1.91 2.04 2.04 2.04 2.04 1.86 1.86 1.86 1.86 1.76 1.76 1.76 1.76 1.64 0.00 1.64 1.64 1.53 1.53 1.53 1.53 1.37 1.37 1.37 1.37 1.21 1.21 1.21 1.21 1.06 1.06 1.06 1.06 1.04 1.04 1.04 1.04 1.31 1.31 1.31 1.31
1.83 1.83 1.83 1.83 2.10 2.10 2.10 2.10 2.30 2.30 2.30 2.30 2.07 2.07 2.07 2.07 1.74 1.74 1.74 1.74 1.69 1.69 1.69 1.69 1.67 1.67 1.67 1.67 1.67 1.67 1.67 1.67 1.65 1.65 1.65 1.65 1.73 1.73 1.73 1.73 1.91 1.91 1.91 1.91 2.04 2.04 2.04 2.04 2.09 1.86 1.86 1.86 1.76 1.76 1.76 1.76 1.64 1.64 1.64 1.64 1.53 1.53 1.53 1.53 1.37 1.37 1.37 1.37 1.21 1.21 1.21 1.21 1.06 1.06 1.06 1.06 1.04 1.04 1.04 1.04 1.31 1.31 1.31 1.31
1.92 1.92 1.92 1.92 2.25 2.25 2.25 2.25 2.16 2.16 2.16 2.16 1.67 1.67 1.67 1.67 1.40 1.40 1.40 1.40 1.43 1.43 1.43 1.43 1.47 1.47 1.47 1.47 1.39 1.39 1.39 1.39 1.38 1.38 1.38 1.38 1.59 1.59 1.59 1.59 1.84 1.84 1.84 1.84 2.02 2.02 2.02 2.02 2.05 2.05 2.05 1.82 1.59 1.59 1.59 1.59 1.48 1.48 1.48 1.48 1.46 1.46 1.46 1.46 1.38 1.38 1.38 1.38 1.20 1.20 1.20 1.20 1.06 1.06 1.06 1.06 1.09 1.09 1.09 1.09 1.38 1.38 1.38 1.38
1.92 1.92 1.92 1.92 2.25 2.25 2.25 2.25 2.16 2.16 2.16 2.16 1.67 1.67 1.67 1.67 1.40 1.40 1.40 1.40 1.43 1.43 1.43 1.43 1.47 1.47 1.47 1.47 1.39 1.39 1.39 1.39 1.38 1.38 1.38 1.38 1.59 1.59 1.59 1.59 1.84 1.84 1.84 1.84 2.02 2.02 2.02 2.02 2.05 2.05 2.05 2.05 1.59 1.59 1.59 1.59 1.48 1.48 1.48 1.48 1.46 1.46 1.46 1.46 1.38 1.38 1.38 1.38 1.20 1.20 1.20 1.20 1.06 1.06 1.06 1.06 1.09 1.09 1.09 1.09 1.38 1.38 1.38 1.38
1.92 1.92 1.92 1.92 2.25 2.25 2.25 2.25 2.16 2.16 2.16 2.16 1.67 1.67 1.67 1.67 1.40 1.40 1.40 1.40 1.43 1.43 1.43 1.43 1.47 1.47 1.47 1.47 1.39 1.39 1.39 1.39 1.38 1.38 1.38 1.38 1.59 1.59 1.59 1.59 1.84 1.84 1.84 1.84 2.02 2.02 2.02 2.02 2.05 2.05 2.05 2.05 1.82 1.59 1.59 1.59 1.48 1.48 1.48 1.48 1.46 1.46 1.46 1.46 1.38 1.38 1.38 1.38 1.20 1.20 1.20 1.20 1.06 1.06 1.06 1.06 1.09 1.09 1.09 1.09 1.38 1.38 1.38 1.38
1.92 1.92 1.92 1.92 2.25 2.25 2.25 2.25 2.16 2.16 2.16 2.16 1.67 1.67 1.67 1.67 1.40 1.40 1.40 1.40 1.43 1.43 1.43 1.43 1.47 1.47 1.47 1.47 1.39 1.39 1.39 1.39 1.38 1.38 1.38 1.38 1.59 1.59 1.59 1.59 1.84 1.84 1.84 1.84 2.02 2.02 2.02 2.02 2.05 2.05 2.05 2.05 1.82 1.82 1.82 1.59 1.48 1.48 1.48 1.48 1.46 1.46 1.46 1.46 1.38 1.38 1.38 1.38 1.20 1.20 1.20 1.20 1.06 1.06 1.06 1.06 1.09 1.09 1.09 1.09 1.38 1.38 1.38 1.38
1.98 1.98 1.98 1.98 2.29 2.29 2.29 2.29 2.01 2.01 2.01 2.01 1.52 1.52 1.52 1.52 1.32 1.32 1.32 1.32 1.30 1.30 1.30 1.30 1.30 1.30 1.30 1.30 1.28 1.28 1.28 1.28 1.41 1.41 1.41 1.41 1.67 1.67 1.67 1.67 1.88 1.88 1.88 1.88 2.04 2.04 2.04 2.04 1.93 1.93 1.93 1.93 1.73 1.73 1.73 1.73 1.38 1.38 1.38 1.38 1.31 1.31 1.31 1.31 1.24 1.24 1.24 1.24 1.13 1.13 1.13 1.13 1.05 1.05 1.05 1.05 1.15 1.15 1.15 1.15 1.47 1.47 1.47 1.47
2.52 1.98 1.98 1.98 2.29 2.29 2.29 2.29 2.01 2.01 2.01 2.01 1.52 1.52 1.52 1.52 1.32 1.32 1.32 1.32 1.30 1.30 1.30 1.30 1.30 1.30 1.30 1.30 1.28 1.28 1.28 1.28 1.41 1.41 1.41 1.41 1.67 1.67 1.67 1.67 1.88 1.88 1.88 1.88 2.04 2.04 2.04 2.04 1.93 1.93 1.93 1.93 1.73 1.73 1.73 1.73 1.62 1.62 1.38 1.38 1.31 1.31 1.31 1.31 1.24 1.24 1.24 1.24 1.13 1.13 1.13 1.13 1.05 1.05 1.05 1.05 1.15 1.15 1.15 1.15 1.47 1.47 1.47 1.47
2.52 1.98 1.98 1.98 2.29 2.29 2.29 2.29 2.01 2.01 2.01 2.01 1.52 1.52 1.52 1.52 1.32 1.32 1.32 1.32 1.30 1.30 1.30 1.30 1.30 1.30 1.30 1.30 1.28 1.28 1.28 1.28 1.41 1.41 1.41 1.41 1.67 1.67 1.67 1.67 1.88 1.88 1.88 1.88 2.04 2.04 2.04 2.04 1.93 1.93 1.93 1.93 1.73 1.73 1.73 1.73 1.62 1.62 1.62 1.38 1.31 1.31 1.31 1.31 1.24 1.24 1.24 1.24 1.13 1.13 1.13 1.13 1.05 1.05 1.05 1.05 1.15 1.15 1.15 1.15 1.47 1.47 1.47 1.47
2.52 1.98 1.98 1.98 2.29 2.29 2.29 2.29 2.01 2.01 2.01 2.01 1.52 1.52 1.52 1.52 1.32 1.32 1.32 1.32 1.30 1.30 1.30 1.30 1.30 1.30 1.30 1.30 1.28 1.28 1.28 1.28 1.41 1.41 1.41 1.41 1.67 1.67 1.67 1.67 1.88 1.88 1.88 1.88 2.04 2.04 2.04 2.04 1.93 1.93 1.93 1.93 1.73 1.73 1.73 1.73 1.62 1.62 1.62 1.62 1.55 1.31 1.31 1.31 1.24 1.24 1.24 1.24 1.13 1.13 1.13 1.13 1.05 1.05 1.05 1.05 1.15 1.15 1.15 1.15 1.47 1.47 1.47 1.47
2.63 2.63 2.10 2.10 2.27 2.27 2.27 2.27 1.75 1.75 1.75 1.75 1.40 1.40 1.40 1.40 1.28 1.28 1.28 1.28 1.23 1.23 1.23 1.23 1.24 1.24 1.24 1.24 1.41 1.41 1.41 1.41 1.66 1.66 1.66 1.66 1.77 1.77 1.77 1.77 1.93 1.93 1.93 1.93 1.99 1.99 1.99 1.99 1.82 1.82 1.82 1.82 1.70 1.70 1.70 1.70 1.55 1.55 1.55 1.55 1.42 1.42 1.19 1.19 1.11 1.11 1.11 1.11 1.00 1.00 1.00 1.00 0.96 0.96 0.96 0.87 1.16 1.16 1.16 1.16 1.53 1.53 1.53 1.53
2.63 2.63 2.10 2.10 2.27 2.27 2.27 2.27 1.75 1.75 1.75 1.75 1.40 1.40 1.40 1.40 1.28 1.28 1.28 1.28 1.23 1.23 1.23 1.23 1.24 1.24 1.24 1.24 1.41 1.41 1.41 1.41 1.66 1.66 1.66 1.66 1.77 1.77 1.77 1.77 1.93 1.93 1.93 1.93 1.99 1.99 1.99 1.99 1.82 1.82 1.82 1.82 1.70 1.70 1.70 1.70 1.55 1.55 1.55 1.55 1.42 1.42 1.42 1.42 1.11 1.11 1.11 1.11 1.00 1.00 1.00 1.00 0.96 0.58 0.96 0.87 1.16 1.16 1.16 1.16 1.53 1.53 1.53 1.53
2.68 2.68 2.14 2.14 2.25 2.25 2.25 2.25 1.74 1.74 1.74 1.74 1.39 1.39 1.39 1.39 1.28 1.28 1.28 1.28 1.21 1.21 1.21 1.21 1.22 1.22 1.22 0.00 1.38 1.38 1.38 1.38 1.61 1.61 1.61 1.61 1.69 1.69 1.69 1.69 1.83 1.83 1.83 1.83 1.88 1.88 1.88 1.88 1.74 1.74 1.74 1.74 1.61 1.61 1.61 1.61 1.48 1.48 1.48 1.48 1.37 0.79 1.37 1.37 1.31 1.07 1.07 1.07 0.96 0.96 0.55 0.55 0.55 0.00 0.89 0.85 1.10 1.10 1.10 1.10 1.42 1.42 1.42 1.42
2.68 2.68 2.68 2.14 2.25 2.25 2.25 2.25 1.74 1.74 1.74 1.74 1.39 1.39 1.39 1.39 1.28 1.28 1.28 1.28 1.21 1.21 1.21 1.21 1.22 1.22 1.22 1.22 1.38 1.38 1.38 1.38 1.61 1.61 1.61 1.61 1.69 1.69 1.69 1.69 1.83 1.83 1.83 1.83 1.88 1.88 1.88 1.88 1.74 1.74 1.74 1.74 1.61 1.61 1.61 1.61 1.48 1.48 1.48 1.48 1.37 1.37 1.37 0.79 1.31 1.31 1.07 1.07 0.96 0.96 0.87 0.92 0.89 0.93 0.93 0.93 1.10 1.10 1.10 1.10 1.42 1.42 1.42 1.42
2.83 2.83 2.83 2.30 2.03 2.03 2.03 2.03 1.47 1.47 1.47 1.47 1.31 1.31 1.31 1.31 1.25 1.25 1.25 1.25 1.22 1.22 1.22 1.22 1.31 1.31 1.31 1.31 1.55 1.55 1.55 1.55 1.68 1.68 1.68 1.68 1.70 1.70 1.70 1.70 1.82 1.82 1.82 1.82 1.78 1.78 1.78 1.78 1.67 1.67 1.67 1.67 1.54 1.54 1.54 1.54 1.47 1.47 1.47 1.47 1.37 1.37 1.37 1.20 0.78 1.30 1.30 1.16 0.87 0.97 0.55 0.87 0.55 0.97 1.02 1.02 1.27 1.27 1.27 1.27 1.45 1.45 1.45 1.45
2.83 2.83 2.83 2.83 2.03 2.03 2.03 2.03 1.47 1.47 1.47 1.47 1.31 1.31 1.31 1.31 1.25 1.25 1.25 1.25 1.22 1.22 1.22 1.22 1.31 1.31 1.31 1.31 1.55 1.55 1.55 1.55 1.68 1.68 1.68 1.68 1.70 1.70 1.70 1.70 1.82 1.82 1.82 1.82 1.78 1.78 1.78 1.78 1.67 1.67 1.67 1.67 1.54 1.54 1.54 1.54 1.47 1.47 1.47 1.47 1.37 1.37 1.37 1.37 0.78 1.30 1.30 1.16 1.12 0.97 0.97 0.87 0.00 0.97 1.02 1.02 1.27 1.27 1.27 1.27 1.45 1.45 1.45 1.45
2.83 2.83 2.83 2.83 2.03 2.03 2.03 2.03 1.47 1.47 1.47 1.47 1.31 1.31 1.31 1.31 1.25 1.25 1.25 1.25 1.22 1.22 1.22 1.22 1.31 1.31 1.31 1.31 1.55 1.55 1.55 1.55 1.68 1.68 1.68 1.68 1.70 1.70 1.70 1.70 1.82 1.82 1.82 1.82 1.78 1.78 1.78 1.78 1.67 1.67 1.67 1.67 1.54 1.54 1.54 1.54 1.47 1.47 1.47 1.47 1.37 1.37 1.37 1.20 1.30 1.30 1.30 1.30 1.12 1.22 0.00 0.00 0.00 1.02 1.02 1.02 1.27 1.27 1.27 1.27 1.45 1.45 1.45 1.45
2.83 2.83 2.83 2.83 2.03 2.03 2.03 2.03 1.47 1.47 1.47 1.47 1.31 1.31 1.31 1.31 1.25 1.25 1.25 1.25 1.22 1.22 1.22 1.22 1.31 1.31 1.31 1.31 1.55 1.55 1.55 1.55 1.68 1.68 1.68 1.68 1.70 1.70 1.70 1.70 1.82 1.82 1.82 1.82 1.78 1.78 1.78 1.78 1.67 1.67 1.67 1.67 1.54 1.54 1.54 1.54 1.47 1.47 1.47 1.47 1.37 1.37 1.37 1.37 1.24 1.30 1.30 1.30 1.22 1.17 0.00 0.00 0.97 1.02 0.90 1.02 1.27 1.27 1.27 1.27 1.45 1.45 1.45 1.45
2.79 2.79 2.79 2.79 2.27 1.73 1.73 1.73 1.29 1.29 1.29 1.29 1.22 1.22 1.22 1.22 1.24 1.24 1.24 1.24 1.26 1.26 1.26 1.26 1.35 1.35 1.35 1.35 1.60 1.60 1.60 1.60 1.71 1.71 1.71 1.71 1.70 1.70 1.70 1.70 1.72 1.72 1.72 1.72 1.71 1.71 1.71 1.71 1.67 0.82 1.67 1.67 1.49 1.49 1.49 1.49 1.44 1.44 1.44 1.44 1.43 1.43 1.43 1.43 1.27 0.00 1.18 1.18 1.16 1.24 0.00 0.00 0.00 0.00 0.98 1.17 1.32 1.32 1.32 1.32 1.34 1.34 1.34 1.34
2.79 2.79 2.79 2.79 2.27 1.73 1.73 1.73 1.29 1.29 1.29 1.29 1.22 1.22 1.22 1.22 1.24 1.24 1.24 1.24 1.26 1.26 1.26 1.26 1.35 1.35 1.19 1.35 1.60 1.60 1.60 1.60 1.71 1.71 1.71 1.71 1.70 1.70 1.70 1.70 1.72 1.72 1.72 1.72 1.71 1.71 1.71 1.71 1.35 1.67 1.67 1.67 1.49 1.49 1.49 1.49 1.44 1.44 1.44 1.44 1.43 1.43 1.43 1.43 1.27 0.00 0.00 0.00 0.00 0.00 0.00 0.00 0.00 0.00 0.00 1.17 1.32 1.32 1.32 1.32 1.34 1.34 1.34 1.40
2.79 2.79 2.79 2.79 2.27 2.27 1.73 1.73 1.29 1.29 1.29 1.29 1.22 0.00 1.22 1.22 1.24 1.24 1.24 1.24 1.26 1.26 1.26 1.14 1.19 1.35 1.35 1.35 1.60 1.60 1.60 1.60 1.71 1.71 1.71 1.71 1.70 1.70 1.70 1.70 1.72 1.72 1.72 1.72 1.71 1.71 1.71 1.71 1.67 1.67 1.67 1.67 1.49 1.49 1.49 1.49 1.44 1.44 1.44 1.44 1.43 1.43 1.43 1.23 1.27 0.00 0.00 0.00 0.00 0.00 0.00 0.00 0.00 0.00 0.00 0.00 0.00 0.55 1.60 1.60 1.63 1.63 0.58 1.12
2.79 2.79 2.79 2.79 2.27 2.27 1.73 1.73 1.29 1.29 1.29 1.29 1.22 1.18 1.18 1.12 1.24 1.24 1.24 1.24 0.00 0.00 0.79 1.14 1.19 1.35 1.35 1.35 1.31 1.60 1.60 1.60 1.71 1.71 1.71 1.37 1.37 1.37 1.70 1.70 1.72 1.72 1.72 1.72 1.71 1.71 1.71 1.71 1.67 1.67 1.67 1.67 1.49 1.49 1.49 1.49 1.44 1.44 1.44 1.44 1.43 1.43 1.43 1.43 1.27 0.00 0.00 0.00 0.00 0.00 0.00 0.00 0.00 0.00 0.00 0.00 0.00 0.00 0.55 1.60 0.55 0.00 0.00 0.00
2.58 2.58 2.58 2.58 2.09 2.09 1.54 1.54 1.24 1.24 1.24 1.24 1.21 1.17 1.12 1.12 1.26 1.26 1.26 1.26 1.26 0.79 0.00 1.14 0.00 1.19 1.28 1.35 1.68 1.68 1.68 1.68 1.86 1.86 1.86 1.86 1.65 1.65 1.65 1.65 1.56 1.56 1.56 1.56 1.67 1.67 1.67 1.67 1.69 1.69 1.69 1.69 1.47 1.47 1.47 1.47 1.40 1.40 1.40 1.22 1.24 1.45 1.45 1.45 1.22 0.00 0.00 0.00 0.00 0.00 0.00 0.00 0.00 0.00 0.00 0.00 0.00 0.00 0.00 0.00 0.00 0.00 0.00 0.00
2.58 2.58 2.58 2.58 2.09 2.09 2.09 1.54 1.24 1.24 1.24 1.24 1.21 1.17 1.21 1.21 1.26 1.26 1.26 1.26 1.26 1.14 0.00 0.00 0.00 0.00 0.80 1.35 1.68 1.68 1.68 1.68 1.86 1.86 1.86 1.86 1.65 0.81 1.34 1.65 1.56 1.56 1.56 1.56 1.67 1.67 1.67 1.67 1.69 1.69 1.69 1.69 1.47 1.47 1.37 1.37 0.79 1.40 1.22 0.79 0.00 0.00 1.45 1.45 1.42 0.00 0.00 0.00 0.00 0.00 0.00 0.00 0.00 0.00 0.00 0.00 0.00 0.00 0.00 0.00 0.00 0.00 0.55 1.60
2.58 2.58 2.58 2.58 2.09 2.09 2.09 1.54 1.24 1.24 1.24 1.24 1.12 1.12 1.21 1.21 1.26 1.26 1.26 1.26 1.26 1.26 1.14 0.00 0.00 0.00 1.28 1.35 1.68 1.68 1.68 1.68 1.45 1.86 1.86 1.86 1.51 0.00 1.34 1.65 1.56 1.30 1.56 1.56 1.67 1.67 1.67 1.67 1.69 1.69 1.69 1.36 1.47 1.47 1.37 0.00 0.00 0.00 1.22 0.79 0.00 0.79 1.45 1.45 1.42 1.22 0.00 0.00 0.00 0.00 0.00 0.00 0.00 0.00 0.00 0.00 0.00 0.00 0.00 0.00 0.00 0.00 0.00 1.60
2.58 2.58 2.58 2.58 2.09 2.09 2.09 1.59 1.24 1.24 1.24 1.20 0.00 1.12 1.21 1.21 1.26 1.26 1.26 1.26 1.26 1.26 1.26 0.00 0.00 1.19 1.35 1.35 1.68 1.68 1.68 1.68 1.45 1.86 1.45 1.86 1.65 1.65 0.00 0.00 1.44 1.44 1.30 1.56 1.67 1.67 1.67 1.67 1.69 1.69 1.69 1.36 1.47 1.25 0.00 0.00 0.00 0.00 0.00 0.79 0.79 1.24 0.79 1.45 1.33 1.22 0.00 0.00 0.00 0.00 0.00 0.00 0.00 0.00 0.00 0.00 0.00 0.00 0.00 0.00 0.00 0.00 0.00 0.00
2.44 2.44 2.44 2.44 2.01 2.01 2.01 2.01 1.23 0.81 1.23 1.13 1.13 1.13 1.24 1.24 1.30 1.30 1.30 1.30 1.29 1.29 1.16 0.00 1.24 1.44 1.44 1.44 1.86 1.86 1.86 1.86 1.49 1.49 0.00 1.95 1.62 1.62 1.33 0.00 0.00 0.00 1.41 1.52 1.66 1.66 1.66 1.66 1.64 1.64 1.64 1.34 1.26 0.00 0.00 0.00 0.00 0.00 0.00 0.00 0.80 0.80 0.80 0.80 0.00 0.00 0.00 0.00 0.00 0.00 0.00 0.00 0.00 0.00 0.00 0.00 0.00 0.00 0.00 0.00 0.00 0.00 0.00 0.00
2.44 2.44 2.44 2.44 2.01 2.01 2.01 2.01 0.00 0.00 0.00 1.13 1.24 0.81 1.24 1.24 1.30 1.30 1.30 1.30 1.29 1.29 0.79 0.00 1.44 1.44 1.44 1.44 1.86 1.86 1.86 0.00 0.00 0.00 0.00 1.95 1.62 1.62 1.62 1.62 1.52 0.00 0.80 1.52 1.66 1.66 1.66 1.66 1.64 1.64 1.64 1.64 1.49 0.00 0.00 0.00 0.00 0.00 0.00 0.00 1.25 0.80 0.80 0.00 0.00 0.00 0.00 0.00 0.00 0.00 0.00 0.00 0.00 0.00 0.00 0.00 0.00 0.00 0.00 0.00 0.00 0.00 0.00 0.00
2.41 2.41 2.41 2.41 1.96 1.96 1.96 1.96 1.76 0.00 1.12 1.22 1.13 1.13 1.13 1.23 1.28 1.28 1.28 1.28 1.27 1.27 1.27 0.00 1.41 1.41 1.41 1.41 1.80 1.80 1.80 0.00 0.00 0.00 0.00 0.00 1.57 1.57 1.57 1.57 1.48 0.00 0.78 1.38 1.48 1.60 1.60 1.60 0.79 1.59 1.31 0.79 1.44 1.23 0.00 0.00 0.00 0.00 0.00 0.00 0.00 0.00 0.00 0.00 0.00 0.00 0.00 0.00 0.00 0.00 0.00 0.00 0.00 0.00 0.00 0.00 0.00 0.00 0.00 0.00 0.00 0.00 0.00 0.00
2.41 2.41 2.41 2.41 1.96 1.96 1.96 1.96 1.76 1.12 1.12 1.12 0.80 0.00 1.13 1.23 1.28 1.28 1.28 1.15 1.27 1.27 1.15 1.15 1.41 1.41 1.41 1.41 1.80 1.80 1.80 0.00 0.00 0.00 0.00 0.00 1.57 1.57 1.57 1.30 0.00 0.00 1.48 1.48 1.60 1.60 1.60 1.60 1.31 1.31 0.79 0.00 0.00 1.23 0.00 0.00 0.00 0.00 0.00 0.00 0.00 0.00 0.00 0.00 0.76 0.00 0.00 0.53 1.35 0.00 0.00 0.00 0.00 0.00 0.00 0.00 0.00 0.00 0.00 0.00 0.00 0.00 0.00 0.00
