New_Model_Runs/12_Future_RCP4.5_Scn2_out/post_prcessed_with_MFR/Monthly_summaries/interception_monthly_DEC.asc
NCOLS 700
NROWS 400
XLLCENTER 515000.000000
YLLCENTER 8409000.000000
CELLSIZE 50.000000
NODATA_value -999.000000
[rows 152 to 189 of 400, columns 336 to 419 of 700]
0.00 0.73 0.78 0.78 0.83 0.78 0.71 0.71 0.75 0.91 1.64 1.64 1.82 1.82 1.82 1.82 1.88 1.88 1.88 1.88 1.71 1.71 1.71 1.71 1.56 1.56 0.00 0.00 0.00 0.00 0.00 0.00 0.00 0.00 0.00 0.00 0.00 0.00 1.62 1.56 1.62 1.51 1.62 0.00 0.00 0.00 0.00 0.00 0.00 0.00 0.00 0.00 0.00 0.00 0.00 0.00 0.00 0.00 0.00 0.00 0.00 0.00 0.00 0.00 0.00 0.00 0.00 0.00 0.00 0.00 0.00 0.00 0.00 0.00 0.00 0.00 0.00 0.00 0.00 0.00 0.00 0.00 0.00 0.00
0.00 0.35 0.78 0.68 0.71 0.00 0.71 0.83 0.75 0.91 0.91 1.64 1.82 1.82 1.82 1.82 1.88 1.88 1.88 1.88 1.71 1.71 1.71 1.71 1.56 1.56 1.56 1.56 0.00 0.00 0.00 0.00 0.00 0.00 0.00 0.00 0.00 0.00 1.32 1.56 1.62 1.51 0.00 0.00 0.00 0.00 0.00 0.00 0.00 0.00 0.00 0.00 0.00 0.00 0.00 0.00 0.00 0.00 0.00 0.00 0.00 0.00 0.00 0.00 0.00 0.00 0.00 0.00 0.00 0.00 0.00 0.00 0.00 0.00 0.00 0.00 0.00 0.00 0.00 0.00 0.00 0.00 0.00 0.00
0.35 0.00 0.00 0.00 0.00 0.78 0.83 0.83 0.91 0.91 0.91 1.64 1.82 1.82 1.82 1.82 1.88 1.88 1.88 1.88 1.71 1.71 1.71 1.71 1.56 1.56 1.56 1.56 1.54 0.00 0.00 0.00 0.00 0.00 0.00 0.00 0.00 0.00 1.32 1.46 1.62 1.51 0.00 0.00 0.00 0.00 0.00 0.00 0.00 0.00 0.00 0.00 0.00 0.00 0.00 0.00 0.00 0.00 0.00 0.00 0.00 0.00 0.00 0.00 0.00 0.00 0.00 0.00 0.00 0.00 0.00 0.00 0.00 0.00 0.00 0.00 0.00 0.00 0.00 0.00 0.00 0.00 0.00 0.00
0.78 0.00 0.00 0.00 0.71 0.71 0.71 0.83 0.91 0.91 0.91 0.91 1.82 1.82 1.82 1.82 1.88 1.88 1.88 1.88 1.71 1.71 1.71 1.71 1.56 1.56 1.56 1.56 1.45 0.00 0.00 0.00 0.00 0.00 0.00 0.00 0.00 1.46 1.46 1.56 1.51 0.00 0.00 0.00 0.00 0.00 0.00 0.00 0.00 0.00 0.00 0.00 0.00 0.00 0.00 0.00 0.00 0.00 0.00 0.00 0.00 0.00 0.00 0.00 0.00 0.00 0.00 0.00 0.00 0.00 0.00 0.00 0.00 0.00 0.00 0.00 0.00 0.00 0.00 0.00 0.00 0.00 0.00 0.00
0.82 0.00 0.00 0.70 0.85 0.85 0.85 0.85 0.93 0.93 0.93 0.93 1.13 1.85 1.85 1.85 1.87 1.87 1.87 1.87 1.72 1.72 1.72 1.72 1.67 1.67 1.67 1.67 1.26 1.43 0.00 0.00 0.00 0.00 0.00 0.00 1.36 1.65 1.65 1.65 0.00 0.00 0.00 0.00 0.00 0.00 0.00 0.00 0.00 0.00 0.00 0.00 0.00 0.00 0.00 0.00 0.00 0.00 0.00 0.00 0.00 0.00 0.00 0.00 0.00 0.00 0.00 0.00 0.00 0.00 0.00 0.00 0.00 0.00 0.00 0.00 0.00 0.00 0.00 0.00 0.00 0.00 0.00 0.00
0.70 0.00 0.82 0.70 0.85 0.85 0.85 0.85 0.93 0.93 0.93 0.93 1.13 1.13 1.85 1.85 1.87 1.87 1.87 1.87 1.72 1.72 1.72 1.72 1.67 1.67 1.47 1.28 1.26 1.43 0.00 0.00 0.00 0.00 1.29 1.29 1.65 1.65 1.65 1.65 1.45 0.00 0.00 0.00 0.00 0.00 0.00 0.00 0.00 0.00 0.00 0.00 0.00 0.00 0.00 0.00 0.00 0.00 0.00 0.00 0.00 0.00 0.00 0.00 0.00 0.00 0.00 0.00 0.00 0.00 0.00 0.00 0.00 0.00 0.00 0.00 0.00 0.00 0.00 0.00 0.00 0.00 0.00 0.00
0.82 0.70 0.82 0.82 0.85 0.85 0.85 0.72 0.76 0.93 0.93 0.93 1.13 1.13 1.85 1.85 1.87 1.87 1.87 1.87 1.72 1.72 1.72 1.52 1.47 1.47 1.47 1.47 1.43 1.43 1.36 1.36 1.42 1.42 1.51 1.42 1.65 1.65 1.65 1.65 1.55 1.55 0.00 0.00 0.00 0.00 0.00 0.00 0.00 0.00 0.00 0.00 0.00 0.00 0.00 0.00 0.00 0.00 0.00 0.00 0.00 0.00 0.00 0.00 0.00 0.00 0.00 0.00 0.00 0.00 0.00 0.00 0.00 0.00 0.00 0.00 0.00 0.00 0.00 0.00 0.00 0.00 0.00 0.00
0.82 0.82 0.70 0.82 0.85 0.85 0.72 0.72 0.76 0.93 0.93 0.93 1.13 1.13 1.13 1.85 1.87 1.87 1.87 1.87 1.72 1.52 1.52 1.52 1.47 1.47 1.47 1.47 1.43 1.43 1.26 1.43 1.51 1.51 1.51 1.51 1.65 1.65 1.65 1.65 1.55 1.45 0.00 0.00 0.00 0.00 0.00 0.00 0.00 0.00 0.00 0.00 0.00 0.00 0.00 0.00 0.00 0.00 0.00 0.00 0.00 0.00 0.00 0.00 0.00 0.00 0.00 0.00 0.00 0.00 0.00 0.00 0.00 0.00 0.00 0.00 0.00 0.00 0.00 0.00 0.00 0.00 0.00 0.00
0.88 0.88 0.74 0.88 0.88 0.88 0.73 0.73 0.96 0.96 0.96 0.96 1.17 1.17 1.17 1.17 1.91 1.91 1.71 1.71 1.63 1.63 1.63 1.63 1.60 1.60 1.60 1.60 1.60 1.60 1.60 1.60 1.65 1.65 1.65 1.65 1.62 1.62 1.62 1.62 1.53 1.53 0.00 0.00 0.00 0.00 0.00 0.00 1.48 0.00 0.00 0.00 0.00 0.00 0.00 0.00 0.00 0.00 0.00 0.00 0.00 0.00 0.00 0.00 0.00 0.00 0.00 0.00 0.00 0.00 0.00 0.00 0.00 0.00 0.00 0.00 0.00 0.00 0.00 0.00 0.00 0.00 0.00 0.00
0.88 0.74 0.74 0.88 0.88 0.88 0.73 0.73 0.78 0.96 0.96 0.00 1.17 1.17 1.17 1.17 1.71 1.71 1.71 1.71 1.63 1.63 1.63 1.63 1.60 1.60 1.60 1.60 1.60 1.60 1.60 1.60 1.65 1.65 1.65 1.65 1.62 1.62 1.62 1.62 1.30 1.30 0.00 0.00 0.00 1.46 1.46 1.46 0.00 0.00 0.00 0.00 0.00 0.00 0.00 0.00 0.00 0.00 0.00 0.00 0.00 0.00 0.00 0.00 0.00 0.00 0.00 0.00 0.00 0.00 0.00 0.00 0.00 0.00 0.00 0.00 0.00 0.00 0.00 0.00 0.00 0.00 0.00 0.00
0.91 0.91 0.91 0.91 0.91 0.91 0.91 0.91 0.80 1.00 1.00 1.00 1.23 1.23 1.23 1.23 1.77 1.77 1.77 1.77 1.67 1.67 1.67 1.67 1.64 1.64 1.64 1.64 1.64 1.64 1.64 1.64 1.66 1.66 1.66 1.66 1.64 1.64 1.64 1.64 1.54 1.54 1.54 1.44 1.47 1.57 1.57 1.57 1.58 1.48 0.00 0.00 0.00 0.00 0.00 0.00 0.00 0.79 0.79 0.00 0.00 0.00 0.00 0.00 0.00 0.00 0.00 0.00 0.00 0.00 0.00 0.00 0.00 0.00 0.00 0.00 0.00 0.00 0.00 0.00 0.00 0.00 0.00 0.00
0.91 0.91 0.91 0.91 0.91 0.91 0.91 0.91 1.00 1.00 1.00 1.00 1.23 1.23 1.23 1.23 1.77 1.77 1.77 1.77 1.67 1.67 1.67 1.67 1.64 1.64 1.64 1.64 1.64 1.64 1.64 1.64 1.66 1.66 1.66 1.66 1.64 1.64 1.64 1.64 1.54 1.54 1.54 1.54 1.57 1.57 1.57 1.57 1.58 1.58 1.58 0.00 1.31 0.00 0.00 0.00 0.79 1.62 1.62 1.62 0.00 0.00 0.00 0.00 0.00 0.00 0.00 0.00 0.00 0.00 0.00 0.00 0.00 0.00 0.00 0.00 0.00 0.00 0.00 0.00 0.00 0.00 0.00 0.00
0.99 0.99 0.99 0.99 1.08 1.08 1.08 1.08 1.24 1.24 1.24 1.24 1.34 1.34 1.34 1.86 1.70 1.70 1.70 1.70 1.63 1.63 1.63 1.63 1.65 1.65 1.65 1.65 1.68 1.68 1.68 1.68 1.63 1.63 1.63 1.63 1.61 1.61 1.61 1.61 1.62 1.62 1.62 1.62 1.65 1.65 1.65 1.65 1.59 1.59 1.48 0.00 0.00 0.00 0.00 0.79 1.70 1.70 1.70 1.70 0.80 1.72 0.80 0.00 0.00 0.00 0.00 0.00 0.00 0.00 0.00 0.00 0.00 0.00 0.00 0.00 0.00 0.00 0.00 0.00 0.00 0.00 0.00 0.00
0.99 0.99 0.99 0.99 1.08 1.08 1.08 1.08 1.24 1.24 1.24 1.24 1.34 1.34 1.34 1.86 1.70 1.70 1.70 1.70 1.63 1.63 1.63 1.63 1.65 1.65 1.65 1.65 1.68 1.68 1.68 1.68 1.63 1.63 1.63 1.63 1.61 1.61 1.61 1.61 1.62 1.62 1.62 1.62 1.65 1.65 1.65 1.65 1.59 1.48 0.00 0.00 0.00 0.00 0.00 1.60 1.70 1.70 1.70 1.70 1.72 1.72 1.72 1.72 0.00 0.00 0.00 0.00 0.00 0.00 0.00 0.00 0.00 0.00 0.00 0.00 0.00 0.00 0.00 0.00 0.00 0.00 0.00 0.00
0.99 0.99 0.99 0.99 1.08 1.08 1.08 1.08 1.24 1.24 1.24 1.24 1.34 1.34 1.34 1.86 1.70 1.70 1.70 1.70 1.63 1.63 1.63 1.63 1.65 1.65 1.65 1.65 1.68 1.68 1.68 1.68 1.63 1.63 1.63 1.63 1.61 1.61 1.61 1.61 1.62 1.62 1.62 1.62 1.65 1.65 1.65 1.65 1.59 1.33 0.00 0.00 0.00 0.00 0.00 1.49 1.70 1.70 1.70 1.70 1.72 1.72 1.72 1.72 0.00 0.00 0.00 0.00 0.00 0.00 0.00 0.00 0.00 0.00 0.00 0.00 0.00 0.00 0.00 0.00 0.00 0.00 0.00 0.00
0.99 0.99 0.99 0.99 1.08 1.08 1.08 1.08 1.24 1.24 1.24 1.24 1.34 1.34 1.86 1.86 1.70 1.70 1.70 1.70 1.63 1.63 1.63 1.63 1.65 1.65 1.65 1.65 1.68 1.68 1.68 1.68 1.63 1.63 1.63 1.63 1.61 1.61 1.61 1.61 1.62 1.62 1.62 1.62 1.65 1.65 1.65 1.65 1.48 1.48 1.33 1.33 1.49 1.49 1.49 1.49 1.70 1.70 1.70 1.57 1.39 1.72 1.59 1.72 0.00 0.00 0.00 0.00 0.00 0.00 0.00 0.00 0.00 0.00 0.00 0.00 0.00 0.00 0.00 0.00 0.00 0.00 0.00 0.00
1.09 1.09 1.09 1.09 1.28 1.28 1.28 1.28 1.26 1.26 1.26 1.26 1.09 1.09 1.62 1.62 1.52 1.52 1.52 1.52 1.53 1.53 1.53 1.53 1.53 1.53 1.53 1.53 1.52 1.52 1.52 1.52 1.48 1.48 1.48 1.48 1.49 1.49 1.49 1.49 0.79 1.45 1.32 1.55 1.59 1.59 1.59 1.59 1.62 1.51 1.62 1.62 1.65 1.65 1.65 1.65 1.70 1.70 1.70 0.00 1.37 0.79 0.00 0.00 0.00 0.00 0.00 0.00 0.00 0.00 0.00 0.00 0.00 0.00 0.00 0.00 0.00 0.00 0.00 0.00 0.00 0.00 0.00 0.00
1.09 1.09 1.09 1.09 1.28 1.28 1.28 1.28 1.26 1.26 1.26 1.26 1.09 1.09 1.62 1.62 1.52 1.52 1.52 1.52 1.53 1.53 1.53 1.53 1.53 1.53 1.53 1.53 1.52 1.52 1.52 1.52 1.48 1.48 1.48 1.48 1.49 1.49 1.49 1.49 1.32 1.55 1.32 1.55 1.59 1.59 1.59 1.59 1.62 1.62 1.62 1.62 1.65 1.65 1.65 1.53 1.57 1.57 1.57 1.57 0.00 0.00 0.00 0.00 0.00 0.00 0.00 0.00 0.00 0.00 0.00 0.00 0.00 0.00 0.00 0.00 0.00 0.00 0.00 0.00 0.00 0.00 0.00 0.00
1.09 1.09 1.09 1.09 1.28 1.28 1.28 1.28 1.26 1.26 1.26 1.26 1.09 1.62 1.62 1.62 1.52 1.52 1.52 1.52 1.53 1.53 1.53 1.53 1.53 1.53 1.53 0.81 1.30 1.52 1.52 1.52 1.48 1.48 1.48 1.48 1.49 1.49 1.49 1.49 1.32 1.32 1.55 1.55 1.59 1.59 1.59 1.59 1.62 1.62 1.62 1.62 1.65 1.53 1.53 1.53 1.57 1.70 1.70 0.00 0.00 0.00 0.00 0.00 0.00 0.00 0.00 0.00 0.00 0.00 0.00 0.00 0.00 0.00 0.00 0.00 0.00 0.00 0.00 0.00 0.00 0.00 0.00 0.00
1.09 1.09 1.09 1.09 1.28 1.28 1.28 1.28 1.26 1.26 1.26 1.26 1.09 1.62 1.62 1.62 1.52 1.52 1.52 1.52 1.53 1.53 1.53 1.53 1.53 1.53 1.53 0.81 0.81 1.52 1.52 1.52 1.48 1.48 1.48 1.48 1.49 1.49 1.41 1.49 1.55 1.32 1.55 1.55 1.49 1.49 1.59 1.59 1.62 1.62 1.62 1.62 1.65 0.00 0.00 0.00 0.00 0.00 0.00 0.00 0.00 0.00 0.00 0.00 0.00 0.00 0.00 0.00 0.00 0.00 0.00 0.00 0.00 0.00 0.00 0.00 0.00 0.00 0.00 0.00 0.00 0.00 0.00 0.00
1.22 1.22 1.22 1.22 1.19 1.19 1.19 1.19 1.03 1.03 1.03 1.03 1.05 1.57 1.57 1.57 1.63 1.63 1.63 1.63 1.55 1.55 1.55 1.55 1.48 1.48 1.48 0.81 0.81 1.42 1.42 1.42 1.38 1.38 1.38 1.38 1.39 1.39 1.33 1.33 1.45 1.45 1.45 1.45 1.43 1.30 1.52 1.52 1.56 1.31 1.46 1.56 1.48 0.00 0.00 0.00 0.00 0.00 0.00 0.00 0.00 0.00 0.00 0.00 0.00 0.00 0.00 0.00 0.00 0.00 0.00 0.00 0.00 0.00 0.00 0.00 0.00 0.00 0.00 0.00 0.00 0.00 0.00 0.00
1.22 1.22 1.22 1.22 1.19 1.19 1.19 1.19 1.03 1.03 1.03 1.03 1.05 1.57 1.57 1.57 1.63 1.63 1.63 1.63 1.55 1.55 1.55 1.55 1.48 1.48 1.48 0.81 0.81 0.81 1.42 1.42 1.38 1.23 1.38 1.38 1.39 1.39 1.39 1.24 1.27 1.45 1.45 1.45 1.52 1.52 1.52 1.52 1.46 0.00 0.00 0.00 0.79 0.00 0.00 0.00 0.00 0.00 0.00 0.00 0.00 0.00 0.00 0.00 0.00 0.00 0.00 0.00 0.00 0.00 0.00 0.00 0.00 0.00 0.00 0.00 0.00 0.00 0.00 0.00 0.00 0.00 0.00 0.00
1.22 1.22 1.22 1.22 1.19 1.19 1.19 1.19 1.03 1.03 1.03 1.03 1.57 1.57 1.57 1.57 1.63 1.63 1.63 1.63 1.55 1.55 1.55 1.55 1.48 1.48 1.48 1.48 1.42 1.42 1.42 1.42 1.38 1.38 1.38 1.38 1.39 1.39 1.33 0.00 0.00 1.37 1.37 1.45 0.79 0.79 1.52 1.52 1.46 0.00 0.00 0.00 0.00 0.00 0.00 0.00 0.00 0.00 0.00 0.00 0.00 0.00 0.00 0.00 0.00 0.00 0.00 0.00 0.00 0.00 0.00 0.00 0.00 0.00 0.00 0.00 0.00 0.00 0.00 0.00 0.00 0.00 0.00 0.00
1.22 1.22 1.22 1.22 1.19 1.19 1.19 1.19 1.03 1.03 1.03 1.03 1.57 1.57 1.57 1.57 1.63 1.63 1.63 1.63 1.55 1.55 1.55 1.55 1.48 1.48 1.48 1.48 1.42 1.42 1.42 1.36 0.00 0.78 1.38 1.38 0.78 0.78 0.00 0.00 0.00 0.00 0.79 1.45 0.79 0.00 0.79 1.52 1.56 1.56 0.00 0.00 0.00 0.00 0.00 0.00 0.00 0.00 0.00 0.00 0.00 0.00 0.00 0.00 0.00 0.00 0.00 0.00 0.00 0.00 0.00 0.00 0.00 0.00 0.00 0.00 0.00 0.00 0.00 0.00 0.00 0.00 0.00 0.00
1.09 1.09 0.00 0.00 1.02 1.02 1.02 1.02 1.08 1.08 1.08 1.08 1.77 1.77 1.77 1.77 1.74 1.74 1.74 1.74 1.61 1.61 1.61 1.61 1.53 1.53 1.53 1.53 1.45 1.45 1.45 1.45 0.78 0.00 0.00 1.36 0.00 0.00 0.00 0.00 0.00 0.00 0.00 0.79 0.00 0.00 0.00 0.79 0.00 0.00 0.00 0.00 0.00 0.00 0.00 0.00 0.00 0.00 0.00 0.00 0.00 0.00 0.00 0.00 0.00 0.00 0.00 0.00 0.00 0.00 0.00 0.00 0.00 0.00 0.00 0.00 0.00 0.00 0.00 0.00 0.00 0.00 0.00 0.00
1.09 1.09 1.09 0.00 0.00 1.02 1.02 1.02 1.08 1.08 1.08 1.60 1.77 1.77 1.77 1.77 1.74 1.74 1.74 1.74 1.61 1.61 1.61 1.61 1.53 1.53 1.53 1.53 1.45 1.45 1.45 1.45 1.36 1.36 0.78 0.00 0.00 0.00 0.00 0.00 0.00 0.00 0.00 0.00 0.00 0.00 0.00 0.00 0.00 0.00 0.00 0.00 0.00 0.00 0.00 0.00 0.00 0.00 0.00 0.00 0.00 0.00 0.00 0.00 0.00 0.00 0.00 0.00 0.00 0.00 0.00 0.00 0.00 0.00 0.00 0.00 0.00 0.00 0.00 0.00 0.00 0.00 0.00 0.00
1.12 1.12 1.12 1.12 1.05 1.05 0.00 0.00 0.86 1.11 1.11 1.63 1.80 1.80 1.80 1.80 1.78 1.78 1.78 1.78 1.65 1.65 1.65 1.65 1.56 1.56 1.56 1.56 1.47 1.47 1.47 1.47 1.36 1.36 1.36 1.36 1.24 1.40 1.40 1.24 0.79 0.00 0.00 0.00 0.00 0.00 0.00 0.00 0.00 0.00 0.00 0.00 0.00 0.00 0.00 0.00 0.00 0.00 0.00 0.00 0.00 0.00 0.00 0.00 0.00 0.00 0.00 0.00 0.00 0.00 0.00 0.00 0.00 0.00 0.00 0.00 0.00 0.00 0.00 0.00 0.00 0.00 0.00 0.00
1.12 1.12 1.12 0.00 0.00 0.00 0.00 0.00 0.00 0.00 1.11 1.63 1.80 1.80 1.80 1.80 1.78 1.78 1.78 1.78 1.65 1.65 1.65 1.65 1.56 1.56 1.56 1.56 1.47 1.47 1.47 1.47 1.36 1.36 1.36 1.36 1.40 1.40 1.40 1.40 1.45 1.45 0.79 0.00 0.00 0.00 0.00 0.00 0.00 0.00 0.00 0.00 0.00 0.00 0.00 0.00 0.00 0.00 0.00 0.00 0.00 0.00 0.00 0.00 0.00 0.00 0.00 0.00 0.00 0.00 0.00 0.00 0.00 0.00 0.00 0.00 0.00 0.00 0.00 0.00 0.00 0.00 0.00 0.00
1.13 0.00 0.00 0.00 0.00 0.00 0.00 0.00 0.00 0.00 0.00 1.95 0.00 1.89 1.89 1.89 1.68 1.68 1.68 1.68 1.64 1.64 1.64 1.64 1.60 1.60 1.60 1.60 1.52 1.52 1.52 1.52 1.46 1.46 1.46 1.46 1.52 1.52 1.52 1.52 1.56 1.56 1.56 1.46 0.00 0.00 0.00 0.00 0.00 0.00 0.00 0.00 0.00 0.00 0.00 0.00 0.00 0.00 0.00 0.00 0.00 0.00 0.00 0.00 0.00 0.00 0.00 0.00 0.00 0.00 0.00 0.00 0.00 0.00 0.00 0.00 0.00 0.00 0.00 0.00 0.00 0.00 0.00 0.00
0.00 0.00 0.00 0.00 0.00 0.00 0.00 0.00 0.00 0.00 0.00 0.00 0.00 1.89 1.89 1.89 1.68 1.68 1.68 1.68 1.64 1.64 1.64 1.64 1.60 1.60 1.60 1.60 1.52 1.52 1.52 1.52 1.27 1.46 1.46 1.46 1.52 1.52 1.52 1.52 1.56 1.56 1.56 1.56 1.46 1.46 1.46 1.46 1.52 0.00 0.00 0.00 0.00 0.00 0.00 0.00 0.00 0.00 0.00 0.00 0.00 0.00 0.00 0.00 0.00 0.00 0.00 0.00 0.00 0.00 0.00 0.00 0.00 0.00 0.00 0.00 0.00 0.00 0.00 0.00 0.00 0.00 0.00 0.00
0.00 0.00 0.00 0.00 0.00 0.00 0.00 0.00 0.00 0.00 0.00 1.95 1.89 1.89 1.89 1.89 1.68 1.68 1.68 1.68 1.64 1.64 1.64 1.64 1.60 1.60 1.60 1.60 1.52 1.52 1.52 1.52 1.27 1.46 1.46 1.46 1.52 1.52 1.31 1.52 1.56 1.56 1.56 1.56 1.56 1.56 1.56 1.56 1.43 0.00 0.00 0.00 0.00 0.00 0.00 0.00 0.00 0.00 0.00 0.00 0.00 0.00 0.00 0.00 0.00 0.00 0.00 0.00 0.00 0.00 0.00 0.00 0.00 0.00 0.00 0.00 0.00 0.00 0.00 0.00 0.00 0.00 0.00 0.00
0.00 0.00 0.00 0.00 0.00 0.00 0.00 0.00 0.00 0.00 0.00 1.95 1.89 1.89 1.89 1.89 1.68 1.68 1.68 1.68 1.64 1.64 1.64 1.64 1.60 1.60 1.60 1.60 1.52 1.52 1.52 1.52 1.46 1.46 1.46 1.46 1.52 1.52 1.52 1.52 1.56 1.56 1.56 1.56 1.56 1.56 1.56 1.56 1.52 1.43 0.00 0.00 0.00 0.00 0.00 0.00 0.00 0.00 0.00 0.00 0.00 0.00 0.00 0.00 0.00 0.00 0.00 0.00 0.00 0.00 0.00 0.00 0.00 0.00 0.00 0.00 0.00 0.00 0.00 0.00 0.00 0.00 0.00 0.00
0.00 0.00 0.00 0.00 0.00 0.00 0.00 0.00 0.00 0.00 1.92 1.92 1.75 1.75 1.75 1.75 1.62 1.62 1.62 1.62 1.62 1.62 1.62 1.62 1.59 1.59 1.59 1.59 1.60 1.60 1.60 1.60 1.58 1.58 1.58 1.58 1.63 1.63 1.63 1.63 1.67 1.67 1.67 1.67 1.66 1.66 1.66 1.66 1.60 1.49 1.49 0.00 0.00 0.79 0.79 0.79 0.00 0.00 0.00 0.00 0.00 0.00 0.00 0.00 0.00 0.00 0.00 0.00 0.00 0.00 0.00 0.00 0.00 0.00 0.00 0.00 0.00 0.00 0.00 0.00 0.00 0.00 0.00 0.00
0.00 0.00 0.00 0.00 0.00 0.00 0.00 0.00 1.40 1.92 1.92 1.92 1.75 1.75 1.75 1.75 1.62 1.62 1.62 1.62 1.62 1.62 1.62 1.62 1.59 1.59 1.59 1.59 1.60 1.60 1.60 1.60 1.58 1.58 1.58 1.58 1.63 1.63 1.63 1.63 1.67 1.67 1.67 1.67 1.66 1.66 1.66 1.66 1.60 1.60 1.60 1.49 0.00 1.67 1.67 1.67 1.79 0.80 0.00 0.00 0.00 0.00 0.00 0.00 0.00 0.00 0.00 0.00 0.00 0.00 0.00 0.00 0.00 0.00 0.00 0.00 0.00 0.00 0.00 0.00 0.00 0.00 0.00 0.00
0.00 0.00 0.00 0.00 0.00 0.00 0.00 1.45 1.40 1.92 1.92 1.92 1.75 1.75 1.75 1.75 1.62 1.62 1.62 1.62 1.62 1.62 1.62 1.62 1.59 1.59 1.59 1.59 1.60 1.60 1.60 1.60 1.58 1.58 1.58 1.58 1.63 1.63 1.63 1.63 1.67 1.67 1.67 1.67 1.66 1.66 1.66 1.66 1.60 1.60 1.60 1.60 1.37 1.55 1.67 1.67 1.79 1.79 1.79 1.79 0.00 0.00 0.00 0.00 0.00 0.00 0.00 0.00 0.00 0.00 0.00 0.00 0.00 0.00 0.00 0.00 0.00 0.00 0.00 0.00 0.00 0.00 0.00 0.00
0.00 0.00 0.00 0.00 0.00 0.00 0.00 1.45 1.92 1.92 1.92 1.92 1.75 1.75 1.75 1.75 1.62 1.62 1.62 1.62 1.62 1.62 1.62 1.62 1.59 1.59 1.59 1.59 1.60 1.60 1.60 1.60 1.58 1.58 1.58 1.58 1.63 1.63 1.63 1.63 1.67 1.67 1.67 1.67 1.66 1.66 1.66 1.66 1.60 1.60 1.60 1.60 1.67 1.67 1.67 1.67 1.79 1.79 1.79 1.79 1.85 0.00 0.00 0.00 0.00 0.00 0.00 0.00 0.00 0.00 0.00 0.00 0.00 0.00 0.00 0.00 0.00 0.00 0.00 0.00 0.00 0.00 0.00 0.00
0.00 0.00 0.00 0.00 0.00 0.00 0.00 1.39 1.76 1.76 1.76 1.76 1.68 1.68 0.00 1.68 1.64 1.64 1.64 1.64 1.64 1.64 1.64 1.64 1.61 1.61 1.61 1.61 1.61 1.61 1.61 1.61 1.58 1.58 1.58 1.58 1.60 1.60 1.60 1.60 1.63 1.63 1.63 1.63 1.68 1.68 1.68 1.68 1.70 1.70 1.70 1.70 1.75 1.75 1.75 1.75 1.76 1.76 1.76 0.00 0.00 0.00 0.00 0.00 0.00 0.00 0.00 0.00 0.00 0.00 0.00 0.00 0.00 0.00 0.00 0.00 0.00 0.00 0.00 0.00 0.00 0.00 0.00 0.00
0.00 0.00 0.00 0.00 0.00 0.00 0.00 0.00 1.76 1.76 1.76 1.76 1.68 1.68 1.68 1.68 1.64 1.64 1.64 1.64 1.64 1.64 1.64 1.64 1.61 1.61 1.61 1.61 1.61 1.61 1.61 1.61 1.58 1.58 1.58 1.58 1.60 1.60 1.60 1.60 1.63 1.63 1.63 1.63 1.68 1.68 1.68 1.68 1.70 1.70 1.70 1.70 1.75 1.75 1.75 1.75 1.76 1.76 1.41 0.00 0.00 0.00 0.00 0.00 0.00 0.00 0.00 0.00 0.00 0.00 0.00 0.00 0.00 0.00 0.00 0.00 0.00 0.00 0.00 0.00 0.00 0.00 0.00 0.00
