New_Model_Runs/12_Future_RCP4.5_Scn2_out/post_prcessed_with_MFR/Monthly_summaries/interception_monthly_JUN.asc
NCOLS 700
NROWS 400
XLLCENTER 515000.000000
YLLCENTER 8409000.000000
CELLSIZE 50.000000
NODATA_value -999.000000
[rows 152 to 189 of 400, columns 252 to 335 of 700]
0.00 0.00 0.00 0.00 0.00 0.00 0.00 0.00 0.00 0.00 0.00 0.00 0.00 0.00 0.00 0.00 0.00 0.00 0.00 0.00 0.00 0.00 0.00 0.00 0.00 0.00 0.00 0.00 0.00 0.00 0.00 0.00 0.00 0.00 0.00 0.00 0.00 0.00 0.00 0.00 0.00 0.00 0.00 0.00 0.00 0.00 0.00 1.08 1.27 1.27 1.27 1.27 1.48 1.48 1.48 1.48 1.60 1.60 1.60 1.60 1.53 1.53 1.53 1.53 1.24 1.24 1.24 1.24 0.90 0.90 0.90 0.90 0.70 0.70 0.56 0.00 0.44 0.65 0.65 0.00 0.00 0.00 0.00 0.00
0.00 0.00 0.00 0.00 0.00 0.00 0.00 0.00 0.00 0.00 0.00 0.00 0.00 0.00 0.00 0.00 0.00 0.00 0.00 0.00 0.00 0.00 0.00 0.00 0.00 0.00 0.00 0.00 0.00 0.00 0.00 0.00 0.00 0.00 0.00 0.00 0.00 0.00 0.00 0.00 0.00 0.00 0.00 0.00 0.00 0.00 1.08 1.08 1.27 1.27 1.27 1.27 1.48 1.48 1.48 1.48 1.60 1.60 1.60 1.60 1.53 1.53 1.53 1.53 1.24 1.24 1.24 1.24 0.90 0.90 0.90 0.90 0.56 0.56 0.00 0.00 0.44 0.65 0.65 0.00 0.00 0.00 0.00 0.00
0.00 0.00 0.00 0.00 0.00 0.00 0.00 0.00 0.00 0.00 0.00 0.00 0.00 0.00 0.00 0.00 0.00 0.00 0.00 0.00 0.00 0.00 0.00 0.00 0.00 0.00 0.00 0.00 0.00 0.00 0.00 0.00 0.00 0.00 0.00 0.00 0.00 0.00 0.00 0.00 0.00 0.00 0.00 0.00 0.00 1.08 1.08 1.08 1.27 1.27 1.27 1.27 1.48 1.48 1.48 1.48 1.60 1.60 1.60 1.60 1.53 1.53 1.53 1.53 1.24 1.24 1.24 1.24 0.90 0.90 0.90 0.80 0.56 0.00 0.00 0.00 0.00 0.00 0.00 0.00 0.56 0.45 0.00 0.62
0.00 0.00 0.00 0.00 0.00 0.00 0.00 0.00 0.00 0.00 0.00 0.00 0.00 0.00 0.00 0.00 0.00 0.00 0.00 0.00 0.00 0.00 0.00 0.00 0.00 0.00 0.00 0.00 0.00 0.00 0.00 0.00 0.00 0.00 0.00 0.00 0.00 0.00 0.00 0.00 0.00 0.00 0.00 0.00 0.00 1.08 1.08 1.08 1.27 1.27 1.27 1.27 1.48 1.48 1.48 1.48 1.60 1.60 1.60 1.60 1.53 1.53 1.53 1.53 1.24 1.24 1.24 1.24 0.90 0.90 0.90 0.90 0.56 0.56 0.00 0.00 0.00 0.65 0.00 0.60 0.68 0.68 0.56 0.56
0.00 0.00 0.00 0.00 0.00 0.00 0.00 0.00 0.00 0.00 0.00 0.00 0.00 0.00 0.00 0.00 0.00 0.00 0.00 0.00 0.00 0.00 0.00 0.00 0.00 0.00 0.00 0.00 0.00 0.00 0.00 0.00 0.00 0.00 0.00 0.00 0.00 0.00 0.00 0.00 0.00 0.00 0.00 0.00 0.00 1.13 1.13 1.13 1.17 1.17 1.17 1.17 1.24 1.24 1.24 1.24 1.29 1.29 1.29 1.29 1.29 1.29 1.29 1.29 1.23 1.23 1.23 1.23 0.92 0.92 0.92 0.92 0.69 0.69 0.69 0.00 0.71 0.71 0.71 0.64 0.77 0.60 0.60 0.77
0.00 0.00 0.00 0.00 0.00 0.00 0.00 0.00 0.00 0.00 0.00 0.00 0.00 0.00 0.00 0.00 0.00 0.00 0.00 0.00 0.00 0.00 0.00 0.00 0.00 0.00 0.00 0.00 0.00 0.00 0.00 0.00 0.00 0.00 0.00 0.00 0.00 0.00 0.00 0.00 0.00 0.00 0.00 0.00 0.79 1.13 1.13 1.13 1.17 1.17 1.17 1.17 1.24 1.24 1.24 1.24 1.29 1.29 1.29 1.29 1.29 1.29 1.29 1.29 1.23 1.23 1.23 1.23 0.92 0.92 0.92 0.68 0.69 0.69 0.69 0.00 0.57 0.71 0.57 0.71 0.60 0.60 0.77 0.77
0.00 0.00 0.00 0.00 0.00 0.00 0.00 0.00 0.00 0.00 0.00 0.00 0.00 0.00 0.00 0.00 0.00 0.00 0.00 0.00 0.00 0.00 0.00 0.00 0.00 0.00 0.00 0.00 0.00 0.00 0.00 0.00 0.00 0.00 0.00 0.00 0.00 0.00 0.00 0.00 0.00 0.00 0.00 0.00 1.13 1.13 1.13 1.13 1.17 1.17 1.17 1.17 1.24 1.24 1.24 1.24 1.29 1.29 1.29 1.29 1.29 1.29 1.29 1.29 1.23 1.23 1.23 1.23 0.92 0.92 0.92 0.68 0.63 0.69 0.69 0.00 0.71 0.71 0.71 0.71 0.77 0.77 0.77 0.77
0.00 0.00 0.00 0.00 0.00 0.00 0.00 0.00 0.00 0.00 0.00 0.00 0.00 0.00 0.00 0.00 0.00 0.00 0.00 0.00 0.00 0.00 0.00 0.00 0.00 0.00 1.25 1.25 0.00 0.00 0.00 0.00 0.00 0.00 0.00 0.00 0.00 0.00 0.00 0.00 0.00 0.00 0.00 0.00 0.00 0.00 1.13 1.13 1.17 1.17 1.17 1.17 1.24 1.24 1.24 1.24 1.29 1.29 1.29 1.29 1.29 1.29 1.29 1.29 1.23 1.23 1.23 1.23 0.92 0.92 0.92 0.81 0.00 0.00 0.00 0.00 0.00 0.57 0.57 0.71 0.77 0.77 0.77 0.77
0.00 0.00 0.00 0.00 0.00 0.00 0.00 0.00 0.00 0.00 0.00 0.00 0.00 0.00 0.00 0.00 0.00 0.00 0.00 0.00 0.00 0.00 0.00 0.00 0.00 1.20 1.20 1.20 1.26 0.00 0.00 0.00 0.00 0.00 0.00 0.00 0.00 0.00 0.00 0.00 0.00 0.00 0.00 0.00 0.00 0.00 0.00 0.00 0.89 0.89 0.89 0.89 0.93 0.93 0.93 0.93 0.98 0.98 0.98 0.98 1.12 1.12 1.12 1.12 1.23 1.23 1.23 1.23 1.00 1.00 0.72 0.72 0.00 0.00 0.00 0.00 0.00 0.67 0.74 0.74 0.86 0.86 0.86 0.86
0.00 0.00 0.00 0.00 0.00 0.00 0.00 0.00 0.00 0.00 0.00 0.00 0.00 0.00 0.00 0.00 0.00 0.00 0.00 0.00 0.00 0.00 0.00 0.00 0.00 1.20 1.20 1.20 1.26 1.26 1.26 0.00 0.00 0.00 0.00 0.00 0.00 0.00 0.00 0.00 0.00 0.00 0.00 0.00 0.00 0.00 0.00 0.00 0.00 0.00 0.46 0.89 0.93 0.93 0.93 0.93 0.98 0.98 0.98 0.98 1.12 1.12 1.12 1.12 1.23 1.23 1.23 1.23 1.00 0.88 0.00 0.00 0.00 0.00 0.00 0.45 0.67 0.00 0.67 0.74 0.86 0.86 0.86 0.86
0.00 0.00 0.00 0.00 0.00 0.00 0.00 0.00 0.00 0.00 0.00 0.00 0.00 0.00 0.00 0.00 0.00 0.00 0.00 0.00 0.00 0.00 0.00 0.00 0.00 1.29 1.29 1.29 1.35 1.35 1.35 0.00 0.00 0.00 0.00 0.00 0.00 0.00 0.00 0.00 0.00 0.00 0.00 0.00 0.00 0.00 0.00 0.00 0.00 0.00 0.47 0.94 0.98 0.98 0.98 0.98 1.04 1.04 1.04 1.04 1.18 1.18 1.18 1.18 1.30 1.30 1.30 1.30 0.93 0.93 0.00 0.00 0.00 0.00 0.70 0.61 0.00 0.00 0.70 0.77 0.92 0.92 0.92 0.92
0.00 0.00 0.00 0.00 0.00 0.00 0.00 0.00 0.00 0.00 0.00 0.00 0.00 0.00 0.00 0.00 0.00 0.00 0.00 0.00 0.00 0.00 0.00 0.00 1.29 1.29 1.29 1.29 1.35 1.35 1.35 1.35 1.33 0.00 1.33 1.33 0.00 0.00 0.00 0.00 0.00 0.00 0.00 0.00 0.00 0.00 0.00 0.00 0.00 0.00 0.47 0.94 0.98 0.98 0.98 0.98 1.04 1.04 1.04 1.04 1.18 1.18 1.18 1.18 1.30 1.30 1.30 1.30 1.07 0.93 0.00 0.00 0.00 0.00 0.61 0.78 0.00 0.00 0.77 0.77 0.92 0.92 0.92 0.92
0.00 0.00 0.00 0.00 0.00 0.00 0.00 0.00 0.00 0.00 0.00 0.00 0.00 0.00 0.00 0.00 0.00 0.00 0.00 0.00 0.00 0.00 0.00 1.14 1.44 1.44 1.44 1.44 1.54 1.54 1.54 1.00 1.33 1.33 1.33 1.33 1.11 0.00 0.00 0.00 0.00 0.00 0.00 0.00 0.00 0.00 0.00 0.00 0.00 0.00 0.00 0.00 0.77 0.45 0.70 0.60 0.77 0.77 0.77 0.77 0.98 0.98 0.98 0.98 1.27 1.27 0.87 1.27 1.21 1.21 0.00 0.00 0.00 0.00 0.92 0.92 0.82 0.82 0.63 0.82 0.67 0.90 0.90 0.90
0.00 0.00 0.00 0.00 0.00 0.00 0.00 0.00 0.00 0.00 0.00 0.00 0.00 0.00 0.00 0.00 0.00 0.00 0.00 0.00 1.14 1.14 1.14 1.14 1.44 1.44 1.44 1.44 1.54 1.54 1.54 1.54 0.00 0.90 0.00 1.33 1.11 1.11 1.11 0.00 0.00 0.00 0.00 0.00 0.00 0.00 0.00 0.00 0.00 0.00 0.00 0.00 0.00 0.00 0.00 0.77 0.77 0.70 0.77 0.77 0.98 0.98 0.98 0.98 1.27 1.27 1.27 1.27 1.21 1.21 1.21 0.83 0.00 0.00 0.00 0.47 0.63 0.82 0.82 0.82 0.80 0.90 0.90 0.90
0.00 0.00 0.00 0.00 0.00 0.00 0.00 0.00 0.00 0.00 0.00 0.00 0.00 0.00 0.00 0.00 0.00 0.97 0.00 0.00 1.14 1.14 1.14 1.14 1.44 1.44 1.44 1.44 1.54 1.54 1.54 1.54 1.33 0.90 1.33 1.33 1.11 0.78 0.78 0.00 0.72 0.00 0.00 0.00 0.00 0.00 0.00 0.00 0.00 0.00 0.00 0.00 0.00 0.00 0.00 0.00 0.00 0.00 0.77 0.77 0.98 0.71 0.98 0.98 1.27 1.27 1.27 1.27 1.21 1.21 1.21 1.21 0.68 0.00 0.00 0.92 0.82 0.82 0.82 0.82 0.90 0.90 0.90 0.90
0.00 0.00 0.00 0.00 0.00 0.00 0.00 0.00 0.00 0.00 0.00 0.00 0.00 0.00 0.00 0.00 0.97 0.97 0.97 0.97 1.14 1.14 1.14 1.14 1.44 1.44 1.44 1.44 1.54 1.54 1.54 1.54 1.33 1.33 1.33 1.33 1.11 1.11 1.11 0.78 1.00 0.00 0.00 0.00 0.00 0.00 0.00 0.00 0.00 0.00 0.00 0.00 0.00 0.00 0.00 0.00 0.00 0.00 0.60 0.77 0.98 0.98 0.98 0.98 1.27 1.27 1.27 1.27 1.21 1.21 1.21 1.21 0.68 0.00 0.00 0.92 0.82 0.82 0.82 0.82 0.90 0.90 0.90 0.90
0.00 0.00 0.00 0.00 0.00 0.00 0.00 0.00 0.00 0.00 0.00 0.00 0.00 0.00 0.97 0.00 1.04 1.04 1.04 1.04 1.32 1.32 1.32 1.32 1.67 1.67 1.67 1.67 1.55 1.55 1.55 1.55 1.17 1.17 1.17 1.17 0.90 0.90 0.90 0.90 0.75 0.00 0.00 0.00 0.00 0.00 0.00 0.00 0.00 0.00 0.45 0.45 0.00 0.00 0.00 0.00 0.00 0.00 0.69 0.69 0.84 0.84 0.84 0.84 1.20 1.20 1.20 1.20 1.36 1.36 1.36 1.36 0.80 0.80 0.80 1.16 0.96 0.96 0.96 0.96 0.92 0.92 0.92 0.92
0.00 0.00 0.00 0.00 0.00 0.00 0.00 0.00 0.00 0.00 0.00 0.00 0.00 0.97 0.97 0.97 1.04 1.04 1.04 1.04 1.32 1.32 1.32 1.32 1.67 1.67 1.67 1.67 1.55 1.55 1.55 1.55 1.17 1.17 1.17 1.17 0.47 0.90 0.90 0.90 0.00 0.00 0.00 0.00 0.00 0.00 0.00 0.00 0.00 0.45 0.73 0.73 0.58 0.00 0.00 0.00 0.00 0.00 0.64 0.69 0.64 0.64 0.84 0.84 1.20 1.20 1.20 1.20 1.36 1.36 1.36 1.36 1.16 1.16 0.80 1.16 0.96 0.96 0.96 0.96 0.92 0.92 0.92 0.92
0.00 0.00 0.00 0.00 0.00 0.00 0.00 0.00 0.00 0.00 0.00 0.00 0.97 0.97 0.97 0.97 1.04 1.04 1.04 1.04 1.32 1.32 1.32 1.32 1.67 1.67 1.67 1.67 1.55 1.55 1.55 1.55 1.17 1.17 1.17 1.17 0.47 0.67 0.90 0.47 0.00 0.00 0.00 0.00 0.00 0.00 0.00 0.00 0.45 0.73 0.73 0.73 0.58 0.00 0.00 0.00 0.64 0.00 0.00 0.00 0.64 0.84 0.84 0.84 1.20 1.20 1.20 1.20 1.36 1.36 1.36 1.36 1.16 1.16 1.16 1.16 0.96 0.96 0.96 0.96 0.92 0.92 0.92 0.92
0.00 0.00 0.00 0.00 0.00 0.00 0.00 0.00 0.00 0.00 0.00 0.00 0.97 0.97 0.97 0.97 1.04 1.04 1.04 1.04 1.32 1.32 1.32 1.32 1.67 1.67 1.67 1.67 1.55 1.55 1.55 1.55 1.17 1.17 0.49 1.17 0.90 0.67 0.00 0.47 0.00 0.00 0.00 0.00 0.00 0.00 0.00 0.00 0.73 0.73 0.73 0.73 0.73 0.58 0.00 0.00 0.00 0.00 0.00 0.00 0.00 0.64 0.84 0.84 1.20 1.20 1.20 1.20 1.36 1.36 1.36 1.36 1.16 1.16 1.16 1.16 0.96 0.96 0.96 0.96 0.92 0.92 0.92 0.92
0.00 0.00 0.00 0.00 0.00 0.00 0.00 0.00 0.00 0.00 0.89 0.89 1.02 1.02 1.02 1.02 1.22 1.22 1.22 1.22 1.63 1.63 1.63 1.63 1.67 1.67 1.67 1.67 1.18 1.18 1.18 1.18 0.88 0.88 0.88 0.88 0.72 0.58 0.58 0.45 0.44 0.00 0.00 0.00 0.00 0.00 0.00 0.00 0.45 0.72 0.72 0.72 0.80 0.80 0.62 0.00 0.00 0.00 0.76 0.60 0.62 0.62 0.79 0.79 1.07 1.07 1.07 1.07 1.45 1.45 1.45 1.45 1.44 1.44 1.44 1.44 1.17 1.17 1.17 1.17 1.20 1.20 1.20 1.20
0.00 0.00 0.00 0.00 0.00 0.00 0.00 0.00 0.00 0.00 1.06 1.06 1.02 1.02 1.02 1.02 1.22 1.22 1.22 1.22 1.63 1.63 1.63 1.63 1.67 1.67 1.67 1.67 1.18 1.18 1.18 1.18 0.88 0.88 0.88 0.88 0.72 0.72 0.58 0.58 0.00 0.00 0.00 0.00 0.00 0.00 0.00 0.54 0.72 0.72 0.72 0.72 0.80 0.80 0.80 0.72 0.60 0.60 0.76 0.76 0.79 0.62 0.79 0.79 1.07 1.07 1.07 1.07 1.45 1.45 1.45 1.45 1.44 1.44 1.44 1.44 1.17 1.17 1.17 1.17 1.20 1.20 1.20 1.20
0.00 0.00 0.00 0.00 0.00 0.00 0.00 0.00 0.00 0.00 0.00 1.06 1.19 1.02 1.02 1.02 1.22 1.22 1.22 1.22 1.63 1.63 1.63 1.63 1.67 1.67 1.67 1.67 1.18 1.18 1.18 1.18 0.88 0.88 0.88 0.88 0.72 0.72 0.72 0.45 0.00 0.00 0.00 0.00 0.00 0.00 0.00 0.00 0.66 0.66 0.00 0.66 0.80 0.80 0.80 0.80 0.60 0.60 0.60 0.76 0.79 0.79 0.79 0.79 1.07 1.07 1.07 1.07 1.45 1.45 1.45 1.45 1.44 1.44 1.44 1.44 1.17 1.17 1.17 1.17 1.20 1.20 1.20 1.20
0.00 0.00 0.00 0.00 0.00 0.00 0.00 0.00 0.00 0.00 0.00 1.06 1.19 1.19 1.19 1.02 1.22 1.22 1.22 1.22 1.63 1.63 1.63 1.63 1.67 1.67 1.67 1.67 1.18 1.18 1.18 1.18 0.88 0.88 0.88 0.88 0.72 0.72 0.72 0.66 0.00 0.00 0.00 0.00 0.00 0.00 0.00 0.54 0.72 0.58 0.00 0.58 0.80 0.80 0.80 0.80 0.76 0.60 0.60 0.60 0.79 0.79 0.79 0.79 1.07 1.07 1.07 1.07 1.45 1.45 1.45 1.45 1.44 1.44 1.44 1.44 1.17 1.17 1.17 1.17 1.20 1.20 1.20 1.20
0.00 0.00 0.00 0.00 0.00 0.00 0.00 0.00 0.00 0.00 0.00 0.00 1.20 1.20 1.20 1.20 1.37 1.37 1.37 1.37 1.68 1.68 1.68 1.68 1.35 1.35 1.35 1.35 0.88 0.88 0.88 0.88 0.71 0.71 0.45 0.71 0.62 0.62 0.62 0.58 0.00 0.00 0.00 0.00 0.00 0.00 0.00 0.54 0.72 0.58 0.58 0.72 0.87 0.87 0.87 0.87 0.95 0.95 0.95 0.95 0.69 0.94 0.94 0.94 1.16 1.16 1.16 1.16 1.60 1.60 1.60 1.60 1.61 1.61 1.61 1.61 1.31 1.31 1.31 1.31 1.29 1.29 1.29 1.29
0.00 0.00 0.00 0.00 0.00 0.00 0.00 0.00 0.00 0.00 0.00 1.07 1.20 1.20 1.20 1.20 1.54 1.37 1.37 1.37 1.68 1.68 1.68 1.68 1.35 1.35 1.35 1.35 0.88 0.88 0.88 0.88 0.71 0.71 0.45 0.71 0.00 0.62 0.58 0.00 0.00 0.00 0.00 0.00 0.00 0.00 0.60 0.65 0.72 0.72 0.72 0.72 0.87 0.87 0.87 0.87 0.95 0.95 0.95 0.95 0.94 0.94 0.94 0.94 1.16 1.16 1.16 1.16 1.60 1.60 1.60 1.60 1.61 1.61 1.61 1.61 1.31 1.31 1.31 1.31 1.29 1.29 1.29 1.29
0.00 0.00 0.00 0.00 1.07 0.00 0.00 0.00 0.00 0.00 1.12 1.12 1.26 1.26 1.26 1.26 1.64 1.64 1.64 1.46 1.77 1.77 1.77 1.77 1.41 1.41 1.41 1.41 0.90 0.90 0.90 0.90 0.72 0.72 0.72 0.58 0.63 0.63 0.58 0.58 0.00 0.00 0.00 0.00 0.00 0.61 0.66 0.66 0.73 0.73 0.73 0.73 0.89 0.89 0.89 0.89 0.97 0.97 0.97 0.97 0.96 0.96 0.96 0.96 1.18 1.18 1.18 1.18 1.62 1.62 1.62 1.62 1.63 0.00 1.63 1.63 1.33 1.33 1.33 1.33 1.31 1.31 1.31 1.31
0.00 0.00 0.00 1.13 1.07 1.07 0.00 0.00 0.00 1.12 1.12 1.12 1.26 1.26 1.26 1.26 1.64 1.64 1.64 1.64 1.77 1.77 1.77 1.77 1.41 1.41 1.41 1.41 0.90 0.90 0.90 0.90 0.72 0.72 0.72 0.72 0.63 0.63 0.53 0.63 0.00 0.00 0.00 0.00 0.00 0.00 0.66 0.66 0.73 0.73 0.73 0.73 0.89 0.89 0.89 0.89 0.97 0.97 0.97 0.97 0.96 0.96 0.96 0.96 1.18 1.18 1.18 1.18 1.62 1.62 1.62 1.62 1.63 0.00 1.63 1.63 1.33 1.33 1.33 1.33 1.31 1.31 1.31 1.31
1.12 1.12 1.12 1.12 1.08 1.08 1.08 1.08 1.05 1.05 0.83 1.05 1.17 1.17 1.17 1.17 1.49 1.49 1.49 1.49 1.75 1.75 1.58 1.58 1.30 1.30 1.30 1.30 0.89 0.89 0.89 0.89 0.67 0.67 0.67 0.67 0.58 0.54 0.54 0.50 0.00 0.00 0.00 0.00 0.00 0.00 0.64 0.64 0.79 0.79 0.79 0.79 1.06 1.06 1.06 1.06 1.41 1.41 1.41 1.41 1.55 1.55 1.55 1.55 1.68 1.68 1.68 1.68 1.75 1.75 0.00 1.75 1.54 1.54 1.54 1.54 1.44 1.44 1.44 1.44 1.34 1.34 1.34 1.34
1.12 1.12 1.12 1.12 1.08 1.08 1.08 1.08 1.05 1.05 1.05 1.05 1.17 1.17 1.17 1.17 1.49 1.49 1.49 1.49 1.75 1.75 1.75 1.58 1.30 1.30 1.30 1.30 0.89 0.89 0.89 0.89 0.67 0.67 0.67 0.67 0.50 0.00 0.00 0.00 0.00 0.00 0.00 0.00 0.00 0.00 0.64 0.64 0.79 0.79 0.79 0.79 1.06 1.06 1.06 1.06 1.41 1.41 1.41 1.41 1.55 1.55 1.55 1.55 1.68 1.68 1.68 1.68 1.75 1.75 1.75 1.75 1.54 0.00 1.54 1.54 1.44 1.44 1.44 1.44 1.34 1.34 1.34 0.00
1.12 1.12 1.12 1.12 1.08 1.08 1.08 1.08 1.05 1.05 1.05 1.05 1.17 1.17 1.17 1.17 1.49 1.49 1.49 1.49 1.75 1.75 1.75 1.75 1.47 1.30 1.30 1.30 0.89 0.89 0.89 0.89 0.67 0.67 0.67 0.67 0.54 0.50 0.54 0.00 0.00 0.53 0.53 0.50 0.00 0.00 0.53 0.64 0.79 0.79 0.79 0.79 1.06 1.06 1.06 1.06 1.41 1.41 1.41 1.41 1.55 1.55 1.55 1.55 1.68 1.68 1.68 1.68 1.75 1.75 1.75 1.75 1.54 1.54 1.54 1.54 1.44 1.44 1.44 1.44 1.34 1.34 0.00 0.00
1.12 1.12 1.12 1.12 1.08 1.08 1.08 1.08 1.05 1.05 1.05 1.05 1.17 1.17 1.17 1.17 1.49 1.49 1.49 1.49 1.75 1.75 1.75 1.75 1.47 1.47 1.30 1.30 0.89 0.89 0.89 0.89 0.67 0.67 0.67 0.67 0.58 0.58 0.58 0.00 0.43 0.57 0.57 0.50 0.00 0.00 0.53 0.64 0.79 0.79 0.79 0.79 1.06 1.06 1.06 1.06 1.41 1.41 1.41 1.41 1.55 1.55 1.55 1.55 1.68 1.68 1.68 1.68 1.75 1.75 1.75 1.75 1.54 1.54 1.54 1.54 1.44 1.44 0.00 1.44 1.34 1.34 0.00 0.00
1.19 1.19 1.19 1.19 1.15 1.15 1.15 1.15 1.12 1.12 1.12 1.12 1.17 1.17 1.17 1.17 1.35 1.35 1.35 1.35 1.60 1.60 1.60 1.60 1.59 1.59 1.59 1.59 0.98 0.98 0.98 0.98 0.69 0.69 0.69 0.69 0.61 0.61 0.44 0.00 0.44 0.58 0.58 0.50 0.00 0.00 0.60 0.65 1.01 1.01 1.01 1.01 1.57 1.57 1.57 1.57 1.87 1.87 1.87 1.87 1.80 1.80 1.80 1.80 1.70 1.70 1.70 1.70 1.44 1.44 1.44 1.44 1.29 1.29 1.29 1.29 1.42 1.42 1.42 1.42 0.00 0.00 0.00 0.00
1.19 1.19 1.19 1.19 1.15 1.15 1.15 1.15 1.12 1.12 1.12 1.12 1.17 1.17 1.17 1.17 1.35 1.35 1.35 1.35 1.60 1.60 1.60 1.60 1.59 1.59 1.59 1.59 1.15 0.98 0.98 0.98 0.69 0.69 0.69 0.69 0.61 0.61 0.61 0.00 0.50 0.58 0.58 0.50 0.00 0.54 0.54 0.65 1.01 1.01 1.01 1.01 1.57 1.57 1.57 1.57 1.87 1.87 1.87 1.87 1.80 1.80 1.80 1.80 1.70 1.70 1.70 1.70 1.44 1.44 1.44 1.44 1.29 1.29 1.29 1.29 1.42 1.42 1.42 1.42 0.00 0.00 0.00 0.00
1.19 1.19 1.19 1.19 1.15 1.15 1.15 1.15 1.12 1.12 1.12 1.12 1.17 1.17 1.17 1.17 1.35 1.35 1.35 1.35 1.60 1.60 1.60 1.60 1.59 1.59 1.59 1.59 1.15 1.15 0.98 0.98 0.69 0.69 0.69 0.69 0.61 0.61 0.61 0.52 0.50 0.54 0.58 0.50 0.65 0.65 0.65 0.65 1.01 1.01 1.01 1.01 1.57 1.57 1.57 1.57 1.87 1.87 1.87 1.87 1.80 1.80 1.80 1.80 1.70 1.70 1.70 1.70 1.44 1.44 1.44 1.44 1.29 1.29 1.29 1.29 1.42 1.42 1.42 1.42 0.00 0.00 0.00 0.00
1.19 1.19 1.19 1.19 1.15 1.15 1.15 1.15 1.12 1.12 1.12 1.12 1.17 1.17 1.17 1.17 1.35 1.35 1.35 1.35 1.60 1.60 1.60 1.60 1.59 1.59 1.59 1.59 1.15 1.15 1.15 1.15 0.69 0.69 0.69 0.69 0.61 0.61 0.61 0.52 0.54 0.50 0.58 0.58 0.65 0.65 0.65 0.65 1.01 1.01 1.01 1.01 1.57 1.57 1.57 1.57 1.87 1.87 1.87 1.87 1.80 1.80 1.80 1.80 1.70 1.70 1.70 1.70 1.44 1.44 1.44 1.44 1.29 1.29 1.29 1.29 1.42 1.42 1.42 1.42 0.00 0.00 0.00 0.00
1.32 1.32 1.32 1.32 1.26 1.26 1.26 1.26 1.34 1.34 1.34 1.34 1.52 1.52 1.52 1.52 1.65 1.65 1.65 1.65 1.71 1.71 1.71 1.71 1.63 1.63 1.63 1.63 1.35 1.35 1.35 1.35 1.10 0.92 0.92 0.92 0.81 0.81 0.81 0.81 0.75 0.75 0.75 0.75 0.96 0.96 0.96 0.96 1.48 1.48 1.48 1.48 1.89 1.89 0.00 1.89 1.73 1.73 1.73 1.73 1.46 1.46 1.46 1.46 1.30 1.30 1.30 1.30 1.16 1.16 1.16 1.16 1.20 1.20 1.20 1.20 1.28 1.28 1.28 1.28 0.00 0.00 0.00 0.00
1.32 1.32 1.32 1.32 1.26 1.26 1.26 1.26 1.34 1.34 1.34 1.34 1.52 1.52 1.52 1.52 1.65 1.65 1.65 1.65 1.71 1.71 1.71 1.71 1.63 1.63 1.63 1.63 1.35 1.35 1.35 1.35 1.10 1.10 1.10 0.92 0.81 0.81 0.81 0.81 0.75 0.75 0.75 0.75 0.96 0.96 0.96 0.96 1.48 1.48 1.48 1.48 1.89 1.89 1.89 1.89 1.73 1.73 1.73 1.73 1.46 1.46 1.46 1.46 1.30 1.30 1.30 1.30 1.16 1.16 1.16 1.16 1.20 1.20 1.20 1.20 1.28 1.28 1.28 1.28 1.44 0.00 0.00 0.00
