New_Model_Runs/12_Future_RCP4.5_Scn2_out/post_prcessed_with_MFR/Monthly_summaries/interception_monthly_DEC.asc
NCOLS 700
NROWS 400
XLLCENTER 515000.000000
YLLCENTER 8409000.000000
CELLSIZE 50.000000
NODATA_value -999.000000
[rows 190 to 227 of 400, columns 168 to 251 of 700]
1.28 1.28 0.72 0.72 0.72 1.28 1.28 1.28 1.48 1.48 1.48 1.48 1.71 1.71 1.71 1.71 1.67 1.67 1.67 1.67 1.60 1.60 1.60 1.60 1.66 1.66 1.66 1.66 1.82 1.82 1.82 1.82 2.00 2.00 2.00 2.00 2.00 2.00 2.00 2.00 1.87 1.87 1.87 1.87 1.75 1.75 1.75 1.75 1.59 1.59 1.59 1.59 1.64 1.64 1.64 1.64 1.77 1.77 1.77 1.77 1.65 1.65 1.65 1.65 1.50 1.50 1.23 1.50 1.53 1.53 1.53 2.12 2.22 2.22 2.22 2.22 2.36 2.36 2.36 1.75 1.82 1.82 1.82 1.82
1.28 1.28 1.28 1.12 1.28 1.28 1.28 1.28 1.48 1.48 1.48 1.48 1.71 1.71 1.71 1.71 1.67 1.67 1.67 1.67 1.60 1.60 1.60 1.60 1.66 1.66 1.66 1.66 1.82 1.82 1.82 1.82 2.00 2.00 2.00 2.00 2.00 2.00 2.00 2.00 1.87 1.87 1.87 1.87 1.75 1.75 1.75 1.75 1.59 1.59 1.59 1.59 1.64 1.64 1.64 1.64 1.77 1.77 1.77 1.77 1.65 1.65 1.65 1.65 1.50 1.50 1.50 1.50 1.53 1.53 1.53 2.12 2.22 2.22 2.22 2.22 2.36 2.36 2.36 1.75 1.82 1.82 1.82 1.82
1.25 1.25 1.25 1.10 1.33 1.33 1.33 1.33 1.55 1.55 1.55 1.55 1.74 1.74 1.74 1.74 1.69 1.69 1.69 1.69 1.63 1.63 1.63 1.63 1.69 1.69 1.69 1.69 1.81 1.81 1.81 1.81 1.97 1.97 1.97 1.97 2.07 2.07 2.07 2.07 2.01 2.01 2.01 2.01 1.79 1.79 1.79 1.79 1.53 1.53 1.53 1.53 1.61 1.61 1.61 1.61 1.84 1.84 1.84 1.84 1.78 1.78 1.78 1.78 1.55 1.55 1.55 1.55 1.51 1.51 2.09 2.09 2.27 2.27 2.27 2.27 2.36 2.36 2.36 1.76 1.84 1.84 1.84 1.84
1.25 1.25 1.25 1.25 1.33 1.33 1.33 1.33 1.55 1.55 1.55 1.55 1.74 1.74 1.74 1.74 1.69 1.69 1.69 1.69 1.63 1.63 1.63 1.63 1.69 1.69 1.69 1.69 1.81 1.81 1.81 1.81 1.97 1.97 1.97 1.97 2.07 2.07 2.07 2.07 2.01 2.01 2.01 2.01 1.79 1.79 1.79 1.79 1.53 1.53 1.53 1.53 1.61 1.61 1.61 1.61 1.84 1.84 1.84 1.84 1.78 1.78 1.78 1.78 1.55 1.55 1.55 1.55 1.51 1.51 2.09 2.09 2.27 2.27 2.27 2.27 2.36 2.36 2.36 2.36 1.84 1.84 1.84 1.84
1.29 1.29 1.29 1.29 1.38 1.38 1.38 1.38 1.63 1.63 1.63 1.63 1.85 1.85 1.85 1.85 1.79 1.79 1.79 1.79 1.72 1.72 1.72 1.72 1.80 1.80 1.80 1.80 1.93 1.93 1.93 1.93 2.12 2.12 2.12 2.12 2.23 2.23 2.23 2.23 2.15 2.15 2.15 2.15 1.90 1.90 1.90 1.90 1.61 1.61 1.61 1.61 1.70 1.70 1.70 1.70 1.94 1.94 1.94 1.94 1.89 1.89 1.89 1.89 1.62 1.62 1.62 1.62 1.58 1.58 2.18 2.18 2.38 2.38 2.38 2.38 2.48 2.48 2.48 2.48 1.95 1.95 1.95 1.95
1.29 1.29 1.29 1.29 1.38 1.38 1.38 1.38 1.63 1.63 1.63 1.63 1.85 1.85 1.85 1.85 1.79 1.79 1.79 1.79 1.72 1.72 1.72 1.72 1.80 1.80 1.80 1.80 1.93 1.93 1.93 1.93 2.12 2.12 2.12 2.12 2.23 2.23 2.23 2.23 2.15 2.15 2.15 2.15 1.90 1.90 1.90 1.90 1.61 1.61 1.61 1.61 1.70 1.70 1.70 1.70 1.94 1.94 1.94 1.94 1.89 1.89 1.89 1.89 1.62 1.62 1.62 1.62 1.58 2.18 2.18 2.18 2.38 2.38 2.38 2.38 2.48 2.48 2.48 2.48 2.57 1.95 1.95 1.95
1.38 1.38 1.38 1.38 1.45 1.45 1.45 1.45 1.65 1.65 1.65 1.65 1.87 1.87 1.87 1.87 1.84 1.84 1.84 1.84 1.75 1.75 1.75 1.75 1.85 1.85 1.85 1.85 2.01 2.01 2.01 2.01 2.21 2.21 2.21 2.21 2.33 2.33 2.33 2.33 2.16 2.16 2.16 2.16 1.85 1.85 1.85 1.85 1.62 1.62 1.62 1.62 1.76 1.76 1.76 1.76 2.01 2.01 2.01 2.01 1.86 1.86 1.86 1.86 1.52 1.52 1.52 1.52 1.50 2.09 2.09 2.09 2.34 2.34 2.34 2.34 2.52 2.52 2.52 2.52 2.57 1.94 1.94 1.94
1.38 1.38 1.38 1.38 1.45 1.45 1.45 1.45 1.65 1.65 1.65 1.65 1.87 1.87 1.87 1.87 1.84 1.84 1.84 1.84 1.75 1.75 1.75 1.75 1.85 1.85 1.85 1.85 2.01 2.01 2.01 2.01 2.21 2.21 2.21 2.21 2.33 2.33 2.33 2.33 2.16 2.16 2.16 2.16 1.85 1.85 1.85 1.85 1.62 1.62 1.62 1.62 1.76 1.76 1.76 1.76 2.01 2.01 2.01 2.01 1.86 1.86 1.86 1.86 1.52 1.52 1.52 1.52 1.50 2.09 2.09 2.09 2.34 2.34 2.34 2.34 2.52 2.52 2.52 2.52 2.57 1.94 1.94 1.94
1.38 1.38 1.38 1.38 1.45 1.45 1.45 1.45 1.65 1.65 1.65 1.65 1.87 1.87 1.87 1.87 1.84 1.84 1.84 1.84 1.75 1.75 1.75 1.75 1.85 1.85 1.85 1.85 2.01 2.01 2.01 2.01 2.21 2.21 2.21 2.21 2.33 2.33 2.33 2.33 2.16 2.16 2.16 2.16 1.85 1.85 1.85 1.85 1.62 1.62 1.62 1.62 1.76 1.76 1.76 1.76 2.01 2.01 2.01 2.01 1.86 1.86 1.86 1.86 1.52 1.52 1.52 1.52 2.09 2.09 2.09 2.09 2.34 2.34 2.34 2.34 2.52 2.52 2.52 2.52 2.57 2.57 1.94 1.94
1.38 1.38 1.38 1.38 1.45 1.45 1.45 1.45 1.65 1.65 1.65 1.65 1.87 1.87 1.87 1.87 1.84 1.84 1.84 1.84 1.75 1.75 1.75 1.75 1.85 1.85 1.85 1.85 2.01 2.01 2.01 2.01 2.21 2.21 2.21 2.21 2.33 2.33 2.33 2.33 2.16 2.16 2.16 2.16 1.85 1.85 1.85 1.85 1.62 1.62 1.62 1.62 1.76 1.76 1.76 1.76 2.01 2.01 2.01 2.01 1.86 1.86 1.86 1.86 1.52 1.52 1.52 1.52 2.09 2.09 2.09 2.09 2.34 2.34 2.34 2.34 2.52 2.52 2.52 2.52 2.57 2.57 1.94 1.94
1.53 1.53 1.53 1.53 1.51 1.51 1.51 1.51 1.65 1.65 1.65 1.65 1.87 1.87 1.87 1.87 1.89 1.89 1.89 1.89 1.87 1.87 1.87 1.87 1.96 1.96 1.96 1.96 2.18 2.18 2.18 2.18 2.37 2.37 2.37 2.37 2.20 2.20 2.20 2.20 1.91 1.91 1.91 1.91 1.71 1.71 1.71 1.71 1.59 1.59 1.59 1.59 1.78 1.78 1.78 1.78 2.02 2.02 2.02 2.02 1.71 1.71 1.71 1.71 1.41 1.41 1.41 1.41 2.02 2.02 2.02 2.02 2.26 2.26 2.26 2.26 2.46 2.46 2.46 2.46 2.56 2.56 2.56 1.94
1.53 1.53 1.53 1.53 1.51 1.51 1.51 1.51 1.65 1.65 1.65 1.65 1.87 1.87 1.87 1.87 1.89 1.89 1.89 1.89 1.87 1.87 1.87 1.87 1.96 1.96 1.96 1.96 2.18 2.18 2.18 2.18 2.37 2.37 2.37 2.37 2.20 2.20 2.20 2.20 1.91 1.91 1.91 1.91 1.71 1.71 1.71 1.71 1.59 1.59 1.59 1.59 1.78 1.78 1.78 1.78 2.02 2.02 2.02 2.02 1.71 1.71 1.71 1.71 1.41 1.41 1.41 2.00 2.02 2.02 2.02 2.02 2.26 2.26 2.26 2.26 2.46 2.46 2.46 2.46 2.56 2.56 2.56 1.94
1.53 1.53 1.53 1.53 1.51 1.51 1.51 1.51 1.65 1.65 1.65 1.65 1.87 1.87 1.87 1.87 1.89 1.89 1.89 1.89 1.87 1.87 1.87 1.87 1.96 1.96 1.96 1.96 2.18 2.18 2.18 2.18 2.37 2.37 2.37 2.37 2.20 2.20 2.20 2.20 1.91 1.91 1.91 1.91 1.71 1.71 1.71 1.71 1.59 1.59 1.59 1.59 1.78 1.78 1.78 1.78 2.02 2.02 2.02 2.02 1.71 1.71 1.71 1.71 1.41 1.41 1.41 2.00 2.02 2.02 2.02 2.02 2.26 2.26 2.26 2.26 2.46 2.46 2.46 2.46 2.56 2.56 2.56 1.94
1.53 1.53 1.53 1.53 1.51 1.51 1.51 1.51 1.65 1.65 1.65 1.65 1.87 1.87 1.87 1.87 1.89 1.89 1.89 1.89 1.87 1.87 1.87 1.87 1.96 1.96 1.96 1.96 2.18 2.18 2.18 2.18 2.37 2.37 2.37 2.37 2.20 2.20 2.20 2.20 1.91 1.91 1.91 1.91 1.71 1.71 1.71 1.71 1.59 1.59 1.59 1.59 1.78 1.78 1.78 1.78 2.02 2.02 2.02 2.02 1.71 1.71 1.71 1.71 1.41 1.41 1.41 2.00 2.02 2.02 2.02 2.02 2.26 2.26 2.26 2.26 2.46 2.46 2.46 2.46 2.56 2.56 2.56 2.56
1.73 1.73 1.73 1.73 1.70 1.70 1.70 1.70 1.76 1.76 1.76 1.76 1.89 1.89 1.89 1.89 1.97 1.97 1.97 1.97 1.97 1.97 1.97 1.97 2.04 2.04 2.04 2.04 2.30 2.30 2.30 2.30 2.24 2.24 2.24 2.24 1.83 1.83 1.83 1.83 1.58 1.58 1.58 1.58 1.49 1.49 1.49 1.49 1.53 1.53 1.53 1.53 1.89 1.89 1.89 1.89 1.98 1.98 1.98 1.98 1.54 1.54 1.54 1.54 1.35 1.35 1.94 1.94 2.06 2.06 2.06 2.06 2.33 2.33 2.33 2.33 2.51 2.51 2.51 2.51 2.61 2.61 2.61 2.61
1.73 1.73 1.73 1.73 1.70 1.70 1.70 1.70 1.76 1.76 1.76 1.76 1.89 1.89 1.89 1.89 1.97 1.97 1.97 1.97 1.97 1.97 1.97 1.97 2.04 2.04 2.04 2.04 2.30 2.30 2.30 2.30 2.24 2.24 2.24 2.24 1.83 1.83 1.83 1.83 1.58 1.58 1.58 1.58 1.49 1.49 1.49 1.49 1.53 1.53 1.53 1.53 1.89 1.89 1.89 1.89 1.98 1.98 1.98 1.98 1.54 1.54 1.54 1.54 1.35 1.35 1.94 1.94 2.06 2.06 2.06 2.06 2.33 2.33 2.33 2.33 2.51 2.51 2.51 2.51 2.61 2.61 2.61 2.61
1.73 1.73 1.73 1.73 1.70 1.70 1.70 1.70 1.76 1.76 1.76 1.76 1.89 1.89 1.89 1.89 1.97 1.97 1.97 1.97 1.97 1.97 1.97 1.97 2.04 2.04 2.04 2.04 2.30 2.30 2.30 2.30 2.24 2.24 2.24 2.24 1.83 1.83 1.83 1.83 1.58 1.58 1.58 1.58 1.49 1.49 1.49 1.49 1.53 1.53 1.53 1.53 1.89 1.89 1.89 1.89 1.98 1.98 1.98 1.98 1.54 1.54 1.54 1.54 1.35 1.35 1.94 1.94 2.06 2.06 2.06 2.06 2.33 2.33 2.33 2.33 2.51 2.51 2.51 2.51 2.61 2.61 2.61 2.61
1.73 1.73 1.73 1.73 1.70 1.70 1.70 1.70 1.76 1.76 1.76 1.76 1.89 1.89 1.89 1.89 1.97 1.97 1.97 1.97 1.97 1.97 1.97 1.97 2.04 2.04 2.04 2.04 2.30 2.30 2.30 2.30 2.24 2.24 2.24 2.24 1.83 1.83 1.83 1.83 1.58 1.58 1.58 1.58 1.49 1.49 1.49 1.49 1.53 1.53 1.53 1.53 1.89 1.89 1.89 1.89 1.98 1.98 1.98 1.98 1.54 1.54 1.54 1.54 1.35 1.94 1.94 1.94 2.06 2.06 2.06 2.06 2.33 2.33 2.33 2.33 2.51 2.51 2.51 2.51 2.61 2.61 2.61 2.61
1.90 1.90 1.90 1.90 1.93 1.93 1.93 1.93 1.91 1.91 1.91 1.91 1.97 1.97 1.97 1.97 2.07 2.07 2.07 2.07 2.08 1.53 2.08 2.08 2.12 2.12 2.12 2.12 2.22 2.22 2.22 0.82 2.02 2.02 2.02 2.02 1.66 1.66 1.66 1.66 1.46 1.46 1.46 1.46 1.45 1.45 1.45 1.45 1.73 1.73 1.73 1.73 2.05 2.05 2.05 2.05 1.77 1.77 1.77 1.77 1.39 1.39 1.39 1.39 1.42 2.01 2.01 2.01 2.25 2.25 2.25 2.25 2.44 2.44 2.44 2.44 2.54 2.54 2.54 2.54 2.66 2.66 2.66 2.66
1.90 1.90 1.90 1.90 1.93 1.93 1.93 1.93 1.91 1.91 1.91 1.91 1.97 1.97 1.97 1.97 2.07 2.07 1.53 1.53 1.53 2.08 2.08 2.08 2.12 2.12 2.12 2.12 2.22 2.22 2.22 2.22 2.02 2.02 2.02 2.02 1.66 1.66 1.66 1.66 1.46 1.46 1.46 1.46 1.45 1.45 1.45 1.45 1.73 1.73 1.73 1.73 2.05 2.05 2.05 2.05 1.77 1.77 1.77 1.77 1.39 1.39 1.39 1.39 1.42 2.01 2.01 2.01 2.25 2.25 2.25 2.25 2.44 2.44 2.44 2.44 2.54 2.54 2.54 2.54 2.66 2.66 2.66 2.66
2.02 2.02 2.02 2.02 2.05 2.05 2.05 2.05 2.05 2.05 2.05 2.05 2.12 2.12 2.12 2.12 2.23 2.23 1.61 1.61 1.62 2.24 2.24 2.24 2.31 2.31 2.31 2.31 2.42 2.42 2.42 1.71 2.19 2.19 2.19 2.19 1.78 1.78 1.78 1.78 1.54 1.54 1.54 1.54 1.52 1.52 1.52 1.52 1.84 1.84 1.84 1.84 2.22 2.22 2.22 2.22 1.88 1.88 1.88 1.88 1.45 1.45 1.45 1.45 2.08 2.08 2.08 2.08 2.35 2.35 2.35 2.35 2.54 2.54 2.54 2.54 2.64 2.64 2.64 2.64 2.78 2.78 2.78 2.78
2.02 2.02 2.02 2.02 2.05 2.05 2.05 2.05 2.05 2.05 2.05 2.05 2.12 2.12 2.12 2.12 2.23 1.61 1.61 1.61 2.24 2.24 2.24 2.24 2.31 2.31 1.65 1.65 1.71 2.42 2.42 2.42 2.19 2.19 2.19 2.19 1.78 1.78 1.78 1.78 1.54 1.54 1.54 1.54 1.52 1.52 1.52 1.52 1.84 1.84 1.84 1.84 2.22 2.22 2.22 2.22 1.88 1.88 1.88 1.88 1.45 1.45 1.45 1.45 2.08 2.08 2.08 2.08 2.35 2.35 2.35 2.35 2.54 2.54 2.54 2.54 2.64 2.64 2.64 2.64 2.78 2.78 2.78 2.78
2.06 2.06 2.06 2.06 2.14 2.14 2.14 2.14 2.15 2.15 2.15 2.15 2.19 2.19 1.59 2.19 2.28 2.28 0.00 0.00 1.62 2.25 2.25 2.25 2.22 1.61 0.00 0.00 0.00 0.84 1.60 2.19 2.05 2.05 2.05 2.05 1.75 1.75 1.75 1.75 1.55 1.55 1.55 1.55 1.67 1.67 1.67 1.67 2.10 2.10 2.10 2.10 2.09 2.09 2.09 2.09 1.64 1.64 1.64 1.64 1.48 1.48 1.48 1.48 2.26 2.26 2.26 2.26 2.48 2.48 2.48 2.48 2.56 2.56 2.56 2.56 2.68 2.68 2.68 2.68 2.93 2.93 2.93 2.93
2.06 2.06 2.06 2.06 2.14 2.14 2.14 2.14 2.15 2.15 2.15 2.15 2.19 2.19 1.59 1.59 1.99 0.00 0.00 0.00 0.00 1.62 2.25 2.25 1.61 0.00 0.00 0.00 0.00 0.00 0.00 1.60 2.05 2.05 2.05 2.05 1.75 1.75 1.75 1.75 1.55 1.55 1.55 1.55 1.67 1.67 1.67 1.67 2.10 2.10 2.10 2.10 2.09 2.09 2.09 2.09 1.64 1.64 1.64 1.64 1.48 1.48 1.48 2.08 2.26 2.26 2.26 2.26 2.48 2.48 2.48 2.48 2.56 2.56 2.56 2.56 2.68 2.68 2.68 2.68 2.93 2.93 2.93 2.93
2.06 2.06 2.06 2.06 2.14 2.14 2.14 2.14 2.15 2.15 2.15 2.15 1.59 1.59 1.59 0.00 0.00 0.00 0.00 1.64 1.62 1.62 2.25 1.62 0.00 0.00 0.00 0.00 1.60 0.00 0.00 1.93 2.05 2.05 2.05 2.05 1.75 1.75 1.75 1.75 1.55 1.55 1.55 1.55 1.67 1.67 1.67 1.67 2.10 2.10 2.10 2.10 2.09 2.09 2.09 2.09 1.64 1.64 1.64 1.64 1.48 1.48 1.48 2.08 2.26 2.26 2.26 2.26 2.48 2.48 2.48 2.48 2.56 2.56 2.56 2.56 2.68 2.68 2.68 2.68 2.93 2.93 2.93 2.93
2.06 2.06 2.06 2.06 2.14 2.14 2.14 2.14 2.15 2.15 2.15 1.57 0.00 0.00 0.00 0.00 0.00 0.00 0.00 1.64 1.62 2.25 2.25 1.62 0.00 0.00 0.00 0.00 0.00 0.00 1.60 1.60 2.05 2.05 2.05 2.05 1.75 1.75 1.75 1.75 1.55 1.55 1.55 1.55 1.67 1.67 1.67 1.67 2.10 2.10 2.10 2.10 2.09 2.09 2.09 2.09 1.64 1.64 1.64 1.64 1.48 1.48 1.48 2.08 2.26 2.26 2.26 2.26 2.48 2.48 2.48 2.48 2.56 2.56 2.56 2.56 2.68 2.68 2.68 2.68 2.93 2.93 2.93 2.93
2.02 2.02 2.02 2.02 2.03 2.03 2.03 2.03 2.11 2.11 2.11 1.55 1.61 0.00 0.00 0.00 0.00 0.00 0.00 0.00 1.55 1.55 1.55 0.00 0.00 0.00 0.00 0.00 0.00 0.83 2.02 2.02 1.89 1.89 1.89 1.89 1.70 1.70 1.70 1.70 1.74 1.74 1.74 1.74 2.05 2.05 2.05 2.05 2.15 2.15 2.15 2.15 1.80 1.80 1.80 1.80 1.62 1.62 1.62 1.62 1.72 1.72 2.32 2.32 2.47 2.47 2.47 2.47 2.46 0.00 2.46 2.46 2.52 2.52 2.52 2.52 2.72 2.72 2.72 2.72 3.11 3.11 3.11 3.11
2.02 2.02 2.02 2.02 2.03 2.03 2.03 2.03 2.11 2.11 2.11 2.11 1.61 0.00 0.00 0.00 0.00 0.00 1.95 1.61 1.55 0.00 0.00 0.00 0.00 0.00 0.00 0.83 0.83 2.02 2.02 2.02 1.89 1.89 1.89 1.89 1.70 1.70 1.70 1.70 1.74 1.74 1.74 1.74 2.05 2.05 2.05 2.05 2.15 2.15 2.15 2.15 1.80 1.80 1.80 1.80 1.62 1.62 1.62 1.62 1.72 1.72 2.32 2.32 2.47 2.47 2.47 2.47 2.46 2.46 2.46 2.46 2.52 2.52 2.52 2.52 2.72 2.72 2.72 2.72 3.11 3.11 3.11 3.11
2.02 2.02 2.02 2.02 2.03 2.03 2.03 2.03 2.11 2.11 2.11 1.55 1.61 0.00 0.00 0.00 0.00 1.61 1.61 1.61 1.55 1.55 1.55 0.00 0.00 0.00 0.00 0.83 2.02 0.83 2.02 2.02 1.89 1.89 1.89 1.89 1.70 1.70 1.70 1.70 1.74 1.74 1.74 1.74 2.05 2.05 2.05 2.05 2.15 2.15 2.15 2.15 1.80 1.80 1.80 1.80 1.62 1.62 1.62 1.62 1.72 1.72 2.32 2.32 2.47 2.47 2.47 2.47 2.46 2.46 2.46 2.46 2.52 2.52 2.52 2.52 2.72 2.72 2.72 2.72 3.11 3.11 3.11 3.11
2.02 2.02 2.02 2.02 2.03 2.03 2.03 2.03 2.11 2.11 1.55 1.55 0.00 0.00 0.00 0.00 0.00 0.00 1.61 0.00 1.55 2.10 0.83 0.00 0.00 0.00 0.00 2.04 2.02 2.02 2.02 2.02 1.89 1.89 1.89 1.89 1.70 1.70 1.34 1.70 1.74 1.74 1.74 1.74 2.05 2.05 2.05 2.05 2.15 2.15 2.15 2.15 1.80 1.80 1.80 1.80 1.62 1.62 1.62 1.62 1.72 2.32 2.32 2.32 2.47 2.47 2.47 2.47 2.46 2.46 2.46 2.46 2.52 2.52 2.52 2.52 2.72 2.72 2.72 2.72 3.11 3.11 3.11 3.11
2.03 2.03 2.03 2.03 2.01 2.01 2.01 2.01 2.07 2.07 2.07 1.53 0.00 0.00 0.00 0.00 0.00 0.00 0.00 0.83 0.82 2.02 0.82 0.00 0.00 0.00 0.00 1.47 1.94 1.94 1.94 1.94 1.90 1.90 1.90 1.90 1.90 1.90 1.90 1.44 2.08 2.08 2.08 2.08 2.19 1.59 1.59 2.19 2.01 2.01 2.01 2.01 1.93 1.93 1.93 1.93 1.94 1.94 1.94 1.94 2.04 2.63 2.63 2.63 2.64 2.64 2.64 2.64 2.54 2.54 2.54 2.54 2.57 2.57 2.57 2.57 2.83 2.83 2.83 2.83 3.21 3.21 3.21 3.21
2.03 2.03 2.03 2.03 2.01 2.01 2.01 2.01 2.08 2.08 2.07 2.07 1.58 0.00 0.00 0.00 0.00 0.00 0.00 0.00 2.02 2.02 2.02 0.82 0.00 0.00 0.00 1.47 1.46 1.46 1.94 1.46 1.90 1.90 1.90 1.90 1.90 1.90 1.44 1.44 2.08 2.08 2.08 2.08 0.00 0.00 1.59 2.19 2.01 2.01 2.01 2.01 1.93 1.93 1.93 1.93 1.94 1.94 1.94 1.94 2.63 2.63 2.63 2.63 2.64 2.64 2.64 2.64 2.54 2.54 2.54 2.54 2.57 2.57 2.57 2.57 2.83 2.83 2.83 2.83 3.21 3.21 3.21 3.21
2.03 2.03 2.03 2.03 2.01 2.01 2.01 2.01 2.08 2.08 2.08 2.08 1.61 0.00 0.00 0.00 0.00 0.00 0.00 0.00 1.79 2.02 1.51 0.00 0.00 0.00 1.47 1.47 1.94 1.46 1.46 1.94 1.90 1.90 1.90 1.44 1.44 1.90 1.44 1.44 2.08 1.54 1.54 0.00 0.00 1.59 1.59 2.19 2.01 2.01 2.01 2.01 1.93 1.93 1.93 1.93 1.94 1.94 1.94 1.94 2.63 2.63 2.63 2.63 2.64 2.64 2.64 0.00 0.00 2.54 2.54 2.54 2.57 2.57 2.57 2.57 2.83 2.83 2.83 2.83 3.21 3.21 3.21 3.21
2.03 2.03 2.03 2.03 2.01 2.01 2.01 2.01 2.08 2.08 2.08 1.56 1.61 0.00 0.00 0.00 0.00 0.00 0.00 0.00 0.00 0.00 0.00 0.00 0.00 0.00 1.47 0.00 1.46 1.46 1.46 1.46 1.44 1.44 1.90 1.44 1.44 1.44 1.44 1.44 0.00 0.00 0.00 1.54 1.59 1.59 2.19 2.19 2.01 2.01 2.01 2.01 1.93 1.93 1.93 1.93 1.94 1.94 1.94 1.94 2.63 2.63 2.63 0.00 0.00 0.00 0.00 0.00 0.00 0.00 0.00 0.00 0.00 0.00 0.00 2.57 2.83 2.83 2.83 2.83 3.21 3.21 3.21 3.21
2.11 2.11 2.11 2.11 2.03 2.03 2.03 2.03 2.04 2.04 2.04 2.04 1.56 0.00 0.00 0.00 0.00 0.00 0.00 0.00 0.00 0.00 0.00 0.00 0.00 1.50 1.50 1.50 2.02 2.02 1.51 1.79 1.52 1.52 1.52 0.00 1.56 1.56 1.56 0.00 0.00 0.00 0.00 1.58 2.18 2.18 2.18 2.18 2.24 2.24 2.24 2.24 2.28 2.28 2.28 2.28 2.21 2.21 2.21 2.80 2.74 2.74 2.74 0.00 0.00 0.00 0.00 0.00 0.00 0.00 0.00 0.00 2.62 2.62 2.62 2.62 2.91 2.91 2.91 2.91 3.10 3.10 3.10 3.10
2.11 2.11 2.11 2.11 2.03 2.03 2.03 2.03 2.04 2.04 2.04 2.04 1.56 0.00 0.00 0.00 0.00 0.00 0.00 0.00 0.00 0.00 0.00 0.00 0.00 0.00 1.50 1.50 1.51 1.51 0.00 0.00 0.00 0.00 0.00 0.00 0.00 1.56 1.56 0.00 0.00 1.58 1.58 1.58 1.59 1.59 1.59 1.59 1.62 1.62 1.62 1.62 1.64 0.00 1.64 2.28 2.21 2.21 2.21 2.80 2.74 2.74 2.74 0.00 0.00 0.00 0.00 2.61 2.55 0.00 2.55 2.55 2.62 2.62 2.62 2.62 2.91 2.91 2.91 2.91 3.10 3.10 3.10 3.10
2.18 2.18 2.18 2.18 2.10 2.10 2.10 2.10 2.13 2.13 2.13 1.59 1.61 0.00 0.00 0.00 0.00 0.00 1.60 1.60 0.00 0.00 1.58 1.58 0.00 0.00 0.00 2.13 1.57 0.00 0.00 0.00 0.00 0.00 0.00 0.00 0.00 0.00 1.62 0.00 1.64 1.64 1.64 1.64 1.65 1.65 1.65 0.00 0.00 0.00 0.00 0.00 0.00 0.00 0.00 0.88 2.29 2.29 2.29 2.88 2.81 2.81 2.81 1.13 0.00 2.68 2.68 2.68 0.00 1.11 0.00 0.00 2.64 2.64 2.64 2.64 2.93 2.93 2.93 2.93 3.12 3.12 3.12 3.12
2.18 2.18 2.18 2.18 2.10 2.10 2.10 2.10 2.13 1.59 1.59 1.89 1.92 0.00 0.00 0.00 0.00 1.60 2.15 1.60 0.00 0.00 1.87 0.76 0.00 0.00 0.00 0.00 0.00 0.00 0.00 0.00 0.00 0.00 0.00 0.00 0.00 0.00 0.00 0.00 0.00 0.00 0.00 1.64 1.65 1.65 1.65 1.65 0.00 0.00 0.00 0.00 0.00 0.00 0.88 0.88 1.64 0.00 2.88 2.88 2.81 2.15 2.81 2.81 1.11 2.68 2.68 2.68 1.11 2.62 2.62 2.62 2.64 2.64 2.64 2.64 2.93 2.93 2.93 2.93 3.12 3.12 3.12 3.12
