New_Model_Runs/12_Future_RCP4.5_Scn2_out/post_prcessed_with_MFR/Monthly_summaries/interception_monthly_AUG.asc
NCOLS 700
NROWS 400
XLLCENTER 515000.000000
YLLCENTER 8409000.000000
CELLSIZE 50.000000
NODATA_value -999.000000
[rows 114 to 151 of 400, columns 420 to 503 of 700]
1.17 1.17 1.17 1.17 1.12 1.12 1.12 1.21 1.22 1.22 1.22 1.22 1.19 1.19 1.19 1.19 1.00 1.00 1.00 1.00 0.83 0.83 0.71 0.71 0.81 0.81 0.70 0.00 0.00 0.00 0.00 0.49 0.51 0.51 0.64 0.64 0.70 0.70 0.70 0.70 0.83 0.83 0.83 0.83 0.98 0.98 0.98 0.98 0.97 0.97 0.97 0.97 0.75 0.75 0.75 0.75 0.59 0.48 0.00 0.00 0.47 0.47 0.57 0.57 0.61 0.00 0.30 0.30 0.31 0.31 1.08 1.22 1.38 1.38 1.38 1.38 1.31 1.31 1.31 1.31 1.18 1.18 1.18 1.18
1.17 1.17 1.17 1.17 1.12 1.12 1.12 1.12 1.22 1.22 1.22 1.22 1.19 1.19 1.19 1.19 1.00 1.00 1.00 1.00 0.83 0.83 0.83 0.83 0.81 0.70 0.70 0.81 0.72 0.00 0.00 0.00 0.64 0.64 0.58 0.64 0.70 0.70 0.70 0.70 0.83 0.83 0.83 0.83 0.98 0.98 0.98 0.98 0.97 0.97 0.97 0.97 0.75 0.75 0.75 0.75 0.48 0.00 0.00 0.00 0.00 0.57 0.57 0.57 0.61 0.30 0.30 0.30 0.31 0.31 0.59 1.22 1.38 1.38 1.38 1.38 1.31 1.31 1.31 1.31 1.18 1.18 1.18 1.18
1.00 1.00 1.00 1.00 0.95 0.95 0.95 0.95 1.09 1.09 1.09 1.09 1.09 1.09 1.09 1.09 1.02 1.02 1.02 1.02 0.91 0.91 0.91 0.91 0.88 0.88 0.88 0.88 0.88 0.88 0.00 0.00 0.58 0.58 0.58 0.63 0.67 0.67 0.67 0.67 0.77 0.77 0.77 0.77 0.93 0.93 0.93 0.93 0.95 0.95 0.95 0.95 0.77 0.77 0.77 0.77 0.64 0.51 0.51 0.51 0.49 0.49 0.61 0.61 0.67 0.67 0.67 0.67 0.59 0.31 0.60 1.27 1.41 1.41 1.41 1.41 1.36 1.36 1.36 1.36 1.35 1.35 1.35 1.35
1.00 1.00 1.00 1.00 0.95 0.95 0.95 0.95 1.01 1.09 1.09 1.09 1.09 1.09 1.09 1.09 1.02 1.02 1.02 1.02 0.91 0.91 0.91 0.91 0.88 0.88 0.88 0.83 0.88 0.74 0.59 0.59 0.58 0.58 0.63 0.63 0.52 0.67 0.67 0.67 0.77 0.77 0.77 0.77 0.93 0.93 0.93 0.93 0.95 0.95 0.95 0.95 0.77 0.77 0.77 0.77 0.64 0.64 0.64 0.64 0.61 0.61 0.49 0.61 0.67 0.67 0.67 0.67 0.80 0.80 1.27 1.27 1.41 1.41 1.41 1.41 1.36 1.36 1.36 1.36 1.35 1.35 1.35 1.35
1.00 1.00 1.00 1.00 0.95 0.95 0.95 0.95 1.01 1.09 1.09 1.09 1.09 1.09 1.09 1.09 1.02 1.02 1.02 1.02 0.91 0.91 0.91 0.91 0.88 0.88 0.88 0.88 0.74 0.51 0.51 0.51 0.58 0.63 0.63 0.63 0.67 0.67 0.67 0.67 0.77 0.77 0.77 0.77 0.93 0.93 0.93 0.93 0.95 0.95 0.95 0.95 0.77 0.77 0.77 0.77 0.64 0.64 0.64 0.64 0.61 0.61 0.49 0.61 0.67 0.67 0.67 0.67 0.80 0.80 1.27 1.27 1.41 1.41 1.41 1.41 1.36 1.36 1.36 1.36 1.35 1.35 1.35 1.35
1.00 1.00 1.00 1.00 0.95 0.95 0.95 0.95 1.01 1.09 1.09 1.09 1.09 1.09 1.09 1.09 1.02 1.02 1.02 1.02 0.91 0.91 0.91 0.91 0.88 0.88 0.88 0.88 0.88 0.64 0.64 0.64 0.63 0.63 0.63 0.63 0.67 0.67 0.67 0.67 0.77 0.77 0.77 0.77 0.93 0.93 0.93 0.93 0.95 0.95 0.95 0.95 0.77 0.77 0.77 0.77 0.64 0.64 0.64 0.64 0.61 0.61 0.61 0.61 0.67 0.67 0.67 0.67 0.80 0.80 1.27 1.27 1.41 1.41 1.41 1.41 1.36 1.36 1.36 1.36 1.35 1.35 1.35 1.35
0.76 0.76 0.76 0.76 0.77 0.77 0.77 0.77 0.81 0.81 0.90 0.90 0.95 0.95 0.95 0.95 1.04 1.04 1.04 1.04 1.05 1.05 1.05 1.05 0.97 0.97 0.97 0.97 0.90 0.66 0.66 0.66 0.51 0.63 0.63 0.63 0.70 0.70 0.70 0.70 0.80 0.80 0.80 0.80 0.90 0.90 0.90 0.90 0.90 0.90 0.90 0.90 0.84 0.84 0.84 0.84 0.77 0.77 0.77 0.77 0.72 0.72 0.72 0.72 0.81 0.81 0.81 0.81 0.92 0.92 1.38 1.38 1.46 1.46 1.46 1.46 1.48 1.48 1.48 1.48 1.54 1.54 1.54 1.54
0.76 0.76 0.76 0.76 0.77 0.77 0.77 0.77 0.81 0.81 0.90 0.90 0.95 0.95 0.95 0.95 1.04 1.04 1.04 1.04 1.05 1.05 1.05 1.05 0.97 0.97 0.97 0.97 0.90 0.66 0.66 0.52 0.00 0.51 0.63 0.63 0.70 0.70 0.70 0.70 0.80 0.80 0.80 0.80 0.90 0.90 0.90 0.90 0.90 0.90 0.90 0.90 0.84 0.84 0.84 0.84 0.77 0.77 0.77 0.77 0.72 0.72 0.72 0.72 0.81 0.81 0.81 0.81 0.92 0.92 1.38 1.38 1.46 1.46 1.46 1.46 1.48 1.48 1.48 1.48 1.54 1.54 1.54 1.54
0.76 0.76 0.76 0.76 0.77 0.77 0.77 0.65 0.81 0.81 0.81 0.90 0.95 0.95 0.95 0.95 1.04 1.04 1.04 1.04 1.05 1.05 1.05 1.05 0.97 0.97 0.97 0.97 0.90 0.66 0.52 0.60 0.00 0.63 0.63 0.63 0.70 0.70 0.70 0.70 0.80 0.80 0.80 0.80 0.90 0.90 0.90 0.90 0.90 0.90 0.90 0.90 0.84 0.84 0.84 0.84 0.77 0.77 0.77 0.77 0.72 0.72 0.72 0.72 0.81 0.81 0.81 0.81 0.92 0.92 1.38 1.38 1.46 1.46 1.46 1.46 1.48 1.48 1.48 1.48 1.54 1.54 1.54 1.54
0.76 0.76 0.76 0.76 0.77 0.77 0.77 0.77 0.81 0.81 0.81 0.90 0.95 0.95 0.95 0.95 1.04 1.04 1.04 1.04 1.05 1.05 1.05 1.05 0.97 0.97 0.97 0.97 0.90 0.66 0.66 0.60 0.00 0.58 0.63 0.51 0.70 0.70 0.70 0.70 0.80 0.80 0.80 0.80 0.90 0.90 0.90 0.90 0.90 0.90 0.90 0.90 0.84 0.84 0.84 0.84 0.77 0.77 0.77 0.77 0.72 0.72 0.72 0.72 0.81 0.81 0.81 0.81 0.92 0.92 1.38 1.38 1.46 1.46 1.46 1.46 1.48 1.48 1.48 1.48 1.54 1.54 1.54 1.54
0.71 0.71 0.61 0.71 0.69 0.69 0.69 0.69 0.61 0.67 0.67 0.70 0.83 0.83 0.83 0.83 0.91 0.91 0.91 0.91 1.06 1.06 0.47 1.06 1.06 1.06 1.06 1.06 0.97 0.73 0.73 0.66 0.00 0.00 0.00 0.53 0.72 0.72 0.72 0.72 0.78 0.78 0.78 0.78 0.83 0.83 0.83 0.83 0.89 0.89 0.89 0.89 0.91 0.91 0.91 0.91 0.88 0.88 0.88 0.88 0.88 0.88 0.88 0.88 0.97 0.97 0.97 0.97 1.02 1.02 1.48 1.48 1.50 1.50 1.50 1.50 1.46 1.46 1.46 1.46 1.45 1.45 1.45 1.45
0.61 0.61 0.71 0.61 0.69 0.66 0.69 0.60 0.70 0.00 0.00 0.70 0.83 0.83 0.83 0.83 0.75 0.91 0.91 0.75 0.83 1.06 1.06 1.06 1.06 1.06 1.06 1.06 0.97 0.73 0.73 0.73 0.62 0.00 0.62 0.62 0.72 0.72 0.72 0.72 0.78 0.78 0.78 0.78 0.83 0.83 0.83 0.83 0.89 0.89 0.89 0.89 0.91 0.91 0.91 0.91 0.88 0.88 0.88 0.88 0.88 0.88 0.88 0.88 0.97 0.97 0.97 0.97 1.02 1.02 1.48 1.48 1.50 1.50 1.50 1.50 1.46 1.46 1.46 1.46 1.45 1.45 1.45 1.45
0.61 0.00 0.68 0.68 0.66 0.66 0.69 0.69 0.32 0.00 0.00 0.00 0.79 0.79 0.79 0.46 0.75 0.91 0.46 0.75 1.06 1.06 1.06 1.06 1.06 1.06 1.06 1.06 0.97 0.73 0.73 0.73 0.69 0.31 0.53 0.53 0.72 0.72 0.72 0.72 0.78 0.78 0.78 0.78 0.83 0.83 0.83 0.83 0.89 0.89 0.89 0.89 0.91 0.91 0.91 0.91 0.88 0.88 0.88 0.88 0.88 0.88 0.88 0.88 0.97 0.97 0.97 0.97 1.02 1.02 1.48 1.48 1.50 1.50 1.50 1.50 1.46 1.46 1.46 1.46 1.45 1.45 1.45 1.45
0.61 0.68 0.61 0.68 0.00 0.00 0.66 0.00 0.00 0.00 0.00 0.00 0.00 0.00 0.79 0.83 0.91 0.91 0.91 0.75 0.83 1.06 1.06 1.06 1.06 1.06 1.06 1.06 0.97 0.73 0.73 0.73 0.69 0.69 0.69 0.53 0.55 0.72 0.72 0.72 0.78 0.78 0.78 0.78 0.83 0.83 0.83 0.83 0.89 0.89 0.89 0.89 0.91 0.91 0.91 0.91 0.88 0.88 0.88 0.88 0.88 0.88 0.88 0.88 0.97 0.97 0.97 0.97 1.02 1.02 1.48 1.48 1.50 1.50 1.50 1.50 1.46 1.46 1.46 1.46 1.45 1.45 1.45 1.45
0.71 0.68 0.00 0.00 0.00 0.00 0.00 0.00 0.00 0.00 0.00 0.00 0.69 0.77 0.80 0.80 0.87 0.87 0.82 0.73 0.00 0.80 0.80 1.02 1.13 1.13 0.00 1.13 1.10 0.86 0.86 0.86 0.73 0.73 0.73 0.56 0.70 0.70 0.70 0.70 0.73 0.73 0.73 0.56 0.79 0.79 0.79 0.79 0.88 0.88 0.88 0.88 0.96 0.96 0.96 0.96 0.99 0.99 0.99 0.99 0.97 0.97 0.97 0.97 0.93 0.93 0.93 0.93 0.94 0.94 1.41 1.41 1.41 1.41 1.41 1.41 1.32 1.32 1.32 1.32 1.30 1.30 1.30 1.30
0.32 0.32 0.00 0.00 0.00 0.00 0.00 0.00 0.00 0.00 0.00 0.00 0.00 0.62 0.80 0.80 0.87 0.87 0.73 0.73 0.93 0.80 1.02 1.02 1.13 0.00 0.00 0.00 0.86 0.86 0.86 0.86 0.73 0.73 0.73 0.73 0.54 0.54 0.70 0.70 0.73 0.73 0.73 0.73 0.79 0.79 0.79 0.79 0.88 0.88 0.88 0.88 0.96 0.96 0.96 0.96 0.99 0.99 0.99 0.99 0.97 0.97 0.97 0.97 0.93 0.93 0.93 0.93 0.94 0.94 1.41 1.41 1.41 1.41 1.41 1.41 1.32 1.32 1.32 1.32 1.30 1.30 1.30 1.30
0.00 0.00 0.00 0.00 0.00 0.00 0.00 0.00 0.00 0.00 0.66 0.60 0.62 0.71 0.80 0.80 0.86 0.86 0.82 0.86 0.80 1.00 1.00 1.00 0.00 0.00 0.00 0.00 0.00 0.86 0.86 0.86 0.73 0.73 0.73 0.73 0.70 0.70 0.70 0.70 0.73 0.73 0.73 0.73 0.79 0.79 0.79 0.79 0.88 0.88 0.88 0.88 0.96 0.96 0.96 0.96 1.00 1.00 1.00 1.00 0.95 0.95 0.95 0.95 0.92 0.92 0.92 0.92 0.92 0.92 1.39 1.39 1.40 1.40 1.40 1.40 1.30 1.30 1.30 1.30 1.27 1.27 1.27 1.27
0.00 0.00 0.00 0.00 0.00 0.00 0.00 0.00 0.00 0.00 0.60 0.68 0.62 0.71 0.69 0.69 0.86 0.86 0.86 0.86 1.00 1.00 1.00 1.00 0.00 0.00 0.00 0.00 0.00 0.86 0.86 0.86 0.73 0.73 0.73 0.73 0.70 0.70 0.70 0.70 0.73 0.73 0.73 0.73 0.79 0.79 0.79 0.79 0.88 0.88 0.88 0.88 0.96 0.96 0.96 0.96 1.00 1.00 1.00 1.00 0.95 0.95 0.95 0.95 0.92 0.92 0.92 0.92 0.65 0.92 1.39 1.39 1.40 1.40 1.40 1.40 1.30 1.30 1.30 1.30 1.27 1.27 1.27 1.27
0.00 0.00 0.00 0.00 0.00 0.00 0.00 0.00 0.00 0.00 0.67 0.70 0.74 0.74 0.63 0.71 0.92 0.92 0.92 0.92 1.07 1.07 1.07 0.00 0.00 0.00 0.00 0.00 0.00 0.95 0.95 0.95 0.81 0.81 0.81 0.81 0.81 0.81 0.81 0.81 0.80 0.80 0.80 0.80 0.85 0.85 0.85 0.85 0.92 0.92 0.92 0.92 0.99 0.99 0.99 0.99 1.01 1.01 1.01 1.01 0.89 0.89 0.89 0.89 0.83 0.83 0.83 0.83 0.31 0.84 1.31 1.31 1.32 1.32 1.32 1.32 1.25 1.25 1.25 1.25 1.23 1.23 1.23 1.23
0.00 0.00 0.00 0.00 0.00 0.00 0.00 0.00 0.00 0.70 0.70 0.70 0.63 0.74 0.74 0.83 0.92 0.92 0.92 0.92 1.07 1.07 1.07 1.07 0.00 0.00 0.00 0.00 0.00 0.95 0.95 0.95 0.81 0.81 0.81 0.81 0.81 0.81 0.81 0.81 0.80 0.80 0.80 0.80 0.85 0.85 0.85 0.85 0.92 0.92 0.92 0.92 0.99 0.99 0.99 0.99 1.01 1.01 1.01 1.01 0.89 0.89 0.89 0.89 0.83 0.83 0.83 0.83 0.84 0.84 1.31 1.31 1.32 1.32 1.32 1.32 1.25 1.25 1.25 1.25 1.23 1.23 1.23 1.23
0.00 0.00 0.00 0.00 0.00 0.00 0.00 0.00 0.61 0.70 0.70 0.70 0.74 0.74 0.74 0.74 0.92 0.92 0.92 0.92 1.07 1.07 1.07 1.07 0.00 0.00 0.00 0.00 0.00 0.00 0.95 0.95 0.81 0.81 0.81 0.81 0.81 0.81 0.81 0.81 0.80 0.80 0.80 0.80 0.85 0.85 0.85 0.85 0.92 0.92 0.92 0.92 0.99 0.99 0.99 0.99 1.01 1.01 1.01 1.01 0.89 0.89 0.89 0.89 0.83 0.83 0.83 0.83 0.84 0.84 1.31 1.31 1.32 1.32 1.32 1.32 1.25 1.25 1.25 1.25 1.23 1.23 1.23 1.23
0.00 0.00 0.00 0.00 0.00 0.00 0.00 0.00 0.67 0.70 0.70 0.70 0.74 0.74 0.74 0.74 0.92 0.92 0.92 0.92 1.07 1.07 0.00 0.00 0.00 0.00 0.00 0.00 0.00 0.00 0.95 0.95 0.00 0.81 0.81 0.00 0.00 0.00 0.81 0.81 0.80 0.80 0.80 0.80 0.85 0.85 0.85 0.85 0.92 0.92 0.92 0.92 0.99 0.99 0.99 0.99 1.01 1.01 1.01 1.01 0.89 0.89 0.89 0.89 0.83 0.83 0.83 0.83 0.84 0.84 1.31 1.31 1.32 1.32 1.32 1.32 1.25 1.25 1.25 1.25 1.23 1.23 1.23 1.23
0.00 0.00 0.00 0.00 0.00 0.00 0.32 0.74 0.78 0.78 0.78 0.78 0.86 0.86 0.86 0.86 1.05 1.05 1.05 1.05 1.20 0.00 0.00 0.00 0.00 0.00 0.00 0.00 0.00 0.00 0.00 0.00 0.00 0.00 0.00 0.00 0.00 0.87 0.87 0.87 0.83 0.83 0.83 0.83 0.89 0.89 0.89 0.89 0.93 0.93 0.93 0.93 0.98 0.98 0.98 0.98 0.98 0.98 0.98 0.98 0.89 0.89 0.89 0.89 0.85 0.85 0.85 0.85 0.83 0.83 1.29 1.29 1.25 1.25 1.25 1.25 1.23 1.23 1.23 1.23 1.24 1.24 1.24 1.24
0.00 0.00 0.00 0.00 0.00 0.00 0.74 0.74 0.78 0.78 0.78 0.78 0.86 0.86 0.86 0.86 0.97 1.05 1.05 1.05 1.20 0.00 0.00 0.00 0.00 0.00 0.00 0.00 0.00 0.00 0.00 0.00 0.00 0.00 0.00 0.00 0.00 0.00 0.00 0.87 0.83 0.83 0.83 0.83 0.89 0.89 0.89 0.89 0.93 0.93 0.93 0.93 0.98 0.98 0.98 0.98 0.98 0.98 0.98 0.98 0.89 0.89 0.89 0.89 0.85 0.85 0.85 0.85 0.83 0.83 1.29 1.29 1.25 1.25 1.25 1.25 1.23 1.23 1.23 1.23 1.24 1.24 1.24 1.24
0.00 0.00 0.00 0.00 0.00 0.00 0.74 0.74 0.78 0.78 0.78 0.78 0.86 0.86 0.86 0.86 0.97 1.05 1.05 0.00 0.00 0.00 0.00 0.00 0.00 0.00 0.00 0.00 0.00 0.00 0.00 0.00 0.00 0.00 0.00 0.00 0.00 0.00 0.00 0.87 0.83 0.83 0.83 0.83 0.89 0.89 0.89 0.89 0.93 0.93 0.93 0.93 0.98 0.98 0.98 0.98 0.98 0.98 0.98 0.98 0.89 0.89 0.89 0.89 0.85 0.85 0.85 0.85 0.83 0.83 1.29 1.29 1.25 1.25 1.25 1.25 1.23 1.23 1.23 1.23 1.24 1.24 1.24 1.06
0.00 0.00 0.00 0.00 0.00 0.74 0.74 0.74 0.78 0.78 0.78 0.78 0.86 0.86 0.86 0.86 0.00 0.00 0.00 0.00 0.00 0.00 0.00 0.00 0.00 0.00 0.00 0.00 0.00 0.00 0.00 0.00 0.00 0.00 0.00 0.00 0.87 0.87 0.87 0.87 0.83 0.83 0.83 0.83 0.89 0.89 0.89 0.89 0.93 0.93 0.93 0.93 0.98 0.98 0.98 0.98 0.98 0.98 0.98 0.98 0.89 0.89 0.89 0.89 0.85 0.85 0.85 0.85 0.83 0.83 1.29 1.29 1.25 1.25 1.25 1.25 1.23 1.23 1.23 1.23 1.24 1.24 1.24 1.06
0.00 0.00 0.00 0.00 0.00 0.80 0.80 0.80 0.85 0.85 0.85 0.85 0.96 0.96 0.96 0.96 1.15 1.15 1.23 0.00 0.00 0.00 0.00 0.00 0.00 0.00 0.00 0.00 0.00 0.00 0.92 0.00 0.00 0.00 0.00 0.00 0.84 0.84 0.84 0.84 0.86 0.86 0.86 0.86 0.91 0.91 0.91 0.91 0.93 0.93 0.93 0.93 0.97 0.97 0.97 0.97 0.95 0.95 0.95 0.95 0.92 0.92 0.92 0.92 0.92 0.92 0.92 0.92 0.84 0.84 1.31 1.31 1.20 1.20 1.20 1.20 1.20 1.20 1.20 1.20 1.25 1.25 1.25 1.25
0.00 0.00 0.00 0.00 0.32 0.80 0.80 0.80 0.85 0.68 0.85 0.85 0.96 0.96 0.96 0.96 1.15 1.15 1.23 1.23 1.27 0.00 0.00 1.27 1.17 0.00 0.00 0.00 0.00 0.00 0.00 0.00 0.00 0.00 0.88 0.88 0.84 0.84 0.84 0.84 0.86 0.86 0.86 0.86 0.91 0.91 0.91 0.91 0.93 0.93 0.93 0.93 0.97 0.97 0.97 0.97 0.95 0.95 0.95 0.95 0.92 0.92 0.92 0.92 0.92 0.92 0.92 0.92 0.84 0.84 1.31 1.31 1.20 1.20 1.20 1.20 1.20 1.20 1.20 1.20 0.54 1.25 1.25 1.25
0.00 0.00 0.00 0.00 0.32 0.80 0.80 0.80 0.68 0.68 0.85 0.85 0.96 0.96 0.96 0.96 1.15 1.15 1.15 1.23 1.27 1.27 1.27 1.27 1.17 1.17 0.00 0.00 0.00 0.00 0.00 0.00 0.00 0.00 0.00 0.88 0.84 0.84 0.84 0.84 0.86 0.86 0.86 0.86 0.91 0.91 0.91 0.91 0.93 0.93 0.93 0.93 0.97 0.97 0.97 0.97 0.95 0.95 0.95 0.95 0.92 0.92 0.92 0.92 0.92 0.92 0.92 0.92 0.84 0.84 1.31 1.31 1.20 1.20 1.20 1.20 1.20 1.20 1.20 1.20 1.25 1.25 1.25 1.25
0.00 0.00 0.00 0.00 0.80 0.80 0.80 0.66 0.68 0.68 0.68 0.68 0.96 0.96 0.96 0.96 1.15 1.15 1.15 1.23 1.27 1.27 1.27 1.27 1.17 1.17 1.17 0.00 0.00 0.00 0.00 0.00 0.00 0.00 0.00 0.00 0.84 0.84 0.84 0.84 0.86 0.86 0.86 0.86 0.91 0.91 0.91 0.91 0.93 0.93 0.93 0.93 0.97 0.97 0.97 0.97 0.95 0.95 0.95 0.95 0.92 0.92 0.92 0.92 0.92 0.92 0.92 0.92 0.84 0.84 1.31 1.31 1.20 1.20 1.20 1.20 1.20 1.20 1.20 1.20 1.25 1.25 1.18 1.25
0.00 0.00 0.00 0.00 0.32 0.66 0.66 0.00 0.00 0.68 0.85 0.85 1.03 1.03 1.03 1.03 1.21 1.21 1.21 1.21 1.17 1.17 1.17 1.17 1.03 1.03 1.03 0.79 0.76 0.76 0.00 0.00 0.00 0.00 0.00 0.00 0.81 0.81 0.81 0.81 0.91 0.91 0.91 0.91 0.93 0.93 0.93 0.93 0.94 0.94 0.94 0.94 0.94 0.94 0.94 0.94 0.86 0.86 0.86 0.86 0.86 0.86 0.86 0.86 0.92 0.92 0.92 0.92 0.86 0.86 1.33 1.33 1.22 1.22 1.22 0.59 0.54 1.03 0.54 0.54 1.06 1.17 1.06 1.06
0.00 0.00 0.00 0.00 0.00 0.00 0.00 0.00 0.68 0.68 0.85 0.85 1.03 1.03 1.03 1.03 1.21 1.21 1.21 1.21 1.17 1.17 1.17 1.17 1.03 1.03 1.03 0.79 0.76 0.76 0.00 0.00 0.76 0.00 0.00 0.00 0.81 0.81 0.81 0.81 0.91 0.91 0.91 0.91 0.93 0.93 0.93 0.93 0.94 0.94 0.94 0.94 0.94 0.94 0.94 0.94 0.86 0.86 0.86 0.86 0.86 0.86 0.86 0.86 0.92 0.92 0.92 0.92 0.86 0.86 1.33 1.33 1.22 1.22 1.22 1.22 1.18 0.54 0.54 0.00 0.00 0.00 0.00 0.00
0.00 0.00 0.00 0.00 0.00 0.00 0.00 0.65 0.84 0.84 0.84 0.84 0.99 0.99 0.99 0.99 1.17 1.17 1.17 1.17 1.13 1.13 1.13 1.13 1.00 1.00 1.00 0.77 0.73 0.73 0.73 0.73 0.73 0.73 0.73 0.00 0.77 0.77 0.77 0.77 0.86 0.86 0.86 0.86 0.87 0.87 0.87 0.87 0.88 0.88 0.88 0.88 0.88 0.88 0.88 0.88 0.81 0.81 0.81 0.81 0.81 0.81 0.81 0.81 0.87 0.87 0.87 0.87 0.81 0.81 1.28 1.28 1.19 1.19 1.19 1.19 1.16 1.16 1.16 1.16 0.00 0.00 0.00 0.00
0.00 0.00 0.00 0.00 0.00 0.00 0.75 0.80 0.67 0.84 0.84 0.84 0.99 0.99 0.99 0.99 1.17 1.17 1.17 1.17 1.05 1.13 1.13 1.13 1.00 1.00 1.00 0.77 0.73 0.73 0.73 0.73 0.73 0.73 0.73 0.00 0.77 0.77 0.77 0.77 0.86 0.86 0.86 0.86 0.87 0.87 0.87 0.87 0.88 0.88 0.88 0.88 0.88 0.88 0.88 0.88 0.81 0.81 0.81 0.81 0.81 0.81 0.81 0.81 0.87 0.87 0.87 0.87 0.81 0.81 1.28 1.28 1.19 1.19 1.19 1.19 1.16 1.16 1.16 1.00 0.00 0.00 0.00 0.00
0.00 0.00 0.00 0.00 0.00 0.66 0.82 0.82 0.90 0.90 0.90 0.90 1.10 1.10 1.10 1.10 1.13 1.13 1.13 1.13 0.93 1.01 1.01 1.01 0.90 0.90 0.90 0.67 0.65 0.51 0.65 0.65 0.68 0.68 0.68 0.68 0.78 0.78 0.78 0.78 0.89 0.89 0.89 0.89 0.90 0.90 0.90 0.90 0.89 0.89 0.89 0.89 0.80 0.80 0.80 0.80 0.69 0.69 0.69 0.69 0.69 0.69 0.69 0.69 0.76 0.76 0.76 0.76 0.84 0.84 1.31 1.31 1.30 1.30 1.30 1.30 1.21 1.21 1.21 1.21 0.00 0.00 0.00 0.00
0.00 0.00 0.00 0.00 0.00 0.82 0.82 0.82 0.90 0.90 0.90 0.90 1.10 1.10 1.10 1.10 1.13 1.13 1.13 1.13 0.93 0.93 1.01 1.01 0.90 0.90 0.90 0.67 0.65 0.51 0.65 0.65 0.68 0.68 0.68 0.68 0.78 0.78 0.78 0.78 0.89 0.89 0.89 0.89 0.90 0.90 0.90 0.90 0.89 0.89 0.89 0.89 0.80 0.80 0.80 0.80 0.69 0.69 0.69 0.69 0.69 0.69 0.69 0.69 0.76 0.76 0.76 0.76 0.84 0.84 1.31 1.31 1.30 1.30 1.30 1.30 1.21 1.21 1.14 1.21 0.00 0.00 0.00 0.00
0.00 0.00 0.00 0.00 0.00 0.32 0.76 0.76 0.90 0.90 0.90 0.90 1.10 1.10 1.10 0.80 1.13 1.13 1.13 1.13 0.93 0.93 1.01 1.01 0.90 0.90 0.90 0.67 0.65 0.65 0.65 0.65 0.68 0.68 0.68 0.68 0.78 0.78 0.78 0.78 0.89 0.89 0.89 0.89 0.90 0.90 0.90 0.90 0.89 0.89 0.89 0.89 0.80 0.80 0.80 0.80 0.69 0.69 0.69 0.69 0.69 0.69 0.69 0.69 0.76 0.76 0.76 0.76 0.84 0.84 1.31 1.31 1.30 1.30 1.30 1.30 1.21 1.21 1.14 1.02 0.00 0.00 0.00 0.00
0.00 0.00 0.00 0.00 0.00 0.00 0.00 0.76 0.90 0.90 0.90 0.90 1.10 1.10 1.10 1.10 1.13 1.13 1.13 1.13 0.93 0.93 1.01 1.01 0.90 0.90 0.67 0.67 0.65 0.65 0.65 0.65 0.68 0.68 0.68 0.68 0.78 0.78 0.78 0.78 0.89 0.89 0.89 0.89 0.90 0.90 0.90 0.90 0.89 0.89 0.89 0.89 0.80 0.80 0.80 0.80 0.69 0.69 0.69 0.69 0.69 0.69 0.69 0.69 0.76 0.76 0.76 0.76 0.84 0.84 1.31 1.31 1.30 1.30 1.30 1.30 1.21 1.21 1.21 1.02 0.00 0.00 0.00 0.00
