New_Model_Runs/12_Future_RCP4.5_Scn2_out/post_prcessed_with_MFR/Monthly_summaries/interception_monthly_NOV.asc
NCOLS 700
NROWS 400
XLLCENTER 515000.000000
YLLCENTER 8409000.000000
CELLSIZE 50.000000
NODATA_value -999.000000
[rows 76 to 113 of 400, columns 420 to 503 of 700]
0.00 0.00 0.00 0.00 0.00 0.00 0.00 0.00 0.00 0.00 0.00 0.00 0.00 0.00 0.00 0.00 0.00 0.00 0.00 0.00 0.00 0.00 0.00 0.00 0.00 0.00 0.00 0.00 0.00 0.00 0.00 0.00 0.00 0.00 0.00 0.00 0.00 0.00 0.00 0.00 0.00 0.00 0.00 0.00 0.00 0.00 0.00 0.00 0.00 0.00 0.00 0.00 0.00 0.00 0.00 0.00 0.00 0.00 0.00 0.00 0.00 0.00 0.00 0.00 0.00 0.00 0.00 0.00 0.00 0.00 0.00 0.00 0.00 0.00 0.00 0.00 0.00 0.00 0.00 0.00 0.00 0.00 0.00 0.00
0.00 0.00 0.00 0.00 0.00 0.00 0.00 0.00 0.00 0.00 0.00 0.00 0.00 0.00 0.00 0.00 0.00 0.00 0.00 0.00 0.00 0.00 0.00 0.00 0.00 0.00 0.00 0.00 0.00 0.00 0.00 0.00 0.00 0.00 0.00 0.00 0.00 0.00 0.00 0.00 0.00 0.00 0.00 0.00 0.00 0.00 0.00 0.00 0.00 0.00 0.00 0.00 0.00 0.00 0.00 0.00 0.00 0.00 0.00 0.00 0.00 0.00 0.00 0.00 0.00 0.00 0.00 0.00 0.00 0.00 0.00 0.00 0.00 0.00 0.00 0.00 0.00 0.00 0.00 0.00 0.00 0.00 0.00 0.00
0.00 0.00 0.00 0.00 0.00 0.00 0.00 0.00 0.00 0.00 0.00 0.00 0.00 0.00 0.00 0.00 0.00 0.00 0.00 0.00 0.00 0.00 0.00 0.00 0.00 0.00 0.00 0.00 0.00 0.00 0.00 0.00 0.00 0.00 0.00 0.00 0.00 0.00 0.00 0.00 0.00 0.00 0.00 0.00 0.00 0.00 0.00 0.00 0.00 0.00 0.00 0.00 0.00 0.00 0.00 0.00 0.00 0.00 0.00 0.00 0.00 0.00 0.00 0.00 0.00 0.00 0.00 0.00 0.00 0.00 0.00 0.00 0.00 0.00 0.00 0.00 0.00 0.00 0.00 0.00 0.00 0.00 0.00 0.00
0.00 0.00 0.00 0.00 0.00 0.00 0.00 0.00 0.00 0.00 0.00 0.00 0.00 0.00 0.00 0.00 0.00 0.00 0.00 0.00 0.00 0.00 0.00 0.00 0.00 0.00 0.00 0.00 0.00 0.00 0.00 0.00 0.00 0.00 0.00 0.00 0.00 0.00 0.00 0.00 0.00 0.00 0.00 0.00 0.00 0.00 0.00 0.00 0.00 0.00 0.00 0.00 0.00 0.00 0.00 0.00 0.00 0.00 0.00 0.00 0.00 0.00 0.00 0.00 0.00 0.00 0.00 0.00 0.00 0.00 0.00 0.00 0.00 0.00 0.00 0.00 0.00 0.00 0.00 0.00 0.00 0.00 0.00 0.00
0.00 0.00 0.00 0.00 0.00 0.00 0.00 0.00 0.00 0.00 0.00 1.60 0.00 0.00 0.00 0.00 0.00 0.00 0.00 0.00 0.00 0.00 0.00 0.00 0.00 0.00 0.00 0.00 0.00 0.00 0.00 0.00 0.00 0.00 0.00 0.00 0.00 0.00 0.00 0.00 0.00 0.00 0.00 0.00 0.00 0.00 0.00 0.00 0.00 0.00 0.00 0.00 0.00 0.00 0.00 0.00 0.00 0.00 0.00 0.00 0.00 0.00 0.00 0.00 0.00 0.00 0.00 0.00 0.00 0.00 0.00 0.00 0.00 0.00 0.00 0.00 0.00 0.00 0.00 0.00 0.00 0.00 0.00 0.00
0.00 0.00 0.00 0.00 0.00 0.00 0.00 0.00 0.00 0.00 1.60 1.60 0.00 0.00 0.00 0.00 0.00 0.00 0.00 0.00 0.00 0.00 0.00 0.00 0.00 0.00 0.00 0.00 0.00 0.00 0.00 0.00 0.00 0.00 0.00 0.00 0.00 0.00 0.00 0.00 0.00 0.00 0.00 0.00 0.00 0.00 0.00 0.00 0.00 0.00 0.00 0.00 0.00 0.00 0.00 0.00 0.00 0.00 0.00 0.00 0.00 0.00 0.00 0.00 0.00 0.00 0.00 0.00 0.00 0.00 0.00 0.00 0.00 0.00 0.00 0.00 0.00 0.00 0.00 0.00 0.00 0.00 0.00 0.00
1.54 1.54 0.00 0.00 0.00 0.00 0.00 1.58 1.68 1.68 1.68 1.68 1.70 0.00 0.00 0.00 0.00 0.00 0.00 0.00 0.00 0.00 0.00 0.00 0.00 0.00 0.00 0.00 0.00 0.00 0.00 0.00 0.00 0.00 0.00 0.00 0.00 0.00 0.00 0.00 0.00 0.00 0.00 0.00 0.00 0.00 0.00 0.00 0.00 0.00 0.00 0.00 0.00 0.00 0.00 0.00 0.00 0.00 0.00 0.00 0.00 0.00 0.00 0.00 0.00 0.00 0.00 0.00 0.00 0.00 0.00 0.00 0.00 0.00 0.00 0.00 0.00 0.00 0.00 0.00 0.00 0.00 0.00 0.00
1.54 1.54 1.54 0.00 0.00 0.00 1.58 1.58 1.68 1.68 1.68 1.68 0.00 0.00 0.00 0.00 0.00 0.00 0.00 0.00 0.00 0.00 0.00 0.00 0.00 0.00 0.00 0.00 0.00 0.00 0.00 0.00 0.00 0.00 0.00 0.00 0.00 0.00 0.00 0.00 0.00 0.00 0.00 0.00 0.00 0.00 0.00 0.00 0.00 0.00 0.00 0.00 0.00 0.00 0.00 0.00 1.05 0.00 0.00 0.00 0.00 0.00 0.00 0.00 0.00 0.00 0.00 0.00 0.00 0.84 0.00 0.00 0.00 0.00 0.00 0.00 0.00 0.00 0.00 0.00 0.00 0.00 0.00 0.00
1.58 1.58 1.58 1.58 1.67 1.67 1.67 1.67 1.69 1.69 1.69 1.69 0.00 0.00 0.00 0.00 0.00 0.00 0.00 0.00 0.00 0.00 0.00 0.00 0.00 0.00 0.00 0.00 0.00 0.00 0.00 0.00 0.00 0.00 0.00 0.00 0.00 0.00 0.00 0.00 0.00 0.00 0.00 0.00 0.00 0.00 0.00 0.00 0.00 0.00 0.00 0.00 0.00 0.00 0.00 0.00 1.02 1.02 0.00 0.00 0.00 0.00 0.00 0.00 0.00 0.00 0.00 0.00 1.16 1.16 1.19 0.00 0.00 0.00 0.00 0.00 0.00 0.00 0.00 0.00 0.00 0.00 0.00 0.00
1.58 1.58 1.58 1.58 1.67 1.67 1.67 1.67 1.69 1.69 1.69 1.69 0.00 0.00 0.00 0.00 0.00 0.00 0.00 0.00 0.00 0.00 0.00 0.00 0.00 0.00 0.00 0.00 0.55 0.00 0.00 0.00 0.00 0.00 0.00 0.00 0.00 0.00 0.00 0.00 0.00 0.00 0.00 0.00 0.00 0.00 0.00 0.00 0.00 0.00 0.00 0.00 0.00 0.00 0.00 0.00 1.02 1.02 0.00 0.00 0.00 0.00 0.00 0.00 0.00 0.00 0.00 0.00 1.16 1.16 1.19 0.00 0.00 0.00 0.00 0.00 0.00 0.00 0.00 0.00 0.00 0.00 0.00 0.00
1.58 1.58 1.58 1.58 1.67 1.67 1.67 1.67 1.69 1.69 1.69 1.69 1.56 0.00 0.00 0.00 0.00 0.00 0.00 0.00 0.00 0.00 0.00 0.00 0.00 0.00 0.00 1.60 1.60 1.60 0.00 0.00 0.00 0.00 0.00 0.00 0.00 0.00 0.00 0.00 0.00 0.00 0.00 0.00 0.00 0.00 0.00 0.00 0.00 0.00 0.00 0.00 0.00 0.00 0.00 0.00 1.02 1.02 0.78 0.00 0.00 0.00 0.00 0.00 0.00 0.00 0.00 1.09 1.16 1.16 1.19 1.19 0.00 0.00 0.00 0.00 0.00 0.00 0.00 0.00 0.00 1.17 1.17 0.00
1.58 1.58 1.58 1.58 1.67 1.67 1.67 1.67 1.69 1.69 1.69 1.69 1.56 0.00 0.00 0.00 0.00 0.00 0.00 0.00 0.00 0.00 0.00 0.00 0.00 0.00 1.60 1.60 1.60 1.60 0.00 0.00 0.00 0.00 0.00 0.00 0.00 0.00 0.00 0.00 0.00 0.00 0.00 0.00 0.00 0.42 0.00 0.00 0.00 0.00 0.00 0.00 0.00 0.00 0.00 0.00 0.78 1.02 1.02 1.02 1.09 0.00 0.00 1.09 1.09 1.09 0.00 1.09 1.16 1.16 1.19 1.19 1.19 0.00 0.00 0.00 0.00 0.00 0.00 0.00 1.17 1.17 1.17 1.17
1.62 1.62 1.62 1.62 1.68 1.68 1.68 1.68 1.58 1.58 1.58 1.58 1.43 0.00 0.00 0.00 0.00 0.00 0.00 0.00 0.00 0.00 0.00 0.00 0.00 0.00 1.59 1.59 1.57 0.00 0.00 0.00 0.00 0.00 0.00 0.00 0.00 0.00 0.00 0.00 0.00 0.00 0.00 0.00 0.00 0.93 0.93 0.93 0.00 0.00 0.00 0.00 0.00 0.00 0.00 0.00 1.00 1.00 1.00 1.00 1.11 1.11 1.11 1.11 1.15 1.15 1.15 1.15 1.16 1.16 1.19 1.19 1.10 0.00 0.00 0.00 0.00 0.00 0.00 1.12 1.18 1.18 1.18 1.18
1.62 1.62 1.62 1.62 1.68 1.68 1.68 1.68 1.58 1.58 1.58 1.58 1.43 0.00 0.00 0.00 0.00 0.00 0.00 0.00 0.00 0.00 0.00 0.00 0.00 1.59 1.59 1.59 1.57 0.00 0.00 0.00 0.00 0.00 0.00 0.00 0.00 0.00 0.00 0.00 0.00 0.00 0.00 0.00 0.00 0.93 0.93 0.93 0.89 0.89 0.00 0.00 0.00 0.00 0.00 0.00 1.00 1.00 1.00 1.00 1.11 1.11 1.11 1.11 1.15 1.15 1.15 1.15 1.16 1.16 1.19 1.19 1.10 1.10 0.00 0.00 0.00 0.00 1.12 1.12 1.18 1.18 1.18 1.18
1.62 1.62 1.62 1.62 1.68 1.68 1.68 1.68 1.58 1.58 1.58 1.58 1.43 0.00 0.00 0.00 0.00 0.00 0.00 0.00 0.00 1.51 1.51 1.51 1.59 1.59 1.59 1.59 0.00 0.00 0.00 0.00 0.00 0.00 0.00 0.00 0.00 0.00 0.00 0.00 0.00 0.00 0.00 0.00 0.00 0.93 0.93 0.93 0.89 0.89 0.00 0.00 0.00 0.00 0.00 0.00 0.00 1.00 1.00 1.00 1.11 1.11 1.11 1.11 1.15 1.15 1.15 1.15 1.16 1.16 1.19 1.19 1.10 1.10 1.10 1.10 0.00 1.12 1.12 1.12 1.18 1.18 1.18 1.18
1.62 1.62 1.62 1.62 1.68 1.68 1.68 1.68 1.58 1.58 1.58 1.58 1.43 1.43 0.00 0.00 0.00 0.00 0.00 1.46 1.51 1.51 1.51 1.51 1.44 1.44 1.59 1.59 0.00 0.00 0.00 0.00 0.00 0.00 0.00 0.00 0.00 0.00 0.00 0.00 0.00 0.00 0.00 0.00 0.00 0.93 0.93 0.93 0.89 0.00 0.00 0.00 0.00 0.00 0.00 0.00 1.00 1.00 1.00 1.00 1.11 1.11 1.11 1.11 1.15 1.15 1.15 1.15 1.16 1.16 1.19 1.19 1.10 1.10 1.10 1.10 1.12 1.12 1.12 1.12 1.18 1.18 1.18 1.18
1.64 1.64 1.64 1.64 1.65 1.65 1.65 1.65 1.48 1.48 1.48 1.48 1.40 1.40 0.00 0.00 0.00 0.00 0.00 1.42 1.55 1.55 1.55 1.55 1.56 1.56 1.56 0.00 0.00 0.00 0.00 0.00 0.00 0.00 0.00 0.00 0.00 0.00 0.00 0.00 0.00 0.00 0.00 0.00 0.00 0.88 0.88 0.88 0.00 0.00 0.00 0.00 0.00 0.00 0.00 0.00 1.01 1.01 1.01 1.01 1.20 1.20 1.20 1.20 1.22 1.22 1.22 1.22 1.09 1.09 1.13 1.13 1.03 1.03 1.03 1.03 1.02 1.02 1.02 1.02 1.03 1.03 1.03 1.03
1.64 1.64 1.64 1.64 1.65 1.65 1.65 1.65 1.48 1.48 1.48 1.48 1.40 1.40 1.40 0.00 0.00 0.00 0.00 1.42 1.55 1.55 1.55 1.55 1.56 1.56 1.56 0.00 0.00 0.00 0.00 0.00 0.00 0.00 0.00 0.00 0.00 0.00 0.00 0.00 0.00 0.00 0.00 0.00 0.00 0.00 0.88 0.88 0.00 0.00 0.00 0.00 0.00 0.00 0.00 0.68 1.01 1.01 1.01 1.01 1.20 1.20 1.20 1.20 1.22 1.22 1.22 1.22 1.09 1.09 1.13 1.13 1.03 1.03 1.03 1.03 1.02 1.02 1.02 1.02 1.03 1.03 1.03 1.03
1.64 1.64 1.64 1.64 1.65 1.65 1.65 1.65 1.48 1.48 1.48 1.48 1.40 1.40 1.40 1.40 0.00 1.42 1.42 1.42 1.55 1.55 1.55 1.55 1.56 1.56 1.56 0.00 0.00 0.00 0.00 0.00 0.00 0.00 0.00 0.00 0.00 0.00 0.00 0.00 0.00 0.00 0.00 0.00 0.00 0.00 0.88 0.88 0.84 0.84 0.00 0.00 0.00 0.00 0.83 0.83 1.01 1.01 1.01 1.01 1.20 1.20 1.20 1.20 1.22 1.22 1.22 1.22 1.09 1.09 1.13 1.13 1.03 1.03 1.03 1.03 0.81 0.81 0.81 0.81 1.03 0.00 0.00 0.00
1.64 1.64 1.64 1.64 1.65 1.65 1.65 1.65 1.48 1.48 1.48 1.48 1.40 1.40 1.40 1.40 0.00 0.00 1.42 1.42 1.55 1.55 1.55 1.55 1.56 1.56 1.56 0.00 0.00 0.00 0.00 0.00 0.00 0.00 0.00 0.00 0.00 0.00 0.00 0.00 0.00 0.00 0.00 0.00 0.00 0.00 0.88 0.00 0.84 0.84 0.84 0.84 0.83 0.83 0.83 0.83 1.01 1.01 1.01 1.01 1.20 1.20 1.20 1.20 1.22 1.22 1.22 1.22 1.09 1.09 1.13 1.13 1.03 1.03 0.82 0.51 0.00 0.00 0.00 0.00 0.00 0.00 0.00 0.00
1.60 1.60 1.60 1.60 1.67 1.67 1.67 1.67 1.51 1.51 1.51 1.51 1.38 1.38 1.38 1.38 0.00 0.00 1.31 1.42 1.57 1.57 1.57 1.57 1.51 1.43 1.43 0.00 0.00 0.00 0.00 0.00 0.00 0.00 0.00 0.00 0.00 0.00 0.00 0.00 0.00 0.00 0.00 0.00 0.00 0.00 0.71 0.00 0.86 0.86 0.86 0.86 0.92 0.92 0.92 0.92 1.14 1.14 1.14 1.14 1.19 1.19 1.19 1.19 1.05 1.05 1.05 1.05 0.89 0.89 0.93 0.93 0.88 0.88 0.74 0.00 0.00 0.00 0.00 0.00 0.00 0.00 0.00 0.00
1.60 1.60 1.60 1.60 1.67 1.67 1.67 1.67 1.51 1.51 1.51 1.51 1.38 1.38 1.38 1.28 1.31 1.31 1.42 1.42 1.57 1.57 1.57 1.57 1.43 1.43 1.43 0.00 0.00 0.00 0.00 0.00 0.00 0.00 0.00 0.00 0.00 0.00 0.00 0.00 0.00 0.00 0.00 0.00 0.00 0.87 0.87 0.00 0.86 0.86 0.86 0.86 0.92 0.92 0.92 0.92 1.14 1.14 1.14 1.14 1.19 1.19 1.19 1.19 1.05 1.05 1.05 1.05 0.89 0.89 0.93 0.86 0.82 0.88 0.00 0.00 0.00 0.00 0.00 0.00 0.00 0.00 0.00 0.00
1.67 1.67 1.67 1.67 1.74 1.74 1.74 1.74 1.57 1.57 1.57 1.57 1.44 1.44 1.34 1.34 1.48 1.37 1.48 1.48 1.65 1.65 1.55 1.55 1.48 1.39 1.48 0.00 0.00 0.00 0.00 0.00 0.00 0.00 0.00 0.00 0.00 0.00 0.00 0.00 0.00 0.00 0.00 0.00 0.92 0.92 0.92 0.92 0.90 0.90 0.90 0.90 0.97 0.97 0.97 0.97 1.22 1.22 1.22 1.22 1.27 1.27 1.27 1.27 1.11 1.11 1.11 1.11 0.93 0.93 0.96 0.96 0.91 0.53 0.00 0.00 0.00 0.00 0.00 0.00 0.00 0.00 0.00 0.00
1.67 1.67 1.67 1.67 1.74 1.74 1.74 1.74 1.57 1.57 1.57 1.57 1.44 1.44 1.44 1.44 1.37 1.37 1.48 1.48 1.55 1.55 1.55 1.55 1.48 1.48 1.48 0.00 0.00 0.00 0.00 0.00 0.00 0.00 0.00 0.00 0.00 0.00 0.00 0.00 0.00 0.00 0.00 0.00 0.92 0.92 0.00 0.92 0.90 0.90 0.90 0.90 0.97 0.97 0.97 0.97 1.22 1.22 1.22 1.22 1.27 1.27 1.27 1.27 1.11 1.11 1.11 1.11 0.93 0.93 0.96 0.96 0.00 0.00 0.00 0.00 0.00 0.00 0.00 0.00 0.00 0.00 0.00 0.00
1.66 1.66 1.66 1.66 1.76 1.76 1.76 1.76 1.58 1.58 1.58 1.58 1.44 1.44 1.44 1.44 1.57 1.57 1.57 1.47 1.58 1.58 1.58 1.58 1.39 1.39 0.00 0.00 0.00 0.00 0.00 0.00 0.00 0.00 0.00 0.00 0.00 0.00 0.00 0.00 0.00 0.00 0.00 0.88 0.94 0.94 0.00 0.00 0.98 0.98 0.98 0.98 1.20 1.20 1.20 1.20 1.23 1.23 1.23 1.23 1.01 1.01 1.01 1.01 0.88 0.88 0.88 0.88 0.85 0.70 0.53 0.00 0.00 0.00 0.00 0.00 0.00 0.00 0.00 0.00 0.00 0.00 0.00 0.00
1.66 1.66 1.66 1.66 1.76 1.76 1.76 1.76 1.58 1.58 1.58 1.58 1.44 1.44 1.44 1.44 1.57 1.47 1.47 1.47 1.58 1.58 1.58 1.58 1.39 1.39 0.00 0.00 0.00 0.00 0.00 0.00 0.00 0.00 0.00 0.82 0.84 0.84 0.00 0.00 0.88 0.88 0.88 0.88 0.94 0.00 0.00 0.00 0.98 0.98 0.98 0.98 1.20 1.20 1.20 1.20 1.23 1.23 1.23 1.23 1.01 1.01 1.01 1.01 0.88 0.88 0.88 0.71 0.70 0.00 0.00 0.00 0.00 0.00 0.00 0.00 0.00 0.00 0.00 0.00 0.00 0.00 0.00 0.00
1.66 1.66 1.66 1.66 1.76 1.76 1.76 1.76 1.58 1.58 1.58 1.58 1.44 1.44 1.44 1.34 1.47 1.47 1.47 1.47 1.58 1.58 1.58 1.58 1.39 1.39 0.00 0.00 0.00 0.00 0.00 0.00 0.00 0.00 0.00 0.82 0.84 0.84 0.84 0.84 0.88 0.88 0.88 0.88 0.00 0.00 0.00 0.00 0.98 0.98 0.98 0.98 1.20 1.20 1.20 1.20 1.23 1.23 1.23 1.23 1.01 1.01 1.01 1.01 0.88 0.88 0.88 0.43 0.00 0.00 0.00 0.00 0.00 0.00 0.00 0.00 0.00 0.00 0.00 0.00 0.00 0.00 0.00 0.00
1.66 1.66 1.66 1.66 1.76 1.76 1.76 1.76 1.58 1.58 1.58 1.58 1.44 1.34 1.34 1.34 1.47 1.47 1.47 1.47 1.58 1.58 1.58 1.58 1.39 1.39 0.00 0.00 0.00 0.00 0.00 0.00 0.00 0.00 0.00 0.82 0.84 0.84 0.84 0.84 0.88 0.88 0.88 0.88 0.00 0.94 0.94 0.94 0.98 0.98 0.98 0.98 1.20 1.20 1.20 1.20 1.23 1.23 1.23 1.23 1.01 1.01 1.01 1.01 0.71 0.81 0.88 0.00 0.00 0.00 0.00 0.00 0.00 0.00 0.00 0.00 0.00 0.00 0.00 0.00 0.00 0.00 0.00 0.00
1.70 1.70 1.70 1.70 1.71 1.71 1.71 1.71 1.61 1.61 1.61 1.61 1.51 1.51 1.51 1.51 1.61 1.61 1.61 1.61 1.47 1.47 1.47 1.47 1.29 1.29 0.00 0.00 0.00 0.00 0.00 0.00 0.00 0.00 0.76 0.65 0.70 0.78 0.85 0.85 0.95 0.95 0.95 0.95 0.99 0.99 0.99 0.99 1.10 1.10 1.10 1.10 1.20 1.20 1.20 1.20 0.96 0.96 0.96 0.96 0.78 0.78 0.73 0.73 0.43 0.79 0.00 0.00 0.00 0.00 0.00 0.00 0.00 0.00 0.00 0.00 0.00 0.52 0.00 0.00 0.00 0.00 0.00 0.00
1.70 1.70 1.70 1.70 1.71 1.71 1.71 1.71 1.61 1.61 1.52 1.52 1.51 1.51 1.51 1.51 1.61 1.61 1.61 1.61 1.47 1.47 1.47 1.47 1.29 1.29 1.29 0.00 0.00 0.00 0.00 0.00 0.00 0.00 0.00 0.65 0.85 0.85 0.85 0.85 0.95 0.95 0.95 0.95 0.99 0.99 0.99 0.99 1.10 1.10 1.10 1.10 1.20 1.20 1.20 1.20 0.96 0.96 0.96 0.96 0.78 0.78 0.73 0.00 0.79 0.79 0.79 0.00 0.00 0.00 0.00 0.00 0.00 0.00 0.00 0.77 0.88 0.96 0.78 0.78 0.00 0.00 0.00 0.00
1.70 1.70 1.70 1.70 1.71 1.71 1.71 1.71 1.52 1.52 1.52 1.52 1.51 1.51 1.51 1.51 1.61 1.61 1.61 1.61 1.47 1.47 1.47 1.47 1.29 1.29 1.25 0.00 0.00 0.00 0.00 0.00 0.00 0.00 0.00 0.00 0.70 0.78 0.85 0.85 0.95 0.95 0.95 0.95 0.99 0.99 0.99 0.99 1.10 1.10 1.10 1.10 1.20 1.20 1.20 1.20 0.96 0.96 0.96 0.96 0.78 0.73 0.66 0.78 0.79 0.79 0.67 0.79 0.00 0.00 0.00 0.00 0.86 0.86 0.86 0.77 0.96 0.96 0.96 0.96 0.76 0.76 0.52 0.00
1.70 1.70 1.70 1.70 1.71 1.71 1.71 1.62 1.52 1.52 1.52 1.52 1.51 1.51 1.51 1.51 1.61 1.61 1.61 1.61 1.47 1.47 1.47 1.28 1.29 1.25 0.00 0.00 0.00 0.00 0.00 0.00 0.00 0.00 0.00 0.71 0.78 0.85 0.85 0.85 0.95 0.95 0.95 0.95 0.99 0.99 0.99 0.99 1.10 1.10 1.10 1.10 1.20 1.20 1.20 1.20 0.96 0.96 0.96 0.96 0.66 0.00 0.43 0.78 0.67 0.43 0.67 0.67 0.77 0.69 0.81 0.73 0.86 0.93 0.93 0.93 0.96 0.96 0.96 0.96 0.91 0.91 0.85 0.00
1.74 1.74 1.74 1.74 1.72 1.62 1.62 1.62 1.60 1.60 1.60 1.60 1.65 1.65 1.65 1.65 1.55 1.55 1.55 1.55 1.31 1.31 1.31 1.31 1.19 1.19 0.00 0.00 0.00 0.00 0.00 0.00 0.00 0.00 0.64 0.64 0.76 0.82 0.82 0.82 0.97 0.97 0.97 0.97 1.08 1.08 1.08 1.08 1.15 1.15 1.15 1.15 1.03 1.03 1.03 1.03 0.78 0.78 0.78 0.78 0.62 0.00 0.00 0.62 0.42 0.75 0.75 0.75 0.79 0.79 0.89 0.75 1.01 1.01 1.01 1.01 1.03 1.03 1.03 1.03 0.87 0.87 0.74 0.81
1.16 1.16 1.16 1.16 1.14 1.62 1.62 1.62 1.60 1.60 1.60 1.60 1.65 1.65 1.65 1.65 1.55 1.55 1.55 1.55 1.31 1.31 1.31 1.31 1.19 1.19 0.00 0.00 0.00 0.00 0.00 0.00 0.00 0.00 0.00 0.70 0.76 0.76 0.82 0.82 0.97 0.97 0.97 0.97 1.08 1.08 1.08 1.08 1.15 1.15 1.15 1.15 1.03 1.03 1.03 1.03 0.78 0.78 0.78 0.72 0.00 0.00 0.00 0.00 0.00 0.75 0.75 0.75 0.85 0.85 0.89 0.89 0.81 1.01 1.01 1.01 1.03 1.03 1.03 1.03 0.87 0.87 0.87 0.87
1.16 1.16 1.16 1.16 1.14 1.14 1.62 1.62 1.60 1.60 1.60 1.60 1.65 1.65 1.65 1.65 1.55 1.55 1.55 1.55 1.31 1.31 1.31 1.31 1.22 1.19 0.00 0.00 0.00 0.00 0.00 0.00 0.00 0.00 0.00 0.64 0.76 0.76 0.82 0.82 0.97 0.97 0.97 0.97 1.08 1.08 1.08 1.08 1.15 1.15 1.15 1.15 1.03 1.03 1.03 1.03 0.78 0.78 0.66 0.00 0.00 0.00 0.62 0.00 0.71 0.42 0.42 0.75 0.85 0.85 0.89 0.89 1.01 1.01 1.01 1.01 1.03 1.03 1.03 1.03 0.87 0.87 0.87 0.87
1.16 1.16 1.16 1.16 1.14 1.14 1.62 1.62 1.60 1.60 1.60 1.60 1.65 1.65 1.65 1.65 1.55 1.55 1.55 1.55 1.31 1.31 1.31 1.31 1.22 1.19 0.00 0.00 0.00 0.00 0.00 0.00 0.70 0.00 0.43 0.74 0.82 0.68 0.82 0.82 0.97 0.97 0.97 0.97 1.08 1.08 1.08 1.08 1.15 1.15 1.15 1.15 1.03 1.03 1.03 1.03 0.78 0.78 0.66 0.00 0.00 0.00 0.00 0.00 0.71 0.00 0.42 0.42 0.85 0.85 0.89 0.89 1.01 1.01 1.01 1.01 1.03 1.03 1.03 1.03 0.87 0.87 0.87 0.87
1.21 1.21 1.21 1.21 1.15 1.15 1.15 1.64 1.65 1.65 1.65 1.65 1.61 1.61 1.61 1.61 1.42 1.42 1.42 1.42 1.24 1.24 1.24 1.24 1.21 1.21 1.19 0.00 0.00 0.00 0.00 0.68 0.76 0.71 0.76 0.76 0.82 0.82 0.82 0.82 0.95 0.95 0.95 0.95 1.10 1.10 1.10 1.10 1.09 1.09 1.09 1.09 0.87 0.87 0.87 0.87 0.71 0.71 0.67 0.62 0.42 0.42 0.42 0.62 0.00 0.42 0.42 0.00 0.43 0.88 0.91 0.91 1.08 1.08 1.08 1.08 1.02 1.02 1.02 1.02 0.88 0.88 0.88 0.88
1.21 1.21 1.21 1.21 1.15 1.15 1.15 1.64 1.65 1.65 1.65 1.65 1.61 1.61 1.61 1.61 1.42 1.42 1.42 1.42 1.24 1.24 1.24 1.20 1.21 1.21 1.21 0.00 0.00 0.00 0.00 0.68 0.76 0.76 0.76 0.76 0.82 0.82 0.82 0.82 0.95 0.95 0.95 0.95 1.10 1.10 1.10 1.10 1.09 1.09 1.09 1.09 0.87 0.87 0.87 0.87 0.71 0.62 0.62 0.00 0.42 0.62 0.62 0.69 0.42 0.00 0.42 0.00 0.00 0.88 0.91 0.91 1.08 1.08 1.08 1.08 1.02 1.02 1.02 1.02 0.88 0.88 0.88 0.88
