New_Model_Runs/12_Future_RCP4.5_Scn2_out/post_prcessed_with_MFR/Monthly_summaries/interception_monthly_FEB.asc
NCOLS 700
NROWS 400
XLLCENTER 515000.000000
YLLCENTER 8409000.000000
CELLSIZE 50.000000
NODATA_value -999.000000
[rows 152 to 189 of 400, columns 336 to 419 of 700]
0.00 1.22 1.26 1.26 1.31 1.26 1.18 1.18 1.23 1.40 1.53 1.53 1.70 1.70 1.70 1.70 1.77 1.77 1.77 1.77 1.60 1.60 1.60 1.60 1.45 1.45 0.00 0.00 0.00 0.00 0.00 0.00 0.00 0.00 0.00 0.00 0.00 0.00 1.55 1.56 1.62 1.50 1.62 0.00 0.00 0.00 0.00 0.00 0.00 0.00 0.00 0.00 0.00 0.00 0.00 0.00 0.00 0.00 0.00 0.00 0.00 0.00 0.00 0.00 0.00 0.00 0.00 0.00 0.00 0.00 0.00 0.00 0.00 0.00 0.00 0.00 0.00 0.00 0.00 0.00 0.00 0.00 0.00 0.00
0.00 0.79 1.26 1.16 1.18 0.00 1.18 1.31 1.23 1.40 1.40 1.53 1.70 1.70 1.70 1.70 1.77 1.77 1.77 1.77 1.60 1.60 1.60 1.60 1.45 1.45 1.45 1.45 0.00 0.00 0.00 0.00 0.00 0.00 0.00 0.00 0.00 0.00 1.32 1.56 1.62 1.50 0.00 0.00 0.00 0.00 0.00 0.00 0.00 0.00 0.00 0.00 0.00 0.00 0.00 0.00 0.00 0.00 0.00 0.00 0.00 0.00 0.00 0.00 0.00 0.00 0.00 0.00 0.00 0.00 0.00 0.00 0.00 0.00 0.00 0.00 0.00 0.00 0.00 0.00 0.00 0.00 0.00 0.00
0.79 0.00 0.00 0.00 0.00 1.26 1.31 1.31 1.40 1.40 1.40 1.53 1.70 1.70 1.70 1.70 1.77 1.77 1.77 1.77 1.60 1.60 1.60 1.60 1.45 1.45 1.45 1.45 1.42 0.00 0.00 0.00 0.00 0.00 0.00 0.00 0.00 0.00 1.32 1.46 1.62 1.50 0.00 0.00 0.00 0.00 0.00 0.00 0.00 0.00 0.00 0.00 0.00 0.00 0.00 0.00 0.00 0.00 0.00 0.00 0.00 0.00 0.00 0.00 0.00 0.00 0.00 0.00 0.00 0.00 0.00 0.00 0.00 0.00 0.00 0.00 0.00 0.00 0.00 0.00 0.00 0.00 0.00 0.00
1.26 0.00 0.00 0.00 1.18 1.18 1.18 1.31 1.40 1.40 1.40 1.40 1.70 1.70 1.70 1.70 1.77 1.77 1.77 1.77 1.60 1.60 1.60 1.60 1.45 1.45 1.45 1.45 1.37 0.00 0.00 0.00 0.00 0.00 0.00 0.00 0.00 1.46 1.46 1.56 1.50 0.00 0.00 0.00 0.00 0.00 0.00 0.00 0.00 0.00 0.00 0.00 0.00 0.00 0.00 0.00 0.00 0.00 0.00 0.00 0.00 0.00 0.00 0.00 0.00 0.00 0.00 0.00 0.00 0.00 0.00 0.00 0.00 0.00 0.00 0.00 0.00 0.00 0.00 0.00 0.00 0.00 0.00 0.00
1.31 0.00 0.00 1.18 1.33 1.33 1.33 1.33 1.41 1.41 1.41 1.41 1.61 1.73 1.73 1.73 1.75 1.75 1.75 1.75 1.61 1.61 1.61 1.61 1.55 1.55 1.55 1.55 1.25 1.43 0.00 0.00 0.00 0.00 0.00 0.00 1.37 1.65 1.65 1.65 0.00 0.00 0.00 0.00 0.00 0.00 0.00 0.00 0.00 0.00 0.00 0.00 0.00 0.00 0.00 0.00 0.00 0.00 0.00 0.00 0.00 0.00 0.00 0.00 0.00 0.00 0.00 0.00 0.00 0.00 0.00 0.00 0.00 0.00 0.00 0.00 0.00 0.00 0.00 0.00 0.00 0.00 0.00 0.00
1.18 0.00 1.31 1.18 1.33 1.33 1.33 1.33 1.41 1.41 1.41 1.41 1.61 1.61 1.73 1.73 1.75 1.75 1.75 1.75 1.61 1.61 1.61 1.61 1.55 1.55 1.47 1.27 1.25 1.43 0.00 0.00 0.00 0.00 1.30 1.30 1.65 1.65 1.65 1.65 1.45 0.00 0.00 0.00 0.00 0.00 0.00 0.00 0.00 0.00 0.00 0.00 0.00 0.00 0.00 0.00 0.00 0.00 0.00 0.00 0.00 0.00 0.00 0.00 0.00 0.00 0.00 0.00 0.00 0.00 0.00 0.00 0.00 0.00 0.00 0.00 0.00 0.00 0.00 0.00 0.00 0.00 0.00 0.00
1.31 1.18 1.31 1.31 1.33 1.33 1.33 1.19 1.23 1.41 1.41 1.41 1.61 1.61 1.73 1.73 1.75 1.75 1.75 1.75 1.61 1.61 1.61 1.52 1.47 1.47 1.47 1.47 1.43 1.43 1.35 1.35 1.42 1.42 1.51 1.42 1.65 1.65 1.65 1.65 1.55 1.55 0.00 0.00 0.00 0.00 0.00 0.00 0.00 0.00 0.00 0.00 0.00 0.00 0.00 0.00 0.00 0.00 0.00 0.00 0.00 0.00 0.00 0.00 0.00 0.00 0.00 0.00 0.00 0.00 0.00 0.00 0.00 0.00 0.00 0.00 0.00 0.00 0.00 0.00 0.00 0.00 0.00 0.00
1.31 1.31 1.18 1.31 1.33 1.33 1.19 1.19 1.23 1.41 1.41 1.41 1.61 1.61 1.61 1.73 1.75 1.75 1.75 1.75 1.61 1.52 1.52 1.52 1.47 1.47 1.47 1.47 1.43 1.43 1.25 1.43 1.51 1.51 1.51 1.51 1.65 1.65 1.65 1.65 1.55 1.45 0.00 0.00 0.00 0.00 0.00 0.00 0.00 0.00 0.00 0.00 0.00 0.00 0.00 0.00 0.00 0.00 0.00 0.00 0.00 0.00 0.00 0.00 0.00 0.00 0.00 0.00 0.00 0.00 0.00 0.00 0.00 0.00 0.00 0.00 0.00 0.00 0.00 0.00 0.00 0.00 0.00 0.00
1.36 1.36 1.21 1.36 1.36 1.36 1.21 1.21 1.44 1.44 1.44 1.44 1.64 1.64 1.64 1.64 1.80 1.80 1.71 1.71 1.63 1.63 1.63 1.63 1.60 1.60 1.60 1.60 1.60 1.60 1.60 1.60 1.65 1.65 1.65 1.65 1.63 1.63 1.63 1.63 1.53 1.53 0.00 0.00 0.00 0.00 0.00 0.00 1.47 0.00 0.00 0.00 0.00 0.00 0.00 0.00 0.00 0.00 0.00 0.00 0.00 0.00 0.00 0.00 0.00 0.00 0.00 0.00 0.00 0.00 0.00 0.00 0.00 0.00 0.00 0.00 0.00 0.00 0.00 0.00 0.00 0.00 0.00 0.00
1.36 1.21 1.21 1.36 1.36 1.36 1.21 1.21 1.25 1.44 1.44 0.00 1.64 1.64 1.64 1.64 1.71 1.71 1.71 1.71 1.63 1.63 1.63 1.63 1.60 1.60 1.60 1.60 1.60 1.60 1.60 1.60 1.65 1.65 1.65 1.65 1.63 1.63 1.63 1.63 1.31 1.31 0.00 0.00 0.00 1.45 1.45 1.45 0.00 0.00 0.00 0.00 0.00 0.00 0.00 0.00 0.00 0.00 0.00 0.00 0.00 0.00 0.00 0.00 0.00 0.00 0.00 0.00 0.00 0.00 0.00 0.00 0.00 0.00 0.00 0.00 0.00 0.00 0.00 0.00 0.00 0.00 0.00 0.00
1.41 1.41 1.41 1.41 1.40 1.40 1.40 1.40 1.29 1.50 1.50 1.50 1.73 1.73 1.73 1.73 1.79 1.79 1.79 1.79 1.70 1.70 1.70 1.70 1.66 1.66 1.66 1.66 1.67 1.67 1.67 1.67 1.68 1.68 1.68 1.68 1.65 1.65 1.65 1.65 1.55 1.55 1.55 1.45 1.47 1.58 1.58 1.58 1.58 1.47 0.00 0.00 0.00 0.00 0.00 0.00 0.00 0.74 0.74 0.00 0.00 0.00 0.00 0.00 0.00 0.00 0.00 0.00 0.00 0.00 0.00 0.00 0.00 0.00 0.00 0.00 0.00 0.00 0.00 0.00 0.00 0.00 0.00 0.00
1.41 1.41 1.41 1.41 1.40 1.40 1.40 1.40 1.50 1.50 1.50 1.50 1.73 1.73 1.73 1.73 1.79 1.79 1.79 1.79 1.70 1.70 1.70 1.70 1.66 1.66 1.66 1.66 1.67 1.67 1.67 1.67 1.68 1.68 1.68 1.68 1.65 1.65 1.65 1.65 1.55 1.55 1.55 1.55 1.58 1.58 1.58 1.58 1.58 1.58 1.58 0.00 1.32 0.00 0.00 0.00 0.74 1.62 1.62 1.62 0.00 0.00 0.00 0.00 0.00 0.00 0.00 0.00 0.00 0.00 0.00 0.00 0.00 0.00 0.00 0.00 0.00 0.00 0.00 0.00 0.00 0.00 0.00 0.00
1.48 1.48 1.48 1.48 1.58 1.58 1.58 1.58 1.74 1.74 1.74 1.74 1.84 1.84 1.84 1.88 1.73 1.73 1.73 1.73 1.65 1.65 1.65 1.65 1.67 1.67 1.67 1.67 1.70 1.70 1.70 1.70 1.65 1.65 1.65 1.65 1.62 1.62 1.62 1.62 1.64 1.64 1.64 1.64 1.67 1.67 1.67 1.67 1.59 1.59 1.48 0.00 0.00 0.00 0.00 0.74 1.71 1.71 1.71 1.71 0.75 1.73 0.75 0.00 0.00 0.00 0.00 0.00 0.00 0.00 0.00 0.00 0.00 0.00 0.00 0.00 0.00 0.00 0.00 0.00 0.00 0.00 0.00 0.00
1.48 1.48 1.48 1.48 1.58 1.58 1.58 1.58 1.74 1.74 1.74 1.74 1.84 1.84 1.84 1.88 1.73 1.73 1.73 1.73 1.65 1.65 1.65 1.65 1.67 1.67 1.67 1.67 1.70 1.70 1.70 1.70 1.65 1.65 1.65 1.65 1.62 1.62 1.62 1.62 1.64 1.64 1.64 1.64 1.67 1.67 1.67 1.67 1.59 1.48 0.00 0.00 0.00 0.00 0.00 1.60 1.71 1.71 1.71 1.71 1.73 1.73 1.73 1.73 0.00 0.00 0.00 0.00 0.00 0.00 0.00 0.00 0.00 0.00 0.00 0.00 0.00 0.00 0.00 0.00 0.00 0.00 0.00 0.00
1.48 1.48 1.48 1.48 1.58 1.58 1.58 1.58 1.74 1.74 1.74 1.74 1.84 1.84 1.84 1.88 1.73 1.73 1.73 1.73 1.65 1.65 1.65 1.65 1.67 1.67 1.67 1.67 1.70 1.70 1.70 1.70 1.65 1.65 1.65 1.65 1.62 1.62 1.62 1.62 1.64 1.64 1.64 1.64 1.67 1.67 1.67 1.67 1.59 1.34 0.00 0.00 0.00 0.00 0.00 1.49 1.71 1.71 1.71 1.71 1.73 1.73 1.73 1.73 0.00 0.00 0.00 0.00 0.00 0.00 0.00 0.00 0.00 0.00 0.00 0.00 0.00 0.00 0.00 0.00 0.00 0.00 0.00 0.00
1.48 1.48 1.48 1.48 1.58 1.58 1.58 1.58 1.74 1.74 1.74 1.74 1.84 1.84 1.88 1.88 1.73 1.73 1.73 1.73 1.65 1.65 1.65 1.65 1.67 1.67 1.67 1.67 1.70 1.70 1.70 1.70 1.65 1.65 1.65 1.65 1.62 1.62 1.62 1.62 1.64 1.64 1.64 1.64 1.67 1.67 1.67 1.67 1.48 1.48 1.34 1.34 1.49 1.49 1.49 1.49 1.71 1.71 1.71 1.57 1.40 1.73 1.58 1.73 0.00 0.00 0.00 0.00 0.00 0.00 0.00 0.00 0.00 0.00 0.00 0.00 0.00 0.00 0.00 0.00 0.00 0.00 0.00 0.00
1.59 1.59 1.59 1.59 1.78 1.78 1.78 1.78 1.76 1.76 1.76 1.76 1.59 1.59 1.64 1.64 1.54 1.54 1.54 1.54 1.55 1.55 1.55 1.55 1.55 1.55 1.55 1.55 1.53 1.53 1.53 1.53 1.49 1.49 1.49 1.49 1.50 1.50 1.50 1.50 0.76 1.46 1.32 1.56 1.61 1.61 1.61 1.61 1.62 1.50 1.62 1.62 1.66 1.66 1.66 1.66 1.71 1.71 1.71 0.00 1.38 0.74 0.00 0.00 0.00 0.00 0.00 0.00 0.00 0.00 0.00 0.00 0.00 0.00 0.00 0.00 0.00 0.00 0.00 0.00 0.00 0.00 0.00 0.00
1.59 1.59 1.59 1.59 1.78 1.78 1.78 1.78 1.76 1.76 1.76 1.76 1.59 1.59 1.64 1.64 1.54 1.54 1.54 1.54 1.55 1.55 1.55 1.55 1.55 1.55 1.55 1.55 1.53 1.53 1.53 1.53 1.49 1.49 1.49 1.49 1.50 1.50 1.50 1.50 1.32 1.56 1.32 1.56 1.61 1.61 1.61 1.61 1.62 1.62 1.62 1.62 1.66 1.66 1.66 1.53 1.57 1.57 1.57 1.57 0.00 0.00 0.00 0.00 0.00 0.00 0.00 0.00 0.00 0.00 0.00 0.00 0.00 0.00 0.00 0.00 0.00 0.00 0.00 0.00 0.00 0.00 0.00 0.00
1.59 1.59 1.59 1.59 1.78 1.78 1.78 1.78 1.76 1.76 1.76 1.76 1.59 1.64 1.64 1.64 1.54 1.54 1.54 1.54 1.55 1.55 1.55 1.55 1.55 1.55 1.55 0.80 1.31 1.53 1.53 1.53 1.49 1.49 1.49 1.49 1.50 1.50 1.50 1.50 1.32 1.32 1.56 1.56 1.61 1.61 1.61 1.61 1.62 1.62 1.62 1.62 1.66 1.53 1.53 1.53 1.57 1.71 1.71 0.00 0.00 0.00 0.00 0.00 0.00 0.00 0.00 0.00 0.00 0.00 0.00 0.00 0.00 0.00 0.00 0.00 0.00 0.00 0.00 0.00 0.00 0.00 0.00 0.00
1.59 1.59 1.59 1.59 1.78 1.78 1.78 1.78 1.76 1.76 1.76 1.76 1.59 1.64 1.64 1.64 1.54 1.54 1.54 1.54 1.55 1.55 1.55 1.55 1.55 1.55 1.55 0.80 0.80 1.53 1.53 1.53 1.49 1.49 1.49 1.49 1.50 1.50 1.41 1.50 1.56 1.32 1.56 1.56 1.49 1.49 1.61 1.61 1.62 1.62 1.62 1.62 1.66 0.00 0.00 0.00 0.00 0.00 0.00 0.00 0.00 0.00 0.00 0.00 0.00 0.00 0.00 0.00 0.00 0.00 0.00 0.00 0.00 0.00 0.00 0.00 0.00 0.00 0.00 0.00 0.00 0.00 0.00 0.00
1.72 1.72 1.72 1.72 1.68 1.68 1.68 1.68 1.52 1.52 1.52 1.52 1.54 1.59 1.59 1.59 1.65 1.65 1.65 1.65 1.57 1.57 1.57 1.57 1.49 1.49 1.49 0.80 0.80 1.44 1.44 1.44 1.39 1.39 1.39 1.39 1.40 1.40 1.33 1.33 1.46 1.46 1.46 1.46 1.43 1.31 1.53 1.53 1.56 1.32 1.45 1.56 1.47 0.00 0.00 0.00 0.00 0.00 0.00 0.00 0.00 0.00 0.00 0.00 0.00 0.00 0.00 0.00 0.00 0.00 0.00 0.00 0.00 0.00 0.00 0.00 0.00 0.00 0.00 0.00 0.00 0.00 0.00 0.00
1.72 1.72 1.72 1.72 1.68 1.68 1.68 1.68 1.52 1.52 1.52 1.52 1.54 1.59 1.59 1.59 1.65 1.65 1.65 1.65 1.57 1.57 1.57 1.57 1.49 1.49 1.49 0.80 0.80 0.80 1.44 1.44 1.39 1.24 1.39 1.39 1.40 1.40 1.40 1.24 1.27 1.46 1.46 1.46 1.53 1.53 1.53 1.53 1.45 0.00 0.00 0.00 0.74 0.00 0.00 0.00 0.00 0.00 0.00 0.00 0.00 0.00 0.00 0.00 0.00 0.00 0.00 0.00 0.00 0.00 0.00 0.00 0.00 0.00 0.00 0.00 0.00 0.00 0.00 0.00 0.00 0.00 0.00 0.00
1.72 1.72 1.72 1.72 1.68 1.68 1.68 1.68 1.52 1.52 1.52 1.52 1.59 1.59 1.59 1.59 1.65 1.65 1.65 1.65 1.57 1.57 1.57 1.57 1.49 1.49 1.49 1.49 1.44 1.44 1.44 1.44 1.39 1.39 1.39 1.39 1.40 1.40 1.33 0.00 0.00 1.37 1.37 1.46 0.76 0.76 1.53 1.53 1.45 0.00 0.00 0.00 0.00 0.00 0.00 0.00 0.00 0.00 0.00 0.00 0.00 0.00 0.00 0.00 0.00 0.00 0.00 0.00 0.00 0.00 0.00 0.00 0.00 0.00 0.00 0.00 0.00 0.00 0.00 0.00 0.00 0.00 0.00 0.00
1.72 1.72 1.72 1.72 1.68 1.68 1.68 1.68 1.52 1.52 1.52 1.52 1.59 1.59 1.59 1.59 1.65 1.65 1.65 1.65 1.57 1.57 1.57 1.57 1.49 1.49 1.49 1.49 1.44 1.44 1.44 1.36 0.00 0.76 1.39 1.39 0.76 0.76 0.00 0.00 0.00 0.00 0.76 1.46 0.76 0.00 0.76 1.53 1.56 1.56 0.00 0.00 0.00 0.00 0.00 0.00 0.00 0.00 0.00 0.00 0.00 0.00 0.00 0.00 0.00 0.00 0.00 0.00 0.00 0.00 0.00 0.00 0.00 0.00 0.00 0.00 0.00 0.00 0.00 0.00 0.00 0.00 0.00 0.00
1.58 1.58 0.00 0.00 1.52 1.52 1.52 1.52 1.57 1.57 1.57 1.57 1.79 1.79 1.79 1.79 1.76 1.76 1.76 1.76 1.63 1.63 1.63 1.63 1.55 1.55 1.55 1.55 1.46 1.46 1.46 1.46 0.76 0.00 0.00 1.36 0.00 0.00 0.00 0.00 0.00 0.00 0.00 0.76 0.00 0.00 0.00 0.76 0.00 0.00 0.00 0.00 0.00 0.00 0.00 0.00 0.00 0.00 0.00 0.00 0.00 0.00 0.00 0.00 0.00 0.00 0.00 0.00 0.00 0.00 0.00 0.00 0.00 0.00 0.00 0.00 0.00 0.00 0.00 0.00 0.00 0.00 0.00 0.00
1.58 1.58 1.58 0.00 0.00 1.52 1.52 1.52 1.57 1.57 1.57 1.62 1.79 1.79 1.79 1.79 1.76 1.76 1.76 1.76 1.63 1.63 1.63 1.63 1.55 1.55 1.55 1.55 1.46 1.46 1.46 1.46 1.36 1.36 0.76 0.00 0.00 0.00 0.00 0.00 0.00 0.00 0.00 0.00 0.00 0.00 0.00 0.00 0.00 0.00 0.00 0.00 0.00 0.00 0.00 0.00 0.00 0.00 0.00 0.00 0.00 0.00 0.00 0.00 0.00 0.00 0.00 0.00 0.00 0.00 0.00 0.00 0.00 0.00 0.00 0.00 0.00 0.00 0.00 0.00 0.00 0.00 0.00 0.00
1.64 1.64 1.64 1.64 1.56 1.56 0.00 0.00 1.36 1.63 1.63 1.68 1.87 1.87 1.87 1.87 1.83 1.83 1.83 1.83 1.69 1.69 1.69 1.69 1.60 1.60 1.60 1.60 1.50 1.50 1.50 1.50 1.37 1.37 1.37 1.37 1.24 1.41 1.41 1.24 0.78 0.00 0.00 0.00 0.00 0.00 0.00 0.00 0.00 0.00 0.00 0.00 0.00 0.00 0.00 0.00 0.00 0.00 0.00 0.00 0.00 0.00 0.00 0.00 0.00 0.00 0.00 0.00 0.00 0.00 0.00 0.00 0.00 0.00 0.00 0.00 0.00 0.00 0.00 0.00 0.00 0.00 0.00 0.00
1.64 1.64 1.64 0.00 0.00 0.00 0.00 0.00 0.00 0.00 1.63 1.68 1.87 1.87 1.87 1.87 1.83 1.83 1.83 1.83 1.69 1.69 1.69 1.69 1.60 1.60 1.60 1.60 1.50 1.50 1.50 1.50 1.37 1.37 1.37 1.37 1.41 1.41 1.41 1.41 1.47 1.47 0.78 0.00 0.00 0.00 0.00 0.00 0.00 0.00 0.00 0.00 0.00 0.00 0.00 0.00 0.00 0.00 0.00 0.00 0.00 0.00 0.00 0.00 0.00 0.00 0.00 0.00 0.00 0.00 0.00 0.00 0.00 0.00 0.00 0.00 0.00 0.00 0.00 0.00 0.00 0.00 0.00 0.00
1.66 0.00 0.00 0.00 0.00 0.00 0.00 0.00 0.00 0.00 0.00 2.03 0.00 1.96 1.96 1.96 1.73 1.73 1.73 1.73 1.68 1.68 1.68 1.68 1.64 1.64 1.64 1.64 1.55 1.55 1.55 1.55 1.47 1.47 1.47 1.47 1.54 1.54 1.54 1.54 1.58 1.58 1.58 1.47 0.00 0.00 0.00 0.00 0.00 0.00 0.00 0.00 0.00 0.00 0.00 0.00 0.00 0.00 0.00 0.00 0.00 0.00 0.00 0.00 0.00 0.00 0.00 0.00 0.00 0.00 0.00 0.00 0.00 0.00 0.00 0.00 0.00 0.00 0.00 0.00 0.00 0.00 0.00 0.00
0.00 0.00 0.00 0.00 0.00 0.00 0.00 0.00 0.00 0.00 0.00 0.00 0.00 1.96 1.96 1.96 1.73 1.73 1.73 1.73 1.68 1.68 1.68 1.68 1.64 1.64 1.64 1.64 1.55 1.55 1.55 1.55 1.28 1.47 1.47 1.47 1.54 1.54 1.54 1.54 1.58 1.58 1.58 1.58 1.46 1.46 1.46 1.46 1.51 0.00 0.00 0.00 0.00 0.00 0.00 0.00 0.00 0.00 0.00 0.00 0.00 0.00 0.00 0.00 0.00 0.00 0.00 0.00 0.00 0.00 0.00 0.00 0.00 0.00 0.00 0.00 0.00 0.00 0.00 0.00 0.00 0.00 0.00 0.00
0.00 0.00 0.00 0.00 0.00 0.00 0.00 0.00 0.00 0.00 0.00 2.03 1.96 1.96 1.96 1.96 1.73 1.73 1.73 1.73 1.68 1.68 1.68 1.68 1.64 1.64 1.64 1.64 1.55 1.55 1.55 1.55 1.28 1.47 1.47 1.47 1.54 1.54 1.31 1.54 1.58 1.58 1.58 1.58 1.57 1.57 1.57 1.57 1.42 0.00 0.00 0.00 0.00 0.00 0.00 0.00 0.00 0.00 0.00 0.00 0.00 0.00 0.00 0.00 0.00 0.00 0.00 0.00 0.00 0.00 0.00 0.00 0.00 0.00 0.00 0.00 0.00 0.00 0.00 0.00 0.00 0.00 0.00 0.00
0.00 0.00 0.00 0.00 0.00 0.00 0.00 0.00 0.00 0.00 0.00 2.03 1.96 1.96 1.96 1.96 1.73 1.73 1.73 1.73 1.68 1.68 1.68 1.68 1.64 1.64 1.64 1.64 1.55 1.55 1.55 1.55 1.47 1.47 1.47 1.47 1.54 1.54 1.54 1.54 1.58 1.58 1.58 1.58 1.57 1.57 1.57 1.57 1.51 1.42 0.00 0.00 0.00 0.00 0.00 0.00 0.00 0.00 0.00 0.00 0.00 0.00 0.00 0.00 0.00 0.00 0.00 0.00 0.00 0.00 0.00 0.00 0.00 0.00 0.00 0.00 0.00 0.00 0.00 0.00 0.00 0.00 0.00 0.00
0.00 0.00 0.00 0.00 0.00 0.00 0.00 0.00 0.00 0.00 1.99 1.99 1.81 1.81 1.81 1.81 1.67 1.67 1.67 1.67 1.66 1.66 1.66 1.66 1.63 1.63 1.63 1.63 1.64 1.64 1.64 1.64 1.60 1.60 1.60 1.60 1.64 1.64 1.64 1.64 1.68 1.68 1.68 1.68 1.68 1.68 1.68 1.68 1.59 1.48 1.48 0.00 0.00 0.73 0.73 0.73 0.00 0.00 0.00 0.00 0.00 0.00 0.00 0.00 0.00 0.00 0.00 0.00 0.00 0.00 0.00 0.00 0.00 0.00 0.00 0.00 0.00 0.00 0.00 0.00 0.00 0.00 0.00 0.00
0.00 0.00 0.00 0.00 0.00 0.00 0.00 0.00 1.94 1.99 1.99 1.99 1.81 1.81 1.81 1.81 1.67 1.67 1.67 1.67 1.66 1.66 1.66 1.66 1.63 1.63 1.63 1.63 1.64 1.64 1.64 1.64 1.60 1.60 1.60 1.60 1.64 1.64 1.64 1.64 1.68 1.68 1.68 1.68 1.68 1.68 1.68 1.68 1.59 1.59 1.59 1.48 0.00 1.67 1.67 1.67 1.79 0.74 0.00 0.00 0.00 0.00 0.00 0.00 0.00 0.00 0.00 0.00 0.00 0.00 0.00 0.00 0.00 0.00 0.00 0.00 0.00 0.00 0.00 0.00 0.00 0.00 0.00 0.00
0.00 0.00 0.00 0.00 0.00 0.00 0.00 1.99 1.94 1.99 1.99 1.99 1.81 1.81 1.81 1.81 1.67 1.67 1.67 1.67 1.66 1.66 1.66 1.66 1.63 1.63 1.63 1.63 1.64 1.64 1.64 1.64 1.60 1.60 1.60 1.60 1.64 1.64 1.64 1.64 1.68 1.68 1.68 1.68 1.68 1.68 1.68 1.68 1.59 1.59 1.59 1.59 1.37 1.54 1.67 1.67 1.79 1.79 1.79 1.79 0.00 0.00 0.00 0.00 0.00 0.00 0.00 0.00 0.00 0.00 0.00 0.00 0.00 0.00 0.00 0.00 0.00 0.00 0.00 0.00 0.00 0.00 0.00 0.00
0.00 0.00 0.00 0.00 0.00 0.00 0.00 1.99 1.99 1.99 1.99 1.99 1.81 1.81 1.81 1.81 1.67 1.67 1.67 1.67 1.66 1.66 1.66 1.66 1.63 1.63 1.63 1.63 1.64 1.64 1.64 1.64 1.60 1.60 1.60 1.60 1.64 1.64 1.64 1.64 1.68 1.68 1.68 1.68 1.68 1.68 1.68 1.68 1.59 1.59 1.59 1.59 1.67 1.67 1.67 1.67 1.79 1.79 1.79 1.79 1.84 0.00 0.00 0.00 0.00 0.00 0.00 0.00 0.00 0.00 0.00 0.00 0.00 0.00 0.00 0.00 0.00 0.00 0.00 0.00 0.00 0.00 0.00 0.00
0.00 0.00 0.00 0.00 0.00 0.00 0.00 1.93 1.82 1.82 1.82 1.82 1.73 1.73 0.00 1.73 1.68 1.68 1.68 1.68 1.68 1.68 1.68 1.68 1.65 1.65 1.65 1.65 1.65 1.65 1.65 1.65 1.59 1.59 1.59 1.59 1.62 1.62 1.62 1.62 1.65 1.65 1.65 1.65 1.70 1.70 1.70 1.70 1.70 1.70 1.70 1.70 1.74 1.74 1.74 1.74 1.76 1.76 1.76 0.00 0.00 0.00 0.00 0.00 0.00 0.00 0.00 0.00 0.00 0.00 0.00 0.00 0.00 0.00 0.00 0.00 0.00 0.00 0.00 0.00 0.00 0.00 0.00 0.00
0.00 0.00 0.00 0.00 0.00 0.00 0.00 0.00 1.82 1.82 1.82 1.82 1.73 1.73 1.73 1.73 1.68 1.68 1.68 1.68 1.68 1.68 1.68 1.68 1.65 1.65 1.65 1.65 1.65 1.65 1.65 1.65 1.59 1.59 1.59 1.59 1.62 1.62 1.62 1.62 1.65 1.65 1.65 1.65 1.70 1.70 1.70 1.70 1.70 1.70 1.70 1.70 1.74 1.74 1.74 1.74 1.76 1.76 1.42 0.00 0.00 0.00 0.00 0.00 0.00 0.00 0.00 0.00 0.00 0.00 0.00 0.00 0.00 0.00 0.00 0.00 0.00 0.00 0.00 0.00 0.00 0.00 0.00 0.00
