New_Model_Runs/12_Future_RCP4.5_Scn2_out/post_prcessed_with_MFR/Monthly_summaries/interception_monthly_MAY.asc
NCOLS 700
NROWS 400
XLLCENTER 515000.000000
YLLCENTER 8409000.000000
CELLSIZE 50.000000
NODATA_value -999.000000
[rows 190 to 227 of 400, columns 168 to 251 of 700]
1.45 1.45 0.74 0.74 0.74 1.45 1.45 1.45 1.56 1.56 1.56 1.56 1.67 1.67 1.67 1.67 1.65 1.65 1.65 1.65 1.62 1.62 1.62 1.62 1.66 1.66 1.66 1.66 1.75 1.75 1.75 1.75 1.84 1.84 1.84 1.84 1.84 1.84 1.84 1.84 1.79 1.79 1.79 1.79 1.73 1.73 1.73 1.73 1.64 1.64 1.64 1.64 1.67 1.67 1.67 1.67 1.76 1.76 1.76 1.76 1.69 1.69 1.69 1.69 1.61 1.61 1.38 1.61 1.63 1.63 1.63 1.70 1.77 1.77 1.77 1.77 1.86 1.86 1.86 1.18 1.22 1.22 1.22 1.22
1.45 1.45 1.45 1.26 1.45 1.45 1.45 1.45 1.56 1.56 1.56 1.56 1.67 1.67 1.67 1.67 1.65 1.65 1.65 1.65 1.62 1.62 1.62 1.62 1.66 1.66 1.66 1.66 1.75 1.75 1.75 1.75 1.84 1.84 1.84 1.84 1.84 1.84 1.84 1.84 1.79 1.79 1.79 1.79 1.73 1.73 1.73 1.73 1.64 1.64 1.64 1.64 1.67 1.67 1.67 1.67 1.76 1.76 1.76 1.76 1.69 1.69 1.69 1.69 1.61 1.61 1.61 1.61 1.63 1.63 1.63 1.70 1.77 1.77 1.77 1.77 1.86 1.86 1.86 1.18 1.22 1.22 1.22 1.22
1.43 1.43 1.43 1.26 1.47 1.47 1.47 1.47 1.59 1.59 1.59 1.59 1.68 1.68 1.68 1.68 1.66 1.66 1.66 1.66 1.63 1.63 1.63 1.63 1.68 1.68 1.68 1.68 1.74 1.74 1.74 1.74 1.82 1.82 1.82 1.82 1.87 1.87 1.87 1.87 1.86 1.86 1.86 1.86 1.75 1.75 1.75 1.75 1.61 1.61 1.61 1.61 1.66 1.66 1.66 1.66 1.80 1.80 1.80 1.80 1.77 1.77 1.77 1.77 1.64 1.64 1.64 1.64 1.62 1.62 1.69 1.69 1.81 1.81 1.81 1.81 1.86 1.86 1.86 1.18 1.23 1.23 1.23 1.23
1.43 1.43 1.43 1.43 1.47 1.47 1.47 1.47 1.59 1.59 1.59 1.59 1.68 1.68 1.68 1.68 1.66 1.66 1.66 1.66 1.63 1.63 1.63 1.63 1.68 1.68 1.68 1.68 1.74 1.74 1.74 1.74 1.82 1.82 1.82 1.82 1.87 1.87 1.87 1.87 1.86 1.86 1.86 1.86 1.75 1.75 1.75 1.75 1.61 1.61 1.61 1.61 1.66 1.66 1.66 1.66 1.80 1.80 1.80 1.80 1.77 1.77 1.77 1.77 1.64 1.64 1.64 1.64 1.62 1.62 1.69 1.69 1.81 1.81 1.81 1.81 1.86 1.86 1.86 1.86 1.23 1.23 1.23 1.23
1.48 1.48 1.48 1.48 1.52 1.52 1.52 1.52 1.66 1.66 1.66 1.66 1.77 1.77 1.77 1.77 1.75 1.75 1.75 1.75 1.71 1.71 1.71 1.71 1.76 1.76 1.76 1.76 1.83 1.83 1.83 1.83 1.93 1.93 1.93 1.93 1.99 1.99 1.99 1.99 1.96 1.96 1.96 1.96 1.82 1.82 1.82 1.82 1.67 1.67 1.67 1.67 1.72 1.72 1.72 1.72 1.86 1.86 1.86 1.86 1.83 1.83 1.83 1.83 1.69 1.69 1.69 1.69 1.66 1.66 1.75 1.75 1.87 1.87 1.87 1.87 1.92 1.92 1.92 1.92 1.29 1.29 1.29 1.29
1.48 1.48 1.48 1.48 1.52 1.52 1.52 1.52 1.66 1.66 1.66 1.66 1.77 1.77 1.77 1.77 1.75 1.75 1.75 1.75 1.71 1.71 1.71 1.71 1.76 1.76 1.76 1.76 1.83 1.83 1.83 1.83 1.93 1.93 1.93 1.93 1.99 1.99 1.99 1.99 1.96 1.96 1.96 1.96 1.82 1.82 1.82 1.82 1.67 1.67 1.67 1.67 1.72 1.72 1.72 1.72 1.86 1.86 1.86 1.86 1.83 1.83 1.83 1.83 1.69 1.69 1.69 1.69 1.66 1.75 1.75 1.75 1.87 1.87 1.87 1.87 1.92 1.92 1.92 1.92 1.98 1.29 1.29 1.29
1.52 1.52 1.52 1.52 1.55 1.55 1.55 1.55 1.67 1.67 1.67 1.67 1.78 1.78 1.78 1.78 1.77 1.77 1.77 1.77 1.72 1.72 1.72 1.72 1.79 1.79 1.79 1.79 1.87 1.87 1.87 1.87 1.98 1.98 1.98 1.98 2.04 2.04 2.04 2.04 1.96 1.96 1.96 1.96 1.80 1.80 1.80 1.80 1.67 1.67 1.67 1.67 1.75 1.75 1.75 1.75 1.90 1.90 1.90 1.90 1.81 1.81 1.81 1.81 1.63 1.63 1.63 1.63 1.62 1.70 1.70 1.70 1.85 1.85 1.85 1.85 1.95 1.95 1.95 1.95 1.97 1.28 1.28 1.28
1.52 1.52 1.52 1.52 1.55 1.55 1.55 1.55 1.67 1.67 1.67 1.67 1.78 1.78 1.78 1.78 1.77 1.77 1.77 1.77 1.72 1.72 1.72 1.72 1.79 1.79 1.79 1.79 1.87 1.87 1.87 1.87 1.98 1.98 1.98 1.98 2.04 2.04 2.04 2.04 1.96 1.96 1.96 1.96 1.80 1.80 1.80 1.80 1.67 1.67 1.67 1.67 1.75 1.75 1.75 1.75 1.90 1.90 1.90 1.90 1.81 1.81 1.81 1.81 1.63 1.63 1.63 1.63 1.62 1.70 1.70 1.70 1.85 1.85 1.85 1.85 1.95 1.95 1.95 1.95 1.97 1.28 1.28 1.28
1.52 1.52 1.52 1.52 1.55 1.55 1.55 1.55 1.67 1.67 1.67 1.67 1.78 1.78 1.78 1.78 1.77 1.77 1.77 1.77 1.72 1.72 1.72 1.72 1.79 1.79 1.79 1.79 1.87 1.87 1.87 1.87 1.98 1.98 1.98 1.98 2.04 2.04 2.04 2.04 1.96 1.96 1.96 1.96 1.80 1.80 1.80 1.80 1.67 1.67 1.67 1.67 1.75 1.75 1.75 1.75 1.90 1.90 1.90 1.90 1.81 1.81 1.81 1.81 1.63 1.63 1.63 1.63 1.70 1.70 1.70 1.70 1.85 1.85 1.85 1.85 1.95 1.95 1.95 1.95 1.97 1.97 1.28 1.28
1.52 1.52 1.52 1.52 1.55 1.55 1.55 1.55 1.67 1.67 1.67 1.67 1.78 1.78 1.78 1.78 1.77 1.77 1.77 1.77 1.72 1.72 1.72 1.72 1.79 1.79 1.79 1.79 1.87 1.87 1.87 1.87 1.98 1.98 1.98 1.98 2.04 2.04 2.04 2.04 1.96 1.96 1.96 1.96 1.80 1.80 1.80 1.80 1.67 1.67 1.67 1.67 1.75 1.75 1.75 1.75 1.90 1.90 1.90 1.90 1.81 1.81 1.81 1.81 1.63 1.63 1.63 1.63 1.70 1.70 1.70 1.70 1.85 1.85 1.85 1.85 1.95 1.95 1.95 1.95 1.97 1.97 1.28 1.28
1.59 1.59 1.59 1.59 1.59 1.59 1.59 1.59 1.67 1.67 1.67 1.67 1.78 1.78 1.78 1.78 1.79 1.79 1.79 1.79 1.78 1.78 1.78 1.78 1.84 1.84 1.84 1.84 1.96 1.96 1.96 1.96 2.06 2.06 2.06 2.06 1.97 1.97 1.97 1.97 1.83 1.83 1.83 1.83 1.72 1.72 1.72 1.72 1.66 1.66 1.66 1.66 1.76 1.76 1.76 1.76 1.90 1.90 1.90 1.90 1.74 1.74 1.74 1.74 1.57 1.57 1.57 1.57 1.67 1.67 1.67 1.67 1.80 1.80 1.80 1.80 1.91 1.91 1.91 1.91 1.97 1.97 1.97 1.28
1.59 1.59 1.59 1.59 1.59 1.59 1.59 1.59 1.67 1.67 1.67 1.67 1.78 1.78 1.78 1.78 1.79 1.79 1.79 1.79 1.78 1.78 1.78 1.78 1.84 1.84 1.84 1.84 1.96 1.96 1.96 1.96 2.06 2.06 2.06 2.06 1.97 1.97 1.97 1.97 1.83 1.83 1.83 1.83 1.72 1.72 1.72 1.72 1.66 1.66 1.66 1.66 1.76 1.76 1.76 1.76 1.90 1.90 1.90 1.90 1.74 1.74 1.74 1.74 1.57 1.57 1.57 1.66 1.67 1.67 1.67 1.67 1.80 1.80 1.80 1.80 1.91 1.91 1.91 1.91 1.97 1.97 1.97 1.28
1.59 1.59 1.59 1.59 1.59 1.59 1.59 1.59 1.67 1.67 1.67 1.67 1.78 1.78 1.78 1.78 1.79 1.79 1.79 1.79 1.78 1.78 1.78 1.78 1.84 1.84 1.84 1.84 1.96 1.96 1.96 1.96 2.06 2.06 2.06 2.06 1.97 1.97 1.97 1.97 1.83 1.83 1.83 1.83 1.72 1.72 1.72 1.72 1.66 1.66 1.66 1.66 1.76 1.76 1.76 1.76 1.90 1.90 1.90 1.90 1.74 1.74 1.74 1.74 1.57 1.57 1.57 1.66 1.67 1.67 1.67 1.67 1.80 1.80 1.80 1.80 1.91 1.91 1.91 1.91 1.97 1.97 1.97 1.28
1.59 1.59 1.59 1.59 1.59 1.59 1.59 1.59 1.67 1.67 1.67 1.67 1.78 1.78 1.78 1.78 1.79 1.79 1.79 1.79 1.78 1.78 1.78 1.78 1.84 1.84 1.84 1.84 1.96 1.96 1.96 1.96 2.06 2.06 2.06 2.06 1.97 1.97 1.97 1.97 1.83 1.83 1.83 1.83 1.72 1.72 1.72 1.72 1.66 1.66 1.66 1.66 1.76 1.76 1.76 1.76 1.90 1.90 1.90 1.90 1.74 1.74 1.74 1.74 1.57 1.57 1.57 1.66 1.67 1.67 1.67 1.67 1.80 1.80 1.80 1.80 1.91 1.91 1.91 1.91 1.97 1.97 1.97 1.97
1.69 1.69 1.69 1.69 1.68 1.68 1.68 1.68 1.73 1.73 1.73 1.73 1.80 1.80 1.80 1.80 1.83 1.83 1.83 1.83 1.84 1.84 1.84 1.84 1.89 1.89 1.89 1.89 2.03 2.03 2.03 2.03 1.99 1.99 1.99 1.99 1.78 1.78 1.78 1.78 1.65 1.65 1.65 1.65 1.61 1.61 1.61 1.61 1.63 1.63 1.63 1.63 1.82 1.82 1.82 1.82 1.88 1.88 1.88 1.88 1.64 1.64 1.64 1.64 1.54 1.54 1.62 1.62 1.69 1.69 1.69 1.69 1.84 1.84 1.84 1.84 1.94 1.94 1.94 1.94 2.00 2.00 2.00 2.00
1.69 1.69 1.69 1.69 1.68 1.68 1.68 1.68 1.73 1.73 1.73 1.73 1.80 1.80 1.80 1.80 1.83 1.83 1.83 1.83 1.84 1.84 1.84 1.84 1.89 1.89 1.89 1.89 2.03 2.03 2.03 2.03 1.99 1.99 1.99 1.99 1.78 1.78 1.78 1.78 1.65 1.65 1.65 1.65 1.61 1.61 1.61 1.61 1.63 1.63 1.63 1.63 1.82 1.82 1.82 1.82 1.88 1.88 1.88 1.88 1.64 1.64 1.64 1.64 1.54 1.54 1.62 1.62 1.69 1.69 1.69 1.69 1.84 1.84 1.84 1.84 1.94 1.94 1.94 1.94 2.00 2.00 2.00 2.00
1.69 1.69 1.69 1.69 1.68 1.68 1.68 1.68 1.73 1.73 1.73 1.73 1.80 1.80 1.80 1.80 1.83 1.83 1.83 1.83 1.84 1.84 1.84 1.84 1.89 1.89 1.89 1.89 2.03 2.03 2.03 2.03 1.99 1.99 1.99 1.99 1.78 1.78 1.78 1.78 1.65 1.65 1.65 1.65 1.61 1.61 1.61 1.61 1.63 1.63 1.63 1.63 1.82 1.82 1.82 1.82 1.88 1.88 1.88 1.88 1.64 1.64 1.64 1.64 1.54 1.54 1.62 1.62 1.69 1.69 1.69 1.69 1.84 1.84 1.84 1.84 1.94 1.94 1.94 1.94 2.00 2.00 2.00 2.00
1.69 1.69 1.69 1.69 1.68 1.68 1.68 1.68 1.73 1.73 1.73 1.73 1.80 1.80 1.80 1.80 1.83 1.83 1.83 1.83 1.84 1.84 1.84 1.84 1.89 1.89 1.89 1.89 2.03 2.03 2.03 2.03 1.99 1.99 1.99 1.99 1.78 1.78 1.78 1.78 1.65 1.65 1.65 1.65 1.61 1.61 1.61 1.61 1.63 1.63 1.63 1.63 1.82 1.82 1.82 1.82 1.88 1.88 1.88 1.88 1.64 1.64 1.64 1.64 1.54 1.62 1.62 1.62 1.69 1.69 1.69 1.69 1.84 1.84 1.84 1.84 1.94 1.94 1.94 1.94 2.00 2.00 2.00 2.00
1.78 1.78 1.78 1.78 1.79 1.79 1.79 1.79 1.81 1.81 1.81 1.81 1.84 1.84 1.84 1.84 1.89 1.89 1.89 1.89 1.89 1.52 1.89 1.89 1.93 1.93 1.93 1.93 1.98 1.98 1.98 0.87 1.88 1.88 1.88 1.88 1.69 1.69 1.69 1.69 1.59 1.59 1.59 1.59 1.58 1.58 1.58 1.58 1.73 1.73 1.73 1.73 1.91 1.91 1.91 1.91 1.77 1.77 1.77 1.77 1.56 1.56 1.56 1.56 1.57 1.66 1.66 1.66 1.79 1.79 1.79 1.79 1.90 1.90 1.90 1.90 1.95 1.95 1.95 1.95 2.02 2.02 2.02 2.02
1.78 1.78 1.78 1.78 1.79 1.79 1.79 1.79 1.81 1.81 1.81 1.81 1.84 1.84 1.84 1.84 1.89 1.89 1.52 1.52 1.52 1.89 1.89 1.89 1.93 1.93 1.93 1.93 1.98 1.98 1.98 1.98 1.88 1.88 1.88 1.88 1.69 1.69 1.69 1.69 1.59 1.59 1.59 1.59 1.58 1.58 1.58 1.58 1.73 1.73 1.73 1.73 1.91 1.91 1.91 1.91 1.77 1.77 1.77 1.77 1.56 1.56 1.56 1.56 1.57 1.66 1.66 1.66 1.79 1.79 1.79 1.79 1.90 1.90 1.90 1.90 1.95 1.95 1.95 1.95 2.02 2.02 2.02 2.02
1.87 1.87 1.87 1.87 1.89 1.89 1.89 1.89 1.90 1.90 1.90 1.90 1.94 1.94 1.94 1.94 1.99 1.99 1.59 1.59 1.60 2.00 2.00 2.00 2.04 2.04 2.04 2.04 2.10 2.10 2.10 1.65 1.98 1.98 1.98 1.98 1.77 1.77 1.77 1.77 1.64 1.64 1.64 1.64 1.63 1.63 1.63 1.63 1.80 1.80 1.80 1.80 2.00 2.00 2.00 2.00 1.82 1.82 1.82 1.82 1.59 1.59 1.59 1.59 1.72 1.72 1.72 1.72 1.86 1.86 1.86 1.86 1.95 1.95 1.95 1.95 2.01 2.01 2.01 2.01 2.08 2.08 2.08 2.08
1.87 1.87 1.87 1.87 1.89 1.89 1.89 1.89 1.90 1.90 1.90 1.90 1.94 1.94 1.94 1.94 1.99 1.59 1.59 1.59 2.00 2.00 2.00 2.00 2.04 2.04 1.62 1.62 1.65 2.10 2.10 2.10 1.98 1.98 1.98 1.98 1.77 1.77 1.77 1.77 1.64 1.64 1.64 1.64 1.63 1.63 1.63 1.63 1.80 1.80 1.80 1.80 2.00 2.00 2.00 2.00 1.82 1.82 1.82 1.82 1.59 1.59 1.59 1.59 1.72 1.72 1.72 1.72 1.86 1.86 1.86 1.86 1.95 1.95 1.95 1.95 2.01 2.01 2.01 2.01 2.08 2.08 2.08 2.08
1.89 1.89 1.89 1.89 1.93 1.93 1.93 1.93 1.96 1.96 1.96 1.96 1.98 1.98 1.58 1.98 2.02 2.02 0.00 0.00 1.60 2.01 2.01 2.01 2.00 1.60 0.00 0.00 0.00 0.95 1.59 1.98 1.91 1.91 1.91 1.91 1.75 1.75 1.75 1.75 1.65 1.65 1.65 1.65 1.71 1.71 1.71 1.71 1.94 1.94 1.94 1.94 1.94 1.94 1.94 1.94 1.70 1.70 1.70 1.70 1.61 1.61 1.61 1.61 1.81 1.81 1.81 1.81 1.93 1.93 1.93 1.93 1.96 1.96 1.96 1.96 2.03 2.03 2.03 2.03 2.16 2.16 2.16 2.16
1.89 1.89 1.89 1.89 1.93 1.93 1.93 1.93 1.96 1.96 1.96 1.96 1.98 1.98 1.58 1.58 1.85 0.00 0.00 0.00 0.00 1.60 2.01 2.01 1.60 0.00 0.00 0.00 0.00 0.00 0.00 1.59 1.91 1.91 1.91 1.91 1.75 1.75 1.75 1.75 1.65 1.65 1.65 1.65 1.71 1.71 1.71 1.71 1.94 1.94 1.94 1.94 1.94 1.94 1.94 1.94 1.70 1.70 1.70 1.70 1.61 1.61 1.61 1.72 1.81 1.81 1.81 1.81 1.93 1.93 1.93 1.93 1.96 1.96 1.96 1.96 2.03 2.03 2.03 2.03 2.16 2.16 2.16 2.16
1.89 1.89 1.89 1.89 1.93 1.93 1.93 1.93 1.96 1.96 1.96 1.96 1.58 1.58 1.58 0.00 0.00 0.00 0.00 1.61 1.60 1.60 2.01 1.60 0.00 0.00 0.00 0.00 1.59 0.00 0.00 1.82 1.91 1.91 1.91 1.91 1.75 1.75 1.75 1.75 1.65 1.65 1.65 1.65 1.71 1.71 1.71 1.71 1.94 1.94 1.94 1.94 1.94 1.94 1.94 1.94 1.70 1.70 1.70 1.70 1.61 1.61 1.61 1.72 1.81 1.81 1.81 1.81 1.93 1.93 1.93 1.93 1.96 1.96 1.96 1.96 2.03 2.03 2.03 2.03 2.16 2.16 2.16 2.16
1.89 1.89 1.89 1.89 1.93 1.93 1.93 1.93 1.96 1.96 1.96 1.57 0.00 0.00 0.00 0.00 0.00 0.00 0.00 1.61 1.60 2.01 2.01 1.60 0.00 0.00 0.00 0.00 0.00 0.00 1.59 1.59 1.91 1.91 1.91 1.91 1.75 1.75 1.75 1.75 1.65 1.65 1.65 1.65 1.71 1.71 1.71 1.71 1.94 1.94 1.94 1.94 1.94 1.94 1.94 1.94 1.70 1.70 1.70 1.70 1.61 1.61 1.61 1.72 1.81 1.81 1.81 1.81 1.93 1.93 1.93 1.93 1.96 1.96 1.96 1.96 2.03 2.03 2.03 2.03 2.16 2.16 2.16 2.16
1.87 1.87 1.87 1.87 1.88 1.88 1.88 1.88 1.93 1.93 1.93 1.56 1.59 0.00 0.00 0.00 0.00 0.00 0.00 0.00 1.56 1.56 1.56 0.00 0.00 0.00 0.00 0.00 0.00 0.94 1.89 1.89 1.82 1.82 1.82 1.82 1.72 1.72 1.72 1.72 1.75 1.75 1.75 1.75 1.91 1.91 1.91 1.91 1.96 1.96 1.96 1.96 1.78 1.78 1.78 1.78 1.69 1.69 1.69 1.69 1.74 1.74 1.84 1.84 1.93 1.93 1.93 1.93 1.92 0.00 1.92 1.92 1.94 1.94 1.94 1.94 2.05 2.05 2.05 2.05 2.26 2.26 2.26 2.26
1.87 1.87 1.87 1.87 1.88 1.88 1.88 1.88 1.93 1.93 1.93 1.93 1.59 0.00 0.00 0.00 0.00 0.00 1.83 1.59 1.56 0.00 0.00 0.00 0.00 0.00 0.00 0.94 0.94 1.89 1.89 1.89 1.82 1.82 1.82 1.82 1.72 1.72 1.72 1.72 1.75 1.75 1.75 1.75 1.91 1.91 1.91 1.91 1.96 1.96 1.96 1.96 1.78 1.78 1.78 1.78 1.69 1.69 1.69 1.69 1.74 1.74 1.84 1.84 1.93 1.93 1.93 1.93 1.92 1.92 1.92 1.92 1.94 1.94 1.94 1.94 2.05 2.05 2.05 2.05 2.26 2.26 2.26 2.26
1.87 1.87 1.87 1.87 1.88 1.88 1.88 1.88 1.93 1.93 1.93 1.56 1.59 0.00 0.00 0.00 0.00 1.59 1.59 1.59 1.56 1.56 1.56 0.00 0.00 0.00 0.00 0.94 1.89 0.94 1.89 1.89 1.82 1.82 1.82 1.82 1.72 1.72 1.72 1.72 1.75 1.75 1.75 1.75 1.91 1.91 1.91 1.91 1.96 1.96 1.96 1.96 1.78 1.78 1.78 1.78 1.69 1.69 1.69 1.69 1.74 1.74 1.84 1.84 1.93 1.93 1.93 1.93 1.92 1.92 1.92 1.92 1.94 1.94 1.94 1.94 2.05 2.05 2.05 2.05 2.26 2.26 2.26 2.26
1.56 1.56 1.56 1.87 1.88 1.88 1.88 1.88 1.93 1.93 1.56 1.56 0.00 0.00 0.00 0.00 0.00 0.00 1.59 0.00 1.56 1.93 0.93 0.00 0.00 0.00 0.00 1.90 1.89 1.89 1.89 1.89 1.82 1.82 1.82 1.82 1.72 1.72 1.46 1.72 1.75 1.75 1.75 1.75 1.91 1.91 1.91 1.91 1.96 1.96 1.96 1.96 1.78 1.78 1.78 1.78 1.69 1.69 1.69 1.69 1.74 1.84 1.84 1.84 1.93 1.93 1.93 1.93 1.92 1.92 1.92 1.92 1.94 1.94 1.94 1.94 2.05 2.05 2.05 2.05 2.26 2.26 2.26 2.26
1.56 1.56 1.56 1.56 1.55 1.55 1.86 1.86 1.91 1.91 1.91 1.55 0.00 0.00 0.00 0.00 0.00 0.00 0.00 0.93 0.92 1.89 0.92 0.00 0.00 0.00 0.00 1.53 1.85 1.85 1.85 1.85 1.83 1.83 1.83 1.83 1.83 1.83 1.83 1.51 1.93 1.93 1.93 1.93 1.99 1.59 1.59 1.99 1.89 1.89 1.89 1.89 1.85 1.85 1.85 1.85 1.86 1.86 1.86 1.86 1.91 2.01 2.01 2.01 2.02 2.02 2.02 2.02 1.96 1.96 1.96 1.96 1.97 1.97 1.97 1.97 2.11 2.11 2.11 2.11 2.31 2.31 2.31 2.31
1.56 1.56 1.56 1.56 1.55 1.55 1.55 1.55 1.60 1.60 1.91 1.91 1.58 0.00 0.00 0.00 0.00 0.00 0.00 0.00 1.89 1.89 1.89 0.92 0.00 0.00 0.00 1.53 1.52 1.52 1.85 1.52 1.83 1.83 1.83 1.83 1.83 1.83 1.51 1.51 1.93 1.93 1.93 1.93 0.00 0.00 1.59 1.99 1.89 1.89 1.89 1.89 1.85 1.85 1.85 1.85 1.86 1.86 1.86 1.86 2.01 2.01 2.01 2.01 2.02 2.02 2.02 2.02 1.96 1.96 1.96 1.96 1.97 1.97 1.97 1.97 2.11 2.11 2.11 2.11 2.31 2.31 2.31 2.31
1.56 1.56 1.56 1.56 1.55 1.55 1.55 1.55 1.60 1.60 1.60 1.60 1.27 0.00 0.00 0.00 0.00 0.00 0.00 0.00 1.74 1.89 1.54 0.00 0.00 0.00 1.53 1.53 1.85 1.52 1.52 1.85 1.83 1.83 1.83 1.51 1.51 1.83 1.51 1.51 1.93 1.56 1.56 0.00 0.00 1.59 1.59 1.99 1.89 1.89 1.89 1.89 1.85 1.85 1.85 1.85 1.86 1.86 1.86 1.86 2.01 2.01 2.01 2.01 2.02 2.02 2.02 0.00 0.00 1.96 1.96 1.96 1.97 1.97 1.97 1.97 2.11 2.11 2.11 2.11 2.31 2.31 2.31 2.31
1.56 1.56 1.56 1.56 1.55 1.55 1.55 1.55 1.60 1.60 1.60 1.24 1.27 0.00 0.00 0.00 0.00 0.00 0.00 0.00 0.00 0.00 0.00 0.00 0.00 0.00 1.53 0.00 1.52 1.52 1.52 1.52 1.51 1.51 1.83 1.51 1.51 1.51 1.51 1.51 0.00 0.00 0.00 1.56 1.59 1.59 1.99 1.99 1.89 1.89 1.89 1.89 1.85 1.85 1.85 1.85 1.86 1.86 1.86 1.86 2.01 2.01 2.01 0.00 0.00 0.00 0.00 0.00 0.00 0.00 0.00 0.00 0.00 0.00 0.00 1.97 2.11 2.11 2.11 2.11 2.31 2.31 2.31 2.31
1.60 1.60 1.60 1.60 1.56 1.56 1.56 1.56 1.58 1.58 1.58 1.58 1.25 0.00 0.00 0.00 0.00 0.00 0.00 0.00 0.00 0.00 0.00 0.00 0.00 1.54 1.54 1.54 1.89 1.89 1.55 1.75 1.55 1.55 1.55 0.00 1.57 1.57 1.57 0.00 0.00 0.00 0.00 1.58 1.98 1.98 1.98 1.98 2.01 2.01 2.01 2.01 2.04 2.04 2.04 2.04 2.00 2.00 2.00 2.11 2.07 2.07 2.07 0.00 0.00 0.00 0.00 0.00 0.00 0.00 0.00 0.00 2.00 2.00 2.00 2.00 2.15 2.15 2.15 2.15 2.25 2.25 2.25 2.25
1.60 1.60 1.60 1.60 1.56 1.56 1.56 1.56 1.58 1.58 1.58 1.58 1.25 0.00 0.00 0.00 0.00 0.00 0.00 0.00 0.00 0.00 0.00 0.00 0.00 0.00 1.54 1.54 1.55 1.55 0.00 0.00 0.00 0.00 0.00 0.00 0.00 1.57 1.57 0.00 0.00 1.58 1.58 1.58 1.59 1.59 1.59 1.59 1.60 1.60 1.60 1.60 1.62 0.00 1.62 2.04 2.00 2.00 2.00 2.11 2.07 2.07 2.07 0.00 0.00 0.00 0.00 2.00 1.97 0.00 1.97 1.97 2.00 2.00 2.00 2.00 2.15 2.15 2.15 2.15 2.25 2.25 2.25 2.25
1.63 1.63 1.63 1.63 1.59 1.59 1.59 1.59 1.61 1.61 1.61 1.27 1.28 0.00 0.00 0.00 0.00 0.00 1.28 1.28 0.00 0.00 1.26 1.26 0.00 0.00 0.00 1.61 1.58 0.00 0.00 0.00 0.00 0.00 0.00 0.00 0.00 0.00 1.61 0.00 1.62 1.62 1.62 1.62 1.63 1.63 1.63 0.00 0.00 0.00 0.00 0.00 0.00 0.00 0.00 0.97 2.03 2.03 2.03 2.13 2.10 2.10 2.10 0.80 0.00 2.03 2.03 2.03 0.00 0.79 0.00 0.00 1.99 1.99 1.99 1.99 2.14 2.14 2.14 2.14 2.24 2.24 2.24 2.24
1.63 1.63 1.63 1.63 1.59 1.59 1.59 1.59 1.61 1.27 1.27 1.48 1.50 0.00 0.00 0.00 0.00 1.28 1.62 1.28 0.00 0.00 1.47 0.65 0.00 0.00 0.00 0.00 0.00 0.00 0.00 0.00 0.00 0.00 0.00 0.00 0.00 0.00 0.00 0.00 0.00 0.00 0.00 1.62 1.63 1.63 1.63 1.63 0.00 0.00 0.00 0.00 0.00 0.00 0.97 0.97 1.61 0.00 2.13 2.13 2.10 1.60 2.10 2.10 0.80 2.03 2.03 2.03 0.79 2.00 2.00 2.00 1.99 1.99 1.99 1.99 2.14 2.14 2.14 2.14 2.24 2.24 2.24 2.24
