New_Model_Runs/12_Future_RCP4.5_Scn2_out/post_prcessed_with_MFR/Monthly_summaries/interception_monthly_JUN.asc
NCOLS 700
NROWS 400
XLLCENTER 515000.000000
YLLCENTER 8409000.000000
CELLSIZE 50.000000
NODATA_value -999.000000
[rows 190 to 227 of 400, columns 84 to 167 of 700]
0.00 0.00 0.00 0.00 0.00 0.00 0.00 0.00 0.00 0.00 0.00 0.00 0.00 0.00 0.00 0.00 0.00 0.00 0.00 0.00 0.00 0.00 0.00 0.00 0.00 1.47 1.47 1.47 1.51 1.51 1.51 1.51 1.56 1.56 1.56 1.56 1.60 1.60 1.60 1.60 1.58 1.58 1.58 1.58 1.55 1.55 1.55 1.55 1.53 1.53 1.53 1.53 1.55 1.55 1.55 1.55 1.59 1.59 1.59 1.59 1.68 1.68 1.68 1.68 1.72 1.72 1.72 1.72 1.66 1.66 1.66 1.66 1.69 1.69 1.69 1.69 1.70 1.70 1.70 1.70 1.48 1.48 1.48 1.48
0.00 0.00 0.00 0.00 0.00 0.00 0.00 0.00 0.00 0.00 0.00 0.00 0.00 0.00 0.00 0.00 0.00 0.00 0.00 0.00 0.00 0.00 0.00 0.00 0.00 1.47 1.47 1.27 1.30 1.51 1.51 1.51 1.56 1.56 1.56 1.56 1.60 1.60 1.60 1.60 1.58 1.58 1.58 1.58 1.55 1.55 1.55 1.55 1.53 1.53 1.53 1.53 1.55 1.55 1.55 1.55 1.59 1.59 1.59 1.59 1.68 1.68 1.68 1.68 1.72 1.72 1.72 1.72 1.66 1.66 1.66 1.66 1.69 1.69 1.69 1.69 1.70 1.70 1.70 1.70 1.48 1.48 1.48 1.48
0.00 0.00 0.00 0.00 0.00 0.00 0.00 0.00 0.00 0.00 0.00 0.00 0.00 0.00 0.00 0.00 0.00 0.00 0.00 0.00 0.00 0.00 0.00 0.00 0.00 0.00 1.43 1.43 1.29 1.29 1.47 1.47 1.54 1.54 1.54 1.54 1.61 1.61 1.61 1.61 1.62 1.62 1.62 1.62 1.57 1.57 1.57 1.57 1.54 1.54 1.54 1.54 1.58 1.58 1.58 1.58 1.62 1.62 1.62 1.62 1.71 1.71 1.71 1.71 1.72 1.72 1.72 1.72 1.67 1.67 1.67 1.67 1.67 1.67 1.67 1.67 1.52 1.52 1.52 1.52 1.38 1.38 1.38 1.38
0.00 0.00 0.00 0.00 0.00 0.00 0.00 0.00 0.00 0.00 0.00 0.00 0.00 0.00 0.00 0.00 0.00 0.00 0.00 0.00 0.00 0.00 0.00 0.00 0.00 0.00 0.00 1.43 1.29 1.29 1.47 1.47 1.54 1.54 1.54 1.54 1.61 1.61 1.61 1.61 1.62 1.62 1.62 1.62 1.57 1.57 1.57 1.57 1.54 1.54 1.54 1.54 1.58 1.58 1.58 1.58 1.62 1.62 1.62 1.62 1.71 1.71 1.71 1.71 1.72 1.72 1.72 1.72 1.67 1.67 1.67 1.67 1.67 1.67 1.67 1.67 1.52 1.52 1.52 1.52 1.38 1.38 1.38 1.38
0.00 0.00 0.00 0.00 0.00 0.00 0.00 0.00 0.00 0.00 0.00 0.00 0.00 0.00 0.00 0.00 0.00 0.00 0.00 0.00 0.00 0.00 0.00 0.00 0.00 0.00 0.00 1.30 1.53 1.53 1.53 1.53 1.61 1.61 1.61 1.61 1.69 1.69 1.69 1.69 1.70 1.70 1.70 1.70 1.66 1.66 1.66 1.66 1.62 1.62 1.62 1.62 1.66 1.66 1.66 1.66 1.71 1.71 1.71 1.71 1.82 1.82 1.82 1.82 1.83 1.83 1.83 1.83 1.78 1.78 1.78 1.78 1.78 1.78 1.78 1.78 1.60 1.60 1.60 1.60 1.43 1.43 1.43 1.43
0.00 0.00 0.00 0.00 0.00 0.00 0.00 0.00 0.00 0.00 0.00 0.00 0.00 0.00 0.00 0.00 0.00 0.00 0.00 0.00 0.00 0.00 0.00 0.00 0.00 0.00 0.64 1.30 1.53 1.53 1.53 1.53 1.61 1.61 1.61 1.61 1.69 1.69 1.69 1.69 1.70 1.70 1.70 1.70 1.66 1.66 1.66 1.66 1.62 1.62 1.62 1.62 1.66 1.66 1.66 1.66 1.71 1.71 1.71 1.71 1.82 1.82 1.82 1.82 1.83 1.83 1.83 1.83 1.78 1.78 1.78 1.78 1.78 1.78 1.78 1.78 1.60 1.60 1.60 1.60 1.43 1.43 1.43 1.43
0.00 0.00 0.00 0.00 0.00 0.00 0.00 0.00 0.00 0.00 0.00 0.00 0.00 0.00 0.00 0.00 0.00 0.00 0.00 0.00 0.00 1.55 1.55 1.55 1.48 0.00 1.48 1.48 1.51 1.51 1.51 1.51 1.58 1.58 1.58 1.58 1.66 1.66 1.66 1.66 1.70 1.70 1.70 1.70 1.70 1.70 1.70 1.70 1.67 1.67 1.67 1.67 1.74 1.74 1.74 1.74 1.77 1.77 1.77 1.77 1.82 1.82 1.82 1.82 1.80 1.80 1.80 1.80 1.76 1.76 1.76 1.76 1.59 1.59 1.59 1.59 1.42 1.42 1.42 1.42 1.40 1.40 1.40 1.40
0.00 0.00 0.00 0.00 0.00 0.00 0.00 0.00 0.00 0.00 0.00 0.00 0.00 0.00 0.00 0.00 0.00 0.00 0.00 0.00 1.55 1.55 1.55 1.55 1.30 1.30 0.00 1.41 1.51 1.51 1.51 1.51 1.58 1.58 1.58 1.58 1.66 1.66 1.66 1.66 1.70 1.70 1.70 1.70 1.70 1.70 1.70 1.70 1.67 1.67 1.67 1.67 1.74 1.74 1.74 1.74 1.77 1.77 1.77 1.77 1.82 1.82 1.82 1.82 1.80 1.80 1.80 1.80 1.76 1.76 1.76 1.76 1.59 1.59 1.59 1.59 1.42 1.42 1.42 1.42 1.40 1.40 1.40 1.40
0.00 0.00 0.00 0.00 0.00 0.00 0.00 0.00 0.00 0.00 0.00 0.00 0.00 0.00 0.00 0.00 0.00 0.00 0.00 1.56 1.55 1.55 1.55 1.34 1.30 1.41 1.41 1.48 1.43 1.51 1.51 1.51 1.58 1.58 1.58 1.58 1.66 1.66 1.66 1.66 1.70 1.70 1.70 1.70 1.70 1.70 1.70 1.70 1.67 1.67 1.67 1.67 1.74 1.74 1.74 1.74 1.77 1.77 1.77 1.77 1.82 1.82 1.82 1.82 1.80 1.80 1.80 1.80 1.76 1.76 1.76 1.76 1.59 1.59 1.59 1.59 1.42 1.42 1.42 1.42 1.40 1.40 1.40 1.40
0.00 0.00 0.00 0.00 0.00 0.00 0.00 0.00 0.00 0.00 0.00 0.00 0.00 0.00 0.00 0.00 0.00 0.00 1.56 1.56 1.55 1.55 1.55 1.55 1.48 1.48 1.48 1.41 1.51 1.51 1.51 1.51 1.58 1.58 1.58 1.58 1.66 1.66 1.66 1.66 1.70 1.70 1.70 1.70 1.70 1.70 1.70 1.70 1.67 1.67 1.67 1.67 1.74 1.74 1.74 1.74 1.77 1.77 1.77 1.77 1.82 1.82 1.82 1.82 1.80 1.80 1.80 1.80 1.76 1.76 1.76 1.76 1.59 1.59 1.59 1.59 1.42 1.42 1.42 1.42 1.40 1.40 1.40 1.40
0.00 1.43 1.43 1.43 0.00 0.00 0.00 0.00 0.00 0.00 0.00 0.00 0.00 0.00 0.00 1.29 1.34 1.34 1.34 1.59 1.61 1.61 1.61 1.61 1.54 1.54 1.54 1.46 1.54 1.54 1.54 1.54 1.58 1.58 1.58 1.58 1.61 1.61 1.61 1.61 1.64 1.64 1.64 1.64 1.74 1.74 1.74 1.74 1.78 1.78 1.78 1.78 1.79 1.79 1.79 1.79 1.77 1.77 1.77 1.77 1.77 1.77 1.77 1.77 1.77 1.77 1.77 1.77 1.66 1.66 1.66 1.66 1.43 1.43 1.43 1.43 1.39 1.39 1.39 1.39 1.46 1.46 1.46 1.46
0.00 0.00 1.43 1.43 1.37 0.00 0.00 0.00 0.00 0.00 0.00 0.00 0.00 0.00 1.29 1.29 1.34 1.34 1.34 1.34 1.36 1.36 1.36 1.61 1.54 1.54 1.54 1.54 1.54 1.54 1.54 1.54 1.58 1.58 1.58 1.58 1.61 1.61 1.61 1.61 1.64 1.64 1.64 1.64 1.74 1.74 1.74 1.74 1.78 1.78 1.78 1.78 1.79 1.79 1.79 1.79 1.77 1.77 1.77 1.77 1.77 1.77 1.77 1.77 1.77 1.77 1.77 1.77 1.66 1.66 1.66 1.66 1.43 1.43 1.43 1.43 1.39 1.39 1.39 1.39 1.46 1.46 1.46 1.46
0.00 0.00 1.43 1.43 1.37 1.37 0.00 0.00 0.00 0.00 0.00 0.00 0.00 1.29 1.29 1.29 1.34 1.34 1.34 1.06 1.36 1.36 1.36 1.36 1.29 1.29 1.29 1.54 1.54 1.54 1.54 1.54 1.58 1.58 1.58 1.58 1.61 1.61 1.61 1.61 1.64 1.64 1.64 1.64 1.74 1.74 1.74 1.74 1.78 1.78 1.78 1.78 1.79 1.79 1.79 1.79 1.77 1.77 1.77 1.77 1.77 1.77 1.77 1.77 1.77 1.77 1.77 1.77 1.66 1.66 1.66 1.66 1.43 1.43 1.43 1.43 1.39 1.39 1.39 1.39 1.46 1.46 1.46 1.46
1.43 1.43 1.43 1.43 1.37 1.37 0.00 0.00 0.00 0.00 0.00 0.00 0.00 0.00 1.29 1.29 1.34 1.34 1.34 1.34 1.36 1.36 1.36 1.36 1.29 1.29 1.29 1.29 1.29 1.29 1.54 1.54 1.58 1.58 1.58 1.58 1.61 1.61 1.61 1.61 1.64 1.64 1.64 1.64 1.74 1.74 1.74 1.74 1.78 1.78 1.78 1.78 1.79 1.79 1.79 1.79 1.77 1.77 1.77 1.77 1.77 1.77 1.77 1.77 1.77 1.77 1.77 1.77 1.66 1.66 1.66 1.66 1.43 1.43 1.43 1.43 1.39 1.39 1.39 1.39 1.46 1.46 1.46 1.46
1.47 1.47 1.47 1.47 1.39 1.39 1.39 0.00 0.00 0.00 0.00 0.00 0.00 0.00 1.25 1.25 1.32 1.32 1.32 1.32 1.38 1.38 1.38 1.38 1.38 1.38 1.38 1.38 1.41 1.41 1.41 1.41 1.41 1.41 1.66 1.66 1.63 1.63 1.63 1.63 1.64 1.64 1.64 1.64 1.76 1.76 1.76 1.76 1.82 1.82 1.82 1.82 1.78 1.78 1.78 1.78 1.73 1.73 1.73 1.73 1.74 1.74 1.74 1.74 1.73 1.73 1.73 1.73 1.56 1.56 1.56 1.56 1.38 1.38 1.38 1.38 1.38 1.38 1.38 1.38 1.52 1.52 1.52 1.52
1.47 1.47 1.47 1.47 1.39 1.39 1.39 1.39 0.00 0.00 0.00 0.00 0.00 0.00 1.25 1.25 1.32 1.32 1.32 1.32 1.38 1.38 1.38 1.38 1.38 1.38 1.38 1.38 1.41 1.41 1.41 1.41 1.41 1.41 1.41 1.41 1.38 1.63 1.63 1.63 1.64 1.64 1.64 1.64 1.76 1.76 1.76 1.76 1.82 1.82 1.82 1.82 1.78 1.78 1.78 1.78 1.73 1.73 1.73 1.73 1.74 1.74 1.74 1.74 1.73 1.73 1.73 1.73 1.56 1.56 1.56 1.56 1.38 1.38 1.38 1.38 1.38 1.38 1.38 1.38 1.52 1.52 1.52 1.52
1.47 1.47 1.47 1.47 1.39 1.39 1.39 1.39 0.00 0.00 0.00 0.00 0.00 0.00 1.25 1.25 1.32 1.32 1.32 1.32 1.38 1.38 1.38 1.38 1.38 1.38 1.38 1.38 1.41 1.41 1.41 1.41 1.41 1.41 1.41 1.41 1.38 1.38 1.38 1.38 1.39 1.64 1.64 1.64 1.76 1.76 1.76 1.76 1.82 1.82 1.82 1.82 1.78 1.78 1.78 1.78 1.73 1.73 1.73 1.73 1.74 1.74 1.46 1.74 1.73 1.73 1.73 1.73 1.56 1.56 1.56 1.56 1.38 1.38 1.38 1.38 1.38 1.38 1.38 1.38 1.52 1.52 1.52 1.52
1.47 1.47 1.47 1.47 1.39 1.39 1.39 1.39 1.00 1.25 0.51 0.00 0.00 0.53 1.17 1.25 1.32 0.54 1.32 1.32 1.38 1.38 1.38 1.38 1.38 1.38 1.38 1.38 1.41 1.41 1.41 1.41 1.41 1.41 1.41 1.41 1.38 1.38 1.38 1.38 1.39 1.39 1.39 1.39 1.76 1.76 1.76 1.76 1.82 1.82 1.82 1.82 1.78 1.78 1.78 1.78 1.73 1.73 1.73 1.73 1.74 1.74 1.74 1.74 1.73 1.73 1.73 1.73 1.56 1.56 1.56 1.56 1.38 1.38 1.38 1.38 1.38 1.38 1.38 1.38 1.52 1.52 1.52 1.52
1.48 1.48 1.48 1.48 1.42 1.42 1.42 1.42 1.27 1.27 1.17 1.17 0.00 0.00 1.01 1.17 1.19 1.28 1.28 1.28 1.34 1.34 1.34 1.34 1.38 1.38 1.38 1.38 1.43 1.43 1.43 1.43 1.41 1.41 1.41 1.41 1.41 1.41 1.41 1.41 1.45 1.45 1.45 1.45 1.53 1.53 1.53 1.53 1.74 1.74 1.74 1.74 1.70 1.70 1.70 1.70 1.70 1.70 1.70 1.70 1.73 1.73 1.73 1.73 1.67 1.67 1.67 1.67 1.51 1.51 1.51 1.51 1.38 1.38 1.38 1.38 1.38 1.38 1.38 1.38 1.54 1.54 1.54 1.54
1.48 1.48 1.48 1.48 1.42 1.42 1.42 1.42 1.27 0.00 1.27 1.27 0.00 0.00 1.01 1.25 1.19 1.19 1.28 1.28 1.34 1.34 1.34 1.34 1.38 1.38 1.38 1.38 1.43 1.43 1.43 1.43 1.41 1.41 1.41 1.41 1.41 1.41 1.41 1.41 1.45 1.45 1.45 1.45 1.53 1.53 1.53 1.53 1.49 1.49 1.49 1.74 1.70 1.70 1.70 1.70 1.70 1.70 1.70 1.70 1.73 1.73 1.73 1.73 1.67 1.67 1.67 1.67 1.51 1.51 1.51 1.51 1.38 1.38 1.38 1.38 1.38 1.38 1.38 1.38 1.54 1.54 1.54 1.54
1.53 1.53 1.53 1.53 1.46 1.46 1.46 1.46 1.30 0.00 1.30 1.30 1.28 1.28 1.05 1.28 1.31 1.31 1.31 1.31 1.38 1.38 1.38 1.38 1.42 1.42 1.42 1.42 1.48 1.48 1.48 1.48 1.46 1.46 1.46 1.46 1.46 1.46 1.46 1.46 1.51 1.51 1.51 1.51 1.60 1.60 1.60 1.60 1.55 1.55 1.55 1.55 1.51 1.51 1.51 1.76 1.76 1.76 1.76 1.76 1.80 1.80 1.80 1.80 1.73 1.73 1.73 1.73 1.56 1.56 1.56 1.56 1.40 1.40 1.40 1.40 1.41 1.31 1.41 1.41 1.60 1.60 1.60 1.60
1.53 1.53 1.53 1.53 1.46 1.46 1.46 1.46 1.30 1.30 1.30 1.30 1.28 1.28 1.28 1.28 1.24 1.31 1.31 1.06 1.38 1.38 1.38 1.38 1.42 1.42 1.42 1.42 1.48 1.48 1.48 1.48 1.46 1.46 1.46 1.46 1.46 1.46 1.46 1.46 1.51 1.51 1.51 1.51 1.60 1.60 1.60 1.60 1.55 1.55 1.55 1.55 1.51 1.51 1.51 1.51 1.50 1.50 1.50 1.76 1.80 1.80 1.80 1.80 1.73 1.73 1.73 1.73 1.56 1.56 1.56 1.56 1.40 1.40 1.40 1.40 1.41 1.41 1.41 1.41 1.60 1.60 1.60 1.60
1.46 1.46 1.46 1.46 1.50 1.50 1.50 1.50 1.42 1.42 0.00 1.42 1.33 1.33 1.33 1.33 1.21 1.21 1.28 1.28 1.29 1.29 1.29 1.29 1.32 1.32 1.32 1.32 1.35 1.35 1.35 1.35 1.35 1.35 1.35 1.35 1.41 1.41 1.41 1.41 1.46 1.46 1.46 1.46 1.48 1.48 1.48 1.48 1.41 1.41 1.41 1.41 1.41 1.41 1.41 1.41 1.47 1.47 1.47 1.47 1.53 1.53 1.79 1.79 1.72 1.72 1.72 1.72 1.59 1.59 1.59 1.59 1.45 1.45 1.45 1.45 1.48 1.48 1.48 1.48 1.65 1.65 1.65 1.65
1.46 1.46 1.46 1.46 1.50 1.50 1.50 1.50 1.42 1.42 1.42 1.42 1.33 1.33 1.07 1.25 1.21 1.21 1.05 1.05 1.29 1.29 1.29 1.29 1.32 1.32 1.32 1.32 1.35 1.35 1.35 1.35 1.35 1.35 1.35 1.35 1.41 1.41 1.41 1.41 1.46 1.46 1.46 1.46 1.48 1.48 1.48 1.48 1.41 1.41 1.41 1.41 1.41 1.41 1.41 1.41 1.47 1.47 1.47 1.47 1.53 1.53 1.53 1.53 1.46 1.46 1.72 1.72 1.59 1.59 1.59 1.59 1.45 1.45 1.45 1.45 1.48 1.48 1.48 1.48 1.65 1.65 1.65 1.65
1.46 1.46 1.46 1.46 1.50 1.50 1.50 1.50 1.42 1.42 1.42 1.42 1.33 1.33 1.33 1.33 1.05 1.28 1.28 1.28 1.29 1.05 1.29 1.29 1.32 1.32 1.32 1.32 1.35 1.35 1.35 1.35 1.35 1.35 1.35 1.35 1.41 1.41 1.41 1.41 1.46 1.46 1.46 1.46 1.48 1.48 1.48 1.48 1.41 1.41 1.41 1.41 1.41 1.41 1.41 1.41 1.47 1.47 1.47 1.47 1.53 1.53 1.53 1.53 1.46 1.46 1.46 1.46 1.33 1.59 1.59 1.59 1.45 1.45 1.45 1.45 1.48 1.48 1.48 1.48 1.65 1.65 1.65 1.65
1.46 1.46 1.46 1.46 1.50 1.50 1.50 1.50 1.42 1.42 1.42 1.42 1.33 1.33 1.33 1.33 1.28 1.28 1.28 1.28 1.05 1.05 1.29 1.29 1.32 1.32 1.32 1.32 1.35 1.35 1.35 1.35 1.35 1.35 1.35 1.35 1.41 1.41 1.41 1.41 1.46 1.46 1.46 1.46 1.48 1.48 1.48 1.48 1.41 1.41 1.41 1.41 1.41 1.41 1.41 1.41 1.47 1.47 1.47 1.47 1.53 1.53 1.53 1.53 1.46 1.46 1.46 1.46 1.33 1.33 1.33 1.33 1.19 1.45 1.45 1.45 1.48 1.48 1.48 1.48 1.65 1.65 1.65 1.65
1.37 1.37 1.37 1.37 1.44 1.44 1.44 1.44 1.48 1.48 1.48 1.48 1.40 1.40 1.40 1.40 1.30 1.30 1.30 1.30 1.31 1.31 1.31 1.31 1.33 1.33 1.33 1.33 1.30 1.30 1.30 1.30 1.27 1.27 1.27 1.27 1.33 1.33 1.33 1.33 1.37 1.37 1.37 1.37 1.36 1.36 1.36 1.36 1.32 1.32 1.32 1.32 1.35 1.35 1.35 1.35 1.45 1.45 1.45 1.45 1.54 1.54 1.54 1.54 1.51 1.51 1.51 1.51 1.43 1.43 1.43 1.43 1.37 1.37 1.37 1.37 1.69 1.69 1.69 1.69 1.74 1.74 1.74 1.74
1.37 1.37 1.37 1.37 1.44 1.44 1.44 1.44 1.48 1.48 1.48 1.48 1.40 1.40 1.40 1.40 1.30 1.30 1.30 1.30 1.31 1.31 1.31 1.31 1.33 1.33 1.33 1.33 1.30 1.30 1.30 1.30 1.27 1.27 1.27 1.27 1.33 1.33 1.33 1.33 1.37 1.37 1.37 1.37 1.36 1.36 1.36 1.36 1.32 1.32 1.32 1.32 1.35 1.35 1.35 1.35 1.45 1.45 1.45 1.45 1.54 1.54 1.54 1.54 1.51 1.51 1.51 1.51 1.43 1.43 1.43 1.43 1.37 1.37 1.37 1.37 1.43 1.43 1.43 1.43 1.74 1.74 1.74 1.74
1.37 1.37 1.37 1.37 1.44 1.44 1.44 1.44 1.48 1.48 1.48 1.48 1.40 1.40 1.40 1.40 1.30 1.30 1.30 1.30 1.31 1.31 1.31 1.31 1.33 1.33 1.33 1.33 1.30 1.30 1.30 1.30 1.27 1.27 1.27 1.27 1.33 1.33 1.33 1.33 1.37 1.37 1.37 1.37 1.36 1.36 1.36 1.36 1.32 1.32 1.32 1.32 1.35 1.35 1.35 1.35 1.45 1.45 1.45 1.45 1.54 1.54 1.54 1.54 1.51 1.51 1.51 1.51 1.43 1.43 1.43 1.43 1.37 1.37 1.37 1.37 1.43 1.43 1.43 1.43 1.49 1.49 1.49 1.74
1.37 1.37 1.37 1.37 1.44 1.44 1.44 1.44 1.48 1.48 1.48 1.48 1.40 1.40 1.40 1.40 1.30 1.30 1.30 1.30 1.31 1.31 1.31 1.31 1.33 1.33 1.33 1.33 1.30 1.30 1.30 1.30 1.27 1.27 1.27 1.27 1.33 1.33 1.33 1.33 1.37 1.37 1.37 1.37 1.36 1.36 1.36 1.36 1.32 1.32 1.32 1.32 1.35 1.35 1.35 1.35 1.45 1.45 1.45 1.45 1.54 1.54 1.54 1.54 1.51 1.51 1.51 1.51 1.43 1.43 1.43 1.43 1.37 1.37 1.37 1.37 1.43 1.43 1.43 1.43 1.49 1.49 1.49 1.49
1.26 1.34 1.34 1.34 1.36 1.36 1.36 1.36 1.43 1.43 1.43 1.43 1.47 1.47 1.47 1.47 1.39 1.39 1.39 1.39 1.41 1.41 1.41 1.41 1.39 1.39 1.39 1.39 1.32 1.32 1.32 1.32 1.31 1.31 1.31 1.31 1.30 1.30 1.30 1.30 1.30 1.30 1.30 1.30 1.33 1.33 1.33 1.33 1.35 1.35 1.35 1.35 1.41 1.41 1.41 1.41 1.49 1.49 1.49 1.49 1.54 1.54 1.54 1.54 1.51 1.51 1.51 1.51 1.50 1.50 1.50 1.50 1.52 1.52 1.52 1.52 1.55 1.55 1.55 1.55 1.52 1.52 1.52 1.52
0.00 1.26 1.26 1.34 1.36 1.36 1.36 1.36 1.43 1.43 1.43 1.43 1.47 1.47 1.47 1.47 1.39 1.39 1.39 1.39 1.41 1.41 1.41 1.41 1.39 1.39 1.39 1.39 1.32 1.32 1.32 1.32 1.31 1.31 1.31 1.31 1.30 1.30 1.30 1.30 1.30 1.30 1.30 1.30 1.33 1.33 1.33 1.33 1.35 1.35 1.35 1.35 1.41 1.41 1.41 1.41 1.49 1.49 1.49 1.49 1.54 1.54 1.54 1.54 1.51 1.51 1.51 1.51 1.50 1.50 1.50 1.50 1.52 1.52 1.52 1.52 1.55 1.55 1.55 1.55 1.52 1.52 1.52 1.52
1.07 1.07 1.07 1.34 1.36 1.36 1.36 1.36 1.43 1.43 1.43 1.43 1.47 1.47 1.47 1.47 1.39 1.39 1.39 1.39 1.41 1.41 1.41 1.41 1.39 1.39 1.39 1.39 1.32 1.32 1.32 1.32 1.31 1.31 1.31 1.31 1.30 1.30 1.30 1.30 1.30 1.30 1.30 1.30 1.33 1.33 1.33 1.33 1.35 1.35 1.35 1.35 1.41 1.41 1.41 1.41 1.49 1.49 1.49 1.49 1.54 1.54 1.54 1.54 1.51 1.51 1.51 1.51 1.50 1.50 1.50 1.50 1.52 1.52 1.52 1.52 1.55 1.55 1.55 1.55 1.52 1.52 1.52 1.52
1.34 1.34 1.34 1.34 1.36 1.36 1.36 1.36 1.43 1.43 1.43 1.43 1.47 1.47 1.47 1.47 1.39 1.39 1.39 1.39 1.41 1.41 1.41 1.41 1.39 1.39 1.39 1.39 1.32 1.32 1.32 1.32 1.31 1.31 1.31 1.31 1.30 1.30 1.30 1.30 1.30 1.30 1.30 1.30 1.33 1.33 1.33 1.33 1.35 1.35 1.35 1.35 1.41 1.41 1.41 1.41 1.49 1.49 1.49 1.49 1.54 1.54 1.54 1.54 1.51 1.51 1.51 1.51 1.50 1.50 1.50 1.20 1.52 1.52 1.52 1.52 1.55 1.55 1.55 1.55 1.52 1.52 1.52 1.52
1.36 1.36 1.36 1.36 1.34 1.34 1.34 1.34 1.37 1.37 1.37 1.37 1.47 1.47 1.47 1.47 1.51 1.51 1.51 1.51 1.51 1.51 1.51 1.51 1.43 1.43 1.43 1.43 1.39 1.39 1.39 1.39 1.40 1.40 1.40 1.40 1.36 1.36 1.36 1.36 1.33 1.33 1.33 1.33 1.39 1.39 1.39 1.39 1.43 1.43 1.43 1.43 1.50 1.50 1.50 1.50 1.53 1.53 1.53 1.53 1.52 1.52 1.52 1.52 1.50 1.50 1.50 1.50 1.54 1.54 1.54 1.54 1.55 1.55 1.55 1.55 1.56 1.56 1.56 1.56 1.56 1.56 1.56 1.56
1.36 1.36 1.36 1.36 1.34 1.34 1.34 1.34 1.37 1.37 1.37 1.37 1.47 1.47 1.47 1.47 1.51 1.51 1.51 1.51 1.51 1.51 1.51 1.51 1.43 1.43 1.43 1.43 1.39 1.39 1.39 1.39 1.40 1.40 1.40 1.40 1.36 1.36 1.36 1.36 1.33 1.33 1.33 1.33 1.39 1.39 1.39 1.39 1.43 1.43 1.43 1.43 1.50 1.50 1.50 1.50 1.53 1.53 1.53 1.53 1.52 1.52 1.52 1.52 1.50 1.50 1.50 1.50 1.54 1.54 1.54 1.54 1.55 1.55 1.55 1.55 1.56 1.56 1.56 1.56 1.56 1.56 1.56 1.56
1.39 1.39 1.39 1.39 1.37 1.37 1.37 1.37 1.39 1.39 1.39 1.39 1.49 1.49 1.49 1.49 1.53 1.53 1.53 1.53 1.54 1.54 1.54 1.54 1.46 1.46 1.46 1.46 1.40 1.40 1.40 1.40 1.42 1.42 1.42 1.42 1.37 1.37 1.37 1.37 1.34 1.34 1.34 1.34 1.40 1.40 1.40 1.40 1.44 1.44 1.44 1.44 1.51 1.51 1.51 1.51 1.54 1.54 1.54 1.54 1.52 1.52 1.52 1.52 1.50 1.50 1.50 1.50 1.54 1.54 1.54 1.54 1.55 1.55 1.55 1.55 1.56 1.56 1.24 1.56 1.56 1.56 1.56 1.56
1.39 1.39 1.39 1.39 1.37 1.37 1.37 1.37 1.39 1.39 1.39 1.39 1.49 1.49 1.49 1.49 1.53 1.53 1.53 1.53 1.54 1.54 1.54 1.54 1.46 1.46 1.46 1.46 1.40 1.40 1.40 1.40 1.42 1.42 1.42 1.42 1.37 1.37 1.37 1.37 1.34 1.34 1.34 1.34 1.40 1.40 1.40 1.40 1.44 1.44 1.44 1.44 1.51 1.51 1.51 1.51 1.54 1.54 1.54 1.54 1.52 1.52 1.52 1.52 1.50 1.50 1.50 1.50 1.54 1.54 1.54 1.54 1.55 1.55 1.55 1.55 1.56 1.56 1.56 1.56 1.56 1.56 1.56 1.56
