New_Model_Runs/12_Future_RCP4.5_Scn2_out/post_prcessed_with_MFR/Monthly_summaries/interception_monthly_OCT.asc
NCOLS 700
NROWS 400
XLLCENTER 515000.000000
YLLCENTER 8409000.000000
CELLSIZE 50.000000
NODATA_value -999.000000
[rows 152 to 189 of 400, columns 336 to 419 of 700]
0.00 1.44 1.50 1.50 1.57 1.50 1.40 1.40 1.46 1.69 1.62 1.62 1.87 1.87 1.87 1.87 1.93 1.93 1.93 1.93 1.69 1.69 1.69 1.69 1.49 1.49 0.00 0.00 0.00 0.00 0.00 0.00 0.00 0.00 0.00 0.00 0.00 0.00 1.61 1.32 1.40 1.25 1.40 0.00 0.00 0.00 0.00 0.00 0.00 0.00 0.00 0.00 0.00 0.00 0.00 0.00 0.00 0.00 0.00 0.00 0.00 0.00 0.00 0.00 0.00 0.00 0.00 0.00 0.00 0.00 0.00 0.00 0.00 0.00 0.00 0.00 0.00 0.00 0.00 0.00 0.00 0.00 0.00 0.00
0.00 0.84 1.50 1.37 1.40 0.00 1.40 1.57 1.46 1.69 1.69 1.62 1.87 1.87 1.87 1.87 1.93 1.93 1.93 1.93 1.69 1.69 1.69 1.69 1.49 1.49 1.49 1.49 0.00 0.00 0.00 0.00 0.00 0.00 0.00 0.00 0.00 0.00 1.03 1.32 1.40 1.25 0.00 0.00 0.00 0.00 0.00 0.00 0.00 0.00 0.00 0.00 0.00 0.00 0.00 0.00 0.00 0.00 0.00 0.00 0.00 0.00 0.00 0.00 0.00 0.00 0.00 0.00 0.00 0.00 0.00 0.00 0.00 0.00 0.00 0.00 0.00 0.00 0.00 0.00 0.00 0.00 0.00 0.00
0.84 0.00 0.00 0.00 0.00 1.50 1.57 1.57 1.69 1.69 1.69 1.62 1.87 1.87 1.87 1.87 1.93 1.93 1.93 1.93 1.69 1.69 1.69 1.69 1.49 1.49 1.49 1.49 1.45 0.00 0.00 0.00 0.00 0.00 0.00 0.00 0.00 0.00 1.03 1.19 1.40 1.25 0.00 0.00 0.00 0.00 0.00 0.00 0.00 0.00 0.00 0.00 0.00 0.00 0.00 0.00 0.00 0.00 0.00 0.00 0.00 0.00 0.00 0.00 0.00 0.00 0.00 0.00 0.00 0.00 0.00 0.00 0.00 0.00 0.00 0.00 0.00 0.00 0.00 0.00 0.00 0.00 0.00 0.00
1.50 0.00 0.00 0.00 1.40 1.40 1.40 1.57 1.69 1.69 1.69 1.69 1.87 1.87 1.87 1.87 1.93 1.93 1.93 1.93 1.69 1.69 1.69 1.69 1.49 1.49 1.49 1.49 1.38 0.00 0.00 0.00 0.00 0.00 0.00 0.00 0.00 1.19 1.19 1.32 1.25 0.00 0.00 0.00 0.00 0.00 0.00 0.00 0.00 0.00 0.00 0.00 0.00 0.00 0.00 0.00 0.00 0.00 0.00 0.00 0.00 0.00 0.00 0.00 0.00 0.00 0.00 0.00 0.00 0.00 0.00 0.00 0.00 0.00 0.00 0.00 0.00 0.00 0.00 0.00 0.00 0.00 0.00 0.00
1.56 0.00 0.00 1.40 1.60 1.60 1.60 1.60 1.71 1.71 1.71 1.71 1.99 1.92 1.92 1.92 1.91 1.91 1.91 1.91 1.70 1.70 1.70 1.70 1.63 1.63 1.63 1.63 0.94 1.15 0.00 0.00 0.00 0.00 0.00 0.00 1.09 1.44 1.44 1.44 0.00 0.00 0.00 0.00 0.00 0.00 0.00 0.00 0.00 0.00 0.00 0.00 0.00 0.00 0.00 0.00 0.00 0.00 0.00 0.00 0.00 0.00 0.00 0.00 0.00 0.00 0.00 0.00 0.00 0.00 0.00 0.00 0.00 0.00 0.00 0.00 0.00 0.00 0.00 0.00 0.00 0.00 0.00 0.00
1.40 0.00 1.56 1.40 1.60 1.60 1.60 1.60 1.71 1.71 1.71 1.71 1.99 1.99 1.92 1.92 1.91 1.91 1.91 1.91 1.70 1.70 1.70 1.70 1.63 1.63 1.21 0.97 0.94 1.15 0.00 0.00 0.00 0.00 0.99 0.99 1.44 1.44 1.44 1.44 1.18 0.00 0.00 0.00 0.00 0.00 0.00 0.00 0.00 0.00 0.00 0.00 0.00 0.00 0.00 0.00 0.00 0.00 0.00 0.00 0.00 0.00 0.00 0.00 0.00 0.00 0.00 0.00 0.00 0.00 0.00 0.00 0.00 0.00 0.00 0.00 0.00 0.00 0.00 0.00 0.00 0.00 0.00 0.00
1.56 1.40 1.56 1.56 1.60 1.60 1.60 1.41 1.47 1.71 1.71 1.71 1.99 1.99 1.92 1.92 1.91 1.91 1.91 1.91 1.70 1.70 1.70 1.28 1.21 1.21 1.21 1.21 1.15 1.15 1.06 1.06 1.14 1.14 1.25 1.14 1.44 1.44 1.44 1.44 1.30 1.30 0.00 0.00 0.00 0.00 0.00 0.00 0.00 0.00 0.00 0.00 0.00 0.00 0.00 0.00 0.00 0.00 0.00 0.00 0.00 0.00 0.00 0.00 0.00 0.00 0.00 0.00 0.00 0.00 0.00 0.00 0.00 0.00 0.00 0.00 0.00 0.00 0.00 0.00 0.00 0.00 0.00 0.00
1.56 1.56 1.40 1.56 1.60 1.60 1.41 1.41 1.47 1.71 1.71 1.71 1.99 1.99 1.99 1.92 1.91 1.91 1.91 1.91 1.70 1.28 1.28 1.28 1.21 1.21 1.21 1.21 1.15 1.15 0.94 1.15 1.25 1.25 1.25 1.25 1.44 1.44 1.44 1.44 1.30 1.18 0.00 0.00 0.00 0.00 0.00 0.00 0.00 0.00 0.00 0.00 0.00 0.00 0.00 0.00 0.00 0.00 0.00 0.00 0.00 0.00 0.00 0.00 0.00 0.00 0.00 0.00 0.00 0.00 0.00 0.00 0.00 0.00 0.00 0.00 0.00 0.00 0.00 0.00 0.00 0.00 0.00 0.00
1.65 1.65 1.44 1.65 1.64 1.64 1.44 1.44 1.76 1.76 1.76 1.76 2.04 2.04 2.04 2.04 1.97 1.97 1.55 1.55 1.43 1.43 1.43 1.43 1.39 1.39 1.39 1.39 1.39 1.39 1.39 1.39 1.44 1.44 1.44 1.44 1.41 1.41 1.41 1.41 1.28 1.28 0.00 0.00 0.00 0.00 0.00 0.00 1.21 0.00 0.00 0.00 0.00 0.00 0.00 0.00 0.00 0.00 0.00 0.00 0.00 0.00 0.00 0.00 0.00 0.00 0.00 0.00 0.00 0.00 0.00 0.00 0.00 0.00 0.00 0.00 0.00 0.00 0.00 0.00 0.00 0.00 0.00 0.00
1.65 1.44 1.44 1.65 1.64 1.64 1.44 1.44 1.50 1.76 1.76 0.00 2.04 2.04 2.04 2.04 1.55 1.55 1.55 1.55 1.43 1.43 1.43 1.43 1.39 1.39 1.39 1.39 1.39 1.39 1.39 1.39 1.44 1.44 1.44 1.44 1.41 1.41 1.41 1.41 1.00 1.00 0.00 0.00 0.00 1.19 1.19 1.19 0.00 0.00 0.00 0.00 0.00 0.00 0.00 0.00 0.00 0.00 0.00 0.00 0.00 0.00 0.00 0.00 0.00 0.00 0.00 0.00 0.00 0.00 0.00 0.00 0.00 0.00 0.00 0.00 0.00 0.00 0.00 0.00 0.00 0.00 0.00 0.00
1.73 1.73 1.73 1.73 1.72 1.72 1.72 1.72 1.55 1.86 1.86 1.86 2.19 2.19 2.19 2.19 1.67 1.67 1.67 1.67 1.53 1.53 1.53 1.53 1.49 1.49 1.49 1.49 1.49 1.49 1.49 1.49 1.47 1.47 1.47 1.47 1.43 1.43 1.43 1.43 1.30 1.30 1.30 1.17 1.20 1.34 1.34 1.34 1.35 1.21 0.00 0.00 0.00 0.00 0.00 0.00 0.00 0.66 0.66 0.00 0.00 0.00 0.00 0.00 0.00 0.00 0.00 0.00 0.00 0.00 0.00 0.00 0.00 0.00 0.00 0.00 0.00 0.00 0.00 0.00 0.00 0.00 0.00 0.00
1.73 1.73 1.73 1.73 1.72 1.72 1.72 1.72 1.86 1.86 1.86 1.86 2.19 2.19 2.19 2.19 1.67 1.67 1.67 1.67 1.53 1.53 1.53 1.53 1.49 1.49 1.49 1.49 1.49 1.49 1.49 1.49 1.47 1.47 1.47 1.47 1.43 1.43 1.43 1.43 1.30 1.30 1.30 1.30 1.34 1.34 1.34 1.34 1.35 1.35 1.35 0.00 1.03 0.00 0.00 0.00 0.66 1.40 1.40 1.40 0.00 0.00 0.00 0.00 0.00 0.00 0.00 0.00 0.00 0.00 0.00 0.00 0.00 0.00 0.00 0.00 0.00 0.00 0.00 0.00 0.00 0.00 0.00 0.00
1.83 1.83 1.83 1.83 1.98 1.98 1.98 1.98 2.21 2.21 2.21 2.21 2.36 2.36 2.36 1.86 1.57 1.57 1.57 1.57 1.47 1.47 1.47 1.47 1.49 1.49 1.49 1.49 1.54 1.54 1.54 1.54 1.43 1.43 1.43 1.43 1.40 1.40 1.40 1.40 1.42 1.42 1.42 1.42 1.46 1.46 1.46 1.46 1.36 1.36 1.22 0.00 0.00 0.00 0.00 0.65 1.52 1.52 1.52 1.52 0.67 1.54 0.67 0.00 0.00 0.00 0.00 0.00 0.00 0.00 0.00 0.00 0.00 0.00 0.00 0.00 0.00 0.00 0.00 0.00 0.00 0.00 0.00 0.00
1.83 1.83 1.83 1.83 1.98 1.98 1.98 1.98 2.21 2.21 2.21 2.21 2.36 2.36 2.36 1.86 1.57 1.57 1.57 1.57 1.47 1.47 1.47 1.47 1.49 1.49 1.49 1.49 1.54 1.54 1.54 1.54 1.43 1.43 1.43 1.43 1.40 1.40 1.40 1.40 1.42 1.42 1.42 1.42 1.46 1.46 1.46 1.46 1.36 1.22 0.00 0.00 0.00 0.00 0.00 1.38 1.52 1.52 1.52 1.52 1.54 1.54 1.54 1.54 0.00 0.00 0.00 0.00 0.00 0.00 0.00 0.00 0.00 0.00 0.00 0.00 0.00 0.00 0.00 0.00 0.00 0.00 0.00 0.00
1.83 1.83 1.83 1.83 1.98 1.98 1.98 1.98 2.21 2.21 2.21 2.21 2.36 2.36 2.36 1.86 1.57 1.57 1.57 1.57 1.47 1.47 1.47 1.47 1.49 1.49 1.49 1.49 1.54 1.54 1.54 1.54 1.43 1.43 1.43 1.43 1.40 1.40 1.40 1.40 1.42 1.42 1.42 1.42 1.46 1.46 1.46 1.46 1.36 1.05 0.00 0.00 0.00 0.00 0.00 1.23 1.52 1.52 1.52 1.52 1.54 1.54 1.54 1.54 0.00 0.00 0.00 0.00 0.00 0.00 0.00 0.00 0.00 0.00 0.00 0.00 0.00 0.00 0.00 0.00 0.00 0.00 0.00 0.00
1.83 1.83 1.83 1.83 1.98 1.98 1.98 1.98 2.21 2.21 2.21 2.21 2.36 2.36 1.86 1.86 1.57 1.57 1.57 1.57 1.47 1.47 1.47 1.47 1.49 1.49 1.49 1.49 1.54 1.54 1.54 1.54 1.43 1.43 1.43 1.43 1.40 1.40 1.40 1.40 1.42 1.42 1.42 1.42 1.46 1.46 1.46 1.46 1.22 1.22 1.05 1.05 1.23 1.23 1.23 1.23 1.52 1.52 1.52 1.35 1.14 1.54 1.36 1.54 0.00 0.00 0.00 0.00 0.00 0.00 0.00 0.00 0.00 0.00 0.00 0.00 0.00 0.00 0.00 0.00 0.00 0.00 0.00 0.00
1.99 1.99 1.99 1.99 2.28 2.28 2.28 2.28 2.25 2.25 2.25 2.25 1.99 1.99 1.49 1.49 1.31 1.31 1.31 1.31 1.32 1.32 1.32 1.32 1.32 1.32 1.32 1.32 1.30 1.30 1.30 1.30 1.22 1.22 1.22 1.22 1.24 1.24 1.24 1.24 0.66 1.19 1.03 1.32 1.38 1.38 1.38 1.38 1.40 1.26 1.40 1.40 1.45 1.45 1.45 1.45 1.52 1.52 1.52 0.00 1.12 0.66 0.00 0.00 0.00 0.00 0.00 0.00 0.00 0.00 0.00 0.00 0.00 0.00 0.00 0.00 0.00 0.00 0.00 0.00 0.00 0.00 0.00 0.00
1.99 1.99 1.99 1.99 2.28 2.28 2.28 2.28 2.25 2.25 2.25 2.25 1.99 1.99 1.49 1.49 1.31 1.31 1.31 1.31 1.32 1.32 1.32 1.32 1.32 1.32 1.32 1.32 1.30 1.30 1.30 1.30 1.22 1.22 1.22 1.22 1.24 1.24 1.24 1.24 1.03 1.32 1.03 1.32 1.38 1.38 1.38 1.38 1.40 1.40 1.40 1.40 1.45 1.45 1.45 1.29 1.35 1.35 1.35 1.35 0.00 0.00 0.00 0.00 0.00 0.00 0.00 0.00 0.00 0.00 0.00 0.00 0.00 0.00 0.00 0.00 0.00 0.00 0.00 0.00 0.00 0.00 0.00 0.00
1.99 1.99 1.99 1.99 2.28 2.28 2.28 2.28 2.25 2.25 2.25 2.25 1.99 1.49 1.49 1.49 1.31 1.31 1.31 1.31 1.32 1.32 1.32 1.32 1.32 1.32 1.32 0.68 1.02 1.30 1.30 1.30 1.22 1.22 1.22 1.22 1.24 1.24 1.24 1.24 1.03 1.03 1.32 1.32 1.38 1.38 1.38 1.38 1.40 1.40 1.40 1.40 1.45 1.29 1.29 1.29 1.35 1.52 1.52 0.00 0.00 0.00 0.00 0.00 0.00 0.00 0.00 0.00 0.00 0.00 0.00 0.00 0.00 0.00 0.00 0.00 0.00 0.00 0.00 0.00 0.00 0.00 0.00 0.00
1.99 1.99 1.99 1.99 2.28 2.28 2.28 2.28 2.25 2.25 2.25 2.25 1.99 1.49 1.49 1.49 1.31 1.31 1.31 1.31 1.32 1.32 1.32 1.32 1.32 1.32 1.32 0.68 0.68 1.30 1.30 1.30 1.22 1.22 1.22 1.22 1.24 1.24 1.12 1.24 1.32 1.03 1.32 1.32 1.23 1.23 1.38 1.38 1.40 1.40 1.40 1.40 1.45 0.00 0.00 0.00 0.00 0.00 0.00 0.00 0.00 0.00 0.00 0.00 0.00 0.00 0.00 0.00 0.00 0.00 0.00 0.00 0.00 0.00 0.00 0.00 0.00 0.00 0.00 0.00 0.00 0.00 0.00 0.00
2.18 2.18 2.18 2.18 2.13 2.13 2.13 2.13 1.90 1.90 1.90 1.90 1.92 1.41 1.41 1.41 1.46 1.46 1.46 1.46 1.36 1.36 1.36 1.36 1.25 1.25 1.25 0.67 0.67 1.17 1.17 1.17 1.08 1.08 1.08 1.08 1.10 1.10 1.02 1.02 1.17 1.17 1.17 1.17 1.15 1.00 1.27 1.27 1.32 1.03 1.19 1.32 1.21 0.00 0.00 0.00 0.00 0.00 0.00 0.00 0.00 0.00 0.00 0.00 0.00 0.00 0.00 0.00 0.00 0.00 0.00 0.00 0.00 0.00 0.00 0.00 0.00 0.00 0.00 0.00 0.00 0.00 0.00 0.00
2.18 2.18 2.18 2.18 2.13 2.13 2.13 2.13 1.90 1.90 1.90 1.90 1.92 1.41 1.41 1.41 1.46 1.46 1.46 1.46 1.36 1.36 1.36 1.36 1.25 1.25 1.25 0.67 0.67 0.67 1.17 1.17 1.08 0.91 1.08 1.08 1.10 1.10 1.10 0.92 0.95 1.17 1.17 1.17 1.27 1.27 1.27 1.27 1.19 0.00 0.00 0.00 0.65 0.00 0.00 0.00 0.00 0.00 0.00 0.00 0.00 0.00 0.00 0.00 0.00 0.00 0.00 0.00 0.00 0.00 0.00 0.00 0.00 0.00 0.00 0.00 0.00 0.00 0.00 0.00 0.00 0.00 0.00 0.00
2.18 2.18 2.18 2.18 2.13 2.13 2.13 2.13 1.90 1.90 1.90 1.90 1.41 1.41 1.41 1.41 1.46 1.46 1.46 1.46 1.36 1.36 1.36 1.36 1.25 1.25 1.25 1.25 1.17 1.17 1.17 1.17 1.08 1.08 1.08 1.08 1.10 1.10 1.02 0.00 0.00 1.08 1.08 1.17 0.65 0.65 1.27 1.27 1.19 0.00 0.00 0.00 0.00 0.00 0.00 0.00 0.00 0.00 0.00 0.00 0.00 0.00 0.00 0.00 0.00 0.00 0.00 0.00 0.00 0.00 0.00 0.00 0.00 0.00 0.00 0.00 0.00 0.00 0.00 0.00 0.00 0.00 0.00 0.00
2.18 2.18 2.18 2.18 2.13 2.13 2.13 2.13 1.90 1.90 1.90 1.90 1.41 1.41 1.41 1.41 1.46 1.46 1.46 1.46 1.36 1.36 1.36 1.36 1.25 1.25 1.25 1.25 1.17 1.17 1.17 1.07 0.00 0.64 1.08 1.08 0.64 0.64 0.00 0.00 0.00 0.00 0.64 1.17 0.65 0.00 0.65 1.27 1.32 1.32 0.00 0.00 0.00 0.00 0.00 0.00 0.00 0.00 0.00 0.00 0.00 0.00 0.00 0.00 0.00 0.00 0.00 0.00 0.00 0.00 0.00 0.00 0.00 0.00 0.00 0.00 0.00 0.00 0.00 0.00 0.00 0.00 0.00 0.00
1.98 1.98 0.00 0.00 1.88 1.88 1.88 1.88 1.97 1.97 1.97 1.97 1.72 1.72 1.72 1.72 1.63 1.63 1.63 1.63 1.44 1.44 1.44 1.44 1.33 1.33 1.33 1.33 1.20 1.20 1.20 1.20 0.63 0.00 0.00 1.05 0.00 0.00 0.00 0.00 0.00 0.00 0.00 0.64 0.00 0.00 0.00 0.65 0.00 0.00 0.00 0.00 0.00 0.00 0.00 0.00 0.00 0.00 0.00 0.00 0.00 0.00 0.00 0.00 0.00 0.00 0.00 0.00 0.00 0.00 0.00 0.00 0.00 0.00 0.00 0.00 0.00 0.00 0.00 0.00 0.00 0.00 0.00 0.00
1.98 1.98 1.98 0.00 0.00 1.88 1.88 1.88 1.97 1.97 1.97 1.46 1.72 1.72 1.72 1.72 1.63 1.63 1.63 1.63 1.44 1.44 1.44 1.44 1.33 1.33 1.33 1.33 1.20 1.20 1.20 1.20 1.05 1.05 0.63 0.00 0.00 0.00 0.00 0.00 0.00 0.00 0.00 0.00 0.00 0.00 0.00 0.00 0.00 0.00 0.00 0.00 0.00 0.00 0.00 0.00 0.00 0.00 0.00 0.00 0.00 0.00 0.00 0.00 0.00 0.00 0.00 0.00 0.00 0.00 0.00 0.00 0.00 0.00 0.00 0.00 0.00 0.00 0.00 0.00 0.00 0.00 0.00 0.00
2.03 2.03 2.03 2.03 1.92 1.92 0.00 0.00 1.64 2.02 2.02 1.51 1.77 1.77 1.77 1.77 1.70 1.70 1.70 1.70 1.50 1.50 1.50 1.50 1.38 1.38 1.38 1.38 1.24 1.24 1.24 1.24 1.06 1.06 1.06 1.06 0.92 1.11 1.11 0.92 0.65 0.00 0.00 0.00 0.00 0.00 0.00 0.00 0.00 0.00 0.00 0.00 0.00 0.00 0.00 0.00 0.00 0.00 0.00 0.00 0.00 0.00 0.00 0.00 0.00 0.00 0.00 0.00 0.00 0.00 0.00 0.00 0.00 0.00 0.00 0.00 0.00 0.00 0.00 0.00 0.00 0.00 0.00 0.00
2.03 2.03 2.03 0.00 0.00 0.00 0.00 0.00 0.00 0.00 2.02 1.51 1.77 1.77 1.77 1.77 1.70 1.70 1.70 1.70 1.50 1.50 1.50 1.50 1.38 1.38 1.38 1.38 1.24 1.24 1.24 1.24 1.06 1.06 1.06 1.06 1.11 1.11 1.11 1.11 1.19 1.19 0.65 0.00 0.00 0.00 0.00 0.00 0.00 0.00 0.00 0.00 0.00 0.00 0.00 0.00 0.00 0.00 0.00 0.00 0.00 0.00 0.00 0.00 0.00 0.00 0.00 0.00 0.00 0.00 0.00 0.00 0.00 0.00 0.00 0.00 0.00 0.00 0.00 0.00 0.00 0.00 0.00 0.00
2.05 0.00 0.00 0.00 0.00 0.00 0.00 0.00 0.00 0.00 0.00 2.00 0.00 1.91 1.91 1.91 1.56 1.56 1.56 1.56 1.49 1.49 1.49 1.49 1.43 1.43 1.43 1.43 1.31 1.31 1.31 1.31 1.20 1.20 1.20 1.20 1.28 1.28 1.28 1.28 1.34 1.34 1.34 1.20 0.00 0.00 0.00 0.00 0.00 0.00 0.00 0.00 0.00 0.00 0.00 0.00 0.00 0.00 0.00 0.00 0.00 0.00 0.00 0.00 0.00 0.00 0.00 0.00 0.00 0.00 0.00 0.00 0.00 0.00 0.00 0.00 0.00 0.00 0.00 0.00 0.00 0.00 0.00 0.00
0.00 0.00 0.00 0.00 0.00 0.00 0.00 0.00 0.00 0.00 0.00 0.00 0.00 1.91 1.91 1.91 1.56 1.56 1.56 1.56 1.49 1.49 1.49 1.49 1.43 1.43 1.43 1.43 1.31 1.31 1.31 1.31 0.96 1.20 1.20 1.20 1.28 1.28 1.28 1.28 1.34 1.34 1.34 1.34 1.20 1.20 1.20 1.20 1.27 0.00 0.00 0.00 0.00 0.00 0.00 0.00 0.00 0.00 0.00 0.00 0.00 0.00 0.00 0.00 0.00 0.00 0.00 0.00 0.00 0.00 0.00 0.00 0.00 0.00 0.00 0.00 0.00 0.00 0.00 0.00 0.00 0.00 0.00 0.00
0.00 0.00 0.00 0.00 0.00 0.00 0.00 0.00 0.00 0.00 0.00 2.00 1.91 1.91 1.91 1.91 1.56 1.56 1.56 1.56 1.49 1.49 1.49 1.49 1.43 1.43 1.43 1.43 1.31 1.31 1.31 1.31 0.96 1.20 1.20 1.20 1.28 1.28 1.01 1.28 1.34 1.34 1.34 1.34 1.33 1.33 1.33 1.33 1.15 0.00 0.00 0.00 0.00 0.00 0.00 0.00 0.00 0.00 0.00 0.00 0.00 0.00 0.00 0.00 0.00 0.00 0.00 0.00 0.00 0.00 0.00 0.00 0.00 0.00 0.00 0.00 0.00 0.00 0.00 0.00 0.00 0.00 0.00 0.00
0.00 0.00 0.00 0.00 0.00 0.00 0.00 0.00 0.00 0.00 0.00 2.00 1.91 1.91 1.91 1.91 1.56 1.56 1.56 1.56 1.49 1.49 1.49 1.49 1.43 1.43 1.43 1.43 1.31 1.31 1.31 1.31 1.20 1.20 1.20 1.20 1.28 1.28 1.28 1.28 1.34 1.34 1.34 1.34 1.33 1.33 1.33 1.33 1.27 1.15 0.00 0.00 0.00 0.00 0.00 0.00 0.00 0.00 0.00 0.00 0.00 0.00 0.00 0.00 0.00 0.00 0.00 0.00 0.00 0.00 0.00 0.00 0.00 0.00 0.00 0.00 0.00 0.00 0.00 0.00 0.00 0.00 0.00 0.00
0.00 0.00 0.00 0.00 0.00 0.00 0.00 0.00 0.00 0.00 1.95 1.95 1.70 1.70 1.70 1.70 1.47 1.47 1.47 1.47 1.47 1.47 1.47 1.47 1.42 1.42 1.42 1.42 1.43 1.43 1.43 1.43 1.36 1.36 1.36 1.36 1.43 1.43 1.43 1.43 1.48 1.48 1.48 1.48 1.48 1.48 1.48 1.48 1.38 1.23 1.23 0.00 0.00 0.66 0.66 0.66 0.00 0.00 0.00 0.00 0.00 0.00 0.00 0.00 0.00 0.00 0.00 0.00 0.00 0.00 0.00 0.00 0.00 0.00 0.00 0.00 0.00 0.00 0.00 0.00 0.00 0.00 0.00 0.00
0.00 0.00 0.00 0.00 0.00 0.00 0.00 0.00 2.46 1.95 1.95 1.95 1.70 1.70 1.70 1.70 1.47 1.47 1.47 1.47 1.47 1.47 1.47 1.47 1.42 1.42 1.42 1.42 1.43 1.43 1.43 1.43 1.36 1.36 1.36 1.36 1.43 1.43 1.43 1.43 1.48 1.48 1.48 1.48 1.48 1.48 1.48 1.48 1.38 1.38 1.38 1.23 0.00 1.48 1.48 1.48 1.65 0.68 0.00 0.00 0.00 0.00 0.00 0.00 0.00 0.00 0.00 0.00 0.00 0.00 0.00 0.00 0.00 0.00 0.00 0.00 0.00 0.00 0.00 0.00 0.00 0.00 0.00 0.00
0.00 0.00 0.00 0.00 0.00 0.00 0.00 2.52 2.46 1.95 1.95 1.95 1.70 1.70 1.70 1.70 1.47 1.47 1.47 1.47 1.47 1.47 1.47 1.47 1.42 1.42 1.42 1.42 1.43 1.43 1.43 1.43 1.36 1.36 1.36 1.36 1.43 1.43 1.43 1.43 1.48 1.48 1.48 1.48 1.48 1.48 1.48 1.48 1.38 1.38 1.38 1.38 1.11 1.32 1.48 1.48 1.65 1.65 1.65 1.65 0.00 0.00 0.00 0.00 0.00 0.00 0.00 0.00 0.00 0.00 0.00 0.00 0.00 0.00 0.00 0.00 0.00 0.00 0.00 0.00 0.00 0.00 0.00 0.00
0.00 0.00 0.00 0.00 0.00 0.00 0.00 2.52 1.95 1.95 1.95 1.95 1.70 1.70 1.70 1.70 1.47 1.47 1.47 1.47 1.47 1.47 1.47 1.47 1.42 1.42 1.42 1.42 1.43 1.43 1.43 1.43 1.36 1.36 1.36 1.36 1.43 1.43 1.43 1.43 1.48 1.48 1.48 1.48 1.48 1.48 1.48 1.48 1.38 1.38 1.38 1.38 1.48 1.48 1.48 1.48 1.65 1.65 1.65 1.65 1.73 0.00 0.00 0.00 0.00 0.00 0.00 0.00 0.00 0.00 0.00 0.00 0.00 0.00 0.00 0.00 0.00 0.00 0.00 0.00 0.00 0.00 0.00 0.00
0.00 0.00 0.00 0.00 0.00 0.00 0.00 2.43 1.71 1.71 1.71 1.71 1.58 1.58 0.00 1.58 1.50 1.50 1.50 1.50 1.49 1.49 1.49 1.49 1.45 1.45 1.45 1.45 1.44 1.44 1.44 1.44 1.36 1.36 1.36 1.36 1.40 1.40 1.40 1.40 1.43 1.43 1.43 1.43 1.49 1.49 1.49 1.49 1.53 1.53 1.53 1.53 1.59 1.59 1.59 1.59 1.61 1.61 1.61 0.00 0.00 0.00 0.00 0.00 0.00 0.00 0.00 0.00 0.00 0.00 0.00 0.00 0.00 0.00 0.00 0.00 0.00 0.00 0.00 0.00 0.00 0.00 0.00 0.00
0.00 0.00 0.00 0.00 0.00 0.00 0.00 0.00 1.71 1.71 1.71 1.71 1.58 1.58 1.58 1.58 1.50 1.50 1.50 1.50 1.49 1.49 1.49 1.49 1.45 1.45 1.45 1.45 1.44 1.44 1.44 1.44 1.36 1.36 1.36 1.36 1.40 1.40 1.40 1.40 1.43 1.43 1.43 1.43 1.49 1.49 1.49 1.49 1.53 1.53 1.53 1.53 1.59 1.59 1.59 1.59 1.61 1.61 1.18 0.00 0.00 0.00 0.00 0.00 0.00 0.00 0.00 0.00 0.00 0.00 0.00 0.00 0.00 0.00 0.00 0.00 0.00 0.00 0.00 0.00 0.00 0.00 0.00 0.00
