New_Model_Runs/12_Future_RCP4.5_Scn2_out/post_prcessed_with_MFR/Monthly_summaries/interception_monthly_OCT.asc
NCOLS 700
NROWS 400
XLLCENTER 515000.000000
YLLCENTER 8409000.000000
CELLSIZE 50.000000
NODATA_value -999.000000
[rows 152 to 189 of 400, columns 252 to 335 of 700]
0.00 0.00 0.00 0.00 0.00 0.00 0.00 0.00 0.00 0.00 0.00 0.00 0.00 0.00 0.00 0.00 0.00 0.00 0.00 0.00 0.00 0.00 0.00 0.00 0.00 0.00 0.00 0.00 0.00 0.00 0.00 0.00 0.00 0.00 0.00 0.00 0.00 0.00 0.00 0.00 0.00 0.00 0.00 0.00 0.00 0.00 0.00 1.51 1.60 1.60 1.60 1.60 1.71 1.71 1.71 1.71 1.77 1.77 1.77 1.77 1.74 1.74 1.74 1.74 1.60 1.60 1.60 1.60 1.44 1.44 1.44 1.44 1.34 1.34 1.17 0.00 0.70 1.32 1.32 0.00 0.00 0.00 0.00 0.00
0.00 0.00 0.00 0.00 0.00 0.00 0.00 0.00 0.00 0.00 0.00 0.00 0.00 0.00 0.00 0.00 0.00 0.00 0.00 0.00 0.00 0.00 0.00 0.00 0.00 0.00 0.00 0.00 0.00 0.00 0.00 0.00 0.00 0.00 0.00 0.00 0.00 0.00 0.00 0.00 0.00 0.00 0.00 0.00 0.00 0.00 1.51 1.51 1.60 1.60 1.60 1.60 1.71 1.71 1.71 1.71 1.77 1.77 1.77 1.77 1.74 1.74 1.74 1.74 1.60 1.60 1.60 1.60 1.44 1.44 1.44 1.44 1.17 1.17 0.00 0.00 0.70 1.32 1.32 0.00 0.00 0.00 0.00 0.00
0.00 0.00 0.00 0.00 0.00 0.00 0.00 0.00 0.00 0.00 0.00 0.00 0.00 0.00 0.00 0.00 0.00 0.00 0.00 0.00 0.00 0.00 0.00 0.00 0.00 0.00 0.00 0.00 0.00 0.00 0.00 0.00 0.00 0.00 0.00 0.00 0.00 0.00 0.00 0.00 0.00 0.00 0.00 0.00 0.00 1.51 1.51 1.51 1.60 1.60 1.60 1.60 1.71 1.71 1.71 1.71 1.77 1.77 1.77 1.77 1.74 1.74 1.74 1.74 1.60 1.60 1.60 1.60 1.44 1.44 1.44 1.36 1.17 0.00 0.00 0.00 0.00 0.00 0.00 0.00 1.16 0.70 0.00 1.28
0.00 0.00 0.00 0.00 0.00 0.00 0.00 0.00 0.00 0.00 0.00 0.00 0.00 0.00 0.00 0.00 0.00 0.00 0.00 0.00 0.00 0.00 0.00 0.00 0.00 0.00 0.00 0.00 0.00 0.00 0.00 0.00 0.00 0.00 0.00 0.00 0.00 0.00 0.00 0.00 0.00 0.00 0.00 0.00 0.00 1.51 1.51 1.51 1.60 1.60 1.60 1.60 1.71 1.71 1.71 1.71 1.77 1.77 1.77 1.77 1.74 1.74 1.74 1.74 1.60 1.60 1.60 1.60 1.44 1.44 1.44 1.44 1.17 1.17 0.00 0.00 0.00 1.32 0.00 1.27 1.33 1.33 1.16 1.16
0.00 0.00 0.00 0.00 0.00 0.00 0.00 0.00 0.00 0.00 0.00 0.00 0.00 0.00 0.00 0.00 0.00 0.00 0.00 0.00 0.00 0.00 0.00 0.00 0.00 0.00 0.00 0.00 0.00 0.00 0.00 0.00 0.00 0.00 0.00 0.00 0.00 0.00 0.00 0.00 0.00 0.00 0.00 0.00 0.00 1.54 1.54 1.54 1.55 1.55 1.55 1.55 1.60 1.60 1.60 1.60 1.62 1.62 1.62 1.62 1.62 1.62 1.62 1.62 1.59 1.59 1.59 1.59 1.44 1.44 1.44 1.44 1.33 1.33 1.33 0.00 1.34 1.34 1.34 1.29 1.37 1.19 1.19 1.37
0.00 0.00 0.00 0.00 0.00 0.00 0.00 0.00 0.00 0.00 0.00 0.00 0.00 0.00 0.00 0.00 0.00 0.00 0.00 0.00 0.00 0.00 0.00 0.00 0.00 0.00 0.00 0.00 0.00 0.00 0.00 0.00 0.00 0.00 0.00 0.00 0.00 0.00 0.00 0.00 0.00 0.00 0.00 0.00 1.25 1.54 1.54 1.54 1.55 1.55 1.55 1.55 1.60 1.60 1.60 1.60 1.62 1.62 1.62 1.62 1.62 1.62 1.62 1.62 1.59 1.59 1.59 1.59 1.44 1.44 1.44 1.22 1.33 1.33 1.33 0.00 1.17 1.34 1.17 1.34 1.19 1.19 1.37 1.37
0.00 0.00 0.00 0.00 0.00 0.00 0.00 0.00 0.00 0.00 0.00 0.00 0.00 0.00 0.00 0.00 0.00 0.00 0.00 0.00 0.00 0.00 0.00 0.00 0.00 0.00 0.00 0.00 0.00 0.00 0.00 0.00 0.00 0.00 0.00 0.00 0.00 0.00 0.00 0.00 0.00 0.00 0.00 0.00 1.54 1.54 1.54 1.54 1.55 1.55 1.55 1.55 1.60 1.60 1.60 1.60 1.62 1.62 1.62 1.62 1.62 1.62 1.62 1.62 1.59 1.59 1.59 1.59 1.44 1.44 1.44 1.22 1.28 1.33 1.33 0.00 1.34 1.34 1.34 1.34 1.37 1.37 1.37 1.37
0.00 0.00 0.00 0.00 0.00 0.00 0.00 0.00 0.00 0.00 0.00 0.00 0.00 0.00 0.00 0.00 0.00 0.00 0.00 0.00 0.00 0.00 0.00 0.00 0.00 0.00 1.59 1.59 0.00 0.00 0.00 0.00 0.00 0.00 0.00 0.00 0.00 0.00 0.00 0.00 0.00 0.00 0.00 0.00 0.00 0.00 1.54 1.54 1.55 1.55 1.55 1.55 1.60 1.60 1.60 1.60 1.62 1.62 1.62 1.62 1.62 1.62 1.62 1.62 1.59 1.59 1.59 1.59 1.44 1.44 1.44 1.37 0.00 0.00 0.00 0.00 0.00 1.17 1.17 1.34 1.37 1.37 1.37 1.37
0.00 0.00 0.00 0.00 0.00 0.00 0.00 0.00 0.00 0.00 0.00 0.00 0.00 0.00 0.00 0.00 0.00 0.00 0.00 0.00 0.00 0.00 0.00 0.00 0.00 1.57 1.57 1.57 1.59 0.00 0.00 0.00 0.00 0.00 0.00 0.00 0.00 0.00 0.00 0.00 0.00 0.00 0.00 0.00 0.00 0.00 0.00 0.00 1.42 1.42 1.42 1.42 1.45 1.45 1.45 1.45 1.47 1.47 1.47 1.47 1.54 1.54 1.54 1.54 1.59 1.59 1.59 1.59 1.48 1.48 1.24 1.24 0.00 0.00 0.00 0.00 0.00 1.30 1.36 1.36 1.42 1.42 1.42 1.42
0.00 0.00 0.00 0.00 0.00 0.00 0.00 0.00 0.00 0.00 0.00 0.00 0.00 0.00 0.00 0.00 0.00 0.00 0.00 0.00 0.00 0.00 0.00 0.00 0.00 1.57 1.57 1.57 1.59 1.59 1.59 0.00 0.00 0.00 0.00 0.00 0.00 0.00 0.00 0.00 0.00 0.00 0.00 0.00 0.00 0.00 0.00 0.00 0.00 0.00 0.67 1.42 1.45 1.45 1.45 1.45 1.47 1.47 1.47 1.47 1.54 1.54 1.54 1.54 1.59 1.59 1.59 1.59 1.48 1.40 0.00 0.00 0.00 0.00 0.00 0.70 1.30 0.00 1.30 1.36 1.42 1.42 1.42 1.42
0.00 0.00 0.00 0.00 0.00 0.00 0.00 0.00 0.00 0.00 0.00 0.00 0.00 0.00 0.00 0.00 0.00 0.00 0.00 0.00 0.00 0.00 0.00 0.00 0.00 1.63 1.63 1.63 1.66 1.66 1.66 0.00 0.00 0.00 0.00 0.00 0.00 0.00 0.00 0.00 0.00 0.00 0.00 0.00 0.00 0.00 0.00 0.00 0.00 0.00 0.72 1.46 1.48 1.48 1.48 1.48 1.51 1.51 1.51 1.51 1.58 1.58 1.58 1.58 1.64 1.64 1.64 1.64 1.46 1.46 0.00 0.00 0.00 0.00 1.35 1.22 0.00 0.00 1.35 1.38 1.45 1.45 1.45 1.45
0.00 0.00 0.00 0.00 0.00 0.00 0.00 0.00 0.00 0.00 0.00 0.00 0.00 0.00 0.00 0.00 0.00 0.00 0.00 0.00 0.00 0.00 0.00 0.00 1.63 1.63 1.63 1.63 1.66 1.66 1.66 1.66 1.64 0.00 1.64 1.64 0.00 0.00 0.00 0.00 0.00 0.00 0.00 0.00 0.00 0.00 0.00 0.00 0.00 0.00 0.72 1.46 1.48 1.48 1.48 1.48 1.51 1.51 1.51 1.51 1.58 1.58 1.58 1.58 1.64 1.64 1.64 1.64 1.53 1.46 0.00 0.00 0.00 0.00 1.22 1.38 0.00 0.00 1.38 1.38 1.45 1.45 1.45 1.45
0.00 0.00 0.00 0.00 0.00 0.00 0.00 0.00 0.00 0.00 0.00 0.00 0.00 0.00 0.00 0.00 0.00 0.00 0.00 0.00 0.00 0.00 0.00 1.55 1.70 1.70 1.70 1.70 1.75 1.75 1.75 1.37 1.65 1.65 1.65 1.65 1.54 0.00 0.00 0.00 0.00 0.00 0.00 0.00 0.00 0.00 0.00 0.00 0.00 0.00 0.00 0.00 1.38 0.72 1.34 1.20 1.38 1.38 1.38 1.38 1.48 1.48 1.48 1.48 1.63 1.63 1.32 1.63 1.60 1.60 0.00 0.00 0.00 0.00 1.45 1.45 1.40 1.40 1.23 1.40 1.25 1.45 1.45 1.45
0.00 0.00 0.00 0.00 0.00 0.00 0.00 0.00 0.00 0.00 0.00 0.00 0.00 0.00 0.00 0.00 0.00 0.00 0.00 0.00 1.55 1.55 1.55 1.55 1.70 1.70 1.70 1.70 1.75 1.75 1.75 1.75 0.00 1.32 0.00 1.65 1.54 1.54 1.54 0.00 0.00 0.00 0.00 0.00 0.00 0.00 0.00 0.00 0.00 0.00 0.00 0.00 0.00 0.00 0.00 1.38 1.38 1.34 1.38 1.38 1.48 1.48 1.48 1.48 1.63 1.63 1.63 1.63 1.60 1.60 1.60 1.32 0.00 0.00 0.00 0.77 1.23 1.40 1.40 1.40 1.39 1.45 1.45 1.45
0.00 0.00 0.00 0.00 0.00 0.00 0.00 0.00 0.00 0.00 0.00 0.00 0.00 0.00 0.00 0.00 0.00 1.47 0.00 0.00 1.55 1.55 1.55 1.55 1.70 1.70 1.70 1.70 1.75 1.75 1.75 1.75 1.65 1.32 1.65 1.65 1.54 1.28 1.28 0.00 1.25 0.00 0.00 0.00 0.00 0.00 0.00 0.00 0.00 0.00 0.00 0.00 0.00 0.00 0.00 0.00 0.00 0.00 1.38 1.38 1.48 1.25 1.48 1.48 1.63 1.63 1.63 1.63 1.60 1.60 1.60 1.60 1.25 0.00 0.00 1.45 1.40 1.40 1.40 1.40 1.45 1.45 1.45 1.45
0.00 0.00 0.00 0.00 0.00 0.00 0.00 0.00 0.00 0.00 0.00 0.00 0.00 0.00 0.00 0.00 1.47 1.47 1.47 1.47 1.55 1.55 1.55 1.55 1.70 1.70 1.70 1.70 1.75 1.75 1.75 1.75 1.65 1.65 1.65 1.65 1.54 1.54 1.54 1.28 1.49 0.00 0.00 0.00 0.00 0.00 0.00 0.00 0.00 0.00 0.00 0.00 0.00 0.00 0.00 0.00 0.00 0.00 1.20 1.38 1.48 1.48 1.48 1.48 1.63 1.63 1.63 1.63 1.60 1.60 1.60 1.60 1.25 0.00 0.00 1.45 1.40 1.40 1.40 1.40 1.45 1.45 1.45 1.45
0.00 0.00 0.00 0.00 0.00 0.00 0.00 0.00 0.00 0.00 0.00 0.00 0.00 0.00 1.47 0.00 1.50 1.50 1.50 1.50 1.64 1.64 1.64 1.64 1.81 1.81 1.81 1.81 1.75 1.75 1.75 1.75 1.57 1.57 1.57 1.57 1.44 1.44 1.44 1.44 1.37 0.00 0.00 0.00 0.00 0.00 0.00 0.00 0.00 0.00 0.71 0.71 0.00 0.00 0.00 0.00 0.00 0.00 1.34 1.34 1.41 1.41 1.41 1.41 1.59 1.59 1.59 1.59 1.67 1.67 1.67 1.67 1.31 1.31 1.31 1.57 1.47 1.47 1.47 1.47 1.46 1.46 1.46 1.46
0.00 0.00 0.00 0.00 0.00 0.00 0.00 0.00 0.00 0.00 0.00 0.00 0.00 1.47 1.47 1.47 1.50 1.50 1.50 1.50 1.64 1.64 1.64 1.64 1.81 1.81 1.81 1.81 1.75 1.75 1.75 1.75 1.57 1.57 1.57 1.57 0.72 1.44 1.44 1.44 0.00 0.00 0.00 0.00 0.00 0.00 0.00 0.00 0.00 0.71 1.36 1.36 1.19 0.00 0.00 0.00 0.00 0.00 1.31 1.34 1.22 1.22 1.41 1.41 1.59 1.59 1.59 1.59 1.67 1.67 1.67 1.67 1.57 1.57 1.31 1.57 1.47 1.47 1.47 1.47 1.46 1.46 1.46 1.46
0.00 0.00 0.00 0.00 0.00 0.00 0.00 0.00 0.00 0.00 0.00 0.00 1.47 1.47 1.47 1.47 1.50 1.50 1.50 1.50 1.64 1.64 1.64 1.64 1.81 1.81 1.81 1.81 1.75 1.75 1.75 1.75 1.57 1.57 1.57 1.57 0.72 1.23 1.44 0.72 0.00 0.00 0.00 0.00 0.00 0.00 0.00 0.00 0.71 1.36 1.36 1.36 1.19 0.00 0.00 0.00 1.31 0.00 0.00 0.00 1.22 1.41 1.41 1.41 1.59 1.59 1.59 1.59 1.67 1.67 1.67 1.67 1.57 1.57 1.57 1.57 1.47 1.47 1.47 1.47 1.46 1.46 1.46 1.46
0.00 0.00 0.00 0.00 0.00 0.00 0.00 0.00 0.00 0.00 0.00 0.00 1.47 1.47 1.47 1.47 1.50 1.50 1.50 1.50 1.64 1.64 1.64 1.64 1.81 1.81 1.81 1.81 1.75 1.75 1.75 1.75 1.57 1.57 0.70 1.57 1.44 1.23 0.00 0.72 0.00 0.00 0.00 0.00 0.00 0.00 0.00 0.00 1.36 1.36 1.36 1.36 1.36 1.19 0.00 0.00 0.00 0.00 0.00 0.00 0.00 1.22 1.41 1.41 1.59 1.59 1.59 1.59 1.67 1.67 1.67 1.67 1.57 1.57 1.57 1.57 1.47 1.47 1.47 1.47 1.46 1.46 1.46 1.46
0.00 0.00 0.00 0.00 0.00 0.00 0.00 0.00 0.00 0.00 1.43 1.43 1.49 1.49 1.49 1.49 1.59 1.59 1.59 1.59 1.79 1.79 1.79 1.79 1.81 1.81 1.81 1.81 1.57 1.57 1.57 1.57 1.43 1.43 1.43 1.43 1.35 1.18 1.18 0.71 0.71 0.00 0.00 0.00 0.00 0.00 0.00 0.00 0.71 1.35 1.35 1.35 1.40 1.40 1.21 0.00 0.00 0.00 1.38 1.20 1.21 1.21 1.39 1.39 1.53 1.53 1.53 1.53 1.72 1.72 1.72 1.72 1.71 1.71 1.71 1.71 1.58 1.58 1.58 1.58 1.60 1.60 1.60 1.60
0.00 0.00 0.00 0.00 0.00 0.00 0.00 0.00 0.00 0.00 1.35 1.35 1.49 1.49 1.49 1.49 1.59 1.59 1.59 1.59 1.79 1.79 1.79 1.79 1.81 1.81 1.81 1.81 1.57 1.57 1.57 1.57 1.43 1.43 1.43 1.43 1.35 1.35 1.18 1.18 0.00 0.00 0.00 0.00 0.00 0.00 0.00 1.16 1.35 1.35 1.35 1.35 1.40 1.40 1.40 1.35 1.20 1.20 1.38 1.38 1.39 1.21 1.39 1.39 1.53 1.53 1.53 1.53 1.72 1.72 1.72 1.72 1.71 1.71 1.71 1.71 1.58 1.58 1.58 1.58 1.60 1.60 1.60 1.60
0.00 0.00 0.00 0.00 0.00 0.00 0.00 0.00 0.00 0.00 0.00 1.35 1.42 1.49 1.49 1.49 1.59 1.59 1.59 1.59 1.79 1.79 1.79 1.79 1.81 1.81 1.81 1.81 1.57 1.57 1.57 1.57 1.43 1.43 1.43 1.43 1.35 1.35 1.35 0.71 0.00 0.00 0.00 0.00 0.00 0.00 0.00 0.00 1.32 1.32 0.00 1.32 1.40 1.40 1.40 1.40 1.20 1.20 1.20 1.38 1.39 1.39 1.39 1.39 1.53 1.53 1.53 1.53 1.72 1.72 1.72 1.72 1.71 1.71 1.71 1.71 1.58 1.58 1.58 1.58 1.60 1.60 1.60 1.60
0.00 0.00 0.00 0.00 0.00 0.00 0.00 0.00 0.00 0.00 0.00 1.35 1.42 1.42 1.42 1.49 1.59 1.59 1.59 1.59 1.79 1.79 1.79 1.79 1.81 1.81 1.81 1.81 1.57 1.57 1.57 1.57 1.43 1.43 1.43 1.43 1.35 1.35 1.35 1.32 0.00 0.00 0.00 0.00 0.00 0.00 0.00 1.16 1.35 1.18 0.00 1.18 1.40 1.40 1.40 1.40 1.38 1.20 1.20 1.20 1.39 1.39 1.39 1.39 1.53 1.53 1.53 1.53 1.72 1.72 1.72 1.72 1.71 1.71 1.71 1.71 1.58 1.58 1.58 1.58 1.60 1.60 1.60 1.60
0.00 0.00 0.00 0.00 0.00 0.00 0.00 0.00 0.00 0.00 0.00 0.00 1.42 1.42 1.42 1.42 1.66 1.66 1.66 1.66 1.82 1.82 1.82 1.82 1.66 1.66 1.66 1.66 1.43 1.43 1.43 1.43 1.34 1.34 0.70 1.34 1.30 1.30 1.30 1.28 0.00 0.00 0.00 0.00 0.00 0.00 0.00 1.17 1.35 1.18 1.18 1.35 1.43 1.43 1.43 1.43 1.47 1.47 1.47 1.47 1.24 1.46 1.46 1.46 1.57 1.57 1.57 1.57 1.79 1.79 1.79 1.79 1.79 1.79 1.79 1.79 1.65 1.65 1.65 1.65 1.64 1.64 1.64 1.64
0.00 0.00 0.00 0.00 0.00 0.00 0.00 0.00 0.00 0.00 0.00 1.36 1.42 1.42 1.42 1.42 1.59 1.66 1.66 1.66 1.82 1.82 1.82 1.82 1.66 1.66 1.66 1.66 1.43 1.43 1.43 1.43 1.34 1.34 0.70 1.34 0.00 1.30 1.28 0.00 0.00 0.00 0.00 0.00 0.00 0.00 1.29 1.32 1.35 1.35 1.35 1.35 1.43 1.43 1.43 1.43 1.47 1.47 1.47 1.47 1.46 1.46 1.46 1.46 1.57 1.57 1.57 1.57 1.79 1.79 1.79 1.79 1.79 1.79 1.79 1.79 1.65 1.65 1.65 1.65 1.64 1.64 1.64 1.64
0.00 0.00 0.00 0.00 1.37 0.00 0.00 0.00 0.00 0.00 1.40 1.40 1.47 1.47 1.47 1.47 1.67 1.67 1.67 1.74 1.90 1.90 1.90 1.90 1.72 1.72 1.72 1.72 1.46 1.46 1.46 1.46 1.37 1.37 1.37 1.20 1.32 1.32 1.29 1.29 0.00 0.00 0.00 0.00 0.00 1.31 1.33 1.33 1.37 1.37 1.37 1.37 1.46 1.46 1.46 1.46 1.50 1.50 1.50 1.50 1.49 1.49 1.49 1.49 1.61 1.61 1.61 1.61 1.83 1.83 1.83 1.83 1.83 0.00 1.83 1.83 1.68 1.68 1.68 1.68 1.67 1.67 1.67 1.67
0.00 0.00 0.00 1.40 1.37 1.37 0.00 0.00 0.00 1.40 1.40 1.40 1.47 1.47 1.47 1.47 1.67 1.67 1.67 1.67 1.90 1.90 1.90 1.90 1.72 1.72 1.72 1.72 1.46 1.46 1.46 1.46 1.37 1.37 1.37 1.37 1.32 1.32 1.18 1.32 0.00 0.00 0.00 0.00 0.00 0.00 1.33 1.33 1.37 1.37 1.37 1.37 1.46 1.46 1.46 1.46 1.50 1.50 1.50 1.50 1.49 1.49 1.49 1.49 1.61 1.61 1.61 1.61 1.83 1.83 1.83 1.83 1.83 0.00 1.83 1.83 1.68 1.68 1.68 1.68 1.67 1.67 1.67 1.67
1.40 1.40 1.40 1.40 1.38 1.38 1.38 1.38 1.36 1.36 1.11 1.36 1.43 1.43 1.43 1.43 1.59 1.59 1.59 1.59 1.73 1.73 1.80 1.80 1.66 1.66 1.66 1.66 1.45 1.45 1.45 1.45 1.34 1.34 1.34 1.34 1.29 1.27 1.27 1.17 0.00 0.00 0.00 0.00 0.00 0.00 1.32 1.32 1.40 1.40 1.40 1.40 1.55 1.55 1.55 1.55 1.72 1.72 1.72 1.72 1.80 1.80 1.80 1.80 1.86 1.86 1.86 1.86 1.90 1.90 0.00 1.90 1.79 1.79 1.79 1.79 1.74 1.74 1.74 1.74 1.69 1.69 1.69 1.69
1.40 1.40 1.40 1.40 1.38 1.38 1.38 1.38 1.36 1.36 1.36 1.36 1.43 1.43 1.43 1.43 1.59 1.59 1.59 1.59 1.73 1.73 1.73 1.80 1.66 1.66 1.66 1.66 1.45 1.45 1.45 1.45 1.34 1.34 1.34 1.34 1.17 0.00 0.00 0.00 0.00 0.00 0.00 0.00 0.00 0.00 1.32 1.32 1.40 1.40 1.40 1.40 1.55 1.55 1.55 1.55 1.72 1.72 1.72 1.72 1.80 1.80 1.80 1.80 1.86 1.86 1.86 1.86 1.90 1.90 1.90 1.90 1.79 0.00 1.79 1.79 1.74 1.74 1.74 1.74 1.69 1.69 1.69 0.00
1.40 1.40 1.40 1.40 1.38 1.38 1.38 1.38 1.36 1.36 1.36 1.36 1.43 1.43 1.43 1.43 1.59 1.59 1.59 1.59 1.73 1.73 1.73 1.73 1.59 1.66 1.66 1.66 1.45 1.45 1.45 1.45 1.34 1.34 1.34 1.34 1.27 1.17 1.27 0.00 0.00 1.27 1.27 1.17 0.00 0.00 1.18 1.32 1.40 1.40 1.40 1.40 1.55 1.55 1.55 1.55 1.72 1.72 1.72 1.72 1.80 1.80 1.80 1.80 1.86 1.86 1.86 1.86 1.90 1.90 1.90 1.90 1.79 1.79 1.79 1.79 1.74 1.74 1.74 1.74 1.69 1.69 0.00 0.00
1.40 1.40 1.40 1.40 1.38 1.38 1.38 1.38 1.36 1.36 1.36 1.36 1.43 1.43 1.43 1.43 1.59 1.59 1.59 1.59 1.73 1.73 1.73 1.73 1.59 1.59 1.66 1.66 1.45 1.45 1.45 1.45 1.34 1.34 1.34 1.34 1.29 1.29 1.29 0.00 0.76 1.29 1.29 1.17 0.00 0.00 1.18 1.32 1.40 1.40 1.40 1.40 1.55 1.55 1.55 1.55 1.72 1.72 1.72 1.72 1.80 1.80 1.80 1.80 1.86 1.86 1.86 1.86 1.90 1.90 1.90 1.90 1.79 1.79 1.79 1.79 1.74 1.74 0.00 1.74 1.69 1.69 0.00 0.00
1.43 1.43 1.43 1.43 1.42 1.42 1.42 1.42 1.40 1.40 1.40 1.40 1.42 1.42 1.42 1.42 1.52 1.52 1.52 1.52 1.65 1.65 1.65 1.65 1.65 1.65 1.65 1.65 1.50 1.50 1.50 1.50 1.35 1.35 1.35 1.35 1.31 1.31 0.76 0.00 0.76 1.29 1.29 1.17 0.00 0.00 1.30 1.33 1.51 1.51 1.51 1.51 1.80 1.80 1.80 1.80 1.96 1.96 1.96 1.96 1.93 1.93 1.93 1.93 1.87 1.87 1.87 1.87 1.74 1.74 1.74 1.74 1.66 1.66 1.66 1.66 1.73 1.73 1.73 1.73 0.00 0.00 0.00 0.00
1.43 1.43 1.43 1.43 1.42 1.42 1.42 1.42 1.40 1.40 1.40 1.40 1.42 1.42 1.42 1.42 1.52 1.52 1.52 1.52 1.65 1.65 1.65 1.65 1.65 1.65 1.65 1.65 1.42 1.50 1.50 1.50 1.35 1.35 1.35 1.35 1.31 1.31 1.31 0.00 1.17 1.29 1.29 1.17 0.00 1.19 1.19 1.33 1.51 1.51 1.51 1.51 1.80 1.80 1.80 1.80 1.96 1.96 1.96 1.96 1.93 1.93 1.93 1.93 1.87 1.87 1.87 1.87 1.74 1.74 1.74 1.74 1.66 1.66 1.66 1.66 1.73 1.73 1.73 1.73 0.00 0.00 0.00 0.00
1.43 1.43 1.43 1.43 1.42 1.42 1.42 1.42 1.40 1.40 1.40 1.40 1.42 1.42 1.42 1.42 1.52 1.52 1.52 1.52 1.65 1.65 1.65 1.65 1.65 1.65 1.65 1.65 1.42 1.42 1.50 1.50 1.35 1.35 1.35 1.35 1.31 1.31 1.31 1.18 1.17 1.27 1.29 1.17 1.33 1.33 1.33 1.33 1.51 1.51 1.51 1.51 1.80 1.80 1.80 1.80 1.96 1.96 1.96 1.96 1.93 1.93 1.93 1.93 1.87 1.87 1.87 1.87 1.74 1.74 1.74 1.74 1.66 1.66 1.66 1.66 1.73 1.73 1.73 1.73 0.00 0.00 0.00 0.00
1.43 1.43 1.43 1.43 1.42 1.42 1.42 1.42 1.40 1.40 1.40 1.40 1.42 1.42 1.42 1.42 1.52 1.52 1.52 1.52 1.65 1.65 1.65 1.65 1.65 1.65 1.65 1.65 1.42 1.42 1.42 1.42 1.35 1.35 1.35 1.35 1.31 1.31 1.31 1.18 1.27 1.17 1.29 1.29 1.33 1.33 1.33 1.33 1.51 1.51 1.51 1.51 1.80 1.80 1.80 1.80 1.96 1.96 1.96 1.96 1.93 1.93 1.93 1.93 1.87 1.87 1.87 1.87 1.74 1.74 1.74 1.74 1.66 1.66 1.66 1.66 1.73 1.73 1.73 1.73 0.00 0.00 0.00 0.00
1.50 1.50 1.50 1.50 1.47 1.47 1.47 1.47 1.51 1.51 1.51 1.51 1.60 1.60 1.60 1.60 1.67 1.67 1.67 1.67 1.71 1.71 1.71 1.71 1.67 1.67 1.67 1.67 1.52 1.52 1.52 1.52 1.39 1.47 1.47 1.47 1.41 1.41 1.41 1.41 1.38 1.38 1.38 1.38 1.49 1.49 1.49 1.49 1.76 1.76 1.76 1.76 1.97 1.97 0.00 1.97 1.89 1.89 1.89 1.89 1.75 1.75 1.75 1.75 1.66 1.66 1.66 1.66 1.60 1.60 1.60 1.60 1.61 1.61 1.61 1.61 1.66 1.66 1.66 1.66 0.00 0.00 0.00 0.00
1.50 1.50 1.50 1.50 1.47 1.47 1.47 1.47 1.51 1.51 1.51 1.51 1.60 1.60 1.60 1.60 1.67 1.67 1.67 1.67 1.71 1.71 1.71 1.71 1.67 1.67 1.67 1.67 1.52 1.52 1.52 1.52 1.39 1.39 1.39 1.47 1.41 1.41 1.41 1.41 1.38 1.38 1.38 1.38 1.49 1.49 1.49 1.49 1.76 1.76 1.76 1.76 1.97 1.97 1.97 1.97 1.89 1.89 1.89 1.89 1.75 1.75 1.75 1.75 1.66 1.66 1.66 1.66 1.60 1.60 1.60 1.60 1.61 1.61 1.61 1.61 1.66 1.66 1.66 1.66 1.74 0.00 0.00 0.00
