New_Model_Runs/12_Future_RCP4.5_Scn2_out/post_prcessed_with_MFR/Monthly_summaries/net_infiltration_monthly_JAN.asc
NCOLS 700
NROWS 400
XLLCENTER 515000.000000
YLLCENTER 8409000.000000
CELLSIZE 50.000000
NODATA_value -999.000000
[rows 296 to 332 of 400, columns 166 to 248 of 700]
10.91 10.11 7.37 10.75 13.59 9.66 9.35 10.58 10.58 10.58 10.79 10.79 10.64 9.43 9.58 10.64 10.68 10.28 10.58 11.19 11.19 8.73 3.89 13.17 12.72 8.94 10.27 10.57 11.74 9.97 10.91 9.99 9.99 8.62 13.92 10.44 10.12 10.12 9.99 10.14 9.13 10.14 9.79 9.64 10.67 10.83 4.17 4.17 4.17 4.17 12.20 11.41 11.41 11.41 11.92 11.45 12.19 11.92 11.06 11.75 11.06 11.06 12.49 10.98 9.25 9.25 9.23 9.25 9.39 8.43 9.25 8.90 9.05 9.37 8.56 8.61 12.21 8.59 8.63 8.45 8.45 10.07 8.85
9.81 10.26 6.77 13.77 14.47 9.84 9.99 10.58 10.58 10.58 10.64 10.79 11.88 11.72 11.88 10.79 9.58 9.09 10.62 10.15 10.58 11.62 9.69 10.45 10.52 14.10 12.71 8.62 8.93 10.42 11.57 9.13 10.14 9.99 12.71 10.57 10.12 9.99 10.14 10.14 9.97 11.24 9.49 9.63 9.48 9.48 9.48 4.17 4.17 9.48 9.47 11.41 11.41 11.41 11.45 11.45 12.16 11.45 11.06 11.06 11.06 8.85 12.49 2.00 9.25 9.25 9.25 9.25 9.40 9.39 8.28 9.21 9.96 9.39 8.61 8.76 12.39 8.61 8.61 9.77 8.45 9.92 8.75
9.66 14.39 14.66 9.66 9.84 13.32 11.84 10.71 10.73 10.58 10.64 10.94 10.94 10.64 10.79 10.79 7.00 10.43 8.94 10.58 10.28 10.28 10.28 10.88 10.58 9.09 9.08 12.56 8.93 11.58 11.42 9.38 8.93 10.29 13.01 12.56 10.44 10.29 9.44 8.93 10.27 10.12 9.48 9.48 9.48 9.48 9.48 10.62 10.82 10.20 9.08 11.41 11.41 11.41 11.45 11.45 11.64 11.45 11.06 11.06 11.08 10.17 13.43 7.96 9.25 9.25 9.55 9.55 9.25 9.25 9.23 9.25 9.25 9.25 8.61 8.91 11.52 8.76 8.76 1.84 2.32 9.92 10.07
13.44 14.66 10.88 11.03 9.99 6.46 14.51 10.58 10.73 10.88 10.94 10.79 10.94 9.73 9.73 10.94 9.58 9.24 9.39 9.09 10.58 10.58 10.43 10.28 10.28 10.28 10.42 9.08 12.25 9.68 9.29 2.59 8.93 3.05 3.80 6.22 14.79 10.14 10.14 8.78 9.08 10.14 9.48 9.48 9.49 9.48 9.48 9.49 9.49 9.48 9.44 9.23 11.44 11.41 11.45 11.45 11.45 11.45 6.29 12.26 9.34 10.00 12.82 8.28 9.25 9.55 8.42 8.27 9.40 9.25 9.25 9.40 9.40 9.25 12.24 7.75 11.53 7.45 7.60 7.89 2.29 9.92 13.54
14.81 10.88 10.73 10.73 10.88 2.99 14.36 14.20 14.36 13.28 14.87 10.94 10.64 10.94 10.94 10.83 9.73 9.39 9.09 9.09 9.24 11.04 9.24 10.28 10.28 10.28 9.97 10.42 8.93 3.19 13.22 13.77 12.56 12.86 13.01 6.22 12.40 14.87 10.42 10.12 10.12 9.99 9.48 9.48 9.48 9.48 9.48 9.48 9.49 9.48 9.48 9.49 10.35 9.11 9.08 11.41 11.41 11.41 9.99 9.23 10.26 8.83 12.82 9.25 9.40 9.70 9.40 9.25 9.25 9.25 8.11 9.55 9.40 9.25 12.39 11.82 11.67 7.89 7.45 8.35 2.75 5.77 5.95
13.28 10.73 10.58 10.58 10.58 8.09 13.32 13.13 9.99 10.73 10.94 10.79 10.68 10.79 10.68 10.68 10.47 10.47 10.92 9.39 9.54 13.15 10.62 10.32 10.47 9.61 10.12 9.97 10.27 9.23 9.53 13.37 10.20 8.93 10.12 10.27 8.93 12.71 5.92 10.27 10.89 10.89 9.49 9.49 8.29 9.63 9.48 9.48 9.49 9.49 9.48 11.03 9.64 9.48 9.49 9.44 11.41 11.41 9.18 9.23 9.23 9.25 11.59 9.23 9.25 9.55 9.85 9.55 9.25 9.25 10.40 9.40 9.40 8.58 2.44 2.14 11.22 8.04 11.67 11.23 10.21 1.84 7.45
13.28 13.13 10.73 10.58 10.73 10.58 9.69 6.01 9.69 10.58 10.64 10.79 11.28 9.88 2.71 10.79 10.28 10.58 9.84 11.07 11.07 10.58 11.20 10.32 10.32 10.58 10.12 10.12 9.08 10.42 10.12 13.75 10.12 10.12 10.27 8.93 10.27 10.42 9.08 12.76 6.25 11.43 9.49 9.48 9.64 9.48 9.48 9.48 8.63 8.29 5.63 9.64 9.63 11.12 11.62 9.44 11.41 9.44 9.25 9.23 9.25 9.25 11.59 9.23 9.25 9.40 9.70 9.40 9.25 9.40 9.40 9.40 9.40 9.40 9.07 2.29 11.37 11.52 11.23 7.27 5.82 2.49 2.79
9.81 6.62 10.73 10.73 10.88 9.66 7.94 2.91 13.13 10.73 10.64 10.79 9.73 10.34 11.40 10.83 10.32 10.28 10.73 10.73 11.75 10.43 9.72 10.06 10.06 10.06 10.12 8.93 10.42 10.42 13.75 9.97 10.12 9.99 10.12 10.12 9.97 9.99 10.12 10.59 13.06 5.92 11.77 11.77 9.49 9.64 9.64 9.49 9.64 9.79 9.48 9.64 9.64 9.26 9.08 9.44 9.23 9.44 9.23 9.23 9.25 8.28 11.59 9.23 9.25 9.23 9.25 9.25 9.23 9.25 9.25 9.70 9.70 9.25 8.71 11.23 11.37 8.04 8.91 7.16 8.11 8.41 9.06
9.50 10.88 14.20 9.66 10.73 9.66 9.66 9.69 12.98 9.50 10.79 10.64 10.83 11.09 10.79 10.68 10.32 10.28 10.32 10.47 9.09 10.28 9.88 9.88 9.73 10.21 10.27 10.27 10.42 8.93 12.25 10.12 10.12 9.83 9.83 9.99 9.99 9.99 10.12 8.93 9.08 8.93 10.53 14.26 13.11 13.27 11.92 11.92 9.78 8.29 9.78 10.08 8.59 9.78 9.54 9.09 9.59 8.29 7.96 8.43 8.11 11.74 8.11 9.23 9.23 9.39 9.40 9.25 9.25 9.25 9.40 8.42 8.27 11.59 12.18 7.30 8.56 12.33 1.99 7.16 7.16 8.11 8.41
10.73 10.88 13.13 14.54 10.88 9.69 9.99 9.84 9.69 13.32 9.92 10.68 10.64 10.94 10.83 10.32 10.28 10.28 10.32 9.46 9.39 10.43 11.46 9.88 11.41 10.43 10.27 9.81 9.96 12.40 8.78 10.27 9.79 9.50 9.50 9.50 9.83 9.50 9.83 9.81 11.32 11.41 10.78 10.38 10.63 10.52 9.95 12.22 12.37 12.22 6.11 12.22 11.92 11.92 13.27 14.11 12.10 12.10 11.91 12.06 12.05 12.20 11.59 8.28 9.25 9.40 9.40 9.25 9.25 9.25 9.40 8.11 11.74 13.03 8.61 8.61 8.61 8.56 5.47 7.16 8.11 8.26 8.41
9.77 9.77 10.07 14.17 11.02 9.77 9.76 9.77 2.35 5.98 8.44 9.80 9.65 9.65 9.80 10.43 9.28 10.58 10.18 9.30 8.11 8.26 9.28 9.15 9.12 9.30 9.18 9.43 9.70 11.31 9.33 9.93 10.15 8.81 8.81 9.77 9.77 8.81 8.81 8.81 8.81 10.18 9.91 9.67 10.59 9.02 9.17 8.03 8.03 9.22 9.07 9.53 8.19 7.73 11.36 5.49 11.21 11.21 1.95 7.44 9.07 3.35 2.98 11.07 12.17 12.09 9.56 8.39 8.56 7.14 6.04 10.77 10.92 8.61 8.45 8.45 8.45 8.32 8.48 8.26 8.35 8.50 8.35
9.92 10.07 8.86 8.71 12.49 3.17 9.01 11.05 9.16 2.65 12.21 8.74 9.80 9.80 9.65 9.30 9.43 9.45 9.45 9.30 9.30 9.30 9.45 9.28 9.32 9.30 9.03 7.98 7.83 12.81 10.24 8.96 8.81 8.81 8.81 8.81 8.81 8.96 8.96 8.81 8.81 8.81 10.81 7.58 8.92 8.77 8.92 8.77 8.92 9.38 9.53 9.07 9.33 7.73 7.43 7.88 6.01 7.43 1.95 7.59 9.98 9.06 6.45 7.88 7.59 11.07 10.92 12.09 12.09 10.77 7.14 7.43 12.09 12.09 12.23 10.77 7.38 7.29 7.53 8.60 7.74 7.80 7.35
9.76 9.92 9.92 9.91 13.39 9.16 10.22 9.77 10.90 2.65 6.31 8.74 9.55 9.03 9.65 9.45 9.45 9.30 9.28 9.30 9.30 9.30 9.45 9.43 9.28 9.45 9.03 9.33 9.48 12.65 8.93 8.80 8.80 8.80 9.12 9.12 9.12 8.95 8.95 8.80 8.80 9.87 9.67 7.73 7.58 8.77 8.77 8.77 8.72 9.02 9.07 9.58 8.72 7.58 2.38 5.64 11.21 7.43 8.73 8.46 8.46 8.46 8.39 8.46 8.55 8.46 9.92 8.46 8.46 8.46 8.46 8.65 8.65 7.19 7.53 8.45 12.08 10.77 10.92 11.07 10.92 10.97 10.82
9.77 9.77 9.91 8.71 8.71 12.64 10.07 9.77 8.86 8.86 2.17 12.37 9.04 9.95 9.65 9.30 9.30 11.24 9.95 9.12 9.12 9.30 7.96 9.28 9.28 9.43 8.99 9.18 11.61 7.83 9.08 8.80 8.80 8.80 9.12 9.03 8.99 9.03 9.12 8.80 8.95 10.02 8.71 8.91 9.01 8.92 8.77 8.77 8.72 8.77 8.77 8.77 8.72 9.07 2.17 12.33 8.71 8.87 8.46 8.46 8.46 8.46 8.46 8.46 8.46 7.97 8.12 8.27 9.69 8.46 8.72 7.08 7.08 7.04 8.26 8.45 8.32 9.50 8.90 7.19 7.61 7.23 11.13
9.92 9.77 10.07 8.86 8.71 12.34 8.86 9.77 9.92 8.86 11.31 15.71 9.04 9.19 9.43 9.43 9.30 9.11 8.98 8.98 8.98 9.31 9.30 9.30 9.43 8.11 9.18 12.81 7.98 9.44 9.42 8.80 9.32 8.80 9.12 9.12 9.12 9.12 9.12 9.72 9.72 8.95 8.58 8.58 9.65 8.71 8.56 8.72 9.58 8.72 8.77 8.72 8.87 9.22 12.62 8.55 8.71 8.71 8.63 8.54 8.69 8.46 8.46 8.61 8.12 7.97 7.31 8.42 9.15 7.97 7.18 7.08 7.51 7.97 7.08 9.59 8.05 8.60 7.57 6.83 6.98 6.83 9.80
8.86 10.75 8.71 10.22 9.77 8.56 12.49 9.16 10.07 8.86 9.04 2.62 6.30 8.89 9.60 9.45 9.30 9.28 9.30 9.12 8.98 9.31 10.33 11.23 8.59 12.19 13.87 9.18 9.33 9.18 9.33 9.08 8.95 8.80 8.80 9.12 9.77 9.77 8.80 9.12 8.80 8.80 8.58 8.58 9.47 8.58 8.56 8.72 8.72 8.72 8.72 8.77 8.77 12.53 12.32 8.55 8.55 8.55 8.69 8.54 8.54 6.73 7.67 8.12 7.97 7.97 7.97 8.12 8.12 7.97 7.18 7.08 7.18 7.18 6.82 6.82 6.93 8.05 7.08 6.83 6.83 6.93 8.20
9.91 9.76 10.06 9.92 9.77 9.77 6.13 9.77 9.01 8.86 9.93 7.52 5.95 12.37 9.75 10.75 9.30 9.30 9.30 9.30 9.30 11.20 9.30 8.41 12.04 9.60 9.33 9.03 9.18 9.18 9.18 9.18 8.80 8.80 9.12 8.80 8.80 8.80 8.78 8.78 8.78 8.78 9.51 10.68 8.54 8.54 8.54 8.72 8.72 8.77 8.72 8.72 8.77 12.53 8.54 9.43 9.43 8.54 6.84 8.84 6.73 7.67 3.42 10.91 8.16 2.45 2.75 7.55 7.35 9.01 7.04 7.15 7.97 7.15 6.80 6.91 7.20 6.91 8.61 10.13 7.07 8.26 8.52
9.84 9.84 9.77 9.92 8.71 12.19 9.91 10.22 9.01 10.22 8.89 8.89 8.88 12.37 8.56 9.62 9.45 9.30 9.30 9.30 10.33 9.30 9.30 13.23 12.93 9.45 10.18 9.18 8.99 9.03 9.03 9.03 8.99 8.99 9.12 8.80 8.80 8.80 8.78 8.78 9.74 10.23 9.91 9.41 9.41 8.89 8.89 8.72 8.72 8.72 8.72 8.77 8.77 12.53 8.68 9.88 10.61 8.54 6.84 8.84 6.73 7.25 2.45 2.45 2.45 2.45 2.45 7.26 6.76 7.06 7.04 7.55 7.97 7.15 6.91 8.26 8.05 6.80 6.80 7.01 7.07 8.26 8.05
9.92 9.77 8.71 9.99 12.49 8.56 9.77 9.77 9.77 9.92 9.95 9.80 10.74 6.22 12.76 9.29 9.45 9.30 9.30 10.33 9.30 9.43 9.45 13.08 9.45 9.45 9.03 9.03 8.99 8.99 8.99 8.99 8.99 8.99 8.99 8.80 8.80 9.12 9.11 9.11 9.11 9.74 8.54 8.54 8.89 8.77 8.72 8.72 8.72 8.77 8.77 8.77 8.77 12.40 8.77 10.49 5.21 8.54 6.73 6.73 6.73 7.25 7.26 2.45 2.45 2.45 2.45 9.61 8.72 7.26 7.85 7.26 7.15 7.04 6.80 7.07 8.05 7.06 7.11 6.96 6.80 6.91 8.05
9.77 9.76 11.01 12.64 10.07 9.92 9.77 9.77 9.76 9.77 10.10 10.10 9.91 5.53 11.59 9.46 9.60 9.45 9.45 9.14 7.96 9.73 8.56 11.89 9.43 9.45 9.33 9.18 8.99 8.99 8.99 8.99 8.99 8.99 8.99 9.03 9.66 9.03 9.03 8.99 8.99 8.99 8.89 8.89 8.89 8.77 8.72 8.72 8.72 8.77 8.77 9.07 8.92 12.40 8.72 8.89 8.54 8.54 6.84 6.73 6.73 6.73 6.76 6.76 6.76 6.76 6.76 6.76 8.72 2.45 7.26 6.75 8.70 8.91 8.71 6.62 7.75 8.20 8.50 7.22 7.07 6.91 8.05
9.77 10.06 12.34 8.56 10.07 9.16 10.07 9.77 9.76 9.91 8.74 12.37 12.37 11.74 12.06 11.74 8.26 10.48 8.11 9.60 9.43 8.56 6.92 9.45 10.33 8.74 9.55 9.97 8.99 8.99 8.99 8.99 8.99 8.99 9.03 9.11 10.17 9.11 8.99 8.99 8.99 9.09 9.32 8.72 8.72 8.72 8.72 8.72 8.72 8.72 8.87 7.88 11.36 8.77 8.86 8.75 8.75 8.75 8.61 6.84 6.73 6.73 6.81 6.81 6.81 6.81 6.81 6.81 6.81 6.81 6.77 7.26 2.45 9.61 8.69 6.47 6.59 7.90 7.85 7.20 7.37 7.06 8.26
9.92 12.34 12.34 9.77 10.07 8.86 10.07 9.77 9.92 8.56 12.06 8.59 9.04 8.26 9.72 12.21 9.43 8.11 8.56 9.90 9.75 8.56 13.51 9.60 9.45 9.75 8.29 9.14 8.99 8.99 9.12 8.99 9.89 8.99 9.11 8.79 8.79 8.79 8.74 9.09 8.74 8.74 8.51 9.39 8.87 8.72 8.72 10.67 8.72 8.72 9.20 9.07 12.40 8.89 8.75 8.75 8.75 8.75 8.89 6.73 8.89 8.66 6.81 6.81 6.81 6.81 6.81 6.81 6.81 6.81 6.77 6.77 8.72 7.26 9.20 8.69 6.59 7.75 9.05 9.02 8.35 8.26 8.20
12.34 12.34 10.38 10.22 9.01 9.92 9.77 10.22 9.31 12.79 9.63 9.78 9.19 2.29 9.58 8.59 11.59 8.26 8.56 9.60 9.75 13.01 9.75 9.60 9.28 9.45 9.29 9.14 9.12 9.12 9.38 9.12 9.89 11.03 9.11 9.30 8.79 8.79 8.74 8.74 8.74 9.95 8.51 5.21 5.21 9.85 8.89 8.89 10.61 10.61 9.04 5.21 14.17 9.44 8.75 8.63 8.86 9.19 6.73 6.73 6.73 6.73 6.81 6.81 6.81 6.81 6.81 6.81 6.81 6.81 6.77 6.77 6.77 6.77 7.01 6.47 6.47 6.47 7.05 8.35 8.56 8.26 8.20
12.49 10.06 10.29 10.29 2.72 8.86 8.86 9.01 12.64 8.86 9.78 9.65 9.65 9.30 9.45 8.26 11.74 8.11 9.45 9.60 6.22 12.04 8.41 9.73 9.43 9.28 8.99 9.59 8.80 8.80 8.80 10.17 8.99 8.99 9.11 8.79 8.79 8.79 8.74 9.32 9.72 5.36 5.21 5.21 5.21 8.51 8.53 9.42 10.61 10.61 8.89 12.35 5.21 9.52 9.38 8.63 6.90 9.19 6.73 6.73 6.73 6.73 8.79 8.79 6.75 6.75 6.81 6.81 6.81 6.81 6.77 6.77 6.77 8.92 8.25 8.25 6.47 8.25 6.78 8.05 8.05 8.26 8.26
9.01 9.47 9.32 9.01 8.86 8.71 12.34 12.34 10.06 9.92 9.63 9.65 9.28 9.30 9.34 9.00 9.49 11.59 10.63 8.26 6.63 8.26 9.60 9.60 9.28 9.28 9.03 9.03 8.80 8.80 9.12 9.12 9.03 8.99 9.09 8.74 8.74 9.09 9.07 8.70 9.07 8.99 8.72 8.72 9.51 8.50 9.87 10.60 10.60 10.60 5.21 11.36 9.51 9.83 9.50 9.81 6.88 6.88 8.69 8.69 8.69 6.75 8.82 8.82 8.96 8.64 8.66 6.84 6.84 6.84 6.81 6.81 6.81 8.79 6.48 6.48 6.48 6.77 6.77 6.89 6.89 8.05 8.26
2.80 3.17 9.16 3.17 12.64 13.55 9.92 9.91 9.91 9.77 9.63 8.99 8.97 9.28 9.13 9.30 9.34 11.91 11.89 11.59 11.74 9.46 9.30 9.28 10.19 10.43 9.03 9.03 8.93 9.12 8.99 8.99 9.03 9.73 8.88 8.88 8.99 8.99 8.99 9.07 10.87 8.99 5.21 8.72 9.84 9.51 3.77 3.77 3.77 3.77 5.21 8.84 9.39 8.51 8.72 8.72 8.91 6.88 8.90 6.75 8.69 6.75 8.82 8.96 9.59 8.64 8.66 8.66 6.84 6.84 6.81 6.81 6.81 6.81 6.48 6.48 7.06 6.89 8.05 8.05 7.06 6.77 6.88
13.65 10.17 10.77 14.44 14.10 10.88 10.36 10.47 2.76 10.64 6.94 9.08 8.72 8.67 8.72 3.13 8.31 7.70 11.33 8.72 11.18 8.98 8.94 8.83 8.67 8.67 8.43 9.61 9.47 8.50 8.43 8.43 8.43 8.68 8.58 8.66 8.43 8.43 8.64 5.07 5.07 9.55 8.85 8.85 9.32 5.62 4.24 5.00 9.17 5.62 10.16 5.62 13.79 10.16 9.17 8.37 6.63 6.63 8.18 6.43 6.43 6.43 6.50 6.50 8.20 8.20 8.22 8.22 8.22 6.52 6.48 6.48 6.48 6.48 6.16 6.16 6.45 6.52 7.41 7.41 7.41 6.60 6.59
14.10 13.65 14.40 14.40 10.88 10.80 3.06 10.32 10.64 7.49 9.14 9.14 8.72 9.51 8.72 8.01 11.33 11.33 8.00 8.87 12.15 8.68 8.94 8.67 8.67 9.48 8.43 8.50 9.42 8.50 8.50 9.55 8.62 8.62 8.58 8.66 8.43 8.43 9.55 5.07 5.07 11.76 9.59 8.75 8.75 8.79 9.62 10.16 5.62 10.16 10.16 10.16 13.79 9.17 9.17 9.12 6.63 6.63 8.18 8.18 6.43 6.43 8.30 6.50 8.51 8.51 8.22 8.22 8.22 6.52 8.65 6.74 6.48 6.48 6.85 7.15 6.45 6.45 6.68 7.41 7.41 7.56 6.44
10.62 13.95 14.25 4.14 11.18 10.57 11.03 11.10 12.20 9.27 8.36 9.44 9.02 8.67 9.02 8.01 11.93 8.31 8.15 7.86 12.49 9.59 8.97 8.82 8.67 8.67 8.43 8.50 8.50 8.50 9.51 8.58 8.58 8.58 8.51 8.51 8.43 9.54 9.51 9.51 8.43 8.43 9.56 8.77 8.77 8.75 8.79 8.79 8.75 8.79 9.60 9.60 12.07 8.02 9.32 8.40 8.40 6.66 6.42 8.17 6.42 6.42 6.48 6.48 8.17 8.17 8.23 8.52 8.52 8.52 6.74 6.74 6.50 6.50 6.17 6.46 6.46 6.69 6.68 6.68 6.83 6.83 6.52
6.68 6.68 13.53 13.99 10.51 9.37 9.39 11.18 10.57 8.15 9.23 7.71 9.02 8.72 9.02 11.64 11.94 11.94 8.01 8.31 11.64 7.71 7.71 7.55 8.67 8.67 8.43 8.50 8.50 8.43 8.43 8.66 8.58 8.58 8.51 8.63 8.63 9.54 9.51 8.43 8.43 8.43 8.75 9.48 8.36 8.77 8.41 8.41 8.79 8.75 8.75 8.75 8.75 13.94 10.31 9.17 9.17 6.66 6.42 8.17 6.42 6.42 6.48 8.17 8.17 8.81 8.23 8.52 8.52 8.52 7.86 6.74 6.50 6.50 6.87 6.46 6.46 6.90 6.68 6.45 6.60 6.68 6.68
0.00 0.00 0.00 6.53 13.69 9.21 9.23 10.06 9.75 10.21 8.26 7.71 8.72 14.11 12.65 8.61 9.36 9.57 11.64 12.60 12.09 7.86 8.83 8.93 8.67 8.67 9.22 8.43 8.43 8.68 8.58 8.58 8.58 8.58 8.51 8.51 9.54 9.54 9.51 8.43 8.43 8.61 9.05 8.36 8.36 8.36 8.41 8.41 9.12 10.02 8.99 8.85 8.85 12.48 9.58 9.17 8.40 8.40 6.42 8.17 6.42 6.42 6.48 6.48 8.17 8.17 8.23 8.52 9.44 8.52 6.74 6.50 6.71 6.50 6.17 6.17 8.41 6.69 6.45 6.68 6.52 6.45 6.68
0.00 0.00 0.00 0.00 6.53 13.65 13.65 13.65 13.53 13.53 8.41 11.49 11.18 12.28 9.32 9.93 9.57 8.72 9.62 11.93 8.00 8.95 8.83 8.83 8.67 8.67 8.50 8.43 8.50 9.18 8.66 8.58 8.58 8.58 8.51 8.51 8.51 8.51 9.51 9.39 8.81 6.70 6.63 6.63 6.63 6.63 6.67 8.41 8.41 8.79 8.75 8.85 9.01 11.34 9.19 8.79 8.40 8.40 6.42 6.42 6.42 6.42 6.48 6.48 6.48 8.17 8.23 8.23 0.00 8.23 6.50 6.50 6.50 6.50 6.17 8.12 7.26 6.40 6.45 6.45 6.45 6.68 7.56
0.00 0.00 0.00 0.00 0.00 0.00 0.00 0.00 0.00 0.00 11.74 11.18 8.35 7.40 9.17 8.87 8.72 8.72 9.02 9.02 10.66 8.98 8.78 8.72 8.72 8.67 9.42 8.50 9.96 8.67 8.62 8.50 8.50 8.50 8.42 8.42 9.12 9.48 9.16 8.45 6.69 6.69 6.64 6.64 6.64 6.64 6.65 6.65 8.38 8.38 8.40 9.58 9.01 11.59 9.03 10.44 8.42 8.42 8.08 6.41 6.41 6.41 6.46 6.46 6.46 6.68 6.50 0.00 0.00 0.00 6.50 6.50 0.00 0.00 0.00 6.20 8.13 6.41 6.39 6.68 6.45 6.68 7.56
0.00 0.00 0.00 0.00 0.00 0.00 0.00 0.00 0.00 0.00 0.00 0.00 3.81 7.40 8.00 9.17 8.82 8.67 8.72 8.72 8.87 9.59 9.80 8.72 9.46 8.67 8.50 9.27 8.67 8.60 8.50 8.50 8.50 8.50 8.42 8.42 8.42 8.42 8.45 8.45 8.45 8.45 8.78 8.78 8.38 6.64 6.65 6.65 8.38 8.38 9.15 9.10 10.03 9.58 12.95 8.42 8.42 8.42 8.08 6.41 6.41 6.41 6.46 6.46 6.46 6.46 6.50 0.00 0.00 0.00 0.00 0.00 0.00 0.00 0.00 0.00 0.00 7.11 6.39 7.99 6.45 6.68 6.51
0.00 0.00 0.00 0.00 0.00 0.00 0.00 0.00 0.00 0.00 0.00 0.00 3.81 3.81 3.81 8.98 8.77 8.83 8.83 8.72 9.80 9.80 9.80 9.80 9.56 8.72 9.59 8.43 9.59 8.60 8.50 8.50 8.50 8.50 8.42 8.42 8.42 8.42 8.45 8.45 8.45 8.45 9.13 9.26 8.78 8.38 6.65 6.65 6.65 8.38 9.10 9.58 9.10 8.40 12.20 8.42 8.42 8.42 8.08 8.08 6.41 6.41 6.46 6.46 6.46 6.46 6.50 6.72 6.50 0.00 0.00 0.00 0.00 0.00 0.00 0.00 0.00 0.00 0.00 8.40 6.45 6.68 6.68
0.00 0.00 0.00 0.00 0.00 0.00 0.00 0.00 0.00 0.00 0.00 0.00 0.00 0.00 2.61 2.61 8.77 8.77 8.83 8.64 9.80 9.80 9.58 9.58 8.83 8.67 8.43 10.30 9.59 8.60 8.50 8.50 8.50 8.50 8.42 8.42 8.42 8.42 8.45 8.45 8.45 8.45 8.38 8.38 6.95 6.64 6.65 6.86 6.65 6.65 6.66 9.58 9.58 9.10 12.20 8.57 8.42 9.18 8.08 8.08 6.41 6.41 6.46 6.46 6.46 6.46 6.50 6.50 6.50 0.00 0.00 0.00 0.00 0.00 0.00 0.00 0.00 0.00 7.56 7.56 7.41 7.41 7.41
0.00 0.00 0.00 0.00 0.00 0.00 0.00 0.00 0.00 0.00 0.00 0.00 0.00 0.00 0.00 2.61 2.61 6.93 8.72 8.64 8.78 8.78 9.44 8.78 9.44 8.83 8.63 5.07 5.07 9.23 8.40 8.40 9.17 8.40 8.48 6.71 6.71 6.71 6.79 6.79 6.79 6.79 6.74 6.74 6.74 6.74 6.72 6.72 6.72 6.72 6.66 9.00 8.55 8.55 10.39 8.54 8.54 8.37 9.09 8.08 8.08 8.08 8.15 6.46 6.46 0.00 0.00 0.00 0.00 0.00 0.00 0.00 0.00 0.00 0.00 0.00 0.00 0.00 6.47 7.86 7.71 11.34 11.19
