New_Model_Runs/12_Future_RCP4.5_Scn2_out/post_prcessed_with_MFR/Monthly_summaries/net_infiltration_monthly_AUG.asc
NCOLS 700
NROWS 400
XLLCENTER 515000.000000
YLLCENTER 8409000.000000
CELLSIZE 50.000000
NODATA_value -999.000000
[rows 228 to 265 of 400, columns 168 to 251 of 700]
8.87 8.49 8.88 8.91 8.88 9.09 9.09 9.09 9.45 9.45 9.10 9.10 8.68 8.68 9.01 9.18 9.39 12.11 6.49 12.26 11.91 11.95 11.80 11.80 6.73 9.48 9.63 9.63 9.48 9.71 9.63 9.71 9.78 9.31 9.65 8.98 8.75 8.75 8.75 8.75 8.37 8.37 8.37 8.81 8.55 8.94 9.09 8.82 8.82 8.37 8.37 8.79 8.96 8.96 8.81 9.20 7.68 7.68 6.59 6.59 6.48 6.48 6.48 6.48 5.25 6.52 6.52 6.84 6.52 6.52 6.52 6.52 5.94 5.94 5.94 5.94 5.94 5.94 5.94 5.94 5.88 5.88 6.12 5.88
8.87 8.87 8.87 8.87 8.88 8.88 9.09 9.09 9.20 9.59 8.68 9.01 8.75 8.68 8.68 8.94 8.94 8.94 8.83 12.76 12.26 3.04 12.06 11.76 6.47 12.82 12.97 12.76 12.67 12.79 13.41 12.76 6.39 6.78 9.31 9.78 9.63 9.48 8.53 8.88 8.37 8.93 8.81 8.81 8.79 9.18 8.61 8.45 8.61 8.82 8.37 8.79 8.58 6.80 6.80 6.80 6.27 6.27 6.59 6.59 6.48 6.48 6.68 6.80 6.84 7.42 6.52 6.52 6.52 6.52 6.52 6.70 5.98 6.14 6.14 6.04 5.94 5.94 5.94 5.94 5.88 6.12 6.12 5.88
8.21 8.21 8.21 8.21 8.17 8.35 8.17 8.88 9.34 9.45 9.45 9.45 8.75 8.68 8.68 8.94 9.03 8.68 8.68 8.68 11.95 12.06 8.73 9.04 9.28 9.28 12.76 12.76 9.28 12.80 6.63 2.85 9.13 12.91 12.60 6.34 12.76 3.00 9.47 8.86 9.21 8.90 8.37 8.81 8.37 2.11 11.78 11.93 11.93 9.35 8.91 8.91 8.93 8.58 8.58 6.80 6.27 6.59 6.59 6.59 6.48 6.48 6.48 6.80 6.84 6.52 6.52 6.52 6.52 6.52 6.91 6.57 6.05 6.14 5.94 5.94 5.94 5.94 5.94 5.94 5.88 6.48 6.12 5.88
8.21 8.21 8.21 8.21 8.17 8.17 8.17 8.69 8.36 9.20 8.86 9.45 8.68 8.68 8.68 8.75 8.68 8.68 8.68 8.78 8.94 8.94 12.76 3.57 9.89 9.71 9.13 9.47 3.40 13.09 7.09 3.15 9.28 9.43 9.13 12.45 12.58 14.45 6.78 12.76 8.63 9.21 9.21 9.66 10.32 12.35 12.83 12.99 12.33 8.64 8.55 8.64 8.58 8.58 8.58 8.58 7.68 6.59 6.59 6.59 6.48 6.48 6.48 7.00 6.70 6.70 6.52 6.52 7.25 7.25 6.52 6.70 6.14 6.04 5.94 5.94 5.94 5.94 5.94 5.94 6.12 6.12 5.88 6.25
8.41 8.23 8.23 8.23 8.24 8.24 9.23 8.33 8.68 8.88 8.68 9.13 9.11 9.11 9.52 8.68 8.68 8.68 8.68 8.68 9.03 8.94 9.23 13.02 13.26 14.15 13.16 13.26 12.60 13.65 12.56 6.78 13.11 12.64 12.49 12.90 10.21 9.96 9.43 12.94 12.20 12.20 12.35 12.35 12.10 13.13 9.50 12.68 9.13 8.65 8.65 8.65 8.69 8.69 8.69 8.69 7.75 7.33 6.64 6.96 7.07 6.52 7.07 6.70 6.68 6.96 6.96 6.72 6.55 6.70 6.55 6.72 5.97 5.97 5.97 5.97 5.94 5.94 5.94 6.15 5.89 5.89 5.89 5.89
8.23 8.23 8.23 8.23 8.24 8.71 8.24 8.24 8.41 8.41 8.68 8.88 8.86 8.63 8.63 9.45 8.75 8.68 8.68 8.94 8.94 8.94 9.36 8.98 9.33 10.22 9.56 9.33 9.33 9.04 13.11 3.00 9.63 9.80 9.42 13.55 13.55 8.94 8.94 10.03 9.77 9.88 8.76 9.72 8.63 9.50 9.05 12.68 9.13 9.74 9.10 9.13 9.18 8.69 8.69 8.69 7.33 7.33 7.33 6.49 6.52 6.52 6.52 6.52 6.72 7.21 8.14 7.11 6.87 7.02 7.21 7.06 6.15 5.97 5.97 5.97 5.94 5.94 6.64 6.15 5.89 5.89 5.89 5.89
8.23 8.23 8.23 8.23 8.43 8.71 8.24 8.24 8.41 8.41 8.41 8.68 8.63 8.63 8.47 9.66 9.43 9.43 9.43 8.68 8.68 9.01 9.24 9.17 9.33 8.95 9.33 9.33 9.33 10.37 10.37 13.33 9.57 9.53 8.64 9.65 12.37 12.11 9.19 9.63 8.68 8.68 8.99 8.68 10.03 9.35 9.04 13.64 13.65 9.40 8.87 8.87 9.04 8.52 8.89 9.18 7.13 7.13 7.13 7.33 6.52 6.52 6.52 6.52 6.72 7.03 7.11 10.74 10.74 10.89 7.27 7.44 6.15 5.97 6.06 5.97 5.94 6.11 5.94 5.94 5.89 5.89 5.89 5.89
8.23 8.23 8.23 8.23 8.24 8.84 8.24 8.24 8.41 8.41 8.68 8.41 8.37 8.37 8.37 9.20 9.43 9.16 9.43 8.94 8.68 8.68 8.94 8.94 9.33 8.95 10.02 9.86 9.55 8.98 9.55 9.55 9.22 9.52 8.64 9.54 9.27 12.90 9.56 9.63 8.83 9.20 8.99 9.11 9.20 9.20 9.05 9.04 13.65 13.03 12.73 8.75 2.68 9.78 9.04 9.04 7.65 7.72 7.56 7.33 6.52 6.52 6.52 6.52 6.56 6.76 9.92 6.96 7.27 7.40 6.85 6.72 6.32 6.32 5.97 5.97 6.11 5.94 5.94 6.15 5.89 5.89 5.89 5.89
8.21 8.21 8.21 8.21 8.22 8.22 8.22 8.22 8.47 8.75 8.75 8.47 8.39 8.39 8.66 8.66 8.32 9.15 9.42 8.68 8.68 8.94 8.94 8.68 9.33 9.56 9.25 9.55 9.84 7.63 7.63 9.54 9.18 9.49 9.49 9.41 9.38 12.85 10.21 9.65 10.03 9.20 9.04 9.04 9.17 9.17 9.17 9.17 9.15 9.22 9.43 12.53 12.31 9.68 8.58 9.48 7.57 7.01 6.85 6.70 6.54 6.54 6.74 6.74 6.91 10.74 1.93 7.11 7.68 7.16 6.68 6.53 5.92 5.92 6.52 6.46 5.91 5.91 5.91 5.91 5.94 5.94 5.94 5.94
8.21 8.21 8.21 8.21 8.22 8.85 8.22 8.22 8.47 8.47 8.47 8.47 8.39 8.39 8.39 8.39 8.57 9.18 8.80 9.08 8.68 8.94 8.94 8.94 9.33 9.56 9.56 9.25 9.84 9.35 7.63 10.21 9.83 9.83 9.49 9.49 9.38 9.91 13.12 9.49 8.88 9.04 9.04 9.04 9.17 9.17 9.17 9.17 9.30 9.38 9.22 9.02 12.69 12.16 11.75 11.40 6.74 7.36 7.01 7.11 6.86 6.71 7.27 6.74 7.11 5.67 2.08 7.57 7.31 7.08 7.57 6.88 5.92 5.92 5.92 5.92 6.40 5.91 5.91 5.91 5.94 5.94 5.94 5.94
8.21 8.21 8.21 8.21 8.22 8.22 8.22 8.22 8.47 8.47 8.47 8.47 8.39 8.39 8.39 8.39 8.41 9.15 9.15 9.42 8.68 8.68 8.94 8.78 9.56 9.67 9.69 9.55 9.54 9.54 9.54 10.66 9.83 9.98 9.83 9.52 8.88 10.36 9.65 9.49 9.04 9.04 9.04 9.04 9.17 9.17 8.88 9.17 9.38 9.30 9.15 9.02 8.42 9.18 9.06 8.02 11.53 10.84 6.58 7.27 7.11 7.11 7.27 7.11 10.59 6.29 6.44 6.44 7.03 7.11 7.03 6.86 6.13 6.28 5.92 5.92 5.91 5.91 5.91 5.91 6.71 5.94 5.94 5.94
8.21 8.21 8.21 8.21 8.22 8.22 8.22 8.22 8.47 8.47 8.47 8.47 8.39 8.39 8.39 8.39 8.32 9.42 8.68 8.94 8.68 9.40 9.40 8.54 9.27 9.86 9.55 9.55 9.52 9.52 9.52 9.22 9.49 9.49 9.54 9.52 8.56 9.65 9.53 9.12 9.04 9.04 9.04 9.04 9.17 9.17 9.42 9.72 9.90 9.45 9.74 9.22 9.47 9.43 9.28 8.14 7.06 6.96 10.59 10.59 7.11 7.27 7.27 6.59 10.69 6.96 6.96 6.59 7.42 7.11 7.63 6.71 6.13 5.92 5.92 5.92 5.91 5.91 5.91 5.91 5.94 5.94 5.94 5.94
8.25 8.25 8.25 8.25 8.23 8.86 8.23 8.23 8.46 8.46 8.46 8.46 8.37 8.37 8.37 8.37 8.82 8.67 8.94 8.67 8.90 8.31 8.31 8.55 8.94 8.94 9.59 9.59 9.56 9.56 9.56 9.56 10.21 10.50 10.50 9.18 9.48 10.54 9.87 9.18 9.13 9.13 9.13 9.13 9.21 9.44 9.21 9.74 3.35 3.38 10.18 9.27 9.59 9.59 9.28 8.75 6.91 6.96 7.11 7.11 10.37 10.52 6.89 7.05 10.99 2.44 7.83 7.27 7.39 6.91 6.96 6.82 5.99 5.90 5.90 5.90 5.94 5.94 5.94 6.16 5.92 5.92 5.92 5.92
8.25 8.88 8.25 8.25 8.23 8.23 8.48 8.23 8.46 8.46 8.46 9.11 8.37 8.37 8.37 8.37 8.56 8.82 8.82 8.67 8.82 8.31 8.31 8.31 8.70 8.70 9.59 9.59 9.56 9.56 9.56 9.56 9.48 9.48 9.52 9.48 9.48 9.18 9.52 9.48 9.13 9.13 9.13 9.13 9.21 9.44 9.44 8.90 9.06 9.21 8.63 9.28 9.28 8.63 9.28 8.79 7.36 7.16 7.42 7.57 2.80 3.10 10.83 10.67 10.57 7.57 6.59 6.96 6.96 6.96 6.69 6.50 6.25 5.90 5.90 5.90 5.94 5.94 5.94 5.94 5.92 5.92 5.92 5.92
7.69 7.69 7.69 7.69 7.67 7.83 8.12 8.57 7.88 7.88 8.97 8.07 7.79 7.79 7.79 7.79 7.73 7.71 7.82 7.71 7.73 7.73 7.73 7.73 7.94 7.94 7.94 7.94 8.45 8.45 8.45 8.45 8.39 8.39 8.39 8.39 8.39 8.39 7.99 8.39 8.08 8.08 7.70 7.70 8.24 8.00 7.74 7.70 7.66 9.11 8.37 8.36 7.98 7.59 7.85 7.40 6.58 6.24 6.70 6.21 6.36 3.04 6.66 6.06 9.11 9.23 6.24 6.40 6.26 6.26 6.23 6.07 5.31 5.31 5.31 5.31 5.28 5.28 5.28 5.28 5.33 5.33 5.33 5.33
7.69 7.69 7.69 7.69 7.67 7.67 7.67 7.67 7.88 7.88 7.88 7.88 8.00 8.00 8.00 7.99 7.73 7.73 7.73 7.73 7.73 7.73 7.73 7.73 7.94 7.94 7.94 7.94 7.92 7.92 8.45 8.45 8.39 8.39 8.39 8.39 8.39 8.39 8.39 8.39 8.08 8.08 8.08 8.10 8.00 7.85 8.00 7.86 8.22 8.13 8.29 8.37 8.37 8.37 7.74 7.40 6.40 6.40 6.40 6.40 6.36 6.81 6.21 6.02 5.75 9.23 6.32 6.40 6.26 6.26 6.07 6.07 5.31 5.31 5.31 5.31 5.28 5.28 5.28 5.56 5.33 5.33 5.33 5.59
7.67 7.67 8.24 8.01 7.59 8.14 7.59 7.59 7.79 7.79 7.79 7.79 7.75 7.75 7.75 7.75 7.73 7.73 7.73 7.73 7.75 7.75 7.75 7.75 7.98 7.98 7.98 7.98 7.97 7.97 7.97 8.52 8.43 8.43 8.43 8.43 8.46 8.46 8.46 8.07 8.10 8.10 8.10 8.35 7.95 7.85 8.57 7.95 7.69 8.08 8.23 8.23 8.13 8.13 7.73 7.40 6.40 6.58 6.17 6.32 6.21 6.67 6.39 6.37 9.50 6.40 6.40 6.17 6.25 6.40 6.21 6.06 5.34 5.34 5.34 5.34 5.32 5.32 5.58 5.58 5.32 5.35 5.35 5.60
7.67 7.67 7.67 7.67 7.59 7.59 7.94 7.59 7.79 7.79 7.79 7.79 7.75 7.75 7.75 7.75 7.73 7.73 8.18 7.71 7.75 7.75 7.75 7.75 7.98 7.98 7.98 7.98 7.97 7.97 7.97 8.52 8.43 8.43 8.43 8.43 8.46 8.46 8.46 8.35 8.10 7.72 8.10 8.35 7.95 8.94 7.70 8.09 7.69 8.96 8.08 8.23 2.99 7.16 7.89 7.57 6.58 6.40 6.32 5.90 5.90 5.60 6.24 6.40 10.02 6.40 6.40 6.27 6.25 6.06 6.06 6.28 5.49 5.34 5.80 5.34 5.32 5.58 5.66 5.51 5.53 5.32 5.32 5.60
7.67 8.24 7.67 7.67 7.59 7.59 7.94 7.59 7.79 7.79 7.78 8.00 7.98 7.73 7.73 7.73 7.73 7.97 7.97 7.73 7.75 7.75 7.75 7.75 7.98 7.98 7.98 7.98 7.97 7.97 7.97 7.97 8.43 8.43 8.43 8.43 8.46 8.46 8.46 8.46 8.10 8.10 7.72 8.15 8.34 8.09 8.09 8.96 6.34 8.96 8.96 8.23 8.59 7.61 2.73 7.73 6.89 6.58 5.72 5.90 7.58 5.60 6.47 9.53 9.87 6.40 6.24 6.09 6.37 7.27 6.06 6.37 6.36 5.59 5.34 5.34 5.32 5.55 5.32 5.32 5.35 5.32 5.60 5.79
7.67 7.67 7.67 7.67 7.59 7.59 7.59 7.59 7.79 7.79 7.78 7.94 7.98 7.73 7.73 7.75 7.82 7.50 7.73 7.73 7.75 7.75 7.75 7.75 7.98 7.98 7.98 7.98 7.97 8.18 7.97 7.97 7.90 8.43 8.48 8.43 8.46 8.46 8.46 8.46 8.10 8.10 8.10 8.35 8.38 8.09 8.01 8.96 6.34 8.57 8.08 8.23 7.16 2.58 7.68 7.53 6.89 6.17 6.24 6.41 6.39 6.27 1.83 9.68 6.17 6.24 6.09 6.70 6.21 6.17 4.78 6.17 5.34 5.57 5.34 5.34 5.40 5.32 5.32 5.32 5.35 5.35 5.60 5.64
7.62 7.62 7.97 7.62 7.55 7.55 7.55 7.55 7.75 7.75 7.98 8.10 7.74 7.72 7.72 7.72 8.08 7.50 8.12 7.73 7.76 7.76 7.76 8.39 8.00 8.00 8.00 8.00 8.20 7.97 7.97 7.97 7.96 8.50 8.50 8.50 8.52 8.52 8.52 8.52 8.07 7.68 8.07 8.07 8.04 8.04 7.67 8.57 6.34 8.57 8.08 8.24 7.90 7.70 7.74 7.53 6.38 6.17 6.17 6.17 6.55 5.90 1.75 5.53 6.55 6.55 5.60 6.24 6.19 6.21 6.40 6.40 5.43 5.35 5.35 5.40 8.36 5.45 5.45 5.61 5.39 5.39 5.61 5.94
7.62 7.62 7.62 7.62 7.55 7.55 7.55 7.55 7.75 7.75 8.54 8.10 8.25 7.83 8.36 7.72 7.97 8.12 8.12 7.73 7.75 7.76 7.76 7.76 8.00 8.00 8.00 8.00 7.97 7.97 7.97 7.97 7.96 8.50 8.50 8.50 8.52 8.52 8.52 8.52 8.07 8.96 8.96 8.96 8.04 8.10 8.98 6.34 6.34 6.34 7.95 8.08 9.11 7.83 7.40 7.53 6.27 6.24 6.24 6.24 6.32 6.02 1.83 9.38 6.40 6.40 6.24 6.17 6.61 6.24 6.24 6.40 5.64 6.36 5.35 5.68 8.22 11.99 8.51 5.79 5.46 5.39 5.61 6.09
7.62 7.62 7.62 7.62 7.55 7.55 7.55 7.89 7.75 8.27 8.27 8.10 8.09 8.25 8.26 8.52 8.24 7.71 7.97 7.97 7.75 7.76 7.76 7.76 8.00 8.00 8.00 8.00 7.97 7.97 7.97 7.97 7.96 7.96 8.50 8.50 8.52 8.52 8.52 8.52 8.07 8.96 6.34 6.34 8.95 8.95 8.95 8.95 6.34 8.57 8.08 8.08 8.13 7.74 7.57 7.55 10.16 6.27 6.24 6.24 5.75 6.32 6.47 10.02 6.24 6.24 6.17 6.24 6.50 6.17 6.24 6.17 5.64 6.36 5.40 6.53 11.85 8.36 11.55 7.92 5.79 6.37 5.14 8.82
7.62 7.62 7.62 7.62 7.55 7.55 7.89 7.55 7.75 7.75 8.27 8.10 8.09 8.25 8.71 8.09 7.82 8.09 7.97 7.97 7.75 7.76 7.76 7.76 8.00 8.00 8.00 8.24 8.22 7.97 7.97 7.97 7.96 8.50 8.50 8.50 8.52 8.52 8.52 8.52 8.07 8.96 6.34 6.34 6.34 6.34 6.34 6.34 8.57 7.70 7.70 7.95 8.37 7.40 7.72 8.04 10.01 9.90 6.20 5.75 1.98 5.75 6.17 10.02 6.40 6.47 6.17 6.17 6.17 6.17 6.24 6.24 4.78 5.32 5.40 6.38 11.55 7.92 7.92 11.55 7.92 7.92 7.98 8.41
7.66 7.66 7.66 7.66 7.59 7.59 7.59 7.59 7.76 7.76 7.76 7.86 7.81 8.23 8.51 7.82 7.80 8.08 8.08 7.69 7.76 7.77 7.77 7.77 8.28 8.04 8.04 8.29 8.03 8.03 8.03 8.03 8.01 8.58 8.58 8.58 8.56 8.56 8.56 8.56 8.04 8.95 6.34 6.34 6.34 7.06 7.21 7.06 8.10 8.10 8.10 7.96 7.99 7.40 7.72 7.89 6.32 6.24 9.87 6.47 6.06 5.75 9.23 5.75 5.90 6.33 6.62 6.17 6.17 6.17 6.17 6.17 4.78 5.60 5.79 5.64 7.92 7.92 7.98 11.55 7.92 4.28 7.89 12.72
7.66 7.66 7.66 7.66 7.59 7.59 7.93 7.59 7.76 7.76 7.77 7.86 8.08 8.51 8.70 7.50 8.08 8.08 8.08 7.71 7.77 7.77 7.77 7.77 8.24 8.04 8.29 8.04 8.03 8.03 8.03 8.03 8.01 8.58 8.58 8.58 8.56 8.56 8.56 8.56 8.04 8.74 6.34 7.46 8.57 8.01 8.17 8.30 8.10 8.10 8.19 7.81 8.23 7.57 8.25 7.69 6.40 6.58 6.24 10.33 9.80 5.53 9.68 6.55 6.40 6.85 6.32 6.24 6.24 6.17 6.17 6.50 5.79 5.79 5.20 5.20 5.20 8.83 11.55 8.83 11.55 7.91 4.27 4.27
7.64 7.66 7.66 7.66 7.59 7.59 7.59 7.59 7.96 7.76 7.76 7.86 8.08 7.60 7.60 8.08 8.08 7.80 8.08 7.71 7.77 7.77 7.77 7.77 8.04 8.04 8.04 8.04 8.03 8.03 8.03 8.03 8.01 8.58 8.58 8.58 8.56 8.56 8.56 8.62 8.04 8.74 6.34 6.34 8.01 8.01 8.01 8.01 8.10 8.10 8.35 7.85 7.57 7.57 7.57 7.57 6.73 9.19 8.97 5.90 5.75 6.17 10.14 6.92 6.70 6.85 6.77 6.40 6.40 6.17 6.17 6.24 5.79 5.79 5.20 5.20 5.79 5.79 5.20 5.20 11.70 7.92 7.92 4.28
7.81 7.79 7.66 7.66 7.59 7.59 7.59 7.59 7.84 7.76 7.76 8.28 8.08 7.60 7.68 7.60 8.09 8.08 8.22 7.71 7.77 7.77 7.77 7.77 8.04 8.04 8.04 8.04 8.03 8.03 8.03 8.03 8.58 8.58 8.58 8.58 8.56 8.56 8.62 8.56 8.04 8.04 8.57 8.95 8.30 8.01 8.01 8.01 8.10 8.35 8.35 7.85 7.57 7.57 7.57 9.88 9.27 9.27 9.12 6.17 1.68 5.90 5.83 9.68 10.14 9.84 5.76 9.68 9.68 9.79 9.79 9.98 5.40 6.38 5.64 5.20 5.79 5.20 8.88 8.88 8.06 11.70 11.55 7.92
8.62 7.69 7.69 7.69 7.60 8.15 7.60 7.96 7.73 7.72 7.72 7.45 7.60 7.45 7.60 7.45 7.45 8.07 8.20 7.69 7.80 7.80 7.80 7.80 8.66 8.03 8.03 8.03 8.06 8.06 8.68 8.68 8.69 8.69 8.69 8.69 8.62 8.62 8.62 8.62 8.00 8.00 8.00 7.62 7.98 7.98 7.98 7.59 7.96 7.82 7.85 7.85 7.57 7.40 7.40 9.88 12.52 12.75 12.75 9.95 9.23 9.38 9.53 9.53 6.51 6.70 6.40 6.55 6.32 6.17 6.17 6.17 5.20 5.20 5.64 5.20 5.79 5.79 5.79 5.20 8.05 8.07 8.08 11.55
7.69 8.63 7.98 7.69 7.60 7.60 7.60 7.82 7.73 7.73 7.73 8.70 7.60 7.60 8.70 8.70 7.89 8.07 7.78 7.69 7.80 7.80 7.80 8.32 8.66 8.72 8.03 8.03 8.68 8.68 8.68 8.68 8.69 8.69 8.69 8.69 8.62 8.62 8.62 8.62 8.00 8.00 8.00 8.00 7.98 7.98 7.98 7.59 7.96 7.82 7.85 7.85 7.57 7.57 9.88 13.46 12.75 12.41 8.75 5.90 5.75 6.06 10.63 9.53 6.21 6.55 6.24 6.24 6.17 6.17 6.24 6.24 5.64 5.20 5.20 5.20 5.79 5.94 5.94 5.20 11.70 8.07 7.98 8.36
6.31 6.96 6.92 6.92 6.88 6.68 6.68 6.44 6.69 6.69 6.98 6.70 7.32 7.32 6.41 6.92 6.93 6.93 6.42 6.65 6.75 6.75 6.75 7.04 7.19 7.19 6.90 6.90 7.20 7.33 7.20 7.20 7.20 7.20 7.20 7.20 7.16 7.16 7.16 7.16 6.53 6.53 6.53 6.53 6.51 6.51 6.51 6.78 6.02 6.02 6.02 5.74 8.80 8.80 12.43 12.45 12.08 8.90 8.20 5.72 5.87 6.17 9.80 9.20 9.20 6.33 6.02 5.87 5.87 5.87 5.87 5.87 5.22 5.06 5.22 5.37 4.89 5.04 4.89 7.41 11.04 11.04 7.79 7.94
7.44 5.36 7.22 6.77 6.68 6.68 6.44 6.68 6.43 6.97 6.97 6.46 6.41 6.41 6.92 6.92 6.93 6.93 6.93 6.93 6.75 6.75 6.75 7.04 7.19 7.19 7.19 7.19 7.20 7.20 7.20 7.20 7.20 7.20 7.20 7.20 7.17 7.16 7.16 7.16 6.53 6.53 6.53 6.53 6.03 6.51 6.51 6.51 6.84 6.02 6.02 8.80 8.80 8.80 8.95 12.75 9.05 9.05 8.90 5.87 5.88 5.87 5.87 6.17 9.26 9.26 6.17 6.02 5.72 5.87 5.87 5.87 5.06 5.06 5.21 5.52 5.37 5.22 4.68 7.79 7.76 11.04 7.79 7.94
6.51 6.75 10.53 6.90 6.66 6.66 6.66 6.69 6.40 6.95 6.94 6.94 6.89 6.39 6.89 6.89 6.93 6.93 6.92 6.92 6.73 6.73 6.86 7.01 7.45 7.20 7.19 7.19 7.23 7.23 7.23 7.23 7.26 7.23 7.23 7.23 7.16 7.15 7.15 7.15 6.53 6.53 6.53 6.53 6.00 6.29 6.48 6.48 6.57 6.81 6.81 6.40 6.43 8.67 8.80 12.45 8.74 8.90 5.42 5.87 8.60 8.59 5.87 6.17 5.88 9.36 5.73 6.02 5.87 5.87 5.87 5.87 5.22 5.06 5.06 5.21 5.52 5.22 5.22 7.41 11.23 7.94 7.94 7.94
6.78 7.70 10.68 6.71 6.42 7.08 6.66 6.66 6.66 6.94 6.94 6.94 6.39 6.67 6.89 6.89 6.92 6.93 6.93 6.92 7.01 6.73 6.73 6.73 7.19 7.19 7.19 10.92 7.23 6.82 7.23 7.23 7.23 7.23 7.23 7.23 7.15 7.15 7.15 7.15 6.53 6.53 6.53 6.53 6.48 6.48 6.48 6.48 6.57 6.57 6.57 6.12 6.19 6.35 8.47 8.82 8.45 8.60 8.59 8.59 8.59 8.45 5.87 6.17 5.73 9.20 5.88 5.87 5.87 5.87 6.02 6.02 5.22 5.22 5.06 5.06 5.22 5.06 4.68 11.04 11.19 8.25 8.09 8.09
6.88 6.71 10.51 6.80 6.66 6.42 6.66 6.66 6.66 6.66 6.94 6.43 6.67 6.67 6.39 6.89 6.92 6.92 6.92 6.92 7.01 6.73 6.73 6.73 6.90 7.19 7.19 10.91 10.90 10.90 7.23 7.23 7.24 7.24 7.26 7.24 7.15 7.16 7.15 7.15 6.53 6.53 6.53 6.53 6.48 6.48 6.48 6.00 6.57 6.09 6.09 6.12 6.19 6.42 8.95 8.82 8.45 8.15 8.60 8.59 8.74 8.74 6.02 6.02 5.48 8.90 6.03 6.17 4.87 5.41 5.87 5.42 5.06 5.06 5.06 5.06 5.37 5.22 7.41 7.76 7.41 8.09 8.40 8.40
6.16 6.88 7.13 10.38 6.66 6.66 6.86 6.66 6.66 6.66 6.94 7.32 6.89 6.89 6.39 6.89 6.92 6.42 6.92 6.92 7.01 7.01 6.73 6.73 7.03 7.19 7.19 7.19 10.90 10.90 10.90 7.23 7.24 7.24 7.24 7.24 7.15 7.15 7.15 7.15 6.53 6.53 6.53 6.53 6.48 6.00 6.29 6.29 6.34 6.34 6.57 6.12 6.19 6.27 8.80 8.67 8.45 8.45 8.74 8.74 9.06 8.45 5.73 6.17 6.17 9.36 5.88 6.03 6.02 6.17 6.03 5.42 5.06 4.68 5.06 5.22 5.52 4.73 11.19 7.41 7.94 7.71 7.71 8.39
6.16 6.16 6.45 10.36 6.82 6.82 6.66 6.66 6.63 6.63 6.39 6.39 6.36 6.36 6.87 6.87 6.94 6.94 6.94 6.94 6.99 6.99 6.99 6.71 6.87 7.16 7.16 7.16 7.24 10.90 10.90 7.23 7.22 7.22 7.22 7.22 7.10 7.10 7.10 7.10 6.51 6.51 6.51 6.51 6.49 6.49 6.01 6.77 6.79 6.79 6.53 6.38 6.41 6.08 8.67 8.67 8.45 8.59 8.60 8.45 8.45 8.74 6.02 6.03 6.17 9.20 5.48 6.02 5.73 5.88 6.32 6.02 5.22 4.68 5.22 5.37 5.09 7.76 11.64 8.09 8.09 11.34 7.41 5.37
6.16 6.16 6.16 9.79 6.88 6.82 6.66 6.66 6.82 6.63 6.39 6.39 6.87 6.87 6.87 6.87 6.94 6.94 6.94 6.94 6.99 6.99 6.99 6.71 6.87 7.16 7.16 7.16 7.23 7.23 10.90 7.23 7.22 7.22 7.22 7.22 7.10 7.11 7.11 7.10 6.51 6.51 6.51 6.79 6.49 6.49 6.49 6.77 6.02 5.74 6.38 6.38 6.41 8.67 8.67 8.87 8.45 8.45 8.59 8.15 8.15 8.59 8.60 6.47 6.47 6.02 9.50 5.88 6.32 6.32 5.87 6.02 5.37 5.22 5.06 4.68 7.71 11.34 12.03 8.09 7.94 7.94 5.21 5.37
