New_Model_Runs/12_Future_RCP4.5_Scn2_out/post_prcessed_with_MFR/Monthly_summaries/net_infiltration_monthly_FEB.asc
NCOLS 700
NROWS 400
XLLCENTER 515000.000000
YLLCENTER 8409000.000000
CELLSIZE 50.000000
NODATA_value -999.000000
[rows 259 to 295 of 400, columns 168 to 251 of 700]
7.84 8.10 7.68 7.27 7.20 7.20 8.81 7.20 8.81 9.97 9.97 10.43 10.37 10.37 9.91 9.91 9.92 9.92 9.92 9.92 7.24 7.24 7.24 10.04 10.23 10.23 10.23 10.23 10.25 10.25 10.25 10.25 10.26 10.26 10.26 10.26 11.28 10.19 10.19 10.19 9.54 9.54 9.54 9.54 9.94 9.52 9.52 9.52 9.83 9.81 9.81 17.89 17.89 17.89 18.03 21.74 17.77 17.77 17.64 8.19 8.43 8.19 8.19 8.47 11.05 11.05 8.47 8.33 8.29 8.19 8.19 8.19 7.12 7.12 7.25 7.53 7.39 7.09 6.03 16.29 14.25 18.47 16.29 16.26
8.88 7.25 10.67 7.39 7.18 7.18 7.18 7.71 8.79 11.01 9.94 9.94 9.89 10.34 9.89 9.89 10.99 10.99 9.92 9.92 7.22 7.22 8.16 10.02 12.37 11.32 10.22 10.22 10.29 10.29 10.29 10.29 11.39 10.29 10.29 10.29 11.27 10.18 10.18 10.18 9.53 9.53 9.53 9.53 9.91 10.19 9.49 9.49 9.58 9.80 9.80 10.62 10.58 18.05 17.89 21.47 17.50 17.64 7.31 8.19 17.60 17.36 8.19 8.47 7.73 10.87 7.59 8.33 8.19 8.19 8.19 8.19 7.09 7.12 7.12 7.25 7.36 7.09 7.09 15.20 18.89 16.26 16.26 16.26
7.77 9.30 10.80 9.05 8.79 8.78 7.18 7.18 7.17 9.94 9.94 9.94 10.34 10.61 9.89 9.89 9.92 11.47 10.99 9.92 10.02 7.22 7.22 7.22 10.22 10.22 10.22 20.69 10.29 12.23 10.29 10.29 10.29 10.29 10.29 10.29 10.18 10.18 10.18 10.18 9.53 9.53 9.53 9.53 9.49 9.49 9.49 9.49 9.58 9.58 10.29 10.37 10.46 10.60 17.11 18.19 17.46 17.60 17.36 17.36 17.36 17.46 8.19 8.47 7.59 10.73 7.73 8.19 8.19 8.19 8.33 8.33 7.09 7.09 7.12 7.12 7.09 7.12 6.03 18.47 18.61 16.53 16.39 16.39
7.32 9.05 10.60 7.28 7.18 8.79 7.18 7.18 7.17 7.17 9.94 10.40 10.61 10.61 11.76 9.89 9.92 9.92 9.92 9.92 10.02 7.22 7.22 7.22 7.39 10.22 10.22 20.27 20.31 20.31 10.29 10.29 10.29 10.29 11.39 10.29 10.18 11.27 10.18 10.18 9.53 9.53 9.53 9.53 9.49 9.49 9.49 9.91 9.58 10.01 10.01 10.37 10.46 10.69 18.03 18.19 17.46 16.48 17.60 17.36 17.50 17.50 8.33 8.33 7.64 10.45 7.86 8.47 4.85 8.61 9.03 7.31 7.12 7.12 7.12 7.12 7.22 7.09 15.20 14.25 15.20 16.39 16.67 16.67
8.76 7.32 9.27 10.53 7.18 7.18 8.11 7.18 7.17 7.17 9.94 11.09 9.89 9.89 10.34 9.89 9.92 10.37 9.92 9.92 10.02 10.02 7.22 7.22 8.32 10.22 10.22 10.22 20.31 20.31 20.31 10.29 10.29 10.29 10.29 10.29 10.18 10.18 10.18 10.18 11.01 10.55 9.53 9.53 9.49 9.91 10.19 10.19 10.24 10.24 9.58 10.37 10.46 10.55 17.89 18.05 17.46 17.46 17.50 17.50 18.01 16.76 7.59 8.47 8.47 10.87 7.72 8.56 8.33 8.47 7.86 7.31 7.12 6.03 7.12 7.09 7.36 6.31 18.61 15.20 16.26 15.47 15.47 16.83
8.76 8.76 10.73 10.51 7.32 7.32 7.19 7.19 7.14 7.14 10.35 10.35 10.31 10.31 9.86 9.86 9.94 9.94 9.94 9.94 9.99 9.99 9.99 7.21 7.37 10.19 10.19 10.19 11.37 20.31 20.31 10.29 10.28 10.28 10.28 10.28 10.13 10.13 10.13 10.13 9.52 9.52 9.52 9.52 9.49 9.49 9.92 9.75 9.77 9.77 9.53 10.60 10.55 9.88 18.05 18.05 17.46 17.36 17.60 16.76 16.76 17.50 8.33 8.56 8.47 10.73 7.64 8.33 7.59 7.72 8.60 8.33 7.09 6.03 7.09 7.22 5.36 15.75 19.02 16.56 16.39 18.75 15.20 7.22
8.76 8.76 8.76 12.03 7.37 7.32 7.19 7.19 8.07 7.14 10.35 10.35 9.86 9.86 9.86 9.86 9.94 9.94 9.94 9.94 9.99 9.99 9.99 7.21 7.37 10.19 10.19 10.19 10.29 10.29 20.31 10.29 10.28 10.28 10.28 10.28 10.13 11.70 11.21 10.13 9.52 9.52 9.52 10.76 9.49 9.49 9.49 9.75 9.81 9.76 10.60 10.60 10.55 18.05 18.05 19.20 17.46 17.46 17.36 16.48 16.48 17.36 17.60 8.74 8.74 8.33 11.70 8.43 8.60 8.60 8.19 8.33 7.22 7.09 7.12 6.03 15.47 18.75 19.94 16.56 16.26 16.26 7.30 7.22
8.76 9.03 9.03 13.27 7.23 7.19 7.19 7.19 7.14 7.56 9.90 9.90 9.86 9.86 9.86 9.86 9.94 9.94 9.94 9.94 9.99 9.99 9.99 7.21 7.37 7.37 10.19 10.19 10.29 10.29 10.39 20.73 11.38 11.38 10.28 11.35 10.13 10.13 10.13 10.13 9.52 9.52 9.52 9.77 9.49 9.49 9.49 9.49 10.21 9.76 9.88 10.60 11.31 10.99 18.05 17.89 17.46 17.60 17.36 17.36 17.50 17.36 17.50 17.64 8.47 8.47 11.61 8.33 8.33 8.33 8.29 8.33 7.22 6.44 7.25 6.44 19.03 14.67 6.39 6.58 6.58 6.58 7.22 7.22
9.37 9.51 9.51 12.03 8.76 7.29 7.19 7.19 7.14 7.14 9.90 9.90 9.86 9.86 9.86 9.86 9.94 9.94 9.94 9.94 9.99 9.99 9.99 7.21 7.37 7.37 10.19 10.19 10.29 10.29 10.39 21.94 20.80 10.28 10.28 10.28 10.13 10.13 11.21 10.13 9.52 9.52 9.52 9.52 10.19 9.49 9.92 9.49 9.53 9.77 9.93 9.88 9.93 9.93 9.93 17.89 17.36 17.50 17.64 17.36 17.46 17.36 17.92 18.74 17.36 8.47 10.73 8.47 8.19 8.29 8.29 8.29 6.03 6.44 6.44 19.02 11.66 6.49 6.25 6.25 7.18 6.85 6.71 6.71
9.64 9.51 12.65 11.64 10.40 9.37 8.54 7.15 7.10 7.10 9.82 9.82 9.86 9.86 11.77 9.86 9.99 9.99 9.99 9.99 10.03 10.03 10.03 7.23 7.37 10.18 10.18 10.18 10.27 10.27 10.38 22.92 22.24 10.37 10.25 10.25 10.10 10.10 10.10 10.10 9.51 9.51 9.51 9.51 9.76 9.76 9.93 9.76 9.76 9.76 9.88 9.93 9.93 10.61 10.61 10.61 17.36 17.36 17.64 17.60 17.46 17.46 17.36 17.46 16.67 7.78 10.59 8.47 7.31 8.19 8.19 8.29 6.03 6.16 18.75 11.80 17.08 6.58 6.85 7.12 6.85 6.25 7.32 6.71
8.50 9.51 12.92 9.78 9.51 8.74 9.37 8.54 9.32 8.49 11.17 9.82 9.86 9.86 9.86 10.92 9.99 9.99 9.99 9.99 10.03 10.03 8.17 7.23 7.37 10.18 10.18 10.18 10.74 20.30 20.30 23.41 20.37 10.25 10.25 10.25 10.10 10.10 10.10 10.10 9.93 9.76 9.76 9.51 9.76 9.81 9.81 9.81 9.81 9.76 10.59 10.59 10.34 10.34 10.34 10.62 17.36 17.36 17.50 17.50 17.36 17.36 17.36 17.36 17.36 8.33 8.19 10.59 7.18 8.29 7.18 8.29 7.09 7.09 19.16 16.80 16.26 6.58 6.85 6.85 6.58 6.58 5.43 5.44
9.51 12.79 11.78 9.64 9.37 8.62 8.54 8.54 8.49 8.71 11.05 11.14 11.16 10.60 9.86 9.86 9.99 9.99 9.99 9.99 12.19 7.23 7.23 7.23 7.37 10.18 10.18 10.65 20.30 20.30 22.05 22.24 20.37 10.25 10.25 10.25 10.10 10.10 10.10 10.10 9.76 9.76 9.81 9.81 9.76 9.76 9.81 8.81 9.76 10.42 10.30 10.30 10.34 10.34 10.46 9.93 17.36 17.36 17.50 8.17 7.59 8.17 17.36 17.46 17.73 17.64 8.19 10.45 20.74 17.46 17.46 8.29 7.22 9.72 15.61 16.39 6.58 6.58 6.71 6.85 6.58 7.21 5.43 10.07
9.37 11.50 2.97 9.64 8.62 8.62 8.54 8.54 8.49 9.54 11.14 11.14 10.94 10.94 10.72 10.72 9.99 20.08 20.08 9.38 9.02 7.23 7.23 7.23 7.37 10.18 10.18 10.18 20.37 22.24 22.05 24.56 22.24 20.37 10.25 10.25 10.10 10.10 10.10 10.10 9.76 9.76 9.76 9.76 9.76 9.76 9.81 8.67 9.65 10.30 10.30 11.27 10.34 10.34 10.46 9.93 17.36 17.36 5.87 8.60 10.86 10.86 11.00 20.22 19.29 21.04 20.36 20.74 20.64 20.74 17.46 11.66 16.42 19.16 15.61 16.26 6.58 6.58 6.99 6.99 7.21 7.21 9.58 10.07
9.51 11.96 8.64 9.03 8.39 8.39 8.39 8.39 8.41 10.60 11.07 11.07 10.85 10.68 10.68 10.68 11.79 23.37 21.72 21.72 7.36 8.22 9.02 8.87 8.81 14.96 15.01 21.88 21.90 22.99 22.99 22.99 22.99 21.90 12.39 12.00 11.40 11.40 11.40 11.40 11.97 11.97 10.38 10.17 10.38 10.17 10.17 10.38 11.73 11.96 10.23 10.23 10.27 10.27 10.56 10.40 17.36 7.72 5.67 5.53 10.86 7.72 7.86 16.81 15.61 12.65 12.01 15.06 16.75 19.81 19.62 17.46 18.75 18.61 18.61 16.26 6.58 6.58 7.12 6.39 7.70 7.19 10.21 9.42
10.29 11.50 9.14 8.81 8.39 8.70 8.39 8.73 8.58 10.56 11.07 11.07 11.28 11.52 11.50 10.68 10.93 21.83 22.33 22.33 22.66 9.06 14.05 13.65 13.57 26.44 26.69 26.27 22.99 22.99 24.18 22.99 22.99 22.99 22.99 10.92 10.92 11.53 11.60 11.40 11.97 11.75 10.38 10.38 11.34 10.38 10.52 11.51 12.01 11.96 11.96 11.20 10.27 10.57 10.57 10.27 6.31 10.48 7.21 7.21 8.31 7.21 7.21 7.07 7.21 11.83 16.62 17.36 16.85 16.67 19.81 14.21 14.07 15.47 16.39 9.99 9.39 9.85 9.99 9.53 9.26 7.31 10.21 9.73
8.12 10.07 9.09 7.95 7.54 8.28 7.54 8.41 8.77 9.79 9.79 9.79 9.47 9.53 9.53 9.53 9.65 20.71 21.53 21.07 23.33 23.33 15.36 9.73 25.05 25.05 25.05 24.92 24.92 21.64 21.64 21.64 21.64 21.64 21.74 13.28 11.43 11.54 11.28 11.62 11.26 11.54 9.21 9.45 9.45 9.21 10.24 9.49 11.53 12.08 11.13 11.53 9.57 9.57 9.86 9.86 9.13 12.68 7.12 7.12 6.69 6.69 7.79 7.66 7.12 6.81 6.69 7.12 14.60 14.72 14.72 14.21 11.15 15.93 6.42 6.28 9.31 4.60 6.28 6.42 6.86 10.71 10.71 7.33
7.90 10.48 8.56 7.82 7.54 8.60 7.81 8.60 9.79 9.12 9.79 9.79 9.85 9.53 9.53 9.53 9.69 20.71 20.85 21.07 22.61 22.61 24.78 24.78 25.05 25.05 25.05 25.05 24.92 26.89 21.64 21.64 21.64 22.68 20.42 23.16 11.54 11.87 11.54 11.54 11.13 11.13 9.21 9.45 9.45 9.45 9.21 12.49 9.45 9.72 9.45 9.45 11.28 9.94 9.09 9.57 9.13 9.26 10.40 7.26 7.26 6.56 7.66 7.12 7.12 6.69 6.56 6.81 10.08 10.22 2.10 2.10 6.07 6.42 6.28 6.28 9.56 5.74 6.72 6.72 6.72 7.05 7.05 10.14
11.15 7.06 8.38 9.69 7.48 8.56 8.56 8.56 9.53 9.53 9.53 9.53 9.51 9.51 9.51 9.51 9.65 9.65 20.83 22.80 23.76 27.93 24.85 24.75 25.01 25.01 25.01 25.01 21.64 24.92 21.64 21.64 21.64 21.64 21.78 23.21 11.66 11.50 11.60 11.50 11.09 11.82 9.45 9.21 11.49 11.49 11.04 11.04 14.61 12.41 9.58 9.45 9.21 11.26 9.45 9.85 9.10 9.21 9.29 7.12 7.12 7.12 7.66 7.12 7.10 7.38 7.22 10.08 10.22 2.10 7.49 8.07 6.55 6.28 6.28 6.28 6.42 7.44 6.42 6.72 7.04 7.04 6.91 7.44
4.31 8.12 7.98 7.60 7.48 7.48 7.76 9.38 9.12 9.79 9.53 8.76 7.70 9.51 9.51 9.51 9.65 9.65 20.68 17.97 24.75 24.75 24.75 24.75 25.01 25.01 25.01 25.01 21.64 24.92 23.84 23.03 23.04 23.17 20.56 20.72 11.74 11.24 11.85 11.85 11.09 10.98 11.74 11.24 11.04 11.04 11.04 11.04 14.79 11.43 9.58 9.35 9.45 9.45 9.45 9.45 8.65 8.79 6.56 6.56 7.66 7.12 7.79 6.83 2.10 7.51 10.49 11.18 10.36 10.81 7.12 7.66 7.04 6.80 6.28 6.28 6.72 7.32 5.80 5.66 7.17 6.91 7.04 6.72
7.98 8.12 7.84 7.60 8.14 7.78 7.91 8.54 9.12 9.82 7.61 7.61 7.70 7.70 7.70 9.51 9.65 8.50 8.60 22.52 24.75 24.75 24.75 24.75 25.01 25.01 25.01 25.01 21.61 26.31 22.81 23.47 22.81 22.81 23.04 20.42 11.85 11.24 11.50 9.69 9.21 11.95 11.09 11.09 11.04 11.04 11.04 11.04 14.05 9.58 9.72 9.35 9.45 9.45 9.45 9.45 9.82 8.79 7.26 7.12 9.83 10.93 11.07 6.83 7.10 5.10 4.97 2.55 10.24 7.12 11.07 7.66 6.72 5.93 5.93 6.67 8.01 7.18 7.05 7.18 6.86 7.04 7.04 7.04
6.65 6.79 8.12 7.84 7.48 7.78 8.14 8.56 9.79 8.37 7.61 7.61 7.70 7.70 7.70 7.70 7.80 7.80 7.80 9.64 24.75 24.75 24.75 24.75 25.01 25.01 25.01 25.01 25.06 26.31 23.58 18.11 22.81 22.95 23.17 11.52 11.50 11.60 11.40 11.40 11.24 11.51 11.09 11.09 11.04 11.04 11.04 11.04 11.09 12.72 9.21 9.21 9.45 9.58 9.58 9.45 9.51 8.99 7.12 7.12 7.66 10.93 10.93 10.11 10.22 5.38 2.51 2.10 8.83 8.45 8.09 7.82 6.72 5.89 6.07 5.80 6.55 6.42 6.28 7.05 7.04 7.04 6.91 6.72
6.93 6.93 8.18 7.80 7.88 7.88 7.88 8.50 8.40 8.40 7.64 7.64 8.83 8.83 7.72 7.72 7.77 7.77 7.94 9.91 22.81 24.66 24.66 24.66 24.94 24.94 24.94 24.94 25.13 26.18 18.11 18.25 23.02 22.27 21.74 11.77 11.55 11.32 11.55 9.69 11.22 10.73 11.05 11.05 11.02 11.02 11.02 11.02 11.08 14.79 9.45 9.21 11.19 7.98 9.58 9.21 9.99 9.98 9.60 7.80 7.26 7.26 6.69 5.24 7.10 2.10 7.93 7.93 7.79 7.12 7.81 7.81 6.72 6.72 6.72 6.42 6.28 6.28 6.28 7.03 7.43 7.02 7.43 2.32
6.93 7.06 8.39 8.12 7.88 8.50 7.88 7.88 5.24 7.64 7.64 20.52 21.07 19.95 8.00 7.86 8.08 7.77 9.60 8.55 21.43 24.66 24.66 24.66 24.94 25.03 24.94 24.94 21.78 25.02 25.05 21.02 21.78 20.83 22.02 9.69 11.32 11.32 11.55 9.69 11.22 11.05 11.49 11.19 11.16 11.02 11.20 11.20 11.35 14.79 9.21 9.21 9.58 8.15 9.45 7.89 8.99 9.10 8.99 9.13 7.82 6.96 10.23 7.10 8.20 6.67 7.66 7.66 7.12 7.12 7.81 7.66 6.72 6.72 6.28 6.90 6.90 6.72 6.72 6.72 6.72 6.72 6.28 5.10
8.26 7.48 7.20 7.06 7.90 7.88 7.88 7.88 5.24 7.64 20.52 22.25 20.87 21.01 20.37 20.24 19.95 20.95 22.39 20.62 21.54 23.37 21.54 24.66 23.98 21.78 21.61 21.61 21.64 21.61 25.05 20.89 20.56 20.97 8.68 9.69 9.90 11.55 11.32 11.32 10.73 11.26 11.49 11.26 10.71 11.48 9.21 11.96 9.72 12.72 9.21 9.45 11.14 8.69 8.02 11.52 8.99 9.10 9.10 8.99 9.50 6.82 4.91 2.42 7.12 7.82 7.12 7.12 8.09 7.12 7.81 7.66 6.72 7.03 6.90 6.28 6.72 6.72 6.86 6.42 6.72 6.89 6.28 6.28
8.12 8.53 6.93 2.27 8.04 7.88 7.88 8.02 8.53 7.64 20.52 20.52 20.60 20.60 20.87 15.07 21.60 21.55 20.62 15.35 21.70 21.84 20.12 6.21 2.28 21.88 21.74 21.74 21.88 21.88 6.09 8.10 8.10 15.69 11.77 11.46 11.32 11.32 11.32 11.58 11.05 11.05 11.05 11.05 11.24 9.45 9.21 11.20 9.45 12.86 12.63 12.01 12.48 11.34 10.94 14.39 11.06 9.10 9.10 8.99 9.36 8.22 10.54 10.23 7.26 7.12 7.12 7.12 7.12 7.67 7.81 7.66 6.86 6.72 6.28 6.28 6.28 6.72 7.00 7.00 7.02 6.28 6.28 6.28
8.93 6.93 6.93 6.65 5.78 8.03 8.05 8.17 24.10 20.55 20.69 21.32 20.74 20.74 15.81 18.62 23.50 24.59 25.00 23.76 18.76 11.02 11.99 10.89 11.51 12.49 12.71 5.42 5.42 11.24 6.09 8.37 9.90 3.22 11.86 11.59 11.31 11.40 11.40 11.40 11.09 11.52 11.09 11.52 11.48 9.45 9.45 9.45 9.45 9.21 12.63 15.36 11.08 11.21 11.35 11.64 9.82 11.37 8.99 9.36 9.36 8.39 12.77 11.20 10.53 7.26 7.12 7.12 7.12 7.12 7.66 8.74 6.86 6.28 6.28 6.72 6.28 6.72 6.72 7.02 6.28 6.28 6.28 6.28
7.06 7.06 8.26 6.65 6.79 7.90 8.56 19.94 21.44 23.96 20.69 20.69 25.13 10.76 10.90 2.47 10.49 10.62 9.08 8.02 9.08 7.47 7.79 7.47 9.41 10.53 2.56 2.45 7.87 5.42 5.97 6.11 11.97 3.22 11.49 11.38 11.54 11.12 11.40 11.40 11.09 11.52 11.52 9.45 9.21 9.45 9.45 8.56 9.21 9.45 9.21 11.02 14.78 15.06 11.61 9.45 9.82 13.10 11.37 8.99 9.36 9.36 12.64 9.20 10.93 7.26 6.83 7.79 6.56 7.12 7.66 7.80 7.02 6.28 6.86 6.72 6.72 6.72 6.72 6.28 6.28 6.72 6.28 6.28
7.06 7.06 8.26 8.49 7.98 7.98 6.65 19.67 21.68 21.10 24.78 11.35 10.76 2.63 7.76 7.21 2.06 5.64 11.09 10.17 8.80 7.61 7.79 8.67 7.96 7.82 2.81 8.28 7.87 8.10 3.50 8.64 3.18 11.97 2.56 7.82 10.85 10.06 10.06 11.81 11.09 11.52 9.21 9.21 10.92 9.45 10.25 9.45 9.72 9.72 11.22 10.94 10.76 11.08 14.39 14.39 14.20 13.24 13.10 12.27 11.37 12.77 13.09 9.20 9.34 10.11 7.10 6.83 7.12 7.66 7.12 7.80 6.42 6.42 7.00 6.72 7.02 7.02 7.02 7.27 6.90 6.96 6.82 6.90
10.48 10.20 6.93 8.12 8.26 8.82 6.79 6.79 19.81 18.89 11.31 7.62 8.04 2.60 7.62 8.47 7.22 7.65 9.71 9.71 9.88 10.35 8.69 8.67 8.90 9.94 9.17 7.68 8.15 2.95 2.91 9.22 8.51 8.42 11.10 9.00 8.90 8.76 8.76 8.76 9.57 11.09 11.52 9.21 10.70 11.51 9.62 8.83 9.72 11.22 11.31 11.44 11.08 11.08 11.21 11.21 10.75 10.23 10.10 9.96 9.79 11.63 12.48 9.20 9.07 12.68 7.26 7.26 7.26 7.12 7.12 7.66 7.00 7.13 6.86 6.72 6.72 6.72 7.27 6.76 6.90 6.16 6.82 10.10
2.39 2.26 11.02 10.34 10.88 6.79 1.85 10.48 11.32 10.62 8.67 8.47 7.48 8.40 9.14 8.19 9.38 9.10 9.55 10.27 9.85 7.47 9.77 8.53 8.76 8.76 8.90 9.04 9.04 9.14 8.28 7.82 8.87 12.28 5.56 10.58 9.00 8.90 10.95 8.73 9.88 9.88 11.19 11.37 11.00 11.14 5.74 5.60 9.45 11.18 10.94 10.94 11.27 11.27 10.88 11.35 10.33 9.96 10.51 10.20 9.13 5.68 9.93 8.39 8.36 9.50 9.40 7.66 7.79 7.26 7.12 7.79 6.28 7.00 6.72 6.90 6.90 7.10 6.76 7.63 6.90 6.90 9.03 9.30
6.79 7.63 7.06 7.06 10.34 10.20 10.48 5.76 5.77 8.26 8.26 8.47 2.19 7.21 8.33 8.19 5.24 10.22 11.80 9.69 9.24 9.71 8.67 8.53 8.76 8.76 8.76 8.76 9.07 9.00 9.00 8.87 9.00 12.14 9.04 10.60 10.88 8.76 8.76 8.73 8.51 9.88 9.64 11.19 11.00 12.29 12.08 12.08 11.46 10.94 10.94 10.94 11.06 11.06 11.06 11.06 10.46 11.41 11.28 9.65 8.80 11.63 9.20 8.22 8.22 8.22 8.80 9.36 5.62 5.72 7.12 7.66 7.41 6.82 6.82 6.90 9.57 7.21 6.90 5.75 9.16 9.30 6.02 5.76
7.21 7.35 7.49 7.96 6.17 9.72 6.05 10.92 5.55 5.42 10.33 9.71 6.43 6.57 7.64 8.79 7.37 9.21 8.90 8.90 9.40 9.23 9.01 8.83 8.97 8.97 8.97 8.97 8.97 9.42 9.56 8.37 8.37 12.43 9.15 9.72 8.97 10.09 9.15 8.97 8.99 8.99 10.45 10.45 10.27 9.91 10.27 10.27 10.21 10.21 10.36 9.85 10.32 9.96 11.01 11.01 9.71 10.06 11.14 2.54 11.21 8.76 9.08 7.93 8.07 9.08 8.95 9.57 8.78 5.54 7.30 7.30 7.13 7.79 7.28 7.28 10.56 10.12 10.04 9.03 5.88 5.88 5.63 5.63
6.42 6.17 9.45 11.55 9.58 7.62 7.19 6.58 6.98 5.69 6.57 6.43 9.57 9.71 7.37 7.50 8.83 9.75 9.75 9.04 9.40 8.92 9.23 8.83 8.97 8.97 9.15 9.15 8.97 8.97 9.15 9.42 8.23 11.51 8.23 9.29 9.29 2.33 9.15 8.97 8.99 8.99 10.83 10.09 10.40 11.01 10.27 10.27 10.21 10.21 9.85 9.85 10.32 10.32 10.32 11.01 10.12 9.71 11.27 2.71 5.45 8.95 8.76 9.08 9.69 9.08 8.95 9.06 8.92 7.76 7.44 7.44 6.68 6.63 7.27 10.70 7.01 9.67 10.03 6.29 6.02 5.63 5.63 5.63
6.31 9.45 9.31 7.62 7.35 7.35 7.49 6.31 8.15 9.98 7.88 7.60 6.43 2.47 9.71 9.43 8.83 9.20 9.51 9.45 8.88 8.88 9.35 8.83 8.97 8.97 9.15 9.15 9.15 9.15 9.15 9.15 9.15 11.68 9.29 8.97 9.15 9.15 9.15 9.15 9.18 9.18 9.71 10.43 10.25 10.73 10.25 10.25 10.21 10.21 10.21 10.21 10.36 10.36 10.36 10.36 9.67 10.11 10.16 2.41 12.22 8.95 8.95 8.95 8.76 8.95 8.95 9.09 8.89 8.76 7.76 5.67 6.63 6.77 9.62 6.40 6.26 6.62 9.44 9.08 5.90 5.63 5.63 5.63
9.56 9.56 6.31 6.58 6.17 6.17 7.49 6.17 7.47 10.92 7.60 7.47 7.47 7.64 6.43 6.16 11.24 12.61 9.65 9.15 9.03 9.53 9.51 9.01 9.15 9.15 9.15 9.15 9.15 9.15 9.15 9.29 11.24 8.40 9.42 9.15 9.15 9.72 9.72 9.15 9.18 9.18 9.18 9.92 10.25 10.25 10.25 10.25 10.21 10.21 10.21 10.21 10.36 10.36 10.78 10.36 9.67 10.11 11.00 8.31 11.22 8.95 8.95 9.08 9.08 8.95 8.95 8.96 8.76 8.76 8.76 9.04 6.77 6.74 9.67 6.26 6.35 5.62 5.94 9.35 5.80 5.90 5.76 5.63
2.06 9.58 6.44 6.72 7.51 6.03 7.10 7.35 7.60 6.41 10.74 7.37 7.47 7.60 7.50 7.50 2.89 2.89 11.65 7.83 8.13 8.13 9.24 8.96 9.29 8.23 8.23 9.15 9.15 9.15 9.42 8.23 12.56 9.29 9.29 8.97 8.97 9.15 9.55 9.15 9.18 9.18 9.71 5.43 9.81 10.25 10.25 10.25 10.21 10.21 10.21 10.21 10.36 10.36 10.36 10.36 10.03 10.03 11.00 11.00 6.15 8.89 9.22 3.09 8.22 8.95 7.94 9.56 8.76 9.09 9.09 9.09 8.69 8.24 9.54 6.26 6.90 5.67 5.67 9.22 9.18 1.72 1.59 5.63
2.76 10.24 6.44 6.72 8.04 7.10 7.21 7.21 7.74 6.29 11.93 7.50 7.50 7.37 7.37 7.37 9.28 9.55 3.44 5.98 11.54 7.99 2.83 8.51 9.29 8.51 8.23 9.15 9.15 9.40 9.11 9.29 12.56 9.29 9.42 9.29 8.97 8.97 9.11 9.69 9.18 9.18 8.99 5.43 5.43 9.81 9.81 6.93 11.33 10.21 10.21 10.21 10.78 10.36 10.36 10.36 10.03 10.03 10.03 10.03 12.84 8.89 9.08 9.08 8.95 8.76 8.76 8.90 8.90 9.09 9.09 8.76 7.82 8.42 11.38 6.40 6.15 5.62 5.76 5.94 9.08 8.81 5.53 5.63
