New_Model_Runs/12_Future_RCP4.5_Scn2_out/post_prcessed_with_MFR/Monthly_summaries/net_infiltration_monthly_APR.asc
NCOLS 700
NROWS 400
XLLCENTER 515000.000000
YLLCENTER 8409000.000000
CELLSIZE 50.000000
NODATA_value -999.000000
[rows 266 to 303 of 400, columns 168 to 251 of 700]
8.24 8.54 8.54 12.63 7.41 7.32 7.32 7.32 7.34 7.58 9.23 9.23 9.20 9.20 9.20 9.20 9.27 9.27 9.27 9.27 9.33 9.33 9.33 7.42 7.89 7.89 9.92 9.92 10.02 10.02 10.23 22.02 10.67 10.67 10.01 10.65 9.86 9.86 9.86 9.86 9.64 9.64 9.64 10.01 9.61 9.61 9.61 9.61 10.19 9.71 11.44 11.93 12.29 11.87 20.89 20.97 20.59 20.74 20.67 20.67 20.82 20.67 20.82 20.96 11.14 11.14 14.50 10.99 10.99 10.99 10.77 10.99 9.71 8.85 9.57 8.85 22.33 16.34 8.86 9.22 9.22 9.22 9.71 9.27
8.13 8.28 8.28 11.75 8.24 7.56 7.32 7.32 7.34 7.34 9.23 9.23 9.20 9.20 9.20 9.20 9.27 9.27 9.27 9.27 9.33 9.33 9.33 7.42 7.89 7.89 9.92 9.92 10.02 10.02 10.23 22.37 22.20 10.01 10.01 10.01 9.86 9.86 10.51 9.86 9.64 9.64 9.64 9.64 10.17 9.61 9.76 9.61 9.65 10.01 11.71 11.44 11.71 11.71 11.71 20.97 20.67 20.82 20.96 20.67 20.59 20.67 20.59 20.97 20.67 11.14 13.68 11.14 10.84 10.77 10.77 10.77 8.54 8.98 8.98 22.46 13.12 8.92 8.71 8.71 9.48 9.51 9.36 9.36
8.42 8.28 11.64 11.13 9.61 8.41 7.07 7.28 7.29 7.29 9.16 9.16 9.19 9.19 10.27 9.19 9.32 9.32 9.32 9.32 9.36 9.36 9.36 7.44 7.89 9.91 9.91 9.91 10.00 10.00 10.22 23.51 23.01 10.21 9.98 9.98 9.83 9.83 9.83 9.83 9.63 9.63 9.63 9.63 10.00 10.00 9.77 10.00 10.00 9.71 11.44 11.71 11.71 11.94 11.94 11.94 20.67 20.67 20.96 20.74 20.59 20.59 20.67 20.59 19.89 10.36 13.53 11.14 10.02 10.84 10.84 10.77 8.54 8.69 22.17 13.27 20.27 9.22 9.51 9.80 9.51 8.71 9.62 9.36
7.77 8.28 11.93 8.85 8.55 7.31 7.85 7.07 7.85 7.07 11.00 9.16 9.19 9.19 9.19 9.81 9.32 9.32 9.32 9.32 9.36 9.36 8.13 7.44 7.89 9.91 9.91 9.91 10.21 21.75 21.75 23.72 21.94 9.98 9.98 9.98 9.83 9.83 9.83 9.83 9.78 10.00 10.00 9.63 9.71 9.87 9.87 9.87 9.87 10.00 11.91 11.91 11.47 11.47 11.47 11.47 20.67 20.67 20.82 20.82 20.67 20.67 20.67 20.67 20.67 10.99 10.84 13.53 9.88 10.77 9.88 10.77 9.56 9.56 22.48 19.97 19.39 9.22 9.51 9.51 9.22 9.22 8.15 7.96
8.28 11.79 11.28 8.42 8.13 7.16 7.07 7.07 7.07 7.34 9.85 10.06 10.08 9.70 9.19 9.19 9.32 9.32 9.32 9.32 10.76 7.44 7.44 7.44 7.89 9.91 9.91 10.12 21.75 21.75 23.02 23.01 21.94 9.98 9.98 9.98 9.83 9.83 9.83 9.83 10.00 9.71 9.87 9.87 9.71 9.71 9.87 8.76 9.93 11.62 11.42 11.42 11.47 11.47 11.66 11.71 20.67 20.67 20.82 10.65 10.43 10.65 20.67 20.59 20.89 20.96 10.84 13.39 24.10 20.59 20.59 10.77 9.71 12.36 18.81 19.53 9.22 9.22 9.36 9.51 9.22 9.25 8.15 10.51
8.13 10.99 2.78 8.42 7.16 7.16 7.07 7.07 7.07 8.30 10.06 10.06 9.83 9.83 9.47 9.47 9.32 21.21 21.21 9.27 8.64 7.44 7.44 7.44 7.89 9.91 9.91 9.91 21.94 23.01 23.02 23.94 23.01 21.94 9.98 9.98 9.83 9.83 9.83 9.83 10.00 10.00 9.71 9.71 9.71 9.71 9.87 8.61 9.78 11.42 11.42 11.92 11.47 11.47 11.66 11.71 20.67 20.67 9.10 11.21 13.94 13.94 14.09 23.70 23.49 24.57 23.84 24.10 24.18 24.10 20.59 13.06 19.40 22.48 18.81 19.39 9.22 9.22 9.66 9.66 9.25 9.25 10.17 10.51
8.28 11.48 7.91 7.60 6.95 6.95 6.95 6.95 7.00 9.50 10.00 10.00 9.62 9.45 9.45 9.45 10.65 23.02 21.23 21.23 7.70 9.08 8.65 8.37 7.79 13.49 13.59 21.89 21.91 23.06 23.06 23.06 23.06 21.91 11.05 10.35 9.67 9.67 9.67 9.67 9.43 9.43 9.95 9.81 9.95 9.81 9.81 9.95 10.93 9.42 11.34 11.34 11.38 11.38 11.40 11.59 20.67 10.58 6.72 6.58 13.94 10.58 10.73 20.04 19.54 14.16 13.52 18.95 19.69 22.89 23.21 20.59 22.04 22.02 22.02 19.39 9.22 9.22 9.80 8.86 10.08 9.22 11.23 9.94
9.18 10.99 7.75 7.36 6.95 7.32 6.95 7.36 7.23 9.34 10.00 10.00 10.18 10.45 10.43 9.45 9.79 21.36 22.38 22.38 22.31 9.05 12.79 12.09 12.29 25.76 26.41 26.57 23.06 23.06 23.90 23.06 23.06 23.06 23.06 10.02 10.02 9.82 9.90 9.67 9.43 9.62 9.95 9.95 10.82 9.95 10.09 11.05 9.90 9.42 9.42 11.83 11.38 11.90 11.90 11.38 8.79 13.39 9.87 9.87 10.80 9.87 9.87 9.73 9.87 13.28 19.99 20.67 19.92 19.52 22.89 16.07 15.88 18.66 19.53 12.87 12.08 12.73 12.87 12.22 11.93 9.48 11.23 10.42
7.17 9.87 8.06 6.64 6.25 7.20 6.25 7.34 7.85 9.03 9.03 9.03 8.66 8.58 8.58 8.58 8.82 20.38 21.36 21.46 21.21 21.21 11.85 6.68 24.63 24.63 24.63 25.48 25.48 21.97 21.97 21.97 21.97 21.97 22.07 9.99 9.08 8.80 8.93 9.30 9.20 9.07 8.80 8.98 8.98 8.80 9.81 9.10 9.49 9.84 8.63 9.07 10.42 10.42 10.84 10.84 9.97 13.77 9.24 9.24 8.60 8.60 9.50 9.35 9.24 8.67 8.60 9.24 17.85 16.25 16.25 15.89 12.33 18.24 8.29 8.14 11.14 6.94 8.14 8.29 8.31 12.69 12.69 8.94
6.59 10.31 7.32 6.49 6.25 7.55 6.54 7.55 9.03 8.61 9.03 9.03 9.08 8.58 8.58 8.58 8.72 20.38 20.64 21.46 20.48 20.48 23.96 23.96 24.63 24.63 24.63 24.63 25.48 26.83 21.97 21.97 21.97 22.74 20.93 21.15 8.80 9.16 8.80 8.80 8.64 8.64 8.80 8.98 8.98 8.98 8.80 12.31 8.98 9.27 8.98 8.98 9.21 10.59 10.49 10.42 9.97 10.12 12.75 9.38 9.38 8.46 9.35 9.24 9.24 8.60 8.46 8.67 12.18 12.33 2.91 2.91 7.73 8.29 8.14 8.14 11.65 8.57 8.16 8.16 8.16 8.64 8.64 11.82
10.11 6.65 7.13 8.77 6.20 7.51 7.51 7.51 8.74 8.74 8.74 8.74 8.57 8.57 8.57 8.57 8.69 8.69 20.63 20.76 20.91 29.00 24.29 23.94 24.60 24.60 24.60 24.60 21.97 25.48 21.97 21.97 21.97 21.97 22.12 22.70 8.93 8.78 9.28 8.78 8.61 9.50 8.98 8.80 9.04 9.04 8.57 8.57 13.52 9.51 9.13 8.98 8.80 9.20 8.98 10.83 9.94 10.13 11.91 9.24 9.24 9.24 9.35 9.24 9.04 9.34 9.11 12.18 12.33 2.91 9.40 9.79 8.43 8.14 8.14 8.14 8.29 8.99 8.29 8.16 8.62 8.62 8.37 9.18
3.95 7.17 6.71 6.30 6.20 6.20 6.54 8.34 8.61 9.02 8.74 7.84 6.48 8.57 8.57 8.57 8.69 8.69 20.35 18.94 23.94 23.94 23.94 23.94 24.60 24.60 24.60 24.60 21.97 25.48 22.03 21.18 21.19 21.33 21.07 21.55 9.43 8.90 9.14 9.14 8.61 8.91 9.60 9.18 8.57 8.57 8.57 8.57 12.57 8.94 9.13 8.95 8.98 8.98 8.98 8.98 10.01 10.15 8.46 8.46 9.35 9.24 9.50 8.75 2.91 9.48 12.62 12.88 12.47 13.19 9.24 9.35 8.56 8.03 8.14 8.14 8.16 8.92 7.43 7.29 8.77 8.37 8.62 8.16
7.03 7.17 6.55 6.30 6.89 6.52 7.32 8.14 8.61 8.92 6.41 6.41 6.48 6.48 6.48 8.57 8.69 7.30 7.62 20.42 23.94 23.94 23.94 23.94 24.60 24.60 24.60 24.60 21.93 24.69 20.90 21.67 20.90 20.90 21.19 20.93 9.14 8.90 8.78 9.01 8.80 9.73 8.61 8.61 8.57 8.57 8.57 8.57 12.22 9.13 9.28 8.95 8.98 8.98 8.98 8.98 8.62 10.15 9.38 9.24 11.97 12.86 13.01 8.75 9.04 6.13 5.98 3.14 12.41 9.24 13.01 9.35 8.16 7.58 7.58 7.91 8.98 8.78 8.63 8.78 8.31 8.62 8.62 8.62
6.21 6.36 7.17 6.56 6.20 6.52 6.93 7.51 9.02 7.42 6.41 6.41 6.48 6.48 6.48 6.48 6.56 6.56 6.56 6.62 23.94 23.94 23.94 23.94 24.60 24.60 24.60 24.60 24.65 24.69 21.72 19.28 20.90 21.05 21.33 9.15 8.78 9.28 9.06 9.06 9.18 9.06 8.61 8.61 8.57 8.57 8.57 8.57 8.61 12.49 8.80 8.80 8.98 9.13 9.13 8.98 8.45 7.32 9.24 9.24 9.35 12.86 12.86 12.26 12.33 6.42 3.12 2.91 10.40 9.74 9.74 9.44 8.16 7.48 7.73 7.43 8.43 8.29 8.14 8.63 8.62 8.62 8.37 8.16
6.50 6.50 7.53 6.54 6.18 6.18 6.18 7.10 7.45 7.45 6.43 6.43 7.90 7.90 6.50 6.50 6.53 6.53 6.82 6.95 20.76 23.86 23.86 23.86 24.54 24.54 24.54 24.54 24.74 26.40 19.28 19.43 21.15 21.97 22.07 9.45 9.24 9.00 9.24 9.01 9.17 8.68 8.58 8.58 8.56 8.56 8.56 8.56 8.60 12.57 8.98 8.80 10.25 7.69 9.13 8.80 8.63 8.55 8.37 9.31 9.38 9.38 8.60 6.28 9.04 2.91 9.65 9.65 9.50 9.24 9.43 9.43 8.16 8.16 8.16 8.29 8.14 8.14 8.14 8.61 9.18 8.60 9.18 4.91
6.50 6.65 7.47 7.17 6.18 7.10 6.18 6.18 4.30 6.43 6.43 20.23 21.46 20.56 6.79 6.64 6.96 6.53 6.59 7.59 21.39 23.86 23.86 23.86 24.54 24.93 24.54 24.54 22.12 25.58 25.63 21.50 22.12 21.37 22.37 9.01 9.00 9.00 9.24 9.01 9.17 8.58 9.05 8.73 8.71 8.56 9.16 9.16 8.89 12.57 8.80 8.80 9.13 7.87 8.98 7.58 7.32 7.66 7.32 7.47 9.73 8.87 12.39 9.04 9.94 8.52 9.35 9.35 9.24 9.24 9.43 9.35 8.16 8.16 8.14 8.36 8.35 8.16 8.16 8.16 8.16 8.16 8.14 7.30
7.32 7.10 6.80 6.65 6.65 6.18 6.18 6.18 4.30 6.43 20.23 22.19 20.60 20.74 21.03 20.88 20.56 20.76 21.86 20.80 21.53 21.28 21.53 23.86 23.45 22.12 21.93 21.93 21.97 21.93 25.63 21.36 21.07 21.51 8.21 9.01 9.74 9.24 9.00 9.00 8.68 8.77 9.05 8.77 8.66 9.04 8.80 10.14 9.28 12.49 8.80 8.98 9.07 8.42 7.72 9.48 7.32 7.66 7.66 7.32 7.94 8.73 5.92 3.01 9.24 9.64 9.24 9.24 9.91 9.24 9.43 9.35 8.16 8.62 8.36 8.14 8.16 8.16 8.31 8.29 8.16 8.34 8.14 8.14
7.17 7.61 6.50 2.16 6.80 6.18 6.18 6.33 7.59 6.43 20.23 20.23 20.29 20.29 20.59 15.85 22.48 21.67 20.80 16.06 21.68 21.83 20.31 5.94 2.31 22.22 22.07 22.07 22.22 22.22 6.24 7.72 7.72 16.52 9.45 9.10 9.00 9.00 9.00 8.87 8.58 8.58 8.58 8.58 8.76 8.98 8.80 9.16 8.98 12.64 12.46 9.17 9.55 10.01 8.88 12.14 9.14 7.66 7.66 7.32 7.80 6.84 12.54 12.39 9.38 9.24 9.24 9.24 9.24 9.17 9.43 9.35 8.31 8.16 8.14 8.14 8.14 8.16 8.45 8.45 8.60 8.14 8.14 8.14
8.11 6.49 6.49 6.19 4.73 6.33 6.87 6.48 24.06 20.25 20.40 21.28 20.44 20.44 16.40 19.65 24.37 25.65 24.99 24.16 19.72 10.51 11.05 10.36 11.37 11.95 12.03 5.68 5.68 11.08 6.24 8.01 9.17 3.16 9.57 9.27 8.99 8.70 8.70 8.70 8.61 9.06 8.61 9.06 9.03 8.98 8.98 8.98 8.98 8.80 12.46 13.37 8.60 8.75 8.89 9.20 8.62 10.16 7.32 7.80 7.80 7.10 11.45 13.11 12.89 9.38 9.24 9.24 9.24 9.24 9.15 9.98 8.31 8.14 8.14 8.16 8.14 8.16 8.16 8.60 8.14 8.14 8.14 8.14
6.63 6.63 7.31 6.19 6.34 6.65 7.31 20.46 21.16 23.91 20.40 20.40 25.11 10.70 10.85 2.34 10.41 10.55 8.17 7.29 8.17 6.71 6.97 6.71 8.86 9.58 2.61 2.40 7.41 5.68 6.26 6.41 11.80 3.16 9.18 9.04 9.24 8.82 8.70 8.70 8.61 9.06 9.06 8.98 8.80 8.98 8.98 8.27 8.80 8.98 8.80 11.17 12.57 12.86 10.30 8.98 8.62 12.13 10.16 7.32 7.80 7.80 11.31 7.83 12.86 9.38 8.75 9.50 8.46 9.24 9.35 9.42 8.60 8.14 8.31 8.16 8.16 8.16 8.16 8.14 8.14 8.16 8.14 8.14
6.63 6.63 7.31 7.44 7.02 7.10 6.32 20.15 21.67 20.84 24.79 10.39 10.70 2.57 7.48 6.90 1.90 5.83 7.42 7.23 7.88 6.85 6.97 7.73 7.57 7.42 2.73 7.85 7.41 7.72 3.46 8.30 3.10 11.80 2.61 7.42 8.15 7.32 7.32 10.95 8.61 9.06 8.80 8.80 8.86 8.98 9.81 8.98 9.28 9.28 9.17 8.88 8.70 8.60 12.56 12.56 12.22 12.28 12.13 10.83 10.16 11.45 12.17 7.83 7.98 12.26 9.04 8.75 9.24 9.35 9.24 9.42 8.29 8.29 8.45 8.16 8.60 8.60 8.60 8.48 8.56 8.38 8.24 8.56
10.29 10.00 6.49 7.16 7.31 8.70 6.34 6.34 20.42 19.94 11.29 7.34 7.80 2.49 7.34 7.95 6.92 6.82 6.72 6.72 6.87 8.89 7.74 7.73 8.32 9.09 8.62 7.28 7.71 2.87 2.81 8.44 8.16 8.00 10.93 8.42 8.32 8.18 8.18 8.18 6.89 8.61 9.06 8.80 8.66 9.05 9.34 8.57 9.28 9.17 8.87 9.25 8.60 8.60 8.75 8.75 9.90 9.06 8.91 8.76 8.74 10.49 11.34 7.83 7.82 11.27 9.38 9.38 9.38 9.24 9.24 9.35 8.45 8.60 8.31 8.16 8.16 8.16 8.48 8.42 8.56 7.66 8.24 11.75
2.24 2.09 10.95 10.14 10.80 6.34 1.65 10.30 11.39 10.02 7.86 7.95 7.19 7.57 8.78 7.65 8.40 7.62 6.55 8.54 6.86 6.71 8.42 7.59 8.18 8.18 8.32 8.47 8.47 8.57 7.85 7.42 8.28 11.93 5.82 9.64 8.42 8.32 9.61 8.13 7.31 7.31 8.68 8.85 8.55 8.69 5.85 5.70 8.98 8.71 8.50 8.50 8.78 8.78 8.83 9.79 8.51 8.76 9.35 9.18 8.01 5.48 8.48 7.10 6.98 7.94 7.76 9.35 9.50 9.38 9.24 9.40 8.14 8.45 8.16 8.56 8.56 8.53 8.42 8.85 8.56 8.56 10.90 11.02
6.34 7.37 6.63 6.63 10.14 10.00 10.29 5.86 5.93 7.42 7.42 7.95 2.05 6.90 7.80 7.65 4.22 7.26 8.17 6.70 7.77 6.71 7.73 7.59 8.18 8.18 8.18 8.18 8.87 8.42 8.42 8.28 8.42 11.79 8.47 9.19 8.17 8.18 8.18 8.13 8.10 7.31 6.95 8.68 8.55 10.91 9.86 9.86 9.01 8.50 8.50 8.50 8.59 8.59 8.59 8.59 8.24 9.44 9.12 8.60 7.73 10.49 7.83 6.84 6.84 6.84 7.54 7.80 7.86 8.09 9.24 9.35 8.74 8.24 8.24 8.56 11.32 8.05 8.56 7.39 11.04 11.02 7.51 7.34
6.68 6.83 6.97 7.59 6.16 9.96 6.38 10.97 5.77 5.63 10.87 10.07 6.56 6.70 7.58 8.22 7.29 6.65 7.06 7.06 7.70 6.66 7.23 7.22 7.56 7.56 7.56 7.56 7.56 7.84 7.99 6.97 6.97 11.06 7.55 8.24 7.56 7.81 7.55 7.56 7.52 7.52 8.84 8.84 8.70 8.64 8.70 8.70 8.66 8.66 8.52 8.59 8.74 8.69 9.35 9.35 8.33 8.39 9.04 2.07 9.94 7.25 7.39 6.42 6.57 7.39 7.24 7.27 6.96 7.61 8.63 8.63 8.01 8.36 8.28 8.28 11.79 12.46 11.63 10.61 7.06 7.06 6.90 6.90
6.44 6.16 9.67 10.85 9.81 7.12 7.36 6.60 7.14 5.92 6.70 6.56 9.92 10.07 7.29 7.43 7.22 7.34 7.34 6.42 7.70 7.07 6.66 7.22 7.56 7.56 7.55 7.55 7.56 7.56 7.55 7.84 6.82 10.34 6.82 7.70 7.70 1.88 7.55 7.56 7.52 7.52 8.53 8.80 8.54 9.36 8.70 8.70 8.66 8.66 8.59 8.59 8.74 8.74 8.74 9.35 8.81 8.33 9.18 2.34 5.19 7.24 7.25 7.39 8.20 7.39 7.24 7.26 7.11 6.26 8.78 8.78 7.78 7.97 8.16 11.94 7.80 11.41 11.89 7.50 7.21 6.90 6.90 6.90
6.30 9.67 9.52 7.12 6.83 6.83 6.97 6.30 7.81 10.36 7.52 7.22 6.56 2.56 10.07 9.77 7.22 6.64 7.07 6.75 7.04 7.04 7.67 7.22 7.56 7.56 7.55 7.55 7.55 7.55 7.55 7.55 7.55 10.60 7.70 7.56 7.55 7.55 7.55 7.55 7.51 7.51 7.35 8.83 8.69 8.46 8.69 8.69 8.65 8.65 8.65 8.65 8.77 8.77 8.77 8.77 8.30 8.79 8.51 1.92 10.75 7.24 7.24 7.24 7.25 7.24 7.24 7.35 7.09 6.94 6.26 7.75 7.97 8.12 11.45 7.90 7.75 8.23 11.04 10.66 7.20 6.90 6.90 6.90
9.81 9.81 6.30 6.60 6.16 6.16 6.97 6.16 7.08 11.09 7.22 7.08 7.08 7.58 6.56 6.26 9.86 10.30 7.22 6.55 6.41 7.08 6.90 7.23 7.55 7.55 7.55 7.55 7.55 7.55 7.55 7.70 10.04 7.09 7.84 7.55 7.55 8.24 8.24 7.55 7.51 7.51 7.51 7.59 8.69 8.69 8.69 8.69 8.65 8.65 8.65 8.65 8.77 8.77 8.50 8.77 8.30 8.79 8.89 7.30 10.03 7.24 7.24 7.39 7.39 7.24 7.24 7.43 6.94 6.94 6.94 7.24 8.12 8.48 11.41 7.75 7.93 6.95 7.30 10.95 7.15 7.20 7.05 6.90
2.02 9.81 6.45 6.74 7.31 6.01 6.87 6.83 7.22 6.56 10.59 7.29 7.08 7.22 7.43 7.43 2.45 2.45 10.30 6.20 6.60 6.60 7.66 7.36 7.70 6.82 6.82 7.55 7.55 7.55 7.84 6.82 11.21 7.70 7.70 7.56 7.56 7.55 8.15 7.55 7.51 7.51 7.35 4.06 7.55 8.69 8.69 8.69 8.65 8.65 8.65 8.65 8.77 8.77 8.77 8.77 8.36 8.36 8.89 8.89 5.69 7.39 7.54 2.61 6.82 7.24 6.52 7.26 6.94 7.35 7.35 7.35 7.08 6.54 11.26 7.75 8.26 7.00 7.00 10.81 10.71 2.38 2.23 6.90
2.75 10.54 6.45 6.74 7.11 6.87 6.68 6.68 7.37 6.41 11.58 7.43 7.43 7.29 7.29 7.29 7.52 7.81 3.03 5.74 10.26 6.45 2.33 6.94 7.70 7.12 6.82 7.55 7.55 8.29 7.70 7.70 11.21 7.70 7.84 7.70 7.56 7.56 7.70 8.23 7.51 7.51 7.52 4.06 4.06 7.55 7.55 5.25 9.27 8.65 8.65 8.65 8.50 8.77 8.77 8.77 8.36 8.36 8.36 8.36 10.77 7.39 7.39 7.39 7.24 7.25 7.25 7.09 7.10 7.35 7.35 7.25 6.48 6.78 9.90 7.90 7.36 6.95 7.09 7.30 10.66 10.37 6.86 6.90
6.26 7.17 9.96 6.16 5.86 6.68 6.68 6.68 7.22 7.22 7.08 6.26 6.41 7.08 7.29 7.23 7.52 8.11 8.11 6.81 3.03 10.30 9.86 6.20 7.84 8.14 8.28 7.55 7.37 7.56 7.56 6.53 11.36 7.99 7.70 7.70 7.56 7.70 6.94 7.70 7.81 7.66 7.59 8.31 4.06 4.06 4.06 4.06 9.27 8.69 8.69 8.69 8.48 8.72 9.35 8.48 8.32 8.91 8.32 8.32 10.42 8.04 7.24 7.24 7.25 7.24 7.39 6.67 7.24 6.94 7.09 7.49 6.48 6.52 10.05 6.54 7.06 6.95 6.95 8.26 7.30 10.52 7.71 7.71
5.68 10.10 10.70 6.29 6.44 6.68 6.68 6.68 7.08 7.22 8.17 8.02 8.17 7.22 6.41 6.35 7.51 7.38 7.52 7.49 6.94 7.67 7.63 10.88 10.48 6.53 6.82 7.99 8.64 6.94 7.70 7.56 10.48 8.14 7.70 7.56 7.70 7.70 7.55 8.39 7.51 7.67 7.52 7.52 7.52 4.06 4.06 7.54 7.55 8.69 8.69 8.69 8.72 8.72 8.95 8.72 8.32 8.32 8.32 6.90 10.42 1.68 7.24 7.24 7.24 7.24 7.39 7.39 6.52 7.34 7.41 7.39 6.52 6.67 10.18 6.52 6.52 7.97 6.95 8.12 7.24 7.15 11.37 7.71
10.63 6.16 6.29 9.66 8.00 7.11 6.83 6.68 7.08 7.37 7.37 7.08 7.22 7.22 4.16 7.37 6.20 7.52 7.23 7.23 7.23 7.81 7.52 6.35 6.97 10.34 6.82 8.05 8.50 7.26 6.82 7.85 10.78 10.34 7.99 7.85 7.23 6.82 7.84 7.70 7.52 7.52 7.52 7.52 7.52 7.56 8.31 7.88 7.18 8.69 8.69 8.69 8.72 8.72 8.92 8.72 8.32 8.32 8.45 7.84 10.77 6.28 7.24 7.24 7.54 7.54 7.24 7.24 7.25 7.24 7.24 7.24 6.52 6.81 9.56 6.67 6.67 1.48 2.00 8.12 8.26 11.38 10.37 11.22
6.97 7.12 6.44 5.38 10.49 6.68 6.83 6.97 7.37 7.22 7.37 6.56 6.56 7.37 6.41 6.50 6.64 6.35 7.52 7.52 7.37 7.23 7.23 7.23 7.99 6.97 10.04 8.78 7.09 2.17 6.82 2.61 3.34 5.68 11.96 7.70 7.70 6.68 6.97 7.70 7.52 7.52 7.51 7.52 7.52 7.51 7.51 7.52 6.82 7.35 8.85 8.69 8.72 8.72 8.72 8.72 5.10 8.89 7.47 7.65 10.84 6.52 7.24 7.54 6.72 6.57 7.39 7.24 7.24 7.39 7.39 7.24 10.03 5.97 9.63 5.68 5.82 6.05 1.92 8.12 11.63 10.52 6.86 6.86
6.83 6.83 6.97 2.02 10.34 10.19 10.34 9.67 11.17 7.37 7.08 7.37 7.37 7.43 6.56 6.64 6.35 6.35 6.50 7.96 6.50 7.23 7.23 7.23 7.55 7.99 6.82 2.55 10.89 11.21 10.34 10.63 10.78 5.68 10.19 11.90 7.99 7.70 7.70 7.56 7.52 7.52 7.52 7.52 7.52 7.52 7.51 7.52 7.52 7.51 8.06 7.20 7.18 8.69 8.69 8.69 7.82 7.25 7.98 6.88 10.84 7.24 7.39 7.68 7.39 7.24 7.24 7.24 6.43 7.54 7.39 7.24 10.18 9.85 9.70 6.05 5.68 6.49 2.36 5.29 5.51 6.95 6.86 6.86
6.68 6.68 6.68 4.92 9.66 9.52 6.44 6.83 7.37 7.22 7.29 7.22 7.29 7.29 7.36 7.36 7.80 6.64 6.79 9.15 7.51 7.22 7.36 6.75 7.70 7.55 7.84 7.12 7.41 11.04 7.66 6.82 7.70 7.84 6.82 10.48 5.39 7.84 7.36 7.36 7.51 7.51 6.65 7.67 7.52 7.52 7.51 7.51 7.52 8.05 7.66 7.52 7.51 6.82 8.69 8.69 7.32 7.25 7.25 7.24 9.79 7.25 7.24 7.54 7.83 7.54 7.24 7.24 8.06 7.39 7.39 6.82 2.07 1.78 9.26 6.19 9.70 9.33 8.89 1.48 5.68 7.24 7.00 6.86
6.83 6.68 6.83 6.68 6.15 4.94 6.15 6.68 7.08 7.22 7.87 6.70 1.82 7.22 7.23 7.52 7.08 7.95 7.95 7.52 7.82 7.22 7.22 7.52 7.70 7.70 6.97 7.99 7.70 11.21 7.70 7.70 7.84 6.82 7.84 7.99 6.97 10.45 5.63 7.91 7.51 7.52 7.66 7.52 7.52 7.52 6.91 6.65 5.10 7.66 7.67 8.87 8.73 6.82 8.69 6.82 7.24 7.25 7.24 7.24 9.79 7.25 7.24 7.39 7.68 7.39 7.24 7.39 7.39 7.39 7.39 7.39 6.96 1.92 9.41 9.56 9.33 5.45 4.72 1.95 2.24 5.66 7.15 7.30
6.83 6.83 6.97 6.16 4.78 1.84 9.52 6.83 7.08 7.22 6.56 7.14 7.81 7.43 7.22 7.23 7.67 7.67 8.20 7.37 7.01 6.63 6.63 6.63 7.70 6.82 7.99 7.99 11.21 7.55 7.70 7.56 7.70 7.70 7.55 7.56 7.70 8.14 10.74 5.39 10.01 10.01 7.51 7.66 7.66 7.51 7.66 7.81 7.52 7.66 7.66 7.35 7.18 6.82 7.32 6.82 7.25 7.25 7.24 6.52 9.79 7.25 7.24 7.25 7.24 7.24 7.25 7.24 7.24 7.68 7.68 7.24 6.63 9.33 9.41 6.19 6.81 5.37 6.11 6.40 6.93 5.96 5.66 7.30
