New_Model_Runs/12_Future_RCP4.5_Scn2_out/post_prcessed_with_MFR/Monthly_summaries/net_infiltration_monthly_DEC.asc
NCOLS 700
NROWS 400
XLLCENTER 515000.000000
YLLCENTER 8409000.000000
CELLSIZE 50.000000
NODATA_value -999.000000
[rows 152 to 189 of 400, columns 252 to 335 of 700]
0.00 0.00 0.00 0.00 0.00 0.00 0.00 0.00 0.00 0.00 0.00 0.00 0.00 0.00 0.00 0.00 0.00 0.00 0.00 0.00 0.00 0.00 0.00 0.00 0.00 0.00 0.00 0.00 0.00 0.00 0.00 0.00 0.00 0.00 0.00 0.00 0.00 0.00 0.00 0.00 0.00 0.00 0.00 0.00 0.00 0.00 0.00 5.02 4.98 5.86 4.98 4.98 4.68 4.68 4.68 4.68 5.54 4.66 4.66 4.66 4.67 4.67 4.67 4.67 4.73 4.73 4.73 4.73 4.99 4.99 4.99 4.99 5.03 5.03 5.36 5.95 11.14 11.13 7.35 6.53 8.07 6.38 6.53 7.70
0.00 0.00 0.00 0.00 0.00 0.00 0.00 0.00 0.00 0.00 0.00 0.00 0.00 0.00 0.00 0.00 0.00 0.00 0.00 0.00 0.00 0.00 0.00 0.00 0.00 0.00 0.00 0.00 0.00 0.00 0.00 0.00 0.00 0.00 0.00 0.00 0.00 0.00 0.00 0.00 0.00 0.00 0.00 0.00 0.00 0.00 5.02 5.02 4.98 4.98 4.98 4.98 4.68 4.68 4.68 4.68 4.66 4.66 4.66 4.66 4.67 4.67 4.67 4.67 4.73 4.73 4.73 4.73 4.99 4.99 7.12 4.99 5.06 5.21 6.68 6.68 11.45 7.81 7.20 6.38 10.01 10.71 5.95 5.95
0.00 0.00 0.00 0.00 0.00 0.00 0.00 0.00 0.00 0.00 0.00 0.00 0.00 0.00 0.00 0.00 0.00 0.00 0.00 0.00 0.00 0.00 0.00 0.00 0.00 0.00 0.00 0.00 0.00 0.00 0.00 0.00 0.00 0.00 0.00 0.00 0.00 0.00 0.00 0.00 0.00 0.00 0.00 0.00 0.00 5.90 5.02 5.02 4.98 4.98 4.98 4.98 4.68 4.68 4.68 4.68 4.66 4.66 4.66 4.66 4.67 4.67 4.67 4.67 4.73 4.73 4.73 4.73 4.99 7.12 7.31 7.15 7.23 6.68 6.83 6.98 6.15 10.61 11.45 10.56 5.21 1.98 6.13 6.43
0.00 0.00 0.00 0.00 0.00 0.00 0.00 0.00 0.00 0.00 0.00 0.00 0.00 0.00 0.00 0.00 0.00 0.00 0.00 0.00 0.00 0.00 0.00 0.00 0.00 0.00 0.00 0.00 0.00 0.00 0.00 0.00 0.00 0.00 0.00 0.00 0.00 0.00 0.00 0.00 0.00 0.00 0.00 0.00 0.00 5.02 5.02 5.02 4.98 4.98 4.98 4.98 4.68 4.68 4.68 4.68 4.66 4.66 4.66 4.66 4.67 4.67 4.67 4.67 4.73 4.73 4.73 4.73 4.99 7.12 7.12 7.12 7.23 7.54 6.68 2.22 10.61 7.66 6.29 5.05 5.19 5.19 5.06 6.30
0.00 0.00 0.00 0.00 0.00 0.00 0.00 0.00 0.00 0.00 0.00 0.00 0.00 0.00 0.00 0.00 0.00 0.00 0.00 0.00 0.00 0.00 0.00 0.00 0.00 0.00 0.00 0.00 0.00 0.00 0.00 0.00 0.00 0.00 0.00 0.00 0.00 0.00 0.00 0.00 0.00 0.00 0.00 0.00 3.37 5.01 5.01 5.01 5.00 5.00 5.00 5.00 4.73 4.73 4.73 4.73 4.72 4.72 4.72 4.72 4.72 4.72 4.72 4.72 4.73 4.73 5.63 4.73 5.86 7.11 7.11 7.11 7.19 7.19 7.49 5.53 7.64 5.18 5.18 5.04 5.02 5.05 5.05 6.24
0.00 0.00 0.00 0.00 0.00 0.00 0.00 0.00 0.00 0.00 0.00 0.00 0.00 0.00 0.00 0.00 0.00 0.00 0.00 0.00 0.00 0.00 0.00 0.00 0.00 0.00 0.00 0.00 0.00 0.00 0.00 0.00 0.00 0.00 0.00 0.00 0.00 0.00 0.00 0.00 0.00 0.00 0.00 0.00 5.08 5.01 5.01 5.01 5.00 5.00 5.00 5.00 4.73 4.73 4.73 4.73 4.72 4.72 4.72 4.72 4.72 4.72 4.72 5.62 4.73 4.73 4.73 4.73 4.99 4.99 7.11 7.19 7.19 7.34 7.49 10.16 7.69 7.18 5.06 5.03 5.05 5.05 5.02 6.24
0.00 0.00 0.00 0.00 0.00 0.00 0.00 0.00 0.00 0.00 0.00 0.00 0.00 0.00 0.00 0.00 0.00 0.00 0.00 0.00 0.00 0.00 0.00 0.00 0.00 0.00 0.00 2.77 0.00 0.00 0.00 0.00 0.00 0.00 0.00 0.00 0.00 0.00 0.00 0.00 0.00 0.00 0.00 0.00 5.01 5.01 5.01 5.01 5.00 5.00 5.00 5.00 4.73 4.73 4.73 4.73 4.72 4.72 4.72 4.72 4.72 4.72 4.72 4.72 4.73 4.73 4.73 4.73 4.99 4.99 7.11 7.19 7.21 7.49 11.12 6.53 7.49 7.18 5.03 5.03 5.02 5.02 5.02 5.02
0.00 0.00 0.00 0.00 0.00 0.00 0.00 0.00 0.00 0.00 0.00 0.00 0.00 0.00 0.00 0.00 0.00 0.00 0.00 0.00 0.00 0.00 0.00 0.00 0.00 0.00 5.76 4.90 0.00 0.00 0.00 0.00 0.00 0.00 0.00 0.00 0.00 0.00 0.00 0.00 0.00 0.00 0.00 0.00 0.00 0.00 5.01 5.01 5.00 5.00 5.00 5.00 4.73 4.73 4.73 4.73 4.72 4.72 4.72 4.72 4.72 6.31 4.72 4.72 4.73 4.73 4.73 4.73 4.99 4.99 7.11 7.15 7.08 10.31 10.01 6.68 6.68 7.83 7.23 5.03 5.02 5.02 5.02 5.02
0.00 0.00 0.00 0.00 0.00 0.00 0.00 0.00 0.00 0.00 0.00 0.00 0.00 0.00 0.00 0.00 0.00 0.00 0.00 0.00 0.00 0.00 0.00 0.00 0.00 4.91 4.91 4.91 4.89 0.00 0.00 0.00 0.00 0.00 0.00 0.00 0.00 0.00 0.00 0.00 0.00 0.00 0.00 0.00 0.00 0.00 0.00 0.00 5.06 5.06 5.06 6.28 4.80 4.80 4.80 4.80 4.79 4.79 4.79 4.79 4.76 4.76 4.76 4.76 4.74 4.74 4.74 4.74 4.97 4.97 7.18 7.18 10.01 10.16 5.54 1.91 7.08 7.75 7.32 5.18 5.00 5.00 5.00 5.00
0.00 0.00 0.00 0.00 0.00 0.00 0.00 0.00 0.00 0.00 0.00 0.00 0.00 0.00 0.00 0.00 0.00 0.00 0.00 0.00 0.00 0.00 0.00 0.00 0.00 4.91 4.91 4.91 4.89 4.89 4.89 0.00 0.00 0.00 0.00 0.00 0.00 0.00 0.00 0.00 0.00 0.00 0.00 0.00 0.00 0.00 0.00 0.00 0.00 0.00 7.61 6.64 5.71 4.80 4.80 4.80 4.79 4.79 4.79 4.79 4.76 4.76 4.76 4.76 6.75 4.74 4.74 4.74 4.97 7.12 6.93 6.38 7.08 5.22 10.01 10.99 7.41 6.93 7.35 7.17 5.00 5.00 5.00 5.00
0.00 0.00 0.00 0.00 0.00 0.00 0.00 0.00 0.00 0.00 0.00 0.00 0.00 0.00 0.00 0.00 0.00 0.00 0.00 0.00 0.00 0.00 0.00 0.00 0.00 4.80 5.71 4.80 4.79 4.79 4.79 0.00 0.00 0.00 0.00 0.00 0.00 0.00 0.00 0.00 0.00 0.00 0.00 0.00 0.00 0.00 0.00 0.00 0.00 0.00 11.31 5.25 4.99 4.99 4.99 4.99 4.98 4.98 4.98 4.98 7.13 4.95 4.95 7.13 7.09 4.93 6.11 4.93 8.79 7.49 7.36 7.36 7.36 7.36 7.57 11.22 6.76 7.51 7.72 7.54 5.17 5.17 5.17 5.17
0.00 0.00 0.00 0.00 0.00 0.00 0.00 0.00 0.00 0.00 0.00 0.00 0.00 0.00 0.00 0.00 0.00 0.00 0.00 0.00 0.00 0.00 0.00 0.00 4.80 4.80 4.80 4.80 4.79 5.68 5.89 5.89 4.79 0.00 4.79 4.79 0.00 0.00 0.00 0.00 0.00 0.00 0.00 0.00 0.00 0.00 0.00 0.00 0.00 0.00 6.04 5.40 5.14 5.14 6.21 4.99 4.98 4.98 4.98 7.18 7.13 9.11 7.13 7.13 4.93 6.33 5.86 4.93 8.77 5.16 7.36 7.36 7.51 7.51 7.60 11.17 6.76 6.91 7.84 8.49 5.17 6.15 5.17 5.17
0.00 0.00 0.00 0.00 0.00 0.00 0.00 0.00 0.00 0.00 0.00 0.00 0.00 0.00 0.00 0.00 0.00 0.00 0.00 0.00 0.00 0.00 0.00 4.83 5.67 4.77 4.77 4.77 4.75 4.75 4.75 6.01 5.90 5.90 4.79 4.79 5.06 5.38 0.00 0.00 0.00 0.00 0.00 0.00 0.00 0.00 0.00 0.00 0.00 0.00 0.00 10.52 7.73 2.84 7.60 7.33 7.48 7.27 7.27 7.27 7.20 7.20 7.20 4.99 4.93 4.93 5.01 4.93 5.11 8.74 9.94 9.94 7.51 10.69 9.10 12.72 7.68 7.53 7.74 7.53 5.21 5.17 5.17 5.17
0.00 0.00 0.00 0.00 0.00 0.00 0.00 0.00 0.00 0.00 0.00 0.00 0.00 0.00 0.00 0.00 0.00 0.00 0.00 0.00 4.83 4.83 4.83 4.83 4.77 4.77 4.77 4.77 4.75 5.65 4.75 5.65 2.90 5.81 2.90 4.79 5.06 5.06 5.06 0.00 0.00 0.00 0.00 0.00 0.00 0.00 0.00 0.00 0.00 0.00 0.00 5.72 2.65 7.07 7.22 7.58 7.42 7.51 7.48 7.27 7.20 7.20 7.20 4.99 4.93 4.93 4.93 4.93 5.11 5.11 8.74 5.18 9.94 10.30 6.57 8.63 5.67 5.19 5.19 5.19 6.16 5.17 6.49 5.17
0.00 0.00 0.00 0.00 0.00 0.00 0.00 0.00 0.00 0.00 0.00 0.00 0.00 0.00 0.00 0.00 2.29 4.71 0.00 0.00 4.83 4.83 4.83 4.83 5.67 5.67 4.77 4.77 5.66 4.75 4.75 5.65 4.79 4.89 4.79 4.79 5.06 6.41 6.41 6.17 6.43 0.00 0.00 0.00 0.00 0.00 0.00 0.00 0.00 0.00 0.00 6.02 6.43 10.70 11.00 11.00 7.20 7.05 7.27 7.27 7.20 6.29 7.18 4.99 4.93 4.93 5.87 4.93 5.11 6.08 5.11 5.11 5.21 6.31 6.46 7.80 6.17 5.19 5.19 5.19 5.17 5.17 5.17 5.17
0.00 0.00 0.00 0.00 0.00 0.00 0.00 0.00 0.00 0.00 0.00 0.00 0.00 0.00 0.00 0.00 4.71 4.71 4.71 4.71 4.83 5.73 5.33 5.96 5.87 4.77 4.77 4.77 4.75 4.75 4.75 4.75 4.79 4.79 4.79 4.79 5.06 6.31 6.31 6.41 6.34 0.00 0.00 0.00 0.00 0.00 0.00 0.00 0.00 0.00 0.00 6.67 3.11 3.30 10.70 10.40 7.28 6.05 5.06 5.03 6.21 6.21 6.21 6.21 4.93 4.93 5.88 4.93 5.11 5.11 5.11 5.11 5.21 6.31 6.31 5.17 5.19 5.19 5.19 6.51 6.49 5.17 6.15 5.17
0.00 0.00 0.00 0.00 0.00 0.00 0.00 0.00 0.00 0.00 0.00 0.00 0.00 2.29 4.70 2.29 4.69 4.69 4.69 4.69 4.80 4.80 4.80 4.80 4.72 4.72 4.72 4.72 5.63 4.75 4.75 4.75 4.83 4.83 4.83 4.83 5.10 5.10 6.52 6.52 6.57 0.00 0.00 0.00 0.00 0.00 0.00 0.00 0.00 0.00 7.10 7.25 7.03 7.08 10.85 7.65 7.43 6.05 5.04 5.04 5.01 5.01 5.01 5.01 4.95 4.95 4.95 4.95 5.09 5.09 5.09 5.09 6.15 5.19 5.19 5.12 5.16 5.16 5.16 5.16 6.48 6.48 5.17 5.17
0.00 0.00 0.00 0.00 0.00 0.00 0.00 0.00 0.00 0.00 0.00 0.00 2.29 4.70 4.70 4.70 4.69 4.69 4.69 4.69 4.80 4.80 4.80 4.80 6.85 6.05 4.72 4.72 4.75 4.75 4.75 4.75 4.83 4.83 4.83 5.95 6.58 7.53 7.84 7.61 0.30 0.00 0.00 0.00 0.00 0.00 0.00 0.00 0.00 5.89 5.14 5.29 9.14 10.55 11.28 6.77 7.43 6.38 5.20 5.19 5.20 6.31 5.01 5.01 4.95 4.95 4.95 4.95 5.09 5.09 5.09 5.09 5.12 5.12 5.19 5.12 5.16 5.16 5.16 6.47 5.17 6.14 5.17 6.14
0.00 0.00 0.00 0.00 0.00 0.00 0.00 0.00 0.00 0.00 0.00 0.00 4.70 4.70 5.77 4.70 4.69 4.69 4.69 5.75 5.90 4.80 4.80 4.80 5.61 4.72 5.61 4.72 4.75 4.75 4.75 4.75 4.83 5.95 5.95 5.95 6.58 7.63 7.91 3.02 10.67 0.00 0.00 0.00 0.00 0.00 0.00 0.00 6.04 5.14 5.14 5.14 5.06 6.05 10.68 10.40 11.31 7.12 7.20 7.50 5.20 5.01 5.01 5.01 4.95 4.95 4.95 4.95 5.09 5.09 5.09 5.09 5.12 5.12 5.12 5.12 5.16 5.16 5.16 5.16 5.17 5.17 5.17 5.17
0.00 0.00 0.00 0.00 0.00 0.00 0.00 0.00 0.00 0.00 0.00 2.29 4.70 4.70 5.77 4.70 4.69 4.69 5.58 4.69 4.80 4.80 4.80 4.80 4.72 4.72 4.72 4.72 4.75 4.75 4.75 4.75 5.95 5.95 6.26 5.95 7.53 7.93 6.52 2.18 6.89 10.22 0.00 0.00 0.00 0.00 0.00 5.91 7.67 5.14 5.14 5.14 5.03 5.06 9.65 6.92 6.92 6.62 7.05 2.44 8.97 5.05 5.01 5.95 4.95 4.95 4.95 6.70 6.52 5.09 5.09 5.09 5.12 5.12 5.12 7.19 5.16 5.16 5.16 5.16 5.17 5.17 5.17 5.17
0.00 0.00 0.00 0.00 0.00 0.00 0.00 0.00 0.00 0.00 4.72 4.72 5.59 4.69 5.76 4.69 4.65 5.54 4.65 4.65 4.73 4.73 4.73 4.73 4.72 4.72 4.72 4.72 4.83 4.83 4.83 4.83 4.89 6.05 4.89 4.89 5.14 7.82 6.62 6.59 8.10 1.79 5.42 5.27 0.00 3.78 6.06 2.24 8.00 5.14 5.14 5.14 5.02 5.02 7.32 7.15 7.35 7.05 8.34 7.63 5.36 5.21 5.98 5.02 4.97 4.97 4.97 5.94 5.07 6.03 5.07 5.07 6.03 5.07 6.03 6.05 5.12 5.12 5.12 5.12 5.11 5.11 5.11 5.11
0.00 0.00 0.00 0.00 0.00 0.00 0.00 0.00 0.00 0.00 7.19 6.68 4.69 4.69 5.59 4.69 4.65 4.65 4.65 4.65 4.73 4.73 4.73 4.73 4.72 4.72 4.72 4.72 4.83 4.83 4.83 4.83 4.89 4.89 4.89 4.89 5.14 7.37 7.66 6.47 11.05 6.21 3.34 6.48 2.55 3.25 2.73 7.89 7.76 7.37 6.43 5.14 5.02 5.02 5.02 5.04 7.33 7.33 7.43 7.43 7.27 5.06 5.02 5.02 4.97 5.92 4.97 4.97 5.07 5.07 5.07 5.07 5.07 5.07 5.07 5.07 5.12 5.12 5.12 5.12 5.11 5.11 5.11 5.11
0.00 0.00 0.00 0.00 0.00 0.00 0.00 0.00 0.00 0.00 0.00 6.68 6.61 4.69 4.69 4.69 4.65 4.65 4.65 4.65 4.73 4.73 4.73 4.73 4.72 4.72 4.72 4.72 4.83 4.83 4.83 4.83 4.89 4.89 4.89 4.89 5.14 6.43 7.37 7.80 5.81 7.65 6.82 6.63 3.27 8.06 7.30 7.15 7.39 7.63 6.17 5.15 5.02 5.02 5.02 5.02 5.06 5.06 7.33 7.28 7.27 6.27 5.02 5.02 4.97 4.97 4.97 4.97 5.07 5.07 5.07 5.07 5.07 5.07 5.07 5.07 5.12 5.12 5.12 5.12 5.11 5.11 5.11 5.11
0.00 0.00 0.00 0.00 0.00 0.00 0.00 0.00 0.00 0.00 0.00 6.68 6.61 6.61 6.61 4.69 4.65 4.65 4.65 4.65 4.73 4.73 4.73 4.73 4.72 4.72 4.72 4.72 4.83 4.83 4.83 4.83 4.89 4.89 4.89 4.89 5.14 5.14 7.61 11.02 6.26 7.05 7.20 6.14 6.47 6.32 8.28 7.43 7.37 7.42 7.15 5.17 5.02 5.02 5.02 5.02 5.03 5.06 7.33 7.33 7.27 8.16 5.02 5.02 4.97 4.97 4.97 5.94 5.07 5.07 5.07 5.07 5.07 5.07 5.07 5.07 5.12 5.12 5.12 5.12 5.11 5.11 5.11 5.11
0.00 0.00 0.00 0.00 0.00 0.00 0.00 0.00 0.00 0.00 0.00 0.00 6.61 6.61 6.61 6.61 4.62 4.62 4.62 4.62 5.61 4.72 4.72 4.72 4.79 4.79 6.83 6.83 7.00 7.00 4.89 4.89 4.92 4.92 7.43 7.06 7.40 7.40 7.40 8.79 6.11 6.59 6.74 5.99 6.52 6.17 6.17 7.43 7.37 7.42 7.42 7.37 5.01 5.01 5.01 5.01 4.99 4.99 7.21 7.21 7.30 7.22 7.22 4.99 4.95 4.95 4.95 4.95 5.04 5.04 5.04 5.04 5.04 5.04 5.04 5.04 5.09 5.09 5.09 5.09 5.10 5.10 5.10 5.10
0.00 0.00 0.00 0.00 0.00 0.00 0.00 0.00 0.00 0.00 0.00 6.67 6.61 6.61 6.61 6.61 6.44 5.49 4.62 4.62 5.75 4.72 4.72 4.72 4.79 6.83 6.83 6.83 7.00 7.00 4.89 4.89 4.92 7.23 7.43 7.06 5.69 7.80 7.87 11.23 9.02 7.24 6.74 5.99 6.52 6.17 5.16 5.15 5.14 5.14 7.37 5.14 5.01 5.01 5.01 5.01 4.99 4.99 4.99 4.99 4.99 4.99 4.99 4.99 4.95 4.95 4.95 4.95 5.04 5.04 5.04 5.04 5.04 5.04 5.04 5.04 5.09 5.09 5.09 6.15 5.10 5.10 5.10 5.10
0.00 0.00 0.00 0.00 7.74 0.00 0.00 0.00 0.00 0.00 7.71 7.71 7.64 7.64 7.64 7.64 7.46 7.46 7.46 5.05 5.07 5.07 5.07 5.07 5.14 7.44 7.44 7.44 7.62 8.59 7.62 7.89 7.69 7.69 7.96 8.02 8.25 8.08 8.39 12.54 7.91 7.76 7.76 7.76 10.46 5.44 5.43 5.43 5.42 5.42 5.42 5.42 5.39 5.39 6.40 5.39 5.37 5.37 5.37 5.37 5.37 5.37 5.37 5.37 6.33 5.33 5.33 5.33 6.44 5.45 5.45 5.45 5.44 6.02 5.44 5.44 5.50 6.99 5.50 5.50 5.50 5.50 5.50 5.50
0.00 0.00 0.00 7.29 7.74 7.74 0.00 0.00 0.00 7.48 7.48 7.71 7.64 7.64 7.64 7.64 7.46 7.46 7.46 7.46 5.07 5.07 5.07 5.07 5.14 7.44 7.44 7.44 7.62 7.62 7.62 8.59 7.69 7.69 7.96 5.28 5.44 8.25 8.44 11.70 7.76 7.76 7.76 7.76 7.76 7.76 5.43 5.43 5.42 5.42 5.42 5.42 5.39 5.39 6.38 5.39 5.37 5.37 5.37 6.35 5.37 5.37 5.37 5.37 5.33 5.33 5.33 5.33 5.45 5.45 5.45 5.45 5.44 6.02 5.44 5.44 5.50 5.50 5.50 5.50 5.50 5.50 5.50 5.50
7.30 7.30 7.30 6.96 7.73 7.73 8.35 8.35 7.75 7.52 7.67 7.75 7.69 7.69 7.69 7.69 7.53 8.12 7.53 7.53 7.59 7.59 5.11 5.11 5.16 7.48 7.48 7.48 7.63 8.60 7.63 7.63 7.71 7.71 5.29 5.29 5.45 7.95 8.11 11.75 7.91 9.76 7.76 7.76 7.76 7.76 5.44 6.44 5.41 6.42 6.42 5.41 5.35 5.35 5.35 5.35 5.29 5.29 5.29 5.29 5.26 5.26 5.26 5.26 6.22 5.24 5.24 6.24 6.42 5.42 6.02 5.42 5.46 5.46 5.46 5.46 5.48 5.48 5.48 5.48 5.50 6.51 5.50 5.50
7.30 7.30 7.30 7.93 7.73 7.73 7.73 7.73 7.75 8.37 7.75 7.52 7.69 7.69 7.69 7.69 7.53 7.53 7.53 7.53 7.59 7.59 7.59 5.11 5.16 5.16 7.48 7.48 7.63 7.63 7.63 7.63 5.29 5.29 5.29 5.29 7.97 7.76 7.76 9.03 11.54 7.91 10.48 7.76 8.65 7.76 5.44 5.44 5.41 5.41 5.41 5.41 5.35 5.35 6.36 6.82 6.28 5.29 5.29 5.29 5.26 5.26 5.26 5.26 5.24 5.24 5.24 5.24 5.42 5.42 5.42 5.42 5.46 6.02 5.46 5.46 5.48 5.48 5.48 5.48 5.50 5.50 5.50 6.02
7.30 7.30 7.88 7.30 7.73 7.73 7.73 7.73 7.75 7.75 7.82 7.52 7.69 7.69 7.69 7.69 7.53 7.53 7.53 7.53 7.59 7.59 7.59 7.59 7.73 5.16 7.48 7.48 5.25 5.25 5.25 5.25 5.29 5.29 5.29 7.71 7.95 7.97 7.95 7.76 10.79 6.93 5.46 5.46 7.76 7.76 5.46 6.90 5.41 5.41 5.41 5.41 5.35 5.35 5.35 5.35 5.29 5.29 5.29 5.29 5.26 5.26 5.26 5.26 5.24 5.24 5.24 6.22 5.42 5.42 5.42 5.42 5.46 6.92 5.46 5.46 5.48 5.48 5.48 5.48 5.50 5.50 6.02 7.18
7.30 7.30 7.30 7.30 7.73 7.73 7.73 7.73 7.75 7.75 7.75 7.75 7.69 7.45 7.69 7.69 7.53 7.53 7.53 7.53 7.59 7.59 7.59 7.59 7.73 7.73 5.16 5.16 5.25 5.25 5.25 5.25 5.29 5.29 5.29 7.71 5.45 5.45 9.25 7.16 8.07 5.45 5.45 5.46 6.66 7.76 7.96 6.90 5.41 5.41 5.41 5.41 6.32 5.35 5.35 5.35 5.29 5.29 5.29 5.29 5.26 5.26 5.26 5.26 5.24 5.24 5.24 5.24 5.42 5.42 5.42 5.42 5.46 6.92 6.92 5.46 5.48 6.95 6.02 5.48 5.50 5.50 6.02 6.02
7.26 7.26 7.85 7.26 7.70 7.70 7.70 7.70 7.71 7.71 7.71 7.48 7.69 8.29 7.46 7.69 7.60 7.60 7.60 7.60 7.67 7.67 7.67 7.67 7.67 7.67 7.67 7.67 5.23 5.23 5.23 5.23 5.29 5.29 7.70 9.53 6.46 5.44 7.04 7.89 8.07 6.47 5.45 5.46 6.66 7.75 7.93 7.92 8.78 7.79 5.36 5.36 5.26 5.26 5.26 5.26 5.20 5.20 5.20 5.20 5.21 5.21 5.21 5.21 5.23 5.23 5.23 5.23 5.48 5.48 5.48 5.48 5.51 5.51 5.51 7.00 8.79 5.48 5.48 5.48 6.02 6.02 6.02 6.02
7.26 7.26 7.26 7.26 7.70 8.31 7.70 7.70 7.71 7.71 7.71 7.48 7.46 7.69 7.69 8.29 7.60 7.60 7.60 7.60 7.67 7.67 7.67 7.67 7.67 7.67 7.67 7.67 7.89 5.23 5.23 5.23 5.29 7.70 7.70 5.29 5.44 5.44 5.44 7.16 7.97 7.94 5.45 5.46 6.66 5.45 5.45 7.92 7.79 5.36 5.36 5.36 5.26 5.26 5.26 5.26 5.20 5.20 5.20 5.20 5.21 5.21 5.21 5.21 5.23 5.23 5.23 5.23 5.48 5.48 5.48 5.48 5.51 5.51 5.51 5.51 5.48 8.79 5.48 5.48 6.02 6.02 6.02 6.02
7.26 7.26 7.26 7.26 7.70 7.70 7.70 7.70 7.71 7.71 7.71 7.71 7.69 7.69 7.69 7.69 7.60 7.60 7.60 7.60 7.67 7.67 7.67 8.28 7.67 7.67 7.67 7.67 7.89 7.89 5.23 5.23 6.26 7.70 7.70 7.46 6.46 5.44 7.93 8.98 8.99 7.95 6.47 5.46 5.43 6.45 5.43 5.43 5.36 5.36 5.36 5.36 5.26 5.26 5.26 6.97 5.20 5.20 5.20 5.20 5.21 5.21 5.21 5.21 5.23 5.23 5.23 5.23 5.48 5.48 5.48 5.48 5.51 5.51 5.51 5.51 5.48 5.48 5.48 5.48 6.02 6.02 6.02 6.02
7.26 7.26 7.26 7.26 7.70 8.86 7.70 7.70 7.71 7.71 7.71 7.71 7.69 7.69 7.69 7.69 7.60 7.60 7.60 7.60 7.67 7.67 7.67 7.67 7.67 7.67 7.67 7.67 7.89 7.89 7.89 8.51 5.29 7.70 5.29 6.31 5.44 5.44 7.93 7.96 7.95 7.97 7.94 6.46 5.43 5.43 5.43 5.43 5.36 5.36 6.37 5.36 6.48 5.26 5.26 6.00 5.20 5.20 5.20 5.20 5.21 5.21 5.21 5.21 5.23 5.23 5.23 5.23 5.48 5.48 5.48 5.48 5.51 6.52 5.51 5.51 5.48 5.48 5.48 5.48 6.02 6.02 6.02 6.02
7.19 7.19 7.19 7.77 7.64 7.64 8.25 7.64 7.60 7.60 7.60 8.41 7.51 7.51 7.51 7.51 7.45 7.45 7.45 7.45 7.61 7.61 7.61 7.61 7.65 7.65 7.65 7.65 7.79 9.19 7.79 7.79 7.91 5.24 6.23 5.24 5.40 5.40 6.41 5.40 5.41 7.88 7.88 5.41 6.38 5.37 5.37 6.38 5.27 5.27 5.27 5.27 5.20 8.91 5.74 8.12 5.23 5.23 5.23 5.23 5.28 5.28 5.28 5.28 5.31 5.31 5.31 5.31 5.53 5.53 5.53 5.53 5.52 5.52 5.52 5.52 5.51 5.51 5.51 5.51 6.02 6.02 6.02 6.02
7.19 7.19 7.19 7.19 7.64 8.25 7.64 7.64 7.60 7.60 7.60 7.60 8.11 7.51 7.51 7.51 7.45 7.45 8.03 7.45 7.61 7.61 7.61 7.61 7.65 7.65 7.65 7.65 8.40 7.79 7.79 7.79 7.91 7.91 7.91 5.24 5.40 5.40 5.40 5.40 5.41 5.41 5.41 5.41 5.37 5.37 5.37 5.37 5.27 5.27 5.27 5.27 5.20 8.12 8.12 8.12 5.23 5.23 5.23 5.23 5.28 5.28 5.28 5.28 5.31 5.31 5.31 5.31 5.53 5.53 5.53 5.53 5.52 6.54 5.52 5.52 5.51 5.51 5.51 5.51 5.48 6.02 6.02 6.02
