New_Model_Runs/12_Future_RCP4.5_Scn2_out/post_prcessed_with_MFR/Monthly_summaries/net_infiltration_monthly_JAN.asc
NCOLS 700
NROWS 400
XLLCENTER 515000.000000
YLLCENTER 8409000.000000
CELLSIZE 50.000000
NODATA_value -999.000000
[rows 190 to 227 of 400, columns 168 to 251 of 700]
6.30 5.85 6.33 6.33 6.33 5.84 6.55 6.30 6.19 6.19 5.31 5.31 5.76 5.23 5.23 5.23 5.24 5.24 5.24 5.24 5.27 6.34 5.80 5.27 5.42 5.42 5.42 5.95 5.36 5.36 5.36 5.36 5.83 5.30 5.30 5.30 5.30 5.30 5.30 5.30 5.56 5.56 5.56 5.56 5.60 5.60 5.60 5.60 5.66 5.66 5.66 6.60 5.64 5.64 5.64 6.09 5.44 5.44 5.44 5.44 5.48 5.48 5.48 6.41 5.99 5.99 6.18 5.62 5.60 5.52 5.52 6.18 6.18 6.18 6.18 5.57 6.11 6.11 6.11 5.96 5.94 5.94 5.94 5.94
5.85 6.30 6.55 5.98 5.84 5.84 5.84 6.30 6.19 5.31 5.31 5.31 5.23 5.76 5.23 5.23 5.24 5.77 5.24 5.24 5.27 5.27 5.27 5.27 5.42 5.42 5.42 5.42 5.36 5.36 5.36 5.36 5.30 6.28 5.30 5.30 5.30 5.82 5.82 5.30 5.56 5.56 5.56 5.56 5.60 5.60 5.60 5.60 5.66 5.66 5.66 6.60 6.11 5.64 5.64 5.64 5.44 5.44 5.44 5.44 5.48 5.48 5.48 5.48 6.47 6.47 6.47 5.53 5.60 5.52 5.52 6.18 6.18 6.18 6.30 6.18 6.22 6.11 6.33 5.96 5.94 5.94 5.94 5.94
5.86 6.45 6.32 5.99 5.82 6.28 6.28 6.28 5.29 5.29 5.29 5.29 5.22 5.74 5.22 5.22 5.24 5.24 5.24 5.24 5.26 5.26 5.26 5.26 5.41 5.41 5.41 5.41 5.90 5.37 5.37 5.37 5.31 5.31 5.31 5.31 5.28 5.80 5.28 5.28 5.51 6.05 6.05 5.51 5.59 5.59 5.59 5.59 5.68 5.68 6.62 6.62 6.23 6.12 5.65 6.57 5.41 5.41 5.41 5.41 5.43 5.98 5.43 5.43 5.52 5.97 6.45 6.45 5.53 5.53 6.19 6.19 6.15 6.15 6.26 6.26 6.11 6.11 6.11 5.96 5.92 5.92 5.92 5.92
5.86 6.32 5.42 6.32 7.56 5.40 5.40 5.40 5.29 5.29 5.29 5.29 5.22 5.22 5.22 5.22 5.24 5.24 5.24 5.24 5.26 5.26 5.26 5.26 5.41 5.41 5.41 5.41 5.37 5.37 5.37 5.37 5.31 5.31 5.31 5.31 5.28 5.28 5.28 5.28 5.51 5.51 5.51 5.51 5.59 5.59 5.59 5.59 5.68 5.68 5.68 5.68 7.27 5.65 5.65 5.65 5.41 5.41 5.41 5.41 6.79 5.43 5.43 5.43 5.52 5.60 6.45 6.45 5.53 5.53 6.30 6.19 6.15 6.15 6.15 6.15 6.11 6.12 5.50 6.11 5.92 5.92 5.92 5.92
8.88 6.14 6.14 6.14 7.78 6.11 6.11 6.11 6.12 6.12 6.12 6.12 6.05 6.05 6.05 6.05 6.07 8.02 6.07 6.07 6.09 6.86 6.09 6.09 6.36 6.36 6.36 6.36 6.31 7.10 7.10 6.31 6.26 6.26 6.26 6.26 6.22 7.63 6.22 6.22 6.36 7.15 6.36 6.36 6.44 6.44 6.44 6.44 6.54 6.54 6.54 7.35 7.99 7.99 6.51 6.51 6.10 6.10 6.56 6.10 6.12 6.12 6.12 6.12 6.20 6.20 7.64 7.64 6.22 6.22 7.62 7.62 7.32 7.32 7.32 7.32 7.27 6.78 7.01 7.27 6.57 6.57 6.57 6.57
6.14 6.14 6.14 6.14 6.11 6.87 6.11 6.11 6.12 6.12 6.12 6.59 6.05 6.05 6.05 6.05 6.07 6.07 6.07 6.07 6.09 6.09 6.09 6.09 6.36 6.36 6.36 6.36 6.31 6.31 6.31 6.31 6.26 7.68 6.26 6.26 6.22 6.22 6.22 6.22 7.77 7.15 6.36 6.36 6.44 6.44 6.44 6.44 6.54 6.54 6.54 6.54 6.51 6.51 6.51 6.51 6.10 6.10 6.10 6.10 6.12 6.12 6.12 6.12 6.20 6.20 7.64 7.32 10.42 7.62 7.62 7.62 7.32 7.32 7.32 7.32 7.27 7.27 7.27 7.27 7.22 6.57 6.57 6.57
6.11 6.11 6.11 6.11 6.09 6.56 6.09 6.09 6.11 6.11 6.11 6.58 6.50 6.05 6.05 6.05 6.81 6.82 6.06 6.06 6.08 6.08 6.08 6.85 6.34 6.34 6.34 6.34 6.29 6.29 6.29 6.29 6.23 6.23 6.23 6.23 6.19 6.19 6.19 6.19 6.36 6.36 6.36 6.36 6.46 6.46 6.46 7.26 6.53 6.53 6.53 6.53 6.49 6.49 7.29 6.49 6.08 6.08 6.08 6.08 6.13 6.13 6.13 6.13 6.24 6.24 7.69 7.69 9.37 7.84 7.66 7.66 7.33 7.33 7.33 7.33 7.25 7.25 7.25 7.25 7.43 6.96 6.58 7.11
6.11 6.11 6.11 6.11 6.09 6.09 6.09 6.09 6.88 6.11 6.11 6.11 6.50 6.05 6.05 6.05 6.06 6.06 6.06 6.06 6.08 6.08 6.08 6.08 7.13 6.34 6.34 6.34 6.29 6.29 6.29 6.29 6.23 6.23 6.23 6.23 6.19 6.19 6.19 6.19 7.14 6.36 6.36 6.36 6.46 6.46 6.46 6.46 6.53 6.53 6.53 6.53 6.49 7.07 6.49 6.49 6.08 6.08 6.08 6.08 6.13 6.13 6.13 6.13 6.24 6.24 7.69 7.69 6.24 7.66 7.66 7.82 7.54 7.33 7.33 7.33 7.25 7.25 7.25 7.25 7.23 6.58 6.58 6.58
6.11 6.11 6.11 6.11 6.09 6.09 6.09 6.09 6.11 6.11 6.11 6.87 6.05 6.05 6.05 6.05 6.06 6.06 6.06 6.06 6.08 7.48 6.08 6.08 6.34 6.34 6.34 6.34 6.29 7.07 7.07 6.29 6.23 7.00 6.23 7.00 6.19 6.19 6.19 6.19 6.36 6.36 6.36 6.36 6.46 6.46 6.46 6.46 6.53 6.53 6.53 6.53 6.49 6.49 6.49 6.49 6.08 6.08 6.08 6.08 6.13 6.13 6.13 6.13 6.24 6.24 7.69 7.95 7.66 7.66 7.66 7.66 7.33 7.33 7.33 7.33 7.25 7.25 7.25 7.25 7.23 7.23 6.58 6.58
6.11 6.86 6.11 6.11 6.09 6.09 6.09 6.09 6.11 6.11 6.88 6.87 6.05 6.05 6.05 6.05 7.44 6.06 6.06 6.06 6.08 6.08 6.84 6.08 7.12 6.34 6.34 6.34 6.29 7.06 6.29 6.29 6.23 6.23 6.23 6.23 6.19 6.19 6.19 6.19 6.36 6.36 6.36 6.36 6.46 6.46 6.46 6.46 6.53 6.53 6.53 6.53 7.29 7.29 6.49 6.49 6.08 6.08 6.08 6.08 6.13 6.13 6.13 6.13 6.24 6.24 6.24 6.24 7.66 7.66 7.66 7.66 7.33 7.33 7.33 7.33 7.25 7.25 7.25 7.25 7.23 7.23 6.58 6.58
6.06 6.06 6.06 6.06 6.07 6.07 6.83 6.07 6.11 6.11 6.11 6.11 6.05 6.05 6.05 6.05 6.80 6.04 6.04 6.04 6.05 6.05 6.05 7.77 6.31 6.31 6.31 6.31 6.24 7.01 6.24 6.24 6.17 7.25 6.17 6.17 7.00 6.23 6.23 6.23 6.44 6.44 6.44 6.44 6.50 6.50 6.50 6.50 6.54 6.54 6.54 6.54 6.48 6.48 6.48 6.48 6.08 6.08 6.08 6.08 6.17 6.17 6.17 6.17 6.27 6.27 6.27 6.27 7.70 7.88 7.70 7.70 7.37 7.37 7.37 7.37 7.28 6.79 7.28 7.28 7.23 7.23 7.23 6.58
6.06 6.06 6.06 6.06 6.07 6.07 6.07 7.47 7.52 6.11 6.11 6.11 6.80 6.05 6.05 6.05 6.04 6.04 6.80 6.04 6.05 6.05 6.05 6.80 7.09 6.31 6.31 6.31 6.24 6.24 6.24 6.24 6.17 6.17 6.94 6.17 6.23 6.23 6.23 6.23 6.44 6.44 6.44 6.44 6.50 6.50 6.50 6.50 6.54 6.54 6.54 6.54 6.48 6.48 6.48 7.23 6.08 6.08 6.08 6.08 6.17 6.17 6.17 6.96 6.27 6.27 6.27 7.89 7.70 7.27 7.88 7.85 7.60 7.13 7.37 7.37 7.28 7.28 7.28 7.28 7.23 7.23 7.23 6.58
6.82 6.06 6.06 6.06 6.07 6.07 6.07 6.07 6.11 6.11 6.11 6.11 6.05 6.05 6.05 6.05 6.80 6.04 6.04 6.04 6.05 6.05 6.05 6.05 6.31 7.09 7.09 6.31 6.24 6.24 6.24 6.24 6.17 6.17 6.17 6.17 6.23 6.23 6.23 6.23 6.44 6.44 6.44 6.44 6.50 6.50 6.50 6.50 6.54 6.54 6.54 8.42 6.48 6.48 7.28 6.48 6.08 6.08 6.08 6.08 6.17 6.17 6.17 6.17 6.27 6.27 6.27 7.71 7.70 7.70 7.70 7.70 7.37 7.37 7.58 7.75 7.48 7.28 7.28 7.28 7.23 7.23 7.23 6.58
6.06 6.06 6.06 6.74 6.07 6.07 6.07 6.07 6.11 6.11 6.11 6.11 6.05 6.05 6.05 6.05 6.04 6.04 6.79 6.04 6.05 6.05 6.80 6.05 6.31 6.31 6.31 7.08 6.24 6.24 6.24 6.24 6.17 6.17 6.17 6.17 6.23 6.23 6.23 6.23 6.44 6.44 6.44 6.44 6.50 6.50 6.50 6.50 6.54 6.54 6.54 6.54 6.48 7.28 6.48 6.48 7.48 6.08 6.08 6.08 6.17 6.17 6.17 6.17 6.27 6.27 6.27 7.71 7.70 7.70 7.27 7.70 7.37 7.58 7.37 7.58 7.28 7.48 7.28 7.48 7.23 7.43 7.23 7.23
6.28 6.28 6.28 6.28 6.28 6.28 6.28 6.28 6.08 6.08 6.08 6.08 6.04 6.04 6.04 6.49 6.01 6.01 6.01 6.77 6.01 6.01 6.77 6.01 7.06 6.28 7.06 6.28 6.96 6.20 6.20 6.20 6.22 6.22 6.22 6.22 6.35 6.35 6.35 6.35 6.54 6.54 6.54 6.54 6.57 6.57 6.57 6.57 6.56 6.56 6.56 6.56 6.44 6.44 6.44 6.44 6.09 6.09 6.09 6.09 6.23 6.23 6.72 6.23 6.29 6.29 9.52 8.13 7.86 7.68 7.25 7.68 7.34 7.34 7.34 7.34 7.25 7.46 7.46 7.25 7.21 7.21 7.21 7.07
6.28 6.68 6.28 6.28 6.28 6.28 6.28 6.28 6.08 6.08 6.08 6.84 6.79 6.04 6.04 6.04 6.01 6.01 6.01 6.77 6.01 6.01 6.01 6.77 6.28 6.28 6.28 6.28 6.20 6.20 6.20 6.20 6.22 6.22 6.22 6.22 6.35 6.35 6.35 6.35 6.54 6.54 6.54 6.54 6.57 6.57 6.57 6.57 6.56 6.56 7.72 6.56 6.44 6.44 6.44 6.44 6.09 6.09 6.09 6.09 6.23 6.23 6.23 6.23 6.29 7.09 7.73 7.73 7.68 7.68 8.07 7.68 7.34 7.34 7.34 7.34 7.25 7.25 7.46 7.25 7.21 7.21 7.21 7.41
6.28 6.28 6.28 6.28 6.69 6.28 6.28 6.28 6.08 6.08 6.08 6.08 6.04 7.67 6.04 6.04 6.01 6.01 6.01 6.01 6.01 6.01 6.01 6.01 7.67 6.28 6.28 6.28 6.96 6.20 6.20 6.20 6.22 6.22 6.22 6.22 7.11 7.14 6.35 6.35 7.32 6.54 6.54 6.54 6.57 6.57 6.57 7.39 8.06 7.38 7.38 6.56 6.44 6.44 6.44 6.44 6.09 6.09 6.09 6.09 6.23 6.23 6.23 6.23 6.29 6.29 8.13 7.73 7.68 7.68 7.68 7.68 7.34 6.86 7.34 7.34 7.25 7.25 7.25 7.25 7.21 7.21 7.21 7.21
6.28 6.28 6.28 6.28 6.28 6.28 6.28 6.28 6.08 6.08 6.08 6.08 6.04 6.79 6.04 6.49 6.01 6.01 6.01 6.01 6.01 6.45 6.01 6.01 6.28 6.28 6.28 6.28 6.96 6.20 6.70 6.20 6.22 7.00 6.22 6.22 6.35 6.35 6.35 6.35 6.54 6.54 6.54 6.54 6.57 6.57 6.57 6.57 6.56 6.56 6.56 6.56 6.44 6.44 6.44 6.44 6.09 6.09 6.09 6.09 6.23 6.23 6.23 6.23 6.80 7.73 7.73 7.73 7.68 7.68 7.68 7.68 7.54 7.34 7.34 7.54 7.25 7.25 7.25 7.25 7.21 7.21 7.21 7.21
6.22 6.22 6.22 6.22 6.21 6.21 6.21 6.21 6.03 6.79 6.03 6.79 6.01 6.01 6.01 6.01 6.26 6.26 6.26 6.26 6.25 6.69 6.25 6.25 6.25 7.03 6.25 6.25 6.22 6.22 6.73 6.95 6.29 6.29 6.29 6.29 6.40 6.40 6.40 6.40 6.58 6.58 6.58 6.58 7.41 6.59 7.41 6.59 7.31 6.50 6.50 6.50 6.39 6.39 6.39 6.39 6.16 6.16 6.16 6.16 6.28 6.79 6.28 6.28 6.77 7.70 7.88 7.70 7.59 7.59 7.59 7.59 7.28 7.28 7.49 7.28 7.24 7.24 7.24 7.24 7.18 7.18 7.18 7.18
6.22 6.22 6.22 6.22 6.21 6.21 6.21 7.35 6.03 6.03 6.03 6.03 6.01 6.01 6.01 6.01 6.26 6.26 6.70 6.22 6.69 6.25 6.25 6.25 6.25 6.25 6.25 6.25 6.22 6.22 7.41 6.22 6.29 6.29 6.29 6.29 6.40 6.40 6.40 6.40 6.58 6.58 7.40 7.68 6.59 6.59 6.59 6.59 6.50 6.50 6.50 6.50 6.39 6.39 7.18 6.39 6.16 6.16 6.16 6.16 6.28 6.28 6.28 6.28 6.27 10.25 7.70 7.70 7.59 7.59 7.59 7.59 7.28 7.28 7.65 7.49 7.24 7.44 7.44 7.73 7.38 7.18 7.18 7.18
7.09 7.09 7.09 7.09 7.08 7.98 7.08 7.98 7.31 7.31 7.31 8.25 8.23 7.29 8.23 8.70 7.26 8.04 7.51 7.51 8.82 8.18 7.25 7.25 7.52 7.52 7.99 7.52 7.49 7.49 7.92 8.69 7.56 7.56 7.56 7.56 9.30 7.68 7.68 8.67 8.65 7.66 7.66 7.66 7.66 7.66 7.66 7.66 7.56 7.56 7.56 7.56 7.45 7.45 7.45 7.45 7.24 7.24 7.24 7.24 7.37 7.37 8.91 8.10 9.18 9.18 9.55 9.18 9.05 9.05 9.41 9.05 8.46 8.46 8.46 8.46 8.42 8.42 8.42 8.42 8.36 8.70 8.36 8.36
7.09 7.09 7.09 7.09 7.08 7.08 7.08 7.08 7.31 7.31 7.31 7.31 7.29 7.29 7.29 7.73 8.04 9.23 9.39 7.51 8.23 7.25 7.25 7.25 8.78 8.75 9.65 9.75 7.77 7.49 8.35 7.49 7.56 7.56 7.56 8.54 7.68 7.68 7.68 7.68 7.66 7.66 7.66 7.66 7.66 7.66 8.66 7.66 7.56 7.56 7.56 7.56 7.45 8.42 7.45 7.45 7.24 7.24 7.24 7.66 8.31 8.32 8.32 7.37 9.18 9.18 9.18 9.18 9.05 9.11 9.05 9.05 8.46 8.46 8.46 8.46 8.42 8.42 8.42 8.42 8.36 8.36 8.36 8.08
7.07 7.07 7.07 7.07 7.05 7.05 7.05 7.05 7.28 7.28 7.28 7.28 7.27 8.06 8.35 7.27 8.02 9.05 8.18 8.33 7.50 7.25 8.03 7.54 7.55 9.77 8.69 8.69 8.14 8.23 7.80 7.56 7.60 7.60 7.60 7.60 7.69 7.69 7.69 7.69 7.65 8.65 7.65 7.65 7.62 7.62 7.62 7.62 7.48 7.48 7.48 7.48 7.49 7.49 7.49 7.49 7.31 7.31 8.11 7.31 7.36 7.36 7.36 7.36 9.10 9.10 9.10 9.10 8.99 8.99 8.81 8.81 8.45 8.45 8.45 8.45 8.40 8.40 8.40 8.40 8.62 8.29 8.29 8.29
7.07 7.07 7.07 7.07 7.05 7.05 7.05 7.05 7.28 7.28 7.28 7.28 8.06 8.06 7.51 7.51 7.35 9.10 8.49 7.76 8.33 9.39 9.06 7.25 9.67 9.20 8.69 8.69 8.14 7.31 8.29 8.74 7.60 7.60 7.60 7.60 7.69 7.69 7.69 8.68 7.65 7.65 7.65 7.65 7.62 7.62 7.62 7.62 8.34 8.34 7.48 7.48 7.49 7.49 7.49 7.49 7.31 7.31 7.31 7.31 7.36 7.36 7.36 9.65 9.46 9.10 8.92 9.10 8.99 8.99 8.81 8.81 8.45 8.45 8.45 8.45 8.40 8.40 8.40 8.40 8.62 8.29 8.29 8.29
7.07 7.07 7.81 7.07 7.05 7.05 7.05 7.05 7.28 7.28 7.28 7.28 7.51 7.92 11.15 8.42 8.42 8.57 7.92 9.22 9.23 9.23 8.88 9.23 8.69 8.69 8.69 8.69 9.67 8.29 8.32 8.56 8.50 7.60 7.60 7.60 7.69 7.69 7.69 7.69 7.65 7.65 7.65 7.65 7.62 7.62 8.60 7.62 7.48 8.45 8.45 7.48 7.49 7.49 7.49 7.49 7.31 7.31 7.31 7.31 7.36 7.36 7.36 11.30 9.10 9.10 9.10 9.10 8.99 8.99 8.81 8.81 8.45 8.45 8.45 8.45 8.40 8.40 8.40 8.40 8.29 8.29 8.29 8.29
7.07 7.07 7.07 7.07 7.05 7.05 7.05 7.05 7.28 7.28 7.28 9.38 7.69 7.64 8.42 8.42 9.28 2.48 8.33 9.22 9.23 8.88 8.88 9.23 8.69 8.69 8.69 8.69 8.69 8.94 8.89 8.74 7.60 7.60 7.60 7.60 7.69 7.69 7.69 7.69 7.65 7.65 7.65 7.65 7.62 7.62 7.62 7.62 7.48 7.48 7.48 7.48 7.49 7.49 7.49 7.49 7.31 7.31 7.31 7.31 7.36 7.36 7.78 9.17 9.10 9.10 9.46 9.10 8.99 8.81 8.88 8.81 8.19 8.45 8.45 8.45 8.40 8.40 8.40 8.40 8.29 8.29 8.29 8.29
7.09 7.09 7.09 7.09 7.08 7.08 7.82 9.33 7.29 7.29 7.29 7.52 7.51 7.64 8.18 8.33 12.26 6.37 8.33 8.18 9.26 9.42 9.42 8.18 8.69 8.69 8.69 8.13 7.69 10.21 9.42 8.51 7.65 7.65 7.65 7.65 7.71 7.71 7.71 7.71 7.60 7.60 7.60 7.60 7.50 8.47 7.50 7.50 8.43 7.47 7.47 7.47 7.58 7.58 7.58 7.58 7.32 7.32 7.32 7.32 8.60 8.22 9.07 9.07 9.00 9.00 9.00 9.00 9.06 6.38 8.82 8.82 8.47 8.83 8.47 8.47 8.11 8.38 8.38 8.38 8.21 8.21 8.21 8.84
7.82 7.09 7.09 7.09 7.08 7.08 7.08 7.08 8.09 8.09 7.29 7.29 7.51 7.64 8.18 8.33 12.11 6.22 9.04 9.23 9.42 8.18 8.18 8.18 8.69 8.69 8.13 10.29 10.29 9.42 9.42 7.61 7.65 7.65 7.65 7.65 7.71 7.71 7.71 7.71 8.59 7.60 7.60 8.48 8.36 7.50 7.50 7.50 7.47 7.47 7.47 7.47 7.58 7.58 7.58 7.58 7.32 7.32 8.26 9.62 8.22 7.29 9.07 9.07 9.00 9.00 9.00 9.00 9.00 9.00 9.00 9.30 8.47 8.47 8.47 8.47 8.38 8.80 8.74 8.38 8.21 8.53 8.21 8.21
7.09 7.09 7.09 7.09 7.08 7.82 7.08 7.82 8.09 7.29 10.32 9.42 9.83 8.42 8.42 8.48 11.35 9.39 9.23 9.23 9.42 9.42 9.26 7.61 8.13 12.32 8.13 10.29 9.42 10.21 9.54 7.61 7.65 8.56 7.65 7.65 7.71 7.71 7.71 8.64 8.48 7.60 7.60 7.60 7.50 7.50 7.50 7.50 7.47 7.47 7.47 7.47 7.58 7.58 7.58 7.58 8.32 7.32 7.32 7.32 7.29 7.29 9.07 9.07 9.00 9.00 9.00 9.00 9.00 9.00 9.00 9.00 8.47 8.47 8.47 8.47 8.38 8.74 8.74 8.38 8.21 8.21 8.21 8.21
9.11 8.58 8.58 7.09 7.08 7.98 7.08 8.52 7.71 9.12 10.04 9.42 8.42 8.94 8.42 9.18 11.70 8.57 9.23 7.22 10.52 9.13 10.50 7.61 8.13 11.76 8.13 9.53 9.54 9.54 7.61 7.61 7.65 7.65 7.65 7.65 7.71 7.71 8.83 8.64 7.60 8.48 7.60 7.60 7.50 7.50 7.50 7.50 7.47 7.47 7.47 7.47 7.58 7.58 7.58 7.58 7.32 7.32 7.32 7.32 7.29 9.07 9.07 9.07 9.00 9.00 9.00 9.00 9.00 9.86 9.35 9.00 8.47 8.47 8.47 8.47 8.38 8.38 8.38 8.38 8.53 8.21 8.21 8.21
9.18 8.57 8.57 8.57 9.19 9.19 7.09 7.09 7.31 8.11 9.14 9.42 8.42 8.57 7.42 11.20 8.57 8.18 8.18 9.77 9.78 9.16 9.91 7.61 11.76 11.76 8.13 9.73 10.57 10.63 7.64 7.64 7.65 7.65 7.65 7.65 10.14 8.56 8.56 8.79 8.34 7.49 7.49 7.49 9.69 9.53 7.70 7.46 7.51 8.37 7.51 7.51 8.50 7.54 7.54 7.54 7.22 7.22 7.22 7.22 7.19 8.92 8.92 8.92 8.92 8.92 8.92 8.92 9.31 8.96 8.96 8.96 8.81 8.81 8.45 8.45 8.34 8.34 8.34 8.34 8.17 8.17 8.17 8.17
8.57 8.57 8.57 8.57 8.58 8.58 8.58 8.58 9.00 8.88 8.11 9.14 9.40 8.33 8.02 11.35 8.42 8.18 8.18 8.42 9.16 9.16 9.16 9.91 11.76 8.13 8.94 9.73 9.73 9.83 7.96 7.84 9.48 7.65 7.65 7.65 8.56 8.56 9.58 8.79 8.34 8.34 9.39 9.24 8.46 8.46 7.70 7.46 7.51 7.51 7.51 7.51 7.54 7.54 7.54 7.54 7.22 7.22 7.22 7.22 9.27 8.92 8.92 9.27 8.92 8.92 8.92 8.92 8.96 8.96 8.96 8.96 8.45 8.45 8.45 8.45 8.34 8.34 8.34 8.34 8.17 8.17 8.48 8.17
8.57 8.57 8.57 8.57 8.58 8.58 9.19 8.58 9.00 8.88 8.88 9.79 9.61 8.84 7.72 11.20 8.18 8.18 8.18 8.42 9.27 9.16 9.44 8.42 12.57 8.29 9.88 10.49 9.57 9.83 9.83 9.46 9.48 9.48 9.59 8.41 8.79 7.97 8.79 8.79 8.34 9.68 10.34 8.46 8.46 9.66 7.70 7.46 7.51 7.51 7.51 7.51 7.54 7.54 7.54 7.54 7.22 7.22 7.22 8.14 8.92 9.27 8.92 10.60 8.92 8.92 9.26 7.18 6.38 8.96 8.96 8.96 8.45 8.45 8.45 8.79 8.34 8.34 8.34 8.34 8.17 8.17 8.17 8.17
8.65 9.43 8.57 8.57 9.19 8.58 8.58 8.58 8.88 9.00 9.14 10.11 10.22 8.84 8.28 11.76 8.84 8.18 8.18 8.42 8.42 8.18 8.42 12.35 12.47 8.69 9.98 8.69 10.46 9.83 9.83 9.73 9.74 9.84 9.59 10.25 9.84 9.84 10.50 9.84 8.97 8.46 8.46 9.68 9.66 9.66 7.46 7.46 8.47 8.83 9.90 8.46 7.54 7.54 7.54 7.54 7.22 7.22 7.22 7.22 8.92 8.92 8.92 6.38 6.38 6.38 6.38 6.38 6.38 6.38 6.38 6.38 6.24 6.24 6.24 8.45 8.34 8.34 8.34 8.34 8.48 8.17 8.17 8.17
9.41 9.41 9.41 8.61 8.57 8.57 8.57 8.57 9.51 8.90 9.81 9.81 10.10 8.84 8.26 12.04 8.99 8.69 8.69 8.69 9.04 8.42 8.92 11.20 9.09 9.81 10.48 9.81 9.54 9.54 10.28 9.54 9.71 9.81 9.81 8.69 9.79 9.79 9.79 8.69 8.46 8.46 8.46 9.67 9.20 9.35 7.46 8.87 7.44 7.44 7.44 7.44 7.43 7.43 7.43 7.75 7.13 7.13 7.13 8.84 9.21 8.87 8.87 6.38 6.38 6.38 6.38 6.38 6.38 6.38 6.38 6.38 8.16 8.16 8.16 8.43 8.64 8.30 8.30 9.27 8.25 8.25 8.21 8.21
9.41 9.41 9.41 9.41 9.43 9.56 8.94 9.43 9.33 9.81 9.33 9.81 10.10 8.69 9.30 6.73 8.26 8.84 8.69 8.69 8.69 8.98 12.66 8.69 8.94 8.69 9.81 9.81 9.81 9.81 8.69 8.94 8.94 8.69 8.94 8.94 8.69 9.79 9.79 8.69 8.46 9.67 9.67 9.53 10.76 10.03 10.44 9.66 9.65 9.65 9.65 9.65 9.79 8.76 9.64 9.89 7.13 7.13 7.13 8.84 9.31 8.87 9.02 6.53 6.38 6.38 6.38 8.74 8.77 7.07 10.33 8.96 8.47 8.16 8.43 8.43 8.30 8.30 8.30 8.30 8.21 7.92 7.92 7.92
10.36 10.36 10.36 10.36 10.40 10.40 10.40 10.40 10.79 10.79 10.79 10.95 10.55 9.95 10.25 10.70 12.78 9.77 10.95 10.95 9.62 10.10 11.11 14.59 10.54 10.84 10.39 11.23 10.75 9.62 9.62 9.84 9.62 9.62 9.62 9.84 9.84 9.62 10.73 9.62 10.57 10.55 10.57 10.57 11.31 10.56 10.56 9.52 9.52 10.35 9.52 9.52 9.41 9.97 9.52 10.94 10.02 7.49 7.49 9.30 9.33 9.33 9.33 10.30 6.84 9.31 9.39 9.39 6.84 10.15 7.01 6.84 8.57 8.57 8.57 8.57 8.43 8.43 8.43 8.43 8.35 8.35 8.35 8.35
10.36 10.36 9.91 10.36 10.40 10.14 10.56 10.40 10.79 10.95 10.95 10.46 10.44 9.95 9.95 9.77 12.97 14.88 10.93 14.91 9.62 10.10 10.92 11.71 14.17 10.54 10.63 10.39 10.39 10.39 10.39 9.84 9.77 9.77 9.62 9.62 9.62 9.62 9.62 9.84 9.52 10.43 9.52 10.57 10.56 10.56 10.56 10.56 9.67 9.67 9.52 9.52 9.67 9.82 10.87 10.94 9.59 7.51 9.79 9.30 9.33 9.60 9.33 9.33 10.15 9.39 9.39 10.80 10.15 9.42 9.42 9.42 8.57 8.57 8.57 8.57 8.79 8.43 8.43 8.43 8.35 8.35 8.35 8.35
