New_Model_Runs/12_Future_RCP4.5_Scn2_out/post_prcessed_with_MFR/Monthly_summaries/net_infiltration_monthly_OCT.asc
NCOLS 700
NROWS 400
XLLCENTER 515000.000000
YLLCENTER 8409000.000000
CELLSIZE 50.000000
NODATA_value -999.000000
[rows 152 to 189 of 400, columns 336 to 419 of 700]
4.30 6.90 6.77 6.43 6.39 6.46 6.57 6.57 6.54 6.33 6.09 6.09 6.40 6.40 6.00 6.00 5.68 5.68 6.04 5.68 5.79 5.79 5.79 5.79 5.88 9.51 4.92 4.92 5.23 5.14 5.44 5.08 4.77 4.77 4.92 4.20 4.05 9.36 5.87 4.86 4.97 8.36 8.13 7.72 7.72 6.74 1.25 1.10 4.70 0.00 0.00 0.00 0.00 0.00 0.00 0.00 0.00 0.00 0.00 0.00 0.00 0.00 0.00 0.00 0.00 0.00 0.00 0.00 0.00 0.00 0.00 0.00 0.00 0.00 0.00 0.00 0.00 0.00 0.00 0.00 0.00 0.00 0.00 0.00
4.43 7.53 6.98 6.74 6.88 5.26 6.80 6.58 6.74 6.33 6.33 6.09 6.00 6.00 6.00 6.00 5.68 5.68 5.68 5.68 5.79 5.79 5.79 5.79 5.88 6.38 10.01 10.01 4.92 8.18 5.23 4.92 7.83 8.26 7.68 7.68 7.72 5.17 5.46 4.86 4.82 8.67 7.14 3.70 7.32 1.10 1.25 1.25 4.70 0.00 0.00 0.00 0.00 0.00 0.00 0.00 0.00 0.00 0.00 0.00 0.00 0.00 0.00 0.00 0.00 0.00 0.00 0.00 0.00 0.00 0.00 0.00 0.00 0.00 0.00 0.00 0.00 0.00 0.00 0.00 0.00 0.00 0.00 0.00
7.36 5.35 5.20 4.17 5.90 6.90 6.39 6.39 6.33 6.33 6.33 6.09 6.00 6.00 6.00 6.35 5.68 5.68 5.68 5.68 5.79 5.79 5.79 5.79 10.01 10.01 10.01 10.70 10.03 7.95 7.95 7.95 5.00 7.98 7.48 7.93 4.60 8.48 5.16 4.92 4.82 9.01 8.00 3.70 4.89 3.85 3.75 3.75 4.70 3.63 0.00 0.00 0.00 0.00 0.00 0.00 0.00 0.00 0.00 0.00 0.00 0.00 0.00 0.00 0.00 0.00 0.00 0.00 0.00 0.00 0.00 0.00 0.00 0.00 0.00 0.00 0.00 0.00 0.00 0.00 0.00 0.00 0.00 0.00
6.58 5.13 5.57 5.13 6.57 6.57 6.78 6.39 6.33 6.33 6.33 6.33 6.46 6.00 6.00 6.00 5.68 5.68 5.68 5.68 5.79 5.79 5.79 5.79 9.51 5.88 5.88 6.03 6.47 8.94 5.23 3.97 7.32 7.32 7.32 8.30 8.30 5.22 4.77 4.86 4.89 8.00 4.74 3.70 4.88 1.25 3.75 3.75 4.70 7.21 0.00 0.00 0.00 0.00 0.00 0.00 0.00 0.00 0.00 0.00 0.00 0.00 0.00 0.00 0.00 0.00 0.00 0.00 0.00 0.00 0.00 0.00 0.00 0.00 0.00 0.00 0.00 0.00 0.00 0.00 0.00 0.00 0.00 0.00
6.55 5.13 5.26 6.58 6.38 6.38 6.38 6.38 6.32 6.32 6.32 6.32 6.89 6.37 5.98 5.98 5.69 5.69 5.69 5.69 5.78 5.78 5.78 9.41 5.82 5.82 5.82 5.82 5.32 6.07 9.24 3.97 3.76 7.32 7.32 4.16 4.98 4.80 4.80 4.80 7.79 4.37 4.73 4.25 7.32 4.73 3.70 1.11 1.07 4.85 0.15 0.00 0.00 0.00 0.00 0.00 0.00 0.00 0.00 0.00 0.00 0.00 0.00 0.00 0.00 0.00 0.00 0.00 0.00 0.00 0.00 0.00 0.00 0.00 0.00 0.00 0.00 0.00 0.00 0.00 0.00 0.00 0.00 0.00
6.58 5.47 6.40 6.58 6.38 6.38 6.38 6.38 6.32 6.35 6.32 6.32 6.17 6.17 5.98 5.98 5.69 5.69 5.69 5.69 6.14 5.78 5.78 9.41 5.82 5.82 5.19 5.30 5.32 5.21 8.45 7.75 7.32 7.94 5.17 5.02 4.80 4.80 4.80 4.80 4.93 4.09 7.87 4.74 4.74 4.73 1.10 3.70 1.07 4.85 1.03 0.00 0.00 0.00 0.00 0.00 0.00 0.00 0.00 0.00 0.00 0.00 0.00 0.00 0.00 0.00 0.00 0.00 0.00 0.00 0.00 0.00 0.00 0.00 0.00 0.00 0.00 0.00 0.00 0.00 0.00 0.00 0.00 0.00
6.40 6.78 6.40 6.40 6.38 6.38 6.38 6.57 6.55 6.32 6.01 6.01 6.36 6.17 5.98 5.98 5.69 5.69 5.69 6.05 5.78 5.78 9.41 5.15 5.19 5.19 5.19 5.19 5.21 5.21 8.88 5.41 4.94 4.94 4.89 4.94 4.80 4.80 4.80 4.80 4.86 4.86 4.74 4.73 7.32 7.32 1.10 1.25 1.22 4.85 7.51 0.00 0.00 0.00 0.00 0.00 0.00 0.00 0.00 0.00 0.00 0.00 0.00 0.00 0.00 0.00 0.00 0.00 0.00 0.00 0.00 0.00 0.00 0.00 0.00 0.00 0.00 0.00 0.00 0.00 0.00 0.00 0.00 0.00
6.40 6.40 6.78 6.40 6.38 6.38 6.57 6.57 6.55 6.32 6.32 6.32 6.17 6.17 6.17 5.98 5.69 5.69 5.69 5.69 5.78 9.19 8.78 5.15 5.19 5.59 5.19 5.19 5.21 5.21 5.32 5.57 4.89 4.89 4.89 4.89 4.80 4.80 4.80 4.80 4.86 4.93 4.74 7.32 7.32 7.32 4.73 4.73 5.00 5.15 4.85 0.00 0.00 0.00 0.00 0.00 0.00 0.00 0.00 0.00 0.00 0.00 0.00 0.00 0.00 0.00 0.00 0.00 0.00 0.00 0.00 0.00 0.00 0.00 0.00 0.00 0.00 0.00 0.00 0.00 0.00 0.00 0.00 0.00
6.35 6.57 6.55 6.35 6.36 6.36 6.56 6.56 6.30 6.30 6.30 6.30 6.15 6.15 6.15 6.15 5.66 5.66 5.02 5.02 5.08 8.71 5.08 5.08 5.10 5.10 5.10 5.10 5.10 5.51 5.10 5.10 4.80 4.80 4.80 5.31 4.81 4.81 4.81 4.81 4.88 8.50 3.51 4.37 8.30 4.00 4.67 7.32 4.84 4.70 5.21 5.04 0.00 0.00 0.00 0.00 0.00 0.00 0.00 0.00 0.00 0.00 0.00 0.00 0.00 0.00 0.00 0.00 0.00 0.00 0.00 0.00 0.00 0.00 0.00 0.00 0.00 0.00 0.00 0.00 0.00 0.00 0.00 0.00
6.35 7.27 7.27 6.35 6.36 6.36 6.56 6.56 6.54 6.30 6.30 4.39 6.15 6.15 6.15 6.15 5.02 5.02 5.02 5.02 8.71 5.08 5.08 5.08 5.10 5.76 5.10 5.10 5.10 5.75 5.10 5.10 4.80 4.80 5.20 5.20 4.81 4.81 4.81 4.81 5.38 5.02 4.67 4.16 4.31 5.07 4.92 4.92 4.04 4.54 8.27 7.96 5.00 5.00 4.94 4.70 0.00 0.00 0.00 0.00 0.00 0.00 0.00 0.00 0.00 0.00 0.00 0.00 0.00 0.00 0.00 0.00 0.00 0.00 0.00 0.00 0.00 0.00 0.00 0.00 0.00 0.00 0.00 0.00
7.43 8.14 7.43 7.27 7.28 7.28 7.28 7.74 7.44 7.22 7.22 7.22 7.27 7.27 7.27 7.27 6.15 6.73 6.15 6.15 6.21 6.21 6.21 6.21 6.23 6.82 6.23 6.23 6.82 6.23 7.56 6.23 5.05 5.05 5.05 5.05 5.06 4.78 4.78 5.47 5.13 5.13 5.13 5.60 5.17 5.11 5.11 5.11 4.74 4.80 4.36 7.82 7.52 5.16 1.53 4.70 4.70 5.38 5.35 3.63 0.00 0.00 0.00 0.00 0.00 0.00 0.00 0.00 0.00 0.00 0.00 0.00 0.00 0.00 0.00 0.00 0.00 0.00 0.00 0.00 0.00 0.00 0.00 0.00
7.43 8.19 8.19 7.43 7.28 7.28 7.28 7.28 7.22 7.22 7.22 7.22 7.39 7.27 7.27 7.27 6.15 6.15 6.15 6.15 6.21 6.21 6.21 6.21 6.23 6.23 6.23 6.23 6.23 6.23 6.82 6.23 5.05 5.05 5.05 5.05 5.06 5.06 5.47 5.06 5.13 5.13 5.13 5.13 5.11 5.11 5.11 5.11 4.74 4.74 4.89 7.57 8.44 3.64 5.16 5.16 5.65 5.18 5.18 5.33 7.36 0.00 0.00 0.00 0.00 0.00 0.00 0.00 0.00 0.00 0.00 0.00 0.00 0.00 0.00 0.00 0.00 0.00 0.00 0.00 0.00 0.00 0.00 0.00
7.23 7.38 7.99 7.38 7.16 7.16 7.16 7.16 7.38 7.26 7.26 7.38 7.20 7.20 7.20 6.47 6.19 6.19 6.19 6.19 6.24 6.24 6.24 6.24 6.23 6.23 6.23 6.23 6.20 6.20 6.20 6.20 5.07 5.07 5.07 5.07 5.08 5.08 5.08 5.08 5.07 5.07 5.07 5.07 5.05 5.59 5.05 5.05 4.73 4.73 4.80 4.26 7.76 3.64 1.53 5.96 5.42 4.66 4.66 4.96 5.50 8.27 5.49 3.63 0.00 0.00 0.00 0.00 0.00 0.00 0.00 0.00 0.00 0.00 0.00 0.00 0.00 0.00 0.00 0.00 0.00 0.00 0.00 0.00
7.23 7.23 7.23 7.23 7.16 7.16 7.16 7.16 7.26 7.26 7.26 7.26 7.20 7.20 7.20 6.47 6.19 6.19 6.19 6.19 6.24 6.24 6.24 6.24 6.23 6.23 6.23 6.23 6.20 6.20 6.20 6.20 5.07 4.78 5.07 5.07 5.08 5.08 5.08 5.08 5.07 5.07 5.07 5.07 5.05 5.45 5.05 5.05 4.73 4.80 4.05 4.13 4.13 4.70 4.86 5.34 4.66 4.66 4.66 4.66 4.80 8.27 4.64 8.27 0.00 0.00 0.00 0.00 0.00 0.00 0.00 0.00 0.00 0.00 0.00 0.00 0.00 0.00 0.00 0.00 0.00 0.00 0.00 0.00
7.69 7.23 7.23 7.69 7.16 7.16 7.16 7.16 7.26 7.26 7.26 7.26 7.20 7.20 7.20 6.47 6.19 6.19 6.19 6.19 6.24 6.24 6.24 6.24 6.23 6.23 6.23 6.23 6.20 6.20 6.20 6.20 5.07 5.07 5.07 5.07 5.08 5.08 5.08 5.08 5.07 5.07 5.07 5.07 5.05 5.05 5.05 5.05 4.73 4.89 3.98 3.98 4.26 4.41 4.41 5.27 4.66 4.66 4.66 4.66 4.64 8.42 4.80 4.64 0.00 0.00 0.00 0.00 0.00 0.00 0.00 0.00 0.00 0.00 0.00 0.00 0.00 0.00 0.00 0.00 0.00 0.00 0.00 0.00
7.23 7.23 7.23 7.23 7.16 7.48 7.16 7.16 7.26 7.26 7.26 7.26 7.20 7.20 6.47 6.47 6.19 6.19 6.19 6.19 6.24 6.24 6.24 6.24 6.23 6.23 6.23 6.23 6.20 6.20 6.20 6.20 5.07 5.07 5.07 5.07 5.08 5.08 5.08 5.08 4.78 4.78 5.07 5.07 5.05 5.05 5.05 5.05 4.80 4.48 4.58 4.89 5.27 5.58 5.58 5.27 4.66 4.66 4.96 4.89 5.15 5.07 4.88 8.27 0.00 0.00 0.00 0.00 0.00 0.00 0.00 0.00 0.00 0.00 0.00 0.00 0.00 0.00 0.00 0.00 0.00 0.00 0.00 0.00
7.15 7.15 7.15 7.15 7.24 7.24 7.35 7.24 7.25 7.25 7.25 7.25 7.15 7.15 6.63 6.63 6.31 6.31 6.31 6.31 6.30 6.30 6.30 6.89 6.30 6.30 6.30 6.30 6.31 6.31 6.31 6.31 5.17 5.17 5.17 5.17 5.16 5.16 5.16 5.16 5.32 4.91 5.00 5.12 5.09 4.81 5.09 5.09 4.71 4.94 4.39 4.71 4.69 4.69 4.69 4.69 4.66 4.66 4.96 4.51 5.47 5.65 0.00 0.00 0.00 0.00 0.00 0.00 0.00 0.00 0.00 0.00 0.00 0.00 0.00 0.00 0.00 0.00 0.00 0.00 0.00 0.00 0.00 0.00
7.15 7.15 7.15 7.15 7.24 7.24 7.24 7.24 7.25 7.25 7.25 7.25 7.15 7.15 6.63 6.63 6.31 6.31 6.31 6.31 6.30 6.30 6.30 6.30 6.30 6.30 6.30 6.30 6.31 6.31 6.31 6.31 5.17 5.17 5.17 5.17 5.16 5.16 5.16 5.16 5.26 4.84 5.00 5.12 5.09 4.81 5.09 5.09 4.71 4.71 4.71 4.71 4.69 4.69 4.69 4.77 4.74 4.74 4.42 4.42 0.00 0.00 0.00 0.00 0.00 0.00 0.00 0.00 0.00 0.00 0.00 0.00 0.00 0.00 0.00 0.00 0.00 0.00 0.00 0.00 0.00 0.00 0.00 0.00
7.15 7.15 7.15 7.15 7.24 7.24 7.24 7.24 7.25 7.25 7.25 7.25 7.15 6.63 6.63 6.63 6.31 6.31 6.31 6.31 6.30 6.30 6.30 6.30 6.30 6.30 6.30 6.70 6.41 6.31 6.31 6.31 5.17 5.17 5.17 5.17 5.16 5.16 4.88 5.18 5.26 5.00 5.12 5.12 5.24 5.09 5.09 5.09 4.71 4.71 4.71 4.71 4.69 4.77 4.45 4.60 4.89 4.66 4.66 9.31 0.00 0.00 0.00 0.00 0.00 0.00 0.00 0.00 0.00 0.00 0.00 0.00 0.00 0.00 0.00 0.00 0.00 0.00 0.00 0.00 0.00 0.00 0.00 0.00
7.15 7.15 7.15 7.15 7.24 7.24 7.24 7.24 7.25 7.25 7.25 7.25 7.15 6.63 6.63 6.63 6.31 6.91 6.91 6.30 6.30 6.30 6.30 6.30 6.30 6.30 6.30 6.70 6.70 6.31 6.31 6.31 5.17 5.17 5.17 5.17 5.16 5.16 5.67 5.61 5.12 5.00 5.12 5.27 5.19 5.16 5.09 5.09 4.71 4.71 4.71 4.71 4.69 4.20 3.56 5.31 5.16 4.85 0.00 0.00 0.00 0.00 0.00 0.00 0.00 0.00 0.00 0.00 0.00 0.00 0.00 0.00 0.00 0.00 0.00 0.00 0.00 0.00 0.00 0.00 0.00 0.00 0.00 0.00
7.25 7.28 7.28 7.28 7.31 7.28 7.31 7.31 7.20 7.20 7.20 7.20 7.19 6.66 6.66 6.56 6.94 6.24 6.24 6.83 6.29 6.29 6.89 6.29 6.33 6.33 6.33 6.70 6.70 6.52 7.34 7.34 5.78 5.23 5.23 5.23 5.22 5.22 5.00 5.41 5.19 5.19 5.19 5.34 6.20 6.28 5.29 5.14 4.75 4.90 4.50 4.75 4.49 5.10 5.48 2.29 2.13 0.30 0.00 0.00 0.00 0.00 0.00 0.00 0.00 0.00 0.00 0.00 0.00 0.00 0.00 0.00 0.00 0.00 0.00 0.00 0.00 0.00 0.00 0.00 0.00 0.00 0.00 0.00
7.28 7.28 7.28 7.28 7.31 7.31 7.31 7.31 7.20 7.20 7.20 7.20 7.19 6.66 7.34 6.66 6.24 6.24 6.24 6.24 6.29 6.29 6.29 6.29 6.93 6.94 6.33 6.70 6.70 7.88 7.65 10.97 5.78 6.03 5.93 5.78 5.22 5.22 5.10 5.31 5.86 4.91 5.19 5.19 6.13 6.09 5.14 5.14 4.82 4.05 4.05 4.26 8.77 3.89 1.83 4.20 0.61 0.00 0.00 0.00 0.00 0.00 0.00 0.00 0.00 0.00 0.00 0.00 0.00 0.00 0.00 0.00 0.00 0.00 0.00 0.00 0.00 0.00 0.00 0.00 0.00 0.00 0.00 0.00
7.28 7.28 7.28 7.28 7.31 7.31 7.31 7.31 7.20 7.20 7.20 7.20 6.66 7.23 6.66 7.34 6.24 6.24 6.24 6.24 6.29 6.29 6.29 6.89 6.33 6.33 6.94 6.33 6.37 6.52 6.37 10.12 9.94 6.20 5.78 5.78 5.77 5.22 9.19 7.90 7.60 5.78 5.23 5.19 2.30 6.61 5.67 5.14 4.82 4.05 4.26 7.89 0.00 0.00 0.00 0.00 0.00 0.00 0.00 0.00 0.00 0.00 0.00 0.00 0.00 0.00 0.00 0.00 0.00 0.00 0.00 0.00 0.00 0.00 0.00 0.00 0.00 0.00 0.00 0.00 0.00 0.00 0.00 0.00
7.28 7.28 7.28 7.28 7.31 7.31 7.31 7.31 7.20 7.20 7.20 7.20 6.66 7.32 6.66 6.66 7.03 6.24 6.24 6.24 6.29 6.29 6.88 6.29 6.33 6.33 6.33 6.33 6.37 6.98 6.98 6.41 4.82 5.63 5.89 5.78 5.48 5.48 1.19 7.75 4.84 4.82 5.48 9.36 2.15 4.12 6.61 5.98 4.75 8.85 7.22 0.00 0.00 0.00 0.00 0.00 0.00 0.00 0.00 0.00 0.00 0.00 0.00 0.00 0.00 0.00 0.00 0.00 0.00 0.00 0.00 0.00 0.00 0.00 0.00 0.00 0.00 0.00 0.00 0.00 0.00 0.00 0.00 0.00
7.16 7.16 6.75 6.75 7.20 7.20 7.20 7.20 7.16 7.16 7.16 7.16 6.53 6.53 6.53 6.53 6.75 6.17 6.17 6.17 6.25 6.25 6.25 6.25 6.30 6.30 6.30 6.30 6.35 6.35 6.35 6.35 6.16 3.97 4.97 9.96 4.25 3.97 4.05 7.60 4.94 4.94 4.79 5.48 4.94 7.75 4.97 5.78 4.70 7.22 0.00 0.00 0.00 0.00 0.00 0.00 0.00 0.00 0.00 0.00 0.00 0.00 0.00 0.00 0.00 0.00 0.00 0.00 0.00 0.00 0.00 0.00 0.00 0.00 0.00 0.00 0.00 0.00 0.00 0.00 0.00 0.00 0.00 0.00
7.16 7.16 7.16 6.75 6.75 7.20 7.20 7.20 7.16 7.16 7.71 7.38 7.28 7.28 6.53 6.53 6.17 6.17 6.17 6.17 6.25 6.25 6.96 6.25 6.30 6.30 6.30 6.30 6.35 6.35 6.35 6.35 5.40 5.95 6.16 5.14 4.94 4.57 4.58 7.90 4.94 4.94 4.94 4.94 1.77 4.58 1.31 4.79 7.22 0.00 0.00 0.00 0.00 0.00 0.00 0.00 0.00 0.00 0.00 0.00 0.00 0.00 0.00 0.00 0.00 0.00 0.00 0.00 0.00 0.00 0.00 0.00 0.00 0.00 0.00 0.00 0.00 0.00 0.00 0.00 0.00 0.00 0.00 0.00
7.68 7.68 7.68 7.68 7.73 7.73 7.36 7.36 8.16 7.69 7.69 7.18 7.07 7.07 7.07 7.07 7.02 7.02 7.02 7.02 7.11 7.11 7.11 7.11 7.16 7.16 7.16 7.16 7.22 7.22 7.22 7.22 5.68 5.83 6.13 9.31 5.90 5.81 6.27 6.66 5.92 5.11 5.07 5.26 5.12 5.12 4.74 4.96 0.00 0.00 0.00 0.00 0.00 0.00 0.00 0.00 0.00 0.00 0.00 0.00 0.00 0.00 0.00 0.00 0.00 0.00 0.00 0.00 0.00 0.00 0.00 0.00 0.00 0.00 0.00 0.00 0.00 0.00 0.00 0.00 0.00 0.00 0.00 0.00
7.68 7.68 7.68 7.36 7.36 7.36 7.36 7.36 7.36 7.36 7.69 7.18 7.07 7.07 7.07 7.07 7.02 7.02 7.02 7.02 7.11 7.11 7.11 7.11 7.16 7.16 7.16 7.16 7.22 7.22 7.22 7.22 5.68 5.68 5.68 5.68 5.66 5.66 5.66 5.66 5.93 6.51 6.79 1.51 4.82 4.67 4.98 0.89 0.00 0.00 0.00 0.00 0.00 0.00 0.00 0.00 0.00 0.00 0.00 0.00 0.00 0.00 0.00 0.00 0.00 0.00 0.00 0.00 0.00 0.00 0.00 0.00 0.00 0.00 0.00 0.00 0.00 0.00 0.00 0.00 0.00 0.00 0.00 0.00
7.67 7.36 7.36 7.36 7.36 7.74 7.36 7.36 7.36 7.36 5.55 7.83 5.55 7.01 7.01 7.01 7.09 7.09 7.09 7.09 7.12 7.12 7.12 7.12 7.14 7.14 7.83 7.83 7.19 7.19 7.19 7.19 5.62 6.06 5.62 5.62 5.58 5.58 5.58 5.58 5.55 6.14 5.55 5.77 1.51 1.81 4.82 4.98 0.00 0.00 0.00 0.00 0.00 0.00 0.00 0.00 0.00 0.00 0.00 0.00 0.00 0.00 0.00 0.00 0.00 0.00 0.00 0.00 0.00 0.00 0.00 0.00 0.00 0.00 0.00 0.00 0.00 0.00 0.00 0.00 0.00 0.00 0.00 0.00
7.36 7.36 7.36 7.36 7.36 7.36 7.36 7.74 7.36 7.36 5.55 5.55 6.17 7.01 7.01 7.01 7.09 7.09 7.09 7.09 7.12 7.12 7.12 7.12 7.14 7.14 7.83 7.14 7.19 7.19 7.19 6.85 5.73 5.62 5.62 5.62 5.58 5.58 5.58 5.58 5.55 5.55 5.99 5.55 6.05 6.07 6.23 6.20 8.97 4.74 3.76 0.00 0.00 0.00 0.00 0.00 0.00 0.00 0.00 0.00 0.00 0.00 0.00 0.00 0.00 0.00 0.00 0.00 0.00 0.00 0.00 0.00 0.00 0.00 0.00 0.00 0.00 0.00 0.00 0.00 0.00 0.00 0.00 0.00
7.36 7.36 7.36 7.36 7.36 7.36 7.36 7.36 7.36 7.36 5.55 6.97 7.01 7.01 7.01 7.01 7.09 7.09 7.09 7.09 7.12 7.12 7.12 7.12 7.14 7.14 7.14 7.14 7.19 7.19 7.89 7.19 5.73 5.62 6.06 5.62 5.58 5.58 5.48 5.58 5.55 5.55 5.55 5.55 5.56 5.56 5.56 5.56 4.76 4.74 4.74 3.76 3.76 0.00 0.00 0.00 0.00 0.00 0.00 0.00 0.00 0.00 0.00 0.00 0.00 0.00 0.00 0.00 0.00 0.00 0.00 0.00 0.00 0.00 0.00 0.00 0.00 0.00 0.00 0.00 0.00 0.00 0.00 0.00
7.36 7.36 7.36 7.36 7.36 7.36 7.36 7.74 7.36 7.36 5.55 6.97 7.01 7.01 7.01 7.01 7.09 7.09 7.09 7.09 7.12 7.12 7.12 7.12 7.14 7.14 7.14 7.14 7.19 7.19 7.19 7.19 5.62 5.62 5.62 5.62 5.58 5.58 6.01 5.58 5.55 5.55 5.55 5.55 5.56 5.56 5.98 5.56 5.02 4.93 4.74 4.74 7.39 3.76 0.00 0.00 0.00 0.00 0.00 0.00 0.00 0.00 0.00 0.00 0.00 0.00 0.00 0.00 0.00 0.00 0.00 0.00 0.00 0.00 0.00 0.00 0.00 0.00 0.00 0.00 0.00 0.00 0.00 0.00
7.36 7.36 7.36 7.74 7.36 7.36 7.36 7.36 7.36 5.55 6.99 6.49 7.10 7.10 7.10 7.10 7.12 7.12 7.12 7.12 7.13 7.03 7.81 7.81 7.84 8.08 7.14 7.14 7.14 7.14 7.83 7.83 5.97 5.54 5.54 5.54 5.94 5.51 5.51 5.51 5.49 5.91 5.49 5.49 5.49 5.49 5.49 5.49 4.82 4.89 5.26 4.01 5.04 5.38 8.94 8.94 0.00 0.00 0.00 0.00 0.00 0.00 0.00 0.00 0.00 0.00 0.00 0.00 0.00 0.00 0.00 0.00 0.00 0.00 0.00 0.00 0.00 0.00 0.00 0.00 0.00 0.00 0.00 0.00
7.36 7.36 7.36 7.74 7.36 7.36 7.36 7.36 8.34 8.13 6.99 6.99 6.58 7.10 7.10 7.10 7.12 7.12 7.12 7.12 7.13 7.13 7.13 7.13 7.14 8.08 8.08 7.14 7.14 7.14 7.14 7.14 5.54 5.54 5.54 5.54 5.51 5.51 5.51 5.51 5.49 5.49 5.49 5.49 5.49 5.49 5.49 5.49 4.82 4.82 4.82 5.04 4.46 5.12 4.77 4.77 4.69 8.93 0.00 0.00 0.00 0.00 0.00 0.00 0.00 0.00 0.00 0.00 0.00 0.00 0.00 0.00 0.00 0.00 0.00 0.00 0.00 0.00 0.00 0.00 0.00 0.00 0.00 0.00
7.36 7.36 7.36 7.36 7.36 7.36 7.36 8.30 8.34 8.13 8.13 6.99 7.10 6.60 7.10 7.10 7.12 7.12 7.12 7.12 7.13 7.13 7.13 7.13 7.83 7.14 8.08 8.08 8.08 7.14 7.14 7.14 5.54 5.54 5.54 5.54 5.51 5.51 5.51 5.51 5.49 5.49 5.49 5.49 5.49 5.49 5.49 5.49 4.82 4.82 4.82 4.82 4.96 4.85 4.77 4.77 4.69 4.69 4.34 8.31 0.00 0.00 0.00 0.00 0.00 0.00 0.00 0.00 0.00 0.00 0.00 0.00 0.00 0.00 0.00 0.00 0.00 0.00 0.00 0.00 0.00 0.00 0.00 0.00
7.36 7.36 7.36 7.36 7.36 7.36 7.36 8.30 6.99 6.99 6.99 6.99 7.10 7.10 7.10 7.10 7.12 7.12 7.12 7.12 7.13 7.13 7.13 7.13 7.83 7.83 7.83 8.31 8.30 8.08 7.14 7.14 5.54 5.54 5.54 5.54 5.51 5.51 5.51 5.51 5.49 5.49 5.23 5.49 5.49 5.49 5.49 5.49 4.82 4.82 4.82 5.17 4.77 4.77 4.77 4.77 4.69 4.69 4.69 4.69 8.28 0.00 0.00 0.00 0.00 0.00 0.00 0.00 0.00 0.00 0.00 0.00 0.00 0.00 0.00 0.00 0.00 0.00 0.00 0.00 0.00 0.00 0.00 0.00
7.36 7.36 7.36 7.36 7.36 7.36 7.36 7.50 7.10 7.10 7.10 7.10 7.15 7.15 5.55 7.15 7.11 7.11 7.11 7.11 7.12 7.12 7.12 7.12 7.13 7.13 8.07 8.55 7.91 7.14 7.14 7.14 5.55 5.55 5.55 5.55 5.53 5.53 5.53 5.53 5.51 5.25 5.25 5.51 5.48 5.48 5.48 5.48 4.75 4.75 4.75 4.75 4.72 4.72 4.72 4.72 4.71 4.71 4.71 4.16 7.35 0.00 0.00 0.00 0.00 0.00 0.00 0.00 0.00 0.00 0.00 0.00 0.00 0.00 0.00 0.00 0.00 0.00 0.00 0.00 0.00 0.00 0.00 0.00
7.36 7.36 7.36 7.36 7.36 7.36 7.36 7.36 7.10 7.10 7.10 7.10 7.15 7.15 7.15 7.15 7.11 7.11 7.11 7.11 7.12 7.12 7.12 7.12 7.13 7.82 7.82 7.13 7.83 7.14 8.22 7.83 5.55 5.55 5.29 5.55 5.53 5.53 5.53 5.53 5.51 5.51 5.51 5.51 5.48 5.48 5.48 5.48 4.75 4.75 4.75 4.75 4.72 4.72 4.72 4.72 4.71 4.71 4.93 4.74 0.00 0.00 0.00 0.00 0.00 0.00 0.00 0.00 0.00 0.00 0.00 0.00 0.00 0.00 0.00 0.00 0.00 0.00 0.00 0.00 0.00 0.00 0.00 0.00
