New_Model_Runs/12_Future_RCP4.5_Scn2_out/post_prcessed_with_MFR/Monthly_summaries/net_infiltration_monthly_MAY.asc
NCOLS 700
NROWS 400
XLLCENTER 515000.000000
YLLCENTER 8409000.000000
CELLSIZE 50.000000
NODATA_value -999.000000
[rows 266 to 303 of 400, columns 252 to 335 of 700]
7.31 7.78 8.79 8.94 8.06 7.82 7.82 7.82 7.97 8.04 1.97 7.22 7.22 7.37 11.15 7.22 11.00 7.49 7.49 8.14 8.80 1.84 6.47 6.47 8.90 8.86 8.71 5.15 8.71 5.62 5.62 5.32 5.46 9.90 10.43 10.08 2.22 10.31 6.38 6.38 6.38 6.38 6.38 1.91 10.80 7.17 6.88 6.19 6.29 7.57 7.72 6.59 6.04 5.35 6.04 5.89 1.72 5.39 6.19 10.13 5.50 9.52 9.52 5.74 5.74 5.74 5.74 5.74 1.63 0.00 0.00 0.00 0.00 1.63 1.63 5.90 5.90 1.63 1.63 1.63 5.90 0.00 0.00 0.00
7.78 8.79 8.58 8.79 8.06 7.82 7.82 7.82 7.82 7.82 7.22 7.49 10.85 12.03 11.00 11.24 11.00 7.22 7.22 7.37 6.91 1.68 6.21 6.47 10.10 1.52 1.52 5.08 5.62 1.99 6.12 7.03 6.12 7.19 6.80 6.45 6.53 5.85 1.91 6.38 6.38 6.38 6.38 1.91 5.46 7.17 6.79 7.47 7.47 6.62 6.62 6.99 5.74 5.35 1.87 6.04 1.57 5.74 5.89 9.52 9.37 9.52 5.89 5.74 5.89 5.89 5.74 5.74 1.63 0.00 0.00 0.00 0.00 5.90 1.63 1.63 1.63 1.63 5.90 0.00 0.00 0.00 0.00 0.00
7.58 8.78 8.89 8.29 7.82 7.82 7.82 7.82 8.28 7.97 7.22 10.85 11.76 8.28 8.73 12.36 5.79 10.85 7.49 7.52 6.51 1.68 1.84 1.84 1.68 1.52 1.45 1.84 5.46 6.12 7.01 7.01 2.70 2.24 6.75 6.75 6.38 6.38 1.91 6.38 6.38 1.91 6.38 5.54 9.73 10.25 6.77 7.03 6.59 6.59 6.59 6.46 5.74 5.74 9.52 1.57 5.74 9.37 5.20 1.57 1.57 5.89 9.52 5.74 5.89 5.74 5.74 1.57 5.90 0.00 0.00 0.00 5.90 1.63 1.63 1.63 5.90 5.90 0.00 0.00 0.00 0.00 0.00 0.00
9.07 8.90 9.21 9.17 8.13 8.13 8.94 11.27 10.32 11.75 10.20 11.44 8.15 8.28 8.89 8.58 7.22 7.37 7.52 7.97 6.87 6.82 2.97 6.47 6.21 1.86 6.12 6.12 5.46 6.12 6.99 7.01 2.09 6.60 2.24 5.87 1.91 6.38 6.38 6.38 1.91 5.46 5.46 5.46 5.35 2.57 7.03 6.87 6.86 6.59 6.59 6.86 5.74 5.74 9.37 5.20 5.20 1.57 1.57 1.57 1.57 1.72 1.72 5.74 5.74 5.74 5.74 1.57 5.90 0.00 5.90 1.63 1.63 1.63 5.45 5.90 5.90 0.00 0.00 0.00 0.00 0.00 0.00 0.00
9.07 8.90 8.90 8.90 10.34 9.86 10.60 7.12 7.12 7.22 7.62 8.10 7.67 7.64 7.94 2.12 9.58 9.29 7.67 8.27 6.87 6.21 6.47 6.47 6.48 6.21 6.12 1.84 9.75 6.34 6.99 6.12 6.45 6.45 6.45 10.08 6.38 6.38 6.38 1.91 5.46 5.46 5.35 9.73 7.57 6.92 7.18 7.46 6.34 6.59 6.90 6.86 7.25 5.74 9.37 5.20 1.57 1.57 1.57 1.72 5.74 1.57 1.57 5.74 5.74 1.57 1.57 5.74 5.90 5.90 1.63 1.63 1.63 5.90 0.00 0.00 6.06 6.06 0.00 0.00 0.00 0.00 0.00 0.00
8.75 8.90 8.90 6.88 10.34 6.97 6.97 6.97 6.23 7.22 7.64 2.58 8.10 7.49 7.22 7.22 7.97 7.97 7.97 8.12 6.99 6.21 6.36 6.62 6.21 5.78 2.05 5.38 6.12 6.34 6.12 6.45 6.45 1.93 6.45 5.56 5.54 5.54 9.73 5.46 5.46 9.73 5.74 6.10 7.47 6.62 2.27 6.44 6.44 7.57 6.59 6.86 10.88 5.20 1.72 1.57 1.57 5.74 5.74 1.57 1.57 5.74 5.74 1.57 1.57 5.74 5.74 5.74 1.63 1.63 1.63 5.90 0.00 0.00 0.00 0.00 0.00 0.00 0.00 0.00 0.00 0.00 0.00 0.00
8.54 8.76 11.40 10.94 6.97 6.97 6.97 6.97 7.82 7.37 1.97 2.12 1.97 1.97 7.37 8.53 7.99 7.57 7.94 7.94 5.61 6.47 6.62 1.86 7.03 5.94 1.84 5.46 1.76 6.79 1.84 6.12 7.04 1.82 7.35 10.27 5.54 1.83 6.25 6.25 6.10 6.87 7.57 7.57 7.72 6.44 6.29 6.29 6.29 6.29 11.19 11.19 5.24 1.72 1.87 1.72 5.74 5.74 1.57 1.57 1.57 5.74 1.57 1.57 5.74 5.74 1.57 1.57 1.79 5.90 1.63 0.00 0.00 0.00 0.00 0.00 0.00 0.00 0.00 0.00 0.00 0.00 0.00 0.00
8.76 11.40 11.26 7.63 7.12 7.12 6.97 7.82 7.82 7.52 7.52 8.17 7.22 7.67 7.52 8.16 7.57 7.94 2.74 7.93 8.10 6.62 6.77 6.47 8.02 6.49 6.34 11.50 7.87 6.12 6.12 6.99 7.04 1.82 7.35 7.35 10.53 6.69 6.44 6.25 2.27 6.98 6.61 6.61 6.61 6.44 6.29 2.02 10.22 9.36 6.29 6.59 4.56 1.57 1.57 1.57 5.74 5.74 1.57 5.74 1.57 1.57 5.74 5.74 1.57 1.57 1.57 5.74 5.90 0.00 0.00 0.00 0.00 0.00 0.00 0.00 0.00 0.00 0.00 0.00 0.00 0.00 0.00 0.00
7.77 10.86 7.23 7.08 6.09 6.95 7.57 7.71 7.71 6.99 7.38 7.38 6.99 7.14 7.14 6.84 6.84 2.05 8.70 7.16 6.73 6.99 2.71 7.99 6.93 7.11 6.27 10.40 6.75 10.38 5.91 5.91 5.91 6.22 7.09 6.22 10.06 9.82 6.58 5.62 7.29 6.34 6.34 6.34 6.54 7.28 5.80 5.52 9.56 5.78 5.93 4.91 5.70 1.91 5.70 1.91 1.91 6.83 1.91 1.91 6.83 6.83 6.83 1.91 1.91 1.91 6.83 6.83 0.00 0.00 0.00 0.00 0.00 0.00 0.00 0.00 0.00 0.00 0.00 0.00 0.00 0.00 0.00 0.00
10.66 11.02 10.86 10.06 5.94 5.94 7.23 7.08 7.42 6.84 7.23 7.08 7.08 7.08 10.86 10.86 10.47 10.47 11.91 10.94 6.88 7.18 6.61 7.92 7.25 7.40 10.20 6.06 6.06 6.06 6.12 6.51 1.64 5.91 7.09 7.82 6.72 9.66 5.95 6.71 6.34 6.55 6.55 6.70 6.43 10.05 9.41 5.78 5.78 4.61 4.61 4.61 5.70 1.91 1.91 6.83 6.83 1.91 6.83 6.83 6.83 1.91 1.91 1.91 6.83 6.83 6.36 6.86 0.00 0.00 0.00 0.00 0.00 0.00 0.00 0.00 0.00 0.00 0.00 0.00 0.00 0.00 0.00 0.00
10.14 6.36 6.43 9.21 10.27 10.27 10.77 11.07 10.77 10.47 10.62 10.62 10.71 10.86 7.53 7.14 6.99 6.43 6.43 10.92 10.63 9.94 6.02 6.18 10.05 10.35 10.15 9.41 1.95 2.08 5.91 6.06 6.06 5.91 5.91 6.79 5.88 5.88 9.25 7.15 7.28 7.30 6.68 9.86 8.24 4.61 5.78 4.61 4.61 4.61 4.61 4.61 6.60 6.83 6.83 1.91 1.91 6.83 6.83 1.91 1.91 1.91 6.83 6.83 6.35 6.86 6.86 5.70 0.00 0.00 0.00 0.00 0.00 0.00 0.00 0.00 0.00 0.00 0.00 0.00 0.00 0.00 0.00 0.00
10.71 6.81 1.67 8.02 6.95 10.63 11.23 11.95 8.32 6.84 6.99 7.14 10.62 11.27 7.45 7.52 7.83 7.71 6.84 6.84 6.01 6.01 10.38 9.54 9.54 9.84 9.84 5.42 1.64 1.80 1.64 6.07 5.91 5.91 6.12 5.91 6.19 6.03 5.88 9.25 9.40 6.10 9.07 5.22 4.61 4.61 4.61 4.61 4.61 4.61 5.80 1.59 1.91 1.91 1.91 1.91 6.83 1.91 1.91 1.91 6.83 6.83 6.86 6.86 5.70 5.70 5.70 0.00 0.00 0.00 0.00 0.00 0.00 0.00 0.00 0.00 0.00 0.00 0.00 0.00 0.00 0.00 0.00 0.00
10.71 7.08 6.96 7.12 6.42 10.93 6.70 10.58 10.17 6.84 6.84 7.69 7.67 7.52 10.92 2.76 7.91 6.84 6.84 6.84 6.38 6.22 6.79 10.72 5.91 1.77 9.54 5.33 5.33 5.27 5.27 5.27 6.12 6.12 6.12 6.12 1.89 1.89 5.88 6.23 9.40 5.37 5.80 5.29 4.61 4.61 4.61 4.61 5.80 1.59 1.59 5.80 6.83 6.83 6.83 1.91 1.91 1.91 1.91 6.83 6.86 6.86 5.70 0.00 0.00 0.00 0.00 0.00 0.00 0.00 0.00 0.00 0.00 0.00 0.00 0.00 0.00 0.00 0.00 0.00 0.00 0.00 0.00 0.00
6.36 9.98 10.29 7.39 10.73 6.24 8.32 8.62 11.68 8.02 7.42 7.94 7.52 7.93 7.87 10.62 6.84 7.42 7.42 6.84 6.68 7.39 7.09 11.84 9.85 5.40 5.91 1.77 9.85 9.85 9.54 5.91 9.54 9.75 6.12 6.12 5.95 1.59 5.22 9.25 5.62 1.59 5.78 4.61 4.61 4.61 5.80 1.59 1.59 5.80 5.80 5.80 6.83 6.83 1.91 1.91 1.91 6.83 6.86 6.86 6.86 5.70 0.00 0.00 0.00 0.00 0.00 0.00 0.00 0.00 0.00 0.00 0.00 0.00 0.00 0.00 0.00 0.00 0.00 0.00 0.00 0.00 0.00 0.00
5.77 6.36 9.98 10.71 10.17 6.95 8.32 3.26 6.89 7.25 5.94 7.93 7.92 9.57 6.84 2.05 11.95 7.55 7.42 6.84 6.52 7.54 7.09 1.87 6.22 9.85 6.37 1.77 6.79 6.79 7.09 1.87 2.02 5.57 6.12 6.12 9.58 5.37 1.69 5.62 1.59 1.59 1.59 4.61 4.61 5.80 1.59 1.59 5.80 5.80 5.80 5.80 1.91 1.91 1.91 1.91 6.37 5.70 6.60 5.70 5.70 0.00 0.00 0.00 0.00 0.00 0.00 0.00 0.00 0.00 0.00 0.00 0.00 0.00 0.00 0.00 0.00 0.00 0.00 0.00 0.00 0.00 0.00 0.00
5.70 5.77 6.81 6.81 10.77 6.84 6.84 7.42 5.68 1.78 5.94 6.84 6.79 10.42 10.47 10.47 11.18 7.55 7.42 7.08 6.22 1.92 1.87 6.22 9.85 10.00 2.07 1.92 1.77 7.24 7.24 1.77 6.52 2.07 9.11 9.75 9.81 6.56 5.62 5.62 1.59 1.59 1.59 5.80 1.59 1.59 5.80 5.80 5.80 5.80 1.59 1.59 1.91 1.91 6.37 5.70 0.00 0.00 0.00 0.00 0.00 0.00 0.00 0.00 0.00 0.00 0.00 0.00 0.00 0.00 0.00 0.00 0.00 0.00 0.00 0.00 0.00 0.00 0.00 0.00 0.00 0.00 0.00 0.00
5.75 6.07 6.66 6.43 7.71 11.96 10.47 5.94 5.21 9.57 5.94 1.78 6.79 6.79 6.79 6.84 10.47 1.88 6.84 6.69 9.85 5.55 9.85 6.22 5.49 6.22 6.94 1.77 6.94 6.94 6.55 6.22 2.02 5.55 9.69 6.37 2.04 6.23 5.62 5.62 6.28 5.80 5.80 5.80 1.59 1.59 1.59 5.80 5.80 1.59 1.59 1.59 6.83 5.70 0.00 0.00 0.00 0.00 0.00 0.00 0.00 0.00 0.00 0.00 0.00 0.00 0.00 0.00 0.00 0.00 0.00 0.00 0.00 0.00 0.00 0.00 0.00 0.00 0.00 0.00 0.00 0.00 0.00 0.00
6.81 6.81 6.73 6.36 6.00 7.87 10.62 10.09 9.63 9.63 9.57 6.00 6.59 3.54 7.71 7.14 10.47 11.01 10.47 5.51 9.85 6.22 6.22 6.22 9.85 1.87 6.22 6.22 6.05 7.24 7.09 10.72 9.85 5.91 1.93 6.22 6.27 6.23 6.58 5.62 6.28 7.14 5.80 5.80 5.80 1.59 1.59 1.59 1.59 1.59 5.80 5.80 5.70 0.00 0.00 0.00 0.00 0.00 0.00 0.00 0.00 0.00 0.00 0.00 0.00 0.00 0.00 0.00 0.00 0.00 0.00 0.00 0.00 0.00 0.00 0.00 0.00 0.00 0.00 0.00 0.00 0.00 0.00 0.00
6.96 10.59 10.59 9.98 9.57 9.63 9.78 6.00 6.00 6.00 6.28 10.07 5.94 3.54 8.02 7.14 6.29 3.10 2.49 2.04 7.09 6.22 6.22 6.22 6.22 5.43 10.00 6.52 6.37 9.85 5.40 5.91 5.91 5.91 5.91 5.91 5.62 5.62 6.07 5.77 5.80 5.80 5.80 5.80 5.80 1.59 1.59 1.59 5.80 5.80 6.00 0.00 0.00 0.00 0.00 0.00 0.00 0.00 0.00 0.00 0.00 0.00 0.00 0.00 0.00 0.00 0.00 0.00 0.00 0.00 0.00 0.00 0.00 0.00 0.00 0.00 0.00 0.00 0.00 0.00 0.00 0.00 0.00 0.00
6.66 6.66 6.96 10.71 9.57 6.00 6.00 6.00 6.00 3.54 6.00 6.00 9.87 10.17 9.57 10.77 7.45 11.31 7.20 7.43 7.39 6.37 6.22 6.22 6.22 6.22 6.91 5.70 10.00 9.85 5.48 1.64 5.91 5.91 5.91 5.91 1.59 5.80 5.80 5.80 1.59 1.59 5.80 1.59 1.59 1.59 5.80 5.80 6.00 4.61 0.00 0.00 0.00 0.00 0.00 0.00 0.00 0.00 0.00 0.00 0.00 0.00 0.00 0.00 0.00 0.00 0.00 0.00 0.00 0.00 0.00 0.00 0.00 0.00 0.00 0.00 0.00 0.00 0.00 0.00 0.00 0.00 0.00 0.00
6.83 9.98 10.06 6.43 6.00 6.00 6.00 6.00 6.00 6.64 6.00 6.00 9.93 10.88 6.24 2.36 6.84 6.69 10.52 7.43 7.39 7.24 6.79 6.79 6.79 6.22 9.85 9.52 1.77 5.91 6.75 1.80 1.80 5.91 6.12 6.12 5.80 5.80 5.80 1.59 1.59 1.59 1.59 1.59 1.59 5.80 5.95 6.15 0.00 0.00 0.00 0.00 0.00 0.00 0.00 0.00 0.00 0.00 0.00 0.00 0.00 0.00 0.00 0.00 0.00 0.00 0.00 0.00 0.00 0.00 0.00 0.00 0.00 0.00 0.00 0.00 0.00 0.00 0.00 0.00 0.00 0.00 0.00 0.00
10.31 6.68 6.43 6.43 6.00 6.00 6.00 6.00 6.00 6.00 6.00 6.00 6.00 11.13 6.95 5.94 6.84 7.58 7.58 10.47 6.94 6.79 6.79 6.79 10.42 9.85 7.09 1.87 6.22 6.75 6.75 6.27 6.27 6.12 6.12 6.12 5.80 5.80 5.80 1.75 1.59 1.59 1.59 5.80 5.80 5.80 1.74 6.00 0.00 0.00 0.00 0.00 0.00 0.00 0.00 0.00 0.00 0.00 0.00 0.00 0.00 0.00 0.00 0.00 0.00 0.00 0.00 0.00 0.00 0.00 0.00 0.00 0.00 0.00 0.00 0.00 0.00 0.00 0.00 0.00 0.00 0.00 0.00 0.00
6.68 6.68 6.43 6.43 6.00 6.00 6.00 6.00 6.00 6.00 6.00 6.00 6.00 9.63 10.35 6.95 6.45 7.58 7.58 7.73 10.00 5.49 10.42 10.42 9.85 7.24 6.79 1.77 2.02 6.55 6.12 6.12 6.12 6.12 6.12 6.12 5.80 5.80 1.59 1.59 1.59 5.80 5.80 5.80 5.80 10.91 10.14 6.41 5.44 0.00 0.00 0.00 0.00 0.00 0.00 0.00 0.00 0.00 0.00 0.00 0.00 0.00 0.00 0.00 0.00 0.00 0.00 0.00 0.00 0.00 0.00 0.00 0.00 0.00 0.00 0.00 0.00 0.00 0.00 0.00 0.00 0.00 0.00 0.00
6.43 6.43 6.43 6.43 6.00 6.00 6.00 6.00 6.00 6.00 6.00 6.00 6.00 6.00 7.47 6.46 7.58 7.58 7.58 6.99 10.35 9.85 11.05 10.00 10.87 2.37 7.13 6.68 7.69 6.70 6.12 6.12 6.12 6.12 6.12 6.12 5.80 5.80 5.80 5.29 5.80 5.80 5.80 5.80 9.40 5.80 7.97 1.85 5.44 0.00 0.00 0.00 0.00 0.00 0.00 0.00 0.00 0.00 0.00 0.00 0.00 0.00 0.00 0.00 0.00 0.00 0.00 0.00 0.00 0.00 0.00 0.00 0.00 0.00 0.00 0.00 0.00 0.00 0.00 0.00 0.00 0.00 0.00 0.00
6.04 6.04 6.04 6.04 5.68 5.68 5.68 5.99 6.29 5.68 5.68 3.38 5.68 5.68 7.89 10.08 7.17 6.30 6.48 9.41 10.43 6.80 7.13 7.73 7.42 10.81 10.64 11.18 7.53 8.38 6.12 5.86 5.86 5.86 5.86 5.86 5.68 5.88 5.68 7.01 7.00 5.68 5.19 5.58 6.22 6.63 5.92 6.07 5.35 0.00 0.00 0.00 0.00 0.00 0.00 0.00 0.00 0.00 0.00 0.00 0.00 0.00 0.00 0.00 0.00 0.00 0.00 0.00 0.00 0.00 0.00 0.00 0.00 0.00 0.00 0.00 0.00 0.00 0.00 0.00 0.00 0.00 0.00 0.00
6.04 6.04 6.04 6.04 5.68 5.68 5.68 5.93 6.29 5.68 5.68 7.15 5.68 5.68 5.68 9.93 9.93 10.11 5.30 1.52 3.34 6.80 6.95 7.86 7.32 7.01 3.15 6.62 11.15 6.92 6.92 5.86 5.86 5.86 5.86 5.86 5.68 5.68 5.68 5.68 5.68 9.31 5.34 9.70 9.85 9.70 6.07 5.92 5.35 0.00 0.00 0.00 0.00 0.00 0.00 0.00 0.00 0.00 0.00 0.00 0.00 0.00 0.00 0.00 0.00 0.00 0.00 0.00 0.00 0.00 0.00 0.00 0.00 0.00 0.00 0.00 0.00 0.00 0.00 0.00 0.00 0.00 0.00 0.00
6.04 6.04 6.04 6.04 5.68 5.68 5.68 5.68 9.31 5.68 5.68 5.68 5.68 5.68 5.63 9.20 9.36 1.98 1.67 5.63 5.32 5.95 6.80 6.66 6.41 2.54 8.01 7.85 7.67 11.75 11.60 11.74 5.86 5.86 5.86 5.86 5.68 5.68 9.31 9.31 9.31 9.29 10.37 10.82 9.85 10.17 7.02 5.92 5.50 0.00 0.00 0.00 0.00 0.00 0.00 0.00 0.00 0.00 0.00 0.00 0.00 0.00 0.00 0.00 0.00 0.00 0.00 0.00 0.00 0.00 0.00 0.00 0.00 0.00 0.00 0.00 0.00 0.00 0.00 0.00 0.00 0.00 0.00 0.00
6.04 6.04 6.28 6.79 6.04 5.68 6.04 5.17 6.04 9.31 5.68 5.68 5.68 9.31 9.20 9.51 6.58 6.28 5.58 5.63 5.32 5.32 6.51 6.51 6.88 7.10 6.95 5.15 5.20 3.29 2.85 10.05 9.75 9.49 9.49 9.49 9.31 9.31 5.68 5.66 6.07 8.11 10.22 10.67 11.74 6.87 6.87 8.11 5.87 0.00 0.00 0.00 0.00 0.00 0.00 0.00 0.00 0.00 0.00 0.00 0.00 0.00 0.00 0.00 0.00 0.00 0.00 0.00 0.00 0.00 0.00 0.00 0.00 0.00 0.00 0.00 0.00 0.00 0.00 0.00 0.00 0.00 0.00 0.00
6.04 6.04 6.04 6.28 5.68 5.68 3.38 6.04 6.04 9.31 5.68 5.68 9.25 9.20 9.76 9.81 9.71 9.41 5.30 5.58 5.99 5.99 6.04 6.80 6.51 6.66 5.89 5.99 5.96 6.14 5.99 6.27 6.10 5.86 5.86 5.86 5.68 5.68 5.66 6.07 6.52 11.44 6.59 6.59 6.72 6.57 6.57 6.72 7.43 0.00 0.00 0.00 0.00 0.00 0.00 0.00 0.00 0.00 0.00 0.00 0.00 0.00 0.00 0.00 0.00 0.00 0.00 0.00 0.00 0.00 0.00 0.00 0.00 0.00 0.00 0.00 0.00 0.00 0.00 0.00 0.00 0.00 0.00 0.00
6.04 6.04 6.04 6.04 5.68 5.68 5.68 5.68 5.68 9.31 9.31 9.25 6.31 5.22 9.76 5.88 6.59 5.78 6.98 9.51 10.53 9.41 6.20 6.20 6.04 6.35 6.35 6.20 6.14 5.89 5.99 6.04 6.31 6.12 5.86 5.86 5.68 5.68 5.92 6.22 7.10 10.03 6.07 2.45 6.57 6.57 6.57 6.57 6.77 0.00 0.00 0.00 0.00 0.00 0.00 0.00 0.00 0.00 0.00 0.00 0.00 0.00 0.00 0.00 0.00 0.00 0.00 0.00 0.00 0.00 0.00 0.00 0.00 0.00 0.00 0.00 0.00 0.00 0.00 0.00 0.00 0.00 0.00 0.00
6.04 6.04 6.04 6.28 5.68 5.68 5.68 5.68 9.91 9.25 6.11 6.11 6.16 4.98 8.70 6.28 6.13 6.29 9.36 6.18 6.08 5.83 5.68 6.20 6.08 2.81 2.35 5.67 5.32 5.99 5.89 5.89 5.89 6.42 5.86 5.86 6.45 6.73 6.58 6.42 6.73 10.36 6.07 6.73 6.55 6.55 6.55 6.99 0.00 5.35 0.00 0.00 0.00 0.00 0.00 0.00 0.00 0.00 0.00 0.00 0.00 0.00 0.00 0.00 0.00 0.00 0.00 0.00 0.00 0.00 0.00 0.00 0.00 0.00 0.00 0.00 0.00 0.00 0.00 0.00 0.00 0.00 0.00 0.00
6.04 6.04 6.28 5.40 6.04 5.68 9.31 9.25 5.62 5.62 5.28 5.15 4.98 4.98 9.20 6.13 6.29 5.93 9.96 2.27 5.47 5.63 2.20 9.41 6.08 6.08 6.69 6.08 5.37 5.99 5.89 5.00 6.26 6.26 5.95 7.10 2.45 8.11 7.04 6.58 5.67 10.67 6.07 6.73 6.55 6.55 6.55 6.99 0.00 0.00 0.00 0.00 0.00 0.00 0.00 0.00 0.00 0.00 0.00 0.00 0.00 0.00 0.00 0.00 0.00 0.00 0.00 0.00 0.00 0.00 0.00 0.00 0.00 0.00 0.00 0.00 0.00 0.00 0.00 0.00 0.00 0.00 0.00 0.00
10.07 6.04 6.28 6.28 9.67 9.25 5.68 5.68 5.62 5.28 5.15 4.99 5.38 5.43 9.36 6.13 5.36 5.22 6.03 6.33 2.38 6.38 6.23 5.63 9.25 2.20 3.41 6.95 3.34 6.79 7.31 6.92 6.89 6.10 6.26 2.24 6.92 7.22 6.23 10.66 7.43 6.58 11.43 6.58 6.55 6.99 6.28 5.35 0.00 0.00 0.00 0.00 0.00 0.00 0.00 0.00 0.00 0.00 0.00 0.00 0.00 0.00 0.00 0.00 0.00 0.00 0.00 0.00 0.00 0.00 0.00 0.00 0.00 0.00 0.00 0.00 0.00 0.00 0.00 0.00 0.00 0.00 0.00 0.00
9.61 9.61 9.67 9.61 9.25 6.31 6.11 6.11 6.04 5.15 5.15 6.35 6.13 6.59 9.36 3.35 3.35 5.21 5.58 5.93 2.38 6.84 6.35 6.04 5.47 9.97 10.13 5.89 3.80 8.23 7.22 7.22 6.89 8.08 6.12 9.88 10.00 11.74 6.77 6.62 6.58 10.36 11.21 6.36 6.28 0.00 0.00 0.00 0.00 0.00 0.00 0.00 0.00 0.00 0.00 0.00 0.00 0.00 0.00 0.00 0.00 0.00 0.00 0.00 0.00 0.00 0.00 0.00 0.00 0.00 0.00 0.00 0.00 0.00 0.00 0.00 0.00 0.00 0.00 0.00 0.00 0.00 0.00 0.00
5.98 5.98 6.45 5.98 5.62 6.46 6.41 6.26 5.42 5.30 4.98 4.98 5.58 9.76 6.29 6.28 3.35 4.97 5.58 5.93 6.08 5.93 5.89 6.20 6.20 9.52 9.52 6.04 7.20 7.04 7.60 8.23 6.86 6.86 11.55 11.70 6.22 7.96 7.66 6.60 6.57 10.51 7.06 6.28 6.28 0.00 0.00 0.00 0.00 0.00 0.00 0.00 0.00 0.00 0.00 0.00 0.00 0.00 0.00 0.00 0.00 0.00 0.00 0.00 0.00 0.00 0.00 0.00 0.00 0.00 0.00 0.00 0.00 0.00 0.00 0.00 0.00 0.00 0.00 0.00 0.00 0.00 0.00 0.00
6.13 6.43 5.83 5.38 6.04 7.90 6.57 6.14 5.99 5.74 5.22 6.13 6.29 9.91 6.29 5.22 5.21 4.97 5.12 6.03 5.67 6.04 5.89 5.89 9.25 9.97 5.89 7.09 6.89 6.89 7.92 1.71 2.38 6.86 11.70 7.17 6.64 6.60 6.60 6.60 6.57 9.39 5.92 6.28 5.35 0.00 0.00 0.00 0.00 0.00 0.00 0.00 0.00 0.00 0.00 0.00 0.00 0.00 0.00 0.00 0.00 0.00 0.00 0.00 0.00 0.00 0.00 0.00 0.00 0.00 0.00 0.00 0.00 0.00 0.00 0.00 0.00 0.00 0.00 0.00 0.00 0.00 0.00 0.00
5.99 5.83 5.53 5.38 5.27 5.77 6.14 2.44 6.91 6.29 6.13 6.13 9.81 6.89 6.44 5.21 4.97 4.97 4.97 5.73 6.04 5.89 6.35 6.20 9.97 6.15 4.85 4.75 4.73 7.30 6.80 7.07 7.29 11.55 6.10 6.10 6.64 6.60 6.60 6.28 6.28 5.35 5.35 5.35 5.35 0.00 0.00 0.00 0.00 0.00 0.00 0.00 0.00 0.00 0.00 0.00 0.00 0.00 0.00 0.00 0.00 0.00 0.00 0.00 0.00 0.00 0.00 0.00 0.00 0.00 0.00 0.00 0.00 0.00 0.00 0.00 0.00 0.00 0.00 0.00 0.00 0.00 0.00 0.00
5.68 5.38 5.38 5.68 6.31 6.26 5.68 5.93 5.99 6.13 6.13 10.06 2.43 5.68 6.29 6.13 5.07 5.21 6.33 4.97 5.89 6.04 6.23 9.41 9.82 5.15 4.75 4.75 4.84 7.07 7.30 6.89 6.86 6.90 7.54 6.49 5.35 5.35 6.28 5.35 5.35 0.00 0.00 0.00 0.00 0.00 0.00 0.00 0.00 0.00 0.00 0.00 0.00 0.00 0.00 0.00 0.00 0.00 0.00 0.00 0.00 0.00 0.00 0.00 0.00 0.00 0.00 0.00 0.00 0.00 0.00 0.00 0.00 0.00 0.00 0.00 0.00 0.00 0.00 0.00 0.00 0.00 0.00 0.00
