New_Model_Runs/12_Future_RCP4.5_Scn2_out/post_prcessed_with_MFR/Monthly_summaries/net_infiltration_monthly_JUN.asc
NCOLS 700
NROWS 400
XLLCENTER 515000.000000
YLLCENTER 8409000.000000
CELLSIZE 50.000000
NODATA_value -999.000000
[rows 180 to 215 of 400, columns 82 to 163 of 700]
0.00 0.00 0.00 0.00 0.00 0.00 0.00 0.00 0.00 0.00 0.00 0.00 0.00 0.00 0.00 0.00 0.00 0.00 0.00 0.00 0.00 0.00 0.00 0.00 0.00 0.00 0.00 0.00 0.00 0.00 0.00 0.00 0.00 0.00 0.00 0.00 0.00 0.00 0.00 0.00 0.00 0.00 0.00 0.00 0.00 0.00 0.00 9.65 9.65 9.65 9.58 9.58 9.58 9.58 9.57 9.57 9.57 9.57 9.65 0.00 0.00 0.00 0.00 0.00 0.00 0.00 0.00 0.00 0.00 9.82 9.78 9.78 9.78 9.78 9.77 9.77 9.77 9.77 9.88 9.88 9.88 9.88
0.00 0.00 0.00 0.00 0.00 0.00 0.00 0.00 0.00 0.00 0.00 0.00 0.00 0.00 0.00 0.00 0.00 0.00 0.00 0.00 0.00 0.00 0.00 0.00 0.00 0.00 0.00 0.00 0.00 0.00 0.00 0.00 0.00 0.00 0.00 0.00 0.00 0.00 0.00 0.00 0.00 0.00 0.00 0.00 0.00 0.00 0.00 0.00 9.65 9.65 9.58 9.58 9.58 9.58 9.57 9.57 10.20 9.57 9.65 0.00 0.00 0.00 0.00 0.00 0.00 0.00 0.00 0.00 9.82 9.82 9.78 9.78 9.78 9.78 10.54 9.77 9.77 9.77 9.88 9.88 9.88 9.88
0.00 0.00 0.00 0.00 0.00 0.00 0.00 0.00 0.00 0.00 0.00 0.00 0.00 0.00 0.00 0.00 0.00 0.00 0.00 0.00 0.00 0.00 0.00 0.00 0.00 0.00 0.00 0.00 0.00 0.00 0.00 0.00 0.00 0.00 0.00 0.00 6.18 9.00 6.18 0.00 0.00 6.18 9.03 0.00 0.00 0.00 0.00 0.00 9.65 9.65 9.58 9.58 10.22 9.58 9.57 9.57 10.94 9.57 9.65 10.30 0.00 9.65 9.88 9.88 0.00 0.00 0.00 9.82 10.46 10.59 9.78 9.78 11.41 9.78 9.77 9.77 9.77 9.77 9.88 9.88 9.88 10.66
0.00 0.00 0.00 0.00 0.00 0.00 0.00 0.00 0.00 0.00 0.00 0.00 0.00 0.00 0.00 0.00 0.00 0.00 0.00 0.00 0.00 0.00 0.00 0.00 0.00 0.00 0.00 0.00 0.00 0.00 0.00 0.00 0.00 0.00 0.00 0.00 9.00 9.00 9.03 9.03 9.03 9.03 9.03 9.03 0.00 0.00 0.00 9.65 10.70 9.65 9.58 9.58 9.58 9.58 9.57 9.57 9.57 9.57 9.65 9.65 9.65 9.65 9.88 9.88 9.88 10.68 10.61 10.61 12.46 10.46 9.78 9.78 9.78 9.78 10.55 9.77 9.77 9.77 10.66 10.66 9.88 9.88
0.00 0.00 0.00 0.00 0.00 0.00 0.00 0.00 0.00 0.00 0.00 0.00 0.00 0.00 0.00 0.00 0.00 0.00 0.00 0.00 0.00 0.00 0.00 0.00 0.00 0.00 0.00 0.00 0.00 0.00 0.00 6.67 9.63 9.04 9.00 9.00 9.00 9.59 8.98 8.98 8.98 10.29 9.03 9.03 9.62 9.03 9.66 10.30 9.66 10.30 9.63 9.63 9.63 10.27 9.61 9.61 9.61 9.61 9.59 9.59 9.59 11.23 9.75 10.53 10.53 10.39 9.93 9.93 10.60 9.93 9.97 9.97 9.97 9.97 9.96 9.96 9.96 9.96 9.87 9.87 9.87 9.87
0.00 0.00 0.00 0.00 0.00 0.00 0.00 0.00 0.00 0.00 0.00 0.00 0.00 0.00 0.00 0.00 0.00 0.00 0.00 0.00 0.00 0.00 0.00 0.00 0.00 0.00 0.00 0.00 0.00 0.00 0.00 9.04 9.04 9.04 9.59 9.00 9.00 9.00 8.98 8.98 8.98 8.98 9.03 9.03 9.03 9.03 9.66 9.66 10.30 9.66 9.63 9.63 9.63 9.63 9.61 9.61 9.61 10.25 9.59 9.59 9.59 9.59 9.75 9.75 9.75 9.75 9.93 9.93 9.93 9.93 9.97 10.64 9.97 9.97 9.96 9.96 9.96 9.96 9.87 9.87 9.87 9.87
0.00 0.00 0.00 0.00 0.00 0.00 0.00 0.00 0.00 0.00 0.00 0.00 0.00 0.00 0.00 0.00 0.00 0.00 0.00 0.00 0.00 0.00 0.00 0.00 0.00 0.00 0.00 0.00 0.00 0.00 0.00 9.04 9.04 9.04 9.00 9.00 9.00 9.59 8.98 8.98 8.98 8.98 9.62 9.03 9.03 9.03 9.66 9.66 9.66 9.66 9.63 9.63 9.63 9.63 10.66 10.25 9.61 9.61 9.59 9.59 9.59 9.59 9.75 9.75 9.75 9.75 9.93 9.93 9.93 9.93 9.97 9.97 10.64 9.97 11.40 9.96 9.96 9.96 9.87 9.87 9.87 9.87
0.00 0.00 0.00 0.00 0.00 0.00 0.00 0.00 0.00 0.00 0.00 0.00 0.00 0.00 0.00 0.00 0.00 0.00 0.00 0.00 0.00 0.00 0.00 0.00 0.00 7.41 0.00 0.00 0.00 0.00 0.00 0.00 9.04 9.04 9.00 9.00 9.00 9.00 8.98 8.98 8.98 8.98 9.03 9.03 9.03 9.03 9.66 9.66 9.66 10.30 9.63 9.63 9.63 9.63 9.61 10.25 9.61 9.61 10.23 9.59 9.59 9.59 9.75 9.75 9.75 9.75 10.81 9.93 9.93 9.93 10.63 9.97 9.97 9.97 10.63 9.96 10.62 9.96 10.65 9.87 9.87 9.87
0.00 0.00 0.00 0.00 0.00 0.00 0.00 0.00 0.00 0.00 0.00 0.00 0.00 0.00 0.00 0.00 0.00 0.00 0.00 0.00 0.00 0.00 0.00 0.00 0.00 8.88 8.96 0.00 0.00 0.00 9.07 9.07 9.07 9.07 9.01 9.01 9.01 9.01 9.54 8.96 8.96 8.96 8.98 8.98 8.98 8.98 9.63 9.63 9.63 9.63 9.65 9.65 9.65 9.65 9.63 9.63 9.63 9.63 9.58 10.21 9.58 9.58 9.92 9.92 9.92 9.92 10.54 10.53 9.87 9.87 9.94 9.94 9.94 9.94 10.57 9.90 9.90 9.90 9.96 9.96 9.96 9.96
0.00 0.00 0.00 0.00 0.00 0.00 0.00 0.00 0.00 0.00 0.00 0.00 0.00 0.00 0.00 0.00 0.00 0.00 0.00 0.00 0.00 0.00 0.00 0.00 0.00 0.00 8.96 8.96 8.96 9.74 9.07 9.07 9.07 9.07 9.01 9.01 9.01 9.01 8.96 9.94 8.96 8.96 8.98 8.98 8.98 8.98 9.63 9.63 9.63 9.63 9.65 9.65 9.65 9.65 9.63 9.63 9.63 9.63 9.58 9.58 9.58 9.58 9.92 9.92 9.92 9.92 9.87 9.87 9.87 9.87 9.94 9.94 9.94 9.94 9.90 9.90 9.90 9.90 9.96 9.96 9.96 9.96
0.00 0.00 0.00 0.00 0.00 0.00 0.00 0.00 0.00 0.00 0.00 0.00 0.00 0.00 0.00 0.00 0.00 0.00 0.00 0.00 0.00 0.00 0.00 0.00 0.00 0.00 0.00 8.96 8.96 8.96 9.07 9.07 9.07 9.07 9.01 9.01 9.01 9.01 8.96 9.54 9.54 8.96 8.98 8.98 8.98 8.98 9.63 9.63 9.63 9.63 9.65 10.71 10.29 9.65 9.63 9.63 9.63 9.63 9.58 9.58 9.58 9.58 9.92 9.92 9.92 9.92 9.87 9.87 9.87 9.87 9.94 9.94 9.94 9.94 10.55 9.90 9.90 10.83 9.96 9.96 9.96 9.96
0.00 0.00 0.00 0.00 0.00 0.00 0.00 0.00 0.00 0.00 0.00 0.00 0.00 0.00 0.00 0.00 0.00 0.00 0.00 0.00 0.00 0.00 0.00 0.00 0.00 0.00 0.00 8.96 8.96 9.78 9.82 9.07 9.07 9.07 9.01 9.01 9.01 9.59 8.96 8.96 8.96 8.96 8.98 8.98 8.98 8.98 9.63 9.63 9.63 9.63 9.65 9.65 10.29 9.65 9.63 10.26 9.63 9.63 9.58 10.21 9.58 9.58 9.92 10.58 9.92 9.92 9.87 9.87 9.87 9.87 9.94 9.94 9.94 9.94 9.90 9.90 9.90 9.90 9.96 9.96 9.96 9.96
0.00 0.00 0.00 0.00 0.00 0.00 0.00 0.00 0.00 0.00 0.00 0.00 0.00 0.00 0.00 0.00 0.00 0.00 0.00 0.00 0.00 0.00 0.00 0.00 0.00 0.00 0.00 0.00 12.38 10.47 10.63 9.85 10.61 9.12 9.04 9.04 9.50 9.04 9.53 8.94 8.94 8.94 8.93 8.93 8.93 9.51 9.60 9.60 9.60 9.60 10.97 9.64 9.64 9.64 9.59 9.59 9.59 9.59 9.54 9.54 10.17 9.54 9.88 9.88 9.88 9.88 9.87 9.87 9.87 9.87 9.92 9.92 9.92 10.91 9.93 9.93 9.93 9.93 10.17 10.17 10.17 10.17
0.00 0.00 0.00 0.00 0.00 0.00 0.00 0.00 0.00 0.00 0.00 0.00 0.00 0.00 0.00 0.00 0.00 0.00 0.00 0.00 0.00 0.00 0.00 0.00 0.00 0.00 0.00 0.00 3.26 9.31 9.85 9.85 9.73 9.12 9.04 9.04 9.04 9.04 8.94 8.94 8.94 8.94 8.93 8.93 8.93 8.93 9.60 9.60 9.60 9.60 9.64 10.93 9.64 9.64 9.59 9.59 9.59 9.59 9.54 9.54 9.54 9.54 9.88 9.88 9.88 9.88 9.87 9.87 9.87 9.87 9.92 9.92 9.92 10.57 9.93 10.95 9.93 9.93 10.17 10.17 10.17 10.17
0.00 0.00 0.00 0.00 0.00 0.00 0.00 0.00 0.00 0.00 0.00 0.00 0.00 0.00 0.00 0.00 0.00 0.00 0.00 0.00 0.00 0.00 0.00 0.00 0.00 0.00 0.00 0.00 10.92 10.13 10.19 10.19 10.19 11.32 11.22 10.10 10.10 10.10 10.27 10.27 10.27 11.06 10.25 10.25 10.25 10.25 10.81 10.81 10.81 10.81 10.86 10.86 10.86 10.86 10.80 10.80 10.80 10.80 10.75 10.75 10.75 11.95 11.15 11.15 11.15 14.57 11.15 11.15 11.15 11.15 12.53 13.22 11.20 11.20 11.20 11.20 11.20 11.20 11.71 11.71 11.71 11.71
0.00 0.00 0.00 0.00 0.00 0.00 0.00 0.00 0.00 0.00 0.00 0.00 0.00 0.00 0.00 0.00 0.00 0.00 0.00 0.00 0.00 0.00 0.00 0.00 0.00 0.00 0.00 14.96 7.55 10.13 10.19 10.19 10.19 10.19 10.10 10.10 10.10 10.10 10.27 10.27 10.27 10.27 10.25 11.04 10.25 10.25 10.81 10.81 10.81 10.81 10.86 10.86 10.86 10.86 10.80 10.80 10.80 10.80 10.75 10.75 11.28 10.75 11.16 11.16 11.16 11.16 11.15 11.15 11.15 11.15 11.20 11.20 11.20 11.20 11.20 11.20 11.20 11.20 11.71 11.71 11.71 11.71
0.00 0.00 0.00 0.00 0.00 0.00 0.00 0.00 0.00 0.00 0.00 0.00 0.00 0.00 0.00 0.00 0.00 0.00 0.00 0.00 0.00 0.00 0.00 9.69 9.88 11.24 11.50 10.47 16.70 13.43 10.21 10.21 10.21 10.21 10.12 10.12 11.83 11.22 10.04 10.04 10.04 10.04 10.25 10.25 10.25 10.25 10.77 10.77 10.77 10.77 10.79 10.79 10.79 10.79 10.72 10.72 10.72 10.72 11.88 10.69 11.88 14.04 11.16 11.16 11.16 11.16 11.18 11.18 11.18 11.18 11.22 11.22 11.22 11.22 11.40 11.40 11.40 11.40 11.86 11.86 11.86 11.86
0.00 0.00 0.00 0.00 0.00 0.00 0.00 0.00 0.00 0.00 0.00 0.00 0.00 0.00 0.00 0.00 0.00 0.00 0.00 0.00 0.00 0.00 9.69 13.98 13.94 11.24 11.60 11.83 11.35 13.51 10.21 10.21 10.21 10.21 10.12 10.12 10.12 11.22 10.04 12.13 10.04 10.04 10.25 10.25 10.25 10.25 10.77 11.96 10.77 10.77 10.79 10.79 10.79 10.79 10.72 10.72 10.72 10.72 10.69 10.69 10.69 10.69 11.16 11.16 11.16 11.16 11.18 11.18 11.18 11.18 11.22 11.22 11.22 11.22 11.40 11.40 11.40 11.40 11.86 11.86 11.86 11.86
0.00 0.00 0.00 0.00 0.00 0.00 0.00 0.00 0.00 0.00 0.00 0.00 0.00 0.00 0.00 0.00 0.00 0.00 0.00 0.00 0.00 9.68 9.69 13.20 13.20 11.38 11.44 11.67 11.46 11.36 15.70 10.21 10.21 10.21 10.12 10.12 10.12 10.12 10.04 10.04 10.04 10.04 10.25 10.25 10.25 10.25 10.77 10.77 10.77 10.77 11.99 10.79 10.79 10.79 10.72 10.72 10.72 10.72 11.88 10.69 10.69 10.69 11.16 11.16 11.16 11.16 13.65 11.18 11.18 11.18 11.22 11.22 11.22 11.22 11.40 11.40 11.40 11.40 11.86 11.86 11.86 13.54
0.00 0.00 0.00 0.00 5.78 0.00 0.00 0.00 0.00 0.00 0.00 0.00 0.00 0.00 0.00 0.00 5.69 0.00 0.00 6.72 9.68 9.68 13.94 9.69 9.69 14.75 14.70 14.87 14.87 15.60 15.60 12.09 12.09 12.09 11.97 10.12 10.12 10.12 10.04 10.04 10.04 10.04 10.25 10.25 10.25 10.25 10.77 10.77 10.77 11.95 10.79 10.79 10.79 10.79 10.72 10.72 10.72 10.72 11.87 10.69 10.69 10.69 11.16 11.16 11.16 12.49 11.18 11.18 11.18 12.51 12.56 11.22 11.22 11.22 11.40 11.40 11.40 11.40 11.86 11.86 13.54 11.86
0.00 0.00 0.00 7.88 7.88 7.88 0.00 0.00 0.00 0.00 0.00 0.00 0.00 0.00 0.00 0.00 5.69 8.53 8.48 9.38 9.38 10.29 13.38 10.48 9.87 11.25 12.30 11.26 11.26 12.06 12.04 12.68 12.04 12.67 11.97 12.23 11.24 10.12 10.09 10.09 10.09 10.09 10.06 10.06 10.06 10.06 10.73 10.73 10.73 10.73 12.92 10.68 10.68 12.42 10.67 10.67 10.67 12.89 10.70 10.70 10.70 10.70 11.22 11.22 11.22 13.69 11.21 11.21 11.21 17.73 12.69 11.33 11.33 11.33 11.55 11.55 11.55 11.55 11.89 13.58 14.00 11.89
0.00 0.00 0.00 0.00 7.88 7.88 7.94 0.00 0.00 0.00 0.00 0.00 0.00 0.00 0.00 0.00 8.53 13.26 11.99 11.99 11.99 11.99 14.72 8.46 8.46 11.25 12.44 11.26 11.26 12.46 12.04 12.04 10.17 10.17 11.24 10.12 10.12 10.12 10.09 10.09 11.80 11.20 10.06 10.06 10.06 10.06 10.73 10.73 10.73 10.73 10.68 10.68 10.68 11.06 12.68 11.04 10.67 10.67 10.70 10.70 10.70 10.70 12.56 12.56 11.22 11.22 11.21 12.55 12.55 12.58 11.33 11.33 11.33 11.33 11.55 11.55 11.55 11.55 11.89 13.41 11.89 11.89
0.00 0.00 0.00 0.00 7.88 7.88 7.94 7.94 0.00 0.00 0.00 0.00 0.00 0.00 0.00 8.53 8.53 12.04 8.48 9.68 11.99 13.05 8.46 8.46 8.46 10.47 10.56 12.39 10.56 11.26 12.04 12.04 10.17 10.17 10.12 10.12 10.12 10.12 10.09 10.09 10.09 10.09 10.06 11.18 10.06 10.06 10.73 10.73 10.73 12.76 12.70 12.70 12.70 13.40 12.68 12.68 10.67 10.67 10.70 10.70 10.70 10.70 12.39 11.22 11.22 11.22 12.55 11.21 11.21 12.66 11.33 11.33 11.33 11.33 11.55 11.55 11.55 11.55 13.58 11.89 11.89 11.89
0.00 8.70 7.88 8.70 8.71 7.88 7.94 8.78 0.00 0.00 0.00 0.00 0.00 0.00 0.00 0.00 8.53 12.94 8.48 9.68 8.48 9.39 10.07 8.46 8.46 8.46 10.56 8.52 8.52 8.52 11.32 11.32 10.17 10.17 10.12 10.12 10.12 10.12 10.09 10.09 10.09 11.20 10.06 10.06 10.06 10.06 10.73 10.73 10.73 10.73 12.70 12.70 12.70 12.70 12.68 12.68 10.67 10.67 10.70 10.70 10.70 10.70 11.22 11.22 11.22 11.22 11.21 11.21 11.21 11.21 11.33 11.33 11.33 11.33 11.55 11.55 11.55 13.11 11.89 11.89 11.89 11.89
0.00 7.91 7.84 7.84 7.84 7.84 7.92 7.92 7.92 0.00 0.00 0.00 0.00 0.00 0.00 0.00 8.56 8.56 12.45 8.50 8.50 8.50 8.44 9.34 8.44 8.44 9.34 8.44 8.44 8.44 8.98 8.98 8.98 8.98 8.99 8.99 10.04 10.04 10.07 10.07 10.07 10.07 10.06 10.06 11.17 10.06 10.70 10.70 10.70 10.70 10.64 12.64 12.64 13.34 12.69 12.69 11.05 10.68 12.97 10.73 10.73 10.73 11.24 11.24 11.24 11.24 14.70 12.60 11.25 11.25 11.42 11.42 11.42 11.42 11.60 11.60 11.60 13.02 11.89 11.89 11.89 11.89
7.91 7.91 7.84 7.84 7.84 7.84 7.92 7.92 7.92 7.92 0.00 0.00 0.00 0.00 0.00 0.00 10.61 8.56 12.01 12.01 8.50 8.50 8.44 8.44 8.44 8.44 8.44 8.44 8.44 8.44 8.98 8.98 8.98 8.98 8.99 8.99 8.99 8.99 9.01 10.07 10.07 10.07 10.06 10.06 10.06 10.06 11.89 10.70 10.70 10.70 10.64 12.64 12.64 12.64 12.69 12.69 12.69 10.68 10.73 10.73 10.73 10.73 11.24 11.24 11.24 11.24 11.25 11.25 11.25 11.25 11.42 11.42 11.42 11.42 11.60 11.60 13.02 13.18 11.89 13.41 11.89 14.10
7.91 7.91 7.84 7.84 7.84 7.84 7.92 7.92 7.92 7.92 8.55 0.00 0.00 0.00 0.00 0.00 10.61 10.61 9.41 12.01 8.50 9.39 8.44 8.44 8.44 8.44 8.44 8.44 8.44 9.34 8.98 8.98 9.94 8.98 8.99 8.99 8.99 8.99 9.01 9.01 9.01 9.01 9.00 10.06 10.06 10.06 10.70 10.70 10.70 10.70 12.64 12.64 12.64 12.64 12.69 12.69 12.69 12.69 10.73 10.73 10.73 12.97 11.24 11.24 13.05 13.73 11.25 11.25 11.25 11.25 11.42 11.42 11.42 11.42 13.02 11.60 11.60 11.60 16.00 11.89 11.89 11.89
7.91 7.91 7.84 7.84 7.84 7.84 7.92 7.92 7.92 7.92 9.30 10.04 10.59 10.28 11.91 3.53 10.69 10.61 10.52 15.46 12.01 8.50 8.44 8.44 8.44 8.44 8.44 8.44 8.44 8.44 8.98 8.98 8.98 8.98 8.99 8.99 8.99 8.99 9.01 9.97 9.01 9.01 9.00 9.00 9.00 9.00 10.70 10.70 10.70 12.72 12.64 12.64 12.64 12.64 12.69 12.69 12.69 12.69 10.73 10.73 10.73 10.73 11.24 11.24 13.28 11.24 11.25 11.25 11.25 11.25 11.42 11.42 11.42 13.97 11.60 13.18 13.18 13.18 15.67 11.89 13.41 13.36
8.73 7.89 7.83 7.83 7.83 7.83 7.89 11.40 7.89 7.89 9.11 9.11 10.11 10.11 10.11 8.68 11.72 10.69 10.87 9.76 12.05 8.54 8.48 8.48 8.48 8.48 8.44 8.44 8.44 8.44 8.97 8.97 8.97 8.97 8.98 8.98 8.98 8.98 8.98 8.98 9.94 8.98 8.94 8.94 8.94 8.94 9.52 11.89 11.89 11.89 12.74 12.74 12.74 12.74 12.80 12.80 12.80 12.80 12.81 12.81 10.77 10.77 11.25 12.60 11.85 12.71 11.32 11.32 11.32 11.32 11.47 11.47 12.85 11.47 11.60 11.60 13.19 13.19 16.00 11.90 11.90 11.90
7.89 8.86 7.83 7.83 7.83 7.83 11.40 11.40 12.38 7.89 9.11 6.95 9.11 9.88 10.77 10.83 10.94 10.62 10.87 10.87 12.05 12.05 8.48 8.48 8.48 8.48 8.44 8.44 8.44 8.44 8.97 8.97 8.97 8.97 8.98 8.98 8.98 8.98 10.60 8.98 8.98 8.98 8.94 8.94 8.94 10.56 14.43 13.72 11.89 11.89 9.55 9.55 9.55 10.72 12.80 12.80 12.80 12.80 12.81 13.74 13.74 10.77 11.25 13.52 14.61 11.25 11.32 11.32 11.32 11.32 11.47 11.47 13.30 11.47 11.60 11.60 11.60 11.60 11.90 11.90 11.90 11.90
8.60 8.60 8.54 8.54 9.30 12.83 12.11 8.60 8.60 12.11 10.03 5.97 11.65 8.75 9.43 9.43 12.11 11.78 11.74 11.74 11.74 14.58 9.34 9.34 9.34 9.34 9.30 9.30 9.30 9.30 8.34 8.34 8.34 8.34 8.36 8.36 8.36 8.36 8.36 8.36 8.36 8.36 9.22 8.32 8.32 8.32 8.86 11.80 11.80 8.86 8.89 8.89 8.89 8.89 8.92 8.92 8.92 14.17 14.18 14.18 14.18 11.70 12.89 15.17 15.17 12.32 12.39 12.39 12.39 12.39 14.70 12.55 12.55 12.55 12.69 12.69 12.69 12.69 15.00 15.10 15.00 12.66
8.60 8.70 12.05 12.05 12.05 8.54 8.60 8.60 8.60 12.11 8.75 8.75 8.75 8.75 9.43 9.43 9.43 11.78 11.83 12.83 11.74 12.30 15.16 11.65 9.34 9.34 9.30 9.30 9.30 9.30 8.34 8.34 8.34 8.34 8.36 8.36 8.36 8.36 8.36 8.36 8.36 8.36 8.32 8.32 8.32 8.32 8.86 8.86 8.86 8.86 8.89 8.89 8.89 8.89 8.92 10.57 8.92 13.95 11.89 11.89 11.89 14.18 15.17 15.17 15.17 12.32 12.39 12.39 12.39 12.39 12.55 13.53 12.55 12.55 12.69 12.69 12.69 12.69 12.66 12.66 12.66 12.66
8.65 8.65 12.11 13.35 8.60 8.60 8.57 8.57 8.57 12.08 13.41 12.15 9.49 12.15 14.38 9.24 10.87 9.39 11.86 12.22 12.13 11.78 15.27 11.76 11.76 11.76 9.39 9.39 9.39 9.39 8.43 8.43 8.43 8.43 8.44 8.44 8.44 8.44 8.39 8.39 8.39 8.39 8.35 8.35 8.35 8.35 8.94 8.94 8.94 8.94 8.98 8.98 9.95 8.98 9.95 8.99 8.99 11.99 11.93 11.93 11.93 11.93 12.66 12.66 12.33 12.33 12.40 12.40 12.40 12.40 13.50 12.52 12.52 12.52 12.65 12.65 12.65 12.65 12.59 12.59 12.59 12.59
13.81 12.16 12.11 12.11 8.60 8.60 8.57 8.57 8.57 8.57 9.55 8.64 8.64 8.64 12.90 12.90 11.44 10.96 11.00 11.86 11.96 12.65 15.27 11.76 11.76 11.76 9.39 9.39 9.39 9.39 8.43 8.43 8.43 8.43 8.44 8.44 8.44 8.44 8.39 8.39 8.39 8.39 8.35 8.35 8.35 8.35 8.94 8.94 8.94 8.94 8.98 8.98 8.98 8.98 8.99 8.99 8.99 11.99 8.95 8.95 8.95 8.95 12.66 12.66 9.46 9.46 9.50 9.50 12.98 12.40 12.52 12.52 12.52 12.52 12.65 12.65 14.70 13.48 12.59 12.59 14.27 14.27
12.16 8.65 8.60 8.60 8.60 10.23 8.57 8.57 8.57 8.57 9.55 8.64 8.64 8.64 9.39 12.90 9.39 10.87 10.83 12.94 12.94 12.94 9.57 12.10 11.76 12.47 9.39 9.39 9.39 9.39 8.43 8.43 8.43 8.43 8.44 8.44 8.44 8.44 8.39 8.39 8.39 8.39 8.35 8.35 8.35 8.35 8.94 8.94 8.94 8.94 8.98 8.98 8.98 8.98 9.95 8.99 8.99 8.99 8.95 8.95 8.95 8.95 12.66 12.66 12.66 9.46 9.50 10.51 9.50 9.50 9.59 12.52 12.52 12.52 12.65 12.65 12.65 12.65 12.59 12.59 12.59 12.59
12.16 12.16 8.60 8.60 8.60 8.60 9.88 9.48 8.57 8.57 8.64 8.64 8.64 8.64 9.39 12.90 14.38 12.90 12.94 10.93 9.43 9.43 9.70 9.56 10.91 9.42 9.39 9.24 9.39 9.39 8.43 8.43 8.43 8.43 8.44 8.44 8.44 8.44 8.39 8.39 8.39 8.39 8.35 8.35 8.35 8.35 8.94 8.94 8.94 8.94 8.98 8.98 8.98 8.98 9.95 12.76 9.95 8.99 8.95 8.95 9.90 9.42 12.66 12.66 12.66 9.46 9.50 9.50 9.50 10.51 9.59 9.59 9.59 9.59 9.68 12.65 12.65 12.65 12.59 12.59 12.59 12.59
