New_Model_Runs/12_Future_RCP4.5_Scn2_out/post_prcessed_with_MFR/Monthly_summaries/net_infiltration_monthly_APR.asc
NCOLS 700
NROWS 400
XLLCENTER 515000.000000
YLLCENTER 8409000.000000
CELLSIZE 50.000000
NODATA_value -999.000000
[rows 114 to 151 of 400, columns 336 to 419 of 700]
0.00 0.00 4.37 3.94 4.26 4.26 4.34 4.26 4.17 4.33 4.25 4.17 4.17 4.17 4.17 4.17 4.35 4.44 4.44 4.35 4.40 4.40 4.35 4.40 4.41 4.41 4.41 4.41 4.38 4.47 4.34 4.37 4.42 4.42 4.42 4.56 4.41 4.41 4.55 4.41 4.39 4.08 4.39 4.45 4.43 4.43 4.39 4.43 4.41 4.41 4.37 4.41 4.44 4.44 4.44 4.44 4.46 4.46 4.46 4.46 4.47 4.47 4.47 4.47 4.56 4.62 4.56 4.56 4.57 4.57 4.57 4.40 4.41 4.41 4.86 4.41 4.56 4.56 4.38 4.38 4.16 3.96 3.96 3.96
4.37 4.37 3.94 3.94 4.26 4.26 4.41 4.26 4.17 4.17 4.17 4.25 4.17 4.25 4.17 4.17 4.35 4.35 4.44 4.35 4.40 4.48 4.40 4.40 4.41 4.41 4.49 4.41 4.38 4.38 4.34 4.34 4.42 4.42 4.42 4.48 4.41 4.41 4.55 4.41 4.39 4.39 4.45 4.39 4.43 4.39 4.43 4.43 4.41 4.41 4.41 4.41 4.44 4.44 4.44 4.44 4.46 4.46 4.46 4.46 4.47 4.47 4.47 4.47 4.56 4.56 4.56 4.56 4.57 4.63 4.85 4.40 4.41 4.41 4.41 4.41 4.56 4.38 4.38 4.82 3.96 3.96 3.96 3.96
4.19 4.19 3.99 4.19 4.11 4.11 4.11 4.11 4.10 4.10 4.10 4.10 4.13 4.20 4.29 4.13 4.31 4.31 4.31 4.31 4.33 4.33 4.33 4.41 4.32 4.32 4.32 4.32 4.31 4.39 4.36 4.27 4.46 4.46 4.41 4.50 4.43 4.43 4.43 4.43 4.39 4.39 4.35 4.41 4.46 4.46 4.46 4.46 4.41 4.41 4.41 4.41 4.15 4.44 4.44 4.44 4.44 4.44 4.44 4.44 4.43 4.43 4.43 4.43 4.59 4.59 4.59 4.59 4.56 4.56 4.39 4.39 4.36 4.36 4.36 4.36 4.70 4.48 4.32 4.32 3.99 3.97 3.99 3.99
4.19 3.74 3.99 4.19 4.11 4.11 4.11 4.11 4.10 4.10 4.10 4.10 4.13 4.13 4.13 4.21 4.31 4.31 4.31 4.31 4.33 4.33 4.33 4.41 4.49 4.32 4.32 4.32 4.31 4.31 4.31 4.27 4.46 4.46 4.46 4.46 4.43 4.43 4.43 4.43 4.39 4.39 4.39 4.35 4.46 4.46 4.46 4.46 4.41 4.41 4.41 4.41 4.44 4.44 4.44 4.44 4.44 4.44 4.44 4.44 4.43 4.43 4.43 4.43 4.59 4.59 4.59 4.59 4.56 4.56 4.84 4.39 4.36 4.36 4.36 4.36 4.32 4.48 4.32 4.32 3.99 3.99 3.99 3.99
3.74 3.99 4.19 4.19 4.11 4.11 4.11 4.11 4.10 4.10 4.10 4.10 4.13 4.13 4.20 4.13 4.31 4.31 4.31 4.31 4.33 4.33 4.33 4.41 4.32 4.32 4.32 4.40 4.31 4.31 4.31 4.31 4.46 4.46 4.46 4.46 4.05 4.05 4.43 4.43 4.39 4.35 4.39 4.39 4.46 4.46 4.46 4.46 4.41 4.41 4.41 4.41 4.44 4.44 4.44 4.44 4.44 4.44 4.44 4.44 4.43 4.43 4.43 4.43 4.59 4.59 4.59 4.59 4.56 4.56 4.39 4.39 4.36 4.36 4.36 4.36 4.32 4.48 4.32 4.32 3.97 3.99 3.99 3.99
3.99 4.19 4.26 4.19 4.11 4.11 4.11 4.11 4.10 4.10 4.10 4.10 4.13 4.13 4.13 4.13 4.31 4.31 4.31 4.39 4.33 4.33 4.33 4.33 4.32 4.32 4.32 4.40 4.31 4.31 4.32 4.31 4.46 4.46 4.46 4.46 4.36 4.19 4.43 4.51 4.47 4.39 4.39 4.39 4.46 4.46 4.46 4.46 4.41 4.41 4.41 4.41 4.44 4.44 4.44 4.44 4.44 4.44 4.44 4.14 4.43 4.43 4.43 4.43 4.59 4.59 4.59 4.59 4.56 4.56 4.39 4.39 4.36 4.36 4.36 4.36 4.32 4.32 4.32 4.32 3.99 3.99 3.99 3.99
4.03 4.03 4.03 4.03 4.09 4.09 4.09 4.16 4.13 4.13 4.13 4.13 4.15 4.15 4.23 4.15 4.34 4.34 4.34 4.34 4.33 4.32 4.32 4.41 4.31 4.31 4.31 4.31 3.93 3.84 3.84 4.12 4.08 4.08 4.46 4.41 4.44 4.44 4.33 4.48 4.45 4.45 4.45 4.45 4.57 4.57 4.57 4.57 4.60 4.60 4.60 4.60 4.61 4.61 4.61 4.33 4.58 4.58 4.58 4.58 4.57 4.57 4.57 4.57 4.73 4.73 4.73 4.73 4.67 4.47 4.66 4.47 4.40 4.40 4.40 4.40 4.40 4.40 4.40 4.40 4.15 4.15 4.15 4.15
4.03 4.03 4.11 4.03 3.63 4.09 4.09 4.09 4.20 4.13 4.20 4.20 3.70 4.15 4.15 4.15 4.34 3.88 3.88 4.34 3.86 3.86 4.32 4.32 4.31 4.31 4.31 3.85 4.30 4.30 4.30 4.30 4.50 4.46 4.46 4.46 4.48 4.48 4.48 4.48 4.45 4.45 4.45 4.45 4.57 4.57 4.57 4.57 4.60 4.60 4.60 4.60 4.61 4.61 4.61 4.61 4.58 4.58 4.58 4.77 4.57 4.57 4.57 4.57 4.73 4.73 4.73 4.73 4.67 4.47 4.47 4.47 4.40 4.40 4.40 4.40 4.40 4.40 4.40 4.40 4.15 4.15 4.15 4.15
4.03 4.03 4.03 3.57 4.09 4.09 4.09 4.09 4.13 4.13 4.13 3.68 4.15 4.15 4.15 4.15 4.34 4.34 4.34 4.34 4.32 4.32 4.32 4.32 3.85 3.85 4.31 4.31 4.30 4.30 4.30 4.30 4.50 4.46 4.46 4.46 4.10 4.48 4.48 4.48 4.45 4.45 4.45 4.45 4.57 4.57 4.57 4.57 4.60 4.60 4.60 4.60 4.61 4.72 4.91 4.80 4.77 4.77 4.77 4.77 4.75 4.32 4.75 4.75 4.80 4.73 4.73 4.73 4.67 4.47 4.47 4.47 4.40 4.40 4.40 4.40 4.40 4.40 4.40 4.40 4.15 4.15 4.15 4.15
4.03 4.03 4.03 4.03 4.09 4.09 4.09 4.09 4.13 4.13 4.13 4.13 4.15 4.15 4.15 4.15 4.34 4.34 4.34 4.34 4.32 4.32 4.32 4.32 4.31 4.31 4.31 4.31 4.30 4.30 4.30 4.30 4.50 4.46 4.46 4.46 4.48 4.48 4.48 4.48 4.45 4.45 4.45 4.45 4.27 4.57 4.57 4.57 4.60 4.60 4.60 4.78 4.80 4.91 3.95 3.95 4.90 4.77 4.77 4.77 4.75 4.75 4.75 4.75 4.80 4.80 4.73 4.73 4.67 4.47 4.47 4.47 4.40 4.40 4.40 4.40 4.40 4.40 4.40 4.40 4.15 4.15 4.15 4.15
4.22 4.22 4.22 4.22 4.26 4.26 4.26 4.26 4.27 4.27 4.27 4.27 4.29 4.29 4.29 4.29 4.46 4.46 4.46 4.46 4.44 4.44 4.44 4.44 4.41 4.41 4.41 4.41 4.41 4.41 4.41 4.41 4.64 4.64 4.48 4.48 4.51 4.51 4.51 4.51 4.58 4.58 4.58 4.58 4.64 4.64 4.64 4.64 4.63 4.73 4.63 4.82 4.82 5.21 3.96 3.95 4.92 4.81 4.96 4.81 4.80 4.80 4.80 4.80 4.84 4.84 4.84 4.67 4.51 4.51 4.51 4.51 4.47 4.47 4.47 4.47 4.49 4.49 4.49 4.49 4.20 4.20 4.20 4.20
4.22 4.22 4.22 4.22 4.26 4.26 4.26 4.26 4.27 4.27 4.27 4.27 4.29 4.29 4.29 4.29 4.46 4.46 4.46 4.46 4.44 4.44 4.44 4.44 4.41 4.41 4.41 4.41 4.41 4.41 4.41 4.41 4.64 4.64 4.48 4.48 4.51 4.51 4.51 4.51 4.58 4.58 4.58 4.58 4.64 4.64 4.78 4.35 4.63 4.35 4.92 4.86 3.95 4.53 8.48 4.68 4.53 5.65 5.83 6.21 5.79 5.28 4.80 4.84 4.84 4.84 4.84 4.67 4.51 4.51 4.51 4.51 4.47 4.47 4.47 4.47 4.49 4.49 4.49 4.49 4.23 4.20 4.23 4.23
4.22 4.22 4.22 4.22 4.26 4.26 4.26 4.26 4.27 4.27 4.27 4.27 4.29 4.29 4.29 4.29 4.46 4.46 4.46 4.46 4.44 4.44 4.44 4.44 4.41 4.41 4.41 4.41 4.41 4.41 4.41 4.41 4.64 4.64 4.48 4.48 4.51 4.51 4.51 4.51 4.58 4.58 4.58 4.58 4.64 4.64 5.45 4.94 4.63 4.82 4.86 5.15 4.39 3.66 5.87 2.09 1.95 5.43 5.46 2.24 2.09 2.21 4.54 5.28 5.13 4.98 4.84 4.84 5.15 4.51 4.51 4.51 4.47 4.47 4.47 4.47 4.49 4.49 4.49 4.49 4.20 4.20 4.26 4.26
4.22 4.22 4.22 4.22 4.26 4.26 4.26 4.26 4.27 4.27 4.27 4.27 4.29 4.29 4.29 4.38 4.56 4.56 4.46 4.46 4.44 4.44 4.44 4.44 4.41 4.41 4.41 4.41 4.41 4.41 4.41 4.41 4.64 4.64 4.24 4.48 4.51 4.51 4.21 4.21 4.58 4.58 4.58 4.58 4.64 4.89 5.51 4.87 5.00 5.51 4.53 3.81 7.03 6.73 4.99 0.00 6.88 0.00 0.00 0.00 3.80 5.28 5.28 1.66 6.28 6.13 4.98 4.84 5.15 5.15 4.51 4.51 4.47 4.47 4.47 4.47 4.49 4.49 4.49 4.49 4.47 4.87 4.26 2.64
4.35 4.46 3.99 4.50 4.35 4.35 4.35 4.45 4.35 4.35 4.35 3.97 3.93 4.36 4.47 4.46 4.63 4.63 4.63 4.52 4.49 4.49 4.49 4.49 4.48 4.48 4.48 4.48 4.48 4.48 4.48 4.48 4.71 4.71 4.71 4.55 4.57 4.57 4.57 4.42 4.59 4.59 4.59 4.87 4.74 4.93 4.81 4.93 3.22 7.17 4.99 0.00 0.00 0.00 0.00 0.00 0.00 0.00 0.00 0.00 0.00 0.00 0.00 0.00 5.37 5.37 5.39 5.24 5.17 5.17 4.53 4.53 4.51 4.51 4.51 4.72 4.74 4.60 4.60 4.60 4.88 4.95 5.18 4.71
4.60 4.60 4.46 4.50 4.45 4.45 4.58 4.45 4.45 4.09 4.09 3.43 4.40 3.42 3.43 4.50 4.63 4.63 4.63 4.52 4.49 4.49 4.49 4.49 4.48 4.48 4.48 4.48 4.48 4.48 4.48 4.48 4.71 4.71 4.71 4.71 4.57 4.57 4.33 4.33 8.53 5.21 4.23 4.24 3.95 3.66 3.66 6.95 3.51 0.00 0.00 0.00 0.00 0.00 0.00 0.00 0.00 0.00 0.00 0.00 0.00 0.00 0.00 0.00 0.00 0.00 4.93 4.71 1.20 5.70 5.41 4.53 4.59 4.76 4.72 4.72 4.53 4.78 4.78 4.78 4.88 5.24 5.32 5.32
4.24 4.51 4.51 4.43 4.24 4.28 3.23 4.58 4.58 3.37 3.52 3.37 3.23 3.08 2.86 3.08 4.23 4.17 4.17 4.17 4.06 4.06 4.06 4.15 4.13 4.13 4.13 4.04 4.10 4.04 4.04 4.14 4.68 4.68 4.68 4.81 4.86 4.67 4.81 4.52 8.42 4.20 4.63 3.15 4.91 7.68 7.68 0.00 0.00 0.00 0.00 0.00 0.00 0.00 0.00 0.00 0.00 0.00 0.00 0.00 0.00 0.00 0.00 0.00 0.00 0.00 0.00 0.00 0.00 4.10 5.40 5.25 5.43 4.83 4.75 4.67 4.62 4.68 4.74 4.41 5.51 2.27 4.61 2.14
4.43 3.23 2.14 2.78 4.53 4.38 4.65 3.15 2.14 2.29 1.68 2.17 3.17 3.67 3.15 3.08 2.85 4.17 4.32 4.47 4.60 4.29 4.44 4.46 4.45 4.13 4.20 2.70 6.51 4.49 4.30 4.30 4.68 4.82 4.68 4.49 4.60 4.20 4.20 4.32 7.71 1.42 2.13 2.71 5.64 0.00 0.00 0.00 0.00 0.00 0.00 0.00 0.00 0.00 0.00 0.00 0.00 0.00 0.00 0.00 0.00 0.00 0.00 0.00 0.00 0.00 0.00 0.00 0.00 0.00 0.00 0.00 0.00 9.23 9.09 5.07 4.81 5.58 5.60 2.04 7.68 0.00 5.22 5.67
8.38 2.58 1.10 2.14 4.45 4.60 3.37 2.00 1.85 2.14 5.95 5.19 6.39 6.09 5.95 5.65 5.14 7.98 8.48 4.51 5.58 8.11 6.65 3.14 2.60 3.29 2.99 6.21 4.06 6.65 2.70 2.85 5.12 5.14 5.14 1.73 1.28 1.13 7.68 7.27 7.27 4.90 5.20 4.90 0.00 0.00 0.00 0.00 0.00 0.00 0.00 0.00 0.00 0.00 0.00 0.00 0.00 0.00 0.00 0.00 0.00 0.00 0.00 0.00 0.00 0.00 0.00 0.00 0.00 0.00 0.00 0.00 0.00 0.00 0.00 0.00 3.95 3.95 7.53 7.53 0.00 0.00 0.00 7.53
5.36 2.29 1.44 1.14 3.37 6.66 5.95 5.51 4.02 5.36 5.51 4.21 4.36 4.46 4.61 2.14 1.78 1.63 0.71 4.21 4.51 7.94 5.00 5.00 5.14 5.58 5.29 5.82 5.14 5.29 5.00 5.14 7.55 1.71 2.03 4.93 4.79 4.76 4.76 1.39 1.39 1.39 1.39 0.00 0.00 0.00 0.00 0.00 0.00 0.00 0.00 0.00 0.00 0.00 0.00 0.00 0.00 0.00 0.00 0.00 0.00 0.00 0.00 0.00 0.00 0.00 0.00 0.00 0.00 0.00 0.00 0.00 0.00 0.00 0.00 0.00 0.00 0.00 0.00 0.00 0.00 0.00 0.00 0.00
5.51 5.51 2.14 5.05 5.65 5.51 5.36 4.21 5.21 5.21 5.21 4.21 0.00 0.00 0.00 0.00 0.00 3.66 3.51 0.00 0.00 0.00 0.00 3.51 4.22 4.22 4.22 4.07 4.36 4.51 4.51 4.22 5.08 4.93 4.79 1.42 1.42 1.25 1.39 1.69 1.54 1.25 0.00 0.00 0.00 0.00 0.00 0.00 0.00 0.00 0.00 0.00 0.00 0.00 0.00 0.00 0.00 0.00 0.00 0.00 0.00 0.00 0.00 0.00 0.00 0.00 0.00 0.00 0.00 0.00 0.00 0.00 0.00 0.00 0.00 0.00 0.00 0.00 0.00 0.00 0.00 0.00 0.00 0.00
1.85 4.17 5.65 5.95 5.36 5.36 1.70 0.70 1.70 1.70 1.70 4.21 0.00 0.00 0.00 0.00 0.00 0.00 0.00 0.00 0.00 0.00 0.00 0.00 0.00 0.00 0.00 0.31 0.71 0.71 1.00 1.15 1.57 1.42 1.28 1.42 1.42 1.28 0.15 1.54 1.39 0.00 0.00 0.00 0.00 0.00 0.00 0.00 0.00 0.00 0.00 0.00 0.00 0.00 0.00 0.00 0.00 0.00 0.00 0.00 0.00 0.00 0.00 0.00 0.00 0.00 0.00 0.00 0.00 0.00 0.00 0.00 0.00 0.00 0.00 0.00 0.00 0.00 0.00 0.00 0.00 0.00 0.00 0.00
5.36 4.02 4.21 4.36 4.17 1.70 1.70 1.70 1.70 1.70 1.70 4.21 0.00 0.00 0.00 0.00 0.00 0.00 0.00 0.00 0.00 0.00 0.00 0.00 0.00 0.00 0.00 0.00 0.00 0.00 0.71 0.85 0.00 0.00 0.00 0.00 0.00 0.00 0.00 0.00 0.00 0.00 0.00 0.00 0.00 0.00 0.00 0.00 0.00 0.00 0.00 0.00 0.00 0.00 0.00 0.00 0.00 0.00 0.00 0.00 0.00 0.00 0.00 0.00 0.00 0.00 0.00 0.00 0.00 0.00 0.00 0.00 0.00 0.00 0.00 0.00 0.00 0.00 0.00 0.00 0.00 0.00 0.00 0.00
1.85 5.36 1.85 4.17 2.00 0.95 1.81 1.37 0.00 0.00 0.00 0.00 0.00 0.00 0.00 0.00 0.00 0.00 0.00 0.00 0.00 0.00 0.00 0.00 0.00 0.00 0.00 0.00 0.00 0.00 0.00 0.00 0.00 0.00 0.00 0.00 0.00 0.00 0.00 0.00 0.00 0.00 0.00 0.00 0.00 0.00 0.00 0.00 0.00 0.00 0.00 0.00 0.00 0.00 0.00 0.00 0.00 0.00 0.00 0.00 0.00 0.00 0.00 0.00 0.00 0.00 0.00 0.00 0.00 0.00 0.00 0.00 0.00 0.00 0.00 0.00 0.00 0.00 0.00 0.00 0.00 0.00 0.00 0.00
1.85 6.37 2.86 4.21 5.51 1.29 1.00 0.56 0.49 6.05 0.70 3.92 0.00 0.00 0.00 0.00 0.00 0.00 0.00 0.00 0.00 0.00 0.00 0.00 0.00 0.00 0.00 0.00 0.00 0.00 0.00 0.00 0.00 0.00 0.00 0.00 0.00 0.00 0.00 0.00 0.00 0.00 0.00 0.00 0.00 0.00 0.00 0.00 0.00 0.00 0.00 0.00 0.00 0.00 0.00 0.00 0.00 0.00 0.00 0.00 0.00 0.00 0.00 0.00 0.00 0.00 0.00 0.00 0.00 0.00 0.00 0.00 0.00 0.00 0.00 0.00 0.00 0.00 0.00 0.00 0.00 0.00 0.00 0.00
5.36 1.85 1.70 5.21 4.36 4.51 0.85 0.41 0.41 1.37 1.70 4.07 0.00 0.00 0.00 0.00 0.00 0.00 0.00 0.00 0.00 0.00 0.00 0.00 0.00 0.00 0.00 0.00 0.00 0.00 0.00 0.00 0.00 0.00 0.00 0.00 0.00 0.00 0.00 0.00 0.00 0.00 0.00 0.00 0.00 0.00 0.00 0.00 0.00 0.00 0.00 0.00 0.00 0.00 0.00 0.00 0.00 0.00 0.00 0.00 0.00 0.00 0.00 0.00 0.00 0.00 0.00 0.00 0.00 0.00 0.00 0.00 0.00 0.00 0.00 0.00 0.00 0.00 0.00 0.00 0.00 0.00 0.00 0.00
6.02 1.85 4.36 4.80 1.24 4.51 4.21 4.51 4.51 4.36 4.36 4.36 0.00 0.00 0.00 0.00 0.00 0.00 0.00 0.00 0.00 0.00 0.00 0.00 0.00 0.00 0.00 0.00 0.00 0.00 0.00 0.00 0.00 0.00 0.00 0.00 0.00 0.00 0.00 0.00 0.00 0.00 0.00 0.00 0.00 0.00 0.00 0.00 0.00 0.00 0.00 0.00 0.00 0.00 0.00 0.00 0.00 0.00 0.00 0.00 0.00 0.00 0.00 0.00 0.00 0.00 0.00 0.00 0.00 0.00 0.00 0.00 0.00 0.00 0.00 0.00 0.00 0.00 0.00 0.00 0.00 0.00 0.00 0.00
2.80 4.86 5.36 1.10 4.71 7.93 7.79 6.49 8.17 5.36 4.80 5.26 4.97 4.97 4.36 5.51 4.22 4.22 4.08 4.85 0.00 0.00 0.00 0.00 0.00 0.00 0.00 0.00 0.00 0.00 0.00 0.00 0.00 0.00 0.00 0.00 0.00 0.00 0.00 0.00 0.00 0.00 0.00 0.00 0.00 0.00 0.00 0.00 0.00 0.00 0.00 0.00 0.00 0.00 0.00 0.00 0.00 0.00 0.00 0.00 0.00 0.00 0.00 0.00 0.00 0.00 0.00 0.00 0.00 0.00 0.00 0.00 0.00 0.00 0.00 0.00 0.00 0.00 0.00 0.00 0.00 0.00 0.00 0.00
5.16 2.51 2.36 4.80 6.73 7.79 4.26 4.18 4.15 4.27 8.07 8.07 7.87 4.97 4.32 5.51 5.00 4.06 4.22 4.22 4.85 3.51 0.00 0.00 0.00 0.00 0.00 0.00 0.00 0.00 0.00 0.00 0.00 0.00 0.00 0.00 0.00 0.00 0.00 0.00 0.00 0.00 0.00 0.00 0.00 0.00 0.00 0.00 0.00 0.00 0.00 0.00 0.00 0.00 0.00 0.00 0.00 0.00 0.00 0.00 0.00 0.00 0.00 0.00 0.00 0.00 0.00 0.00 0.00 0.00 0.00 0.00 0.00 0.00 0.00 0.00 0.00 0.00 0.00 0.00 0.00 0.00 0.00 0.00
1.50 2.51 2.93 5.89 2.83 4.28 4.18 4.18 4.15 4.15 4.20 4.20 4.34 1.85 1.70 6.59 3.74 1.27 2.82 2.82 2.70 5.00 3.66 5.38 0.00 0.00 0.00 0.00 0.00 0.00 0.00 0.00 0.00 0.00 0.00 0.00 0.00 0.00 0.00 0.00 0.00 0.00 0.00 0.00 0.00 0.00 0.00 0.00 0.00 0.00 0.00 0.00 0.00 0.00 0.00 0.00 0.00 0.00 0.00 0.00 0.00 0.00 0.00 0.00 0.00 0.00 0.00 0.00 0.00 0.00 0.00 0.00 0.00 0.00 0.00 0.00 0.00 0.00 0.00 0.00 0.00 0.00 0.00 0.00
2.64 2.20 2.78 2.35 2.69 4.27 4.15 4.15 4.12 4.12 4.12 4.12 4.15 4.86 5.21 6.59 2.56 2.82 2.26 4.21 4.19 2.68 1.78 1.63 4.85 4.07 3.51 0.00 0.00 0.00 0.00 0.00 0.00 0.00 0.00 0.00 0.00 0.00 0.00 0.00 0.00 0.00 0.00 0.00 0.00 0.00 0.00 0.00 0.00 0.00 0.00 0.00 0.00 0.00 0.00 0.00 0.00 0.00 0.00 0.00 0.00 0.00 0.00 0.00 0.00 0.00 0.00 0.00 0.00 0.00 0.00 0.00 0.00 0.00 0.00 0.00 0.00 0.00 0.00 0.00 0.00 0.00 0.00 0.00
2.20 2.63 2.35 3.87 3.63 4.15 4.23 4.15 4.12 4.12 4.12 3.63 4.27 2.71 6.20 6.59 1.42 1.43 3.69 3.51 4.00 4.19 2.97 1.63 1.49 5.00 4.07 4.07 0.00 0.00 0.00 0.00 0.00 0.00 0.00 0.00 0.00 0.00 0.00 0.00 0.00 0.00 0.00 0.00 0.00 0.00 0.00 0.00 0.00 0.00 0.00 0.00 0.00 0.00 0.00 0.00 0.00 0.00 0.00 0.00 0.00 0.00 0.00 0.00 0.00 0.00 0.00 0.00 0.00 0.00 0.00 0.00 0.00 0.00 0.00 0.00 0.00 0.00 0.00 0.00 0.00 0.00 0.00 0.00
3.58 2.59 3.82 3.99 3.96 3.96 4.48 4.35 4.32 4.32 4.32 3.99 4.47 4.16 6.76 1.62 1.68 4.46 3.98 4.30 4.25 4.25 4.43 3.01 2.03 1.88 2.03 4.21 4.21 0.00 0.00 0.00 0.00 0.00 0.00 0.00 0.00 0.00 0.00 0.00 0.70 0.00 0.00 0.00 0.00 0.00 0.00 0.78 4.42 4.57 4.42 2.54 0.00 0.00 0.00 0.00 0.00 0.00 0.00 0.00 0.00 0.00 0.00 0.00 0.00 0.00 0.00 0.00 0.00 0.00 0.00 0.00 0.00 0.00 0.00 0.00 0.00 0.00 0.00 0.00 0.00 0.00 0.00 0.00
3.22 3.06 3.52 3.23 3.96 3.78 4.35 4.35 4.32 4.32 4.32 3.99 4.47 4.62 4.71 2.68 4.45 4.45 4.30 4.30 4.25 4.25 4.25 4.32 4.59 7.96 8.21 8.04 5.03 4.21 4.21 4.21 0.00 0.00 0.00 0.00 0.00 0.00 4.36 0.70 0.70 0.70 0.78 0.78 0.78 0.78 4.97 8.53 8.32 5.10 2.17 0.61 0.76 0.00 0.00 0.00 0.00 0.00 0.00 0.00 0.00 0.00 0.00 0.00 0.00 0.00 0.00 0.00 0.00 0.00 0.00 0.00 0.00 0.00 0.00 0.00 0.00 0.00 0.00 0.00 0.00 0.00 0.00 0.00
3.83 3.98 3.98 3.98 3.78 3.78 3.78 4.35 4.32 4.32 4.32 4.32 4.30 4.30 4.30 4.45 4.22 4.31 4.22 4.22 4.22 4.22 4.22 4.22 4.32 4.32 7.83 8.08 7.55 5.86 0.70 4.21 5.24 3.51 0.00 0.00 0.00 4.21 4.21 4.21 4.21 4.21 4.29 4.29 7.90 8.38 7.36 5.22 7.32 4.95 4.12 2.02 2.03 0.00 0.00 0.00 0.00 0.00 0.00 0.00 0.00 0.00 0.00 0.00 0.00 0.00 0.00 0.00 0.00 0.00 0.00 0.00 0.00 0.00 0.00 0.00 0.00 0.00 0.00 0.00 0.00 0.00 0.00 0.00
4.17 3.83 3.83 3.83 3.78 3.78 3.78 3.78 4.32 4.32 4.32 4.41 4.30 4.30 4.30 4.30 4.22 4.22 4.22 4.22 4.22 4.22 4.22 4.22 4.32 3.82 4.32 7.97 6.27 4.51 4.18 4.21 4.21 4.36 4.36 4.21 4.21 4.21 0.85 3.42 6.93 6.62 6.62 6.76 6.76 7.73 7.45 7.45 4.95 4.27 2.02 0.00 0.00 0.00 0.00 0.00 0.00 0.00 0.00 0.00 0.00 0.00 0.00 0.00 0.00 0.00 0.00 0.00 0.00 0.00 0.00 0.00 0.00 0.00 0.00 0.00 0.00 0.00 0.00 0.00 0.00 0.00 0.00 0.00
2.45 4.13 3.83 3.83 3.78 3.78 3.78 3.78 4.32 4.32 4.32 4.32 4.30 4.30 4.30 4.30 4.22 4.39 4.22 4.22 4.22 4.22 4.22 4.22 3.82 3.82 7.83 7.97 4.03 1.29 4.95 4.21 4.21 4.21 0.85 4.21 0.70 0.70 0.84 5.97 8.14 4.23 7.89 7.44 5.56 3.25 2.89 4.29 4.27 4.26 0.75 0.00 0.00 0.00 0.00 0.00 0.00 0.00 0.00 0.00 0.00 0.00 0.00 0.00 0.00 0.00 0.00 0.00 0.00 0.00 0.00 0.00 0.00 0.00 0.00 0.00 0.00 0.00 0.00 0.00 0.00 0.00 0.00 0.00
2.33 4.01 3.98 3.83 3.78 3.84 3.96 3.78 3.76 4.32 4.32 4.32 4.30 4.30 4.30 4.30 4.22 4.22 4.22 4.22 3.71 4.22 4.22 4.22 4.32 7.33 7.51 0.70 4.33 4.62 1.14 4.65 4.21 4.21 5.24 5.38 0.70 6.93 6.67 4.43 4.15 3.85 7.15 7.15 6.31 2.24 4.12 4.15 4.27 0.00 0.00 0.00 0.00 0.00 0.00 0.00 0.00 0.00 0.00 0.00 0.00 0.00 0.00 0.00 0.00 0.00 0.00 0.00 0.00 0.00 0.00 0.00 0.00 0.00 0.00 0.00 0.00 0.00 0.00 0.00 0.00 0.00 0.00 0.00
