New_Model_Runs/12_Future_RCP4.5_Scn2_out/post_prcessed_with_MFR/Monthly_summaries/net_infiltration_monthly_NOV.asc
NCOLS 700
NROWS 400
XLLCENTER 515000.000000
YLLCENTER 8409000.000000
CELLSIZE 50.000000
NODATA_value -999.000000
[rows 228 to 265 of 400, columns 168 to 251 of 700]
8.04 7.92 8.27 8.45 8.07 8.24 8.24 8.24 8.57 8.57 8.47 8.47 8.04 8.04 8.51 8.71 8.64 11.34 6.17 11.49 11.31 11.19 11.05 11.05 6.38 8.73 8.87 8.87 8.73 8.86 8.87 8.86 9.02 8.53 9.26 9.38 8.70 8.47 8.47 8.47 8.22 8.22 8.22 9.19 8.88 9.32 9.46 8.66 8.66 8.22 8.22 9.17 9.34 9.34 9.19 9.50 8.09 8.09 6.13 6.13 6.18 6.18 6.18 6.18 3.39 6.21 6.21 6.45 6.21 6.21 6.21 6.21 5.68 5.68 5.68 5.68 5.61 5.61 5.61 5.61 5.55 5.55 5.80 5.55
8.04 8.04 8.04 8.04 8.07 8.07 8.24 8.24 8.38 9.04 8.04 8.51 8.37 8.04 8.04 8.20 8.20 8.20 8.19 11.99 11.49 2.88 11.45 11.16 5.91 12.37 12.51 12.04 12.22 11.89 12.53 12.04 6.04 6.20 8.53 9.02 8.87 8.73 8.03 9.21 8.22 9.01 9.19 9.19 9.17 9.34 8.24 8.09 8.24 8.66 8.22 9.17 8.92 7.50 7.50 7.50 6.86 6.86 6.13 6.13 6.18 6.18 6.35 6.40 6.45 6.97 6.21 6.21 6.21 6.21 6.21 6.37 4.72 5.86 5.86 5.70 5.61 5.61 5.61 5.61 5.55 5.80 5.80 5.55
6.75 6.75 6.75 6.75 6.77 7.41 6.77 8.07 8.86 8.57 8.57 8.57 8.37 8.04 8.04 8.20 8.56 8.04 8.04 8.04 11.19 11.45 8.23 8.53 8.67 8.67 12.04 12.04 8.67 12.23 6.06 2.40 8.53 12.18 11.89 5.81 12.04 2.55 8.67 8.09 8.65 8.35 8.22 9.19 8.22 2.17 11.31 11.45 11.45 9.65 8.99 8.99 9.01 8.92 8.92 7.50 6.86 6.13 6.13 6.13 6.18 6.18 6.18 6.40 6.45 6.21 6.21 6.21 6.21 6.21 6.55 6.28 4.72 5.86 5.68 5.68 5.61 5.61 5.61 5.61 5.55 6.18 5.80 5.55
6.75 6.75 6.75 6.75 6.77 6.77 6.77 7.70 7.00 8.38 8.28 8.57 8.04 8.04 8.04 8.37 8.04 8.04 8.04 8.42 8.20 8.20 11.99 3.15 9.26 8.48 8.53 8.67 3.20 12.18 6.61 2.69 8.67 8.82 8.53 11.74 11.26 13.55 6.20 12.04 8.05 8.65 8.65 8.99 9.64 11.82 13.33 13.47 12.53 8.67 8.88 8.67 8.92 8.92 8.92 8.92 8.09 6.13 6.13 6.13 6.18 6.18 6.18 6.68 6.37 6.37 6.21 6.21 6.15 6.15 6.21 6.37 5.86 5.70 5.68 5.68 5.61 5.61 5.61 5.61 5.80 5.80 5.55 5.93
7.46 6.81 6.81 6.81 6.82 6.82 8.21 7.18 7.73 7.88 7.73 8.50 8.48 8.48 8.84 8.04 8.04 8.04 8.04 8.04 8.56 8.20 8.86 12.15 12.39 13.26 12.42 12.39 11.89 12.67 10.97 6.20 12.24 11.74 11.60 11.74 9.40 9.79 9.09 12.04 11.67 11.67 11.82 11.82 11.41 12.37 8.86 11.93 8.52 9.00 9.00 9.00 9.04 9.04 9.04 9.04 8.17 7.28 6.32 6.59 6.63 6.22 6.63 6.37 6.28 5.46 5.50 6.39 6.25 6.39 6.18 6.39 5.69 5.69 5.69 5.69 5.60 5.60 5.60 5.97 5.56 5.56 5.56 5.56
6.81 6.81 6.81 6.81 6.82 7.59 6.82 6.82 7.03 7.03 7.73 7.88 7.86 7.69 7.69 8.57 8.37 8.04 8.04 8.20 8.20 8.20 8.95 8.33 8.58 9.45 8.72 8.58 8.58 8.76 12.24 2.55 8.87 8.36 8.37 12.28 12.28 7.98 7.98 9.62 9.09 9.30 8.80 9.16 8.05 8.86 8.42 11.93 8.52 9.17 8.64 8.52 8.57 9.04 9.04 9.04 7.28 7.28 7.28 6.18 6.22 6.22 6.22 6.22 6.39 5.74 6.79 5.65 6.53 6.68 5.57 5.63 5.87 5.69 5.69 5.69 5.60 5.60 6.38 5.97 5.56 5.56 5.56 5.56
6.81 6.81 6.81 6.81 7.47 7.59 6.82 6.82 7.03 7.03 7.03 7.73 7.69 7.69 7.25 9.35 8.55 8.55 8.55 8.04 8.04 8.97 8.49 8.71 8.58 7.75 8.58 8.58 8.58 9.60 9.60 12.55 8.99 9.34 7.28 8.21 11.38 11.03 8.60 8.81 8.28 8.28 8.37 8.28 9.46 8.71 8.59 12.85 12.86 8.73 8.02 8.02 8.18 7.32 8.48 8.57 6.99 6.99 6.99 7.28 6.22 6.22 6.22 6.22 6.39 6.68 5.61 9.12 9.12 9.15 5.79 6.21 5.87 5.69 5.72 5.69 5.60 5.82 5.60 5.60 5.56 5.56 5.56 5.56
6.81 6.81 6.81 6.81 6.82 7.85 6.82 6.82 7.03 7.03 7.73 7.03 7.00 7.00 7.00 8.39 8.55 8.34 8.55 8.20 8.04 8.04 8.20 8.20 8.58 7.75 9.49 8.99 8.89 8.38 8.89 8.89 8.63 8.72 7.28 8.84 8.16 11.67 8.72 8.81 8.43 8.96 8.37 9.08 8.57 8.57 8.42 8.59 12.86 12.24 12.15 8.02 2.28 8.82 8.18 8.18 7.58 7.63 7.48 7.28 6.22 6.22 6.22 6.22 6.26 6.46 7.91 5.46 5.76 7.03 6.54 6.39 6.08 6.08 5.69 5.69 5.82 5.60 5.60 5.97 5.56 5.56 5.56 5.56
6.87 6.87 6.87 6.87 6.88 6.88 6.88 6.88 7.08 7.79 7.79 7.08 7.02 7.02 7.71 7.71 6.97 8.34 8.54 8.04 8.04 8.20 8.20 8.04 8.58 8.90 8.65 8.74 8.97 6.34 6.34 8.88 8.59 8.69 8.69 8.36 8.33 11.70 9.45 8.99 9.45 8.56 8.42 8.42 8.56 8.56 8.56 8.56 8.68 8.61 9.14 11.86 11.51 9.57 7.82 8.58 5.94 6.67 6.45 6.38 6.23 6.23 6.44 6.44 6.61 9.12 1.31 5.61 6.35 6.82 6.38 6.23 5.65 5.65 6.22 6.22 5.58 5.58 5.58 5.58 5.60 5.60 5.60 5.60
6.87 6.87 6.87 6.87 6.88 7.65 6.88 6.88 7.08 7.08 7.08 7.08 7.02 7.02 7.02 7.02 7.64 8.59 8.23 8.45 8.04 8.20 8.20 8.20 8.58 8.90 8.90 8.65 8.97 8.74 6.34 9.45 8.96 8.96 8.69 8.69 8.33 8.76 12.35 8.84 8.47 8.42 8.42 8.42 8.56 8.56 8.56 8.56 8.83 8.76 8.61 8.59 11.82 11.36 10.89 9.26 4.58 5.72 6.67 5.65 6.53 6.38 5.64 4.58 5.50 4.98 1.46 7.12 5.58 6.72 7.12 6.59 5.65 5.65 5.65 5.65 6.23 5.58 5.58 5.58 5.60 5.60 5.60 5.60
6.87 6.87 6.87 6.87 6.88 6.88 6.88 6.88 7.08 7.08 7.08 7.08 7.02 7.02 7.02 7.02 7.20 8.34 8.34 8.54 8.04 8.04 8.20 8.42 8.72 8.85 9.22 8.74 8.88 8.88 8.88 10.24 8.96 9.46 8.96 8.87 7.93 9.59 8.99 8.84 8.42 8.42 8.42 8.42 8.56 8.56 8.47 8.56 8.76 8.83 8.68 8.59 8.01 8.29 8.31 6.44 9.73 9.08 4.49 5.64 5.50 5.50 5.64 5.50 8.86 4.14 4.54 4.54 5.33 5.50 6.71 6.47 5.85 6.04 5.65 5.65 5.58 5.58 5.58 5.58 6.54 5.60 5.60 5.60
6.87 6.87 6.87 6.87 6.88 6.88 6.88 6.88 7.08 7.08 7.08 7.08 7.02 7.02 7.02 7.02 6.97 8.54 8.04 8.20 8.04 8.53 8.53 7.11 8.16 8.98 8.74 8.74 8.72 8.72 8.72 8.62 8.69 8.69 8.97 8.87 7.21 8.99 9.04 8.54 8.42 8.42 8.42 8.42 8.56 8.56 8.75 9.04 9.21 8.98 9.18 8.61 8.84 8.78 8.64 6.64 5.43 5.35 8.86 8.86 5.50 5.64 5.64 4.44 8.94 5.46 5.46 4.69 5.90 5.50 6.23 6.38 5.85 5.65 5.65 5.65 5.58 5.58 5.58 5.58 5.60 5.60 5.60 5.60
6.90 6.90 6.90 6.90 6.89 7.66 6.89 6.89 7.07 7.07 7.07 7.07 7.01 7.01 7.01 7.01 7.83 7.72 8.20 7.72 8.32 6.96 6.96 7.12 7.49 7.49 8.78 8.78 8.75 8.75 8.75 8.75 9.45 9.63 9.63 8.59 8.68 10.77 9.22 8.59 8.52 8.52 8.52 8.52 8.60 8.77 8.60 9.06 3.13 3.19 9.50 8.65 8.93 8.93 8.64 7.52 5.28 5.35 5.50 5.50 8.09 8.24 4.73 4.88 9.23 1.91 6.50 5.76 5.97 5.28 5.50 6.52 5.65 5.64 5.64 5.64 5.61 5.61 5.61 5.98 5.66 5.66 5.66 5.66
6.90 7.68 6.90 6.90 6.89 6.89 7.55 6.89 7.07 7.07 7.07 7.86 7.01 7.01 7.01 7.01 7.63 7.83 7.83 7.72 7.83 6.96 6.96 6.96 7.32 7.32 8.78 8.78 8.75 8.75 8.75 8.75 8.68 8.68 8.87 8.68 8.68 8.59 8.87 8.68 8.52 8.52 8.52 8.52 8.60 8.77 8.77 8.35 8.50 8.65 8.05 8.64 8.64 8.05 8.64 7.97 6.25 5.69 5.79 5.94 2.12 2.42 8.53 8.39 8.49 5.94 4.69 5.46 5.35 5.35 6.36 6.19 6.02 5.64 5.64 5.64 5.61 5.61 5.61 5.61 5.66 5.66 5.66 5.66
6.59 6.59 6.59 6.59 6.57 6.91 7.37 8.06 6.74 6.74 8.46 7.49 6.68 6.68 6.68 6.68 6.63 7.21 6.70 7.21 6.63 6.63 6.63 6.63 6.85 6.85 6.85 6.85 8.15 8.15 8.15 8.15 8.09 8.09 8.09 8.09 8.09 8.09 7.97 8.09 7.92 7.92 7.80 7.80 8.06 7.93 7.77 8.24 8.15 8.87 8.18 8.13 8.03 7.62 7.78 6.37 5.68 4.79 5.23 4.20 4.35 2.40 4.64 4.05 6.84 7.12 4.93 4.94 6.03 6.03 5.96 5.80 5.10 5.10 5.10 5.10 5.07 5.07 5.07 5.07 5.12 5.12 5.12 5.12
6.59 6.59 6.59 6.59 6.57 6.57 6.57 6.57 6.74 6.74 6.74 6.74 7.43 7.43 7.43 7.42 6.63 6.63 6.63 6.63 6.63 6.63 6.63 6.63 6.85 6.85 6.85 6.85 6.83 6.83 8.15 8.15 8.09 8.09 8.09 8.09 8.09 8.09 8.09 8.09 7.92 7.92 7.92 8.15 7.93 7.78 7.93 8.05 8.04 7.97 8.11 8.18 8.13 8.13 7.41 6.37 5.51 5.51 4.94 4.94 4.35 4.79 4.20 4.09 3.76 7.12 4.87 4.94 6.03 6.02 5.80 5.80 5.10 5.10 5.10 5.10 5.07 5.07 5.07 5.31 5.12 5.12 5.12 5.34
6.57 6.57 7.93 7.29 6.52 8.70 6.52 6.52 6.68 6.68 6.68 6.68 6.64 6.64 6.64 6.64 6.63 6.63 6.63 6.63 6.65 6.65 6.65 6.65 6.89 6.89 6.89 6.89 6.87 6.87 6.87 8.21 8.13 8.13 8.13 8.13 8.16 8.16 8.16 8.04 7.93 7.93 7.93 8.11 8.00 7.78 8.46 8.00 7.80 7.91 8.06 8.06 7.97 7.97 7.41 6.37 5.51 5.68 4.72 4.87 4.20 6.39 6.20 6.10 7.46 4.94 4.94 4.72 6.02 6.16 5.93 5.79 5.12 5.12 5.12 5.12 5.10 5.10 5.33 5.33 5.03 5.14 5.14 5.35
6.57 6.57 6.57 6.57 6.52 6.52 7.24 6.52 6.68 6.68 6.68 6.68 6.64 6.64 6.64 6.64 6.63 6.63 8.35 7.21 6.65 6.65 6.65 6.65 6.89 6.89 6.89 6.89 6.87 6.87 6.87 8.21 8.13 8.13 8.13 8.13 8.16 8.16 8.16 8.27 7.93 7.82 7.93 8.11 8.00 8.95 7.81 7.92 7.80 8.72 7.91 8.06 2.91 7.16 7.56 6.55 5.68 5.51 4.87 3.91 3.91 3.61 4.79 4.94 8.45 4.94 4.94 6.05 6.02 5.79 5.79 6.01 5.27 5.12 5.74 5.12 5.10 5.33 5.49 5.30 5.32 5.03 5.03 5.35
6.57 7.92 6.57 6.57 6.52 6.52 7.24 6.52 6.68 6.68 7.27 7.43 7.41 7.23 7.23 7.23 6.63 6.78 7.40 6.63 6.65 6.65 6.65 6.65 6.89 6.89 6.89 6.89 6.87 6.87 6.87 6.87 8.13 8.13 8.13 8.13 8.16 8.16 8.16 8.16 7.93 7.93 7.82 8.36 8.11 7.92 7.92 8.72 5.69 8.72 8.72 8.06 8.41 7.60 2.69 7.41 7.02 5.68 3.80 3.91 7.14 3.61 5.02 7.42 8.31 4.94 6.03 5.82 6.17 6.84 5.79 6.11 5.91 5.34 5.12 5.12 5.10 5.45 5.10 5.10 5.14 5.03 5.35 4.28
6.57 6.57 6.57 6.57 6.52 6.52 6.52 6.52 6.68 6.68 7.27 6.80 7.41 7.23 7.23 6.64 7.60 7.19 6.63 6.63 6.65 6.65 6.65 6.65 6.89 6.89 6.89 6.89 6.87 7.64 6.87 6.87 6.81 8.13 8.56 8.13 8.16 8.16 8.16 8.16 7.93 7.93 7.93 8.11 8.51 7.92 8.52 8.72 5.69 8.46 7.91 8.06 7.16 2.33 7.53 7.38 7.02 4.72 4.79 6.19 6.20 6.06 1.23 7.56 4.72 4.79 5.89 6.43 5.93 5.90 2.80 4.72 5.12 5.47 5.12 5.12 5.21 5.10 5.10 5.10 5.14 5.14 5.35 4.25
6.54 6.54 7.27 6.54 6.48 6.48 6.48 6.48 6.65 6.65 7.41 7.98 6.63 7.22 7.22 7.22 7.79 7.19 6.93 6.63 6.65 6.65 6.65 8.07 6.90 6.90 6.90 6.90 7.66 6.88 6.88 6.88 6.86 8.19 8.19 8.19 8.21 8.21 8.21 8.21 7.90 7.79 7.90 7.90 7.88 7.88 8.06 8.45 5.69 8.46 7.92 8.07 7.92 6.67 7.41 7.38 6.19 4.72 4.72 4.72 5.09 3.91 1.10 4.76 5.09 5.09 3.61 4.79 5.92 5.95 4.94 4.94 5.23 5.14 5.14 5.15 6.62 5.25 5.25 5.36 5.18 5.18 5.36 4.54
6.54 6.54 6.54 6.54 6.48 6.48 6.48 6.48 6.65 6.65 8.35 7.98 7.91 7.76 8.49 7.22 7.40 7.55 6.93 6.63 7.25 6.65 6.65 6.65 6.90 6.90 6.90 6.90 6.88 6.88 6.88 6.88 6.86 8.19 8.19 8.19 8.21 8.21 8.21 8.21 7.90 8.72 8.72 8.72 7.88 8.33 9.15 5.69 5.69 5.69 8.00 7.92 8.87 7.68 6.37 7.38 6.04 4.79 4.79 4.79 4.87 4.09 1.23 7.27 4.94 4.94 4.79 4.72 5.35 4.79 4.79 4.94 3.98 5.92 5.14 5.46 6.17 10.13 6.70 4.28 5.26 5.18 5.36 4.57
6.54 6.54 6.54 6.54 6.48 6.48 6.48 7.20 6.65 7.92 7.92 7.98 7.97 7.91 8.14 8.11 7.90 7.22 7.40 7.40 7.25 6.65 6.65 6.65 6.90 6.90 6.90 6.90 6.88 6.88 6.88 6.88 6.86 6.86 8.19 8.19 8.21 8.21 8.21 8.21 7.90 8.72 5.69 5.69 8.71 8.71 8.71 8.71 5.69 8.46 7.92 7.92 8.17 7.41 6.55 6.52 9.85 6.04 4.79 4.79 3.76 4.87 5.02 8.45 4.79 4.79 4.72 4.79 5.27 4.72 4.79 4.72 3.98 5.92 5.15 6.13 9.69 6.62 9.18 5.66 4.28 5.92 3.04 7.06
6.54 6.54 6.54 6.54 6.48 6.48 7.20 6.48 6.65 6.65 7.92 7.98 7.97 7.91 8.44 7.97 7.76 7.97 7.40 7.40 7.25 6.65 6.65 6.65 6.90 6.90 6.90 7.68 7.66 6.88 6.88 6.88 6.86 8.19 8.19 8.19 8.21 8.21 8.21 8.21 7.90 8.72 5.69 5.69 5.69 5.69 5.69 5.69 8.46 7.80 7.80 8.00 8.13 6.37 6.69 7.71 9.61 9.55 5.93 3.76 1.38 3.76 4.72 8.45 4.94 5.02 4.72 4.72 4.72 4.72 4.79 4.79 2.72 5.03 5.15 5.98 9.18 5.66 5.66 9.18 5.66 5.66 5.79 8.07
6.56 6.56 6.56 6.56 6.51 6.51 6.51 6.51 6.65 6.65 6.65 7.79 7.74 7.89 8.09 8.03 7.73 7.96 7.96 7.20 7.26 6.66 6.66 6.66 7.71 6.93 6.93 7.72 6.92 6.92 6.92 6.92 6.91 8.26 8.26 8.26 8.24 8.24 8.24 8.24 7.88 8.71 5.69 5.69 5.69 7.24 7.39 7.24 7.93 7.93 7.93 8.01 8.03 6.37 6.69 7.57 4.87 4.79 8.31 5.02 4.05 3.76 7.12 3.76 3.91 4.38 5.16 4.72 4.72 4.72 4.72 4.72 2.72 5.35 4.28 3.98 5.66 5.66 5.79 9.18 5.66 3.55 6.96 12.06
6.56 6.56 6.56 6.56 6.51 6.51 7.23 6.51 6.65 6.65 6.77 7.79 7.96 8.09 8.43 7.20 7.96 7.96 7.96 6.62 6.66 6.66 6.66 6.66 7.67 6.93 7.72 6.93 6.92 6.92 6.92 6.92 6.91 8.26 8.26 8.26 8.24 8.24 8.24 8.24 7.88 9.13 5.69 6.98 8.45 7.86 8.01 8.08 7.93 7.93 8.01 7.90 8.05 6.55 8.13 7.54 5.51 5.68 4.79 8.75 7.75 4.76 7.56 5.09 4.94 5.38 4.87 4.79 4.79 4.72 4.72 5.27 4.28 4.28 3.03 3.03 3.03 6.54 9.18 6.54 9.18 7.06 3.45 3.45
7.14 6.56 6.56 6.56 6.51 6.51 6.51 6.51 7.40 6.65 6.65 7.79 7.96 7.50 7.50 7.96 7.96 7.73 7.96 6.62 6.66 6.66 6.66 6.66 6.93 6.93 6.93 6.93 6.92 6.92 6.92 6.92 6.91 8.26 8.26 8.26 8.24 8.24 8.24 8.68 7.88 9.13 5.69 5.69 7.86 7.86 7.86 7.86 7.93 7.93 8.11 7.78 6.55 6.55 6.55 6.55 5.82 7.65 7.43 3.91 3.76 4.24 8.00 5.45 5.23 5.38 5.31 4.94 4.94 4.72 4.72 4.79 4.28 4.28 3.03 3.03 4.06 4.06 3.03 3.03 9.32 5.66 5.66 3.55
6.71 7.28 6.56 6.56 6.51 6.51 6.51 6.51 6.97 6.65 6.65 7.93 7.96 7.50 8.08 7.50 8.24 7.96 7.88 6.62 6.66 6.66 6.66 6.66 6.93 6.93 6.93 6.93 6.92 6.92 6.92 6.92 8.26 8.26 8.26 8.26 8.24 8.24 8.68 8.24 7.88 7.88 8.45 8.71 8.08 7.86 7.86 7.86 7.93 8.11 8.11 7.78 6.54 6.54 6.54 8.27 7.72 7.72 7.58 4.72 1.08 3.91 5.05 7.56 8.00 7.71 5.03 7.56 7.56 8.23 8.23 9.67 5.15 5.98 3.98 3.03 4.06 3.03 6.67 6.67 7.20 9.32 9.18 5.66
7.99 6.59 6.59 6.59 6.52 7.85 6.52 7.27 6.63 7.22 7.22 6.85 7.50 6.85 7.50 6.85 6.85 7.95 7.86 6.60 6.68 6.68 6.68 6.68 8.33 6.96 6.96 6.96 6.98 6.98 8.35 8.35 8.36 8.36 8.36 8.36 8.30 8.30 8.30 8.30 7.85 7.85 7.85 7.73 7.83 7.83 7.83 7.70 8.01 7.91 7.78 7.78 6.54 6.37 6.37 8.27 10.87 11.09 11.09 8.38 7.12 7.27 7.42 7.42 4.49 5.23 4.94 5.09 4.87 4.72 4.72 4.72 3.03 3.03 3.98 3.03 4.06 4.06 4.06 3.03 7.11 5.81 6.02 9.18
6.59 8.49 7.32 6.59 6.52 6.52 6.52 7.14 6.63 6.63 6.63 8.44 7.50 7.50 8.43 8.43 7.82 7.95 7.71 6.60 6.68 6.68 6.68 7.97 8.33 8.78 6.96 6.96 8.35 8.35 8.35 8.35 8.36 8.36 8.36 8.36 8.30 8.30 8.30 8.30 7.85 7.85 7.85 7.85 7.83 7.83 7.83 7.70 8.01 7.91 7.78 7.78 6.54 6.54 8.27 11.72 11.09 10.20 6.73 3.91 3.76 4.05 9.04 7.42 4.20 5.09 4.79 4.79 4.72 4.72 4.79 4.79 3.98 3.03 3.03 3.03 4.06 4.21 4.21 3.03 9.32 5.81 5.79 6.62
6.29 6.16 6.13 6.13 6.56 5.92 5.92 6.38 5.97 5.97 7.25 7.07 7.48 7.48 6.84 7.01 7.02 7.02 6.85 5.94 6.02 6.02 6.02 7.12 7.38 7.38 6.24 6.24 7.40 8.31 7.40 7.40 7.41 7.41 7.41 7.41 7.35 7.35 7.35 7.76 7.19 6.87 6.87 6.87 6.85 6.85 6.85 7.07 6.56 6.56 6.56 6.37 6.82 6.82 10.33 10.45 9.77 7.26 6.10 4.22 4.33 4.62 8.14 6.99 6.99 4.81 4.48 4.33 4.33 4.33 4.33 4.33 3.59 3.53 3.59 3.73 4.75 4.89 4.75 5.40 8.91 8.91 6.17 6.22
6.59 5.54 6.42 5.99 5.92 5.92 6.38 5.92 6.44 7.06 7.06 6.88 6.84 6.84 7.01 7.01 7.02 7.02 7.02 7.02 6.02 6.02 6.02 7.12 7.38 7.38 7.38 7.38 7.40 7.40 7.40 7.40 7.41 7.41 7.41 7.41 7.71 7.35 7.35 7.35 6.87 6.87 6.87 6.87 6.68 6.85 6.85 6.85 7.12 6.56 6.56 6.82 6.82 6.82 6.96 10.74 7.41 7.41 7.26 4.33 4.37 4.33 4.33 4.62 7.12 7.12 4.62 4.48 4.22 4.33 4.33 4.33 3.53 3.53 3.67 3.97 3.82 3.59 2.76 6.17 6.98 8.91 6.17 6.22
6.44 5.97 9.63 6.12 5.90 5.90 5.90 6.17 6.42 7.37 7.03 7.03 6.99 6.82 6.99 6.99 7.35 7.35 7.01 7.01 6.00 6.00 6.66 7.10 8.48 7.74 7.38 7.38 7.43 7.43 7.43 7.43 7.80 7.44 7.44 7.44 7.70 7.35 7.35 7.35 6.87 6.87 6.87 6.87 6.66 6.88 6.83 6.83 6.91 7.09 7.09 6.68 6.71 6.79 6.82 10.45 7.12 7.26 3.33 4.33 7.00 6.97 4.33 4.62 3.77 7.14 3.63 4.48 4.33 4.33 4.33 4.33 3.59 3.53 3.53 3.67 3.88 3.59 3.59 5.40 9.17 6.22 6.22 6.22
6.23 7.55 9.77 6.62 6.36 7.09 5.90 5.90 5.95 7.03 7.03 7.03 6.82 7.03 6.99 6.99 7.01 7.46 7.35 7.01 7.10 6.00 6.00 6.00 7.38 7.38 7.38 10.31 7.43 7.70 7.43 7.43 7.44 7.44 7.44 7.44 7.35 7.35 7.35 7.35 6.87 6.87 6.87 6.87 6.83 6.83 6.83 6.83 6.91 6.91 7.08 6.45 6.52 6.66 5.96 6.94 6.86 7.00 6.97 6.97 6.97 6.86 4.33 4.62 3.63 6.99 3.77 4.33 4.33 4.33 4.48 4.48 3.59 3.59 3.53 3.53 3.59 3.53 2.76 8.91 9.05 6.52 6.37 6.37
6.04 6.62 9.55 6.00 5.90 6.36 5.90 5.90 5.95 5.95 7.03 6.86 7.03 7.03 7.20 6.99 7.01 7.01 7.01 7.01 7.10 6.00 6.00 6.00 6.24 7.38 7.38 10.12 10.16 10.16 7.43 7.43 7.44 7.44 7.80 7.44 7.35 7.70 7.35 7.35 6.87 6.87 6.87 6.87 6.83 6.83 6.83 6.66 6.91 6.74 6.74 6.45 6.52 6.75 6.96 6.94 6.86 5.97 7.00 6.97 7.12 7.12 4.48 4.48 3.46 6.70 3.92 4.62 2.75 5.32 5.76 3.33 3.53 3.53 3.53 3.53 3.73 3.59 5.40 6.98 5.40 6.37 6.66 6.66
6.14 6.04 6.83 9.48 5.90 5.90 6.54 5.90 5.95 5.95 7.03 7.48 6.99 6.99 6.82 6.99 7.01 6.84 7.01 7.01 7.10 7.10 6.00 6.00 6.88 7.38 7.38 7.38 10.16 10.16 10.16 7.43 7.44 7.44 7.44 7.44 7.35 7.35 7.35 7.35 7.29 7.19 6.87 6.87 6.83 6.66 6.88 6.88 6.93 6.93 6.91 6.45 6.52 6.60 6.82 6.79 6.86 6.86 7.12 7.12 7.44 6.26 3.63 4.62 4.62 7.14 3.77 4.51 4.48 4.62 3.92 3.33 3.53 2.76 3.53 3.59 3.88 2.88 9.05 5.40 6.22 5.69 5.69 6.75
6.14 6.14 7.19 9.46 6.05 6.05 5.91 5.91 5.92 5.92 6.82 6.82 6.79 6.79 6.97 6.97 7.03 7.03 7.03 7.03 7.08 7.08 7.08 5.99 6.21 7.35 7.35 7.35 7.79 10.16 10.16 7.43 7.42 7.42 7.42 7.42 7.30 7.30 7.30 7.30 6.86 6.86 6.86 6.86 6.83 6.83 6.66 7.06 7.07 7.07 6.87 6.66 6.69 5.00 6.79 6.79 6.86 6.97 7.00 6.26 6.26 7.12 4.48 4.51 4.62 6.99 3.46 4.48 3.63 3.77 4.77 4.48 3.59 2.76 3.59 3.73 2.76 5.81 9.49 6.46 6.37 9.20 5.40 3.88
6.14 6.14 6.14 9.65 6.10 6.05 5.91 5.91 6.57 5.92 6.82 6.82 6.97 6.97 6.97 6.97 7.03 7.03 7.03 7.03 7.08 7.08 7.08 5.99 6.21 7.35 7.35 7.35 7.43 7.43 10.16 7.43 7.42 7.42 7.42 7.42 7.30 7.76 7.65 7.30 6.86 6.86 6.86 7.38 6.83 6.83 6.83 7.06 6.56 6.37 6.66 6.66 6.69 6.79 6.79 7.32 6.86 6.86 6.97 5.97 5.97 6.97 7.00 4.92 4.92 4.48 7.88 4.37 4.77 4.77 4.33 4.48 3.73 3.59 3.53 2.76 5.69 9.20 10.18 6.46 6.22 6.22 3.85 3.88
