New_Model_Runs/12_Future_RCP4.5_Scn2_out/post_prcessed_with_MFR/Monthly_summaries/net_infiltration_monthly_AUG.asc
NCOLS 700
NROWS 400
XLLCENTER 515000.000000
YLLCENTER 8409000.000000
CELLSIZE 50.000000
NODATA_value -999.000000
[rows 259 to 295 of 400, columns 168 to 251 of 700]
11.51 10.92 11.28 10.83 10.72 10.72 11.72 10.72 11.73 12.62 12.62 12.46 12.37 12.37 12.54 12.54 12.55 12.55 12.55 12.55 10.81 10.81 10.81 12.72 12.91 12.91 12.91 12.91 12.94 12.94 12.94 12.94 12.95 12.95 12.95 12.95 13.39 12.86 12.86 12.86 12.01 12.01 12.01 12.01 11.77 11.98 11.98 11.98 12.43 11.97 11.97 19.98 19.98 19.98 20.13 24.24 20.15 20.15 20.00 9.54 9.84 9.54 9.54 9.84 12.99 12.99 9.84 9.69 9.68 9.54 9.54 9.54 8.77 8.77 8.92 9.22 9.07 8.68 7.88 18.92 16.14 21.66 18.92 18.84
11.83 10.80 14.58 10.96 10.69 10.69 10.69 11.20 11.69 13.09 12.58 12.58 12.50 12.33 12.50 12.50 13.06 13.06 12.55 12.55 10.78 10.78 11.22 12.69 14.39 13.44 12.90 12.90 12.99 12.99 12.99 12.99 13.55 13.00 13.00 13.00 13.38 12.84 12.84 12.84 12.00 12.00 12.00 12.00 11.72 12.12 11.93 11.93 12.07 12.38 12.38 10.38 10.42 20.16 19.98 23.94 19.84 20.00 8.90 9.54 19.99 19.69 9.54 9.84 9.36 12.83 9.20 9.69 9.54 9.54 9.54 9.54 8.68 8.77 8.77 8.92 8.99 8.68 8.68 18.03 22.09 18.84 18.84 18.84
11.31 12.45 14.73 12.05 11.69 12.10 10.69 10.69 10.70 12.58 12.58 12.58 12.33 12.73 12.50 12.50 12.55 13.17 13.06 12.55 12.69 10.78 10.78 10.78 12.90 12.90 12.90 25.57 12.99 13.52 12.99 12.99 13.00 13.00 13.00 13.00 12.84 12.84 12.84 12.84 12.00 12.00 12.00 12.00 11.93 11.93 11.93 11.93 12.07 12.07 12.22 10.12 10.21 10.36 19.43 20.31 19.84 19.99 19.69 19.69 19.69 19.84 9.54 9.84 9.20 12.68 9.36 9.54 9.54 9.54 9.69 9.69 8.68 8.68 8.77 8.77 8.68 8.77 7.88 21.66 21.81 19.14 18.99 18.99
10.91 12.05 14.54 10.85 10.69 11.69 10.69 10.69 10.70 10.70 12.58 12.41 12.73 12.73 12.90 12.50 12.55 12.55 12.55 12.55 12.69 10.78 10.78 10.78 10.97 12.90 12.90 25.23 25.30 25.30 12.99 12.99 13.00 13.00 13.55 13.00 12.84 13.38 12.84 12.84 12.00 12.00 12.00 12.00 11.93 11.93 11.93 11.72 12.07 11.86 11.86 10.12 10.21 10.45 20.13 20.31 19.84 19.05 19.99 19.69 19.84 19.84 9.69 9.69 9.21 12.38 9.51 9.84 6.28 8.80 9.25 8.90 8.77 8.77 8.77 8.77 8.84 8.68 18.03 16.14 18.03 18.99 19.29 19.29
11.73 10.91 12.47 14.43 10.69 10.69 11.12 10.69 10.70 10.70 12.58 13.46 12.50 12.50 12.33 12.50 12.55 12.38 12.55 12.55 12.69 12.69 10.78 10.78 11.39 12.90 12.90 12.90 25.30 25.30 25.30 12.99 13.00 13.00 13.00 13.00 12.84 12.84 12.84 12.84 12.43 12.30 12.00 12.00 11.93 11.72 12.12 12.12 12.19 12.19 12.07 10.12 10.21 10.30 19.98 20.16 19.84 19.84 19.84 19.84 20.44 19.36 9.20 9.84 9.84 12.83 9.36 9.99 9.69 9.84 9.51 8.90 8.77 7.88 8.77 8.68 8.99 8.16 21.81 18.03 18.84 18.34 18.34 19.52
11.73 11.73 13.08 14.40 10.85 10.85 10.70 10.70 10.65 10.65 12.35 12.35 12.29 12.29 12.46 12.46 12.57 12.57 12.57 12.57 12.65 12.65 12.65 10.76 10.93 12.85 12.85 12.85 13.52 25.29 25.29 12.99 12.98 12.98 12.98 12.98 12.76 12.76 12.76 12.76 11.98 11.98 11.98 11.98 11.95 11.95 11.73 12.32 12.35 12.35 12.00 10.35 10.40 10.78 20.16 20.16 19.84 19.69 19.99 19.36 19.36 19.84 9.69 9.99 9.84 12.68 9.21 9.69 9.20 9.36 9.99 9.69 8.68 7.88 8.68 8.84 7.31 18.61 22.27 19.22 18.99 21.97 18.03 8.84
11.73 11.73 11.73 15.36 10.92 10.85 10.70 10.70 11.08 10.65 12.35 12.35 12.46 12.46 12.46 12.46 12.57 12.57 12.57 12.57 12.65 12.65 12.65 10.76 10.93 12.85 12.85 12.85 12.99 12.99 25.29 12.99 12.98 12.98 12.98 12.98 12.76 13.40 13.29 12.76 11.98 11.98 11.98 12.62 11.95 11.95 11.95 12.32 11.97 11.73 10.35 10.35 10.40 20.16 20.16 21.20 19.84 19.84 19.69 19.05 19.05 19.69 19.99 10.15 10.15 9.69 13.46 9.84 9.99 9.99 9.54 9.69 8.84 8.68 8.77 7.88 18.34 21.97 22.92 19.22 18.84 18.84 8.92 8.84
11.73 12.04 12.04 16.28 10.77 10.70 10.70 10.70 10.65 10.98 12.51 12.51 12.46 12.46 12.46 12.46 12.57 12.57 12.57 12.57 12.65 12.65 12.65 10.76 10.93 10.93 12.85 12.85 12.99 12.99 13.14 25.64 13.53 13.53 12.98 13.50 12.76 12.76 12.76 12.76 11.98 11.98 11.98 12.34 11.95 11.95 11.95 11.95 12.16 11.73 10.78 10.35 11.06 11.73 20.16 19.98 19.84 19.99 19.69 19.69 19.84 19.69 19.84 20.00 9.84 9.84 13.32 9.69 9.69 9.69 9.68 9.69 8.84 8.31 8.92 8.31 22.24 16.60 8.13 8.15 8.15 8.15 8.84 7.71
7.89 8.04 8.04 15.36 11.73 10.86 10.70 10.70 10.65 10.65 12.51 12.51 12.46 12.46 12.46 12.46 12.57 12.57 12.57 12.57 12.65 12.65 12.65 10.76 10.93 10.93 12.85 12.85 12.99 12.99 13.14 26.41 25.74 12.98 12.98 12.98 12.76 12.76 13.29 12.76 11.98 11.98 11.98 11.98 12.12 11.95 11.73 11.95 12.00 12.35 10.89 10.78 10.89 10.89 10.89 19.98 19.69 19.84 20.00 19.69 19.84 19.69 19.09 19.86 19.69 9.84 12.68 9.84 9.54 9.68 9.68 9.68 7.88 8.34 8.34 22.27 13.27 8.24 7.98 7.98 8.74 8.45 8.30 8.30
8.19 8.04 11.51 10.62 9.09 8.03 7.02 10.63 10.77 10.77 12.51 12.51 12.46 12.46 13.03 12.46 12.64 12.64 12.64 12.64 12.70 12.70 12.70 10.79 10.93 12.84 12.84 12.84 12.96 12.96 13.13 26.46 26.43 13.12 12.94 12.94 12.73 12.73 12.73 12.73 11.97 11.97 11.97 11.97 12.33 12.33 11.74 12.33 12.33 11.73 10.78 10.89 10.89 10.37 10.37 10.37 19.69 19.69 20.00 19.99 19.84 19.84 19.69 19.84 19.21 9.36 12.53 9.84 8.90 9.54 9.54 9.68 7.88 8.03 21.97 13.43 19.75 8.15 8.45 8.75 8.45 7.98 8.89 8.30
7.15 8.04 11.82 8.48 8.18 7.04 7.50 7.02 7.45 6.97 14.89 12.51 12.46 12.46 12.46 12.97 12.64 12.64 12.64 12.64 12.70 12.70 11.23 10.79 10.93 12.84 12.84 12.84 12.87 25.27 25.27 26.57 25.39 12.94 12.94 12.94 12.73 12.73 12.73 12.73 11.76 12.33 12.33 11.97 11.73 11.97 11.97 11.97 11.97 12.33 10.34 10.34 10.09 10.09 10.09 10.44 19.69 19.69 19.84 19.84 19.69 19.69 19.69 19.69 19.69 9.69 9.54 12.53 8.75 9.68 8.75 9.68 8.68 8.68 22.39 19.44 18.84 8.15 8.45 8.45 8.15 8.15 5.90 6.09
8.04 11.67 10.77 8.19 7.89 7.10 7.02 7.02 6.97 7.19 9.43 9.82 9.84 12.70 12.46 12.46 12.64 12.64 12.64 12.64 14.21 10.79 10.79 10.79 10.93 12.84 12.84 12.74 25.27 25.27 26.53 26.43 25.39 12.94 12.94 12.94 12.73 12.73 12.73 12.73 12.33 11.73 11.97 11.97 11.73 11.73 11.97 11.06 12.29 10.17 10.05 10.05 10.09 10.09 10.21 10.89 19.69 19.69 19.84 9.49 8.94 9.49 19.69 19.84 20.14 20.00 9.54 12.38 23.46 19.84 19.84 9.68 8.84 11.94 18.49 18.99 8.15 8.15 8.30 8.45 8.15 7.69 5.90 10.23
7.89 10.47 2.61 8.19 7.10 7.10 7.02 7.02 6.97 8.03 9.82 9.82 9.65 9.65 9.18 9.18 12.64 25.01 25.01 12.66 12.07 10.79 10.79 10.79 10.93 12.84 12.84 12.84 25.40 26.43 26.53 28.03 26.43 25.39 12.94 12.94 12.73 12.73 12.73 12.73 12.33 12.33 11.73 11.73 11.73 11.73 11.97 10.90 12.13 10.05 10.05 10.92 10.09 10.09 10.21 10.89 19.69 19.69 7.51 9.82 12.56 12.56 12.72 23.15 22.41 24.05 23.30 23.46 23.32 23.46 19.84 13.06 19.07 22.39 18.49 18.84 8.15 8.15 8.60 8.60 7.69 7.69 9.90 10.23
8.04 11.00 7.30 7.55 6.89 6.89 6.89 6.89 6.91 9.35 9.77 9.77 9.30 9.15 9.15 9.15 10.58 23.25 21.38 21.38 11.00 12.22 12.07 11.82 8.26 14.36 13.19 21.53 21.55 23.69 23.69 23.69 23.69 21.55 11.03 10.04 10.36 10.36 10.36 10.36 9.64 9.64 9.76 9.68 9.76 9.68 9.68 9.76 10.48 9.64 9.98 9.98 10.02 10.02 10.37 10.15 19.69 9.09 6.49 6.34 12.56 9.09 9.24 19.37 18.33 14.23 13.53 17.73 17.88 21.27 22.53 19.84 21.94 21.81 21.81 18.84 8.15 8.15 8.75 8.13 8.66 7.67 11.06 9.74
8.74 10.47 7.49 7.32 6.89 7.15 6.89 7.16 7.07 9.05 9.77 9.77 9.81 9.96 9.95 9.15 9.63 21.47 22.32 22.32 23.38 9.45 13.02 12.03 13.11 26.84 26.41 27.32 23.69 23.69 24.59 23.69 23.69 23.69 23.69 10.33 10.33 10.48 10.65 10.36 9.64 9.85 9.76 9.76 10.70 9.76 9.91 10.94 10.15 9.64 9.64 10.84 10.02 10.33 10.33 10.02 6.55 12.30 8.67 8.67 9.64 8.67 8.67 8.52 8.67 13.32 19.20 19.69 17.99 17.79 21.27 16.05 15.99 18.34 18.99 11.93 11.46 11.78 11.93 11.61 11.31 7.81 11.06 10.06
7.11 9.48 8.01 6.75 6.33 7.18 6.33 7.31 7.54 8.86 8.86 8.86 8.56 8.36 8.36 8.36 8.72 20.75 21.39 21.47 22.69 22.69 13.34 7.42 25.33 25.33 25.33 26.08 26.08 22.45 22.45 22.45 22.45 22.45 22.46 10.90 9.48 9.20 9.36 9.68 9.22 9.08 8.65 8.76 8.76 8.65 9.73 8.95 9.52 9.93 8.68 9.07 9.06 9.06 9.34 9.34 8.82 12.75 8.21 8.21 7.91 7.91 8.81 8.66 8.21 8.01 7.91 8.21 17.10 16.18 16.18 16.02 12.65 18.26 7.77 7.62 11.16 6.25 7.62 7.77 8.16 11.85 11.85 7.92
6.68 9.93 7.39 6.59 6.33 7.48 6.58 7.48 8.86 8.29 8.86 8.86 8.92 8.36 8.36 8.36 8.49 20.75 20.96 21.47 21.67 21.67 25.47 25.47 25.33 25.33 25.33 25.33 26.08 27.53 22.45 22.45 22.45 23.29 21.44 21.94 9.20 9.50 9.20 9.20 8.68 8.68 8.65 8.76 8.76 8.76 8.65 12.28 8.76 9.06 8.76 8.76 9.23 9.47 9.81 9.06 8.82 8.97 11.84 8.36 8.36 7.76 8.66 8.21 8.21 7.91 7.76 8.01 11.64 11.79 2.59 2.59 7.59 7.77 7.62 7.62 11.25 7.64 8.01 8.01 8.01 7.62 7.62 11.79
10.31 6.15 7.24 8.35 6.28 7.45 7.45 7.45 8.63 8.63 8.63 8.63 8.34 8.34 8.34 8.34 8.45 8.45 20.95 21.88 22.32 31.15 25.73 25.45 25.30 25.30 25.30 25.30 22.45 26.08 22.45 22.45 22.45 22.45 22.61 23.88 9.29 9.17 9.67 9.17 8.65 10.02 8.76 8.65 9.04 9.04 8.61 8.61 14.01 10.01 8.91 8.76 8.65 9.22 8.76 9.33 8.79 8.90 10.21 8.21 8.21 8.21 8.66 8.21 8.36 8.66 8.46 11.64 11.79 2.59 8.77 9.11 7.92 7.62 7.62 7.62 7.77 8.79 7.77 8.01 7.60 7.60 7.45 8.22
4.30 7.11 6.75 6.38 6.28 6.28 6.52 8.36 8.29 8.86 8.63 7.54 6.39 8.34 8.34 8.34 8.45 8.45 20.73 19.53 25.45 25.45 25.45 25.45 25.30 25.30 25.30 25.30 22.45 26.08 22.87 21.83 21.84 21.99 21.59 21.95 9.82 9.33 9.49 9.49 8.65 8.94 9.60 9.20 8.61 8.61 8.61 8.61 12.69 8.96 8.91 8.80 8.76 8.76 8.76 8.76 9.56 9.71 7.76 7.76 8.66 8.21 8.81 8.06 2.59 8.82 12.09 12.67 11.94 12.29 8.21 8.66 8.29 8.27 7.62 7.62 8.01 7.91 7.29 7.14 7.75 7.45 7.60 8.01
6.96 7.11 6.63 6.38 6.71 6.55 7.07 7.99 8.29 8.62 6.32 6.32 6.39 6.39 6.39 8.34 8.45 6.91 7.38 21.60 25.45 25.45 25.45 25.45 25.30 25.30 25.30 25.30 22.31 25.46 21.61 21.51 21.61 21.61 21.84 21.44 9.49 9.33 9.17 9.09 8.65 9.79 8.65 8.65 8.61 8.61 8.61 8.61 12.39 8.91 9.06 8.80 8.76 8.76 8.76 8.76 9.36 9.71 8.36 8.21 11.38 12.29 12.44 8.06 8.36 5.92 5.77 2.96 11.84 8.21 12.44 8.66 8.01 7.44 7.44 8.12 9.27 7.76 7.61 7.76 8.16 7.60 7.60 7.60
5.70 5.85 7.11 6.60 6.28 6.55 6.83 7.45 8.86 7.18 6.32 6.32 6.39 6.39 6.39 6.39 6.47 6.47 6.47 7.35 25.45 25.45 25.45 25.45 25.30 25.30 25.30 25.30 25.35 25.46 22.61 19.50 21.61 21.77 21.99 9.55 9.17 9.67 9.46 9.46 9.20 9.06 8.65 8.65 8.61 8.61 8.61 8.61 8.65 12.39 8.65 8.65 8.76 8.91 8.91 8.76 9.23 8.03 8.21 8.21 8.66 12.29 12.29 11.69 11.79 6.22 2.93 2.59 10.00 9.55 8.12 7.81 8.01 7.38 7.59 7.29 7.92 7.77 7.62 7.61 7.60 7.60 7.45 8.01
6.00 6.00 7.33 6.57 6.25 6.25 6.25 7.07 7.20 7.20 6.34 6.34 7.60 7.60 6.41 6.41 6.45 6.45 6.68 7.61 21.89 25.36 25.36 25.36 25.23 25.23 25.23 25.23 25.44 26.93 19.50 19.65 21.87 22.95 22.46 9.85 9.63 9.39 9.63 9.09 9.19 8.73 8.62 8.62 8.60 8.60 8.60 8.60 8.64 12.68 8.76 8.65 10.12 7.33 8.91 8.65 8.57 8.34 9.27 7.80 8.36 8.36 7.91 6.07 8.36 2.59 8.96 8.96 8.81 8.21 7.80 7.80 8.01 8.01 8.01 7.77 7.62 7.62 7.62 7.60 8.22 7.59 8.22 3.86
6.00 6.15 7.41 7.11 6.25 7.07 6.25 6.25 4.16 6.34 6.34 20.60 21.48 20.31 6.71 6.56 6.83 6.45 7.32 8.27 22.52 25.36 25.36 25.36 25.23 25.50 25.23 25.23 22.61 26.09 26.23 22.07 22.61 21.89 22.76 9.09 9.39 9.39 9.63 9.09 9.19 8.62 9.05 8.77 8.75 8.60 9.18 9.18 8.94 12.68 8.65 8.65 8.91 7.77 8.76 7.19 8.03 8.46 8.03 8.18 8.89 8.26 11.89 8.36 9.26 7.86 8.66 8.66 8.21 8.21 7.80 8.66 8.01 8.01 7.62 7.45 7.44 8.01 8.01 8.01 8.01 8.01 7.62 6.02
7.26 6.65 6.30 6.15 6.69 6.25 6.25 6.25 4.16 6.34 20.60 22.55 20.92 21.07 20.81 20.66 20.31 21.08 23.19 21.94 22.53 22.72 22.53 25.36 24.02 22.61 22.31 22.31 22.46 22.31 26.23 21.92 21.59 22.04 8.38 9.09 9.66 9.63 9.39 9.39 8.73 8.79 9.05 8.79 8.71 9.04 8.65 10.54 9.06 12.39 8.65 8.76 9.10 8.40 7.62 9.50 8.03 8.46 8.46 8.03 8.70 8.11 5.71 2.84 8.21 8.85 8.21 8.21 9.13 8.21 7.80 8.66 8.01 7.60 7.45 7.62 8.01 8.01 8.16 7.77 8.01 7.43 7.62 7.62
7.11 7.56 6.00 2.01 6.84 6.25 6.25 6.40 7.35 6.34 20.60 20.60 20.66 20.66 20.97 16.21 21.86 21.85 21.94 16.73 22.83 22.98 21.23 6.31 2.30 22.61 22.46 22.46 22.61 22.61 6.39 7.79 7.79 17.02 9.85 9.50 9.39 9.39 9.39 9.23 8.62 8.62 8.62 8.62 8.77 8.76 8.65 9.18 8.76 12.54 12.43 9.63 9.64 10.38 8.94 12.30 9.25 8.46 8.46 8.03 8.54 7.73 12.16 11.89 8.36 8.21 8.21 8.21 8.21 7.66 7.80 8.66 8.16 8.01 7.62 7.62 7.62 8.01 8.31 8.31 7.59 7.62 7.62 7.62
7.91 5.99 5.99 5.69 4.56 6.41 6.69 6.56 24.56 20.62 20.78 21.50 20.82 20.82 16.89 20.14 24.24 25.38 26.36 25.42 20.51 11.31 11.95 11.16 11.57 12.19 12.29 5.77 5.77 11.26 6.39 8.09 9.32 3.21 9.96 9.66 9.39 9.09 9.09 9.09 8.65 9.06 8.65 9.06 9.03 8.76 8.76 8.76 8.76 8.65 12.43 13.85 8.64 8.79 8.94 9.21 9.36 11.16 8.03 8.54 8.54 8.01 12.32 12.61 11.99 8.36 8.21 8.21 8.21 8.21 7.64 9.65 8.16 7.62 7.62 8.01 7.62 8.01 8.01 7.58 7.62 7.62 7.62 7.62
6.14 6.14 7.26 5.69 5.84 6.69 7.47 20.45 21.68 24.40 20.78 20.78 25.76 10.13 10.28 2.26 9.82 9.98 8.73 7.99 8.73 7.38 7.72 7.38 8.81 9.59 2.60 2.39 7.51 5.77 6.38 6.53 12.05 3.21 9.61 9.44 9.63 9.24 9.09 9.09 8.65 9.06 9.06 8.76 8.65 8.76 8.76 8.25 8.65 8.76 8.65 10.68 12.68 12.99 10.68 8.76 9.36 12.99 11.16 8.03 8.54 8.54 12.17 8.63 12.29 8.36 8.06 8.81 7.76 8.21 8.66 7.80 7.59 7.62 8.16 8.01 8.01 8.01 8.01 7.62 7.62 8.01 7.62 7.62
6.14 6.14 7.26 7.42 6.96 6.96 5.76 20.11 21.83 21.23 24.99 10.42 10.13 2.37 6.80 6.20 1.80 6.08 8.34 7.91 8.42 7.53 7.72 8.27 7.63 7.48 2.76 7.97 7.51 7.79 3.52 8.39 3.16 12.05 2.60 7.48 8.53 7.51 7.51 11.75 8.65 9.06 8.65 8.65 8.89 8.76 9.66 8.76 9.06 9.06 9.21 8.90 8.75 8.64 12.71 12.71 12.46 13.14 12.99 11.65 11.16 12.32 12.07 8.63 8.78 11.69 8.36 8.06 8.21 8.66 8.21 7.80 7.77 7.77 8.31 8.01 7.58 7.58 7.58 7.74 8.26 8.32 8.17 8.26
9.92 9.62 5.99 7.11 7.26 7.67 5.84 5.84 20.16 20.45 10.73 6.65 7.15 2.41 6.65 7.52 6.24 7.57 7.45 7.45 7.58 9.74 8.42 8.27 8.35 9.19 8.65 7.33 7.82 2.91 2.86 8.57 8.24 8.12 11.11 8.36 8.35 8.20 8.20 8.20 6.88 8.65 9.06 8.65 8.71 9.07 9.41 8.55 9.06 9.21 8.91 9.34 8.64 8.64 8.79 8.79 9.88 9.82 9.67 9.52 9.53 11.51 12.26 8.63 7.68 12.11 8.36 8.36 8.36 8.21 8.21 8.66 8.31 8.47 8.16 8.01 8.01 8.01 7.74 8.11 8.26 7.73 8.17 11.80
2.20 2.05 10.43 9.77 10.27 5.84 1.59 9.97 10.63 9.20 7.59 7.52 6.50 7.29 8.22 7.21 8.30 8.48 7.27 9.81 7.56 7.38 9.06 8.12 8.20 8.20 8.35 8.50 8.50 8.51 7.97 7.48 8.20 11.98 5.92 9.76 8.36 8.35 9.74 8.05 7.24 7.24 8.72 8.87 8.58 8.74 5.57 5.42 8.76 8.72 8.54 8.54 8.79 8.79 8.89 9.85 8.65 9.52 10.12 9.98 8.94 5.83 8.19 8.01 7.88 8.70 8.48 8.66 8.81 8.36 8.21 7.78 7.62 8.31 8.01 8.26 8.26 8.47 8.11 8.92 8.26 8.26 10.95 11.21
5.84 6.71 6.14 6.14 9.77 9.62 9.92 5.85 5.85 7.14 7.14 7.52 1.96 6.20 7.37 7.21 4.16 8.25 9.51 7.42 8.63 7.44 8.27 8.12 8.20 8.20 8.20 8.20 8.75 8.36 8.36 8.20 8.36 11.83 8.50 9.92 8.55 8.20 8.20 8.05 7.76 7.24 6.93 8.72 8.58 11.31 10.22 10.22 9.01 8.54 8.54 8.54 8.63 8.63 8.63 8.63 8.37 9.92 9.22 9.38 8.65 11.51 8.63 7.73 7.73 7.73 8.46 8.54 5.77 5.88 8.21 8.66 7.90 8.17 8.17 8.26 11.51 8.41 8.26 7.32 11.10 11.21 7.58 7.23
6.37 6.53 6.68 7.14 5.42 9.35 6.27 10.64 5.73 5.58 9.81 9.19 5.57 5.72 6.84 7.84 6.54 7.01 6.69 6.69 7.56 7.02 8.41 8.47 8.32 8.32 8.32 8.32 8.32 8.56 8.71 7.86 7.86 11.89 8.26 9.08 8.32 7.95 8.26 8.32 8.13 8.13 8.05 8.05 7.92 7.98 7.92 7.92 7.88 7.88 8.41 7.93 7.96 8.02 9.66 9.66 7.86 7.79 9.48 2.34 10.97 8.02 8.13 7.34 7.49 8.13 7.98 7.62 6.23 5.99 8.04 8.04 7.32 7.98 7.49 7.49 11.11 11.29 11.40 10.64 7.10 7.10 6.78 6.78
5.74 5.42 9.05 10.67 9.20 6.83 6.49 5.87 6.17 5.89 5.72 5.57 9.04 9.19 6.54 6.69 8.47 7.91 7.91 6.81 7.56 6.71 7.02 8.47 8.32 8.32 8.26 8.26 8.32 8.32 8.26 8.56 7.70 11.33 7.70 8.41 8.41 2.10 8.26 8.32 8.13 8.13 8.42 8.12 8.44 9.65 7.92 7.92 7.88 7.88 7.93 7.93 7.96 7.96 7.96 9.66 8.27 7.86 9.63 2.62 5.56 7.98 8.02 8.13 9.02 8.13 7.98 6.50 6.38 5.52 8.19 8.19 7.67 7.63 7.48 11.27 7.20 10.46 10.86 7.55 7.25 6.78 6.78 6.78
5.57 9.05 8.90 6.83 6.53 6.53 6.68 5.57 7.26 9.50 6.96 6.66 5.57 2.28 9.19 8.89 8.47 7.00 7.66 7.30 6.68 6.68 7.53 8.47 8.32 8.32 8.26 8.26 8.26 8.26 8.26 8.26 8.26 11.60 8.41 8.32 8.26 8.26 8.26 8.26 8.09 8.09 7.33 8.04 7.91 8.35 7.91 7.91 7.88 7.88 7.88 7.88 7.99 7.99 7.99 7.99 7.83 8.26 7.92 2.19 11.61 7.98 7.98 7.98 8.02 7.98 7.98 6.56 6.37 6.22 5.51 6.13 7.63 7.78 10.41 6.83 6.68 7.08 11.10 10.63 7.08 6.78 6.78 6.78
9.22 9.22 5.57 5.87 5.42 5.42 6.68 5.42 6.50 10.47 6.66 6.50 6.50 6.84 5.57 5.26 11.32 10.78 7.82 6.95 6.80 7.67 7.40 8.41 8.26 8.26 8.26 8.26 8.26 8.26 8.26 8.41 11.03 7.98 8.56 8.26 8.26 9.08 9.08 8.26 8.09 8.09 8.09 7.56 7.91 7.91 7.91 7.91 7.88 7.88 7.88 7.88 7.99 7.99 8.39 7.99 7.83 8.26 9.33 8.14 11.05 7.98 7.98 8.13 8.13 7.98 7.98 6.52 6.22 6.22 6.22 6.49 7.78 7.24 10.46 6.68 6.78 6.87 7.15 10.93 7.00 7.08 6.93 6.78
1.87 9.20 5.72 6.02 6.87 5.27 6.41 6.53 6.66 5.58 10.13 6.54 6.50 6.66 6.69 6.69 2.87 2.87 11.77 7.54 7.97 7.97 8.93 8.63 8.41 7.71 7.71 8.26 8.26 8.26 8.56 7.71 12.04 8.41 8.41 8.32 8.32 8.26 8.94 8.26 8.09 8.09 7.33 4.75 7.78 7.91 7.91 7.91 7.88 7.88 7.88 7.88 7.99 7.99 7.99 7.99 7.77 7.77 9.33 9.33 5.91 8.17 8.28 2.85 7.73 7.98 7.42 7.62 6.22 6.56 6.56 6.56 6.52 6.03 10.31 6.68 7.93 6.85 6.85 10.78 10.71 2.18 2.03 6.78
2.67 9.97 5.72 6.02 6.85 6.41 6.37 6.37 6.81 5.41 11.31 6.69 6.69 6.54 6.54 6.54 8.71 9.01 3.47 6.21 11.75 7.82 2.38 8.30 8.41 8.01 7.71 8.26 8.26 9.11 8.47 8.41 12.04 8.41 8.56 8.41 8.32 8.32 8.47 9.01 8.09 8.09 8.13 4.75 4.75 7.78 7.78 5.98 9.55 7.88 7.88 7.88 8.39 7.99 7.99 7.99 7.77 7.77 7.77 7.77 11.25 8.17 8.13 8.13 7.98 8.02 8.02 6.34 6.34 6.56 6.56 8.02 7.49 6.22 9.50 6.83 7.40 6.87 7.02 7.15 10.63 10.32 6.69 6.78
