New_Model_Runs/12_Future_RCP4.5_Scn2_out/post_prcessed_with_MFR/Monthly_summaries/net_infiltration_monthly_MAR.asc
NCOLS 700
NROWS 400
XLLCENTER 515000.000000
YLLCENTER 8409000.000000
CELLSIZE 50.000000
NODATA_value -999.000000
[rows 228 to 265 of 400, columns 84 to 167 of 700]
8.17 8.58 8.17 8.17 8.18 8.18 8.18 8.18 8.58 8.17 8.17 8.17 8.67 8.67 8.67 8.67 8.56 8.56 8.56 8.56 8.54 8.54 8.54 8.54 8.61 8.61 8.61 8.61 9.17 9.22 9.05 9.05 9.10 9.10 9.10 9.10 8.96 8.96 8.96 8.96 8.99 8.99 8.99 8.99 9.22 9.22 9.22 9.22 9.17 9.17 9.17 9.17 9.21 9.79 9.21 9.21 9.19 9.19 9.19 9.19 9.69 9.69 10.78 10.78 10.75 10.75 10.75 11.01 10.72 10.72 10.72 10.72 9.68 9.68 9.68 9.68 10.07 10.07 10.07 11.24 11.22 11.22 11.22 10.87
8.17 8.17 8.17 8.17 8.18 8.18 8.18 8.18 8.17 8.17 8.58 8.17 8.67 8.67 8.67 8.67 8.56 8.56 8.56 8.56 8.54 8.54 8.54 8.99 8.61 8.61 8.61 8.61 9.17 9.05 9.05 9.05 9.10 9.10 9.10 9.10 9.85 8.96 8.96 8.96 8.99 8.99 8.99 8.99 9.22 9.22 9.22 9.22 9.17 9.17 9.17 9.17 9.21 9.21 9.21 9.21 9.19 9.19 9.19 9.19 9.69 9.69 10.78 10.78 10.75 9.66 9.66 10.75 10.72 10.72 10.72 10.34 9.68 9.68 9.68 9.68 10.07 10.07 10.07 10.07 10.05 11.22 11.22 11.22
8.17 8.17 8.17 8.17 8.18 8.18 8.18 8.18 8.17 8.17 8.17 8.17 8.67 9.12 8.67 9.11 8.56 9.00 8.56 8.56 8.54 8.98 8.54 8.54 8.61 8.61 8.61 8.61 9.58 9.05 9.05 9.05 9.10 9.10 9.10 9.10 8.96 8.96 8.96 8.96 8.99 9.48 9.48 8.99 9.22 9.22 9.22 9.22 9.86 9.17 9.17 9.17 9.21 9.21 9.21 9.21 9.19 9.19 9.19 9.19 9.69 9.69 9.69 9.69 9.93 9.66 10.75 10.75 9.63 9.63 10.72 10.34 9.68 9.68 9.68 9.68 10.07 10.07 10.48 10.07 10.05 10.05 10.05 10.05
8.17 8.17 8.17 8.17 8.18 8.18 8.18 8.18 8.17 8.17 8.17 8.17 8.67 8.67 8.67 8.67 8.56 8.56 8.56 9.00 8.98 8.54 8.54 8.54 8.61 8.61 8.61 8.61 9.05 9.05 9.05 9.05 9.10 9.10 9.10 9.10 8.96 8.96 8.96 8.96 8.99 8.99 9.35 8.99 9.22 9.22 9.22 9.22 9.17 9.86 9.17 9.17 9.21 9.21 9.21 9.21 9.19 9.19 9.19 9.19 9.69 9.69 9.69 9.69 9.66 9.66 10.75 9.66 9.63 9.63 10.72 9.63 9.68 9.68 9.68 9.68 10.07 10.07 10.07 10.07 10.05 10.05 10.05 10.05
8.07 8.07 8.47 8.47 8.06 8.06 8.06 8.06 8.05 8.05 8.05 8.05 8.52 8.45 8.52 8.95 8.47 8.47 8.47 8.47 8.53 8.53 8.53 8.53 8.62 8.62 8.62 8.62 9.06 9.06 9.06 9.06 9.14 9.14 9.14 9.14 9.14 9.14 9.14 9.14 9.10 9.10 9.10 9.10 9.22 9.22 9.22 9.22 9.16 9.16 9.16 9.16 9.22 9.22 9.22 9.22 9.30 9.30 9.30 9.30 9.76 9.76 9.76 9.76 9.69 9.69 9.69 9.69 9.66 9.66 9.66 9.66 9.73 9.73 9.73 9.73 10.14 10.14 10.39 10.14 10.15 10.15 10.15 10.15
8.07 8.07 8.07 8.07 8.06 8.06 8.06 8.06 8.05 8.82 8.05 8.05 8.52 8.52 8.52 8.52 8.47 8.47 8.47 8.47 8.53 8.53 8.53 8.53 8.62 8.62 8.62 8.62 9.06 9.06 9.06 9.06 9.14 9.14 9.14 9.14 9.14 9.14 9.14 9.73 9.10 9.10 9.10 9.10 9.22 9.22 9.22 9.22 9.16 9.16 9.16 9.16 9.22 9.22 9.22 9.22 9.30 9.30 9.30 9.30 9.76 9.76 10.65 9.76 9.69 9.69 9.69 9.69 9.93 9.66 9.66 9.66 9.73 9.73 9.73 9.73 10.14 10.14 10.14 10.14 10.15 10.15 10.15 10.15
8.47 8.07 8.07 8.07 8.06 8.06 8.06 8.06 8.05 8.05 8.05 8.05 8.52 8.52 8.52 8.52 8.47 8.47 8.47 8.47 8.53 8.53 8.53 8.53 8.62 8.62 8.62 8.62 9.06 9.06 9.06 9.06 9.14 9.14 9.14 9.14 10.15 9.32 9.81 9.14 9.10 9.27 9.10 9.10 9.22 9.22 9.22 9.22 9.16 9.16 9.16 9.16 9.22 9.22 9.22 9.22 9.30 9.30 9.30 9.30 9.76 9.76 9.76 10.64 9.69 9.69 9.69 9.69 9.66 9.66 9.66 9.66 9.73 9.73 9.73 9.73 10.14 10.14 10.14 10.57 10.58 10.15 10.15 10.15
8.46 8.07 8.07 8.07 8.06 8.06 8.45 8.06 8.05 8.05 8.05 8.05 8.52 8.52 8.52 8.52 8.47 8.47 8.47 8.47 8.53 8.53 8.53 8.53 8.62 8.62 8.62 8.62 9.06 9.06 9.06 9.06 9.14 9.14 9.14 9.74 9.14 9.14 9.14 9.14 9.10 9.10 9.10 9.10 9.22 9.22 9.22 9.22 9.16 9.16 9.16 9.16 9.22 9.22 9.22 9.22 9.30 9.30 9.30 9.30 9.76 9.76 9.76 9.76 9.69 9.69 9.69 9.69 9.66 9.66 9.66 9.66 9.73 9.73 9.73 9.73 10.14 10.14 10.14 10.14 10.58 10.15 10.15 10.15
7.96 7.96 7.96 8.35 7.96 7.96 7.96 7.96 7.95 7.95 7.95 7.95 8.46 8.46 8.46 8.46 8.56 8.56 8.56 8.56 8.69 8.69 8.69 8.69 8.74 8.74 8.74 8.74 8.98 8.98 8.98 8.98 8.99 8.99 8.99 9.35 9.12 9.12 9.12 9.12 9.10 9.10 9.10 9.10 9.23 9.23 9.23 9.23 9.29 9.29 9.29 9.29 9.35 9.35 9.35 9.35 9.40 9.40 9.40 9.40 9.84 9.84 9.84 10.10 9.73 9.99 9.73 9.73 9.69 9.69 9.69 9.69 9.77 9.77 9.77 9.77 10.18 10.18 10.18 10.18 10.21 10.64 10.21 10.21
7.96 7.96 7.96 7.96 7.96 7.96 7.96 7.96 7.95 7.95 8.34 7.95 8.46 8.46 8.46 8.46 8.56 8.56 8.56 8.56 8.69 8.69 8.69 8.69 8.74 8.74 8.74 8.74 8.98 8.98 8.98 8.98 8.99 8.99 8.99 8.99 9.12 9.12 9.12 9.12 9.10 9.10 9.10 9.10 9.23 9.23 9.23 9.23 9.29 9.29 9.29 9.29 9.35 9.35 9.35 9.35 9.40 9.40 9.40 9.40 9.84 9.84 9.84 9.84 9.73 9.73 9.73 9.73 9.69 9.69 9.69 9.69 9.77 9.77 9.77 9.77 10.18 10.18 10.18 10.18 10.21 10.47 10.21 10.21
7.96 7.96 8.35 7.96 7.96 7.96 7.96 7.96 7.95 7.95 7.95 7.95 8.46 8.46 8.46 8.46 8.56 8.56 8.56 8.56 8.69 8.69 8.69 8.69 8.74 8.74 8.74 8.74 8.98 8.98 8.98 8.98 8.99 8.99 8.99 8.99 9.12 9.12 9.12 9.12 9.10 9.10 9.10 9.10 9.23 9.23 9.23 9.23 9.29 9.29 9.29 9.29 9.35 9.35 9.35 9.35 9.40 9.40 9.40 9.40 9.84 9.84 9.84 9.84 9.73 9.73 9.73 10.83 9.69 9.69 9.69 9.69 9.77 9.77 9.77 9.77 10.18 10.18 10.18 10.18 10.21 10.47 10.21 10.21
7.96 7.96 7.96 7.96 7.96 7.96 7.96 7.96 8.70 7.95 7.95 7.95 8.46 8.46 8.46 8.46 8.56 8.56 8.56 8.56 8.69 8.69 8.69 8.69 8.74 8.74 8.74 8.74 8.98 8.98 8.98 8.98 8.99 9.99 8.99 9.35 9.12 9.12 9.12 9.12 9.10 9.10 9.10 9.10 9.23 9.23 9.23 9.23 9.29 9.29 9.29 9.29 9.35 9.35 9.35 9.35 9.40 9.40 9.40 9.40 9.84 9.84 10.74 9.84 9.73 10.80 10.07 9.73 9.69 9.69 9.69 9.69 9.77 9.77 9.77 9.77 10.18 10.18 10.18 10.18 10.21 10.21 10.47 10.21
7.92 7.92 7.92 7.92 7.96 7.96 7.96 7.96 7.99 7.99 7.99 7.99 8.56 8.56 8.56 8.56 8.72 8.72 8.72 8.72 8.82 8.82 8.82 8.82 8.87 8.87 8.87 8.87 9.06 9.06 9.06 9.06 8.98 8.98 8.98 8.98 9.13 9.13 9.13 9.13 9.14 9.14 9.14 9.14 9.28 9.28 9.28 9.28 9.38 9.38 9.38 9.38 9.44 9.44 9.44 9.44 9.46 9.46 9.46 9.46 9.83 9.83 9.83 10.09 9.96 9.69 9.69 9.69 9.68 10.02 10.02 9.68 9.77 9.77 9.77 9.77 10.19 10.19 10.19 10.19 10.25 10.25 10.25 10.25
7.50 7.41 7.92 7.92 7.96 7.96 7.96 7.96 8.38 7.99 7.99 7.99 8.56 8.56 8.49 8.56 8.72 8.72 8.72 8.72 8.82 8.82 8.82 8.82 8.87 8.87 8.87 8.87 9.06 9.06 9.06 9.06 9.99 9.47 8.98 8.98 9.13 9.13 9.13 9.13 9.14 9.14 9.14 9.14 9.28 9.28 9.28 9.28 9.38 9.38 9.38 9.38 9.44 9.44 9.44 9.44 9.46 9.46 9.46 9.46 9.83 9.83 9.83 9.83 9.69 9.69 9.69 9.69 9.68 9.68 9.68 9.68 9.77 9.77 9.77 9.77 10.19 10.19 10.19 10.19 10.25 10.25 10.25 10.25
6.94 6.94 6.94 6.94 6.94 6.94 8.06 8.06 8.09 8.48 8.09 8.09 8.47 8.47 8.47 8.47 8.63 8.63 8.63 8.63 8.73 8.73 8.73 8.73 8.78 8.78 8.78 8.71 8.83 8.83 8.83 8.83 8.75 9.11 8.75 8.75 8.70 8.70 8.70 8.70 8.71 8.71 9.11 8.71 8.98 8.98 8.98 8.98 9.08 9.08 9.08 9.08 9.09 9.09 9.09 9.09 9.11 9.11 9.11 9.69 9.45 9.45 9.45 9.45 9.31 10.07 9.31 9.31 9.30 9.30 9.30 9.30 9.38 9.38 9.38 9.38 10.09 10.09 10.09 10.09 10.15 10.15 10.15 10.15
6.94 6.94 6.94 6.94 6.94 6.94 6.94 6.94 6.96 8.09 8.09 8.09 8.47 8.47 8.47 8.47 8.63 8.63 8.63 8.63 8.73 8.73 8.73 8.73 8.78 8.78 8.78 8.78 8.83 8.83 8.83 8.83 8.75 8.75 8.75 8.75 8.70 8.70 8.70 8.70 9.07 9.07 8.71 8.71 8.98 8.98 8.98 8.98 9.08 9.08 9.08 9.08 9.09 9.09 9.09 9.09 9.11 9.11 9.11 9.22 9.45 9.45 9.45 9.45 9.31 9.31 9.31 9.31 9.30 9.30 9.30 9.30 9.38 9.38 9.38 9.38 10.09 10.35 10.09 10.09 10.15 10.15 10.15 10.15
6.92 6.92 6.92 6.92 6.97 6.97 6.97 6.97 6.98 7.44 6.98 6.98 8.53 8.53 8.53 8.53 8.69 8.69 8.69 8.69 8.81 8.81 8.81 8.81 8.86 8.86 8.86 8.86 8.84 8.84 8.84 8.84 8.71 8.71 8.71 8.71 8.71 8.71 8.71 8.71 8.72 8.72 8.72 8.72 8.97 8.97 8.97 8.97 9.09 9.09 9.09 9.09 9.06 9.06 9.06 9.06 9.09 9.09 9.09 9.09 9.37 9.37 9.37 9.37 9.27 9.27 9.27 9.27 9.28 9.28 9.28 9.28 9.33 9.33 9.33 9.33 10.06 10.06 10.06 10.33 10.18 10.18 10.18 10.18
6.92 6.92 6.92 6.92 6.97 6.97 6.97 6.97 6.98 6.98 6.98 6.98 6.61 6.61 6.61 8.53 8.69 8.69 8.69 8.69 8.81 8.81 8.81 8.81 8.86 8.86 8.86 8.97 8.69 8.84 8.84 8.84 8.71 8.71 8.71 8.71 8.71 8.71 8.71 8.71 8.72 8.72 8.72 8.72 8.97 8.97 8.97 8.97 10.10 9.09 9.09 9.09 9.06 9.06 9.21 9.76 9.09 9.09 9.09 9.09 9.37 9.37 9.37 10.08 9.27 9.27 9.27 9.27 9.28 9.28 9.28 9.28 9.33 9.33 9.33 9.33 10.06 10.32 10.06 10.06 11.05 10.18 10.18 10.18
6.92 6.92 6.92 6.92 6.97 6.97 6.97 6.97 6.98 6.98 6.98 6.98 6.61 6.61 6.61 6.61 6.73 6.73 6.73 8.69 8.81 8.81 8.81 8.81 8.86 8.86 8.86 8.97 9.17 8.82 8.84 8.69 8.71 8.71 8.71 8.71 8.71 8.71 8.71 8.71 8.72 8.72 8.72 8.72 8.97 8.97 8.97 8.97 9.58 9.09 9.09 9.09 9.06 9.06 9.06 9.06 9.09 9.09 9.09 9.09 9.37 9.37 9.37 10.08 9.27 9.27 9.27 9.27 9.28 9.28 9.28 9.28 9.33 9.33 9.33 9.33 10.06 10.06 10.06 10.06 10.18 10.18 10.18 10.18
6.92 6.92 6.92 6.92 6.82 6.97 6.97 6.97 7.37 6.83 6.98 6.98 6.61 6.61 6.61 6.61 6.73 6.73 6.73 6.73 6.81 6.81 8.81 8.81 8.86 9.22 9.24 9.00 7.22 7.22 8.82 8.84 8.71 8.71 8.71 8.71 8.71 8.71 8.71 8.71 10.03 8.72 8.72 9.08 8.97 8.97 8.97 8.97 9.09 9.09 9.09 9.60 9.06 9.06 9.06 9.76 9.09 9.09 9.09 9.09 9.54 9.37 9.37 9.37 9.27 9.27 9.27 9.27 9.28 9.28 9.28 9.28 10.06 9.33 9.33 9.33 10.06 10.06 10.06 10.06 10.18 10.18 10.18 10.18
6.93 6.93 6.93 6.93 6.98 6.98 6.98 6.98 6.99 6.99 6.99 6.99 6.62 6.62 6.62 6.62 6.75 6.75 6.75 6.75 6.85 6.85 6.85 6.85 7.58 8.86 8.97 7.43 7.22 8.80 8.97 8.80 8.68 8.68 8.68 8.68 8.71 8.71 9.36 9.36 10.04 8.74 8.74 8.74 8.93 8.93 8.93 8.93 9.05 9.05 9.05 9.55 9.11 9.11 9.11 10.23 9.08 9.08 9.08 9.08 9.32 9.32 9.32 9.32 9.28 9.28 9.28 10.00 9.27 9.27 9.27 9.27 10.44 9.28 9.28 9.28 10.04 10.04 10.04 10.04 10.16 10.16 10.16 10.43
6.93 6.93 6.93 6.93 6.98 6.98 6.98 6.98 6.99 7.38 6.99 6.99 6.62 6.62 6.62 6.62 6.75 7.68 6.75 6.75 6.85 6.85 6.85 6.85 6.85 6.85 7.45 7.64 8.80 9.37 8.80 8.80 8.68 8.68 8.68 8.68 8.71 8.71 9.36 9.36 9.39 9.39 9.10 8.74 8.93 8.93 8.93 8.93 9.05 9.05 9.05 9.05 9.11 9.11 9.16 9.16 9.08 9.59 9.08 9.72 9.32 9.32 9.32 9.32 9.28 9.28 9.28 9.28 9.27 9.27 9.27 9.27 9.28 9.28 9.28 9.28 10.04 10.04 10.04 10.04 10.16 10.16 10.16 10.16
6.93 6.93 6.93 6.93 6.98 6.98 6.98 6.98 6.99 6.99 6.99 6.99 6.62 6.62 6.62 6.62 6.75 6.75 6.75 6.75 6.85 6.92 6.85 10.57 6.92 6.85 7.45 6.85 7.36 7.59 6.79 6.79 8.68 8.68 8.68 8.68 8.71 8.71 8.71 9.36 9.39 9.39 9.39 8.74 8.93 8.93 8.93 8.93 9.05 9.05 9.05 9.05 9.11 9.70 9.16 9.16 9.08 9.08 9.08 9.08 9.32 9.32 9.48 9.32 9.28 9.28 9.28 9.28 9.27 9.27 9.27 9.27 9.28 9.28 9.28 9.28 10.04 10.04 10.04 10.04 10.16 10.16 10.16 10.43
6.93 6.93 6.93 6.93 6.98 6.98 6.98 6.98 6.99 6.99 6.84 6.99 6.62 6.62 6.62 6.62 6.75 7.68 6.75 6.75 6.92 6.92 8.43 7.96 7.01 6.85 6.85 6.85 6.79 6.79 6.99 8.55 6.70 6.70 6.70 8.68 8.71 8.71 8.71 9.36 9.39 9.52 9.39 9.39 9.95 8.93 8.93 8.93 9.05 9.05 9.05 9.05 9.11 9.11 9.11 9.87 9.08 9.08 9.08 9.08 9.32 9.32 9.48 9.32 9.28 9.73 9.73 9.28 9.27 9.27 9.27 9.27 9.28 9.28 9.43 9.28 10.04 10.04 10.04 10.04 10.16 10.16 10.16 10.43
6.95 6.95 6.95 6.95 6.99 6.99 6.99 6.99 6.99 6.99 7.63 6.99 6.63 6.63 6.63 6.63 6.74 6.74 6.74 6.74 6.91 8.12 8.27 7.96 8.42 7.14 6.99 6.84 6.99 6.79 6.99 7.36 7.27 6.72 6.72 6.72 8.21 8.21 9.36 9.36 9.40 9.53 9.53 8.74 8.90 8.90 8.90 8.90 8.97 8.97 8.97 8.97 9.13 9.13 9.10 9.61 9.04 9.04 9.04 9.09 9.48 9.32 10.05 9.32 9.31 9.53 9.53 9.31 9.25 9.39 9.97 9.25 9.23 9.23 9.23 9.23 10.04 10.04 10.04 10.04 10.16 10.16 10.16 10.16
6.95 6.95 6.95 6.95 6.99 6.99 6.99 6.99 6.99 6.99 6.99 7.38 6.63 6.63 6.63 6.63 6.74 6.74 6.74 6.74 6.91 8.87 7.78 8.87 8.72 3.79 3.64 3.34 9.14 6.79 6.99 6.79 6.72 6.72 6.72 6.72 6.72 6.72 6.72 8.21 8.24 8.24 9.40 8.74 8.90 8.90 8.90 8.90 8.97 8.97 8.97 8.97 9.10 9.13 9.13 9.74 9.04 9.04 9.04 9.04 9.48 9.76 9.48 9.48 9.47 9.47 9.47 9.47 9.25 9.39 9.25 9.25 9.23 9.23 9.23 9.23 10.04 10.04 10.04 10.04 10.16 10.16 10.16 11.40
6.95 6.95 6.67 6.67 6.99 7.15 6.99 6.84 6.99 6.99 6.99 6.99 6.63 6.90 6.90 6.90 6.96 6.83 6.83 6.74 7.21 3.38 3.23 7.93 6.45 10.80 11.11 10.96 6.35 9.14 7.10 6.79 6.72 6.72 6.72 6.72 6.72 6.96 6.96 6.72 8.24 8.24 8.80 8.24 8.57 8.90 8.90 8.90 8.97 8.97 8.97 8.97 9.10 9.13 7.84 9.74 9.04 9.04 9.04 9.26 9.76 9.76 9.76 9.76 9.47 9.31 9.31 9.31 9.39 9.39 9.25 9.25 9.23 9.23 9.23 9.23 10.04 10.04 10.04 10.04 10.16 10.16 10.16 10.16
7.17 6.67 6.67 6.92 6.99 6.84 6.99 6.99 6.99 6.99 6.99 6.99 7.18 6.63 6.63 6.90 7.30 6.96 6.74 6.83 7.52 3.12 6.14 10.50 0.00 0.00 0.00 0.00 0.00 10.46 3.21 7.10 6.72 6.72 6.72 6.72 6.72 7.10 7.55 6.72 6.75 8.24 8.24 8.20 8.57 7.02 7.02 7.02 8.97 8.97 8.97 8.97 9.10 9.16 7.84 7.82 9.04 9.04 9.04 9.09 9.76 9.76 10.27 9.76 9.31 9.31 9.31 9.31 9.39 9.39 9.25 9.25 9.23 9.23 9.23 9.23 10.04 10.04 10.04 10.04 10.16 10.16 10.16 10.16
7.36 6.68 6.68 6.68 6.83 6.98 6.98 6.98 6.98 6.98 6.98 6.98 6.64 6.92 6.64 6.64 6.83 6.74 6.83 6.83 13.19 6.14 0.00 0.00 0.00 0.00 0.00 0.00 0.00 0.00 12.19 7.81 6.74 6.74 7.29 6.74 6.71 6.95 6.95 6.71 6.73 8.21 9.10 8.21 8.56 8.56 7.00 7.00 7.02 7.02 7.02 8.91 9.03 11.00 9.11 7.82 9.10 9.09 9.04 9.04 9.51 9.77 9.51 9.34 9.31 9.46 10.48 9.31 9.22 9.22 9.93 10.26 9.93 9.21 9.21 9.21 10.03 10.03 10.03 10.03 10.19 10.19 10.19 10.19
6.68 6.68 6.68 6.68 6.98 6.98 6.98 6.68 6.98 6.98 6.98 6.98 6.64 6.64 6.64 6.64 6.74 6.74 6.74 10.36 0.15 0.00 0.00 0.00 0.00 0.00 0.00 0.00 0.00 0.00 0.00 12.34 8.68 6.74 6.74 6.74 6.71 6.71 6.95 6.71 6.73 8.21 8.21 8.50 8.86 8.56 7.62 7.00 7.02 7.02 7.02 7.02 7.11 7.11 7.11 9.10 9.10 9.10 9.04 9.04 9.77 9.77 9.51 9.34 9.46 9.55 9.46 9.75 9.35 9.22 9.22 9.22 9.21 9.21 9.21 9.21 10.03 10.03 10.03 10.03 10.19 10.19 10.19 9.78
7.25 7.25 7.25 7.25 7.25 7.31 7.31 7.31 8.13 7.31 7.31 7.31 7.18 7.18 7.18 7.18 7.28 7.28 11.11 0.00 0.00 0.00 0.00 0.00 0.00 0.00 0.00 0.00 0.00 0.00 0.00 3.93 8.08 9.44 7.46 7.31 7.32 7.70 7.70 7.70 7.30 7.30 8.48 8.76 8.14 7.86 6.50 6.50 6.51 6.51 6.51 6.51 6.53 6.53 6.53 6.73 6.73 8.50 8.46 8.79 8.53 8.81 8.53 8.53 8.78 8.78 8.49 8.78 8.69 8.69 8.69 8.69 8.68 8.68 8.68 8.68 9.08 9.08 9.08 9.08 9.22 9.22 9.27 8.34
7.25 7.25 7.25 7.25 7.25 7.31 7.31 7.31 7.31 7.31 7.31 7.65 7.66 8.28 8.42 10.42 8.38 11.55 0.00 0.00 0.00 0.00 0.00 0.00 0.00 0.00 0.00 0.00 0.00 0.00 0.00 0.00 6.47 3.30 10.17 7.46 7.70 7.70 7.39 7.70 7.30 7.30 8.48 8.61 7.86 7.86 6.50 6.50 6.51 6.51 6.51 6.51 6.53 6.53 6.53 6.73 7.27 6.73 6.73 6.54 6.79 8.81 8.81 8.53 9.57 8.78 8.94 8.78 8.69 8.69 8.69 8.69 8.68 8.68 8.68 8.76 9.08 9.08 9.08 9.08 9.22 9.22 9.22 9.38
7.24 7.80 7.24 7.24 7.24 7.31 7.62 7.31 7.29 7.29 7.29 7.29 8.29 8.29 8.34 8.94 11.98 0.00 0.00 0.00 0.00 0.00 0.00 0.00 0.00 0.00 0.00 0.00 0.00 0.00 0.00 0.00 6.26 8.23 9.59 7.44 7.66 7.66 7.66 6.90 7.68 7.68 7.68 8.72 7.85 7.85 8.99 7.85 6.49 6.49 6.49 6.49 6.56 6.56 6.56 6.71 6.72 7.31 6.61 6.52 7.33 7.33 7.59 7.94 8.73 8.73 8.73 8.73 8.68 8.68 8.68 8.68 8.69 8.69 8.39 8.69 9.08 9.08 9.08 9.08 9.17 9.17 9.24 9.24
7.31 7.24 7.24 7.24 7.31 7.31 7.31 7.31 7.29 7.29 7.29 7.29 8.29 8.29 8.49 12.00 11.37 0.00 0.00 0.00 0.00 0.00 0.00 0.00 0.00 0.00 0.00 0.00 0.00 0.00 0.00 0.00 6.26 8.08 8.72 8.62 7.66 7.66 7.66 8.09 7.68 7.68 8.12 8.72 8.13 7.19 8.13 7.85 6.49 6.49 6.49 6.49 6.56 6.56 6.56 6.56 2.03 7.35 6.52 6.83 7.33 7.44 9.34 7.33 7.56 7.28 6.73 6.73 8.68 8.68 8.68 8.68 8.69 8.69 8.69 8.39 9.31 9.08 9.08 9.08 9.17 9.88 9.88 9.31
7.31 7.31 7.31 7.31 7.31 7.31 7.84 7.31 7.29 7.29 7.73 7.29 8.29 8.58 12.12 11.07 0.00 0.00 0.00 0.00 0.00 0.00 0.00 0.00 0.00 0.00 0.00 0.00 0.00 0.00 0.00 0.00 11.40 7.92 9.16 8.63 8.69 7.66 7.66 6.90 7.68 7.68 6.91 8.72 7.85 7.48 8.13 7.85 6.49 6.49 6.49 7.21 7.25 6.56 6.56 6.86 5.87 7.29 6.52 6.52 6.77 7.44 7.59 7.59 7.56 7.28 7.28 7.28 6.69 6.69 6.69 8.68 8.69 8.69 8.69 8.39 9.08 9.08 9.08 9.08 9.82 9.17 9.17 9.31
7.31 7.31 7.31 7.24 7.39 7.24 7.31 7.31 7.24 7.29 7.63 7.29 8.78 7.77 11.22 0.00 0.00 0.00 0.00 0.00 0.00 0.00 0.00 0.00 0.00 0.00 0.00 0.00 0.00 0.00 0.00 0.00 3.78 11.15 8.70 9.03 7.66 6.90 7.37 7.66 8.12 6.91 7.82 8.40 8.16 7.48 8.49 7.85 6.49 6.49 6.49 7.21 7.25 7.03 7.11 2.02 8.76 6.67 7.10 6.52 6.77 7.59 7.59 7.59 7.56 7.28 8.33 7.28 7.54 6.69 6.69 6.69 6.71 6.71 8.69 8.69 9.08 9.08 9.08 9.08 9.17 9.17 9.17 9.31
7.28 7.28 7.28 7.72 7.75 7.38 7.30 7.30 7.29 7.23 7.23 8.14 8.07 11.55 0.00 0.00 0.00 0.00 0.00 0.00 0.00 0.00 0.00 0.00 0.00 0.00 0.00 0.00 0.00 0.00 0.00 0.00 0.00 8.43 11.31 7.68 7.33 7.08 7.65 7.65 7.66 6.90 7.82 8.55 6.47 7.97 6.48 6.48 6.48 6.48 6.48 6.59 7.24 6.55 7.39 3.11 7.08 8.38 6.55 6.55 6.73 7.28 7.56 8.49 7.56 6.97 7.27 6.73 6.72 6.72 6.72 6.72 6.71 6.71 6.71 6.71 7.14 7.14 9.08 9.08 9.09 9.09 9.09 9.17
10.91 10.91 10.91 7.58 9.21 9.21 7.45 7.30 7.29 7.29 7.23 7.90 11.37 0.00 0.00 0.00 0.00 0.00 0.00 0.00 0.00 0.00 0.00 0.00 0.00 0.00 0.00 0.00 0.00 0.00 0.00 0.00 0.00 7.68 11.90 8.81 7.33 7.65 7.65 7.65 7.66 7.66 10.99 9.13 8.14 7.83 6.63 6.48 6.48 6.48 6.48 6.59 6.76 6.70 7.45 3.41 3.23 8.98 7.03 6.55 6.73 6.73 7.41 7.41 6.97 6.97 6.73 6.73 6.72 6.72 6.72 7.26 6.71 6.71 6.71 6.71 7.14 7.14 7.14 7.14 7.23 9.09 9.09 9.09
