New_Model_Runs/12_Future_RCP4.5_Scn2_out/post_prcessed_with_MFR/Monthly_summaries/net_infiltration_monthly_JUN.asc
NCOLS 700
NROWS 400
XLLCENTER 515000.000000
YLLCENTER 8409000.000000
CELLSIZE 50.000000
NODATA_value -999.000000
[rows 152 to 189 of 400, columns 252 to 335 of 700]
0.00 0.00 0.00 0.00 0.00 0.00 0.00 0.00 0.00 0.00 0.00 0.00 0.00 0.00 0.00 0.00 0.00 0.00 0.00 0.00 0.00 0.00 0.00 0.00 0.00 0.00 0.00 0.00 0.00 0.00 0.00 0.00 0.00 0.00 0.00 0.00 0.00 0.00 0.00 0.00 0.00 0.00 0.00 0.00 0.00 0.00 0.00 6.63 6.57 7.32 6.57 6.57 6.49 6.49 6.49 6.49 7.22 6.45 6.45 6.45 6.47 6.47 6.47 6.47 6.57 6.57 6.57 6.57 6.95 6.95 6.95 6.95 7.01 7.01 7.36 7.37 12.58 12.59 8.93 7.69 8.67 7.54 7.69 8.49
0.00 0.00 0.00 0.00 0.00 0.00 0.00 0.00 0.00 0.00 0.00 0.00 0.00 0.00 0.00 0.00 0.00 0.00 0.00 0.00 0.00 0.00 0.00 0.00 0.00 0.00 0.00 0.00 0.00 0.00 0.00 0.00 0.00 0.00 0.00 0.00 0.00 0.00 0.00 0.00 0.00 0.00 0.00 0.00 0.00 0.00 6.63 6.63 6.57 6.57 6.57 6.57 6.49 6.49 6.49 6.49 6.45 6.45 6.45 6.45 6.47 6.47 6.47 6.47 6.57 6.57 6.57 6.57 6.95 6.95 8.68 6.95 7.07 7.21 7.83 7.83 12.87 9.37 8.79 7.54 11.05 11.98 7.37 7.37
0.00 0.00 0.00 0.00 0.00 0.00 0.00 0.00 0.00 0.00 0.00 0.00 0.00 0.00 0.00 0.00 0.00 0.00 0.00 0.00 0.00 0.00 0.00 0.00 0.00 0.00 0.00 0.00 0.00 0.00 0.00 0.00 0.00 0.00 0.00 0.00 0.00 0.00 0.00 0.00 0.00 0.00 0.00 0.00 0.00 7.39 6.63 6.63 6.57 6.57 6.57 6.57 6.49 6.49 6.49 6.49 6.45 6.45 6.45 6.45 6.47 6.47 6.47 6.47 6.57 6.57 6.57 6.57 6.95 8.68 8.77 8.73 8.84 7.83 7.98 8.13 6.36 11.64 12.12 11.84 7.21 2.53 7.85 8.25
0.00 0.00 0.00 0.00 0.00 0.00 0.00 0.00 0.00 0.00 0.00 0.00 0.00 0.00 0.00 0.00 0.00 0.00 0.00 0.00 0.00 0.00 0.00 0.00 0.00 0.00 0.00 0.00 0.00 0.00 0.00 0.00 0.00 0.00 0.00 0.00 0.00 0.00 0.00 0.00 0.00 0.00 0.00 0.00 0.00 6.63 6.63 6.63 6.57 6.57 6.57 6.57 6.49 6.49 6.49 6.49 6.45 6.45 6.45 6.45 6.47 6.47 6.47 6.47 6.57 6.57 6.57 6.57 6.95 8.68 8.68 8.68 8.84 9.14 7.83 2.56 11.64 9.23 8.00 7.04 7.16 7.16 7.07 8.15
0.00 0.00 0.00 0.00 0.00 0.00 0.00 0.00 0.00 0.00 0.00 0.00 0.00 0.00 0.00 0.00 0.00 0.00 0.00 0.00 0.00 0.00 0.00 0.00 0.00 0.00 0.00 0.00 0.00 0.00 0.00 0.00 0.00 0.00 0.00 0.00 0.00 0.00 0.00 0.00 0.00 0.00 0.00 0.00 5.18 6.62 6.62 6.62 6.61 6.61 6.61 6.61 6.57 6.57 6.57 6.57 6.55 6.55 6.55 6.55 6.55 6.55 6.55 6.55 6.57 6.57 7.36 6.57 7.70 8.67 8.67 8.67 8.77 8.77 9.06 5.95 9.20 7.15 7.15 7.03 6.99 7.05 7.05 8.04
0.00 0.00 0.00 0.00 0.00 0.00 0.00 0.00 0.00 0.00 0.00 0.00 0.00 0.00 0.00 0.00 0.00 0.00 0.00 0.00 0.00 0.00 0.00 0.00 0.00 0.00 0.00 0.00 0.00 0.00 0.00 0.00 0.00 0.00 0.00 0.00 0.00 0.00 0.00 0.00 0.00 0.00 0.00 0.00 6.74 6.62 6.62 6.62 6.61 6.61 6.61 6.61 6.57 6.57 6.57 6.57 6.55 6.55 6.55 6.55 6.55 6.55 6.55 7.34 6.57 6.57 6.57 6.57 6.94 6.94 8.67 8.79 8.77 8.92 9.06 11.20 9.28 8.76 7.06 7.01 7.05 7.05 6.99 8.04
0.00 0.00 0.00 0.00 0.00 0.00 0.00 0.00 0.00 0.00 0.00 0.00 0.00 0.00 0.00 0.00 0.00 0.00 0.00 0.00 0.00 0.00 0.00 0.00 0.00 0.00 0.00 4.55 0.00 0.00 0.00 0.00 0.00 0.00 0.00 0.00 0.00 0.00 0.00 0.00 0.00 0.00 0.00 0.00 6.62 6.62 6.62 6.62 6.61 6.61 6.61 6.61 6.57 6.57 6.57 6.57 6.55 6.55 6.55 6.55 6.55 6.55 6.55 6.55 6.57 6.57 6.57 6.57 6.94 6.94 8.67 8.79 8.80 9.06 12.58 7.69 9.06 8.76 7.01 7.01 6.99 6.99 6.99 6.99
0.00 0.00 0.00 0.00 0.00 0.00 0.00 0.00 0.00 0.00 0.00 0.00 0.00 0.00 0.00 0.00 0.00 0.00 0.00 0.00 0.00 0.00 0.00 0.00 0.00 0.00 7.03 6.26 0.00 0.00 0.00 0.00 0.00 0.00 0.00 0.00 0.00 0.00 0.00 0.00 0.00 0.00 0.00 0.00 0.00 0.00 6.62 6.62 6.61 6.61 6.61 6.61 6.57 6.57 6.57 6.57 6.55 6.55 6.55 6.55 6.55 8.04 6.55 6.55 6.57 6.57 6.57 6.57 6.94 6.94 8.67 8.72 8.47 11.35 11.05 7.84 7.84 9.22 8.84 7.01 6.99 6.99 6.99 6.99
0.00 0.00 0.00 0.00 0.00 0.00 0.00 0.00 0.00 0.00 0.00 0.00 0.00 0.00 0.00 0.00 0.00 0.00 0.00 0.00 0.00 0.00 0.00 0.00 0.00 6.28 6.28 6.28 6.26 0.00 0.00 0.00 0.00 0.00 0.00 0.00 0.00 0.00 0.00 0.00 0.00 0.00 0.00 0.00 0.00 0.00 0.00 0.00 6.70 6.70 6.70 7.67 6.67 6.67 6.67 6.67 6.65 6.65 6.65 6.65 6.61 6.61 6.61 6.61 6.57 6.57 6.57 6.57 6.92 6.92 8.77 8.77 11.05 11.20 5.77 2.26 8.47 9.12 8.90 7.15 6.96 6.96 6.96 6.96
0.00 0.00 0.00 0.00 0.00 0.00 0.00 0.00 0.00 0.00 0.00 0.00 0.00 0.00 0.00 0.00 0.00 0.00 0.00 0.00 0.00 0.00 0.00 0.00 0.00 6.28 6.28 6.28 6.26 6.26 6.26 0.00 0.00 0.00 0.00 0.00 0.00 0.00 0.00 0.00 0.00 0.00 0.00 0.00 0.00 0.00 0.00 0.00 0.00 0.00 8.75 8.09 7.47 6.67 6.67 6.67 6.65 6.65 6.65 6.65 6.61 6.61 6.61 6.61 8.17 6.57 6.57 6.57 6.92 8.69 8.33 7.54 8.47 5.65 11.05 12.43 8.89 8.33 8.93 8.75 6.96 6.96 6.96 6.96
0.00 0.00 0.00 0.00 0.00 0.00 0.00 0.00 0.00 0.00 0.00 0.00 0.00 0.00 0.00 0.00 0.00 0.00 0.00 0.00 0.00 0.00 0.00 0.00 0.00 6.59 7.38 6.59 6.57 6.57 6.57 0.00 0.00 0.00 0.00 0.00 0.00 0.00 0.00 0.00 0.00 0.00 0.00 0.00 0.00 0.00 0.00 0.00 0.00 0.00 12.78 7.24 7.18 7.18 7.18 7.18 7.16 7.16 7.16 7.16 8.97 7.11 7.11 8.97 8.91 7.08 8.15 7.08 11.06 9.61 9.18 9.18 9.18 9.18 9.71 13.28 8.29 9.33 9.86 9.68 7.55 7.55 7.55 7.55
0.00 0.00 0.00 0.00 0.00 0.00 0.00 0.00 0.00 0.00 0.00 0.00 0.00 0.00 0.00 0.00 0.00 0.00 0.00 0.00 0.00 0.00 0.00 0.00 6.59 6.59 6.59 6.59 6.57 7.34 7.46 7.46 6.58 0.00 6.58 6.58 0.00 0.00 0.00 0.00 0.00 0.00 0.00 0.00 0.00 0.00 0.00 0.00 0.00 0.00 6.39 7.39 7.32 7.32 8.29 7.18 7.16 7.16 7.16 9.04 8.97 10.71 8.97 8.97 7.08 8.42 7.93 7.08 11.02 7.55 9.18 9.18 9.33 9.33 9.77 13.19 8.29 8.44 9.97 10.36 7.55 8.47 7.55 7.55
0.00 0.00 0.00 0.00 0.00 0.00 0.00 0.00 0.00 0.00 0.00 0.00 0.00 0.00 0.00 0.00 0.00 0.00 0.00 0.00 0.00 0.00 0.00 6.64 7.32 6.54 6.54 6.54 6.51 6.51 6.51 7.63 7.47 7.47 6.58 6.58 7.04 7.49 0.00 0.00 0.00 0.00 0.00 0.00 0.00 0.00 0.00 0.00 0.00 0.00 0.00 11.63 9.59 3.39 9.48 9.24 9.26 9.15 9.15 9.15 9.06 9.06 9.06 7.18 7.09 7.09 7.23 7.09 7.47 10.98 11.90 11.90 9.33 12.09 11.36 14.49 9.81 9.66 9.90 9.66 7.64 7.56 7.56 7.56
0.00 0.00 0.00 0.00 0.00 0.00 0.00 0.00 0.00 0.00 0.00 0.00 0.00 0.00 0.00 0.00 0.00 0.00 0.00 0.00 6.64 6.64 6.64 6.64 6.54 6.54 6.54 6.54 6.51 7.29 6.51 7.29 4.73 7.54 4.73 6.58 7.04 7.04 7.04 0.00 0.00 0.00 0.00 0.00 0.00 0.00 0.00 0.00 0.00 0.00 0.00 6.16 3.18 8.31 8.45 9.45 9.30 9.30 9.26 9.15 9.06 9.06 9.06 7.18 7.09 7.09 7.09 7.09 7.47 7.47 10.98 7.59 11.90 12.03 8.27 10.72 8.09 7.58 7.58 7.58 8.50 7.56 8.82 7.56
0.00 0.00 0.00 0.00 0.00 0.00 0.00 0.00 0.00 0.00 0.00 0.00 0.00 0.00 0.00 0.00 3.49 6.28 0.00 0.00 6.64 6.64 6.64 6.64 7.32 7.32 6.54 6.54 7.29 6.51 6.51 7.29 6.58 6.73 6.58 6.58 7.04 8.27 8.27 7.95 8.29 0.00 0.00 0.00 0.00 0.00 0.00 0.00 0.00 0.00 0.00 6.46 6.83 11.82 12.11 12.11 8.74 8.60 9.15 9.15 9.06 8.42 9.00 7.18 7.09 7.09 7.94 7.09 7.47 8.37 7.47 7.47 7.63 8.39 8.53 9.91 8.51 7.58 7.58 7.58 7.56 7.56 7.56 7.56
0.00 0.00 0.00 0.00 0.00 0.00 0.00 0.00 0.00 0.00 0.00 0.00 0.00 0.00 0.00 0.00 6.28 6.28 6.28 6.28 6.64 7.42 7.02 7.55 7.42 6.54 6.54 6.54 6.51 6.51 6.51 6.51 6.58 6.58 6.58 6.58 7.04 8.11 8.11 8.27 8.16 0.00 0.00 0.00 0.00 0.00 0.00 0.00 0.00 0.00 0.00 6.84 3.62 3.63 11.82 11.52 8.62 7.91 7.30 7.24 8.29 8.29 8.29 8.29 7.09 7.09 7.94 7.09 7.47 7.47 7.47 7.47 7.63 8.39 8.39 7.55 7.58 7.58 7.58 8.85 8.82 7.56 8.48 7.56
0.00 0.00 0.00 0.00 0.00 0.00 0.00 0.00 0.00 0.00 0.00 0.00 0.00 3.49 6.28 3.49 6.26 6.26 6.26 6.26 6.58 6.58 6.58 6.58 6.47 6.47 6.47 6.47 7.27 6.51 6.51 6.51 6.63 6.63 6.63 6.63 7.10 7.10 8.35 8.35 8.41 0.00 0.00 0.00 0.00 0.00 0.00 0.00 0.00 0.00 7.35 7.57 7.35 7.29 11.96 9.18 8.77 7.91 7.26 7.26 7.22 7.22 7.22 7.22 7.11 7.11 7.11 7.11 7.42 7.42 7.42 7.42 8.49 7.60 7.60 7.48 7.54 7.54 7.54 7.54 8.81 8.81 7.55 7.55
0.00 0.00 0.00 0.00 0.00 0.00 0.00 0.00 0.00 0.00 0.00 0.00 3.49 6.28 6.28 6.28 6.26 6.26 6.26 6.26 6.58 6.58 6.58 6.58 8.45 7.61 6.47 6.47 6.51 6.51 6.51 6.51 6.63 6.63 6.63 7.54 8.43 9.02 9.31 9.19 0.29 0.00 0.00 0.00 0.00 0.00 0.00 0.00 0.00 6.25 7.16 7.30 11.26 11.67 12.12 8.01 8.77 7.99 7.43 7.41 7.44 8.45 7.22 7.22 7.11 7.11 7.11 7.11 7.42 7.42 7.42 7.42 7.48 7.48 7.60 7.48 7.54 7.54 7.54 8.80 7.55 8.47 7.55 8.46
0.00 0.00 0.00 0.00 0.00 0.00 0.00 0.00 0.00 0.00 0.00 0.00 6.28 6.28 7.07 6.28 6.26 6.26 6.26 7.04 7.47 6.58 6.58 6.58 7.24 6.47 7.24 6.47 6.51 6.51 6.51 6.51 6.63 7.54 7.54 7.54 8.43 9.15 9.48 3.47 11.78 0.00 0.00 0.00 0.00 0.00 0.00 0.00 6.40 7.16 7.16 7.16 7.31 7.91 12.11 11.52 12.99 8.48 8.74 9.03 7.44 7.22 7.22 7.22 7.11 7.11 7.11 7.11 7.42 7.42 7.42 7.42 7.48 7.48 7.48 7.48 7.54 7.54 7.54 7.54 7.55 7.55 7.55 7.55
0.00 0.00 0.00 0.00 0.00 0.00 0.00 0.00 0.00 0.00 0.00 3.49 6.28 6.28 7.07 6.28 6.26 6.26 7.08 6.26 6.58 6.58 6.58 6.58 6.47 6.47 6.47 6.47 6.51 6.51 6.51 6.51 7.54 7.54 7.88 7.54 9.02 9.44 8.01 2.77 8.12 11.34 0.00 0.00 0.00 0.00 0.00 6.15 9.27 7.16 7.16 7.16 7.25 7.31 10.84 8.16 8.16 7.87 8.60 2.84 10.29 7.29 7.22 8.07 7.11 7.11 7.11 8.88 8.84 7.42 7.42 7.42 7.48 7.48 7.48 9.69 7.54 7.54 7.54 7.54 7.55 7.55 7.55 7.55
0.00 0.00 0.00 0.00 0.00 0.00 0.00 0.00 0.00 0.00 6.31 6.31 7.01 6.27 7.05 6.27 6.20 7.01 6.20 6.20 6.48 6.48 6.48 6.48 6.47 6.47 6.47 6.47 6.62 6.62 6.62 6.62 6.72 7.67 6.72 6.72 7.16 9.35 8.50 8.43 9.58 2.36 5.87 5.72 0.00 3.66 6.30 2.80 9.57 7.16 7.16 7.16 7.23 7.23 9.24 8.24 8.89 8.60 9.92 9.54 7.59 7.45 8.11 7.23 7.15 7.15 7.15 8.08 7.40 8.29 7.40 7.40 8.29 7.40 8.29 8.32 7.48 7.48 7.48 7.48 7.47 7.47 7.47 7.47
0.00 0.00 0.00 0.00 0.00 0.00 0.00 0.00 0.00 0.00 6.76 6.20 6.27 6.27 7.01 6.27 6.20 6.20 6.20 6.20 6.48 6.48 6.48 6.48 6.47 6.47 6.47 6.47 6.62 6.62 6.62 6.62 6.72 6.72 6.72 6.72 7.16 8.98 9.20 8.35 11.86 6.44 3.67 6.90 3.09 3.50 3.08 9.51 9.25 8.98 8.28 7.16 7.23 7.23 7.23 7.26 9.25 9.25 9.31 9.31 9.14 7.30 7.23 7.23 7.15 8.01 7.15 7.15 7.40 7.40 7.40 7.40 7.40 7.40 7.40 7.40 7.48 7.48 7.48 7.48 7.47 7.47 7.47 7.47
0.00 0.00 0.00 0.00 0.00 0.00 0.00 0.00 0.00 0.00 0.00 6.20 6.15 6.27 6.27 6.27 6.20 6.20 6.20 6.20 6.48 6.48 6.48 6.48 6.47 6.47 6.47 6.47 6.62 6.62 6.62 6.62 6.72 6.72 6.72 6.72 7.16 8.28 8.98 9.29 6.15 8.85 7.03 7.04 3.67 9.48 8.75 8.60 9.01 9.14 7.96 7.18 7.23 7.23 7.23 7.23 7.30 7.30 9.25 9.16 9.14 8.37 7.23 7.23 7.15 7.15 7.15 7.15 7.40 7.40 7.40 7.40 7.40 7.40 7.40 7.40 7.48 7.48 7.48 7.48 7.47 7.47 7.47 7.47
0.00 0.00 0.00 0.00 0.00 0.00 0.00 0.00 0.00 0.00 0.00 6.20 6.15 6.15 6.15 6.27 6.20 6.20 6.20 6.20 6.48 6.48 6.48 6.48 6.47 6.47 6.47 6.47 6.62 6.62 6.62 6.62 6.72 6.72 6.72 6.72 7.16 7.16 9.11 12.52 8.10 8.26 8.41 7.63 8.25 8.10 9.33 9.07 8.98 9.05 8.60 7.21 7.23 7.23 7.23 7.23 7.24 7.30 9.25 9.25 9.14 9.75 7.23 7.23 7.15 7.15 7.15 8.08 7.40 7.40 7.40 7.40 7.40 7.40 7.40 7.40 7.48 7.48 7.48 7.48 7.47 7.47 7.47 7.47
0.00 0.00 0.00 0.00 0.00 0.00 0.00 0.00 0.00 0.00 0.00 0.00 6.15 6.15 6.15 6.15 6.15 6.15 6.15 6.15 7.23 6.46 6.46 6.46 6.57 6.57 8.15 8.15 8.37 8.37 6.72 6.72 6.78 6.78 8.68 8.45 9.02 9.02 9.02 10.71 7.96 7.83 7.97 7.49 8.05 7.96 7.96 9.07 8.98 9.05 9.05 8.98 7.21 7.21 7.21 7.21 7.18 7.18 9.07 9.07 9.20 9.08 9.08 7.19 7.12 7.12 7.12 7.12 7.35 7.35 7.35 7.35 7.35 7.35 7.35 7.35 7.44 7.44 7.44 7.44 7.44 7.44 7.44 7.44
0.00 0.00 0.00 0.00 0.00 0.00 0.00 0.00 0.00 0.00 0.00 6.19 6.15 6.15 6.15 6.15 6.04 6.95 6.15 6.15 7.34 6.46 6.46 6.46 6.57 8.15 8.15 8.15 8.37 8.37 6.72 6.72 6.78 8.49 8.68 8.45 7.51 9.31 9.48 12.55 9.78 8.49 7.97 7.49 8.05 7.96 7.20 7.18 7.16 7.16 8.98 7.16 7.21 7.21 7.21 7.21 7.18 7.18 7.18 7.18 7.19 7.19 7.19 7.19 7.12 7.12 7.12 7.12 7.35 7.35 7.35 7.35 7.35 7.35 7.35 7.35 7.44 7.44 7.44 8.37 7.44 7.44 7.44 7.44
0.00 0.00 0.00 0.00 6.84 0.00 0.00 0.00 0.00 0.00 6.83 6.83 6.78 6.78 6.78 6.78 6.66 6.66 6.66 6.76 6.84 6.84 6.84 6.84 6.95 8.70 8.70 8.70 8.93 9.52 8.93 9.04 9.01 9.01 9.13 9.22 9.51 9.49 9.81 13.52 9.09 8.94 8.94 8.94 11.08 7.41 7.39 7.39 7.37 7.37 7.37 7.37 7.51 7.51 8.41 7.51 7.48 7.48 7.48 7.48 7.49 7.49 7.49 7.49 8.31 7.42 7.42 7.42 8.51 7.61 7.61 7.61 7.61 8.15 7.61 7.61 7.70 9.02 7.70 7.70 7.70 7.70 7.70 7.70
0.00 0.00 0.00 6.47 6.84 6.84 0.00 0.00 0.00 7.75 7.75 6.83 6.78 6.78 6.78 6.78 6.66 6.66 6.66 6.66 6.84 6.84 6.84 6.84 6.95 8.70 8.70 8.70 8.93 8.93 8.93 9.52 9.01 9.01 9.13 7.16 7.40 9.51 9.72 13.01 8.94 8.94 8.94 8.94 8.94 8.94 7.39 7.39 7.37 7.37 7.37 7.37 7.51 7.51 8.39 7.51 7.48 7.48 7.48 8.34 7.49 7.49 7.49 7.49 7.42 7.42 7.42 7.42 7.61 7.61 7.61 7.61 7.61 8.15 7.61 7.61 7.70 7.70 7.70 7.70 7.70 7.70 7.70 7.70
6.47 6.47 6.47 7.27 6.84 6.84 7.47 7.47 6.85 7.78 7.89 6.85 6.81 6.81 6.81 6.81 6.71 7.32 6.71 6.71 6.81 6.81 6.90 6.90 6.99 8.75 8.75 8.75 8.94 9.52 8.94 8.94 9.04 9.04 7.18 7.18 7.42 9.39 9.53 13.07 9.09 10.18 8.94 8.94 8.94 8.94 7.40 8.27 7.35 8.23 8.23 7.35 7.46 7.46 7.46 7.46 7.35 7.35 7.35 7.35 7.31 7.31 7.31 7.31 8.14 7.27 7.27 8.20 8.47 7.57 8.15 7.57 7.63 7.63 7.63 7.63 7.66 7.66 7.66 7.66 7.69 8.61 7.69 7.69
6.47 6.47 6.47 7.14 6.84 6.84 6.84 6.84 6.85 9.00 6.85 7.78 6.81 6.81 6.81 6.81 6.71 6.71 6.71 6.71 6.81 6.81 6.81 6.90 6.99 6.99 8.75 8.75 8.94 8.94 8.94 8.94 7.18 7.18 7.18 7.18 9.41 8.94 8.94 9.72 12.60 9.09 11.10 8.94 9.43 8.94 7.40 7.40 7.35 7.35 7.35 7.35 7.46 7.46 8.35 8.83 8.23 7.35 7.35 7.35 7.31 7.31 7.31 7.31 7.27 7.27 7.27 7.27 7.57 7.57 7.57 7.57 7.63 8.15 7.63 7.63 7.66 7.66 7.66 7.66 7.69 7.69 7.69 8.15
6.47 6.47 7.07 6.47 6.84 6.84 6.84 6.84 6.85 6.85 8.31 7.78 6.81 6.81 6.81 6.81 6.71 6.71 6.71 6.71 6.81 6.81 6.81 6.81 6.90 6.99 8.75 8.75 7.11 7.11 7.11 7.11 7.18 7.18 7.18 9.04 9.39 9.41 9.39 8.94 11.65 8.65 7.43 7.45 8.94 8.94 7.44 8.61 7.35 7.35 7.35 7.35 7.46 7.46 7.46 7.46 7.35 7.35 7.35 7.35 7.31 7.31 7.31 7.31 7.27 7.27 7.27 8.14 7.57 7.57 7.57 7.57 7.63 8.93 7.63 7.63 7.66 7.66 7.66 7.66 7.69 7.69 8.15 9.18
6.47 6.47 6.47 6.47 6.84 6.84 6.84 6.84 6.85 6.85 6.85 6.85 6.81 7.73 6.81 6.81 6.71 6.71 6.71 6.71 6.81 6.81 6.81 6.81 6.90 6.90 6.99 6.99 7.11 7.11 7.11 7.11 7.18 7.18 7.18 9.04 7.42 7.42 10.27 8.14 9.46 7.42 7.42 7.45 8.25 8.94 9.40 8.61 7.35 7.35 7.35 7.35 8.30 7.46 7.46 7.46 7.35 7.35 7.35 7.35 7.31 7.31 7.31 7.31 7.27 7.27 7.27 7.27 7.57 7.57 7.57 7.57 7.63 8.93 8.93 7.63 7.66 8.97 8.15 7.66 7.69 7.69 8.15 8.15
6.45 6.45 7.05 6.45 6.81 6.81 6.81 6.81 6.82 6.82 6.82 7.75 6.81 8.94 7.73 6.81 6.75 6.75 6.75 6.75 6.86 6.86 6.86 6.86 6.86 6.86 6.86 6.86 7.09 7.09 7.09 7.09 7.18 7.18 9.03 10.19 8.29 7.41 8.73 9.24 9.46 8.31 7.42 7.45 8.25 8.96 9.36 9.34 9.79 9.18 7.29 7.29 7.30 7.30 7.30 7.30 7.21 7.21 7.21 7.21 7.23 7.23 7.23 7.23 7.26 7.26 7.26 7.26 7.66 7.66 7.66 7.66 7.70 7.70 7.70 9.03 10.61 7.67 7.67 7.67 8.15 8.15 8.15 8.15
6.45 6.45 6.45 6.45 6.81 7.44 6.81 6.81 6.82 6.82 6.82 7.75 7.73 6.81 6.81 7.42 6.75 6.75 6.75 6.75 6.86 6.86 6.86 6.86 6.86 6.86 6.86 6.86 7.00 7.09 7.09 7.09 7.18 9.03 9.03 7.18 7.41 7.41 7.41 8.14 9.41 9.37 7.42 7.45 8.25 7.44 7.44 9.34 9.18 7.29 7.29 7.29 7.30 7.30 7.30 7.30 7.21 7.21 7.21 7.21 7.23 7.23 7.23 7.23 7.26 7.26 7.26 7.26 7.66 7.66 7.66 7.66 7.70 7.70 7.70 7.70 7.67 10.62 7.67 7.67 8.15 8.15 8.15 8.15
6.45 6.45 6.45 6.45 6.81 6.81 6.81 6.81 6.82 6.82 6.82 6.82 6.81 6.81 6.81 6.81 6.75 6.75 6.75 6.75 6.86 6.86 6.86 7.49 6.86 6.86 6.86 6.86 7.00 7.00 7.09 7.09 8.00 9.03 9.03 9.33 8.29 7.41 9.36 10.03 10.04 9.39 8.31 7.45 7.40 8.28 7.40 7.40 7.29 7.29 7.29 7.29 7.30 7.30 7.30 8.99 7.21 7.21 7.21 7.21 7.23 7.23 7.23 7.23 7.26 7.26 7.26 7.26 7.66 7.66 7.66 7.66 7.70 7.70 7.70 7.70 7.67 7.67 7.67 7.67 8.15 8.15 8.15 8.15
6.45 6.45 6.45 6.45 6.81 8.09 6.81 6.81 6.82 6.82 6.82 6.82 6.81 6.81 6.81 6.81 6.75 6.75 6.75 6.75 6.86 6.86 6.86 6.86 6.86 6.86 6.86 6.86 7.00 7.00 7.00 7.63 7.18 9.03 7.18 8.07 7.41 7.41 9.36 9.40 9.39 9.41 9.37 8.30 7.40 7.40 7.40 7.40 7.29 7.29 8.16 7.29 8.33 7.30 7.30 7.84 7.21 7.21 7.21 7.21 7.23 7.23 7.23 7.23 7.26 7.26 7.26 7.26 7.66 7.66 7.66 7.66 7.70 8.62 7.70 7.70 7.67 7.67 7.67 7.67 8.15 8.15 8.15 8.15
6.41 6.41 6.41 7.00 6.78 6.78 7.40 6.78 6.75 6.75 6.75 7.75 6.70 6.70 6.70 6.70 6.65 6.65 6.65 6.65 6.83 6.83 6.83 6.83 6.85 6.85 6.85 6.85 6.94 8.58 6.94 6.94 7.02 7.10 7.95 7.10 7.35 7.35 8.23 7.35 7.37 9.30 9.30 7.37 8.17 7.30 7.30 8.17 7.15 7.15 7.15 7.15 7.21 9.95 7.62 9.48 7.26 7.26 7.26 7.26 7.34 7.34 7.34 7.34 7.39 7.39 7.39 7.39 7.74 7.74 7.74 7.74 7.73 7.73 7.73 7.73 7.71 7.71 7.71 7.71 8.15 8.15 8.15 8.15
6.41 6.41 6.41 6.41 6.78 7.40 6.78 6.78 6.75 6.75 6.75 6.75 7.31 6.70 6.70 6.70 6.65 6.65 7.26 6.65 6.83 6.83 6.83 6.83 6.85 6.85 6.85 6.85 7.56 6.94 6.94 6.94 7.02 7.02 7.02 7.10 7.35 7.35 7.35 7.35 7.37 7.37 7.37 7.37 7.30 7.30 7.30 7.30 7.15 7.15 7.15 7.15 7.21 9.48 9.48 9.48 7.26 7.26 7.26 7.26 7.34 7.34 7.34 7.34 7.39 7.39 7.39 7.39 7.74 7.74 7.74 7.74 7.73 8.66 7.73 7.73 7.71 7.71 7.71 7.71 7.66 8.15 8.15 8.15
