New_Model_Runs/12_Future_RCP4.5_Scn2_out/post_prcessed_with_MFR/Monthly_summaries/net_infiltration_monthly_JUL.asc
NCOLS 700
NROWS 400
XLLCENTER 515000.000000
YLLCENTER 8409000.000000
CELLSIZE 50.000000
NODATA_value -999.000000
[rows 108 to 143 of 400, columns 498 to 580 of 700]
7.13 7.13 7.28 7.28 8.84 8.84 8.91 8.84 8.94 8.63 7.15 7.15 7.15 7.15 6.82 6.82 6.82 6.82 6.73 6.73 6.73 6.73 6.69 6.69 6.69 6.69 10.56 7.85 11.27 7.64 7.33 6.76 7.45 7.86 7.45 7.45 7.45 7.45 7.01 6.55 6.55 6.55 6.54 6.54 6.54 6.54 6.34 6.34 6.34 6.34 6.87 9.57 2.70 10.82 6.41 12.56 7.67 6.83 6.66 6.66 6.27 6.27 6.05 0.00 0.00 0.00 0.00 0.00 0.00 0.00 0.00 0.00 0.00 0.00 0.00 0.00 0.00 0.00 0.00 0.00 0.00 0.00 0.00
7.13 7.13 7.28 7.84 7.28 8.58 8.78 8.63 8.72 7.31 7.15 7.15 7.15 7.15 6.82 6.82 6.82 6.82 6.73 6.73 6.73 6.73 7.16 6.69 6.69 10.32 10.41 10.71 11.23 7.16 6.94 7.45 7.45 7.45 7.45 7.45 7.45 7.07 6.55 6.55 6.55 6.55 6.54 6.54 6.54 6.54 6.34 6.34 6.34 6.74 6.45 7.15 7.01 2.69 2.93 10.97 11.87 7.89 6.46 7.17 6.27 6.27 6.05 0.00 0.00 0.00 0.00 0.00 0.00 0.00 0.00 0.00 0.00 0.00 0.00 0.00 0.00 0.00 0.00 0.00 0.00 0.00 0.00
7.13 7.13 7.28 7.84 8.49 8.84 8.72 8.63 8.63 7.31 7.15 7.15 7.15 7.15 6.82 6.82 6.97 6.97 7.28 7.13 7.13 10.89 10.32 11.63 10.80 10.32 10.41 10.72 7.27 7.27 7.45 6.85 7.09 8.66 7.45 7.45 6.61 6.61 6.55 6.55 6.55 6.55 6.54 6.54 6.54 7.40 7.10 6.34 6.34 6.34 6.45 6.75 9.46 7.82 7.43 11.06 11.58 7.34 6.27 6.76 6.76 6.27 6.05 0.00 0.00 0.00 0.00 0.00 0.00 0.00 0.00 0.00 0.00 0.00 0.00 0.00 0.00 0.00 0.00 0.00 0.00 0.00 0.00
7.13 7.13 7.28 7.28 8.49 8.58 8.63 8.63 8.63 7.31 7.15 7.15 7.72 7.15 6.82 6.97 7.33 7.33 7.78 7.79 6.73 10.51 6.84 7.46 10.65 10.32 10.78 7.70 7.70 7.27 8.01 7.24 7.45 8.01 8.24 7.07 7.23 6.61 6.55 6.55 7.06 6.55 6.54 6.54 6.54 7.40 6.74 6.34 6.34 6.34 6.45 6.99 8.43 11.14 11.12 7.77 7.49 7.49 6.27 6.27 6.27 6.27 6.05 0.00 0.00 0.00 0.00 0.00 0.00 0.00 0.00 0.00 0.00 0.00 0.00 0.00 0.00 0.00 0.00 0.00 0.00 0.00 0.15
7.14 7.14 7.84 8.58 8.99 8.58 8.48 8.48 8.48 7.20 6.96 6.96 6.96 6.96 6.67 6.67 6.67 6.67 7.26 6.83 6.68 6.68 6.74 7.22 10.69 10.91 10.79 7.71 8.18 7.30 7.02 7.02 7.02 8.00 7.00 6.54 6.54 6.54 6.52 6.52 7.03 6.52 6.55 6.78 8.27 7.41 6.35 6.35 6.35 6.75 6.39 6.39 11.26 6.39 6.34 6.34 6.34 6.34 6.73 6.24 6.24 6.24 6.04 0.00 0.00 0.00 0.00 0.00 0.00 0.00 0.00 0.00 0.00 0.00 0.00 0.00 0.00 0.00 0.00 0.00 0.00 0.00 0.15
7.14 7.14 7.28 8.48 8.48 8.48 8.48 7.20 7.20 7.20 6.96 6.96 6.96 6.96 6.67 6.67 6.67 6.67 6.68 6.68 6.68 6.68 6.74 9.18 7.57 7.06 11.27 6.96 8.52 6.80 8.00 7.42 7.02 8.81 6.54 6.54 6.54 6.54 6.52 7.04 6.52 6.52 6.55 7.56 6.91 6.91 6.35 6.75 6.35 6.35 10.02 10.52 10.02 6.91 6.34 6.34 6.85 6.34 6.24 6.24 6.74 6.24 6.04 0.00 0.00 0.00 0.00 0.00 0.00 0.00 0.00 0.00 0.00 0.00 0.00 0.00 0.00 0.00 0.00 0.00 0.00 0.00 0.15
7.66 8.34 9.21 9.59 9.79 9.21 7.73 7.73 7.73 7.73 7.48 8.10 7.48 7.48 7.02 7.02 7.02 7.02 7.03 7.03 7.03 7.03 7.09 7.09 7.67 7.09 8.78 11.92 7.53 8.17 7.46 7.46 6.61 5.48 7.10 7.21 6.74 6.58 7.00 6.56 6.56 10.63 10.22 11.23 6.74 6.74 6.75 6.36 6.36 6.36 10.03 6.41 6.92 6.41 6.36 6.36 6.36 6.36 6.25 6.25 6.25 6.25 6.18 0.00 0.00 0.00 0.00 0.00 0.00 0.00 0.00 0.00 0.00 0.00 0.00 0.00 0.00 0.00 0.00 0.00 0.00 0.00 0.00
7.66 7.66 10.34 9.76 9.21 9.21 7.73 7.73 7.73 7.73 7.48 7.48 7.48 7.48 7.02 7.02 7.02 7.02 7.03 7.03 7.03 7.03 7.09 7.67 7.09 7.67 8.17 11.80 11.80 11.80 11.09 7.06 6.61 6.61 7.03 6.58 10.37 10.21 10.19 10.63 10.63 6.56 6.59 10.22 10.37 10.37 6.36 6.36 6.36 6.36 10.03 10.96 6.41 6.41 6.36 6.36 6.36 6.36 6.25 6.25 6.25 6.25 6.18 0.00 0.00 0.00 0.00 0.00 0.00 0.00 0.00 0.00 0.00 0.00 0.00 0.00 0.00 0.00 0.00 0.00 0.00 0.00 0.00
8.29 7.62 9.40 8.98 8.98 7.62 7.43 7.43 7.43 8.04 7.93 7.34 7.34 7.34 7.10 7.10 7.10 7.10 7.17 7.17 7.17 7.17 7.19 7.19 7.19 7.79 8.20 8.20 7.20 7.20 7.07 10.70 10.70 10.70 10.24 10.24 10.24 7.07 6.64 6.64 6.64 6.64 6.66 6.66 6.66 10.29 9.97 6.34 6.84 6.47 6.84 9.97 9.97 9.97 6.33 6.33 6.33 6.33 6.25 6.25 6.25 6.25 6.14 0.00 0.00 0.00 0.00 0.00 0.00 0.00 0.00 0.00 0.00 0.00 0.00 0.00 0.00 0.00 0.00 0.00 0.00 0.00 0.00
7.62 7.62 8.98 7.62 7.62 7.62 7.43 7.43 7.43 7.43 7.34 7.34 7.34 7.34 7.10 7.10 7.10 7.10 7.17 7.17 7.17 7.17 7.19 7.19 7.19 7.19 7.20 7.20 7.20 7.20 8.05 7.07 6.62 6.62 6.62 6.62 6.96 6.62 6.64 6.64 6.64 6.64 6.66 6.66 6.66 6.66 9.97 9.97 6.34 6.34 6.34 6.34 6.34 7.52 9.95 10.09 6.66 7.68 6.74 6.25 6.25 6.25 6.14 0.00 0.00 0.00 0.00 0.00 0.00 0.00 0.00 0.00 0.00 0.00 0.00 0.00 0.00 0.00 0.00 0.00 0.00 0.00 0.00
7.62 7.62 7.62 8.26 7.62 7.62 7.43 7.43 7.43 7.43 7.34 7.34 7.34 7.34 7.10 7.10 7.10 7.10 7.17 7.17 7.17 7.17 7.19 7.19 7.19 7.19 7.20 7.20 7.20 7.20 7.07 7.07 7.47 6.62 6.62 6.62 6.62 6.62 6.64 6.64 7.10 6.64 6.66 6.66 6.66 6.66 6.34 9.97 9.97 9.97 9.97 6.34 10.12 10.50 10.49 10.49 6.65 6.65 6.25 6.74 6.25 6.25 6.14 0.00 0.00 0.00 0.00 0.00 0.00 0.00 0.00 0.00 0.00 0.00 0.00 0.00 0.00 0.00 0.00 0.00 0.00 0.00 0.00
7.62 7.62 7.62 7.62 7.62 8.22 7.43 7.43 7.43 7.43 7.34 7.34 7.34 7.34 7.10 7.10 7.10 7.10 7.17 7.17 7.17 7.17 7.19 7.19 7.19 7.19 7.80 7.20 7.20 7.20 6.62 6.62 6.62 6.62 6.62 6.62 6.62 6.62 6.64 6.64 6.64 6.64 6.66 6.66 6.66 6.66 6.34 6.34 6.34 6.34 9.97 10.79 10.94 6.91 10.29 9.95 6.82 7.22 6.25 6.25 6.25 6.25 6.14 0.00 0.00 0.00 0.00 0.00 0.00 0.00 0.00 0.00 0.00 0.00 0.00 0.00 0.00 0.00 0.00 0.00 0.00 0.00 0.00
7.48 8.10 7.42 8.03 7.42 8.03 7.41 7.41 7.41 7.41 7.55 7.55 7.55 7.55 7.30 7.30 7.30 7.30 7.31 7.31 7.31 7.31 7.93 7.30 7.30 7.30 7.30 7.30 7.92 7.30 6.73 6.73 6.73 6.73 6.73 6.73 6.73 6.73 6.74 6.74 6.74 6.74 6.75 6.75 6.75 6.75 6.38 6.38 6.38 6.38 7.16 11.25 10.34 6.33 6.63 6.29 6.29 6.29 6.19 6.19 6.19 6.66 6.10 0.00 0.00 0.00 0.00 0.00 0.00 0.00 0.00 0.00 0.00 0.00 0.00 0.00 0.00 0.00 0.00 0.00 0.00 0.00 0.00
7.48 7.48 7.42 7.42 7.42 7.42 7.41 7.41 7.41 7.41 7.55 7.55 7.55 7.55 7.30 7.30 7.30 7.30 7.94 7.31 7.31 7.31 7.93 7.30 7.30 7.30 7.30 7.30 7.30 7.30 6.73 6.73 7.02 7.02 6.73 6.73 6.73 6.73 6.74 6.74 6.74 6.74 6.75 6.75 6.87 6.75 6.38 10.30 10.13 6.38 6.46 9.96 6.33 6.33 6.29 6.29 6.29 6.29 6.19 6.19 6.19 6.19 6.10 0.00 0.00 0.00 0.00 0.00 0.00 0.00 0.00 0.00 0.00 0.00 0.00 0.00 0.00 0.00 0.00 0.00 0.00 0.00 0.00
7.48 7.48 7.42 7.42 7.42 7.42 7.41 7.41 7.41 7.41 7.55 7.55 7.55 7.55 7.30 7.30 7.30 7.30 7.94 7.31 7.31 7.31 7.93 7.30 7.30 7.30 7.30 7.30 7.30 7.30 6.73 7.88 7.02 7.27 7.02 6.73 6.73 6.73 6.74 6.74 7.22 6.74 7.50 6.75 6.87 7.03 10.13 8.52 12.09 10.13 10.09 6.33 6.33 6.33 6.29 6.29 6.29 6.29 6.19 6.19 6.19 6.19 6.10 0.00 0.00 0.00 0.00 0.00 0.00 0.00 0.00 0.00 0.00 0.00 0.00 0.00 0.00 0.00 0.00 0.00 0.00 0.00 0.00
7.48 7.48 7.42 7.42 7.42 7.42 7.41 7.41 7.41 7.41 7.55 8.62 8.20 7.55 7.92 8.79 7.89 8.10 7.90 7.31 7.31 7.31 8.79 7.93 7.93 7.93 7.30 7.30 7.30 7.30 6.73 7.88 7.21 7.02 7.02 6.73 6.73 6.73 7.03 6.74 7.22 6.86 7.50 6.75 7.23 10.66 6.50 6.82 6.65 6.38 6.33 6.33 6.33 6.33 6.29 6.29 6.29 6.29 6.19 6.19 6.19 6.19 6.10 0.00 0.00 0.00 0.00 0.00 0.00 0.00 0.00 0.00 0.00 0.00 0.00 0.00 0.00 0.00 0.00 0.00 0.00 0.00 0.00
7.50 7.50 7.51 7.51 7.51 7.51 7.61 7.61 7.61 7.61 7.69 7.69 8.33 7.69 7.35 7.35 8.62 7.35 7.35 7.35 7.35 7.94 7.96 7.38 8.96 7.49 7.38 7.38 7.38 7.38 6.81 7.98 7.98 6.96 6.96 6.81 6.81 6.81 7.06 7.36 8.12 8.24 7.33 7.03 10.38 10.38 6.39 6.39 6.39 6.78 6.38 6.38 6.38 6.38 6.32 7.24 6.32 6.32 6.17 6.17 6.17 6.17 6.09 0.00 0.00 0.00 0.00 0.00 0.00 0.00 0.00 0.00 0.00 0.00 0.00 0.00 0.00 0.00 0.00 0.00 0.00 0.00 0.00
7.50 7.50 7.51 7.51 7.51 7.51 7.61 7.61 7.61 7.61 7.69 7.69 7.69 7.69 7.35 7.94 7.35 7.35 7.35 7.35 7.35 7.35 8.65 8.65 8.65 8.80 9.11 8.01 7.38 7.38 6.81 8.28 9.42 10.02 7.87 7.97 6.96 6.81 8.56 7.87 8.72 2.66 8.09 11.86 6.75 6.75 7.32 6.39 6.39 6.39 6.38 6.38 6.38 6.38 7.25 6.32 6.32 6.32 6.17 6.17 6.17 6.17 6.09 0.00 0.00 0.00 0.00 0.00 0.00 0.00 0.00 0.00 0.00 0.00 0.00 0.00 0.00 0.00 0.00 0.00 0.00 0.00 0.00
7.50 7.50 7.51 7.51 7.51 7.51 7.61 7.61 7.61 7.61 7.69 7.69 7.69 7.69 7.35 7.35 7.35 7.35 7.35 7.35 7.35 7.35 7.38 8.65 9.20 8.95 9.11 8.78 11.79 8.80 8.43 3.64 11.97 12.46 12.27 6.87 13.86 10.89 12.98 11.65 10.79 12.02 12.11 8.90 6.75 7.29 6.39 6.39 6.39 7.47 7.46 7.46 6.38 7.46 7.39 6.32 6.32 6.32 6.17 6.17 6.17 6.17 6.09 0.00 0.00 0.00 0.00 0.00 0.00 0.00 0.00 0.00 0.00 0.00 0.00 0.00 0.00 0.00 0.00 0.00 0.00 0.00 0.00
7.50 7.50 7.51 7.51 7.51 7.51 7.61 7.61 7.61 7.61 7.69 7.69 7.69 7.69 7.35 7.35 7.35 7.35 7.35 7.95 7.95 7.35 7.38 7.38 8.93 9.11 13.04 11.70 12.43 11.18 3.80 6.76 6.15 11.67 11.67 2.83 11.29 6.30 10.79 10.79 11.67 7.59 6.75 6.75 6.75 6.75 6.39 6.39 6.39 7.47 7.46 7.46 7.81 7.73 7.39 7.39 7.21 6.80 6.17 6.17 6.17 6.17 6.09 0.00 0.00 0.00 0.00 0.00 0.00 0.00 0.00 0.00 0.00 0.00 0.00 0.00 0.00 0.00 0.00 0.00 0.00 0.00 0.00
7.65 7.65 7.68 7.68 7.68 7.68 7.73 7.73 7.73 7.73 7.75 7.75 7.75 7.75 7.35 7.35 7.35 7.35 7.36 7.36 7.36 7.36 7.38 7.38 8.66 9.42 13.45 13.10 9.74 2.99 6.61 6.30 4.08 0.00 0.00 0.00 0.00 0.00 0.00 3.93 13.21 7.07 6.74 6.74 6.74 6.74 6.44 10.07 11.17 11.62 8.13 7.81 7.83 7.91 7.80 7.37 7.37 6.31 6.19 7.95 6.67 6.65 6.50 0.00 0.00 0.00 0.00 0.00 0.00 0.00 0.00 0.00 0.00 0.00 0.00 0.00 0.00 0.00 0.00 0.00 0.00 0.00 0.00
7.65 7.65 7.68 7.68 7.68 7.68 7.73 7.73 7.73 7.73 9.13 9.13 9.13 9.13 8.62 7.35 7.35 7.35 7.36 7.36 7.36 7.36 7.64 7.38 8.79 9.10 8.95 13.21 6.47 12.65 6.15 0.00 0.00 0.00 0.00 0.00 0.00 0.00 0.00 0.00 10.82 6.77 6.74 6.74 6.74 6.74 10.18 11.47 6.40 7.64 10.43 8.31 7.66 6.53 7.71 7.37 7.37 6.31 6.19 6.19 6.19 6.19 6.14 0.00 0.00 0.00 0.00 0.00 0.00 0.00 0.00 0.00 0.00 0.00 0.00 0.00 0.00 0.00 0.00 0.00 0.00 0.00 0.00
8.17 7.52 7.55 7.55 7.55 7.55 7.60 7.60 7.60 7.60 8.94 8.94 9.27 8.94 8.49 7.92 7.25 7.25 7.25 7.25 7.25 7.25 8.77 7.28 7.39 9.32 9.16 8.99 10.60 13.40 3.78 0.00 0.00 0.00 0.00 0.00 0.00 0.00 0.00 0.00 0.00 11.03 6.85 6.85 10.48 10.60 7.51 7.82 5.76 3.21 12.66 7.42 7.20 6.70 7.25 6.60 7.08 6.60 6.48 6.48 6.48 6.48 5.96 0.00 0.00 0.00 0.00 0.00 0.00 0.00 0.00 0.00 0.00 0.00 0.00 0.00 0.00 0.00 0.00 0.00 0.00 0.00 0.00
7.52 8.19 8.22 7.55 7.55 7.55 7.60 7.60 7.60 7.60 7.61 8.94 8.96 8.94 9.34 8.22 8.43 7.25 7.25 7.25 7.25 7.52 8.77 7.28 7.39 7.54 8.60 8.60 9.32 12.95 0.00 0.00 0.00 0.00 0.00 0.00 0.00 0.00 0.00 0.00 0.00 7.15 10.75 10.48 11.07 0.00 0.00 5.46 5.76 8.42 11.85 7.76 6.70 6.70 6.60 7.08 6.60 7.06 6.48 6.48 6.48 6.48 5.96 0.00 0.00 0.00 0.00 0.00 0.00 0.00 0.00 0.00 0.00 0.00 0.00 0.00 0.00 0.00 0.00 0.00 0.00 0.00 0.00
7.58 7.58 8.22 7.60 7.60 7.60 7.62 7.62 7.62 7.62 7.63 8.32 8.97 8.97 8.48 8.48 8.48 7.28 7.53 8.76 8.60 9.01 8.92 8.91 7.26 7.37 7.24 7.24 11.54 0.00 0.00 0.00 0.00 0.00 0.00 0.00 0.00 0.00 0.00 0.00 0.00 6.96 6.82 0.00 0.00 0.00 0.00 0.00 0.00 2.75 11.82 7.69 7.14 6.65 6.58 6.58 6.58 6.58 6.55 6.55 6.55 6.55 6.06 0.00 0.00 0.00 0.00 0.00 0.00 0.00 0.00 0.00 0.00 0.00 0.00 0.00 0.00 0.00 0.00 0.00 0.00 0.00 0.00
7.58 7.58 7.60 7.60 7.60 7.60 7.62 7.62 7.62 8.24 8.25 8.26 7.89 9.24 8.76 9.00 8.48 7.28 7.28 8.76 9.32 9.32 9.81 9.55 9.89 7.26 11.54 10.87 0.00 0.00 0.00 0.00 0.00 0.00 0.00 0.00 0.00 0.00 0.00 0.00 0.00 0.00 0.00 0.00 0.00 0.00 0.00 0.00 0.00 0.61 11.97 8.04 8.02 7.69 7.61 6.58 6.58 6.58 6.55 6.55 6.55 6.55 6.06 0.00 0.00 0.00 0.00 0.00 0.00 0.00 0.00 0.00 0.00 0.00 0.00 0.00 0.00 0.00 0.00 0.00 0.00 0.00 0.00
7.58 7.58 7.60 7.60 7.60 7.60 7.62 7.62 7.62 7.62 7.63 7.63 8.26 8.75 9.16 9.00 8.85 8.76 8.75 8.55 13.06 12.58 12.20 13.03 0.00 0.00 0.00 0.00 0.00 0.00 0.00 0.00 0.00 0.00 0.00 0.00 0.00 0.00 0.00 0.00 0.00 0.00 0.00 0.00 0.00 0.00 0.00 0.00 0.00 0.00 11.47 7.69 7.70 7.69 7.62 7.62 6.58 6.58 6.55 6.55 6.55 6.55 6.06 0.00 0.00 0.00 0.00 0.00 0.00 0.00 0.00 0.00 0.00 0.00 0.00 0.00 0.00 0.00 0.00 0.00 0.00 0.00 0.00
7.58 7.58 7.60 7.60 7.60 7.60 7.62 7.62 7.62 7.62 7.63 8.60 7.78 7.93 9.77 9.70 12.58 12.58 12.58 0.00 0.00 0.00 0.00 0.00 0.00 0.00 0.00 0.00 0.00 0.00 0.00 0.00 0.00 0.00 0.00 0.00 0.00 0.00 0.00 0.00 0.00 0.00 0.00 0.00 0.00 0.00 0.00 0.00 0.00 7.72 12.37 6.80 6.80 6.65 6.58 6.58 6.58 6.58 6.55 6.55 6.55 6.55 6.06 0.00 0.00 0.00 0.00 0.00 0.00 0.00 0.00 0.00 0.00 0.00 0.00 0.00 0.00 0.00 0.00 0.00 0.00 0.00 0.00
7.60 7.60 7.59 7.59 7.59 7.59 7.60 7.60 7.60 7.60 8.94 9.07 9.52 9.08 10.04 13.21 0.00 0.00 0.00 0.00 0.00 0.00 0.00 0.00 0.00 0.00 0.00 0.00 0.00 0.00 0.00 0.00 0.00 0.00 0.00 0.00 0.00 0.00 0.00 0.00 0.00 0.00 0.00 0.00 0.00 0.00 0.00 0.00 0.00 6.61 8.01 10.55 10.43 10.43 8.95 7.10 6.66 6.66 6.65 6.65 6.65 6.65 6.16 0.00 0.00 0.00 0.00 0.00 0.00 0.00 0.00 0.00 0.00 0.00 0.00 0.00 0.00 0.00 0.00 0.00 0.00 0.00 0.00
7.60 7.60 7.59 7.59 8.21 7.59 7.60 7.60 7.60 8.29 9.27 9.24 3.24 12.86 0.00 0.00 0.00 0.00 0.00 0.00 0.00 0.00 0.00 0.00 0.00 0.00 0.00 0.00 0.00 0.00 0.00 0.00 0.00 0.00 0.00 0.00 0.00 0.00 0.00 0.00 0.00 0.00 0.00 0.00 0.00 0.00 0.00 0.00 0.00 0.00 0.00 0.00 0.00 11.79 8.92 7.40 8.01 6.95 6.77 6.65 6.65 6.65 6.16 0.00 0.00 0.00 0.00 0.00 0.00 0.00 0.00 0.00 0.00 0.00 0.00 0.00 0.00 0.00 0.00 0.00 0.00 0.00 0.00
7.60 7.60 8.21 7.59 7.59 7.85 7.60 7.60 7.60 8.58 8.42 9.29 12.86 0.00 0.00 0.00 0.00 0.00 0.00 0.00 0.00 0.00 0.00 0.00 0.00 0.00 0.00 0.00 0.00 0.00 0.00 0.00 0.00 0.00 0.00 0.00 0.00 0.00 0.00 0.00 0.00 0.00 0.00 0.00 0.00 0.00 0.00 0.00 0.00 0.00 0.00 0.00 0.00 0.00 13.04 2.93 7.08 7.86 7.86 7.84 6.77 6.65 6.16 0.00 0.00 0.00 0.00 0.00 0.00 0.00 0.00 0.00 0.00 0.00 0.00 0.00 0.00 0.00 0.00 0.00 0.00 0.00 0.00
7.60 7.60 7.59 8.20 8.43 8.47 8.51 7.75 7.86 7.86 7.72 9.22 3.93 0.00 0.00 0.00 0.00 0.00 0.00 0.00 0.00 0.00 0.00 0.00 0.00 0.00 0.00 0.00 0.00 0.00 0.00 0.00 0.00 0.00 0.00 0.00 0.00 0.00 0.00 0.00 0.00 0.00 0.00 0.00 0.00 0.00 0.00 0.00 0.00 0.00 0.00 0.00 0.00 0.00 0.00 13.14 8.02 8.05 8.76 7.99 7.84 7.84 7.69 0.00 0.00 0.00 0.00 0.00 0.00 0.00 0.00 0.00 0.00 0.00 0.00 0.00 0.00 0.00 0.00 0.00 0.00 0.00 0.00
7.63 7.63 7.57 7.57 7.57 7.57 7.58 7.69 7.85 7.85 7.58 7.73 11.32 0.00 0.00 0.00 0.00 0.00 0.00 0.00 0.00 0.00 0.00 0.00 0.00 0.00 0.00 0.00 0.00 0.00 0.00 0.00 0.00 0.00 0.00 0.00 0.00 0.00 0.00 0.00 0.00 0.00 0.00 0.00 0.00 0.00 0.00 0.00 0.00 0.00 0.00 0.00 0.00 0.00 0.00 12.99 6.89 13.45 6.44 11.81 8.58 9.18 6.71 0.00 0.00 0.00 0.00 0.00 0.00 0.00 0.00 0.00 0.00 0.00 0.00 0.00 0.00 0.00 0.00 0.00 0.00 0.00 0.00
7.63 7.63 9.05 7.57 7.57 7.57 7.58 7.85 8.60 8.46 7.73 7.58 11.21 0.00 0.00 0.00 0.00 0.00 0.00 0.00 0.00 0.00 0.00 0.00 0.00 0.00 0.00 0.00 0.00 0.00 0.00 0.00 0.00 0.00 0.00 0.00 0.00 0.00 0.00 0.00 0.00 0.00 0.00 0.00 0.00 0.00 0.00 0.00 0.00 0.00 0.00 0.00 0.00 0.00 0.00 0.00 6.26 3.48 8.42 11.60 6.14 6.74 6.86 0.15 0.00 0.00 0.00 0.00 0.00 0.00 0.00 0.00 0.00 0.00 0.00 0.00 0.00 0.00 0.00 0.00 0.00 0.00 0.00
7.63 7.63 7.57 7.57 7.57 7.57 7.58 7.58 8.00 2.94 12.07 3.63 0.00 0.00 0.00 0.00 0.00 0.00 0.00 0.00 0.00 0.00 0.00 0.00 0.00 0.00 0.00 0.00 0.00 0.00 0.00 0.00 0.00 0.00 0.00 0.00 0.00 0.00 0.00 0.00 0.00 0.00 0.00 0.00 0.00 0.00 0.00 0.00 0.00 0.00 0.00 0.00 0.00 0.00 0.00 0.00 11.83 6.56 12.40 6.99 8.73 8.27 7.56 0.00 0.00 0.00 0.00 0.00 0.00 0.00 0.00 0.00 0.00 0.00 0.00 0.00 0.00 0.00 0.00 0.00 0.00 0.00 0.00
7.63 7.63 8.25 7.57 7.69 7.57 7.58 7.58 7.88 11.71 0.00 0.00 0.00 0.00 0.00 0.00 0.00 0.00 0.00 0.00 0.00 0.00 0.00 0.00 0.00 0.00 0.00 0.00 0.00 0.00 0.00 0.00 0.00 0.00 0.00 0.00 0.00 0.00 0.00 0.00 0.00 0.00 0.00 0.00 0.00 0.00 0.00 0.00 0.00 0.00 0.00 0.00 0.00 0.00 0.00 0.00 0.00 12.23 12.39 6.79 8.31 8.66 6.20 0.00 0.00 0.00 0.00 0.00 0.00 0.00 0.00 0.00 0.00 0.00 0.00 0.00 0.00 0.00 0.00 0.00 0.00 0.00 0.00
