New_Model_Runs/12_Future_RCP4.5_Scn2_out/post_prcessed_with_MFR/Monthly_summaries/net_infiltration_monthly_NOV.asc
NCOLS 700
NROWS 400
XLLCENTER 515000.000000
YLLCENTER 8409000.000000
CELLSIZE 50.000000
NODATA_value -999.000000
[rows 259 to 295 of 400, columns 249 to 331 of 700]
19.31 17.21 17.10 17.10 17.10 7.39 7.52 8.87 9.64 2.43 11.02 2.28 7.75 11.40 11.00 10.62 11.12 11.12 11.12 13.00 9.64 14.25 6.86 10.82 11.90 11.60 11.75 11.58 11.58 11.58 11.18 15.89 10.06 13.57 13.57 6.70 5.83 13.30 9.28 2.47 6.93 8.83 8.83 8.98 9.13 9.20 2.77 2.92 2.92 6.43 6.43 10.33 9.22 2.63 2.77 2.76 6.12 8.47 8.47 8.47 8.47 8.47 8.47 8.47 8.47 8.47 8.47 11.99 2.31 2.31 2.31 2.32 8.40 0.00 0.00 0.00 0.00 0.00 0.00 0.00 0.00 0.00 0.00
17.10 17.10 17.10 17.25 7.39 6.18 7.52 8.87 7.61 7.75 2.28 7.75 7.75 11.35 11.21 10.95 9.49 8.86 7.75 13.00 9.49 7.61 11.12 3.57 10.78 11.56 11.56 11.53 11.53 11.53 11.53 15.04 14.15 10.63 10.63 10.63 9.79 9.79 12.16 5.98 6.16 12.34 2.65 8.83 8.98 8.98 2.77 9.37 6.43 2.77 2.77 3.02 10.06 9.37 2.92 8.83 8.78 12.14 8.47 8.47 8.47 8.47 8.47 8.47 2.46 2.61 2.69 11.99 2.31 2.46 2.46 2.32 2.32 0.00 0.00 0.00 0.00 0.00 0.00 0.00 0.00 0.00 0.00
17.40 17.25 17.25 17.40 7.67 7.52 6.18 8.72 7.61 7.61 8.87 9.16 2.58 3.96 11.71 7.61 10.74 7.75 11.12 14.81 11.13 11.12 14.64 10.78 10.78 11.56 11.56 11.53 11.53 11.53 11.53 15.04 14.15 10.63 10.63 10.63 9.79 12.40 12.16 12.57 12.34 8.98 6.31 12.34 8.83 2.74 9.12 6.14 2.63 10.20 10.06 10.06 10.06 10.06 11.55 11.39 2.76 5.98 2.46 8.62 8.47 8.47 11.99 11.99 6.35 12.57 6.12 5.83 5.97 2.61 2.61 2.32 2.32 2.32 0.00 0.00 0.00 0.00 0.00 0.00 0.00 0.00 0.00
17.25 17.54 17.54 17.25 7.67 6.18 6.15 7.61 7.61 7.61 1.78 1.78 7.61 11.57 8.87 1.78 10.95 11.17 11.12 11.13 14.64 15.04 12.21 10.78 10.78 10.78 11.56 11.53 11.53 11.53 11.53 15.04 6.67 13.72 6.67 13.72 12.40 8.89 2.40 8.83 12.34 8.98 8.98 8.83 12.57 12.64 6.54 3.03 2.63 2.77 2.77 10.06 9.06 9.20 9.05 2.61 6.12 5.97 2.61 8.91 8.77 11.92 11.99 8.77 2.75 2.84 2.69 2.31 6.41 3.05 2.46 2.32 2.55 2.32 0.00 0.00 0.00 0.00 0.00 0.00 0.00 0.00 0.00
16.09 16.09 17.79 7.68 7.54 6.92 10.16 7.61 7.61 7.61 7.61 10.97 10.97 11.21 8.88 10.74 11.31 7.90 14.68 14.64 14.64 11.30 12.21 10.78 10.78 10.78 11.56 11.53 11.53 11.53 11.53 7.22 3.31 10.35 10.63 2.86 2.54 2.40 2.40 2.65 12.34 8.83 2.65 2.69 8.98 2.63 6.28 2.88 9.12 9.52 9.35 9.20 9.20 9.35 2.91 2.61 12.14 8.77 2.75 2.90 12.42 8.62 8.47 8.77 2.61 8.62 8.47 2.31 5.97 6.85 2.90 2.32 2.32 2.32 2.32 0.00 0.00 0.00 0.00 0.00 0.00 0.00 0.00
19.60 15.80 7.54 7.68 7.07 7.59 10.31 9.49 8.87 7.61 8.87 8.87 10.74 11.34 10.96 10.94 11.90 6.09 11.12 6.17 3.66 11.11 11.11 10.76 10.13 10.76 10.76 11.52 11.52 11.52 12.38 6.08 8.70 3.16 2.69 2.71 9.93 8.96 8.96 9.12 12.64 13.38 9.12 2.74 9.27 9.42 6.39 9.27 10.39 8.52 9.35 9.20 9.20 9.06 9.20 5.83 12.13 8.62 2.98 3.49 8.91 8.62 2.61 6.12 8.62 8.47 8.67 11.99 5.97 2.98 8.91 2.32 8.40 0.00 2.32 2.32 0.00 0.00 0.00 0.00 0.00 0.00 8.40
17.10 7.67 7.54 7.45 7.59 11.68 11.68 9.02 8.87 8.87 8.87 8.87 9.49 10.74 10.96 9.49 1.93 5.94 7.61 11.12 7.61 11.11 11.25 10.91 2.97 2.97 2.97 10.71 10.17 10.85 10.02 6.29 13.30 8.80 9.76 9.61 8.96 9.06 8.96 12.64 12.64 6.25 12.64 12.64 12.64 13.38 12.64 13.95 10.35 10.35 9.20 9.06 9.06 9.20 9.50 12.42 8.47 8.62 2.90 3.05 2.75 8.41 9.00 6.26 8.47 11.99 11.99 11.99 8.47 8.47 8.47 2.32 0.00 0.00 0.00 2.32 2.32 0.00 0.00 0.00 9.56 2.32 2.32
6.92 7.54 8.38 6.92 8.51 11.54 11.68 10.98 8.87 8.87 8.87 9.73 10.96 1.78 7.61 7.61 7.75 11.41 7.61 11.26 8.72 8.72 11.25 12.19 1.90 7.51 7.51 13.30 12.93 12.79 6.29 12.79 6.25 6.25 5.91 6.11 12.31 12.72 12.47 3.03 12.93 9.12 9.12 9.12 9.12 9.12 2.74 13.95 10.44 10.21 9.11 9.06 11.40 11.55 9.35 8.77 6.05 8.77 8.62 2.46 7.86 8.91 12.72 6.20 12.13 12.13 8.47 8.47 8.47 8.47 8.47 2.32 0.00 0.00 0.00 0.00 2.32 2.32 8.40 8.40 2.32 2.32 2.32
7.21 7.07 7.07 8.51 11.54 11.34 11.54 10.98 8.87 8.87 8.87 8.87 8.87 7.61 8.72 11.12 14.19 11.26 12.18 11.26 7.61 7.61 7.75 8.18 1.76 6.97 7.51 11.02 2.78 2.78 9.28 6.25 2.74 8.65 10.28 8.65 9.93 9.21 8.96 9.27 6.54 2.74 9.12 9.12 9.12 9.12 2.74 6.14 10.44 10.12 11.15 11.15 9.95 9.95 10.47 8.47 6.05 2.61 8.77 2.31 8.47 8.62 12.13 11.99 12.13 8.62 8.47 8.62 8.62 8.47 8.47 2.32 0.00 0.00 0.00 0.00 8.40 2.32 2.32 2.32 2.32 8.40 0.00
6.44 7.74 7.07 8.34 11.52 9.82 8.55 8.87 8.87 8.87 8.87 9.64 9.02 7.61 11.12 13.00 9.64 10.08 13.59 5.79 11.12 8.72 7.90 7.27 1.76 1.90 1.90 1.76 2.78 2.32 2.60 6.11 8.65 10.25 10.25 3.80 2.98 9.25 9.25 9.12 9.12 2.74 9.12 9.12 2.74 9.12 6.25 12.34 13.45 10.09 10.34 9.91 9.91 9.91 9.61 8.47 8.47 12.13 2.31 8.47 11.99 5.83 2.31 2.31 8.62 12.13 8.47 8.62 8.47 8.47 2.31 8.40 0.00 0.00 0.00 8.40 2.32 2.32 2.32 8.40 8.40 0.00 0.00
6.92 6.62 6.58 12.03 10.16 10.45 11.13 9.49 9.49 10.94 12.37 9.55 12.68 9.45 12.38 10.02 9.64 10.23 9.93 7.61 7.75 7.90 9.02 8.23 8.30 3.09 7.51 6.97 2.09 8.65 8.65 6.11 8.65 9.94 10.25 2.84 9.11 2.98 6.49 2.74 9.12 9.12 9.12 2.74 6.16 6.16 6.16 5.98 3.71 10.34 10.19 10.17 9.91 9.91 10.17 8.47 8.47 11.99 5.83 5.83 2.31 2.31 2.31 2.31 2.46 2.46 8.47 8.47 8.47 8.47 2.31 8.40 0.00 8.40 2.32 2.32 2.32 7.73 8.40 8.40 0.00 0.00 0.00
8.36 6.62 11.76 12.03 10.16 10.16 10.16 9.93 9.11 10.40 7.04 7.04 7.61 8.67 9.30 8.05 8.86 9.16 1.93 13.87 12.36 8.05 9.31 8.23 6.97 7.51 7.51 7.54 6.97 8.65 2.60 12.16 8.89 9.94 8.65 8.96 8.96 8.96 12.47 9.12 9.12 9.12 2.74 6.16 6.16 5.98 12.34 11.40 10.24 10.49 10.86 9.25 9.91 10.29 10.17 11.01 8.47 11.99 5.83 2.31 2.31 2.31 2.54 8.47 2.31 2.31 8.47 8.47 2.31 2.31 8.47 8.40 8.40 2.32 2.32 2.32 8.40 0.00 0.00 8.55 8.55 0.00 0.00
8.36 11.33 11.76 11.73 10.16 10.16 6.15 9.93 6.89 6.89 6.89 5.60 7.61 8.86 2.37 9.30 8.72 7.61 7.61 11.08 11.08 11.08 11.23 8.94 6.97 7.12 7.65 6.97 8.14 2.81 5.98 8.65 8.89 8.65 8.96 8.96 2.69 8.96 6.20 6.25 6.25 12.34 6.16 6.16 12.34 8.23 8.83 11.15 9.94 3.42 9.20 9.20 11.40 9.91 10.17 14.52 5.83 2.46 2.31 2.31 8.47 8.47 2.31 2.31 8.47 8.47 2.31 2.31 8.47 8.47 8.47 2.32 2.32 2.32 8.40 0.00 0.00 0.00 0.00 0.00 0.00 0.00 0.00
8.34 12.15 11.15 11.28 11.50 12.54 10.43 6.89 6.89 6.89 6.89 8.87 7.75 1.78 1.93 1.78 1.78 7.75 11.65 10.89 10.45 11.05 11.05 5.85 7.51 7.65 2.09 8.38 8.29 2.54 6.11 2.47 9.61 2.60 8.65 9.79 2.56 10.21 12.58 6.25 2.65 8.98 8.98 8.83 10.19 11.40 11.40 11.54 9.20 9.06 9.06 9.06 9.06 14.91 14.91 7.71 2.46 2.61 2.46 8.47 8.47 2.31 2.31 2.31 8.47 2.31 2.31 8.47 8.47 2.31 2.31 2.55 8.40 2.32 0.00 0.00 0.00 0.00 0.00 0.00 0.00 0.00 0.00
8.49 12.15 11.51 11.50 12.54 10.96 7.45 7.04 7.04 6.89 8.87 8.87 7.90 7.90 11.07 7.61 8.05 7.90 11.06 10.45 11.05 3.66 9.51 9.91 7.65 7.80 7.51 11.72 9.03 8.89 15.09 11.58 8.65 8.65 9.94 9.79 2.56 10.21 10.21 13.38 9.71 9.20 8.98 3.42 10.46 9.93 9.93 9.75 9.20 9.06 2.76 12.86 11.74 9.06 9.35 6.90 2.31 2.31 2.31 8.47 8.47 2.31 8.47 2.31 2.31 8.47 8.47 2.31 2.31 2.31 8.47 8.40 0.00 0.00 0.00 0.00 0.00 0.00 0.00 0.00 0.00 0.00 0.00
12.30 12.30 8.55 9.23 10.82 7.31 7.16 6.62 8.00 9.43 9.82 9.82 8.29 9.24 9.24 8.29 8.44 8.44 8.14 8.14 2.44 12.01 9.02 8.67 9.13 2.91 9.79 10.09 10.21 8.72 13.45 9.91 13.13 8.36 8.36 8.36 8.65 9.87 8.65 12.76 12.22 9.55 8.20 10.94 9.49 9.49 9.49 9.69 10.94 8.41 6.10 12.21 8.56 8.70 7.15 8.52 2.80 8.52 2.80 2.80 10.02 2.80 2.80 10.02 10.02 10.02 2.80 2.80 2.80 10.02 10.02 0.00 0.00 0.00 0.00 0.00 0.00 0.00 0.00 0.00 0.00 0.00 0.00
8.25 8.25 10.82 10.08 11.90 10.82 9.50 6.48 6.48 9.09 8.94 9.29 8.14 9.09 8.94 8.94 8.94 12.60 12.60 11.65 11.65 13.52 12.68 8.81 9.10 7.35 11.54 10.53 10.67 12.53 7.03 7.03 8.50 8.58 8.97 2.33 8.36 9.87 11.18 9.64 12.13 8.56 10.03 9.49 9.70 9.70 10.02 9.41 12.92 12.07 8.56 8.56 6.86 6.86 6.86 8.52 2.80 2.80 10.02 10.02 2.80 10.02 10.02 10.02 2.80 2.80 2.80 10.02 10.02 9.60 10.17 0.00 0.00 0.00 0.00 0.00 0.00 0.00 0.00 0.00 0.00 0.00 0.00
8.24 8.07 8.79 9.53 5.87 5.99 8.26 11.21 11.21 11.95 12.24 11.95 11.65 11.80 11.80 12.45 12.60 9.38 8.44 8.29 7.22 7.22 12.66 12.44 10.57 6.71 8.86 12.38 12.68 12.45 11.56 2.62 2.80 8.36 8.50 8.50 8.36 8.36 9.46 8.47 8.47 11.71 10.64 10.94 10.78 9.82 12.61 10.37 6.86 8.56 6.86 6.86 6.86 6.86 6.86 9.86 10.02 10.02 2.80 2.80 10.02 10.02 2.80 2.80 2.80 10.02 10.02 9.58 10.17 10.17 8.52 0.00 0.00 0.00 0.00 0.00 0.00 0.00 0.00 0.00 0.00 0.00 0.00
8.07 8.24 7.16 10.67 6.66 1.42 8.12 8.00 11.01 12.39 13.92 10.40 8.14 8.29 8.44 11.80 14.27 8.73 10.85 11.16 9.82 8.14 8.14 6.77 6.77 13.13 11.87 11.87 12.16 12.16 5.99 2.33 2.47 2.33 8.50 8.36 8.36 8.58 8.36 8.77 8.62 8.47 11.71 11.86 8.70 11.32 5.81 6.86 6.86 6.86 6.86 6.86 6.86 8.41 2.30 2.80 2.80 2.80 2.80 10.02 2.80 2.80 2.80 10.02 10.02 10.17 10.17 8.52 8.52 8.52 0.00 0.00 0.00 0.00 0.00 0.00 0.00 0.00 0.00 0.00 0.00 0.00 0.00
8.24 8.24 8.24 10.67 7.16 6.81 6.96 7.30 11.31 7.21 11.51 10.57 8.14 8.14 11.03 11.00 10.85 12.09 3.75 11.27 8.14 8.14 8.14 7.64 8.65 9.46 13.89 8.36 2.51 11.87 5.91 5.91 5.84 5.84 5.84 8.58 8.58 8.58 8.58 2.59 2.59 8.47 9.10 11.86 5.96 8.41 7.67 6.86 6.86 6.86 6.86 8.41 2.30 2.30 8.41 10.02 10.02 10.02 2.80 2.80 2.80 2.80 10.02 10.17 10.17 8.52 0.00 0.00 0.00 0.00 0.00 0.00 0.00 0.00 0.00 0.00 0.00 0.00 0.00 0.00 0.00 0.00 0.00
8.24 8.07 7.16 5.87 9.38 9.68 7.46 11.65 6.77 10.40 10.70 12.83 9.87 9.29 11.30 10.85 11.28 9.96 11.80 8.14 9.29 9.29 8.14 7.94 10.16 9.87 15.32 12.16 6.02 8.36 2.51 12.16 12.16 11.87 8.36 11.87 12.09 8.58 8.58 8.56 2.30 5.81 11.71 8.20 2.30 8.56 6.86 6.86 6.86 8.41 2.30 2.30 8.41 8.41 8.41 10.02 10.02 2.80 2.80 2.80 10.02 10.17 10.17 10.17 8.52 0.00 0.00 0.00 0.00 0.00 0.00 0.00 0.00 0.00 0.00 0.00 0.00 0.00 0.00 0.00 0.00 0.00 0.00
8.22 8.80 2.89 6.28 5.87 9.38 10.67 10.57 8.00 10.40 3.62 7.13 8.29 6.48 11.29 11.28 9.99 8.14 2.44 14.94 10.69 9.29 8.14 8.94 10.31 9.87 2.59 8.65 12.16 8.79 2.49 9.46 9.46 9.87 2.59 2.74 6.13 8.58 8.58 12.07 5.96 2.46 8.20 2.30 2.30 2.30 6.86 6.86 8.41 2.30 2.30 8.41 8.41 8.41 8.41 2.80 2.80 2.80 2.80 9.34 8.52 9.86 8.52 8.52 0.00 0.00 0.00 0.00 0.00 0.00 0.00 0.00 0.00 0.00 0.00 0.00 0.00 0.00 0.00 0.00 0.00 0.00 0.00
7.16 6.66 6.20 6.19 6.28 6.66 6.66 11.95 8.14 8.14 9.29 5.95 1.94 6.48 8.14 7.95 11.46 11.65 11.65 14.21 10.69 9.29 8.94 8.65 2.63 2.59 8.65 12.16 12.30 2.78 2.63 2.49 10.01 10.01 2.49 8.94 2.78 11.27 12.09 12.27 9.45 8.20 8.20 2.30 2.30 2.30 8.41 2.30 2.30 8.41 8.41 8.41 8.41 2.30 2.30 2.80 2.80 9.34 8.52 0.00 0.00 0.00 0.00 0.00 0.00 0.00 0.00 0.00 0.00 0.00 0.00 0.00 0.00 0.00 0.00 0.00 0.00 0.00 0.00 0.00 0.00 0.00 0.00
8.05 6.66 6.66 6.92 6.58 6.16 5.99 9.82 14.93 11.65 6.48 5.15 9.99 6.48 1.94 7.95 7.95 7.95 8.14 11.65 2.05 8.14 9.18 12.16 6.14 12.16 8.65 6.11 8.65 9.60 2.49 9.60 9.60 8.89 8.65 2.74 6.14 12.01 8.80 2.74 9.10 8.20 8.20 9.32 8.41 8.41 8.41 2.30 2.30 2.30 8.41 8.41 2.30 2.30 2.30 10.02 8.52 0.00 0.00 0.00 0.00 0.00 0.00 0.00 0.00 0.00 0.00 0.00 0.00 0.00 0.00 0.00 0.00 0.00 0.00 0.00 0.00 0.00 0.00 0.00 0.00 0.00 0.00
6.66 6.66 6.66 6.66 6.66 6.28 5.87 6.58 9.96 11.80 11.18 10.09 10.09 9.99 6.58 7.77 3.44 9.82 8.44 11.65 12.75 11.65 6.14 12.16 8.65 8.65 8.65 12.16 2.59 8.65 8.65 8.43 10.01 9.87 13.38 12.16 8.36 2.65 8.65 8.85 9.10 9.55 8.20 9.32 10.64 8.41 8.41 8.41 2.30 2.30 2.30 2.30 2.30 8.41 8.41 8.52 0.00 0.00 0.00 0.00 0.00 0.00 0.00 0.00 0.00 0.00 0.00 0.00 0.00 0.00 0.00 0.00 0.00 0.00 0.00 0.00 0.00 0.00 0.00 0.00 0.00 0.00 0.00
6.66 6.66 6.66 6.81 10.32 10.32 9.38 9.99 10.09 10.24 6.58 6.58 6.58 6.75 11.16 6.48 3.44 10.11 8.44 6.54 3.22 3.21 2.77 9.87 8.65 8.65 8.65 8.65 6.03 12.30 8.94 8.79 12.16 6.00 8.36 8.36 8.36 8.36 8.36 8.20 8.20 8.68 8.35 8.41 8.41 8.41 8.41 8.41 2.30 2.30 2.30 8.41 8.41 8.82 0.00 0.00 0.00 0.00 0.00 0.00 0.00 0.00 0.00 0.00 0.00 0.00 0.00 0.00 0.00 0.00 0.00 0.00 0.00 0.00 0.00 0.00 0.00 0.00 0.00 0.00 0.00 0.00 0.00
7.16 6.66 6.66 6.16 6.16 6.81 10.67 9.99 6.58 6.58 6.58 6.58 3.44 6.58 6.58 10.28 10.57 9.99 11.95 8.73 13.04 9.58 10.13 10.16 8.79 8.65 8.65 8.65 8.65 9.66 6.29 12.30 12.16 7.76 2.33 8.36 8.36 8.36 8.36 2.30 8.41 8.41 8.41 2.30 2.30 8.41 2.30 2.30 2.30 8.41 8.41 8.82 6.86 0.00 0.00 0.00 0.00 0.00 0.00 0.00 0.00 0.00 0.00 0.00 0.00 0.00 0.00 0.00 0.00 0.00 0.00 0.00 0.00 0.00 0.00 0.00 0.00 0.00 0.00 0.00 0.00 0.00 0.00
7.36 7.22 7.25 6.35 9.38 9.50 5.99 6.58 6.58 6.58 6.58 6.58 7.35 6.58 6.58 10.38 11.80 6.77 2.74 8.14 9.18 12.80 10.13 10.16 10.01 9.46 9.46 9.46 8.65 12.16 11.80 2.49 8.36 9.62 2.47 2.47 8.36 8.58 8.58 8.41 8.41 8.41 2.30 2.30 2.30 2.30 2.30 2.30 8.41 8.56 8.96 0.00 0.00 0.00 0.00 0.00 0.00 0.00 0.00 0.00 0.00 0.00 0.00 0.00 0.00 0.00 0.00 0.00 0.00 0.00 0.00 0.00 0.00 0.00 0.00 0.00 0.00 0.00 0.00 0.00 0.00 0.00 0.00
6.35 7.22 10.73 9.72 6.21 5.99 5.99 6.58 6.58 6.58 6.58 6.58 6.58 6.58 6.58 6.58 12.06 8.00 6.48 8.14 10.40 10.40 12.84 9.60 9.46 9.46 9.46 12.97 12.16 9.87 2.59 8.65 9.62 9.62 8.72 8.72 8.58 8.58 8.58 8.41 8.41 8.41 2.54 2.30 2.30 2.30 8.41 8.41 8.41 2.45 8.82 0.00 0.00 0.00 0.00 0.00 0.00 0.00 0.00 0.00 0.00 0.00 0.00 0.00 0.00 0.00 0.00 0.00 0.00 0.00 0.00 0.00 0.00 0.00 0.00 0.00 0.00 0.00 0.00 0.00 0.00 0.00 0.00
7.25 9.39 9.72 6.21 6.21 5.99 5.99 6.58 6.58 6.58 6.58 6.58 6.58 6.58 6.58 6.58 10.09 11.10 8.00 9.26 10.40 10.40 10.54 12.30 6.11 12.97 12.97 12.16 10.01 9.46 2.49 2.74 8.89 8.58 8.58 8.58 8.58 8.58 8.58 8.41 8.41 2.30 2.30 2.30 8.41 8.41 8.41 8.41 14.44 13.16 9.23 7.99 0.00 0.00 0.00 0.00 0.00 0.00 0.00 0.00 0.00 0.00 0.00 0.00 0.00 0.00 0.00 0.00 0.00 0.00 0.00 0.00 0.00 0.00 0.00 0.00 0.00 0.00 0.00 0.00 0.00 0.00 0.00
9.72 6.21 5.99 5.99 5.99 5.99 5.99 6.58 6.58 6.58 6.58 6.58 6.58 6.58 6.58 6.58 6.58 7.24 7.02 10.40 10.40 10.40 9.47 12.63 12.16 14.10 12.30 13.52 3.07 9.53 9.09 10.45 9.04 8.58 8.58 8.58 8.58 8.58 8.58 8.41 8.41 8.41 7.67 8.41 8.41 8.41 8.41 11.86 8.41 11.60 2.60 7.99 0.00 0.00 0.00 0.00 0.00 0.00 0.00 0.00 0.00 0.00 0.00 0.00 0.00 0.00 0.00 0.00 0.00 0.00 0.00 0.00 0.00 0.00 0.00 0.00 0.00 0.00 0.00 0.00 0.00 0.00 0.00
6.83 6.67 6.67 6.67 6.67 6.67 6.67 6.19 6.19 6.19 6.49 6.78 6.19 6.19 3.21 6.19 6.19 8.84 12.31 9.87 8.65 8.75 11.61 12.93 9.42 10.13 10.66 9.89 12.84 12.76 13.99 10.44 11.77 8.31 8.16 8.16 8.16 8.16 8.16 8.08 8.25 8.08 10.25 10.25 8.08 5.74 6.17 8.58 9.47 8.22 8.37 7.69 0.00 0.00 0.00 0.00 0.00 0.00 0.00 0.00 0.00 0.00 0.00 0.00 0.00 0.00 0.00 0.00 0.00 0.00 0.00 0.00 0.00 0.00 0.00 0.00 0.00 0.00 0.00 0.00 0.00 0.00 0.00
6.67 6.67 6.67 6.67 6.67 6.67 6.67 6.19 6.19 6.19 6.39 6.78 6.19 6.19 8.24 6.19 6.19 6.19 12.16 12.16 12.26 5.88 2.14 4.88 9.42 9.57 10.44 9.54 9.25 3.78 7.36 13.95 9.85 9.85 8.16 8.16 8.16 8.16 8.16 8.08 8.08 8.08 8.08 8.08 11.59 5.89 11.95 12.09 11.95 8.37 8.22 7.69 0.00 0.00 0.00 0.00 0.00 0.00 0.00 0.00 0.00 0.00 0.00 0.00 0.00 0.00 0.00 0.00 0.00 0.00 0.00 0.00 0.00 0.00 0.00 0.00 0.00 0.00 0.00 0.00 0.00 0.00 0.00
6.67 6.67 6.67 6.67 6.67 6.67 6.67 6.19 6.19 6.19 6.19 9.70 6.19 6.19 6.19 6.19 6.19 7.95 11.39 11.54 2.66 2.36 7.95 7.51 8.22 9.42 9.16 8.66 3.20 10.59 10.76 10.58 14.53 14.38 15.00 8.16 8.16 8.16 8.16 8.08 8.08 11.59 11.59 11.59 11.55 13.13 13.57 12.09 12.32 9.88 8.29 7.84 0.00 0.00 0.00 0.00 0.00 0.00 0.00 0.00 0.00 0.00 0.00 0.00 0.00 0.00 0.00 0.00 0.00 0.00 0.00 0.00 0.00 0.00 0.00 0.00 0.00 0.00 0.00 0.00 0.00 0.00 0.00
6.96 6.81 6.67 6.67 6.67 6.76 7.98 6.52 6.19 6.52 5.78 6.52 9.70 6.19 6.19 6.19 9.70 11.39 11.68 9.19 8.96 7.88 7.95 7.51 7.51 9.02 9.02 9.52 9.71 9.57 7.59 7.52 4.28 3.49 12.11 11.82 11.67 11.67 11.67 11.59 11.59 8.08 8.04 8.43 11.48 12.98 13.42 14.99 9.73 9.73 11.48 8.19 0.00 0.00 0.00 0.00 0.00 0.00 0.00 0.00 0.00 0.00 0.00 0.00 0.00 0.00 0.00 0.00 0.00 0.00 0.00 0.00 0.00 0.00 0.00 0.00 0.00 0.00 0.00 0.00 0.00 0.00 0.00
2.10 1.95 6.67 6.67 6.67 6.67 6.76 6.19 6.19 3.21 6.52 6.52 9.70 6.19 6.19 9.61 11.39 12.32 11.98 11.90 11.61 5.88 7.88 8.50 8.50 8.59 9.42 9.02 9.16 8.44 8.50 8.22 8.65 8.50 8.45 8.37 8.16 8.16 8.16 8.08 8.08 8.04 8.43 8.87 14.70 9.47 9.47 9.59 9.44 9.44 9.59 10.60 0.00 0.00 0.00 0.00 0.00 0.00 0.00 0.00 0.00 0.00 0.00 0.00 0.00 0.00 0.00 0.00 0.00 0.00 0.00 0.00 0.00 0.00 0.00 0.00 0.00 0.00 0.00 0.00 0.00 0.00 0.00
10.07 6.56 6.67 6.67 6.67 6.67 6.67 6.19 6.19 6.19 6.19 6.19 9.70 9.70 9.61 7.31 7.73 12.32 8.17 9.25 8.09 8.54 11.68 12.89 11.46 8.73 8.73 8.59 8.88 8.88 8.73 8.65 8.44 8.50 8.59 9.10 8.31 8.16 8.16 8.08 8.27 8.29 8.58 9.93 12.66 8.37 3.46 9.44 9.44 9.44 9.44 9.61 0.00 0.00 0.00 0.00 0.00 0.00 0.00 0.00 0.00 0.00 0.00 0.00 0.00 0.00 0.00 0.00 0.00 0.00 0.00 0.00 0.00 0.00 0.00 0.00 0.00 0.00 0.00 0.00 0.00 0.00 0.00
