New_Model_Runs/12_Future_RCP4.5_Scn2_out/post_prcessed_with_MFR/Monthly_summaries/net_infiltration_monthly_OCT.asc
NCOLS 700
NROWS 400
XLLCENTER 515000.000000
YLLCENTER 8409000.000000
CELLSIZE 50.000000
NODATA_value -999.000000
[rows 222 to 258 of 400, columns 166 to 248 of 700]
10.10 9.30 9.31 9.31 9.31 9.31 9.32 9.32 10.12 9.32 11.35 9.60 9.60 12.64 13.54 13.34 11.75 15.22 12.89 12.89 12.89 12.87 12.11 12.01 12.27 12.87 16.80 13.09 13.59 13.86 12.21 12.45 12.45 13.17 13.19 13.19 12.22 9.28 10.93 8.85 10.93 10.93 10.14 11.88 13.25 12.47 12.47 11.86 8.17 7.96 8.01 8.01 8.01 8.01 8.03 8.03 8.03 8.03 7.68 7.68 7.68 8.51 8.69 9.84 8.69 10.36 8.68 8.68 9.84 7.37 6.28 8.71 8.71 8.71 8.50 8.50 8.50 9.62 8.43 8.43 8.43 8.43 8.32
9.30 9.30 9.65 12.21 9.31 9.31 10.12 9.32 9.32 9.32 9.60 11.35 12.18 12.88 13.65 13.34 12.23 15.70 13.34 12.89 12.89 12.87 12.87 12.89 12.87 18.32 17.00 13.22 12.59 13.22 13.82 12.45 12.45 13.44 13.45 12.45 12.22 13.56 12.45 12.45 13.86 12.45 14.10 12.47 12.47 11.88 11.86 11.86 7.96 7.96 8.86 9.43 11.98 8.85 8.03 8.03 8.03 8.03 7.68 7.68 7.68 7.68 8.69 8.69 8.69 6.28 6.28 6.28 6.28 6.28 6.28 6.28 6.28 6.28 6.10 6.10 6.10 8.50 8.43 8.43 8.43 8.43 9.43
12.15 13.94 12.18 12.18 12.18 9.29 9.31 9.31 9.31 9.31 10.47 9.62 12.66 12.66 12.88 13.34 13.13 16.90 13.49 13.18 13.18 13.18 13.21 12.87 18.68 17.66 13.32 12.43 13.85 12.43 12.17 12.17 13.61 13.25 13.41 12.42 12.42 13.22 12.41 12.41 12.41 13.22 12.47 12.47 12.47 11.86 12.42 11.57 7.96 11.18 7.95 7.95 7.95 7.95 7.93 7.93 7.93 8.37 7.61 7.61 7.61 8.64 9.80 8.66 8.66 6.28 6.28 6.28 6.28 6.28 6.28 6.28 6.28 6.28 10.56 10.56 10.56 8.49 9.53 8.40 8.40 11.33 8.98
13.80 13.29 12.18 12.18 12.18 12.18 12.21 13.19 12.81 12.21 13.30 12.66 13.30 12.66 12.88 13.18 13.79 7.92 13.13 13.34 13.18 13.18 13.18 14.51 16.84 13.18 13.17 13.22 12.43 12.43 12.43 12.43 13.22 13.17 13.17 13.22 13.17 13.17 13.22 12.41 12.41 13.22 12.47 11.86 11.86 12.75 15.83 12.88 13.41 11.86 11.85 11.85 11.85 11.85 11.99 12.77 11.84 14.16 7.61 7.61 7.61 8.64 9.89 8.66 8.81 6.43 6.28 6.28 6.28 10.85 10.88 7.52 10.49 8.71 9.13 10.56 8.49 8.49 8.40 8.40 8.40 8.40 8.35
14.21 13.14 13.16 13.16 13.16 13.16 13.20 13.20 13.20 13.20 13.48 13.48 13.48 13.73 14.50 14.07 14.38 14.83 16.64 14.22 13.73 13.73 14.07 14.23 13.89 17.37 14.75 14.72 14.60 13.78 13.27 14.26 14.26 14.17 14.26 14.26 14.26 14.17 14.17 14.26 13.25 14.26 12.79 13.85 12.79 12.79 14.23 12.78 12.78 13.81 13.81 15.70 13.81 13.81 14.03 14.26 13.81 14.61 12.77 7.91 7.91 8.95 8.97 8.97 8.97 12.32 6.50 11.32 9.01 9.01 6.50 12.18 7.27 6.50 8.49 8.49 8.49 8.49 8.40 8.40 8.40 8.40 8.35
13.14 13.14 13.16 13.16 13.88 13.16 13.20 15.49 14.28 13.20 13.48 13.73 13.73 14.35 14.33 14.07 14.07 14.22 17.80 17.66 13.62 18.41 14.07 14.23 13.60 14.32 18.38 14.75 15.90 14.60 14.60 14.60 14.60 14.17 14.41 14.41 14.26 14.26 14.26 14.26 14.26 14.17 13.81 16.01 13.81 12.79 12.78 12.78 12.78 12.78 13.96 13.96 13.81 13.81 13.96 14.11 13.50 14.61 12.66 9.50 10.15 8.95 8.97 11.64 8.97 8.97 12.18 9.01 9.01 12.16 12.18 9.03 9.03 9.03 8.49 8.49 8.49 8.49 9.53 8.40 8.40 8.40 8.35
13.18 13.90 13.20 13.93 13.98 14.27 13.25 13.48 13.48 13.48 13.75 13.75 14.53 14.53 14.07 14.07 15.25 15.50 14.53 16.64 7.85 16.79 17.50 16.48 16.33 16.33 8.31 14.75 14.90 14.90 14.75 14.72 14.90 14.72 15.05 13.73 16.33 17.37 14.17 14.26 14.26 14.26 13.81 13.81 13.81 12.77 12.41 12.90 13.05 14.26 14.26 13.81 13.81 12.75 12.92 12.92 12.77 14.61 11.53 11.53 8.99 8.99 9.04 9.04 9.04 9.04 6.50 9.08 9.08 11.42 9.07 9.07 9.07 9.07 8.50 8.50 8.50 8.50 8.43 8.43 8.43 8.43 8.36
13.18 13.18 13.20 13.20 13.20 13.20 13.25 13.25 13.48 13.48 13.51 14.87 14.07 15.25 15.35 14.07 14.07 14.07 14.07 14.07 14.22 18.15 16.79 4.72 17.65 17.35 7.04 19.55 19.70 18.24 19.40 17.20 18.68 18.24 7.72 7.34 13.73 15.05 14.90 14.75 14.17 17.90 13.81 13.83 12.77 12.77 12.75 13.81 14.18 14.03 14.18 14.26 13.81 12.75 12.46 8.57 8.57 8.57 7.93 7.93 8.99 8.99 9.04 9.04 9.30 11.36 11.42 12.18 9.08 9.08 9.07 9.07 9.07 9.32 11.41 8.78 8.78 10.58 8.43 8.43 8.43 8.43 8.36
9.91 9.91 9.92 9.92 9.92 9.92 9.95 11.89 9.95 13.25 14.65 13.75 13.75 13.75 15.35 14.07 14.07 14.07 15.35 14.07 14.07 14.07 16.48 17.65 14.33 14.63 14.77 14.77 18.24 18.24 14.77 18.34 7.19 3.41 14.61 18.39 18.09 7.01 18.24 3.56 13.88 13.27 14.43 14.12 13.81 12.77 13.81 2.88 17.35 17.50 17.50 14.75 13.81 13.81 13.83 12.46 12.46 8.57 7.93 8.99 8.99 8.99 9.04 9.04 9.04 11.36 11.42 9.08 9.08 9.08 9.07 9.07 11.52 9.16 10.90 8.78 8.50 8.50 8.43 8.43 8.43 8.43 8.36
9.91 9.91 9.92 9.92 9.92 9.92 9.95 9.95 9.95 11.11 10.11 13.51 14.26 13.75 14.07 14.07 14.07 15.35 14.07 14.07 14.07 15.46 14.07 14.07 18.15 4.16 15.37 12.54 14.61 13.88 5.05 17.51 7.86 3.71 14.77 14.92 14.61 17.94 15.41 19.56 7.34 18.24 13.04 14.43 14.43 13.74 14.22 17.77 17.28 17.43 16.19 13.43 12.41 13.43 12.46 12.46 12.46 12.46 11.53 8.99 8.99 8.99 9.04 9.04 9.04 11.68 9.32 9.32 9.08 9.08 10.50 10.50 9.07 9.32 8.78 10.58 8.50 8.50 8.43 8.43 8.43 8.43 8.72
9.97 9.97 11.96 9.99 9.99 9.99 10.00 10.00 11.52 10.52 12.17 12.36 12.17 14.56 14.53 14.53 14.60 14.07 14.07 14.07 14.07 14.07 15.35 14.07 15.91 18.16 18.53 19.25 18.41 18.53 18.09 18.65 14.44 7.34 18.38 17.05 16.90 16.21 14.16 16.75 15.14 17.36 17.62 17.62 17.77 17.77 16.52 17.19 13.56 16.73 13.23 12.54 12.54 12.54 12.59 12.59 12.59 12.59 11.61 12.88 9.58 10.22 10.27 9.08 10.27 9.32 10.99 11.63 11.63 9.34 9.11 9.26 10.55 9.34 8.52 8.52 8.52 8.52 8.42 8.42 8.42 9.54 8.38
9.97 9.97 9.99 9.99 9.99 9.99 10.00 10.96 10.00 10.00 10.15 10.15 12.17 12.36 12.34 12.12 12.12 13.75 15.35 14.07 14.07 14.07 14.07 14.07 15.96 14.37 14.60 15.32 14.57 14.60 14.60 15.88 18.38 3.56 14.90 11.10 12.73 16.66 16.66 12.25 12.25 16.37 13.85 14.89 15.27 14.74 13.04 13.56 13.10 16.73 13.23 14.76 14.28 13.23 13.28 12.59 12.59 12.59 12.88 12.88 12.88 9.04 9.08 9.08 9.08 9.08 9.34 12.52 15.49 11.78 9.49 9.64 12.52 12.37 8.79 8.52 8.52 8.52 8.42 8.42 10.72 9.54 8.38
9.97 9.97 9.99 9.99 9.99 9.99 11.98 10.96 10.00 10.00 10.15 10.15 10.15 12.17 12.12 12.12 10.52 15.73 13.72 13.72 13.72 14.07 14.07 17.01 14.38 15.44 14.60 11.78 14.60 14.60 14.60 15.47 15.47 18.59 14.45 16.15 10.23 10.95 16.17 15.44 14.40 13.76 13.79 13.79 13.04 13.79 15.05 13.41 14.21 17.55 17.56 13.49 12.17 12.17 12.35 10.16 14.06 13.28 13.61 13.61 13.61 12.88 9.08 9.08 9.08 9.08 9.34 9.65 11.78 15.41 15.41 15.56 11.93 14.00 8.79 8.52 10.61 8.52 8.42 8.74 8.42 8.42 8.38
9.97 9.97 9.99 9.99 9.99 9.99 10.00 11.29 10.00 10.00 10.15 10.15 12.17 10.15 10.11 10.11 10.11 13.51 13.72 13.46 13.72 14.07 14.07 14.07 14.07 14.07 14.60 11.78 15.11 13.98 14.81 14.46 14.81 14.81 14.44 13.64 10.23 13.66 12.74 16.37 14.57 13.76 13.94 14.26 13.04 15.64 13.26 13.26 13.10 14.21 17.56 17.12 17.91 12.82 3.15 12.90 12.35 12.35 14.29 13.38 13.23 12.88 9.08 9.08 9.08 9.08 9.12 9.35 14.66 11.63 11.93 12.02 9.41 9.34 9.65 9.65 8.52 8.52 8.74 8.42 8.42 9.54 8.38
10.01 10.01 10.06 10.06 10.06 10.06 10.07 10.07 10.07 10.07 10.21 12.24 12.24 10.21 10.14 10.14 12.15 12.15 10.07 13.45 13.72 14.07 14.07 14.07 14.07 14.07 14.60 14.81 14.47 13.67 13.96 9.11 9.11 14.79 14.39 13.60 13.60 12.71 12.68 16.16 15.31 14.89 15.05 13.25 13.10 13.10 13.28 13.28 13.28 13.28 14.34 13.34 14.50 17.75 16.14 14.72 11.98 13.01 12.24 9.63 11.42 9.33 9.10 9.10 9.33 9.33 9.50 15.41 2.69 11.78 13.54 9.78 9.25 9.09 8.48 8.48 9.89 9.86 8.40 8.40 8.40 8.40 8.42
10.01 10.01 10.06 10.06 10.06 10.06 10.07 11.04 10.07 10.07 10.21 10.21 10.21 10.21 10.14 10.14 10.14 10.14 12.06 14.25 14.19 14.49 14.07 14.07 14.07 14.07 14.60 14.81 14.81 14.47 13.96 14.60 9.11 15.32 13.94 13.94 13.60 13.60 12.68 13.02 18.36 14.73 14.00 13.10 13.10 13.10 13.28 13.28 13.28 13.28 14.50 13.49 13.34 14.22 16.75 15.99 15.15 16.19 11.49 12.67 9.63 11.78 9.48 9.33 11.93 11.49 11.78 7.09 2.84 12.34 14.74 11.70 12.34 10.15 8.48 8.48 8.48 8.48 12.63 8.40 8.40 8.40 8.42
10.01 10.01 10.06 10.06 10.06 10.06 10.07 10.07 10.07 10.07 10.21 10.21 10.21 10.21 10.14 10.14 10.14 10.14 10.46 13.45 13.45 13.72 14.07 14.07 14.07 15.46 14.57 13.81 14.78 13.67 14.79 14.79 14.79 16.10 13.94 15.07 13.94 14.77 12.19 15.46 14.89 14.73 13.10 13.10 13.10 13.10 13.28 13.28 14.05 13.28 13.49 14.50 14.34 14.22 13.84 12.70 13.12 13.39 18.18 16.15 11.78 11.93 11.78 11.78 11.93 11.78 15.26 11.03 11.18 11.18 13.03 11.78 11.73 11.44 8.77 9.61 8.48 8.48 8.40 8.40 8.40 8.40 11.00
10.97 10.01 10.06 10.06 10.06 10.06 10.07 10.07 10.07 10.07 10.21 10.21 10.21 10.21 10.14 10.14 10.14 10.14 10.07 13.72 14.07 14.07 14.07 13.70 13.70 10.24 12.74 13.97 13.67 13.67 13.64 13.64 13.64 14.44 13.60 13.60 14.44 14.77 10.16 14.89 15.94 14.32 13.10 13.10 13.10 13.10 13.28 13.28 13.51 13.81 13.99 14.65 14.76 13.34 13.59 14.41 14.25 12.95 12.37 11.63 15.26 15.26 11.78 11.93 11.93 11.33 15.99 11.63 11.63 11.33 12.09 11.78 14.26 9.33 8.77 8.48 8.48 8.48 8.40 8.40 8.40 8.40 8.42
10.04 10.04 10.10 10.10 10.10 10.10 10.08 11.05 10.08 10.08 10.20 10.20 10.20 10.20 10.12 10.12 10.12 10.12 12.30 12.15 14.07 12.15 14.31 10.06 10.06 10.25 10.48 10.48 13.72 13.72 13.68 13.68 13.68 13.68 15.31 14.44 14.44 14.39 13.60 18.40 14.72 14.39 13.23 13.23 13.23 13.23 13.33 13.54 13.33 13.84 4.84 4.88 14.09 13.39 14.56 14.56 14.25 15.46 12.21 11.63 11.78 11.78 15.11 15.27 11.64 11.79 16.30 4.18 13.69 11.93 14.12 12.21 11.63 9.89 10.52 8.46 8.46 8.46 8.43 8.43 8.43 9.55 8.48
10.04 10.04 10.10 11.07 10.10 10.10 10.08 10.08 12.08 10.08 10.20 10.20 10.20 11.16 10.12 10.12 10.12 10.12 12.04 12.30 12.30 12.15 12.30 10.06 10.06 10.06 10.28 10.28 13.72 13.72 13.68 13.68 13.68 13.68 13.60 13.60 14.77 13.60 13.60 14.39 14.77 13.60 13.23 13.23 13.23 13.23 13.33 13.54 13.54 14.12 14.27 14.43 13.04 14.25 14.25 13.04 14.25 18.31 13.56 12.65 12.09 12.24 4.22 4.52 15.57 15.42 16.51 12.24 11.33 11.63 11.63 11.63 9.31 9.05 9.59 8.46 8.46 8.46 8.43 8.43 8.43 8.43 8.48
9.71 9.71 9.66 9.66 9.66 9.66 9.65 10.17 10.68 11.36 9.63 9.63 11.61 10.48 9.65 9.65 9.65 9.65 9.58 11.30 9.67 11.30 9.58 9.58 9.58 9.58 9.67 9.67 9.67 9.67 12.83 12.83 12.83 12.83 12.77 12.77 12.77 12.77 12.77 12.77 13.42 12.77 12.69 12.69 13.34 13.34 12.87 13.44 13.41 15.41 14.87 13.56 13.00 12.95 13.66 13.26 13.29 14.34 13.16 11.34 11.79 11.30 11.46 4.57 11.76 11.15 12.02 14.33 11.34 11.49 11.20 11.20 9.11 8.84 8.09 8.09 8.09 8.09 8.06 8.06 8.06 8.06 8.11
9.71 9.71 9.66 9.66 9.66 9.66 9.65 9.65 9.65 9.65 9.63 9.63 9.63 9.63 10.51 10.51 10.51 10.49 9.58 9.58 9.58 9.58 9.58 9.58 9.58 9.58 9.67 9.67 9.67 9.67 9.65 9.65 12.83 12.83 12.77 12.77 12.77 12.77 12.77 12.77 12.77 12.77 12.69 12.69 12.69 13.77 13.44 13.29 13.44 14.36 12.85 12.75 12.90 13.00 12.96 12.96 13.76 14.34 13.29 13.29 11.49 11.49 11.46 11.91 11.30 11.58 10.85 14.33 12.04 11.49 11.20 9.10 8.84 8.84 8.09 8.09 8.09 8.09 8.06 8.06 8.06 8.35 8.11
9.63 9.63 9.64 9.64 11.25 10.49 9.67 13.86 9.67 9.67 9.64 9.64 9.64 9.64 9.60 9.60 9.60 9.60 9.58 9.58 9.58 9.58 9.60 9.60 9.60 9.60 9.73 9.73 9.73 9.73 9.70 9.70 9.70 12.91 12.82 12.82 12.82 12.82 12.84 12.84 12.84 13.51 12.71 12.71 12.71 12.93 13.62 13.29 14.13 13.62 13.33 12.68 12.83 12.83 12.75 12.75 13.75 14.34 13.29 13.16 11.89 12.04 11.30 11.58 11.42 11.27 15.05 11.49 11.49 11.89 11.19 11.34 8.98 8.83 8.11 8.11 8.11 8.11 8.10 8.10 8.37 8.37 10.01
9.63 9.63 9.64 9.64 9.64 9.64 9.67 9.67 10.53 9.67 9.64 9.64 9.64 9.64 9.60 9.60 9.60 9.60 9.58 9.58 12.92 11.30 9.60 9.60 9.60 9.60 9.73 9.73 9.73 9.73 9.70 9.70 9.70 12.91 12.82 12.82 12.82 12.82 12.84 12.84 12.84 13.83 12.71 13.36 12.71 12.93 13.62 14.16 13.35 12.69 13.33 13.41 12.68 12.83 4.33 12.01 13.90 14.18 13.16 13.29 12.04 11.00 11.00 10.70 11.34 11.49 15.12 11.49 11.49 11.23 11.19 8.83 8.83 9.09 8.26 8.11 9.90 8.11 8.10 8.37 8.99 10.32 10.35
9.63 9.63 9.64 11.24 9.64 9.64 9.67 9.67 10.53 9.67 9.64 9.64 11.38 11.55 11.53 11.32 11.32 11.32 9.58 9.68 11.51 9.58 9.60 9.60 9.60 9.60 9.73 9.73 9.73 9.73 9.70 9.70 9.70 9.70 12.82 12.82 12.82 12.82 12.84 12.84 12.84 12.84 12.71 12.71 13.36 13.78 12.93 12.69 12.69 13.41 8.28 13.41 13.41 12.83 13.20 12.46 4.85 13.75 12.94 13.16 11.28 11.00 12.20 10.70 12.20 14.63 14.97 11.49 9.12 8.87 11.39 11.89 8.83 9.26 8.79 8.38 8.11 8.11 8.10 9.12 8.10 8.10 8.13
9.63 9.63 9.64 9.64 9.64 9.64 9.67 9.67 9.67 9.67 9.64 9.64 11.38 9.71 11.53 11.32 11.32 9.60 12.17 11.77 9.58 9.58 9.60 9.60 9.60 9.60 9.73 9.73 9.73 9.73 9.70 10.64 9.70 9.70 9.73 12.82 13.85 12.82 12.84 12.84 12.84 12.84 12.71 12.71 12.71 12.93 13.92 12.69 15.15 13.41 8.28 14.13 12.68 12.83 12.01 3.29 14.76 14.61 12.94 11.89 11.34 11.38 11.42 11.24 3.36 14.78 11.89 11.34 8.96 10.30 8.98 11.06 6.33 11.89 8.11 9.14 8.11 8.11 8.19 8.10 8.10 8.10 8.13
9.72 10.48 9.70 9.70 10.46 9.70 9.62 9.62 9.62 9.62 9.60 9.60 11.53 13.57 9.59 11.31 11.31 11.31 12.37 11.77 9.83 9.58 9.62 9.62 9.62 11.06 9.75 9.75 9.75 9.75 10.65 9.72 9.72 9.72 9.69 12.89 12.89 12.89 12.91 12.91 12.91 12.91 12.67 13.32 12.67 12.67 12.63 12.63 14.45 14.13 8.28 14.13 12.69 12.84 13.57 14.65 13.76 14.61 11.41 11.89 11.89 11.89 11.64 11.00 2.62 6.40 11.64 11.64 10.70 11.34 8.96 9.10 11.49 11.49 8.21 8.13 8.13 10.14 20.92 8.23 8.23 8.40 8.13
9.72 9.72 9.70 9.70 9.70 9.70 9.62 9.62 9.62 9.62 9.60 9.60 13.68 13.57 12.65 13.26 13.88 11.31 11.52 11.67 9.83 9.58 11.34 9.62 9.62 9.62 9.75 9.75 9.75 9.75 9.72 9.72 9.72 9.72 9.69 12.89 12.89 12.89 12.91 12.91 12.91 12.91 12.67 13.41 13.41 13.41 12.63 13.75 14.48 8.28 8.28 8.28 13.62 12.69 13.56 14.91 14.34 14.61 11.22 11.34 11.34 11.34 12.04 11.58 3.36 14.48 11.49 11.49 11.34 11.89 12.91 11.34 11.34 11.49 10.77 8.79 8.13 10.49 21.34 24.55 20.49 10.34 8.24
9.72 10.48 9.70 9.70 9.70 9.70 9.62 9.62 9.62 10.48 9.60 12.67 12.67 13.57 13.56 12.65 13.41 12.90 12.64 11.30 11.52 11.52 11.34 9.62 9.62 9.62 9.75 9.75 9.75 9.75 9.72 9.72 9.72 9.72 9.69 9.69 12.89 12.89 12.91 12.91 12.91 12.91 12.67 13.41 8.28 8.28 13.40 13.40 13.40 13.40 8.28 14.13 12.69 12.69 13.81 13.76 14.18 14.49 15.19 11.22 11.34 11.34 10.85 12.04 12.20 15.12 11.34 11.34 11.89 11.34 13.49 11.89 11.34 11.89 10.77 8.79 10.14 11.02 24.99 20.92 23.37 19.75 10.34
9.72 10.48 9.70 9.70 9.70 9.70 9.62 9.62 10.48 9.62 9.60 9.60 12.67 13.57 13.56 12.65 14.08 13.56 13.26 13.55 11.52 11.52 11.34 9.62 9.62 9.62 9.75 9.75 9.75 10.68 10.65 9.72 9.72 9.72 9.69 12.89 12.89 12.89 12.91 12.91 12.91 12.91 12.67 13.41 8.28 8.28 8.28 8.28 8.28 8.28 14.13 13.34 13.34 13.62 12.96 14.34 14.33 14.06 12.79 14.85 11.10 10.85 3.51 10.85 11.89 15.12 11.49 12.20 11.89 11.89 11.89 11.89 11.34 11.34 5.75 10.00 10.14 10.86 23.37 19.75 19.75 23.37 19.75
9.72 9.72 9.63 9.63 9.63 9.63 9.66 9.66 9.66 9.66 9.61 9.61 9.61 13.30 13.23 12.62 12.89 14.37 13.23 13.54 13.54 11.28 11.35 9.62 9.62 9.62 10.68 9.78 9.78 10.69 9.77 9.77 9.77 9.77 9.76 12.98 12.98 12.98 12.96 12.96 12.96 12.96 12.63 13.40 8.28 8.28 8.28 12.91 13.06 12.91 12.71 12.71 12.71 13.63 13.67 14.34 14.33 13.92 12.04 11.34 14.97 12.20 11.15 10.85 14.33 10.85 11.00 11.88 12.35 11.89 11.89 11.89 11.89 11.89 5.75 8.39 10.34 10.77 19.75 19.75 20.26 23.37 19.75
9.72 13.09 9.63 9.63 9.63 9.63 9.66 9.66 10.52 9.66 9.61 9.61 9.86 13.30 13.54 12.89 14.08 11.29 13.54 13.54 13.54 9.56 9.62 9.62 9.62 9.62 10.61 9.78 10.69 9.78 9.77 9.77 9.77 9.77 9.76 12.98 12.98 12.98 12.96 12.96 12.96 12.96 12.63 14.80 8.28 10.78 14.13 12.61 12.76 12.88 12.71 12.71 12.82 13.48 12.87 14.18 15.31 14.77 13.29 13.16 11.34 15.42 15.36 6.40 14.78 11.64 11.49 11.94 12.04 11.34 11.34 11.89 11.89 13.49 10.34 10.34 9.59 9.59 9.59 13.22 23.37 13.22 23.37
9.72 9.72 11.47 9.63 9.63 9.63 9.66 9.66 9.66 9.66 10.47 9.61 9.61 13.30 13.54 13.02 13.02 13.54 13.54 13.23 13.54 9.56 9.62 9.62 9.62 9.62 9.78 9.78 9.78 9.78 9.77 9.77 9.77 9.77 9.76 12.98 12.98 12.98 12.96 12.96 12.96 14.01 12.63 14.80 8.28 8.28 12.61 12.61 12.61 12.61 12.71 12.71 12.93 13.29 14.18 14.18 14.18 14.18 13.32 22.35 21.49 11.00 10.85 11.73 15.23 12.65 11.79 11.94 12.50 11.49 11.49 11.89 11.89 11.34 10.34 10.34 9.59 9.59 10.34 10.34 9.59 9.59 23.52
9.72 9.72 9.79 11.62 9.63 9.63 9.66 9.66 9.66 9.66 10.06 9.61 9.61 12.68 13.54 13.02 15.12 13.02 14.65 13.54 12.62 9.56 9.62 9.62 9.62 9.62 9.78 9.78 9.78 9.78 9.77 9.77 9.77 9.77 12.98 12.98 12.98 12.98 12.96 12.96 14.01 12.96 12.63 12.63 14.13 13.40 12.88 12.61 12.61 12.61 12.71 12.93 12.93 13.29 14.18 14.18 14.18 22.23 21.79 21.79 21.64 11.89 3.21 11.00 6.70 14.78 15.23 14.93 7.29 14.78 14.78 15.52 15.52 15.00 10.14 10.87 10.77 9.59 10.34 9.59 13.73 13.73 16.81
9.64 9.64 11.07 9.67 9.67 9.67 9.67 11.04 9.67 10.52 9.58 11.30 11.30 10.54 13.02 10.54 13.02 10.54 10.54 13.52 12.59 9.55 9.65 9.65 9.65 9.65 13.07 9.82 9.82 9.82 9.84 9.84 13.10 13.10 13.11 13.11 13.11 13.11 13.03 13.03 13.03 13.03 12.59 12.59 12.59 13.23 12.56 12.56 12.56 13.20 13.64 13.49 13.29 13.29 14.18 14.34 14.34 22.23 25.67 25.27 25.27 15.67 14.33 14.48 14.63 14.63 11.61 11.79 11.49 11.64 12.04 11.89 11.89 11.89 9.59 9.59 10.77 9.59 10.34 10.34 10.34 9.59 16.16
9.64 9.68 9.67 11.71 10.60 9.67 9.67 9.67 9.67 10.29 9.58 9.58 9.58 14.08 13.02 13.02 14.08 14.08 13.34 13.52 13.20 9.55 9.65 9.65 9.65 12.73 13.07 14.14 9.82 9.82 13.10 13.10 13.10 13.10 13.11 13.11 13.11 13.11 13.03 13.03 13.03 13.03 12.59 12.59 12.59 12.59 12.56 12.56 12.56 13.20 13.64 13.49 13.29 13.29 14.18 14.18 22.23 26.49 25.27 24.93 21.73 11.00 10.85 11.15 15.72 14.63 11.30 11.64 11.34 11.34 11.89 11.89 11.34 11.34 10.77 9.59 9.59 9.59 10.34 10.49 10.49 9.59 23.52
9.05 10.29 10.29 9.23 9.19 9.19 9.63 8.95 8.95 10.34 8.88 8.88 12.24 12.24 12.77 12.77 11.89 11.47 11.48 11.48 11.91 8.85 8.95 8.95 8.95 11.62 12.04 12.04 9.17 9.17 12.07 14.06 12.07 12.07 12.08 12.08 12.08 12.08 12.04 12.04 12.04 13.36 12.59 11.67 11.67 11.67 11.64 11.64 11.64 11.94 11.90 11.90 11.90 11.81 21.25 21.25 24.87 25.55 24.42 21.34 21.04 11.39 10.89 11.19 14.82 14.12 14.12 12.00 11.04 10.89 10.89 10.89 10.89 10.89 9.98 10.37 9.98 10.13 9.81 9.96 9.81 19.36 22.99
