New_Model_Runs/12_Future_RCP4.5_Scn2_out/post_prcessed_with_MFR/Monthly_summaries/net_infiltration_monthly_SEP.asc
NCOLS 700
NROWS 400
XLLCENTER 515000.000000
YLLCENTER 8409000.000000
CELLSIZE 50.000000
NODATA_value -999.000000
[rows 228 to 265 of 400, columns 168 to 251 of 700]
9.65 9.60 10.02 10.26 9.69 9.98 9.98 9.98 10.31 10.31 10.32 10.32 10.10 10.10 10.61 10.83 10.74 13.14 6.71 13.28 13.25 12.99 12.84 12.84 6.98 10.74 10.89 10.89 10.74 10.89 10.89 10.89 11.04 10.26 11.67 11.46 10.39 10.26 10.26 10.26 10.50 10.50 10.50 10.69 10.58 10.82 10.96 10.94 10.94 10.50 10.50 10.67 10.84 10.84 10.69 11.31 9.53 9.53 8.16 8.16 8.21 8.21 8.21 8.21 6.67 8.25 8.25 9.21 8.25 8.25 8.25 8.25 7.56 7.56 7.56 7.56 7.48 7.48 7.48 7.48 7.42 7.42 7.68 7.42
9.65 9.65 9.65 9.65 9.69 9.69 9.98 9.98 10.01 11.01 10.10 10.61 10.46 10.10 10.10 10.30 10.30 10.30 10.25 14.05 13.28 3.46 13.39 13.10 6.34 14.60 14.75 13.96 14.46 13.63 14.55 13.96 6.56 6.63 10.26 11.04 10.89 10.74 10.00 11.52 10.50 10.76 10.69 10.69 10.67 11.05 10.66 10.51 10.66 10.94 10.50 10.67 10.37 8.55 8.55 8.55 8.13 8.13 8.16 8.16 8.21 8.21 8.39 9.15 9.21 9.89 8.25 8.25 8.25 8.25 8.25 8.41 8.53 7.75 7.75 8.29 7.48 7.48 7.48 7.48 7.42 7.68 7.68 7.42
8.03 8.03 8.03 8.03 8.06 8.87 8.06 9.69 10.71 10.31 10.31 10.31 10.46 10.10 10.10 10.30 10.69 10.10 10.10 10.10 12.99 13.39 10.17 10.47 10.60 10.60 13.96 13.96 10.60 14.31 6.48 2.83 10.45 14.11 13.82 6.28 13.96 2.97 10.41 9.82 10.72 10.43 10.50 10.69 10.50 2.75 13.73 13.88 13.88 11.45 10.74 10.74 10.76 10.37 10.37 8.55 8.13 8.16 8.16 8.16 8.21 8.21 8.21 9.15 9.21 8.25 8.25 8.25 8.25 8.25 9.28 8.31 8.42 7.75 7.56 7.56 7.48 7.48 7.48 7.48 7.42 8.70 7.68 7.42
8.03 8.03 8.03 8.03 8.06 8.06 8.06 8.64 8.25 10.01 9.99 10.31 10.10 10.10 10.10 10.46 10.10 10.10 10.10 10.53 10.30 10.30 14.05 3.62 11.18 10.05 10.45 10.41 3.78 13.92 7.10 3.12 10.60 10.75 10.45 13.67 12.83 15.60 6.63 13.96 9.89 10.72 10.72 10.56 11.28 13.80 14.88 15.02 14.24 10.56 10.58 10.56 10.37 10.37 10.37 10.37 9.53 8.16 8.16 8.16 8.21 8.21 8.21 9.39 8.41 8.41 8.25 8.25 9.53 9.53 8.25 8.41 7.75 8.29 7.56 7.56 7.48 7.48 7.48 7.48 7.68 7.68 7.42 8.41
8.93 8.11 8.11 8.11 8.12 8.12 8.99 8.59 9.20 9.47 9.20 10.35 10.33 10.33 10.75 10.10 10.10 10.10 10.10 10.10 10.69 10.30 10.97 14.25 14.40 15.31 14.19 14.40 13.82 14.69 12.39 6.63 14.25 13.48 13.33 13.35 11.05 11.96 11.07 13.77 13.65 13.65 13.80 13.80 13.26 13.84 10.33 13.40 10.01 10.46 10.46 10.46 10.50 10.50 10.50 10.50 9.61 9.87 8.55 9.32 9.37 8.26 9.37 8.41 10.01 9.30 9.33 8.44 8.29 8.44 9.58 8.43 7.58 7.58 7.58 7.58 7.48 7.48 7.48 8.45 7.43 7.43 7.43 7.43
8.11 8.11 8.11 8.11 8.12 8.88 8.12 8.12 8.29 8.29 9.20 9.47 9.45 9.15 9.15 10.31 10.46 10.10 10.10 10.30 10.30 10.30 11.04 10.40 10.60 11.51 10.74 10.60 10.60 10.90 14.25 2.97 10.89 9.66 9.98 14.04 14.04 9.44 9.44 11.68 10.66 11.22 10.60 11.07 9.89 10.33 9.89 13.40 10.01 11.08 10.37 10.01 10.04 10.50 10.50 10.50 9.87 9.87 9.87 8.22 8.26 8.26 8.26 8.26 8.44 9.76 10.29 9.48 8.58 8.72 9.62 9.64 7.76 7.58 7.58 7.58 7.48 7.48 9.71 8.45 7.43 7.43 7.43 7.43
8.11 8.11 8.11 8.11 8.95 8.88 8.12 8.12 8.29 8.29 8.29 9.20 9.15 9.15 8.59 11.66 10.29 10.29 10.29 10.10 10.10 11.46 10.59 10.92 10.60 9.32 10.60 10.60 10.60 11.65 11.65 14.42 10.72 11.33 8.49 9.52 13.00 12.56 10.31 10.42 9.85 9.85 9.84 9.85 11.37 10.19 10.31 14.49 14.50 10.31 9.52 9.52 9.69 8.45 10.08 10.04 9.84 9.84 9.84 9.87 8.26 8.26 8.26 8.26 8.44 8.73 9.44 12.96 12.96 13.03 9.62 10.16 7.76 7.58 8.31 7.58 7.48 7.71 7.48 7.48 7.43 7.43 7.43 7.43
8.11 8.11 8.11 8.11 8.12 8.71 8.12 8.12 8.29 8.29 9.20 8.29 8.25 8.25 8.25 10.01 10.29 9.97 10.29 10.30 10.10 10.10 10.30 10.30 10.60 9.32 11.41 10.69 10.76 10.31 10.76 10.76 10.35 10.30 8.49 10.65 9.89 13.40 10.74 10.42 10.00 10.62 9.84 11.04 10.04 10.04 9.89 10.31 14.50 13.82 13.89 9.93 2.74 10.47 9.69 9.69 10.39 10.25 10.10 9.87 8.26 8.26 8.26 8.26 8.30 8.50 12.28 9.30 9.59 9.77 8.58 8.43 8.58 8.58 7.58 7.58 7.71 7.48 7.48 8.45 7.43 7.43 7.43 7.43
8.18 8.18 8.18 8.18 8.19 8.19 8.19 8.19 8.34 9.27 9.27 8.34 8.27 8.27 9.18 9.18 8.21 9.96 10.29 10.10 10.10 10.30 10.30 10.10 10.60 10.76 10.37 10.33 10.67 7.45 7.45 10.74 10.30 10.26 10.26 9.96 9.94 13.30 11.50 10.84 11.37 10.04 9.89 9.89 10.03 10.03 10.03 10.03 10.42 10.08 10.85 13.94 13.27 11.43 9.51 10.46 9.81 8.71 9.22 8.42 8.28 8.28 8.48 8.48 8.65 12.96 2.51 9.44 10.26 8.86 8.42 8.27 7.54 7.54 8.73 8.70 7.45 7.45 7.45 7.45 7.48 7.48 7.48 7.48
8.18 8.18 8.18 8.18 8.19 8.96 8.19 8.19 8.34 8.34 8.34 8.34 8.27 8.27 8.27 8.27 9.10 10.36 9.94 10.30 10.10 10.30 10.30 10.30 10.60 10.76 10.76 10.37 10.67 10.50 7.45 11.50 10.65 10.65 10.26 10.26 9.94 10.53 14.21 10.70 10.05 9.89 9.89 9.89 10.03 10.03 10.03 10.03 10.57 10.23 10.08 10.24 13.73 13.12 12.58 12.70 9.01 9.76 8.71 9.48 8.57 8.42 9.52 9.01 9.37 6.29 2.66 10.04 9.61 9.45 10.04 9.22 7.54 7.54 7.54 7.54 9.54 7.45 7.45 7.45 7.48 7.48 7.48 7.48
8.18 8.18 8.18 8.18 8.19 8.19 8.19 8.19 8.34 8.34 8.34 8.34 8.27 8.27 8.27 8.27 8.53 9.96 9.96 10.29 10.10 10.10 10.30 10.53 10.74 10.47 11.02 10.33 10.74 10.74 10.74 12.03 10.65 11.37 10.65 10.73 9.38 11.64 10.84 10.70 9.89 9.89 9.89 9.89 10.03 10.03 10.07 10.03 10.23 10.57 10.42 10.24 9.99 10.16 10.22 9.59 14.74 13.13 8.90 9.52 9.37 9.37 9.52 9.37 12.74 8.57 8.92 8.92 9.87 9.37 9.43 9.23 7.74 8.54 7.54 7.54 7.45 7.45 7.45 7.45 10.12 7.48 7.48 7.48
8.18 8.18 8.18 8.18 8.19 8.19 8.19 8.19 8.34 8.34 8.34 8.34 8.27 8.27 8.27 8.27 8.21 10.29 10.10 10.30 10.10 10.27 10.27 8.46 9.89 10.68 10.33 10.33 10.30 10.30 10.30 10.34 10.26 10.26 10.71 10.73 8.42 10.84 11.24 10.24 9.89 9.89 9.89 9.89 10.03 10.03 10.33 10.62 10.79 10.72 11.09 10.08 10.34 10.88 10.73 9.49 9.47 9.22 12.74 12.74 9.37 9.52 9.52 8.86 12.98 9.30 9.30 9.07 9.74 9.37 9.71 8.42 7.74 7.54 7.54 7.54 7.45 7.45 7.45 7.45 7.48 7.48 7.48 7.48
8.22 8.22 8.22 8.22 8.20 8.96 8.20 8.20 8.33 8.33 8.33 8.33 8.26 8.26 8.26 8.26 9.42 9.21 10.30 9.21 10.06 8.20 8.20 8.47 8.81 8.81 10.36 10.36 10.33 10.33 10.33 10.33 11.50 11.39 11.39 10.30 10.26 12.93 11.06 10.30 10.01 10.01 10.01 10.01 10.08 10.35 10.08 10.64 3.76 3.77 11.14 10.16 11.02 11.02 10.73 10.80 9.32 9.22 9.37 9.37 12.52 12.66 9.15 9.30 13.27 3.22 10.41 9.59 10.04 9.32 9.33 8.78 8.23 7.52 7.52 7.52 7.48 7.48 7.48 8.47 7.54 7.54 7.54 7.54
8.22 8.98 8.22 8.22 8.20 8.20 9.05 8.20 8.33 8.33 8.33 8.75 8.26 8.26 8.26 8.26 9.08 9.42 9.42 9.21 9.42 8.20 8.20 8.20 8.54 8.54 10.36 10.36 10.33 10.33 10.33 10.33 10.26 10.26 10.73 10.26 10.26 10.30 10.73 10.26 10.01 10.01 10.01 10.01 10.08 10.35 10.35 10.43 10.57 10.72 9.89 10.73 10.73 9.89 10.73 10.56 9.99 9.44 9.66 9.81 3.45 3.74 12.96 12.81 12.93 9.81 9.07 9.30 9.22 9.22 8.40 8.23 8.51 7.52 7.52 7.52 7.48 7.48 7.48 7.48 7.54 7.54 7.54 7.54
7.79 7.79 7.79 7.79 7.78 8.20 8.64 8.85 7.85 7.85 9.16 8.64 7.78 7.78 7.78 7.78 7.72 8.43 7.82 8.43 7.72 7.72 7.72 7.72 7.88 7.88 7.88 7.88 9.41 9.41 9.41 9.41 9.35 9.35 9.35 9.35 9.35 9.35 9.28 9.35 9.11 9.11 9.04 9.04 9.29 9.58 9.38 10.21 9.99 10.25 9.42 9.45 9.41 9.24 9.43 9.55 9.17 8.45 8.89 8.36 8.50 3.65 8.80 8.21 10.74 11.28 8.54 8.60 8.55 8.55 7.86 7.69 6.80 6.80 6.80 6.80 6.77 6.77 6.77 6.77 6.82 6.82 6.82 6.82
7.79 7.79 7.79 7.79 7.78 7.78 7.78 7.78 7.85 7.85 7.85 7.85 8.57 8.57 8.57 8.56 7.72 7.72 7.72 7.72 7.72 7.72 7.72 7.72 7.88 7.88 7.88 7.88 7.85 7.85 9.41 9.41 9.35 9.35 9.35 9.35 9.35 9.35 9.35 9.35 9.11 9.11 9.11 9.52 9.58 9.43 9.58 9.84 9.27 9.16 9.31 9.42 9.45 9.45 10.33 9.55 9.15 9.15 8.60 8.60 8.50 8.94 8.36 8.23 7.92 11.28 8.67 8.60 8.55 7.90 7.69 7.69 6.80 6.80 6.80 6.80 6.77 6.77 6.77 7.02 6.82 6.82 6.82 7.04
7.77 7.77 8.70 8.55 7.70 10.41 7.70 7.70 7.77 7.77 7.77 7.77 7.74 7.74 7.74 7.74 7.72 7.72 7.72 7.72 7.74 7.74 7.74 7.74 7.92 7.92 7.92 7.92 7.90 7.90 7.90 9.48 9.39 9.39 9.39 9.39 9.43 9.43 9.43 9.36 9.12 9.12 9.12 9.43 9.38 9.43 10.09 9.38 9.03 9.10 9.25 9.25 9.16 9.16 10.33 9.55 9.15 9.17 8.52 8.67 8.36 8.95 8.72 8.65 11.60 8.60 8.60 8.52 8.54 8.69 7.82 7.68 6.82 6.82 6.82 6.82 6.80 6.80 7.04 7.04 7.34 6.84 6.84 7.05
7.77 7.77 7.77 7.77 7.70 7.70 8.49 7.70 7.77 7.77 7.77 7.77 7.74 7.74 7.74 7.74 7.72 7.72 9.74 8.43 7.74 7.74 7.74 7.74 7.92 7.92 7.92 7.92 7.90 7.90 7.90 9.48 9.39 9.39 9.39 9.39 9.43 9.43 9.43 9.73 9.12 9.05 9.12 9.43 9.38 10.45 9.04 9.11 9.03 10.10 9.10 9.25 3.32 8.55 10.48 9.49 9.17 9.15 8.67 8.06 8.06 7.77 8.45 8.60 12.11 8.60 8.60 8.58 8.54 7.68 7.68 7.89 6.97 6.82 8.46 6.82 6.80 7.04 7.39 7.62 7.64 7.34 7.34 7.05
7.77 8.69 7.77 7.77 7.70 7.70 8.49 7.70 7.77 7.77 8.50 8.80 8.78 8.46 8.46 8.46 7.72 8.00 8.76 7.72 7.74 7.74 7.74 7.74 7.92 7.92 7.92 7.92 7.90 7.90 7.90 7.90 9.39 9.39 9.39 9.39 9.43 9.43 9.43 9.43 9.12 9.12 9.05 9.71 9.43 9.11 9.11 10.10 6.68 10.10 10.10 9.25 9.60 8.99 3.55 10.33 9.38 9.17 7.94 8.06 9.48 7.77 8.82 11.57 11.96 8.60 7.92 7.71 8.69 9.18 7.68 8.00 7.50 7.04 6.82 6.82 6.80 7.67 6.80 6.80 6.84 7.34 7.05 7.41
7.77 7.77 7.77 7.77 7.70 7.70 7.70 7.70 7.77 7.77 8.50 8.03 8.78 8.46 8.46 7.74 9.01 8.77 7.72 7.72 7.74 7.74 7.74 7.74 7.92 7.92 7.92 7.92 7.90 8.70 7.90 7.90 7.83 9.39 9.99 9.39 9.43 9.43 9.43 9.43 9.12 9.12 9.12 9.43 9.98 9.11 10.13 10.10 6.68 10.09 9.10 9.25 8.55 2.71 10.49 10.34 9.38 8.52 8.45 8.72 8.72 8.58 2.48 11.72 8.52 8.45 7.77 8.96 7.82 8.45 6.08 8.52 6.82 7.69 6.82 6.82 6.89 6.80 6.80 6.80 6.84 6.84 7.05 7.47
7.73 7.73 8.52 7.73 7.66 7.66 7.66 7.66 7.74 7.74 8.78 9.54 7.73 8.44 8.44 8.44 9.34 8.77 8.15 7.72 7.75 7.75 7.75 8.68 7.94 7.94 7.94 7.94 8.72 7.92 7.92 7.92 7.89 9.46 9.46 9.46 9.48 9.48 9.48 9.48 9.09 9.02 9.09 9.09 9.06 9.06 9.44 10.08 6.68 10.09 9.11 9.26 9.53 9.84 10.33 10.35 8.71 8.52 8.52 8.52 8.75 8.06 2.27 5.93 8.75 8.75 7.77 8.45 7.80 7.84 8.60 8.60 6.91 6.84 6.84 7.43 9.90 6.93 6.93 7.06 6.88 6.88 7.07 7.76
7.73 7.73 7.73 7.73 7.66 7.66 7.66 7.66 7.74 7.74 9.98 9.54 9.27 9.17 10.05 8.44 8.77 8.91 8.15 7.72 8.47 7.75 7.75 7.75 7.94 7.94 7.94 7.94 7.92 7.92 7.92 7.92 7.89 9.46 9.46 9.46 9.48 9.48 9.48 9.48 9.09 10.10 10.10 10.10 9.06 9.69 10.72 6.68 6.68 6.68 9.38 9.11 10.25 10.64 9.55 10.35 8.57 8.45 8.45 8.45 8.67 8.23 2.48 11.43 8.60 8.60 8.45 8.52 9.03 8.45 8.45 8.60 7.26 7.51 6.84 7.78 9.75 13.41 9.87 7.41 6.95 6.88 7.07 7.70
7.73 7.73 7.73 7.73 7.66 7.66 7.66 8.44 7.74 9.29 9.29 9.54 9.53 9.27 9.62 9.60 9.26 8.44 8.77 8.77 8.47 7.75 7.75 7.75 7.94 7.94 7.94 7.94 7.92 7.92 7.92 7.92 7.89 7.89 9.46 9.46 9.48 9.48 9.48 9.48 9.09 10.10 6.68 6.68 10.10 10.10 10.10 10.10 6.68 10.09 9.11 9.11 9.56 10.33 9.49 9.69 12.37 8.57 8.45 8.45 7.92 8.67 8.82 12.11 8.45 8.45 8.52 8.45 8.96 8.52 8.45 8.52 7.26 7.51 7.43 8.26 13.27 9.90 12.62 9.11 7.41 7.51 6.28 10.34
7.73 7.73 7.73 7.73 7.66 7.66 8.44 7.66 7.74 7.74 9.29 9.54 9.53 9.27 10.25 9.53 9.16 9.52 8.77 8.77 8.47 7.75 7.75 7.75 7.94 7.94 7.94 8.74 8.72 7.92 7.92 7.92 7.89 9.46 9.46 9.46 9.48 9.48 9.48 9.48 9.09 10.10 6.68 6.68 6.68 6.68 6.68 6.68 10.09 9.04 9.04 9.38 9.45 9.55 9.63 10.62 11.51 12.08 8.48 7.92 2.62 7.92 8.52 12.11 8.60 8.82 8.52 8.52 8.52 8.52 8.45 8.45 5.36 7.34 7.43 8.12 12.62 9.11 9.11 12.62 9.11 9.11 9.24 8.55
7.76 7.76 7.76 7.76 7.70 7.70 7.70 7.70 7.75 7.75 7.75 9.20 9.15 9.25 9.59 9.60 9.14 9.51 9.51 8.41 8.48 7.76 7.76 7.76 8.78 7.98 7.98 8.78 7.97 7.97 7.97 7.97 7.95 9.55 9.55 9.55 9.53 9.53 9.53 9.53 9.06 10.10 6.68 6.68 6.68 8.74 8.89 8.74 9.12 9.12 9.12 9.39 9.42 9.55 9.63 10.49 8.67 8.45 11.96 8.82 8.21 7.92 11.28 7.92 8.06 8.52 8.96 8.52 8.52 8.52 8.52 8.52 5.36 7.05 7.41 7.26 9.11 9.11 9.24 12.62 9.11 4.58 7.95 13.66
7.76 7.76 7.76 7.76 7.70 7.70 8.48 7.70 7.75 7.75 7.92 9.20 9.52 9.59 10.25 8.78 9.51 9.51 9.51 7.70 7.76 7.76 7.76 7.76 8.76 7.98 8.79 7.98 7.97 7.97 7.97 7.97 7.95 9.55 9.55 9.55 9.53 9.53 9.53 9.53 9.06 10.67 6.68 8.34 10.08 9.04 9.18 9.39 9.12 9.12 9.24 9.18 9.29 9.49 11.01 10.50 9.15 9.17 8.45 12.40 11.89 5.93 11.72 8.75 8.60 9.04 8.67 8.45 8.45 8.52 8.52 8.96 7.41 7.41 6.47 6.47 6.47 9.98 12.62 9.98 12.62 8.09 4.44 4.44
8.49 7.76 7.76 7.76 7.70 7.70 7.70 7.70 8.54 7.75 7.75 9.20 9.52 9.23 9.23 9.52 9.51 9.14 9.51 7.70 7.76 7.76 7.76 7.76 7.98 7.98 7.98 7.98 7.97 7.97 7.97 7.97 7.95 9.55 9.55 9.55 9.53 9.53 9.53 10.13 9.06 10.67 6.68 6.68 9.04 9.04 9.04 9.04 9.12 9.12 9.43 9.43 9.49 9.49 9.49 9.49 9.31 11.45 11.09 8.06 7.92 8.38 12.16 9.26 8.89 9.04 9.11 8.60 8.60 8.52 8.52 8.45 7.41 7.41 6.47 6.47 7.24 7.24 6.47 6.47 12.76 9.11 9.11 4.58
7.91 8.64 7.76 7.76 7.70 7.70 7.70 7.70 8.13 7.75 7.75 9.30 9.52 9.23 10.16 9.23 9.96 9.51 9.24 7.70 7.76 7.76 7.76 7.76 7.98 7.98 7.98 7.98 7.97 7.97 7.97 7.97 9.55 9.55 9.55 9.55 9.53 9.53 10.13 9.53 9.06 9.06 10.08 10.10 9.39 9.04 9.04 9.04 9.12 9.43 9.43 9.43 9.49 9.49 9.49 11.09 11.38 11.38 11.24 8.52 2.33 8.06 6.22 11.72 12.16 11.87 6.28 11.72 11.72 12.04 12.04 12.18 7.44 8.12 7.26 6.47 7.24 6.47 10.11 10.11 8.24 12.76 12.62 9.11
9.39 7.79 7.79 7.79 7.71 9.11 7.71 8.49 7.72 8.44 8.44 8.30 9.23 8.30 9.23 8.30 8.30 9.50 9.22 7.69 7.78 7.78 7.78 7.78 9.63 8.01 8.01 8.01 8.03 8.03 9.65 9.65 9.66 9.66 9.66 9.66 9.59 9.59 9.59 9.59 9.02 9.02 9.02 8.95 9.00 9.00 9.00 8.92 9.39 9.19 9.43 9.43 9.49 9.55 9.55 11.09 14.67 14.75 14.75 12.18 11.28 11.43 11.57 11.57 8.65 8.89 8.60 8.75 8.67 8.52 8.52 8.52 6.47 6.47 7.26 6.47 7.24 7.24 7.24 6.47 8.10 9.25 9.55 12.62
7.79 9.16 8.59 7.79 7.71 7.71 7.71 8.17 7.72 7.72 7.72 10.25 9.23 9.23 10.25 10.25 9.26 9.50 9.12 7.69 7.78 7.78 7.78 9.34 9.63 10.24 8.01 8.01 9.65 9.65 9.65 9.65 9.66 9.66 9.66 9.66 9.59 9.59 9.59 9.59 9.02 9.02 9.02 9.02 9.00 9.00 9.00 8.92 9.39 9.19 9.43 9.43 9.49 9.49 11.09 14.81 14.75 14.36 10.87 8.06 7.92 8.21 12.70 11.57 8.36 8.75 8.45 8.45 8.52 8.52 8.45 8.45 7.26 6.47 6.47 6.47 7.24 7.38 7.38 6.47 12.76 9.25 9.24 9.90
7.64 7.56 7.49 7.49 7.62 7.26 7.26 7.59 7.13 7.13 8.45 8.24 8.95 8.95 7.84 8.13 8.14 8.14 7.86 7.09 7.19 7.19 7.19 8.26 8.45 8.45 7.37 7.37 8.48 9.73 8.48 8.48 8.48 8.48 8.48 8.48 8.42 8.42 8.42 8.72 8.33 8.07 8.07 8.07 8.04 8.04 8.04 8.21 7.73 7.73 7.73 7.47 10.56 10.56 14.07 14.28 13.38 10.45 9.71 7.55 7.52 7.82 11.33 10.59 10.59 8.13 7.67 7.52 7.52 7.52 7.52 7.52 6.49 6.48 6.49 6.64 6.76 6.91 6.76 8.29 11.80 11.80 9.12 9.13
7.89 6.64 7.79 7.35 7.26 7.26 7.59 7.26 7.43 8.18 8.18 7.90 7.84 7.84 8.13 8.13 8.14 8.14 8.14 8.14 7.19 7.19 7.19 8.26 8.45 8.45 8.45 8.45 8.48 8.48 8.48 8.48 8.48 8.48 8.48 8.48 8.81 8.42 8.42 8.42 8.07 8.07 8.07 8.07 7.70 8.04 8.04 8.04 8.27 7.73 7.73 10.56 10.56 10.56 10.71 14.57 10.60 10.60 10.45 7.52 7.70 7.52 7.52 7.82 10.73 10.73 7.82 7.67 7.55 7.52 7.52 7.52 6.48 6.48 6.63 6.92 6.78 6.49 5.66 9.12 7.84 11.80 9.12 9.13
7.67 7.33 10.98 7.47 7.24 7.24 7.24 7.48 7.40 8.54 8.15 8.15 8.10 7.82 8.10 8.10 8.52 8.52 8.13 8.13 7.17 7.17 7.53 8.23 9.34 8.84 8.45 8.45 8.52 8.52 8.52 8.52 8.87 8.52 8.52 8.52 8.80 8.41 8.41 8.41 8.06 8.06 8.06 8.06 7.67 7.92 8.01 8.01 8.11 8.24 8.24 8.98 9.02 10.62 10.56 14.28 10.31 10.45 6.93 7.52 10.33 10.16 7.52 7.82 7.37 10.74 7.23 7.67 7.52 7.52 7.52 7.52 6.49 6.48 6.48 6.63 6.78 6.49 6.49 8.29 12.07 9.13 9.13 9.13
7.57 8.67 11.13 7.90 7.57 7.84 7.24 7.24 7.11 8.15 8.15 8.15 7.82 8.20 8.10 8.10 8.13 8.66 8.51 8.13 8.23 7.17 7.17 7.17 8.45 8.45 8.45 11.44 8.52 8.77 8.52 8.52 8.52 8.52 8.52 8.52 8.41 8.41 8.41 8.41 8.06 8.06 8.06 8.06 8.01 8.01 8.01 8.01 8.11 8.11 8.25 8.71 8.79 8.94 10.10 10.77 10.19 10.33 10.16 10.16 10.16 10.19 7.52 7.82 7.23 10.59 7.37 7.52 7.52 7.52 7.67 7.67 6.49 6.49 6.48 6.48 6.49 6.48 5.66 11.80 11.95 9.42 9.27 9.27
7.36 7.90 10.87 7.39 7.24 7.57 7.24 7.24 7.11 7.11 8.15 7.87 8.20 8.20 8.27 8.10 8.13 8.13 8.13 8.13 8.23 7.17 7.17 7.17 7.37 8.45 8.45 11.25 11.31 11.31 8.52 8.52 8.52 8.52 8.87 8.52 8.41 8.80 8.41 8.41 8.06 8.06 8.06 8.06 8.01 8.01 8.01 7.67 8.11 7.77 7.77 8.71 8.79 9.03 10.71 10.77 10.19 9.57 10.33 10.16 10.31 10.31 7.67 7.67 7.08 10.30 7.52 7.82 5.44 7.64 8.08 6.93 6.48 6.48 6.48 6.48 6.64 6.49 8.29 7.84 8.29 9.27 9.57 9.57
7.50 7.36 8.33 10.84 7.24 7.24 7.60 7.24 7.11 7.11 8.15 8.95 8.10 8.10 7.82 8.10 8.13 7.85 8.13 8.13 8.23 8.23 7.17 7.17 7.56 8.45 8.45 8.45 11.31 11.31 11.31 8.52 8.52 8.52 8.52 8.52 8.41 8.41 8.41 8.41 8.40 8.32 8.06 8.06 8.01 7.67 7.92 7.92 7.97 7.97 8.11 8.71 8.79 8.88 10.56 10.62 10.19 10.19 10.31 10.31 10.77 9.86 7.23 7.82 7.82 10.74 7.37 7.84 7.67 7.82 7.52 6.93 6.48 5.66 6.48 6.49 6.78 5.77 11.95 8.29 9.13 8.59 8.59 9.71
7.50 7.50 8.60 10.82 7.39 7.39 7.24 7.24 7.07 7.07 7.83 7.83 7.79 7.79 8.08 8.08 8.15 8.15 8.15 8.15 8.21 8.21 8.21 7.15 7.34 8.41 8.41 8.41 8.86 11.30 11.30 8.51 8.50 8.50 8.50 8.50 8.35 8.35 8.35 8.35 8.05 8.05 8.05 8.05 8.02 8.02 7.68 8.20 8.22 8.22 8.06 8.95 8.99 8.64 10.62 10.62 10.19 10.16 10.33 9.86 9.86 10.31 7.67 7.84 7.82 10.59 7.08 7.67 7.23 7.37 7.96 7.67 6.49 5.66 6.49 6.64 5.81 8.70 12.39 9.41 9.27 12.10 8.29 6.74
7.50 7.50 7.50 11.01 7.48 7.39 7.24 7.24 7.43 7.07 7.83 7.83 8.08 8.08 8.08 8.08 8.15 8.15 8.15 8.15 8.21 8.21 8.21 7.15 7.34 8.41 8.41 8.41 8.51 8.51 11.30 8.51 8.50 8.50 8.50 8.50 8.35 8.89 8.74 8.35 8.05 8.05 8.05 8.45 8.02 8.02 8.02 8.20 7.73 7.47 8.95 8.95 8.99 10.62 10.62 11.03 10.19 10.19 10.16 9.57 9.57 10.16 10.33 8.11 8.11 7.67 11.21 7.70 7.96 7.96 7.52 7.67 6.64 6.49 6.48 5.66 8.59 12.10 13.08 9.41 9.13 9.13 6.77 6.74
