New_Model_Runs/12_Future_RCP4.5_Scn2_out/post_prcessed_with_MFR/Monthly_summaries/net_infiltration_monthly_SEP.asc
NCOLS 700
NROWS 400
XLLCENTER 515000.000000
YLLCENTER 8409000.000000
CELLSIZE 50.000000
NODATA_value -999.000000
[rows 74 to 110 of 400, columns 415 to 497 of 700]
0.00 0.00 0.00 0.00 0.00 0.00 0.00 0.00 0.00 0.00 0.00 0.00 0.00 0.00 0.00 0.00 0.00 0.00 0.00 0.00 0.00 0.00 0.00 0.00 0.00 0.00 0.00 0.00 0.00 0.00 0.00 0.00 0.00 0.00 0.00 0.00 0.00 0.00 0.00 0.00 0.00 0.00 0.00 0.00 0.00 0.00 0.00 0.00 0.00 0.00 0.00 0.00 0.00 0.00 0.00 0.00 0.00 0.00 0.00 0.00 0.00 0.00 0.00 0.00 0.00 0.00 0.00 0.00 0.00 0.00 0.00 0.00 0.00 0.00 0.00 0.00 0.00 0.00 0.00 0.00 0.00 0.00 0.00
0.00 0.00 0.00 0.00 0.00 0.00 0.00 0.00 0.00 0.00 0.00 0.00 0.00 0.00 0.00 0.00 0.00 0.00 0.00 0.00 0.00 0.00 0.00 0.00 0.00 0.00 0.00 0.00 0.00 0.00 0.00 0.00 0.00 0.00 0.00 0.00 0.00 0.00 0.00 0.00 0.00 0.00 0.00 0.00 0.00 0.00 0.00 0.00 0.00 0.00 0.00 0.00 0.00 0.00 0.00 0.00 0.00 0.00 0.00 0.00 0.00 0.00 0.00 0.00 0.00 0.00 0.00 0.00 0.00 0.00 0.00 0.00 0.00 0.00 0.00 0.00 0.00 0.00 0.00 0.00 0.00 0.00 0.00
0.00 0.00 0.00 0.00 0.00 0.00 0.00 0.00 0.00 0.00 0.00 0.00 0.00 0.00 0.00 0.00 0.00 0.00 0.00 0.00 0.00 0.00 0.00 0.00 0.00 0.00 0.00 0.00 0.00 0.00 0.00 0.00 0.00 0.00 0.00 0.00 0.00 0.00 0.00 0.00 0.00 0.00 0.00 0.00 0.00 0.00 0.00 0.00 0.00 0.00 0.00 0.00 0.00 0.00 0.00 0.00 0.00 0.00 0.00 0.00 0.00 0.00 0.00 0.00 0.00 0.00 0.00 0.00 0.00 0.00 0.00 0.00 0.00 0.00 0.00 0.00 0.00 0.00 0.00 0.00 0.00 0.00 0.00
0.00 0.00 0.00 0.00 0.00 0.00 0.00 0.00 0.00 0.00 0.00 0.00 0.00 0.00 0.00 0.00 0.00 0.00 0.00 0.00 0.00 0.00 0.00 0.00 0.00 0.00 0.00 0.00 0.00 0.00 0.00 0.00 0.00 0.00 0.00 0.00 0.00 0.00 0.00 0.00 0.00 0.00 0.00 0.00 0.00 0.00 0.00 0.00 0.00 0.00 0.00 0.00 0.00 0.00 0.00 0.00 0.00 0.00 0.00 0.00 0.00 0.00 0.00 0.00 0.00 0.00 0.00 0.00 0.00 0.00 0.00 0.00 0.00 0.00 0.00 0.00 0.00 0.00 0.00 0.00 0.00 0.00 0.00
0.00 0.00 0.00 0.00 0.00 0.00 0.00 0.00 0.00 0.00 0.00 0.00 0.00 0.00 0.00 0.00 6.95 0.00 0.00 0.00 0.00 0.00 0.00 0.00 0.00 0.00 0.00 0.00 0.00 0.00 0.00 0.00 0.00 0.00 0.00 0.00 0.00 0.00 0.00 0.00 0.00 0.00 0.00 0.00 0.00 0.00 0.00 0.00 0.00 0.00 0.00 0.00 0.00 0.00 0.00 0.00 0.00 0.00 0.00 0.00 0.00 0.00 0.00 0.00 0.00 0.00 0.00 0.00 0.00 0.00 0.00 0.00 0.00 0.00 0.00 0.00 0.00 0.00 0.00 0.00 0.00 0.00 0.00
0.00 0.00 0.00 0.00 0.00 0.00 0.00 0.00 0.00 0.00 0.00 0.00 0.00 0.00 0.00 0.00 9.30 0.00 0.00 0.00 0.00 0.00 0.00 0.00 0.00 0.00 0.00 0.00 0.00 0.00 0.00 0.00 0.00 0.00 0.00 0.00 0.00 0.00 0.00 0.00 0.00 0.00 0.00 0.00 0.00 0.00 0.00 0.00 0.00 0.00 0.00 0.00 0.00 0.00 0.00 0.00 0.00 0.00 0.00 0.00 0.00 0.00 0.00 0.00 0.00 0.00 0.00 0.00 0.00 0.00 0.00 0.00 0.00 0.00 0.00 0.00 0.00 0.00 0.00 0.00 0.00 0.00 0.00
0.00 0.00 0.00 0.00 0.00 0.00 0.00 0.00 0.00 0.00 0.00 0.00 0.00 0.00 0.00 6.95 8.57 0.00 0.00 0.00 0.00 0.00 0.00 0.00 0.00 0.00 0.00 0.00 0.00 0.00 0.00 0.00 0.00 0.00 0.00 0.00 0.00 0.00 0.00 0.00 0.00 0.00 0.00 0.00 0.00 0.00 0.00 0.00 0.00 0.00 0.00 0.00 0.00 0.00 0.00 0.00 0.00 0.00 0.00 0.00 0.00 0.00 0.00 0.00 0.00 0.00 0.00 0.00 0.00 0.00 0.00 0.00 0.00 0.00 0.00 0.00 0.00 0.00 0.00 0.00 0.00 0.00 0.00
0.00 0.00 0.00 0.00 0.00 0.00 0.00 0.00 0.00 0.00 0.00 0.00 0.00 0.00 6.95 8.57 8.57 6.96 0.00 0.00 0.00 0.00 0.00 0.00 0.00 0.00 0.00 0.00 0.00 0.00 0.00 0.00 0.00 0.00 0.00 0.00 0.00 0.00 0.00 0.00 0.00 0.00 0.00 0.00 0.00 0.00 0.00 0.00 0.00 0.00 0.00 0.00 0.00 0.00 0.00 0.00 0.00 0.00 0.00 0.00 0.00 0.00 0.00 0.00 0.00 0.00 0.00 0.00 0.00 0.00 0.00 0.00 0.00 0.00 0.00 0.00 0.00 0.00 0.00 0.00 0.00 0.00 0.00
0.00 0.00 0.00 0.00 8.82 8.82 8.82 0.00 0.00 0.00 0.00 0.00 8.78 8.66 9.36 8.66 8.66 8.79 0.00 0.00 0.00 0.00 0.00 0.00 0.00 0.00 0.00 0.00 0.00 0.00 0.00 0.00 0.00 0.00 0.00 0.00 0.00 0.00 0.00 0.00 0.00 0.00 0.00 0.00 0.00 0.00 0.00 0.00 0.00 0.00 0.00 0.00 0.00 0.00 0.00 0.00 0.00 0.00 0.00 0.00 0.00 4.55 0.00 0.00 0.00 0.00 0.00 0.00 0.00 0.00 0.00 0.00 0.00 0.00 0.00 0.00 0.00 0.00 0.00 0.00 0.00 0.00 0.00
0.00 8.82 10.24 8.82 8.82 8.82 8.82 8.82 0.00 0.00 0.00 9.47 9.46 8.66 9.35 8.66 8.66 6.47 0.00 0.00 0.00 0.00 0.00 0.00 0.00 0.00 0.00 0.00 0.00 0.00 0.00 0.00 0.00 0.00 0.00 0.00 0.00 0.00 0.00 0.00 0.00 0.00 0.00 0.00 0.00 0.00 0.00 0.00 0.00 0.00 0.00 0.00 0.00 0.00 0.00 0.00 0.00 0.00 0.00 0.00 0.00 8.24 0.00 0.00 0.00 0.00 0.00 0.00 0.00 0.00 0.00 0.00 0.00 0.00 8.50 4.36 0.00 0.00 0.00 0.00 0.00 0.00 0.00
9.09 8.85 8.85 8.85 8.85 9.50 8.78 8.78 8.78 8.67 8.67 8.67 8.67 8.64 8.64 8.64 8.64 6.47 0.00 0.00 0.00 0.00 0.00 0.00 0.00 0.00 0.00 0.00 0.00 0.00 0.00 0.00 0.00 0.00 0.00 0.00 0.00 0.00 0.00 0.00 0.00 0.00 0.00 0.00 0.00 0.00 0.00 0.00 0.00 0.00 0.00 0.00 0.00 0.00 0.00 0.00 0.00 0.00 0.00 0.00 0.00 8.27 8.27 0.00 0.00 0.00 0.00 0.00 0.00 0.00 0.00 0.00 0.00 9.60 8.19 8.26 0.00 0.00 0.00 0.00 0.00 0.00 0.00
9.09 8.85 8.96 8.85 8.85 8.78 8.78 8.78 8.78 8.67 8.67 8.67 8.67 8.64 8.64 8.64 8.64 6.47 0.00 0.00 0.00 0.00 0.00 0.00 0.00 0.00 0.00 0.00 0.00 0.00 0.00 0.00 6.47 9.80 7.39 0.00 0.00 0.00 0.00 0.00 0.00 0.00 0.00 0.00 0.00 0.00 0.00 0.00 0.00 0.00 0.00 0.00 0.00 0.00 0.00 0.00 0.00 0.00 0.00 0.00 0.00 8.27 8.27 0.00 0.00 0.00 0.00 0.00 0.00 0.00 0.00 0.00 4.67 10.77 8.19 8.26 4.36 0.00 0.00 0.00 0.00 0.00 0.00
10.13 8.85 8.85 8.85 8.85 8.78 9.50 8.78 8.78 10.77 8.67 8.67 8.67 8.64 8.64 8.64 8.64 8.95 0.00 0.00 0.00 0.00 0.00 0.00 0.00 0.00 0.00 0.00 0.00 0.00 0.00 0.00 8.91 9.05 9.05 0.00 0.00 0.00 0.00 0.00 0.00 0.00 0.00 0.00 0.00 0.00 0.00 0.00 0.00 0.00 5.99 4.55 0.00 0.00 0.00 0.00 0.00 0.00 0.00 0.00 0.00 8.27 8.27 8.50 0.00 0.00 0.00 0.00 0.00 0.00 0.00 0.00 8.26 8.19 8.19 8.26 8.26 4.36 0.00 0.00 0.00 0.00 0.00
9.09 8.85 8.85 9.59 8.85 8.78 8.78 9.50 8.78 8.67 8.67 8.67 8.67 8.64 8.64 8.64 8.64 8.95 0.00 0.00 0.00 0.00 0.00 0.00 0.00 0.00 0.00 0.00 0.00 0.00 0.00 10.31 8.91 9.05 9.05 0.00 0.00 0.00 0.00 0.00 0.00 0.00 0.00 0.00 0.00 0.00 0.00 0.00 0.00 0.00 8.80 4.55 4.55 0.00 0.00 0.00 0.00 0.00 0.00 0.00 0.00 8.50 8.27 8.27 8.27 8.25 0.00 9.04 8.25 8.26 8.26 0.00 9.66 8.19 8.19 8.26 8.26 8.26 0.00 0.00 0.00 0.00 0.00
9.12 9.59 8.85 8.85 8.85 8.73 9.43 9.43 8.73 8.65 8.65 8.65 8.65 8.78 8.78 8.78 8.78 9.11 0.00 0.00 0.00 0.00 0.00 0.00 0.00 0.00 0.00 0.00 0.00 0.00 6.47 8.91 8.91 9.08 0.00 0.00 0.00 0.00 0.00 0.00 0.00 0.00 0.00 0.00 0.00 0.00 0.00 0.00 0.00 0.00 8.36 8.36 8.36 4.55 4.55 0.00 0.00 0.00 0.00 0.00 0.00 10.45 9.74 8.29 8.29 8.24 8.24 8.24 8.24 8.20 8.20 9.61 10.29 8.19 10.76 8.26 8.26 8.36 0.00 0.00 0.00 0.00 0.00
9.12 8.85 8.85 9.59 8.85 8.73 8.73 8.73 8.73 8.65 9.35 8.65 8.65 8.78 8.78 8.78 8.78 9.11 0.00 0.00 0.00 0.00 0.00 0.00 0.00 0.00 0.00 6.47 0.00 0.00 9.65 8.91 8.91 9.08 0.00 0.00 0.00 0.00 0.00 0.00 0.00 0.00 0.00 0.00 0.00 0.00 0.00 0.00 0.00 0.00 8.36 8.36 8.36 8.40 8.40 0.00 0.00 0.00 0.00 0.00 0.00 9.74 8.29 8.29 8.29 8.24 8.24 11.76 8.24 9.61 8.20 8.20 8.20 9.60 8.19 8.26 8.26 8.36 8.30 0.00 0.00 0.00 0.00
9.12 8.85 8.85 8.85 8.85 8.73 8.73 8.73 8.73 8.65 8.65 8.65 8.65 8.78 8.78 8.78 8.78 10.90 0.00 0.00 0.00 0.00 0.00 0.00 0.00 7.03 9.01 9.01 9.01 8.91 8.91 8.91 8.91 0.00 0.00 0.00 0.00 0.00 0.00 0.00 0.00 0.00 0.00 0.00 0.00 0.00 0.00 0.00 0.00 4.55 8.36 8.36 8.36 8.40 8.40 0.00 0.00 0.00 0.00 0.00 0.00 0.00 8.29 8.29 8.29 8.24 8.24 8.24 8.24 8.20 8.20 8.20 8.20 8.19 8.19 8.26 8.26 8.36 8.30 8.36 8.36 0.00 8.29
9.12 8.85 8.85 8.85 8.85 8.73 8.73 8.73 8.73 8.65 8.65 8.65 8.65 8.78 8.78 8.78 8.78 10.90 10.90 0.00 0.00 0.00 0.00 0.00 9.08 9.01 9.01 9.01 9.01 9.04 9.04 8.91 8.91 0.00 0.00 0.00 0.00 0.00 0.00 0.00 0.00 0.00 0.00 0.00 0.00 0.00 0.00 0.00 0.00 0.00 8.36 8.36 8.36 8.40 0.00 0.00 0.00 0.00 0.00 0.00 0.00 8.29 8.29 8.29 8.29 8.24 8.24 8.24 8.24 8.20 8.20 8.20 8.20 8.19 8.19 8.26 8.29 8.36 8.36 8.36 8.36 8.29 8.29
9.19 8.93 8.93 8.93 8.93 8.70 8.70 8.70 8.70 8.70 8.70 8.70 8.70 8.89 8.89 8.89 10.65 10.96 11.54 0.00 0.00 0.00 0.00 0.00 9.86 8.97 8.97 9.71 9.12 9.10 9.69 8.95 0.00 0.00 0.00 0.00 0.00 0.00 0.00 0.00 0.00 0.00 0.00 0.00 0.00 0.00 0.00 0.00 0.00 0.00 8.41 8.41 8.41 0.00 0.00 0.00 0.00 0.00 0.00 0.00 0.00 10.69 8.28 8.28 8.28 8.15 8.15 8.15 9.55 9.53 8.13 8.13 8.13 8.25 8.25 8.33 8.33 8.36 8.39 8.44 8.44 8.40 8.40
11.11 9.85 8.93 8.93 8.93 8.70 8.70 8.70 9.40 8.70 8.70 8.70 8.70 8.89 8.89 10.65 11.21 10.96 10.96 12.55 0.00 0.00 0.00 0.00 9.30 8.97 8.97 8.97 8.97 8.95 8.95 8.95 0.00 0.00 0.00 0.00 0.00 0.00 0.00 0.00 0.00 0.00 0.00 0.00 0.00 0.00 0.00 0.00 0.00 0.00 0.00 8.41 8.41 0.00 0.00 0.00 0.00 0.00 0.00 0.00 11.19 10.69 8.28 8.28 8.28 8.15 8.15 8.15 8.15 8.13 8.13 10.19 8.13 8.25 8.25 8.33 8.33 8.44 8.44 8.44 8.44 8.40 8.40
11.11 9.85 8.93 8.93 9.62 8.70 8.70 8.70 8.70 8.70 8.70 8.70 8.70 10.52 8.89 10.65 12.20 9.16 9.16 9.16 10.96 10.12 10.97 10.93 10.93 8.97 8.97 8.97 8.97 8.95 8.95 8.95 0.00 0.00 0.00 0.00 0.00 0.00 0.00 0.00 0.00 0.00 0.00 0.00 0.00 0.00 0.00 0.00 0.00 0.00 0.00 8.41 8.41 8.45 8.45 0.00 0.00 0.00 0.00 10.98 10.98 10.69 8.28 10.39 10.79 8.15 8.15 8.15 9.55 8.13 9.52 9.52 8.13 8.25 8.25 8.33 8.33 8.44 8.44 8.44 8.59 11.05 11.05
11.17 8.93 8.93 8.93 8.93 8.70 9.40 8.70 8.70 8.70 8.70 8.70 9.39 8.89 8.89 8.89 8.89 9.16 9.16 9.16 9.16 11.11 11.11 11.51 10.93 8.97 8.97 8.97 8.97 8.95 8.95 8.95 0.00 0.00 0.00 0.00 0.00 0.00 0.00 0.00 0.00 0.00 0.00 0.00 0.00 0.00 0.00 0.00 0.00 0.00 0.00 8.41 10.18 8.45 10.96 10.96 8.45 8.47 10.98 10.98 10.98 10.69 8.28 8.28 9.65 8.15 8.15 8.15 8.15 8.13 8.13 8.13 8.13 8.25 8.25 8.33 8.33 8.44 10.35 10.73 12.22 7.15 13.67
11.21 10.57 9.98 9.98 9.04 8.76 8.76 9.46 8.76 8.67 8.67 8.67 8.67 8.85 8.85 8.85 8.85 9.17 9.17 9.17 9.17 10.27 10.95 11.03 10.93 8.94 8.94 8.94 9.89 9.02 8.66 8.66 0.00 0.00 0.00 0.00 0.00 0.00 0.00 0.00 0.00 0.00 0.00 0.00 0.00 0.00 0.00 0.00 0.00 0.00 0.00 10.01 8.08 8.43 10.93 8.43 8.43 11.09 10.84 10.84 10.84 8.15 8.15 8.15 9.54 8.15 8.15 8.15 8.15 8.30 8.30 8.30 8.30 8.46 8.46 8.56 8.56 10.58 10.73 11.70 7.08 4.24 0.00
11.27 11.02 10.12 9.98 9.73 9.46 8.76 8.76 8.76 8.67 8.67 8.67 8.67 8.85 8.85 8.85 8.85 9.17 9.17 9.17 11.19 11.23 11.75 11.07 10.93 8.94 8.94 8.94 8.94 10.25 8.66 8.66 0.00 0.00 0.00 0.00 0.00 0.00 0.00 0.00 0.00 0.00 0.00 0.00 0.00 0.00 0.00 0.00 0.00 0.00 9.90 8.42 8.08 8.43 10.93 8.43 8.43 10.84 10.84 10.84 8.37 8.15 8.15 8.15 8.15 8.15 8.15 8.15 8.15 8.30 8.30 8.30 8.30 8.46 8.46 8.56 10.63 10.83 12.38 11.00 14.07 0.00 0.00
16.19 12.47 12.25 10.91 9.93 9.62 9.62 10.57 9.62 9.53 9.53 9.53 9.53 9.74 9.74 9.74 9.74 10.08 10.08 12.36 12.36 12.20 13.20 13.72 12.20 9.83 9.83 8.35 8.35 8.42 8.51 8.42 0.00 0.00 0.00 0.00 0.00 0.00 0.00 0.00 0.00 0.00 0.00 0.00 0.00 0.00 0.00 0.00 0.00 10.59 8.99 8.99 8.99 9.00 11.83 9.00 9.00 11.72 11.72 8.94 8.94 8.70 8.70 8.70 8.70 8.74 8.74 8.74 8.74 8.89 8.89 8.89 8.89 9.06 9.06 8.30 10.64 11.44 14.07 15.31 0.15 0.00 0.00
13.56 12.47 12.25 9.93 9.93 9.62 9.62 9.62 10.55 9.53 9.53 9.53 9.53 9.74 9.74 9.74 9.74 10.08 12.27 12.27 12.27 12.32 12.32 12.20 12.20 8.35 8.35 8.35 8.35 8.42 8.42 8.42 0.00 0.00 0.00 0.00 0.00 0.00 0.00 0.00 0.00 0.00 0.00 0.00 0.00 0.00 0.00 0.00 0.00 8.99 10.61 8.83 8.99 11.83 11.83 9.00 11.83 11.72 11.72 11.19 8.94 8.70 8.70 8.70 8.70 8.74 8.74 8.74 8.74 8.89 8.89 8.89 8.89 9.06 11.79 14.15 14.29 12.42 15.02 0.15 0.00 0.00 0.00
13.07 13.53 12.94 12.22 12.06 9.64 9.64 10.58 9.64 9.52 9.52 9.52 9.52 9.73 9.73 9.73 9.73 10.07 12.26 12.26 12.26 12.06 12.24 13.91 8.43 8.33 8.33 8.33 8.33 8.52 8.52 0.00 0.00 0.00 0.00 0.00 0.00 0.00 0.00 0.00 0.00 0.00 0.00 0.00 0.00 0.00 0.00 0.00 9.53 12.33 8.96 8.83 8.83 11.71 11.71 11.71 11.71 11.39 8.73 8.73 10.26 8.70 8.70 8.70 8.70 8.99 8.99 8.99 8.99 9.10 9.10 9.10 9.10 9.14 15.63 15.14 9.04 2.13 5.79 0.00 0.00 0.00 0.00
12.68 12.22 12.22 12.94 12.06 11.70 9.64 12.42 9.64 9.52 9.52 9.52 9.52 9.73 9.73 9.73 9.73 12.26 12.26 12.26 12.26 12.06 10.41 11.71 8.43 8.33 8.33 8.33 8.33 8.52 8.52 0.00 0.00 0.00 0.00 0.00 0.00 0.00 0.00 0.00 9.59 9.57 9.57 0.00 0.00 9.53 9.53 10.38 9.53 8.96 8.83 8.83 8.83 11.71 11.71 11.71 11.71 8.73 12.15 10.27 8.73 8.70 8.70 8.70 8.70 8.99 8.99 11.68 11.68 11.87 9.10 9.10 9.25 15.63 4.99 2.13 2.28 2.13 2.68 11.22 0.00 0.00 0.00
12.53 12.06 9.91 11.16 9.91 10.83 10.58 10.83 10.83 9.52 9.52 9.52 10.48 9.73 9.73 9.73 11.82 12.26 12.26 13.01 10.59 10.41 10.41 10.99 8.43 8.33 8.33 8.33 8.33 8.52 8.52 0.00 0.00 0.00 0.00 0.00 0.00 0.00 0.00 0.00 9.59 9.57 9.57 9.57 9.57 9.53 9.53 12.51 11.41 11.13 8.83 8.83 8.83 11.71 11.71 14.71 8.93 8.73 10.27 8.73 8.73 8.70 8.70 8.70 8.70 8.99 8.99 11.68 11.68 11.87 11.87 15.38 16.12 3.71 1.32 2.13 2.13 2.13 7.71 3.87 4.10 0.00 0.00
13.07 12.06 9.91 9.91 9.91 10.83 9.64 9.64 9.64 10.48 9.52 9.52 9.52 9.73 9.73 9.73 11.82 12.26 10.59 10.59 10.59 10.41 10.41 10.41 8.43 8.33 8.33 8.33 8.33 8.52 8.52 0.00 0.00 0.00 0.00 0.00 0.00 0.00 0.00 0.00 9.59 9.57 11.47 9.57 9.57 11.17 9.53 9.53 9.53 8.83 8.96 11.77 11.77 11.71 12.76 11.71 11.71 8.73 8.73 8.73 8.73 8.70 8.70 8.70 8.70 8.99 8.99 11.68 11.68 12.24 15.62 12.03 2.59 1.32 1.32 2.13 2.65 2.65 5.65 11.64 3.72 4.10 0.00
10.03 11.89 9.78 9.78 9.78 9.58 12.10 9.58 9.58 9.58 9.58 9.58 9.58 9.69 9.69 9.69 10.64 10.36 10.36 10.36 10.36 10.22 10.22 10.22 8.29 8.43 8.43 8.43 8.43 8.62 8.62 9.51 0.00 0.00 0.00 0.00 0.00 0.00 0.00 12.69 12.83 9.69 9.62 9.56 9.56 9.47 9.47 10.08 9.47 11.69 11.69 11.69 12.74 11.53 11.53 11.53 11.53 8.72 8.72 8.72 8.72 8.95 8.95 8.95 8.95 9.19 12.01 12.08 15.59 16.29 12.15 2.59 2.59 1.32 1.96 2.13 2.13 2.13 5.21 2.06 5.57 14.96 7.90
11.32 9.78 10.74 9.78 9.78 9.58 9.58 12.33 9.58 9.58 9.58 9.58 9.58 9.69 9.69 11.07 8.19 11.62 10.36 10.36 10.36 10.22 10.22 8.29 8.29 8.43 8.43 8.43 8.43 8.62 9.60 8.62 0.00 0.00 0.00 0.00 0.00 0.00 0.00 5.37 12.83 12.56 12.56 9.56 9.56 9.47 11.11 11.11 12.41 11.69 11.69 13.05 11.69 11.53 12.55 11.53 11.53 8.72 8.72 8.72 8.72 11.75 11.75 11.75 11.83 12.01 12.01 12.41 12.23 9.19 9.19 9.19 2.59 2.59 1.32 2.13 2.28 2.28 4.92 8.58 14.60 11.20 9.09
10.03 9.78 9.78 9.78 9.78 10.52 9.58 9.58 9.58 9.58 9.58 9.58 9.58 12.27 9.04 8.19 8.19 8.39 8.39 8.39 10.36 10.22 8.29 8.29 8.29 8.43 8.43 8.43 8.43 8.62 8.62 12.32 6.09 0.00 0.00 0.00 0.00 0.00 3.80 2.90 12.06 14.43 14.22 11.46 9.56 9.47 9.47 9.47 13.53 11.69 12.74 11.69 11.69 11.53 11.53 11.53 11.53 8.72 8.72 11.38 11.38 11.75 11.75 11.75 11.75 12.01 12.08 16.03 9.19 9.19 9.34 11.20 9.19 2.59 1.32 2.13 12.73 14.69 14.30 10.79 11.20 9.82 8.65
10.03 9.78 9.78 9.78 9.78 9.58 9.58 9.58 9.58 9.58 9.58 9.58 9.29 8.79 8.19 8.19 8.79 9.02 8.39 8.39 8.39 8.29 8.29 8.29 8.29 8.43 8.43 8.43 9.61 9.60 8.66 12.76 10.17 6.55 12.29 9.63 6.71 6.71 3.05 12.19 13.05 11.28 9.56 9.56 9.56 9.47 9.47 9.47 12.41 11.69 12.71 11.69 11.69 11.53 11.53 14.34 14.31 8.72 8.72 8.72 11.38 11.75 12.80 11.75 11.75 15.68 13.87 12.63 9.19 11.20 14.86 14.71 14.56 15.72 15.84 14.62 11.25 11.04 11.49 8.34 8.34 8.65 8.65
10.88 9.65 9.65 9.65 9.65 10.66 10.66 9.54 9.54 9.57 9.28 8.68 9.28 9.31 9.31 9.31 9.31 8.25 8.88 8.25 8.25 8.35 8.35 8.35 8.35 8.61 8.61 8.61 8.61 8.72 14.63 8.95 10.54 2.98 2.84 7.15 6.85 3.91 12.21 13.54 13.16 9.64 9.59 9.59 9.59 9.45 9.45 9.45 12.38 11.56 18.49 8.83 11.56 11.46 8.77 10.33 8.77 8.88 8.88 8.88 8.88 9.11 9.11 9.11 12.01 15.74 6.13 6.13 11.11 17.51 9.22 9.22 12.05 12.18 12.18 10.74 11.23 10.80 10.58 8.26 8.26 8.58 8.71
10.23 10.66 10.66 10.67 10.66 10.54 10.54 10.54 10.54 10.56 9.28 8.68 9.28 9.31 9.31 9.31 9.31 8.88 8.88 8.25 8.25 8.35 8.35 8.35 8.35 8.61 8.61 8.61 8.61 8.72 14.58 10.40 10.10 10.20 2.98 3.34 15.22 12.19 12.05 12.05 12.77 11.57 12.63 9.59 9.59 9.45 9.45 9.45 9.45 10.53 8.83 8.83 8.83 8.77 8.77 8.77 8.77 8.88 8.88 8.88 8.88 9.11 9.11 9.11 12.08 9.64 6.13 6.13 11.64 13.71 10.95 9.22 9.22 9.13 11.91 10.98 10.74 11.14 10.58 8.26 8.26 8.71 8.58
10.23 10.66 10.67 10.66 10.66 10.54 10.54 10.54 10.54 10.56 10.56 9.28 9.28 9.31 9.31 8.71 9.31 8.25 8.88 8.25 8.25 8.35 8.35 8.35 8.35 8.61 8.61 8.61 8.61 10.89 7.04 10.25 10.10 10.35 3.18 11.41 16.98 12.05 14.14 12.06 14.44 19.40 12.69 9.59 9.59 9.45 9.45 9.45 9.45 8.83 11.18 8.83 8.83 8.77 8.77 8.77 8.77 8.88 8.88 8.88 8.88 9.11 9.11 12.17 14.79 9.78 10.65 11.11 13.71 12.31 14.40 11.29 10.95 9.13 10.82 13.59 10.74 10.80 8.26 9.60 8.26 8.58 8.58
