New_Model_Runs/12_Future_RCP4.5_Scn2_out/post_prcessed_with_MFR/Monthly_summaries/net_infiltration_monthly_DEC.asc
NCOLS 700
NROWS 400
XLLCENTER 515000.000000
YLLCENTER 8409000.000000
CELLSIZE 50.000000
NODATA_value -999.000000
[rows 111 to 147 of 400, columns 492 to 573 of 700]
15.79 13.54 11.28 11.26 10.00 10.00 10.00 10.00 10.19 10.19 12.66 12.74 12.80 12.80 12.80 10.24 10.03 10.03 10.98 10.03 9.79 9.94 10.39 10.39 11.21 11.23 9.67 13.45 9.76 10.99 13.63 13.24 13.84 11.43 11.43 10.85 11.92 10.99 11.27 11.92 13.00 10.76 10.98 9.66 9.58 9.58 10.63 9.58 9.56 9.56 9.56 11.20 10.50 9.47 9.47 9.47 9.63 10.87 14.09 15.61 15.48 12.19 11.88 11.85 9.38 9.38 9.38 9.38 9.12 10.42 9.37 9.37 9.47 11.69 13.39 11.69 11.75 9.51 9.51 9.51 9.39 9.39
13.44 11.53 10.26 10.26 10.01 10.01 10.01 10.01 11.42 12.74 13.72 12.74 12.60 12.60 12.60 10.09 9.78 9.78 9.78 9.78 9.58 9.58 9.58 9.58 10.30 9.75 9.60 9.60 9.68 10.78 13.68 13.96 13.85 11.45 12.82 10.89 10.68 10.68 10.68 11.92 10.64 9.57 9.57 9.57 9.54 9.54 10.59 9.54 9.58 10.15 13.08 11.21 9.49 9.49 9.49 10.53 9.55 9.55 15.30 9.55 9.48 9.48 9.48 9.48 10.37 9.34 9.34 9.34 9.10 10.40 9.36 9.36 9.40 14.46 11.59 11.59 11.59 9.40 9.40 10.43 9.27 9.27
10.26 10.26 11.26 10.26 10.01 10.01 10.01 10.01 10.19 12.66 12.66 12.66 12.60 10.09 10.09 10.09 9.78 9.78 9.78 9.78 9.58 9.58 9.58 9.58 9.60 9.60 9.60 9.60 9.68 13.94 11.20 10.05 14.54 9.97 13.68 9.76 11.92 11.22 10.68 13.67 9.57 9.57 9.57 9.57 9.54 10.58 9.54 9.54 9.58 11.36 10.03 10.03 9.49 10.53 9.49 9.49 13.18 14.24 13.18 10.59 9.48 9.48 10.51 9.48 9.34 9.34 10.36 9.34 9.10 9.36 9.36 9.36 11.59 12.47 11.59 10.44 9.40 10.44 10.46 10.92 9.27 9.27
10.54 11.91 10.54 10.54 10.41 10.41 10.41 11.73 13.26 14.07 14.51 13.26 10.49 10.49 10.49 10.49 10.17 11.18 10.17 10.17 9.87 9.87 9.87 9.87 9.88 9.88 9.88 9.88 9.96 9.96 11.17 9.96 12.45 15.25 10.51 11.85 11.14 11.14 9.54 6.51 10.56 10.80 9.71 9.51 10.51 9.48 9.48 14.14 13.15 14.90 9.67 9.67 10.29 9.32 9.32 9.32 13.00 9.38 10.42 9.38 9.31 9.31 9.31 9.31 9.17 9.17 9.17 9.17 9.01 9.26 9.26 9.26 11.47 13.15 9.30 9.30 9.31 12.17 12.17 9.31 10.21 9.18
10.54 10.54 10.54 10.54 10.41 10.41 10.41 10.41 15.48 14.45 13.22 13.22 10.49 10.49 10.49 10.49 10.17 10.17 10.17 10.17 9.87 9.87 9.87 9.87 9.88 9.88 9.88 9.88 9.96 11.17 9.96 11.17 11.85 15.48 15.48 15.48 14.77 10.59 9.54 9.54 10.55 9.51 13.34 13.14 13.10 14.14 14.14 9.48 9.52 13.15 13.30 13.30 9.32 9.32 9.32 9.32 13.00 14.74 9.38 9.38 9.31 9.31 9.31 9.31 9.17 9.17 9.17 9.17 9.01 9.26 9.26 9.26 11.47 13.54 9.30 9.30 9.31 9.31 9.31 9.31 9.18 9.18
13.82 10.51 10.51 10.51 10.35 11.65 11.65 10.35 13.87 12.89 12.89 10.35 10.11 10.11 10.11 11.10 10.97 9.99 9.99 9.99 9.98 9.98 9.98 9.98 10.07 10.07 10.07 10.07 10.10 10.10 10.10 11.34 11.89 11.89 10.11 10.11 10.61 14.24 14.24 14.24 13.18 13.18 13.18 10.61 9.58 9.58 9.58 9.58 9.62 9.62 9.62 13.25 12.92 9.29 10.33 9.46 10.33 12.92 12.92 12.92 9.27 9.27 9.27 9.27 9.16 9.16 9.16 9.16 8.95 9.21 9.21 9.21 9.19 9.19 9.19 9.19 9.19 9.19 9.19 9.19 9.20 9.20
10.51 10.51 10.51 11.86 11.65 10.92 10.35 10.35 12.89 10.35 10.35 10.35 10.11 10.11 10.11 10.11 9.99 9.99 9.99 9.99 9.98 9.98 9.98 9.98 10.07 10.07 10.07 10.07 10.10 10.10 10.10 10.10 10.11 10.11 10.11 10.11 11.83 10.61 9.56 9.56 9.55 9.55 9.99 9.55 9.58 9.58 9.58 9.58 9.62 9.62 9.62 9.62 12.92 12.92 9.29 9.29 9.29 9.29 9.29 12.05 12.89 13.07 10.00 11.61 10.19 9.16 9.16 9.16 8.95 9.21 9.21 9.21 9.19 9.19 9.19 9.19 9.19 9.19 9.19 9.19 9.20 9.20
10.51 10.51 10.51 10.51 10.35 11.30 10.35 10.35 10.35 11.31 10.35 10.35 10.11 10.11 10.11 10.11 9.99 9.99 9.99 9.99 9.98 9.98 9.98 9.98 10.07 10.07 10.07 10.07 10.10 10.10 10.10 10.10 10.11 10.11 10.11 10.11 10.61 10.61 11.15 9.56 9.55 9.55 9.55 9.55 9.58 9.58 10.65 9.58 9.62 9.62 9.62 9.62 9.29 12.92 12.92 12.92 12.92 9.29 13.07 14.09 14.07 14.07 9.67 9.67 9.16 10.19 9.16 9.16 8.95 9.21 9.21 9.21 9.19 9.19 9.19 10.22 9.19 10.23 9.19 9.19 9.20 9.20
11.86 10.51 10.51 10.51 10.35 10.35 10.35 10.35 10.35 10.35 10.35 11.25 10.11 10.11 10.11 10.11 9.99 9.99 9.99 9.99 9.98 9.98 9.98 9.98 10.07 10.07 10.07 10.07 10.10 10.10 10.10 10.10 11.35 10.11 10.11 10.11 9.56 9.56 9.56 9.56 9.55 9.55 9.55 9.55 9.58 9.58 9.58 9.58 9.62 9.62 9.62 9.62 9.29 9.29 9.29 9.29 12.92 13.90 14.05 10.05 13.63 12.89 10.29 10.95 9.16 9.16 9.16 9.16 8.95 9.21 9.21 9.21 9.19 9.19 10.22 9.19 9.19 9.19 9.19 9.19 9.20 9.20
11.77 11.77 10.44 10.44 10.18 10.18 10.18 11.18 10.09 11.09 10.09 11.09 10.08 10.08 10.08 10.08 10.26 10.26 10.26 10.26 10.25 10.25 10.25 10.25 10.26 10.26 10.26 10.26 11.54 10.25 10.25 10.25 10.24 10.24 11.52 10.24 9.70 9.70 9.70 9.70 9.70 9.70 9.70 9.70 9.72 9.72 9.72 9.72 9.73 9.73 9.73 9.73 9.34 9.34 9.34 9.34 10.28 15.06 13.86 9.27 9.65 9.22 9.22 9.22 9.09 9.09 9.09 10.05 8.90 9.15 9.15 9.15 9.17 9.17 9.17 9.17 9.26 9.26 9.26 9.26 9.32 9.32
11.40 11.77 11.40 10.44 10.18 10.18 10.18 10.18 10.09 10.09 10.09 10.09 10.08 10.08 10.08 10.08 10.26 10.26 10.26 10.26 10.25 10.25 10.25 10.25 11.55 10.26 10.26 10.26 11.54 10.25 10.25 10.25 10.24 10.24 10.24 10.24 9.70 9.70 10.07 10.07 9.70 9.70 9.70 9.70 9.72 9.72 9.72 9.72 9.73 9.73 9.88 9.73 9.34 13.34 13.13 9.34 9.45 12.90 9.27 9.27 9.22 9.22 9.22 9.22 9.09 9.09 9.09 9.09 8.90 9.15 9.15 9.15 9.17 9.17 9.17 9.17 9.26 9.26 9.26 9.26 9.32 9.32
10.44 10.44 10.44 10.44 10.18 10.18 10.18 10.18 10.09 10.09 10.09 10.09 10.08 10.08 10.08 10.08 10.26 10.26 10.26 10.26 10.25 10.25 10.25 10.25 11.55 10.26 10.26 10.26 11.54 10.25 10.25 10.25 10.24 10.24 10.24 10.24 9.70 12.02 10.07 10.59 10.07 9.70 9.70 9.70 9.72 9.72 10.83 9.72 10.50 9.73 9.88 10.08 13.13 13.56 17.06 13.13 13.08 9.27 9.27 9.27 9.22 9.22 9.22 9.22 9.09 9.09 9.09 9.09 10.91 9.15 9.15 9.15 9.17 9.17 9.17 9.17 9.26 9.26 9.26 9.26 9.32 9.32
10.44 10.44 10.44 10.44 10.18 10.18 10.18 10.18 10.09 10.09 10.09 10.09 10.08 10.08 10.08 10.08 10.26 12.07 11.54 10.26 11.53 12.46 11.25 11.76 11.26 10.26 10.26 10.26 12.46 11.54 11.54 11.54 10.24 10.24 10.24 10.24 9.70 12.02 10.81 10.07 10.07 9.70 9.70 9.70 10.08 9.72 10.83 9.88 10.50 9.73 10.84 13.71 9.50 9.86 9.65 9.34 9.27 9.27 9.27 9.27 9.22 9.22 9.22 9.22 9.09 9.09 9.09 9.09 8.90 9.15 9.15 9.15 9.17 9.17 9.17 9.17 9.26 9.26 9.26 9.26 9.32 9.32
10.39 10.39 10.39 10.39 10.20 10.20 10.20 10.20 10.22 10.22 10.22 10.22 10.34 10.34 10.34 10.34 10.44 10.44 11.40 10.44 10.31 10.31 12.58 10.31 10.32 10.32 10.32 11.31 11.27 10.34 13.30 10.48 10.34 10.34 10.34 10.34 9.81 12.17 12.17 9.97 9.97 9.82 9.82 9.82 10.12 10.42 12.31 12.48 10.52 10.08 13.37 13.37 9.35 9.35 9.35 10.33 9.34 9.34 9.34 9.34 9.27 10.99 9.27 9.27 9.06 9.06 9.06 9.06 8.89 9.14 9.14 9.14 9.22 9.22 9.22 10.25 10.35 10.37 9.33 9.33 9.37 9.37
10.39 10.39 10.39 10.39 10.20 10.20 10.20 10.20 10.22 10.22 10.22 10.22 10.34 10.34 10.34 10.34 10.44 10.44 10.44 10.44 10.31 11.32 10.31 10.31 10.32 10.32 10.32 10.32 12.84 12.84 12.84 12.99 13.40 11.66 10.34 10.34 9.81 12.47 14.53 15.14 10.88 11.03 9.97 9.82 12.85 11.40 12.91 3.63 11.84 16.13 9.74 9.74 11.10 9.35 9.35 9.35 9.34 9.34 9.34 9.34 11.01 9.27 9.27 9.27 9.06 9.06 9.06 9.06 8.89 9.14 9.14 9.14 9.22 10.26 10.78 9.22 9.33 9.33 10.90 10.38 9.37 10.43
10.39 10.39 10.39 10.39 10.20 10.20 10.20 10.20 10.22 10.22 10.22 10.22 10.34 10.34 10.34 10.34 10.44 10.44 10.44 10.44 10.31 10.31 10.31 10.31 10.32 10.32 10.32 10.32 10.34 12.84 13.96 13.14 13.40 12.47 15.44 12.99 12.63 5.23 16.68 17.08 16.98 8.19 19.14 13.90 17.37 15.18 14.01 16.26 16.76 14.25 9.74 10.82 9.35 9.35 9.35 11.57 11.56 11.56 9.34 11.56 11.45 9.27 9.27 9.27 9.06 9.06 9.06 9.06 8.89 9.14 9.14 9.14 9.22 9.22 9.22 9.22 9.33 9.33 9.33 9.33 10.43 9.37
10.39 10.39 10.39 10.39 10.20 10.20 10.20 10.20 10.22 10.22 10.22 10.22 10.34 10.34 10.34 10.34 10.44 10.44 10.44 10.44 10.31 10.31 10.31 10.31 10.32 11.32 11.32 10.32 10.34 10.34 13.17 13.29 17.33 14.55 16.62 16.49 5.38 7.68 7.08 16.38 16.38 3.75 14.37 7.23 14.01 14.01 15.42 11.04 9.74 9.74 9.74 9.74 9.35 9.35 9.35 11.57 11.56 11.56 12.03 12.42 11.45 11.45 11.26 10.26 9.06 9.06 9.06 9.06 11.11 9.14 9.14 9.14 9.22 9.22 9.22 9.22 9.33 9.33 9.33 10.36 9.37 9.37
10.50 10.50 10.50 10.50 10.39 10.39 10.39 10.39 10.43 10.43 10.43 10.43 10.50 10.50 10.50 10.50 10.51 10.51 10.51 10.51 10.31 10.31 10.31 10.31 10.32 10.32 10.32 10.32 10.35 10.35 12.85 13.70 17.90 18.35 14.05 3.85 7.53 7.23 4.08 0.00 0.00 0.00 0.00 0.00 0.00 3.93 18.02 10.06 9.71 9.71 9.71 9.71 9.43 13.06 15.30 15.87 12.37 11.93 12.07 12.67 12.51 11.42 11.42 9.25 9.08 13.14 10.08 10.77 9.83 9.21 9.21 9.66 9.65 9.65 9.65 9.19 9.22 10.26 9.22 9.22 9.27 9.27
10.50 10.50 10.50 10.50 10.39 10.39 10.39 10.39 10.43 10.43 10.43 10.43 10.50 10.50 10.50 10.50 13.11 13.11 13.11 13.14 12.79 10.31 10.31 10.31 10.32 10.32 10.32 10.32 10.66 10.35 13.02 12.92 12.70 17.52 7.33 16.87 7.08 0.00 0.00 0.00 0.00 0.00 0.00 0.00 0.00 0.00 13.87 9.76 9.71 9.71 9.71 9.71 13.20 15.72 9.16 11.33 13.71 12.95 11.78 9.54 12.26 11.42 11.42 9.25 9.08 9.08 9.08 9.08 10.97 9.21 9.21 9.21 9.65 9.65 9.76 9.19 9.22 9.22 9.22 9.22 9.27 9.27
10.42 10.42 10.42 10.42 10.34 10.34 11.31 10.34 10.38 10.38 10.38 10.38 10.44 10.44 10.44 10.44 13.00 13.00 13.46 13.00 12.97 11.82 10.42 10.42 10.43 10.43 10.43 10.43 13.26 10.47 10.60 13.65 13.50 13.40 16.10 18.59 3.78 0.00 0.00 0.00 0.00 0.00 0.00 0.00 0.00 0.00 0.00 14.71 9.99 9.99 13.62 13.77 10.62 11.32 6.59 4.26 17.09 11.12 10.79 9.76 11.08 9.62 10.62 9.62 9.45 9.45 9.45 9.45 8.74 8.89 8.89 8.89 9.32 10.35 10.38 9.87 8.90 8.90 8.90 8.90 8.95 8.95
10.42 10.42 10.42 10.42 10.34 10.34 10.34 11.65 11.70 10.38 10.38 10.38 10.44 10.44 10.44 10.44 10.46 13.00 13.04 13.00 14.08 11.63 12.80 10.42 10.43 10.43 10.43 10.76 13.26 10.47 10.60 10.75 13.04 13.04 14.50 18.13 0.00 0.00 0.00 0.00 0.00 0.00 0.00 0.00 0.00 0.00 0.00 10.33 13.92 13.62 14.89 0.00 0.00 6.28 6.59 11.92 16.56 11.92 9.76 9.76 9.62 10.62 9.62 10.59 9.45 9.45 9.45 9.45 8.74 8.89 8.89 9.08 9.28 10.35 9.88 8.87 8.90 9.89 8.90 8.90 8.95 8.95
10.52 10.52 10.52 10.52 10.41 10.41 10.41 10.41 11.38 10.44 10.44 10.44 10.46 10.46 10.46 10.46 10.48 11.84 13.03 13.03 12.87 12.87 12.87 10.47 10.77 13.25 13.03 13.35 13.22 13.39 10.44 10.58 10.42 10.42 15.45 0.00 0.00 0.00 0.00 0.00 0.00 0.00 0.00 0.00 0.00 0.00 0.00 10.08 9.95 0.00 0.00 0.00 0.00 0.00 0.00 3.80 16.07 11.81 10.70 9.69 9.60 9.60 9.60 9.60 9.56 9.56 9.56 9.56 8.77 9.03 9.03 9.03 9.11 10.08 8.92 8.92 8.82 8.82 8.82 8.82 8.86 8.86
11.88 10.52 10.52 10.52 10.41 10.41 10.41 10.41 10.44 10.44 10.44 10.44 10.46 10.46 10.46 11.42 11.43 11.44 10.75 13.34 13.19 13.61 12.87 10.47 10.46 13.25 13.65 13.65 14.73 13.95 15.13 10.44 15.45 14.04 0.00 0.00 0.00 0.00 0.00 0.00 0.00 0.00 0.00 0.00 0.00 0.00 0.00 0.00 0.00 0.00 0.00 0.00 0.00 0.00 0.00 0.61 16.22 12.29 12.63 11.81 11.69 9.60 9.60 9.60 9.56 9.56 9.56 9.56 8.77 9.03 10.05 9.03 8.92 8.92 8.92 8.92 9.72 8.82 8.82 8.82 8.86 8.86
10.52 10.52 10.52 10.52 10.41 10.41 10.41 10.41 10.44 10.44 10.44 10.44 10.46 10.46 10.46 10.46 10.48 10.48 11.44 11.80 13.50 13.61 13.46 13.19 13.18 12.35 17.76 16.98 15.41 17.43 0.00 0.00 0.00 0.00 0.00 0.00 0.00 0.00 0.00 0.00 0.00 0.00 0.00 0.00 0.00 0.00 0.00 0.00 0.00 0.00 0.00 0.00 0.00 0.00 0.00 0.00 15.59 11.81 11.88 11.81 11.75 11.75 9.60 9.60 9.56 9.56 9.56 9.56 8.77 9.03 9.03 9.03 8.92 8.92 8.92 8.92 8.82 8.82 8.82 8.82 8.86 8.86
10.52 10.52 10.52 10.52 10.41 10.41 10.41 10.41 10.44 10.44 10.44 10.44 10.46 10.46 10.46 10.46 10.48 12.19 10.63 10.78 14.11 14.47 16.98 16.98 16.98 0.00 0.00 0.00 0.00 0.00 0.00 0.00 0.00 0.00 0.00 0.00 0.00 0.00 0.00 0.00 0.00 0.00 0.00 0.00 0.00 0.00 0.00 0.00 0.00 0.00 0.00 0.00 0.00 0.00 0.00 11.86 17.61 9.84 9.84 9.69 9.60 9.60 9.60 9.60 9.56 9.56 9.56 9.56 8.77 9.03 9.03 9.03 10.96 10.96 10.96 8.92 8.82 8.82 8.82 8.82 8.86 8.86
10.62 10.62 10.62 10.62 10.44 10.44 10.44 10.44 10.42 10.42 10.42 10.42 10.44 10.44 10.44 10.44 12.99 13.16 13.61 12.03 14.74 17.91 0.00 0.00 0.00 0.00 0.00 0.00 0.00 0.00 0.00 0.00 0.00 0.00 0.00 0.00 0.00 0.00 0.00 0.00 0.00 0.00 0.00 0.00 0.00 0.00 0.00 0.00 0.00 0.00 0.00 0.00 0.00 0.00 0.00 9.64 11.55 13.63 13.47 13.47 13.94 10.22 9.70 9.70 9.69 9.69 9.69 9.69 8.91 11.29 11.29 11.29 11.15 11.15 11.15 11.15 8.82 8.82 8.82 8.82 9.37 9.37
12.47 11.59 10.62 10.62 11.78 10.44 10.44 10.44 10.42 10.42 11.37 10.42 10.44 10.44 10.44 11.79 13.45 13.37 4.44 16.85 0.00 0.00 0.00 0.00 0.00 0.00 0.00 0.00 0.00 0.00 0.00 0.00 0.00 0.00 0.00 0.00 0.00 0.00 0.00 0.00 0.00 0.00 0.00 0.00 0.00 0.00 0.00 0.00 0.00 0.00 0.00 0.00 0.00 0.00 0.00 0.00 0.00 0.00 0.00 15.89 13.02 10.53 11.55 10.07 9.85 9.69 9.69 9.69 8.91 11.29 11.29 11.29 11.15 11.15 11.15 11.15 10.82 10.82 8.82 8.82 9.37 9.37
11.58 15.23 10.62 12.01 10.44 10.44 10.44 10.44 11.38 10.42 10.42 10.74 10.44 10.44 10.44 12.17 11.96 12.91 16.85 0.00 0.00 0.00 0.00 0.00 0.00 0.00 0.00 0.00 0.00 0.00 0.00 0.00 0.00 0.00 0.00 0.00 0.00 0.00 0.00 0.00 0.00 0.00 0.00 0.00 0.00 0.00 0.00 0.00 0.00 0.00 0.00 0.00 0.00 0.00 0.00 0.00 0.00 0.00 0.00 0.00 18.29 3.82 10.17 11.39 11.39 12.02 9.85 9.69 8.91 11.29 11.29 11.29 11.15 11.15 11.15 11.15 10.82 10.82 8.82 8.82 9.37 9.37
10.62 10.62 11.59 10.62 10.44 10.44 10.44 10.44 10.42 11.37 12.00 11.66 11.71 10.59 10.75 10.75 10.58 13.31 3.93 0.00 0.00 0.00 0.00 0.00 0.00 0.00 0.00 0.00 0.00 0.00 0.00 0.00 0.00 0.00 0.00 0.00 0.00 0.00 0.00 0.00 0.00 0.00 0.00 0.00 0.00 0.00 0.00 0.00 0.00 0.00 0.00 0.00 0.00 0.00 0.00 0.00 0.00 0.00 0.00 0.00 0.00 18.35 12.20 12.30 13.34 12.17 12.02 12.02 11.60 11.29 11.29 11.29 11.15 11.15 11.15 11.15 10.82 10.82 8.82 8.82 9.37 9.37
10.69 10.69 10.69 11.65 10.48 10.48 10.48 10.48 10.40 10.40 10.40 10.40 10.41 10.55 10.74 10.74 10.42 10.57 14.18 0.00 0.00 0.00 0.00 0.00 0.00 0.00 0.00 0.00 0.00 0.00 0.00 0.00 0.00 0.00 0.00 0.00 0.00 0.00 0.00 0.00 0.00 0.00 0.00 0.00 0.00 0.00 0.00 0.00 0.00 0.00 0.00 0.00 0.00 0.00 0.00 0.00 0.00 0.00 0.00 0.00 0.00 18.20 8.45 18.65 7.16 16.01 12.63 13.24 9.65 11.74 11.37 11.37 11.17 11.17 12.01 11.17 8.75 8.75 8.75 8.75 9.24 9.24
10.69 10.69 10.69 10.69 10.48 11.85 10.48 10.48 12.58 10.40 10.40 10.40 10.41 10.74 11.65 11.66 10.57 10.42 14.04 0.00 0.00 0.00 0.00 0.00 0.00 0.00 0.00 0.00 0.00 0.00 0.00 0.00 0.00 0.00 0.00 0.00 0.00 0.00 0.00 0.00 0.00 0.00 0.00 0.00 0.00 0.00 0.00 0.00 0.00 0.00 0.00 0.00 0.00 0.00 0.00 0.00 0.00 0.00 0.00 0.00 0.00 0.00 7.15 5.18 11.92 15.10 6.86 7.47 9.80 11.52 11.37 11.37 11.17 11.17 11.17 11.95 10.73 9.74 12.69 9.54 9.24 9.24
10.69 10.69 12.10 13.35 11.85 10.48 10.48 10.48 10.40 10.40 10.40 10.40 10.41 10.41 10.85 3.74 14.72 3.63 0.00 0.00 0.00 0.00 0.00 0.00 0.00 0.00 0.00 0.00 0.00 0.00 0.00 0.00 0.00 0.00 0.00 0.00 0.00 0.00 0.00 0.00 0.00 0.00 0.00 0.00 0.00 0.00 0.00 0.00 0.00 0.00 0.00 0.00 0.00 0.00 0.00 0.00 0.00 0.00 0.00 0.00 0.00 0.00 14.81 7.45 16.50 8.04 12.78 12.33 14.37 11.37 13.47 13.47 11.17 12.01 11.17 9.08 10.73 10.73 10.73 10.73 9.24 9.24
10.69 10.69 10.69 13.35 13.04 10.48 10.48 10.48 11.74 10.40 10.54 10.40 10.41 10.41 10.72 14.22 0.00 0.00 0.00 0.00 0.00 0.00 0.00 0.00 0.00 0.00 0.00 0.00 0.00 0.00 0.00 0.00 0.00 0.00 0.00 0.00 0.00 0.00 0.00 0.00 0.00 0.00 0.00 0.00 0.00 0.00 0.00 0.00 0.00 0.00 0.00 0.00 0.00 0.00 0.00 0.00 0.00 0.00 0.00 0.00 0.00 0.00 0.00 16.59 16.75 8.02 11.85 13.14 8.96 9.22 9.22 9.22 11.74 9.08 9.08 9.08 8.75 8.75 8.75 9.63 9.24 9.24
10.66 10.66 10.66 14.28 17.80 13.87 14.17 13.87 13.43 11.93 12.31 10.74 10.79 14.57 0.00 0.00 0.00 0.00 0.00 0.00 0.00 0.00 0.00 0.00 0.00 0.00 0.00 0.00 0.00 0.00 0.00 0.00 0.00 0.00 0.00 0.00 0.00 0.00 0.00 0.00 0.00 0.00 0.00 0.00 0.00 0.00 0.00 0.00 0.00 0.00 0.00 0.00 0.00 0.00 0.00 0.00 0.00 0.00 0.00 0.00 0.00 0.00 0.00 16.59 3.97 11.08 11.66 11.55 9.26 10.49 10.05 9.09 8.84 8.84 8.84 8.84 9.94 9.29 9.29 9.29 9.29 9.29
10.66 11.51 10.66 13.51 13.27 17.95 17.95 15.05 12.76 12.76 13.06 12.84 15.67 0.00 0.00 0.00 0.00 0.00 0.00 0.00 0.00 0.00 0.00 0.00 0.00 0.00 0.00 0.00 0.00 0.00 0.00 0.00 0.00 0.00 0.00 0.00 0.00 0.00 0.00 0.00 0.00 0.00 0.00 0.00 0.00 0.00 0.00 0.00 0.00 0.00 0.00 0.00 0.00 0.00 0.00 0.00 0.00 0.00 0.00 0.00 0.00 0.00 0.00 16.35 16.65 7.53 11.81 10.17 8.83 10.05 10.11 9.09 8.84 8.84 8.84 8.84 9.71 9.94 9.29 9.29 9.29 9.29
10.09 10.09 10.09 10.09 11.76 11.76 13.18 13.18 7.52 12.13 13.41 7.06 0.00 0.00 0.00 0.00 0.00 0.00 0.00 0.00 0.00 0.00 0.00 0.00 0.00 0.00 0.00 0.00 0.00 0.00 0.00 0.00 0.00 0.00 0.00 0.00 0.00 0.00 0.00 0.00 0.00 0.00 0.00 0.00 0.00 0.00 0.00 0.00 0.00 0.00 0.00 0.00 0.00 0.00 0.00 0.00 0.00 0.00 0.00 0.00 0.00 0.00 0.00 12.28 17.73 11.85 11.49 9.92 10.76 9.38 10.54 9.38 9.94 9.75 9.75 9.75 9.57 9.57 9.57 9.57 9.57 9.57
11.04 11.04 10.09 10.09 10.36 11.76 12.87 13.67 12.58 15.91 17.04 0.00 0.00 0.00 0.00 0.00 0.00 0.00 0.00 0.00 0.00 0.00 0.00 0.00 0.00 0.00 0.00 0.00 0.00 0.00 0.00 0.00 0.00 0.00 0.00 0.00 0.00 0.00 0.00 0.00 0.00 0.00 0.00 0.00 0.00 0.00 0.00 0.00 0.00 0.00 0.00 0.00 0.00 0.00 0.00 0.00 0.00 0.00 0.00 0.00 0.00 0.00 0.00 11.98 16.89 10.07 9.92 9.92 9.29 9.38 9.53 9.38 9.75 9.75 9.75 9.75 9.57 9.57 9.57 9.57 9.57 9.57
