New_Model_Runs/12_Future_RCP4.5_Scn2_out/post_prcessed_with_MFR/Monthly_summaries/net_infiltration_monthly_MAY.asc
NCOLS 700
NROWS 400
XLLCENTER 515000.000000
YLLCENTER 8409000.000000
CELLSIZE 50.000000
NODATA_value -999.000000
[rows 74 to 110 of 400, columns 328 to 409 of 700]
0.00 0.00 0.00 0.00 0.00 0.00 0.00 0.00 0.00 0.00 0.00 0.00 0.00 0.00 0.00 0.00 0.00 0.00 0.00 0.00 0.00 0.00 0.00 0.00 0.00 0.00 0.00 0.00 0.00 0.00 0.00 0.00 0.00 0.00 0.00 0.00 0.00 0.00 0.00 0.00 0.00 0.00 0.00 0.00 0.00 0.00 0.00 0.00 0.00 0.00 0.00 0.00 0.00 0.00 0.00 0.00 0.00 0.00 0.00 0.00 0.00 0.00 0.00 0.00 0.00 0.00 0.00 7.42 7.83 7.83 7.33 7.33 7.28 7.28 7.28 7.28 8.19 8.92 9.22 9.52 0.00 0.00
0.00 0.00 0.00 0.00 0.00 0.00 0.00 0.00 0.00 0.00 0.00 0.00 0.00 0.00 0.00 0.00 0.00 0.00 0.00 0.00 0.00 0.00 0.00 0.00 0.00 0.00 0.00 0.00 0.00 0.00 0.00 0.00 0.00 0.00 0.00 0.00 0.00 0.00 0.00 0.00 0.00 0.00 0.00 0.00 0.00 0.00 0.00 0.00 0.00 0.00 0.00 0.00 0.00 0.00 0.00 0.00 0.00 0.00 0.00 0.00 0.00 0.00 0.00 0.00 0.00 0.00 7.42 7.91 8.92 7.33 7.33 7.33 7.28 7.28 7.28 7.28 8.19 9.07 9.22 9.07 0.00 0.00
0.00 0.00 0.00 0.00 0.00 0.00 0.00 0.00 0.00 0.00 0.00 0.00 0.00 0.00 0.00 0.00 0.00 0.00 0.00 0.00 0.00 0.00 0.00 0.00 0.00 0.00 0.00 0.00 0.00 0.00 0.00 0.00 0.00 0.00 0.00 0.00 0.00 0.00 0.00 0.00 0.00 0.00 0.00 0.00 0.00 0.00 0.00 0.00 0.00 0.00 0.00 0.00 0.00 0.00 0.00 0.00 5.16 7.64 0.00 0.00 0.00 0.00 0.00 0.00 0.00 7.95 7.78 8.02 7.30 7.30 8.78 8.78 7.47 8.99 8.99 9.14 10.00 3.65 9.40 0.00 0.00 0.00
0.00 0.00 0.00 0.00 0.00 0.00 0.00 0.00 0.00 0.00 0.00 0.00 0.00 0.00 0.00 0.00 0.00 0.00 0.00 0.00 0.00 0.00 0.00 0.00 0.00 0.00 0.00 0.00 0.00 0.00 0.00 0.00 0.00 0.00 0.00 0.00 0.00 0.00 0.00 0.00 0.00 0.00 0.00 0.00 0.00 0.00 0.00 0.00 0.00 0.00 0.00 0.00 0.00 0.00 0.00 0.00 7.87 7.50 7.50 0.00 0.00 0.00 0.00 7.41 7.29 7.29 7.95 7.29 7.30 8.78 8.78 8.78 8.99 9.14 9.88 3.04 3.80 7.05 0.00 0.00 0.00 0.00
0.00 0.00 0.00 0.00 0.00 0.00 0.00 0.00 0.00 0.00 0.00 0.00 0.00 0.00 0.00 0.00 0.00 0.00 0.00 0.00 0.00 0.00 0.00 0.00 0.00 0.00 0.00 0.00 0.00 0.00 0.00 0.00 0.00 0.00 0.00 0.00 0.00 0.00 0.00 0.00 0.00 0.00 0.00 0.00 0.00 0.00 0.00 0.00 0.00 0.00 0.00 0.00 0.00 0.00 0.00 0.00 7.50 7.50 7.50 7.50 7.41 7.41 7.41 7.41 7.29 8.86 7.78 7.29 7.30 8.95 8.95 8.89 8.99 5.10 5.10 5.10 12.22 0.00 0.00 0.00 0.00 0.00
0.00 0.00 0.00 0.00 0.00 0.00 0.00 0.00 0.00 0.00 0.00 0.00 0.00 0.00 0.00 0.00 0.00 0.00 0.00 0.00 0.00 0.00 0.00 0.00 0.00 0.00 0.00 0.00 0.00 0.00 0.00 0.00 0.00 0.00 0.00 0.00 0.00 0.00 0.00 0.00 0.00 0.00 0.00 0.00 0.00 0.00 0.00 0.00 0.00 0.00 0.00 0.00 0.00 0.00 0.00 6.33 7.50 7.50 7.50 7.50 7.41 8.17 7.41 7.41 7.29 7.64 7.29 7.29 7.44 7.44 8.78 9.61 8.99 5.40 5.40 8.73 0.00 0.00 0.00 0.00 0.00 0.00
0.00 0.00 0.00 0.00 0.00 0.00 0.00 0.00 0.00 0.00 0.00 0.00 0.00 0.00 0.00 0.00 0.00 0.00 0.00 0.00 0.00 0.00 0.00 0.00 0.00 0.00 0.00 0.00 0.00 0.00 0.00 0.00 0.00 0.00 0.00 0.00 0.00 0.00 0.00 0.00 0.00 0.00 0.00 0.00 0.00 0.00 0.00 0.00 0.00 0.00 0.00 0.00 0.00 0.00 0.00 7.87 7.46 7.46 7.46 7.46 7.28 8.01 7.28 7.28 7.35 7.35 7.35 7.35 7.54 7.74 7.69 9.79 5.40 6.92 3.93 0.00 0.00 0.00 0.00 0.00 0.00 0.00
0.00 0.00 0.00 0.00 0.00 0.00 0.00 0.00 0.00 0.00 0.00 0.00 0.00 0.00 0.00 0.00 0.00 0.00 0.00 0.00 0.00 0.00 0.00 0.00 0.00 0.00 0.00 0.00 0.00 0.00 0.00 0.00 0.00 0.00 0.00 0.00 0.00 0.00 0.00 0.00 0.00 0.00 0.00 0.00 0.00 0.00 5.44 0.00 0.00 0.00 0.00 0.00 0.00 0.00 0.00 7.87 7.46 7.46 7.46 7.46 7.28 8.03 7.28 7.28 7.99 7.64 7.35 7.35 7.54 8.32 7.69 8.13 2.97 6.45 0.00 0.00 0.00 0.00 0.00 0.00 0.00 0.00
0.00 0.00 0.00 0.00 0.00 0.00 0.00 0.00 0.00 0.00 0.00 0.00 0.00 0.00 0.00 0.00 0.00 0.00 0.00 0.00 0.00 0.00 0.00 0.00 0.00 0.00 0.00 0.00 0.00 0.00 0.00 0.00 0.00 0.00 0.00 0.00 0.00 0.00 0.00 0.00 0.00 0.00 0.00 0.00 0.00 7.30 7.30 7.30 7.31 0.00 0.00 0.00 0.00 0.00 0.00 7.97 7.87 7.87 7.87 7.87 7.70 7.70 7.70 7.70 8.43 8.43 7.77 8.75 8.99 7.95 10.06 5.70 12.14 0.00 0.00 0.00 0.00 0.00 0.00 0.00 0.00 0.00
0.00 0.00 0.00 0.00 0.00 0.00 0.00 0.00 0.00 0.00 0.00 0.00 0.00 0.00 0.00 0.00 0.00 0.00 0.00 0.00 0.00 0.00 0.00 0.00 0.00 0.00 0.00 0.00 0.00 0.00 0.00 0.00 0.00 0.00 0.00 0.00 0.00 0.00 0.00 0.00 0.00 0.00 0.00 0.00 7.30 7.30 7.30 7.30 7.28 9.60 9.60 6.36 8.49 7.97 7.97 7.97 7.87 7.87 7.87 7.87 7.70 8.43 7.70 7.70 7.77 7.77 7.77 8.75 9.80 10.06 10.30 5.70 9.54 0.00 0.00 0.00 0.00 0.00 0.00 0.00 0.00 0.00
0.00 0.00 0.00 0.00 0.00 0.00 0.00 0.00 0.00 0.00 0.00 0.00 0.00 0.00 0.00 0.00 0.00 0.00 0.00 0.00 0.00 0.00 0.00 0.00 0.00 0.00 0.00 0.00 0.00 0.00 0.00 0.00 0.00 0.00 0.00 0.00 0.00 0.00 0.00 0.00 0.00 0.00 4.47 7.33 7.28 7.28 7.28 7.28 7.29 10.43 9.57 9.57 7.24 7.85 7.85 8.44 7.73 7.73 7.73 7.73 7.76 7.76 7.76 7.76 8.00 8.00 8.00 8.00 9.97 10.30 9.51 3.55 3.78 0.00 0.00 0.00 0.00 0.00 0.00 0.00 0.00 0.00
0.00 0.00 0.00 0.00 0.00 0.00 0.00 0.00 0.00 0.00 0.00 0.00 0.00 0.00 0.00 0.00 0.00 0.00 0.00 0.00 0.00 0.00 0.00 0.00 0.00 0.00 0.00 0.00 0.00 0.00 0.00 0.00 0.00 0.00 0.00 0.00 0.00 0.00 0.00 0.00 0.00 7.33 7.33 7.33 7.28 7.28 7.28 7.28 7.29 9.57 9.57 9.57 7.24 7.22 7.85 7.85 7.73 7.73 7.73 7.73 7.76 7.76 7.76 7.76 9.86 9.86 9.86 9.96 10.30 9.52 10.28 3.46 3.63 0.00 0.00 0.00 0.00 0.00 0.00 0.00 0.00 0.00
0.00 0.00 0.00 0.00 0.00 0.00 0.00 0.00 0.00 0.00 0.00 0.00 0.00 0.00 0.00 0.00 0.00 0.00 0.00 0.00 0.00 0.00 0.00 0.00 0.00 0.00 0.00 0.00 0.00 0.00 0.00 0.00 0.00 0.00 0.00 0.00 0.00 0.00 0.00 0.00 0.00 7.30 7.33 7.33 7.28 7.28 7.26 7.28 7.29 9.57 9.57 10.74 7.24 7.24 7.24 7.85 7.73 8.52 7.73 7.73 7.76 8.75 7.76 7.76 9.86 10.14 9.96 10.22 9.36 9.36 3.50 7.33 0.00 0.00 0.00 0.00 0.00 0.00 0.00 0.00 0.00 0.00
0.00 0.00 0.00 0.00 0.00 0.00 0.00 0.00 0.00 0.00 0.00 0.00 0.00 0.00 0.00 0.00 0.00 0.00 0.00 0.00 0.00 0.00 0.00 0.00 0.00 0.00 0.00 0.00 0.00 0.00 0.00 0.00 0.00 0.00 0.00 0.00 0.00 0.00 0.00 0.00 0.00 7.33 7.33 7.33 7.28 7.28 7.28 7.28 7.29 7.26 9.57 9.57 7.24 7.24 7.24 7.24 7.73 8.36 7.73 8.43 7.76 7.76 7.76 7.76 8.00 10.38 9.96 10.30 10.30 9.36 9.25 6.78 0.00 0.00 0.00 0.00 0.00 0.00 0.00 0.00 0.00 0.00
0.00 0.00 0.00 0.00 0.00 0.00 0.00 0.00 0.00 0.00 0.00 0.00 0.00 0.00 0.00 0.00 0.00 0.00 0.00 0.00 0.00 0.00 0.00 0.00 0.00 0.00 0.00 0.00 0.00 0.00 0.00 0.00 0.00 0.00 0.00 0.00 0.00 0.00 0.00 0.00 0.00 0.00 7.41 7.41 7.32 7.32 7.32 7.32 7.25 7.25 9.52 9.52 9.43 7.19 7.85 7.85 7.48 8.09 8.43 7.83 9.02 7.98 7.98 7.98 8.10 8.10 10.46 10.46 10.38 14.53 7.43 6.78 0.00 0.00 0.00 0.00 0.00 0.00 0.00 0.00 0.00 0.00
0.00 0.00 0.00 0.00 0.00 0.00 0.00 0.00 0.00 0.00 0.00 0.00 0.00 0.00 0.00 0.00 0.00 0.00 0.00 0.00 0.00 0.00 0.00 0.00 0.00 0.00 0.00 0.00 0.00 0.00 0.00 0.00 0.00 0.00 0.00 0.00 0.00 0.00 0.00 0.00 0.00 0.00 0.00 7.41 7.32 7.32 7.32 7.32 7.25 7.25 7.25 7.23 9.43 7.19 7.85 7.85 7.95 8.85 8.83 7.83 7.98 7.98 7.98 7.98 8.10 10.00 10.51 10.45 10.53 11.28 7.26 7.39 6.35 0.00 0.00 0.00 0.00 0.00 0.00 0.00 0.00 0.00
0.00 0.00 0.00 0.00 0.00 0.00 0.00 0.00 0.00 0.00 0.00 0.00 0.00 0.00 0.00 0.00 0.00 0.00 0.00 0.00 0.00 0.00 0.00 0.00 0.00 0.00 0.00 0.00 0.00 0.00 0.00 4.55 0.00 0.00 0.00 0.00 0.00 0.00 0.00 0.00 0.00 0.00 0.00 7.36 7.32 7.32 7.29 7.32 7.25 7.25 7.25 7.25 7.19 7.19 8.01 8.79 7.24 8.85 7.24 7.83 7.98 9.84 9.84 13.47 13.63 13.63 13.85 13.41 13.26 13.76 3.65 3.71 2.29 6.86 6.35 4.23 0.00 0.00 0.00 0.00 3.63 7.81
0.00 0.00 0.00 0.00 0.00 0.00 0.00 0.00 0.00 0.00 0.00 0.00 0.00 0.00 0.00 0.00 0.00 0.00 0.00 0.00 0.00 0.00 0.00 0.00 0.00 0.00 0.00 0.00 0.00 0.00 0.00 7.23 7.23 7.23 0.00 0.00 0.00 0.00 0.00 0.00 0.00 0.00 0.00 0.00 7.32 7.32 7.32 7.32 7.25 7.25 7.25 7.64 7.19 7.19 7.19 7.19 8.54 7.24 7.24 7.24 9.84 13.47 13.47 10.97 10.60 8.10 10.07 2.55 9.10 9.10 9.81 13.67 5.61 6.65 7.26 4.01 10.48 10.33 13.39 12.41 13.56 9.33
0.00 0.00 0.00 0.00 0.00 0.00 0.00 0.00 0.00 0.00 0.00 0.00 0.00 0.00 0.00 0.00 0.00 0.00 0.00 0.00 0.00 0.00 0.00 0.00 0.00 0.00 0.00 0.00 0.00 0.00 0.00 7.24 7.23 7.23 7.23 0.00 0.00 0.00 0.00 0.00 0.00 0.00 0.00 0.00 7.35 7.35 7.35 7.35 7.23 7.23 7.23 7.21 7.20 7.22 7.22 7.22 7.34 7.34 7.34 7.34 7.39 9.61 8.00 8.00 8.10 8.10 8.10 10.22 9.51 9.36 10.40 10.40 9.33 3.52 10.18 11.46 10.51 4.34 9.83 10.64 13.11 3.26
0.00 0.00 0.00 0.00 0.00 0.00 0.00 0.00 0.00 0.00 0.00 0.00 0.00 0.00 0.00 0.00 0.00 0.00 0.00 0.00 0.00 0.00 0.00 0.00 0.00 0.00 0.00 0.00 0.00 0.00 0.00 7.24 7.23 7.23 7.23 7.21 0.00 0.00 0.00 0.00 0.00 0.00 0.00 0.00 0.00 7.35 7.35 7.35 7.23 7.23 7.23 7.23 7.22 7.22 7.22 7.20 7.34 7.71 7.34 7.71 7.39 7.39 8.00 8.00 8.10 8.10 8.23 10.15 10.83 11.92 12.31 9.35 10.45 9.42 10.52 8.45 9.26 5.61 10.08 9.93 12.41 10.33
0.00 0.00 0.00 0.00 0.00 0.00 0.00 0.00 0.00 0.00 0.00 0.00 0.00 0.00 0.00 0.00 0.00 0.00 0.00 0.00 0.00 0.00 0.00 0.00 0.00 0.00 0.00 0.00 0.00 0.00 8.84 7.24 7.23 7.23 7.23 7.23 7.28 0.00 0.00 0.00 0.00 0.00 0.00 0.00 0.00 7.35 7.35 7.35 7.23 7.23 7.23 7.23 7.21 7.22 7.22 7.22 7.34 7.34 7.31 7.34 7.39 7.39 7.39 8.00 8.10 8.10 10.46 10.46 10.68 8.14 10.44 9.22 8.08 10.37 12.41 10.05 8.05 9.92 9.92 8.05 11.69 12.96
0.00 0.00 0.00 0.00 0.00 0.00 0.00 0.00 0.00 0.00 0.00 0.00 0.00 0.00 0.00 0.00 0.00 0.00 0.00 0.00 0.00 0.00 0.00 0.00 0.00 0.00 0.00 0.00 0.00 0.00 9.95 7.24 7.23 7.23 7.23 7.23 7.24 7.28 0.00 0.00 0.00 0.00 0.00 0.00 7.35 7.35 7.35 7.35 7.21 7.23 7.23 7.23 7.21 7.22 7.22 7.22 7.34 7.34 7.34 7.34 7.39 7.39 7.39 7.39 8.10 10.00 10.28 10.15 12.45 9.22 9.22 8.14 8.08 10.26 11.61 8.08 8.09 10.28 9.92 8.05 9.12 9.25
0.00 0.00 0.00 0.00 0.00 0.00 0.00 0.00 0.00 0.00 0.00 0.00 0.00 0.00 0.00 0.00 0.00 0.00 0.00 0.00 0.00 0.00 0.00 0.00 8.83 0.00 0.00 8.83 8.81 8.81 8.81 8.81 7.20 7.20 7.20 7.20 7.26 7.26 7.26 0.00 0.00 0.00 0.00 0.00 7.34 7.34 7.34 7.34 7.27 7.27 7.27 7.27 7.27 7.27 7.27 7.27 7.32 7.32 7.32 7.32 7.37 7.37 7.37 7.37 7.47 10.22 9.99 10.15 8.54 8.09 8.15 8.09 8.06 10.16 9.87 8.01 8.06 9.94 10.39 10.57 9.16 9.16
0.00 0.00 0.00 0.00 0.00 0.00 0.00 0.00 0.00 0.00 0.00 0.00 0.00 0.00 0.00 0.00 8.88 8.88 0.00 0.00 0.00 8.89 8.89 10.21 8.83 8.83 8.83 10.12 8.81 8.81 8.81 8.81 7.20 7.74 7.20 7.20 7.26 7.26 7.26 7.26 7.41 7.41 7.41 7.41 7.34 7.34 7.34 7.34 7.27 7.27 7.27 7.27 7.27 7.27 7.27 7.25 7.84 7.32 7.32 7.32 7.37 7.37 7.37 7.37 7.47 10.22 9.81 13.55 8.09 8.09 8.15 8.23 9.22 10.33 9.06 8.01 8.06 12.22 10.71 10.90 9.98 8.13
0.00 0.00 0.00 0.00 0.00 0.00 0.00 0.00 0.00 0.00 0.00 0.00 0.00 0.00 0.00 9.06 9.04 9.04 9.04 9.04 9.05 9.05 9.05 10.21 9.50 9.50 9.50 9.50 10.71 10.70 9.48 9.48 7.63 7.77 7.63 7.63 7.81 7.68 7.68 7.68 7.90 7.90 7.90 8.03 7.82 7.82 7.82 7.82 7.75 7.75 7.89 7.75 7.76 7.76 7.89 7.76 7.88 7.75 7.75 7.75 7.79 7.79 7.79 7.79 8.01 11.89 10.68 7.89 8.70 8.70 8.83 8.83 10.89 10.47 12.29 9.67 8.53 12.79 11.40 10.99 9.42 11.40
0.00 0.00 0.00 0.00 0.00 0.00 0.00 0.00 0.00 0.00 0.00 0.00 0.00 0.00 0.00 0.00 9.04 9.04 9.04 9.04 10.19 10.19 9.05 9.05 10.72 9.50 9.50 9.50 9.48 10.70 9.48 9.48 12.26 7.63 7.63 7.63 7.68 7.68 7.68 7.68 7.90 7.90 7.90 7.90 7.82 7.82 7.82 7.95 7.89 7.75 7.75 7.75 7.76 7.76 7.90 7.76 7.75 7.75 7.75 7.75 7.79 7.79 7.79 7.79 7.89 10.51 11.26 7.89 9.52 8.70 8.70 9.95 8.48 8.48 9.36 8.48 8.53 9.79 11.06 10.99 10.63 11.08
0.00 0.00 0.00 0.00 0.00 0.00 0.00 0.00 0.00 0.00 0.00 0.00 0.00 0.00 0.00 0.00 10.17 9.02 9.02 9.02 8.98 8.98 8.98 10.13 9.45 10.66 9.45 9.45 9.46 10.68 9.46 9.46 9.44 7.60 7.74 7.60 7.62 7.62 7.62 7.62 7.93 7.95 7.81 7.81 7.79 7.79 7.79 8.64 7.78 7.78 7.78 7.78 7.76 7.76 7.76 7.76 7.72 7.72 7.72 7.72 7.78 7.78 7.78 7.78 7.86 7.86 7.86 7.86 7.84 7.84 8.64 8.64 9.64 9.05 9.05 8.45 8.53 8.53 10.98 11.16 10.70 11.67
0.00 0.00 0.00 0.00 0.00 0.00 0.00 0.00 0.00 0.00 0.00 0.00 0.00 0.00 0.00 0.00 9.02 9.02 9.02 9.02 8.98 8.98 8.98 8.98 9.45 9.45 10.66 9.45 9.46 10.68 9.46 9.46 9.44 7.60 7.60 7.60 7.62 7.62 7.62 7.62 7.81 7.81 7.81 7.81 7.79 7.79 7.79 7.79 7.92 7.78 7.92 7.78 7.76 7.76 7.76 7.76 7.72 7.72 7.72 7.72 7.78 7.92 7.78 7.78 7.86 7.86 8.00 7.86 7.84 7.84 7.84 8.64 8.45 8.45 8.45 8.45 8.53 8.53 11.40 10.92 10.59 11.09
0.00 0.00 0.00 0.00 0.00 0.00 0.00 0.00 0.00 0.00 0.00 0.00 0.00 0.00 0.00 0.00 10.17 10.70 10.17 9.02 8.98 8.98 8.98 8.98 9.45 9.45 9.45 9.45 9.46 9.46 10.68 9.46 9.44 9.44 7.60 7.74 7.62 7.62 7.62 7.76 8.28 7.81 7.81 7.81 7.93 7.79 7.79 7.79 7.78 7.78 7.78 7.78 7.76 7.76 7.76 7.76 7.72 7.72 7.72 7.72 7.79 7.79 7.79 7.79 7.86 7.86 8.71 7.86 7.84 7.84 7.84 7.84 8.45 8.45 8.45 8.45 8.53 8.53 12.02 10.92 10.98 10.59
0.00 0.00 0.00 0.00 0.00 0.00 0.00 0.00 0.00 0.00 0.00 0.00 0.00 0.00 0.00 9.14 9.02 9.02 10.17 10.16 8.98 8.98 8.98 8.98 9.45 9.45 9.45 12.08 9.46 9.46 9.46 9.46 9.44 9.44 7.60 7.60 7.62 7.62 7.62 7.62 7.92 8.55 7.81 7.81 7.79 7.79 7.79 8.35 7.78 7.78 7.78 7.78 7.76 7.76 7.76 7.76 7.86 7.72 7.72 7.72 7.79 7.79 7.79 7.79 7.86 7.99 7.99 7.86 7.84 7.84 7.84 7.84 7.68 8.45 8.45 8.45 8.53 9.74 9.74 10.54 10.98 10.64
0.00 0.00 0.00 0.00 0.00 0.00 0.00 0.00 0.00 0.00 0.00 0.00 0.00 0.00 9.14 9.14 8.99 8.99 8.99 8.99 10.08 8.94 8.94 8.94 9.40 9.40 9.40 10.61 9.43 9.43 9.43 9.43 9.43 9.43 7.59 7.59 7.60 7.60 7.60 7.60 7.90 7.78 8.26 7.92 7.77 7.77 7.77 7.77 7.78 7.78 7.78 7.78 7.74 7.74 7.88 7.87 7.85 7.71 7.71 7.71 7.78 7.78 7.78 7.78 7.82 7.82 7.82 7.82 7.79 7.79 7.79 7.79 7.64 7.64 10.01 8.41 8.47 8.47 9.08 8.47 8.51 9.71
0.00 0.00 0.00 0.00 0.00 0.00 0.00 0.00 0.00 0.00 0.00 0.00 0.00 5.91 9.14 9.14 8.99 8.99 8.99 8.99 8.94 8.94 8.94 8.94 10.50 9.40 9.40 10.61 10.64 9.43 9.43 11.20 10.64 9.43 9.43 7.59 7.60 7.60 7.60 7.60 7.78 7.78 7.78 7.78 7.77 7.77 7.77 7.77 7.78 7.78 7.78 7.78 7.74 7.74 7.74 7.74 7.71 7.71 7.71 7.71 7.78 7.78 7.78 7.78 7.95 7.82 7.95 7.82 7.79 7.79 9.61 7.79 7.64 7.64 7.64 8.41 8.47 8.47 8.47 9.08 8.51 8.51
0.00 0.00 0.00 0.00 0.00 0.00 0.00 0.00 0.00 0.00 0.00 0.00 0.00 5.91 10.31 9.14 8.99 10.14 8.99 8.99 8.94 8.94 8.94 8.94 9.40 9.40 9.40 9.40 9.43 10.64 9.43 9.43 9.43 9.43 9.43 7.59 10.14 7.60 7.60 8.16 7.92 7.78 7.78 7.78 7.77 7.77 7.77 7.77 7.78 7.78 7.78 7.78 7.74 7.88 7.74 7.74 7.71 7.71 7.71 7.71 7.91 7.78 7.78 7.78 7.82 7.82 7.82 7.82 7.79 7.79 11.38 8.62 7.64 7.64 7.78 7.64 8.47 8.47 8.47 8.47 8.51 8.51
0.00 0.00 0.00 0.00 0.00 0.00 0.00 0.00 0.00 0.00 0.00 0.00 0.00 9.14 10.31 9.14 8.99 8.99 8.99 8.99 8.94 10.08 8.94 8.94 9.40 9.40 9.40 9.40 9.43 9.43 9.43 9.43 9.43 9.43 9.43 9.43 7.74 7.60 7.60 7.60 7.78 7.92 7.78 7.78 7.77 7.77 7.77 7.77 7.78 7.78 7.91 7.78 7.74 7.74 7.74 7.74 7.71 7.71 7.71 7.71 7.91 7.78 7.78 7.78 7.82 7.95 7.82 7.82 7.92 7.79 7.79 7.92 7.64 7.64 7.64 7.64 7.69 8.47 8.47 8.47 9.10 8.51
0.00 0.00 0.00 0.00 0.00 0.00 0.00 0.00 0.00 0.00 0.00 0.00 0.00 10.38 9.11 9.11 8.96 8.96 8.96 8.96 8.93 8.93 10.06 8.93 9.37 9.37 9.37 9.37 9.42 9.42 10.63 9.42 9.44 10.65 9.44 9.44 7.59 9.08 7.59 7.59 7.77 7.77 7.90 7.77 7.75 7.75 7.75 7.75 7.76 7.76 7.89 7.76 7.71 7.71 7.85 7.71 7.68 7.68 7.68 7.68 7.74 7.74 7.74 7.74 7.73 7.73 7.73 7.73 7.73 7.73 7.73 7.73 7.59 7.59 7.71 7.71 7.62 7.62 9.52 8.36 8.38 8.38
0.00 0.00 0.00 0.00 0.00 0.00 0.00 0.00 0.00 0.00 0.00 5.91 0.00 12.45 10.28 9.11 8.96 10.18 8.96 8.96 8.93 8.93 8.93 8.93 9.37 9.37 9.37 9.37 9.42 9.42 9.42 9.42 9.44 10.65 9.44 9.44 7.59 9.15 7.73 7.59 7.77 7.77 8.61 7.77 7.89 7.75 7.75 7.75 7.89 7.76 7.89 7.76 7.71 7.71 7.71 7.71 7.68 7.68 7.68 8.24 7.74 7.88 7.74 7.88 7.73 7.73 7.73 7.73 7.73 7.73 7.73 7.73 7.59 7.59 7.71 7.59 7.62 7.62 9.13 8.36 8.38 8.38
0.00 0.00 0.00 0.00 0.00 0.00 0.00 0.00 0.00 0.00 0.00 0.00 5.91 10.38 9.11 9.11 8.96 8.96 8.96 8.96 8.93 8.93 8.93 8.93 12.68 9.37 9.37 9.37 9.42 9.42 11.61 9.42 9.44 9.44 10.65 9.44 9.42 7.59 7.59 7.59 7.77 7.90 7.77 7.90 7.89 7.75 7.75 7.75 7.89 7.76 7.76 7.76 7.71 7.71 7.71 7.84 7.68 7.68 7.68 7.68 7.74 7.74 7.74 7.74 7.73 7.73 7.73 7.73 7.73 7.73 7.73 7.73 7.74 7.59 7.59 7.71 7.62 7.62 7.62 7.62 10.30 10.30
