New_Model_Runs/12_Future_RCP4.5_Scn2_out/post_prcessed_with_MFR/Monthly_summaries/runoff_monthly_OCT.asc
NCOLS 700
NROWS 400
XLLCENTER 515000.000000
YLLCENTER 8409000.000000
CELLSIZE 50.000000
NODATA_value -999.000000
[rows 114 to 151 of 400, columns 336 to 419 of 700]
0.00 0.00 0.58 0.19 0.55 0.55 0.76 0.55 0.53 0.95 0.73 0.53 0.54 0.54 0.54 0.54 0.55 0.75 0.75 0.55 0.56 0.56 0.74 0.56 0.56 0.56 0.56 0.56 0.55 0.76 0.34 0.47 0.35 0.35 0.35 0.48 0.34 0.34 0.47 0.34 0.34 0.09 0.34 0.46 0.33 0.33 0.45 0.33 0.32 0.32 0.44 0.32 0.32 0.32 0.32 0.32 0.32 0.32 0.32 0.32 0.33 0.33 0.33 0.33 0.31 0.42 0.31 0.31 0.31 0.31 0.31 2.62 2.63 2.63 4.96 2.63 1.80 1.80 2.61 2.61 1.93 2.63 2.63 2.63
0.58 0.58 0.19 0.19 0.55 0.55 0.98 0.55 0.53 0.53 0.53 0.73 0.54 0.73 0.54 0.54 0.55 0.55 0.74 0.55 0.56 0.76 0.56 0.56 0.56 0.56 0.77 0.56 0.55 0.55 0.34 0.34 0.35 0.35 0.35 0.47 0.34 0.34 0.47 0.34 0.34 0.34 0.46 0.34 0.33 0.45 0.33 0.33 0.32 0.32 0.32 0.32 0.32 0.32 0.32 0.32 0.32 0.32 0.32 0.32 0.33 0.33 0.33 0.33 0.31 0.31 0.31 0.31 0.31 0.42 4.94 2.62 2.63 2.63 2.63 2.63 1.80 2.61 2.61 4.87 2.63 2.63 2.63 2.63
0.54 0.54 0.19 0.54 0.52 0.52 0.52 0.52 0.52 0.52 0.52 0.52 0.52 0.72 1.02 0.52 0.54 0.54 0.54 0.54 0.54 0.54 0.54 0.74 0.54 0.54 0.54 0.54 0.54 0.73 0.56 0.33 0.33 0.33 0.46 0.50 0.33 0.33 0.33 0.33 0.32 0.32 0.44 0.56 0.33 0.33 0.33 0.33 0.33 0.33 0.33 0.33 0.09 0.34 0.34 0.34 0.34 0.34 0.34 0.34 0.34 0.34 0.34 0.34 0.31 0.31 0.31 0.31 0.31 0.31 2.62 2.62 2.59 2.59 2.59 2.59 1.87 4.17 2.56 2.56 2.66 1.83 2.66 2.66
0.54 0.17 0.19 0.54 0.52 0.52 0.52 0.52 0.52 0.52 0.52 0.52 0.52 0.52 0.52 0.72 0.54 0.54 0.54 0.54 0.54 0.54 0.54 0.74 0.96 0.54 0.54 0.54 0.54 0.54 0.54 0.33 0.33 0.33 0.33 0.33 0.33 0.33 0.33 0.33 0.32 0.32 0.32 0.44 0.33 0.33 0.33 0.33 0.33 0.33 0.33 0.33 0.34 0.34 0.34 0.34 0.34 0.34 0.34 0.34 0.34 0.34 0.34 0.34 0.31 0.31 0.31 0.31 0.31 0.31 4.93 2.62 2.59 2.59 2.59 2.59 2.56 1.76 2.56 2.56 2.66 2.66 2.66 2.66
0.17 0.19 0.54 0.54 0.52 0.52 0.52 0.52 0.52 0.52 0.52 0.52 0.52 0.52 0.72 0.52 0.54 0.54 0.54 0.54 0.54 0.54 0.54 0.74 0.54 0.54 0.54 0.74 0.54 0.54 0.54 0.54 0.33 0.33 0.33 0.33 0.08 0.08 0.33 0.34 0.32 0.44 0.32 0.32 0.33 0.33 0.33 0.33 0.33 0.33 0.33 0.33 0.34 0.34 0.34 0.34 0.34 0.34 0.34 0.34 0.34 0.34 0.34 0.34 0.31 0.31 0.31 0.31 0.31 0.31 2.62 2.62 2.59 2.59 2.59 2.59 2.56 1.76 2.56 2.56 1.83 2.66 2.66 2.66
0.19 0.54 0.72 0.54 0.52 0.52 0.52 0.52 0.52 0.52 0.52 0.52 0.52 0.52 0.52 0.52 0.54 0.54 0.54 0.73 0.54 0.54 0.54 0.54 0.54 0.54 0.54 0.74 0.54 0.54 0.61 0.54 0.33 0.33 0.33 0.33 0.24 0.16 0.33 0.02 0.01 0.32 0.32 0.32 0.33 0.33 0.33 0.33 0.33 0.33 0.33 0.33 0.34 0.34 0.34 0.34 0.34 0.34 0.34 0.09 0.34 0.34 0.34 0.34 0.31 0.31 0.31 0.31 0.31 0.31 2.62 2.62 2.59 2.59 2.59 2.59 2.56 2.56 2.56 2.56 2.66 2.66 2.66 2.66
0.50 0.50 0.50 0.50 0.52 0.52 0.52 0.70 0.52 0.52 0.52 0.52 0.53 0.53 0.72 0.53 0.54 0.54 0.54 0.61 0.60 0.54 0.54 0.74 0.54 0.54 0.54 0.54 0.26 0.17 0.17 0.19 0.08 0.08 0.33 0.46 0.46 0.46 0.10 0.34 0.35 0.35 0.35 0.35 0.39 0.39 0.39 0.39 0.37 0.37 0.37 0.37 0.37 0.37 0.37 0.10 0.36 0.36 0.36 0.36 0.36 0.36 0.36 0.36 0.33 0.33 0.33 0.33 0.32 2.69 1.86 2.69 2.63 2.63 2.63 2.63 2.63 2.63 2.63 2.63 2.80 2.80 2.80 2.80
0.50 0.50 0.75 0.50 0.16 0.52 0.52 0.52 0.72 0.52 0.72 0.72 0.17 0.53 0.53 0.53 0.54 0.17 0.17 0.54 0.17 0.17 0.54 0.54 0.54 0.54 0.54 0.17 0.53 0.53 0.53 0.53 0.54 0.33 0.33 0.33 0.34 0.34 0.34 0.34 0.35 0.35 0.35 0.35 0.39 0.39 0.39 0.39 0.37 0.37 0.37 0.37 0.37 0.37 0.37 0.37 0.36 0.36 0.36 0.05 0.36 0.36 0.36 0.36 0.33 0.33 0.33 0.33 0.32 2.69 2.69 2.69 2.63 2.63 2.63 2.63 2.63 2.63 2.63 2.63 2.80 2.80 2.80 2.80
0.50 0.50 0.50 0.16 0.52 0.52 0.52 0.52 0.52 0.52 0.52 0.17 0.53 0.53 0.53 0.53 0.54 0.54 0.54 0.54 0.54 0.54 0.54 0.54 0.17 0.17 0.54 0.54 0.53 0.53 0.53 0.53 0.54 0.33 0.33 0.33 0.09 0.34 0.34 0.34 0.35 0.35 0.35 0.35 0.39 0.39 0.39 0.39 0.37 0.37 0.37 0.37 0.37 0.70 0.23 0.05 0.05 0.05 0.05 0.05 0.05 0.02 0.05 0.05 0.04 0.33 0.33 0.33 0.32 2.69 2.69 2.69 2.63 2.63 2.63 2.63 2.63 2.63 2.63 2.63 2.80 2.80 2.80 2.80
0.50 0.50 0.50 0.50 0.52 0.52 0.52 0.52 0.52 0.52 0.52 0.52 0.53 0.53 0.53 0.53 0.54 0.54 0.54 0.54 0.54 0.54 0.54 0.54 0.54 0.54 0.54 0.54 0.53 0.53 0.53 0.53 0.54 0.33 0.33 0.33 0.34 0.34 0.34 0.34 0.35 0.35 0.35 0.35 0.10 0.39 0.39 0.39 0.37 0.37 0.37 0.05 0.05 0.23 0.20 0.20 0.23 0.05 0.05 0.05 0.05 0.05 0.05 0.05 0.04 0.04 0.33 0.33 0.32 2.69 2.69 2.69 2.63 2.63 2.63 2.63 2.63 2.63 2.63 2.63 2.80 2.80 2.80 2.80
0.54 0.54 0.54 0.54 0.56 0.56 0.56 0.56 0.56 0.56 0.56 0.56 0.56 0.56 0.56 0.56 0.57 0.57 0.57 0.57 0.57 0.57 0.57 0.57 0.56 0.56 0.56 0.56 0.56 0.56 0.56 0.56 0.57 0.57 0.36 0.36 0.36 0.36 0.36 0.36 0.70 0.70 0.70 0.70 0.71 0.71 0.71 0.71 0.39 0.71 0.39 0.05 0.05 0.24 0.17 0.20 0.24 0.05 0.05 0.05 0.05 0.05 0.05 0.05 0.05 0.05 0.05 0.34 2.72 2.72 2.72 2.72 2.69 2.69 2.69 2.69 2.71 2.71 2.71 2.71 2.84 2.84 2.84 2.84
0.54 0.54 0.54 0.54 0.56 0.56 0.56 0.56 0.56 0.56 0.56 0.56 0.56 0.56 0.56 0.56 0.57 0.57 0.57 0.57 0.57 0.57 0.57 0.57 0.56 0.56 0.56 0.56 0.56 0.56 0.56 0.56 0.57 0.57 0.36 0.36 0.36 0.36 0.36 0.36 0.70 0.70 0.70 0.70 0.71 0.71 0.71 0.32 0.39 0.10 0.24 0.23 0.20 0.20 0.20 0.20 0.20 0.24 0.05 0.24 0.23 0.05 0.05 0.05 0.05 0.05 0.05 0.34 2.72 2.72 2.72 2.72 2.69 2.69 2.69 2.69 2.71 2.71 2.71 2.71 1.98 2.84 1.98 1.98
0.54 0.54 0.54 0.54 0.56 0.56 0.56 0.56 0.56 0.56 0.56 0.56 0.56 0.56 0.56 0.56 0.57 0.57 0.57 0.57 0.57 0.57 0.57 0.57 0.56 0.56 0.56 0.56 0.56 0.56 0.56 0.56 0.57 0.57 0.36 0.36 0.36 0.36 0.36 0.36 0.70 0.70 0.70 0.70 0.71 0.32 0.75 0.24 0.39 0.05 0.23 0.23 0.20 0.25 0.72 0.25 0.25 0.72 0.25 0.25 0.25 0.72 0.17 0.05 0.05 0.05 0.05 0.05 1.61 2.72 2.72 2.72 2.69 2.69 2.69 2.69 2.71 2.71 2.71 2.71 2.84 2.84 2.89 2.89
0.54 0.54 0.54 0.54 0.56 0.56 0.56 0.56 0.56 0.56 0.56 0.56 0.56 0.56 0.56 0.11 0.11 0.11 0.57 0.57 0.57 0.57 0.57 0.57 0.56 0.56 0.56 0.56 0.56 0.56 0.56 0.56 0.57 0.57 0.18 0.36 0.36 0.36 0.09 0.09 0.70 0.70 0.70 0.70 0.71 0.73 0.25 0.24 0.23 0.24 0.20 0.25 0.25 0.25 0.72 0.00 0.25 0.00 0.00 0.00 8.57 0.72 0.72 0.25 0.22 0.22 0.05 0.05 1.61 1.61 2.72 2.72 2.69 2.69 2.69 2.69 2.71 2.71 2.71 2.71 1.29 1.69 2.89 2.11
0.58 0.11 0.03 0.11 0.58 0.58 0.58 0.11 0.58 0.58 0.58 0.19 0.19 0.58 0.60 0.11 0.11 0.11 0.11 0.58 0.58 0.58 0.58 0.58 0.57 0.57 0.57 0.57 0.57 0.57 0.57 0.57 0.59 0.59 0.59 0.37 0.39 0.39 0.39 0.33 0.70 0.70 0.33 0.72 0.72 0.24 0.24 0.24 0.25 0.25 0.72 0.00 0.00 0.00 0.00 0.00 0.00 0.00 0.00 0.00 0.00 0.00 0.00 0.00 0.51 0.51 0.05 0.05 1.62 1.62 2.74 2.74 2.73 2.73 2.73 1.89 1.90 2.80 2.80 2.80 1.70 1.73 1.70 1.32
0.11 0.11 0.11 0.11 0.11 0.11 0.12 0.11 0.11 0.04 0.04 0.35 0.59 0.64 0.35 0.11 0.11 0.11 0.11 0.58 0.58 0.58 0.58 0.58 0.57 0.57 0.57 0.57 0.57 0.57 0.57 0.57 0.59 0.59 0.59 0.59 0.39 0.39 0.32 0.32 0.72 0.24 0.32 0.21 0.21 0.18 0.18 0.74 8.57 0.00 0.00 0.00 0.00 0.00 0.00 0.00 0.00 0.00 0.00 0.00 0.00 0.00 0.00 0.00 0.00 0.00 0.51 2.75 2.75 1.66 1.66 2.74 2.79 1.91 1.89 1.89 2.74 1.92 1.92 1.92 1.70 1.73 1.70 1.70
0.11 0.12 0.12 0.11 0.11 0.11 0.36 0.11 0.11 0.36 0.36 0.36 0.36 0.36 0.31 0.36 0.10 0.10 0.10 0.10 0.54 0.54 0.54 0.10 0.10 0.10 0.10 0.53 0.55 0.54 0.54 0.10 0.09 0.09 0.09 0.10 0.34 0.15 0.15 0.15 0.13 0.18 0.18 0.50 0.13 0.13 0.13 0.00 0.00 0.00 0.00 0.00 0.00 0.00 0.00 0.00 0.00 0.00 0.00 0.00 0.00 0.00 0.00 0.00 0.00 0.00 0.00 0.00 0.00 8.20 1.64 1.64 1.55 2.65 1.85 1.88 1.86 1.88 1.84 2.66 1.24 1.63 1.58 1.58
0.11 0.36 0.43 1.05 0.11 0.11 0.12 0.31 0.43 0.43 0.43 1.05 0.43 0.36 0.31 0.36 0.33 0.10 0.10 0.11 0.11 0.10 0.10 0.11 0.10 0.10 0.10 0.33 0.33 0.10 0.10 0.10 0.09 0.09 0.09 0.03 0.01 0.18 0.18 0.13 0.18 0.18 0.50 0.50 0.50 0.00 0.00 0.00 0.00 0.00 0.00 0.00 0.00 0.00 0.00 0.00 0.00 0.00 0.00 0.00 0.00 0.00 0.00 0.00 0.00 0.00 0.00 0.00 0.00 0.00 0.00 0.00 0.00 1.55 1.55 1.18 1.37 1.20 1.57 1.64 1.58 0.00 1.58 2.72
0.11 0.43 0.43 0.43 0.12 0.12 0.36 0.43 0.43 0.43 0.43 0.43 0.43 0.43 0.43 0.43 0.40 0.11 0.11 1.00 0.40 0.10 0.33 0.33 0.29 0.33 0.33 0.33 0.40 0.33 0.33 0.33 0.10 0.10 0.10 0.11 0.36 0.18 0.13 0.18 0.18 0.50 0.50 0.50 0.00 0.00 0.00 0.00 0.00 0.00 0.00 0.00 0.00 0.00 0.00 0.00 0.00 0.00 0.00 0.00 0.00 0.00 0.00 0.00 0.00 0.00 0.00 0.00 0.00 0.00 0.00 0.00 0.00 0.00 0.00 0.00 8.20 8.20 1.54 1.54 0.00 0.00 0.00 1.58
0.43 0.43 1.05 1.05 0.36 0.31 0.43 0.43 0.43 0.43 0.43 1.05 1.05 0.43 0.43 0.43 0.40 0.40 1.00 0.40 1.00 0.03 0.40 0.40 0.40 0.40 0.40 0.29 0.40 0.40 0.40 0.40 0.06 0.02 0.11 0.36 0.36 0.50 0.50 0.50 0.50 0.50 0.50 0.00 0.00 0.00 0.00 0.00 0.00 0.00 0.00 0.00 0.00 0.00 0.00 0.00 0.00 0.00 0.00 0.00 0.00 0.00 0.00 0.00 0.00 0.00 0.00 0.00 0.00 0.00 0.00 0.00 0.00 0.00 0.00 0.00 0.00 0.00 0.00 0.00 0.00 0.00 0.00 0.00
0.43 0.43 0.43 0.43 0.43 0.43 0.27 1.05 0.27 0.27 0.27 1.05 8.64 0.00 0.00 0.00 0.00 8.40 8.40 0.00 0.00 0.00 0.00 8.40 1.00 1.00 1.00 1.00 1.00 1.00 1.00 1.00 0.36 0.36 0.36 0.36 0.36 0.50 0.50 0.50 0.50 0.50 0.00 0.00 0.00 0.00 0.00 0.00 0.00 0.00 0.00 0.00 0.00 0.00 0.00 0.00 0.00 0.00 0.00 0.00 0.00 0.00 0.00 0.00 0.00 0.00 0.00 0.00 0.00 0.00 0.00 0.00 0.00 0.00 0.00 0.00 0.00 0.00 0.00 0.00 0.00 0.00 0.00 0.00
0.43 0.43 0.43 0.43 0.43 0.27 0.27 1.05 0.27 0.27 0.27 1.05 0.00 0.00 0.00 0.00 0.00 0.00 0.00 0.00 0.00 0.00 0.00 0.00 0.00 0.00 0.00 2.01 1.00 1.00 1.00 1.00 0.36 0.36 0.36 0.36 0.36 0.36 8.28 0.50 0.50 8.28 0.00 0.00 0.00 0.00 0.00 0.00 0.00 0.00 0.00 0.00 0.00 0.00 0.00 0.00 0.00 0.00 0.00 0.00 0.00 0.00 0.00 0.00 0.00 0.00 0.00 0.00 0.00 0.00 0.00 0.00 0.00 0.00 0.00 0.00 0.00 0.00 0.00 0.00 0.00 0.00 0.00 0.00
0.43 0.43 1.05 1.05 0.27 0.27 0.27 0.27 0.27 0.27 0.27 1.05 0.00 0.00 0.00 0.00 0.00 0.00 0.00 0.00 0.00 0.00 0.00 0.00 0.00 0.00 0.00 0.00 0.00 0.00 1.00 1.00 0.00 0.00 0.00 0.00 0.00 0.00 0.00 0.00 0.00 0.00 0.00 0.00 0.00 0.00 0.00 0.00 0.00 0.00 0.00 0.00 0.00 0.00 0.00 0.00 0.00 0.00 0.00 0.00 0.00 0.00 0.00 0.00 0.00 0.00 0.00 0.00 0.00 0.00 0.00 0.00 0.00 0.00 0.00 0.00 0.00 0.00 0.00 0.00 0.00 0.00 0.00 0.00
0.43 0.43 0.43 0.27 0.27 0.43 2.10 2.10 8.64 0.00 0.00 0.00 0.00 0.00 0.00 0.00 0.00 0.00 0.00 0.00 0.00 0.00 0.00 0.00 0.00 0.00 0.00 0.00 0.00 0.00 0.00 0.00 0.00 0.00 0.00 0.00 0.00 0.00 0.00 0.00 0.00 0.00 0.00 0.00 0.00 0.00 0.00 0.00 0.00 0.00 0.00 0.00 0.00 0.00 0.00 0.00 0.00 0.00 0.00 0.00 0.00 0.00 0.00 0.00 0.00 0.00 0.00 0.00 0.00 0.00 0.00 0.00 0.00 0.00 0.00 0.00 0.00 0.00 0.00 0.00 0.00 0.00 0.00 0.00
0.43 0.31 0.31 1.05 0.27 1.05 1.05 2.10 3.72 9.10 1.05 2.10 0.00 0.00 0.00 0.00 0.00 0.00 0.00 0.00 0.00 0.00 0.00 0.00 0.00 0.00 0.00 0.00 0.00 0.00 0.00 0.00 0.00 0.00 0.00 0.00 0.00 0.00 0.00 0.00 0.00 0.00 0.00 0.00 0.00 0.00 0.00 0.00 0.00 0.00 0.00 0.00 0.00 0.00 0.00 0.00 0.00 0.00 0.00 0.00 0.00 0.00 0.00 0.00 0.00 0.00 0.00 0.00 0.00 0.00 0.00 0.00 0.00 0.00 0.00 0.00 0.00 0.00 0.00 0.00 0.00 0.00 0.00 0.00
0.57 0.43 0.43 0.43 1.05 1.05 1.05 2.10 2.10 2.10 0.27 2.10 0.00 0.00 0.00 0.00 0.00 0.00 0.00 0.00 0.00 0.00 0.00 0.00 0.00 0.00 0.00 0.00 0.00 0.00 0.00 0.00 0.00 0.00 0.00 0.00 0.00 0.00 0.00 0.00 0.00 0.00 0.00 0.00 0.00 0.00 0.00 0.00 0.00 0.00 0.00 0.00 0.00 0.00 0.00 0.00 0.00 0.00 0.00 0.00 0.00 0.00 0.00 0.00 0.00 0.00 0.00 0.00 0.00 0.00 0.00 0.00 0.00 0.00 0.00 0.00 0.00 0.00 0.00 0.00 0.00 0.00 0.00 0.00
0.03 0.43 1.05 1.05 0.43 1.05 1.05 1.05 1.05 1.31 1.05 1.05 0.00 0.00 0.00 0.00 0.00 0.00 0.00 0.00 0.00 0.00 0.00 0.00 0.00 0.00 0.00 0.00 0.00 0.00 0.00 0.00 0.00 0.00 0.00 0.00 0.00 0.00 0.00 0.00 0.00 0.00 0.00 0.00 0.00 0.00 0.00 0.00 0.00 0.00 0.00 0.00 0.00 0.00 0.00 0.00 0.00 0.00 0.00 0.00 0.00 0.00 0.00 0.00 0.00 0.00 0.00 0.00 0.00 0.00 0.00 0.00 0.00 0.00 0.00 0.00 0.00 0.00 0.00 0.00 0.00 0.00 0.00 0.00
0.03 0.03 0.43 0.43 0.11 0.11 0.61 0.52 0.12 0.43 1.05 0.12 0.12 0.12 1.05 0.43 1.00 1.00 1.58 0.40 0.00 0.00 0.00 0.00 0.00 0.00 0.00 0.00 0.00 0.00 0.00 0.00 0.00 0.00 0.00 0.00 0.00 0.00 0.00 0.00 0.00 0.00 0.00 0.00 0.00 0.00 0.00 0.00 0.00 0.00 0.00 0.00 0.00 0.00 0.00 0.00 0.00 0.00 0.00 0.00 0.00 0.00 0.00 0.00 0.00 0.00 0.00 0.00 0.00 0.00 0.00 0.00 0.00 0.00 0.00 0.00 0.00 0.00 0.00 0.00 0.00 0.00 0.00 0.00
0.03 0.03 0.03 1.05 0.65 0.61 0.82 0.59 0.58 0.60 0.60 0.60 0.12 0.12 0.43 0.43 0.40 0.40 1.00 1.36 0.40 8.40 0.00 0.00 0.00 0.00 0.00 0.00 0.00 0.00 0.00 0.00 0.00 0.00 0.00 0.00 0.00 0.00 0.00 0.00 0.00 0.00 0.00 0.00 0.00 0.00 0.00 0.00 0.00 0.00 0.00 0.00 0.00 0.00 0.00 0.00 0.00 0.00 0.00 0.00 0.00 0.00 0.00 0.00 0.00 0.00 0.00 0.00 0.00 0.00 0.00 0.00 0.00 0.00 0.00 0.00 0.00 0.00 0.00 0.00 0.00 0.00 0.00 0.00
0.03 0.03 0.09 0.65 0.52 0.61 0.59 0.59 0.58 0.58 0.59 0.59 0.59 0.43 0.43 0.36 0.18 0.61 0.61 0.61 0.33 0.40 8.40 1.00 0.00 0.00 0.00 0.00 0.00 0.00 0.00 0.00 0.00 0.00 0.00 0.00 0.00 0.00 0.00 0.00 0.00 0.00 0.00 0.00 0.00 0.00 0.00 0.00 0.00 0.00 0.00 0.00 0.00 0.00 0.00 0.00 0.00 0.00 0.00 0.00 0.00 0.00 0.00 0.00 0.00 0.00 0.00 0.00 0.00 0.00 0.00 0.00 0.00 0.00 0.00 0.00 0.00 0.00 0.00 0.00 0.00 0.00 0.00 0.00
0.05 0.09 0.09 0.09 0.52 0.60 0.58 0.58 0.58 0.58 0.58 0.58 0.65 0.12 0.43 1.16 0.48 0.61 0.48 0.62 0.55 0.61 0.40 0.40 0.40 1.00 8.40 0.00 0.00 0.00 0.00 0.00 0.00 0.00 0.00 0.00 0.00 0.00 0.00 0.00 0.00 0.00 0.00 0.00 0.00 0.00 0.00 0.00 0.00 0.00 0.00 0.00 0.00 0.00 0.00 0.00 0.00 0.00 0.00 0.00 0.00 0.00 0.00 0.00 0.00 0.00 0.00 0.00 0.00 0.00 0.00 0.00 0.00 0.00 0.00 0.00 0.00 0.00 0.00 0.00 0.00 0.00 0.00 0.00
0.09 0.13 0.09 0.23 0.22 0.58 0.80 0.58 0.58 0.58 0.58 0.19 0.60 0.31 0.52 0.65 0.61 0.68 0.18 0.17 0.53 0.55 0.61 0.40 0.40 0.40 1.00 1.00 0.00 0.00 0.00 0.00 0.00 0.00 0.00 0.00 0.00 0.00 0.00 0.00 0.00 0.00 0.00 0.00 0.00 0.00 0.00 0.00 0.00 0.00 0.00 0.00 0.00 0.00 0.00 0.00 0.00 0.00 0.00 0.00 0.00 0.00 0.00 0.00 0.00 0.00 0.00 0.00 0.00 0.00 0.00 0.00 0.00 0.00 0.00 0.00 0.00 0.00 0.00 0.00 0.00 0.00 0.00 0.00
0.04 0.11 0.30 0.30 0.30 0.30 0.74 0.71 0.71 0.71 0.71 0.24 0.74 0.50 0.97 0.74 0.67 0.71 0.21 0.60 0.59 0.59 0.62 0.54 0.45 0.45 0.45 1.10 1.10 0.00 0.00 0.00 0.00 0.00 0.00 0.00 0.00 0.00 0.00 8.43 1.00 0.00 0.00 0.00 0.00 0.00 0.00 0.69 0.53 0.53 0.61 0.50 0.00 0.00 0.00 0.00 0.00 0.00 0.00 0.00 0.00 0.00 0.00 0.00 0.00 0.00 0.00 0.00 0.00 0.00 0.00 0.00 0.00 0.00 0.00 0.00 0.00 0.00 0.00 0.00 0.00 0.00 0.00 0.00
0.29 0.11 0.30 0.30 0.30 0.27 0.71 0.71 0.71 0.71 0.71 0.24 0.74 0.74 1.01 0.59 0.63 0.63 0.60 0.60 0.59 0.59 0.59 0.61 0.63 0.63 0.12 0.12 0.13 1.10 1.10 1.10 0.00 0.00 0.00 0.00 0.00 0.00 1.00 1.00 1.00 1.00 0.69 0.69 0.69 0.69 0.23 0.23 0.05 0.05 0.18 0.18 0.50 0.00 0.00 0.00 0.00 0.00 0.00 0.00 0.00 0.00 0.00 0.00 0.00 0.00 0.00 0.00 0.00 0.00 0.00 0.00 0.00 0.00 0.00 0.00 0.00 0.00 0.00 0.00 0.00 0.00 0.00 0.00
0.28 0.30 0.30 0.30 0.27 0.27 0.27 0.71 0.71 0.71 0.71 0.71 0.70 0.70 0.70 0.73 0.58 0.80 0.58 0.58 0.58 0.58 0.58 0.58 0.61 0.61 0.61 0.12 0.04 1.10 1.10 1.37 0.41 8.43 0.00 0.00 0.00 1.00 1.00 1.00 1.00 1.00 0.69 0.69 0.14 0.23 0.08 0.67 0.08 0.05 0.18 0.18 0.12 0.00 0.00 0.00 0.00 0.00 0.00 0.00 0.00 0.00 0.00 0.00 0.00 0.00 0.00 0.00 0.00 0.00 0.00 0.00 0.00 0.00 0.00 0.00 0.00 0.00 0.00 0.00 0.00 0.00 0.00 0.00
0.28 0.28 0.28 0.28 0.27 0.27 0.27 0.27 0.71 0.71 0.71 0.98 0.70 0.70 0.70 0.70 0.58 0.58 0.58 0.58 0.58 0.58 0.58 0.58 0.61 0.20 0.61 0.63 0.33 1.10 0.45 1.10 1.00 1.00 1.00 1.00 1.00 1.00 1.00 0.34 0.34 0.61 0.61 0.39 0.39 0.34 0.09 0.09 0.05 0.50 0.18 0.00 0.00 0.00 0.00 0.00 0.00 0.00 0.00 0.00 0.00 0.00 0.00 0.00 0.00 0.00 0.00 0.00 0.00 0.00 0.00 0.00 0.00 0.00 0.00 0.00 0.00 0.00 0.00 0.00 0.00 0.00 0.00 0.00
0.11 0.30 0.28 0.28 0.27 0.27 0.27 0.27 0.71 0.71 0.71 0.71 0.70 0.70 0.70 0.70 0.58 1.05 0.58 0.58 0.58 0.58 0.58 0.58 0.20 0.20 0.61 0.63 0.45 1.10 1.10 1.10 1.00 1.00 1.00 1.00 1.00 1.00 0.57 0.41 0.56 0.54 0.54 0.09 0.39 0.39 0.30 0.69 0.50 0.18 0.18 0.00 0.00 0.00 0.00 0.00 0.00 0.00 0.00 0.00 0.00 0.00 0.00 0.00 0.00 0.00 0.00 0.00 0.00 0.00 0.00 0.00 0.00 0.00 0.00 0.00 0.00 0.00 0.00 0.00 0.00 0.00 0.00 0.00
0.04 0.04 0.28 0.28 0.27 0.27 0.30 0.27 0.26 0.71 0.71 0.71 0.70 0.70 0.70 0.70 0.58 0.58 0.58 0.58 0.19 0.58 0.58 0.58 0.61 0.20 0.21 1.10 0.45 0.45 1.10 1.10 1.00 1.00 0.25 0.25 1.00 0.34 0.29 0.55 0.53 0.59 0.19 0.19 0.17 1.05 0.55 0.42 0.50 0.00 0.00 0.00 0.00 0.00 0.00 0.00 0.00 0.00 0.00 0.00 0.00 0.00 0.00 0.00 0.00 0.00 0.00 0.00 0.00 0.00 0.00 0.00 0.00 0.00 0.00 0.00 0.00 0.00 0.00 0.00 0.00 0.00 0.00 0.00
