New_Model_Runs/12_Future_RCP4.5_Scn2_out/post_prcessed_with_MFR/Monthly_summaries/runoff_monthly_FEB.asc
NCOLS 700
NROWS 400
XLLCENTER 515000.000000
YLLCENTER 8409000.000000
CELLSIZE 50.000000
NODATA_value -999.000000
[rows 152 to 189 of 400, columns 336 to 419 of 700]
0.28 0.26 1.62 1.12 1.04 1.12 1.14 1.14 1.13 1.02 0.98 0.98 1.35 1.35 0.94 0.94 0.85 0.85 1.28 0.85 0.95 0.95 0.95 0.95 0.98 0.98 0.51 0.51 0.51 1.28 1.28 0.51 1.26 1.26 1.26 0.50 0.50 0.54 0.94 1.53 1.50 0.68 0.66 0.98 0.98 3.42 2.00 2.00 1.94 0.00 0.00 0.00 0.00 0.00 0.00 0.00 0.00 0.00 0.00 0.00 0.00 0.00 0.00 0.00 0.00 0.00 0.00 0.00 0.00 0.00 0.00 0.00 0.00 0.00 0.00 0.00 0.00 0.00 0.00 0.00 0.00 0.00 0.00 0.00
0.23 0.31 0.47 1.14 1.14 0.52 1.65 1.57 1.59 1.02 1.02 0.98 0.94 0.94 0.94 0.94 0.85 0.85 0.85 0.85 0.95 0.95 0.95 0.95 0.98 0.23 0.23 0.23 0.51 0.58 0.51 0.51 0.50 0.70 0.50 0.50 1.41 1.51 1.95 1.53 1.50 1.54 1.23 0.83 0.83 2.00 2.00 2.00 1.94 0.00 0.00 0.00 0.00 0.00 0.00 0.00 0.00 0.00 0.00 0.00 0.00 0.00 0.00 0.00 0.00 0.00 0.00 0.00 0.00 0.00 0.00 0.00 0.00 0.00 0.00 0.00 0.00 0.00 0.00 0.00 0.00 0.00 0.00 0.00
1.19 0.13 0.13 0.44 0.72 1.25 1.04 1.04 1.02 1.02 1.02 0.98 0.94 0.94 0.94 1.31 0.85 0.85 0.85 0.85 0.95 0.95 0.95 0.95 0.23 0.23 0.23 0.86 0.23 0.51 0.51 0.51 0.50 0.50 0.83 0.83 0.83 0.61 1.95 1.82 1.50 0.48 0.69 0.83 0.83 0.83 0.53 0.53 1.94 0.52 0.00 0.00 0.00 0.00 0.00 0.00 0.00 0.00 0.00 0.00 0.00 0.00 0.00 0.00 0.00 0.00 0.00 0.00 0.00 0.00 0.00 0.00 0.00 0.00 0.00 0.00 0.00 0.00 0.00 0.00 0.00 0.00 0.00 0.00
1.12 0.31 0.17 0.31 1.14 1.14 1.61 1.04 1.02 1.02 1.02 1.02 0.55 0.94 0.94 0.94 0.85 0.85 0.85 0.85 0.95 0.95 0.95 0.95 0.98 0.98 0.98 0.98 0.23 0.37 0.51 0.84 0.83 0.83 0.83 0.69 0.69 1.82 0.87 1.53 1.54 0.69 0.83 0.83 2.00 2.00 0.53 0.53 1.94 0.80 0.00 0.00 0.00 0.00 0.00 0.00 0.00 0.00 0.00 0.00 0.00 0.00 0.00 0.00 0.00 0.00 0.00 0.00 0.00 0.00 0.00 0.00 0.00 0.00 0.00 0.00 0.00 0.00 0.00 0.00 0.00 0.00 0.00 0.00
1.04 0.31 0.51 1.14 1.04 1.04 1.04 1.04 1.02 1.02 1.02 1.02 2.33 1.34 0.93 0.93 0.92 0.92 0.92 0.92 0.95 0.95 0.95 0.95 0.96 0.96 0.96 0.96 2.01 0.68 1.31 0.84 1.14 0.83 0.83 1.23 1.84 1.49 1.49 1.49 1.23 0.69 2.00 0.61 0.83 2.00 0.83 0.83 0.80 1.94 10.71 0.00 0.00 0.00 0.00 0.00 0.00 0.00 0.00 0.00 0.00 0.00 0.00 0.00 0.00 0.00 0.00 0.00 0.00 0.00 0.00 0.00 0.00 0.00 0.00 0.00 0.00 0.00 0.00 0.00 0.00 0.00 0.00 0.00
1.14 0.44 1.04 1.14 1.04 1.04 1.04 1.04 1.02 1.20 1.02 1.02 0.97 0.97 0.93 0.93 0.92 0.92 0.92 0.92 1.35 0.95 0.95 0.95 0.96 0.96 1.93 2.00 2.01 1.95 0.70 0.84 0.83 1.23 1.96 1.96 1.49 1.49 1.49 1.49 1.82 0.98 0.61 0.83 0.83 2.00 2.00 0.83 0.80 1.94 3.73 0.00 0.00 0.00 0.00 0.00 0.00 0.00 0.00 0.00 0.00 0.00 0.00 0.00 0.00 0.00 0.00 0.00 0.00 0.00 0.00 0.00 0.00 0.00 0.00 0.00 0.00 0.00 0.00 0.00 0.00 0.00 0.00 0.00
1.04 1.61 1.04 1.04 1.04 1.04 1.04 1.14 1.13 1.02 0.36 0.36 1.47 0.97 0.93 0.93 0.92 0.92 0.92 1.31 0.95 0.95 0.95 1.83 1.93 1.93 1.93 1.93 1.95 1.95 1.97 1.97 1.83 1.83 1.54 1.83 1.49 1.49 1.49 1.49 1.53 1.53 0.83 2.00 0.83 0.83 2.00 2.00 1.94 1.94 0.80 0.00 0.00 0.00 0.00 0.00 0.00 0.00 0.00 0.00 0.00 0.00 0.00 0.00 0.00 0.00 0.00 0.00 0.00 0.00 0.00 0.00 0.00 0.00 0.00 0.00 0.00 0.00 0.00 0.00 0.00 0.00 0.00 0.00
1.04 1.04 1.60 1.04 1.04 1.04 1.14 1.14 1.13 1.02 1.02 1.02 0.97 0.97 0.97 0.93 0.92 0.92 0.92 0.92 0.95 3.35 1.83 1.83 1.93 3.38 1.93 1.93 1.95 1.95 2.01 3.36 1.54 1.54 1.54 1.54 1.49 1.49 1.49 1.49 1.53 1.82 0.83 0.83 0.83 0.83 2.00 2.00 1.94 1.94 1.94 0.00 0.00 0.00 0.00 0.00 0.00 0.00 0.00 0.00 0.00 0.00 0.00 0.00 0.00 0.00 0.00 0.00 0.00 0.00 0.00 0.00 0.00 0.00 0.00 0.00 0.00 0.00 0.00 0.00 0.00 0.00 0.00 0.00
1.03 1.60 1.13 1.03 1.03 1.03 1.13 1.13 1.01 1.01 1.01 1.01 0.96 0.96 0.96 0.96 0.85 0.85 1.50 1.50 1.53 1.53 1.53 1.53 1.54 1.54 1.54 1.54 1.54 2.84 1.54 1.54 1.49 1.49 1.49 4.81 1.50 1.50 1.50 1.50 1.54 1.54 1.23 0.69 0.69 0.83 0.69 0.83 0.26 0.67 3.17 2.69 0.00 0.00 0.00 0.00 0.00 0.00 0.00 0.00 0.00 0.00 0.00 0.00 0.00 0.00 0.00 0.00 0.00 0.00 0.00 0.00 0.00 0.00 0.00 0.00 0.00 0.00 0.00 0.00 0.00 0.00 0.00 0.00
1.03 1.96 1.96 1.03 1.03 1.03 1.13 1.13 1.12 1.01 1.01 2.14 0.96 0.96 0.96 0.96 1.50 1.50 1.50 1.50 1.53 1.53 1.53 1.53 1.54 4.21 1.54 1.54 1.54 4.21 1.54 1.54 1.49 1.49 3.54 3.54 1.50 1.50 1.50 1.50 3.38 1.95 1.77 1.23 1.23 0.87 0.87 1.82 1.19 1.86 1.19 0.80 1.94 1.94 3.12 1.94 0.00 0.00 0.00 0.00 0.00 0.00 0.00 0.00 0.00 0.00 0.00 0.00 0.00 0.00 0.00 0.00 0.00 0.00 0.00 0.00 0.00 0.00 0.00 0.00 0.00 0.00 0.00 0.00
1.59 2.88 1.59 1.59 1.59 1.59 1.59 2.41 1.63 1.56 1.56 1.56 1.38 1.38 1.38 1.38 2.73 4.69 2.73 2.73 2.78 2.78 2.78 2.78 2.79 4.79 2.79 2.79 4.79 2.79 8.75 2.79 1.98 1.98 1.98 1.98 1.99 0.96 0.96 3.74 2.02 2.02 2.02 3.86 2.05 2.01 2.01 2.01 1.46 1.49 1.18 0.80 0.80 1.93 2.27 1.93 1.93 0.87 0.69 10.69 0.00 0.00 0.00 0.00 0.00 0.00 0.00 0.00 0.00 0.00 0.00 0.00 0.00 0.00 0.00 0.00 0.00 0.00 0.00 0.00 0.00 0.00 0.00 0.00
1.59 2.41 2.41 1.59 1.59 1.59 1.59 1.59 1.56 1.56 1.56 1.56 2.22 1.38 1.38 1.38 2.73 2.73 2.73 2.73 2.78 2.78 2.78 2.78 2.79 2.79 2.79 2.79 2.79 2.79 4.78 2.79 1.98 1.98 1.98 1.98 1.99 1.99 3.75 1.99 2.02 2.02 2.02 2.02 2.01 2.01 2.01 2.01 1.46 1.46 1.46 0.51 0.27 0.51 1.93 1.93 0.69 0.45 0.45 0.45 1.93 0.00 0.00 0.00 0.00 0.00 0.00 0.00 0.00 0.00 0.00 0.00 0.00 0.00 0.00 0.00 0.00 0.00 0.00 0.00 0.00 0.00 0.00 0.00
1.57 1.57 2.38 1.57 1.54 1.54 1.54 1.54 2.22 1.37 1.37 2.22 1.35 1.35 1.35 2.79 2.76 2.76 2.76 2.76 2.80 2.80 2.80 2.80 2.79 2.79 2.79 2.79 2.77 2.77 2.77 2.77 1.99 1.99 1.99 1.99 2.00 2.00 2.00 2.00 1.99 1.99 1.99 1.99 1.98 5.13 1.98 1.98 1.45 1.45 1.49 0.66 0.59 0.51 1.93 0.69 0.44 1.42 1.42 1.42 2.00 1.41 1.52 10.69 0.00 0.00 0.00 0.00 0.00 0.00 0.00 0.00 0.00 0.00 0.00 0.00 0.00 0.00 0.00 0.00 0.00 0.00 0.00 0.00
1.57 1.57 1.57 1.57 1.54 1.54 1.54 1.54 1.37 1.37 1.37 1.37 1.35 1.35 1.35 2.79 2.76 2.76 2.76 2.76 2.80 2.80 2.80 2.80 2.79 2.79 2.79 2.79 2.77 2.77 2.77 2.77 1.99 0.96 1.99 1.99 2.00 2.00 2.00 2.00 1.99 1.99 1.99 1.99 1.98 3.73 1.98 1.98 1.45 1.49 1.18 0.59 0.59 1.93 0.80 0.45 1.42 1.42 1.42 1.42 1.41 1.41 1.41 1.41 0.00 0.00 0.00 0.00 0.00 0.00 0.00 0.00 0.00 0.00 0.00 0.00 0.00 0.00 0.00 0.00 0.00 0.00 0.00 0.00
2.38 1.57 1.57 2.38 1.54 1.54 1.54 1.54 1.37 1.37 1.37 1.37 1.35 1.35 1.35 2.79 2.76 2.76 2.76 2.76 2.80 2.80 2.80 2.80 2.79 2.79 2.79 2.79 2.77 2.77 2.77 2.77 1.99 1.99 1.99 1.99 2.00 2.00 2.00 2.00 1.99 1.99 1.99 1.99 1.98 1.98 1.98 1.98 1.45 1.53 0.95 0.95 0.66 0.66 0.66 0.46 1.42 1.42 1.42 1.42 1.41 1.41 1.41 1.41 0.00 0.00 0.00 0.00 0.00 0.00 0.00 0.00 0.00 0.00 0.00 0.00 0.00 0.00 0.00 0.00 0.00 0.00 0.00 0.00
1.57 1.57 1.57 1.57 1.54 2.27 1.54 1.54 1.37 1.37 1.37 1.37 1.35 1.35 2.79 2.79 2.76 2.76 2.76 2.76 2.80 2.80 2.80 2.80 2.79 2.79 2.79 2.79 2.77 2.77 2.77 2.77 1.99 1.99 1.99 1.99 2.00 2.00 2.00 2.00 0.96 0.96 1.99 1.99 1.98 1.98 1.98 1.98 1.49 0.65 0.68 1.53 0.46 0.46 0.46 0.46 1.42 1.42 1.42 1.46 1.51 0.62 1.45 1.41 0.00 0.00 0.00 0.00 0.00 0.00 0.00 0.00 0.00 0.00 0.00 0.00 0.00 0.00 0.00 0.00 0.00 0.00 0.00 0.00
1.54 1.54 1.54 1.54 1.36 1.36 2.20 1.36 1.37 1.37 1.37 1.37 1.41 1.41 2.90 2.90 2.84 2.84 2.84 2.84 2.84 2.84 2.84 4.86 2.84 2.84 2.84 2.84 2.85 2.85 2.85 2.85 2.05 2.05 2.05 2.05 2.04 2.04 2.04 2.04 1.41 0.99 1.02 2.02 2.00 0.96 2.00 2.00 1.45 1.45 0.63 1.45 1.43 1.43 1.43 1.43 1.42 1.42 1.42 1.18 1.52 2.00 0.00 0.00 0.00 0.00 0.00 0.00 0.00 0.00 0.00 0.00 0.00 0.00 0.00 0.00 0.00 0.00 0.00 0.00 0.00 0.00 0.00 0.00
1.54 1.54 1.54 1.54 1.36 1.36 1.36 1.36 1.37 1.37 1.37 1.37 1.41 1.41 2.90 2.90 2.84 2.84 2.84 2.84 2.84 2.84 2.84 2.84 2.84 2.84 2.84 2.84 2.85 2.85 2.85 2.85 2.05 2.05 2.05 2.05 2.04 2.04 2.04 2.04 2.10 0.97 1.02 2.02 2.00 0.96 2.00 2.00 1.45 1.45 1.45 1.45 1.43 1.43 1.43 1.47 1.46 1.46 0.64 0.64 0.00 0.00 0.00 0.00 0.00 0.00 0.00 0.00 0.00 0.00 0.00 0.00 0.00 0.00 0.00 0.00 0.00 0.00 0.00 0.00 0.00 0.00 0.00 0.00
1.54 1.54 1.54 1.54 1.36 1.36 1.36 1.36 1.37 1.37 1.37 1.37 1.41 2.90 2.90 2.90 2.84 2.84 2.84 2.84 2.84 2.84 2.84 2.84 2.84 2.84 2.84 1.66 1.60 2.85 2.85 2.85 2.05 2.05 2.05 2.05 2.04 2.04 0.99 0.99 2.10 1.02 2.02 2.02 2.00 2.00 2.00 2.00 1.45 1.45 1.45 1.45 1.43 1.47 0.65 0.65 1.46 1.42 1.42 2.67 0.00 0.00 0.00 0.00 0.00 0.00 0.00 0.00 0.00 0.00 0.00 0.00 0.00 0.00 0.00 0.00 0.00 0.00 0.00 0.00 0.00 0.00 0.00 0.00
1.54 1.54 1.54 1.54 1.36 1.36 1.36 1.36 1.37 1.37 1.37 1.37 1.41 2.90 2.90 2.90 2.84 4.89 4.89 8.89 2.84 2.84 2.84 2.84 2.84 2.84 2.84 3.07 3.07 2.85 2.85 2.85 2.05 2.05 2.05 2.05 2.04 2.04 2.07 2.04 2.02 1.02 2.02 2.02 0.99 2.04 2.00 2.00 1.45 1.45 1.45 1.45 1.43 1.18 1.18 1.93 1.93 1.93 0.00 0.00 0.00 0.00 0.00 0.00 0.00 0.00 0.00 0.00 0.00 0.00 0.00 0.00 0.00 0.00 0.00 0.00 0.00 0.00 0.00 0.00 0.00 0.00 0.00 0.00
0.52 1.38 1.38 1.38 1.39 0.52 1.39 1.39 1.56 1.56 1.56 1.56 1.55 2.93 2.93 7.38 4.88 2.80 2.80 4.81 2.83 2.83 4.88 2.83 2.87 2.87 2.87 3.07 1.66 2.89 1.20 1.20 0.74 2.09 2.09 2.09 2.08 2.08 1.02 2.10 2.06 2.06 2.06 2.06 0.73 0.75 2.03 2.03 1.46 1.54 0.66 1.46 0.66 2.27 0.51 0.80 1.93 10.69 0.00 0.00 0.00 0.00 0.00 0.00 0.00 0.00 0.00 0.00 0.00 0.00 0.00 0.00 0.00 0.00 0.00 0.00 0.00 0.00 0.00 0.00 0.00 0.00 0.00 0.00
1.38 1.38 1.38 1.38 1.39 1.39 1.39 1.39 1.56 1.56 1.56 1.56 1.55 2.93 5.04 2.93 2.80 2.80 2.80 2.80 2.83 2.83 2.83 2.83 4.91 4.93 2.87 3.07 3.08 1.28 1.20 1.20 0.74 0.76 0.74 0.74 2.08 2.08 1.01 2.14 0.76 1.00 2.06 2.06 0.72 1.30 2.03 2.03 1.49 1.18 1.18 0.66 0.40 1.93 1.93 0.80 10.69 0.00 0.00 0.00 0.00 0.00 0.00 0.00 0.00 0.00 0.00 0.00 0.00 0.00 0.00 0.00 0.00 0.00 0.00 0.00 0.00 0.00 0.00 0.00 0.00 0.00 0.00 0.00
1.38 1.38 1.38 1.38 1.39 1.39 1.39 1.39 1.56 1.56 1.56 1.56 2.93 5.27 2.93 5.04 2.80 2.80 2.80 2.80 2.83 2.83 2.83 4.87 2.87 2.87 4.93 2.87 2.89 2.89 2.89 3.82 2.43 1.35 0.74 0.74 0.74 2.08 2.10 0.90 0.90 0.74 2.09 2.06 1.07 1.07 0.72 2.03 1.49 1.18 0.66 0.66 0.00 0.00 0.00 0.00 0.00 0.00 0.00 0.00 0.00 0.00 0.00 0.00 0.00 0.00 0.00 0.00 0.00 0.00 0.00 0.00 0.00 0.00 0.00 0.00 0.00 0.00 0.00 0.00 0.00 0.00 0.00 0.00
1.38 1.38 1.38 1.38 1.39 1.39 1.39 1.39 1.56 1.56 1.56 1.56 2.93 4.98 2.93 2.93 6.41 2.80 2.80 2.80 2.83 2.83 4.85 2.83 2.87 2.87 2.87 2.87 2.89 4.97 4.97 2.92 0.90 1.07 1.34 0.74 1.07 1.07 0.90 0.90 0.59 0.90 1.07 0.73 1.07 0.90 1.07 0.72 1.46 0.45 0.80 0.00 0.00 0.00 0.00 0.00 0.00 0.00 0.00 0.00 0.00 0.00 0.00 0.00 0.00 0.00 0.00 0.00 0.00 0.00 0.00 0.00 0.00 0.00 0.00 0.00 0.00 0.00 0.00 0.00 0.00 0.00 0.00 0.00
1.54 1.54 1.09 1.09 1.56 1.56 1.56 1.56 1.54 1.54 1.54 1.54 2.84 2.84 2.84 2.84 4.71 2.75 2.75 2.75 2.80 2.80 2.80 2.80 2.84 2.84 2.84 2.84 2.88 2.88 2.88 2.88 1.07 0.90 0.90 1.43 1.33 0.90 1.26 0.90 2.14 2.14 2.14 1.07 2.14 0.90 0.90 1.07 1.93 0.80 0.00 0.00 0.00 0.00 0.00 0.00 0.00 0.00 0.00 0.00 0.00 0.00 0.00 0.00 0.00 0.00 0.00 0.00 0.00 0.00 0.00 0.00 0.00 0.00 0.00 0.00 0.00 0.00 0.00 0.00 0.00 0.00 0.00 0.00
1.54 1.54 1.54 1.09 1.09 1.56 1.56 1.56 1.54 1.54 3.84 5.44 5.28 5.28 2.84 2.84 2.75 2.75 2.75 2.75 2.80 2.80 5.19 2.80 2.84 2.84 2.84 2.84 2.88 2.88 2.88 2.88 2.09 0.75 1.07 0.59 1.69 1.61 0.90 0.90 2.14 2.14 2.14 2.14 2.14 0.90 2.14 2.14 0.80 0.00 0.00 0.00 0.00 0.00 0.00 0.00 0.00 0.00 0.00 0.00 0.00 0.00 0.00 0.00 0.00 0.00 0.00 0.00 0.00 0.00 0.00 0.00 0.00 0.00 0.00 0.00 0.00 0.00 0.00 0.00 0.00 0.00 0.00 0.00
2.08 2.08 2.08 2.08 2.11 2.11 1.38 1.38 0.88 2.09 2.09 3.55 3.46 3.46 3.46 3.46 3.25 3.25 3.25 3.25 3.38 3.38 3.38 3.38 3.43 3.43 3.43 3.43 3.47 3.47 3.47 3.47 2.22 2.22 4.18 2.22 2.26 2.21 2.21 0.82 1.14 2.26 3.61 2.26 0.96 0.96 0.63 2.26 0.00 0.00 0.00 0.00 0.00 0.00 0.00 0.00 0.00 0.00 0.00 0.00 0.00 0.00 0.00 0.00 0.00 0.00 0.00 0.00 0.00 0.00 0.00 0.00 0.00 0.00 0.00 0.00 0.00 0.00 0.00 0.00 0.00 0.00 0.00 0.00
2.08 2.08 2.08 1.38 1.38 1.38 1.38 1.38 1.38 1.38 2.09 3.55 3.46 3.46 3.46 3.46 3.25 3.25 3.25 3.25 3.38 3.38 3.38 3.38 3.43 3.43 3.43 3.43 3.47 3.47 3.47 3.47 2.22 2.22 2.22 2.22 2.21 2.21 2.21 2.21 2.19 0.78 1.14 0.96 0.96 0.96 0.96 4.24 0.00 0.00 0.00 0.00 0.00 0.00 0.00 0.00 0.00 0.00 0.00 0.00 0.00 0.00 0.00 0.00 0.00 0.00 0.00 0.00 0.00 0.00 0.00 0.00 0.00 0.00 0.00 0.00 0.00 0.00 0.00 0.00 0.00 0.00 0.00 0.00
2.08 1.38 1.38 1.38 1.38 1.89 1.38 1.38 1.38 1.38 2.73 5.41 2.73 3.42 3.42 3.42 3.36 3.36 3.36 3.36 3.39 3.39 3.39 3.39 3.41 3.41 5.90 5.90 3.45 3.45 3.45 3.45 2.18 4.10 2.18 2.18 2.15 2.15 2.15 2.15 2.13 4.02 2.13 2.18 0.96 0.96 0.96 0.96 0.00 0.00 0.00 0.00 0.00 0.00 0.00 0.00 0.00 0.00 0.00 0.00 0.00 0.00 0.00 0.00 0.00 0.00 0.00 0.00 0.00 0.00 0.00 0.00 0.00 0.00 0.00 0.00 0.00 0.00 0.00 0.00 0.00 0.00 0.00 0.00
1.38 1.38 1.38 1.38 1.38 1.38 1.38 1.89 1.38 1.38 2.73 2.73 4.82 3.42 3.42 3.42 3.36 3.36 3.36 3.36 3.39 3.39 3.39 3.39 3.41 3.41 5.90 3.41 3.45 3.45 3.45 8.10 2.25 2.18 2.18 2.18 2.15 2.15 2.15 2.15 2.13 2.13 4.02 2.13 4.07 2.18 2.18 4.07 0.43 1.85 0.48 0.00 0.00 0.00 0.00 0.00 0.00 0.00 0.00 0.00 0.00 0.00 0.00 0.00 0.00 0.00 0.00 0.00 0.00 0.00 0.00 0.00 0.00 0.00 0.00 0.00 0.00 0.00 0.00 0.00 0.00 0.00 0.00 0.00
1.38 1.38 1.38 1.38 1.38 1.38 1.38 1.38 1.38 1.38 2.73 3.39 3.42 3.42 3.42 3.42 3.36 3.36 3.36 3.36 3.39 3.39 3.39 3.39 3.41 3.41 3.41 3.41 3.45 3.45 5.97 3.45 2.25 2.18 4.10 2.18 2.15 2.15 1.09 2.15 2.13 2.13 2.13 2.13 2.14 2.14 2.14 2.14 0.63 1.85 1.85 0.48 0.48 0.00 0.00 0.00 0.00 0.00 0.00 0.00 0.00 0.00 0.00 0.00 0.00 0.00 0.00 0.00 0.00 0.00 0.00 0.00 0.00 0.00 0.00 0.00 0.00 0.00 0.00 0.00 0.00 0.00 0.00 0.00
1.38 1.38 1.38 1.38 1.38 1.38 1.38 1.89 1.38 1.38 2.73 3.39 3.42 3.42 3.42 3.42 3.36 3.36 3.36 3.36 3.39 3.39 3.39 3.39 3.41 3.41 3.41 3.41 3.45 3.45 3.45 3.45 2.18 2.18 2.18 2.18 2.15 2.15 4.02 2.15 2.13 2.13 2.13 2.13 2.14 2.14 4.00 2.14 1.40 1.43 1.85 1.85 0.48 0.48 0.00 0.00 0.00 0.00 0.00 0.00 0.00 0.00 0.00 0.00 0.00 0.00 0.00 0.00 0.00 0.00 0.00 0.00 0.00 0.00 0.00 0.00 0.00 0.00 0.00 0.00 0.00 0.00 0.00 0.00
1.38 1.38 1.38 1.89 1.38 1.38 1.38 1.38 1.38 2.73 3.40 5.89 3.49 3.49 3.49 3.49 3.39 3.39 3.39 3.39 3.40 8.53 5.87 5.87 5.90 1.45 3.41 3.41 3.41 3.41 5.90 5.90 4.01 2.13 2.13 2.13 3.97 2.11 2.11 2.11 2.09 3.94 2.09 2.09 2.09 2.09 2.09 2.09 1.38 1.41 2.52 0.75 0.75 0.65 1.91 1.91 0.00 0.00 0.00 0.00 0.00 0.00 0.00 0.00 0.00 0.00 0.00 0.00 0.00 0.00 0.00 0.00 0.00 0.00 0.00 0.00 0.00 0.00 0.00 0.00 0.00 0.00 0.00 0.00
1.38 1.38 1.38 1.89 1.38 1.38 1.38 1.38 0.25 0.99 3.40 3.40 5.98 3.49 3.49 3.49 3.39 3.39 3.39 3.39 3.40 3.40 3.40 3.40 3.41 1.45 1.45 3.41 3.41 3.41 3.41 3.41 2.13 2.13 2.13 2.13 2.11 2.11 2.11 2.11 2.09 2.09 2.09 2.09 2.09 2.09 2.09 2.09 1.38 1.38 1.38 1.41 1.13 2.41 1.36 1.36 1.32 1.91 0.00 0.00 0.00 0.00 0.00 0.00 0.00 0.00 0.00 0.00 0.00 0.00 0.00 0.00 0.00 0.00 0.00 0.00 0.00 0.00 0.00 0.00 0.00 0.00 0.00 0.00
1.38 1.38 1.38 1.38 1.38 1.38 1.38 0.25 0.25 0.99 0.99 3.40 3.49 6.05 3.49 3.49 3.39 3.39 3.39 3.39 3.40 3.40 3.40 3.40 5.89 3.41 1.45 1.45 1.45 3.41 3.41 3.41 2.13 2.13 2.13 2.13 2.11 2.11 2.11 2.11 2.09 2.09 2.09 2.09 2.09 2.09 2.09 2.09 1.38 1.38 1.38 1.38 1.44 1.39 1.36 1.36 1.32 1.32 0.57 1.32 0.00 0.00 0.00 0.00 0.00 0.00 0.00 0.00 0.00 0.00 0.00 0.00 0.00 0.00 0.00 0.00 0.00 0.00 0.00 0.00 0.00 0.00 0.00 0.00
1.38 1.38 1.38 1.38 1.38 1.38 1.38 0.25 3.40 3.40 3.40 3.40 3.49 3.49 3.49 3.49 3.39 3.39 3.39 3.39 3.40 3.40 3.40 3.40 5.88 5.90 5.90 2.18 2.18 1.45 3.41 3.41 2.13 2.13 2.13 2.13 2.11 2.11 2.11 2.11 2.09 2.09 1.01 2.09 2.09 2.09 2.09 2.09 1.38 1.38 1.38 2.44 1.36 1.36 1.36 1.36 1.32 1.32 1.32 1.32 1.31 0.00 0.00 0.00 0.00 0.00 0.00 0.00 0.00 0.00 0.00 0.00 0.00 0.00 0.00 0.00 0.00 0.00 0.00 0.00 0.00 0.00 0.00 0.00
1.38 1.38 1.38 1.38 1.38 1.38 1.38 1.92 3.49 3.49 3.49 3.49 3.53 3.53 2.73 3.53 3.38 3.38 3.38 3.38 3.39 3.39 3.39 3.39 3.40 3.40 1.45 4.57 7.19 3.40 3.40 3.40 2.13 2.13 2.13 2.13 2.12 2.12 2.12 2.12 2.11 1.02 1.02 2.11 2.09 2.09 2.09 2.09 1.35 1.35 1.35 1.35 1.34 1.34 1.34 1.34 1.33 1.33 1.33 1.13 1.85 0.00 0.00 0.00 0.00 0.00 0.00 0.00 0.00 0.00 0.00 0.00 0.00 0.00 0.00 0.00 0.00 0.00 0.00 0.00 0.00 0.00 0.00 0.00
1.38 1.38 1.38 1.38 1.38 1.38 1.38 1.38 3.49 3.49 3.49 3.49 3.53 3.53 3.53 3.53 3.38 3.38 3.38 3.38 3.39 3.39 3.39 3.39 3.40 5.89 5.89 3.40 5.89 3.40 3.72 5.89 2.13 2.13 1.03 2.13 2.12 2.12 2.12 2.12 2.11 2.11 2.11 2.11 2.09 2.09 2.09 2.09 1.35 1.35 1.35 1.35 1.34 1.34 1.34 1.34 1.33 1.33 1.43 1.85 0.00 0.00 0.00 0.00 0.00 0.00 0.00 0.00 0.00 0.00 0.00 0.00 0.00 0.00 0.00 0.00 0.00 0.00 0.00 0.00 0.00 0.00 0.00 0.00
