New_Model_Runs/12_Future_RCP4.5_Scn2_out/post_prcessed_with_MFR/Monthly_summaries/runoff_monthly_AUG.asc
NCOLS 700
NROWS 400
XLLCENTER 515000.000000
YLLCENTER 8409000.000000
CELLSIZE 50.000000
NODATA_value -999.000000
[rows 228 to 265 of 400, columns 84 to 167 of 700]
0.24 0.28 0.24 0.24 0.24 0.24 0.24 0.24 0.28 0.24 0.24 0.24 0.28 0.28 0.28 0.28 0.27 0.27 0.27 0.27 0.26 0.26 0.26 0.26 0.27 0.27 0.27 0.27 0.46 0.50 0.37 0.37 0.38 0.38 0.38 0.38 0.38 0.38 0.38 0.38 0.39 0.39 0.39 0.39 0.48 0.48 0.48 0.48 0.47 0.47 0.47 0.47 0.47 0.59 0.47 0.47 0.47 0.47 0.47 0.47 0.57 0.57 0.06 0.06 0.06 0.06 0.06 0.06 0.06 0.06 0.06 0.06 0.57 0.57 0.57 0.57 0.73 0.73 0.73 0.08 0.07 0.07 0.07 0.02
0.24 0.24 0.24 0.24 0.24 0.24 0.24 0.24 0.24 0.24 0.28 0.24 0.28 0.28 0.28 0.28 0.27 0.27 0.27 0.27 0.26 0.26 0.26 0.31 0.27 0.27 0.27 0.27 0.46 0.37 0.37 0.37 0.38 0.38 0.38 0.38 0.66 0.38 0.38 0.38 0.39 0.39 0.39 0.39 0.48 0.48 0.48 0.48 0.47 0.47 0.47 0.47 0.47 0.47 0.47 0.47 0.47 0.47 0.47 0.47 0.57 0.57 0.06 0.06 0.06 0.56 0.56 0.06 0.06 0.06 0.06 0.01 0.57 0.57 0.57 0.57 0.73 0.73 0.73 0.73 0.73 0.07 0.07 0.07
0.24 0.24 0.24 0.24 0.24 0.24 0.24 0.24 0.24 0.24 0.24 0.24 0.28 0.32 0.28 0.32 0.27 0.31 0.27 0.27 0.26 0.31 0.26 0.26 0.27 0.27 0.27 0.27 0.56 0.37 0.37 0.37 0.38 0.38 0.38 0.38 0.38 0.38 0.38 0.38 0.39 0.53 0.53 0.39 0.48 0.48 0.48 0.48 0.60 0.47 0.47 0.47 0.47 0.47 0.47 0.47 0.47 0.47 0.47 0.47 0.57 0.57 0.57 0.57 0.84 0.56 0.06 0.06 0.56 0.56 0.06 0.01 0.57 0.57 0.57 0.57 0.73 0.73 0.16 0.73 0.73 0.73 0.73 0.73
0.24 0.24 0.24 0.24 0.24 0.24 0.24 0.24 0.24 0.24 0.24 0.24 0.28 0.28 0.28 0.28 0.27 0.27 0.27 0.31 0.31 0.26 0.26 0.26 0.27 0.27 0.27 0.27 0.37 0.37 0.37 0.37 0.38 0.38 0.38 0.38 0.38 0.38 0.38 0.38 0.39 0.39 0.53 0.39 0.48 0.48 0.48 0.48 0.47 0.60 0.47 0.47 0.47 0.47 0.47 0.47 0.47 0.47 0.47 0.47 0.57 0.57 0.57 0.57 0.56 0.56 0.06 0.56 0.56 0.56 0.06 0.56 0.57 0.57 0.57 0.57 0.73 0.73 0.73 0.73 0.73 0.73 0.73 0.73
0.23 0.23 0.27 0.27 0.23 0.23 0.23 0.23 0.23 0.23 0.23 0.23 0.26 0.03 0.26 0.31 0.26 0.26 0.26 0.26 0.26 0.26 0.26 0.26 0.27 0.27 0.27 0.27 0.37 0.37 0.37 0.37 0.38 0.38 0.38 0.38 0.38 0.38 0.38 0.38 0.38 0.38 0.38 0.38 0.47 0.47 0.47 0.47 0.47 0.47 0.47 0.47 0.48 0.48 0.48 0.48 0.49 0.49 0.49 0.49 0.58 0.58 0.58 0.58 0.57 0.57 0.57 0.57 0.56 0.56 0.56 0.56 0.57 0.57 0.57 0.57 0.82 0.82 1.13 0.82 0.82 0.82 0.82 0.82
0.23 0.23 0.23 0.23 0.23 0.23 0.23 0.23 0.23 0.31 0.23 0.23 0.26 0.26 0.26 0.26 0.26 0.26 0.26 0.26 0.26 0.26 0.26 0.26 0.27 0.27 0.27 0.27 0.37 0.37 0.37 0.37 0.38 0.38 0.38 0.38 0.38 0.38 0.38 0.65 0.38 0.38 0.38 0.38 0.47 0.47 0.47 0.47 0.47 0.47 0.47 0.47 0.48 0.48 0.48 0.48 0.49 0.49 0.49 0.49 0.58 0.58 1.15 0.58 0.57 0.57 0.57 0.57 0.84 0.56 0.56 0.56 0.57 0.57 0.57 0.57 0.82 0.82 0.82 0.82 0.82 0.82 0.82 0.82
0.27 0.23 0.23 0.23 0.23 0.23 0.23 0.23 0.23 0.23 0.23 0.23 0.26 0.26 0.26 0.26 0.26 0.26 0.26 0.26 0.26 0.26 0.26 0.26 0.27 0.27 0.27 0.27 0.37 0.37 0.37 0.37 0.38 0.38 0.38 0.38 0.76 0.52 0.59 0.38 0.38 0.51 0.38 0.38 0.47 0.47 0.47 0.47 0.47 0.47 0.47 0.47 0.48 0.48 0.48 0.48 0.49 0.49 0.49 0.49 0.58 0.58 0.58 1.14 0.57 0.57 0.57 0.57 0.56 0.56 0.56 0.56 0.57 0.57 0.57 0.57 0.82 0.82 0.82 0.20 0.20 0.82 0.82 0.82
0.27 0.23 0.23 0.23 0.23 0.23 0.27 0.23 0.23 0.23 0.23 0.23 0.26 0.26 0.26 0.26 0.26 0.26 0.26 0.26 0.26 0.26 0.26 0.26 0.27 0.27 0.27 0.27 0.37 0.37 0.37 0.37 0.38 0.38 0.38 0.65 0.38 0.38 0.38 0.38 0.38 0.38 0.38 0.38 0.47 0.47 0.47 0.47 0.47 0.47 0.47 0.47 0.48 0.48 0.48 0.48 0.49 0.49 0.49 0.49 0.58 0.58 0.58 0.58 0.57 0.57 0.57 0.57 0.56 0.56 0.56 0.56 0.57 0.57 0.57 0.57 0.82 0.82 0.82 0.82 0.20 0.82 0.82 0.82
0.22 0.22 0.22 0.26 0.22 0.22 0.22 0.22 0.22 0.22 0.22 0.22 0.26 0.26 0.26 0.26 0.27 0.27 0.27 0.27 0.28 0.28 0.28 0.28 0.28 0.28 0.28 0.28 0.39 0.39 0.39 0.39 0.39 0.39 0.39 0.53 0.38 0.38 0.38 0.38 0.38 0.38 0.38 0.38 0.48 0.48 0.48 0.48 0.49 0.49 0.49 0.49 0.50 0.50 0.50 0.50 0.50 0.50 0.50 0.50 0.59 0.59 0.59 0.98 0.57 0.86 0.57 0.57 0.57 0.57 0.57 0.57 0.58 0.58 0.58 0.58 0.82 0.82 0.82 0.82 0.83 0.21 0.83 0.83
0.22 0.22 0.22 0.22 0.22 0.22 0.22 0.22 0.22 0.22 0.26 0.22 0.26 0.26 0.26 0.26 0.27 0.27 0.27 0.27 0.28 0.28 0.28 0.28 0.28 0.28 0.28 0.28 0.39 0.39 0.39 0.39 0.39 0.39 0.39 0.39 0.38 0.38 0.38 0.38 0.38 0.38 0.38 0.38 0.48 0.48 0.48 0.48 0.49 0.49 0.49 0.49 0.50 0.50 0.50 0.50 0.50 0.50 0.50 0.50 0.59 0.59 0.59 0.59 0.57 0.57 0.57 0.57 0.57 0.57 0.57 0.57 0.58 0.58 0.58 0.58 0.82 0.82 0.82 0.82 0.83 1.19 0.83 0.83
0.22 0.22 0.26 0.22 0.22 0.22 0.22 0.22 0.22 0.22 0.22 0.22 0.26 0.26 0.26 0.26 0.27 0.27 0.27 0.27 0.28 0.28 0.28 0.28 0.28 0.28 0.28 0.28 0.39 0.39 0.39 0.39 0.39 0.39 0.39 0.39 0.38 0.38 0.38 0.38 0.38 0.38 0.38 0.38 0.48 0.48 0.48 0.48 0.49 0.49 0.49 0.49 0.50 0.50 0.50 0.50 0.50 0.50 0.50 0.50 0.59 0.59 0.59 0.59 0.57 0.57 0.57 0.23 0.57 0.57 0.57 0.57 0.58 0.58 0.58 0.58 0.82 0.82 0.82 0.82 0.83 1.19 0.83 0.83
0.22 0.22 0.22 0.22 0.22 0.22 0.22 0.22 0.29 0.22 0.22 0.22 0.26 0.26 0.26 0.26 0.27 0.27 0.27 0.27 0.28 0.28 0.28 0.28 0.28 0.28 0.28 0.28 0.39 0.39 0.39 0.39 0.39 0.66 0.39 0.53 0.38 0.38 0.38 0.38 0.38 0.38 0.38 0.38 0.48 0.48 0.48 0.48 0.49 0.49 0.49 0.49 0.50 0.50 0.50 0.50 0.50 0.50 0.50 0.50 0.59 0.59 1.17 0.59 0.57 1.18 0.12 0.57 0.57 0.57 0.57 0.57 0.58 0.58 0.58 0.58 0.82 0.82 0.82 0.82 0.83 0.83 1.19 0.83
0.22 0.22 0.22 0.22 0.22 0.22 0.22 0.22 0.22 0.22 0.22 0.22 0.27 0.27 0.27 0.27 0.28 0.28 0.28 0.28 0.29 0.29 0.29 0.29 0.30 0.30 0.30 0.30 0.40 0.40 0.40 0.40 0.39 0.39 0.39 0.39 0.38 0.38 0.38 0.38 0.38 0.38 0.38 0.38 0.49 0.49 0.49 0.49 0.50 0.50 0.50 0.50 0.51 0.51 0.51 0.51 0.51 0.51 0.51 0.51 0.59 0.59 0.59 0.97 0.85 0.57 0.57 0.57 0.57 0.12 0.12 0.57 0.58 0.58 0.58 0.58 0.82 0.82 0.82 0.82 0.84 0.84 0.84 0.84
1.82 1.18 0.22 0.22 0.22 0.22 0.22 0.22 0.26 0.22 0.22 0.22 0.27 0.27 0.03 0.27 0.28 0.28 0.28 0.28 0.29 0.29 0.29 0.29 0.30 0.30 0.30 0.30 0.40 0.40 0.40 0.40 0.66 0.52 0.39 0.39 0.38 0.38 0.38 0.38 0.38 0.38 0.38 0.38 0.49 0.49 0.49 0.49 0.50 0.50 0.50 0.50 0.51 0.51 0.51 0.51 0.51 0.51 0.51 0.51 0.59 0.59 0.59 0.59 0.57 0.57 0.57 0.57 0.57 0.57 0.57 0.57 0.58 0.58 0.58 0.58 0.82 0.82 0.82 0.82 0.84 0.84 0.84 0.84
1.19 1.19 1.19 1.19 1.21 1.21 0.23 0.23 0.23 0.27 0.23 0.23 0.24 0.24 0.24 0.24 0.26 0.26 0.26 0.26 0.26 0.26 0.26 0.26 0.27 0.27 0.27 0.03 0.26 0.26 0.26 0.26 0.25 0.30 0.25 0.25 0.25 0.25 0.25 0.25 0.25 0.25 0.31 0.25 0.28 0.28 0.28 0.28 0.29 0.29 0.29 0.29 0.29 0.29 0.29 0.29 0.30 0.30 0.30 0.46 0.41 0.41 0.41 0.41 0.40 0.58 0.40 0.40 0.39 0.39 0.39 0.39 0.41 0.41 0.41 0.41 0.54 0.54 0.54 0.54 0.55 0.55 0.55 0.55
1.19 1.19 1.19 1.19 1.21 1.21 1.21 1.21 1.21 0.23 0.23 0.23 0.24 0.24 0.24 0.24 0.26 0.26 0.26 0.26 0.26 0.26 0.26 0.26 0.27 0.27 0.27 0.27 0.26 0.26 0.26 0.26 0.25 0.25 0.25 0.25 0.25 0.25 0.25 0.25 0.29 0.29 0.25 0.25 0.28 0.28 0.28 0.28 0.29 0.29 0.29 0.29 0.29 0.29 0.29 0.29 0.30 0.30 0.30 0.03 0.41 0.41 0.41 0.41 0.40 0.40 0.40 0.40 0.39 0.39 0.39 0.39 0.41 0.41 0.41 0.41 0.54 0.74 0.54 0.54 0.55 0.55 0.55 0.55
1.20 1.20 1.20 1.20 1.22 1.22 1.22 1.22 1.22 1.91 1.22 1.22 0.25 0.25 0.25 0.25 0.26 0.26 0.26 0.26 0.27 0.27 0.27 0.27 0.28 0.28 0.28 0.28 0.26 0.26 0.26 0.26 0.25 0.25 0.25 0.25 0.25 0.25 0.25 0.25 0.25 0.25 0.25 0.25 0.28 0.28 0.28 0.28 0.29 0.29 0.29 0.29 0.30 0.30 0.30 0.30 0.29 0.29 0.29 0.29 0.40 0.40 0.40 0.40 0.39 0.39 0.39 0.39 0.39 0.39 0.39 0.39 0.40 0.40 0.40 0.40 0.54 0.54 0.54 0.74 0.56 0.56 0.56 0.56
1.20 1.20 1.20 1.20 1.22 1.22 1.22 1.22 1.22 1.22 1.22 1.22 1.26 1.26 1.26 0.25 0.26 0.26 0.26 0.26 0.27 0.27 0.27 0.27 0.28 0.28 0.28 0.03 0.03 0.26 0.26 0.26 0.25 0.25 0.25 0.25 0.25 0.25 0.25 0.25 0.25 0.25 0.25 0.25 0.28 0.28 0.28 0.28 0.51 0.29 0.29 0.29 0.30 0.30 0.03 0.09 0.29 0.29 0.29 0.29 0.40 0.40 0.40 0.55 0.39 0.39 0.39 0.39 0.39 0.39 0.39 0.39 0.40 0.40 0.40 0.40 0.54 0.73 0.54 0.54 1.09 0.56 0.56 0.56
1.20 1.20 1.20 1.20 1.22 1.22 1.22 1.22 1.22 1.22 1.22 1.22 1.26 1.26 1.26 1.26 1.30 1.30 1.30 0.26 0.27 0.27 0.27 0.27 0.28 0.28 0.28 0.03 0.03 0.28 0.26 0.03 0.25 0.25 0.25 0.25 0.25 0.25 0.25 0.25 0.25 0.25 0.25 0.25 0.28 0.28 0.28 0.28 0.38 0.29 0.29 0.29 0.30 0.30 0.30 0.30 0.29 0.29 0.29 0.29 0.40 0.40 0.40 0.55 0.39 0.39 0.39 0.39 0.39 0.39 0.39 0.39 0.40 0.40 0.40 0.40 0.54 0.54 0.54 0.54 0.56 0.56 0.56 0.56
1.20 1.20 1.20 1.20 1.89 1.22 1.22 1.22 0.55 1.90 1.22 1.22 1.26 1.26 1.26 1.26 1.30 1.30 1.30 1.30 2.09 2.09 0.27 0.27 0.28 0.32 0.36 0.29 0.03 0.03 0.28 0.26 0.25 0.25 0.25 0.25 0.25 0.25 0.25 0.25 0.01 0.25 0.25 0.30 0.28 0.28 0.28 0.28 0.29 0.29 0.29 0.38 0.30 0.30 0.30 0.46 0.29 0.29 0.29 0.29 0.07 0.40 0.40 0.40 0.39 0.39 0.39 0.39 0.39 0.39 0.39 0.39 0.54 0.40 0.40 0.40 0.54 0.54 0.54 0.54 0.56 0.56 0.56 0.56
1.20 1.20 1.20 1.20 1.22 1.22 1.22 1.22 1.22 1.22 1.22 1.22 1.26 1.26 1.26 1.26 1.31 1.31 1.31 1.31 2.11 2.11 2.11 2.11 2.13 0.28 0.03 0.04 0.03 0.28 0.30 0.26 0.25 0.25 0.25 0.25 0.25 0.25 0.01 0.01 0.01 0.25 0.25 0.25 0.27 0.27 0.27 0.27 0.29 0.29 0.29 0.37 0.30 0.30 0.30 0.52 0.29 0.29 0.29 0.29 0.40 0.40 0.40 0.40 0.39 0.39 0.39 0.53 0.39 0.39 0.39 0.39 0.12 0.39 0.39 0.39 0.53 0.53 0.53 0.53 0.55 0.55 0.55 0.76
1.20 1.20 1.20 1.20 1.22 1.22 1.22 1.22 1.22 0.55 1.22 1.22 1.26 1.26 1.26 1.26 1.31 2.88 1.31 1.31 2.11 2.11 2.11 2.11 2.11 2.11 1.16 1.19 0.28 0.37 0.26 0.26 0.25 0.25 0.25 0.25 0.25 0.25 0.01 0.01 0.01 0.01 0.30 0.25 0.27 0.27 0.27 0.27 0.29 0.29 0.29 0.29 0.30 0.30 0.38 0.38 0.29 0.38 0.29 0.39 0.40 0.40 0.40 0.40 0.39 0.39 0.39 0.39 0.39 0.39 0.39 0.39 0.39 0.39 0.39 0.39 0.53 0.53 0.53 0.53 0.55 0.55 0.55 0.55
1.20 1.20 1.20 1.20 1.22 1.22 1.22 1.22 1.22 1.22 1.22 1.22 1.26 1.26 1.26 1.26 1.31 1.31 1.31 1.31 2.11 2.13 2.11 2.89 2.13 2.11 1.16 2.11 0.59 1.16 1.30 1.30 0.25 0.25 0.25 0.25 0.25 0.25 0.25 0.01 0.01 0.01 0.01 0.25 0.27 0.27 0.27 0.27 0.29 0.29 0.29 0.29 0.30 0.46 0.38 0.38 0.29 0.29 0.29 0.29 0.40 0.40 0.07 0.40 0.39 0.39 0.39 0.39 0.39 0.39 0.39 0.39 0.39 0.39 0.39 0.39 0.53 0.53 0.53 0.53 0.55 0.55 0.55 0.76
1.20 1.20 1.20 1.20 1.22 1.22 1.22 1.22 1.22 1.22 1.91 1.22 1.26 1.26 1.26 1.26 1.31 2.87 1.31 1.31 2.13 2.13 0.90 0.62 2.16 2.11 2.11 2.11 1.30 1.30 2.11 3.93 1.27 1.27 1.27 0.25 0.25 0.25 0.25 0.01 0.01 0.01 0.01 0.01 0.41 0.27 0.27 0.27 0.29 0.29 0.29 0.29 0.30 0.30 0.30 0.51 0.29 0.29 0.29 0.29 0.40 0.40 0.07 0.40 0.39 0.09 0.09 0.39 0.39 0.39 0.39 0.39 0.39 0.39 0.07 0.39 0.53 0.53 0.53 0.53 0.55 0.55 0.55 0.76
1.21 1.21 1.21 1.21 1.22 1.22 1.22 1.22 1.22 1.22 0.97 1.22 1.26 1.26 1.26 1.26 1.31 1.31 1.31 1.31 2.13 0.62 0.62 0.62 0.89 2.11 2.11 2.11 2.11 1.30 2.11 0.59 0.57 1.27 1.27 1.27 0.40 0.40 0.01 0.01 0.01 0.01 0.01 0.25 0.27 0.27 0.27 0.27 0.28 0.28 0.28 0.28 0.37 0.37 0.29 0.38 0.28 0.28 0.28 0.03 0.07 0.40 0.54 0.40 0.40 0.47 0.47 0.40 0.39 0.07 0.53 0.39 0.39 0.39 0.39 0.39 0.53 0.53 0.53 0.53 0.55 0.55 0.55 0.55
1.21 1.21 1.21 1.21 1.22 1.22 1.22 1.22 1.22 1.22 1.22 0.55 1.26 1.26 1.26 1.26 1.31 1.31 1.31 1.31 2.13 0.62 0.75 0.62 0.62 0.93 0.93 0.93 0.88 1.30 2.11 1.30 1.27 1.27 1.27 1.27 1.27 1.27 1.27 0.40 0.40 0.40 0.01 0.25 0.27 0.27 0.27 0.27 0.28 0.28 0.28 0.28 0.29 0.37 0.37 0.47 0.28 0.28 0.28 0.28 0.07 0.09 0.07 0.07 0.07 0.07 0.07 0.07 0.39 0.07 0.39 0.39 0.39 0.39 0.39 0.39 0.53 0.53 0.53 0.53 0.55 0.55 0.55 0.18
1.21 1.21 1.30 1.30 1.22 2.66 1.22 1.90 1.22 1.22 1.22 1.22 1.26 2.10 2.10 2.10 2.13 2.09 2.09 1.31 2.13 0.75 0.75 0.75 1.75 0.75 0.75 0.75 0.74 0.88 1.30 1.30 1.27 1.27 1.27 1.27 1.27 2.09 2.09 1.27 0.40 0.40 0.52 0.40 0.88 0.27 0.27 0.27 0.28 0.28 0.28 0.28 0.29 0.37 0.04 0.47 0.28 0.28 0.28 0.03 0.09 0.09 0.09 0.09 0.07 0.40 0.40 0.40 0.07 0.07 0.39 0.39 0.39 0.39 0.39 0.39 0.53 0.53 0.53 0.53 0.55 0.55 0.55 0.55
0.59 1.30 1.30 0.88 1.22 1.90 1.22 1.22 1.22 1.22 1.22 1.22 0.57 1.26 1.26 2.10 1.12 2.13 1.31 2.09 2.13 1.75 1.75 0.75 9.41 0.00 0.00 0.00 0.00 0.74 0.92 1.30 1.27 1.27 1.27 1.27 1.27 0.88 1.15 1.27 1.28 0.40 0.40 0.52 0.88 2.09 2.09 2.09 0.28 0.28 0.28 0.28 0.29 0.03 0.04 0.04 0.28 0.28 0.28 0.03 0.09 0.09 0.10 0.09 0.40 0.40 0.40 0.40 0.07 0.07 0.39 0.39 0.39 0.39 0.39 0.39 0.53 0.53 0.53 0.53 0.55 0.55 0.55 0.55
0.54 1.30 1.30 1.30 1.90 1.22 1.22 1.22 1.22 1.22 1.22 1.22 1.27 1.60 1.27 1.27 2.09 1.30 2.09 2.09 0.93 1.75 0.00 0.00 0.00 0.00 0.00 0.00 0.00 0.00 0.41 2.81 1.28 1.28 0.58 1.28 1.27 2.09 2.09 1.27 1.27 0.40 0.64 0.40 0.87 0.87 2.09 2.09 2.10 2.10 2.10 0.27 0.28 1.31 0.29 0.04 0.30 0.03 0.28 0.28 0.07 0.09 0.07 0.40 0.39 0.07 0.12 0.39 0.38 0.38 0.52 0.70 0.52 0.38 0.38 0.38 0.53 0.53 0.53 0.53 0.56 0.56 0.56 0.56
1.30 1.30 1.30 1.30 1.22 1.22 1.22 1.31 1.22 1.22 1.22 1.22 1.27 1.27 1.27 1.27 1.30 1.30 1.30 1.30 9.41 0.00 0.00 0.00 0.00 0.00 0.00 0.00 0.00 0.00 0.00 0.41 0.40 1.28 1.28 1.28 1.27 1.27 2.09 1.27 1.27 0.40 0.40 0.88 0.92 0.87 3.61 2.09 2.10 2.10 2.10 2.10 2.14 2.14 2.14 0.30 0.30 0.30 0.28 0.28 0.09 0.09 0.07 0.40 0.07 0.42 0.07 0.09 0.07 0.38 0.38 0.38 0.38 0.38 0.38 0.38 0.53 0.53 0.53 0.53 0.56 0.56 0.56 0.56
1.16 1.16 1.16 1.16 1.16 1.09 1.09 1.09 0.83 1.09 1.09 1.09 1.10 1.10 1.10 1.10 1.13 1.13 1.18 0.00 0.00 0.00 0.00 0.00 0.00 0.00 0.00 0.00 0.00 0.00 0.00 9.29 0.62 0.78 1.10 1.10 1.78 1.09 1.09 1.09 1.10 1.10 0.33 0.53 0.37 0.34 1.13 1.13 1.14 1.14 1.14 1.14 1.17 1.17 1.17 1.21 1.21 0.80 0.22 0.23 0.02 0.24 0.02 0.02 0.24 0.24 0.02 0.24 0.23 0.23 0.23 0.23 0.23 0.23 0.23 0.23 0.28 0.28 0.28 0.28 0.29 0.29 0.30 0.07
1.16 1.16 1.16 1.16 1.16 1.09 1.09 1.09 1.09 1.09 1.09 0.47 0.48 0.33 0.34 1.23 0.96 0.96 0.00 0.00 0.00 0.00 0.00 0.00 0.00 0.00 0.00 0.00 0.00 0.00 0.00 0.00 0.62 0.62 0.97 1.10 1.09 1.09 1.12 1.09 1.10 1.10 0.33 0.34 0.34 0.34 1.13 1.13 1.14 1.14 1.14 1.14 1.17 1.17 1.17 1.21 0.54 1.21 1.21 1.17 1.23 0.24 0.24 0.02 0.05 0.24 0.27 0.24 0.23 0.23 0.23 0.23 0.23 0.23 0.23 0.25 0.28 0.28 0.28 0.28 0.29 0.29 0.29 0.29
1.16 1.80 1.16 1.16 1.16 1.08 0.47 1.08 1.08 1.08 1.08 1.08 0.33 0.33 0.53 0.46 0.64 0.00 0.00 0.00 0.00 0.00 0.00 0.00 0.00 0.00 0.00 0.00 0.00 0.00 0.00 0.00 1.51 0.62 0.78 1.09 1.08 1.08 1.08 1.14 1.09 1.09 1.09 0.32 0.34 0.34 0.64 0.34 1.13 1.13 1.13 1.13 1.15 1.15 1.15 1.20 1.21 1.88 1.18 1.16 0.55 0.55 1.10 0.87 0.23 0.23 0.23 0.23 0.23 0.23 0.23 0.23 0.23 0.23 0.02 0.23 0.27 0.27 0.27 0.27 0.29 0.29 0.03 0.03
1.08 1.16 1.16 1.16 1.08 1.08 1.08 1.08 1.08 1.08 1.08 1.08 0.33 0.33 0.53 0.40 0.64 0.00 0.00 0.00 0.00 0.00 0.00 0.00 0.00 0.00 0.00 0.00 0.00 0.00 0.00 0.00 1.51 0.62 0.35 0.33 1.08 1.08 1.08 0.47 1.09 1.09 0.47 0.32 0.37 0.47 0.37 0.34 1.13 1.13 1.13 1.13 1.15 1.15 1.15 1.15 0.78 1.07 1.16 1.47 0.55 0.56 2.56 0.55 1.10 0.54 1.21 1.21 0.23 0.23 0.23 0.23 0.23 0.23 0.23 0.02 0.03 0.03 0.27 0.03 0.29 0.38 0.38 0.03
1.08 1.08 1.08 1.08 1.08 1.08 1.66 1.08 1.08 1.08 0.51 1.08 0.33 0.34 0.53 0.64 0.00 0.00 0.00 0.00 0.00 0.00 0.00 0.00 0.00 0.00 0.00 0.00 0.00 0.00 0.00 0.00 0.62 0.62 0.51 0.17 0.32 1.08 1.08 1.14 1.09 1.09 1.14 0.32 0.34 0.54 0.37 0.34 1.13 1.13 1.13 0.53 0.54 1.15 1.15 1.20 0.98 1.85 1.16 1.16 1.23 0.56 1.10 1.10 1.10 0.54 0.54 0.54 1.20 1.20 1.20 0.23 0.23 0.23 0.23 0.02 0.27 0.27 0.27 0.27 0.37 0.29 0.29 0.30
1.08 1.08 1.08 1.16 1.16 1.16 1.08 1.08 1.16 1.08 0.47 1.08 0.36 0.40 0.64 0.00 0.00 0.00 0.00 0.00 0.00 0.00 0.00 0.00 0.00 0.00 0.00 0.00 0.00 0.00 0.00 0.00 8.67 1.51 0.51 0.62 1.08 1.14 1.11 1.08 0.47 1.14 0.94 0.51 0.24 0.54 0.45 0.34 1.13 1.13 1.13 0.53 0.54 0.51 0.52 0.98 1.88 1.16 1.80 1.16 1.23 1.10 1.10 1.10 1.10 0.54 0.95 0.54 0.57 1.20 1.20 1.20 1.21 1.21 0.23 0.23 0.27 0.27 0.27 0.27 0.29 0.29 0.29 0.30
1.08 1.08 1.08 0.51 0.98 1.16 1.07 1.07 1.07 1.16 1.16 0.47 0.40 0.40 0.00 0.00 0.00 0.00 0.00 0.00 0.00 0.00 0.00 0.00 0.00 0.00 0.00 0.00 0.00 0.00 0.00 0.00 0.00 0.94 1.90 1.08 1.10 1.68 1.07 1.07 1.08 1.14 0.75 0.51 0.65 0.35 1.13 1.13 1.13 1.13 1.13 1.15 0.54 1.15 0.54 1.97 0.98 0.35 1.15 1.15 1.21 0.54 1.10 1.25 1.09 2.01 0.54 1.21 1.21 1.21 1.21 1.21 1.21 1.21 1.21 1.21 2.08 2.08 0.27 0.27 0.28 0.28 0.28 0.29
1.08 1.08 1.08 1.08 0.09 0.09 1.07 1.07 1.07 1.07 1.16 0.98 0.64 0.00 0.00 0.00 0.00 0.00 0.00 0.00 0.00 0.00 0.00 0.00 0.00 0.00 0.00 0.00 0.00 0.00 0.00 0.00 0.00 1.08 0.94 1.41 1.10 1.07 1.07 1.07 1.08 1.08 1.11 0.77 0.34 0.34 1.13 1.13 1.13 1.13 1.13 1.15 0.78 1.15 1.15 1.97 0.98 0.35 1.78 1.15 1.21 1.21 0.56 0.56 2.01 2.01 1.21 1.21 1.21 1.21 1.21 0.54 1.21 1.21 1.21 1.21 2.08 2.08 2.08 2.08 2.13 0.28 0.28 0.28
