New_Model_Runs/12_Future_RCP4.5_Scn2_out/post_prcessed_with_MFR/Monthly_summaries/runoff_monthly_NOV.asc
NCOLS 700
NROWS 400
XLLCENTER 515000.000000
YLLCENTER 8409000.000000
CELLSIZE 50.000000
NODATA_value -999.000000
[rows 111 to 147 of 400, columns 504 to 587 of 700]
0.99 0.99 0.99 2.82 2.70 2.70 5.99 2.70 2.48 2.48 2.66 2.66 5.73 5.75 2.41 2.41 2.38 1.11 2.48 2.38 2.65 1.26 1.26 1.15 1.26 1.12 1.17 1.26 2.71 1.08 1.12 2.32 2.28 2.28 4.40 2.28 2.28 2.28 2.28 1.16 0.99 2.16 2.16 2.16 2.24 1.06 4.13 0.43 0.73 0.75 0.41 0.73 2.12 2.12 2.12 2.12 1.98 4.13 2.41 2.41 2.46 1.03 2.04 1.03 1.04 2.48 2.48 2.48 2.41 2.41 2.41 2.41 0.97 0.97 0.61 0.97 2.60 0.00 0.00 0.00 0.00 0.00 0.00 0.00
0.95 0.95 0.95 2.74 2.56 2.56 2.56 2.56 2.37 2.37 2.37 2.37 2.61 2.37 2.37 2.37 2.42 1.13 2.51 2.63 2.66 1.27 3.27 1.16 1.07 1.07 1.07 1.25 1.06 2.28 2.28 2.28 2.26 2.26 4.37 2.26 2.28 3.36 2.78 1.16 2.17 2.17 2.17 1.00 2.20 2.20 1.15 2.20 2.17 2.17 2.17 2.17 3.66 2.10 2.10 2.10 1.97 4.11 2.40 2.40 2.42 2.67 1.01 1.01 1.01 2.42 2.42 4.11 2.36 2.36 2.36 2.02 0.98 0.98 0.98 2.37 1.34 0.00 0.00 0.00 0.00 0.00 0.00 0.00
0.95 2.74 2.74 2.74 2.56 2.56 2.56 2.56 2.37 2.37 2.37 2.37 2.37 2.37 2.37 2.37 2.42 3.70 1.18 2.51 2.20 2.55 4.82 2.46 1.25 1.16 1.07 3.34 2.28 2.28 2.28 2.28 2.26 4.40 2.26 2.26 2.28 1.16 2.47 2.47 2.17 1.00 2.17 2.17 2.20 3.87 2.20 3.90 2.17 2.17 3.81 2.17 2.10 2.10 3.68 2.10 1.97 2.40 2.40 2.40 1.01 1.52 1.01 4.24 2.42 4.24 1.31 5.67 2.36 2.36 2.36 2.36 0.98 2.37 2.37 2.37 4.31 0.11 0.00 0.00 0.00 0.00 0.00 0.00
3.69 3.69 3.69 3.69 3.41 6.99 3.41 3.41 2.58 2.58 2.58 2.58 2.59 2.59 2.59 2.59 2.63 2.63 1.25 2.63 1.86 1.93 3.35 1.72 1.19 1.19 2.34 3.79 4.49 1.13 2.41 2.32 1.07 2.31 2.31 1.07 2.33 1.19 2.33 2.33 1.02 2.22 2.22 2.22 2.25 2.25 4.34 2.25 2.21 2.21 2.21 2.21 2.14 2.14 2.14 2.14 2.09 2.53 2.53 2.53 1.07 2.22 2.55 2.55 2.55 2.74 2.74 2.55 4.27 2.49 2.49 2.49 2.55 1.07 2.55 2.55 2.67 0.13 12.12 0.00 0.00 0.00 0.00 0.00
3.69 3.69 3.69 3.69 3.41 3.41 3.41 3.41 2.58 2.58 2.58 2.58 2.59 2.59 2.59 2.59 2.63 1.25 2.63 1.25 1.72 1.72 1.72 1.72 1.19 1.09 2.34 2.34 1.08 2.32 2.41 2.32 2.31 1.07 1.07 2.31 2.33 2.33 2.33 2.33 2.22 2.22 2.22 2.22 2.25 6.70 2.25 2.25 2.21 2.21 2.21 2.21 2.14 2.14 2.14 2.14 2.09 2.53 2.53 2.53 1.07 2.21 2.55 2.55 2.55 2.55 2.55 2.55 2.49 2.49 2.49 2.49 2.55 2.55 1.07 1.07 2.67 2.74 1.56 1.56 0.52 4.08 0.52 0.52
3.37 3.37 3.37 6.90 6.39 2.83 2.83 2.83 2.64 2.64 2.64 2.64 2.69 2.69 2.69 2.69 2.71 2.71 2.71 1.30 1.73 1.73 2.71 2.71 1.09 1.09 1.09 1.09 2.34 2.34 2.34 1.09 2.36 2.36 2.36 2.36 2.38 2.38 2.38 2.38 2.20 2.20 3.88 2.27 3.88 2.20 2.20 2.20 2.19 2.19 2.19 2.19 2.14 2.14 2.14 2.14 2.07 2.50 2.50 2.50 2.49 2.49 2.49 2.49 2.49 2.49 2.49 2.49 2.50 2.50 2.50 2.50 2.59 2.59 1.09 1.09 2.68 2.68 4.62 2.74 1.55 1.55 1.55 1.27
3.37 3.37 3.37 3.37 2.83 2.83 2.83 2.83 2.64 2.64 2.64 2.64 2.69 2.69 2.69 2.69 2.71 2.71 2.71 2.71 2.71 2.71 2.71 2.71 1.28 1.09 2.35 2.35 2.34 2.34 2.52 2.34 2.36 2.36 2.36 2.36 2.38 2.38 2.38 2.38 2.20 2.20 2.20 2.20 2.20 2.20 2.20 2.15 2.19 2.26 0.84 8.09 3.74 2.14 2.14 2.14 2.07 2.50 2.50 2.50 2.49 2.49 2.49 2.49 2.49 2.49 2.49 2.49 2.50 2.50 2.50 2.50 2.59 1.09 1.09 2.59 2.68 2.68 2.68 2.68 2.86 1.27 2.73 2.73
3.37 3.37 3.37 3.37 2.83 2.83 2.83 2.83 2.64 2.64 2.64 2.64 2.69 2.69 2.69 2.69 2.71 2.71 2.71 2.71 2.71 2.71 2.71 2.71 1.09 1.09 1.19 2.35 2.34 2.34 2.34 2.34 2.36 2.36 1.10 2.36 2.38 2.38 2.38 2.38 2.20 2.20 2.20 2.20 2.20 2.20 2.20 1.05 1.05 1.05 2.35 2.35 2.14 3.74 2.14 2.14 2.07 2.50 2.50 2.50 2.49 2.49 2.49 4.28 2.49 4.28 2.49 2.49 2.50 2.50 2.50 2.50 2.59 1.09 1.09 1.09 2.68 2.68 2.68 3.36 1.55 1.33 1.55 2.73
3.37 3.37 3.37 3.37 2.83 2.83 2.83 2.83 2.64 2.64 2.64 2.64 2.69 2.69 2.69 2.69 2.71 2.71 2.71 2.71 1.30 2.71 2.71 2.71 2.35 2.35 2.35 2.35 2.34 2.34 2.34 2.34 2.36 2.36 2.36 2.36 2.38 2.38 2.38 2.38 2.20 2.20 2.20 2.20 2.20 2.49 2.49 1.09 0.84 2.19 3.81 6.46 2.14 2.14 2.14 2.14 2.07 2.50 2.50 2.50 2.49 2.49 4.27 2.49 2.49 2.49 2.49 2.49 2.50 2.50 2.50 2.50 2.59 2.59 2.28 1.09 1.14 1.69 0.79 0.79 1.58 1.33 1.55 1.55
3.35 3.35 3.35 3.35 3.52 3.52 3.52 3.52 2.79 2.79 2.79 2.79 2.80 2.80 2.80 2.80 1.35 2.80 2.80 2.80 2.79 2.79 1.34 2.79 2.42 2.42 2.42 2.42 2.42 2.42 2.42 2.42 2.43 2.43 2.43 2.43 2.44 2.44 2.44 2.44 2.23 2.23 2.23 2.23 2.49 1.17 1.01 2.20 2.34 2.17 2.17 2.17 2.10 2.10 2.10 3.63 2.04 2.47 2.47 2.47 2.48 2.48 2.48 2.48 2.53 2.53 2.53 2.53 2.56 2.56 2.56 2.56 2.60 2.60 2.60 2.60 2.97 1.56 1.56 0.79 1.27 1.55 2.39 3.14
3.35 3.35 3.35 3.35 3.52 3.52 3.52 3.52 2.79 2.79 2.79 2.79 1.35 2.80 2.80 2.80 1.35 2.80 2.80 2.80 2.79 2.79 2.79 2.79 2.42 2.42 2.56 2.56 2.42 2.42 2.42 2.42 2.43 2.43 2.43 2.43 2.44 2.44 2.50 2.44 2.23 2.37 2.29 2.23 2.26 2.20 2.20 2.20 2.17 2.17 2.17 2.17 2.10 2.10 2.10 2.10 2.04 2.47 2.47 2.47 2.48 2.48 2.48 2.48 2.53 2.53 2.53 2.53 2.56 2.56 2.56 2.56 2.60 1.42 2.60 2.60 2.68 2.68 1.47 0.79 2.86 2.86 4.88 2.86
3.35 3.35 3.35 3.35 3.52 3.52 3.52 3.52 2.79 2.79 2.79 2.79 1.35 2.80 2.80 2.80 1.35 2.80 2.80 2.80 2.79 2.79 2.79 2.79 2.42 0.82 2.56 0.92 2.56 2.42 2.42 2.42 2.43 2.43 1.14 2.43 2.69 2.44 2.50 2.57 2.29 4.22 4.11 2.29 2.26 2.20 2.20 2.20 2.17 2.17 2.17 2.17 2.10 2.10 2.10 2.10 3.47 2.47 2.47 2.47 2.48 2.48 2.48 2.48 2.53 2.53 2.53 2.53 2.56 2.56 2.56 2.56 2.60 2.60 2.60 2.60 2.68 2.68 1.14 1.14 2.73 4.72 6.33 2.73
3.35 3.35 3.35 3.35 3.52 2.69 1.80 3.52 1.34 1.87 6.31 9.06 6.32 2.80 2.80 2.80 1.87 1.35 1.35 1.35 2.79 2.79 2.79 2.79 2.42 0.82 1.14 2.56 2.56 2.42 2.42 2.42 2.57 2.43 1.14 2.49 2.69 2.44 1.14 2.57 2.29 2.37 2.29 2.23 2.20 2.20 2.20 2.20 2.17 2.17 2.17 2.17 2.10 2.10 2.10 2.10 2.04 2.47 2.47 2.47 2.48 2.48 2.48 2.48 2.53 2.53 2.53 2.53 2.56 2.56 2.56 2.56 2.60 2.60 2.60 2.60 2.68 2.68 1.14 1.14 1.17 1.17 4.66 2.73
3.58 3.58 3.58 3.58 3.66 3.66 7.55 3.66 2.83 2.83 12.26 2.83 2.83 2.83 2.83 6.37 6.40 2.85 0.80 3.37 2.85 2.85 2.85 2.85 2.48 0.84 0.84 2.48 2.48 2.48 2.48 2.48 2.59 2.59 0.84 0.86 1.19 2.57 2.44 2.44 2.23 2.23 2.23 1.03 2.23 2.23 2.23 2.23 2.19 6.55 2.19 2.19 2.09 2.09 2.09 2.09 2.04 2.47 2.47 2.47 2.51 2.51 2.51 4.29 4.36 4.39 2.56 2.56 2.59 2.59 2.59 6.43 2.62 2.62 2.62 2.62 2.64 2.64 1.12 1.67 2.34 2.65 2.65 2.65
3.58 3.58 3.58 3.58 3.66 3.66 3.66 3.66 2.83 6.39 2.83 2.83 2.83 2.83 2.83 2.83 1.00 1.00 1.00 1.00 1.33 1.38 2.85 2.85 2.48 0.84 0.07 0.07 2.48 2.60 2.48 2.48 0.89 0.46 0.84 0.75 0.61 0.88 2.44 2.44 6.70 2.23 2.23 2.23 2.23 2.23 2.23 2.23 6.59 2.19 2.19 2.19 2.09 2.09 2.09 2.09 2.04 2.47 2.47 2.47 2.51 4.31 5.81 2.51 2.56 2.56 5.93 4.42 2.59 4.46 4.46 2.59 6.54 2.62 2.62 2.62 2.64 2.64 4.56 2.64 2.65 2.65 2.65 2.65
3.58 3.58 3.58 3.58 3.66 3.66 3.66 3.66 2.83 2.83 2.83 2.83 2.83 2.83 2.83 2.83 2.85 1.00 1.91 1.00 1.33 1.87 1.38 1.00 0.84 0.08 0.08 0.21 0.08 0.31 0.08 2.48 0.93 0.46 0.75 0.86 1.29 2.14 2.44 4.85 2.23 2.23 2.23 0.74 0.74 0.74 2.23 0.74 0.72 2.19 2.19 2.19 2.09 2.09 2.09 2.09 2.04 2.47 2.47 2.47 2.51 2.51 2.51 2.51 2.56 2.56 2.56 2.56 4.46 2.59 2.59 2.59 2.62 2.62 6.56 2.62 2.64 4.56 2.64 2.64 2.65 2.65 2.65 2.65
3.58 3.58 3.58 3.58 3.66 3.66 3.66 3.66 2.83 2.83 2.83 2.83 2.83 6.40 6.40 2.83 2.85 2.85 1.29 1.00 1.33 2.97 1.00 0.12 0.08 1.44 1.44 0.08 0.08 1.44 1.44 1.44 0.75 0.75 0.53 5.64 2.44 2.44 2.44 2.44 2.23 2.23 2.23 0.74 0.74 0.74 0.79 0.77 0.72 0.72 0.41 3.77 2.09 2.09 2.09 2.09 3.46 2.47 2.47 2.47 2.51 2.51 2.51 2.51 2.56 2.56 2.56 4.38 2.59 2.59 2.59 2.59 2.62 2.62 2.62 2.62 2.64 2.64 2.64 2.64 2.65 2.65 2.65 4.56
3.69 3.69 3.69 3.69 3.71 3.71 3.71 3.71 2.83 2.83 2.83 2.83 2.84 2.84 2.84 2.84 2.86 2.86 1.00 1.33 1.64 3.04 1.40 2.82 1.44 1.44 12.57 0.00 0.00 0.00 0.00 0.00 0.00 12.57 1.39 2.45 2.43 2.43 2.43 2.43 2.27 2.27 0.75 0.80 0.80 0.75 0.80 0.80 0.77 0.72 0.72 2.18 2.10 3.75 3.65 4.49 0.94 2.50 2.50 2.73 2.73 2.73 2.73 2.49 2.51 4.31 2.51 2.51 2.53 2.53 2.53 2.53 2.57 4.42 2.57 4.42 2.58 2.58 2.58 2.58 2.58 2.58 4.44 2.58
3.69 3.69 3.69 3.69 1.43 1.43 1.43 0.87 0.99 2.83 2.83 2.83 2.84 2.84 2.84 2.84 3.51 2.86 1.29 1.35 1.18 1.40 2.82 0.70 1.44 0.00 0.00 0.00 0.00 0.00 0.00 0.00 0.00 0.00 2.58 2.45 2.43 2.43 2.43 2.43 2.33 0.80 1.40 0.55 0.68 1.24 0.75 2.31 1.19 0.72 0.72 2.18 2.10 2.10 2.10 2.10 3.51 2.50 2.50 2.50 2.73 2.73 3.58 2.49 2.51 2.51 2.51 2.51 2.53 2.53 2.53 2.53 2.57 2.57 2.57 2.57 2.58 2.58 2.58 2.58 2.58 2.74 2.58 2.58
3.60 3.60 3.60 3.60 1.38 1.38 1.28 1.38 0.52 1.26 2.64 2.64 2.65 2.65 2.65 2.65 0.97 2.67 2.72 1.24 1.24 1.90 0.11 0.08 12.23 0.00 0.00 0.00 0.00 0.00 0.00 0.00 0.00 0.00 0.00 4.48 2.30 2.30 2.30 2.36 1.06 0.66 3.94 0.66 0.82 1.01 3.87 2.20 5.30 2.13 3.70 2.13 2.05 2.05 2.05 2.05 2.00 2.42 2.42 2.42 2.65 1.45 5.59 4.15 2.43 2.43 2.43 2.43 2.46 2.46 2.46 2.46 2.51 2.51 2.51 2.51 2.52 2.52 2.52 6.34 2.52 2.52 2.52 2.52
3.60 3.60 3.60 3.60 3.61 1.38 0.84 1.38 0.77 2.78 0.91 2.64 2.65 2.65 2.65 2.78 0.97 2.67 2.72 2.72 0.95 0.95 0.08 0.08 0.00 0.00 0.00 0.00 0.00 0.00 0.00 0.00 0.00 0.00 0.00 2.38 2.36 2.30 1.07 0.00 0.00 3.94 3.94 0.66 1.23 0.72 2.20 2.20 2.13 3.70 2.13 3.66 2.05 2.05 2.05 2.05 2.00 2.42 2.42 2.53 1.22 1.45 4.17 2.42 2.43 4.15 2.43 2.43 2.46 2.46 2.46 2.46 2.51 2.51 2.51 4.31 4.32 2.52 2.52 2.52 2.52 2.52 2.52 2.52
3.62 3.62 3.62 3.62 3.63 1.86 1.39 1.39 0.92 0.92 0.92 2.67 2.79 0.97 0.94 1.24 1.09 0.97 2.66 2.71 2.64 2.64 1.26 0.00 0.00 0.00 0.00 0.00 0.00 0.00 0.00 0.00 0.00 0.00 0.00 2.27 2.28 0.00 0.00 0.00 0.00 0.00 0.00 0.66 0.76 0.71 3.77 2.16 2.12 2.12 2.12 2.12 2.10 2.10 2.10 2.10 2.07 2.50 2.50 2.50 2.54 1.38 2.44 2.44 2.39 2.39 2.39 2.39 2.41 2.41 2.41 2.41 2.47 2.47 2.47 2.47 2.50 2.50 2.50 2.50 2.52 2.52 2.52 2.52
3.62 3.62 3.62 7.32 7.33 7.34 3.69 1.42 0.95 0.56 0.92 2.67 2.67 0.97 1.24 1.24 0.25 0.64 0.08 2.66 1.26 2.64 0.00 0.00 0.00 0.00 0.00 0.00 0.00 0.00 0.00 0.00 0.00 0.00 0.00 0.00 0.00 0.00 0.00 0.00 0.00 0.00 0.00 11.93 0.76 0.76 1.17 0.71 0.69 2.12 2.12 2.12 2.10 2.10 2.10 2.10 2.07 2.50 4.30 2.50 2.44 2.44 2.44 2.44 1.29 2.39 2.39 2.39 2.41 2.41 2.41 2.41 2.47 4.24 2.47 2.47 2.50 2.50 1.05 1.05 1.06 1.06 1.06 1.06
3.62 3.62 3.62 3.62 3.63 3.63 7.34 2.60 1.24 0.56 0.56 0.95 0.94 1.50 0.11 0.64 2.63 0.64 0.00 0.00 0.00 0.00 0.00 0.00 0.00 0.00 0.00 0.00 0.00 0.00 0.00 0.00 0.00 0.00 0.00 0.00 0.00 0.00 0.00 0.00 0.00 0.00 0.00 0.00 0.71 0.71 0.40 0.71 0.39 0.39 2.12 2.12 2.10 2.10 2.10 2.10 2.07 2.50 2.50 2.50 2.44 2.44 2.44 2.44 2.39 2.39 2.39 2.39 2.41 2.41 2.41 2.41 2.47 7.67 2.47 2.47 2.50 2.50 4.29 2.18 1.06 1.06 1.57 1.06
3.62 3.62 3.62 3.62 3.63 2.69 3.63 3.63 1.24 0.40 0.64 0.64 0.64 0.00 0.00 0.00 0.00 0.00 0.00 0.00 0.00 0.00 0.00 0.00 0.00 0.00 0.00 0.00 0.00 0.00 0.00 0.00 0.00 0.00 0.00 0.00 0.00 0.00 0.00 0.00 0.00 0.00 0.00 0.71 1.63 2.16 2.16 2.16 2.12 2.12 2.12 2.12 2.10 2.10 2.10 2.10 2.07 2.50 2.50 2.50 1.02 1.02 1.02 2.44 2.39 2.39 2.39 2.39 2.41 2.41 2.41 2.41 2.47 6.11 4.22 2.47 2.50 2.50 2.50 2.50 2.52 2.52 1.06 1.06
3.60 3.60 3.60 3.60 1.38 1.41 1.41 1.76 0.11 0.11 0.00 0.00 0.00 0.00 0.00 0.00 0.00 0.00 0.00 0.00 0.00 0.00 0.00 0.00 0.00 0.00 0.00 0.00 0.00 0.00 0.00 0.00 0.00 0.00 0.00 0.00 0.00 0.00 0.00 0.00 0.00 0.00 0.00 2.14 1.06 2.22 2.16 2.16 0.06 2.30 2.17 2.17 2.16 2.16 2.16 2.16 2.13 1.09 1.09 1.09 1.06 1.06 1.06 1.06 2.39 2.39 2.39 2.39 2.35 2.35 2.35 4.02 2.43 2.43 2.43 2.43 2.49 2.49 2.49 2.49 2.54 2.54 2.54 2.54
3.60 3.60 3.60 1.85 1.28 0.86 0.78 0.78 0.00 0.00 0.00 0.00 0.00 0.00 0.00 0.00 0.00 0.00 0.00 0.00 0.00 0.00 0.00 0.00 0.00 0.00 0.00 0.00 0.00 0.00 0.00 0.00 0.00 0.00 0.00 0.00 0.00 0.00 0.00 0.00 0.00 0.00 0.00 0.00 0.00 0.00 0.00 0.27 0.27 2.30 1.06 2.30 2.22 2.16 2.16 2.16 2.13 1.09 1.09 1.09 1.06 1.06 1.06 1.06 0.99 0.99 2.39 2.39 2.35 2.35 2.35 4.02 2.43 2.43 2.43 2.43 2.49 2.49 2.49 2.49 2.54 2.54 2.54 2.54
3.60 3.60 3.60 2.68 1.89 1.47 0.78 0.00 0.00 0.00 0.00 0.00 0.00 0.00 0.00 0.00 0.00 0.00 0.00 0.00 0.00 0.00 0.00 0.00 0.00 0.00 0.00 0.00 0.00 0.00 0.00 0.00 0.00 0.00 0.00 0.00 0.00 0.00 0.00 0.00 0.00 0.00 0.00 0.00 0.00 0.00 0.00 0.00 0.77 1.28 2.23 1.06 1.06 0.73 2.22 2.16 2.13 1.09 1.09 1.09 1.06 1.06 1.06 1.06 0.99 0.99 2.39 2.39 2.35 2.35 4.02 2.35 2.43 2.43 2.43 2.43 2.49 2.49 2.49 2.49 2.54 2.54 2.54 2.54
8.41 3.60 4.88 4.88 3.67 1.41 14.01 0.00 0.00 0.00 0.00 0.00 0.00 0.00 0.00 0.00 0.00 0.00 0.00 0.00 0.00 0.00 0.00 0.00 0.00 0.00 0.00 0.00 0.00 0.00 0.00 0.00 0.00 0.00 0.00 0.00 0.00 0.00 0.00 0.00 0.00 0.00 0.00 0.00 0.00 0.00 0.00 0.00 0.00 0.07 0.40 0.77 0.82 0.73 0.73 0.73 0.76 1.09 1.09 1.09 1.06 1.06 1.06 1.06 0.99 0.99 2.39 2.39 2.35 2.35 2.35 2.35 2.43 2.43 2.43 2.43 2.49 2.49 2.49 2.49 2.54 2.54 2.54 1.07
3.58 3.65 4.86 4.86 3.58 3.58 3.65 0.00 0.00 0.00 0.00 0.00 0.00 0.00 0.00 0.00 0.00 0.00 0.00 0.00 0.00 0.00 0.00 0.00 0.00 0.00 0.00 0.00 0.00 0.00 0.00 0.00 0.00 0.00 0.00 0.00 0.00 0.00 0.00 0.00 0.00 0.00 0.00 0.00 0.00 0.00 0.00 0.00 0.00 0.07 0.07 0.07 1.86 0.74 0.53 0.53 0.66 1.17 1.10 1.10 1.06 1.06 1.57 1.06 2.36 2.36 2.36 2.36 2.29 2.29 2.29 2.29 2.42 2.42 2.42 2.42 1.36 2.51 1.49 1.49 2.55 2.55 2.55 2.23
3.58 4.86 2.60 7.61 3.58 3.58 3.58 0.00 0.00 0.00 0.00 0.00 0.00 0.00 0.00 0.00 0.00 0.00 0.00 0.00 0.00 0.00 0.00 0.00 0.00 0.00 0.00 0.00 0.00 0.00 0.00 0.00 0.00 0.00 0.00 0.00 0.00 0.00 0.00 0.00 0.00 0.00 0.00 0.00 0.00 0.00 0.00 0.00 0.00 0.00 1.28 0.89 0.66 0.66 1.86 1.86 0.66 1.10 1.10 1.10 1.06 1.06 1.06 1.53 0.98 4.04 2.02 3.99 2.29 2.29 2.29 2.29 2.42 2.42 2.42 6.03 2.51 2.51 2.51 1.36 1.39 2.55 2.55 1.17
3.58 3.58 3.65 5.04 5.04 14.01 0.00 0.00 0.00 0.00 0.00 0.00 0.00 0.00 0.00 0.00 0.00 0.00 0.00 0.00 0.00 0.00 0.00 0.00 0.00 0.00 0.00 0.00 0.00 0.00 0.00 0.00 0.00 0.00 0.00 0.00 0.00 0.00 0.00 0.00 0.00 0.00 0.00 0.00 0.00 0.00 0.00 0.00 0.00 0.00 1.28 1.28 0.27 0.66 0.53 0.53 1.52 1.10 2.29 2.29 1.06 1.57 1.06 2.52 0.98 0.98 0.98 0.98 2.29 2.29 2.29 2.29 2.42 2.42 2.42 4.15 2.51 2.51 4.54 2.71 2.73 2.73 2.55 2.73
3.58 3.58 3.58 2.60 0.00 0.00 0.00 0.00 0.00 0.00 0.00 0.00 0.00 0.00 0.00 0.00 0.00 0.00 0.00 0.00 0.00 0.00 0.00 0.00 0.00 0.00 0.00 0.00 0.00 0.00 0.00 0.00 0.00 0.00 0.00 0.00 0.00 0.00 0.00 0.00 0.00 0.00 0.00 0.00 0.00 0.00 0.00 0.00 0.00 0.00 0.00 0.07 0.07 0.27 1.06 2.85 2.16 2.60 2.60 2.60 2.64 2.52 2.52 2.52 2.36 2.36 2.36 1.27 2.29 2.29 2.29 2.29 4.08 4.14 2.42 2.42 2.51 2.51 2.51 2.51 2.73 1.23 1.23 1.44
3.61 3.61 0.00 0.00 0.00 0.00 0.00 0.00 0.00 0.00 0.00 0.00 0.00 0.00 0.00 0.00 0.00 0.00 0.00 0.00 0.00 0.00 0.00 0.00 0.00 0.00 0.00 0.00 0.00 0.00 0.00 0.00 0.00 0.00 0.00 0.00 0.00 0.00 0.00 0.00 0.00 0.00 0.00 0.00 0.00 0.00 0.00 0.00 0.00 0.00 0.00 0.07 1.28 1.06 0.81 1.06 2.26 1.49 1.38 2.53 2.40 2.40 2.40 2.40 1.24 2.31 2.31 2.31 2.31 2.31 2.31 2.31 2.41 4.13 2.41 2.41 2.51 2.51 2.51 2.51 2.56 2.74 1.51 1.44
1.13 0.00 0.00 0.00 0.00 0.00 0.00 0.00 0.00 0.00 0.00 0.00 0.00 0.00 0.00 0.00 0.00 0.00 0.00 0.00 0.00 0.00 0.00 0.00 0.00 0.00 0.00 0.00 0.00 0.00 0.00 0.00 0.00 0.00 0.00 0.00 0.00 0.00 0.00 0.00 0.00 0.00 0.00 0.00 0.00 0.00 0.00 0.00 0.00 0.00 0.00 0.27 0.27 1.06 0.81 2.23 2.09 1.38 4.35 2.53 2.40 2.40 2.40 2.40 3.24 1.24 2.31 2.31 2.31 2.31 2.31 2.31 2.41 2.41 2.41 2.41 2.51 2.51 2.51 2.51 2.56 2.56 2.56 2.64
0.00 0.00 0.00 0.00 0.00 0.00 0.00 0.00 0.00 0.00 0.00 0.00 0.00 0.00 0.00 0.00 0.00 0.00 0.00 0.00 0.00 0.00 0.00 0.00 0.00 0.00 0.00 0.00 0.00 0.00 0.00 0.00 0.00 0.00 0.00 0.00 0.00 0.00 0.00 0.00 0.00 0.00 0.00 0.00 0.00 0.00 0.00 0.00 0.00 0.00 0.00 0.25 0.54 0.98 0.75 2.16 0.96 2.37 1.28 2.37 3.85 2.25 2.25 2.25 1.71 1.71 1.71 1.71 1.71 1.71 1.71 1.71 1.75 1.75 1.75 1.75 2.31 2.31 4.09 4.09 2.35 2.35 2.35 2.43
0.00 0.00 0.00 0.00 0.00 0.00 0.00 0.00 0.00 0.00 0.00 0.00 0.00 0.00 0.00 0.00 0.00 0.00 0.00 0.00 0.00 0.00 0.00 0.00 0.00 0.00 0.00 0.00 0.00 0.00 0.00 0.00 0.00 0.00 0.00 0.00 0.00 0.00 0.00 0.00 0.00 0.00 0.00 0.00 0.00 0.00 0.00 0.00 0.00 0.00 0.00 0.25 0.11 2.16 2.16 2.16 1.95 2.37 2.45 2.37 2.25 2.25 2.25 2.25 1.71 1.71 1.71 1.71 1.71 1.71 1.71 1.71 1.75 1.75 1.75 1.75 2.31 2.31 2.31 2.31 1.27 2.35 2.52 1.38
