New_Model_Runs/12_Future_RCP4.5_Scn2_out/post_prcessed_with_MFR/Monthly_summaries/runoff_monthly_JUN.asc
NCOLS 700
NROWS 400
XLLCENTER 515000.000000
YLLCENTER 8409000.000000
CELLSIZE 50.000000
NODATA_value -999.000000
[rows 74 to 110 of 400, columns 336 to 419 of 700]
0.00 0.00 0.00 0.00 0.00 0.00 0.00 0.00 0.00 0.00 0.00 0.00 0.00 0.00 0.00 0.00 0.00 0.00 0.00 0.00 0.00 0.00 0.00 0.00 0.00 0.00 0.00 0.00 0.00 0.00 0.00 0.00 0.00 0.00 0.00 0.00 0.00 0.00 0.00 0.00 0.00 0.00 0.00 0.00 0.00 0.00 0.00 0.00 0.00 0.00 0.00 0.00 0.00 0.00 0.00 0.00 0.00 0.00 0.00 4.45 8.18 8.18 4.36 4.36 4.18 4.18 4.18 4.18 3.08 2.64 2.70 2.37 0.00 0.00 0.00 0.00 0.00 0.00 0.00 0.00 0.00 0.00 0.00 0.00
0.00 0.00 0.00 0.00 0.00 0.00 0.00 0.00 0.00 0.00 0.00 0.00 0.00 0.00 0.00 0.00 0.00 0.00 0.00 0.00 0.00 0.00 0.00 0.00 0.00 0.00 0.00 0.00 0.00 0.00 0.00 0.00 0.00 0.00 0.00 0.00 0.00 0.00 0.00 0.00 0.00 0.00 0.00 0.00 0.00 0.00 0.00 0.00 0.00 0.00 0.00 0.00 0.00 0.00 0.00 0.00 0.00 0.00 4.45 8.21 6.36 4.36 4.36 4.36 4.18 4.18 4.18 4.18 3.08 2.64 2.64 2.64 0.00 0.00 0.00 0.00 0.00 0.00 0.00 0.00 0.00 0.00 0.00 0.00
0.00 0.00 0.00 0.00 0.00 0.00 0.00 0.00 0.00 0.00 0.00 0.00 0.00 0.00 0.00 0.00 0.00 0.00 0.00 0.00 0.00 0.00 0.00 0.00 0.00 0.00 0.00 0.00 0.00 0.00 0.00 0.00 0.00 0.00 0.00 0.00 0.00 0.00 0.00 0.00 0.00 0.00 0.00 0.00 0.00 0.00 0.00 0.00 6.16 4.02 0.00 0.00 0.00 0.00 0.00 0.00 0.00 11.63 8.07 2.99 4.24 4.24 2.58 2.58 4.45 2.67 2.67 2.67 2.72 2.97 2.72 0.00 0.00 0.00 0.00 0.00 0.00 0.00 0.00 0.00 0.00 0.00 0.00 0.00
0.00 0.00 0.00 0.00 0.00 0.00 0.00 0.00 0.00 0.00 0.00 0.00 0.00 0.00 0.00 0.00 0.00 0.00 0.00 0.00 0.00 0.00 0.00 0.00 0.00 0.00 0.00 0.00 0.00 0.00 0.00 0.00 0.00 0.00 0.00 0.00 0.00 0.00 0.00 0.00 0.00 0.00 0.00 0.00 0.00 0.00 0.00 0.00 5.02 4.51 4.51 0.00 0.00 0.00 13.20 4.43 4.23 4.23 11.63 4.23 4.24 2.58 2.58 2.58 2.67 2.04 2.26 2.97 2.97 4.37 0.00 0.00 0.00 0.00 0.00 0.00 0.00 0.00 0.00 0.00 0.00 0.00 0.00 0.00
0.00 0.00 0.00 0.00 0.00 0.00 0.00 0.00 0.00 0.00 0.00 0.00 0.00 0.00 0.00 0.00 0.00 0.00 0.00 0.00 0.00 0.00 0.00 0.00 0.00 0.00 0.00 0.00 0.00 0.00 0.00 0.00 0.00 0.00 0.00 0.00 0.00 0.00 0.00 0.00 0.00 0.00 0.00 0.00 0.00 0.00 0.00 0.00 4.51 4.51 4.51 4.51 4.43 4.43 4.43 4.43 4.23 6.09 8.07 4.23 4.24 2.67 2.67 1.98 2.67 6.32 6.32 6.32 2.63 0.00 0.00 0.00 0.00 0.00 0.00 0.00 0.00 0.00 0.00 0.00 0.00 0.00 0.00 0.00
0.00 0.00 0.00 0.00 0.00 0.00 0.00 0.00 0.00 0.00 0.00 0.00 0.00 0.00 0.00 0.00 0.00 0.00 0.00 0.00 0.00 0.00 0.00 0.00 0.00 0.00 0.00 0.00 0.00 0.00 0.00 0.00 0.00 0.00 0.00 0.00 0.00 0.00 0.00 0.00 0.00 0.00 0.00 0.00 0.00 0.00 0.00 6.07 4.51 4.51 4.51 4.51 4.43 3.11 4.43 4.43 4.23 4.02 4.23 4.23 4.44 4.44 2.58 2.98 2.67 6.32 6.32 6.32 0.00 0.00 0.00 0.00 0.00 0.00 0.00 0.00 0.00 0.00 0.00 0.00 0.00 0.00 0.00 0.00
0.00 0.00 0.00 0.00 0.00 0.00 0.00 0.00 0.00 0.00 0.00 0.00 0.00 0.00 0.00 0.00 0.00 0.00 0.00 0.00 0.00 0.00 0.00 0.00 0.00 0.00 0.00 0.00 0.00 0.00 0.00 0.00 0.00 0.00 0.00 0.00 0.00 0.00 0.00 0.00 0.00 0.00 0.00 0.00 0.00 0.00 0.00 4.53 4.48 4.48 4.48 4.48 4.22 2.98 4.22 4.22 4.38 4.38 4.38 4.38 4.55 4.70 4.55 3.00 6.32 2.63 13.13 0.00 0.00 0.00 0.00 0.00 0.00 0.00 0.00 0.00 0.00 0.00 0.00 0.00 0.00 0.00 0.00 0.00
0.00 0.00 0.00 0.00 0.00 0.00 0.00 0.00 0.00 0.00 0.00 0.00 0.00 0.00 0.00 0.00 0.00 0.00 0.00 0.00 0.00 0.00 0.00 0.00 0.00 0.00 0.00 0.00 0.00 0.00 0.00 0.00 0.00 0.00 0.00 0.00 0.00 0.00 3.73 0.00 0.00 0.00 0.00 0.00 0.00 0.00 0.00 4.53 4.48 4.48 4.48 4.48 4.22 8.86 4.22 4.22 8.61 4.02 4.38 4.38 4.55 3.20 4.55 3.79 4.37 4.37 0.00 0.00 0.00 0.00 0.00 0.00 0.00 0.00 0.00 0.00 0.00 0.00 0.00 0.00 0.00 0.00 0.00 0.00
0.00 0.00 0.00 0.00 0.00 0.00 0.00 0.00 0.00 0.00 0.00 0.00 0.00 0.00 0.00 0.00 0.00 0.00 0.00 0.00 0.00 0.00 0.00 0.00 0.00 0.00 0.00 0.00 0.00 0.00 0.00 0.00 0.00 0.00 0.00 0.00 0.00 2.88 2.88 2.88 2.89 0.00 0.00 0.00 0.00 0.00 0.00 5.66 5.59 5.59 5.59 5.59 5.39 5.39 5.39 5.39 4.89 4.89 5.47 3.86 4.02 5.68 3.59 7.55 5.25 0.00 0.00 0.00 0.00 0.00 0.00 0.00 0.00 0.00 0.00 0.00 0.00 0.00 0.00 0.00 0.00 0.00 0.00 5.37
0.00 0.00 0.00 0.00 0.00 0.00 0.00 0.00 0.00 0.00 0.00 0.00 0.00 0.00 0.00 0.00 0.00 0.00 0.00 0.00 0.00 0.00 0.00 0.00 0.00 0.00 0.00 0.00 0.00 0.00 0.00 0.00 0.00 0.00 0.00 0.00 2.88 2.88 2.88 2.88 4.55 0.92 0.92 2.82 5.95 5.66 5.66 5.66 5.59 5.59 5.59 5.59 5.39 4.89 5.39 5.39 5.47 5.47 5.47 3.86 3.46 3.59 2.99 7.55 7.46 0.00 0.00 0.00 0.00 0.00 0.00 0.00 0.00 0.00 0.00 0.00 0.00 0.00 0.00 0.00 5.37 15.28 5.37 5.37
0.00 0.00 0.00 0.00 0.00 0.00 0.00 0.00 0.00 0.00 0.00 0.00 0.00 0.00 0.00 0.00 0.00 0.00 0.00 0.00 0.00 0.00 0.00 0.00 0.00 0.00 0.00 0.00 0.00 0.00 0.00 0.00 0.00 0.00 6.72 2.91 2.86 2.86 2.86 2.86 2.87 1.19 0.92 0.92 2.83 5.51 5.51 10.34 5.43 5.43 5.43 5.43 5.47 5.47 5.47 5.47 5.74 5.74 5.74 5.74 3.56 2.99 4.11 3.30 38.35 0.00 0.00 0.00 0.00 0.00 0.00 0.00 0.00 0.00 0.00 0.00 0.00 0.00 0.00 5.69 5.40 5.40 5.40 5.40
0.00 0.00 0.00 0.00 0.00 0.00 0.00 0.00 0.00 0.00 0.00 0.00 0.00 0.00 0.00 0.00 0.00 0.00 0.00 0.00 0.00 0.00 0.00 0.00 0.00 0.00 0.00 0.00 0.00 0.00 0.00 0.00 17.73 2.91 2.91 2.91 2.86 2.86 2.86 2.86 2.87 0.92 0.92 0.92 2.83 4.46 5.51 5.51 5.43 5.43 5.43 5.43 5.47 5.47 5.47 5.47 3.50 3.50 3.50 3.55 2.99 3.64 3.64 5.32 14.86 0.00 0.00 0.00 0.00 0.00 0.00 0.00 0.00 0.00 0.00 0.00 0.00 0.00 0.00 5.69 5.40 5.49 5.40 5.40
0.00 0.00 0.00 0.00 0.00 0.00 0.00 0.00 0.00 0.00 0.00 0.00 0.00 0.00 0.00 0.00 0.00 0.00 0.00 0.00 0.00 0.00 0.00 0.00 0.00 0.00 0.00 0.00 0.00 0.00 0.00 0.00 0.00 4.59 2.91 2.91 2.86 2.86 4.51 2.86 2.87 0.92 0.92 1.73 2.83 2.83 2.83 5.51 5.43 15.16 5.43 5.43 5.47 3.85 5.47 5.47 3.50 2.69 3.55 2.79 4.11 4.11 4.11 3.30 0.00 0.00 0.00 0.00 0.00 0.00 0.00 0.00 0.00 0.00 0.00 0.00 0.00 0.00 5.69 4.03 5.40 5.40 5.40 5.40
0.00 0.00 0.00 0.00 0.00 0.00 0.00 0.00 0.00 0.00 0.00 0.00 0.00 0.00 0.00 0.00 0.00 0.00 0.00 0.00 0.00 0.00 0.00 0.00 0.00 0.00 0.00 0.00 0.00 0.00 0.00 0.00 0.00 2.91 2.91 2.91 2.86 2.86 2.86 2.86 2.87 4.51 0.92 0.92 2.83 2.83 2.83 2.83 5.43 10.49 5.43 4.89 5.47 5.47 5.47 5.47 5.74 2.79 3.55 2.99 2.99 4.11 4.11 5.32 0.00 0.00 0.00 0.00 0.00 0.00 0.00 0.00 0.00 0.00 0.00 0.00 0.00 5.76 5.69 5.69 5.40 5.40 10.10 5.40
0.00 0.00 0.00 0.00 0.00 0.00 0.00 0.00 0.00 0.00 0.00 0.00 0.00 0.00 0.00 0.00 0.00 0.00 0.00 0.00 0.00 0.00 0.00 0.00 0.00 0.00 0.00 0.00 0.00 0.00 0.00 0.00 0.00 0.00 2.98 2.98 2.90 2.90 2.90 2.90 2.84 2.84 0.90 0.90 0.88 2.78 1.93 1.93 3.03 5.80 4.89 5.54 4.05 5.72 5.72 5.72 5.86 5.86 2.83 2.83 2.79 2.99 4.11 5.32 0.00 0.00 0.00 0.00 0.00 0.00 0.00 0.00 0.00 0.00 0.00 0.00 5.85 5.72 5.72 5.72 10.10 5.41 5.41 5.41
0.00 0.00 0.00 0.00 0.00 0.00 0.00 0.00 0.00 0.00 0.00 0.00 0.00 0.00 0.00 0.00 0.00 0.00 0.00 0.00 0.00 0.00 0.00 0.00 0.00 0.00 0.00 0.00 0.00 0.00 0.00 0.00 0.00 0.00 0.00 2.98 2.90 2.90 2.90 2.90 2.84 2.84 2.84 4.47 0.88 2.78 1.93 1.93 1.99 1.39 3.91 5.54 5.72 5.72 5.72 5.72 5.86 3.58 2.79 2.99 2.79 2.79 5.79 5.32 5.25 0.00 0.00 0.00 0.00 0.00 0.00 0.00 0.00 0.00 0.00 5.80 10.74 5.72 5.72 5.72 5.41 5.41 10.10 5.41
0.00 0.00 0.00 0.00 0.00 0.00 0.00 0.00 0.00 0.00 0.00 0.00 0.00 0.00 0.00 0.00 0.00 0.00 0.00 0.00 0.00 0.00 0.00 4.53 0.00 0.00 0.00 0.00 0.00 0.00 0.00 0.00 0.00 0.00 0.00 4.66 2.90 2.90 4.57 2.90 2.84 2.84 2.84 2.84 2.78 2.78 2.53 1.35 2.85 1.39 2.85 5.54 5.72 3.48 3.48 3.48 3.58 3.58 3.61 3.30 3.30 3.64 4.11 3.30 7.46 3.25 5.25 20.11 0.00 0.00 0.00 0.00 14.86 8.83 5.90 5.80 5.72 5.72 5.72 5.72 5.41 5.41 5.41 5.41
0.00 0.00 0.00 0.00 0.00 0.00 0.00 0.00 0.00 0.00 0.00 0.00 0.00 0.00 0.00 0.00 0.00 0.00 0.00 0.00 0.00 0.00 0.00 2.84 2.84 2.84 0.00 0.00 0.00 0.00 0.00 0.00 0.00 0.00 0.00 0.00 2.90 2.90 2.90 2.90 2.84 2.84 2.84 5.55 2.78 2.78 2.78 2.78 1.29 2.85 2.85 2.85 3.48 3.48 3.48 5.10 6.30 5.86 3.61 5.32 4.11 4.11 4.11 5.43 7.46 5.25 5.25 8.12 3.52 3.52 7.00 4.05 7.25 4.05 5.90 5.80 5.72 5.72 5.72 5.72 5.41 5.41 5.41 5.41
0.00 0.00 0.00 0.00 0.00 0.00 0.00 0.00 0.00 0.00 0.00 0.00 0.00 0.00 0.00 0.00 0.00 0.00 0.00 0.00 0.00 0.00 0.00 2.85 2.84 2.84 2.84 0.00 0.00 0.00 0.00 0.00 0.00 0.00 0.00 0.00 2.93 2.93 2.93 2.93 2.82 2.82 2.82 4.44 4.42 2.81 2.81 2.81 2.94 2.94 2.94 2.94 2.99 6.44 5.74 5.74 5.85 5.85 5.85 2.79 4.11 4.11 2.81 2.81 4.05 2.94 3.25 5.87 3.61 8.83 3.69 6.92 4.05 25.38 14.71 5.86 5.89 4.10 4.18 5.79 5.48 5.48 5.48 5.48
0.00 0.00 0.00 0.00 0.00 0.00 0.00 0.00 0.00 0.00 0.00 0.00 0.00 0.00 0.00 0.00 0.00 0.00 0.00 0.00 0.00 0.00 0.00 2.85 2.84 2.84 2.84 4.48 0.00 0.00 0.00 0.00 0.00 0.00 0.00 0.00 0.00 2.93 2.93 2.93 2.82 2.82 2.82 2.82 2.81 2.81 2.81 4.42 2.94 6.55 2.94 6.55 2.99 2.99 5.74 5.74 5.85 5.85 5.96 3.65 2.89 5.71 9.54 4.26 8.64 3.25 2.94 9.14 4.12 7.46 3.58 3.58 4.05 6.92 5.91 3.59 4.10 4.18 2.78 3.53 3.86 5.48 5.48 5.48
0.00 0.00 0.00 0.00 0.00 0.00 0.00 0.00 0.00 0.00 0.00 0.00 0.00 0.00 0.00 0.00 0.00 0.00 0.00 0.00 0.00 0.00 6.82 2.85 2.84 2.84 2.84 2.84 2.88 0.00 0.00 0.00 0.00 0.00 0.00 0.00 0.00 2.93 2.93 2.93 2.82 2.82 2.82 2.82 4.43 2.81 2.81 2.81 2.94 2.94 4.65 2.94 2.99 2.99 2.99 5.74 5.85 5.85 2.83 2.83 6.46 5.90 9.04 4.19 5.84 2.94 9.26 3.61 5.81 3.55 3.55 5.81 5.83 4.05 3.58 2.94 5.52 2.72 2.72 3.53 3.86 5.48 5.48 10.05
0.00 0.00 0.00 0.00 0.00 0.00 0.00 0.00 0.00 0.00 0.00 0.00 0.00 0.00 0.00 0.00 0.00 0.00 0.00 0.00 0.00 0.00 12.97 2.85 2.84 2.84 2.84 2.84 4.51 2.88 0.00 0.00 0.00 0.00 0.00 0.00 2.93 2.93 2.93 2.93 4.44 2.82 2.82 2.82 4.45 2.81 2.81 2.81 2.94 2.94 2.94 2.94 2.99 2.99 2.99 2.99 5.85 3.58 2.76 3.65 12.90 4.19 4.19 5.90 5.84 2.76 10.37 5.84 5.85 2.76 3.55 5.81 4.13 4.20 7.35 2.94 2.72 2.72 2.72 2.72 5.48 5.48 5.48 5.48
0.00 0.00 0.00 0.00 0.00 0.00 0.00 0.00 0.00 0.00 0.00 0.00 0.00 0.00 0.00 0.00 6.80 14.59 21.40 6.80 6.78 6.78 6.78 6.78 2.82 2.82 2.82 2.82 2.86 2.86 2.86 0.00 0.00 0.00 0.00 0.00 2.91 2.91 2.91 2.91 2.85 2.85 2.85 2.85 2.85 2.85 2.85 2.85 2.93 2.93 2.93 2.93 2.97 2.97 2.97 2.97 3.07 0.54 3.57 3.65 6.06 5.84 5.89 5.84 5.82 2.71 3.52 5.77 5.83 3.56 3.67 6.42 4.16 4.16 4.18 3.63 3.63 2.84 2.84 3.58 4.11 3.94 3.94 5.58
0.00 0.00 0.00 0.00 0.00 0.00 0.00 14.24 6.52 6.52 0.00 0.00 14.24 6.53 6.53 13.54 6.80 6.80 6.80 13.84 6.78 6.78 6.78 6.78 2.82 6.16 2.82 2.82 2.86 2.86 2.86 2.86 2.98 2.98 2.98 2.98 2.91 2.91 2.91 2.91 2.85 2.85 2.85 2.85 2.85 2.85 2.85 4.50 6.32 2.93 2.93 2.93 2.97 2.97 2.97 2.97 3.07 0.54 1.00 8.46 5.84 5.84 5.89 5.96 4.17 2.78 4.09 5.77 5.83 6.97 2.84 4.77 3.58 5.89 2.78 3.58 2.80 2.77 2.77 2.77 2.67 4.03 3.94 10.24
0.00 0.00 0.00 0.00 0.00 0.00 0.00 7.36 7.33 7.33 7.33 7.33 7.35 7.35 7.35 14.05 7.76 7.76 7.76 7.76 14.83 14.80 7.73 7.73 3.39 5.42 3.39 3.39 5.49 3.44 3.44 3.44 3.60 3.60 3.60 5.80 3.52 3.52 3.52 3.52 3.45 3.45 5.53 3.45 3.45 3.45 5.53 3.45 5.45 3.40 3.40 3.40 3.45 3.45 3.45 3.45 5.66 2.34 1.25 3.56 6.52 6.52 6.65 6.65 9.84 3.85 12.33 4.45 6.30 7.29 3.12 3.23 4.94 3.12 3.05 3.92 3.09 3.97 3.09 3.09 2.99 2.92 11.85 6.12
0.00 0.00 0.00 0.00 0.00 0.00 0.00 0.00 7.33 7.33 7.33 7.33 13.96 13.96 7.35 7.35 14.85 7.76 7.76 7.76 7.73 14.78 7.73 7.73 8.80 3.39 3.39 3.39 3.44 3.44 3.44 3.44 3.60 3.60 3.60 3.60 3.52 3.52 3.52 5.61 5.53 3.45 3.45 3.45 3.45 3.45 5.54 3.45 3.40 3.40 3.40 3.40 3.45 3.45 3.45 3.45 3.56 1.21 0.70 3.56 1.69 6.52 6.52 4.68 6.24 6.24 23.31 6.24 6.30 4.54 3.08 3.23 3.94 3.09 3.05 3.92 3.09 3.23 3.02 7.07 2.99 2.92 6.12 6.12
0.00 0.00 0.00 0.00 0.00 0.00 0.00 0.00 13.96 7.31 7.31 7.31 7.25 7.25 7.25 13.86 7.69 14.72 7.69 7.69 7.70 14.74 7.70 7.70 7.67 3.36 5.38 3.36 3.38 3.38 3.38 3.38 5.56 5.64 3.51 3.51 3.49 3.49 3.49 9.51 3.47 3.47 3.47 3.47 3.46 3.46 3.46 3.46 3.37 3.37 3.37 3.37 3.44 3.44 3.44 3.44 3.53 3.53 3.53 3.53 3.50 3.50 6.45 6.45 4.43 12.01 12.01 6.20 6.30 6.30 3.05 6.48 3.97 5.27 3.05 6.35 3.09 7.77 3.09 3.12 5.17 3.05 2.91 3.75
0.00 0.00 0.00 0.00 0.00 0.00 0.00 0.00 7.31 7.31 7.31 7.31 7.25 7.25 7.25 7.25 7.69 7.69 14.72 7.69 7.70 14.74 7.70 7.70 7.67 3.36 3.36 3.36 3.38 3.38 3.38 3.38 3.51 3.51 3.51 3.51 3.49 3.49 3.49 3.49 5.58 3.47 5.58 3.47 3.46 3.46 3.46 3.46 3.37 3.37 3.37 3.37 3.44 5.53 3.44 3.44 3.53 3.53 5.67 3.53 3.50 3.50 3.50 6.45 6.20 6.20 6.20 6.20 6.30 6.30 3.12 3.02 3.93 3.09 3.13 6.35 3.04 3.09 3.12 3.09 2.91 2.91 3.05 3.75
0.00 0.00 0.00 0.00 0.00 0.00 0.00 22.95 13.96 20.30 13.96 7.31 7.25 7.25 7.25 7.25 7.69 7.69 7.69 7.69 7.70 7.70 14.74 7.70 7.67 7.67 3.36 5.38 3.38 3.38 3.38 5.41 7.08 3.51 3.51 3.51 5.60 3.49 3.49 3.49 3.47 3.47 3.47 3.47 3.46 3.46 3.46 3.46 3.37 3.37 3.37 3.37 3.44 3.44 3.44 3.44 3.53 3.53 9.64 3.53 3.50 3.50 3.50 3.50 6.20 6.20 6.20 6.20 6.30 6.30 6.14 3.02 3.05 3.93 6.40 6.28 6.33 3.04 3.09 3.04 3.75 6.10 4.35 6.10
0.00 0.00 0.00 0.00 0.00 0.00 15.49 7.46 7.31 7.31 13.93 13.92 7.25 7.25 7.25 7.25 7.69 7.69 7.69 28.60 7.70 7.70 7.70 7.70 7.67 7.67 3.36 3.36 3.38 3.38 3.38 3.38 5.55 8.23 3.51 3.51 3.49 3.49 3.49 7.91 3.47 3.47 3.47 3.47 3.46 3.46 3.46 3.46 5.39 3.37 3.37 3.37 3.44 3.44 3.44 3.44 3.53 5.64 5.64 3.53 3.50 3.50 3.50 3.50 3.32 6.20 6.20 6.20 6.30 4.50 4.50 3.89 3.05 3.95 3.07 5.31 4.53 6.33 3.09 3.12 3.75 6.10 6.10 6.10
0.00 0.00 0.00 0.00 0.00 15.49 7.46 7.46 7.27 7.27 7.27 7.27 13.77 7.21 7.21 7.21 7.62 7.62 7.62 14.59 7.66 7.66 7.66 7.66 7.66 7.66 3.35 3.35 3.36 3.36 3.36 3.36 5.51 3.48 7.06 5.58 3.46 3.46 3.46 3.46 3.47 3.47 3.47 3.47 3.43 3.43 5.51 5.46 5.38 3.36 3.36 3.36 3.44 3.44 3.44 3.44 3.48 3.48 3.48 3.48 3.45 3.45 3.45 3.45 3.28 3.28 6.95 6.15 6.23 6.23 12.05 6.23 6.27 4.48 3.07 3.07 3.06 6.24 12.07 6.24 3.66 5.97 5.97 5.97
0.00 0.00 0.00 0.00 0.00 9.16 7.46 7.46 7.27 7.27 7.27 7.27 7.21 7.21 7.21 7.21 14.21 7.62 7.62 14.59 14.65 7.66 7.66 21.35 14.65 7.66 7.66 3.35 3.36 3.36 3.36 3.36 3.48 3.48 3.48 3.48 3.46 3.46 3.46 3.46 3.47 3.47 3.47 3.47 3.43 3.43 3.43 3.43 3.36 3.36 3.36 3.36 3.44 3.44 3.44 3.44 5.56 3.48 5.58 3.48 3.45 3.45 1.71 3.45 3.28 3.28 3.28 6.15 6.23 6.23 6.23 12.05 6.27 6.27 4.64 7.30 8.59 6.24 6.24 4.46 5.97 11.55 5.97 5.97
0.00 0.00 0.00 0.00 0.00 9.16 14.26 7.46 7.27 13.90 7.27 7.27 7.21 7.21 7.21 7.21 7.62 7.62 7.62 7.62 7.66 14.65 7.66 7.66 7.66 7.66 7.66 3.35 12.82 3.36 3.36 7.61 5.59 3.48 3.48 3.48 3.46 3.46 3.46 3.46 3.47 3.47 3.47 3.47 3.43 5.51 3.43 3.43 3.36 3.36 3.36 3.36 5.47 3.44 3.44 3.44 3.48 3.48 3.48 3.48 3.45 3.45 4.55 9.28 3.28 3.28 5.24 3.28 6.23 6.23 6.23 6.23 6.27 6.27 6.27 3.88 3.85 6.24 6.24 6.24 5.97 5.97 5.97 5.97
0.00 0.00 0.00 0.00 0.00 7.46 14.26 7.46 7.27 7.27 7.27 7.27 7.21 13.75 7.21 7.21 7.62 7.62 7.62 7.62 7.66 7.66 7.66 7.66 7.66 7.66 7.66 7.66 5.37 3.36 3.36 3.36 3.48 5.57 3.48 3.48 3.46 3.46 3.46 3.46 3.47 3.47 5.56 3.47 3.43 3.43 3.43 3.43 3.36 3.36 3.36 3.36 5.46 3.44 3.44 3.44 3.48 5.58 3.48 3.48 5.50 3.45 3.45 5.50 3.28 3.28 3.28 3.28 3.34 6.23 6.23 6.23 12.01 6.27 17.61 6.27 3.85 6.24 6.24 6.24 5.97 5.97 5.97 5.97
0.00 0.00 0.00 0.00 0.00 5.38 7.43 7.43 7.23 7.23 7.23 7.23 7.18 7.18 13.72 7.18 7.58 7.58 7.58 7.58 7.65 7.65 14.64 7.65 7.67 14.69 7.67 7.67 3.35 13.35 3.35 3.35 3.46 3.46 5.55 3.46 3.44 3.44 3.44 3.44 3.45 3.45 5.53 3.45 3.40 3.40 5.45 3.40 3.33 3.33 3.33 3.33 3.40 3.40 3.40 3.40 3.39 3.39 3.39 3.39 3.39 3.39 3.39 3.39 3.22 3.22 5.14 5.15 3.25 3.25 4.34 6.09 6.12 6.12 6.12 6.12 6.08 6.08 6.08 7.82 5.85 5.85 5.85 5.85
0.00 0.00 0.00 9.16 15.49 11.56 14.20 7.43 7.23 5.22 7.23 7.23 7.18 7.18 7.18 7.18 7.58 7.58 7.58 7.58 7.65 7.65 7.65 7.65 7.67 14.69 7.67 7.67 3.35 8.57 5.36 3.35 3.46 3.46 9.45 3.46 5.52 3.44 3.44 3.44 5.53 3.45 5.53 3.45 3.40 3.40 3.40 3.40 3.33 3.33 3.33 7.54 3.40 5.44 3.40 5.44 3.39 3.39 3.39 3.39 3.39 3.39 3.39 3.39 3.22 3.22 5.14 3.22 3.25 3.25 1.51 6.09 6.12 6.12 7.99 7.07 7.03 7.03 7.03 7.03 6.78 6.78 13.04 6.78
0.00 0.00 0.00 0.00 9.16 5.38 7.43 7.43 7.23 7.23 7.23 7.23 7.18 7.18 7.18 7.18 35.26 7.58 7.58 7.58 7.65 7.65 21.85 7.65 7.67 7.67 14.69 7.67 7.65 3.35 3.35 3.35 3.46 5.55 3.46 5.55 5.52 3.44 3.44 3.44 5.53 3.45 3.45 3.45 3.40 3.40 3.40 5.40 3.33 3.33 3.33 3.33 3.40 3.40 3.40 3.40 3.39 3.39 3.39 3.39 3.39 3.39 3.39 3.39 5.24 3.22 3.22 5.14 3.25 3.25 3.25 3.25 7.07 7.07 7.07 7.07 7.03 7.03 7.03 7.03 6.78 13.04 6.78 6.78
