New_Model_Runs/12_Future_RCP4.5_Scn2_out/post_prcessed_with_MFR/Monthly_summaries/runoff_monthly_JUL.asc
NCOLS 700
NROWS 400
XLLCENTER 515000.000000
YLLCENTER 8409000.000000
CELLSIZE 50.000000
NODATA_value -999.000000
[rows 148 to 184 of 400, columns 336 to 419 of 700]
2.64 2.69 2.69 2.69 2.58 2.58 2.58 4.52 4.49 4.49 4.49 4.49 4.46 4.46 4.46 4.60 3.97 6.88 3.97 3.97 3.96 3.96 3.96 3.96 4.07 4.07 4.07 1.84 1.27 3.38 3.38 4.54 1.36 12.70 0.00 0.00 0.00 2.97 2.97 2.97 2.97 2.97 1.87 1.87 0.61 0.98 1.18 2.45 1.10 0.91 0.71 0.71 0.45 0.00 0.00 0.00 0.00 0.00 0.00 0.00 0.00 0.00 0.00 0.00 0.00 0.00 0.00 0.00 0.00 0.00 0.00 0.00 0.00 0.00 0.00 0.00 0.00 0.00 0.00 0.00 0.00 0.00 0.00 0.00
2.66 2.64 2.64 2.64 2.58 2.58 2.58 2.58 4.49 4.49 4.49 7.85 4.46 4.46 4.46 4.46 3.97 3.97 3.97 3.97 3.96 3.96 3.96 3.96 4.07 2.34 4.07 4.19 1.21 3.38 1.58 3.38 2.97 2.97 2.97 2.97 2.97 2.97 2.97 1.15 1.15 1.94 1.94 1.16 1.16 2.31 1.21 1.21 0.91 1.75 0.71 0.00 0.00 0.00 0.00 0.00 0.00 0.00 0.00 0.00 0.00 0.00 0.00 0.00 0.00 0.00 0.00 0.00 0.00 0.00 0.00 0.00 0.00 0.00 0.00 0.00 0.00 0.00 0.00 0.00 0.00 0.00 0.00 0.00
1.02 2.69 2.64 2.64 2.58 2.58 2.58 2.58 4.49 4.49 4.49 4.49 4.46 4.46 4.46 4.46 3.97 9.99 3.97 3.97 3.96 3.96 3.96 3.96 2.34 2.34 4.07 4.19 1.58 3.38 3.38 3.38 2.97 2.97 2.97 2.97 2.97 2.97 2.90 1.36 3.66 3.59 3.59 1.21 1.16 1.16 0.92 1.87 1.75 0.71 0.71 0.00 0.00 0.00 0.00 0.00 0.00 0.00 0.00 0.00 0.00 0.00 0.00 0.00 0.00 0.00 0.00 0.00 0.00 0.00 0.00 0.00 0.00 0.00 0.00 0.00 0.00 0.00 0.00 0.00 0.00 0.00 0.00 0.00
0.59 1.14 2.64 2.64 2.58 2.62 2.66 2.58 2.56 4.49 4.49 4.49 4.46 4.46 4.46 4.46 3.97 3.97 3.97 3.97 2.27 3.96 3.96 3.96 4.07 2.34 2.41 3.38 1.58 1.58 3.38 3.38 2.97 2.97 0.92 0.92 2.97 1.15 1.03 3.64 3.53 3.64 2.40 2.40 2.54 5.09 3.95 3.54 1.75 0.00 0.00 0.00 0.00 0.00 0.00 0.00 0.00 0.00 0.00 0.00 0.00 0.00 0.00 0.00 0.00 0.00 0.00 0.00 0.00 0.00 0.00 0.00 0.00 0.00 0.00 0.00 0.00 0.00 0.00 0.00 0.00 0.00 0.00 0.00
1.76 0.79 4.08 2.64 2.62 2.64 2.68 2.68 2.66 2.58 4.52 4.52 7.65 7.65 4.39 4.39 3.93 3.93 6.81 3.93 4.04 4.04 4.04 4.04 4.15 4.15 1.58 1.58 1.58 3.38 3.38 1.58 2.97 2.97 2.97 1.36 1.36 2.44 3.60 3.65 3.62 2.39 2.35 2.17 2.17 5.09 3.54 3.54 3.35 0.00 0.00 0.00 0.00 0.00 0.00 0.00 0.00 0.00 0.00 0.00 0.00 0.00 0.00 0.00 0.00 0.00 0.00 0.00 0.00 0.00 0.00 0.00 0.00 0.00 0.00 0.00 0.00 0.00 0.00 0.00 0.00 0.00 0.00 0.00
0.59 0.92 1.46 2.69 2.68 3.47 4.14 4.01 4.06 2.58 2.58 4.52 4.39 4.39 4.39 4.39 3.93 3.93 3.93 3.93 4.04 4.04 4.04 4.04 4.15 1.88 1.88 1.88 1.58 2.52 1.58 1.58 1.36 2.03 1.36 1.36 4.02 4.16 3.78 3.65 3.62 3.68 2.54 1.92 1.92 3.54 3.54 3.54 3.35 0.00 0.00 0.00 0.00 0.00 0.00 0.00 0.00 0.00 0.00 0.00 0.00 0.00 0.00 0.00 0.00 0.00 0.00 0.00 0.00 0.00 0.00 0.00 0.00 0.00 0.00 0.00 0.00 0.00 0.00 0.00 0.00 0.00 0.00 0.00
2.75 0.37 0.37 1.02 4.08 7.01 2.62 2.62 2.58 2.58 2.58 4.52 4.39 4.39 4.39 7.31 3.93 3.93 3.93 3.93 4.04 4.04 4.04 4.04 1.88 1.88 1.88 3.93 1.89 1.58 1.58 1.58 1.36 1.36 1.92 1.92 1.92 1.53 3.78 3.71 3.62 1.98 1.68 1.92 1.92 1.92 1.39 1.39 3.35 1.29 0.00 0.00 0.00 0.00 0.00 0.00 0.00 0.00 0.00 0.00 0.00 0.00 0.00 0.00 0.00 0.00 0.00 0.00 0.00 0.00 0.00 0.00 0.00 0.00 0.00 0.00 0.00 0.00 0.00 0.00 0.00 0.00 0.00 0.00
2.64 0.75 0.45 0.75 2.68 2.68 4.10 2.62 2.58 2.58 2.58 2.58 5.05 4.39 4.39 4.39 3.93 3.93 3.93 3.93 4.04 4.04 4.04 4.04 4.15 4.15 4.15 4.15 1.90 1.21 1.58 2.20 1.92 1.92 1.92 1.68 1.68 3.71 2.41 3.65 3.68 1.68 1.92 1.92 3.54 3.54 1.39 1.39 3.35 1.79 0.00 0.00 0.00 0.00 0.00 0.00 0.00 0.00 0.00 0.00 0.00 0.00 0.00 0.00 0.00 0.00 0.00 0.00 0.00 0.00 0.00 0.00 0.00 0.00 0.00 0.00 0.00 0.00 0.00 0.00 0.00 0.00 0.00 0.00
2.62 0.75 3.46 2.68 2.61 2.61 2.61 2.61 2.57 2.57 2.57 2.57 11.85 7.61 4.36 4.36 3.94 3.94 3.94 3.94 4.04 4.04 4.04 4.04 4.07 4.07 4.07 4.07 4.27 2.30 4.33 2.20 3.02 1.92 1.92 2.54 3.75 3.60 3.60 3.60 2.54 1.68 3.54 1.53 1.92 3.54 1.92 1.92 1.79 3.35 12.25 0.00 0.00 0.00 0.00 0.00 0.00 0.00 0.00 0.00 0.00 0.00 0.00 0.00 0.00 0.00 0.00 0.00 0.00 0.00 0.00 0.00 0.00 0.00 0.00 0.00 0.00 0.00 0.00 0.00 0.00 0.00 0.00 0.00
2.68 1.02 2.62 2.68 2.61 2.61 2.61 2.61 2.57 3.17 2.57 2.57 2.47 2.47 4.36 4.36 3.94 3.94 3.94 3.94 6.94 4.04 4.04 4.04 4.07 4.07 4.15 4.26 4.27 4.18 1.94 2.20 1.92 2.54 3.79 3.79 3.60 3.60 3.60 3.60 3.71 2.17 1.53 1.92 1.92 3.54 3.54 1.92 1.79 3.35 5.21 0.00 0.00 0.00 0.00 0.00 0.00 0.00 0.00 0.00 0.00 0.00 0.00 0.00 0.00 0.00 0.00 0.00 0.00 0.00 0.00 0.00 0.00 0.00 0.00 0.00 0.00 0.00 0.00 0.00 0.00 0.00 0.00 0.00
2.62 4.11 2.62 2.62 2.61 2.61 2.61 2.67 2.65 2.57 1.10 1.10 3.79 2.47 4.36 4.36 3.94 3.94 3.94 6.83 4.04 4.04 4.04 4.12 4.15 4.15 4.15 4.15 4.18 4.18 4.22 4.22 3.73 3.73 3.68 3.73 3.60 3.60 3.60 3.60 3.66 3.66 1.92 3.54 1.92 1.92 3.54 3.54 3.35 3.35 1.79 0.00 0.00 0.00 0.00 0.00 0.00 0.00 0.00 0.00 0.00 0.00 0.00 0.00 0.00 0.00 0.00 0.00 0.00 0.00 0.00 0.00 0.00 0.00 0.00 0.00 0.00 0.00 0.00 0.00 0.00 0.00 0.00 0.00
2.62 2.62 4.09 2.62 2.61 2.61 2.67 2.67 2.65 2.57 2.57 2.57 2.47 2.47 2.47 4.36 3.94 3.94 3.94 3.94 4.04 7.61 4.12 4.12 4.15 7.66 4.15 4.15 4.18 4.18 4.27 7.29 3.68 3.68 3.68 3.68 3.60 3.60 3.60 3.60 3.66 3.71 1.92 1.92 1.92 1.92 3.54 3.54 3.35 3.35 3.35 0.00 0.00 0.00 0.00 0.00 0.00 0.00 0.00 0.00 0.00 0.00 0.00 0.00 0.00 0.00 0.00 0.00 0.00 0.00 0.00 0.00 0.00 0.00 0.00 0.00 0.00 0.00 0.00 0.00 0.00 0.00 0.00 0.00
2.59 4.03 2.66 2.59 2.59 2.59 2.66 2.66 2.55 2.55 2.55 2.55 2.45 2.45 2.45 2.45 3.91 3.91 4.00 4.00 4.05 4.05 4.05 4.05 4.07 4.07 4.07 4.07 4.07 7.57 4.07 4.07 3.60 3.60 3.60 9.76 3.62 3.62 3.62 3.62 3.67 3.67 2.54 1.68 1.68 1.92 1.68 1.92 1.33 1.57 7.36 5.22 0.00 0.00 0.00 0.00 0.00 0.00 0.00 0.00 0.00 0.00 0.00 0.00 0.00 0.00 0.00 0.00 0.00 0.00 0.00 0.00 0.00 0.00 0.00 0.00 0.00 0.00 0.00 0.00 0.00 0.00 0.00 0.00
2.59 6.32 6.32 2.59 2.59 2.59 2.66 2.66 2.64 2.55 2.55 3.84 2.45 2.45 2.45 2.45 4.00 4.00 4.00 4.00 4.05 4.05 4.05 4.05 4.07 8.58 4.07 4.07 4.07 8.57 4.07 4.07 3.60 3.60 6.95 6.95 3.62 3.62 3.62 3.62 6.88 3.78 4.72 2.54 2.54 2.41 2.41 3.71 2.39 4.87 2.39 1.79 3.35 3.35 6.07 3.35 0.00 0.00 0.00 0.00 0.00 0.00 0.00 0.00 0.00 0.00 0.00 0.00 0.00 0.00 0.00 0.00 0.00 0.00 0.00 0.00 0.00 0.00 0.00 0.00 0.00 0.00 0.00 0.00
4.53 14.21 4.53 4.53 4.53 4.53 4.53 9.61 4.61 4.47 4.47 4.47 4.32 4.32 4.32 4.32 5.44 10.14 5.44 5.44 5.51 5.51 5.51 5.51 5.53 10.32 5.53 5.53 10.32 5.53 19.83 5.53 3.93 3.93 3.93 3.93 3.95 2.59 2.59 7.34 4.01 4.01 4.01 7.52 4.05 3.99 3.99 3.99 3.59 3.65 2.51 1.89 1.89 3.50 4.60 3.50 3.50 3.33 2.08 12.60 0.00 0.00 0.00 0.00 0.00 0.00 0.00 0.00 0.00 0.00 0.00 0.00 0.00 0.00 0.00 0.00 0.00 0.00 0.00 0.00 0.00 0.00 0.00 0.00
4.53 9.62 9.62 4.53 4.53 4.53 4.53 4.53 4.47 4.47 4.47 4.47 9.21 4.32 4.32 4.32 5.44 5.44 5.44 5.44 5.51 5.51 5.51 5.51 5.53 5.53 5.53 5.53 5.53 5.53 10.29 5.53 3.93 3.93 3.93 3.93 3.95 3.95 7.36 3.95 4.01 4.01 4.01 4.01 3.99 3.99 3.99 3.99 3.59 3.59 3.59 1.37 1.45 1.37 3.50 3.50 2.08 1.91 1.91 1.91 3.50 0.00 0.00 0.00 0.00 0.00 0.00 0.00 0.00 0.00 0.00 0.00 0.00 0.00 0.00 0.00 0.00 0.00 0.00 0.00 0.00 0.00 0.00 0.00
4.48 4.48 9.56 4.48 4.42 4.42 4.42 4.42 9.19 4.31 4.31 9.19 4.24 4.24 4.24 6.07 5.48 5.48 5.48 5.48 5.54 5.54 5.54 5.54 5.53 5.53 5.53 5.53 5.50 5.50 5.50 5.50 3.95 3.95 3.95 3.95 3.97 3.97 3.97 3.97 3.96 3.96 3.96 3.96 3.94 10.46 3.94 3.94 3.59 3.59 3.64 1.65 1.51 1.37 3.50 2.08 1.88 3.52 3.52 3.52 3.83 3.51 4.48 12.60 0.00 0.00 0.00 0.00 0.00 0.00 0.00 0.00 0.00 0.00 0.00 0.00 0.00 0.00 0.00 0.00 0.00 0.00 0.00 0.00
4.48 4.48 4.48 4.48 4.42 4.42 4.42 4.42 4.31 4.31 4.31 4.31 4.24 4.24 4.24 6.07 5.48 5.48 5.48 5.48 5.54 5.54 5.54 5.54 5.53 5.53 5.53 5.53 5.50 5.50 5.50 5.50 3.95 2.59 3.95 3.95 3.97 3.97 3.97 3.97 3.96 3.96 3.96 3.96 3.94 7.32 3.94 3.94 3.59 3.64 2.51 1.51 1.51 3.50 1.89 1.91 3.52 3.52 3.52 3.52 3.51 3.51 3.51 3.51 0.00 0.00 0.00 0.00 0.00 0.00 0.00 0.00 0.00 0.00 0.00 0.00 0.00 0.00 0.00 0.00 0.00 0.00 0.00 0.00
9.56 4.48 4.48 9.56 4.42 4.42 4.42 4.42 4.31 4.31 4.31 4.31 4.24 4.24 4.24 6.07 5.48 5.48 5.48 5.48 5.54 5.54 5.54 5.54 5.53 5.53 5.53 5.53 5.50 5.50 5.50 5.50 3.95 3.95 3.95 3.95 3.97 3.97 3.97 3.97 3.96 3.96 3.96 3.96 3.94 3.94 3.94 3.94 3.59 3.72 2.14 2.14 1.65 1.65 1.65 1.95 3.52 3.52 3.52 3.52 3.51 3.51 3.51 3.51 0.00 0.00 0.00 0.00 0.00 0.00 0.00 0.00 0.00 0.00 0.00 0.00 0.00 0.00 0.00 0.00 0.00 0.00 0.00 0.00
4.48 4.48 4.48 4.48 4.42 9.31 4.42 4.42 4.31 4.31 4.31 4.31 4.24 4.24 6.07 6.07 5.48 5.48 5.48 5.48 5.54 5.54 5.54 5.54 5.53 5.53 5.53 5.53 5.50 5.50 5.50 5.50 3.95 3.95 3.95 3.95 3.97 3.97 3.97 3.97 2.60 2.60 3.96 3.96 3.94 3.94 3.94 3.94 3.64 2.36 2.42 3.72 1.95 1.95 1.95 1.95 3.52 3.52 3.52 3.59 3.68 2.27 3.58 3.51 0.00 0.00 0.00 0.00 0.00 0.00 0.00 0.00 0.00 0.00 0.00 0.00 0.00 0.00 0.00 0.00 0.00 0.00 0.00 0.00
4.41 4.41 4.41 4.41 4.28 4.28 9.13 4.28 4.29 4.29 4.29 4.29 4.41 4.41 6.27 6.27 5.62 5.62 5.62 5.62 5.62 5.62 5.62 10.42 5.61 5.61 5.61 5.61 5.63 5.63 5.63 5.63 4.05 4.05 4.05 4.05 4.04 4.04 4.04 4.04 2.99 2.67 2.72 4.00 3.98 2.61 3.98 3.98 3.57 4.87 2.31 3.57 3.55 3.55 3.55 3.55 3.52 3.52 3.52 2.51 3.69 3.83 0.00 0.00 0.00 0.00 0.00 0.00 0.00 0.00 0.00 0.00 0.00 0.00 0.00 0.00 0.00 0.00 0.00 0.00 0.00 0.00 0.00 0.00
4.41 4.41 4.41 4.41 4.28 4.28 4.28 4.28 4.29 4.29 4.29 4.29 4.41 4.41 6.27 6.27 5.62 5.62 5.62 5.62 5.62 5.62 5.62 5.62 5.61 5.61 5.61 5.61 5.63 5.63 5.63 5.63 4.05 4.05 4.05 4.05 4.04 4.04 4.04 4.04 4.13 2.63 2.72 4.00 3.98 2.61 3.98 3.98 3.57 3.57 3.57 3.57 3.55 3.55 3.55 3.62 3.59 3.59 2.33 2.33 0.00 0.00 0.00 0.00 0.00 0.00 0.00 0.00 0.00 0.00 0.00 0.00 0.00 0.00 0.00 0.00 0.00 0.00 0.00 0.00 0.00 0.00 0.00 0.00
4.41 4.41 4.41 4.41 4.28 4.28 4.28 4.28 4.29 4.29 4.29 4.29 4.41 6.27 6.27 6.27 5.62 5.62 5.62 5.62 5.62 5.62 5.62 5.62 5.61 5.61 5.61 3.99 3.89 5.63 5.63 5.63 4.05 4.05 4.05 4.05 4.04 4.04 2.65 2.65 4.13 2.72 4.00 4.00 3.98 3.98 3.98 3.98 3.57 3.57 3.57 3.57 3.55 3.62 2.34 2.34 3.59 3.52 3.52 4.35 0.00 0.00 0.00 0.00 0.00 0.00 0.00 0.00 0.00 0.00 0.00 0.00 0.00 0.00 0.00 0.00 0.00 0.00 0.00 0.00 0.00 0.00 0.00 0.00
4.41 4.41 4.41 4.41 4.28 4.28 4.28 4.28 4.29 4.29 4.29 4.29 4.41 6.27 6.27 6.27 5.62 10.49 10.49 20.06 5.62 5.62 5.62 5.62 5.61 5.61 5.61 5.90 5.91 5.63 5.63 5.63 4.05 4.05 4.05 4.05 4.04 4.04 4.09 4.04 4.00 2.72 4.00 4.00 2.65 4.04 3.98 3.98 3.57 3.57 3.57 3.57 3.55 2.51 2.51 3.50 3.50 3.50 0.00 0.00 0.00 0.00 0.00 0.00 0.00 0.00 0.00 0.00 0.00 0.00 0.00 0.00 0.00 0.00 0.00 0.00 0.00 0.00 0.00 0.00 0.00 0.00 0.00 0.00
2.27 4.32 4.32 4.32 4.35 2.29 4.35 4.35 4.45 4.45 4.45 4.45 4.44 6.31 6.31 17.55 10.97 5.54 5.54 10.34 5.60 5.60 10.46 5.60 5.65 5.65 5.65 5.91 4.00 5.70 3.22 3.22 2.25 4.10 4.10 4.10 4.10 4.10 2.72 4.13 4.06 4.06 4.06 4.06 2.23 2.27 4.02 4.02 3.60 3.73 2.38 3.60 2.37 3.90 1.37 1.89 3.50 12.60 0.00 0.00 0.00 0.00 0.00 0.00 0.00 0.00 0.00 0.00 0.00 0.00 0.00 0.00 0.00 0.00 0.00 0.00 0.00 0.00 0.00 0.00 0.00 0.00 0.00 0.00
4.32 4.32 4.32 4.32 4.35 4.35 4.35 4.35 4.45 4.45 4.45 4.45 4.44 6.31 11.83 6.31 5.54 5.54 5.54 5.54 5.60 5.60 5.60 5.60 10.51 10.56 5.65 5.91 5.91 3.37 3.22 3.22 2.25 2.30 2.25 2.25 4.10 4.10 2.70 4.18 2.29 2.67 4.06 4.06 2.20 3.69 4.02 4.02 3.66 2.51 2.51 1.65 1.50 3.50 3.50 1.89 12.60 0.00 0.00 0.00 0.00 0.00 0.00 0.00 0.00 0.00 0.00 0.00 0.00 0.00 0.00 0.00 0.00 0.00 0.00 0.00 0.00 0.00 0.00 0.00 0.00 0.00 0.00 0.00
4.32 4.32 4.32 4.32 4.35 4.35 4.35 4.35 4.45 4.45 4.45 4.45 6.31 12.83 6.31 11.83 5.54 5.54 5.54 5.54 5.60 5.60 5.60 10.45 5.65 5.65 10.56 5.65 5.70 5.70 5.70 8.56 7.68 3.80 2.25 2.25 2.25 4.10 4.13 2.14 2.14 2.25 4.11 4.06 2.48 2.48 2.20 4.02 3.66 2.51 1.65 1.65 0.00 0.00 0.00 0.00 0.00 0.00 0.00 0.00 0.00 0.00 0.00 0.00 0.00 0.00 0.00 0.00 0.00 0.00 0.00 0.00 0.00 0.00 0.00 0.00 0.00 0.00 0.00 0.00 0.00 0.00 0.00 0.00
4.32 4.32 4.32 4.32 4.35 4.35 4.35 4.35 4.45 4.45 4.45 4.45 6.31 11.69 6.31 6.31 14.64 5.54 5.54 5.54 5.60 5.60 10.41 5.60 5.65 5.65 5.65 5.65 5.70 10.62 10.62 5.75 2.14 2.49 3.77 2.25 2.49 2.49 2.14 2.14 1.57 2.14 2.48 2.23 2.48 2.14 2.48 2.20 3.60 1.93 1.89 0.00 0.00 0.00 0.00 0.00 0.00 0.00 0.00 0.00 0.00 0.00 0.00 0.00 0.00 0.00 0.00 0.00 0.00 0.00 0.00 0.00 0.00 0.00 0.00 0.00 0.00 0.00 0.00 0.00 0.00 0.00 0.00 0.00
4.41 4.41 4.65 4.65 4.46 4.46 4.46 4.46 4.42 4.42 4.42 4.42 6.15 6.15 6.15 6.15 10.17 5.46 5.46 5.46 5.55 5.55 5.55 5.55 5.61 5.61 5.61 5.61 5.68 5.68 5.68 5.68 2.49 2.14 2.14 3.63 3.61 2.14 3.40 2.14 3.88 3.88 3.88 2.48 3.88 2.14 2.14 2.48 3.50 1.89 0.00 0.00 0.00 0.00 0.00 0.00 0.00 0.00 0.00 0.00 0.00 0.00 0.00 0.00 0.00 0.00 0.00 0.00 0.00 0.00 0.00 0.00 0.00 0.00 0.00 0.00 0.00 0.00 0.00 0.00 0.00 0.00 0.00 0.00
4.41 4.41 4.41 4.65 4.65 4.46 4.46 4.46 4.42 4.42 6.87 11.98 11.83 11.83 6.15 6.15 5.46 5.46 5.46 5.46 5.55 5.55 10.89 5.55 5.61 5.61 5.61 5.61 5.68 5.68 5.68 5.68 4.12 2.26 2.49 1.57 4.88 5.27 2.14 2.14 3.88 3.88 3.88 3.88 3.88 2.14 3.88 3.88 1.89 0.00 0.00 0.00 0.00 0.00 0.00 0.00 0.00 0.00 0.00 0.00 0.00 0.00 0.00 0.00 0.00 0.00 0.00 0.00 0.00 0.00 0.00 0.00 0.00 0.00 0.00 0.00 0.00 0.00 0.00 0.00 0.00 0.00 0.00 0.00
6.32 6.32 6.32 6.32 6.38 6.38 4.97 4.97 4.10 6.33 6.33 6.66 6.51 6.51 6.51 6.51 6.06 6.06 6.06 6.06 6.17 6.17 6.17 6.17 6.23 6.23 6.23 6.23 6.30 6.30 6.30 6.30 4.72 4.72 8.74 4.72 4.79 4.69 4.69 2.62 2.67 4.14 7.25 4.14 2.30 2.30 1.70 4.14 0.00 0.00 0.00 0.00 0.00 0.00 0.00 0.00 0.00 0.00 0.00 0.00 0.00 0.00 0.00 0.00 0.00 0.00 0.00 0.00 0.00 0.00 0.00 0.00 0.00 0.00 0.00 0.00 0.00 0.00 0.00 0.00 0.00 0.00 0.00 0.00
6.32 6.32 6.32 4.97 4.97 4.97 4.97 4.97 4.97 4.97 6.33 6.66 6.51 6.51 6.51 6.51 6.06 6.06 6.06 6.06 6.17 6.17 6.17 6.17 6.23 6.23 6.23 6.23 6.30 6.30 6.30 6.30 4.72 4.72 4.72 4.72 4.69 4.69 4.69 4.69 4.32 2.39 2.67 2.30 2.30 2.30 2.30 6.28 0.00 0.00 0.00 0.00 0.00 0.00 0.00 0.00 0.00 0.00 0.00 0.00 0.00 0.00 0.00 0.00 0.00 0.00 0.00 0.00 0.00 0.00 0.00 0.00 0.00 0.00 0.00 0.00 0.00 0.00 0.00 0.00 0.00 0.00 0.00 0.00
6.31 4.97 4.97 4.97 4.97 8.62 4.97 4.97 4.97 4.97 6.27 11.77 6.27 6.44 6.44 6.44 6.14 6.14 6.14 6.14 6.17 6.17 6.17 6.17 6.20 6.20 11.62 11.62 6.26 6.26 6.26 6.26 4.32 8.43 4.32 4.32 4.28 4.28 4.28 4.28 4.26 8.30 4.26 4.31 2.30 2.30 2.30 2.30 0.00 0.00 0.00 0.00 0.00 0.00 0.00 0.00 0.00 0.00 0.00 0.00 0.00 0.00 0.00 0.00 0.00 0.00 0.00 0.00 0.00 0.00 0.00 0.00 0.00 0.00 0.00 0.00 0.00 0.00 0.00 0.00 0.00 0.00 0.00 0.00
4.97 4.97 4.97 4.97 4.97 4.97 4.97 8.62 4.97 4.97 6.27 6.27 11.60 6.44 6.44 6.44 6.14 6.14 6.14 6.14 6.17 6.17 6.17 6.17 6.20 6.20 11.62 6.20 6.26 6.26 6.26 16.85 4.76 4.32 4.32 4.32 4.28 4.28 4.28 4.28 4.26 4.26 8.30 4.26 8.37 4.32 4.32 8.37 2.00 3.59 1.42 0.00 0.00 0.00 0.00 0.00 0.00 0.00 0.00 0.00 0.00 0.00 0.00 0.00 0.00 0.00 0.00 0.00 0.00 0.00 0.00 0.00 0.00 0.00 0.00 0.00 0.00 0.00 0.00 0.00 0.00 0.00 0.00 0.00
4.97 4.97 4.97 4.97 4.97 4.97 4.97 4.97 4.97 4.97 6.27 6.39 6.44 6.44 6.44 6.44 6.14 6.14 6.14 6.14 6.17 6.17 6.17 6.17 6.20 6.20 6.20 6.20 6.26 6.26 11.74 6.26 4.76 4.32 8.43 4.32 4.28 4.28 3.12 4.28 4.26 4.26 4.26 4.26 4.26 4.26 4.26 4.26 2.46 3.59 3.59 1.42 1.42 0.00 0.00 0.00 0.00 0.00 0.00 0.00 0.00 0.00 0.00 0.00 0.00 0.00 0.00 0.00 0.00 0.00 0.00 0.00 0.00 0.00 0.00 0.00 0.00 0.00 0.00 0.00 0.00 0.00 0.00 0.00
4.97 4.97 4.97 4.97 4.97 4.97 4.97 8.62 4.97 4.97 6.27 6.39 6.44 6.44 6.44 6.44 6.14 6.14 6.14 6.14 6.17 6.17 6.17 6.17 6.20 6.20 6.20 6.20 6.26 6.26 6.26 6.26 4.32 4.32 4.32 4.32 4.28 4.28 8.29 4.28 4.26 4.26 4.26 4.26 4.26 4.26 8.25 4.26 3.72 3.77 3.59 3.59 1.42 1.42 0.00 0.00 0.00 0.00 0.00 0.00 0.00 0.00 0.00 0.00 0.00 0.00 0.00 0.00 0.00 0.00 0.00 0.00 0.00 0.00 0.00 0.00 0.00 0.00 0.00 0.00 0.00 0.00 0.00 0.00
4.97 4.97 4.97 8.62 4.97 4.97 4.97 4.97 4.97 6.27 6.42 12.04 6.56 6.56 6.56 6.56 6.18 6.18 6.18 6.18 6.18 17.20 11.57 11.57 11.62 3.57 6.21 6.21 6.20 6.20 11.62 11.62 8.28 4.24 4.24 4.24 7.85 4.21 4.21 4.21 4.19 7.80 4.19 4.19 4.19 4.19 4.19 4.19 3.67 3.73 6.92 1.95 1.95 2.26 4.23 4.23 0.00 0.00 0.00 0.00 0.00 0.00 0.00 0.00 0.00 0.00 0.00 0.00 0.00 0.00 0.00 0.00 0.00 0.00 0.00 0.00 0.00 0.00 0.00 0.00 0.00 0.00 0.00 0.00
