New_Model_Runs/12_Future_RCP4.5_Scn2_out/post_prcessed_with_MFR/Monthly_summaries/runoff_monthly_APR.asc
NCOLS 700
NROWS 400
XLLCENTER 515000.000000
YLLCENTER 8409000.000000
CELLSIZE 50.000000
NODATA_value -999.000000
[rows 152 to 189 of 400, columns 252 to 335 of 700]
0.00 0.00 0.00 0.00 0.00 0.00 0.00 0.00 0.00 0.00 0.00 0.00 0.00 0.00 0.00 0.00 0.00 0.00 0.00 0.00 0.00 0.00 0.00 0.00 0.00 0.00 0.00 0.00 0.00 0.00 0.00 0.00 0.00 0.00 0.00 0.00 0.00 0.00 0.00 0.00 0.00 0.00 0.00 0.00 0.00 0.00 0.00 0.50 0.49 0.72 0.49 0.49 0.53 0.53 0.53 0.53 0.77 0.52 0.52 0.52 0.52 0.52 0.52 0.52 0.54 0.54 0.54 0.54 0.61 0.61 0.61 0.61 0.63 0.63 0.64 0.24 0.17 0.17 0.17 0.14 0.21 0.14 0.14 0.19
0.00 0.00 0.00 0.00 0.00 0.00 0.00 0.00 0.00 0.00 0.00 0.00 0.00 0.00 0.00 0.00 0.00 0.00 0.00 0.00 0.00 0.00 0.00 0.00 0.00 0.00 0.00 0.00 0.00 0.00 0.00 0.00 0.00 0.00 0.00 0.00 0.00 0.00 0.00 0.00 0.00 0.00 0.00 0.00 0.00 0.00 0.50 0.50 0.49 0.49 0.49 0.49 0.53 0.53 0.53 0.53 0.52 0.52 0.52 0.52 0.52 0.52 0.52 0.52 0.54 0.54 0.54 0.54 0.61 0.61 0.16 0.61 0.64 0.64 0.14 0.14 0.17 0.17 0.17 0.14 0.14 0.11 0.24 0.24
0.00 0.00 0.00 0.00 0.00 0.00 0.00 0.00 0.00 0.00 0.00 0.00 0.00 0.00 0.00 0.00 0.00 0.00 0.00 0.00 0.00 0.00 0.00 0.00 0.00 0.00 0.00 0.00 0.00 0.00 0.00 0.00 0.00 0.00 0.00 0.00 0.00 0.00 0.00 0.00 0.00 0.00 0.00 0.00 0.00 0.74 0.50 0.50 0.49 0.49 0.49 0.49 0.53 0.53 0.53 0.53 0.52 0.52 0.52 0.52 0.52 0.52 0.52 0.52 0.54 0.54 0.54 0.54 0.61 0.16 0.08 0.16 0.17 0.14 0.14 0.14 0.14 0.14 0.18 0.11 0.64 0.97 0.24 0.25
0.00 0.00 0.00 0.00 0.00 0.00 0.00 0.00 0.00 0.00 0.00 0.00 0.00 0.00 0.00 0.00 0.00 0.00 0.00 0.00 0.00 0.00 0.00 0.00 0.00 0.00 0.00 0.00 0.00 0.00 0.00 0.00 0.00 0.00 0.00 0.00 0.00 0.00 0.00 0.00 0.00 0.00 0.00 0.00 0.00 0.50 0.50 0.50 0.49 0.49 0.49 0.49 0.53 0.53 0.53 0.53 0.52 0.52 0.52 0.52 0.52 0.52 0.52 0.52 0.54 0.54 0.54 0.54 0.61 0.16 0.16 0.16 0.17 0.17 0.14 0.14 0.14 0.17 0.24 0.63 0.63 0.63 0.64 0.25
0.00 0.00 0.00 0.00 0.00 0.00 0.00 0.00 0.00 0.00 0.00 0.00 0.00 0.00 0.00 0.00 0.00 0.00 0.00 0.00 0.00 0.00 0.00 0.00 0.00 0.00 0.00 0.00 0.00 0.00 0.00 0.00 0.00 0.00 0.00 0.00 0.00 0.00 0.00 0.00 0.00 0.00 0.00 0.00 1.25 0.50 0.50 0.50 0.50 0.50 0.50 0.50 0.54 0.54 0.54 0.54 0.54 0.54 0.54 0.54 0.54 0.54 0.54 0.54 0.54 0.54 0.81 0.54 0.89 0.16 0.16 0.16 0.17 0.17 0.17 0.48 0.17 0.63 0.63 0.63 0.62 0.63 0.63 0.25
0.00 0.00 0.00 0.00 0.00 0.00 0.00 0.00 0.00 0.00 0.00 0.00 0.00 0.00 0.00 0.00 0.00 0.00 0.00 0.00 0.00 0.00 0.00 0.00 0.00 0.00 0.00 0.00 0.00 0.00 0.00 0.00 0.00 0.00 0.00 0.00 0.00 0.00 0.00 0.00 0.00 0.00 0.00 0.00 0.52 0.50 0.50 0.50 0.50 0.50 0.50 0.50 0.54 0.54 0.54 0.54 0.54 0.54 0.54 0.54 0.54 0.54 0.54 0.81 0.54 0.54 0.54 0.54 0.61 0.61 0.16 0.17 0.17 0.17 0.17 0.14 0.17 0.17 0.64 0.63 0.63 0.63 0.62 0.25
0.00 0.00 0.00 0.00 0.00 0.00 0.00 0.00 0.00 0.00 0.00 0.00 0.00 0.00 0.00 0.00 0.00 0.00 0.00 0.00 0.00 0.00 0.00 0.00 0.00 0.00 0.00 0.84 0.00 0.00 0.00 0.00 0.00 0.00 0.00 0.00 0.00 0.00 0.00 0.00 0.00 0.00 0.00 0.00 0.50 0.50 0.50 0.50 0.50 0.50 0.50 0.50 0.54 0.54 0.54 0.54 0.54 0.54 0.54 0.54 0.54 0.54 0.54 0.54 0.54 0.54 0.54 0.54 0.61 0.61 0.16 0.17 0.17 0.17 0.17 0.14 0.17 0.17 0.63 0.63 0.62 0.62 0.62 0.62
0.00 0.00 0.00 0.00 0.00 0.00 0.00 0.00 0.00 0.00 0.00 0.00 0.00 0.00 0.00 0.00 0.00 0.00 0.00 0.00 0.00 0.00 0.00 0.00 0.00 0.00 0.35 0.23 0.00 0.00 0.00 0.00 0.00 0.00 0.00 0.00 0.00 0.00 0.00 0.00 0.00 0.00 0.00 0.00 0.00 0.00 0.50 0.50 0.50 0.50 0.50 0.50 0.54 0.54 0.54 0.54 0.54 0.54 0.54 0.54 0.54 1.10 0.54 0.54 0.54 0.54 0.54 0.54 0.61 0.61 0.16 0.16 0.11 0.14 0.14 0.14 0.14 0.20 0.17 0.63 0.62 0.62 0.62 0.62
0.00 0.00 0.00 0.00 0.00 0.00 0.00 0.00 0.00 0.00 0.00 0.00 0.00 0.00 0.00 0.00 0.00 0.00 0.00 0.00 0.00 0.00 0.00 0.00 0.00 0.23 0.23 0.23 0.23 0.00 0.00 0.00 0.00 0.00 0.00 0.00 0.00 0.00 0.00 0.00 0.00 0.00 0.00 0.00 0.00 0.00 0.00 0.00 0.52 0.52 0.52 0.20 0.57 0.57 0.57 0.57 0.56 0.56 0.56 0.56 0.55 0.55 0.55 0.55 0.54 0.54 0.54 0.54 0.61 0.61 0.17 0.17 0.14 0.14 0.14 0.14 0.11 0.19 0.16 0.62 0.62 0.62 0.62 0.62
0.00 0.00 0.00 0.00 0.00 0.00 0.00 0.00 0.00 0.00 0.00 0.00 0.00 0.00 0.00 0.00 0.00 0.00 0.00 0.00 0.00 0.00 0.00 0.00 0.00 0.23 0.23 0.23 0.23 0.23 0.23 0.00 0.00 0.00 0.00 0.00 0.00 0.00 0.00 0.00 0.00 0.00 0.00 0.00 0.00 0.00 0.00 0.00 0.00 0.00 0.14 0.91 0.84 0.57 0.57 0.57 0.56 0.56 0.56 0.56 0.55 0.55 0.55 0.55 0.14 0.54 0.54 0.54 0.61 0.16 0.11 0.14 0.11 0.48 0.14 0.17 0.08 0.11 0.17 0.16 0.62 0.62 0.62 0.62
0.00 0.00 0.00 0.00 0.00 0.00 0.00 0.00 0.00 0.00 0.00 0.00 0.00 0.00 0.00 0.00 0.00 0.00 0.00 0.00 0.00 0.00 0.00 0.00 0.00 0.54 0.80 0.54 0.54 0.54 0.54 0.00 0.00 0.00 0.00 0.00 0.00 0.00 0.00 0.00 0.00 0.00 0.00 0.00 0.00 0.00 0.00 0.00 0.00 0.00 0.19 0.66 0.70 0.70 0.70 0.70 0.70 0.70 0.70 0.70 0.19 0.68 0.68 0.19 0.18 0.68 0.27 0.68 0.80 0.23 0.15 0.15 0.15 0.15 0.23 0.24 0.19 0.15 0.24 0.23 0.80 0.80 0.80 0.80
0.00 0.00 0.00 0.00 0.00 0.00 0.00 0.00 0.00 0.00 0.00 0.00 0.00 0.00 0.00 0.00 0.00 0.00 0.00 0.00 0.00 0.00 0.00 0.00 0.54 0.54 0.54 0.54 0.54 0.79 0.21 0.21 0.54 6.43 0.54 0.54 0.00 0.00 0.00 0.00 0.00 0.00 0.00 0.00 0.00 0.00 0.00 0.00 0.00 0.00 0.19 0.66 0.70 0.70 0.28 0.70 0.70 0.70 0.70 0.19 0.19 0.35 0.19 0.19 0.68 1.25 1.02 0.68 0.79 0.80 0.15 0.15 0.15 0.15 0.24 0.23 0.19 0.19 0.23 0.30 0.80 1.23 0.80 0.80
0.00 0.00 0.00 0.00 0.00 0.00 0.00 0.00 0.00 0.00 0.00 0.00 0.00 0.00 0.00 0.00 0.00 0.00 0.00 0.00 0.00 0.00 6.43 0.55 0.79 0.53 0.53 0.53 0.52 0.52 0.52 0.22 0.21 0.21 0.54 0.54 0.64 0.79 0.00 0.00 0.00 0.00 0.00 0.00 0.00 0.00 0.00 0.00 0.00 0.00 0.00 0.15 0.20 0.21 0.20 0.20 0.10 0.20 0.20 0.20 0.19 0.19 0.19 0.70 0.68 0.68 0.71 0.68 0.78 0.78 0.33 0.33 0.15 0.19 0.80 0.32 0.23 0.23 0.24 0.23 0.82 0.80 0.80 0.80
0.00 0.00 0.00 0.00 0.00 0.00 0.00 0.00 0.00 0.00 0.00 0.00 0.00 0.00 0.00 0.00 0.00 0.00 0.00 0.00 0.55 0.55 0.55 0.55 0.53 0.53 0.53 0.53 0.52 0.78 0.52 0.78 0.94 0.85 0.94 0.54 0.64 0.64 0.64 7.14 0.00 0.00 0.00 0.00 0.00 0.00 0.00 0.00 0.00 0.00 0.00 0.52 0.55 0.17 0.17 0.20 0.20 0.10 0.10 0.20 0.19 0.19 0.19 0.70 0.68 0.68 0.68 0.68 0.78 0.78 0.78 0.81 0.33 0.24 0.33 0.24 0.83 0.81 0.81 0.81 1.24 0.80 0.34 0.80
0.00 0.00 0.00 0.00 0.00 0.00 0.00 0.00 0.00 0.00 0.00 0.00 0.00 0.00 0.00 0.00 0.89 0.32 0.00 6.57 0.55 0.55 0.55 0.55 0.79 0.79 0.53 0.53 0.78 0.52 0.52 0.78 0.54 0.57 0.54 0.54 0.64 0.27 0.27 0.26 0.27 0.00 0.00 0.00 0.00 0.00 0.00 0.00 0.00 0.00 0.00 0.52 0.55 0.17 0.17 0.17 0.13 0.13 0.20 0.20 0.19 0.30 0.38 0.70 0.68 0.68 1.03 0.68 0.78 1.19 0.78 0.78 0.82 0.33 0.33 0.23 1.25 0.81 0.81 0.81 0.80 0.80 0.80 0.80
0.00 0.00 0.00 0.00 0.00 0.00 0.00 0.00 0.00 0.00 0.00 0.00 0.00 0.00 0.00 0.00 0.32 0.32 0.32 0.32 0.55 0.82 0.67 0.21 0.20 0.53 0.53 0.53 0.52 0.52 0.52 0.52 0.54 0.54 0.54 0.54 0.64 0.26 0.26 0.27 0.26 0.00 0.00 0.00 0.00 0.00 0.00 0.00 0.00 0.00 0.00 0.08 0.55 0.17 0.17 0.17 0.11 0.29 0.73 0.72 0.28 0.28 0.28 0.28 0.68 0.68 1.03 0.68 0.78 0.78 0.78 0.78 0.82 0.33 0.33 0.80 0.81 0.81 0.81 0.34 0.34 0.80 1.23 0.80
0.00 0.00 0.00 0.00 0.00 0.00 0.00 0.00 0.00 0.00 0.00 0.00 0.00 0.89 0.32 0.89 0.31 0.31 0.31 0.31 0.54 0.54 0.54 0.54 0.52 0.52 0.52 0.52 0.77 0.52 0.52 0.52 0.55 0.55 0.55 0.55 0.66 0.66 0.26 0.26 0.27 0.00 0.00 0.00 0.00 0.00 0.00 0.00 0.00 0.00 0.35 0.19 0.64 0.17 0.17 0.13 0.11 0.29 0.72 0.72 0.71 0.71 0.71 0.71 0.68 0.68 0.68 0.68 0.77 0.77 0.77 0.77 1.23 0.81 0.81 0.78 0.80 0.80 0.80 0.80 0.34 0.34 0.80 0.80
0.00 0.00 0.00 0.00 0.00 0.00 0.00 0.00 0.00 0.00 0.00 0.00 0.89 0.32 0.32 0.32 0.31 0.31 0.31 0.31 0.54 0.54 0.54 0.54 1.31 0.91 0.52 0.52 0.52 0.52 0.52 0.52 0.55 0.55 0.55 0.21 0.28 0.09 0.09 0.18 6.87 0.00 0.00 0.00 0.00 0.00 0.00 0.00 0.00 0.19 0.67 0.67 0.73 0.17 0.20 0.17 0.11 0.21 0.73 0.72 0.73 0.30 0.71 0.71 0.68 0.68 0.68 0.68 0.77 0.77 0.77 0.77 0.78 0.78 0.81 0.78 0.80 0.80 0.80 0.33 0.80 1.23 0.80 1.24
0.00 0.00 0.00 0.00 0.00 0.00 0.00 0.00 0.00 0.00 0.00 0.00 0.32 0.32 0.08 0.32 0.31 0.31 0.31 0.08 0.21 0.54 0.54 0.54 0.76 0.52 0.76 0.52 0.52 0.52 0.52 0.52 0.55 0.21 0.21 0.21 0.28 0.09 0.18 0.19 0.15 0.00 0.00 0.00 0.00 0.00 0.00 0.00 0.19 0.67 0.67 0.67 0.73 0.29 0.13 0.17 0.10 0.11 0.13 0.13 0.73 0.71 0.71 0.71 0.68 0.68 0.68 0.68 0.77 0.77 0.77 0.77 0.78 0.78 0.78 0.78 0.80 0.80 0.80 0.80 0.80 0.80 0.80 0.80
0.00 0.00 0.00 0.00 0.00 0.00 0.00 0.00 0.00 0.00 0.00 0.89 0.32 0.32 0.08 0.32 0.31 0.31 0.60 0.31 0.54 0.54 0.54 0.54 0.52 0.52 0.52 0.52 0.52 0.52 0.52 0.52 0.21 0.21 0.23 0.21 0.09 0.09 0.21 0.69 0.15 0.15 0.00 0.00 0.00 0.00 0.00 0.15 0.18 0.67 0.67 0.67 0.72 0.73 0.26 0.17 0.17 0.17 0.13 0.11 0.38 0.73 0.71 1.07 0.68 0.68 0.68 1.53 1.43 0.77 0.77 0.77 0.78 0.78 0.78 1.94 0.80 0.80 0.80 0.80 0.80 0.80 0.80 0.80
0.00 0.00 0.00 0.00 0.00 0.00 0.00 0.00 0.00 0.00 0.49 0.49 0.60 0.31 0.08 0.31 0.30 0.58 0.30 0.30 0.52 0.52 0.52 0.52 0.51 0.51 0.51 0.51 0.55 0.55 0.55 0.55 0.57 0.22 0.57 0.57 0.67 0.10 0.28 0.28 0.10 0.52 0.52 0.52 0.00 6.87 0.15 0.52 0.19 0.67 0.67 0.67 0.71 0.71 0.20 0.09 0.13 0.13 0.25 0.20 0.73 0.73 1.09 0.71 0.69 0.69 0.69 1.09 0.76 1.16 0.76 0.76 1.16 0.76 1.16 1.17 0.78 0.78 0.78 0.78 0.78 0.78 0.78 0.78
0.00 0.00 0.00 0.00 0.00 0.00 0.00 0.00 0.00 0.00 0.14 0.12 0.31 0.31 0.60 0.31 0.30 0.30 0.30 0.30 0.52 0.52 0.52 0.52 0.51 0.51 0.51 0.51 0.55 0.55 0.55 0.55 0.57 0.57 0.57 0.57 0.67 0.18 0.10 0.28 0.18 0.15 0.15 0.52 0.52 0.18 0.15 0.19 0.09 0.18 0.27 0.67 0.71 0.71 0.71 0.72 0.20 0.20 0.20 0.20 0.20 0.73 0.71 0.71 0.69 1.05 0.69 0.69 0.76 0.76 0.76 0.76 0.76 0.76 0.76 0.76 0.78 0.78 0.78 0.78 0.78 0.78 0.78 0.78
0.00 0.00 0.00 0.00 0.00 0.00 0.00 0.00 0.00 0.00 0.00 0.12 0.12 0.31 0.31 0.31 0.30 0.30 0.30 0.30 0.52 0.52 0.52 0.52 0.51 0.51 0.51 0.51 0.55 0.55 0.55 0.55 0.57 0.57 0.57 0.57 0.67 0.27 0.18 0.10 0.26 0.15 0.15 0.52 0.26 0.12 0.12 0.12 0.18 0.09 0.26 0.68 0.71 0.71 0.71 0.71 0.73 0.73 0.20 0.20 0.20 0.29 0.71 0.71 0.69 0.69 0.69 0.69 0.76 0.76 0.76 0.76 0.76 0.76 0.76 0.76 0.78 0.78 0.78 0.78 0.78 0.78 0.78 0.78
0.00 0.00 0.00 0.00 0.00 0.00 0.00 0.00 0.00 0.00 0.00 0.12 0.12 0.12 0.12 0.31 0.30 0.30 0.30 0.30 0.52 0.52 0.52 0.52 0.51 0.51 0.51 0.51 0.55 0.55 0.55 0.55 0.57 0.57 0.57 0.57 0.67 0.67 0.09 0.18 0.26 0.15 0.15 0.26 0.26 0.26 0.16 0.19 0.18 0.19 0.12 0.68 0.71 0.71 0.71 0.71 0.72 0.73 0.20 0.20 0.20 0.25 0.71 0.71 0.69 0.69 0.69 1.09 0.76 0.76 0.76 0.76 0.76 0.76 0.76 0.76 0.78 0.78 0.78 0.78 0.78 0.78 0.78 0.78
0.00 0.00 0.00 0.00 0.00 0.00 0.00 0.00 0.00 0.00 0.00 6.02 0.12 0.12 0.12 0.12 0.25 0.25 0.25 0.25 0.76 0.51 0.51 0.51 0.54 0.54 0.14 0.14 0.15 0.15 0.57 0.57 0.58 0.58 0.08 0.15 0.18 0.18 0.18 0.68 0.26 0.15 0.15 0.26 0.19 0.26 0.26 0.19 0.18 0.19 0.19 0.18 0.71 0.71 0.71 0.71 0.70 0.70 0.19 0.19 0.20 0.19 0.19 0.70 0.69 0.69 0.69 0.69 0.75 0.75 0.75 0.75 0.75 0.75 0.75 0.75 0.77 0.77 0.77 0.77 0.77 0.77 0.77 0.77
0.00 0.00 0.00 0.00 0.00 0.00 0.00 0.00 0.00 0.00 0.00 0.12 0.12 0.12 0.12 0.12 0.11 0.56 0.25 0.25 0.83 0.51 0.51 0.51 0.54 0.14 0.14 0.14 0.15 0.15 0.57 0.57 0.58 0.08 0.08 0.15 0.36 0.09 0.19 0.12 0.18 0.10 0.15 0.26 0.19 0.26 0.68 0.68 0.67 0.67 0.18 0.67 0.71 0.71 0.71 0.71 0.70 0.70 0.70 0.70 0.70 0.70 0.70 0.70 0.69 0.69 0.69 0.69 0.75 0.75 0.75 0.75 0.75 0.75 0.75 0.75 0.77 0.77 0.77 1.29 0.77 0.77 0.77 0.77
0.00 0.00 0.00 0.00 0.19 0.00 0.00 0.00 0.00 0.00 0.19 0.19 0.18 0.18 0.18 0.18 0.17 0.17 0.17 0.61 0.66 0.66 0.66 0.66 0.69 0.19 0.19 0.19 0.20 0.26 0.20 0.10 0.21 0.21 0.11 0.11 0.13 0.24 0.24 0.29 0.23 0.23 0.23 0.23 0.41 0.84 0.84 0.84 0.83 0.83 0.83 0.83 0.91 0.91 1.65 0.91 0.91 0.91 0.91 0.91 0.91 0.91 0.91 0.91 1.37 0.88 0.88 0.88 1.72 0.95 0.95 0.95 0.95 0.84 0.95 0.95 0.98 0.43 0.98 0.98 0.98 0.98 0.98 0.98
0.00 0.00 0.00 0.16 0.19 0.19 0.00 0.00 0.00 0.02 0.02 0.19 0.18 0.18 0.18 0.18 0.17 0.17 0.17 0.17 0.66 0.66 0.66 0.66 0.69 0.19 0.19 0.19 0.20 0.20 0.20 0.26 0.21 0.21 0.11 0.74 0.84 0.13 0.13 0.24 0.23 0.23 0.23 0.23 0.23 0.23 0.84 0.84 0.83 0.83 0.83 0.83 0.91 0.91 1.64 0.91 0.91 0.91 0.91 1.38 0.91 0.91 0.91 0.91 0.88 0.88 0.88 0.88 0.95 0.95 0.95 0.95 0.95 0.84 0.95 0.95 0.98 0.98 0.98 0.98 0.98 0.98 0.98 0.98
0.16 0.16 0.16 0.02 0.19 0.19 0.27 0.27 0.19 0.02 0.02 0.19 0.19 0.19 0.19 0.19 0.18 0.24 0.18 0.18 0.21 0.21 0.67 0.67 0.70 0.19 0.19 0.19 0.20 0.26 0.20 0.20 0.21 0.21 0.75 0.75 0.85 0.25 0.25 0.25 0.23 0.32 0.23 0.23 0.23 0.23 0.84 1.29 0.83 1.27 1.27 0.83 0.89 0.89 0.89 0.89 0.86 0.86 0.86 0.86 0.85 0.85 0.85 0.85 1.29 0.84 0.84 1.34 1.69 0.94 0.84 0.94 0.96 0.96 0.96 0.96 0.97 0.97 0.97 0.97 0.98 1.77 0.98 0.98
0.16 0.16 0.16 0.22 0.19 0.19 0.19 0.19 0.19 0.04 0.19 0.02 0.19 0.19 0.19 0.19 0.18 0.18 0.18 0.18 0.21 0.21 0.21 0.67 0.70 0.70 0.19 0.19 0.20 0.20 0.20 0.20 0.75 0.75 0.75 0.75 0.25 0.23 0.23 0.28 0.23 0.23 0.41 0.23 0.28 0.23 0.84 0.84 0.83 0.83 0.83 0.83 0.89 0.89 1.39 1.93 1.33 0.86 0.86 0.86 0.85 0.85 0.85 0.85 0.84 0.84 0.84 0.84 0.94 0.94 0.94 0.94 0.96 0.84 0.96 0.96 0.97 0.97 0.97 0.97 0.98 0.98 0.98 0.84
0.16 0.16 0.22 0.16 0.19 0.19 0.19 0.19 0.19 0.19 0.02 0.02 0.19 0.19 0.19 0.19 0.18 0.18 0.18 0.18 0.21 0.21 0.21 0.21 0.22 0.70 0.19 0.19 0.73 0.73 0.73 0.73 0.75 0.75 0.75 0.21 0.25 0.25 0.25 0.23 0.28 0.36 0.85 0.85 0.23 0.23 0.85 0.36 0.83 0.83 0.83 0.83 0.89 0.89 0.89 0.89 0.86 0.86 0.86 0.86 0.85 0.85 0.85 0.85 0.84 0.84 0.84 1.29 0.94 0.94 0.94 0.94 0.96 0.41 0.96 0.96 0.97 0.97 0.97 0.97 0.98 0.98 0.84 1.24
0.16 0.16 0.16 0.16 0.19 0.19 0.19 0.19 0.19 0.19 0.19 0.19 0.19 0.02 0.19 0.19 0.18 0.18 0.18 0.18 0.21 0.21 0.21 0.21 0.22 0.22 0.70 0.70 0.73 0.73 0.73 0.73 0.75 0.75 0.75 0.21 0.85 0.85 0.35 0.28 0.25 0.85 0.85 0.85 0.46 0.23 0.25 0.36 0.83 0.83 0.83 0.83 1.36 0.89 0.89 0.89 0.86 0.86 0.86 0.86 0.85 0.85 0.85 0.85 0.84 0.84 0.84 0.84 0.94 0.94 0.94 0.94 0.96 0.41 0.41 0.96 0.97 0.42 0.84 0.97 0.98 0.98 0.84 0.84
0.16 0.16 0.22 0.16 0.19 0.19 0.19 0.19 0.19 0.19 0.19 0.02 0.19 0.04 0.02 0.19 0.18 0.18 0.18 0.18 0.21 0.21 0.21 0.21 0.21 0.21 0.21 0.21 0.72 0.72 0.72 0.72 0.74 0.74 0.21 0.33 1.30 0.84 0.36 0.93 0.25 1.30 0.85 0.85 0.46 0.62 0.24 0.24 0.30 0.23 0.81 0.81 0.85 0.85 0.85 0.85 0.82 0.82 0.82 0.82 0.83 0.83 0.83 0.83 0.84 0.84 0.84 0.84 0.97 0.97 0.97 0.97 0.98 0.98 0.98 0.43 0.92 0.97 0.97 0.97 0.84 0.84 0.84 0.84
0.16 0.16 0.16 0.16 0.19 0.27 0.19 0.19 0.19 0.19 0.19 0.02 0.02 0.19 0.19 0.26 0.18 0.18 0.18 0.18 0.21 0.21 0.21 0.21 0.21 0.21 0.21 0.21 0.23 0.72 0.72 0.72 0.74 0.21 0.21 0.74 0.84 0.84 0.84 0.28 0.25 0.24 0.85 0.85 0.46 0.85 0.85 0.24 0.23 0.81 0.81 0.81 0.85 0.85 0.85 0.85 0.82 0.82 0.82 0.82 0.83 0.83 0.83 0.83 0.84 0.84 0.84 0.84 0.97 0.97 0.97 0.97 0.98 0.98 0.98 0.98 0.97 0.92 0.97 0.97 0.84 0.84 0.84 0.84
0.16 0.16 0.16 0.16 0.19 0.19 0.19 0.19 0.19 0.19 0.19 0.19 0.19 0.19 0.19 0.19 0.18 0.18 0.18 0.18 0.21 0.21 0.21 0.29 0.21 0.21 0.21 0.21 0.23 0.23 0.72 0.72 1.12 0.21 0.21 1.94 1.30 0.84 0.24 0.32 0.32 0.25 1.31 0.85 0.84 1.29 0.84 0.84 0.81 0.81 0.81 0.81 0.85 0.85 0.85 2.06 0.82 0.82 0.82 0.82 0.83 0.83 0.83 0.83 0.84 0.84 0.84 0.84 0.97 0.97 0.97 0.97 0.98 0.98 0.98 0.98 0.97 0.97 0.97 0.97 0.84 0.84 0.84 0.84
0.16 0.16 0.16 0.16 0.19 0.34 0.19 0.19 0.19 0.19 0.19 0.19 0.19 0.19 0.19 0.19 0.18 0.18 0.18 0.18 0.21 0.21 0.21 0.21 0.21 0.21 0.21 0.21 0.23 0.23 0.23 0.33 0.74 0.21 0.74 1.18 0.84 0.84 0.24 0.25 0.25 0.25 0.24 1.30 0.84 0.84 0.84 0.84 0.81 0.81 1.24 0.81 1.43 0.85 0.85 1.24 0.82 0.82 0.82 0.82 0.83 0.83 0.83 0.83 0.84 0.84 0.84 0.84 0.97 0.97 0.97 0.97 0.98 1.78 0.98 0.98 0.97 0.97 0.97 0.97 0.84 0.84 0.84 0.84
0.15 0.15 0.15 0.21 0.18 0.18 0.26 0.18 0.18 0.18 0.18 0.27 0.18 0.18 0.18 0.18 0.17 0.17 0.17 0.17 0.21 0.21 0.21 0.21 0.21 0.21 0.21 0.21 0.22 0.44 0.22 0.22 0.23 0.73 1.11 0.73 0.83 0.83 1.27 0.83 0.83 0.24 0.24 0.83 1.25 0.81 0.81 1.25 0.77 0.77 0.77 0.77 0.82 0.16 0.75 0.13 0.83 0.83 0.83 0.83 0.86 0.86 0.86 0.86 0.87 0.87 0.87 0.87 0.99 0.99 0.99 0.99 0.99 0.99 0.99 0.99 0.98 0.98 0.98 0.98 0.84 0.84 0.84 0.84
0.15 0.15 0.15 0.15 0.18 0.26 0.18 0.18 0.18 0.18 0.18 0.18 0.24 0.18 0.18 0.18 0.17 0.17 0.23 0.17 0.21 0.21 0.21 0.21 0.21 0.21 0.21 0.21 0.30 0.22 0.22 0.22 0.23 0.23 0.23 0.73 0.83 0.83 0.83 0.83 0.83 0.83 0.83 0.83 0.81 0.81 0.81 0.81 0.77 0.77 0.77 0.77 0.82 0.13 0.13 0.13 0.83 0.83 0.83 0.83 0.86 0.86 0.86 0.86 0.87 0.87 0.87 0.87 0.99 0.99 0.99 0.99 0.99 1.80 0.99 0.99 0.98 0.98 0.98 0.98 0.97 0.84 0.84 0.84
