New_Model_Runs/12_Future_RCP4.5_Scn2_out/post_prcessed_with_MFR/Monthly_summaries/runoff_monthly_OCT.asc
NCOLS 700
NROWS 400
XLLCENTER 515000.000000
YLLCENTER 8409000.000000
CELLSIZE 50.000000
NODATA_value -999.000000
[rows 259 to 295 of 400, columns 168 to 251 of 700]
8.23 5.86 7.87 7.87 7.75 7.75 5.78 7.75 5.76 5.07 5.07 4.05 4.01 4.01 5.02 5.02 5.03 5.03 5.03 5.03 7.80 7.80 7.80 5.13 5.43 5.43 5.43 5.43 5.45 5.45 5.45 5.45 5.45 5.45 5.45 5.45 9.78 5.36 5.36 5.36 5.14 5.14 5.14 5.14 4.10 5.12 5.12 5.12 5.44 4.63 4.63 5.54 5.54 5.54 5.54 4.78 5.18 5.18 5.18 5.18 4.46 5.18 5.18 5.18 4.63 4.63 5.18 5.18 4.46 5.18 5.18 5.18 3.81 3.81 3.81 3.81 3.81 4.46 4.46 3.81 4.46 4.46 3.81 4.46
5.86 7.84 7.84 7.84 7.72 7.72 7.72 13.08 5.73 9.18 5.05 5.05 5.00 4.00 5.00 5.00 9.15 9.15 5.03 5.03 7.77 7.77 14.86 5.11 11.54 9.88 5.42 5.42 5.48 5.48 5.48 5.48 10.00 5.49 5.49 5.49 9.77 5.35 5.35 5.35 5.14 5.14 5.14 5.14 4.07 4.27 5.09 5.09 5.18 5.41 5.41 4.71 4.75 4.78 5.54 4.78 5.18 5.18 5.18 5.18 4.46 5.18 5.18 5.18 5.18 5.18 5.18 5.18 5.18 5.18 5.18 5.18 4.46 3.81 3.81 3.81 4.46 4.46 4.46 4.46 3.97 4.46 4.46 4.46
13.28 26.35 7.84 5.90 5.76 21.98 7.72 7.72 7.69 5.05 5.05 5.05 4.00 4.18 5.00 5.00 5.03 12.85 9.15 5.03 5.11 7.77 7.77 7.77 5.42 5.42 5.42 13.38 5.48 8.49 5.48 5.48 5.49 5.49 5.49 5.49 5.35 5.35 5.35 5.35 5.14 5.14 5.14 5.14 5.09 5.09 5.09 5.09 5.18 5.18 8.63 4.51 4.59 4.59 5.54 4.78 4.46 4.46 5.18 5.18 5.18 4.46 5.18 5.18 5.18 5.18 5.18 5.18 5.18 5.18 5.18 5.18 4.46 4.46 3.81 3.81 4.46 3.81 4.46 4.46 4.46 4.46 4.46 4.46
7.96 5.90 7.96 7.89 7.72 5.76 7.72 7.72 7.69 7.69 5.05 4.03 4.18 4.18 7.71 5.00 5.03 5.03 5.03 5.03 5.11 7.77 7.77 7.77 8.29 5.42 5.42 8.29 8.37 8.37 5.48 5.48 5.49 5.49 10.00 5.49 5.35 9.77 5.35 5.35 5.14 5.14 5.14 5.14 5.09 5.09 5.09 4.07 5.18 4.15 4.15 4.51 4.59 4.66 5.54 4.78 4.46 5.18 4.46 5.18 5.18 5.18 5.18 5.18 4.63 5.18 5.18 5.18 9.99 5.18 5.18 5.18 3.81 3.81 3.81 3.81 4.46 4.46 4.46 4.46 4.46 4.46 4.46 4.46
5.86 7.96 6.11 7.84 7.72 7.72 14.75 7.72 7.69 7.69 5.05 4.36 5.00 5.00 4.00 5.00 5.03 4.02 5.03 5.03 5.11 5.11 7.77 7.77 15.38 5.42 5.42 5.42 8.37 8.37 8.37 5.48 5.49 5.49 5.49 5.49 5.35 5.35 5.35 5.35 13.15 9.36 5.14 5.14 5.09 4.07 4.27 4.27 4.32 4.32 5.18 4.51 4.59 4.66 5.54 4.78 4.46 4.46 5.18 5.18 4.46 5.18 5.18 5.18 5.18 5.18 5.18 4.46 5.18 5.18 5.18 5.18 3.81 4.46 3.81 4.46 4.46 3.97 4.46 4.46 4.46 4.46 4.46 3.81
5.86 5.86 12.28 7.81 7.73 7.73 7.73 7.73 7.64 7.64 4.00 4.00 3.98 3.98 4.98 4.98 5.04 5.04 5.04 5.04 5.09 5.09 5.09 7.75 8.10 5.35 5.35 5.35 9.91 8.37 8.37 5.48 5.47 5.47 5.47 5.47 5.30 5.30 5.30 5.30 5.13 5.13 5.13 5.13 5.10 5.10 4.08 5.33 5.35 5.35 5.14 4.69 4.72 3.47 4.78 4.78 4.46 5.18 4.46 5.18 5.18 5.18 5.18 4.46 5.18 5.18 4.63 5.18 5.18 5.18 5.18 5.18 4.46 4.46 4.46 4.46 6.90 3.97 4.46 3.81 4.46 4.46 4.46 4.46
5.86 5.86 5.86 5.86 7.80 7.73 7.73 7.73 14.59 7.64 4.00 4.00 4.98 4.98 4.98 4.98 5.04 5.04 5.04 5.04 5.09 5.09 5.09 7.75 8.10 5.35 5.35 5.35 5.48 5.48 8.37 5.48 5.47 5.47 5.47 5.47 5.30 13.60 9.67 5.30 5.13 5.13 5.13 9.57 5.10 5.10 5.10 5.33 4.63 4.35 4.69 4.69 4.72 4.78 4.78 7.97 4.46 4.46 5.18 5.18 5.18 5.18 4.46 5.18 5.18 5.18 4.46 4.46 5.18 5.18 5.18 5.18 4.46 4.46 3.81 4.46 4.46 4.46 4.46 3.81 4.46 4.46 3.81 4.46
5.86 5.86 5.86 10.88 7.80 7.73 7.73 7.73 7.64 12.34 5.01 5.01 4.98 4.98 4.98 4.98 5.04 5.04 5.04 5.04 5.09 5.09 5.09 7.75 8.10 8.10 5.35 5.35 5.48 5.48 5.58 13.51 9.97 9.97 5.47 9.85 5.30 5.30 5.30 5.30 5.13 5.13 5.13 5.34 5.10 5.10 5.10 5.10 4.29 4.35 3.47 4.69 7.11 5.58 4.78 5.54 4.46 4.46 5.18 5.18 5.18 5.18 5.18 5.18 5.18 5.18 5.18 5.18 5.18 5.18 4.46 5.18 4.46 3.97 3.81 3.97 3.97 4.46 4.81 5.37 5.37 5.37 4.46 5.16
2.71 2.71 2.71 5.86 5.86 7.90 7.73 7.73 7.64 7.64 5.01 5.01 4.98 4.98 4.98 4.98 5.04 5.04 5.04 5.04 5.09 5.09 5.09 7.75 8.10 8.10 5.35 5.35 5.48 5.48 5.58 31.79 13.63 5.47 5.47 5.47 5.30 5.30 9.67 5.30 5.13 5.13 5.13 5.13 4.28 5.10 4.08 5.10 5.14 5.35 3.77 3.47 3.77 3.77 3.77 5.54 5.18 5.18 5.18 5.18 4.46 5.18 5.30 9.09 5.18 5.18 5.18 5.18 5.18 4.46 4.46 4.46 4.46 4.46 4.46 4.46 4.46 4.63 4.81 4.81 4.13 5.37 5.37 5.37
2.71 2.71 2.71 2.71 3.18 2.19 4.71 7.65 7.55 7.55 4.95 4.95 4.98 4.98 13.37 4.98 5.09 5.09 5.09 5.09 5.12 5.12 5.12 7.78 8.09 5.35 5.35 5.35 5.46 5.46 5.57 10.87 5.55 5.56 5.45 5.45 5.28 5.28 5.28 5.28 5.12 5.12 5.12 5.12 5.33 5.33 4.09 5.33 5.34 4.35 3.47 3.77 3.77 4.70 4.70 4.70 5.18 5.18 5.18 4.46 4.46 4.46 5.18 4.46 4.63 4.63 5.18 5.18 5.18 5.18 5.18 4.46 4.46 4.46 4.46 4.46 4.46 5.37 5.37 5.37 5.37 4.81 4.13 5.37
2.71 2.71 2.71 2.19 2.19 4.87 8.08 4.71 7.57 4.20 4.99 4.95 4.98 4.98 4.98 9.05 5.09 5.09 5.09 5.09 5.12 5.12 14.88 7.78 8.09 5.35 5.35 5.35 4.37 8.35 8.35 10.03 8.48 5.45 5.45 5.45 5.28 5.28 5.28 5.28 4.09 5.34 5.34 5.12 4.35 4.63 4.63 4.63 4.63 5.34 4.68 4.68 4.49 4.49 4.49 3.34 5.18 5.18 5.18 5.18 5.18 5.18 5.18 5.18 5.18 5.18 5.18 5.18 5.18 4.46 5.18 4.46 4.46 4.46 3.97 4.46 4.46 5.37 5.37 5.37 5.37 5.37 9.03 8.69
2.71 2.71 2.71 2.71 2.71 4.78 4.71 4.71 4.20 5.11 2.05 1.31 1.32 4.17 4.98 4.98 5.09 5.09 5.09 5.09 11.21 7.78 7.78 7.78 8.09 5.35 5.35 4.29 8.35 8.35 6.32 5.55 8.48 5.45 5.45 5.45 5.28 5.28 5.28 5.28 5.34 4.35 4.63 4.63 4.35 4.35 4.63 5.05 5.22 4.55 4.46 4.46 4.49 4.49 4.58 3.77 5.18 5.18 5.18 4.81 6.20 4.81 5.18 4.46 4.46 5.18 5.18 5.18 4.46 4.46 4.46 4.46 4.46 3.97 4.46 4.46 5.37 5.37 5.37 5.37 5.37 5.14 9.03 0.61
2.71 2.71 2.71 2.71 4.78 4.78 4.71 4.71 4.20 2.16 1.31 1.31 1.27 1.27 1.94 1.94 5.09 7.74 7.74 6.22 5.99 7.78 7.78 7.78 8.09 5.35 5.35 5.35 8.48 5.55 6.32 12.03 5.55 8.48 5.45 5.45 5.28 5.28 5.28 5.28 5.34 5.34 4.35 4.35 4.35 4.35 4.63 5.05 5.12 4.46 4.46 7.50 4.49 4.49 4.58 3.77 5.18 5.18 8.43 9.91 6.20 6.20 6.20 4.63 7.88 4.63 4.63 4.46 5.18 4.46 4.46 4.46 3.81 3.97 4.46 4.46 5.37 5.37 5.37 5.37 5.14 5.14 0.69 0.61
2.71 2.32 2.71 4.78 4.12 4.12 4.12 4.12 4.11 0.97 1.30 1.30 1.98 1.93 1.93 1.93 1.40 2.83 4.96 4.96 8.00 9.84 5.99 5.82 4.95 1.13 1.98 5.11 5.14 2.32 2.32 2.32 2.32 5.14 1.42 1.19 1.87 1.87 1.87 1.87 1.77 1.77 1.58 1.39 1.58 1.39 1.39 1.58 1.38 1.76 4.40 4.40 4.43 4.43 3.30 4.54 5.18 6.20 5.57 5.57 6.20 6.20 6.20 4.63 7.88 4.63 5.18 7.88 7.82 7.69 5.18 4.46 3.97 4.46 4.46 4.46 5.37 5.37 5.37 4.81 5.46 5.12 0.75 0.67
4.08 2.71 4.87 4.70 4.12 5.39 4.12 5.54 4.78 1.59 1.30 1.30 2.54 2.86 2.83 1.93 1.27 5.93 2.26 2.26 2.21 7.48 2.90 2.52 2.55 0.09 2.65 2.32 2.32 2.32 3.27 2.32 2.32 2.32 2.32 1.41 1.41 1.91 1.11 1.87 1.77 1.04 1.58 1.58 2.08 1.58 1.58 2.02 1.04 1.76 1.76 7.40 4.43 4.67 4.67 4.43 14.26 5.57 5.57 5.57 4.81 5.57 5.57 5.57 5.57 4.63 5.18 5.18 7.99 7.69 7.69 7.88 6.90 4.46 4.46 5.37 4.81 5.37 5.37 4.81 4.81 5.25 0.75 0.71
2.20 2.20 1.94 3.69 3.56 1.79 3.56 1.84 2.00 0.91 0.91 0.91 0.86 1.42 1.42 1.42 0.89 3.86 6.61 1.89 2.11 2.11 3.93 4.19 0.06 0.06 0.06 2.05 2.05 2.05 2.05 2.05 2.05 2.05 2.58 2.25 0.98 1.64 0.95 1.01 1.00 1.71 1.24 1.42 1.42 1.24 1.64 1.24 1.00 2.37 1.59 1.71 4.09 4.09 4.31 4.31 3.97 3.97 5.89 5.89 5.29 5.29 4.56 4.56 5.89 5.10 5.29 5.89 7.52 7.91 7.91 7.52 4.36 4.36 5.26 5.26 4.53 7.27 5.26 5.26 4.03 5.34 5.34 5.12
3.75 2.20 3.82 3.69 3.56 1.90 3.76 1.90 0.91 1.34 0.91 0.91 0.93 1.42 1.42 1.42 1.47 3.86 4.02 1.89 4.19 4.19 0.05 0.05 0.06 0.06 0.06 0.06 2.05 3.75 2.05 2.05 2.05 2.84 2.58 5.61 1.64 1.72 1.64 1.64 1.59 1.59 1.24 1.42 1.42 1.42 1.24 1.24 1.42 1.42 1.42 1.42 1.00 3.12 3.47 4.09 3.97 3.97 5.89 5.89 5.89 5.29 4.56 5.89 5.89 5.29 5.29 5.10 5.10 5.10 8.05 8.05 4.70 5.26 5.26 5.26 5.26 10.84 4.03 4.03 4.03 5.12 5.12 4.03
3.62 2.20 3.69 3.41 3.50 1.89 1.89 1.89 0.87 0.87 0.87 0.87 1.41 1.41 1.41 1.41 1.46 1.46 4.01 4.32 7.00 0.54 0.06 0.05 0.06 0.06 0.06 0.06 2.05 2.05 2.05 2.05 2.05 2.05 2.05 2.43 1.67 1.63 1.00 1.63 1.58 1.21 1.42 1.24 1.69 1.69 1.56 1.56 1.82 2.06 1.42 1.42 1.24 1.00 1.42 4.30 3.94 4.03 10.09 5.89 5.89 5.89 4.56 5.89 5.29 5.29 5.10 5.10 5.10 8.05 5.10 4.56 5.26 5.26 5.26 5.26 5.26 9.17 5.26 4.03 5.10 5.10 4.98 5.34
9.94 2.20 3.79 3.62 3.50 3.50 4.44 1.35 1.34 0.91 0.87 2.00 3.74 1.41 1.41 1.41 1.46 1.46 3.83 6.77 0.05 0.05 0.05 0.05 0.06 0.06 0.06 0.06 2.05 2.05 2.35 4.61 4.61 4.61 2.58 3.03 1.00 0.95 1.72 1.72 1.58 0.95 2.08 0.99 1.56 1.56 1.56 1.56 1.70 1.63 1.42 1.24 1.42 1.42 1.42 1.42 3.30 3.30 5.29 5.29 4.56 5.89 4.56 5.29 8.05 5.29 5.10 8.72 5.10 5.89 5.89 4.56 8.68 8.40 5.26 5.26 4.03 5.11 4.70 4.70 5.10 4.98 5.10 4.03
2.20 2.20 3.69 3.62 5.79 3.73 1.77 1.10 1.34 1.50 3.66 3.66 3.74 3.74 3.74 1.41 1.46 6.38 1.95 4.12 0.05 0.05 0.05 0.05 0.06 0.06 0.06 0.06 2.58 4.61 4.47 9.00 4.47 4.47 4.61 2.58 1.72 0.95 1.63 1.41 1.24 2.29 1.58 1.58 1.56 1.56 1.56 1.56 0.91 1.42 1.42 1.24 1.42 1.42 1.42 1.42 1.34 3.30 5.89 5.89 5.29 4.56 4.56 5.29 5.29 8.05 8.05 5.10 5.29 5.89 4.56 4.56 4.03 4.70 4.70 8.03 7.10 5.11 5.11 5.11 4.03 5.10 5.10 5.10
2.20 2.20 2.20 3.79 3.50 3.73 5.04 1.89 0.91 1.85 3.66 3.66 3.74 3.74 3.74 3.74 3.83 3.83 3.83 4.12 0.05 0.05 0.05 0.05 0.06 0.06 0.06 0.06 0.06 4.61 2.26 7.08 4.47 4.47 4.61 1.00 1.63 1.00 0.97 0.97 0.99 1.70 1.58 1.58 1.56 1.56 1.56 1.56 1.58 1.42 1.24 1.24 1.42 1.42 1.42 1.42 1.16 3.26 5.89 5.89 4.56 4.56 4.56 5.29 5.10 8.05 5.29 8.05 10.67 12.73 5.76 5.76 4.03 4.53 4.70 4.70 5.26 5.26 5.26 5.11 5.10 5.10 4.98 4.03
2.20 2.20 1.77 3.75 3.47 3.47 3.47 1.74 1.86 1.86 3.68 3.68 2.03 2.03 3.76 3.76 3.80 3.80 3.99 4.30 4.32 0.05 0.05 0.05 0.06 0.06 0.06 0.06 0.06 3.76 7.08 7.08 4.42 4.77 2.58 1.01 0.99 0.96 0.99 1.41 0.99 0.90 1.56 1.56 1.56 1.56 1.56 1.56 1.57 1.70 1.42 1.24 2.41 3.25 1.42 1.24 3.60 3.53 3.10 5.60 5.89 5.89 5.29 8.05 5.29 8.05 4.56 4.56 4.56 5.89 5.75 5.75 4.03 4.03 4.03 5.26 5.26 5.26 5.26 5.10 5.33 5.09 5.33 10.84
2.20 2.20 2.20 2.20 3.47 1.74 3.47 3.47 6.18 3.68 3.68 3.68 1.89 2.34 3.76 3.76 3.99 3.80 4.08 1.93 1.93 0.05 0.05 0.05 0.06 0.06 0.06 0.06 2.05 2.58 2.05 2.17 2.05 2.58 2.58 1.41 0.96 0.96 0.99 1.41 0.99 1.56 1.69 1.56 1.56 1.56 0.99 0.99 1.57 1.70 1.24 1.24 1.42 1.73 1.42 3.43 3.26 2.20 3.26 3.26 4.91 4.91 4.91 5.29 4.56 5.10 4.56 4.56 5.89 5.89 5.75 4.56 4.03 4.03 5.26 4.97 4.97 4.03 4.03 4.03 4.03 4.03 5.26 8.40
2.20 1.87 2.20 2.20 3.71 3.47 3.47 3.47 6.18 3.68 3.68 2.48 3.97 3.97 1.99 1.99 2.34 3.99 4.52 2.44 2.44 2.11 2.44 0.05 3.96 2.05 2.58 2.58 2.05 2.58 2.05 2.17 2.58 2.58 1.71 1.41 1.70 0.99 0.96 0.96 0.90 1.62 1.69 1.62 0.90 1.69 1.24 1.07 1.42 1.42 1.24 1.42 0.95 1.08 1.73 6.57 3.26 2.20 2.20 3.26 2.47 4.91 7.52 4.91 5.89 9.38 5.89 5.89 10.35 5.89 5.75 4.56 4.03 5.10 4.97 5.26 4.03 4.03 4.03 5.26 4.03 4.95 5.26 5.26
2.20 2.20 2.20 2.20 3.71 3.47 3.47 3.47 1.86 3.68 3.68 3.68 3.76 3.76 3.76 4.31 4.83 2.34 2.44 2.44 1.93 1.93 7.00 4.67 4.91 2.58 2.58 2.58 2.58 2.58 2.58 2.58 2.58 2.58 1.01 0.98 0.96 0.96 0.96 1.64 1.56 1.56 1.56 1.56 1.62 1.42 1.24 0.99 1.42 1.42 1.24 2.00 2.31 1.82 0.92 1.58 6.17 2.20 2.20 3.26 2.47 2.47 4.39 4.91 5.89 5.89 5.89 5.89 5.89 5.61 5.75 4.56 4.03 4.03 5.26 5.26 5.26 4.03 4.03 4.03 5.09 5.26 5.26 5.26
3.29 2.20 2.20 2.20 8.78 3.48 5.75 3.48 3.71 3.71 3.71 1.88 3.76 3.76 4.61 4.31 2.34 3.06 3.50 2.44 2.44 2.44 3.50 2.44 2.58 3.73 4.32 4.91 4.91 2.58 2.58 2.58 3.73 2.58 1.00 1.00 0.95 1.59 1.59 1.59 1.58 1.70 1.58 1.70 1.69 1.42 1.42 1.42 1.42 1.24 1.24 1.82 1.57 1.57 1.57 1.70 1.34 2.76 3.26 2.47 2.47 2.08 2.47 4.22 5.89 5.89 5.89 5.89 5.89 5.89 5.59 7.63 4.03 5.26 5.26 4.03 5.26 4.03 4.03 5.08 5.26 5.26 5.26 5.26
2.20 2.20 2.20 2.20 2.20 3.72 5.22 1.87 4.61 3.71 3.71 3.71 4.61 2.34 2.34 4.31 2.34 2.34 2.44 2.44 2.44 2.44 2.05 2.44 2.58 3.73 4.91 6.33 2.17 4.91 4.91 4.91 2.17 2.58 0.94 0.97 0.99 0.92 1.59 1.59 1.58 1.70 1.70 1.42 1.24 1.42 1.42 1.08 1.24 1.42 1.24 3.02 1.70 1.70 1.82 1.42 1.34 1.34 2.76 3.26 2.47 2.47 2.47 1.96 4.56 5.89 5.29 4.56 5.29 5.89 4.56 5.73 5.09 5.26 4.03 4.03 4.03 4.03 4.03 5.26 5.26 4.03 5.26 5.26
2.20 2.20 2.20 1.82 2.20 2.20 2.20 2.20 2.01 3.71 6.17 3.82 2.34 2.34 2.34 2.34 4.31 4.67 6.81 4.29 2.44 2.44 2.05 2.44 2.58 2.58 2.58 2.17 2.17 2.58 2.58 2.58 2.17 2.17 4.91 2.58 2.30 4.53 4.53 1.49 1.58 1.70 1.24 1.24 0.94 1.42 1.75 1.42 1.42 1.42 0.94 0.94 0.91 1.57 0.95 0.95 1.55 1.34 1.34 3.26 2.76 2.47 2.89 1.96 1.96 5.29 5.29 5.29 5.89 4.56 5.89 5.73 5.26 5.26 4.03 4.03 5.08 5.08 5.08 4.26 4.36 3.72 3.72 4.36
2.20 2.20 2.20 2.20 2.20 5.44 2.20 2.20 2.34 4.31 2.34 2.34 1.99 4.31 2.34 1.89 1.99 2.05 4.06 4.06 4.17 3.31 1.93 2.44 2.05 2.84 2.05 2.58 2.17 2.58 2.17 3.73 2.58 2.17 2.58 2.58 2.05 2.05 2.05 2.05 4.26 1.58 1.70 1.24 0.90 1.61 1.44 1.08 1.42 0.94 1.56 2.12 1.57 1.57 1.57 1.57 1.25 1.34 1.34 1.34 1.16 2.47 1.96 1.96 3.55 3.26 5.89 5.89 5.89 5.89 5.89 4.56 4.03 4.03 4.03 4.03 4.03 4.03 4.26 4.36 4.36 3.88 3.72 3.72
4.09 4.09 3.29 2.20 3.29 2.20 4.09 1.87 3.51 5.96 2.34 1.89 2.34 2.34 2.73 1.89 2.48 4.52 3.97 2.28 4.15 2.44 3.50 2.44 2.05 2.05 2.05 2.05 2.05 2.58 2.17 2.58 2.58 2.58 4.91 3.04 2.58 2.05 3.97 2.58 4.56 4.56 1.61 1.66 1.55 1.55 4.95 4.95 1.42 1.60 1.53 1.53 1.62 1.62 0.91 1.31 0.89 1.34 1.34 1.16 1.63 4.73 3.55 2.08 2.47 2.47 3.26 4.56 4.56 5.89 5.89 5.72 5.26 4.03 4.03 4.36 4.36 3.72 4.36 7.33 4.36 4.36 4.36 3.88
2.20 3.19 2.20 2.20 2.20 2.20 2.20 6.77 2.34 2.34 2.34 1.89 4.31 2.34 1.89 1.89 6.18 1.98 3.73 3.97 4.52 4.05 2.44 2.44 2.05 2.05 2.05 2.05 2.75 2.58 2.58 2.58 2.58 2.58 2.05 2.43 2.31 2.05 2.05 2.58 2.61 4.56 4.32 1.61 1.55 1.49 1.82 1.82 1.68 1.53 1.53 1.53 1.57 1.57 1.57 1.57 1.49 1.71 1.61 1.16 2.99 2.47 1.96 2.47 2.47 2.47 2.08 2.47 9.46 9.68 5.89 4.56 4.37 3.72 3.72 4.36 3.88 6.57 4.36 4.36 4.36 3.88 3.88 4.53
2.00 2.00 2.00 2.97 2.00 2.00 2.78 1.61 4.00 4.00 3.20 2.14 2.14 2.14 1.73 1.96 1.73 3.87 3.66 3.66 1.81 3.88 2.00 1.55 1.83 1.83 1.83 1.83 1.83 2.32 2.32 2.32 2.32 2.32 2.32 3.31 1.83 2.06 2.32 1.83 1.84 1.84 1.39 1.39 1.34 0.76 1.34 1.34 1.33 1.33 0.84 0.75 1.36 0.77 0.93 0.93 0.75 1.31 1.53 3.39 2.00 1.56 2.00 2.00 2.00 2.00 2.00 4.19 3.66 9.05 4.19 4.19 4.06 6.56 4.18 4.18 4.18 6.84 4.17 4.17 3.70 3.70 4.33 4.33
1.70 2.00 2.00 1.70 2.00 2.00 2.97 2.00 2.14 4.00 2.14 2.14 2.14 2.14 1.73 1.73 1.55 1.93 1.93 3.75 1.81 3.68 3.88 1.55 1.83 1.83 2.32 2.32 1.83 1.83 2.32 2.32 2.32 2.32 2.32 2.32 2.32 4.47 2.32 1.83 1.84 1.84 1.51 0.80 0.85 0.93 1.34 1.34 1.33 1.33 0.75 0.75 1.36 1.36 1.36 0.93 0.81 0.75 1.53 1.28 4.02 2.00 1.56 2.00 3.07 2.00 2.00 3.76 3.66 5.84 4.19 4.19 3.56 4.17 4.06 4.18 3.96 6.20 6.33 3.70 3.70 4.33 4.33 4.33
2.00 2.00 2.00 2.00 2.00 2.00 2.00 2.00 2.14 2.14 2.14 2.14 2.14 1.82 2.14 2.14 1.55 3.86 1.85 4.98 3.65 3.65 1.80 1.55 1.83 1.83 2.32 2.32 2.32 2.32 2.32 2.32 2.32 1.94 2.32 1.83 2.32 2.32 2.32 2.32 2.33 2.33 1.95 1.39 1.34 1.48 1.34 1.34 1.33 1.33 1.33 1.33 1.37 1.37 1.37 1.37 0.74 0.81 1.30 3.39 2.00 2.00 2.00 2.00 1.56 2.00 2.00 3.87 3.65 3.65 5.82 9.04 4.17 4.17 6.33 6.20 6.20 6.33 4.17 4.50 4.33 4.33 4.33 4.33
1.70 1.70 2.00 2.00 2.00 2.00 2.00 2.00 2.14 1.73 2.14 2.14 2.14 1.73 2.14 2.14 2.00 3.86 1.85 3.73 3.74 1.85 5.23 2.00 2.32 2.32 2.32 2.32 2.32 2.32 2.32 2.32 2.32 1.94 2.32 2.32 2.32 3.31 3.31 2.32 2.33 2.33 2.33 2.05 1.34 1.34 1.34 1.34 1.33 1.33 1.33 1.33 1.37 1.37 1.50 1.37 0.74 0.81 1.53 0.76 1.66 2.00 2.00 2.00 2.00 2.00 2.00 4.78 3.65 3.65 3.65 3.74 4.17 6.50 6.20 6.20 6.33 4.17 4.50 4.50 4.50 4.33 4.33 4.33
5.14 2.00 2.00 2.00 1.61 2.00 1.61 2.00 2.14 1.82 2.14 1.73 2.14 2.14 1.73 1.73 2.00 2.00 2.00 2.00 1.66 1.66 1.55 1.55 2.32 2.32 2.32 2.32 2.32 2.32 2.32 2.32 2.32 2.32 2.32 1.83 1.83 2.32 3.10 2.32 2.33 2.33 1.95 6.91 4.33 1.34 1.34 1.34 1.33 1.33 1.33 1.33 1.37 1.37 1.37 1.37 1.30 1.30 1.53 1.53 4.18 1.56 2.00 2.00 1.66 2.00 1.66 4.18 3.65 3.87 3.87 3.87 3.54 3.02 6.20 6.20 4.17 4.50 4.50 4.50 4.33 6.99 6.99 4.33
3.77 1.70 2.00 2.00 1.63 1.61 2.00 2.00 2.14 2.14 1.96 1.73 1.73 1.73 1.73 1.73 2.00 2.00 2.00 4.00 1.66 1.66 5.58 2.00 2.32 2.32 2.32 2.32 2.32 2.50 1.83 2.32 2.32 2.32 2.32 2.32 1.83 1.83 1.83 3.31 2.33 2.33 1.84 6.91 6.91 4.33 4.33 4.50 1.60 1.33 1.33 1.33 1.50 1.37 1.37 1.37 1.30 1.30 1.30 1.30 4.18 1.56 2.00 2.00 2.00 1.56 1.56 3.74 3.74 3.87 3.87 1.56 1.40 3.54 3.02 6.20 3.70 4.17 4.17 4.50 4.50 4.50 4.50 4.33
