New_Model_Runs/12_Future_RCP4.5_Scn2_out/post_prcessed_with_MFR/Monthly_summaries/runoff_monthly_SEP.asc
NCOLS 700
NROWS 400
XLLCENTER 515000.000000
YLLCENTER 8409000.000000
CELLSIZE 50.000000
NODATA_value -999.000000
[rows 74 to 110 of 400, columns 332 to 414 of 700]
0.00 0.00 0.00 0.00 0.00 0.00 0.00 0.00 0.00 0.00 0.00 0.00 0.00 0.00 0.00 0.00 0.00 0.00 0.00 0.00 0.00 0.00 0.00 0.00 0.00 0.00 0.00 0.00 0.00 0.00 0.00 0.00 0.00 0.00 0.00 0.00 0.00 0.00 0.00 0.00 0.00 0.00 0.00 0.00 0.00 0.00 0.00 0.00 0.00 0.00 0.00 0.00 0.00 0.00 0.00 0.00 0.00 0.00 0.00 0.00 0.00 0.00 0.00 2.10 3.94 3.94 2.04 2.04 1.97 1.97 1.97 1.97 1.00 0.74 0.77 0.83 0.00 0.00 0.00 0.00 0.00 0.00 0.00
0.00 0.00 0.00 0.00 0.00 0.00 0.00 0.00 0.00 0.00 0.00 0.00 0.00 0.00 0.00 0.00 0.00 0.00 0.00 0.00 0.00 0.00 0.00 0.00 0.00 0.00 0.00 0.00 0.00 0.00 0.00 0.00 0.00 0.00 0.00 0.00 0.00 0.00 0.00 0.00 0.00 0.00 0.00 0.00 0.00 0.00 0.00 0.00 0.00 0.00 0.00 0.00 0.00 0.00 0.00 0.00 0.00 0.00 0.00 0.00 0.00 0.00 2.10 4.00 2.39 2.04 2.04 2.04 1.97 1.97 1.97 1.97 1.00 0.74 0.74 0.74 0.00 0.00 0.00 0.00 0.00 0.00 0.00
0.00 0.00 0.00 0.00 0.00 0.00 0.00 0.00 0.00 0.00 0.00 0.00 0.00 0.00 0.00 0.00 0.00 0.00 0.00 0.00 0.00 0.00 0.00 0.00 0.00 0.00 0.00 0.00 0.00 0.00 0.00 0.00 0.00 0.00 0.00 0.00 0.00 0.00 0.00 0.00 0.00 0.00 0.00 0.00 0.00 0.00 0.00 0.00 0.00 0.00 0.00 0.00 4.01 1.95 0.00 0.00 0.00 0.00 0.00 0.00 0.00 5.43 3.90 0.99 2.02 2.02 0.73 0.73 2.08 0.75 0.75 0.75 0.77 1.16 0.77 0.00 0.00 0.00 0.00 0.00 0.00 0.00 0.00
0.00 0.00 0.00 0.00 0.00 0.00 0.00 0.00 0.00 0.00 0.00 0.00 0.00 0.00 0.00 0.00 0.00 0.00 0.00 0.00 0.00 0.00 0.00 0.00 0.00 0.00 0.00 0.00 0.00 0.00 0.00 0.00 0.00 0.00 0.00 0.00 0.00 0.00 0.00 0.00 0.00 0.00 0.00 0.00 0.00 0.00 0.00 0.00 0.00 0.00 0.00 0.00 2.81 2.14 2.14 0.00 0.00 0.00 13.49 2.09 2.02 2.02 5.43 2.02 2.02 0.73 0.73 0.73 0.75 0.47 0.76 1.16 1.16 2.22 0.00 0.00 0.00 0.00 0.00 0.00 0.00 0.00 0.00
0.00 0.00 0.00 0.00 0.00 0.00 0.00 0.00 0.00 0.00 0.00 0.00 0.00 0.00 0.00 0.00 0.00 0.00 0.00 0.00 0.00 0.00 0.00 0.00 0.00 0.00 0.00 0.00 0.00 0.00 0.00 0.00 0.00 0.00 0.00 0.00 0.00 0.00 0.00 0.00 0.00 0.00 0.00 0.00 0.00 0.00 0.00 0.00 0.00 0.00 0.00 0.00 2.14 2.14 2.14 2.14 2.09 2.09 2.09 2.09 2.02 2.42 3.90 2.02 2.02 0.76 0.76 0.45 0.75 4.17 4.17 4.17 0.97 0.00 0.00 0.00 0.00 0.00 0.00 0.00 0.00 0.00 0.00
0.00 0.00 0.00 0.00 0.00 0.00 0.00 0.00 0.00 0.00 0.00 0.00 0.00 0.00 0.00 0.00 0.00 0.00 0.00 0.00 0.00 0.00 0.00 0.00 0.00 0.00 0.00 0.00 0.00 0.00 0.00 0.00 0.00 0.00 0.00 0.00 0.00 0.00 0.00 0.00 0.00 0.00 0.00 0.00 0.00 0.00 0.00 0.00 0.00 0.00 0.00 4.24 2.14 2.14 2.14 2.14 2.09 1.02 2.09 2.09 2.02 1.95 2.02 2.02 2.10 2.10 0.73 1.18 0.75 4.17 4.17 4.17 0.00 0.00 0.00 0.00 0.00 0.00 0.00 0.00 0.00 0.00 0.00
0.00 0.00 0.00 0.00 0.00 0.00 0.00 0.00 0.00 0.00 0.00 0.00 0.00 0.00 0.00 0.00 0.00 0.00 0.00 0.00 0.00 0.00 0.00 0.00 0.00 0.00 0.00 0.00 0.00 0.00 0.00 0.00 0.00 0.00 0.00 0.00 0.00 0.00 0.00 0.00 0.00 0.00 0.00 0.00 0.00 0.00 0.00 0.00 0.00 0.00 0.00 2.27 2.11 2.11 2.11 2.11 2.01 0.98 2.01 2.01 2.05 2.05 2.05 2.05 2.16 2.26 2.16 1.19 4.17 0.97 13.35 0.00 0.00 0.00 0.00 0.00 0.00 0.00 0.00 0.00 0.00 0.00 0.00
0.00 0.00 0.00 0.00 0.00 0.00 0.00 0.00 0.00 0.00 0.00 0.00 0.00 0.00 0.00 0.00 0.00 0.00 0.00 0.00 0.00 0.00 0.00 0.00 0.00 0.00 0.00 0.00 0.00 0.00 0.00 0.00 0.00 0.00 0.00 0.00 0.00 0.00 0.00 0.00 0.00 0.00 6.48 0.00 0.00 0.00 0.00 0.00 0.00 0.00 0.00 2.27 2.11 2.11 2.11 2.11 2.01 4.69 2.01 2.01 4.43 1.95 2.05 2.05 2.16 1.06 2.16 1.76 2.22 2.22 0.00 0.00 0.00 0.00 0.00 0.00 0.00 0.00 0.00 0.00 0.00 0.00 0.00
0.00 0.00 0.00 0.00 0.00 0.00 0.00 0.00 0.00 0.00 0.00 0.00 0.00 0.00 0.00 0.00 0.00 0.00 0.00 0.00 0.00 0.00 0.00 0.00 0.00 0.00 0.00 0.00 0.00 0.00 0.00 0.00 0.00 0.00 0.00 0.00 0.00 0.00 0.00 0.00 0.00 6.12 6.12 6.12 6.13 0.00 0.00 0.00 0.00 0.00 0.00 3.53 3.34 3.34 3.34 3.34 3.11 3.11 3.11 3.11 2.61 2.61 3.16 1.75 1.90 3.41 1.55 5.53 2.89 0.00 0.00 0.00 0.00 0.00 0.00 0.00 0.00 0.00 0.00 0.00 0.00 0.00 0.00
0.00 0.00 0.00 0.00 0.00 0.00 0.00 0.00 0.00 0.00 0.00 0.00 0.00 0.00 0.00 0.00 0.00 0.00 0.00 0.00 0.00 0.00 0.00 0.00 0.00 0.00 0.00 0.00 0.00 0.00 0.00 0.00 0.00 0.00 0.00 0.00 0.00 0.00 0.00 0.00 6.12 6.12 6.12 6.12 11.61 4.05 4.05 6.27 3.78 3.53 3.53 3.53 3.34 3.34 3.34 3.34 3.11 2.61 3.11 3.11 3.16 3.16 3.16 1.75 1.48 1.55 1.16 5.53 5.32 0.00 0.00 0.00 0.00 0.00 0.00 0.00 0.00 0.00 0.00 0.00 0.00 0.00 0.00
0.00 0.00 0.00 0.00 0.00 0.00 0.00 0.00 0.00 0.00 0.00 0.00 0.00 0.00 0.00 0.00 0.00 0.00 0.00 0.00 0.00 0.00 0.00 0.00 0.00 0.00 0.00 0.00 0.00 0.00 0.00 0.00 0.00 0.00 0.00 0.00 0.00 0.00 13.46 6.16 6.09 6.09 6.09 6.09 6.11 7.45 4.03 4.03 6.04 3.42 3.42 5.92 3.13 3.13 3.13 3.13 3.16 3.16 3.16 3.16 3.44 3.44 3.44 3.44 1.53 1.16 1.94 1.36 34.56 0.00 0.00 0.00 0.00 0.00 0.00 0.00 0.00 0.00 0.00 0.00 0.00 0.00 0.00
0.00 0.00 0.00 0.00 0.00 0.00 0.00 0.00 0.00 0.00 0.00 0.00 0.00 0.00 0.00 0.00 0.00 0.00 0.00 0.00 0.00 0.00 0.00 0.00 0.00 0.00 0.00 0.00 0.00 0.00 0.00 0.00 0.00 0.00 0.00 0.00 21.82 6.16 6.16 6.16 6.09 6.09 6.09 6.09 6.11 4.03 4.03 4.03 6.04 11.46 3.42 3.42 3.13 3.13 3.13 3.13 3.16 3.16 3.16 3.16 1.50 1.50 1.50 1.52 1.16 1.59 1.59 3.02 15.09 0.00 0.00 0.00 0.00 0.00 0.00 0.00 0.00 0.00 0.00 0.00 0.00 0.00 0.00
0.00 0.00 0.00 0.00 0.00 0.00 0.00 0.00 0.00 0.00 0.00 0.00 0.00 0.00 0.00 0.00 0.00 0.00 0.00 0.00 0.00 0.00 0.00 0.00 0.00 0.00 0.00 0.00 0.00 0.00 0.00 0.00 0.00 0.00 0.00 0.00 0.00 11.68 6.16 6.16 6.09 6.09 11.55 6.09 6.11 4.03 4.03 8.78 6.04 6.04 6.04 3.42 3.13 7.69 3.13 3.13 3.16 1.75 3.16 3.16 1.50 0.99 1.52 1.04 1.94 1.94 1.94 1.36 0.00 0.00 0.00 0.00 0.00 0.00 0.00 0.00 0.00 0.00 0.00 0.00 0.00 0.00 3.32
0.00 0.00 0.00 0.00 0.00 0.00 0.00 0.00 0.00 0.00 0.00 0.00 0.00 0.00 0.00 0.00 0.00 0.00 0.00 0.00 0.00 0.00 0.00 0.00 0.00 0.00 0.00 0.00 0.00 0.00 0.00 0.00 0.00 0.00 0.00 0.00 0.00 6.16 6.16 6.16 6.09 6.09 6.09 6.09 6.11 11.54 4.03 4.03 6.04 6.04 6.04 6.04 3.13 5.74 3.13 2.61 3.16 3.16 3.16 3.16 3.44 1.03 1.52 1.16 1.16 1.94 1.94 3.02 0.00 0.00 0.00 0.00 0.00 0.00 0.00 0.00 0.00 0.00 0.00 0.00 0.00 3.37 3.32
0.00 0.00 0.00 0.00 0.00 0.00 0.00 0.00 0.00 0.00 0.00 0.00 0.00 0.00 0.00 0.00 0.00 0.00 0.00 0.00 0.00 0.00 0.00 0.00 0.00 0.00 0.00 0.00 0.00 0.00 0.00 0.00 0.00 0.00 0.00 0.00 0.00 0.00 6.26 6.26 6.14 6.14 6.14 6.14 6.06 6.06 3.99 3.99 3.93 5.97 5.42 5.42 6.14 3.49 2.61 3.21 1.91 3.43 3.43 3.43 3.53 3.53 1.05 1.05 1.04 1.16 1.94 3.02 0.00 0.00 0.00 0.00 0.00 0.00 0.00 0.00 0.00 0.00 0.00 0.00 3.44 3.34 3.34
0.00 0.00 0.00 0.00 0.00 0.00 0.00 0.00 0.00 0.00 0.00 0.00 0.00 0.00 0.00 0.00 0.00 0.00 0.00 0.00 0.00 0.00 0.00 0.00 0.00 0.00 0.00 0.00 0.00 0.00 0.00 0.00 0.00 0.00 0.00 0.00 0.00 0.00 0.00 6.26 6.14 6.14 6.14 6.14 6.06 6.06 6.06 11.48 3.93 5.97 5.42 5.42 5.33 4.59 1.79 3.21 3.43 3.43 3.43 3.43 3.53 1.54 1.03 1.16 1.04 1.04 3.50 3.02 2.89 0.00 0.00 0.00 0.00 0.00 0.00 0.00 0.00 0.00 0.00 3.40 5.77 3.34 3.34
0.00 0.00 0.00 0.00 0.00 0.00 0.00 0.00 0.00 0.00 0.00 0.00 0.00 0.00 0.00 0.00 0.00 0.00 0.00 0.00 0.00 0.00 0.00 0.00 0.00 0.00 0.00 7.68 0.00 0.00 0.00 0.00 0.00 0.00 0.00 0.00 0.00 0.00 0.00 11.77 6.14 6.14 11.65 6.14 6.06 6.06 6.06 6.06 5.97 5.97 9.60 4.67 5.88 4.59 5.88 3.21 3.43 1.49 1.49 1.49 1.54 1.54 1.56 1.36 1.36 1.59 1.94 1.36 5.32 1.29 2.89 17.98 0.00 0.00 0.00 0.00 15.09 7.13 3.47 3.40 3.34 3.34 3.34
0.00 0.00 0.00 0.00 0.00 0.00 0.00 0.00 0.00 0.00 0.00 0.00 0.00 0.00 0.00 0.00 0.00 0.00 0.00 0.00 0.00 0.00 0.00 0.00 0.00 0.00 0.00 6.15 6.15 6.15 0.00 0.00 0.00 0.00 0.00 0.00 0.00 0.00 0.00 0.00 6.14 6.14 6.14 6.14 6.06 6.06 6.06 16.62 5.97 5.97 5.97 5.97 4.38 5.88 5.88 5.88 1.49 1.49 1.49 1.63 2.37 3.53 1.56 3.02 1.94 1.94 1.94 1.90 5.32 2.89 2.89 3.84 1.46 1.46 2.79 1.85 2.92 1.85 3.47 3.40 3.34 3.34 3.34
0.00 0.00 0.00 0.00 0.00 0.00 0.00 0.00 0.00 0.00 0.00 0.00 0.00 0.00 0.00 0.00 0.00 0.00 0.00 0.00 0.00 0.00 0.00 0.00 0.00 0.00 0.00 6.17 6.16 6.16 6.16 0.00 0.00 0.00 0.00 0.00 0.00 0.00 0.00 0.00 6.19 6.19 6.19 6.19 6.03 6.03 6.03 11.43 11.40 6.01 6.01 6.01 6.01 6.01 6.01 6.01 6.07 8.41 3.45 3.45 3.53 3.53 3.53 1.04 1.94 1.94 1.04 1.04 1.85 1.10 1.29 2.09 1.51 7.13 1.59 2.75 1.85 12.27 7.24 3.44 3.46 1.88 1.93
0.00 0.00 0.00 0.00 0.00 0.00 0.00 0.00 0.00 0.00 0.00 0.00 0.00 0.00 0.00 0.00 0.00 0.00 0.00 0.00 0.00 0.00 0.00 0.00 0.00 0.00 0.00 6.17 6.16 6.16 6.16 11.68 0.00 0.00 0.00 0.00 0.00 0.00 0.00 0.00 0.00 6.19 6.19 6.19 6.03 6.03 6.03 6.03 6.01 6.01 6.01 11.40 6.01 16.89 6.01 16.89 6.07 6.07 3.45 3.45 3.53 3.53 3.61 1.58 1.08 1.92 3.05 2.04 3.68 1.29 1.10 4.64 1.90 5.32 1.51 1.51 1.85 2.75 3.48 1.49 1.88 1.93 0.99
0.00 0.00 0.00 0.00 0.00 0.00 0.00 0.00 0.00 0.00 0.00 0.00 0.00 0.00 0.00 0.00 0.00 0.00 0.00 0.00 0.00 0.00 0.00 0.00 0.00 0.00 4.85 6.17 6.16 6.16 6.16 6.16 6.22 0.00 0.00 0.00 0.00 0.00 0.00 0.00 0.00 6.19 6.19 6.19 6.03 6.03 6.03 6.03 11.42 6.01 6.01 6.01 6.01 6.01 11.39 6.01 6.07 6.07 6.07 3.45 3.53 3.53 1.05 1.05 2.44 3.56 4.05 2.00 3.43 1.10 3.11 1.51 3.41 1.48 1.48 3.41 3.42 1.85 1.51 1.10 1.76 0.97 0.97
0.00 0.00 0.00 0.00 0.00 0.00 0.00 0.00 0.00 0.00 0.00 0.00 0.00 0.00 0.00 0.00 0.00 0.00 0.00 0.00 0.00 0.00 0.00 0.00 0.00 0.00 8.96 6.17 6.16 6.16 6.16 6.16 11.70 6.22 0.00 0.00 0.00 0.00 0.00 0.00 6.19 6.19 6.19 6.19 11.43 6.03 6.03 6.03 11.45 6.01 6.01 6.01 6.01 6.01 6.01 6.01 6.07 6.07 6.07 6.07 3.53 1.54 1.02 1.58 5.48 2.00 2.00 3.56 3.43 0.98 3.85 3.43 3.44 0.98 1.48 3.41 1.90 1.94 2.97 1.10 0.97 0.97 0.97
0.00 0.00 0.00 0.00 0.00 0.00 0.00 0.00 0.00 0.00 0.00 0.00 0.00 0.00 0.00 0.00 0.00 0.00 0.00 0.00 4.84 15.59 20.43 4.84 4.82 4.82 4.82 4.82 6.12 6.12 6.12 6.12 6.19 6.19 6.19 0.00 0.00 0.00 0.00 0.00 6.17 6.17 6.17 6.17 6.07 6.07 6.07 6.07 6.08 6.08 6.08 6.08 5.99 5.99 5.99 5.99 6.05 6.05 6.05 6.05 6.19 3.30 1.54 1.58 3.71 3.52 3.56 3.52 3.41 0.96 1.46 3.37 3.42 1.48 1.54 2.33 1.92 1.92 1.93 1.52 1.52 1.02 1.02
0.00 0.00 0.00 0.00 0.00 0.00 0.00 0.00 0.00 0.00 0.00 15.18 4.60 4.60 0.00 0.00 15.18 4.61 4.61 9.38 4.84 4.84 4.84 9.62 4.82 4.82 4.82 4.82 6.12 18.39 6.12 6.12 6.19 6.19 6.19 6.19 6.27 6.27 6.27 6.27 6.17 6.17 6.17 6.17 6.07 6.07 6.07 6.07 6.08 6.08 6.08 11.53 18.10 5.99 5.99 5.99 6.05 6.05 6.05 6.05 6.19 3.30 4.09 7.36 3.52 3.52 3.56 3.61 1.93 0.99 1.88 3.37 3.42 2.54 1.02 1.44 1.49 3.46 0.99 1.49 1.00 0.98 0.98
0.00 0.00 0.00 0.00 0.00 0.00 0.00 0.00 0.00 0.00 0.00 5.35 5.33 5.33 5.33 5.33 5.34 5.34 5.34 9.91 5.66 5.66 5.66 5.66 10.49 10.47 5.64 5.64 7.04 13.35 7.04 7.04 13.44 7.12 7.12 7.12 7.34 7.34 7.34 13.93 7.22 7.22 7.22 7.22 7.11 7.11 13.49 7.11 7.12 7.12 13.50 7.12 13.18 6.95 6.95 6.95 7.02 7.02 7.02 7.02 13.48 10.50 4.92 7.18 4.30 4.30 4.40 4.40 4.75 1.76 5.24 2.24 4.00 2.82 1.24 1.34 2.70 1.24 1.20 1.80 1.22 1.83 1.22
0.00 0.00 0.00 0.00 0.00 0.00 0.00 0.00 0.00 0.00 0.00 0.00 5.33 5.33 5.33 5.33 9.85 9.85 5.34 5.34 10.51 5.66 5.66 5.66 5.64 10.45 5.64 5.64 10.62 7.04 7.04 7.04 7.12 7.12 7.12 7.12 7.34 7.34 7.34 7.34 7.22 7.22 7.22 13.61 13.49 7.11 7.11 7.11 7.12 7.12 13.51 7.12 6.95 6.95 6.95 6.95 7.02 7.02 7.02 7.02 7.18 4.82 4.01 7.18 5.42 4.30 4.30 2.45 3.95 3.95 12.60 3.95 4.00 2.30 1.22 1.34 1.82 1.22 1.20 1.80 1.22 1.34 1.20
0.00 0.00 0.00 0.00 0.00 0.00 0.00 0.00 0.00 0.00 0.00 0.00 9.85 5.31 5.31 5.31 5.27 5.27 5.27 9.77 5.60 10.40 5.60 5.60 5.61 10.42 5.61 5.61 5.59 7.00 13.29 7.00 7.03 7.03 7.03 7.03 13.52 13.68 7.21 7.21 7.17 7.17 7.17 26.33 7.15 7.15 7.15 7.15 7.13 7.13 7.13 7.13 6.91 6.91 6.91 6.91 7.01 7.01 7.01 7.01 7.13 7.13 7.13 7.13 7.09 7.09 4.20 4.20 2.23 6.86 6.86 3.93 4.00 4.00 1.20 2.57 1.83 1.78 1.20 4.04 1.22 2.47 1.22
0.00 0.00 0.00 0.00 0.00 0.00 0.00 0.00 0.00 0.00 0.00 0.00 5.31 5.31 5.31 5.31 5.27 5.27 5.27 5.27 5.60 5.60 10.40 5.60 5.61 10.42 5.61 5.61 5.59 7.00 7.00 7.00 7.03 7.03 7.03 7.03 7.21 7.21 7.21 7.21 7.17 7.17 7.17 7.17 13.57 7.15 13.57 7.15 7.13 7.13 7.13 7.13 6.91 6.91 6.91 6.91 7.01 13.30 7.01 7.01 7.13 7.13 13.52 7.13 7.09 7.09 7.09 4.20 3.93 3.93 3.93 3.93 4.00 4.00 1.24 1.19 1.81 1.22 1.24 4.04 1.20 1.22 1.24
0.00 0.00 0.00 0.00 0.00 0.00 0.00 0.00 0.00 0.00 0.00 22.13 9.85 14.04 9.85 5.31 5.27 5.27 5.27 5.27 5.60 5.60 5.60 5.60 5.61 5.61 10.42 5.61 5.59 5.59 7.00 13.29 7.03 7.03 7.03 13.33 19.68 7.21 7.21 7.21 13.60 7.17 7.17 7.17 7.15 7.15 7.15 7.15 7.13 7.13 7.13 7.13 6.91 6.91 6.91 6.91 7.01 7.01 7.01 7.01 7.13 7.13 26.16 7.13 7.09 7.09 7.09 7.09 3.93 3.93 3.93 3.93 4.00 4.00 2.20 1.19 1.20 1.81 2.53 2.28 4.03 1.20 1.22
0.00 0.00 0.00 0.00 0.00 0.00 0.00 0.00 0.00 0.00 16.70 5.43 5.31 5.31 9.83 9.81 5.27 5.27 5.27 5.27 5.60 5.60 5.60 19.80 5.61 5.61 5.61 5.61 5.59 5.59 7.00 7.00 7.03 7.03 7.03 7.03 13.49 25.74 7.21 7.21 7.17 7.17 7.17 20.13 7.15 7.15 7.15 7.15 7.13 7.13 7.13 7.13 13.09 6.91 6.91 6.91 7.01 7.01 7.01 7.01 7.13 13.46 13.46 7.13 7.09 7.09 7.09 7.09 6.73 3.93 3.93 3.93 4.00 2.28 2.28 1.79 1.20 1.82 1.21 1.81 2.29 4.03 1.22
0.00 0.00 0.00 0.00 0.00 0.00 0.00 0.00 0.00 16.70 5.43 5.43 5.28 5.28 5.28 5.28 9.70 5.23 5.23 5.23 5.55 5.55 5.55 10.31 5.58 5.58 5.58 5.58 5.58 5.58 6.99 6.99 6.99 6.99 6.99 6.99 13.44 7.16 19.70 13.57 7.14 7.14 7.14 7.14 7.15 7.15 7.15 7.15 7.10 7.10 13.46 13.28 13.07 6.89 6.89 6.89 7.01 7.01 7.01 7.01 7.06 7.06 7.06 7.06 7.02 7.02 7.02 7.02 6.67 6.67 9.39 3.88 3.94 3.94 6.90 3.94 3.98 2.26 1.21 1.21 1.21 3.95 6.91
0.00 0.00 0.00 0.00 0.00 0.00 0.00 0.00 0.00 7.13 5.43 5.43 5.28 5.28 5.28 5.28 5.23 5.23 5.23 5.23 10.04 5.55 5.55 10.31 10.36 5.58 5.58 14.79 10.35 5.58 5.58 6.99 6.99 6.99 6.99 6.99 7.16 7.16 7.16 7.16 7.14 7.14 7.14 7.14 7.15 7.15 7.15 7.15 7.10 7.10 7.10 7.10 6.89 6.89 6.89 6.89 7.01 7.01 7.01 7.01 13.35 7.06 13.39 7.06 7.02 7.02 5.46 7.02 6.67 6.67 6.67 3.88 3.94 3.94 3.94 6.90 3.98 3.98 2.37 2.83 3.76 3.95 3.95
0.00 0.00 0.00 0.00 0.00 0.00 0.00 0.00 0.00 7.13 10.08 5.43 5.28 9.80 5.28 5.28 5.23 5.23 5.23 5.23 5.55 5.55 5.55 5.55 5.58 10.36 5.58 5.58 5.58 5.58 5.58 6.99 22.00 6.99 6.99 19.67 13.59 7.16 7.16 7.16 7.14 7.14 7.14 7.14 7.15 7.15 7.15 7.15 7.10 13.46 7.10 7.10 6.89 6.89 6.89 6.89 13.19 7.01 7.01 7.01 7.06 7.06 7.06 7.06 7.02 7.02 17.14 25.44 6.67 6.67 12.66 6.67 3.94 3.94 3.94 3.94 3.98 3.98 3.98 1.78 1.76 3.95 3.95
0.00 0.00 0.00 0.00 0.00 0.00 0.00 0.00 0.00 5.43 10.08 5.43 5.28 5.28 5.28 5.28 5.23 9.69 5.23 5.23 5.55 5.55 5.55 5.55 5.58 5.58 5.58 5.58 5.58 5.58 5.58 5.58 13.26 6.99 6.99 6.99 7.16 13.56 7.16 7.16 7.14 7.14 7.14 7.14 7.15 7.15 13.53 7.15 7.10 7.10 7.10 7.10 6.89 6.89 6.89 6.89 13.16 7.01 7.01 7.01 7.06 13.39 7.06 7.06 13.24 7.02 7.02 13.24 6.67 6.67 6.67 6.67 6.76 3.94 3.94 3.94 6.88 3.98 9.95 3.98 1.76 3.95 3.95
0.00 0.00 0.00 0.00 0.00 0.00 0.00 0.00 0.00 3.65 5.40 5.40 5.25 5.25 5.25 5.25 5.21 5.21 9.67 5.21 5.52 5.52 5.52 5.52 5.57 5.57 10.34 5.57 5.59 10.38 5.59 5.59 6.98 20.82 6.98 6.98 7.13 7.13 13.53 7.13 7.11 7.11 7.11 7.11 7.12 7.12 13.50 7.12 7.04 7.04 13.36 7.04 6.85 6.85 6.85 6.85 6.94 6.94 6.94 6.94 6.93 6.93 6.93 6.93 6.93 6.93 6.93 6.93 6.59 6.59 12.49 12.52 6.62 6.62 2.17 3.84 3.86 3.86 3.86 3.86 3.83 3.83 3.83
0.00 0.00 0.00 0.00 0.00 0.00 0.00 7.13 16.70 7.74 10.03 5.40 5.25 3.53 5.25 5.25 5.21 5.21 5.21 5.21 5.52 5.52 5.52 5.52 5.57 5.57 5.57 5.57 5.59 10.38 5.59 5.59 6.98 9.59 13.24 6.98 7.13 7.13 26.23 7.13 13.49 7.11 7.11 7.11 13.49 7.12 13.50 7.12 7.04 7.04 7.04 7.04 6.85 6.85 6.85 19.26 6.94 13.16 6.94 13.16 6.93 6.93 6.93 6.93 6.93 6.93 6.93 6.93 6.59 6.59 12.49 6.59 6.62 6.62 4.97 3.84 3.86 3.86 6.13 3.58 3.55 3.55 3.55
0.00 0.00 0.00 0.00 0.00 0.00 0.00 0.00 7.13 3.65 5.40 5.40 5.25 5.25 5.25 5.25 5.21 5.21 5.21 5.21 24.39 5.52 5.52 5.52 5.57 5.57 15.30 5.57 5.59 5.59 10.38 5.59 5.57 6.98 6.98 6.98 7.13 13.53 7.13 13.53 13.49 7.11 7.11 7.11 13.49 7.12 7.12 7.12 7.04 7.04 7.04 13.19 6.85 6.85 6.85 6.85 6.94 6.94 6.94 6.94 6.93 6.93 6.93 6.93 6.93 6.93 6.93 6.93 12.78 6.59 6.59 12.49 6.62 6.62 6.62 6.62 3.58 3.58 3.58 3.58 3.55 3.55 3.55
