New_Model_Runs/12_Future_RCP4.5_Scn2_out/post_prcessed_with_MFR/Monthly_summaries/runoff_monthly_JAN.asc
NCOLS 700
NROWS 400
XLLCENTER 515000.000000
YLLCENTER 8409000.000000
CELLSIZE 50.000000
NODATA_value -999.000000
[rows 74 to 110 of 400, columns 336 to 419 of 700]
0.00 0.00 0.00 0.00 0.00 0.00 0.00 0.00 0.00 0.00 0.00 0.00 0.00 0.00 0.00 0.00 0.00 0.00 0.00 0.00 0.00 0.00 0.00 0.00 0.00 0.00 0.00 0.00 0.00 0.00 0.00 0.00 0.00 0.00 0.00 0.00 0.00 0.00 0.00 0.00 0.00 0.00 0.00 0.00 0.00 0.00 0.00 0.00 0.00 0.00 0.00 0.00 0.00 0.00 0.00 0.00 0.00 0.00 0.00 2.11 3.20 3.20 2.06 2.06 2.00 2.00 2.00 2.00 0.91 0.63 0.66 0.53 0.00 0.00 0.00 0.00 0.00 0.00 0.00 0.00 0.00 0.00 0.00 0.00
0.00 0.00 0.00 0.00 0.00 0.00 0.00 0.00 0.00 0.00 0.00 0.00 0.00 0.00 0.00 0.00 0.00 0.00 0.00 0.00 0.00 0.00 0.00 0.00 0.00 0.00 0.00 0.00 0.00 0.00 0.00 0.00 0.00 0.00 0.00 0.00 0.00 0.00 0.00 0.00 0.00 0.00 0.00 0.00 0.00 0.00 0.00 0.00 0.00 0.00 0.00 0.00 0.00 0.00 0.00 0.00 0.00 0.00 2.11 3.25 1.58 2.06 2.06 2.06 2.00 2.00 2.00 2.00 0.91 0.63 0.63 0.63 0.00 0.00 0.00 0.00 0.00 0.00 0.00 0.00 0.00 0.00 0.00 0.00
0.00 0.00 0.00 0.00 0.00 0.00 0.00 0.00 0.00 0.00 0.00 0.00 0.00 0.00 0.00 0.00 0.00 0.00 0.00 0.00 0.00 0.00 0.00 0.00 0.00 0.00 0.00 0.00 0.00 0.00 0.00 0.00 0.00 0.00 0.00 0.00 0.00 0.00 0.00 0.00 0.00 0.00 0.00 0.00 0.00 0.00 0.00 0.00 3.96 1.62 0.00 0.00 0.00 0.00 0.00 0.00 0.00 3.90 3.15 0.88 2.04 2.04 0.61 0.61 2.12 0.65 0.65 0.65 0.67 0.74 0.67 0.00 0.00 0.00 0.00 0.00 0.00 0.00 0.00 0.00 0.00 0.00 0.00 0.00
0.00 0.00 0.00 0.00 0.00 0.00 0.00 0.00 0.00 0.00 0.00 0.00 0.00 0.00 0.00 0.00 0.00 0.00 0.00 0.00 0.00 0.00 0.00 0.00 0.00 0.00 0.00 0.00 0.00 0.00 0.00 0.00 0.00 0.00 0.00 0.00 0.00 0.00 0.00 0.00 0.00 0.00 0.00 0.00 0.00 0.00 0.00 0.00 2.39 2.16 2.16 0.00 0.00 0.00 14.13 2.10 2.03 2.03 3.90 2.03 2.04 0.61 0.61 0.61 0.65 0.34 0.40 0.74 0.74 1.95 0.00 0.00 0.00 0.00 0.00 0.00 0.00 0.00 0.00 0.00 0.00 0.00 0.00 0.00
0.00 0.00 0.00 0.00 0.00 0.00 0.00 0.00 0.00 0.00 0.00 0.00 0.00 0.00 0.00 0.00 0.00 0.00 0.00 0.00 0.00 0.00 0.00 0.00 0.00 0.00 0.00 0.00 0.00 0.00 0.00 0.00 0.00 0.00 0.00 0.00 0.00 0.00 0.00 0.00 0.00 0.00 0.00 0.00 0.00 0.00 0.00 0.00 2.16 2.16 2.16 2.16 2.10 2.10 2.10 2.10 2.03 1.42 3.15 2.03 2.04 0.64 0.64 0.32 0.65 4.21 4.21 4.21 0.67 0.00 0.00 0.00 0.00 0.00 0.00 0.00 0.00 0.00 0.00 0.00 0.00 0.00 0.00 0.00
0.00 0.00 0.00 0.00 0.00 0.00 0.00 0.00 0.00 0.00 0.00 0.00 0.00 0.00 0.00 0.00 0.00 0.00 0.00 0.00 0.00 0.00 0.00 0.00 0.00 0.00 0.00 0.00 0.00 0.00 0.00 0.00 0.00 0.00 0.00 0.00 0.00 0.00 0.00 0.00 0.00 0.00 0.00 0.00 0.00 0.00 0.00 3.91 2.16 2.16 2.16 2.16 2.10 0.92 2.10 2.10 2.03 1.62 2.03 2.03 2.11 2.11 0.61 0.74 0.65 4.21 4.21 4.21 0.00 0.00 0.00 0.00 0.00 0.00 0.00 0.00 0.00 0.00 0.00 0.00 0.00 0.00 0.00 0.00
0.00 0.00 0.00 0.00 0.00 0.00 0.00 0.00 0.00 0.00 0.00 0.00 0.00 0.00 0.00 0.00 0.00 0.00 0.00 0.00 0.00 0.00 0.00 0.00 0.00 0.00 0.00 0.00 0.00 0.00 0.00 0.00 0.00 0.00 0.00 0.00 0.00 0.00 0.00 0.00 0.00 0.00 0.00 0.00 0.00 0.00 0.00 2.19 2.13 2.13 2.13 2.13 2.02 0.88 2.02 2.02 2.07 2.07 2.07 2.07 2.18 2.29 2.18 0.75 4.21 0.67 14.09 0.00 0.00 0.00 0.00 0.00 0.00 0.00 0.00 0.00 0.00 0.00 0.00 0.00 0.00 0.00 0.00 0.00
0.00 0.00 0.00 0.00 0.00 0.00 0.00 0.00 0.00 0.00 0.00 0.00 0.00 0.00 0.00 0.00 0.00 0.00 0.00 0.00 0.00 0.00 0.00 0.00 0.00 0.00 0.00 0.00 0.00 0.00 0.00 0.00 0.00 0.00 0.00 0.00 0.00 0.00 5.53 0.00 0.00 0.00 0.00 0.00 0.00 0.00 0.00 2.19 2.13 2.13 2.13 2.13 2.02 3.51 2.02 2.02 3.23 1.62 2.07 2.07 2.18 0.96 2.18 1.43 1.95 1.95 0.00 0.00 0.00 0.00 0.00 0.00 0.00 0.00 0.00 0.00 0.00 0.00 0.00 0.00 0.00 0.00 0.00 0.00
0.00 0.00 0.00 0.00 0.00 0.00 0.00 0.00 0.00 0.00 0.00 0.00 0.00 0.00 0.00 0.00 0.00 0.00 0.00 0.00 0.00 0.00 0.00 0.00 0.00 0.00 0.00 0.00 0.00 0.00 0.00 0.00 0.00 0.00 0.00 0.00 0.00 4.49 4.49 4.49 4.49 0.00 0.00 0.00 0.00 0.00 0.00 2.98 2.90 2.90 2.90 2.90 2.76 2.76 2.76 2.76 2.17 2.17 2.82 1.31 1.39 2.97 1.06 5.38 2.47 0.00 0.00 0.00 0.00 0.00 0.00 0.00 0.00 0.00 0.00 0.00 0.00 0.00 0.00 0.00 0.00 0.00 0.00 2.40
0.00 0.00 0.00 0.00 0.00 0.00 0.00 0.00 0.00 0.00 0.00 0.00 0.00 0.00 0.00 0.00 0.00 0.00 0.00 0.00 0.00 0.00 0.00 0.00 0.00 0.00 0.00 0.00 0.00 0.00 0.00 0.00 0.00 0.00 0.00 0.00 4.49 4.49 4.49 4.49 7.78 1.93 1.93 4.58 3.34 2.98 2.98 2.98 2.90 2.90 2.90 2.90 2.76 2.17 2.76 2.76 2.82 2.82 2.82 1.31 1.00 1.06 0.75 5.38 5.14 0.00 0.00 0.00 0.00 0.00 0.00 0.00 0.00 0.00 0.00 0.00 0.00 0.00 0.00 0.00 2.40 5.57 2.40 2.40
0.00 0.00 0.00 0.00 0.00 0.00 0.00 0.00 0.00 0.00 0.00 0.00 0.00 0.00 0.00 0.00 0.00 0.00 0.00 0.00 0.00 0.00 0.00 0.00 0.00 0.00 0.00 0.00 0.00 0.00 0.00 0.00 0.00 0.00 10.41 4.52 4.45 4.45 4.45 4.45 4.47 2.83 1.92 1.92 4.41 2.88 2.88 4.62 2.78 2.78 2.78 2.78 2.81 2.81 2.81 2.81 3.00 3.00 3.00 3.00 1.05 0.75 1.49 0.93 34.50 0.00 0.00 0.00 0.00 0.00 0.00 0.00 0.00 0.00 0.00 0.00 0.00 0.00 0.00 2.87 2.42 2.42 2.42 2.42
0.00 0.00 0.00 0.00 0.00 0.00 0.00 0.00 0.00 0.00 0.00 0.00 0.00 0.00 0.00 0.00 0.00 0.00 0.00 0.00 0.00 0.00 0.00 0.00 0.00 0.00 0.00 0.00 0.00 0.00 0.00 0.00 20.31 4.52 4.52 4.52 4.45 4.45 4.45 4.45 4.47 1.92 1.92 1.92 4.41 7.64 2.88 2.88 2.78 2.78 2.78 2.78 2.81 2.81 2.81 2.81 1.02 1.02 1.02 1.04 0.75 1.15 1.15 2.60 15.48 0.00 0.00 0.00 0.00 0.00 0.00 0.00 0.00 0.00 0.00 0.00 0.00 0.00 0.00 2.87 2.42 2.65 2.42 2.42
0.00 0.00 0.00 0.00 0.00 0.00 0.00 0.00 0.00 0.00 0.00 0.00 0.00 0.00 0.00 0.00 0.00 0.00 0.00 0.00 0.00 0.00 0.00 0.00 0.00 0.00 0.00 0.00 0.00 0.00 0.00 0.00 0.00 7.84 4.52 4.52 4.45 4.45 7.72 4.45 4.47 1.92 1.92 3.95 4.41 4.41 4.41 2.88 2.78 5.76 2.78 2.78 2.81 1.31 2.81 2.81 1.02 0.57 1.04 0.64 1.49 1.49 1.49 0.93 0.00 0.00 0.00 0.00 0.00 0.00 0.00 0.00 0.00 0.00 0.00 0.00 0.00 0.00 2.87 1.34 2.42 2.42 2.42 2.42
0.00 0.00 0.00 0.00 0.00 0.00 0.00 0.00 0.00 0.00 0.00 0.00 0.00 0.00 0.00 0.00 0.00 0.00 0.00 0.00 0.00 0.00 0.00 0.00 0.00 0.00 0.00 0.00 0.00 0.00 0.00 0.00 0.00 4.52 4.52 4.52 4.45 4.45 4.45 4.45 4.47 7.72 1.92 1.92 4.41 4.41 4.41 4.41 2.78 4.62 2.78 2.17 2.81 2.81 2.81 2.81 3.00 0.60 1.04 0.75 0.75 1.49 1.49 2.60 0.00 0.00 0.00 0.00 0.00 0.00 0.00 0.00 0.00 0.00 0.00 0.00 0.00 2.91 2.87 2.87 2.42 2.42 4.02 2.42
0.00 0.00 0.00 0.00 0.00 0.00 0.00 0.00 0.00 0.00 0.00 0.00 0.00 0.00 0.00 0.00 0.00 0.00 0.00 0.00 0.00 0.00 0.00 0.00 0.00 0.00 0.00 0.00 0.00 0.00 0.00 0.00 0.00 0.00 4.61 4.61 4.50 4.50 4.50 4.50 4.42 4.42 1.89 1.89 1.85 4.34 3.46 3.46 4.65 3.05 2.17 2.87 1.40 2.99 2.99 2.99 3.09 3.09 0.62 0.62 0.64 0.75 1.49 2.60 0.00 0.00 0.00 0.00 0.00 0.00 0.00 0.00 0.00 0.00 0.00 0.00 2.98 2.89 2.89 2.89 4.02 2.42 2.42 2.42
0.00 0.00 0.00 0.00 0.00 0.00 0.00 0.00 0.00 0.00 0.00 0.00 0.00 0.00 0.00 0.00 0.00 0.00 0.00 0.00 0.00 0.00 0.00 0.00 0.00 0.00 0.00 0.00 0.00 0.00 0.00 0.00 0.00 0.00 0.00 4.61 4.50 4.50 4.50 4.50 4.42 4.42 4.42 7.67 1.85 4.34 3.46 3.46 3.50 2.60 1.34 2.87 2.99 2.99 2.99 2.99 3.09 1.05 0.60 0.75 0.64 0.64 3.12 2.60 2.47 0.00 0.00 0.00 0.00 0.00 0.00 0.00 0.00 0.00 0.00 2.94 4.64 2.89 2.89 2.89 2.42 2.42 4.02 2.42
0.00 0.00 0.00 0.00 0.00 0.00 0.00 0.00 0.00 0.00 0.00 0.00 0.00 0.00 0.00 0.00 0.00 0.00 0.00 0.00 0.00 0.00 0.00 6.30 0.00 0.00 0.00 0.00 0.00 0.00 0.00 0.00 0.00 0.00 0.00 7.94 4.50 4.50 7.81 4.50 4.42 4.42 4.42 4.42 4.34 4.34 5.06 2.57 4.40 2.60 4.40 2.87 2.99 1.01 1.01 1.01 1.05 1.05 1.07 0.93 0.93 1.15 1.49 0.93 5.14 0.87 2.47 17.95 0.00 0.00 0.00 0.00 15.48 7.14 3.01 2.94 2.89 2.89 2.89 2.89 2.42 2.42 2.42 2.42
0.00 0.00 0.00 0.00 0.00 0.00 0.00 0.00 0.00 0.00 0.00 0.00 0.00 0.00 0.00 0.00 0.00 0.00 0.00 0.00 0.00 0.00 0.00 4.28 4.28 4.28 0.00 0.00 0.00 0.00 0.00 0.00 0.00 0.00 0.00 0.00 4.50 4.50 4.50 4.50 4.42 4.42 4.42 10.31 4.34 4.34 4.34 4.34 2.44 4.40 4.40 4.40 1.01 1.01 1.01 0.80 1.40 3.09 1.07 2.60 1.49 1.49 1.49 1.11 5.14 2.47 2.47 2.94 0.99 0.99 1.84 1.40 1.93 1.40 3.01 2.94 2.89 2.89 2.89 2.89 2.42 2.42 2.42 2.42
0.00 0.00 0.00 0.00 0.00 0.00 0.00 0.00 0.00 0.00 0.00 0.00 0.00 0.00 0.00 0.00 0.00 0.00 0.00 0.00 0.00 0.00 0.00 4.30 4.29 4.29 4.29 0.00 0.00 0.00 0.00 0.00 0.00 0.00 0.00 0.00 4.55 4.55 4.55 4.55 4.40 4.40 4.40 7.62 7.59 4.39 4.39 4.39 4.52 4.52 4.52 4.52 4.59 4.17 3.01 3.01 3.09 3.09 3.09 0.64 1.49 1.49 0.61 0.61 1.40 0.70 0.87 1.23 1.02 7.14 1.15 1.81 1.40 9.11 5.53 2.99 3.01 1.37 1.41 2.94 2.64 2.64 2.64 2.64
0.00 0.00 0.00 0.00 0.00 0.00 0.00 0.00 0.00 0.00 0.00 0.00 0.00 0.00 0.00 0.00 0.00 0.00 0.00 0.00 0.00 0.00 0.00 4.30 4.29 4.29 4.29 7.41 0.00 0.00 0.00 0.00 0.00 0.00 0.00 0.00 0.00 4.55 4.55 4.55 4.40 4.40 4.40 4.40 4.39 4.39 4.39 7.59 4.52 11.45 4.52 11.45 4.59 4.59 3.01 3.01 3.09 3.09 3.16 1.09 0.65 1.00 1.35 1.51 2.49 0.87 0.70 3.63 1.38 5.14 1.07 1.07 1.40 1.81 3.02 1.01 1.37 1.41 0.57 0.99 1.21 2.64 2.64 2.64
0.00 0.00 0.00 0.00 0.00 0.00 0.00 0.00 0.00 0.00 0.00 0.00 0.00 0.00 0.00 0.00 0.00 0.00 0.00 0.00 0.00 0.00 2.70 4.30 4.29 4.29 4.29 4.29 4.34 0.00 0.00 0.00 0.00 0.00 0.00 0.00 0.00 4.55 4.55 4.55 4.40 4.40 4.40 4.40 7.60 4.39 4.39 4.39 4.52 4.52 7.85 4.52 4.59 4.59 4.59 3.01 3.09 3.09 0.62 0.62 1.44 3.12 2.83 1.48 2.97 0.70 1.63 1.02 2.95 1.00 1.00 2.95 2.96 1.40 1.07 0.70 0.87 0.55 0.55 0.99 1.21 2.64 2.64 4.02
0.00 0.00 0.00 0.00 0.00 0.00 0.00 0.00 0.00 0.00 0.00 0.00 0.00 0.00 0.00 0.00 0.00 0.00 0.00 0.00 0.00 0.00 4.58 4.30 4.29 4.29 4.29 4.29 7.44 4.34 0.00 0.00 0.00 0.00 0.00 0.00 4.55 4.55 4.55 4.55 7.62 4.40 4.40 4.40 7.63 4.39 4.39 4.39 4.52 4.52 4.52 4.52 4.59 4.59 4.59 4.59 3.09 1.05 0.59 1.09 3.47 1.48 1.48 3.12 2.97 0.56 2.21 2.97 2.98 0.57 1.00 2.95 1.39 1.42 1.94 0.70 0.55 0.55 0.55 0.55 2.64 2.64 2.64 2.64
0.00 0.00 0.00 0.00 0.00 0.00 0.00 0.00 0.00 0.00 0.00 0.00 0.00 0.00 0.00 0.00 2.69 15.27 17.97 2.69 2.68 2.68 2.68 2.68 4.25 4.25 4.25 4.25 4.31 4.31 4.31 0.00 0.00 0.00 0.00 0.00 4.53 4.53 4.53 4.53 4.44 4.44 4.44 4.44 4.44 4.44 4.44 4.44 4.51 4.51 4.51 4.51 4.56 4.56 4.56 4.56 4.69 1.30 1.05 1.09 3.38 3.08 3.12 3.08 2.96 0.55 0.98 2.92 2.96 1.00 1.05 1.35 1.40 1.40 1.41 1.03 1.03 0.59 0.59 1.01 1.33 1.25 1.25 2.71
0.00 0.00 0.00 0.00 0.00 0.00 0.00 14.73 2.48 2.48 0.00 0.00 14.73 2.49 2.49 4.89 2.69 2.69 2.69 5.15 2.68 2.68 2.68 2.68 4.25 11.51 4.25 4.25 4.31 4.31 4.31 4.31 4.62 4.62 4.62 4.62 4.53 4.53 4.53 4.53 4.44 4.44 4.44 4.44 4.44 4.44 4.44 7.70 12.14 4.51 4.51 4.51 4.56 4.56 4.56 4.56 4.69 1.30 2.04 2.58 3.08 3.08 3.12 3.16 1.41 0.57 1.37 2.92 2.96 1.40 0.59 0.70 1.01 3.01 0.57 1.01 0.58 0.57 0.57 0.57 0.51 1.29 1.25 4.11
0.00 0.00 0.00 0.00 0.00 0.00 0.00 3.29 3.27 3.27 3.27 3.27 3.28 3.28 3.28 5.44 3.69 3.69 3.69 3.69 6.07 6.06 3.68 3.68 5.34 9.39 5.34 5.34 9.47 5.42 5.42 5.42 5.83 5.83 5.83 10.30 5.71 5.71 5.71 5.71 5.60 5.60 9.88 5.60 5.61 5.61 9.89 5.61 9.79 5.56 5.56 5.56 5.62 5.62 5.62 5.62 10.09 5.56 2.71 5.78 4.07 4.07 4.17 4.17 3.49 1.28 3.28 1.77 3.72 1.64 0.78 0.89 2.22 0.78 0.75 1.31 0.77 1.34 0.77 0.77 0.66 0.63 5.35 3.21
0.00 0.00 0.00 0.00 0.00 0.00 0.00 0.00 3.27 3.27 3.27 3.27 5.40 5.40 3.28 3.28 6.09 3.69 3.69 3.69 3.68 6.05 3.68 3.68 7.19 5.34 5.34 5.34 5.42 5.42 5.42 5.42 5.83 5.83 5.83 5.83 5.71 5.71 5.71 10.00 9.88 5.60 5.60 5.60 5.61 5.61 9.90 5.61 5.56 5.56 5.56 5.56 5.62 5.62 5.62 5.62 5.78 2.64 1.78 5.78 3.36 4.07 4.07 2.00 3.67 3.67 10.25 3.67 3.72 1.81 0.76 0.89 1.33 0.77 0.75 1.31 0.77 0.89 0.77 0.99 0.66 0.63 3.21 3.21
0.00 0.00 0.00 0.00 0.00 0.00 0.00 0.00 5.39 3.26 3.26 3.26 3.22 3.22 3.22 5.33 3.65 6.01 3.65 3.65 3.66 6.02 3.66 3.66 3.64 5.31 9.33 5.31 5.33 5.33 5.33 5.33 9.77 10.06 5.70 5.70 5.66 5.66 5.66 18.43 5.65 5.65 5.65 5.65 5.62 5.62 5.62 5.62 5.52 5.52 5.52 5.52 5.62 5.62 5.62 5.62 5.73 5.73 5.73 5.73 5.70 5.70 4.01 4.01 1.75 5.91 5.91 3.64 3.72 3.72 0.75 1.62 1.34 0.95 0.75 3.75 0.77 1.18 0.77 0.78 0.84 0.69 0.62 1.10
0.00 0.00 0.00 0.00 0.00 0.00 0.00 0.00 3.26 3.26 3.26 3.26 3.22 3.22 3.22 3.22 3.65 3.65 6.01 3.65 3.66 6.02 3.66 3.66 3.64 5.31 5.31 5.31 5.33 5.33 5.33 5.33 5.70 5.70 5.70 5.70 5.66 5.66 5.66 5.66 9.96 5.65 9.96 5.65 5.62 5.62 5.62 5.62 5.52 5.52 5.52 5.52 5.62 9.90 5.62 5.62 5.73 5.73 10.12 5.73 5.70 5.70 5.70 4.01 3.64 3.64 3.64 3.64 3.72 3.72 0.78 0.74 1.32 0.77 0.78 3.75 0.75 0.77 0.78 0.77 0.62 0.62 0.69 1.10
0.00 0.00 0.00 0.00 0.00 0.00 0.00 19.94 5.39 7.32 5.39 3.26 3.22 3.22 3.22 3.22 3.65 3.65 3.65 3.65 3.66 3.66 6.02 3.66 3.64 3.64 5.31 9.33 5.33 5.33 5.33 9.37 13.51 5.70 5.70 5.70 9.99 5.66 5.66 5.66 5.65 5.65 5.65 5.65 5.62 5.62 5.62 5.62 5.52 5.52 5.52 5.52 5.62 5.62 5.62 5.62 5.73 5.73 18.68 5.73 5.70 5.70 5.70 5.70 3.64 3.64 3.64 3.64 3.72 3.72 1.18 0.74 0.75 1.32 1.60 1.23 3.74 0.75 0.77 0.75 1.10 3.19 1.52 3.19
0.00 0.00 0.00 0.00 0.00 0.00 16.59 3.35 3.26 3.26 5.38 5.37 3.22 3.22 3.22 3.22 3.65 3.65 3.65 10.88 3.66 3.66 3.66 3.66 3.64 3.64 5.31 5.31 5.33 5.33 5.33 5.33 9.75 16.98 5.70 5.70 5.66 5.66 5.66 14.59 5.65 5.65 5.65 5.65 5.62 5.62 5.62 5.62 9.70 5.52 5.52 5.52 5.62 5.62 5.62 5.62 5.73 10.06 10.06 5.73 5.70 5.70 5.70 5.70 5.23 3.64 3.64 3.64 3.72 1.79 1.79 1.30 0.75 1.33 0.76 0.96 1.81 3.74 0.77 0.78 1.10 3.19 3.19 3.19
0.00 0.00 0.00 0.00 0.00 16.59 3.35 3.35 3.24 3.24 3.24 3.24 5.28 3.20 3.20 3.20 3.61 3.61 3.61 5.94 3.63 3.63 3.63 3.63 3.63 3.63 5.30 5.30 5.30 5.30 5.30 5.30 9.70 5.65 13.63 9.95 5.63 5.63 5.63 5.63 5.64 5.64 5.64 5.64 5.59 5.59 9.85 9.78 9.68 5.50 5.50 5.50 5.62 5.62 5.62 5.62 5.66 5.66 5.66 5.66 5.63 5.63 5.63 5.63 5.18 5.18 5.04 3.60 3.66 3.66 5.95 3.66 3.70 1.78 0.76 0.76 0.75 3.67 5.96 3.67 1.06 3.10 3.10 3.10
0.00 0.00 0.00 0.00 0.00 5.71 3.35 3.35 3.24 3.24 3.24 3.24 3.20 3.20 3.20 3.20 5.68 3.61 3.61 5.94 5.97 3.63 3.63 8.17 5.97 3.63 3.63 5.30 5.30 5.30 5.30 5.30 5.65 5.65 5.65 5.65 5.63 5.63 5.63 5.63 5.64 5.64 5.64 5.64 5.59 5.59 5.59 5.59 5.50 5.50 5.50 5.50 5.62 5.62 5.62 5.62 9.95 5.66 9.99 5.66 5.63 5.63 3.39 5.63 5.18 5.18 5.18 3.60 3.66 3.66 3.66 5.95 3.70 3.70 1.87 1.64 2.51 3.67 3.67 1.77 3.10 5.16 3.10 3.10
0.00 0.00 0.00 0.00 0.00 5.71 5.55 3.35 3.24 5.36 3.24 3.24 3.20 3.20 3.20 3.20 3.61 3.61 3.61 3.61 3.63 5.97 3.63 3.63 3.63 3.63 3.63 5.30 13.58 5.30 5.30 13.62 9.97 5.65 5.65 5.65 5.63 5.63 5.63 5.63 5.64 5.64 5.64 5.64 5.59 9.85 5.59 5.59 5.50 5.50 5.50 5.50 9.81 5.62 5.62 5.62 5.66 5.66 5.66 5.66 5.63 5.63 10.22 17.90 5.18 5.18 9.08 5.18 3.66 3.66 3.66 3.66 3.70 3.70 3.70 1.29 1.28 3.67 3.67 3.67 3.10 3.10 3.10 3.10
0.00 0.00 0.00 0.00 0.00 3.35 5.55 3.35 3.24 3.24 3.24 3.24 3.20 5.28 3.20 3.20 3.61 3.61 3.61 3.61 3.63 3.63 3.63 3.63 3.63 3.63 3.63 3.63 9.30 5.30 5.30 5.30 5.65 9.95 5.65 5.65 5.63 5.63 5.63 5.63 5.64 5.64 9.92 5.64 5.59 5.59 5.59 5.59 5.50 5.50 5.50 5.50 9.78 5.62 5.62 5.62 5.66 9.99 5.66 5.66 9.85 5.63 5.63 9.85 5.18 5.18 5.18 5.18 5.26 3.66 3.66 3.66 5.94 3.70 8.40 3.70 1.28 3.67 3.67 3.67 3.10 3.10 3.10 3.10
0.00 0.00 0.00 0.00 0.00 1.65 3.33 3.33 3.21 3.21 3.21 3.21 3.18 3.18 5.26 3.18 3.58 3.58 3.58 3.58 3.62 3.62 5.96 3.62 3.64 5.99 3.64 3.64 5.29 14.05 5.29 5.29 5.63 5.63 9.92 5.63 5.60 5.60 5.60 5.60 5.61 5.61 9.89 5.61 5.54 5.54 9.75 5.54 5.46 5.46 5.46 5.46 5.55 5.55 5.55 5.55 5.54 5.54 5.54 5.54 5.54 5.54 5.54 5.54 5.10 5.10 8.92 8.94 5.13 5.13 1.70 3.56 3.58 3.58 3.58 3.58 3.54 3.54 3.54 5.87 3.02 3.02 3.02 3.02
0.00 0.00 0.00 5.71 16.59 3.20 5.52 3.33 3.21 1.58 3.21 3.21 3.18 3.18 3.18 3.18 3.58 3.58 3.58 3.58 3.62 3.62 3.62 3.62 3.64 5.99 3.64 3.64 5.29 6.09 9.29 5.29 5.63 5.63 18.33 5.63 9.87 5.60 5.60 5.60 9.88 5.61 9.89 5.61 5.54 5.54 5.54 5.54 5.46 5.46 5.46 14.06 5.55 9.77 5.55 9.77 5.54 5.54 5.54 5.54 5.54 5.54 5.54 5.54 5.10 5.10 8.92 5.10 5.13 5.13 2.92 3.56 3.58 3.58 6.20 4.87 4.83 4.83 4.83 4.83 4.35 4.35 7.46 4.35
0.00 0.00 0.00 0.00 5.71 1.65 3.33 3.33 3.21 3.21 3.21 3.21 3.18 3.18 3.18 3.18 13.22 3.58 3.58 3.58 3.62 3.62 8.98 3.62 3.64 3.64 5.99 3.64 3.62 5.29 5.29 5.29 5.63 9.92 5.63 9.92 9.87 5.60 5.60 5.60 9.88 5.61 5.61 5.61 5.54 5.54 5.54 9.69 5.46 5.46 5.46 5.46 5.55 5.55 5.55 5.55 5.54 5.54 5.54 5.54 5.54 5.54 5.54 5.54 9.26 5.10 5.10 8.92 5.13 5.13 5.13 5.13 4.87 4.87 4.87 4.87 4.83 4.83 4.83 4.83 4.35 7.46 4.35 4.35
