New_Model_Runs/12_Future_RCP4.5_Scn2_out/post_prcessed_with_MFR/Monthly_summaries/runoff_monthly_DEC.asc
NCOLS 700
NROWS 400
XLLCENTER 515000.000000
YLLCENTER 8409000.000000
CELLSIZE 50.000000
NODATA_value -999.000000
[rows 259 to 295 of 400, columns 252 to 335 of 700]
2.87 2.87 2.87 2.31 0.56 0.40 0.80 0.22 0.80 0.80 0.18 0.22 0.20 0.80 0.80 0.80 0.40 0.40 0.20 0.17 0.14 0.18 0.26 0.26 0.26 0.26 0.26 0.26 0.31 0.64 0.64 0.64 0.38 3.34 0.82 1.32 6.58 4.21 3.69 3.69 3.69 3.69 2.76 0.85 5.35 5.35 5.35 5.35 2.23 0.85 5.35 5.35 4.99 4.99 2.55 2.55 2.55 2.55 2.55 2.55 2.55 2.55 2.55 2.55 2.55 6.16 6.16 6.16 5.79 2.36 0.00 0.00 0.00 0.00 0.00 0.00 0.00 0.00 0.00 0.00 0.00 0.00 0.00 0.00
2.87 2.87 2.87 2.31 0.56 0.80 0.80 0.80 0.80 0.80 0.17 0.17 0.22 0.40 0.21 0.80 0.40 0.40 0.80 0.80 0.18 0.14 0.26 0.26 0.26 0.26 0.26 0.26 0.26 0.38 0.38 0.38 0.38 0.82 0.82 3.97 6.58 3.69 3.69 3.69 3.69 3.69 3.69 0.85 0.85 5.35 5.35 5.35 1.78 1.78 0.85 5.35 2.01 0.77 0.77 2.55 2.55 2.55 2.55 2.55 2.55 6.16 6.16 2.55 2.55 6.16 6.16 6.16 5.79 5.79 0.00 0.00 0.00 0.00 0.00 0.00 0.00 0.00 0.00 0.00 0.00 0.00 0.00 0.00
2.87 2.31 2.31 2.87 0.21 0.80 0.80 0.56 0.56 0.80 0.21 0.19 0.80 0.20 0.80 0.80 0.18 0.17 0.80 0.17 0.14 0.14 0.26 0.26 0.26 0.26 0.26 0.26 0.26 0.38 0.38 0.38 0.38 0.82 2.98 3.97 2.76 3.69 3.69 3.69 3.69 3.69 2.19 2.19 5.35 5.35 1.78 1.78 1.78 1.78 1.78 0.94 0.84 4.99 4.99 6.16 2.55 2.55 2.55 2.55 2.55 2.55 2.55 6.16 6.16 6.16 6.16 6.16 5.79 5.79 5.79 0.00 0.00 0.00 0.00 0.00 0.00 0.00 0.00 0.00 0.00 0.00 0.00 0.00
2.87 2.31 2.87 3.18 0.80 0.80 0.80 2.94 2.94 0.80 0.19 0.56 2.94 0.22 0.17 0.80 0.17 0.17 0.19 0.21 0.14 0.14 0.14 0.26 0.26 0.26 0.26 0.26 0.26 0.64 0.64 0.64 0.64 2.98 2.98 7.00 3.69 3.69 3.69 3.69 3.69 2.76 2.19 2.19 2.19 5.35 5.35 5.35 1.78 2.76 2.76 5.35 4.99 4.99 6.16 6.16 2.55 2.55 3.42 2.55 2.55 6.16 2.55 2.55 6.16 6.16 6.16 6.16 5.79 10.36 5.79 17.16 0.00 0.00 0.00 0.00 0.00 0.00 0.00 0.00 0.00 0.00 2.36 2.36
2.87 2.87 3.71 0.47 0.80 0.80 0.80 0.80 0.22 0.22 0.17 0.60 0.20 0.17 0.80 0.17 0.17 0.17 0.18 0.21 0.14 0.14 0.14 0.26 0.26 0.26 0.26 0.26 0.31 0.64 0.64 0.38 5.71 7.00 7.00 7.00 3.69 3.69 3.69 3.69 5.12 3.69 5.35 5.35 2.19 2.19 0.85 2.76 2.76 2.76 2.76 6.58 4.99 0.77 2.55 6.16 6.16 2.55 2.55 2.55 2.55 6.16 2.55 2.55 6.16 6.16 6.16 6.16 5.79 5.79 5.79 5.79 0.00 0.00 0.00 0.00 0.00 0.00 0.00 0.00 2.36 5.24 5.79 5.79
2.87 3.71 2.58 0.47 0.40 0.56 0.80 0.56 0.56 0.20 0.18 0.22 0.22 0.24 0.80 0.80 0.56 0.21 0.17 0.17 0.14 0.16 0.14 0.14 0.25 0.25 0.25 0.31 2.39 2.39 0.64 2.37 5.71 1.83 2.37 2.37 2.19 2.19 1.68 2.19 2.19 2.19 2.19 2.19 2.19 1.32 6.58 2.76 2.76 2.76 2.76 2.76 6.16 2.55 2.55 2.55 6.16 2.55 2.55 6.16 6.16 2.55 2.55 3.92 2.55 6.16 2.55 2.55 5.79 2.36 0.00 5.79 5.79 0.00 0.00 0.00 0.00 0.00 0.00 2.36 5.79 5.79 5.79 2.36
2.58 2.58 0.26 0.26 0.56 0.56 0.56 0.56 0.56 0.40 0.20 0.22 0.40 2.94 0.80 0.80 0.80 0.80 0.17 0.17 0.14 1.82 1.82 1.82 1.33 1.14 1.33 1.14 1.32 0.82 3.97 3.25 3.25 2.37 0.94 2.37 2.19 2.19 2.19 2.19 2.19 2.19 1.68 2.19 0.86 2.89 2.89 2.76 2.76 2.76 2.76 2.76 2.55 2.55 2.55 6.16 6.16 6.16 3.42 3.42 6.16 2.55 2.55 2.55 2.55 2.55 2.55 2.55 5.79 0.00 0.00 0.00 5.79 5.79 0.00 0.00 0.00 5.24 5.79 5.79 5.79 2.36 2.36 0.00
3.71 3.50 0.26 0.26 0.22 0.56 0.56 0.56 0.70 0.22 2.94 0.80 0.80 0.80 0.80 0.80 0.80 0.21 0.21 0.17 0.18 3.75 1.01 1.01 0.82 1.32 1.32 1.32 1.32 3.97 3.97 7.00 3.97 3.97 0.94 2.37 2.19 2.19 2.19 2.19 2.19 2.19 2.19 2.19 0.86 0.86 2.89 5.54 2.76 4.20 4.20 2.76 2.55 2.55 2.55 2.55 6.16 6.16 2.55 2.55 2.55 2.55 2.55 2.55 2.55 2.55 2.55 2.55 5.79 0.00 0.00 0.00 0.00 5.79 5.79 2.36 2.36 5.79 5.79 5.79 2.36 0.00 0.00 0.00
3.50 0.26 0.25 0.26 0.22 0.56 0.56 0.56 0.56 0.56 0.80 0.21 0.80 0.55 0.80 1.06 0.80 0.80 0.80 0.80 0.73 3.75 1.56 1.01 1.01 1.32 1.32 1.32 3.97 3.97 3.97 4.05 3.97 1.83 0.94 2.37 2.19 2.19 2.19 2.19 2.19 2.19 2.19 2.19 5.35 0.86 3.68 3.08 3.08 3.66 3.66 3.95 2.55 2.55 6.16 2.55 6.16 2.55 2.55 2.55 2.55 2.55 2.55 2.55 2.55 2.55 2.55 2.55 5.79 17.16 0.00 0.00 0.00 2.36 5.79 5.79 5.79 5.79 2.36 0.00 0.00 0.00 0.00 0.00
3.24 0.26 0.65 0.93 0.56 0.56 0.56 0.56 0.40 0.56 0.80 0.80 0.40 0.40 0.40 0.40 0.80 0.80 0.21 0.80 1.56 3.75 3.75 3.75 3.75 1.32 3.34 3.97 3.97 3.97 4.03 4.03 0.96 2.37 2.37 2.37 2.19 2.19 2.19 2.19 2.19 2.19 2.19 2.19 3.69 3.66 3.66 2.88 3.64 3.64 3.64 2.65 2.55 2.55 2.55 6.16 2.55 2.55 6.16 6.16 6.16 2.55 2.55 2.55 2.55 2.55 2.55 6.16 2.36 0.00 0.00 0.00 2.36 5.79 5.79 5.79 2.36 2.36 0.00 0.00 0.00 0.00 0.00 0.00
0.22 0.47 0.47 0.55 0.40 0.40 1.15 0.21 2.79 0.56 2.94 0.56 0.44 0.40 0.40 0.40 0.80 0.80 0.80 0.56 1.15 1.44 4.41 1.01 1.56 1.56 3.97 3.97 3.97 3.97 3.53 4.03 2.37 2.37 2.37 2.37 2.19 2.19 2.19 2.19 2.19 3.69 3.69 3.69 6.58 4.20 2.88 2.88 2.87 3.64 3.64 2.87 2.55 2.55 2.55 6.16 6.16 6.16 6.16 6.16 6.16 6.16 6.16 2.55 2.55 2.55 2.55 6.16 2.36 0.00 2.36 5.79 5.79 5.79 5.79 2.36 2.36 0.00 0.00 0.00 0.00 0.00 0.00 0.00
0.22 0.47 0.47 0.47 3.27 2.79 2.25 2.25 2.25 0.80 1.06 0.21 0.80 0.21 0.21 2.94 0.30 0.21 0.80 0.56 1.15 1.56 1.01 1.01 2.08 1.56 3.97 3.97 3.97 2.98 3.53 3.97 2.37 2.37 2.37 2.37 2.19 2.19 2.19 2.19 3.69 3.69 6.58 3.69 4.20 3.66 2.88 5.32 5.54 3.64 6.12 2.87 3.89 2.55 2.55 6.16 6.16 6.16 6.16 2.55 2.55 6.16 6.16 2.55 2.55 6.16 6.16 2.55 2.36 2.36 5.79 5.79 5.79 2.36 0.00 0.00 2.36 2.36 0.00 0.00 0.00 0.00 0.00 0.00
0.21 0.47 0.47 3.18 3.27 2.25 2.25 2.25 2.79 0.80 0.21 2.94 0.21 0.21 0.80 0.80 0.17 0.17 0.17 0.17 1.59 1.56 1.56 1.01 1.56 7.00 2.98 10.31 3.97 2.98 3.97 2.37 2.37 2.37 2.37 2.37 2.19 2.19 3.69 3.69 3.69 3.69 6.58 3.69 3.08 3.66 4.20 2.76 2.76 4.19 3.64 2.87 3.89 6.16 6.16 6.16 6.16 2.55 2.55 6.16 6.16 2.55 2.55 6.16 6.16 2.55 2.55 2.55 5.79 5.79 5.79 2.36 0.00 0.00 0.00 0.00 0.00 0.00 0.00 0.00 0.00 0.00 0.00 0.00
0.24 0.26 3.65 3.71 2.25 2.25 2.25 2.25 0.56 0.80 2.94 2.94 2.94 2.94 0.80 0.19 0.21 0.19 0.16 0.16 3.75 1.01 1.01 1.56 1.15 7.00 7.00 3.97 10.31 3.25 3.97 3.97 1.83 5.71 1.44 0.94 2.19 3.69 3.69 3.69 3.69 2.88 4.20 4.20 4.19 2.76 2.76 2.76 2.76 2.76 4.19 4.19 6.16 6.16 6.16 6.16 2.55 2.55 6.16 6.16 6.16 2.55 6.16 6.16 2.55 2.55 6.16 6.16 10.36 2.36 5.79 0.00 0.00 0.00 0.00 0.00 0.00 0.00 0.00 0.00 0.00 0.00 0.00 0.00
0.26 3.65 2.58 2.58 2.25 2.25 2.25 0.56 0.56 0.80 0.80 0.21 0.80 0.80 0.80 0.21 0.19 0.16 0.21 1.86 1.82 1.01 1.01 1.01 4.51 2.98 2.98 4.51 4.51 3.97 3.97 3.53 1.83 5.71 1.44 1.44 1.68 3.01 2.76 3.69 4.20 3.94 3.65 3.65 2.64 2.76 2.76 6.58 2.76 6.58 2.76 2.76 6.84 6.16 6.16 6.16 2.55 2.55 6.16 2.55 6.16 6.16 2.55 2.55 6.16 6.16 6.16 2.55 2.36 0.00 0.00 0.00 0.00 0.00 0.00 0.00 0.00 0.00 0.00 0.00 0.00 0.00 0.00 0.00
3.33 2.24 2.24 2.24 2.57 2.06 0.50 0.35 0.35 0.72 0.18 0.18 0.72 0.72 0.72 0.72 0.72 0.72 0.18 1.57 1.45 0.90 1.42 1.67 3.75 2.92 2.76 3.75 3.72 3.27 3.69 3.69 3.69 2.18 1.32 2.18 1.55 0.78 3.06 3.46 3.94 3.42 3.42 3.42 2.67 3.94 2.58 6.22 5.22 5.22 5.22 6.90 6.55 5.90 6.55 5.90 5.90 2.41 5.90 5.90 2.41 2.41 2.41 5.90 5.90 5.90 2.41 2.41 0.00 0.00 0.00 0.00 0.00 0.00 0.00 0.00 0.00 0.00 0.00 0.00 0.00 0.00 0.00 0.00
2.63 3.02 2.24 2.63 2.57 2.57 0.18 0.18 0.50 0.72 0.18 0.18 0.18 0.18 0.18 0.18 0.72 0.72 1.80 1.57 1.45 1.45 1.42 4.20 3.99 3.99 2.76 4.20 4.20 3.69 2.76 4.76 6.57 3.69 1.32 0.93 1.22 2.03 2.58 3.69 3.42 2.68 2.68 3.68 3.06 3.06 5.22 5.22 5.22 6.90 6.90 6.90 6.55 5.90 5.90 2.41 2.41 5.90 2.41 2.41 2.41 5.90 5.90 5.90 2.41 2.41 3.10 3.66 0.00 0.00 0.00 0.00 0.00 0.00 0.00 0.00 0.00 0.00 0.00 0.00 0.00 0.00 0.00 0.00
2.78 2.78 2.63 5.17 2.06 2.06 0.72 0.72 0.72 0.72 0.72 0.72 0.18 0.18 0.18 0.72 0.72 1.55 1.55 1.56 1.44 1.42 2.66 5.53 2.76 2.76 3.69 6.57 6.57 3.69 3.69 3.69 3.69 3.69 3.69 1.68 2.03 2.03 3.46 2.87 3.93 2.87 2.67 2.81 6.90 6.90 5.22 6.90 6.90 6.90 6.90 6.90 4.94 2.41 2.41 5.90 5.90 2.41 2.41 5.90 5.90 5.90 2.41 2.41 3.09 3.66 3.66 6.55 0.00 0.00 0.00 0.00 0.00 0.00 0.00 0.00 0.00 0.00 0.00 0.00 0.00 0.00 0.00 0.00
2.24 3.25 5.17 3.88 2.06 2.57 0.72 0.35 0.35 0.72 0.72 0.72 0.72 0.17 0.72 0.14 0.15 0.35 0.72 0.72 1.42 1.42 3.27 3.69 3.69 3.69 3.69 6.57 6.57 6.57 6.57 3.69 3.69 3.69 2.76 3.69 2.03 2.03 2.03 3.46 3.46 2.58 6.22 6.22 6.90 6.90 6.90 6.90 6.90 6.90 2.58 6.22 5.90 5.90 5.90 5.90 2.41 5.90 5.90 5.90 2.41 2.41 3.66 3.66 6.55 6.55 6.55 0.00 0.00 0.00 0.00 0.00 0.00 0.00 0.00 0.00 0.00 0.00 0.00 0.00 0.00 0.00 0.00 0.00
2.24 2.24 3.25 3.25 3.01 2.57 2.57 2.06 2.57 0.72 0.72 0.14 0.14 0.14 0.72 0.18 0.16 0.72 0.72 0.72 0.66 2.18 1.68 3.98 3.69 3.69 3.69 9.63 9.63 6.57 6.57 6.57 2.76 2.76 2.76 2.76 6.22 6.22 2.03 2.81 3.46 6.22 2.58 6.22 6.90 6.90 6.90 6.90 2.58 6.22 6.22 2.58 2.41 2.41 2.41 5.90 5.90 5.90 5.90 2.41 3.66 3.66 6.55 0.00 0.00 0.00 0.00 0.00 0.00 0.00 0.00 0.00 0.00 0.00 0.00 0.00 0.00 0.00 0.00 0.00 0.00 0.00 0.00 0.00
2.78 2.78 2.78 2.24 2.06 2.57 0.35 0.35 0.72 0.50 0.50 0.16 0.14 0.16 0.35 0.72 0.72 0.50 0.50 0.72 0.66 1.32 1.32 0.87 2.18 3.69 3.69 3.69 2.18 2.18 3.69 3.69 3.69 2.76 2.76 2.76 2.58 6.22 6.22 3.46 3.46 6.22 5.22 6.90 6.90 6.90 2.58 6.22 6.22 2.58 2.58 2.58 2.41 2.41 5.90 5.90 5.90 2.41 3.66 3.66 3.66 6.55 0.00 0.00 0.00 0.00 0.00 0.00 0.00 0.00 0.00 0.00 0.00 0.00 0.00 0.00 0.00 0.00 0.00 0.00 0.00 0.00 0.00 0.00
6.53 2.78 2.78 2.24 2.57 2.06 0.35 0.72 0.72 2.06 2.57 0.16 0.16 2.57 0.72 0.72 0.20 0.18 0.50 0.72 2.18 1.32 1.32 2.18 2.18 2.18 2.18 5.34 1.68 1.68 1.32 2.18 2.18 6.57 2.76 2.76 2.58 6.22 3.46 3.46 6.22 6.22 6.22 6.90 6.90 2.58 6.22 6.22 2.58 2.58 2.58 2.58 5.90 5.90 5.90 5.90 5.90 6.55 4.94 6.55 6.55 0.00 0.00 0.00 0.00 0.00 0.00 0.00 0.00 0.00 0.00 0.00 0.00 0.00 0.00 0.00 0.00 0.00 0.00 0.00 0.00 0.00 0.00 0.00
6.30 6.53 3.25 3.25 0.72 0.72 0.72 0.50 0.72 2.57 2.57 0.72 2.73 2.73 0.72 0.72 0.18 0.18 0.50 0.18 2.18 5.34 2.18 2.18 2.18 2.18 5.34 5.34 5.34 1.32 1.32 5.34 2.18 5.34 6.57 2.76 4.07 4.75 3.46 3.46 6.22 6.22 6.22 2.58 6.22 6.22 2.58 2.58 2.58 2.58 6.22 6.22 5.90 5.90 5.90 6.55 0.00 0.00 0.00 0.00 0.00 0.00 0.00 0.00 0.00 0.00 0.00 0.00 0.00 0.00 0.00 0.00 0.00 0.00 0.00 0.00 0.00 0.00 0.00 0.00 0.00 0.00 0.00 0.00
7.37 6.53 2.78 2.63 0.35 0.20 0.72 2.57 4.83 2.57 2.57 2.57 2.73 2.73 2.73 0.72 0.72 2.71 0.72 2.35 2.18 5.34 2.18 2.18 2.18 2.18 1.68 5.34 1.68 1.68 0.85 2.18 2.18 5.34 3.69 3.69 6.22 2.81 3.46 3.46 2.54 2.58 2.58 2.58 6.22 6.22 6.22 2.58 2.58 6.22 6.22 6.22 2.41 6.55 0.00 0.00 0.00 0.00 0.00 0.00 0.00 0.00 0.00 0.00 0.00 0.00 0.00 0.00 0.00 0.00 0.00 0.00 0.00 0.00 0.00 0.00 0.00 0.00 0.00 0.00 0.00 0.00 0.00 0.00
3.25 3.25 2.63 2.78 2.43 0.35 0.72 2.58 2.43 2.43 2.57 2.43 2.63 8.89 0.35 0.72 0.72 0.18 0.72 5.67 2.18 2.18 2.18 2.18 2.18 2.18 2.18 2.18 5.34 1.32 1.32 1.32 2.18 3.69 3.69 3.69 5.78 2.81 3.06 3.46 2.54 2.87 2.58 2.58 2.58 6.22 6.22 6.22 6.22 6.22 2.58 2.58 6.55 0.00 0.00 0.00 0.00 0.00 0.00 0.00 0.00 0.00 0.00 0.00 0.00 0.00 0.00 0.00 0.00 0.00 0.00 0.00 0.00 0.00 0.00 0.00 0.00 0.00 0.00 0.00 0.00 0.00 0.00 0.00
3.25 3.25 3.25 2.78 2.57 2.43 2.43 2.43 2.43 2.43 6.61 2.57 2.57 8.89 0.35 0.72 0.72 2.71 5.67 5.67 1.32 2.18 2.18 2.18 2.18 7.04 2.18 2.18 2.18 2.18 5.34 3.69 3.69 3.69 3.69 3.69 3.46 3.46 5.63 3.46 2.58 2.58 2.58 2.58 2.58 6.22 6.22 6.22 2.58 2.58 3.89 0.00 0.00 0.00 0.00 0.00 0.00 0.00 0.00 0.00 0.00 0.00 0.00 0.00 0.00 0.00 0.00 0.00 0.00 0.00 0.00 0.00 0.00 0.00 0.00 0.00 0.00 0.00 0.00 0.00 0.00 0.00 0.00 0.00
2.78 2.78 3.25 2.24 2.57 2.43 2.43 2.43 2.43 8.89 2.43 2.43 2.57 2.57 2.57 0.72 0.72 0.18 0.93 1.81 1.32 2.18 2.18 2.18 2.18 2.18 1.77 5.34 2.18 2.18 6.57 6.57 3.69 3.69 3.69 3.69 6.22 2.58 2.58 2.58 6.22 6.22 2.58 6.22 6.22 6.22 2.58 2.58 3.89 6.90 0.00 0.00 0.00 0.00 0.00 0.00 0.00 0.00 0.00 0.00 0.00 0.00 0.00 0.00 0.00 0.00 0.00 0.00 0.00 0.00 0.00 0.00 0.00 0.00 0.00 0.00 0.00 0.00 0.00 0.00 0.00 0.00 0.00 0.00
2.12 2.78 2.63 2.63 2.43 2.43 2.43 2.43 2.43 3.81 2.43 2.43 2.43 2.06 2.57 0.72 0.72 2.35 0.93 1.81 1.32 1.32 1.68 1.68 1.68 2.18 2.18 5.34 5.34 3.69 3.27 6.57 6.57 3.69 2.76 2.76 2.58 2.58 2.58 6.22 6.22 6.22 6.22 6.22 6.22 2.58 2.58 3.89 0.00 0.00 0.00 0.00 0.00 0.00 0.00 0.00 0.00 0.00 0.00 0.00 0.00 0.00 0.00 0.00 0.00 0.00 0.00 0.00 0.00 0.00 0.00 0.00 0.00 0.00 0.00 0.00 0.00 0.00 0.00 0.00 0.00 0.00 0.00 0.00
2.12 2.12 2.63 2.63 2.43 2.43 2.43 2.43 2.43 2.43 2.43 2.43 2.43 2.93 2.06 2.57 0.72 1.43 1.43 2.35 1.68 1.68 1.68 1.68 1.68 2.18 1.32 2.18 2.18 3.27 3.27 2.76 2.76 2.76 2.76 2.76 2.58 2.58 2.58 11.17 6.22 6.22 6.22 2.58 2.58 2.58 6.22 3.89 0.00 0.00 0.00 0.00 0.00 0.00 0.00 0.00 0.00 0.00 0.00 0.00 0.00 0.00 0.00 0.00 0.00 0.00 0.00 0.00 0.00 0.00 0.00 0.00 0.00 0.00 0.00 0.00 0.00 0.00 0.00 0.00 0.00 0.00 0.00 0.00
2.12 2.12 2.63 2.63 2.43 2.43 2.43 2.43 2.43 2.43 2.43 2.43 2.43 2.43 3.01 2.06 6.07 1.43 1.43 1.43 2.18 2.18 1.68 1.68 2.18 1.32 1.68 5.34 2.18 0.85 2.76 2.76 2.76 2.76 2.76 2.76 2.58 2.58 6.22 6.22 6.22 2.58 2.58 2.58 2.58 3.93 2.66 1.74 4.20 0.00 0.00 0.00 0.00 0.00 0.00 0.00 0.00 0.00 0.00 0.00 0.00 0.00 0.00 0.00 0.00 0.00 0.00 0.00 0.00 0.00 0.00 0.00 0.00 0.00 0.00 0.00 0.00 0.00 0.00 0.00 0.00 0.00 0.00 0.00
2.63 2.63 2.63 2.63 2.43 2.43 2.43 2.43 2.43 2.43 2.43 2.43 2.43 2.43 8.89 2.43 1.43 1.43 1.43 2.35 3.32 2.18 0.76 2.18 1.32 5.34 2.18 2.18 1.32 0.85 2.76 2.76 2.76 2.76 2.76 2.76 2.58 2.58 2.58 6.22 2.58 2.58 2.58 2.58 3.46 2.58 0.79 5.04 4.20 0.00 0.00 0.00 0.00 0.00 0.00 0.00 0.00 0.00 0.00 0.00 0.00 0.00 0.00 0.00 0.00 0.00 0.00 0.00 0.00 0.00 0.00 0.00 0.00 0.00 0.00 0.00 0.00 0.00 0.00 0.00 0.00 0.00 0.00 0.00
2.47 2.47 2.47 2.47 2.29 2.29 2.29 2.29 2.29 2.29 2.29 8.50 2.29 2.29 4.31 2.21 1.34 2.21 0.87 5.03 1.23 1.23 0.71 0.68 1.58 0.79 2.06 0.68 0.67 0.80 0.79 2.61 2.61 2.61 2.61 2.61 2.42 3.71 2.42 2.71 2.71 2.42 5.93 3.27 1.91 0.72 0.72 0.72 3.98 0.00 0.00 0.00 0.00 0.00 0.00 0.00 0.00 0.00 0.00 0.00 0.00 0.00 0.00 0.00 0.00 0.00 0.00 0.00 0.00 0.00 0.00 0.00 0.00 0.00 0.00 0.00 0.00 0.00 0.00 0.00 0.00 0.00 0.00 0.00
2.47 2.47 2.47 2.47 2.29 2.29 2.29 2.42 2.29 2.29 2.29 2.77 2.29 2.29 2.29 2.21 2.21 0.87 5.21 7.87 11.07 1.23 1.23 1.23 2.06 2.06 2.06 0.68 0.67 0.67 0.67 2.61 2.61 2.61 2.61 2.61 2.42 2.42 2.42 2.42 2.42 2.42 5.93 1.91 1.91 1.91 0.72 0.72 3.98 0.00 0.00 0.00 0.00 0.00 0.00 0.00 0.00 0.00 0.00 0.00 0.00 0.00 0.00 0.00 0.00 0.00 0.00 0.00 0.00 0.00 0.00 0.00 0.00 0.00 0.00 0.00 0.00 0.00 0.00 0.00 0.00 0.00 0.00 0.00
2.47 2.47 2.47 2.47 2.29 2.29 2.29 2.29 2.29 2.29 2.29 2.29 2.29 2.29 5.03 5.21 5.21 5.21 5.21 5.03 4.92 2.06 1.23 1.58 2.06 2.06 1.23 0.67 0.67 0.67 0.67 1.36 2.61 2.61 2.61 2.61 2.42 2.42 2.42 2.42 2.42 3.27 0.59 0.59 1.91 1.20 0.59 1.91 3.98 0.00 0.00 0.00 0.00 0.00 0.00 0.00 0.00 0.00 0.00 0.00 0.00 0.00 0.00 0.00 0.00 0.00 0.00 0.00 0.00 0.00 0.00 0.00 0.00 0.00 0.00 0.00 0.00 0.00 0.00 0.00 0.00 0.00 0.00 0.00
2.47 2.47 7.00 2.77 6.31 2.29 6.31 5.59 6.31 2.29 2.29 2.29 2.29 2.29 5.21 5.21 4.51 5.79 5.21 5.03 4.92 4.92 1.58 1.58 1.67 1.23 1.23 8.74 8.23 0.80 2.06 0.79 0.79 2.61 2.61 2.61 2.42 2.42 2.42 3.27 1.91 0.73 0.59 0.59 0.73 0.59 0.59 0.73 4.79 0.00 0.00 0.00 0.00 0.00 0.00 0.00 0.00 0.00 0.00 0.00 0.00 0.00 0.00 0.00 0.00 0.00 0.00 0.00 0.00 0.00 0.00 0.00 0.00 0.00 0.00 0.00 0.00 0.00 0.00 0.00 0.00 0.00 0.00 0.00
2.47 2.47 2.47 7.00 2.29 2.29 8.50 6.31 6.31 2.29 2.29 2.29 2.42 5.21 5.79 5.21 5.03 5.03 5.21 5.21 4.25 4.25 5.47 1.23 1.58 1.58 5.47 4.25 8.04 4.25 4.25 0.79 2.06 2.61 2.61 2.61 2.42 2.42 3.27 1.91 1.91 0.73 0.59 0.59 0.59 0.59 0.59 0.59 0.79 0.00 0.00 0.00 0.00 0.00 0.00 0.00 0.00 0.00 0.00 0.00 0.00 0.00 0.00 0.00 0.00 0.00 0.00 0.00 0.00 0.00 0.00 0.00 0.00 0.00 0.00 0.00 0.00 0.00 0.00 0.00 0.00 0.00 0.00 0.00
2.47 2.47 2.47 2.47 2.29 2.29 2.29 2.29 2.29 2.29 2.29 2.42 1.94 9.32 5.79 5.21 5.79 5.03 11.58 5.21 4.25 4.92 5.47 5.47 5.47 5.47 5.47 5.47 4.25 5.47 4.25 5.47 9.01 0.79 2.61 2.61 2.42 4.96 1.91 1.91 0.72 0.68 0.72 0.73 0.59 0.59 0.59 0.59 0.71 0.00 0.00 0.00 0.00 0.00 0.00 0.00 0.00 0.00 0.00 0.00 0.00 0.00 0.00 0.00 0.00 0.00 0.00 0.00 0.00 0.00 0.00 0.00 0.00 0.00 0.00 0.00 0.00 0.00 0.00 0.00 0.00 0.00 0.00 0.00
