New_Model_Runs/12_Future_RCP4.5_Scn2_out/post_prcessed_with_MFR/Monthly_summaries/runoff_monthly_MAR.asc
NCOLS 700
NROWS 400
XLLCENTER 515000.000000
YLLCENTER 8409000.000000
CELLSIZE 50.000000
NODATA_value -999.000000
[rows 114 to 151 of 400, columns 420 to 503 of 700]
1.12 1.92 1.12 1.93 1.14 1.14 1.14 1.46 1.46 1.46 1.46 1.46 2.43 1.53 1.53 1.53 1.61 1.61 1.61 1.61 1.69 1.69 0.53 0.53 0.43 0.43 0.53 0.39 1.39 0.39 0.22 0.27 0.22 0.89 0.87 0.87 0.85 0.85 0.85 0.85 0.82 0.82 0.82 0.30 0.73 0.73 0.73 0.73 0.73 0.73 0.73 0.73 0.78 0.78 0.78 0.19 0.20 0.20 0.27 0.20 0.09 0.09 0.09 0.78 0.28 0.48 0.11 0.10 0.30 0.30 1.19 1.14 2.19 1.08 2.19 2.19 2.14 2.14 2.14 1.05 0.45 0.55 0.63 0.45
1.12 1.12 1.12 1.12 1.14 1.14 1.14 1.14 1.46 1.46 1.46 1.46 1.53 1.53 1.53 1.53 1.61 1.61 1.61 1.61 1.69 0.43 0.61 0.43 0.43 0.53 0.53 0.43 0.53 0.67 0.22 0.22 0.21 0.40 0.88 0.87 0.85 0.85 0.85 0.85 0.82 0.82 0.82 0.82 0.73 0.73 0.73 0.73 0.73 0.73 0.73 1.07 0.78 0.78 0.78 0.78 0.20 0.15 0.15 0.12 0.14 0.19 0.19 0.78 0.77 0.10 0.10 0.10 0.30 0.30 1.23 1.14 2.19 2.19 2.19 2.19 2.14 2.14 2.14 2.14 1.51 0.62 0.80 0.80
0.47 1.18 1.18 1.18 1.20 1.20 1.20 1.20 1.52 1.52 1.52 1.52 1.57 1.57 1.57 1.57 1.60 1.60 1.60 1.60 1.66 0.41 0.41 0.41 0.42 0.42 0.42 1.67 1.67 1.67 0.17 0.80 0.22 0.22 0.22 0.21 0.10 0.32 0.86 0.86 0.83 0.83 0.20 0.20 0.32 0.74 0.74 0.74 0.74 0.74 0.74 0.74 1.13 1.14 0.78 0.19 0.20 0.20 0.20 0.10 0.24 0.19 0.18 0.77 0.76 0.09 0.09 0.10 0.09 0.30 1.23 2.25 1.96 2.17 2.17 2.17 2.11 1.04 1.04 2.11 0.99 0.75 0.75 2.11
1.18 1.18 1.18 1.18 1.20 1.20 1.20 1.20 1.18 1.52 1.52 1.52 1.57 1.57 1.57 1.57 1.60 1.60 1.60 1.60 1.66 0.41 0.41 1.66 1.67 1.67 1.67 0.66 1.67 1.71 0.21 0.28 0.22 0.22 0.21 0.21 0.22 0.10 0.21 0.21 0.10 0.20 0.20 0.20 0.18 0.74 1.09 0.74 0.74 1.08 0.74 0.74 0.78 0.78 0.78 0.19 0.20 0.20 0.81 0.81 0.18 0.09 0.09 0.28 0.27 0.27 0.27 0.09 0.08 0.08 1.12 2.25 2.17 2.17 2.17 1.07 1.04 2.76 2.11 2.11 0.75 2.11 2.11 2.11
1.18 1.18 1.18 1.18 1.20 1.20 1.20 1.20 1.18 1.52 1.52 1.52 1.57 1.57 1.57 1.57 2.54 2.56 1.60 1.60 1.66 1.66 1.66 1.66 1.67 1.67 1.67 1.67 1.71 0.33 0.22 0.22 0.27 0.21 0.21 0.21 0.21 0.27 0.21 0.27 0.20 0.20 0.20 0.20 0.18 0.74 0.74 0.74 0.74 1.08 0.74 0.74 0.78 0.78 1.14 1.14 0.81 0.81 0.81 0.81 1.15 0.18 0.11 0.48 0.76 0.76 0.76 1.11 0.32 0.19 2.25 2.25 2.17 2.17 2.17 2.17 2.11 3.44 2.11 2.11 2.11 3.45 2.11 2.11
1.18 1.18 1.18 0.47 1.20 1.20 1.20 1.20 1.18 1.52 1.52 1.52 1.57 1.57 1.57 1.57 1.60 1.60 1.60 1.60 1.66 1.66 1.66 1.66 1.67 2.65 1.67 1.67 1.67 1.03 0.87 0.21 0.21 0.21 0.10 0.10 0.21 0.21 0.21 0.21 0.83 0.83 0.83 0.83 0.74 1.29 1.09 0.74 0.74 0.74 0.74 0.74 0.78 0.78 0.78 0.78 0.81 0.81 0.81 0.81 0.77 0.09 0.09 0.28 1.32 1.11 0.76 0.76 0.73 0.08 1.12 1.12 1.07 2.17 2.17 2.17 2.11 2.11 2.11 2.11 2.11 2.11 2.11 3.37
1.28 0.52 1.28 1.28 1.27 1.27 1.27 1.27 1.26 1.26 1.61 1.61 1.64 1.64 1.64 1.64 1.60 1.60 1.60 1.60 1.59 1.59 1.59 1.59 1.63 1.63 1.63 1.63 1.66 0.86 0.86 0.21 0.22 0.21 0.27 0.21 0.21 0.31 0.85 0.85 0.82 0.82 0.82 0.82 0.75 1.31 1.10 0.75 0.75 0.75 0.75 1.10 0.76 0.76 0.76 1.51 0.78 0.78 0.78 0.78 0.74 0.74 0.27 0.27 0.72 0.72 0.72 0.72 0.70 1.02 2.19 2.19 1.06 1.06 2.14 2.14 2.04 2.04 2.04 3.31 2.00 3.25 2.00 3.25
1.28 0.52 0.36 1.28 1.27 1.27 1.27 1.27 1.26 1.26 1.61 1.61 1.64 1.64 1.64 1.64 1.60 1.60 1.60 1.60 1.59 1.59 2.54 1.59 1.63 1.63 0.40 0.40 0.42 0.21 0.21 0.22 0.17 0.22 0.38 0.10 0.39 0.85 0.85 0.85 0.82 0.82 0.82 0.82 1.10 1.10 0.75 0.75 0.75 0.75 1.10 0.75 0.76 0.76 0.76 0.76 0.78 1.14 0.78 0.78 0.74 0.74 1.09 0.86 1.65 1.06 0.72 0.72 0.70 0.70 2.19 2.19 3.50 1.06 3.50 2.14 2.04 2.04 2.04 2.04 2.00 2.00 2.00 2.00
1.28 0.52 0.36 0.36 1.27 1.27 1.27 0.65 1.26 1.26 1.26 1.61 1.64 1.64 1.64 1.64 1.60 1.60 1.60 1.60 1.59 1.59 1.59 1.59 1.63 0.40 0.40 0.40 0.42 0.21 0.22 0.27 0.17 0.21 0.21 0.21 0.21 0.85 0.85 0.85 0.82 1.22 0.82 0.82 0.75 0.75 0.75 0.75 0.75 1.10 0.75 0.75 0.76 0.76 0.76 0.76 0.78 0.78 0.78 0.78 0.74 0.74 0.74 0.74 1.06 0.72 0.72 0.72 0.70 1.02 4.54 2.19 2.14 2.14 2.14 2.14 2.04 2.04 2.04 2.04 2.00 2.00 2.00 2.00
1.28 0.36 0.36 0.36 0.36 0.36 0.36 0.20 1.26 1.26 1.26 1.61 1.64 1.64 1.64 1.64 1.60 1.60 1.60 1.60 1.59 1.59 0.61 1.59 1.63 1.63 1.63 1.63 1.66 0.86 0.86 0.11 0.17 0.22 0.21 0.22 0.21 0.85 0.85 0.85 0.82 0.82 0.82 0.82 0.75 0.75 0.75 0.75 0.75 0.75 1.10 0.75 0.76 0.76 0.76 1.50 0.78 0.78 0.78 0.78 0.27 0.74 0.74 0.88 0.26 0.72 0.72 0.72 0.70 1.71 2.19 3.54 2.14 2.14 2.14 2.14 2.04 2.04 2.04 2.04 2.00 2.00 2.00 2.00
1.49 0.46 0.47 0.46 0.46 0.46 0.46 0.46 0.47 0.65 1.50 0.65 0.67 0.43 0.43 1.70 1.65 1.65 1.65 0.41 1.59 1.59 0.81 1.59 1.58 1.58 1.58 1.58 1.63 0.31 0.31 0.32 0.40 0.17 0.27 0.22 0.21 0.21 0.84 0.84 0.83 0.83 0.83 0.83 0.77 0.77 0.77 0.77 0.75 0.75 0.75 0.75 0.74 0.74 0.74 1.09 0.75 0.75 0.75 0.75 0.71 0.84 0.25 0.71 0.25 0.69 0.69 0.69 0.68 0.68 2.13 2.13 2.12 2.12 2.12 2.12 2.05 2.05 2.05 2.05 2.06 2.06 2.06 2.06
1.51 0.47 0.46 0.47 0.46 0.47 0.27 0.47 0.46 0.39 0.39 0.46 0.43 0.43 0.43 0.43 0.43 0.41 0.41 0.43 0.18 0.61 1.59 0.61 1.58 1.58 1.58 1.58 1.63 0.84 0.84 0.84 0.32 0.40 0.21 0.21 0.21 0.21 0.84 0.84 0.83 0.83 0.83 0.83 0.77 1.12 0.77 0.77 0.75 0.27 0.75 0.75 0.74 0.74 0.74 0.74 0.75 0.75 0.75 1.92 0.71 1.04 0.71 0.25 0.69 0.69 0.69 0.69 0.68 1.67 2.13 2.13 2.12 2.12 2.12 2.12 2.05 2.05 2.05 2.05 2.06 2.06 2.06 2.06
0.47 0.31 0.46 0.46 0.47 0.47 0.46 0.46 0.47 0.27 0.39 0.31 0.43 0.43 0.43 0.54 0.43 0.41 0.54 0.43 0.16 0.16 1.59 1.59 1.58 1.58 1.58 1.58 1.63 0.84 0.84 0.84 1.26 1.13 0.88 0.22 0.21 0.21 0.21 0.84 0.83 0.83 0.83 1.20 0.77 0.77 0.77 0.77 0.75 0.27 0.75 0.75 0.74 0.74 0.74 0.74 0.75 0.75 0.75 1.10 1.05 1.04 0.71 0.71 0.69 0.69 0.69 0.69 0.68 0.68 2.13 2.13 2.12 2.12 2.12 2.12 2.05 2.05 2.05 2.05 2.06 2.06 2.06 2.06
0.47 0.27 0.47 0.46 0.27 0.39 0.47 0.31 1.20 0.39 0.31 0.31 0.33 0.29 0.43 0.43 0.41 0.41 0.41 0.43 0.45 0.16 0.80 1.59 1.58 1.58 1.58 1.58 1.63 0.99 0.84 0.84 0.86 0.86 0.86 0.27 0.22 0.26 0.10 0.21 0.83 0.83 0.83 0.83 0.77 0.77 0.77 0.77 0.75 0.75 0.27 0.75 1.09 1.09 0.74 0.74 0.75 0.75 0.75 0.75 0.71 1.03 0.71 0.71 0.69 0.69 0.69 0.69 0.68 0.68 2.13 2.13 2.12 2.12 2.12 2.12 2.05 2.05 2.05 2.05 2.06 2.06 2.06 2.06
0.26 0.46 0.39 0.39 0.39 0.39 0.27 0.31 1.20 0.31 0.27 0.31 0.28 0.53 0.43 0.43 0.18 0.42 0.61 0.53 0.24 0.18 0.66 0.62 0.60 1.55 1.12 1.55 1.57 0.30 0.81 0.81 0.84 0.84 0.21 0.27 0.21 0.21 0.26 0.21 0.38 1.24 0.84 0.33 0.19 0.19 0.19 0.28 0.75 0.75 0.75 0.75 0.73 1.08 0.73 0.73 0.73 0.73 0.73 0.73 0.69 0.69 0.69 0.69 0.70 0.70 0.70 0.70 0.70 0.25 2.17 2.17 2.17 2.17 2.17 2.17 2.13 2.13 2.13 2.13 2.15 2.15 2.15 2.15
0.47 0.47 0.39 0.39 0.39 0.39 1.20 0.27 0.39 0.31 0.39 0.31 0.33 0.28 0.43 0.47 0.18 0.42 0.53 0.53 0.45 0.18 1.61 1.61 1.55 1.12 1.12 1.12 0.81 0.81 0.81 0.81 0.84 0.84 0.21 0.21 0.22 0.22 0.21 0.21 0.56 0.10 0.20 0.20 0.19 0.19 0.28 0.34 0.18 1.11 0.75 0.75 0.73 0.73 0.73 0.73 0.73 0.73 0.73 0.73 0.69 1.00 0.69 0.69 0.70 0.70 0.70 0.70 0.25 0.70 2.17 2.17 2.17 2.17 2.17 2.17 2.13 2.13 2.13 2.13 2.15 2.15 2.15 2.15
0.32 0.32 0.32 0.98 0.98 0.98 0.26 0.32 0.32 0.23 0.31 0.31 0.33 0.33 0.36 0.58 0.72 0.51 0.36 0.35 0.36 0.53 0.53 2.25 0.85 0.85 0.85 0.85 0.64 0.80 1.18 0.80 0.84 0.84 0.20 0.21 0.21 0.21 1.25 0.84 0.38 0.20 0.20 0.20 0.20 0.83 1.22 0.38 0.19 0.80 1.61 0.80 0.78 0.78 0.78 0.78 0.78 0.78 1.14 0.78 0.68 0.68 0.68 0.68 0.69 0.69 0.69 0.69 0.69 0.69 1.07 2.16 2.16 2.16 2.16 2.16 2.01 2.01 3.34 2.01 2.03 2.03 2.03 2.03
0.32 0.32 0.32 0.32 0.23 0.32 0.98 1.40 0.40 0.26 0.31 0.30 0.33 0.33 0.37 0.37 0.35 1.49 2.35 1.49 1.43 1.43 1.43 1.43 1.26 0.85 0.85 0.85 0.64 0.80 0.80 0.80 0.84 0.84 0.84 0.20 0.21 0.84 0.84 0.84 0.20 0.20 0.20 0.20 0.83 0.83 0.83 0.83 0.80 0.80 0.80 0.80 0.78 0.78 0.78 0.78 0.78 0.78 0.78 0.78 0.68 0.68 0.68 0.68 0.69 0.69 0.69 0.25 0.27 0.25 2.16 2.16 2.16 2.16 2.16 2.16 2.01 2.01 2.01 0.98 0.99 2.03 2.03 2.03
0.98 0.32 0.32 2.34 0.32 0.98 0.32 0.32 0.41 0.26 0.30 0.30 0.32 0.32 0.33 0.37 2.32 1.46 1.46 1.46 1.39 1.39 1.39 1.26 0.85 0.85 0.85 0.85 0.64 0.78 0.78 0.78 0.81 0.81 0.20 0.20 0.81 0.81 0.81 0.81 0.20 0.82 0.82 0.82 0.81 0.81 0.81 0.81 0.80 0.80 0.80 0.80 1.56 0.78 0.28 0.78 0.77 0.77 0.77 0.77 0.70 0.70 0.70 0.70 0.71 0.71 0.71 0.71 0.29 0.26 2.21 1.10 2.20 2.20 2.20 2.20 2.04 2.04 2.04 2.04 3.33 2.05 2.05 2.05
0.32 0.32 0.32 2.34 0.19 0.32 0.32 0.32 0.98 0.30 0.30 0.42 0.33 0.45 0.32 2.37 1.46 1.46 1.46 1.46 1.39 2.02 1.39 1.39 1.42 1.26 0.85 0.85 0.64 0.78 0.78 0.78 0.81 0.20 0.20 0.81 0.81 0.81 0.81 0.81 0.82 1.21 0.82 0.82 0.81 0.81 0.81 0.81 0.80 0.80 0.80 0.80 0.78 0.78 0.78 0.78 0.77 0.77 0.77 0.77 0.70 0.70 0.70 0.70 0.71 0.71 0.71 0.71 0.71 0.71 1.10 1.10 1.09 2.20 2.20 2.20 2.04 2.04 2.04 2.04 2.05 2.05 2.05 2.05
0.00 0.00 10.17 0.32 0.32 0.32 0.32 0.32 0.31 0.30 1.10 1.10 2.00 0.32 1.17 1.17 1.46 1.46 1.46 1.46 1.39 1.39 1.39 1.39 0.85 0.85 0.85 0.85 0.64 0.64 0.78 0.78 1.60 0.81 0.81 0.81 0.81 0.81 0.81 0.81 0.82 0.82 0.82 0.82 0.81 0.81 1.20 0.81 0.80 0.80 1.17 0.80 0.78 0.78 0.78 0.78 0.77 0.77 0.77 0.77 0.70 0.70 0.70 0.70 0.71 0.71 0.71 0.71 0.71 0.71 2.21 2.21 2.20 2.20 2.20 2.20 2.04 2.04 2.04 2.04 2.05 2.05 2.05 2.05
0.00 0.00 0.00 1.21 0.98 0.32 0.32 0.32 0.30 1.10 1.10 1.10 1.17 1.17 1.17 1.17 1.46 1.46 1.46 1.46 1.39 1.39 0.85 0.85 1.26 0.85 0.85 0.85 0.64 0.64 0.78 0.78 0.87 0.81 0.81 0.64 0.64 0.64 0.81 0.81 0.82 0.82 1.21 0.82 0.81 1.20 0.81 0.81 0.80 1.84 1.17 0.80 0.78 0.78 0.78 0.78 0.77 0.77 0.77 0.77 0.70 0.70 0.70 0.70 0.71 0.71 0.71 0.71 0.71 0.71 2.21 2.21 2.20 2.20 2.20 2.20 2.04 2.04 2.04 2.04 2.05 2.05 2.05 2.05
0.00 0.00 0.00 0.00 0.98 0.32 0.31 1.09 0.98 0.98 0.98 0.98 1.13 1.13 1.13 1.13 1.40 1.40 1.40 1.40 1.34 0.85 0.85 0.85 1.26 0.85 0.85 0.85 0.64 0.64 0.64 0.64 0.64 0.64 0.64 0.64 0.64 0.80 1.08 0.80 0.81 0.81 0.81 0.81 0.80 0.80 0.80 0.80 0.79 0.79 0.79 0.79 0.78 0.78 0.78 0.78 0.78 0.78 0.78 0.78 0.70 0.70 0.70 0.70 0.71 0.71 0.71 0.71 0.71 0.71 2.22 2.22 2.25 2.25 2.25 2.25 2.05 2.05 2.05 2.05 2.05 2.05 2.05 2.05
0.00 0.00 0.00 0.00 0.98 0.32 1.09 1.09 1.59 0.98 0.98 1.59 1.94 1.13 1.13 1.13 0.99 1.40 1.40 1.78 1.34 0.85 0.85 0.85 0.85 0.85 0.85 0.85 0.64 0.64 1.13 0.87 0.64 0.64 0.64 0.64 0.64 0.64 0.64 0.80 0.81 0.81 0.81 0.81 0.80 0.80 0.80 0.80 0.79 0.79 0.79 0.79 0.78 0.78 0.78 0.78 0.78 0.78 0.78 0.78 0.70 0.70 0.70 0.70 0.71 0.71 0.71 0.71 0.71 0.71 2.22 2.22 5.24 3.68 2.25 2.25 1.00 2.05 2.05 2.05 2.05 2.05 3.33 2.05
0.00 0.00 0.00 0.00 10.17 0.32 1.87 1.09 1.59 0.98 0.98 0.98 1.13 1.94 1.13 1.13 0.38 1.40 1.40 0.85 0.85 0.85 0.85 0.85 0.85 0.85 0.85 0.85 0.64 0.64 0.64 0.64 0.64 0.64 0.64 0.64 0.64 0.64 0.64 0.80 0.81 0.81 0.81 0.81 0.80 0.80 0.80 0.80 1.17 0.79 1.17 1.58 0.78 0.78 0.78 1.15 0.78 0.78 0.78 0.78 0.70 0.70 0.25 0.70 0.71 0.71 0.71 0.25 0.71 0.71 2.22 2.22 3.67 2.76 2.25 1.12 2.05 2.05 2.05 2.05 3.33 2.05 2.05 2.14
0.00 0.00 0.00 0.00 0.00 1.09 1.09 1.09 0.98 0.98 0.98 0.98 1.13 1.13 1.13 1.13 0.85 0.85 0.85 0.85 0.85 0.85 0.85 0.85 0.85 0.85 0.85 0.85 0.64 0.64 0.68 0.64 0.64 0.64 0.64 0.64 0.80 0.80 0.80 0.80 1.19 0.81 0.81 0.81 1.18 0.80 0.80 0.80 0.79 0.79 0.79 0.79 2.08 1.56 1.56 0.78 0.78 0.78 0.78 0.29 0.85 0.70 0.70 0.70 0.71 1.03 0.71 0.71 0.71 0.71 2.22 2.22 2.25 2.25 3.68 2.25 2.05 2.05 2.05 2.05 2.05 3.32 4.22 3.43
0.00 0.00 0.00 0.00 0.00 0.97 0.97 0.97 0.96 0.96 0.96 0.96 0.99 0.99 0.99 0.99 0.14 0.64 1.33 0.85 0.85 0.85 0.85 0.85 0.85 0.85 0.85 0.56 0.64 0.64 0.10 0.64 0.64 0.64 0.64 0.64 0.81 0.81 1.62 1.19 0.80 0.80 0.80 0.80 0.80 0.80 0.80 0.80 1.17 0.79 0.79 0.79 0.78 0.78 0.78 0.78 0.79 0.79 0.79 0.79 0.69 0.69 0.69 0.69 1.01 0.69 0.69 0.25 0.71 0.71 2.21 2.21 2.28 2.28 2.28 3.72 2.07 2.07 2.07 2.07 2.04 2.04 2.04 2.04
0.00 0.00 0.00 0.00 1.13 0.97 0.97 1.58 0.96 1.09 0.96 0.96 0.99 0.99 0.99 0.99 0.64 0.64 1.33 1.33 1.31 0.85 0.85 1.31 1.35 0.85 0.85 0.56 0.64 0.64 0.64 0.64 0.64 0.64 0.80 0.80 0.81 0.81 0.81 0.81 0.80 0.80 1.18 0.80 0.80 0.80 0.80 0.80 0.79 0.79 0.79 0.79 0.78 0.78 0.78 0.78 0.79 0.79 0.79 0.79 0.69 0.69 0.69 0.69 0.69 0.69 0.69 0.69 1.03 0.71 2.21 2.21 2.28 2.28 2.28 2.28 2.07 1.02 2.07 2.07 1.10 2.04 2.04 2.04
0.00 0.00 0.00 0.98 0.31 0.97 0.97 0.97 1.09 0.30 0.25 0.25 0.26 0.26 0.26 0.99 0.64 0.64 0.64 1.33 1.31 1.31 1.31 1.31 1.35 1.35 0.85 0.56 0.64 0.64 0.64 0.64 0.64 0.64 0.64 0.80 0.81 0.81 0.81 0.81 0.80 0.80 0.80 0.80 0.80 0.80 1.18 0.80 0.79 0.79 0.79 0.79 0.78 0.78 0.78 0.78 0.79 0.79 0.79 0.79 0.69 0.69 0.69 0.69 0.69 0.69 0.25 0.69 1.03 0.71 2.21 2.21 2.28 2.28 1.14 0.83 1.02 2.07 2.07 2.07 2.04 2.04 2.04 2.04
0.00 0.00 0.00 10.17 0.15 1.58 0.97 1.10 0.30 0.30 0.30 0.30 0.26 0.26 0.26 0.26 0.64 0.64 0.64 1.33 1.31 1.31 1.31 1.31 1.35 1.35 1.35 0.56 0.64 0.64 0.64 0.64 0.64 0.64 0.64 0.64 0.81 0.81 0.81 0.81 0.80 0.80 0.80 0.80 0.80 0.80 0.80 0.80 1.17 0.79 0.79 0.79 0.78 1.15 0.78 0.78 0.79 0.79 0.79 0.79 0.69 0.69 0.69 0.69 0.69 0.69 0.69 0.69 0.71 0.71 2.21 2.21 2.28 2.28 2.28 0.83 0.74 2.07 2.07 2.07 1.00 2.04 2.08 2.04
0.00 0.00 0.00 1.16 0.31 0.30 0.30 0.26 0.26 0.30 0.25 0.25 0.26 0.26 0.15 0.97 0.62 0.62 0.62 0.62 1.35 1.35 1.35 1.35 1.42 1.42 1.42 0.72 0.83 0.83 0.64 0.64 0.64 0.64 0.64 0.64 0.81 0.81 0.81 0.81 0.79 0.79 0.79 0.79 0.79 0.79 0.79 0.79 0.79 0.79 0.79 0.29 0.79 0.79 0.79 0.79 0.81 0.81 0.81 0.81 0.71 0.71 0.71 0.71 0.69 0.69 0.69 0.69 0.71 0.71 2.20 2.20 2.26 2.26 2.26 0.90 0.81 0.77 0.81 0.81 0.43 1.02 1.05 2.14
0.00 0.00 0.32 0.32 0.32 0.32 0.32 0.26 0.30 0.30 0.39 0.25 0.26 0.39 1.30 0.97 0.62 0.62 0.62 0.62 1.35 1.35 1.35 1.35 1.42 1.42 1.42 0.72 0.83 0.83 0.64 0.64 0.83 0.64 0.64 0.64 0.81 0.81 0.81 0.81 0.79 0.79 0.79 0.79 0.79 0.79 0.79 0.79 0.79 0.79 0.29 0.29 0.79 0.79 0.79 0.79 0.81 0.81 0.81 0.81 0.71 0.71 0.71 0.71 0.69 0.69 0.69 0.69 0.71 0.71 2.20 2.20 2.26 3.44 2.26 0.46 0.41 0.81 0.81 0.61 0.48 0.48 0.48 0.41
0.00 0.00 0.22 0.22 0.22 0.22 0.22 0.06 0.05 0.05 0.05 0.54 0.05 0.05 0.54 0.54 0.50 0.50 0.50 0.50 1.16 1.16 1.16 1.16 1.22 1.22 1.22 0.61 0.67 0.67 0.67 0.67 0.67 0.67 0.67 0.51 0.66 0.66 0.66 0.66 0.64 0.64 0.64 0.64 0.59 0.59 0.59 0.59 0.59 0.59 0.59 0.21 0.59 0.59 0.59 0.59 0.61 0.61 0.61 0.61 0.54 0.54 0.54 0.54 0.53 0.53 0.53 0.53 0.54 0.54 1.79 1.79 1.85 1.85 1.85 1.85 0.80 0.80 0.57 0.57 0.46 0.46 0.36 1.34
0.00 0.00 0.22 0.22 0.22 0.17 0.01 0.06 0.06 0.05 0.54 0.54 0.54 0.54 0.54 0.54 0.11 0.11 0.50 0.50 0.53 1.16 1.16 1.16 1.22 1.22 1.22 0.61 0.67 0.67 0.67 0.67 0.67 0.67 0.67 0.51 0.66 0.66 0.66 0.66 0.64 0.64 0.64 0.64 0.59 0.59 0.59 0.59 0.59 0.59 0.59 0.59 0.59 0.59 0.59 0.59 0.61 0.61 0.14 0.61 0.54 0.54 0.54 0.54 0.53 0.53 0.53 0.53 0.54 0.54 1.79 2.86 2.92 2.93 1.85 1.85 1.70 0.80 0.57 0.60 0.46 0.46 0.36 0.00
0.00 0.00 0.71 0.22 0.22 0.06 0.55 0.55 0.05 0.53 0.68 0.53 0.52 0.52 0.52 0.52 0.51 0.11 0.51 0.51 0.71 1.21 1.21 1.21 1.26 1.26 1.26 0.64 0.69 0.25 0.69 0.69 0.68 0.68 0.68 0.68 0.66 0.66 0.96 0.66 0.63 0.63 0.63 0.63 0.59 0.59 0.59 0.59 0.59 0.59 0.59 0.59 0.61 0.61 0.61 0.61 0.63 0.63 0.14 0.14 0.13 0.13 0.13 0.57 0.56 0.56 0.56 0.56 0.54 0.54 1.78 1.78 1.79 1.79 1.79 1.79 1.67 1.67 0.56 0.56 0.46 0.30 0.19 0.00
0.00 0.00 9.60 0.13 0.22 0.01 0.55 0.55 0.53 0.53 0.53 0.53 0.52 0.52 0.52 0.52 0.51 0.51 0.51 0.51 0.56 0.56 1.21 1.21 1.26 1.26 1.26 0.64 0.69 0.25 0.24 0.69 0.68 0.68 0.68 0.68 0.23 0.66 0.95 0.66 0.63 0.63 0.63 0.63 0.59 0.59 0.59 0.59 0.59 0.59 0.59 0.59 0.61 0.61 0.61 0.61 0.14 0.14 0.14 0.14 0.13 0.13 0.13 0.57 0.56 0.56 0.56 0.56 0.54 0.54 1.78 1.78 1.79 1.79 1.79 1.79 1.67 1.67 1.71 0.56 0.46 1.34 9.00 0.00
0.00 0.00 0.00 0.13 0.22 0.06 0.56 0.12 0.11 0.53 0.11 0.11 0.52 0.52 0.52 0.13 0.11 0.51 0.51 0.51 0.56 0.56 1.21 1.21 1.79 1.26 1.26 0.64 0.69 0.69 0.69 0.69 0.68 0.68 0.68 0.42 0.40 0.66 0.66 0.66 0.22 0.63 0.63 0.63 0.59 0.59 0.59 0.59 0.59 0.59 0.59 0.59 0.61 0.61 0.61 0.88 0.63 0.63 0.14 0.14 0.13 0.13 0.13 0.13 0.56 0.56 0.56 0.56 0.54 0.54 1.78 1.78 1.79 1.79 1.79 1.79 1.67 1.67 1.71 0.59 0.46 0.19 0.00 0.00
0.00 0.00 0.00 9.60 0.87 0.27 0.17 0.01 0.05 0.53 0.53 0.53 0.52 0.52 0.52 0.52 0.51 0.51 0.51 0.51 0.56 0.56 1.21 1.21 1.26 1.26 0.64 0.64 0.69 0.69 0.69 0.69 0.68 0.68 0.99 0.68 0.66 0.66 0.66 0.66 0.63 0.63 0.63 0.63 0.59 0.59 0.59 0.59 0.59 0.59 0.59 0.59 0.61 0.61 0.61 0.61 0.63 0.63 0.14 0.14 0.06 0.13 0.13 0.13 0.56 0.56 0.56 0.56 0.54 0.54 1.78 1.78 1.79 1.79 1.79 1.79 1.67 1.67 1.67 0.59 0.46 0.19 0.00 0.00
