New_Model_Runs/12_Future_RCP4.5_Scn2_out/post_prcessed_with_MFR/Monthly_summaries/runoff_monthly_NOV.asc
NCOLS 700
NROWS 400
XLLCENTER 515000.000000
YLLCENTER 8409000.000000
CELLSIZE 50.000000
NODATA_value -999.000000
[rows 228 to 265 of 400, columns 168 to 251 of 700]
0.68 0.39 0.84 0.94 0.68 0.72 0.72 0.72 0.79 0.79 0.46 0.46 0.47 0.47 0.69 0.71 0.54 0.66 0.66 0.66 0.40 0.66 0.66 0.66 0.53 0.53 0.53 0.53 0.53 0.61 0.53 0.61 0.53 0.75 0.75 0.38 0.38 0.31 0.31 0.31 0.28 0.28 0.28 0.58 0.54 0.58 0.58 0.28 0.28 0.28 0.28 0.58 0.58 0.58 0.58 0.30 0.43 0.43 2.25 2.25 2.28 2.28 2.28 2.28 3.62 2.30 2.30 1.45 2.30 2.30 2.30 2.30 2.05 2.05 2.05 2.05 2.02 2.02 2.02 2.02 1.98 1.98 2.09 1.98
0.68 0.68 0.68 0.68 0.68 0.68 0.72 0.72 0.75 1.10 0.47 0.69 0.61 0.47 0.47 0.54 0.54 0.54 0.47 0.47 0.66 0.40 0.40 0.40 1.98 0.59 0.59 0.46 0.59 0.75 0.53 0.46 0.75 1.98 0.75 0.53 0.53 0.53 0.25 0.31 0.28 0.28 0.58 0.58 0.58 0.64 0.22 0.22 0.22 0.28 0.28 0.58 0.54 1.95 1.95 1.95 1.67 1.67 2.25 2.25 2.28 2.28 2.35 1.44 1.45 1.89 2.30 2.30 2.30 2.30 2.30 2.36 1.33 2.12 2.12 1.28 2.02 2.02 2.02 2.02 1.98 2.09 2.09 1.98
1.97 1.97 1.97 1.97 1.98 0.94 1.98 0.68 1.06 0.79 0.79 0.79 0.61 0.47 0.47 0.54 0.71 0.47 0.47 0.47 0.66 0.40 0.40 0.40 0.46 0.46 0.46 0.46 0.46 1.02 1.98 1.98 0.46 0.46 0.46 2.27 0.46 1.98 0.75 0.75 0.47 0.47 0.28 0.58 0.28 1.57 0.22 0.22 0.22 0.30 0.27 0.27 0.28 0.54 0.54 1.95 1.67 2.25 2.25 2.25 2.28 2.28 2.28 1.44 1.45 2.30 2.30 2.30 2.30 2.30 1.47 2.33 1.57 2.12 2.05 2.05 2.02 2.02 2.02 2.02 1.98 3.78 2.09 1.98
1.97 1.97 1.97 1.97 1.98 1.98 1.98 3.72 2.13 0.75 0.44 0.79 0.47 0.47 0.47 0.61 0.47 0.47 0.47 0.63 0.54 0.54 0.47 1.76 0.46 1.49 0.46 0.75 0.46 0.75 3.09 1.98 0.46 0.46 0.46 0.46 1.49 0.53 1.98 0.46 0.67 0.47 0.47 0.78 0.83 0.41 0.62 0.62 0.54 0.25 0.54 0.25 0.54 0.54 0.54 0.54 0.43 2.25 2.25 2.25 2.28 2.28 2.28 1.49 2.36 2.36 2.30 2.30 4.87 4.87 2.30 2.36 2.12 1.28 2.05 2.05 2.02 2.02 2.02 2.02 2.09 2.09 1.98 3.62
0.96 2.01 2.01 2.01 2.01 2.01 4.59 2.70 1.04 1.08 1.04 0.46 0.46 0.46 0.99 0.47 0.47 0.47 0.47 0.47 0.71 0.54 0.63 0.54 0.53 0.53 0.48 0.53 0.46 0.61 1.98 1.98 0.53 0.75 0.75 1.16 1.79 0.81 1.13 0.75 0.41 0.41 0.41 0.41 0.67 0.73 0.73 0.73 0.75 0.55 0.55 0.55 0.56 0.56 0.56 0.56 0.45 1.19 3.33 4.12 4.17 2.30 4.16 2.36 6.34 1.76 1.76 2.38 2.32 2.32 4.94 2.37 2.06 2.06 2.06 2.06 2.01 2.01 2.01 3.63 1.99 1.99 1.99 1.99
2.01 2.01 2.01 2.01 2.01 3.26 2.01 2.01 2.16 2.16 1.04 1.08 1.08 1.03 1.03 0.79 0.61 0.47 0.47 0.54 0.54 0.54 0.61 0.47 0.53 0.53 0.61 0.53 0.53 0.61 0.53 1.98 0.53 2.46 1.16 1.21 1.21 1.08 1.08 0.64 0.78 0.48 0.62 0.48 0.67 0.73 0.73 0.73 0.75 0.49 0.46 0.75 0.76 0.56 0.56 0.56 1.19 1.19 1.19 2.28 2.30 2.30 2.30 2.30 2.38 1.50 4.71 1.76 2.37 2.37 1.50 1.50 2.13 2.06 2.06 2.06 2.01 2.01 6.87 3.63 1.99 1.99 1.99 1.99
2.01 2.01 2.01 2.01 0.96 3.26 2.01 2.01 2.16 2.16 2.16 1.04 1.03 1.03 2.68 1.40 0.78 0.78 0.78 0.47 0.47 0.84 0.54 0.71 0.53 1.49 0.53 0.53 0.53 0.53 0.53 0.50 0.99 0.70 2.24 2.46 0.97 1.17 0.46 0.82 0.42 0.42 0.72 0.42 0.48 0.73 0.46 0.83 0.83 0.79 1.08 1.08 1.09 2.16 0.44 0.76 0.85 0.85 0.85 1.19 2.30 2.30 2.30 2.30 2.38 2.38 1.76 1.76 1.76 1.76 1.76 2.41 2.13 2.06 1.29 2.06 2.01 2.10 2.01 2.01 1.99 1.99 1.99 1.99
2.01 2.01 2.01 2.01 2.01 3.96 2.01 2.01 2.16 2.16 1.04 2.16 2.14 2.14 2.14 0.75 0.78 0.74 0.78 0.54 0.47 0.47 0.54 0.54 0.53 1.49 1.20 0.85 0.50 0.46 0.50 0.50 0.47 0.80 2.24 1.70 1.17 1.17 0.61 0.82 0.42 1.01 0.72 0.66 0.73 0.73 0.73 0.46 0.83 0.79 0.46 0.81 2.12 1.13 1.09 1.09 0.88 1.23 1.23 1.19 2.30 2.30 2.30 2.30 2.33 2.35 1.76 1.76 1.76 1.48 2.32 2.37 3.72 3.72 2.06 2.06 2.10 2.01 2.01 3.63 1.99 1.99 1.99 1.99
2.04 2.04 2.04 2.04 2.05 2.05 2.05 2.05 2.18 1.06 1.06 2.18 2.15 2.15 1.04 1.04 2.11 0.74 0.78 0.47 0.47 0.54 0.54 0.47 0.53 0.50 0.47 0.80 0.85 2.35 2.35 0.50 0.46 0.79 0.79 1.15 1.14 1.14 0.53 0.49 0.48 0.73 0.73 0.73 0.76 0.76 0.76 0.76 0.47 0.77 1.09 0.47 0.87 2.55 1.04 1.04 1.76 2.36 1.45 2.36 2.31 2.31 2.34 2.34 2.35 1.76 2.77 1.76 2.92 2.37 2.31 2.31 2.04 2.04 3.78 3.75 2.00 2.00 2.00 2.00 2.01 2.01 2.01 2.01
2.04 2.04 2.04 2.04 2.05 3.32 2.05 2.05 2.18 2.18 2.18 2.18 2.15 2.15 2.15 2.15 1.02 0.92 0.43 0.46 0.47 0.54 0.54 0.54 0.53 0.50 0.50 0.47 0.85 0.48 2.35 0.53 0.84 0.84 0.79 0.79 1.14 1.21 0.49 0.49 0.42 0.73 0.73 0.73 0.76 0.76 0.76 0.76 0.47 0.77 0.77 0.46 0.81 0.87 1.04 2.03 1.76 1.50 2.36 1.76 2.37 2.37 1.76 1.76 1.76 1.76 2.77 1.89 4.71 1.48 1.89 3.99 2.04 2.04 2.04 2.04 2.59 2.00 2.00 2.00 2.01 2.01 2.01 2.01
2.04 2.04 2.04 2.04 2.05 2.05 2.05 2.05 2.18 2.18 2.18 2.18 2.15 2.15 2.15 2.15 2.62 0.74 0.74 0.78 0.47 0.47 0.54 0.63 0.61 0.82 1.13 0.80 0.50 0.50 0.50 1.62 0.84 1.19 0.84 0.50 1.07 0.53 0.49 0.49 0.73 0.73 0.73 0.73 0.76 0.76 0.44 0.76 0.77 0.47 0.47 0.46 0.41 1.04 0.81 1.74 2.73 1.50 1.56 1.76 1.76 1.76 1.76 1.76 1.76 1.76 1.76 1.76 3.01 1.76 1.50 1.46 2.12 3.70 2.04 2.04 2.00 2.00 2.00 2.00 7.11 2.01 2.01 2.01
2.04 2.04 2.04 2.04 2.05 2.05 2.05 2.05 2.18 2.18 2.18 2.18 2.15 2.15 2.15 2.15 2.11 0.78 0.47 0.54 0.47 0.78 0.78 2.20 1.17 0.85 0.80 0.80 0.80 0.80 0.80 0.47 0.79 0.79 1.00 0.50 2.20 0.49 0.67 0.45 0.73 0.73 0.73 0.73 0.76 0.76 0.80 0.80 0.80 0.47 0.49 0.77 0.78 0.55 0.55 2.03 1.50 1.76 1.76 1.76 1.76 1.76 1.76 1.76 1.50 1.76 1.76 1.76 1.76 1.76 3.40 2.37 2.12 2.04 2.04 2.04 2.00 2.00 2.00 2.00 2.01 2.01 2.01 2.01
2.06 2.06 2.06 2.06 2.05 3.32 2.05 2.05 2.18 2.18 2.18 2.18 2.14 2.14 2.14 2.14 1.07 1.04 0.54 1.04 0.44 2.11 2.11 2.20 2.36 2.36 0.81 0.81 0.80 0.80 0.80 0.80 0.53 0.89 0.89 0.46 0.79 1.28 1.04 0.46 0.75 0.75 0.75 0.75 0.77 0.80 0.77 0.80 0.55 0.49 0.83 0.78 0.55 0.55 0.55 1.23 1.50 1.76 1.76 1.76 1.76 1.76 1.76 1.76 1.50 2.75 2.92 1.76 2.56 1.50 1.76 3.47 1.27 2.03 2.03 2.03 2.02 2.02 2.02 3.65 2.04 2.04 2.04 2.04
2.06 3.34 2.06 2.06 2.05 2.05 0.98 2.05 2.18 2.18 2.18 3.53 2.14 2.14 2.14 2.14 1.02 1.07 1.07 1.04 1.07 2.11 2.11 2.11 2.27 2.27 0.81 0.81 0.80 0.80 0.80 0.80 0.79 0.79 0.50 0.79 0.79 0.46 0.50 0.79 0.75 0.75 0.75 0.75 0.77 0.80 0.80 0.47 0.47 0.47 0.67 0.55 0.55 0.67 0.55 1.36 1.15 2.45 1.76 1.76 1.76 1.76 1.76 1.76 2.81 1.76 1.76 1.76 1.76 1.76 2.36 2.29 3.68 2.03 2.03 2.03 2.02 2.02 2.02 2.02 2.04 2.04 2.04 2.04
1.90 1.90 1.90 1.90 1.89 2.54 3.15 4.59 2.00 2.00 5.68 3.22 1.97 1.97 1.97 1.97 1.94 0.92 1.98 0.92 1.94 1.94 1.94 1.94 2.04 2.04 2.04 2.04 0.70 0.70 0.70 0.70 0.69 0.69 0.69 0.69 0.69 0.69 0.40 0.69 0.66 0.66 0.37 0.37 0.68 0.47 0.41 0.68 0.60 0.72 0.68 0.70 0.40 0.41 0.47 1.10 1.03 1.59 1.59 1.59 1.59 1.59 1.59 1.59 2.54 1.59 1.59 1.59 1.33 1.33 2.15 2.09 1.79 1.79 1.79 1.79 1.78 1.78 1.78 1.78 1.80 1.80 1.80 1.80
1.90 1.90 1.90 1.90 1.89 1.89 1.89 1.89 2.00 2.00 2.00 2.00 3.18 3.18 3.18 3.16 1.94 1.94 1.94 1.94 1.94 1.94 1.94 1.94 2.04 2.04 2.04 2.04 2.03 2.03 0.70 0.70 0.69 0.69 0.69 0.69 0.69 0.69 0.69 0.69 0.66 0.66 0.66 0.40 0.47 0.47 0.47 0.60 0.68 0.66 0.66 0.68 0.70 0.70 1.57 1.10 0.94 0.94 1.59 1.59 1.59 1.59 1.59 1.41 1.59 1.59 1.35 1.59 1.33 2.12 2.09 2.09 1.79 1.79 1.79 1.79 1.78 1.78 1.78 1.85 1.80 1.80 1.80 1.87
1.89 1.89 4.34 3.03 1.86 2.25 1.86 1.86 1.96 1.96 1.96 1.96 1.95 1.95 1.95 1.95 1.94 1.94 1.94 1.94 1.95 1.95 1.95 1.95 2.06 2.06 2.06 2.06 2.05 2.05 2.05 0.72 0.70 0.70 0.70 0.70 0.71 0.71 0.71 0.41 0.66 0.66 0.66 0.69 0.40 0.47 0.42 0.40 0.37 0.65 0.65 0.65 0.66 0.66 1.57 1.10 0.94 1.03 1.35 1.35 1.59 1.32 1.36 1.32 1.41 1.59 1.59 1.35 1.32 1.32 2.09 2.09 1.80 1.80 1.80 1.80 1.79 1.79 1.86 1.86 1.11 1.81 1.81 1.87
1.89 1.89 1.89 1.89 1.86 1.86 3.00 1.86 1.96 1.96 1.96 1.96 1.95 1.95 1.95 1.95 1.94 1.94 1.71 0.92 1.95 1.95 1.95 1.95 2.06 2.06 2.06 2.06 2.05 2.05 2.05 0.72 0.70 0.70 0.70 0.70 0.71 0.71 0.71 0.43 0.66 0.38 0.66 0.69 0.40 0.89 0.37 0.66 0.37 0.72 0.65 0.65 0.72 0.58 1.57 1.21 1.03 0.94 1.35 1.59 1.59 1.59 1.59 1.59 1.59 1.59 1.59 1.33 1.32 2.09 2.09 2.12 1.80 1.80 4.78 1.80 1.79 1.86 2.85 1.15 1.15 1.11 1.11 1.87
1.89 4.32 1.89 1.89 1.86 1.86 3.00 1.86 1.96 1.96 0.93 0.98 0.97 0.92 0.92 0.92 1.94 2.02 0.97 1.94 1.95 1.95 1.95 1.95 2.06 2.06 2.06 2.06 2.05 2.05 2.05 2.05 0.70 0.70 0.70 0.70 0.71 0.71 0.71 0.71 0.66 0.66 0.38 0.92 0.69 0.66 0.66 0.72 1.90 0.72 0.72 0.65 0.66 0.58 1.15 1.57 1.11 1.03 1.41 1.59 1.39 1.59 1.35 1.59 1.59 1.59 2.13 2.11 1.35 1.39 2.09 2.15 1.94 1.87 1.80 1.80 1.79 3.24 1.79 1.79 1.81 1.11 1.87 1.11
1.89 1.89 1.89 1.89 1.86 1.86 1.86 1.86 1.96 1.96 0.93 2.04 0.97 0.92 0.92 1.95 1.25 0.73 1.94 1.94 1.95 1.95 1.95 1.95 2.06 2.06 2.06 2.06 2.05 3.33 2.05 2.05 2.02 0.70 0.97 0.70 0.71 0.71 0.71 0.71 0.66 0.66 0.66 0.69 0.94 0.66 0.60 0.72 1.90 0.42 0.65 0.65 0.58 1.59 1.11 1.11 1.11 1.35 1.59 1.33 1.36 1.33 1.59 1.59 1.35 1.59 2.13 3.86 2.09 1.30 3.34 1.35 1.80 3.26 1.80 1.80 1.82 1.79 1.79 1.79 1.81 1.81 1.87 0.94
1.87 1.87 3.02 1.87 1.84 1.84 1.84 1.84 1.95 1.95 0.97 0.41 1.94 0.92 0.92 0.92 1.31 0.73 2.03 1.94 1.95 1.95 1.95 4.54 2.07 2.07 2.07 2.07 3.34 2.06 2.06 2.06 2.05 0.71 0.71 0.71 0.72 0.72 0.72 0.72 0.65 0.37 0.65 0.65 0.65 0.65 0.49 0.42 1.90 0.42 0.66 0.66 0.41 1.10 1.57 1.12 1.35 1.35 1.35 1.35 1.59 1.59 2.54 2.54 1.59 1.59 1.59 1.59 2.08 2.15 1.59 1.59 1.84 1.81 1.81 1.13 0.94 1.85 1.85 1.88 1.83 1.83 1.88 0.94
1.87 1.87 1.87 1.87 1.84 1.84 1.84 1.84 1.95 1.95 0.87 0.41 0.67 0.38 1.01 0.92 0.97 0.97 2.03 1.94 0.93 1.95 1.95 1.95 2.07 2.07 2.07 2.07 2.06 2.06 2.06 2.06 2.05 0.71 0.71 0.71 0.72 0.72 0.72 0.72 0.65 0.72 0.72 0.72 0.65 0.92 1.00 1.90 1.90 1.90 0.40 0.66 0.72 1.12 1.10 1.12 1.33 1.59 1.59 1.59 1.35 1.41 1.59 1.59 1.59 1.59 1.59 1.35 2.62 1.59 1.59 1.59 0.94 1.94 1.81 1.15 1.88 0.94 1.11 1.11 1.85 1.83 1.88 1.11
1.87 1.87 1.87 1.87 1.84 1.84 1.84 2.96 1.95 0.67 0.67 0.41 0.41 0.67 0.82 0.70 0.67 0.92 0.97 0.97 0.93 1.95 1.95 1.95 2.07 2.07 2.07 2.07 2.06 2.06 2.06 2.06 2.05 2.05 0.71 0.71 0.72 0.72 0.72 0.72 0.65 0.72 1.90 1.90 0.72 0.72 0.72 0.72 1.90 0.42 0.66 0.66 0.40 1.57 1.21 1.10 1.35 1.33 1.59 1.59 1.59 1.35 1.35 1.59 1.59 1.59 1.35 1.59 2.15 1.35 1.59 1.35 0.94 1.94 1.13 1.20 1.90 0.94 1.11 1.11 1.11 1.94 1.80 0.94
1.87 1.87 1.87 1.87 1.84 1.84 2.96 1.84 1.95 1.95 0.67 0.41 0.41 0.67 0.43 0.41 0.38 0.40 0.97 0.97 0.93 1.95 1.95 1.95 2.07 2.07 2.07 3.36 3.34 2.06 2.06 2.06 2.05 0.71 0.71 0.71 0.72 0.72 0.72 0.72 0.65 0.72 1.90 1.90 1.90 1.90 1.90 1.90 0.42 0.37 0.37 0.40 0.70 1.10 1.21 1.57 2.10 1.33 1.31 1.59 1.59 1.59 1.35 1.59 1.59 1.35 1.35 1.35 1.35 1.35 1.59 1.59 2.42 1.11 1.13 1.20 1.11 1.11 1.11 1.11 1.11 1.11 0.98 1.94
1.89 1.89 1.89 1.89 1.86 1.86 1.86 1.86 1.95 1.95 1.95 0.38 0.38 0.66 0.70 0.50 0.38 0.40 0.40 0.91 0.93 1.96 1.96 1.96 3.39 2.09 2.09 3.40 2.09 2.09 2.09 2.09 2.08 0.73 0.73 0.73 0.72 0.72 0.72 0.72 0.65 0.72 1.90 1.90 1.90 0.35 0.35 0.35 0.66 0.66 0.66 0.40 0.40 1.10 1.21 1.57 1.35 1.59 1.59 1.35 1.59 1.59 1.59 1.59 1.59 1.41 1.35 1.35 1.35 1.35 1.35 1.35 2.42 1.87 1.11 0.94 1.11 1.11 0.98 1.11 1.11 1.11 1.80 1.94
1.89 1.89 1.89 1.89 1.86 1.86 2.99 1.86 1.95 1.95 2.22 0.38 0.40 0.70 0.43 1.55 0.40 0.40 0.40 1.93 1.96 1.96 1.96 1.96 3.31 2.09 3.40 2.09 2.09 2.09 2.09 2.09 2.08 0.73 0.73 0.73 0.72 0.72 0.72 0.72 0.65 1.30 1.90 1.18 0.42 0.64 0.64 0.68 0.66 0.66 0.67 0.39 0.68 1.21 1.15 1.12 0.94 1.03 1.59 1.59 1.41 2.54 1.59 1.59 1.59 1.59 1.35 1.59 1.59 1.35 1.35 2.15 1.11 1.11 1.11 1.11 1.11 1.11 1.11 1.11 1.11 1.11 1.80 1.80
0.89 1.89 1.89 1.89 1.86 1.86 1.86 1.86 3.15 1.95 1.95 0.38 0.40 0.42 0.42 0.40 0.40 0.38 0.40 1.93 1.96 1.96 1.96 1.96 2.09 2.09 2.09 2.09 2.09 2.09 2.09 2.09 2.08 0.73 0.73 0.73 0.72 0.72 0.72 1.01 0.65 1.30 1.90 1.90 0.64 0.64 0.64 0.64 0.66 0.66 0.69 0.47 1.21 1.21 1.21 1.21 1.03 1.35 1.59 1.59 1.59 1.41 1.59 1.35 1.59 1.59 1.35 1.59 1.59 1.35 1.35 1.59 1.11 1.11 1.11 1.11 1.11 1.11 1.11 1.11 1.11 1.11 1.11 1.11
1.89 0.89 1.89 1.89 1.86 1.86 1.86 1.86 2.56 1.95 1.95 0.67 0.40 0.42 0.67 0.42 0.52 0.40 0.66 1.93 1.96 1.96 1.96 1.96 2.09 2.09 2.09 2.09 2.09 2.09 2.09 2.09 0.73 0.73 0.73 0.73 0.72 0.72 1.01 0.72 0.65 0.65 0.42 0.72 0.68 0.64 0.64 0.64 0.66 0.69 0.69 0.47 1.21 1.21 1.21 1.83 1.59 1.59 1.59 1.35 1.59 1.59 2.54 1.59 1.59 1.59 1.59 1.59 1.59 1.35 1.35 1.34 1.13 1.20 0.94 1.11 1.11 1.11 0.98 0.98 1.11 1.11 1.11 1.11
3.14 1.90 1.90 1.90 1.86 4.24 1.86 3.04 1.94 0.92 0.92 1.20 0.42 1.20 0.42 1.20 1.20 0.40 0.66 1.92 1.97 1.97 1.97 1.97 0.74 2.11 2.11 2.11 2.12 2.12 0.74 0.74 0.75 0.75 0.75 0.75 0.73 0.73 0.73 0.73 0.64 0.64 0.64 0.37 0.64 0.64 0.64 0.36 0.40 0.39 0.47 0.47 1.21 1.10 1.10 1.83 1.35 1.59 1.59 1.35 1.59 1.59 1.59 1.59 1.59 1.59 1.59 1.59 1.35 1.35 1.35 1.35 1.11 1.11 0.94 1.11 1.11 1.11 1.11 1.11 1.80 1.11 1.88 1.11
1.90 5.71 3.07 1.90 1.86 1.86 1.86 2.85 1.94 1.94 1.94 0.43 0.42 0.42 0.43 0.43 0.39 0.40 0.38 1.92 1.97 1.97 1.97 0.68 0.74 1.03 2.11 2.11 0.74 0.74 0.74 0.74 0.75 0.75 0.75 0.75 0.73 0.73 0.73 0.73 0.64 0.64 0.64 0.64 0.64 0.64 0.64 0.36 0.40 0.39 0.47 0.47 1.21 1.21 1.83 1.56 1.59 1.59 1.41 1.59 1.59 1.59 1.59 1.59 1.59 1.59 1.59 1.59 1.35 1.35 1.59 1.59 0.94 1.11 1.11 1.11 1.11 1.11 1.11 1.11 1.11 1.11 0.98 0.94
0.71 1.62 1.61 1.61 2.50 1.57 1.57 0.72 1.61 1.61 0.65 0.31 0.33 0.33 0.29 0.52 0.52 0.52 0.29 1.60 1.64 1.64 1.64 0.54 0.57 0.57 1.71 1.71 0.57 1.16 0.57 0.57 0.57 0.57 0.57 0.57 0.57 0.57 0.57 0.82 0.67 0.50 0.50 0.50 0.49 0.49 0.49 0.53 0.36 0.36 0.36 0.31 1.52 1.52 1.52 1.29 1.13 1.13 1.00 0.96 1.13 1.13 1.13 1.13 1.13 0.96 1.13 1.13 1.13 1.13 1.13 1.13 1.01 0.86 1.01 1.01 1.03 1.03 1.03 1.01 1.01 1.01 0.86 1.01
1.66 0.71 1.61 1.61 1.57 1.57 0.72 1.57 0.74 0.53 0.53 0.29 0.29 0.29 0.52 0.52 0.52 0.52 0.52 0.52 1.64 1.64 1.64 0.54 0.57 0.57 0.57 0.57 0.57 0.57 0.57 0.57 0.57 0.57 0.57 0.57 0.77 0.57 0.57 0.57 0.50 0.50 0.50 0.50 0.27 0.49 0.49 0.49 0.54 0.36 0.36 1.52 1.52 1.52 1.52 1.29 1.13 1.13 1.13 1.13 0.96 1.13 1.13 1.13 1.00 1.00 1.13 1.13 0.96 1.13 1.13 1.13 0.86 0.86 0.86 0.86 0.86 1.01 1.01 0.86 1.01 1.01 0.86 1.01
0.73 1.60 1.60 1.60 1.56 1.56 1.56 2.03 0.74 0.71 0.53 0.53 0.52 0.29 0.52 0.52 0.71 0.71 0.52 0.52 1.63 1.63 2.60 0.54 1.10 0.78 0.57 0.57 0.58 0.58 0.58 0.58 0.79 0.58 0.58 0.58 0.77 0.56 0.56 0.56 0.49 0.49 0.49 0.49 0.27 0.29 0.49 0.49 0.50 0.53 0.53 1.05 1.06 1.29 1.52 1.29 1.13 1.13 1.13 1.13 0.96 1.13 1.13 1.13 1.13 1.13 1.13 1.13 1.13 1.13 1.13 1.13 1.01 0.86 0.86 0.86 1.01 1.01 1.01 1.01 0.89 1.01 1.01 1.01
2.06 3.50 1.60 0.74 0.71 3.50 1.56 1.56 1.60 0.53 0.53 0.53 0.29 0.31 0.52 0.52 0.52 0.79 0.71 0.52 0.54 1.63 1.63 1.63 0.57 0.57 0.57 2.09 0.58 0.48 0.58 0.58 0.58 0.58 0.58 0.58 0.56 0.56 0.56 0.56 0.49 0.49 0.49 0.49 0.49 0.49 0.49 0.49 0.50 0.50 0.60 1.00 1.02 1.02 1.52 1.29 0.96 0.96 1.13 1.13 1.13 0.96 1.13 1.13 1.13 1.13 1.13 1.13 1.13 1.13 1.13 1.13 1.01 1.01 0.86 0.86 1.01 0.86 1.01 1.01 1.01 1.01 1.01 1.01
1.63 0.74 1.63 1.61 1.56 0.71 1.56 1.56 1.60 1.60 0.53 0.29 0.31 0.31 0.42 0.52 0.52 0.52 0.52 0.52 0.54 1.63 1.63 1.63 1.71 0.57 0.57 1.71 1.74 1.74 0.58 0.58 0.58 0.58 0.79 0.58 0.56 0.77 0.56 0.56 0.49 0.49 0.49 0.49 0.49 0.49 0.49 0.27 0.50 0.28 0.28 1.00 1.02 1.04 1.52 1.29 0.96 1.13 0.96 1.13 1.13 1.13 1.13 1.13 1.00 1.13 1.13 1.13 2.45 1.15 1.15 1.13 0.86 0.86 0.86 0.86 1.01 1.01 1.01 1.01 1.01 1.01 1.01 1.01
0.71 1.63 0.77 1.60 1.56 1.56 2.49 1.56 1.60 1.60 0.53 0.33 0.52 0.52 0.29 0.52 0.52 0.29 0.52 0.52 0.54 0.54 1.63 1.63 2.69 0.57 0.57 0.57 1.74 1.74 1.74 0.58 0.58 0.58 0.58 0.58 0.56 0.56 0.56 0.56 0.74 0.67 0.49 0.49 0.49 0.27 0.29 0.29 0.30 0.30 0.50 1.00 1.02 1.04 1.52 1.29 0.96 0.96 1.13 1.13 0.96 1.13 1.13 1.13 1.13 1.13 1.13 0.96 1.13 1.13 1.13 1.13 0.86 1.01 0.86 1.01 1.01 0.89 1.01 1.01 1.01 1.01 1.01 0.86
0.71 0.71 1.30 1.59 1.57 1.57 1.57 1.57 1.59 1.59 0.29 0.29 0.29 0.29 0.51 0.51 0.52 0.52 0.52 0.52 0.53 0.53 0.53 1.62 1.70 0.56 0.56 0.56 0.79 1.73 1.73 0.58 0.58 0.58 0.58 0.58 0.56 0.56 0.56 0.56 0.49 0.49 0.49 0.49 0.49 0.49 0.27 0.53 0.53 0.53 0.49 1.04 1.05 0.89 1.29 1.29 0.96 1.13 0.96 1.13 1.13 1.13 1.13 0.96 1.13 1.13 1.00 1.13 1.13 1.13 1.13 1.13 1.01 1.01 1.01 1.01 1.65 0.89 1.01 0.86 1.01 1.01 1.01 1.01
0.71 0.71 0.71 0.71 1.59 1.57 1.57 1.57 2.53 1.59 0.29 0.29 0.51 0.51 0.51 0.51 0.52 0.52 0.52 0.52 0.53 0.53 0.53 1.62 1.70 0.56 0.56 0.56 0.58 0.58 1.73 0.58 0.58 0.58 0.58 0.58 0.56 0.85 0.76 0.56 0.49 0.49 0.49 0.70 0.49 0.49 0.49 0.53 0.36 0.31 1.04 1.04 1.05 1.29 1.29 2.05 0.96 0.96 1.13 1.13 1.13 1.13 0.96 1.13 1.13 1.13 0.96 0.96 1.13 1.13 1.13 1.13 1.01 1.01 0.86 1.01 1.01 1.01 1.01 0.86 1.01 1.01 0.86 1.01
