New_Model_Runs/12_Future_RCP4.5_Scn2_out/post_prcessed_with_MFR/Monthly_summaries/runoff_monthly_MAY.asc
NCOLS 700
NROWS 400
XLLCENTER 515000.000000
YLLCENTER 8409000.000000
CELLSIZE 50.000000
NODATA_value -999.000000
[rows 259 to 295 of 400, columns 252 to 335 of 700]
5.53 5.53 5.53 4.86 1.93 1.56 2.44 1.12 2.44 2.44 0.99 1.11 1.05 2.44 2.44 2.44 1.56 1.56 1.07 0.97 0.20 0.93 0.43 0.43 0.43 0.43 0.43 0.46 0.50 1.07 1.07 1.07 0.50 3.78 1.32 1.83 3.82 2.07 1.72 1.72 1.72 1.72 1.15 0.33 2.87 2.87 2.87 2.87 0.76 0.33 2.87 2.87 2.69 2.69 1.07 1.07 1.07 1.07 1.07 1.07 1.07 1.07 1.07 1.07 1.07 3.61 3.61 3.61 3.45 1.01 0.00 0.00 0.00 0.00 0.00 0.00 0.00 0.00 0.00 0.00 0.00 0.00 0.00 0.00
5.53 5.53 5.53 4.86 1.93 2.44 2.44 2.44 2.44 2.44 0.98 0.98 1.10 1.56 1.06 2.44 1.56 1.56 2.44 2.44 0.93 0.20 0.43 0.43 0.43 0.43 0.43 0.43 0.43 0.50 0.50 0.50 0.50 1.32 1.32 1.92 3.82 1.72 1.72 1.72 1.72 1.72 1.72 0.33 0.33 2.87 2.87 2.87 0.70 0.70 0.33 2.87 0.81 0.30 0.30 1.07 1.07 1.07 1.07 1.07 1.07 3.61 3.61 1.07 1.07 3.61 3.61 3.61 3.45 3.45 0.00 0.00 0.00 0.00 0.00 0.00 0.00 0.00 0.00 0.00 0.00 0.00 0.00 0.00
5.53 4.86 4.86 5.53 1.06 2.44 2.44 1.93 1.93 2.44 1.09 1.04 2.44 1.07 2.44 2.44 0.99 0.96 2.44 0.96 0.20 0.20 0.43 0.43 0.43 0.43 0.43 0.43 0.43 0.50 0.50 0.50 0.50 1.32 1.30 1.92 1.15 1.72 1.72 1.72 1.72 1.72 0.87 0.87 2.87 2.87 0.70 0.70 0.70 0.70 0.70 0.35 0.32 2.69 2.69 3.61 1.07 1.07 1.07 1.07 1.07 1.07 1.07 3.61 3.61 3.61 3.61 3.61 3.45 3.45 3.45 0.00 0.00 0.00 0.00 0.00 0.00 0.00 0.00 0.00 0.00 0.00 0.00 0.00
5.53 4.86 5.53 5.89 2.44 2.44 2.44 5.48 5.48 2.44 1.04 1.93 5.48 1.10 0.97 2.44 0.96 0.96 1.03 1.09 0.20 0.20 0.20 0.43 0.43 0.43 0.43 0.43 0.43 1.07 1.07 1.07 1.07 1.30 1.30 4.20 1.72 1.72 1.72 1.72 1.72 1.15 0.87 0.87 0.87 2.87 2.87 2.87 0.70 1.15 1.15 2.87 2.69 2.69 3.61 3.61 1.07 1.07 1.61 1.07 1.07 3.61 1.07 1.07 3.61 3.61 3.61 3.61 3.45 5.67 3.45 15.20 0.00 0.00 0.00 0.00 0.00 0.00 0.00 0.00 0.00 0.00 1.01 1.01
5.53 5.53 6.47 1.79 2.44 2.44 2.44 2.44 1.11 1.11 0.98 2.02 1.07 0.97 2.44 0.97 0.96 0.96 0.99 1.09 0.20 0.20 0.20 0.43 0.43 0.43 0.43 0.43 0.50 1.07 1.07 0.50 3.17 4.20 4.20 4.20 1.72 1.72 1.72 1.72 2.15 1.72 2.87 2.87 0.87 0.87 0.33 1.15 1.15 1.15 1.15 3.82 2.69 0.30 1.07 3.61 3.61 1.07 1.07 1.07 1.07 3.61 1.07 1.07 3.61 3.61 3.61 3.61 3.45 3.45 3.45 3.45 0.00 0.00 0.00 0.00 0.00 0.00 0.00 0.00 1.01 2.14 3.45 3.45
5.53 6.47 5.19 1.79 1.56 1.93 2.44 1.93 1.93 1.07 1.00 1.10 1.10 1.16 2.44 2.44 1.93 1.09 0.96 0.96 0.20 0.23 0.20 0.20 0.43 0.43 0.43 0.50 2.89 2.89 1.07 1.00 3.17 0.76 1.00 1.00 0.87 0.87 0.66 0.87 0.87 0.87 0.87 0.87 0.87 0.51 3.82 1.15 1.15 1.15 1.15 1.15 3.61 1.07 1.07 1.07 3.61 1.07 1.07 3.61 3.61 1.07 1.07 1.48 1.07 3.61 1.07 1.07 3.45 1.01 0.00 3.45 3.45 0.00 0.00 0.00 0.00 0.00 0.00 1.01 3.45 3.45 3.45 1.01
5.19 5.19 1.29 1.29 1.93 1.93 1.93 1.93 1.93 1.56 1.07 1.10 1.56 5.48 2.44 2.44 2.44 2.44 0.96 0.96 0.20 3.88 3.88 3.88 2.20 1.96 2.20 1.96 1.83 1.32 1.92 1.46 1.46 1.00 0.40 1.00 0.87 0.87 0.87 0.87 0.87 0.87 0.66 0.87 0.32 1.25 1.25 1.15 1.15 1.15 1.15 1.15 1.07 1.07 1.07 3.61 3.61 3.61 1.61 1.61 3.61 1.07 1.07 1.07 1.07 1.07 1.07 1.07 3.45 0.00 0.00 0.00 3.45 3.45 0.00 0.00 0.00 2.14 3.45 3.45 3.45 1.01 1.01 0.00
6.47 6.17 1.29 1.29 1.11 1.93 1.93 1.93 2.90 1.10 5.48 2.44 2.44 2.44 2.44 2.44 2.44 1.06 1.06 0.96 0.93 5.97 2.66 2.66 1.32 1.83 1.83 1.83 1.83 1.92 1.92 4.20 1.92 1.92 0.40 1.00 0.87 0.87 0.87 0.87 0.87 0.87 0.87 0.87 0.32 0.32 1.25 3.01 1.15 2.07 2.07 1.15 1.07 1.07 1.07 1.07 3.61 3.61 1.07 1.07 1.07 1.07 1.07 1.07 1.07 1.07 1.07 1.07 3.45 0.00 0.00 0.00 0.00 3.45 3.45 1.01 1.01 3.45 3.45 3.45 1.01 0.00 0.00 0.00
6.17 1.29 1.26 1.29 1.11 1.93 1.93 1.93 1.93 1.93 2.44 1.06 2.44 2.63 2.44 3.82 2.44 2.44 2.44 2.44 2.14 5.97 3.48 2.66 2.66 1.83 1.83 1.83 1.92 1.92 1.92 2.04 1.92 0.76 0.40 1.00 0.87 0.87 0.87 0.87 0.87 0.87 0.87 0.87 2.87 0.32 1.78 1.35 1.34 1.77 1.77 1.92 1.07 1.07 3.61 1.07 3.61 1.07 1.07 1.07 1.07 1.07 1.07 1.07 1.07 1.07 1.07 1.07 3.45 15.20 0.00 0.00 0.00 1.01 3.45 3.45 3.45 3.45 1.01 0.00 0.00 0.00 0.00 0.00
6.03 1.29 2.20 2.77 1.93 1.93 1.93 1.93 1.56 1.93 2.44 2.44 1.56 1.56 1.56 1.56 2.44 2.44 1.06 2.44 3.48 5.97 5.97 5.97 5.97 1.83 3.78 1.92 1.92 1.92 2.03 2.03 0.39 1.00 1.00 1.00 0.87 0.87 0.87 0.87 0.87 0.87 0.87 0.87 1.72 1.77 1.77 1.24 1.75 1.75 1.75 1.13 1.07 1.07 1.07 3.61 1.07 1.07 3.61 3.61 3.61 1.07 1.07 1.07 1.07 1.07 1.07 3.61 1.01 0.00 0.00 0.00 1.01 3.45 3.45 3.45 1.01 1.01 0.00 0.00 0.00 0.00 0.00 0.00
1.17 1.79 1.79 2.63 1.56 1.56 4.36 1.06 5.31 1.93 5.48 1.93 2.05 1.56 1.56 1.56 2.44 2.44 2.44 1.93 2.88 4.40 12.41 2.66 3.48 3.48 1.92 1.92 1.92 1.92 1.64 2.03 1.00 1.00 1.00 1.00 0.87 0.87 0.87 0.87 0.87 1.72 1.72 1.72 3.82 2.07 1.24 1.24 1.24 1.75 1.75 1.24 1.07 1.07 1.07 3.61 3.61 3.61 3.61 3.61 3.61 3.61 3.61 1.07 1.07 1.07 1.07 3.61 1.01 0.00 1.01 3.45 3.45 3.45 3.45 1.01 1.01 0.00 0.00 0.00 0.00 0.00 0.00 0.00
1.17 1.79 1.79 1.79 5.84 5.31 4.65 4.65 4.65 2.44 3.82 1.06 2.44 1.06 1.06 5.48 1.96 1.09 2.44 1.93 2.88 3.48 2.66 2.66 5.33 3.48 1.92 1.92 1.92 1.30 1.64 1.92 1.00 1.00 1.00 1.00 0.87 0.87 0.87 0.87 1.72 1.72 3.82 1.72 2.07 1.77 1.24 2.08 3.01 1.75 2.64 1.24 1.93 1.07 1.07 3.61 3.61 3.61 3.61 1.07 1.07 3.61 3.61 1.07 1.07 3.61 3.61 1.07 1.01 1.01 3.45 3.45 3.45 1.01 0.00 0.00 1.01 1.01 0.00 0.00 0.00 0.00 0.00 0.00
1.14 1.79 1.79 5.89 5.84 4.65 4.65 4.65 5.31 2.44 1.06 5.48 1.06 1.06 2.44 2.44 0.95 0.95 0.95 0.95 2.27 3.48 3.48 2.66 3.48 4.20 1.30 5.58 1.92 1.30 1.92 1.00 1.00 1.00 1.00 1.00 0.87 0.87 1.72 1.72 1.72 1.72 3.82 1.72 1.34 1.77 2.07 1.15 1.15 2.07 1.75 1.24 1.93 3.61 3.61 3.61 3.61 1.07 1.07 3.61 3.61 1.07 1.07 3.61 3.61 1.07 1.07 1.07 3.45 3.45 3.45 1.01 0.00 0.00 0.00 0.00 0.00 0.00 0.00 0.00 0.00 0.00 0.00 0.00
1.24 1.28 6.55 6.47 4.65 4.65 4.65 4.65 1.93 2.44 5.48 5.48 5.48 5.48 2.44 1.02 1.09 1.02 0.95 0.95 5.97 2.66 2.66 3.48 2.88 4.20 4.20 1.92 5.58 1.46 1.92 1.92 0.76 3.17 0.59 0.40 0.87 1.72 1.72 1.72 1.72 1.24 2.07 2.07 2.07 1.15 1.15 1.15 1.15 1.15 2.07 2.07 3.61 3.61 3.61 3.61 1.07 1.07 3.61 3.61 3.61 1.07 3.61 3.61 1.07 1.07 3.61 3.61 5.67 1.01 3.45 0.00 0.00 0.00 0.00 0.00 0.00 0.00 0.00 0.00 0.00 0.00 0.00 0.00
1.28 6.55 5.19 5.19 4.65 4.65 4.65 1.93 1.93 2.44 2.44 1.10 2.44 2.44 2.44 1.09 1.02 0.95 1.09 4.14 3.88 2.66 2.66 2.66 2.31 1.30 1.30 2.31 2.31 1.92 1.92 1.64 0.76 3.17 0.59 0.59 0.66 1.30 1.15 1.72 2.07 1.92 1.76 1.76 1.12 1.15 1.15 3.82 1.15 3.82 1.15 1.15 4.17 3.61 3.61 3.61 1.07 1.07 3.61 1.07 3.61 3.61 1.07 1.07 3.61 3.61 3.61 1.07 1.01 0.00 0.00 0.00 0.00 0.00 0.00 0.00 0.00 0.00 0.00 0.00 0.00 0.00 0.00 0.00
5.95 4.69 4.69 4.69 4.92 4.30 1.75 1.41 1.41 2.22 0.95 0.95 2.22 2.22 2.22 2.22 2.22 2.22 0.97 2.36 2.11 1.37 3.24 3.66 1.89 1.32 1.20 1.89 1.88 1.52 1.79 1.79 1.79 0.92 0.54 0.92 0.61 0.30 1.37 1.62 1.95 1.66 1.66 1.66 1.16 1.95 1.08 3.63 2.85 2.85 2.85 4.20 4.00 3.46 4.00 3.46 3.46 1.01 3.46 3.46 1.01 1.01 1.01 3.46 3.46 3.46 1.01 1.01 0.00 0.00 0.00 0.00 0.00 0.00 0.00 0.00 0.00 0.00 0.00 0.00 0.00 0.00 0.00 0.00
5.18 5.59 4.69 5.18 4.92 4.92 0.95 0.95 1.75 2.22 0.95 0.95 0.95 0.95 0.95 0.95 2.22 2.22 4.01 2.36 2.11 2.11 3.24 2.16 2.03 2.03 1.20 2.15 2.15 1.79 1.20 1.88 3.95 1.79 0.54 0.37 0.47 0.81 1.08 1.81 1.66 1.16 1.16 1.81 1.37 1.37 2.85 2.85 2.85 4.20 4.20 4.20 4.00 3.46 3.46 1.01 1.01 3.46 1.01 1.01 1.01 3.46 3.46 3.46 1.01 1.01 1.46 1.80 0.00 0.00 0.00 0.00 0.00 0.00 0.00 0.00 0.00 0.00 0.00 0.00 0.00 0.00 0.00 0.00
5.35 5.35 5.18 7.79 4.30 4.30 2.22 2.22 2.22 2.22 2.22 2.22 0.95 0.95 0.95 2.22 2.22 3.61 3.61 2.35 2.09 3.24 4.70 3.12 1.20 1.20 1.79 3.95 3.95 1.79 1.79 1.79 1.79 1.79 1.79 0.69 0.81 0.81 1.62 1.26 1.95 1.26 1.16 1.22 4.20 4.20 2.85 4.20 4.20 4.20 4.20 4.20 2.70 1.01 1.01 3.46 3.46 1.01 1.01 3.46 3.46 3.46 1.01 1.01 1.45 1.80 1.80 4.00 0.00 0.00 0.00 0.00 0.00 0.00 0.00 0.00 0.00 0.00 0.00 0.00 0.00 0.00 0.00 0.00
4.69 5.88 7.79 8.92 4.30 4.92 2.22 1.41 1.41 2.22 2.22 2.22 2.22 0.26 2.22 0.21 0.22 1.41 2.22 2.22 3.24 3.24 1.52 1.79 1.79 1.79 1.79 3.95 3.95 3.95 3.95 1.79 1.79 1.79 1.20 1.79 0.81 0.81 0.81 1.62 1.62 1.08 3.63 3.63 4.20 4.20 4.20 4.20 4.20 4.20 1.08 3.63 3.46 3.46 3.46 3.46 1.01 3.46 3.46 3.46 1.01 1.01 1.80 1.80 4.00 4.00 4.00 0.00 0.00 0.00 0.00 0.00 0.00 0.00 0.00 0.00 0.00 0.00 0.00 0.00 0.00 0.00 0.00 0.00
4.69 4.69 5.88 5.88 5.42 4.92 4.92 4.30 4.92 2.22 2.22 0.21 0.21 0.21 2.22 0.97 0.91 2.22 2.22 2.22 2.00 0.92 0.69 2.03 1.79 1.79 1.79 5.22 5.22 3.95 3.95 3.95 1.20 1.20 1.20 1.20 3.63 3.63 0.81 1.22 1.62 3.63 1.08 3.63 4.20 4.20 4.20 4.20 1.08 3.63 3.63 1.08 1.01 1.01 1.01 3.46 3.46 3.46 3.46 1.01 1.80 1.80 4.00 0.00 0.00 0.00 0.00 0.00 0.00 0.00 0.00 0.00 0.00 0.00 0.00 0.00 0.00 0.00 0.00 0.00 0.00 0.00 0.00 0.00
5.35 5.35 5.35 4.69 4.30 4.92 1.41 1.41 2.22 1.75 1.75 0.92 0.21 0.91 1.41 2.22 2.22 1.75 1.75 2.22 2.00 0.54 0.54 0.35 0.92 1.79 1.79 1.79 0.92 0.92 1.79 1.79 1.79 1.20 1.20 1.20 1.08 3.63 3.63 1.62 1.62 3.63 2.85 4.20 4.20 4.20 1.08 3.63 3.63 1.08 1.08 1.08 1.01 1.01 3.46 3.46 3.46 1.01 1.80 1.80 1.80 4.00 0.00 0.00 0.00 0.00 0.00 0.00 0.00 0.00 0.00 0.00 0.00 0.00 0.00 0.00 0.00 0.00 0.00 0.00 0.00 0.00 0.00 0.00
8.59 5.35 5.35 4.69 4.92 4.30 1.41 2.22 2.22 4.30 4.92 0.92 0.91 4.92 2.22 2.22 1.04 0.98 1.75 2.22 0.92 0.54 0.54 0.92 0.92 0.92 0.92 2.97 0.69 0.69 0.54 0.92 0.92 3.95 1.20 1.20 1.08 3.63 1.62 1.62 3.63 3.63 3.63 4.20 4.20 1.08 3.63 3.63 1.08 1.08 1.08 1.08 3.46 3.46 3.46 3.46 3.46 4.00 2.70 4.00 4.00 0.00 0.00 0.00 0.00 0.00 0.00 0.00 0.00 0.00 0.00 0.00 0.00 0.00 0.00 0.00 0.00 0.00 0.00 0.00 0.00 0.00 0.00 0.00
8.44 8.59 5.88 5.88 2.22 2.22 2.22 1.75 2.22 4.92 4.92 2.22 5.10 5.10 2.22 2.22 0.98 0.98 1.75 0.95 0.92 2.97 0.92 0.92 0.92 0.92 2.97 2.97 2.97 0.54 0.54 2.97 0.92 2.97 3.95 1.20 1.54 1.86 1.62 1.62 3.63 3.63 3.63 1.08 3.63 3.63 1.08 1.08 1.08 1.08 3.63 3.63 3.46 3.46 3.46 4.00 0.00 0.00 0.00 0.00 0.00 0.00 0.00 0.00 0.00 0.00 0.00 0.00 0.00 0.00 0.00 0.00 0.00 0.00 0.00 0.00 0.00 0.00 0.00 0.00 0.00 0.00 0.00 0.00
9.47 8.59 5.35 5.18 1.41 1.04 2.22 4.92 7.22 4.92 4.92 4.92 5.10 5.10 5.10 2.22 2.22 5.08 2.22 1.05 0.92 2.97 0.92 0.92 0.92 0.92 0.69 2.97 0.69 0.69 0.35 0.92 0.92 2.97 1.79 1.79 3.63 1.22 1.62 1.62 1.09 1.08 1.08 1.08 3.63 3.63 3.63 1.08 1.08 3.63 3.63 3.63 1.01 4.00 0.00 0.00 0.00 0.00 0.00 0.00 0.00 0.00 0.00 0.00 0.00 0.00 0.00 0.00 0.00 0.00 0.00 0.00 0.00 0.00 0.00 0.00 0.00 0.00 0.00 0.00 0.00 0.00 0.00 0.00
5.88 5.88 5.18 5.35 4.76 1.41 2.22 3.61 4.76 4.76 4.92 4.76 3.68 10.44 1.41 2.22 2.22 0.95 2.22 3.29 0.92 0.92 0.92 0.92 0.92 0.92 0.92 0.92 2.97 0.54 0.54 0.54 0.92 1.79 1.79 1.79 2.45 1.22 1.37 1.62 1.09 1.26 1.08 1.08 1.08 3.63 3.63 3.63 3.63 3.63 1.08 1.08 4.00 0.00 0.00 0.00 0.00 0.00 0.00 0.00 0.00 0.00 0.00 0.00 0.00 0.00 0.00 0.00 0.00 0.00 0.00 0.00 0.00 0.00 0.00 0.00 0.00 0.00 0.00 0.00 0.00 0.00 0.00 0.00
5.88 5.88 5.88 5.35 4.92 4.76 4.76 4.76 4.76 4.76 8.53 3.60 4.92 10.44 1.41 2.22 2.22 5.08 3.29 3.29 0.54 0.92 0.92 0.92 0.92 3.56 0.92 0.92 0.92 0.92 2.97 1.79 1.79 1.79 1.79 1.79 1.62 1.62 2.37 1.62 1.08 1.08 1.08 1.08 1.08 3.63 3.63 3.63 1.08 1.08 1.90 0.00 0.00 0.00 0.00 0.00 0.00 0.00 0.00 0.00 0.00 0.00 0.00 0.00 0.00 0.00 0.00 0.00 0.00 0.00 0.00 0.00 0.00 0.00 0.00 0.00 0.00 0.00 0.00 0.00 0.00 0.00 0.00 0.00
5.35 5.35 5.88 4.69 4.92 4.76 4.76 4.76 4.76 10.44 4.76 4.76 4.92 4.92 4.92 2.22 2.22 0.95 0.42 0.80 0.54 0.92 0.92 0.92 0.92 0.92 0.73 2.97 0.92 0.92 3.95 3.95 1.79 1.79 1.79 1.79 3.63 1.08 1.08 1.08 3.63 3.63 1.08 3.63 3.63 3.63 1.08 1.08 1.90 4.20 0.00 0.00 0.00 0.00 0.00 0.00 0.00 0.00 0.00 0.00 0.00 0.00 0.00 0.00 0.00 0.00 0.00 0.00 0.00 0.00 0.00 0.00 0.00 0.00 0.00 0.00 0.00 0.00 0.00 0.00 0.00 0.00 0.00 0.00
4.54 5.35 5.18 5.18 4.76 4.76 4.76 4.76 4.76 8.33 4.76 4.76 4.76 4.30 4.92 2.22 2.22 1.05 0.42 0.80 0.54 0.54 0.69 0.69 0.69 0.92 0.92 2.97 2.97 1.79 1.52 3.95 3.95 1.79 1.20 1.20 1.08 1.08 1.08 3.63 3.63 3.63 3.63 3.63 3.63 1.08 1.08 1.90 0.00 0.00 0.00 0.00 0.00 0.00 0.00 0.00 0.00 0.00 0.00 0.00 0.00 0.00 0.00 0.00 0.00 0.00 0.00 0.00 0.00 0.00 0.00 0.00 0.00 0.00 0.00 0.00 0.00 0.00 0.00 0.00 0.00 0.00 0.00 0.00
4.54 4.54 5.18 5.18 4.76 4.76 4.76 4.76 4.76 4.76 4.76 4.76 4.76 5.34 4.30 4.92 2.22 0.63 0.63 1.05 0.69 0.69 0.69 0.69 0.69 0.92 0.54 0.92 0.92 1.52 1.52 1.20 1.20 1.20 1.20 1.20 1.08 1.08 1.08 6.00 3.63 3.63 3.63 1.08 1.08 1.08 3.63 1.90 0.00 0.00 0.00 0.00 0.00 0.00 0.00 0.00 0.00 0.00 0.00 0.00 0.00 0.00 0.00 0.00 0.00 0.00 0.00 0.00 0.00 0.00 0.00 0.00 0.00 0.00 0.00 0.00 0.00 0.00 0.00 0.00 0.00 0.00 0.00 0.00
4.54 4.54 5.18 5.18 4.76 4.76 4.76 4.76 4.76 4.76 4.76 4.76 4.76 4.76 5.42 4.30 3.62 0.63 0.63 0.63 0.92 0.92 0.69 0.69 0.92 0.54 0.69 2.97 0.92 0.35 1.20 1.20 1.20 1.20 1.20 1.20 1.08 1.08 3.63 3.63 3.63 1.08 1.08 1.08 1.08 1.94 1.15 0.69 2.11 0.00 0.00 0.00 0.00 0.00 0.00 0.00 0.00 0.00 0.00 0.00 0.00 0.00 0.00 0.00 0.00 0.00 0.00 0.00 0.00 0.00 0.00 0.00 0.00 0.00 0.00 0.00 0.00 0.00 0.00 0.00 0.00 0.00 0.00 0.00
5.18 5.18 5.18 5.18 4.76 4.76 4.76 4.76 4.76 4.76 4.76 4.76 4.76 4.76 10.44 4.76 0.63 0.63 0.63 1.05 1.26 0.92 0.30 0.92 0.54 2.97 0.92 0.92 0.54 0.35 1.20 1.20 1.20 1.20 1.20 1.20 1.08 1.08 1.08 3.63 1.08 1.08 1.08 1.08 1.62 1.08 0.30 2.71 2.11 0.00 0.00 0.00 0.00 0.00 0.00 0.00 0.00 0.00 0.00 0.00 0.00 0.00 0.00 0.00 0.00 0.00 0.00 0.00 0.00 0.00 0.00 0.00 0.00 0.00 0.00 0.00 0.00 0.00 0.00 0.00 0.00 0.00 0.00 0.00
4.74 4.74 4.74 4.74 4.41 4.41 4.41 4.41 4.41 4.41 4.41 9.75 4.41 4.41 8.74 0.93 0.55 0.93 0.36 2.73 0.49 0.49 0.26 0.25 0.63 0.32 0.84 0.25 0.24 0.31 0.32 1.11 1.11 1.11 1.11 1.11 1.03 1.42 1.03 1.20 1.20 1.03 3.50 1.55 0.77 0.26 0.28 0.28 2.02 0.00 0.00 0.00 0.00 0.00 0.00 0.00 0.00 0.00 0.00 0.00 0.00 0.00 0.00 0.00 0.00 0.00 0.00 0.00 0.00 0.00 0.00 0.00 0.00 0.00 0.00 0.00 0.00 0.00 0.00 0.00 0.00 0.00 0.00 0.00
4.74 4.74 4.74 4.74 4.41 4.41 4.41 4.56 4.41 4.41 4.41 4.96 4.41 4.41 4.41 0.93 0.93 0.36 2.87 5.07 8.22 0.49 0.49 0.49 0.84 0.84 0.84 0.25 0.24 0.24 0.24 1.11 1.11 1.11 1.11 1.11 1.03 1.03 1.03 1.03 1.03 1.03 3.50 0.77 0.77 0.77 0.28 0.28 2.02 0.00 0.00 0.00 0.00 0.00 0.00 0.00 0.00 0.00 0.00 0.00 0.00 0.00 0.00 0.00 0.00 0.00 0.00 0.00 0.00 0.00 0.00 0.00 0.00 0.00 0.00 0.00 0.00 0.00 0.00 0.00 0.00 0.00 0.00 0.00
4.74 4.74 4.74 4.74 4.41 4.41 4.41 4.41 4.41 4.41 4.41 4.41 4.41 4.41 2.73 2.87 2.87 2.87 2.87 2.73 2.65 0.84 0.49 0.63 0.84 0.84 0.49 0.25 0.24 0.24 0.24 0.44 1.11 1.11 1.11 1.11 1.03 1.03 1.03 1.03 1.03 1.55 0.21 0.21 0.77 0.40 0.20 0.77 2.02 0.00 0.00 0.00 0.00 0.00 0.00 0.00 0.00 0.00 0.00 0.00 0.00 0.00 0.00 0.00 0.00 0.00 0.00 0.00 0.00 0.00 0.00 0.00 0.00 0.00 0.00 0.00 0.00 0.00 0.00 0.00 0.00 0.00 0.00 0.00
4.74 4.74 8.49 5.08 8.00 4.41 8.00 6.47 8.00 4.41 4.41 4.41 4.41 4.41 2.87 2.87 2.36 3.32 2.87 2.73 2.65 2.65 0.63 0.63 0.59 0.49 0.49 6.08 5.71 0.31 0.84 0.32 0.32 1.11 1.11 1.11 1.03 1.03 1.03 1.55 0.77 0.28 0.21 0.21 0.28 0.20 0.20 0.28 2.61 0.00 0.00 0.00 0.00 0.00 0.00 0.00 0.00 0.00 0.00 0.00 0.00 0.00 0.00 0.00 0.00 0.00 0.00 0.00 0.00 0.00 0.00 0.00 0.00 0.00 0.00 0.00 0.00 0.00 0.00 0.00 0.00 0.00 0.00 0.00
4.74 4.74 4.74 8.49 4.41 4.41 9.75 8.00 8.00 4.41 4.41 4.41 4.56 2.87 3.32 2.87 2.73 2.73 2.87 2.87 2.17 2.17 3.07 0.49 0.63 0.63 3.07 2.17 3.91 2.17 2.17 0.32 0.84 1.11 1.11 1.11 1.03 1.03 1.55 0.77 0.77 0.28 0.21 0.21 0.20 0.20 0.20 0.20 0.30 0.00 0.00 0.00 0.00 0.00 0.00 0.00 0.00 0.00 0.00 0.00 0.00 0.00 0.00 0.00 0.00 0.00 0.00 0.00 0.00 0.00 0.00 0.00 0.00 0.00 0.00 0.00 0.00 0.00 0.00 0.00 0.00 0.00 0.00 0.00
4.74 4.74 4.74 4.74 4.41 4.41 4.41 4.41 4.41 4.41 4.41 4.56 3.98 6.67 3.32 2.87 3.32 2.73 8.72 2.87 2.17 2.65 3.07 3.07 3.07 3.07 3.07 3.07 2.17 3.07 2.17 3.07 4.55 0.32 1.11 1.11 1.03 2.74 0.77 0.77 0.26 0.24 0.28 0.28 0.20 0.20 0.20 0.20 0.26 0.00 0.00 0.00 0.00 0.00 0.00 0.00 0.00 0.00 0.00 0.00 0.00 0.00 0.00 0.00 0.00 0.00 0.00 0.00 0.00 0.00 0.00 0.00 0.00 0.00 0.00 0.00 0.00 0.00 0.00 0.00 0.00 0.00 0.00 0.00
