New_Model_Runs/12_Future_RCP4.5_Scn2_out/post_prcessed_with_MFR/Monthly_summaries/runoff_monthly_APR.asc
NCOLS 700
NROWS 400
XLLCENTER 515000.000000
YLLCENTER 8409000.000000
CELLSIZE 50.000000
NODATA_value -999.000000
[rows 266 to 303 of 400, columns 252 to 335 of 700]
1.18 0.96 0.02 0.02 0.00 0.07 0.07 0.07 0.07 0.00 0.82 0.13 0.13 0.13 0.13 0.13 0.13 0.01 0.01 0.00 0.00 1.09 0.18 0.18 0.18 0.39 0.39 0.39 0.39 0.27 0.27 1.15 0.27 0.27 0.03 0.06 0.05 0.05 0.05 0.05 0.05 0.05 0.05 0.05 0.02 0.02 0.13 0.72 0.10 0.36 0.36 0.10 0.10 0.10 0.10 0.10 1.07 1.07 0.10 0.10 0.10 0.10 0.10 0.10 0.10 0.10 0.10 0.10 1.04 0.00 0.00 0.00 0.00 1.04 1.04 0.09 0.09 1.04 1.04 1.04 0.09 0.00 0.00 0.00
0.96 0.02 0.01 0.02 0.00 0.07 0.07 0.07 0.07 0.07 0.13 0.01 0.13 0.04 0.13 0.15 0.13 0.13 0.13 0.13 0.10 1.09 0.34 0.18 0.18 0.39 0.39 0.39 0.27 0.27 0.27 0.32 0.27 0.04 0.03 0.06 0.05 0.05 0.05 0.05 0.05 0.05 0.05 0.05 0.66 0.02 0.22 0.15 0.15 0.22 0.22 0.32 0.10 0.10 1.07 0.10 1.07 0.10 0.10 0.10 0.10 0.10 0.10 0.10 0.10 0.10 0.10 0.10 1.04 11.35 0.00 0.00 0.00 0.09 1.04 1.04 1.04 1.04 0.09 0.00 0.00 0.00 0.00 0.00
0.93 0.02 0.10 0.18 0.07 0.07 0.07 0.07 0.03 0.07 0.13 0.13 0.03 0.03 0.03 0.03 0.13 0.13 0.01 0.13 0.34 1.09 1.09 1.09 1.09 0.39 1.41 0.27 0.27 0.27 0.32 0.32 0.02 0.06 0.06 0.06 0.05 0.05 0.05 0.05 0.05 0.05 0.05 0.05 0.25 0.22 0.22 0.13 0.22 0.22 0.22 0.08 0.10 0.10 0.10 1.07 0.10 0.10 1.07 1.07 1.07 0.10 0.10 0.10 0.10 0.10 0.10 1.07 0.09 0.00 0.00 0.00 0.09 1.04 1.04 1.04 0.09 0.09 0.00 0.00 0.00 0.00 0.00 0.00
0.01 0.05 0.05 0.06 0.03 0.03 0.13 0.01 0.77 0.07 0.82 0.07 0.03 0.03 0.03 0.03 0.13 0.13 0.13 0.07 0.22 0.22 0.64 0.18 0.34 0.34 0.27 0.27 0.27 0.27 0.19 0.32 0.06 0.06 0.06 0.06 0.05 0.05 0.05 0.05 0.05 0.25 0.25 0.25 1.08 0.36 0.13 0.13 0.12 0.22 0.22 0.12 0.10 0.10 0.10 1.07 1.07 1.07 1.07 1.07 1.07 1.07 1.07 0.10 0.10 0.10 0.10 1.07 0.09 0.00 0.09 1.04 1.04 1.04 1.04 0.09 0.09 0.00 0.00 0.00 0.00 0.00 0.00 0.00
0.01 0.05 0.05 0.05 0.95 0.77 0.58 0.58 0.58 0.13 0.15 0.01 0.13 0.01 0.01 0.82 0.01 0.01 0.13 0.07 0.22 0.34 0.18 0.18 0.39 0.34 0.27 0.27 0.27 0.11 0.19 0.27 0.06 0.06 0.06 0.06 0.05 0.05 0.05 0.05 0.25 0.25 1.08 0.25 0.36 0.22 0.13 0.16 0.72 0.22 0.26 0.12 0.36 0.10 0.10 1.07 1.07 1.07 1.07 0.10 0.10 1.07 1.07 0.10 0.10 1.07 1.07 0.10 0.09 0.09 1.04 1.04 1.04 0.09 0.00 0.00 0.09 0.09 0.00 0.00 0.00 0.00 0.00 0.00
0.01 0.05 0.05 0.96 0.95 0.58 0.58 0.58 0.77 0.13 0.01 0.82 0.01 0.01 0.13 0.13 0.00 0.00 0.00 0.00 0.19 0.34 0.34 0.18 0.34 1.15 0.11 1.44 0.27 0.11 0.27 0.06 0.06 0.06 0.06 0.06 0.05 0.05 0.25 0.25 0.25 0.25 1.08 0.25 0.15 0.22 0.36 0.10 0.10 0.36 0.22 0.12 0.36 1.07 1.07 1.07 1.07 0.10 0.10 1.07 1.07 0.10 0.10 1.07 1.07 0.10 0.10 0.10 1.04 1.04 1.04 0.09 0.00 0.00 0.00 0.00 0.00 0.00 0.00 0.00 0.00 0.00 0.00 0.00
0.01 0.02 1.16 1.18 0.58 0.58 0.58 0.58 0.07 0.13 0.82 0.82 0.82 0.82 0.13 0.00 0.00 0.00 0.00 0.00 1.09 0.18 0.18 0.34 0.22 1.15 1.15 0.27 1.44 0.15 0.27 0.27 0.04 0.70 0.03 0.03 0.05 0.25 0.25 0.25 0.25 0.13 0.36 0.36 0.36 0.10 0.10 0.10 0.10 0.10 0.36 0.36 1.07 1.07 1.07 1.07 0.10 0.10 1.07 1.07 1.07 0.10 1.07 1.07 0.10 0.10 1.07 1.07 1.58 0.09 1.04 0.00 0.00 0.00 0.00 0.00 0.00 0.00 0.00 0.00 0.00 0.00 0.00 0.00
0.02 1.16 0.73 0.73 0.58 0.58 0.58 0.07 0.07 0.13 0.13 0.00 0.13 0.13 0.13 0.00 0.00 0.00 0.01 0.25 0.23 0.18 0.18 0.18 0.39 0.11 0.11 0.39 0.39 0.27 0.27 0.19 0.04 0.70 0.03 0.03 0.03 0.13 0.10 0.25 0.36 0.32 0.22 0.22 0.08 0.10 0.10 1.08 0.10 1.08 0.10 0.10 1.36 1.07 1.07 1.07 0.10 0.10 1.07 0.10 1.07 1.07 0.10 0.10 1.07 1.07 1.07 0.10 0.09 0.00 0.00 0.00 0.00 0.00 0.00 0.00 0.00 0.00 0.00 0.00 0.00 0.00 0.00 0.00
0.80 0.57 0.57 0.57 0.67 0.50 0.05 0.03 0.03 0.10 0.00 0.00 0.10 0.10 0.10 0.10 0.10 0.10 0.00 0.19 0.18 0.08 0.29 0.22 0.30 0.13 0.10 0.30 0.30 0.18 0.25 0.25 0.25 0.06 0.03 0.06 0.03 0.02 0.17 0.25 0.36 0.22 0.22 0.22 0.12 0.36 0.10 1.08 0.72 0.72 0.72 1.37 1.37 1.08 1.37 1.08 1.08 0.10 1.08 1.08 0.10 0.10 0.10 1.08 1.08 1.08 0.10 0.10 0.00 0.00 0.00 0.00 0.00 0.00 0.00 0.00 0.00 0.00 0.00 0.00 0.00 0.00 0.00 0.00
0.71 0.55 0.57 0.71 0.67 0.67 0.00 0.00 0.05 0.10 0.00 0.00 0.00 0.00 0.00 0.00 0.10 0.10 0.23 0.19 0.18 0.18 0.29 0.37 0.34 0.34 0.10 0.37 0.37 0.25 0.10 0.12 1.09 0.25 0.03 0.02 0.03 0.05 0.10 0.32 0.22 0.13 0.13 0.32 0.17 0.17 0.72 0.72 0.72 1.37 1.37 1.37 1.37 1.08 1.08 0.10 0.10 1.08 0.10 0.10 0.10 1.08 1.08 1.08 0.10 0.10 0.21 0.34 0.00 0.00 0.00 0.00 0.00 0.00 0.00 0.00 0.00 0.00 0.00 0.00 0.00 0.00 0.00 0.00
0.76 0.76 0.71 1.76 0.50 0.50 0.10 0.10 0.10 0.10 0.10 0.10 0.00 0.00 0.00 0.10 0.10 0.34 0.34 0.19 0.18 0.29 0.64 0.73 0.10 0.10 0.25 1.09 1.09 0.25 0.25 0.25 0.25 0.25 0.25 0.04 0.05 0.05 0.25 0.14 0.36 0.14 0.12 0.13 1.37 1.37 0.72 1.37 1.37 1.37 1.37 1.37 0.71 0.10 0.10 1.08 1.08 0.10 0.10 1.08 1.08 1.08 0.10 0.10 0.21 0.34 0.34 1.37 0.00 0.00 0.00 0.00 0.00 0.00 0.00 0.00 0.00 0.00 0.00 0.00 0.00 0.00 0.00 0.00
0.57 0.94 1.76 0.85 0.50 0.67 0.10 0.03 0.03 0.10 0.10 0.10 0.10 0.00 0.10 0.00 0.00 0.03 0.10 0.10 0.29 0.29 0.18 0.25 0.25 0.25 0.25 1.09 1.09 1.09 1.09 0.25 0.25 0.25 0.10 0.25 0.05 0.05 0.05 0.25 0.25 0.10 1.08 1.08 1.37 1.37 1.37 1.37 1.37 1.37 0.10 1.08 1.08 1.08 1.08 1.08 0.10 1.08 1.08 1.08 0.10 0.10 0.34 0.34 1.37 1.37 1.37 0.00 0.00 0.00 0.00 0.00 0.00 0.00 0.00 0.00 0.00 0.00 0.00 0.00 0.00 0.00 0.00 0.00
0.57 0.57 0.94 0.94 0.82 0.67 0.67 0.50 0.67 0.10 0.10 0.00 0.00 0.00 0.10 0.00 0.00 0.10 0.10 0.10 0.10 0.06 0.04 0.33 0.25 0.25 0.25 1.19 1.19 1.09 1.09 1.09 0.10 0.10 0.10 0.10 1.08 1.08 0.05 0.13 0.25 1.08 0.10 1.08 1.37 1.37 1.37 1.37 0.10 1.08 1.08 0.10 0.10 0.10 0.10 1.08 1.08 1.08 1.08 0.10 0.34 0.34 1.37 0.00 0.00 0.00 0.00 0.00 0.00 0.00 0.00 0.00 0.00 0.00 0.00 0.00 0.00 0.00 0.00 0.00 0.00 0.00 0.00 0.00
0.76 0.76 0.76 0.57 0.50 0.67 0.03 0.03 0.10 0.05 0.05 0.00 0.00 0.00 0.03 0.10 0.10 0.05 0.05 0.10 0.10 0.03 0.03 0.02 0.06 0.25 0.25 0.25 0.06 0.06 0.25 0.25 0.25 0.10 0.10 0.10 0.10 1.08 1.08 0.25 0.25 1.08 0.72 1.37 1.37 1.37 0.10 1.08 1.08 0.10 0.10 0.10 0.10 0.10 1.08 1.08 1.08 0.10 0.34 0.34 0.34 1.37 0.00 0.00 0.00 0.00 0.00 0.00 0.00 0.00 0.00 0.00 0.00 0.00 0.00 0.00 0.00 0.00 0.00 0.00 0.00 0.00 0.00 0.00
1.93 0.76 0.76 0.57 0.67 0.50 0.03 0.10 0.10 0.50 0.67 0.00 0.00 0.67 0.10 0.10 0.00 0.00 0.05 0.10 0.06 0.03 0.03 0.06 0.06 0.06 0.06 0.67 0.04 0.04 0.03 0.06 0.06 1.09 0.10 0.10 0.10 1.08 0.25 0.25 1.08 1.08 1.08 1.37 1.37 0.10 1.08 1.08 0.10 0.10 0.10 0.10 1.08 1.08 1.08 1.08 1.08 1.37 0.71 1.37 1.37 0.00 0.00 0.00 0.00 0.00 0.00 0.00 0.00 0.00 0.00 0.00 0.00 0.00 0.00 0.00 0.00 0.00 0.00 0.00 0.00 0.00 0.00 0.00
1.88 1.93 0.94 0.94 0.10 0.10 0.10 0.05 0.10 0.67 0.67 0.10 0.46 0.46 0.10 0.10 0.00 0.00 0.05 0.00 0.06 0.67 0.06 0.06 0.06 0.06 0.67 0.67 0.67 0.03 0.03 0.67 0.06 0.67 1.09 0.10 0.11 0.16 0.25 0.25 1.08 1.08 1.08 0.10 1.08 1.08 0.10 0.10 0.10 0.10 1.08 1.08 1.08 1.08 1.08 1.37 0.00 0.00 0.00 0.00 0.00 0.00 0.00 0.00 0.00 0.00 0.00 0.00 0.00 0.00 0.00 0.00 0.00 0.00 0.00 0.00 0.00 0.00 0.00 0.00 0.00 0.00 0.00 0.00
2.47 1.93 0.76 0.71 0.03 0.00 0.10 0.67 1.55 0.67 0.67 0.67 0.46 0.46 0.46 0.10 0.10 0.71 0.10 0.06 0.06 0.67 0.06 0.06 0.06 0.06 0.04 0.67 0.04 0.04 0.02 0.06 0.06 0.67 0.25 0.25 1.08 0.13 0.25 0.25 0.11 0.10 0.10 0.10 1.08 1.08 1.08 0.10 0.10 1.08 1.08 1.08 0.10 1.37 0.00 0.00 0.00 0.00 0.00 0.00 0.00 0.00 0.00 0.00 0.00 0.00 0.00 0.00 0.00 0.00 0.00 0.00 0.00 0.00 0.00 0.00 0.00 0.00 0.00 0.00 0.00 0.00 0.00 0.00
0.94 0.94 0.71 0.76 0.62 0.03 0.10 0.43 0.62 0.62 0.67 0.62 0.44 3.58 0.03 0.10 0.10 0.00 0.10 0.70 0.06 0.06 0.06 0.06 0.06 0.06 0.06 0.06 0.67 0.03 0.03 0.03 0.06 0.25 0.25 0.25 0.29 0.13 0.17 0.25 0.11 0.14 0.10 0.10 0.10 1.08 1.08 1.08 1.08 1.08 0.10 0.10 1.37 0.00 0.00 0.00 0.00 0.00 0.00 0.00 0.00 0.00 0.00 0.00 0.00 0.00 0.00 0.00 0.00 0.00 0.00 0.00 0.00 0.00 0.00 0.00 0.00 0.00 0.00 0.00 0.00 0.00 0.00 0.00
0.94 0.94 0.94 0.76 0.67 0.62 0.62 0.62 0.62 0.62 1.91 0.43 0.67 3.58 0.03 0.10 0.10 0.71 0.70 0.70 0.03 0.06 0.06 0.06 0.06 0.68 0.06 0.06 0.06 0.06 0.67 0.25 0.25 0.25 0.25 0.25 0.25 0.25 0.29 0.25 0.10 0.10 0.10 0.10 0.10 1.08 1.08 1.08 0.10 0.10 0.34 0.00 0.00 0.00 0.00 0.00 0.00 0.00 0.00 0.00 0.00 0.00 0.00 0.00 0.00 0.00 0.00 0.00 0.00 0.00 0.00 0.00 0.00 0.00 0.00 0.00 0.00 0.00 0.00 0.00 0.00 0.00 0.00 0.00
0.76 0.76 0.94 0.57 0.67 0.62 0.62 0.62 0.62 3.58 0.62 0.62 0.67 0.67 0.67 0.10 0.10 0.00 0.03 0.04 0.03 0.06 0.06 0.06 0.06 0.06 0.04 0.67 0.06 0.06 1.09 1.09 0.25 0.25 0.25 0.25 1.08 0.10 0.10 0.10 1.08 1.08 0.10 1.08 1.08 1.08 0.10 0.10 0.34 1.37 0.00 0.00 0.00 0.00 0.00 0.00 0.00 0.00 0.00 0.00 0.00 0.00 0.00 0.00 0.00 0.00 0.00 0.00 0.00 0.00 0.00 0.00 0.00 0.00 0.00 0.00 0.00 0.00 0.00 0.00 0.00 0.00 0.00 0.00
0.53 0.76 0.71 0.71 0.62 0.62 0.62 0.62 0.62 0.83 0.62 0.62 0.62 0.50 0.67 0.10 0.10 0.06 0.03 0.04 0.03 0.03 0.04 0.04 0.04 0.06 0.06 0.67 0.67 0.25 0.18 1.09 1.09 0.25 0.10 0.10 0.10 0.10 0.10 1.08 1.08 1.08 1.08 1.08 1.08 0.10 0.10 0.34 0.00 0.00 0.00 0.00 0.00 0.00 0.00 0.00 0.00 0.00 0.00 0.00 0.00 0.00 0.00 0.00 0.00 0.00 0.00 0.00 0.00 0.00 0.00 0.00 0.00 0.00 0.00 0.00 0.00 0.00 0.00 0.00 0.00 0.00 0.00 0.00
0.53 0.53 0.71 0.71 0.62 0.62 0.62 0.62 0.62 0.62 0.62 0.62 0.62 0.50 0.50 0.67 0.10 0.03 0.03 0.06 0.04 0.04 0.04 0.04 0.04 0.06 0.03 0.06 0.06 0.18 0.18 0.10 0.10 0.10 0.10 0.10 0.10 0.10 0.10 1.65 1.08 1.08 1.08 0.10 0.10 0.10 1.08 0.34 0.00 0.00 0.00 0.00 0.00 0.00 0.00 0.00 0.00 0.00 0.00 0.00 0.00 0.00 0.00 0.00 0.00 0.00 0.00 0.00 0.00 0.00 0.00 0.00 0.00 0.00 0.00 0.00 0.00 0.00 0.00 0.00 0.00 0.00 0.00 0.00
0.53 0.53 0.71 0.71 0.62 0.62 0.62 0.62 0.62 0.62 0.62 0.62 0.62 0.62 0.82 0.50 0.83 0.03 0.03 0.03 0.06 0.06 0.04 0.04 0.06 0.03 0.04 0.67 0.06 0.02 0.10 0.10 0.10 0.10 0.10 0.10 0.10 0.10 1.08 1.08 1.08 0.10 0.10 0.10 0.10 0.36 0.12 0.04 0.42 0.00 0.00 0.00 0.00 0.00 0.00 0.00 0.00 0.00 0.00 0.00 0.00 0.00 0.00 0.00 0.00 0.00 0.00 0.00 0.00 0.00 0.00 0.00 0.00 0.00 0.00 0.00 0.00 0.00 0.00 0.00 0.00 0.00 0.00 0.00
0.71 0.71 0.71 0.71 0.62 0.62 0.62 0.62 0.62 0.62 0.62 0.62 0.62 0.62 3.58 0.62 0.03 0.03 0.03 0.06 0.06 0.06 0.01 0.06 0.03 0.67 0.06 0.06 0.03 0.02 0.10 0.10 0.10 0.10 0.10 0.10 0.10 0.10 0.10 1.08 0.10 0.10 0.10 0.10 0.25 0.10 0.02 0.66 0.42 0.00 0.00 0.00 0.00 0.00 0.00 0.00 0.00 0.00 0.00 0.00 0.00 0.00 0.00 0.00 0.00 0.00 0.00 0.00 0.00 0.00 0.00 0.00 0.00 0.00 0.00 0.00 0.00 0.00 0.00 0.00 0.00 0.00 0.00 0.00
0.64 0.64 0.64 0.64 0.51 0.51 0.51 0.51 0.51 0.51 0.51 3.12 0.51 0.51 0.64 0.05 0.03 0.05 0.02 0.55 0.03 0.03 0.01 0.01 0.03 0.02 0.05 0.01 0.01 0.02 0.02 0.09 0.09 0.09 0.09 0.09 0.09 0.10 0.09 0.14 0.14 0.09 1.06 0.24 0.05 0.01 0.02 0.02 0.41 0.00 0.00 0.00 0.00 0.00 0.00 0.00 0.00 0.00 0.00 0.00 0.00 0.00 0.00 0.00 0.00 0.00 0.00 0.00 0.00 0.00 0.00 0.00 0.00 0.00 0.00 0.00 0.00 0.00 0.00 0.00 0.00 0.00 0.00 0.00
0.64 0.64 0.64 0.64 0.51 0.51 0.51 0.55 0.51 0.51 0.51 0.47 0.51 0.51 0.51 0.05 0.05 0.02 0.60 1.60 3.84 0.03 0.03 0.03 0.05 0.05 0.05 0.01 0.01 0.01 0.01 0.09 0.09 0.09 0.09 0.09 0.09 0.09 0.09 0.09 0.09 0.09 1.06 0.05 0.05 0.05 0.02 0.02 0.41 0.00 0.00 0.00 0.00 0.00 0.00 0.00 0.00 0.00 0.00 0.00 0.00 0.00 0.00 0.00 0.00 0.00 0.00 0.00 0.00 0.00 0.00 0.00 0.00 0.00 0.00 0.00 0.00 0.00 0.00 0.00 0.00 0.00 0.00 0.00
0.64 0.64 0.64 0.64 0.51 0.51 0.51 0.51 0.51 0.51 0.51 0.51 0.51 0.51 0.55 0.60 0.60 0.60 0.60 0.55 0.59 0.05 0.03 0.03 0.05 0.05 0.03 0.01 0.01 0.01 0.01 0.02 0.09 0.09 0.09 0.09 0.09 0.09 0.09 0.09 0.09 0.24 0.01 0.01 0.05 0.02 0.01 0.05 0.41 0.00 0.00 0.00 0.00 0.00 0.00 0.00 0.00 0.00 0.00 0.00 0.00 0.00 0.00 0.00 0.00 0.00 0.00 0.00 0.00 0.00 0.00 0.00 0.00 0.00 0.00 0.00 0.00 0.00 0.00 0.00 0.00 0.00 0.00 0.00
0.64 0.64 1.95 0.48 1.80 0.51 1.80 1.56 1.80 0.51 0.51 0.51 0.51 0.51 0.60 0.60 0.42 0.78 0.60 0.55 0.59 0.59 0.03 0.03 0.03 0.03 0.03 2.46 2.00 0.02 0.05 0.02 0.02 0.09 0.09 0.09 0.09 0.09 0.09 0.24 0.05 0.02 0.01 0.01 0.02 0.01 0.01 0.02 0.64 0.00 0.00 0.00 0.00 0.00 0.00 0.00 0.00 0.00 0.00 0.00 0.00 0.00 0.00 0.00 0.00 0.00 0.00 0.00 0.00 0.00 0.00 0.00 0.00 0.00 0.00 0.00 0.00 0.00 0.00 0.00 0.00 0.00 0.00 0.00
0.64 0.64 0.64 1.95 0.51 0.51 3.12 1.80 1.80 0.51 0.51 0.51 0.55 0.60 0.78 0.60 0.55 0.55 0.60 0.60 0.41 0.41 0.76 0.03 0.03 0.03 0.76 0.41 0.82 0.41 0.41 0.02 0.05 0.09 0.09 0.09 0.09 0.09 0.24 0.05 0.05 0.02 0.01 0.01 0.01 0.01 0.01 0.01 0.02 0.00 0.00 0.00 0.00 0.00 0.00 0.00 0.00 0.00 0.00 0.00 0.00 0.00 0.00 0.00 0.00 0.00 0.00 0.00 0.00 0.00 0.00 0.00 0.00 0.00 0.00 0.00 0.00 0.00 0.00 0.00 0.00 0.00 0.00 0.00
0.64 0.64 0.64 0.64 0.51 0.51 0.51 0.51 0.51 0.51 0.51 0.55 0.42 2.54 0.78 0.60 0.78 0.55 3.89 0.60 0.41 0.59 0.76 0.76 0.76 0.76 0.76 0.76 0.41 0.76 0.41 0.76 0.69 0.02 0.09 0.09 0.09 0.70 0.05 0.05 0.01 0.01 0.02 0.02 0.01 0.01 0.01 0.01 0.01 0.00 0.00 0.00 0.00 0.00 0.00 0.00 0.00 0.00 0.00 0.00 0.00 0.00 0.00 0.00 0.00 0.00 0.00 0.00 0.00 0.00 0.00 0.00 0.00 0.00 0.00 0.00 0.00 0.00 0.00 0.00 0.00 0.00 0.00 0.00
0.64 0.64 0.64 1.95 0.51 0.51 0.51 0.51 0.69 0.55 0.68 0.68 0.70 2.35 2.42 0.42 0.78 0.78 0.60 0.60 0.59 0.54 0.59 0.76 0.59 0.59 0.59 0.54 0.59 0.41 0.76 0.76 0.76 0.02 0.09 0.09 0.17 0.03 0.03 0.01 0.03 0.03 0.05 0.01 0.01 0.01 0.01 0.01 0.00 0.41 0.00 0.00 0.00 0.00 0.00 0.00 0.00 0.00 0.00 0.00 0.00 0.00 0.00 0.00 0.00 0.00 0.00 0.00 0.00 0.00 0.00 0.00 0.00 0.00 0.00 0.00 0.00 0.00 0.00 0.00 0.00 0.00 0.00 0.00
0.64 0.64 1.95 1.68 1.80 0.51 0.51 0.55 0.55 0.55 1.60 1.55 2.35 2.35 0.60 0.78 0.78 0.55 0.60 1.60 0.59 0.59 0.59 0.59 0.59 0.59 0.59 0.59 0.54 0.41 0.76 2.45 0.05 0.05 0.05 0.03 0.02 0.02 0.03 0.03 0.03 0.03 0.05 0.01 0.01 0.01 0.01 0.01 0.00 0.00 0.00 0.00 0.00 0.00 0.00 0.00 0.00 0.00 0.00 0.00 0.00 0.00 0.00 0.00 0.00 0.00 0.00 0.00 0.00 0.00 0.00 0.00 0.00 0.00 0.00 0.00 0.00 0.00 0.00 0.00 0.00 0.00 0.00 0.00
0.84 0.64 1.95 1.95 1.80 0.55 0.51 0.51 0.55 1.60 1.55 2.36 2.42 2.35 0.60 0.78 2.53 2.41 0.60 0.60 1.58 0.59 0.59 0.59 0.59 0.59 0.59 0.76 3.84 0.04 0.01 0.01 0.01 0.05 0.05 0.05 0.01 0.01 0.02 0.01 0.02 0.01 0.02 0.01 0.01 0.01 0.04 0.41 0.00 0.00 0.00 0.00 0.00 0.00 0.00 0.00 0.00 0.00 0.00 0.00 0.00 0.00 0.00 0.00 0.00 0.00 0.00 0.00 0.00 0.00 0.00 0.00 0.00 0.00 0.00 0.00 0.00 0.00 0.00 0.00 0.00 0.00 0.00 0.00
0.68 0.68 0.64 0.68 0.55 0.42 0.68 0.68 1.80 1.55 1.55 0.74 0.78 0.78 0.60 3.89 3.89 2.53 2.75 0.55 1.58 0.59 0.76 0.76 0.59 0.76 0.76 0.76 3.84 0.02 0.01 0.01 0.01 0.02 0.02 0.05 0.05 0.02 0.01 0.01 0.01 0.01 0.02 0.01 0.04 0.00 0.00 0.00 0.00 0.00 0.00 0.00 0.00 0.00 0.00 0.00 0.00 0.00 0.00 0.00 0.00 0.00 0.00 0.00 0.00 0.00 0.00 0.00 0.00 0.00 0.00 0.00 0.00 0.00 0.00 0.00 0.00 0.00 0.00 0.00 0.00 0.00 0.00 0.00
0.68 0.68 0.84 0.68 0.55 0.42 0.68 0.68 1.59 1.54 2.35 2.35 0.60 0.78 0.78 0.42 3.89 2.05 2.74 0.55 0.59 0.59 0.76 0.76 0.76 0.76 0.76 0.76 0.01 0.01 0.01 0.02 0.01 0.01 0.02 0.02 0.05 0.02 0.02 0.01 0.01 0.01 0.01 0.04 0.04 0.00 0.00 0.00 0.00 0.00 0.00 0.00 0.00 0.00 0.00 0.00 0.00 0.00 0.00 0.00 0.00 0.00 0.00 0.00 0.00 0.00 0.00 0.00 0.00 0.00 0.00 0.00 0.00 0.00 0.00 0.00 0.00 0.00 0.00 0.00 0.00 0.00 0.00 0.00
0.68 1.95 1.80 1.67 1.80 0.83 0.68 0.51 0.51 1.66 2.54 0.78 0.78 0.78 0.78 2.41 2.53 2.05 2.05 2.74 0.54 0.76 0.76 0.76 0.59 0.76 0.76 0.01 0.01 0.01 0.02 0.64 0.02 0.01 0.02 0.01 0.01 0.01 0.01 0.01 0.01 0.05 0.05 0.04 0.41 0.00 0.00 0.00 0.00 0.00 0.00 0.00 0.00 0.00 0.00 0.00 0.00 0.00 0.00 0.00 0.00 0.00 0.00 0.00 0.00 0.00 0.00 0.00 0.00 0.00 0.00 0.00 0.00 0.00 0.00 0.00 0.00 0.00 0.00 0.00 0.00 0.00 0.00 0.00
1.67 1.67 1.67 1.67 1.59 0.55 0.51 0.55 0.42 0.78 0.78 0.78 0.60 0.78 0.78 2.53 2.05 2.05 2.05 2.74 0.76 0.76 0.76 0.76 0.76 2.70 2.35 2.00 1.98 0.01 0.03 0.01 0.01 0.02 0.05 0.05 0.01 0.01 0.01 0.04 0.04 0.41 0.41 0.41 0.41 0.00 0.00 0.00 0.00 0.00 0.00 0.00 0.00 0.00 0.00 0.00 0.00 0.00 0.00 0.00 0.00 0.00 0.00 0.00 0.00 0.00 0.00 0.00 0.00 0.00 0.00 0.00 0.00 0.00 0.00 0.00 0.00 0.00 0.00 0.00 0.00 0.00 0.00 0.00
1.67 1.67 1.67 1.80 0.42 0.68 0.51 0.55 0.51 0.78 0.78 0.78 2.75 2.41 0.78 0.78 2.41 2.53 0.74 2.05 0.76 0.76 0.59 0.59 0.76 2.35 2.00 2.00 2.34 0.01 0.01 0.01 0.01 0.01 0.02 0.04 0.41 0.41 0.04 0.41 0.41 0.00 0.00 0.00 0.00 0.00 0.00 0.00 0.00 0.00 0.00 0.00 0.00 0.00 0.00 0.00 0.00 0.00 0.00 0.00 0.00 0.00 0.00 0.00 0.00 0.00 0.00 0.00 0.00 0.00 0.00 0.00 0.00 0.00 0.00 0.00 0.00 0.00 0.00 0.00 0.00 0.00 0.00 0.00
