New_Model_Runs/12_Future_RCP4.5_Scn2_out/post_prcessed_with_MFR/Monthly_summaries/runoff_monthly_MAY.asc
NCOLS 700
NROWS 400
XLLCENTER 515000.000000
YLLCENTER 8409000.000000
CELLSIZE 50.000000
NODATA_value -999.000000
[rows 266 to 303 of 400, columns 168 to 251 of 700]
0.61 0.61 0.61 0.88 1.62 1.60 1.60 1.60 1.65 1.90 0.47 0.47 0.47 0.47 0.47 0.47 0.48 0.48 0.48 0.48 0.49 0.49 0.49 1.69 1.83 1.83 0.54 0.54 0.55 0.55 0.57 2.18 0.69 0.69 0.55 0.69 0.53 0.53 0.53 0.53 0.51 0.51 0.51 0.54 0.50 0.50 0.50 0.50 0.28 0.28 0.78 1.24 1.57 1.05 1.27 1.59 1.20 1.20 1.50 1.50 1.50 1.50 1.50 1.50 1.50 1.50 1.50 1.50 1.50 1.50 1.20 1.50 1.31 1.10 1.04 1.10 1.10 1.31 1.46 1.72 1.72 1.72 1.31 1.01
1.06 1.06 1.06 0.61 0.61 1.65 1.60 1.60 1.65 1.65 0.47 0.47 0.47 0.47 0.47 0.47 0.48 0.48 0.48 0.48 0.49 0.49 0.49 1.69 1.83 1.83 0.54 0.54 0.55 0.55 0.57 3.86 2.22 0.55 0.55 0.55 0.53 0.53 0.66 0.53 0.51 0.51 0.51 0.51 0.27 0.50 0.25 0.50 0.51 0.54 0.89 0.78 0.89 0.89 0.89 1.59 1.50 1.50 1.50 1.50 1.20 1.50 1.56 2.28 1.50 1.50 1.50 1.50 1.50 1.20 1.20 1.20 1.31 1.31 1.31 1.31 1.31 1.38 1.46 1.46 1.17 1.72 1.72 1.72
1.06 1.06 1.06 1.06 1.09 0.82 1.91 1.58 1.62 1.62 0.46 0.46 0.47 0.47 0.70 0.47 0.48 0.48 0.48 0.48 0.49 0.49 0.49 1.70 1.83 0.54 0.54 0.54 0.55 0.55 0.57 0.94 0.58 0.57 0.55 0.55 0.53 0.53 0.53 0.53 0.50 0.50 0.50 0.50 0.54 0.54 0.25 0.54 0.54 0.28 0.78 0.89 0.89 1.25 1.25 1.25 1.50 1.50 1.50 1.20 1.20 1.20 1.50 1.20 1.27 1.27 1.50 1.50 1.50 1.50 1.50 1.20 1.31 1.31 1.31 1.31 1.31 1.72 1.72 1.72 1.72 1.46 1.17 1.72
1.06 1.06 1.06 0.82 0.82 2.20 3.31 1.91 3.42 1.97 0.48 0.46 0.47 0.47 0.47 0.58 0.48 0.48 0.48 0.48 0.49 0.49 2.60 1.70 1.83 0.54 0.54 0.54 0.28 1.87 1.87 0.71 1.91 0.55 0.55 0.55 0.53 0.53 0.53 0.53 0.25 0.54 0.54 0.50 0.28 0.34 0.34 0.34 0.34 0.54 1.24 1.24 1.18 1.18 1.18 0.74 1.50 1.50 1.50 1.50 1.50 1.50 1.50 1.50 1.50 1.50 1.50 1.50 1.50 1.20 1.50 1.20 1.31 1.31 1.10 1.31 1.31 1.72 1.72 1.72 1.72 1.72 2.85 2.74
1.06 1.06 1.06 1.06 1.06 1.95 1.91 1.91 1.97 2.25 0.82 0.47 0.47 0.25 0.47 0.47 0.48 0.48 0.48 0.48 0.90 1.70 1.70 1.70 1.83 0.54 0.54 0.27 1.87 1.87 0.82 0.58 1.91 0.55 0.55 0.55 0.53 0.53 0.53 0.53 0.54 0.28 0.34 0.34 0.28 0.28 0.34 0.45 0.52 1.20 1.17 1.17 1.18 1.18 1.21 0.89 1.50 1.50 1.50 1.34 1.96 1.34 1.50 1.20 1.20 1.50 1.50 1.50 1.20 1.20 1.20 1.20 1.31 1.10 1.31 1.31 1.72 1.72 1.72 1.72 1.72 1.01 2.85 0.02
1.06 1.06 1.06 1.06 1.95 1.95 1.91 1.91 1.97 0.92 0.47 0.47 0.45 0.45 0.77 0.77 0.48 1.69 1.69 0.78 0.75 1.70 1.70 1.70 1.83 0.54 0.54 0.54 1.91 0.58 0.82 1.03 0.58 1.91 0.55 0.55 0.53 0.53 0.53 0.53 0.54 0.54 0.28 0.28 0.28 0.28 0.34 0.45 0.51 1.17 1.17 1.64 1.18 1.18 1.21 0.89 1.50 1.50 3.10 2.76 1.96 1.96 1.96 1.27 2.80 1.27 1.27 1.20 1.50 1.20 1.20 1.20 1.04 1.10 1.31 1.31 1.72 1.72 1.72 1.72 1.01 1.01 0.02 0.02
1.06 0.87 1.06 1.94 1.84 1.84 1.84 1.84 1.93 0.35 0.46 0.46 0.79 0.66 0.66 0.66 0.51 1.21 2.35 2.35 1.77 2.60 0.75 0.72 1.40 0.19 0.40 1.46 1.47 0.45 0.45 0.45 0.45 1.47 0.23 0.20 0.37 0.37 0.37 0.37 0.19 0.19 0.26 0.21 0.26 0.21 0.21 0.26 0.22 0.19 1.15 1.15 1.16 1.16 0.73 1.19 1.50 1.96 1.67 1.67 1.96 1.96 1.96 1.27 2.80 1.27 1.50 2.80 2.80 2.75 1.50 1.20 1.10 1.31 1.31 1.31 1.72 1.72 1.72 1.46 1.76 1.00 0.05 0.02
1.47 1.06 2.20 1.91 1.84 2.27 1.84 2.34 2.13 0.64 0.46 0.46 0.80 1.03 0.99 0.66 0.45 2.63 0.89 0.89 0.41 2.41 0.64 0.32 0.56 0.00 0.58 0.45 0.45 0.45 0.56 0.45 0.45 0.45 0.45 0.22 0.22 0.38 0.19 0.37 0.19 0.09 0.26 0.26 0.31 0.26 0.26 0.30 0.09 0.19 0.19 1.62 1.16 1.24 1.24 1.16 4.59 1.67 1.67 1.67 1.34 1.67 1.67 1.67 1.67 1.27 1.50 1.50 2.87 2.75 2.75 2.80 2.48 1.31 1.31 1.72 1.46 1.72 1.72 1.46 1.46 1.03 0.05 0.02
0.88 0.88 0.77 1.63 1.57 0.70 1.57 0.72 0.81 0.31 0.31 0.31 0.29 0.53 0.53 0.53 0.30 1.73 3.07 0.74 0.23 0.23 0.39 0.74 0.00 0.00 0.00 0.36 0.36 0.36 0.36 0.36 0.36 0.36 0.50 0.20 0.07 0.15 0.07 0.08 0.07 0.16 0.17 0.20 0.20 0.17 0.20 0.17 0.07 0.21 0.14 0.16 0.51 0.51 0.56 0.56 0.50 0.50 1.69 1.69 1.43 1.43 1.14 1.14 1.69 1.36 1.43 1.69 2.44 2.63 2.63 2.44 1.15 1.15 1.53 1.53 1.22 2.48 1.53 1.53 1.02 1.55 1.55 0.90
1.66 0.88 1.69 1.63 1.57 0.75 1.66 0.75 0.31 0.48 0.31 0.31 0.31 0.53 0.53 0.53 0.56 1.73 1.81 0.74 0.74 0.74 0.00 0.00 0.00 0.00 0.00 0.00 0.36 0.53 0.36 0.36 0.36 0.44 0.50 0.89 0.15 0.16 0.15 0.15 0.14 0.14 0.17 0.20 0.20 0.20 0.17 0.17 0.20 0.20 0.20 0.20 0.08 0.28 0.73 0.51 0.50 0.50 1.69 1.69 1.69 1.43 1.14 1.69 1.69 1.43 1.43 1.36 1.36 1.36 2.71 2.71 1.29 1.53 1.53 1.53 1.53 4.54 1.02 1.02 1.02 0.90 0.90 1.02
1.59 0.88 1.63 1.26 1.54 0.74 0.74 0.74 0.29 0.29 0.29 0.29 0.53 0.53 0.53 0.53 0.55 0.55 1.80 0.77 1.05 0.02 0.00 0.00 0.00 0.00 0.00 0.00 0.36 0.36 0.36 0.36 0.36 0.36 0.36 0.29 0.15 0.15 0.08 0.15 0.14 0.08 0.20 0.17 0.16 0.16 0.14 0.14 0.18 0.18 0.20 0.20 0.17 0.08 0.20 0.55 0.49 0.51 3.83 1.69 1.69 1.69 1.14 1.69 1.43 1.43 1.36 1.36 1.36 2.71 1.36 1.14 1.53 1.53 1.53 1.53 1.53 2.29 1.53 1.02 0.89 0.89 0.86 1.55
5.20 0.88 1.68 1.59 1.54 1.54 1.84 0.50 0.48 0.31 0.29 0.80 1.67 0.53 0.53 0.53 0.55 0.55 1.72 2.06 0.00 0.00 0.00 0.00 0.00 0.00 0.00 0.00 0.36 0.36 0.26 0.83 0.84 0.84 0.50 0.53 0.08 0.07 0.16 0.16 0.14 0.07 0.18 0.07 0.14 0.14 0.14 0.14 0.16 0.15 0.20 0.17 0.20 0.20 0.20 0.20 0.70 0.70 1.43 1.43 1.14 1.69 1.14 1.43 2.71 1.43 1.36 1.96 1.36 1.69 1.69 1.14 2.09 1.97 1.53 1.53 1.02 0.90 1.29 1.29 0.89 0.86 0.89 1.02
0.88 0.88 1.63 1.59 2.41 1.65 0.68 0.37 0.48 0.57 1.64 1.64 1.67 1.67 1.67 0.53 0.55 2.72 0.78 0.72 0.00 0.00 0.00 0.00 0.00 0.00 0.00 0.00 0.50 0.83 0.80 2.21 0.80 0.80 0.84 0.50 0.16 0.07 0.15 0.20 0.17 0.20 0.14 0.14 0.14 0.14 0.14 0.14 0.07 0.20 0.20 0.17 0.20 0.20 0.20 0.20 0.19 0.70 1.69 1.69 1.43 1.14 1.14 1.43 1.43 2.71 2.71 1.36 1.43 1.69 1.14 1.14 1.02 1.29 1.29 1.87 1.52 0.90 0.90 0.90 1.02 0.89 0.89 0.89
0.88 0.88 0.88 1.68 1.54 1.65 2.09 0.74 0.31 0.74 1.64 1.64 1.67 1.67 1.67 1.67 1.72 1.72 1.72 0.72 0.00 0.00 0.00 0.00 0.00 0.00 0.00 0.00 0.00 0.83 0.25 2.16 0.80 0.80 0.84 0.08 0.15 0.08 0.07 0.07 0.07 0.16 0.14 0.14 0.14 0.14 0.14 0.14 0.14 0.20 0.17 0.17 0.20 0.20 0.20 0.20 0.16 0.70 1.69 1.69 1.14 1.14 1.14 1.43 1.36 2.71 1.43 2.71 2.65 2.75 1.01 1.01 1.02 1.22 1.29 1.29 1.53 1.53 1.53 0.90 0.89 0.89 0.86 1.02
0.88 0.88 0.68 1.66 1.53 1.53 1.53 0.68 0.74 0.74 1.65 1.65 0.82 0.82 1.68 1.68 1.71 1.71 1.80 0.77 0.77 0.00 0.00 0.00 0.00 0.00 0.00 0.00 0.00 0.64 2.16 2.16 0.79 0.92 0.50 0.08 0.07 0.07 0.07 0.20 0.07 0.07 0.14 0.14 0.14 0.14 0.14 0.14 0.14 0.16 0.20 0.17 0.31 0.69 0.20 0.17 0.58 0.57 0.50 0.97 1.69 1.69 1.43 2.71 1.43 2.71 1.14 1.14 1.14 1.69 1.00 1.00 1.02 1.02 1.02 1.53 1.53 1.53 1.53 0.89 1.55 0.89 1.55 4.54
0.88 0.88 0.88 0.88 1.53 0.68 1.53 1.53 3.01 1.65 1.65 1.65 0.74 0.96 1.68 1.68 1.80 1.71 0.72 0.33 0.33 0.00 0.00 0.00 0.00 0.00 0.00 0.00 0.36 0.50 0.36 0.39 0.36 0.50 0.50 0.20 0.07 0.07 0.07 0.20 0.07 0.14 0.16 0.14 0.14 0.14 0.07 0.07 0.14 0.16 0.17 0.17 0.20 0.27 0.20 0.74 0.70 0.40 0.70 0.70 1.28 1.28 1.28 1.43 1.14 1.36 1.14 1.14 1.69 1.69 1.00 1.14 1.02 1.02 1.53 0.86 0.86 1.02 1.02 1.02 1.02 1.02 1.53 2.35
0.88 0.72 0.88 0.88 1.64 1.53 1.53 1.53 3.01 1.65 1.65 1.00 1.79 1.79 0.79 0.79 0.96 1.80 0.82 0.47 0.47 0.23 0.47 0.00 0.62 0.36 0.50 0.50 0.36 0.50 0.36 0.39 0.50 0.50 0.27 0.20 0.22 0.07 0.07 0.07 0.07 0.15 0.16 0.15 0.07 0.16 0.17 0.08 0.20 0.20 0.17 0.20 0.07 0.13 0.27 1.58 0.70 0.40 0.40 0.70 0.47 1.28 2.44 1.28 1.69 2.27 1.69 1.69 2.56 1.69 1.00 1.14 1.02 0.89 0.86 1.53 1.02 1.02 1.02 1.53 1.02 0.86 1.53 1.53
0.88 0.88 0.88 0.88 1.64 1.53 1.53 1.53 0.74 1.65 1.65 1.65 1.68 1.68 1.68 1.98 1.72 0.96 0.47 0.47 0.33 0.33 1.48 1.19 1.26 0.50 0.50 0.50 0.50 0.50 0.50 0.50 0.50 0.50 0.08 0.07 0.07 0.07 0.07 0.15 0.14 0.14 0.14 0.14 0.15 0.20 0.17 0.07 0.20 0.20 0.17 0.17 0.20 0.18 0.07 0.14 1.49 0.40 0.40 0.70 0.47 0.47 1.08 1.28 1.69 1.69 1.69 1.69 1.69 0.97 1.00 1.14 1.02 1.02 1.53 1.53 1.53 1.02 1.02 1.02 0.89 1.53 1.53 1.53
1.21 0.88 0.88 0.88 4.02 1.53 2.40 1.53 1.66 1.66 1.66 0.75 1.68 1.68 2.09 1.98 0.96 1.11 0.59 0.47 0.47 0.47 0.59 0.47 0.50 0.64 0.68 1.26 1.26 0.50 0.50 0.50 0.64 0.50 0.08 0.08 0.07 0.15 0.15 0.15 0.14 0.16 0.14 0.16 0.16 0.20 0.20 0.20 0.20 0.17 0.17 0.18 0.14 0.14 0.14 0.16 0.19 0.56 0.70 0.47 0.47 0.37 0.47 1.02 1.69 1.69 1.69 1.69 1.69 1.69 0.97 1.60 1.02 1.53 1.53 1.02 1.53 1.02 1.02 0.89 1.53 1.53 1.53 1.53
0.88 0.88 0.88 0.88 0.88 1.64 2.17 0.72 2.09 1.66 1.66 1.66 2.09 0.96 0.96 1.98 0.96 0.96 0.47 0.47 0.47 0.47 0.36 0.47 0.50 0.64 1.26 1.45 0.39 1.26 1.26 1.26 0.39 0.50 0.07 0.07 0.07 0.07 0.15 0.15 0.14 0.16 0.16 0.20 0.17 0.20 0.20 0.13 0.17 0.20 0.17 0.31 0.16 0.16 0.18 0.20 0.19 0.19 0.56 0.70 0.47 0.47 0.47 0.34 1.14 1.69 1.43 1.14 1.43 1.69 1.14 1.00 0.89 1.53 1.02 1.02 1.02 1.02 1.02 1.53 1.53 1.02 1.53 1.53
0.88 0.88 0.88 0.71 0.88 0.88 0.88 0.88 0.81 1.66 2.62 1.71 0.96 0.96 0.96 0.96 1.98 1.19 1.02 0.76 0.47 0.47 0.36 0.47 0.50 0.50 0.50 0.39 0.39 0.50 0.50 0.50 0.39 0.39 1.26 0.50 0.26 0.81 0.81 0.11 0.14 0.16 0.17 0.17 0.07 0.20 0.23 0.20 0.20 0.20 0.07 0.07 0.07 0.14 0.07 0.07 0.14 0.19 0.19 0.70 0.56 0.47 0.44 0.34 0.34 1.43 1.43 1.43 1.69 1.14 1.69 1.00 1.53 1.53 1.02 1.02 0.89 0.89 0.89 0.64 1.15 0.91 0.91 1.15
0.88 0.88 0.88 0.88 0.88 1.94 0.88 0.88 0.96 1.98 0.96 0.96 0.79 1.98 0.96 0.74 0.79 0.36 0.71 0.71 0.74 0.47 0.33 0.47 0.36 0.44 0.36 0.50 0.39 0.50 0.39 0.64 0.50 0.39 0.50 0.50 0.36 0.36 0.36 0.36 0.75 0.14 0.16 0.17 0.07 0.15 0.16 0.13 0.20 0.07 0.14 0.18 0.14 0.14 0.14 0.14 0.09 0.19 0.19 0.19 0.16 0.47 0.34 0.34 0.61 0.70 1.69 1.69 1.69 1.69 1.69 1.14 1.02 1.02 1.02 1.02 1.02 1.02 0.64 1.15 1.15 0.97 0.91 0.91
1.85 1.85 1.21 0.88 1.21 0.88 1.85 0.72 1.32 2.13 0.96 0.74 0.96 0.96 0.97 0.74 1.00 0.82 0.71 0.26 0.73 0.47 0.59 0.47 0.36 0.36 0.36 0.36 0.36 0.50 0.39 0.50 0.50 0.50 1.26 0.47 0.50 0.36 0.56 0.50 0.82 0.82 0.15 0.15 0.14 0.14 1.27 1.27 0.20 0.14 0.14 0.14 0.15 0.15 0.07 0.09 0.07 0.19 0.19 0.16 0.26 1.21 0.61 0.37 0.47 0.47 0.70 1.14 1.14 1.69 1.69 1.00 1.53 1.02 1.02 1.15 1.15 0.91 1.15 1.63 1.15 1.15 1.15 0.97
0.88 1.13 0.88 0.88 0.88 0.88 0.88 2.74 0.96 0.96 0.96 0.74 1.98 0.96 0.74 0.74 3.01 0.22 0.37 0.71 0.82 0.71 0.47 0.47 0.36 0.36 0.36 0.36 0.39 0.50 0.50 0.50 0.50 0.50 0.36 0.29 0.26 0.36 0.36 0.50 0.50 0.82 0.77 0.15 0.14 0.11 0.18 0.18 0.15 0.14 0.14 0.14 0.14 0.14 0.14 0.14 0.13 0.16 0.15 0.16 0.52 0.47 0.34 0.47 0.47 0.47 0.37 0.47 2.69 2.77 1.69 1.14 0.67 0.91 0.91 1.15 0.97 1.16 1.15 1.15 1.15 0.97 0.97 1.22
0.67 0.67 0.67 0.90 0.67 0.67 0.85 0.51 1.57 1.57 1.09 0.72 0.72 0.72 0.54 0.75 0.54 0.65 0.60 0.60 0.18 0.65 0.19 0.13 0.13 0.13 0.13 0.13 0.13 0.20 0.20 0.20 0.20 0.20 0.20 0.25 0.13 0.20 0.20 0.13 0.13 0.13 0.11 0.11 0.11 0.05 0.11 0.11 0.11 0.11 0.06 0.05 0.11 0.05 0.06 0.06 0.05 0.11 0.13 0.45 0.19 0.13 0.19 0.19 0.19 0.19 0.19 0.71 0.60 2.45 0.99 0.99 0.55 0.76 0.58 0.58 0.58 1.46 1.02 1.02 0.85 0.85 1.08 1.08
0.54 0.67 0.67 0.65 0.67 0.67 0.90 0.67 0.72 1.57 0.72 0.72 0.72 0.72 0.54 0.54 0.13 0.19 0.19 0.62 0.18 0.60 0.65 0.13 0.13 0.13 0.20 0.20 0.13 0.13 0.20 0.20 0.20 0.20 0.20 0.20 0.20 0.62 0.20 0.13 0.13 0.13 0.12 0.06 0.06 0.06 0.11 0.11 0.11 0.11 0.05 0.05 0.11 0.11 0.11 0.06 0.06 0.05 0.13 0.10 0.61 0.19 0.13 0.19 0.25 0.19 0.19 0.62 0.60 1.36 0.99 0.99 0.80 1.02 0.55 0.58 0.53 1.27 1.30 0.85 0.85 1.08 1.08 1.08
0.67 0.67 0.67 0.67 0.67 0.67 0.67 0.67 0.72 0.72 0.72 0.72 0.72 0.58 0.72 0.72 0.13 0.64 0.18 0.71 0.60 0.60 0.18 0.13 0.13 0.13 0.20 0.20 0.20 0.20 0.20 0.20 0.20 0.15 0.20 0.13 0.20 0.20 0.20 0.20 0.20 0.20 0.19 0.11 0.11 0.12 0.11 0.11 0.11 0.11 0.11 0.11 0.11 0.11 0.11 0.11 0.05 0.06 0.11 0.45 0.19 0.19 0.19 0.19 0.13 0.19 0.19 0.65 0.60 0.60 1.35 2.45 1.02 1.02 1.30 1.27 1.27 1.30 1.02 1.15 1.08 1.08 1.08 1.08
0.54 0.54 0.67 0.67 0.67 0.67 0.67 0.67 0.72 0.54 0.72 0.72 0.72 0.54 0.72 0.72 0.19 0.64 0.18 0.62 0.62 0.19 0.75 0.19 0.20 0.20 0.20 0.20 0.20 0.20 0.20 0.20 0.20 0.15 0.20 0.20 0.20 0.25 0.25 0.20 0.20 0.20 0.20 0.20 0.11 0.11 0.11 0.11 0.11 0.11 0.11 0.11 0.11 0.11 0.12 0.11 0.05 0.06 0.13 0.05 0.14 0.19 0.19 0.19 0.19 0.19 0.19 0.68 0.60 0.60 0.60 0.62 1.02 1.35 1.27 1.27 1.30 1.02 1.15 1.15 1.15 1.08 1.08 1.08
1.86 0.67 0.67 0.67 0.51 0.67 0.51 0.67 0.72 0.58 0.72 0.54 0.72 0.72 0.54 0.54 0.19 0.19 0.19 0.19 0.14 0.14 0.13 0.13 0.20 0.20 0.20 0.20 0.20 0.20 0.20 0.20 0.20 0.20 0.20 0.13 0.13 0.20 0.24 0.20 0.20 0.20 0.19 1.39 0.73 0.11 0.11 0.11 0.11 0.11 0.11 0.11 0.11 0.11 0.11 0.11 0.11 0.11 0.13 0.13 0.71 0.13 0.19 0.19 0.14 0.19 0.14 0.71 0.60 0.65 0.65 0.65 0.59 0.54 1.27 1.27 1.02 1.15 1.15 1.15 1.08 2.23 2.23 1.08
1.49 0.54 0.67 0.67 0.62 0.51 0.67 0.67 0.72 0.72 0.75 0.54 0.54 0.54 0.54 0.54 0.19 0.19 0.19 0.60 0.14 0.14 0.70 0.19 0.20 0.20 0.20 0.20 0.20 0.17 0.13 0.20 0.20 0.20 0.20 0.20 0.13 0.13 0.13 0.25 0.20 0.20 0.13 1.39 1.39 0.73 0.73 0.62 0.14 0.11 0.11 0.11 0.12 0.11 0.11 0.11 0.11 0.11 0.11 0.11 0.71 0.13 0.19 0.19 0.19 0.13 0.13 0.62 0.62 0.65 0.65 0.13 0.12 0.59 0.54 1.27 0.85 1.02 1.02 1.15 1.15 1.15 1.15 1.08
1.49 0.54 0.67 0.67 0.67 0.67 0.67 0.67 0.72 0.72 0.72 0.72 0.72 0.72 0.54 0.19 0.19 0.19 0.19 0.60 0.19 0.19 0.19 0.19 0.20 0.20 0.25 0.20 0.19 0.13 0.13 0.20 0.13 0.13 0.20 0.20 0.13 0.13 0.15 0.13 0.20 0.20 0.20 0.22 1.39 1.39 1.39 1.39 0.14 0.11 0.11 0.11 0.12 0.11 0.14 0.12 0.10 0.13 0.10 0.10 0.59 0.32 0.19 0.19 0.13 0.19 0.13 0.14 0.19 0.60 0.60 0.65 0.12 0.17 0.56 0.56 0.85 1.02 1.02 1.02 1.15 1.15 0.91 0.91
1.49 0.54 0.71 0.54 0.54 0.67 0.67 0.67 0.72 0.72 1.09 1.09 1.09 0.72 0.72 0.19 0.13 0.19 0.19 0.18 0.19 0.19 0.14 0.13 0.20 0.20 0.20 0.20 0.22 0.15 0.13 0.13 0.20 0.20 0.20 0.13 0.13 0.13 0.20 0.25 0.20 0.13 0.13 0.13 0.13 1.39 1.39 0.73 0.73 0.11 0.11 0.11 0.11 0.11 0.15 0.11 0.10 0.10 0.10 0.59 0.59 0.61 0.19 0.19 0.19 0.19 0.19 0.13 0.14 0.65 0.71 0.13 0.17 0.17 0.17 0.17 0.17 1.02 1.02 1.02 1.02 1.15 0.91 0.91
0.67 0.67 0.54 0.54 0.70 0.62 0.67 0.67 0.72 0.72 0.72 0.72 0.72 0.72 2.47 0.19 0.19 0.19 0.19 0.19 0.19 0.19 0.19 0.19 0.20 0.20 0.20 0.20 0.22 0.20 0.20 0.13 0.20 0.20 0.13 0.13 0.15 0.20 0.20 0.20 0.13 0.13 0.13 0.13 0.13 0.20 0.22 0.18 0.60 0.11 0.11 0.11 0.11 0.11 0.11 0.11 0.10 0.10 0.05 0.18 0.71 0.19 0.19 0.19 0.19 0.19 0.19 0.19 0.13 0.19 0.19 0.19 0.17 0.17 0.13 0.17 0.17 0.55 2.00 1.02 1.02 1.36 1.15 0.91
0.67 0.67 0.54 1.49 0.67 0.67 0.67 0.67 0.72 0.72 0.72 0.72 0.72 0.72 0.72 0.19 0.19 0.19 0.19 0.19 0.19 0.19 0.19 0.19 0.20 0.20 0.20 1.24 0.15 0.62 0.20 0.62 0.62 0.62 0.24 0.13 0.13 0.20 0.20 0.13 0.13 0.13 0.20 0.13 0.13 0.20 0.20 0.13 0.66 0.63 0.06 0.11 0.11 0.11 0.11 0.11 0.61 0.13 0.64 0.17 0.64 0.14 0.19 0.19 0.19 0.19 0.19 0.19 0.19 0.19 0.19 0.19 0.17 0.17 0.17 0.17 0.17 0.13 0.55 1.02 1.02 1.15 1.15 1.15
0.67 0.67 0.67 1.49 0.67 0.67 0.67 0.67 0.72 0.72 0.72 0.72 0.72 0.54 0.72 0.19 0.19 0.19 0.19 0.19 0.19 0.19 0.19 0.19 0.20 0.20 0.20 0.20 0.15 0.13 0.20 0.20 0.20 0.62 0.20 0.25 0.20 0.20 0.20 0.13 0.13 0.13 0.13 0.13 0.13 0.13 0.20 0.13 0.13 0.20 0.19 0.61 0.60 0.11 0.11 0.11 0.06 0.13 0.19 0.59 0.64 0.19 0.19 0.19 0.19 0.19 0.19 0.19 0.19 0.19 0.19 0.19 0.17 0.13 0.13 0.13 0.17 0.13 0.55 0.55 2.00 1.02 1.15 1.15
0.67 0.67 0.67 1.49 0.54 0.67 0.54 0.67 0.72 0.72 0.54 0.72 0.54 0.54 0.13 0.13 0.13 0.19 0.19 0.21 0.13 0.13 0.13 0.14 0.20 0.20 0.20 0.20 0.20 0.15 0.25 0.20 0.20 0.20 0.20 0.20 0.62 0.20 0.19 0.19 0.20 0.20 0.20 0.13 0.13 0.13 0.20 0.20 0.13 0.25 0.20 0.13 0.20 0.66 0.11 0.11 0.64 0.13 0.13 0.19 0.19 0.13 0.19 0.19 0.19 0.19 0.19 0.19 0.25 0.19 0.19 0.14 0.55 0.55 0.13 0.13 0.13 0.17 0.55 0.55 0.17 1.02 1.15 1.15
0.67 0.67 0.67 0.67 0.54 1.49 0.54 0.67 0.72 0.72 0.54 0.72 1.57 0.72 0.19 0.19 0.19 0.13 0.13 0.19 0.23 0.13 0.13 0.19 0.20 0.20 0.20 0.20 0.20 0.20 0.20 0.20 0.20 0.20 0.20 0.20 0.20 0.15 0.71 0.20 0.20 0.13 0.20 0.13 0.13 0.13 0.15 0.20 1.25 0.20 0.13 0.20 0.25 0.66 0.11 0.66 0.19 0.13 0.19 0.19 0.19 0.13 0.19 0.19 0.19 0.19 0.19 0.19 0.19 0.19 0.19 0.19 0.17 0.55 0.13 0.13 0.17 0.19 0.67 0.17 0.17 0.21 1.15 1.15
0.67 0.67 0.67 0.67 1.49 0.54 0.67 0.67 0.72 0.72 0.72 0.72 0.72 0.54 0.13 0.19 0.19 0.19 0.25 0.19 0.59 0.64 0.64 0.64 0.20 0.20 0.20 0.20 0.20 0.20 0.20 0.13 0.20 0.20 0.20 0.13 0.20 0.13 0.15 0.62 0.20 0.20 0.20 0.20 0.20 0.20 0.20 0.20 0.13 0.20 0.20 0.61 0.60 0.66 0.60 0.66 0.13 0.13 0.19 0.14 0.19 0.13 0.19 0.13 0.19 0.19 0.13 0.19 0.19 0.19 0.19 0.19 0.12 0.17 0.13 0.13 0.17 0.21 0.28 0.28 0.14 0.21 0.21 1.15
