New_Model_Runs/12_Future_RCP4.5_Scn2_out/post_prcessed_with_MFR/Monthly_summaries/runoff_monthly_MAR.asc
NCOLS 700
NROWS 400
XLLCENTER 515000.000000
YLLCENTER 8409000.000000
CELLSIZE 50.000000
NODATA_value -999.000000
[rows 152 to 189 of 400, columns 336 to 419 of 700]
0.13 0.12 0.65 0.43 0.43 0.43 0.44 0.44 0.43 0.42 0.28 0.28 0.35 0.35 0.27 0.27 0.25 0.25 0.31 0.25 0.26 0.26 0.26 0.26 0.27 0.27 0.02 0.02 0.02 0.18 0.18 0.02 0.17 0.17 0.17 0.01 0.01 0.01 0.24 0.04 0.04 0.00 0.00 0.00 0.00 0.15 0.02 0.02 0.02 0.00 0.00 0.00 0.00 0.00 0.00 0.00 0.00 0.00 0.00 0.00 0.00 0.00 0.00 0.00 0.00 0.00 0.00 0.00 0.00 0.00 0.00 0.00 0.00 0.00 0.00 0.00 0.00 0.00 0.00 0.00 0.00 0.00 0.00 0.00
0.10 0.14 0.23 0.44 0.44 0.23 0.66 0.64 0.65 0.42 0.42 0.28 0.27 0.27 0.27 0.27 0.25 0.25 0.25 0.25 0.26 0.26 0.26 0.26 0.27 0.03 0.03 0.03 0.02 0.02 0.02 0.02 0.01 0.02 0.01 0.01 0.00 0.00 0.05 0.04 0.04 0.05 0.00 0.00 0.00 0.02 0.02 0.02 0.02 0.00 0.00 0.00 0.00 0.00 0.00 0.00 0.00 0.00 0.00 0.00 0.00 0.00 0.00 0.00 0.00 0.00 0.00 0.00 0.00 0.00 0.00 0.00 0.00 0.00 0.00 0.00 0.00 0.00 0.00 0.00 0.00 0.00 0.00 0.00
0.45 0.07 0.07 0.16 0.29 0.58 0.43 0.43 0.42 0.42 0.42 0.28 0.27 0.27 0.27 0.34 0.25 0.25 0.25 0.25 0.26 0.26 0.26 0.26 0.03 0.03 0.03 0.04 0.03 0.02 0.02 0.02 0.01 0.01 0.00 0.00 0.00 0.00 0.05 0.05 0.04 0.00 0.00 0.00 0.00 0.00 0.00 0.00 0.02 0.00 0.00 0.00 0.00 0.00 0.00 0.00 0.00 0.00 0.00 0.00 0.00 0.00 0.00 0.00 0.00 0.00 0.00 0.00 0.00 0.00 0.00 0.00 0.00 0.00 0.00 0.00 0.00 0.00 0.00 0.00 0.00 0.00 0.00 0.00
0.43 0.12 0.08 0.12 0.44 0.44 0.66 0.43 0.42 0.42 0.42 0.42 0.09 0.27 0.27 0.27 0.25 0.25 0.25 0.25 0.26 0.26 0.26 0.26 0.27 0.27 0.27 0.27 0.03 0.00 0.02 0.00 0.00 0.00 0.00 0.00 0.00 0.05 0.00 0.04 0.05 0.00 0.00 0.00 0.02 0.02 0.00 0.00 0.02 0.00 0.00 0.00 0.00 0.00 0.00 0.00 0.00 0.00 0.00 0.00 0.00 0.00 0.00 0.00 0.00 0.00 0.00 0.00 0.00 0.00 0.00 0.00 0.00 0.00 0.00 0.00 0.00 0.00 0.00 0.00 0.00 0.00 0.00 0.00
0.43 0.12 0.23 0.44 0.42 0.42 0.42 0.42 0.42 0.42 0.42 0.42 0.84 0.34 0.27 0.27 0.25 0.25 0.25 0.25 0.26 0.26 0.26 0.26 0.26 0.26 0.26 0.26 0.06 0.00 0.00 0.00 0.00 0.00 0.00 0.00 0.05 0.04 0.04 0.04 0.00 0.00 0.02 0.00 0.00 0.02 0.00 0.00 0.00 0.02 5.81 0.00 0.00 0.00 0.00 0.00 0.00 0.00 0.00 0.00 0.00 0.00 0.00 0.00 0.00 0.00 0.00 0.00 0.00 0.00 0.00 0.00 0.00 0.00 0.00 0.00 0.00 0.00 0.00 0.00 0.00 0.00 0.00 0.00
0.44 0.16 0.43 0.44 0.42 0.42 0.42 0.42 0.42 0.51 0.42 0.42 0.40 0.40 0.27 0.27 0.25 0.25 0.25 0.25 0.33 0.26 0.26 0.26 0.26 0.26 0.05 0.06 0.06 0.05 0.00 0.00 0.00 0.00 0.05 0.05 0.04 0.04 0.04 0.04 0.05 0.00 0.00 0.00 0.00 0.02 0.02 0.00 0.00 0.02 0.21 0.00 0.00 0.00 0.00 0.00 0.00 0.00 0.00 0.00 0.00 0.00 0.00 0.00 0.00 0.00 0.00 0.00 0.00 0.00 0.00 0.00 0.00 0.00 0.00 0.00 0.00 0.00 0.00 0.00 0.00 0.00 0.00 0.00
0.43 0.66 0.43 0.43 0.42 0.42 0.42 0.44 0.43 0.42 0.16 0.16 0.60 0.40 0.27 0.27 0.25 0.25 0.25 0.32 0.26 0.26 0.26 0.05 0.05 0.05 0.05 0.05 0.05 0.05 0.06 0.06 0.05 0.05 0.05 0.05 0.04 0.04 0.04 0.04 0.05 0.05 0.00 0.02 0.00 0.00 0.02 0.02 0.02 0.02 0.00 0.00 0.00 0.00 0.00 0.00 0.00 0.00 0.00 0.00 0.00 0.00 0.00 0.00 0.00 0.00 0.00 0.00 0.00 0.00 0.00 0.00 0.00 0.00 0.00 0.00 0.00 0.00 0.00 0.00 0.00 0.00 0.00 0.00
0.43 0.43 0.66 0.43 0.42 0.42 0.44 0.44 0.43 0.42 0.42 0.42 0.40 0.40 0.40 0.27 0.25 0.25 0.25 0.25 0.26 0.06 0.05 0.05 0.05 0.06 0.05 0.05 0.05 0.05 0.06 0.06 0.05 0.05 0.05 0.05 0.04 0.04 0.04 0.04 0.05 0.05 0.00 0.00 0.00 0.00 0.02 0.02 0.02 0.02 0.02 0.00 0.00 0.00 0.00 0.00 0.00 0.00 0.00 0.00 0.00 0.00 0.00 0.00 0.00 0.00 0.00 0.00 0.00 0.00 0.00 0.00 0.00 0.00 0.00 0.00 0.00 0.00 0.00 0.00 0.00 0.00 0.00 0.00
0.42 0.65 0.43 0.42 0.42 0.42 0.43 0.43 0.41 0.41 0.41 0.41 0.40 0.40 0.40 0.40 0.25 0.25 0.05 0.05 0.05 0.05 0.05 0.05 0.05 0.05 0.05 0.05 0.05 0.06 0.05 0.05 0.04 0.04 0.04 0.05 0.04 0.04 0.04 0.04 0.05 0.05 0.00 0.00 0.00 0.00 0.00 0.00 0.00 0.00 0.02 0.02 0.00 0.00 0.00 0.00 0.00 0.00 0.00 0.00 0.00 0.00 0.00 0.00 0.00 0.00 0.00 0.00 0.00 0.00 0.00 0.00 0.00 0.00 0.00 0.00 0.00 0.00 0.00 0.00 0.00 0.00 0.00 0.00
0.42 0.72 0.72 0.42 0.42 0.42 0.43 0.43 0.43 0.41 0.41 0.70 0.40 0.40 0.40 0.40 0.05 0.05 0.05 0.05 0.05 0.05 0.05 0.05 0.05 0.06 0.05 0.05 0.05 0.06 0.05 0.05 0.04 0.04 0.05 0.05 0.04 0.04 0.04 0.04 0.05 0.05 0.00 0.00 0.00 0.00 0.00 0.05 0.00 0.00 0.00 0.00 0.02 0.02 0.02 0.02 0.00 0.00 0.00 0.00 0.00 0.00 0.00 0.00 0.00 0.00 0.00 0.00 0.00 0.00 0.00 0.00 0.00 0.00 0.00 0.00 0.00 0.00 0.00 0.00 0.00 0.00 0.00 0.00
0.55 1.05 0.55 0.55 0.55 0.55 0.55 0.84 0.56 0.54 0.54 0.54 0.52 0.52 0.52 0.52 0.08 0.09 0.08 0.08 0.08 0.08 0.08 0.08 0.08 0.09 0.08 0.08 0.09 0.08 0.11 0.08 0.06 0.06 0.06 0.06 0.06 0.00 0.00 0.06 0.06 0.06 0.06 0.07 0.06 0.06 0.06 0.06 0.04 0.05 0.00 0.00 0.00 0.02 0.02 0.02 0.02 0.00 0.00 5.86 0.00 0.00 0.00 0.00 0.00 0.00 0.00 0.00 0.00 0.00 0.00 0.00 0.00 0.00 0.00 0.00 0.00 0.00 0.00 0.00 0.00 0.00 0.00 0.00
0.55 0.84 0.84 0.55 0.55 0.55 0.55 0.55 0.54 0.54 0.54 0.54 0.79 0.52 0.52 0.52 0.08 0.08 0.08 0.08 0.08 0.08 0.08 0.08 0.08 0.08 0.08 0.08 0.08 0.08 0.09 0.08 0.06 0.06 0.06 0.06 0.06 0.06 0.06 0.06 0.06 0.06 0.06 0.06 0.06 0.06 0.06 0.06 0.04 0.04 0.04 0.00 0.00 0.00 0.02 0.02 0.00 0.00 0.00 0.00 0.02 0.00 0.00 0.00 0.00 0.00 0.00 0.00 0.00 0.00 0.00 0.00 0.00 0.00 0.00 0.00 0.00 0.00 0.00 0.00 0.00 0.00 0.00 0.00
0.54 0.54 0.83 0.54 0.53 0.53 0.53 0.53 0.79 0.52 0.52 0.79 0.51 0.51 0.51 0.08 0.08 0.08 0.08 0.08 0.08 0.08 0.08 0.08 0.08 0.08 0.08 0.08 0.08 0.08 0.08 0.08 0.06 0.06 0.06 0.06 0.06 0.06 0.06 0.06 0.06 0.06 0.06 0.06 0.06 0.06 0.06 0.06 0.04 0.04 0.05 0.00 0.00 0.00 0.02 0.00 0.00 0.04 0.04 0.04 0.05 0.04 0.00 5.86 0.00 0.00 0.00 0.00 0.00 0.00 0.00 0.00 0.00 0.00 0.00 0.00 0.00 0.00 0.00 0.00 0.00 0.00 0.00 0.00
0.54 0.54 0.54 0.54 0.53 0.53 0.53 0.53 0.52 0.52 0.52 0.52 0.51 0.51 0.51 0.08 0.08 0.08 0.08 0.08 0.08 0.08 0.08 0.08 0.08 0.08 0.08 0.08 0.08 0.08 0.08 0.08 0.06 0.00 0.06 0.06 0.06 0.06 0.06 0.06 0.06 0.06 0.06 0.06 0.06 0.06 0.06 0.06 0.04 0.05 0.00 0.00 0.00 0.02 0.00 0.00 0.04 0.04 0.04 0.04 0.04 0.04 0.04 0.04 0.00 0.00 0.00 0.00 0.00 0.00 0.00 0.00 0.00 0.00 0.00 0.00 0.00 0.00 0.00 0.00 0.00 0.00 0.00 0.00
0.83 0.54 0.54 0.83 0.53 0.53 0.53 0.53 0.52 0.52 0.52 0.52 0.51 0.51 0.51 0.08 0.08 0.08 0.08 0.08 0.08 0.08 0.08 0.08 0.08 0.08 0.08 0.08 0.08 0.08 0.08 0.08 0.06 0.06 0.06 0.06 0.06 0.06 0.06 0.06 0.06 0.06 0.06 0.06 0.06 0.06 0.06 0.06 0.04 0.05 0.00 0.00 0.00 0.00 0.00 0.00 0.04 0.04 0.04 0.04 0.04 0.04 0.04 0.04 0.00 0.00 0.00 0.00 0.00 0.00 0.00 0.00 0.00 0.00 0.00 0.00 0.00 0.00 0.00 0.00 0.00 0.00 0.00 0.00
0.54 0.54 0.54 0.54 0.53 0.81 0.53 0.53 0.52 0.52 0.52 0.52 0.51 0.51 0.08 0.08 0.08 0.08 0.08 0.08 0.08 0.08 0.08 0.08 0.08 0.08 0.08 0.08 0.08 0.08 0.08 0.08 0.06 0.06 0.06 0.06 0.06 0.06 0.06 0.06 0.00 0.00 0.06 0.06 0.06 0.06 0.06 0.06 0.05 0.00 0.00 0.05 0.00 0.00 0.00 0.00 0.04 0.04 0.04 0.04 0.05 0.00 0.04 0.04 0.00 0.00 0.00 0.00 0.00 0.00 0.00 0.00 0.00 0.00 0.00 0.00 0.00 0.00 0.00 0.00 0.00 0.00 0.00 0.00
0.53 0.53 0.53 0.53 0.51 0.51 0.78 0.51 0.51 0.51 0.51 0.51 0.53 0.53 0.09 0.09 0.09 0.09 0.09 0.09 0.09 0.09 0.09 0.10 0.09 0.09 0.09 0.09 0.09 0.09 0.09 0.09 0.06 0.06 0.06 0.06 0.06 0.06 0.06 0.06 0.00 0.00 0.00 0.06 0.06 0.00 0.06 0.06 0.04 0.00 0.00 0.04 0.04 0.04 0.04 0.04 0.04 0.04 0.04 0.00 0.05 0.05 0.00 0.00 0.00 0.00 0.00 0.00 0.00 0.00 0.00 0.00 0.00 0.00 0.00 0.00 0.00 0.00 0.00 0.00 0.00 0.00 0.00 0.00
0.53 0.53 0.53 0.53 0.51 0.51 0.51 0.51 0.51 0.51 0.51 0.51 0.53 0.53 0.09 0.09 0.09 0.09 0.09 0.09 0.09 0.09 0.09 0.09 0.09 0.09 0.09 0.09 0.09 0.09 0.09 0.09 0.06 0.06 0.06 0.06 0.06 0.06 0.06 0.06 0.07 0.00 0.00 0.06 0.06 0.00 0.06 0.06 0.04 0.04 0.04 0.04 0.04 0.04 0.04 0.05 0.04 0.04 0.00 0.00 0.00 0.00 0.00 0.00 0.00 0.00 0.00 0.00 0.00 0.00 0.00 0.00 0.00 0.00 0.00 0.00 0.00 0.00 0.00 0.00 0.00 0.00 0.00 0.00
0.53 0.53 0.53 0.53 0.51 0.51 0.51 0.51 0.51 0.51 0.51 0.51 0.53 0.09 0.09 0.09 0.09 0.09 0.09 0.09 0.09 0.09 0.09 0.09 0.09 0.09 0.09 0.00 0.00 0.09 0.09 0.09 0.06 0.06 0.06 0.06 0.06 0.06 0.00 0.00 0.07 0.00 0.06 0.06 0.06 0.06 0.06 0.06 0.04 0.04 0.04 0.04 0.04 0.05 0.00 0.00 0.04 0.04 0.04 0.07 0.00 0.00 0.00 0.00 0.00 0.00 0.00 0.00 0.00 0.00 0.00 0.00 0.00 0.00 0.00 0.00 0.00 0.00 0.00 0.00 0.00 0.00 0.00 0.00
0.53 0.53 0.53 0.53 0.51 0.51 0.51 0.51 0.51 0.51 0.51 0.51 0.53 0.09 0.09 0.09 0.09 0.10 0.10 0.17 0.09 0.09 0.09 0.09 0.09 0.09 0.09 0.10 0.10 0.09 0.09 0.09 0.06 0.06 0.06 0.06 0.06 0.06 0.06 0.06 0.06 0.00 0.06 0.06 0.00 0.06 0.06 0.06 0.04 0.04 0.04 0.04 0.04 0.00 0.00 0.02 0.02 0.02 0.00 0.00 0.00 0.00 0.00 0.00 0.00 0.00 0.00 0.00 0.00 0.00 0.00 0.00 0.00 0.00 0.00 0.00 0.00 0.00 0.00 0.00 0.00 0.00 0.00 0.00
0.21 0.52 0.52 0.52 0.52 0.21 0.52 0.52 0.54 0.54 0.54 0.54 0.54 0.09 0.09 0.18 0.10 0.08 0.08 0.10 0.09 0.09 0.10 0.09 0.09 0.09 0.09 0.10 0.00 0.09 0.00 0.00 0.00 0.06 0.06 0.06 0.06 0.06 0.00 0.07 0.06 0.06 0.06 0.06 0.00 0.00 0.06 0.06 0.05 0.05 0.00 0.05 0.00 0.04 0.00 0.00 0.02 5.86 0.00 0.00 0.00 0.00 0.00 0.00 0.00 0.00 0.00 0.00 0.00 0.00 0.00 0.00 0.00 0.00 0.00 0.00 0.00 0.00 0.00 0.00 0.00 0.00 0.00 0.00
0.52 0.52 0.52 0.52 0.52 0.52 0.52 0.52 0.54 0.54 0.54 0.54 0.54 0.09 0.10 0.09 0.08 0.08 0.08 0.08 0.09 0.09 0.09 0.09 0.10 0.10 0.09 0.10 0.10 0.00 0.00 0.00 0.00 0.00 0.00 0.00 0.06 0.06 0.00 0.07 0.00 0.00 0.06 0.06 0.00 0.00 0.06 0.06 0.05 0.00 0.00 0.00 0.00 0.02 0.02 0.00 5.86 0.00 0.00 0.00 0.00 0.00 0.00 0.00 0.00 0.00 0.00 0.00 0.00 0.00 0.00 0.00 0.00 0.00 0.00 0.00 0.00 0.00 0.00 0.00 0.00 0.00 0.00 0.00
0.52 0.52 0.52 0.52 0.52 0.52 0.52 0.52 0.54 0.54 0.54 0.54 0.09 0.32 0.09 0.10 0.08 0.08 0.08 0.08 0.09 0.09 0.09 0.10 0.09 0.09 0.10 0.09 0.09 0.09 0.09 0.09 0.00 0.00 0.00 0.00 0.00 0.06 0.07 0.03 0.03 0.00 0.06 0.06 0.00 0.00 0.00 0.06 0.05 0.00 0.00 0.00 0.00 0.00 0.00 0.00 0.00 0.00 0.00 0.00 0.00 0.00 0.00 0.00 0.00 0.00 0.00 0.00 0.00 0.00 0.00 0.00 0.00 0.00 0.00 0.00 0.00 0.00 0.00 0.00 0.00 0.00 0.00 0.00
0.52 0.52 0.52 0.52 0.52 0.52 0.52 0.52 0.54 0.54 0.54 0.54 0.09 0.10 0.09 0.09 0.10 0.08 0.08 0.08 0.09 0.09 0.10 0.09 0.09 0.09 0.09 0.09 0.09 0.10 0.10 0.09 0.03 0.00 0.00 0.00 0.00 0.00 0.03 0.03 0.01 0.03 0.00 0.00 0.00 0.03 0.00 0.00 0.05 0.00 0.00 0.00 0.00 0.00 0.00 0.00 0.00 0.00 0.00 0.00 0.00 0.00 0.00 0.00 0.00 0.00 0.00 0.00 0.00 0.00 0.00 0.00 0.00 0.00 0.00 0.00 0.00 0.00 0.00 0.00 0.00 0.00 0.00 0.00
0.53 0.53 0.33 0.33 0.54 0.54 0.54 0.54 0.53 0.53 0.53 0.53 0.09 0.09 0.09 0.09 0.09 0.08 0.08 0.08 0.09 0.09 0.09 0.09 0.09 0.09 0.09 0.09 0.09 0.09 0.09 0.09 0.00 0.03 0.03 0.00 0.03 0.03 0.03 0.03 0.15 0.15 0.15 0.00 0.15 0.03 0.03 0.00 0.02 0.00 0.00 0.00 0.00 0.00 0.00 0.00 0.00 0.00 0.00 0.00 0.00 0.00 0.00 0.00 0.00 0.00 0.00 0.00 0.00 0.00 0.00 0.00 0.00 0.00 0.00 0.00 0.00 0.00 0.00 0.00 0.00 0.00 0.00 0.00
0.53 0.53 0.53 0.33 0.33 0.54 0.54 0.54 0.53 0.53 0.57 0.22 0.22 0.22 0.09 0.09 0.08 0.08 0.08 0.08 0.09 0.09 0.22 0.09 0.09 0.09 0.09 0.09 0.09 0.09 0.09 0.09 0.06 0.00 0.00 0.01 0.03 0.03 0.03 0.03 0.15 0.15 0.15 0.15 0.15 0.03 0.15 0.15 0.00 0.00 0.00 0.00 0.00 0.00 0.00 0.00 0.00 0.00 0.00 0.00 0.00 0.00 0.00 0.00 0.00 0.00 0.00 0.00 0.00 0.00 0.00 0.00 0.00 0.00 0.00 0.00 0.00 0.00 0.00 0.00 0.00 0.00 0.00 0.00
0.65 0.65 0.65 0.65 0.66 0.66 0.62 0.62 0.28 0.65 0.65 0.43 0.41 0.41 0.41 0.41 0.42 0.42 0.42 0.42 0.43 0.43 0.43 0.43 0.44 0.44 0.44 0.44 0.44 0.44 0.44 0.44 0.08 0.08 0.09 0.08 0.08 0.08 0.08 0.00 0.00 0.18 0.26 0.18 0.04 0.04 0.01 0.18 0.00 0.00 0.00 0.00 0.00 0.00 0.00 0.00 0.00 0.00 0.00 0.00 0.00 0.00 0.00 0.00 0.00 0.00 0.00 0.00 0.00 0.00 0.00 0.00 0.00 0.00 0.00 0.00 0.00 0.00 0.00 0.00 0.00 0.00 0.00 0.00
0.65 0.65 0.65 0.62 0.62 0.62 0.62 0.62 0.62 0.62 0.65 0.43 0.41 0.41 0.41 0.41 0.42 0.42 0.42 0.42 0.43 0.43 0.43 0.43 0.44 0.44 0.44 0.44 0.44 0.44 0.44 0.44 0.08 0.08 0.08 0.08 0.08 0.08 0.08 0.08 0.08 0.00 0.00 0.04 0.04 0.04 0.04 0.59 0.00 0.00 0.00 0.00 0.00 0.00 0.00 0.00 0.00 0.00 0.00 0.00 0.00 0.00 0.00 0.00 0.00 0.00 0.00 0.00 0.00 0.00 0.00 0.00 0.00 0.00 0.00 0.00 0.00 0.00 0.00 0.00 0.00 0.00 0.00 0.00
0.65 0.62 0.62 0.62 0.62 0.91 0.62 0.62 0.62 0.62 0.24 0.23 0.24 0.19 0.19 0.19 0.43 0.43 0.43 0.43 0.43 0.43 0.43 0.43 0.43 0.43 0.60 0.60 0.44 0.44 0.44 0.44 0.08 0.09 0.08 0.08 0.08 0.08 0.08 0.08 0.08 0.09 0.08 0.08 0.04 0.04 0.04 0.04 0.00 0.00 0.00 0.00 0.00 0.00 0.00 0.00 0.00 0.00 0.00 0.00 0.00 0.00 0.00 0.00 0.00 0.00 0.00 0.00 0.00 0.00 0.00 0.00 0.00 0.00 0.00 0.00 0.00 0.00 0.00 0.00 0.00 0.00 0.00 0.00
0.62 0.62 0.62 0.62 0.62 0.62 0.62 0.91 0.62 0.62 0.24 0.24 0.26 0.19 0.19 0.19 0.43 0.43 0.43 0.43 0.43 0.43 0.43 0.43 0.43 0.43 0.60 0.43 0.44 0.44 0.44 0.70 0.08 0.08 0.08 0.08 0.08 0.08 0.08 0.08 0.08 0.08 0.09 0.08 0.09 0.08 0.08 0.09 0.00 0.02 0.00 0.00 0.00 0.00 0.00 0.00 0.00 0.00 0.00 0.00 0.00 0.00 0.00 0.00 0.00 0.00 0.00 0.00 0.00 0.00 0.00 0.00 0.00 0.00 0.00 0.00 0.00 0.00 0.00 0.00 0.00 0.00 0.00 0.00
0.62 0.62 0.62 0.62 0.62 0.62 0.62 0.62 0.62 0.62 0.24 0.12 0.19 0.19 0.19 0.19 0.43 0.43 0.43 0.43 0.43 0.43 0.43 0.43 0.43 0.43 0.43 0.43 0.44 0.44 0.62 0.44 0.08 0.08 0.09 0.08 0.08 0.08 0.00 0.08 0.08 0.08 0.08 0.08 0.08 0.08 0.08 0.08 0.00 0.02 0.02 0.00 0.00 0.00 0.00 0.00 0.00 0.00 0.00 0.00 0.00 0.00 0.00 0.00 0.00 0.00 0.00 0.00 0.00 0.00 0.00 0.00 0.00 0.00 0.00 0.00 0.00 0.00 0.00 0.00 0.00 0.00 0.00 0.00
0.62 0.62 0.62 0.62 0.62 0.62 0.62 0.91 0.62 0.62 0.24 0.12 0.19 0.19 0.19 0.19 0.43 0.43 0.43 0.43 0.43 0.43 0.43 0.43 0.43 0.43 0.43 0.43 0.44 0.44 0.44 0.44 0.08 0.08 0.08 0.08 0.08 0.08 0.09 0.08 0.08 0.08 0.08 0.08 0.08 0.08 0.08 0.08 0.05 0.05 0.02 0.02 0.00 0.00 0.00 0.00 0.00 0.00 0.00 0.00 0.00 0.00 0.00 0.00 0.00 0.00 0.00 0.00 0.00 0.00 0.00 0.00 0.00 0.00 0.00 0.00 0.00 0.00 0.00 0.00 0.00 0.00 0.00 0.00
0.62 0.62 0.62 0.91 0.62 0.62 0.62 0.62 0.62 0.24 0.19 0.23 0.42 0.42 0.42 0.42 0.43 0.43 0.43 0.43 0.43 0.79 0.60 0.60 0.60 0.09 0.43 0.43 0.43 0.43 0.60 0.60 0.08 0.08 0.08 0.08 0.08 0.07 0.07 0.07 0.07 0.08 0.07 0.07 0.07 0.07 0.07 0.07 0.04 0.05 0.05 0.00 0.00 0.00 0.05 0.05 0.00 0.00 0.00 0.00 0.00 0.00 0.00 0.00 0.00 0.00 0.00 0.00 0.00 0.00 0.00 0.00 0.00 0.00 0.00 0.00 0.00 0.00 0.00 0.00 0.00 0.00 0.00 0.00
0.62 0.62 0.62 0.91 0.62 0.62 0.62 0.62 0.11 0.00 0.19 0.19 0.48 0.42 0.42 0.42 0.43 0.43 0.43 0.43 0.43 0.43 0.43 0.43 0.43 0.09 0.09 0.43 0.43 0.43 0.43 0.43 0.08 0.08 0.08 0.08 0.07 0.07 0.07 0.07 0.07 0.07 0.07 0.07 0.07 0.07 0.07 0.07 0.04 0.04 0.04 0.05 0.00 0.05 0.04 0.04 0.04 0.05 0.00 0.00 0.00 0.00 0.00 0.00 0.00 0.00 0.00 0.00 0.00 0.00 0.00 0.00 0.00 0.00 0.00 0.00 0.00 0.00 0.00 0.00 0.00 0.00 0.00 0.00
0.62 0.62 0.62 0.62 0.62 0.62 0.62 0.11 0.11 0.00 0.00 0.19 0.42 0.58 0.42 0.42 0.43 0.43 0.43 0.43 0.43 0.43 0.43 0.43 0.60 0.43 0.09 0.09 0.09 0.43 0.43 0.43 0.08 0.08 0.08 0.08 0.07 0.07 0.07 0.07 0.07 0.07 0.07 0.07 0.07 0.07 0.07 0.07 0.04 0.04 0.04 0.04 0.05 0.05 0.04 0.04 0.04 0.04 0.00 0.04 0.00 0.00 0.00 0.00 0.00 0.00 0.00 0.00 0.00 0.00 0.00 0.00 0.00 0.00 0.00 0.00 0.00 0.00 0.00 0.00 0.00 0.00 0.00 0.00
0.62 0.62 0.62 0.62 0.62 0.62 0.62 0.11 0.19 0.19 0.19 0.19 0.42 0.42 0.42 0.42 0.43 0.43 0.43 0.43 0.43 0.43 0.43 0.43 0.60 0.60 0.60 0.10 0.10 0.09 0.43 0.43 0.08 0.08 0.08 0.08 0.07 0.07 0.07 0.07 0.07 0.07 0.00 0.07 0.07 0.07 0.07 0.07 0.04 0.04 0.04 0.05 0.04 0.04 0.04 0.04 0.04 0.04 0.04 0.04 0.04 0.00 0.00 0.00 0.00 0.00 0.00 0.00 0.00 0.00 0.00 0.00 0.00 0.00 0.00 0.00 0.00 0.00 0.00 0.00 0.00 0.00 0.00 0.00
0.62 0.62 0.62 0.62 0.62 0.62 0.62 0.62 0.42 0.42 0.42 0.42 0.43 0.43 0.24 0.43 0.43 0.43 0.43 0.43 0.43 0.43 0.43 0.43 0.43 0.43 0.09 0.18 0.51 0.43 0.43 0.43 0.08 0.08 0.08 0.08 0.07 0.07 0.07 0.07 0.07 0.00 0.00 0.07 0.07 0.07 0.07 0.07 0.04 0.04 0.04 0.04 0.04 0.04 0.04 0.04 0.04 0.04 0.04 0.00 0.02 0.00 0.00 0.00 0.00 0.00 0.00 0.00 0.00 0.00 0.00 0.00 0.00 0.00 0.00 0.00 0.00 0.00 0.00 0.00 0.00 0.00 0.00 0.00
0.62 0.62 0.62 0.62 0.62 0.62 0.62 0.62 0.42 0.42 0.42 0.42 0.43 0.43 0.43 0.43 0.43 0.43 0.43 0.43 0.43 0.43 0.43 0.43 0.43 0.60 0.60 0.43 0.60 0.43 0.23 0.60 0.08 0.08 0.00 0.08 0.07 0.07 0.07 0.07 0.07 0.07 0.07 0.07 0.07 0.07 0.07 0.07 0.04 0.04 0.04 0.04 0.04 0.04 0.04 0.04 0.04 0.04 0.05 0.02 0.00 0.00 0.00 0.00 0.00 0.00 0.00 0.00 0.00 0.00 0.00 0.00 0.00 0.00 0.00 0.00 0.00 0.00 0.00 0.00 0.00 0.00 0.00 0.00
