Model_calibration/Original_R2R_ratio_Model/output/SUM_of_RECHARGE.asc
NCOLS        350
NROWS        200
XLLCORNER     515000.000
YLLCORNER    8409000.000
CELLSIZE        100.000
NODATA_VALUE     -9999.    
[rows 56 to 83 of 200, columns 126 to 188 of 350]
-.9900E-19 -.9900E-19 -.9900E-19 -.9900E-19 -.9900E-19 -.9900E-19 -.9900E-19 -.9900E-19 -.9900E-19 -.9900E-19 -.9900E-19 -.9900E-19 -.9900E-19 -.9900E-19 -.9900E-19 -.9900E-19 -.9900E-19 -.9900E-19 -.9900E-19 -.9900E-19 -.9900E-19 -.9900E-19 -.9900E-19 -.9900E-19 -.9900E-19 -.9900E-19 -.9900E-19 -.9900E-19 -.9900E-19 -.9900E-19 -.9900E-19 -.9900E-19 -.9900E-19 -.9900E-19 -.9900E-19 -.9900E-19 -.9900E-19 63.25 75.50 -.9900E-19 -.9900E-19 -.9900E-19 -.9900E-19 65.66 83.11 84.83 84.17 85.81 87.40 88.95 90.91 92.21 94.67 155.5 96.75 97.34 96.91 97.27 96.97 97.01 157.7 96.62 95.76
-.9900E-19 -.9900E-19 -.9900E-19 -.9900E-19 -.9900E-19 -.9900E-19 -.9900E-19 -.9900E-19 -.9900E-19 -.9900E-19 -.9900E-19 -.9900E-19 -.9900E-19 -.9900E-19 -.9900E-19 -.9900E-19 -.9900E-19 -.9900E-19 -.9900E-19 -.9900E-19 -.9900E-19 -.9900E-19 -.9900E-19 -.9900E-19 -.9900E-19 -.9900E-19 -.9900E-19 -.9900E-19 -.9900E-19 -.9900E-19 -.9900E-19 -.9900E-19 -.9900E-19 -.9900E-19 68.14 69.83 72.37 123.1 77.18 -.9900E-19 -.9900E-19 -.9900E-19 74.67 86.00 84.64 142.6 142.0 87.20 88.78 208.4 92.17 93.37 95.71 96.57 97.56 98.05 97.53 97.87 97.58 97.66 158.6 97.24 96.26
-.9900E-19 -.9900E-19 -.9900E-19 -.9900E-19 -.9900E-19 -.9900E-19 -.9900E-19 -.9900E-19 -.9900E-19 -.9900E-19 -.9900E-19 -.9900E-19 -.9900E-19 -.9900E-19 -.9900E-19 -.9900E-19 -.9900E-19 -.9900E-19 -.9900E-19 -.9900E-19 -.9900E-19 -.9900E-19 -.9900E-19 -.9900E-19 -.9900E-19 -.9900E-19 -.9900E-19 -.9900E-19 -.9900E-19 -.9900E-19 -.9900E-19 -.9900E-19 -.9900E-19 -.9900E-19 69.83 71.52 73.36 124.7 77.51 79.22 80.56 82.29 80.76 82.45 81.94 140.3 84.83 86.36 88.57 89.98 91.83 92.88 94.48 95.21 95.44 95.79 95.58 95.91 95.61 95.74 94.93 94.81 93.33
-.9900E-19 -.9900E-19 -.9900E-19 -.9900E-19 -.9900E-19 -.9900E-19 -.9900E-19 -.9900E-19 -.9900E-19 -.9900E-19 -.9900E-19 -.9900E-19 -.9900E-19 -.9900E-19 -.9900E-19 -.9900E-19 -.9900E-19 -.9900E-19 -.9900E-19 -.9900E-19 -.9900E-19 -.9900E-19 -.9900E-19 -.9900E-19 -.9900E-19 -.9900E-19 -.9900E-19 -.9900E-19 -.9900E-19 -.9900E-19 -.9900E-19 -.9900E-19 -.9900E-19 -.9900E-19 .000 73.19 74.95 76.64 79.06 80.75 79.47 83.76 82.18 139.6 83.24 84.76 86.07 87.51 89.62 150.5 92.64 93.57 95.05 95.66 95.78 157.1 95.69 95.83 95.74 157.1 94.98 94.78 93.28
-.9900E-19 -.9900E-19 -.9900E-19 -.9900E-19 -.9900E-19 -.9900E-19 -.9900E-19 -.9900E-19 -.9900E-19 -.9900E-19 -.9900E-19 -.9900E-19 -.9900E-19 -.9900E-19 -.9900E-19 -.9900E-19 -.9900E-19 -.9900E-19 -.9900E-19 -.9900E-19 -.9900E-19 -.9900E-19 -.9900E-19 -.9900E-19 -.9900E-19 -.9900E-19 -.9900E-19 -.9900E-19 -.9900E-19 -.9900E-19 -.9900E-19 -.9900E-19 -.9900E-19 -.9900E-19 119.1 74.67 75.18 76.82 76.23 77.84 76.93 78.49 79.07 80.62 83.77 85.29 139.1 89.24 91.34 92.51 94.16 95.03 95.25 95.67 95.60 95.69 95.47 103.2 103.3 95.67 149.6 103.7 105.9
-.9900E-19 -.9900E-19 -.9900E-19 -.9900E-19 -.9900E-19 -.9900E-19 -.9900E-19 -.9900E-19 -.9900E-19 -.9900E-19 -.9900E-19 -.9900E-19 -.9900E-19 -.9900E-19 -.9900E-19 -.9900E-19 -.9900E-19 -.9900E-19 -.9900E-19 -.9900E-19 -.9900E-19 -.9900E-19 -.9900E-19 -.9900E-19 -.9900E-19 -.9900E-19 -.9900E-19 -.9900E-19 -.9900E-19 -.9900E-19 -.9900E-19 -.9900E-19 -.9900E-19 71.88 72.59 74.16 76.63 78.27 77.63 79.19 78.22 128.1 86.95 88.52 91.77 93.27 95.91 97.26 99.32 100.4 102.1 102.9 103.0 103.4 103.2 103.2 102.8 102.9 102.7 102.8 103.4 103.1 105.2
-.9900E-19 -.9900E-19 -.9900E-19 -.9900E-19 -.9900E-19 -.9900E-19 -.9900E-19 -.9900E-19 -.9900E-19 -.9900E-19 -.9900E-19 -.9900E-19 -.9900E-19 -.9900E-19 -.9900E-19 -.9900E-19 -.9900E-19 -.9900E-19 -.9900E-19 -.9900E-19 -.9900E-19 -.9900E-19 -.9900E-19 -.9900E-19 -.9900E-19 -.9900E-19 -.9900E-19 -.9900E-19 -.9900E-19 -.9900E-19 -.9900E-19 69.77 70.81 72.37 72.38 73.92 72.30 75.75 74.65 76.10 80.10 88.25 93.61 95.22 98.09 99.57 101.2 102.5 104.2 105.3 106.3 107.0 106.9 107.2 106.5 106.3 106.1 106.0 106.4 106.4 107.0 106.7 108.5
-.9900E-19 -.9900E-19 -.9900E-19 -.9900E-19 -.9900E-19 -.9900E-19 -.9900E-19 -.9900E-19 -.9900E-19 -.9900E-19 -.9900E-19 -.9900E-19 -.9900E-19 -.9900E-19 -.9900E-19 -.9900E-19 -.9900E-19 -.9900E-19 -.9900E-19 -.9900E-19 -.9900E-19 -.9900E-19 -.9900E-19 -.9900E-19 -.9900E-19 -.9900E-19 -.9900E-19 -.9900E-19 -.9900E-19 -.9900E-19 113.8 71.32 72.28 120.3 73.80 75.28 73.61 75.10 75.91 83.88 87.95 89.50 94.84 96.38 99.20 100.6 102.1 103.3 105.0 105.9 106.8 107.4 107.2 107.4 106.5 106.2 105.9 105.6 105.8 105.7 106.2 105.7 107.3
-.9900E-19 -.9900E-19 -.9900E-19 -.9900E-19 -.9900E-19 -.9900E-19 -.9900E-19 -.9900E-19 -.9900E-19 -.9900E-19 -.9900E-19 -.9900E-19 -.9900E-19 -.9900E-19 -.9900E-19 -.9900E-19 -.9900E-19 -.9900E-19 -.9900E-19 -.9900E-19 -.9900E-19 -.9900E-19 -.9900E-19 -.9900E-19 -.9900E-19 -.9900E-19 -.9900E-19 -.9900E-19 -.9900E-19 53.47 70.77 72.31 72.43 73.92 72.61 74.04 72.59 73.99 87.22 88.73 95.50 97.11 100.8 95.90 103.1 104.5 105.6 97.80 102.1 100.1 109.3 109.7 109.2 109.2 108.5 108.0 107.6 107.2 107.4 106.8 107.0 107.0 109.7
-.9900E-19 -.9900E-19 -.9900E-19 -.9900E-19 -.9900E-19 -.9900E-19 -.9900E-19 -.9900E-19 -.9900E-19 -.9900E-19 -.9900E-19 -.9900E-19 -.9900E-19 -.9900E-19 -.9900E-19 -.9900E-19 -.9900E-19 -.9900E-19 -.9900E-19 -.9900E-19 -.9900E-19 -.9900E-19 -.9900E-19 -.9900E-19 -.9900E-19 -.9900E-19 -.9900E-19 -.9900E-19 -.9900E-19 116.3 72.24 73.77 120.2 75.30 121.5 75.35 73.82 80.97 85.58 90.02 98.80 101.0 100.2 99.22 105.5 103.6 105.2 111.4 113.2 105.0 111.3 111.6 111.6 111.5 110.0 108.0 127.4 100.1 108.0 107.3 99.73 103.9 117.1
-.9900E-19 -.9900E-19 -.9900E-19 -.9900E-19 -.9900E-19 -.9900E-19 -.9900E-19 -.9900E-19 -.9900E-19 -.9900E-19 -.9900E-19 -.9900E-19 -.9900E-19 -.9900E-19 -.9900E-19 -.9900E-19 -.9900E-19 -.9900E-19 -.9900E-19 -.9900E-19 -.9900E-19 -.9900E-19 -.9900E-19 -.9900E-19 -.9900E-19 -.9900E-19 -.9900E-19 -.9900E-19 -.9900E-19 73.31 73.79 75.31 74.71 76.13 73.74 118.3 76.53 83.77 90.94 85.64 118.0 120.4 115.8 37.26 126.5 119.7 121.7 62.80 128.5 124.7 121.9 57.90 123.6 122.0 123.4 126.6 119.5 124.6 118.7 55.46 52.27 53.23 52.18
-.9900E-19 -.9900E-19 -.9900E-19 -.9900E-19 -.9900E-19 -.9900E-19 -.9900E-19 -.9900E-19 -.9900E-19 -.9900E-19 -.9900E-19 -.9900E-19 -.9900E-19 -.9900E-19 -.9900E-19 -.9900E-19 -.9900E-19 -.9900E-19 -.9900E-19 -.9900E-19 -.9900E-19 -.9900E-19 -.9900E-19 -.9900E-19 -.9900E-19 -.9900E-19 -.9900E-19 71.55 73.32 74.86 75.31 123.5 76.12 77.52 75.08 76.46 83.78 85.17 92.38 94.42 93.02 98.14 114.6 120.8 118.9 117.7 117.0 118.2 -.9900E-19 -.9900E-19 -.9900E-19 -.9900E-19 -.9900E-19 -.9900E-19 -.9900E-19 53.47 55.74 57.35 56.28 53.89 28.67 29.36 28.91
-.9900E-19 -.9900E-19 -.9900E-19 -.9900E-19 -.9900E-19 -.9900E-19 -.9900E-19 -.9900E-19 -.9900E-19 -.9900E-19 -.9900E-19 -.9900E-19 -.9900E-19 -.9900E-19 -.9900E-19 -.9900E-19 -.9900E-19 -.9900E-19 -.9900E-19 -.9900E-19 -.9900E-19 -.9900E-19 -.9900E-19 -.9900E-19 -.9900E-19 114.2 71.60 73.20 74.50 76.04 76.59 78.03 76.84 126.6 75.92 77.30 131.6 88.85 96.45 98.45 95.42 113.5 114.3 54.35 118.5 96.31 94.94 118.9 -.9900E-19 -.9900E-19 -.9900E-19 -.9900E-19 -.9900E-19 -.9900E-19 -.9900E-19 -.9900E-19 -.9900E-19 -.9900E-19 -.9900E-19 -.9900E-19 -.9900E-19 -.9900E-19 -.9900E-19
-.9900E-19 -.9900E-19 -.9900E-19 -.9900E-19 -.9900E-19 -.9900E-19 -.9900E-19 -.9900E-19 -.9900E-19 -.9900E-19 -.9900E-19 -.9900E-19 -.9900E-19 -.9900E-19 -.9900E-19 -.9900E-19 -.9900E-19 -.9900E-19 -.9900E-19 -.9900E-19 -.9900E-19 -.9900E-19 -.9900E-19 -.9900E-19 70.00 71.62 73.24 74.83 76.11 77.64 78.18 127.4 78.41 79.83 77.48 78.88 89.19 90.59 98.26 101.6 114.7 123.2 117.0 124.3 57.95 49.06 28.95 54.32 -.9900E-19 -.9900E-19 -.9900E-19 -.9900E-19 -.9900E-19 -.9900E-19 -.9900E-19 -.9900E-19 -.9900E-19 -.9900E-19 -.9900E-19 -.9900E-19 -.9900E-19 -.9900E-19 -.9900E-19
-.9900E-19 -.9900E-19 -.9900E-19 -.9900E-19 -.9900E-19 -.9900E-19 -.9900E-19 -.9900E-19 -.9900E-19 -.9900E-19 -.9900E-19 -.9900E-19 -.9900E-19 -.9900E-19 -.9900E-19 -.9900E-19 -.9900E-19 -.9900E-19 -.9900E-19 -.9900E-19 -.9900E-19 -.9900E-19 -.9900E-19 -.9900E-19 71.49 73.13 74.13 75.70 77.29 78.82 78.78 80.25 127.2 130.0 79.37 80.77 93.99 95.39 101.7 104.3 118.0 64.21 121.2 57.52 129.5 57.96 57.83 57.39 54.89 131.8 55.72 -.9900E-19 -.9900E-19 -.9900E-19 -.9900E-19 -.9900E-19 -.9900E-19 -.9900E-19 -.9900E-19 -.9900E-19 -.9900E-19 -.9900E-19 -.9900E-19
-.9900E-19 -.9900E-19 -.9900E-19 -.9900E-19 -.9900E-19 -.9900E-19 -.9900E-19 -.9900E-19 -.9900E-19 -.9900E-19 -.9900E-19 -.9900E-19 -.9900E-19 -.9900E-19 -.9900E-19 -.9900E-19 -.9900E-19 -.9900E-19 -.9900E-19 -.9900E-19 -.9900E-19 -.9900E-19 -.9900E-19 71.88 118.1 74.83 75.87 77.42 126.4 80.53 128.9 82.04 79.90 81.38 81.16 88.86 95.90 97.33 103.6 97.68 118.7 122.6 125.1 170.7 183.7 114.4 114.7 134.6 123.9 124.5 123.9 122.6 122.5 -.9900E-19 -.9900E-19 -.9900E-19 -.9900E-19 -.9900E-19 -.9900E-19 -.9900E-19 -.9900E-19 -.9900E-19 -.9900E-19
-.9900E-19 -.9900E-19 -.9900E-19 -.9900E-19 -.9900E-19 -.9900E-19 -.9900E-19 -.9900E-19 -.9900E-19 -.9900E-19 -.9900E-19 -.9900E-19 -.9900E-19 -.9900E-19 -.9900E-19 -.9900E-19 -.9900E-19 -.9900E-19 -.9900E-19 -.9900E-19 -.9900E-19 -.9900E-19 -.9900E-19 68.33 74.61 76.24 77.12 78.70 127.3 80.78 79.43 181.6 80.05 81.50 92.92 94.42 101.2 102.6 106.4 110.2 118.7 55.43 150.7 103.0 106.8 115.1 114.5 114.5 108.7 131.8 101.9 107.0 107.3 107.4 121.5 53.37 -.9900E-19 -.9900E-19 -.9900E-19 -.9900E-19 -.9900E-19 -.9900E-19 -.9900E-19
-.9900E-19 -.9900E-19 -.9900E-19 -.9900E-19 -.9900E-19 -.9900E-19 -.9900E-19 -.9900E-19 -.9900E-19 -.9900E-19 -.9900E-19 -.9900E-19 -.9900E-19 -.9900E-19 -.9900E-19 -.9900E-19 -.9900E-19 -.9900E-19 -.9900E-19 -.9900E-19 -.9900E-19 -.9900E-19 -.9900E-19 121.1 71.06 78.11 78.97 80.53 81.11 82.68 81.31 82.83 81.90 89.75 94.97 96.44 103.3 104.6 108.3 112.8 58.34 55.37 157.3 109.0 103.5 116.7 115.8 115.6 132.5 109.2 108.7 112.8 110.3 107.2 128.3 124.6 52.80 51.47 -.9900E-19 -.9900E-19 -.9900E-19 49.30 25.06
-.9900E-19 -.9900E-19 -.9900E-19 -.9900E-19 -.9900E-19 -.9900E-19 -.9900E-19 -.9900E-19 -.9900E-19 -.9900E-19 -.9900E-19 -.9900E-19 -.9900E-19 -.9900E-19 -.9900E-19 -.9900E-19 -.9900E-19 -.9900E-19 -.9900E-19 -.9900E-19 -.9900E-19 -.9900E-19 -.9900E-19 71.95 72.00 79.21 79.77 130.2 80.81 82.34 81.89 83.43 93.79 95.36 102.1 103.5 107.4 109.3 96.85 127.4 55.59 122.9 166.0 216.5 163.9 168.4 117.2 116.7 115.4 170.0 167.0 111.2 109.9 108.6 109.9 132.1 123.4 52.83 51.43 -.9900E-19 49.27 66.70 49.69
-.9900E-19 -.9900E-19 -.9900E-19 -.9900E-19 -.9900E-19 -.9900E-19 -.9900E-19 -.9900E-19 -.9900E-19 -.9900E-19 -.9900E-19 -.9900E-19 -.9900E-19 -.9900E-19 -.9900E-19 -.9900E-19 -.9900E-19 -.9900E-19 -.9900E-19 -.9900E-19 -.9900E-19 -.9900E-19 -.9900E-19 73.79 127.5 75.43 81.76 83.34 82.77 84.32 83.86 91.85 95.91 97.47 104.2 105.7 109.5 100.5 121.7 123.6 99.21 174.1 104.3 118.0 114.5 114.6 118.4 117.8 171.9 171.2 168.3 112.0 110.7 109.2 110.4 124.1 57.64 56.90 51.46 109.4 51.19 117.1 116.4
-.9900E-19 -.9900E-19 -.9900E-19 -.9900E-19 -.9900E-19 -.9900E-19 -.9900E-19 -.9900E-19 -.9900E-19 -.9900E-19 -.9900E-19 -.9900E-19 -.9900E-19 -.9900E-19 -.9900E-19 -.9900E-19 -.9900E-19 -.9900E-19 -.9900E-19 -.9900E-19 -.9900E-19 -.9900E-19 -.9900E-19 75.00 74.94 76.53 82.65 84.23 84.65 86.22 81.96 83.39 100.9 102.5 107.4 108.8 102.0 101.8 127.1 124.2 125.2 103.4 105.7 119.6 109.8 108.4 108.0 119.7 115.7 115.0 112.9 111.9 113.8 112.2 135.9 51.61 55.14 55.02 52.86 112.2 112.7 99.22 114.5
-.9900E-19 -.9900E-19 -.9900E-19 -.9900E-19 -.9900E-19 -.9900E-19 -.9900E-19 -.9900E-19 -.9900E-19 -.9900E-19 -.9900E-19 -.9900E-19 -.9900E-19 -.9900E-19 -.9900E-19 -.9900E-19 -.9900E-19 -.9900E-19 -.9900E-19 -.9900E-19 -.9900E-19 -.9900E-19 75.26 76.91 76.82 78.44 78.54 80.04 80.35 81.80 83.88 85.28 103.1 104.6 109.5 110.9 105.7 107.8 131.6 134.5 119.1 164.2 110.6 111.6 113.6 118.4 116.3 115.7 116.8 116.2 114.0 112.9 114.8 113.1 136.7 135.2 119.0 116.2 114.1 114.4 123.4 93.53 110.0
-.9900E-19 -.9900E-19 -.9900E-19 -.9900E-19 -.9900E-19 -.9900E-19 -.9900E-19 -.9900E-19 -.9900E-19 -.9900E-19 -.9900E-19 -.9900E-19 -.9900E-19 -.9900E-19 -.9900E-19 -.9900E-19 -.9900E-19 -.9900E-19 -.9900E-19 -.9900E-19 -.9900E-19 -.9900E-19 76.72 78.38 79.73 81.36 82.62 84.19 85.29 86.74 88.12 89.51 105.4 106.8 111.4 112.6 119.9 129.9 171.7 119.0 108.5 119.6 110.7 110.7 119.4 119.2 117.2 116.5 112.2 116.6 115.3 114.2 115.6 136.7 112.8 111.2 103.7 118.1 114.5 94.21 97.94 93.09 109.8
-.9900E-19 -.9900E-19 -.9900E-19 -.9900E-19 -.9900E-19 -.9900E-19 -.9900E-19 -.9900E-19 -.9900E-19 -.9900E-19 -.9900E-19 -.9900E-19 -.9900E-19 79.03 -.9900E-19 -.9900E-19 -.9900E-19 -.9900E-19 -.9900E-19 -.9900E-19 -.9900E-19 -.9900E-19 78.73 80.39 81.74 83.39 84.64 86.21 87.27 88.69 90.03 154.1 93.16 108.8 113.4 105.8 133.4 129.7 105.8 120.5 119.7 120.2 120.0 120.5 120.4 112.1 118.2 117.5 113.2 117.6 116.3 115.1 116.5 139.5 115.6 113.3 111.5 126.5 105.0 102.2 96.23 93.29 91.83
-.9900E-19 -.9900E-19 -.9900E-19 -.9900E-19 -.9900E-19 -.9900E-19 -.9900E-19 -.9900E-19 -.9900E-19 -.9900E-19 -.9900E-19 -.9900E-19 80.26 81.69 67.19 -.9900E-19 -.9900E-19 -.9900E-19 -.9900E-19 -.9900E-19 -.9900E-19 -.9900E-19 -.9900E-19 -.9900E-19 87.16 89.50 89.59 91.16 92.16 93.59 93.60 94.88 94.96 96.01 114.4 107.8 131.9 128.2 114.1 121.6 120.0 120.4 172.8 120.3 120.6 112.9 118.5 117.9 113.3 112.5 118.2 117.0 140.1 174.7 168.7 111.7 109.1 106.3 102.4 99.51 97.00 93.93 106.9
-.9900E-19 -.9900E-19 -.9900E-19 -.9900E-19 -.9900E-19 -.9900E-19 -.9900E-19 -.9900E-19 -.9900E-19 -.9900E-19 -.9900E-19 -.9900E-19 82.54 83.96 69.14 70.47 -.9900E-19 -.9900E-19 -.9900E-19 -.9900E-19 -.9900E-19 -.9900E-19 -.9900E-19 -.9900E-19 -.9900E-19 115.7 94.27 93.83 94.14 95.51 95.47 96.69 96.64 97.61 133.6 112.0 112.6 137.2 108.4 176.1 121.2 121.4 122.7 123.6 121.1 121.0 172.6 118.6 114.1 113.2 118.9 177.7 115.3 113.7 114.8 112.5 109.9 162.2 103.0 100.1 97.39 94.13 92.27
-.9900E-19 -.9900E-19 -.9900E-19 -.9900E-19 -.9900E-19 -.9900E-19 -.9900E-19 -.9900E-19 -.9900E-19 -.9900E-19 83.36 84.69 83.65 85.08 69.62 70.96 67.48 75.56 79.33 -.9900E-19 -.9900E-19 -.9900E-19 -.9900E-19 -.9900E-19 -.9900E-19 55.62 93.89 93.04 99.81 99.85 99.18 100.3 98.51 150.6 139.5 134.7 136.4 135.4 126.8 123.7 122.3 122.4 121.6 121.5 118.6 118.5 115.6 115.1 112.8 111.9 117.6 116.5 116.6 115.1 113.0 110.9 108.0 105.3 102.6 99.61 96.88 94.75 90.94
-.9900E-19 -.9900E-19 -.9900E-19 -.9900E-19 -.9900E-19 -.9900E-19 -.9900E-19 -.9900E-19 84.29 85.54 85.75 87.08 86.02 71.18 71.62 72.99 76.19 77.66 81.48 132.1 78.02 -.9900E-19 -.9900E-19 -.9900E-19 -.9900E-19 60.54 70.37 177.3 218.8 101.6 100.8 101.9 100.0 100.8 118.4 119.0 113.6 120.4 124.6 124.1 123.2 123.2 120.8 120.7 118.9 118.7 169.4 115.4 109.5 116.3 118.0 116.9 116.9 115.5 113.6 111.6 108.6 106.0 103.2 100.1 97.20 93.72 89.85
