New_Model_Runs/2_scn1_noclimate_out/post_prcessed_with_MFR/Monthly_summaries/actual_et_monthly_DEC.asc
NCOLS 700
NROWS 400
XLLCENTER 515000.000000
YLLCENTER 8409000.000000
CELLSIZE 50.000000
NODATA_value -999.000000
[rows 304 to 341 of 400, columns 168 to 251 of 700]
5.18 5.00 5.18 5.00 5.00 5.00 5.18 5.00 4.99 4.36 4.36 5.17 4.35 4.35 4.57 4.57 4.57 4.57 5.39 5.44 5.39 4.25 4.25 4.57 4.57 4.57 4.57 5.39 5.39 4.25 4.25 4.57 4.57 4.57 4.57 4.57 4.57 5.44 5.39 5.39 5.39 4.25 4.25 5.44 5.44 5.38 5.38 5.38 5.43 5.43 5.43 5.43 5.43 4.24 5.43 5.43 5.38 5.43 5.43 5.43 5.44 4.57 4.57 4.58 4.58 4.59 4.59 4.60 4.61 5.44 5.51 5.46 5.53 5.54 5.55 5.51 3.75 5.48 5.42 4.63 4.64 4.66 5.47 4.38
5.19 5.01 5.01 5.19 5.01 5.01 5.19 5.01 5.00 4.37 4.37 5.18 5.18 4.58 4.58 4.58 4.58 5.40 5.40 5.46 4.26 4.26 4.58 4.58 4.58 5.40 5.46 5.46 5.40 4.27 4.27 4.27 4.27 1.41 4.58 4.58 4.58 5.40 5.45 4.26 4.26 4.26 4.26 4.58 5.45 5.45 5.45 5.44 3.67 5.44 5.44 5.44 5.44 4.25 5.44 5.44 5.39 5.44 5.45 5.45 5.40 5.46 4.59 4.59 4.60 4.60 4.61 4.30 4.62 5.46 5.52 4.65 4.66 5.56 4.68 4.69 3.75 5.49 4.63 4.35 5.54 5.48 4.39 5.50
5.20 5.20 5.02 5.20 5.20 4.38 3.38 3.38 5.20 4.38 4.37 4.18 4.18 4.60 4.60 4.60 4.28 5.42 5.47 5.42 4.59 4.28 4.28 4.59 4.59 4.60 5.47 5.42 5.47 5.42 5.42 4.28 1.41 1.41 1.41 1.41 4.27 4.27 4.27 4.27 4.27 4.27 4.27 5.46 4.59 5.41 5.46 5.46 5.46 5.46 5.45 5.45 5.40 3.68 5.45 5.46 3.68 5.46 5.46 3.68 3.69 5.47 5.48 4.60 5.43 4.62 5.45 5.46 3.71 5.53 5.54 5.55 4.67 4.68 4.69 5.60 5.61 4.64 4.65 4.66 4.38 5.57 5.51 5.52
5.02 5.02 5.21 3.38 5.21 5.21 5.21 3.38 5.21 5.02 4.38 4.38 4.38 4.61 4.61 5.43 4.29 4.29 4.61 4.61 4.61 4.29 4.61 4.29 4.29 5.48 5.48 5.48 5.48 5.48 4.29 4.29 4.29 4.29 1.41 1.41 5.43 1.41 5.43 4.28 4.28 5.42 4.60 4.60 4.60 4.60 4.59 5.47 5.47 4.27 5.47 5.47 5.47 5.47 3.69 5.47 3.69 5.42 5.48 4.28 5.48 5.49 5.44 5.44 5.50 5.51 5.52 5.47 5.48 5.49 4.67 5.57 5.58 5.54 5.61 5.62 5.63 4.74 5.47 5.55 5.57 5.58 5.60 4.72
4.21 5.22 5.22 5.22 5.22 4.21 5.04 3.39 3.39 5.22 5.03 5.03 4.39 5.44 5.44 4.30 4.62 4.30 4.30 4.62 4.62 4.62 4.62 4.62 4.62 5.50 4.62 4.30 4.30 4.30 4.30 4.30 4.62 4.62 4.61 5.49 4.30 1.42 5.44 5.44 5.44 5.43 5.43 4.29 4.29 4.61 4.61 4.60 5.48 4.60 5.48 5.48 3.69 3.69 5.48 5.48 5.49 4.61 4.61 4.61 5.44 4.62 4.63 4.63 5.52 4.64 4.65 4.34 4.67 4.67 4.68 4.60 5.54 4.71 4.72 5.64 5.65 5.66 5.56 5.57 5.51 5.60 4.73 4.74
4.41 5.23 5.04 5.23 4.22 5.23 5.04 5.23 3.39 5.23 5.22 4.40 4.40 4.63 4.63 5.46 4.63 4.31 4.31 4.63 5.46 4.63 4.63 5.46 4.63 5.51 5.51 5.46 4.31 4.31 4.31 4.31 4.63 4.63 4.63 4.62 4.62 1.42 4.30 5.45 4.30 4.62 4.30 4.62 4.30 4.62 4.62 4.62 4.62 4.61 4.61 5.44 3.70 4.30 5.50 4.62 4.62 4.62 4.62 4.63 4.63 4.64 4.64 4.56 5.42 4.28 4.35 4.35 4.68 4.30 4.31 4.62 5.42 4.73 4.74 4.75 4.76 5.48 5.50 5.51 5.60 5.61 5.63 5.57
5.05 5.24 5.05 5.24 5.24 4.22 4.41 5.24 5.24 5.24 5.23 5.23 4.64 4.64 5.53 4.64 4.32 4.32 4.32 4.64 4.64 4.64 5.52 5.52 4.64 5.52 5.52 5.52 4.64 4.32 4.32 4.32 4.64 4.64 4.64 4.64 4.63 5.46 5.46 4.31 4.31 4.31 4.31 4.31 4.31 4.63 4.63 4.63 5.51 4.63 4.63 4.63 5.51 4.31 4.31 4.31 4.31 4.31 4.32 4.32 4.64 4.33 4.56 5.36 5.44 5.37 4.59 4.59 4.60 4.32 4.62 4.63 4.64 4.65 4.36 4.44 5.56 4.39 4.40 4.42 4.73 5.55 4.45 4.46
5.25 5.06 4.42 5.06 5.25 5.25 5.06 5.06 5.24 3.40 3.40 5.24 5.54 4.65 4.65 4.65 4.65 4.33 4.33 4.65 4.33 5.54 5.54 5.54 4.33 4.33 5.54 4.33 4.65 4.33 4.33 4.33 4.65 4.65 4.33 4.33 4.33 4.64 1.43 4.32 1.43 1.43 4.32 4.32 4.64 4.64 4.64 4.64 4.64 4.64 4.64 4.64 4.32 4.32 4.32 4.32 4.32 4.33 4.33 4.76 5.63 4.28 4.28 4.58 4.59 4.59 4.60 4.61 4.32 4.33 4.63 4.35 4.36 4.37 4.38 4.39 4.69 4.41 4.42 4.43 4.74 4.45 4.76 4.47
4.43 5.25 4.43 5.25 3.41 5.25 5.07 5.07 5.07 5.25 3.41 5.25 5.55 5.55 4.35 4.66 4.35 4.66 4.66 4.66 4.34 5.55 5.55 5.55 4.66 4.34 4.66 4.34 4.34 4.66 4.34 4.34 4.66 4.34 1.43 1.43 1.43 1.43 4.34 4.33 4.33 2.10 1.43 4.33 4.65 4.65 4.65 4.65 4.65 4.65 4.65 4.65 4.33 4.33 1.43 4.33 4.34 4.34 4.35 4.77 4.78 4.36 5.66 5.67 4.31 4.31 4.32 4.33 4.33 4.34 4.35 4.36 4.37 4.38 4.39 4.40 4.41 4.42 4.73 4.74 5.57 5.58 4.78 4.79
4.44 4.44 5.26 5.26 5.26 5.26 5.26 5.26 5.26 5.26 5.26 5.26 5.51 4.68 4.68 4.68 4.68 4.68 4.68 4.36 4.36 5.51 4.35 4.67 5.51 5.56 4.67 4.67 4.67 4.67 4.67 4.67 4.67 4.35 1.44 1.44 1.44 1.44 4.35 4.66 4.66 4.66 4.66 4.66 4.66 4.66 4.66 4.66 4.66 4.66 4.66 4.66 4.66 4.34 4.34 4.35 4.78 4.36 4.36 4.36 4.37 4.37 5.68 5.68 5.69 5.70 1.45 1.46 4.35 4.35 4.36 4.37 4.38 4.69 4.70 4.41 4.42 4.43 4.74 4.75 5.58 5.67 4.79 4.80
5.27 5.27 5.08 5.27 4.45 4.26 4.26 4.26 4.26 5.27 4.26 4.26 5.58 5.58 4.69 4.69 4.69 5.52 5.52 4.69 4.69 5.58 5.52 4.68 4.68 4.36 4.68 4.68 4.68 4.68 4.68 4.68 4.68 4.36 4.36 4.68 4.68 4.68 4.68 4.36 4.35 4.35 4.67 4.67 4.67 4.67 4.67 4.67 4.67 4.67 4.67 4.67 4.67 4.67 4.36 4.36 4.37 4.37 1.44 5.67 5.68 5.69 5.69 5.70 5.71 5.72 1.46 5.74 4.44 1.47 4.37 4.38 4.39 4.70 4.71 4.72 4.43 4.44 4.45 4.46 4.78 4.79 4.50 4.81
5.09 5.28 5.28 4.27 4.45 4.45 4.45 4.27 5.28 5.28 4.27 4.38 5.59 5.59 4.70 4.38 4.38 5.59 5.53 5.59 5.59 5.59 5.59 4.70 5.53 4.69 4.69 4.69 4.69 4.69 4.69 4.69 4.69 4.69 4.69 4.69 4.69 4.69 4.69 4.69 4.68 4.68 4.68 4.68 4.68 4.68 4.68 4.68 4.68 5.57 4.68 4.68 4.68 4.68 4.37 1.44 4.38 4.38 1.45 1.45 1.45 1.45 1.45 1.45 1.46 1.46 4.63 5.76 5.77 4.46 4.47 4.48 5.82 4.50 4.94 5.55 5.56 4.45 4.46 4.47 4.79 4.49 4.51 4.82
5.29 5.29 4.28 5.29 5.29 4.46 4.46 5.10 5.29 5.29 5.29 5.55 5.61 5.61 5.55 4.39 5.55 4.71 5.60 5.55 3.75 5.60 4.71 5.55 5.54 4.71 4.71 4.70 4.70 4.70 4.70 4.70 4.70 4.70 4.38 4.70 4.70 4.70 4.70 4.70 4.70 4.69 4.69 4.69 4.69 4.69 4.69 4.69 5.58 5.58 5.59 4.69 4.69 4.38 4.38 1.45 4.70 4.39 4.40 1.45 1.45 1.45 1.46 1.46 1.46 1.46 1.47 1.47 1.47 5.80 5.81 5.82 4.50 4.51 4.95 4.54 5.65 5.66 4.78 4.79 4.80 4.81 4.82 4.83
5.29 4.28 5.10 5.10 5.30 4.28 4.47 5.11 5.30 5.30 5.30 5.62 5.62 5.62 4.72 5.62 5.62 5.62 5.56 5.62 5.62 4.72 4.40 4.40 5.56 4.72 4.72 4.72 4.71 4.71 4.71 4.71 4.71 4.39 4.39 4.39 4.71 4.71 4.71 4.39 4.39 4.39 4.70 4.70 4.70 4.70 4.70 4.70 5.60 5.54 5.60 4.70 4.39 4.39 1.45 1.45 4.83 4.83 2.13 1.46 1.46 1.46 1.46 1.46 1.47 1.47 1.47 1.47 1.48 1.48 4.69 5.84 5.85 5.87 4.54 4.55 5.66 5.67 4.79 4.80 4.81 4.82 5.74 4.84
4.29 5.30 5.11 5.30 4.29 4.48 5.31 5.11 4.48 5.31 5.11 3.76 5.57 5.57 5.63 5.57 5.63 4.73 4.41 5.63 4.73 4.73 4.73 4.73 4.73 4.73 4.73 4.73 4.73 4.72 4.72 4.72 4.72 4.72 1.45 1.45 1.45 1.45 4.40 4.40 4.40 4.40 4.39 4.71 4.71 4.71 4.60 4.39 4.71 4.71 5.61 4.40 4.40 4.72 4.72 4.41 4.42 1.46 1.46 1.46 1.46 1.46 1.47 1.47 1.47 1.47 1.47 1.48 1.48 1.48 1.49 1.49 5.86 4.54 1.50 4.99 4.78 4.79 4.80 4.81 4.82 4.83 4.84 4.55
5.31 5.31 3.44 5.12 5.31 5.31 5.31 5.31 4.48 4.48 4.48 4.74 5.58 5.58 5.64 5.58 5.58 4.42 3.77 5.64 5.64 5.64 4.74 4.74 4.74 4.74 4.42 4.42 4.42 4.73 4.73 4.73 4.73 1.46 1.46 4.73 1.46 1.46 4.41 4.41 4.41 4.41 4.41 1.46 1.46 1.45 4.61 4.61 4.72 4.72 5.62 4.41 4.73 4.73 4.85 4.42 1.46 1.46 1.46 1.46 1.47 1.47 4.88 4.89 1.47 1.48 1.48 1.48 1.48 1.49 1.49 2.19 1.50 4.55 1.50 4.57 4.48 4.80 4.50 4.82 4.83 4.84 4.85 4.55
5.32 5.32 5.12 5.32 5.13 5.32 5.13 4.31 4.49 4.49 4.75 4.75 5.60 4.43 5.60 5.60 4.43 5.65 3.68 5.65 5.59 5.65 4.75 4.75 4.75 4.43 4.43 4.43 4.75 4.74 4.74 4.74 4.74 4.42 4.74 4.74 4.74 4.42 4.74 4.74 4.74 4.74 4.74 1.46 2.14 4.62 5.63 5.63 5.63 5.64 5.58 5.58 4.42 4.42 4.43 1.46 1.46 1.46 1.47 1.47 1.47 1.47 4.90 4.78 1.48 1.48 1.48 1.49 1.49 1.49 1.49 1.50 1.50 1.50 4.57 4.48 4.49 4.81 4.51 4.83 4.84 4.85 4.86 4.56
5.32 3.45 5.32 4.50 4.50 4.50 4.50 4.50 4.50 4.50 5.61 4.76 5.61 4.44 5.61 5.61 5.61 5.66 5.66 5.66 4.44 4.44 4.44 4.76 4.44 4.44 4.44 4.76 4.76 4.75 4.43 4.43 4.43 4.43 4.75 4.75 4.75 4.75 4.43 4.75 4.75 4.75 4.75 5.59 5.59 5.59 5.59 5.59 5.65 5.65 1.46 1.46 1.46 1.46 1.47 1.47 2.15 1.47 1.47 1.47 1.47 2.16 4.79 4.80 4.80 1.48 1.49 1.49 1.49 1.50 1.50 1.50 1.50 4.57 4.79 4.80 4.81 4.82 4.83 4.53 4.85 4.86 4.56 4.88
5.13 5.33 5.33 4.50 5.33 5.14 3.45 5.34 5.34 4.51 4.77 4.77 4.45 3.79 5.68 5.62 5.68 4.45 5.62 5.62 4.45 4.77 4.77 4.77 4.77 4.45 4.77 4.77 4.77 4.76 4.76 4.76 4.44 4.76 4.76 4.76 4.76 4.44 4.44 4.76 4.44 4.44 4.44 4.43 5.60 5.60 5.60 4.64 4.64 5.66 5.66 4.65 5.61 1.47 1.47 1.47 1.47 1.47 1.47 1.48 1.48 1.48 1.48 4.81 4.81 4.50 1.49 1.49 1.50 1.50 1.50 1.51 1.51 4.59 4.49 4.50 4.82 4.83 4.84 5.75 4.55 4.56 4.57 4.58
5.34 5.34 4.51 4.51 3.46 5.34 5.34 4.33 4.51 4.51 4.78 4.78 4.78 5.69 5.69 5.69 5.63 4.46 5.69 1.47 5.63 4.78 4.78 4.78 4.78 4.78 4.78 4.45 4.77 4.45 4.77 4.45 4.45 4.77 4.77 4.77 4.45 4.45 4.45 4.45 4.45 4.77 4.77 4.77 4.77 4.77 4.65 4.65 4.65 4.65 5.67 5.62 5.62 1.47 1.47 1.47 1.48 1.48 1.48 1.48 1.48 4.93 4.81 4.82 4.82 4.83 1.49 4.54 4.55 4.99 1.51 1.51 1.51 4.49 4.50 4.51 4.83 4.84 5.75 4.55 4.56 4.57 1.55 1.55
5.34 3.46 4.33 4.51 4.51 4.52 4.52 4.52 5.35 5.16 4.79 4.79 4.79 5.64 5.64 5.70 5.64 5.70 5.70 5.64 5.70 4.79 4.79 4.79 4.79 4.46 4.79 4.78 4.46 4.46 4.46 1.48 1.47 1.47 4.78 4.78 4.46 4.46 4.78 4.78 4.78 4.78 4.78 4.78 4.78 4.78 4.78 4.78 4.78 4.46 4.78 5.69 5.63 1.48 1.48 1.48 1.48 1.48 1.48 1.48 1.49 1.49 4.50 4.51 4.84 4.84 4.85 4.86 4.99 5.00 1.51 1.51 1.52 4.50 4.51 4.83 4.83 4.84 5.69 4.86 4.87 4.57 4.58 4.59
5.12 5.35 5.35 4.34 4.34 4.52 4.52 5.16 5.36 5.65 4.80 4.80 4.80 5.71 5.71 5.71 5.65 5.65 5.65 5.65 5.65 5.65 4.80 4.80 4.80 4.79 4.79 4.79 4.79 4.79 4.47 1.48 1.48 4.79 4.79 4.47 4.79 4.79 4.79 4.79 4.79 4.79 1.48 4.79 1.48 1.48 4.79 4.79 4.79 4.79 4.79 5.70 4.47 5.65 5.65 1.48 1.48 1.48 1.49 1.49 1.49 1.49 1.49 1.49 4.85 4.85 4.86 4.87 5.00 5.01 5.02 1.52 1.52 1.52 4.52 4.83 4.84 4.55 4.55 4.87 4.88 4.58 4.59 4.60
0.00 5.13 5.36 5.16 5.16 5.16 5.16 5.36 5.36 5.72 4.81 4.81 5.72 5.72 5.72 4.81 5.72 4.81 5.72 5.72 5.66 5.66 4.80 4.80 4.80 4.80 4.80 4.80 4.80 4.48 4.48 1.48 1.48 1.48 1.48 4.48 4.48 4.80 4.80 4.80 4.47 4.47 1.48 1.48 1.48 1.48 1.48 4.80 4.80 4.80 4.48 4.48 4.48 4.48 1.48 1.49 1.49 1.49 1.49 1.49 1.49 1.49 1.50 1.50 1.50 4.86 4.87 4.88 5.01 4.59 1.52 1.52 1.52 4.63 4.83 4.84 4.54 4.86 4.56 4.57 5.80 4.90 5.75 4.61
0.00 0.00 5.13 5.36 5.37 5.37 5.37 5.17 5.37 5.73 5.73 5.73 5.73 5.73 5.73 4.81 5.73 5.67 5.67 4.81 4.81 4.81 4.81 4.81 4.81 4.81 4.81 4.81 4.81 4.49 4.49 1.48 1.48 1.48 1.48 4.81 4.81 4.49 4.50 4.50 1.48 1.48 1.48 1.48 1.48 1.48 1.48 4.81 4.81 4.81 5.67 5.67 4.81 4.82 4.50 1.49 1.49 1.49 1.49 1.49 1.50 1.50 1.50 1.50 1.50 4.55 0.00 4.56 4.59 1.52 1.52 1.52 1.53 4.64 5.08 1.53 4.55 4.56 4.57 4.89 5.81 4.90 4.91 4.92
0.00 0.00 0.00 0.00 0.00 0.00 0.00 0.00 5.38 5.68 5.68 5.74 4.82 4.82 4.82 4.82 4.50 4.50 5.68 4.82 4.50 4.82 4.82 4.82 4.82 4.82 4.82 4.82 4.50 4.50 4.50 1.49 1.49 1.49 1.49 4.82 4.49 4.49 4.51 1.49 4.94 1.49 1.49 1.49 1.49 1.49 1.49 1.49 4.50 4.50 4.82 5.68 4.50 4.51 4.51 1.49 1.49 1.50 1.50 1.50 1.50 1.50 1.50 1.51 1.51 0.00 0.00 0.00 4.60 1.52 0.00 0.00 0.00 1.53 4.66 5.10 5.11 4.88 1.55 4.89 4.90 5.83 4.92 4.93
0.00 0.00 0.00 0.00 0.00 0.00 0.00 0.00 0.00 0.00 5.69 5.69 5.75 5.75 4.83 4.83 4.51 4.51 4.83 5.69 4.51 5.75 4.83 4.83 4.83 4.83 4.83 4.51 4.51 1.49 1.49 1.49 1.49 1.49 1.49 1.49 1.49 1.49 1.49 1.49 4.82 4.82 1.49 1.49 1.49 1.49 1.49 1.49 1.49 4.51 4.51 4.51 4.51 4.52 4.52 1.50 1.50 1.50 1.50 1.50 1.50 1.51 1.51 1.51 1.51 0.00 0.00 0.00 0.00 0.00 0.00 0.00 0.00 0.00 0.00 1.54 5.12 1.55 4.89 4.90 4.91 5.84 4.93 4.94
0.00 0.00 0.00 0.00 0.00 0.00 0.00 0.00 0.00 0.00 5.69 5.70 5.70 4.52 4.84 4.84 4.84 4.84 4.52 4.52 4.52 4.52 4.84 4.84 4.84 4.84 4.52 4.51 1.49 1.49 1.49 1.49 1.49 1.49 1.49 1.49 1.49 1.49 1.49 1.49 1.49 1.49 4.83 1.49 1.49 1.49 1.49 1.49 1.49 2.19 4.52 4.52 4.52 4.53 4.53 1.50 1.50 1.50 1.50 1.51 1.51 1.51 1.51 1.51 1.52 1.52 1.52 0.00 0.00 0.00 0.00 0.00 0.00 0.00 0.00 0.00 0.00 4.58 4.59 4.91 4.92 4.92 4.93 4.94
0.00 0.00 0.00 0.00 0.00 0.00 0.00 0.00 0.00 0.00 0.00 0.00 5.88 5.88 4.52 4.52 4.85 4.85 4.52 4.52 1.50 4.52 4.85 4.85 4.85 4.52 4.52 1.50 1.50 1.50 1.50 1.50 1.50 1.50 1.50 1.50 1.50 1.50 1.50 1.50 1.50 1.50 4.97 1.50 1.50 1.50 1.50 1.50 1.50 2.20 4.53 4.53 4.53 4.54 4.54 1.50 1.50 1.51 1.51 1.51 1.51 1.51 1.51 1.52 1.52 1.52 1.52 0.00 0.00 0.00 0.00 0.00 0.00 0.00 0.00 0.00 0.00 5.74 4.60 4.91 4.61 4.93 4.94 4.95
0.00 0.00 0.00 0.00 0.00 0.00 0.00 0.00 0.00 0.00 0.00 0.00 0.00 5.89 5.89 4.55 4.53 4.53 4.53 1.50 5.71 1.50 4.53 4.85 4.85 4.75 4.75 1.50 1.50 1.50 1.50 1.50 1.50 1.50 1.50 1.50 1.50 1.50 1.50 1.50 1.50 1.50 1.50 1.50 1.50 1.50 1.50 1.50 1.50 2.20 1.50 4.56 4.56 4.55 4.55 4.55 1.51 1.51 1.51 1.51 1.51 1.52 1.52 0.00 0.00 0.00 0.00 0.00 0.00 0.00 0.00 0.00 0.00 0.00 0.00 0.00 1.55 4.90 4.60 4.61 4.62 4.63 4.94 4.95
0.00 0.00 0.00 0.00 0.00 0.00 0.00 0.00 0.00 0.00 0.00 0.00 0.00 0.00 5.90 5.90 4.56 4.56 4.56 5.72 5.72 4.54 4.54 4.54 4.54 4.76 1.50 1.50 1.50 1.50 1.50 1.50 1.50 1.50 1.50 1.50 1.50 1.50 1.50 1.50 1.50 1.50 1.50 1.50 1.50 1.50 1.50 1.50 1.50 1.51 1.51 1.51 5.93 4.58 4.58 4.56 1.51 1.51 1.51 1.52 1.52 1.52 0.00 0.00 0.00 0.00 0.00 0.00 0.00 0.00 0.00 0.00 0.00 0.00 0.00 0.00 5.74 5.75 5.84 5.85 5.78 4.63 4.64 4.96
0.00 0.00 0.00 0.00 0.00 0.00 0.00 0.00 0.00 0.00 0.00 0.00 0.00 0.00 0.00 5.91 5.91 5.91 1.50 4.77 5.91 5.91 4.57 1.51 1.51 1.51 1.51 1.51 1.51 1.51 1.51 1.51 1.51 1.51 1.51 1.51 1.51 1.51 1.51 1.51 1.51 1.51 1.51 1.51 1.51 1.51 1.51 1.51 1.51 1.51 1.51 1.51 1.51 4.59 4.59 4.59 1.52 1.52 1.52 1.52 1.52 0.00 0.00 0.00 0.00 0.00 0.00 0.00 0.00 0.00 0.00 0.00 0.00 0.00 0.00 0.00 0.00 5.76 5.77 5.78 5.78 4.64 4.64 4.65
0.00 0.00 0.00 0.00 0.00 0.00 0.00 0.00 0.00 0.00 0.00 0.00 0.00 0.00 0.00 0.00 0.00 5.92 5.92 5.92 5.92 5.92 1.51 1.51 1.51 1.51 1.51 1.51 1.51 1.51 1.51 1.51 1.51 1.51 0.00 0.00 0.00 0.00 0.00 0.00 0.00 0.00 0.00 0.00 0.00 0.00 1.51 1.51 1.51 1.51 1.51 1.51 4.59 4.60 4.60 4.60 1.52 1.52 1.52 1.52 1.52 0.00 0.00 0.00 0.00 0.00 0.00 0.00 0.00 0.00 0.00 0.00 0.00 0.00 0.00 0.00 0.00 0.00 0.00 0.00 0.00 4.64 4.65 4.66
0.00 0.00 0.00 0.00 0.00 0.00 0.00 0.00 0.00 0.00 0.00 0.00 0.00 0.00 0.00 0.00 0.00 0.00 0.00 0.00 0.00 0.00 5.93 1.51 1.51 1.51 1.51 1.51 1.51 1.51 1.51 1.51 1.51 0.00 0.00 0.00 0.00 0.00 0.00 0.00 0.00 0.00 0.00 0.00 0.00 0.00 0.00 0.00 0.00 1.52 1.52 1.52 4.60 4.61 4.61 4.61 4.62 1.52 1.52 1.53 1.53 0.00 0.00 0.00 0.00 0.00 0.00 0.00 0.00 0.00 0.00 0.00 0.00 0.00 0.00 0.00 0.00 0.00 0.00 0.00 0.00 1.57 4.65 4.66
0.00 0.00 0.00 0.00 0.00 0.00 0.00 0.00 0.00 0.00 0.00 0.00 0.00 0.00 0.00 0.00 0.00 0.00 0.00 0.00 0.00 0.00 0.00 5.94 1.51 1.51 1.51 1.51 1.51 1.51 1.51 1.51 0.00 0.00 0.00 0.00 0.00 0.00 0.00 0.00 0.00 0.00 0.00 0.00 0.00 0.00 0.00 0.00 0.00 0.00 1.52 1.52 1.52 1.52 4.62 4.62 4.63 1.53 1.53 1.53 4.64 0.00 0.00 0.00 0.00 0.00 0.00 0.00 0.00 0.00 0.00 0.00 0.00 0.00 0.00 0.00 0.00 0.00 0.00 0.00 0.00 4.65 1.58 4.66
0.00 0.00 0.00 0.00 0.00 0.00 0.00 0.00 0.00 0.00 0.00 0.00 0.00 0.00 0.00 0.00 0.00 0.00 0.00 0.00 0.00 0.00 0.00 0.00 0.00 0.00 0.00 1.52 1.52 1.52 1.52 0.00 0.00 0.00 0.00 0.00 0.00 0.00 0.00 0.00 0.00 0.00 0.00 0.00 0.00 0.00 0.00 0.00 0.00 0.00 1.52 1.52 1.52 1.53 4.63 4.63 4.64 4.64 4.65 1.53 1.53 4.66 0.00 0.00 0.00 0.00 0.00 0.00 0.00 0.00 0.00 0.00 0.00 0.00 0.00 0.00 0.00 0.00 0.00 0.00 0.00 0.00 5.82 1.58
0.00 0.00 0.00 0.00 0.00 0.00 0.00 0.00 0.00 0.00 0.00 0.00 0.00 0.00 0.00 0.00 0.00 0.00 0.00 0.00 0.00 0.00 0.00 0.00 0.00 0.00 0.00 0.00 1.52 1.52 0.00 0.00 0.00 0.00 0.00 0.00 0.00 0.00 0.00 0.00 0.00 0.00 0.00 0.00 0.00 0.00 0.00 0.00 0.00 0.00 1.53 1.53 1.53 1.53 4.64 4.64 4.65 4.65 4.66 4.66 1.54 1.54 1.54 1.54 0.00 0.00 0.00 0.00 0.00 0.00 0.00 0.00 0.00 0.00 0.00 0.00 0.00 0.00 0.00 0.00 0.00 0.00 0.00 1.58
0.00 0.00 0.00 0.00 0.00 0.00 0.00 0.00 0.00 0.00 0.00 0.00 0.00 0.00 0.00 0.00 0.00 0.00 0.00 0.00 0.00 0.00 0.00 0.00 0.00 0.00 0.00 0.00 1.52 1.52 0.00 0.00 0.00 0.00 0.00 0.00 0.00 0.00 0.00 0.00 0.00 0.00 0.00 0.00 0.00 0.00 0.00 0.00 0.00 0.00 1.53 1.53 1.53 1.53 4.65 4.65 4.66 4.66 4.67 4.67 1.54 1.54 4.68 4.69 0.00 0.00 0.00 0.00 0.00 0.00 0.00 0.00 0.00 0.00 0.00 0.00 0.00 0.00 0.00 0.00 0.00 0.00 0.00 0.00
0.00 0.00 0.00 0.00 0.00 0.00 0.00 0.00 0.00 0.00 0.00 0.00 0.00 0.00 0.00 0.00 0.00 0.00 0.00 0.00 0.00 0.00 0.00 0.00 0.00 0.00 0.00 0.00 5.98 0.00 0.00 0.00 0.00 0.00 0.00 0.00 0.00 0.00 0.00 0.00 0.00 0.00 0.00 0.00 0.00 0.00 0.00 0.00 0.00 0.00 1.53 1.53 1.53 1.54 4.66 4.66 4.67 4.67 4.68 4.68 4.68 4.69 4.69 4.70 0.00 0.00 0.00 0.00 0.00 0.00 0.00 0.00 0.00 0.00 0.00 0.00 0.00 0.00 0.00 0.00 0.00 0.00 0.00 0.00
