New_Model_Runs/2_scn1_noclimate_out/post_prcessed_with_MFR/Monthly_summaries/actual_et_monthly_OCT.asc
NCOLS 700
NROWS 400
XLLCENTER 515000.000000
YLLCENTER 8409000.000000
CELLSIZE 50.000000
NODATA_value -999.000000
[rows 304 to 341 of 400, columns 168 to 251 of 700]
5.46 5.46 5.46 5.46 5.46 5.46 5.46 5.46 5.46 4.63 4.63 5.46 4.63 4.63 4.63 4.63 4.63 4.63 5.46 5.47 5.47 4.22 4.22 4.64 4.64 4.64 4.64 5.48 5.48 4.23 4.23 4.65 4.66 4.66 4.66 4.66 4.66 5.51 5.51 5.51 5.51 4.25 4.25 5.52 5.52 5.52 5.52 5.52 5.52 5.52 5.52 5.52 5.52 4.26 5.52 5.52 5.52 5.52 5.52 5.51 5.51 4.67 4.67 4.67 4.67 4.67 4.67 4.67 4.67 5.51 5.51 5.51 5.51 5.52 5.52 5.53 4.82 5.54 5.55 4.72 4.72 4.74 5.60 4.33
5.47 5.47 5.47 5.47 5.47 5.47 5.47 5.47 5.47 4.64 4.64 5.47 5.47 4.64 4.64 4.64 4.64 5.48 5.48 5.48 4.23 4.23 4.65 4.65 4.65 5.49 5.49 5.50 5.50 4.24 4.24 4.25 4.25 1.40 4.67 4.68 4.68 5.52 5.52 4.26 4.26 4.26 4.27 4.69 5.54 5.54 5.54 5.54 4.83 5.54 5.54 5.54 5.54 4.27 5.54 5.54 5.54 5.54 5.54 5.53 5.53 5.53 4.69 4.69 4.69 4.69 4.69 4.26 4.69 5.53 5.53 4.69 4.69 5.54 4.70 4.71 4.83 5.57 4.73 4.31 5.60 5.61 4.34 5.64
5.48 5.48 5.48 5.48 5.48 4.64 4.04 4.04 5.48 4.65 4.65 4.23 4.23 4.65 4.65 4.65 4.23 5.49 5.49 5.49 4.66 4.24 4.24 4.66 4.66 4.67 5.51 5.51 5.51 5.52 5.52 4.26 1.40 1.41 1.41 1.41 4.27 4.27 4.27 4.27 4.28 4.28 4.28 5.55 4.70 5.55 5.55 5.56 5.56 5.56 5.56 5.56 5.56 4.84 5.56 5.56 4.84 5.56 5.55 4.84 4.84 5.55 5.55 4.70 5.55 4.70 5.55 5.55 4.83 5.55 5.56 5.56 4.71 4.72 4.72 5.58 5.59 4.74 4.75 4.76 4.34 5.64 5.65 5.66
5.49 5.49 5.49 4.05 5.49 5.49 5.49 4.05 5.49 5.49 4.66 4.66 4.66 4.66 4.66 5.50 4.24 4.24 4.66 4.67 4.67 4.25 4.67 4.25 4.25 5.52 5.52 5.52 5.53 5.53 4.27 4.27 4.27 4.27 1.41 1.41 5.55 1.41 5.56 4.29 4.29 5.56 4.72 4.72 4.72 4.72 4.72 5.57 5.57 4.30 5.57 5.57 5.58 5.58 4.85 5.58 4.85 5.57 5.57 4.30 5.57 5.57 5.57 5.57 5.57 5.57 5.57 5.57 5.58 5.58 4.73 5.58 5.59 5.59 5.60 5.60 5.61 4.76 5.63 5.64 5.65 5.66 5.67 4.82
4.25 5.50 5.50 5.50 5.50 4.24 5.50 4.05 4.06 5.50 5.51 5.51 4.67 5.51 5.51 4.25 4.67 4.25 4.25 4.68 4.68 4.68 4.68 4.68 4.69 5.53 4.69 4.27 4.27 4.28 4.28 4.28 4.71 4.71 4.71 5.56 4.29 1.42 5.57 5.57 5.58 5.58 5.58 4.31 4.31 4.73 4.74 4.74 5.59 4.74 5.59 5.59 4.87 4.87 5.59 5.59 5.59 4.74 4.74 4.74 5.59 4.74 4.74 4.74 5.59 4.74 4.74 4.32 4.74 4.75 4.75 4.75 5.61 4.76 4.76 5.63 5.63 5.64 5.65 5.66 5.67 5.69 4.83 4.84
4.68 5.52 5.51 5.52 4.25 5.52 5.52 5.52 4.06 5.52 5.52 4.68 4.68 4.68 4.68 5.52 4.68 4.26 4.26 4.69 5.53 4.69 4.69 5.54 4.70 5.55 5.55 5.55 4.29 4.29 4.29 4.29 4.72 4.72 4.72 4.73 4.73 1.42 4.31 5.59 4.31 4.74 4.32 4.74 4.32 4.75 4.75 4.75 4.75 4.75 4.75 5.61 4.88 4.33 5.61 4.76 4.76 4.76 4.76 4.76 4.76 4.76 4.76 4.76 5.62 4.33 4.33 4.33 4.76 4.34 4.34 4.77 5.63 4.78 4.78 4.79 4.80 5.67 5.68 5.69 5.70 5.71 5.72 5.74
5.52 5.53 5.52 5.53 5.53 4.26 4.68 5.53 5.53 5.53 5.53 5.53 4.69 4.69 5.54 4.69 4.27 4.27 4.27 4.70 4.70 4.70 5.55 5.56 4.71 5.56 5.56 5.57 4.72 4.30 4.30 4.30 4.73 4.74 4.74 4.74 4.74 5.60 5.60 4.32 4.32 4.33 4.33 4.33 4.33 4.76 4.76 4.77 5.62 4.77 4.77 4.77 5.63 4.34 4.34 4.34 4.34 4.34 4.34 4.34 4.77 4.34 4.77 5.64 5.64 5.64 4.78 4.78 4.78 4.35 4.79 4.79 4.80 4.80 4.37 4.38 5.68 4.39 4.40 4.41 4.85 5.73 4.43 4.44
5.54 5.54 4.69 5.54 5.54 5.54 5.54 5.54 5.54 4.08 4.08 5.54 5.55 4.70 4.70 4.70 4.71 4.28 4.29 4.71 4.29 5.56 5.57 5.57 4.30 4.30 5.58 4.31 4.73 4.31 4.31 4.32 4.75 4.75 4.32 4.33 4.33 4.76 1.43 4.34 1.43 1.43 4.34 4.34 4.77 4.78 4.78 4.78 4.78 4.78 4.78 4.78 4.35 4.35 4.36 4.36 4.36 4.36 4.36 4.79 5.65 4.36 4.36 4.79 4.79 4.80 4.80 4.80 4.37 4.37 4.81 4.38 4.38 4.39 4.39 4.40 4.84 4.41 4.42 4.42 4.87 4.44 4.89 4.46
4.70 5.55 4.70 5.55 4.08 5.55 5.55 5.55 5.55 5.55 4.09 5.56 5.56 5.56 4.29 4.71 4.29 4.72 4.72 4.72 4.30 5.58 5.58 5.58 4.74 4.31 4.74 4.32 4.32 4.75 4.32 4.33 4.76 4.33 1.43 1.43 1.43 1.43 4.35 4.35 4.35 2.10 1.44 4.36 4.79 4.79 4.79 4.79 4.79 4.80 4.80 4.80 4.37 4.37 1.44 4.37 4.37 4.37 4.37 4.81 4.81 4.38 5.68 5.68 4.38 4.38 4.38 4.38 4.39 4.39 4.39 4.40 4.40 4.40 4.41 4.42 4.42 4.43 4.87 4.88 5.77 5.78 4.91 4.92
4.71 4.71 5.56 5.56 5.56 5.56 5.56 5.57 5.57 5.57 5.57 5.57 5.57 4.72 4.72 4.73 4.73 4.73 4.73 4.31 4.31 5.59 4.32 4.74 5.60 5.61 4.75 4.76 4.76 4.76 4.77 4.77 4.77 4.34 1.43 1.43 1.43 1.44 4.36 4.79 4.79 4.80 4.80 4.80 4.80 4.80 4.81 4.81 4.81 4.81 4.81 4.81 4.81 4.38 4.38 4.38 4.82 4.39 4.39 4.39 4.39 4.39 5.70 5.70 5.70 5.70 1.45 1.45 4.40 4.41 4.41 4.41 4.42 4.86 4.87 4.43 4.44 4.45 4.89 4.90 5.80 5.81 4.93 4.94
5.58 5.58 5.57 5.58 4.73 4.30 4.30 4.30 4.30 5.58 4.30 4.31 5.58 5.59 4.74 4.74 4.74 5.60 5.60 4.75 4.75 5.61 5.61 4.76 4.76 4.33 4.77 4.77 4.77 4.78 4.78 4.78 4.78 4.36 4.36 4.79 4.80 4.80 4.80 4.37 4.37 4.38 4.81 4.81 4.82 4.82 4.82 4.82 4.82 4.82 4.83 4.83 4.83 4.83 4.40 4.40 4.40 4.40 1.45 5.71 5.71 5.71 5.71 5.72 5.72 5.72 1.46 5.73 4.42 1.46 4.43 4.43 4.44 4.88 4.89 4.89 4.46 4.47 4.47 4.48 4.93 4.94 4.51 4.96
5.58 5.59 5.59 4.31 4.74 4.74 4.74 4.31 5.59 5.59 4.31 4.32 5.60 5.60 4.75 4.32 4.32 5.61 5.61 5.62 5.62 5.62 5.62 4.77 5.63 4.78 4.78 4.78 4.78 4.79 4.79 4.79 4.80 4.80 4.80 4.81 4.81 4.81 4.81 4.82 4.82 4.82 4.82 4.83 4.83 4.83 4.83 4.83 4.84 5.71 4.84 4.84 4.84 4.84 4.41 1.45 4.41 4.41 1.46 1.46 1.46 1.46 1.46 1.46 1.46 1.46 4.63 5.75 5.75 4.44 4.45 4.45 5.78 4.46 4.91 5.80 5.80 4.48 4.49 4.50 4.95 4.52 4.52 4.98
5.60 5.60 4.32 5.60 5.60 4.75 4.75 5.60 5.61 5.61 5.61 5.61 5.61 5.61 5.62 4.33 5.62 4.77 5.63 5.63 4.90 5.64 4.78 5.64 5.65 4.79 4.79 4.79 4.80 4.80 4.80 4.81 4.81 4.81 4.38 4.82 4.82 4.83 4.83 4.83 4.83 4.84 4.84 4.84 4.84 4.84 4.85 4.85 5.72 5.73 5.73 4.86 4.86 4.42 4.42 1.46 4.86 4.43 4.43 1.46 1.46 1.46 1.46 1.46 1.46 1.47 1.47 1.47 1.47 5.78 5.79 5.79 4.47 4.48 4.93 4.49 5.83 5.84 4.95 4.96 4.97 4.98 4.99 5.00
5.61 4.33 5.60 5.60 5.61 4.33 4.76 5.61 5.62 5.62 5.62 5.62 5.63 5.63 4.77 5.63 5.64 5.64 5.64 5.64 5.65 4.79 4.36 4.36 5.66 4.80 4.80 4.81 4.81 4.81 4.82 4.82 4.82 4.39 4.39 4.40 4.84 4.84 4.84 4.41 4.41 4.41 4.85 4.85 4.86 4.86 4.86 4.86 5.74 5.74 5.74 4.87 4.43 4.43 1.46 1.46 4.88 4.88 2.15 1.47 1.47 1.47 1.47 1.47 1.47 1.47 1.47 1.47 1.47 1.47 4.68 5.81 5.82 5.83 4.50 4.51 5.85 5.86 4.97 4.98 4.99 5.00 5.91 5.02
4.34 5.62 5.61 5.63 4.34 4.77 5.63 5.62 4.77 5.63 5.63 4.90 5.64 5.64 5.64 5.65 5.65 4.79 4.36 5.66 4.80 4.80 4.80 4.81 4.81 4.81 4.82 4.82 4.82 4.83 4.83 4.83 4.84 4.84 1.45 1.45 1.45 1.46 4.42 4.42 4.42 4.42 4.43 4.87 4.87 4.87 4.63 4.44 4.88 4.88 5.76 4.44 4.45 4.89 4.89 4.45 4.45 1.47 1.47 1.47 1.47 1.47 1.47 1.47 1.47 1.48 1.48 1.48 1.48 1.48 1.48 1.48 5.84 4.51 1.49 4.97 4.98 4.99 4.99 5.00 5.01 5.02 5.03 4.59
5.64 5.64 4.13 5.63 5.64 5.64 5.64 5.64 4.78 4.79 4.79 4.79 5.65 5.66 5.66 5.66 5.66 4.37 4.93 5.67 5.68 5.68 4.82 4.82 4.82 4.83 4.39 4.40 4.40 4.84 4.84 4.85 4.85 1.46 1.46 4.86 1.46 1.46 4.43 4.43 4.43 4.44 4.44 1.46 1.46 1.47 4.64 4.64 4.89 4.89 5.77 4.46 4.90 4.90 4.90 4.46 1.47 1.47 1.47 1.47 1.48 1.48 4.92 4.93 1.48 1.48 1.48 1.48 1.48 1.49 1.49 2.18 1.49 4.53 1.49 4.54 4.55 5.00 4.56 5.02 5.03 5.04 5.05 4.60
5.65 5.65 5.64 5.65 5.64 5.65 5.64 4.36 4.79 4.80 4.80 4.80 5.67 4.37 5.67 5.67 4.38 5.68 4.94 5.69 5.69 5.69 4.83 4.83 4.83 4.40 4.41 4.41 4.85 4.85 4.85 4.86 4.86 4.43 4.87 4.87 4.87 4.44 4.88 4.88 4.88 4.89 4.89 1.47 2.15 4.65 5.78 5.78 5.79 5.79 5.79 5.79 4.47 4.47 4.47 1.48 1.48 1.48 1.48 1.48 1.48 1.48 4.94 4.94 1.48 1.48 1.49 1.49 1.49 1.49 1.49 1.49 1.50 1.50 4.55 4.56 4.56 5.02 4.58 5.04 5.05 5.06 5.07 4.62
5.66 4.15 5.66 4.80 4.80 4.80 4.80 4.80 4.81 4.81 5.68 4.81 5.68 4.38 5.69 5.69 5.69 5.69 5.70 5.70 4.40 4.40 4.41 4.84 4.41 4.41 4.42 4.86 4.86 4.86 4.43 4.43 4.43 4.44 4.88 4.88 4.89 4.89 4.45 4.89 4.90 4.90 4.90 5.79 5.79 5.79 5.79 5.80 5.80 5.80 1.48 1.48 1.48 1.48 1.48 1.48 2.17 1.48 1.48 1.48 1.48 2.18 4.95 4.96 4.96 1.49 1.49 1.49 1.49 1.50 1.50 1.50 1.50 4.56 5.02 5.02 5.03 5.04 5.05 4.60 5.07 5.08 4.63 5.10
5.65 5.68 5.68 4.81 5.68 5.66 4.16 5.68 5.68 4.82 4.82 4.82 4.39 4.95 5.70 5.70 5.71 4.40 5.71 5.72 4.41 4.85 4.85 4.86 4.86 4.43 4.87 4.87 4.87 4.88 4.88 4.88 4.45 4.89 4.89 4.89 4.90 4.46 4.46 4.91 4.47 4.47 4.47 4.47 5.80 5.81 5.81 4.68 4.68 5.82 5.82 4.69 5.82 1.48 1.48 1.48 1.48 1.48 1.49 1.49 1.49 1.49 1.49 4.97 4.98 4.53 1.50 1.50 1.50 1.50 1.50 1.50 1.51 4.57 4.58 4.59 5.05 5.06 5.07 5.99 4.63 4.63 4.64 4.65
5.69 5.69 4.82 4.82 4.17 5.69 5.69 4.39 4.83 4.83 4.83 4.83 4.84 5.71 5.71 5.72 5.72 4.41 5.73 1.46 5.73 4.86 4.86 4.87 4.87 4.87 4.88 4.44 4.88 4.45 4.89 4.45 4.46 4.90 4.90 4.91 4.47 4.47 4.47 4.47 4.48 4.92 4.93 4.93 4.93 4.93 4.69 4.69 4.69 4.69 5.83 5.84 5.84 1.49 1.49 1.49 1.49 1.49 1.49 1.49 1.49 4.98 4.98 4.98 4.99 4.99 1.50 4.55 4.56 5.02 1.51 1.51 1.51 4.59 4.60 4.60 5.07 5.07 6.00 4.63 4.64 4.65 1.54 1.54
5.70 4.17 4.40 4.83 4.83 4.84 4.84 4.84 5.71 5.70 4.84 4.85 4.85 5.72 5.73 5.73 5.73 5.74 5.74 5.74 5.75 4.87 4.88 4.88 4.88 4.45 4.89 4.89 4.46 4.46 4.46 1.47 1.47 1.47 4.92 4.92 4.48 4.48 4.93 4.93 4.93 4.93 4.94 4.94 4.94 4.94 4.95 4.95 4.95 4.51 4.96 5.85 5.85 1.49 1.49 1.49 1.49 1.49 1.49 1.49 1.50 1.50 4.54 4.55 5.00 5.01 5.01 5.02 5.03 5.03 1.51 1.51 1.52 4.60 4.61 5.07 5.08 5.09 6.02 5.11 5.12 4.67 4.67 4.68
5.68 5.71 5.71 4.41 4.41 4.85 4.85 5.70 5.72 5.73 4.85 4.86 4.86 5.74 5.74 5.74 5.75 5.75 5.75 5.76 5.76 5.76 4.89 4.89 4.90 4.90 4.90 4.90 4.91 4.91 4.47 1.48 1.48 4.92 4.93 4.49 4.93 4.94 4.94 4.94 4.94 4.95 1.48 4.95 1.49 1.49 4.96 4.96 4.96 4.96 4.97 5.86 4.52 5.87 5.87 1.49 1.50 1.50 1.50 1.50 1.50 1.50 1.50 1.50 5.02 5.02 5.03 5.03 5.04 5.05 5.05 1.52 1.52 1.52 4.62 5.09 5.10 4.65 4.66 5.12 5.13 4.68 4.69 4.70
0.00 5.70 5.73 5.70 5.71 5.71 5.71 5.73 5.74 5.74 4.87 4.87 5.75 5.75 5.75 4.88 5.76 4.88 5.77 5.77 5.77 5.78 4.90 4.90 4.91 4.91 4.91 4.92 4.92 4.48 4.48 1.48 1.48 1.48 1.48 4.50 4.50 4.95 4.95 4.95 4.51 4.51 1.49 1.49 1.49 1.49 1.49 4.97 4.97 4.98 4.53 4.53 4.53 4.54 1.50 1.50 1.50 1.50 1.50 1.50 1.50 1.50 1.51 1.51 1.51 5.04 5.04 5.05 5.05 4.60 1.52 1.52 1.52 4.63 5.10 5.11 4.65 5.12 4.67 4.68 6.08 5.16 6.10 4.71
0.00 0.00 5.71 5.74 5.74 5.74 5.75 5.72 5.75 5.75 5.75 5.76 5.76 5.76 5.77 4.89 5.77 5.78 5.78 4.90 4.90 4.91 4.91 4.91 4.92 4.92 4.92 4.93 4.93 4.49 4.49 1.48 1.48 1.48 1.48 4.95 4.95 4.51 4.51 4.52 1.49 1.49 1.49 1.49 1.49 1.49 1.49 4.98 4.98 4.99 5.89 5.89 4.99 5.00 4.55 1.50 1.50 1.50 1.50 1.51 1.51 1.51 1.51 1.51 1.51 4.59 0.00 4.61 4.61 1.52 1.52 1.53 1.53 4.64 5.11 1.54 4.67 4.68 4.68 5.16 6.10 5.18 5.18 5.19
0.00 0.00 0.00 0.00 0.00 0.00 0.00 0.00 5.76 5.76 5.77 5.77 4.89 4.90 4.90 4.90 4.46 4.46 5.79 4.91 4.47 4.92 4.92 4.93 4.93 4.93 4.94 4.94 4.50 4.50 4.50 1.49 1.49 1.49 1.49 4.96 4.52 4.52 4.52 1.49 4.98 1.49 1.49 1.49 1.50 1.50 1.50 1.50 4.54 4.55 5.00 5.90 4.55 4.56 4.56 1.50 1.51 1.51 1.51 1.51 1.51 1.51 1.51 1.51 1.52 0.00 0.00 0.00 4.62 1.53 0.00 0.00 0.00 1.54 4.67 5.13 5.14 5.15 1.55 5.17 5.18 6.12 5.20 5.21
0.00 0.00 0.00 0.00 0.00 0.00 0.00 0.00 0.00 0.00 5.78 5.78 5.79 5.79 4.91 4.91 4.47 4.47 4.92 5.81 4.48 5.82 4.93 4.94 4.94 4.94 4.95 4.50 4.51 1.49 1.49 1.49 1.49 1.49 1.49 1.49 1.49 1.49 1.49 1.50 4.99 4.99 1.50 1.50 1.50 1.50 1.50 1.50 1.50 4.56 4.56 4.56 4.56 4.57 4.57 1.51 1.51 1.51 1.51 1.51 1.51 1.52 1.52 1.52 1.52 0.00 0.00 0.00 0.00 0.00 0.00 0.00 0.00 0.00 0.00 1.54 5.16 1.55 5.18 5.19 5.20 6.14 5.21 5.22
0.00 0.00 0.00 0.00 0.00 0.00 0.00 0.00 0.00 0.00 5.79 5.80 5.80 4.47 4.92 4.92 4.93 4.93 4.49 4.49 4.49 4.50 4.94 4.95 4.95 4.95 4.51 4.51 1.49 1.49 1.49 1.49 1.49 1.49 1.49 1.50 1.50 1.50 1.50 1.50 1.50 1.50 5.00 1.50 1.50 1.50 1.50 1.50 1.50 2.21 4.57 4.57 4.57 4.58 4.58 1.51 1.51 1.51 1.51 1.52 1.52 1.52 1.52 1.52 1.52 1.53 1.53 0.00 0.00 0.00 0.00 0.00 0.00 0.00 0.00 0.00 0.00 4.71 4.72 5.20 5.21 5.22 5.23 5.24
0.00 0.00 0.00 0.00 0.00 0.00 0.00 0.00 0.00 0.00 0.00 0.00 5.81 5.81 4.49 4.49 4.94 4.94 4.50 4.50 1.48 4.51 4.95 4.96 4.96 4.52 4.52 1.49 1.49 1.49 1.49 1.49 1.50 1.50 1.50 1.50 1.50 1.50 1.50 1.50 1.50 1.50 5.01 1.50 1.50 1.51 1.51 1.51 1.51 2.21 4.58 4.58 4.58 4.59 4.59 1.51 1.51 1.52 1.52 1.52 1.52 1.52 1.52 1.53 1.53 1.53 1.53 0.00 0.00 0.00 0.00 0.00 0.00 0.00 0.00 0.00 0.00 6.13 4.74 5.21 4.75 5.23 5.24 5.25
0.00 0.00 0.00 0.00 0.00 0.00 0.00 0.00 0.00 0.00 0.00 0.00 0.00 5.83 5.83 4.50 4.50 4.50 4.51 1.49 5.85 1.49 4.52 4.97 4.97 4.73 4.73 1.49 1.50 1.50 1.50 1.50 1.50 1.50 1.50 1.50 1.50 1.50 1.50 1.50 1.50 1.51 1.51 1.51 1.51 1.51 1.51 1.51 1.51 2.22 1.51 4.59 4.59 4.59 4.60 4.60 1.52 1.52 1.52 1.52 1.52 1.53 1.53 0.00 0.00 0.00 0.00 0.00 0.00 0.00 0.00 0.00 0.00 0.00 0.00 0.00 1.56 5.21 4.75 4.76 4.77 4.77 5.26 5.27
0.00 0.00 0.00 0.00 0.00 0.00 0.00 0.00 0.00 0.00 0.00 0.00 0.00 0.00 5.84 5.84 4.51 4.51 4.52 5.86 5.86 4.52 4.53 4.53 4.53 4.74 1.50 1.50 1.50 1.50 1.50 1.50 1.50 1.50 1.50 1.50 1.50 1.51 1.51 1.51 1.51 1.51 1.51 1.51 1.51 1.51 1.51 1.51 1.51 1.51 1.51 1.52 5.96 4.60 4.61 4.61 1.52 1.52 1.52 1.52 1.53 1.53 0.00 0.00 0.00 0.00 0.00 0.00 0.00 0.00 0.00 0.00 0.00 0.00 0.00 0.00 6.15 6.16 6.17 6.18 6.20 4.79 4.80 5.28
0.00 0.00 0.00 0.00 0.00 0.00 0.00 0.00 0.00 0.00 0.00 0.00 0.00 0.00 0.00 5.86 5.86 5.86 1.49 4.73 5.87 5.88 4.54 1.50 1.50 1.50 1.50 1.50 1.50 1.50 1.50 1.50 1.50 1.51 1.51 1.51 1.51 1.51 1.51 1.51 1.51 1.51 1.51 1.51 1.51 1.51 1.51 1.52 1.52 1.52 1.52 1.52 1.52 4.61 4.61 4.62 1.52 1.53 1.53 1.53 1.53 0.00 0.00 0.00 0.00 0.00 0.00 0.00 0.00 0.00 0.00 0.00 0.00 0.00 0.00 0.00 0.00 6.18 6.19 6.20 6.21 4.80 4.81 4.82
0.00 0.00 0.00 0.00 0.00 0.00 0.00 0.00 0.00 0.00 0.00 0.00 0.00 0.00 0.00 0.00 0.00 5.87 5.88 5.88 5.89 5.89 1.50 1.50 1.50 1.50 1.50 1.50 1.50 1.50 1.51 1.51 1.51 1.51 0.00 0.00 0.00 0.00 0.00 0.00 0.00 0.00 0.00 0.00 0.00 0.00 1.52 1.52 1.52 1.52 1.52 1.52 4.62 4.62 4.62 4.63 1.53 1.53 1.53 1.53 1.53 0.00 0.00 0.00 0.00 0.00 0.00 0.00 0.00 0.00 0.00 0.00 0.00 0.00 0.00 0.00 0.00 0.00 0.00 0.00 0.00 4.81 4.82 4.83
0.00 0.00 0.00 0.00 0.00 0.00 0.00 0.00 0.00 0.00 0.00 0.00 0.00 0.00 0.00 0.00 0.00 0.00 0.00 0.00 0.00 0.00 5.90 1.50 1.50 1.50 1.50 1.51 1.51 1.51 1.51 1.51 1.51 0.00 0.00 0.00 0.00 0.00 0.00 0.00 0.00 0.00 0.00 0.00 0.00 0.00 0.00 0.00 0.00 1.52 1.52 1.52 4.63 4.63 4.63 4.64 4.64 1.53 1.53 1.53 1.54 0.00 0.00 0.00 0.00 0.00 0.00 0.00 0.00 0.00 0.00 0.00 0.00 0.00 0.00 0.00 0.00 0.00 0.00 0.00 0.00 1.59 4.83 4.84
0.00 0.00 0.00 0.00 0.00 0.00 0.00 0.00 0.00 0.00 0.00 0.00 0.00 0.00 0.00 0.00 0.00 0.00 0.00 0.00 0.00 0.00 0.00 5.92 1.51 1.51 1.51 1.51 1.51 1.51 1.51 1.51 0.00 0.00 0.00 0.00 0.00 0.00 0.00 0.00 0.00 0.00 0.00 0.00 0.00 0.00 0.00 0.00 0.00 0.00 1.53 1.53 1.53 1.53 4.64 4.64 4.65 1.53 1.54 1.54 4.67 0.00 0.00 0.00 0.00 0.00 0.00 0.00 0.00 0.00 0.00 0.00 0.00 0.00 0.00 0.00 0.00 0.00 0.00 0.00 0.00 4.83 1.60 4.85
0.00 0.00 0.00 0.00 0.00 0.00 0.00 0.00 0.00 0.00 0.00 0.00 0.00 0.00 0.00 0.00 0.00 0.00 0.00 0.00 0.00 0.00 0.00 0.00 0.00 0.00 0.00 1.51 1.51 1.51 1.51 0.00 0.00 0.00 0.00 0.00 0.00 0.00 0.00 0.00 0.00 0.00 0.00 0.00 0.00 0.00 0.00 0.00 0.00 0.00 1.53 1.53 1.53 1.53 4.65 4.65 4.66 4.66 4.67 1.54 1.54 4.68 0.00 0.00 0.00 0.00 0.00 0.00 0.00 0.00 0.00 0.00 0.00 0.00 0.00 0.00 0.00 0.00 0.00 0.00 0.00 0.00 6.29 1.60
0.00 0.00 0.00 0.00 0.00 0.00 0.00 0.00 0.00 0.00 0.00 0.00 0.00 0.00 0.00 0.00 0.00 0.00 0.00 0.00 0.00 0.00 0.00 0.00 0.00 0.00 0.00 0.00 1.51 1.52 0.00 0.00 0.00 0.00 0.00 0.00 0.00 0.00 0.00 0.00 0.00 0.00 0.00 0.00 0.00 0.00 0.00 0.00 0.00 0.00 1.53 1.53 1.53 1.53 4.66 4.66 4.67 4.67 4.67 4.68 1.54 1.55 1.55 1.55 0.00 0.00 0.00 0.00 0.00 0.00 0.00 0.00 0.00 0.00 0.00 0.00 0.00 0.00 0.00 0.00 0.00 0.00 0.00 1.61
0.00 0.00 0.00 0.00 0.00 0.00 0.00 0.00 0.00 0.00 0.00 0.00 0.00 0.00 0.00 0.00 0.00 0.00 0.00 0.00 0.00 0.00 0.00 0.00 0.00 0.00 0.00 0.00 1.52 1.52 0.00 0.00 0.00 0.00 0.00 0.00 0.00 0.00 0.00 0.00 0.00 0.00 0.00 0.00 0.00 0.00 0.00 0.00 0.00 0.00 1.53 1.53 1.54 1.54 4.67 4.67 4.67 4.68 4.68 4.69 1.55 1.55 4.71 4.71 0.00 0.00 0.00 0.00 0.00 0.00 0.00 0.00 0.00 0.00 0.00 0.00 0.00 0.00 0.00 0.00 0.00 0.00 0.00 0.00
0.00 0.00 0.00 0.00 0.00 0.00 0.00 0.00 0.00 0.00 0.00 0.00 0.00 0.00 0.00 0.00 0.00 0.00 0.00 0.00 0.00 0.00 0.00 0.00 0.00 0.00 0.00 0.00 5.98 0.00 0.00 0.00 0.00 0.00 0.00 0.00 0.00 0.00 0.00 0.00 0.00 0.00 0.00 0.00 0.00 0.00 0.00 0.00 0.00 0.00 1.54 1.54 1.54 1.54 4.67 4.68 4.68 4.69 4.69 4.70 4.70 4.71 4.71 4.72 0.00 0.00 0.00 0.00 0.00 0.00 0.00 0.00 0.00 0.00 0.00 0.00 0.00 0.00 0.00 0.00 0.00 0.00 0.00 0.00
