New_Model_Runs/2_scn1_noclimate_out/post_prcessed_with_MFR/Monthly_summaries/actual_et_monthly_MAR.asc
NCOLS 700
NROWS 400
XLLCENTER 515000.000000
YLLCENTER 8409000.000000
CELLSIZE 50.000000
NODATA_value -999.000000
[rows 190 to 227 of 400, columns 168 to 251 of 700]
1.21 1.21 3.81 3.81 3.81 1.20 1.20 1.20 1.20 1.20 1.20 1.20 1.20 1.19 1.19 1.19 1.19 1.19 1.19 1.19 1.19 1.19 1.18 1.18 1.18 1.18 1.18 1.18 1.18 1.18 1.18 1.17 1.17 1.17 1.17 1.17 1.17 1.17 1.16 1.16 1.16 1.16 1.16 1.16 1.15 1.15 1.15 1.15 1.15 1.15 1.15 1.14 1.14 1.14 1.14 1.14 1.14 1.13 1.13 1.13 1.13 1.13 1.13 1.13 1.13 1.13 1.65 1.12 1.12 1.12 1.12 1.12 1.12 1.12 1.12 1.12 1.12 1.12 1.11 1.11 1.11 1.11 1.11 1.11
1.20 1.20 1.20 1.76 1.20 1.20 1.20 1.20 1.20 1.20 1.19 1.19 1.19 1.19 1.19 1.19 1.19 1.19 1.19 1.19 1.18 1.18 1.18 1.18 1.18 1.18 1.18 1.18 1.17 1.17 1.17 1.17 1.17 1.17 1.17 1.17 1.16 1.16 1.16 1.16 1.16 1.16 1.16 1.15 1.15 1.15 1.15 1.15 1.15 1.14 1.14 1.14 1.14 1.14 1.14 1.14 1.13 1.13 1.13 1.13 1.13 1.13 1.13 1.13 1.12 1.12 1.12 1.12 1.12 1.12 1.12 1.12 1.12 1.12 1.12 1.12 1.12 1.11 1.11 1.11 1.11 1.11 1.11 1.11
1.20 1.20 1.20 1.76 1.20 1.20 1.20 1.20 1.19 1.19 1.19 1.19 1.19 1.19 1.19 1.19 1.19 1.19 1.18 1.18 1.18 1.18 1.18 1.18 1.18 1.18 1.17 1.17 1.17 1.17 1.17 1.17 1.17 1.17 1.16 1.16 1.16 1.16 1.16 1.16 1.16 1.15 1.15 1.15 1.15 1.15 1.15 1.14 1.14 1.14 1.14 1.14 1.14 1.14 1.13 1.13 1.13 1.13 1.13 1.13 1.13 1.13 1.13 1.12 1.12 1.12 1.12 1.12 1.12 1.12 1.12 1.12 1.12 1.12 1.12 1.12 1.11 1.11 1.11 1.11 1.11 1.11 1.11 1.11
1.20 1.20 1.20 1.20 1.20 1.20 1.19 1.19 1.19 1.19 1.19 1.19 1.19 1.19 1.19 1.19 1.18 1.18 1.18 1.18 1.18 1.18 1.18 1.18 1.17 1.17 1.17 1.17 1.17 1.17 1.17 1.17 1.16 1.16 1.16 1.16 1.16 1.16 1.16 1.15 1.15 1.15 1.15 1.15 1.15 1.15 1.14 1.14 1.14 1.14 1.14 1.14 1.14 1.13 1.13 1.13 1.13 1.13 1.13 1.13 1.13 1.12 1.12 1.12 1.12 1.12 1.12 1.12 1.12 1.12 1.12 1.12 1.12 1.12 1.11 1.11 1.11 1.11 1.11 1.11 1.11 1.11 1.11 1.11
1.20 1.20 1.20 1.20 1.19 1.19 1.19 1.19 1.19 1.19 1.19 1.19 1.19 1.18 1.18 1.18 1.18 1.18 1.18 1.18 1.18 1.18 1.17 1.17 1.17 1.17 1.17 1.17 1.17 1.17 1.16 1.16 1.16 1.16 1.16 1.16 1.16 1.15 1.15 1.15 1.15 1.15 1.15 1.15 1.14 1.14 1.14 1.14 1.14 1.14 1.14 1.13 1.13 1.13 1.13 1.13 1.13 1.13 1.13 1.13 1.12 1.12 1.12 1.12 1.12 1.12 1.12 1.12 1.12 1.12 1.12 1.12 1.12 1.11 1.11 1.11 1.11 1.11 1.11 1.11 1.11 1.11 1.11 1.11
1.20 1.20 1.19 1.19 1.19 1.19 1.19 1.19 1.19 1.19 1.19 1.18 1.18 1.18 1.18 1.18 1.18 1.18 1.18 1.18 1.17 1.17 1.17 1.17 1.17 1.17 1.17 1.17 1.16 1.16 1.16 1.16 1.16 1.16 1.16 1.15 1.15 1.15 1.15 1.15 1.15 1.15 1.14 1.14 1.14 1.14 1.14 1.14 1.14 1.14 1.13 1.13 1.13 1.13 1.13 1.13 1.13 1.13 1.12 1.12 1.12 1.12 1.12 1.12 1.12 1.12 1.12 1.12 1.12 1.12 1.12 1.12 1.11 1.11 1.11 1.11 1.11 1.11 1.11 1.11 1.11 1.11 1.11 1.11
1.19 1.19 1.19 1.19 1.19 1.19 1.19 1.19 1.19 1.18 1.18 1.18 1.18 1.18 1.18 1.18 1.18 1.18 1.17 1.17 1.17 1.17 1.17 1.17 1.17 1.17 1.16 1.16 1.16 1.16 1.16 1.16 1.16 1.15 1.15 1.15 1.15 1.15 1.15 1.15 1.14 1.14 1.14 1.14 1.14 1.14 1.14 1.14 1.13 1.13 1.13 1.13 1.13 1.13 1.13 1.13 1.13 1.12 1.12 1.12 1.12 1.12 1.12 1.12 1.12 1.12 1.12 1.12 1.12 1.12 1.12 1.11 1.11 1.11 1.11 1.11 1.11 1.11 1.11 1.11 1.11 1.11 1.11 1.11
1.19 1.19 1.19 1.19 1.19 1.19 1.19 1.19 1.18 1.18 1.18 1.18 1.18 1.18 1.18 1.18 1.17 1.17 1.17 1.17 1.17 1.17 1.17 1.17 1.16 1.16 1.16 1.16 1.16 1.16 1.16 1.15 1.15 1.15 1.15 1.15 1.15 1.15 1.15 1.14 1.14 1.14 1.14 1.14 1.14 1.14 1.13 1.13 1.13 1.13 1.13 1.13 1.13 1.13 1.13 1.12 1.12 1.12 1.12 1.12 1.12 1.12 1.12 1.12 1.12 1.12 1.12 1.12 1.12 1.12 1.11 1.11 1.11 1.11 1.11 1.11 1.11 1.11 1.11 1.11 1.11 1.11 1.11 1.11
1.19 1.19 1.19 1.19 1.19 1.19 1.18 1.18 1.18 1.18 1.18 1.18 1.18 1.18 1.18 1.17 1.17 1.17 1.17 1.17 1.17 1.17 1.16 1.16 1.16 1.16 1.16 1.16 1.16 1.16 1.15 1.15 1.15 1.15 1.15 1.15 1.15 1.14 1.14 1.14 1.14 1.14 1.14 1.14 1.13 1.13 1.13 1.13 1.13 1.13 1.13 1.13 1.13 1.12 1.12 1.12 1.12 1.12 1.12 1.12 1.12 1.12 1.12 1.12 1.12 1.12 1.12 1.12 1.12 1.11 1.11 1.11 1.11 1.11 1.11 1.11 1.11 1.11 1.11 1.11 1.11 1.11 1.11 1.11
1.19 1.19 1.19 1.19 1.18 1.18 1.18 1.18 1.18 1.18 1.18 1.18 1.18 1.17 1.17 1.17 1.17 1.17 1.17 1.17 1.17 1.16 1.16 1.16 1.16 1.16 1.16 1.16 1.15 1.15 1.15 1.15 1.15 1.15 1.15 1.14 1.14 1.14 1.14 1.14 1.14 1.14 1.14 1.13 1.13 1.13 1.13 1.13 1.13 1.13 1.13 1.13 1.12 1.12 1.12 1.12 1.12 1.12 1.12 1.12 1.12 1.12 1.12 1.12 1.12 1.12 1.12 1.12 1.11 1.11 1.11 1.11 1.11 1.11 1.11 1.11 1.11 1.11 1.11 1.11 1.11 1.11 1.11 1.11
1.19 1.19 1.18 1.18 1.18 1.18 1.18 1.18 1.18 1.18 1.18 1.17 1.17 1.17 1.17 1.17 1.17 1.17 1.17 1.16 1.16 1.16 1.16 1.16 1.16 1.16 1.15 1.15 1.15 1.15 1.15 1.15 1.15 1.14 1.14 1.14 1.14 1.14 1.14 1.14 1.14 1.13 1.13 1.13 1.13 1.13 1.13 1.13 1.13 1.13 1.12 1.12 1.12 1.12 1.12 1.12 1.12 1.12 1.12 1.12 1.12 1.12 1.12 1.12 1.12 1.12 1.12 1.11 1.11 1.11 1.11 1.11 1.11 1.11 1.11 1.11 1.11 1.11 1.11 1.11 1.11 1.11 1.11 1.11
1.19 1.18 1.18 1.18 1.18 1.18 1.18 1.18 1.18 1.18 1.17 1.17 1.17 1.17 1.17 1.17 1.17 1.17 1.16 1.16 1.16 1.16 1.16 1.16 1.16 1.15 1.15 1.15 1.15 1.15 1.15 1.15 1.14 1.14 1.14 1.14 1.14 1.14 1.14 1.13 1.13 1.13 1.13 1.13 1.13 1.13 1.13 1.13 1.12 1.12 1.12 1.12 1.12 1.12 1.12 1.12 1.12 1.12 1.12 1.12 1.12 1.12 1.12 1.12 1.12 1.11 1.11 1.11 1.11 1.11 1.11 1.11 1.11 1.11 1.11 1.11 1.11 1.11 1.11 1.11 1.11 1.11 1.11 1.11
1.18 1.18 1.18 1.18 1.18 1.18 1.18 1.18 1.18 1.17 1.17 1.17 1.17 1.17 1.17 1.17 1.16 1.16 1.16 1.16 1.16 1.16 1.16 1.15 1.15 1.15 1.15 1.15 1.15 1.15 1.14 1.14 1.14 1.14 1.14 1.14 1.14 1.13 1.13 1.13 1.13 1.13 1.13 1.13 1.13 1.13 1.12 1.12 1.12 1.12 1.12 1.12 1.12 1.12 1.12 1.12 1.12 1.12 1.12 1.12 1.12 1.12 1.12 1.11 1.11 1.11 1.11 1.11 1.11 1.11 1.11 1.11 1.11 1.11 1.11 1.11 1.11 1.11 1.11 1.11 1.11 1.11 1.11 1.11
1.18 1.18 1.18 1.18 1.18 1.18 1.18 1.17 1.17 1.17 1.17 1.17 1.17 1.17 1.17 1.16 1.16 1.16 1.16 1.16 1.16 1.16 1.15 1.15 1.15 1.15 1.15 1.15 1.15 1.14 1.14 1.14 1.14 1.14 1.14 1.14 1.13 1.13 1.13 1.13 1.13 1.13 1.13 1.13 1.12 1.12 1.12 1.12 1.12 1.12 1.12 1.12 1.12 1.12 1.12 1.12 1.12 1.12 1.12 1.12 1.11 1.11 1.11 1.11 1.11 1.11 1.11 1.11 1.11 1.11 1.11 1.11 1.11 1.11 1.11 1.11 1.11 1.11 1.11 1.11 1.11 1.11 1.11 1.11
1.18 1.18 1.18 1.18 1.18 1.18 1.17 1.17 1.17 1.17 1.17 1.17 1.17 1.17 1.16 1.16 1.16 1.16 1.16 1.16 1.16 1.15 1.15 1.15 1.15 1.15 1.15 1.14 1.14 1.14 1.14 1.14 1.14 1.14 1.13 1.13 1.13 1.13 1.13 1.13 1.13 1.13 1.12 1.12 1.12 1.12 1.12 1.12 1.12 1.12 1.12 1.12 1.12 1.12 1.12 1.12 1.12 1.11 1.11 1.11 1.11 1.11 1.11 1.11 1.11 1.11 1.11 1.11 1.11 1.11 1.11 1.11 1.11 1.11 1.11 1.11 1.11 1.11 1.11 1.11 1.11 1.11 1.11 1.11
1.18 1.18 1.18 1.18 1.18 1.17 1.17 1.17 1.17 1.17 1.17 1.17 1.17 1.16 1.16 1.16 1.16 1.16 1.16 1.16 1.15 1.15 1.15 1.15 1.15 1.15 1.14 1.14 1.14 1.14 1.14 1.14 1.14 1.13 1.13 1.13 1.13 1.13 1.13 1.13 1.12 1.12 1.12 1.12 1.12 1.12 1.12 1.12 1.12 1.12 1.12 1.12 1.12 1.12 1.11 1.11 1.11 1.11 1.11 1.11 1.11 1.11 1.11 1.11 1.11 1.11 1.11 1.11 1.11 1.11 1.11 1.11 1.11 1.11 1.11 1.11 1.11 1.11 1.11 1.11 1.11 1.11 1.11 1.11
1.18 1.18 1.18 1.18 1.17 1.17 1.17 1.17 1.17 1.17 1.17 1.17 1.16 1.16 1.16 1.16 1.16 1.16 1.16 1.15 1.15 1.15 1.15 1.15 1.15 1.14 1.14 1.14 1.14 1.14 1.14 1.13 1.13 1.13 1.13 1.13 1.13 1.13 1.13 1.12 1.12 1.12 1.12 1.12 1.12 1.12 1.12 1.12 1.12 1.12 1.12 1.11 1.11 1.11 1.11 1.11 1.11 1.11 1.11 1.11 1.11 1.11 1.11 1.11 1.11 1.11 1.11 1.11 1.11 1.11 1.11 1.11 1.11 1.11 1.11 1.11 1.11 1.11 1.11 1.11 1.11 1.11 1.11 1.11
1.18 1.18 1.18 1.17 1.17 1.17 1.17 1.17 1.17 1.17 1.17 1.16 1.16 1.16 1.16 1.16 1.16 1.16 1.15 1.15 1.15 3.49 1.15 1.15 1.14 1.14 1.14 1.14 1.14 1.14 1.13 1.13 1.13 1.13 1.13 1.13 1.13 1.12 1.12 1.12 1.12 1.12 1.12 1.12 1.12 1.12 1.12 1.12 1.11 1.11 1.11 1.11 1.11 1.11 1.11 1.11 1.11 1.11 1.11 1.11 1.11 1.11 1.11 1.11 1.11 1.11 1.11 1.11 1.11 1.11 1.11 1.11 1.11 1.11 1.11 1.11 1.11 1.11 1.11 1.11 1.11 1.11 1.11 1.11
1.18 1.17 1.17 1.17 1.17 1.17 1.17 1.17 1.17 1.17 1.16 1.16 1.16 1.16 1.16 1.16 1.16 1.15 1.15 1.15 1.15 3.48 1.15 1.14 1.14 1.14 1.14 1.14 1.14 1.13 1.13 4.45 3.43 1.13 1.13 1.13 1.12 1.12 1.12 1.12 1.12 1.12 1.12 1.12 1.12 1.12 1.11 1.11 1.11 1.11 1.11 1.11 1.11 1.11 1.11 1.11 1.11 1.11 1.11 1.11 1.11 1.11 1.11 1.11 1.11 1.11 1.11 1.11 1.11 1.11 1.11 1.11 1.11 1.11 1.11 1.11 1.11 1.11 1.11 1.11 1.11 1.11 1.11 1.11
1.17 1.17 1.17 1.17 1.17 1.17 1.17 1.17 1.17 1.16 1.16 1.16 1.16 1.16 1.16 1.16 1.15 3.50 3.49 3.83 3.83 3.48 1.14 1.14 1.14 1.14 1.14 1.14 1.13 1.13 1.13 4.44 3.42 1.13 1.12 1.12 1.12 1.12 1.12 1.12 1.12 1.12 1.12 1.12 1.11 1.11 1.11 1.11 1.11 1.11 1.11 1.11 1.11 1.11 1.11 1.11 1.11 1.11 1.11 1.11 1.11 1.11 1.11 1.11 1.11 1.11 1.11 1.11 1.11 1.11 1.11 1.11 1.11 1.11 1.11 1.11 1.11 1.11 1.11 1.11 1.11 1.11 1.11 1.11
1.17 1.17 1.17 1.17 1.17 1.17 1.17 1.17 1.16 1.16 1.16 1.16 1.16 1.16 1.16 1.15 3.50 3.49 3.83 3.83 3.82 1.14 1.14 1.14 1.14 1.14 1.14 1.13 1.13 1.13 1.13 1.65 1.13 1.12 1.12 1.12 1.12 1.12 1.12 1.12 1.12 1.12 1.11 1.11 1.11 1.11 1.11 1.11 1.11 1.11 1.11 1.11 1.11 1.11 1.11 1.11 1.11 1.11 1.11 1.11 1.11 1.11 1.11 1.11 1.11 1.11 1.11 1.11 1.11 1.11 1.11 1.11 1.11 1.11 1.11 1.11 1.11 1.11 1.11 1.11 1.11 1.11 1.11 1.11
1.17 1.17 1.17 1.17 1.17 1.17 1.17 1.17 1.16 1.16 1.16 1.16 1.16 1.16 1.16 1.15 3.50 3.84 3.83 1.15 1.15 1.14 1.14 1.14 1.14 1.14 3.78 3.78 3.77 1.13 1.13 1.13 1.12 1.12 1.12 1.12 1.12 1.12 1.12 1.12 1.11 1.11 1.11 1.11 1.11 1.11 1.11 1.11 1.11 1.11 1.11 1.11 1.11 1.11 1.11 1.11 1.11 1.11 1.11 1.11 1.11 1.11 1.11 1.11 1.11 1.11 1.11 1.11 1.11 1.11 1.11 1.11 1.11 1.11 1.11 1.11 1.11 1.11 1.11 1.11 1.11 1.11 1.11 1.11
1.17 1.17 1.17 1.17 1.17 1.17 1.17 1.16 1.16 1.16 1.16 1.16 1.16 3.51 3.50 3.84 3.49 1.15 3.83 3.82 3.82 1.14 1.14 1.14 1.14 3.78 3.78 3.77 3.77 4.44 3.76 3.41 1.12 1.12 1.12 1.12 1.12 1.12 1.12 1.11 1.11 1.11 1.11 1.11 1.11 1.11 1.11 1.11 1.11 1.11 1.11 1.11 1.11 1.11 1.11 1.11 1.11 1.11 1.11 1.11 1.11 1.11 1.11 1.11 1.11 1.11 1.11 1.11 1.11 1.11 1.11 1.11 1.11 1.11 1.11 1.11 1.11 1.11 1.11 1.11 1.11 1.11 1.11 1.11
1.17 1.17 1.17 1.17 1.17 1.17 1.16 1.16 1.16 1.16 1.16 1.16 3.51 3.50 3.85 3.84 3.84 3.83 3.82 4.51 3.81 3.81 1.14 1.14 1.14 3.78 3.78 3.77 3.76 4.43 3.75 3.41 1.12 1.12 1.12 1.12 1.12 1.12 1.11 1.11 1.11 1.11 1.11 1.11 1.11 1.11 1.11 1.11 1.11 1.11 1.11 1.11 1.11 1.11 1.11 1.11 1.11 1.11 1.11 1.11 1.11 1.11 1.11 1.11 1.11 1.11 1.11 1.11 1.11 1.11 1.11 1.11 1.11 1.11 1.11 1.11 1.11 1.11 1.11 1.11 1.11 1.11 1.11 1.11
1.17 1.17 1.17 1.17 1.17 1.17 1.16 1.16 1.16 1.16 1.16 1.16 3.85 3.85 3.84 3.84 3.83 4.52 4.51 4.50 3.81 3.80 1.14 3.79 3.78 3.78 3.77 3.77 3.76 3.75 3.75 3.41 3.40 1.12 1.12 1.12 1.12 1.11 1.11 1.11 1.11 1.11 1.11 1.11 1.11 1.11 1.11 1.11 1.11 1.11 1.11 1.11 1.11 1.11 1.11 1.11 1.11 1.11 1.11 1.11 1.11 1.11 1.11 1.11 1.11 1.11 1.11 1.11 1.11 1.11 1.11 1.11 1.11 1.11 1.11 1.11 1.11 1.11 1.11 1.11 1.11 1.11 1.11 1.11
3.90 4.60 1.17 1.17 1.17 1.16 1.16 1.16 1.16 1.16 1.16 3.86 3.85 1.15 1.15 3.49 3.83 1.15 3.48 3.81 1.67 1.14 3.45 3.79 3.78 3.78 3.77 3.76 3.76 3.75 3.74 3.40 3.40 1.12 1.12 1.12 1.11 1.11 1.11 1.11 1.11 1.11 1.11 1.11 1.11 1.11 1.11 1.11 1.11 1.11 1.11 1.11 1.11 1.11 1.11 1.11 1.11 1.11 1.11 1.11 1.11 1.11 1.11 1.11 1.11 1.11 1.11 1.11 1.11 1.11 1.11 1.11 1.11 1.11 1.11 1.11 1.11 1.11 1.11 1.11 1.11 1.11 1.11 1.10
4.60 4.59 1.17 3.89 1.17 3.88 1.16 3.87 3.87 1.16 1.16 3.85 3.85 1.15 3.65 3.49 4.52 1.04 3.47 3.81 3.80 3.80 3.79 3.79 3.78 3.77 3.77 4.44 3.42 3.41 3.40 3.40 1.12 1.12 1.12 1.11 1.11 1.11 1.11 1.11 1.11 1.11 1.11 1.11 1.11 1.11 1.11 1.11 1.11 1.11 1.11 1.11 1.11 1.11 1.11 1.11 1.11 1.11 1.11 1.11 1.11 1.11 1.11 1.11 1.11 1.11 1.11 1.11 1.11 3.52 1.11 1.11 1.11 1.11 1.11 1.11 1.11 1.11 1.11 1.11 1.11 1.11 1.10 1.10
1.17 3.89 1.17 3.89 1.16 1.16 3.87 3.87 1.16 1.16 1.16 3.85 3.85 3.84 4.53 4.52 4.52 3.48 3.81 3.81 3.80 3.80 3.79 3.78 3.78 3.77 4.44 4.43 4.43 1.12 1.12 1.12 1.12 1.12 1.11 1.11 1.11 1.11 1.11 1.11 1.11 1.11 1.11 1.11 1.11 1.10 1.10 1.10 1.10 1.10 1.10 1.10 1.10 1.11 1.11 1.11 1.11 1.11 1.11 1.11 1.11 1.11 1.11 1.11 1.11 1.11 1.11 1.11 1.11 1.11 1.11 1.11 1.11 1.11 1.11 1.11 1.11 1.11 1.11 1.11 1.11 1.10 1.10 1.10
1.17 3.89 3.89 3.88 1.16 1.16 3.87 3.87 3.86 1.16 1.16 3.85 3.85 3.84 3.84 1.15 3.83 3.82 3.81 3.46 3.80 3.79 3.79 4.46 4.45 4.45 4.44 4.43 1.12 3.56 1.12 1.12 1.12 1.12 1.11 1.11 1.11 1.11 1.11 1.11 1.11 1.11 1.11 1.11 1.10 1.10 1.10 1.10 1.10 1.10 1.10 1.10 1.10 1.10 1.11 1.11 1.11 1.11 1.11 1.11 1.11 1.11 1.11 1.11 1.11 1.11 1.11 1.11 1.11 1.11 1.11 1.11 1.11 1.11 1.11 1.11 1.11 1.11 1.11 1.11 1.10 1.10 1.10 1.10
1.17 3.89 3.88 3.88 1.16 1.16 3.52 3.87 1.16 1.16 3.51 3.50 3.84 1.69 3.49 1.15 1.15 3.82 3.81 3.46 3.80 3.45 4.47 4.46 4.45 4.45 4.44 3.42 3.41 1.12 1.12 1.12 1.12 1.12 1.11 1.11 1.11 1.11 1.63 1.11 1.11 1.11 1.11 1.10 1.10 1.10 1.10 1.10 1.10 1.10 1.10 1.10 1.10 1.10 1.10 1.11 1.11 1.11 1.11 1.11 1.11 1.11 1.11 1.11 1.11 1.11 1.11 1.11 1.11 1.11 1.11 1.11 1.11 1.11 1.11 1.11 1.11 1.11 1.11 1.10 1.10 1.10 1.10 1.10
1.17 1.17 1.16 1.16 3.88 3.87 3.52 3.87 1.16 1.16 1.16 3.85 3.84 3.49 3.49 1.15 1.15 1.15 3.81 3.46 3.46 1.14 4.47 4.46 4.45 4.44 4.44 3.41 3.41 3.40 1.12 1.12 1.12 1.11 1.11 1.11 1.11 1.11 1.11 1.62 1.11 1.11 1.10 1.10 1.10 3.68 3.68 1.10 1.10 1.10 1.10 1.10 1.10 1.10 1.10 1.10 1.11 1.11 1.11 1.11 1.11 1.11 1.11 1.11 1.11 1.11 1.11 1.11 1.11 1.11 1.11 1.11 1.11 1.11 1.11 1.11 1.11 1.11 1.10 1.10 1.10 1.10 1.10 1.09
1.17 1.17 1.16 1.16 1.16 1.16 1.16 3.52 1.70 1.16 1.16 1.15 3.84 3.49 3.49 3.48 3.48 3.82 3.81 3.46 3.46 3.45 1.14 4.46 4.45 4.44 3.42 3.75 3.41 3.74 1.12 3.73 1.12 1.11 1.11 1.11 1.11 1.11 1.62 1.62 1.11 1.10 1.10 3.68 3.68 3.68 3.67 1.10 1.10 1.10 1.10 1.10 1.10 1.10 1.10 1.10 1.10 1.11 1.11 1.11 1.11 1.11 1.11 1.11 1.11 1.11 1.11 1.11 1.11 1.11 1.11 1.11 1.11 1.11 1.11 1.11 1.10 1.10 1.10 1.10 1.10 1.10 1.09 1.09
1.17 1.16 1.16 1.16 1.16 1.16 1.16 3.52 3.51 1.16 1.16 1.15 4.53 4.53 4.52 4.51 4.51 3.82 3.81 3.46 3.80 3.45 3.78 3.78 4.45 4.44 4.43 3.75 3.41 3.74 3.73 3.39 3.38 1.11 1.11 3.70 1.63 1.11 1.62 1.62 3.68 3.68 3.68 3.68 3.68 3.67 3.67 1.10 1.10 1.10 1.10 1.10 1.10 1.10 1.10 1.10 1.10 1.10 1.11 1.11 1.11 1.11 1.11 1.11 1.11 1.11 1.11 3.51 3.51 1.11 1.11 1.11 1.11 1.11 1.11 1.10 1.10 1.10 1.10 1.10 1.10 1.09 1.09 1.09
1.17 1.16 1.16 1.16 1.16 1.16 4.56 4.56 4.55 1.16 1.15 1.15 4.53 4.53 4.52 4.51 3.82 3.81 3.81 3.80 3.80 3.79 3.78 3.78 4.45 3.76 3.76 3.75 3.74 3.74 3.73 3.39 3.72 3.71 1.11 3.70 3.70 3.69 3.69 3.69 3.68 3.68 3.68 3.68 3.67 3.67 1.10 1.10 1.10 1.10 1.10 1.10 1.10 1.10 1.10 1.10 1.10 1.10 1.11 1.11 1.11 1.11 1.11 3.51 3.51 3.51 3.51 3.51 3.51 3.51 3.50 3.50 3.50 3.50 1.10 1.10 1.10 1.10 1.10 1.10 1.10 1.09 1.09 1.09
1.16 4.58 1.16 1.16 1.16 1.16 4.56 1.16 1.16 1.16 1.15 1.15 4.53 3.83 3.83 4.51 3.82 3.81 3.81 3.80 3.80 3.79 3.78 4.46 4.45 3.76 3.76 3.75 3.41 3.40 3.73 3.39 3.38 3.71 3.71 3.70 3.70 3.69 3.69 3.68 3.68 3.68 3.68 3.67 3.67 1.10 1.10 1.10 1.10 1.10 1.10 1.10 1.10 1.10 1.10 1.10 1.10 1.10 1.10 1.11 1.11 1.11 1.11 3.50 3.50 3.50 3.50 3.50 3.50 3.50 3.50 3.50 1.10 1.10 1.10 1.10 1.10 1.10 1.10 1.10 1.09 1.09 1.09 1.09
3.88 1.16 1.16 1.16 3.87 1.16 4.56 1.16 1.16 4.54 4.54 1.15 3.84 3.83 4.52 3.78 4.51 3.81 3.81 3.80 3.80 3.79 3.78 3.78 3.77 3.76 3.76 3.75 3.74 3.74 3.73 3.39 3.72 3.71 3.71 3.70 3.70 3.69 3.69 3.68 3.68 3.68 3.68 3.67 3.67 3.67 3.67 3.67 3.67 3.67 3.67 3.67 3.67 3.67 3.67 1.10 1.10 1.10 1.10 1.10 1.10 1.11 1.11 3.50 3.50 3.50 3.50 1.11 1.11 3.50 1.10 1.10 1.10 1.10 1.10 1.10 1.10 1.10 1.10 1.09 1.09 1.09 1.09 1.08
3.53 4.57 1.16 3.87 3.87 3.86 4.56 1.16 4.55 1.15 4.54 3.84 3.49 3.83 4.52 4.51 4.50 3.81 3.81 3.80 3.79 3.79 3.78 4.46 3.77 3.76 3.76 3.41 3.74 3.74 3.73 3.72 3.72 3.71 3.71 3.70 3.70 3.69 3.69 3.68 3.68 3.68 3.67 3.67 3.67 3.67 3.67 3.67 3.67 3.67 3.67 3.67 4.33 4.33 3.67 3.49 1.10 1.10 1.10 1.10 1.10 1.10 1.10 3.50 3.50 1.11 1.10 1.10 3.50 3.50 3.49 3.49 1.10 1.10 1.10 1.10 1.10 1.10 1.09 1.09 1.09 1.09 1.08 1.08
4.58 1.16 1.70 3.87 3.87 3.86 3.86 3.86 1.16 3.85 3.84 3.49 3.84 3.83 3.83 3.82 4.50 4.50 3.46 4.48 4.48 3.79 3.78 4.46 4.45 3.76 3.76 3.75 3.74 3.74 3.73 3.72 3.72 3.71 3.71 3.70 3.70 3.69 3.69 3.68 3.68 3.68 3.67 3.67 3.67 3.67 3.67 3.67 3.67 4.33 4.33 3.67 3.67 4.33 4.33 3.49 3.67 3.49 1.10 1.10 1.10 3.68 1.10 1.10 3.50 1.10 1.10 1.10 3.49 1.10 1.10 1.10 1.10 1.10 1.10 1.10 1.10 1.09 1.09 1.09 1.09 1.08 1.08 1.08
