New_Model_Runs/2_scn1_noclimate_out/post_prcessed_with_MFR/Monthly_summaries/actual_et_monthly_APR.asc
NCOLS 700
NROWS 400
XLLCENTER 515000.000000
YLLCENTER 8409000.000000
CELLSIZE 50.000000
NODATA_value -999.000000
[rows 114 to 151 of 400, columns 504 to 587 of 700]
0.91 0.91 0.92 0.92 0.92 0.92 0.93 0.93 0.93 0.94 0.94 0.95 0.95 0.95 0.96 0.96 0.97 2.96 2.98 3.00 3.02 3.33 3.35 3.07 3.09 1.50 1.03 3.27 1.04 3.16 3.17 3.19 3.20 1.06 1.06 1.06 1.06 3.24 4.20 1.07 1.07 1.07 1.08 1.08 1.08 1.08 1.08 1.08 1.08 1.08 1.08 1.08 1.09 1.09 1.09 1.09 1.09 1.09 1.09 1.09 1.09 1.09 1.09 1.09 1.10 1.10 1.10 1.10 1.10 1.10 1.10 1.10 1.10 1.10 1.11 1.11 1.11 4.01 0.00 0.00 0.00 0.00 0.00 0.00
0.91 0.91 0.92 0.92 0.92 0.92 0.93 0.93 0.93 0.94 0.94 0.95 0.95 0.96 0.96 0.97 0.97 0.98 0.99 3.01 3.03 3.05 3.97 4.00 4.02 3.12 1.03 1.04 1.04 3.17 3.18 4.14 3.21 1.06 1.06 1.06 1.07 1.07 4.21 4.22 1.07 1.08 1.08 1.08 1.08 1.08 1.08 1.08 1.08 1.08 1.08 1.09 1.09 1.09 1.09 1.09 1.09 1.09 1.09 1.09 1.09 1.09 1.09 1.10 1.10 1.10 1.10 1.10 1.10 1.10 1.10 1.10 1.10 1.11 1.11 1.11 1.11 3.37 3.37 3.38 4.02 3.85 3.85 4.03
0.91 0.92 0.92 0.92 0.92 0.93 0.93 0.93 0.94 0.94 0.94 0.95 0.95 0.96 0.97 0.97 0.98 0.98 0.99 1.00 1.00 1.01 1.01 1.02 1.03 4.06 4.08 4.09 1.05 1.05 1.05 3.21 1.06 1.06 1.07 1.07 1.07 1.07 1.07 4.23 1.08 1.08 1.08 3.27 1.08 1.08 1.08 1.08 1.08 3.29 1.09 1.09 1.09 1.09 1.09 1.09 1.09 1.09 1.09 1.09 1.09 1.09 1.09 1.10 1.10 1.10 1.10 1.10 1.10 1.10 1.10 1.10 1.11 1.11 1.11 1.11 1.11 3.37 3.38 3.38 4.39 4.40 4.40 4.41
0.91 0.92 0.92 0.92 0.92 0.93 0.93 0.93 0.94 0.94 0.95 0.95 0.96 0.96 0.97 0.97 0.98 0.99 0.99 1.00 1.01 1.01 1.02 1.03 3.26 1.04 1.04 1.05 1.05 1.05 3.52 1.06 1.06 1.07 1.07 1.07 1.07 1.07 1.07 1.08 1.08 1.08 1.08 1.08 1.08 1.08 1.08 3.29 1.08 4.27 3.62 3.62 3.62 1.09 1.09 1.09 1.09 1.09 1.09 1.09 1.09 1.09 1.10 1.10 1.10 1.10 1.10 1.10 1.10 1.10 1.10 1.10 1.11 1.11 1.11 1.11 1.11 1.11 3.38 3.38 4.39 4.40 3.40 3.40
0.92 0.92 0.92 0.92 0.93 0.93 0.93 0.94 0.94 0.95 0.95 0.96 0.96 0.97 0.97 0.98 0.99 0.99 1.00 1.01 1.01 1.02 1.02 1.03 1.04 1.04 1.53 1.05 1.05 1.06 1.06 1.06 1.07 1.07 1.07 1.07 1.07 1.08 1.08 1.08 1.08 1.08 1.08 1.08 1.08 1.08 1.08 3.29 3.29 3.29 3.62 3.62 1.09 1.09 1.09 1.09 1.09 1.09 1.09 1.09 1.09 1.09 1.10 1.10 1.10 1.10 1.10 1.10 1.10 1.10 1.10 1.11 1.11 1.11 1.11 1.11 1.11 1.11 3.38 3.39 4.40 4.40 3.73 3.41
0.92 0.92 0.92 0.93 0.93 0.93 0.94 0.94 0.94 0.95 0.95 0.96 0.97 0.97 0.98 0.98 0.99 1.00 1.00 1.01 1.02 1.02 1.03 1.04 1.04 1.05 1.05 1.05 1.06 1.06 1.06 1.07 1.07 1.07 1.07 1.07 1.08 1.08 1.08 1.08 1.08 1.08 1.08 1.08 4.26 4.26 4.27 3.62 3.62 1.09 1.09 1.09 3.30 1.09 1.09 1.09 1.09 1.09 1.09 1.09 1.09 1.10 1.10 1.10 1.10 1.10 1.10 1.10 1.10 1.10 1.11 1.11 1.11 1.11 1.11 1.11 1.11 1.11 1.64 1.64 3.73 4.41 4.41 3.74
0.92 0.92 0.93 0.93 0.93 0.94 0.94 0.94 0.95 0.95 0.96 0.96 0.97 0.98 0.98 0.99 1.00 1.00 1.01 1.02 1.02 1.03 1.03 1.04 1.05 1.05 3.20 1.06 1.06 1.07 1.07 1.07 1.07 1.07 1.08 1.08 1.08 3.27 3.28 3.28 1.08 1.08 1.08 3.29 3.61 1.59 3.29 1.09 3.62 1.09 1.09 1.09 1.09 1.09 1.09 1.09 1.09 1.09 1.09 1.09 1.09 1.10 1.10 1.10 1.10 1.10 1.10 1.10 1.10 1.10 1.11 1.11 1.11 1.11 1.11 1.11 1.63 1.64 1.64 1.64 3.73 3.74 3.41 3.75
0.92 0.93 0.93 0.93 0.93 0.94 0.94 0.95 0.95 0.96 0.96 0.97 0.97 0.98 0.99 0.99 1.00 1.01 1.02 1.02 1.03 1.03 1.04 1.05 1.05 3.20 3.53 3.54 1.07 1.07 1.07 1.07 1.07 1.08 1.08 1.08 1.08 3.28 3.28 3.28 1.08 4.26 4.26 3.29 3.29 1.09 3.29 1.09 1.09 1.09 1.09 1.09 1.09 1.09 1.09 1.09 1.09 1.09 1.09 1.09 1.10 1.10 1.10 1.10 1.10 1.10 1.10 1.10 1.10 1.11 1.11 1.11 1.11 1.11 1.11 1.11 1.12 1.12 1.12 1.64 3.74 3.74 3.41 3.75
0.93 0.93 0.93 0.94 0.94 0.94 0.95 0.95 0.96 0.96 0.97 0.97 0.98 0.99 0.99 1.00 1.01 1.01 1.02 1.03 1.03 1.04 1.05 1.05 1.06 1.06 3.55 3.56 3.57 1.07 1.07 3.26 3.59 3.27 3.28 1.08 4.25 1.08 3.28 3.61 3.61 3.61 4.27 3.29 3.29 1.09 1.09 1.09 1.09 1.09 1.09 1.09 1.09 1.09 1.09 1.09 1.09 1.09 1.09 1.09 1.10 1.10 1.10 1.10 1.10 1.10 1.10 1.10 1.10 1.11 1.11 1.11 1.11 1.11 1.11 1.11 1.12 1.12 1.12 1.12 3.41 3.41 1.13 1.13
0.93 0.93 0.94 0.94 0.94 1.39 0.95 0.96 0.96 3.06 0.97 0.98 0.99 0.99 1.00 1.01 3.21 1.02 1.03 1.03 1.04 1.05 1.05 1.06 1.06 1.06 3.24 3.57 3.58 1.08 1.08 3.27 3.60 3.60 3.28 3.28 3.28 1.08 1.08 3.61 1.08 3.62 3.29 1.09 1.09 1.09 1.09 1.09 1.09 1.09 1.09 1.09 1.09 1.09 1.09 1.09 1.09 1.09 1.09 1.10 1.10 1.10 1.10 1.10 1.10 1.10 1.10 1.10 1.11 1.11 1.11 1.11 1.11 1.11 1.11 1.12 1.12 1.12 1.12 1.12 1.12 1.13 1.13 1.13
0.93 0.94 0.94 0.94 0.95 0.95 0.96 0.96 0.97 0.97 0.98 0.98 0.99 1.00 1.00 1.01 1.02 1.02 3.13 3.15 1.04 1.05 1.06 1.06 1.06 1.07 1.07 1.07 1.08 1.08 1.08 3.28 3.60 3.61 1.08 3.61 3.61 3.61 1.08 1.08 1.08 1.09 1.09 1.09 1.09 1.09 1.09 1.09 1.09 1.09 1.09 1.09 1.09 1.09 1.09 1.09 1.09 1.09 1.09 1.10 1.10 1.10 1.10 1.10 1.10 1.10 1.10 1.11 1.11 1.11 1.11 1.11 1.11 1.11 1.12 1.12 1.12 1.12 1.12 1.12 1.13 1.13 1.13 1.13
0.94 0.94 0.95 0.95 0.95 0.96 0.96 0.97 0.97 0.98 0.98 0.99 1.00 1.00 1.01 1.02 1.02 1.03 3.14 3.48 3.50 1.05 1.06 1.06 1.07 1.07 3.54 4.22 4.24 4.25 1.08 1.08 3.61 4.26 4.26 3.24 4.27 4.27 1.08 1.09 1.09 1.09 1.09 1.09 1.09 1.09 1.09 1.09 1.09 1.09 1.09 1.09 1.09 1.09 1.09 1.09 1.09 1.09 1.09 1.10 1.10 1.10 1.10 1.10 1.10 1.10 1.10 1.11 1.11 1.11 1.11 1.11 1.11 1.11 1.12 1.12 1.12 1.12 1.12 1.12 1.13 1.13 1.13 1.13
0.94 0.95 0.95 0.95 0.96 0.96 0.97 0.97 0.98 0.98 0.99 0.99 1.00 1.01 1.01 1.02 1.03 3.14 3.16 4.12 4.14 3.35 1.06 1.07 1.07 3.22 4.22 4.22 4.23 3.23 4.24 4.26 4.26 4.26 4.27 4.27 1.08 1.08 1.09 1.09 1.09 1.09 1.09 1.09 1.09 1.09 1.09 1.09 1.09 1.09 1.09 1.09 1.09 1.09 1.09 1.09 1.09 1.09 1.10 1.10 1.10 1.10 1.10 1.10 1.10 1.10 1.11 1.11 1.11 1.11 1.11 1.11 1.11 1.12 1.12 1.12 1.12 1.12 1.12 1.13 1.13 1.13 1.13 1.13
0.95 0.95 0.96 0.96 0.96 0.97 0.97 0.98 0.98 0.99 0.99 1.00 1.01 1.01 1.02 1.03 1.03 3.15 3.17 3.19 3.52 3.36 1.07 4.19 3.21 3.22 3.23 4.23 4.23 3.23 4.24 3.24 4.26 4.27 3.62 3.29 1.08 1.08 1.08 1.08 1.09 1.09 1.09 1.09 1.09 1.09 3.62 1.09 1.09 1.09 1.09 1.09 1.09 1.09 1.09 1.09 1.09 1.09 1.10 3.33 1.10 1.10 3.34 3.34 1.10 1.10 1.11 1.11 1.11 1.11 1.11 1.11 1.12 1.12 1.12 1.12 1.12 1.12 1.13 1.13 1.13 1.13 1.13 1.13
0.95 0.96 0.96 0.96 0.97 0.97 0.98 0.98 0.99 0.99 1.00 1.01 1.01 1.02 1.02 1.03 1.04 3.16 3.18 4.15 4.17 4.19 4.21 3.21 3.22 3.22 4.23 0.00 0.00 0.00 0.00 0.00 0.00 4.27 4.27 1.08 1.08 1.08 1.08 1.08 1.08 1.08 1.08 4.27 4.27 4.27 4.27 1.59 3.30 1.09 1.09 1.09 1.09 1.09 1.09 1.09 1.09 1.09 1.10 3.65 3.66 3.66 3.66 3.34 1.10 1.11 1.11 1.11 1.11 1.11 1.11 1.11 1.12 1.12 1.12 1.12 1.12 1.13 1.13 1.13 1.13 1.13 1.13 1.14
0.96 0.96 0.97 0.97 0.97 0.98 0.98 0.99 0.99 1.00 1.00 1.01 1.02 1.02 1.03 1.03 3.47 3.18 3.19 3.21 4.18 4.20 3.21 4.21 3.22 0.00 0.00 0.00 0.00 0.00 0.00 0.00 0.00 0.00 4.26 1.08 1.08 1.08 1.08 1.08 1.08 3.61 3.29 3.29 4.27 4.27 1.09 3.29 1.09 1.09 1.09 1.09 1.09 1.09 1.09 1.09 1.09 1.09 1.10 3.33 3.66 3.66 3.34 1.10 1.10 1.11 1.11 1.11 1.11 1.11 1.11 1.12 1.12 1.12 1.12 1.12 1.12 1.13 1.13 1.13 1.13 4.46 1.14 1.14
0.96 0.97 0.97 0.98 0.98 0.98 1.45 0.99 1.00 1.00 1.01 1.02 1.02 1.03 1.03 1.04 3.48 1.05 3.52 4.17 4.19 4.20 4.20 4.21 0.00 0.00 0.00 0.00 0.00 0.00 0.00 0.00 0.00 0.00 0.00 1.08 1.08 1.08 1.08 3.29 4.26 4.26 4.26 3.24 4.27 1.08 1.09 1.09 1.09 1.09 1.09 1.09 1.09 1.09 1.09 1.09 1.09 1.10 1.10 3.33 3.66 3.67 3.34 1.10 1.11 1.11 1.11 1.11 1.11 1.11 1.12 1.12 1.12 1.12 1.12 1.12 1.13 1.13 1.13 1.13 1.13 1.14 1.14 1.14
0.97 0.97 0.98 0.98 0.99 0.99 0.99 1.00 3.18 3.19 1.01 1.02 1.03 1.03 1.04 3.47 3.49 1.05 3.53 3.22 3.23 3.25 1.07 4.21 0.00 0.00 0.00 0.00 0.00 0.00 0.00 0.00 0.00 0.00 0.00 0.00 4.26 1.08 0.00 0.00 0.00 4.26 4.26 4.26 3.29 1.08 1.08 1.09 1.09 1.09 1.09 1.09 1.09 1.09 1.09 1.09 1.09 1.10 1.10 3.33 3.66 3.34 3.34 1.10 1.11 1.11 1.11 1.11 1.11 1.11 1.12 1.12 1.12 1.12 1.12 1.13 1.13 1.13 1.13 1.13 1.14 1.14 1.14 1.14
0.98 0.98 0.98 0.99 0.99 0.99 3.03 3.05 1.01 1.01 1.02 1.02 3.43 3.45 3.15 3.48 3.50 3.52 1.06 3.23 1.07 1.07 4.22 0.00 0.00 0.00 0.00 0.00 0.00 0.00 0.00 0.00 0.00 0.00 0.00 1.08 1.08 0.00 0.00 0.00 0.00 0.00 0.00 3.24 4.26 1.08 1.08 1.08 1.09 1.09 1.09 1.09 1.09 1.09 1.09 1.09 1.09 1.10 1.10 3.66 3.66 3.34 3.35 1.11 1.11 1.11 1.11 1.11 1.11 1.12 1.12 1.12 1.12 1.12 1.13 1.13 1.13 1.13 1.13 1.13 1.14 1.14 1.14 1.14
0.98 0.98 0.99 0.99 1.00 3.03 3.05 3.06 3.07 4.00 1.02 1.03 1.03 3.46 4.10 3.18 4.12 4.14 3.22 1.06 1.07 1.07 0.00 0.00 0.00 0.00 0.00 0.00 0.00 0.00 0.00 0.00 0.00 0.00 0.00 0.00 0.00 0.00 0.00 0.00 0.00 0.00 0.00 0.00 3.61 3.61 1.08 1.08 1.09 1.09 1.09 1.09 1.09 1.09 1.09 1.09 1.09 1.10 1.10 1.10 1.10 1.10 1.10 1.11 1.11 1.11 1.11 1.11 1.12 1.12 1.12 1.12 1.12 1.12 1.13 1.13 1.13 1.13 1.13 1.14 1.14 1.14 1.14 1.14
0.99 0.99 0.99 1.00 1.00 1.01 1.01 3.38 3.09 1.50 1.51 3.13 3.14 4.10 4.10 4.12 4.13 4.15 0.00 0.00 0.00 0.00 0.00 0.00 0.00 0.00 0.00 0.00 0.00 0.00 0.00 0.00 0.00 0.00 0.00 0.00 0.00 0.00 0.00 0.00 0.00 0.00 0.00 0.00 4.25 1.08 1.08 1.08 1.08 1.09 1.09 1.09 1.09 1.09 1.09 1.09 1.09 1.10 1.10 1.10 1.10 1.10 1.10 1.11 1.11 1.11 1.11 1.11 1.12 1.12 1.12 1.12 1.12 1.13 1.13 1.13 1.13 1.13 1.14 1.14 1.14 1.14 1.14 1.15
0.99 1.00 1.00 1.00 1.01 1.48 1.01 4.01 4.02 4.03 4.04 4.06 4.08 0.00 0.00 0.00 0.00 0.00 0.00 0.00 0.00 0.00 0.00 0.00 0.00 0.00 0.00 0.00 0.00 0.00 0.00 0.00 0.00 0.00 0.00 0.00 0.00 0.00 0.00 0.00 0.00 0.00 0.00 1.08 4.25 3.28 1.08 1.08 1.08 1.09 1.09 1.09 1.09 1.09 1.09 1.09 1.10 1.10 1.10 1.10 1.10 1.10 1.11 1.11 1.11 1.11 1.11 1.12 1.12 1.12 1.12 1.12 1.13 1.13 1.13 1.13 1.13 1.14 1.14 1.14 1.14 1.14 1.15 1.15
1.00 1.00 1.00 1.01 1.01 3.38 4.01 4.02 4.03 4.04 0.00 0.00 0.00 0.00 0.00 0.00 0.00 0.00 0.00 0.00 0.00 0.00 0.00 0.00 0.00 0.00 0.00 0.00 0.00 0.00 0.00 0.00 0.00 0.00 0.00 0.00 0.00 0.00 0.00 0.00 0.00 0.00 0.00 1.08 4.25 3.28 1.08 1.08 4.24 3.62 1.09 1.09 1.09 1.09 1.09 1.09 1.10 1.10 1.10 1.10 1.10 1.10 1.11 1.11 1.11 1.11 1.11 1.12 1.12 1.12 1.12 1.13 1.13 1.13 1.13 1.13 1.14 1.14 1.14 1.14 1.14 1.15 1.15 1.15
1.00 1.01 1.01 1.01 1.02 3.09 3.10 4.03 0.00 0.00 0.00 0.00 0.00 0.00 0.00 0.00 0.00 0.00 0.00 0.00 0.00 0.00 0.00 0.00 0.00 0.00 0.00 0.00 0.00 0.00 0.00 0.00 0.00 0.00 0.00 0.00 0.00 0.00 0.00 0.00 0.00 0.00 0.00 0.00 0.00 0.00 0.00 4.24 4.24 4.27 3.62 3.63 3.30 1.09 1.09 1.09 1.10 1.10 1.10 1.10 1.10 1.11 1.11 1.11 1.11 1.11 1.12 1.12 1.12 1.12 1.12 1.13 1.13 1.13 1.13 1.14 1.14 1.14 1.14 1.14 1.15 1.15 1.15 1.15
1.01 1.01 1.01 3.09 3.10 3.11 4.03 0.00 0.00 0.00 0.00 0.00 0.00 0.00 0.00 0.00 0.00 0.00 0.00 0.00 0.00 0.00 0.00 0.00 0.00 0.00 0.00 0.00 0.00 0.00 0.00 0.00 0.00 0.00 0.00 0.00 0.00 0.00 0.00 0.00 0.00 0.00 0.00 0.00 0.00 0.00 0.00 0.00 4.24 3.24 3.62 3.63 3.31 3.64 3.32 1.10 1.10 1.10 1.10 1.10 1.10 1.11 1.11 1.11 1.11 1.12 1.12 1.12 1.12 1.12 1.13 1.13 1.13 1.13 1.14 1.14 1.14 1.14 1.14 1.15 1.15 1.15 1.15 1.15
3.08 4.00 4.01 3.41 3.11 3.12 4.06 0.00 0.00 0.00 0.00 0.00 0.00 0.00 0.00 0.00 0.00 0.00 0.00 0.00 0.00 0.00 0.00 0.00 0.00 0.00 0.00 0.00 0.00 0.00 0.00 0.00 0.00 0.00 0.00 0.00 0.00 0.00 0.00 0.00 0.00 0.00 0.00 0.00 0.00 0.00 0.00 0.00 0.00 4.25 3.30 3.63 3.63 3.31 3.65 3.32 3.66 1.10 1.10 1.10 1.11 1.11 1.11 1.11 1.11 1.12 1.12 1.12 1.12 1.13 1.13 1.13 1.13 1.13 1.14 1.14 1.14 1.14 1.15 1.15 1.15 1.15 1.15 1.16
1.02 3.10 4.03 3.42 1.03 1.03 4.07 0.00 0.00 0.00 0.00 0.00 0.00 0.00 0.00 0.00 0.00 0.00 0.00 0.00 0.00 0.00 0.00 0.00 0.00 0.00 0.00 0.00 0.00 0.00 0.00 0.00 0.00 0.00 0.00 0.00 0.00 0.00 0.00 0.00 0.00 0.00 0.00 0.00 0.00 0.00 0.00 0.00 0.00 4.25 3.25 4.26 3.26 4.30 4.30 4.31 4.32 3.66 1.10 1.10 3.36 1.11 1.11 1.11 1.12 1.12 1.12 1.12 1.13 1.13 1.13 1.13 1.13 1.14 1.14 1.14 1.14 1.15 1.68 1.69 3.49 1.15 1.16 3.84
1.02 3.42 3.43 3.44 1.03 1.04 1.04 0.00 0.00 0.00 0.00 0.00 0.00 0.00 0.00 0.00 0.00 0.00 0.00 0.00 0.00 0.00 0.00 0.00 0.00 0.00 0.00 0.00 0.00 0.00 0.00 0.00 0.00 0.00 0.00 0.00 0.00 0.00 0.00 0.00 0.00 0.00 0.00 0.00 0.00 0.00 0.00 0.00 0.00 0.00 3.25 3.25 4.29 4.30 3.27 3.27 4.32 4.33 3.35 3.35 3.36 1.11 1.11 1.12 1.12 1.12 1.12 1.12 1.13 1.13 1.13 1.13 1.14 1.14 1.14 1.14 1.15 1.15 1.15 1.15 1.15 1.16 1.16 3.85
1.03 1.03 1.03 3.13 4.08 0.00 0.00 0.00 0.00 0.00 0.00 0.00 0.00 0.00 0.00 0.00 0.00 0.00 0.00 0.00 0.00 0.00 0.00 0.00 0.00 0.00 0.00 0.00 0.00 0.00 0.00 0.00 0.00 0.00 0.00 0.00 0.00 0.00 0.00 0.00 0.00 0.00 0.00 0.00 0.00 0.00 0.00 0.00 0.00 0.00 4.26 3.25 4.27 3.27 4.31 3.66 3.67 3.34 3.35 1.11 1.11 1.11 1.11 1.12 1.12 1.12 1.12 1.13 1.13 1.13 1.13 1.14 1.14 1.14 1.14 1.15 1.15 1.15 3.84 3.84 3.85 3.86 4.57 3.87
1.03 1.04 4.08 4.09 0.00 0.00 0.00 0.00 0.00 0.00 0.00 0.00 0.00 0.00 0.00 0.00 0.00 0.00 0.00 0.00 0.00 0.00 0.00 0.00 0.00 0.00 0.00 0.00 0.00 0.00 0.00 0.00 0.00 0.00 0.00 0.00 0.00 0.00 0.00 0.00 0.00 0.00 0.00 0.00 0.00 0.00 0.00 0.00 0.00 0.00 0.00 4.24 4.28 3.26 3.33 3.33 3.34 1.10 1.11 1.11 1.11 1.11 1.12 1.12 1.12 1.12 1.13 1.13 1.13 1.13 1.14 1.14 1.14 1.14 1.15 1.15 1.15 1.15 1.15 1.16 3.86 3.86 3.87 3.53
3.15 4.09 0.00 0.00 0.00 0.00 0.00 0.00 0.00 0.00 0.00 0.00 0.00 0.00 0.00 0.00 0.00 0.00 0.00 0.00 0.00 0.00 0.00 0.00 0.00 0.00 0.00 0.00 0.00 0.00 0.00 0.00 0.00 0.00 0.00 0.00 0.00 0.00 0.00 0.00 0.00 0.00 0.00 0.00 0.00 0.00 0.00 0.00 0.00 0.00 0.00 4.27 3.26 4.31 4.32 3.67 3.68 1.62 3.36 1.11 1.11 1.12 1.12 1.12 1.12 1.13 1.13 1.13 1.13 1.14 1.14 1.14 1.14 1.15 1.15 1.15 1.15 1.15 1.16 1.16 1.16 3.87 3.54 3.54
4.10 0.00 0.00 0.00 0.00 0.00 0.00 0.00 0.00 0.00 0.00 0.00 0.00 0.00 0.00 0.00 0.00 0.00 0.00 0.00 0.00 0.00 0.00 0.00 0.00 0.00 0.00 0.00 0.00 0.00 0.00 0.00 0.00 0.00 0.00 0.00 0.00 0.00 0.00 0.00 0.00 0.00 0.00 0.00 0.00 0.00 0.00 0.00 0.00 0.00 0.00 4.27 4.28 3.27 4.32 3.67 1.10 3.36 1.11 1.11 1.11 1.12 1.12 1.12 1.12 1.13 1.13 1.13 1.14 1.14 1.14 1.14 1.14 1.15 1.15 1.15 1.15 1.16 1.16 1.16 1.16 1.17 1.17 3.55
0.00 0.00 0.00 0.00 0.00 0.00 0.00 0.00 0.00 0.00 0.00 0.00 0.00 0.00 0.00 0.00 0.00 0.00 0.00 0.00 0.00 0.00 0.00 0.00 0.00 0.00 0.00 0.00 0.00 0.00 0.00 0.00 0.00 0.00 0.00 0.00 0.00 0.00 0.00 0.00 0.00 0.00 0.00 0.00 0.00 0.00 0.00 0.00 0.00 0.00 0.00 4.28 4.29 4.32 4.33 3.68 3.35 3.36 3.37 1.11 1.12 1.12 1.12 1.12 1.13 1.13 1.13 1.13 1.14 1.14 1.14 1.14 1.15 1.15 1.15 1.15 1.16 1.16 1.16 1.16 1.17 1.17 3.89 1.17
0.00 0.00 0.00 0.00 0.00 0.00 0.00 0.00 0.00 0.00 0.00 0.00 0.00 0.00 0.00 0.00 0.00 0.00 0.00 0.00 0.00 0.00 0.00 0.00 0.00 0.00 0.00 0.00 0.00 0.00 0.00 0.00 0.00 0.00 0.00 0.00 0.00 0.00 0.00 0.00 0.00 0.00 0.00 0.00 0.00 0.00 0.00 0.00 0.00 0.00 0.00 4.28 4.29 3.66 1.10 3.68 3.36 3.37 3.37 1.11 1.12 1.12 1.12 1.13 1.13 1.13 1.13 1.14 1.14 1.14 1.14 1.15 1.15 1.15 1.15 1.16 1.16 1.16 1.16 1.17 1.17 1.17 4.61 4.62
0.00 0.00 0.00 0.00 0.00 0.00 0.00 0.00 0.00 0.00 0.00 0.00 0.00 0.00 0.00 0.00 0.00 0.00 0.00 0.00 0.00 0.00 0.00 0.00 0.00 0.00 0.00 0.00 0.00 0.00 0.00 0.00 0.00 0.00 0.00 0.00 0.00 0.00 0.00 0.00 0.00 0.00 0.00 0.00 0.00 0.00 0.00 0.00 0.00 0.00 0.00 4.29 3.27 1.10 1.10 3.69 1.63 3.37 3.38 1.12 1.12 3.40 3.41 1.13 1.13 1.13 1.14 1.14 1.67 1.14 1.15 1.15 1.15 1.69 1.16 1.16 1.16 1.16 1.17 1.17 4.60 4.61 0.00 0.00
0.00 0.00 0.00 0.00 0.00 0.00 0.00 0.00 0.00 0.00 0.00 0.00 0.00 0.00 0.00 0.00 0.00 0.00 0.00 0.00 0.00 0.00 0.00 0.00 0.00 0.00 0.00 0.00 0.00 0.00 0.00 0.00 0.00 0.00 0.00 0.00 0.00 0.00 0.00 0.00 0.00 0.00 0.00 0.00 0.00 0.00 0.00 0.00 0.00 0.00 4.31 3.33 4.32 3.34 1.10 1.11 1.11 1.11 1.12 1.12 3.40 3.41 3.42 1.13 1.13 1.14 1.14 1.14 1.68 3.48 1.15 1.15 1.15 1.16 3.86 3.87 1.16 1.17 1.17 1.17 0.00 0.00 0.00 0.00
0.00 0.00 0.00 0.00 0.00 0.00 0.00 0.00 0.00 0.00 0.00 0.00 0.00 0.00 0.00 0.00 0.00 0.00 0.00 0.00 0.00 0.00 0.00 0.00 0.00 0.00 0.00 0.00 0.00 0.00 0.00 0.00 0.00 0.00 0.00 0.00 0.00 0.00 0.00 0.00 0.00 0.00 0.00 0.00 0.00 0.00 0.00 0.00 0.00 4.30 3.32 3.66 1.10 1.62 3.36 1.63 1.11 1.11 1.12 1.12 1.12 3.41 3.42 1.13 1.13 1.14 1.14 1.14 1.68 3.48 1.15 1.15 1.16 3.86 3.52 3.87 3.88 1.17 1.17 1.17 0.00 0.00 0.00 0.00
0.00 0.00 0.00 0.00 0.00 0.00 0.00 0.00 0.00 0.00 0.00 0.00 0.00 0.00 0.00 0.00 0.00 0.00 0.00 0.00 0.00 0.00 0.00 0.00 0.00 0.00 0.00 0.00 0.00 0.00 0.00 0.00 0.00 0.00 0.00 0.00 0.00 0.00 0.00 0.00 0.00 0.00 0.00 0.00 0.00 0.00 0.00 0.00 3.31 1.09 1.10 1.10 1.10 1.11 3.36 1.11 1.11 1.12 1.12 1.12 1.12 1.13 3.43 1.13 1.14 1.14 1.14 1.15 1.68 1.69 3.50 3.51 3.51 3.52 3.53 3.54 3.89 3.90 1.17 4.62 0.00 0.00 0.00 0.00
