New_Model_Runs/2_scn1_noclimate_out/post_prcessed_with_MFR/Monthly_summaries/actual_et_monthly_JAN.asc
NCOLS 700
NROWS 400
XLLCENTER 515000.000000
YLLCENTER 8409000.000000
CELLSIZE 50.000000
NODATA_value -999.000000
[rows 228 to 265 of 400, columns 252 to 335 of 700]
1.13 1.13 1.13 1.13 1.13 1.13 1.12 1.12 3.40 3.40 3.40 3.39 4.39 3.72 1.11 1.11 1.11 1.11 3.37 3.71 4.38 4.38 1.11 1.12 1.12 1.12 1.12 1.13 1.13 1.14 1.14 3.83 3.85 3.87 3.89 3.92 1.18 1.19 1.19 4.00 4.75 4.77 4.80 4.82 4.85 1.24 3.94 1.25 1.26 4.96 4.99 5.01 4.06 3.91 4.32 4.33 4.35 4.37 5.21 5.25 4.48 4.10 4.12 5.38 5.41 5.43 5.46 0.00 5.49 0.00 0.00 0.00 0.00 0.00 0.00 0.00 0.00 0.00 0.00 0.00 0.00 0.00 0.00 0.00
1.14 1.13 1.13 1.13 1.13 1.13 1.13 3.76 3.76 3.76 3.42 3.41 3.41 3.41 1.12 1.12 3.40 1.12 1.12 4.41 4.41 1.12 1.12 1.13 1.13 1.13 1.14 1.14 1.14 1.15 1.16 1.16 1.17 1.17 1.18 1.19 1.19 1.20 1.21 3.68 4.80 4.82 4.85 4.87 4.90 4.92 4.19 1.26 1.27 5.02 4.28 5.07 4.31 4.33 5.15 5.17 4.38 5.23 4.42 5.30 5.33 5.36 4.57 5.43 5.45 0.00 0.00 0.00 0.00 0.00 0.00 0.00 0.00 0.00 0.00 0.00 0.00 0.00 0.00 0.00 0.00 0.00 0.00 0.00
1.14 1.14 1.14 1.14 1.14 1.14 1.14 3.78 3.44 3.78 3.78 3.77 3.77 3.43 1.13 3.43 3.77 3.43 3.58 3.58 3.77 1.13 1.13 1.14 1.14 1.14 1.15 1.15 1.16 1.16 1.17 1.17 1.18 1.19 1.19 1.20 1.21 1.21 1.22 4.82 4.85 4.87 4.04 4.20 4.95 4.97 5.00 5.02 1.28 4.30 4.31 5.12 4.34 4.36 4.38 5.23 4.05 5.29 5.32 5.35 5.38 5.41 5.44 5.47 5.50 0.00 0.00 0.00 0.00 0.00 0.00 0.00 0.00 0.00 0.00 0.00 0.00 0.00 0.00 0.00 0.00 0.00 0.00 0.00
1.14 1.14 1.14 1.14 1.14 1.14 1.14 1.14 1.14 3.46 3.80 3.80 3.80 3.45 1.14 3.60 3.45 3.79 1.67 1.14 1.14 1.14 1.14 1.15 1.15 1.15 1.16 1.16 1.17 1.17 1.18 1.18 1.19 1.20 1.20 1.21 1.22 1.23 1.23 1.24 4.90 4.92 4.95 4.23 5.00 5.02 4.28 4.29 5.09 4.33 5.14 5.17 5.20 5.22 5.25 5.28 4.50 5.34 5.37 5.40 5.43 5.46 5.49 0.00 0.00 0.00 0.00 0.00 0.00 0.00 0.00 5.66 0.00 0.00 0.00 0.00 0.00 0.00 0.00 0.00 0.00 0.00 0.00 0.00
1.15 1.15 1.15 1.15 1.15 1.15 1.15 1.15 1.15 1.15 3.82 3.82 3.82 3.82 3.82 3.82 4.51 3.82 4.52 4.52 3.84 1.15 1.15 1.16 1.16 1.16 1.17 1.17 1.18 1.18 1.19 1.20 1.20 1.21 1.22 3.71 4.10 4.12 3.77 4.92 4.95 4.97 5.00 4.11 4.27 4.29 4.31 4.32 5.14 4.35 4.40 5.22 5.25 4.42 5.30 5.33 5.36 5.39 5.41 5.44 5.47 5.50 5.53 5.55 0.00 0.00 0.00 0.00 0.00 0.00 0.00 5.70 0.00 0.00 0.00 0.00 0.00 0.00 0.00 0.00 0.00 0.00 0.00 0.00
1.15 1.15 1.15 1.15 1.15 1.15 1.15 1.15 1.15 1.15 3.85 3.50 3.50 3.50 3.85 4.54 4.54 4.55 4.55 4.56 1.16 1.16 1.17 1.17 1.17 1.18 1.18 1.18 1.19 1.20 1.20 1.21 1.21 1.22 1.23 1.24 1.24 3.79 3.81 3.83 4.99 5.02 5.04 4.29 5.09 4.32 5.14 5.17 5.19 4.38 5.24 5.27 4.43 4.45 4.46 4.48 5.40 5.43 5.46 4.65 4.67 5.54 4.29 4.31 0.00 5.64 0.00 0.00 0.00 0.00 5.72 5.74 5.75 0.00 0.00 0.00 0.00 0.00 0.00 0.00 0.00 0.00 0.00 0.00
1.16 1.16 1.16 1.16 1.16 1.16 1.16 1.16 1.16 1.16 3.52 3.52 3.52 3.52 3.53 4.58 4.58 3.53 4.59 1.17 1.17 1.17 1.18 1.18 1.18 1.19 1.19 1.20 1.20 1.77 1.21 1.22 1.23 1.23 1.24 1.25 1.25 3.82 3.84 5.01 5.04 4.28 4.30 4.31 5.14 5.16 5.19 4.02 4.04 4.06 4.08 4.10 5.34 5.37 4.49 4.51 5.45 5.48 5.50 4.26 4.28 5.58 4.32 4.34 4.36 5.67 5.69 0.00 0.00 0.00 0.00 0.00 0.00 0.00 0.00 0.00 0.00 0.00 0.00 0.00 0.00 0.00 0.00 0.00
1.16 1.16 1.16 1.17 1.17 1.17 1.17 1.17 3.54 3.54 3.89 3.54 3.55 3.55 4.60 4.61 3.56 3.56 4.63 1.18 1.18 1.18 4.02 1.19 1.19 1.20 1.20 1.21 1.21 1.22 1.22 1.23 1.24 1.24 1.25 1.26 1.26 3.86 3.88 5.06 4.29 5.11 5.13 5.16 4.39 4.41 5.23 4.46 4.08 4.09 4.52 4.54 4.57 5.41 5.44 5.47 4.55 5.52 4.28 5.57 4.31 5.62 4.35 4.37 5.69 5.71 5.73 0.00 0.00 0.00 0.00 0.00 0.00 0.00 0.00 0.00 0.00 0.00 0.00 0.00 0.00 0.00 0.00 0.00
1.17 1.17 1.17 1.17 1.17 1.17 1.17 1.17 3.56 3.92 4.62 3.57 3.57 4.63 4.01 4.01 3.58 3.59 3.59 1.19 4.68 4.04 4.70 4.72 1.20 1.21 1.21 1.22 1.22 1.23 1.24 1.24 1.25 1.25 1.26 1.27 3.87 3.89 3.91 5.10 5.12 5.15 5.18 4.41 4.43 4.45 4.47 4.49 4.11 4.13 4.56 4.58 4.60 5.46 5.48 5.51 5.53 4.71 4.31 0.00 0.00 0.00 5.68 5.70 0.00 5.74 5.76 0.00 0.00 0.00 0.00 0.00 0.00 0.00 0.00 0.00 0.00 0.00 0.00 0.00 0.00 0.00 0.00 0.00
1.18 1.18 1.18 1.18 1.18 1.18 1.18 1.18 1.18 3.94 3.94 3.59 3.59 3.60 4.03 4.04 4.04 3.62 3.62 4.71 4.06 4.06 4.07 4.76 1.21 1.22 1.22 1.23 1.23 1.24 1.25 1.25 1.26 1.27 1.27 1.28 5.06 1.29 5.11 5.14 5.16 4.35 4.37 4.39 5.27 5.29 5.32 5.34 5.37 4.57 4.18 4.61 4.63 5.49 5.52 5.55 5.57 5.60 5.62 0.00 0.00 0.00 0.00 0.00 0.00 0.00 0.00 0.00 0.00 0.00 0.00 0.00 0.00 0.00 0.00 0.00 0.00 0.00 0.00 0.00 0.00 0.00 0.00 0.00
1.18 1.18 1.18 1.18 1.18 1.19 1.19 1.19 3.96 3.96 4.68 3.61 3.62 3.62 3.62 4.06 4.06 4.06 4.73 4.74 4.75 4.09 4.10 4.79 1.22 1.23 4.11 4.87 4.15 1.25 1.26 1.26 1.27 1.28 1.28 4.30 4.30 4.31 5.15 4.34 5.20 5.23 5.25 5.28 4.27 5.33 5.35 5.38 4.49 5.43 4.62 4.64 5.51 4.69 5.56 5.58 5.61 4.19 5.66 0.00 0.00 0.00 0.00 0.00 0.00 0.00 0.00 0.00 0.00 0.00 0.00 0.00 0.00 0.00 0.00 0.00 0.00 0.00 0.00 0.00 0.00 0.00 0.00 0.00
1.19 1.19 1.19 1.19 1.19 1.19 1.19 3.62 4.70 4.70 4.19 4.19 4.00 3.64 3.65 4.07 4.75 4.75 4.76 3.68 3.69 4.80 4.81 4.83 1.23 4.87 4.89 4.91 4.93 4.95 4.22 5.00 5.03 1.28 1.29 5.11 4.32 4.33 5.19 5.21 4.38 4.40 5.29 4.43 4.44 4.46 5.39 4.49 5.44 5.46 5.49 4.25 5.54 5.57 4.50 5.62 4.19 4.20 5.69 5.71 0.00 0.00 0.00 0.00 0.00 0.00 0.00 0.00 0.00 0.00 0.00 0.00 0.00 0.00 0.00 0.00 0.00 0.00 0.00 0.00 0.00 0.00 0.00 0.00
1.19 1.19 1.19 1.20 1.20 1.20 4.72 4.72 4.73 4.01 4.21 4.22 4.22 4.22 4.76 4.09 4.78 3.69 3.70 3.71 3.72 3.73 4.85 4.87 4.88 4.90 3.96 4.94 4.97 4.99 5.01 4.26 5.06 5.09 5.12 5.14 4.34 5.19 5.22 5.25 5.27 5.30 4.43 4.45 4.46 4.48 5.42 5.44 5.47 5.49 5.52 5.55 5.57 5.60 4.53 5.65 5.67 5.70 5.72 5.75 0.00 0.00 0.00 0.00 0.00 0.00 0.00 0.00 0.00 0.00 0.00 0.00 0.00 0.00 0.00 0.00 0.00 0.00 0.00 0.00 0.00 0.00 0.00 0.00
1.20 1.20 1.20 1.20 1.20 1.20 4.74 3.66 4.03 4.03 4.04 4.24 4.24 4.24 4.79 4.80 3.71 3.72 3.72 3.73 3.74 3.75 3.77 1.25 4.92 1.26 3.82 3.84 5.00 5.02 5.05 4.28 5.10 5.12 5.15 5.18 4.36 5.23 5.25 5.28 5.30 5.33 5.35 5.38 1.37 4.49 5.45 4.41 4.66 5.52 5.55 4.59 5.60 5.63 5.65 5.68 5.71 5.73 5.76 5.78 5.80 0.00 0.00 0.00 0.00 0.00 0.00 0.00 0.00 0.00 0.00 0.00 0.00 0.00 0.00 0.00 0.00 0.00 0.00 0.00 0.00 0.00 0.00 0.00
4.01 4.02 1.21 1.21 1.21 4.76 4.23 3.68 3.68 3.85 4.25 4.80 4.80 4.81 4.27 4.83 4.10 4.11 4.12 4.13 3.77 3.78 3.79 4.93 4.95 3.83 3.85 3.87 3.88 3.90 3.92 5.11 5.13 5.16 4.00 4.02 5.23 4.39 4.08 4.09 4.11 5.36 5.38 5.41 5.43 4.51 1.39 4.24 5.53 4.28 4.73 5.60 4.18 5.66 5.68 5.71 5.74 5.76 5.79 5.82 5.84 5.86 0.00 0.00 0.00 0.00 0.00 0.00 0.00 0.00 0.00 0.00 0.00 0.00 0.00 0.00 0.00 0.00 0.00 0.00 0.00 0.00 0.00 0.00
4.03 4.04 1.21 1.21 1.21 4.25 4.79 4.80 3.70 4.81 4.27 4.82 4.83 4.84 4.85 4.86 4.12 4.13 4.14 4.15 4.17 3.80 3.81 4.96 4.98 3.86 5.02 5.04 4.29 5.09 4.33 5.14 5.16 5.19 5.21 4.44 5.26 5.29 5.31 4.12 4.13 4.15 4.58 5.43 5.46 4.36 5.50 5.53 4.71 4.73 4.32 5.63 5.66 5.68 5.71 5.74 5.77 5.80 5.82 5.84 5.87 5.90 5.92 0.00 0.00 0.00 0.00 0.00 0.00 0.00 0.00 0.00 0.00 0.00 0.00 0.00 0.00 0.00 0.00 0.00 0.00 0.00 0.00 0.00
4.05 4.06 4.06 1.22 4.80 4.81 4.27 4.82 4.83 4.83 4.84 4.11 4.11 4.12 4.13 4.14 4.15 4.16 4.17 4.18 4.19 3.82 3.84 3.85 3.87 3.88 5.05 4.30 4.32 4.34 4.36 4.38 5.19 5.22 4.44 4.46 5.29 4.51 5.34 5.36 5.39 5.41 5.43 5.46 5.48 5.50 5.53 5.55 4.30 5.60 4.34 4.36 5.68 4.21 5.74 5.77 5.80 5.83 5.86 5.88 5.91 5.94 4.33 5.99 0.00 0.00 0.00 0.00 0.00 0.00 0.00 0.00 0.00 0.00 0.00 0.00 0.00 0.00 0.00 0.00 0.00 0.00 0.00 0.00
4.07 4.07 4.08 4.82 4.28 4.28 4.84 4.29 4.85 4.86 4.86 4.87 4.14 4.89 4.15 4.91 4.17 4.18 4.19 4.20 4.21 3.85 3.86 3.87 3.89 5.06 5.08 5.10 5.13 4.36 4.38 5.20 5.22 5.24 4.47 4.49 5.32 4.44 5.37 5.39 4.59 5.44 4.63 5.48 5.50 5.53 4.28 4.58 5.60 4.77 5.65 4.38 4.40 4.22 5.77 2.16 5.83 5.86 5.89 5.92 5.95 5.98 4.34 4.36 0.00 0.00 0.00 0.00 0.00 0.00 0.00 0.00 0.00 0.00 0.00 0.00 0.00 0.00 0.00 0.00 0.00 0.00 0.00 6.55
4.09 4.09 4.10 4.29 4.85 4.85 4.30 4.87 4.87 4.88 4.89 4.89 4.90 4.91 4.92 4.93 4.94 4.20 4.21 4.22 4.24 3.87 3.88 3.89 4.30 3.92 5.11 5.13 5.15 5.18 4.35 5.22 5.25 4.40 5.29 5.32 4.44 4.45 5.39 5.41 5.44 4.21 4.23 4.24 5.53 4.56 4.58 5.60 4.17 4.79 4.57 5.71 5.73 4.23 4.25 5.83 4.96 5.88 5.92 5.95 5.98 6.01 6.04 6.05 0.00 0.00 0.00 0.00 0.00 0.00 0.00 0.00 0.00 0.00 0.00 0.00 0.00 0.00 0.00 0.00 0.00 0.00 0.00 6.61
4.11 4.30 4.30 4.86 4.87 4.87 4.88 4.89 4.89 4.90 4.91 4.33 4.33 4.18 4.19 4.20 4.97 4.22 4.99 4.24 4.26 3.89 3.90 5.08 5.09 5.11 5.14 3.98 3.99 5.20 5.22 5.25 5.27 5.30 5.32 4.44 4.45 4.47 5.41 4.61 4.63 5.48 4.24 4.54 4.56 4.57 4.59 4.16 4.18 4.19 4.59 4.21 4.23 4.24 4.26 5.85 4.99 5.92 5.96 5.99 6.02 6.03 4.38 4.39 6.12 6.14 0.00 0.00 0.00 0.00 0.00 0.00 0.00 0.00 0.00 0.00 0.00 0.00 0.00 0.00 0.00 0.00 0.00 6.66
4.31 4.31 4.31 4.88 4.32 4.90 4.90 4.91 4.92 4.92 4.18 3.81 4.19 3.82 4.97 4.98 3.85 5.00 5.02 5.03 4.28 3.91 3.92 4.32 5.12 5.14 5.16 4.00 4.41 4.43 4.45 5.27 5.30 5.32 5.34 5.37 5.39 5.41 5.43 5.46 4.23 4.24 5.52 4.56 4.57 4.58 5.61 4.17 4.18 4.20 4.21 4.22 4.24 4.25 4.27 4.29 5.92 5.04 5.99 6.01 6.06 6.09 4.40 4.41 4.42 6.18 0.00 0.00 0.00 0.00 0.00 0.00 0.00 0.00 0.00 0.00 0.00 0.00 0.00 0.00 0.00 0.00 0.00 0.00
4.32 4.32 4.33 4.33 4.91 4.92 3.80 4.34 4.94 4.94 4.20 4.20 4.21 4.22 4.99 5.00 3.87 3.88 5.04 4.28 4.30 3.92 3.94 4.34 5.14 5.16 5.18 4.01 4.03 4.05 5.27 5.30 4.42 5.34 5.37 5.39 5.41 5.43 4.50 4.51 5.50 5.52 5.54 4.57 5.59 5.61 5.63 4.18 4.19 4.21 4.22 4.23 5.81 4.26 5.88 4.30 5.95 5.99 5.10 6.06 6.10 4.40 4.41 4.43 4.44 6.22 0.00 0.00 0.00 0.00 0.00 0.00 0.00 0.00 0.00 0.00 0.00 0.00 0.00 0.00 0.00 0.00 0.00 0.00
4.91 4.91 4.34 4.93 4.93 3.81 3.81 4.95 4.96 4.21 4.21 4.22 4.23 4.24 3.86 4.26 5.04 3.89 3.90 3.92 3.93 3.94 4.35 5.15 5.17 5.19 5.21 4.03 4.05 5.27 5.30 5.32 5.34 5.37 5.39 5.41 5.43 5.45 5.48 5.50 4.54 5.54 5.56 4.73 5.61 5.63 4.18 5.68 5.71 4.21 4.23 5.80 4.26 5.87 5.91 5.95 5.97 4.35 6.06 6.10 6.14 4.42 4.43 4.45 4.46 6.26 1.10 0.00 0.00 0.00 0.00 0.00 0.00 0.00 0.00 0.00 0.00 0.00 0.00 0.00 0.00 0.00 0.00 0.00
4.93 4.93 4.94 4.95 4.20 4.96 3.83 3.83 4.22 4.22 4.23 3.86 3.86 3.87 3.88 3.89 4.28 4.30 4.31 4.32 4.33 5.13 5.15 5.17 5.19 5.21 5.23 4.05 4.47 5.30 5.32 5.34 5.36 4.46 4.47 5.43 5.45 5.48 5.50 5.52 5.54 5.56 5.58 5.60 4.16 4.17 4.18 4.20 5.73 4.22 4.24 4.25 4.27 4.29 5.94 4.32 6.02 4.36 4.38 4.40 4.42 4.43 4.45 4.47 6.31 6.30 6.37 0.00 0.00 0.00 0.00 0.00 0.00 0.00 0.00 0.00 0.00 0.00 0.00 0.00 0.00 0.00 0.00 0.00
4.95 4.95 3.82 4.21 4.21 3.84 4.98 4.99 3.85 4.24 4.25 4.25 3.88 3.89 3.90 3.90 3.91 4.31 4.32 4.34 4.35 3.97 5.17 4.34 4.19 5.23 4.38 4.39 4.41 4.42 5.34 4.45 4.46 4.47 4.49 5.45 5.47 5.50 5.52 5.54 5.56 4.57 5.60 4.16 4.17 4.18 4.19 4.20 5.75 4.23 4.25 4.26 4.28 4.30 4.32 4.34 4.36 4.38 4.40 4.42 4.43 6.25 6.25 6.28 6.31 6.34 6.37 0.00 0.00 0.00 0.00 0.00 0.00 0.00 0.00 0.00 0.00 0.00 0.00 0.00 0.00 0.00 0.00 0.00
4.97 3.84 4.98 4.22 4.23 4.23 3.86 3.86 3.87 4.26 4.26 4.27 4.28 3.90 3.91 3.92 3.93 4.33 3.95 4.35 5.15 5.17 4.40 5.21 4.37 4.38 5.27 4.40 4.42 5.34 5.36 5.38 5.41 4.49 4.50 5.47 4.52 5.52 5.54 5.56 5.58 4.15 4.16 4.17 4.18 4.19 4.20 4.21 4.23 5.81 5.83 4.28 4.29 4.31 4.33 4.35 4.37 4.39 4.41 4.43 4.45 6.29 6.29 6.32 6.35 6.38 6.40 6.43 0.00 0.00 0.00 0.00 0.00 0.00 0.00 0.00 0.00 0.00 0.00 0.00 0.00 0.00 0.00 0.00
4.99 4.38 5.00 5.00 5.01 5.01 5.02 5.03 5.03 4.27 4.28 5.06 4.29 4.30 3.92 3.93 3.94 3.95 3.96 3.98 4.33 5.19 5.21 5.23 4.38 4.39 4.40 4.42 4.43 4.44 5.38 5.41 5.43 5.45 4.51 4.37 5.52 5.54 5.56 5.58 5.59 5.62 4.16 5.66 4.18 4.20 4.21 4.22 4.24 5.83 5.86 4.29 4.31 4.33 4.35 4.37 4.39 4.41 4.43 5.04 5.07 4.49 4.50 6.39 6.38 6.41 6.44 6.47 6.48 6.51 0.00 0.00 0.00 0.00 0.00 0.00 0.00 0.00 0.00 0.00 0.00 0.00 0.00 0.00
5.01 4.25 5.02 5.02 5.03 5.03 4.27 4.27 5.05 5.06 4.29 5.07 4.31 4.32 4.33 4.34 3.96 3.97 3.98 3.99 5.19 5.21 5.23 1.33 1.34 4.40 4.41 4.43 4.44 4.46 5.40 5.43 5.45 5.47 5.50 5.52 5.54 5.56 5.58 5.60 5.62 5.64 4.17 4.18 5.70 4.20 4.22 4.23 4.24 5.85 5.89 5.93 5.98 6.02 6.07 6.11 6.16 6.20 6.25 6.29 6.33 6.33 6.36 6.39 6.42 6.45 6.47 6.50 6.52 6.54 6.57 6.59 6.62 6.65 6.67 6.70 6.72 6.75 6.78 6.80 6.83 6.85 6.87 6.89
5.02 5.03 5.03 5.04 5.04 4.28 4.28 4.29 4.29 4.30 4.31 5.09 5.10 4.33 3.95 3.96 3.97 3.98 3.99 5.19 5.21 1.33 5.25 1.34 1.34 1.35 4.43 5.36 4.45 5.40 5.43 5.45 5.47 5.50 5.52 5.54 5.56 5.58 5.60 5.62 5.64 4.37 4.81 4.40 5.73 5.75 1.47 2.17 5.83 4.27 4.29 5.96 6.01 6.05 6.08 6.12 6.16 6.21 6.25 6.29 6.33 6.36 6.39 6.42 6.45 4.57 4.58 4.60 4.61 4.62 4.63 4.64 4.65 4.67 4.68 4.69 4.70 4.72 4.73 4.74 4.75 4.76 4.77 4.78
4.27 5.05 5.05 5.06 4.29 4.29 5.07 4.30 4.31 4.44 5.10 5.11 5.12 3.95 5.14 3.97 3.98 4.39 4.01 5.21 4.03 1.33 1.34 4.26 5.31 4.42 4.44 5.38 4.47 4.48 5.45 5.47 4.52 4.54 4.55 4.56 4.58 5.60 5.62 5.64 5.66 5.68 4.83 4.42 5.75 1.47 2.16 4.25 4.27 4.28 5.94 5.96 6.01 6.06 6.11 6.15 6.20 6.24 6.29 6.33 6.36 6.40 6.43 6.46 6.49 6.51 6.58 4.61 4.62 6.66 6.69 6.72 6.74 6.77 6.80 6.83 6.85 6.88 6.91 6.94 6.96 6.99 7.01 7.03
5.06 4.29 4.29 5.07 4.30 4.31 4.31 4.32 4.44 4.44 5.11 5.12 5.13 5.14 5.15 3.98 4.39 5.19 5.21 5.23 4.04 1.34 5.28 5.30 1.35 1.36 1.37 1.37 4.48 5.45 5.47 5.49 4.54 5.54 4.57 5.59 4.59 5.63 5.65 5.67 4.18 5.71 5.73 4.21 4.22 4.23 4.25 4.26 4.28 4.29 4.31 4.34 4.36 6.09 6.14 6.19 6.23 6.31 6.32 6.36 6.40 6.43 6.46 6.49 6.52 6.54 6.61 4.62 4.63 6.64 6.66 6.69 6.71 6.74 6.77 6.80 6.82 6.85 6.88 6.90 6.93 6.95 6.97 6.99
4.30 4.30 4.31 4.31 5.09 5.10 4.44 5.11 4.45 5.12 5.13 5.14 5.15 5.16 5.17 5.18 5.20 4.02 4.03 4.51 5.26 5.28 5.30 5.32 1.36 1.36 1.37 1.38 5.44 5.47 5.49 5.52 4.55 4.57 5.59 5.61 4.16 4.17 5.67 5.69 5.71 5.73 5.75 4.22 4.23 4.24 4.26 4.27 5.92 5.96 4.33 4.35 4.37 4.40 6.17 6.22 6.27 6.35 6.39 6.39 6.43 6.46 6.49 6.52 6.59 4.61 4.62 4.63 4.64 6.66 0.00 0.00 0.00 0.00 0.00 0.00 0.00 0.00 0.00 0.00 0.00 0.00 0.00 0.00
4.31 4.32 5.10 5.10 5.11 5.11 5.12 4.46 5.13 5.14 5.15 3.97 3.98 4.39 5.19 5.20 4.02 4.03 5.24 5.26 4.53 5.30 5.32 1.36 1.36 1.37 1.38 1.38 5.46 5.49 5.51 5.54 5.56 5.59 5.61 5.64 4.17 4.18 5.70 4.20 5.74 5.76 5.78 4.23 5.82 4.26 4.27 4.28 4.30 4.82 6.03 4.36 6.12 6.17 6.23 6.28 6.30 6.35 6.39 6.43 6.46 4.58 4.59 4.60 6.57 4.62 4.63 4.64 4.65 4.66 0.00 0.00 0.00 0.00 0.00 0.00 0.00 0.00 0.00 0.00 0.00 0.00 0.00 0.00
5.11 4.33 4.33 5.12 5.12 5.13 5.13 5.14 5.15 4.47 4.47 4.38 5.18 4.00 5.20 5.21 5.23 5.24 5.26 4.07 4.08 1.35 1.36 1.36 1.37 1.37 1.38 1.39 1.39 5.51 5.54 5.56 5.59 5.61 5.64 5.66 5.68 5.71 5.72 4.21 5.77 5.79 4.24 5.83 4.26 4.27 5.91 5.94 4.81 4.84 4.88 6.07 6.15 4.43 4.45 4.48 6.37 6.38 6.42 6.46 6.53 4.59 6.59 4.61 4.62 4.63 4.64 4.65 4.66 4.67 4.68 0.00 0.00 0.00 0.00 0.00 0.00 0.00 0.00 0.00 0.00 0.00 0.00 0.00
5.12 4.34 5.13 5.13 5.14 5.14 5.15 4.47 4.47 5.17 4.39 5.18 4.49 4.01 5.22 5.23 4.04 4.06 5.28 5.29 4.10 1.36 1.36 1.37 1.37 1.38 1.39 4.23 5.51 4.54 5.56 4.58 5.61 5.64 5.66 4.19 5.71 5.73 5.75 5.78 5.80 5.82 5.84 4.26 4.27 4.28 4.30 4.31 5.98 6.02 6.09 6.13 4.41 4.44 4.47 4.49 6.40 6.45 6.45 6.49 6.56 4.60 1.97 4.62 4.63 4.64 4.65 4.66 4.67 4.68 4.69 0.00 0.00 0.00 0.00 0.00 0.00 0.00 0.00 0.00 0.00 0.00 7.05 7.14
5.13 5.14 5.14 5.15 5.15 5.16 5.16 5.17 5.17 4.00 4.00 4.01 4.02 5.22 5.23 5.24 4.06 4.07 4.08 5.31 4.11 1.36 1.37 1.37 1.38 1.38 4.22 4.24 4.54 4.56 5.58 5.61 4.16 4.18 4.19 4.20 4.21 5.76 5.78 4.24 4.25 5.85 4.26 4.27 4.28 5.94 5.94 6.00 6.04 6.08 6.12 4.41 4.43 6.27 6.29 4.51 4.53 6.44 6.48 6.56 6.54 4.61 6.59 6.66 4.64 4.65 4.65 4.66 4.67 4.68 4.69 4.70 0.00 0.00 0.00 0.00 0.00 0.00 0.00 0.00 7.01 7.04 4.84 4.85
5.15 5.15 5.15 4.37 4.38 4.38 5.18 4.39 4.40 4.01 4.01 4.02 4.03 5.23 4.51 5.26 4.53 4.54 5.31 4.11 1.36 1.36 1.37 1.38 1.38 1.39 4.24 5.52 4.55 5.58 4.59 4.16 4.17 5.69 5.72 5.74 5.77 5.79 5.81 5.82 4.26 5.88 5.90 4.29 5.94 5.97 6.00 6.01 6.05 6.11 6.15 6.20 4.45 6.31 6.32 4.52 4.54 6.51 6.55 4.60 4.61 6.59 6.61 6.63 6.69 4.65 4.66 6.75 4.67 6.73 0.00 4.71 4.72 0.00 0.00 0.00 0.00 0.00 0.00 7.00 4.82 4.83 4.84 7.16
4.37 4.38 4.38 4.38 4.39 4.39 4.40 5.20 4.41 4.02 4.02 4.03 5.24 4.52 4.52 5.28 5.29 5.31 5.32 4.12 5.36 4.58 4.59 4.61 5.46 5.49 5.51 5.54 4.57 5.60 5.63 5.66 5.69 5.71 5.74 5.77 5.79 5.82 4.25 5.86 5.88 5.91 5.93 5.95 4.61 4.63 4.66 6.04 6.08 6.12 6.16 6.24 6.29 6.34 6.39 4.53 4.55 4.57 6.57 6.61 4.62 6.65 6.62 6.69 6.65 6.67 6.68 6.70 4.68 0.00 0.00 0.00 4.72 4.73 0.00 0.00 0.00 6.95 4.80 4.81 4.83 7.13 7.15 0.00
