New_Model_Runs/2_scn1_noclimate_out/post_prcessed_with_MFR/Monthly_summaries/interception_monthly_OCT.asc
NCOLS 700
NROWS 400
XLLCENTER 515000.000000
YLLCENTER 8409000.000000
CELLSIZE 50.000000
NODATA_value -999.000000
[rows 228 to 265 of 400, columns 84 to 167 of 700]
1.89 1.90 1.91 1.91 1.90 1.91 1.91 1.92 1.94 1.95 1.95 1.96 2.02 2.02 2.03 2.04 2.20 2.21 2.22 2.23 2.28 2.28 2.29 2.30 2.19 2.19 2.20 2.21 2.14 2.14 2.15 2.16 2.08 2.09 2.09 2.10 2.00 2.00 2.00 2.01 1.96 1.97 1.97 1.97 2.06 2.06 2.07 2.07 2.18 2.18 2.19 2.19 2.24 2.25 2.25 2.26 2.16 2.16 2.16 2.17 2.08 2.08 0.00 0.00 2.13 2.14 2.14 2.14 0.00 0.00 0.00 0.00 0.00 2.13 2.13 2.13 2.06 2.06 2.06 2.06 0.00 2.10 2.10 0.00
1.89 1.90 1.91 1.91 1.90 1.91 1.91 1.92 1.94 1.95 1.95 1.96 2.02 2.02 2.03 2.04 2.20 2.21 2.22 2.23 2.27 2.28 2.29 2.30 2.19 2.19 2.20 2.21 2.14 2.14 2.15 2.15 2.08 2.08 2.09 2.09 1.99 2.00 2.00 2.01 1.96 1.96 1.97 1.97 2.05 2.06 2.06 2.07 2.17 2.18 2.18 2.19 2.24 2.24 2.25 2.25 2.15 2.16 2.16 2.16 2.07 2.08 0.00 0.00 2.13 0.00 2.13 2.14 2.20 0.00 0.00 0.00 0.00 2.13 2.13 2.13 2.06 2.06 2.06 2.06 2.10 2.10 2.10 2.10
1.89 1.90 1.91 1.91 1.90 1.91 1.91 1.92 1.94 1.95 1.95 1.96 2.02 2.02 2.03 2.04 2.20 2.21 2.22 2.23 2.27 2.28 2.29 2.30 2.18 2.19 2.20 2.20 2.13 2.14 2.15 2.15 2.08 2.08 2.09 2.09 1.99 1.99 2.00 2.00 1.96 1.96 1.97 1.97 2.05 2.05 2.06 2.06 2.17 2.17 2.18 2.18 2.23 2.24 2.24 2.25 2.15 2.15 2.15 2.16 2.07 2.07 2.08 2.08 2.13 0.00 0.00 0.00 2.19 2.19 0.00 0.00 0.00 2.12 2.12 2.13 2.05 2.05 2.06 2.06 2.09 2.09 2.10 2.10
1.89 1.90 1.91 1.91 1.90 1.91 1.91 1.92 1.94 1.95 1.95 1.96 2.02 2.02 2.03 2.04 2.20 2.21 2.22 2.22 2.27 2.28 2.29 2.29 2.18 2.19 2.19 2.20 2.13 2.14 2.14 2.15 2.07 2.08 2.08 2.09 1.99 1.99 2.00 2.00 1.95 1.96 1.96 1.97 2.05 2.05 2.05 2.06 2.16 2.17 2.17 2.18 2.23 2.23 2.24 2.24 2.14 2.15 2.15 2.15 2.07 2.07 2.07 2.07 2.12 2.12 2.13 2.13 2.19 2.19 0.00 0.00 0.00 0.00 2.12 2.12 2.05 2.05 2.05 2.05 2.09 2.09 2.09 2.09
2.03 2.03 2.04 2.05 2.07 2.08 2.09 2.10 2.11 2.12 2.13 2.14 2.23 2.24 2.25 2.26 2.35 2.36 2.37 2.37 2.28 2.29 2.29 2.30 2.18 2.18 2.19 2.19 2.11 2.11 2.12 2.12 2.00 2.00 2.00 2.01 2.01 2.02 2.02 2.02 2.10 2.10 2.11 2.11 2.17 2.17 2.18 2.18 2.17 2.17 2.18 2.18 2.07 2.08 2.08 2.08 1.94 1.95 1.95 1.95 1.93 1.93 1.94 1.94 2.06 2.06 2.06 2.07 2.13 2.13 0.00 2.13 2.01 2.01 2.01 2.01 1.91 1.91 1.91 1.91 1.90 1.90 1.90 1.90
2.03 2.03 2.04 2.05 2.07 2.08 2.09 2.10 2.11 2.12 2.13 2.14 2.23 2.24 2.24 2.25 2.35 2.35 2.36 2.37 2.28 2.28 2.29 2.30 2.17 2.18 2.18 2.19 2.10 2.11 2.11 2.12 1.99 2.00 2.00 2.01 2.01 2.01 2.02 2.02 2.09 2.10 2.10 2.10 2.16 2.17 2.17 2.17 2.16 2.17 2.17 2.18 2.07 2.07 2.07 2.08 1.94 1.94 1.94 1.95 1.93 1.93 1.93 1.93 2.05 2.06 2.06 2.06 2.12 2.12 2.13 2.13 2.00 2.00 2.00 2.01 1.91 1.91 1.91 1.91 1.90 1.90 1.90 1.90
2.02 2.03 2.04 2.05 2.07 2.08 2.09 2.09 2.11 2.12 2.13 2.13 2.23 2.23 2.24 2.25 2.34 2.35 2.36 2.37 2.27 2.28 2.29 2.29 2.17 2.17 2.18 2.19 2.10 2.10 2.11 2.12 1.99 1.99 2.00 2.00 2.01 2.01 2.01 2.02 2.09 2.09 2.10 2.10 2.16 2.16 2.16 2.17 2.16 2.16 2.17 2.17 2.06 2.07 2.07 2.07 1.93 1.94 1.94 1.94 1.92 1.92 1.93 1.93 2.05 2.05 2.05 2.06 2.11 2.12 2.12 2.12 2.00 2.00 2.00 2.00 1.90 1.90 1.91 1.91 1.89 1.89 1.89 1.90
2.02 2.03 2.04 2.05 2.07 2.08 2.08 2.09 2.11 2.12 2.12 2.13 2.22 2.23 2.24 2.25 2.34 2.35 2.35 2.36 2.27 2.27 2.28 2.29 2.16 2.17 2.18 2.18 2.09 2.10 2.11 2.11 1.98 1.99 1.99 2.00 2.00 2.00 2.01 2.01 2.08 2.09 2.09 2.09 2.15 2.15 2.16 2.16 2.15 2.16 2.16 2.16 2.06 2.06 2.06 2.07 1.93 1.93 1.93 1.94 1.92 1.92 1.92 1.92 2.04 2.04 2.05 2.05 2.11 2.11 2.11 2.12 1.99 1.99 1.99 2.00 1.90 1.90 1.90 1.90 1.89 1.89 1.89 1.89
2.18 2.19 2.19 2.20 2.21 2.22 2.22 2.23 2.26 2.27 2.28 2.28 2.31 2.32 2.32 2.33 2.19 2.20 2.20 2.21 2.03 2.03 2.04 2.04 1.96 1.96 1.97 1.97 1.90 1.90 1.91 1.91 1.91 1.91 1.91 1.92 2.04 2.04 2.05 2.05 2.09 2.09 2.09 2.10 2.01 2.01 2.02 2.02 1.92 1.92 1.92 1.93 1.81 1.82 1.82 1.82 1.73 1.73 1.74 1.74 1.77 1.77 1.77 1.77 1.97 1.98 1.98 1.98 2.05 2.06 2.06 2.06 1.91 1.91 1.91 1.91 1.83 1.83 1.83 1.83 1.79 1.79 1.79 1.79
2.17 2.18 2.19 2.20 2.20 2.21 2.22 2.23 2.26 2.26 2.27 2.28 2.30 2.31 2.32 2.33 2.18 2.19 2.20 2.20 2.02 2.03 2.03 2.04 1.96 1.96 1.96 1.97 1.89 1.90 1.90 1.91 1.90 1.91 1.91 1.91 2.03 2.04 2.04 2.05 2.08 2.09 2.09 2.09 2.01 2.01 2.01 2.01 1.91 1.91 1.92 1.92 1.81 1.81 1.81 1.82 1.73 1.73 1.73 1.73 1.76 1.76 1.77 1.77 1.97 1.97 1.97 1.98 2.05 2.05 2.05 2.05 1.90 1.90 1.90 1.91 1.82 1.83 1.83 1.83 1.78 1.78 1.79 1.79
2.17 2.18 2.19 2.20 2.20 2.21 2.22 2.22 2.25 2.26 2.27 2.27 2.30 2.30 2.31 2.32 2.18 2.18 2.19 2.20 2.02 2.02 2.03 2.03 1.95 1.96 1.96 1.96 1.89 1.89 1.90 1.90 1.90 1.90 1.90 1.91 2.03 2.03 2.04 2.04 2.08 2.08 2.08 2.09 2.00 2.00 2.01 2.01 1.91 1.91 1.91 1.91 1.80 1.81 1.81 1.81 1.72 1.72 1.73 1.73 1.76 1.76 1.76 1.76 1.96 1.96 1.97 1.97 2.04 2.04 2.04 2.05 1.89 1.90 1.90 1.90 1.82 1.82 1.82 1.83 1.78 1.78 1.78 1.78
2.17 2.18 2.18 2.19 2.20 2.20 2.21 2.22 2.25 2.25 2.26 2.27 2.29 2.30 2.31 2.31 2.17 2.18 2.18 2.19 2.01 2.02 2.02 2.03 1.95 1.95 1.95 1.96 1.88 1.89 1.89 1.90 1.89 1.90 1.90 1.90 2.02 2.03 2.03 2.03 2.07 2.07 2.08 2.08 1.99 2.00 2.00 2.00 1.90 1.90 1.91 1.91 1.80 1.80 1.80 1.81 1.72 1.72 1.72 1.72 1.75 1.75 1.76 1.76 1.95 1.96 1.96 1.96 2.03 2.03 2.04 2.04 1.89 1.89 1.89 1.89 1.81 1.82 1.82 1.82 1.77 1.77 1.78 1.78
2.23 2.23 2.24 2.25 2.19 2.20 2.21 2.22 2.18 2.19 2.19 2.20 2.15 2.15 2.16 2.17 1.93 1.93 1.94 1.94 1.80 1.81 1.81 1.82 1.74 1.74 1.75 1.75 1.76 1.76 1.76 1.76 1.90 1.91 1.91 1.92 1.99 1.99 2.00 2.00 1.99 1.99 1.99 2.00 1.89 1.90 1.90 1.90 1.75 1.75 1.75 1.75 1.65 1.65 1.65 1.65 1.62 1.62 1.62 1.62 1.76 1.76 1.76 1.76 2.00 2.01 2.01 2.01 2.04 2.04 2.04 2.04 1.89 1.89 1.89 1.90 1.79 1.80 1.80 1.80 1.70 1.70 1.70 1.70
2.29 2.30 2.24 2.24 2.19 2.20 2.20 2.21 2.17 2.18 2.19 2.20 2.14 2.15 2.15 2.16 1.92 1.93 1.93 1.94 1.80 1.80 1.81 1.81 1.74 1.74 1.74 1.74 1.75 1.75 1.76 1.76 1.90 1.90 1.91 1.91 1.98 1.99 1.99 1.99 1.98 1.98 1.99 1.99 1.89 1.89 1.89 1.90 1.74 1.74 1.74 1.75 1.64 1.64 1.65 1.65 1.61 1.61 1.61 1.62 1.75 1.75 1.75 1.76 2.00 2.00 2.00 2.00 2.03 2.03 2.03 2.04 1.88 1.89 1.89 1.89 1.79 1.79 1.79 1.79 1.69 1.69 1.69 1.70
2.29 2.30 2.30 2.31 2.26 2.26 2.20 2.20 2.17 2.17 2.18 2.19 2.13 2.14 2.15 2.15 1.92 1.92 1.93 1.93 1.79 1.80 1.80 1.81 1.73 1.73 1.74 1.74 1.74 1.75 1.75 1.75 1.89 1.90 1.90 1.90 1.98 1.98 1.98 1.99 1.97 1.98 1.98 1.98 1.88 1.88 1.89 1.89 1.74 1.74 1.74 1.74 1.64 1.64 1.64 1.64 1.61 1.61 1.61 1.61 1.74 1.75 1.75 1.75 1.99 1.99 1.99 2.00 2.02 2.02 2.02 2.03 1.88 1.88 1.88 1.88 1.78 1.78 1.79 1.79 1.69 1.69 1.69 1.69
2.28 2.29 2.30 2.30 2.25 2.26 2.27 2.27 2.24 2.17 2.17 2.18 2.13 2.13 2.14 2.14 1.91 1.92 1.92 1.92 1.79 1.79 1.80 1.80 1.72 1.73 1.73 1.73 1.74 1.74 1.75 1.75 1.89 1.89 1.89 1.90 1.97 1.97 1.97 1.98 1.97 1.97 1.97 1.98 1.87 1.88 1.88 1.88 1.73 1.73 1.73 1.74 1.63 1.64 1.64 1.64 1.60 1.60 1.61 1.61 1.74 1.74 1.74 1.74 1.98 1.98 1.98 1.99 2.01 2.01 2.02 2.02 1.87 1.87 1.87 1.88 1.78 1.78 1.78 1.78 1.68 1.68 1.68 1.69
2.25 2.25 2.26 2.27 2.19 2.20 2.20 2.21 2.19 2.20 2.20 2.21 2.03 2.03 2.04 2.04 1.82 1.83 1.83 1.84 1.66 1.66 1.67 1.67 1.60 1.60 1.60 1.61 1.72 1.73 1.73 1.73 1.94 1.94 1.95 1.95 1.96 1.96 1.96 1.97 1.94 1.95 1.95 1.95 1.89 1.89 1.90 1.90 1.69 1.70 1.70 1.70 1.56 1.56 1.56 1.56 1.63 1.63 1.63 1.63 1.86 1.87 1.87 1.87 2.03 2.03 2.04 2.04 2.03 2.03 2.03 2.03 1.96 1.96 1.96 1.96 1.81 1.82 1.82 1.82 1.61 1.62 1.62 1.62
2.24 2.25 2.25 2.26 2.18 2.19 2.19 2.20 2.18 2.19 2.19 2.20 2.10 2.10 2.11 2.04 1.82 1.82 1.82 1.83 1.66 1.66 1.66 1.66 1.59 1.60 1.60 1.40 1.72 1.72 1.72 1.73 1.93 1.94 1.94 1.94 1.95 1.95 1.95 1.96 1.94 1.94 1.94 1.95 1.88 1.89 1.89 1.89 1.69 1.69 1.69 1.69 1.56 1.56 1.56 0.00 1.62 1.63 1.63 1.63 1.86 1.86 1.86 1.86 2.02 2.02 2.03 2.03 2.02 2.02 2.02 2.02 1.95 1.95 1.95 1.96 1.81 1.81 1.81 1.81 1.61 1.61 1.61 1.61
2.23 2.24 2.25 2.25 2.18 2.18 2.19 2.19 2.18 2.18 2.19 2.19 2.09 2.09 2.10 2.10 1.89 1.89 1.89 1.82 1.65 1.65 1.66 1.66 1.59 1.59 1.59 0.00 0.00 0.00 1.72 0.00 1.92 1.93 1.93 1.93 1.94 1.94 1.95 1.95 1.93 1.93 1.93 1.94 1.88 1.88 1.88 1.88 1.68 1.68 1.69 1.69 1.55 1.55 1.55 1.55 1.62 1.62 1.62 1.62 1.85 1.85 1.85 1.86 2.01 2.01 2.02 2.02 2.01 2.01 2.01 2.01 1.94 1.94 1.95 1.95 1.80 1.80 1.80 1.81 1.60 1.61 1.61 1.61
2.23 2.23 2.24 2.25 2.17 2.17 2.18 2.18 2.17 2.17 2.18 2.18 2.08 2.08 2.09 2.09 1.88 1.88 1.89 1.89 1.72 1.72 1.65 1.65 1.58 1.59 1.59 0.00 0.00 0.00 0.00 1.71 1.91 1.92 1.92 1.92 1.93 1.93 1.94 1.94 1.92 1.92 1.92 1.93 1.87 1.87 1.87 1.87 1.68 1.68 1.68 1.68 1.55 1.55 1.55 1.55 1.61 1.62 1.62 1.62 1.84 1.84 1.84 1.85 2.00 2.00 2.01 2.01 2.00 2.00 2.00 2.00 1.93 1.93 1.94 1.94 1.79 1.79 1.80 1.80 1.60 1.60 1.60 1.60
2.21 2.21 2.22 2.22 2.14 2.14 2.15 2.15 2.15 2.15 2.16 2.16 2.07 2.07 2.08 2.08 1.83 1.84 1.84 1.84 1.65 1.65 1.65 1.65 1.65 1.58 0.00 0.00 0.00 0.00 1.76 1.76 1.94 1.94 1.95 1.95 1.92 1.92 1.93 1.93 1.89 1.89 1.89 1.90 1.92 1.92 1.92 1.92 1.74 1.74 1.75 1.75 1.57 1.57 1.57 1.58 1.70 1.70 1.70 1.70 1.91 1.91 1.92 1.92 1.99 1.99 1.99 1.99 2.01 2.01 2.01 2.01 2.00 2.01 2.01 2.01 1.82 1.82 1.82 1.83 1.63 1.63 1.63 1.63
2.20 2.20 2.21 2.21 2.13 2.13 2.14 2.14 2.14 2.14 2.15 2.15 2.06 2.06 2.07 2.07 1.83 1.83 1.83 1.84 1.64 1.64 1.64 1.65 0.00 1.65 1.65 0.00 0.00 0.00 1.75 1.75 1.93 1.93 1.93 1.94 1.91 1.91 1.92 1.92 1.88 1.88 1.88 1.89 1.91 1.91 1.91 1.91 1.73 1.74 1.74 1.74 1.57 1.57 0.00 0.00 1.69 1.69 1.69 1.69 1.90 1.90 1.91 1.91 1.97 1.98 1.98 1.98 1.99 2.00 2.00 2.00 1.99 2.00 2.00 2.00 1.81 1.81 1.82 1.82 1.62 1.62 1.63 1.63
2.19 2.19 2.20 2.21 2.12 2.13 2.13 2.14 2.13 2.13 2.14 2.14 2.05 2.06 2.06 2.06 1.82 1.82 1.83 1.83 1.64 0.00 0.00 0.00 0.00 1.64 1.64 0.00 1.81 1.52 1.82 1.82 1.92 1.92 1.92 1.93 1.90 1.90 1.90 1.91 1.87 1.87 1.87 1.88 1.89 1.90 1.90 1.90 1.72 1.73 1.73 1.73 1.56 1.56 0.00 0.00 1.68 1.68 1.69 1.69 1.89 1.89 1.90 1.90 1.96 1.97 1.97 1.97 1.98 1.99 1.99 1.99 1.98 1.99 1.99 1.99 1.80 1.81 1.81 1.81 1.62 1.62 1.62 1.62
2.18 2.19 2.19 2.20 2.11 2.12 2.12 2.13 2.12 2.12 2.13 2.13 2.04 2.05 2.05 2.05 1.81 1.82 1.82 1.82 0.00 0.00 0.00 0.00 0.00 1.64 1.64 1.64 1.80 1.81 1.52 1.81 1.98 1.98 1.99 1.92 1.89 1.89 1.89 1.90 1.86 1.86 1.86 1.86 1.88 1.88 1.89 1.89 1.72 1.72 1.72 1.72 1.55 1.56 1.56 0.00 1.68 1.68 1.68 1.68 1.88 1.88 1.88 1.89 1.95 1.58 1.58 1.96 1.97 1.98 1.98 1.98 1.97 1.98 1.98 1.98 1.80 1.80 1.80 1.80 1.61 1.61 1.62 1.62
2.14 2.14 2.15 2.15 2.10 2.10 2.11 2.11 2.11 2.12 2.12 2.13 2.01 2.02 2.02 2.02 1.82 1.82 1.82 1.83 0.00 0.00 0.00 0.00 0.00 1.64 1.65 1.65 1.51 1.79 0.00 1.79 1.95 1.95 1.95 1.96 1.95 1.95 1.88 1.88 1.83 1.83 1.84 1.84 1.91 1.91 1.91 1.92 1.82 1.82 1.82 1.83 0.00 0.00 1.64 0.00 1.74 1.74 1.74 1.74 1.87 1.87 1.87 1.87 1.89 0.00 0.00 1.90 2.00 2.00 2.00 2.01 2.03 2.04 2.04 2.04 1.78 1.79 1.79 1.79 1.60 1.61 1.61 1.61
2.13 2.13 2.14 2.14 2.09 2.09 2.10 2.10 2.10 2.11 2.11 2.12 0.00 2.01 2.01 2.01 1.81 1.81 1.81 1.82 0.00 0.00 0.00 0.00 0.00 0.00 0.00 0.00 0.00 1.78 0.00 1.78 1.93 1.94 1.94 1.94 1.93 0.00 1.94 1.94 1.89 1.90 1.82 1.83 1.90 1.90 1.90 1.90 1.81 1.81 1.81 1.82 1.63 0.00 0.00 0.00 1.73 1.73 1.73 1.73 1.85 1.53 1.86 1.86 1.88 1.88 1.89 1.89 1.99 1.99 1.99 2.00 2.02 2.02 2.03 2.03 1.78 1.78 1.78 1.78 1.60 1.60 1.60 1.60
2.12 2.13 1.67 0.00 2.08 2.08 2.09 2.09 2.09 2.10 2.10 2.10 1.99 0.00 0.00 0.00 0.00 0.00 0.00 1.81 0.00 0.00 0.00 0.00 0.00 0.00 0.00 0.00 0.00 0.00 1.77 1.77 1.92 1.93 1.93 1.93 1.92 0.00 0.00 1.93 1.88 1.89 1.89 1.89 1.96 1.89 1.89 1.89 1.80 1.80 1.80 1.80 1.62 0.00 0.00 0.00 1.72 1.72 1.72 1.46 1.52 1.52 1.52 1.52 1.87 1.87 1.88 1.88 1.97 1.98 1.98 1.98 2.01 2.01 2.02 2.02 1.77 1.77 1.77 1.77 1.59 1.59 1.60 1.60
1.66 0.00 0.00 0.00 2.07 2.07 2.08 2.08 2.08 2.09 2.09 2.09 1.98 1.99 0.00 0.00 0.00 0.00 1.80 0.00 0.00 0.00 0.00 0.00 0.00 0.00 0.00 0.00 0.00 0.00 0.00 1.77 1.91 1.91 1.92 0.00 0.00 0.00 0.00 0.00 1.87 1.87 0.00 0.00 1.95 1.95 1.95 1.95 1.78 1.79 1.79 1.79 1.61 0.00 0.00 0.00 1.71 1.71 1.71 1.71 1.51 1.51 0.00 1.52 1.86 1.86 1.86 1.87 1.96 1.96 1.97 1.97 2.00 2.00 2.00 2.01 1.76 1.76 1.76 1.77 1.59 1.59 1.59 1.59
2.07 0.00 0.00 0.00 2.07 2.07 2.08 2.08 2.09 2.09 2.09 2.10 1.95 1.95 1.95 1.96 0.00 1.79 0.00 0.00 0.00 0.00 0.00 0.00 0.00 0.00 0.00 0.00 0.00 0.00 0.00 1.82 1.86 1.87 1.87 0.00 0.00 0.00 0.00 0.00 1.90 1.90 0.00 0.00 0.00 1.96 1.96 1.96 1.94 1.94 1.94 1.87 1.71 1.71 0.00 0.00 1.44 1.70 1.70 1.70 1.79 1.49 1.79 1.80 1.85 1.85 1.86 1.86 2.00 2.00 2.00 2.01 2.01 2.02 2.02 2.03 1.76 1.77 1.77 1.77 1.54 1.54 1.54 1.54
0.00 1.64 0.00 0.00 0.00 2.06 2.07 0.00 2.08 2.08 2.08 2.09 1.94 1.94 1.94 1.95 1.79 1.79 1.79 1.79 0.00 0.00 0.00 0.00 0.00 0.00 0.00 0.00 0.00 0.00 0.00 1.81 1.85 1.86 1.86 1.86 0.00 0.00 0.00 0.00 1.89 0.00 0.00 0.00 0.00 0.00 1.95 1.95 1.93 1.93 1.93 1.93 1.78 1.78 1.78 0.00 0.00 0.00 1.69 1.70 1.48 0.00 1.78 1.79 1.84 1.84 1.84 1.52 1.98 1.99 1.99 1.99 2.00 2.00 2.01 2.01 1.75 1.76 1.76 1.76 1.53 1.53 1.54 0.00
0.00 0.00 0.00 0.00 1.63 2.05 2.06 2.06 2.07 2.07 2.07 2.08 1.93 1.93 1.93 1.94 1.78 1.78 0.00 0.00 0.00 0.00 0.00 0.00 0.00 0.00 0.00 0.00 0.00 0.00 0.00 0.00 0.00 0.00 1.85 1.85 1.90 1.91 1.91 0.00 1.88 1.88 0.00 0.00 0.00 0.00 1.94 1.94 1.91 1.92 1.92 1.92 1.77 1.77 1.77 0.00 0.00 0.00 1.68 1.69 1.77 1.77 1.77 1.78 1.83 1.83 1.83 1.84 1.97 1.97 1.98 1.98 1.99 1.99 2.00 2.00 1.75 1.75 1.75 1.75 1.53 1.53 0.00 0.00
0.00 0.00 0.00 0.00 0.00 2.04 2.05 2.05 2.06 2.06 2.06 2.06 1.92 0.00 0.00 0.00 0.00 0.00 0.00 0.00 0.00 0.00 0.00 0.00 0.00 0.00 0.00 0.00 0.00 0.00 0.00 0.00 0.00 0.00 0.00 1.84 1.89 0.00 0.00 0.00 1.87 0.00 0.00 0.00 0.00 0.00 1.92 1.93 1.90 1.90 1.91 1.91 1.76 1.76 1.76 0.00 0.00 0.00 0.00 1.75 1.83 1.76 1.76 1.76 1.82 1.82 1.82 1.82 1.95 1.96 1.96 1.97 1.97 1.98 1.98 0.00 1.74 1.74 1.74 1.75 1.52 1.52 1.53 1.53
0.00 0.00 0.00 0.00 1.64 2.09 2.09 2.09 2.07 2.08 2.08 2.08 0.00 0.00 0.00 0.00 0.00 0.00 0.00 0.00 0.00 0.00 0.00 0.00 0.00 0.00 0.00 0.00 0.00 0.00 0.00 0.00 0.00 0.00 0.00 1.86 1.94 0.00 0.00 0.00 1.91 0.00 0.00 0.00 0.00 0.00 0.00 1.93 1.93 1.93 1.93 1.94 1.81 1.81 1.81 0.00 0.00 0.00 0.00 1.78 1.86 0.00 0.00 1.87 1.87 1.87 1.87 1.88 1.95 1.96 1.96 1.97 1.95 1.95 1.96 1.96 1.82 1.82 1.83 1.83 1.59 1.60 0.00 0.00
2.06 0.00 0.00 0.00 2.08 2.08 2.08 2.08 2.06 2.07 2.07 2.07 0.00 0.00 0.00 0.00 0.00 0.00 0.00 0.00 0.00 0.00 0.00 0.00 0.00 0.00 0.00 0.00 0.00 0.00 0.00 0.00 0.00 0.00 0.00 0.00 1.93 0.00 0.00 0.00 0.00 0.00 0.00 0.00 0.00 0.00 0.00 1.92 1.92 1.92 1.92 1.92 1.80 1.80 1.80 1.80 0.00 0.00 1.77 1.77 1.85 0.00 1.54 0.00 1.58 1.93 1.94 1.94 1.94 1.94 1.95 1.95 1.94 1.94 1.94 1.95 1.50 1.81 1.82 1.82 1.59 0.00 0.00 0.00
2.05 2.06 2.06 2.06 2.07 2.07 2.07 0.00 2.05 2.05 1.63 2.06 1.88 0.00 0.00 0.00 0.00 0.00 0.00 0.00 0.00 0.00 0.00 0.00 0.00 0.00 0.00 0.00 0.00 0.00 0.00 0.00 0.00 0.00 0.00 0.00 1.91 1.92 0.00 0.00 0.00 0.00 0.00 0.00 0.00 0.00 0.00 1.91 1.91 1.91 1.91 1.57 1.50 1.79 1.79 0.00 0.00 0.00 1.76 1.76 1.84 0.00 1.53 0.00 0.00 1.92 1.92 1.93 2.00 2.01 2.01 1.94 1.92 1.93 1.93 1.94 1.80 1.80 1.81 1.81 1.58 1.58 0.00 0.00
2.05 2.05 2.05 0.00 0.00 0.00 2.06 2.06 0.00 2.04 2.05 2.05 0.00 0.00 0.00 0.00 0.00 0.00 0.00 0.00 0.00 0.00 0.00 0.00 0.00 0.00 0.00 0.00 0.00 0.00 0.00 0.00 0.00 0.00 0.00 0.00 0.00 0.00 0.00 0.00 0.00 0.00 0.00 0.00 0.00 0.00 0.00 0.00 1.89 1.90 1.90 1.56 0.00 1.78 1.66 0.00 0.00 1.75 1.75 1.75 0.00 1.52 0.00 0.00 0.00 0.00 1.91 1.92 1.61 1.99 2.00 2.00 1.99 1.99 1.92 1.92 1.79 1.79 1.80 1.80 1.57 1.58 1.58 0.00
2.03 2.03 2.03 0.00 0.00 0.00 2.06 2.06 2.07 0.00 0.00 0.00 0.00 0.00 0.00 0.00 0.00 0.00 0.00 0.00 0.00 0.00 0.00 0.00 0.00 0.00 0.00 0.00 0.00 0.00 0.00 0.00 0.00 0.00 0.00 1.91 0.00 0.00 0.00 0.00 0.00 0.00 0.00 0.00 0.00 0.00 1.90 1.90 1.90 1.90 1.90 0.00 0.00 1.79 1.51 0.00 0.00 0.00 1.81 1.81 1.88 0.00 0.00 0.00 0.00 0.00 1.91 1.92 1.94 1.94 1.95 1.95 1.97 1.97 1.97 1.98 1.93 1.93 1.86 1.86 1.69 1.69 1.70 0.00
2.02 2.02 2.02 2.03 0.00 0.00 2.05 2.05 2.06 2.06 0.00 0.00 0.00 0.00 0.00 0.00 0.00 0.00 0.00 0.00 0.00 0.00 0.00 0.00 0.00 0.00 0.00 0.00 0.00 0.00 0.00 0.00 0.00 1.90 0.00 0.00 0.00 0.00 1.95 1.95 1.89 0.00 0.00 0.00 0.00 1.88 1.89 1.89 1.89 1.89 1.89 0.00 0.00 1.78 1.79 0.00 0.00 0.00 1.80 1.80 1.87 1.88 0.00 0.00 1.56 0.00 1.90 1.91 1.93 1.93 1.94 1.94 1.96 1.96 1.96 1.97 1.92 1.92 1.92 1.93 1.76 1.69 1.69 0.00
