New_Model_Runs/2_scn1_noclimate_out/post_prcessed_with_MFR/Monthly_summaries/interception_monthly_JAN.asc
NCOLS 700
NROWS 400
XLLCENTER 515000.000000
YLLCENTER 8409000.000000
CELLSIZE 50.000000
NODATA_value -999.000000
[rows 114 to 151 of 400, columns 504 to 587 of 700]
1.77 1.77 1.77 1.77 2.21 2.20 2.20 2.19 2.41 2.41 2.40 2.39 2.37 2.36 2.36 2.35 2.24 0.00 0.00 0.00 0.00 0.00 0.00 0.00 0.00 1.59 2.06 0.00 2.09 0.00 0.00 0.00 0.00 2.11 2.11 2.11 2.05 0.00 0.00 2.04 1.87 1.87 1.87 1.87 1.79 1.79 1.79 1.78 1.87 1.87 1.87 1.86 2.04 2.03 2.03 2.03 2.17 1.90 1.90 1.90 1.84 1.84 1.84 1.83 1.83 1.83 1.82 1.82 1.97 1.96 1.96 1.96 1.82 1.82 1.82 1.82 1.55 0.00 0.00 0.00 0.00 0.00 0.00 0.00
1.78 1.77 1.77 1.77 2.21 2.21 2.20 2.20 2.42 2.41 2.41 2.40 2.37 2.37 2.36 2.36 2.24 2.24 2.23 0.00 0.00 0.00 0.00 0.00 0.00 0.00 2.06 2.05 2.09 0.00 0.00 0.00 0.00 2.12 2.11 2.11 2.05 2.05 0.00 0.00 1.87 1.87 1.87 1.87 1.79 1.79 1.79 1.79 1.87 1.87 1.87 1.87 2.04 2.04 2.03 2.03 2.17 1.90 1.90 1.90 1.84 1.84 1.84 1.83 1.83 1.83 1.82 1.82 1.97 1.96 1.96 1.96 1.82 1.82 1.82 1.82 1.55 0.00 0.00 0.00 0.00 0.00 0.00 0.00
2.33 2.33 2.32 2.32 2.48 2.47 2.47 2.46 2.27 2.27 2.26 2.26 2.12 2.12 2.12 2.11 2.07 2.06 2.06 2.05 1.58 1.58 2.03 2.03 2.05 0.00 0.00 0.00 2.04 2.03 2.03 0.00 1.98 1.98 1.98 1.98 1.93 1.92 1.92 0.00 1.91 1.91 1.91 0.00 1.90 1.90 1.90 1.90 1.92 0.00 1.92 1.92 2.04 2.04 2.04 2.03 2.24 1.97 1.97 1.97 1.99 1.98 1.98 1.98 1.97 1.97 1.96 1.96 1.94 1.94 1.94 1.93 1.74 1.74 1.74 1.74 1.53 0.00 0.00 0.00 0.00 0.00 0.00 0.00
2.34 2.33 2.33 2.32 2.48 2.48 2.47 2.46 2.28 2.27 2.27 2.26 2.13 2.12 2.12 2.11 2.07 2.06 2.06 2.05 2.04 2.03 2.03 2.03 0.00 2.04 2.04 2.04 2.04 2.03 0.00 2.03 1.98 1.98 1.98 1.98 1.93 1.93 1.92 1.92 1.91 1.91 1.91 1.91 1.90 1.90 1.90 0.00 1.93 0.00 0.00 0.00 0.00 2.04 2.04 2.04 2.24 1.98 1.97 1.97 1.99 1.98 1.98 1.98 1.97 1.97 1.96 1.96 1.94 1.94 1.94 1.93 1.74 1.74 1.74 1.74 1.53 1.54 0.00 0.00 0.00 0.00 0.00 0.00
2.34 2.34 2.33 2.32 2.49 2.48 2.47 2.47 2.28 2.27 2.27 2.26 2.13 2.12 2.12 2.11 2.07 2.06 2.06 2.06 2.04 2.04 2.03 2.03 2.05 2.04 1.59 2.04 2.04 2.03 2.03 2.03 1.99 1.98 1.98 1.98 1.93 1.93 1.92 1.92 1.91 1.91 1.91 1.91 1.91 1.90 1.90 0.00 0.00 0.00 0.00 0.00 2.05 2.04 2.04 2.04 2.25 1.98 1.97 1.97 1.99 1.99 1.98 1.98 1.97 1.97 1.96 1.96 1.94 1.94 1.94 1.94 1.74 1.74 1.74 1.74 1.54 1.54 0.00 0.00 0.00 0.00 0.00 0.00
2.34 2.34 2.33 2.33 2.49 2.48 2.48 2.47 2.28 2.28 2.27 2.26 2.13 2.13 2.12 2.11 2.07 2.07 2.06 2.06 2.04 2.04 2.03 2.03 2.05 2.04 2.04 2.04 2.04 2.03 2.03 2.03 1.99 1.98 1.98 1.98 1.93 1.93 1.92 1.92 1.91 1.91 1.91 1.91 0.00 0.00 0.00 0.00 0.00 1.93 1.92 1.92 0.00 2.04 2.04 2.04 2.25 1.98 1.98 1.97 1.99 1.99 1.98 1.98 1.97 1.97 1.96 1.96 1.94 1.94 1.94 1.94 1.74 1.74 1.74 1.74 1.54 1.54 1.19 1.19 0.00 0.00 0.00 0.00
2.38 2.37 2.37 2.36 2.11 2.10 2.10 2.09 1.90 1.90 1.89 1.89 1.87 1.86 1.86 1.85 1.87 1.86 1.86 1.86 1.87 1.86 1.86 1.86 1.85 1.84 0.00 1.84 1.84 1.83 1.83 1.83 1.80 1.80 1.80 1.80 1.79 0.00 0.00 0.00 1.85 1.85 1.85 0.00 0.00 0.78 0.00 1.92 0.00 1.99 1.99 1.98 2.15 2.14 2.14 2.14 2.31 2.05 2.04 2.04 2.01 2.01 2.00 2.00 1.89 1.88 1.88 1.88 1.81 1.80 1.80 1.80 1.72 1.72 1.71 1.72 1.19 1.19 1.19 1.19 0.00 0.00 0.00 0.00
2.38 2.38 2.37 2.36 2.11 2.10 2.10 2.09 1.90 1.90 1.89 1.89 1.87 1.86 1.86 1.86 1.87 1.86 1.86 1.86 1.87 1.86 1.86 1.86 1.85 0.00 0.00 0.00 1.84 1.83 1.83 1.83 1.80 1.80 1.80 1.80 1.79 0.00 0.00 0.00 1.85 0.00 0.00 0.00 0.00 1.93 0.00 1.92 1.99 1.99 1.99 1.98 2.15 2.14 2.14 2.14 2.32 2.05 2.04 2.04 2.01 2.01 2.00 2.00 1.89 1.88 1.88 1.88 1.81 1.80 1.80 1.80 1.72 1.72 1.72 1.72 1.54 1.54 1.54 1.19 0.00 0.00 0.00 0.00
2.38 2.38 2.37 2.36 2.11 2.10 2.10 2.09 1.90 1.90 1.89 1.89 1.87 1.86 1.86 1.86 1.87 1.86 1.86 1.86 1.87 1.86 1.86 1.86 1.85 1.84 0.00 0.00 0.00 1.83 1.83 0.00 0.00 0.00 0.00 1.79 0.00 1.78 0.00 0.00 0.00 0.00 0.00 0.00 0.00 1.93 1.92 1.92 1.99 1.99 1.99 1.98 2.15 2.14 2.14 2.14 2.32 2.05 2.04 2.04 2.01 2.01 2.00 2.00 1.89 1.88 1.88 1.88 1.81 1.80 1.80 1.80 1.72 1.72 1.72 1.72 1.54 1.54 1.54 1.54 0.00 0.00 1.42 1.42
2.39 2.38 2.37 2.36 2.11 1.62 2.10 2.09 1.90 0.00 1.89 1.89 1.87 1.86 1.86 1.85 0.00 1.86 1.86 1.85 1.87 1.86 1.86 1.85 1.85 1.84 0.00 0.00 0.00 1.83 1.83 0.00 0.00 0.00 0.00 0.00 0.00 1.78 1.78 0.00 1.69 0.00 0.00 1.85 1.93 1.93 1.92 1.92 1.99 1.99 1.99 1.98 2.15 2.14 2.14 2.14 2.32 2.05 2.04 2.04 2.01 2.01 2.00 2.00 1.89 1.88 1.88 1.88 1.81 1.80 1.80 1.80 1.72 1.72 1.72 1.72 1.54 1.54 1.54 1.54 1.42 1.42 1.42 1.42
2.01 2.00 2.00 1.99 1.84 1.84 1.83 1.83 1.81 1.81 1.81 1.80 1.79 1.79 1.78 1.78 1.74 1.73 0.00 0.00 1.72 1.72 1.72 1.71 1.70 1.69 1.69 1.69 1.69 1.68 1.68 0.00 0.00 0.00 1.69 0.00 0.00 0.00 1.77 1.77 1.83 1.83 1.83 1.83 1.84 1.83 1.83 1.83 1.93 1.93 1.93 1.92 2.18 2.18 2.18 2.17 2.33 2.06 2.06 2.05 1.95 1.95 1.94 1.94 1.80 1.80 1.80 1.79 1.74 1.74 1.74 1.73 1.67 1.67 1.67 1.67 1.61 1.61 1.61 1.61 1.61 1.61 1.61 1.61
2.01 2.00 2.00 1.99 1.84 1.84 1.83 1.83 1.81 1.81 1.81 1.80 1.79 1.79 1.78 1.78 1.74 1.73 0.00 0.00 0.00 1.72 1.72 1.71 1.70 1.69 0.00 0.00 0.00 0.00 1.68 1.68 0.00 0.00 0.00 0.00 0.00 0.00 1.77 1.76 1.83 1.83 1.83 1.83 1.83 1.83 1.83 1.83 1.93 1.93 1.92 1.92 2.18 2.18 2.18 2.17 2.33 2.06 2.06 2.05 1.95 1.94 1.94 1.94 1.80 1.80 1.80 1.79 1.74 1.74 1.74 1.73 1.67 1.67 1.67 1.67 1.61 1.61 1.61 1.61 1.61 1.61 1.61 1.61
2.01 2.00 2.00 1.99 1.84 1.84 1.83 1.83 1.81 1.81 1.80 1.80 1.79 1.78 1.78 1.78 1.74 0.00 0.00 0.00 0.00 0.00 1.71 1.71 1.69 0.00 0.00 0.00 0.00 0.00 0.00 0.00 0.00 0.00 0.00 0.00 1.77 1.77 1.76 1.76 1.83 1.83 1.83 1.83 1.83 1.83 1.83 1.83 1.93 1.93 1.92 1.92 2.18 2.18 2.17 2.17 2.33 2.06 2.06 2.05 1.95 1.94 1.94 1.94 1.80 1.80 1.79 1.79 1.74 1.74 1.73 1.73 1.67 1.67 1.67 1.67 1.61 1.61 1.61 1.61 1.61 1.61 1.61 1.61
2.01 2.00 2.00 1.99 1.84 1.84 1.83 1.83 1.81 1.81 1.80 1.80 1.79 1.78 1.78 1.78 1.73 0.00 0.00 0.00 0.00 0.00 1.71 0.00 0.00 0.00 0.00 0.00 0.00 0.00 0.00 0.00 0.00 0.00 0.00 0.00 1.77 1.77 1.76 1.76 1.83 1.83 1.83 1.83 1.83 1.83 0.00 1.83 1.93 1.92 1.92 1.92 2.18 2.18 2.17 2.17 2.33 2.06 2.06 0.00 1.95 1.94 0.00 0.00 1.80 1.80 1.79 1.79 1.74 1.74 1.73 1.73 1.67 1.67 1.67 1.67 1.61 1.61 1.61 1.61 1.61 1.61 1.61 1.61
1.78 1.78 1.78 1.77 1.74 1.74 1.73 1.73 1.82 1.81 1.81 1.80 1.78 1.78 1.77 1.77 1.72 0.00 0.00 0.00 0.00 0.00 0.00 0.00 0.00 0.00 0.00 0.00 0.00 0.00 0.00 0.00 0.00 0.00 0.00 1.74 1.80 1.80 1.79 1.79 1.73 1.73 1.72 0.00 0.00 0.00 0.00 1.62 0.00 1.95 1.95 1.95 2.15 2.15 2.15 2.15 2.25 1.98 1.97 0.00 0.00 0.00 0.00 0.00 1.93 1.93 1.92 1.92 1.86 1.86 1.86 1.86 1.79 1.79 1.79 1.79 1.76 1.76 1.76 1.76 1.76 1.76 1.76 1.76
1.78 1.78 1.77 1.77 1.74 1.74 1.73 1.73 1.81 1.81 1.81 1.80 1.78 1.78 1.77 1.77 0.00 0.00 0.00 0.00 0.00 0.00 0.00 0.00 0.00 0.00 0.00 0.00 0.00 0.00 0.00 0.00 0.00 0.00 0.00 1.74 1.80 1.79 1.79 1.79 1.59 0.00 0.00 0.00 0.00 0.00 1.76 0.00 1.95 1.95 1.95 1.94 2.15 2.15 2.15 2.14 2.24 1.98 1.97 0.00 0.00 0.00 0.00 1.97 1.93 1.93 1.92 1.92 1.86 1.86 1.86 1.86 1.79 1.79 1.79 1.79 1.76 1.76 1.76 1.76 1.76 0.00 1.76 1.76
1.78 1.78 1.77 1.77 1.74 1.73 1.43 1.73 1.81 1.81 1.80 1.80 1.78 1.77 1.77 1.77 0.00 1.71 0.00 0.00 0.00 0.00 0.00 0.00 0.00 0.00 0.00 0.00 0.00 0.00 0.00 0.00 0.00 0.00 0.00 1.73 1.79 1.79 1.79 0.00 0.00 0.00 0.00 0.00 0.00 1.76 1.76 1.76 1.95 1.95 1.94 1.94 2.15 2.15 2.15 2.14 2.24 1.97 1.97 0.00 0.00 0.00 0.00 1.97 1.93 1.93 1.92 1.92 1.86 1.86 1.86 1.86 1.78 1.78 1.78 1.78 1.75 1.75 1.75 1.75 1.76 1.76 1.76 1.76
1.78 1.78 1.77 1.77 1.74 1.73 1.73 1.72 0.00 0.00 1.80 1.80 1.78 1.77 1.77 0.00 0.00 1.71 0.00 0.00 0.00 0.00 1.69 0.00 0.00 0.00 0.00 0.00 0.00 0.00 0.00 0.00 0.00 0.00 0.00 0.00 0.00 1.79 0.00 0.00 0.00 0.00 0.00 0.00 0.00 1.76 1.76 1.76 1.95 1.94 1.94 1.94 2.15 2.15 2.14 2.14 2.24 1.97 1.97 0.00 0.00 0.00 0.00 1.97 1.93 1.92 1.92 1.92 1.86 1.86 1.85 1.85 1.78 1.78 1.78 1.78 1.75 1.75 1.75 1.75 1.76 1.76 1.76 1.76
1.74 1.74 1.73 1.73 1.70 1.69 0.00 0.00 1.73 1.73 1.72 1.72 0.00 0.00 0.00 0.00 0.00 0.00 1.73 0.00 1.76 1.76 0.00 0.00 0.00 0.00 0.00 0.00 0.00 0.00 0.00 0.00 0.00 0.00 0.00 1.87 1.84 0.00 0.00 0.00 0.00 0.00 0.00 0.00 0.00 1.86 1.85 1.85 1.96 1.96 1.96 1.96 2.01 2.01 2.01 2.01 2.06 1.79 1.79 0.00 0.00 0.00 0.00 1.91 2.03 2.02 2.02 2.02 1.97 1.96 1.96 1.96 1.86 1.86 1.86 1.86 1.80 1.80 1.80 1.80 1.75 1.75 1.75 1.75
1.74 1.74 1.73 1.73 1.70 0.00 0.00 0.00 0.00 0.00 1.72 1.72 1.73 0.00 0.00 0.00 0.00 0.00 0.00 1.73 1.76 1.76 0.00 0.00 0.00 0.00 0.00 0.00 0.00 0.00 0.00 0.00 0.00 0.00 0.00 0.00 0.00 0.00 0.00 0.00 0.00 0.00 0.00 0.00 0.00 0.00 1.85 1.85 1.96 1.96 1.96 1.96 2.01 2.01 2.01 2.01 2.06 1.79 1.79 1.78 1.92 1.91 1.91 1.91 2.03 2.02 2.02 2.01 1.96 1.96 1.96 1.96 1.86 1.86 1.86 1.86 1.80 1.80 1.80 1.80 1.75 1.75 1.75 1.75
1.74 1.73 1.73 1.72 1.69 1.69 1.69 0.00 0.00 1.43 1.42 0.00 0.00 0.00 0.00 0.00 0.00 0.00 0.00 0.00 0.00 0.00 0.00 0.00 0.00 0.00 0.00 0.00 0.00 0.00 0.00 0.00 0.00 0.00 0.00 0.00 0.00 0.00 0.00 0.00 0.00 0.00 0.00 0.00 0.00 1.85 1.85 1.85 1.96 1.96 1.96 1.95 2.01 2.01 2.01 2.00 2.06 1.79 1.79 1.78 1.91 1.91 1.91 1.90 2.02 2.02 2.02 2.01 1.96 1.96 1.95 1.95 1.86 1.86 1.86 1.86 1.79 1.79 1.79 1.79 1.75 1.75 1.75 1.75
1.74 1.73 1.73 1.72 1.69 1.41 1.68 0.00 0.00 0.00 0.00 0.00 0.00 0.00 0.00 0.00 0.00 0.00 0.00 0.00 0.00 0.00 0.00 0.00 0.00 0.00 0.00 0.00 0.00 0.00 0.00 0.00 0.00 0.00 0.00 0.00 0.00 0.00 0.00 0.00 0.00 0.00 0.00 1.81 0.00 0.00 1.85 1.85 1.96 1.95 1.95 1.95 2.01 2.00 2.00 2.00 2.05 1.79 1.78 1.78 1.91 1.91 1.91 1.90 2.02 2.02 2.01 2.01 1.96 1.96 1.95 1.95 1.86 1.86 1.86 1.86 1.79 1.79 1.79 1.79 1.74 1.74 1.74 1.74
1.76 1.76 1.75 1.75 1.73 0.00 0.00 0.00 0.00 0.00 0.00 0.00 0.00 0.00 0.00 0.00 0.00 0.00 0.00 0.00 0.00 0.00 0.00 0.00 0.00 0.00 0.00 0.00 0.00 0.00 0.00 0.00 0.00 0.00 0.00 0.00 0.00 0.00 0.00 0.00 0.00 0.00 0.00 1.91 0.00 0.00 1.84 1.84 0.00 0.00 1.82 1.82 1.84 1.84 1.84 1.84 1.88 1.61 1.61 1.61 1.73 1.73 1.73 1.72 2.02 2.01 2.01 2.01 2.10 2.10 2.10 2.09 1.94 1.94 1.93 1.93 1.79 1.79 1.79 1.79 1.69 1.69 1.69 1.69
1.76 1.76 1.75 1.75 1.43 0.00 0.00 0.00 0.00 0.00 0.00 0.00 0.00 0.00 0.00 0.00 0.00 0.00 0.00 0.00 0.00 0.00 0.00 0.00 0.00 0.00 0.00 0.00 0.00 0.00 0.00 0.00 0.00 0.00 0.00 0.00 0.00 0.00 0.00 0.00 0.00 0.00 0.00 0.00 0.00 0.00 0.00 0.00 0.00 0.00 0.00 0.00 0.00 1.84 1.83 1.83 1.88 1.61 1.61 1.60 1.73 1.73 1.73 1.72 2.02 2.01 2.01 2.00 2.10 2.10 2.09 2.09 1.93 1.93 1.93 1.93 1.79 1.79 1.79 1.79 1.69 1.69 1.69 1.69
1.76 1.75 1.75 0.00 0.00 0.00 0.00 0.00 0.00 0.00 0.00 0.00 0.00 0.00 0.00 0.00 0.00 0.00 0.00 0.00 0.00 0.00 0.00 0.00 0.00 0.00 0.00 0.00 0.00 0.00 0.00 0.00 0.00 0.00 0.00 0.00 0.00 0.00 0.00 0.00 0.00 0.00 0.00 0.00 0.00 0.00 0.00 0.00 0.00 0.00 0.00 0.00 0.00 0.00 0.00 1.83 1.88 1.61 1.60 1.60 1.73 1.73 1.72 1.72 2.01 2.01 2.01 2.00 2.10 2.10 2.09 2.09 1.93 1.93 1.93 1.93 1.79 1.79 1.79 1.79 1.68 1.68 1.69 1.69
0.00 0.00 0.00 0.00 0.00 0.00 0.00 0.00 0.00 0.00 0.00 0.00 0.00 0.00 0.00 0.00 0.00 0.00 0.00 0.00 0.00 0.00 0.00 0.00 0.00 0.00 0.00 0.00 0.00 0.00 0.00 0.00 0.00 0.00 0.00 0.00 0.00 0.00 0.00 0.00 0.00 0.00 0.00 0.00 0.00 0.00 0.00 0.00 0.00 0.00 0.00 0.00 0.00 0.00 0.00 0.00 0.00 1.60 1.60 1.60 1.73 1.72 1.72 1.72 2.01 2.01 2.00 2.00 2.10 2.09 2.09 2.09 1.93 1.93 1.93 1.92 1.78 1.78 1.78 1.78 1.68 1.68 1.68 1.68
1.79 0.00 0.00 0.00 1.77 1.77 0.00 0.00 0.00 0.00 0.00 0.00 0.00 0.00 0.00 0.00 0.00 0.00 0.00 0.00 0.00 0.00 0.00 0.00 0.00 0.00 0.00 0.00 0.00 0.00 0.00 0.00 0.00 0.00 0.00 0.00 0.00 0.00 0.00 0.00 0.00 0.00 0.00 0.00 0.00 0.00 0.00 0.00 0.00 0.00 0.00 0.00 0.00 0.00 0.00 0.00 0.00 0.00 1.53 1.53 0.00 1.71 1.70 1.70 2.09 2.09 2.09 2.08 2.23 2.22 2.22 2.21 1.96 1.96 1.95 1.95 1.74 1.74 1.30 1.30 0.00 1.65 1.65 0.00
1.79 0.00 0.00 0.00 1.77 1.76 1.76 0.00 0.00 0.00 0.00 0.00 0.00 0.00 0.00 0.00 0.00 0.00 0.00 0.00 0.00 0.00 0.00 0.00 0.00 0.00 0.00 0.00 0.00 0.00 0.00 0.00 0.00 0.00 0.00 0.00 0.00 0.00 0.00 0.00 0.00 0.00 0.00 0.00 0.00 0.00 0.00 0.00 0.00 0.00 0.00 0.00 0.00 0.00 0.00 0.00 0.00 0.00 0.00 0.00 0.00 1.71 1.70 1.70 2.09 2.09 2.08 2.08 2.23 2.22 2.22 2.21 1.96 1.95 1.95 1.95 1.74 1.74 1.74 1.74 1.65 1.65 1.65 0.00
1.78 1.78 1.63 0.00 0.00 0.00 0.00 0.00 0.00 0.00 0.00 0.00 0.00 0.00 0.00 0.00 0.00 0.00 0.00 0.00 0.00 0.00 0.00 0.00 0.00 0.00 0.00 0.00 0.00 0.00 0.00 0.00 0.00 0.00 0.00 0.00 0.00 0.00 0.00 0.00 0.00 0.00 0.00 0.00 0.00 0.00 0.00 0.00 0.00 0.00 0.00 0.00 0.00 0.00 0.00 0.00 0.00 0.00 0.00 1.52 1.70 1.70 1.70 1.70 2.09 2.09 2.08 2.08 2.22 2.22 2.22 2.21 1.96 1.95 1.95 1.95 1.74 1.74 0.00 0.00 0.00 0.00 0.00 0.00
1.78 1.77 0.00 0.00 0.00 0.00 0.00 0.00 0.00 0.00 0.00 0.00 0.00 0.00 0.00 0.00 0.00 0.00 0.00 0.00 0.00 0.00 0.00 0.00 0.00 0.00 0.00 0.00 0.00 0.00 0.00 0.00 0.00 0.00 0.00 0.00 0.00 0.00 0.00 0.00 0.00 0.00 0.00 0.00 0.00 0.00 0.00 0.00 0.00 0.00 0.00 0.00 0.00 0.00 0.00 0.00 0.00 1.52 1.52 1.52 1.70 1.70 1.70 1.70 2.09 2.08 2.08 2.08 2.22 2.22 2.21 2.21 1.96 1.95 1.95 1.95 1.74 1.74 1.74 1.74 0.00 0.00 0.00 0.00
0.00 0.00 0.00 0.00 0.00 0.00 0.00 0.00 0.00 0.00 0.00 0.00 0.00 0.00 0.00 0.00 0.00 0.00 0.00 0.00 0.00 0.00 0.00 0.00 0.00 0.00 0.00 0.00 0.00 0.00 0.00 0.00 0.00 0.00 0.00 0.00 0.00 0.00 0.00 0.00 0.00 0.00 0.00 0.00 0.00 0.00 0.00 0.00 0.00 0.00 0.00 0.00 0.00 0.00 0.00 0.00 0.00 1.27 0.00 1.69 1.99 1.99 1.99 1.98 2.18 2.18 2.18 2.17 2.17 2.17 2.16 2.16 1.98 1.98 1.98 1.97 1.75 1.75 1.74 1.74 1.63 0.00 0.00 0.00
0.00 0.00 0.00 0.00 0.00 0.00 0.00 0.00 0.00 0.00 0.00 0.00 0.00 0.00 0.00 0.00 0.00 0.00 0.00 0.00 0.00 0.00 0.00 0.00 0.00 0.00 0.00 0.00 0.00 0.00 0.00 0.00 0.00 0.00 0.00 0.00 0.00 0.00 0.00 0.00 0.00 0.00 0.00 0.00 0.00 0.00 0.00 0.00 0.00 0.00 0.00 0.00 0.00 0.00 0.00 0.00 1.96 0.00 1.69 1.69 1.99 1.99 1.98 1.98 2.18 2.18 2.17 2.17 2.17 2.16 2.16 2.16 1.98 1.98 1.98 1.97 1.75 1.75 1.74 1.74 1.63 1.63 1.63 0.00
0.00 0.00 0.00 0.00 0.00 0.00 0.00 0.00 0.00 0.00 0.00 0.00 0.00 0.00 0.00 0.00 0.00 0.00 0.00 0.00 0.00 0.00 0.00 0.00 0.00 0.00 0.00 0.00 0.00 0.00 0.00 0.00 0.00 0.00 0.00 0.00 0.00 0.00 0.00 0.00 0.00 0.00 0.00 0.00 0.00 0.00 0.00 0.00 0.00 0.00 0.00 0.00 0.00 0.00 0.00 0.00 0.00 0.00 0.00 1.68 1.98 1.98 1.98 1.98 2.18 2.17 2.17 2.17 2.17 2.16 2.16 2.16 1.98 1.98 1.98 1.98 1.75 1.75 1.74 1.74 1.63 1.63 0.00 1.45
0.00 0.00 0.00 0.00 0.00 0.00 0.00 0.00 0.00 0.00 0.00 0.00 0.00 0.00 0.00 0.00 0.00 0.00 0.00 0.00 0.00 0.00 0.00 0.00 0.00 0.00 0.00 0.00 0.00 0.00 0.00 0.00 0.00 0.00 0.00 0.00 0.00 0.00 0.00 0.00 0.00 0.00 0.00 0.00 0.00 0.00 0.00 0.00 0.00 0.00 0.00 0.00 0.00 0.00 1.43 0.00 0.00 0.00 0.00 1.68 1.98 1.98 1.98 1.98 2.17 2.17 2.17 2.17 2.17 2.16 2.16 2.16 1.98 1.98 1.98 1.98 1.75 1.75 1.75 1.74 1.63 1.63 0.00 0.00
0.00 0.00 0.00 0.00 0.00 0.00 0.00 0.00 0.00 0.00 0.00 0.00 0.00 0.00 0.00 0.00 0.00 0.00 0.00 0.00 0.00 0.00 0.00 0.00 0.00 0.00 0.00 0.00 0.00 0.00 0.00 0.00 0.00 0.00 0.00 0.00 0.00 0.00 0.00 0.00 0.00 0.00 0.00 0.00 0.00 0.00 0.00 0.00 0.00 0.00 0.00 0.00 0.00 2.03 2.03 0.00 1.69 0.00 0.00 2.04 2.18 0.00 0.00 2.18 2.07 2.06 2.06 2.06 1.40 1.95 1.95 1.95 1.94 1.39 1.93 1.93 1.81 1.81 1.81 1.81 0.00 0.00 0.00 0.00
0.00 0.00 0.00 0.00 0.00 0.00 0.00 0.00 0.00 0.00 0.00 0.00 0.00 0.00 0.00 0.00 0.00 0.00 0.00 0.00 0.00 0.00 0.00 0.00 0.00 0.00 0.00 0.00 0.00 0.00 0.00 0.00 0.00 0.00 0.00 0.00 0.00 0.00 0.00 0.00 0.00 0.00 0.00 0.00 0.00 0.00 0.00 0.00 0.00 0.00 0.00 0.00 0.00 0.00 2.02 2.02 2.30 2.04 2.04 2.04 0.00 0.00 0.00 2.17 2.06 2.06 2.06 2.06 1.40 0.00 1.95 1.95 1.94 1.39 0.00 0.00 1.33 1.81 1.81 1.81 0.00 0.00 0.00 0.00
0.00 0.00 0.00 0.00 0.00 0.00 0.00 0.00 0.00 0.00 0.00 0.00 0.00 0.00 0.00 0.00 0.00 0.00 0.00 0.00 0.00 0.00 0.00 0.00 0.00 0.00 0.00 0.00 0.00 0.00 0.00 0.00 0.00 0.00 0.00 0.00 0.00 0.00 0.00 0.00 0.00 0.00 0.00 0.00 0.00 0.00 0.00 0.00 0.00 0.00 0.00 0.00 2.02 1.54 0.00 1.55 2.30 2.30 2.04 2.04 2.17 0.00 0.00 2.17 2.06 2.06 2.06 2.06 1.40 0.00 1.95 1.95 1.94 0.00 0.00 0.00 0.00 1.81 1.81 1.81 0.00 0.00 0.00 0.00
0.00 0.00 0.00 0.00 0.00 0.00 0.00 0.00 0.00 0.00 0.00 0.00 0.00 0.00 0.00 0.00 0.00 0.00 0.00 0.00 0.00 0.00 0.00 0.00 0.00 0.00 0.00 0.00 0.00 0.00 0.00 0.00 0.00 0.00 0.00 0.00 0.00 0.00 0.00 0.00 0.00 0.00 0.00 0.00 0.00 0.00 0.00 0.00 0.00 1.89 1.89 1.48 2.02 2.02 0.00 2.02 2.30 2.30 2.03 2.03 2.17 2.17 0.00 2.17 2.06 2.06 2.06 2.06 1.40 1.40 0.00 0.00 0.00 0.00 0.00 0.00 0.00 0.00 1.81 0.00 0.00 0.00 0.00 0.00
