New_Model_Runs/2_scn1_noclimate_out/post_prcessed_with_MFR/Monthly_summaries/net_infiltration_monthly_JUL.asc
NCOLS 700
NROWS 400
XLLCENTER 515000.000000
YLLCENTER 8409000.000000
CELLSIZE 50.000000
NODATA_value -999.000000
[rows 296 to 332 of 400, columns 168 to 251 of 700]
8.52 6.14 8.70 4.21 3.35 3.76 3.78 3.80 4.27 4.30 3.88 3.23 3.99 3.91 3.95 3.27 4.17 5.68 5.30 6.65 4.35 8.10 6.79 3.17 4.00 4.92 4.59 3.60 3.51 3.68 3.72 2.98 7.52 4.36 4.31 4.35 3.94 4.41 4.14 4.07 4.09 3.67 3.25 3.98 2.31 4.03 2.34 2.35 3.58 4.77 4.78 4.79 4.80 4.80 4.95 4.82 4.83 5.10 4.84 4.85 7.03 4.02 4.32 4.31 4.31 4.30 3.83 4.40 3.36 4.09 4.51 4.65 4.18 4.01 7.61 3.95 3.31 3.29 3.27 4.14 3.75 6.48 3.35 3.02
6.74 7.96 7.53 3.73 3.95 3.73 3.76 3.78 3.81 4.27 4.53 4.07 3.79 4.38 3.73 3.40 4.14 6.15 4.07 4.54 4.88 7.11 6.24 6.79 7.70 3.11 4.02 4.14 4.34 3.32 3.81 3.70 7.92 4.76 4.25 3.85 4.02 4.35 3.94 4.35 4.00 4.47 4.05 4.08 4.10 3.98 2.30 2.32 2.33 4.72 4.73 4.74 4.76 4.75 4.92 4.76 4.78 4.78 4.73 4.11 6.99 1.01 4.26 4.26 4.10 4.09 4.68 4.67 3.89 4.19 3.74 4.28 4.13 4.40 8.01 3.91 3.88 3.42 2.57 3.00 3.43 3.27 6.45 3.27
7.91 3.86 3.67 6.88 4.16 4.15 4.17 3.75 3.77 4.68 4.04 3.18 3.84 4.34 4.37 2.99 2.95 4.14 3.16 3.19 3.32 4.43 4.26 3.14 4.05 7.25 3.64 4.70 3.24 5.05 3.75 3.78 8.76 7.46 4.30 4.37 4.85 4.44 4.77 4.36 3.94 3.98 4.00 4.02 4.04 3.92 3.95 3.97 3.85 4.67 4.69 4.68 4.70 4.70 4.65 4.71 4.72 4.67 4.68 4.50 6.95 3.90 4.21 4.21 4.20 4.93 3.87 4.18 4.16 4.14 4.13 3.79 4.08 4.80 8.24 4.05 3.59 0.94 0.77 2.98 4.14 7.36 5.98 6.85
4.43 4.90 4.07 5.85 8.16 3.67 3.49 4.60 4.62 4.20 4.67 4.03 4.05 4.68 4.33 3.78 4.25 3.01 3.47 4.17 3.75 3.33 3.35 3.38 4.03 4.46 6.36 6.82 3.66 2.17 3.71 3.51 5.74 5.83 8.44 4.18 3.91 3.94 4.36 4.30 3.89 3.92 3.94 3.97 3.99 4.01 3.89 4.07 4.10 4.12 4.60 4.63 4.65 4.65 4.60 4.66 3.50 4.62 4.60 4.45 7.79 3.85 4.01 5.04 5.17 4.72 4.27 4.13 3.96 4.54 4.52 4.06 7.66 4.50 8.55 4.01 4.52 3.98 2.25 3.77 6.58 6.42 2.96 2.33
3.88 3.90 4.37 2.66 7.04 7.19 7.65 7.54 8.45 4.54 3.68 4.25 4.61 4.20 4.06 3.82 3.33 3.36 3.84 5.47 3.50 3.31 3.22 3.35 3.37 4.02 3.59 2.59 8.14 6.84 7.74 8.22 8.68 5.82 6.96 8.52 4.27 3.41 4.22 3.81 3.84 3.86 3.89 3.91 3.93 3.96 3.99 4.02 4.05 4.07 3.93 4.08 3.79 4.58 4.58 4.59 4.61 4.10 3.96 3.96 6.87 3.96 4.40 5.43 4.23 4.10 4.09 3.22 3.65 4.93 4.47 3.86 7.22 9.06 8.60 3.98 3.52 5.27 3.57 5.42 4.37 3.00 2.90 2.92
3.40 3.43 3.53 3.36 6.57 7.26 4.10 4.01 4.48 4.06 3.64 3.78 3.69 3.72 3.51 3.54 4.26 3.84 4.31 5.54 4.15 3.29 3.76 3.94 3.79 3.37 3.91 4.48 5.39 8.59 4.24 3.68 3.70 3.72 3.75 7.84 4.94 4.58 3.59 3.63 3.79 3.02 3.48 4.30 3.89 3.91 3.64 3.67 4.00 4.56 4.47 4.02 4.02 4.02 4.50 4.54 4.05 4.06 4.06 3.92 6.84 4.06 3.91 4.94 5.51 4.93 4.04 4.03 4.20 3.60 3.59 4.54 2.71 1.82 6.71 4.90 8.00 8.04 7.96 0.89 3.40 3.34 3.32 2.90
3.89 3.47 3.86 3.44 2.91 4.51 3.18 3.53 3.63 4.03 4.80 4.38 1.81 4.13 3.03 3.32 5.12 4.70 4.73 4.09 3.42 3.27 3.30 4.20 3.77 3.79 4.34 4.02 3.58 6.80 3.91 3.64 4.40 3.69 4.45 4.80 4.20 6.96 5.55 3.83 3.75 3.47 3.93 3.51 3.84 3.87 4.04 4.07 3.55 4.10 4.11 4.27 4.23 3.97 4.45 3.99 4.00 4.01 4.01 4.02 6.80 4.02 4.01 4.45 5.19 4.44 3.99 4.42 3.58 4.40 4.38 3.54 4.41 2.25 7.12 7.54 7.52 3.63 3.08 1.77 2.65 3.90 3.17 3.60
3.86 3.26 3.73 3.96 2.88 0.87 7.22 3.62 3.60 4.00 3.89 5.68 5.26 4.09 3.01 3.03 3.77 3.79 3.50 3.61 3.09 3.24 2.99 3.29 3.64 3.54 4.00 4.60 6.78 3.31 3.77 3.47 3.94 3.84 3.55 3.57 3.91 5.10 8.31 4.95 6.57 7.07 3.76 4.23 4.25 3.70 4.17 4.77 3.91 4.36 4.36 4.22 3.78 3.92 4.11 3.94 3.95 3.96 3.97 3.66 7.29 3.97 3.66 3.96 3.96 3.95 3.95 3.93 3.92 5.09 4.92 3.87 4.00 7.54 7.08 4.32 3.86 3.56 3.05 4.74 4.78 4.76 3.85 3.59
6.40 3.88 3.26 3.93 3.95 3.09 6.52 3.59 3.61 3.52 3.99 4.33 4.04 3.62 2.98 3.00 3.03 3.51 3.27 2.49 3.33 3.54 3.13 3.72 4.19 4.21 4.68 3.98 6.74 3.74 3.76 3.46 3.49 3.51 3.53 3.55 4.01 3.74 4.66 4.24 3.83 7.21 7.23 7.04 7.06 7.58 4.41 3.90 3.94 4.83 4.39 3.95 3.94 3.73 3.51 3.52 3.60 3.54 3.54 7.17 3.54 3.92 3.92 4.36 4.36 3.91 3.90 3.89 4.32 4.89 3.93 7.16 6.64 3.00 2.98 7.52 1.33 3.04 3.54 3.82 4.68 6.42 4.74 3.94
6.82 7.49 3.88 2.81 3.93 3.51 2.87 6.74 3.58 3.49 3.52 3.86 3.43 2.93 2.95 2.98 3.01 3.21 4.05 2.91 3.91 3.50 3.21 3.68 4.16 3.83 3.97 6.73 3.46 4.17 3.75 3.33 3.35 3.35 3.51 3.54 3.57 4.10 4.19 4.40 3.98 3.56 3.59 4.86 4.49 7.95 8.41 7.98 5.87 7.99 7.11 7.10 7.09 7.76 6.66 6.67 7.19 7.13 8.02 8.46 7.20 3.06 3.88 4.32 4.31 3.87 3.86 3.71 4.28 3.97 7.08 7.86 3.77 2.97 3.73 3.71 4.50 3.01 3.81 3.99 3.85 4.78 4.83 3.87
3.62 7.81 4.35 2.79 2.81 3.37 1.30 4.93 2.89 3.91 3.49 3.58 4.05 2.90 2.93 3.39 2.88 2.67 2.86 3.68 3.54 3.47 3.06 3.21 3.68 4.16 3.26 6.60 3.56 3.55 3.41 3.32 3.33 3.34 3.36 3.38 3.43 3.46 3.48 3.50 3.53 3.55 4.30 3.84 5.08 5.24 4.76 4.33 3.89 5.22 5.22 3.88 7.11 4.53 7.07 7.08 1.35 3.91 6.68 4.45 3.12 7.55 7.10 7.46 3.77 3.82 3.76 3.51 4.60 6.62 7.05 3.41 3.73 3.71 3.69 2.90 3.33 3.80 4.67 5.10 4.40 4.71 5.20 3.86
3.79 3.37 7.27 2.60 4.12 4.02 4.60 2.18 6.93 3.93 3.90 3.93 3.51 2.88 3.34 3.10 3.30 2.88 3.01 3.04 3.51 3.44 3.14 3.07 3.10 3.46 3.04 6.69 3.53 3.11 3.28 3.30 3.32 3.34 3.35 3.81 3.69 3.41 3.30 3.48 4.18 3.81 4.13 3.71 4.17 3.74 4.20 4.75 5.20 4.53 4.75 3.86 2.96 3.41 4.96 2.98 1.34 4.82 4.93 5.43 4.33 4.33 4.83 8.01 7.06 6.62 6.61 7.01 3.46 3.45 7.35 6.56 6.99 7.01 2.89 3.32 3.31 4.05 5.24 5.16 3.83 3.82 4.25 4.60
3.74 3.16 6.36 4.53 4.10 3.41 4.84 2.18 4.92 3.75 4.10 4.02 3.48 3.03 3.05 2.81 2.93 2.86 2.88 3.01 3.48 3.52 3.11 3.58 3.17 3.43 4.57 6.79 3.19 3.22 3.25 3.27 3.41 3.44 3.47 3.21 3.83 3.38 3.27 3.74 3.77 4.23 3.81 3.55 3.57 3.72 3.73 4.63 3.85 4.53 2.96 3.39 1.32 4.95 7.01 2.95 3.26 3.74 3.75 3.75 3.46 3.76 4.20 3.75 3.60 3.74 3.74 3.59 3.72 3.70 3.69 4.29 3.81 3.64 7.25 6.49 6.92 7.35 7.02 7.46 7.51 3.82 4.61 4.15
3.64 3.14 3.36 7.70 4.26 2.77 3.88 3.69 0.85 7.36 4.63 4.32 3.46 2.84 2.86 3.27 3.57 2.83 2.86 2.99 2.74 3.05 3.08 3.28 3.14 2.97 7.06 3.40 3.60 3.18 3.21 3.24 3.38 3.41 3.44 3.47 3.49 3.36 3.85 4.16 3.46 3.61 4.38 4.09 3.53 3.69 3.71 3.72 3.73 3.73 3.71 4.30 1.76 7.63 3.36 4.13 3.70 3.70 3.71 3.71 3.71 3.72 3.71 3.88 3.49 4.51 3.88 3.56 3.69 3.60 3.59 3.82 3.50 3.61 3.61 4.27 4.35 3.91 4.34 4.33 7.89 7.88 7.43 7.93
3.69 3.58 3.29 6.80 2.74 3.37 3.75 3.68 4.67 7.80 4.62 5.08 3.24 3.26 2.26 2.86 2.79 2.81 2.84 2.96 2.99 3.02 2.87 2.89 3.56 6.57 3.41 3.88 4.12 3.15 3.43 3.21 3.35 3.38 3.41 3.43 3.46 3.19 3.21 3.84 3.42 3.44 3.46 3.48 3.50 3.65 3.90 3.70 2.93 3.70 4.14 5.02 7.42 3.53 3.97 3.97 3.53 3.54 3.54 3.54 3.68 3.99 4.30 3.54 3.90 4.86 4.54 3.83 3.83 3.58 4.26 3.80 3.79 4.23 3.53 3.91 3.69 3.53 3.96 3.51 4.62 4.31 4.37 3.92
3.10 4.14 3.22 2.91 7.24 4.52 3.85 2.99 4.57 2.17 5.02 4.18 3.10 3.24 2.82 2.84 2.86 2.79 2.82 2.94 3.01 3.66 3.29 7.83 7.50 3.45 3.39 3.51 4.09 3.56 3.59 3.17 3.32 3.34 3.25 3.28 3.30 3.44 3.32 3.37 3.35 3.36 3.43 3.45 3.60 3.62 3.65 3.67 3.68 3.68 3.68 7.30 7.16 3.52 3.51 3.50 3.50 3.51 3.51 3.14 2.19 4.02 3.58 3.82 3.82 4.26 4.26 3.82 3.57 3.57 3.81 3.56 3.55 3.54 3.54 3.53 3.76 3.52 3.52 3.51 4.18 4.38 3.72 3.46
4.05 3.11 3.20 2.70 5.33 5.39 4.28 2.97 3.88 3.69 4.92 7.35 3.53 3.21 2.71 2.83 2.75 2.87 2.89 3.07 2.85 3.70 7.35 3.30 3.95 2.99 3.56 3.48 3.51 3.64 3.12 3.14 3.28 3.19 3.22 3.23 3.25 3.27 3.31 3.33 4.40 3.92 3.34 3.42 3.57 3.59 3.62 3.64 3.66 3.67 3.67 7.28 3.52 3.51 3.42 3.49 2.88 2.88 2.88 3.12 3.57 3.72 2.62 2.18 3.56 3.56 4.65 3.57 3.57 3.56 3.56 3.56 3.55 3.55 3.77 3.53 3.52 3.91 3.75 3.74 3.66 3.85 3.70 4.12
3.15 3.61 3.11 6.32 3.15 4.05 4.07 4.08 4.10 4.12 3.25 7.34 4.26 3.66 3.23 2.81 2.83 2.85 3.02 2.81 2.83 7.20 6.51 3.45 3.81 2.88 3.09 3.12 3.14 3.17 3.20 3.22 3.25 3.16 3.19 3.21 3.22 3.24 3.28 3.98 3.68 3.67 3.70 3.51 3.54 3.56 3.59 3.61 3.64 3.65 3.65 7.27 3.63 3.50 3.79 3.49 3.11 2.86 2.86 2.86 2.86 2.86 0.96 0.96 0.96 0.96 2.77 2.77 3.57 3.57 3.56 3.56 3.56 3.79 3.79 3.54 3.53 3.91 3.74 3.73 3.41 2.89 3.67 4.09
3.06 4.28 7.35 2.67 3.22 3.32 3.34 3.80 4.26 3.22 3.42 3.44 6.26 3.08 3.22 2.80 2.82 2.65 2.60 3.33 3.35 6.41 3.14 3.44 3.02 2.94 3.07 3.10 3.12 3.15 3.17 3.20 3.22 3.14 3.16 3.30 3.32 3.35 3.37 3.28 3.30 3.32 3.47 3.49 3.52 3.54 3.57 3.59 3.61 3.63 3.64 7.26 3.63 3.94 3.50 3.49 2.87 2.87 2.75 0.96 0.96 0.96 0.96 0.96 0.96 0.96 2.77 0.96 4.28 2.96 3.57 3.56 3.55 3.79 3.78 4.21 4.40 3.94 3.49 3.47 3.69 3.67 3.42 3.63
3.22 7.58 3.53 3.71 3.20 3.22 3.24 3.35 4.08 4.10 3.85 2.63 5.80 2.63 3.66 3.14 3.16 2.81 2.58 3.61 4.08 6.84 2.79 3.42 3.62 3.47 3.05 3.08 3.10 3.12 3.15 3.17 3.20 3.22 3.42 3.27 3.30 3.32 3.34 3.37 3.39 3.42 3.44 3.47 3.49 3.52 3.54 3.57 3.59 3.74 4.07 7.26 3.63 3.63 3.50 3.42 2.87 2.88 2.76 2.76 2.78 2.78 2.77 2.77 2.78 2.78 0.85 0.96 0.96 2.88 2.87 2.86 2.14 2.83 3.07 3.90 4.77 4.37 3.91 3.45 3.66 3.41 3.39 3.60
6.66 2.61 4.11 4.42 3.55 3.21 3.23 3.36 3.63 7.27 7.29 6.51 6.24 6.25 3.32 3.33 2.92 3.70 2.70 4.37 6.97 2.76 3.09 4.02 4.20 3.62 3.04 3.06 3.08 3.11 3.13 3.15 3.17 3.20 3.11 3.25 3.27 3.30 3.32 3.35 3.65 3.40 3.42 3.45 3.47 3.49 3.52 3.54 3.26 4.16 7.36 3.61 3.62 3.49 3.50 3.39 3.63 2.87 2.88 2.76 2.80 2.80 2.80 2.80 2.80 2.80 2.79 2.79 2.77 0.95 0.95 0.94 2.82 2.80 3.04 3.22 4.08 3.78 4.56 3.65 3.64 3.62 3.60 4.02
6.65 3.19 3.67 3.69 3.54 3.27 3.66 2.90 6.36 3.19 4.54 3.03 3.44 6.69 3.19 2.65 3.99 4.01 3.89 4.04 7.69 3.79 3.27 4.18 4.48 3.44 3.03 3.05 3.07 3.09 3.28 3.13 3.16 3.07 3.10 3.12 3.25 3.28 3.30 3.21 3.24 3.26 3.40 3.43 3.45 3.67 3.50 3.52 3.68 4.16 6.45 3.59 3.48 3.48 3.38 3.38 3.12 3.12 3.60 2.75 2.79 2.80 2.80 2.80 2.80 2.79 2.78 2.78 2.76 2.75 0.81 0.92 0.92 2.09 2.76 2.75 3.77 5.09 4.53 3.63 4.05 4.48 3.24 3.55
4.93 3.91 4.10 3.06 3.24 4.50 4.00 7.40 3.24 3.18 4.28 1.53 3.33 3.35 5.81 3.38 3.99 3.69 4.06 8.08 4.20 3.78 2.92 3.39 3.85 3.44 3.02 3.04 3.22 3.08 3.26 3.29 3.14 3.82 3.09 3.11 3.10 3.12 3.17 3.45 3.22 3.24 3.27 3.41 3.43 3.45 2.14 3.37 3.96 3.53 6.58 3.44 3.45 3.59 3.60 2.85 2.86 2.74 2.74 2.74 2.78 2.79 2.79 2.79 2.78 2.78 2.77 2.77 2.74 2.73 2.72 2.71 0.90 2.75 2.66 2.97 4.10 4.53 4.51 3.60 4.03 4.01 3.99 3.31
5.07 4.88 1.22 3.61 3.51 3.97 7.62 3.57 3.67 3.25 3.27 2.67 2.81 3.33 6.25 2.93 2.95 3.59 6.07 7.22 3.61 3.62 3.35 2.94 2.96 3.21 2.91 2.93 2.95 3.07 3.09 3.11 3.13 3.06 3.08 3.20 3.09 3.23 3.16 3.18 3.20 3.23 3.25 3.21 3.24 3.25 2.12 2.14 3.49 7.14 2.79 3.42 3.86 3.57 3.07 2.83 2.73 2.73 2.73 2.73 2.77 2.78 3.09 3.09 2.77 2.76 2.76 2.75 2.72 2.71 2.70 3.51 2.67 2.72 2.65 2.69 3.40 3.61 3.37 3.58 3.56 3.98 3.53 3.29
4.76 3.89 3.57 3.04 6.85 6.70 3.65 3.72 3.21 3.23 2.63 2.65 2.41 2.61 2.90 6.10 3.75 3.10 5.31 3.14 4.29 3.17 2.90 2.93 2.95 2.87 2.90 2.92 3.04 3.06 3.08 3.10 3.12 3.03 3.16 3.18 3.21 3.12 3.25 3.28 3.30 3.32 3.35 3.19 3.52 2.10 2.71 2.73 2.74 6.38 1.91 2.25 3.41 3.42 2.79 2.69 2.72 2.72 2.72 2.72 2.76 2.76 3.06 3.58 3.42 2.76 2.75 2.75 2.72 2.71 2.70 2.69 2.65 2.64 2.68 3.39 3.38 3.59 3.35 3.55 3.54 3.52 3.50 3.27
4.30 2.54 7.52 7.16 3.55 3.57 3.59 3.17 3.19 3.22 2.36 2.64 2.40 3.48 2.44 6.09 7.00 5.83 6.29 3.57 3.63 3.21 2.79 2.91 2.84 2.86 2.88 3.00 3.02 3.04 2.96 3.13 3.00 3.02 3.15 3.17 3.19 3.22 3.13 3.26 3.28 3.30 3.33 1.83 1.84 1.85 1.86 1.87 2.72 6.36 3.28 3.29 3.27 3.28 2.66 2.67 3.52 2.70 2.70 2.71 2.75 3.56 3.55 3.55 3.54 3.39 2.73 2.73 2.70 2.69 2.68 2.67 2.63 2.67 3.61 3.59 3.58 3.56 3.54 3.31 3.51 3.50 3.26 3.46
4.89 9.26 7.51 3.96 4.36 4.10 1.23 2.64 2.66 3.20 2.60 2.63 2.56 3.29 3.91 2.45 5.80 2.67 6.59 3.80 3.18 2.85 2.87 2.90 2.92 2.85 3.12 2.99 3.01 3.03 3.05 3.07 2.99 3.11 3.13 3.15 3.18 3.09 3.11 3.24 3.15 3.17 3.19 3.22 1.82 2.41 1.84 2.09 2.10 2.72 6.36 2.13 1.90 3.26 2.65 2.65 2.68 2.69 2.69 2.69 2.73 2.73 3.37 3.52 3.51 3.38 3.36 2.70 2.68 2.67 2.66 2.65 2.61 2.64 3.36 3.35 3.55 3.54 3.52 3.19 3.72 3.26 3.24 3.23
8.35 8.37 3.93 3.50 2.10 3.48 2.61 3.23 3.16 3.19 2.59 2.73 2.63 3.88 6.64 5.77 3.34 3.10 5.83 3.21 2.99 2.83 2.86 3.03 2.90 2.93 3.10 2.88 3.00 2.92 3.04 2.96 2.97 3.10 3.12 3.14 3.05 3.08 3.10 3.36 3.14 3.27 3.29 3.31 3.33 3.35 2.07 2.08 2.09 2.10 6.34 1.88 1.88 3.72 2.63 2.63 2.67 2.67 2.67 2.67 2.71 2.98 3.49 3.49 3.48 3.47 3.33 2.68 2.67 2.91 2.65 2.64 2.78 3.71 3.33 3.32 3.53 3.51 2.74 3.71 3.25 3.24 2.49 2.48
7.90 4.30 4.89 3.05 4.39 4.41 3.25 3.13 2.63 3.71 3.46 2.60 3.50 4.15 7.80 3.91 3.77 3.50 6.26 2.95 3.11 3.26 2.84 2.86 2.89 2.81 2.93 2.96 2.88 2.90 2.92 2.95 2.93 2.95 3.10 3.12 3.04 3.06 3.19 3.21 3.23 3.25 3.27 3.29 3.31 3.32 3.34 3.36 3.37 3.27 4.79 6.77 2.31 3.24 3.24 2.63 2.64 2.64 2.65 2.65 2.68 2.68 3.34 3.34 3.45 3.44 3.43 3.42 2.89 2.88 2.63 2.63 2.58 3.32 3.31 3.51 3.50 3.49 3.62 3.90 3.44 3.22 3.20 3.19
5.79 7.90 4.73 4.01 4.03 4.84 3.09 3.68 2.62 3.17 3.45 2.58 3.49 7.49 8.39 8.41 4.20 5.11 7.87 3.38 3.40 2.92 2.82 2.85 2.87 2.89 2.92 2.94 2.96 2.98 2.91 2.94 2.92 3.07 3.09 3.00 3.12 3.14 3.17 3.19 3.21 3.49 3.06 3.27 3.11 3.13 3.32 3.33 3.35 3.36 3.38 6.75 3.73 1.86 1.86 2.61 2.62 2.63 2.63 2.63 2.66 3.29 3.28 3.28 3.42 3.41 3.40 3.39 2.86 2.85 2.84 2.61 3.07 2.56 3.29 3.71 3.47 3.25 3.68 3.43 3.42 3.20 3.18 3.17
0.00 1.73 7.02 3.56 3.58 3.60 2.73 3.92 3.49 2.90 2.55 6.43 6.57 5.62 5.73 5.31 7.53 7.21 8.00 3.51 2.44 2.96 2.80 2.83 3.00 2.88 2.90 2.92 2.94 2.87 2.89 2.92 2.91 2.92 3.25 2.98 3.00 3.13 3.15 3.17 3.08 3.10 3.05 3.06 3.10 3.11 3.12 3.49 3.51 3.34 3.24 6.88 3.26 3.27 3.20 3.20 2.61 2.61 2.61 2.61 2.64 2.64 3.26 3.26 3.28 3.38 3.58 3.37 2.83 2.58 3.10 2.59 2.55 2.54 3.48 3.46 3.24 3.44 3.21 3.20 2.66 3.77 3.52 3.59
0.00 0.00 1.73 6.14 6.16 6.17 6.63 6.81 3.93 6.96 6.09 6.63 3.82 5.61 4.74 2.64 4.77 7.82 3.32 3.61 2.74 2.77 2.79 2.81 2.83 2.85 2.88 3.05 2.92 2.85 2.87 2.91 2.89 2.91 2.92 3.07 3.09 3.00 2.39 2.40 2.43 2.45 2.46 2.47 2.50 3.09 3.10 3.28 3.30 3.31 3.49 7.13 3.63 3.36 3.25 3.18 2.59 2.59 2.59 2.59 2.62 2.62 2.62 3.23 3.25 3.24 0.00 3.23 2.57 2.59 2.58 2.57 2.53 2.51 2.73 2.79 3.22 3.20 3.19 3.39 2.65 3.36 4.06 3.33
0.00 0.00 0.00 0.00 0.00 0.00 0.00 0.00 6.66 6.32 2.75 2.02 3.89 3.03 2.61 2.62 3.45 3.47 2.87 3.15 2.64 2.75 2.77 2.79 2.95 2.83 3.07 2.88 2.81 2.83 2.86 2.86 2.84 2.85 2.87 3.05 2.97 2.99 2.37 2.40 2.62 2.44 2.45 2.46 2.47 2.48 3.07 3.08 3.16 3.18 3.75 7.11 3.47 3.40 3.23 3.16 3.17 2.57 2.57 2.57 2.59 2.59 2.59 3.10 2.60 0.00 0.00 0.00 2.54 2.57 0.00 0.00 0.00 2.52 2.48 2.70 2.68 3.39 2.45 3.36 3.35 3.06 3.76 3.31
0.00 0.00 0.00 0.00 0.00 0.00 0.00 0.00 0.00 0.00 1.33 2.27 2.91 3.37 3.03 2.61 2.55 2.56 3.11 2.87 2.62 2.17 2.89 2.77 2.79 3.03 2.84 2.77 2.79 2.80 2.82 2.84 2.83 2.84 2.86 2.87 2.90 2.91 2.92 2.94 3.12 3.14 3.00 2.45 2.46 2.46 3.05 3.06 3.52 3.15 3.42 3.18 6.81 3.19 3.20 3.14 3.15 2.55 2.55 2.55 2.58 2.58 2.57 2.57 2.59 0.00 0.00 0.00 0.00 0.00 0.00 0.00 0.00 0.00 0.00 2.49 2.66 2.45 3.35 3.34 3.33 2.60 3.74 3.28
0.00 0.00 0.00 0.00 0.00 0.00 0.00 0.00 0.00 0.00 1.32 1.33 1.34 2.92 2.58 2.60 2.61 2.63 2.57 2.59 2.61 2.63 2.74 2.76 2.78 2.80 2.73 2.75 2.77 2.79 2.81 2.83 2.81 2.83 2.84 2.85 2.88 2.89 2.91 2.92 3.37 3.11 3.14 2.99 2.44 2.45 2.46 3.04 3.06 3.34 3.14 3.15 6.79 3.17 3.17 3.12 3.13 3.13 2.53 2.53 2.56 2.56 2.56 2.55 2.57 3.07 2.56 0.00 0.00 0.00 0.00 0.00 0.00 0.00 0.00 0.00 0.00 3.14 3.13 3.32 3.30 3.29 4.00 3.26
0.00 0.00 0.00 0.00 0.00 0.00 0.00 0.00 0.00 0.00 0.00 0.00 0.40 0.41 2.48 2.50 2.60 2.62 2.55 2.57 2.66 2.61 2.72 2.74 2.76 2.69 2.71 2.78 2.75 2.77 2.79 2.81 2.80 2.81 2.83 2.84 2.87 2.88 2.89 2.90 2.93 2.95 2.59 2.41 2.43 2.92 2.44 2.45 2.46 3.32 3.12 3.12 6.76 3.14 3.15 3.28 3.10 3.11 2.52 2.52 2.54 2.54 2.54 2.53 2.55 2.55 2.54 0.00 0.00 0.00 0.00 0.00 0.00 0.00 0.00 0.00 0.44 3.48 3.11 3.29 3.09 3.27 3.46 3.24
0.00 0.00 0.00 0.00 0.00 0.00 0.00 0.00 0.00 0.00 0.00 0.00 0.00 0.40 0.41 1.85 2.50 2.52 2.54 2.63 1.42 2.66 2.62 2.72 2.74 1.70 1.71 2.72 2.70 2.72 3.13 2.76 2.81 2.30 2.31 2.32 2.36 2.37 2.38 2.39 2.41 2.42 2.43 2.44 2.45 2.46 2.46 2.47 2.45 3.16 2.46 2.45 6.09 3.11 3.12 3.13 3.53 3.08 3.09 3.09 3.12 2.52 2.52 0.00 0.00 0.00 0.00 0.00 0.00 0.00 0.00 0.00 0.00 0.00 0.00 0.00 2.42 4.18 3.97 7.59 7.14 6.68 6.86 3.22
