New_Model_Runs/2_scn1_noclimate_out/post_prcessed_with_MFR/Monthly_summaries/net_infiltration_monthly_SEP.asc
NCOLS 700
NROWS 400
XLLCENTER 515000.000000
YLLCENTER 8409000.000000
CELLSIZE 50.000000
NODATA_value -999.000000
[rows 152 to 189 of 400, columns 252 to 335 of 700]
0.00 0.00 0.00 0.00 0.00 0.00 0.00 0.00 0.00 0.00 0.00 0.00 0.00 0.00 0.00 0.00 0.00 0.00 0.00 0.00 0.00 0.00 0.00 0.00 0.00 0.00 0.00 0.00 0.00 0.00 0.00 0.00 0.00 0.00 0.00 0.00 0.00 0.00 0.00 0.00 0.00 0.00 0.00 0.00 0.00 0.00 0.00 3.19 3.19 3.52 3.29 3.34 3.35 3.39 3.44 3.49 3.80 3.55 3.59 3.64 3.71 3.75 3.80 3.84 3.97 4.01 4.05 4.09 4.24 4.28 4.32 4.35 4.45 4.15 5.37 3.90 7.36 7.80 5.04 5.06 4.20 3.50 5.63 4.20
0.00 0.00 0.00 0.00 0.00 0.00 0.00 0.00 0.00 0.00 0.00 0.00 0.00 0.00 0.00 0.00 0.00 0.00 0.00 0.00 0.00 0.00 0.00 0.00 0.00 0.00 0.00 0.00 0.00 0.00 0.00 0.00 0.00 0.00 0.00 0.00 0.00 0.00 0.00 0.00 0.00 0.00 0.00 0.00 0.00 0.00 3.20 3.25 3.25 3.30 3.35 3.40 3.40 3.45 3.50 3.55 3.56 3.61 3.65 3.70 3.77 3.81 3.86 3.90 4.03 4.07 4.11 4.15 4.30 4.34 4.95 4.42 4.51 4.97 5.44 4.30 8.26 6.85 3.49 3.51 7.04 9.16 4.05 4.97
0.00 0.00 0.00 0.00 0.00 0.00 0.00 0.00 0.00 0.00 0.00 0.00 0.00 0.00 0.00 0.00 0.00 0.00 0.00 0.00 0.00 0.00 0.00 0.00 0.00 0.00 0.00 0.00 0.00 0.00 0.00 0.00 0.00 0.00 0.00 0.00 0.00 0.00 0.00 0.00 0.00 0.00 0.00 0.00 0.00 3.50 3.26 3.31 3.31 3.36 3.41 3.46 3.47 3.51 3.56 3.61 3.62 3.67 3.72 3.76 3.83 3.88 3.92 3.97 4.10 4.14 4.18 4.22 4.37 5.87 5.01 5.04 5.23 4.30 4.75 5.20 6.28 8.75 11.21 8.25 3.64 1.52 4.88 4.90
0.00 0.00 0.00 0.00 0.00 0.00 0.00 0.00 0.00 0.00 0.00 0.00 0.00 0.00 0.00 0.00 0.00 0.00 0.00 0.00 0.00 0.00 0.00 0.00 0.00 0.00 0.00 0.00 0.00 0.00 0.00 0.00 0.00 0.00 0.00 0.00 0.00 0.00 0.00 0.00 0.00 0.00 0.00 0.00 0.00 3.27 3.32 3.37 3.37 3.42 3.47 3.52 3.53 3.58 3.63 3.67 3.69 3.73 3.78 3.83 3.90 3.94 3.98 4.03 4.16 4.20 4.24 4.28 4.43 5.95 5.99 5.10 5.30 4.35 5.55 1.92 8.78 4.85 4.08 4.77 5.26 5.27 4.82 4.54
0.00 0.00 0.00 0.00 0.00 0.00 0.00 0.00 0.00 0.00 0.00 0.00 0.00 0.00 0.00 0.00 0.00 0.00 0.00 0.00 0.00 0.00 0.00 0.00 0.00 0.00 0.00 0.00 0.00 0.00 0.00 0.00 0.00 0.00 0.00 0.00 0.00 0.00 0.00 0.00 0.00 0.00 0.00 0.00 1.65 3.31 3.37 3.42 3.46 3.51 3.57 3.62 3.66 3.71 3.76 3.81 3.84 3.89 3.94 3.99 4.03 4.08 4.12 4.17 4.23 4.27 4.66 4.35 4.84 6.02 6.06 6.10 5.20 5.23 4.42 5.87 4.88 5.22 3.69 4.52 4.55 4.86 4.93 4.89
0.00 0.00 0.00 0.00 0.00 0.00 0.00 0.00 0.00 0.00 0.00 0.00 0.00 0.00 0.00 0.00 0.00 0.00 0.00 0.00 0.00 0.00 0.00 0.00 0.00 0.00 0.00 0.00 0.00 0.00 0.00 0.00 0.00 0.00 0.00 0.00 0.00 0.00 0.00 0.00 0.00 0.00 0.00 0.00 2.82 3.38 3.43 3.48 3.53 3.58 3.63 3.68 3.72 3.77 3.82 3.87 3.91 3.96 4.01 4.05 4.10 4.14 4.19 4.58 4.30 4.34 4.38 4.42 4.56 4.59 6.14 5.39 5.42 5.72 6.19 7.57 4.93 6.44 4.95 4.92 4.90 4.92 4.94 4.69
0.00 0.00 0.00 0.00 0.00 0.00 0.00 0.00 0.00 0.00 0.00 0.00 0.00 0.00 0.00 0.00 0.00 0.00 0.00 0.00 0.00 0.00 0.00 0.00 0.00 0.00 0.00 2.54 0.00 0.00 0.00 0.00 0.00 0.00 0.00 0.00 0.00 0.00 0.00 0.00 0.00 0.00 0.00 0.00 3.39 3.44 3.50 3.55 3.59 3.64 3.70 3.75 3.79 3.84 3.89 3.94 3.98 4.03 4.07 4.12 4.16 4.21 4.26 4.30 4.36 4.40 4.44 4.48 4.62 4.66 5.42 5.46 5.49 5.70 8.02 4.10 4.55 5.52 4.96 4.98 4.97 4.99 4.99 4.76
0.00 0.00 0.00 0.00 0.00 0.00 0.00 0.00 0.00 0.00 0.00 0.00 0.00 0.00 0.00 0.00 0.00 0.00 0.00 0.00 0.00 0.00 0.00 0.00 0.00 0.00 2.81 2.60 0.00 0.00 0.00 0.00 0.00 0.00 0.00 0.00 0.00 0.00 0.00 0.00 0.00 0.00 0.00 0.00 0.00 0.00 0.00 3.61 3.66 3.71 3.76 3.82 3.86 3.91 3.96 4.01 4.04 4.09 4.14 4.19 4.23 4.87 4.32 4.37 4.43 4.47 4.51 4.55 4.69 4.72 6.30 5.52 5.98 8.05 7.22 4.58 4.60 6.24 5.73 5.04 5.03 5.04 5.05 5.05
0.00 0.00 0.00 0.00 0.00 0.00 0.00 0.00 0.00 0.00 0.00 0.00 0.00 0.00 0.00 0.00 0.00 0.00 0.00 0.00 0.00 0.00 0.00 0.00 0.00 2.59 2.64 2.68 2.70 0.00 0.00 0.00 0.00 0.00 0.00 0.00 0.00 0.00 0.00 0.00 0.00 0.00 0.00 0.00 0.00 0.00 0.00 0.00 3.81 3.86 4.07 3.79 4.01 4.07 4.12 4.17 4.20 4.25 4.30 4.35 4.35 4.40 4.44 4.49 4.50 4.54 4.58 4.62 4.73 4.76 5.56 3.69 7.22 7.67 4.64 1.13 6.10 3.98 4.26 5.52 5.06 5.07 5.08 5.08
0.00 0.00 0.00 0.00 0.00 0.00 0.00 0.00 0.00 0.00 0.00 0.00 0.00 0.00 0.00 0.00 0.00 0.00 0.00 0.00 0.00 0.00 0.00 0.00 0.00 2.66 2.70 2.74 2.77 2.81 2.86 0.00 0.00 0.00 0.00 0.00 0.00 0.00 0.00 0.00 0.00 0.00 0.00 0.00 0.00 0.00 0.00 0.00 0.00 0.00 3.92 5.63 4.41 4.14 4.19 4.24 4.27 4.32 4.37 4.42 4.42 4.47 4.51 4.56 6.06 4.60 4.64 4.68 4.80 6.43 5.52 3.74 4.19 5.08 8.56 7.34 5.77 5.80 4.31 6.77 5.12 5.13 5.13 5.14
0.00 0.00 0.00 0.00 0.00 0.00 0.00 0.00 0.00 0.00 0.00 0.00 0.00 0.00 0.00 0.00 0.00 0.00 0.00 0.00 0.00 0.00 0.00 0.00 0.00 2.72 3.02 2.81 2.83 2.88 2.92 0.00 0.00 0.00 0.00 0.00 0.00 0.00 0.00 0.00 0.00 0.00 0.00 0.00 0.00 0.00 0.00 0.00 0.00 0.00 7.05 4.54 4.15 4.21 4.26 4.31 4.34 4.39 4.44 4.49 5.97 4.54 4.58 6.13 6.14 4.67 3.29 4.75 8.12 5.56 5.72 5.66 5.80 5.83 5.87 7.39 5.71 6.15 6.35 5.94 5.18 5.19 5.19 5.19
0.00 0.00 0.00 0.00 0.00 0.00 0.00 0.00 0.00 0.00 0.00 0.00 0.00 0.00 0.00 0.00 0.00 0.00 0.00 0.00 0.00 0.00 0.00 0.00 2.75 2.79 2.83 2.87 2.90 3.20 2.99 3.03 3.08 0.00 3.18 0.00 0.00 0.00 0.00 0.00 0.00 0.00 0.00 0.00 0.00 0.00 0.00 0.00 0.00 0.00 4.89 5.03 4.65 4.70 4.33 4.38 4.41 4.46 4.51 6.05 6.05 6.95 6.16 6.22 4.70 5.25 5.16 4.81 8.44 4.74 5.71 5.84 6.31 6.35 5.95 7.45 3.97 4.42 4.87 6.62 5.24 5.65 5.24 5.24
0.00 0.00 0.00 0.00 0.00 0.00 0.00 0.00 0.00 0.00 0.00 0.00 0.00 0.00 0.00 0.00 0.00 0.00 0.00 0.00 0.00 0.00 2.77 2.81 3.04 2.82 2.86 2.90 2.92 2.96 3.01 3.31 3.15 3.20 3.30 3.34 3.41 0.00 0.00 0.00 0.00 0.00 0.00 0.00 0.00 0.00 0.00 0.00 0.00 0.00 0.00 7.61 4.57 2.71 6.01 5.20 6.06 6.12 6.17 6.23 6.21 6.27 6.32 4.82 4.77 4.81 3.38 4.89 4.95 8.50 8.38 8.69 4.35 8.32 7.95 9.31 4.47 6.94 6.56 6.11 5.40 5.30 5.30 5.30
0.00 0.00 0.00 0.00 0.00 0.00 0.00 0.00 0.00 0.00 0.00 0.00 0.00 0.00 0.00 0.00 0.00 0.00 0.00 0.00 2.76 2.80 2.84 2.88 2.84 2.88 2.93 2.97 2.98 3.30 3.07 3.39 1.65 4.07 3.36 3.39 3.48 3.53 3.58 0.00 0.00 0.00 0.00 0.00 0.00 0.00 0.00 0.00 0.00 0.00 0.00 6.21 4.43 6.74 5.55 4.30 5.58 5.20 5.25 6.32 6.30 5.40 5.46 4.89 4.84 4.88 4.92 4.95 5.02 5.05 8.59 5.26 8.55 8.84 5.36 6.65 6.68 5.35 5.36 5.23 6.08 5.35 5.35 5.35
0.00 0.00 0.00 0.00 0.00 0.00 0.00 0.00 0.00 0.00 0.00 0.00 0.00 0.00 0.00 0.00 1.20 2.75 0.00 0.00 2.83 2.87 2.91 2.95 3.18 3.23 2.99 3.04 3.33 3.10 3.14 3.46 3.29 3.68 3.38 3.43 3.55 3.87 3.89 3.93 3.86 0.00 0.00 0.00 0.00 0.00 0.00 0.00 0.00 0.00 0.00 7.09 8.38 8.64 9.54 9.57 3.96 5.43 5.32 6.40 6.38 5.35 5.31 4.95 4.90 4.94 5.38 5.02 5.08 5.52 5.15 5.17 5.37 5.40 5.62 5.01 5.83 5.41 5.42 5.42 5.31 5.40 5.40 5.40
0.00 0.00 0.00 0.00 0.00 0.00 0.00 0.00 0.00 0.00 0.00 0.00 0.00 0.00 0.00 0.00 2.78 2.82 2.85 2.89 2.90 3.20 3.24 3.01 2.98 3.02 3.06 3.10 3.12 3.16 3.21 3.26 3.36 3.41 3.45 3.50 3.62 3.59 3.72 3.99 3.85 0.00 0.00 0.00 0.00 0.00 0.00 0.00 0.00 0.00 0.00 7.10 5.74 4.90 8.73 9.63 5.88 4.80 4.85 4.90 4.89 4.93 4.97 5.02 4.97 5.01 5.45 5.08 5.15 5.18 5.21 5.23 5.44 5.47 5.27 5.41 5.45 5.46 5.47 5.47 5.38 5.45 5.87 5.44
0.00 0.00 0.00 0.00 0.00 0.00 0.00 0.00 0.00 0.00 0.00 0.00 0.00 1.21 2.77 2.81 2.83 2.87 2.90 2.94 2.92 2.96 3.00 3.04 2.99 3.03 3.07 3.11 3.46 3.23 3.28 3.32 3.47 3.52 3.57 3.62 3.75 3.80 4.28 4.33 4.42 0.00 0.00 0.00 0.00 0.00 0.00 0.00 0.00 0.00 6.39 8.40 9.81 8.85 9.21 7.04 4.48 4.86 4.95 4.99 4.99 5.04 5.08 5.12 5.05 5.09 5.13 5.16 5.16 5.19 5.22 5.25 6.49 5.54 5.57 5.39 5.46 5.47 5.48 5.48 5.44 5.49 5.49 5.48
0.00 0.00 0.00 0.00 0.00 0.00 0.00 0.00 0.00 0.00 0.00 0.00 1.23 2.81 2.84 2.88 2.90 2.94 2.97 3.01 2.99 3.03 3.06 3.11 3.64 3.48 3.14 3.18 3.26 3.30 3.35 3.39 3.54 3.59 3.64 3.69 1.91 5.22 6.14 3.91 0.86 0.00 0.00 0.00 0.00 0.00 0.00 0.00 0.00 4.54 4.59 5.07 9.50 8.36 8.54 4.49 6.44 4.92 5.09 5.48 5.98 5.60 5.14 5.18 5.11 5.15 5.19 5.22 5.22 5.25 5.28 5.30 5.39 5.41 5.63 5.44 5.51 5.52 5.53 5.53 5.54 5.97 5.53 5.94
0.00 0.00 0.00 0.00 0.00 0.00 0.00 0.00 0.00 0.00 0.00 0.00 2.84 2.88 2.91 2.95 2.97 3.00 3.04 3.08 3.06 3.10 3.13 3.17 3.41 3.16 3.49 3.25 3.32 3.37 3.42 3.46 3.61 3.66 3.71 3.76 3.73 4.54 4.78 3.07 7.93 0.00 0.00 0.00 0.00 0.00 0.00 0.00 4.97 4.61 4.66 4.71 4.76 4.45 8.92 8.05 7.66 5.71 6.19 7.11 5.56 5.16 5.20 5.24 5.17 5.21 5.25 5.28 5.27 5.30 5.33 5.36 5.44 5.46 5.47 5.49 5.56 5.57 5.57 5.57 5.58 5.58 5.57 5.56
0.00 0.00 0.00 0.00 0.00 0.00 0.00 0.00 0.00 0.00 0.00 1.27 2.91 2.94 2.98 3.02 3.04 3.07 3.39 3.15 3.13 3.16 3.20 3.24 3.19 3.23 3.28 3.32 3.39 3.44 3.49 3.53 3.68 3.73 1.94 3.83 5.33 5.47 3.99 2.54 4.04 6.73 0.00 0.00 0.00 0.00 0.00 5.40 7.00 4.68 4.73 4.78 4.83 4.86 7.27 5.01 5.05 4.23 3.84 2.02 4.98 5.25 5.26 5.72 5.23 5.27 5.30 5.97 5.90 5.36 5.38 5.41 5.49 5.51 5.52 6.45 5.60 5.61 5.61 5.62 5.62 5.62 5.61 5.60
0.00 0.00 0.00 0.00 0.00 0.00 0.00 0.00 0.00 0.00 2.93 2.97 3.24 3.00 3.04 3.08 3.06 3.38 3.13 3.17 3.11 3.15 3.19 3.23 3.26 3.30 3.34 3.39 3.57 3.61 3.66 3.70 3.84 3.89 3.93 3.98 4.08 5.11 4.28 2.04 4.09 1.84 5.36 4.94 0.00 3.94 5.83 3.19 6.52 4.74 4.79 4.85 4.87 4.92 5.68 6.01 6.66 5.86 4.54 6.83 6.13 5.75 5.76 5.37 5.32 5.36 5.39 5.85 5.35 5.80 5.40 5.42 5.87 5.47 5.91 5.94 5.58 5.59 5.59 5.59 5.58 5.57 5.56 5.55
0.00 0.00 0.00 0.00 0.00 0.00 0.00 0.00 0.00 0.00 6.42 5.69 3.04 3.07 3.39 3.15 3.13 3.17 3.20 3.24 3.18 3.22 3.26 3.30 3.33 3.37 3.41 3.45 3.64 3.68 3.73 3.77 3.91 3.96 4.01 4.05 4.15 5.63 4.79 3.95 7.38 6.22 4.86 8.38 4.03 4.15 3.19 4.82 5.70 6.37 4.48 4.54 4.94 4.98 5.03 4.78 5.87 5.93 7.31 7.36 6.98 5.41 5.39 5.43 5.38 5.84 5.45 5.48 5.40 5.43 5.45 5.47 5.49 5.51 5.52 5.53 5.62 5.62 5.63 5.63 5.61 5.60 5.59 5.58
0.00 0.00 0.00 0.00 0.00 0.00 0.00 0.00 0.00 0.00 0.00 5.77 5.77 3.14 3.18 3.22 3.20 3.24 3.27 3.31 3.25 3.29 3.33 3.37 3.40 3.44 3.48 3.52 3.71 3.75 3.80 3.84 3.98 4.03 4.07 4.12 4.22 4.27 5.77 4.90 5.67 6.36 7.96 8.83 5.22 6.07 5.83 5.45 5.34 5.39 4.55 4.61 4.99 5.04 5.09 5.14 5.19 5.24 6.06 7.00 7.04 5.40 5.44 5.48 5.43 5.46 5.49 5.52 5.45 5.47 5.49 5.51 5.53 5.55 5.56 5.57 5.66 5.66 5.66 5.66 5.64 5.63 5.62 5.61
0.00 0.00 0.00 0.00 0.00 0.00 0.00 0.00 0.00 0.00 0.00 5.85 5.85 5.89 5.93 3.29 3.27 3.31 3.34 3.38 3.32 3.36 3.40 3.44 3.47 3.51 3.55 3.59 3.78 3.82 3.87 3.91 4.05 4.09 4.14 4.19 4.29 4.33 4.92 8.47 4.53 5.85 5.15 3.97 5.19 4.80 5.99 5.51 5.56 5.61 5.53 4.99 5.05 5.10 5.15 5.19 5.25 5.31 6.13 6.18 6.18 7.64 5.49 5.53 5.48 5.51 5.54 6.00 5.49 5.51 5.53 5.55 5.57 5.58 5.60 5.60 5.69 5.69 5.69 5.69 5.67 5.66 5.65 5.64
0.00 0.00 0.00 0.00 0.00 0.00 0.00 0.00 0.00 0.00 0.00 5.93 5.92 5.96 6.00 6.04 3.29 3.33 3.37 3.41 3.67 3.41 3.45 3.49 3.62 3.67 5.02 5.07 5.30 5.35 4.02 4.07 4.16 4.21 3.62 5.75 5.85 5.91 4.98 7.62 2.99 3.45 3.91 3.58 4.74 4.43 4.47 5.57 6.53 5.67 5.73 6.70 5.08 5.13 5.18 5.22 5.25 5.29 7.00 7.05 6.30 7.15 7.20 5.53 5.49 5.52 5.55 5.58 5.48 5.50 5.52 5.54 5.55 5.56 5.57 5.58 5.68 5.68 5.68 5.67 5.67 5.66 5.65 5.63
0.00 0.00 0.00 0.00 0.00 0.00 0.00 0.00 0.00 0.00 0.00 6.01 6.00 6.04 6.08 6.12 6.04 3.69 3.44 3.48 3.74 3.48 3.52 3.56 3.69 5.05 5.10 5.15 5.38 5.43 4.09 4.13 4.23 5.72 3.67 5.83 3.74 5.42 6.32 9.88 7.12 5.34 3.96 3.63 4.79 4.83 4.53 4.58 4.99 4.70 5.68 5.14 5.14 5.18 5.23 5.27 5.29 5.34 5.38 5.42 5.46 5.50 5.53 5.57 5.53 5.56 5.59 5.62 5.52 5.54 5.56 5.57 5.59 5.60 5.60 5.61 5.70 5.70 5.70 6.15 5.69 5.68 5.67 5.65
0.00 0.00 0.00 0.00 5.85 0.00 0.00 0.00 0.00 0.00 0.00 6.09 6.08 6.12 6.16 6.20 6.12 6.16 6.20 3.54 3.51 3.55 3.59 3.63 3.76 5.13 5.18 5.23 5.46 5.95 5.56 5.62 5.74 5.79 5.85 5.82 6.00 5.48 6.38 8.00 5.62 5.40 5.28 3.60 6.38 4.54 4.59 5.02 5.05 5.09 5.14 5.19 5.19 5.23 5.70 5.32 5.34 5.38 5.42 5.46 5.50 5.54 5.57 5.61 6.02 5.60 5.62 5.65 5.99 5.57 5.58 5.60 5.61 5.62 5.63 5.63 5.73 5.73 5.72 5.72 5.71 5.70 5.68 5.67
0.00 0.00 0.00 5.87 5.93 5.97 0.00 0.00 0.00 6.09 6.13 6.17 6.16 6.19 6.23 6.27 6.19 6.23 6.27 6.31 3.57 3.61 3.65 3.69 3.83 5.21 5.26 5.31 5.54 5.59 5.64 6.12 5.81 5.87 5.93 4.49 4.57 5.11 5.58 9.14 5.24 5.45 5.50 5.54 5.59 5.64 5.03 5.07 5.10 5.14 5.19 5.23 5.23 5.28 5.75 5.36 5.38 5.42 5.46 5.92 5.54 5.58 5.61 5.64 5.60 5.63 5.66 5.68 5.58 5.59 5.61 5.62 5.64 7.98 5.65 5.65 5.75 5.74 5.74 5.73 5.73 5.72 5.70 5.68
5.86 5.89 5.93 5.96 6.01 6.05 6.93 6.98 6.16 6.19 6.93 6.27 6.26 6.30 6.34 6.38 6.31 7.12 6.39 6.43 6.40 6.44 3.77 3.80 3.92 5.33 5.38 5.43 5.62 6.10 5.72 5.77 5.91 5.96 4.52 4.57 4.26 5.32 5.64 7.49 5.89 6.72 5.40 5.60 5.64 5.69 5.08 5.54 5.13 5.59 5.64 5.26 5.23 5.27 5.31 5.35 5.29 5.33 5.36 5.40 5.39 5.43 5.46 5.49 5.91 5.50 5.53 5.99 6.00 5.58 7.92 7.93 8.03 8.04 5.69 5.70 5.73 5.72 5.72 5.71 5.73 6.17 5.70 5.68
5.95 5.98 6.01 6.89 6.09 6.13 6.16 6.19 6.24 7.04 6.31 6.34 6.34 6.37 6.41 6.45 6.39 6.42 6.46 6.50 6.47 6.51 6.55 3.87 3.98 4.02 5.45 5.50 5.69 5.74 5.79 5.84 4.49 4.53 4.58 4.62 5.33 5.38 5.26 6.09 7.56 5.83 6.16 5.64 6.16 5.64 5.13 5.18 5.17 5.22 5.26 5.30 5.27 5.31 5.78 5.95 5.75 5.36 5.40 5.43 5.42 5.45 5.49 5.51 5.50 5.53 5.55 5.57 5.58 5.60 7.94 5.62 8.05 4.43 5.71 5.71 5.74 5.73 5.73 8.09 5.74 5.72 5.70 4.32
6.03 6.06 6.95 6.12 6.17 6.21 6.24 6.27 6.32 6.35 7.15 6.42 6.41 6.45 6.48 6.52 6.46 6.49 6.53 6.57 6.53 6.57 6.61 6.65 6.65 4.08 5.52 5.57 4.32 4.36 4.40 4.44 4.54 4.59 4.63 5.18 5.38 5.43 5.31 3.62 7.17 4.57 4.62 4.98 5.64 5.70 5.11 5.22 5.22 5.26 5.30 5.34 5.31 5.35 5.38 5.42 5.35 5.39 5.43 5.46 5.45 5.48 5.51 5.54 5.52 5.55 5.57 6.03 5.60 5.61 5.62 5.63 5.71 5.71 5.72 5.72 5.75 5.74 5.73 8.10 5.74 5.73 4.34 4.95
6.11 6.14 6.17 6.20 6.25 6.28 6.32 6.35 6.39 6.43 6.46 6.49 6.48 6.52 6.55 6.59 6.52 6.56 6.60 6.64 6.60 6.63 6.67 6.58 6.71 6.75 4.18 4.22 4.37 4.41 4.45 4.49 4.60 4.64 4.68 5.23 4.80 4.85 6.13 4.88 3.69 4.62 5.07 5.02 4.77 5.86 5.91 5.26 5.25 5.30 5.34 5.38 5.75 5.38 5.42 5.45 5.38 5.42 5.45 5.48 5.47 5.50 5.53 5.56 5.54 5.56 5.58 5.60 5.61 5.62 5.63 5.64 5.71 5.72 5.72 5.72 5.75 5.74 4.41 4.39 5.74 5.72 4.33 4.30
6.17 6.20 6.98 6.26 6.31 6.34 6.37 6.40 6.44 6.47 6.51 6.54 6.56 7.39 6.62 6.66 6.63 6.67 6.57 6.61 6.57 6.61 6.65 6.68 6.73 6.77 6.80 6.84 4.40 4.44 4.48 4.52 4.64 4.69 6.27 7.07 5.23 4.88 4.52 5.58 5.50 5.48 5.11 4.77 5.11 5.66 5.86 6.96 7.35 6.92 5.30 5.34 5.22 5.25 5.29 5.32 5.26 5.30 5.33 5.36 5.41 5.44 5.47 5.49 5.55 5.57 5.59 5.60 5.71 5.73 5.74 5.74 5.80 5.80 5.80 5.80 6.21 5.75 8.12 8.11 4.36 4.34 4.31 4.28
6.25 6.28 6.30 6.33 6.38 7.18 6.44 6.47 6.51 6.54 6.57 6.61 6.62 6.65 6.56 7.50 6.56 6.60 6.63 6.66 6.63 6.66 6.70 6.74 6.78 6.81 6.85 6.89 7.07 4.49 4.53 4.57 4.69 6.27 6.32 4.81 4.88 4.92 4.57 4.95 5.69 5.63 5.14 5.10 5.15 5.19 5.24 7.00 6.91 5.29 5.33 5.37 5.24 5.28 5.31 5.34 5.28 5.31 5.34 5.37 5.42 5.45 5.48 5.50 5.55 5.57 5.59 5.61 5.72 5.73 5.74 5.74 5.79 5.79 5.80 5.79 5.75 6.19 5.73 5.72 4.34 4.32 4.29 4.26
6.33 6.35 6.38 6.41 6.46 6.48 6.51 6.54 6.58 6.61 6.64 6.67 6.56 6.59 6.62 6.65 6.62 6.65 6.69 6.72 6.68 6.71 6.75 7.82 6.83 6.86 6.90 6.94 7.12 7.16 4.57 4.61 5.10 6.32 6.37 5.67 5.32 4.96 6.60 6.46 6.34 5.68 5.31 5.14 5.24 5.70 5.31 5.35 5.28 5.32 5.36 5.39 5.26 5.30 5.33 5.83 5.30 5.33 5.36 5.39 5.43 5.46 5.48 5.51 5.56 5.58 5.60 5.61 5.72 5.73 5.73 5.74 5.79 5.79 5.79 5.78 5.74 5.73 5.72 5.70 4.32 4.29 4.26 4.23
6.40 6.43 6.45 6.48 6.52 8.12 6.58 6.61 6.64 6.67 6.57 6.60 6.61 6.64 6.67 6.70 6.67 6.70 6.74 6.77 6.73 6.76 6.80 6.83 6.87 6.91 6.94 6.98 7.16 7.20 7.24 8.39 4.78 6.37 4.86 5.29 4.96 5.00 6.64 5.73 5.77 5.82 6.85 5.66 5.26 5.30 5.34 5.38 5.30 5.34 5.80 5.41 5.46 7.55 7.60 9.11 5.31 5.34 5.37 5.39 5.44 5.46 5.49 5.51 5.56 5.58 5.59 5.60 5.71 5.72 5.72 5.73 5.78 6.24 5.77 5.77 5.72 5.71 5.70 5.68 4.28 4.26 4.23 4.20
6.43 6.45 6.47 7.29 6.55 6.58 7.48 6.63 6.63 6.66 6.56 8.05 6.56 6.58 6.61 6.64 6.62 6.65 6.68 6.72 6.74 6.77 6.81 6.84 6.90 6.94 6.97 7.01 7.14 9.60 7.21 7.25 7.37 4.78 5.21 4.86 4.94 4.97 5.40 5.05 4.78 6.77 6.82 5.22 5.61 5.23 5.26 5.72 5.17 5.21 5.24 5.28 7.39 8.00 4.00 7.51 7.62 5.39 5.42 5.44 5.55 5.57 5.59 5.61 5.68 5.70 5.71 5.73 5.79 5.79 5.80 5.80 5.79 5.79 5.79 5.78 5.75 5.73 5.72 5.70 4.25 4.23 4.20 4.17
6.50 6.52 6.54 6.56 6.62 7.51 6.66 6.56 6.56 6.58 6.61 6.64 7.63 6.63 6.66 6.69 6.67 6.70 7.76 6.76 6.78 6.81 6.85 6.88 6.94 6.97 7.01 7.04 8.23 7.21 7.24 7.28 7.40 7.43 7.47 4.89 4.96 5.00 5.04 5.07 5.13 5.17 5.20 5.24 5.21 5.24 5.28 5.31 5.19 5.22 5.25 5.29 7.40 7.44 7.48 7.52 5.37 5.39 5.41 5.44 5.55 5.57 5.59 5.60 5.67 5.69 5.70 5.71 5.77 5.77 5.78 5.78 5.77 6.23 5.76 5.75 5.72 5.71 5.69 5.68 5.61 4.19 4.16 4.13
