New_Model_Runs/2_scn1_noclimate_out/post_prcessed_with_MFR/Monthly_summaries/net_infiltration_monthly_JUN.asc
NCOLS 700
NROWS 400
XLLCENTER 515000.000000
YLLCENTER 8409000.000000
CELLSIZE 50.000000
NODATA_value -999.000000
[rows 222 to 258 of 400, columns 252 to 335 of 700]
11.03 11.02 11.01 10.99 11.27 11.24 11.21 8.56 8.65 8.63 8.61 8.59 15.76 12.21 12.12 16.09 16.04 16.02 15.99 15.96 15.92 21.56 18.19 17.49 10.90 12.88 15.68 11.64 10.89 10.81 7.75 7.70 9.64 7.54 7.49 7.44 10.35 5.71 7.69 10.89 7.32 9.09 7.23 7.18 7.10 7.05 7.01 6.97 6.92 6.88 6.84 8.31 6.84 6.80 8.78 9.78 8.36 9.84 8.91 4.12 4.08 4.05 6.46 6.42 6.83 8.49 5.15 5.11 5.03 8.97 5.44 5.63 7.00 6.94 6.87 6.81 6.75 7.77 0.00 0.00 0.00 0.00 0.00 4.35
11.02 11.01 10.99 10.96 11.23 11.20 11.17 12.76 8.63 8.60 8.58 8.58 15.69 12.13 18.11 16.05 16.00 15.97 15.95 15.92 15.88 17.79 17.74 18.27 12.45 11.97 8.03 7.98 10.81 7.75 8.85 7.65 9.55 7.48 9.40 8.26 7.40 10.07 6.09 8.39 10.25 9.72 10.28 7.11 7.02 6.97 6.93 6.89 6.84 6.79 6.75 8.16 6.75 8.02 12.12 9.08 7.51 8.30 5.84 5.40 4.00 7.78 4.36 6.76 7.91 6.94 8.55 8.51 1.49 1.48 6.94 7.73 8.11 7.62 6.84 6.62 6.56 6.50 0.00 0.00 0.00 0.00 0.00 0.00
11.09 11.07 11.04 11.01 11.24 11.88 11.17 11.13 8.60 8.70 12.13 15.66 22.05 18.49 18.04 15.99 15.94 15.91 15.88 15.85 15.81 17.25 18.02 16.36 18.81 7.99 7.94 7.89 9.42 7.63 7.57 7.52 9.44 7.98 7.91 7.28 7.34 7.29 6.47 6.50 7.37 6.88 9.47 7.04 8.02 6.90 6.85 6.80 6.77 6.72 6.68 8.01 7.94 11.38 6.52 5.88 8.91 2.03 5.73 5.83 3.92 3.88 5.54 1.95 5.02 8.49 5.36 5.32 5.28 6.82 6.75 7.97 7.48 6.56 6.50 8.34 6.81 6.32 0.00 0.00 0.00 0.00 0.00 0.00
11.06 11.04 11.01 10.97 11.20 11.16 11.12 11.08 10.65 15.00 12.12 22.02 18.46 13.32 15.97 15.94 15.89 15.86 15.83 15.80 15.76 16.15 12.41 12.36 10.62 8.36 7.89 7.83 7.62 8.74 7.51 8.04 7.37 7.88 7.81 8.08 7.27 7.22 7.17 11.08 9.74 6.77 15.09 6.95 6.86 7.87 6.76 6.71 6.68 6.63 6.59 6.55 6.55 11.22 6.40 5.34 8.80 9.18 1.99 1.54 7.56 6.65 5.01 5.00 4.98 4.87 6.73 6.68 7.13 6.63 7.40 7.75 6.86 7.23 6.31 7.11 7.14 6.13 3.30 0.00 0.00 0.00 0.00 0.00
11.03 11.00 10.96 10.93 11.15 11.11 11.06 11.02 13.34 12.09 15.55 18.03 18.30 18.26 18.21 15.89 15.84 15.80 15.77 22.06 15.69 16.09 13.61 15.37 9.15 11.37 10.86 7.77 7.56 7.50 8.31 7.94 7.86 7.78 7.70 7.13 7.19 7.14 7.08 7.46 10.24 8.00 7.02 8.04 7.96 6.72 6.67 6.62 4.27 6.53 7.95 4.13 10.39 7.97 5.85 5.23 5.18 8.64 5.03 5.02 8.49 9.30 5.83 1.45 8.31 6.74 6.68 7.62 7.55 7.26 6.56 3.49 7.11 7.47 6.13 7.50 6.79 3.21 3.60 0.00 0.00 0.00 0.00 0.00
10.99 10.96 10.92 10.88 11.09 11.05 11.00 10.96 13.25 15.48 15.46 17.95 17.90 13.24 18.13 15.84 15.78 15.75 18.00 25.77 17.45 17.83 13.10 11.46 11.33 10.83 10.74 7.71 7.49 7.44 7.38 7.84 7.75 7.67 7.59 7.50 7.11 7.06 7.00 9.72 7.47 10.53 5.89 8.87 7.10 6.62 6.57 6.52 7.94 7.66 8.02 4.04 4.42 11.31 5.72 5.04 5.03 5.01 5.00 4.91 1.89 8.09 5.80 1.26 4.75 5.45 2.80 7.24 7.34 7.27 3.46 2.99 4.60 4.13 6.37 6.43 2.78 6.04 0.00 0.00 0.00 0.00 0.00 0.00
10.95 10.91 10.87 10.83 11.03 10.98 10.93 10.88 13.11 15.39 15.32 18.30 15.93 18.58 15.80 15.76 15.70 15.66 17.89 20.02 15.19 11.76 11.35 7.82 7.66 10.50 10.42 7.51 8.45 7.28 7.22 7.73 7.64 7.55 7.47 7.38 7.04 6.99 6.93 9.55 6.93 5.85 9.29 6.72 7.08 6.97 4.19 6.43 6.38 6.74 6.68 5.76 4.33 10.44 5.19 5.01 1.48 1.47 4.84 4.79 6.69 6.40 6.34 7.58 7.54 6.18 2.68 0.00 2.58 0.00 0.00 0.00 0.00 0.00 0.00 0.00 0.00 0.00 0.00 0.00 0.00 0.00 0.00 0.00
10.90 10.86 10.82 10.77 10.97 10.92 11.52 12.36 12.80 13.31 15.23 18.22 18.16 18.10 15.74 15.70 17.48 15.60 16.42 17.87 11.72 7.83 7.79 7.75 7.58 7.54 10.29 10.20 8.36 7.20 7.14 7.08 7.08 7.02 6.96 6.90 6.95 6.90 6.84 10.21 9.38 8.02 10.39 10.13 7.71 6.45 8.00 6.76 6.27 7.47 2.99 4.98 5.61 4.97 9.17 5.17 1.41 5.63 2.27 4.52 4.63 4.58 6.84 1.48 2.66 0.00 0.00 0.00 0.00 0.00 0.00 0.00 0.00 0.00 0.00 0.00 0.00 0.00 0.00 0.00 0.00 0.00 0.00 0.00
10.85 10.81 10.76 10.71 10.91 10.85 10.80 12.25 12.14 12.59 15.16 18.08 18.01 17.58 15.68 17.44 17.73 17.31 14.56 16.87 13.40 7.75 7.71 7.67 7.51 7.46 7.41 8.43 7.18 7.12 7.06 7.00 7.00 6.93 6.87 6.81 6.86 6.80 6.74 8.05 8.83 7.89 2.59 5.15 8.92 5.70 6.68 6.18 6.35 6.48 6.27 8.79 6.66 5.79 2.26 5.04 6.34 4.93 5.30 4.57 4.68 4.64 2.03 3.44 3.39 0.00 0.00 0.00 0.00 0.00 0.00 0.00 0.00 0.00 0.00 0.00 0.00 0.00 0.00 0.00 0.00 0.00 0.00 0.00
10.80 10.75 10.70 10.65 10.84 10.78 10.72 10.66 10.71 11.95 15.88 18.84 18.77 17.48 15.62 13.00 17.27 17.54 17.47 18.95 7.72 7.68 7.63 7.59 7.42 7.38 7.33 7.27 7.10 7.04 6.97 6.91 6.91 6.85 6.78 9.04 9.13 6.71 6.64 9.26 6.13 7.54 7.15 1.61 8.79 8.65 1.52 5.01 9.06 5.16 5.86 5.58 5.95 4.60 8.05 4.49 6.37 5.73 4.49 4.44 4.56 4.52 5.96 0.00 0.00 0.00 0.00 0.00 0.00 0.00 0.00 2.10 0.00 0.00 0.00 0.00 0.00 0.00 0.00 0.00 0.00 0.00 0.00 0.00
10.78 10.73 10.68 10.62 10.75 10.69 10.62 10.56 10.59 11.64 15.74 18.74 18.65 17.72 17.65 18.43 15.48 17.41 14.52 10.41 12.24 7.52 8.64 7.43 7.27 7.22 7.17 7.12 7.04 6.98 6.91 6.85 6.87 6.80 6.74 8.85 8.75 8.62 8.48 6.08 6.00 5.38 5.30 2.34 5.49 5.04 4.99 4.97 5.21 1.84 6.55 4.59 5.54 1.39 8.10 4.53 5.65 5.60 5.98 5.94 4.28 6.27 5.88 2.34 0.00 0.00 0.00 0.00 0.00 0.00 0.00 2.09 0.00 0.00 0.00 0.00 0.00 0.00 0.00 0.00 0.00 0.00 0.00 0.00
10.72 10.67 10.61 10.55 10.67 10.61 10.54 10.47 10.50 10.43 15.59 17.42 18.81 17.27 17.52 15.02 15.39 16.67 16.59 10.32 7.49 8.60 7.39 7.34 7.18 7.14 7.08 7.03 6.95 6.89 6.82 6.76 6.78 6.71 6.64 6.58 6.59 8.42 8.30 8.18 12.84 6.79 6.69 5.47 10.93 1.49 4.80 5.76 5.94 1.81 4.96 5.07 1.37 1.35 4.85 4.83 4.77 4.72 4.69 6.27 6.84 6.08 6.50 6.29 0.00 2.56 0.00 0.00 0.00 0.00 2.02 1.97 1.93 0.00 0.00 0.00 0.00 0.00 0.00 0.00 0.00 0.00 0.00 0.00
10.66 10.60 10.54 10.48 10.60 10.53 10.46 10.39 10.42 10.34 15.66 19.37 17.67 17.17 17.52 15.79 15.31 16.85 17.85 7.97 7.84 7.36 7.31 7.26 7.10 7.05 7.00 6.94 6.86 10.42 6.73 6.67 6.68 6.61 6.54 7.47 6.49 8.24 8.12 12.80 12.72 12.60 5.03 1.50 4.93 4.85 4.78 6.37 6.79 6.28 6.20 6.12 4.44 4.38 1.73 5.22 4.67 4.21 4.18 6.51 6.43 5.89 7.15 6.13 6.49 2.12 2.07 0.00 0.00 0.00 0.00 0.00 0.00 0.00 0.00 0.00 0.00 0.00 0.00 0.00 0.00 0.00 0.00 0.00
10.60 10.54 10.47 10.41 10.52 10.45 10.37 10.30 11.55 12.12 22.42 19.23 17.14 17.49 15.33 15.71 17.67 16.72 19.10 7.46 7.76 7.71 10.36 8.15 7.01 6.96 6.91 6.85 6.77 6.71 6.64 6.57 6.58 6.51 6.45 6.38 8.54 8.07 14.66 14.09 12.59 16.04 12.45 13.68 14.17 6.62 5.10 6.93 6.24 6.16 6.12 6.04 6.39 4.69 4.23 4.19 5.19 4.56 6.38 3.02 6.68 6.55 6.43 5.94 2.05 2.00 1.95 0.00 0.00 0.00 0.00 0.00 0.00 0.00 0.00 0.00 0.00 0.00 0.00 0.00 0.00 0.00 0.00 0.00
10.63 10.57 10.50 10.43 10.45 10.38 10.30 10.22 11.42 11.75 20.51 18.66 18.55 14.88 10.05 10.03 16.69 16.60 20.02 18.42 14.02 10.77 15.18 14.69 7.39 6.91 7.28 6.80 6.73 7.71 6.60 6.53 6.48 6.41 6.34 6.96 8.44 14.61 14.51 16.51 17.07 16.35 13.19 14.55 14.45 15.56 6.46 6.78 6.51 6.00 6.10 6.03 6.66 5.16 4.68 4.11 8.02 6.46 6.19 0.00 0.00 0.00 2.03 1.98 0.00 1.88 1.84 0.00 0.00 0.00 0.00 0.00 0.00 0.00 0.00 0.00 0.00 0.00 0.00 0.00 0.00 0.00 0.00 0.00
10.56 10.49 10.42 10.35 10.37 10.29 10.21 10.13 10.08 18.73 22.12 22.03 21.91 16.83 10.02 10.00 9.55 16.47 19.89 17.50 12.99 10.31 9.86 14.15 7.94 6.82 7.19 7.13 6.64 6.57 6.50 6.94 6.89 6.81 6.92 6.85 6.16 18.27 16.04 12.89 12.81 8.99 13.34 9.80 13.53 13.02 12.07 4.55 4.48 6.02 5.72 5.88 6.23 4.96 5.57 4.91 4.00 8.76 2.80 0.00 0.00 0.00 0.00 0.00 0.00 0.00 0.00 0.00 0.00 0.00 0.00 0.00 0.00 0.00 0.00 0.00 0.00 0.00 0.00 0.00 0.00 0.00 0.00 0.00
10.49 10.42 10.34 10.27 10.29 10.20 10.12 10.03 11.57 22.52 20.27 22.30 18.24 16.71 16.62 9.97 13.04 13.02 17.47 15.76 17.33 12.94 12.92 16.28 6.79 6.73 8.91 6.79 8.68 8.92 6.91 6.83 6.97 6.89 6.81 8.24 5.62 12.56 12.85 9.43 12.27 13.63 12.30 15.73 9.59 12.90 13.24 12.30 1.70 4.18 5.64 5.57 4.07 5.42 3.99 5.37 5.16 1.62 8.43 0.00 0.00 0.00 0.00 0.00 0.00 0.00 0.00 0.00 0.00 0.00 0.00 0.00 0.00 0.00 0.00 0.00 0.00 0.00 0.00 0.00 0.00 0.00 0.00 0.00
10.41 10.34 10.26 10.18 10.20 10.11 10.45 11.77 11.29 20.67 15.09 11.97 18.47 21.47 20.01 13.03 17.51 15.82 13.86 16.02 15.92 14.90 17.09 17.44 12.52 9.91 10.26 11.75 6.16 6.08 1.80 6.33 6.68 6.78 6.71 16.48 12.98 12.53 14.46 13.10 9.38 9.41 12.20 12.45 12.42 10.17 16.13 11.84 13.45 5.43 4.07 5.35 3.99 3.96 6.48 6.24 2.88 2.37 8.91 4.69 0.00 0.00 0.00 0.00 0.00 0.00 0.00 0.00 0.00 0.00 0.00 0.00 0.00 0.00 0.00 0.00 0.00 0.00 0.00 0.00 0.00 0.00 0.00 0.00
10.40 10.33 10.25 10.16 10.13 10.04 10.21 11.27 10.00 18.28 14.19 11.51 13.70 14.10 16.04 9.49 13.90 16.08 15.98 15.88 15.78 16.89 15.59 13.82 14.95 14.85 15.38 18.26 18.16 17.62 16.35 12.64 17.04 16.11 16.03 12.87 9.44 15.80 13.90 12.74 12.24 12.17 8.93 8.90 12.39 10.13 13.91 12.57 13.83 11.61 4.00 4.93 5.30 5.24 9.68 9.64 6.68 5.52 8.36 8.25 0.00 0.00 0.00 0.00 0.00 0.00 0.00 0.00 0.00 0.00 0.00 0.00 0.00 0.00 0.00 0.00 0.00 0.00 0.00 0.00 0.00 0.00 0.00 0.00
10.32 10.24 10.16 10.07 10.04 10.37 10.52 11.89 11.12 18.12 21.93 14.12 13.66 11.40 18.28 14.31 16.05 15.95 15.85 15.75 15.65 15.54 15.44 14.20 14.80 10.17 18.53 15.35 14.49 13.96 13.85 1.93 13.42 14.68 12.41 12.76 9.41 16.13 12.29 12.21 13.96 12.07 11.99 11.91 16.93 9.68 12.55 10.78 12.96 11.54 4.35 2.30 9.70 8.78 6.46 6.59 8.74 9.32 5.09 8.10 7.73 0.00 0.00 0.00 0.00 0.00 0.00 0.00 0.00 0.00 0.00 0.00 0.00 0.00 0.00 0.00 0.00 0.00 0.00 0.00 0.00 0.00 0.00 0.00
11.53 11.42 10.07 9.98 9.94 10.50 5.00 11.99 10.57 7.67 14.11 19.65 19.54 21.14 11.33 15.07 16.14 16.03 15.91 9.78 9.94 9.80 9.66 9.12 8.97 9.21 18.52 14.77 14.67 8.67 8.54 6.30 8.31 14.55 14.08 13.99 14.69 9.84 17.32 13.72 13.62 11.96 11.89 11.81 11.75 12.32 13.15 12.86 11.52 12.67 5.99 6.18 5.48 9.02 9.60 9.95 6.37 9.81 8.58 8.38 8.31 3.97 0.00 0.00 0.00 0.00 0.00 0.00 0.00 0.00 0.00 0.00 0.00 0.00 0.00 0.00 0.00 0.00 0.00 0.00 0.00 0.00 0.00 0.00
12.08 11.29 9.98 9.88 11.64 3.28 18.27 18.25 10.43 19.74 14.07 16.43 15.89 20.14 21.31 14.98 16.43 15.89 15.77 15.66 9.46 9.61 9.47 8.92 9.19 9.55 10.12 12.73 8.37 6.35 8.13 6.18 6.34 6.02 7.49 7.58 6.75 13.45 16.45 13.59 13.50 13.83 13.37 13.28 11.69 12.68 11.57 11.84 6.05 5.94 5.97 5.05 5.39 9.09 8.86 9.81 10.16 10.09 9.15 8.32 7.82 7.65 4.16 0.00 0.00 0.00 0.00 0.00 0.00 0.00 0.00 0.00 0.00 0.00 0.00 0.00 0.00 0.00 0.00 0.00 0.00 0.00 0.00 0.00
11.28 11.16 11.04 10.22 17.93 21.77 10.66 16.32 19.72 19.61 17.25 17.36 17.21 17.92 21.29 18.06 15.87 15.75 15.63 15.52 15.40 9.42 9.26 9.10 9.38 12.32 9.99 14.60 8.20 8.09 7.98 7.87 5.99 5.91 7.55 7.44 12.15 14.59 16.62 16.56 11.84 13.34 13.69 13.19 11.63 15.43 12.28 12.34 6.07 4.84 6.02 6.78 6.97 2.71 8.46 8.60 9.17 9.52 9.02 4.77 8.01 8.37 5.12 3.87 0.00 0.00 0.00 0.00 0.00 0.00 0.00 0.00 0.00 0.00 0.00 0.00 0.00 0.00 0.00 0.00 0.00 0.00 0.00 0.00
11.16 11.03 10.90 9.49 15.91 11.94 20.68 13.67 19.60 16.40 17.09 16.94 18.34 17.21 22.40 21.33 17.45 15.61 15.50 15.38 9.12 9.22 9.05 8.90 9.18 12.16 11.15 6.71 7.06 8.35 7.83 5.97 5.89 5.93 7.41 7.30 14.19 16.69 17.55 11.82 13.33 12.82 13.30 11.97 11.91 15.37 13.59 10.10 13.00 5.71 6.19 7.52 7.42 6.18 7.90 9.57 8.80 8.53 10.17 9.24 7.88 7.99 4.65 1.12 0.00 0.00 0.00 0.00 0.00 0.00 0.00 0.00 0.00 0.00 0.00 0.00 0.00 0.00 0.00 0.00 0.00 0.00 0.00 0.45
11.03 11.33 14.28 13.77 17.79 18.02 14.95 19.59 17.22 17.13 17.36 16.46 16.77 16.65 16.95 16.83 20.82 15.91 9.24 9.09 8.94 9.03 8.86 8.71 8.34 12.39 9.76 6.59 6.52 6.45 1.78 5.99 5.91 1.75 5.75 5.66 6.90 16.66 13.95 11.77 12.08 13.27 13.17 13.51 11.98 12.78 9.68 12.12 9.86 5.21 6.56 6.02 9.43 5.73 1.72 7.72 8.50 8.09 9.65 8.72 7.79 7.72 7.64 6.77 0.00 0.00 0.00 0.00 0.00 0.00 0.00 0.00 0.00 0.00 0.00 0.00 0.00 0.00 0.00 0.00 0.00 0.00 0.00 0.43
11.75 7.08 14.19 17.36 17.22 20.13 19.58 16.39 18.15 17.59 17.02 10.80 10.76 17.00 16.85 17.12 19.25 15.35 6.93 8.92 8.75 8.84 8.68 6.82 6.72 9.73 9.65 8.05 7.95 5.93 5.97 5.89 5.81 9.24 9.15 5.18 6.01 2.90 5.74 13.36 13.27 12.84 13.07 8.86 8.85 12.34 9.67 10.72 2.35 1.46 8.72 4.91 1.36 1.72 1.69 4.88 8.42 7.92 9.13 8.63 7.70 8.12 5.88 5.48 3.94 3.86 0.00 0.00 0.00 0.00 0.00 0.00 0.00 0.00 0.00 0.00 0.00 0.00 0.00 0.00 0.00 0.00 0.00 0.42
11.57 15.05 11.08 17.22 13.67 16.50 17.65 16.26 17.35 17.63 16.88 16.82 17.00 16.95 16.00 15.70 16.51 13.07 12.98 6.70 8.58 8.66 8.50 8.56 6.61 9.61 9.54 7.92 7.63 7.98 8.30 5.80 5.72 5.63 9.06 8.97 5.38 5.98 12.49 12.01 13.13 13.04 12.46 9.70 9.29 12.33 12.23 2.83 1.90 4.95 4.92 1.33 1.73 1.70 1.68 6.45 8.37 8.10 8.22 8.23 8.94 8.86 2.78 2.33 5.39 3.80 0.00 0.00 0.00 0.00 0.00 0.00 0.00 0.00 0.00 0.00 0.00 0.00 0.00 0.00 0.00 0.00 0.00 0.00
14.62 10.65 10.62 13.66 19.58 16.38 17.84 10.87 17.01 17.05 17.16 16.57 16.41 16.68 15.29 15.59 16.35 15.77 6.70 8.58 8.40 8.48 8.33 7.98 6.07 9.51 10.98 7.80 7.71 8.04 7.07 6.56 1.69 5.53 6.64 9.13 5.53 6.06 9.33 8.88 11.89 11.85 14.04 9.26 5.45 8.64 8.55 2.34 5.39 2.27 1.77 1.74 4.69 2.54 8.46 5.57 4.80 7.81 7.75 8.53 9.31 6.30 6.27 3.17 5.37 6.39 0.00 0.00 0.00 0.00 0.00 0.00 0.00 0.00 0.00 0.00 0.00 0.00 0.00 0.00 0.00 0.00 0.00 0.00
21.18 19.79 13.66 16.93 19.46 20.92 18.12 16.88 15.47 17.16 17.00 16.42 8.69 8.53 8.93 15.78 14.90 15.61 8.82 8.64 8.47 8.32 7.95 6.05 5.97 10.95 7.35 7.68 7.59 5.78 6.97 7.29 5.52 6.62 6.51 9.03 5.43 5.94 5.69 11.89 8.85 11.79 15.26 9.42 9.05 9.81 5.84 8.33 5.00 2.20 2.60 5.99 2.97 8.90 8.82 4.80 4.38 2.00 7.24 8.03 8.39 2.34 6.69 3.15 5.35 6.35 0.00 0.00 0.00 0.00 0.00 0.00 0.00 0.00 0.00 0.00 0.00 0.00 0.00 0.00 0.00 0.00 0.00 0.00
20.20 19.67 16.06 16.78 17.34 15.71 21.49 16.98 16.74 16.58 16.42 16.38 8.66 8.50 8.35 8.20 8.32 7.72 14.68 8.24 8.08 6.13 6.03 5.96 7.82 9.88 5.89 7.56 7.29 9.20 9.12 9.03 9.20 5.19 5.16 8.93 8.85 8.77 8.68 8.60 8.96 8.97 9.10 8.59 5.44 5.83 5.81 4.88 4.89 2.17 3.00 5.62 6.03 5.57 7.44 5.10 7.73 5.48 4.60 5.44 6.28 5.40 4.95 5.79 7.16 2.78 3.07 0.00 0.00 0.00 0.00 0.00 0.00 0.00 0.00 0.00 0.00 0.00 0.00 0.00 0.00 0.00 0.00 0.00
16.14 16.90 17.54 17.33 17.62 17.13 7.90 19.56 20.20 16.43 16.27 16.11 8.51 8.36 8.20 8.04 7.87 7.57 7.39 6.92 8.35 8.00 5.93 1.80 10.93 9.80 5.68 5.23 5.21 5.62 8.01 2.56 1.68 2.08 2.05 6.35 5.67 5.16 5.08 5.01 4.93 1.89 6.35 5.86 2.74 1.86 1.83 2.23 7.85 4.79 5.62 2.51 2.91 2.03 2.44 2.41 1.96 5.45 5.00 4.98 5.39 6.86 6.43 6.37 2.78 2.71 2.65 0.00 0.00 0.00 0.00 0.00 0.00 0.00 0.00 0.00 0.00 0.00 0.00 0.00 0.00 0.00 0.00 0.00
16.00 17.51 16.61 17.60 17.46 9.32 9.70 9.12 8.97 19.78 19.63 15.95 8.22 8.20 8.04 7.88 7.76 7.40 7.41 6.79 5.23 6.35 7.54 9.41 5.26 5.25 7.44 1.70 1.68 6.21 7.47 6.45 5.50 2.48 2.03 5.24 1.55 5.51 8.94 5.35 5.55 2.80 4.06 3.60 3.14 2.68 2.65 2.62 5.25 7.65 3.71 2.48 2.88 2.00 2.83 2.38 6.30 5.85 4.97 5.38 5.36 7.19 6.77 6.28 6.21 2.63 2.58 2.54 0.00 0.00 0.00 0.00 0.00 0.00 0.00 0.00 0.00 0.00 0.00 0.00 0.00 0.00 0.00 0.00
15.87 10.03 15.67 16.31 15.45 8.19 8.50 7.52 7.39 8.55 11.90 11.05 8.07 7.90 7.88 7.77 7.59 7.42 7.25 7.15 1.84 7.74 9.37 9.32 1.73 5.22 1.70 2.11 2.59 2.14 5.60 5.50 5.41 5.75 2.43 2.19 5.07 8.50 4.91 5.27 5.03 4.93 2.73 5.58 2.24 2.64 2.19 2.16 1.27 7.67 3.59 1.59 1.99 1.54 2.37 6.29 5.84 1.88 1.43 3.86 7.31 5.31 1.78 3.45 6.98 2.99 2.51 2.46 1.65 1.62 0.00 0.00 0.00 0.00 0.00 0.00 0.00 0.00 0.00 0.00 0.00 0.00 0.00 0.00
15.72 17.09 15.53 8.57 7.74 8.48 9.27 8.69 7.85 7.16 8.23 10.89 8.32 7.74 7.60 7.42 7.43 7.26 7.62 7.50 9.45 9.37 5.79 8.23 8.15 1.69 5.19 1.73 2.71 1.68 7.06 5.42 6.15 5.24 5.59 5.07 4.99 9.14 4.84 5.19 5.36 4.82 1.84 1.81 4.94 1.75 1.30 1.27 1.24 4.05 7.35 3.76 7.62 7.11 7.04 6.97 6.89 6.83 6.76 6.69 6.63 2.70 2.64 3.01 6.90 2.47 2.43 2.38 2.02 1.99 1.53 1.52 1.49 1.47 1.46 1.54 1.43 1.41 1.40 1.49 1.38 1.47 1.36 1.45
19.84 16.03 15.67 8.63 8.03 10.22 8.67 9.05 8.89 8.65 8.49 7.19 10.14 7.61 7.62 7.45 7.80 7.62 7.45 9.85 9.35 8.24 6.66 8.10 8.03 7.96 5.24 9.21 1.68 5.52 6.27 6.15 5.24 5.16 5.07 4.99 4.91 8.35 4.76 4.93 4.37 5.30 4.90 5.12 4.83 4.73 5.60 5.39 3.55 1.18 1.16 7.17 4.01 3.93 3.07 2.99 2.92 2.86 2.79 2.73 2.67 2.60 2.55 2.50 5.96 0.82 0.81 0.79 1.21 1.20 0.76 0.75 0.74 0.74 0.73 0.72 0.72 0.71 0.71 0.70 0.70 0.70 0.69 0.69
16.86 18.85 15.91 7.56 9.21 9.07 8.05 8.87 9.13 3.14 8.33 7.76 7.35 12.14 7.06 7.82 7.64 7.10 10.81 9.74 7.03 8.14 8.07 7.00 6.25 2.16 1.71 9.13 1.66 5.14 9.69 8.77 5.06 4.89 4.87 4.85 1.31 8.47 8.29 8.19 4.57 4.89 4.80 5.02 4.30 6.12 5.81 2.49 2.04 1.15 3.84 6.72 6.63 3.04 2.97 2.90 2.84 2.77 2.71 2.64 2.58 2.53 2.47 2.42 5.88 2.32 2.61 0.77 0.76 2.49 2.46 2.43 2.41 2.38 2.36 2.34 2.32 2.31 2.30 2.29 2.28 2.27 2.26 2.25
15.98 16.56 16.43 7.41 8.60 8.99 8.84 8.68 2.28 3.10 8.17 7.44 7.51 10.86 6.76 7.65 7.55 10.29 9.73 6.10 6.90 8.04 5.58 6.23 8.28 8.21 7.70 7.61 5.15 5.96 5.85 5.18 1.53 4.52 1.34 4.38 4.80 8.29 4.68 4.57 2.63 5.65 4.26 1.29 2.11 1.66 2.49 2.89 5.09 4.63 4.61 4.59 4.99 2.95 2.88 2.82 2.75 3.05 2.63 2.56 2.50 2.45 2.39 2.34 5.80 2.25 2.54 0.75 0.74 2.11 2.08 2.06 2.04 2.02 2.01 1.99 1.97 1.97 1.96 1.95 1.95 1.94 1.94 1.93
