New_Model_Runs/2_scn1_noclimate_out/post_prcessed_with_MFR/Monthly_summaries/net_infiltration_monthly_JAN.asc
NCOLS 700
NROWS 400
XLLCENTER 515000.000000
YLLCENTER 8409000.000000
CELLSIZE 50.000000
NODATA_value -999.000000
[rows 74 to 110 of 400, columns 332 to 414 of 700]
0.00 0.00 0.00 0.00 0.00 0.00 0.00 0.00 0.00 0.00 0.00 0.00 0.00 0.00 0.00 0.00 0.00 0.00 0.00 0.00 0.00 0.00 0.00 0.00 0.00 0.00 0.00 0.00 0.00 0.00 0.00 0.00 0.00 0.00 0.00 0.00 0.00 0.00 0.00 0.00 0.00 0.00 0.00 0.00 0.00 0.00 0.00 0.00 0.00 0.00 0.00 0.00 0.00 0.00 0.00 0.00 0.00 0.00 0.00 0.00 0.00 0.00 0.00 8.37 9.18 9.17 8.23 8.22 8.13 8.12 8.11 8.09 8.24 9.68 9.75 9.73 0.00 0.00 0.00 0.00 0.00 0.00 0.00
0.00 0.00 0.00 0.00 0.00 0.00 0.00 0.00 0.00 0.00 0.00 0.00 0.00 0.00 0.00 0.00 0.00 0.00 0.00 0.00 0.00 0.00 0.00 0.00 0.00 0.00 0.00 0.00 0.00 0.00 0.00 0.00 0.00 0.00 0.00 0.00 0.00 0.00 0.00 0.00 0.00 0.00 0.00 0.00 0.00 0.00 0.00 0.00 0.00 0.00 0.00 0.00 0.00 0.00 0.00 0.00 0.00 0.00 0.00 0.00 0.00 0.00 8.47 9.40 10.35 8.34 8.32 8.31 8.22 8.21 8.20 8.18 8.34 9.91 8.32 0.44 0.00 0.00 0.00 0.00 0.00 0.00 0.00
0.00 0.00 0.00 0.00 0.00 0.00 0.00 0.00 0.00 0.00 0.00 0.00 0.00 0.00 0.00 0.00 0.00 0.00 0.00 0.00 0.00 0.00 0.00 0.00 0.00 0.00 0.00 0.00 0.00 0.00 0.00 0.00 0.00 0.00 0.00 0.00 0.00 0.00 0.00 0.00 0.00 0.00 0.00 0.00 0.00 0.00 0.00 0.00 0.00 0.00 0.00 0.00 5.16 8.33 0.00 0.00 0.00 0.00 0.00 0.00 0.00 9.75 9.36 8.40 8.40 8.39 9.87 9.86 8.56 10.09 10.07 10.49 12.82 4.49 8.43 0.00 0.00 0.00 0.00 0.00 0.00 0.00 0.00
0.00 0.00 0.00 0.00 0.00 0.00 0.00 0.00 0.00 0.00 0.00 0.00 0.00 0.00 0.00 0.00 0.00 0.00 0.00 0.00 0.00 0.00 0.00 0.00 0.00 0.00 0.00 0.00 0.00 0.00 0.00 0.00 0.00 0.00 0.00 0.00 0.00 0.00 0.00 0.00 0.00 0.00 0.00 0.00 0.00 0.00 0.00 0.00 0.00 0.00 0.00 0.00 6.45 8.80 8.80 0.00 0.00 0.00 8.68 8.68 8.52 8.52 9.90 8.50 8.50 9.92 9.90 9.88 9.86 9.84 9.82 2.76 4.97 9.48 0.00 0.00 0.00 0.00 0.00 0.00 0.00 0.00 0.00
0.00 0.00 0.00 0.00 0.00 0.00 0.00 0.00 0.00 0.00 0.00 0.00 0.00 0.00 0.00 0.00 0.00 0.00 0.00 0.00 0.00 0.00 0.00 0.00 0.00 0.00 0.00 0.00 0.00 0.00 0.00 0.00 0.00 0.00 0.00 0.00 0.00 0.00 0.00 0.00 0.00 0.00 0.00 0.00 0.00 0.00 0.00 0.00 0.00 0.00 0.00 0.00 8.90 8.91 8.91 8.91 8.79 8.79 8.79 8.78 8.63 9.48 9.60 8.60 8.60 10.06 10.04 10.03 10.01 4.99 4.98 4.97 11.89 0.00 0.00 0.00 0.00 0.00 0.00 0.00 0.00 0.00 0.00
0.00 0.00 0.00 0.00 0.00 0.00 0.00 0.00 0.00 0.00 0.00 0.00 0.00 0.00 0.00 0.00 0.00 0.00 0.00 0.00 0.00 0.00 0.00 0.00 0.00 0.00 0.00 0.00 0.00 0.00 0.00 0.00 0.00 0.00 0.00 0.00 0.00 0.00 0.00 0.00 0.00 0.00 0.00 0.00 0.00 0.00 0.00 0.00 0.00 0.00 0.00 5.24 9.01 9.01 9.02 9.01 8.90 8.90 8.90 8.89 8.73 8.61 8.71 8.70 9.49 9.54 10.20 10.18 10.16 5.77 5.75 8.48 0.00 0.00 0.00 0.00 0.00 0.00 0.00 0.00 0.00 0.00 0.00
0.00 0.00 0.00 0.00 0.00 0.00 0.00 0.00 0.00 0.00 0.00 0.00 0.00 0.00 0.00 0.00 0.00 0.00 0.00 0.00 0.00 0.00 0.00 0.00 0.00 0.00 0.00 0.00 0.00 0.00 0.00 0.00 0.00 0.00 0.00 0.00 0.00 0.00 0.00 0.00 0.00 0.00 0.00 0.00 0.00 0.00 0.00 0.00 0.00 0.00 0.00 9.07 8.90 8.90 8.90 8.90 8.85 8.85 8.84 8.84 8.92 8.91 8.90 8.89 9.65 9.63 9.35 10.78 11.20 8.25 4.51 0.00 0.00 0.00 0.00 0.00 0.00 0.00 0.00 0.00 0.00 0.00 0.00
0.00 0.00 0.00 0.00 0.00 0.00 0.00 0.00 0.00 0.00 0.00 0.00 0.00 0.00 0.00 0.00 0.00 0.00 0.00 0.00 0.00 0.00 0.00 0.00 0.00 0.00 0.00 0.00 0.00 0.00 0.00 0.00 0.00 0.00 0.00 0.00 0.00 0.00 0.00 0.00 0.00 0.00 5.13 0.00 0.00 0.00 0.00 0.00 0.00 0.00 0.00 9.18 9.01 9.01 9.01 9.01 8.96 9.87 8.95 8.94 9.70 9.23 9.01 9.00 9.04 9.03 9.46 10.93 4.66 7.84 0.00 0.00 0.00 0.00 0.00 0.00 0.00 0.00 0.00 0.00 0.00 0.00 0.00
0.00 0.00 0.00 0.00 0.00 0.00 0.00 0.00 0.00 0.00 0.00 0.00 0.00 0.00 0.00 0.00 0.00 0.00 0.00 0.00 0.00 0.00 0.00 0.00 0.00 0.00 0.00 0.00 0.00 0.00 0.00 0.00 0.00 0.00 0.00 0.00 0.00 0.00 0.00 0.00 0.00 7.74 7.75 7.77 7.79 0.00 0.00 0.00 0.00 0.00 0.00 9.29 9.12 9.12 9.12 9.12 8.90 8.89 8.89 8.88 9.03 9.02 8.95 8.93 9.15 9.14 10.41 10.64 13.25 0.00 0.00 0.00 0.00 0.00 0.00 0.00 0.00 0.00 0.00 0.00 0.00 0.00 0.00
0.00 0.00 0.00 0.00 0.00 0.00 0.00 0.00 0.00 0.00 0.00 0.00 0.00 0.00 0.00 0.00 0.00 0.00 0.00 0.00 0.00 0.00 0.00 0.00 0.00 0.00 0.00 0.00 0.00 0.00 0.00 0.00 0.00 0.00 0.00 0.00 0.00 0.00 0.00 0.00 7.81 7.83 7.84 7.85 9.07 10.44 10.46 7.35 5.60 9.39 9.40 9.41 9.23 9.23 9.23 9.23 9.01 9.00 9.00 8.99 9.07 9.06 9.05 9.04 11.19 10.60 10.58 9.32 12.94 0.00 0.00 0.00 0.00 0.00 0.00 0.00 0.00 0.00 0.00 0.00 0.00 0.00 0.00
0.00 0.00 0.00 0.00 0.00 0.00 0.00 0.00 0.00 0.00 0.00 0.00 0.00 0.00 0.00 0.00 0.00 0.00 0.00 0.00 0.00 0.00 0.00 0.00 0.00 0.00 0.00 0.00 0.00 0.00 0.00 0.00 0.00 0.00 0.00 0.00 0.00 0.00 6.02 7.91 7.87 7.89 7.90 7.91 7.94 11.59 10.56 10.57 7.92 9.35 9.35 10.53 9.16 9.16 9.16 9.16 9.20 9.20 9.19 9.18 9.47 9.46 9.45 9.43 11.56 10.77 10.64 4.78 22.49 0.00 0.00 0.00 0.00 0.00 0.00 0.00 0.00 0.00 0.00 0.00 0.00 0.00 0.00
0.00 0.00 0.00 0.00 0.00 0.00 0.00 0.00 0.00 0.00 0.00 0.00 0.00 0.00 0.00 0.00 0.00 0.00 0.00 0.00 0.00 0.00 0.00 0.00 0.00 0.00 0.00 0.00 0.00 0.00 0.00 0.00 0.00 0.00 0.00 0.00 0.00 7.96 7.98 8.00 7.96 7.98 7.99 8.00 8.03 10.68 10.69 10.70 8.01 9.24 9.46 9.47 9.27 9.27 9.27 9.27 9.31 9.30 9.30 9.29 11.63 11.61 11.59 11.23 11.21 10.38 10.36 5.71 3.63 0.00 0.00 0.00 0.00 0.00 0.00 0.00 0.00 0.00 0.00 0.00 0.00 0.00 0.00
0.00 0.00 0.00 0.00 0.00 0.00 0.00 0.00 0.00 0.00 0.00 0.00 0.00 0.00 0.00 0.00 0.00 0.00 0.00 0.00 0.00 0.00 0.00 0.00 0.00 0.00 0.00 0.00 0.00 0.00 0.00 0.00 0.00 0.00 0.00 0.00 0.00 9.27 8.07 8.09 8.05 8.07 9.32 8.09 8.12 10.81 10.83 13.36 8.10 8.10 8.10 9.58 9.38 11.16 9.38 9.38 9.42 9.41 9.41 9.40 11.78 11.76 11.42 11.15 10.55 9.72 5.14 8.93 0.00 0.00 0.00 0.00 0.00 0.00 0.00 0.00 0.00 0.00 0.00 0.00 0.00 0.00 9.96
0.00 0.00 0.00 0.00 0.00 0.00 0.00 0.00 0.00 0.00 0.00 0.00 0.00 0.00 0.00 0.00 0.00 0.00 0.00 0.00 0.00 0.00 0.00 0.00 0.00 0.00 0.00 0.00 0.00 0.00 0.00 0.00 0.00 0.00 0.00 0.00 0.00 8.14 8.16 8.18 8.14 8.15 8.17 8.18 8.21 9.46 10.96 10.97 8.18 8.19 8.19 8.19 9.49 10.93 9.49 9.76 9.53 9.52 9.51 9.51 9.79 11.61 11.59 11.32 11.54 10.69 10.15 8.53 0.00 0.00 0.00 0.00 0.00 0.00 0.00 0.00 0.00 0.00 0.00 0.00 0.00 10.13 9.30
0.00 0.00 0.00 0.00 0.00 0.00 0.00 0.00 0.00 0.00 0.00 0.00 0.00 0.00 0.00 0.00 0.00 0.00 0.00 0.00 0.00 0.00 0.00 0.00 0.00 0.00 0.00 0.00 0.00 0.00 0.00 0.00 0.00 0.00 0.00 0.00 0.00 0.00 8.33 8.35 8.27 8.29 8.30 8.31 8.25 8.26 11.03 11.04 10.93 8.21 8.22 9.32 8.50 9.94 9.93 9.73 9.77 9.77 9.76 9.75 9.89 9.88 11.76 11.49 11.91 14.51 9.72 8.56 0.00 0.00 0.00 0.00 0.00 0.00 0.00 0.00 0.00 0.00 0.00 0.00 10.28 9.46 9.42
0.00 0.00 0.00 0.00 0.00 0.00 0.00 0.00 0.00 0.00 0.00 0.00 0.00 0.00 0.00 0.00 0.00 0.00 0.00 0.00 0.00 0.00 0.00 0.00 0.00 0.00 0.00 0.00 0.00 0.00 0.00 0.00 0.00 0.00 0.00 0.00 0.00 0.00 0.00 8.44 8.36 8.37 8.39 8.40 8.34 8.35 8.36 9.64 11.07 8.30 9.42 9.43 9.43 10.28 9.84 9.84 9.88 9.87 9.86 9.85 9.99 12.36 12.37 12.34 10.14 12.34 10.20 10.37 7.26 0.00 0.00 0.00 0.00 0.00 0.00 0.00 0.00 0.00 0.00 8.25 10.62 9.55 9.51
0.00 0.00 0.00 0.00 0.00 0.00 0.00 0.00 0.00 0.00 0.00 0.00 0.00 0.00 0.00 0.00 0.00 0.00 0.00 0.00 0.00 0.00 0.00 0.00 0.00 0.00 0.00 5.42 0.00 0.00 0.00 0.00 0.00 0.00 0.00 0.00 0.00 0.00 0.00 9.78 8.44 8.46 9.75 8.49 8.43 8.44 8.44 8.45 8.38 8.38 10.99 9.53 8.40 10.40 8.39 9.80 9.99 12.35 12.34 15.95 16.15 16.14 16.16 14.36 13.90 14.15 5.72 5.45 3.51 7.74 7.28 8.57 0.00 0.00 0.00 0.00 12.07 7.08 12.00 9.80 9.67 9.64 9.60
0.00 0.00 0.00 0.00 0.00 0.00 0.00 0.00 0.00 0.00 0.00 0.00 0.00 0.00 0.00 0.00 0.00 0.00 0.00 0.00 0.00 0.00 0.00 0.00 0.00 0.00 0.00 8.25 8.27 8.31 0.00 0.00 0.00 0.00 0.00 0.00 0.00 0.00 0.00 0.00 8.53 8.55 8.56 8.57 8.51 8.52 8.53 10.47 8.47 8.47 8.47 8.47 8.48 8.48 8.48 8.48 12.51 16.13 16.11 13.29 13.47 10.19 12.25 3.30 10.22 10.20 10.18 13.90 7.34 8.21 9.98 7.64 11.06 10.58 15.45 12.65 15.31 10.82 10.77 10.19 9.76 9.72 9.68
0.00 0.00 0.00 0.00 0.00 0.00 0.00 0.00 0.00 0.00 0.00 0.00 0.00 0.00 0.00 0.00 0.00 0.00 0.00 0.00 0.00 0.00 0.00 0.00 0.00 0.00 0.00 8.34 8.37 8.40 8.43 0.00 0.00 0.00 0.00 0.00 0.00 0.00 0.00 0.00 8.65 8.67 8.68 8.70 8.57 8.58 8.59 9.91 9.90 8.59 8.60 8.60 8.68 8.68 8.68 8.67 8.73 13.40 10.20 10.19 10.30 10.28 10.27 12.15 11.92 11.45 9.58 12.26 11.34 4.18 12.13 12.93 10.73 4.07 11.38 11.39 12.72 4.69 12.17 10.50 11.25 9.74 11.12
0.00 0.00 0.00 0.00 0.00 0.00 0.00 0.00 0.00 0.00 0.00 0.00 0.00 0.00 0.00 0.00 0.00 0.00 0.00 0.00 0.00 0.00 0.00 0.00 0.00 0.00 0.00 8.42 8.45 8.48 8.51 9.82 0.00 0.00 0.00 0.00 0.00 0.00 0.00 0.00 0.00 8.76 8.77 8.78 8.66 8.67 8.67 8.68 8.67 8.68 8.68 9.98 8.76 11.03 8.76 11.03 8.81 8.80 10.30 10.29 10.40 10.38 10.55 12.31 12.51 13.50 15.73 7.65 12.57 10.06 13.18 12.27 10.62 11.91 12.99 12.50 12.80 10.55 11.48 9.23 10.93 11.29 12.26
0.00 0.00 0.00 0.00 0.00 0.00 0.00 0.00 0.00 0.00 0.00 0.00 0.00 0.00 0.00 0.00 0.00 0.00 0.00 0.00 0.00 0.00 0.00 0.00 0.00 0.00 9.74 8.50 8.53 8.56 8.60 8.63 8.70 0.00 0.00 0.00 0.00 0.00 0.00 0.00 0.00 8.84 8.85 8.87 8.74 8.75 8.76 8.76 10.10 8.76 8.76 8.76 8.85 8.84 10.19 8.84 8.89 8.88 8.87 10.38 10.49 10.48 12.72 12.47 13.29 10.46 14.39 10.41 11.61 10.18 16.13 12.16 10.27 12.30 12.25 11.27 14.85 14.82 14.79 15.58 16.73 12.25 12.19
0.00 0.00 0.00 0.00 0.00 0.00 0.00 0.00 0.00 0.00 0.00 0.00 0.00 0.00 0.00 0.00 0.00 0.00 0.00 0.00 0.00 0.00 0.00 0.00 0.00 0.00 11.13 8.59 8.61 8.65 8.68 8.71 10.09 8.81 0.00 0.00 0.00 0.00 0.00 0.00 8.91 8.93 8.94 8.95 10.15 8.83 8.84 8.85 10.20 8.84 8.84 8.84 8.92 8.92 8.92 8.91 8.97 8.96 8.95 8.93 10.59 13.20 12.88 12.63 19.39 10.55 10.53 10.51 11.75 12.63 16.00 11.68 10.43 12.44 12.39 10.21 11.35 11.29 12.32 12.09 15.65 11.96 12.30
0.00 0.00 0.00 0.00 0.00 0.00 0.00 0.00 0.00 0.00 0.00 0.00 0.00 0.00 0.00 0.00 0.00 0.00 0.00 0.00 9.69 0.00 11.01 9.78 9.81 9.86 9.91 9.95 8.66 8.69 8.72 8.75 8.84 8.87 8.90 0.00 0.00 0.00 0.00 0.00 8.97 8.99 9.00 9.01 8.94 8.95 8.96 8.97 8.97 8.98 8.98 8.98 8.99 8.98 8.98 8.97 9.02 9.01 9.00 8.99 9.09 12.28 13.03 12.78 7.96 10.59 11.95 10.54 11.88 12.78 13.03 10.43 10.46 12.99 12.53 13.16 11.47 11.42 11.36 11.99 15.55 10.61 10.55
0.00 0.00 0.00 0.00 0.00 0.00 0.00 0.00 0.00 0.00 0.00 0.00 9.26 9.32 0.00 0.00 0.00 9.57 9.63 10.91 9.73 9.78 9.83 11.17 9.91 9.96 10.01 10.05 8.74 10.76 8.80 8.83 8.93 8.95 8.98 9.01 9.07 9.09 9.11 9.12 9.05 9.07 9.08 9.09 9.02 9.03 9.04 9.04 9.05 9.05 9.05 10.41 11.11 9.06 9.05 9.05 9.09 9.08 9.07 9.06 9.17 12.39 12.71 17.91 10.70 10.67 12.08 10.81 12.35 13.44 10.54 10.51 10.55 15.74 12.67 13.31 12.55 11.53 12.42 12.35 12.28 15.84 12.63
0.00 0.00 0.00 0.00 0.00 0.00 0.00 0.00 0.00 0.00 0.00 9.31 9.35 9.41 9.47 9.53 9.60 9.66 9.72 10.98 9.82 9.87 9.93 9.98 11.32 11.37 10.10 10.15 8.81 10.20 8.88 8.91 10.35 9.03 9.06 9.08 9.15 9.17 9.18 10.60 9.13 9.14 9.16 9.17 9.09 9.10 10.47 9.11 9.12 9.13 10.49 9.12 10.52 9.13 9.13 9.12 9.16 9.15 9.14 9.13 10.61 15.49 12.87 9.20 10.78 10.76 12.29 12.25 11.19 13.32 18.28 10.59 10.63 15.91 12.80 12.74 12.68 12.61 12.55 12.48 12.18 15.73 13.21
0.00 0.00 0.00 0.00 0.00 0.00 0.00 0.00 0.00 0.00 0.00 0.00 9.43 9.50 9.56 9.62 10.84 10.94 9.76 9.81 11.21 9.97 10.02 10.07 10.10 11.48 10.20 10.25 11.77 8.92 8.96 8.99 9.08 9.11 9.14 9.16 9.22 9.24 9.26 9.28 9.20 9.22 9.23 10.58 10.52 9.17 9.18 9.19 9.19 9.20 10.59 9.19 9.20 9.20 9.19 9.19 9.23 9.22 9.21 9.20 9.31 12.61 12.79 9.26 9.24 10.84 10.82 10.79 10.77 10.74 13.96 10.67 10.71 12.03 12.93 12.65 12.58 12.74 12.67 13.04 12.53 12.22 12.15
0.00 0.00 0.00 0.00 0.00 0.00 0.00 0.00 0.00 0.00 0.00 0.00 10.62 9.56 9.62 9.68 9.70 9.70 9.76 11.10 9.94 11.31 10.05 10.11 10.17 11.53 10.27 10.32 10.34 8.97 10.38 9.04 9.09 9.11 9.14 9.16 10.59 10.62 9.24 9.25 9.24 9.25 9.26 12.24 9.27 9.28 9.28 9.29 9.27 9.27 9.27 9.27 9.24 9.23 9.23 9.22 9.29 9.28 9.27 9.26 9.33 9.32 9.31 9.29 9.25 9.23 10.82 10.80 10.81 12.31 12.25 10.72 10.78 10.75 13.05 13.55 12.70 13.91 13.23 10.55 12.64 14.10 12.26
0.00 0.00 0.00 0.00 0.00 0.00 0.00 0.00 0.00 0.00 0.00 0.00 9.58 9.64 9.71 9.71 9.73 9.79 9.85 9.91 10.03 10.09 11.46 10.20 10.27 11.26 10.37 10.42 10.44 9.05 9.08 9.11 9.16 9.19 9.22 9.24 9.27 9.29 9.31 9.33 9.31 9.32 9.33 9.34 10.75 9.34 10.76 9.35 9.33 9.33 9.33 9.33 9.30 9.29 9.29 9.28 9.35 10.76 9.33 9.32 9.40 9.38 10.77 9.35 9.31 9.29 9.27 10.87 10.88 10.85 10.82 10.79 10.86 10.82 13.17 13.11 13.04 12.97 12.90 10.62 13.17 12.68 12.60
0.00 0.00 0.00 0.00 0.00 0.00 0.00 0.00 0.00 0.00 0.00 0.00 10.87 11.16 11.00 9.80 9.81 9.87 9.93 9.99 10.12 10.18 10.24 10.29 10.36 10.41 11.45 10.51 10.53 10.58 9.15 10.57 9.23 9.26 9.29 10.71 11.44 9.36 9.38 9.39 10.80 9.39 9.40 9.41 9.40 9.41 9.41 9.41 9.39 9.39 9.39 9.39 9.36 9.35 9.34 9.34 9.41 9.40 9.38 9.37 9.45 9.44 12.43 9.41 9.36 9.34 9.32 9.30 10.95 10.92 10.89 10.85 10.92 10.89 16.38 13.62 13.15 13.08 13.75 13.56 10.62 13.19 13.35
0.00 0.00 0.00 0.00 0.00 0.00 0.00 0.00 0.00 0.00 0.00 9.76 9.69 9.75 11.11 11.14 9.90 9.96 10.02 10.08 10.21 10.27 10.33 12.26 10.45 10.50 10.56 10.61 10.63 10.67 9.22 9.25 9.30 9.33 9.35 9.38 10.82 11.95 9.44 9.46 9.44 9.45 9.46 11.96 9.46 9.47 9.47 9.47 9.45 9.45 9.45 9.45 10.82 9.41 9.40 9.39 9.46 9.45 9.44 9.42 9.50 10.91 10.88 9.46 9.42 9.40 9.38 9.35 9.36 10.98 10.95 10.92 10.99 10.95 10.91 13.62 13.63 13.18 13.11 13.66 10.68 10.63 13.44
0.00 0.00 0.00 0.00 0.00 0.00 0.00 0.00 0.00 0.00 9.77 9.84 9.74 9.80 9.87 9.93 11.25 10.00 10.06 10.12 10.24 10.30 10.36 11.37 10.50 10.55 10.60 10.66 10.70 10.75 9.28 9.31 9.34 9.37 9.39 9.41 10.86 9.45 11.58 10.91 9.47 9.49 9.49 9.50 9.51 9.51 9.51 9.52 9.48 9.48 10.90 10.89 10.87 9.44 9.43 9.42 9.51 9.50 9.48 9.47 9.49 9.48 9.47 9.45 9.40 9.39 9.37 9.34 9.36 9.34 14.44 10.91 10.97 10.93 12.42 10.85 10.86 10.82 13.20 13.72 13.61 10.59 12.00
0.00 0.00 0.00 0.00 0.00 0.00 0.00 0.00 0.00 5.87 9.85 9.92 9.82 9.88 9.95 10.01 10.01 10.08 10.14 10.21 11.25 10.39 10.44 11.48 11.57 10.64 10.69 11.92 11.22 10.84 10.88 9.38 9.41 9.43 9.45 9.48 9.50 9.51 9.53 9.54 9.53 9.54 9.55 9.55 9.56 9.56 9.56 9.57 9.53 9.52 9.52 9.52 9.49 9.49 9.48 9.47 9.55 9.54 9.53 9.52 10.96 9.53 10.93 9.49 9.45 9.43 11.75 9.39 9.41 9.38 9.36 10.97 11.02 10.99 10.95 12.44 10.91 10.87 8.16 16.98 16.00 10.64 10.59
0.00 0.00 0.00 0.00 0.00 0.00 0.00 0.00 0.00 5.93 11.22 9.99 9.89 11.26 10.02 10.09 10.09 10.16 10.22 10.29 10.41 10.47 10.53 10.59 10.67 11.18 10.78 10.83 10.88 10.92 10.96 9.44 14.81 9.49 9.51 12.04 10.99 9.57 9.58 9.59 9.58 9.59 9.59 9.60 9.61 9.61 9.61 9.61 9.57 11.00 9.56 9.56 9.53 9.52 9.51 9.50 11.00 9.58 9.57 9.55 9.58 9.56 9.55 9.53 9.49 9.47 11.93 12.42 9.44 9.42 10.80 9.37 11.07 11.03 10.99 10.95 10.96 10.91 10.87 13.55 13.42 10.69 10.63
0.00 0.00 0.00 0.00 0.00 0.00 0.00 0.00 0.00 9.93 11.31 10.06 9.96 10.03 10.10 10.16 10.17 11.54 10.30 10.37 10.49 10.55 10.61 10.67 10.76 10.81 10.87 10.92 10.96 10.56 10.60 10.63 10.96 9.55 9.57 9.59 9.60 11.06 9.63 9.64 9.63 9.64 9.64 9.64 9.65 9.65 11.09 9.65 9.61 9.60 9.60 9.59 9.57 9.56 9.55 9.54 11.03 9.62 9.60 9.59 9.61 11.02 9.58 9.57 10.93 9.50 9.48 10.86 9.48 9.46 9.43 9.41 9.45 11.08 11.04 11.00 12.50 10.96 13.62 10.87 13.48 10.73 10.68
0.00 0.00 0.00 0.00 0.00 0.00 0.00 0.00 0.00 9.97 10.04 10.11 9.99 10.06 10.13 10.20 10.22 10.29 11.32 10.42 10.53 10.59 10.65 10.71 10.83 10.89 11.37 10.99 10.61 11.62 10.69 10.72 9.57 13.08 9.61 9.63 9.63 9.64 11.10 9.66 9.65 9.65 9.66 9.66 9.66 9.66 11.10 9.66 9.60 9.59 11.03 9.58 9.56 9.56 9.55 9.54 9.60 9.59 9.58 9.56 9.54 9.53 9.51 9.50 9.48 9.46 9.44 9.42 9.44 9.41 10.80 10.77 9.36 9.33 10.93 10.89 10.88 10.83 10.79 10.74 10.65 10.60 10.55
0.00 0.00 0.00 0.00 0.00 0.00 0.00 5.99 0.00 13.70 11.44 10.18 10.06 10.14 10.21 10.27 10.30 10.37 10.43 10.50 10.61 10.67 10.73 10.79 10.91 10.97 10.57 10.62 10.69 11.69 10.76 10.79 9.63 13.08 11.12 9.68 9.68 9.69 12.78 9.70 11.13 9.69 9.69 9.69 11.15 9.70 11.14 9.69 9.63 9.63 9.62 9.61 9.59 9.58 9.58 12.07 9.63 11.06 9.60 11.03 9.57 9.55 9.54 9.52 9.50 9.49 9.47 9.45 9.46 9.44 10.83 9.39 9.39 9.36 9.33 10.93 10.91 10.87 13.31 10.00 9.92 9.88 9.84
0.00 0.00 0.00 0.00 0.00 0.00 0.00 0.00 10.03 10.10 10.17 10.24 10.13 10.20 10.27 10.34 10.37 10.44 10.51 10.57 13.44 10.75 10.81 10.87 10.99 10.60 12.66 10.69 10.76 10.79 11.79 10.86 10.86 9.70 9.71 9.72 9.72 11.19 9.73 11.20 11.17 9.73 9.73 9.73 11.19 9.73 9.72 9.72 9.66 9.65 9.65 11.07 9.62 9.61 9.60 9.59 9.65 9.64 9.62 9.61 9.59 9.58 9.56 9.54 9.52 9.50 9.49 9.47 10.89 9.46 9.44 10.83 9.41 9.39 9.35 9.32 10.15 10.11 10.07 10.03 9.95 9.91 9.87
