New_Model_Runs/2_scn1_noclimate_out/post_prcessed_with_MFR/Monthly_summaries/net_infiltration_monthly_MAY.asc
NCOLS 700
NROWS 400
XLLCENTER 515000.000000
YLLCENTER 8409000.000000
CELLSIZE 50.000000
NODATA_value -999.000000
[rows 185 to 221 of 400, columns 166 to 248 of 700]
7.56 7.57 7.27 7.28 7.28 9.42 0.00 0.00 0.00 0.00 0.00 0.00 7.33 7.33 7.26 7.27 7.28 7.28 7.31 9.45 9.45 9.46 9.48 9.49 7.35 7.35 7.33 7.33 7.33 7.33 7.28 7.28 7.28 7.28 7.67 7.67 7.67 7.67 7.67 7.66 7.66 7.66 7.74 7.73 7.73 7.73 7.30 7.29 7.29 7.29 9.43 9.42 11.37 7.31 7.73 7.73 7.73 8.19 7.70 7.70 7.70 7.70 7.32 0.00 0.00 0.00 0.00 0.00 0.00 0.00 7.41 7.42 8.88 7.44 7.40 7.63 8.43 7.66 7.64 8.47 8.49 8.51 8.55
7.66 7.67 7.35 7.35 9.55 9.90 0.00 0.00 0.00 0.00 0.00 7.40 7.40 7.41 7.36 7.36 7.35 7.36 8.37 7.38 11.66 9.59 10.50 9.62 7.42 7.42 7.40 7.40 7.40 7.41 7.37 7.37 7.37 7.37 7.30 7.30 7.30 7.29 8.23 7.29 7.28 7.28 7.35 7.35 7.35 8.27 7.38 7.38 7.37 7.37 9.55 9.54 10.40 9.53 7.34 7.34 7.34 7.34 7.31 7.31 7.31 7.32 7.39 8.36 0.00 0.00 0.00 0.00 0.00 0.00 9.20 7.47 8.48 7.49 7.45 7.70 8.51 7.73 7.71 8.55 9.58 8.59 8.63
9.42 7.29 7.44 7.45 9.69 10.06 9.78 0.00 0.00 0.00 9.73 7.49 8.49 7.50 7.43 7.44 7.44 7.45 7.47 7.48 9.72 9.73 11.87 8.52 7.51 7.51 7.49 7.49 8.50 7.50 7.44 7.44 7.44 7.44 8.36 8.36 7.38 7.38 7.38 7.37 7.37 7.37 7.42 7.42 7.41 8.38 7.45 7.44 7.44 7.43 8.43 8.45 9.65 9.65 7.42 7.42 7.42 7.42 7.39 7.39 7.39 7.39 7.45 7.45 7.46 0.00 0.00 0.00 0.00 0.00 7.53 7.54 7.55 7.56 7.76 7.78 7.79 7.81 7.79 8.63 8.65 9.70 8.71
9.75 9.76 7.60 7.60 8.25 10.27 10.28 10.29 8.29 10.31 9.86 7.58 7.59 7.59 8.49 8.52 7.53 7.54 7.56 7.56 9.84 10.76 7.59 7.59 7.60 7.60 7.58 7.58 7.59 7.59 7.53 7.53 7.53 7.53 7.46 7.46 7.46 7.46 7.45 7.45 7.44 7.44 7.48 7.48 7.47 7.47 7.51 7.50 7.50 7.49 7.54 7.54 7.53 9.76 7.51 7.50 7.50 7.50 7.45 7.45 7.45 7.45 7.50 7.50 7.50 0.00 0.00 0.00 0.00 7.59 7.58 7.59 7.60 7.61 7.84 7.85 8.67 7.88 7.84 7.86 8.72 8.74 8.73
9.89 9.90 10.04 10.05 8.38 10.42 10.43 10.08 11.07 10.10 10.00 10.01 10.01 7.68 7.61 7.62 7.62 7.63 7.65 7.65 7.65 12.14 9.48 7.68 7.69 7.69 7.67 8.71 8.71 8.69 7.62 7.62 7.61 7.61 7.55 7.55 7.54 7.54 7.54 8.54 7.53 7.52 7.57 7.56 8.57 7.55 7.59 7.58 7.58 7.57 7.62 8.63 7.61 9.88 7.59 7.58 7.58 7.58 7.53 7.53 7.53 7.53 7.57 8.58 7.58 0.00 0.00 0.00 0.00 7.66 7.66 7.66 7.67 7.68 7.91 7.93 7.94 7.95 7.92 7.93 8.80 8.82 8.81
10.02 10.03 10.18 10.19 8.51 8.52 8.53 10.22 11.22 10.23 10.13 10.14 7.77 7.77 8.72 7.71 7.71 7.72 7.73 7.74 7.74 7.74 7.77 9.96 8.80 7.78 7.76 7.76 7.76 8.78 7.70 7.70 7.70 7.70 8.64 7.63 7.63 7.63 7.62 7.62 7.61 7.61 7.65 7.64 7.64 7.63 7.67 7.67 7.66 7.65 7.70 7.70 7.69 10.00 7.66 7.66 7.66 8.64 7.61 7.61 7.60 7.60 7.65 7.65 7.65 9.94 10.02 10.03 10.49 7.73 7.72 7.73 7.74 8.01 7.99 8.00 8.01 8.02 7.99 8.00 8.02 8.89 8.89
10.16 10.17 10.31 10.32 11.32 10.73 10.34 10.35 10.36 10.37 10.26 7.85 7.86 7.86 7.79 8.82 7.80 7.81 7.82 8.88 7.83 7.83 7.86 7.86 7.86 7.86 7.85 7.85 7.84 7.84 7.78 7.78 7.78 7.78 7.72 9.51 7.71 7.71 7.70 8.71 8.71 7.69 7.73 7.72 7.72 7.71 7.75 7.74 7.74 7.73 7.78 7.78 7.77 10.11 8.75 7.74 7.73 7.73 7.68 7.68 7.68 7.68 7.72 7.72 7.72 7.73 10.12 10.13 10.13 7.79 7.79 7.80 7.81 8.08 8.06 8.07 9.46 8.09 8.86 8.07 9.63 8.97 8.96
10.41 10.42 10.46 11.50 10.48 10.89 10.45 10.46 10.47 10.47 7.91 7.92 7.92 7.93 7.87 8.93 7.88 7.88 7.90 7.91 7.91 7.91 7.94 7.94 7.94 7.94 7.92 7.92 7.92 7.91 8.90 7.87 7.87 7.87 7.81 7.80 7.80 7.80 7.76 8.79 7.75 7.74 7.76 8.77 8.78 7.75 7.82 7.81 7.80 7.80 7.88 7.87 10.26 10.25 9.17 8.86 7.82 9.59 7.73 7.73 7.73 7.73 7.74 8.75 7.74 7.75 7.83 10.20 10.21 10.22 7.87 7.87 8.15 8.16 8.11 8.12 8.96 8.96 8.12 8.13 8.14 9.03 9.02
8.03 10.55 10.60 10.60 8.08 10.62 12.91 8.07 8.07 8.08 8.00 8.01 8.01 8.02 7.95 7.96 7.96 7.97 7.99 7.99 7.99 8.00 8.02 8.02 8.02 8.02 8.00 8.00 8.00 8.00 7.95 7.95 7.95 7.95 7.89 7.88 7.88 7.88 7.84 7.83 7.83 7.82 7.84 7.84 7.83 7.82 7.89 7.89 7.88 7.87 7.96 7.95 7.94 7.94 10.49 7.90 7.89 7.89 7.80 7.80 7.80 7.80 9.61 7.81 7.81 7.82 7.90 7.90 10.31 10.32 7.93 7.94 9.04 8.23 8.18 8.19 8.20 8.21 8.18 9.02 8.21 8.22 9.08
8.12 8.13 13.02 8.16 8.17 8.17 9.24 8.15 8.16 8.16 8.09 8.09 8.10 8.11 8.04 8.04 8.05 8.05 8.07 10.60 8.08 8.08 8.10 9.19 8.10 8.10 8.08 8.08 8.08 8.07 8.03 9.10 9.10 8.02 7.96 7.96 7.96 7.95 7.91 9.76 7.90 7.90 7.92 8.96 7.91 7.90 7.97 7.96 7.96 7.95 8.03 8.03 8.02 9.06 9.83 9.81 7.96 7.96 7.87 7.87 7.87 7.87 7.88 7.88 7.88 7.88 7.97 7.97 10.41 10.41 8.00 8.00 8.29 8.30 8.24 8.25 8.26 8.27 8.25 8.26 9.09 8.28 9.15
8.21 8.21 8.24 8.25 8.25 8.26 8.24 9.33 8.25 8.25 8.17 8.18 8.19 8.19 8.12 8.13 8.13 8.13 8.16 8.16 8.16 8.16 8.18 8.18 8.18 8.18 8.16 8.16 8.15 8.15 8.11 8.11 8.10 8.10 8.04 9.86 8.03 8.03 7.99 7.98 7.98 7.97 9.84 9.04 7.98 7.97 8.05 8.04 8.03 8.02 8.11 8.10 8.09 8.08 8.05 8.04 8.04 8.03 7.94 7.94 7.94 7.93 7.95 7.95 7.95 7.95 8.03 8.04 10.50 10.51 14.53 8.19 8.20 8.21 8.15 8.16 8.17 8.18 8.15 8.16 8.17 8.18 8.16
8.31 10.26 8.30 8.30 8.31 8.31 8.30 8.30 8.31 8.31 8.25 8.26 8.26 8.27 8.20 8.20 8.21 8.21 9.32 9.32 8.22 8.22 8.25 8.25 8.25 9.35 8.22 8.21 8.21 8.21 8.16 8.16 8.16 8.15 8.09 8.08 8.08 8.07 8.03 8.02 8.02 8.01 8.06 8.05 8.05 8.04 8.13 8.13 8.12 9.17 8.18 8.17 8.16 8.15 8.10 8.09 9.14 8.08 7.99 7.99 7.98 7.98 8.03 8.02 8.02 8.02 8.13 8.13 10.64 10.65 16.00 9.35 8.29 8.30 8.23 8.23 8.24 8.25 8.20 8.20 8.21 8.22 9.27
8.39 8.40 8.38 8.39 8.39 8.40 8.38 8.39 8.39 8.40 9.41 8.34 8.34 8.35 8.28 8.28 8.29 8.29 8.30 8.30 8.30 8.30 8.33 8.33 8.33 8.33 9.40 8.29 8.29 8.29 8.24 8.23 8.23 8.23 8.16 8.16 8.15 8.15 8.10 8.09 8.09 8.08 9.21 8.12 8.12 8.11 8.20 8.20 8.19 8.18 8.25 8.24 8.23 8.23 8.17 8.16 8.16 8.15 8.06 8.05 8.05 8.04 8.09 8.09 8.09 8.09 8.19 8.19 10.74 10.74 8.21 8.35 8.35 9.41 9.35 8.29 8.30 8.31 8.25 8.26 8.27 8.28 8.27
8.47 8.48 8.46 8.47 8.47 8.48 8.46 8.47 8.47 8.47 8.41 8.42 8.42 9.51 8.35 8.36 8.36 8.36 8.37 8.37 8.37 8.37 8.40 10.34 8.40 8.40 8.37 8.36 8.36 8.36 8.31 9.41 9.41 8.30 8.23 9.32 8.22 9.31 8.17 8.16 8.16 8.15 8.20 8.19 8.18 8.18 8.27 8.26 8.26 8.25 8.32 8.31 8.30 8.29 8.24 8.23 8.22 8.22 8.13 8.12 8.11 8.11 8.16 8.15 8.15 8.15 8.26 8.25 10.83 14.09 8.40 8.41 8.41 8.42 8.34 8.35 8.35 8.36 8.31 8.31 8.32 8.33 8.32
8.51 8.52 8.50 9.67 8.51 8.52 8.54 8.54 8.51 8.51 8.49 8.49 9.66 9.59 8.43 8.43 8.43 8.43 10.40 8.45 8.44 8.44 8.47 8.47 9.59 8.47 9.55 8.44 8.43 8.43 8.38 9.48 8.37 8.37 8.30 8.30 8.29 8.28 8.24 8.23 8.22 8.22 8.26 8.26 8.25 8.24 8.34 8.33 8.32 8.32 8.39 8.38 8.37 8.36 9.40 9.38 8.29 8.28 8.19 8.18 8.18 8.17 8.22 8.21 8.21 8.21 8.31 8.31 8.31 8.32 8.46 8.47 8.47 8.47 8.40 8.40 8.41 8.41 8.36 8.36 8.37 8.38 8.37
9.73 8.55 8.53 8.54 8.54 8.54 8.55 8.56 9.72 8.57 8.52 8.52 8.53 8.53 8.50 8.50 8.50 8.50 9.67 8.50 8.50 8.50 8.51 8.51 8.51 10.87 8.48 8.47 8.47 8.47 8.39 9.51 8.39 8.38 8.31 9.95 8.30 8.30 9.45 8.34 8.33 8.32 8.41 8.40 8.40 8.39 8.45 8.44 8.43 8.43 8.46 8.45 8.44 8.43 8.36 8.36 8.35 8.34 8.25 8.24 8.24 8.23 8.32 8.32 8.32 8.31 8.41 8.41 8.41 8.41 8.54 9.62 8.55 8.55 8.48 8.48 8.49 8.49 8.43 8.43 8.44 8.45 8.42
8.62 8.63 8.60 8.61 8.61 8.62 8.63 8.63 8.63 11.02 10.19 8.59 8.60 8.60 9.69 8.53 8.53 8.53 8.53 8.53 9.65 8.57 8.54 8.54 8.54 9.71 9.66 8.55 8.54 8.54 8.46 8.46 8.46 8.45 8.38 8.38 9.48 8.36 8.41 8.41 8.40 8.39 8.48 8.47 8.46 8.45 8.51 8.50 8.50 8.49 8.52 8.51 8.50 8.50 8.43 8.42 8.41 9.47 8.31 8.30 8.29 8.29 8.38 8.38 8.37 9.47 8.47 8.46 8.46 9.70 8.60 8.60 9.67 9.65 9.06 9.60 8.54 8.54 8.47 8.48 8.48 8.49 8.46
8.69 8.70 9.87 8.68 8.68 8.69 8.70 8.70 8.70 8.71 8.66 8.67 8.67 8.67 8.60 8.60 8.60 8.60 9.78 8.60 8.60 8.60 8.61 8.61 8.61 8.61 8.58 9.68 9.73 8.57 8.53 8.53 8.53 8.52 8.45 8.44 8.44 8.43 8.48 8.47 8.46 8.45 8.54 8.53 8.52 8.51 8.57 8.56 8.55 8.55 8.58 8.57 8.56 9.67 8.48 8.48 9.57 8.46 8.37 8.36 8.35 8.34 8.44 8.43 8.43 8.42 8.52 8.52 8.51 8.66 8.65 8.65 8.65 8.65 8.58 8.58 9.65 9.10 9.59 8.52 8.53 8.53 8.50
8.76 9.60 8.74 8.75 8.75 9.59 8.77 8.77 8.77 8.78 8.73 8.73 8.73 8.74 8.67 8.67 8.67 8.67 8.67 8.67 9.85 8.67 8.68 8.68 9.86 8.68 8.65 8.65 8.64 9.78 8.56 8.56 8.56 8.59 8.52 8.51 8.50 8.50 8.55 8.54 8.53 8.52 8.60 8.59 8.58 8.57 8.59 8.58 8.61 8.60 8.59 8.59 8.62 8.61 8.54 9.64 8.52 8.51 10.32 8.41 8.41 8.40 8.49 8.49 8.48 8.48 8.57 8.57 8.57 8.70 8.70 8.70 8.70 8.70 8.62 9.71 8.62 9.71 8.56 9.63 8.57 9.63 8.54
8.79 8.79 8.75 8.75 8.76 8.76 8.77 8.78 8.78 8.78 8.76 8.76 8.77 8.77 8.72 8.73 8.73 8.73 8.71 8.71 8.71 9.54 8.71 8.71 9.90 8.71 9.88 8.68 9.85 8.68 9.75 8.59 8.58 8.58 8.59 8.58 8.58 8.57 8.70 8.69 8.68 8.67 8.73 8.72 8.71 8.70 8.72 8.71 8.70 8.69 8.67 8.66 8.65 8.65 8.56 8.55 8.54 8.53 8.49 8.48 8.47 8.46 8.60 8.59 8.59 8.58 8.60 8.64 11.03 9.06 8.43 8.72 8.72 8.72 8.64 8.64 8.64 8.64 8.58 9.67 9.66 8.59 8.56
8.56 8.56 8.81 9.73 8.82 8.82 8.54 8.55 8.55 8.55 8.83 8.83 8.83 9.75 9.62 8.79 8.79 8.80 8.77 8.78 8.78 9.61 8.78 8.78 8.78 9.60 8.75 8.75 8.75 8.74 8.65 8.65 8.65 8.64 8.65 8.65 8.64 8.63 8.76 8.75 8.74 8.73 8.79 8.78 8.77 8.76 8.78 8.77 8.76 8.75 8.72 8.71 10.46 8.70 8.61 8.60 8.59 8.58 8.54 8.53 8.52 8.51 8.61 8.60 8.64 8.63 8.65 9.80 8.82 8.81 8.77 8.77 9.06 8.76 8.68 8.68 8.68 8.68 8.62 8.62 9.71 8.62 8.59
8.62 8.62 8.58 8.58 8.59 8.59 9.82 8.61 8.61 8.61 8.59 8.59 8.60 8.60 8.56 9.67 8.56 8.57 8.84 8.84 8.84 8.84 8.84 8.84 8.84 8.84 10.61 8.81 8.81 8.81 9.89 8.71 8.71 8.70 8.72 8.71 8.70 8.69 9.60 9.73 8.80 8.79 9.68 8.84 8.83 8.82 8.84 8.82 8.81 9.62 10.43 9.60 9.95 8.75 8.62 8.61 8.60 8.59 8.59 8.58 8.57 8.56 8.66 8.65 8.64 8.64 8.69 8.69 9.18 8.86 8.82 8.81 8.81 8.80 8.71 8.71 8.71 8.71 8.65 8.65 8.65 8.65 8.62
8.67 8.68 8.63 8.64 8.64 8.65 8.66 8.66 8.67 8.67 8.65 8.65 8.65 8.65 8.62 9.83 8.62 8.62 8.60 8.60 8.61 8.61 8.61 11.03 8.61 8.61 8.58 8.58 8.58 8.58 9.61 8.78 8.77 8.76 8.78 9.60 8.76 8.75 8.58 8.87 8.86 8.85 8.62 8.60 8.59 8.87 8.60 8.88 8.87 8.85 8.83 8.82 8.81 8.80 8.67 8.66 8.65 8.64 8.60 8.62 8.61 8.60 8.70 8.69 8.68 8.68 8.73 7.78 7.77 7.77 8.86 8.85 8.85 8.84 8.44 8.75 8.74 8.41 8.69 8.68 8.68 8.68 8.64
8.71 8.72 8.63 8.64 8.64 8.65 8.64 8.64 8.65 8.65 8.66 9.88 8.66 9.89 8.65 8.65 8.65 8.65 8.63 8.63 8.63 8.63 8.63 11.12 8.63 8.63 8.62 9.83 8.61 8.61 8.58 8.86 8.86 8.30 11.08 8.60 8.60 8.59 8.69 8.68 8.67 8.66 8.71 8.70 8.69 8.68 9.87 8.65 9.84 8.63 9.66 8.80 8.79 8.78 8.66 8.65 8.64 8.63 8.71 8.70 8.69 8.68 8.80 8.79 8.78 8.77 8.75 7.79 8.63 7.78 8.83 8.82 8.81 8.81 8.74 8.74 8.43 8.73 8.71 8.70 8.70 8.70 8.65
10.00 8.77 8.68 8.69 8.69 8.70 8.69 8.70 8.70 10.54 8.71 8.71 8.71 8.71 8.70 8.70 8.70 8.71 8.68 11.18 11.19 11.56 11.57 11.20 8.68 8.68 8.67 8.67 8.66 8.66 8.63 8.62 9.85 10.87 11.17 8.66 8.65 8.64 8.75 8.74 8.73 8.71 8.77 8.75 9.94 9.96 8.72 8.71 8.69 8.68 8.86 8.85 8.84 8.83 8.71 8.70 9.85 8.68 8.76 8.74 8.73 8.72 8.84 8.83 8.82 8.81 8.79 11.43 7.82 7.81 8.86 8.85 8.85 8.84 8.78 8.77 8.47 8.43 8.72 8.40 8.40 8.96 9.76
8.81 8.82 8.73 8.74 8.74 8.75 8.74 9.98 8.75 9.98 8.76 8.76 8.76 10.00 9.98 8.75 9.99 10.81 11.26 11.26 11.64 11.65 15.39 9.97 8.74 8.73 8.72 8.72 9.46 8.72 8.68 8.68 9.89 10.97 8.72 8.71 8.70 8.69 11.33 8.79 8.78 10.00 10.06 8.81 8.79 8.78 8.77 8.76 8.74 8.73 8.62 8.61 8.89 8.87 8.75 8.74 8.73 8.72 8.80 8.79 8.77 8.76 8.88 8.87 10.51 9.67 7.87 7.86 8.71 7.84 7.76 7.75 8.60 8.87 8.81 8.80 8.79 8.79 8.75 8.74 8.74 8.73 8.69
10.09 8.86 8.78 8.78 8.79 8.79 8.79 8.79 8.79 8.80 8.81 8.81 8.81 8.82 8.80 8.80 8.81 9.56 11.33 12.80 12.80 9.04 9.41 8.79 8.79 8.79 10.52 9.18 12.81 12.81 11.74 8.73 8.72 8.72 8.77 8.76 8.75 9.99 8.85 8.84 8.83 8.82 8.87 8.86 8.84 8.83 8.82 8.80 10.00 8.77 8.67 8.65 8.64 8.62 8.79 9.62 8.77 8.76 8.84 8.82 8.81 9.72 9.75 9.82 9.73 8.88 7.90 7.89 7.88 7.87 7.79 8.62 7.77 7.77 8.83 8.82 8.82 8.81 8.77 8.76 8.76 8.75 8.71
8.87 8.88 8.81 8.82 8.82 8.83 8.81 8.81 8.81 8.82 8.82 8.83 8.83 8.83 8.82 11.39 11.40 11.79 11.41 12.05 12.89 13.34 11.82 8.83 8.83 9.40 8.85 12.91 12.91 12.90 11.82 11.14 11.80 11.41 8.86 8.85 8.84 8.84 8.91 8.90 8.89 8.87 8.92 10.14 8.89 8.87 8.82 8.81 8.79 8.77 8.63 8.62 8.90 8.88 8.87 8.86 8.85 8.83 8.65 8.64 8.63 8.91 8.65 8.64 8.92 8.91 7.88 7.87 7.86 7.85 7.78 7.77 7.76 8.89 8.85 8.84 8.83 8.82 8.78 8.77 8.76 8.75 9.76
8.91 10.14 8.85 8.86 8.86 8.87 8.85 8.85 8.86 8.86 8.87 8.87 8.87 8.88 11.45 11.45 11.85 11.86 11.87 16.75 13.86 9.74 13.43 12.99 12.14 8.88 12.51 14.30 12.99 12.99 11.89 11.65 12.32 11.48 8.91 8.90 8.89 8.88 8.96 8.95 8.93 10.17 8.96 8.95 8.93 8.91 8.86 8.85 8.83 8.82 8.67 8.66 8.64 8.63 8.62 8.90 8.88 8.87 8.69 8.68 8.66 8.65 8.68 8.67 8.66 9.23 8.76 7.90 7.89 7.88 7.80 7.79 7.78 7.78 8.87 8.86 8.85 8.84 8.79 8.78 8.77 8.76 9.77
8.95 10.19 8.89 8.90 8.90 8.91 8.89 8.89 8.90 8.90 8.91 8.91 8.91 8.92 11.90 13.71 14.93 13.03 13.04 9.78 10.23 12.77 13.07 13.07 12.21 13.08 13.08 13.08 13.07 13.07 13.07 12.40 12.39 11.54 11.53 8.94 8.93 8.92 9.00 8.99 8.98 8.96 9.00 8.99 8.97 8.96 8.91 8.89 10.10 8.85 8.71 9.90 9.88 8.66 8.65 8.64 8.62 8.90 8.72 8.71 8.69 8.68 8.71 8.70 8.68 11.12 7.93 7.92 7.91 7.90 7.83 7.82 7.81 7.80 7.76 8.88 8.87 8.86 8.81 8.80 8.79 8.78 8.70
8.99 8.99 11.86 11.17 8.94 8.95 8.93 8.93 8.93 8.94 8.94 8.95 8.95 19.04 11.97 9.20 12.62 13.12 15.92 4.82 13.58 13.14 13.24 12.27 13.16 13.15 13.15 13.15 13.15 13.15 13.14 13.13 12.46 11.60 11.59 8.99 8.98 8.97 9.04 9.03 9.02 9.00 9.04 9.03 9.01 9.00 8.94 8.93 8.91 8.89 8.75 8.73 8.71 8.70 8.68 8.67 8.66 8.64 8.75 8.74 8.72 8.71 8.74 8.73 10.31 8.02 7.96 7.95 8.78 7.92 7.85 7.84 8.67 7.81 7.78 7.76 8.89 8.87 8.82 8.81 8.80 8.79 8.70
8.96 8.97 10.71 11.23 8.98 11.95 8.99 11.96 9.00 14.87 11.99 8.99 9.00 12.01 12.02 9.23 10.76 13.62 16.94 8.92 13.65 13.21 13.21 13.22 13.22 13.22 13.22 13.22 13.22 12.94 13.22 13.21 13.20 11.66 9.08 9.07 9.06 9.05 9.09 9.08 9.07 9.06 9.02 9.01 8.99 8.98 8.87 10.08 8.83 8.81 9.99 8.75 8.73 8.72 8.80 8.79 8.77 8.76 8.79 8.77 8.76 8.74 10.79 9.89 7.99 7.98 7.92 7.91 7.89 7.88 8.72 6.03 7.85 7.83 7.80 8.63 7.78 7.77 8.82 8.81 8.80 8.78 8.65
8.99 9.00 9.00 11.97 9.01 12.00 9.02 9.02 12.02 12.03 9.02 9.02 9.03 12.07 12.08 12.09 12.02 9.90 16.56 13.26 13.26 13.27 13.28 13.28 13.29 13.29 13.29 13.29 13.01 13.00 13.00 12.48 12.47 9.09 9.11 9.11 9.10 9.08 9.13 9.12 9.10 9.09 10.31 9.04 9.03 9.01 8.90 8.88 8.87 8.85 8.80 8.78 8.76 8.74 8.83 8.81 8.80 8.78 8.81 8.80 10.00 9.98 9.93 8.70 8.02 8.00 7.94 7.93 7.91 7.90 7.89 7.87 7.86 8.69 7.82 7.80 7.79 7.78 8.83 8.90 8.49 8.79 8.66
10.25 9.02 9.03 12.02 12.03 12.04 9.04 9.05 12.06 12.07 12.08 9.05 14.46 13.24 14.60 13.27 13.28 13.66 18.26 13.75 13.32 13.33 13.33 13.34 13.34 13.07 13.07 16.70 13.07 13.06 12.54 10.90 12.52 9.12 9.15 9.14 9.13 9.12 9.16 9.15 9.13 9.12 9.09 9.07 9.06 9.04 8.93 8.91 8.89 8.87 8.83 8.81 8.79 8.77 8.85 8.84 8.82 8.81 10.04 8.82 8.80 8.79 8.74 8.72 8.03 8.02 7.96 7.94 7.93 7.91 7.90 7.89 7.87 7.86 7.82 7.81 7.80 7.78 8.84 8.52 8.50 8.79 8.66
11.60 10.77 11.20 11.90 11.91 12.07 9.07 9.84 11.69 17.80 10.34 12.46 14.56 13.30 13.30 14.69 13.33 15.62 18.35 13.80 13.37 13.38 14.88 13.40 15.09 13.12 13.12 16.75 13.12 13.39 13.39 12.58 9.15 9.15 9.18 9.17 9.16 9.14 9.19 9.18 11.51 9.15 9.12 9.10 9.08 9.07 8.96 8.94 8.92 8.90 8.85 8.83 8.81 8.79 8.88 8.86 8.84 8.83 8.86 8.84 8.82 8.81 8.76 8.07 8.05 8.03 7.97 7.96 7.94 7.93 7.91 10.04 8.73 7.87 7.83 7.82 7.80 7.79 8.84 8.82 8.81 8.79 9.73
9.75 10.77 10.79 9.80 9.80 9.81 14.35 14.37 11.72 12.14 9.10 9.11 12.52 13.33 13.34 13.80 13.81 17.93 13.32 12.89 13.41 13.42 13.43 12.63 13.17 13.17 16.80 16.80 13.17 13.44 15.99 15.96 9.20 9.20 9.20 9.19 9.18 9.17 10.43 9.14 9.13 11.48 9.04 9.02 9.01 8.99 13.22 13.07 11.95 8.88 8.91 8.89 8.87 8.85 10.08 8.84 8.82 8.81 8.78 8.76 8.75 8.73 8.68 7.99 7.97 7.96 7.94 7.92 7.90 7.89 8.76 7.88 7.87 7.85 8.67 8.65 7.79 7.77 8.81 8.79 8.77 8.75 8.62
9.77 9.78 9.81 9.81 9.82 9.83 9.84 9.85 9.86 11.77 11.60 9.86 9.13 12.56 13.38 13.84 15.62 18.38 13.43 13.44 13.45 13.46 13.47 13.48 12.66 13.21 16.84 13.21 13.48 13.49 13.47 13.47 9.65 12.30 12.67 9.21 9.20 9.19 9.18 9.17 13.02 11.51 9.06 9.05 12.35 13.18 13.15 13.11 11.99 8.90 8.93 8.91 8.89 8.87 8.88 8.86 8.84 8.82 8.80 8.78 8.76 8.74 8.89 8.00 7.98 8.82 7.95 7.93 7.91 7.90 7.91 7.89 7.87 7.85 7.83 7.81 7.79 7.78 8.81 8.79 8.77 8.75 8.62
