New_Model_Runs/2_scn1_noclimate_out/post_prcessed_with_MFR/Monthly_summaries/net_infiltration_monthly_NOV.asc
NCOLS 700
NROWS 400
XLLCENTER 515000.000000
YLLCENTER 8409000.000000
CELLSIZE 50.000000
NODATA_value -999.000000
[rows 259 to 295 of 400, columns 249 to 331 of 700]
15.68 13.01 15.15 15.06 14.98 7.48 7.40 8.47 8.80 2.32 6.23 1.85 6.51 8.33 5.93 5.86 9.30 9.23 9.17 10.88 8.56 11.56 5.13 5.33 5.26 7.35 7.72 9.83 9.76 9.69 9.63 10.46 6.88 10.32 10.26 5.51 5.30 9.42 5.84 1.62 5.11 5.24 5.16 5.51 5.86 5.36 1.56 2.39 2.37 5.86 5.83 5.58 4.69 1.38 1.78 2.19 5.24 4.09 4.04 3.98 3.68 3.60 3.83 3.79 3.76 3.72 3.69 6.76 0.96 0.95 0.94 0.93 3.52 0.00 0.00 0.00 0.00 0.00 0.00 0.00 0.00 0.00 0.00
12.98 15.12 15.04 15.39 7.46 5.27 5.21 8.36 6.29 6.64 1.84 6.50 6.43 6.35 8.56 8.47 7.91 6.07 6.00 11.63 8.03 5.38 8.83 1.58 5.19 7.29 9.81 9.71 9.65 9.58 9.51 10.39 11.70 8.11 8.02 7.94 5.92 7.20 8.93 5.11 5.09 8.68 1.53 5.01 5.37 5.29 1.54 5.48 5.85 1.89 1.86 1.41 5.90 4.94 2.18 5.19 4.68 7.68 3.74 3.92 3.87 3.82 3.78 3.74 1.42 1.84 1.40 7.13 0.95 1.37 1.36 0.92 0.91 0.00 0.00 0.00 0.00 0.00 0.00 0.00 0.00 0.00 0.00
13.75 15.45 15.33 13.56 7.79 7.29 5.12 8.25 6.20 6.13 6.06 6.84 2.63 2.61 8.42 5.70 8.28 5.99 10.12 8.95 5.37 8.82 11.28 7.69 9.10 9.80 9.74 9.64 9.58 9.51 9.45 12.90 11.62 8.03 7.95 7.86 5.86 9.25 8.87 9.02 8.69 5.73 5.45 8.46 4.87 1.54 5.06 5.00 1.46 5.21 4.69 5.90 5.83 5.76 4.72 5.53 2.11 4.74 1.52 4.01 3.81 3.77 7.24 6.81 5.35 8.44 5.32 4.45 4.87 1.78 1.77 0.91 0.90 0.89 0.00 0.00 0.00 0.00 0.00 0.00 0.00 0.00 0.00
15.42 15.18 13.96 14.17 7.70 5.11 4.95 6.18 6.11 6.04 1.79 1.77 7.69 7.98 5.69 1.69 8.18 5.49 8.93 7.92 11.35 8.74 6.85 7.60 9.02 8.95 9.67 9.58 9.51 9.45 8.89 10.27 5.95 10.56 5.91 10.43 8.97 5.37 1.59 5.20 8.63 5.51 5.39 4.88 8.32 8.58 5.86 2.32 1.44 1.84 1.81 4.46 4.22 4.42 5.11 1.68 5.16 5.03 1.93 4.78 4.28 7.67 7.20 4.11 2.25 1.94 1.37 0.93 6.15 3.06 1.33 0.90 1.03 0.88 0.00 0.00 0.00 0.00 0.00 0.00 0.00 0.00 0.00
13.58 13.52 16.46 6.01 5.52 4.93 6.17 6.10 6.03 5.96 7.76 5.82 8.44 8.35 8.26 8.17 5.90 6.27 8.86 11.34 11.26 7.67 5.10 7.51 8.94 8.87 9.60 9.51 9.45 8.89 8.82 5.52 2.85 7.42 6.50 2.60 2.04 1.59 1.57 1.54 8.56 5.13 1.47 1.45 5.16 1.49 5.41 1.87 4.70 5.41 5.03 4.52 4.43 4.77 2.43 1.65 7.51 4.71 2.33 2.74 8.52 4.11 3.25 4.48 1.81 3.99 3.10 0.92 4.85 7.41 2.61 0.89 0.88 0.87 0.87 0.00 0.00 0.00 0.00 0.00 0.00 0.00 0.00
18.14 13.70 7.66 5.93 6.41 5.28 8.81 8.29 8.21 5.87 8.04 7.96 8.34 8.26 8.17 8.08 6.26 5.97 8.79 5.08 1.55 5.09 7.51 8.93 8.86 8.79 8.72 9.44 9.38 8.82 6.70 5.50 7.00 2.38 1.75 2.15 6.09 5.57 5.49 5.40 8.83 8.75 5.09 1.53 5.43 5.76 5.38 5.15 5.06 5.05 5.10 4.59 4.36 3.84 4.18 4.61 7.52 4.23 2.31 4.44 4.58 3.67 1.82 5.32 3.99 3.53 3.59 6.54 4.84 2.18 4.24 0.88 3.37 0.00 0.86 0.86 0.00 0.00 0.00 0.00 0.00 0.00 3.20
14.69 6.69 7.56 7.05 7.41 8.79 8.71 8.62 8.11 8.03 7.56 7.87 8.25 8.16 8.07 5.40 2.03 5.52 5.21 8.66 5.09 5.03 7.85 5.33 1.27 1.25 1.24 6.18 6.55 6.49 6.00 5.29 9.40 5.92 5.84 5.33 5.58 5.50 5.42 8.85 8.77 5.06 8.61 8.52 8.43 8.34 8.24 9.67 6.38 6.31 4.60 4.10 4.03 4.40 4.97 8.39 3.51 3.87 2.72 3.13 2.26 3.63 5.31 5.74 3.09 7.02 6.55 6.97 3.43 3.41 3.39 0.87 0.00 0.00 0.00 0.85 0.85 0.00 0.00 0.00 3.83 0.83 0.82
7.16 7.49 6.65 6.59 6.53 8.75 9.10 8.10 8.02 7.94 7.86 8.27 7.70 1.64 5.39 5.32 5.69 9.57 5.14 9.02 5.02 4.96 5.33 5.70 1.68 5.42 5.35 9.64 10.01 9.52 5.30 9.40 5.59 5.56 5.11 5.09 9.12 9.37 8.86 2.44 9.56 5.12 5.03 4.93 4.84 4.75 1.40 8.08 6.04 5.83 4.11 4.04 3.98 4.35 4.73 4.39 4.55 4.24 3.74 1.41 3.64 4.87 8.79 4.87 7.01 6.98 3.46 2.98 3.41 3.39 3.37 0.87 0.00 0.00 0.00 0.00 0.84 0.84 3.22 2.77 0.83 0.82 0.82
6.84 7.44 7.37 6.51 8.73 8.65 8.57 8.48 7.93 7.85 7.77 7.69 7.61 5.38 7.04 8.76 12.97 10.14 9.69 8.95 4.96 4.90 5.27 7.22 1.23 5.35 5.29 8.73 1.80 1.79 5.90 5.59 2.06 5.35 5.27 5.19 5.88 5.80 5.29 5.64 5.91 1.51 4.86 4.86 4.77 4.67 1.38 4.86 7.71 7.37 5.71 3.99 6.79 6.76 4.98 3.48 4.53 1.86 4.13 0.97 3.18 3.99 7.04 6.58 6.98 3.44 3.44 3.84 3.82 3.37 3.35 0.86 0.00 0.00 0.00 0.00 3.24 0.83 0.83 0.83 0.82 2.73 0.00
6.76 6.70 7.29 6.43 8.64 8.93 6.61 7.92 7.84 7.76 7.68 8.03 7.96 6.40 8.76 11.24 8.07 8.45 12.72 5.00 8.40 6.44 5.63 6.28 1.22 1.63 1.61 1.17 1.79 1.77 1.65 5.14 5.36 5.28 7.67 2.07 2.47 6.16 6.08 5.15 5.07 1.49 4.88 4.78 1.41 4.60 4.87 7.60 7.52 4.35 4.44 5.59 6.73 6.69 6.65 3.75 3.71 7.23 0.97 3.19 6.66 4.44 0.92 0.91 3.45 6.93 2.97 3.83 3.37 3.35 0.86 2.87 0.00 0.00 0.00 3.24 0.84 0.83 0.83 2.75 2.74 0.00 0.00
6.90 5.76 6.13 6.30 8.06 8.84 8.83 7.83 7.75 10.13 11.13 9.95 9.67 8.75 8.69 5.79 7.99 7.14 8.30 6.51 5.26 5.63 5.14 5.35 5.90 1.97 3.89 3.83 1.13 5.52 5.44 5.12 5.29 5.42 5.14 2.05 5.74 2.43 5.92 1.53 4.99 4.89 4.80 1.41 4.79 4.77 4.74 4.72 2.04 6.11 5.61 5.55 5.48 6.66 6.48 3.72 3.68 7.15 4.47 4.46 0.94 0.93 0.92 0.91 1.33 1.32 3.40 3.38 3.36 3.33 0.86 3.30 0.00 3.26 0.84 0.84 0.83 2.76 2.75 3.18 0.00 0.00 0.00
6.46 6.76 8.60 8.95 7.97 7.89 8.28 7.84 7.79 9.77 6.62 6.56 5.23 6.28 6.83 8.01 5.42 6.22 1.89 8.68 6.79 7.58 5.94 5.99 5.23 5.16 5.10 3.99 3.72 5.45 1.61 9.06 5.22 5.15 5.07 5.33 5.18 5.17 8.51 5.00 4.91 4.82 1.42 4.80 4.77 4.75 7.56 3.96 6.55 4.66 6.68 5.93 6.67 6.76 6.44 3.69 3.65 7.13 4.47 0.94 0.93 0.92 0.91 3.45 0.90 0.89 2.94 3.36 0.87 0.86 3.30 3.29 2.83 0.84 0.84 0.83 2.77 0.00 0.00 3.16 3.15 0.00 0.00
6.38 8.58 8.51 8.43 8.35 7.81 4.32 9.83 6.25 6.19 5.08 4.06 5.17 5.54 3.23 8.36 6.58 4.88 4.82 6.81 7.12 7.05 7.40 3.94 3.89 5.53 5.47 4.98 5.88 2.04 5.27 5.46 5.36 5.08 5.34 5.26 1.56 5.11 5.02 4.99 4.96 7.91 4.80 4.78 7.65 4.06 3.98 4.05 5.64 1.12 4.09 4.27 3.79 6.61 6.41 6.31 4.48 1.39 0.95 0.94 3.08 3.48 0.91 0.90 3.41 2.95 0.88 0.87 2.88 3.31 3.29 0.85 0.85 0.84 2.79 0.00 0.00 0.00 0.00 0.00 0.00 0.00 0.00
6.31 8.49 8.41 8.34 8.26 8.82 9.82 6.25 6.19 6.12 4.05 5.16 5.53 1.51 1.93 1.48 1.46 5.25 5.19 7.12 7.05 4.60 4.54 3.89 3.84 4.21 1.12 4.10 6.25 2.02 5.08 1.71 5.10 1.51 4.95 5.20 1.54 5.99 8.45 4.97 1.33 4.76 4.67 4.16 5.43 4.00 3.92 4.27 4.19 3.90 3.85 3.53 3.45 7.23 6.83 3.27 1.39 1.81 1.37 3.52 3.49 0.91 0.90 0.89 3.40 0.88 0.87 2.89 3.31 0.86 0.85 0.98 2.81 0.84 0.00 0.00 0.00 0.00 0.00 0.00 0.00 0.00 0.00
4.50 8.40 8.32 8.25 8.81 9.81 6.24 6.61 6.55 6.06 7.29 5.10 5.90 5.84 5.36 4.88 6.11 5.62 5.14 7.06 4.60 1.36 5.88 3.84 4.22 5.85 4.94 5.83 6.03 5.50 8.69 5.11 5.03 4.96 4.89 5.14 1.52 5.94 4.78 8.29 4.35 4.69 4.61 1.23 5.38 5.73 6.82 6.04 4.13 3.86 1.92 7.85 6.92 3.34 4.14 3.24 0.96 0.94 0.93 3.07 3.47 0.90 2.99 0.89 0.88 3.36 3.34 0.86 0.86 0.85 2.83 2.82 0.00 0.00 0.00 0.00 0.00 0.00 0.00 0.00 0.00 0.00 0.00
7.95 9.62 6.92 6.57 10.23 6.66 6.17 4.52 6.91 7.29 7.22 7.15 5.42 7.44 7.37 5.25 5.62 5.57 4.65 4.60 1.36 4.49 5.92 5.85 5.89 3.68 4.06 7.35 7.28 5.84 10.22 6.63 8.49 4.90 4.83 4.73 4.89 4.89 4.71 8.08 8.56 4.75 4.11 4.16 3.95 6.82 6.79 5.56 3.65 3.57 5.42 7.37 4.46 4.79 3.62 3.21 0.95 3.12 0.93 0.92 3.46 0.90 0.89 3.39 3.36 2.91 0.87 0.86 0.86 2.84 2.83 0.00 0.00 0.00 0.00 0.00 0.00 0.00 0.00 0.00 0.00 0.00 0.00
6.10 6.05 9.22 10.45 8.13 10.11 7.60 5.00 4.95 7.21 6.72 4.98 6.58 6.94 6.45 6.38 6.31 10.18 10.11 8.06 9.55 7.36 9.80 7.67 4.98 5.35 6.20 6.88 6.29 9.92 5.46 5.44 5.35 4.85 4.82 1.40 4.56 5.83 4.65 6.16 8.50 4.69 5.41 5.76 6.72 3.81 5.15 5.08 7.10 7.03 4.58 4.49 2.80 2.77 2.75 2.72 0.94 0.93 3.07 3.04 0.90 2.98 3.39 2.93 0.87 0.87 0.86 2.86 3.28 5.97 3.54 0.00 0.00 0.00 0.00 0.00 0.00 0.00 0.00 0.00 0.00 0.00 0.00
6.04 5.98 5.21 9.10 5.11 4.08 7.54 7.50 7.45 9.41 10.21 9.30 10.03 8.76 8.71 9.83 10.19 7.47 6.97 4.93 5.14 5.08 7.69 8.07 8.01 4.45 5.71 9.57 10.36 10.29 9.37 2.34 2.32 4.89 5.11 5.02 4.50 4.41 4.66 4.58 4.50 7.58 4.13 3.91 4.43 6.02 7.20 7.12 5.42 3.47 2.85 2.81 3.64 2.75 2.73 3.55 3.12 3.08 0.91 0.91 3.42 3.40 0.88 0.88 0.87 2.89 3.30 5.98 3.57 3.55 2.45 0.00 0.00 0.00 0.00 0.00 0.00 0.00 0.00 0.00 0.00 0.00 0.00
5.97 5.92 6.21 9.66 4.08 1.21 6.67 6.79 10.40 10.64 10.16 6.59 4.83 5.20 6.60 10.20 11.39 6.27 4.50 6.88 6.39 4.34 4.29 3.65 3.60 9.98 8.73 8.66 9.44 9.37 5.42 1.46 1.87 1.41 5.03 4.52 4.43 4.47 4.26 5.38 4.87 4.30 7.45 7.80 4.64 7.65 4.60 2.93 2.89 2.86 2.82 2.79 3.26 3.21 0.95 0.94 0.93 0.92 0.91 3.43 0.89 0.89 0.88 2.91 2.89 3.63 3.61 2.48 2.47 2.45 0.00 0.00 0.00 0.00 0.00 0.00 0.00 0.00 0.00 0.00 0.00 0.00 0.00
5.91 5.86 6.14 9.60 6.04 6.41 6.79 5.88 11.21 5.94 9.05 8.93 4.77 6.33 6.69 6.63 6.96 9.30 1.76 5.94 4.35 4.30 4.24 4.18 5.64 6.52 9.85 5.09 1.50 8.46 5.13 5.11 4.93 4.90 4.87 4.58 4.49 4.41 4.32 2.09 2.07 4.30 3.88 7.74 5.06 3.66 3.58 2.91 2.87 2.83 2.80 3.27 0.97 0.96 3.14 3.51 3.48 3.46 0.90 0.90 0.89 0.88 2.92 3.68 3.65 2.49 0.00 0.00 0.00 0.00 0.00 0.00 0.00 0.00 0.00 0.00 0.00 0.00 0.00 0.00 0.00 0.00 0.00
5.85 5.80 4.07 4.02 8.45 8.30 4.75 8.64 4.66 8.68 7.40 11.72 6.44 6.73 6.67 6.97 6.54 4.89 8.35 4.36 4.30 6.23 5.71 5.00 6.44 6.46 8.95 8.87 5.00 4.89 1.45 8.60 8.52 8.08 4.48 7.90 7.94 4.35 4.27 4.49 1.19 4.68 7.34 3.75 1.10 3.61 2.92 2.88 2.85 3.34 0.99 0.97 3.20 3.55 3.52 3.49 3.47 0.91 0.90 0.89 2.95 2.93 3.69 3.66 2.50 0.00 0.00 0.00 0.00 0.00 0.00 0.00 0.00 0.00 0.00 0.00 0.00 0.00 0.00 0.00 0.00 0.00 0.00
5.79 5.74 5.69 3.98 3.93 7.40 7.36 9.03 6.58 6.55 4.86 8.36 5.29 3.53 6.61 6.09 7.81 4.42 1.31 7.82 6.24 6.18 4.15 6.45 6.81 5.45 1.61 5.31 8.66 5.60 1.53 5.03 4.94 4.85 1.43 1.83 5.64 4.29 4.21 7.94 5.12 1.15 3.77 1.11 1.09 1.07 2.90 2.86 3.36 0.99 0.98 3.59 3.56 3.53 3.50 0.92 0.91 0.90 0.90 2.97 2.55 3.64 2.52 2.51 0.00 0.00 0.00 0.00 0.00 0.00 0.00 0.00 0.00 0.00 0.00 0.00 0.00 0.00 0.00 0.00 0.00 0.00 0.00
6.08 5.69 5.64 5.59 5.54 5.49 3.80 10.90 6.47 4.79 4.74 4.92 1.06 3.49 4.53 4.23 6.87 9.43 9.37 7.78 5.74 5.68 5.62 5.54 2.07 1.62 5.33 8.77 9.13 2.39 1.95 1.49 6.30 5.22 1.41 5.47 2.22 7.61 7.54 7.94 5.98 3.98 3.72 1.10 1.07 1.05 3.45 1.02 1.00 3.64 3.60 3.57 3.54 0.94 0.93 0.92 0.91 3.00 2.58 0.00 0.00 0.00 0.00 0.00 0.00 0.00 0.00 0.00 0.00 0.00 0.00 0.00 0.00 0.00 0.00 0.00 0.00 0.00 0.00 0.00 0.00 0.00 0.00
5.69 5.98 5.93 3.89 6.35 5.60 4.69 6.47 8.30 8.25 3.59 4.57 7.01 3.45 1.02 4.93 4.88 4.83 4.28 7.74 1.25 5.64 5.56 9.00 5.56 8.86 5.28 5.07 5.14 5.51 1.50 5.33 6.26 5.16 4.64 1.80 5.28 7.99 5.40 2.45 5.24 3.75 3.67 3.60 3.80 3.76 3.72 1.01 0.99 0.98 3.21 3.17 0.94 0.93 0.92 3.04 3.01 0.00 0.00 0.00 0.00 0.00 0.00 0.00 0.00 0.00 0.00 0.00 0.00 0.00 0.00 0.00 0.00 0.00 0.00 0.00 0.00 0.00 0.00 0.00 0.00 0.00 0.00
5.64 5.92 5.54 5.83 5.78 5.55 4.65 4.61 7.63 8.64 7.06 7.93 7.88 6.93 3.37 4.89 4.84 6.63 5.10 7.70 8.51 7.60 5.16 8.95 5.37 5.30 5.16 8.68 1.53 5.03 4.80 5.28 6.22 5.73 8.10 8.02 4.22 1.63 4.78 5.19 3.97 5.54 3.63 3.56 3.78 3.74 3.70 3.32 0.98 0.97 0.96 0.95 0.94 3.08 3.05 2.61 0.00 0.00 0.00 0.00 0.00 0.00 0.00 0.00 0.00 0.00 0.00 0.00 0.00 0.00 0.00 0.00 0.00 0.00 0.00 0.00 0.00 0.00 0.00 0.00 0.00 0.00 0.00
5.59 5.87 5.49 6.21 9.68 8.59 8.12 8.08 7.11 8.41 4.43 4.38 4.33 4.29 6.85 3.29 4.80 6.09 5.06 6.47 4.66 3.37 2.07 5.39 5.33 5.26 5.19 5.12 5.14 8.91 5.74 5.22 8.22 4.90 4.32 4.11 4.05 3.98 3.88 3.80 3.73 4.57 4.02 3.52 3.76 3.72 3.68 3.65 0.98 0.96 0.95 3.13 3.10 3.94 0.00 0.00 0.00 0.00 0.00 0.00 0.00 0.00 0.00 0.00 0.00 0.00 0.00 0.00 0.00 0.00 0.00 0.00 0.00 0.00 0.00 0.00 0.00 0.00 0.00 0.00 0.00 0.00 0.00
5.87 5.83 3.81 5.56 5.51 6.08 8.08 8.03 4.48 4.43 4.39 4.34 1.86 4.25 4.21 7.62 8.44 6.68 8.53 7.34 10.80 6.43 5.85 6.25 5.71 5.21 5.15 5.08 5.01 4.92 5.82 8.68 8.10 4.22 1.24 4.06 3.98 3.91 3.83 1.13 3.91 3.86 3.81 1.04 1.03 3.36 0.99 0.98 0.97 3.19 3.54 4.02 2.65 0.00 0.00 0.00 0.00 0.00 0.00 0.00 0.00 0.00 0.00 0.00 0.00 0.00 0.00 0.00 0.00 0.00 0.00 0.00 0.00 0.00 0.00 0.00 0.00 0.00 0.00 0.00 0.00 0.00 0.00
6.22 5.75 6.13 5.16 8.13 8.08 4.53 4.48 4.44 4.40 4.35 4.31 4.91 4.22 4.17 8.50 10.30 3.99 2.10 4.08 5.50 8.95 5.80 7.12 6.63 6.13 6.06 5.04 4.88 8.37 8.29 1.41 4.25 5.51 1.66 1.63 3.94 3.86 3.98 3.93 3.88 3.83 1.05 1.03 1.02 1.00 0.99 0.97 3.20 3.98 4.47 0.00 0.00 0.00 0.00 0.00 0.00 0.00 0.00 0.00 0.00 0.00 0.00 0.00 0.00 0.00 0.00 0.00 0.00 0.00 0.00 0.00 0.00 0.00 0.00 0.00 0.00 0.00 0.00 0.00 0.00 0.00 0.00
5.25 4.77 9.17 8.20 4.64 4.53 4.49 4.45 4.40 4.36 4.32 4.27 4.23 4.19 4.14 4.10 6.66 5.85 3.97 4.05 5.55 5.46 9.27 5.69 6.16 6.09 6.02 9.47 8.41 5.82 1.42 4.63 4.20 5.47 4.47 4.54 4.06 4.00 3.95 3.90 3.85 3.81 1.19 1.02 1.01 0.99 3.63 3.22 3.18 1.37 4.02 0.00 0.00 0.00 0.00 0.00 0.00 0.00 0.00 0.00 0.00 0.00 0.00 0.00 0.00 0.00 0.00 0.00 0.00 0.00 0.00 0.00 0.00 0.00 0.00 0.00 0.00 0.00 0.00 0.00 0.00 0.00 0.00
5.20 8.24 8.20 4.64 4.60 4.50 4.45 4.41 4.37 4.32 4.28 4.24 4.20 4.15 4.11 4.07 7.53 7.44 3.89 6.25 6.85 6.31 5.71 9.16 5.06 9.56 8.53 8.45 5.28 4.76 1.40 1.80 4.93 4.22 4.15 4.08 4.03 3.97 3.92 3.87 3.83 1.05 1.03 1.01 3.68 3.64 3.61 3.58 6.68 9.68 4.25 3.31 0.00 0.00 0.00 0.00 0.00 0.00 0.00 0.00 0.00 0.00 0.00 0.00 0.00 0.00 0.00 0.00 0.00 0.00 0.00 0.00 0.00 0.00 0.00 0.00 0.00 0.00 0.00 0.00 0.00 0.00 0.00
8.24 4.69 4.58 4.54 4.50 4.46 4.42 4.37 4.33 4.29 4.25 4.21 4.16 4.12 4.08 4.04 3.99 7.41 5.20 6.86 6.80 5.30 6.10 10.10 8.62 8.56 8.84 8.83 3.15 7.28 5.91 7.79 5.32 4.18 4.11 4.05 4.00 3.94 3.89 3.85 3.81 3.47 3.41 3.69 3.66 3.62 3.59 7.12 3.54 3.87 1.45 3.30 0.00 0.00 0.00 0.00 0.00 0.00 0.00 0.00 0.00 0.00 0.00 0.00 0.00 0.00 0.00 0.00 0.00 0.00 0.00 0.00 0.00 0.00 0.00 0.00 0.00 0.00 0.00 0.00 0.00 0.00 0.00
4.68 4.58 4.54 4.50 4.46 4.42 4.38 4.34 4.30 4.25 5.07 5.89 4.13 4.09 1.67 4.01 3.97 4.55 9.49 5.38 5.32 5.26 8.42 8.64 6.03 6.44 6.94 7.34 11.26 11.18 9.81 6.21 5.70 4.30 4.08 4.02 3.97 3.92 3.87 3.83 3.87 3.75 3.71 3.68 3.64 4.48 5.33 4.77 3.45 3.63 4.03 3.29 0.00 0.00 0.00 0.00 0.00 0.00 0.00 0.00 0.00 0.00 0.00 0.00 0.00 0.00 0.00 0.00 0.00 0.00 0.00 0.00 0.00 0.00 0.00 0.00 0.00 0.00 0.00 0.00 0.00 0.00 0.00
4.58 4.54 4.50 4.47 4.43 4.38 4.34 4.30 4.26 4.22 5.04 4.95 4.10 4.06 4.02 3.98 3.94 3.90 9.00 8.86 8.79 4.86 1.33 4.60 5.99 6.36 8.87 8.65 7.70 5.24 7.44 9.68 7.22 4.30 4.05 3.99 3.94 3.89 3.85 3.80 3.77 3.73 3.69 3.66 6.78 4.91 7.87 8.27 8.01 4.05 3.38 3.28 0.00 0.00 0.00 0.00 0.00 0.00 0.00 0.00 0.00 0.00 0.00 0.00 0.00 0.00 0.00 0.00 0.00 0.00 0.00 0.00 0.00 0.00 0.00 0.00 0.00 0.00 0.00 0.00 0.00 0.00 0.00
4.54 4.50 4.46 4.43 4.39 4.35 4.31 4.27 4.23 4.19 4.15 7.62 4.07 4.03 3.99 3.95 3.91 5.06 8.14 8.51 2.21 1.34 4.40 4.35 4.99 5.89 6.26 6.03 3.54 8.01 7.07 6.57 11.28 10.78 8.06 3.97 3.92 3.87 3.83 3.78 3.75 7.22 7.19 6.80 7.19 7.47 8.72 8.45 8.44 4.68 3.79 3.70 0.00 0.00 0.00 0.00 0.00 0.00 0.00 0.00 0.00 0.00 0.00 0.00 0.00 0.00 0.00 0.00 0.00 0.00 0.00 0.00 0.00 0.00 0.00 0.00 0.00 0.00 0.00 0.00 0.00 0.00 0.00
5.35 4.89 4.43 4.39 4.35 4.31 4.27 4.23 4.20 4.16 4.12 4.08 7.56 4.01 3.97 3.92 7.39 8.16 9.31 6.74 6.42 4.42 4.63 4.55 4.48 5.86 5.80 5.79 5.48 6.05 5.69 6.65 3.86 4.27 8.49 7.58 7.41 7.36 7.32 7.28 7.24 3.69 3.74 4.45 4.84 8.58 9.80 8.24 4.48 7.32 4.86 4.18 0.00 0.00 0.00 0.00 0.00 0.00 0.00 0.00 0.00 0.00 0.00 0.00 0.00 0.00 0.00 0.00 0.00 0.00 0.00 0.00 0.00 0.00 0.00 0.00 0.00 0.00 0.00 0.00 0.00 0.00 0.00
2.35 1.91 4.39 4.35 4.32 4.28 4.24 4.20 4.16 4.13 4.09 4.05 7.53 3.98 3.94 7.41 8.18 8.12 9.78 9.29 8.38 4.83 4.34 4.28 4.23 5.94 5.76 5.70 5.01 4.08 5.24 5.19 4.30 3.58 4.53 4.48 3.87 3.83 3.78 3.75 3.71 3.76 4.58 5.89 7.47 5.04 4.98 6.94 6.48 6.45 6.86 3.97 0.00 0.00 0.00 0.00 0.00 0.00 0.00 0.00 0.00 0.00 0.00 0.00 0.00 0.00 0.00 0.00 0.00 0.00 0.00 0.00 0.00 0.00 0.00 0.00 0.00 0.00 0.00 0.00 0.00 0.00 0.00
7.03 3.48 4.35 4.32 4.28 4.24 4.21 4.17 4.13 4.10 4.06 4.02 7.50 6.55 6.52 4.84 5.98 8.08 5.37 7.09 4.84 7.87 8.67 10.33 8.99 6.34 6.28 5.80 5.18 5.11 6.07 4.11 5.10 5.05 5.43 4.01 3.95 3.81 3.77 3.42 5.22 4.08 4.88 4.84 8.59 3.91 1.46 6.50 6.47 6.44 6.42 3.96 0.00 0.00 0.00 0.00 0.00 0.00 0.00 0.00 0.00 0.00 0.00 0.00 0.00 0.00 0.00 0.00 0.00 0.00 0.00 0.00 0.00 0.00 0.00 0.00 0.00 0.00 0.00 0.00 0.00 0.00 0.00
