New_Model_Runs/2_scn1_noclimate_out/post_prcessed_with_MFR/Monthly_summaries/net_infiltration_monthly_APR.asc
NCOLS 700
NROWS 400
XLLCENTER 515000.000000
YLLCENTER 8409000.000000
CELLSIZE 50.000000
NODATA_value -999.000000
[rows 111 to 147 of 400, columns 332 to 414 of 700]
0.00 0.00 0.00 0.00 0.00 0.00 7.23 7.33 12.38 10.60 11.95 10.81 10.73 10.83 10.93 11.03 12.38 12.50 11.26 11.34 12.73 12.82 11.61 11.68 11.79 11.84 13.20 11.88 13.28 11.93 11.94 13.26 11.88 9.86 9.83 9.79 9.74 9.70 9.66 9.62 10.75 9.52 9.49 9.46 10.62 9.39 9.36 9.33 9.24 9.21 9.18 9.15 9.11 9.07 9.51 9.47 9.06 9.50 9.95 9.45 9.43 9.41 10.59 9.40 9.39 9.40 10.41 9.40 9.45 9.46 9.46 9.46 9.48 9.48 9.47 5.89 5.90 5.89 6.41 5.87 5.84 6.79 5.82
0.00 0.00 0.00 0.00 0.00 0.00 0.00 11.77 11.14 10.59 10.70 10.80 12.02 10.87 10.97 11.07 11.16 12.56 11.35 11.44 11.55 13.00 11.69 11.75 11.88 11.90 11.93 11.96 11.99 12.00 12.00 13.34 11.91 9.88 9.84 9.81 9.75 9.70 9.66 9.62 9.57 9.53 9.49 9.46 9.39 9.36 9.33 9.29 9.18 9.15 9.11 9.08 9.51 9.48 9.44 9.40 9.42 9.38 9.35 10.36 9.32 9.30 9.29 9.28 9.29 9.29 10.31 9.30 9.32 9.33 9.33 9.33 9.35 9.34 9.34 5.82 5.82 5.82 5.81 6.33 6.29 5.75 5.74
0.00 0.00 0.00 0.00 0.00 0.00 7.37 11.89 10.59 10.69 10.80 10.91 10.87 12.26 11.08 11.18 11.28 11.37 12.74 11.55 11.66 13.10 13.10 11.86 11.95 12.00 12.65 13.43 12.08 12.08 12.08 12.06 13.34 11.95 9.90 9.86 9.80 9.76 10.96 9.68 9.62 10.78 9.55 9.52 9.45 10.61 11.08 10.49 9.22 9.19 9.15 9.11 9.08 9.51 9.47 10.48 9.44 9.40 9.37 9.33 9.32 9.30 9.28 9.27 9.27 9.27 9.28 9.28 9.31 9.31 9.32 9.32 9.34 10.36 9.34 5.82 5.83 5.82 5.81 5.81 5.77 5.76 5.75
0.00 0.00 0.00 0.00 0.00 0.00 10.66 10.77 10.69 10.80 12.18 11.01 10.97 13.40 12.50 11.29 11.39 11.48 11.58 11.66 11.77 13.14 13.22 11.93 12.05 12.08 14.78 12.13 12.16 12.15 12.15 12.12 12.05 13.36 9.95 11.14 9.86 9.82 9.78 10.97 9.68 9.64 10.81 9.57 9.50 9.46 9.43 10.54 9.26 9.22 10.32 9.14 9.11 9.07 10.17 9.45 9.46 9.42 9.38 9.34 9.32 9.30 9.27 9.26 9.26 9.26 9.26 9.26 9.29 10.32 9.30 9.31 9.33 9.33 9.33 5.81 5.83 5.82 6.35 5.81 5.77 5.76 5.75
0.00 0.00 0.00 0.00 10.53 10.64 10.75 10.86 10.78 10.89 13.23 11.11 11.07 11.18 11.29 12.62 11.49 12.87 11.67 11.76 11.86 11.90 13.29 12.00 12.11 13.48 12.16 12.17 12.20 12.19 13.55 12.16 12.08 12.04 9.98 9.95 9.90 9.87 9.83 11.00 9.75 9.71 10.87 9.63 9.55 9.51 10.64 9.42 9.30 9.58 9.21 9.17 9.13 9.09 9.51 9.47 9.47 9.43 9.39 9.35 9.33 9.29 9.27 9.25 9.24 9.24 9.23 9.24 9.26 9.27 9.28 9.29 9.31 10.33 6.34 5.81 5.82 5.82 5.81 5.81 5.77 5.77 5.76
11.66 10.83 10.95 11.06 10.97 11.08 12.03 10.65 10.63 10.74 10.85 10.95 11.04 11.15 11.26 11.36 11.51 12.86 13.06 11.76 11.86 11.92 11.94 11.98 12.05 12.07 12.09 13.45 12.08 12.07 12.06 12.03 11.98 13.28 14.38 9.88 9.84 9.81 11.01 11.54 9.69 9.65 9.61 9.56 9.47 9.42 10.56 10.72 9.36 12.71 12.63 12.56 9.29 9.25 9.20 9.16 9.17 9.13 9.09 9.51 9.46 9.42 9.39 9.36 9.33 9.32 9.32 9.32 9.28 9.30 9.31 9.32 9.28 9.29 5.79 5.80 5.76 5.76 5.76 5.75 7.04 6.21 5.69
10.81 10.93 11.96 10.50 11.06 10.52 12.15 10.74 10.72 10.83 10.94 11.04 11.14 11.24 11.35 11.45 11.58 11.67 11.75 13.13 11.91 11.93 11.97 12.00 12.06 12.08 12.09 13.45 13.00 12.06 12.05 12.02 11.97 11.94 11.92 9.89 9.85 9.84 9.82 9.80 9.73 9.70 9.66 9.61 9.51 9.45 9.40 10.53 12.82 12.74 12.66 9.24 9.30 9.26 9.21 9.17 9.17 9.13 9.09 9.51 9.45 9.41 9.38 9.35 9.31 9.30 9.29 9.29 9.25 9.27 9.28 9.29 9.26 9.26 6.30 5.78 5.75 5.75 5.75 5.74 5.70 5.69 5.69
11.92 11.93 11.14 10.59 10.50 12.11 10.72 10.83 10.80 10.91 11.02 11.13 11.23 11.33 11.44 11.53 11.66 11.74 13.10 11.87 11.92 11.97 12.00 12.02 12.08 12.09 12.09 13.44 12.07 12.05 12.03 13.33 11.96 11.94 11.92 11.90 9.87 9.86 9.85 9.83 9.77 9.74 9.70 14.21 13.08 16.03 12.89 9.38 9.41 9.35 9.30 9.25 9.31 9.26 9.22 9.17 9.17 9.13 9.08 9.50 9.45 9.40 9.37 9.33 9.30 9.28 9.26 9.26 9.22 9.23 9.24 9.26 9.23 9.24 5.77 5.77 5.74 5.74 5.74 5.74 5.69 5.69 5.68
11.00 11.80 10.57 10.67 12.09 10.69 12.01 10.91 10.89 11.00 11.11 11.22 11.31 11.41 11.51 11.59 11.71 11.78 11.84 11.90 11.94 11.98 12.00 13.37 12.07 12.08 12.08 12.07 12.05 12.03 12.00 13.30 11.93 11.91 12.61 11.88 9.87 9.86 9.85 9.84 12.15 11.17 13.37 13.29 13.12 9.51 9.45 9.39 9.42 9.36 9.30 9.25 9.31 9.26 9.21 9.16 9.16 9.12 9.53 9.49 9.43 9.39 9.35 9.32 9.27 9.25 9.23 9.23 9.19 9.20 9.21 9.22 9.20 9.21 5.75 5.76 8.58 5.73 8.59 8.58 5.68 5.68 5.68
10.67 10.76 10.87 10.99 11.04 11.16 10.61 10.72 10.93 11.04 11.15 12.49 11.44 11.53 11.62 11.69 11.81 11.87 13.21 11.93 12.01 12.03 12.05 13.41 13.39 12.05 12.04 13.37 12.00 11.98 11.95 11.93 13.17 11.87 13.40 13.84 13.59 13.60 9.86 10.20 10.21 10.19 12.02 13.44 9.82 9.77 9.70 9.64 9.73 9.67 9.61 9.55 9.57 9.51 9.46 9.41 9.38 9.33 9.28 9.24 9.16 9.12 9.08 9.51 9.45 9.43 9.40 9.40 9.34 9.35 9.36 9.38 9.31 5.81 5.82 5.83 5.75 5.76 8.63 5.76 5.76 5.76 5.76
10.75 10.85 12.15 11.07 11.12 10.58 12.89 10.79 11.00 11.11 11.23 11.33 12.76 11.58 12.94 13.04 11.84 11.86 11.90 11.94 12.00 12.02 12.04 12.05 12.03 12.03 12.02 12.00 11.97 11.94 11.91 11.89 11.84 11.86 11.85 11.85 14.76 13.56 13.56 13.56 13.58 13.55 13.50 9.77 9.83 9.77 9.71 9.64 9.73 9.66 9.60 9.54 9.56 9.50 9.44 9.39 9.36 9.31 9.26 9.22 9.14 9.10 9.52 11.81 9.42 9.40 9.37 9.36 9.30 9.31 9.32 9.34 9.27 5.79 5.80 5.81 5.74 5.74 5.74 5.74 5.75 5.75 5.75
10.82 10.93 11.04 12.06 10.54 10.65 10.76 10.86 11.07 11.19 11.30 11.39 11.56 11.63 11.71 11.76 11.86 11.88 11.91 11.93 11.99 12.01 12.02 12.03 12.01 12.00 11.99 11.97 11.93 11.90 11.87 11.84 11.83 11.82 11.81 11.81 11.80 9.81 9.81 13.52 13.55 13.53 9.79 9.76 9.83 9.77 9.71 9.64 9.73 9.66 9.59 9.53 9.54 9.48 9.42 9.37 9.33 11.14 11.85 11.84 11.72 11.89 11.83 11.77 11.69 11.64 11.60 11.59 11.50 9.27 9.28 9.29 9.22 5.77 5.78 5.79 5.72 5.72 5.72 5.73 5.73 5.73 5.73
10.90 11.01 11.12 10.57 10.61 10.72 10.82 10.93 11.14 11.25 11.35 11.45 11.60 11.67 11.74 11.78 11.85 11.88 11.91 11.93 11.98 12.00 12.01 12.01 11.98 11.98 11.96 11.94 11.90 11.86 11.83 11.83 11.79 11.77 11.76 11.77 11.76 9.77 9.78 9.78 9.81 9.80 9.77 9.74 9.81 9.76 9.70 9.63 9.71 9.64 9.57 9.51 9.52 9.46 9.40 12.06 12.00 11.88 11.80 11.72 11.65 11.84 11.78 11.72 11.64 11.59 11.55 11.53 11.44 11.45 9.23 9.25 9.18 5.74 5.75 5.76 5.69 5.70 5.71 5.71 5.72 5.72 5.72
11.02 11.13 10.58 10.68 11.01 11.11 11.22 11.33 11.51 11.62 11.72 11.81 11.87 11.93 11.99 12.02 12.09 12.12 12.14 12.16 12.18 12.19 12.20 12.20 12.16 12.15 12.14 12.11 12.04 12.01 11.97 11.94 11.91 11.90 11.89 11.89 11.92 11.92 9.92 9.92 9.96 9.95 9.93 9.91 9.97 9.92 9.86 9.79 9.79 9.72 9.64 9.57 9.53 11.39 9.41 12.07 12.00 12.68 12.60 11.66 11.59 11.86 12.23 11.74 11.66 11.61 11.57 11.32 11.47 11.47 11.49 9.27 5.75 5.76 5.77 5.78 5.75 5.75 5.76 5.77 5.79 5.79 5.80
11.10 10.55 10.65 10.74 11.07 11.17 11.28 11.39 11.57 11.67 11.77 11.82 11.90 11.95 12.00 12.03 12.09 12.11 12.13 12.15 12.17 12.18 12.18 12.18 12.14 12.12 12.10 12.08 12.00 11.97 11.93 11.90 11.86 11.85 11.84 11.84 11.87 11.87 9.88 9.88 9.91 9.91 9.89 9.87 9.94 9.89 9.83 9.76 9.76 9.69 10.04 9.54 9.50 9.43 12.03 12.03 11.95 13.47 15.55 13.74 10.64 11.02 11.83 11.36 13.83 12.61 11.50 11.25 11.40 11.40 11.42 9.22 5.72 5.73 5.74 5.75 5.72 5.73 5.74 5.74 5.77 5.77 5.78
10.52 10.61 10.71 10.80 11.13 11.23 11.34 11.44 11.62 11.72 11.78 11.85 11.93 11.97 12.01 12.04 12.09 12.11 12.12 12.14 12.15 12.16 12.15 12.15 12.11 12.09 12.07 12.04 11.96 11.93 11.89 11.85 11.82 11.81 11.82 11.82 11.81 11.84 9.83 9.83 9.86 9.86 9.85 9.83 9.89 9.85 9.79 9.73 9.73 10.51 9.80 12.42 9.46 12.13 12.06 12.72 10.39 10.75 10.06 6.11 5.66 8.73 9.15 6.48 6.04 6.03 11.20 12.46 12.18 11.76 11.34 11.37 7.75 5.70 5.71 5.72 5.69 5.70 5.71 5.72 5.74 5.75 5.75
10.59 10.68 10.77 10.87 11.19 11.29 11.39 13.32 13.41 11.73 11.81 11.88 11.95 11.99 12.02 12.04 12.09 12.10 12.12 14.67 14.68 14.68 12.13 12.12 12.08 12.06 12.03 12.00 11.92 11.88 11.84 11.81 11.80 11.79 11.77 11.76 11.78 11.78 11.77 9.78 9.81 9.81 9.79 9.78 9.85 9.80 9.75 9.68 9.68 10.14 12.41 12.32 12.63 13.71 10.90 11.26 13.84 12.93 7.48 0.00 13.19 0.00 0.00 0.00 6.96 8.24 8.23 4.71 11.11 10.69 11.70 11.29 7.70 7.72 5.68 5.69 5.66 5.67 5.68 5.69 5.72 5.72 5.73
11.03 11.12 11.21 11.31 11.49 13.94 14.10 14.23 13.48 13.60 13.70 14.60 12.11 12.14 12.17 13.97 12.21 12.22 14.21 14.83 14.80 14.80 14.78 12.20 12.14 12.12 12.09 12.05 11.99 11.95 11.91 11.87 11.84 11.82 11.80 11.79 11.81 11.81 11.83 9.82 9.83 9.83 9.81 11.82 9.80 9.76 12.11 12.24 9.72 12.40 12.23 9.37 9.71 14.43 7.53 0.00 0.00 0.00 0.00 0.00 0.00 0.00 0.00 0.00 0.00 0.00 0.00 0.00 7.77 7.77 9.79 11.79 7.68 7.70 5.66 5.68 5.68 5.69 5.70 5.70 5.73 6.63 6.64
11.09 11.18 11.27 11.36 14.31 14.46 14.18 14.31 14.45 14.57 14.56 14.76 14.83 15.16 14.79 14.93 13.99 14.01 14.86 14.98 14.97 14.96 14.75 12.16 12.10 12.08 12.05 12.02 11.95 11.91 11.86 11.82 11.79 11.77 11.77 11.76 11.78 11.77 11.76 11.75 9.78 9.77 11.77 11.74 13.58 10.66 13.54 13.42 12.45 12.31 12.18 12.82 3.51 0.00 0.00 0.00 0.00 0.00 0.00 0.00 0.00 0.00 0.00 0.00 0.00 0.00 0.00 0.00 0.00 0.00 6.47 5.81 2.31 8.66 7.82 5.64 5.73 6.32 5.66 6.77 5.70 6.38 6.39
13.32 13.44 11.33 13.82 13.97 14.40 14.53 14.68 14.40 14.62 15.03 15.65 15.59 15.63 16.08 13.15 15.38 14.85 15.28 14.96 14.95 14.93 14.91 14.69 12.07 12.04 12.01 14.71 14.64 14.31 14.24 11.77 13.49 11.74 11.71 14.29 14.06 14.05 14.03 14.07 12.41 13.76 14.16 13.27 15.43 12.89 14.09 8.45 11.65 15.72 12.84 0.00 0.00 0.00 0.00 0.00 0.00 0.00 0.00 0.00 0.00 0.00 0.00 0.00 0.00 0.00 0.00 0.00 0.00 0.00 0.00 0.00 0.00 6.67 5.82 5.39 8.93 6.91 6.09 6.31 6.32 6.87 6.11
13.37 14.50 13.63 15.48 14.48 14.46 13.08 13.18 14.90 14.97 15.50 15.10 13.53 13.98 7.11 7.98 16.60 14.03 13.60 14.82 15.24 14.90 15.30 15.16 15.54 14.93 15.32 14.96 14.89 14.51 14.32 14.25 18.56 12.74 14.10 14.07 14.17 14.38 13.92 12.16 10.66 12.96 11.04 12.03 14.49 3.75 5.45 7.14 8.91 0.00 0.00 0.00 0.00 0.00 0.00 0.00 0.00 0.00 0.00 0.00 0.00 0.00 0.00 0.00 0.00 0.00 0.00 0.00 0.00 0.00 0.00 0.00 0.00 0.00 0.00 0.00 0.00 10.50 10.08 8.26 6.17 7.04 6.62
13.90 16.63 16.74 17.94 16.94 14.31 5.27 13.23 15.04 15.45 15.54 15.21 12.69 13.57 17.95 10.63 19.25 18.39 17.96 18.71 16.65 16.20 16.18 8.46 17.84 16.95 16.91 15.76 15.26 16.16 12.75 17.70 7.50 16.62 14.01 14.39 14.79 12.98 15.16 3.92 3.48 2.91 13.19 13.16 13.12 6.81 7.65 6.77 0.00 0.00 0.00 0.00 0.00 0.00 0.00 0.00 0.00 0.00 0.00 0.00 0.00 0.00 0.00 0.00 0.00 0.00 0.00 0.00 0.00 0.00 0.00 0.00 0.00 0.00 0.00 0.00 0.00 0.00 0.00 0.00 4.80 6.25 9.24
14.00 16.71 13.73 11.68 15.64 13.52 5.71 4.88 15.40 16.95 17.87 16.62 7.20 16.24 16.68 7.20 7.63 8.49 8.91 13.57 13.55 13.10 4.09 8.03 8.44 16.06 16.01 15.96 16.34 17.56 16.72 15.38 16.18 16.56 15.65 16.04 16.01 4.77 4.76 7.41 6.97 6.40 6.39 3.30 3.28 3.27 3.25 0.00 0.00 0.00 0.00 0.00 0.00 0.00 0.00 0.00 0.00 0.00 0.00 0.00 0.00 0.00 0.00 0.00 0.00 0.00 0.00 0.00 0.00 0.00 0.00 0.00 0.00 0.00 0.00 0.00 0.00 0.00 0.00 0.00 0.00 0.00 0.00
13.07 15.21 14.76 14.14 16.13 17.75 13.23 10.12 16.92 16.56 16.18 7.19 15.82 17.96 15.83 7.21 3.69 0.00 0.00 0.00 0.00 7.61 7.17 0.00 0.00 0.00 0.00 3.51 7.52 7.50 7.50 7.06 7.89 8.31 8.29 7.42 7.84 7.40 6.96 3.87 3.86 2.86 3.28 4.13 3.69 2.81 0.00 0.00 0.00 0.00 0.00 0.00 0.00 0.00 0.00 0.00 0.00 0.00 0.00 0.00 0.00 0.00 0.00 0.00 0.00 0.00 0.00 0.00 0.00 0.00 0.00 0.00 0.00 0.00 0.00 0.00 0.00 0.00 0.00 0.00 0.00 0.00 0.00
13.14 13.25 14.54 12.17 12.26 7.51 16.80 17.74 16.10 16.16 14.40 3.69 14.47 14.47 14.47 7.21 0.00 0.00 0.00 0.00 0.00 0.00 0.00 0.00 0.00 0.00 0.00 0.00 0.00 0.00 0.00 2.48 3.94 3.92 4.76 5.17 4.30 3.86 3.42 3.84 3.83 3.39 3.26 3.67 3.23 0.00 0.00 0.00 0.00 0.00 0.00 0.00 0.00 0.00 0.00 0.00 0.00 0.00 0.00 0.00 0.00 0.00 0.00 0.00 0.00 0.00 0.00 0.00 0.00 0.00 0.00 0.00 0.00 0.00 0.00 0.00 0.00 0.00 0.00 0.00 0.00 0.00 0.00
13.23 12.89 15.06 14.60 15.83 7.10 7.13 7.58 7.60 14.38 14.44 12.33 14.50 14.49 14.49 7.21 0.00 0.00 0.00 0.00 0.00 0.00 0.00 0.00 0.00 0.00 0.00 0.00 0.00 0.00 0.00 0.00 0.00 0.00 0.43 4.30 0.00 0.00 0.00 0.00 0.00 0.00 0.00 0.00 0.00 0.00 0.00 0.00 0.00 0.00 0.00 0.00 0.00 0.00 0.00 0.00 0.00 0.00 0.00 0.00 0.00 0.00 0.00 0.00 0.00 0.00 0.00 0.00 0.00 0.00 0.00 0.00 0.00 0.00 0.00 0.00 0.00 0.00 0.00 0.00 0.00 0.00 0.00
13.75 10.37 14.37 18.23 12.38 18.01 12.53 7.59 15.21 4.97 9.82 8.56 0.00 0.00 0.00 0.00 0.00 0.00 0.00 0.00 0.00 0.00 0.00 0.00 0.00 0.00 0.00 0.00 0.00 0.00 0.00 0.00 0.00 0.00 0.00 0.00 0.00 0.00 0.00 0.00 0.00 0.00 0.00 0.00 0.00 0.00 0.00 0.00 0.00 0.00 0.00 0.00 0.00 0.00 0.00 0.00 0.00 0.00 0.00 0.00 0.00 0.00 0.00 0.00 0.00 0.00 0.00 0.00 0.00 0.00 0.00 0.00 0.00 0.00 0.00 0.00 0.00 0.00 0.00 0.00 0.00 0.00 0.00
13.49 17.09 14.87 10.13 12.44 18.08 12.58 7.18 16.65 5.41 4.57 3.00 2.27 7.29 3.71 6.08 0.00 0.00 0.00 0.00 0.00 0.00 0.00 0.00 0.00 0.00 0.00 0.00 0.00 0.00 0.00 0.00 0.00 0.00 0.00 0.00 0.00 0.00 0.00 0.00 0.00 0.00 0.00 0.00 0.00 0.00 0.00 0.00 0.00 0.00 0.00 0.00 0.00 0.00 0.00 0.00 0.00 0.00 0.00 0.00 0.00 0.00 0.00 0.00 0.00 0.00 0.00 0.00 0.00 0.00 0.00 0.00 0.00 0.00 0.00 0.00 0.00 0.00 0.00 0.00 0.00 0.00 0.00
10.44 17.98 12.70 5.46 17.41 14.15 12.20 15.77 7.63 8.08 4.15 3.72 2.58 8.60 14.55 6.51 0.00 0.00 0.00 0.00 0.00 0.00 0.00 0.00 0.00 0.00 0.00 0.00 0.00 0.00 0.00 0.00 0.00 0.00 0.00 0.00 0.00 0.00 0.00 0.00 0.00 0.00 0.00 0.00 0.00 0.00 0.00 0.00 0.00 0.00 0.00 0.00 0.00 0.00 0.00 0.00 0.00 0.00 0.00 0.00 0.00 0.00 0.00 0.00 0.00 0.00 0.00 0.00 0.00 0.00 0.00 0.00 0.00 0.00 0.00 0.00 0.00 0.00 0.00 0.00 0.00 0.00 0.00
12.83 15.80 7.73 9.12 17.14 14.77 7.62 8.92 5.85 8.09 7.24 8.10 8.10 7.73 7.67 7.66 0.00 0.00 0.00 0.00 0.00 0.00 0.00 0.00 0.00 0.00 0.00 0.00 0.00 0.00 0.00 0.00 0.00 0.00 0.00 0.00 0.00 0.00 0.00 0.00 0.00 0.00 0.00 0.00 0.00 0.00 0.00 0.00 0.00 0.00 0.00 0.00 0.00 0.00 0.00 0.00 0.00 0.00 0.00 0.00 0.00 0.00 0.00 0.00 0.00 0.00 0.00 0.00 0.00 0.00 0.00 0.00 0.00 0.00 0.00 0.00 0.00 0.00 0.00 0.00 0.00 0.00 0.00
17.29 15.30 16.21 9.15 12.36 8.73 16.24 5.42 13.68 18.87 17.84 18.71 16.84 16.40 8.96 8.10 7.23 7.22 7.64 16.66 7.61 7.60 7.58 15.61 0.00 0.00 0.00 0.00 0.00 0.00 0.00 0.00 0.00 0.00 0.00 0.00 0.00 0.00 0.00 0.00 0.00 0.00 0.00 0.00 0.00 0.00 0.00 0.00 0.00 0.00 0.00 0.00 0.00 0.00 0.00 0.00 0.00 0.00 0.00 0.00 0.00 0.00 0.00 0.00 0.00 0.00 0.00 0.00 0.00 0.00 0.00 0.00 0.00 0.00 0.00 0.00 0.00 0.00 0.00 0.00 0.00 0.00 0.00
13.12 14.51 14.55 16.96 9.59 11.59 11.20 8.94 18.04 15.94 13.74 12.33 12.28 12.42 18.72 16.20 15.94 7.23 8.08 16.69 16.21 7.61 7.59 7.74 15.56 3.51 0.00 0.00 0.00 0.00 0.00 0.00 0.00 0.00 0.00 0.00 0.00 0.00 0.00 0.00 0.00 0.00 0.00 0.00 0.00 0.00 0.00 0.00 0.00 0.00 0.00 0.00 0.00 0.00 0.00 0.00 0.00 0.00 0.00 0.00 0.00 0.00 0.00 0.00 0.00 0.00 0.00 0.00 0.00 0.00 0.00 0.00 0.00 0.00 0.00 0.00 0.00 0.00 0.00 0.00 0.00 0.00 0.00
13.48 7.86 6.58 7.45 5.67 11.63 12.67 17.46 14.77 14.37 12.34 12.35 12.30 12.30 14.20 14.17 14.57 14.50 12.40 15.87 14.37 11.64 14.42 14.34 14.56 15.93 3.94 15.43 0.00 0.00 0.00 0.00 0.00 0.00 0.00 0.00 0.00 0.00 0.00 0.00 0.00 0.00 0.00 0.00 0.00 0.00 0.00 0.00 0.00 0.00 0.00 0.00 0.00 0.00 0.00 0.00 0.00 0.00 0.00 0.00 0.00 0.00 0.00 0.00 0.00 0.00 0.00 0.00 0.00 0.00 0.00 0.00 0.00 0.00 0.00 0.00 0.00 0.00 0.00 0.00 0.00 0.00 0.00
12.72 7.02 6.60 3.53 14.07 10.54 12.28 11.01 14.38 14.41 12.31 12.32 12.27 12.27 12.26 12.25 13.67 12.48 15.95 19.22 12.58 14.34 14.02 16.46 13.85 13.76 13.22 12.78 15.35 7.04 3.51 0.00 0.00 0.00 0.00 0.00 0.00 0.00 0.00 0.00 0.00 0.00 0.00 0.00 0.00 0.00 0.00 0.00 0.00 0.00 0.00 0.00 0.00 0.00 0.00 0.00 0.00 0.00 0.00 0.00 0.00 0.00 0.00 0.00 0.00 0.00 0.00 0.00 0.00 0.00 0.00 0.00 0.00 0.00 0.00 0.00 0.00 0.00 0.00 0.00 0.00 0.00 0.00
10.72 6.61 6.62 4.42 12.95 12.82 11.03 12.90 10.39 12.32 13.75 12.34 12.30 12.29 12.29 12.27 14.43 14.69 17.85 15.32 12.18 12.60 14.05 11.93 11.80 13.78 14.53 12.72 13.68 15.70 7.01 6.98 0.00 0.00 0.00 0.00 0.00 0.00 0.00 0.00 0.00 0.00 0.00 0.00 0.00 0.00 0.00 0.00 0.00 0.00 0.00 0.00 0.00 0.00 0.00 0.00 0.00 0.00 0.00 0.00 0.00 0.00 0.00 0.00 0.00 0.00 0.00 0.00 0.00 0.00 0.00 0.00 0.00 0.00 0.00 0.00 0.00 0.00 0.00 0.00 0.00 0.00 0.00
3.96 7.48 7.92 10.15 11.69 11.48 12.17 12.90 12.91 12.93 14.49 12.36 12.32 12.31 12.31 14.25 14.47 7.70 19.58 11.84 11.79 15.44 13.85 11.96 11.82 11.75 13.70 14.45 12.72 12.20 12.53 6.98 6.95 0.00 0.00 0.00 0.00 0.00 0.00 0.00 0.00 0.00 0.00 0.00 3.03 0.00 0.00 0.00 0.00 0.00 0.00 2.35 6.64 7.04 6.59 7.86 0.00 0.00 0.00 0.00 0.00 0.00 0.00 0.00 0.00 0.00 0.00 0.00 0.00 0.00 0.00 0.00 0.00 0.00 0.00 0.00 0.00 0.00 0.00 0.00 0.00 0.00 0.00
7.49 7.93 4.43 13.28 15.07 13.77 16.00 14.32 12.95 10.43 12.37 12.38 12.33 12.33 12.33 14.28 14.50 14.89 16.48 14.35 14.28 14.21 12.04 11.98 11.84 11.77 11.69 13.61 13.96 16.92 17.79 15.51 6.95 6.92 6.89 6.85 0.00 0.00 0.00 0.00 0.00 0.00 7.02 3.05 3.01 2.97 2.47 2.44 2.41 2.38 5.87 12.04 11.53 6.32 8.30 2.34 2.32 0.00 0.00 0.00 0.00 0.00 0.00 0.00 0.00 0.00 0.00 0.00 0.00 0.00 0.00 0.00 0.00 0.00 0.00 0.00 0.00 0.00 0.00 0.00 0.00 0.00 0.00
