New_Model_Runs/2_scn1_noclimate_out/post_prcessed_with_MFR/Monthly_summaries/net_infiltration_monthly_AUG.asc
NCOLS 700
NROWS 400
XLLCENTER 515000.000000
YLLCENTER 8409000.000000
CELLSIZE 50.000000
NODATA_value -999.000000
[rows 228 to 265 of 400, columns 168 to 251 of 700]
10.83 9.92 11.04 11.18 9.97 9.99 10.00 10.02 10.04 10.05 10.07 10.09 10.10 10.12 10.33 11.73 9.92 13.56 7.54 14.03 12.71 13.16 12.73 12.74 7.12 10.70 10.49 11.15 10.05 10.70 11.14 10.92 9.99 10.43 11.77 11.12 9.64 9.62 9.59 9.57 9.54 9.51 9.48 9.45 9.78 9.82 10.23 8.12 10.59 9.22 9.18 9.14 9.54 9.10 9.01 7.35 8.91 9.37 7.16 7.28 7.13 7.85 7.80 7.13 4.96 7.08 7.03 6.99 6.93 6.87 6.82 6.76 6.70 6.64 6.59 6.53 6.40 6.35 6.30 6.25 6.76 6.71 6.70 6.62
10.81 9.90 10.84 10.85 9.95 9.97 9.98 10.00 10.25 10.23 10.05 10.26 10.28 10.10 10.12 10.13 10.15 10.17 10.62 15.15 14.03 4.36 13.17 12.29 7.11 14.27 13.74 13.19 14.87 13.63 13.63 13.18 6.67 7.99 10.41 9.95 9.49 10.57 7.42 9.65 9.54 9.51 9.48 9.45 9.41 10.05 10.73 8.12 8.54 8.07 9.18 9.13 9.09 7.29 7.27 7.24 7.24 7.21 7.15 7.27 7.12 7.24 7.82 7.12 7.11 4.91 7.02 6.96 6.91 6.85 6.79 7.28 7.21 7.15 7.10 6.50 6.37 6.31 6.26 6.22 6.73 6.70 6.77 6.58
9.42 9.43 9.44 9.45 9.50 9.51 9.52 10.93 10.19 10.01 10.03 10.05 10.26 10.08 10.10 10.12 10.33 10.15 10.16 10.18 13.13 13.15 10.41 11.31 10.91 9.99 14.10 14.10 10.00 13.54 7.56 3.48 9.54 14.50 13.60 6.76 13.12 3.90 11.66 8.99 9.41 10.00 9.47 9.44 9.40 2.49 13.02 11.30 11.27 9.27 9.17 9.06 9.02 9.48 9.44 7.23 7.23 7.18 7.13 7.26 7.11 7.23 7.18 7.10 7.09 7.05 6.99 6.94 6.88 6.82 7.30 7.23 7.18 7.13 6.52 6.47 6.33 6.28 6.23 6.21 6.69 7.15 6.72 6.54
9.39 9.40 9.41 9.43 9.47 9.49 9.50 10.53 9.51 10.92 10.93 10.02 10.04 10.06 10.07 10.28 10.11 10.12 10.14 11.29 8.60 10.18 13.58 6.13 11.74 10.86 9.54 10.87 4.81 14.50 8.54 4.37 9.97 10.40 9.50 13.12 13.98 13.97 7.97 13.05 9.39 10.87 9.34 9.31 10.10 12.88 10.87 11.29 10.82 9.58 9.54 9.05 9.00 9.46 9.42 9.38 9.38 7.16 7.29 7.24 7.25 7.21 7.16 7.78 7.66 7.60 7.54 6.92 8.55 7.39 6.74 7.20 7.15 6.55 6.49 6.43 6.30 6.27 6.22 6.17 6.78 6.72 6.54 6.31
9.46 9.47 9.48 9.50 9.53 9.54 11.27 10.40 9.54 9.60 9.56 11.21 10.01 10.03 9.35 10.29 10.08 10.09 10.11 10.13 10.34 10.16 10.29 13.57 14.70 14.94 12.71 14.71 12.71 13.59 13.59 7.99 13.37 14.02 12.67 13.51 10.43 11.74 11.23 13.92 12.56 12.54 13.79 12.93 13.27 13.31 11.79 14.05 10.50 9.68 9.64 9.61 9.61 9.57 9.52 9.48 9.43 8.74 7.40 7.37 7.37 7.20 7.28 7.69 8.98 7.57 5.72 7.44 6.86 7.25 7.91 6.82 6.60 6.54 6.48 6.42 6.28 6.22 6.17 6.51 6.62 6.56 6.51 6.46
9.43 9.44 9.45 9.46 9.49 10.35 9.52 9.53 9.51 9.52 9.53 10.32 10.31 9.52 9.53 11.20 10.23 10.06 10.08 10.09 10.11 10.12 10.48 11.03 10.15 10.39 9.51 10.17 9.51 9.22 14.23 3.91 11.03 9.05 8.59 11.77 13.47 8.93 8.91 9.98 9.80 8.89 10.81 8.39 10.05 9.66 10.44 14.02 10.47 8.98 10.31 10.40 10.40 9.54 9.50 9.45 8.77 8.71 8.66 7.26 7.25 7.17 7.12 7.07 7.59 6.62 10.09 7.84 7.79 6.49 6.43 5.94 7.06 6.50 6.43 6.37 6.24 6.18 6.94 6.47 6.57 6.51 6.46 6.41
9.39 9.40 9.42 9.43 9.46 10.31 9.49 9.50 9.47 9.49 9.50 9.51 9.48 9.49 9.73 10.39 10.00 10.02 10.04 10.05 10.07 13.02 9.44 10.75 10.12 10.12 10.13 10.13 10.13 9.03 10.80 12.65 10.57 9.24 9.85 10.27 12.99 11.72 10.23 10.20 10.57 10.53 10.50 10.46 9.22 11.33 10.41 10.99 10.96 9.56 9.18 9.13 8.09 9.67 10.26 10.20 8.74 8.68 8.63 8.65 7.23 7.14 7.09 7.04 7.55 8.38 6.17 9.74 9.69 10.08 8.05 8.99 7.01 6.46 6.39 6.33 6.73 6.36 6.68 6.63 6.52 6.46 6.41 6.35
9.35 9.36 9.37 9.39 9.42 11.17 9.45 9.46 9.44 9.45 9.46 9.48 9.44 9.46 9.47 10.86 9.96 10.83 9.99 10.00 10.02 10.04 10.05 10.06 10.07 10.31 10.27 10.08 10.09 9.00 10.82 10.31 10.30 10.78 9.41 10.34 9.66 11.69 10.19 10.16 10.97 10.95 10.46 10.76 10.90 10.86 10.45 8.20 10.93 13.15 13.10 9.09 3.22 8.62 9.63 9.38 9.42 8.92 8.41 8.61 7.20 7.11 7.06 7.01 7.01 7.91 10.41 5.64 8.14 6.86 6.36 7.04 6.95 6.93 6.35 6.74 6.68 6.69 6.63 6.38 6.47 6.41 6.36 6.30
9.38 9.40 9.41 9.43 9.46 9.47 9.49 9.50 9.46 9.47 9.49 9.50 9.43 9.45 9.46 9.47 9.40 10.77 9.94 9.95 9.97 9.98 10.00 10.01 10.02 10.26 10.27 10.27 10.04 10.27 7.63 10.75 10.70 10.69 10.23 10.20 9.28 13.22 10.15 10.56 9.27 11.28 10.48 10.45 10.59 10.55 10.51 10.47 8.13 10.43 10.87 13.04 12.70 10.66 8.98 9.37 7.80 8.77 7.10 7.80 7.19 7.10 8.05 6.25 8.37 9.78 2.14 7.72 7.20 8.47 7.07 6.56 6.42 6.35 7.66 6.83 6.68 6.62 6.56 6.50 6.47 6.41 6.35 6.30
9.33 9.35 9.36 9.38 9.41 10.26 9.44 9.45 9.42 9.43 9.44 9.46 9.39 9.40 9.42 9.43 9.36 10.94 10.11 9.90 9.91 9.93 9.94 9.95 9.96 9.97 10.21 10.22 9.98 10.22 7.59 9.30 9.97 9.95 10.63 10.16 10.13 9.67 13.72 10.50 11.26 10.79 10.44 10.40 10.55 10.51 10.47 10.42 10.75 8.50 10.41 9.62 12.22 12.17 11.24 10.99 7.40 7.36 8.70 8.20 8.14 7.64 7.82 8.21 7.88 5.77 2.57 6.00 6.14 5.89 7.46 6.98 6.38 6.31 6.24 6.18 6.43 6.56 6.50 6.44 6.42 6.36 6.30 6.24
9.28 9.30 9.31 9.33 9.36 9.37 9.39 9.40 9.37 9.38 9.39 9.41 9.34 9.36 9.37 9.38 9.43 9.80 10.05 9.84 9.85 9.87 9.88 10.08 9.90 9.91 10.46 10.69 9.93 10.99 7.55 12.13 9.91 10.08 9.88 10.10 10.67 9.62 8.78 8.32 10.77 10.42 10.39 10.43 10.50 10.46 9.53 10.45 10.83 10.07 9.63 9.57 8.02 9.80 9.74 7.93 10.94 10.51 6.40 8.60 8.08 8.02 8.40 6.17 11.02 6.71 6.02 6.79 7.12 7.48 6.97 6.93 6.80 6.73 6.20 6.73 6.58 6.51 6.45 6.39 6.84 6.30 6.24 6.35
9.22 9.24 9.26 9.27 9.30 9.32 9.34 9.35 9.31 9.33 9.34 9.36 9.29 9.31 9.32 9.33 9.27 9.74 9.76 9.77 9.79 9.80 9.81 9.49 9.50 9.85 10.09 10.63 10.60 10.60 10.60 10.59 10.54 9.84 10.63 10.51 9.14 10.21 10.20 10.66 10.40 10.44 10.41 10.38 10.45 9.52 9.47 8.93 10.71 11.04 8.07 10.25 8.42 8.81 9.52 7.67 8.28 7.78 9.55 10.65 6.28 8.42 6.63 6.58 9.71 7.27 6.59 6.36 8.38 7.42 7.52 6.82 6.74 6.22 6.15 6.68 6.52 6.46 6.40 6.34 6.30 6.24 6.35 6.29
9.21 9.22 9.24 9.26 9.25 10.08 9.29 9.30 9.25 9.26 9.28 9.29 9.22 9.23 9.25 9.26 9.45 9.46 9.68 9.50 9.95 9.25 9.26 9.42 9.44 9.45 10.02 10.61 10.58 10.57 10.57 10.56 7.45 7.44 7.43 10.44 10.42 11.33 9.90 10.43 10.47 10.44 10.41 10.45 10.44 9.45 9.65 10.30 4.20 3.75 9.03 8.54 9.25 9.20 9.46 9.25 7.78 7.73 8.12 8.04 10.75 11.15 7.47 7.86 12.25 3.22 7.19 7.96 8.47 6.92 6.84 7.37 6.68 6.15 6.68 6.60 6.50 6.43 6.37 6.87 6.31 6.25 6.35 6.29
9.14 9.96 9.18 9.19 9.19 9.21 9.22 9.24 9.19 9.20 9.22 10.01 9.16 9.18 9.19 9.20 9.38 9.40 9.41 9.43 9.96 9.20 9.21 9.36 9.23 9.23 10.54 10.54 10.51 10.51 10.50 10.50 10.41 10.40 10.39 10.37 10.43 10.41 10.31 10.37 10.41 10.38 10.42 10.39 9.67 9.39 9.39 9.34 9.74 8.89 8.85 9.83 8.31 8.70 9.39 8.86 8.25 8.14 8.95 9.34 4.38 5.26 11.94 11.45 10.83 7.27 6.33 7.02 6.94 6.86 6.78 6.32 6.58 6.70 6.62 6.55 6.44 6.38 6.31 6.25 6.25 6.35 6.29 6.22
9.07 9.09 9.11 9.13 9.12 9.94 9.96 10.69 9.12 9.13 11.15 9.93 9.10 9.11 9.13 9.14 9.08 9.32 9.34 9.12 9.13 9.14 9.15 9.16 9.17 9.18 9.18 9.18 10.43 10.43 10.43 10.43 10.42 10.41 10.39 10.38 10.36 10.34 10.32 10.30 10.41 10.38 10.35 10.32 9.65 9.80 9.76 9.46 10.23 8.39 8.34 7.86 9.00 8.94 8.88 8.25 8.19 7.62 8.89 7.53 7.92 5.69 8.71 6.89 9.58 9.90 7.03 7.41 6.90 6.82 6.73 6.27 6.72 6.64 6.57 6.49 6.39 6.32 6.26 6.35 6.35 6.29 6.22 6.16
9.22 9.24 9.26 9.28 9.28 9.07 9.09 9.11 9.27 9.29 9.08 9.10 9.81 9.83 9.85 9.72 9.24 9.25 9.26 9.28 9.29 9.30 9.09 9.10 9.11 9.12 9.12 9.12 9.32 9.32 10.43 10.43 10.34 10.33 10.32 10.31 10.29 10.27 10.25 10.23 10.34 10.32 10.28 10.06 9.11 9.29 9.94 7.93 8.49 10.06 10.45 9.69 8.93 8.87 8.25 8.19 8.13 8.07 7.95 7.89 7.88 9.16 7.34 7.46 6.95 9.04 7.41 7.34 6.84 7.21 6.75 6.22 6.66 6.59 6.51 6.44 6.33 6.26 6.36 6.19 6.29 6.22 6.16 5.92
9.12 9.14 10.34 9.74 9.11 10.02 9.14 9.16 9.10 9.12 9.13 9.15 9.12 9.14 9.16 9.18 9.17 9.18 9.18 9.20 9.25 9.26 9.27 9.28 9.11 9.11 9.12 9.12 9.31 9.31 9.31 10.42 10.31 10.30 10.29 10.28 10.30 10.28 10.26 10.24 10.29 10.26 10.23 9.29 9.50 9.46 9.42 9.37 9.97 9.92 10.31 10.26 7.68 7.64 8.18 8.13 8.07 8.01 7.45 7.83 7.39 7.97 7.20 6.96 9.49 7.44 7.35 6.83 6.78 7.21 7.14 6.76 6.68 6.56 6.48 6.41 6.32 6.25 6.19 6.12 6.25 6.18 6.12 5.84
9.04 9.06 9.08 9.10 9.03 9.05 9.88 9.08 9.02 9.04 9.06 9.08 9.05 9.07 9.09 9.10 9.09 9.11 9.54 9.14 9.18 9.19 9.20 9.21 9.26 9.26 9.27 9.27 9.25 9.25 9.25 10.34 10.23 10.22 10.21 10.20 10.22 10.20 10.18 10.06 10.21 10.18 9.24 9.21 9.17 8.54 9.99 9.95 9.89 6.94 9.79 10.19 3.17 8.01 8.56 8.06 8.00 7.94 7.83 6.50 6.45 6.58 7.14 7.52 11.08 7.38 7.31 5.21 6.78 6.71 6.78 5.76 7.06 6.47 6.61 6.35 6.26 6.20 6.49 6.05 6.53 6.12 6.06 5.77
8.96 10.35 9.00 9.01 8.95 8.97 9.77 9.00 8.94 8.96 8.98 8.76 8.95 8.98 9.01 9.02 9.02 8.91 8.94 9.06 9.10 9.11 9.13 9.14 9.18 9.19 9.20 9.20 9.17 9.17 9.17 9.17 10.15 10.14 10.13 10.11 10.14 10.12 10.10 10.08 10.13 10.10 9.40 9.19 9.08 9.96 9.92 6.95 6.92 6.88 6.84 10.11 8.88 9.27 2.74 7.99 7.93 7.87 6.70 7.52 7.46 5.47 6.31 9.89 9.95 6.70 7.25 6.80 6.72 6.79 5.33 5.71 5.20 5.13 6.37 6.30 6.21 6.70 6.22 6.15 6.13 6.06 5.76 5.70
8.88 8.89 8.91 8.93 8.86 8.88 8.90 8.92 8.86 8.88 8.90 8.66 8.86 8.88 8.91 8.95 9.15 8.81 8.84 8.98 9.02 9.04 9.05 9.06 9.11 9.12 9.12 9.13 9.10 9.91 9.10 9.10 9.01 10.05 10.23 10.03 10.05 10.04 10.02 10.00 10.04 10.02 9.99 9.03 9.14 9.21 11.00 6.89 6.85 6.81 9.64 8.44 7.93 3.56 8.77 8.11 7.86 7.31 7.25 7.64 7.14 7.08 2.06 10.28 6.26 5.35 6.18 7.64 7.10 6.73 5.28 5.77 6.48 6.90 6.32 6.24 6.23 6.24 6.17 6.09 6.06 6.00 5.69 5.63
8.74 8.76 9.55 8.79 8.73 8.75 8.77 8.79 8.74 8.76 9.29 8.81 8.80 8.78 8.83 8.85 8.88 8.71 9.58 8.91 8.95 8.97 8.98 10.37 9.05 9.06 9.06 9.07 9.85 9.04 9.04 9.04 9.00 10.04 10.03 10.02 10.03 10.01 9.99 9.97 9.92 9.89 9.87 9.84 9.16 8.87 10.92 6.82 6.78 6.74 9.57 9.02 8.74 8.84 7.90 8.04 7.30 7.25 7.19 7.13 6.31 6.26 2.04 6.10 6.23 6.18 6.12 6.63 5.79 5.29 6.96 6.88 6.42 6.41 6.28 6.25 12.79 6.09 6.01 5.84 6.04 5.98 5.63 6.44
8.65 8.67 8.69 8.71 8.64 8.66 8.68 8.70 8.65 8.67 8.06 9.52 9.69 9.71 10.80 8.76 9.31 9.04 7.76 8.82 8.87 8.88 8.90 8.91 8.97 8.98 8.98 8.99 8.96 8.96 8.96 8.96 8.93 9.94 9.94 9.93 9.94 9.92 9.90 9.88 9.83 6.91 6.89 6.87 9.68 10.85 7.47 6.75 6.71 6.67 9.32 9.44 8.21 8.77 7.83 7.96 7.24 7.18 7.12 7.06 5.81 7.21 2.03 9.42 6.63 7.16 5.19 6.69 7.21 6.53 6.45 6.82 6.35 5.10 6.22 5.42 13.43 16.29 12.60 5.87 5.80 5.92 5.56 5.40
8.56 8.58 8.60 8.62 8.55 8.57 8.59 9.36 8.56 9.53 9.56 9.41 9.42 9.60 9.79 8.69 9.66 8.70 9.24 9.26 8.78 8.80 8.81 8.82 8.88 8.89 8.90 8.90 8.88 8.88 8.88 8.88 8.85 8.84 9.84 9.83 9.84 9.83 9.81 9.79 9.74 6.84 6.81 6.79 6.76 6.74 6.70 6.67 6.64 6.60 8.71 8.66 9.05 7.80 7.75 8.14 10.62 7.12 7.05 5.37 5.76 5.84 6.23 9.37 6.72 6.65 6.70 6.62 7.03 6.47 6.39 6.36 6.28 5.67 6.24 5.37 17.18 12.62 16.18 12.49 4.60 4.54 4.51 13.64
8.47 8.49 8.51 8.52 8.46 8.48 9.23 8.52 8.47 8.49 9.45 9.29 9.30 9.49 8.55 9.37 9.55 9.41 9.13 9.15 8.69 8.71 8.72 8.73 8.79 8.80 8.81 9.59 9.57 8.80 8.80 8.80 8.76 9.74 9.74 9.73 9.74 9.73 9.71 9.69 9.64 6.76 6.73 6.71 6.69 6.66 6.63 6.60 6.56 9.36 8.62 8.56 8.25 7.72 8.12 6.74 11.62 10.67 5.36 5.88 2.50 5.79 5.29 9.31 6.50 7.59 6.63 6.55 6.48 6.40 6.38 6.30 6.22 6.35 6.14 5.47 16.85 12.56 12.50 16.06 12.37 12.34 12.81 13.23
8.41 8.43 8.45 8.46 8.41 8.43 8.45 8.47 8.39 8.41 8.43 9.36 9.33 9.35 8.42 9.45 9.41 9.28 9.30 8.53 8.61 8.63 8.64 8.66 9.51 8.76 8.76 9.53 8.77 8.77 8.77 8.77 8.75 9.73 9.73 9.72 9.69 9.68 9.66 9.64 9.51 6.67 6.65 6.63 7.40 7.37 8.21 7.73 9.33 9.29 8.52 8.47 8.98 7.64 8.04 7.98 7.46 6.97 10.59 6.27 6.67 5.73 8.87 6.50 7.01 7.83 7.89 6.49 6.41 6.39 6.31 6.23 6.24 6.07 5.99 5.91 12.58 13.10 13.03 16.01 12.35 9.17 12.78 16.36
8.31 8.33 8.35 8.36 8.31 8.33 9.05 8.37 8.29 8.31 8.41 8.46 9.05 8.27 8.55 8.66 9.14 9.16 9.18 8.44 8.52 8.53 8.55 8.56 9.39 8.66 9.43 8.68 8.68 8.68 8.68 8.69 8.67 9.63 9.62 9.62 9.58 9.57 9.56 9.54 9.41 10.57 6.57 7.34 7.31 8.63 9.04 8.56 9.24 8.47 8.42 8.11 8.32 5.81 6.22 8.26 7.43 7.37 6.89 10.29 10.24 6.08 10.14 7.59 7.08 8.33 6.93 6.42 6.40 6.32 6.24 6.55 6.09 6.10 4.83 4.77 4.71 8.27 16.03 8.20 15.96 12.79 9.30 9.28
8.21 8.23 8.24 8.26 8.21 8.23 8.25 8.27 8.88 8.21 8.23 8.33 8.92 8.14 8.17 8.20 9.02 9.20 9.06 8.34 8.42 8.44 8.45 8.47 8.56 8.57 8.58 8.59 8.59 8.59 8.60 8.60 8.58 9.52 9.52 9.51 9.48 9.47 9.45 9.60 9.31 10.43 6.48 8.59 8.56 8.53 8.49 8.45 9.14 8.37 8.06 8.01 7.52 7.50 7.45 7.40 7.79 15.58 14.64 6.16 5.67 7.37 11.64 7.52 6.58 6.97 6.91 6.85 6.77 6.25 6.18 6.10 6.02 5.94 4.78 4.72 4.65 5.04 4.56 4.52 16.36 12.24 12.70 9.27
7.04 8.56 8.14 8.16 8.10 8.12 8.14 8.16 8.71 8.11 8.13 9.00 6.91 8.01 8.19 8.06 8.39 8.91 9.10 8.25 8.33 8.34 8.36 8.37 8.46 8.47 8.48 8.49 8.49 8.50 8.50 8.51 9.41 9.41 9.40 9.40 9.37 9.36 9.50 9.33 9.20 9.18 6.39 8.48 8.19 9.06 9.02 8.35 8.31 8.00 7.96 7.91 7.46 7.42 7.37 14.72 15.56 14.01 15.01 5.21 1.55 6.24 6.99 10.21 11.48 10.54 6.52 10.75 10.06 9.81 9.74 9.66 6.05 4.79 4.73 4.67 4.63 4.57 8.68 8.11 13.22 16.79 16.28 12.60
7.70 8.05 8.07 8.08 8.00 9.31 8.04 8.62 7.95 7.97 7.99 8.06 7.84 7.87 7.90 8.18 8.21 8.23 8.95 8.13 8.25 8.27 8.28 8.30 9.31 8.42 8.43 8.43 8.47 8.47 9.40 9.40 9.41 9.41 9.41 9.40 9.32 9.31 9.30 9.28 9.06 9.04 9.02 9.00 8.94 8.91 8.88 8.85 8.20 8.16 7.85 8.06 7.37 7.33 7.28 14.64 16.73 18.61 18.56 10.09 8.97 10.10 9.76 9.71 7.80 7.74 6.78 7.15 5.49 6.12 6.04 5.97 4.80 4.74 4.68 4.64 5.59 5.62 5.55 4.44 13.37 13.11 12.47 16.18
6.24 7.35 8.61 7.97 7.89 7.91 7.93 8.45 7.93 7.96 7.98 7.91 7.69 7.72 8.00 8.03 8.06 8.09 8.12 8.02 8.15 8.16 8.18 9.05 9.18 9.34 8.32 8.33 9.26 9.27 9.28 9.28 9.29 9.29 9.29 9.28 9.20 9.19 9.18 9.17 8.95 8.93 8.91 8.89 8.84 8.81 8.78 8.74 7.82 7.78 7.74 7.69 7.28 7.24 14.61 16.71 17.11 18.83 14.08 6.21 6.29 6.56 11.03 9.65 7.62 6.04 6.26 6.19 6.12 6.05 5.97 5.90 4.75 4.72 4.66 5.02 5.64 6.01 4.90 4.93 16.76 13.32 12.57 13.23
6.62 6.57 7.78 8.40 8.34 7.89 7.91 7.93 7.89 7.91 8.62 7.76 7.79 7.82 8.62 8.64 8.68 8.70 8.69 7.91 8.04 8.05 8.07 8.92 9.05 9.07 8.22 8.23 9.13 9.43 9.15 9.16 9.16 9.17 9.17 9.16 9.09 9.08 9.07 9.20 8.96 8.82 8.80 8.78 8.73 8.74 8.70 7.75 7.71 7.67 7.62 7.59 14.60 13.09 18.15 17.09 18.80 14.06 13.57 6.57 6.58 7.34 11.05 10.35 9.66 6.87 6.63 6.12 6.14 5.98 6.00 5.84 5.77 5.70 5.62 5.99 5.58 5.96 4.41 12.70 16.27 16.22 12.53 12.77
6.48 6.40 7.31 7.84 7.83 7.85 7.87 7.89 7.77 8.43 8.45 7.63 7.66 7.69 8.50 8.52 8.56 8.59 8.59 8.61 7.92 7.94 7.96 8.79 8.91 8.93 8.94 8.96 9.00 9.01 9.02 9.03 9.04 9.04 9.04 9.04 9.10 8.96 8.95 8.94 8.72 8.74 8.72 8.70 8.65 8.62 8.61 8.58 7.87 7.56 7.52 14.55 14.52 13.02 14.88 18.14 14.47 15.81 15.25 6.49 6.88 6.52 6.46 7.20 10.23 9.55 7.00 6.49 5.98 6.01 5.85 5.78 5.71 5.17 6.01 5.86 5.37 4.43 4.90 12.66 12.89 16.17 12.49 13.13
7.01 7.03 11.12 8.21 7.73 7.71 7.73 8.02 7.67 8.31 8.28 8.30 8.27 8.30 8.33 8.35 8.48 8.51 8.46 8.48 7.88 7.90 8.32 8.66 9.42 8.87 8.80 8.82 8.90 8.92 8.93 8.93 9.08 8.95 8.95 8.95 8.95 8.82 8.82 8.81 8.63 8.61 8.62 8.60 8.52 8.30 8.46 8.43 8.50 7.44 7.40 7.04 7.00 13.94 13.15 18.50 14.83 15.22 6.34 6.47 14.68 14.18 6.30 7.13 6.80 9.94 6.26 6.42 5.92 5.85 5.78 5.72 5.65 5.58 5.06 5.44 6.25 5.67 4.85 12.62 16.63 12.51 13.15 13.09
7.06 6.63 10.30 7.38 7.63 8.33 7.67 7.67 7.56 8.11 8.13 8.16 8.13 7.94 8.18 8.21 8.27 8.36 8.37 8.34 8.47 7.85 7.87 7.89 8.66 8.68 8.69 16.48 8.76 8.90 8.79 8.80 8.81 8.82 8.82 8.82 8.74 8.73 8.73 8.72 8.53 8.51 8.50 8.48 8.40 8.38 8.35 8.32 8.39 8.36 8.37 7.64 7.21 6.03 14.69 13.49 14.30 14.20 14.26 14.21 14.16 14.10 6.22 7.05 6.92 10.05 6.67 4.85 5.95 5.79 6.16 6.10 5.59 5.52 5.45 5.38 5.69 4.87 4.81 16.21 16.59 13.35 13.55 13.61
6.44 7.19 10.11 6.79 7.51 7.53 7.54 7.56 7.44 7.46 7.99 8.01 7.76 7.79 8.09 8.07 8.13 8.15 8.17 8.20 8.32 7.77 7.75 7.77 7.89 8.55 8.57 16.46 16.46 16.47 8.68 8.69 8.71 8.71 8.81 8.72 8.60 8.66 8.60 8.61 8.40 8.39 8.37 8.36 8.28 8.26 8.23 8.20 8.28 8.24 8.21 7.54 7.59 7.50 14.74 13.55 14.28 14.12 14.63 14.13 14.52 14.47 6.68 6.63 5.97 9.10 7.06 6.74 5.79 5.82 7.09 5.03 5.53 5.46 5.39 5.32 6.08 4.82 12.59 12.87 12.48 13.57 13.98 13.77
6.29 6.31 6.63 11.10 7.39 7.40 7.71 7.44 7.32 7.33 7.85 6.55 7.84 7.87 7.89 7.92 7.98 8.00 8.03 8.05 8.18 8.20 7.68 7.68 8.00 8.41 8.42 8.44 16.41 16.42 16.44 8.57 8.59 8.60 8.58 8.58 8.49 8.49 8.49 8.48 8.34 8.32 8.25 8.24 8.16 8.14 7.44 7.41 7.38 7.35 8.10 7.44 7.49 7.00 14.27 14.23 14.19 14.15 14.54 14.49 14.65 14.17 6.89 6.91 6.85 9.79 6.56 6.67 6.17 6.65 6.80 5.53 4.52 4.85 5.34 4.89 6.47 5.10 16.62 12.50 12.44 13.27 13.22 14.78
6.45 6.47 6.29 8.96 7.71 7.73 7.30 7.32 7.16 7.17 7.66 7.68 7.67 7.70 7.72 7.75 7.85 7.88 7.90 7.92 8.01 8.03 8.05 7.55 7.66 8.22 8.24 8.26 8.43 16.30 16.31 8.43 8.43 8.44 8.45 8.45 8.30 8.30 8.29 8.29 8.13 8.12 8.11 8.10 8.05 8.03 7.31 7.02 6.99 6.96 7.94 6.76 6.73 6.69 14.18 14.15 14.11 14.07 13.34 14.19 14.15 14.32 6.44 6.83 6.78 9.29 5.18 6.16 6.52 6.36 5.90 5.92 4.97 4.43 5.66 5.29 6.12 13.45 17.91 13.34 13.13 17.14 12.62 5.59
6.31 6.01 6.03 8.83 5.74 5.76 7.18 7.19 7.40 7.05 7.52 7.54 7.53 7.55 7.58 7.60 7.70 7.73 7.75 7.78 7.86 7.88 7.91 7.42 7.54 8.08 8.10 8.12 8.24 8.26 15.55 7.21 8.29 8.30 8.31 8.32 8.16 8.22 8.22 8.16 8.00 8.00 7.99 7.02 7.93 7.91 7.18 6.89 6.86 6.84 6.69 6.66 6.63 14.13 14.10 14.46 14.02 13.98 13.94 13.83 13.20 13.80 14.19 6.58 7.11 6.31 8.75 5.08 5.92 5.90 5.48 5.86 5.80 5.67 5.61 4.80 13.46 17.04 17.43 13.30 12.36 13.05 5.20 5.55
