New_Model_Runs/2_scn1_noclimate_out/post_prcessed_with_MFR/Monthly_summaries/net_infiltration_monthly_FEB.asc
NCOLS 700
NROWS 400
XLLCENTER 515000.000000
YLLCENTER 8409000.000000
CELLSIZE 50.000000
NODATA_value -999.000000
[rows 185 to 221 of 400, columns 328 to 409 of 700]
12.24 13.88 12.23 12.22 13.43 13.41 13.39 13.37 13.36 13.34 13.32 14.90 13.27 13.25 13.22 13.20 15.46 14.25 14.22 14.20 10.52 10.18 10.16 10.15 10.21 10.19 10.17 10.14 10.12 10.09 10.07 10.04 10.02 13.19 13.14 9.93 9.89 9.86 9.82 9.78 9.71 9.67 9.62 9.56 9.47 9.41 9.35 9.28 9.18 9.11 9.04 8.97 8.90 8.82 8.74 8.67 8.61 8.53 8.46 10.35 10.64 9.21 8.11 8.05 7.90 10.33 0.00 0.00 0.00 0.00 0.00 0.00 0.00 0.00 0.00 0.00 0.00 0.00 0.00 0.00 0.00 0.00
12.24 12.24 12.23 12.22 13.42 13.41 13.39 13.37 13.35 13.33 13.30 13.28 13.26 13.23 13.21 15.41 15.44 14.23 14.20 14.18 10.18 10.50 10.14 10.13 10.19 10.16 10.14 10.12 10.09 10.06 10.04 10.00 11.32 9.96 13.09 13.04 12.98 9.82 9.78 9.74 9.67 9.63 9.58 9.53 9.43 9.38 9.31 9.25 9.15 9.08 9.01 8.94 8.87 8.79 8.71 8.64 8.58 8.50 8.43 8.36 9.95 9.69 8.09 8.02 7.87 7.81 7.75 10.97 0.00 0.00 0.00 0.00 0.00 0.00 0.00 0.00 0.00 0.00 0.00 0.00 0.00 0.00
12.24 12.24 12.23 12.22 13.41 13.39 13.37 13.35 13.33 13.31 13.28 13.26 13.23 13.21 13.18 15.39 14.23 14.20 14.18 14.15 14.31 10.14 10.12 10.10 10.16 10.14 10.11 10.09 10.06 10.03 10.00 9.97 11.28 11.24 11.20 14.16 14.11 12.87 9.74 9.70 9.63 9.59 9.54 9.49 9.40 9.34 9.27 9.21 9.11 9.05 8.98 8.90 8.83 8.76 8.68 8.61 8.55 8.47 8.40 9.39 8.20 8.13 8.06 7.99 7.84 7.79 7.73 7.67 10.04 0.00 0.00 0.00 0.00 0.00 0.00 0.00 0.00 0.00 0.00 0.00 0.00 0.00
12.30 12.29 12.29 12.28 13.40 13.38 13.35 13.33 13.31 13.28 13.26 13.23 13.21 13.18 13.15 15.44 10.21 10.19 10.18 10.16 10.19 10.17 11.27 10.13 10.12 10.10 10.07 10.05 10.02 9.99 9.96 9.92 9.91 9.87 12.96 17.02 10.90 9.73 9.69 9.65 9.59 9.55 9.50 9.45 9.37 9.31 9.25 9.19 9.10 9.04 8.97 8.89 8.79 8.71 8.64 8.56 8.44 8.36 8.29 8.22 8.12 8.04 7.98 7.91 7.84 7.78 7.72 6.79 10.52 0.00 0.00 0.00 0.00 0.00 0.00 0.00 0.00 0.00 0.00 0.00 0.00 0.00
12.29 12.29 12.28 12.26 12.18 13.35 13.33 13.31 13.28 13.26 13.23 13.20 13.17 13.15 13.12 13.08 10.19 10.17 10.15 10.13 10.17 10.15 10.12 10.10 10.09 10.07 10.04 10.01 9.99 9.96 9.92 9.89 9.87 11.16 11.10 9.76 11.02 9.69 10.95 10.88 9.55 9.51 9.46 9.41 9.33 9.27 9.21 9.15 9.06 9.00 8.93 8.86 8.75 8.68 8.60 8.53 8.40 8.33 8.26 8.19 8.08 9.54 7.95 7.88 7.81 7.75 6.82 5.46 0.00 0.00 0.00 0.00 0.00 0.00 0.00 0.00 0.00 0.00 0.00 0.00 0.00 0.00
12.28 12.27 12.26 12.25 12.16 12.15 13.30 13.28 13.25 13.22 13.20 13.17 13.14 13.11 13.08 11.41 10.17 10.15 10.13 10.11 10.14 10.12 10.10 10.07 10.06 10.04 10.01 9.98 9.95 9.92 9.88 9.85 9.83 9.79 9.75 9.72 9.68 9.65 9.61 9.57 10.78 9.46 9.41 11.61 12.15 12.06 11.97 11.88 11.76 11.01 11.56 11.45 11.89 8.64 8.56 8.49 8.37 8.29 8.22 8.15 9.59 9.49 9.51 8.28 7.78 10.04 2.19 5.44 0.00 0.00 0.00 0.00 0.00 0.00 0.00 0.00 0.00 0.00 0.00 0.00 0.00 0.00
12.27 12.26 12.24 13.89 12.15 12.13 12.12 12.10 11.93 14.78 13.16 13.13 13.10 13.07 13.03 11.37 10.15 10.13 10.11 10.08 10.11 10.09 10.07 10.04 10.03 10.00 9.97 9.94 9.92 9.88 9.84 9.81 9.79 9.75 9.71 9.67 9.64 9.60 9.56 9.52 9.46 9.42 9.37 9.32 9.24 12.00 14.38 11.82 12.10 12.29 11.65 11.52 11.52 8.60 8.52 8.45 8.33 8.26 8.19 8.12 8.02 7.95 9.45 9.35 7.75 7.33 5.45 10.46 0.00 0.00 0.00 0.00 0.00 0.00 0.00 0.00 0.00 0.00 0.00 0.00 0.00 0.00
12.40 12.39 12.37 12.36 13.86 12.23 12.21 12.20 12.00 11.98 11.96 13.08 13.05 13.02 12.99 11.32 10.16 10.14 10.12 10.10 10.14 10.11 10.09 10.06 10.04 10.01 9.98 9.95 9.92 9.89 9.85 9.81 9.77 9.73 9.69 9.66 9.60 9.57 9.53 9.49 9.41 9.37 9.32 10.50 9.21 9.15 9.09 9.03 12.33 9.49 12.09 10.10 10.01 10.39 8.56 10.00 8.33 8.26 8.19 9.71 8.01 7.95 9.40 9.30 7.76 7.28 5.44 0.00 0.00 0.00 0.00 0.00 0.00 0.00 0.00 0.00 0.00 0.00 0.00 0.00 0.00 0.00
12.37 12.36 12.35 12.34 12.22 12.20 12.19 12.17 11.97 11.95 11.93 11.91 11.87 11.84 12.93 11.28 10.14 10.11 10.09 10.06 10.11 10.08 10.05 10.02 10.00 9.97 9.94 9.91 9.88 9.85 9.81 9.77 9.73 9.69 9.65 9.61 9.56 9.52 9.48 9.44 9.37 9.32 9.27 9.22 9.16 9.11 9.05 8.98 8.96 9.82 14.20 10.84 4.50 9.45 12.16 11.17 8.29 8.22 8.15 8.08 7.98 9.44 9.34 9.14 7.72 10.00 0.00 0.00 0.00 0.00 0.00 0.00 0.00 0.00 0.00 0.00 0.00 0.00 0.00 0.00 0.00 0.00
12.35 14.58 12.32 12.31 12.19 12.17 13.80 12.14 11.93 11.92 11.89 11.87 11.83 11.81 10.07 10.05 10.10 10.08 10.06 10.03 10.07 10.04 10.01 9.99 9.96 9.93 9.90 9.86 9.84 9.80 9.76 9.72 9.68 9.64 9.60 9.56 9.51 9.47 9.43 9.39 9.32 9.27 9.22 9.17 9.11 9.06 9.00 8.94 8.91 10.04 9.07 8.99 8.16 5.26 4.43 11.26 8.65 8.18 8.11 8.05 8.34 9.78 9.58 9.09 7.69 5.28 0.00 0.00 0.00 0.00 0.00 0.00 0.00 0.00 0.00 0.00 0.00 0.00 0.00 0.00 0.00 0.00
12.31 12.30 15.40 12.27 12.15 13.78 12.12 12.10 11.90 11.88 11.86 11.84 11.79 12.97 10.04 10.01 10.07 10.04 10.02 9.99 10.03 10.00 9.97 9.94 9.92 9.89 9.85 9.82 9.79 9.75 9.71 9.67 10.94 9.59 9.56 9.52 9.46 9.42 9.39 9.34 9.27 9.22 9.18 9.12 9.06 9.01 8.95 8.89 8.86 8.79 10.39 9.77 7.26 10.11 4.81 6.46 6.03 11.45 8.47 8.01 8.70 7.71 8.04 8.12 7.66 0.00 0.00 0.00 0.00 0.00 0.00 0.00 0.00 0.00 0.00 0.00 0.00 0.00 0.00 0.00 0.00 0.00
12.37 12.35 12.33 12.32 12.13 12.12 12.10 12.08 11.88 11.86 11.84 11.82 11.79 12.96 10.03 10.01 10.02 11.33 9.97 9.94 9.96 9.93 9.90 9.87 11.17 9.83 9.79 9.76 9.71 9.67 9.63 9.59 9.57 9.53 9.50 9.46 9.46 9.42 9.38 9.34 9.27 9.22 9.17 9.12 9.02 8.97 8.91 8.85 8.80 8.74 9.12 9.75 9.72 8.89 6.87 0.00 0.00 0.00 5.40 10.28 7.73 7.66 9.87 10.00 5.27 0.00 0.00 0.00 0.00 0.00 0.00 0.00 0.00 0.00 0.00 0.00 0.00 0.00 0.00 0.00 0.00 0.00
12.33 12.31 12.29 12.28 12.09 12.07 12.05 12.03 11.84 11.82 11.79 11.77 11.74 10.01 9.99 9.97 9.98 9.95 9.93 9.90 9.92 9.89 11.17 9.83 9.81 11.08 9.74 9.71 9.66 9.62 11.84 9.54 9.52 9.48 10.70 9.41 9.41 9.37 9.33 9.43 9.21 9.17 9.12 9.07 8.97 8.92 8.86 8.80 8.75 8.69 12.05 4.85 7.30 6.47 0.00 0.00 0.00 0.00 0.00 0.00 5.74 11.48 11.02 0.00 0.00 0.00 0.00 0.00 0.00 0.00 0.00 0.00 0.00 0.00 0.00 0.00 0.00 0.00 0.00 0.00 0.00 0.00
12.28 12.26 13.92 13.82 12.04 12.02 12.00 13.53 11.78 11.76 11.74 11.72 11.69 9.96 9.94 9.92 9.93 9.91 9.88 9.85 9.87 9.84 9.81 9.78 9.76 9.73 9.69 9.65 9.60 9.57 9.53 9.49 9.47 9.43 9.39 9.36 9.36 9.32 12.32 12.12 12.04 12.07 11.83 9.01 8.92 8.86 8.81 8.75 8.70 8.64 8.97 3.45 6.88 0.00 0.00 0.00 0.00 0.00 0.00 0.00 0.00 3.28 0.00 0.00 0.00 0.00 0.00 0.00 0.00 0.00 0.00 0.00 0.00 0.00 0.00 0.00 0.00 0.00 0.00 0.00 0.00 0.00
12.24 13.87 12.20 12.18 11.99 11.97 11.95 11.93 11.73 11.71 11.69 11.66 11.63 9.92 9.90 9.87 9.89 9.86 9.83 9.80 9.82 9.79 9.76 9.72 9.71 9.67 9.64 9.60 9.55 9.51 9.47 9.44 9.42 9.38 10.56 10.52 10.51 10.49 9.22 12.42 10.04 12.65 10.71 10.63 8.86 8.81 8.75 11.80 12.09 9.38 8.52 9.90 5.49 0.00 0.00 0.00 0.00 0.00 0.00 0.00 0.00 0.00 0.00 0.00 0.00 0.00 0.00 0.00 0.00 0.00 0.00 0.00 0.00 0.00 0.00 0.00 0.00 0.00 0.00 0.00 0.00 0.00
13.80 12.14 12.12 12.10 11.89 11.86 11.84 14.13 13.19 11.62 11.60 11.58 9.89 11.18 9.84 9.82 9.84 9.81 9.78 9.75 9.75 9.72 9.69 9.66 9.65 9.62 9.58 9.54 9.47 9.43 9.39 9.35 9.31 9.27 9.23 9.20 9.22 9.18 11.31 9.50 11.56 10.69 12.98 12.09 11.60 8.80 11.40 6.16 6.93 12.19 11.73 8.39 10.57 0.00 0.00 0.00 0.00 0.00 0.00 0.00 0.00 0.00 0.00 0.00 0.00 0.00 0.00 0.00 0.00 0.00 0.00 0.00 0.00 0.00 0.00 0.00 0.00 0.00 0.00 0.00 0.00 0.00
12.11 12.09 12.06 13.68 14.80 14.15 13.34 13.26 13.12 11.56 11.54 11.51 9.83 9.81 11.11 9.76 9.78 9.75 9.73 9.70 9.70 9.66 9.63 9.60 9.59 9.56 12.51 12.45 9.41 9.37 9.33 9.30 9.25 9.21 9.18 9.14 9.17 9.13 9.09 9.44 12.92 6.18 4.96 9.68 15.17 8.74 5.76 0.00 0.00 0.00 0.00 10.58 0.00 0.00 0.00 0.00 0.00 0.00 0.00 0.00 0.00 0.00 0.00 0.00 0.00 0.00 0.00 0.00 0.00 0.00 0.00 0.00 0.00 0.00 0.00 0.00 0.00 0.00 0.00 0.00 0.00 0.00
12.06 13.67 12.01 11.98 11.77 11.75 13.27 11.70 11.52 11.50 11.47 11.44 9.78 9.75 9.73 9.70 9.72 9.69 11.99 9.63 9.64 9.60 9.57 9.54 10.82 9.50 12.42 12.36 12.26 9.31 9.28 9.24 9.19 9.16 9.12 9.08 9.11 9.07 9.03 8.98 9.37 10.93 7.82 6.20 0.00 0.00 0.00 0.00 0.00 0.00 0.00 0.00 0.00 0.00 0.00 0.00 0.00 0.00 0.00 0.00 0.00 0.00 0.00 0.00 0.00 0.00 0.00 0.00 0.00 0.00 0.00 0.00 0.00 0.00 0.00 0.00 0.00 0.00 0.00 0.00 0.00 0.00
12.00 11.97 13.55 11.92 11.71 11.68 11.66 11.63 11.45 11.43 11.40 11.38 9.72 9.69 9.67 9.64 9.66 9.63 9.60 9.57 9.57 9.54 9.51 9.47 9.47 12.38 14.94 12.28 12.17 12.11 12.06 9.18 9.14 9.10 9.06 9.02 9.05 9.01 11.69 11.63 12.01 8.23 0.00 0.00 0.00 0.00 0.00 0.00 0.00 0.00 0.00 0.00 0.00 0.00 0.00 0.00 0.00 0.00 0.00 0.00 0.00 0.00 0.00 0.00 0.00 0.00 0.00 0.00 0.00 0.00 0.00 0.00 0.00 0.00 0.00 0.00 0.00 0.00 0.00 0.00 0.00 0.00
11.90 11.87 11.84 11.82 11.59 11.56 11.54 11.51 11.37 11.35 11.32 9.65 9.64 9.61 9.59 9.56 9.58 9.56 9.53 9.50 9.51 9.48 9.44 9.41 9.39 12.27 12.22 12.16 12.11 12.06 12.01 11.96 9.10 9.06 9.02 8.99 8.96 8.92 8.88 11.50 11.43 11.03 0.00 0.00 0.00 0.00 0.00 0.00 0.00 0.00 0.00 0.00 0.00 0.00 0.00 0.00 0.00 0.00 0.00 0.00 0.00 0.00 0.00 0.00 0.00 0.00 0.00 0.00 0.00 0.00 0.00 0.00 0.00 0.00 0.00 0.00 0.00 0.00 0.00 0.00 0.00 0.00
11.83 11.80 11.78 11.75 11.52 11.50 11.47 11.44 11.30 11.27 11.25 9.59 9.57 9.55 9.52 9.50 9.52 9.49 9.46 9.43 9.44 9.41 9.38 9.35 9.33 9.29 12.12 12.07 12.02 13.04 11.92 11.87 9.04 9.00 8.96 8.92 8.90 8.86 8.81 11.40 8.72 10.95 0.00 0.00 0.00 0.00 0.00 0.00 0.00 0.00 0.00 0.00 0.00 0.00 0.00 0.00 0.00 0.00 0.00 0.00 0.00 0.00 0.00 0.00 0.00 0.00 0.00 0.00 0.00 0.00 0.00 0.00 0.00 0.00 0.00 0.00 0.00 0.00 0.00 0.00 0.00 0.00
11.76 11.74 11.71 11.68 11.45 11.42 11.40 11.37 11.23 12.69 12.68 9.53 9.51 10.74 9.46 9.43 9.45 9.42 9.39 9.36 10.63 9.34 9.31 9.28 9.26 9.23 9.19 11.98 11.93 11.88 11.83 11.77 8.97 8.94 8.90 8.86 8.83 8.79 8.75 8.70 8.66 10.87 0.00 0.00 0.00 0.00 0.00 0.00 0.00 0.00 0.00 0.00 0.00 0.00 0.00 0.00 0.00 0.00 0.00 0.00 0.00 0.00 0.00 0.00 0.00 0.00 0.00 0.00 0.00 0.00 0.00 0.00 0.00 0.00 0.00 0.00 0.00 0.00 0.00 0.00 0.00 0.00
11.69 11.66 11.64 11.61 11.38 14.19 11.32 11.29 11.16 11.12 9.49 9.46 9.44 9.42 9.39 9.36 9.38 9.35 9.33 9.30 9.31 9.28 9.25 9.21 9.20 9.16 9.13 9.10 9.06 9.03 8.99 11.68 8.91 8.87 8.83 8.79 8.77 9.12 8.68 8.64 10.49 0.00 0.00 0.00 0.00 0.00 0.00 0.00 0.00 0.00 0.00 0.00 0.00 0.00 0.00 0.00 0.00 0.00 0.00 0.00 0.00 0.00 0.00 0.00 0.00 0.00 0.00 0.00 0.00 0.00 0.00 0.00 0.00 0.00 0.00 0.00 0.00 0.00 0.00 0.00 0.00 0.00
11.61 14.44 14.40 11.53 11.27 11.24 11.21 11.18 11.06 11.03 9.41 9.38 9.38 9.35 9.32 9.30 9.32 9.29 9.26 9.23 9.24 9.21 9.18 9.15 9.11 9.08 11.81 11.76 9.00 8.96 8.93 8.89 11.56 8.84 8.80 8.76 8.71 10.59 11.32 9.38 11.16 0.00 0.00 0.00 0.00 0.00 0.00 0.00 0.00 0.00 0.00 0.00 0.00 0.00 0.00 0.00 0.00 0.00 0.00 0.00 0.00 0.00 0.00 0.00 0.00 0.00 0.00 0.00 0.00 0.00 0.00 0.00 0.00 0.00 0.00 0.00 0.00 0.00 0.00 0.00 0.00 0.00
14.26 14.32 14.28 14.24 11.19 11.16 11.13 11.10 11.35 11.32 9.34 9.31 9.31 9.28 9.25 9.22 9.25 9.22 9.19 9.16 9.17 9.14 9.11 9.08 9.04 9.01 11.71 11.66 11.64 8.89 8.86 10.64 11.38 10.51 8.73 8.69 8.64 9.39 8.71 11.13 10.67 0.00 0.00 0.00 0.00 0.00 0.00 0.00 0.00 0.00 0.00 0.00 0.00 0.00 0.00 0.00 0.00 0.00 0.00 0.00 0.00 0.00 0.00 0.00 0.00 0.00 0.00 0.00 0.00 0.00 0.00 0.00 0.00 0.00 0.00 0.00 0.00 0.00 0.00 0.00 0.00 0.00
14.12 14.20 14.16 14.12 11.10 11.07 11.04 11.01 11.26 9.29 9.27 9.24 9.24 9.21 9.18 9.15 9.17 9.14 9.11 9.09 9.10 9.07 11.80 14.22 8.97 8.94 8.90 11.55 11.53 11.48 11.38 10.52 10.68 9.47 11.36 8.61 8.56 8.52 5.90 0.00 0.00 0.00 0.00 0.00 0.00 0.00 0.00 0.00 0.00 0.00 0.00 0.00 0.00 0.00 0.00 0.00 0.00 0.00 0.00 0.00 0.00 0.00 0.00 0.00 0.00 0.00 0.00 0.00 0.00 0.00 0.00 0.00 0.00 0.00 0.00 0.00 0.00 0.00 0.00 0.00 0.00 0.00
11.34 11.32 11.29 11.26 11.01 11.35 11.32 11.29 11.16 9.22 9.19 9.16 9.16 9.13 9.10 9.07 9.09 9.07 9.04 9.01 9.02 8.99 8.96 11.64 8.89 8.86 8.83 8.79 11.42 11.37 11.32 11.18 9.06 7.33 12.19 11.81 10.70 0.00 0.00 0.00 0.00 0.00 0.00 0.00 0.00 0.00 0.00 0.00 0.00 0.00 0.00 0.00 0.00 0.00 0.00 0.00 0.00 0.00 0.00 0.00 0.00 0.00 0.00 0.00 0.00 0.00 0.00 0.00 0.00 0.00 0.00 0.00 0.00 0.00 0.00 0.00 0.00 0.00 0.00 0.00 0.00 0.00
11.12 11.10 11.07 12.44 11.26 11.23 11.20 11.16 11.12 9.18 9.15 9.13 9.10 9.08 9.05 9.02 9.02 8.99 8.96 8.93 11.66 11.61 8.88 11.52 8.80 9.91 8.73 8.70 8.69 8.65 11.18 11.13 14.39 0.00 0.00 0.00 0.00 0.00 0.00 0.00 0.00 0.00 0.00 0.00 0.00 0.00 0.00 0.00 0.00 0.00 0.00 0.00 0.00 0.00 0.00 0.00 0.00 0.00 0.00 0.00 0.00 0.00 0.00 0.00 0.00 0.00 0.00 0.00 0.00 0.00 0.00 0.00 0.00 0.00 0.00 0.00 0.00 0.00 0.00 0.00 0.00 0.00
11.02 10.99 11.34 11.31 11.15 11.12 11.09 11.05 11.01 9.09 9.07 9.04 9.02 10.17 8.96 8.93 8.93 8.90 8.88 8.85 11.53 11.49 11.44 11.40 9.85 8.68 8.65 11.18 8.60 8.57 8.93 11.01 0.00 0.00 0.00 0.00 0.00 0.00 0.00 0.00 0.00 0.00 0.00 0.00 0.00 0.00 0.00 0.00 0.00 0.00 0.00 0.00 0.00 0.00 0.00 0.00 0.00 0.00 0.00 0.00 0.00 0.00 0.00 0.00 0.00 0.00 0.00 0.00 0.00 0.00 0.00 0.00 0.00 0.00 0.00 0.00 0.00 0.00 0.00 0.00 0.00 0.00
11.29 11.26 11.23 11.20 11.04 11.00 10.97 10.94 9.03 9.00 8.98 8.95 8.93 8.90 11.56 8.85 8.85 8.82 8.79 8.76 10.55 11.36 11.32 11.27 11.20 8.59 8.56 11.05 11.04 12.21 12.05 0.00 0.00 0.00 0.00 0.00 0.00 0.00 0.00 0.00 0.00 0.00 0.00 0.00 0.00 0.00 0.00 0.00 0.00 0.00 0.00 0.00 0.00 0.00 0.00 0.00 0.00 0.00 0.00 0.00 0.00 0.00 0.00 0.00 0.00 0.00 0.00 0.00 0.00 0.00 0.00 0.00 0.00 0.00 0.00 0.00 0.00 0.00 0.00 0.00 0.00 0.00
11.17 11.14 11.11 11.08 10.92 10.89 10.86 10.83 8.94 8.91 8.89 8.86 8.84 8.81 11.42 11.38 8.75 8.73 8.70 8.67 10.40 11.34 11.24 11.14 11.07 8.51 8.47 10.93 11.82 12.78 0.00 0.00 0.00 0.00 0.00 0.00 0.00 0.00 0.00 0.00 0.00 0.00 0.00 0.00 0.00 0.00 0.00 0.00 0.00 0.00 0.00 0.00 0.00 0.00 0.00 0.00 0.00 0.00 0.00 0.00 0.00 0.00 0.00 0.00 0.00 0.00 0.00 0.00 0.00 0.00 0.00 0.00 0.00 0.00 0.00 0.00 0.00 0.00 0.00 0.00 0.00 0.00
11.01 10.98 10.95 10.92 10.87 10.84 10.81 10.78 8.89 11.55 8.84 8.82 8.75 8.72 8.69 11.25 11.25 11.21 11.17 8.58 10.25 10.04 11.03 10.99 10.91 8.40 8.37 8.33 11.54 6.41 0.00 0.00 0.00 0.00 0.00 0.00 0.00 0.00 0.00 0.00 0.00 0.00 0.00 0.00 0.00 0.00 0.00 0.00 0.00 0.00 0.00 0.00 0.00 0.00 0.00 0.00 0.00 0.00 0.00 0.00 0.00 0.00 0.00 0.00 0.00 0.00 0.00 0.00 0.00 0.00 0.00 0.00 0.00 0.00 0.00 0.00 0.00 0.00 0.00 0.00 0.00 0.00
13.56 10.86 10.83 13.03 12.97 12.93 10.69 8.83 11.44 11.55 8.75 8.72 8.65 8.62 8.59 8.57 8.56 11.07 11.03 10.99 10.09 10.04 10.90 11.26 10.77 8.30 8.27 8.24 10.61 3.28 0.00 0.00 0.00 0.00 0.00 0.00 0.00 0.00 0.00 0.00 0.00 0.00 0.00 0.00 0.00 0.00 0.00 0.00 0.00 0.00 0.00 0.00 0.00 0.00 0.00 0.00 0.00 0.00 0.00 0.00 0.00 0.00 0.00 0.00 0.00 0.00 0.00 0.00 0.00 0.00 0.00 0.00 0.00 0.00 0.00 0.00 0.00 0.00 0.00 0.00 0.00 0.00
3.20 11.45 12.57 12.52 12.46 10.76 9.72 8.36 11.26 12.32 11.22 8.62 8.55 8.52 8.50 8.47 8.47 8.44 4.87 12.51 10.67 9.88 10.76 7.99 11.43 8.21 8.18 8.15 10.48 0.00 0.00 0.00 0.00 0.00 0.00 0.00 0.00 0.00 0.00 0.00 0.00 0.00 0.00 0.00 0.00 0.00 0.00 0.00 0.00 0.00 0.00 0.00 0.00 0.00 0.00 0.00 0.00 0.00 0.00 0.00 0.00 0.00 0.00 0.00 0.00 0.00 0.00 0.00 0.00 0.00 0.00 0.00 0.00 0.00 0.00 0.00 0.00 0.00 0.00 0.00 0.00 0.00
6.02 6.00 5.99 12.29 5.97 8.93 2.67 8.85 7.57 7.94 11.47 8.52 8.45 8.42 8.40 8.37 8.36 8.34 9.85 9.80 10.49 10.44 9.55 9.26 9.29 8.11 8.08 8.05 10.34 0.00 0.00 0.00 0.00 0.00 0.00 0.00 0.00 0.00 0.00 0.00 0.00 0.00 0.00 0.00 0.00 0.00 0.00 0.00 0.00 0.00 0.00 0.00 0.00 0.00 0.00 0.00 0.00 0.00 0.00 0.00 0.00 0.00 0.00 0.00 0.00 0.00 0.00 0.00 0.00 0.00 0.00 0.00 0.00 0.00 0.00 0.00 0.00 0.00 0.00 0.00 0.00 0.00
8.94 8.89 4.01 0.00 5.91 12.01 5.89 5.87 2.60 9.03 7.36 11.30 8.34 8.32 8.29 8.27 8.24 9.59 9.68 9.51 9.79 7.55 6.96 6.92 6.89 9.36 8.77 13.48 10.56 0.00 0.00 0.00 0.00 0.00 0.00 0.00 0.00 0.00 0.00 0.00 0.00 0.00 0.00 0.00 0.00 0.00 0.00 0.00 0.00 0.00 0.00 0.00 0.00 0.00 0.00 0.00 0.00 0.00 0.00 0.00 0.00 0.00 0.00 0.00 0.00 0.00 0.00 0.00 0.00 0.00 0.00 0.00 0.00 0.00 0.00 0.00 0.00 0.00 0.00 0.00 0.00 0.00
8.74 9.94 3.88 0.00 0.00 0.00 8.55 12.70 12.15 12.11 6.19 2.56 8.24 8.21 8.19 8.16 8.14 8.12 9.50 9.35 10.11 7.40 6.82 6.79 6.75 7.11 10.76 0.00 0.00 0.00 0.00 0.00 0.00 0.00 0.00 0.00 0.00 0.00 0.00 0.00 0.00 0.00 0.00 0.00 0.00 0.00 0.00 0.00 0.00 0.00 0.00 0.00 0.00 0.00 0.00 0.00 0.00 0.00 0.00 0.00 0.00 0.00 0.00 0.00 0.00 0.00 0.00 0.00 0.00 0.00 0.00 0.00 0.00 0.00 0.00 0.00 0.00 0.00 0.00 0.00 0.00 0.00
