New_Model_Runs/2_scn1_noclimate_out/post_prcessed_with_MFR/Monthly_summaries/rainfall_monthly_NOV.asc
NCOLS 700
NROWS 400
XLLCENTER 515000.000000
YLLCENTER 8409000.000000
CELLSIZE 50.000000
NODATA_value -999.000000
[rows 144 to 179 of 400, columns 405 to 485 of 700]
0.00 0.00 0.00 0.00 0.00 0.00 0.00 0.00 0.00 0.00 0.00 0.00 0.00 0.00 0.00 0.00 0.00 0.00 14.89 14.98 15.07 15.17 15.26 15.35 15.44 15.53 15.62 15.72 15.81 15.90 15.98 16.07 16.15 16.23 16.31 16.39 16.46 16.52 16.59 16.65 16.70 16.76 16.80 16.85 16.89 16.92 16.96 16.99 17.01 17.04 17.05 17.06 17.06 17.07 17.07 17.06 17.06 17.04 17.01 16.98 16.95 16.91 16.86 16.81 16.75 16.69 16.62 16.54 16.47 16.38 16.29 16.20 16.09 15.99 15.88 15.76 15.63 15.50 15.37 15.24 15.10
0.00 0.00 0.00 0.00 0.00 0.00 0.00 0.00 0.00 0.00 0.00 0.00 0.00 0.00 0.00 0.00 0.00 14.65 14.74 14.83 14.92 15.01 15.11 15.20 15.29 15.39 15.48 15.57 15.66 15.76 15.84 15.93 16.01 16.09 16.17 16.25 16.32 16.39 16.46 16.52 16.58 16.63 16.67 16.72 16.76 16.80 16.83 16.86 16.89 16.91 16.92 16.93 16.94 16.94 16.94 16.93 16.92 16.90 16.88 16.85 16.82 16.77 16.73 16.67 16.61 16.54 16.47 16.40 16.32 16.23 16.14 16.05 15.94 15.83 15.72 15.60 15.47 15.34 15.21 15.08 14.94
0.00 0.00 0.00 0.00 0.00 0.00 0.00 0.00 0.00 0.00 0.00 0.00 0.00 0.00 0.00 0.00 0.00 14.50 14.59 14.68 14.77 14.86 14.95 15.05 15.14 15.24 15.33 15.43 15.52 15.61 15.70 15.79 15.87 15.95 16.03 16.11 16.19 16.26 16.32 16.38 16.44 16.49 16.54 16.58 16.63 16.67 16.70 16.73 16.76 16.78 16.79 16.79 16.80 16.80 16.80 16.79 16.78 16.76 16.74 16.71 16.68 16.63 16.58 16.53 16.46 16.39 16.32 16.25 16.16 16.08 15.99 15.89 15.79 15.68 15.56 15.44 15.31 15.18 15.05 14.92 14.78
0.00 0.00 0.00 0.00 0.00 0.00 0.00 0.00 0.00 0.00 0.00 0.00 0.00 0.00 0.00 0.00 0.00 14.34 14.43 14.52 14.61 14.71 14.80 14.90 14.99 15.09 15.18 15.28 15.37 15.46 15.55 15.64 15.72 15.80 15.89 15.96 16.04 16.11 16.18 16.24 16.30 16.35 16.39 16.44 16.48 16.52 16.56 16.59 16.61 16.63 16.64 16.65 16.65 16.65 16.65 16.64 16.63 16.61 16.59 16.56 16.52 16.48 16.43 16.38 16.31 16.24 16.16 16.08 16.00 15.91 15.82 15.73 15.63 15.51 15.40 15.27 15.14 15.01 14.88 14.75 14.61
0.00 0.00 0.00 0.00 0.00 0.00 0.00 0.00 0.00 0.00 0.00 0.00 0.00 0.00 0.00 0.00 0.00 14.19 14.28 14.37 14.46 14.55 14.65 14.74 14.84 14.93 15.03 15.12 15.22 15.31 15.40 15.48 15.57 15.65 15.74 15.81 15.89 15.96 16.02 16.09 16.15 16.20 16.24 16.29 16.33 16.37 16.41 16.44 16.46 16.48 16.49 16.50 16.50 16.50 16.50 16.48 16.47 16.45 16.43 16.40 16.36 16.32 16.27 16.21 16.15 16.08 16.00 15.91 15.83 15.74 15.65 15.55 15.45 15.34 15.22 15.09 14.97 14.84 14.71 14.57 14.43
0.00 0.00 0.00 0.00 0.00 0.00 0.00 0.00 0.00 0.00 0.00 0.00 0.00 0.00 0.00 0.00 0.00 14.03 14.12 14.21 14.30 14.40 14.49 14.59 14.69 14.78 14.88 14.97 15.06 15.15 15.24 15.33 15.41 15.49 15.58 15.65 15.73 15.80 15.87 15.93 15.99 16.04 16.09 16.14 16.18 16.22 16.25 16.28 16.30 16.33 16.34 16.34 16.34 16.34 16.34 16.32 16.31 16.29 16.26 16.23 16.20 16.15 16.10 16.04 15.97 15.90 15.82 15.74 15.65 15.56 15.47 15.37 15.27 15.16 15.04 14.91 14.79 14.66 14.53 14.39 14.25
0.00 0.00 0.00 0.00 0.00 0.00 0.00 0.00 0.00 0.00 0.00 0.00 0.00 0.00 0.00 0.00 0.00 0.00 13.97 14.06 14.15 14.24 14.34 14.43 14.53 14.63 14.72 14.81 14.90 14.99 15.08 15.17 15.25 15.34 15.41 15.49 15.56 15.63 15.70 15.76 15.82 15.88 15.93 15.97 16.02 16.06 16.09 16.12 16.14 16.16 16.17 16.18 16.18 16.17 16.17 16.15 16.14 16.11 16.09 16.06 16.02 15.97 15.92 15.86 15.79 15.72 15.64 15.56 15.47 15.38 15.29 15.19 15.08 14.97 14.85 14.73 14.60 14.47 14.34 14.21 14.07
0.00 0.00 0.00 0.00 0.00 0.00 0.00 0.00 0.00 0.00 0.00 0.00 0.00 0.00 0.00 0.00 0.00 0.00 13.82 13.91 14.00 14.09 14.18 14.28 14.37 14.47 14.56 14.66 14.75 14.83 14.92 15.01 15.09 15.17 15.25 15.32 15.40 15.47 15.53 15.59 15.66 15.71 15.76 15.81 15.85 15.89 15.92 15.95 15.97 15.99 16.00 16.01 16.00 16.00 15.99 15.98 15.96 15.94 15.91 15.87 15.83 15.79 15.73 15.67 15.60 15.53 15.45 15.37 15.28 15.19 15.10 15.00 14.89 14.78 14.66 14.54 14.41 14.28 14.15 14.02 13.89
0.00 0.00 0.00 0.00 0.00 0.00 0.00 0.00 0.00 0.00 0.00 0.00 0.00 0.00 0.00 0.00 0.00 0.00 13.67 13.76 13.85 13.94 14.03 14.13 14.22 14.31 14.41 14.50 14.59 14.67 14.76 14.84 14.93 15.01 15.08 15.16 15.23 15.29 15.36 15.42 15.48 15.53 15.58 15.63 15.68 15.72 15.75 15.77 15.79 15.81 15.82 15.82 15.82 15.82 15.81 15.79 15.78 15.75 15.72 15.68 15.64 15.60 15.54 15.48 15.41 15.34 15.26 15.18 15.09 15.00 14.91 14.81 14.70 14.59 14.47 14.35 14.22 14.09 13.96 13.84 13.70
0.00 0.00 0.00 0.00 0.00 0.00 0.00 0.00 0.00 0.00 0.00 0.00 0.00 0.00 0.00 0.00 0.00 0.00 13.52 13.61 13.70 13.79 13.88 13.97 14.06 14.16 14.25 14.34 14.43 14.51 14.60 14.68 14.76 14.84 14.92 14.99 15.05 15.12 15.19 15.25 15.31 15.36 15.41 15.46 15.50 15.54 15.57 15.60 15.61 15.63 15.64 15.64 15.64 15.63 15.62 15.60 15.59 15.56 15.53 15.49 15.45 15.40 15.34 15.28 15.22 15.15 15.06 14.98 14.90 14.81 14.71 14.61 14.51 14.39 14.27 14.15 14.03 13.90 13.78 13.65 13.52
0.00 0.00 0.00 0.00 0.00 0.00 0.00 0.00 0.00 0.00 0.00 0.00 0.00 0.00 0.00 0.00 0.00 0.00 13.37 13.46 13.55 13.64 13.73 13.82 13.91 14.00 14.09 14.18 14.26 14.35 14.43 14.51 14.60 14.67 14.75 14.82 14.89 14.95 15.01 15.07 15.13 15.18 15.23 15.27 15.31 15.35 15.38 15.41 15.42 15.44 15.44 15.45 15.45 15.44 15.43 15.41 15.39 15.36 15.33 15.29 15.25 15.20 15.14 15.08 15.01 14.94 14.86 14.78 14.69 14.60 14.51 14.41 14.30 14.19 14.07 13.95 13.83 13.71 13.58 13.46 13.32
0.00 0.00 0.00 0.00 0.00 0.00 0.00 0.00 0.00 0.00 0.00 0.00 0.00 0.00 0.00 0.00 0.00 0.00 13.22 13.31 13.39 13.48 13.57 13.67 13.76 13.84 13.93 14.01 14.10 14.19 14.27 14.35 14.43 14.51 14.58 14.65 14.71 14.78 14.84 14.89 14.95 15.00 15.05 15.09 15.13 15.16 15.19 15.21 15.23 15.25 15.25 15.25 15.25 15.25 15.24 15.21 15.18 15.16 15.13 15.09 15.05 15.00 14.94 14.88 14.81 14.74 14.66 14.58 14.49 14.40 14.31 14.21 14.10 13.98 13.87 0.00 0.00 0.00 0.00 0.00 0.00
0.00 0.00 0.00 0.00 0.00 0.00 0.00 0.00 0.00 0.00 0.00 0.00 0.00 0.00 0.00 0.00 0.00 12.99 13.07 13.16 13.25 13.33 13.42 13.51 13.60 13.69 13.77 13.86 13.94 14.02 14.10 14.19 14.26 14.34 14.41 14.48 14.54 14.60 14.66 14.71 14.77 14.81 14.86 14.90 14.94 14.97 14.99 15.02 15.03 15.05 15.05 15.05 15.05 15.05 15.03 15.01 14.99 14.96 14.92 14.89 14.84 14.79 14.73 14.67 14.60 14.53 14.45 14.37 14.28 14.19 14.10 14.00 13.89 13.78 0.00 0.00 0.00 0.00 0.00 0.00 0.00
0.00 0.00 0.00 0.00 0.00 0.00 0.00 0.00 0.00 0.00 0.00 0.00 0.00 0.00 0.00 0.00 0.00 0.00 12.93 13.01 13.10 13.18 13.27 13.35 13.44 13.53 13.62 13.70 13.78 13.86 13.94 14.02 14.09 14.17 14.24 14.31 14.37 14.42 14.47 14.53 14.59 14.63 14.67 14.71 14.74 14.77 14.80 14.82 14.83 14.84 14.85 14.86 14.85 14.84 14.83 14.81 14.79 14.75 14.72 14.68 14.63 14.58 14.52 14.46 14.39 14.32 14.24 14.16 14.08 13.99 13.89 13.79 13.68 13.57 0.00 0.00 0.00 0.00 0.00 0.00 0.00
0.00 0.00 0.00 0.00 0.00 0.00 0.00 0.00 0.00 0.00 0.00 0.00 0.00 0.00 0.00 0.00 0.00 0.00 12.78 12.86 12.95 13.03 13.12 13.20 13.29 13.37 13.46 13.54 13.62 13.69 13.77 13.85 13.92 14.00 14.07 14.13 14.19 14.24 14.30 14.35 14.40 14.44 14.48 14.51 14.55 14.58 14.60 14.62 14.63 14.65 14.65 14.65 14.65 14.64 14.62 14.60 14.58 14.55 14.51 14.47 14.42 14.37 14.31 14.25 14.18 14.11 14.03 13.95 13.86 13.77 13.68 13.58 13.48 13.37 0.00 0.00 0.00 0.00 0.00 0.00 0.00
0.00 0.00 0.00 0.00 0.00 0.00 0.00 0.00 0.00 0.00 0.00 0.00 0.00 0.00 0.00 0.00 0.00 0.00 0.00 12.72 12.80 12.88 12.97 13.05 13.13 13.22 13.30 13.38 13.45 13.53 13.60 13.68 13.75 13.82 13.89 13.95 14.01 14.06 14.12 14.16 14.21 14.25 14.29 14.32 14.35 14.38 14.40 14.42 14.43 14.45 14.45 14.45 14.44 14.43 14.42 14.40 14.37 14.34 14.30 14.26 14.21 14.16 14.10 14.04 13.97 13.90 13.82 13.74 13.65 13.56 13.47 13.37 13.27 13.16 0.00 0.00 0.00 0.00 0.00 0.00 0.00
0.00 0.00 0.00 0.00 0.00 0.00 0.00 0.00 0.00 0.00 0.00 0.00 0.00 0.00 0.00 0.00 0.00 0.00 12.50 12.58 12.66 12.73 12.81 12.90 12.98 13.06 13.14 13.22 13.29 13.36 13.44 13.51 13.58 13.65 13.71 13.77 13.83 13.88 13.93 13.98 14.02 14.06 14.10 14.13 14.16 14.19 14.21 14.22 14.24 14.25 14.25 14.25 14.24 14.22 14.21 14.19 14.16 14.12 14.08 14.04 14.00 13.94 13.88 13.82 13.75 13.68 13.60 13.52 13.44 13.35 13.26 13.16 13.06 12.95 0.00 0.00 0.00 0.00 0.00 0.00 0.00
0.00 0.00 0.00 0.00 0.00 0.00 0.00 0.00 0.00 0.00 0.00 0.00 0.00 0.00 0.00 0.00 0.00 0.00 12.36 12.44 12.51 12.59 12.67 12.75 12.83 12.90 12.98 13.06 13.13 13.20 13.27 13.34 13.41 13.48 13.54 13.60 13.65 13.70 13.75 13.79 13.84 13.87 13.91 13.94 13.97 13.99 14.01 14.02 14.04 14.04 14.04 14.04 14.03 14.02 14.00 13.98 13.95 13.91 13.87 13.83 13.78 13.73 13.67 13.61 13.54 13.47 13.39 13.31 13.23 13.14 13.05 12.95 12.85 0.00 0.00 0.00 0.00 0.00 0.00 0.00 0.00
0.00 0.00 0.00 0.00 0.00 0.00 0.00 0.00 0.00 0.00 0.00 0.00 0.00 0.00 0.00 0.00 0.00 0.00 12.23 12.30 12.37 12.45 12.52 12.60 12.67 12.75 12.82 12.89 12.97 13.04 13.11 13.18 13.24 13.31 13.36 13.42 13.47 13.52 13.57 13.61 13.65 13.68 13.72 13.75 13.78 13.80 13.81 13.83 13.83 13.84 13.84 13.84 13.83 13.81 13.79 13.76 13.74 13.70 13.66 13.61 13.57 13.51 13.45 13.39 13.32 13.25 13.18 13.10 13.01 12.93 12.84 12.74 12.64 0.00 0.00 0.00 0.00 0.00 0.00 0.00 0.00
0.00 0.00 0.00 0.00 0.00 0.00 0.00 0.00 0.00 0.00 0.00 0.00 0.00 0.00 0.00 0.00 0.00 0.00 12.09 12.16 12.23 12.30 12.38 12.45 12.52 12.59 12.67 12.74 12.81 12.88 12.94 13.01 13.07 13.14 13.19 13.25 13.30 13.34 13.39 13.42 13.46 13.50 13.53 13.56 13.58 13.60 13.61 13.63 13.63 13.64 13.64 13.63 13.62 13.61 13.58 13.55 13.52 13.49 13.45 13.40 13.35 13.30 13.24 13.18 13.11 13.04 12.97 12.89 12.81 12.72 12.63 12.54 12.44 0.00 0.00 0.00 0.00 0.00 0.00 0.00 0.00
0.00 0.00 0.00 0.00 0.00 0.00 0.00 0.00 0.00 0.00 0.00 0.00 0.00 0.00 0.00 0.00 0.00 0.00 0.00 12.03 12.09 12.16 12.23 12.30 12.37 12.44 12.51 12.58 12.65 12.71 12.78 12.84 12.91 12.97 13.02 13.07 13.12 13.16 13.20 13.24 13.28 13.31 13.34 13.36 13.38 13.41 13.42 13.43 13.43 13.44 13.43 13.43 13.41 13.40 13.38 13.34 13.31 13.27 13.24 13.19 13.14 13.09 13.03 12.97 12.90 12.83 12.76 12.68 12.60 12.51 12.43 12.33 12.24 0.00 0.00 0.00 0.00 0.00 0.00 0.00 0.00
0.00 0.00 0.00 0.00 0.00 0.00 0.00 0.00 0.00 0.00 0.00 0.00 0.00 0.00 0.00 0.00 0.00 0.00 0.00 11.89 11.96 12.02 12.09 12.16 12.22 12.29 12.36 12.43 12.49 12.55 12.62 12.68 12.74 12.80 12.85 12.90 12.94 12.98 13.02 13.06 13.10 13.13 13.15 13.17 13.19 13.21 13.22 13.23 13.24 13.24 13.23 13.23 13.21 13.19 13.17 13.14 13.11 13.07 13.03 12.98 12.93 12.88 12.82 12.76 12.70 12.63 12.56 12.48 12.40 12.31 12.23 12.14 0.00 0.00 0.00 0.00 0.00 0.00 0.00 0.00 0.00
0.00 0.00 0.00 0.00 0.00 0.00 0.00 0.00 0.00 0.00 0.00 0.00 0.00 0.00 0.00 0.00 0.00 0.00 0.00 0.00 11.82 11.89 11.95 12.01 12.08 12.14 12.21 12.28 12.34 12.40 12.46 12.52 12.57 12.63 12.68 12.72 12.76 12.80 12.84 12.88 12.91 12.94 12.96 12.99 13.00 13.01 13.03 13.04 13.04 13.04 13.03 13.03 13.01 12.99 12.96 12.93 12.91 12.86 12.82 12.78 12.73 12.67 12.62 12.56 12.50 12.43 12.35 12.28 12.20 12.12 12.03 11.94 0.00 0.00 0.00 0.00 0.00 0.00 0.00 0.00 0.00
0.00 0.00 0.00 0.00 0.00 0.00 0.00 0.00 0.00 0.00 0.00 0.00 0.00 0.00 0.00 0.00 0.00 0.00 0.00 0.00 11.70 11.76 11.82 11.88 11.94 12.00 12.06 12.12 12.18 12.24 12.30 12.36 12.41 12.46 12.51 12.55 12.59 12.63 12.67 12.70 12.73 12.76 12.78 12.80 12.81 12.83 12.83 12.84 12.84 12.84 12.84 12.83 12.81 12.79 12.76 12.73 12.70 12.66 12.62 12.57 12.52 12.47 12.42 12.36 12.30 12.23 12.15 12.08 12.00 11.92 11.84 11.75 0.00 0.00 0.00 0.00 0.00 0.00 0.00 0.00 0.00
0.00 0.00 0.00 0.00 0.00 0.00 0.00 0.00 0.00 0.00 0.00 0.00 0.00 0.00 0.00 0.00 0.00 0.00 0.00 0.00 0.00 11.63 11.69 11.75 11.80 11.86 11.92 11.97 12.03 12.09 12.14 12.19 12.24 12.29 12.34 12.38 12.42 12.45 12.49 12.52 12.55 12.58 12.60 12.61 12.62 12.64 12.64 12.65 12.65 12.65 12.64 12.63 12.61 12.59 12.56 12.53 12.50 12.46 12.42 12.37 12.32 12.28 12.22 12.16 12.10 12.03 11.95 11.88 11.80 0.00 0.00 0.00 0.00 0.00 0.00 0.00 0.00 0.00 0.00 0.00 0.00
0.00 0.00 0.00 0.00 0.00 0.00 0.00 0.00 0.00 0.00 0.00 0.00 0.00 0.00 0.00 0.00 0.00 0.00 0.00 0.00 0.00 11.50 11.56 11.61 11.67 11.72 11.78 11.83 11.88 11.94 11.99 12.04 12.08 12.13 12.17 12.21 12.25 12.28 12.31 12.34 12.37 12.39 12.41 12.43 12.44 12.45 12.45 12.46 12.46 12.45 12.44 12.43 12.41 12.39 12.36 12.33 12.30 12.26 12.22 0.00 0.00 0.00 0.00 0.00 0.00 0.00 0.00 0.00 0.00 0.00 0.00 0.00 0.00 0.00 0.00 0.00 0.00 0.00 0.00 0.00 0.00
0.00 0.00 0.00 0.00 0.00 0.00 0.00 0.00 0.00 0.00 0.00 0.00 0.00 0.00 0.00 0.00 0.00 0.00 0.00 0.00 0.00 11.38 11.43 11.49 11.54 11.59 11.64 11.69 11.74 11.79 11.84 11.88 11.92 11.97 12.01 12.04 12.08 12.11 12.14 12.17 12.19 12.21 12.23 12.24 12.25 12.26 12.27 12.27 12.26 12.26 12.25 12.24 12.22 12.20 12.17 12.14 12.11 0.00 0.00 0.00 0.00 0.00 0.00 0.00 0.00 0.00 0.00 0.00 0.00 0.00 0.00 0.00 0.00 0.00 0.00 0.00 0.00 0.00 0.00 0.00 0.00
0.00 0.00 0.00 0.00 0.00 0.00 0.00 0.00 0.00 0.00 0.00 0.00 0.00 0.00 0.00 0.00 0.00 0.00 0.00 0.00 0.00 11.26 11.31 11.36 11.41 11.46 11.50 11.55 11.60 11.64 11.69 11.73 11.77 11.81 11.85 11.88 11.91 11.94 11.97 12.00 12.02 12.04 12.06 12.07 12.07 12.08 12.08 12.08 12.07 12.07 12.06 12.04 12.03 12.00 0.00 0.00 0.00 0.00 0.00 0.00 0.00 0.00 0.00 0.00 0.00 0.00 0.00 0.00 0.00 0.00 0.00 0.00 0.00 0.00 0.00 0.00 0.00 0.00 0.00 0.00 0.00
0.00 0.00 0.00 0.00 0.00 0.00 0.00 0.00 0.00 0.00 0.00 0.00 0.00 0.00 0.00 0.00 0.00 0.00 0.00 0.00 0.00 0.00 11.19 11.24 11.28 11.33 11.37 11.41 11.46 11.50 11.54 11.58 11.62 11.66 11.69 11.72 11.75 11.78 11.80 11.83 11.85 11.87 0.00 0.00 0.00 0.00 11.90 11.89 11.89 11.88 11.87 0.00 0.00 0.00 0.00 0.00 0.00 0.00 0.00 0.00 0.00 0.00 0.00 0.00 0.00 0.00 0.00 0.00 0.00 0.00 0.00 0.00 0.00 0.00 0.00 0.00 0.00 0.00 0.00 0.00 0.00
0.00 0.00 0.00 0.00 0.00 0.00 0.00 0.00 0.00 0.00 0.00 0.00 0.00 0.00 0.00 0.00 0.00 0.00 0.00 0.00 0.00 0.00 11.07 11.11 11.16 11.20 11.24 11.28 11.32 11.36 11.40 11.44 11.47 11.51 11.54 11.56 11.59 11.61 11.64 11.66 11.68 0.00 0.00 0.00 0.00 0.00 11.72 11.72 0.00 0.00 0.00 0.00 0.00 0.00 0.00 0.00 0.00 0.00 0.00 0.00 0.00 0.00 0.00 0.00 0.00 0.00 0.00 0.00 0.00 0.00 0.00 0.00 0.00 0.00 0.00 0.00 0.00 0.00 0.00 0.00 0.00
0.00 0.00 0.00 0.00 0.00 0.00 0.00 0.00 0.00 0.00 0.00 0.00 0.00 0.00 0.00 0.00 0.00 0.00 0.00 0.00 10.88 10.92 10.96 11.00 11.04 11.07 0.00 0.00 0.00 11.22 11.26 11.29 11.33 11.36 11.39 11.41 11.44 11.46 11.48 0.00 0.00 0.00 0.00 0.00 0.00 0.00 0.00 0.00 0.00 0.00 0.00 0.00 0.00 0.00 0.00 0.00 0.00 0.00 0.00 0.00 0.00 0.00 0.00 0.00 0.00 0.00 0.00 0.00 0.00 0.00 0.00 0.00 0.00 0.00 0.00 0.00 0.00 0.00 0.00 0.00 0.00
0.00 0.00 0.00 0.00 0.00 0.00 0.00 0.00 0.00 0.00 0.00 0.00 0.00 0.00 0.00 0.00 0.00 0.00 0.00 10.74 10.77 10.81 10.84 10.88 10.92 10.95 0.00 0.00 0.00 0.00 0.00 0.00 11.18 11.21 11.24 11.26 11.29 0.00 0.00 0.00 0.00 0.00 0.00 0.00 0.00 0.00 0.00 0.00 0.00 0.00 0.00 0.00 0.00 0.00 0.00 0.00 0.00 0.00 0.00 0.00 0.00 0.00 0.00 0.00 0.00 0.00 0.00 0.00 0.00 0.00 0.00 0.00 0.00 0.00 0.00 0.00 0.00 0.00 0.00 0.00 0.00
0.00 0.00 0.00 0.00 0.00 0.00 0.00 0.00 0.00 0.00 0.00 0.00 0.00 0.00 0.00 0.00 0.00 0.00 10.62 10.65 10.68 10.71 10.74 0.00 0.00 0.00 0.00 0.00 0.00 0.00 0.00 0.00 0.00 0.00 0.00 0.00 0.00 0.00 0.00 0.00 0.00 0.00 0.00 0.00 0.00 0.00 0.00 0.00 0.00 0.00 0.00 0.00 0.00 0.00 0.00 0.00 0.00 0.00 0.00 0.00 0.00 0.00 0.00 0.00 0.00 0.00 0.00 0.00 0.00 0.00 0.00 0.00 0.00 0.00 0.00 0.00 0.00 0.00 0.00 0.00 0.00
0.00 0.00 0.00 0.00 0.00 0.00 0.00 0.00 0.00 0.00 0.00 0.00 0.00 0.00 0.00 0.00 0.00 0.00 0.00 0.00 10.58 10.61 0.00 0.00 0.00 0.00 0.00 0.00 0.00 0.00 0.00 0.00 0.00 0.00 0.00 0.00 0.00 0.00 0.00 0.00 0.00 0.00 0.00 0.00 0.00 0.00 0.00 0.00 0.00 0.00 0.00 0.00 0.00 0.00 0.00 0.00 0.00 0.00 0.00 0.00 0.00 0.00 0.00 0.00 0.00 0.00 0.00 0.00 0.00 0.00 0.00 0.00 0.00 0.00 0.00 0.00 0.00 0.00 0.00 0.00 0.00
0.00 0.00 0.00 0.00 0.00 0.00 0.00 0.00 0.00 0.00 0.00 0.00 0.00 0.00 0.00 0.00 0.00 0.00 0.00 0.00 0.00 10.52 0.00 0.00 0.00 0.00 0.00 0.00 0.00 0.00 0.00 0.00 0.00 0.00 0.00 0.00 0.00 0.00 0.00 0.00 0.00 0.00 0.00 0.00 0.00 0.00 0.00 0.00 0.00 0.00 0.00 0.00 0.00 0.00 0.00 0.00 0.00 0.00 0.00 0.00 0.00 0.00 0.00 0.00 0.00 0.00 0.00 0.00 0.00 0.00 0.00 0.00 0.00 0.00 0.00 0.00 0.00 0.00 0.00 0.00 0.00
0.00 0.00 0.00 0.00 0.00 0.00 0.00 0.00 0.00 0.00 0.00 0.00 0.00 0.00 0.00 0.00 0.00 0.00 0.00 0.00 0.00 0.00 0.00 0.00 0.00 0.00 0.00 0.00 0.00 0.00 0.00 0.00 0.00 0.00 0.00 0.00 0.00 0.00 0.00 0.00 0.00 0.00 0.00 0.00 0.00 0.00 0.00 0.00 0.00 0.00 0.00 0.00 0.00 0.00 0.00 0.00 0.00 0.00 0.00 0.00 0.00 0.00 0.00 0.00 0.00 0.00 0.00 0.00 0.00 0.00 0.00 0.00 0.00 0.00 0.00 0.00 0.00 0.00 0.00 0.00 0.00
