New_Model_Runs/2_scn1_noclimate_out/post_prcessed_with_MFR/Monthly_summaries/runoff_monthly_JUN.asc
NCOLS 700
NROWS 400
XLLCENTER 515000.000000
YLLCENTER 8409000.000000
CELLSIZE 50.000000
NODATA_value -999.000000
[rows 228 to 265 of 400, columns 252 to 335 of 700]
3.48 3.45 3.42 3.39 3.52 3.49 3.46 3.42 0.91 2.48 2.45 3.86 6.29 3.15 6.45 6.38 6.27 6.20 3.54 4.48 5.76 5.03 2.74 5.73 5.46 2.50 2.45 5.23 8.60 4.87 4.78 3.78 3.71 3.64 3.57 3.50 4.54 4.47 4.39 1.28 3.66 4.13 4.07 3.49 3.43 3.90 5.29 3.78 3.71 3.17 3.12 3.08 4.90 1.91 2.96 3.38 3.34 3.30 3.26 3.22 1.39 1.71 1.69 3.41 3.38 0.96 3.89 0.00 3.82 0.00 0.00 0.00 0.00 0.00 0.00 0.00 0.00 0.00 0.00 0.00 0.00 0.00 0.00 0.00
3.45 3.42 3.39 3.35 3.49 3.45 6.21 1.31 0.78 1.07 2.41 3.80 3.76 3.71 6.35 6.28 3.57 6.10 6.02 2.98 4.99 5.74 5.68 5.61 5.34 5.27 2.39 2.34 8.38 4.76 4.67 4.58 4.59 4.50 4.42 4.34 4.42 4.34 4.27 1.39 3.55 3.49 6.87 6.34 5.56 3.26 1.67 3.65 3.59 3.05 3.01 3.43 2.93 3.34 3.30 3.26 3.22 3.18 3.15 3.11 3.08 3.05 1.30 6.59 3.83 0.00 0.00 0.00 0.00 0.00 0.00 0.00 0.00 0.00 0.00 0.00 0.00 0.00 0.00 0.00 0.00 0.00 0.00 0.00
3.41 3.38 3.35 3.32 3.45 3.41 3.37 1.29 1.61 0.76 2.13 3.12 3.08 3.64 6.25 3.54 2.91 3.44 15.86 7.48 2.73 5.62 5.55 5.48 5.22 5.15 5.07 8.52 4.72 4.64 4.55 4.47 4.47 4.38 4.30 4.22 4.30 4.22 4.14 3.50 3.44 3.38 8.50 3.75 3.69 3.63 3.09 3.04 3.27 2.94 3.36 3.31 3.27 3.22 3.18 3.14 1.68 3.07 3.03 2.83 2.80 2.77 5.74 3.74 3.71 0.00 0.00 0.00 0.00 0.00 0.00 0.00 0.00 0.00 0.00 0.00 0.00 0.00 0.00 0.00 0.00 0.00 0.00 0.00
3.38 3.35 3.31 3.28 3.40 3.36 3.32 3.28 3.32 1.56 0.73 3.07 3.02 3.58 6.14 7.70 3.42 2.80 3.52 5.82 5.57 5.50 5.43 5.36 5.10 5.02 4.95 4.87 4.60 4.52 4.44 4.35 4.35 4.27 4.18 1.78 1.82 4.09 4.01 1.69 3.33 1.80 2.06 3.63 3.57 3.50 3.44 3.39 2.88 2.83 1.76 3.19 3.15 3.11 3.07 3.03 1.20 1.25 2.75 2.72 2.70 2.67 0.70 0.00 0.00 0.00 0.00 0.00 0.00 0.00 0.00 3.37 0.00 0.00 0.00 0.00 0.00 0.00 0.00 0.00 0.00 0.00 0.00 0.00
3.37 3.33 3.30 3.26 3.34 3.30 3.26 3.22 3.24 5.25 0.71 3.01 2.96 2.92 2.87 2.82 5.61 2.73 5.46 5.38 5.23 5.25 9.13 5.11 4.86 4.79 4.72 4.64 4.53 4.44 4.35 4.27 4.30 4.21 4.13 1.36 1.18 1.15 1.26 3.28 3.22 3.64 3.57 6.01 3.44 3.38 3.32 3.26 3.21 3.16 1.36 3.08 1.63 2.82 2.79 2.75 1.22 1.20 1.18 1.17 2.60 0.68 0.71 3.49 0.00 0.00 0.00 0.00 0.00 0.00 0.00 3.14 0.00 0.00 0.00 0.00 0.00 0.00 0.00 0.00 0.00 0.00 0.00 0.00
3.33 3.29 3.26 3.22 3.29 3.25 3.21 3.17 3.18 3.14 0.70 3.55 5.57 3.44 2.81 5.58 5.50 2.80 2.75 5.27 5.21 9.03 5.06 4.98 4.74 4.67 4.60 4.52 4.41 4.32 4.24 4.15 4.18 4.09 4.00 3.92 3.95 1.24 1.21 1.18 3.59 1.66 1.62 3.40 8.21 3.27 3.21 1.71 3.10 3.05 3.01 2.80 2.76 2.72 2.68 2.65 2.62 2.59 2.56 1.05 0.09 0.64 0.15 0.29 0.00 3.31 0.00 0.00 0.00 0.00 3.06 3.04 3.01 0.00 0.00 0.00 0.00 0.00 0.00 0.00 0.00 0.00 0.00 0.00
3.29 3.25 3.22 3.17 3.25 3.20 3.16 3.11 3.13 3.08 0.77 1.42 3.42 3.37 3.31 5.48 5.39 3.14 5.23 5.30 5.09 5.01 4.93 4.86 4.62 4.54 4.47 4.40 4.29 4.94 4.12 4.03 4.06 3.97 3.88 6.50 3.83 1.19 1.16 3.55 3.48 3.41 3.35 3.29 3.22 3.16 3.10 1.64 1.50 1.48 1.45 1.42 2.66 2.62 2.59 2.55 2.52 2.49 2.47 0.15 0.15 0.61 0.14 0.24 0.23 3.08 3.06 0.00 0.00 0.00 0.00 9.26 0.00 0.00 0.00 0.00 0.00 0.00 0.00 0.00 0.00 0.00 0.00 0.00
3.25 3.21 3.17 3.13 3.20 3.15 3.11 3.06 1.47 0.77 1.11 1.39 3.35 3.29 5.45 5.37 3.12 3.06 8.95 5.18 4.97 4.89 4.79 4.90 4.50 4.42 4.35 4.28 4.17 4.08 4.00 3.91 3.93 3.84 3.76 3.69 1.57 1.14 1.94 1.62 3.38 3.31 3.25 1.47 1.36 1.32 3.90 1.18 1.44 1.42 1.11 1.09 1.07 2.53 2.50 2.46 2.43 2.40 0.14 2.48 0.12 0.11 0.23 0.22 3.01 2.98 2.95 0.00 0.00 0.00 0.00 0.00 0.00 0.00 0.00 0.00 0.00 0.00 0.00 0.00 0.00 0.00 0.00 0.00
3.28 3.23 3.19 3.15 3.16 3.11 3.07 3.02 1.44 0.66 2.80 1.36 1.33 5.43 5.34 5.26 3.05 2.99 2.93 4.99 4.83 4.75 4.67 4.60 4.43 4.36 4.28 4.21 4.12 7.00 3.95 3.86 3.80 3.71 3.64 2.88 1.13 1.92 1.87 3.34 1.79 3.22 3.16 1.34 1.31 2.41 1.16 1.13 1.39 1.36 1.06 1.04 1.02 2.44 2.41 2.38 2.35 0.06 0.11 0.00 0.00 0.00 2.96 2.93 0.00 2.88 2.85 0.00 0.00 0.00 0.00 0.00 0.00 0.00 0.00 0.00 0.00 0.00 0.00 0.00 0.00 0.00 0.00 0.00
3.23 3.19 3.14 3.10 3.11 3.06 3.01 2.96 2.93 1.08 1.06 1.32 1.29 3.15 5.23 5.15 5.06 2.91 2.85 4.80 4.72 4.64 4.56 4.48 7.49 4.24 4.17 4.09 4.00 3.92 3.83 3.23 3.18 3.11 2.85 2.79 2.98 2.73 3.31 3.25 3.19 3.13 3.07 3.01 2.78 2.72 2.66 2.60 2.55 1.04 1.28 1.00 0.98 2.36 1.01 1.18 2.26 0.51 2.33 0.00 0.00 0.00 0.00 0.00 0.00 0.00 0.00 0.00 0.00 0.00 0.00 0.00 0.00 0.00 0.00 0.00 0.00 0.00 0.00 0.00 0.00 0.00 0.00 0.00
3.19 3.14 3.09 3.05 3.06 3.01 2.96 2.90 0.64 1.05 2.68 1.29 1.26 3.07 3.01 5.04 4.95 4.86 4.77 2.35 4.60 4.52 4.44 13.67 4.20 4.12 1.23 3.53 1.16 1.35 3.20 3.13 2.89 2.83 2.77 0.95 2.89 3.28 3.22 3.16 3.10 1.64 2.82 2.76 4.65 2.64 2.58 2.52 2.47 2.42 0.98 0.96 2.31 0.92 2.24 1.35 0.00 0.16 0.06 0.00 0.00 0.00 0.00 0.00 0.00 0.00 0.00 0.00 0.00 0.00 0.00 0.00 0.00 0.00 0.00 0.00 0.00 0.00 0.00 0.00 0.00 0.00 0.00 0.00
3.14 3.09 3.05 3.00 3.01 2.95 2.90 0.73 0.54 2.67 2.62 2.57 0.95 1.20 2.94 4.93 4.84 2.38 4.66 2.64 2.58 7.67 4.32 4.25 1.77 3.57 3.49 1.53 3.35 3.28 3.20 3.13 3.06 2.74 2.68 3.32 3.25 3.19 1.44 3.08 3.02 2.79 2.74 2.69 2.63 2.56 2.50 2.44 2.39 1.21 2.31 1.16 2.23 2.20 0.20 0.15 0.15 0.32 0.31 0.00 0.00 0.00 0.00 0.00 0.00 0.00 0.00 0.00 0.00 0.00 0.00 0.00 0.00 0.00 0.00 0.00 0.00 0.00 0.00 0.00 0.00 0.00 0.00 0.00
3.14 3.09 3.04 2.99 2.97 2.91 2.33 0.54 2.24 1.00 2.56 2.51 2.46 2.41 2.87 4.82 4.73 2.68 2.62 2.57 2.51 3.83 2.06 4.13 1.97 1.92 5.38 2.14 2.09 2.03 3.58 3.51 3.43 3.36 3.29 3.23 3.17 3.11 1.40 2.82 2.77 2.72 2.67 2.62 2.56 2.49 2.43 2.37 1.20 2.27 2.23 1.33 1.31 1.29 0.00 0.00 0.31 0.00 0.00 0.29 0.00 0.00 0.00 0.00 0.00 0.00 0.00 0.00 0.00 0.00 0.00 0.00 0.00 0.00 0.00 0.00 0.00 0.00 0.00 0.00 0.00 0.00 0.00 0.00
3.09 3.04 2.99 2.93 2.91 2.86 2.28 0.69 1.00 0.97 0.95 2.45 2.40 2.35 1.10 4.71 2.67 2.61 2.55 2.49 2.43 2.38 2.32 3.99 1.90 0.12 2.11 2.06 2.01 1.96 5.94 2.19 3.34 1.52 3.20 3.14 3.09 3.03 2.80 2.75 1.89 2.65 2.60 2.55 2.07 2.41 2.35 3.35 0.91 2.20 2.16 1.28 1.96 0.00 0.00 0.30 0.29 0.34 0.28 0.27 0.00 0.00 0.00 0.00 0.00 0.00 0.00 0.00 0.00 0.00 0.00 0.00 0.00 0.00 0.00 0.00 0.00 0.00 0.00 0.00 0.00 0.00 0.00 0.00
1.16 1.14 2.93 2.88 2.86 2.28 2.23 1.28 1.25 3.85 2.45 2.40 2.34 2.29 2.24 4.60 2.13 2.08 2.02 0.54 0.36 0.34 0.33 0.14 0.14 0.29 2.19 1.99 1.94 0.25 0.24 2.12 0.54 1.47 1.69 1.65 1.37 2.78 1.45 1.41 1.38 2.58 2.53 2.48 2.41 2.35 1.89 1.14 2.18 1.08 0.16 1.03 0.14 0.00 0.29 0.29 0.27 0.27 0.00 0.26 0.25 0.00 0.00 0.00 0.00 0.00 0.00 0.00 0.00 0.00 0.00 0.00 0.00 0.00 0.00 0.00 0.00 0.00 0.00 0.00 0.00 0.00 0.00 0.00
1.63 1.12 2.88 2.82 1.00 2.23 2.61 1.03 1.22 2.45 2.39 2.34 2.28 2.23 2.18 4.50 2.07 2.02 1.96 1.91 0.50 0.33 0.31 0.14 0.13 0.30 2.29 3.48 0.37 2.14 0.35 2.05 2.30 1.97 0.08 0.29 1.73 2.71 2.66 1.37 1.34 1.31 1.01 1.05 2.35 5.60 2.22 1.83 0.16 0.16 0.09 0.13 0.13 0.28 0.00 0.27 0.26 0.25 0.25 0.00 0.00 0.23 0.00 0.00 0.00 0.00 0.00 0.00 0.00 0.00 0.00 0.00 0.00 0.00 0.00 0.00 0.00 0.00 0.00 0.00 0.00 0.00 0.00 0.00
1.12 1.09 1.07 2.77 2.66 2.61 2.56 2.50 2.45 2.39 0.93 0.85 0.82 0.80 0.78 0.75 2.01 1.96 1.90 1.86 1.81 0.31 0.30 0.28 0.27 0.26 2.22 1.50 0.36 0.35 0.33 0.32 1.96 1.92 0.28 0.27 2.70 1.11 1.15 1.12 2.50 1.07 1.04 1.01 2.29 1.89 1.84 3.45 0.10 1.01 0.00 0.00 0.12 0.12 0.26 0.30 0.25 0.24 0.24 0.27 0.23 0.23 0.22 0.22 0.00 0.00 0.00 0.00 0.00 0.00 0.00 0.00 0.00 0.00 0.00 0.00 0.00 0.00 0.00 0.00 0.00 0.00 0.00 0.00
1.09 1.07 1.05 2.66 2.61 2.56 2.50 2.44 2.39 2.34 0.90 0.88 0.80 2.12 0.75 2.01 1.95 1.90 1.85 1.80 0.46 0.29 0.28 0.27 0.26 0.11 0.56 2.10 2.06 0.33 0.32 1.94 1.90 1.74 0.27 0.26 2.63 2.58 2.53 2.48 1.00 1.04 0.79 1.93 1.89 1.84 1.99 1.75 2.92 0.00 0.13 0.00 0.00 0.11 0.25 0.00 0.28 0.23 0.23 0.22 0.22 0.25 0.21 0.21 0.00 0.00 0.00 0.00 0.00 0.00 0.00 0.00 0.00 0.00 0.00 0.00 0.00 0.00 0.00 0.00 0.00 0.00 0.00 1.94
1.07 1.05 1.02 2.61 1.03 2.50 2.45 2.39 0.93 2.28 0.88 2.17 2.12 2.06 2.01 1.96 0.73 1.84 0.47 0.46 0.44 0.28 0.26 0.25 0.37 0.23 2.08 2.04 2.00 1.97 1.93 1.77 1.74 1.70 1.66 1.63 1.59 2.52 2.47 2.42 2.01 1.00 0.97 1.49 3.55 1.81 1.77 1.73 0.43 0.00 0.00 0.12 0.11 0.11 0.24 0.24 0.00 0.00 0.22 0.22 0.22 0.21 0.21 0.00 0.00 0.00 0.00 0.00 0.00 0.00 0.00 0.00 0.00 0.00 0.00 0.00 0.00 0.00 0.00 0.00 0.00 0.00 0.00 1.96
1.05 2.67 2.61 1.04 1.01 2.45 2.39 2.34 1.73 1.06 1.03 2.12 2.06 0.73 0.71 0.68 1.83 1.79 2.49 0.44 0.42 0.26 0.25 2.16 2.11 2.07 2.02 0.21 0.20 1.92 1.76 1.73 1.69 1.65 1.62 1.58 1.55 1.51 1.48 0.80 0.78 0.81 0.95 1.86 1.82 1.78 1.74 0.44 0.13 0.13 0.00 0.12 0.11 0.25 0.24 0.00 0.00 0.22 0.22 0.22 0.21 0.00 0.20 0.23 0.00 0.00 0.00 0.00 0.00 0.00 0.00 0.00 0.00 0.00 0.00 0.00 0.00 0.00 0.00 0.00 0.00 0.00 0.00 1.98
2.67 2.62 2.56 1.01 2.45 2.40 0.93 2.29 0.88 0.85 0.78 0.98 0.73 0.92 0.73 0.85 0.83 3.82 3.73 2.35 0.40 0.25 0.24 0.35 2.05 2.01 1.97 0.20 0.30 0.28 0.27 1.68 1.65 1.61 1.57 1.54 1.51 1.22 1.99 1.95 0.96 0.94 2.62 1.82 1.79 1.75 0.05 0.15 0.13 0.12 0.12 0.26 0.25 0.24 0.24 0.23 0.23 0.00 0.22 0.00 0.21 0.21 0.20 0.20 0.19 0.00 0.00 0.00 0.00 0.00 0.00 0.00 0.00 0.00 0.00 0.00 0.00 0.00 0.00 0.00 0.00 0.00 0.00 0.00
2.62 2.56 2.51 2.45 2.40 2.35 1.10 2.23 1.04 0.83 0.75 0.73 0.71 0.68 1.83 1.78 0.80 0.78 2.35 0.40 0.38 0.24 0.22 0.33 1.99 1.95 0.08 0.19 0.18 0.17 1.68 1.64 1.60 1.57 0.06 1.25 1.22 0.30 1.94 1.91 1.87 1.84 1.53 1.78 1.04 0.14 0.13 0.13 0.13 0.12 0.26 0.25 0.25 0.24 0.23 0.23 0.23 0.22 0.00 0.21 0.21 0.20 0.20 0.19 0.19 0.00 0.00 0.00 0.00 0.00 0.00 0.00 0.00 0.00 0.00 0.00 0.00 0.00 0.00 0.00 0.00 0.00 0.00 0.00
2.56 2.51 2.46 0.96 2.35 1.10 1.07 2.18 2.13 0.76 0.73 0.71 0.69 0.66 0.83 0.62 1.68 0.75 0.26 0.25 0.24 0.22 0.33 1.98 1.94 0.08 0.08 0.18 0.17 1.67 0.07 0.06 1.56 0.06 0.06 1.21 1.19 0.29 1.13 1.86 1.83 1.80 1.77 0.15 0.14 0.13 0.13 0.13 0.27 0.26 0.25 0.25 0.24 0.24 0.23 0.23 0.00 0.22 0.21 0.21 0.21 0.20 0.20 0.19 0.19 0.00 7.61 0.00 0.00 0.00 0.00 0.00 0.00 0.00 0.00 0.00 0.00 0.00 0.00 0.00 0.00 0.00 0.00 0.00
2.50 2.45 2.40 0.94 0.85 2.24 1.04 1.01 0.76 0.73 0.71 0.89 0.86 0.83 0.80 0.78 0.58 0.55 1.53 0.36 0.34 2.02 1.97 1.92 0.08 1.74 1.72 0.17 0.26 1.63 1.60 1.56 1.27 1.24 1.21 1.18 1.16 1.13 1.11 1.08 1.68 0.25 0.04 0.14 0.13 0.13 0.12 0.27 0.26 0.26 0.25 0.24 0.24 0.23 0.23 0.22 0.22 0.21 0.21 0.21 0.20 0.20 0.19 0.19 0.19 0.00 0.18 0.00 0.00 0.00 0.00 0.00 0.00 0.00 0.00 0.00 0.00 0.00 0.00 0.00 0.00 0.00 0.00 0.00
2.44 0.96 1.13 0.85 0.83 1.04 2.14 0.81 0.95 0.71 0.69 0.66 0.83 0.81 0.78 0.75 0.73 0.50 0.48 1.43 0.33 0.20 1.91 1.76 0.30 1.70 1.68 1.65 1.62 1.59 0.06 1.27 1.24 1.21 1.18 0.28 1.13 1.10 1.08 1.06 1.04 1.02 0.13 0.13 0.13 0.12 0.12 0.11 0.25 0.25 0.24 0.23 0.23 0.22 0.22 0.22 0.21 0.21 0.20 0.20 0.20 0.19 0.00 0.00 0.00 0.00 0.00 0.00 0.00 0.00 0.00 0.00 0.00 0.00 0.00 0.00 0.00 0.00 0.00 0.00 0.00 0.00 0.00 0.00
2.38 1.12 0.91 0.83 0.80 0.78 1.33 0.96 0.93 0.69 0.66 0.64 0.62 0.78 0.75 0.73 0.64 0.48 0.60 1.38 3.09 1.91 0.28 1.72 1.69 1.67 0.07 1.62 1.59 1.30 0.06 1.24 1.21 1.18 1.15 1.12 1.10 1.08 1.05 1.03 0.03 0.13 0.13 0.12 0.12 0.12 0.11 0.11 0.11 0.24 0.00 0.23 0.22 0.22 0.21 0.21 0.21 0.20 0.20 0.19 0.19 0.19 0.00 0.00 0.00 0.00 0.00 0.00 0.00 0.00 0.00 0.00 0.00 0.00 0.00 0.00 0.00 0.00 0.00 0.00 0.00 0.00 0.00 0.00
2.32 2.28 2.23 0.86 2.13 2.08 2.03 1.98 1.93 0.66 0.64 0.66 0.60 0.58 0.73 0.65 0.62 0.60 0.58 0.52 3.01 0.08 1.70 1.68 1.66 1.64 1.61 1.59 1.29 1.27 1.24 1.20 1.18 1.15 1.12 2.10 1.07 1.05 1.03 1.01 0.00 0.13 0.12 0.12 0.12 0.11 0.11 0.11 0.10 0.10 0.00 0.22 0.22 0.21 0.21 0.20 0.20 0.20 0.19 0.09 0.09 0.18 0.18 0.18 0.00 0.00 0.00 0.00 0.76 0.75 0.00 0.00 0.00 0.00 0.00 0.00 0.00 0.00 0.00 0.00 0.00 0.00 0.00 0.00
2.26 0.82 2.17 0.83 2.07 2.02 0.71 0.69 0.71 1.79 0.62 0.64 0.80 0.56 0.50 0.48 0.60 0.58 0.05 0.05 1.73 1.70 1.66 0.05 0.05 1.61 1.58 1.29 2.02 1.24 0.58 1.18 0.05 1.12 1.73 1.07 1.05 0.04 1.01 0.99 0.13 0.12 0.12 0.11 0.11 0.11 0.10 0.10 0.10 0.10 0.22 0.21 0.21 0.21 0.20 0.20 0.19 0.19 0.19 0.18 0.18 0.00 0.00 0.00 0.00 0.00 0.00 0.00 0.75 0.74 0.74 0.73 0.73 0.73 0.73 0.80 0.73 0.73 0.73 0.80 0.73 0.80 0.73 0.80
0.86 1.02 2.63 3.30 2.01 1.38 0.69 0.13 0.13 0.62 0.60 1.65 1.60 0.50 0.63 0.60 0.05 0.05 0.04 0.01 1.69 0.05 0.40 0.05 0.05 0.05 1.29 1.27 1.24 1.21 0.05 0.05 1.12 1.10 1.07 1.05 1.02 1.00 0.98 0.13 0.00 0.00 0.00 0.00 0.11 0.10 0.00 0.00 0.00 0.09 0.09 0.21 0.20 0.20 0.00 0.00 0.00 0.00 0.00 0.00 0.00 0.00 0.00 0.00 0.00 0.16 0.16 0.16 0.16 0.16 0.16 0.16 0.16 0.16 0.16 0.16 0.16 0.16 0.16 0.16 0.16 0.16 0.16 0.16
0.78 2.09 0.79 2.00 0.70 0.68 1.04 0.13 0.12 0.95 0.92 0.90 0.54 0.06 0.01 0.05 0.05 0.08 0.04 0.54 0.04 0.05 0.05 0.27 1.30 1.29 1.26 1.24 1.21 1.18 0.05 1.13 1.10 1.52 1.49 1.46 1.43 0.54 0.29 0.27 0.26 0.26 0.00 0.00 0.10 0.00 0.00 0.09 0.09 0.09 0.10 0.00 0.00 0.00 0.00 0.00 0.00 0.00 0.00 0.00 0.00 0.00 0.00 0.00 0.00 0.00 0.16 0.16 0.16 0.15 0.15 0.15 0.15 0.15 0.15 0.15 0.15 0.15 0.15 0.15 0.15 0.15 0.15 0.15
0.80 0.73 0.71 1.94 0.67 0.13 0.13 0.12 0.95 0.92 0.89 0.02 0.76 0.74 0.71 0.05 0.08 0.01 0.54 0.52 0.03 0.05 1.57 1.30 0.05 0.04 0.04 0.04 1.19 0.29 0.28 1.10 1.07 1.49 1.46 1.43 1.40 0.29 0.27 0.26 0.26 0.25 0.24 0.10 0.10 0.10 0.09 0.09 0.09 0.09 0.08 0.08 0.08 0.00 0.00 0.00 0.00 0.18 0.00 0.00 0.00 0.00 0.00 0.00 0.00 0.00 0.15 0.15 0.15 0.00 0.00 0.00 0.00 0.00 0.00 0.00 0.00 0.00 0.00 0.00 0.00 0.00 0.00 0.00
0.73 0.71 0.69 0.67 0.03 0.03 0.97 0.94 0.92 0.89 0.02 0.76 0.74 0.71 0.63 0.61 0.01 0.04 0.04 0.51 0.50 0.33 1.28 1.27 0.04 0.04 0.04 0.04 1.16 1.14 1.11 1.08 1.05 1.46 1.43 1.40 0.29 0.27 0.26 0.26 0.25 0.24 0.23 0.10 0.10 0.09 0.09 0.09 0.09 0.08 0.08 0.08 0.08 0.08 0.00 0.00 0.00 0.17 0.17 0.00 0.00 0.00 0.00 0.00 0.16 0.15 0.15 0.15 0.15 0.00 0.00 0.00 0.00 0.00 0.00 0.00 0.00 0.00 0.00 0.00 0.00 0.00 0.00 0.00
0.70 0.68 1.84 1.80 0.03 0.97 0.94 0.91 0.89 0.79 0.76 0.05 0.05 0.08 0.61 0.56 0.04 0.04 0.51 0.50 0.32 0.32 1.26 0.04 0.04 0.04 0.04 0.04 1.14 0.04 0.04 0.04 0.04 1.43 0.34 0.29 0.27 0.26 0.25 0.25 0.24 0.23 0.23 0.09 0.09 0.09 0.09 0.08 0.08 0.00 0.08 0.08 0.07 0.07 0.07 0.17 0.00 0.00 0.00 0.00 0.00 0.16 0.16 0.15 0.00 0.15 0.15 0.15 0.15 0.15 0.00 0.00 0.00 0.00 0.00 0.00 0.00 0.00 0.00 0.00 0.00 0.00 0.00 0.00
1.90 0.66 0.64 1.75 0.02 0.94 0.91 0.88 0.79 0.76 0.74 0.09 0.64 0.04 0.57 0.12 0.53 0.51 0.50 0.02 0.02 0.00 0.04 0.04 0.04 0.04 0.04 0.03 0.03 0.04 0.04 0.04 0.04 1.41 0.00 0.27 0.00 0.26 0.00 0.24 0.23 0.23 0.09 0.09 0.09 0.09 0.08 0.08 0.00 0.00 0.00 0.00 0.07 0.07 0.07 0.17 0.17 0.00 0.00 0.00 0.16 0.16 0.15 0.15 0.15 0.15 0.15 0.15 0.15 0.14 0.14 0.00 0.00 0.00 0.00 0.00 0.00 0.00 0.00 0.00 0.00 0.00 0.00 0.00
0.70 0.64 1.74 1.94 0.93 0.91 0.88 0.78 0.76 0.02 0.09 0.64 0.62 0.04 0.55 0.53 0.03 0.03 0.32 0.00 0.02 0.00 0.00 0.04 0.04 0.04 0.03 0.11 1.10 1.07 1.05 1.02 1.00 0.29 0.27 0.26 0.26 0.25 0.01 0.23 0.23 0.22 0.09 0.09 0.09 0.08 0.08 0.08 0.00 0.00 0.18 0.07 0.07 0.07 0.17 0.17 0.16 0.16 0.00 0.00 0.15 0.15 0.00 0.15 0.15 0.15 0.15 0.14 0.14 0.16 0.14 7.10 0.00 0.00 0.00 0.00 0.00 0.00 0.00 0.00 0.00 0.00 0.00 0.15
1.77 1.73 1.93 0.93 0.90 0.80 0.78 0.02 0.74 0.05 0.05 0.04 0.04 0.55 0.53 0.51 0.03 0.02 0.02 0.31 0.02 0.00 0.00 0.04 0.04 0.03 0.11 0.11 1.08 1.06 1.03 1.00 0.13 0.28 0.27 0.26 0.25 0.24 0.00 0.23 0.22 0.22 0.09 0.09 0.08 0.08 0.00 0.19 0.19 0.18 0.18 0.17 0.07 0.07 0.00 0.16 0.16 0.00 0.00 0.15 0.00 0.15 0.00 0.15 0.15 0.14 0.14 0.14 0.14 0.14 0.14 0.14 0.00 0.00 0.00 0.00 0.00 0.00 0.00 0.00 0.00 0.00 0.14 0.14
1.72 0.83 1.88 0.11 0.10 0.10 0.76 0.09 0.09 0.05 0.05 0.04 0.04 0.54 0.52 0.50 0.32 0.32 0.31 0.02 0.00 0.00 0.00 0.00 0.03 0.03 0.11 1.09 1.07 1.04 1.01 0.13 0.13 0.12 0.12 0.11 0.11 0.10 0.10 0.00 0.09 0.09 0.09 0.08 0.08 0.08 0.19 0.00 0.00 0.18 0.17 0.17 0.17 0.17 0.00 0.16 0.16 0.16 0.15 0.15 0.15 0.00 0.00 0.00 0.14 0.14 0.14 0.14 0.14 0.00 0.00 0.14 0.14 0.00 0.00 0.00 0.00 0.00 0.00 0.00 0.14 0.14 0.14 0.14
0.68 0.66 0.11 0.10 0.10 0.09 0.09 0.01 0.08 0.05 0.04 0.04 0.54 0.52 0.50 0.32 0.32 0.31 0.30 0.02 0.29 0.47 0.46 0.46 1.59 1.57 1.55 1.52 1.49 1.46 0.30 0.29 0.27 0.12 0.11 0.11 0.10 0.10 0.10 0.09 0.09 0.09 0.08 0.08 0.00 0.00 0.00 0.00 0.00 0.00 0.00 0.17 0.17 0.16 0.16 0.16 0.16 0.15 0.15 0.15 0.15 0.15 0.00 0.14 0.00 0.00 0.00 0.00 0.14 0.00 0.00 0.00 0.14 0.14 0.00 0.00 0.00 0.00 0.14 0.14 0.14 0.14 0.14 0.00
