New_Model_Runs/2_scn1_noclimate_out/post_prcessed_with_MFR/Monthly_summaries/runoff_monthly_OCT.asc
NCOLS 700
NROWS 400
XLLCENTER 515000.000000
YLLCENTER 8409000.000000
CELLSIZE 50.000000
NODATA_value -999.000000
[rows 111 to 147 of 400, columns 504 to 587 of 700]
2.28 2.25 2.22 4.05 3.86 3.82 6.65 3.72 3.25 3.21 2.03 3.66 3.21 3.85 2.96 2.93 2.87 2.17 2.15 2.12 1.86 2.07 2.06 2.04 4.21 2.02 2.01 4.16 3.15 1.98 1.97 1.96 2.65 2.64 4.83 2.62 2.60 2.59 1.91 1.90 1.75 2.63 2.63 2.62 2.69 1.73 4.99 1.41 1.36 1.12 1.34 1.34 2.50 2.48 2.47 2.46 2.39 1.94 1.29 1.29 1.31 0.35 0.51 0.34 0.34 1.28 1.21 1.20 1.15 1.14 1.13 1.12 0.29 0.29 0.28 0.28 0.37 0.00 0.00 0.00 0.00 0.00 0.00 0.00
2.25 2.22 2.18 4.00 3.74 3.70 3.65 3.30 3.17 3.13 2.40 2.37 2.00 2.31 2.95 2.92 2.93 2.19 2.17 3.37 1.80 2.09 3.46 2.78 2.05 2.04 2.03 4.19 2.71 2.00 1.98 1.98 2.65 2.64 4.84 2.61 2.63 3.91 3.90 1.63 1.92 2.66 2.66 2.65 1.90 1.75 1.74 2.65 2.61 2.59 2.58 2.57 4.58 2.49 2.47 2.46 2.40 1.96 1.30 1.30 1.30 0.72 0.34 0.34 0.33 1.20 1.19 1.74 1.12 1.11 1.10 0.52 0.30 0.29 0.29 1.11 0.52 0.00 0.00 0.00 0.00 0.00 0.00 0.00
2.28 4.14 4.09 4.04 3.78 3.74 3.69 3.64 3.20 3.16 2.43 3.08 3.05 3.02 2.98 2.94 2.95 4.29 2.19 3.40 3.36 2.11 4.58 2.08 2.06 1.88 2.76 6.74 2.72 2.01 2.00 1.99 2.66 4.90 2.64 2.63 2.64 3.09 3.09 3.08 2.68 2.68 2.67 2.67 2.69 4.96 2.68 4.93 2.62 2.61 4.80 2.59 2.51 2.50 4.58 2.48 2.42 1.32 1.32 1.31 0.35 0.43 0.34 1.93 1.28 1.90 1.20 2.08 1.13 1.12 1.11 1.10 0.30 1.13 1.13 1.12 1.75 0.67 0.00 0.00 0.00 0.00 0.00 0.00
4.23 4.18 4.13 4.08 3.82 6.97 3.72 3.68 3.23 3.19 3.15 3.10 3.08 3.04 3.00 2.97 2.97 2.23 2.21 2.18 2.15 1.81 1.79 2.09 2.08 1.89 2.78 4.23 4.39 2.02 2.01 2.00 1.99 2.67 2.66 2.65 2.66 1.96 3.10 2.64 2.70 2.69 2.69 2.69 2.71 2.70 4.97 2.68 2.64 2.62 2.61 2.60 2.53 2.52 2.51 2.50 2.43 1.33 1.33 1.32 0.35 0.51 1.31 1.30 1.29 1.92 1.87 1.20 1.71 1.13 1.12 1.12 1.15 0.30 1.14 1.14 1.20 0.67 9.52 0.00 0.00 0.00 0.00 0.00
4.27 4.22 4.17 4.12 3.86 3.81 3.76 3.71 3.26 3.21 3.17 3.13 3.10 3.06 3.02 2.99 2.99 2.96 2.92 2.19 2.16 2.14 3.34 3.32 3.30 2.08 2.79 2.78 2.75 2.03 2.02 3.19 2.01 2.68 2.68 2.67 2.68 2.67 3.12 3.12 2.71 2.71 2.71 2.70 2.72 7.39 2.70 2.69 2.65 2.64 2.63 2.62 2.54 2.53 2.52 2.51 2.45 1.34 1.34 1.33 0.36 0.64 1.32 1.31 1.30 1.29 1.22 1.21 1.16 1.15 1.14 1.13 1.16 1.16 0.31 0.31 1.21 0.54 0.54 0.54 0.68 3.15 0.01 0.68
4.04 3.99 3.94 7.23 6.98 3.72 3.66 3.31 3.64 3.29 3.25 3.21 3.22 3.18 3.14 3.10 3.08 3.04 3.01 2.97 3.12 3.09 2.89 2.87 2.84 3.29 3.28 3.26 2.78 2.77 2.76 2.03 2.76 2.75 2.74 2.73 2.74 2.73 2.72 3.13 2.71 2.71 5.00 1.96 4.98 2.68 2.67 2.66 2.64 1.91 2.62 2.61 2.55 2.54 2.53 2.52 2.43 1.34 1.33 1.32 1.31 1.30 1.29 1.28 1.22 1.21 1.20 1.18 1.18 1.17 1.16 1.16 1.20 1.19 0.32 0.32 1.29 0.55 0.71 0.55 1.32 3.79 1.32 1.32
4.07 4.02 3.97 3.92 3.79 3.74 3.69 3.63 3.67 3.31 3.27 3.23 3.24 3.19 3.15 3.11 3.09 3.05 3.02 2.99 2.96 2.93 2.90 2.88 4.34 2.83 2.82 2.81 2.79 2.78 1.73 2.76 2.76 2.76 2.75 2.74 2.75 2.74 2.73 2.73 2.72 2.72 2.71 2.71 2.70 2.69 2.68 3.73 2.65 3.05 1.62 5.49 3.16 2.55 2.54 2.53 2.45 1.34 1.34 1.33 1.32 1.31 1.30 1.29 1.28 1.22 1.21 1.20 1.19 1.18 1.18 1.17 1.21 0.33 0.33 1.20 1.31 1.30 0.56 0.56 1.33 0.55 0.55 0.55
4.10 4.05 3.99 3.94 3.81 3.76 3.71 3.65 3.69 3.64 3.29 3.24 3.25 3.21 3.17 3.13 3.10 3.06 3.03 3.00 2.97 2.94 2.91 2.88 2.85 2.84 1.92 2.81 2.80 2.79 2.78 2.77 2.77 2.76 2.75 2.75 2.76 2.75 2.74 2.74 2.73 2.73 2.72 2.72 2.71 2.70 2.69 1.94 1.93 1.93 1.63 1.62 2.57 4.72 2.55 2.54 2.46 1.35 1.34 1.34 1.32 1.32 1.31 1.94 1.30 1.92 1.22 1.21 1.20 1.20 1.19 1.18 1.28 0.33 0.33 0.33 1.32 1.32 0.56 0.62 1.34 0.44 0.40 0.56
4.13 4.07 4.02 3.96 3.83 3.78 3.72 3.67 3.71 3.65 3.30 3.25 3.26 3.22 3.17 3.13 3.11 3.07 3.03 3.00 2.97 2.94 2.91 2.89 2.86 2.84 2.83 2.82 2.80 2.79 2.78 2.77 2.78 2.77 2.76 2.75 2.76 2.75 2.75 2.74 2.74 2.73 2.73 2.72 3.13 3.12 3.11 1.65 1.64 2.66 4.87 6.43 1.91 2.57 2.56 2.55 2.46 1.36 1.35 1.34 1.33 1.32 1.97 1.31 1.30 1.29 1.28 1.22 1.21 1.21 1.20 1.20 1.30 1.29 0.62 0.34 0.36 0.44 0.18 0.18 0.41 1.35 1.35 0.40
4.13 4.08 4.02 3.96 4.02 3.97 3.92 3.86 3.89 3.84 3.78 3.73 3.68 3.64 3.29 3.24 3.20 3.16 3.12 3.08 3.04 3.01 2.98 2.96 2.94 2.92 2.09 2.89 2.88 2.87 2.86 2.85 2.85 2.84 2.83 2.82 2.81 2.00 2.00 1.99 2.77 2.76 2.75 1.98 1.68 1.91 1.96 2.69 1.65 2.64 2.63 2.62 2.55 2.54 2.53 4.58 2.45 1.35 1.34 1.33 1.33 1.32 1.32 1.31 1.33 1.32 1.32 1.31 1.32 1.32 1.31 1.30 1.32 1.31 1.31 1.30 0.97 0.59 0.58 0.18 0.41 0.41 0.68 0.50
4.15 4.09 4.03 3.98 4.04 3.98 3.92 3.87 3.90 3.84 3.79 3.73 3.69 3.64 3.29 3.24 3.19 3.15 3.12 3.08 3.04 3.01 2.98 2.95 2.94 2.10 1.78 1.77 2.88 2.87 2.85 2.84 2.84 2.84 2.83 2.82 2.81 2.00 2.00 1.99 2.77 3.15 3.15 1.98 1.97 2.70 1.96 2.69 2.65 2.64 2.63 2.63 2.56 2.55 2.54 2.53 2.45 1.35 1.34 1.34 1.34 1.33 1.32 1.31 1.33 1.33 1.32 1.32 1.33 1.32 1.32 1.31 1.33 1.32 1.31 1.31 1.35 1.35 1.34 0.18 0.41 0.41 0.69 0.41
4.16 4.10 4.04 3.99 4.05 3.99 3.93 3.87 3.90 3.85 3.79 3.74 3.69 3.64 3.29 3.24 3.19 3.15 3.11 3.08 3.03 3.00 2.97 2.95 2.93 1.53 1.77 1.76 1.76 2.86 2.85 2.04 1.72 2.02 2.02 2.81 4.31 2.80 1.99 1.69 1.69 5.69 7.17 1.98 1.97 2.71 2.70 2.69 2.65 2.65 2.64 2.63 2.56 2.55 2.54 2.53 3.09 1.35 1.34 1.34 1.34 1.33 1.32 1.31 1.34 1.33 1.33 1.32 1.33 1.33 1.32 1.32 1.34 1.33 1.32 1.32 1.36 1.35 0.36 0.36 0.57 0.73 2.42 1.35
4.17 4.11 4.05 3.99 4.05 2.76 3.93 3.87 3.90 5.16 7.01 9.92 6.86 3.63 3.28 3.24 4.69 3.15 3.11 3.07 3.03 3.00 2.97 2.94 2.93 1.52 2.08 1.76 1.75 2.86 2.84 2.03 1.72 1.71 2.01 2.00 2.00 2.80 2.79 1.69 2.82 1.69 1.98 2.75 2.71 2.70 2.69 2.69 2.65 2.65 2.64 2.63 2.56 2.55 2.54 2.53 2.45 1.35 1.35 1.34 1.34 1.33 1.32 1.32 1.34 1.33 1.33 1.32 1.33 1.33 1.32 1.32 1.34 1.33 1.33 1.32 1.36 1.36 0.36 0.36 0.37 0.37 2.01 1.35
4.35 4.29 4.23 4.17 4.17 4.11 7.62 3.99 3.94 3.88 13.79 3.77 3.72 3.66 3.30 6.41 6.34 3.19 1.48 2.21 3.07 3.04 3.01 2.99 2.97 1.55 1.54 2.93 2.92 2.90 2.89 2.02 1.71 1.71 1.49 1.18 1.69 1.69 2.79 2.79 2.77 2.76 2.76 2.75 2.74 2.73 2.73 2.72 2.67 7.26 2.66 2.65 2.54 2.53 2.53 2.52 2.45 1.35 1.34 1.34 1.36 1.35 1.34 1.99 2.02 2.02 1.35 1.35 1.35 1.35 1.34 2.73 1.35 1.35 1.35 1.34 1.35 1.34 0.35 0.43 0.63 1.31 1.31 1.30
4.35 4.29 4.22 4.16 4.17 4.11 4.04 3.98 3.93 7.21 3.81 3.75 3.70 3.64 3.29 3.25 1.72 1.69 1.47 1.32 1.30 3.03 3.00 2.98 2.96 1.55 0.62 2.31 3.24 3.22 2.88 2.87 1.19 2.83 2.82 2.81 2.81 2.80 2.78 2.79 7.54 2.75 2.75 2.75 2.74 2.73 2.72 2.72 7.35 2.66 2.65 2.65 2.54 2.53 2.52 2.52 2.45 1.35 1.34 1.33 1.36 2.02 2.41 1.33 1.36 1.36 2.42 2.02 1.35 2.02 2.01 1.34 2.77 1.35 1.34 1.34 1.35 1.34 1.99 1.32 1.32 1.31 1.30 1.30
4.35 4.28 4.22 4.15 4.16 4.10 4.03 3.97 3.92 3.85 3.80 3.74 3.68 3.63 3.28 3.23 3.20 1.49 2.23 3.08 1.17 4.39 2.98 1.56 1.55 2.32 2.31 2.30 2.29 2.27 2.27 3.18 2.83 2.82 2.81 2.80 3.06 3.16 2.78 5.11 2.75 2.75 2.74 1.42 1.42 1.41 2.72 1.40 1.38 2.66 2.65 2.64 2.54 2.53 2.52 2.51 2.45 1.34 1.34 1.33 1.35 1.35 1.34 1.33 1.36 1.36 1.35 1.34 2.02 1.35 1.34 1.34 1.35 1.35 2.75 1.33 1.34 1.99 1.33 1.32 1.31 1.31 1.30 1.30
4.34 4.27 4.21 4.14 4.15 4.08 4.02 3.96 3.90 3.84 3.78 3.72 3.66 6.72 6.64 3.22 3.19 2.24 1.45 1.43 1.28 2.48 1.56 2.34 2.32 2.31 2.30 2.28 2.27 2.26 2.25 2.24 2.81 2.80 1.16 3.83 2.77 2.76 2.76 2.76 2.74 2.74 2.73 1.42 1.41 1.41 1.14 2.26 1.37 1.37 1.36 4.77 2.53 2.52 2.52 2.51 3.07 1.34 1.34 0.64 1.35 1.34 0.63 0.62 1.36 1.35 1.35 1.99 1.35 1.34 1.34 1.33 1.35 1.34 1.34 1.33 1.34 1.33 1.32 1.31 1.31 1.30 1.30 1.93
4.44 4.37 4.30 4.23 4.18 4.11 4.04 3.98 3.87 3.81 3.75 3.69 3.64 3.29 3.24 3.20 3.17 2.22 1.44 3.04 5.37 2.27 2.94 2.32 2.31 2.29 2.28 0.00 0.00 0.00 0.00 0.00 0.00 2.78 3.68 2.77 2.74 2.74 2.74 2.74 2.77 2.76 1.43 2.76 2.76 2.75 2.74 1.70 1.95 1.35 1.35 2.62 2.53 6.87 4.62 4.83 2.46 1.36 1.35 0.46 0.46 0.46 0.45 0.62 1.32 1.96 1.31 1.30 1.31 1.31 1.30 1.30 1.31 1.94 1.30 1.92 1.29 1.28 1.22 1.21 1.20 1.20 1.78 1.18
4.42 4.35 4.28 4.21 2.25 2.21 2.17 2.13 2.06 3.79 3.73 3.67 3.32 3.26 3.22 3.17 1.91 2.20 1.43 1.40 2.98 2.95 2.32 2.30 2.29 0.00 0.00 0.00 0.00 0.00 0.00 0.00 0.00 0.00 3.09 2.75 2.72 2.72 2.71 2.72 2.80 1.14 1.26 1.26 2.74 3.86 1.40 1.92 2.18 1.35 1.35 2.61 2.52 2.52 2.51 2.50 3.10 1.35 1.35 0.63 0.46 0.46 0.76 1.31 1.32 1.31 1.30 1.30 1.31 1.30 1.30 1.29 1.30 1.30 1.29 1.28 1.28 1.21 1.21 1.20 1.19 1.90 1.18 1.18
4.39 4.32 4.25 4.19 2.24 2.19 1.61 2.11 2.04 3.76 3.70 3.64 3.29 3.24 3.19 3.15 1.33 3.08 1.83 2.99 2.95 3.98 2.30 2.28 10.66 0.00 0.00 0.00 0.00 0.00 0.00 0.00 0.00 0.00 0.00 5.00 2.70 2.70 2.70 1.92 3.07 2.74 4.35 2.73 2.73 2.70 4.96 2.69 6.79 2.61 4.79 2.60 2.51 2.51 2.50 2.49 2.45 1.35 1.34 0.63 0.46 0.45 0.87 1.95 1.31 1.30 1.30 1.29 1.30 1.29 1.29 1.22 1.29 1.28 1.22 1.21 1.21 1.20 1.20 2.51 1.18 1.18 1.17 1.17
4.37 4.30 4.23 4.16 4.10 2.17 2.13 2.09 2.92 2.87 1.95 3.31 3.26 3.21 3.16 1.90 1.32 3.05 1.81 2.10 1.35 1.34 0.24 2.26 0.00 0.00 0.00 0.00 0.00 0.00 0.00 0.00 0.00 0.00 0.00 10.32 3.03 2.67 10.33 0.00 0.00 4.33 4.33 2.72 1.95 1.39 2.68 2.68 2.60 4.76 2.59 4.69 2.50 2.50 2.49 2.48 2.44 1.34 1.33 0.62 0.45 0.62 0.80 1.30 1.30 1.91 1.29 1.28 1.29 1.28 1.22 1.21 1.22 1.21 1.21 1.86 1.86 1.19 1.19 1.18 1.17 1.17 1.16 1.15
4.36 4.29 4.21 4.14 4.08 4.01 1.74 1.70 2.02 1.98 1.95 3.30 1.98 1.38 1.48 1.32 1.30 1.27 2.96 2.07 2.88 2.86 3.18 0.00 0.00 0.00 0.00 0.00 0.00 0.00 0.00 0.00 0.00 0.00 0.00 2.62 2.63 0.00 0.00 0.00 0.00 0.00 0.00 2.46 2.46 1.36 4.84 2.62 2.58 2.57 2.57 2.56 2.54 2.53 2.53 2.52 2.49 1.38 1.37 0.45 0.45 0.61 0.61 1.31 1.21 1.20 1.20 1.19 1.19 1.19 1.18 1.17 1.19 1.18 1.17 1.17 1.18 1.17 1.16 1.16 1.16 1.16 1.15 1.14
4.33 4.25 4.18 7.71 7.58 5.38 2.57 1.68 1.65 3.38 1.92 3.27 3.21 1.36 3.11 1.43 2.40 2.37 0.47 2.90 2.85 2.83 0.00 0.00 0.00 0.00 0.00 0.00 0.00 0.00 0.00 0.00 0.00 0.00 0.00 0.00 0.00 0.00 0.00 0.00 0.00 0.00 0.00 10.25 1.04 1.04 2.16 1.34 1.31 2.56 2.55 2.55 2.52 2.52 2.51 2.51 2.48 1.37 1.61 1.36 1.32 1.31 1.31 1.30 1.20 1.20 1.19 1.18 1.18 1.18 1.17 1.16 1.18 1.75 1.16 1.15 1.16 1.16 0.31 0.31 0.31 0.31 0.30 0.30
4.29 4.21 4.14 4.07 4.01 3.94 7.23 2.13 1.63 1.44 1.41 1.53 1.49 3.12 2.45 2.41 2.37 2.33 0.00 0.00 0.00 0.00 0.00 0.00 0.00 0.00 0.00 0.00 0.00 0.00 0.00 0.00 0.00 0.00 0.00 0.00 0.00 0.00 0.00 0.00 0.00 0.00 0.00 0.00 2.42 1.33 1.33 1.33 1.30 1.30 2.53 2.53 2.51 2.50 2.50 2.49 2.46 1.36 1.35 1.35 1.31 1.30 1.30 1.29 1.19 1.19 1.18 1.17 1.17 1.17 1.16 1.15 1.16 2.70 1.15 1.14 1.15 1.14 1.69 0.54 0.30 0.30 0.36 0.30
4.25 4.17 4.10 4.03 3.97 2.62 3.83 3.81 3.36 2.65 2.60 2.55 2.50 0.00 0.00 0.00 0.00 0.00 0.00 0.00 0.00 0.00 0.00 0.00 0.00 0.00 0.00 0.00 0.00 0.00 0.00 0.00 0.00 0.00 0.00 0.00 0.00 0.00 0.00 0.00 0.00 0.00 0.00 1.33 3.75 1.69 2.57 2.57 2.52 2.52 2.52 2.51 2.49 2.48 2.48 2.47 2.45 1.35 1.34 1.34 0.34 0.34 0.34 1.22 1.18 1.18 1.17 1.16 1.17 1.16 1.15 1.14 1.15 2.30 1.67 1.12 1.13 1.13 1.12 1.12 1.12 1.12 0.29 0.29
4.19 4.11 4.04 3.97 2.09 1.54 1.37 3.38 2.66 2.61 0.00 0.00 0.00 0.00 0.00 0.00 0.00 0.00 0.00 0.00 0.00 0.00 0.00 0.00 0.00 0.00 0.00 0.00 0.00 0.00 0.00 0.00 0.00 0.00 0.00 0.00 0.00 0.00 0.00 0.00 0.00 0.00 0.00 2.53 2.66 1.68 2.55 2.55 1.88 1.42 2.54 2.54 2.53 2.53 2.52 2.52 2.49 0.37 0.37 0.37 0.36 0.35 0.35 0.35 1.17 1.17 1.16 1.15 1.12 1.11 1.10 1.63 1.12 1.11 1.10 1.10 1.12 1.11 1.11 1.10 1.12 1.11 1.10 1.10
4.14 4.06 3.99 3.92 2.15 1.66 2.73 2.68 0.00 0.00 0.00 0.00 0.00 0.00 0.00 0.00 0.00 0.00 0.00 0.00 0.00 0.00 0.00 0.00 0.00 0.00 0.00 0.00 0.00 0.00 0.00 0.00 0.00 0.00 0.00 0.00 0.00 0.00 0.00 0.00 0.00 0.00 0.00 0.00 0.00 0.00 0.00 1.87 1.86 2.63 1.41 1.40 1.65 2.51 2.50 2.50 2.48 0.37 0.37 0.36 0.35 0.35 0.35 0.34 0.31 0.31 1.15 1.15 1.11 1.10 1.09 1.61 1.11 1.10 1.09 1.08 1.11 1.10 1.09 1.09 1.10 1.09 1.09 1.08
4.09 4.01 3.94 2.55 2.50 1.63 2.69 0.00 0.00 0.00 0.00 0.00 0.00 0.00 0.00 0.00 0.00 0.00 0.00 0.00 0.00 0.00 0.00 0.00 0.00 0.00 0.00 0.00 0.00 0.00 0.00 0.00 0.00 0.00 0.00 0.00 0.00 0.00 0.00 0.00 0.00 0.00 0.00 0.00 0.00 0.00 0.00 0.00 3.14 1.84 1.39 1.39 1.63 0.97 1.63 2.48 2.46 0.36 0.36 0.36 0.35 0.34 0.34 0.34 0.31 0.31 1.14 1.14 1.10 1.09 1.61 1.08 1.10 1.09 1.08 1.07 1.10 1.09 1.08 1.07 1.09 1.08 1.07 1.07
4.36 4.05 3.96 2.16 2.46 1.61 3.30 0.00 0.00 0.00 0.00 0.00 0.00 0.00 0.00 0.00 0.00 0.00 0.00 0.00 0.00 0.00 0.00 0.00 0.00 0.00 0.00 0.00 0.00 0.00 0.00 0.00 0.00 0.00 0.00 0.00 0.00 0.00 0.00 0.00 0.00 0.00 0.00 0.00 0.00 0.00 0.00 0.00 0.00 1.83 1.06 0.97 1.45 1.06 0.96 1.05 0.96 0.36 0.36 0.35 0.34 0.34 0.34 0.33 0.30 0.30 1.13 1.12 1.09 1.08 1.07 1.07 1.09 1.08 1.07 1.06 1.09 1.08 1.07 1.06 1.08 1.07 1.06 0.27
3.96 2.58 3.91 2.12 3.67 3.30 3.63 0.00 0.00 0.00 0.00 0.00 0.00 0.00 0.00 0.00 0.00 0.00 0.00 0.00 0.00 0.00 0.00 0.00 0.00 0.00 0.00 0.00 0.00 0.00 0.00 0.00 0.00 0.00 0.00 0.00 0.00 0.00 0.00 0.00 0.00 0.00 0.00 0.00 0.00 0.00 0.00 0.00 0.00 1.81 1.81 1.80 2.28 2.27 2.27 2.27 2.26 0.20 0.36 0.36 0.24 0.33 0.41 0.33 1.10 1.10 1.09 1.09 1.05 1.04 1.03 1.02 1.07 1.06 1.05 1.05 1.08 1.07 0.47 0.47 0.48 1.06 1.05 0.29
3.90 2.18 2.13 4.37 3.31 3.25 3.19 0.00 0.00 0.00 0.00 0.00 0.00 0.00 0.00 0.00 0.00 0.00 0.00 0.00 0.00 0.00 0.00 0.00 0.00 0.00 0.00 0.00 0.00 0.00 0.00 0.00 0.00 0.00 0.00 0.00 0.00 0.00 0.00 0.00 0.00 0.00 0.00 0.00 0.00 0.00 0.00 0.00 0.00 0.00 1.79 3.37 2.25 2.25 2.25 2.24 2.24 1.09 0.23 0.23 0.23 0.33 0.32 0.39 0.29 1.62 0.51 1.58 1.03 1.02 1.02 1.01 1.06 1.05 1.04 2.10 1.07 1.06 1.05 1.05 1.06 1.05 1.04 0.15
3.84 3.77 3.76 3.72 3.65 11.45 0.00 0.00 0.00 0.00 0.00 0.00 0.00 0.00 0.00 0.00 0.00 0.00 0.00 0.00 0.00 0.00 0.00 0.00 0.00 0.00 0.00 0.00 0.00 0.00 0.00 0.00 0.00 0.00 0.00 0.00 0.00 0.00 0.00 0.00 0.00 0.00 0.00 0.00 0.00 0.00 0.00 0.00 0.00 0.00 1.77 1.77 1.77 2.23 2.23 0.93 1.12 0.23 0.43 0.62 0.32 0.39 0.32 1.17 0.28 0.28 0.28 0.27 1.02 1.01 1.00 1.00 1.04 1.04 1.03 1.50 1.06 1.05 0.56 0.34 0.33 0.33 1.14 0.32
3.78 3.71 3.73 3.66 0.00 0.00 0.00 0.00 0.00 0.00 0.00 0.00 0.00 0.00 0.00 0.00 0.00 0.00 0.00 0.00 0.00 0.00 0.00 0.00 0.00 0.00 0.00 0.00 0.00 0.00 0.00 0.00 0.00 0.00 0.00 0.00 0.00 0.00 0.00 0.00 0.00 0.00 0.00 0.00 0.00 0.00 0.00 0.00 0.00 0.00 0.00 0.19 1.75 1.74 1.55 2.54 1.54 1.29 1.29 1.28 1.71 1.17 1.16 1.15 1.06 1.05 1.05 1.04 1.00 0.99 0.99 0.98 1.50 1.50 1.02 1.01 1.05 1.04 1.03 1.02 0.33 0.32 0.32 0.45
2.46 3.74 0.00 0.00 0.00 0.00 0.00 0.00 0.00 0.00 0.00 0.00 0.00 0.00 0.00 0.00 0.00 0.00 0.00 0.00 0.00 0.00 0.00 0.00 0.00 0.00 0.00 0.00 0.00 0.00 0.00 0.00 0.00 0.00 0.00 0.00 0.00 0.00 0.00 0.00 0.00 0.00 0.00 0.00 0.00 0.00 0.00 0.00 0.00 0.00 0.00 1.73 1.72 2.45 2.45 1.29 1.29 0.54 0.54 1.17 1.09 1.08 1.08 1.07 1.02 1.01 1.01 1.00 1.00 0.99 0.98 0.98 1.01 1.47 0.99 0.99 1.03 1.02 1.01 1.01 1.02 0.32 0.44 0.44
3.36 0.00 0.00 0.00 0.00 0.00 0.00 0.00 0.00 0.00 0.00 0.00 0.00 0.00 0.00 0.00 0.00 0.00 0.00 0.00 0.00 0.00 0.00 0.00 0.00 0.00 0.00 0.00 0.00 0.00 0.00 0.00 0.00 0.00 0.00 0.00 0.00 0.00 0.00 0.00 0.00 0.00 0.00 0.00 0.00 0.00 0.00 0.00 0.00 0.00 0.00 1.70 1.70 2.42 2.42 1.28 2.26 0.53 1.72 1.15 1.07 1.07 1.06 1.05 1.48 1.00 0.99 0.99 0.98 0.97 0.97 0.96 0.99 0.99 0.98 0.97 1.01 1.01 1.00 0.99 1.01 1.00 0.99 0.43
0.00 0.00 0.00 0.00 0.00 0.00 0.00 0.00 0.00 0.00 0.00 0.00 0.00 0.00 0.00 0.00 0.00 0.00 0.00 0.00 0.00 0.00 0.00 0.00 0.00 0.00 0.00 0.00 0.00 0.00 0.00 0.00 0.00 0.00 0.00 0.00 0.00 0.00 0.00 0.00 0.00 0.00 0.00 0.00 0.00 0.00 0.00 0.00 0.00 0.00 0.00 1.68 3.32 2.40 2.40 1.26 1.49 0.52 0.52 1.13 1.56 1.05 1.04 1.04 0.99 0.98 0.98 0.97 0.97 0.96 0.95 0.95 0.98 0.97 0.96 0.96 1.00 0.99 1.46 1.44 0.99 0.98 0.30 1.00
0.00 0.00 0.00 0.00 0.00 0.00 0.00 0.00 0.00 0.00 0.00 0.00 0.00 0.00 0.00 0.00 0.00 0.00 0.00 0.00 0.00 0.00 0.00 0.00 0.00 0.00 0.00 0.00 0.00 0.00 0.00 0.00 0.00 0.00 0.00 0.00 0.00 0.00 0.00 0.00 0.00 0.00 0.00 0.00 0.00 0.00 0.00 0.00 0.00 0.00 0.00 1.66 1.66 1.25 2.39 1.25 1.47 0.51 0.51 1.11 1.04 1.03 1.03 1.02 0.97 0.97 0.96 0.96 0.95 0.95 0.94 0.93 0.96 0.96 0.95 0.94 0.98 0.98 0.97 0.96 0.98 0.97 1.07 1.06
