New_Model_Runs/2_scn1_noclimate_out/post_prcessed_with_MFR/Monthly_summaries/runoff_monthly_JAN.asc
NCOLS 700
NROWS 400
XLLCENTER 515000.000000
YLLCENTER 8409000.000000
CELLSIZE 50.000000
NODATA_value -999.000000
[rows 222 to 258 of 400, columns 252 to 335 of 700]
2.52 2.51 2.50 2.49 2.93 2.92 2.90 3.98 4.09 4.07 4.05 4.04 1.57 1.56 1.70 3.99 3.95 3.94 3.92 3.91 3.89 7.01 2.07 2.15 6.24 3.47 1.58 1.58 1.86 1.86 3.62 3.62 2.31 3.54 3.54 3.54 1.43 3.43 3.42 1.85 3.65 2.35 3.65 3.65 3.60 3.60 3.60 3.59 3.59 3.58 3.58 2.01 3.66 3.66 1.54 3.39 1.99 1.53 1.53 5.18 5.17 5.16 3.59 3.59 3.59 1.37 3.72 3.70 3.69 3.68 3.67 4.75 4.73 4.72 4.65 4.00 3.99 2.24 0.00 0.00 0.00 0.00 0.00 7.87
2.51 2.50 2.49 2.47 2.92 2.90 2.89 1.26 4.06 4.05 4.03 4.03 1.56 1.55 2.59 3.96 3.92 3.91 3.89 3.87 3.85 2.42 2.41 2.12 3.44 3.43 3.74 3.73 1.83 3.58 6.34 3.57 2.28 3.43 2.27 5.78 3.56 1.82 3.37 3.37 1.53 1.53 1.37 3.59 3.54 3.54 3.47 3.47 3.46 3.46 3.46 1.97 3.59 1.96 1.51 3.76 2.30 2.29 3.74 3.72 5.04 2.25 5.01 3.45 1.47 2.24 3.64 3.63 3.62 3.60 4.00 3.98 1.83 1.82 2.21 3.92 3.90 3.88 0.00 0.00 0.00 0.00 0.00 0.00
2.74 2.73 2.71 2.51 2.93 4.45 2.90 2.79 4.05 4.13 2.08 1.55 2.20 2.19 2.57 3.92 3.88 3.86 3.84 3.82 3.80 7.98 2.02 5.33 3.29 3.67 3.66 3.65 8.60 3.41 3.40 3.40 2.23 2.95 2.95 3.35 3.46 3.46 3.76 6.22 3.32 3.31 1.50 3.55 6.20 3.43 3.42 3.42 3.42 3.42 3.41 1.93 1.92 1.92 3.26 3.68 3.67 3.66 3.65 3.22 4.94 4.93 3.61 3.60 3.59 3.58 3.57 3.56 3.54 3.93 3.91 3.89 3.88 3.86 3.85 2.15 3.81 3.80 0.00 0.00 0.00 0.00 0.00 0.00
2.73 2.71 2.51 2.49 2.91 2.89 2.79 2.77 2.63 3.80 1.55 2.19 2.18 5.68 3.90 3.88 3.84 3.83 3.81 3.79 3.76 3.75 1.28 3.37 1.74 3.63 3.61 3.60 3.37 6.08 3.36 2.92 3.31 2.91 2.90 5.58 3.41 3.41 3.41 6.36 3.69 3.25 4.86 3.43 3.37 6.09 3.37 3.36 3.36 3.36 3.35 3.35 3.40 1.88 3.19 3.61 3.60 3.59 3.58 3.57 1.18 1.91 3.54 3.53 3.52 3.33 1.82 1.81 3.86 3.84 1.75 1.74 3.79 3.78 3.76 3.75 2.08 3.71 7.59 0.00 0.00 0.00 0.00 0.00
2.71 2.50 2.49 2.47 2.89 2.78 2.77 2.75 0.83 1.54 1.53 2.57 2.48 2.46 2.45 3.85 3.81 3.79 3.77 10.82 3.72 3.71 3.35 1.73 3.32 1.83 1.82 3.56 3.33 3.32 5.58 2.87 2.87 2.86 2.86 3.23 3.36 3.36 3.36 3.35 3.20 8.79 3.20 2.21 2.21 3.31 3.31 3.30 4.89 3.30 2.14 4.86 3.33 1.84 3.13 3.54 3.53 3.52 3.33 3.32 3.31 3.30 3.29 3.28 3.27 1.71 1.71 2.12 2.11 1.71 1.80 7.65 3.71 3.70 3.68 2.04 1.65 7.48 7.46 0.00 0.00 0.00 0.00 0.00
2.50 2.49 2.47 2.46 2.78 2.76 2.74 2.73 0.79 1.68 1.52 2.55 2.43 5.35 2.43 3.82 3.77 3.75 2.35 12.10 2.32 2.31 3.31 1.36 1.82 1.81 1.80 3.45 3.29 3.26 3.25 2.83 2.83 2.82 2.82 2.81 3.32 3.31 3.31 1.30 3.15 6.02 3.56 1.42 3.25 3.24 3.23 3.23 2.10 1.82 2.18 4.52 4.51 1.74 2.92 3.29 3.28 3.27 3.26 3.25 3.24 1.70 3.22 3.50 3.49 2.05 8.62 2.65 2.06 2.05 9.24 8.48 7.48 7.46 3.60 1.71 8.34 3.91 0.00 0.00 0.00 0.00 0.00 0.00
2.49 2.47 2.46 2.44 2.75 2.73 2.72 2.50 0.49 1.66 1.65 2.43 3.92 2.03 3.78 3.76 3.71 3.69 2.32 3.24 3.75 3.29 1.81 3.47 3.33 1.71 1.70 3.29 5.67 3.13 3.12 2.79 2.79 2.78 2.78 2.77 3.28 3.26 3.25 1.28 3.10 3.33 3.33 2.94 2.93 3.21 4.49 3.19 3.18 2.90 2.89 2.88 4.43 2.00 2.86 3.23 3.22 3.21 3.20 3.19 1.66 1.95 1.94 3.43 3.41 4.02 8.47 0.00 8.42 0.00 0.00 0.00 0.00 0.00 0.00 0.00 0.00 0.00 0.00 0.00 0.00 0.00 0.00 0.00
2.47 2.45 2.44 2.42 2.73 2.52 4.10 0.84 0.39 0.46 1.59 2.40 2.39 2.37 3.74 3.72 2.33 3.65 3.63 2.02 3.27 3.47 3.45 3.43 3.29 3.26 1.68 1.67 5.59 3.09 3.08 3.08 3.13 3.12 3.12 3.11 3.22 3.21 3.21 1.35 2.90 2.90 6.05 5.60 5.11 2.88 1.70 3.14 3.12 2.85 2.84 3.20 2.82 3.18 3.18 3.16 3.15 3.14 3.13 3.12 3.11 3.10 1.61 7.02 8.37 0.00 0.00 0.00 0.00 0.00 0.00 0.00 0.00 0.00 0.00 0.00 0.00 0.00 0.00 0.00 0.00 0.00 0.00 0.00
2.45 2.43 2.42 2.40 2.51 2.49 2.47 0.83 1.14 0.38 1.44 2.02 2.01 2.35 3.71 2.32 1.95 2.29 10.54 5.00 1.90 3.43 3.41 3.39 3.24 3.22 3.20 5.67 3.06 3.05 3.04 3.03 3.09 3.08 3.07 3.07 3.17 3.17 3.16 2.87 2.86 2.85 7.84 3.22 3.21 3.20 2.82 2.81 3.07 2.79 3.15 3.15 3.14 3.13 3.12 3.11 1.90 3.08 3.07 3.06 3.05 3.04 6.05 8.25 8.23 0.00 0.00 0.00 0.00 0.00 0.00 0.00 0.00 0.00 0.00 0.00 0.00 0.00 0.00 0.00 0.00 0.00 0.00 0.00
2.43 2.41 2.40 2.38 2.49 2.47 2.45 2.43 2.47 1.11 0.37 2.00 1.99 2.32 3.67 5.10 2.28 1.91 2.25 3.60 3.41 3.39 3.37 3.35 3.20 3.18 3.17 3.15 3.02 3.01 3.00 2.99 3.05 3.04 3.03 1.55 1.61 3.12 3.12 1.60 2.82 1.74 1.95 3.17 3.16 3.15 3.14 3.13 2.75 2.75 1.90 3.09 3.08 3.07 3.06 3.05 1.58 1.64 3.01 3.00 2.99 2.98 3.46 0.00 0.00 0.00 0.00 0.00 0.00 0.00 0.00 7.91 0.00 0.00 0.00 0.00 0.00 0.00 0.00 0.00 0.00 0.00 0.00 0.00
2.43 2.41 2.39 2.37 2.45 2.43 2.41 2.39 2.42 3.72 0.36 1.98 1.96 1.95 1.93 1.92 3.67 1.89 3.62 3.60 3.82 3.26 5.87 3.22 3.09 3.08 3.06 3.05 3.01 3.00 2.99 2.73 3.05 3.04 3.04 1.30 1.18 1.18 1.28 2.78 2.77 3.13 3.12 5.57 3.11 3.10 3.09 3.08 3.07 3.06 1.59 3.04 1.85 3.01 3.00 2.99 1.61 1.61 1.60 1.59 2.93 3.40 4.73 7.97 0.00 0.00 0.00 0.00 0.00 0.00 0.00 7.58 0.00 0.00 0.00 0.00 0.00 0.00 0.00 0.00 0.00 0.00 0.00 0.00
2.41 2.39 2.37 2.35 2.43 2.41 2.38 2.36 2.40 2.37 0.36 2.31 3.86 2.28 1.91 3.66 3.63 1.95 1.93 3.56 3.24 5.84 3.20 3.18 3.06 3.04 3.03 3.01 2.72 2.71 2.70 2.69 3.01 3.01 3.00 2.99 3.06 1.27 1.26 1.26 3.10 1.68 1.67 3.07 8.00 3.05 3.04 1.86 3.02 3.01 2.99 2.98 2.97 2.96 2.95 2.94 2.92 2.91 2.90 1.49 1.49 3.33 1.82 2.33 0.00 7.60 0.00 0.00 0.00 0.00 7.48 7.45 7.43 0.00 0.00 0.00 0.00 0.00 0.00 0.00 0.00 0.00 0.00 0.00
2.39 2.37 2.35 2.33 2.40 2.38 2.36 2.34 2.37 2.35 0.43 1.02 2.27 2.25 2.23 3.62 3.59 2.18 3.54 3.32 3.20 3.18 3.16 3.15 3.02 3.00 2.99 2.72 2.69 3.78 2.67 2.66 2.73 2.72 2.71 5.13 3.02 1.25 1.24 3.06 3.05 3.04 3.03 3.02 3.01 3.00 2.99 1.82 1.82 1.81 1.80 1.79 2.92 2.91 2.89 2.88 2.87 2.86 2.85 1.81 1.79 3.14 1.71 2.19 2.18 7.47 7.45 0.00 0.00 0.00 0.00 14.16 0.00 0.00 0.00 0.00 0.00 0.00 0.00 0.00 0.00 0.00 0.00 0.00
2.37 2.35 2.33 2.30 2.38 2.35 2.33 2.31 1.06 0.43 0.74 1.01 2.24 2.23 3.61 3.58 2.17 2.16 6.10 3.29 3.17 3.15 3.24 3.22 2.99 2.72 2.71 2.69 1.87 1.86 1.85 1.85 2.69 2.68 2.67 2.66 1.38 1.23 1.86 1.64 3.01 3.00 2.99 1.61 1.54 1.53 4.22 1.52 1.78 1.77 1.50 1.49 1.48 2.86 2.84 2.83 2.82 2.81 1.71 6.62 1.69 1.68 2.16 2.15 7.38 7.35 7.33 0.00 0.00 0.00 0.00 0.00 0.00 0.00 0.00 0.00 0.00 0.00 0.00 0.00 0.00 0.00 0.00 0.00
2.40 2.38 2.36 2.33 2.36 2.34 2.31 2.29 1.05 0.34 2.43 0.99 0.98 3.60 3.57 3.54 2.15 2.05 2.03 3.19 3.24 3.22 3.20 3.18 2.99 2.72 2.71 2.69 2.67 4.32 1.87 1.86 1.86 1.86 1.85 1.84 1.21 1.84 1.83 2.98 1.81 2.95 2.94 1.52 1.51 3.15 1.50 1.49 1.75 1.74 1.47 1.46 1.45 2.81 2.79 2.78 2.77 1.36 1.67 0.00 0.00 0.00 7.33 7.30 0.00 7.24 7.21 0.00 0.00 0.00 0.00 0.00 0.00 0.00 0.00 0.00 0.00 0.00 0.00 0.00 0.00 0.00 0.00 0.00
2.38 2.35 2.33 2.31 2.33 2.31 2.29 2.26 2.26 0.72 0.71 0.98 0.96 2.17 3.53 3.32 3.30 2.02 2.01 3.23 3.21 3.19 3.17 3.15 5.15 2.69 2.67 1.87 1.86 1.85 1.84 1.83 1.84 1.83 1.82 1.81 2.62 1.83 2.95 2.93 2.92 2.91 2.90 2.88 2.87 2.86 2.85 2.83 2.82 1.45 1.70 1.43 1.43 2.76 1.47 1.66 2.72 3.02 6.44 0.00 0.00 0.00 0.00 0.00 0.00 0.00 0.00 0.00 0.00 0.00 0.00 0.00 0.00 0.00 0.00 0.00 0.00 0.00 0.00 0.00 0.00 0.00 0.00 0.00
2.35 2.33 2.30 2.28 2.31 2.28 2.26 2.23 0.33 0.71 2.37 0.96 0.95 2.15 2.05 3.29 3.26 3.24 3.22 1.74 3.17 3.15 3.13 10.04 2.67 1.87 1.13 2.69 1.12 0.61 1.81 1.70 1.71 1.70 1.69 1.08 2.59 2.92 2.90 2.89 2.88 1.75 2.85 2.84 4.98 2.81 2.80 2.79 2.77 2.76 1.41 1.41 2.72 1.39 2.69 1.84 0.12 1.88 1.36 0.00 0.00 0.00 0.00 0.00 0.00 0.00 0.00 0.00 0.00 0.00 0.00 0.00 0.00 0.00 0.00 0.00 0.00 0.00 0.00 0.00 0.00 0.00 0.00 0.00
2.33 2.30 2.28 2.25 2.28 2.26 2.23 0.41 0.26 2.36 2.34 2.32 0.67 0.92 2.02 3.25 3.23 1.75 3.18 1.95 1.93 5.56 3.10 3.08 0.63 2.69 2.67 1.38 2.64 2.63 2.62 2.61 2.60 1.68 1.67 2.91 2.89 2.88 1.54 2.85 2.84 2.82 2.81 2.79 2.78 2.77 2.76 2.74 2.73 1.65 2.70 1.63 2.67 2.66 0.53 1.86 1.85 2.50 2.49 0.70 0.00 0.00 0.00 0.00 0.00 0.00 0.00 0.00 0.00 0.00 0.00 0.00 0.00 0.00 0.00 0.00 0.00 0.00 0.00 0.00 0.00 0.00 0.00 0.00
2.34 2.31 2.29 2.26 2.26 2.24 1.94 0.26 1.90 0.69 2.31 2.28 2.26 2.24 2.00 3.22 3.19 1.95 1.94 1.92 1.91 3.21 1.67 3.04 1.64 1.63 4.09 1.82 1.81 1.80 2.93 2.92 2.91 2.89 2.88 2.87 2.85 2.84 1.52 2.81 2.79 2.78 2.77 2.75 2.74 2.73 2.71 2.70 1.63 2.67 2.66 1.81 1.80 1.79 0.37 0.11 2.47 0.69 1.41 2.43 0.00 0.00 0.00 0.00 0.00 0.00 0.00 0.00 0.00 0.00 0.00 0.00 0.00 0.00 0.00 0.00 0.00 0.00 0.00 0.00 0.00 0.00 0.00 0.00
2.31 2.29 2.26 2.24 2.24 2.21 1.92 0.40 0.68 0.67 0.67 2.25 2.23 2.21 0.88 3.18 1.95 1.93 1.91 1.90 1.89 1.87 1.86 1.86 1.62 0.01 1.81 1.80 1.79 1.78 5.16 1.99 2.87 1.54 2.84 2.83 2.82 2.80 2.79 2.77 2.52 2.74 2.72 2.71 1.47 2.68 2.67 3.65 1.35 2.63 2.61 1.78 2.99 0.11 0.69 2.44 2.42 3.95 2.40 2.39 0.66 0.00 0.00 0.00 0.00 0.00 0.00 0.00 0.00 0.00 0.00 0.00 0.00 0.00 0.00 0.00 0.00 0.00 0.00 0.00 0.00 0.00 0.00 0.00
0.76 0.75 2.23 2.21 2.21 1.92 1.89 0.95 0.94 3.78 2.25 2.23 2.20 2.18 2.16 3.15 1.64 1.62 1.61 0.61 0.46 0.46 0.45 0.28 0.27 0.44 2.10 1.78 1.77 0.43 0.42 1.97 0.73 1.52 1.71 1.70 1.49 2.76 1.67 1.66 1.65 2.70 2.68 2.67 2.66 2.64 1.43 1.58 2.60 1.56 0.48 1.74 1.79 0.68 2.41 2.39 2.38 2.37 0.66 2.34 2.33 0.64 0.00 0.00 0.00 0.00 0.00 0.00 0.00 0.00 0.00 0.00 0.00 0.00 0.00 0.00 0.00 0.00 0.00 0.00 0.00 0.00 0.00 0.00
0.92 0.73 2.21 2.18 0.58 1.89 2.32 0.73 0.92 2.24 2.22 2.20 2.17 2.15 2.13 3.12 1.62 1.60 1.59 1.58 0.59 0.45 0.45 0.27 0.27 0.52 2.00 2.88 0.55 1.96 0.54 1.94 2.47 1.92 0.25 0.52 1.89 2.73 2.71 1.63 1.62 1.61 1.36 1.41 2.62 6.73 2.59 2.54 0.47 0.47 0.35 1.77 1.76 2.38 1.19 2.35 2.34 2.33 2.32 0.64 0.63 2.28 0.63 0.00 0.00 0.00 0.00 0.00 0.00 0.00 0.00 0.00 0.00 0.00 0.00 0.00 0.00 0.00 0.00 0.00 0.00 0.00 0.00 0.00
0.73 0.72 0.71 2.15 2.34 2.32 2.29 2.27 2.24 2.22 0.69 0.62 0.61 0.58 0.57 0.56 1.60 1.58 1.57 1.56 1.55 0.44 0.44 0.43 0.43 0.43 1.97 1.47 0.54 0.54 0.54 0.53 1.91 1.90 0.52 0.52 2.71 1.38 1.43 1.42 2.64 1.40 1.39 1.38 2.54 2.53 2.52 4.45 0.35 1.70 0.22 0.21 1.73 1.72 2.33 3.79 2.30 2.29 2.28 3.70 2.25 2.24 2.23 2.22 0.00 0.00 0.00 0.00 0.00 0.00 0.00 0.00 0.00 0.00 0.00 0.00 0.00 0.00 0.00 0.00 0.00 0.00 0.00 0.00
0.72 0.71 0.70 2.34 2.31 2.29 2.26 2.24 2.21 2.19 0.68 0.67 0.58 2.02 0.56 1.98 1.58 1.57 1.55 1.54 0.57 0.44 0.43 0.43 0.42 0.26 0.73 1.94 1.93 0.53 0.53 1.89 1.88 1.87 0.51 0.51 2.67 2.66 2.64 2.62 1.33 1.38 1.31 2.52 2.51 2.48 3.06 2.45 4.33 0.82 1.72 0.21 0.21 1.69 2.29 0.63 3.70 2.72 2.24 2.22 2.21 3.57 2.19 2.18 0.00 0.00 0.00 0.00 0.00 0.00 0.00 0.00 0.00 0.00 0.00 0.00 0.00 0.00 0.00 0.00 0.00 0.00 0.00 5.99
0.71 0.70 0.69 2.31 0.73 2.26 2.23 2.21 0.69 2.16 0.67 2.04 2.02 1.99 1.97 1.95 0.59 1.55 0.58 0.57 0.57 0.43 0.43 0.42 0.55 0.41 1.93 1.92 1.91 1.90 1.88 1.87 1.86 1.85 1.84 1.82 1.81 2.62 2.61 2.59 2.54 1.54 1.53 2.52 4.37 2.45 2.43 2.42 2.73 0.31 0.33 1.68 1.67 1.66 2.25 2.24 0.70 0.61 2.21 2.19 2.18 2.17 2.16 0.59 0.00 0.00 0.00 0.00 0.00 0.00 0.00 0.00 0.00 0.00 0.00 0.00 0.00 0.00 0.00 0.00 0.00 0.00 0.00 5.93
0.70 2.34 2.31 0.73 0.72 2.23 2.21 2.18 1.14 0.85 0.81 2.01 1.99 0.55 0.54 0.54 1.91 1.53 2.02 0.56 0.56 0.42 0.42 1.95 1.94 1.92 1.91 0.40 0.40 1.87 1.86 1.85 1.84 1.83 1.81 1.80 1.79 1.78 1.75 1.30 1.29 1.34 1.51 2.44 2.43 2.42 2.40 2.71 1.69 1.68 0.33 1.66 1.65 2.23 2.22 1.25 0.69 2.19 2.18 2.16 2.15 0.58 2.13 3.43 0.75 0.57 0.00 0.00 0.00 0.00 0.00 0.00 0.00 0.00 0.00 0.00 0.00 0.00 0.00 0.00 0.00 0.00 0.00 5.87
2.34 2.31 2.28 0.71 2.23 2.20 0.68 2.15 0.66 0.63 0.57 0.78 0.55 0.76 0.58 0.74 0.74 2.92 2.90 1.98 0.55 0.42 0.41 0.54 1.92 1.90 1.89 0.39 0.51 0.51 0.50 1.83 1.82 1.80 1.79 1.78 1.76 1.74 2.51 2.47 1.51 1.50 3.65 2.41 2.60 2.39 1.22 2.59 1.66 1.65 1.64 2.23 2.22 2.21 2.19 2.18 2.17 1.34 2.15 0.78 2.13 2.12 2.11 2.10 2.09 0.56 0.00 0.00 0.00 0.00 0.00 0.00 0.00 0.00 0.00 0.00 0.00 0.00 0.00 0.00 0.00 0.00 0.00 0.00
2.31 2.28 2.25 2.23 2.20 2.18 0.86 2.13 0.81 0.62 0.56 0.55 0.54 0.53 1.90 1.88 0.72 0.71 1.98 0.55 0.54 0.41 0.41 0.53 1.89 1.88 0.24 0.39 0.38 0.38 1.82 1.81 1.80 1.78 0.22 1.75 1.74 0.63 2.46 2.45 2.43 2.41 2.70 2.39 1.70 1.68 1.66 1.65 1.64 1.63 2.21 2.20 2.19 2.18 2.17 2.15 2.14 2.13 0.66 2.11 2.10 2.09 2.08 2.07 2.06 0.55 0.00 0.00 0.00 0.00 0.00 0.00 0.00 0.00 0.00 0.00 0.00 0.00 0.00 0.00 0.00 0.00 0.00 0.00
2.28 2.25 2.23 0.69 2.17 0.86 0.82 2.03 2.00 0.56 0.55 0.54 0.53 0.52 0.73 0.51 1.83 0.70 0.42 0.41 0.41 0.40 0.53 1.89 1.87 0.24 0.23 0.38 0.38 1.81 0.23 0.22 1.78 0.22 0.22 1.72 1.71 0.62 1.69 2.42 2.40 2.39 2.37 0.43 1.66 1.65 1.64 1.63 2.21 2.20 2.19 2.18 2.17 2.15 2.14 2.13 0.58 2.11 2.10 2.09 2.08 2.07 2.06 2.05 2.04 0.55 12.43 0.00 0.00 0.00 0.00 0.00 0.00 0.00 0.00 0.00 0.00 0.00 0.00 0.00 0.00 0.00 0.00 0.00
2.25 2.22 2.20 0.68 0.61 2.05 0.80 0.79 0.56 0.55 0.54 0.75 0.74 0.73 0.72 0.71 0.49 0.49 1.45 0.53 0.53 1.89 1.88 1.87 0.24 1.84 1.83 0.38 0.49 1.79 1.78 1.76 1.75 1.73 1.72 1.70 1.69 1.68 1.67 1.65 2.77 0.59 0.19 1.65 1.64 1.63 1.62 2.20 2.19 2.18 2.17 2.15 2.14 2.13 2.12 2.11 2.10 2.09 2.08 2.07 2.06 2.05 2.04 2.03 2.02 0.54 2.00 0.00 0.00 0.00 0.00 0.00 0.00 0.00 0.00 0.00 0.00 0.00 0.00 0.00 0.00 0.00 0.00 0.00
2.22 0.69 0.87 0.61 0.58 0.80 2.00 0.61 0.77 0.54 0.53 0.52 0.73 0.72 0.71 0.70 0.69 0.48 0.47 1.43 0.52 0.39 1.86 1.85 0.53 1.82 1.81 1.80 1.79 1.78 0.22 1.74 1.72 1.71 1.70 0.61 1.67 1.66 1.65 1.64 1.63 1.61 1.64 1.63 1.62 1.61 1.60 1.59 2.17 2.15 2.14 2.13 2.12 2.11 2.10 2.09 2.07 2.06 2.05 2.04 2.03 2.02 0.54 0.54 0.53 0.53 0.53 0.00 0.00 0.00 0.00 0.00 0.00 0.00 0.00 0.00 0.00 0.00 0.00 0.00 0.00 0.00 0.00 0.00
2.19 0.87 0.67 0.58 0.57 0.56 0.95 0.77 0.76 0.53 0.52 0.51 0.51 0.71 0.70 0.69 0.68 0.47 0.66 1.41 2.72 1.86 0.51 1.83 1.82 1.81 0.22 1.78 1.76 1.75 0.21 1.72 1.71 1.69 1.68 1.67 1.66 1.64 1.63 1.62 0.19 1.69 1.63 1.62 1.61 1.60 1.59 1.58 1.57 2.13 0.58 2.11 2.10 2.09 2.08 2.07 2.05 2.04 2.03 2.02 2.02 2.01 0.53 0.53 0.53 0.52 0.52 0.52 0.00 0.00 0.00 0.00 0.00 0.00 0.00 0.00 0.00 0.00 0.00 0.00 0.00 0.00 0.00 0.00
2.16 2.14 2.04 0.62 1.99 1.97 1.95 1.93 1.91 0.52 0.51 0.55 0.50 0.49 0.69 0.68 0.67 0.66 0.65 0.60 2.70 0.23 1.83 1.81 1.80 1.79 1.78 1.75 1.74 1.73 1.72 1.70 1.69 1.68 1.67 3.69 1.64 1.63 1.62 1.60 0.09 1.62 1.61 1.60 1.59 1.58 1.57 1.56 1.55 1.54 0.57 2.09 2.08 2.07 2.06 2.05 2.04 2.02 2.01 1.54 1.53 1.99 1.98 1.97 0.52 0.52 0.52 0.51 3.71 3.69 0.00 0.00 0.00 0.00 0.00 0.00 0.00 0.00 0.00 0.00 0.00 0.00 0.00 0.00
2.14 0.58 2.01 0.61 1.97 1.95 0.54 0.53 0.57 1.86 0.50 0.54 0.59 0.48 0.48 0.47 0.66 0.65 0.00 0.00 1.84 1.82 1.81 0.01 0.01 1.76 1.75 1.74 2.91 1.71 1.28 1.69 0.20 1.66 2.78 1.64 1.63 0.19 1.60 1.59 1.61 1.60 1.59 1.58 1.57 1.56 1.55 1.54 1.54 1.53 2.08 2.07 2.06 2.05 2.04 2.03 2.02 2.01 2.00 1.99 1.98 0.53 0.52 0.52 0.52 0.51 0.51 0.51 3.68 3.67 3.65 3.63 3.62 3.60 3.39 4.97 3.37 3.36 3.35 4.70 3.33 4.68 3.32 4.66
0.63 0.80 2.32 2.92 1.94 0.94 0.53 0.02 0.02 0.50 0.50 1.80 1.78 0.47 0.67 0.66 0.00 0.00 0.00 0.00 1.82 0.01 0.66 0.01 0.01 0.01 1.73 1.72 1.71 1.70 0.21 0.20 1.66 1.65 1.64 1.62 1.61 1.60 1.59 1.61 0.43 0.19 0.28 0.18 1.56 1.55 0.06 0.08 0.07 1.51 1.50 2.05 2.04 2.03 0.54 0.54 0.54 0.53 0.53 0.53 0.52 0.52 0.52 0.51 0.51 1.92 1.91 1.90 1.89 1.88 1.87 1.86 1.85 1.71 1.70 1.70 1.69 1.69 1.68 1.68 1.67 1.67 1.66 1.66
0.57 1.99 0.60 1.94 0.53 0.53 0.94 0.02 0.02 0.90 0.89 0.88 0.52 0.00 0.00 0.00 0.00 0.02 0.00 0.74 0.00 0.01 0.01 0.51 1.74 1.73 1.71 1.70 1.69 1.68 0.20 1.66 1.65 2.09 2.07 2.05 2.04 1.04 2.20 2.18 2.17 2.15 0.27 0.18 1.54 0.18 0.08 1.52 1.51 1.50 2.29 0.07 0.54 0.54 0.54 0.53 0.53 0.53 0.52 0.52 0.52 0.51 0.51 0.51 0.51 0.50 1.90 1.89 1.88 1.87 1.86 1.72 1.71 1.70 1.69 1.69 1.68 1.67 1.67 1.67 1.66 1.66 1.65 1.65
0.61 0.55 0.54 1.92 0.53 0.02 0.02 0.02 0.90 0.89 0.88 0.00 0.86 0.85 0.84 0.00 0.02 0.00 0.74 0.73 0.00 0.01 1.75 1.74 0.00 0.00 0.00 0.00 1.68 0.60 0.60 1.65 1.63 2.07 2.05 2.04 2.02 2.19 2.18 2.16 2.15 2.13 2.12 1.54 1.53 1.52 1.51 1.50 1.49 1.48 1.48 1.47 1.46 0.53 0.53 0.53 0.53 1.96 0.52 0.52 0.51 0.51 0.51 0.50 0.50 0.50 1.89 1.88 1.87 0.49 0.45 0.45 0.45 0.44 0.44 0.44 0.44 0.43 0.43 0.43 0.43 0.43 0.43 0.43
