New_Model_Runs/2_scn1_noclimate_out/post_prcessed_with_MFR/Monthly_summaries/runoff_monthly_JUL.asc
NCOLS 700
NROWS 400
XLLCENTER 515000.000000
YLLCENTER 8409000.000000
CELLSIZE 50.000000
NODATA_value -999.000000
[rows 190 to 227 of 400, columns 252 to 335 of 700]
0.89 0.90 0.91 0.92 0.98 1.00 1.41 1.02 1.03 1.04 1.06 1.07 1.06 1.08 1.48 1.50 1.50 1.52 1.54 3.31 1.98 4.62 2.03 2.06 3.59 2.13 2.15 2.18 2.27 2.31 2.34 2.37 2.46 2.49 2.52 2.55 2.62 2.66 2.69 2.73 2.78 2.82 2.86 2.89 2.86 2.90 2.93 2.96 2.84 2.86 2.89 0.51 0.48 0.49 0.49 0.50 2.95 2.97 2.98 2.99 3.23 3.24 3.24 7.71 8.42 8.42 3.29 3.29 3.97 3.96 3.95 3.94 3.29 3.28 3.26 3.26 3.07 3.06 3.05 3.04 2.98 2.97 3.98 3.96
0.91 0.92 0.97 1.36 1.01 1.02 1.03 1.05 1.05 1.06 1.08 1.48 1.08 1.49 1.51 1.53 2.90 1.54 1.96 1.98 2.00 2.03 3.49 2.08 2.12 2.15 2.17 3.72 2.29 2.32 2.35 4.03 2.47 2.50 2.53 2.56 2.63 2.66 2.71 2.74 2.79 2.83 2.87 2.90 2.87 2.90 2.93 2.96 2.84 2.87 0.50 0.51 0.48 0.49 0.49 2.88 2.95 2.96 2.97 5.60 7.55 7.69 3.23 3.23 7.78 3.28 3.28 3.27 3.95 3.94 3.30 3.29 3.27 3.26 3.24 3.23 3.04 3.04 3.03 7.52 2.96 2.94 2.93 2.91
0.91 0.92 0.97 0.98 0.99 1.60 1.02 1.03 1.41 1.02 1.04 1.05 1.04 1.05 1.06 1.08 1.50 2.92 1.54 1.96 2.02 2.04 2.07 2.09 2.15 2.17 2.20 2.23 2.26 2.29 2.32 2.35 2.39 2.42 2.45 2.48 2.53 2.56 2.59 2.62 2.65 2.69 2.72 2.75 2.70 2.73 2.76 2.79 2.74 0.47 0.47 0.48 0.49 0.49 0.50 2.90 2.99 3.00 3.01 7.48 3.24 3.24 3.24 3.25 3.94 7.84 3.30 3.29 3.96 3.95 3.94 3.30 3.94 3.29 3.28 3.27 3.27 3.26 3.25 3.24 5.63 2.99 2.97 2.95
0.97 0.98 0.99 1.00 1.01 1.43 1.04 1.05 1.03 1.04 1.06 1.07 1.05 1.07 1.08 1.48 1.52 1.54 1.96 1.98 2.04 2.06 2.09 2.11 2.17 2.19 2.22 2.24 2.28 2.31 2.33 4.02 2.40 2.43 2.46 2.48 2.53 2.56 2.59 2.62 2.65 2.69 2.72 2.75 2.70 2.73 0.47 0.47 2.73 0.47 0.47 0.48 0.49 0.49 0.50 2.89 2.97 2.98 9.83 3.00 3.07 3.22 3.22 3.23 3.29 3.29 3.28 3.27 3.94 3.30 3.28 3.27 3.28 3.27 3.25 3.24 3.24 3.23 3.07 3.05 2.97 2.96 2.94 2.92
0.99 1.00 1.01 1.02 1.03 1.94 1.06 1.07 1.05 1.06 2.33 1.09 1.07 1.08 2.36 1.50 1.54 1.55 1.97 2.00 2.06 2.08 2.10 2.13 2.18 2.20 2.23 2.25 2.29 2.32 2.34 2.37 2.41 2.43 2.46 2.49 2.54 2.56 2.59 2.62 2.65 2.68 2.72 2.75 2.70 0.46 0.46 0.47 0.46 0.46 0.47 0.47 0.48 0.49 0.49 3.15 2.96 5.57 2.98 2.98 3.05 3.05 3.05 3.05 7.66 3.26 3.26 3.25 3.28 3.27 7.76 3.24 3.25 3.24 3.22 3.05 3.06 1.46 3.03 3.02 2.94 2.92 5.48 2.89
1.01 1.02 1.03 1.04 1.05 1.06 1.97 1.09 1.06 1.08 1.48 1.49 1.08 1.49 1.50 1.52 1.55 1.97 1.99 2.01 2.07 2.09 2.12 2.14 2.19 2.22 2.24 2.26 2.30 2.33 2.35 2.37 2.41 2.44 2.47 2.49 2.54 2.57 2.59 2.62 2.64 2.67 2.70 2.74 0.45 0.46 0.46 2.77 2.71 0.46 0.47 2.78 2.81 0.48 0.49 0.49 2.94 2.95 1.46 2.96 3.02 3.03 3.03 3.03 3.24 3.23 3.23 7.68 3.25 3.24 3.23 7.68 3.07 3.05 3.04 3.02 3.02 3.01 9.86 2.98 2.90 5.46 2.87 2.85
1.43 1.93 1.94 1.06 1.03 1.04 1.05 1.06 1.04 1.05 1.98 1.08 1.52 1.54 1.55 1.97 2.07 2.09 2.11 2.13 2.16 2.18 2.20 2.23 2.25 2.27 2.30 2.32 2.35 2.37 2.40 2.42 2.45 2.48 2.50 2.53 2.53 2.55 2.58 2.61 2.58 2.60 2.63 2.65 2.63 2.67 2.69 2.71 2.71 2.74 2.76 2.77 0.48 0.49 0.49 0.49 2.93 11.75 2.95 2.95 3.00 3.00 3.00 3.00 3.06 3.06 3.05 3.04 3.24 3.23 3.06 3.05 7.64 3.23 3.06 3.05 3.04 3.02 3.01 2.99 2.87 2.86 2.84 2.82
1.04 1.05 1.06 1.97 1.04 1.05 1.06 1.08 1.05 1.06 1.08 1.48 1.54 1.55 1.97 1.99 2.08 2.10 2.12 2.14 2.17 2.19 2.21 2.24 2.26 2.28 2.30 2.33 2.35 2.37 2.40 2.42 2.45 2.48 2.50 2.52 2.53 2.55 2.57 2.60 2.57 2.59 2.62 2.64 2.62 2.64 2.67 2.69 2.70 2.72 2.74 2.75 0.48 0.48 0.49 0.49 3.96 3.97 2.92 2.92 2.97 2.97 2.97 2.97 3.03 3.02 3.02 3.01 3.05 3.04 3.03 3.01 3.06 3.04 3.02 3.01 3.00 2.98 2.97 2.95 2.83 2.81 2.79 2.77
1.06 1.07 1.08 2.01 1.06 1.07 1.08 1.48 1.07 1.08 1.48 1.49 1.55 1.97 1.98 2.00 2.10 2.11 2.13 2.15 2.18 2.20 2.22 2.24 2.26 2.28 2.31 2.33 2.35 2.37 2.40 2.42 2.45 2.47 2.49 2.52 2.52 2.54 2.56 2.59 2.55 2.58 2.60 2.62 2.60 2.62 2.64 2.66 2.67 2.69 2.71 2.73 0.47 0.47 2.81 0.48 0.49 0.50 2.89 2.89 2.93 2.94 2.93 2.93 2.99 2.98 2.98 2.97 3.01 3.00 2.98 2.97 3.01 3.00 2.98 2.96 2.95 2.93 5.52 5.39 2.78 2.76 2.74 4.14
1.08 1.09 1.49 1.50 1.07 1.08 1.48 1.50 2.33 1.48 1.49 1.50 1.97 1.98 2.00 2.01 2.11 2.12 2.14 2.16 2.19 2.21 2.23 2.24 2.27 2.29 2.31 2.33 2.35 2.37 2.39 2.41 2.44 2.46 2.48 2.51 2.51 2.53 2.55 2.57 2.54 2.56 2.58 2.60 2.58 2.60 2.62 2.64 2.64 2.67 2.68 2.70 2.75 2.76 2.77 2.78 2.84 2.84 2.85 2.85 2.90 2.90 2.90 2.89 2.95 2.94 2.94 2.93 5.59 5.60 5.57 5.55 2.97 2.95 2.93 2.92 2.90 5.42 2.87 2.85 2.73 2.71 2.69 2.67
1.08 1.09 1.49 1.50 1.06 1.07 1.08 1.48 3.97 1.52 1.53 1.54 2.08 2.09 2.10 2.12 2.20 2.22 2.23 2.25 2.26 2.28 2.30 2.31 2.32 2.34 2.36 2.38 2.42 2.44 2.46 2.48 2.51 2.53 2.55 2.57 2.53 2.55 2.57 2.59 2.54 2.56 4.42 2.60 2.56 2.58 4.45 2.62 2.62 2.64 2.65 2.68 2.77 2.78 2.80 2.81 2.86 2.86 2.87 2.87 2.88 2.88 2.87 2.87 2.90 2.89 2.89 2.88 9.29 2.91 2.90 2.88 2.92 2.90 2.88 2.86 5.32 2.82 2.80 2.78 2.65 2.63 2.61 4.73
1.48 1.49 1.50 1.51 1.07 2.34 2.35 1.49 1.52 1.53 1.54 1.55 2.09 2.10 2.11 2.13 2.21 2.22 2.24 2.26 2.26 2.28 2.30 2.31 2.32 2.34 2.35 2.37 2.41 2.43 2.45 2.47 2.49 2.51 2.54 2.56 2.51 2.53 4.38 2.57 4.29 4.32 2.56 2.57 2.54 2.56 2.57 2.59 2.59 2.61 0.74 2.63 2.73 2.74 2.76 2.76 2.81 2.82 2.82 2.82 2.83 2.83 2.83 2.82 2.85 2.84 2.84 5.29 2.87 2.86 2.85 2.83 2.87 2.85 2.83 2.81 2.78 2.76 2.74 4.24 8.44 4.71 3.87 3.79
1.50 1.51 1.52 1.53 1.09 1.48 1.49 1.50 1.53 1.54 1.55 1.96 2.10 2.11 2.12 2.13 2.21 2.23 2.24 0.91 2.26 2.28 2.29 2.31 2.31 2.33 2.35 2.36 2.40 2.42 2.44 2.46 2.48 2.50 2.52 4.31 2.49 2.51 2.53 2.55 2.49 2.51 2.53 2.54 2.51 2.52 2.54 2.55 2.56 2.57 0.73 2.59 2.68 2.70 2.71 2.72 2.76 2.77 2.77 2.77 2.78 2.78 2.77 2.77 2.80 2.79 2.78 2.77 2.82 2.81 2.79 2.78 2.81 2.79 2.77 2.75 2.73 4.21 2.68 2.66 2.54 2.51 3.77 2.46
1.51 2.91 2.93 2.91 1.49 1.50 1.51 1.52 1.54 1.55 1.96 1.97 2.10 3.61 2.13 2.14 2.22 2.23 2.24 0.91 1.92 2.27 2.29 2.30 2.31 2.32 2.34 2.35 2.39 2.40 2.42 2.44 2.46 1.01 2.50 2.51 2.47 2.48 2.50 2.52 2.46 2.48 2.50 2.51 4.23 2.49 2.50 2.52 2.52 2.53 2.54 2.55 2.63 2.64 2.65 2.67 2.71 2.72 4.21 2.72 2.72 2.72 2.72 2.72 2.74 2.73 2.73 2.72 2.76 2.75 2.74 2.72 2.75 2.73 2.71 9.00 2.67 2.64 4.03 2.60 2.48 2.45 2.43 2.40
1.51 1.52 1.53 1.54 1.49 1.50 1.51 1.52 1.99 2.00 2.01 2.01 2.15 2.16 2.17 2.18 2.24 2.25 2.26 0.92 0.92 2.30 3.94 2.33 2.34 2.36 2.37 2.38 2.40 2.42 2.43 1.00 0.99 3.24 2.46 2.48 2.42 2.44 2.45 2.47 2.42 2.44 2.45 2.47 4.15 2.45 2.46 2.47 2.52 2.53 2.54 2.55 2.62 2.62 2.63 2.64 2.69 2.69 2.70 2.70 2.72 2.72 2.71 2.71 2.73 2.72 2.71 2.70 2.72 2.71 2.70 2.68 2.69 2.68 2.66 4.08 2.58 2.56 2.54 2.51 2.39 2.36 2.34 2.31
4.88 1.54 1.54 1.55 1.50 1.51 1.52 1.52 3.38 2.00 2.01 2.02 2.15 2.16 2.17 2.18 2.24 2.25 0.91 0.91 1.38 2.29 2.30 2.32 2.33 2.34 0.95 2.37 2.38 2.40 0.98 0.99 1.48 2.42 2.43 2.45 2.39 2.41 2.42 2.43 2.39 2.40 2.41 2.43 2.39 2.41 2.42 2.43 2.47 2.48 2.49 2.50 2.57 2.58 2.58 2.59 2.62 2.63 2.64 2.64 2.66 2.65 2.65 2.65 2.66 2.66 2.65 2.64 2.66 2.64 2.63 2.61 2.63 2.61 2.59 2.57 2.51 2.49 2.47 2.45 2.32 2.30 2.27 2.25
4.91 1.55 1.56 1.96 1.51 1.52 1.52 1.53 2.00 2.01 2.02 2.02 2.15 2.16 2.17 2.18 2.23 2.24 0.91 0.91 0.91 2.28 2.29 2.30 2.31 0.94 0.94 0.95 0.96 0.96 0.97 0.98 2.38 2.39 4.11 2.42 2.36 2.37 4.10 2.40 2.35 2.36 4.08 2.39 2.35 2.37 2.38 2.39 2.43 2.44 2.45 2.45 2.52 2.52 2.53 2.53 2.57 3.52 2.57 2.57 2.59 2.59 2.59 2.58 2.60 2.59 2.58 2.57 2.59 2.58 2.56 2.55 2.56 2.54 2.52 2.50 2.45 2.43 2.40 2.38 2.26 2.23 2.21 2.18
4.93 1.96 1.97 1.97 1.52 1.52 1.53 1.53 2.01 2.01 2.02 2.02 2.15 2.16 2.17 2.17 2.23 2.24 0.90 0.90 0.91 0.91 2.28 2.29 2.30 0.93 0.93 0.94 0.95 0.95 1.45 2.37 2.35 2.36 2.37 2.39 2.33 2.34 2.35 2.36 2.31 2.33 3.99 3.97 2.31 2.32 2.33 2.34 2.38 2.39 2.39 2.40 2.47 2.47 2.47 2.48 2.51 2.51 2.51 2.51 2.53 2.52 2.52 2.51 2.53 2.52 2.51 2.50 2.52 2.51 2.49 2.47 2.49 2.47 0.93 3.68 2.38 2.35 2.33 2.31 2.19 4.54 2.14 2.12
4.90 4.92 1.55 1.96 1.53 1.54 1.54 1.55 2.07 2.08 2.08 2.09 2.18 2.19 2.19 2.20 2.23 2.24 0.90 0.90 0.91 0.92 2.28 2.29 0.92 0.93 2.31 0.94 0.92 2.94 3.92 2.31 2.25 2.26 2.27 2.28 2.27 2.28 2.29 2.30 2.26 2.27 2.28 2.29 2.28 2.29 2.30 2.31 2.36 2.37 2.37 2.38 2.42 2.42 2.43 2.43 2.47 2.47 2.47 2.47 2.50 2.50 2.49 2.48 2.50 2.49 2.48 2.47 2.49 2.48 2.46 2.44 2.44 2.42 0.38 0.64 2.30 0.65 0.64 2.24 2.11 2.08 2.06 2.03
4.92 5.40 1.96 1.96 1.54 1.54 1.54 1.55 2.08 2.08 2.08 2.09 2.18 2.18 2.18 2.19 2.22 2.23 0.90 0.90 0.90 0.91 0.91 0.91 0.91 2.27 3.90 0.92 0.91 2.26 2.27 5.09 2.22 2.23 2.24 2.25 2.23 2.24 2.25 2.25 2.22 2.23 2.24 2.24 2.24 2.24 2.25 2.26 2.31 2.31 2.32 2.32 2.36 2.36 2.37 2.37 2.41 2.41 2.41 2.40 2.44 2.43 2.43 2.42 2.42 2.42 2.40 2.39 2.41 2.40 2.38 0.68 0.68 1.68 1.67 0.29 0.36 0.62 0.61 0.60 2.04 2.01 1.99 1.96
4.94 4.95 1.97 1.97 1.54 1.54 1.55 1.55 2.08 2.08 2.08 2.08 2.17 2.18 2.18 2.18 2.21 2.21 0.89 0.89 0.90 1.86 2.24 2.24 2.24 2.25 2.26 0.91 0.89 2.23 2.24 2.24 3.71 2.19 2.20 2.21 2.19 2.20 2.21 2.21 3.70 2.18 2.19 2.20 2.19 2.19 2.20 2.21 2.25 2.26 2.26 2.27 2.30 2.30 2.31 2.31 2.35 2.35 2.34 2.34 2.37 3.40 2.36 2.35 2.36 2.34 2.33 2.32 2.34 2.32 1.66 1.65 1.63 1.62 0.22 0.40 0.34 0.59 0.58 0.58 1.96 1.94 1.92 1.90
4.96 9.50 4.97 1.98 1.54 1.55 1.55 1.55 2.08 2.08 2.08 2.08 2.17 2.17 2.17 2.17 2.20 0.88 0.88 0.88 0.89 2.21 2.22 2.22 2.22 3.79 0.89 0.90 2.19 2.20 2.20 2.21 2.15 2.15 2.16 2.17 2.15 2.15 2.16 2.17 2.13 3.62 2.14 2.15 2.14 2.14 2.15 2.15 2.20 2.20 2.20 2.21 2.24 2.24 2.24 2.24 2.28 2.28 2.28 2.27 3.96 2.29 2.29 3.29 2.29 2.28 2.25 2.24 0.64 2.24 0.28 0.34 1.57 1.14 0.61 0.60 2.07 2.05 2.03 2.01 1.89 1.87 1.85 1.75
13.70 4.90 4.91 1.54 2.00 2.00 2.00 2.00 2.14 2.14 2.14 2.14 2.18 2.18 2.18 2.18 2.19 0.88 0.88 0.88 0.88 2.19 2.19 2.19 2.17 2.17 2.17 2.17 2.11 2.11 2.12 2.12 2.09 2.10 2.10 2.11 2.10 2.10 2.11 3.56 2.08 2.09 2.09 2.10 2.11 2.12 2.12 2.12 2.16 2.16 2.16 2.17 2.20 2.20 2.20 2.20 2.22 2.22 2.21 2.21 2.23 2.22 2.22 1.18 3.18 2.22 2.20 0.89 0.33 0.60 0.21 0.26 0.37 0.31 0.57 2.04 1.94 1.92 1.90 2.70 1.73 1.71 1.69 1.67
4.91 9.41 4.92 4.92 2.00 2.00 2.00 2.00 2.14 2.14 2.13 2.13 2.17 2.17 2.17 2.16 2.17 0.87 0.87 0.87 0.87 2.17 2.16 2.16 2.14 2.14 2.14 2.14 2.08 2.08 2.08 2.08 2.05 2.06 2.06 2.06 5.08 2.06 2.06 2.07 2.03 2.04 2.04 2.04 2.06 2.06 2.06 2.07 2.10 2.10 2.10 2.10 2.13 2.13 2.13 2.13 2.15 2.15 2.14 2.14 2.16 2.15 0.86 2.14 3.09 2.14 2.13 2.03 0.54 1.49 1.47 0.24 0.24 0.24 0.54 1.96 1.86 1.85 1.75 1.73 1.66 1.64 1.62 1.60
4.92 4.92 4.93 4.93 2.00 2.00 2.00 2.00 2.13 2.13 2.13 2.12 2.16 2.16 2.15 2.15 2.16 0.86 0.86 0.86 0.86 2.14 2.14 2.13 2.11 2.11 3.57 2.11 2.04 2.04 3.46 2.05 2.01 2.01 2.02 2.02 3.43 2.01 2.01 2.02 3.36 1.99 1.99 1.99 2.00 2.01 2.01 2.01 2.04 2.04 2.04 2.04 2.07 2.07 2.07 2.06 2.08 2.08 2.07 2.07 2.09 2.08 2.07 0.60 0.83 2.06 2.05 2.04 0.52 1.94 1.92 0.50 0.28 2.85 1.90 1.88 1.71 1.69 1.68 1.66 1.59 1.57 1.55 1.53
4.93 4.93 4.93 4.93 2.00 2.00 2.00 1.99 2.13 2.12 2.12 2.11 2.15 2.14 2.14 2.13 2.14 0.85 0.85 0.84 2.12 2.11 2.11 2.10 3.54 0.82 3.51 2.07 2.00 2.00 3.39 2.00 1.97 1.97 1.97 1.97 6.39 1.96 1.96 1.97 1.54 1.54 1.54 1.54 1.55 1.55 1.55 1.55 1.98 1.98 1.98 1.98 2.00 2.00 2.00 1.99 2.01 2.01 2.00 1.99 2.02 2.00 1.99 1.65 0.80 1.99 1.97 1.96 0.78 0.96 1.85 0.95 0.66 0.46 0.46 1.72 1.64 1.62 1.60 1.58 1.52 1.50 1.48 1.46
9.46 4.95 4.95 4.95 5.16 2.07 2.07 2.06 2.16 2.16 2.15 2.14 2.15 2.15 2.14 2.13 2.12 0.84 0.84 2.10 2.08 2.07 2.07 3.52 2.67 0.80 0.80 2.02 1.55 1.55 1.55 1.55 1.52 1.52 1.52 4.36 1.52 1.52 1.52 1.52 1.51 1.51 1.51 1.51 1.52 1.52 1.51 1.51 1.52 2.91 1.52 1.52 1.55 1.55 1.54 1.54 1.55 1.54 1.53 1.53 1.52 2.56 1.51 0.49 0.55 1.21 0.48 0.75 0.75 0.74 0.78 1.76 4.19 1.73 0.19 1.61 1.55 1.54 1.52 1.50 1.48 1.46 1.44 1.42
4.95 4.95 4.95 4.94 5.15 2.07 2.06 2.05 2.15 2.15 2.14 2.13 2.14 2.13 2.12 0.84 0.83 0.83 2.08 2.07 2.05 2.04 2.04 2.03 2.00 0.79 0.80 2.98 1.52 1.52 1.52 1.51 1.49 1.49 1.48 1.48 1.48 1.09 1.09 1.08 1.08 1.08 1.08 1.08 1.08 1.08 1.08 1.07 0.69 1.08 1.08 1.07 1.49 1.49 2.38 1.47 1.48 1.48 1.08 1.08 1.07 1.07 1.06 0.21 0.52 0.91 1.75 1.47 0.45 1.72 0.74 1.69 2.17 0.68 0.68 1.17 0.37 1.47 1.45 0.35 0.34 0.34 1.37 2.94
4.95 4.95 4.94 4.93 5.14 5.13 2.05 2.04 2.14 2.13 2.12 2.11 0.60 0.60 0.59 0.59 0.82 0.82 2.05 2.04 2.02 2.01 2.00 0.79 0.79 0.56 0.50 1.54 0.48 0.48 1.48 1.09 1.06 1.06 1.06 1.06 1.05 1.05 1.05 1.05 1.04 1.04 1.04 1.04 1.04 1.03 1.03 1.03 1.03 1.03 1.02 1.02 1.05 1.04 1.04 1.03 1.04 1.04 1.03 1.03 1.02 1.02 0.20 0.08 0.50 0.70 2.18 1.67 0.68 1.65 0.71 1.62 1.61 1.60 1.58 3.62 3.59 3.85 1.49 1.48 1.46 1.78 0.96 2.55
4.95 4.94 4.93 4.92 5.13 5.11 2.04 2.03 2.13 2.12 2.10 2.09 0.59 0.59 0.59 0.52 0.81 2.03 2.02 2.01 1.99 0.98 1.39 0.78 0.77 0.96 0.54 0.54 0.28 0.21 0.21 1.06 1.03 1.03 1.03 1.08 0.47 0.74 1.01 1.01 1.00 1.00 1.00 1.00 0.99 0.99 0.99 1.39 0.98 0.98 0.98 0.98 1.00 0.99 1.40 0.99 0.99 0.99 0.98 0.97 0.97 0.97 0.18 0.18 0.84 0.66 1.61 1.60 0.65 1.58 1.57 0.67 1.55 1.53 3.53 3.50 3.47 3.45 3.42 3.39 3.36 3.33 3.30 3.28
5.04 5.03 5.01 5.00 5.19 5.18 2.07 2.06 2.12 2.11 2.10 2.08 0.59 0.52 0.51 0.51 2.01 2.00 1.99 1.98 1.56 0.96 0.76 0.76 0.48 0.47 0.53 0.53 0.63 0.23 0.35 1.41 0.97 0.97 0.93 0.93 2.27 2.49 0.98 0.98 0.99 0.99 0.98 0.98 0.92 0.92 0.91 0.91 0.90 0.90 0.90 0.89 0.92 0.92 0.18 0.91 0.91 0.91 0.90 0.31 0.30 0.88 0.17 0.17 0.06 0.63 1.54 1.53 1.52 0.61 1.50 1.49 1.48 3.43 3.41 3.38 3.36 3.33 5.42 0.00 3.25 3.22 3.19 3.16
5.03 5.01 5.00 4.98 5.17 5.15 5.13 2.05 2.10 2.09 2.08 2.06 0.58 0.51 0.57 2.01 1.99 1.97 1.56 1.54 1.53 0.75 1.10 0.74 0.47 1.50 1.49 0.51 0.51 0.32 0.19 0.98 0.91 0.90 0.90 0.89 1.69 2.44 0.33 1.28 0.92 0.91 0.91 0.90 0.88 0.87 0.87 0.87 0.86 0.86 0.85 0.85 0.88 0.87 0.46 0.45 1.00 0.86 0.88 2.36 2.35 2.92 0.83 0.16 0.16 1.49 0.75 0.77 0.76 0.76 0.75 0.74 3.34 3.31 3.29 3.27 3.24 1.90 5.26 0.00 0.00 0.00 3.08 2.00
5.01 4.99 4.98 4.96 5.14 5.12 5.09 2.03 2.08 2.07 2.05 2.04 0.51 0.50 0.56 1.98 1.55 1.54 1.53 1.51 1.50 2.03 0.73 0.77 2.39 1.47 0.50 0.50 0.18 0.18 0.91 0.91 0.32 0.87 0.87 0.86 0.42 1.38 1.37 0.17 0.88 0.30 0.87 0.86 0.84 0.84 0.83 0.83 0.82 0.82 0.81 0.63 0.83 0.83 0.43 1.27 0.61 0.43 0.42 2.27 2.26 1.48 0.78 0.78 0.77 0.05 0.73 0.73 0.72 0.71 0.71 3.24 3.22 3.20 3.17 3.15 3.13 2.04 0.00 0.00 0.00 0.00 0.00 4.47
4.99 4.97 4.95 4.93 5.11 5.09 5.06 3.78 2.06 2.04 2.03 2.02 0.50 0.49 0.96 1.55 1.53 1.51 1.50 1.48 1.08 0.90 0.89 0.75 1.45 1.44 1.00 1.00 0.18 0.89 1.21 0.88 0.30 0.84 0.29 1.32 0.85 0.16 1.33 1.32 0.45 0.44 0.06 0.82 0.80 0.80 0.79 0.79 0.78 0.78 0.78 0.60 0.79 0.15 0.07 0.76 0.23 0.23 0.74 0.74 1.42 0.25 1.40 0.73 0.06 0.21 0.69 0.69 0.65 0.65 3.14 3.12 1.76 1.75 2.01 3.04 3.02 2.42 0.00 0.00 0.00 0.00 0.00 0.00
5.03 5.01 4.99 4.96 5.12 9.77 5.06 5.03 2.04 2.10 0.79 0.50 0.77 0.77 0.95 1.52 1.49 1.09 1.08 1.06 1.05 2.16 0.70 2.10 0.65 0.97 0.92 0.91 1.29 0.84 0.83 0.82 0.28 1.12 1.11 0.79 0.82 0.82 1.53 2.18 1.27 1.27 0.42 0.79 1.06 0.77 0.76 0.76 0.75 0.75 0.75 0.14 0.14 0.14 0.55 0.72 0.72 0.71 0.70 0.52 1.35 1.34 0.65 0.65 0.64 0.64 0.63 0.62 0.62 3.05 3.03 3.01 2.42 2.40 2.38 1.45 2.35 2.33 0.00 0.00 0.00 0.00 0.00 0.00
5.01 4.98 4.95 4.93 5.08 5.05 5.01 4.98 0.99 1.14 0.49 0.77 0.76 2.76 1.51 1.49 1.08 1.06 1.05 1.04 1.02 1.01 0.38 1.39 0.56 0.90 0.89 0.89 0.82 1.11 0.80 1.10 0.78 1.09 1.08 0.92 0.79 0.78 0.77 1.89 0.77 0.58 0.39 0.76 0.74 1.00 0.73 0.72 0.72 0.71 0.71 0.70 0.72 0.13 0.52 0.66 0.65 0.65 0.64 0.64 0.02 0.13 0.62 0.61 0.61 0.60 0.12 0.12 2.39 2.38 1.22 1.21 2.32 2.31 2.29 2.27 1.37 2.24 4.21 0.00 0.00 0.00 0.00 0.00
4.98 4.95 4.92 4.89 5.04 5.00 4.97 4.94 3.19 0.49 0.48 0.94 0.69 0.68 0.67 1.08 1.05 1.04 1.02 2.11 0.99 0.98 1.38 0.55 1.35 0.17 0.17 0.86 0.79 0.78 0.94 1.07 1.06 1.05 0.44 0.72 0.76 0.75 0.74 0.74 0.55 1.12 0.55 0.21 0.21 0.70 0.69 0.69 1.34 0.68 0.22 1.26 0.68 0.12 0.47 0.62 0.62 0.61 0.61 0.60 0.60 0.59 0.58 0.58 0.57 0.10 0.10 1.42 1.41 1.18 1.22 4.26 2.24 2.22 2.20 1.33 1.11 4.10 4.07 0.00 0.00 0.00 0.00 0.00
4.95 4.91 4.88 4.85 5.00 4.96 4.93 4.89 3.15 0.54 0.48 0.93 0.92 2.67 0.36 1.05 1.03 1.01 0.85 2.17 0.83 0.82 1.34 0.40 0.17 0.16 0.16 0.83 0.76 0.76 0.75 0.44 0.43 0.42 0.42 0.41 0.73 0.72 0.71 0.04 0.53 0.87 0.69 0.05 0.67 0.67 0.66 0.66 0.21 0.12 0.22 1.20 1.19 0.11 0.45 0.59 0.59 0.58 0.57 0.57 0.56 0.10 0.55 0.66 0.66 0.17 4.77 1.67 1.35 1.34 5.28 4.63 4.10 4.07 2.12 1.11 4.48 2.24 0.00 0.00 0.00 0.00 0.00 0.00
