New_Model_Runs/2_scn1_noclimate_out/post_prcessed_with_MFR/Monthly_summaries/runoff_monthly_FEB.asc
NCOLS 700
NROWS 400
XLLCENTER 515000.000000
YLLCENTER 8409000.000000
CELLSIZE 50.000000
NODATA_value -999.000000
[rows 190 to 227 of 400, columns 168 to 251 of 700]
1.74 1.75 2.57 2.57 2.57 1.75 2.76 1.76 1.72 1.72 3.81 3.82 6.60 3.75 3.75 3.76 3.77 3.78 3.78 3.78 3.81 12.38 6.72 3.82 3.80 3.80 3.80 6.69 3.74 3.75 3.75 3.75 6.49 3.69 3.69 3.69 3.69 3.69 3.69 3.69 3.74 3.74 3.74 3.74 3.78 3.78 3.78 3.78 3.83 3.83 3.83 1.74 3.82 3.82 3.82 6.70 3.77 3.78 3.78 3.78 3.83 3.83 3.84 1.74 1.77 1.78 1.22 3.92 3.92 3.93 3.94 5.97 5.94 5.95 5.97 5.99 5.93 5.95 5.97 3.31 3.31 3.32 3.34 3.35
1.77 1.77 2.78 1.21 1.78 1.78 1.78 1.79 1.75 3.86 3.86 3.87 3.79 6.69 3.80 3.80 3.82 6.76 3.82 3.83 3.85 3.85 3.86 3.86 3.84 3.84 3.84 3.84 3.78 3.79 3.79 3.79 3.73 9.58 3.73 3.73 3.73 6.56 6.57 3.73 3.78 3.78 3.78 3.78 3.82 3.82 3.82 3.82 3.88 3.88 3.88 1.76 6.80 3.86 3.86 3.86 3.82 3.82 3.82 3.82 3.87 3.88 3.88 3.89 1.80 1.80 1.80 4.01 4.00 4.01 4.02 6.03 6.00 6.02 15.64 6.05 10.97 6.01 7.38 3.36 3.35 3.36 3.38 3.44
1.81 2.85 1.81 1.23 1.80 1.80 1.80 1.80 3.88 3.88 3.89 3.89 3.82 6.78 3.83 3.83 3.85 3.86 3.86 3.86 3.89 3.89 3.89 3.89 3.87 3.87 3.87 3.87 6.75 3.83 3.83 3.83 3.77 3.77 3.77 3.77 3.74 6.61 3.74 3.74 3.77 6.63 6.66 3.77 3.85 3.85 3.85 3.84 3.94 3.94 1.79 1.79 8.52 6.93 3.91 9.96 3.83 3.84 3.84 3.84 3.87 6.82 3.88 3.88 4.01 1.82 1.83 1.83 4.06 4.07 6.09 6.11 6.04 6.06 11.15 11.15 6.06 6.08 6.10 3.45 3.38 3.45 3.46 3.47
1.84 1.84 4.06 1.84 3.93 4.04 4.04 4.04 3.93 3.93 3.93 3.94 3.87 3.87 3.88 3.88 3.90 3.90 3.90 3.90 3.93 3.93 3.93 3.93 3.90 3.90 3.90 3.90 3.86 3.86 3.86 3.86 3.81 3.81 3.81 3.81 3.78 3.78 3.78 3.78 3.80 3.80 3.80 3.81 3.88 3.88 3.88 3.88 4.02 4.02 4.02 4.02 15.85 3.95 3.95 3.95 3.87 3.88 3.88 3.88 10.03 3.91 3.92 3.92 4.05 4.06 1.85 1.85 4.10 4.11 11.27 6.17 6.10 6.12 6.14 6.15 6.12 11.28 6.16 6.18 3.47 3.49 3.50 3.51
3.97 4.11 4.11 4.11 7.20 4.09 4.09 4.09 4.01 4.01 4.02 4.02 3.91 3.92 3.92 3.92 3.94 13.50 3.94 3.94 4.00 7.04 3.96 3.96 3.94 3.94 3.94 3.94 3.90 6.90 6.90 3.90 3.84 3.84 3.84 3.84 3.81 9.82 3.81 3.81 3.84 6.79 3.84 3.84 3.92 3.92 3.92 3.92 4.06 4.06 4.05 7.11 10.34 10.32 4.03 4.03 3.91 3.92 3.92 3.92 3.95 3.95 3.96 3.96 4.10 4.10 1.87 1.88 4.15 4.16 6.22 6.23 6.16 6.18 6.20 6.22 6.18 6.20 11.40 6.24 3.51 3.52 3.54 3.55
4.15 4.16 4.16 4.16 4.13 7.26 4.14 4.14 4.06 4.06 4.06 4.07 3.96 3.96 3.96 3.96 4.02 4.02 4.02 4.02 4.04 4.04 4.04 4.04 4.01 4.01 4.01 4.01 3.93 3.93 3.93 3.93 3.87 9.92 3.87 3.87 3.84 3.84 3.84 3.84 9.93 6.84 3.87 3.87 3.96 3.96 3.96 3.96 4.09 4.09 4.09 4.09 4.06 4.07 4.07 4.07 3.95 3.95 3.96 3.96 4.02 4.03 4.04 4.04 4.14 4.15 1.90 1.90 6.57 6.26 6.28 6.30 6.23 6.24 6.26 6.28 6.25 6.26 6.28 6.31 6.28 3.56 3.57 3.59
4.17 4.17 4.17 4.18 4.16 4.16 4.16 4.16 4.10 4.10 4.10 4.10 4.03 4.03 4.03 4.03 7.10 7.11 4.04 4.04 4.07 4.06 4.06 7.15 4.03 4.03 4.03 4.03 3.94 3.94 3.94 3.94 3.87 3.87 3.87 3.87 3.83 3.84 3.84 3.84 3.89 3.89 3.90 3.90 4.04 4.04 4.04 7.09 4.13 4.13 4.13 4.13 4.08 4.08 7.17 4.09 4.00 4.01 4.01 4.01 4.07 4.08 4.08 4.09 4.21 4.22 1.94 1.94 5.88 11.71 6.38 6.40 6.30 6.32 6.34 6.35 6.29 6.30 6.32 6.35 11.66 6.59 3.61 9.19
4.22 4.22 4.22 4.22 4.20 4.20 4.21 4.21 7.23 4.14 4.14 4.14 4.07 4.07 4.07 4.07 4.08 4.08 4.07 4.07 4.10 4.10 4.10 4.10 7.14 4.06 4.06 4.06 4.01 4.01 4.01 4.01 3.90 3.90 3.90 3.90 3.86 3.86 3.87 3.87 6.94 3.92 3.93 3.93 4.07 4.07 4.08 4.08 4.16 4.16 4.16 4.17 4.12 4.12 4.12 4.13 4.04 4.04 4.05 4.05 4.11 4.12 4.12 4.13 4.25 4.26 1.96 1.97 4.30 6.42 6.44 11.79 11.70 6.38 6.40 6.41 6.34 6.36 6.38 6.40 6.40 3.64 3.65 3.66
4.27 4.27 4.27 4.27 4.25 4.25 4.25 4.25 4.18 4.18 4.18 7.28 4.11 4.11 4.10 4.10 4.11 4.11 4.11 4.11 4.13 10.60 4.13 4.13 4.09 4.09 4.09 4.09 4.04 7.10 7.10 4.04 3.93 6.96 3.93 6.96 3.89 3.89 3.89 3.89 3.95 3.95 3.95 3.95 4.10 4.10 4.11 4.11 4.19 4.19 4.20 4.20 4.15 4.15 4.16 4.16 4.07 4.08 4.08 4.09 4.15 4.15 4.16 4.17 4.29 4.30 1.98 3.62 6.46 6.48 6.49 6.51 6.41 6.43 6.45 6.47 6.40 6.42 6.44 6.46 6.46 6.48 3.68 3.70
4.31 7.57 4.31 4.31 4.29 4.29 4.29 4.29 4.22 4.22 7.44 7.35 4.14 4.14 4.14 4.14 10.63 4.14 4.14 4.14 4.17 4.17 7.30 4.16 7.24 4.12 4.12 4.12 4.07 7.11 4.07 4.07 3.96 3.96 3.96 3.96 3.92 3.92 3.92 3.92 4.01 4.01 4.02 4.02 4.13 4.13 4.13 4.14 4.22 4.23 4.23 4.23 7.37 7.36 4.19 4.19 4.11 4.11 4.12 4.12 4.18 4.19 4.19 4.20 4.33 4.34 4.35 4.36 6.51 6.53 6.55 6.57 6.47 6.49 6.51 6.53 6.46 6.48 6.50 6.52 6.52 6.54 3.72 3.73
4.30 4.30 4.30 4.30 4.31 4.31 7.57 4.31 4.26 4.26 4.25 4.25 4.18 4.17 4.17 4.17 7.33 4.16 4.15 4.15 4.16 4.16 4.16 13.40 4.12 4.12 4.12 4.12 4.04 7.11 4.04 4.04 3.94 9.58 3.93 3.93 7.08 4.03 4.03 4.03 4.12 4.13 4.13 4.13 4.20 4.21 4.21 4.21 4.26 4.26 4.27 4.27 4.21 4.21 4.22 4.22 4.14 4.14 4.14 4.15 4.26 4.27 4.28 4.29 4.41 4.42 4.43 4.44 6.60 12.15 6.64 6.65 6.56 6.58 6.60 6.62 6.54 6.56 6.58 6.60 6.57 6.59 6.61 3.77
4.35 4.35 4.35 4.35 4.35 4.35 4.35 13.44 10.95 4.29 4.29 4.29 7.39 4.21 4.20 4.20 4.19 4.19 7.35 4.19 4.19 4.19 4.19 7.37 7.29 4.15 4.15 4.15 4.07 4.07 4.07 4.07 4.00 3.96 7.02 3.96 4.05 4.05 4.05 4.05 4.15 4.15 4.15 4.16 4.23 4.23 4.23 4.24 4.28 4.29 4.29 4.30 4.24 4.24 4.25 7.40 4.17 4.17 4.18 4.18 4.30 4.30 4.31 7.61 4.44 4.45 4.46 12.22 6.65 6.67 12.24 12.19 23.11 12.18 6.65 6.67 6.59 6.61 6.63 6.65 6.63 6.65 6.67 3.80
7.75 4.39 4.39 4.39 4.39 4.39 4.39 4.39 4.33 4.33 4.33 4.32 4.24 4.24 4.24 4.24 7.44 4.22 4.22 4.22 4.23 4.22 4.22 4.22 4.19 7.32 7.34 4.18 4.10 4.10 4.10 4.10 4.03 4.03 4.03 4.03 4.08 4.08 4.08 4.08 4.18 4.18 4.18 4.18 4.25 4.25 4.26 4.26 4.31 4.31 4.32 7.60 4.26 4.27 7.51 4.28 4.20 4.20 4.21 4.21 4.33 4.34 4.34 4.35 4.47 4.48 4.50 6.69 6.70 6.72 6.73 6.75 6.66 6.68 12.27 23.26 12.20 6.66 6.68 6.70 6.67 6.70 6.72 3.83
4.43 4.43 4.43 7.77 4.43 4.43 4.43 4.42 4.37 4.37 4.36 4.36 4.28 4.27 4.27 4.27 4.26 4.26 7.48 4.25 4.26 4.26 7.47 4.25 4.22 4.22 4.22 7.34 4.14 4.13 4.13 4.13 4.06 4.06 4.06 4.05 4.11 4.11 4.11 4.10 4.20 4.20 4.20 4.20 4.27 4.28 4.28 4.29 4.33 4.34 4.34 4.35 4.29 7.54 4.30 4.31 10.80 4.23 4.23 4.24 4.36 4.37 4.37 4.38 4.51 4.52 4.53 6.74 6.74 6.76 6.78 6.80 6.71 12.36 6.75 12.44 6.69 12.29 6.73 12.33 6.72 12.35 6.76 6.78
4.40 4.40 4.40 4.39 4.40 4.40 4.40 4.39 4.37 4.36 4.36 4.35 4.30 4.30 4.30 4.29 4.27 4.26 4.26 7.48 4.25 4.25 7.49 4.25 7.44 4.22 7.41 4.22 7.23 4.12 4.12 4.12 4.14 4.13 4.13 4.13 4.27 4.27 4.26 4.26 4.34 4.34 4.34 4.34 4.37 4.38 4.38 4.38 4.38 4.38 4.39 4.39 4.27 4.28 4.29 4.29 4.26 4.27 4.28 4.28 4.45 4.46 4.47 4.48 4.56 4.57 8.50 18.54 12.48 6.79 6.81 6.83 6.72 6.74 6.76 6.78 6.71 12.39 12.41 6.78 6.74 6.76 6.78 9.13
4.44 7.83 4.43 4.43 4.44 4.43 4.43 4.43 4.40 4.40 4.39 7.74 7.62 4.33 4.33 4.33 4.30 4.30 4.29 7.54 4.29 4.28 4.28 7.52 4.25 4.25 4.25 4.25 4.16 4.15 4.15 4.15 4.17 4.16 4.16 4.16 4.30 4.30 4.29 4.29 4.37 4.37 4.37 4.37 4.40 4.40 4.40 4.41 4.40 4.40 10.70 4.42 4.29 4.30 4.31 4.32 4.29 4.29 4.30 4.31 4.47 4.48 4.49 4.50 4.59 8.10 6.83 6.85 6.81 6.83 18.68 6.87 6.76 6.78 6.81 6.83 6.75 6.78 12.52 6.82 6.79 6.81 6.83 12.61
4.48 4.47 4.47 4.47 7.90 4.47 4.47 4.46 4.43 4.43 4.42 4.42 4.37 7.65 4.36 4.36 4.33 4.33 4.33 4.32 4.32 4.32 4.31 4.31 11.06 4.29 4.28 4.28 7.35 4.19 4.18 4.18 4.20 4.20 4.19 4.19 7.49 7.63 4.32 4.32 7.70 4.40 4.39 4.39 4.42 4.42 4.43 7.78 11.35 7.80 7.81 4.44 4.32 4.32 4.33 4.34 4.31 4.32 4.32 4.33 4.50 4.51 4.52 4.53 4.62 4.63 18.74 6.89 6.85 6.87 6.90 6.92 6.81 6.83 6.85 6.87 6.80 6.82 6.84 6.86 6.83 6.85 6.87 6.89
4.51 4.51 4.51 4.50 4.51 4.50 4.50 4.49 4.47 4.46 4.46 4.45 4.40 7.73 4.39 4.39 4.36 4.36 4.36 4.35 4.35 2.74 4.35 4.34 4.32 4.32 4.32 4.31 7.41 4.22 4.22 4.21 4.23 6.35 4.22 4.22 4.36 4.36 4.35 4.35 4.43 4.42 4.42 4.42 4.45 4.45 4.45 4.45 4.44 4.44 4.45 4.46 4.34 4.34 4.35 4.36 4.33 4.34 4.35 4.36 4.52 4.53 4.55 4.56 4.64 6.89 6.91 6.93 6.89 6.91 6.93 6.96 12.55 6.87 6.89 12.64 6.84 6.86 6.88 6.91 6.87 6.89 6.91 6.93
4.48 4.48 4.48 4.47 4.46 4.45 4.45 4.44 4.44 7.83 4.43 7.82 4.40 4.40 4.40 4.39 4.36 4.35 4.35 4.35 4.34 2.76 4.34 4.34 4.32 7.62 4.32 4.32 4.28 4.28 4.28 4.64 2.75 4.34 4.33 4.33 4.45 4.44 4.44 4.43 4.50 4.50 4.49 4.49 7.91 4.49 7.91 4.49 7.74 4.40 4.40 4.41 4.30 4.31 4.32 4.32 4.43 4.44 4.45 4.46 4.61 4.62 4.63 4.64 4.64 6.89 12.72 6.93 6.83 6.85 6.87 6.89 6.82 6.85 12.63 6.89 6.86 6.89 6.91 6.93 6.89 6.91 6.93 6.94
4.51 4.51 4.51 4.50 4.49 4.48 4.48 10.88 4.47 4.47 4.46 4.46 4.43 4.43 4.42 4.42 4.38 2.79 2.79 2.32 2.32 2.79 4.37 4.37 4.36 4.35 4.35 4.35 4.32 4.31 8.42 2.42 2.77 4.37 4.36 4.36 4.48 4.47 4.47 4.46 4.53 4.52 7.94 7.97 4.52 4.51 4.51 4.51 4.41 4.42 4.42 4.43 4.32 4.33 7.63 4.34 4.45 4.46 4.47 4.48 4.63 4.64 4.65 4.66 4.66 20.73 6.94 6.97 6.86 6.88 6.91 6.93 6.86 6.88 12.72 12.68 6.90 12.69 12.73 18.88 12.70 6.94 6.96 6.98
4.55 4.54 4.54 4.53 4.52 7.97 4.51 7.94 4.50 4.50 4.49 7.92 7.87 4.46 7.86 12.20 2.81 2.81 2.34 2.34 5.96 7.77 4.40 4.40 4.39 4.39 6.98 4.38 4.35 4.34 7.65 2.66 4.40 4.40 4.39 4.39 14.87 4.51 4.50 7.93 8.05 4.55 4.55 4.54 4.54 4.54 4.54 4.53 4.43 4.44 4.44 4.45 4.33 4.34 4.35 4.36 4.47 4.48 4.49 4.50 4.65 4.66 12.38 8.57 6.94 6.96 12.85 7.00 6.89 6.92 12.78 6.96 6.90 6.92 6.94 6.96 6.94 6.96 6.98 7.01 6.96 12.87 7.00 7.01
4.57 4.57 4.57 4.56 4.54 4.54 4.53 4.53 4.53 4.52 4.52 4.51 4.49 4.48 4.48 6.70 2.83 1.59 1.59 4.63 6.30 4.43 4.43 4.43 10.73 5.70 1.58 1.58 2.35 4.37 4.37 4.37 4.43 4.43 4.42 7.83 4.54 4.53 4.53 4.52 4.59 4.58 4.57 4.57 4.57 4.56 8.03 4.56 4.45 4.45 4.46 4.46 4.35 7.72 4.37 4.38 4.49 4.50 4.51 8.02 8.52 8.58 8.62 4.71 6.97 6.99 7.01 7.03 6.93 12.77 6.97 7.00 6.93 6.95 6.98 7.00 6.97 7.00 7.02 7.04 6.99 7.01 7.03 7.05
4.59 4.58 4.58 4.57 4.54 4.54 4.53 4.52 4.52 4.51 4.51 4.51 4.49 2.85 2.85 2.37 2.85 2.06 1.60 1.60 2.37 4.46 4.46 6.16 4.47 1.60 1.60 1.60 2.37 2.48 2.36 2.83 4.51 4.50 4.50 4.49 4.58 4.57 4.57 4.56 4.61 8.13 4.60 4.59 4.54 4.54 4.53 4.53 4.39 4.39 4.39 4.40 4.41 4.42 4.43 4.44 4.58 4.59 4.60 4.61 4.68 4.69 4.70 4.72 6.91 6.93 6.96 6.98 6.90 6.92 6.95 6.97 6.95 6.97 7.00 7.02 6.98 7.01 7.03 7.05 12.80 6.96 6.98 7.00
4.61 4.61 4.60 4.60 4.57 4.56 4.55 4.55 4.54 4.54 4.53 4.53 2.87 2.87 2.39 2.39 2.39 3.43 1.61 4.24 1.61 1.61 2.08 4.48 2.19 2.35 1.61 1.61 2.38 2.50 2.38 2.85 4.53 4.53 4.52 4.52 4.61 4.60 4.59 8.10 4.64 4.63 4.62 4.61 4.57 4.56 4.56 4.55 4.41 4.41 4.41 4.41 4.42 4.43 4.44 4.45 4.60 4.61 4.62 4.63 4.70 4.71 4.72 18.14 12.77 6.96 6.98 7.01 6.93 6.95 6.98 7.00 6.98 7.01 7.03 7.05 7.01 7.04 7.06 7.08 12.86 6.99 7.01 7.03
4.64 4.63 4.63 4.62 4.59 4.58 4.58 4.57 4.57 4.56 4.56 4.55 2.41 4.00 2.69 1.62 1.62 4.26 4.26 1.46 1.62 1.62 2.09 1.62 1.62 1.62 1.62 1.62 1.62 2.40 2.40 2.87 2.87 4.55 4.55 4.54 4.63 4.62 4.62 4.61 4.66 4.66 4.65 4.64 4.59 4.58 8.07 4.57 4.43 7.80 7.79 4.43 4.44 4.45 4.46 4.47 4.61 4.63 4.64 4.65 4.71 4.73 4.74 14.77 6.97 6.99 7.01 7.04 6.95 6.98 7.00 7.03 7.01 7.04 7.06 7.08 7.05 7.07 7.09 7.11 7.00 7.02 7.04 7.05
2.46 2.57 4.65 4.64 4.61 4.60 4.60 4.59 4.59 4.58 4.58 10.69 2.42 4.74 2.22 1.81 2.46 1.63 1.81 1.63 1.50 2.10 1.81 1.63 1.63 1.63 1.63 1.63 1.63 1.63 2.41 2.89 2.89 4.58 4.57 4.57 4.66 4.65 4.64 4.63 4.69 4.68 4.67 4.66 4.61 4.61 4.60 4.59 4.45 4.44 4.44 4.44 4.45 4.46 4.47 4.48 4.63 4.64 4.65 4.66 4.73 4.74 9.19 7.05 6.99 7.01 12.94 7.06 6.98 7.01 12.93 7.06 7.04 7.06 7.09 7.11 7.07 7.10 7.12 7.14 7.03 7.05 7.06 7.08
2.96 2.59 4.68 2.46 4.67 2.46 4.65 4.88 2.44 4.61 4.61 2.44 2.43 4.76 3.47 1.82 2.11 1.82 1.82 1.64 1.64 1.64 1.64 1.64 1.64 1.64 1.64 1.48 1.82 1.82 1.81 2.90 4.66 4.65 4.65 4.64 4.70 4.69 4.68 4.67 4.65 4.64 4.63 4.62 4.51 7.94 4.50 4.49 7.84 4.45 4.44 4.45 4.56 4.57 4.58 4.59 4.65 4.66 4.67 4.69 12.41 8.59 6.94 6.96 6.91 6.93 6.96 6.98 12.89 9.11 7.07 7.09 7.09 13.04 7.14 7.16 7.09 7.11 7.13 7.15 6.97 6.98 7.00 19.01
4.71 2.48 4.70 2.47 4.68 4.68 2.46 2.46 4.64 4.63 4.63 2.45 2.44 2.44 2.12 4.32 2.12 1.83 1.65 1.65 1.65 1.65 1.65 1.65 1.65 1.65 1.48 1.48 1.48 2.17 2.17 4.64 4.68 4.67 4.67 4.66 4.72 4.71 4.70 4.69 8.56 4.66 4.65 4.64 4.53 4.52 4.51 4.51 4.47 4.46 4.46 4.46 4.57 4.58 4.59 4.60 4.66 4.67 8.59 8.60 8.60 4.69 6.96 6.98 6.93 6.96 6.98 7.01 7.04 7.06 7.09 13.06 7.11 7.14 7.16 7.18 7.11 18.64 13.17 7.17 6.99 12.87 7.02 7.03
4.73 2.49 2.49 2.48 4.70 4.69 2.47 2.47 2.46 4.65 4.24 1.66 2.43 1.66 1.66 2.25 1.66 1.66 1.66 1.84 1.66 1.66 1.66 1.49 1.49 1.49 1.49 1.49 2.18 3.50 2.18 4.66 4.70 4.69 4.69 4.68 4.73 4.73 4.72 4.71 4.68 4.68 4.67 4.66 4.55 4.54 4.53 4.52 4.48 4.48 4.47 4.47 4.59 4.59 4.60 4.61 8.52 4.69 4.70 4.71 4.69 4.70 6.98 7.00 6.95 6.98 7.00 7.03 7.06 7.09 7.11 7.14 7.13 7.16 7.18 7.21 7.13 13.18 13.21 7.19 7.01 7.03 7.04 7.05
21.18 5.43 5.42 2.49 4.71 7.04 2.97 9.31 8.57 2.17 2.67 1.85 1.67 2.32 1.85 3.59 2.52 1.67 1.67 1.85 2.52 1.85 2.46 1.50 1.50 1.50 1.50 1.85 1.85 2.19 4.69 4.68 4.72 4.71 4.70 4.70 4.75 4.74 2.86 4.73 4.70 4.69 4.68 4.67 4.57 4.56 4.55 4.54 4.50 4.49 4.48 4.48 4.60 4.60 4.61 4.62 4.69 4.70 4.71 4.72 4.70 6.98 7.00 7.02 6.97 7.00 7.02 7.05 7.08 31.35 13.10 7.16 7.15 7.18 7.20 7.23 7.15 7.17 7.19 7.21 12.90 7.04 7.06 7.06
14.81 7.91 7.90 7.89 11.03 11.02 2.98 2.48 4.69 4.69 2.19 1.67 1.67 1.85 1.85 2.53 2.27 2.28 1.67 1.86 1.86 2.20 1.51 1.51 1.51 1.51 1.51 1.86 3.68 3.85 4.73 4.72 4.73 4.72 4.72 4.71 8.64 4.69 4.69 2.84 4.60 4.59 4.59 4.58 3.02 1.62 2.39 4.50 4.55 4.54 4.54 4.54 8.02 4.57 4.58 4.59 4.59 4.60 4.61 4.62 4.60 6.84 6.86 6.88 6.90 6.93 6.95 6.98 12.99 7.09 7.11 7.14 13.18 13.23 7.20 7.22 7.11 7.13 7.15 7.17 6.99 7.01 7.01 7.02
7.93 7.92 7.91 7.91 7.91 7.90 7.89 6.16 5.39 7.84 4.69 2.19 1.68 1.86 1.86 1.86 1.86 1.68 1.68 1.86 1.86 1.86 2.21 1.51 1.51 1.51 1.86 1.68 1.86 1.68 6.11 2.48 2.22 4.74 4.73 4.72 4.72 4.71 4.70 2.85 4.62 4.61 2.14 1.63 1.63 1.62 2.40 4.52 4.56 4.56 4.55 4.55 4.57 4.58 4.59 4.60 4.60 4.61 4.62 4.63 12.56 6.86 6.88 12.70 6.92 6.94 6.97 7.00 7.08 7.10 7.13 7.16 7.16 7.19 7.21 7.24 7.13 7.15 7.17 7.19 7.01 7.02 12.91 7.02
7.94 7.93 7.93 7.92 7.92 7.91 13.18 6.17 6.17 7.85 7.85 4.57 7.87 4.78 2.16 1.51 1.51 1.68 1.68 1.87 1.69 1.87 1.69 1.69 4.40 1.52 4.40 2.47 1.87 1.68 1.68 1.86 1.86 2.22 2.22 5.18 2.87 6.07 2.86 2.86 2.44 1.65 2.40 1.64 1.63 1.63 2.41 4.53 4.57 4.57 4.56 4.56 4.58 4.59 4.60 4.61 4.61 4.62 4.63 8.19 6.85 12.63 6.89 14.29 6.93 6.96 12.81 17.19 9.21 7.12 7.14 7.17 7.18 7.20 7.23 13.26 7.14 7.16 7.18 7.20 7.01 7.02 7.02 7.02
12.10 4.63 7.94 7.93 14.81 7.92 8.89 5.61 8.87 7.87 12.12 4.75 8.41 8.11 4.87 8.11 4.05 1.69 1.69 1.69 1.69 1.69 1.69 2.48 1.52 1.69 1.69 1.69 2.55 1.69 1.69 1.87 1.68 1.68 2.22 2.45 1.67 1.67 2.43 1.66 2.42 1.65 1.65 1.64 1.64 1.63 4.55 4.53 8.04 12.04 8.00 7.99 4.59 4.60 4.60 4.61 4.61 4.63 4.64 4.65 6.86 6.88 6.90 9.07 9.10 9.13 9.16 9.20 9.23 9.26 9.30 9.33 9.36 9.39 7.24 7.27 7.16 7.17 7.19 7.20 12.89 7.02 7.02 7.01
4.62 3.79 4.61 7.90 7.92 7.92 8.90 7.90 14.75 7.89 4.59 4.59 4.88 4.05 4.05 3.75 4.06 4.06 4.06 4.07 4.07 1.69 3.73 6.84 4.42 1.70 2.48 1.69 1.88 1.87 2.55 1.87 1.87 1.68 1.68 1.68 1.67 1.67 1.67 1.66 1.66 1.65 1.65 1.65 1.64 2.12 4.55 5.86 4.51 4.51 4.50 4.50 4.48 4.49 4.50 5.82 4.53 4.54 4.55 6.77 12.48 6.84 6.86 9.08 9.11 9.14 9.18 9.21 9.24 9.28 9.31 9.34 7.18 7.20 7.23 7.25 13.15 7.14 7.15 36.96 12.99 12.98 7.06 7.05
4.11 4.61 4.61 4.60 4.09 7.43 4.91 4.61 4.60 8.14 3.75 4.59 4.06 4.06 8.12 8.13 8.13 4.06 4.07 4.07 4.07 6.62 4.08 4.08 1.70 1.70 1.70 1.70 1.70 1.69 1.69 1.87 1.69 1.69 1.68 1.68 1.68 1.67 1.67 1.67 1.66 1.66 1.65 1.65 3.25 2.39 2.39 1.63 1.62 1.62 1.62 1.62 1.62 1.62 1.62 3.01 4.53 4.55 4.56 6.78 12.56 6.85 6.87 9.09 9.12 9.15 9.19 7.06 7.12 22.86 14.82 7.20 13.25 7.21 7.24 7.26 7.13 7.15 7.15 7.16 7.06 7.06 7.05 7.03
4.43 3.79 4.61 4.09 4.09 4.08 4.91 4.61 4.90 4.60 3.75 4.06 4.38 4.06 8.13 8.13 8.13 4.07 4.07 4.07 4.07 4.08 4.08 8.16 4.08 4.08 4.08 4.40 1.70 1.70 1.69 1.69 1.69 1.69 1.68 1.68 1.68 1.68 1.67 1.67 1.66 1.66 1.65 1.65 2.40 1.64 1.64 1.63 1.63 3.44 1.62 1.62 4.26 4.27 1.63 3.45 3.95 4.55 4.56 6.78 6.83 6.85 6.88 9.10 9.13 7.01 7.04 7.07 9.26 9.30 15.74 9.36 7.19 7.22 7.24 7.26 7.13 7.15 7.15 7.15 7.05 7.04 7.03 7.01
4.93 4.61 3.46 4.09 4.09 6.63 6.62 4.07 4.60 4.06 4.06 4.38 4.06 4.06 4.06 4.06 3.75 8.14 4.39 8.46 8.15 4.08 4.08 3.77 8.16 4.08 6.62 4.08 4.08 4.07 4.07 1.69 1.69 1.69 1.69 1.68 1.68 1.68 1.67 1.67 1.66 2.43 1.66 1.65 1.65 1.64 1.64 1.63 1.63 4.27 4.26 1.62 1.62 1.46 1.46 3.46 1.64 3.48 12.48 6.79 6.84 3.86 6.88 6.91 9.14 7.02 7.05 27.37 9.27 7.16 7.18 7.21 7.20 7.22 7.24 7.26 13.13 7.14 7.14 7.14 7.03 7.02 7.00 6.98
