New_Model_Runs/2_scn1_noclimate_out/post_prcessed_with_MFR/Monthly_summaries/runoff_monthly_MAR.asc
NCOLS 700
NROWS 400
XLLCENTER 515000.000000
YLLCENTER 8409000.000000
CELLSIZE 50.000000
NODATA_value -999.000000
[rows 185 to 221 of 400, columns 168 to 251 of 700]
4.40 4.40 4.41 1.89 0.00 0.00 0.00 0.00 0.00 15.17 4.44 4.45 4.36 4.37 4.37 4.38 4.40 1.89 1.89 1.89 1.91 1.91 4.45 4.45 4.42 4.42 4.43 4.43 4.36 4.36 4.36 4.36 4.28 4.28 4.28 4.28 4.28 4.27 4.27 4.27 4.36 4.36 4.36 4.35 4.40 4.40 4.40 4.40 1.90 1.90 4.66 4.43 4.37 4.37 4.37 8.71 4.34 4.34 4.34 4.34 4.44 0.00 0.00 0.00 0.00 0.00 0.00 0.00 4.53 4.55 12.99 4.57 4.52 3.96 7.27 4.00 3.98 4.85 4.88 4.90 4.94 4.97 5.00 5.03
4.47 4.47 1.93 1.27 15.25 0.00 0.00 0.00 0.00 4.50 4.51 4.51 4.43 4.43 4.44 4.44 8.92 4.47 4.76 1.93 3.47 1.94 4.51 4.51 4.48 4.49 4.49 4.49 4.42 4.42 4.42 4.42 4.34 4.34 4.34 4.33 8.66 4.33 4.33 4.33 4.42 4.42 4.41 8.77 4.46 4.46 4.46 4.45 1.93 1.93 3.45 1.93 4.43 4.43 4.43 4.43 4.39 4.40 4.40 4.40 4.49 8.99 0.00 0.00 0.00 0.00 0.00 0.00 14.14 4.61 9.24 4.63 4.58 4.01 7.36 4.05 4.03 4.91 8.79 4.96 5.00 5.03 5.06 5.09
4.53 4.54 1.96 1.29 2.00 15.39 19.09 15.41 1.97 4.57 9.12 4.58 4.49 4.50 4.50 4.51 4.53 4.54 1.96 1.96 4.88 9.14 4.57 4.57 4.55 4.55 9.11 4.55 4.48 4.48 4.48 4.48 8.79 8.79 4.39 4.39 4.39 4.39 4.39 4.38 4.48 4.47 4.47 8.89 4.52 4.52 4.51 4.51 9.02 9.09 1.96 1.96 4.48 4.48 4.48 4.48 4.45 4.45 4.45 4.45 4.55 4.55 4.56 0.00 0.00 0.00 0.00 15.57 4.65 4.66 4.68 4.69 4.04 4.06 4.08 4.09 4.08 4.97 5.00 8.93 5.06 5.09 5.12 5.15
4.68 4.69 3.67 1.34 1.34 1.34 3.68 1.34 2.01 4.63 4.64 4.64 9.02 9.07 4.56 4.56 4.58 4.59 1.99 3.55 4.62 4.63 4.63 4.63 4.61 4.61 4.61 4.61 4.54 4.54 4.54 4.54 4.46 4.46 4.46 4.46 4.46 4.45 4.45 4.45 4.50 4.50 4.50 4.50 4.55 4.54 4.54 4.54 4.60 4.60 4.60 1.99 4.57 4.57 4.57 4.57 4.51 4.51 4.52 4.52 4.57 4.58 4.58 0.00 0.00 0.00 0.00 4.68 4.68 4.69 4.71 4.72 4.09 4.11 7.55 4.14 4.11 4.13 5.03 5.06 5.06 5.09 5.12 5.15
2.08 2.08 3.72 1.36 1.36 2.09 3.77 2.09 2.04 2.04 2.05 4.71 4.62 4.62 4.62 4.63 4.65 4.65 4.65 5.00 14.42 4.69 4.69 4.69 4.67 9.36 9.36 9.30 4.60 4.60 4.60 4.60 4.52 4.52 4.52 4.52 4.51 9.02 4.51 4.51 4.56 4.56 9.11 4.55 4.60 4.60 4.60 4.59 4.66 9.32 4.65 2.02 4.63 4.63 4.63 4.63 4.57 4.57 4.57 4.57 4.63 9.27 4.64 0.00 0.00 0.00 0.00 4.74 4.74 4.75 4.76 4.78 4.14 4.16 4.17 4.19 4.15 4.17 5.09 5.11 5.11 5.14 9.24 5.20
2.11 2.11 3.93 3.94 3.94 2.12 3.84 2.13 2.08 2.08 4.77 4.77 9.33 4.68 4.69 4.69 4.71 4.71 4.71 4.72 4.75 18.92 9.48 4.75 4.73 4.73 4.73 9.42 4.66 4.66 4.66 4.66 9.11 4.58 4.57 4.57 4.57 4.57 4.56 4.56 4.62 4.61 4.61 4.61 4.66 4.65 4.65 4.65 4.72 4.71 4.71 2.05 4.68 4.68 4.68 9.28 4.62 4.62 4.62 4.63 4.68 4.69 4.69 2.04 2.08 2.09 1.39 4.79 4.79 4.81 4.82 4.21 4.19 4.20 4.22 4.23 4.20 4.22 4.24 5.17 5.17 5.19 5.22 5.25
2.15 2.15 3.87 1.42 2.16 2.16 2.16 2.16 2.11 4.83 4.83 4.84 4.74 9.47 4.75 4.75 4.77 9.56 4.78 4.78 4.81 4.81 4.81 4.82 4.79 4.79 4.79 4.79 4.72 4.72 4.72 4.71 4.63 14.25 4.63 4.63 4.62 9.21 9.21 4.61 4.67 4.67 4.66 4.66 4.71 4.71 4.71 4.70 4.77 4.77 4.76 2.08 9.44 4.74 4.73 4.74 4.67 4.68 4.68 4.68 4.74 4.74 4.74 4.75 2.11 2.11 2.12 4.85 4.85 4.86 4.87 4.29 4.23 4.29 11.16 4.33 7.79 4.31 7.50 5.22 5.22 5.24 5.27 5.30
2.19 3.97 2.20 1.45 2.18 2.18 2.18 2.19 4.86 4.86 4.87 4.87 4.79 9.61 4.79 4.80 4.82 4.82 4.83 4.83 4.86 4.86 4.86 4.86 4.83 4.83 4.83 4.83 9.53 4.78 4.78 4.78 4.70 4.70 4.70 4.69 4.65 9.30 4.64 4.64 4.66 9.29 9.32 4.65 4.75 4.74 4.74 4.74 4.85 4.84 2.12 2.12 11.48 9.61 4.80 14.58 4.70 4.70 4.70 4.70 4.73 9.43 4.74 4.74 4.85 2.13 2.14 2.14 4.91 4.92 4.34 4.36 4.31 4.32 7.89 7.91 4.33 4.35 4.37 5.27 5.25 5.28 5.31 5.34
2.23 2.23 5.05 2.23 5.50 5.02 5.02 5.03 4.93 4.93 4.93 4.93 4.85 4.85 4.85 4.86 4.88 4.88 4.89 4.89 4.92 4.92 4.92 4.92 4.89 4.89 4.89 4.89 4.83 4.83 4.83 4.83 4.76 4.75 4.75 4.75 4.70 4.70 4.70 4.69 4.72 4.71 4.71 4.71 4.80 4.80 4.79 4.79 4.90 4.90 4.89 4.89 24.41 4.85 4.85 4.85 4.75 4.75 4.75 4.75 14.65 4.78 4.79 4.79 4.91 4.91 2.16 2.17 4.96 4.97 7.96 4.40 4.35 4.37 4.38 4.40 4.38 8.00 4.41 4.43 5.30 5.33 5.35 5.38
5.58 5.11 5.12 5.12 10.22 5.09 5.09 5.09 4.99 4.99 4.99 5.00 4.91 4.91 4.91 4.92 4.94 19.71 4.94 4.95 4.98 9.99 4.98 4.98 4.95 4.95 4.95 4.94 4.89 9.80 9.80 4.88 4.81 4.81 4.80 4.80 4.75 14.65 4.75 4.74 4.77 9.54 4.76 4.76 4.85 4.85 4.84 4.84 4.95 4.95 4.94 9.87 15.12 15.08 4.90 4.90 4.80 4.80 4.80 4.80 4.83 4.83 4.84 4.84 4.96 4.96 2.19 2.20 5.01 5.03 4.43 4.44 4.39 4.41 4.42 4.44 4.42 4.44 8.09 4.47 5.35 5.37 5.40 5.43
5.18 5.18 5.18 5.18 5.15 10.30 5.15 5.15 5.05 5.05 5.06 5.06 4.97 4.97 4.97 4.98 5.00 5.00 5.00 5.00 5.03 5.03 5.03 5.03 5.00 5.00 5.00 5.00 4.94 4.94 4.94 4.94 4.86 14.85 4.86 4.85 4.80 4.80 4.80 4.79 14.79 9.63 4.81 4.81 4.90 4.90 4.89 4.89 5.00 5.00 5.00 4.99 4.95 4.95 4.95 4.95 4.85 4.85 4.85 4.85 4.88 4.88 4.89 4.89 5.01 5.01 2.22 2.22 9.88 4.46 4.47 4.48 4.43 4.45 4.46 4.48 4.46 4.47 4.49 4.58 4.57 5.42 5.44 5.47
5.21 5.21 5.21 5.21 5.18 5.19 5.19 5.19 5.10 5.11 5.11 5.11 5.02 5.02 5.02 5.03 10.11 10.12 5.04 5.04 5.08 5.08 5.08 10.19 5.03 5.03 5.03 5.03 4.97 4.96 4.96 4.96 4.88 4.87 4.87 4.87 4.81 4.81 4.80 4.80 4.86 4.85 4.85 4.85 4.97 4.97 4.96 9.90 5.05 5.04 5.04 5.04 4.98 4.97 9.93 4.97 4.86 4.86 4.87 4.87 4.94 4.94 4.95 4.95 5.10 5.11 2.27 2.27 7.94 8.35 4.61 4.62 4.48 4.50 4.58 4.60 4.48 4.56 4.58 4.60 8.35 9.75 5.49 13.60
6.13 6.13 6.13 6.13 5.25 5.25 5.25 5.25 10.28 5.17 5.17 5.17 5.08 5.08 5.08 5.08 5.10 5.10 5.10 5.10 5.13 5.13 5.13 5.13 10.22 5.09 5.09 5.08 5.02 5.02 5.01 5.01 4.93 4.92 4.92 4.92 4.86 4.86 4.85 4.85 9.83 4.90 4.90 4.89 5.02 5.01 5.01 5.00 5.10 5.09 5.09 5.09 5.02 5.02 5.02 5.02 4.91 4.91 4.91 4.91 4.98 4.99 4.99 5.00 5.15 5.15 2.30 2.30 5.19 4.64 4.65 8.40 8.34 4.61 4.62 4.64 4.59 4.60 4.62 4.64 4.64 5.50 5.53 5.55
6.20 6.20 6.20 6.19 6.17 6.17 6.17 6.17 5.22 5.22 5.22 10.38 5.13 5.13 5.14 5.14 5.15 5.15 5.15 5.15 5.19 15.97 5.19 5.19 5.14 5.14 5.14 5.14 5.07 10.16 10.16 5.06 4.97 9.97 4.97 9.95 4.91 4.90 4.90 4.89 4.95 4.95 4.94 4.94 5.06 5.06 5.05 5.05 5.14 5.14 5.13 5.13 5.07 5.07 5.07 5.06 4.95 4.95 4.96 4.96 5.03 5.03 5.04 5.04 5.19 5.20 2.32 4.98 4.67 4.68 4.69 4.70 4.63 4.64 4.66 4.67 4.62 4.64 4.65 4.67 4.67 4.69 5.56 5.59
6.48 11.65 6.48 6.48 6.23 6.23 6.23 6.23 6.13 6.13 11.29 10.50 5.19 5.19 5.19 5.19 16.03 5.20 5.20 5.20 5.24 5.24 10.48 5.24 10.39 5.19 5.19 5.19 5.12 10.21 5.11 5.11 5.02 5.02 5.01 5.01 4.95 4.95 4.94 4.94 5.00 4.99 4.99 4.98 5.11 5.10 5.10 5.09 5.19 5.18 5.18 5.18 10.25 10.22 5.11 5.11 5.00 5.00 5.00 5.00 5.07 5.07 5.08 5.08 5.23 5.24 5.25 5.26 4.70 4.72 4.73 4.74 4.66 4.68 4.69 4.71 4.66 4.67 4.69 4.71 4.71 4.72 5.60 5.62
6.48 6.48 6.48 6.47 6.48 6.48 11.65 6.48 6.19 6.19 6.19 6.19 5.24 5.24 5.24 5.24 11.18 5.23 5.23 5.23 5.24 5.24 5.23 20.90 5.19 5.19 5.19 5.19 5.09 10.21 5.08 5.08 4.99 15.48 4.99 4.98 10.13 5.05 5.04 5.04 5.15 5.15 5.14 5.14 5.21 5.21 5.20 5.20 5.24 5.24 5.23 5.23 5.15 5.15 5.14 5.14 5.04 5.04 5.04 5.04 5.17 5.18 5.18 5.19 6.19 6.19 6.20 6.22 4.77 8.65 4.79 4.80 4.73 4.74 4.76 4.77 4.71 4.72 4.74 4.76 4.74 4.75 4.77 5.65
6.54 6.54 6.54 6.54 6.55 6.54 6.54 23.66 18.11 6.25 6.25 6.25 11.26 6.14 6.14 6.14 6.13 6.13 11.23 6.13 6.14 6.13 6.13 11.28 10.48 5.24 5.23 5.23 5.13 5.13 5.13 5.12 5.04 5.03 10.07 5.02 5.09 5.09 5.08 5.08 5.20 5.19 5.18 5.18 5.26 5.25 5.25 5.24 6.14 6.13 6.13 6.13 5.19 5.19 5.19 10.28 5.08 5.08 5.08 5.08 5.21 5.22 5.22 10.49 6.23 6.24 6.47 8.71 4.80 4.81 8.71 8.67 16.55 8.65 4.79 4.80 4.74 4.75 4.77 4.79 4.77 4.78 4.80 5.68
11.94 6.60 6.60 6.60 6.60 6.60 6.60 6.60 6.52 6.52 6.52 6.52 6.19 6.19 6.19 6.19 11.38 6.18 6.18 6.18 6.18 6.18 6.18 6.18 6.13 10.53 11.22 6.12 5.17 5.17 5.16 5.16 5.07 5.07 5.06 5.06 5.13 5.13 5.12 5.12 5.23 5.23 5.22 5.22 6.16 6.15 6.14 6.14 6.19 6.18 6.17 11.32 5.23 5.23 10.46 5.22 5.12 5.12 5.12 5.12 5.25 5.26 5.26 5.27 6.49 6.50 6.51 4.83 4.83 4.84 4.85 4.87 4.79 4.80 8.71 16.62 8.64 4.78 4.80 4.81 4.79 4.80 4.82 5.71
6.66 6.66 6.66 11.95 6.66 6.66 6.66 6.65 6.58 6.57 6.57 6.57 6.24 6.24 6.24 6.24 6.23 6.23 11.43 6.22 6.23 6.23 11.41 6.22 6.17 6.17 6.17 10.54 5.21 5.20 5.20 5.20 5.11 5.10 5.10 5.10 5.17 5.16 5.16 5.15 6.12 5.27 5.26 5.26 6.20 6.19 6.19 6.18 6.23 6.22 6.22 6.22 5.27 10.53 5.26 5.26 15.79 5.15 5.15 5.15 6.15 6.15 6.16 6.16 6.54 6.55 6.56 4.87 4.87 4.88 4.88 4.90 4.82 8.75 4.84 8.80 4.79 8.69 4.82 8.72 4.81 8.73 4.84 4.86
6.62 6.62 6.61 6.61 6.62 6.62 6.61 6.61 6.57 6.57 6.57 6.56 6.49 6.49 6.49 6.49 6.23 6.23 6.23 11.42 6.22 6.21 11.58 6.21 11.35 6.17 11.30 6.16 10.37 5.18 5.18 5.18 5.20 5.20 5.19 5.19 6.23 6.22 6.21 6.21 6.54 6.54 6.53 6.52 6.57 6.56 6.55 6.55 6.52 6.52 6.51 6.51 5.26 5.25 5.25 5.25 5.21 5.21 5.21 5.21 6.49 6.49 6.50 6.51 6.61 6.62 9.40 13.43 8.87 4.89 4.90 4.91 4.82 4.84 4.85 4.86 4.80 8.73 8.75 4.84 4.81 4.83 4.84 8.28
6.67 12.06 6.66 6.66 6.67 6.67 6.66 6.66 6.62 6.62 6.62 11.95 11.77 6.54 6.54 6.54 6.49 6.49 6.49 11.65 6.48 6.47 6.47 11.62 6.21 6.21 6.20 6.20 5.22 5.22 5.21 5.21 5.23 5.23 5.22 5.22 6.48 6.47 6.47 6.46 6.58 6.57 6.57 6.56 6.61 6.60 6.60 6.59 6.56 6.56 17.81 6.55 6.15 6.14 6.14 6.14 5.24 5.24 5.24 5.24 6.53 6.54 6.54 6.55 6.65 12.00 4.94 4.95 4.91 4.92 13.47 4.94 4.85 4.86 4.87 4.88 4.83 4.84 8.79 4.86 4.83 4.85 4.86 8.83
6.72 6.72 6.72 6.71 12.15 6.72 6.71 6.71 6.67 6.67 6.66 6.66 6.59 11.81 6.58 6.58 6.54 6.53 6.53 6.53 6.52 6.51 6.51 6.50 18.68 6.25 6.24 6.24 10.52 5.25 5.25 5.24 6.12 5.26 5.26 5.25 10.71 11.75 6.51 6.50 11.85 6.61 6.61 6.60 6.64 6.64 6.63 11.91 19.00 11.90 11.89 6.59 6.18 6.18 6.18 6.18 6.13 6.13 6.13 6.13 6.57 6.57 6.58 6.59 6.69 6.70 13.58 4.98 4.94 4.95 4.96 4.97 4.88 4.89 4.90 4.91 4.85 4.86 4.87 4.88 4.85 4.86 4.87 4.88
6.77 6.77 6.76 6.76 6.77 6.76 6.76 6.75 6.72 6.71 6.71 6.70 6.63 11.93 6.62 6.62 6.58 6.57 6.57 6.57 6.56 3.98 6.55 6.55 6.51 6.50 6.50 6.50 11.27 6.14 6.14 6.13 6.16 9.52 6.15 6.14 6.56 6.55 6.54 6.54 6.65 6.65 6.64 6.64 6.68 6.67 6.67 6.66 6.64 6.63 6.63 6.62 6.22 6.21 6.21 6.21 6.16 6.16 6.16 6.17 6.61 6.61 6.62 6.62 6.73 4.99 5.00 5.01 4.97 4.97 4.98 4.99 8.86 4.91 4.92 8.88 4.87 4.88 4.89 4.90 4.87 4.88 4.89 4.90
6.73 6.72 6.72 6.71 6.69 6.69 6.68 6.68 6.68 12.07 6.67 12.06 6.63 6.63 6.63 6.62 6.57 6.56 6.56 6.55 6.54 4.01 6.53 6.53 6.51 11.74 6.50 6.50 6.23 6.23 6.22 6.61 3.98 6.52 6.51 6.51 6.68 6.67 6.67 6.66 6.75 6.75 6.74 6.73 12.14 6.73 12.12 6.72 11.85 6.57 6.56 6.56 6.17 6.17 6.17 6.17 6.52 6.52 6.52 6.52 6.73 6.73 6.73 6.74 6.73 4.99 9.06 5.00 4.92 4.92 4.93 4.94 4.88 4.89 8.87 4.90 4.88 4.89 4.90 4.91 4.86 4.87 4.88 4.89
6.77 6.77 6.76 6.76 6.74 6.73 6.73 18.32 6.73 6.72 6.72 6.71 6.67 6.67 6.67 6.66 6.61 4.05 4.04 3.37 3.37 4.04 6.58 6.57 6.55 6.55 6.55 6.54 6.49 6.49 12.72 3.50 4.01 6.56 6.56 6.55 6.72 6.72 6.71 6.70 6.79 6.78 12.20 12.24 6.77 6.76 6.76 6.75 6.60 6.60 6.59 6.59 6.20 6.20 11.37 6.20 6.55 6.55 6.55 6.55 6.76 6.76 6.77 6.77 6.76 18.96 5.02 5.03 4.94 4.95 4.95 4.96 4.90 4.91 8.91 8.88 4.89 8.86 8.88 13.33 8.83 4.88 4.89 4.90
6.82 6.81 6.81 6.80 6.78 12.25 6.77 12.23 6.77 6.76 6.76 12.21 12.13 6.71 12.11 20.07 4.08 4.07 3.39 3.39 10.25 11.95 6.62 6.61 6.60 6.59 10.29 6.59 6.53 6.53 11.77 4.12 6.61 6.61 6.60 6.59 24.22 6.76 6.75 12.18 12.36 6.82 6.81 6.80 6.80 6.80 6.79 6.78 6.63 6.63 6.62 6.62 6.23 6.23 6.23 6.22 6.58 6.58 6.58 6.59 6.79 6.79 19.54 12.25 5.03 5.04 9.16 5.05 4.96 4.97 9.03 4.98 4.92 4.93 4.93 4.94 4.91 4.92 4.92 4.93 4.89 8.87 4.90 4.90
6.86 6.85 6.85 6.84 6.82 6.81 6.81 6.80 6.81 6.80 6.80 6.79 6.75 6.75 6.74 10.05 4.10 2.29 2.29 6.95 9.41 6.66 6.66 6.66 17.66 8.47 2.28 2.28 3.40 6.57 6.57 6.56 6.65 6.65 6.64 12.03 6.81 6.80 6.79 6.78 6.87 6.86 6.85 6.84 6.84 6.83 12.30 6.81 6.66 6.65 6.65 6.65 6.47 11.70 6.47 6.47 6.61 6.61 6.61 12.01 12.24 12.31 12.33 6.83 5.05 5.06 5.06 5.07 4.98 9.02 4.99 5.00 4.94 4.94 4.95 4.95 4.92 4.93 4.93 4.94 4.89 4.90 4.90 4.91
6.88 6.87 6.87 6.86 6.82 6.81 6.80 6.80 6.79 6.79 6.78 6.78 6.75 4.14 4.14 3.45 4.13 3.20 2.30 2.30 3.44 6.70 6.70 9.28 6.72 2.30 2.30 2.30 3.43 3.59 3.42 4.10 6.76 6.75 6.74 6.73 6.86 6.85 6.84 6.83 6.90 12.53 6.88 6.87 6.80 6.79 6.78 6.78 6.57 6.56 6.56 6.55 6.55 6.55 6.55 6.55 6.74 6.74 6.75 6.75 6.83 6.83 6.84 6.84 5.01 5.02 5.02 5.03 4.96 4.96 4.97 4.97 4.95 4.95 4.96 4.96 4.92 4.92 4.93 4.93 8.77 4.85 4.85 4.85
6.91 6.91 6.90 6.90 6.85 6.84 6.84 6.83 6.83 6.82 6.82 6.81 4.17 4.16 3.47 3.47 3.47 6.13 2.32 6.07 2.32 2.32 3.23 6.73 3.40 3.24 2.32 2.31 3.45 3.61 3.45 4.13 6.80 6.79 6.78 6.77 6.90 6.89 6.88 12.44 6.94 6.93 6.92 6.90 6.84 6.82 6.81 6.80 6.60 6.59 6.58 6.58 6.58 6.58 6.57 6.57 6.77 6.77 6.77 6.77 6.85 6.85 6.86 13.17 9.12 5.03 5.04 5.04 4.97 4.98 4.98 4.99 4.96 4.97 4.97 4.97 4.93 4.93 4.94 4.94 8.78 4.85 4.85 4.85
6.95 6.94 6.94 6.93 6.88 6.88 6.87 6.87 6.86 6.85 6.85 6.84 3.50 5.67 3.73 2.34 2.34 6.10 6.10 2.09 2.34 2.34 3.25 2.34 2.34 2.33 2.33 2.33 2.33 3.47 3.47 4.15 4.15 6.83 6.82 6.81 6.94 6.93 6.91 6.90 6.98 6.96 6.95 6.94 6.87 6.86 12.36 6.83 6.62 11.93 11.89 6.60 6.60 6.60 6.60 6.60 6.79 6.79 6.79 6.79 6.87 6.88 6.88 14.73 5.05 5.05 5.06 5.06 4.99 4.99 5.00 5.00 4.97 4.98 4.98 4.98 4.94 4.94 4.94 4.94 4.85 4.85 4.85 4.85
3.56 3.73 6.97 6.96 6.92 6.91 6.90 6.90 6.89 6.88 6.88 18.63 3.52 7.12 3.45 2.62 3.40 2.35 2.61 2.35 2.32 3.27 2.62 2.35 2.35 2.35 2.35 2.35 2.35 2.34 3.49 4.18 4.17 6.86 6.85 6.85 6.97 6.96 6.95 6.94 7.01 7.00 6.98 6.97 6.90 6.89 6.87 6.86 6.65 6.64 6.63 6.63 6.63 6.62 6.62 6.62 6.81 6.81 6.81 6.81 6.89 6.90 10.54 5.12 5.06 5.07 9.19 5.08 5.00 5.01 9.07 5.01 4.99 4.99 4.99 4.99 4.95 4.95 4.95 4.95 4.85 4.85 4.85 4.85
4.29 3.74 7.02 3.57 6.99 3.56 6.98 8.72 3.55 6.93 6.93 3.54 3.53 7.14 5.02 2.63 3.06 2.63 2.63 2.37 2.37 2.37 2.37 2.37 2.37 2.37 2.37 2.12 2.62 2.62 2.62 4.20 6.98 6.97 6.96 6.95 7.03 7.02 7.01 6.99 6.95 6.94 6.93 6.91 6.75 12.16 6.73 6.71 12.01 6.64 6.64 6.63 6.78 6.78 6.77 6.77 6.84 6.84 6.84 6.84 19.63 12.29 5.04 5.05 5.00 5.00 5.01 5.01 9.09 6.90 5.03 5.03 5.01 9.06 5.01 5.01 4.94 4.94 4.94 4.94 4.79 4.79 4.78 12.99
7.06 3.59 7.04 3.59 7.02 7.01 3.57 3.57 6.96 6.96 6.95 3.55 3.55 3.55 3.07 6.19 3.07 2.64 2.38 2.38 2.38 2.38 2.38 2.38 2.38 2.38 2.13 2.13 2.13 3.37 3.37 6.96 7.01 7.00 6.99 6.98 7.06 7.05 7.04 7.02 12.68 6.97 6.95 6.94 6.78 6.77 6.75 6.74 6.68 6.67 6.66 6.65 6.80 6.80 6.79 6.79 6.86 6.86 12.39 12.37 12.32 6.82 5.06 5.06 5.01 5.01 5.02 5.02 5.03 5.03 5.04 9.11 5.02 5.02 5.02 5.02 4.95 12.72 8.94 4.94 4.79 8.66 4.78 4.77
7.08 3.61 3.60 3.60 7.04 7.04 3.59 3.58 3.58 6.98 6.19 2.40 3.36 2.39 2.39 3.50 2.39 2.39 2.39 2.66 2.39 2.40 2.40 2.15 2.14 2.14 2.14 2.14 3.39 5.05 3.38 6.99 7.04 7.03 7.02 7.01 7.09 7.08 7.06 7.05 7.01 7.00 6.98 6.97 6.81 6.79 6.78 6.76 6.70 6.69 6.68 6.67 6.82 6.82 6.81 6.81 12.35 6.88 6.88 6.88 6.83 6.84 5.07 5.07 5.02 5.02 5.03 5.03 5.04 5.04 5.05 5.05 5.03 5.03 5.02 5.02 4.95 8.96 8.95 4.93 4.79 4.78 4.77 4.76
8.29 2.48 2.48 3.61 7.06 10.54 4.30 15.57 12.74 3.39 3.72 2.67 2.40 3.41 2.67 5.42 3.67 2.40 2.40 2.67 3.48 2.67 3.45 2.16 2.16 2.16 2.15 2.67 2.67 3.40 7.02 7.02 7.07 7.06 7.05 7.04 7.11 7.10 4.41 7.08 7.04 7.02 7.01 6.99 6.83 6.82 6.80 6.78 6.72 6.71 6.70 6.69 6.84 6.83 6.83 6.83 6.90 6.89 6.89 6.89 6.85 5.08 5.08 5.08 5.03 5.03 5.04 5.04 5.05 22.06 9.14 5.05 5.03 5.03 5.03 5.03 4.95 4.94 4.94 4.93 8.61 4.77 4.77 4.75
5.82 3.46 3.46 3.45 4.14 4.14 4.32 3.60 7.04 7.04 3.40 2.41 2.41 2.68 2.68 3.68 3.54 3.54 2.41 2.68 2.68 3.42 2.17 2.17 2.17 2.16 2.16 2.68 5.01 5.02 7.08 7.08 7.09 7.08 7.07 7.05 12.82 7.03 7.02 4.39 6.90 6.88 6.87 6.85 4.48 2.32 3.45 6.74 6.80 6.79 6.77 6.76 12.23 6.79 6.78 6.78 6.76 6.75 6.75 6.75 6.71 4.97 4.97 4.98 4.97 4.98 4.98 4.98 9.11 5.03 5.03 5.03 9.09 9.08 5.01 5.01 4.91 4.90 4.89 4.88 4.74 4.73 4.72 4.71
3.47 3.47 3.47 3.46 3.46 3.46 3.46 3.00 1.67 3.43 7.05 3.41 2.42 2.69 2.69 2.69 2.69 2.42 2.42 2.69 2.69 2.70 3.43 2.18 2.17 2.17 2.69 2.42 2.69 2.42 9.06 3.59 3.45 7.10 7.09 7.08 7.07 7.05 7.16 4.40 6.92 6.90 3.32 2.34 2.34 2.33 3.47 6.75 6.82 6.80 6.79 6.78 6.80 6.80 6.79 6.79 6.77 6.77 6.77 6.76 9.02 4.98 4.98 9.03 4.98 4.98 4.99 4.99 5.03 5.03 5.03 5.03 5.02 5.01 5.01 5.01 4.90 4.90 4.89 4.88 4.73 4.72 8.50 4.69
