Sensitivity_testing/Temp_OutSpace/SUM_of_RECHARGE.asc
NCOLS        700
NROWS        400
XLLCORNER     515000.000
YLLCORNER    8409000.000
CELLSIZE         50.000
NODATA_VALUE     -9999.    
[rows 168 to 195 of 400, columns 315 to 377 of 700]
103.1 101.9 102.2 102.5 102.8 102.7 103.0 103.2 103.4 154.2 127.5 127.8 104.9 105.3 105.4 105.5 105.5 105.7 105.9 105.9 105.9 104.3 104.3 104.2 104.2 103.1 103.1 114.8 103.2 103.0 102.9 102.9 102.8 103.9 103.7 111.8 111.6 111.9 112.4 112.0 111.6 111.5 111.5 111.0 119.5 109.9 109.3 108.6 107.9 107.2 107.1 106.2 105.2 104.6 103.5 103.7 102.4 101.1 99.91 98.54 97.16 71.08 105.6
103.7 102.6 102.8 103.0 103.3 103.2 103.4 103.7 103.9 104.9 105.0 128.4 105.3 105.7 105.8 105.8 105.8 106.0 115.7 106.2 115.3 104.5 104.5 104.4 104.4 103.3 103.2 103.2 102.9 103.0 103.0 102.9 102.8 104.0 103.8 111.9 111.6 112.0 111.7 112.1 111.7 112.0 111.6 111.1 110.6 110.0 109.4 108.8 108.0 107.3 107.1 106.3 105.3 104.7 103.6 103.8 102.5 101.1 99.98 98.58 97.18 108.9 95.10
104.3 103.1 103.4 103.7 104.0 103.7 103.9 104.1 104.3 105.1 105.3 105.4 105.1 106.0 106.1 106.1 106.2 106.3 106.3 106.3 106.2 104.7 104.7 104.6 104.6 103.4 103.4 103.3 103.0 103.1 103.1 103.0 102.9 104.0 112.2 112.0 111.7 112.1 111.7 112.1 112.2 112.1 111.6 111.1 110.6 110.1 109.5 108.9 67.66 126.8 107.2 106.4 105.4 104.8 103.7 103.8 102.6 101.2 100.0 98.60 105.2 108.8 108.6
113.8 103.7 104.0 104.2 123.2 119.5 104.4 104.6 104.7 105.6 105.3 105.4 129.9 105.7 106.4 106.5 106.5 106.6 106.6 106.5 106.5 105.0 104.9 104.9 104.8 103.6 103.5 103.2 103.1 103.2 103.1 103.0 102.9 104.0 112.3 112.0 112.2 112.1 122.7 122.1 132.6 111.7 111.6 111.2 110.7 110.1 109.5 108.9 67.61 67.49 107.3 106.5 105.4 104.6 103.7 103.9 102.6 101.2 99.97 121.5 109.2 95.41 106.8
105.1 104.8 105.0 105.1 114.4 104.2 113.5 104.6 104.7 113.9 105.1 114.1 114.7 105.9 105.9 105.9 105.9 105.9 105.8 105.8 105.7 104.2 104.2 104.1 104.0 104.2 104.1 104.0 103.9 105.0 104.9 104.8 104.7 104.4 112.6 112.4 130.8 122.0 111.3 111.7 120.6 111.8 111.4 120.1 110.4 110.5 109.9 109.3 67.48 67.36 111.3 140.1 138.7 133.4 104.5 103.3 103.4 102.0 100.8 109.5 111.7 96.28 94.90
105.7 105.3 114.9 105.3 105.5 104.7 104.9 105.1 105.2 105.3 105.4 105.1 105.2 106.1 106.1 106.1 106.1 106.1 106.1 106.0 106.0 104.5 104.4 104.3 104.2 104.4 104.3 104.2 104.0 105.1 104.9 104.8 104.7 104.4 112.6 123.3 112.6 111.6 111.3 111.6 111.2 111.7 111.3 110.8 110.3 119.5 119.0 109.1 67.31 67.19 98.78 133.7 188.2 133.2 132.8 134.2 130.1 101.8 100.7 103.3 109.1 116.2 94.90
106.2 105.3 105.5 105.7 105.9 105.2 105.3 105.1 105.2 105.3 105.4 105.4 105.4 106.4 106.4 106.4 106.4 106.2 106.3 106.2 106.2 104.7 104.6 104.5 104.4 104.6 104.4 104.3 104.1 105.1 105.0 104.8 104.6 112.7 148.2 112.7 122.8 111.5 111.2 111.5 111.1 111.5 111.1 110.6 119.3 110.1 109.5 118.1 108.2 107.9 111.6 106.8 173.7 224.3 132.3 129.9 129.9 127.9 100.5 181.2 177.5 174.9 115.5
106.0 105.7 105.9 106.1 115.7 105.2 105.4 105.4 105.5 105.6 105.7 105.7 105.7 106.7 106.7 106.6 106.6 106.4 106.4 106.5 106.4 104.9 104.8 104.7 104.6 104.7 104.6 104.4 104.2 105.2 105.0 104.8 104.6 113.1 122.8 112.6 112.3 127.1 111.0 110.6 110.9 111.3 110.8 119.5 109.8 109.9 109.2 108.6 107.9 107.6 116.5 115.1 119.6 93.73 97.36 138.9 129.6 92.11 91.84 27.33 179.4 97.27 90.47
106.5 105.7 105.9 106.2 106.3 104.9 105.0 105.1 105.2 105.2 105.2 105.2 105.2 106.3 106.3 106.3 106.4 106.4 106.3 106.3 106.2 106.1 106.0 110.9 110.7 106.0 105.9 105.7 105.5 104.9 104.7 104.4 104.2 111.5 111.2 110.9 110.6 120.5 110.0 110.2 110.1 110.7 110.2 109.6 109.1 109.1 108.5 107.8 107.8 107.1 106.8 106.1 105.1 124.6 115.6 96.88 209.2 134.5 108.7 125.7 153.5 94.87 94.40
106.2 106.2 106.4 106.5 106.7 105.2 105.3 105.4 105.4 105.5 105.5 105.5 105.4 106.5 106.5 106.5 116.4 106.4 106.5 106.5 106.4 106.2 106.1 106.0 110.8 110.6 106.0 105.8 105.6 104.9 104.7 134.6 122.9 121.6 121.3 110.8 110.4 110.1 109.7 110.0 109.9 110.4 109.9 118.5 108.7 108.8 108.1 107.5 107.4 107.3 106.5 105.8 105.0 108.5 134.7 95.64 107.6 141.2 138.5 122.5 184.3 94.80 94.33
106.6 116.5 106.7 106.2 106.3 115.1 105.6 105.6 105.7 105.7 105.7 105.7 105.6 106.7 106.7 106.6 106.6 106.6 106.5 106.6 106.5 106.4 106.2 106.1 105.9 106.2 106.0 110.1 109.9 127.6 104.7 104.4 113.0 111.3 110.9 110.6 110.3 109.9 109.5 109.8 109.6 110.2 109.6 109.0 108.4 108.4 107.8 107.1 107.0 107.0 106.2 105.6 104.6 104.2 107.1 110.7 166.5 116.7 103.8 114.6 125.1 98.71 94.25
106.9 106.8 106.3 106.5 106.6 105.7 105.8 105.8 105.9 105.9 148.6 105.8 105.8 106.9 106.8 106.8 106.7 106.8 106.7 106.6 106.6 106.5 106.3 106.2 110.9 110.7 110.4 110.1 109.8 109.5 109.7 104.3 112.9 111.2 110.8 110.5 110.1 109.7 109.3 109.6 109.4 109.9 109.3 108.7 108.1 108.1 107.4 107.3 106.6 106.6 105.9 105.2 104.3 103.8 102.8 103.2 102.1 100.7 99.62 98.40 97.15 103.5 109.7
105.5 114.8 105.3 105.4 115.1 115.1 105.5 148.0 148.1 149.5 149.5 106.3 106.3 106.5 106.5 106.6 106.5 106.7 116.6 106.7 106.6 106.4 111.4 111.2 110.9 110.7 125.6 110.1 109.7 109.4 109.5 118.1 118.9 117.1 110.0 109.6 109.2 110.3 109.9 109.4 109.9 109.7 109.1 108.5 107.8 107.5 106.8 115.2 115.0 106.0 105.3 104.4 103.5 102.6 110.1 102.1 101.0 99.44 98.29 97.08 95.98 94.44 105.1
105.8 105.4 105.5 105.6 105.6 105.6 105.6 148.3 105.7 149.7 112.8 106.4 106.4 106.6 106.6 106.5 150.0 106.8 106.7 106.8 111.8 111.6 111.4 111.2 110.9 110.6 110.3 110.0 124.7 109.2 109.4 151.1 117.4 134.3 109.9 109.5 109.0 110.1 109.6 109.1 109.7 109.4 108.8 108.2 107.5 107.1 107.0 114.7 105.8 105.8 104.9 104.0 117.2 117.5 102.8 101.7 100.8 99.13 97.99 96.80 95.72 94.19 94.05
106.0 105.6 105.7 105.8 115.5 105.8 105.8 105.8 105.8 106.4 106.6 106.5 106.5 106.7 106.7 106.6 150.1 106.9 106.8 112.0 127.3 111.6 111.4 111.1 110.8 110.5 110.2 109.8 109.5 109.1 109.2 117.7 110.0 110.1 109.7 109.3 108.8 109.9 109.4 108.9 109.4 109.2 108.5 107.9 107.2 106.8 106.9 106.2 105.5 105.3 104.5 112.4 102.7 116.8 102.4 108.9 100.5 98.80 97.68 111.7 95.43 93.92 93.79
106.1 105.8 105.8 105.9 106.0 105.9 105.9 105.9 105.9 106.5 106.5 106.6 106.5 106.8 106.7 112.6 150.2 106.9 106.8 112.0 111.8 111.5 111.3 111.0 110.7 110.4 110.0 109.7 124.4 108.9 109.0 117.4 109.8 109.9 109.5 109.1 108.6 109.7 109.1 108.6 109.1 108.9 108.2 107.5 107.0 106.6 106.5 105.8 105.1 104.9 104.1 103.2 103.6 102.8 102.0 101.0 100.1 98.47 97.34 104.1 95.12 93.62 93.50
105.3 105.8 105.9 106.0 106.0 107.1 107.1 107.1 107.1 107.0 107.6 107.5 107.5 116.8 106.8 150.5 150.4 112.3 112.1 111.9 111.7 111.4 111.2 110.9 125.8 110.2 109.8 109.5 109.1 108.7 117.6 110.3 120.2 110.8 110.4 109.9 109.4 109.9 109.3 108.8 109.3 108.7 125.9 116.3 115.7 115.2 134.9 105.4 104.7 103.9 103.1 110.8 109.8 108.9 100.7 99.75 98.71 105.5 96.26 95.11 93.94 93.52 98.85
105.4 105.9 106.0 106.0 106.1 107.2 107.2 107.1 107.1 107.0 107.6 107.5 107.5 106.9 116.8 106.7 106.8 112.2 112.0 111.7 111.5 111.3 111.0 110.7 125.5 110.0 109.6 109.2 108.8 143.0 151.3 150.6 150.0 112.5 110.1 109.7 109.2 109.6 109.0 108.8 108.9 108.3 107.6 107.1 106.4 106.5 134.3 133.3 104.3 103.5 102.6 103.1 102.2 101.2 100.3 99.34 98.31 96.85 95.88 94.74 93.59 93.18 93.02
105.5 106.0 106.1 106.1 106.1 107.2 107.2 107.2 107.1 107.0 107.6 107.5 107.4 106.8 106.8 106.7 106.7 112.0 111.8 111.6 111.3 111.1 110.8 110.4 110.1 109.8 109.4 109.0 142.8 142.8 150.9 150.3 149.6 110.3 111.9 109.4 108.9 109.3 108.7 108.5 108.6 107.9 107.5 106.7 106.6 114.2 105.3 132.7 131.5 130.3 103.5 102.6 101.7 100.8 99.91 98.91 97.91 96.45 95.50 94.37 93.23 92.91 92.69
105.6 106.1 106.1 106.1 106.1 107.2 107.2 107.1 107.1 107.6 117.6 107.4 107.3 106.7 106.8 106.7 106.6 111.8 111.6 111.3 111.1 110.8 110.5 110.2 109.8 109.4 109.0 108.6 142.4 151.1 150.5 149.9 149.2 150.5 109.5 109.0 108.5 108.9 108.3 108.1 108.2 107.7 107.0 106.3 106.2 113.7 112.9 112.9 140.5 139.2 130.2 102.1 101.5 100.3 99.44 98.45 97.46 96.14 95.07 93.96 93.91 92.53 92.32
107.0 107.1 107.1 107.1 107.1 107.7 107.6 107.6 107.5 107.3 106.5 107.0 106.9 107.2 107.1 107.0 106.8 111.5 111.3 111.1 110.8 110.5 110.2 109.8 109.5 109.1 108.7 108.3 142.8 111.4 111.0 110.5 110.1 110.2 109.8 112.8 108.7 108.4 108.2 108.3 107.9 107.2 106.5 106.4 105.6 105.1 104.4 131.2 164.2 109.9 102.5 101.6 101.0 99.95 99.00 98.03 97.03 95.88 94.82 93.72 93.69 92.46 92.23
106.9 107.0 107.0 107.0 107.0 107.6 107.5 107.5 107.4 107.1 117.9 106.8 106.7 107.0 106.9 106.8 106.8 106.0 111.0 110.7 110.4 110.1 109.8 109.4 109.1 108.7 108.3 107.9 108.0 111.0 110.6 110.2 109.7 109.8 109.4 108.8 108.3 108.0 107.8 108.0 107.4 106.7 106.7 105.9 105.1 104.6 112.8 111.9 102.3 110.1 101.9 108.3 108.0 99.43 98.49 97.53 96.54 95.39 94.34 93.26 93.23 92.92 91.79
116.9 117.7 117.7 107.6 107.5 107.5 107.4 107.3 107.2 107.6 107.5 106.7 106.6 106.9 106.8 106.7 106.6 105.8 105.6 110.4 110.1 109.7 109.4 109.0 108.6 108.3 107.9 108.0 116.0 110.7 110.2 109.8 109.3 109.5 109.0 108.4 107.9 107.8 108.2 107.6 106.9 106.3 106.2 105.4 104.6 104.2 103.4 102.6 103.1 102.3 101.4 100.6 100.0 106.8 97.97 97.01 110.5 118.5 117.1 115.6 115.4 114.5 99.78
106.8 117.5 107.5 107.4 107.4 107.3 107.3 107.8 107.7 107.4 107.3 107.2 107.0 106.7 106.6 106.4 116.2 105.5 105.3 105.1 104.9 103.3 124.1 108.5 108.2 107.8 107.4 107.5 115.4 110.3 109.8 109.3 108.9 109.0 108.5 107.9 107.9 107.6 107.7 107.0 106.4 106.4 105.6 104.9 104.2 103.7 102.8 103.3 102.5 101.7 100.9 100.3 99.48 98.34 97.43 96.46 95.60 94.34 116.4 132.4 114.7 117.8 111.5
107.0 107.2 117.9 107.8 107.7 107.5 107.4 107.3 107.8 106.6 107.1 106.9 106.8 106.9 106.7 106.6 106.5 117.6 106.0 105.8 105.6 103.7 103.5 103.2 107.7 107.3 107.4 106.9 114.8 110.3 109.8 109.4 108.9 109.2 108.6 108.1 107.8 107.6 107.6 107.0 106.3 105.7 105.6 104.9 104.2 103.4 102.6 103.1 102.2 101.2 100.4 99.90 99.01 97.75 96.83 95.99 103.1 93.92 92.90 93.00 92.87 112.4 101.9
106.9 107.7 107.6 107.6 107.5 107.3 107.8 107.7 107.6 107.7 106.8 106.6 106.5 106.5 106.4 106.4 107.0 105.9 105.7 105.4 105.2 103.3 103.1 102.8 102.5 102.0 101.6 101.2 114.0 109.8 109.3 108.9 108.4 108.6 108.1 107.9 107.5 107.7 107.1 106.4 105.7 105.8 105.0 104.2 103.6 102.8 103.3 102.4 101.6 100.7 100.1 99.28 98.40 97.14 96.35 95.38 94.41 93.34 92.34 92.45 92.32 91.63 117.8
106.8 117.2 107.4 107.3 107.2 107.7 107.6 117.5 107.3 107.3 107.2 107.0 107.0 107.0 128.8 106.7 106.5 105.4 105.2 116.5 104.8 102.9 102.6 102.3 102.0 101.5 101.1 109.3 108.8 109.3 108.8 108.4 108.0 108.1 107.9 107.5 107.6 107.1 106.5 105.8 105.7 105.1 104.4 103.7 103.0 102.1 102.6 101.8 101.0 100.0 99.50 98.64 97.76 96.50 95.71 94.76 93.79 92.74 92.88 92.77 92.16 91.67 102.5
106.6 107.2 107.1 107.1 117.0 107.4 107.2 107.1 117.1 107.2 107.0 106.8 106.6 106.6 106.5 125.9 106.1 105.0 116.4 104.5 104.3 102.4 102.1 101.8 101.5 101.3 129.8 108.9 108.5 108.7 108.3 108.0 107.4 107.7 107.4 106.9 107.0 106.5 105.8 105.8 105.1 104.4 103.8 103.1 102.3 110.4 102.0 101.1 100.4 99.68 98.83 97.97 97.11 95.98 95.06 94.11 93.16 92.10 92.27 92.60 91.60 91.06 89.95
