Sensitivity_testing/Temp_OutSpace/SUM_of_RECHARGE.asc
NCOLS        700
NROWS        400
XLLCORNER     515000.000
YLLCORNER    8409000.000
CELLSIZE         50.000
NODATA_VALUE     -9999.    
[rows 112 to 139 of 400, columns 441 to 503 of 700]
109.6 109.5 112.0 135.0 134.8 167.5 194.6 158.1 156.7 195.7 152.9 109.0 139.9 108.7 132.9 131.6 131.4 151.6 108.7 108.0 107.9 107.8 107.6 106.4 106.2 106.1 105.9 105.8 105.6 105.4 105.3 107.6 107.6 107.5 107.4 108.2 108.1 186.7 181.4 137.4 101.5 129.1 158.2 128.5 128.1 127.8 100.2 105.1 104.0 102.4 111.0 107.8 101.0 101.3 100.8 100.9 100.6 100.6 100.1 100.7 116.4 120.4 115.0
110.1 110.0 154.5 135.8 135.6 153.8 202.2 161.9 161.7 221.4 164.4 109.7 109.6 109.4 109.3 108.4 108.3 108.1 107.9 108.4 108.3 108.5 108.4 107.2 107.0 106.8 106.6 106.5 106.4 106.2 106.1 107.7 107.6 107.5 129.7 107.7 140.2 182.7 102.3 150.4 137.0 136.6 107.8 129.4 129.0 128.7 100.8 100.5 124.7 103.1 102.7 102.1 101.7 107.7 100.8 100.8 101.1 100.7 100.7 101.2 117.0 116.5 115.8
110.6 157.2 157.0 136.5 136.4 156.4 158.9 91.58 159.4 205.5 172.0 153.5 145.9 110.1 110.0 109.1 109.0 108.8 108.7 108.6 108.5 108.8 108.7 107.8 107.7 107.5 107.3 107.3 107.1 106.9 106.8 108.4 108.3 108.2 130.7 131.1 148.0 143.6 160.9 137.9 138.0 130.4 107.2 107.8 129.9 138.9 129.2 101.1 100.8 121.5 103.4 101.6 102.4 101.9 101.4 101.5 101.0 101.2 100.8 118.1 123.0 121.8 116.5
137.3 147.0 137.0 137.2 157.4 157.2 139.4 159.6 224.9 198.4 157.3 138.9 148.6 141.9 110.6 109.7 109.6 109.5 109.3 108.8 108.6 108.5 108.3 108.4 108.3 108.1 107.9 107.8 107.7 107.6 114.0 108.7 108.6 108.5 108.4 149.3 149.1 151.5 151.2 148.2 131.0 131.1 107.4 107.1 130.7 130.4 130.0 101.6 101.4 105.1 104.0 101.6 101.8 102.6 102.1 102.1 101.6 101.0 101.2 132.6 122.5 117.7 117.1
136.7 136.5 136.4 136.7 136.6 136.4 110.4 110.4 110.3 154.0 86.02 201.7 156.2 153.3 135.0 135.9 110.6 110.5 110.3 109.1 108.9 133.2 133.0 149.1 108.5 108.7 108.5 108.8 108.6 108.4 108.3 116.5 117.1 108.5 131.8 132.3 150.1 149.9 149.6 159.6 148.9 130.9 107.5 107.1 130.6 130.2 135.9 136.0 101.8 105.4 104.1 110.7 101.4 101.6 102.3 102.1 101.6 101.0 101.2 121.9 116.6 115.8 99.51
137.2 137.0 110.8 111.0 110.9 110.9 146.1 110.8 150.7 154.8 164.7 202.5 157.0 136.0 135.8 155.5 134.9 134.7 134.6 134.4 134.2 134.0 133.8 131.9 108.6 116.5 108.7 108.8 116.1 108.4 108.3 108.7 108.6 108.5 132.3 133.2 133.0 108.5 108.3 132.5 132.1 139.9 107.6 107.2 107.4 107.1 129.6 128.1 127.6 105.1 104.7 102.5 102.0 101.5 102.7 102.6 108.5 101.5 100.9 117.7 100.7 100.5 99.94
111.3 111.3 111.2 111.4 111.3 111.3 111.2 151.4 149.6 157.3 159.8 214.2 139.3 136.5 136.4 135.9 144.7 135.5 143.6 135.2 135.1 134.9 134.7 132.7 108.6 108.4 108.3 108.5 116.9 108.7 108.6 108.4 108.4 118.2 118.2 109.5 109.3 109.1 108.9 118.1 133.0 151.6 117.8 107.2 107.5 107.1 116.3 146.4 134.1 105.7 105.2 103.0 102.5 102.0 101.5 101.3 109.6 102.0 101.4 100.8 106.2 100.5 100.3
111.6 111.5 111.5 111.5 121.2 111.6 111.6 111.5 130.6 110.9 137.4 180.1 195.7 137.2 137.1 136.4 136.2 136.2 136.1 108.9 108.8 110.5 110.4 109.3 121.5 117.9 108.8 108.5 108.3 108.2 108.7 109.0 108.9 108.8 108.7 110.0 109.9 109.7 109.5 109.5 133.7 133.4 108.7 120.7 117.1 107.6 107.3 107.3 129.0 106.2 105.7 103.4 102.9 102.4 101.9 101.6 102.3 102.3 101.7 101.2 101.3 100.8 104.4
110.2 110.1 110.1 111.1 111.1 111.0 111.0 111.7 111.1 111.1 137.7 203.5 156.0 146.2 137.7 136.6 110.2 110.1 110.0 109.0 108.9 108.8 108.7 109.3 122.7 118.1 108.9 109.5 109.4 109.3 118.2 108.8 108.7 108.6 124.2 109.1 108.9 108.8 108.6 108.8 108.5 108.3 108.0 107.2 108.3 108.4 108.0 106.5 113.0 105.2 104.7 103.3 102.8 102.2 101.7 102.3 101.7 101.1 106.7 100.5 104.2 99.22 104.3
110.4 120.1 110.3 111.4 111.4 137.7 137.7 138.8 138.2 138.2 158.7 204.1 161.3 158.7 138.2 157.9 110.6 110.5 110.4 109.5 109.4 109.2 109.1 119.1 118.8 109.5 109.3 109.1 109.0 118.0 108.8 109.3 109.2 109.1 109.0 109.6 118.7 109.2 109.0 109.3 109.0 118.0 126.7 126.8 116.4 107.4 108.4 106.9 106.5 105.6 105.1 112.7 103.1 111.3 102.0 102.0 102.0 101.3 101.5 100.2 100.0 99.44 99.06
110.5 110.6 110.6 111.4 138.0 138.0 138.0 139.2 138.7 159.3 168.4 200.2 138.9 138.8 138.7 137.7 111.0 110.9 110.8 109.9 117.3 109.7 109.5 110.2 110.1 109.9 109.8 109.6 118.8 109.4 109.2 109.8 109.7 109.6 109.5 110.1 109.9 109.7 109.5 109.7 109.5 109.2 108.9 117.3 107.1 107.3 106.9 107.1 113.9 116.7 105.4 103.9 103.4 102.9 102.3 101.1 102.2 101.6 101.0 100.5 100.2 99.64 99.24
110.7 110.7 110.8 111.6 111.6 111.7 111.7 112.4 111.8 111.8 157.9 200.6 157.8 139.2 159.5 138.2 111.3 111.2 111.2 109.9 109.9 109.7 109.6 108.7 108.6 110.3 110.2 110.0 109.9 119.6 109.7 110.3 110.2 110.0 125.5 110.5 110.3 110.1 109.9 110.1 109.8 109.5 118.2 107.8 107.4 107.1 107.2 107.4 124.8 105.8 114.2 104.2 103.7 103.1 102.5 101.3 102.4 101.8 101.1 100.6 100.4 99.76 99.02
110.8 152.7 110.9 110.8 110.9 110.9 110.9 111.9 111.4 111.4 147.0 189.7 158.2 182.2 160.0 138.2 138.1 111.2 111.2 110.5 110.4 110.3 110.2 109.5 109.7 109.6 109.5 108.7 108.7 110.4 110.3 109.9 109.8 109.6 118.8 109.7 109.5 109.3 109.1 108.6 118.1 108.0 107.7 108.2 108.3 107.9 107.5 106.6 106.8 105.2 104.7 104.0 103.5 102.9 102.3 101.7 102.3 102.1 101.5 101.0 101.1 100.5 100.2
110.9 110.9 111.0 111.0 111.0 111.0 111.1 112.1 111.6 111.6 111.6 147.3 190.0 158.6 158.6 138.5 138.5 111.5 111.4 110.7 110.6 110.5 110.4 109.8 117.5 109.7 109.6 109.1 109.0 108.9 110.6 110.2 110.1 110.0 109.8 110.0 109.8 109.6 130.4 108.9 118.4 108.3 108.0 108.0 108.1 108.1 107.7 106.8 124.4 105.4 104.9 104.2 103.6 103.0 102.4 101.7 102.3 102.2 101.5 101.0 101.1 100.5 100.2
137.1 111.0 111.1 111.0 111.1 111.2 111.2 112.2 111.6 111.7 111.8 120.4 194.1 152.6 160.7 138.8 138.8 138.7 111.7 111.0 110.9 110.8 118.4 110.1 110.0 109.9 109.9 109.4 109.3 109.2 109.1 110.5 110.4 110.3 110.1 110.3 110.1 109.9 118.9 118.4 117.9 108.5 108.2 108.2 107.9 108.3 107.9 106.9 106.5 105.6 105.0 104.3 103.7 103.1 102.5 101.8 102.3 102.3 101.6 101.0 101.1 100.4 100.1
137.2 159.2 111.1 111.1 111.2 111.2 111.3 112.3 130.4 111.7 111.7 111.8 111.8 111.8 172.4 161.0 148.2 139.0 138.9 111.2 111.1 111.0 111.0 110.4 110.3 110.2 110.1 109.4 109.6 109.5 109.4 117.7 117.5 110.5 110.4 110.5 110.3 110.1 109.9 109.4 117.9 108.7 108.4 107.8 108.0 108.1 108.0 107.0 106.6 105.7 105.1 104.4 103.8 103.1 102.5 101.8 102.3 102.3 101.5 101.0 101.0 100.8 100.0
148.5 134.8 111.5 110.4 110.4 140.6 110.6 111.2 110.5 110.6 110.6 111.9 111.9 139.2 172.6 139.4 139.3 148.4 139.2 159.6 119.8 111.7 134.4 137.6 137.5 137.4 110.8 109.8 109.7 109.6 109.8 110.5 117.4 110.2 110.1 109.5 109.3 109.0 108.8 108.5 108.1 107.8 107.4 107.5 107.1 107.2 108.2 108.0 107.5 106.3 106.1 105.4 104.8 104.1 103.5 103.6 102.9 102.2 102.6 102.9 102.1 101.3 101.3
148.6 111.6 111.5 110.4 140.6 140.6 140.7 110.5 110.6 110.6 110.7 112.0 112.0 139.3 139.1 160.7 160.6 139.5 139.4 177.7 139.1 139.0 138.9 137.9 137.8 154.6 157.8 136.2 117.7 109.8 109.7 110.7 110.6 110.4 110.3 109.7 109.5 109.2 108.9 108.6 118.1 107.9 107.5 107.6 107.2 107.3 108.2 108.0 107.5 106.3 106.1 105.4 104.7 104.1 103.4 103.5 102.8 102.1 102.5 102.8 102.0 101.1 101.1
111.6 111.6 121.4 140.5 140.6 140.6 140.7 137.4 110.6 118.5 110.7 112.0 111.6 139.2 161.0 139.7 139.7 120.9 111.9 161.1 139.2 139.2 139.1 138.1 111.3 119.2 158.7 136.4 110.1 123.6 109.9 110.9 110.7 110.5 110.3 109.8 109.6 118.5 109.0 108.7 108.3 108.0 107.6 107.6 107.2 107.3 108.2 108.0 107.5 106.2 106.0 105.3 104.6 103.9 103.3 103.3 102.6 110.9 102.3 102.5 101.7 101.6 100.8
111.6 111.7 111.7 152.2 140.6 140.7 140.7 137.4 110.6 110.7 110.7 112.0 111.6 111.7 139.3 139.8 112.0 112.0 112.0 139.2 139.4 139.4 139.3 111.5 111.4 111.4 111.3 110.3 110.2 110.2 110.0 111.0 110.8 110.7 110.4 109.9 109.7 109.4 109.1 108.7 108.4 108.0 107.6 107.6 107.2 107.2 107.3 127.4 107.4 106.5 105.9 105.2 104.5 103.8 103.1 103.2 102.4 101.8 102.8 102.3 101.5 101.4 101.1
110.8 110.8 119.6 140.5 140.6 140.7 140.8 137.4 109.6 109.7 109.8 111.3 111.4 138.2 138.3 111.5 111.5 111.5 111.5 138.6 111.6 111.6 111.6 111.0 111.0 110.9 110.8 110.0 109.9 109.8 109.6 123.1 110.6 110.4 110.2 109.8 109.5 109.2 108.9 109.5 109.1 108.7 108.3 108.6 108.1 107.6 107.1 104.7 107.3 106.9 106.7 105.9 105.2 104.5 103.8 103.6 102.9 102.1 103.0 109.1 101.7 101.7 100.8
120.5 110.8 110.9 157.9 152.3 140.7 140.8 137.2 109.7 109.7 109.8 111.4 138.2 138.3 111.5 111.6 111.6 111.6 111.6 111.6 119.8 111.6 111.6 111.1 111.1 111.0 110.9 110.1 110.0 109.9 109.7 110.8 110.6 110.4 110.2 109.8 109.5 109.2 108.9 109.4 109.0 108.6 108.2 108.5 108.0 107.5 107.0 106.9 107.2 106.8 106.5 105.7 105.0 104.3 103.5 103.3 102.6 103.0 102.8 102.2 101.4 101.3 101.0
110.7 110.8 110.9 140.5 140.6 140.7 140.8 137.3 137.3 109.7 109.8 124.6 111.5 111.5 111.5 111.6 111.5 111.6 111.6 111.6 111.6 111.6 111.5 111.1 111.1 118.9 111.0 110.1 110.0 117.6 109.7 110.8 110.6 110.4 110.2 109.7 109.4 109.1 108.8 109.3 108.9 108.5 108.0 108.3 107.8 107.3 107.3 107.1 106.9 106.9 106.2 105.4 104.7 103.9 103.2 103.0 102.2 102.6 102.4 101.8 101.7 100.8 100.5
110.6 140.2 140.3 152.2 140.6 140.7 140.8 137.2 137.3 109.8 109.8 148.1 111.3 111.4 137.8 137.9 137.9 111.5 111.5 111.6 111.6 119.8 111.6 111.2 118.9 111.1 111.0 110.1 126.7 117.6 109.6 110.7 110.5 110.3 110.1 109.6 109.3 109.0 108.6 109.2 108.7 108.3 107.8 108.1 107.5 107.0 107.1 107.3 107.5 106.6 105.9 105.1 104.3 103.6 102.8 102.6 103.0 102.8 102.0 101.4 101.3 100.9 100.0
140.0 140.1 140.2 152.1 140.5 140.6 140.7 137.2 137.3 137.4 137.5 137.6 137.6 137.7 137.8 137.8 111.0 117.9 111.0 111.3 111.3 111.2 111.2 110.6 110.6 110.5 110.4 110.0 109.8 109.7 109.7 110.8 110.5 110.3 110.1 109.8 109.5 109.1 108.8 109.0 108.5 108.1 107.6 107.5 107.0 107.0 107.0 107.1 107.4 106.4 105.7 105.6 104.8 104.0 103.3 102.4 102.7 102.5 101.7 101.5 101.0 100.2 99.68
108.8 139.9 140.1 140.2 140.4 140.5 140.6 137.1 137.2 157.9 147.9 137.5 137.6 137.7 137.7 137.8 137.8 137.8 110.9 111.2 111.2 111.2 111.1 110.6 110.5 110.4 110.3 109.9 109.7 109.5 111.5 110.6 110.4 110.2 109.9 109.6 109.2 108.9 108.5 108.7 108.3 107.8 107.3 107.2 107.2 107.2 107.0 106.7 107.1 106.0 105.3 118.3 113.8 103.6 102.8 103.0 102.9 102.0 101.1 100.9 100.5 105.8 99.08
139.6 139.7 139.9 140.1 140.2 140.3 140.5 137.0 137.1 137.2 137.3 137.4 137.5 137.6 137.6 137.7 137.7 137.7 110.9 111.1 111.1 111.1 111.0 110.5 110.4 110.3 110.2 117.6 109.5 118.4 123.4 110.4 110.2 109.9 118.7 109.3 109.0 108.6 108.2 108.4 108.0 107.5 107.0 106.9 106.9 106.8 107.5 107.2 106.7 105.5 104.8 113.7 117.3 103.1 102.3 103.0 102.3 101.4 101.3 105.5 99.97 99.37 127.9
139.3 139.5 139.6 139.8 140.0 140.1 140.3 137.0 136.9 140.0 137.1 137.2 137.3 137.4 137.4 110.7 110.7 110.7 110.7 119.1 111.0 110.9 110.9 118.1 110.2 110.1 110.0 111.6 111.4 111.2 111.0 132.4 124.7 124.3 109.4 109.0 108.7 108.3 107.9 117.8 107.6 107.1 107.2 107.0 115.9 106.8 107.1 106.9 106.2 105.0 104.3 104.1 103.3 111.6 102.9 102.5 101.7 101.6 101.1 100.2 105.1 108.1 140.7
