New_Model_Runs/4_scn3_noclimate_out/SUM_of_RECHARGE.asc
NCOLS        700
NROWS        400
XLLCORNER     515000.000
YLLCORNER    8409000.000
CELLSIZE         50.000
NODATA_VALUE     -9999.    
[rows 252 to 279 of 400, columns 252 to 314 of 700]
187.6 173.9 195.1 194.1 197.5 192.2 78.15 225.4 233.0 189.3 188.5 187.5 93.65 92.73 91.80 90.85 89.58 89.26 88.33 85.37 101.4 96.33 76.03 22.61 133.3 121.0 69.04 64.44 64.30 68.43 91.43 29.75 20.85 24.95 24.70 75.60 70.61 65.46 64.69 69.99 63.20 23.11 75.74 70.04 31.49 22.57 22.37 26.55 96.41 58.64 67.18 28.64 32.82 23.92 28.11 27.95 23.41 65.95 61.47 61.30 65.50 96.28 95.72
173.8 186.9 185.6 197.4 175.1 99.09 106.7 97.29 96.31 231.2 230.2 186.5 92.39 91.69 90.74 90.01 89.14 87.76 83.08 84.37 70.24 80.23 94.20 126.4 64.85 64.62 85.20 21.53 21.37 79.95 85.91 78.10 68.51 29.05 24.43 66.09 19.59 68.89 110.8 67.39 65.99 31.94 44.70 40.13 35.57 31.02 30.82 30.63 64.43 94.94 59.50 28.41 32.58 23.70 32.25 27.70 74.65 70.11 61.21 65.41 65.25 99.73 99.29
172.9 117.0 171.4 183.5 170.8 102.6 85.36 75.82 75.30 94.33 136.0 126.7 91.33 90.30 89.90 89.02 88.11 87.21 83.17 82.68 23.87 88.79 135.8 146.4 21.85 64.33 21.48 25.69 29.89 25.38 76.04 68.37 67.62 71.15 28.52 26.15 64.40 106.3 62.88 66.49 73.62 61.53 31.34 68.88 26.58 30.75 26.19 25.99 17.08 99.08 58.55 19.43 23.64 19.09 27.69 74.59 70.04 22.78 18.24 54.31 96.69 64.91 22.05
172.0 192.9 170.5 90.63 77.33 85.25 100.5 75.22 85.92 73.62 92.51 134.3 98.09 89.84 88.96 88.03 87.13 86.35 98.80 103.2 127.0 117.0 103.6 102.8 101.7 21.45 64.01 21.13 31.38 20.74 81.89 67.52 73.07 65.91 70.30 64.32 63.55 111.3 67.75 65.67 65.78 60.69 22.36 22.15 63.01 21.77 17.21 17.03 16.84 55.52 92.85 49.52 96.17 91.21 97.86 90.00 96.57 88.79 88.44 87.89 94.30 51.05 50.55
226.9 191.9 175.9 86.38 101.4 111.0 95.24 109.8 108.6 96.83 95.90 75.97 113.5 88.91 83.39 83.78 105.6 98.73 102.0 129.9 146.5 103.0 106.1 101.4 100.4 99.63 75.43 112.6 20.71 68.29 73.89 72.94 65.84 65.06 64.26 63.49 62.73 104.7 61.21 61.33 78.02 77.21 76.43 72.90 62.16 61.53 84.22 81.65 61.71 16.42 16.24 91.65 59.91 52.08 54.31 53.67 53.02 52.50 51.92 51.34 50.78 50.91 50.62
191.8 234.3 182.0 76.33 100.4 99.65 109.8 108.6 111.8 33.81 91.66 116.4 84.53 155.1 107.0 106.0 98.68 97.66 145.5 149.4 100.8 102.1 101.3 110.6 114.1 37.05 32.45 150.1 20.47 62.94 115.6 114.7 62.23 60.47 60.25 60.03 17.10 103.8 98.90 98.20 54.78 58.44 75.56 72.01 82.57 88.95 85.79 29.66 25.11 16.23 58.94 101.6 97.47 54.13 53.51 52.97 52.36 51.77 51.19 51.28 50.91 50.39 49.93
182.9 190.6 189.8 75.48 84.14 109.7 108.6 107.5 25.08 33.60 90.71 93.54 84.60 126.4 78.44 98.65 102.0 134.1 158.1 101.1 99.87 101.3 100.5 104.1 103.1 102.3 97.16 96.40 62.93 79.34 69.78 65.04 19.27 58.42 17.31 56.99 59.60 98.89 55.47 54.75 29.30 66.44 52.68 17.09 25.62 21.09 29.62 33.83 63.27 58.72 58.53 58.34 62.52 53.43 52.80 52.21 51.63 45.12 51.15 50.75 50.20 49.71 49.26
190.6 189.7 95.89 95.05 100.5 112.9 29.69 83.58 24.88 86.37 97.94 106.5 79.34 121.1 121.0 130.8 129.7 108.1 145.6 72.78 99.00 111.9 99.64 103.2 97.91 97.15 96.38 95.59 147.6 65.78 107.7 107.0 61.76 60.03 99.71 56.28 16.86 59.36 54.75 54.04 57.70 61.39 56.42 16.88 25.43 25.23 67.80 67.61 73.49 52.62 15.60 19.78 24.01 62.18 52.10 51.53 51.63 44.86 50.66 50.11 49.60 49.12 48.67
193.9 95.84 74.94 74.16 99.26 84.38 87.86 24.80 86.37 85.55 84.64 107.1 99.63 98.67 81.73 80.88 144.3 102.6 99.83 141.7 33.53 97.01 98.44 97.68 96.62 95.89 95.13 94.34 136.3 113.8 70.18 69.31 68.45 57.03 63.31 98.93 59.37 59.15 96.76 16.00 52.66 56.40 55.83 16.69 65.54 67.78 20.51 20.32 15.77 65.41 61.56 23.99 58.99 54.03 92.70 51.53 51.16 50.58 50.01 49.50 49.01 17.04 21.27
197.4 99.46 93.99 73.40 98.13 83.51 82.65 82.01 89.92 32.82 32.55 99.67 78.29 97.64 80.91 125.6 145.3 99.82 155.3 140.9 96.96 96.20 97.65 96.90 95.85 95.11 94.37 93.64 135.6 112.9 69.35 68.49 67.63 63.36 107.1 106.3 105.5 96.80 65.57 62.90 94.77 51.48 16.69 55.09 59.05 16.14 57.53 66.05 65.38 64.75 64.09 60.23 63.62 23.71 57.62 17.79 48.62 49.97 49.43 91.65 91.17 63.96 101.5
171.6 98.51 73.35 69.97 83.51 82.66 82.01 24.36 24.10 91.44 95.39 77.86 23.23 101.1 76.53 143.8 99.84 141.7 145.7 110.9 96.16 95.41 94.66 96.14 95.10 94.36 93.65 92.95 134.9 66.15 109.9 65.70 108.4 99.06 55.62 16.46 54.13 96.14 62.43 56.46 51.50 93.57 97.82 67.78 24.87 15.95 20.12 19.93 57.12 53.15 50.09 59.23 19.34 61.98 60.51 21.99 56.76 51.86 95.96 91.10 56.65 25.46 22.85
102.9 77.69 69.94 83.47 82.65 82.10 81.23 92.58 79.46 90.38 105.4 97.82 96.74 80.93 84.50 117.6 141.7 140.9 99.37 110.1 95.38 94.65 93.91 95.40 94.38 93.67 92.97 92.27 61.80 27.58 70.84 61.37 27.19 21.08 16.49 16.27 16.05 95.55 59.76 15.46 15.35 54.78 16.34 63.23 20.32 52.54 66.49 55.68 50.72 56.91 54.81 26.74 19.26 91.82 59.16 26.19 30.39 104.6 52.71 41.64 56.17 20.96 50.98
82.04 92.21 73.64 109.6 104.2 103.1 80.38 96.58 99.92 98.86 97.93 96.86 95.79 84.56 73.94 116.9 64.77 21.81 96.41 95.62 94.51 93.78 93.05 92.33 93.62 92.92 92.23 102.0 61.59 66.54 22.80 18.48 22.62 64.46 59.31 58.55 57.82 99.80 99.12 61.91 16.55 58.87 62.58 63.05 56.94 56.31 55.72 61.91 56.94 50.49 45.54 49.70 56.16 97.51 54.23 26.03 47.68 55.18 45.98 21.08 63.67 50.94 46.18
87.84 73.58 109.6 108.6 107.5 97.65 101.0 78.74 98.95 98.03 96.97 95.92 95.23 26.88 69.34 73.54 115.5 71.97 71.20 99.29 98.19 19.07 18.86 18.69 60.07 63.72 99.97 58.00 59.91 99.32 60.98 75.41 55.18 59.43 58.67 57.91 99.89 99.22 59.45 97.93 97.25 100.4 95.99 95.33 119.9 68.23 50.81 57.64 52.66 52.05 56.00 57.94 106.3 43.70 47.51 30.24 34.45 25.57 45.51 62.54 67.90 39.94 88.52
87.02 86.24 104.3 107.6 102.2 101.1 95.67 94.66 96.67 97.08 22.80 76.03 75.17 78.67 125.1 72.82 119.1 71.26 70.50 74.10 77.70 23.24 70.78 70.00 109.6 105.8 100.8 59.93 99.41 64.10 63.88 59.30 59.09 100.9 105.1 100.0 25.72 107.3 55.30 54.63 53.97 53.32 52.68 15.61 94.34 76.10 72.84 52.72 52.10 51.67 55.45 59.22 52.49 55.68 51.38 52.67 16.85 45.53 60.00 104.9 59.06 86.77 92.49
86.21 104.3 103.3 102.2 101.2 95.74 94.73 93.74 92.90 91.86 76.11 84.66 117.1 148.1 125.7 125.9 118.4 70.56 69.80 73.41 84.94 18.69 70.07 69.28 111.2 17.43 17.23 56.74 64.13 21.20 55.41 54.70 59.35 62.54 61.82 56.77 60.40 68.07 16.41 54.07 53.42 52.74 52.08 15.50 58.04 83.19 77.15 54.08 51.73 71.23 70.83 57.11 43.27 55.53 21.38 50.41 12.36 40.75 50.86 87.02 82.41 92.47 43.33
85.84 103.3 111.0 88.41 95.84 94.83 93.83 93.02 100.7 95.81 81.56 117.2 135.3 95.99 89.67 149.9 63.91 112.6 77.21 77.11 79.68 18.54 22.69 22.56 18.00 17.26 17.06 17.08 59.59 55.54 54.83 80.83 21.87 26.01 65.67 64.94 55.61 54.89 16.26 53.52 52.86 15.66 51.74 58.06 89.70 89.11 50.18 56.19 70.99 70.55 70.13 69.72 48.93 48.40 88.84 12.38 40.81 83.10 54.75 11.92 11.81 43.36 85.73
107.7 102.3 110.1 106.9 99.32 98.30 104.8 133.8 128.8 146.2 117.4 131.3 104.2 95.15 111.7 102.1 78.22 73.60 77.20 89.88 77.21 73.17 26.42 60.06 59.38 17.62 57.06 56.34 59.41 54.96 62.11 53.55 21.70 61.46 25.64 68.14 16.52 54.36 53.66 52.97 15.69 56.91 56.73 56.83 56.66 22.50 75.72 61.33 60.72 70.20 69.76 68.77 48.46 47.95 90.19 54.99 54.85 12.05 11.93 11.82 11.71 16.01 15.91
106.8 101.4 100.4 99.43 107.5 116.6 125.4 87.02 86.16 89.77 101.0 90.71 94.22 75.98 83.94 25.39 94.33 80.95 88.82 80.28 76.56 68.83 68.04 67.26 60.28 58.36 56.49 16.74 105.8 54.42 71.54 53.14 57.26 62.76 61.97 103.9 54.53 53.83 53.13 15.74 56.95 56.77 56.59 89.28 45.97 80.57 54.01 73.23 56.76 69.87 72.13 68.40 48.04 47.56 89.83 54.89 12.08 11.96 11.84 11.73 44.76 11.56 11.46
101.5 100.5 99.51 64.70 123.5 80.50 80.62 72.39 71.56 74.06 77.76 39.22 97.79 79.38 70.20 69.44 93.16 92.43 91.72 95.37 60.69 60.26 71.76 70.99 65.87 60.95 21.14 61.34 62.45 61.69 53.30 57.45 56.71 16.79 55.25 59.12 58.92 58.71 90.73 57.00 56.81 89.08 46.67 46.47 52.08 71.47 13.45 48.64 54.19 49.26 69.13 68.05 77.91 55.05 16.56 12.11 11.99 45.58 45.19 11.68 11.57 44.13 37.94
100.6 99.62 117.1 123.6 82.91 82.14 82.07 63.10 74.20 77.90 21.82 25.94 21.34 21.10 73.94 73.19 68.09 91.55 66.69 65.95 60.38 59.70 63.39 17.51 62.29 64.78 20.98 59.13 18.24 53.43 15.83 52.08 56.18 16.64 71.26 96.89 58.76 14.46 51.91 51.51 46.51 62.61 52.83 52.20 55.98 49.30 50.50 49.95 43.30 48.83 91.02 84.42 41.23 16.60 20.87 16.38 45.67 45.28 11.67 11.60 11.50 43.86 11.31
99.70 117.1 126.1 80.69 86.63 86.57 81.36 93.46 73.52 81.60 80.79 75.65 70.51 82.82 77.71 72.59 91.73 66.85 19.83 78.04 59.82 63.52 74.93 65.56 60.58 67.88 62.77 96.91 53.60 52.98 52.28 51.58 55.67 16.52 70.73 69.98 95.71 47.74 51.70 51.07 13.82 77.53 72.01 71.56 75.24 48.88 50.07 21.76 94.34 85.07 41.84 50.09 40.91 12.18 12.05 11.93 39.37 44.99 11.63 38.42 11.43 11.33 43.26
87.57 130.6 87.56 82.39 68.37 80.69 88.16 92.68 91.76 76.61 88.75 87.82 74.27 77.86 77.12 67.65 66.91 19.88 65.73 83.13 82.71 76.95 43.58 61.92 86.71 67.33 66.61 123.4 79.87 112.8 51.81 51.12 50.42 60.52 70.23 59.05 98.97 98.96 58.02 46.29 52.51 72.15 71.70 71.26 70.27 44.12 43.58 64.36 89.59 50.14 53.98 43.45 40.71 12.08 39.86 11.84 11.73 44.72 11.56 11.45 43.66 43.33 43.02
134.1 129.9 129.6 106.8 72.10 71.30 87.39 82.08 72.41 80.23 83.68 78.41 77.52 76.62 122.8 122.0 109.2 116.0 102.9 129.8 86.67 71.23 75.15 72.61 74.67 71.17 109.8 63.08 62.88 56.38 51.34 51.86 15.04 49.47 69.75 58.59 68.26 98.72 57.59 62.81 72.33 71.51 58.75 58.16 60.38 86.45 85.91 50.85 50.31 35.25 34.83 34.58 34.21 11.99 11.88 39.20 38.96 11.58 38.27 43.75 43.41 11.19 11.10
120.3 72.98 64.20 106.2 114.1 122.9 124.8 132.8 131.9 122.3 117.4 116.6 119.6 123.1 88.22 80.25 70.44 68.31 67.53 106.1 109.8 109.1 65.32 59.69 106.2 114.3 113.6 104.3 24.39 24.19 58.30 54.57 54.08 49.05 48.39 52.35 51.88 51.23 89.21 52.35 46.17 56.12 74.86 87.20 86.64 36.77 42.83 35.83 35.39 34.96 34.70 34.31 46.04 45.65 39.33 11.69 11.61 44.19 43.84 11.31 11.22 11.13 42.60
125.4 64.29 19.09 89.59 89.06 134.9 137.3 132.2 107.2 70.46 74.06 82.94 123.3 136.8 84.16 66.24 87.23 82.07 71.24 63.41 57.81 57.37 116.3 97.64 104.8 105.1 104.5 62.80 15.52 19.69 15.13 59.21 49.29 48.64 54.98 47.35 60.21 55.53 55.72 94.69 92.95 54.01 91.78 55.96 36.95 36.47 36.00 35.55 35.12 41.13 40.67 12.07 11.95 11.83 11.72 11.65 44.31 11.44 11.35 11.25 37.21 42.70 46.09
123.4 79.93 83.58 87.22 77.76 143.4 82.56 118.8 119.6 69.89 77.34 72.74 96.46 91.39 122.1 24.08 72.26 64.29 63.60 62.89 62.35 60.83 77.27 105.0 53.78 15.95 95.25 60.29 60.09 57.91 57.72 57.58 55.95 55.25 54.57 53.90 22.82 22.63 50.14 46.05 92.61 60.57 44.39 43.80 36.65 36.18 35.73 35.29 47.26 12.26 12.12 39.97 45.49 45.11 44.76 11.58 11.48 11.39 11.29 43.13 46.53 46.22 30.84
63.85 114.6 114.0 70.69 117.4 69.63 107.6 115.5 147.7 86.79 86.71 85.86 91.62 84.18 70.29 112.3 64.49 63.79 80.17 69.34 70.60 69.07 76.74 101.7 101.0 58.53 52.10 15.44 98.36 97.71 92.48 49.12 98.25 97.56 54.16 53.77 50.96 13.79 56.32 88.47 45.19 13.39 44.07 36.89 36.41 35.94 35.49 12.46 12.32 40.60 46.08 45.65 45.26 44.90 11.63 11.53 11.43 37.78 37.48 46.68 46.38 30.97 -.9900E-19
