Raw_GIS_Data/Gridded_temps/Temp_max/Monthly/PRISM_tmax_tutuila_30yr_normal_80mM1_02_asc.asc
ncols 381
nrows 202
xllcorner -170.851658
yllcorner -14.379175
cellsize 0.00083333333
NODATA_value -9999
[rows 72 to 107 of 202, columns 80 to 159 of 381]
-9999 -9999 -9999 -9999 -9999 -9999 -9999 -9999 -9999 -9999 -9999 -9999 -9999 -9999 -9999 -9999 -9999 -9999 -9999 -9999 -9999 -9999 -9999 -9999 -9999 -9999 -9999 -9999 -9999 -9999 -9999 -9999 -9999 -9999 -9999 -9999 -9999 -9999 -9999 -9999 -9999 -9999 -9999 -9999 -9999 -9999 -9999 -9999 -9999 -9999 -9999 -9999 -9999 -9999 -9999 -9999 -9999 -9999 -9999 -9999 -9999 -9999 -9999 -9999 -9999 -9999 -9999 -9999 -9999 -9999 -9999 3147 3147 3147 3146 3146 3146 3143 3141 3129
-9999 -9999 -9999 -9999 -9999 -9999 -9999 -9999 -9999 -9999 -9999 -9999 -9999 -9999 -9999 -9999 -9999 -9999 -9999 -9999 -9999 -9999 -9999 -9999 -9999 -9999 -9999 -9999 -9999 -9999 -9999 -9999 -9999 -9999 -9999 -9999 -9999 -9999 -9999 -9999 -9999 -9999 -9999 -9999 -9999 -9999 -9999 -9999 -9999 -9999 -9999 -9999 -9999 -9999 -9999 -9999 -9999 -9999 -9999 -9999 -9999 -9999 -9999 -9999 -9999 -9999 -9999 -9999 -9999 -9999 3146 3146 3146 3146 3146 3144 3140 3130 3130 3124
-9999 -9999 -9999 -9999 -9999 -9999 -9999 -9999 -9999 -9999 -9999 -9999 -9999 -9999 -9999 -9999 -9999 -9999 -9999 -9999 -9999 -9999 -9999 -9999 -9999 -9999 -9999 -9999 -9999 -9999 -9999 -9999 -9999 -9999 -9999 -9999 -9999 -9999 -9999 -9999 -9999 -9999 -9999 -9999 -9999 -9999 -9999 -9999 -9999 -9999 -9999 -9999 -9999 -9999 -9999 -9999 -9999 -9999 -9999 -9999 -9999 -9999 -9999 -9999 -9999 -9999 -9999 -9999 -9999 3146 3146 3146 3145 3145 3144 3141 3131 3103 3103 3111
-9999 -9999 -9999 -9999 -9999 -9999 -9999 -9999 -9999 -9999 -9999 -9999 -9999 -9999 -9999 -9999 -9999 -9999 -9999 -9999 -9999 -9999 -9999 -9999 -9999 -9999 -9999 -9999 -9999 -9999 -9999 -9999 -9999 -9999 -9999 -9999 -9999 -9999 -9999 -9999 -9999 -9999 -9999 -9999 -9999 -9999 -9999 -9999 -9999 -9999 -9999 -9999 -9999 -9999 -9999 -9999 -9999 -9999 -9999 -9999 -9999 -9999 -9999 -9999 -9999 -9999 -9999 -9999 3145 3145 3145 3145 3145 3144 3142 3137 3126 3100 3082 3089
-9999 -9999 -9999 -9999 -9999 -9999 -9999 -9999 -9999 -9999 -9999 -9999 -9999 -9999 -9999 -9999 -9999 -9999 -9999 -9999 -9999 -9999 -9999 -9999 -9999 -9999 -9999 -9999 -9999 -9999 -9999 -9999 -9999 -9999 -9999 -9999 -9999 -9999 -9999 -9999 -9999 -9999 -9999 -9999 -9999 -9999 -9999 -9999 -9999 -9999 -9999 -9999 -9999 -9999 -9999 -9999 -9999 -9999 -9999 -9999 -9999 -9999 -9999 -9999 -9999 -9999 -9999 3145 3145 3145 3144 3144 3144 3142 3134 3117 3112 3094 3064 3058
-9999 -9999 -9999 -9999 -9999 -9999 -9999 -9999 -9999 -9999 -9999 -9999 -9999 -9999 -9999 -9999 -9999 -9999 -9999 -9999 -9999 -9999 -9999 -9999 -9999 -9999 -9999 -9999 -9999 -9999 -9999 -9999 -9999 -9999 -9999 -9999 -9999 -9999 -9999 -9999 -9999 -9999 -9999 -9999 -9999 -9999 -9999 -9999 -9999 -9999 -9999 -9999 -9999 -9999 -9999 -9999 -9999 -9999 -9999 -9999 -9999 -9999 -9999 -9999 -9999 -9999 3145 3145 3144 3144 3144 3143 3143 3141 3129 3089 3092 3088 3058 3035
-9999 -9999 -9999 -9999 -9999 -9999 -9999 -9999 -9999 -9999 -9999 -9999 -9999 -9999 -9999 -9999 -9999 -9999 -9999 -9999 -9999 -9999 -9999 -9999 -9999 -9999 -9999 -9999 -9999 -9999 -9999 -9999 -9999 -9999 -9999 -9999 -9999 -9999 -9999 -9999 -9999 -9999 -9999 -9999 -9999 -9999 -9999 -9999 -9999 -9999 -9999 -9999 -9999 -9999 -9999 -9999 -9999 -9999 -9999 -9999 -9999 -9999 -9999 -9999 3144 3144 3144 3144 3143 3143 3143 3143 3142 3140 3128 3081 3074 3074 3056 3023
-9999 -9999 -9999 -9999 -9999 -9999 -9999 -9999 -9999 -9999 -9999 -9999 -9999 -9999 -9999 -9999 -9999 -9999 -9999 -9999 -9999 -9999 -9999 -9999 -9999 -9999 -9999 -9999 -9999 -9999 -9999 -9999 -9999 -9999 -9999 -9999 -9999 -9999 -9999 -9999 -9999 -9999 -9999 -9999 -9999 -9999 -9999 -9999 -9999 -9999 -9999 -9999 -9999 -9999 -9999 -9999 -9999 -9999 -9999 -9999 -9999 -9999 -9999 3144 3144 3144 3143 3143 3143 3142 3142 3142 3141 3140 3133 3106 3070 3052 3046 3021
-9999 -9999 -9999 -9999 -9999 -9999 -9999 -9999 -9999 -9999 -9999 -9999 -9999 -9999 -9999 -9999 -9999 -9999 -9999 -9999 -9999 -9999 -9999 -9999 -9999 -9999 -9999 -9999 -9999 -9999 -9999 -9999 -9999 -9999 -9999 -9999 -9999 -9999 -9999 -9999 -9999 -9999 -9999 -9999 -9999 -9999 -9999 -9999 -9999 -9999 -9999 -9999 -9999 -9999 -9999 -9999 -9999 -9999 -9999 -9999 -9999 -9999 3144 3144 3143 3143 3143 3142 3142 3141 3141 3141 3141 3140 3132 3099 3065 3033 3030 3021
-9999 -9999 -9999 -9999 -9999 -9999 -9999 -9999 -9999 -9999 -9999 -9999 -9999 -9999 -9999 -9999 -9999 -9999 -9999 -9999 -9999 -9999 -9999 -9999 -9999 -9999 -9999 -9999 -9999 -9999 -9999 -9999 -9999 -9999 -9999 -9999 -9999 -9999 -9999 -9999 -9999 -9999 -9999 -9999 -9999 -9999 -9999 -9999 -9999 -9999 -9999 -9999 -9999 -9999 -9999 -9999 -9999 -9999 -9999 -9999 3144 3144 3144 3143 3143 3142 3142 3141 3141 3141 3140 3140 3140 3139 3134 3111 3070 3025 3011 3007
-9999 -9999 -9999 -9999 -9999 -9999 -9999 -9999 -9999 -9999 -9999 -9999 -9999 -9999 -9999 -9999 -9999 -9999 -9999 -9999 -9999 -9999 -9999 -9999 -9999 -9999 -9999 -9999 -9999 -9999 -9999 -9999 -9999 -9999 -9999 -9999 -9999 -9999 -9999 -9999 -9999 -9999 -9999 -9999 -9999 -9999 -9999 -9999 -9999 -9999 -9999 -9999 -9999 -9999 -9999 -9999 -9999 -9999 3144 3144 3144 3143 3143 3142 3142 3141 3141 3141 3140 3140 3139 3139 3139 3138 3131 3109 3058 3019 2988 2977
-9999 -9999 -9999 -9999 -9999 -9999 -9999 -9999 -9999 -9999 -9999 -9999 -9999 -9999 -9999 -9999 -9999 -9999 -9999 -9999 -9999 -9999 -9999 -9999 -9999 -9999 -9999 -9999 -9999 -9999 -9999 -9999 -9999 -9999 -9999 -9999 -9999 -9999 -9999 -9999 -9999 -9999 -9999 -9999 -9999 -9999 -9999 -9999 -9999 -9999 -9999 -9999 -9999 -9999 -9999 -9999 3145 3145 3144 3144 3143 3143 3142 3142 3141 3141 3140 3140 3139 3139 3139 3138 3138 3134 3117 3081 3040 3009 2987 2978
-9999 -9999 -9999 -9999 -9999 -9999 -9999 -9999 -9999 -9999 -9999 -9999 -9999 -9999 -9999 -9999 -9999 -9999 -9999 -9999 -9999 -9999 -9999 -9999 -9999 -9999 -9999 -9999 -9999 -9999 -9999 -9999 -9999 -9999 -9999 -9999 -9999 -9999 -9999 -9999 -9999 -9999 -9999 -9999 -9999 -9999 -9999 -9999 -9999 -9999 -9999 -9999 -9999 -9999 -9999 3145 3145 3144 3143 3143 3142 3142 3141 3140 3138 3140 3139 3139 3138 3138 3138 3137 3136 3130 3105 3080 3060 3049 3032 3025
-9999 3179 -9999 -9999 3178 -9999 -9999 -9999 -9999 -9999 -9999 -9999 -9999 -9999 -9999 -9999 -9999 -9999 -9999 -9999 -9999 -9999 -9999 -9999 -9999 -9999 3166 3165 3164 -9999 -9999 -9999 -9999 -9999 -9999 -9999 -9999 -9999 -9999 -9999 -9999 -9999 -9999 -9999 -9999 -9999 -9999 -9999 -9999 -9999 -9999 -9999 -9999 -9999 3145 3145 3144 3143 3143 3142 3142 3141 3140 3134 3127 3134 3138 3138 3138 3137 3137 3136 3135 3131 3119 3105 3088 3083 3073 3058
3180 3179 3179 3179 3178 3178 -9999 -9999 -9999 -9999 -9999 -9999 -9999 -9999 -9999 -9999 -9999 -9999 -9999 -9999 -9999 -9999 -9999 -9999 -9999 3167 3166 3165 3164 3164 -9999 -9999 -9999 -9999 -9999 -9999 -9999 -9999 -9999 -9999 -9999 -9999 -9999 -9999 -9999 -9999 -9999 -9999 -9999 -9999 -9999 -9999 -9999 3145 3145 3144 3143 3143 3142 3141 3141 3140 3136 3122 3104 3121 3133 3136 3136 3136 3136 3135 3135 3134 3131 3127 3118 3113 3095 3072
3180 3180 3180 3179 3179 3178 3178 -9999 -9999 -9999 -9999 -9999 -9999 -9999 -9999 -9999 -9999 -9999 -9999 -9999 -9999 3170 3169 -9999 3168 3167 3166 3165 3165 3164 3163 -9999 -9999 -9999 -9999 -9999 -9999 -9999 -9999 -9999 -9999 -9999 -9999 -9999 -9999 -9999 -9999 -9999 -9999 -9999 -9999 -9999 3145 3145 3144 3143 3143 3142 3141 3141 3139 3137 3131 3108 3085 3094 3120 3128 3130 3131 3135 3135 3134 3134 3133 3133 3129 3122 3105 3093
3181 3181 3180 3180 3179 3179 3179 3179 -9999 -9999 -9999 -9999 -9999 -9999 -9999 -9999 -9999 -9999 -9999 3171 3171 3170 3169 3169 3168 3167 3166 3165 3165 3164 3163 3162 -9999 -9999 -9999 -9999 -9999 -9999 -9999 -9999 -9999 -9999 -9999 -9999 -9999 -9999 -9999 -9999 -9999 -9999 -9999 3145 3145 3144 3143 3143 3142 3141 3139 3137 3130 3124 3107 3064 3054 3065 3083 3099 3104 3113 3127 3131 3133 3133 3132 3132 3132 3128 3122 3116
3181 3181 3181 3180 3180 3180 3179 3179 3179 -9999 -9999 -9999 -9999 -9999 -9999 -9999 -9999 3173 3173 3172 3171 3170 3169 3169 3168 3167 3166 3165 3165 3164 3163 3162 3161 -9999 -9999 -9999 -9999 -9999 -9999 -9999 -9999 -9999 -9999 -9999 -9999 -9999 -9999 -9999 -9999 -9999 3145 3145 3144 3143 3143 3142 3140 3138 3133 3128 3109 3072 3037 3006 3021 3029 3048 3063 3077 3092 3108 3122 3130 3132 3131 3131 3131 3128 3125 3120
3182 3182 3181 3181 3181 3180 3180 3179 3179 3179 -9999 3178 -9999 -9999 -9999 3175 3174 3173 3173 3172 3171 3170 3170 3169 3168 3167 3166 3166 3165 3164 3163 3162 3161 3160 3159 3159 -9999 -9999 -9999 -9999 -9999 -9999 -9999 3151 3150 3149 -9999 3147 3147 3146 3145 3144 3143 3143 3142 3140 3133 3127 3112 3082 3065 3053 3026 2993 2991 2994 3006 3035 3061 3078 3095 3117 3128 3131 3130 3130 3128 3123 3120 3115
3182 3180 3181 3182 3181 3181 3180 3180 3179 3179 3179 3178 3177 3177 3176 3175 3174 3174 3173 3172 3171 3171 3170 3169 3168 3167 3166 3164 3162 3164 3163 3162 3161 3160 3159 3158 3158 -9999 -9999 -9999 -9999 -9999 3152 3151 3150 3149 3148 3147 3146 3145 3145 3144 3143 3142 3140 3134 3116 3103 3095 3067 3041 3022 3004 2975 2959 2968 2994 3044 3076 3099 3116 3125 3129 3130 3129 3126 3118 3101 3104 3105
3176 3168 3176 3181 3181 3181 3181 3180 3180 3179 3179 3178 3177 3177 3176 3176 3175 3174 3173 3173 3172 3171 3170 3169 3169 3166 3159 3154 3151 3160 3163 3162 3161 3160 3159 3158 3157 3156 -9999 -9999 3153 3152 3152 3151 3150 3149 3148 3147 3146 3145 3144 3143 3142 3140 3135 3123 3103 3083 3073 3054 3026 2993 2969 2958 2946 2970 3020 3057 3082 3106 3120 3126 3127 3128 3127 3121 3104 3075 3078 3084
3155 3133 3168 3178 3182 3182 3181 3181 3180 3180 3179 3179 3178 3177 3177 3176 3175 3175 3174 3173 3172 3168 3167 3169 3167 3157 3128 3131 3139 3158 3162 3162 3161 3160 3159 3158 3157 3156 3155 3154 3153 3152 3151 3150 3149 3148 3147 3146 3145 3144 3143 3142 3141 3140 3135 3119 3090 3068 3052 3035 3009 2977 2948 2958 2980 3001 3027 3054 3074 3096 3115 3122 3124 3123 3120 3115 3100 3075 3058 3056
3145 3108 3113 3164 3180 3183 3182 3182 3181 3180 3180 3179 3179 3178 3177 3176 3176 3175 3174 3170 3166 3154 3153 3161 3160 3128 3117 3132 3150 3161 3163 3162 3161 3160 3159 3158 3157 3156 3155 3154 3153 3152 3151 3150 3149 3148 3147 3146 3145 3144 3143 3142 3141 3140 3137 3127 3085 3057 3033 3014 2987 2953 2948 2984 3017 3035 3041 3062 3080 3093 3109 3117 3119 3114 3107 3101 3091 3072 3048 3027
3103 3095 3109 3153 3179 3183 3183 3182 3182 3181 3180 3179 3179 3178 3178 3177 3176 3173 3169 3157 3132 3114 3132 3132 3131 3115 3127 3147 3159 3164 3163 3162 3161 3159 3159 3158 3157 3156 3155 3154 3153 3152 3150 3149 3147 3147 3146 3145 3144 3143 3142 3139 3139 3139 3136 3124 3080 3044 3018 2986 2960 2933 2957 3001 3034 3053 3063 3077 3091 3101 3109 3113 3111 3102 3089 3079 3072 3057 3036 3007
3086 3095 3129 3163 3181 3184 3183 3183 3182 3182 3179 3175 3179 3179 3178 3175 3174 3165 3152 3135 3104 3109 3124 3104 3109 3116 3138 3156 3162 3164 3163 3161 3156 3152 3152 3153 3156 3156 3155 3154 3152 3151 3149 3144 3139 3141 3145 3142 3139 3139 3139 3134 3133 3136 3132 3117 3082 3043 3009 2974 2937 2922 2956 2996 3030 3052 3069 3081 3090 3099 3104 3106 3101 3092 3078 3058 3044 3028 3015 2989
3071 3094 3132 3164 3182 3185 3184 3182 3176 3177 3171 3160 3175 3178 3173 3163 3166 3153 3130 3119 3098 3102 3115 3093 3094 3110 3138 3154 3155 3161 3162 3156 3137 3119 3121 3136 3152 3155 3154 3153 3152 3150 3144 3130 3099 3117 3136 3128 3119 3123 3130 3121 3115 3125 3126 3116 3092 3060 3013 2977 2939 2914 2947 2990 3018 3034 3051 3065 3078 3089 3094 3095 3088 3079 3067 3039 3010 2981 2956 2960
3059 3082 3122 3158 3181 3185 3185 3178 3153 3156 3148 3150 3170 3172 3156 3132 3147 3139 3115 3108 3092 3091 3104 3083 3081 3110 3138 3142 3135 3154 3158 3151 3128 3101 3092 3117 3148 3155 3154 3153 3150 3146 3131 3104 3079 3091 3107 3105 3086 3091 3113 3107 3088 3094 3109 3110 3097 3073 3034 2998 2960 2924 2934 2968 2983 3005 3030 3051 3071 3077 3080 3081 3071 3057 3051 3025 2987 2930 2892 2896
3060 3087 3123 3155 3180 3186 3186 3179 3151 3127 3123 3134 3156 3161 3139 3119 3132 3126 3104 3097 3082 3077 3090 3074 3069 3101 3131 3122 3127 3151 3156 3147 3121 3094 3094 3118 3147 3154 3154 3151 3143 3134 3114 3084 3063 3068 3079 3080 3064 3065 3091 3097 3072 3054 3078 3093 3089 3080 3061 3025 2985 2949 2929 2930 2953 2989 3023 3047 3062 3055 3062 3064 3051 3029 3029 3019 2982 2908 2835 2838
3082 3113 3137 3160 3181 3186 3186 3179 3154 3121 3107 3116 3142 3154 3136 3114 3123 3114 3092 3086 3070 3060 3071 3066 3062 3093 3116 3104 3122 3148 3154 3148 3121 3086 3093 3117 3141 3152 3154 3148 3129 3114 3111 3085 3054 3042 3054 3055 3037 3036 3068 3083 3062 3032 3048 3071 3058 3058 3051 3043 3016 2969 2927 2912 2948 2989 3019 3036 3040 3018 3042 3047 3035 3005 2986 2992 2946 2878 2812 2812
3104 3134 3158 3173 3183 3185 3183 3175 3154 3122 3100 3112 3138 3146 3125 3102 3111 3102 3076 3072 3058 3043 3052 3053 3048 3082 3088 3089 3114 3134 3145 3147 3123 3086 3079 3094 3118 3146 3151 3142 3105 3087 3097 3087 3056 3028 3020 3022 3013 3007 3038 3049 3047 3013 3013 3028 3010 3012 3010 3011 3007 2979 2935 2919 2949 2980 2993 3015 3006 2991 3022 3026 3010 2986 2933 2933 2909 2845 2794 2785
3111 3150 3170 3179 3183 3182 3177 3165 3141 3113 3093 3112 3123 3125 3123 3100 3099 3091 3068 3055 3047 3032 3039 3040 3038 3066 3061 3075 3099 3111 3129 3141 3115 3080 3065 3078 3099 3135 3147 3142 3110 3075 3067 3078 3055 3024 3000 2991 2983 2980 2995 3005 3018 2993 2969 2980 2966 2955 2955 2966 2974 2955 2924 2912 2936 2946 2961 2967 2964 2973 3000 3001 2972 2947 2893 2856 2844 2809 2782 2788
3112 3153 3172 3175 3178 3175 3165 3145 3117 3093 3079 3100 3100 3095 3110 3097 3087 3082 3065 3040 3034 3024 3024 3021 3028 3049 3037 3057 3077 3097 3124 3137 3105 3071 3058 3075 3087 3100 3139 3142 3119 3073 3046 3055 3052 3030 3002 2978 2960 2953 2956 2969 2984 2971 2948 2941 2936 2910 2909 2925 2932 2928 2902 2882 2895 2906 2928 2932 2928 2952 2957 2948 2941 2896 2841 2815 2803 2782 2769 2797
3124 3153 3166 3158 3167 3161 3140 3122 3085 3064 3066 3088 3081 3074 3094 3090 3070 3061 3062 3049 3034 3013 3004 3004 3018 3023 3013 3035 3069 3106 3128 3128 3089 3055 3047 3062 3065 3075 3119 3140 3129 3079 3038 3026 3029 3024 3014 2989 2962 2945 2933 2936 2957 2944 2928 2907 2905 2886 2882 2891 2900 2898 2876 2861 2867 2875 2882 2889 2888 2896 2895 2889 2885 2842 2801 2798 2794 2785 2779 2792
3148 3159 3160 3137 3144 3156 3135 3107 3075 3047 3058 3081 3068 3064 3083 3085 3065 3039 3045 3032 3029 3018 2997 2989 3005 2996 2994 3027 3071 3114 3131 3111 3064 3037 3026 3040 3043 3058 3101 3137 3132 3091 3043 3013 2999 2996 3002 2996 2980 2962 2935 2912 2905 2896 2892 2884 2882 2892 2912 2918 2920 2916 2899 2906 2905 2897 2888 2892 2879 2881 2863 2832 2815 2806 2801 2804 2803 2799 2786 2785
3154 3148 3141 3120 3125 3146 3125 3108 3078 3041 3047 3065 3053 3053 3072 3071 3052 3025 3026 3011 3014 3005 2992 2980 2986 2978 2995 3025 3049 3076 3111 3102 3056 3019 3007 3018 3030 3058 3103 3132 3120 3078 3044 3014 2991 2977 2975 2974 2964 2947 2931 2908 2881 2864 2858 2874 2903 2935 2965 2975 2960 2948 2929 2938 2942 2928 2919 2934 2919 2918 2904 2875 2842 2823 2826 2826 2817 2805 2790 2790
3139 3132 3120 3101 3113 3134 3102 3082 3061 3032 3033 3046 3033 3031 3053 3052 3016 3004 3008 2998 2998 2982 2970 2961 2969 2980 2991 3008 3019 3041 3071 3098 3063 3023 2996 3007 3030 3061 3095 3123 3111 3078 3047 3018 3001 2981 2964 2953 2942 2931 2920 2900 2876 2859 2849 2881 2929 2976 3002 3013 2991 2974 2947 2955 2967 2956 2951 2961 2957 2948 2931 2907 2858 2841 2846 2837 2818 2808 2820 2834
