Raw_GIS_Data/Gridded_temps/Temp_max/Monthly/PRISM_tmax_tutuila_30yr_normal_80mM1_04_asc.asc
ncols 381
nrows 202
xllcorner -170.851658
yllcorner -14.379175
cellsize 0.00083333333
NODATA_value -9999
[rows 72 to 107 of 202, columns 160 to 239 of 381]
3073 3064 3056 3039 3024 3013 2993 2963 2947 2937 2970 3016 3045 3065 3079 3088 3094 3096 3097 3100 3100 3102 3103 3104 3104 3104 3105 3105 3104 3104 3103 3103 3103 3103 3103 3104 3105 3105 3106 3107 3108 3108 3109 3109 3109 3109 3110 3110 3110 3110 3110 3111 3111 3111 3111 3112 3112 3112 3112 3112 3113 3113 3113 3113 3113 3111 3107 3095 3075 3058 3019 2983 2955 2926 2904 2851 2781 2780 2834 2893
3065 3047 3039 3029 3012 2996 2980 2954 2929 2928 2966 3013 3047 3069 3086 3095 3099 3099 3100 3101 3102 3103 3104 3105 3105 3105 3105 3105 3105 3105 3106 3105 3106 3106 3106 3106 3106 3107 3107 3108 3108 3108 3108 3108 3109 3109 3109 3109 3110 3110 3110 3110 3111 3111 3111 3111 3111 3112 3112 3112 3112 3113 3113 3113 3113 3109 3096 3063 3038 3026 2982 2955 2921 2872 2838 2792 2771 2784 2829 2862
3058 3040 3022 3007 2996 2982 2961 2942 2922 2926 2967 3013 3051 3074 3091 3097 3099 3100 3100 3100 3101 3101 3103 3104 3104 3104 3104 3105 3105 3105 3105 3105 3106 3106 3106 3106 3106 3107 3107 3107 3107 3108 3108 3108 3108 3109 3109 3109 3109 3109 3110 3110 3110 3110 3111 3111 3111 3111 3112 3112 3112 3112 3113 3113 3112 3104 3076 3031 2997 2980 2948 2909 2859 2821 2791 2797 2789 2794 2814 2819
3042 3032 3013 2989 2972 2964 2949 2924 2908 2930 2978 3023 3057 3079 3093 3098 3099 3098 3096 3094 3094 3096 3098 3101 3102 3101 3102 3103 3104 3104 3105 3105 3105 3105 3105 3106 3106 3106 3106 3107 3107 3107 3107 3108 3108 3108 3108 3109 3109 3109 3109 3110 3110 3110 3110 3111 3111 3111 3111 3112 3112 3112 3112 3112 3110 3096 3052 3025 2998 2972 2945 2917 2873 2836 2830 2861 2866 2843 2807 2798
3015 3012 2997 2980 2956 2938 2927 2909 2907 2944 2992 3034 3061 3078 3091 3096 3097 3093 3084 3070 3073 3079 3086 3094 3095 3094 3093 3097 3101 3103 3104 3104 3105 3105 3105 3105 3105 3106 3106 3106 3106 3107 3107 3107 3107 3108 3108 3108 3108 3109 3109 3109 3109 3110 3110 3110 3110 3111 3111 3111 3111 3112 3112 3112 3107 3084 3065 3055 3039 3026 3009 2973 2920 2909 2905 2915 2933 2888 2872 2845
2990 2986 2974 2956 2938 2914 2900 2896 2914 2948 2994 3031 3052 3071 3088 3094 3092 3083 3067 3037 3035 3043 3065 3082 3084 3078 3069 3081 3091 3097 3101 3103 3104 3104 3104 3105 3105 3105 3105 3106 3106 3106 3106 3107 3107 3107 3108 3108 3108 3108 3109 3109 3109 3109 3110 3110 3110 3110 3111 3111 3111 3111 3112 3111 3107 3094 3086 3078 3066 3051 3028 2977 2944 2945 2944 2942 2959 2944 2949 2919
2966 2961 2950 2927 2907 2896 2898 2913 2942 2969 3004 3032 3050 3073 3087 3090 3084 3071 3050 3014 2990 3015 3054 3071 3066 3057 3036 3051 3071 3084 3093 3099 3102 3103 3104 3104 3104 3104 3104 3104 3104 3104 3104 3105 3106 3107 3107 3107 3108 3108 3108 3108 3109 3109 3109 3110 3110 3110 3110 3111 3111 3111 3111 3111 3108 3100 3091 3071 3052 3037 3003 2951 2941 2966 2981 2979 2985 2986 2990 2973
2949 2937 2926 2901 2885 2895 2918 2952 2976 3004 3029 3051 3066 3079 3086 3084 3072 3057 3034 2994 2974 3011 3045 3046 3040 3028 3004 3018 3049 3063 3076 3090 3098 3102 3103 3103 3102 3101 3099 3098 3096 3098 3099 3102 3105 3106 3107 3107 3107 3108 3108 3108 3108 3109 3109 3109 3109 3110 3110 3110 3111 3111 3111 3110 3107 3099 3077 3049 3018 2996 2970 2917 2927 2971 3001 3011 3009 3014 3015 2994
2946 2914 2899 2882 2884 2908 2942 2976 3008 3032 3049 3062 3073 3080 3083 3079 3062 3036 3010 2991 2979 3003 3020 3008 3005 2994 2969 2981 3010 3035 3055 3083 3095 3099 3100 3100 3098 3092 3085 3081 3081 3090 3097 3103 3105 3106 3106 3106 3107 3107 3107 3108 3108 3108 3109 3109 3109 3109 3110 3110 3110 3111 3111 3111 3108 3100 3074 3038 3015 2992 2951 2913 2920 2965 3005 3025 3029 3036 3033 3005
2943 2904 2877 2873 2884 2904 2938 2975 3006 3029 3049 3064 3074 3079 3081 3078 3067 3049 3034 3024 3004 2998 2998 2979 2964 2959 2952 2962 2994 3035 3069 3087 3095 3096 3097 3095 3090 3076 3060 3065 3077 3091 3100 3104 3105 3105 3106 3106 3106 3107 3107 3107 3108 3108 3108 3108 3109 3109 3109 3110 3110 3110 3111 3111 3109 3103 3089 3058 3031 2989 2958 2926 2932 2979 3015 3034 3044 3057 3051 3029
2919 2899 2891 2901 2906 2914 2949 2985 3017 3036 3053 3066 3073 3075 3075 3072 3068 3061 3052 3037 3018 2997 2985 2963 2933 2932 2945 2981 3022 3055 3076 3085 3091 3092 3091 3087 3076 3055 3049 3073 3089 3097 3101 3104 3105 3105 3105 3106 3106 3106 3107 3107 3107 3108 3108 3108 3108 3109 3109 3109 3110 3110 3110 3110 3105 3098 3080 3049 3016 2992 2960 2935 2939 2977 3008 3025 3040 3063 3076 3057
2926 2910 2927 2945 2934 2935 2979 3006 3033 3048 3058 3064 3066 3064 3063 3059 3059 3056 3049 3036 3013 3002 2992 2968 2940 2940 2959 3003 3036 3052 3052 3067 3080 3081 3079 3071 3050 3035 3052 3079 3093 3098 3101 3103 3104 3104 3105 3105 3105 3106 3106 3106 3107 3107 3107 3108 3108 3108 3109 3109 3109 3110 3110 3107 3092 3072 3057 3037 3016 2985 2960 2957 2958 2987 3012 3030 3046 3066 3088 3078
2957 2934 2960 2972 2948 2937 2968 3007 3036 3048 3053 3055 3055 3046 3046 3043 3042 3037 3032 3033 3022 3007 2987 2960 2941 2952 2983 3014 3029 3024 3009 3043 3064 3063 3061 3054 3027 3021 3054 3079 3092 3097 3099 3101 3103 3104 3104 3105 3105 3105 3106 3106 3106 3107 3107 3107 3108 3108 3108 3109 3109 3109 3109 3106 3086 3045 3037 3031 3016 2992 2985 2986 2984 3008 3030 3047 3063 3076 3092 3090
2982 2959 2983 2988 2958 2941 2956 2997 3028 3040 3044 3046 3044 3030 3028 3025 3023 3006 3008 3022 3014 2991 2969 2940 2933 2947 2963 2982 2990 2988 2969 3015 3045 3035 3032 3028 3009 3021 3059 3081 3090 3093 3095 3098 3102 3103 3104 3104 3105 3105 3105 3106 3106 3106 3107 3107 3107 3108 3108 3108 3109 3109 3109 3109 3102 3085 3061 3045 3025 3009 3008 3000 2986 3004 3027 3044 3066 3085 3096 3096
3004 2987 3007 3005 2980 2968 2961 2986 3014 3028 3033 3035 3036 3023 3004 2996 3005 2984 2993 3008 2998 2981 2954 2914 2918 2933 2943 2953 2961 2962 2958 2994 3012 2990 2979 2984 3003 3044 3064 3072 3076 3078 3081 3089 3098 3102 3103 3103 3103 3104 3105 3105 3106 3106 3106 3107 3107 3107 3108 3108 3108 3109 3109 3109 3107 3099 3073 3047 3031 3024 3017 3001 2986 3005 3029 3047 3066 3083 3097 3099
3037 3030 3033 3025 3008 2989 2967 2980 3002 3014 3020 3023 3027 3023 2999 2974 2986 2971 2983 2991 2979 2965 2942 2897 2900 2916 2928 2939 2945 2945 2944 2955 2970 2956 2943 2966 3005 3027 3039 3044 3047 3045 3050 3074 3093 3099 3099 3097 3096 3101 3103 3105 3105 3105 3106 3106 3107 3107 3107 3108 3108 3108 3109 3109 3108 3103 3085 3051 3035 3034 3023 3007 3004 3014 3038 3066 3089 3100 3103 3099
3064 3054 3046 3034 3010 2983 2955 2963 2985 2999 3006 3008 3011 3017 3000 2972 2958 2945 2960 2960 2961 2927 2906 2878 2884 2904 2926 2942 2948 2941 2936 2944 2952 2946 2936 2950 2973 2991 2999 3002 3003 3003 3025 3068 3089 3094 3092 3081 3072 3090 3096 3102 3105 3105 3105 3106 3106 3107 3107 3107 3108 3108 3108 3109 3108 3103 3083 3048 3037 3040 3026 3018 3025 3024 3038 3076 3098 3105 3098 3081
3070 3055 3036 3019 3001 2972 2932 2935 2954 2975 2985 2986 2986 3006 2995 2964 2918 2897 2908 2900 2901 2867 2860 2856 2879 2907 2935 2954 2965 2954 2945 2956 2963 2958 2958 2967 2982 2990 2991 2993 2986 2997 3040 3065 3080 3081 3078 3057 3050 3066 3076 3096 3103 3105 3105 3105 3106 3106 3107 3107 3107 3108 3108 3108 3108 3105 3089 3054 3045 3043 3031 3034 3044 3035 3034 3071 3100 3105 3096 3081
3064 3044 3019 2995 2975 2943 2905 2898 2917 2939 2964 2959 2957 2992 2985 2953 2891 2841 2842 2847 2846 2843 2859 2878 2903 2933 2951 2968 2982 2970 2966 2975 2990 2979 2981 2998 3010 3008 3005 3016 3016 3013 3027 3044 3053 3056 3055 3048 3058 3085 3094 3101 3104 3104 3105 3105 3105 3106 3106 3107 3107 3107 3108 3108 3108 3105 3090 3061 3051 3043 3035 3047 3059 3051 3032 3063 3096 3106 3103 3093
3059 3045 3029 3011 2977 2920 2894 2880 2879 2910 2953 2936 2943 2978 2974 2948 2885 2822 2812 2822 2830 2850 2885 2918 2940 2964 2975 2985 2994 2991 3009 2999 3011 3001 2995 3009 3030 3038 3026 3034 3044 3036 3020 3018 3033 3056 3072 3077 3085 3097 3101 3103 3103 3104 3104 3105 3105 3105 3106 3106 3107 3107 3107 3108 3108 3106 3097 3068 3054 3047 3060 3064 3071 3060 3035 3055 3087 3105 3108 3098
3044 3039 3028 3008 2971 2927 2895 2870 2852 2898 2927 2899 2918 2957 2956 2933 2876 2821 2808 2821 2842 2871 2908 2943 2970 2975 2983 2999 3011 3021 3041 3038 3049 3051 3036 3021 3039 3063 3045 3046 3063 3058 3032 3035 3062 3083 3091 3095 3098 3101 3102 3103 3103 3103 3104 3104 3105 3105 3105 3106 3106 3107 3107 3107 3108 3107 3101 3081 3065 3067 3088 3088 3085 3061 3041 3058 3089 3107 3110 3105
3020 3022 3018 3001 2966 2925 2879 2850 2825 2863 2872 2865 2890 2932 2930 2902 2862 2837 2847 2858 2878 2907 2934 2939 2930 2925 2938 2980 3009 3021 3044 3058 3064 3071 3069 3055 3061 3077 3073 3066 3076 3074 3051 3065 3086 3095 3098 3099 3101 3101 3102 3102 3102 3103 3103 3104 3104 3105 3105 3105 3106 3106 3107 3107 3106 3102 3099 3094 3094 3099 3104 3104 3099 3081 3072 3084 3104 3111 3112 3111
2988 2998 3005 2992 2960 2926 2888 2832 2798 2830 2815 2839 2871 2896 2880 2865 2851 2857 2886 2901 2914 2931 2925 2896 2879 2880 2909 2959 2983 2992 3008 3031 3040 3062 3076 3079 3082 3087 3088 3086 3089 3089 3086 3089 3095 3099 3099 3100 3100 3101 3101 3102 3102 3102 3103 3103 3104 3104 3105 3105 3106 3106 3106 3106 3102 3090 3087 3096 3103 3107 3109 3109 3108 3104 3104 3106 3111 3112 3112 3112
2940 2960 2973 2974 2956 2933 2889 2826 2792 2805 2804 2832 2859 2866 2853 2844 2847 2857 2884 2902 2907 2916 2875 2841 2837 2845 2885 2920 2946 2961 2985 3012 3019 3046 3070 3078 3081 3085 3089 3091 3092 3094 3094 3096 3098 3098 3099 3099 3100 3100 3101 3101 3102 3102 3103 3103 3103 3104 3104 3105 3105 3106 3106 3106 3106 3102 3102 3105 3108 3109 3109 3110 3110 3110 3110 3111 3111 3112 3112 3112
2906 2910 2915 2939 2923 2898 2876 2819 2782 2781 2788 2819 2844 2838 2830 2835 2859 2881 2885 2861 2842 2845 2837 2830 2844 2860 2873 2881 2901 2939 2977 2994 3004 3029 3048 3059 3061 3066 3081 3087 3091 3093 3095 3096 3097 3098 3098 3099 3099 3100 3100 3101 3101 3102 3102 3103 3103 3103 3104 3104 3105 3105 3106 3106 3107 3106 3107 3108 3108 3109 3109 3109 3110 3110 3110 3111 3111 3111 3112 3112
2884 2849 2848 2878 2878 2848 2829 2790 2770 2770 2780 2802 2815 2795 2803 2823 2838 2818 2795 2786 2756 2770 2798 2830 2861 2886 2895 2896 2908 2924 2951 2982 3007 3022 3029 3032 3032 3028 3055 3067 3079 3085 3089 3094 3096 3097 3098 3098 3099 3099 3100 3100 3101 3101 3102 3102 3103 3103 3104 3104 3104 3105 3105 3106 3106 3107 3107 3107 3108 3108 3109 3109 3109 3110 3110 3110 3111 3111 3111 3112
2831 2806 2813 2829 2822 2791 2777 2789 2789 2793 2799 2799 2779 2762 2776 2781 2767 2733 2736 2739 2729 2761 2795 2823 2854 2892 2921 2927 2936 2943 2947 2967 2986 3003 3010 3010 3010 3007 3015 3029 3045 3054 3067 3085 3091 3094 3094 3097 3098 3099 3099 3100 3100 3101 3101 3102 3102 3103 3103 3104 3104 3105 3105 3105 3106 3106 3107 3107 3108 3108 3108 3109 3109 3110 3110 3110 3111 3111 3111 3112
2794 2796 2816 2833 2818 2806 2810 2813 2816 2822 2819 2811 2787 2764 2739 2728 2722 2705 2694 2696 2721 2755 2781 2807 2840 2879 2914 2936 2947 2964 2973 2965 2959 2968 2979 2979 2984 2982 2983 3002 3010 3020 3045 3070 3079 3083 3081 3088 3093 3097 3099 3099 3100 3100 3101 3101 3102 3102 3103 3103 3104 3104 3105 3105 3106 3106 3106 3107 3107 3108 3108 3109 3109 3109 3110 3110 3110 3111 -9999 3112
2779 2796 2822 2846 2835 2831 2842 2841 2842 2845 2831 2821 2811 2797 2727 2698 2682 2660 2682 2695 2713 2746 2769 2792 2819 2848 2880 2895 2908 2945 2977 2993 2981 2979 2984 2986 2988 2987 2986 2989 2981 3000 3022 3034 3049 3059 3049 3060 3075 3092 3098 3099 3099 3100 3100 3101 3101 3102 3102 3103 3104 3104 3105 3105 3105 3106 3106 3107 3107 3108 3108 3109 3109 3109 3110 3110 3110 -9999 -9999 -9999
2767 2795 2825 2852 2856 2859 2866 2867 2867 2860 2840 2830 2828 2835 2787 2750 2726 2677 2704 2716 2732 2773 2790 2793 2804 2839 2856 2856 2890 2925 2960 2988 3008 3011 3012 3014 3013 3016 3017 3014 3005 3003 3003 3008 3021 3031 3036 3054 3075 3092 3097 3098 3099 3099 3100 3100 3101 3102 3102 -9999 -9999 -9999 -9999 -9999 3105 3106 3106 3106 -9999 -9999 -9999 -9999 -9999 3109 -9999 -9999 -9999 -9999 -9999 -9999
2777 2807 2835 2851 2864 2876 2883 2888 2885 2870 2854 2845 2845 2866 2840 2806 2777 2724 2734 2737 2764 2810 2831 2827 2822 2854 2881 2884 2899 2918 2935 2955 2975 2997 3016 3029 3034 3042 3048 3044 3041 3030 3023 3008 3012 3022 3034 3059 3085 3095 3097 3098 3098 3099 3100 3100 -9999 -9999 -9999 -9999 -9999 -9999 -9999 -9999 -9999 -9999 -9999 -9999 -9999 -9999 -9999 -9999 -9999 -9999 -9999 -9999 -9999 -9999 -9999 -9999
2787 2804 2813 2820 2848 2872 2888 2901 2900 2887 2885 2869 2877 2889 2866 2853 2815 2776 2770 2750 2790 2831 2857 2865 2867 2878 2904 2928 2943 2949 2951 2953 2957 2969 2982 3005 3018 3040 3065 3070 3070 3062 3051 3032 3029 3035 3040 3061 3088 3096 3097 3097 3098 3099 3099 3100 -9999 -9999 -9999 -9999 -9999 -9999 -9999 -9999 -9999 -9999 -9999 -9999 -9999 -9999 -9999 -9999 -9999 -9999 -9999 -9999 -9999 -9999 -9999 -9999
2780 2786 2782 2803 2844 2874 2896 2912 2922 2915 2909 2899 2920 2912 2891 2863 2822 2805 2812 2795 2820 2849 2875 2898 2907 2917 2932 2951 2978 2990 2993 2988 2988 2986 2988 2978 2983 3013 3051 3074 3082 3080 3073 3061 3050 3057 3061 3076 3091 3095 3096 3097 3098 3098 3099 -9999 -9999 -9999 -9999 -9999 -9999 -9999 -9999 -9999 -9999 -9999 -9999 -9999 -9999 -9999 -9999 -9999 -9999 -9999 -9999 -9999 -9999 -9999 -9999 -9999
2764 2769 2773 2793 2825 2863 2892 2910 2928 2940 2939 2940 2948 2929 2899 2864 2832 2835 2840 2818 2836 2858 2875 2895 2915 2931 2945 2963 2982 2997 3017 3024 3029 3018 3019 3004 2984 3001 3031 3067 3083 3088 3086 3083 3075 3076 3079 3088 3094 3095 3096 3096 3097 3098 3098 -9999 -9999 -9999 -9999 -9999 -9999 -9999 -9999 -9999 -9999 -9999 -9999 -9999 -9999 -9999 -9999 -9999 -9999 -9999 -9999 -9999 -9999 -9999 -9999 -9999
2760 2766 2776 2795 2831 2861 2884 2899 2921 2950 2971 2972 2969 2937 2900 2868 2838 2846 2850 2836 2836 2847 2859 2872 2887 2902 2912 2930 2941 2967 3006 3034 3054 3051 3050 3031 3013 3013 3032 3057 3081 3088 3090 3090 3088 3088 3089 3092 3094 3095 3095 3096 3097 3097 -9999 -9999 -9999 -9999 -9999 -9999 -9999 -9999 -9999 -9999 -9999 -9999 -9999 -9999 -9999 -9999 -9999 -9999 -9999 -9999 -9999 -9999 -9999 -9999 -9999 -9999
2790 2791 2787 2784 2815 2856 2890 2911 2929 2951 2978 2983 2954 2935 2908 2876 2847 2852 2864 2865 2866 2876 2879 2890 2901 2916 2924 2923 2920 2942 2974 3011 3046 3065 3068 3059 3040 3050 3063 3060 3080 3088 3090 3091 3091 3091 3092 3093 3094 3094 3095 3096 3096 -9999 -9999 -9999 -9999 -9999 -9999 -9999 -9999 -9999 -9999 -9999 -9999 -9999 -9999 -9999 -9999 -9999 -9999 -9999 -9999 -9999 -9999 -9999 -9999 -9999 -9999 -9999
