Raw_GIS_Data/Gridded_temps/Temp_max/Monthly/PRISM_tmax_tutuila_30yr_normal_80mM1_08_asc.asc
ncols 381
nrows 202
xllcorner -170.851658
yllcorner -14.379175
cellsize 0.00083333333
NODATA_value -9999
[rows 72 to 107 of 202, columns 80 to 159 of 381]
-9999 -9999 -9999 -9999 -9999 -9999 -9999 -9999 -9999 -9999 -9999 -9999 -9999 -9999 -9999 -9999 -9999 -9999 -9999 -9999 -9999 -9999 -9999 -9999 -9999 -9999 -9999 -9999 -9999 -9999 -9999 -9999 -9999 -9999 -9999 -9999 -9999 -9999 -9999 -9999 -9999 -9999 -9999 -9999 -9999 -9999 -9999 -9999 -9999 -9999 -9999 -9999 -9999 -9999 -9999 -9999 -9999 -9999 -9999 -9999 -9999 -9999 -9999 -9999 -9999 -9999 -9999 -9999 -9999 -9999 -9999 2917 2917 2917 2917 2916 2916 2913 2911 2899
-9999 -9999 -9999 -9999 -9999 -9999 -9999 -9999 -9999 -9999 -9999 -9999 -9999 -9999 -9999 -9999 -9999 -9999 -9999 -9999 -9999 -9999 -9999 -9999 -9999 -9999 -9999 -9999 -9999 -9999 -9999 -9999 -9999 -9999 -9999 -9999 -9999 -9999 -9999 -9999 -9999 -9999 -9999 -9999 -9999 -9999 -9999 -9999 -9999 -9999 -9999 -9999 -9999 -9999 -9999 -9999 -9999 -9999 -9999 -9999 -9999 -9999 -9999 -9999 -9999 -9999 -9999 -9999 -9999 -9999 2916 2916 2916 2916 2916 2915 2911 2901 2901 2895
-9999 -9999 -9999 -9999 -9999 -9999 -9999 -9999 -9999 -9999 -9999 -9999 -9999 -9999 -9999 -9999 -9999 -9999 -9999 -9999 -9999 -9999 -9999 -9999 -9999 -9999 -9999 -9999 -9999 -9999 -9999 -9999 -9999 -9999 -9999 -9999 -9999 -9999 -9999 -9999 -9999 -9999 -9999 -9999 -9999 -9999 -9999 -9999 -9999 -9999 -9999 -9999 -9999 -9999 -9999 -9999 -9999 -9999 -9999 -9999 -9999 -9999 -9999 -9999 -9999 -9999 -9999 -9999 -9999 2916 2916 2916 2916 2916 2915 2912 2902 2874 2874 2882
-9999 -9999 -9999 -9999 -9999 -9999 -9999 -9999 -9999 -9999 -9999 -9999 -9999 -9999 -9999 -9999 -9999 -9999 -9999 -9999 -9999 -9999 -9999 -9999 -9999 -9999 -9999 -9999 -9999 -9999 -9999 -9999 -9999 -9999 -9999 -9999 -9999 -9999 -9999 -9999 -9999 -9999 -9999 -9999 -9999 -9999 -9999 -9999 -9999 -9999 -9999 -9999 -9999 -9999 -9999 -9999 -9999 -9999 -9999 -9999 -9999 -9999 -9999 -9999 -9999 -9999 -9999 -9999 2916 2916 2916 2916 2916 2915 2913 2908 2897 2871 2854 2860
-9999 -9999 -9999 -9999 -9999 -9999 -9999 -9999 -9999 -9999 -9999 -9999 -9999 -9999 -9999 -9999 -9999 -9999 -9999 -9999 -9999 -9999 -9999 -9999 -9999 -9999 -9999 -9999 -9999 -9999 -9999 -9999 -9999 -9999 -9999 -9999 -9999 -9999 -9999 -9999 -9999 -9999 -9999 -9999 -9999 -9999 -9999 -9999 -9999 -9999 -9999 -9999 -9999 -9999 -9999 -9999 -9999 -9999 -9999 -9999 -9999 -9999 -9999 -9999 -9999 -9999 -9999 2916 2916 2916 2915 2915 2915 2913 2905 2888 2884 2865 2836 2830
-9999 -9999 -9999 -9999 -9999 -9999 -9999 -9999 -9999 -9999 -9999 -9999 -9999 -9999 -9999 -9999 -9999 -9999 -9999 -9999 -9999 -9999 -9999 -9999 -9999 -9999 -9999 -9999 -9999 -9999 -9999 -9999 -9999 -9999 -9999 -9999 -9999 -9999 -9999 -9999 -9999 -9999 -9999 -9999 -9999 -9999 -9999 -9999 -9999 -9999 -9999 -9999 -9999 -9999 -9999 -9999 -9999 -9999 -9999 -9999 -9999 -9999 -9999 -9999 -9999 -9999 2916 2916 2915 2915 2915 2915 2915 2913 2901 2862 2864 2860 2830 2807
-9999 -9999 -9999 -9999 -9999 -9999 -9999 -9999 -9999 -9999 -9999 -9999 -9999 -9999 -9999 -9999 -9999 -9999 -9999 -9999 -9999 -9999 -9999 -9999 -9999 -9999 -9999 -9999 -9999 -9999 -9999 -9999 -9999 -9999 -9999 -9999 -9999 -9999 -9999 -9999 -9999 -9999 -9999 -9999 -9999 -9999 -9999 -9999 -9999 -9999 -9999 -9999 -9999 -9999 -9999 -9999 -9999 -9999 -9999 -9999 -9999 -9999 -9999 -9999 2915 2915 2915 2915 2915 2915 2915 2914 2914 2912 2900 2854 2846 2846 2829 2796
-9999 -9999 -9999 -9999 -9999 -9999 -9999 -9999 -9999 -9999 -9999 -9999 -9999 -9999 -9999 -9999 -9999 -9999 -9999 -9999 -9999 -9999 -9999 -9999 -9999 -9999 -9999 -9999 -9999 -9999 -9999 -9999 -9999 -9999 -9999 -9999 -9999 -9999 -9999 -9999 -9999 -9999 -9999 -9999 -9999 -9999 -9999 -9999 -9999 -9999 -9999 -9999 -9999 -9999 -9999 -9999 -9999 -9999 -9999 -9999 -9999 -9999 -9999 2915 2915 2915 2915 2915 2915 2914 2914 2914 2914 2913 2906 2878 2843 2825 2819 2794
-9999 -9999 -9999 -9999 -9999 -9999 -9999 -9999 -9999 -9999 -9999 -9999 -9999 -9999 -9999 -9999 -9999 -9999 -9999 -9999 -9999 -9999 -9999 -9999 -9999 -9999 -9999 -9999 -9999 -9999 -9999 -9999 -9999 -9999 -9999 -9999 -9999 -9999 -9999 -9999 -9999 -9999 -9999 -9999 -9999 -9999 -9999 -9999 -9999 -9999 -9999 -9999 -9999 -9999 -9999 -9999 -9999 -9999 -9999 -9999 -9999 -9999 2915 2915 2915 2915 2914 2914 2914 2914 2914 2914 2913 2913 2905 2872 2839 2807 2804 2794
-9999 -9999 -9999 -9999 -9999 -9999 -9999 -9999 -9999 -9999 -9999 -9999 -9999 -9999 -9999 -9999 -9999 -9999 -9999 -9999 -9999 -9999 -9999 -9999 -9999 -9999 -9999 -9999 -9999 -9999 -9999 -9999 -9999 -9999 -9999 -9999 -9999 -9999 -9999 -9999 -9999 -9999 -9999 -9999 -9999 -9999 -9999 -9999 -9999 -9999 -9999 -9999 -9999 -9999 -9999 -9999 -9999 -9999 -9999 -9999 2915 2915 2915 2915 2914 2914 2914 2914 2914 2913 2913 2913 2913 2912 2907 2884 2844 2799 2785 2780
-9999 -9999 -9999 -9999 -9999 -9999 -9999 -9999 -9999 -9999 -9999 -9999 -9999 -9999 -9999 -9999 -9999 -9999 -9999 -9999 -9999 -9999 -9999 -9999 -9999 -9999 -9999 -9999 -9999 -9999 -9999 -9999 -9999 -9999 -9999 -9999 -9999 -9999 -9999 -9999 -9999 -9999 -9999 -9999 -9999 -9999 -9999 -9999 -9999 -9999 -9999 -9999 -9999 -9999 -9999 -9999 -9999 -9999 2915 2915 2915 2915 2915 2914 2914 2914 2914 2913 2913 2913 2913 2913 2912 2912 2905 2883 2832 2793 2762 2751
-9999 -9999 -9999 -9999 -9999 -9999 -9999 -9999 -9999 -9999 -9999 -9999 -9999 -9999 -9999 -9999 -9999 -9999 -9999 -9999 -9999 -9999 -9999 -9999 -9999 -9999 -9999 -9999 -9999 -9999 -9999 -9999 -9999 -9999 -9999 -9999 -9999 -9999 -9999 -9999 -9999 -9999 -9999 -9999 -9999 -9999 -9999 -9999 -9999 -9999 -9999 -9999 -9999 -9999 -9999 -9999 2916 2916 2915 2915 2915 2914 2914 2914 2914 2913 2913 2913 2913 2913 2912 2912 2912 2908 2892 2856 2815 2784 2762 2753
-9999 -9999 -9999 -9999 -9999 -9999 -9999 -9999 -9999 -9999 -9999 -9999 -9999 -9999 -9999 -9999 -9999 -9999 -9999 -9999 -9999 -9999 -9999 -9999 -9999 -9999 -9999 -9999 -9999 -9999 -9999 -9999 -9999 -9999 -9999 -9999 -9999 -9999 -9999 -9999 -9999 -9999 -9999 -9999 -9999 -9999 -9999 -9999 -9999 -9999 -9999 -9999 -9999 -9999 -9999 2916 2916 2915 2915 2915 2914 2914 2914 2913 2910 2913 2913 2912 2912 2912 2912 2912 2911 2904 2880 2855 2835 2824 2807 2801
-9999 2934 -9999 -9999 2934 -9999 -9999 -9999 -9999 -9999 -9999 -9999 -9999 -9999 -9999 -9999 -9999 -9999 -9999 -9999 -9999 -9999 -9999 -9999 -9999 -9999 2927 2927 2926 -9999 -9999 -9999 -9999 -9999 -9999 -9999 -9999 -9999 -9999 -9999 -9999 -9999 -9999 -9999 -9999 -9999 -9999 -9999 -9999 -9999 -9999 -9999 -9999 -9999 2916 2916 2915 2915 2915 2914 2914 2914 2913 2907 2900 2908 2912 2912 2912 2912 2911 2911 2910 2906 2894 2880 2864 2858 2849 2834
2934 2934 2934 2934 2934 2934 -9999 -9999 -9999 -9999 -9999 -9999 -9999 -9999 -9999 -9999 -9999 -9999 -9999 -9999 -9999 -9999 -9999 -9999 -9999 2927 2927 2927 2926 2926 -9999 -9999 -9999 -9999 -9999 -9999 -9999 -9999 -9999 -9999 -9999 -9999 -9999 -9999 -9999 -9999 -9999 -9999 -9999 -9999 -9999 -9999 -9999 2916 2916 2915 2915 2914 2914 2914 2913 2913 2909 2895 2878 2895 2907 2911 2911 2911 2911 2911 2910 2910 2907 2902 2894 2889 2871 2848
2935 2934 2934 2934 2934 2934 2934 -9999 -9999 -9999 -9999 -9999 -9999 -9999 -9999 -9999 -9999 -9999 -9999 -9999 -9999 2929 2929 -9999 2928 2927 2927 2927 2926 2926 2925 -9999 -9999 -9999 -9999 -9999 -9999 -9999 -9999 -9999 -9999 -9999 -9999 -9999 -9999 -9999 -9999 -9999 -9999 -9999 -9999 -9999 2916 2916 2915 2915 2914 2914 2914 2913 2912 2910 2905 2882 2859 2868 2894 2903 2905 2906 2910 2910 2910 2910 2910 2909 2905 2899 2882 2870
2935 2935 2935 2934 2934 2934 2934 2934 -9999 -9999 -9999 -9999 -9999 -9999 -9999 -9999 -9999 -9999 -9999 2930 2930 2929 2929 2928 2928 2927 2927 2927 2926 2926 2925 2925 -9999 -9999 -9999 -9999 -9999 -9999 -9999 -9999 -9999 -9999 -9999 -9999 -9999 -9999 -9999 -9999 -9999 -9999 -9999 2916 2916 2915 2915 2914 2914 2914 2912 2910 2904 2897 2881 2838 2829 2840 2858 2875 2880 2889 2903 2907 2909 2909 2909 2909 2908 2905 2899 2893
2935 2935 2935 2935 2934 2934 2934 2934 2934 -9999 -9999 -9999 -9999 -9999 -9999 -9999 -9999 2931 2931 2930 2930 2929 2929 2928 2928 2928 2927 2927 2926 2926 2925 2925 2924 -9999 -9999 -9999 -9999 -9999 -9999 -9999 -9999 -9999 -9999 -9999 -9999 -9999 -9999 -9999 -9999 -9999 2916 2916 2915 2915 2914 2914 2913 2911 2906 2901 2883 2846 2811 2781 2796 2804 2824 2839 2853 2868 2884 2899 2907 2909 2909 2908 2908 2906 2902 2897
2936 2935 2935 2935 2935 2935 2934 2934 2934 2934 -9999 2933 -9999 -9999 -9999 2932 2931 2931 2931 2930 2930 2929 2929 2929 2928 2928 2927 2927 2926 2926 2925 2925 2924 2924 2924 2923 -9999 -9999 -9999 -9999 -9999 -9999 -9999 2919 2919 2918 -9999 2917 2917 2916 2916 2915 2915 2915 2914 2912 2906 2900 2885 2856 2840 2828 2801 2768 2767 2770 2782 2811 2838 2855 2872 2894 2905 2908 2908 2908 2906 2901 2898 2893
2935 2933 2935 2935 2935 2935 2935 2934 2934 2934 2934 2933 2933 2933 2932 2932 2931 2931 2931 2930 2930 2930 2929 2929 2928 2928 2926 2925 2923 2926 2925 2925 2924 2924 2923 2923 2922 -9999 -9999 -9999 -9999 -9999 2919 2919 2918 2918 2917 2917 2916 2916 2916 2915 2915 2914 2912 2907 2890 2877 2869 2842 2815 2797 2779 2750 2735 2745 2770 2821 2853 2876 2893 2902 2907 2908 2907 2905 2897 2880 2882 2884
2929 2921 2930 2935 2935 2935 2935 2935 2934 2934 2934 2933 2933 2933 2932 2932 2932 2931 2931 2931 2930 2930 2929 2929 2928 2926 2919 2915 2912 2922 2925 2925 2924 2924 2923 2923 2922 2922 -9999 -9999 2920 2920 2919 2919 2918 2918 2917 2917 2916 2916 2915 2915 2914 2912 2908 2896 2876 2857 2848 2828 2801 2768 2745 2734 2723 2747 2797 2834 2859 2883 2898 2903 2906 2906 2905 2900 2883 2854 2857 2863
2907 2886 2921 2931 2936 2936 2935 2935 2935 2934 2934 2934 2933 2933 2933 2932 2932 2932 2931 2931 2930 2927 2926 2928 2926 2917 2888 2892 2901 2920 2925 2925 2924 2924 2923 2923 2922 2922 2921 2921 2920 2920 2919 2919 2918 2917 2917 2916 2916 2915 2915 2914 2914 2913 2908 2892 2864 2842 2827 2810 2785 2753 2724 2734 2756 2778 2804 2831 2852 2874 2893 2901 2902 2902 2899 2894 2879 2854 2838 2835
2897 2860 2866 2917 2933 2936 2936 2935 2935 2935 2934 2934 2934 2933 2933 2933 2932 2932 2931 2928 2924 2913 2912 2920 2919 2888 2878 2893 2912 2923 2926 2925 2924 2924 2923 2923 2922 2922 2921 2921 2920 2919 2919 2918 2918 2917 2917 2916 2916 2915 2915 2914 2914 2913 2911 2901 2860 2831 2808 2790 2763 2730 2725 2760 2794 2812 2818 2840 2859 2871 2887 2896 2898 2893 2886 2881 2871 2852 2828 2807
2855 2847 2862 2905 2931 2936 2936 2936 2935 2935 2935 2934 2934 2934 2933 2933 2932 2930 2926 2914 2890 2872 2890 2891 2890 2875 2887 2907 2921 2926 2926 2925 2924 2923 2923 2922 2922 2922 2921 2920 2920 2919 2919 2918 2917 2917 2916 2916 2915 2915 2914 2912 2913 2913 2910 2898 2855 2820 2794 2762 2736 2710 2734 2778 2812 2831 2841 2855 2870 2880 2888 2893 2890 2882 2869 2860 2852 2838 2817 2787
2837 2846 2881 2915 2934 2937 2936 2936 2935 2935 2933 2929 2933 2934 2933 2930 2929 2921 2909 2892 2861 2867 2882 2863 2869 2876 2899 2916 2923 2926 2926 2924 2919 2916 2916 2918 2922 2922 2921 2920 2920 2919 2918 2913 2909 2911 2915 2913 2911 2911 2911 2906 2907 2910 2907 2892 2858 2819 2785 2751 2714 2699 2734 2774 2808 2830 2847 2860 2869 2878 2883 2885 2881 2873 2859 2839 2825 2809 2796 2770
2822 2845 2884 2916 2934 2937 2937 2935 2929 2931 2925 2914 2929 2933 2927 2918 2921 2910 2886 2876 2855 2860 2873 2851 2853 2869 2898 2914 2916 2922 2924 2919 2901 2882 2885 2901 2917 2921 2921 2920 2920 2919 2913 2899 2869 2887 2906 2900 2890 2895 2902 2894 2888 2899 2900 2891 2867 2836 2789 2754 2716 2692 2725 2768 2796 2813 2830 2844 2857 2869 2874 2875 2869 2860 2848 2820 2792 2763 2737 2741
2810 2833 2873 2909 2932 2937 2937 2931 2906 2909 2901 2904 2924 2926 2910 2887 2902 2895 2871 2865 2849 2849 2862 2841 2840 2870 2898 2903 2896 2915 2920 2914 2891 2865 2857 2882 2914 2921 2921 2920 2918 2914 2900 2873 2849 2861 2878 2876 2858 2864 2886 2880 2862 2868 2884 2885 2873 2849 2811 2775 2737 2702 2713 2747 2762 2784 2809 2830 2851 2858 2861 2862 2852 2838 2833 2807 2769 2712 2675 2678
2810 2838 2874 2906 2932 2937 2937 2931 2903 2880 2876 2887 2910 2915 2893 2874 2887 2882 2860 2854 2839 2835 2848 2832 2828 2860 2890 2882 2888 2912 2918 2910 2884 2857 2858 2883 2912 2920 2921 2918 2911 2902 2883 2853 2834 2838 2850 2851 2836 2838 2865 2871 2847 2829 2853 2868 2865 2856 2838 2803 2763 2728 2708 2709 2733 2768 2803 2828 2843 2837 2843 2845 2833 2811 2811 2801 2764 2691 2618 2621
2832 2863 2887 2911 2932 2937 2937 2931 2906 2874 2859 2869 2896 2907 2890 2868 2878 2870 2848 2842 2827 2818 2829 2824 2820 2852 2875 2864 2883 2909 2916 2911 2884 2850 2857 2881 2906 2918 2920 2915 2897 2882 2880 2855 2825 2813 2825 2827 2810 2809 2842 2858 2837 2807 2823 2847 2835 2835 2829 2821 2794 2748 2706 2690 2728 2770 2800 2817 2821 2800 2824 2829 2817 2788 2768 2775 2730 2662 2596 2595
2852 2884 2908 2923 2934 2936 2934 2926 2905 2874 2852 2865 2891 2899 2879 2856 2866 2858 2831 2828 2814 2800 2810 2811 2807 2841 2848 2850 2874 2895 2907 2910 2886 2850 2843 2859 2883 2912 2918 2909 2873 2855 2866 2856 2826 2799 2792 2794 2786 2780 2812 2824 2822 2789 2789 2805 2788 2790 2788 2789 2786 2758 2715 2699 2729 2761 2774 2796 2788 2770 2804 2808 2793 2769 2716 2716 2693 2629 2578 2569
2860 2899 2920 2929 2933 2932 2928 2916 2892 2865 2845 2864 2875 2878 2877 2854 2854 2846 2823 2810 2803 2788 2796 2798 2796 2825 2820 2835 2859 2872 2890 2904 2878 2844 2829 2842 2864 2902 2914 2909 2878 2844 2836 2848 2826 2795 2772 2763 2756 2753 2769 2780 2794 2769 2749 2757 2743 2733 2733 2745 2753 2734 2704 2692 2717 2727 2743 2749 2747 2756 2786 2784 2756 2730 2677 2640 2628 2593 2566 2572
2861 2902 2921 2924 2928 2924 2915 2896 2868 2845 2831 2852 2852 2848 2863 2851 2842 2837 2820 2795 2790 2780 2780 2778 2786 2808 2796 2817 2837 2858 2885 2899 2868 2835 2822 2840 2852 2866 2906 2909 2887 2842 2815 2825 2822 2801 2774 2751 2733 2727 2730 2744 2759 2747 2725 2718 2714 2688 2688 2704 2712 2708 2683 2663 2676 2688 2710 2715 2711 2735 2740 2732 2725 2680 2625 2602 2588 2567 2554 2582
2872 2901 2915 2907 2917 2911 2890 2872 2836 2815 2817 2840 2833 2826 2847 2843 2824 2815 2816 2804 2789 2769 2761 2761 2776 2781 2772 2795 2830 2868 2890 2890 2852 2818 2811 2827 2830 2841 2886 2908 2897 2848 2808 2797 2800 2795 2786 2762 2735 2719 2708 2711 2733 2720 2705 2685 2683 2665 2662 2671 2680 2678 2657 2643 2649 2657 2665 2672 2672 2679 2679 2674 2669 2626 2586 2583 2579 2571 2564 2577
2896 2907 2909 2886 2893 2905 2884 2857 2825 2797 2809 2832 2820 2816 2835 2837 2818 2792 2798 2786 2784 2773 2754 2746 2763 2754 2753 2786 2831 2875 2892 2873 2827 2800 2790 2805 2808 2824 2868 2905 2901 2860 2812 2784 2771 2768 2775 2769 2753 2736 2710 2687 2682 2673 2669 2662 2660 2671 2692 2698 2700 2697 2681 2689 2687 2679 2671 2675 2663 2665 2647 2617 2600 2591 2587 2590 2589 2585 2572 2572
2901 2895 2889 2868 2874 2895 2874 2857 2828 2791 2798 2816 2804 2804 2824 2823 2805 2779 2780 2766 2769 2761 2749 2737 2743 2736 2753 2784 2809 2837 2872 2863 2819 2782 2771 2782 2795 2824 2870 2900 2889 2847 2813 2784 2762 2749 2748 2748 2738 2722 2706 2684 2657 2641 2636 2652 2682 2715 2745 2755 2741 2729 2711 2721 2725 2711 2703 2719 2703 2702 2689 2660 2628 2609 2612 2612 2603 2592 2577 2576
2886 2879 2867 2848 2861 2882 2851 2831 2811 2782 2782 2796 2784 2782 2804 2804 2768 2757 2762 2752 2752 2737 2726 2718 2726 2737 2750 2767 2779 2801 2832 2860 2826 2786 2760 2772 2796 2827 2862 2891 2880 2847 2817 2788 2772 2753 2737 2727 2717 2706 2695 2676 2653 2636 2627 2660 2708 2756 2783 2794 2772 2757 2730 2738 2751 2740 2735 2746 2742 2733 2717 2693 2644 2627 2632 2623 2605 2595 2607 2621
