Raw_GIS_Data/Gridded_temps/Temp_max/Monthly/PRISM_tmax_tutuila_30yr_normal_80mM1_01_asc.asc
ncols 381
nrows 202
xllcorner -170.851658
yllcorner -14.379175
cellsize 0.00083333333
NODATA_value -9999
[rows 72 to 107 of 202, columns 160 to 239 of 381]
3083 3074 3066 3049 3034 3023 3003 2973 2957 2947 2980 3026 3055 3075 3089 3098 3104 3106 3107 3110 3110 3112 3113 3114 3114 3114 3115 3115 3114 3114 3113 3113 3113 3113 3113 3114 3115 3115 3116 3117 3118 3118 3119 3119 3119 3119 3120 3120 3120 3120 3120 3121 3121 3121 3121 3122 3122 3122 3122 3122 3123 3123 3123 3123 3123 3121 3117 3105 3085 3068 3029 2993 2965 2936 2914 2861 2791 2790 2844 2903
3075 3057 3049 3039 3022 3006 2990 2964 2939 2938 2976 3023 3057 3079 3096 3105 3109 3109 3110 3111 3112 3113 3114 3115 3115 3115 3115 3115 3115 3115 3116 3115 3116 3116 3116 3116 3116 3117 3117 3118 3118 3118 3118 3118 3119 3119 3119 3119 3120 3120 3120 3120 3121 3121 3121 3121 3121 3122 3122 3122 3122 3123 3123 3123 3123 3119 3106 3073 3048 3036 2992 2965 2931 2882 2848 2802 2781 2794 2839 2872
3068 3050 3032 3017 3006 2992 2971 2952 2932 2936 2977 3023 3061 3084 3101 3107 3109 3110 3110 3110 3111 3111 3113 3114 3114 3114 3114 3115 3115 3115 3115 3115 3116 3116 3116 3116 3116 3117 3117 3117 3117 3118 3118 3118 3118 3119 3119 3119 3119 3119 3120 3120 3120 3120 3121 3121 3121 3121 3122 3122 3122 3122 3123 3123 3122 3114 3086 3041 3007 2990 2958 2919 2869 2831 2801 2807 2799 2804 2824 2829
3052 3042 3023 2999 2982 2974 2959 2934 2918 2940 2988 3033 3067 3089 3103 3108 3109 3108 3106 3104 3104 3106 3108 3111 3112 3111 3112 3113 3114 3114 3115 3115 3115 3115 3115 3116 3116 3116 3116 3117 3117 3117 3117 3118 3118 3118 3118 3119 3119 3119 3119 3120 3120 3120 3120 3121 3121 3121 3121 3122 3122 3122 3122 3122 3120 3106 3062 3035 3008 2982 2955 2927 2883 2846 2840 2871 2876 2853 2817 2808
3025 3022 3007 2990 2966 2948 2937 2919 2917 2954 3002 3044 3071 3088 3101 3106 3107 3103 3094 3080 3083 3089 3096 3104 3105 3104 3103 3107 3111 3113 3114 3114 3115 3115 3115 3115 3115 3116 3116 3116 3116 3117 3117 3117 3117 3118 3118 3118 3118 3119 3119 3119 3119 3120 3120 3120 3120 3121 3121 3121 3121 3122 3122 3122 3117 3094 3075 3065 3049 3036 3019 2983 2930 2919 2915 2925 2943 2898 2882 2855
3000 2996 2984 2966 2948 2924 2910 2906 2924 2958 3004 3041 3062 3081 3098 3104 3102 3093 3077 3047 3045 3053 3075 3092 3094 3088 3079 3091 3101 3107 3111 3113 3114 3114 3114 3115 3115 3115 3115 3116 3116 3116 3116 3117 3117 3117 3118 3118 3118 3118 3119 3119 3119 3119 3120 3120 3120 3120 3121 3121 3121 3121 3122 3121 3117 3104 3096 3088 3076 3061 3038 2987 2954 2955 2954 2952 2969 2954 2959 2929
2976 2971 2960 2937 2917 2906 2908 2923 2952 2979 3014 3042 3060 3083 3097 3100 3094 3081 3060 3024 3000 3025 3064 3081 3076 3067 3046 3061 3081 3094 3103 3109 3112 3113 3114 3114 3114 3114 3114 3114 3114 3114 3114 3115 3116 3117 3117 3117 3118 3118 3118 3118 3119 3119 3119 3120 3120 3120 3120 3121 3121 3121 3121 3121 3118 3110 3101 3081 3062 3047 3013 2961 2951 2976 2991 2989 2995 2996 3000 2983
2959 2947 2936 2911 2895 2905 2928 2962 2986 3014 3039 3061 3076 3089 3096 3094 3082 3067 3044 3004 2984 3021 3055 3056 3050 3038 3014 3028 3059 3073 3086 3100 3108 3112 3113 3113 3112 3111 3109 3108 3106 3108 3109 3112 3115 3116 3117 3117 3117 3118 3118 3118 3118 3119 3119 3119 3119 3120 3120 3120 3121 3121 3121 3120 3117 3109 3087 3059 3028 3006 2980 2927 2937 2981 3011 3021 3019 3024 3025 3004
2956 2924 2909 2892 2894 2918 2952 2986 3018 3042 3059 3072 3083 3090 3093 3089 3072 3046 3020 3001 2989 3013 3030 3018 3015 3004 2979 2991 3020 3045 3065 3093 3105 3109 3110 3110 3108 3102 3095 3091 3091 3100 3107 3113 3115 3116 3116 3116 3117 3117 3117 3118 3118 3118 3119 3119 3119 3119 3120 3120 3120 3121 3121 3121 3118 3110 3084 3048 3025 3002 2961 2923 2930 2975 3015 3035 3039 3046 3043 3015
2953 2914 2887 2883 2894 2914 2948 2985 3016 3039 3059 3074 3084 3089 3091 3088 3077 3059 3044 3034 3014 3008 3008 2989 2974 2969 2962 2972 3004 3045 3079 3097 3105 3106 3107 3105 3100 3086 3070 3075 3087 3101 3110 3114 3115 3115 3116 3116 3116 3117 3117 3117 3118 3118 3118 3118 3119 3119 3119 3120 3120 3120 3121 3121 3119 3113 3099 3068 3041 2999 2968 2936 2942 2989 3025 3044 3054 3067 3061 3039
2929 2909 2901 2911 2916 2924 2959 2995 3027 3046 3063 3076 3083 3085 3085 3082 3078 3071 3062 3047 3028 3007 2995 2973 2943 2942 2955 2991 3032 3065 3086 3095 3101 3102 3101 3097 3086 3065 3059 3083 3099 3107 3111 3114 3115 3115 3115 3116 3116 3116 3117 3117 3117 3118 3118 3118 3118 3119 3119 3119 3120 3120 3120 3120 3115 3108 3090 3059 3026 3002 2970 2945 2949 2987 3018 3035 3050 3073 3086 3067
2936 2920 2937 2955 2944 2945 2989 3016 3043 3058 3068 3074 3076 3074 3073 3069 3069 3066 3059 3046 3023 3012 3002 2978 2950 2950 2969 3013 3046 3062 3062 3077 3090 3091 3089 3081 3060 3045 3062 3089 3103 3108 3111 3113 3114 3114 3115 3115 3115 3116 3116 3116 3117 3117 3117 3118 3118 3118 3119 3119 3119 3120 3120 3117 3102 3082 3067 3047 3026 2995 2970 2967 2968 2997 3022 3040 3056 3076 3098 3088
2967 2944 2970 2982 2958 2947 2978 3017 3046 3058 3063 3065 3065 3056 3056 3053 3052 3047 3042 3043 3032 3017 2997 2970 2951 2962 2993 3024 3039 3034 3019 3053 3074 3073 3071 3064 3037 3031 3064 3089 3102 3107 3109 3111 3113 3114 3114 3115 3115 3115 3116 3116 3116 3117 3117 3117 3118 3118 3118 3119 3119 3119 3119 3116 3096 3055 3047 3041 3026 3002 2995 2996 2994 3018 3040 3057 3073 3086 3102 3100
2992 2969 2993 2998 2968 2951 2966 3007 3038 3050 3054 3056 3054 3040 3038 3035 3033 3016 3018 3032 3024 3001 2979 2950 2943 2957 2973 2992 3000 2998 2979 3025 3055 3045 3042 3038 3019 3031 3069 3091 3100 3103 3105 3108 3112 3113 3114 3114 3115 3115 3115 3116 3116 3116 3117 3117 3117 3118 3118 3118 3119 3119 3119 3119 3112 3095 3071 3055 3035 3019 3018 3010 2996 3014 3037 3054 3076 3095 3106 3106
3014 2997 3017 3015 2990 2978 2971 2996 3024 3038 3043 3045 3046 3033 3014 3006 3015 2994 3003 3018 3008 2991 2964 2924 2928 2943 2953 2963 2971 2972 2968 3004 3022 3000 2989 2994 3013 3054 3074 3082 3086 3088 3091 3099 3108 3112 3113 3113 3113 3114 3115 3115 3116 3116 3116 3117 3117 3117 3118 3118 3118 3119 3119 3119 3117 3109 3083 3057 3041 3034 3027 3011 2996 3015 3039 3057 3076 3093 3107 3109
3047 3040 3043 3035 3018 2999 2977 2990 3012 3024 3030 3033 3037 3033 3009 2984 2996 2981 2993 3001 2989 2975 2952 2907 2910 2926 2938 2949 2955 2955 2954 2965 2980 2966 2953 2976 3015 3037 3049 3054 3057 3055 3060 3084 3103 3109 3109 3107 3106 3111 3113 3115 3115 3115 3116 3116 3117 3117 3117 3118 3118 3118 3119 3119 3118 3113 3095 3061 3045 3044 3033 3017 3014 3024 3048 3076 3099 3110 3113 3109
3074 3064 3056 3044 3020 2993 2965 2973 2995 3009 3016 3018 3021 3027 3010 2982 2968 2955 2970 2970 2971 2937 2916 2888 2894 2914 2936 2952 2958 2951 2946 2954 2962 2956 2946 2960 2983 3001 3009 3012 3013 3013 3035 3078 3099 3104 3102 3091 3082 3100 3106 3112 3115 3115 3115 3116 3116 3117 3117 3117 3118 3118 3118 3119 3118 3113 3093 3058 3047 3050 3036 3028 3035 3034 3048 3086 3108 3115 3108 3091
3080 3065 3046 3029 3011 2982 2942 2945 2964 2985 2995 2996 2996 3016 3005 2974 2928 2907 2918 2910 2911 2877 2870 2866 2889 2917 2945 2964 2975 2964 2955 2966 2973 2968 2968 2977 2992 3000 3001 3003 2996 3007 3050 3075 3090 3091 3088 3067 3060 3076 3086 3106 3113 3115 3115 3115 3116 3116 3117 3117 3117 3118 3118 3118 3118 3115 3099 3064 3055 3053 3041 3044 3054 3045 3044 3081 3110 3115 3106 3091
3074 3054 3029 3005 2985 2953 2915 2908 2927 2949 2974 2969 2967 3002 2995 2963 2901 2851 2852 2857 2856 2853 2869 2888 2913 2943 2961 2978 2992 2980 2976 2985 3000 2989 2991 3008 3020 3018 3015 3026 3026 3023 3037 3054 3063 3066 3065 3058 3068 3095 3104 3111 3114 3114 3115 3115 3115 3116 3116 3117 3117 3117 3118 3118 3118 3115 3100 3071 3061 3053 3045 3057 3069 3061 3042 3073 3106 3116 3113 3103
3069 3055 3039 3021 2987 2930 2904 2890 2889 2920 2963 2946 2953 2988 2984 2958 2895 2832 2822 2832 2840 2860 2895 2928 2950 2974 2985 2995 3004 3001 3019 3009 3021 3011 3005 3019 3040 3048 3036 3044 3054 3046 3030 3028 3043 3066 3082 3087 3095 3107 3111 3113 3113 3114 3114 3115 3115 3115 3116 3116 3117 3117 3117 3118 3118 3116 3107 3078 3064 3057 3070 3074 3081 3070 3045 3065 3097 3115 3118 3108
3054 3049 3038 3018 2981 2937 2905 2880 2862 2908 2937 2909 2928 2967 2966 2943 2886 2831 2818 2831 2852 2881 2918 2953 2980 2985 2993 3009 3021 3031 3051 3048 3059 3061 3046 3031 3049 3073 3055 3056 3073 3068 3042 3045 3072 3093 3101 3105 3108 3111 3112 3113 3113 3113 3114 3114 3115 3115 3115 3116 3116 3117 3117 3117 3118 3117 3111 3091 3075 3077 3098 3098 3095 3071 3051 3068 3099 3117 3120 3115
3030 3032 3028 3011 2976 2935 2889 2860 2835 2873 2882 2875 2900 2942 2940 2912 2872 2847 2857 2868 2888 2917 2944 2949 2940 2935 2948 2990 3019 3031 3054 3068 3074 3081 3079 3065 3071 3087 3083 3076 3086 3084 3061 3075 3096 3105 3108 3109 3111 3111 3112 3112 3112 3113 3113 3114 3114 3115 3115 3115 3116 3116 3117 3117 3116 3112 3109 3104 3104 3109 3114 3114 3109 3091 3082 3094 3114 3121 3122 3121
2998 3008 3015 3002 2970 2936 2898 2842 2808 2840 2825 2849 2881 2906 2890 2875 2861 2867 2896 2911 2924 2941 2935 2906 2889 2890 2919 2969 2993 3002 3018 3041 3050 3072 3086 3089 3092 3097 3098 3096 3099 3099 3096 3099 3105 3109 3109 3110 3110 3111 3111 3112 3112 3112 3113 3113 3114 3114 3115 3115 3116 3116 3116 3116 3112 3100 3097 3106 3113 3117 3119 3119 3118 3114 3114 3116 3121 3122 3122 3122
2950 2970 2983 2984 2966 2943 2899 2836 2802 2815 2814 2842 2869 2876 2863 2854 2857 2867 2894 2912 2917 2926 2885 2851 2847 2855 2895 2930 2956 2971 2995 3022 3029 3056 3080 3088 3091 3095 3099 3101 3102 3104 3104 3106 3108 3108 3109 3109 3110 3110 3111 3111 3112 3112 3113 3113 3113 3114 3114 3115 3115 3116 3116 3116 3116 3112 3112 3115 3118 3119 3119 3120 3120 3120 3120 3121 3121 3122 3122 3122
2916 2920 2925 2949 2933 2908 2886 2829 2792 2791 2798 2829 2854 2848 2840 2845 2869 2891 2895 2871 2852 2855 2847 2840 2854 2870 2883 2891 2911 2949 2987 3004 3014 3039 3058 3069 3071 3076 3091 3097 3101 3103 3105 3106 3107 3108 3108 3109 3109 3110 3110 3111 3111 3112 3112 3113 3113 3113 3114 3114 3115 3115 3116 3116 3117 3116 3117 3118 3118 3119 3119 3119 3120 3120 3120 3121 3121 3121 3122 3122
2894 2859 2858 2888 2888 2858 2839 2800 2780 2780 2790 2812 2825 2805 2813 2833 2848 2828 2805 2796 2766 2780 2808 2840 2871 2896 2905 2906 2918 2934 2961 2992 3017 3032 3039 3042 3042 3038 3065 3077 3089 3095 3099 3104 3106 3107 3108 3108 3109 3109 3110 3110 3111 3111 3112 3112 3113 3113 3114 3114 3114 3115 3115 3116 3116 3117 3117 3117 3118 3118 3119 3119 3119 3120 3120 3120 3121 3121 3121 3122
2841 2816 2823 2839 2832 2801 2787 2799 2799 2803 2809 2809 2789 2772 2786 2791 2777 2743 2746 2749 2739 2771 2805 2833 2864 2902 2931 2937 2946 2953 2957 2977 2996 3013 3020 3020 3020 3017 3025 3039 3055 3064 3077 3095 3101 3104 3104 3107 3108 3109 3109 3110 3110 3111 3111 3112 3112 3113 3113 3114 3114 3115 3115 3115 3116 3116 3117 3117 3118 3118 3118 3119 3119 3120 3120 3120 3121 3121 3121 3122
2804 2806 2826 2843 2828 2816 2820 2823 2826 2832 2829 2821 2797 2774 2749 2738 2732 2715 2704 2706 2731 2765 2791 2817 2850 2889 2924 2946 2957 2974 2983 2975 2969 2978 2989 2989 2994 2992 2993 3012 3020 3030 3055 3080 3089 3093 3091 3098 3103 3107 3109 3109 3110 3110 3111 3111 3112 3112 3113 3113 3114 3114 3115 3115 3116 3116 3116 3117 3117 3118 3118 3119 3119 3119 3120 3120 3120 3121 -9999 3122
2789 2806 2832 2856 2845 2841 2852 2851 2852 2855 2841 2831 2821 2807 2737 2708 2692 2670 2692 2705 2723 2756 2779 2802 2829 2858 2890 2905 2918 2955 2987 3003 2991 2989 2994 2996 2998 2997 2996 2999 2991 3010 3032 3044 3059 3069 3059 3070 3085 3102 3108 3109 3109 3110 3110 3111 3111 3112 3112 3113 3114 3114 3115 3115 3115 3116 3116 3117 3117 3118 3118 3119 3119 3119 3120 3120 3120 -9999 -9999 -9999
2777 2805 2835 2862 2866 2869 2876 2877 2877 2870 2850 2840 2838 2845 2797 2760 2736 2687 2714 2726 2742 2783 2800 2803 2814 2849 2866 2866 2900 2935 2970 2998 3018 3021 3022 3024 3023 3026 3027 3024 3015 3013 3013 3018 3031 3041 3046 3064 3085 3102 3107 3108 3109 3109 3110 3110 3111 3112 3112 -9999 -9999 -9999 -9999 -9999 3115 3116 3116 3116 -9999 -9999 -9999 -9999 -9999 3119 -9999 -9999 -9999 -9999 -9999 -9999
2787 2817 2845 2861 2874 2886 2893 2898 2895 2880 2864 2855 2855 2876 2850 2816 2787 2734 2744 2747 2774 2820 2841 2837 2832 2864 2891 2894 2909 2928 2945 2965 2985 3007 3026 3039 3044 3052 3058 3054 3051 3040 3033 3018 3022 3032 3044 3069 3095 3105 3107 3108 3108 3109 3110 3110 -9999 -9999 -9999 -9999 -9999 -9999 -9999 -9999 -9999 -9999 -9999 -9999 -9999 -9999 -9999 -9999 -9999 -9999 -9999 -9999 -9999 -9999 -9999 -9999
2797 2814 2823 2830 2858 2882 2898 2911 2910 2897 2895 2879 2887 2899 2876 2863 2825 2786 2780 2760 2800 2841 2867 2875 2877 2888 2914 2938 2953 2959 2961 2963 2967 2979 2992 3015 3028 3050 3075 3080 3080 3072 3061 3042 3039 3045 3050 3071 3098 3106 3107 3107 3108 3109 3109 3110 -9999 -9999 -9999 -9999 -9999 -9999 -9999 -9999 -9999 -9999 -9999 -9999 -9999 -9999 -9999 -9999 -9999 -9999 -9999 -9999 -9999 -9999 -9999 -9999
2790 2796 2792 2813 2854 2884 2906 2922 2932 2925 2919 2909 2930 2922 2901 2873 2832 2815 2822 2805 2830 2859 2885 2908 2917 2927 2942 2961 2988 3000 3003 2998 2998 2996 2998 2988 2993 3023 3061 3084 3092 3090 3083 3071 3060 3067 3071 3086 3101 3105 3106 3107 3108 3108 3109 -9999 -9999 -9999 -9999 -9999 -9999 -9999 -9999 -9999 -9999 -9999 -9999 -9999 -9999 -9999 -9999 -9999 -9999 -9999 -9999 -9999 -9999 -9999 -9999 -9999
2774 2779 2783 2803 2835 2873 2902 2920 2938 2950 2949 2950 2958 2939 2909 2874 2842 2845 2850 2828 2846 2868 2885 2905 2925 2941 2955 2973 2992 3007 3027 3034 3039 3028 3029 3014 2994 3011 3041 3077 3093 3098 3096 3093 3085 3086 3089 3098 3104 3105 3106 3106 3107 3108 3108 -9999 -9999 -9999 -9999 -9999 -9999 -9999 -9999 -9999 -9999 -9999 -9999 -9999 -9999 -9999 -9999 -9999 -9999 -9999 -9999 -9999 -9999 -9999 -9999 -9999
2770 2776 2786 2805 2841 2871 2894 2909 2931 2960 2981 2982 2979 2947 2910 2878 2848 2856 2860 2846 2846 2857 2869 2882 2897 2912 2922 2940 2951 2977 3016 3044 3064 3061 3060 3041 3023 3023 3042 3067 3091 3098 3100 3100 3098 3098 3099 3102 3104 3105 3105 3106 3107 3107 -9999 -9999 -9999 -9999 -9999 -9999 -9999 -9999 -9999 -9999 -9999 -9999 -9999 -9999 -9999 -9999 -9999 -9999 -9999 -9999 -9999 -9999 -9999 -9999 -9999 -9999
2800 2801 2797 2794 2825 2866 2900 2921 2939 2961 2988 2993 2964 2945 2918 2886 2857 2862 2874 2875 2876 2886 2889 2900 2911 2926 2934 2933 2930 2952 2984 3021 3056 3075 3078 3069 3050 3060 3073 3070 3090 3098 3100 3101 3101 3101 3102 3103 3104 3104 3105 3106 3106 -9999 -9999 -9999 -9999 -9999 -9999 -9999 -9999 -9999 -9999 -9999 -9999 -9999 -9999 -9999 -9999 -9999 -9999 -9999 -9999 -9999 -9999 -9999 -9999 -9999 -9999 -9999
