Raw_GIS_Data/Gridded_temps/Temp_max/Monthly/PRISM_tmax_tutuila_30yr_normal_80mM1_06_asc.asc
ncols 381
nrows 202
xllcorner -170.851658
yllcorner -14.379175
cellsize 0.00083333333
NODATA_value -9999
[rows 108 to 143 of 202, columns 80 to 159 of 381]
2896 2898 2892 2871 2891 2915 2900 2881 2854 2821 2814 2828 2816 2800 2815 2826 2800 2784 2780 2775 2769 2756 2756 2759 2771 2787 2789 2810 2827 2843 2872 2895 2865 2832 2809 2821 2851 2875 2907 2932 2918 2897 2881 2863 2834 2807 2788 2775 2760 2744 2724 2704 2686 2670 2674 2720 2766 2805 2840 2862 2857 2822 2792 2803 2819 2812 2813 2822 2815 2800 2777 2731 2695 2690 2688 2673 2650 2641 2671 2702
2871 2859 2861 2844 2865 2884 2879 2869 2848 2816 2800 2804 2806 2793 2797 2814 2803 2778 2751 2739 2737 2746 2772 2793 2800 2809 2812 2820 2841 2862 2885 2875 2854 2835 2810 2815 2845 2880 2913 2932 2914 2883 2851 2835 2825 2813 2799 2788 2774 2758 2735 2702 2688 2677 2680 2722 2769 2809 2849 2871 2873 2836 2816 2832 2844 2834 2841 2844 2822 2779 2744 2716 2710 2703 2686 2670 2657 2661 2692 2718
2863 2833 2826 2819 2843 2851 2843 2836 2834 2812 2792 2784 2789 2783 2777 2794 2790 2772 2741 2715 2730 2760 2791 2812 2826 2831 2837 2840 2852 2868 2880 2856 2837 2812 2795 2810 2856 2900 2920 2913 2893 2887 2852 2819 2805 2796 2789 2776 2764 2749 2730 2709 2694 2681 2676 2720 2767 2811 2860 2879 2883 2859 2840 2866 2867 2864 2867 2857 2827 2795 2769 2729 2730 2709 2684 2688 2691 2677 2698 2728
2866 2818 2789 2787 2806 2812 2809 2806 2810 2802 2785 2768 2766 2770 2759 2775 2777 2765 2746 2726 2745 2774 2794 2812 2826 2840 2854 2863 2860 2857 2852 2839 2822 2800 2789 2819 2855 2886 2912 2898 2867 2871 2855 2833 2803 2783 2774 2758 2742 2731 2717 2700 2682 2671 2685 2740 2782 2818 2857 2882 2892 2881 2872 2887 2886 2881 2868 2848 2827 2799 2758 2734 2745 2715 2692 2707 2723 2714 2712 2734
2844 2809 2771 2760 2772 2779 2781 2784 2787 2775 2765 2750 2740 2745 2744 2761 2764 2745 2735 2725 2733 2759 2791 2815 2830 2842 2853 2857 2844 2832 2825 2824 2802 2787 2800 2848 2880 2899 2910 2894 2850 2843 2828 2819 2806 2795 2778 2761 2744 2727 2708 2688 2672 2668 2733 2771 2799 2829 2859 2883 2897 2896 2894 2898 2892 2879 2852 2816 2795 2778 2774 2771 2751 2706 2715 2724 2744 2757 2729 2737
2838 2800 2764 2746 2745 2748 2754 2760 2759 2745 2743 2739 2730 2724 2731 2750 2749 2733 2720 2720 2730 2756 2787 2807 2819 2827 2840 2848 2838 2819 2803 2799 2784 2783 2822 2860 2885 2895 2876 2851 2823 2814 2802 2793 2787 2782 2771 2757 2742 2727 2708 2686 2672 2701 2751 2784 2816 2845 2870 2889 2903 2905 2905 2902 2887 2859 2824 2804 2801 2808 2808 2787 2735 2707 2731 2741 2749 2776 2765 2745
2856 2810 2777 2756 2740 2729 2734 2736 2735 2731 2730 2728 2717 2708 2717 2733 2732 2727 2722 2723 2731 2748 2769 2791 2806 2814 2824 2838 2836 2818 2788 2769 2773 2793 2819 2841 2869 2887 2862 2832 2809 2799 2789 2778 2768 2764 2760 2749 2736 2724 2709 2688 2673 2708 2764 2792 2819 2850 2878 2896 2907 2910 2909 2901 2877 2835 2788 2799 2827 2834 2812 2769 2733 2732 2748 2762 2754 2784 2810 2780
2860 2816 2785 2768 2754 2739 2732 2729 2734 2734 2727 2718 2708 2704 2712 2722 2725 2726 2727 2727 2732 2744 2763 2780 2793 2805 2822 2834 2828 2810 2779 2763 2789 2812 2828 2843 2866 2881 2869 2847 2827 2813 2799 2789 2774 2761 2748 2737 2723 2713 2700 2688 2686 2749 2801 2834 2848 2866 2894 2907 2913 2914 2911 2901 2877 2847 2809 2814 2843 2843 2815 2775 2752 2761 2761 2777 2770 2794 2824 2820
2832 2810 2790 2779 2771 2758 2746 2739 2737 2732 2721 2711 2707 2709 2720 2726 2729 2731 2731 2732 2735 2743 2761 2787 2809 2822 2827 2820 2802 2785 2764 2776 2809 2829 2844 2858 2861 2863 2855 2848 2842 2826 2812 2803 2792 2775 2757 2742 2729 2713 2695 2690 2723 2787 2825 2848 2876 2886 2904 2914 2916 2915 2913 2906 2890 2857 2823 2835 2861 2847 2821 2790 2770 2796 2785 2793 2790 2811 2840 2846
2791 2796 2791 2786 2779 2768 2755 2743 2734 2727 2719 2710 2709 2715 2726 2731 2734 2735 2736 2739 2744 2753 2771 2800 2812 2809 2805 2788 2770 2762 2770 2798 2822 2836 2841 2848 2837 2837 2828 2826 2837 2829 2813 2795 2783 2773 2762 2743 2725 2702 2694 2711 2758 2812 2849 2880 2895 2903 2912 2917 2917 2917 2915 2911 2897 2869 2840 2851 2873 2868 2856 2816 2807 2827 2819 2810 2799 2824 2854 2866
2768 2779 2783 2781 2778 2767 2754 2740 2729 2722 2716 2710 2710 2716 2725 2732 2736 2738 2740 2744 2752 2770 2789 2798 2788 2770 2753 2740 2736 2755 2795 2814 2817 2819 2817 2829 2817 2816 2809 2810 2822 2825 2815 2797 2774 2757 2740 2725 2708 2693 2708 2729 2768 2814 2862 2892 2906 2912 2916 2918 2918 2918 2916 2913 2905 2886 2856 2855 2880 2899 2886 2842 2842 2859 2852 2820 2809 2824 2864 2890
2755 2765 2769 2767 2767 2761 2750 2742 2731 2720 2714 2711 2713 2717 2724 2731 2735 2737 2739 2741 2744 2755 2771 2769 2755 2734 2726 2725 2738 2778 2794 2796 2792 2796 2795 2808 2802 2795 2792 2797 2803 2810 2805 2788 2767 2750 2736 2722 2708 2705 2733 2772 2785 2820 2866 2896 2910 2916 2918 2919 2919 2918 2915 2909 2898 2873 2840 2834 2862 2901 2904 2875 2870 2886 2866 2822 2834 2836 2871 2908
2746 2750 2751 2749 2758 2761 2755 2747 2733 2721 2716 2715 2716 2720 2725 2729 2732 2733 2732 2730 2730 2733 2733 2730 2724 2719 2719 2724 2742 2762 2764 2760 2758 2765 2772 2789 2784 2773 2779 2789 2793 2795 2791 2783 2772 2762 2750 2725 2707 2718 2760 2791 2814 2848 2878 2904 2915 2918 2919 2919 2919 2917 2912 2898 2876 2832 2794 2788 2825 2883 2913 2911 2902 2898 2859 2826 2857 2860 2885 2917
2738 2737 2736 2740 2753 2759 2752 2742 2732 2726 2722 2719 2719 2721 2723 2724 2724 2723 2722 2721 2720 2721 2719 2717 2717 2717 2719 2723 2727 2727 2725 2724 2725 2733 2758 2773 2768 2764 2774 2788 2790 2790 2788 2780 2767 2751 2739 2725 2718 2726 2759 2787 2829 2887 2903 2914 2918 2919 2919 2919 2918 2916 2907 2880 2828 2811 2754 2734 2773 2842 2902 2919 2919 2902 2865 2861 2877 2885 2898 2926
2733 2732 2733 2740 2750 2755 2751 2745 2740 2737 2730 2723 2720 2719 2718 2717 2716 2715 2713 2712 2712 2713 2713 2714 2715 2716 2717 2718 2717 2715 2716 2717 2719 2724 2734 2749 2765 2773 2785 2798 2792 2790 2788 2780 2764 2745 2737 2737 2735 2733 2763 2793 2836 2884 2908 2916 2919 2919 2919 2919 2918 2912 2900 2877 2822 2757 2718 2697 2748 2826 2878 2917 2924 2913 2890 2889 2901 2910 2909 2930
2738 2735 2736 2739 2748 2757 2760 2754 2748 2740 2731 2724 2721 2718 2715 2712 2710 2708 2705 2704 2704 2705 2708 2710 2712 2713 2713 2713 2713 2714 2717 2721 2726 2731 2734 2750 2777 2791 2801 2810 2808 2804 2796 2782 2765 2751 2749 2753 2741 2726 2758 2795 2855 2894 2911 2918 2919 2919 2919 2919 2915 2902 2866 2840 2801 2733 2732 2751 2780 2834 2894 2922 2929 2926 2919 2911 2919 2927 2929 2936
2756 2751 2753 2752 2761 2771 2767 2753 2744 2738 2731 2726 2722 2718 2713 2710 2706 2703 2700 2698 2698 2699 2701 2703 2706 2707 2708 2709 2712 2717 2724 2727 2736 2748 2759 2773 2791 2804 2817 2823 2822 2817 2801 2779 2768 2766 2764 2759 2739 2728 2773 2804 2857 2891 2910 2918 2919 2919 2919 2918 2909 2876 2824 2802 2765 2748 2773 2810 2840 2866 2902 2924 2930 2931 2929 2927 2930 2934 2936 2938
2784 2779 2779 2772 2791 2798 2778 2757 2748 2744 2737 2728 2724 2720 2714 2709 2704 2700 2696 2694 2692 2692 2692 2693 2697 2699 2701 2705 2716 2736 2752 2753 2751 2749 2765 2784 2796 2808 2825 2832 2832 2829 2818 2793 2780 2779 2768 2751 2741 2740 2765 2786 2824 2864 2904 2916 2919 2919 2919 2916 2902 2857 2837 2819 2801 2798 2798 2836 2885 2911 2922 2929 2932 2932 2933 2933 2935 2937 2938 2938
2816 2809 2808 2800 2819 2824 2804 2783 2770 2764 2750 2734 2728 2722 2716 2710 2704 2698 2693 2690 2687 2684 2682 2679 2676 2680 2688 2702 2723 2756 2781 2790 2790 2782 2774 2769 2785 2803 2827 2838 2838 2835 2825 2810 2795 2783 2767 2755 2756 2765 2795 2818 2838 2880 2908 2917 2918 2919 2918 2914 2903 2887 2876 2849 2835 2831 2807 2833 2871 2907 2925 2930 2932 2933 2934 2935 2936 2937 2938 2939
2830 2833 2834 2825 2835 2846 2832 2807 2795 2779 2758 2743 2732 2725 2719 2713 2706 2696 2689 2686 2685 2680 2676 2671 2659 2661 2682 2712 2737 2752 2778 2798 2805 2805 2802 2795 2808 2824 2836 2842 2842 2835 2815 2796 2784 2768 2765 2766 2775 2789 2814 2844 2864 2894 2912 2917 2918 2919 2919 2916 2912 2909 2902 2876 2872 2865 2835 2841 2858 2914 2927 2931 2932 2933 2934 2935 2936 2937 2938 2939
2834 2848 2858 2842 2847 2860 2841 2812 2809 2793 2774 2753 2736 2729 2725 2720 2711 2698 2687 2687 2694 2686 2678 2671 2661 2674 2710 2751 2766 2763 2771 2795 2806 2812 2815 2818 2826 2835 2842 2845 2845 2837 2812 2788 2777 2772 2780 2781 2798 2824 2834 2860 2885 2903 2914 2917 2918 2918 2919 2918 2917 2916 2909 2899 2903 2898 2880 2881 2887 2919 2928 2931 2932 2933 2934 2935 2936 2937 2938 2939
2833 2847 2873 2870 2868 2873 2856 2835 2831 2807 2778 2756 2742 2739 2738 2734 2721 2708 2697 2685 2687 2687 2687 2681 2674 2700 2737 2775 2786 2782 2779 2792 2804 2811 2818 2825 2832 2838 2844 2848 2848 2838 2808 2796 2797 2789 2791 2790 2826 2851 2862 2875 2900 2911 2916 2918 2918 2918 2919 2919 2919 2918 2917 2915 2917 2916 2914 2913 2917 2926 2929 2931 2932 2932 2933 2935 2937 2937 2938 2939
2853 2861 2885 2892 2891 2889 2875 2861 2846 2819 2795 2774 2758 2756 2758 2756 2742 2734 2725 2710 2696 2697 2706 2697 2698 2723 2764 2785 2793 2790 2786 2795 2803 2809 2817 2826 2833 2839 2845 2850 2849 2841 2815 2809 2813 2808 2803 2804 2838 2869 2888 2898 2910 2916 2918 2918 2918 2919 2919 2919 2919 2920 2920 2921 2921 2922 2923 2924 2926 2928 2929 2930 2931 2932 2933 2935 2936 2937 2937 2938
2883 2888 2902 2908 2899 2878 2853 2843 2840 2830 2807 2789 2776 2774 2777 2775 2765 2765 2757 2749 2730 2724 2725 2719 2732 2755 2779 2789 2788 2782 2783 2797 2807 2811 2818 2829 2837 2842 2848 2853 2853 2849 2839 2828 2828 2826 2810 2807 2834 2865 2896 2911 2916 2918 2919 2919 2919 2919 2919 2919 2919 2920 2921 2921 2922 2923 2925 2926 2927 2928 2929 2930 2932 2933 2933 2935 2935 2936 2936 2937
2895 2908 2912 2904 2880 2857 2837 2831 2824 2817 2809 2798 2787 2787 2791 2790 2786 2792 2788 2777 2753 2741 2744 2747 2754 2771 2785 2786 2773 2756 2771 2798 2810 2816 2823 2833 2842 2848 2853 2857 2856 2855 2852 2843 2842 2838 2820 2828 2853 2880 2902 2915 2919 2920 2920 2920 2919 2919 2919 2920 2920 2921 2922 2922 2922 2924 2925 2926 2927 2928 2928 2930 2932 2933 2933 2934 2934 2935 2936 2936
2896 2912 2913 2891 2860 2839 2836 2832 2819 2815 2813 2805 2797 2799 2802 2803 2802 2813 2804 2782 2764 2755 2760 2775 2771 2769 2778 2779 2763 2757 2782 2805 2815 2822 2829 2837 2845 2852 2858 2860 2859 2859 2858 2856 2866 2862 2853 2853 2886 2905 2914 2919 2920 2920 2920 2920 2920 2920 2920 2921 2921 2922 2923 2923 2923 2924 2925 2927 2928 2928 2929 2930 2932 2933 2933 2933 2933 2934 2935 2936
2898 2915 2918 2896 2867 2845 2845 2837 2819 2819 2824 2815 2808 2811 2812 2817 2818 2828 2810 2790 2785 2778 2777 2799 2798 2773 2770 2773 2769 2773 2796 2815 2824 2831 2837 2842 2847 2854 2860 2862 2862 2861 2861 2866 2886 2889 2886 2881 2899 2913 2918 2920 2920 2920 2921 2921 2921 2921 2921 2922 2923 2923 2924 2925 2925 2925 2926 2927 2928 2928 2929 2931 2932 2932 2932 2932 2933 2934 2935 2936
2905 2921 2926 2903 2882 2870 2862 2848 2824 2827 2837 2828 2820 2820 2821 2835 2837 2844 2821 2810 2807 2796 2793 2818 2824 2793 2777 2780 2783 2797 2818 2828 2834 2841 2846 2849 2853 2857 2861 2863 2864 2863 2864 2872 2891 2898 2900 2901 2909 2915 2918 2920 2920 2921 2921 2921 2921 2922 2922 2923 2924 2924 2925 2926 2926 2926 2927 2928 2929 2929 2930 2931 2932 2932 2932 2932 2933 2934 2935 2936
2916 2934 2948 2922 2910 2901 2886 2871 2843 2842 2850 2841 2828 2828 2832 2859 2872 2865 2847 2845 2829 2811 2820 2846 2847 2814 2798 2803 2808 2824 2841 2848 2851 2854 2856 2859 2860 2862 2864 2864 2865 2865 2868 2881 2894 2900 2904 2907 2911 2915 2918 2920 2921 2921 2921 2922 2922 2923 2923 2923 2924 2925 2925 2926 2926 2927 2928 2929 2929 2930 2930 2931 2931 2932 2932 2932 2933 2934 2935 2936
2933 2950 2970 2950 2936 2924 2907 2879 2857 2853 2856 2850 2838 2840 2846 2892 2904 2887 2888 2880 2854 2847 2863 2878 2856 2815 2805 2817 2827 2842 2855 2862 2866 2868 2868 2867 2867 2867 2867 2866 2866 2868 2874 2887 2895 2900 2905 2909 2912 2915 2919 2921 2922 2922 2922 2922 2922 2923 2923 2923 2924 2925 2925 2926 2926 2927 2927 2928 2929 2930 2930 2930 2931 2932 2932 2932 2933 2934 2935 2936
2950 2962 2977 2973 2962 2938 2906 2880 2862 2857 2858 2855 2846 2855 2880 2908 2916 2904 2911 2901 2893 2890 2894 2888 2859 2814 2799 2816 2835 2853 2864 2870 2874 2876 2876 2874 2873 2873 2872 2871 2871 2872 2879 2889 2895 2900 2906 2910 2913 2917 2920 2922 2922 2922 2922 2922 2922 2922 2923 2923 2924 2925 2925 2925 2925 2926 2926 2927 2928 2929 2930 2930 2931 2932 2932 2933 2934 2934 2935 2936
2961 2971 2983 2984 2972 2935 2904 2882 2863 2860 2863 2865 2857 2866 2895 2919 2928 2926 2927 2921 2914 2910 2907 2894 2867 2825 2795 2802 2829 2852 2867 2874 2879 2881 2881 2881 2880 2879 2879 2878 2878 2881 2886 2893 2898 2903 2908 2912 2915 2918 2921 2922 2922 2922 2922 2922 2921 2922 2922 2923 2924 2924 2925 2925 2925 2925 2926 2927 2928 2928 2929 2930 2930 2931 2932 2933 2934 2934 2935 2936
2970 2980 2988 2989 2976 2947 2917 2883 2866 2869 2872 2875 2869 2870 2892 2916 2933 2939 2939 2934 2926 2921 2914 2902 2883 2844 2815 2812 2821 2841 2861 2874 2883 2885 2886 2886 2886 2885 2884 2883 2884 2887 2893 2898 2903 2907 2911 2914 2917 2920 2922 2923 2923 2923 2922 2922 2922 2922 2922 2923 2924 2924 2925 2925 2926 2926 2926 2927 2928 2928 2929 2930 2930 2931 2932 2933 2933 2934 2935 2936
2964 2979 2991 2992 2980 2948 2918 2895 2886 2886 2878 2868 2862 2867 2881 2905 2930 2943 2947 2944 2935 2931 2924 2912 2889 2858 2843 2830 2827 2836 2848 2868 2885 2890 2891 2891 2891 2889 2888 2887 2889 2893 2898 2903 2908 2911 2915 2917 2920 2922 2924 2924 2923 2923 2923 2923 2923 2923 2923 2923 2924 2925 2925 2925 2926 2926 2927 2927 2928 2928 2928 2929 2930 2931 2932 2932 2933 2933 2935 2936
2936 2968 2989 2995 2987 2960 2937 2909 2900 2898 2889 2879 2875 2878 2878 2895 2922 2941 2950 2952 2945 2940 2931 2914 2883 2862 2857 2847 2842 2847 2854 2874 2888 2893 2894 2894 2895 2894 2893 2892 2894 2897 2902 2907 2911 2914 2917 2920 2922 2924 2924 2924 2924 2924 2924 2924 2924 2924 2924 2924 2924 2925 2926 2926 2926 2927 2927 2927 2928 2928 2928 2929 2930 2931 2932 2932 2932 2933 2934 2936
2932 2963 2989 2997 2995 2982 2954 2921 2907 2907 2903 2901 2904 2906 2899 2894 2920 2940 2952 2958 2955 2947 2932 2901 2874 2865 2866 2860 2854 2858 2864 2876 2889 2896 2896 2897 2897 2898 2898 2897 2899 2901 2905 2909 2913 2916 2919 2922 2923 2924 2924 2924 2925 2924 2924 2925 2925 2925 2925 2925 2925 2926 2926 2926 2927 2927 2927 2928 2928 2928 2928 2929 2930 2931 2932 2932 2932 2933 2934 2936
