Raw_GIS_Data/Gridded_temps/Temp_max/Monthly/PRISM_tmax_tutuila_30yr_normal_80mM1_05_asc.asc
ncols 381
nrows 202
xllcorner -170.851658
yllcorner -14.379175
cellsize 0.00083333333
NODATA_value -9999
[rows 108 to 143 of 202, columns 0 to 79 of 381]
-9999 -9999 -9999 -9999 -9999 -9999 -9999 -9999 -9999 -9999 -9999 -9999 -9999 -9999 -9999 -9999 -9999 -9999 -9999 -9999 -9999 -9999 -9999 -9999 -9999 -9999 -9999 -9999 3058 3058 3059 3059 3059 3060 3060 3057 3047 3016 3044 3058 3062 3062 3061 3052 3027 3022 3023 2999 2990 3001 3006 3010 3007 2987 2966 2958 2947 2923 2905 2885 2860 2840 2845 2847 2833 2834 2845 2850 2855 2859 2860 2861 2861 2862 2875 2915 2951 2986 3004 2989
-9999 -9999 -9999 -9999 -9999 -9999 -9999 -9999 -9999 -9999 -9999 -9999 -9999 -9999 -9999 -9999 -9999 -9999 -9999 -9999 -9999 -9999 -9999 -9999 -9999 -9999 -9999 3058 3058 3059 3059 3059 3059 3059 3059 3052 3040 3010 3027 3055 3062 3062 3061 3052 3021 3002 3006 2991 2975 2977 2978 2978 2977 2958 2942 2947 2938 2924 2913 2896 2865 2840 2829 2822 2817 2826 2839 2838 2842 2849 2853 2855 2850 2857 2887 2923 2961 2991 3000 2977
-9999 -9999 -9999 -9999 -9999 -9999 -9999 -9999 -9999 -9999 -9999 -9999 -9999 -9999 -9999 -9999 -9999 -9999 -9999 -9999 -9999 -9999 -9999 -9999 -9999 -9999 3059 3059 3059 3059 3059 3059 3058 3054 3052 3040 3012 3004 3009 3048 3060 3063 3063 3056 3034 3000 2985 2972 2958 2954 2951 2946 2940 2928 2920 2932 2921 2902 2894 2893 2874 2849 2827 2812 2811 2817 2825 2829 2836 2843 2847 2844 2843 2855 2880 2917 2959 2982 2993 2973
-9999 -9999 -9999 -9999 -9999 -9999 -9999 -9999 -9999 -9999 -9999 -9999 -9999 -9999 -9999 -9999 -9999 -9999 -9999 -9999 -9999 -9999 -9999 -9999 -9999 3059 3059 3059 3059 3060 3060 3059 3052 3034 3030 3001 2987 2989 2991 3022 3052 3061 3062 3060 3051 3021 2979 2945 2935 2927 2923 2917 2901 2894 2897 2912 2910 2885 2874 2872 2851 2827 2810 2803 2805 2809 2816 2825 2832 2837 2836 2835 2849 2874 2898 2916 2940 2975 2984 2969
-9999 -9999 -9999 -9999 -9999 -9999 -9999 -9999 -9999 -9999 -9999 -9999 -9999 -9999 -9999 -9999 -9999 -9999 -9999 -9999 -9999 -9999 -9999 -9999 3059 3059 3059 3059 3060 3060 3060 3058 3045 3011 3013 3006 2982 2973 2971 2990 3032 3053 3057 3059 3055 3039 3004 2972 2937 2912 2900 2893 2882 2874 2877 2884 2888 2869 2851 2837 2827 2809 2805 2808 2813 2813 2812 2815 2822 2826 2824 2832 2854 2879 2892 2901 2937 2974 2971 2946
-9999 -9999 -9999 -9999 -9999 -9999 -9999 -9999 -9999 -9999 -9999 -9999 -9999 -9999 -9999 -9999 -9999 -9999 -9999 -9999 -9999 -9999 3058 3059 3059 3059 3059 3060 3060 3060 3060 3053 3023 3002 2994 2999 2991 2973 2961 2968 3011 3037 3043 3052 3056 3050 3036 3004 2972 2948 2922 2902 2894 2881 2872 2868 2862 2850 2832 2819 2819 2813 2815 2825 2834 2827 2813 2809 2814 2817 2817 2833 2859 2875 2880 2892 2930 2968 2970 2951
-9999 -9999 -9999 -9999 -9999 -9999 -9999 -9999 -9999 -9999 -9999 -9999 -9999 -9999 -9999 -9999 -9999 -9999 -9999 -9999 -9999 3058 3058 3059 3059 3059 3060 3060 3060 3061 3059 3052 3031 3015 3004 2993 2982 2967 2950 2954 2983 2993 2996 3024 3045 3047 3043 3035 3015 2992 2973 2955 2939 2918 2902 2891 2873 2854 2841 2834 2835 2826 2827 2835 2847 2830 2813 2813 2817 2814 2820 2844 2860 2864 2864 2887 2929 2961 2963 2960
-9999 -9999 -9999 -9999 -9999 -9999 -9999 -9999 -9999 -9999 -9999 -9999 -9999 -9999 -9999 -9999 -9999 -9999 -9999 -9999 3058 3058 3059 3059 3059 3060 3060 3060 3060 3059 3056 3049 3031 3009 2997 2986 2979 2969 2954 2946 2955 2960 2965 3003 3031 3034 3037 3036 3032 3022 3010 2995 2973 2953 2942 2929 2907 2889 2874 2856 2857 2849 2842 2842 2856 2845 2824 2831 2827 2815 2820 2840 2850 2852 2864 2893 2928 2952 2938 2937
-9999 -9999 -9999 -9999 -9999 -9999 -9999 -9999 -9999 -9999 -9999 -9999 -9999 -9999 -9999 -9999 -9999 -9999 -9999 3058 3058 3059 3059 3059 3060 3060 3059 3056 3056 3053 3043 3041 3038 3030 3019 3006 2993 2972 2953 2937 2932 2931 2944 2991 3008 3010 3017 3020 3020 3017 3016 3011 2998 2986 2978 2964 2942 2923 2903 2868 2871 2871 2869 2868 2869 2858 2844 2847 2831 2814 2812 2823 2832 2840 2856 2874 2904 2923 2898 2888
-9999 -9999 -9999 -9999 -9999 -9999 -9999 -9999 -9999 -9999 -9999 -9999 -9999 -9999 -9999 -9999 -9999 -9999 3058 3058 3059 3059 3059 3060 3059 3056 3051 3040 3044 3045 3030 3022 3029 3026 3023 3016 3007 2984 2955 2936 2923 2917 2931 2967 2980 2986 2994 2991 2986 2984 2994 3003 3003 2998 2992 2987 2970 2937 2912 2884 2885 2889 2890 2885 2880 2871 2863 2848 2826 2812 2808 2811 2815 2824 2839 2850 2870 2875 2865 2859
-9999 -9999 -9999 -9999 -9999 -9999 -9999 -9999 -9999 -9999 -9999 -9999 -9999 -9999 -9999 -9999 -9999 3058 3058 3058 3059 3059 3060 3059 3052 3039 3027 3022 3031 3041 3028 3012 3011 3010 3016 3012 3005 2996 2981 2951 2931 2916 2914 2938 2954 2966 2970 2958 2940 2939 2959 2978 2987 2979 2962 2969 2966 2934 2910 2898 2899 2901 2896 2888 2880 2871 2857 2839 2821 2810 2807 2807 2808 2811 2816 2823 2835 2841 2843 2840
-9999 -9999 -9999 -9999 -9999 -9999 -9999 -9999 -9999 -9999 -9999 -9999 -9999 -9999 -9999 -9999 3058 3058 3058 3059 3059 3059 3056 3052 3030 3015 3012 3014 3025 3033 3027 3012 3000 2995 3007 3005 2998 2991 2985 2963 2946 2923 2904 2908 2926 2946 2948 2933 2912 2912 2931 2954 2965 2944 2931 2953 2969 2955 2935 2921 2911 2903 2892 2881 2870 2860 2842 2825 2816 2811 2809 2809 2809 2808 2808 2809 2812 2816 2822 2826
-9999 -9999 -9999 -9999 -9999 -9999 -9999 -9999 -9999 -9999 -9999 -9999 -9999 -9999 -9999 3058 3058 3058 3059 3059 3059 3056 3040 3030 3015 3004 3000 3004 3013 3020 3020 3010 2993 2978 2989 2997 2993 2983 2981 2967 2951 2929 2905 2893 2897 2920 2926 2917 2898 2899 2917 2939 2948 2927 2915 2935 2956 2956 2952 2920 2903 2895 2887 2877 2864 2848 2835 2823 2818 2817 2817 2818 2816 2812 2808 2807 2809 2811 2816 2821
-9999 -9999 -9999 -9999 -9999 -9999 -9999 -9999 -9999 -9999 -9999 -9999 -9999 -9999 -9999 3058 3058 3059 3059 3059 3059 3052 3019 3009 3005 2996 2990 2988 2994 3003 3010 3002 2985 2967 2965 2975 2983 2975 2969 2968 2960 2942 2915 2892 2882 2882 2893 2889 2878 2884 2903 2923 2930 2913 2904 2920 2933 2931 2923 2908 2891 2879 2874 2870 2862 2845 2834 2827 2826 2827 2827 2826 2822 2816 2811 2810 2812 2814 2816 2818
-9999 -9999 -9999 -9999 -9999 -9999 -9999 -9999 -9999 -9999 -9999 -9999 -9999 -9999 -9999 3058 3059 3059 3059 3060 3060 3054 3027 3006 2998 2988 2978 2971 2972 2985 2998 2995 2979 2960 2948 2952 2964 2962 2951 2946 2948 2944 2922 2897 2878 2864 2859 2854 2853 2862 2883 2899 2897 2887 2888 2902 2905 2903 2902 2898 2883 2867 2860 2856 2854 2845 2836 2829 2830 2833 2831 2827 2823 2817 2813 2812 2817 2822 2822 2818
-9999 -9999 -9999 -9999 -9999 -9999 -9999 -9999 -9999 -9999 -9999 -9999 -9999 -9999 -9999 3059 3059 3059 3060 3060 3060 3056 3040 3018 2999 2983 2974 2961 2957 2967 2979 2983 2977 2965 2945 2933 2938 2945 2934 2922 2919 2926 2921 2905 2888 2868 2850 2839 2836 2840 2850 2861 2861 2862 2870 2883 2883 2881 2889 2893 2886 2869 2855 2844 2838 2833 2829 2826 2832 2838 2833 2826 2820 2816 2813 2814 2824 2836 2838 2833
-9999 -9999 -9999 -9999 -9999 -9999 3056 -9999 -9999 -9999 -9999 -9999 -9999 3058 3059 3059 3059 3059 3060 3060 3060 3057 3048 3035 3008 2998 2990 2971 2955 2951 2957 2960 2962 2957 2939 2922 2920 2929 2924 2912 2902 2899 2905 2900 2890 2870 2847 2832 2830 2834 2841 2846 2850 2858 2868 2879 2879 2875 2879 2883 2879 2866 2852 2840 2833 2832 2831 2832 2839 2845 2840 2829 2820 2820 2817 2819 2829 2845 2857 2861
-9999 -9999 -9999 -9999 -9999 3055 3056 3056 -9999 3057 3057 3058 3058 3058 3059 3059 3059 3060 3060 3061 3060 3055 3044 3038 3024 3017 3008 2991 2967 2955 2948 2941 2941 2940 2926 2912 2907 2915 2914 2906 2896 2886 2883 2880 2874 2856 2838 2831 2833 2839 2846 2850 2858 2873 2886 2893 2889 2880 2872 2870 2867 2858 2849 2843 2842 2850 2854 2854 2857 2860 2857 2842 2835 2831 2827 2833 2841 2849 2865 2876
-9999 -9999 -9999 -9999 3055 3055 3056 3056 3057 3057 3057 3058 3058 3058 3059 3059 3060 3060 3060 3061 3060 3052 3040 3036 3026 3017 3012 3003 2987 2972 2952 2935 2928 2925 2917 2906 2899 2902 2902 2895 2888 2876 2865 2859 2854 2844 2839 2841 2846 2850 2854 2860 2872 2887 2900 2901 2892 2880 2869 2867 2867 2868 2865 2866 2868 2880 2885 2884 2885 2885 2889 2875 2860 2844 2844 2858 2869 2875 2880 2890
-9999 -9999 -9999 3055 3055 3056 3056 3056 3057 3057 3057 3058 3058 3059 3059 3059 3060 3060 3061 3061 3057 3045 3029 3021 3015 3002 2997 2993 2987 2983 2967 2950 2933 2920 2911 2901 2892 2890 2892 2891 2885 2872 2856 2851 2857 2860 2858 2863 2871 2870 2869 2878 2890 2902 2910 2901 2882 2873 2869 2884 2894 2895 2887 2892 2895 2900 2906 2908 2913 2909 2911 2899 2875 2857 2864 2882 2892 2900 2902 2903
-9999 -9999 3055 3055 3055 3056 3056 3056 3057 3057 3058 3058 3058 3059 3059 3060 3060 3061 3061 3060 3052 3031 3013 3005 3001 2987 2974 2970 2968 2973 2970 2954 2933 2920 2910 2900 2888 2882 2887 2895 2895 2880 2865 2866 2880 2888 2884 2891 2901 2897 2891 2902 2911 2919 2918 2903 2890 2884 2869 2887 2911 2915 2907 2920 2926 2921 2922 2928 2939 2933 2926 2913 2899 2879 2881 2897 2909 2917 2919 2914
-9999 3055 3055 3055 3056 3056 3056 3057 3057 3057 3058 3058 3059 3059 3059 3058 3058 3059 3059 3055 3041 3018 3003 2995 2986 2969 2951 2945 2946 2955 2961 2948 2932 2925 2918 2907 2891 2882 2886 2899 2907 2895 2880 2882 2897 2912 2913 2918 2930 2920 2917 2924 2932 2937 2924 2908 2909 2911 2890 2896 2925 2941 2923 2943 2957 2939 2935 2944 2960 2952 2938 2921 2903 2890 2890 2903 2921 2934 2936 2925
3054 3055 3055 3055 3056 3056 3056 3057 3057 3058 3058 3058 3058 3057 3054 3048 3045 3048 3049 3045 3032 3007 2994 2987 2979 2963 2947 2936 2935 2946 2953 2946 2936 2931 2923 2910 2898 2893 2894 2904 2915 2909 2900 2908 2918 2935 2946 2945 2956 2947 2948 2950 2957 2949 2924 2913 2931 2937 2921 2910 2930 2957 2953 2959 2973 2957 2958 2961 2971 2956 2937 2922 2908 2902 2901 2908 2927 2946 2951 2945
3055 3055 3055 3056 3056 3056 3056 3057 3057 3056 3055 3052 3051 3046 3033 3004 2994 3010 3018 3022 3013 2993 2984 2982 2983 2977 2964 2951 2958 2964 2960 2945 2929 2925 2917 2909 2904 2911 2912 2915 2926 2923 2914 2924 2937 2948 2974 2969 2978 2972 2985 2983 2975 2950 2924 2923 2951 2958 2939 2923 2932 2964 2983 2977 2984 2976 2993 2987 2984 2963 2935 2920 2913 2913 2912 2913 2923 2939 2955 2963
3055 3055 3055 3056 3056 3056 3057 3055 3054 3053 3044 3028 3018 3009 3000 2985 2975 2984 2991 2994 2987 2979 2984 2994 3002 2991 2976 2971 2985 2988 2982 2961 2940 2927 2919 2917 2916 2929 2932 2927 2938 2934 2925 2939 2958 2960 2989 2993 3001 3000 3010 3002 2983 2959 2933 2929 2952 2968 2954 2939 2937 2962 2985 2995 3001 3000 3015 3004 2987 2960 2936 2921 2919 2922 2920 2917 2918 2926 2942 2959
3055 3055 3055 3056 3056 3057 3055 3049 3045 3054 3053 3038 2992 2990 2990 2981 2968 2973 2986 2997 2999 2993 3001 3022 3025 3009 2995 2994 3005 3005 2998 2973 2955 2936 2930 2926 2924 2937 2942 2935 2946 2942 2935 2954 2974 2976 2996 3016 3026 3028 3017 3002 2986 2968 2942 2936 2953 2977 2973 2954 2943 2957 2978 3003 3017 3019 3023 2998 2975 2954 2934 2924 2928 2931 2927 2922 2919 2923 2940 2959
3055 3055 3056 3056 3056 3057 3054 3042 3020 3052 3057 3051 3024 3029 3037 3035 2999 2988 3006 3020 3020 3011 3021 3040 3043 3039 3031 3024 3023 3020 3012 2990 2972 2952 2944 2927 2928 2946 2954 2943 2954 2955 2948 2957 2979 2996 3008 3037 3052 3045 3022 3005 2990 2976 2955 2945 2961 2986 2989 2967 2954 2958 2976 3001 3024 3033 3033 3010 2981 2961 2945 2935 2941 2943 2938 2928 2922 2928 2947 2965
-9999 3055 3056 3056 3057 3057 3057 3054 3051 3057 3059 3058 3053 3055 3057 3053 3035 3020 3026 3035 3039 3041 3047 3055 3057 3057 3053 3047 3039 3031 3020 3000 2977 2965 2958 2939 2941 2962 2969 2956 2963 2971 2966 2963 2978 3006 3034 3056 3067 3059 3035 3027 3014 2993 2973 2960 2972 2995 3004 2992 2972 2963 2973 2990 3015 3037 3042 3019 2986 2970 2958 2950 2954 2960 2956 2936 2929 2937 2957 2977
-9999 -9999 3056 3056 3057 3057 3057 3058 3058 3059 3059 3059 3059 3060 3061 3060 3054 3050 3051 3052 3056 3059 3062 3063 3064 3063 3062 3058 3049 3033 3018 3001 2977 2973 2969 2957 2959 2975 2984 2970 2968 2982 2987 2983 2985 3008 3042 3066 3075 3073 3066 3063 3033 3004 2993 2988 2993 3006 3016 3009 2989 2972 2976 2990 3016 3042 3050 3026 2995 2981 2971 2966 2970 2976 2966 2946 2937 2948 2977 2995
-9999 -9999 -9999 3056 3057 3057 3058 3058 3058 3059 3059 3060 3060 3061 3061 3062 3061 3061 3062 3061 3063 3065 3065 3066 3066 3066 3065 3062 3052 3031 3010 2992 2976 2982 2977 2967 2976 2991 2994 2981 2973 2988 3005 3006 3002 3016 3049 3072 3079 3080 3080 3077 3068 3030 3018 3015 3014 3018 3027 3023 3012 2991 2983 2995 3015 3045 3056 3034 3008 2995 2987 2987 2990 2986 2971 2951 2942 2952 2984 3010
-9999 -9999 -9999 -9999 3057 3057 3058 3058 3059 3059 3060 3060 3061 3061 3062 3062 3063 3063 3064 3064 3065 3065 3066 3067 3067 3067 3066 3060 3045 3027 3006 2986 2978 2992 2985 2973 2988 3000 3006 2997 2986 2993 3015 3027 3018 3026 3056 3076 3081 3083 3083 3083 3078 3060 3047 3037 3028 3028 3036 3036 3029 3011 2996 3001 3012 3036 3059 3053 3028 3009 3006 3010 3004 2988 2971 2957 2949 2956 2989 3019
-9999 -9999 -9999 -9999 -9999 3058 3058 3058 3059 3059 3060 3060 3061 3061 3062 3062 3063 3063 3064 3064 3065 3066 3066 3067 3067 3068 3067 3058 3034 3017 3008 2999 2998 3003 2990 2984 2998 3007 3016 3010 2998 3006 3029 3047 3047 3058 3073 3081 3083 3083 3084 3085 3084 3079 3073 3055 3034 3032 3041 3047 3041 3025 3010 3009 3016 3026 3056 3066 3046 3023 3022 3019 3002 2985 2977 2971 2966 2968 2988 3023
-9999 -9999 -9999 -9999 -9999 -9999 3058 3059 3059 3059 -9999 3060 3061 3061 3062 3062 3063 3064 3064 3065 3065 3066 3066 3067 3068 3068 3067 3060 3054 3047 3043 3031 3019 3011 2993 2993 3006 3016 3027 3020 3009 3018 3043 3063 3071 3076 3081 3083 3083 3084 3085 3085 3086 3085 3080 3065 3039 3035 3045 3054 3052 3040 3023 3019 3025 3034 3058 3070 3050 3033 3033 3020 3005 2994 2992 2990 2986 2985 2995 3032
-9999 -9999 -9999 -9999 -9999 -9999 -9999 3059 3059 -9999 -9999 -9999 3061 3062 3062 3063 3063 3064 3064 3065 3065 3066 3067 3067 3068 3068 3065 3058 3064 3066 3066 3061 3050 3034 3010 3004 3012 3034 3045 3032 3017 3026 3053 3071 3078 3081 3083 3083 3084 3084 3085 3086 3086 3085 3081 3072 3054 3044 3051 3060 3060 3048 3031 3027 3036 3048 3069 3073 3049 3038 3041 3031 3019 3006 3006 3007 3005 3003 3001 3023
-9999 -9999 -9999 -9999 -9999 -9999 -9999 -9999 -9999 -9999 -9999 -9999 -9999 -9999 -9999 -9999 3063 3064 3065 3065 3066 3066 3067 3068 3068 3068 3068 3065 3069 3071 3072 3071 3069 3067 3065 3030 3024 3047 3059 3040 3023 3037 3065 3077 3081 3082 3083 3084 3084 3085 3086 3086 3086 3085 3080 3072 3059 3050 3057 3066 3066 3052 3033 3033 3049 3061 3075 3076 3053 3040 3050 3049 3032 3018 3022 3024 3022 3018 3016 3017
-9999 -9999 -9999 -9999 -9999 -9999 -9999 -9999 -9999 -9999 -9999 -9999 -9999 -9999 -9999 -9999 -9999 3064 3065 3065 3066 -9999 3067 3068 3068 3069 3069 3069 3071 3072 3072 3073 3074 3074 3072 3065 3061 3068 3069 3056 3034 3042 3070 3080 3082 3083 3083 3084 3085 3085 3086 3087 3087 3086 3081 3072 3057 3050 3063 3073 3074 3065 3041 3041 3064 3075 3082 3081 3064 3044 3057 3058 3040 3032 3041 3041 3034 3030 3034 3022
