Raw_GIS_Data/Gridded_temps/Temp_max/Monthly/PRISM_tmax_tutuila_30yr_normal_80mM1_10_asc.asc
ncols 381
nrows 202
xllcorner -170.851658
yllcorner -14.379175
cellsize 0.00083333333
NODATA_value -9999
[rows 36 to 71 of 202, columns 160 to 239 of 381]
-9999 -9999 -9999 -9999 -9999 -9999 -9999 -9999 -9999 -9999 -9999 -9999 -9999 -9999 -9999 -9999 -9999 -9999 -9999 -9999 -9999 -9999 -9999 -9999 -9999 -9999 -9999 -9999 -9999 -9999 -9999 -9999 -9999 -9999 -9999 -9999 -9999 3024 3024 -9999 3024 3024 3024 3024 3024 3024 3025 3025 3025 3025 3024 3021 3016 2967 2916 2935 2996 3020 3025 3025 3025 3025 3025 3025 -9999 -9999 3025 3025 3025 3025 -9999 -9999 -9999 -9999 -9999 -9999 -9999 -9999 -9999 -9999
-9999 -9999 -9999 -9999 -9999 -9999 -9999 -9999 -9999 -9999 -9999 -9999 -9999 -9999 -9999 -9999 -9999 -9999 -9999 -9999 -9999 -9999 -9999 -9999 -9999 -9999 -9999 -9999 -9999 -9999 -9999 -9999 -9999 -9999 -9999 -9999 3024 3024 3024 3024 3024 3024 3024 3024 3024 3024 3024 3024 3024 3024 3019 3013 2975 2926 2942 2981 3011 3023 3025 3025 3025 3025 3025 3025 3025 3025 3025 3025 3025 3025 3025 -9999 -9999 -9999 -9999 -9999 -9999 -9999 -9999 -9999
-9999 -9999 -9999 -9999 -9999 -9999 -9999 -9999 -9999 -9999 -9999 -9999 -9999 -9999 -9999 -9999 -9999 -9999 -9999 -9999 -9999 -9999 -9999 -9999 -9999 -9999 -9999 -9999 -9999 -9999 -9999 -9999 -9999 -9999 3024 3024 3024 3024 3024 3024 3024 3024 3024 3024 3024 3024 3024 3024 3023 3017 3003 2953 2892 2926 2971 3005 3020 3025 3025 3025 3025 3025 3025 3025 3025 3025 3025 3025 3025 3025 3025 3025 -9999 -9999 -9999 -9999 -9999 3026 3026 -9999
-9999 -9999 -9999 -9999 -9999 -9999 -9999 -9999 -9999 -9999 -9999 -9999 -9999 -9999 -9999 -9999 -9999 -9999 -9999 -9999 -9999 -9999 -9999 -9999 -9999 -9999 -9999 -9999 -9999 -9999 -9999 -9999 -9999 3024 3024 3024 3024 3024 3024 3024 3024 3024 3024 3023 3024 3024 3024 3023 3017 2998 2956 2941 2923 2939 2986 3015 3023 3025 3025 3025 3025 3025 3025 3025 3025 3025 3025 3025 3025 3025 3025 3025 3025 -9999 -9999 -9999 3026 3026 3026 3026
-9999 -9999 -9999 -9999 -9999 -9999 -9999 -9999 -9999 -9999 -9999 -9999 -9999 -9999 -9999 -9999 -9999 -9999 -9999 -9999 -9999 -9999 -9999 -9999 -9999 -9999 -9999 -9999 -9999 -9999 -9999 -9999 3023 3024 3024 3024 3024 3024 3024 3024 3024 3024 3021 3017 3021 3021 3018 3016 3007 2990 2984 2983 2985 2988 3009 3021 3025 3025 3025 3025 3025 3025 3025 3025 3025 3025 3025 3025 3025 3025 3025 3025 3025 3025 -9999 3025 3025 3026 3026 3026
-9999 -9999 -9999 -9999 -9999 -9999 -9999 -9999 -9999 -9999 -9999 -9999 -9999 -9999 -9999 -9999 -9999 -9999 -9999 -9999 -9999 -9999 -9999 -9999 -9999 -9999 -9999 -9999 3023 3023 -9999 3023 3023 3023 3023 3023 3023 3024 3024 3024 3024 3022 3012 2997 3008 3007 2989 2981 2978 2997 3010 3013 3015 3017 3021 3024 3024 3024 3025 3025 3025 3025 3025 3025 3025 3025 3025 3025 3023 3024 3025 3025 3025 3025 3025 3025 3025 3025 3025 3026
-9999 -9999 -9999 -9999 -9999 -9999 -9999 -9999 -9999 -9999 -9999 -9999 -9999 -9999 -9999 -9999 -9999 -9999 -9999 -9999 -9999 -9999 -9999 -9999 -9999 -9999 -9999 3023 3023 3023 3023 3023 3023 3023 3023 3023 3023 3022 3023 3023 3023 3019 2999 2968 2969 2960 2952 2919 2943 2989 3012 3020 3022 3023 3024 3024 3024 3024 3024 3024 3025 3025 3024 3025 3025 3025 3024 3022 3018 3021 3024 3025 3025 3025 3025 3025 3025 3025 3025 3025
-9999 -9999 -9999 -9999 -9999 -9999 -9999 -9999 -9999 -9999 -9999 -9999 -9999 -9999 -9999 -9999 -9999 -9999 -9999 -9999 -9999 -9999 -9999 -9999 -9999 -9999 3023 3023 3023 3023 3023 3023 3023 3023 3023 3022 3018 3015 3018 3021 3022 3017 2996 2955 2933 2912 2898 2875 2910 2965 3008 3020 3023 3024 3024 3024 3024 3024 3024 3024 3023 3020 3017 3020 3024 3023 3018 3012 3005 3017 3024 3025 3025 3025 3025 3025 3025 3025 3025 3025
-9999 -9999 -9999 -9999 -9999 -9999 -9999 -9999 -9999 -9999 -9999 -9999 -9999 -9999 -9999 -9999 -9999 -9999 -9999 -9999 -9999 -9999 -9999 -9999 -9999 3023 3023 3023 3023 3023 3023 3023 3023 3023 3021 3015 3002 2991 3001 3012 3011 3004 2988 2951 2896 2871 2887 2897 2931 2980 3013 3021 3024 3024 3024 3024 3024 3024 3024 3022 3015 3000 2986 3000 3015 3013 2997 2985 2989 3014 3023 3025 3025 3025 3025 3025 3025 3024 3023 3025
-9999 -9999 -9999 -9999 -9999 -9999 -9999 -9999 -9999 -9999 -9999 -9999 -9999 -9999 -9999 -9999 -9999 -9999 -9999 3022 3022 3022 3022 3022 3022 3022 3022 3022 3022 3023 3023 3023 3023 3021 3013 2996 2975 2966 2977 2990 2982 2964 2958 2931 2889 2898 2938 2961 2984 3009 3019 3023 3024 3024 3024 3024 3024 3024 3022 3017 2999 2970 2958 2982 2993 2980 2957 2954 2977 3012 3023 3025 3025 3025 3025 3025 3024 3019 3015 3022
-9999 -9999 -9999 -9999 -9999 -9999 -9999 -9999 -9999 -9999 -9999 -9999 -9999 -9999 -9999 -9999 -9999 -9999 3022 3022 3022 3022 3022 3022 3022 3022 3022 3022 3022 3022 3022 3022 3022 3020 3008 2981 2958 2944 2955 2970 2954 2913 2889 2891 2869 2910 2959 2992 3009 3017 3021 3023 3024 3024 3024 3024 3024 3022 3015 3002 2976 2944 2937 2963 2961 2933 2925 2938 2976 3010 3023 3025 3025 3025 3025 3024 3020 3007 3000 3019
-9999 -9999 -9999 -9999 -9999 -9999 -9999 -9999 -9999 -9999 -9999 -9999 -9999 -9999 -9999 -9999 -9999 3022 3022 3022 3022 3022 3022 3022 3022 3022 3022 3022 3022 3020 3022 3022 3022 3022 3015 2995 2957 2932 2934 2950 2940 2886 2840 2869 2897 2930 2960 2986 3009 3018 3021 3022 3023 3023 3024 3024 3023 3017 2998 2969 2951 2920 2912 2928 2925 2903 2905 2934 2975 3007 3022 3025 3025 3023 3019 3017 3013 3004 3012 3022
-9999 -9999 -9999 -9999 -9999 -9999 -9999 -9999 -9999 -9999 -9999 -9999 -9999 -9999 -9999 -9999 3022 3022 3022 3022 3022 3022 3022 3022 3022 3022 3022 3022 3018 3012 3017 3021 3022 3022 3021 3012 2978 2933 2917 2927 2923 2898 2896 2918 2938 2961 2978 2993 3011 3019 3020 3019 3021 3022 3022 3023 3021 3010 2981 2951 2925 2900 2887 2889 2891 2882 2899 2940 2977 3006 3021 3025 3023 3016 2998 2987 2991 3004 3019 3025
-9999 -9999 -9999 -9999 -9999 -9999 -9999 -9999 -9999 -9999 -9999 -9999 -9999 -9999 -9999 3021 3021 3021 3021 3021 3021 3021 3021 3021 3022 3022 3022 3020 3010 2978 2998 3015 3021 3022 3022 3016 2993 2938 2903 2902 2903 2911 2934 2947 2954 2955 2957 2972 3005 3015 3013 3011 3016 3016 3020 3021 3019 3011 2990 2969 2946 2907 2870 2857 2859 2866 2903 2946 2980 3002 3017 3023 3021 3007 2974 2956 2978 3010 3023 3025
-9999 -9999 -9999 -9999 -9999 -9999 -9999 -9999 -9999 -9999 -9999 -9999 -9999 -9999 3021 3021 3021 3021 3021 3021 3020 3020 3020 3020 3019 3016 3017 3015 3000 2965 2968 3006 3016 3021 3021 3015 2986 2932 2892 2884 2892 2906 2925 2929 2929 2922 2932 2966 2999 3005 2993 2996 3008 3006 3015 3020 3019 3015 3003 2984 2956 2917 2871 2839 2828 2848 2902 2944 2971 2987 3006 3018 3017 2998 2962 2949 2981 3014 3024 3025
-9999 -9999 -9999 -9999 -9999 -9999 -9999 -9999 -9999 -9999 -9999 -9999 -9999 3021 3021 3021 3021 3021 3021 3019 3012 3012 3012 3012 3007 2986 2996 2999 2964 2944 2942 2968 3003 3014 3014 3009 2964 2921 2888 2872 2878 2895 2912 2902 2893 2900 2931 2973 2994 2983 2956 2983 2997 2990 3008 3017 3018 3014 3006 2989 2962 2933 2893 2851 2819 2836 2876 2915 2939 2964 2992 3011 3010 2987 2953 2955 2990 3015 3024 3025
-9999 -9999 -9999 -9999 -9999 -9999 -9999 -9999 -9999 -9999 -9999 -9999 3021 3021 3021 3021 3021 3021 3019 3011 2965 2963 2966 2969 2972 2949 2963 2978 2937 2915 2909 2925 2962 2993 2983 2981 2957 2928 2909 2888 2886 2893 2896 2883 2872 2891 2922 2964 2980 2949 2934 2973 2981 2968 2996 3011 3012 3006 3002 2990 2971 2948 2902 2851 2814 2823 2848 2876 2915 2954 2987 3004 3001 2978 2942 2947 2981 3013 3023 3025
-9999 -9999 -9999 -9999 -9999 -9999 -9999 -9999 3020 -9999 -9999 3020 3020 3020 3020 3020 3020 3020 3020 3013 2972 2927 2923 2933 2950 2942 2943 2955 2925 2893 2889 2889 2912 2948 2933 2923 2929 2926 2909 2890 2882 2882 2878 2868 2860 2876 2902 2951 2953 2915 2916 2959 2962 2948 2982 3001 3003 2994 2991 2983 2965 2949 2911 2865 2819 2811 2828 2858 2908 2954 2983 2990 2982 2957 2929 2948 2990 3017 3024 3025
-9999 -9999 -9999 -9999 -9999 -9999 -9999 3020 3020 3020 3020 3020 3020 3020 3020 3020 3020 3020 3019 3013 2973 2923 2907 2908 2925 2925 2924 2931 2909 2878 2874 2871 2883 2915 2899 2880 2886 2890 2879 2874 2868 2864 2857 2847 2844 2865 2895 2934 2923 2889 2896 2935 2941 2930 2963 2985 2990 2982 2974 2966 2934 2915 2892 2853 2814 2790 2809 2847 2902 2950 2969 2967 2955 2917 2915 2951 2994 3018 3024 3025
-9999 -9999 -9999 -9999 -9999 -9999 3020 3020 3020 3020 3020 3020 3020 3020 3020 3020 3020 3019 3016 3002 2948 2910 2899 2892 2900 2903 2906 2908 2895 2864 2859 2859 2864 2883 2878 2857 2856 2864 2860 2859 2853 2843 2830 2820 2831 2859 2885 2913 2889 2870 2883 2900 2913 2915 2942 2957 2965 2969 2955 2951 2908 2868 2846 2830 2795 2778 2800 2835 2896 2943 2939 2934 2916 2881 2901 2945 2992 3018 3024 3024
-9999 -9999 -9999 -9999 -9999 3019 3019 3019 3019 3019 3019 3019 3019 3019 3019 3019 3019 3019 3011 2967 2917 2894 2888 2878 2875 2876 2886 2891 2881 2855 2845 2848 2847 2861 2861 2839 2830 2839 2844 2844 2837 2824 2803 2808 2831 2855 2874 2879 2861 2847 2860 2861 2881 2889 2906 2913 2927 2954 2931 2905 2873 2830 2812 2796 2775 2782 2808 2830 2856 2888 2889 2891 2869 2850 2895 2946 2992 3017 3023 3024
-9999 -9999 -9999 -9999 3019 3019 3019 3019 3019 3019 3019 3019 3019 3019 3019 3019 3019 3017 3008 2944 2891 2883 2878 2866 2856 2850 2867 2878 2870 2853 2836 2838 2836 2840 2851 2831 2810 2819 2832 2829 2821 2814 2788 2799 2824 2846 2864 2860 2837 2825 2833 2845 2862 2868 2869 2873 2876 2917 2903 2849 2827 2816 2803 2784 2761 2783 2801 2811 2825 2826 2819 2813 2821 2870 2915 2959 2996 3016 3022 3023
-9999 -9999 -9999 3019 3019 3019 3019 3019 3019 3019 3019 3019 3019 3019 3019 3019 3019 3014 3003 2930 2874 2866 2866 2856 2849 2841 2847 2863 2859 2848 2834 2826 2824 2823 2834 2823 2800 2804 2823 2817 2803 2803 2781 2795 2818 2838 2850 2843 2820 2805 2821 2841 2849 2851 2841 2840 2836 2875 2864 2823 2798 2793 2791 2779 2760 2776 2784 2795 2804 2796 2788 2795 2836 2894 2936 2970 3000 3016 3021 3022
-9999 -9999 3019 3019 3019 3018 3018 3018 3017 3018 3018 3014 3015 3018 3018 3018 3016 3004 2968 2922 2868 2853 2857 2848 2842 2834 2828 2844 2845 2838 2828 2817 2811 2804 2810 2810 2791 2787 2808 2813 2796 2781 2767 2784 2809 2826 2832 2825 2811 2798 2815 2828 2822 2832 2816 2805 2808 2838 2839 2804 2775 2769 2777 2768 2749 2758 2763 2777 2783 2773 2770 2797 2854 2905 2943 2974 2999 3013 3018 3020
-9999 3018 3018 3018 3018 3018 3018 3014 3010 3011 3012 2999 3003 3015 3018 3017 3011 2976 2931 2904 2870 2849 2847 2840 2833 2829 2818 2830 2832 2823 2816 2811 2796 2777 2785 2797 2781 2768 2790 2798 2785 2766 2759 2783 2797 2804 2809 2806 2800 2783 2795 2809 2802 2803 2798 2775 2792 2813 2813 2795 2764 2753 2764 2760 2734 2733 2741 2756 2763 2751 2763 2801 2858 2913 2949 2976 2994 3006 3015 3016
3018 3018 3018 3018 3018 3018 3015 3003 2984 2984 3002 2985 2991 3011 3011 3010 3001 2938 2898 2881 2858 2845 2840 2832 2821 2822 2811 2818 2821 2809 2800 2801 2794 2767 2774 2788 2776 2754 2768 2775 2754 2741 2745 2765 2772 2781 2787 2786 2783 2767 2774 2792 2788 2783 2787 2766 2776 2783 2787 2776 2757 2737 2742 2742 2724 2730 2738 2737 2735 2732 2754 2804 2862 2910 2945 2968 2983 2994 3007 3013
3018 3018 3018 3017 3017 3017 3013 2997 2971 2953 2965 2969 2976 2992 2974 2955 2917 2883 2855 2856 2840 2823 2822 2822 2812 2811 2804 2801 2807 2797 2787 2782 2785 2763 2765 2777 2762 2740 2744 2753 2726 2698 2717 2737 2755 2773 2784 2784 2774 2765 2761 2775 2771 2764 2767 2750 2744 2751 2761 2746 2731 2729 2739 2748 2749 2767 2770 2750 2744 2747 2758 2814 2870 2904 2927 2949 2958 2967 2982 2998
3017 3017 3017 3017 3017 3017 3015 3003 2977 2953 2939 2936 2933 2935 2910 2890 2867 2839 2823 2835 2830 2806 2796 2806 2800 2793 2791 2779 2783 2779 2768 2759 2758 2740 2745 2760 2743 2708 2707 2712 2726 2733 2761 2792 2831 2846 2861 2862 2861 2836 2804 2780 2755 2747 2750 2735 2722 2724 2730 2730 2735 2771 2795 2817 2816 2821 2839 2825 2795 2782 2759 2801 2850 2878 2897 2910 2915 2924 2952 2979
3017 3017 3017 3017 3017 3016 3011 2999 2969 2946 2924 2902 2893 2891 2873 2850 2836 2820 2807 2812 2817 2798 2779 2786 2783 2769 2772 2759 2756 2756 2743 2730 2716 2706 2711 2725 2713 2683 2714 2751 2783 2799 2833 2874 2905 2916 2925 2923 2927 2909 2891 2864 2838 2824 2803 2756 2720 2718 2731 2752 2763 2811 2861 2883 2883 2883 2905 2896 2877 2836 2804 2806 2813 2837 2850 2862 2877 2899 2936 2965
3016 3016 3016 3016 3015 3012 2995 2979 2957 2935 2915 2892 2873 2861 2844 2825 2812 2810 2801 2800 2799 2784 2770 2772 2774 2770 2762 2750 2739 2737 2738 2737 2735 2731 2724 2709 2694 2723 2767 2814 2847 2870 2892 2920 2944 2955 2963 2959 2960 2950 2938 2926 2908 2898 2872 2838 2781 2740 2753 2779 2801 2841 2905 2930 2933 2935 2942 2934 2922 2892 2874 2863 2844 2824 2822 2848 2883 2918 2946 2967
3016 3016 3016 3012 3009 3007 2981 2959 2942 2924 2905 2880 2861 2842 2825 2820 2831 2852 2867 2859 2836 2800 2798 2823 2847 2861 2836 2805 2778 2773 2771 2775 2775 2780 2769 2748 2746 2783 2819 2859 2903 2927 2933 2959 2976 2985 2991 2991 2990 2983 2973 2963 2950 2940 2917 2896 2846 2805 2792 2829 2862 2882 2924 2958 2965 2969 2968 2962 2950 2934 2922 2911 2895 2875 2853 2855 2887 2908 2926 2950
3016 3016 3011 2996 2982 2984 2969 2946 2926 2904 2886 2867 2849 2837 2831 2869 2906 2916 2918 2914 2902 2863 2859 2889 2914 2922 2908 2866 2837 2844 2827 2824 2836 2853 2836 2820 2815 2857 2886 2905 2940 2961 2972 2987 3000 3006 3010 3011 3011 3007 3000 2991 2980 2969 2951 2929 2906 2885 2869 2886 2926 2938 2958 2979 2986 2991 2988 2982 2973 2962 2951 2940 2927 2909 2887 2861 2853 2873 2893 2919
3015 3014 3006 2984 2962 2955 2954 2938 2912 2886 2862 2854 2865 2884 2896 2918 2939 2946 2948 2944 2938 2926 2925 2941 2950 2952 2940 2901 2904 2916 2906 2902 2903 2919 2914 2903 2895 2917 2936 2948 2977 2988 3001 3009 3013 3016 3017 3017 3018 3017 3014 3010 3003 2993 2978 2966 2952 2944 2936 2939 2962 2976 2986 2999 3004 3006 3004 2997 2989 2980 2970 2959 2945 2925 2901 2875 2820 2825 2857 2895
3014 3008 2991 2974 2957 2942 2936 2927 2904 2873 2852 2870 2910 2930 2933 2945 2960 2966 2969 2969 2970 2970 2969 2970 2975 2975 2968 2950 2953 2955 2951 2954 2953 2959 2957 2953 2955 2963 2970 2984 3002 3009 3014 3016 3017 3018 3018 3018 3019 3019 3019 3018 3015 3011 3004 2996 2986 2979 2975 2973 2988 3000 3007 3012 3014 3014 3012 3007 2998 2990 2979 2964 2949 2924 2890 2854 2768 2734 2792 2853
3012 3004 2987 2968 2951 2933 2916 2906 2894 2865 2861 2902 2935 2953 2958 2965 2975 2982 2986 2988 2991 2993 2994 2993 2994 2994 2992 2987 2986 2984 2984 2986 2986 2986 2986 2988 2990 2992 2996 3005 3012 3015 3017 3018 3018 3018 3018 3018 3018 3018 3019 3019 3019 3018 3016 3014 3011 3007 3004 3005 3010 3014 3017 3018 3018 3017 3015 3009 2995 2985 2972 2953 2936 2918 2880 2811 2711 2700 2760 2821
3006 2990 2974 2960 2946 2929 2904 2885 2878 2857 2871 2917 2949 2966 2976 2983 2990 2995 2999 3002 3003 3005 3007 3007 3007 3007 3007 3006 3005 3004 3003 3004 3004 3003 3004 3006 3007 3008 3010 3014 3016 3017 3017 3017 3017 3018 3018 3018 3018 3018 3018 3019 3019 3019 3019 3019 3018 3018 3017 3017 3018 3019 3020 3019 3019 3018 3016 3010 2997 2985 2963 2928 2896 2888 2873 2797 2710 2681 2748 2810
