New_Model_Runs/16_Future_RCP8.5_Scn3_out/post_prcessed_no_MFR/actual_et_annual.asc
NCOLS 700
NROWS 400
XLLCENTER 515000.000000
YLLCENTER 8409000.000000
CELLSIZE 50.000000
NODATA_value -999.000000
[rows 180 to 215 of 400, columns 324 to 404 of 700]
11.37 11.37 11.37 11.37 11.37 11.37 11.37 11.37 11.37 11.37 11.37 11.37 11.49 36.08 36.08 36.08 36.08 36.08 36.08 36.08 36.08 36.08 36.95 11.49 11.49 11.49 11.49 11.49 9.40 9.40 9.40 9.40 9.40 9.40 9.40 9.40 9.40 9.40 9.40 9.40 9.40 9.40 9.40 9.40 11.89 11.89 11.89 11.89 11.89 11.89 11.89 11.89 11.89 11.89 11.89 45.23 33.59 33.59 45.14 13.41 0.00 0.00 0.00 0.00 0.00 0.00 0.00 0.00 0.00 0.00 0.00 0.00 0.00 0.00 0.00 0.00 0.00 0.00 0.00 0.00 0.00
11.37 35.73 11.37 11.37 11.37 11.37 11.37 11.37 11.37 11.37 11.37 35.73 36.08 36.08 36.08 36.08 36.08 36.08 36.08 36.08 36.08 36.08 36.95 36.95 36.95 11.49 11.49 11.49 9.40 9.40 9.40 9.40 9.40 9.40 9.40 9.40 9.40 9.40 9.40 9.40 9.40 9.40 9.40 9.40 38.16 11.89 11.89 11.89 11.89 11.89 11.89 11.89 11.89 11.89 11.89 11.89 34.91 45.23 45.23 45.23 48.20 14.28 47.60 0.00 0.00 0.00 0.00 0.00 0.00 0.00 0.00 0.00 0.00 0.00 0.00 0.00 0.00 0.00 0.00 0.00 0.00
11.37 11.37 11.37 11.37 11.37 11.37 11.37 11.37 11.37 11.37 35.73 35.73 36.08 36.08 36.08 36.08 36.08 36.08 36.08 36.08 36.08 36.08 36.95 11.49 11.49 11.49 11.49 11.49 9.40 9.40 9.40 9.40 9.40 9.40 9.40 9.40 9.40 9.40 9.40 9.40 9.40 9.40 9.40 9.40 38.16 11.89 11.89 11.89 11.89 11.89 17.38 11.89 11.89 11.89 11.89 11.89 11.89 11.89 11.89 11.89 37.31 35.15 14.28 47.60 47.60 0.00 0.00 0.00 0.00 0.00 0.00 0.00 0.00 0.00 0.00 0.00 0.00 0.00 0.00 0.00 0.00
11.37 11.37 11.37 11.37 11.37 11.37 35.73 35.73 11.37 11.37 35.73 35.73 36.08 36.08 36.08 36.08 36.08 36.08 36.08 36.08 36.08 36.08 36.95 11.49 11.49 11.49 11.49 11.49 9.40 9.40 9.40 9.40 9.40 9.40 9.40 9.40 9.40 9.40 9.40 9.40 9.40 9.40 9.40 9.40 11.89 11.89 11.89 11.89 11.89 11.89 11.89 11.89 11.89 11.89 11.89 11.89 11.89 11.89 11.89 11.89 12.74 48.32 35.15 35.15 47.60 47.60 0.00 0.00 0.00 0.00 0.00 0.00 0.00 0.00 0.00 0.00 0.00 0.00 0.00 0.00 0.00
11.37 11.37 11.37 11.37 11.37 11.37 11.37 11.37 35.73 35.73 35.73 35.73 36.08 36.08 36.08 36.08 36.08 36.08 36.08 36.08 36.08 36.95 11.49 11.49 11.49 11.49 11.49 11.49 9.40 9.40 9.40 9.40 9.40 9.40 9.40 9.40 9.40 9.40 9.40 9.40 9.40 9.40 9.40 9.40 11.89 11.89 11.89 11.89 11.89 11.89 11.89 11.89 11.89 11.89 11.89 11.89 11.89 11.89 11.89 11.89 12.74 12.74 37.31 48.20 35.15 35.15 48.32 48.32 0.00 0.00 0.00 0.00 0.00 0.00 0.00 0.00 0.00 0.00 0.00 0.00 0.00
11.37 11.37 11.37 11.37 11.37 11.37 11.37 11.37 35.73 35.73 35.73 35.73 36.08 36.08 36.08 36.08 36.08 36.08 36.08 36.08 11.49 11.49 11.49 11.49 11.49 11.49 11.49 11.49 9.40 9.40 9.40 9.40 9.40 9.40 9.40 9.40 9.40 9.40 9.40 9.40 9.40 9.40 9.40 9.40 11.89 11.89 11.89 11.89 11.89 11.89 11.89 11.89 11.89 11.89 11.89 11.89 11.89 11.89 11.89 11.89 12.74 12.74 12.74 37.31 37.31 12.74 12.74 12.74 12.74 48.32 0.00 0.00 0.00 0.00 0.00 0.00 0.00 0.00 0.00 0.00 0.00
11.37 11.37 11.37 11.37 11.37 11.37 11.37 11.37 35.73 35.73 35.73 35.73 36.08 36.08 36.08 36.08 36.08 36.08 36.08 11.49 11.49 11.49 11.49 11.49 11.49 11.49 11.49 11.49 9.40 9.40 9.40 9.40 9.40 9.40 9.40 9.40 9.40 9.40 9.40 9.40 9.40 9.40 9.40 9.40 11.89 11.89 11.89 11.89 11.89 11.89 11.89 11.89 11.89 11.89 11.89 11.89 11.89 11.89 11.89 11.89 12.74 12.74 12.74 12.74 40.70 37.31 12.74 12.74 12.74 12.74 12.74 12.74 0.00 0.00 0.00 0.00 0.00 0.00 0.00 0.00 0.00
11.37 11.37 11.37 11.37 11.37 11.37 11.37 11.37 35.73 35.73 35.73 35.73 36.08 36.08 36.08 36.08 36.08 36.08 36.08 11.49 11.49 11.49 11.49 11.49 11.49 11.49 11.49 11.49 9.40 9.40 9.40 9.40 9.40 9.40 9.40 9.40 9.40 9.40 9.40 9.40 9.40 9.40 9.40 9.40 11.89 11.89 11.89 11.89 11.89 11.89 11.89 11.89 11.89 11.89 11.89 11.89 11.89 11.89 11.89 11.89 12.74 12.74 12.74 12.74 12.74 12.74 12.74 12.74 12.74 12.74 12.74 12.74 48.32 0.00 0.00 0.00 0.00 0.00 0.00 0.00 0.00
11.37 11.37 11.37 11.37 11.37 11.37 11.37 11.37 35.73 35.73 35.73 35.73 36.08 36.08 36.08 36.08 36.08 36.08 36.08 11.49 11.49 11.49 11.49 11.49 11.49 11.49 36.95 11.49 9.40 9.40 9.40 9.40 9.40 9.40 9.40 9.40 9.40 9.40 9.40 9.40 9.40 9.40 9.40 9.40 11.89 11.89 11.89 11.89 11.89 11.89 11.89 11.89 11.89 11.89 11.89 11.89 11.89 11.89 11.89 11.89 12.74 12.74 12.74 12.74 12.74 12.74 12.74 12.74 12.74 12.74 12.74 48.32 48.20 0.00 0.00 0.00 0.00 0.00 0.00 0.00 0.00
11.37 11.37 11.37 11.37 11.37 11.37 11.37 11.37 11.37 35.73 35.73 35.73 36.08 36.08 36.08 36.08 36.08 36.08 36.08 36.08 11.49 11.49 11.49 11.49 11.49 11.49 11.49 11.49 9.40 9.40 9.40 9.40 9.40 9.40 9.40 9.40 9.40 9.40 9.40 9.40 9.40 9.40 9.40 9.40 11.89 11.89 11.89 11.89 11.89 11.89 11.89 11.89 11.89 11.89 11.89 11.89 11.89 11.89 11.89 11.89 12.74 12.74 12.74 12.74 12.74 12.74 12.74 12.74 12.74 12.74 48.32 35.15 0.00 0.00 0.00 0.00 0.00 0.00 0.00 0.00 0.00
11.37 11.37 11.37 11.37 11.37 11.37 11.37 11.37 11.37 11.37 35.73 35.73 36.08 36.08 36.08 36.08 36.08 36.08 36.08 36.95 11.49 11.49 11.49 11.49 11.49 11.49 11.49 11.49 9.40 9.40 9.40 9.40 9.40 9.40 9.40 9.40 9.40 9.40 9.40 9.40 9.40 9.40 9.40 9.40 11.89 11.89 11.89 11.89 11.89 11.89 11.89 11.89 11.89 38.16 11.89 11.89 17.34 11.89 11.89 11.89 12.74 12.74 12.74 12.74 12.74 12.74 12.74 12.74 12.74 37.22 35.15 35.15 0.00 0.00 0.00 0.00 0.00 0.00 0.00 0.00 0.00
11.37 11.37 11.37 11.37 11.37 11.37 11.37 11.37 11.37 11.37 11.37 11.37 11.49 36.08 36.08 36.08 36.08 36.08 36.08 36.95 11.49 11.49 11.49 11.49 11.49 11.49 11.49 11.49 9.40 9.40 9.40 9.40 9.40 9.40 9.40 9.40 9.40 9.40 9.40 9.40 9.40 9.40 9.40 9.40 11.89 11.89 11.89 11.89 11.89 11.89 11.89 11.89 11.89 34.82 34.82 38.06 34.82 11.89 11.89 11.89 12.74 12.74 12.74 12.74 12.74 12.74 37.31 40.70 12.74 48.20 35.15 48.20 0.00 0.00 0.00 0.00 0.00 0.00 0.00 0.00 0.00
11.37 11.37 11.37 11.37 11.37 11.37 11.37 11.37 11.37 11.37 11.37 11.37 11.49 11.49 11.49 36.08 36.08 36.08 36.08 36.95 11.49 11.49 11.49 11.49 11.49 11.49 11.49 11.49 9.40 9.40 9.40 9.40 9.40 9.40 9.40 9.40 9.40 9.40 9.40 9.40 9.40 9.40 9.40 9.40 11.89 11.89 11.89 11.89 11.89 11.89 11.89 11.89 34.82 45.14 34.82 45.14 45.14 38.16 11.89 34.91 12.74 12.74 12.74 12.74 12.74 12.74 40.70 40.70 12.74 48.20 35.15 0.00 0.00 0.00 0.00 0.00 0.00 0.00 0.00 0.00 0.00
11.37 11.37 11.37 11.37 11.37 11.37 11.37 11.37 11.37 11.37 11.37 11.37 11.49 11.49 11.49 11.49 11.49 11.49 36.08 36.95 11.49 11.49 11.49 11.49 11.49 11.49 11.49 11.49 9.40 9.40 9.40 9.40 9.40 9.40 9.40 9.40 9.40 9.40 9.40 9.40 9.40 9.40 9.40 9.40 11.89 11.89 11.89 11.89 11.89 11.89 11.89 11.89 11.89 45.14 45.14 45.14 33.59 45.14 34.82 11.89 12.74 12.74 12.74 12.74 12.74 40.70 40.70 12.74 12.74 48.32 0.00 0.00 0.00 0.00 0.00 0.00 0.00 0.00 0.00 0.00 0.00
11.58 11.58 11.58 11.58 11.58 16.97 11.58 11.58 11.58 11.58 11.58 11.58 13.08 13.08 13.08 13.08 13.08 13.08 13.08 13.08 13.08 13.08 13.08 13.08 13.08 13.08 13.08 13.08 11.08 11.08 11.08 11.08 11.08 11.08 11.08 11.08 11.08 11.08 11.08 11.08 11.08 11.08 11.08 11.08 7.96 7.96 7.96 7.96 7.96 7.96 7.96 7.96 7.96 7.96 23.94 24.64 24.64 24.64 24.64 7.96 8.16 8.16 8.16 8.16 8.16 24.33 24.33 24.33 8.16 25.14 0.00 0.00 0.00 0.00 0.00 0.00 0.00 0.00 0.00 0.00 0.00
11.58 11.58 11.58 11.58 11.58 11.58 11.58 11.58 11.58 11.58 11.58 11.58 13.08 13.08 13.08 13.08 13.08 13.08 13.08 13.08 13.08 13.08 13.08 13.08 13.08 13.08 13.08 13.08 11.08 11.08 11.08 11.08 11.08 11.08 11.08 11.08 11.08 11.08 11.08 11.08 11.08 11.08 11.08 11.08 7.96 7.96 7.96 7.96 7.96 7.96 7.96 7.96 7.96 7.96 7.96 24.64 24.64 24.64 24.64 24.64 25.12 31.47 8.16 8.16 8.16 26.55 24.33 8.16 8.16 0.00 0.00 0.00 0.00 0.00 0.00 0.00 0.00 0.00 0.00 0.00 0.00
11.58 11.58 11.58 11.58 11.58 11.58 11.58 11.58 11.58 11.58 11.58 11.58 13.08 13.08 13.08 13.08 13.08 13.08 13.08 13.08 13.08 13.08 13.08 13.08 13.08 13.08 13.08 13.08 11.08 11.08 11.08 11.08 11.08 11.08 11.08 11.08 11.08 11.08 11.08 11.08 11.08 11.08 11.08 11.08 7.96 7.96 7.96 7.96 7.96 7.96 7.96 7.96 7.96 7.96 30.74 24.64 24.64 24.64 24.64 0.00 0.00 0.00 25.14 31.54 31.54 11.96 24.33 8.16 25.14 0.00 0.00 0.00 0.00 0.00 0.00 0.00 0.00 0.00 0.00 0.00 0.00
11.58 11.58 11.58 11.58 11.58 11.58 11.58 11.58 11.58 11.58 11.58 11.58 13.08 13.08 13.08 13.08 13.08 13.08 13.08 13.08 13.08 13.08 13.08 13.08 13.08 13.08 13.08 13.08 11.08 11.08 11.08 11.08 11.08 11.08 11.08 11.08 11.08 11.08 11.08 11.08 11.08 11.08 11.08 11.08 7.96 7.96 7.96 7.96 7.96 7.96 7.96 7.96 7.96 7.96 23.69 24.64 24.64 24.64 0.00 0.00 0.00 0.00 0.00 0.00 25.14 8.16 8.16 0.00 0.00 0.00 0.00 0.00 0.00 0.00 0.00 0.00 0.00 0.00 0.00 0.00 0.00
11.58 11.58 11.58 11.58 11.58 11.58 11.58 11.58 11.58 11.58 11.58 11.58 13.08 13.08 13.08 13.08 13.08 13.08 13.08 13.08 13.08 13.08 13.08 13.08 13.08 13.08 13.08 13.08 11.08 11.08 11.08 11.08 11.08 11.08 11.08 11.08 11.08 11.08 11.08 11.08 11.08 11.08 11.08 11.08 25.86 7.96 7.96 7.96 7.96 7.96 7.96 7.96 7.96 7.96 7.96 24.66 24.64 0.00 0.00 0.00 0.00 0.00 0.00 0.00 0.00 0.34 0.00 0.00 0.00 0.00 0.00 0.00 0.00 0.00 0.00 0.00 0.00 0.00 0.00 0.00 0.00
11.58 11.58 11.58 11.58 11.58 11.58 11.58 11.58 11.58 11.58 11.58 11.58 13.08 13.08 13.08 13.08 13.08 13.08 13.08 13.08 13.08 13.08 13.08 13.08 13.08 13.08 13.08 13.08 11.08 11.08 11.08 11.08 11.08 11.08 11.08 11.08 11.08 11.08 11.08 11.08 11.08 11.08 11.08 32.53 30.74 7.96 23.76 7.96 7.96 7.96 7.96 23.69 7.96 7.96 7.96 23.76 24.66 0.00 0.00 0.00 0.00 0.00 0.00 0.00 0.00 0.00 0.00 0.00 0.00 0.00 0.00 0.00 0.00 0.00 0.00 0.00 0.00 0.00 0.00 0.00 0.00
11.58 11.58 11.58 11.58 11.58 11.58 11.58 11.58 11.58 11.58 11.58 11.58 13.08 13.08 13.08 13.08 13.08 13.08 13.08 13.08 13.08 13.08 13.08 13.08 13.08 13.08 13.08 13.08 11.08 11.08 11.08 11.08 11.08 11.08 11.08 11.08 11.08 11.08 11.08 11.08 11.08 11.08 11.08 11.08 30.74 30.74 23.69 7.96 23.69 7.96 23.69 24.64 24.64 30.74 7.96 7.96 30.81 0.00 0.00 0.00 0.00 0.00 0.00 0.00 0.00 0.00 0.00 0.00 0.00 0.00 0.00 0.00 0.00 0.00 0.00 0.00 0.00 0.00 0.00 0.00 0.00
11.58 11.58 11.58 11.58 11.58 11.58 11.58 11.58 11.58 11.58 11.58 11.58 13.08 13.08 13.08 13.08 13.08 13.08 13.08 13.08 13.08 13.08 13.08 13.08 13.08 13.08 13.08 13.08 11.08 11.08 11.08 11.08 11.08 11.08 11.08 11.08 11.08 11.08 11.08 11.08 11.08 11.08 11.08 11.08 25.86 24.64 24.64 30.74 23.69 7.96 24.64 0.00 0.00 0.00 0.00 30.81 0.00 0.00 0.00 0.00 0.00 0.00 0.00 0.00 0.00 0.00 0.00 0.00 0.00 0.00 0.00 0.00 0.00 0.00 0.00 0.00 0.00 0.00 0.00 0.00 0.00
11.58 11.58 11.58 11.58 11.58 11.58 11.58 11.58 11.58 11.58 11.58 11.58 13.08 13.08 13.08 13.08 13.08 13.08 13.08 13.08 13.08 13.08 13.08 13.08 13.08 13.08 13.08 13.08 11.08 11.08 11.08 11.08 11.08 11.08 11.08 11.08 11.08 11.08 11.08 11.08 11.08 11.08 11.08 11.08 7.96 30.74 24.02 24.64 0.00 0.00 0.00 0.00 0.00 0.00 0.00 0.00 0.00 0.00 0.00 0.00 0.00 0.00 0.00 0.00 0.00 0.00 0.00 0.00 0.00 0.00 0.00 0.00 0.00 0.00 0.00 0.00 0.00 0.00 0.00 0.00 0.00
11.58 11.58 11.58 11.58 11.58 11.58 11.58 11.58 11.58 11.58 11.58 11.58 13.08 13.08 13.08 13.08 13.08 13.08 13.08 13.08 13.08 13.08 13.08 13.08 13.08 13.08 13.08 13.08 11.08 11.08 11.08 11.08 11.08 11.08 11.08 11.08 11.08 11.08 11.08 11.08 11.08 11.08 11.08 11.08 7.96 25.92 0.00 0.00 0.00 0.00 0.00 0.00 0.00 0.00 0.00 0.00 0.00 0.00 0.00 0.00 0.00 0.00 0.00 0.00 0.00 0.00 0.00 0.00 0.00 0.00 0.00 0.00 0.00 0.00 0.00 0.00 0.00 0.00 0.00 0.00 0.00
11.58 11.58 11.58 11.58 11.58 11.58 11.58 11.58 11.58 11.58 11.58 11.58 13.08 13.08 13.08 13.08 13.08 13.08 13.08 13.08 13.08 13.08 13.08 13.08 13.08 13.08 13.08 13.08 11.08 11.08 11.08 11.08 11.08 11.08 11.08 11.08 11.08 11.08 11.08 11.08 11.08 11.08 11.08 11.08 7.96 30.81 0.00 0.00 0.00 0.00 0.00 0.00 0.00 0.00 0.00 0.00 0.00 0.00 0.00 0.00 0.00 0.00 0.00 0.00 0.00 0.00 0.00 0.00 0.00 0.00 0.00 0.00 0.00 0.00 0.00 0.00 0.00 0.00 0.00 0.00 0.00
11.58 11.58 11.58 11.58 11.58 11.58 11.58 11.58 11.58 11.58 11.58 11.58 13.08 13.08 13.08 13.08 13.08 13.08 13.08 13.08 13.08 13.08 13.08 13.08 13.08 13.08 13.08 13.08 11.08 11.08 11.08 11.08 11.08 11.08 11.08 11.08 11.08 11.08 11.08 11.08 11.08 11.08 11.08 11.08 7.96 30.81 0.00 0.00 0.00 0.00 0.00 0.00 0.00 0.00 0.00 0.00 0.00 0.00 0.00 0.00 0.00 0.00 0.00 0.00 0.00 0.00 0.00 0.00 0.00 0.00 0.00 0.00 0.00 0.00 0.00 0.00 0.00 0.00 0.00 0.00 0.00
11.58 11.58 11.58 11.58 11.58 11.58 11.58 11.58 11.58 11.58 11.58 11.58 13.08 13.08 13.08 13.08 13.08 13.08 13.08 13.08 13.08 13.08 13.08 13.08 13.08 13.08 13.08 13.08 11.08 11.08 11.08 11.08 11.08 11.08 11.08 11.08 11.08 11.08 11.08 11.08 11.08 11.08 11.08 11.08 7.96 30.81 0.00 0.00 0.00 0.00 0.00 0.00 0.00 0.00 0.00 0.00 0.00 0.00 0.00 0.00 0.00 0.00 0.00 0.00 0.00 0.00 0.00 0.00 0.00 0.00 0.00 0.00 0.00 0.00 0.00 0.00 0.00 0.00 0.00 0.00 0.00
11.58 11.58 11.58 11.58 11.58 11.58 11.58 11.58 11.58 11.58 11.58 11.58 13.08 13.08 13.08 13.08 13.08 13.08 13.08 13.08 13.08 13.08 13.08 13.08 13.08 13.08 13.08 13.08 11.08 11.08 11.08 11.08 11.08 11.08 11.08 11.08 11.08 11.08 11.08 11.08 11.08 11.08 11.08 11.08 23.76 0.00 0.00 0.00 0.00 0.00 0.00 0.00 0.00 0.00 0.00 0.00 0.00 0.00 0.00 0.00 0.00 0.00 0.00 0.00 0.00 0.00 0.00 0.00 0.00 0.00 0.00 0.00 0.00 0.00 0.00 0.00 0.00 0.00 0.00 0.00 0.00
11.58 11.58 11.58 33.34 11.58 11.58 11.58 11.58 11.58 11.58 11.58 11.58 13.08 13.08 13.08 13.08 13.08 13.08 13.08 13.08 13.08 13.08 13.08 13.08 13.08 13.08 13.08 13.08 11.08 11.08 11.08 11.08 11.08 11.08 11.08 11.08 11.08 11.08 11.08 11.08 11.08 32.62 32.62 11.08 30.81 0.00 0.00 0.00 0.00 0.00 0.00 0.00 0.00 0.00 0.00 0.00 0.00 0.00 0.00 0.00 0.00 0.00 0.00 0.00 0.00 0.00 0.00 0.00 0.00 0.00 0.00 0.00 0.00 0.00 0.00 0.00 0.00 0.00 0.00 0.00 0.00
11.58 42.54 11.58 33.12 11.58 11.58 11.58 11.58 11.58 11.58 11.58 11.58 13.08 13.08 13.08 13.08 13.08 13.08 13.08 13.08 13.08 13.08 13.08 13.08 13.08 13.08 13.08 13.08 11.08 11.08 11.08 11.08 11.08 11.08 11.08 35.65 35.56 35.65 11.08 11.08 11.08 11.08 42.26 42.26 30.81 0.00 0.00 0.00 0.00 0.00 0.00 0.00 0.00 0.00 0.00 0.00 0.00 0.00 0.00 0.00 0.00 0.00 0.00 0.00 0.00 0.00 0.00 0.00 0.00 0.00 0.00 0.00 0.00 0.00 0.00 0.00 0.00 0.00 0.00 0.00 0.00
32.20 46.84 46.84 36.67 13.05 13.05 13.05 13.05 13.05 13.05 13.05 13.05 13.44 13.44 13.44 13.44 13.44 13.44 13.44 13.44 13.44 13.44 13.44 13.44 13.44 13.44 13.44 13.44 7.86 7.86 7.86 7.86 7.86 7.86 25.57 25.63 23.49 30.40 23.49 7.86 7.86 7.86 24.43 0.00 0.00 0.00 0.00 0.00 0.00 0.00 0.00 0.00 0.00 0.00 0.00 0.00 0.00 0.00 0.00 0.00 0.00 0.00 0.00 0.00 0.00 0.00 0.00 0.00 0.00 0.00 0.00 0.00 0.00 0.00 0.00 0.00 0.00 0.00 0.00 0.00 0.00
46.84 13.05 13.05 13.05 13.05 13.05 13.05 13.05 13.05 13.05 13.05 13.05 13.44 13.44 13.44 13.44 13.44 13.44 13.44 13.44 13.44 13.44 13.44 13.44 13.44 13.44 13.44 13.44 7.86 7.86 7.86 7.86 7.86 7.86 7.86 25.57 7.86 24.40 30.40 7.86 30.47 0.00 0.00 0.00 0.00 0.00 0.00 0.00 0.00 0.00 0.00 0.00 0.00 0.00 0.00 0.00 0.00 0.00 0.00 0.00 0.00 0.00 0.00 0.00 0.00 0.00 0.00 0.00 0.00 0.00 0.00 0.00 0.00 0.00 0.00 0.00 0.00 0.00 0.00 0.00 0.00
45.43 36.67 13.05 13.05 13.05 13.05 13.05 13.05 13.05 13.05 13.05 13.05 13.44 13.44 13.44 13.44 13.44 13.44 13.44 13.44 13.44 13.44 13.44 13.44 13.44 13.44 13.44 13.44 7.86 7.86 7.86 7.86 7.86 7.86 7.86 7.86 7.86 0.00 0.00 0.00 0.00 0.00 0.00 0.00 0.00 0.00 0.00 0.00 0.00 0.00 0.00 0.00 0.00 0.00 0.00 0.00 0.00 0.00 0.00 0.00 0.00 0.00 0.00 0.00 0.00 0.00 0.00 0.00 0.00 0.00 0.00 0.00 0.00 0.00 0.00 0.00 0.00 0.00 0.00 0.00 0.00
36.67 36.67 13.05 13.05 13.05 13.05 13.05 13.05 13.05 13.05 13.05 13.05 13.44 13.44 13.44 13.44 13.44 13.44 13.44 13.44 13.44 13.44 13.44 13.44 13.44 13.44 13.44 13.44 7.86 7.86 7.86 7.86 7.86 7.86 7.86 7.86 0.00 0.00 0.00 0.00 0.00 0.00 0.00 0.00 0.00 0.00 0.00 0.00 0.00 0.00 0.00 0.00 0.00 0.00 0.00 0.00 0.00 0.00 0.00 0.00 0.00 0.00 0.00 0.00 0.00 0.00 0.00 0.00 0.00 0.00 0.00 0.00 0.00 0.00 0.00 0.00 0.00 0.00 0.00 0.00 0.00
36.67 13.05 13.05 13.05 13.05 13.05 13.05 13.05 13.05 13.05 13.05 13.05 13.44 13.44 13.44 13.44 13.44 13.44 13.44 13.44 13.44 13.44 13.44 13.44 19.54 13.44 13.44 13.44 7.86 7.86 7.86 7.86 7.86 23.43 30.40 0.00 0.00 0.00 0.00 0.00 0.00 0.00 0.00 0.00 0.00 0.00 0.00 0.00 0.00 0.00 0.00 0.00 0.00 0.00 0.00 0.00 0.00 0.00 0.00 0.00 0.00 0.00 0.00 0.00 0.00 0.00 0.00 0.00 0.00 0.00 0.00 0.00 0.00 0.00 0.00 0.00 0.00 0.00 0.00 0.00 0.00
37.18 13.05 39.47 13.05 13.05 13.05 13.05 13.05 13.05 13.05 13.05 13.05 13.44 13.44 13.44 13.44 13.44 13.44 13.44 13.44 13.44 13.44 13.44 13.44 19.54 13.44 39.12 13.44 7.86 7.86 7.86 7.86 7.86 30.40 0.00 0.00 0.00 0.00 0.00 0.00 0.00 0.00 0.00 0.00 0.00 0.00 0.00 0.00 0.00 0.00 0.00 0.00 0.00 0.00 0.00 0.00 0.00 0.00 0.00 0.00 0.00 0.00 0.00 0.00 0.00 0.00 0.00 0.00 0.00 0.00 0.00 0.00 0.00 0.00 0.00 0.00 0.00 0.00 0.00 0.00 0.00
