New_Model_Runs/16_Future_RCP8.5_Scn3_out/post_prcessed_no_MFR/actual_et_annual.asc
NCOLS 700
NROWS 400
XLLCENTER 515000.000000
YLLCENTER 8409000.000000
CELLSIZE 50.000000
NODATA_value -999.000000
[rows 108 to 143 of 400, columns 567 to 647 of 700]
14.49 14.51 14.52 14.70 14.72 14.74 14.76 14.78 14.80 14.82 14.84 14.86 14.88 14.91 0.00 0.00 0.00 0.00 0.00 0.00 0.00 0.00 0.00 0.00 0.00 0.00 0.00 0.00 15.29 15.32 15.35 15.38 15.41 15.43 15.46 15.49 15.52 15.54 15.57 15.60 15.63 15.64 15.59 15.62 15.64 15.67 15.79 15.82 15.76 15.79 15.82 15.85 15.88 15.92 15.95 16.40 16.44 16.47 16.50 16.54 16.57 16.61 16.64 16.67 16.71 16.74 16.77 16.81 16.84 16.87 16.90 24.83 16.97 17.00 17.03 53.15 53.18 45.06 0.00 0.00 0.00
14.49 14.51 14.53 14.71 14.73 14.75 14.77 14.79 14.81 14.83 14.85 14.87 14.89 14.92 1.19 0.00 0.00 0.00 0.00 0.00 0.00 0.00 0.00 0.00 0.00 0.00 0.00 0.00 27.00 49.19 39.61 39.67 39.73 15.45 15.47 15.50 15.53 15.55 15.58 15.61 15.64 15.66 15.60 15.63 15.74 15.77 15.80 15.83 15.86 15.80 15.83 15.86 15.98 16.02 15.96 16.08 16.45 16.48 16.51 16.55 16.58 16.61 16.65 16.68 16.72 16.75 16.78 16.81 16.85 16.88 16.91 24.84 49.02 56.47 52.28 53.15 53.18 49.29 0.00 0.00 0.00
14.50 14.52 14.54 14.72 14.74 14.75 14.78 14.80 14.82 14.84 14.86 14.88 14.90 14.93 0.00 0.00 0.00 0.00 0.00 0.00 0.00 0.00 0.00 0.00 0.00 0.00 0.00 0.00 27.01 41.63 39.64 39.70 39.75 15.46 15.49 15.52 15.54 15.57 15.59 15.62 15.65 15.67 15.61 15.64 15.67 15.78 15.81 15.84 15.78 15.81 15.84 15.87 15.99 16.03 16.06 16.09 16.12 16.49 16.52 16.56 16.59 16.62 16.66 16.69 16.72 16.76 16.79 16.82 16.85 16.88 16.92 16.95 49.03 47.31 52.82 56.56 53.19 49.29 0.00 0.00 0.00
14.51 14.53 14.71 14.73 14.75 14.76 14.79 14.81 14.83 14.68 14.70 14.72 14.75 40.43 0.00 0.00 0.00 0.00 0.00 0.00 0.00 0.00 0.00 0.00 0.00 0.00 0.00 0.00 41.61 41.65 45.71 15.42 15.45 15.47 15.50 15.53 15.56 15.58 15.61 15.64 15.67 15.68 15.71 15.65 15.68 15.79 15.82 15.76 15.79 15.92 15.95 15.97 16.00 16.04 16.07 16.10 16.13 16.16 16.54 16.57 16.60 16.63 16.67 16.70 16.73 16.77 16.80 16.83 16.86 16.89 16.92 46.41 16.98 47.32 56.53 49.52 45.04 0.00 0.00 0.00 0.00
14.52 14.54 14.71 14.73 14.75 14.77 14.79 14.81 14.67 14.69 14.71 14.74 14.93 14.96 0.00 0.00 0.00 0.00 0.00 0.00 0.00 0.00 0.00 0.00 0.00 0.00 0.00 37.57 27.03 29.32 39.69 15.25 15.28 15.49 15.51 15.54 15.57 15.59 15.62 15.65 15.68 15.69 15.72 15.66 15.69 15.81 15.84 15.87 15.90 15.94 15.97 16.00 16.03 16.06 16.09 16.12 16.15 16.18 16.21 16.58 16.61 16.65 16.68 16.71 16.74 16.77 16.81 16.84 16.87 16.90 16.93 46.42 56.74 46.35 58.54 49.24 45.05 0.00 0.00 0.00 0.00
14.69 14.71 14.73 14.75 14.77 14.78 14.80 14.83 14.85 14.70 14.89 14.92 14.94 14.97 41.34 0.00 0.00 0.00 0.00 0.00 0.00 0.00 0.00 0.00 0.00 0.00 37.52 41.61 41.65 49.31 48.17 38.95 15.29 15.31 15.34 15.56 15.59 15.60 15.63 15.66 15.69 15.70 15.73 15.76 15.79 15.82 15.85 15.88 15.91 15.95 15.98 16.01 16.04 16.07 16.10 16.13 16.16 16.19 16.22 16.25 16.62 16.66 16.69 16.72 16.75 16.78 16.82 16.85 16.88 16.91 16.94 16.97 17.00 17.03 36.84 49.25 0.00 0.00 0.00 0.00 0.00
14.70 14.72 14.74 14.76 14.78 14.80 14.82 14.84 14.86 14.89 14.75 14.93 14.96 14.99 41.50 37.65 0.00 0.00 0.00 0.00 0.00 0.00 37.88 37.91 11.38 37.67 44.19 29.36 49.36 49.41 39.00 39.05 39.11 39.16 15.36 15.39 15.60 15.62 15.65 15.68 15.71 15.71 15.74 15.77 15.80 15.83 15.86 15.89 15.92 15.96 15.99 16.02 16.05 16.08 16.11 16.14 16.17 16.19 16.22 16.25 16.28 46.79 16.70 16.73 16.76 46.07 56.33 16.86 16.89 16.92 16.95 16.98 17.00 17.03 54.22 44.71 0.00 0.00 0.00 0.00 0.00
14.71 14.73 14.75 14.77 14.79 14.81 14.83 14.85 14.88 14.90 14.92 14.78 14.81 15.00 39.03 21.08 21.11 37.73 38.16 37.79 37.83 41.79 38.31 38.34 44.57 45.20 44.21 13.27 29.39 45.90 39.85 15.30 15.33 39.19 15.38 15.40 15.62 15.64 15.66 15.69 15.72 15.73 15.76 15.78 15.81 15.85 15.88 15.90 15.93 15.98 16.00 16.03 16.06 16.09 16.12 16.15 16.18 16.20 16.23 41.23 16.29 41.33 54.83 16.74 16.77 16.80 46.15 16.87 16.90 47.69 47.75 47.81 58.60 49.03 44.83 0.00 0.00 0.00 0.00 0.00 0.00
14.72 14.74 14.76 14.78 14.80 14.82 14.85 14.87 14.89 14.92 14.94 14.80 14.82 15.02 15.04 15.07 15.10 49.15 44.38 44.41 44.45 44.48 44.51 44.55 44.58 45.22 44.23 44.26 45.88 40.12 15.28 15.31 15.34 15.36 15.38 15.41 15.44 15.64 15.67 15.70 15.73 15.74 15.77 15.80 15.83 15.87 15.90 15.92 15.95 15.99 16.02 16.05 42.46 42.50 42.55 16.16 16.19 16.21 16.24 16.27 41.33 41.79 41.84 47.82 47.42 16.81 57.72 55.06 47.65 47.71 47.77 58.57 58.62 33.94 0.52 0.00 0.00 0.00 0.00 0.00 0.00
14.74 14.75 14.77 14.80 14.82 14.84 14.86 14.88 14.90 14.93 14.79 14.81 15.00 15.03 15.06 15.08 15.11 44.36 44.40 44.43 44.46 44.50 44.53 44.57 44.60 44.21 44.25 44.28 49.44 15.27 15.30 15.32 15.35 15.37 15.40 15.43 15.45 15.66 15.69 15.71 15.74 15.76 15.79 15.81 15.75 15.79 15.91 15.94 15.97 16.00 16.03 16.06 16.09 16.12 16.15 16.18 16.21 16.23 16.25 16.28 16.31 16.34 16.36 16.40 54.95 55.00 55.04 58.38 47.67 47.73 58.53 58.58 34.15 33.94 0.52 0.00 0.00 0.00 0.00 0.00 0.00
14.75 14.77 14.79 14.81 14.83 14.85 14.87 14.90 14.92 14.95 14.80 14.83 14.85 15.05 15.07 15.10 39.24 49.21 44.42 44.45 44.48 44.52 44.55 44.59 45.60 44.23 44.27 49.41 39.83 39.07 15.31 15.34 15.55 15.57 15.60 15.63 15.66 15.67 15.70 15.73 15.76 15.77 15.80 15.83 15.77 15.81 15.83 15.95 15.98 16.02 16.05 16.07 16.10 16.13 16.16 16.19 16.22 16.24 16.27 16.29 16.32 16.35 16.38 16.40 45.42 49.20 55.05 58.40 58.45 58.51 58.55 58.60 58.64 33.95 0.00 0.00 0.00 0.00 0.00 0.00 0.00
14.76 14.78 14.80 14.82 14.85 14.87 14.89 14.91 14.93 14.96 14.99 14.84 14.86 14.90 14.92 20.87 20.90 40.90 49.29 39.44 44.50 44.54 44.57 44.61 44.64 44.25 44.28 49.44 39.05 15.30 15.51 15.54 15.57 15.59 15.62 15.65 15.67 15.69 15.72 15.75 15.77 15.79 15.82 15.84 15.78 15.82 15.85 15.97 16.00 16.03 16.06 16.09 16.12 16.15 16.18 16.20 16.23 16.25 16.28 16.31 16.33 16.36 16.39 16.41 16.54 43.00 58.37 58.42 58.61 47.77 47.83 47.88 47.93 49.12 0.00 0.00 0.00 0.00 0.00 0.00 0.00
14.78 14.80 14.82 14.84 14.86 14.89 14.91 14.93 14.95 14.98 15.00 15.03 15.05 21.11 21.15 21.18 20.92 40.93 39.42 39.48 39.54 44.56 44.59 44.63 49.62 44.35 49.42 15.45 15.29 15.31 15.52 15.55 15.58 15.60 15.63 15.65 15.68 15.71 15.65 15.67 15.79 15.81 15.84 15.87 15.80 15.84 15.87 15.89 16.01 16.04 16.07 16.10 16.13 16.16 16.19 16.21 16.24 16.26 16.29 16.32 16.34 16.37 16.40 16.42 16.45 16.47 42.53 58.75 49.35 16.97 58.58 58.63 34.17 49.08 0.00 0.00 0.00 0.00 0.00 0.00 0.00
14.80 14.82 14.84 14.86 14.88 14.90 14.92 14.95 14.97 14.99 15.02 15.04 15.07 15.10 15.12 15.15 20.95 40.96 39.46 39.52 41.10 41.14 49.55 46.25 46.29 49.40 49.45 15.28 15.31 15.51 15.54 15.57 15.59 15.61 15.64 15.67 15.70 15.72 15.66 15.69 15.72 15.83 15.85 15.88 15.82 15.85 15.88 15.91 15.94 15.97 16.00 16.02 16.05 16.17 16.20 16.23 16.25 16.27 16.21 16.23 16.26 16.29 16.41 16.43 16.46 23.02 46.82 50.72 57.90 16.99 17.01 58.64 45.25 49.09 0.00 0.00 0.00 0.00 0.00 0.00 0.00
14.81 14.83 14.85 14.87 14.90 14.92 14.94 14.96 14.99 15.01 15.04 15.06 15.08 15.11 15.14 14.99 15.02 15.22 15.25 15.27 15.30 21.45 39.73 49.64 46.32 49.43 15.45 15.30 15.51 15.53 15.56 15.58 15.61 39.88 39.93 15.69 15.72 15.65 15.68 15.71 15.73 15.75 15.78 15.81 15.84 15.87 15.90 15.92 15.95 15.98 16.10 16.13 16.07 16.09 16.12 16.24 16.27 16.29 16.22 16.25 16.27 16.30 16.42 16.45 16.47 16.50 46.84 16.63 16.97 17.00 47.89 58.66 49.44 0.52 0.00 0.00 0.00 0.00 0.00 0.00 0.00
14.83 14.85 14.87 14.89 14.91 14.94 14.96 14.98 15.00 15.03 15.05 15.08 15.10 15.13 15.16 15.01 15.04 15.07 15.09 15.29 15.32 39.71 39.77 39.06 49.72 15.44 15.29 39.12 15.53 15.55 15.57 15.60 39.86 49.28 39.96 40.01 40.07 15.67 15.70 15.72 15.75 15.77 15.80 15.82 15.85 15.89 15.91 15.94 15.97 16.00 16.03 16.14 16.08 16.11 16.13 16.16 16.19 16.21 16.23 16.26 16.38 16.41 16.43 16.46 16.48 16.51 42.57 16.64 16.67 17.01 49.54 58.68 49.45 0.00 0.00 0.00 0.00 0.00 0.00 0.00 0.00
14.85 14.87 14.89 14.91 14.93 14.96 14.98 15.00 15.02 15.05 15.07 15.10 15.12 15.15 15.17 15.03 15.05 15.08 15.28 15.31 15.33 15.36 39.81 39.10 40.39 39.06 15.29 15.51 15.54 15.56 40.16 39.84 39.89 39.94 40.00 15.64 40.10 40.15 40.20 15.75 15.77 15.79 15.82 15.84 15.87 15.90 15.93 15.96 15.98 16.01 16.04 16.16 16.19 16.12 16.15 16.17 16.29 16.22 16.24 16.27 16.39 16.42 16.44 16.47 16.49 16.52 16.54 16.65 16.68 23.34 49.55 55.34 45.28 0.00 0.00 0.00 0.00 0.00 0.00 0.00 0.00
14.87 14.89 14.91 14.93 14.95 14.97 15.00 15.02 15.04 15.07 15.09 15.12 15.14 15.17 15.19 15.22 15.25 15.27 15.30 15.33 15.35 15.38 15.23 15.25 39.19 39.09 15.50 15.53 15.55 49.70 40.20 15.55 15.58 15.60 41.12 15.66 15.69 15.71 15.74 15.76 15.79 15.81 15.83 15.86 15.89 15.92 15.95 15.97 16.00 16.03 16.06 16.08 16.20 16.23 16.16 16.19 16.31 16.33 16.26 16.28 16.31 16.43 16.45 16.48 16.50 16.53 16.55 16.66 16.69 23.35 16.74 56.97 49.48 0.00 0.00 0.00 0.00 0.00 0.00 0.00 0.00
14.88 14.91 14.93 14.95 14.97 14.99 15.02 15.04 15.06 15.09 15.11 15.14 15.16 15.19 15.21 15.24 15.27 15.29 15.32 15.34 15.37 40.36 15.24 15.27 15.30 15.49 15.52 15.55 40.13 40.18 15.63 15.57 15.59 15.62 15.65 15.68 15.70 15.73 15.75 15.78 15.81 15.82 15.85 15.88 15.90 15.94 15.96 15.99 16.02 16.05 16.07 16.10 16.14 16.24 16.27 16.30 16.32 16.34 16.37 16.39 16.32 16.44 16.47 16.49 16.52 16.54 16.56 16.59 42.28 51.48 47.59 47.62 0.00 0.00 0.00 0.00 0.00 0.00 0.00 0.00 0.00
14.83 14.93 14.95 14.97 14.99 15.01 15.04 15.06 15.08 15.11 15.13 15.16 15.18 15.21 15.23 15.26 15.29 15.31 15.34 15.36 15.39 15.42 15.45 15.47 15.50 15.51 49.62 39.73 39.79 15.53 15.64 15.67 15.61 15.64 15.67 15.78 15.72 15.75 15.77 15.80 15.83 15.84 15.87 15.89 15.92 15.95 15.98 16.01 16.03 16.06 16.09 16.11 22.53 16.26 16.28 16.31 16.34 16.35 16.38 16.40 16.43 16.45 16.48 16.50 16.62 16.55 16.58 16.60 16.62 16.64 16.76 51.48 0.00 0.00 0.00 0.00 0.00 0.00 0.00 0.00 0.00
14.85 14.87 14.96 14.99 15.01 15.03 15.05 15.08 15.10 15.13 15.15 15.17 15.20 15.22 15.25 15.28 15.30 15.33 15.35 15.38 15.41 15.43 15.46 15.49 15.51 49.61 15.47 39.77 15.53 15.56 15.59 15.70 15.72 15.75 15.78 15.81 15.83 15.77 15.79 15.82 15.85 15.86 15.88 15.91 15.94 15.97 16.00 16.02 16.05 16.08 16.11 40.74 40.78 16.27 16.30 16.33 16.35 16.37 16.39 16.42 16.44 16.47 16.49 16.61 16.63 16.65 16.68 16.70 16.63 16.66 50.92 16.70 0.00 0.00 0.00 0.00 0.00 0.00 0.00 0.00 0.00
14.87 14.89 14.99 15.01 14.95 15.05 15.07 15.10 15.12 15.15 15.17 15.20 15.22 15.25 15.27 15.30 15.32 15.35 15.38 15.40 15.35 15.37 15.40 39.73 15.45 39.70 15.49 39.81 15.55 15.58 15.60 15.72 15.74 15.77 15.80 15.82 15.85 15.87 15.90 15.93 15.86 15.88 15.90 16.02 16.05 15.99 16.01 16.04 16.07 16.10 16.12 40.76 16.27 16.29 16.31 16.34 16.37 16.38 16.41 16.43 16.46 16.48 16.51 16.53 16.64 16.67 16.69 16.62 16.65 50.91 41.94 1.19 0.00 0.00 0.00 0.00 0.00 0.00 0.00 0.00 0.00
14.88 14.90 15.00 15.02 14.96 15.06 15.09 15.11 15.13 15.16 15.18 15.21 15.23 15.26 15.28 15.31 15.34 15.36 15.31 15.33 15.36 15.38 15.41 15.44 39.67 45.31 39.69 15.54 15.56 15.59 15.71 15.73 15.76 15.79 15.81 15.84 15.87 15.89 15.91 15.94 15.97 15.89 15.91 16.03 16.06 16.00 16.03 16.05 16.08 16.11 16.02 16.04 16.28 16.30 16.32 16.35 16.37 16.39 16.41 16.44 16.46 16.49 16.51 16.53 16.65 41.94 42.72 16.72 16.65 41.60 46.50 1.19 0.00 0.00 0.00 0.00 0.00 0.00 0.00 0.00 0.00
14.90 14.92 15.02 14.96 14.99 15.01 15.03 15.05 15.16 15.18 15.21 15.23 15.26 15.28 15.31 15.33 15.36 15.38 15.41 15.44 15.46 15.40 15.43 15.54 15.57 48.95 39.72 15.56 15.58 15.61 15.64 15.75 15.78 15.81 15.83 15.86 15.89 15.91 15.93 15.96 15.99 16.00 16.02 16.05 16.08 16.02 16.04 16.07 16.09 16.01 16.03 16.06 16.08 16.10 16.13 16.36 16.39 16.40 16.43 16.45 16.48 16.50 16.61 41.88 41.92 41.96 42.00 29.96 16.66 16.70 41.65 41.68 0.00 0.00 0.00 0.00 0.00 0.00 0.00 0.00 0.00
14.93 14.94 14.96 14.98 15.00 15.03 15.05 15.07 15.17 15.20 15.23 15.25 15.28 15.30 15.33 15.35 15.38 15.41 15.43 15.46 15.48 15.43 15.54 15.57 15.59 39.71 15.55 15.60 15.61 15.64 15.66 15.69 15.80 15.83 15.85 15.88 15.91 15.93 15.95 15.98 16.00 16.02 16.04 16.07 16.09 16.13 16.06 16.09 16.11 16.02 16.05 16.07 16.10 16.12 16.14 22.87 16.41 16.51 16.53 16.56 16.58 41.83 41.87 41.91 41.94 38.14 33.70 30.93 14.28 16.69 16.71 1.19 0.00 0.00 0.00 0.00 0.00 0.00 0.00 0.00 0.00
15.02 15.04 15.06 15.01 15.03 15.05 15.07 15.10 15.20 15.22 15.25 15.27 15.30 15.32 15.35 15.19 15.22 15.24 15.27 15.29 15.32 15.53 15.56 15.59 15.61 15.55 15.58 39.84 39.89 15.66 15.68 15.71 15.74 15.85 15.87 15.90 15.93 15.94 15.97 16.00 16.02 16.03 16.06 16.09 16.11 16.14 16.17 40.96 16.13 16.04 40.04 49.02 27.55 27.56 15.01 16.40 16.42 42.49 41.74 41.77 41.81 34.27 50.80 50.83 33.67 38.15 30.76 14.27 14.29 0.00 0.00 0.00 0.00 0.00 0.00 0.00 0.00 0.00 0.00 0.00 0.00
15.05 15.06 15.08 15.03 15.05 15.07 15.10 15.20 15.22 15.25 15.27 15.30 15.32 15.27 15.37 15.40 15.24 15.27 15.29 15.32 15.34 15.37 15.39 15.61 15.64 15.66 15.60 39.88 49.17 49.22 49.26 15.74 15.76 15.78 15.89 15.92 15.94 15.96 41.87 41.91 16.04 16.05 16.08 16.10 16.13 16.16 16.19 16.21 16.03 16.06 49.01 42.66 27.56 42.72 15.02 15.04 16.43 46.21 38.22 42.65 27.57 27.58 42.73 38.34 38.36 30.75 33.69 0.00 0.00 0.00 0.00 0.00 0.00 0.00 0.00 0.00 0.00 0.00 0.00 0.00 0.00
15.07 15.09 15.11 15.13 15.07 15.10 15.12 15.22 15.24 15.27 15.22 15.24 15.26 15.29 15.32 15.34 15.37 15.47 15.50 15.34 15.36 15.39 15.42 15.63 15.66 15.68 15.70 15.64 49.21 41.05 40.05 40.09 15.78 15.89 15.91 15.94 15.96 41.86 16.03 16.03 16.06 16.07 16.10 16.12 16.15 16.18 16.20 16.02 16.04 45.05 42.65 38.32 38.34 0.00 38.39 16.43 16.45 0.00 0.52 38.26 38.24 38.26 42.75 38.31 0.00 0.00 0.00 0.00 0.00 0.00 0.00 0.00 0.00 0.00 0.00 0.00 0.00 0.00 0.00 0.00 0.00
14.92 15.11 15.13 15.15 15.10 15.12 15.14 15.24 15.18 15.21 15.24 15.26 15.29 15.40 15.42 15.36 15.39 15.42 15.44 15.55 15.58 15.42 15.44 15.47 15.49 15.70 15.73 15.67 15.69 41.08 49.32 40.13 40.60 15.91 15.93 15.96 15.98 16.00 16.03 16.05 16.08 16.09 16.12 16.14 16.17 16.20 16.01 16.04 48.99 38.33 0.00 0.00 0.00 0.00 0.00 0.00 0.00 0.00 0.00 0.00 0.00 0.00 0.00 0.00 0.00 0.00 0.00 0.00 0.00 0.00 0.00 0.00 0.00 0.00 0.00 0.00 0.00 0.00 0.00 0.00 0.00
14.95 14.96 14.98 15.18 15.12 15.14 15.16 15.19 15.21 15.24 15.26 15.29 15.39 15.42 15.45 15.47 15.50 15.52 15.55 15.57 15.60 15.63 15.46 15.49 15.51 15.72 15.75 15.78 15.72 15.74 27.38 42.38 42.41 40.69 40.73 15.99 40.82 16.02 16.05 16.07 16.10 16.11 16.14 16.16 16.18 16.01 16.03 29.42 42.63 0.00 0.00 0.00 0.00 0.00 0.00 0.00 0.00 0.00 0.00 0.00 0.00 0.00 0.00 0.00 0.00 0.00 0.00 0.00 0.00 0.00 0.00 0.00 0.00 0.00 0.00 0.00 0.00 0.00 0.00 0.00 0.00
14.97 14.98 15.00 15.20 15.15 15.17 15.19 15.21 15.23 15.26 15.29 15.39 15.33 15.36 15.47 15.49 15.52 15.55 15.57 15.60 15.62 15.46 15.49 15.51 39.47 39.42 39.46 15.80 15.82 15.85 27.39 27.41 27.43 42.48 42.51 50.15 16.04 16.04 40.95 40.99 16.12 16.13 16.15 16.18 16.20 16.02 48.97 0.00 0.00 0.00 0.00 0.00 0.00 0.00 0.00 0.00 0.00 0.00 0.00 0.00 0.00 0.00 0.00 0.00 0.00 0.00 0.00 0.00 0.00 0.00 0.00 0.00 0.00 0.00 0.00 0.00 0.00 0.00 0.00 0.00 0.00
15.00 15.01 15.03 15.23 15.25 15.19 15.21 15.24 15.26 15.37 15.39 15.42 15.44 15.47 15.49 15.52 15.54 15.57 15.60 15.62 15.46 48.59 15.51 39.47 48.72 44.88 48.66 29.28 29.30 14.59 27.41 27.43 42.47 0.52 0.52 42.57 16.04 16.06 40.98 41.02 16.14 16.15 15.96 16.20 16.22 16.04 0.00 0.00 0.00 0.00 0.00 0.00 0.00 0.00 0.00 0.00 0.00 0.00 0.00 0.00 0.00 0.00 0.00 0.00 0.00 0.00 0.00 0.00 0.00 0.00 0.00 0.00 0.00 0.00 0.00 0.00 0.00 0.00 0.00 0.00 0.00
15.02 15.21 15.23 15.25 15.27 15.29 15.23 15.34 15.36 15.39 15.42 15.44 15.47 15.50 15.52 21.74 21.77 15.60 15.62 15.65 15.48 39.42 48.67 48.73 29.31 29.25 48.71 44.38 27.39 38.27 0.00 0.00 0.00 0.00 0.00 0.00 0.00 16.08 41.01 41.06 16.16 16.17 39.92 39.95 16.03 22.40 0.00 0.00 0.00 0.00 0.00 0.00 0.00 0.00 0.00 0.00 0.00 0.00 0.00 0.00 0.00 0.00 0.00 0.00 0.00 0.00 0.00 0.00 0.00 0.00 0.00 0.00 0.00 0.00 0.00 0.00 0.00 0.00 0.00 0.00 0.00
15.05 15.05 15.26 15.10 15.30 15.32 15.26 15.28 15.39 15.42 15.44 15.47 15.49 15.52 15.55 15.57 15.59 15.62 15.65 15.67 40.45 15.55 15.57 15.58 29.33 27.35 27.37 42.35 0.00 0.00 0.00 0.00 0.00 0.00 0.00 0.00 0.00 44.87 16.13 15.94 15.97 16.19 39.94 48.94 0.00 0.00 0.00 0.00 0.00 0.00 0.00 0.00 0.00 0.00 0.00 0.00 0.00 0.00 0.00 0.00 0.00 0.00 0.00 0.00 0.00 0.00 0.00 0.00 0.00 0.00 0.00 0.00 0.00 0.00 0.00 0.00 0.00 0.00 0.00 0.00 0.00
15.25 15.08 15.10 15.12 15.14 15.34 15.29 15.31 15.33 15.45 15.47 15.49 15.52 15.55 15.57 41.36 41.36 15.66 41.44 49.77 41.51 41.55 15.77 15.80 49.98 42.32 38.23 0.00 0.00 0.00 0.00 0.00 0.00 0.00 0.00 0.00 0.00 50.35 16.15 15.96 49.30 48.89 48.93 44.40 0.00 0.00 0.00 0.00 0.00 0.00 0.00 0.00 0.00 0.00 0.00 0.00 0.00 0.00 0.00 0.00 0.00 0.00 0.00 0.00 0.00 0.00 0.00 0.00 0.00 0.00 0.00 0.00 0.00 0.00 0.00 0.00 0.00 0.00 0.00 0.00 0.00
15.27 15.29 15.31 15.33 15.35 15.37 15.31 15.33 15.44 15.47 15.50 15.52 15.54 15.57 15.60 15.62 15.65 41.44 41.47 40.36 40.41 41.59 41.63 42.39 38.34 0.00 0.00 0.00 0.00 0.00 0.00 0.00 0.00 0.00 0.00 0.00 0.00 0.00 0.00 0.00 0.00 0.00 0.00 0.00 0.00 0.00 0.00 0.00 0.00 0.00 0.00 0.00 0.00 0.00 0.00 0.00 0.00 0.00 0.00 0.00 0.00 0.00 0.00 0.00 0.00 0.00 0.00 0.00 0.00 0.00 0.00 0.00 0.00 0.00 0.00 0.00 0.00 0.00 0.00 0.00 0.00
