New_Model_Runs/16_Future_RCP8.5_Scn3_out/post_prcessed_no_MFR/actual_et_annual.asc
NCOLS 700
NROWS 400
XLLCENTER 515000.000000
YLLCENTER 8409000.000000
CELLSIZE 50.000000
NODATA_value -999.000000
[rows 108 to 143 of 400, columns 324 to 404 of 700]
0.00 0.00 0.00 0.00 0.00 0.00 0.00 0.00 0.00 0.00 0.00 0.00 0.00 0.00 0.00 0.00 0.00 14.10 14.10 14.10 14.10 14.10 14.10 14.10 14.10 14.10 14.10 14.10 13.37 13.37 13.37 13.37 13.37 13.37 13.37 13.37 13.37 13.37 13.37 13.37 13.37 13.37 13.37 13.37 12.72 12.72 12.72 12.72 12.72 12.72 12.72 12.72 12.72 12.72 12.72 12.72 12.72 12.72 12.72 12.72 12.21 12.21 12.21 12.21 12.21 12.21 12.21 12.21 12.21 12.21 12.21 12.21 12.21 12.21 12.21 12.21 12.58 12.58 12.58 12.58 12.58
0.00 0.00 0.00 0.00 0.00 0.00 0.00 0.00 0.00 0.00 0.00 0.00 0.00 0.00 0.00 52.76 1.13 20.69 14.10 14.10 14.10 14.10 14.10 14.10 14.10 14.10 14.10 14.10 13.37 13.37 13.37 13.37 13.37 13.37 13.37 13.37 13.37 13.37 13.37 13.37 13.37 13.37 13.37 13.37 12.72 12.72 12.72 12.72 12.72 12.72 12.72 12.72 12.72 12.72 12.72 12.72 12.72 12.72 12.72 12.72 12.21 12.21 12.21 12.21 12.21 12.21 12.21 12.21 12.21 12.21 12.21 12.21 12.21 12.21 12.21 12.21 12.58 12.58 12.58 12.58 12.58
0.00 0.00 0.00 0.00 0.00 0.00 0.00 0.00 0.00 0.00 0.00 0.00 0.00 0.00 0.00 0.00 14.10 14.10 14.10 14.10 14.10 14.10 14.10 14.10 14.10 14.10 14.10 14.10 13.37 13.37 13.37 13.37 13.37 13.37 13.37 13.37 13.37 13.37 13.37 13.37 13.37 13.37 13.37 13.37 12.72 12.72 12.72 12.72 12.72 12.72 12.72 12.72 12.72 12.72 12.72 12.72 12.72 12.72 12.72 12.72 12.21 12.21 12.21 12.21 12.21 12.21 12.21 12.21 12.21 12.21 12.21 12.21 12.21 12.21 12.21 12.21 12.58 12.58 12.58 12.58 12.58
0.00 0.00 0.00 0.00 0.00 0.00 0.00 0.00 0.00 0.00 0.00 0.00 0.00 0.00 52.76 52.76 14.10 14.10 14.10 14.10 14.10 14.10 14.10 14.10 14.10 14.10 14.10 14.10 13.37 13.37 13.37 13.37 13.37 13.37 13.37 13.37 13.37 13.37 13.37 13.37 13.37 13.37 13.37 13.37 12.72 12.72 12.72 12.72 12.72 12.72 12.72 12.72 12.72 12.72 12.72 12.72 12.72 12.72 12.72 12.72 12.21 12.21 12.21 12.21 12.21 12.21 12.21 12.21 12.21 12.21 12.21 12.21 12.21 12.21 12.21 12.21 12.58 12.58 12.58 12.58 12.58
0.00 0.00 0.00 35.65 35.65 9.10 35.65 0.00 0.00 0.00 0.00 0.00 0.00 0.00 0.00 14.10 14.10 14.10 14.10 14.10 14.10 14.10 14.10 14.10 14.10 14.10 14.10 14.10 13.37 13.37 13.37 13.37 13.37 13.37 13.37 13.37 13.37 13.37 13.37 13.37 13.37 13.37 13.37 13.37 12.72 12.72 12.72 12.72 12.72 12.72 12.72 12.72 12.72 12.72 12.72 12.72 12.72 12.72 12.72 12.72 12.21 12.21 12.21 12.21 12.21 12.21 12.21 12.21 12.21 12.21 12.21 12.21 12.21 12.21 12.21 12.21 12.58 12.58 12.58 12.58 12.58
0.00 0.00 0.00 9.10 9.10 9.10 9.10 0.00 0.00 0.00 0.00 0.00 0.00 0.00 52.76 14.10 14.10 14.10 14.10 14.10 14.10 14.10 14.10 14.10 14.10 14.10 14.10 14.10 13.37 13.37 13.37 13.37 13.37 13.37 13.37 13.37 13.37 13.37 13.37 13.37 13.37 13.37 13.37 13.37 12.72 12.72 12.72 12.72 12.72 12.72 12.72 12.72 12.72 12.72 12.72 12.72 12.72 12.72 12.72 12.72 12.21 12.21 12.21 12.21 12.21 12.21 12.21 12.21 12.21 12.21 12.21 12.21 12.21 12.21 12.21 12.21 12.58 12.58 12.58 12.58 12.58
14.08 0.00 0.00 14.08 14.08 14.08 14.08 0.00 0.00 0.00 0.00 0.00 0.00 0.00 12.90 12.90 12.90 12.90 12.90 12.90 12.90 12.90 12.90 12.90 12.90 12.90 12.90 12.90 13.19 13.19 13.19 13.19 13.19 13.19 13.19 13.19 13.19 13.19 13.19 13.19 13.19 13.19 13.19 13.19 12.35 12.35 12.35 12.35 12.35 12.35 12.35 12.35 12.35 12.35 12.35 12.35 12.35 12.35 12.35 12.35 12.18 12.18 12.18 12.18 12.18 12.18 12.18 12.18 12.18 12.18 12.18 12.18 12.18 12.18 12.18 12.18 9.37 9.37 9.37 9.37 9.37
14.08 14.08 14.08 14.08 14.08 14.08 14.08 0.00 0.00 0.00 0.00 0.00 12.90 12.90 12.90 12.90 12.90 12.90 12.90 12.90 12.90 12.90 12.90 12.90 12.90 12.90 12.90 12.90 13.19 13.19 13.19 13.19 13.19 13.19 13.19 13.19 13.19 13.19 13.19 13.19 13.19 13.19 13.19 13.19 12.35 12.35 12.35 12.35 12.35 12.35 12.35 12.35 12.35 12.35 12.35 12.35 12.35 12.35 12.35 12.35 12.18 12.18 12.18 12.18 12.18 12.18 12.18 12.18 12.18 12.18 12.18 12.18 12.18 12.18 12.18 12.18 9.37 9.37 9.37 9.37 9.37
14.08 14.08 14.08 14.08 14.08 14.08 14.08 14.08 14.08 14.08 14.08 14.08 12.90 12.90 18.92 12.90 12.90 12.90 12.90 12.90 12.90 12.90 12.90 12.90 12.90 12.90 12.90 12.90 13.19 13.19 13.19 13.19 13.19 13.19 13.19 13.19 13.19 13.19 13.19 13.19 13.19 13.19 13.19 13.19 12.35 12.35 12.35 12.35 12.35 12.35 12.35 12.35 12.35 12.35 12.35 12.35 12.35 12.35 12.35 12.35 12.18 12.18 12.18 12.18 12.18 12.18 12.18 12.18 12.18 12.18 12.18 12.18 12.18 12.18 12.18 12.18 9.37 9.37 9.37 9.37 9.37
14.08 14.08 14.08 14.08 14.08 14.08 14.08 14.08 14.08 14.08 14.08 14.08 12.90 12.90 18.92 12.90 12.90 12.90 12.90 12.90 12.90 12.90 12.90 12.90 12.90 12.90 12.90 12.90 13.19 13.19 13.19 13.19 13.19 13.19 13.19 13.19 13.19 13.19 13.19 13.19 13.19 13.19 13.19 13.19 12.35 12.35 12.35 12.35 12.35 12.35 12.35 12.35 12.35 12.35 12.35 12.35 12.35 12.35 12.35 12.35 12.18 12.18 12.18 12.18 12.18 12.18 12.18 12.18 12.18 12.18 12.18 12.18 12.18 12.18 12.18 12.18 9.37 9.37 9.37 9.37 9.37
14.08 14.08 14.08 14.08 14.08 14.08 14.08 14.08 20.65 14.08 14.08 14.08 12.90 18.92 12.90 12.90 12.90 12.90 12.90 12.90 12.90 12.90 12.90 12.90 12.90 12.90 12.90 12.90 13.19 13.19 13.19 13.19 13.19 13.19 13.19 13.19 13.19 13.19 13.19 13.19 13.19 13.19 13.19 13.19 12.35 12.35 12.35 12.35 12.35 12.35 12.35 12.35 12.35 12.35 12.35 12.35 12.35 12.35 12.35 12.35 12.18 12.18 12.18 12.18 12.18 12.18 12.18 12.18 12.18 12.18 12.18 12.18 12.18 12.18 12.18 12.18 9.37 9.37 9.37 9.37 9.37
14.08 14.08 14.08 14.08 14.08 14.08 14.08 14.08 14.08 20.65 14.08 14.08 18.92 12.90 12.90 12.90 12.90 12.90 12.90 12.90 12.90 12.90 12.90 12.90 12.90 12.90 12.90 12.90 13.19 13.19 13.19 13.19 13.19 13.19 13.19 13.19 13.19 13.19 13.19 13.19 13.19 13.19 13.19 13.19 12.35 12.35 12.35 12.35 12.35 12.35 12.35 12.35 12.35 12.35 12.35 12.35 12.35 12.35 12.35 12.35 12.18 12.18 12.18 12.18 12.18 12.18 12.18 12.18 12.18 12.18 12.18 12.18 12.18 12.18 12.18 12.18 9.37 9.37 9.37 9.37 9.37
14.08 14.08 14.08 14.08 14.08 14.08 14.08 14.08 14.08 14.08 14.08 14.08 12.90 12.90 12.90 12.90 12.90 12.90 12.90 12.90 12.90 12.90 12.90 12.90 12.90 12.90 12.90 12.90 13.19 13.19 13.19 13.19 13.19 13.19 13.19 13.19 13.19 13.19 13.19 13.19 13.19 13.19 19.34 19.34 12.35 12.35 12.35 12.35 12.35 12.35 18.11 12.35 12.35 12.35 12.35 12.35 12.35 12.35 12.35 12.35 12.18 12.18 12.18 12.18 12.18 12.18 12.18 12.18 12.18 12.18 12.18 12.18 12.18 12.18 12.18 12.18 9.37 9.37 9.37 9.37 9.37
14.08 14.08 14.08 14.08 14.08 14.08 14.08 14.08 14.08 14.08 14.08 14.08 12.90 12.90 12.90 12.90 12.90 12.90 12.90 12.90 12.90 12.90 12.90 12.90 12.90 12.90 12.90 12.90 13.19 13.19 13.19 13.19 13.19 13.19 13.19 13.19 13.19 13.19 13.19 13.19 13.19 13.19 13.19 13.19 12.35 12.35 12.35 12.35 12.35 12.35 12.35 12.35 12.35 12.35 12.35 12.35 12.35 12.35 12.35 12.35 12.18 12.18 12.18 12.18 12.18 12.18 12.18 12.18 12.18 12.18 12.18 12.18 12.18 12.18 12.18 12.18 9.37 9.37 9.37 9.37 9.37
14.08 14.08 14.08 14.08 14.08 14.08 14.08 14.08 14.08 14.08 14.08 14.08 12.90 12.90 12.90 12.90 12.90 12.90 12.90 12.90 12.90 12.90 12.90 12.90 12.90 12.90 12.90 12.90 13.19 13.19 13.19 13.19 13.19 13.19 13.19 13.19 13.19 13.19 13.19 13.19 13.19 13.19 13.19 13.19 12.35 12.35 12.35 12.35 12.35 12.35 12.35 12.35 12.35 12.35 12.35 12.35 12.35 12.35 12.35 12.35 12.18 12.18 12.18 12.18 12.18 12.18 12.18 12.18 12.18 12.18 12.18 12.18 12.18 12.18 12.18 12.18 9.37 9.37 9.37 9.37 9.37
14.08 14.08 14.08 14.08 14.08 14.08 14.08 14.08 14.08 14.08 14.08 14.08 12.90 12.90 12.90 12.90 12.90 12.90 12.90 12.90 12.90 12.90 12.90 12.90 12.90 12.90 12.90 12.90 13.19 13.19 13.19 13.19 13.19 13.19 13.19 13.19 13.19 13.19 13.19 13.19 13.19 13.19 13.19 13.19 12.35 12.35 12.35 12.35 12.35 12.35 12.35 12.35 12.35 12.35 12.35 12.35 12.35 12.35 12.35 12.35 12.18 12.18 12.18 12.18 12.18 38.42 38.42 35.81 38.42 12.18 12.18 12.18 12.18 12.18 12.18 12.18 9.37 9.37 9.37 9.37 9.37
14.08 14.08 14.08 14.08 14.08 14.08 14.08 14.08 14.08 14.08 14.08 14.08 12.90 12.90 12.90 12.90 12.90 12.90 12.90 12.90 12.90 12.90 12.90 12.90 12.90 12.90 12.90 12.90 13.19 13.19 13.19 13.19 13.19 13.19 13.19 13.19 13.19 13.19 13.19 13.19 13.19 13.19 13.19 13.19 12.35 12.35 12.35 12.35 12.35 12.35 12.35 12.35 12.35 12.35 12.35 12.35 12.35 12.35 12.35 12.35 12.18 12.18 12.18 12.18 12.18 35.81 38.42 38.42 35.81 12.18 12.18 12.18 12.18 12.18 12.18 12.18 9.37 9.37 9.37 9.37 9.37
14.08 14.08 14.08 14.08 14.08 14.08 14.08 14.08 14.08 14.08 14.08 14.08 12.90 12.90 12.90 12.90 12.90 12.90 12.90 12.90 12.90 12.90 12.90 12.90 12.90 12.90 12.90 12.90 13.19 13.19 13.19 13.19 13.19 13.19 13.19 13.19 13.19 13.19 13.19 13.19 13.19 13.19 13.19 13.19 12.35 12.35 12.35 12.35 12.35 12.35 12.35 12.35 12.35 12.35 12.35 12.35 12.35 12.35 12.35 12.35 12.18 12.18 38.42 12.18 35.81 38.42 45.71 35.81 45.71 45.71 45.71 45.71 35.81 35.81 12.18 35.81 9.37 9.37 9.37 9.37 9.37
14.08 14.08 14.08 14.08 14.08 14.08 14.08 14.08 14.08 14.08 14.08 14.08 12.90 12.90 12.90 12.90 12.90 12.90 12.90 12.90 12.90 12.90 12.90 12.90 12.90 12.90 12.90 12.90 13.19 13.19 13.19 13.19 13.19 13.19 13.19 13.19 13.19 13.19 13.19 13.19 13.19 13.19 13.19 13.19 12.35 12.35 12.35 12.35 12.35 12.35 12.35 12.35 12.35 12.35 12.35 12.35 12.35 12.35 46.47 12.35 12.18 12.18 35.81 35.81 35.81 45.71 33.88 33.88 33.88 33.88 33.88 33.88 33.88 33.88 45.71 35.81 9.37 9.37 9.37 9.37 9.37
14.08 14.08 14.08 14.08 14.08 14.08 14.08 14.08 14.08 14.08 14.08 14.08 12.90 12.90 12.90 12.90 12.90 12.90 12.90 12.90 12.90 12.90 12.90 12.90 12.90 12.90 12.90 12.90 13.19 13.19 13.19 13.19 13.19 13.19 13.19 13.19 13.19 13.19 13.19 13.19 13.19 13.19 13.19 13.19 12.35 12.35 12.35 12.35 12.35 12.35 12.35 12.35 12.35 12.35 12.35 12.35 12.35 12.35 45.18 36.24 35.81 35.81 45.71 45.71 45.71 45.71 33.88 0.00 45.71 0.00 0.00 0.00 33.88 33.88 33.88 33.88 36.32 36.32 9.37 9.37 9.37
14.08 14.08 14.08 14.08 14.08 14.08 14.08 14.08 14.08 14.08 14.08 14.08 12.90 12.90 38.87 38.87 12.90 12.90 12.90 12.90 12.90 12.90 12.90 38.93 12.90 12.90 42.26 12.90 13.19 13.19 13.19 13.19 13.19 13.19 13.19 13.19 13.19 13.19 13.19 13.19 13.19 13.19 13.19 13.19 12.35 12.35 12.35 12.35 12.35 12.35 12.35 18.11 12.35 12.35 18.11 39.11 12.35 38.89 12.35 46.26 45.71 45.71 33.88 0.00 0.00 0.00 0.00 0.00 0.00 0.00 0.00 0.00 0.00 0.00 0.00 0.00 28.41 28.41 36.32 28.28 9.37
14.08 14.08 14.08 14.08 14.08 14.08 14.08 14.08 14.08 14.08 14.08 14.08 12.90 12.90 12.90 38.87 12.90 12.90 38.87 12.90 12.90 18.92 38.87 38.87 38.93 38.93 38.87 38.87 13.19 13.19 13.19 13.19 13.19 13.19 13.19 13.19 13.19 13.19 13.19 13.19 13.19 13.19 13.19 13.19 12.35 12.35 12.35 12.35 12.35 12.35 36.38 36.38 46.47 46.26 39.11 38.89 38.89 36.24 36.24 46.26 28.81 0.00 0.00 0.00 0.00 0.00 0.00 0.00 0.00 0.00 0.00 0.00 0.00 0.00 0.00 0.00 0.00 0.00 28.41 26.51 26.51
13.60 13.60 13.60 13.60 13.60 13.60 13.60 13.60 13.60 13.60 13.60 13.60 13.30 40.05 40.05 40.05 13.30 40.05 40.05 40.05 40.05 40.05 40.05 51.40 40.05 40.05 40.05 40.05 42.95 14.35 14.35 14.35 14.35 14.35 14.35 14.35 14.35 14.35 14.35 14.35 43.08 14.35 14.35 14.35 8.82 8.82 8.82 29.32 28.93 26.68 26.68 26.68 34.30 33.77 33.77 27.23 34.30 34.30 34.30 0.00 0.00 0.00 0.00 0.00 0.00 0.00 0.00 0.00 0.00 0.00 0.00 0.00 0.00 0.00 0.00 0.00 0.00 0.00 0.00 0.00 0.00
13.60 13.60 13.60 13.60 13.60 13.60 13.60 40.89 40.89 13.60 13.60 13.60 40.05 40.05 51.40 51.40 13.30 13.30 40.05 50.22 51.40 51.40 37.17 37.17 51.40 40.05 51.40 40.05 42.95 14.35 14.35 42.95 14.35 14.35 14.35 45.83 42.95 14.35 42.95 42.95 42.95 54.54 42.95 42.95 8.82 8.82 8.82 8.82 34.30 33.77 34.30 33.77 34.30 27.23 27.23 27.23 27.23 0.00 0.00 0.00 0.00 0.00 0.00 0.00 0.00 0.00 0.00 0.00 0.00 0.00 0.00 0.00 0.00 0.00 0.00 0.00 0.00 0.00 0.00 0.00 0.00
13.60 13.60 13.60 13.60 13.60 13.60 36.90 44.00 40.89 52.38 52.38 13.60 51.40 51.40 37.17 51.40 40.05 40.05 40.05 50.22 51.40 51.40 51.40 37.17 51.40 50.22 51.40 50.22 54.54 54.54 54.54 38.72 54.54 53.01 42.95 42.95 45.83 42.95 42.95 42.95 38.72 54.54 42.95 42.95 26.76 34.70 8.82 27.84 27.84 27.23 34.30 34.30 34.30 27.23 27.23 27.23 0.00 0.00 0.00 0.00 0.00 0.00 0.00 0.00 0.00 0.00 0.00 0.00 0.00 0.00 0.00 0.00 0.00 0.00 0.00 0.00 0.00 0.00 0.00 0.00 0.00
13.60 13.60 13.60 13.60 13.60 38.76 36.90 36.90 40.89 52.38 52.38 40.89 51.40 51.40 37.17 37.17 40.05 51.40 51.40 51.40 37.17 51.40 51.40 15.05 15.05 15.05 37.17 51.40 54.54 54.54 38.72 38.72 15.88 52.94 54.54 54.54 54.54 54.54 54.54 54.54 54.54 54.54 54.54 54.54 34.70 27.84 27.84 27.84 27.84 27.23 27.23 27.23 27.23 27.23 27.23 0.00 0.00 0.00 0.00 0.00 0.00 0.00 0.00 0.00 0.00 0.00 0.00 0.00 0.00 0.00 0.00 0.00 0.00 0.00 0.00 0.00 0.00 0.00 0.00 0.00 0.00
13.60 13.60 13.60 13.60 13.60 36.90 36.90 36.90 36.90 40.89 40.89 40.89 51.40 50.22 51.40 37.17 51.40 51.40 51.40 37.17 50.16 50.16 50.16 15.05 15.05 0.00 0.00 0.00 0.00 0.32 15.88 0.00 0.00 0.00 0.00 0.32 15.88 38.72 38.72 38.72 15.88 38.72 38.72 38.72 27.84 27.84 27.84 27.84 27.84 27.23 27.23 10.13 10.13 27.23 0.00 0.00 0.00 0.00 0.00 0.00 0.00 0.00 0.00 0.00 0.00 0.00 0.00 0.00 0.00 0.00 0.00 0.00 0.00 0.00 0.00 0.00 0.00 0.00 0.00 0.00 0.00
13.60 13.60 13.60 13.60 13.60 13.60 13.60 13.60 13.60 36.90 40.89 52.38 51.40 37.17 51.40 51.40 50.16 50.16 50.22 15.05 50.16 50.16 50.16 15.05 0.00 0.00 0.00 0.00 0.00 0.00 0.00 0.00 0.00 0.00 0.00 0.00 0.00 0.00 0.00 15.88 15.88 15.88 15.88 15.88 10.37 10.37 10.37 10.37 10.37 10.37 0.32 10.13 10.13 10.13 0.00 0.00 0.00 0.00 0.00 0.00 0.00 0.00 0.00 0.00 0.00 0.00 0.00 0.00 0.00 0.00 0.00 0.00 0.00 0.00 0.00 0.00 0.00 0.00 0.00 0.00 0.00
13.60 13.60 13.60 13.60 13.60 13.60 13.60 13.60 13.60 13.60 13.60 40.89 51.40 37.17 37.17 15.05 15.05 50.16 50.16 50.16 50.16 50.16 50.16 37.17 0.00 0.00 0.00 0.00 0.00 0.00 0.00 0.00 0.00 0.00 0.00 0.00 0.00 0.00 0.00 0.00 0.00 0.00 15.88 15.88 0.00 0.00 0.00 0.00 0.00 0.00 0.00 0.00 0.00 0.00 0.00 0.00 0.00 0.00 0.00 0.00 0.00 0.00 0.00 0.00 0.00 0.00 0.00 0.00 0.00 0.00 0.00 0.00 0.00 0.00 0.00 0.00 0.00 0.00 0.00 0.00 0.00
13.60 13.60 13.60 13.60 13.60 13.60 13.60 36.90 36.90 46.49 46.49 51.12 50.22 50.22 50.16 15.05 50.16 15.05 50.16 50.16 50.16 0.00 0.00 0.00 0.00 0.00 0.00 0.00 0.00 0.00 0.00 0.00 0.00 0.00 0.00 0.00 0.00 0.00 0.00 0.00 0.00 0.00 0.00 0.00 0.00 0.00 0.00 0.00 0.00 0.00 0.00 0.00 0.00 0.00 0.00 0.00 0.00 0.00 0.00 0.00 0.00 0.00 0.00 0.00 0.00 0.00 0.00 0.00 0.00 0.00 0.00 0.00 0.00 0.00 0.00 0.00 0.00 0.00 0.00 0.00 0.00
13.60 13.60 13.60 13.60 13.60 13.60 13.60 44.34 44.34 44.34 46.49 46.49 51.40 50.22 51.40 15.05 50.16 15.05 15.05 15.05 15.06 50.21 15.05 15.05 0.00 0.00 0.00 0.00 0.00 0.00 0.00 0.00 0.00 0.00 0.00 0.00 0.00 0.00 0.00 0.00 0.00 0.00 0.00 0.00 0.00 0.00 0.00 0.00 0.00 0.00 0.00 0.00 0.00 0.00 0.00 0.00 0.00 0.00 0.00 0.00 0.00 0.00 0.00 0.00 0.00 0.00 0.00 0.00 0.00 0.00 0.00 0.00 0.00 0.00 0.00 0.00 0.00 0.00 0.00 0.00 0.00
13.60 13.60 13.60 13.60 13.60 13.60 13.60 36.90 44.34 38.76 46.49 30.35 51.41 50.22 51.40 51.40 15.05 15.05 15.05 15.05 15.05 50.16 50.16 15.05 0.00 0.00 0.00 0.00 0.00 0.00 0.00 0.00 0.00 0.00 0.00 0.00 0.00 0.00 0.00 0.00 0.00 0.00 0.00 0.00 0.00 0.00 0.00 0.00 0.00 0.00 0.00 0.00 0.00 0.00 0.00 0.00 0.00 0.00 0.00 0.00 0.00 0.00 0.00 0.00 0.00 0.00 0.00 0.00 0.00 0.00 0.00 0.00 0.00 0.00 0.00 0.00 0.00 0.00 0.00 0.00 0.00
13.60 13.60 13.60 13.60 13.60 13.60 13.60 13.60 44.34 46.49 31.02 31.02 43.63 51.78 37.17 37.17 37.17 37.17 37.17 15.05 15.05 15.05 15.05 15.05 0.00 0.00 0.00 0.00 0.00 0.00 0.00 0.00 0.00 0.00 0.00 0.00 0.00 0.00 0.00 0.00 0.00 0.00 0.00 0.00 0.00 0.00 0.00 0.00 0.00 0.00 0.00 0.00 0.00 0.00 0.00 0.00 0.00 0.00 0.00 0.00 0.00 0.00 0.00 0.00 0.00 0.00 0.00 0.00 0.00 0.00 0.00 0.00 0.00 0.00 0.00 0.00 0.00 0.00 0.00 0.00 0.00
13.60 13.60 13.60 13.60 13.60 13.60 13.60 44.34 44.34 46.49 46.49 30.71 45.72 30.60 51.40 37.17 51.40 13.30 43.39 43.39 51.40 51.40 37.17 15.05 15.05 15.05 15.05 51.40 38.72 38.72 38.72 52.94 0.00 0.00 0.00 0.00 0.00 0.00 0.00 0.00 0.00 0.00 0.00 0.00 0.00 0.00 0.00 0.00 0.00 0.00 0.00 0.00 0.00 0.00 0.00 0.00 0.00 0.00 0.00 0.00 0.00 0.00 0.00 0.00 0.00 0.00 0.00 0.00 0.00 0.00 0.00 0.00 0.00 0.00 0.00 0.00 0.00 0.00 0.00 0.00 0.00
13.60 13.60 13.60 13.60 13.60 13.60 36.90 36.90 44.34 46.49 46.49 46.50 30.60 45.72 45.72 37.17 40.12 13.30 13.30 13.30 13.30 13.30 43.39 51.61 51.40 37.17 37.17 51.40 54.54 38.72 38.72 38.72 54.54 52.94 0.00 0.00 0.00 0.00 0.00 0.00 0.00 0.00 0.00 0.00 0.00 0.00 0.00 0.00 0.00 0.00 0.00 0.00 0.00 0.00 0.00 0.00 0.00 0.00 0.00 0.00 0.00 0.00 0.00 0.00 0.00 0.00 0.00 0.00 0.00 0.00 0.00 0.00 0.00 0.00 0.00 0.00 0.00 0.00 0.00 0.00 0.00
13.60 13.60 13.60 13.60 13.60 36.90 36.90 39.20 44.92 31.02 31.02 31.02 30.60 45.72 46.19 51.61 43.39 43.39 13.30 13.30 13.30 13.30 40.12 40.12 40.12 50.22 51.40 40.05 43.08 54.86 46.13 46.13 42.95 54.54 54.54 54.54 0.00 0.00 0.00 0.00 0.00 0.00 0.00 0.00 0.00 0.00 0.00 0.00 0.00 0.00 0.00 0.00 0.00 0.00 0.00 0.00 0.00 0.00 0.00 0.00 0.00 0.00 0.00 0.00 0.00 0.00 0.00 0.00 0.00 0.00 0.00 0.00 0.00 0.00 0.00 0.00 0.00 0.00 0.00 0.00 0.00
