New_Model_Runs/13_Future_RCP4.5_Scn3_out/post_prcessed_no_MFR/net_infiltration_annual.asc
NCOLS 700
NROWS 400
XLLCENTER 515000.000000
YLLCENTER 8409000.000000
CELLSIZE 50.000000
NODATA_value -999.000000
[rows 180 to 215 of 400, columns 162 to 242 of 700]
60.89 60.89 60.89 60.89 60.89 60.89 62.71 62.71 62.71 0.00 0.00 0.00 0.00 0.00 0.00 0.00 0.00 0.00 0.00 0.00 0.00 31.04 62.90 0.00 0.00 0.00 0.00 0.00 0.00 0.00 0.00 0.00 0.00 64.90 64.63 64.63 64.63 64.63 63.97 63.97 63.97 63.97 66.62 63.80 63.80 63.80 66.27 66.27 66.27 66.27 75.61 52.77 57.40 33.95 0.00 0.00 0.00 0.00 0.00 22.28 66.96 66.96 69.14 65.39 65.39 65.39 0.00 0.00 0.00 0.00 0.00 0.00 0.00 0.00 0.00 0.00 0.00 0.00 0.00 0.00 67.13
60.89 60.89 60.89 60.89 60.89 60.89 62.71 62.71 62.71 0.00 0.00 0.00 0.00 0.00 0.00 0.00 29.32 29.32 0.00 0.00 0.00 62.86 62.90 0.00 0.00 0.00 0.00 0.00 63.11 63.11 64.90 64.90 18.90 64.90 64.63 64.63 70.14 64.63 63.97 63.97 63.97 63.97 63.80 63.80 63.80 63.80 66.27 66.27 66.27 74.61 75.61 67.09 70.85 67.09 52.77 52.77 33.95 33.95 21.74 66.96 66.96 66.96 65.39 69.14 65.39 65.39 65.96 0.00 0.00 0.00 0.00 0.00 0.00 0.00 0.00 0.00 0.00 0.00 0.00 0.00 65.91
60.89 64.97 60.89 60.89 64.98 60.89 62.71 66.35 62.71 0.00 0.00 0.00 0.00 0.00 0.00 0.00 63.17 63.17 0.00 62.86 62.86 62.86 62.90 70.49 0.00 0.00 0.00 70.75 63.11 63.11 64.90 64.90 68.65 64.90 64.63 64.63 64.63 67.53 63.97 63.97 63.97 63.97 66.59 63.80 63.80 63.80 66.27 66.27 66.27 74.61 67.09 70.85 67.09 67.09 75.98 75.98 75.98 66.14 62.83 66.96 66.96 66.96 65.39 65.39 65.39 65.39 65.96 0.00 0.00 0.00 0.00 0.00 0.00 0.00 0.00 0.00 0.00 0.00 67.13 67.13 65.91
60.89 60.89 60.89 60.89 60.89 60.89 62.71 62.71 62.71 0.00 0.00 0.00 0.00 0.00 0.00 0.00 63.17 63.17 62.86 62.86 66.87 62.86 62.90 70.49 70.49 70.49 70.75 70.75 63.11 63.11 64.90 64.90 68.63 64.90 64.63 64.63 64.63 64.63 66.78 63.97 63.97 63.97 70.89 63.80 63.80 63.80 66.27 66.27 66.27 66.27 67.09 67.09 67.09 67.09 75.98 75.98 77.83 70.93 66.96 66.96 66.96 66.96 65.39 65.39 65.39 65.39 65.96 0.00 0.00 0.00 0.00 0.00 0.00 0.00 0.00 0.00 0.00 70.80 67.13 67.13 65.91
60.79 60.79 61.76 61.76 61.76 61.76 63.37 63.37 63.37 0.00 0.00 0.00 0.00 0.00 0.00 0.00 63.34 63.34 62.77 62.77 62.77 62.77 62.85 70.44 70.44 70.44 70.68 63.05 63.05 63.05 64.78 64.78 64.78 64.78 64.57 64.57 64.57 64.57 64.00 64.00 64.00 64.00 64.01 64.01 64.01 64.01 66.56 66.56 66.56 66.56 67.06 67.06 67.06 67.06 76.04 76.04 76.04 67.44 70.66 66.92 70.66 66.92 65.47 65.47 65.47 65.47 66.36 0.00 0.00 0.00 0.00 0.00 0.00 0.00 0.00 66.76 70.49 66.76 67.10 65.89 65.89
60.79 60.79 61.76 61.76 61.76 61.76 63.37 63.37 63.37 70.61 0.00 0.00 0.00 0.00 0.00 0.00 63.34 63.34 62.77 62.77 62.77 62.77 62.85 70.44 70.44 70.44 70.68 70.68 63.05 63.05 64.78 64.78 64.78 64.78 64.57 64.57 64.57 64.57 64.00 64.00 64.00 64.00 64.01 64.01 64.01 64.01 66.56 66.56 66.56 66.56 67.06 67.06 67.06 67.06 76.04 76.04 83.75 67.44 66.92 66.92 66.92 70.66 65.47 65.47 65.47 65.47 66.36 0.00 0.00 0.00 0.00 0.00 0.00 0.00 66.76 66.76 73.06 66.76 67.10 65.89 70.10
60.79 60.79 61.76 61.76 61.76 61.76 63.37 63.37 70.61 67.57 0.00 0.00 0.00 0.00 0.00 63.34 63.34 63.34 62.77 62.77 62.77 62.77 66.87 62.85 77.77 70.44 72.55 70.68 63.05 63.05 64.78 64.78 64.78 64.78 64.57 64.57 64.57 64.57 64.00 64.00 64.00 64.00 66.82 64.01 64.01 64.01 66.56 66.56 66.56 70.27 67.06 67.06 67.06 67.06 76.04 76.04 77.89 76.04 66.92 66.92 66.92 66.92 65.47 65.47 65.47 65.47 66.36 70.06 0.00 0.00 0.00 0.00 0.00 0.00 74.95 66.76 70.49 66.76 67.10 65.89 70.10
60.79 60.79 61.76 68.50 68.50 61.76 63.37 63.37 70.61 67.57 71.27 30.03 34.28 30.03 71.15 63.34 66.87 63.34 62.77 62.77 62.77 62.77 62.85 62.85 70.44 70.44 78.04 67.19 63.05 63.05 64.78 64.78 68.52 64.78 64.57 64.57 64.57 64.57 66.83 66.83 64.00 64.00 64.01 64.01 64.01 64.01 66.56 66.56 66.56 70.27 67.06 67.06 67.06 67.06 70.92 70.98 76.04 76.04 66.92 66.92 66.92 66.92 65.47 65.47 65.47 65.47 66.36 66.36 66.36 0.00 0.00 0.00 0.00 66.63 66.76 66.76 66.76 66.76 65.89 65.89 65.89
61.49 61.49 70.27 70.27 70.27 70.27 63.66 63.66 52.61 68.01 68.00 68.00 30.03 68.00 71.09 63.29 63.29 63.29 66.62 66.62 62.73 62.73 62.85 62.85 70.31 72.13 63.00 63.00 63.00 63.00 64.78 64.78 64.78 64.78 64.59 64.59 64.59 64.59 64.10 64.10 64.10 64.10 64.09 64.09 64.09 64.09 66.30 66.30 66.30 66.30 66.79 66.79 66.79 66.79 67.44 67.44 67.44 76.04 67.24 67.24 67.24 67.24 65.54 65.54 65.54 65.54 66.04 66.04 66.04 0.00 0.00 0.00 0.00 66.64 66.51 66.51 66.51 66.51 65.91 65.91 70.12
61.49 61.49 70.27 70.27 70.27 70.27 71.26 71.26 52.61 68.01 68.00 71.25 73.19 71.25 71.09 71.09 71.09 63.29 62.73 62.73 62.73 62.73 62.85 62.85 62.85 77.47 69.64 63.00 63.00 63.00 64.78 68.51 68.51 68.34 64.59 64.59 64.59 64.59 64.10 64.10 64.10 64.10 64.09 66.90 64.09 64.09 66.30 66.30 69.98 66.30 66.79 66.79 66.79 66.79 67.44 70.98 67.44 76.04 67.24 67.24 67.24 67.24 65.54 65.54 65.54 65.54 66.04 69.80 66.04 0.00 0.00 0.00 0.00 66.64 66.51 66.51 66.51 66.51 65.91 65.91 65.91
61.49 61.49 70.27 70.27 70.27 70.27 71.26 71.26 52.61 52.61 52.61 71.25 73.19 71.25 71.09 71.09 63.29 63.29 66.62 62.73 62.73 62.73 62.85 62.85 62.85 62.85 63.00 71.52 67.14 63.00 64.78 64.78 64.78 68.34 64.59 64.59 64.59 64.59 66.92 64.10 64.10 64.10 64.09 64.09 64.09 64.09 66.30 66.30 66.30 66.30 66.79 66.79 66.79 66.79 67.44 67.44 67.44 76.04 67.24 67.24 67.24 70.87 65.54 65.54 65.54 65.54 66.04 66.04 66.04 74.64 75.37 30.57 72.60 66.64 66.51 66.51 66.51 64.56 65.91 65.91 65.91
61.49 61.49 70.27 70.27 70.27 70.27 71.26 71.26 73.20 68.01 71.25 71.25 71.25 71.25 71.09 63.29 63.29 63.29 62.73 66.62 62.73 62.73 62.85 66.75 62.85 62.85 63.00 63.00 63.00 63.00 64.78 64.78 64.78 64.78 64.59 64.59 64.59 64.59 64.10 71.26 64.10 64.10 64.09 66.90 66.87 64.09 66.30 66.30 66.30 66.30 66.79 66.79 66.79 66.79 67.44 67.44 67.44 76.04 70.76 67.24 67.24 67.24 65.54 65.54 65.54 65.54 66.04 66.04 66.04 66.04 75.37 75.37 75.37 66.64 66.51 66.51 66.51 64.56 65.91 65.91 71.98
62.88 62.88 63.90 71.25 71.25 71.25 71.33 73.32 71.33 68.07 71.26 71.26 71.26 71.26 63.22 63.22 63.22 63.22 62.57 66.45 62.57 62.57 62.77 62.77 62.77 62.77 62.91 62.91 62.91 62.91 64.64 64.64 64.64 64.64 67.78 64.65 64.65 64.65 64.06 64.06 64.06 64.06 63.83 66.63 63.83 63.83 65.75 69.44 69.44 65.75 66.63 66.63 66.63 66.63 67.67 67.67 76.32 76.32 71.96 70.87 67.34 75.23 65.28 65.28 65.28 65.28 65.50 69.21 65.50 65.50 66.44 75.14 75.14 75.14 66.59 66.59 64.65 64.65 65.68 65.68 69.87
62.88 62.88 63.90 63.90 63.90 71.25 71.33 71.33 63.59 71.33 83.05 63.91 63.91 63.91 63.22 63.22 63.22 63.22 62.57 62.57 62.57 62.57 62.77 62.77 62.77 62.77 62.91 62.91 62.91 62.91 64.64 64.64 64.64 64.64 64.65 64.65 64.65 64.65 64.06 64.06 64.06 64.06 63.83 63.83 63.83 63.83 65.75 65.75 65.75 65.75 66.63 66.63 66.63 66.63 67.67 67.67 67.67 67.67 82.51 67.34 67.34 67.34 65.28 65.28 65.28 65.28 76.19 65.50 65.50 65.50 66.44 66.44 75.14 75.14 66.59 66.59 68.72 64.65 65.68 65.68 65.68
73.76 73.76 74.39 74.39 74.39 74.39 96.89 74.23 74.23 74.23 79.73 74.40 74.40 74.40 73.82 73.82 73.82 73.82 73.00 73.00 73.00 73.00 73.21 88.85 73.21 73.21 73.49 80.30 73.49 73.49 75.90 75.90 75.90 75.90 75.41 82.33 82.33 75.41 74.73 74.73 74.73 74.73 74.32 85.40 74.32 74.32 74.21 80.96 74.21 74.21 75.11 75.11 75.11 75.11 76.20 76.20 76.20 83.18 87.06 87.06 75.85 75.85 72.92 72.92 72.92 72.92 72.68 72.68 72.68 72.68 72.86 72.86 85.58 85.58 73.01 73.01 73.07 73.07 72.60 72.60 72.60
73.76 73.76 74.39 74.39 74.39 74.39 74.23 74.23 74.23 74.23 74.40 79.73 74.40 74.40 73.82 73.82 73.82 73.82 73.00 73.00 73.00 73.00 73.21 73.21 73.21 73.21 73.49 73.49 73.49 73.49 75.90 75.90 75.90 75.90 75.41 75.41 75.41 75.41 74.73 85.88 74.73 74.73 74.32 74.32 74.32 74.32 85.22 80.95 74.21 74.21 75.11 75.11 75.11 75.11 76.20 76.20 76.20 76.20 75.85 75.85 75.85 75.85 72.92 72.92 72.92 72.92 72.68 72.68 72.68 72.68 72.86 72.86 85.58 85.58 107.97 73.07 73.07 73.07 72.60 72.60 72.60
73.98 73.98 74.13 74.13 74.13 83.90 74.36 74.36 74.36 74.36 74.14 74.14 74.14 74.14 73.74 73.74 73.74 73.74 72.93 72.93 72.93 72.93 79.78 79.80 73.05 73.05 73.38 73.38 73.38 80.17 75.70 75.70 75.70 75.70 75.14 75.14 75.14 75.14 74.40 74.40 74.40 74.40 73.93 73.93 73.93 73.93 74.15 74.15 74.15 74.15 75.30 75.30 75.30 82.18 76.16 76.16 76.16 76.16 75.63 75.63 82.55 75.63 73.13 73.13 73.13 73.13 72.79 72.79 72.79 72.79 73.24 73.24 86.07 86.07 112.56 77.53 73.41 73.41 72.69 72.69 72.69
73.98 73.98 74.13 79.16 74.13 74.13 74.36 74.36 74.36 74.36 74.14 74.14 74.14 74.14 80.57 73.74 73.74 73.74 72.93 72.93 72.93 72.93 73.05 73.05 73.05 73.05 73.38 73.38 73.38 73.38 82.67 75.70 75.70 75.70 75.14 75.14 75.14 75.14 74.40 74.40 74.40 74.40 73.93 73.93 73.93 73.93 80.89 74.15 74.15 74.15 75.30 75.30 75.30 75.30 76.16 76.16 76.16 76.16 75.63 75.63 75.63 75.63 73.13 73.13 73.13 73.13 72.79 72.79 72.79 72.79 73.24 73.24 86.07 86.07 73.33 73.41 73.41 77.38 76.71 72.69 72.69
73.98 73.98 74.13 74.13 74.13 74.13 74.36 74.36 74.36 74.36 74.14 74.14 74.14 74.14 73.74 73.74 73.74 80.42 72.93 72.93 72.93 72.93 73.05 73.05 73.05 73.05 73.38 84.29 73.38 73.38 75.70 75.70 75.70 75.70 75.14 82.03 82.03 75.14 74.40 81.20 74.40 81.20 73.93 73.93 73.93 73.93 74.15 74.15 74.15 74.15 75.30 75.30 75.30 75.30 76.16 76.16 76.16 76.16 75.63 75.63 75.63 75.63 73.13 73.13 73.13 73.13 72.79 72.79 72.79 72.79 73.24 73.24 86.07 100.08 73.41 73.41 73.41 73.41 72.69 72.69 72.69
73.98 73.98 74.13 74.13 74.13 74.13 74.36 79.53 74.36 74.36 74.14 74.14 74.14 74.14 73.74 73.74 80.57 80.42 72.93 72.93 72.93 72.93 83.93 73.05 73.05 73.05 73.38 73.38 80.08 73.38 82.59 75.70 75.70 75.70 75.14 81.91 75.14 75.14 74.40 74.40 74.40 74.40 73.93 73.93 73.93 73.93 74.15 74.15 74.15 74.15 75.30 75.30 75.30 75.30 76.16 76.16 76.16 76.16 82.53 82.55 75.63 75.63 73.13 73.13 73.13 73.13 72.79 72.79 72.79 72.79 73.24 73.24 73.24 73.24 73.41 73.41 73.41 73.41 72.69 72.69 72.69
84.00 74.21 74.14 79.45 79.45 74.14 74.27 74.27 74.27 74.27 74.33 74.33 79.65 74.33 73.72 73.72 73.72 73.72 72.93 72.93 72.93 72.93 79.60 72.86 72.86 72.86 72.94 72.94 72.94 86.78 75.33 75.33 75.33 75.33 74.50 81.32 74.50 74.50 73.77 82.16 73.77 73.77 81.22 74.41 74.41 74.41 75.10 75.10 75.10 75.10 75.84 75.84 75.84 75.84 76.26 76.26 76.26 76.26 75.55 75.55 75.55 75.55 73.10 73.10 73.10 73.10 72.65 72.65 72.65 72.65 73.67 73.67 73.67 73.67 73.41 77.75 73.41 73.41 72.74 72.74 72.74
74.21 74.21 74.14 74.14 74.14 74.14 74.27 74.27 74.27 74.27 74.33 74.33 74.33 85.31 84.70 73.72 73.72 73.72 79.67 72.93 72.93 72.93 72.86 72.86 79.59 72.86 72.94 72.94 72.94 79.68 82.24 75.33 75.33 75.33 74.50 74.50 74.50 74.50 73.77 73.77 80.50 73.77 74.41 74.41 74.41 74.41 75.10 75.10 75.10 75.10 75.84 75.84 75.84 75.84 76.26 76.26 76.26 76.26 75.55 75.55 75.55 81.62 73.10 73.10 73.10 73.10 72.65 72.65 72.65 79.38 73.67 73.67 73.67 77.83 73.41 73.41 77.75 77.73 82.97 77.13 72.74
74.21 74.21 74.14 74.14 74.14 74.14 79.59 74.27 74.27 74.27 74.33 74.33 74.33 74.33 73.72 73.72 73.72 73.72 72.93 72.93 72.93 72.93 79.59 72.86 72.86 72.86 72.94 72.94 72.94 72.94 75.33 82.24 82.24 75.33 74.50 74.50 74.50 74.50 73.77 73.77 73.77 73.77 74.41 74.41 74.41 74.41 75.10 75.10 75.10 75.10 75.84 75.84 75.84 75.84 76.26 76.26 76.26 83.25 75.55 75.55 82.46 75.55 73.10 73.10 73.10 73.10 72.65 72.65 72.65 72.65 73.67 73.67 73.67 73.49 73.42 73.42 73.42 73.42 72.74 72.74 77.13
74.21 74.21 74.14 74.14 74.14 79.30 74.27 74.27 74.27 79.39 74.33 74.33 74.33 74.33 73.72 73.72 73.72 73.72 72.93 72.93 72.93 72.93 72.86 72.86 79.41 72.86 72.94 72.94 79.48 72.94 75.33 75.33 75.33 82.08 74.50 74.50 74.50 74.50 73.77 73.77 73.77 73.77 74.41 74.41 74.41 74.41 75.10 75.10 75.10 75.10 75.84 75.84 75.84 75.84 76.26 76.26 76.26 76.26 75.55 82.39 75.55 75.55 81.76 73.10 73.10 73.10 72.65 72.65 72.65 72.65 73.67 73.67 73.67 73.49 73.42 73.42 73.42 73.42 72.74 77.09 72.74
74.23 74.23 74.12 74.12 74.12 74.12 73.82 73.82 73.82 73.82 73.91 73.91 73.91 73.91 73.33 73.33 73.33 73.33 72.84 72.84 72.84 72.84 73.24 73.24 73.24 79.14 73.21 73.21 79.11 73.21 81.88 75.00 81.88 75.00 80.80 74.04 74.04 74.04 74.28 74.28 74.28 74.28 75.81 75.81 75.81 75.81 76.30 76.30 76.30 76.30 76.52 76.52 76.52 76.52 76.48 76.48 76.48 76.48 75.14 75.14 75.14 75.14 72.79 72.79 72.79 72.79 73.17 73.17 73.17 73.17 73.83 73.83 85.75 81.63 77.60 73.27 73.27 73.27 72.49 72.49 72.49
74.23 80.88 79.42 74.12 74.12 74.12 73.82 78.72 73.82 73.82 73.91 73.91 73.91 73.91 73.33 73.33 73.33 80.12 79.57 72.84 72.84 72.84 73.24 73.24 73.24 79.14 73.21 73.21 73.21 79.11 75.00 75.00 75.00 75.00 74.04 74.04 74.04 74.04 74.28 74.28 74.28 74.28 75.81 75.81 75.81 75.81 76.30 76.30 76.30 76.30 76.52 76.52 76.52 76.52 76.48 76.48 85.19 76.48 75.14 75.14 75.14 75.14 72.79 72.79 72.79 72.79 73.17 73.17 73.17 73.17 73.83 80.92 73.69 73.69 73.27 73.27 81.26 73.27 72.49 72.49 72.49
74.23 74.23 74.12 74.12 74.12 74.12 73.82 73.82 73.82 73.82 78.81 73.91 73.91 73.91 73.33 73.33 73.33 73.33 72.84 79.57 72.84 72.84 73.24 73.24 73.24 73.24 73.21 73.21 73.21 73.21 85.87 75.00 75.00 75.00 80.80 74.04 74.04 74.04 74.28 74.28 74.28 74.28 82.49 82.78 75.81 75.81 83.25 76.30 76.30 76.30 76.52 76.52 76.52 83.72 87.89 83.50 83.50 76.48 75.14 75.14 75.14 75.14 72.79 72.79 72.79 72.79 73.17 73.17 73.17 73.17 73.83 73.83 81.71 73.69 73.27 73.27 73.27 73.27 72.49 72.49 72.49
79.17 79.60 79.42 79.42 74.12 74.12 73.82 73.82 73.82 73.82 73.91 73.91 73.91 73.91 73.33 73.33 73.33 73.33 72.84 79.39 72.84 72.84 73.24 73.24 73.24 73.24 73.21 73.21 73.21 73.21 75.00 75.00 75.00 75.00 80.80 74.04 74.04 74.04 74.28 81.22 74.28 74.28 75.81 75.81 75.81 75.81 76.30 76.30 76.30 76.30 76.52 76.52 76.52 76.52 76.48 76.48 76.48 76.48 75.14 75.14 75.14 75.14 72.79 72.79 72.79 72.79 73.17 73.17 73.17 73.17 73.83 73.69 73.69 73.69 73.27 73.27 73.27 73.27 76.70 72.49 72.49
74.25 74.25 74.18 74.18 74.18 74.18 73.23 73.23 73.23 73.23 73.25 73.25 73.25 73.25 72.78 79.50 72.78 79.50 73.22 73.22 73.22 73.22 73.26 73.26 73.26 73.26 73.20 73.22 73.20 73.20 74.71 81.55 74.71 74.71 74.36 74.36 74.36 82.82 75.08 75.08 75.08 75.08 76.40 76.40 76.40 76.40 76.63 76.63 76.63 76.63 83.90 76.69 83.91 76.69 82.70 75.77 75.77 75.77 74.55 74.55 74.55 74.55 73.13 73.13 73.13 73.13 73.74 73.74 73.74 73.74 73.62 73.44 77.78 73.44 72.80 72.80 72.80 72.80 72.33 72.33 76.26
74.25 74.25 74.18 74.18 81.78 74.18 73.23 73.23 73.23 73.23 73.25 73.25 73.25 84.41 72.78 72.78 72.78 72.78 73.22 73.22 73.22 73.22 73.26 73.26 79.19 72.05 73.22 73.20 73.20 73.20 74.71 74.71 74.71 74.71 74.36 74.36 83.86 74.36 75.08 75.08 75.08 75.08 76.40 76.40 76.40 76.40 76.63 76.63 83.85 85.13 76.69 76.69 76.69 76.69 75.77 75.77 75.77 75.77 74.55 74.55 81.35 74.55 73.13 73.13 73.13 73.13 73.74 73.74 73.74 73.74 73.62 96.17 73.44 73.44 72.80 72.80 72.80 72.80 72.33 72.33 77.72
85.76 85.76 84.43 84.43 84.43 84.43 83.45 83.45 83.45 83.45 83.33 90.19 83.33 90.19 85.69 85.69 85.69 91.82 92.12 85.45 92.12 98.49 85.06 85.06 90.59 90.32 107.50 91.65 85.00 85.00 86.75 86.75 89.61 86.75 86.75 86.75 92.95 98.31 87.01 87.01 87.01 87.01 104.22 88.36 88.36 95.09 92.87 86.42 86.42 86.42 86.48 86.48 86.48 86.48 85.52 85.52 85.52 85.52 84.22 84.22 84.22 84.22 81.59 81.59 81.59 81.59 82.96 82.96 93.95 87.95 81.98 81.98 87.41 81.98 81.06 81.06 87.01 81.06 77.66 77.66 77.66
85.76 85.76 84.43 84.43 91.47 84.43 83.45 83.45 83.45 83.45 83.33 83.33 83.33 83.33 85.69 85.69 85.69 85.69 85.45 85.45 85.45 88.30 85.06 97.69 95.50 87.53 87.42 85.00 85.00 85.00 95.36 89.27 99.77 99.77 94.42 86.75 86.75 86.75 87.01 87.01 87.01 93.63 88.36 88.36 88.36 88.36 86.42 86.42 86.42 86.42 86.48 86.48 92.93 86.48 85.52 85.52 85.52 85.52 84.22 90.82 84.22 84.22 81.59 81.59 81.59 87.50 88.82 88.98 88.98 82.96 81.98 81.98 81.98 81.98 81.06 86.94 81.06 81.06 77.66 77.66 77.66
85.25 85.25 84.08 84.08 84.08 84.08 83.31 83.31 83.31 83.31 83.03 83.03 83.03 83.03 85.33 85.33 85.33 85.33 85.18 85.18 95.86 85.18 84.88 101.49 95.50 99.86 90.32 84.98 84.98 87.05 87.04 99.77 99.77 99.77 94.42 86.95 94.42 87.00 87.50 87.50 87.50 87.50 88.45 88.45 88.45 88.45 86.38 92.82 86.38 86.38 85.98 85.98 85.98 85.98 84.62 84.62 84.62 84.62 84.65 84.65 84.65 84.65 82.36 82.36 82.36 82.36 82.83 82.83 82.83 82.83 81.41 81.41 81.41 81.41 80.59 80.59 80.59 80.59 77.57 77.57 77.57
92.38 92.38 84.08 84.08 84.08 90.94 83.31 83.31 83.31 83.31 83.03 83.03 83.03 83.03 85.33 85.33 85.33 85.33 85.18 85.18 90.59 90.59 90.59 107.51 104.22 80.70 99.86 95.50 101.62 84.98 107.84 105.14 99.77 99.77 94.42 91.31 98.76 94.42 87.50 87.50 87.50 87.50 88.45 88.45 88.45 95.19 86.38 86.38 86.38 86.38 85.98 85.98 85.98 85.98 84.62 84.62 84.62 84.62 84.65 84.65 84.65 84.65 82.36 82.36 82.36 82.36 82.83 82.83 82.83 90.12 87.41 81.41 81.41 81.41 80.59 80.59 80.59 80.59 77.57 77.57 77.57
85.25 85.25 84.08 84.08 84.08 90.94 83.31 83.31 83.31 83.31 83.03 83.03 83.03 83.03 85.33 85.33 85.33 85.33 87.59 104.10 107.74 97.69 97.69 102.05 85.06 89.70 95.50 95.50 101.62 95.50 99.77 99.77 99.77 99.77 101.84 98.76 98.76 94.40 87.50 87.50 87.50 87.50 88.45 88.45 88.45 88.45 86.38 86.38 86.38 86.38 85.98 85.98 92.38 85.98 84.62 91.17 91.17 84.62 84.65 84.65 84.65 84.65 82.36 82.36 82.36 82.36 82.83 82.83 82.83 102.09 81.41 81.41 81.41 81.41 80.60 80.60 80.60 80.60 77.57 77.57 77.57
85.25 85.25 91.09 84.08 84.08 84.08 83.31 83.31 83.31 83.31 83.03 83.03 83.03 83.03 85.33 85.33 85.33 104.58 87.59 90.59 97.69 97.69 127.28 31.63 80.70 103.55 103.62 101.62 101.62 95.50 99.77 99.77 99.77 99.77 101.84 101.84 98.76 94.40 87.50 87.50 87.50 87.50 88.45 88.45 88.45 88.45 86.38 86.38 86.38 86.38 85.98 85.98 85.98 85.98 84.62 84.62 84.62 84.62 84.65 84.65 84.65 84.65 82.36 82.36 82.36 82.36 82.83 82.83 97.09 81.98 81.41 81.41 87.41 81.41 80.60 80.60 86.61 80.60 77.57 77.57 77.57
