New_Model_Runs/3_scn2_noclimate_out/post_prcessed_with_MFR/actual_et_annual.asc
NCOLS 700
NROWS 400
XLLCENTER 515000.000000
YLLCENTER 8409000.000000
CELLSIZE 50.000000
NODATA_value -999.000000
[rows 252 to 287 of 400, columns 162 to 242 of 700]
14.25 14.23 14.21 14.19 14.17 14.16 14.14 14.12 14.10 14.08 14.06 14.04 14.03 14.01 13.99 13.97 13.95 20.44 20.41 13.90 13.88 20.33 20.30 20.28 20.25 20.23 20.20 13.76 13.74 13.72 13.71 13.69 13.67 13.66 13.64 13.63 13.61 13.60 13.58 13.57 13.55 13.54 13.52 13.51 13.50 13.48 13.47 13.46 52.06 52.02 51.97 51.93 51.88 51.84 13.37 13.36 13.34 19.56 19.54 42.76 39.43 13.29 43.75 40.13 40.11 43.68 51.40 51.38 51.36 51.35 51.34 51.33 43.59 43.59 43.58 43.59 43.59 43.59 41.33 13.25 39.59
14.25 14.24 14.22 14.20 14.18 20.78 14.15 14.13 14.11 14.09 14.07 14.06 14.04 14.02 14.00 13.98 13.96 20.45 20.43 13.91 20.37 43.87 20.32 20.30 20.27 13.80 13.79 13.77 13.75 13.74 13.72 13.70 13.69 13.67 13.66 13.64 13.63 13.61 13.60 13.58 13.57 13.56 13.54 13.53 13.51 13.50 13.49 13.47 52.11 42.55 19.71 13.42 13.41 13.40 13.39 13.38 13.36 19.59 13.34 39.51 19.54 19.53 42.73 39.40 40.17 40.15 51.48 41.01 51.44 40.10 40.09 40.08 43.66 40.07 40.07 43.66 43.66 43.67 39.64 39.65 51.44
14.26 14.25 14.23 14.21 14.19 14.18 20.76 14.14 14.12 14.10 14.08 14.07 14.05 14.03 14.01 13.99 13.97 20.47 20.44 45.78 45.73 20.37 20.34 20.32 20.29 13.82 13.80 13.78 13.77 13.75 13.74 13.72 13.70 13.69 13.67 13.66 13.64 13.63 13.62 13.60 13.59 13.57 13.56 13.55 13.53 13.52 13.51 13.49 52.16 52.12 13.46 13.44 13.43 13.42 13.41 13.40 13.39 40.51 39.59 39.56 39.53 39.51 39.48 43.85 40.23 51.58 51.55 51.54 51.52 43.75 40.15 40.15 43.73 40.14 40.14 43.73 43.74 40.15 39.71 39.71 51.53
14.27 14.26 14.24 14.22 14.20 14.19 14.17 20.75 14.13 14.11 14.10 14.08 14.06 14.04 14.02 14.00 13.99 13.97 20.46 45.80 45.75 45.70 20.36 20.34 13.85 13.83 13.82 13.80 13.78 13.77 13.75 13.74 13.72 13.71 13.69 13.68 13.66 13.65 13.63 13.62 13.61 13.59 13.58 13.57 13.55 13.54 13.53 13.51 19.80 13.49 13.48 13.46 13.45 13.44 13.43 13.42 13.41 40.57 39.65 39.62 39.59 40.36 40.34 40.32 40.30 43.88 15.49 51.61 41.06 51.59 51.58 51.57 15.47 51.56 51.56 43.80 43.81 19.54 19.54 19.55 43.85
14.28 14.27 14.25 14.23 14.21 14.20 14.18 14.16 14.14 14.12 14.11 14.09 14.07 14.05 14.03 20.56 20.53 44.19 45.87 44.08 45.77 43.98 43.92 20.36 13.86 13.85 13.83 13.81 13.80 13.78 13.77 13.75 13.74 13.72 13.71 13.69 13.68 13.67 13.65 13.64 13.62 13.61 13.60 13.58 13.57 13.56 13.55 13.53 13.52 19.81 13.50 13.48 13.47 19.74 19.72 19.71 40.66 40.63 39.70 42.97 42.94 40.42 44.01 40.38 40.36 43.94 51.71 51.69 51.68 51.67 51.66 40.28 40.28 40.27 43.87 43.88 43.88 43.89 51.67 51.69 43.92
14.29 14.28 14.26 14.24 14.22 14.21 14.19 14.17 14.15 14.14 14.12 14.10 14.08 14.07 14.05 14.03 14.01 20.53 45.89 45.84 20.45 20.43 20.40 20.38 20.35 13.86 13.85 13.83 13.81 13.80 13.78 13.77 13.75 13.74 13.73 13.71 13.70 13.68 13.67 13.66 13.64 13.63 13.62 13.60 13.59 13.58 13.57 13.55 13.54 13.53 13.52 13.50 13.49 19.77 19.76 19.74 40.72 40.69 39.75 39.73 40.51 44.10 40.46 51.85 51.83 51.81 51.79 51.77 40.36 51.74 51.74 40.34 40.34 40.34 43.94 43.95 40.35 40.36 43.97 51.77 51.79
14.30 14.29 14.27 14.25 14.23 43.09 43.07 14.18 14.17 14.15 14.13 14.11 14.10 20.65 14.06 14.04 14.03 20.55 20.52 20.50 20.47 13.94 13.93 13.91 20.38 13.88 13.86 13.85 13.83 13.82 13.80 13.79 13.77 13.76 13.74 13.73 13.72 13.70 13.69 13.68 13.66 13.65 13.64 13.62 13.61 13.60 13.59 13.57 13.56 13.55 13.54 13.53 13.51 13.50 40.85 40.81 40.78 44.36 40.62 40.60 40.57 44.17 51.96 40.50 51.91 44.08 40.45 40.44 40.43 51.82 51.81 44.01 40.41 40.41 40.41 40.41 40.42 40.43 40.44 44.05 40.46
14.31 14.30 14.28 14.26 14.25 14.23 14.21 55.30 14.18 14.16 14.14 14.13 20.69 14.09 20.64 14.06 14.04 20.57 20.54 20.52 13.97 13.96 13.94 13.93 13.91 13.89 13.88 13.86 13.85 13.83 13.82 13.80 13.79 13.78 13.76 13.75 13.74 13.72 13.71 13.70 13.68 13.67 13.66 13.64 13.63 13.62 13.61 13.59 13.58 13.57 19.88 13.55 13.53 13.52 13.51 40.87 40.84 40.71 40.68 40.66 40.63 44.23 40.58 40.56 40.54 40.53 44.13 40.50 40.49 40.48 51.89 51.89 40.47 40.47 44.08 40.48 40.48 40.49 44.11 44.13 44.14
14.33 14.31 14.29 14.28 20.91 20.89 20.86 14.21 14.19 14.17 14.16 14.14 14.12 14.10 20.66 14.07 14.05 14.04 14.02 20.54 13.99 13.97 13.96 13.94 13.93 13.91 13.90 13.88 13.87 13.85 13.84 13.82 13.81 13.79 13.78 13.77 13.75 13.74 13.73 13.72 13.70 13.69 13.68 13.66 13.65 13.64 13.63 13.61 13.60 13.59 19.92 19.90 13.56 13.55 13.53 13.52 13.51 13.50 13.49 44.35 40.69 44.30 40.64 40.62 52.06 40.59 44.19 40.56 40.55 40.54 51.97 51.96 51.96 40.53 40.54 40.54 40.55 40.56 40.57 44.20 44.21
14.34 21.00 14.30 14.29 14.27 20.91 14.24 14.22 14.20 20.81 20.78 14.15 14.14 14.12 14.10 14.09 14.07 14.05 20.59 20.56 14.00 13.99 13.97 13.96 13.94 13.93 13.91 13.90 13.88 13.87 13.86 13.84 13.83 13.81 13.80 20.22 13.77 13.76 13.75 13.74 13.72 13.71 13.70 13.69 13.67 13.66 13.65 13.64 13.62 13.61 13.60 13.59 13.58 13.57 13.56 13.55 13.54 13.53 13.52 13.51 52.25 44.36 44.34 44.31 40.67 40.65 40.63 44.24 40.61 40.60 52.04 52.04 52.04 40.59 40.60 40.60 40.61 40.62 40.63 40.64 44.28
14.35 14.33 14.32 14.30 14.28 14.27 14.25 20.88 14.22 14.20 14.18 20.78 14.15 14.13 14.12 14.10 14.08 20.63 20.61 20.59 20.56 14.01 13.99 13.97 13.96 13.95 13.93 13.92 13.90 13.89 13.87 13.86 13.85 13.83 13.82 13.81 13.79 13.78 13.77 13.76 13.74 13.73 13.72 13.71 13.69 13.68 13.67 13.66 13.65 13.63 13.62 13.61 13.60 19.93 13.58 19.90 19.88 13.55 13.54 13.53 40.81 44.43 44.40 52.24 44.36 40.71 40.70 40.68 40.67 40.66 52.12 52.12 52.11 40.66 42.51 19.77 19.77 52.14 44.32 44.33 44.35
14.36 14.34 14.33 14.31 14.30 14.28 43.25 14.25 20.87 14.21 14.20 14.18 14.16 14.15 14.13 14.12 14.10 20.66 14.07 14.05 20.59 14.02 14.01 20.52 13.98 13.96 13.95 13.93 13.92 13.91 13.89 13.88 13.87 13.85 13.84 13.83 13.81 13.80 13.79 13.78 13.76 13.75 13.74 13.73 13.72 13.70 13.69 13.68 13.67 13.66 13.64 19.99 19.98 19.96 19.95 19.93 13.58 13.57 13.56 13.55 40.88 44.49 44.47 44.45 40.79 40.77 44.39 52.23 52.21 40.72 40.72 52.19 52.19 44.34 40.72 40.72 52.21 52.22 44.38 52.25 44.42
14.37 14.36 14.34 14.33 14.31 14.29 43.28 43.24 43.19 14.23 14.21 14.20 14.18 14.16 14.15 14.13 20.70 20.68 20.66 20.64 14.05 14.04 14.02 14.01 14.00 13.98 13.97 13.95 13.94 13.93 13.91 13.90 13.89 13.87 13.86 13.85 13.83 13.82 13.81 13.80 13.79 13.77 13.76 13.75 13.74 13.73 13.71 13.70 13.69 13.68 13.67 13.66 20.01 13.63 13.62 13.61 13.60 13.59 13.58 43.39 44.59 44.56 44.53 40.87 44.49 52.34 52.32 40.80 40.79 44.42 40.78 52.26 52.26 40.77 52.27 52.27 40.79 40.80 40.81 52.32 40.85
14.39 14.37 14.35 14.34 14.32 14.31 43.32 43.28 43.23 43.18 14.23 14.21 14.19 14.18 14.16 14.15 20.73 20.70 14.10 14.09 14.07 14.06 14.04 14.03 14.01 14.00 13.99 13.97 13.96 13.95 13.93 13.92 13.91 13.89 13.88 13.87 13.86 13.84 13.83 13.82 13.81 13.80 13.78 13.77 13.76 13.75 13.74 13.72 13.71 13.70 13.69 13.68 13.67 13.66 41.26 44.79 13.62 13.61 13.60 44.68 44.65 44.63 44.60 44.58 40.91 52.41 52.39 40.86 44.49 40.84 40.84 40.83 44.47 44.47 40.84 40.84 40.85 40.86 40.87 40.89 44.55
14.40 14.38 14.37 14.35 14.34 14.32 43.36 43.32 43.27 20.91 14.24 14.23 14.21 14.20 14.18 14.16 14.15 14.13 14.12 14.10 14.09 14.07 14.06 14.05 14.03 14.02 14.01 13.99 13.98 13.97 13.95 13.94 13.93 13.91 13.90 13.89 13.88 13.87 13.85 13.84 13.83 13.82 13.81 13.79 13.78 13.77 13.76 13.75 13.73 13.72 13.71 13.70 13.69 13.68 20.04 44.84 43.59 13.64 13.63 43.50 44.72 41.04 44.67 44.64 40.97 40.95 40.93 40.92 40.91 40.90 40.89 40.89 40.89 40.89 40.89 40.90 44.55 40.92 40.93 52.47 44.61
21.14 21.12 14.38 14.37 14.35 14.34 42.95 42.91 42.87 43.27 43.22 14.24 14.23 14.21 14.20 14.18 14.17 14.15 14.14 14.12 14.11 14.09 14.08 14.07 14.05 14.04 14.02 14.01 14.00 13.99 13.97 13.96 13.95 13.94 13.92 13.91 13.90 13.89 13.88 13.86 13.85 13.84 13.83 13.82 13.80 13.79 13.78 13.77 13.76 13.75 20.14 13.72 20.11 13.70 13.69 13.68 40.37 43.61 40.31 40.28 40.25 41.10 41.07 41.05 41.03 41.01 44.64 40.98 19.92 19.91 40.95 40.95 52.47 40.95 40.95 44.60 44.61 44.62 52.52 52.53 52.56
21.16 14.41 14.40 14.38 14.37 14.35 42.99 42.95 42.91 54.06 46.11 46.07 14.24 14.23 14.21 14.20 14.18 14.17 14.15 14.14 14.13 14.11 14.10 14.08 14.07 14.06 14.04 14.03 14.02 14.01 13.99 13.98 13.97 13.96 13.94 13.93 13.92 42.18 46.07 13.89 13.87 13.86 13.85 13.84 13.83 13.82 13.80 13.79 13.78 13.77 13.76 13.75 20.14 13.72 13.71 44.94 43.69 40.40 40.37 13.66 13.65 13.64 41.14 41.11 41.09 44.73 44.71 44.69 41.02 44.67 52.55 52.54 52.54 41.00 52.54 41.01 41.02 44.68 52.58 52.60 52.62
14.44 14.43 14.41 14.40 14.38 14.37 54.20 42.99 42.95 46.18 46.14 14.28 14.26 14.25 14.23 14.22 14.20 14.19 14.17 14.16 14.14 14.13 14.12 14.10 14.09 14.08 14.07 14.05 14.04 14.03 14.01 14.00 13.99 13.98 20.48 13.95 13.94 46.16 13.92 13.91 13.90 13.89 13.87 13.86 13.85 13.84 20.28 13.82 13.80 13.79 45.15 41.62 41.58 41.55 41.52 13.72 13.71 13.70 13.69 13.68 13.67 20.04 41.20 41.17 41.15 41.13 41.11 41.10 41.08 41.07 41.06 41.06 41.06 52.60 52.61 44.72 52.62 44.74 41.10 41.12 52.69
14.46 14.44 14.43 14.41 14.40 43.10 43.06 43.03 54.14 42.95 42.91 14.29 14.28 14.26 14.25 14.23 14.22 20.83 20.81 20.79 14.16 14.15 14.14 14.12 14.11 14.10 14.09 14.07 14.06 14.05 14.04 14.02 14.01 20.53 13.99 13.98 20.48 46.22 13.94 13.93 13.92 13.91 13.90 13.89 13.87 13.86 13.85 45.29 41.78 41.75 45.20 45.17 41.65 52.74 13.76 13.75 13.74 13.73 13.72 13.71 13.70 40.39 41.26 41.23 41.21 43.92 40.53 43.88 41.14 44.79 44.78 41.11 41.11 52.67 44.77 44.77 44.78 44.79 41.15 52.73 52.75
14.47 14.46 54.38 54.34 43.18 43.14 43.10 54.20 16.25 42.99 14.32 14.31 14.30 14.28 14.27 20.90 20.88 20.86 20.84 20.82 14.18 14.17 14.16 14.14 14.13 20.71 20.69 14.09 14.08 14.07 14.06 14.05 14.03 14.02 14.01 46.35 20.52 46.28 46.24 13.96 13.94 13.93 13.92 13.91 13.90 13.89 13.88 13.86 45.31 45.28 45.25 45.22 41.71 52.79 13.78 13.77 13.76 13.75 13.74 13.73 13.72 40.44 41.32 41.29 52.19 40.60 40.58 40.57 40.55 52.76 53.04 52.74 52.73 44.82 41.17 44.83 44.84 13.45 44.86 52.79 52.81
53.84 54.43 54.39 46.49 54.32 46.42 43.15 54.21 54.18 14.36 14.34 14.33 14.31 14.30 14.29 20.93 20.91 20.89 14.23 14.22 14.20 14.19 20.79 20.78 14.15 14.14 14.13 44.64 20.69 20.67 14.08 20.62 14.06 14.05 14.04 45.67 45.64 45.62 45.60 13.98 20.49 20.47 13.95 13.93 13.92 13.91 13.90 13.89 41.33 44.50 41.28 44.45 44.42 41.21 20.25 13.80 13.78 13.77 13.76 13.75 20.15 13.73 41.38 40.71 15.47 15.46 40.64 40.62 40.60 52.83 53.11 15.84 15.84 53.09 13.67 13.67 52.80 44.90 52.83 52.85 52.87
46.63 43.37 46.55 46.52 43.26 43.22 43.19 54.23 14.39 14.38 14.36 14.35 14.33 14.32 14.30 14.29 20.94 20.92 14.25 14.24 14.22 14.21 20.83 14.19 45.82 45.79 45.88 44.18 20.72 20.70 20.69 14.09 20.65 45.75 45.73 45.71 45.69 45.67 45.64 45.62 45.60 44.73 44.71 13.96 20.45 13.94 13.93 20.40 41.38 41.35 41.33 41.30 41.28 41.25 20.29 13.82 13.81 13.80 13.79 13.77 13.76 13.75 13.74 51.67 51.63 51.60 44.06 51.55 51.53 51.51 51.49 15.86 52.85 41.27 13.69 13.69 13.69 41.32 41.31 52.90 41.36
43.45 54.27 54.23 54.20 43.30 54.31 43.23 54.24 21.13 14.39 14.38 21.07 14.35 21.03 21.01 20.99 20.97 20.95 20.93 14.26 14.25 14.23 20.86 14.21 14.20 45.84 20.79 20.77 20.75 14.14 14.13 14.12 14.10 45.78 45.77 45.75 45.73 45.71 45.69 45.67 42.28 14.01 20.53 13.98 20.49 20.48 20.46 13.94 44.61 41.40 41.38 44.54 44.51 44.48 20.32 13.84 13.83 13.82 13.81 13.80 13.79 13.78 13.77 13.76 40.81 40.78 51.63 51.61 44.07 44.05 40.69 51.53 51.52 40.67 53.23 4.11 4.11 41.33 15.88 41.39 40.75
54.31 54.28 21.28 46.59 54.36 4.34 14.45 54.26 14.43 14.41 14.40 21.10 14.37 21.06 21.04 41.90 21.00 20.98 20.96 14.28 14.27 14.26 14.24 14.23 14.22 45.89 14.20 14.18 14.17 14.16 14.15 14.14 14.13 14.12 45.81 45.79 45.77 45.75 45.74 45.72 53.35 14.03 14.02 14.01 14.00 13.99 13.98 13.97 44.66 41.45 41.43 41.40 44.56 44.53 41.33 41.30 41.27 41.24 20.29 20.27 40.70 13.80 13.79 13.78 40.87 40.84 40.82 51.67 44.12 40.76 40.74 51.58 51.57 51.56 51.55 51.55 41.04 41.03 51.57 40.78 40.80
54.32 56.48 54.26 54.40 40.39 54.16 14.47 54.28 14.45 21.17 14.42 21.13 21.11 21.09 21.07 21.05 21.03 21.01 14.31 14.30 14.29 14.28 14.27 14.25 14.24 14.23 14.22 14.21 14.20 14.19 14.18 14.16 14.15 14.14 45.85 45.83 45.82 45.80 45.78 45.76 45.74 20.62 14.05 14.04 20.57 14.01 14.00 20.52 41.52 44.68 13.96 13.95 13.93 13.92 13.91 13.90 41.32 41.29 44.43 20.31 41.20 13.83 13.81 13.80 13.79 40.90 40.88 40.86 44.18 40.82 51.65 51.64 51.62 51.61 51.60 41.07 51.60 44.11 40.81 40.83 40.85
56.52 56.49 56.45 56.42 56.38 0.00 56.33 43.34 14.47 14.45 14.44 14.43 14.41 14.40 42.01 21.08 21.06 21.05 14.34 14.32 14.31 14.30 14.29 14.28 14.27 44.64 14.24 14.23 14.22 14.21 14.20 14.19 14.18 14.17 45.90 45.88 20.74 14.13 14.12 14.11 53.46 53.44 20.64 20.62 14.05 14.04 14.03 20.56 14.01 20.53 13.98 13.97 13.96 13.95 13.94 13.92 41.37 44.51 41.31 41.28 41.25 41.22 40.76 40.73 51.89 51.86 44.28 40.92 44.23 51.74 41.19 51.69 51.68 51.67 51.66 40.83 40.84 44.16 40.86 51.69 40.91
56.54 56.51 56.47 56.44 56.41 56.37 43.42 43.39 14.49 14.47 14.46 14.45 45.98 45.08 42.05 14.40 14.38 14.37 14.36 14.35 14.34 14.32 14.31 14.30 20.96 14.28 14.27 14.26 14.25 14.24 14.23 14.22 14.21 14.20 42.62 14.17 14.16 14.15 14.14 14.13 14.12 53.50 14.10 20.66 14.08 41.68 44.85 14.05 14.04 14.03 14.01 14.00 13.99 13.98 20.48 41.44 41.42 44.56 41.36 41.33 41.30 41.27 41.24 40.79 41.07 41.04 51.89 44.32 44.29 51.80 51.78 41.18 41.16 15.52 51.72 40.89 44.21 44.22 44.23 51.75 51.77
0.00 56.51 0.00 56.45 57.09 57.04 54.36 54.33 43.41 14.50 14.48 14.47 14.46 21.19 21.17 21.15 14.41 14.40 14.38 14.37 14.36 14.35 14.34 14.33 14.32 14.30 14.29 14.28 14.27 14.26 14.25 14.24 14.23 14.22 14.21 14.20 20.82 44.54 14.17 14.16 14.15 20.74 14.13 20.71 20.70 20.68 20.66 14.08 14.07 14.05 14.04 14.03 14.02 14.01 13.99 41.50 44.65 44.62 41.41 41.38 41.35 41.32 44.45 41.56 41.14 41.10 44.41 44.38 44.36 51.87 51.84 41.20 15.54 41.15 51.79 51.77 20.26 20.27 44.29 51.81 51.83
0.00 16.03 53.39 16.03 53.40 54.41 54.38 54.35 46.61 14.52 14.50 14.49 14.48 21.22 21.20 21.18 14.43 14.42 21.13 21.11 14.38 14.37 14.36 14.35 14.34 14.33 14.32 14.31 14.30 14.29 14.28 14.27 14.26 14.25 14.24 42.71 44.61 44.59 14.20 14.19 42.63 20.78 20.77 20.75 20.74 41.78 20.71 20.67 14.10 14.08 14.07 14.06 14.05 14.04 14.02 14.01 41.52 44.67 41.46 43.26 41.40 44.54 44.87 44.83 44.80 20.37 41.15 41.12 51.97 41.28 51.91 41.22 44.35 44.33 44.33 41.01 20.30 20.31 44.35 44.36 44.39
0.00 40.10 53.48 16.03 53.42 54.44 54.41 54.38 43.52 43.49 14.53 21.29 14.50 14.49 44.99 14.47 14.46 14.44 46.37 54.05 14.41 14.40 14.39 14.38 14.37 45.89 46.21 14.34 14.33 14.32 14.31 14.30 14.29 14.28 46.10 42.76 46.07 53.75 46.05 53.72 42.69 41.89 20.81 20.80 20.78 41.84 20.75 14.14 14.13 14.12 14.10 14.09 20.65 20.63 14.05 14.04 44.76 44.73 41.52 51.95 41.46 41.74 41.71 44.89 41.64 41.61 41.62 52.92 52.88 52.02 44.45 51.96 44.41 44.40 41.08 41.08 20.34 44.40 44.41 44.43 41.16
40.10 40.10 53.50 53.47 43.07 54.47 43.64 54.41 54.38 54.35 14.55 14.54 14.53 14.52 45.05 14.49 14.48 21.22 14.46 14.45 54.06 54.03 54.01 14.40 14.39 53.98 42.92 21.07 42.90 14.34 46.20 46.19 42.85 42.84 46.16 42.82 46.13 53.82 53.81 53.79 52.48 41.94 41.93 20.84 20.83 20.81 20.77 14.17 14.16 14.15 20.71 14.12 44.92 20.68 41.70 41.67 44.82 41.61 20.59 52.02 51.98 14.00 41.77 44.95 44.92 41.68 42.07 53.01 41.57 15.88 41.20 41.18 41.17 41.16 41.15 41.15 20.38 44.47 44.48 20.41 20.43
40.10 40.10 40.09 43.14 21.48 43.73 43.70 43.67 54.41 16.32 14.57 14.56 14.55 14.54 21.31 14.52 14.51 14.49 14.48 14.47 14.46 40.24 54.04 43.21 54.06 16.21 46.31 46.30 54.90 54.95 41.06 42.92 42.90 42.89 42.88 42.87 16.19 53.96 53.95 16.16 20.93 20.92 20.90 20.89 20.87 14.22 14.21 14.20 14.19 14.18 14.17 41.83 44.99 20.73 41.76 41.73 44.88 14.08 14.07 14.06 20.58 14.03 14.02 45.02 44.99 41.74 42.15 53.10 53.07 53.03 41.28 41.26 41.25 41.24 41.23 20.42 20.42 44.55 44.56 44.58 41.31
40.11 53.58 53.55 53.53 43.81 43.78 43.81 54.58 54.55 54.53 45.70 14.59 14.58 14.57 14.55 14.54 14.53 21.30 14.51 14.50 4.35 40.24 54.08 54.06 54.12 54.10 16.23 54.15 54.13 54.12 54.11 54.10 54.09 41.09 41.10 54.05 16.21 54.03 54.02 16.20 20.98 20.97 20.95 14.28 14.27 14.26 14.25 14.24 14.22 14.21 14.20 41.90 41.87 41.85 41.82 44.97 44.94 14.12 14.10 14.09 14.08 14.06 41.58 52.52 41.84 42.26 42.23 53.19 42.17 45.32 41.36 41.35 41.33 41.32 41.31 41.31 20.47 44.63 44.64 41.37 41.40
16.09 16.08 53.58 53.56 47.00 43.90 54.65 54.62 43.81 54.57 54.54 14.61 14.60 54.36 14.58 14.57 14.56 14.55 14.54 54.30 54.27 40.27 54.22 54.21 43.15 54.24 43.13 54.21 54.20 54.19 43.08 43.07 41.09 41.10 54.14 41.11 41.12 41.13 54.10 16.23 20.99 21.01 21.00 20.95 14.30 14.29 14.28 14.27 14.26 42.00 45.16 41.96 41.94 52.44 45.07 41.87 45.01 41.81 14.14 14.13 14.11 41.69 41.66 41.62 52.57 41.89 42.32 42.29 42.26 45.56 44.78 41.44 52.30 44.72 52.26 41.40 44.71 20.53 20.54 41.46 44.78
40.14 40.13 53.62 40.12 54.74 54.72 54.69 54.67 43.88 21.50 43.82 43.36 53.77 54.40 21.42 14.60 14.59 14.58 54.37 16.30 54.32 54.29 40.27 41.03 14.51 14.50 43.18 54.28 54.27 43.15 54.25 54.24 16.27 54.22 54.21 54.20 16.26 54.18 16.25 54.16 41.16 54.14 21.05 14.34 14.33 21.01 14.31 14.30 45.27 45.25 20.93 42.02 42.00 41.98 41.96 41.93 20.83 20.81 20.77 14.16 20.75 20.74 14.13 41.70 41.67 41.97 52.58 42.38 45.67 45.64 45.62 52.42 52.40 52.38 41.50 44.81 41.51 20.59 41.53 41.56 44.88
53.71 53.69 16.10 53.64 43.33 54.77 54.74 54.71 54.69 43.91 43.89 53.85 54.58 54.56 54.42 40.31 54.47 54.44 54.42 40.30 54.36 46.66 54.32 54.40 14.54 14.53 14.52 46.59 46.58 43.22 46.57 46.56 46.55 54.30 54.29 16.29 16.28 54.27 54.26 54.25 54.24 43.11 46.45 46.44 46.42 46.41 14.35 14.34 14.33 45.33 20.95 14.30 52.64 52.61 42.03 20.90 14.24 14.23 14.22 14.20 14.19 14.18 20.77 41.78 41.74 41.71 44.84 53.48 45.77 45.74 53.38 41.89 41.62 41.61 41.60 41.60 41.61 44.92 44.94 44.96 44.99
