New_Model_Runs/3_scn2_noclimate_out/post_prcessed_with_MFR/net_infiltration_annual.asc
NCOLS 700
NROWS 400
XLLCENTER 515000.000000
YLLCENTER 8409000.000000
CELLSIZE 50.000000
NODATA_value -999.000000
[rows 280 to 314 of 400, columns 156 to 233 of 700]
0.00 0.00 0.00 51.63 0.00 0.00 0.00 18.33 48.38 33.13 120.91 71.81 68.55 69.04 79.87 80.28 76.91 77.28 77.63 81.93 82.42 82.82 78.19 78.51 87.99 88.39 79.91 80.23 81.05 81.38 84.29 87.75 186.73 205.97 206.47 206.97 208.01 208.53 209.05 209.58 212.45 240.60 159.95 162.00 190.44 196.81 191.22 108.13 105.88 103.54 106.50 100.40 106.26 101.48 104.18 104.36 104.24 104.37 104.46 104.56 105.15 152.46 102.00 100.06 115.31 90.28 103.94 100.10 103.40 103.27 99.61 93.76 89.84 89.67 81.76 68.82 87.04 27.98
0.00 0.00 72.45 71.91 80.52 23.31 5.35 25.13 78.12 77.36 78.54 67.30 67.66 69.91 81.21 78.12 76.19 80.16 76.85 77.18 53.15 77.88 78.19 176.48 178.34 169.99 83.10 81.12 84.75 80.46 83.85 84.99 183.56 204.72 205.22 205.61 206.65 208.20 207.70 208.24 188.66 232.02 232.17 183.28 190.12 183.46 194.64 98.22 102.34 102.66 105.31 99.50 105.08 103.84 107.76 106.00 105.88 104.22 106.05 106.17 108.64 151.43 99.05 99.10 102.92 90.57 101.11 87.86 87.80 91.47 87.59 89.23 93.79 84.13 126.83 86.55 97.25 79.84
0.00 0.00 0.00 63.64 70.81 28.54 28.35 65.85 117.49 74.21 90.85 64.68 77.72 72.86 71.27 69.94 81.02 75.77 76.09 76.41 52.42 77.08 175.80 190.30 179.27 181.35 173.22 171.84 170.07 182.72 194.95 177.27 184.96 188.41 185.59 204.40 199.72 186.27 185.44 185.91 185.96 186.57 231.06 180.56 178.54 184.27 90.52 97.72 102.24 103.81 101.79 102.10 99.65 103.96 106.68 104.34 100.19 107.01 97.70 115.40 103.60 142.86 98.20 100.33 105.04 93.76 87.75 118.79 86.95 90.55 90.43 86.63 93.40 81.71 64.12 29.20 86.24 91.46
0.00 0.00 0.00 0.00 109.36 74.33 70.89 63.88 23.07 81.57 82.51 83.14 75.15 80.92 67.01 22.69 82.08 75.12 75.40 77.49 81.41 76.34 175.04 175.31 176.07 175.95 179.81 122.16 183.84 183.77 175.75 123.74 184.93 187.17 173.52 68.91 25.46 187.65 186.36 186.61 188.84 189.28 72.88 84.30 84.46 128.91 104.24 100.92 100.03 100.36 100.68 103.59 101.50 101.75 101.94 102.13 103.27 98.50 96.56 103.95 98.91 143.54 141.60 108.63 111.19 116.64 102.68 146.35 118.63 90.13 90.03 86.46 90.79 80.21 127.51 125.00 87.36 85.33
0.00 0.00 0.00 0.00 0.00 65.26 61.81 77.11 74.03 69.17 75.33 72.20 80.42 65.74 66.15 62.99 57.75 76.37 81.35 78.70 220.45 174.43 176.47 178.61 177.51 177.33 129.36 168.17 214.29 222.09 223.48 216.01 168.04 120.15 124.85 119.29 125.11 129.74 128.82 66.47 66.59 123.33 72.55 86.78 99.27 35.55 104.79 101.59 99.61 101.16 101.43 101.70 100.91 105.06 101.37 105.47 105.28 98.11 98.26 98.39 98.53 96.53 141.17 156.69 102.38 104.18 105.97 108.19 99.05 122.16 86.87 91.20 91.27 82.68 135.42 133.22 129.34 86.40
0.00 0.00 0.00 0.00 0.00 0.00 70.70 74.41 117.89 113.01 73.92 75.03 66.45 66.85 76.25 62.29 64.45 79.47 85.89 166.06 183.56 218.25 175.78 176.02 232.59 115.56 117.67 26.76 113.02 115.10 87.72 79.06 88.61 72.84 75.25 73.78 92.27 98.70 28.92 26.32 76.13 66.43 73.67 75.55 131.06 35.24 100.41 98.82 100.48 97.09 100.47 100.75 99.94 104.07 104.30 96.79 94.78 97.04 97.19 88.92 95.31 97.60 95.58 113.99 148.23 151.83 118.61 98.17 98.17 140.84 121.62 86.42 90.44 90.30 132.84 89.64 129.73 85.76
0.00 0.00 0.00 0.00 0.00 0.00 67.14 70.72 76.71 63.80 109.94 110.35 66.25 66.23 75.59 79.56 72.75 73.60 63.49 163.37 180.25 180.26 226.20 122.82 114.36 26.57 75.80 69.00 21.25 68.56 90.63 86.97 84.08 73.66 74.26 83.72 76.86 75.56 28.87 80.24 75.35 80.85 38.28 88.56 33.74 130.61 29.31 79.15 92.44 87.19 87.43 113.33 99.50 103.14 93.40 93.61 98.24 96.18 102.37 96.49 100.19 100.33 102.79 99.33 97.61 100.67 144.33 144.36 149.50 141.81 139.98 128.36 120.64 134.01 139.65 88.85 90.43 121.53
0.00 0.00 0.00 0.00 0.00 0.00 107.57 70.44 28.03 74.84 79.67 77.01 110.18 106.98 64.62 73.93 76.05 81.47 64.17 64.49 161.56 170.81 120.52 72.72 76.65 28.09 73.50 78.65 67.19 69.42 80.70 81.06 83.06 88.29 81.45 82.80 82.43 88.10 86.95 73.73 77.92 30.76 29.70 86.76 86.45 83.33 120.75 89.29 87.31 85.84 85.98 86.29 84.69 98.87 102.48 92.61 95.45 104.14 94.36 90.52 99.21 101.75 102.80 103.38 99.75 99.83 101.69 101.71 106.09 101.76 99.94 98.09 97.58 122.43 130.95 88.07 87.82 132.14
0.00 0.00 0.00 0.00 0.00 5.35 110.74 111.15 27.90 80.56 70.88 63.06 25.15 23.45 112.53 108.89 111.42 63.24 18.51 110.15 114.55 94.00 78.89 76.73 70.43 76.05 80.97 74.25 88.86 87.45 78.01 94.07 82.19 70.09 87.25 80.16 79.74 80.21 82.46 84.71 85.15 88.17 79.64 76.29 85.82 130.69 68.13 98.68 88.73 86.67 97.54 86.08 87.71 86.64 99.11 100.62 97.90 99.85 66.40 64.74 94.75 99.73 98.14 98.23 100.85 100.93 97.59 102.90 98.53 97.43 104.53 102.26 90.60 65.34 94.61 79.29 78.69 89.27
0.00 0.00 0.00 0.00 38.06 75.08 114.04 73.41 70.03 70.85 73.00 71.55 61.16 68.93 65.33 65.63 108.64 107.14 110.97 68.75 66.56 72.60 72.83 75.98 22.28 66.36 74.92 73.45 50.21 79.57 89.87 79.52 89.59 80.45 80.65 79.31 78.84 79.31 79.77 80.23 85.85 85.49 85.90 84.52 86.70 128.02 86.72 100.64 91.16 84.14 84.30 85.19 85.47 87.31 84.40 98.48 97.08 111.20 109.09 109.21 102.04 97.21 97.32 97.43 98.61 98.69 98.76 98.32 98.86 110.57 108.84 94.28 85.24 121.07 86.83 76.33 76.19 76.02
0.00 0.00 0.00 0.00 92.03 67.06 111.96 73.19 77.87 81.85 78.43 72.96 69.70 71.77 73.83 76.27 63.66 110.19 72.94 120.71 68.17 66.45 111.85 107.99 65.48 67.49 76.02 88.98 73.10 80.34 76.85 77.20 80.39 81.79 78.38 77.80 78.03 78.47 78.93 79.38 79.83 84.68 86.87 76.32 76.71 125.40 83.05 89.47 82.98 92.47 84.37 83.89 84.17 84.28 97.57 97.79 96.28 92.97 96.61 96.74 96.31 96.42 98.33 93.18 97.82 94.52 107.08 107.16 95.01 98.28 111.63 25.56 120.37 86.18 88.57 77.64 79.29 88.17
0.00 0.00 0.00 70.52 67.38 29.13 121.03 72.88 66.13 70.32 72.41 70.93 64.04 62.59 105.44 122.09 107.69 75.90 72.95 69.21 71.20 69.86 66.26 64.66 105.79 107.79 71.79 73.89 74.46 82.61 82.98 78.21 79.75 77.54 81.57 77.03 77.45 77.66 79.05 79.47 78.99 79.42 80.71 84.67 74.10 117.18 74.81 84.35 84.70 21.48 83.53 83.05 83.34 83.62 100.54 93.49 96.88 105.06 95.82 95.95 95.53 95.64 92.22 92.34 97.03 97.14 97.24 106.33 98.98 94.67 112.69 27.96 63.08 86.14 85.55 87.77 95.98 87.48
0.00 0.00 0.00 56.05 65.15 70.10 113.21 65.51 70.91 70.28 68.57 75.24 63.80 104.99 103.44 75.21 71.85 72.06 73.92 65.22 79.66 110.10 76.45 73.06 64.35 25.97 107.50 104.23 73.89 79.31 79.70 81.68 76.43 76.75 79.57 76.35 76.77 77.18 78.37 78.77 79.19 79.60 80.00 80.38 80.76 118.33 83.25 80.95 82.12 82.43 82.74 83.03 83.30 83.56 88.21 96.04 94.59 99.95 94.92 95.06 94.78 94.89 94.99 95.10 96.61 96.73 96.84 96.94 93.54 98.12 98.85 23.51 128.31 85.46 85.38 85.30 84.62 85.05
0.00 0.00 0.00 65.56 57.97 66.29 105.83 63.48 64.37 75.36 75.57 87.07 104.36 104.61 63.96 67.75 62.60 62.79 73.65 63.17 70.45 116.20 72.42 70.80 70.96 74.08 64.29 61.00 108.99 123.40 81.00 78.93 77.54 80.40 83.94 76.79 77.18 77.57 77.95 78.35 78.49 78.90 79.30 81.45 111.75 74.84 84.29 81.03 81.34 87.63 88.07 82.26 82.53 82.77 83.00 90.11 93.96 94.02 94.18 94.33 94.04 94.16 94.26 94.37 95.87 96.00 100.34 96.24 92.80 97.38 107.77 83.02 118.78 84.85 84.78 86.49 86.30 84.39
0.00 0.00 0.00 66.26 66.64 68.80 66.45 107.73 62.35 75.11 62.84 105.70 22.13 106.20 65.50 69.26 74.06 60.73 69.08 71.75 71.91 61.36 113.13 69.87 70.70 72.54 72.10 72.38 26.34 26.45 114.62 64.25 68.01 68.35 80.44 76.91 78.40 69.54 69.93 77.76 78.12 78.25 82.20 71.55 123.85 81.48 81.81 79.42 79.74 80.94 85.89 81.52 81.78 82.03 86.79 46.23 90.33 93.46 93.62 93.75 93.45 93.56 93.67 93.80 95.20 95.32 95.44 95.57 95.66 95.73 107.15 107.13 70.19 85.30 87.67 30.56 78.67 83.83
0.00 0.00 0.00 57.21 59.16 68.60 70.36 100.95 58.56 70.50 69.83 103.93 31.72 113.02 65.26 69.03 76.75 68.65 69.54 69.70 73.40 61.09 127.54 71.31 71.45 69.84 70.03 70.19 78.21 82.12 33.55 67.89 112.02 66.07 25.90 74.01 77.86 72.54 69.34 77.17 77.53 81.54 79.00 80.13 123.20 80.81 82.91 81.42 79.02 79.34 81.42 86.83 81.07 81.31 80.67 45.68 45.82 89.94 90.07 61.28 105.32 92.89 92.99 93.13 99.22 94.67 94.79 94.92 95.01 95.09 95.14 95.17 133.92 84.59 85.22 85.16 83.29 82.51
0.00 0.00 56.97 57.06 59.19 66.62 68.74 59.83 101.07 66.09 70.59 66.35 74.38 71.88 107.78 61.70 58.32 69.16 69.32 69.48 71.39 71.52 69.84 59.28 61.18 70.20 69.70 74.04 77.85 85.31 85.63 75.78 33.62 113.84 108.83 64.65 79.57 83.48 89.73 76.62 81.46 76.24 76.58 66.94 123.37 82.75 80.47 80.78 78.35 80.42 72.47 81.01 83.96 82.41 87.97 94.18 45.38 45.50 45.55 45.65 104.71 92.67 92.77 92.90 98.38 93.56 97.41 98.69 93.87 97.88 94.01 94.03 123.94 92.57 82.79 82.74 81.96 82.56
0.00 0.00 58.63 62.28 59.05 65.59 66.81 72.12 104.47 106.52 62.22 67.83 67.24 107.18 108.90 61.34 63.31 68.99 69.14 69.29 69.41 71.31 77.01 75.33 77.22 71.71 61.21 64.45 76.10 77.46 78.14 83.16 73.05 82.29 80.60 118.53 112.60 64.81 68.70 81.46 94.04 69.24 77.80 76.36 114.73 85.17 79.86 77.39 79.48 79.76 79.21 87.07 79.74 80.84 79.28 79.50 79.69 44.99 45.10 89.21 89.29 92.07 92.16 92.28 92.79 92.95 101.84 93.25 93.29 93.40 93.45 80.75 123.55 19.35 82.17 82.11 82.05 81.95
0.00 0.00 56.74 57.08 69.58 66.35 66.56 71.87 63.28 100.93 60.28 111.39 115.99 60.81 60.96 102.10 86.95 76.57 70.64 69.12 69.23 72.90 72.99 69.50 71.37 71.48 48.70 75.25 62.63 77.53 74.25 74.55 74.86 82.30 79.04 66.49 69.47 110.68 68.22 88.05 92.33 74.09 69.07 79.36 117.72 112.67 82.04 80.34 74.16 70.81 82.16 80.62 78.14 78.42 78.64 78.83 79.00 86.91 93.41 82.59 79.24 91.48 91.58 91.70 92.20 92.36 94.50 92.69 92.85 92.95 91.23 87.39 132.55 70.86 81.85 81.57 85.07 84.90
0.00 69.17 71.45 65.86 73.39 71.49 71.82 63.24 25.73 116.06 104.67 115.61 71.37 73.39 62.62 63.66 114.69 68.58 70.52 72.43 72.54 70.98 72.84 62.24 62.31 73.09 60.75 65.72 67.73 64.40 77.56 77.84 76.35 74.86 75.15 75.45 81.08 69.37 107.00 97.87 70.06 23.15 68.56 28.64 37.63 66.15 127.58 78.20 78.48 68.44 72.25 79.04 77.52 77.78 78.95 78.18 78.34 79.44 79.59 78.79 82.92 80.65 89.24 91.13 91.63 91.81 91.98 92.15 60.04 104.17 85.86 85.05 126.26 72.16 81.25 84.77 75.42 73.54
0.00 0.00 71.30 71.62 69.58 70.57 61.07 69.42 72.96 63.36 117.05 71.01 69.48 69.72 71.73 22.70 112.81 111.18 113.11 104.33 118.70 72.53 69.16 72.79 72.85 70.47 62.37 67.30 63.94 64.17 66.21 82.95 66.74 74.57 74.85 75.12 75.40 81.02 67.49 26.38 115.90 119.05 111.19 114.61 116.68 66.01 110.07 126.76 82.59 79.25 79.49 76.68 76.91 77.13 77.33 77.52 77.69 77.85 78.96 78.12 78.25 79.33 83.56 78.88 78.71 90.91 91.08 91.24 84.42 79.67 87.27 79.55 126.46 80.70 82.44 85.95 82.31 80.43
0.00 0.00 0.00 65.64 65.98 56.96 59.23 59.52 70.49 72.19 102.72 69.16 67.63 67.86 68.09 53.57 101.97 102.18 63.13 70.46 72.36 70.67 68.28 70.81 68.50 68.58 73.07 73.24 78.77 67.55 69.58 88.05 76.22 72.92 74.96 68.81 76.90 75.37 79.19 70.96 74.75 117.54 74.73 68.31 77.53 79.56 68.65 113.39 62.51 80.53 81.74 81.97 77.63 77.57 68.37 78.69 77.08 77.23 78.37 78.48 77.61 91.24 80.63 78.04 79.17 82.59 90.58 90.74 82.97 79.08 79.16 80.14 111.73 79.21 80.08 83.59 87.08 83.67
0.00 0.00 0.00 68.48 65.94 68.04 59.01 67.55 56.19 109.51 102.64 101.11 69.35 67.80 69.80 68.22 59.17 58.32 59.49 68.60 68.73 70.62 75.33 63.58 19.34 70.97 72.69 76.40 72.53 80.63 80.87 77.24 77.20 72.70 72.94 78.18 76.62 76.85 69.49 80.90 76.66 119.60 77.03 77.27 79.29 67.94 79.35 81.34 70.37 111.54 65.00 87.70 77.10 76.18 79.23 76.51 76.46 76.62 70.23 68.50 54.17 79.90 79.04 86.27 89.30 82.18 90.08 82.46 79.30 78.49 79.52 79.56 111.12 78.60 79.50 81.48 84.99 81.33
0.00 0.00 0.00 0.00 67.69 69.79 68.99 67.52 100.66 66.76 61.65 65.20 69.30 69.53 71.53 61.01 51.78 17.79 102.20 70.36 68.68 70.56 61.68 68.86 77.84 70.10 71.09 72.74 78.21 78.42 81.21 75.30 73.37 77.60 77.78 77.95 76.41 67.21 80.40 80.61 119.97 74.78 76.77 73.90 77.13 77.35 75.36 74.40 77.55 81.97 114.82 62.40 108.10 108.27 76.92 78.86 79.01 77.37 79.27 81.15 76.41 79.37 79.52 79.45 77.52 81.79 79.58 82.09 77.79 77.93 78.98 69.70 110.53 78.23 79.20 78.15 79.09 79.00
0.00 0.00 0.00 0.00 56.99 60.85 69.21 111.99 61.47 70.65 58.03 70.78 110.18 60.53 69.70 60.95 61.13 59.23 100.36 59.58 70.42 68.72 69.87 74.17 70.65 68.24 70.99 72.63 71.25 73.23 63.72 73.36 75.07 75.25 73.63 79.62 77.98 78.17 80.14 67.33 106.67 77.14 76.44 79.06 79.21 73.90 74.10 73.96 77.13 67.87 69.84 68.24 82.22 126.09 119.13 121.05 109.95 110.08 79.37 67.60 79.65 83.37 71.61 91.38 82.58 77.39 83.40 68.66 67.03 70.81 69.25 112.00 69.26 77.64 77.62 79.37 80.33 78.45
0.00 0.00 0.00 0.00 65.01 57.26 67.41 112.78 68.56 68.83 68.72 70.75 101.19 113.20 71.46 59.05 62.80 60.97 59.32 102.16 61.33 67.95 68.71 72.33 69.89 70.84 72.42 72.53 71.14 64.86 67.11 74.98 80.22 75.14 79.76 75.82 77.80 77.59 79.50 108.01 65.45 78.64 78.08 74.79 74.91 75.06 79.27 75.37 79.61 79.26 85.19 86.29 84.59 80.20 83.11 83.64 77.79 113.11 115.01 113.36 66.01 113.67 110.26 110.43 121.86 125.99 110.99 111.16 111.31 113.21 115.00 116.80 109.68 68.78 78.17 79.90 79.82 77.96
0.00 0.00 0.00 0.00 68.74 66.16 57.53 59.59 104.07 70.57 67.28 67.15 70.96 112.67 76.02 68.05 67.48 68.38 17.33 60.07 57.69 70.34 68.62 68.68 70.51 78.26 70.81 80.18 75.74 72.69 63.38 65.36 76.47 75.04 75.02 73.86 75.82 81.52 78.92 105.98 78.22 77.99 90.40 74.58 74.69 76.78 76.94 75.11 75.29 75.42 75.54 82.35 82.41 79.79 84.61 77.98 79.87 71.66 71.79 81.43 79.80 85.31 74.18 69.01 110.13 60.75 110.48 110.63 19.92 69.93 83.35 34.19 29.39 112.73 121.10 120.36 82.62 76.71
0.00 0.00 0.00 0.00 0.00 66.16 65.58 68.49 111.47 66.97 69.03 70.69 60.17 58.61 103.31 24.30 62.72 77.65 64.51 20.89 102.07 61.22 70.30 70.37 68.63 72.17 72.48 74.11 74.21 72.57 72.72 72.89 74.86 76.53 77.34 73.66 73.84 66.30 64.66 118.80 81.32 75.98 74.28 74.38 74.48 74.60 74.73 76.65 76.81 75.15 75.26 75.37 85.15 65.36 76.78 75.12 77.02 75.36 77.28 82.77 84.72 79.54 82.11 68.57 65.18 68.92 64.16 65.68 19.81 71.21 89.67 84.40 65.54 73.11 71.26 112.13 110.66 120.10
0.00 0.00 0.00 0.00 0.00 0.00 55.67 66.67 109.66 57.97 66.42 68.87 69.10 68.56 109.70 64.25 73.40 68.17 74.33 20.85 61.73 61.08 65.88 62.99 68.52 73.85 73.92 72.22 70.78 72.44 72.58 72.74 74.69 73.37 71.78 75.25 73.64 77.37 79.29 116.80 75.55 74.00 74.07 74.15 78.31 78.42 78.54 76.35 76.44 74.77 74.87 87.66 87.74 66.69 65.01 74.67 74.79 74.92 73.87 77.61 78.97 79.01 74.57 66.37 21.21 62.29 109.58 65.22 74.26 76.75 76.80 76.84 75.70 76.82 77.77 77.13 85.53 76.91
0.00 0.00 0.00 0.00 0.00 0.00 0.00 109.37 68.71 69.92 67.18 67.40 68.28 58.44 58.62 105.06 71.49 68.03 60.89 60.98 15.47 103.64 64.56 71.88 68.40 71.96 72.03 82.65 83.72 73.97 74.06 72.58 61.44 71.41 71.60 73.58 71.95 75.37 108.70 64.33 77.19 73.85 73.91 73.99 78.13 74.47 73.14 74.73 78.52 74.51 76.38 89.15 76.27 78.87 80.02 76.07 74.37 74.51 73.47 74.87 75.04 75.22 74.20 79.13 21.21 120.46 77.86 76.75 76.25 76.33 76.37 76.39 76.80 76.78 76.72 73.82 75.53 77.19
0.00 0.00 0.00 0.00 0.00 0.00 0.00 0.00 68.66 58.15 69.17 67.32 70.72 60.11 58.49 101.35 58.68 67.86 69.74 60.80 76.28 124.15 64.38 66.26 71.98 72.08 71.93 73.77 72.24 72.30 72.38 76.58 72.59 72.77 73.20 63.57 75.05 117.91 65.76 77.50 81.27 73.70 79.76 73.83 77.96 78.04 78.11 78.20 78.27 85.15 85.23 76.20 74.29 74.37 78.27 76.28 74.54 72.90 77.63 73.29 74.71 73.68 75.65 80.58 123.65 75.72 77.60 77.69 80.27 75.98 77.79 76.37 76.35 78.11 75.23 73.38 67.96 78.57
0.00 0.00 0.00 0.00 0.00 0.00 0.00 66.57 66.83 59.85 60.07 72.70 58.41 72.57 67.38 56.69 103.07 63.99 71.34 58.78 64.27 20.74 62.20 62.53 75.18 73.50 71.82 70.35 71.97 73.88 72.33 76.50 76.75 82.03 66.49 111.43 122.91 75.03 76.91 75.22 77.10 76.99 75.39 73.67 73.72 77.86 75.56 75.63 73.93 78.10 74.08 74.17 74.04 74.11 76.02 74.32 74.31 72.94 73.10 72.95 73.16 74.59 74.78 122.35 119.88 75.48 75.57 75.65 77.43 75.70 75.73 68.96 71.22 74.86 73.02 73.00 72.89 75.55
0.00 0.00 0.00 0.00 0.00 0.00 0.00 68.89 66.76 68.76 68.14 66.56 70.07 68.86 67.21 67.33 61.60 69.10 62.13 58.59 70.60 55.04 59.87 103.31 76.82 78.39 71.68 71.77 71.86 71.97 72.08 81.65 72.33 66.46 109.33 76.36 76.50 73.07 74.95 75.04 75.12 75.19 73.48 73.53 77.65 73.60 73.65 73.69 73.59 73.65 73.73 73.81 82.14 84.10 73.69 73.80 73.90 72.65 72.81 74.34 73.23 73.42 74.91 122.18 75.09 77.11 77.20 75.31 66.21 76.53 64.64 70.87 35.54 91.12 73.48 33.37 36.16 74.26
0.00 0.00 0.00 0.00 0.00 0.00 0.00 68.86 66.67 73.09 72.74 72.90 67.15 69.07 58.01 99.05 68.29 72.71 61.96 72.86 62.13 62.23 60.29 103.17 67.08 79.47 73.31 71.64 71.75 71.86 76.24 72.10 72.23 118.65 115.23 74.44 78.91 74.68 71.47 73.08 73.13 73.20 71.75 71.79 77.49 73.44 73.48 73.51 73.43 73.47 75.19 87.09 86.56 83.98 84.11 78.00 78.13 72.39 72.59 72.75 72.96 74.47 74.63 121.99 76.67 81.80 86.54 75.09 66.01 76.24 64.43 74.04 32.18 32.04 33.10 33.01 32.96 73.73
0.00 0.00 0.00 0.00 0.00 0.00 0.00 33.79 70.71 64.86 68.74 67.11 58.22 67.10 102.70 56.16 67.10 67.21 67.30 69.17 71.05 69.37 82.89 44.64 116.48 75.35 73.19 71.53 71.65 76.02 71.87 72.22 73.92 116.78 74.21 74.34 72.68 72.79 71.34 71.42 71.48 71.52 71.57 71.61 71.64 73.33 73.35 77.48 77.44 77.51 77.58 75.12 73.23 73.32 77.77 73.22 72.00 72.18 72.36 73.88 74.07 74.23 74.38 117.19 74.56 83.01 52.27 74.89 64.23 64.26 64.27 73.84 73.82 33.00 32.84 32.75 32.64 85.80
