New_Model_Runs/3_scn2_noclimate_out/post_prcessed_with_MFR/runoff_annual.asc
NCOLS 700
NROWS 400
XLLCENTER 515000.000000
YLLCENTER 8409000.000000
CELLSIZE 50.000000
NODATA_value -999.000000
[rows 252 to 287 of 400, columns 243 to 323 of 700]
23.77 27.91 27.57 23.97 25.76 25.42 25.08 41.92 42.21 37.85 36.84 22.93 22.57 18.45 21.85 37.49 36.93 18.51 19.53 19.01 18.69 46.18 45.42 16.39 15.26 15.35 13.72 27.14 15.01 3.54 2.32 3.13 1.19 1.17 15.42 1.21 15.01 14.50 3.80 1.08 3.55 3.38 12.85 3.28 3.23 3.19 3.14 3.10 3.06 3.02 11.68 2.68 3.63 3.60 12.93 12.84 12.74 17.52 17.39 17.26 17.13 17.01 16.83 16.72 16.53 16.42 16.31 16.04 15.94 15.85 4.18 4.15 4.12 4.01 3.99 3.97 0.00 0.00 0.00 0.00 0.00
27.79 27.47 27.12 25.65 25.35 25.02 24.69 40.81 40.30 36.80 36.05 39.67 22.19 18.15 17.04 30.43 18.99 18.62 19.01 18.70 18.40 14.87 17.77 17.49 15.01 14.36 27.38 25.04 23.88 13.95 2.27 0.88 1.25 15.30 15.12 4.04 14.45 14.01 3.59 1.03 3.37 3.32 3.27 3.22 3.17 3.13 3.09 3.04 0.88 2.97 15.55 13.06 12.96 12.86 12.76 12.66 12.57 12.47 4.57 4.53 6.90 6.84 16.54 16.43 16.32 16.04 15.94 15.84 15.75 15.65 4.12 4.00 3.98 3.96 3.94 3.92 3.72 0.00 0.00 0.00 0.00
27.31 27.01 25.56 25.25 24.94 24.62 24.30 23.54 23.21 22.87 39.63 22.16 21.84 20.64 20.17 16.37 19.53 15.65 15.39 15.14 14.87 14.61 14.36 43.23 16.68 41.98 12.88 23.88 23.40 13.73 4.28 0.82 0.75 1.11 14.90 14.40 13.96 3.57 3.40 3.35 3.30 3.25 3.21 3.16 4.47 3.07 3.03 2.99 2.95 3.62 3.58 3.55 3.51 12.68 12.59 12.50 12.39 12.30 3.32 4.46 16.65 6.72 16.35 16.07 15.96 15.85 15.75 15.64 11.81 11.53 15.14 15.06 3.60 3.91 3.71 3.70 3.67 28.45 28.33 0.00 0.00
26.90 25.45 25.16 21.72 21.44 24.23 23.49 23.17 22.83 22.50 22.14 21.81 20.62 20.16 16.37 19.53 15.65 18.70 15.90 14.88 17.77 23.62 16.99 13.69 16.42 41.47 23.87 1.25 1.45 1.18 1.15 0.74 0.73 0.71 0.70 0.84 13.50 4.48 12.89 4.34 3.24 0.95 3.15 4.07 3.06 3.02 2.09 2.94 2.90 3.57 3.53 12.72 12.62 3.43 12.43 12.34 3.33 12.11 3.27 16.49 4.35 6.58 4.26 4.23 4.19 4.16 4.13 4.01 3.98 3.95 3.92 3.90 3.89 3.01 2.99 2.97 2.95 2.94 28.11 28.00 27.89
25.34 25.05 24.75 24.46 24.16 40.07 23.11 36.89 22.47 19.25 18.09 33.54 33.00 19.83 26.79 15.65 3.54 3.46 18.08 17.77 31.42 28.14 26.52 13.81 24.17 1.14 1.18 1.21 1.14 0.77 0.81 0.90 0.78 0.69 0.67 0.82 3.38 3.33 3.28 3.23 3.19 3.14 3.10 3.05 3.01 2.97 2.93 2.89 1.19 1.92 1.90 2.50 2.64 0.68 0.67 0.51 0.65 1.09 11.81 11.73 16.02 4.23 4.20 4.17 4.14 4.10 3.98 3.95 3.92 3.90 3.20 3.00 2.99 2.97 13.23 13.17 13.11 13.05 12.99 12.93 12.87
24.95 24.67 24.38 24.08 23.36 23.06 22.74 19.54 18.35 18.07 16.98 20.18 19.81 19.50 15.65 3.54 4.73 3.39 6.38 1.21 1.39 26.00 1.10 1.06 1.03 1.04 1.08 0.90 1.03 0.79 0.72 0.78 2.88 0.93 0.82 0.80 0.79 3.28 12.45 3.18 3.14 3.09 6.58 6.49 6.41 6.33 6.26 7.33 7.26 7.19 7.12 2.46 2.60 0.66 0.67 0.65 0.57 0.98 11.56 2.55 1.00 4.18 4.15 4.12 4.00 3.97 3.94 3.91 3.21 3.00 2.98 2.96 2.95 2.94 2.92 2.91 13.01 12.95 2.86 2.84 2.80
24.56 22.37 21.94 21.64 22.99 22.68 22.35 18.32 20.86 20.54 16.64 16.32 19.48 15.63 3.54 3.46 3.39 6.38 19.99 1.75 1.14 5.82 1.26 1.03 1.06 2.60 5.04 4.43 0.80 0.77 0.70 0.69 0.67 0.65 0.64 0.70 0.62 0.76 0.65 3.13 3.09 11.86 6.48 6.40 6.32 16.03 7.32 7.24 7.17 7.10 7.04 6.97 12.15 3.28 11.90 11.81 11.60 11.52 11.43 11.35 11.27 11.20 4.01 3.98 3.95 3.92 3.22 3.20 2.99 2.96 2.95 2.93 2.92 2.91 2.90 2.88 12.90 12.84 2.83 2.78 2.77
20.17 19.93 23.63 22.91 18.82 22.30 22.00 17.20 20.53 20.15 19.78 19.49 15.62 4.83 3.46 6.50 1.87 6.18 6.06 1.15 1.36 1.19 5.60 5.23 5.14 2.54 2.12 1.05 0.78 0.75 1.01 0.67 0.66 0.64 0.63 0.62 0.67 0.74 3.13 3.08 3.04 0.88 16.36 4.04 6.24 17.77 8.32 7.16 7.09 7.02 6.95 4.47 1.07 11.87 11.78 11.57 11.48 2.49 0.99 11.24 11.16 10.89 10.82 3.93 3.91 3.21 3.00 2.98 2.96 2.94 2.92 2.91 2.90 2.88 12.91 12.86 12.80 12.74 2.78 0.00 0.00
19.85 23.54 22.83 22.55 22.25 19.12 20.80 20.50 20.13 19.84 19.48 18.96 15.38 4.73 6.50 6.38 6.26 6.06 5.95 1.11 1.06 1.28 2.66 1.42 5.04 2.12 2.08 4.27 4.20 1.01 0.71 0.65 0.64 0.62 0.61 0.59 0.58 0.57 0.91 0.89 0.88 0.86 4.04 3.99 7.29 17.58 7.15 7.07 7.01 6.94 6.86 6.78 1.05 1.03 11.54 11.45 11.37 2.38 2.35 0.96 10.86 2.91 0.92 0.61 3.20 2.99 2.97 2.95 2.93 2.92 13.04 12.98 2.87 2.86 12.82 12.77 12.71 12.52 12.46 0.00 0.00
19.53 22.74 18.66 22.17 21.03 20.76 20.41 20.12 19.83 19.47 15.61 15.37 18.38 1.90 6.39 6.27 4.31 4.22 5.84 1.57 1.14 5.24 1.14 5.05 4.43 0.93 0.77 4.20 0.73 0.71 0.69 0.63 0.62 0.60 0.59 0.58 0.57 0.56 0.89 0.88 0.86 0.85 3.99 4.75 7.21 4.64 7.07 7.00 6.92 6.85 6.77 3.22 3.18 11.52 11.44 2.39 2.37 2.35 2.28 2.26 0.64 0.63 9.73 9.34 13.40 2.96 2.94 2.92 2.91 2.89 2.88 2.87 12.84 12.79 12.74 12.68 12.49 12.43 12.37 12.31 0.00
19.22 22.36 22.10 20.97 20.71 20.37 20.10 19.81 19.45 19.17 15.37 18.37 19.94 6.39 6.27 6.07 19.39 19.11 5.74 1.15 3.88 17.30 1.19 0.88 4.35 0.77 0.75 0.91 0.99 0.69 0.68 0.66 0.61 0.59 0.58 0.57 0.56 0.55 2.99 2.95 2.91 2.87 4.74 4.69 17.41 7.06 6.99 6.91 6.85 6.76 4.36 3.18 3.15 3.12 11.34 11.25 11.16 2.28 3.96 3.93 9.77 9.71 9.32 13.30 13.23 2.93 2.92 4.75 2.89 2.87 12.87 2.85 2.83 12.71 12.53 12.47 12.40 12.34 20.52 12.10 110.05
22.28 21.15 18.12 20.65 20.32 20.05 19.79 19.51 15.78 18.67 18.37 23.01 3.32 6.27 6.08 5.97 5.85 1.33 1.29 1.02 3.91 1.11 0.88 4.36 0.78 0.75 0.73 0.75 0.97 0.68 0.66 0.65 0.60 0.58 0.57 0.56 0.55 0.68 2.95 2.91 0.83 12.79 17.57 17.41 17.25 6.99 6.91 6.84 6.75 8.33 6.58 11.50 11.41 3.09 3.06 0.96 3.99 3.96 3.93 3.22 13.89 9.30 0.56 2.94 13.13 13.07 2.89 2.88 2.87 2.85 12.80 2.83 2.82 12.51 12.45 12.38 12.32 12.27 12.08 12.02 11.97
21.08 36.49 17.83 20.26 16.50 19.74 19.48 19.15 18.64 18.37 23.02 16.19 3.25 3.15 4.24 5.86 4.07 3.99 1.20 1.02 1.20 1.16 1.23 4.29 4.21 2.79 0.99 0.70 0.68 0.66 0.73 0.63 0.62 0.57 0.56 0.55 0.68 11.58 11.45 2.87 3.50 12.67 2.49 3.39 3.36 3.32 3.28 2.35 3.21 3.17 3.14 3.11 3.09 3.06 1.62 15.18 3.95 3.92 3.22 3.20 2.99 13.27 2.94 2.92 2.90 12.98 2.87 2.86 12.83 12.78 2.82 2.81 3.67 2.75 12.37 2.71 2.69 12.06 2.66 0.00 11.90
20.76 20.45 20.20 19.96 16.24 19.45 19.12 15.33 18.37 16.44 16.20 1.48 1.45 4.24 4.16 4.08 4.00 3.91 2.63 1.12 1.17 2.10 15.51 4.22 4.10 4.03 3.97 0.69 0.67 0.65 9.35 9.23 9.11 7.29 5.99 7.10 5.83 6.33 4.00 7.27 5.32 5.26 3.39 1.10 3.32 3.28 3.24 3.21 3.17 3.14 3.11 2.23 3.05 0.57 3.30 3.27 3.24 3.22 3.19 2.98 2.96 2.93 2.91 2.89 12.96 12.90 12.85 4.65 4.63 12.71 2.81 2.76 2.75 2.73 2.71 2.69 2.67 12.00 0.00 0.00 0.00
17.66 17.44 19.90 21.62 24.61 24.22 23.64 18.36 19.34 22.71 19.36 1.45 1.42 1.38 4.08 4.01 3.93 4.75 1.21 16.91 4.39 4.31 4.23 4.11 4.04 3.98 0.94 0.92 0.66 0.89 18.81 5.09 5.01 4.22 6.50 6.42 6.34 6.26 7.27 7.20 17.43 7.07 7.00 1.09 3.29 3.25 3.21 3.17 3.14 3.11 3.08 3.06 3.03 0.57 0.56 3.24 10.36 3.19 5.99 5.95 2.93 2.91 2.89 2.87 2.86 12.82 12.77 2.82 2.81 2.80 2.76 2.74 2.73 2.71 2.68 2.67 2.65 11.93 0.00 0.00 0.00
20.07 19.84 20.56 21.31 21.03 16.88 23.30 23.01 22.71 19.36 1.45 1.35 1.39 1.34 4.01 3.94 3.85 3.59 3.52 4.40 1.06 4.25 2.84 4.06 5.25 3.92 3.86 3.80 3.74 3.68 18.64 7.70 4.95 4.84 6.43 6.35 6.27 7.28 7.21 7.14 6.06 7.00 2.41 1.07 3.25 3.21 3.18 3.14 3.11 3.09 3.05 3.03 2.94 10.79 0.55 4.88 3.54 3.51 4.74 4.71 5.19 2.89 2.87 12.87 2.84 12.75 2.81 2.80 2.79 2.75 2.74 2.72 2.71 2.68 2.67 2.65 2.64 11.87 108.97 0.00 0.00
19.79 19.56 24.51 24.20 23.58 23.28 19.93 16.20 22.41 18.25 1.41 4.18 5.79 4.02 3.94 3.86 3.60 2.54 3.02 4.34 4.26 1.99 1.94 1.90 1.86 3.87 3.81 0.89 3.69 7.85 18.34 18.14 17.70 17.51 6.36 16.11 7.28 7.21 7.15 6.04 5.98 1.04 3.29 3.25 3.22 3.18 3.15 3.12 3.09 3.06 3.03 2.94 2.91 5.25 4.85 4.82 3.16 4.70 4.67 4.63 2.66 2.87 2.85 2.84 12.74 2.81 2.80 12.47 12.43 12.38 2.72 2.70 2.68 2.67 2.65 2.63 11.87 2.60 0.00 0.00 0.00
19.51 19.26 24.15 23.54 23.27 22.98 22.70 42.54 39.50 1.20 3.04 2.98 3.66 2.86 2.80 7.83 1.39 15.08 2.98 15.45 2.86 2.19 1.90 1.87 1.83 3.82 3.76 3.70 2.46 5.73 6.93 21.10 4.80 7.28 7.19 7.30 7.22 7.15 7.09 5.86 5.92 3.29 3.26 3.22 3.19 3.15 3.12 3.09 3.06 3.03 6.13 6.08 5.25 13.97 6.05 3.16 3.13 3.09 4.64 4.60 2.97 2.85 2.83 2.82 12.68 12.64 12.46 12.42 12.37 12.32 12.14 12.08 2.66 2.65 2.63 2.62 11.81 2.59 0.00 2.56 11.63
19.22 24.10 23.50 23.24 22.95 22.69 18.56 41.79 1.17 1.17 2.99 2.93 2.87 19.88 16.48 13.28 12.27 12.09 4.29 5.52 1.00 4.03 0.96 0.94 14.16 1.42 0.89 3.66 2.43 5.67 7.48 4.82 4.75 9.30 7.01 7.24 7.17 7.10 4.57 5.81 6.86 3.26 3.23 3.19 3.16 3.13 3.10 3.06 3.03 6.14 6.09 14.99 5.22 6.05 4.78 3.14 4.95 9.65 4.61 6.52 2.95 5.71 2.82 2.81 12.64 12.46 12.42 12.37 2.72 2.69 12.08 12.03 2.65 2.63 11.86 11.81 2.59 2.58 2.57 11.64 11.59
18.96 23.55 23.20 22.92 22.67 18.55 18.11 1.36 1.14 1.09 2.93 2.88 17.32 19.66 13.31 12.30 12.13 14.75 4.23 1.01 14.77 0.96 0.94 3.85 3.79 0.64 0.63 0.61 0.60 6.64 7.41 7.32 4.71 7.14 17.70 4.67 22.31 7.05 4.53 6.87 3.27 3.23 3.20 3.16 3.13 3.10 3.07 6.33 6.15 6.10 6.05 13.99 4.93 3.51 4.75 5.92 2.92 2.90 5.79 4.55 2.93 5.67 12.68 12.64 12.46 12.42 2.73 2.72 12.13 12.08 2.66 2.65 11.92 11.87 2.60 2.59 2.58 11.67 11.63 11.60 2.53
18.50 23.16 22.90 22.65 19.09 21.00 17.82 1.82 1.22 1.26 1.29 18.33 19.70 13.36 13.11 12.16 11.99 2.90 4.13 14.81 14.63 14.43 14.25 3.81 0.71 0.78 0.69 0.60 0.59 17.67 4.79 4.72 7.17 5.15 17.59 17.44 7.06 21.96 5.09 6.82 6.75 2.32 11.71 1.69 0.99 3.07 6.34 6.29 6.11 6.06 3.21 6.06 6.01 5.96 2.94 2.92 2.90 2.88 2.86 5.71 5.68 12.68 12.63 12.45 12.41 2.73 2.71 12.27 12.08 12.03 2.65 11.92 11.87 2.60 2.59 11.72 11.68 19.45 2.54 11.56 0.00
23.12 19.82 22.62 22.04 18.86 18.62 18.07 1.46 1.33 1.29 18.36 14.00 13.39 13.14 12.19 12.03 2.91 2.86 4.08 4.01 0.98 3.89 3.82 3.76 0.79 0.69 0.60 0.83 7.09 8.45 4.74 4.68 4.55 8.33 4.64 4.60 8.08 8.00 6.85 6.78 5.60 2.30 11.52 1.67 1.65 2.20 4.65 3.98 6.07 6.11 5.45 4.78 4.74 2.71 2.92 2.90 12.98 2.86 12.82 2.82 2.80 15.20 12.45 12.40 12.36 2.71 2.70 12.09 2.66 11.98 11.93 2.62 2.60 11.77 11.72 11.68 2.55 2.54 0.00 0.00 0.00
22.84 18.57 34.07 21.78 21.52 15.11 19.30 19.06 17.44 18.39 14.02 13.37 13.17 15.07 12.06 2.92 2.00 1.95 4.03 0.96 0.94 3.84 3.78 3.72 3.67 3.61 3.56 0.82 6.54 6.15 3.73 7.14 7.49 6.14 3.88 4.55 5.96 5.85 5.68 6.73 6.67 6.60 3.12 1.66 3.06 2.18 0.95 5.08 6.03 6.08 4.79 4.75 4.71 3.02 5.85 2.88 12.92 9.44 9.38 9.33 15.20 14.99 12.40 14.88 12.31 12.27 2.68 12.04 11.99 2.63 2.62 2.61 11.78 11.73 11.68 2.56 2.54 0.00 0.00 0.00 0.00
22.20 21.98 60.95 15.30 15.07 14.89 17.66 17.45 14.31 16.28 16.79 13.20 14.34 14.91 14.72 1.03 1.01 2.76 3.99 0.95 0.93 0.91 0.89 0.87 0.85 3.57 3.51 8.83 6.49 6.11 6.03 6.97 8.30 6.65 6.58 4.52 7.97 7.74 6.76 4.35 6.74 15.98 6.45 1.64 0.66 1.61 2.92 3.93 5.50 4.80 3.14 3.12 5.31 3.87 3.84 9.51 9.45 9.39 15.28 15.21 14.99 14.93 12.35 12.31 2.69 2.68 12.04 2.65 2.64 2.62 11.83 11.78 11.74 2.57 2.55 3.37 5.08 0.00 0.00 0.00 0.00
21.95 21.72 35.25 21.18 14.88 17.59 17.39 15.93 18.19 16.84 16.15 14.37 27.96 11.96 11.81 4.13 4.07 4.00 3.94 3.88 3.82 0.90 0.88 0.86 3.59 3.52 7.47 7.38 6.11 6.02 7.12 12.72 13.29 4.58 4.54 6.91 16.76 16.63 6.71 6.65 6.59 6.47 6.41 6.36 2.17 2.93 2.90 5.77 3.54 6.01 3.48 3.02 3.37 15.67 15.57 9.46 15.39 15.30 15.22 14.99 14.93 9.05 2.70 2.69 12.22 12.04 2.65 2.64 11.89 11.84 11.79 2.58 2.57 3.37 5.10 5.08 13.92 0.00 0.00 0.00 0.00
21.69 15.23 18.01 18.09 17.89 17.40 15.95 17.00 13.85 13.24 17.72 28.02 20.87 11.85 14.45 4.08 1.91 1.88 3.90 3.84 3.79 3.73 0.73 3.62 0.59 0.61 1.60 3.39 3.35 7.15 6.96 5.96 7.06 7.00 6.93 6.86 16.67 16.54 16.40 16.27 6.50 6.44 6.38 4.11 6.27 2.91 2.74 2.72 5.70 4.86 2.94 13.15 13.06 15.61 15.51 15.42 15.32 15.24 15.01 2.72 12.34 12.29 12.25 12.21 12.04 2.65 11.95 11.90 11.85 2.60 2.59 5.15 5.13 14.02 13.97 13.93 0.00 0.00 0.00 0.00 0.00
29.68 24.91 17.81 17.63 17.44 14.35 17.02 16.73 16.53 12.33 12.18 17.34 17.14 16.94 14.16 13.99 11.18 13.67 3.86 3.81 0.64 0.63 0.61 3.58 0.83 0.64 3.41 3.36 3.32 3.22 3.45 2.48 6.57 6.95 6.87 6.81 21.20 21.03 16.31 16.19 15.89 4.17 4.13 4.09 4.05 14.66 14.55 2.70 3.45 4.84 13.19 2.90 13.01 15.54 15.45 15.36 15.27 2.74 12.42 12.35 2.69 2.68 2.67 2.65 12.00 11.96 11.92 11.87 2.60 5.18 5.16 14.09 0.00 0.00 0.00 0.00 0.00 0.00 0.00 0.00 0.00
18.26 20.88 20.69 20.48 17.27 16.95 16.75 15.21 12.36 15.05 14.88 14.71 11.78 11.50 14.04 1.90 1.87 3.88 2.59 2.55 0.70 0.62 0.67 1.65 3.48 3.43 2.28 2.24 3.29 3.19 1.88 1.85 1.06 3.32 6.83 6.77 6.71 3.18 3.15 6.49 6.43 6.37 4.11 4.07 3.76 3.73 14.49 14.38 4.85 4.81 13.14 9.60 15.59 15.49 15.40 2.80 12.51 12.44 2.71 2.69 2.68 2.67 2.65 11.99 11.96 11.92 2.62 5.21 5.19 5.17 14.12 0.00 0.00 0.00 0.00 0.00 0.00 0.00 0.00 0.00 0.00
20.84 20.66 20.42 20.14 16.93 18.06 16.53 17.66 53.21 33.42 14.75 14.58 11.54 14.09 11.26 1.88 3.90 3.84 10.74 13.15 0.69 0.68 12.45 3.50 3.45 0.90 0.69 2.22 3.22 3.44 1.86 1.84 3.33 3.29 3.26 3.23 11.80 2.28 2.26 1.66 3.07 3.04 15.50 3.86 3.74 3.71 14.43 5.64 4.82 13.17 13.09 13.00 15.54 15.44 2.81 12.68 12.47 2.72 2.70 2.68 2.67 12.03 11.99 11.96 11.92 11.88 14.29 8.66 14.19 14.14 0.00 0.00 0.00 0.00 0.00 0.00 0.00 0.00 0.00 0.00 0.00
16.27 16.10 14.31 14.16 14.02 13.75 13.17 17.66 32.80 32.42 32.85 16.90 16.54 4.04 3.98 3.92 2.63 3.81 13.20 13.05 3.65 12.02 11.87 3.47 3.43 0.70 0.68 2.21 0.74 3.42 12.40 3.34 3.31 3.27 3.24 11.84 11.75 11.65 1.67 1.65 11.25 2.88 10.73 14.69 3.72 5.37 6.57 4.84 4.80 13.12 13.04 12.95 2.84 12.79 12.72 2.75 2.73 2.71 2.69 12.23 12.04 12.00 11.95 11.92 14.33 0.00 0.00 0.00 0.00 0.00 0.00 0.00 0.00 0.00 0.00 0.00 0.00 0.00 0.00 0.00 0.00
20.30 14.30 14.16 14.02 19.40 13.61 14.88 17.50 17.32 38.47 32.62 14.17 13.30 1.90 1.09 3.89 13.41 25.09 13.11 12.96 12.56 11.92 11.79 11.66 3.40 3.35 12.43 3.21 3.44 3.40 12.34 3.32 3.29 3.26 3.22 2.31 11.69 2.26 2.23 0.98 3.03 2.86 10.68 5.80 5.75 14.42 4.13 4.82 4.78 2.77 2.87 2.85 2.83 12.75 12.68 12.47 2.71 2.70 12.26 12.19 12.00 2.63 14.38 0.00 0.00 0.00 0.00 0.00 0.00 0.00 0.00 0.00 0.00 0.00 0.00 0.00 0.00 0.00 0.00 0.00 0.00
20.10 19.93 14.02 13.86 13.63 15.60 17.53 17.35 17.17 17.00 16.64 13.35 13.92 13.06 1.85 3.85 11.85 12.48 12.34 12.70 11.84 11.42 44.89 1.59 3.37 3.33 0.75 3.20 12.51 3.38 3.34 3.31 3.27 3.24 3.21 3.18 3.14 11.43 1.65 1.56 1.54 2.84 5.82 5.77 5.72 8.52 4.11 3.90 4.76 2.75 3.36 2.83 2.81 2.79 12.51 12.43 12.36 12.29 12.23 2.64 2.63 14.39 0.00 0.00 0.00 0.00 0.00 0.00 0.00 0.00 0.00 0.00 0.00 0.00 0.00 0.00 0.00 0.00 0.00 0.00 0.00
14.13 19.74 13.87 13.64 15.38 17.56 17.38 17.20 17.03 16.86 16.51 16.34 13.82 13.67 12.83 12.68 12.54 12.40 12.10 34.00 11.18 12.27 44.69 1.58 3.35 3.31 12.13 12.56 12.45 1.84 3.33 3.29 3.26 3.22 13.89 3.16 3.12 3.09 2.92 10.87 6.03 5.97 5.79 5.74 5.70 5.65 4.82 7.79 4.74 2.87 2.85 2.82 2.80 2.78 12.47 12.40 12.33 2.68 2.65 5.28 0.00 0.00 0.00 0.00 0.00 0.00 0.00 0.00 0.00 0.00 0.00 0.00 0.00 0.00 0.00 0.00 0.00 0.00 0.00 0.00 0.00
13.99 13.85 13.64 12.75 17.58 17.41 11.96 17.07 16.90 14.15 14.00 16.23 11.09 13.57 12.73 12.59 12.45 12.16 45.95 11.82 11.69 12.20 12.07 11.94 3.33 3.24 0.74 1.14 2.46 1.82 3.31 3.28 3.24 3.21 3.18 2.43 11.43 2.93 2.90 15.16 15.04 5.95 5.77 5.72 5.68 14.22 2.92 2.90 2.88 12.95 12.87 2.81 12.71 12.51 12.43 2.70 2.69 5.37 14.52 0.00 0.00 0.00 0.00 0.00 0.00 0.00 0.00 0.00 0.00 0.00 0.00 0.00 0.00 0.00 0.00 0.00 0.00 0.00 0.00 0.00 0.00
13.84 15.77 15.40 15.27 11.85 13.31 10.65 10.54 12.77 10.77 13.90 13.06 12.92 12.78 12.64 12.50 12.21 12.08 18.39 11.75 11.62 11.50 9.68 11.88 3.31 3.22 3.43 1.14 2.45 1.81 1.79 2.36 2.34 2.31 3.15 3.12 11.05 10.96 6.08 5.01 14.98 14.64 5.75 3.67 3.64 3.60 2.91 2.89 13.00 12.91 12.83 12.75 12.68 12.47 2.71 2.69 5.38 0.00 0.00 0.00 0.00 0.00 0.00 0.00 0.00 0.00 0.00 0.00 0.00 0.00 0.00 0.00 0.00 0.00 0.00 0.00 0.00 0.00 0.00 0.00 0.00
13.72 12.75 12.22 11.85 13.33 13.20 11.15 10.33 10.22 10.69 10.58 12.96 12.83 12.70 12.55 12.26 12.14 11.93 11.81 11.68 11.56 11.44 13.76 9.53 11.54 3.20 1.87 1.85 3.35 2.40 2.38 2.35 2.32 2.29 3.14 1.60 2.93 2.90 5.03 4.99 3.84 3.71 3.68 3.65 3.62 2.92 2.90 2.88 21.81 12.88 12.80 12.72 2.74 2.72 2.70 12.30 5.33 0.00 0.00 0.00 0.00 0.00 0.00 0.00 0.00 0.00 0.00 0.00 0.00 0.00 0.00 0.00 0.00 0.00 0.00 0.00 0.00 0.00 0.00 0.00 0.00
