New_Model_Runs/9_Future_Present_Scn2_out/SUM_of_RECHARGE.asc
NCOLS        700
NROWS        400
XLLCORNER     515000.000
YLLCORNER    8409000.000
CELLSIZE         50.000
NODATA_VALUE     -9999.    
[rows 168 to 195 of 400, columns 126 to 188 of 700]
-.9900E-19 -.9900E-19 -.9900E-19 -.9900E-19 -.9900E-19 -.9900E-19 -.9900E-19 -.9900E-19 -.9900E-19 -.9900E-19 -.9900E-19 -.9900E-19 -.9900E-19 -.9900E-19 -.9900E-19 -.9900E-19 -.9900E-19 -.9900E-19 -.9900E-19 -.9900E-19 -.9900E-19 -.9900E-19 -.9900E-19 -.9900E-19 -.9900E-19 -.9900E-19 -.9900E-19 -.9900E-19 -.9900E-19 -.9900E-19 -.9900E-19 -.9900E-19 -.9900E-19 -.9900E-19 -.9900E-19 -.9900E-19 -.9900E-19 -.9900E-19 -.9900E-19 -.9900E-19 -.9900E-19 -.9900E-19 -.9900E-19 -.9900E-19 -.9900E-19 -.9900E-19 -.9900E-19 -.9900E-19 -.9900E-19 -.9900E-19 -.9900E-19 -.9900E-19 -.9900E-19 -.9900E-19 -.9900E-19 -.9900E-19 -.9900E-19 -.9900E-19 -.9900E-19 -.9900E-19 -.9900E-19 -.9900E-19 -.9900E-19
-.9900E-19 -.9900E-19 -.9900E-19 -.9900E-19 -.9900E-19 -.9900E-19 -.9900E-19 -.9900E-19 -.9900E-19 -.9900E-19 -.9900E-19 -.9900E-19 -.9900E-19 -.9900E-19 -.9900E-19 -.9900E-19 -.9900E-19 -.9900E-19 -.9900E-19 -.9900E-19 -.9900E-19 -.9900E-19 -.9900E-19 -.9900E-19 -.9900E-19 -.9900E-19 -.9900E-19 -.9900E-19 -.9900E-19 -.9900E-19 -.9900E-19 -.9900E-19 -.9900E-19 -.9900E-19 -.9900E-19 -.9900E-19 -.9900E-19 -.9900E-19 -.9900E-19 -.9900E-19 -.9900E-19 -.9900E-19 -.9900E-19 -.9900E-19 -.9900E-19 -.9900E-19 -.9900E-19 -.9900E-19 -.9900E-19 -.9900E-19 -.9900E-19 -.9900E-19 -.9900E-19 -.9900E-19 -.9900E-19 -.9900E-19 -.9900E-19 -.9900E-19 -.9900E-19 -.9900E-19 -.9900E-19 -.9900E-19 -.9900E-19
-.9900E-19 -.9900E-19 -.9900E-19 -.9900E-19 -.9900E-19 -.9900E-19 -.9900E-19 -.9900E-19 -.9900E-19 -.9900E-19 -.9900E-19 -.9900E-19 -.9900E-19 -.9900E-19 -.9900E-19 -.9900E-19 -.9900E-19 -.9900E-19 -.9900E-19 -.9900E-19 -.9900E-19 -.9900E-19 -.9900E-19 -.9900E-19 -.9900E-19 -.9900E-19 -.9900E-19 -.9900E-19 -.9900E-19 -.9900E-19 -.9900E-19 -.9900E-19 -.9900E-19 -.9900E-19 -.9900E-19 -.9900E-19 -.9900E-19 -.9900E-19 -.9900E-19 -.9900E-19 -.9900E-19 -.9900E-19 -.9900E-19 -.9900E-19 -.9900E-19 -.9900E-19 -.9900E-19 -.9900E-19 -.9900E-19 -.9900E-19 -.9900E-19 -.9900E-19 -.9900E-19 -.9900E-19 -.9900E-19 -.9900E-19 -.9900E-19 -.9900E-19 -.9900E-19 -.9900E-19 -.9900E-19 -.9900E-19 -.9900E-19
-.9900E-19 -.9900E-19 -.9900E-19 -.9900E-19 -.9900E-19 -.9900E-19 -.9900E-19 -.9900E-19 -.9900E-19 -.9900E-19 -.9900E-19 -.9900E-19 -.9900E-19 -.9900E-19 -.9900E-19 -.9900E-19 -.9900E-19 -.9900E-19 -.9900E-19 -.9900E-19 -.9900E-19 -.9900E-19 -.9900E-19 -.9900E-19 -.9900E-19 -.9900E-19 -.9900E-19 -.9900E-19 -.9900E-19 -.9900E-19 -.9900E-19 -.9900E-19 -.9900E-19 -.9900E-19 -.9900E-19 -.9900E-19 -.9900E-19 -.9900E-19 -.9900E-19 -.9900E-19 81.11 56.99 -.9900E-19 -.9900E-19 -.9900E-19 -.9900E-19 -.9900E-19 -.9900E-19 -.9900E-19 -.9900E-19 -.9900E-19 -.9900E-19 -.9900E-19 -.9900E-19 -.9900E-19 -.9900E-19 -.9900E-19 -.9900E-19 -.9900E-19 -.9900E-19 -.9900E-19 -.9900E-19 -.9900E-19
-.9900E-19 -.9900E-19 -.9900E-19 -.9900E-19 -.9900E-19 -.9900E-19 -.9900E-19 -.9900E-19 -.9900E-19 -.9900E-19 -.9900E-19 -.9900E-19 -.9900E-19 -.9900E-19 -.9900E-19 -.9900E-19 -.9900E-19 -.9900E-19 -.9900E-19 -.9900E-19 -.9900E-19 -.9900E-19 -.9900E-19 -.9900E-19 -.9900E-19 -.9900E-19 -.9900E-19 -.9900E-19 -.9900E-19 -.9900E-19 -.9900E-19 -.9900E-19 -.9900E-19 -.9900E-19 -.9900E-19 -.9900E-19 -.9900E-19 -.9900E-19 79.52 79.52 79.52 .000 -.9900E-19 -.9900E-19 -.9900E-19 -.9900E-19 -.9900E-19 -.9900E-19 -.9900E-19 -.9900E-19 -.9900E-19 -.9900E-19 -.9900E-19 -.9900E-19 -.9900E-19 -.9900E-19 -.9900E-19 -.9900E-19 -.9900E-19 -.9900E-19 -.9900E-19 -.9900E-19 -.9900E-19
-.9900E-19 -.9900E-19 -.9900E-19 -.9900E-19 -.9900E-19 -.9900E-19 -.9900E-19 -.9900E-19 -.9900E-19 -.9900E-19 -.9900E-19 -.9900E-19 -.9900E-19 -.9900E-19 -.9900E-19 -.9900E-19 -.9900E-19 -.9900E-19 -.9900E-19 -.9900E-19 -.9900E-19 -.9900E-19 -.9900E-19 -.9900E-19 -.9900E-19 -.9900E-19 -.9900E-19 -.9900E-19 -.9900E-19 -.9900E-19 -.9900E-19 -.9900E-19 -.9900E-19 -.9900E-19 -.9900E-19 -.9900E-19 -.9900E-19 -.9900E-19 79.52 79.52 79.52 79.52 -.9900E-19 -.9900E-19 -.9900E-19 -.9900E-19 -.9900E-19 -.9900E-19 -.9900E-19 -.9900E-19 -.9900E-19 -.9900E-19 -.9900E-19 -.9900E-19 -.9900E-19 -.9900E-19 -.9900E-19 -.9900E-19 -.9900E-19 -.9900E-19 -.9900E-19 -.9900E-19 -.9900E-19
-.9900E-19 -.9900E-19 -.9900E-19 -.9900E-19 -.9900E-19 -.9900E-19 -.9900E-19 -.9900E-19 -.9900E-19 -.9900E-19 -.9900E-19 -.9900E-19 -.9900E-19 -.9900E-19 -.9900E-19 -.9900E-19 -.9900E-19 -.9900E-19 -.9900E-19 -.9900E-19 -.9900E-19 -.9900E-19 -.9900E-19 -.9900E-19 -.9900E-19 -.9900E-19 -.9900E-19 -.9900E-19 -.9900E-19 -.9900E-19 -.9900E-19 -.9900E-19 -.9900E-19 -.9900E-19 -.9900E-19 -.9900E-19 -.9900E-19 -.9900E-19 79.52 79.52 79.52 79.52 79.22 -.9900E-19 -.9900E-19 -.9900E-19 -.9900E-19 -.9900E-19 -.9900E-19 -.9900E-19 -.9900E-19 -.9900E-19 -.9900E-19 -.9900E-19 -.9900E-19 -.9900E-19 -.9900E-19 -.9900E-19 -.9900E-19 -.9900E-19 -.9900E-19 -.9900E-19 -.9900E-19
-.9900E-19 -.9900E-19 -.9900E-19 -.9900E-19 -.9900E-19 -.9900E-19 -.9900E-19 .000 56.70 56.70 -.9900E-19 -.9900E-19 -.9900E-19 -.9900E-19 -.9900E-19 -.9900E-19 -.9900E-19 -.9900E-19 -.9900E-19 -.9900E-19 -.9900E-19 -.9900E-19 -.9900E-19 -.9900E-19 -.9900E-19 -.9900E-19 -.9900E-19 -.9900E-19 -.9900E-19 -.9900E-19 -.9900E-19 -.9900E-19 -.9900E-19 -.9900E-19 -.9900E-19 -.9900E-19 -.9900E-19 80.01 79.52 79.52 79.52 79.52 79.22 79.22 -.9900E-19 -.9900E-19 -.9900E-19 -.9900E-19 -.9900E-19 -.9900E-19 -.9900E-19 -.9900E-19 -.9900E-19 -.9900E-19 -.9900E-19 -.9900E-19 -.9900E-19 -.9900E-19 -.9900E-19 -.9900E-19 -.9900E-19 -.9900E-19 -.9900E-19
-.9900E-19 -.9900E-19 -.9900E-19 -.9900E-19 -.9900E-19 -.9900E-19 -.9900E-19 78.06 78.06 78.06 78.27 -.9900E-19 -.9900E-19 -.9900E-19 -.9900E-19 -.9900E-19 -.9900E-19 -.9900E-19 -.9900E-19 -.9900E-19 -.9900E-19 -.9900E-19 -.9900E-19 -.9900E-19 -.9900E-19 56.38 -.9900E-19 -.9900E-19 -.9900E-19 -.9900E-19 -.9900E-19 -.9900E-19 -.9900E-19 -.9900E-19 -.9900E-19 -.9900E-19 .000 83.49 78.98 78.98 78.98 78.98 79.88 79.88 79.88 -.9900E-19 -.9900E-19 -.9900E-19 -.9900E-19 -.9900E-19 -.9900E-19 -.9900E-19 -.9900E-19 -.9900E-19 -.9900E-19 -.9900E-19 -.9900E-19 -.9900E-19 -.9900E-19 -.9900E-19 -.9900E-19 -.9900E-19 -.9900E-19
-.9900E-19 -.9900E-19 -.9900E-19 -.9900E-19 -.9900E-19 -.9900E-19 -.9900E-19 78.06 78.06 78.06 78.27 -.9900E-19 -.9900E-19 -.9900E-19 -.9900E-19 -.9900E-19 -.9900E-19 -.9900E-19 -.9900E-19 -.9900E-19 -.9900E-19 -.9900E-19 -.9900E-19 -.9900E-19 80.42 80.42 80.40 -.9900E-19 -.9900E-19 -.9900E-19 -.9900E-19 -.9900E-19 -.9900E-19 -.9900E-19 .000 79.80 79.80 79.80 85.45 85.45 78.98 78.98 79.88 79.88 79.88 -.9900E-19 -.9900E-19 -.9900E-19 -.9900E-19 -.9900E-19 -.9900E-19 -.9900E-19 -.9900E-19 -.9900E-19 -.9900E-19 -.9900E-19 -.9900E-19 -.9900E-19 -.9900E-19 -.9900E-19 -.9900E-19 -.9900E-19 -.9900E-19
-.9900E-19 -.9900E-19 -.9900E-19 -.9900E-19 -.9900E-19 -.9900E-19 -.9900E-19 81.61 81.61 81.61 81.74 81.74 -.9900E-19 -.9900E-19 -.9900E-19 44.66 -.9900E-19 -.9900E-19 -.9900E-19 -.9900E-19 -.9900E-19 -.9900E-19 -.9900E-19 -.9900E-19 84.28 84.28 84.27 -.9900E-19 -.9900E-19 -.9900E-19 -.9900E-19 84.28 84.28 84.28 83.66 83.66 83.66 83.66 82.47 82.47 82.47 82.47 83.96 83.96 83.96 -.9900E-19 -.9900E-19 -.9900E-19 -.9900E-19 -.9900E-19 -.9900E-19 -.9900E-19 -.9900E-19 -.9900E-19 -.9900E-19 -.9900E-19 -.9900E-19 -.9900E-19 -.9900E-19 -.9900E-19 -.9900E-19 -.9900E-19 -.9900E-19
-.9900E-19 -.9900E-19 -.9900E-19 -.9900E-19 -.9900E-19 -.9900E-19 .000 81.61 81.61 81.61 81.74 81.74 .000 137.6 44.66 .000 -.9900E-19 -.9900E-19 -.9900E-19 -.9900E-19 -.9900E-19 -.9900E-19 -.9900E-19 -.9900E-19 84.28 84.28 84.27 84.27 .000 .000 .000 84.28 84.28 84.28 83.66 83.66 83.66 83.66 82.47 82.47 82.47 82.47 83.96 83.96 83.96 -.9900E-19 -.9900E-19 -.9900E-19 -.9900E-19 -.9900E-19 -.9900E-19 -.9900E-19 -.9900E-19 -.9900E-19 -.9900E-19 -.9900E-19 -.9900E-19 -.9900E-19 43.38 -.9900E-19 -.9900E-19 -.9900E-19 -.9900E-19
-.9900E-19 -.9900E-19 -.9900E-19 82.64 82.64 82.64 82.09 82.09 82.09 82.09 81.97 81.97 81.97 81.97 82.70 -.9900E-19 -.9900E-19 -.9900E-19 -.9900E-19 -.9900E-19 -.9900E-19 -.9900E-19 -.9900E-19 -.9900E-19 .000 84.42 84.09 84.09 84.09 84.09 84.00 84.00 84.00 84.00 83.30 83.30 83.30 83.30 83.31 83.31 83.31 83.31 84.41 84.41 84.41 -.9900E-19 -.9900E-19 -.9900E-19 -.9900E-19 -.9900E-19 -.9900E-19 -.9900E-19 -.9900E-19 -.9900E-19 -.9900E-19 -.9900E-19 -.9900E-19 46.94 84.51 -.9900E-19 -.9900E-19 -.9900E-19 -.9900E-19
-.9900E-19 -.9900E-19 -.9900E-19 -.9900E-19 82.64 82.64 82.09 82.09 82.09 82.09 81.97 81.97 87.79 81.97 82.70 -.9900E-19 -.9900E-19 -.9900E-19 -.9900E-19 -.9900E-19 -.9900E-19 -.9900E-19 -.9900E-19 -.9900E-19 84.42 84.42 84.09 84.09 84.09 84.09 90.28 84.00 84.00 84.00 83.30 83.30 83.30 83.30 83.31 83.31 83.31 83.31 84.41 84.41 84.41 -.9900E-19 -.9900E-19 -.9900E-19 -.9900E-19 -.9900E-19 -.9900E-19 -.9900E-19 43.38 43.38 -.9900E-19 -.9900E-19 -.9900E-19 84.46 84.51 .000 -.9900E-19 -.9900E-19 -.9900E-19
-.9900E-19 -.9900E-19 -.9900E-19 -.9900E-19 82.64 82.64 82.09 82.09 87.91 82.09 81.97 81.97 94.12 81.97 82.70 88.58 .000 82.70 84.55 84.55 -.9900E-19 -.9900E-19 .000 84.42 90.59 90.68 84.09 84.09 96.02 84.09 84.00 84.00 84.00 84.00 83.30 83.30 83.30 89.04 83.31 83.31 89.05 83.31 84.41 91.93 84.41 -.9900E-19 -.9900E-19 -.9900E-19 -.9900E-19 -.9900E-19 -.9900E-19 -.9900E-19 85.01 85.01 -.9900E-19 84.46 84.46 84.46 84.51 102.6 -.9900E-19 -.9900E-19 -.9900E-19
-.9900E-19 -.9900E-19 .000 82.64 91.45 82.64 82.09 82.09 82.09 82.09 81.97 81.97 81.97 81.97 82.70 82.70 82.70 82.70 84.55 84.55 84.55 91.94 91.55 91.55 109.1 90.58 84.09 84.09 84.09 84.09 90.30 84.00 84.00 84.00 89.02 89.04 83.30 83.30 83.31 83.31 83.31 83.31 84.41 84.41 84.41 .000 -.9900E-19 -.9900E-19 -.9900E-19 -.9900E-19 -.9900E-19 -.9900E-19 85.01 85.01 84.46 84.46 91.73 84.46 84.51 102.6 102.6 102.6 102.9
83.33 78.68 82.74 88.62 82.74 88.58 82.51 82.51 82.51 88.37 82.32 82.32 82.32 82.32 82.20 82.20 82.20 95.12 83.81 90.78 90.78 89.98 83.33 83.33 89.55 83.33 83.61 83.61 83.61 83.61 83.55 83.55 83.55 83.55 83.19 83.19 83.19 83.19 83.70 83.70 83.70 83.70 84.79 84.79 84.79 -.9900E-19 -.9900E-19 -.9900E-19 -.9900E-19 -.9900E-19 -.9900E-19 -.9900E-19 85.19 85.19 84.42 84.42 84.42 84.42 84.46 102.5 102.5 102.5 102.8
78.68 78.68 82.74 82.74 88.62 82.74 82.51 82.51 82.51 82.51 82.32 82.32 82.32 88.14 82.20 82.20 82.20 82.20 83.81 83.81 83.81 83.81 83.33 83.33 83.33 83.33 83.61 89.85 83.61 83.61 83.55 83.55 83.55 83.55 83.19 83.19 83.19 83.19 83.70 83.70 83.70 83.70 84.79 84.79 84.79 .000 -.9900E-19 -.9900E-19 -.9900E-19 -.9900E-19 -.9900E-19 .000 85.19 85.19 84.42 84.42 84.42 84.42 84.46 102.5 102.5 102.5 102.8
78.68 78.68 82.74 82.74 82.74 82.74 82.51 82.51 82.51 82.51 91.08 88.17 82.32 82.32 82.20 82.20 82.20 82.20 83.81 83.81 83.81 83.81 83.33 83.33 83.33 83.33 83.61 83.61 89.85 83.61 95.40 83.55 83.55 83.55 83.19 83.19 83.19 83.19 83.70 83.70 83.70 83.70 84.79 84.79 102.7 103.0 .000 -.9900E-19 -.9900E-19 -.9900E-19 -.9900E-19 85.19 85.19 85.19 84.42 84.42 84.42 84.42 91.72 84.46 117.7 102.5 108.3
78.68 78.68 82.74 82.74 82.74 88.61 82.51 82.51 82.51 82.51 82.32 88.20 82.32 82.32 88.03 82.20 82.20 82.20 83.81 83.81 83.81 83.81 89.65 83.33 83.33 83.33 89.80 83.61 83.61 83.61 89.81 83.55 90.46 83.55 88.92 83.19 83.19 83.19 83.70 100.4 100.4 83.70 84.79 84.79 102.7 103.0 103.5 .000 .000 101.7 103.5 85.19 91.87 85.19 84.42 84.42 84.42 84.42 84.46 84.46 102.5 102.5 118.0
78.21 78.21 82.55 82.55 82.55 82.55 82.68 82.68 82.68 82.68 82.49 82.49 82.49 82.49 82.05 87.88 82.05 82.05 83.35 83.35 83.35 83.35 88.94 88.79 83.10 83.10 83.37 83.37 83.37 83.37 89.32 83.22 83.22 83.22 83.86 83.86 83.86 83.86 102.2 102.2 102.2 102.2 85.59 85.59 107.8 103.6 103.6 103.6 107.8 103.6 103.4 85.14 85.14 85.14 91.46 91.45 84.37 84.37 84.31 84.31 102.3 107.7 84.62
78.21 78.21 82.55 82.55 82.55 82.55 82.68 82.68 82.68 82.68 82.49 82.49 82.49 82.49 82.05 82.05 82.05 82.05 83.35 83.35 83.35 83.35 83.10 83.10 83.10 83.10 83.37 83.37 83.37 83.37 83.22 83.22 83.22 83.22 83.86 83.86 83.86 83.86 102.2 102.2 102.2 102.2 103.8 103.8 107.8 103.6 103.6 103.8 109.3 103.8 103.4 103.4 103.4 85.14 84.37 84.37 84.37 84.37 84.31 84.31 84.31 117.4 98.01
78.21 78.21 82.55 82.55 82.55 82.55 82.68 91.49 88.56 82.68 82.49 82.49 82.49 82.49 82.05 82.05 82.05 82.05 83.35 83.35 83.35 83.35 83.10 83.10 83.10 83.10 83.37 83.37 83.37 83.37 89.92 83.22 83.22 89.34 83.86 83.86 83.86 83.86 102.2 102.2 102.2 102.2 103.8 102.0 107.8 107.8 107.8 102.0 109.3 103.8 103.4 103.4 85.14 85.14 91.45 84.37 84.37 84.37 84.31 84.31 84.31 84.31 84.62
78.21 78.21 82.55 82.55 82.55 82.55 82.68 82.68 88.56 82.68 82.49 88.28 82.49 82.49 82.05 87.81 82.05 82.05 83.35 89.19 83.35 83.35 83.10 83.10 83.10 83.10 83.37 83.37 83.37 83.37 83.22 83.22 83.22 83.22 83.86 83.86 83.86 83.86 102.2 102.2 102.2 102.2 102.0 103.8 109.3 103.6 102.0 102.0 102.0 103.8 103.4 85.14 85.14 85.14 84.37 91.45 84.37 84.37 84.31 91.59 84.31 84.31 84.62
77.79 82.36 82.24 82.24 82.24 82.24 93.50 82.61 82.61 82.61 82.17 82.17 82.17 82.17 81.73 81.73 87.52 81.73 83.18 83.18 83.18 83.18 83.14 83.14 83.14 83.14 83.40 83.40 83.40 92.35 83.42 83.42 83.42 83.42 84.17 84.17 84.17 84.17 85.37 103.5 103.5 101.7 102.2 106.9 103.9 103.7 101.7 103.5 103.5 103.5 84.87 84.87 84.87 84.87 84.19 91.29 84.19 84.19 84.42 84.42 84.42 84.42 84.52
77.79 77.79 82.24 82.24 82.24 82.24 82.61 92.01 82.61 82.61 82.17 82.17 82.17 82.17 81.73 81.73 81.73 81.73 83.18 83.18 83.18 83.18 83.14 83.14 83.14 83.14 83.40 83.40 83.40 90.14 83.42 93.66 83.42 83.42 84.17 84.17 84.17 84.17 85.37 85.37 85.37 103.5 102.2 103.9 85.70 103.9 130.6 85.38 85.38 85.38 84.87 84.87 84.87 84.87 84.19 84.19 84.19 84.19 84.42 84.42 84.42 84.42 84.52
88.20 88.20 94.50 94.50 94.50 94.50 94.90 94.90 94.90 94.90 94.43 94.43 94.43 94.43 94.05 94.05 94.05 101.2 96.27 96.27 96.27 117.8 96.22 96.22 96.22 96.22 104.6 108.6 95.82 95.82 95.85 95.85 95.85 95.85 96.24 96.24 96.24 96.24 97.46 97.46 97.46 97.46 145.5 97.81 97.81 97.81 130.1 97.47 97.47 97.47 97.81 97.81 97.81 97.81 97.36 97.36 97.36 97.36 97.38 122.7 97.38 97.38 97.70
88.20 88.20 94.50 94.50 94.50 94.50 94.90 94.90 94.90 94.90 94.43 94.43 94.43 94.43 94.05 94.05 97.96 94.05 96.27 96.27 96.27 96.27 96.22 96.22 96.22 96.22 95.82 95.82 95.82 95.82 95.85 95.85 95.85 95.85 96.24 96.24 96.24 96.24 97.46 97.46 97.46 97.46 97.81 97.81 97.81 97.81 97.47 107.5 97.47 97.47 97.81 97.81 97.81 111.8 97.36 97.36 97.36 97.36 97.38 97.38 97.38 97.38 97.70
