New_Model_Runs/13_Future_RCP4.5_Scn3_out/SUM_of_RECHARGE.asc
NCOLS        700
NROWS        400
XLLCORNER     515000.000
YLLCORNER    8409000.000
CELLSIZE         50.000
NODATA_VALUE     -9999.    
[rows 224 to 251 of 400, columns 63 to 125 of 700]
51.32 37.80 50.28 76.27 44.28 44.34 46.15 55.07 63.37 102.0 89.11 59.52 46.53 56.29 56.31 56.34 56.36 60.79 60.82 60.85 60.87 61.22 61.24 61.27 61.30 61.51 61.54 65.25 65.25 61.42 61.45 61.48 61.50 64.92 64.95 64.97 65.00 65.40 65.42 65.45 69.13 69.56 65.46 69.61 65.50 65.51 65.53 65.55 65.58 69.48 69.50 69.52 69.54 74.19 69.46 69.48 69.50 69.90 69.92 74.69 69.96 70.19 70.21
51.33 64.39 54.58 76.29 54.63 55.03 44.41 55.08 56.92 57.48 46.42 56.12 48.94 46.62 56.32 56.35 56.37 60.80 60.83 60.86 60.88 61.23 61.25 70.58 61.31 61.52 61.55 61.58 67.39 66.90 65.17 61.49 68.78 69.57 64.95 64.98 65.01 65.41 65.43 65.46 65.48 65.44 70.64 65.49 65.51 65.52 65.54 65.56 65.58 69.48 69.51 69.53 75.05 69.45 69.47 69.49 69.51 69.90 69.92 69.94 75.52 75.81 70.21
91.32 82.12 109.3 111.2 61.00 64.25 61.45 64.32 52.52 52.58 54.37 62.59 62.61 54.57 62.79 62.82 62.84 66.82 66.84 66.87 66.90 67.25 67.28 67.31 67.34 67.56 67.59 67.62 67.64 67.46 67.49 67.51 67.54 70.85 70.88 70.90 70.93 70.59 70.62 70.64 70.67 70.64 70.67 70.69 70.71 71.45 71.47 71.50 71.52 79.41 75.05 75.07 75.09 74.99 75.01 75.03 75.05 75.46 75.48 75.50 75.52 75.70 75.72
91.34 60.95 60.97 64.85 61.01 64.26 69.60 61.48 61.50 70.38 62.57 62.59 66.42 62.77 62.80 62.82 62.85 66.82 66.85 66.88 66.90 67.26 67.29 67.32 67.34 67.57 67.60 67.62 67.65 67.47 67.49 67.52 67.55 70.86 70.88 70.91 70.94 70.60 70.63 70.65 70.68 70.65 70.67 70.70 70.72 71.46 71.48 71.50 71.52 75.04 75.06 75.08 75.10 75.00 75.02 75.04 75.06 75.47 75.49 75.51 75.53 75.71 75.73
101.0 61.17 61.19 61.22 61.24 61.10 61.12 61.15 61.17 61.91 61.93 61.96 61.98 66.35 66.44 62.53 62.55 66.49 66.52 66.54 66.57 66.74 71.40 66.79 66.82 66.95 66.98 67.00 67.03 71.60 67.02 67.04 67.07 70.70 70.73 70.75 70.78 69.98 70.01 70.03 70.05 70.04 70.07 70.09 70.11 70.56 70.58 70.60 70.62 78.11 78.83 73.85 73.87 74.28 74.30 74.32 74.34 74.87 74.89 74.91 74.93 75.18 75.20
101.0 61.18 65.06 61.22 61.24 61.11 61.13 61.15 61.18 65.71 61.94 61.97 61.99 66.36 62.51 62.53 62.56 71.12 66.52 66.55 66.58 66.74 66.77 66.80 66.82 66.96 66.98 67.01 67.04 67.00 67.02 71.66 67.07 70.71 70.73 70.76 70.78 69.99 70.01 70.03 70.06 70.05 70.07 70.10 75.21 70.56 70.59 70.61 70.63 78.12 73.83 73.85 73.88 74.28 74.30 74.32 74.34 84.65 74.89 74.91 74.93 75.18 75.20
101.1 61.18 61.21 61.23 61.25 61.11 68.68 61.16 61.18 61.92 61.95 61.97 62.00 66.36 62.51 62.54 62.56 66.50 66.53 66.55 66.58 66.75 66.77 66.80 66.83 66.96 66.99 67.02 67.04 67.00 67.03 67.05 67.08 70.71 75.53 70.76 75.43 69.99 75.20 70.04 70.06 70.05 75.00 70.10 70.12 70.57 70.59 70.61 70.63 83.19 73.84 73.86 73.88 74.29 74.31 74.33 74.35 74.88 74.90 74.92 74.94 75.19 80.31
104.5 103.9 61.21 61.23 71.12 61.12 61.14 61.16 61.19 61.93 61.95 61.98 62.00 62.49 62.52 62.54 68.91 66.51 66.53 66.56 66.59 66.75 66.78 66.81 66.83 66.97 66.99 67.02 67.05 67.00 67.03 67.06 67.08 70.71 70.74 70.77 70.79 69.99 70.02 70.04 75.15 74.98 70.08 70.10 70.13 70.57 70.59 70.62 70.64 73.82 73.84 73.86 73.88 74.29 74.31 74.33 74.35 74.88 74.90 74.92 74.94 75.19 75.21
58.38 61.54 104.3 104.3 104.3 61.40 61.42 61.45 61.47 61.56 61.59 61.61 61.63 65.68 61.82 65.73 61.87 70.68 70.71 65.99 66.01 65.98 66.01 70.78 70.80 65.99 66.02 66.04 66.07 66.04 66.06 66.09 66.12 69.72 69.75 69.78 74.65 69.37 69.39 69.42 69.44 70.01 70.03 70.05 70.08 70.59 70.61 70.64 70.66 73.92 73.94 73.97 73.99 74.67 74.69 74.71 74.73 74.75 74.77 74.79 74.80 74.50 74.52
58.39 65.43 65.46 65.48 104.3 104.1 61.43 61.45 61.47 61.57 61.59 61.61 61.64 61.80 61.82 61.85 61.87 70.68 65.96 65.99 66.01 65.98 66.01 66.04 66.06 65.99 66.02 66.05 66.07 66.04 74.83 66.09 66.12 69.73 69.75 69.78 69.80 69.37 69.39 69.42 69.44 70.01 70.03 70.06 70.08 70.59 70.62 70.64 70.66 73.92 73.95 73.97 73.99 74.67 74.69 74.71 74.73 74.75 74.77 74.79 84.59 74.50 74.52
59.83 52.23 52.28 61.59 61.61 104.1 104.1 61.45 61.48 61.57 61.59 65.49 61.64 61.80 61.83 61.85 61.88 65.94 70.71 65.99 66.02 70.73 66.01 66.04 66.07 66.00 66.02 66.05 66.07 66.04 66.07 66.09 66.12 69.73 69.75 69.78 69.80 69.37 69.39 69.42 69.44 70.01 70.03 70.06 70.08 70.59 70.62 70.64 70.66 73.93 73.95 73.97 73.99 74.67 74.69 74.71 74.73 89.12 79.85 84.98 74.81 74.50 79.57
59.17 55.41 85.66 106.1 104.3 113.4 65.30 61.46 61.48 61.57 61.59 61.62 65.54 61.80 61.83 61.85 61.88 65.94 65.97 65.99 66.02 70.59 66.01 66.04 66.07 66.00 66.02 70.66 66.08 66.04 66.07 66.09 66.12 69.73 69.75 69.78 69.80 69.37 69.39 69.42 69.44 70.01 70.03 70.06 70.08 70.59 70.62 70.64 70.66 73.93 73.95 73.97 73.99 74.67 74.69 74.71 84.56 74.75 74.77 74.79 74.81 74.50 74.52
58.51 55.42 105.2 63.43 56.92 62.47 67.33 60.80 79.46 67.88 61.39 61.41 61.44 61.59 61.61 61.64 61.66 65.39 65.41 65.44 65.47 65.06 65.09 65.12 69.80 65.19 65.21 65.24 65.26 65.18 65.20 65.23 65.26 69.23 69.25 69.28 69.30 69.98 70.01 70.03 70.06 71.06 71.08 71.11 71.13 71.60 71.63 71.65 71.67 74.91 74.93 74.96 74.98 75.04 75.06 75.08 80.11 74.54 74.56 74.58 74.60 74.46 74.48
102.9 94.33 61.18 62.55 62.57 62.47 62.49 62.52 62.54 67.91 61.39 61.41 61.44 61.59 61.61 61.64 61.66 65.39 65.41 65.44 65.47 65.06 65.09 65.12 65.14 65.18 65.21 65.24 65.26 65.18 65.20 69.87 65.26 69.23 69.25 69.28 69.30 69.98 70.01 70.03 70.06 71.06 71.08 71.10 71.13 71.60 71.62 71.65 71.67 74.91 74.93 74.95 74.97 75.03 75.05 75.08 75.10 74.54 74.55 74.57 74.59 74.46 74.47
99.43 105.2 66.89 62.55 62.57 62.47 62.49 62.52 62.54 63.10 63.13 63.15 63.18 61.59 61.61 71.06 61.66 65.39 65.41 65.44 65.47 65.06 65.09 69.77 65.14 65.18 65.21 65.23 65.26 65.18 65.20 65.23 65.25 69.23 69.25 69.28 69.30 69.98 70.00 70.03 70.05 71.05 71.08 71.10 71.12 71.60 71.62 71.64 71.66 74.91 74.93 74.95 74.97 75.03 75.05 75.07 75.09 74.53 74.55 74.57 74.59 74.45 74.47
94.48 114.3 67.24 67.26 67.34 62.47 69.22 62.52 62.54 63.10 63.13 63.15 63.17 63.33 63.35 63.38 63.40 65.39 65.41 65.44 65.46 65.06 65.09 65.11 65.14 65.18 65.21 65.23 65.26 73.84 65.20 65.22 65.25 69.22 69.25 69.27 69.30 69.98 70.00 70.03 70.05 71.05 71.07 71.10 71.12 71.59 71.62 71.64 71.66 74.91 74.93 74.95 74.97 75.03 84.94 75.07 80.11 74.53 74.55 74.57 74.59 74.45 74.47
51.76 108.7 61.66 61.68 61.70 62.06 66.88 66.90 66.93 63.08 68.00 63.13 72.47 63.16 63.19 63.21 63.24 68.00 68.03 68.05 64.98 64.69 64.71 64.74 64.77 65.16 65.18 65.21 65.24 65.51 65.53 65.56 65.59 69.83 69.86 69.88 69.91 71.25 71.28 71.30 71.33 72.13 72.15 72.17 72.20 72.61 72.64 72.66 72.68 75.49 75.51 75.53 75.55 74.93 74.95 74.97 74.99 74.65 74.67 74.69 74.71 74.81 74.83
60.49 122.6 104.4 61.68 61.70 62.06 62.09 62.11 62.13 63.08 63.10 63.12 63.15 68.05 63.18 63.21 63.23 68.00 68.02 73.32 68.08 75.96 77.30 64.74 64.76 65.15 65.18 65.21 65.23 70.14 65.53 65.56 65.58 69.83 69.85 69.88 69.90 71.25 71.27 71.30 71.32 72.12 72.15 72.17 72.19 72.61 72.63 72.65 72.67 75.49 75.51 75.53 75.55 84.93 80.05 74.96 74.98 74.65 74.67 74.69 74.71 74.81 74.83
59.35 68.09 63.75 63.77 63.79 64.16 64.19 64.21 64.23 65.12 65.14 65.17 65.19 65.20 70.32 65.25 74.98 77.55 68.54 68.57 68.59 68.29 68.31 68.34 68.37 68.77 68.80 66.01 66.04 66.31 71.01 66.36 66.39 68.82 68.85 68.87 68.90 70.08 70.10 70.12 70.15 70.92 70.94 70.97 70.99 71.43 71.45 71.48 71.50 73.00 73.02 73.04 73.06 72.43 77.34 72.47 72.49 72.16 72.18 72.20 72.22 72.32 72.34
60.49 63.73 63.75 63.77 63.79 64.16 64.18 64.20 64.23 65.12 65.14 65.16 58.65 65.20 65.22 65.25 65.27 68.51 68.54 73.51 68.59 68.28 68.31 68.33 68.36 68.77 68.79 68.82 68.84 69.13 66.33 66.36 66.38 68.82 68.84 68.87 68.89 70.07 70.09 70.12 70.14 70.91 70.94 70.96 70.98 71.43 71.45 71.47 71.49 72.99 73.02 73.04 73.06 72.43 72.45 72.47 72.49 72.16 72.18 72.20 72.22 77.18 77.20
60.71 64.51 64.53 64.55 69.66 65.26 65.28 65.30 65.32 65.81 59.85 65.86 58.64 58.70 65.10 65.13 65.15 68.16 68.18 68.21 68.23 68.46 68.49 68.51 68.54 69.11 69.13 69.16 69.18 69.35 83.41 69.40 69.42 69.16 69.18 69.21 69.23 70.52 70.54 70.57 70.59 71.58 71.60 71.63 71.65 72.07 72.09 72.12 72.14 73.04 73.06 73.09 73.11 72.09 72.11 72.13 72.15 72.17 72.19 72.21 72.23 72.38 72.40
60.71 64.51 64.53 64.55 64.57 65.25 65.27 65.30 65.32 58.45 58.51 58.57 58.62 65.07 65.10 65.12 65.14 68.15 68.18 68.20 68.23 68.46 68.48 68.51 68.53 69.10 69.13 69.15 69.18 69.34 69.37 69.39 69.42 71.34 71.36 71.38 69.22 70.51 70.54 70.56 70.58 71.57 71.60 71.62 71.64 72.06 72.09 72.11 76.09 73.04 73.06 73.08 73.10 72.08 72.10 72.12 72.14 72.16 72.19 72.21 72.22 72.37 72.39
60.70 64.50 64.52 64.54 64.56 65.25 65.27 65.29 65.31 58.44 58.50 58.55 65.87 65.07 65.09 65.11 70.87 68.15 68.17 68.20 68.22 68.45 68.48 68.50 68.53 69.09 69.12 69.14 69.17 69.33 69.36 69.38 69.41 71.33 71.35 71.38 71.40 72.60 72.63 72.65 70.58 71.57 71.59 71.61 71.63 72.06 72.08 72.10 66.63 72.22 68.35 73.07 73.09 72.07 72.09 72.11 72.13 72.16 72.18 72.20 72.22 72.36 72.38
60.70 64.50 64.52 64.54 64.56 65.24 65.26 65.29 68.50 58.43 58.48 58.54 65.87 65.06 65.08 70.19 65.13 68.14 68.17 68.19 77.35 68.44 68.47 68.49 68.52 74.07 69.11 69.14 69.16 69.33 74.35 69.38 69.40 71.32 71.34 71.37 71.39 72.59 72.62 72.64 72.67 72.89 72.91 71.60 71.63 72.05 76.98 73.75 66.60 66.82 66.89 68.38 73.09 72.06 72.09 72.11 72.13 72.15 72.17 72.19 72.21 93.53 72.38
61.92 67.86 58.04 58.09 65.90 66.17 66.19 66.22 66.24 58.41 66.03 66.06 66.08 64.92 64.94 64.97 64.99 67.97 68.00 68.02 68.05 68.52 68.55 68.57 68.60 69.22 69.24 69.27 69.29 69.40 69.43 69.45 69.48 71.32 71.34 71.37 71.39 72.82 72.84 72.87 72.89 73.28 73.30 73.32 73.35 84.50 72.08 66.52 66.58 66.80 68.30 77.73 72.80 71.87 71.89 71.91 71.93 72.14 72.16 83.52 83.54 93.64 72.47
66.69 67.10 59.35 59.40 65.90 66.17 66.19 66.21 66.23 66.00 66.03 66.05 66.07 64.91 64.94 64.96 64.98 67.97 67.99 68.02 73.01 68.52 68.54 68.57 68.59 69.21 69.23 69.26 69.28 69.39 69.42 69.44 69.47 71.31 71.33 71.36 71.38 72.81 84.60 72.86 72.88 73.27 73.29 73.31 73.34 73.37 73.40 73.42 77.92 68.21 46.88 72.76 72.79 71.86 71.88 71.90 71.92 72.13 72.15 83.51 83.53 83.85 83.87
58.70 63.13 63.18 63.23 65.89 66.16 66.18 66.20 66.22 66.00 66.02 66.04 66.06 64.90 64.93 64.95 64.97 67.96 67.98 68.01 68.03 68.51 68.53 68.56 68.58 69.20 69.22 69.25 69.27 69.38 69.41 69.43 69.46 71.30 71.32 71.35 71.37 72.80 72.82 72.85 72.87 73.26 68.21 73.30 96.53 68.39 73.39 73.41 73.43 75.00 79.17 75.04 75.06 71.85 71.87 71.89 71.91 72.12 72.14 72.16 83.53 83.84 83.86
49.01 56.66 67.53 63.21 63.26 63.31 59.52 66.19 66.22 65.99 66.01 66.03 66.06 64.90 64.92 64.94 64.97 67.95 67.97 68.00 68.02 68.50 68.52 68.55 68.57 69.19 69.21 69.24 69.26 69.37 69.40 74.43 69.45 71.29 71.31 71.34 71.36 72.79 84.57 72.84 72.86 68.13 68.19 73.03 73.09 68.37 73.38 73.40 73.42 74.99 75.01 76.30 94.96 74.09 74.11 74.13 71.90 72.11 72.13 72.15 83.52 83.83 86.84
