New_Model_Runs/14_Future_RCP8.5_Scn1_out/post_prcessed_with_MFR/Monthly_summaries/actual_et_monthly_MAY.asc
NCOLS 700
NROWS 400
XLLCENTER 515000.000000
YLLCENTER 8409000.000000
CELLSIZE 50.000000
NODATA_value -999.000000
[rows 304 to 341 of 400, columns 168 to 251 of 700]
3.86 3.86 3.86 3.86 3.86 3.86 3.86 3.86 3.78 3.21 3.21 3.78 3.21 3.21 3.21 3.21 3.21 3.21 3.78 3.78 3.78 2.92 2.92 3.21 3.18 3.18 3.18 3.76 3.76 2.90 2.90 3.18 3.18 3.18 3.18 3.18 3.18 3.76 3.76 3.76 3.73 2.88 2.88 3.73 3.73 3.73 3.73 3.73 3.73 3.73 3.73 3.73 3.73 2.88 3.73 3.73 3.53 3.53 3.53 3.53 3.53 2.99 2.99 2.99 2.99 2.99 2.99 2.99 2.99 3.53 3.53 3.53 3.64 3.64 3.64 3.64 2.81 3.64 3.64 3.08 3.08 3.08 3.64 2.81
3.86 3.86 3.86 3.86 3.86 3.86 3.86 3.86 3.78 3.21 3.21 3.78 3.78 3.21 3.21 3.21 3.21 3.78 3.78 3.78 2.92 2.92 3.21 3.21 3.18 3.76 3.76 3.76 3.76 2.90 2.90 2.90 2.90 0.96 3.18 3.18 3.18 3.76 3.76 2.90 2.88 2.88 2.88 3.16 3.73 3.73 3.73 3.73 2.86 3.73 3.73 3.73 3.73 2.88 3.73 3.73 3.53 3.53 3.53 3.53 3.53 3.53 2.99 2.99 2.99 2.99 2.99 2.72 2.99 3.53 3.53 2.99 3.08 3.64 3.08 3.08 2.81 3.64 3.08 2.81 3.64 3.64 2.81 3.64
3.77 3.77 3.77 3.77 3.77 3.20 3.15 3.15 3.74 3.17 3.17 2.88 2.88 3.17 3.17 3.17 2.88 3.74 3.74 3.74 3.17 2.88 2.88 3.17 3.16 3.16 3.73 3.73 3.73 3.73 3.73 2.87 0.95 0.95 0.95 0.95 2.87 2.87 2.87 2.87 2.86 2.86 2.86 3.70 3.14 3.70 3.70 3.70 3.70 3.70 3.70 3.70 3.70 2.85 3.70 3.70 2.80 3.62 3.62 2.80 2.80 3.62 3.62 3.07 3.62 3.07 3.62 3.62 2.80 3.62 3.62 3.62 3.05 3.05 3.05 3.60 3.60 3.05 3.05 3.05 2.77 3.60 3.60 3.60
3.77 3.77 3.77 3.15 3.77 3.77 3.77 3.15 3.74 3.74 3.17 3.17 3.17 3.17 3.17 3.74 2.88 2.88 3.17 3.17 3.17 2.88 3.17 2.88 2.87 3.73 3.73 3.73 3.73 3.73 2.87 2.87 2.87 2.87 0.95 0.95 3.73 0.95 3.73 2.87 2.86 3.70 3.14 3.14 3.14 3.14 3.14 3.70 3.70 2.86 3.70 3.70 3.70 3.70 2.85 3.70 2.80 3.62 3.62 2.79 3.62 3.62 3.62 3.62 3.62 3.62 3.62 3.62 3.62 3.62 3.07 3.62 3.60 3.60 3.60 3.60 3.60 3.05 3.60 3.60 3.60 3.60 3.60 3.05
2.91 3.77 3.77 3.77 3.77 2.91 3.77 3.15 3.14 3.74 3.74 3.74 3.17 3.74 3.74 2.88 3.17 2.88 2.88 3.17 3.17 3.17 3.17 3.17 3.16 3.73 3.16 2.87 2.87 2.87 2.87 2.87 3.16 3.16 3.16 3.73 2.87 0.95 3.73 3.73 3.70 3.70 3.70 2.86 2.86 3.14 3.14 3.14 3.70 3.14 3.70 3.70 2.85 2.85 3.70 3.70 3.62 3.07 3.07 3.07 3.62 3.07 3.07 3.07 3.62 3.07 3.07 2.79 3.07 3.07 3.07 3.07 3.60 3.05 3.05 3.60 3.60 3.60 3.60 3.60 3.60 3.60 3.05 3.05
3.20 3.77 3.77 3.77 2.91 3.77 3.77 3.77 3.14 3.74 3.74 3.17 3.17 3.17 3.17 3.74 3.17 2.88 2.88 3.17 3.74 3.17 3.17 3.74 3.16 3.73 3.73 3.73 2.87 2.87 2.87 2.87 3.16 3.16 3.16 3.16 3.16 0.95 2.87 3.73 2.86 3.14 2.86 3.14 2.86 3.14 3.14 3.14 3.14 3.14 3.14 3.70 2.85 2.86 3.70 3.14 3.07 3.07 3.07 3.07 3.07 3.07 3.07 3.07 3.62 2.79 2.79 2.79 3.07 2.79 2.79 3.07 3.60 3.05 3.05 3.05 3.05 3.60 3.60 3.60 3.60 3.60 3.60 3.60
3.77 3.77 3.77 3.77 3.77 2.91 3.20 3.77 3.74 3.74 3.74 3.74 3.17 3.17 3.74 3.17 2.88 2.88 2.88 3.17 3.17 3.17 3.74 3.74 3.16 3.73 3.73 3.73 3.16 2.87 2.87 2.87 3.16 3.16 3.16 3.16 3.16 3.73 3.73 2.87 2.86 2.86 2.86 2.86 2.86 3.14 3.14 3.14 3.70 3.14 3.14 3.14 3.70 2.86 2.86 2.86 2.79 2.79 2.79 2.79 3.07 2.79 3.07 3.62 3.62 3.62 3.07 3.07 3.07 2.79 3.07 3.07 3.05 3.05 2.77 2.77 3.60 2.77 2.77 2.77 3.05 3.60 2.77 2.77
3.77 3.77 3.20 3.77 3.77 3.77 3.77 3.77 3.74 3.14 3.14 3.74 3.74 3.17 3.17 3.17 3.17 2.88 2.88 3.17 2.88 3.74 3.74 3.74 2.87 2.87 3.73 2.87 3.16 2.87 2.87 2.87 3.16 3.16 2.87 2.87 2.87 3.16 0.95 2.87 0.94 0.94 2.86 2.86 3.14 3.14 3.14 3.14 3.14 3.14 3.14 3.14 2.86 2.86 2.86 2.86 2.79 2.79 2.79 3.07 3.62 2.79 2.79 3.07 3.07 3.07 3.07 3.07 2.79 2.79 3.07 2.79 2.77 2.77 2.77 2.77 3.05 2.77 2.77 2.77 3.05 2.77 3.05 2.77
3.20 3.77 3.20 3.77 3.15 3.77 3.77 3.77 3.74 3.74 3.14 3.74 3.74 3.74 2.88 3.17 2.88 3.17 3.17 3.17 2.88 3.74 3.74 3.74 3.16 2.87 3.16 2.87 2.87 3.16 2.87 2.87 3.16 2.87 0.95 0.95 0.95 0.95 2.87 2.87 2.86 1.38 0.94 2.86 3.14 3.14 3.14 3.14 3.14 3.14 3.14 3.14 2.86 2.86 0.94 2.86 2.79 2.79 2.79 3.07 3.07 2.79 3.62 3.62 2.79 2.79 2.79 2.79 2.79 2.79 2.79 2.79 2.77 2.77 2.77 2.77 2.77 2.77 3.05 3.05 3.60 3.60 3.05 3.05
3.20 3.20 3.77 3.77 3.77 3.77 3.77 3.77 3.74 3.74 3.74 3.74 3.74 3.17 3.17 3.17 3.17 3.17 3.17 2.88 2.88 3.74 2.88 3.17 3.73 3.73 3.16 3.16 3.16 3.16 3.16 3.16 3.16 2.87 0.95 0.95 0.95 0.95 2.87 3.16 3.14 3.14 3.14 3.14 3.14 3.14 3.14 3.14 3.14 3.14 3.14 3.14 3.14 2.86 2.86 2.86 3.07 2.79 2.79 2.79 2.79 2.79 3.62 3.62 3.62 3.62 0.92 0.92 2.79 2.79 2.79 2.79 2.77 3.05 3.05 2.77 2.77 2.77 3.05 3.05 3.60 3.60 3.05 3.05
3.77 3.77 3.77 3.77 3.20 2.91 2.91 2.91 2.88 3.74 2.88 2.88 3.74 3.74 3.17 3.17 3.17 3.74 3.74 3.17 3.17 3.74 3.74 3.17 3.16 2.87 3.16 3.16 3.16 3.16 3.16 3.16 3.16 2.87 2.87 3.16 3.16 3.16 3.16 2.87 2.86 2.86 3.14 3.14 3.14 3.14 3.14 3.14 3.14 3.14 3.14 3.14 3.14 3.14 2.86 2.86 2.79 2.79 0.92 3.62 3.62 3.62 3.62 3.62 3.62 3.62 0.92 3.62 2.79 0.92 2.79 2.79 2.77 3.05 3.05 3.05 2.77 2.77 2.77 2.77 3.05 3.05 2.77 3.05
3.77 3.77 3.77 2.91 3.20 3.20 3.20 2.91 3.74 3.74 2.88 2.88 3.74 3.74 3.17 2.88 2.88 3.74 3.74 3.74 3.74 3.74 3.74 3.17 3.73 3.16 3.16 3.16 3.16 3.16 3.16 3.16 3.16 3.16 3.16 3.16 3.16 3.16 3.16 3.16 3.14 3.14 3.14 3.14 3.14 3.14 3.14 3.14 3.14 3.70 3.14 3.14 3.14 3.14 2.86 0.94 2.79 2.79 0.92 0.92 0.92 0.92 0.92 0.92 0.92 0.92 2.92 3.62 3.62 2.79 2.79 2.79 3.60 2.77 3.05 3.60 3.60 2.77 2.77 2.77 3.05 2.77 2.77 3.05
3.77 3.77 2.91 3.77 3.77 3.20 3.20 3.77 3.74 3.74 3.74 3.74 3.74 3.74 3.74 2.88 3.74 3.17 3.74 3.74 2.87 3.74 3.17 3.74 3.73 3.16 3.16 3.16 3.16 3.16 3.16 3.16 3.16 3.16 2.87 3.16 3.16 3.16 3.16 3.16 3.14 3.14 3.14 3.14 3.14 3.14 3.14 3.14 3.70 3.70 3.70 3.14 3.14 2.86 2.86 0.94 3.07 2.79 2.79 0.92 0.92 0.92 0.92 0.92 0.92 0.92 0.92 0.92 0.92 3.62 3.62 3.62 2.77 2.77 3.05 2.77 3.60 3.60 3.05 3.05 3.05 3.05 3.05 3.05
3.77 2.91 3.77 3.77 3.77 2.91 3.20 3.77 3.74 3.74 3.74 3.74 3.74 3.74 3.17 3.74 3.74 3.74 3.74 3.74 3.74 3.17 2.88 2.88 3.73 3.16 3.16 3.16 3.16 3.16 3.16 3.16 3.16 2.87 2.87 2.87 3.16 3.16 3.16 2.87 2.86 2.86 3.14 3.14 3.14 3.14 3.14 3.14 3.70 3.70 3.70 3.14 2.86 2.86 0.94 0.94 3.07 3.07 1.35 0.92 0.92 0.92 0.92 0.92 0.92 0.92 0.92 0.92 0.92 0.92 2.92 3.62 3.60 3.60 2.77 2.77 3.60 3.60 3.05 3.05 3.05 3.05 3.60 3.05
2.91 3.77 3.77 3.77 2.91 3.20 3.77 3.77 3.17 3.74 3.74 2.87 3.74 3.74 3.74 3.74 3.74 3.17 2.88 3.74 3.17 3.17 3.17 3.17 3.16 3.16 3.16 3.16 3.16 3.16 3.16 3.16 3.16 3.16 0.95 0.95 0.95 0.95 2.87 2.87 2.86 2.86 2.86 3.14 3.14 3.14 2.98 2.86 3.14 3.14 3.70 2.86 2.86 3.14 3.14 2.86 2.79 0.92 0.92 0.92 0.92 0.92 0.92 0.92 0.92 0.92 0.92 0.92 0.92 0.92 0.92 0.92 3.60 2.77 0.91 3.05 3.05 3.05 3.05 3.05 3.05 3.05 3.05 2.77
3.77 3.77 3.15 3.77 3.77 3.77 3.77 3.77 3.17 3.17 3.17 3.17 3.74 3.74 3.74 3.74 3.74 2.88 2.87 3.74 3.74 3.74 3.17 3.17 3.16 3.16 2.87 2.87 2.87 3.16 3.16 3.16 3.16 0.95 0.95 3.16 0.95 0.95 2.87 2.87 2.86 2.86 2.86 0.94 0.94 0.94 2.98 2.98 3.14 3.14 3.70 2.86 3.14 3.14 3.14 2.86 0.92 0.92 0.92 0.92 0.92 0.92 3.07 3.07 0.92 0.92 0.92 0.92 0.92 0.92 0.92 1.35 0.91 2.77 0.91 2.77 2.77 3.05 2.77 3.05 3.05 3.05 3.05 2.77
3.77 3.77 3.77 3.77 3.77 3.77 3.77 2.91 3.17 3.17 3.17 3.17 3.74 2.88 3.74 3.74 2.88 3.74 2.69 3.74 3.74 3.74 3.17 3.17 3.16 2.87 2.87 2.87 3.16 3.16 3.16 3.16 3.16 2.87 3.16 3.16 3.16 2.87 3.16 3.16 3.14 3.14 3.14 0.94 1.38 2.98 3.70 3.70 3.70 3.70 3.70 3.70 2.86 2.86 2.86 0.94 0.92 0.92 0.92 0.92 0.92 0.92 3.07 3.07 0.92 0.92 0.92 0.92 0.92 0.92 0.92 0.92 0.91 0.91 2.77 2.77 2.77 3.05 2.77 3.05 3.05 3.05 3.05 2.77
3.77 3.15 3.77 3.20 3.20 3.20 3.20 3.20 3.17 3.17 3.74 3.17 3.74 2.88 3.74 3.74 3.74 3.74 3.74 3.74 2.88 2.88 2.88 3.17 2.87 2.87 2.87 3.16 3.16 3.16 2.87 2.87 2.87 2.87 3.16 3.16 3.16 3.16 2.87 3.16 3.14 3.14 3.14 3.70 3.70 3.70 3.70 3.70 3.70 3.70 0.94 0.94 0.94 0.94 0.94 0.94 1.35 0.92 0.92 0.92 0.92 1.35 3.07 3.07 3.07 0.92 0.92 0.92 0.92 0.92 0.92 0.92 0.91 2.77 3.05 3.05 3.05 3.05 3.05 2.77 3.05 3.05 2.77 3.05
2.40 2.40 2.40 2.03 2.40 2.40 2.13 2.40 3.62 3.07 3.07 3.07 2.79 2.80 3.62 3.62 3.62 2.79 3.62 3.62 2.79 3.07 3.07 3.07 3.07 2.79 3.07 3.07 3.07 3.07 3.07 3.07 2.79 3.07 3.07 3.07 3.07 2.79 2.79 3.07 2.72 2.72 2.72 2.72 3.52 3.52 3.52 2.84 2.84 3.52 3.52 2.84 3.52 0.90 0.90 0.90 0.91 0.91 0.91 0.91 0.91 0.91 0.91 3.03 3.03 2.76 0.91 0.91 0.91 0.91 0.91 0.91 0.92 2.80 2.80 2.80 3.07 3.07 3.07 3.63 2.80 2.80 2.80 2.80
2.40 2.40 2.03 2.03 2.13 2.40 2.40 1.85 3.07 3.07 3.07 3.07 3.07 3.62 3.62 3.62 3.62 2.79 3.62 0.92 3.62 3.07 3.07 3.07 3.07 3.07 3.07 2.79 3.07 2.79 3.07 2.79 2.79 3.07 3.07 3.07 2.79 2.79 2.79 2.79 2.72 2.99 2.99 2.99 2.99 2.99 2.84 2.84 2.84 2.84 3.52 3.52 3.52 0.90 0.90 0.90 0.91 0.91 0.91 0.91 0.91 3.03 3.03 3.03 3.03 3.03 0.91 2.76 2.76 3.03 0.91 0.91 0.92 2.80 2.80 2.80 3.07 3.07 3.63 2.80 2.80 2.80 0.92 0.92
2.40 2.13 1.85 2.03 2.03 2.03 2.03 2.03 3.62 3.62 3.07 3.07 3.07 3.62 3.62 3.62 3.62 3.62 3.62 3.62 3.62 3.07 3.07 3.07 3.07 2.79 3.07 3.07 2.79 2.79 2.79 0.92 0.92 0.92 3.07 3.07 2.79 2.79 3.07 3.07 2.99 2.99 2.99 2.99 2.99 2.99 2.99 2.99 2.99 2.72 2.99 3.52 3.52 0.90 0.90 0.90 0.91 0.91 0.91 0.91 0.91 0.91 2.76 2.76 3.03 3.03 3.03 3.03 3.03 3.03 0.91 0.91 0.92 2.80 2.80 3.07 3.07 3.07 3.63 3.07 3.07 2.80 2.80 2.80
2.40 2.40 2.40 1.85 1.85 2.03 2.03 2.40 3.62 3.62 3.07 3.07 3.07 3.62 3.62 3.62 3.62 3.62 3.62 3.62 3.62 3.62 3.07 3.07 3.07 3.07 3.07 3.07 3.07 3.07 2.79 0.92 0.92 3.07 3.07 2.79 3.07 3.07 3.07 3.07 2.99 2.99 0.90 2.99 0.90 0.90 2.99 2.99 2.99 2.99 2.99 3.52 2.72 3.52 3.52 0.90 0.91 0.91 0.91 0.91 0.91 0.91 0.91 0.91 3.03 3.03 3.03 3.03 3.03 3.03 3.03 0.91 0.92 0.92 2.80 3.07 3.07 2.80 2.80 3.07 3.07 2.80 2.80 2.80
0.00 2.40 2.40 2.40 2.40 2.40 2.40 2.40 3.62 3.62 3.07 3.07 3.62 3.62 3.62 3.07 3.62 3.07 3.62 3.62 3.62 3.62 3.07 3.07 3.07 3.07 3.07 3.07 3.07 2.79 2.79 0.92 0.92 0.92 0.92 2.79 2.79 3.07 3.07 3.07 2.72 2.72 0.90 0.90 0.90 0.90 0.90 2.99 2.99 2.99 2.72 2.72 2.72 2.72 0.90 0.90 0.91 0.91 0.91 0.91 0.91 0.91 0.91 0.91 0.91 3.03 3.03 3.03 3.03 2.76 0.91 0.91 0.92 2.80 3.07 3.07 2.80 3.07 2.80 2.80 3.63 3.07 3.63 2.80
0.00 0.00 2.40 2.40 2.40 2.40 2.40 2.40 3.62 3.62 3.62 3.62 3.62 3.62 3.62 3.07 3.62 3.62 3.62 3.07 3.07 3.07 3.07 3.07 3.07 3.07 3.07 3.07 3.07 2.79 2.79 0.92 0.92 0.92 0.92 3.07 3.07 2.79 2.79 2.79 0.90 0.90 0.90 0.90 0.90 0.90 0.90 2.99 2.99 2.99 3.52 3.52 2.99 2.99 2.72 0.90 0.91 0.91 0.91 0.91 0.91 0.91 0.91 0.91 0.91 2.76 0.00 2.76 2.76 0.91 0.91 0.91 0.92 2.80 3.07 0.92 2.80 2.80 2.80 3.07 3.63 3.07 3.07 3.07
0.00 0.00 0.00 0.00 0.00 0.00 0.00 0.00 3.62 3.62 3.62 3.62 3.07 3.07 3.07 3.07 2.79 2.79 3.62 3.07 2.79 3.07 3.07 3.07 3.07 3.07 3.07 3.07 2.79 2.79 2.79 0.92 0.92 0.92 0.92 3.07 2.79 2.79 2.79 0.92 2.99 0.90 0.90 0.90 0.90 0.90 0.90 0.90 2.72 2.72 2.99 3.52 2.72 2.72 2.72 0.90 0.91 0.91 0.91 0.91 0.91 0.91 0.91 0.91 0.91 0.00 0.00 0.00 2.76 0.91 0.00 0.00 0.00 0.92 2.80 3.07 3.07 3.07 0.92 3.07 3.07 3.63 3.07 3.07
0.00 0.00 0.00 0.00 0.00 0.00 0.00 0.00 0.00 0.00 3.62 3.62 3.62 3.62 3.07 3.07 2.79 2.79 3.07 3.62 2.79 3.62 3.07 3.07 3.07 3.07 3.07 2.79 2.79 0.92 0.92 0.92 0.92 0.92 0.92 0.92 0.92 0.92 0.92 0.92 2.99 2.99 0.90 0.90 0.90 0.90 0.90 0.90 0.90 2.72 2.72 2.72 2.72 2.72 2.72 0.90 0.91 0.91 0.91 0.91 0.91 0.91 0.91 0.91 0.91 0.00 0.00 0.00 0.00 0.00 0.00 0.00 0.00 0.00 0.00 0.92 3.07 0.92 3.07 3.07 3.07 3.63 3.07 3.07
0.00 0.00 0.00 0.00 0.00 0.00 0.00 0.00 0.00 0.00 3.62 3.62 3.62 2.79 3.07 3.07 3.07 3.07 2.79 2.79 2.79 2.79 3.07 3.07 3.07 3.07 2.79 2.79 0.92 0.92 0.92 0.92 0.92 0.92 0.92 0.92 0.92 0.92 0.92 0.92 0.90 0.90 2.99 0.90 0.90 0.90 0.90 0.90 0.90 1.31 2.72 2.72 2.72 2.72 2.72 0.90 0.91 0.91 0.91 0.91 0.91 0.91 0.91 0.91 0.91 0.91 0.91 0.00 0.00 0.00 0.00 0.00 0.00 0.00 0.00 0.00 0.00 2.80 2.80 3.07 3.07 3.07 3.07 3.07
0.00 0.00 0.00 0.00 0.00 0.00 0.00 0.00 0.00 0.00 0.00 0.00 3.62 3.62 2.79 2.79 3.07 3.07 2.79 2.79 0.92 2.79 3.07 3.07 3.07 2.79 2.79 0.92 0.92 0.92 0.92 0.92 0.92 0.92 0.92 0.92 0.92 0.92 0.92 0.92 0.90 0.90 2.99 0.90 0.90 0.90 0.90 0.90 0.90 1.31 2.72 2.72 2.72 2.72 2.72 0.90 0.91 0.91 0.91 0.91 0.91 0.91 0.91 0.91 0.91 0.91 0.91 0.00 0.00 0.00 0.00 0.00 0.00 0.00 0.00 0.00 0.00 3.63 2.80 3.07 2.80 3.07 3.07 3.07
0.00 0.00 0.00 0.00 0.00 0.00 0.00 0.00 0.00 0.00 0.00 0.00 0.00 3.62 3.62 2.79 2.79 2.79 2.79 0.92 3.62 0.92 2.79 3.07 3.07 2.92 2.92 0.92 0.92 0.92 0.92 0.92 0.92 0.92 0.92 0.92 0.92 0.92 0.92 0.92 0.90 0.90 0.90 0.90 0.90 0.90 0.90 0.90 0.90 1.31 0.90 2.72 2.72 2.72 2.72 2.72 0.91 0.91 0.91 0.91 0.91 0.91 0.91 0.00 0.00 0.00 0.00 0.00 0.00 0.00 0.00 0.00 0.00 0.00 0.00 0.00 0.92 3.07 2.80 2.80 2.80 2.80 3.07 3.07
0.00 0.00 0.00 0.00 0.00 0.00 0.00 0.00 0.00 0.00 0.00 0.00 0.00 0.00 3.62 3.62 2.79 2.79 2.79 3.62 3.62 2.79 2.79 2.79 2.79 2.92 0.92 0.92 0.92 0.92 0.92 0.92 0.92 0.92 0.92 0.92 0.92 0.92 0.92 0.92 0.90 0.90 0.90 0.90 0.90 0.90 0.90 0.90 0.90 0.90 0.90 0.90 3.52 2.72 2.72 2.72 0.91 0.91 0.91 0.91 0.91 0.91 0.00 0.00 0.00 0.00 0.00 0.00 0.00 0.00 0.00 0.00 0.00 0.00 0.00 0.00 3.63 3.63 3.63 3.63 3.63 2.80 2.80 3.07
0.00 0.00 0.00 0.00 0.00 0.00 0.00 0.00 0.00 0.00 0.00 0.00 0.00 0.00 0.00 3.62 3.62 3.62 0.92 2.91 3.62 3.62 2.79 0.92 0.92 0.92 0.92 0.92 0.92 0.92 0.92 0.92 0.92 0.92 0.92 0.92 0.92 0.92 0.92 0.92 0.90 0.90 0.90 0.90 0.90 0.90 0.90 0.90 0.90 0.90 0.90 0.90 0.90 2.72 2.72 2.72 0.91 0.91 0.91 0.91 0.91 0.00 0.00 0.00 0.00 0.00 0.00 0.00 0.00 0.00 0.00 0.00 0.00 0.00 0.00 0.00 0.00 3.63 3.63 3.63 3.63 2.80 2.80 2.80
0.00 0.00 0.00 0.00 0.00 0.00 0.00 0.00 0.00 0.00 0.00 0.00 0.00 0.00 0.00 0.00 0.00 3.62 3.62 3.62 3.62 3.62 0.92 0.92 0.92 0.92 0.92 0.92 0.92 0.92 0.92 0.92 0.92 0.92 0.00 0.00 0.00 0.00 0.00 0.00 0.00 0.00 0.00 0.00 0.00 0.00 0.90 0.90 0.90 0.90 0.90 0.90 2.72 2.72 2.72 2.72 0.91 0.91 0.91 0.91 0.91 0.00 0.00 0.00 0.00 0.00 0.00 0.00 0.00 0.00 0.00 0.00 0.00 0.00 0.00 0.00 0.00 0.00 0.00 0.00 0.00 2.80 2.80 2.80
0.00 0.00 0.00 0.00 0.00 0.00 0.00 0.00 0.00 0.00 0.00 0.00 0.00 0.00 0.00 0.00 0.00 0.00 0.00 0.00 0.00 0.00 3.62 0.92 0.92 0.92 0.92 0.92 0.92 0.92 0.92 0.92 0.92 0.00 0.00 0.00 0.00 0.00 0.00 0.00 0.00 0.00 0.00 0.00 0.00 0.00 0.00 0.00 0.00 0.90 0.90 0.90 2.72 2.72 2.72 2.72 2.76 0.91 0.91 0.91 0.91 0.00 0.00 0.00 0.00 0.00 0.00 0.00 0.00 0.00 0.00 0.00 0.00 0.00 0.00 0.00 0.00 0.00 0.00 0.00 0.00 0.92 2.80 2.80
0.00 0.00 0.00 0.00 0.00 0.00 0.00 0.00 0.00 0.00 0.00 0.00 0.00 0.00 0.00 0.00 0.00 0.00 0.00 0.00 0.00 0.00 0.00 3.62 0.92 0.92 0.92 0.92 0.92 0.92 0.92 0.92 0.00 0.00 0.00 0.00 0.00 0.00 0.00 0.00 0.00 0.00 0.00 0.00 0.00 0.00 0.00 0.00 0.00 0.00 0.90 0.90 0.90 0.90 2.72 2.72 2.76 0.91 0.91 0.91 2.76 0.00 0.00 0.00 0.00 0.00 0.00 0.00 0.00 0.00 0.00 0.00 0.00 0.00 0.00 0.00 0.00 0.00 0.00 0.00 0.00 2.80 0.92 2.80
0.00 0.00 0.00 0.00 0.00 0.00 0.00 0.00 0.00 0.00 0.00 0.00 0.00 0.00 0.00 0.00 0.00 0.00 0.00 0.00 0.00 0.00 0.00 0.00 0.00 0.00 0.00 0.55 0.55 0.55 0.55 0.00 0.00 0.00 0.00 0.00 0.00 0.00 0.00 0.00 0.00 0.00 0.00 0.00 0.00 0.00 0.00 0.00 0.00 0.00 0.55 0.55 0.55 0.55 1.67 1.67 1.66 1.66 1.66 0.55 0.55 1.66 0.00 0.00 0.00 0.00 0.00 0.00 0.00 0.00 0.00 0.00 0.00 0.00 0.00 0.00 0.00 0.00 0.00 0.00 0.00 0.00 2.13 0.54
0.00 0.00 0.00 0.00 0.00 0.00 0.00 0.00 0.00 0.00 0.00 0.00 0.00 0.00 0.00 0.00 0.00 0.00 0.00 0.00 0.00 0.00 0.00 0.00 0.00 0.00 0.00 0.00 0.55 0.55 0.00 0.00 0.00 0.00 0.00 0.00 0.00 0.00 0.00 0.00 0.00 0.00 0.00 0.00 0.00 0.00 0.00 0.00 0.00 0.00 0.55 0.55 0.55 0.55 1.67 1.67 1.66 1.66 1.66 1.66 0.55 0.55 0.55 0.55 0.00 0.00 0.00 0.00 0.00 0.00 0.00 0.00 0.00 0.00 0.00 0.00 0.00 0.00 0.00 0.00 0.00 0.00 0.00 0.54
0.00 0.00 0.00 0.00 0.00 0.00 0.00 0.00 0.00 0.00 0.00 0.00 0.00 0.00 0.00 0.00 0.00 0.00 0.00 0.00 0.00 0.00 0.00 0.00 0.00 0.00 0.00 0.00 0.55 0.55 0.00 0.00 0.00 0.00 0.00 0.00 0.00 0.00 0.00 0.00 0.00 0.00 0.00 0.00 0.00 0.00 0.00 0.00 0.00 0.00 0.55 0.55 0.55 0.55 1.67 1.67 1.66 1.66 1.66 1.66 0.55 0.55 1.66 1.66 0.00 0.00 0.00 0.00 0.00 0.00 0.00 0.00 0.00 0.00 0.00 0.00 0.00 0.00 0.00 0.00 0.00 0.00 0.00 0.00
0.00 0.00 0.00 0.00 0.00 0.00 0.00 0.00 0.00 0.00 0.00 0.00 0.00 0.00 0.00 0.00 0.00 0.00 0.00 0.00 0.00 0.00 0.00 0.00 0.00 0.00 0.00 0.00 2.17 0.01 0.00 0.00 0.00 0.00 0.00 0.00 0.00 0.00 0.00 0.00 0.00 0.00 0.00 0.00 0.00 0.00 0.00 0.00 0.00 0.00 0.55 0.55 0.55 0.55 1.67 1.67 1.66 1.66 1.66 1.66 1.66 1.66 1.66 1.66 0.00 0.00 0.00 0.00 0.00 0.00 0.00 0.00 0.00 0.00 0.00 0.00 0.00 0.00 0.00 0.00 0.00 0.00 0.00 0.00
