New_Model_Runs/14_Future_RCP8.5_Scn1_out/post_prcessed_with_MFR/Monthly_summaries/actual_et_monthly_NOV.asc
NCOLS 700
NROWS 400
XLLCENTER 515000.000000
YLLCENTER 8409000.000000
CELLSIZE 50.000000
NODATA_value -999.000000
[rows 304 to 341 of 400, columns 168 to 251 of 700]
4.91 4.75 4.91 4.75 4.75 4.75 4.91 4.75 4.67 4.04 4.04 4.83 4.04 4.04 4.57 4.57 4.57 4.57 5.40 5.40 5.40 4.17 4.17 4.57 4.53 4.53 4.53 5.35 5.35 4.13 4.13 4.53 4.53 4.53 4.53 4.53 4.53 5.36 5.35 5.35 5.33 4.11 4.11 5.33 5.33 5.33 5.33 5.33 5.33 5.33 5.33 5.33 5.33 4.11 5.33 5.33 5.06 5.06 5.06 5.06 5.06 4.29 4.29 4.29 4.29 4.29 4.29 4.29 4.29 5.06 5.06 5.06 5.18 5.18 5.18 5.18 3.65 5.17 5.15 4.36 4.36 4.36 5.15 3.99
4.91 4.75 4.75 4.91 4.75 4.75 4.91 4.75 4.67 4.04 4.04 4.83 4.83 4.57 4.57 4.57 4.57 5.40 5.40 5.40 4.17 4.17 4.57 4.57 4.53 5.35 5.36 5.36 5.35 4.13 4.13 4.13 4.13 1.36 4.53 4.53 4.53 5.35 5.36 4.13 4.11 4.11 4.11 4.51 5.33 5.33 5.33 5.33 3.77 5.33 5.33 5.33 5.33 4.11 5.33 5.33 5.06 5.06 5.06 5.06 5.06 5.06 4.29 4.29 4.29 4.29 4.29 3.90 4.29 5.06 5.06 4.29 4.38 5.18 4.38 4.38 3.65 5.17 4.36 3.99 5.17 5.15 3.99 5.15
4.84 4.84 4.68 4.84 4.84 4.05 3.22 3.22 4.80 4.02 4.02 3.88 3.88 4.55 4.55 4.55 4.14 5.37 5.37 5.37 4.55 4.14 4.14 4.55 4.51 4.51 5.33 5.33 5.33 5.33 5.33 4.11 1.36 1.36 1.36 1.36 4.11 4.11 4.11 4.11 4.07 4.07 4.07 5.28 4.47 5.28 5.28 5.28 5.28 5.28 5.28 5.28 5.28 3.72 5.28 5.28 3.65 5.15 5.15 3.65 3.65 5.15 5.15 4.36 5.15 4.36 5.15 5.15 3.65 5.15 5.15 5.15 4.33 4.33 4.33 5.11 5.11 4.30 4.30 4.30 3.94 5.10 5.08 5.08
4.68 4.68 4.84 3.22 4.84 4.84 4.84 3.22 4.80 4.64 4.02 4.02 4.02 4.55 4.55 5.37 4.14 4.14 4.55 4.55 4.55 4.14 4.55 4.14 4.11 5.33 5.33 5.33 5.33 5.33 4.11 4.11 4.11 4.11 1.36 1.36 5.33 1.36 5.33 4.11 4.07 5.28 4.47 4.47 4.47 4.47 4.47 5.28 5.28 4.07 5.28 5.28 5.28 5.28 3.72 5.28 3.65 5.15 5.15 3.98 5.15 5.15 5.15 5.15 5.15 5.15 5.15 5.15 5.15 5.15 4.36 5.15 5.11 5.11 5.11 5.11 5.11 4.33 5.08 5.10 5.10 5.10 5.10 4.30
3.91 4.84 4.84 4.84 4.84 3.91 4.68 3.22 3.19 4.80 4.64 4.64 4.02 5.37 5.37 4.14 4.55 4.14 4.14 4.55 4.55 4.55 4.55 4.55 4.51 5.33 4.51 4.11 4.11 4.11 4.11 4.11 4.51 4.51 4.51 5.33 4.11 1.36 5.33 5.33 5.28 5.28 5.28 4.07 4.07 4.47 4.47 4.47 5.28 4.47 5.28 5.28 3.72 3.72 5.28 5.28 5.15 4.36 4.36 4.36 5.15 4.36 4.36 4.36 5.15 4.36 4.36 3.98 4.36 4.36 4.36 4.34 5.11 4.33 4.33 5.11 5.11 5.11 5.10 5.10 5.08 5.10 4.30 4.30
4.05 4.84 4.68 4.84 3.91 4.84 4.68 4.84 3.19 4.80 4.80 4.02 4.02 4.55 4.55 5.37 4.55 4.14 4.14 4.55 5.37 4.55 4.55 5.37 4.51 5.33 5.33 5.33 4.11 4.11 4.11 4.11 4.51 4.51 4.51 4.51 4.51 1.36 4.11 5.33 4.07 4.47 4.07 4.47 4.07 4.47 4.47 4.47 4.47 4.47 4.47 5.28 3.72 4.07 5.28 4.47 4.36 4.36 4.36 4.36 4.36 4.36 4.36 4.34 5.15 3.98 3.98 3.98 4.36 3.98 3.98 4.34 5.08 4.33 4.33 4.33 4.33 5.08 5.08 5.08 5.10 5.10 5.10 5.08
4.68 4.84 4.68 4.84 4.84 3.91 4.05 4.84 4.80 4.80 4.80 4.80 4.55 4.55 5.37 4.55 4.14 4.14 4.14 4.55 4.55 4.55 5.37 5.37 4.51 5.33 5.33 5.33 4.51 4.11 4.11 4.11 4.51 4.51 4.51 4.51 4.51 5.33 5.33 4.11 4.07 4.07 4.07 4.07 4.07 4.47 4.47 4.47 5.28 4.47 4.47 4.47 5.28 4.07 4.07 4.07 3.98 3.98 3.98 3.98 4.36 3.98 4.34 5.12 5.15 5.12 4.34 4.34 4.34 3.98 4.34 4.34 4.30 4.30 3.94 3.94 5.10 3.94 3.94 3.94 4.30 5.08 3.94 3.94
4.84 4.68 4.05 4.68 4.84 4.84 4.68 4.68 4.80 3.19 3.19 4.80 5.37 4.55 4.55 4.55 4.55 4.14 4.14 4.55 4.14 5.37 5.37 5.37 4.11 4.11 5.33 4.11 4.51 4.11 4.11 4.11 4.51 4.51 4.11 4.11 4.11 4.51 1.36 4.11 1.34 1.34 4.07 4.07 4.47 4.47 4.47 4.47 4.47 4.47 4.47 4.47 4.07 4.07 4.07 4.07 3.98 3.98 3.98 4.37 5.15 3.98 3.98 4.34 4.34 4.34 4.34 4.34 3.98 3.98 4.34 3.98 3.94 3.94 3.94 3.94 4.30 3.94 3.94 3.94 4.30 3.94 4.30 3.94
4.05 4.84 4.05 4.84 3.22 4.84 4.68 4.68 4.64 4.80 3.19 4.80 5.37 5.37 4.14 4.55 4.14 4.55 4.55 4.55 4.14 5.37 5.37 5.37 4.51 4.11 4.51 4.11 4.11 4.51 4.11 4.11 4.51 4.11 1.36 1.36 1.36 1.36 4.11 4.11 4.07 1.97 1.34 4.07 4.47 4.47 4.47 4.47 4.47 4.47 4.47 4.47 4.07 4.07 1.34 4.07 3.98 3.98 3.98 4.37 4.37 3.98 5.15 5.15 3.98 3.98 3.98 3.98 3.98 3.98 3.98 3.98 3.94 3.94 3.94 3.94 3.94 3.94 4.30 4.30 5.08 5.08 4.30 4.30
4.05 4.05 4.84 4.84 4.84 4.84 4.84 4.84 4.80 4.80 4.80 4.80 5.37 4.55 4.55 4.55 4.55 4.55 4.55 4.14 4.14 5.37 4.14 4.55 5.33 5.33 4.51 4.51 4.51 4.51 4.51 4.51 4.51 4.11 1.36 1.36 1.36 1.36 4.11 4.51 4.47 4.47 4.47 4.47 4.47 4.47 4.47 4.47 4.47 4.47 4.47 4.47 4.47 4.07 4.07 4.07 4.37 3.98 3.98 3.98 3.98 3.98 5.15 5.15 5.15 5.15 1.31 1.31 3.98 3.98 3.98 3.98 3.94 4.30 4.30 3.94 3.94 3.94 4.30 4.30 5.08 5.10 4.30 4.30
4.84 4.84 4.68 4.84 4.05 3.91 3.91 3.91 3.88 4.80 3.88 3.88 5.37 5.37 4.55 4.55 4.55 5.37 5.37 4.55 4.55 5.37 5.37 4.55 4.51 4.11 4.51 4.51 4.51 4.51 4.51 4.51 4.51 4.11 4.11 4.51 4.51 4.51 4.51 4.11 4.07 4.07 4.47 4.47 4.47 4.47 4.47 4.47 4.47 4.47 4.47 4.47 4.47 4.47 4.07 4.07 3.98 3.98 1.31 5.15 5.15 5.15 5.15 5.15 5.15 5.15 1.31 5.15 3.98 1.31 3.98 3.98 3.94 4.30 4.30 4.30 3.94 3.94 3.94 3.94 4.30 4.30 3.94 4.30
4.68 4.84 4.84 3.91 4.05 4.05 4.05 3.91 4.80 4.80 3.88 4.14 5.37 5.37 4.55 4.14 4.14 5.37 5.37 5.37 5.37 5.37 5.37 4.55 5.33 4.51 4.51 4.51 4.51 4.51 4.51 4.51 4.51 4.51 4.51 4.51 4.51 4.51 4.51 4.51 4.47 4.47 4.47 4.47 4.47 4.47 4.47 4.47 4.47 5.28 4.47 4.47 4.47 4.47 4.07 1.34 3.98 3.98 1.31 1.31 1.31 1.31 1.31 1.31 1.31 1.31 4.15 5.15 5.15 3.98 3.98 3.98 5.11 3.94 4.33 5.08 5.08 3.94 3.94 3.94 4.30 3.94 3.94 4.30
4.84 4.84 3.91 4.84 4.84 4.05 4.05 4.68 4.80 4.80 4.80 5.37 5.37 5.37 5.37 4.14 5.37 4.55 5.37 5.37 3.77 5.37 4.55 5.37 5.33 4.51 4.51 4.51 4.51 4.51 4.51 4.51 4.51 4.51 4.11 4.51 4.51 4.51 4.51 4.51 4.47 4.47 4.47 4.47 4.47 4.47 4.47 4.47 5.28 5.28 5.28 4.47 4.47 4.07 4.07 1.34 4.36 3.98 3.98 1.31 1.31 1.31 1.31 1.31 1.31 1.31 1.31 1.31 1.31 5.15 5.15 5.15 3.94 3.94 4.33 3.94 5.10 5.10 4.30 4.30 4.30 4.30 4.30 4.30
4.84 3.91 4.68 4.68 4.84 3.91 4.05 4.68 4.80 4.80 4.80 5.37 5.37 5.37 4.55 5.37 5.37 5.37 5.37 5.37 5.37 4.55 4.14 4.14 5.33 4.51 4.51 4.51 4.51 4.51 4.51 4.51 4.51 4.11 4.11 4.11 4.51 4.51 4.51 4.11 4.07 4.07 4.47 4.47 4.47 4.47 4.47 4.47 5.28 5.28 5.28 4.47 4.07 4.07 1.34 1.34 4.37 4.37 1.92 1.31 1.31 1.31 1.31 1.31 1.31 1.31 1.31 1.31 1.31 1.31 4.15 5.15 5.11 5.11 3.94 3.94 5.10 5.10 4.30 4.30 4.30 4.30 5.10 4.30
3.91 4.84 4.68 4.84 3.91 4.05 4.84 4.68 4.02 4.80 4.64 3.77 5.37 5.37 5.37 5.37 5.37 4.55 4.14 5.37 4.55 4.55 4.55 4.55 4.51 4.51 4.51 4.51 4.51 4.51 4.51 4.51 4.51 4.51 1.36 1.36 1.36 1.36 4.11 4.11 4.07 4.07 4.07 4.47 4.47 4.47 4.25 4.07 4.47 4.47 5.28 4.07 4.07 4.47 4.47 4.07 3.98 1.31 1.31 1.31 1.31 1.31 1.31 1.31 1.31 1.31 1.31 1.31 1.31 1.31 1.31 1.31 5.11 3.94 1.30 4.33 4.30 4.30 4.30 4.30 4.30 4.30 4.30 3.94
4.84 4.84 3.22 4.68 4.84 4.84 4.84 4.84 4.02 4.02 4.02 4.55 5.37 5.37 5.37 5.37 5.37 4.14 3.77 5.37 5.37 5.37 4.55 4.55 4.51 4.51 4.11 4.11 4.11 4.51 4.51 4.51 4.51 1.36 1.36 4.51 1.36 1.36 4.11 4.11 4.07 4.07 4.07 1.34 1.34 1.34 4.25 4.25 4.47 4.47 5.28 4.07 4.47 4.47 4.47 4.07 1.31 1.31 1.31 1.31 1.31 1.31 4.37 4.37 1.31 1.31 1.31 1.31 1.31 1.31 1.31 1.92 1.30 3.94 1.30 3.94 3.94 4.30 3.94 4.30 4.30 4.30 4.30 3.94
4.84 4.84 4.68 4.84 4.68 4.84 4.68 3.91 4.02 4.02 4.55 4.55 5.37 4.14 5.37 5.37 4.14 5.37 3.77 5.37 5.37 5.37 4.55 4.55 4.51 4.11 4.11 4.11 4.51 4.51 4.51 4.51 4.51 4.11 4.51 4.51 4.51 4.11 4.51 4.51 4.47 4.47 4.47 1.34 1.97 4.25 5.28 5.28 5.28 5.28 5.28 5.28 4.07 4.07 4.07 1.34 1.31 1.31 1.31 1.31 1.31 1.31 4.37 4.36 1.31 1.31 1.31 1.31 1.31 1.31 1.31 1.31 1.30 1.30 3.94 3.94 3.94 4.30 3.94 4.30 4.30 4.30 4.30 3.94
4.84 3.22 4.84 4.05 4.05 4.05 4.05 4.05 4.02 4.02 5.37 4.55 5.37 4.14 5.37 5.37 5.37 5.37 5.37 5.37 4.14 4.14 4.14 4.55 4.11 4.11 4.11 4.51 4.51 4.51 4.11 4.11 4.11 4.11 4.51 4.51 4.51 4.51 4.11 4.51 4.47 4.47 4.47 5.28 5.28 5.28 5.28 5.28 5.28 5.28 1.34 1.34 1.34 1.34 1.34 1.34 1.92 1.31 1.31 1.31 1.31 1.92 4.36 4.36 4.36 1.31 1.31 1.31 1.31 1.31 1.31 1.31 1.30 3.94 4.30 4.30 4.30 4.30 4.30 3.94 4.30 4.30 3.94 4.30
3.48 3.55 3.55 2.95 3.55 3.48 2.39 3.55 4.71 3.94 4.44 4.44 4.05 3.69 5.25 5.24 5.25 4.05 5.24 5.24 4.05 4.44 4.44 4.44 4.41 4.02 4.41 4.41 4.41 4.41 4.41 4.41 4.02 4.41 4.41 4.41 4.41 4.02 4.02 4.41 3.89 3.89 3.89 3.89 5.05 5.05 5.05 4.06 4.06 5.05 5.05 4.06 5.05 1.28 1.28 1.28 1.30 1.30 1.30 1.30 1.30 1.30 1.30 4.32 4.32 3.93 1.30 1.30 1.30 1.30 1.30 1.30 1.31 3.97 3.97 3.97 4.33 4.33 4.33 5.14 3.97 3.97 3.97 3.97
3.55 3.55 2.95 2.95 2.39 3.55 3.55 2.76 3.94 3.94 4.44 4.44 4.44 5.25 5.25 5.25 5.24 4.05 5.25 1.33 5.24 4.44 4.44 4.44 4.41 4.41 4.41 4.02 4.41 4.02 4.41 4.02 4.02 4.41 4.41 4.41 4.02 4.02 4.02 4.02 3.89 4.27 4.27 4.27 4.27 4.27 4.06 4.06 4.06 4.06 5.05 5.05 5.05 1.28 1.28 1.28 1.30 1.30 1.30 1.30 1.30 4.32 4.32 4.32 4.32 4.32 1.30 3.93 3.93 4.32 1.30 1.30 1.31 3.97 3.97 3.97 4.33 4.33 5.14 3.97 3.97 3.97 1.31 1.31
3.55 2.39 2.76 2.95 2.95 2.95 2.95 2.95 4.71 4.56 4.44 4.44 4.44 5.24 5.24 5.25 5.24 5.25 5.25 5.24 5.25 4.44 4.44 4.44 4.41 4.02 4.41 4.41 4.02 4.02 4.02 1.33 1.33 1.33 4.41 4.41 4.02 4.02 4.41 4.41 4.27 4.27 4.27 4.27 4.27 4.27 4.27 4.27 4.27 3.89 4.27 5.05 5.05 1.28 1.28 1.28 1.30 1.30 1.30 1.30 1.30 1.30 3.93 3.93 4.32 4.32 4.32 4.32 4.32 4.32 1.30 1.30 1.31 3.97 3.97 4.33 4.33 4.33 5.11 4.33 4.33 3.97 3.97 3.97
3.48 3.55 3.55 2.76 2.76 2.95 2.95 3.48 4.71 5.24 4.44 4.44 4.44 5.25 5.25 5.25 5.24 5.24 5.24 5.24 5.24 5.24 4.44 4.44 4.41 4.41 4.41 4.41 4.41 4.41 4.02 1.33 1.33 4.41 4.41 4.02 4.41 4.41 4.41 4.41 4.27 4.27 1.28 4.27 1.28 1.28 4.27 4.27 4.27 4.27 4.27 5.05 3.89 5.05 5.05 1.28 1.30 1.30 1.30 1.30 1.30 1.30 1.30 1.30 4.32 4.32 4.32 4.32 4.32 4.32 4.32 1.30 1.31 1.31 3.97 4.33 4.33 3.97 3.97 4.33 4.33 3.97 3.97 3.97
0.00 3.48 3.55 3.48 3.48 3.48 3.48 3.55 4.71 5.25 4.44 4.44 5.25 5.25 5.25 4.44 5.25 4.44 5.25 5.25 5.24 5.24 4.44 4.44 4.41 4.41 4.41 4.41 4.41 4.02 4.02 1.33 1.33 1.33 1.33 4.02 4.02 4.41 4.41 4.41 3.89 3.89 1.28 1.28 1.28 1.28 1.28 4.27 4.27 4.27 3.89 3.89 3.89 3.89 1.28 1.28 1.30 1.30 1.30 1.30 1.30 1.30 1.30 1.30 1.30 4.32 4.32 4.32 4.32 3.93 1.30 1.30 1.31 3.97 4.33 4.33 3.97 4.33 3.97 3.97 5.14 4.33 5.11 3.97
0.00 0.00 3.48 3.55 3.55 3.55 3.55 3.48 4.71 5.25 5.25 5.25 5.25 5.25 5.25 4.44 5.25 5.24 5.24 4.44 4.44 4.44 4.44 4.44 4.41 4.41 4.41 4.41 4.41 4.02 4.02 1.33 1.33 1.33 1.33 4.41 4.41 4.02 4.02 4.02 1.28 1.28 1.28 1.28 1.28 1.28 1.28 4.27 4.27 4.27 5.05 5.05 4.27 4.27 3.89 1.28 1.30 1.30 1.30 1.30 1.30 1.30 1.30 1.30 1.30 3.93 0.00 3.93 3.93 1.30 1.30 1.30 1.31 3.97 4.36 1.31 3.97 3.97 3.97 4.33 5.14 4.33 4.33 4.33
0.00 0.00 0.00 0.00 0.00 0.00 0.00 0.00 4.71 5.24 5.24 5.25 4.44 4.44 4.44 4.44 4.05 4.05 5.24 4.44 4.05 4.44 4.44 4.44 4.41 4.41 4.41 4.41 4.02 4.02 4.02 1.33 1.33 1.33 1.33 4.41 4.02 4.02 4.02 1.33 4.28 1.28 1.28 1.28 1.28 1.28 1.28 1.28 3.89 3.89 4.27 5.05 3.89 3.89 3.89 1.28 1.30 1.30 1.30 1.30 1.30 1.30 1.30 1.30 1.30 0.00 0.00 0.00 3.93 1.30 0.00 0.00 0.00 1.31 3.97 4.36 4.36 4.33 1.31 4.33 4.33 5.14 4.33 4.33
0.00 0.00 0.00 0.00 0.00 0.00 0.00 0.00 0.00 0.00 5.24 5.24 5.25 5.25 4.44 4.44 4.05 4.05 4.44 5.24 4.05 5.25 4.44 4.44 4.41 4.41 4.41 4.02 4.02 1.33 1.33 1.33 1.33 1.33 1.33 1.33 1.33 1.33 1.33 1.33 4.27 4.27 1.28 1.28 1.28 1.28 1.28 1.28 1.28 3.89 3.89 3.89 3.89 3.89 3.89 1.28 1.30 1.30 1.30 1.30 1.30 1.30 1.30 1.30 1.30 0.00 0.00 0.00 0.00 0.00 0.00 0.00 0.00 0.00 0.00 1.31 4.36 1.31 4.33 4.33 4.33 5.14 4.33 4.33
0.00 0.00 0.00 0.00 0.00 0.00 0.00 0.00 0.00 0.00 5.24 5.24 5.24 4.05 4.44 4.44 4.44 4.44 4.05 4.05 4.05 4.05 4.44 4.44 4.41 4.41 4.02 4.02 1.33 1.33 1.33 1.33 1.33 1.33 1.33 1.33 1.33 1.33 1.33 1.33 1.28 1.28 4.27 1.28 1.28 1.28 1.28 1.28 1.28 1.88 3.89 3.89 3.89 3.89 3.89 1.28 1.30 1.30 1.30 1.30 1.30 1.30 1.30 1.30 1.30 1.30 1.30 0.00 0.00 0.00 0.00 0.00 0.00 0.00 0.00 0.00 0.00 3.97 3.97 4.33 4.33 4.33 4.33 4.33
0.00 0.00 0.00 0.00 0.00 0.00 0.00 0.00 0.00 0.00 0.00 0.00 5.25 5.25 4.05 4.05 4.44 4.44 4.05 4.05 1.33 4.05 4.44 4.44 4.41 4.02 4.02 1.33 1.33 1.33 1.33 1.33 1.33 1.33 1.33 1.33 1.33 1.33 1.33 1.33 1.28 1.28 4.28 1.28 1.28 1.28 1.28 1.28 1.28 1.88 3.89 3.89 3.89 3.89 3.89 1.28 1.30 1.30 1.30 1.30 1.30 1.30 1.30 1.30 1.30 1.30 1.30 0.00 0.00 0.00 0.00 0.00 0.00 0.00 0.00 0.00 0.00 5.11 3.97 4.33 3.97 4.33 4.33 4.33
0.00 0.00 0.00 0.00 0.00 0.00 0.00 0.00 0.00 0.00 0.00 0.00 0.00 5.25 5.25 4.05 4.05 4.05 4.05 1.33 5.24 1.33 4.05 4.44 4.41 4.20 4.20 1.33 1.33 1.33 1.33 1.33 1.33 1.33 1.33 1.33 1.33 1.33 1.33 1.33 1.28 1.28 1.28 1.28 1.28 1.28 1.28 1.28 1.28 1.88 1.28 3.89 3.89 3.89 3.89 3.89 1.30 1.30 1.30 1.30 1.30 1.30 1.30 0.00 0.00 0.00 0.00 0.00 0.00 0.00 0.00 0.00 0.00 0.00 0.00 0.00 1.31 4.33 3.97 3.97 3.97 3.97 4.33 4.33
0.00 0.00 0.00 0.00 0.00 0.00 0.00 0.00 0.00 0.00 0.00 0.00 0.00 0.00 5.25 5.25 4.05 4.05 4.05 5.24 5.24 4.05 4.05 4.05 4.02 4.20 1.33 1.33 1.33 1.33 1.33 1.33 1.33 1.33 1.33 1.33 1.33 1.33 1.33 1.33 1.28 1.28 1.28 1.28 1.28 1.28 1.28 1.28 1.28 1.28 1.28 1.28 5.05 3.89 3.89 3.89 1.30 1.30 1.30 1.30 1.30 1.30 0.00 0.00 0.00 0.00 0.00 0.00 0.00 0.00 0.00 0.00 0.00 0.00 0.00 0.00 5.11 5.11 5.14 5.14 5.11 3.97 3.97 4.33
0.00 0.00 0.00 0.00 0.00 0.00 0.00 0.00 0.00 0.00 0.00 0.00 0.00 0.00 0.00 5.25 5.25 5.25 1.33 4.22 5.25 5.25 4.05 1.33 1.33 1.33 1.33 1.33 1.33 1.33 1.33 1.33 1.33 1.33 1.33 1.33 1.33 1.33 1.33 1.33 1.28 1.28 1.28 1.28 1.28 1.28 1.28 1.28 1.28 1.28 1.28 1.28 1.28 3.89 3.89 3.89 1.30 1.30 1.30 1.30 1.30 0.00 0.00 0.00 0.00 0.00 0.00 0.00 0.00 0.00 0.00 0.00 0.00 0.00 0.00 0.00 0.00 5.11 5.11 5.11 5.11 3.97 3.97 3.97
0.00 0.00 0.00 0.00 0.00 0.00 0.00 0.00 0.00 0.00 0.00 0.00 0.00 0.00 0.00 0.00 0.00 5.25 5.25 5.25 5.25 5.25 1.33 1.33 1.33 1.33 1.33 1.33 1.33 1.33 1.33 1.33 1.33 1.33 0.00 0.00 0.00 0.00 0.00 0.00 0.00 0.00 0.00 0.00 0.00 0.00 1.28 1.28 1.28 1.28 1.28 1.28 3.89 3.89 3.89 3.89 1.30 1.30 1.30 1.30 1.30 0.00 0.00 0.00 0.00 0.00 0.00 0.00 0.00 0.00 0.00 0.00 0.00 0.00 0.00 0.00 0.00 0.00 0.00 0.00 0.00 3.97 3.97 3.97
0.00 0.00 0.00 0.00 0.00 0.00 0.00 0.00 0.00 0.00 0.00 0.00 0.00 0.00 0.00 0.00 0.00 0.00 0.00 0.00 0.00 0.00 5.25 1.33 1.33 1.33 1.33 1.33 1.33 1.33 1.33 1.33 1.33 0.00 0.00 0.00 0.00 0.00 0.00 0.00 0.00 0.00 0.00 0.00 0.00 0.00 0.00 0.00 0.00 1.28 1.28 1.28 3.89 3.89 3.89 3.89 3.93 1.30 1.30 1.30 1.30 0.00 0.00 0.00 0.00 0.00 0.00 0.00 0.00 0.00 0.00 0.00 0.00 0.00 0.00 0.00 0.00 0.00 0.00 0.00 0.00 1.31 3.97 3.97
0.00 0.00 0.00 0.00 0.00 0.00 0.00 0.00 0.00 0.00 0.00 0.00 0.00 0.00 0.00 0.00 0.00 0.00 0.00 0.00 0.00 0.00 0.00 5.25 1.33 1.33 1.33 1.33 1.33 1.33 1.33 1.33 0.00 0.00 0.00 0.00 0.00 0.00 0.00 0.00 0.00 0.00 0.00 0.00 0.00 0.00 0.00 0.00 0.00 0.00 1.28 1.28 1.28 1.28 3.89 3.89 3.93 1.30 1.30 1.30 3.93 0.00 0.00 0.00 0.00 0.00 0.00 0.00 0.00 0.00 0.00 0.00 0.00 0.00 0.00 0.00 0.00 0.00 0.00 0.00 0.00 3.97 1.31 3.97
0.00 0.00 0.00 0.00 0.00 0.00 0.00 0.00 0.00 0.00 0.00 0.00 0.00 0.00 0.00 0.00 0.00 0.00 0.00 0.00 0.00 0.00 0.00 0.00 0.00 0.00 0.00 0.81 0.81 0.81 0.81 0.00 0.00 0.00 0.00 0.00 0.00 0.00 0.00 0.00 0.00 0.00 0.00 0.00 0.00 0.00 0.00 0.00 0.00 0.00 0.80 0.80 0.80 0.80 2.44 2.44 2.40 2.40 2.40 0.79 0.79 2.40 0.00 0.00 0.00 0.00 0.00 0.00 0.00 0.00 0.00 0.00 0.00 0.00 0.00 0.00 0.00 0.00 0.00 0.00 0.00 0.00 3.08 0.78
0.00 0.00 0.00 0.00 0.00 0.00 0.00 0.00 0.00 0.00 0.00 0.00 0.00 0.00 0.00 0.00 0.00 0.00 0.00 0.00 0.00 0.00 0.00 0.00 0.00 0.00 0.00 0.00 0.81 0.81 0.00 0.00 0.00 0.00 0.00 0.00 0.00 0.00 0.00 0.00 0.00 0.00 0.00 0.00 0.00 0.00 0.00 0.00 0.00 0.00 0.80 0.80 0.80 0.80 2.44 2.44 2.40 2.40 2.40 2.40 0.79 0.79 0.79 0.79 0.00 0.00 0.00 0.00 0.00 0.00 0.00 0.00 0.00 0.00 0.00 0.00 0.00 0.00 0.00 0.00 0.00 0.00 0.00 0.78
0.00 0.00 0.00 0.00 0.00 0.00 0.00 0.00 0.00 0.00 0.00 0.00 0.00 0.00 0.00 0.00 0.00 0.00 0.00 0.00 0.00 0.00 0.00 0.00 0.00 0.00 0.00 0.00 0.81 0.81 0.00 0.00 0.00 0.00 0.00 0.00 0.00 0.00 0.00 0.00 0.00 0.00 0.00 0.00 0.00 0.00 0.00 0.00 0.00 0.00 0.80 0.80 0.80 0.80 2.44 2.44 2.40 2.40 2.40 2.40 0.79 0.79 2.40 2.40 0.00 0.00 0.00 0.00 0.00 0.00 0.00 0.00 0.00 0.00 0.00 0.00 0.00 0.00 0.00 0.00 0.00 0.00 0.00 0.00
0.00 0.00 0.00 0.00 0.00 0.00 0.00 0.00 0.00 0.00 0.00 0.00 0.00 0.00 0.00 0.00 0.00 0.00 0.00 0.00 0.00 0.00 0.00 0.00 0.00 0.00 0.00 0.00 3.20 0.00 0.00 0.00 0.00 0.00 0.00 0.00 0.00 0.00 0.00 0.00 0.00 0.00 0.00 0.00 0.00 0.00 0.00 0.00 0.00 0.00 0.80 0.80 0.80 0.80 2.44 2.44 2.40 2.40 2.40 2.40 2.40 2.40 2.40 2.40 0.00 0.00 0.00 0.00 0.00 0.00 0.00 0.00 0.00 0.00 0.00 0.00 0.00 0.00 0.00 0.00 0.00 0.00 0.00 0.00
