New_Model_Runs/14_Future_RCP8.5_Scn1_out/post_prcessed_with_MFR/Monthly_summaries/actual_et_monthly_JAN.asc
NCOLS 700
NROWS 400
XLLCENTER 515000.000000
YLLCENTER 8409000.000000
CELLSIZE 50.000000
NODATA_value -999.000000
[rows 304 to 341 of 400, columns 168 to 251 of 700]
6.02 6.02 6.02 6.02 6.02 6.02 6.02 6.02 5.96 5.05 5.05 5.96 5.05 5.05 5.05 5.05 5.05 5.05 5.96 5.96 5.96 4.59 4.59 5.05 5.04 5.04 5.04 5.95 5.95 4.59 4.59 5.04 5.04 5.04 5.04 5.04 5.04 5.95 5.95 5.95 5.95 4.59 4.59 5.95 5.95 5.95 5.95 5.95 5.95 5.95 5.95 5.95 5.95 4.59 5.95 5.95 5.67 5.67 5.67 5.67 5.67 4.81 4.81 4.81 4.81 4.81 4.81 4.81 4.81 5.67 5.67 5.67 5.77 5.77 5.77 5.77 4.17 5.77 5.77 4.89 4.89 4.89 5.77 4.45
6.02 6.02 6.02 6.02 6.02 6.02 6.02 6.02 5.96 5.05 5.05 5.96 5.96 5.05 5.05 5.05 5.05 5.96 5.96 5.96 4.59 4.59 5.05 5.05 5.04 5.95 5.95 5.95 5.95 4.59 4.59 4.59 4.59 1.51 5.04 5.04 5.04 5.95 5.95 4.59 4.59 4.59 4.59 5.04 5.95 5.95 5.95 5.95 4.30 5.95 5.95 5.95 5.95 4.59 5.95 5.95 5.67 5.67 5.67 5.67 5.67 5.67 4.81 4.81 4.81 4.81 4.81 4.37 4.81 5.67 5.67 4.81 4.89 5.77 4.89 4.89 4.17 5.77 4.89 4.45 5.77 5.77 4.45 5.77
5.96 5.96 5.96 5.96 5.96 5.05 4.83 4.83 5.94 5.04 5.04 4.58 4.58 5.04 5.04 5.04 4.58 5.94 5.94 5.94 5.04 4.58 4.58 5.04 5.04 5.04 5.95 5.95 5.95 5.95 5.95 4.58 1.51 1.51 1.51 1.51 4.58 4.58 4.58 4.58 4.57 4.57 4.57 5.92 5.02 5.92 5.92 5.92 5.92 5.92 5.92 5.92 5.92 4.27 5.92 5.92 4.19 5.82 5.82 4.19 4.19 5.82 5.82 4.93 5.82 4.93 5.82 5.82 4.19 5.82 5.82 5.82 4.88 4.88 4.88 5.75 5.75 4.87 4.87 4.87 4.44 5.75 5.75 5.75
5.96 5.96 5.96 4.83 5.96 5.96 5.96 4.83 5.94 5.94 5.04 5.04 5.04 5.04 5.04 5.94 4.58 4.58 5.04 5.04 5.04 4.58 5.04 4.58 4.58 5.95 5.95 5.95 5.95 5.95 4.58 4.58 4.58 4.58 1.51 1.51 5.95 1.51 5.95 4.58 4.57 5.92 5.02 5.02 5.02 5.02 5.02 5.92 5.92 4.57 5.92 5.92 5.92 5.92 4.27 5.92 4.19 5.82 5.82 4.49 5.82 5.82 5.82 5.82 5.82 5.82 5.82 5.82 5.82 5.82 4.93 5.82 5.75 5.75 5.75 5.75 5.75 4.88 5.75 5.75 5.75 5.75 5.75 4.87
4.60 5.96 5.96 5.96 5.96 4.60 5.96 4.83 4.82 5.94 5.94 5.94 5.04 5.94 5.94 4.58 5.04 4.58 4.58 5.04 5.04 5.04 5.04 5.04 5.04 5.95 5.04 4.58 4.58 4.58 4.58 4.58 5.04 5.04 5.04 5.95 4.58 1.51 5.95 5.95 5.92 5.92 5.92 4.57 4.57 5.02 5.02 5.02 5.92 5.02 5.92 5.92 4.27 4.27 5.92 5.92 5.82 4.93 4.93 4.93 5.82 4.93 4.93 4.93 5.82 4.93 4.93 4.49 4.93 4.93 4.93 4.93 5.75 4.88 4.88 5.75 5.75 5.75 5.75 5.75 5.75 5.75 4.87 4.87
5.05 5.96 5.96 5.96 4.60 5.96 5.96 5.96 4.82 5.95 5.95 5.04 5.04 5.04 5.04 5.95 5.04 4.58 4.58 5.04 5.95 5.04 5.04 5.95 5.04 5.95 5.95 5.95 4.58 4.58 4.58 4.58 5.04 5.04 5.04 5.04 5.04 1.51 4.58 5.95 4.57 5.02 4.57 5.02 4.57 5.02 5.02 5.02 5.02 5.02 5.02 5.92 4.27 4.57 5.92 5.02 4.93 4.93 4.93 4.93 4.93 4.93 4.93 4.93 5.82 4.49 4.49 4.49 4.93 4.49 4.49 4.93 5.75 4.88 4.88 4.88 4.88 5.75 5.75 5.75 5.75 5.75 5.75 5.75
5.96 5.96 5.96 5.96 5.96 4.60 5.05 5.96 5.95 5.95 5.95 5.95 5.04 5.04 5.95 5.04 4.58 4.58 4.58 5.04 5.04 5.04 5.95 5.95 5.04 5.95 5.95 5.95 5.04 4.58 4.58 4.58 5.04 5.04 5.04 5.04 5.04 5.95 5.95 4.58 4.57 4.57 4.57 4.57 4.57 5.02 5.02 5.02 5.92 5.02 5.02 5.02 5.92 4.57 4.57 4.57 4.49 4.49 4.49 4.49 4.93 4.49 4.93 5.82 5.82 5.82 4.93 4.93 4.93 4.49 4.93 4.93 4.87 4.87 4.44 4.44 5.75 4.44 4.44 4.44 4.87 5.75 4.44 4.44
5.96 5.96 5.05 5.96 5.96 5.96 5.96 5.96 5.95 4.82 4.82 5.95 5.95 5.04 5.04 5.04 5.04 4.58 4.58 5.04 4.58 5.95 5.95 5.95 4.58 4.58 5.95 4.58 5.04 4.58 4.58 4.58 5.04 5.04 4.58 4.58 4.58 5.04 1.51 4.58 1.51 1.51 4.57 4.57 5.02 5.02 5.02 5.02 5.02 5.02 5.02 5.02 4.57 4.57 4.57 4.57 4.49 4.49 4.49 4.93 5.82 4.49 4.49 4.93 4.93 4.93 4.93 4.93 4.49 4.49 4.93 4.49 4.44 4.44 4.44 4.44 4.87 4.44 4.44 4.44 4.87 4.44 4.87 4.44
5.05 5.96 5.05 5.96 4.83 5.96 5.96 5.96 5.95 5.95 4.82 5.95 5.95 5.95 4.58 5.04 4.58 5.04 5.04 5.04 4.58 5.95 5.95 5.95 5.04 4.58 5.04 4.58 4.58 5.04 4.58 4.58 5.04 4.58 1.51 1.51 1.51 1.51 4.58 4.58 4.57 2.21 1.51 4.57 5.02 5.02 5.02 5.02 5.02 5.02 5.02 5.02 4.57 4.57 1.51 4.57 4.49 4.49 4.49 4.93 4.93 4.49 5.82 5.82 4.49 4.49 4.49 4.49 4.49 4.49 4.49 4.49 4.44 4.44 4.44 4.44 4.44 4.44 4.87 4.87 5.75 5.75 4.87 4.87
5.05 5.05 5.96 5.96 5.96 5.96 5.96 5.96 5.95 5.95 5.95 5.95 5.95 5.04 5.04 5.04 5.04 5.04 5.04 4.58 4.58 5.95 4.58 5.04 5.95 5.95 5.04 5.04 5.04 5.04 5.04 5.04 5.04 4.58 1.51 1.51 1.51 1.51 4.58 5.04 5.02 5.02 5.02 5.02 5.02 5.02 5.02 5.02 5.02 5.02 5.02 5.02 5.02 4.57 4.57 4.57 4.93 4.49 4.49 4.49 4.49 4.49 5.82 5.82 5.82 5.82 1.48 1.48 4.49 4.49 4.49 4.49 4.44 4.87 4.87 4.44 4.44 4.44 4.87 4.87 5.75 5.75 4.87 4.87
5.96 5.96 5.96 5.96 5.05 4.60 4.60 4.60 4.58 5.95 4.58 4.58 5.95 5.95 5.04 5.04 5.04 5.95 5.95 5.04 5.04 5.95 5.95 5.04 5.04 4.58 5.04 5.04 5.04 5.04 5.04 5.04 5.04 4.58 4.58 5.04 5.04 5.04 5.04 4.58 4.57 4.57 5.02 5.02 5.02 5.02 5.02 5.02 5.02 5.02 5.02 5.02 5.02 5.02 4.57 4.57 4.49 4.49 1.48 5.82 5.82 5.82 5.82 5.82 5.82 5.82 1.48 5.82 4.49 1.48 4.49 4.49 4.44 4.87 4.87 4.87 4.44 4.44 4.44 4.44 4.87 4.87 4.44 4.87
5.96 5.96 5.96 4.60 5.05 5.05 5.05 4.60 5.95 5.95 4.58 4.58 5.95 5.95 5.04 4.58 4.58 5.95 5.95 5.95 5.95 5.95 5.95 5.04 5.95 5.04 5.04 5.04 5.04 5.04 5.04 5.04 5.04 5.04 5.04 5.04 5.04 5.04 5.04 5.04 5.02 5.02 5.02 5.02 5.02 5.02 5.02 5.02 5.02 5.92 5.02 5.02 5.02 5.02 4.57 1.51 4.49 4.49 1.48 1.48 1.48 1.48 1.48 1.48 1.48 1.48 4.68 5.82 5.82 4.49 4.49 4.49 5.75 4.44 4.88 5.75 5.75 4.44 4.44 4.44 4.87 4.44 4.44 4.87
5.96 5.96 4.60 5.96 5.96 5.05 5.05 5.96 5.95 5.95 5.95 5.95 5.95 5.95 5.95 4.58 5.95 5.04 5.95 5.95 4.27 5.95 5.04 5.95 5.95 5.04 5.04 5.04 5.04 5.04 5.04 5.04 5.04 5.04 4.58 5.04 5.04 5.04 5.04 5.04 5.02 5.02 5.02 5.02 5.02 5.02 5.02 5.02 5.92 5.92 5.92 5.02 5.02 4.57 4.57 1.51 4.93 4.49 4.49 1.48 1.48 1.48 1.48 1.48 1.48 1.48 1.48 1.48 1.48 5.82 5.82 5.82 4.44 4.44 4.88 4.44 5.75 5.75 4.87 4.87 4.87 4.87 4.87 4.87
5.96 4.60 5.96 5.96 5.96 4.60 5.05 5.96 5.95 5.95 5.95 5.95 5.95 5.95 5.04 5.95 5.95 5.95 5.95 5.95 5.95 5.04 4.58 4.58 5.95 5.04 5.04 5.04 5.04 5.04 5.04 5.04 5.04 4.58 4.58 4.58 5.04 5.04 5.04 4.58 4.57 4.57 5.02 5.02 5.02 5.02 5.02 5.02 5.92 5.92 5.92 5.02 4.57 4.57 1.51 1.51 4.93 4.93 2.17 1.48 1.48 1.48 1.48 1.48 1.48 1.48 1.48 1.48 1.48 1.48 4.68 5.82 5.75 5.75 4.44 4.44 5.75 5.75 4.87 4.87 4.87 4.87 5.75 4.87
4.60 5.96 5.96 5.96 4.60 5.05 5.96 5.96 5.04 5.95 5.95 4.27 5.95 5.95 5.95 5.95 5.95 5.04 4.58 5.95 5.04 5.04 5.04 5.04 5.04 5.04 5.04 5.04 5.04 5.04 5.04 5.04 5.04 5.04 1.51 1.51 1.51 1.51 4.58 4.58 4.57 4.57 4.57 5.02 5.02 5.02 4.77 4.57 5.02 5.02 5.92 4.57 4.57 5.02 5.02 4.57 4.49 1.48 1.48 1.48 1.48 1.48 1.48 1.48 1.48 1.48 1.48 1.48 1.48 1.48 1.48 1.48 5.75 4.44 1.46 4.88 4.87 4.87 4.87 4.87 4.87 4.87 4.87 4.44
5.96 5.96 4.83 5.96 5.96 5.96 5.96 5.96 5.04 5.04 5.04 5.04 5.95 5.95 5.95 5.95 5.95 4.58 4.27 5.95 5.95 5.95 5.04 5.04 5.04 5.04 4.59 4.59 4.59 5.04 5.04 5.04 5.04 1.51 1.51 5.04 1.51 1.51 4.59 4.59 4.57 4.57 4.57 1.51 1.51 1.51 4.77 4.77 5.02 5.02 5.92 4.57 5.02 5.02 5.02 4.57 1.48 1.48 1.48 1.48 1.48 1.48 4.93 4.93 1.48 1.48 1.48 1.48 1.48 1.48 1.48 2.17 1.46 4.44 1.46 4.44 4.44 4.87 4.44 4.87 4.87 4.87 4.87 4.44
5.96 5.96 5.96 5.96 5.96 5.96 5.96 4.60 5.04 5.04 5.04 5.04 5.95 4.58 5.95 5.95 4.58 5.95 4.27 5.95 5.95 5.95 5.04 5.04 5.04 4.59 4.59 4.59 5.04 5.04 5.04 5.04 5.04 4.59 5.04 5.04 5.04 4.59 5.04 5.04 5.02 5.02 5.02 1.51 2.21 4.77 5.92 5.92 5.92 5.92 5.92 5.92 4.57 4.57 4.57 1.51 1.48 1.48 1.48 1.48 1.48 1.48 4.93 4.93 1.48 1.48 1.48 1.48 1.48 1.48 1.48 1.48 1.46 1.46 4.44 4.44 4.44 4.87 4.44 4.87 4.87 4.87 4.87 4.44
5.96 4.83 5.96 5.05 5.05 5.05 5.05 5.05 5.04 5.04 5.95 5.04 5.95 4.58 5.95 5.95 5.95 5.95 5.95 5.95 4.58 4.58 4.58 5.04 4.59 4.59 4.59 5.04 5.04 5.04 4.59 4.59 4.59 4.59 5.04 5.04 5.04 5.04 4.59 5.04 5.02 5.02 5.02 5.92 5.92 5.92 5.92 5.92 5.92 5.92 1.51 1.51 1.51 1.51 1.51 1.51 2.17 1.48 1.48 1.48 1.48 2.17 4.93 4.93 4.93 1.48 1.48 1.48 1.48 1.48 1.48 1.48 1.46 4.44 4.87 4.87 4.87 4.87 4.87 4.44 4.87 4.87 4.44 4.87
3.95 3.95 3.95 3.35 3.95 3.95 3.46 3.95 5.79 4.91 4.91 4.91 4.47 4.17 5.79 5.79 5.79 4.47 5.79 5.79 4.47 4.91 4.91 4.91 4.94 4.49 4.94 4.94 4.94 4.94 4.94 4.94 4.49 4.94 4.94 4.94 4.94 4.49 4.49 4.94 4.38 4.38 4.38 4.38 5.68 5.68 5.68 4.57 4.57 5.68 5.68 4.57 5.68 1.44 1.44 1.44 1.46 1.46 1.46 1.46 1.46 1.46 1.46 4.88 4.88 4.44 1.46 1.46 1.46 1.46 1.46 1.46 1.48 4.50 4.50 4.50 4.93 4.93 4.93 5.84 4.50 4.50 4.50 4.50
3.95 3.95 3.35 3.35 3.46 3.95 3.95 3.05 4.91 4.91 4.91 4.91 4.91 5.79 5.79 5.79 5.79 4.47 5.79 1.47 5.79 4.91 4.91 4.91 4.94 4.94 4.94 4.49 4.94 4.49 4.94 4.49 4.49 4.94 4.94 4.94 4.49 4.49 4.49 4.49 4.38 4.81 4.81 4.81 4.81 4.81 4.57 4.57 4.57 4.57 5.68 5.68 5.68 1.44 1.44 1.44 1.46 1.46 1.46 1.46 1.46 4.88 4.88 4.88 4.88 4.88 1.46 4.44 4.44 4.88 1.46 1.46 1.48 4.50 4.50 4.50 4.93 4.93 5.84 4.50 4.50 4.50 1.48 1.48
3.95 3.46 3.05 3.35 3.35 3.35 3.35 3.35 5.79 5.79 4.91 4.91 4.91 5.79 5.79 5.79 5.79 5.79 5.79 5.79 5.79 4.91 4.91 4.91 4.94 4.49 4.94 4.94 4.49 4.49 4.49 1.48 1.48 1.48 4.94 4.94 4.49 4.49 4.94 4.94 4.81 4.81 4.81 4.81 4.81 4.81 4.81 4.81 4.81 4.38 4.81 5.68 5.68 1.44 1.44 1.44 1.46 1.46 1.46 1.46 1.46 1.46 4.44 4.44 4.88 4.88 4.88 4.88 4.88 4.88 1.46 1.46 1.48 4.50 4.50 4.93 4.93 4.93 5.81 4.93 4.93 4.50 4.50 4.50
3.95 3.95 3.95 3.05 3.05 3.35 3.35 3.95 5.79 5.79 4.91 4.91 4.91 5.79 5.79 5.79 5.79 5.79 5.79 5.79 5.79 5.79 4.91 4.91 4.94 4.94 4.94 4.94 4.94 4.94 4.49 1.48 1.48 4.94 4.94 4.49 4.94 4.94 4.94 4.94 4.81 4.81 1.44 4.81 1.44 1.44 4.81 4.81 4.81 4.81 4.81 5.68 4.38 5.68 5.68 1.44 1.46 1.46 1.46 1.46 1.46 1.46 1.46 1.46 4.88 4.88 4.88 4.88 4.88 4.88 4.88 1.46 1.48 1.48 4.50 4.93 4.93 4.50 4.50 4.93 4.93 4.50 4.50 4.50
0.00 3.95 3.95 3.95 3.95 3.95 3.95 3.95 5.79 5.79 4.91 4.91 5.79 5.79 5.79 4.91 5.79 4.91 5.79 5.79 5.79 5.79 4.91 4.91 4.94 4.94 4.94 4.94 4.94 4.49 4.49 1.48 1.48 1.48 1.48 4.49 4.49 4.94 4.94 4.94 4.38 4.38 1.44 1.44 1.44 1.44 1.44 4.81 4.81 4.81 4.38 4.38 4.38 4.38 1.44 1.44 1.46 1.46 1.46 1.46 1.46 1.46 1.46 1.46 1.46 4.88 4.88 4.88 4.88 4.44 1.46 1.46 1.48 4.50 4.93 4.93 4.50 4.93 4.50 4.50 5.84 4.93 5.81 4.50
0.00 0.00 3.95 3.95 3.95 3.95 3.95 3.95 5.79 5.79 5.79 5.79 5.79 5.79 5.79 4.91 5.79 5.79 5.79 4.91 4.91 4.91 4.91 4.91 4.94 4.94 4.94 4.94 4.94 4.49 4.49 1.48 1.48 1.48 1.48 4.94 4.94 4.49 4.49 4.49 1.44 1.44 1.44 1.44 1.44 1.44 1.44 4.81 4.81 4.81 5.68 5.68 4.81 4.81 4.38 1.44 1.46 1.46 1.46 1.46 1.46 1.46 1.46 1.46 1.46 4.44 0.00 4.44 4.44 1.46 1.46 1.46 1.48 4.50 4.95 1.48 4.50 4.50 4.50 4.93 5.84 4.93 4.93 4.93
0.00 0.00 0.00 0.00 0.00 0.00 0.00 0.00 5.79 5.79 5.79 5.79 4.91 4.91 4.91 4.91 4.47 4.47 5.79 4.91 4.47 4.91 4.91 4.91 4.94 4.94 4.94 4.94 4.49 4.49 4.49 1.48 1.48 1.48 1.48 4.94 4.49 4.49 4.49 1.48 4.81 1.44 1.44 1.44 1.44 1.44 1.44 1.44 4.38 4.38 4.81 5.68 4.38 4.38 4.38 1.44 1.46 1.46 1.46 1.46 1.46 1.46 1.46 1.46 1.46 0.00 0.00 0.00 4.44 1.46 0.00 0.00 0.00 1.48 4.50 4.95 4.95 4.93 1.48 4.93 4.93 5.84 4.93 4.93
0.00 0.00 0.00 0.00 0.00 0.00 0.00 0.00 0.00 0.00 5.79 5.79 5.79 5.79 4.91 4.91 4.47 4.47 4.91 5.79 4.47 5.79 4.91 4.91 4.94 4.94 4.94 4.49 4.49 1.48 1.48 1.48 1.48 1.48 1.48 1.48 1.48 1.48 1.48 1.48 4.81 4.81 1.44 1.44 1.44 1.44 1.44 1.44 1.44 4.38 4.38 4.38 4.38 4.38 4.38 1.44 1.46 1.46 1.46 1.46 1.46 1.46 1.46 1.46 1.46 0.00 0.00 0.00 0.00 0.00 0.00 0.00 0.00 0.00 0.00 1.48 4.95 1.48 4.93 4.93 4.93 5.84 4.93 4.93
0.00 0.00 0.00 0.00 0.00 0.00 0.00 0.00 0.00 0.00 5.79 5.79 5.79 4.47 4.91 4.91 4.91 4.91 4.47 4.47 4.47 4.47 4.91 4.91 4.94 4.94 4.49 4.49 1.48 1.48 1.48 1.48 1.48 1.48 1.48 1.48 1.48 1.48 1.48 1.48 1.44 1.44 4.81 1.44 1.44 1.44 1.44 1.44 1.44 2.12 4.38 4.38 4.38 4.38 4.38 1.44 1.46 1.46 1.46 1.46 1.46 1.46 1.46 1.46 1.46 1.46 1.46 0.00 0.00 0.00 0.00 0.00 0.00 0.00 0.00 0.00 0.00 4.50 4.50 4.93 4.93 4.93 4.93 4.93
0.00 0.00 0.00 0.00 0.00 0.00 0.00 0.00 0.00 0.00 0.00 0.00 5.79 5.79 4.47 4.47 4.91 4.91 4.47 4.47 1.47 4.47 4.91 4.91 4.94 4.49 4.49 1.48 1.48 1.48 1.48 1.48 1.48 1.48 1.48 1.48 1.48 1.48 1.48 1.48 1.44 1.44 4.81 1.44 1.44 1.44 1.44 1.44 1.44 2.12 4.38 4.38 4.38 4.38 4.38 1.44 1.46 1.46 1.46 1.46 1.46 1.46 1.46 1.46 1.46 1.46 1.46 0.00 0.00 0.00 0.00 0.00 0.00 0.00 0.00 0.00 1.02 5.81 4.50 4.93 4.50 4.93 4.93 4.93
0.00 0.00 0.00 0.00 0.00 0.00 0.00 0.00 0.00 0.00 0.00 0.00 0.00 5.79 5.79 4.47 4.47 4.47 4.47 1.47 5.79 1.47 4.47 4.91 4.94 4.69 4.69 1.48 1.48 1.48 1.48 1.48 1.48 1.48 1.48 1.48 1.48 1.48 1.48 1.48 1.44 1.44 1.44 1.44 1.44 1.44 1.44 1.44 1.44 2.12 1.44 4.38 4.38 4.38 4.38 4.38 1.46 1.46 1.46 1.46 1.46 1.46 1.46 0.00 0.00 0.00 0.00 0.00 0.00 0.00 0.00 0.00 0.00 0.00 0.00 0.00 1.48 4.93 4.50 4.50 4.50 4.50 4.93 4.93
0.00 0.00 0.00 0.00 0.00 0.00 0.00 0.00 0.00 0.00 0.00 0.00 0.00 0.00 5.79 5.79 4.47 4.47 4.47 5.79 5.79 4.47 4.47 4.47 4.49 4.69 1.48 1.48 1.48 1.48 1.48 1.48 1.48 1.48 1.48 1.48 1.48 1.48 1.48 1.48 1.44 1.44 1.44 1.44 1.44 1.44 1.44 1.44 1.44 1.44 1.44 1.44 5.68 4.38 4.38 4.38 1.46 1.46 1.46 1.46 1.46 1.46 0.00 0.00 0.00 0.00 0.00 0.00 0.00 0.00 0.00 0.00 0.00 0.00 0.00 0.00 5.80 5.80 5.84 5.84 5.81 4.50 4.50 4.93
0.00 0.00 0.00 0.00 0.00 0.00 0.00 0.00 0.00 0.00 0.00 0.00 0.00 0.00 0.00 5.79 5.79 5.79 1.47 4.66 5.79 5.79 4.47 1.47 1.48 1.48 1.48 1.48 1.48 1.48 1.48 1.48 1.48 1.48 1.48 1.48 1.48 1.48 1.48 1.48 1.44 1.44 1.44 1.44 1.44 1.44 1.44 1.44 1.44 1.44 1.44 1.44 1.44 4.38 4.38 4.38 1.46 1.46 1.46 1.46 1.46 0.00 0.00 0.00 0.00 0.00 0.00 0.00 0.00 0.00 0.00 0.00 0.00 0.00 0.00 0.00 0.00 5.80 5.80 5.80 5.81 4.50 4.50 4.50
0.00 0.00 0.00 0.00 0.00 0.00 0.00 0.00 0.00 0.00 0.00 0.00 0.00 0.00 0.00 0.00 0.00 5.79 5.79 5.79 5.79 5.79 1.47 1.47 1.48 1.48 1.48 1.48 1.48 1.48 1.48 1.48 1.48 1.48 0.00 0.00 0.00 0.00 0.00 0.00 0.00 0.00 0.00 0.00 0.00 0.00 1.44 1.44 1.44 1.44 1.44 1.44 4.38 4.38 4.38 4.38 1.46 1.46 1.46 1.46 1.46 0.00 0.00 0.00 0.00 0.00 0.00 0.00 0.00 0.00 0.00 0.00 0.00 0.00 0.00 0.00 0.00 0.00 0.00 0.00 0.00 4.50 4.50 4.50
0.00 0.00 0.00 0.00 0.00 0.00 0.00 0.00 0.00 0.00 0.00 0.00 0.00 0.00 0.00 0.00 0.00 0.00 0.00 0.00 0.00 0.00 5.79 1.47 1.48 1.48 1.48 1.48 1.48 1.48 1.48 1.48 1.48 0.00 0.00 0.00 0.00 0.00 0.00 0.00 0.00 0.00 0.00 0.00 0.00 0.00 0.00 0.00 0.00 1.44 1.44 1.44 4.38 4.38 4.38 4.38 4.44 1.46 1.46 1.46 1.46 0.00 0.00 0.00 0.00 0.00 0.00 0.00 0.00 0.00 0.00 0.00 0.00 0.00 0.00 0.00 0.00 0.00 0.00 0.00 0.00 1.48 4.50 4.50
0.00 0.00 0.00 0.00 0.00 0.00 0.00 0.00 0.00 0.00 0.00 0.00 0.00 0.00 0.00 0.00 0.00 0.00 0.00 0.00 0.00 0.00 0.00 5.79 1.48 1.48 1.48 1.48 1.48 1.48 1.48 1.48 0.00 0.00 0.00 0.00 0.00 0.00 0.00 0.00 0.00 0.00 0.00 0.00 0.00 0.00 0.00 0.00 0.00 0.00 1.44 1.44 1.44 1.44 4.38 4.38 4.44 1.46 1.46 1.46 4.44 1.68 0.00 0.00 0.00 0.00 0.00 0.00 0.00 0.00 0.00 0.00 0.00 0.00 0.00 0.00 0.00 0.00 0.00 0.00 0.00 4.50 1.48 4.50
0.00 0.00 0.00 0.00 0.00 0.00 0.00 0.00 0.00 0.00 0.00 0.00 0.00 0.00 0.00 0.00 0.00 0.00 0.00 0.00 0.00 0.00 0.00 0.00 0.00 0.00 0.00 0.89 0.89 0.89 0.89 0.00 0.00 0.00 0.00 0.00 0.00 0.00 0.00 0.00 0.00 0.00 0.00 0.00 0.00 0.00 0.00 0.00 0.00 0.00 0.89 0.89 0.89 0.89 2.69 2.69 2.66 2.66 2.66 0.88 0.88 2.66 0.00 0.00 0.00 0.00 0.00 0.00 0.00 0.00 0.00 0.00 0.00 0.00 0.00 0.00 0.00 0.00 0.00 0.00 0.00 0.00 3.41 0.87
0.00 0.00 0.00 0.00 0.00 0.00 0.00 0.00 0.00 0.00 0.00 0.00 0.00 0.00 0.00 0.00 0.00 0.00 0.00 0.00 0.00 0.00 0.00 0.00 0.00 0.00 0.00 0.00 0.89 0.89 0.00 0.00 0.00 0.00 0.00 0.00 0.00 0.00 0.00 0.00 0.00 0.00 0.00 0.00 0.00 0.00 0.00 0.00 0.00 0.00 0.89 0.89 0.89 0.89 2.69 2.69 2.66 2.66 2.66 2.66 0.88 0.88 0.88 0.88 0.00 0.00 0.00 0.00 0.00 0.00 0.00 0.00 0.00 0.00 0.00 0.00 0.00 0.00 0.00 0.00 0.00 0.00 0.00 0.87
0.00 0.00 0.00 0.00 0.00 0.00 0.00 0.00 0.00 0.00 0.00 0.00 0.00 0.00 0.00 0.00 0.00 0.00 0.00 0.00 0.00 0.00 0.00 0.00 0.00 0.00 0.00 0.00 0.89 0.89 0.00 0.00 0.00 0.00 0.00 0.00 0.00 0.00 0.00 0.00 0.00 0.00 0.00 0.00 0.00 0.00 0.00 0.00 0.00 0.00 0.89 0.89 0.89 0.89 2.69 2.69 2.66 2.66 2.66 2.66 0.88 0.88 2.66 2.66 0.00 0.00 0.00 0.00 0.00 0.00 0.00 0.00 0.00 0.00 0.00 0.00 0.00 0.00 0.00 0.00 0.00 0.00 0.00 0.00
0.00 0.00 0.00 0.00 0.00 0.00 0.00 0.00 0.00 0.00 0.00 0.00 0.00 0.00 0.00 0.00 0.00 0.00 0.00 0.00 0.00 0.00 0.00 0.00 0.00 0.00 0.00 0.00 3.52 1.39 0.00 0.00 0.00 0.00 0.00 0.00 0.00 0.00 0.00 0.00 0.00 0.00 0.00 0.00 0.00 0.00 0.00 0.00 0.00 0.00 0.89 0.89 0.89 0.89 2.69 2.69 2.66 2.66 2.66 2.66 2.66 2.66 2.66 2.66 0.00 0.00 0.00 0.00 0.00 0.00 0.00 0.00 0.00 0.00 0.00 0.00 0.00 0.00 0.00 0.00 0.00 0.00 0.00 0.00
