New_Model_Runs/14_Future_RCP8.5_Scn1_out/post_prcessed_with_MFR/Monthly_summaries/actual_et_monthly_SEP.asc
NCOLS 700
NROWS 400
XLLCENTER 515000.000000
YLLCENTER 8409000.000000
CELLSIZE 50.000000
NODATA_value -999.000000
[rows 266 to 303 of 400, columns 168 to 251 of 700]
3.32 3.32 3.32 4.31 3.32 3.32 1.10 1.10 1.13 1.13 1.13 1.13 1.13 1.13 1.13 1.13 1.13 1.13 1.13 1.13 1.13 1.13 1.13 1.13 1.02 1.02 1.02 1.02 1.02 3.41 3.41 3.10 3.10 3.10 1.02 1.02 1.02 1.02 1.02 1.02 1.09 1.09 1.09 3.64 1.09 1.09 3.31 3.31 3.31 3.64 3.03 3.03 3.03 3.03 3.42 3.42 3.22 3.22 3.22 3.22 3.22 3.22 3.07 3.07 3.22 3.89 3.89 3.78 3.07 3.22 3.22 3.22 3.92 4.04 3.92 4.04 4.04 2.40 3.69 3.07 3.07 3.07 3.09 2.95
3.65 3.65 3.65 4.31 3.65 3.65 1.10 1.10 1.13 1.13 1.13 1.13 1.13 1.13 1.13 1.13 1.13 1.13 1.13 1.13 1.13 1.13 1.13 1.13 1.02 1.02 1.02 1.02 1.02 3.41 3.41 3.10 3.41 3.41 1.02 1.02 1.02 1.02 1.02 1.02 1.09 1.09 1.09 3.64 3.64 1.09 3.31 3.31 3.31 3.64 3.03 3.03 3.03 3.03 3.03 3.42 3.22 3.22 3.89 3.22 3.22 3.22 3.22 3.07 3.07 3.22 3.89 3.89 3.07 3.22 3.22 3.22 4.04 4.04 3.92 4.04 2.40 3.51 3.51 3.51 3.51 3.51 3.07 3.07
3.32 3.32 4.31 4.31 3.65 3.65 3.65 1.10 1.13 1.13 1.13 1.13 1.13 1.13 1.13 1.13 1.13 1.13 1.13 1.13 1.13 1.13 1.13 1.13 1.02 1.02 1.02 1.02 1.02 3.10 3.41 3.41 3.41 3.41 1.02 1.02 1.02 1.02 1.02 1.02 1.09 3.64 3.64 1.09 3.64 3.64 3.31 3.64 3.64 3.64 3.03 3.03 3.03 3.03 3.03 3.03 3.22 3.22 3.07 3.22 3.22 3.22 3.22 3.89 3.78 3.89 3.89 3.89 3.78 3.22 3.22 3.22 4.04 4.04 4.04 2.40 3.92 3.07 3.69 3.07 2.95 3.51 3.51 3.07
4.31 4.31 4.31 4.31 3.65 3.65 1.10 1.10 1.13 1.13 1.13 3.43 3.43 3.43 1.13 1.13 1.13 1.13 1.13 1.13 1.13 1.13 1.13 1.13 1.02 1.02 1.02 4.03 1.02 3.10 3.10 3.41 3.41 1.02 1.02 1.02 1.02 1.02 1.02 1.02 3.31 3.64 3.64 3.64 3.64 3.64 3.64 3.64 3.64 3.64 3.03 3.03 1.09 1.09 1.09 2.91 3.07 3.22 3.78 3.78 3.22 3.22 3.22 3.22 3.07 3.78 3.78 3.78 3.89 3.22 3.78 3.22 3.35 3.92 4.04 4.04 3.20 2.95 3.51 3.69 2.95 3.07 3.51 3.51
4.31 3.32 4.31 3.65 3.65 3.65 1.10 1.10 1.13 3.43 4.44 3.43 3.43 3.43 1.13 1.13 1.13 1.13 1.13 1.13 1.13 1.13 1.13 1.13 1.02 1.02 1.02 1.02 1.02 3.10 3.41 3.41 3.41 1.02 1.02 1.02 1.02 1.02 1.02 1.02 3.64 3.64 3.31 3.64 3.64 3.64 3.64 4.29 4.29 2.91 2.91 2.91 1.09 2.91 2.91 2.91 3.07 3.22 3.22 2.97 2.97 2.97 3.22 3.22 3.78 3.07 3.78 3.89 3.22 3.22 3.78 3.22 4.04 4.04 4.04 3.92 2.95 2.95 3.07 3.07 2.95 2.95 3.07 2.98
3.65 4.31 3.50 3.32 3.65 3.32 1.10 1.10 1.13 3.43 3.43 3.43 3.43 3.43 1.13 1.13 3.43 1.13 1.13 1.13 1.66 1.13 1.13 1.13 1.02 1.02 1.02 1.02 3.41 3.41 3.41 3.41 3.41 3.41 1.02 1.02 1.02 1.02 1.02 1.02 3.64 3.64 3.64 3.64 3.64 3.64 3.64 4.29 4.29 2.91 2.91 1.09 1.09 1.09 3.03 3.03 3.22 3.22 3.57 2.97 2.97 2.85 2.97 3.78 3.89 3.89 3.78 3.89 3.89 3.78 3.78 2.38 3.35 4.04 3.92 3.20 2.95 2.95 2.95 3.69 2.95 2.95 2.98 2.98
3.65 4.31 4.31 3.32 3.32 1.10 1.10 1.10 1.13 3.43 3.43 3.43 3.43 1.13 1.13 3.43 3.43 3.43 3.77 3.77 3.77 4.44 1.66 1.13 1.02 1.02 3.31 3.39 3.39 3.39 3.39 3.39 3.39 3.39 3.10 3.10 1.02 3.10 1.02 1.02 1.09 1.09 3.50 3.50 3.50 3.50 3.50 4.02 4.02 1.09 1.09 1.09 1.09 1.09 1.09 3.03 3.22 2.97 2.28 2.28 3.57 3.40 2.97 3.78 3.89 2.38 2.38 3.89 3.07 3.78 3.78 3.89 3.92 4.04 4.04 3.20 3.51 2.95 2.95 3.51 3.51 2.95 2.98 2.98
3.65 4.31 3.65 3.32 1.10 1.10 1.10 1.10 3.43 3.43 3.43 3.43 3.43 1.13 1.13 1.13 3.43 3.77 3.77 3.77 3.71 3.58 3.58 1.66 1.02 1.02 3.39 3.39 3.39 3.39 3.39 3.39 3.39 3.39 3.39 3.31 3.31 3.10 1.02 1.02 1.09 1.09 3.50 3.50 3.50 3.50 3.50 4.02 3.28 3.28 1.09 2.91 2.91 3.03 3.03 2.91 2.97 3.40 3.57 3.57 3.57 3.40 3.40 3.40 3.57 2.38 3.89 3.89 3.22 3.78 3.78 2.38 2.40 3.92 3.92 3.51 3.51 2.95 2.95 3.51 3.69 3.69 2.98 2.98
4.50 4.50 4.50 1.14 1.14 3.47 3.47 3.47 3.38 3.38 3.38 3.38 3.38 3.38 1.12 1.12 3.38 3.38 3.72 3.72 3.65 1.12 1.12 1.12 1.09 1.09 1.09 3.58 3.58 3.58 3.58 3.58 3.58 3.58 3.58 3.47 3.47 3.47 1.09 1.60 1.62 3.48 3.48 3.48 3.48 3.48 3.48 4.14 3.97 3.48 3.48 3.48 2.91 3.04 3.04 3.04 1.04 3.52 2.90 3.63 3.46 3.46 3.46 3.02 3.46 3.63 3.63 3.63 3.97 2.38 2.38 2.38 2.37 4.05 3.52 3.52 3.52 3.70 2.95 3.70 3.52 3.70 2.95 2.95
3.47 4.50 4.50 1.14 1.14 3.47 3.81 3.47 3.38 3.38 3.72 3.38 3.38 3.38 1.12 1.12 1.12 1.12 3.72 3.72 3.65 1.12 1.12 1.12 1.09 1.09 1.09 1.09 3.58 3.58 3.58 3.58 3.58 3.58 4.26 1.09 1.09 3.47 1.09 1.09 1.10 1.10 3.48 3.48 3.48 3.48 3.48 3.48 3.48 3.48 3.48 3.48 3.48 2.91 3.04 2.91 1.04 2.80 2.90 3.02 3.63 3.46 3.02 3.02 3.63 3.46 3.63 3.63 3.63 3.63 2.28 2.28 3.70 3.07 2.95 2.95 3.07 3.07 3.07 3.07 3.07 2.95 2.95 3.52
4.50 4.50 4.50 1.14 1.14 3.47 1.68 3.47 3.38 3.38 3.38 3.38 3.38 3.38 1.12 1.12 1.12 1.12 3.72 3.65 1.12 1.12 1.12 1.12 1.09 1.09 1.09 3.30 3.58 3.58 3.58 3.58 3.58 3.58 3.58 4.16 3.27 1.09 1.09 1.09 3.48 3.30 3.48 3.48 3.48 3.48 1.10 3.30 3.97 4.14 3.48 3.48 3.48 3.30 3.48 3.04 2.80 1.04 3.63 3.63 3.02 3.02 3.02 3.63 3.63 3.46 3.63 3.63 3.63 2.28 3.63 3.63 3.70 3.52 2.95 3.07 3.07 3.70 3.07 3.07 3.07 2.95 2.95 3.52
4.50 3.81 3.81 3.47 1.14 3.47 3.81 3.47 3.38 3.72 3.38 3.38 3.38 1.12 1.12 1.12 1.12 1.12 1.12 3.53 1.12 1.12 1.12 1.12 1.09 1.09 1.09 3.30 3.58 3.58 3.58 3.58 3.58 3.58 4.26 4.26 3.47 1.09 3.47 3.47 3.30 3.30 3.48 3.48 3.30 3.30 1.10 1.10 3.48 3.97 3.48 3.48 3.48 3.48 3.48 3.30 2.80 2.80 3.63 3.63 3.63 3.02 3.02 3.63 2.28 3.63 3.46 3.63 3.63 3.02 3.02 3.46 3.07 3.70 2.95 3.07 3.07 3.07 3.70 3.52 3.52 2.95 2.95 3.07
4.50 3.81 4.50 1.14 1.14 3.81 3.81 3.81 3.72 3.72 1.12 1.12 1.12 1.12 1.12 1.12 1.12 1.12 1.12 1.12 1.12 1.12 1.12 1.12 1.09 1.09 1.09 3.30 3.30 3.58 3.30 3.30 3.30 3.30 4.26 4.26 3.47 1.09 1.09 3.47 3.48 3.48 3.48 1.10 1.10 1.10 1.10 1.10 3.30 3.97 3.48 3.48 3.48 3.48 3.48 3.48 3.14 3.52 3.63 3.63 3.63 3.63 3.63 3.63 3.63 2.28 2.28 2.28 3.46 3.46 3.46 3.02 3.70 3.70 3.70 3.52 3.07 2.95 2.95 3.07 3.07 2.95 2.95 3.07
4.50 4.50 3.81 3.81 1.14 3.81 3.81 1.68 3.72 3.72 1.12 1.12 1.12 1.12 1.12 1.12 1.12 1.12 1.12 1.12 1.12 1.12 1.12 1.12 1.09 1.09 1.09 3.30 3.30 3.58 3.30 3.44 1.09 3.30 4.26 3.27 1.09 1.60 3.27 3.47 3.48 3.48 3.30 1.10 1.10 1.10 1.10 1.10 3.30 3.48 3.48 3.48 3.48 3.48 3.48 3.48 3.32 3.37 2.90 3.46 3.02 3.63 3.63 3.63 3.63 2.28 2.28 2.28 3.46 3.46 2.90 3.02 3.52 3.52 3.52 3.52 3.07 3.07 3.07 2.95 2.95 2.95 2.95 3.70
4.50 4.50 3.81 3.81 1.14 3.47 3.47 3.81 3.38 1.12 1.12 1.12 3.72 1.64 1.12 1.12 3.72 3.38 3.72 3.62 4.35 1.12 1.12 1.12 1.09 1.09 1.09 3.30 3.30 3.30 4.26 4.26 3.30 4.16 4.26 3.27 1.60 3.27 3.47 3.47 3.48 3.30 3.30 3.30 1.10 1.10 3.30 3.30 3.48 3.48 3.48 3.48 3.48 4.14 3.48 3.48 3.37 3.37 3.37 2.90 3.02 3.02 3.63 2.28 3.63 2.28 3.63 3.02 3.02 2.90 2.90 3.02 3.07 3.07 3.07 3.07 3.07 3.07 3.07 3.07 2.95 2.95 2.95 2.95
4.50 4.50 4.50 4.50 1.14 1.14 1.14 1.14 3.53 1.12 1.12 1.12 3.72 4.39 4.39 1.12 3.72 1.12 1.12 3.62 3.65 3.38 3.38 1.12 1.09 3.30 3.30 3.30 3.58 4.16 3.58 4.26 3.58 4.16 3.30 3.27 3.27 3.27 3.47 3.47 3.30 3.30 3.48 3.30 3.30 3.30 3.48 3.30 3.97 3.48 3.48 3.48 3.48 4.14 3.97 3.54 3.37 3.37 3.37 3.37 3.67 3.82 3.82 3.63 3.63 3.46 3.46 3.46 3.02 2.90 2.90 3.02 3.07 3.07 2.95 2.95 2.95 3.07 3.07 3.07 3.07 3.07 2.95 2.95
4.50 4.50 4.50 4.50 3.81 1.14 1.14 1.14 3.53 1.12 1.12 3.53 3.72 3.72 4.39 4.39 4.39 3.38 4.24 4.35 3.65 3.38 3.38 3.38 3.58 4.26 3.30 3.58 3.58 3.58 4.26 4.26 4.16 4.26 3.96 3.27 3.27 3.27 3.27 3.27 3.30 3.30 3.48 3.30 3.30 3.48 3.48 3.97 3.30 3.48 3.48 3.48 3.30 4.14 3.97 4.06 3.37 3.37 3.37 3.37 3.43 3.82 2.34 2.34 3.02 3.46 3.02 3.02 3.02 2.90 3.02 3.02 3.07 3.07 2.95 2.95 3.07 3.07 3.52 3.07 3.07 2.95 3.07 3.07
3.47 4.50 4.50 3.58 4.50 1.14 1.14 1.14 1.12 1.12 1.12 1.12 1.12 1.12 4.39 3.52 4.39 3.72 4.35 3.04 4.24 4.35 4.35 4.36 2.99 4.26 3.58 3.58 4.26 4.26 2.99 4.26 4.26 2.99 1.60 3.27 3.27 3.27 3.27 3.27 3.30 3.30 3.30 3.30 3.30 3.30 3.48 3.48 3.48 3.48 4.14 3.97 3.30 4.14 1.62 1.10 4.02 4.02 3.37 3.37 3.43 4.09 3.82 3.82 2.90 3.46 3.02 3.02 3.02 2.90 2.90 3.02 3.07 3.07 2.95 2.95 3.07 3.07 3.52 3.07 3.07 2.95 3.07 2.95
3.47 4.50 4.50 4.50 3.81 3.47 1.14 4.50 4.39 1.12 1.12 3.38 1.12 4.39 3.52 3.52 4.39 4.39 4.35 4.35 3.04 4.36 4.36 4.36 4.26 4.26 4.26 2.99 2.99 4.26 2.99 4.26 4.26 2.99 1.60 1.60 3.47 3.27 3.27 3.27 1.10 3.48 3.48 3.48 3.48 3.48 3.30 3.97 3.48 3.48 3.48 3.97 3.30 3.30 4.14 3.48 3.32 4.02 3.16 3.16 3.43 4.09 4.09 3.17 3.63 3.02 3.02 3.02 3.02 2.90 2.90 3.02 3.07 3.07 3.07 3.07 3.07 3.07 3.07 3.07 2.95 2.95 3.07 2.95
4.50 4.50 3.81 3.47 4.50 3.81 4.50 4.50 4.39 4.39 4.39 3.38 4.39 4.39 4.39 3.52 4.39 4.39 4.36 4.36 4.36 4.25 4.25 4.36 3.58 3.58 2.99 2.99 4.17 2.99 2.99 2.99 4.26 2.99 3.27 3.27 1.60 1.09 1.09 1.09 3.30 3.48 3.48 3.48 3.48 3.48 3.30 3.97 3.48 3.48 3.48 3.48 3.48 4.14 3.97 3.48 3.32 3.80 4.02 3.16 3.43 4.09 4.09 3.43 3.02 3.63 3.46 3.63 3.63 3.02 3.02 3.02 3.07 3.07 3.07 3.07 3.07 3.07 3.07 2.95 2.95 3.07 3.07 3.70
4.50 4.50 3.47 3.47 3.47 3.47 4.50 4.50 1.64 4.39 4.39 4.39 4.39 3.52 4.39 4.39 3.52 3.04 3.38 3.66 3.66 4.25 4.25 4.36 4.26 4.17 2.99 4.17 4.17 4.26 2.99 4.26 2.99 4.26 2.99 4.26 3.58 3.58 3.58 3.43 1.10 3.48 3.48 3.48 3.30 3.30 3.30 3.30 3.30 3.30 3.30 3.30 3.30 3.30 3.30 3.30 3.14 3.32 3.32 4.02 4.02 4.09 4.09 3.43 3.43 3.63 3.63 3.63 3.46 3.63 3.02 3.02 3.07 3.07 3.07 3.07 3.07 3.07 2.95 3.11 3.74 3.23 3.23 3.23
4.50 4.50 4.50 4.50 3.47 4.50 4.50 4.50 4.39 3.52 4.39 4.39 4.39 3.52 4.39 4.39 4.39 4.25 3.38 3.38 3.38 3.66 4.25 3.38 3.58 3.58 4.26 4.17 4.17 2.99 2.99 4.17 4.26 4.26 4.26 4.26 3.58 3.58 3.58 3.58 1.10 1.10 3.48 3.48 3.30 3.30 4.14 3.97 4.14 3.30 3.30 3.30 3.30 3.48 3.30 3.30 3.14 3.80 3.32 3.14 3.80 4.09 4.09 3.43 4.09 3.88 3.02 3.02 3.02 3.02 3.02 3.02 3.70 3.70 3.07 3.07 3.07 3.07 3.11 3.23 3.23 3.74 3.74 3.23
3.58 3.58 4.50 4.50 4.50 4.50 3.58 4.50 4.39 4.39 3.72 3.72 4.39 3.72 3.72 3.72 4.39 4.25 3.38 3.38 3.38 4.25 4.25 3.66 3.58 3.58 3.58 4.26 3.58 4.26 4.26 4.17 3.58 3.58 2.99 4.26 4.17 3.58 3.58 3.58 3.61 3.61 1.10 3.30 1.10 4.14 3.30 3.97 3.30 3.30 1.10 1.10 3.48 3.30 3.30 3.30 3.14 3.80 3.96 3.96 3.96 2.87 4.09 4.09 4.01 3.43 3.37 3.02 3.46 3.02 3.02 3.02 3.07 3.07 3.07 3.23 3.74 3.74 3.11 3.74 3.74 3.74 3.74 3.74
4.50 4.50 4.50 4.50 4.50 4.50 4.50 3.58 3.52 4.39 3.72 3.72 3.52 4.39 3.72 3.72 3.38 1.12 3.38 4.25 4.36 4.36 3.66 3.66 3.58 3.58 3.58 3.58 3.58 4.17 4.17 3.58 3.30 3.30 4.26 4.26 3.58 3.58 3.58 3.58 3.61 3.61 1.10 1.10 1.10 3.46 3.30 3.97 3.48 3.30 3.30 1.10 1.10 1.10 1.10 1.10 3.14 3.96 3.32 3.32 4.09 4.09 3.43 4.09 4.01 4.01 4.01 3.43 3.02 3.02 3.02 3.02 3.23 3.23 3.23 3.23 3.74 3.74 3.74 3.74 3.74 3.74 3.74 3.52
4.47 4.47 3.44 3.44 4.47 4.47 3.53 4.47 3.47 3.47 4.35 4.35 4.35 4.35 3.69 3.35 3.69 3.61 3.35 3.35 3.35 3.61 3.61 3.61 3.58 3.58 3.58 3.58 3.58 3.58 3.33 4.27 4.27 3.33 3.58 4.27 4.27 3.33 3.58 3.58 3.56 3.56 3.25 1.09 3.25 3.25 3.25 3.25 3.25 3.25 3.25 3.25 1.09 1.09 3.40 3.40 3.10 3.10 3.90 2.78 4.04 3.39 3.39 4.04 4.04 3.95 3.95 3.95 3.13 2.99 2.99 2.99 3.07 3.07 3.07 3.07 3.07 3.69 3.19 3.69 3.69 3.69 3.48 3.48
4.47 4.47 4.47 4.47 4.47 4.47 4.47 4.47 4.35 3.47 4.35 4.35 4.35 4.35 3.69 3.69 3.61 3.61 3.35 3.35 3.35 3.35 3.61 3.61 3.58 3.58 3.58 3.58 3.58 3.58 3.33 3.33 4.27 4.27 4.16 3.58 3.58 2.98 3.58 3.58 3.56 3.56 3.41 1.09 3.25 3.25 3.25 1.09 1.09 1.09 3.25 3.25 1.09 1.09 1.09 3.40 3.10 3.10 3.73 2.78 2.83 3.95 3.39 3.39 3.39 3.39 3.39 3.95 4.04 3.31 2.99 2.99 3.19 3.07 3.07 3.69 3.07 3.07 3.84 3.69 3.69 3.48 3.48 3.48
4.47 4.47 4.47 4.47 3.78 3.44 3.44 4.47 3.69 4.35 3.35 3.35 4.35 3.47 4.35 4.35 3.61 3.61 3.35 3.35 3.35 3.35 3.35 3.61 3.58 3.58 3.58 3.33 3.58 3.58 3.58 3.58 3.33 4.27 3.58 3.58 3.58 3.58 3.58 3.33 3.56 3.56 3.31 1.09 3.25 3.25 3.25 1.09 1.09 1.09 1.09 1.09 1.09 1.09 1.09 1.09 1.03 3.10 3.10 2.78 4.04 3.39 4.04 3.39 3.39 3.39 3.39 3.39 3.13 1.03 3.31 2.99 3.19 3.19 3.07 3.07 3.07 3.07 3.84 3.48 3.48 3.48 3.48 3.48
4.47 4.47 4.47 4.47 4.47 4.47 3.44 4.47 3.69 4.35 3.69 3.35 3.35 3.69 4.35 4.35 4.30 3.61 3.35 3.35 3.35 3.35 3.61 3.61 3.58 3.58 3.58 3.33 3.58 3.58 3.58 4.16 4.27 4.27 3.58 3.58 3.33 3.33 3.33 4.16 3.56 3.31 3.31 1.60 1.09 3.41 1.09 1.09 1.09 1.09 1.09 1.09 1.09 3.25 3.41 1.09 1.03 1.51 3.73 3.89 4.04 3.13 3.13 4.04 3.39 3.39 3.39 3.13 3.13 3.13 3.13 3.39 3.07 3.19 3.07 3.07 3.07 3.84 3.65 3.65 3.48 3.48 3.48 3.48
3.53 4.47 4.47 4.47 4.47 4.47 3.78 3.78 3.35 4.35 3.69 3.69 3.69 3.69 4.35 3.69 3.00 3.00 4.30 4.30 4.19 4.19 3.61 3.61 3.58 4.27 4.16 3.33 3.58 3.58 4.16 4.27 4.27 4.16 3.58 3.58 3.58 3.58 3.58 4.27 3.31 3.31 3.31 4.13 4.13 1.09 1.09 1.09 1.09 1.09 1.09 3.25 3.25 3.25 3.25 3.25 1.03 1.03 3.89 3.73 2.83 3.39 3.39 2.83 4.04 3.95 3.95 3.95 3.13 3.39 3.39 3.39 3.44 3.44 3.07 3.19 3.69 3.48 3.65 3.65 3.65 2.21 2.21 3.48
3.53 4.47 4.47 4.47 3.44 3.78 3.78 3.78 3.35 4.35 4.35 4.35 3.69 3.69 3.69 3.69 3.61 4.30 3.00 3.00 4.19 4.30 3.00 4.30 3.58 4.16 4.27 3.58 3.58 4.27 4.16 4.27 4.27 3.58 4.27 3.33 3.58 4.27 4.16 4.27 3.56 3.56 3.56 3.31 4.13 4.13 4.13 3.89 3.89 1.09 1.09 3.25 3.41 3.41 3.25 3.41 1.03 1.03 1.03 1.03 4.04 3.39 3.39 4.04 4.04 4.04 3.39 3.39 3.95 4.04 3.39 3.39 3.44 3.44 3.20 3.69 3.69 3.69 3.84 3.65 3.48 3.65 3.65 3.48
3.53 4.47 4.47 4.47 4.47 3.44 3.44 3.44 3.35 3.35 3.35 4.35 4.35 3.69 3.69 3.61 3.61 4.19 4.30 4.30 3.00 4.30 4.30 4.19 4.16 4.16 3.33 3.58 3.33 3.58 3.58 4.27 4.27 4.27 3.58 3.58 3.58 3.58 4.16 4.16 4.24 4.24 4.24 3.31 4.13 3.31 4.13 4.13 3.89 1.09 1.09 1.09 3.41 3.41 3.41 3.41 1.03 1.03 1.03 1.03 4.04 4.04 3.39 3.39 3.39 3.39 4.04 3.95 4.04 3.13 3.13 3.39 3.44 3.20 3.20 3.20 3.69 3.69 3.69 3.69 3.65 3.65 3.03 3.48
3.53 4.47 4.47 4.47 4.47 3.44 3.44 3.44 3.35 3.35 3.35 3.35 4.35 3.35 4.35 4.19 3.61 4.30 3.35 3.35 4.30 4.30 4.30 4.30 4.27 4.16 4.16 4.27 3.33 4.27 4.16 3.58 4.27 4.27 3.58 3.58 4.16 3.58 3.58 4.16 3.56 3.56 3.56 3.56 3.56 3.31 4.13 4.13 4.13 1.09 1.09 1.09 1.09 3.41 3.41 3.41 1.03 1.03 3.10 3.13 4.04 2.83 3.39 3.39 3.13 3.13 3.39 3.39 3.95 3.39 4.04 3.95 3.44 3.20 3.20 3.20 3.20 3.19 3.84 3.84 3.84 3.65 3.65 3.03
4.47 4.47 4.47 4.47 4.47 3.44 3.44 3.44 3.35 3.35 4.35 4.35 4.35 3.35 3.35 4.30 4.19 3.61 3.35 3.35 3.61 4.30 3.61 4.30 4.27 4.27 4.27 3.33 4.27 4.27 4.27 4.27 4.27 4.27 4.27 4.16 4.16 4.16 3.58 3.58 3.56 3.56 3.56 3.56 3.56 3.31 3.31 3.31 1.09 1.09 1.09 1.09 1.09 1.09 3.25 1.09 1.03 3.10 3.10 3.13 4.04 3.95 3.39 3.39 4.04 3.13 3.95 3.39 3.39 3.39 3.39 3.95 3.44 3.20 4.00 4.00 4.11 2.86 2.27 3.84 3.07 3.03 3.65 3.03
3.44 3.44 4.47 3.53 3.44 3.44 4.47 3.44 3.35 3.35 3.35 4.35 4.35 3.69 3.35 4.19 4.19 4.30 4.30 3.61 3.61 3.61 3.61 3.61 4.27 4.16 4.27 4.27 4.27 2.98 4.27 2.98 2.98 2.98 3.58 3.58 4.16 4.16 4.27 3.58 3.56 3.56 3.56 3.56 3.56 3.56 3.31 3.56 3.56 3.56 3.25 1.09 1.09 1.09 3.25 1.09 3.73 3.10 3.39 3.13 3.39 3.95 3.13 3.39 3.95 3.95 3.95 3.39 3.13 3.39 3.39 3.39 3.44 4.11 4.11 4.00 4.00 4.11 2.86 3.19 3.84 3.65 3.47 3.65
3.78 3.78 3.78 3.53 4.47 3.78 3.78 4.47 4.35 3.69 3.69 4.35 3.69 3.69 4.35 4.30 4.19 4.19 4.19 3.61 4.30 3.61 3.35 3.61 3.58 4.27 4.27 2.98 4.27 4.27 4.16 4.27 4.27 2.98 4.27 3.58 4.27 4.27 3.58 3.58 3.56 3.56 3.56 3.56 3.56 3.56 3.56 3.56 3.56 3.56 3.31 3.56 1.09 1.09 1.09 1.09 3.26 3.39 3.13 3.13 4.04 3.13 3.13 3.39 3.95 3.39 3.39 4.04 4.04 3.39 3.39 3.13 4.11 4.00 4.00 4.11 4.11 4.11 2.86 2.86 2.27 3.69 3.47 3.47
3.78 3.78 3.44 4.47 4.47 4.47 4.47 3.78 3.69 3.69 3.69 4.35 3.69 3.69 3.61 3.61 4.30 4.30 4.30 4.19 3.61 3.61 3.61 4.19 3.58 3.58 4.16 4.27 4.27 4.27 4.27 4.27 4.16 4.27 4.27 4.27 2.98 3.58 3.33 3.33 3.56 4.24 4.24 3.56 3.56 3.56 4.13 4.13 3.56 3.31 3.56 3.56 3.56 3.56 3.25 1.09 3.39 3.39 3.39 3.13 4.04 3.39 3.13 3.39 3.95 3.39 3.39 3.39 4.04 4.04 4.04 3.95 2.86 2.86 4.11 4.00 4.11 4.00 4.11 2.86 4.11 3.84 3.47 3.47
3.44 3.44 3.78 3.78 4.47 3.53 4.47 3.78 3.35 3.69 4.35 4.35 3.47 3.69 3.61 4.30 4.30 4.30 4.30 3.61 3.61 3.61 3.61 3.61 3.58 3.58 4.16 4.27 4.16 4.27 3.58 4.16 3.58 4.27 3.58 3.33 4.27 4.27 2.98 4.27 3.56 4.13 4.13 4.13 3.56 3.56 4.13 4.13 4.13 4.13 4.13 3.56 3.56 3.56 3.25 3.56 3.39 3.39 3.39 3.39 4.04 3.39 3.39 3.39 3.13 3.39 3.39 3.39 4.04 3.39 3.39 4.04 4.11 2.86 4.11 4.11 4.11 3.85 4.01 2.86 2.86 4.01 3.65 3.65
3.44 4.47 4.47 4.47 4.47 3.53 4.47 4.47 3.35 3.69 4.35 4.35 4.35 3.69 3.61 3.61 4.30 4.30 4.30 3.61 3.35 3.61 4.19 3.61 3.33 4.27 4.27 3.33 4.27 3.33 3.33 3.58 3.58 3.33 3.58 3.58 3.33 4.16 4.16 2.98 4.24 4.13 3.56 3.56 3.56 3.31 3.31 3.56 3.56 3.56 3.56 3.31 3.31 3.56 1.09 3.56 3.39 3.39 3.39 3.95 3.95 3.39 3.95 3.39 3.39 3.39 3.39 3.39 3.39 3.13 3.95 3.39 4.00 4.11 4.11 4.11 4.11 3.85 4.01 3.36 4.01 4.01 4.01 3.65
