New_Model_Runs/14_Future_RCP8.5_Scn1_out/post_prcessed_with_MFR/Monthly_summaries/actual_et_monthly_DEC.asc
NCOLS 700
NROWS 400
XLLCENTER 515000.000000
YLLCENTER 8409000.000000
CELLSIZE 50.000000
NODATA_value -999.000000
[rows 304 to 341 of 400, columns 168 to 251 of 700]
5.57 5.42 5.57 5.42 5.42 5.42 5.57 5.42 5.38 4.64 4.64 5.52 4.64 4.64 4.82 4.82 4.82 4.82 5.67 5.73 5.67 4.50 4.50 4.82 4.80 4.80 4.80 5.66 5.66 4.48 4.48 4.80 4.80 4.80 4.80 4.80 4.80 5.71 5.66 5.66 5.65 4.48 4.48 5.71 5.71 5.65 5.65 5.65 5.71 5.71 5.71 5.71 5.71 4.48 5.71 5.71 5.40 5.46 5.46 5.46 5.46 4.58 4.58 4.58 4.58 4.58 4.58 4.58 4.58 5.40 5.46 5.40 5.55 5.55 5.55 5.50 3.73 5.44 5.36 4.57 4.57 4.57 5.36 4.28
5.57 5.42 5.42 5.57 5.42 5.42 5.57 5.42 5.38 4.64 4.64 5.52 5.52 4.82 4.82 4.82 4.82 5.67 5.67 5.73 4.50 4.50 4.82 4.82 4.80 5.66 5.71 5.71 5.66 4.48 4.48 4.48 4.48 1.48 4.80 4.80 4.80 5.66 5.71 4.48 4.48 4.48 4.48 4.80 5.71 5.71 5.71 5.71 3.83 5.71 5.71 5.71 5.71 4.48 5.71 5.71 5.40 5.46 5.46 5.46 5.40 5.46 4.58 4.58 4.58 4.58 4.58 4.26 4.58 5.40 5.46 4.58 4.66 5.55 4.66 4.66 3.73 5.44 4.57 4.28 5.44 5.36 4.28 5.36
5.49 5.49 5.34 5.49 5.49 4.63 3.56 3.56 5.47 4.61 4.61 4.36 4.36 4.79 4.79 4.79 4.47 5.65 5.70 5.65 4.79 4.47 4.47 4.79 4.79 4.79 5.70 5.64 5.70 5.64 5.64 4.47 1.48 1.48 1.48 1.48 4.47 4.47 4.47 4.47 4.45 4.45 4.45 5.68 4.77 5.62 5.68 5.68 5.68 5.68 5.68 5.68 5.62 3.80 5.68 5.68 3.74 5.56 5.56 3.74 3.74 5.56 5.56 4.67 5.51 4.67 5.51 5.51 3.74 5.56 5.56 5.56 4.64 4.64 4.64 5.52 5.52 4.55 4.55 4.55 4.26 5.41 5.34 5.34
5.34 5.34 5.49 3.56 5.49 5.49 5.49 3.56 5.47 5.32 4.61 4.61 4.61 4.79 4.79 5.65 4.47 4.47 4.79 4.79 4.79 4.47 4.79 4.47 4.47 5.70 5.70 5.70 5.70 5.70 4.47 4.47 4.47 4.47 1.48 1.48 5.64 1.48 5.64 4.47 4.45 5.62 4.77 4.77 4.77 4.77 4.77 5.68 5.68 4.45 5.68 5.68 5.68 5.68 3.80 5.68 3.74 5.51 5.56 4.36 5.56 5.56 5.51 5.51 5.56 5.56 5.56 5.51 5.51 5.51 4.67 5.56 5.52 5.47 5.52 5.52 5.52 4.64 5.34 5.41 5.41 5.41 5.41 4.55
4.38 5.49 5.49 5.49 5.49 4.38 5.34 3.56 3.55 5.47 5.32 5.32 4.61 5.65 5.65 4.47 4.79 4.47 4.47 4.79 4.79 4.79 4.79 4.79 4.79 5.70 4.79 4.47 4.47 4.47 4.47 4.47 4.79 4.79 4.79 5.70 4.47 1.48 5.64 5.64 5.62 5.62 5.62 4.45 4.45 4.77 4.77 4.77 5.68 4.77 5.68 5.68 3.80 3.80 5.68 5.68 5.56 4.67 4.67 4.67 5.51 4.67 4.67 4.67 5.56 4.67 4.67 4.36 4.67 4.67 4.67 4.58 5.47 4.64 4.64 5.52 5.52 5.52 5.41 5.41 5.34 5.41 4.55 4.55
4.63 5.49 5.34 5.49 4.38 5.49 5.34 5.49 3.55 5.47 5.47 4.61 4.61 4.79 4.79 5.65 4.79 4.47 4.47 4.79 5.65 4.79 4.79 5.65 4.79 5.70 5.70 5.64 4.47 4.47 4.47 4.47 4.79 4.79 4.79 4.79 4.79 1.48 4.47 5.64 4.45 4.77 4.45 4.77 4.45 4.77 4.77 4.77 4.77 4.77 4.77 5.62 3.80 4.45 5.68 4.77 4.67 4.67 4.67 4.67 4.67 4.67 4.67 4.58 5.45 4.29 4.36 4.36 4.67 4.29 4.29 4.58 5.34 4.64 4.64 4.64 4.64 5.34 5.34 5.34 5.41 5.41 5.41 5.34
5.34 5.49 5.34 5.49 5.49 4.38 4.63 5.49 5.48 5.48 5.47 5.47 4.79 4.79 5.70 4.79 4.47 4.47 4.47 4.79 4.79 4.79 5.70 5.70 4.79 5.70 5.70 5.70 4.79 4.47 4.47 4.47 4.79 4.79 4.79 4.79 4.79 5.64 5.64 4.47 4.45 4.45 4.45 4.45 4.45 4.77 4.77 4.77 5.68 4.77 4.77 4.77 5.68 4.45 4.45 4.45 4.36 4.36 4.36 4.36 4.67 4.36 4.58 5.38 5.45 5.38 4.58 4.58 4.58 4.29 4.58 4.58 4.55 4.55 4.26 4.32 5.41 4.26 4.26 4.26 4.55 5.34 4.26 4.26
5.49 5.34 4.63 5.34 5.49 5.49 5.34 5.34 5.47 3.55 3.55 5.47 5.70 4.79 4.79 4.79 4.79 4.47 4.47 4.79 4.47 5.70 5.70 5.70 4.47 4.47 5.70 4.47 4.79 4.47 4.47 4.47 4.79 4.79 4.47 4.47 4.47 4.79 1.48 4.47 1.47 1.47 4.45 4.45 4.77 4.77 4.77 4.77 4.77 4.77 4.77 4.77 4.45 4.45 4.45 4.45 4.36 4.36 4.36 4.78 5.66 4.29 4.29 4.58 4.58 4.58 4.58 4.58 4.29 4.29 4.58 4.29 4.26 4.26 4.26 4.26 4.55 4.26 4.26 4.26 4.55 4.26 4.55 4.26
4.63 5.49 4.63 5.49 3.56 5.49 5.34 5.34 5.32 5.47 3.55 5.47 5.70 5.70 4.47 4.79 4.47 4.79 4.79 4.79 4.47 5.70 5.70 5.70 4.79 4.47 4.79 4.47 4.47 4.79 4.47 4.47 4.79 4.47 1.48 1.48 1.48 1.48 4.47 4.47 4.45 2.16 1.47 4.45 4.77 4.77 4.77 4.77 4.77 4.77 4.77 4.77 4.45 4.45 1.47 4.45 4.36 4.36 4.36 4.78 4.78 4.36 5.66 5.66 4.29 4.29 4.29 4.29 4.29 4.29 4.29 4.29 4.26 4.26 4.26 4.26 4.26 4.26 4.55 4.55 5.34 5.34 4.55 4.55
4.63 4.63 5.49 5.49 5.49 5.49 5.49 5.49 5.47 5.47 5.47 5.47 5.65 4.79 4.79 4.79 4.79 4.79 4.79 4.47 4.47 5.65 4.47 4.79 5.64 5.70 4.79 4.79 4.79 4.79 4.79 4.79 4.79 4.47 1.48 1.48 1.48 1.48 4.47 4.79 4.77 4.77 4.77 4.77 4.77 4.77 4.77 4.77 4.77 4.77 4.77 4.77 4.77 4.45 4.45 4.45 4.78 4.36 4.36 4.36 4.36 4.36 5.66 5.66 5.66 5.66 1.44 1.44 4.29 4.29 4.29 4.29 4.26 4.55 4.55 4.26 4.26 4.26 4.55 4.55 5.34 5.41 4.55 4.55
5.49 5.49 5.34 5.49 4.63 4.38 4.38 4.38 4.36 5.47 4.36 4.36 5.70 5.70 4.79 4.79 4.79 5.65 5.65 4.79 4.79 5.70 5.65 4.79 4.79 4.47 4.79 4.79 4.79 4.79 4.79 4.79 4.79 4.47 4.47 4.79 4.79 4.79 4.79 4.47 4.45 4.45 4.77 4.77 4.77 4.77 4.77 4.77 4.77 4.77 4.77 4.77 4.77 4.77 4.45 4.45 4.36 4.36 1.44 5.66 5.66 5.66 5.66 5.66 5.66 5.66 1.44 5.66 4.36 1.44 4.29 4.29 4.26 4.55 4.55 4.55 4.26 4.26 4.26 4.26 4.55 4.55 4.26 4.55
5.34 5.49 5.49 4.38 4.63 4.63 4.63 4.38 5.47 5.47 4.36 4.47 5.70 5.70 4.79 4.47 4.47 5.70 5.65 5.70 5.70 5.70 5.70 4.79 5.64 4.79 4.79 4.79 4.79 4.79 4.79 4.79 4.79 4.79 4.79 4.79 4.79 4.79 4.79 4.79 4.77 4.77 4.77 4.77 4.77 4.77 4.77 4.77 4.77 5.68 4.77 4.77 4.77 4.77 4.45 1.47 4.36 4.36 1.44 1.44 1.44 1.44 1.44 1.44 1.44 1.44 4.55 5.66 5.66 4.36 4.36 4.36 5.61 4.33 4.75 5.34 5.34 4.26 4.26 4.26 4.55 4.26 4.26 4.55
5.49 5.49 4.38 5.49 5.49 4.63 4.63 5.34 5.47 5.47 5.47 5.65 5.70 5.70 5.65 4.47 5.65 4.79 5.70 5.65 3.82 5.70 4.79 5.65 5.64 4.79 4.79 4.79 4.79 4.79 4.79 4.79 4.79 4.79 4.47 4.79 4.79 4.79 4.79 4.79 4.77 4.77 4.77 4.77 4.77 4.77 4.77 4.77 5.68 5.68 5.68 4.77 4.77 4.45 4.45 1.47 4.67 4.36 4.36 1.44 1.44 1.44 1.44 1.44 1.44 1.44 1.44 1.44 1.44 5.66 5.66 5.66 4.33 4.33 4.75 4.33 5.41 5.41 4.55 4.55 4.55 4.55 4.55 4.55
5.49 4.38 5.34 5.34 5.49 4.38 4.63 5.34 5.47 5.47 5.47 5.70 5.70 5.70 4.79 5.70 5.70 5.70 5.65 5.70 5.70 4.79 4.47 4.47 5.64 4.79 4.79 4.79 4.79 4.79 4.79 4.79 4.79 4.47 4.47 4.47 4.79 4.79 4.79 4.47 4.45 4.45 4.77 4.77 4.77 4.77 4.77 4.77 5.68 5.62 5.68 4.77 4.45 4.45 1.47 1.47 4.78 4.78 2.11 1.44 1.44 1.44 1.44 1.44 1.44 1.44 1.44 1.44 1.44 1.44 4.55 5.66 5.61 5.61 4.33 4.33 5.41 5.41 4.55 4.55 4.55 4.55 5.41 4.55
4.38 5.49 5.34 5.49 4.38 4.63 5.49 5.34 4.61 5.47 5.32 3.82 5.65 5.65 5.70 5.65 5.70 4.79 4.47 5.70 4.79 4.79 4.79 4.79 4.79 4.79 4.79 4.79 4.79 4.79 4.79 4.79 4.79 4.79 1.48 1.48 1.48 1.48 4.47 4.47 4.45 4.45 4.45 4.77 4.77 4.77 4.66 4.45 4.77 4.77 5.68 4.45 4.45 4.77 4.77 4.46 4.36 1.44 1.44 1.44 1.44 1.44 1.44 1.44 1.44 1.44 1.44 1.44 1.44 1.44 1.44 1.44 5.61 4.33 1.43 4.75 4.55 4.55 4.55 4.55 4.55 4.55 4.55 4.26
5.49 5.49 3.56 5.34 5.49 5.49 5.49 5.49 4.61 4.61 4.61 4.79 5.65 5.65 5.70 5.65 5.65 4.47 3.82 5.70 5.70 5.70 4.79 4.79 4.79 4.79 4.47 4.47 4.47 4.79 4.79 4.79 4.79 1.48 1.48 4.79 1.48 1.48 4.47 4.47 4.45 4.45 4.45 1.47 1.47 1.47 4.66 4.66 4.77 4.77 5.68 4.45 4.77 4.77 4.89 4.46 1.44 1.44 1.44 1.44 1.44 1.44 4.78 4.78 1.44 1.44 1.44 1.44 1.44 1.44 1.44 2.11 1.43 4.33 1.43 4.33 4.26 4.55 4.26 4.55 4.55 4.55 4.55 4.26
5.49 5.49 5.34 5.49 5.34 5.49 5.34 4.38 4.61 4.61 4.79 4.79 5.65 4.47 5.65 5.65 4.47 5.70 3.59 5.70 5.65 5.70 4.79 4.79 4.79 4.47 4.47 4.47 4.79 4.79 4.79 4.79 4.79 4.47 4.79 4.79 4.79 4.47 4.79 4.79 4.77 4.77 4.77 1.47 2.16 4.66 5.68 5.68 5.68 5.68 5.62 5.62 4.45 4.45 4.46 1.47 1.44 1.44 1.44 1.44 1.44 1.44 4.78 4.67 1.44 1.44 1.44 1.44 1.44 1.44 1.44 1.44 1.43 1.43 4.33 4.26 4.26 4.55 4.26 4.55 4.55 4.55 4.55 4.26
5.49 3.56 5.49 4.63 4.63 4.63 4.63 4.63 4.61 4.61 5.65 4.79 5.65 4.47 5.65 5.65 5.65 5.70 5.70 5.70 4.47 4.47 4.47 4.79 4.47 4.47 4.47 4.79 4.79 4.79 4.47 4.47 4.47 4.47 4.79 4.79 4.79 4.79 4.47 4.79 4.77 4.77 4.77 5.62 5.62 5.62 5.62 5.62 5.68 5.68 1.47 1.47 1.47 1.47 1.47 1.47 2.11 1.44 1.44 1.44 1.44 2.11 4.67 4.67 4.67 1.44 1.44 1.44 1.44 1.44 1.44 1.44 1.43 4.33 4.55 4.55 4.55 4.55 4.55 4.26 4.55 4.55 4.26 4.55
3.81 3.84 3.84 3.22 3.84 3.81 2.65 3.84 5.33 4.49 4.68 4.68 4.36 3.74 5.57 5.52 5.57 4.36 5.52 5.52 4.36 4.68 4.68 4.68 4.69 4.38 4.69 4.69 4.69 4.69 4.69 4.69 4.38 4.69 4.69 4.69 4.69 4.38 4.38 4.69 4.28 4.28 4.28 4.28 5.42 5.42 5.42 4.47 4.47 5.48 5.48 4.47 5.42 1.41 1.41 1.41 1.43 1.43 1.43 1.43 1.43 1.43 1.43 4.65 4.65 4.33 1.43 1.43 1.43 1.43 1.43 1.43 1.45 4.41 4.33 4.33 4.63 4.63 4.63 5.50 4.33 4.33 4.33 4.33
3.84 3.84 3.22 3.22 2.65 3.84 3.84 2.96 4.49 4.49 4.68 4.68 4.68 5.57 5.57 5.57 5.52 4.36 5.57 1.44 5.52 4.68 4.68 4.68 4.69 4.69 4.69 4.38 4.69 4.38 4.69 4.38 4.38 4.69 4.69 4.69 4.38 4.38 4.38 4.38 4.28 4.60 4.60 4.60 4.60 4.60 4.47 4.47 4.47 4.47 5.48 5.42 5.42 1.41 1.41 1.41 1.43 1.43 1.43 1.43 1.43 4.75 4.65 4.65 4.65 4.65 1.43 4.33 4.33 4.75 1.43 1.43 1.45 4.33 4.33 4.33 4.63 4.63 5.50 4.33 4.33 4.33 1.45 1.45
3.84 2.65 2.96 3.22 3.22 3.22 3.22 3.22 5.33 5.16 4.68 4.68 4.68 5.52 5.52 5.57 5.52 5.57 5.57 5.52 5.57 4.68 4.68 4.68 4.69 4.38 4.69 4.69 4.38 4.38 4.38 1.45 1.45 1.45 4.69 4.69 4.38 4.38 4.69 4.69 4.60 4.60 4.60 4.60 4.60 4.60 4.60 4.60 4.60 4.28 4.60 5.48 5.42 1.41 1.41 1.41 1.43 1.43 1.43 1.43 1.43 1.43 4.33 4.33 4.65 4.65 4.65 4.65 4.75 4.75 1.43 1.43 1.45 4.33 4.33 4.63 4.63 4.63 5.43 4.63 4.63 4.33 4.33 4.33
3.81 3.84 3.84 2.96 2.96 3.22 3.22 3.81 5.33 5.52 4.68 4.68 4.68 5.57 5.57 5.57 5.52 5.52 5.52 5.52 5.52 5.52 4.68 4.68 4.69 4.69 4.69 4.69 4.69 4.69 4.38 1.45 1.45 4.69 4.69 4.38 4.69 4.69 4.69 4.69 4.60 4.60 1.41 4.60 1.41 1.41 4.60 4.60 4.60 4.60 4.60 5.48 4.28 5.42 5.42 1.41 1.43 1.43 1.43 1.43 1.43 1.43 1.43 1.43 4.65 4.65 4.65 4.65 4.75 4.75 4.75 1.43 1.45 1.45 4.33 4.63 4.63 4.33 4.33 4.63 4.63 4.33 4.33 4.33
0.00 3.81 3.84 3.81 3.81 3.81 3.81 3.84 5.33 5.57 4.68 4.68 5.57 5.57 5.57 4.68 5.57 4.68 5.57 5.57 5.52 5.52 4.68 4.68 4.69 4.69 4.69 4.69 4.69 4.38 4.38 1.45 1.45 1.45 1.45 4.38 4.38 4.69 4.69 4.69 4.28 4.28 1.41 1.41 1.41 1.41 1.41 4.60 4.60 4.60 4.28 4.28 4.28 4.28 1.41 1.41 1.43 1.43 1.43 1.43 1.43 1.43 1.43 1.43 1.43 4.65 4.65 4.65 4.75 4.33 1.43 1.43 1.45 4.41 4.63 4.63 4.33 4.63 4.33 4.33 5.50 4.63 5.43 4.33
0.00 0.00 3.81 3.84 3.84 3.84 3.84 3.81 5.33 5.57 5.57 5.57 5.57 5.57 5.57 4.68 5.57 5.52 5.52 4.68 4.68 4.68 4.68 4.68 4.69 4.69 4.69 4.69 4.69 4.38 4.38 1.45 1.45 1.45 1.45 4.69 4.69 4.38 4.38 4.38 1.41 1.41 1.41 1.41 1.41 1.41 1.41 4.60 4.60 4.60 5.42 5.42 4.60 4.60 4.28 1.41 1.43 1.43 1.43 1.43 1.43 1.43 1.43 1.43 1.43 4.33 0.00 4.33 4.33 1.43 1.43 1.43 1.45 4.41 4.84 1.45 4.33 4.33 4.33 4.63 5.50 4.63 4.63 4.63
0.00 0.00 0.00 0.00 0.00 0.00 0.00 0.00 5.33 5.52 5.52 5.57 4.68 4.68 4.68 4.68 4.36 4.36 5.52 4.68 4.36 4.68 4.68 4.68 4.69 4.69 4.69 4.69 4.38 4.38 4.38 1.45 1.45 1.45 1.45 4.69 4.38 4.38 4.38 1.45 4.70 1.41 1.41 1.41 1.41 1.41 1.41 1.41 4.28 4.28 4.60 5.42 4.28 4.28 4.28 1.41 1.43 1.43 1.43 1.43 1.43 1.43 1.43 1.43 1.43 0.00 0.00 0.00 4.33 1.43 0.00 0.00 0.00 1.45 4.41 4.84 4.84 4.63 1.45 4.63 4.63 5.50 4.63 4.63
0.00 0.00 0.00 0.00 0.00 0.00 0.00 0.00 0.00 0.00 5.52 5.52 5.57 5.57 4.68 4.68 4.36 4.36 4.68 5.52 4.36 5.57 4.68 4.68 4.69 4.69 4.69 4.38 4.38 1.45 1.45 1.45 1.45 1.45 1.45 1.45 1.45 1.45 1.45 1.45 4.60 4.60 1.41 1.41 1.41 1.41 1.41 1.41 1.41 4.28 4.28 4.28 4.28 4.28 4.28 1.41 1.43 1.43 1.43 1.43 1.43 1.43 1.43 1.43 1.43 0.00 0.00 0.00 0.00 0.00 0.00 0.00 0.00 0.00 0.00 1.45 4.84 1.45 4.63 4.63 4.63 5.50 4.63 4.63
0.00 0.00 0.00 0.00 0.00 0.00 0.00 0.00 0.00 0.00 5.52 5.52 5.52 4.36 4.68 4.68 4.68 4.68 4.36 4.36 4.36 4.36 4.68 4.68 4.69 4.69 4.38 4.38 1.45 1.45 1.45 1.45 1.45 1.45 1.45 1.45 1.45 1.45 1.45 1.45 1.41 1.41 4.60 1.41 1.41 1.41 1.41 1.41 1.41 2.07 4.28 4.28 4.28 4.28 4.28 1.41 1.43 1.43 1.43 1.43 1.43 1.43 1.43 1.43 1.43 1.43 1.43 0.00 0.00 0.00 0.00 0.00 0.00 0.00 0.00 0.00 0.00 4.33 4.33 4.63 4.63 4.63 4.63 4.63
0.00 0.00 0.00 0.00 0.00 0.00 0.00 0.00 0.00 0.00 0.00 0.00 5.66 5.66 4.36 4.36 4.68 4.68 4.36 4.36 1.44 4.36 4.68 4.68 4.69 4.38 4.38 1.45 1.45 1.45 1.45 1.45 1.45 1.45 1.45 1.45 1.45 1.45 1.45 1.45 1.41 1.41 4.70 1.41 1.41 1.41 1.41 1.41 1.41 2.07 4.28 4.28 4.28 4.28 4.28 1.41 1.43 1.43 1.43 1.43 1.43 1.43 1.43 1.43 1.43 1.43 1.43 0.00 0.00 0.00 0.00 0.00 0.00 0.00 0.00 0.00 0.00 5.43 4.33 4.63 4.33 4.63 4.63 4.63
0.00 0.00 0.00 0.00 0.00 0.00 0.00 0.00 0.00 0.00 0.00 0.00 0.00 5.66 5.66 4.37 4.36 4.36 4.36 1.44 5.52 1.44 4.36 4.68 4.69 4.58 4.58 1.45 1.45 1.45 1.45 1.45 1.45 1.45 1.45 1.45 1.45 1.45 1.45 1.45 1.41 1.41 1.41 1.41 1.41 1.41 1.41 1.41 1.41 2.07 1.41 4.28 4.28 4.28 4.28 4.28 1.43 1.43 1.43 1.43 1.43 1.43 1.43 0.00 0.00 0.00 0.00 0.00 0.00 0.00 0.00 0.00 0.00 0.00 0.00 0.00 1.45 4.63 4.33 4.33 4.33 4.33 4.63 4.63
0.00 0.00 0.00 0.00 0.00 0.00 0.00 0.00 0.00 0.00 0.00 0.00 0.00 0.00 5.66 5.66 4.37 4.37 4.37 5.52 5.52 4.36 4.36 4.36 4.38 4.58 1.45 1.45 1.45 1.45 1.45 1.45 1.45 1.45 1.45 1.45 1.45 1.45 1.45 1.45 1.41 1.41 1.41 1.41 1.41 1.41 1.41 1.41 1.41 1.41 1.41 1.41 5.56 4.28 4.28 4.28 1.43 1.43 1.43 1.43 1.43 1.43 0.00 0.00 0.00 0.00 0.00 0.00 0.00 0.00 0.00 0.00 0.00 0.00 0.00 0.00 5.43 5.43 5.50 5.50 5.43 4.33 4.33 4.63
0.00 0.00 0.00 0.00 0.00 0.00 0.00 0.00 0.00 0.00 0.00 0.00 0.00 0.00 0.00 5.66 5.66 5.66 1.44 4.56 5.66 5.66 4.37 1.44 1.45 1.45 1.45 1.45 1.45 1.45 1.45 1.45 1.45 1.45 1.45 1.45 1.45 1.45 1.45 1.45 1.41 1.41 1.41 1.41 1.41 1.41 1.41 1.41 1.41 1.41 1.41 1.41 1.41 4.29 4.29 4.29 1.43 1.43 1.43 1.43 1.43 0.00 0.00 0.00 0.00 0.00 0.00 0.00 0.00 0.00 0.00 0.00 0.00 0.00 0.00 0.00 0.00 5.43 5.43 5.43 5.43 4.33 4.33 4.33
0.00 0.00 0.00 0.00 0.00 0.00 0.00 0.00 0.00 0.00 0.00 0.00 0.00 0.00 0.00 0.00 0.00 5.66 5.66 5.66 5.66 5.66 1.44 1.44 1.45 1.45 1.45 1.45 1.45 1.45 1.45 1.45 1.45 1.45 0.00 0.00 0.00 0.00 0.00 0.00 0.00 0.00 0.00 0.00 0.00 0.00 1.41 1.41 1.41 1.41 1.41 1.41 4.29 4.29 4.29 4.29 1.43 1.43 1.43 1.43 1.43 0.00 0.00 0.00 0.00 0.00 0.00 0.00 0.00 0.00 0.00 0.00 0.00 0.00 0.00 0.00 0.00 0.00 0.00 0.00 0.00 4.33 4.33 4.33
0.00 0.00 0.00 0.00 0.00 0.00 0.00 0.00 0.00 0.00 0.00 0.00 0.00 0.00 0.00 0.00 0.00 0.00 0.00 0.00 0.00 0.00 5.66 1.44 1.45 1.45 1.45 1.45 1.45 1.45 1.45 1.45 1.45 0.00 0.00 0.00 0.00 0.00 0.00 0.00 0.00 0.00 0.00 0.00 0.00 0.00 0.00 0.00 0.00 1.41 1.41 1.41 4.29 4.29 4.29 4.29 4.33 1.43 1.43 1.43 1.43 0.00 0.00 0.00 0.00 0.00 0.00 0.00 0.00 0.00 0.00 0.00 0.00 0.00 0.00 0.00 0.00 0.00 0.00 0.00 0.00 1.45 4.33 4.33
0.00 0.00 0.00 0.00 0.00 0.00 0.00 0.00 0.00 0.00 0.00 0.00 0.00 0.00 0.00 0.00 0.00 0.00 0.00 0.00 0.00 0.00 0.00 5.66 1.45 1.45 1.45 1.45 1.45 1.45 1.45 1.45 0.00 0.00 0.00 0.00 0.00 0.00 0.00 0.00 0.00 0.00 0.00 0.00 0.00 0.00 0.00 0.00 0.00 0.00 1.41 1.41 1.41 1.41 4.29 4.29 4.33 1.43 1.43 1.43 4.33 0.00 0.00 0.00 0.00 0.00 0.00 0.00 0.00 0.00 0.00 0.00 0.00 0.00 0.00 0.00 0.00 0.00 0.00 0.00 0.00 4.33 1.45 4.33
0.00 0.00 0.00 0.00 0.00 0.00 0.00 0.00 0.00 0.00 0.00 0.00 0.00 0.00 0.00 0.00 0.00 0.00 0.00 0.00 0.00 0.00 0.00 0.00 0.00 0.00 0.00 0.89 0.89 0.89 0.89 0.00 0.00 0.00 0.00 0.00 0.00 0.00 0.00 0.00 0.00 0.00 0.00 0.00 0.00 0.00 0.00 0.00 0.00 0.00 0.89 0.89 0.89 0.89 2.68 2.68 2.66 2.66 2.66 0.88 0.88 2.66 0.00 0.00 0.00 0.00 0.00 0.00 0.00 0.00 0.00 0.00 0.00 0.00 0.00 0.00 0.00 0.00 0.00 0.00 0.00 0.00 3.42 0.87
0.00 0.00 0.00 0.00 0.00 0.00 0.00 0.00 0.00 0.00 0.00 0.00 0.00 0.00 0.00 0.00 0.00 0.00 0.00 0.00 0.00 0.00 0.00 0.00 0.00 0.00 0.00 0.00 0.89 0.89 0.00 0.00 0.00 0.00 0.00 0.00 0.00 0.00 0.00 0.00 0.00 0.00 0.00 0.00 0.00 0.00 0.00 0.00 0.00 0.00 0.89 0.89 0.89 0.89 2.68 2.68 2.66 2.66 2.66 2.66 0.88 0.88 0.88 0.88 0.00 0.00 0.00 0.00 0.00 0.00 0.00 0.00 0.00 0.00 0.00 0.00 0.00 0.00 0.00 0.00 0.00 0.00 0.00 0.87
0.00 0.00 0.00 0.00 0.00 0.00 0.00 0.00 0.00 0.00 0.00 0.00 0.00 0.00 0.00 0.00 0.00 0.00 0.00 0.00 0.00 0.00 0.00 0.00 0.00 0.00 0.00 0.00 0.89 0.89 0.00 0.00 0.00 0.00 0.00 0.00 0.00 0.00 0.00 0.00 0.00 0.00 0.00 0.00 0.00 0.00 0.00 0.00 0.00 0.00 0.89 0.89 0.89 0.89 2.68 2.68 2.66 2.66 2.66 2.66 0.88 0.88 2.66 2.66 0.00 0.00 0.00 0.00 0.00 0.00 0.00 0.00 0.00 0.00 0.00 0.00 0.00 0.00 0.00 0.00 0.00 0.00 0.00 0.00
0.00 0.00 0.00 0.00 0.00 0.00 0.00 0.00 0.00 0.00 0.00 0.00 0.00 0.00 0.00 0.00 0.00 0.00 0.00 0.00 0.00 0.00 0.00 0.00 0.00 0.00 0.00 0.00 3.51 0.00 0.00 0.00 0.00 0.00 0.00 0.00 0.00 0.00 0.00 0.00 0.00 0.00 0.00 0.00 0.00 0.00 0.00 0.00 0.00 0.00 0.89 0.89 0.89 0.89 2.68 2.68 2.66 2.66 2.66 2.66 2.66 2.66 2.66 2.66 0.00 0.00 0.00 0.00 0.00 0.00 0.00 0.00 0.00 0.00 0.00 0.00 0.00 0.00 0.00 0.00 0.00 0.00 0.00 0.00
