New_Model_Runs/14_Future_RCP8.5_Scn1_out/post_prcessed_with_MFR/Monthly_summaries/actual_et_monthly_AUG.asc
NCOLS 700
NROWS 400
XLLCENTER 515000.000000
YLLCENTER 8409000.000000
CELLSIZE 50.000000
NODATA_value -999.000000
[rows 304 to 341 of 400, columns 168 to 251 of 700]
3.97 3.97 3.97 3.97 3.97 3.97 3.97 3.97 3.86 3.27 3.27 3.86 3.27 3.27 3.27 3.27 3.27 3.27 3.86 3.86 3.86 2.98 2.98 3.27 3.25 3.25 3.25 3.83 3.83 2.95 2.95 3.25 3.25 3.25 3.25 3.25 3.25 3.83 3.83 3.83 3.74 2.88 2.88 3.74 3.74 3.74 3.74 3.74 3.74 3.74 3.74 3.74 3.74 2.88 3.74 3.74 3.51 3.51 3.51 3.51 3.51 2.97 2.97 2.97 2.97 2.97 2.97 2.97 2.97 3.51 3.51 3.51 3.61 3.61 3.61 3.61 3.23 3.61 3.61 3.06 3.06 3.06 3.61 2.79
3.97 3.97 3.97 3.97 3.97 3.97 3.97 3.97 3.86 3.27 3.27 3.86 3.86 3.27 3.27 3.27 3.27 3.86 3.86 3.86 2.98 2.98 3.27 3.27 3.25 3.83 3.83 3.83 3.83 2.95 2.95 2.95 2.95 0.97 3.25 3.25 3.25 3.83 3.83 2.95 2.88 2.88 2.88 3.17 3.74 3.74 3.74 3.74 3.34 3.74 3.74 3.74 3.74 2.88 3.74 3.74 3.51 3.51 3.51 3.51 3.51 3.51 2.97 2.97 2.97 2.97 2.97 2.71 2.97 3.51 3.51 2.97 3.06 3.61 3.06 3.06 3.23 3.61 3.06 2.79 3.61 3.61 2.79 3.61
3.90 3.90 3.90 3.90 3.90 3.30 3.23 3.23 3.83 3.25 3.25 2.96 2.96 3.25 3.25 3.25 2.96 3.83 3.83 3.83 3.25 2.96 2.96 3.25 3.21 3.21 3.79 3.79 3.79 3.79 3.79 2.92 0.96 0.96 0.96 0.96 2.92 2.92 2.92 2.92 2.85 2.85 2.85 3.69 3.13 3.69 3.69 3.69 3.69 3.69 3.69 3.69 3.69 3.30 3.69 3.69 3.20 3.58 3.58 3.20 3.20 3.58 3.58 3.04 3.58 3.04 3.58 3.58 3.20 3.58 3.58 3.58 3.02 3.02 3.02 3.57 3.57 3.02 3.02 3.02 2.75 3.57 3.57 3.57
3.90 3.90 3.90 3.23 3.90 3.90 3.90 3.23 3.83 3.83 3.25 3.25 3.25 3.25 3.25 3.83 2.96 2.96 3.25 3.25 3.25 2.96 3.25 2.96 2.92 3.79 3.79 3.79 3.79 3.79 2.92 2.92 2.92 2.92 0.96 0.96 3.79 0.96 3.79 2.92 2.85 3.69 3.13 3.13 3.13 3.13 3.13 3.69 3.69 2.85 3.69 3.69 3.69 3.69 3.30 3.69 3.20 3.58 3.58 2.76 3.58 3.58 3.58 3.58 3.58 3.58 3.58 3.58 3.58 3.58 3.04 3.58 3.57 3.57 3.57 3.57 3.57 3.02 3.57 3.57 3.57 3.57 3.57 3.02
3.01 3.90 3.90 3.90 3.90 3.01 3.90 3.23 3.19 3.83 3.83 3.83 3.25 3.83 3.83 2.96 3.25 2.96 2.96 3.25 3.25 3.25 3.25 3.25 3.21 3.79 3.21 2.92 2.92 2.92 2.92 2.92 3.21 3.21 3.21 3.79 2.92 0.96 3.79 3.79 3.69 3.69 3.69 2.85 2.85 3.13 3.13 3.13 3.69 3.13 3.69 3.69 3.30 3.30 3.69 3.69 3.58 3.04 3.04 3.04 3.58 3.04 3.04 3.04 3.58 3.04 3.04 2.76 3.04 3.04 3.04 3.04 3.57 3.02 3.02 3.57 3.57 3.57 3.57 3.57 3.57 3.57 3.02 3.02
3.30 3.90 3.90 3.90 3.01 3.90 3.90 3.90 3.19 3.83 3.83 3.25 3.25 3.25 3.25 3.83 3.25 2.96 2.96 3.25 3.83 3.25 3.25 3.83 3.21 3.79 3.79 3.79 2.92 2.92 2.92 2.92 3.21 3.21 3.21 3.21 3.21 0.96 2.92 3.79 2.85 3.13 2.85 3.13 2.85 3.13 3.13 3.13 3.13 3.13 3.13 3.69 3.30 2.85 3.69 3.13 3.04 3.04 3.04 3.04 3.04 3.04 3.04 3.04 3.58 2.76 2.76 2.76 3.04 2.76 2.76 3.04 3.57 3.02 3.02 3.02 3.02 3.57 3.57 3.57 3.57 3.57 3.57 3.57
3.90 3.90 3.90 3.90 3.90 3.01 3.30 3.90 3.83 3.83 3.83 3.83 3.25 3.25 3.83 3.25 2.96 2.96 2.96 3.25 3.25 3.25 3.83 3.83 3.21 3.79 3.79 3.79 3.21 2.92 2.92 2.92 3.21 3.21 3.21 3.21 3.21 3.79 3.79 2.92 2.85 2.85 2.85 2.85 2.85 3.13 3.13 3.13 3.69 3.13 3.13 3.13 3.69 2.85 2.85 2.85 2.76 2.76 2.76 2.76 3.04 2.76 3.04 3.58 3.58 3.58 3.04 3.04 3.04 2.76 3.04 3.04 3.02 3.02 2.75 2.75 3.57 2.75 2.75 2.75 3.02 3.57 2.75 2.75
3.90 3.90 3.30 3.90 3.90 3.90 3.90 3.90 3.83 3.19 3.02 3.83 3.83 3.25 3.25 3.25 3.25 2.96 2.96 3.25 2.96 3.83 3.83 3.83 2.92 2.92 3.79 2.92 3.21 2.92 2.92 2.92 3.21 3.21 2.92 2.92 2.92 3.21 0.96 2.92 0.94 0.94 2.85 2.85 3.13 3.13 3.13 3.13 3.13 3.13 3.13 3.13 2.85 2.85 2.85 2.85 2.76 2.76 2.76 3.04 3.58 2.76 2.76 3.04 3.04 3.04 3.04 3.04 2.76 2.76 3.04 2.76 2.75 2.75 2.75 2.75 3.02 2.75 2.75 2.75 3.02 2.75 3.02 2.75
3.30 3.90 3.30 3.90 3.23 3.90 3.90 3.90 3.83 3.83 3.19 3.83 3.83 3.83 2.96 3.25 2.96 3.25 3.25 3.25 2.96 3.83 3.83 3.83 3.21 2.92 3.21 2.92 2.92 3.21 2.92 2.92 3.21 2.92 0.96 0.96 0.96 0.96 2.92 2.92 2.85 1.38 0.94 2.85 3.13 3.13 3.13 3.13 3.13 3.13 3.13 3.13 2.85 2.85 0.94 2.85 2.76 2.76 2.76 3.04 3.04 2.76 3.58 3.58 2.76 2.76 2.76 2.76 2.76 2.76 2.76 2.76 2.75 2.75 2.75 2.75 2.75 2.75 3.02 3.02 3.57 3.57 3.02 3.02
3.30 3.30 3.90 3.90 3.90 3.90 3.90 3.90 3.83 3.83 3.83 3.83 3.83 3.25 3.25 3.25 3.25 3.25 3.25 2.96 2.96 3.83 2.96 3.25 3.79 3.79 3.21 3.21 3.21 3.21 3.21 3.21 3.21 2.92 0.96 0.96 0.96 0.96 2.92 3.21 3.13 3.13 3.13 3.13 3.13 3.13 3.13 3.13 3.13 3.13 3.13 3.13 3.13 2.85 2.85 2.85 3.04 2.76 2.76 2.76 2.76 2.76 3.58 3.58 3.58 3.58 0.91 0.91 2.76 2.76 2.76 2.76 2.75 3.02 3.02 2.75 2.75 2.75 3.02 3.02 3.57 3.57 3.02 3.02
3.90 3.90 3.90 3.90 3.30 3.01 3.01 3.01 2.96 3.83 2.96 2.96 3.83 3.83 3.25 3.25 3.25 3.83 3.83 3.25 3.25 3.83 3.83 3.25 3.21 2.92 3.21 3.21 3.21 3.21 3.21 3.21 3.21 2.92 2.92 3.21 3.21 3.21 3.21 2.92 2.85 2.85 3.13 3.13 3.13 3.13 3.13 3.13 3.13 3.13 3.13 3.13 3.13 3.13 2.85 2.85 2.76 2.76 0.91 3.58 3.58 3.58 3.58 3.58 3.58 3.58 0.91 3.58 2.76 0.91 2.76 2.76 2.75 3.02 3.02 3.02 2.75 2.75 2.75 2.75 3.02 3.02 2.75 3.02
3.90 3.90 3.90 3.01 3.30 3.30 3.30 3.01 3.83 3.83 2.96 2.96 3.83 3.83 3.25 2.96 2.96 3.83 3.83 3.83 3.83 3.83 3.83 3.25 3.79 3.21 3.21 3.21 3.21 3.21 3.21 3.21 3.21 3.21 3.21 3.21 3.21 3.21 3.21 3.21 3.13 3.13 3.13 3.13 3.13 3.13 3.13 3.13 3.13 3.69 3.13 3.13 3.13 3.13 2.85 0.94 2.76 2.76 0.91 0.91 0.91 0.91 0.91 0.91 0.91 0.91 2.89 3.58 3.58 2.76 2.76 2.76 3.57 2.75 3.02 3.57 3.57 2.75 2.75 2.75 3.02 2.75 2.75 3.02
3.90 3.90 3.01 3.90 3.90 3.30 3.30 3.90 3.83 3.83 3.83 3.83 3.83 3.83 3.83 2.96 3.83 3.25 3.83 3.83 3.42 3.83 3.25 3.83 3.79 3.21 3.21 3.21 3.21 3.21 3.21 3.21 3.21 3.21 2.92 3.21 3.21 3.21 3.21 3.21 3.13 3.13 3.13 3.13 3.13 3.13 3.13 3.13 3.69 3.69 3.69 3.13 3.13 2.85 2.85 0.94 3.04 2.76 2.76 0.91 0.91 0.91 0.91 0.91 0.91 0.91 0.91 0.91 0.91 3.58 3.58 3.58 2.75 2.75 3.02 2.75 3.57 3.57 3.02 3.02 3.02 3.02 3.02 3.02
3.90 3.01 3.90 3.90 3.90 3.01 3.30 3.90 3.83 3.83 3.83 3.83 3.83 3.83 3.25 3.83 3.83 3.83 3.83 3.83 3.83 3.25 2.96 2.96 3.79 3.21 3.21 3.21 3.21 3.21 3.21 3.21 3.21 2.92 2.92 2.92 3.21 3.21 3.21 2.92 2.85 2.85 3.13 3.13 3.13 3.13 3.13 3.13 3.69 3.69 3.69 3.13 2.85 2.85 0.94 0.94 3.04 3.04 1.34 0.91 0.91 0.91 0.91 0.91 0.91 0.91 0.91 0.91 0.91 0.91 2.89 3.58 3.57 3.57 2.75 2.75 3.57 3.57 3.02 3.02 3.02 3.02 3.57 3.02
3.01 3.90 3.90 3.90 3.01 3.30 3.90 3.90 3.25 3.83 3.83 3.42 3.83 3.83 3.83 3.83 3.83 3.25 2.96 3.83 3.25 3.25 3.25 3.25 3.21 3.21 3.21 3.21 3.21 3.21 3.21 3.21 3.21 3.21 0.96 0.96 0.96 0.96 2.92 2.92 2.85 2.85 2.85 3.13 3.13 3.13 2.97 2.85 3.13 3.13 3.69 2.85 2.85 3.13 3.13 2.85 2.76 0.91 0.91 0.91 0.91 0.91 0.91 0.91 0.91 0.91 0.91 0.91 0.91 0.91 0.91 0.91 3.57 2.75 0.91 3.02 3.02 3.02 3.02 3.02 3.02 3.02 3.02 2.75
3.90 3.90 3.23 3.90 3.90 3.90 3.90 3.90 3.25 3.25 3.25 3.25 3.83 3.83 3.83 3.83 3.83 2.96 3.42 3.83 3.83 3.83 3.25 3.25 3.21 3.21 2.92 2.92 2.92 3.21 3.21 3.21 3.21 0.96 0.96 3.21 0.96 0.96 2.92 2.92 2.85 2.85 2.85 0.94 0.94 0.94 2.97 2.97 3.13 3.13 3.69 2.85 3.13 3.13 3.13 2.85 0.91 0.91 0.91 0.91 0.91 0.91 3.04 3.04 0.91 0.91 0.91 0.91 0.91 0.91 0.91 1.34 0.91 2.75 0.91 2.75 2.75 3.02 2.75 3.02 3.02 3.02 3.02 2.75
3.90 3.90 3.90 3.90 3.90 3.90 3.90 3.01 3.25 3.25 3.25 3.25 3.83 2.96 3.83 3.83 2.96 3.83 3.28 3.83 3.83 3.83 3.25 3.25 3.21 2.92 2.92 2.92 3.21 3.21 3.21 3.21 3.21 2.92 3.21 3.21 3.21 2.92 3.21 3.21 3.13 3.13 3.13 0.94 1.38 2.97 3.69 3.69 3.69 3.69 3.69 3.69 2.85 2.85 2.85 0.94 0.91 0.91 0.91 0.91 0.91 0.91 3.04 3.04 0.91 0.91 0.91 0.91 0.91 0.91 0.91 0.91 0.91 0.91 2.75 2.75 2.75 3.02 2.75 3.02 3.02 3.02 3.02 2.75
3.90 3.23 3.90 3.30 3.30 3.30 3.30 3.30 3.25 3.25 3.83 3.25 3.83 2.96 3.83 3.83 3.83 3.83 3.83 3.83 2.96 2.96 2.96 3.25 2.92 2.92 2.92 3.21 3.21 3.21 2.92 2.92 2.92 2.92 3.21 3.21 3.21 3.21 2.92 3.21 3.13 3.13 3.13 3.69 3.69 3.69 3.69 3.69 3.69 3.69 0.94 0.94 0.94 0.94 0.94 0.94 1.34 0.91 0.91 0.91 0.91 1.34 3.04 3.04 3.04 0.91 0.91 0.91 0.91 0.91 0.91 0.91 0.91 2.75 3.02 3.02 3.02 3.02 3.02 2.75 3.02 3.02 2.75 3.02
2.37 2.37 2.37 2.01 2.37 2.37 2.11 2.37 3.71 3.15 3.15 3.15 2.86 3.32 3.71 3.71 3.71 2.86 3.71 3.71 2.86 3.15 3.15 3.15 3.09 2.81 3.09 3.09 3.09 3.09 3.09 3.09 2.81 3.09 3.09 3.09 3.09 2.81 2.81 3.09 2.69 2.69 2.69 2.69 3.48 3.48 3.48 2.81 2.81 3.48 3.48 2.81 3.48 0.89 0.89 0.89 0.90 0.90 0.90 0.90 0.90 0.90 0.90 3.00 3.00 2.73 0.90 0.90 0.90 0.90 0.90 0.90 0.92 2.79 2.79 2.79 3.06 3.06 3.06 3.61 2.79 2.79 2.79 2.79
2.37 2.37 2.01 2.01 2.11 2.37 2.37 1.83 3.15 3.15 3.15 3.15 3.15 3.71 3.71 3.71 3.71 2.86 3.71 0.94 3.71 3.15 3.15 3.15 3.09 3.09 3.09 2.81 3.09 2.81 3.09 2.81 2.81 3.09 3.09 3.09 2.81 2.81 2.81 2.81 2.69 2.95 2.95 2.95 2.95 2.95 2.81 2.81 2.81 2.81 3.48 3.48 3.48 0.89 0.89 0.89 0.90 0.90 0.90 0.90 0.90 3.00 3.00 3.00 3.00 3.00 0.90 2.73 2.73 3.00 0.90 0.90 0.92 2.79 2.79 2.79 3.06 3.06 3.61 2.79 2.79 2.79 0.92 0.92
2.37 2.11 1.83 2.01 2.01 2.01 2.01 2.01 3.71 3.71 3.15 3.15 3.15 3.71 3.71 3.71 3.71 3.71 3.71 3.71 3.71 3.15 3.15 3.15 3.09 2.81 3.09 3.09 2.81 2.81 2.81 0.93 0.93 0.93 3.09 3.09 2.81 2.81 3.09 3.09 2.95 2.95 2.95 2.95 2.95 2.95 2.95 2.95 2.95 2.69 2.95 3.48 3.48 0.89 0.89 0.89 0.90 0.90 0.90 0.90 0.90 0.90 2.73 2.73 3.00 3.00 3.00 3.00 3.00 3.00 0.90 0.90 0.92 2.79 2.79 3.06 3.06 3.06 3.61 3.06 3.06 2.79 2.79 2.79
2.37 2.37 2.37 1.83 1.83 2.01 2.01 2.37 3.71 3.71 3.15 3.15 3.15 3.71 3.71 3.71 3.71 3.71 3.71 3.71 3.71 3.71 3.15 3.15 3.09 3.09 3.09 3.09 3.09 3.09 2.81 0.93 0.93 3.09 3.09 2.81 3.09 3.09 3.09 3.09 2.95 2.95 0.89 2.95 0.89 0.89 2.95 2.95 2.95 2.95 2.95 3.48 2.69 3.48 3.48 0.89 0.90 0.90 0.90 0.90 0.90 0.90 0.90 0.90 3.00 3.00 3.00 3.00 3.00 3.00 3.00 0.90 0.92 0.92 2.79 3.06 3.06 2.79 2.79 3.06 3.06 2.79 2.79 2.79
0.00 2.37 2.37 2.37 2.37 2.37 2.37 2.37 3.71 3.71 3.15 3.15 3.71 3.71 3.71 3.15 3.71 3.15 3.71 3.71 3.71 3.71 3.15 3.15 3.09 3.09 3.09 3.09 3.09 2.81 2.81 0.93 0.93 0.93 0.93 2.81 2.81 3.09 3.09 3.09 2.69 2.69 0.89 0.89 0.89 0.89 0.89 2.95 2.95 2.95 2.69 2.69 2.69 2.69 0.89 0.89 0.90 0.90 0.90 0.90 0.90 0.90 0.90 0.90 0.90 3.00 3.00 3.00 3.00 2.73 0.90 0.90 0.92 2.79 3.06 3.06 2.79 3.06 2.79 2.79 3.61 3.06 3.61 2.79
0.00 0.00 2.37 2.37 2.37 2.37 2.37 2.37 3.71 3.71 3.71 3.71 3.71 3.71 3.71 3.15 3.71 3.71 3.71 3.15 3.15 3.15 3.15 3.15 3.09 3.09 3.09 3.09 3.09 2.81 2.81 0.93 0.93 0.93 0.93 3.09 3.09 2.81 2.81 2.81 0.89 0.89 0.89 0.89 0.89 0.89 0.89 2.95 2.95 2.95 3.48 3.48 2.95 2.95 2.69 0.89 0.90 0.90 0.90 0.90 0.90 0.90 0.90 0.90 0.90 2.73 0.00 2.73 2.73 0.90 0.90 0.90 0.92 2.79 3.06 0.92 2.79 2.79 2.79 3.06 3.61 3.06 3.06 3.06
0.00 0.00 0.00 0.00 0.00 0.00 0.00 0.00 3.71 3.71 3.71 3.71 3.15 3.15 3.15 3.15 2.86 2.86 3.71 3.15 2.86 3.15 3.15 3.15 3.09 3.09 3.09 3.09 2.81 2.81 2.81 0.93 0.93 0.93 0.93 3.09 2.81 2.81 2.81 0.93 2.95 0.89 0.89 0.89 0.89 0.89 0.89 0.89 2.69 2.69 2.95 3.48 2.69 2.69 2.69 0.89 0.90 0.90 0.90 0.90 0.90 0.90 0.90 0.90 0.90 0.00 0.00 0.00 2.73 0.90 0.00 0.00 0.00 0.92 2.79 3.06 3.06 3.06 0.92 3.06 3.06 3.61 3.06 3.06
0.00 0.00 0.00 0.00 0.00 0.00 0.00 0.00 0.00 0.00 3.71 3.71 3.71 3.71 3.15 3.15 2.86 2.86 3.15 3.71 2.86 3.71 3.15 3.15 3.09 3.09 3.09 2.81 2.81 0.93 0.93 0.93 0.93 0.93 0.93 0.93 0.93 0.93 0.93 0.93 2.95 2.95 0.89 0.89 0.89 0.89 0.89 0.89 0.89 2.69 2.69 2.69 2.69 2.69 2.69 0.89 0.90 0.90 0.90 0.90 0.90 0.90 0.90 0.90 0.90 0.00 0.00 0.00 0.00 0.00 0.00 0.00 0.00 0.00 0.00 0.92 3.06 0.92 3.06 3.06 3.06 3.61 3.06 3.06
0.00 0.00 0.00 0.00 0.00 0.00 0.00 0.00 0.00 0.00 3.71 3.71 3.71 2.86 3.15 3.15 3.15 3.15 2.86 2.86 2.86 2.86 3.15 3.15 3.09 3.09 2.81 2.81 0.93 0.93 0.93 0.93 0.93 0.93 0.93 0.93 0.93 0.93 0.93 0.93 0.89 0.89 2.95 0.89 0.89 0.89 0.89 0.89 0.89 1.30 2.69 2.69 2.69 2.69 2.69 0.89 0.90 0.90 0.90 0.90 0.90 0.90 0.90 0.90 0.90 0.90 0.90 0.00 0.00 0.00 0.00 0.00 0.00 0.00 0.00 0.00 0.00 2.79 2.79 3.06 3.06 3.06 3.06 3.06
0.00 0.00 0.00 0.00 0.00 0.00 0.00 0.00 0.00 0.00 0.00 0.00 3.71 3.71 2.86 2.86 3.15 3.15 2.86 2.86 0.94 2.86 3.15 3.15 3.09 2.81 2.81 0.93 0.93 0.93 0.93 0.93 0.93 0.93 0.93 0.93 0.93 0.93 0.93 0.93 0.89 0.89 2.95 0.89 0.89 0.89 0.89 0.89 0.89 1.30 2.69 2.69 2.69 2.69 2.69 0.89 0.90 0.90 0.90 0.90 0.90 0.90 0.90 0.90 0.90 0.90 0.90 0.00 0.00 0.00 0.00 0.00 0.00 0.00 0.00 0.00 0.00 3.61 2.79 3.06 2.79 3.06 3.06 3.06
0.00 0.00 0.00 0.00 0.00 0.00 0.00 0.00 0.00 0.00 0.00 0.00 0.00 3.71 3.71 2.86 2.86 2.86 2.86 0.94 3.71 0.94 2.86 3.15 3.09 2.94 2.94 0.93 0.93 0.93 0.93 0.93 0.93 0.93 0.93 0.93 0.93 0.93 0.93 0.93 0.89 0.89 0.89 0.89 0.89 0.89 0.89 0.89 0.89 1.30 0.89 2.69 2.69 2.69 2.69 2.69 0.90 0.90 0.90 0.90 0.90 0.90 0.90 0.00 0.00 0.00 0.00 0.00 0.00 0.00 0.00 0.00 0.00 0.00 0.00 0.00 0.92 3.06 2.79 2.79 2.79 2.79 3.06 3.06
0.00 0.00 0.00 0.00 0.00 0.00 0.00 0.00 0.00 0.00 0.00 0.00 0.00 0.00 3.71 3.71 2.86 2.86 2.86 3.71 3.71 2.86 2.86 2.86 2.81 2.94 0.93 0.93 0.93 0.93 0.93 0.93 0.93 0.93 0.93 0.93 0.93 0.93 0.93 0.93 0.89 0.89 0.89 0.89 0.89 0.89 0.89 0.89 0.89 0.89 0.89 0.89 3.48 2.69 2.69 2.69 0.90 0.90 0.90 0.90 0.90 0.90 0.00 0.00 0.00 0.00 0.00 0.00 0.00 0.00 0.00 0.00 0.00 0.00 0.00 0.00 3.61 3.61 3.61 3.61 3.61 2.78 2.78 3.06
0.00 0.00 0.00 0.00 0.00 0.00 0.00 0.00 0.00 0.00 0.00 0.00 0.00 0.00 0.00 3.71 3.71 3.71 0.94 2.99 3.71 3.71 2.86 0.94 0.93 0.93 0.93 0.93 0.93 0.93 0.93 0.93 0.93 0.93 0.93 0.93 0.93 0.93 0.93 0.93 0.89 0.89 0.89 0.89 0.89 0.89 0.89 0.89 0.89 0.89 0.89 0.89 0.89 2.69 2.69 2.69 0.90 0.90 0.90 0.90 0.90 0.00 0.00 0.00 0.00 0.00 0.00 0.00 0.00 0.00 0.00 0.00 0.00 0.00 0.00 0.00 0.00 3.61 3.61 3.61 3.61 2.78 2.78 2.78
0.00 0.00 0.00 0.00 0.00 0.00 0.00 0.00 0.00 0.00 0.00 0.00 0.00 0.00 0.00 0.00 0.00 3.71 3.71 3.71 3.71 3.71 0.94 0.94 0.93 0.93 0.93 0.93 0.93 0.93 0.93 0.93 0.93 0.93 0.00 0.00 0.00 0.00 0.00 0.00 0.00 0.00 0.00 0.00 0.00 0.00 0.89 0.89 0.89 0.89 0.89 0.89 2.69 2.69 2.69 2.69 0.90 0.90 0.90 0.90 0.90 0.00 0.00 0.00 0.00 0.00 0.00 0.00 0.00 0.00 0.00 0.00 0.00 0.00 0.00 0.00 0.00 0.00 0.00 0.00 0.00 2.78 2.78 2.78
0.00 0.00 0.00 0.00 0.00 0.00 0.00 0.00 0.00 0.00 0.00 0.00 0.00 0.00 0.00 0.00 0.00 0.00 0.00 0.00 0.00 0.00 3.71 0.94 0.93 0.93 0.93 0.93 0.93 0.93 0.93 0.93 0.93 0.00 0.00 0.00 0.00 0.00 0.00 0.00 0.00 0.00 0.00 0.00 0.00 0.00 0.00 0.00 0.00 0.89 0.89 0.89 2.69 2.69 2.69 2.69 2.73 0.90 0.90 0.90 0.90 0.00 0.00 0.00 0.00 0.00 0.00 0.00 0.00 0.00 0.00 0.00 0.00 0.00 0.00 0.00 0.00 0.00 0.00 0.00 0.00 0.92 2.78 2.78
0.00 0.00 0.00 0.00 0.00 0.00 0.00 0.00 0.00 0.00 0.00 0.00 0.00 0.00 0.00 0.00 0.00 0.00 0.00 0.00 0.00 0.00 0.00 3.71 0.93 0.93 0.93 0.93 0.93 0.93 0.93 0.93 0.00 0.00 0.00 0.00 0.00 0.00 0.00 0.00 0.00 0.00 0.00 0.00 0.00 0.00 0.00 0.00 0.00 0.00 0.89 0.89 0.89 0.89 2.69 2.69 2.73 0.90 0.90 0.90 2.73 0.00 0.00 0.00 0.00 0.00 0.00 0.00 0.00 0.00 0.00 0.00 0.00 0.00 0.00 0.00 0.00 0.00 0.00 0.00 0.00 2.78 0.92 2.78
0.00 0.00 0.00 0.00 0.00 0.00 0.00 0.00 0.00 0.00 0.00 0.00 0.00 0.00 0.00 0.00 0.00 0.00 0.00 0.00 0.00 0.00 0.00 0.00 0.00 0.00 0.00 0.53 0.53 0.53 0.53 0.00 0.00 0.00 0.00 0.00 0.00 0.00 0.00 0.00 0.00 0.00 0.00 0.00 0.00 0.00 0.00 0.00 0.00 0.00 0.53 0.53 0.53 0.53 1.60 1.60 1.58 1.58 1.58 0.52 0.52 1.58 0.00 0.00 0.00 0.00 0.00 0.00 0.00 0.00 0.00 0.00 0.00 0.00 0.00 0.00 0.00 0.00 0.00 0.00 0.00 0.00 2.04 0.52
0.00 0.00 0.00 0.00 0.00 0.00 0.00 0.00 0.00 0.00 0.00 0.00 0.00 0.00 0.00 0.00 0.00 0.00 0.00 0.00 0.00 0.00 0.00 0.00 0.00 0.00 0.00 0.00 0.53 0.53 0.00 0.00 0.00 0.00 0.00 0.00 0.00 0.00 0.00 0.00 0.00 0.00 0.00 0.00 0.00 0.00 0.00 0.00 0.00 0.00 0.53 0.53 0.53 0.53 1.60 1.60 1.58 1.58 1.58 1.58 0.52 0.52 0.52 0.52 0.00 0.00 0.00 0.00 0.00 0.00 0.00 0.00 0.00 0.00 0.00 0.00 0.00 0.00 0.00 0.00 0.00 0.00 0.00 0.52
0.00 0.00 0.00 0.00 0.00 0.00 0.00 0.00 0.00 0.00 0.00 0.00 0.00 0.00 0.00 0.00 0.00 0.00 0.00 0.00 0.00 0.00 0.00 0.00 0.00 0.00 0.00 0.00 0.53 0.53 0.00 0.00 0.00 0.00 0.00 0.00 0.00 0.00 0.00 0.00 0.00 0.00 0.00 0.00 0.00 0.00 0.00 0.00 0.00 0.00 0.53 0.53 0.53 0.53 1.60 1.60 1.58 1.58 1.58 1.58 0.52 0.52 1.58 1.58 0.00 0.00 0.00 0.00 0.00 0.00 0.00 0.00 0.00 0.00 0.00 0.00 0.00 0.00 0.00 0.00 0.00 0.00 0.00 0.00
0.00 0.00 0.00 0.00 0.00 0.00 0.00 0.00 0.00 0.00 0.00 0.00 0.00 0.00 0.00 0.00 0.00 0.00 0.00 0.00 0.00 0.00 0.00 0.00 0.00 0.00 0.00 0.00 2.08 0.00 0.00 0.00 0.00 0.00 0.00 0.00 0.00 0.00 0.00 0.00 0.00 0.00 0.00 0.00 0.00 0.00 0.00 0.00 0.00 0.00 0.53 0.53 0.53 0.53 1.60 1.60 1.58 1.58 1.58 1.58 1.58 1.58 1.58 1.58 0.00 0.00 0.00 0.00 0.00 0.00 0.00 0.00 0.00 0.00 0.00 0.00 0.00 0.00 0.00 0.00 0.00 0.00 0.00 0.00
