New_Model_Runs/14_Future_RCP8.5_Scn1_out/post_prcessed_with_MFR/Monthly_summaries/actual_et_monthly_MAR.asc
NCOLS 700
NROWS 400
XLLCENTER 515000.000000
YLLCENTER 8409000.000000
CELLSIZE 50.000000
NODATA_value -999.000000
[rows 304 to 341 of 400, columns 168 to 251 of 700]
5.46 5.46 5.46 5.46 5.46 5.46 5.46 5.46 5.42 4.59 4.59 5.42 4.59 4.59 4.58 4.58 4.58 4.58 5.41 5.42 5.41 4.18 4.18 4.58 4.59 4.59 4.59 5.42 5.42 4.19 4.19 4.59 4.59 4.59 4.59 4.59 4.59 5.43 5.42 5.42 5.43 4.21 4.21 5.45 5.45 5.43 5.43 5.43 5.45 5.45 5.45 5.45 5.45 4.21 5.45 5.45 5.21 5.21 5.21 5.21 5.21 4.41 4.41 4.41 4.41 4.41 4.41 4.41 4.41 5.21 5.21 5.21 5.33 5.33 5.33 5.31 3.67 5.28 5.21 4.43 4.43 4.43 5.21 4.11
5.46 5.46 5.46 5.46 5.46 5.46 5.46 5.46 5.42 4.59 4.59 5.42 5.42 4.58 4.58 4.58 4.58 5.41 5.41 5.42 4.18 4.18 4.58 4.58 4.59 5.42 5.43 5.43 5.42 4.19 4.19 4.19 4.19 1.38 4.59 4.59 4.59 5.42 5.43 4.19 4.21 4.21 4.21 4.60 5.45 5.45 5.45 5.45 3.76 5.45 5.45 5.45 5.45 4.21 5.45 5.45 5.21 5.21 5.21 5.21 5.21 5.21 4.41 4.41 4.41 4.41 4.41 4.02 4.41 5.21 5.21 4.41 4.50 5.33 4.50 4.50 3.67 5.28 4.43 4.11 5.28 5.21 4.11 5.21
5.38 5.38 5.38 5.38 5.38 4.56 4.31 4.31 5.38 4.56 4.56 4.15 4.15 4.54 4.54 4.54 4.15 5.36 5.38 5.36 4.54 4.15 4.15 4.54 4.56 4.56 5.41 5.39 5.41 5.39 5.39 4.17 1.37 1.37 1.37 1.37 4.17 4.17 4.17 4.17 4.19 4.19 4.19 5.43 4.58 5.41 5.43 5.43 5.43 5.43 5.43 5.43 5.41 3.72 5.43 5.43 3.67 5.36 5.36 3.67 3.67 5.36 5.36 4.52 5.34 4.52 5.34 5.34 3.67 5.36 5.36 5.36 4.50 4.50 4.50 5.33 5.33 4.42 4.42 4.42 4.11 5.28 5.20 5.20
5.38 5.38 5.38 4.31 5.38 5.38 5.38 4.31 5.38 5.38 4.56 4.56 4.56 4.54 4.54 5.36 4.15 4.15 4.54 4.54 4.54 4.15 4.54 4.15 4.17 5.41 5.41 5.41 5.41 5.41 4.17 4.17 4.17 4.17 1.37 1.37 5.39 1.37 5.39 4.17 4.19 5.41 4.58 4.58 4.58 4.58 4.58 5.43 5.43 4.19 5.43 5.43 5.43 5.43 3.72 5.43 3.67 5.34 5.36 4.13 5.36 5.36 5.34 5.34 5.36 5.36 5.36 5.34 5.34 5.34 4.52 5.36 5.33 5.31 5.33 5.33 5.33 4.50 5.20 5.28 5.28 5.28 5.28 4.42
4.15 5.38 5.38 5.38 5.38 4.15 5.38 4.31 4.30 5.38 5.38 5.38 4.56 5.36 5.36 4.15 4.54 4.15 4.15 4.54 4.54 4.54 4.54 4.54 4.56 5.41 4.56 4.17 4.17 4.17 4.17 4.17 4.56 4.56 4.56 5.41 4.17 1.37 5.39 5.39 5.41 5.41 5.41 4.19 4.19 4.58 4.58 4.58 5.43 4.58 5.43 5.43 3.72 3.72 5.43 5.43 5.36 4.52 4.52 4.52 5.34 4.52 4.52 4.52 5.36 4.52 4.52 4.13 4.52 4.52 4.52 4.45 5.31 4.50 4.50 5.33 5.33 5.33 5.28 5.28 5.20 5.28 4.42 4.42
4.56 5.38 5.38 5.38 4.15 5.38 5.38 5.38 4.30 5.38 5.38 4.56 4.56 4.54 4.54 5.36 4.54 4.15 4.15 4.54 5.36 4.54 4.54 5.36 4.56 5.41 5.41 5.39 4.17 4.17 4.17 4.17 4.56 4.56 4.56 4.56 4.56 1.37 4.17 5.39 4.19 4.58 4.19 4.58 4.19 4.58 4.58 4.58 4.58 4.58 4.58 5.41 3.72 4.19 5.43 4.58 4.52 4.52 4.52 4.52 4.52 4.52 4.52 4.45 5.31 4.13 4.13 4.13 4.52 4.13 4.13 4.45 5.20 4.50 4.50 4.50 4.50 5.20 5.20 5.20 5.28 5.28 5.28 5.20
5.38 5.38 5.38 5.38 5.38 4.15 4.56 5.38 5.38 5.38 5.38 5.38 4.54 4.54 5.38 4.54 4.15 4.15 4.15 4.54 4.54 4.54 5.38 5.38 4.56 5.41 5.41 5.41 4.56 4.17 4.17 4.17 4.56 4.56 4.56 4.56 4.56 5.39 5.39 4.17 4.19 4.19 4.19 4.19 4.19 4.58 4.58 4.58 5.43 4.58 4.58 4.58 5.43 4.19 4.19 4.19 4.13 4.13 4.13 4.13 4.52 4.13 4.45 5.23 5.31 5.23 4.45 4.45 4.45 4.13 4.45 4.45 4.42 4.42 4.11 4.11 5.28 4.11 4.11 4.11 4.42 5.20 4.11 4.11
5.38 5.38 4.56 5.38 5.38 5.38 5.38 5.38 5.38 4.30 4.14 5.38 5.38 4.54 4.54 4.54 4.54 4.15 4.15 4.54 4.15 5.38 5.38 5.38 4.17 4.17 5.41 4.17 4.56 4.17 4.17 4.17 4.56 4.56 4.17 4.17 4.17 4.56 1.37 4.17 1.38 1.38 4.19 4.19 4.58 4.58 4.58 4.58 4.58 4.58 4.58 4.58 4.19 4.19 4.19 4.19 4.13 4.13 4.13 4.54 5.36 4.13 4.13 4.45 4.45 4.45 4.45 4.45 4.13 4.13 4.45 4.13 4.11 4.11 4.11 4.11 4.42 4.11 4.11 4.11 4.42 4.11 4.42 4.11
4.56 5.38 4.56 5.38 4.31 5.38 5.38 5.38 5.38 5.38 4.30 5.38 5.38 5.38 4.15 4.54 4.15 4.54 4.54 4.54 4.15 5.38 5.38 5.38 4.56 4.17 4.56 4.17 4.17 4.56 4.17 4.17 4.56 4.17 1.37 1.37 1.37 1.37 4.17 4.17 4.19 2.03 1.38 4.19 4.58 4.58 4.58 4.58 4.58 4.58 4.58 4.58 4.19 4.19 1.38 4.19 4.13 4.13 4.13 4.54 4.54 4.13 5.36 5.36 4.13 4.13 4.13 4.13 4.13 4.13 4.13 4.13 4.11 4.11 4.11 4.11 4.11 4.11 4.42 4.42 5.20 5.20 4.42 4.42
4.56 4.56 5.38 5.38 5.38 5.38 5.38 5.38 5.38 5.38 5.38 5.38 5.36 4.54 4.54 4.54 4.54 4.54 4.54 4.15 4.15 5.36 4.15 4.54 5.39 5.41 4.56 4.56 4.56 4.56 4.56 4.56 4.56 4.17 1.37 1.37 1.37 1.37 4.17 4.56 4.58 4.58 4.58 4.58 4.58 4.58 4.58 4.58 4.58 4.58 4.58 4.58 4.58 4.19 4.19 4.19 4.54 4.13 4.13 4.13 4.13 4.13 5.36 5.36 5.36 5.36 1.36 1.36 4.13 4.13 4.13 4.13 4.11 4.42 4.42 4.11 4.11 4.11 4.42 4.42 5.20 5.28 4.42 4.42
5.38 5.38 5.38 5.38 4.56 4.15 4.15 4.15 4.15 5.38 4.15 4.15 5.38 5.38 4.54 4.54 4.54 5.36 5.36 4.54 4.54 5.38 5.36 4.54 4.56 4.17 4.56 4.56 4.56 4.56 4.56 4.56 4.56 4.17 4.17 4.56 4.56 4.56 4.56 4.17 4.19 4.19 4.58 4.58 4.58 4.58 4.58 4.58 4.58 4.58 4.58 4.58 4.58 4.58 4.19 4.19 4.13 4.13 1.36 5.36 5.36 5.36 5.36 5.36 5.36 5.36 1.36 5.36 4.13 1.36 4.13 4.13 4.11 4.42 4.42 4.42 4.11 4.11 4.11 4.11 4.42 4.42 4.11 4.42
5.38 5.38 5.38 4.15 4.56 4.56 4.56 4.15 5.38 5.38 4.15 4.15 5.38 5.38 4.54 4.15 4.15 5.38 5.36 5.38 5.38 5.38 5.38 4.54 5.39 4.56 4.56 4.56 4.56 4.56 4.56 4.56 4.56 4.56 4.56 4.56 4.56 4.56 4.56 4.56 4.58 4.58 4.58 4.58 4.58 4.58 4.58 4.58 4.58 5.43 4.58 4.58 4.58 4.58 4.19 1.38 4.13 4.13 1.36 1.36 1.36 1.36 1.36 1.36 1.36 1.36 4.32 5.36 5.36 4.13 4.13 4.13 5.33 4.11 4.52 5.20 5.20 4.11 4.11 4.11 4.42 4.11 4.11 4.42
5.38 5.38 4.15 5.38 5.38 4.56 4.56 5.38 5.38 5.38 5.38 5.36 5.38 5.38 5.36 4.15 5.36 4.54 5.38 5.36 3.71 5.38 4.54 5.36 5.39 4.56 4.56 4.56 4.56 4.56 4.56 4.56 4.56 4.56 4.17 4.56 4.56 4.56 4.56 4.56 4.58 4.58 4.58 4.58 4.58 4.58 4.58 4.58 5.43 5.43 5.43 4.58 4.58 4.19 4.19 1.38 4.52 4.13 4.13 1.36 1.36 1.36 1.36 1.36 1.36 1.36 1.36 1.36 1.36 5.36 5.36 5.36 4.11 4.11 4.52 4.11 5.28 5.28 4.42 4.42 4.42 4.42 4.42 4.42
5.38 4.15 5.38 5.38 5.38 4.15 4.56 5.38 5.38 5.38 5.38 5.38 5.38 5.38 4.54 5.38 5.38 5.38 5.36 5.38 5.38 4.54 4.15 4.15 5.39 4.56 4.56 4.56 4.56 4.56 4.56 4.56 4.56 4.17 4.17 4.17 4.56 4.56 4.56 4.17 4.19 4.19 4.58 4.58 4.58 4.58 4.58 4.58 5.43 5.41 5.43 4.58 4.19 4.19 1.38 1.38 4.54 4.54 2.00 1.36 1.36 1.36 1.36 1.36 1.36 1.36 1.36 1.36 1.36 1.36 4.32 5.36 5.33 5.33 4.11 4.11 5.28 5.28 4.42 4.42 4.42 4.42 5.28 4.42
4.15 5.38 5.38 5.38 4.15 4.56 5.38 5.38 4.56 5.38 5.38 3.71 5.36 5.36 5.38 5.36 5.38 4.54 4.15 5.38 4.54 4.54 4.54 4.54 4.56 4.56 4.56 4.56 4.56 4.56 4.56 4.56 4.56 4.56 1.37 1.37 1.37 1.37 4.17 4.17 4.19 4.19 4.19 4.58 4.58 4.58 4.37 4.19 4.58 4.58 5.43 4.19 4.19 4.58 4.58 4.19 4.13 1.36 1.36 1.36 1.36 1.36 1.36 1.36 1.36 1.36 1.36 1.36 1.36 1.36 1.36 1.36 5.33 4.11 1.36 4.52 4.42 4.42 4.42 4.42 4.42 4.42 4.42 4.11
5.38 5.38 4.31 5.38 5.38 5.38 5.38 5.38 4.56 4.56 4.56 4.54 5.36 5.36 5.38 5.36 5.36 4.15 3.71 5.38 5.38 5.38 4.54 4.54 4.56 4.56 4.17 4.17 4.17 4.56 4.56 4.56 4.56 1.37 1.37 4.56 1.37 1.37 4.17 4.17 4.19 4.19 4.19 1.38 1.38 1.38 4.37 4.37 4.58 4.58 5.43 4.19 4.58 4.58 4.60 4.19 1.36 1.36 1.36 1.36 1.36 1.36 4.54 4.54 1.36 1.36 1.36 1.36 1.36 1.36 1.36 2.00 1.36 4.11 1.36 4.11 4.11 4.42 4.11 4.42 4.42 4.42 4.42 4.11
5.38 5.38 5.38 5.38 5.38 5.38 5.38 4.15 4.56 4.56 4.54 4.54 5.36 4.15 5.36 5.36 4.15 5.38 3.71 5.38 5.36 5.38 4.54 4.54 4.56 4.17 4.17 4.17 4.56 4.56 4.56 4.56 4.56 4.17 4.56 4.56 4.56 4.17 4.56 4.56 4.58 4.58 4.58 1.38 2.03 4.37 5.43 5.43 5.43 5.43 5.39 5.40 4.19 4.19 4.19 1.38 1.36 1.36 1.36 1.36 1.36 1.36 4.54 4.52 1.36 1.36 1.36 1.36 1.36 1.36 1.36 1.36 1.36 1.36 4.11 4.11 4.11 4.42 4.11 4.42 4.42 4.42 4.42 4.11
5.38 4.31 5.38 4.56 4.56 4.56 4.56 4.56 4.56 4.56 5.36 4.54 5.36 4.15 5.36 5.36 5.36 5.38 5.38 5.38 4.15 4.15 4.15 4.54 4.17 4.17 4.17 4.56 4.56 4.56 4.17 4.17 4.17 4.17 4.56 4.56 4.56 4.56 4.17 4.56 4.58 4.58 4.58 5.39 5.39 5.39 5.39 5.39 5.43 5.43 1.38 1.38 1.38 1.38 1.38 1.38 2.00 1.36 1.36 1.36 1.36 2.00 4.52 4.52 4.52 1.36 1.36 1.36 1.36 1.36 1.36 1.36 1.36 4.11 4.42 4.42 4.42 4.42 4.42 4.11 4.42 4.42 4.11 4.42
3.47 3.47 3.47 2.94 3.47 3.47 3.00 3.47 5.21 4.42 4.40 4.40 4.02 3.60 5.21 5.20 5.21 4.02 5.20 5.20 4.02 4.40 4.40 4.40 4.44 4.06 4.44 4.44 4.44 4.44 4.44 4.44 4.06 4.44 4.44 4.44 4.44 4.06 4.06 4.44 4.00 4.00 4.00 4.00 5.17 5.18 5.17 4.18 4.18 5.19 5.19 4.18 5.17 1.32 1.32 1.32 1.34 1.34 1.34 1.34 1.34 1.34 1.34 4.46 4.46 4.07 1.34 1.34 1.34 1.34 1.34 1.34 1.36 4.14 4.14 4.14 4.43 4.43 4.43 5.29 4.14 4.14 4.14 4.14
3.47 3.47 2.94 2.94 3.00 3.47 3.47 2.68 4.42 4.42 4.40 4.40 4.40 5.21 5.21 5.21 5.20 4.02 5.21 1.33 5.20 4.40 4.40 4.40 4.44 4.44 4.44 4.06 4.44 4.06 4.44 4.06 4.06 4.44 4.44 4.44 4.06 4.06 4.06 4.06 4.00 4.38 4.38 4.38 4.38 4.38 4.18 4.18 4.18 4.18 5.19 5.17 5.17 1.32 1.32 1.32 1.34 1.34 1.34 1.34 1.34 4.48 4.46 4.46 4.46 4.46 1.34 4.07 4.07 4.48 1.34 1.34 1.36 4.14 4.14 4.14 4.43 4.43 5.29 4.14 4.14 4.14 1.36 1.36
3.47 3.00 2.68 2.94 2.94 2.94 2.94 2.94 5.21 5.21 4.40 4.40 4.40 5.20 5.20 5.21 5.20 5.21 5.21 5.20 5.21 4.40 4.40 4.40 4.44 4.06 4.44 4.44 4.06 4.06 4.06 1.34 1.34 1.34 4.44 4.44 4.06 4.06 4.44 4.44 4.38 4.38 4.38 4.38 4.38 4.38 4.38 4.38 4.38 4.00 4.38 5.19 5.17 1.32 1.32 1.32 1.34 1.34 1.34 1.34 1.34 1.34 4.07 4.07 4.46 4.46 4.46 4.46 4.48 4.48 1.34 1.34 1.36 4.14 4.14 4.43 4.43 4.43 5.20 4.43 4.43 4.14 4.14 4.14
3.47 3.47 3.47 2.68 2.68 2.94 2.94 3.47 5.21 5.20 4.40 4.40 4.40 5.21 5.21 5.21 5.20 5.20 5.20 5.20 5.20 5.20 4.40 4.40 4.44 4.44 4.44 4.44 4.44 4.44 4.06 1.34 1.34 4.44 4.44 4.06 4.44 4.44 4.44 4.44 4.38 4.38 1.32 4.38 1.32 1.32 4.38 4.38 4.38 4.38 4.38 5.19 4.00 5.17 5.17 1.32 1.34 1.34 1.34 1.34 1.34 1.34 1.34 1.34 4.46 4.46 4.46 4.46 4.48 4.48 4.48 1.34 1.36 1.36 4.14 4.43 4.43 4.14 4.14 4.43 4.43 4.14 4.14 4.14
0.00 3.47 3.47 3.47 3.47 3.47 3.47 3.47 5.21 5.21 4.40 4.40 5.21 5.21 5.21 4.40 5.21 4.40 5.21 5.21 5.20 5.20 4.40 4.40 4.44 4.44 4.44 4.44 4.44 4.06 4.06 1.34 1.34 1.34 1.34 4.06 4.06 4.44 4.44 4.44 4.00 4.00 1.32 1.32 1.32 1.32 1.32 4.38 4.38 4.38 4.00 4.00 4.00 4.00 1.32 1.32 1.34 1.34 1.34 1.34 1.34 1.34 1.34 1.34 1.34 4.46 4.46 4.46 4.48 4.07 1.34 1.34 1.36 4.14 4.43 4.43 4.14 4.43 4.14 4.14 5.29 4.43 5.20 4.14
0.00 0.00 3.47 3.47 3.47 3.47 3.47 3.47 5.21 5.21 5.21 5.21 5.21 5.21 5.21 4.40 5.21 5.20 5.20 4.40 4.40 4.40 4.40 4.40 4.44 4.44 4.44 4.44 4.44 4.06 4.06 1.34 1.34 1.34 1.34 4.44 4.44 4.06 4.06 4.06 1.32 1.32 1.32 1.32 1.32 1.32 1.32 4.38 4.38 4.38 5.18 5.18 4.38 4.38 4.00 1.32 1.34 1.34 1.34 1.34 1.34 1.34 1.34 1.34 1.34 4.07 0.00 4.07 4.07 1.34 1.34 1.34 1.36 4.14 4.55 1.36 4.14 4.14 4.14 4.43 5.29 4.43 4.43 4.43
0.00 0.00 0.00 0.00 0.00 0.00 0.00 0.00 5.21 5.20 5.20 5.21 4.40 4.40 4.40 4.40 4.02 4.02 5.20 4.40 4.02 4.40 4.40 4.40 4.44 4.44 4.44 4.44 4.06 4.06 4.06 1.34 1.34 1.34 1.34 4.44 4.06 4.06 4.06 1.34 4.40 1.32 1.32 1.32 1.32 1.32 1.32 1.32 4.00 4.00 4.38 5.18 4.00 4.00 4.00 1.32 1.34 1.34 1.34 1.34 1.34 1.34 1.34 1.34 1.34 0.00 0.00 0.00 4.07 1.34 0.00 0.00 0.00 1.36 4.14 4.55 4.55 4.43 1.36 4.43 4.43 5.29 4.43 4.43
0.00 0.00 0.00 0.00 0.00 0.00 0.00 0.00 0.00 0.00 5.19 5.20 5.21 5.21 4.40 4.40 4.02 4.02 4.40 5.20 4.02 5.21 4.40 4.40 4.44 4.44 4.44 4.06 4.06 1.34 1.34 1.34 1.34 1.34 1.34 1.34 1.34 1.34 1.34 1.34 4.38 4.38 1.32 1.32 1.32 1.32 1.32 1.32 1.32 4.00 4.00 4.00 4.00 4.00 4.00 1.32 1.34 1.34 1.34 1.34 1.34 1.34 1.34 1.34 1.34 0.00 0.00 0.00 0.00 0.00 0.00 0.00 0.00 0.00 0.00 1.36 4.55 1.36 4.43 4.43 4.43 5.29 4.43 4.43
0.00 0.00 0.00 0.00 0.00 0.00 0.00 0.00 0.00 0.00 5.19 5.19 5.19 4.02 4.40 4.40 4.40 4.40 4.02 4.02 4.02 4.02 4.40 4.40 4.44 4.44 4.06 4.06 1.34 1.34 1.34 1.34 1.34 1.34 1.34 1.34 1.34 1.34 1.34 1.34 1.32 1.32 4.38 1.32 1.32 1.32 1.32 1.32 1.32 1.93 4.00 4.00 4.00 4.00 4.00 1.32 1.34 1.34 1.34 1.34 1.34 1.34 1.34 1.34 1.34 1.34 1.34 0.00 0.00 0.00 0.00 0.00 0.00 0.00 0.00 0.00 0.00 4.14 4.14 4.43 4.43 4.43 4.43 4.43
0.00 0.00 0.00 0.00 0.00 0.00 0.00 0.00 0.00 0.00 0.00 0.00 5.21 5.21 4.02 4.02 4.40 4.40 4.02 4.02 1.33 4.02 4.40 4.40 4.44 4.06 4.06 1.34 1.34 1.34 1.34 1.34 1.34 1.34 1.34 1.34 1.34 1.34 1.34 1.34 1.32 1.32 4.40 1.32 1.32 1.32 1.32 1.32 1.32 1.93 4.00 4.00 4.00 4.00 4.00 1.32 1.34 1.34 1.34 1.34 1.34 1.34 1.34 1.34 1.34 1.34 1.34 0.00 0.00 0.00 0.00 0.00 0.00 0.00 0.00 0.00 0.00 5.20 4.14 4.43 4.14 4.43 4.43 4.43
0.00 0.00 0.00 0.00 0.00 0.00 0.00 0.00 0.00 0.00 0.00 0.00 0.00 5.21 5.21 4.02 4.02 4.02 4.02 1.33 5.19 1.33 4.02 4.40 4.44 4.24 4.24 1.34 1.34 1.34 1.34 1.34 1.34 1.34 1.34 1.34 1.34 1.34 1.34 1.34 1.32 1.32 1.32 1.32 1.32 1.32 1.32 1.32 1.32 1.93 1.32 4.00 4.00 4.00 4.00 4.00 1.34 1.34 1.34 1.34 1.34 1.34 1.34 0.00 0.00 0.00 0.00 0.00 0.00 0.00 0.00 0.00 0.00 0.00 0.00 0.00 1.36 4.43 4.14 4.14 4.14 4.14 4.43 4.43
0.00 0.00 0.00 0.00 0.00 0.00 0.00 0.00 0.00 0.00 0.00 0.00 0.00 0.00 5.21 5.21 4.02 4.02 4.02 5.19 5.19 4.02 4.02 4.02 4.06 4.24 1.34 1.34 1.34 1.34 1.34 1.34 1.34 1.34 1.34 1.34 1.34 1.34 1.34 1.34 1.32 1.32 1.32 1.32 1.32 1.32 1.32 1.32 1.32 1.32 1.32 1.32 5.19 4.00 4.00 4.00 1.34 1.34 1.34 1.34 1.34 1.34 0.00 0.00 0.00 0.00 0.00 0.00 0.00 0.00 0.00 0.00 0.00 0.00 0.00 0.00 5.13 5.13 5.29 5.29 5.20 4.14 4.14 4.43
0.00 0.00 0.00 0.00 0.00 0.00 0.00 0.00 0.00 0.00 0.00 0.00 0.00 0.00 0.00 5.21 5.21 5.21 1.33 4.20 5.21 5.21 4.02 1.33 1.34 1.34 1.34 1.34 1.34 1.34 1.34 1.34 1.34 1.34 1.34 1.34 1.34 1.34 1.34 1.34 1.32 1.32 1.32 1.32 1.32 1.32 1.32 1.32 1.32 1.32 1.32 1.32 1.32 4.00 4.00 4.00 1.34 1.34 1.34 1.34 1.34 0.00 0.00 0.00 0.00 0.00 0.00 0.00 0.00 0.00 0.00 0.00 0.00 0.00 0.00 0.00 0.00 5.17 5.13 5.13 5.20 4.14 4.14 4.14
0.00 0.00 0.00 0.00 0.00 0.00 0.00 0.00 0.00 0.00 0.00 0.00 0.00 0.00 0.00 0.00 0.00 5.21 5.21 5.21 5.21 5.21 1.33 1.33 1.34 1.34 1.34 1.34 1.34 1.34 1.34 1.34 1.34 1.34 0.00 0.00 0.00 0.00 0.00 0.00 0.00 0.00 0.00 0.00 0.00 0.00 1.32 1.32 1.32 1.32 1.32 1.32 4.00 4.00 4.00 4.00 1.34 1.34 1.34 1.34 1.34 0.00 0.00 0.00 0.00 0.00 0.00 0.00 0.00 0.00 0.00 0.00 0.00 0.00 0.00 0.00 0.00 0.00 0.00 0.00 0.00 4.14 4.14 4.14
0.00 0.00 0.00 0.00 0.00 0.00 0.00 0.00 0.00 0.00 0.00 0.00 0.00 0.00 0.00 0.00 0.00 0.00 0.00 0.00 0.00 0.00 5.21 1.33 1.34 1.34 1.34 1.34 1.34 1.34 1.34 1.34 1.34 0.00 0.00 0.00 0.00 0.00 0.00 0.00 0.00 0.00 0.00 0.00 0.00 0.00 0.00 0.00 0.00 1.32 1.32 1.32 4.00 4.00 4.00 4.00 4.07 1.34 1.34 1.34 1.34 0.00 0.00 0.00 0.00 0.00 0.00 0.00 0.00 0.00 0.00 0.00 0.00 0.00 0.00 0.00 0.00 0.00 0.00 0.00 0.00 1.36 4.14 4.14
0.00 0.00 0.00 0.00 0.00 0.00 0.00 0.00 0.00 0.00 0.00 0.00 0.00 0.00 0.00 0.00 0.00 0.00 0.00 0.00 0.00 0.00 0.00 5.21 1.34 1.34 1.34 1.34 1.34 1.34 1.34 1.34 0.00 0.00 0.00 0.00 0.00 0.00 0.00 0.00 0.00 0.00 0.00 0.00 0.00 0.00 0.00 0.00 0.00 0.00 1.32 1.32 1.32 1.32 4.00 4.00 4.07 1.34 1.34 1.34 4.07 0.03 0.00 0.00 0.00 0.00 0.00 0.00 0.00 0.00 0.00 0.00 0.00 0.00 0.00 0.00 0.00 0.00 0.00 0.00 0.00 4.14 1.36 4.14
0.00 0.00 0.00 0.00 0.00 0.00 0.00 0.00 0.00 0.00 0.00 0.00 0.00 0.00 0.00 0.00 0.00 0.00 0.00 0.00 0.00 0.00 0.00 0.00 0.00 0.00 0.00 0.80 0.80 0.80 0.80 0.00 0.00 0.00 0.00 0.00 0.00 0.00 0.00 0.00 0.00 0.00 0.00 0.00 0.00 0.00 0.00 0.00 0.00 0.00 0.80 0.80 0.80 0.80 2.42 2.42 2.41 2.41 2.41 0.80 0.80 2.41 0.00 0.00 0.00 0.00 0.00 0.00 0.00 0.00 0.00 0.00 0.00 0.00 0.00 0.00 0.00 0.00 0.00 0.00 0.00 0.00 3.10 0.79
0.00 0.00 0.00 0.00 0.00 0.00 0.00 0.00 0.00 0.00 0.00 0.00 0.00 0.00 0.00 0.00 0.00 0.00 0.00 0.00 0.00 0.00 0.00 0.00 0.00 0.00 0.00 0.00 0.80 0.80 0.00 0.00 0.00 0.00 0.00 0.00 0.00 0.00 0.00 0.00 0.00 0.00 0.00 0.00 0.00 0.00 0.00 0.00 0.00 0.00 0.80 0.80 0.80 0.80 2.42 2.42 2.41 2.41 2.41 2.41 0.80 0.80 0.80 0.80 0.00 0.00 0.00 0.00 0.00 0.00 0.00 0.00 0.00 0.00 0.00 0.00 0.00 0.00 0.00 0.00 0.00 0.00 0.00 0.79
0.00 0.00 0.00 0.00 0.00 0.00 0.00 0.00 0.00 0.00 0.00 0.00 0.00 0.00 0.00 0.00 0.00 0.00 0.00 0.00 0.00 0.00 0.00 0.00 0.00 0.00 0.00 0.00 0.80 0.80 0.00 0.00 0.00 0.00 0.00 0.00 0.00 0.00 0.00 0.00 0.00 0.00 0.00 0.00 0.00 0.00 0.00 0.00 0.00 0.00 0.80 0.80 0.80 0.80 2.42 2.42 2.41 2.41 2.41 2.41 0.80 0.80 2.41 2.41 0.00 0.00 0.00 0.00 0.00 0.00 0.00 0.00 0.00 0.00 0.00 0.00 0.00 0.00 0.00 0.00 0.00 0.00 0.00 0.00
0.00 0.00 0.00 0.00 0.00 0.00 0.00 0.00 0.00 0.00 0.00 0.00 0.00 0.00 0.00 0.00 0.00 0.00 0.00 0.00 0.00 0.00 0.00 0.00 0.00 0.00 0.00 0.00 3.15 0.11 0.00 0.00 0.00 0.00 0.00 0.00 0.00 0.00 0.00 0.00 0.00 0.00 0.00 0.00 0.00 0.00 0.00 0.00 0.00 0.00 0.80 0.80 0.80 0.80 2.42 2.42 2.41 2.41 2.41 2.41 2.41 2.41 2.41 2.41 0.00 0.00 0.00 0.00 0.00 0.00 0.00 0.00 0.00 0.00 0.00 0.00 0.00 0.00 0.00 0.00 0.00 0.00 0.00 0.00
