New_Model_Runs/14_Future_RCP8.5_Scn1_out/post_prcessed_with_MFR/Monthly_summaries/actual_et_monthly_JUN.asc
NCOLS 700
NROWS 400
XLLCENTER 515000.000000
YLLCENTER 8409000.000000
CELLSIZE 50.000000
NODATA_value -999.000000
[rows 190 to 227 of 400, columns 168 to 251 of 700]
0.81 0.81 2.56 2.56 2.56 0.81 0.81 0.81 0.86 0.86 0.86 0.86 0.86 0.86 0.86 0.86 0.86 0.86 0.86 0.86 0.86 0.86 0.86 0.86 0.83 0.83 0.83 0.83 0.83 0.83 0.83 0.83 0.83 0.83 0.83 0.83 0.83 0.83 0.83 0.83 0.76 0.76 0.76 0.76 0.76 0.76 0.76 0.76 0.76 0.76 0.76 0.76 0.76 0.76 0.76 0.76 0.83 0.83 0.83 0.83 0.83 0.83 0.83 0.83 0.83 0.83 1.22 0.83 0.83 0.83 0.83 0.83 0.87 0.87 0.87 0.87 0.87 0.87 0.87 0.87 0.87 0.87 0.87 0.87
0.81 0.81 0.81 1.19 0.81 0.81 0.81 0.81 0.86 0.86 0.86 0.86 0.86 0.86 0.86 0.86 0.86 0.86 0.86 0.86 0.86 0.86 0.86 0.86 0.83 0.83 0.83 0.83 0.83 0.83 0.83 0.83 0.83 0.83 0.83 0.83 0.83 0.83 0.83 0.83 0.76 0.76 0.76 0.76 0.76 0.76 0.76 0.76 0.76 0.76 0.76 0.76 0.76 0.76 0.76 0.76 0.83 0.83 0.83 0.83 0.83 0.83 0.83 0.83 0.83 0.83 0.83 0.83 0.83 0.83 0.83 0.83 0.87 0.87 0.87 0.87 0.87 0.87 0.87 0.87 0.87 0.87 0.87 0.87
0.81 0.81 0.81 1.19 0.81 0.81 0.81 0.81 0.86 0.86 0.86 0.86 0.86 0.86 0.86 0.86 0.86 0.86 0.86 0.86 0.86 0.86 0.86 0.86 0.83 0.83 0.83 0.83 0.83 0.83 0.83 0.83 0.83 0.83 0.83 0.83 0.83 0.83 0.83 0.83 0.76 0.76 0.76 0.76 0.76 0.76 0.76 0.76 0.76 0.76 0.76 0.76 0.76 0.76 0.76 0.76 0.83 0.83 0.83 0.83 0.83 0.83 0.83 0.83 0.83 0.83 0.83 0.83 0.83 0.83 0.83 0.83 0.87 0.87 0.87 0.87 0.87 0.87 0.87 0.87 0.87 0.87 0.87 0.87
0.81 0.81 0.81 0.81 0.81 0.81 0.81 0.81 0.86 0.86 0.86 0.86 0.86 0.86 0.86 0.86 0.86 0.86 0.86 0.86 0.86 0.86 0.86 0.86 0.83 0.83 0.83 0.83 0.83 0.83 0.83 0.83 0.83 0.83 0.83 0.83 0.83 0.83 0.83 0.83 0.76 0.76 0.76 0.76 0.76 0.76 0.76 0.76 0.76 0.76 0.76 0.76 0.76 0.76 0.76 0.76 0.83 0.83 0.83 0.83 0.83 0.83 0.83 0.83 0.83 0.83 0.83 0.83 0.83 0.83 0.83 0.83 0.87 0.87 0.87 0.87 0.87 0.87 0.87 0.87 0.87 0.87 0.87 0.87
0.76 0.76 0.76 0.76 0.76 0.76 0.76 0.76 0.78 0.78 0.78 0.78 0.78 0.78 0.78 0.78 0.78 0.78 0.78 0.78 0.78 0.78 0.78 0.78 0.71 0.71 0.71 0.71 0.71 0.71 0.71 0.71 0.71 0.71 0.71 0.71 0.71 0.71 0.71 0.71 0.69 0.69 0.69 0.69 0.69 0.69 0.69 0.69 0.69 0.69 0.69 0.69 0.69 0.69 0.69 0.69 0.78 0.78 0.78 0.78 0.78 0.78 0.78 0.78 0.78 0.78 0.78 0.78 0.78 0.78 0.78 0.78 0.82 0.82 0.82 0.82 0.82 0.82 0.82 0.82 0.82 0.82 0.82 0.82
0.76 0.76 0.76 0.76 0.76 0.76 0.76 0.76 0.78 0.78 0.78 0.78 0.78 0.78 0.78 0.78 0.78 0.78 0.78 0.78 0.78 0.78 0.78 0.78 0.71 0.71 0.71 0.71 0.71 0.71 0.71 0.71 0.71 0.71 0.71 0.71 0.71 0.71 0.71 0.71 0.69 0.69 0.69 0.69 0.69 0.69 0.69 0.69 0.69 0.69 0.69 0.69 0.69 0.69 0.69 0.69 0.78 0.78 0.78 0.78 0.78 0.78 0.78 0.78 0.78 0.78 0.78 0.78 0.78 0.78 0.78 0.78 0.82 0.82 0.82 0.82 0.82 0.82 0.82 0.82 0.82 0.82 0.82 0.82
0.76 0.76 0.76 0.76 0.76 0.76 0.76 0.76 0.78 0.78 0.78 0.78 0.78 0.78 0.78 0.78 0.78 0.78 0.78 0.78 0.78 0.78 0.78 0.78 0.71 0.71 0.71 0.71 0.71 0.71 0.71 0.71 0.71 0.71 0.71 0.71 0.71 0.71 0.71 0.71 0.69 0.69 0.69 0.69 0.69 0.69 0.69 0.69 0.69 0.69 0.69 0.69 0.69 0.69 0.69 0.69 0.78 0.78 0.78 0.78 0.78 0.78 0.78 0.78 0.78 0.78 0.78 0.78 0.78 0.78 0.78 0.78 0.82 0.82 0.82 0.82 0.82 0.82 0.82 0.82 0.82 0.82 0.82 0.82
0.76 0.76 0.76 0.76 0.76 0.76 0.76 0.76 0.78 0.78 0.78 0.78 0.78 0.78 0.78 0.78 0.78 0.78 0.78 0.78 0.78 0.78 0.78 0.78 0.71 0.71 0.71 0.71 0.71 0.71 0.71 0.71 0.71 0.71 0.71 0.71 0.71 0.71 0.71 0.71 0.69 0.69 0.69 0.69 0.69 0.69 0.69 0.69 0.69 0.69 0.69 0.69 0.69 0.69 0.69 0.69 0.78 0.78 0.78 0.78 0.78 0.78 0.78 0.78 0.78 0.78 0.78 0.78 0.78 0.78 0.78 0.78 0.82 0.82 0.82 0.82 0.82 0.82 0.82 0.82 0.82 0.82 0.82 0.82
0.76 0.76 0.76 0.76 0.76 0.76 0.76 0.76 0.78 0.78 0.78 0.78 0.78 0.78 0.78 0.78 0.78 0.78 0.78 0.78 0.78 0.78 0.78 0.78 0.71 0.71 0.71 0.71 0.71 0.71 0.71 0.71 0.71 0.71 0.71 0.71 0.71 0.71 0.71 0.71 0.69 0.69 0.69 0.69 0.69 0.69 0.69 0.69 0.69 0.69 0.69 0.69 0.69 0.69 0.69 0.69 0.78 0.78 0.78 0.78 0.78 0.78 0.78 0.78 0.78 0.78 0.78 0.78 0.78 0.78 0.78 0.78 0.82 0.82 0.82 0.82 0.82 0.82 0.82 0.82 0.82 0.82 0.82 0.82
0.76 0.76 0.76 0.76 0.76 0.76 0.76 0.76 0.78 0.78 0.78 0.78 0.78 0.78 0.78 0.78 0.78 0.78 0.78 0.78 0.78 0.78 0.78 0.78 0.71 0.71 0.71 0.71 0.71 0.71 0.71 0.71 0.71 0.71 0.71 0.71 0.71 0.71 0.71 0.71 0.69 0.69 0.69 0.69 0.69 0.69 0.69 0.69 0.69 0.69 0.69 0.69 0.69 0.69 0.69 0.69 0.78 0.78 0.78 0.78 0.78 0.78 0.78 0.78 0.78 0.78 0.78 0.78 0.78 0.78 0.78 0.78 0.81 0.81 0.81 0.81 0.81 0.81 0.81 0.81 0.81 0.81 0.81 0.81
0.76 0.76 0.76 0.76 0.76 0.76 0.76 0.76 0.78 0.78 0.78 0.78 0.78 0.78 0.78 0.78 0.78 0.78 0.78 0.78 0.78 0.78 0.78 0.78 0.71 0.71 0.71 0.71 0.71 0.71 0.71 0.71 0.71 0.71 0.71 0.71 0.71 0.71 0.71 0.71 0.69 0.69 0.69 0.69 0.69 0.69 0.69 0.69 0.69 0.69 0.69 0.69 0.69 0.69 0.69 0.69 0.78 0.78 0.78 0.78 0.78 0.78 0.78 0.78 0.78 0.78 0.78 0.78 0.78 0.78 0.78 0.78 0.81 0.81 0.81 0.81 0.81 0.81 0.81 0.81 0.81 0.81 0.81 0.81
0.76 0.76 0.76 0.76 0.76 0.76 0.76 0.76 0.78 0.78 0.78 0.78 0.78 0.78 0.78 0.78 0.78 0.78 0.78 0.78 0.78 0.78 0.78 0.78 0.71 0.71 0.71 0.71 0.71 0.71 0.71 0.71 0.71 0.71 0.71 0.71 0.71 0.71 0.71 0.71 0.69 0.69 0.69 0.69 0.69 0.69 0.69 0.69 0.69 0.69 0.69 0.69 0.69 0.69 0.69 0.69 0.78 0.78 0.78 0.78 0.78 0.78 0.78 0.78 0.78 0.78 0.78 0.78 0.78 0.78 0.78 0.78 0.81 0.81 0.81 0.81 0.81 0.81 0.81 0.81 0.81 0.81 0.81 0.81
0.76 0.76 0.76 0.76 0.76 0.76 0.76 0.76 0.78 0.78 0.78 0.78 0.78 0.78 0.78 0.78 0.78 0.78 0.78 0.78 0.78 0.78 0.78 0.78 0.71 0.71 0.71 0.71 0.71 0.71 0.71 0.71 0.71 0.71 0.71 0.71 0.71 0.71 0.71 0.71 0.69 0.69 0.69 0.69 0.69 0.69 0.69 0.69 0.69 0.69 0.69 0.69 0.69 0.69 0.69 0.69 0.78 0.78 0.78 0.78 0.78 0.78 0.78 0.78 0.78 0.78 0.78 0.78 0.78 0.78 0.78 0.78 0.81 0.81 0.81 0.81 0.81 0.81 0.81 0.81 0.81 0.81 0.81 0.81
0.76 0.76 0.76 0.76 0.76 0.76 0.76 0.76 0.78 0.78 0.78 0.78 0.78 0.78 0.78 0.78 0.78 0.78 0.78 0.78 0.78 0.78 0.78 0.78 0.71 0.71 0.71 0.71 0.71 0.71 0.71 0.71 0.71 0.71 0.71 0.71 0.71 0.71 0.71 0.71 0.69 0.69 0.69 0.69 0.69 0.69 0.69 0.69 0.69 0.69 0.69 0.69 0.69 0.69 0.69 0.69 0.78 0.78 0.78 0.78 0.78 0.78 0.78 0.78 0.78 0.78 0.78 0.78 0.78 0.78 0.78 0.78 0.81 0.81 0.81 0.81 0.81 0.81 0.81 0.81 0.81 0.81 0.81 0.81
0.76 0.76 0.76 0.76 0.76 0.76 0.76 0.76 0.78 0.78 0.78 0.78 0.78 0.78 0.78 0.78 0.78 0.78 0.78 0.78 0.78 0.78 0.78 0.78 0.71 0.71 0.71 0.71 0.71 0.71 0.71 0.71 0.71 0.71 0.71 0.71 0.71 0.71 0.71 0.71 0.69 0.69 0.69 0.69 0.69 0.69 0.69 0.69 0.69 0.69 0.69 0.69 0.69 0.69 0.69 0.69 0.78 0.78 0.78 0.78 0.78 0.78 0.78 0.78 0.78 0.78 0.78 0.78 0.78 0.78 0.78 0.78 0.81 0.81 0.81 0.81 0.81 0.81 0.81 0.81 0.81 0.81 0.81 0.81
0.76 0.76 0.76 0.76 0.76 0.76 0.76 0.76 0.78 0.78 0.78 0.78 0.78 0.78 0.78 0.78 0.78 0.78 0.78 0.78 0.78 0.78 0.78 0.78 0.71 0.71 0.71 0.71 0.71 0.71 0.71 0.71 0.71 0.71 0.71 0.71 0.71 0.71 0.71 0.71 0.69 0.69 0.69 0.69 0.69 0.69 0.69 0.69 0.69 0.69 0.69 0.69 0.69 0.69 0.69 0.69 0.78 0.78 0.78 0.78 0.78 0.78 0.78 0.78 0.78 0.78 0.78 0.78 0.78 0.78 0.78 0.78 0.81 0.81 0.81 0.81 0.81 0.81 0.81 0.81 0.81 0.81 0.81 0.81
0.76 0.76 0.76 0.76 0.76 0.76 0.76 0.76 0.78 0.78 0.78 0.78 0.78 0.78 0.78 0.78 0.78 0.78 0.78 0.78 0.78 0.78 0.78 0.78 0.71 0.71 0.71 0.71 0.71 0.71 0.71 0.71 0.71 0.71 0.71 0.71 0.71 0.71 0.71 0.71 0.69 0.69 0.69 0.69 0.69 0.69 0.69 0.69 0.69 0.69 0.69 0.69 0.69 0.69 0.69 0.69 0.78 0.78 0.78 0.78 0.78 0.78 0.78 0.78 0.78 0.78 0.78 0.78 0.78 0.78 0.78 0.78 0.81 0.81 0.81 0.81 0.81 0.81 0.81 0.81 0.81 0.81 0.81 0.81
0.76 0.76 0.76 0.76 0.76 0.76 0.76 0.76 0.78 0.78 0.78 0.78 0.78 0.78 0.78 0.78 0.78 0.78 0.78 0.78 0.78 2.35 0.78 0.78 0.71 0.71 0.71 0.71 0.71 0.71 0.71 0.71 0.71 0.71 0.71 0.71 0.71 0.71 0.71 0.71 0.69 0.69 0.69 0.69 0.69 0.69 0.69 0.69 0.69 0.69 0.69 0.69 0.69 0.69 0.69 0.69 0.78 0.78 0.78 0.78 0.78 0.78 0.78 0.78 0.78 0.78 0.78 0.78 0.78 0.78 0.78 0.78 0.81 0.81 0.81 0.81 0.81 0.81 0.81 0.81 0.81 0.81 0.81 0.81
0.76 0.76 0.76 0.76 0.76 0.76 0.76 0.76 0.78 0.78 0.78 0.78 0.78 0.78 0.78 0.78 0.78 0.78 0.78 0.78 0.78 2.35 0.78 0.78 0.71 0.71 0.71 0.71 0.71 0.71 0.71 2.80 2.16 0.71 0.71 0.71 0.71 0.71 0.71 0.71 0.69 0.69 0.69 0.69 0.69 0.69 0.69 0.69 0.69 0.69 0.69 0.69 0.69 0.69 0.69 0.69 0.78 0.78 0.78 0.78 0.78 0.78 0.78 0.78 0.78 0.78 0.78 0.78 0.78 0.78 0.78 0.78 0.81 0.81 0.81 0.81 0.81 0.81 0.81 0.81 0.81 0.81 0.81 0.81
0.76 0.76 0.76 0.76 0.76 0.76 0.76 0.76 0.78 0.78 0.78 0.78 0.78 0.78 0.78 0.78 0.78 2.35 2.35 2.57 2.57 2.35 0.78 0.78 0.71 0.71 0.71 0.71 0.71 0.71 0.71 2.80 2.16 0.71 0.71 0.71 0.71 0.71 0.71 0.71 0.69 0.69 0.69 0.69 0.69 0.69 0.69 0.69 0.69 0.69 0.69 0.69 0.69 0.69 0.69 0.69 0.78 0.78 0.78 0.78 0.78 0.78 0.78 0.78 0.78 0.78 0.78 0.78 0.78 0.78 0.78 0.78 0.81 0.81 0.81 0.81 0.81 0.81 0.81 0.81 0.81 0.81 0.81 0.81
0.71 0.71 0.71 0.71 0.71 0.71 0.71 0.71 0.70 0.70 0.70 0.70 0.70 0.70 0.70 0.70 2.12 2.12 2.33 2.33 2.33 0.70 0.70 0.70 0.65 0.65 0.65 0.65 0.65 0.65 0.65 0.95 0.65 0.65 0.65 0.65 0.65 0.65 0.65 0.65 0.68 0.68 0.68 0.68 0.68 0.68 0.68 0.68 0.68 0.68 0.68 0.68 0.68 0.68 0.68 0.68 0.70 0.70 0.70 0.70 0.70 0.70 0.70 0.70 0.70 0.70 0.70 0.70 0.70 0.70 0.70 0.70 0.73 0.73 0.73 0.73 0.73 0.73 0.73 0.73 0.73 0.73 0.73 0.73
0.71 0.71 0.71 0.71 0.71 0.71 0.71 0.71 0.70 0.70 0.70 0.70 0.70 0.70 0.70 0.70 2.12 2.32 2.32 0.70 0.70 0.70 0.70 0.70 0.65 0.65 2.17 2.17 2.17 0.65 0.65 0.65 0.65 0.65 0.65 0.65 0.65 0.65 0.65 0.65 0.68 0.68 0.68 0.68 0.68 0.68 0.68 0.68 0.68 0.68 0.68 0.68 0.68 0.68 0.68 0.68 0.70 0.70 0.70 0.70 0.70 0.70 0.70 0.70 0.70 0.70 0.70 0.70 0.70 0.70 0.70 0.70 0.73 0.73 0.73 0.73 0.73 0.73 0.73 0.73 0.73 0.73 0.73 0.73
0.71 0.71 0.71 0.71 0.71 0.71 0.71 0.71 0.70 0.70 0.70 0.70 0.70 2.12 2.12 2.33 2.12 0.70 2.32 2.32 2.33 0.70 0.70 0.70 0.65 2.17 2.17 2.17 2.17 2.56 2.17 1.97 0.65 0.65 0.65 0.65 0.65 0.65 0.65 0.65 0.68 0.68 0.68 0.68 0.68 0.68 0.68 0.68 0.68 0.68 0.68 0.68 0.68 0.68 0.68 0.68 0.70 0.70 0.70 0.70 0.70 0.70 0.70 0.70 0.70 0.70 0.70 0.70 0.70 0.70 0.70 0.70 0.73 0.73 0.73 0.73 0.73 0.73 0.73 0.73 0.73 0.73 0.73 0.73
0.71 0.71 0.71 0.71 0.71 0.71 0.71 0.71 0.70 0.70 0.70 0.70 2.12 2.12 2.33 2.33 2.33 2.32 2.32 2.75 2.32 2.32 0.70 0.70 0.65 2.17 2.17 2.17 2.17 2.56 2.17 1.97 0.65 0.65 0.65 0.65 0.65 0.65 0.65 0.65 0.68 0.68 0.68 0.68 0.68 0.68 0.68 0.68 0.68 0.68 0.68 0.68 0.68 0.68 0.68 0.68 0.70 0.70 0.70 0.70 0.70 0.70 0.70 0.70 0.70 0.70 0.70 0.70 0.70 0.70 0.70 0.70 0.73 0.73 0.73 0.73 0.73 0.73 0.73 0.73 0.73 0.73 0.73 0.73
0.71 0.71 0.71 0.71 0.71 0.71 0.71 0.71 0.70 0.70 0.70 0.70 2.33 2.33 2.32 2.32 2.32 2.75 2.75 2.73 2.32 2.32 0.70 2.32 2.17 2.17 2.17 2.17 2.17 2.17 2.17 1.97 1.97 0.65 0.65 0.65 0.65 0.65 0.65 0.65 0.68 0.68 0.68 0.68 0.68 0.68 0.68 0.68 0.68 0.68 0.68 0.68 0.68 0.68 0.68 0.68 0.70 0.70 0.70 0.70 0.70 0.70 0.70 0.70 0.70 0.70 0.70 0.70 0.70 0.70 0.70 0.70 0.73 0.73 0.73 0.73 0.73 0.73 0.73 0.73 0.73 0.73 0.73 0.73
2.37 2.80 0.71 0.71 0.71 0.71 0.71 0.71 0.70 0.70 0.70 2.33 2.33 0.70 0.70 2.12 2.32 0.70 2.12 2.32 1.03 0.70 2.12 2.32 2.17 2.17 2.17 2.17 2.17 2.17 2.17 1.97 1.97 0.65 0.65 0.65 0.65 0.65 0.65 0.65 0.68 0.68 0.68 0.68 0.68 0.68 0.68 0.68 0.68 0.68 0.68 0.68 0.68 0.68 0.68 0.68 0.70 0.70 0.70 0.70 0.70 0.70 0.70 0.70 0.70 0.70 0.70 0.70 0.70 0.70 0.70 0.70 0.73 0.73 0.73 0.73 0.73 0.73 0.73 0.73 0.73 0.73 0.73 0.73
2.80 2.80 0.71 2.37 0.71 2.37 0.71 2.37 2.33 0.70 0.70 2.33 2.33 0.70 2.21 2.12 2.73 0.64 2.12 2.32 2.32 2.32 2.32 2.32 2.17 2.17 2.17 2.56 1.97 1.97 1.97 1.97 0.65 0.65 0.65 0.65 0.65 0.65 0.65 0.65 0.68 0.68 0.68 0.68 0.68 0.68 0.68 0.68 0.68 0.68 0.68 0.68 0.68 0.68 0.68 0.68 0.70 0.70 0.70 0.70 0.70 0.70 0.70 0.70 0.70 0.70 0.70 0.70 0.70 2.21 0.70 0.70 0.73 0.73 0.73 0.73 0.73 0.73 0.73 0.73 0.73 0.73 0.73 0.73
0.71 2.37 0.71 2.37 0.71 0.71 2.37 2.37 0.70 0.70 0.70 2.33 2.33 2.33 2.73 2.75 2.73 2.12 2.32 2.32 2.32 2.32 2.32 2.32 2.17 2.17 2.56 2.56 2.56 0.65 0.65 0.65 0.65 0.65 0.65 0.65 0.65 0.65 0.65 0.65 0.68 0.68 0.68 0.68 0.68 0.68 0.68 0.68 0.68 0.68 0.68 0.68 0.68 0.68 0.68 0.68 0.70 0.70 0.70 0.70 0.70 0.70 0.70 0.70 0.70 0.70 0.70 0.70 0.70 0.70 0.70 0.70 0.73 0.73 0.73 0.73 0.73 0.73 0.73 0.73 0.73 0.73 0.73 0.73
0.71 2.37 2.37 2.37 0.71 0.71 2.37 2.37 2.33 0.70 0.70 2.32 2.32 2.32 2.32 0.70 2.32 2.32 2.32 2.12 2.32 2.32 2.32 2.73 2.56 2.56 2.56 2.56 0.65 2.06 0.65 0.65 0.65 0.65 0.65 0.65 0.65 0.65 0.65 0.65 0.68 0.68 0.68 0.68 0.68 0.68 0.68 0.68 0.68 0.68 0.68 0.68 0.68 0.68 0.68 0.68 0.70 0.70 0.70 0.70 0.70 0.70 0.70 0.70 0.70 0.70 0.70 0.70 0.70 0.70 0.70 0.70 0.73 0.73 0.73 0.73 0.73 0.73 0.73 0.73 0.73 0.73 0.73 0.73
0.71 2.37 2.37 2.37 0.71 0.71 2.16 2.37 0.70 0.70 2.12 2.12 2.32 1.03 2.12 0.70 0.70 2.32 2.32 2.12 2.32 2.12 2.73 2.73 2.56 2.56 2.56 1.97 1.97 0.65 0.65 0.65 0.65 0.65 0.65 0.65 0.65 0.65 0.95 0.65 0.68 0.68 0.68 0.68 0.68 0.68 0.68 0.68 0.68 0.68 0.68 0.68 0.68 0.68 0.68 0.68 0.70 0.70 0.70 0.70 0.70 0.70 0.70 0.70 0.70 0.70 0.70 0.70 0.70 0.70 0.70 0.70 0.73 0.73 0.73 0.73 0.73 0.73 0.73 0.73 0.73 0.73 0.73 0.73
0.71 0.71 0.71 0.71 2.37 2.37 2.16 2.37 0.70 0.70 0.70 2.32 2.32 2.12 2.12 0.70 0.70 0.70 2.32 2.12 2.12 0.70 2.73 2.73 2.56 2.56 2.56 1.97 1.97 1.97 0.65 0.65 0.65 0.65 0.65 0.65 0.65 0.65 0.65 0.95 0.68 0.68 0.68 0.68 0.68 2.27 2.28 0.68 0.68 0.68 0.68 0.68 0.68 0.68 0.68 0.68 0.70 0.70 0.70 0.70 0.70 0.70 0.70 0.70 0.70 0.70 0.70 0.70 0.70 0.70 0.70 0.70 0.73 0.73 0.73 0.73 0.73 0.73 0.73 0.73 0.73 0.73 0.73 0.73
0.71 0.71 0.71 0.71 0.71 0.71 0.71 2.16 1.03 0.70 0.70 0.70 2.32 2.12 2.12 2.12 2.12 2.32 2.32 2.12 2.12 2.12 0.70 2.73 2.56 2.56 1.97 2.17 1.97 2.17 0.65 2.17 0.65 0.65 0.65 0.65 0.65 0.65 0.95 0.95 0.68 0.68 0.68 2.27 2.27 2.27 2.28 0.68 0.68 0.68 0.68 0.68 0.68 0.68 0.68 0.68 0.70 0.70 0.70 0.70 0.70 0.70 0.70 0.70 0.70 0.70 0.70 0.70 0.70 0.70 0.70 0.70 0.73 0.73 0.73 0.73 0.73 0.73 0.73 0.73 0.73 0.73 0.73 0.73
0.71 0.71 0.71 0.71 0.71 0.71 0.71 2.16 2.12 0.70 0.70 0.70 2.75 2.75 2.73 2.73 2.73 2.32 2.32 2.12 2.32 2.12 2.32 2.32 2.56 2.56 2.56 2.17 1.97 2.17 2.17 1.97 1.97 0.65 0.65 2.17 0.95 0.65 0.95 0.95 2.28 2.27 2.27 2.27 2.27 2.27 2.28 0.68 0.68 0.68 0.68 0.68 0.68 0.68 0.68 0.68 0.70 0.70 0.70 0.70 0.70 0.70 0.70 0.70 0.70 0.70 0.70 2.21 2.21 0.70 0.70 0.70 0.73 0.73 0.73 0.73 0.73 0.73 0.73 0.73 0.73 0.73 0.73 0.73
0.71 0.71 0.71 0.71 0.71 0.71 2.80 2.80 2.75 0.70 0.70 0.70 2.75 2.75 2.75 2.75 2.33 2.32 2.32 2.32 2.32 2.32 2.32 2.32 2.56 2.17 2.17 2.17 2.17 2.17 2.17 1.97 2.17 2.17 0.65 2.17 2.17 2.17 2.17 2.17 2.27 2.27 2.27 2.27 2.27 2.27 0.68 0.68 0.68 0.68 0.68 0.68 0.68 0.68 0.68 0.68 0.70 0.70 0.70 0.70 0.70 0.70 0.70 2.21 2.21 2.21 2.21 2.21 2.21 2.21 2.21 2.21 2.30 2.30 0.73 0.73 0.73 0.73 0.73 0.73 0.73 0.73 0.73 0.73
0.71 2.80 0.71 0.71 0.71 0.71 2.80 0.71 0.70 0.70 0.70 0.70 2.75 2.33 2.33 2.75 2.33 2.33 2.33 2.33 2.33 2.32 2.33 2.75 2.56 2.17 2.17 2.17 1.97 1.97 2.17 1.97 1.97 2.17 2.17 2.17 2.17 2.17 2.17 2.17 2.27 2.27 2.27 2.27 2.27 0.68 0.68 0.68 0.68 0.68 0.68 0.68 0.68 0.68 0.68 0.68 0.70 0.70 0.70 0.70 0.70 0.70 0.70 2.21 2.21 2.21 2.21 2.21 2.21 2.21 2.21 2.21 0.73 0.73 0.73 0.73 0.73 0.73 0.73 0.73 0.73 0.73 0.73 0.73
2.37 0.71 0.71 0.71 2.37 0.71 2.80 0.71 0.70 2.75 2.75 0.70 2.33 2.33 2.75 2.20 2.75 2.33 2.33 2.33 2.33 2.33 2.33 2.33 2.17 2.17 2.17 2.17 2.17 2.17 2.17 1.97 2.17 2.17 2.17 2.17 2.17 2.17 2.17 2.17 2.27 2.27 2.27 2.27 2.27 2.27 2.27 2.27 2.27 2.27 2.27 2.27 2.27 2.27 2.27 0.68 0.70 0.70 0.70 0.70 0.70 0.70 0.70 2.21 2.21 2.21 2.21 0.70 0.70 2.21 0.70 0.70 0.73 0.73 0.73 0.73 0.73 0.73 0.73 0.73 0.73 0.73 0.73 0.73
2.11 2.74 0.70 2.32 2.32 2.32 2.74 0.70 2.79 0.71 2.79 2.37 2.15 2.37 2.79 2.79 2.79 2.37 2.37 2.37 2.37 2.37 2.37 2.79 2.15 2.15 2.15 1.96 2.15 2.15 2.15 2.15 2.15 2.15 2.15 2.15 2.15 2.15 2.15 2.15 2.04 2.04 2.04 2.04 2.04 2.04 2.04 2.04 2.04 2.04 2.04 2.04 2.41 2.41 2.04 1.94 0.69 0.69 0.69 0.69 0.69 0.69 0.69 2.17 2.17 0.69 0.69 0.69 2.17 2.17 2.17 2.17 0.74 0.74 0.74 0.74 0.74 0.74 0.74 0.74 0.74 0.74 0.74 0.74
2.74 0.70 1.02 2.32 2.32 2.32 2.32 2.32 0.71 2.37 2.37 2.15 2.37 2.37 2.37 2.37 2.79 2.79 2.15 2.79 2.79 2.37 2.37 2.79 2.54 2.15 2.15 2.15 2.15 2.15 2.15 2.15 2.15 2.15 2.15 2.15 2.15 2.15 2.15 2.15 2.04 2.04 2.04 2.04 2.04 2.04 2.04 2.04 2.04 2.41 2.41 2.04 2.04 2.41 2.41 1.94 2.28 2.17 0.69 0.69 0.69 2.29 0.69 0.69 2.17 0.69 0.69 0.69 2.17 0.69 0.69 0.69 0.74 0.74 0.74 0.74 0.74 0.74 0.74 0.74 0.74 0.74 0.74 0.74
