New_Model_Runs/14_Future_RCP8.5_Scn1_out/post_prcessed_with_MFR/Monthly_summaries/actual_et_monthly_JAN.asc
NCOLS 700
NROWS 400
XLLCENTER 515000.000000
YLLCENTER 8409000.000000
CELLSIZE 50.000000
NODATA_value -999.000000
[rows 190 to 227 of 400, columns 84 to 167 of 700]
0.00 0.00 0.00 0.00 0.00 0.00 0.00 0.00 0.00 0.00 0.00 0.00 0.00 0.00 0.00 0.00 0.00 0.00 0.00 0.00 0.00 0.00 0.00 0.00 0.00 0.99 0.99 0.99 1.49 1.49 1.49 1.49 1.49 1.49 1.49 1.49 1.49 1.49 1.49 1.49 1.49 1.49 1.49 1.49 1.45 1.45 1.45 1.45 1.45 1.45 1.45 1.45 1.45 1.45 1.45 1.45 1.45 1.45 1.45 1.45 1.46 1.46 1.46 1.46 1.46 1.46 1.46 1.46 1.46 1.46 1.46 1.46 1.46 1.46 1.46 1.46 1.49 1.49 1.49 1.49 1.49 1.49 1.49 1.49
0.00 0.00 0.00 0.00 0.00 0.00 0.00 0.00 0.00 0.00 0.00 0.00 0.00 0.00 0.00 0.00 0.00 0.00 0.00 0.00 0.00 0.00 0.00 0.00 0.00 0.99 2.99 1.45 4.52 1.49 1.49 1.49 1.49 1.49 1.49 1.49 1.49 1.49 1.49 1.49 1.49 1.49 1.49 1.49 1.45 1.45 1.45 1.45 1.45 1.45 1.45 1.45 1.45 1.45 1.45 1.45 1.45 1.45 1.45 1.45 1.46 1.46 1.46 1.46 1.46 1.46 1.46 1.46 1.46 1.46 1.46 1.46 1.46 1.46 1.46 1.46 1.49 1.49 1.49 1.49 1.49 1.49 1.49 1.49
0.00 0.00 0.00 0.00 0.00 0.00 0.00 0.00 0.00 0.00 0.00 0.00 0.00 0.00 0.00 0.00 0.00 0.00 0.00 0.00 0.00 0.00 0.00 0.00 0.00 0.00 2.99 3.88 4.52 4.52 1.49 1.49 1.49 1.49 1.49 1.49 1.49 1.49 1.49 1.49 1.49 1.49 1.49 1.49 1.45 1.45 1.45 1.45 1.45 1.45 1.45 1.45 1.45 1.45 1.45 1.45 1.45 1.45 1.45 1.45 1.46 1.46 1.46 1.46 1.46 1.46 1.46 1.46 1.46 1.46 1.46 1.46 1.46 1.46 1.46 1.46 1.49 1.49 1.49 1.49 1.49 1.49 1.49 1.49
0.00 0.00 0.00 0.00 0.00 0.00 0.00 0.00 0.00 0.00 0.00 0.00 0.00 0.00 0.00 0.00 0.00 0.00 0.00 0.00 0.00 0.00 0.00 0.00 0.00 0.00 2.71 0.99 1.49 1.49 1.49 1.49 1.49 1.49 1.49 1.49 1.49 1.49 1.49 1.49 1.49 1.49 1.49 1.49 1.45 1.45 1.45 1.45 1.45 1.45 1.45 1.45 1.45 1.45 1.45 1.45 1.45 1.45 1.45 1.45 1.46 1.46 1.46 1.46 1.46 1.46 1.46 1.46 1.46 1.46 1.46 1.46 1.46 1.46 1.46 1.46 1.49 1.49 1.49 1.49 1.49 1.49 1.49 1.49
0.00 0.00 0.00 0.00 0.00 0.00 0.00 0.00 0.00 0.00 0.00 0.00 0.00 0.00 0.00 0.00 0.00 0.00 0.00 0.00 0.00 0.00 0.00 0.00 0.00 0.00 5.78 4.89 1.48 1.48 1.48 1.48 1.48 1.48 1.48 1.48 1.48 1.48 1.48 1.48 1.48 1.48 1.48 1.48 1.41 1.41 1.41 1.41 1.41 1.41 1.41 1.41 1.41 1.41 1.41 1.41 1.41 1.41 1.41 1.41 1.34 1.34 1.34 1.34 1.34 1.34 1.34 1.34 1.34 1.34 1.34 1.34 1.34 1.34 1.34 1.34 1.44 1.44 1.44 1.44 1.44 1.44 1.44 1.44
0.00 0.00 0.00 0.00 0.00 0.00 0.00 0.00 0.00 0.00 0.00 0.00 0.00 0.00 0.00 0.00 0.00 0.00 0.00 0.00 0.00 0.00 1.53 0.00 0.00 5.64 3.63 4.89 1.48 1.48 1.48 1.48 1.48 1.48 1.48 1.48 1.48 1.48 1.48 1.48 1.48 1.48 1.48 1.48 1.41 1.41 1.41 1.41 1.41 1.41 1.41 1.41 1.41 1.41 1.41 1.41 1.41 1.41 1.41 1.41 1.34 1.34 1.34 1.34 1.34 1.34 1.34 1.34 1.34 1.34 1.34 1.34 1.34 1.34 1.34 1.34 1.44 1.44 1.44 1.44 1.44 1.44 1.44 1.44
0.00 0.00 0.00 0.00 0.00 0.00 0.00 0.00 0.00 0.00 0.00 0.00 0.00 0.00 0.00 0.00 0.00 0.00 0.00 0.00 0.00 1.53 1.53 1.53 1.53 5.78 5.75 1.53 1.48 1.48 1.48 1.48 1.48 1.48 1.48 1.48 1.48 1.48 1.48 1.48 1.48 1.48 1.48 1.48 1.41 1.41 1.41 1.41 1.41 1.41 1.41 1.41 1.41 1.41 1.41 1.41 1.41 1.41 1.41 1.41 1.34 1.34 1.34 1.34 1.34 1.34 1.34 1.34 1.34 1.34 1.34 1.34 1.34 1.34 1.34 1.34 1.44 1.44 1.44 1.44 1.44 1.44 1.44 1.44
0.00 0.00 0.00 0.00 0.00 0.00 0.00 0.00 0.00 0.00 0.00 0.00 0.00 0.00 0.00 0.00 0.00 0.00 0.00 0.00 1.53 1.53 1.53 1.53 4.86 4.86 4.61 5.82 1.48 1.48 1.48 1.48 1.48 1.48 1.48 1.48 1.48 1.48 1.48 1.48 1.48 1.48 1.48 1.48 1.41 1.41 1.41 1.41 1.41 1.41 1.41 1.41 1.41 1.41 1.41 1.41 1.41 1.41 1.41 1.41 1.34 1.34 1.34 1.34 1.34 1.34 1.34 1.34 1.34 1.34 1.34 1.34 1.34 1.34 1.34 1.34 1.44 1.44 1.44 1.44 1.44 1.44 1.44 1.44
0.00 0.00 0.00 0.00 0.00 0.00 0.00 0.00 0.00 0.00 0.00 0.00 0.00 0.00 0.00 0.00 0.00 0.00 0.00 1.53 1.53 1.53 1.53 2.24 4.61 4.61 4.86 4.86 4.77 1.48 1.48 1.48 1.48 1.48 1.48 1.48 1.48 1.48 1.48 1.48 1.48 1.48 1.48 1.48 1.41 1.41 1.41 1.41 1.41 1.41 1.41 1.41 1.41 1.41 1.41 1.41 1.41 1.41 1.41 1.41 1.34 1.34 1.34 1.34 1.34 1.34 1.34 1.34 1.34 1.34 1.34 1.34 1.34 1.34 1.34 1.34 1.44 1.44 1.44 1.44 1.44 1.44 1.44 1.44
0.00 0.00 5.81 0.00 0.00 0.00 0.00 0.00 0.00 0.00 0.00 0.00 0.00 0.00 5.90 1.10 0.00 5.67 1.53 1.53 1.53 1.53 1.53 1.53 1.53 1.53 1.53 4.61 4.47 1.48 1.48 1.48 1.48 1.48 1.48 1.48 1.48 1.48 1.48 1.48 1.48 1.48 1.48 1.48 1.41 1.41 1.41 1.41 1.41 1.41 1.41 1.41 1.41 1.41 1.41 1.41 1.41 1.41 1.41 1.41 1.34 1.34 1.34 1.34 1.34 1.34 1.34 1.34 1.34 1.34 1.34 1.34 1.34 1.34 1.34 1.34 1.44 1.44 1.44 1.44 1.44 1.44 1.44 1.44
0.00 1.51 1.51 1.51 1.51 0.00 0.00 0.00 0.00 0.00 0.00 0.00 0.00 0.00 5.90 1.53 1.53 1.53 1.53 1.53 1.53 1.53 1.53 1.53 1.53 1.53 1.53 4.61 4.47 4.47 1.48 1.48 1.48 1.48 1.48 1.48 1.48 1.48 1.48 1.48 1.48 1.48 1.48 1.48 1.41 1.41 1.41 1.41 1.41 1.41 1.41 1.41 1.41 1.41 1.41 1.41 1.41 1.41 1.41 1.41 1.34 1.34 1.34 1.34 1.34 1.34 1.34 1.34 1.34 1.34 1.34 1.34 1.34 1.34 1.34 1.34 1.44 1.44 1.44 1.44 1.44 1.44 1.44 1.44
0.00 1.10 1.51 1.51 1.51 0.00 0.00 0.00 0.00 0.00 0.00 0.00 0.00 0.00 1.53 1.53 1.53 1.53 1.53 1.53 1.53 1.53 1.53 1.53 1.53 1.53 1.53 1.53 1.48 1.48 1.48 1.48 1.48 1.48 1.48 1.48 1.48 1.48 1.48 1.48 1.48 1.48 1.48 1.48 1.41 1.41 1.41 1.41 1.41 1.41 1.41 1.41 1.41 1.41 1.41 1.41 1.41 1.41 1.41 1.41 1.34 1.34 1.34 1.34 1.34 1.34 1.34 1.34 1.34 1.34 1.34 1.34 1.34 1.34 1.34 1.34 1.44 1.44 1.44 1.44 1.44 1.44 1.44 1.44
0.00 1.51 1.51 1.51 1.51 1.51 0.00 0.00 0.00 0.00 0.00 0.00 0.00 1.53 1.53 1.53 1.53 1.53 4.63 5.05 1.53 1.53 1.53 1.53 1.53 1.53 1.53 1.53 1.48 1.48 1.48 1.48 1.48 1.48 1.48 1.48 1.48 1.48 1.48 1.48 1.48 1.48 1.48 1.48 1.41 1.41 1.41 1.41 1.41 1.41 1.41 1.41 5.40 1.41 1.41 1.41 1.41 1.41 1.41 1.41 1.34 1.34 1.34 1.34 1.34 1.34 1.34 1.34 1.34 1.34 1.34 1.34 1.34 1.34 1.34 1.34 1.44 1.44 1.44 1.44 1.44 1.44 1.44 1.44
1.51 1.51 1.51 1.51 1.51 1.51 0.00 0.00 0.00 0.00 0.00 0.00 0.00 0.00 1.53 1.53 1.53 1.53 1.53 1.53 1.53 1.53 1.53 1.53 1.53 1.53 1.53 1.53 1.48 1.48 1.48 1.48 1.48 1.48 1.48 1.48 1.48 1.48 1.48 1.48 1.48 1.48 1.48 1.48 1.41 1.41 1.41 1.41 1.41 5.31 4.26 4.54 1.41 1.41 1.41 1.41 1.41 1.41 1.41 1.41 1.34 1.34 1.34 1.34 1.34 1.34 1.34 1.34 1.34 1.34 1.34 1.34 1.34 1.34 1.34 1.34 1.44 1.44 1.44 1.44 1.44 1.44 1.44 1.44
1.51 1.51 1.51 1.51 1.51 1.51 1.51 0.00 0.00 0.00 0.00 0.00 0.00 0.00 1.53 1.53 1.53 1.53 1.53 1.53 1.53 1.53 1.53 1.53 1.53 1.53 1.53 1.53 1.48 1.48 1.48 1.48 1.48 1.48 1.48 1.48 1.48 1.48 1.48 1.48 1.48 1.48 1.48 1.48 1.41 1.41 1.41 1.41 1.41 1.41 1.41 4.26 4.54 1.41 1.41 1.41 1.41 1.41 1.41 1.41 1.34 1.34 1.34 1.34 1.34 1.34 1.34 1.34 1.34 1.34 1.34 1.34 1.34 1.34 1.34 1.34 1.44 1.44 1.44 1.44 1.44 1.44 1.44 1.44
1.51 1.51 1.51 1.51 1.51 1.51 1.51 1.51 0.00 0.00 0.00 0.00 0.00 0.00 5.88 1.53 1.53 1.53 1.53 1.53 1.53 1.53 1.53 1.53 1.53 1.53 1.53 1.53 1.48 1.48 1.48 1.48 1.48 1.48 1.48 1.48 1.48 1.48 1.48 1.48 1.48 1.48 1.48 1.48 1.41 1.41 1.41 1.41 1.41 1.41 1.41 1.41 4.26 5.32 1.41 1.41 1.41 1.41 1.41 1.41 1.34 1.34 1.34 1.34 1.34 5.23 1.34 1.34 1.34 1.34 1.34 1.34 1.34 1.34 1.34 1.34 1.44 1.44 1.44 1.44 1.44 1.44 1.44 1.44
1.51 1.51 1.51 1.51 1.51 1.51 1.51 1.51 1.51 0.00 0.00 0.00 0.00 4.63 4.63 5.88 1.53 1.53 1.53 1.53 1.53 1.53 1.53 1.53 1.53 1.53 1.53 1.53 1.48 1.48 1.48 1.48 1.48 1.48 1.48 1.48 1.48 1.48 1.48 1.48 1.48 1.48 1.48 1.48 1.41 1.41 1.41 1.41 1.41 1.41 1.41 4.45 1.41 5.31 4.26 4.26 1.41 1.41 1.41 1.41 1.34 1.34 1.97 1.34 4.25 1.34 1.34 1.34 1.34 1.34 1.34 1.34 1.34 1.34 1.34 1.34 1.44 1.44 1.44 1.44 1.44 1.44 1.44 1.44
1.51 1.51 1.51 1.51 1.51 1.51 1.51 1.51 2.21 4.57 4.57 5.87 5.96 4.28 5.03 5.88 1.53 4.84 1.53 1.53 1.53 1.53 1.53 1.53 1.53 1.53 1.53 1.53 1.48 1.48 1.48 1.48 1.48 1.48 1.48 1.48 1.48 1.48 1.48 1.48 1.48 1.48 1.48 1.48 1.41 1.41 1.41 1.41 1.41 4.45 1.41 1.41 4.54 4.54 4.54 1.41 1.41 1.41 1.41 1.41 1.34 1.34 1.34 1.34 4.25 1.34 1.34 1.34 1.34 1.34 1.34 1.34 1.34 1.34 1.34 1.34 1.44 1.44 1.44 1.44 1.44 1.44 1.44 1.44
1.51 1.51 1.51 1.51 1.51 1.51 1.51 1.51 1.51 4.57 4.57 4.57 5.96 5.96 5.03 4.63 4.63 1.53 1.53 1.53 1.53 1.53 1.53 1.53 1.53 5.05 1.53 1.53 1.48 1.48 1.48 1.48 1.48 1.48 1.48 1.48 1.48 1.48 1.48 1.48 1.48 1.48 1.48 1.48 1.41 1.41 1.41 1.41 1.41 1.41 1.41 1.41 1.41 1.41 4.54 4.54 1.41 1.41 1.41 1.41 1.34 1.34 1.34 1.34 1.34 1.34 1.34 1.34 1.34 1.34 1.34 1.34 1.34 1.34 1.34 1.34 1.44 1.44 1.44 1.44 1.44 1.44 1.44 1.44
1.51 1.51 1.51 1.51 1.51 1.51 1.51 1.51 1.51 4.78 4.57 4.57 4.63 5.96 5.03 5.03 4.63 4.63 1.53 1.53 1.53 1.53 1.53 1.53 1.53 1.53 1.53 1.53 1.48 4.91 1.48 1.48 1.48 1.48 1.48 1.48 1.48 1.48 1.48 1.48 1.48 1.48 1.48 1.48 1.41 1.41 1.41 1.41 1.41 1.41 1.41 1.41 1.41 1.41 1.41 4.54 4.54 4.54 1.41 1.41 1.34 1.34 4.07 4.07 1.34 1.34 1.34 1.34 1.34 1.34 1.34 1.34 1.34 1.34 1.34 1.34 1.44 1.44 1.44 1.44 1.44 1.44 1.44 1.44
1.52 1.52 1.52 1.52 1.52 1.52 1.52 1.52 1.52 4.80 1.52 1.52 1.43 4.75 4.75 4.75 4.75 4.75 4.33 4.33 1.43 1.43 1.43 1.43 1.43 1.43 1.43 1.43 1.52 1.52 1.52 1.52 1.52 1.52 1.52 1.52 1.52 1.52 1.52 1.52 1.52 1.52 1.52 1.52 1.43 1.43 4.75 1.43 1.43 1.43 1.43 1.43 1.43 1.43 1.43 4.65 4.65 4.65 4.65 1.43 1.36 4.45 4.45 1.36 1.36 1.36 1.36 1.36 1.36 1.36 1.36 1.36 1.36 1.36 1.36 1.36 1.35 1.98 1.35 1.35 1.35 1.35 1.35 1.35
1.52 1.52 1.52 1.52 1.52 1.52 1.52 1.52 1.52 1.52 1.52 1.52 1.43 1.43 1.43 4.33 5.60 5.60 5.61 4.33 1.43 1.43 1.43 1.43 1.43 1.43 1.43 1.43 1.52 1.52 1.52 1.52 1.52 1.52 1.52 1.52 1.52 1.52 1.52 1.52 1.52 1.52 1.52 1.52 1.43 1.43 1.43 1.43 1.43 1.43 1.43 1.43 1.43 1.43 1.43 1.43 4.75 4.34 4.75 4.34 4.11 4.45 4.11 1.36 1.36 1.36 1.36 1.36 1.36 1.36 1.36 1.36 1.36 1.36 1.36 1.36 1.35 1.35 1.35 1.35 1.35 1.35 1.35 1.35
1.52 1.52 1.52 1.52 1.52 1.52 1.52 1.52 1.52 1.52 4.80 1.52 1.43 1.43 4.33 4.33 4.33 5.60 5.60 5.60 1.43 1.43 1.43 1.43 1.43 1.43 1.43 1.43 1.52 1.52 1.52 1.52 1.52 1.52 1.52 1.52 1.52 1.52 1.52 1.52 1.52 1.52 1.52 1.52 1.43 1.43 1.43 1.43 1.43 1.43 1.43 1.43 1.43 1.43 1.43 5.60 5.60 1.43 1.43 5.62 1.36 1.36 1.36 1.36 1.36 1.36 1.36 1.36 1.36 1.36 1.36 1.36 1.36 1.36 1.36 1.36 1.35 1.35 1.35 1.35 1.35 1.35 1.35 1.35
1.52 1.52 1.52 1.52 1.52 1.52 1.52 1.52 1.52 1.52 1.52 1.52 1.43 1.43 2.09 4.33 4.33 4.33 4.75 4.33 4.75 4.33 1.43 1.43 1.43 1.43 1.43 1.43 1.52 1.52 1.52 1.52 1.52 1.52 1.52 1.52 1.52 1.52 1.52 1.52 1.52 1.52 1.52 1.52 1.43 1.43 1.43 1.43 1.43 1.43 1.43 1.43 1.43 1.43 1.43 1.43 1.43 1.43 1.43 1.43 5.33 5.33 1.36 1.36 1.36 1.36 1.36 1.36 1.36 1.36 1.36 1.36 1.36 1.36 1.36 1.36 1.35 1.35 1.35 1.35 1.35 1.35 1.35 1.35
1.52 1.52 1.52 1.52 1.52 1.52 1.52 1.52 1.52 1.52 1.52 1.52 1.43 1.43 1.43 4.33 4.33 4.33 4.33 4.33 4.75 4.33 1.43 1.43 1.43 1.43 1.43 1.43 1.52 1.52 1.52 1.52 1.52 1.52 1.52 1.52 1.52 1.52 1.52 1.52 1.52 1.52 1.52 1.52 1.43 1.43 1.43 1.43 1.43 1.43 1.43 1.43 1.43 1.43 1.43 1.43 1.43 1.43 1.43 1.43 5.33 5.33 1.36 1.36 1.36 1.36 1.36 1.36 1.36 1.36 1.36 1.36 1.36 1.36 1.36 1.36 1.35 1.35 1.35 1.35 1.35 1.35 1.35 1.35
1.52 1.52 1.52 1.52 1.52 1.52 1.52 1.52 1.52 1.52 1.52 1.52 1.43 1.43 1.43 1.43 1.43 1.43 1.43 1.43 4.75 4.75 1.43 1.43 1.43 1.43 4.75 1.43 1.52 1.52 1.52 1.52 1.52 1.52 1.52 1.52 1.52 1.52 1.52 1.52 1.52 1.52 1.52 1.52 1.43 1.43 1.43 1.43 1.43 1.43 1.43 1.43 1.43 4.76 1.43 1.43 1.43 1.43 1.43 1.43 5.33 5.33 5.33 1.36 1.36 1.36 1.36 1.36 1.36 1.36 1.36 1.36 1.36 1.36 1.36 1.36 1.35 1.35 1.35 1.35 1.35 1.35 1.35 1.35
1.52 1.52 1.52 1.52 1.52 1.52 1.52 1.52 1.52 1.52 1.52 1.52 1.43 1.43 1.43 1.43 1.43 1.43 1.43 4.52 1.43 1.43 1.43 1.43 1.43 1.43 1.43 1.43 1.52 1.52 1.52 1.52 1.52 1.52 1.52 1.52 1.52 1.52 1.52 1.52 1.52 1.52 1.52 1.52 1.43 1.43 1.43 1.43 1.43 1.43 1.43 1.43 1.43 1.43 1.43 1.43 1.43 1.43 1.43 1.43 4.51 4.51 5.33 5.33 1.36 1.36 1.36 1.36 1.36 1.36 1.36 1.36 1.36 1.36 1.36 1.36 1.35 1.35 1.35 1.35 1.35 1.35 1.35 1.35
1.52 1.52 1.52 1.52 1.52 1.52 1.52 1.52 1.52 1.52 1.52 1.52 1.43 1.43 1.43 1.43 1.43 1.43 1.43 1.43 1.43 1.43 1.43 1.43 1.43 1.43 1.43 1.43 5.05 5.05 1.52 4.60 1.52 1.52 1.52 1.52 1.52 1.52 1.52 1.52 1.52 1.52 1.52 1.52 1.43 1.43 1.43 1.43 1.43 1.43 1.43 1.43 1.43 1.43 1.43 1.43 1.43 1.43 1.43 4.76 4.51 4.51 5.33 4.51 4.29 1.36 1.36 1.36 1.36 1.36 1.36 1.36 1.36 1.36 1.36 1.36 1.35 1.35 1.35 1.35 1.35 1.35 1.35 1.35
1.52 1.52 1.52 1.52 1.52 1.52 1.52 1.52 1.52 1.52 1.52 1.52 1.43 1.43 1.43 1.43 1.43 1.43 1.43 1.43 1.43 1.43 1.43 1.43 1.43 1.43 1.43 1.43 1.52 1.52 1.52 1.52 1.52 1.52 1.52 1.52 1.52 1.52 1.52 1.52 1.52 1.52 1.52 1.52 1.43 1.43 1.43 1.43 1.43 1.43 1.43 1.43 1.43 4.76 4.76 1.43 1.43 4.76 1.43 4.75 4.51 4.51 4.11 5.33 4.51 4.51 1.36 1.36 1.36 1.36 1.36 1.36 1.36 1.36 1.36 1.36 1.35 1.35 1.35 1.35 1.35 1.35 1.35 1.35
4.60 4.60 1.52 1.52 1.52 1.52 1.52 1.52 1.52 1.52 1.52 1.52 1.43 1.43 1.43 1.43 1.43 1.43 1.43 1.43 1.43 1.43 1.43 1.43 1.43 1.43 1.43 1.43 1.52 1.52 1.52 1.52 1.52 1.52 1.52 1.52 1.52 1.52 1.52 1.52 1.52 1.52 1.52 1.52 1.43 1.43 1.43 1.43 1.43 1.43 1.43 1.43 1.43 1.43 1.43 1.43 1.43 1.43 1.43 4.34 4.51 4.51 4.11 4.11 4.51 1.99 4.11 4.11 1.36 1.36 1.36 1.36 1.36 1.36 1.36 1.36 1.35 1.35 1.35 1.35 1.35 1.98 4.09 1.35
4.60 4.60 5.03 5.03 5.03 1.52 1.52 1.52 1.52 1.52 1.52 1.52 1.43 1.43 1.43 1.43 1.43 1.43 1.43 1.43 1.43 1.43 1.43 1.43 1.43 1.43 1.43 1.43 1.52 1.52 1.52 1.52 1.52 1.52 1.52 1.52 1.52 1.52 1.52 1.52 1.52 1.52 1.52 1.52 1.43 1.43 1.43 1.43 1.43 1.43 1.43 1.43 1.43 1.43 1.43 1.43 1.43 1.43 1.43 4.34 4.51 4.51 4.51 4.51 4.51 4.51 4.11 4.11 1.36 1.36 1.99 4.51 1.36 1.36 1.36 1.36 1.35 1.35 1.35 1.35 1.35 1.35 1.35 1.35
5.03 4.60 5.03 1.52 5.03 1.52 1.52 1.52 1.52 1.52 1.52 1.52 1.43 1.43 1.43 1.43 1.43 1.43 1.43 1.43 1.43 1.43 1.43 1.43 1.43 1.43 1.43 1.43 1.52 1.52 1.52 1.52 1.52 1.52 1.52 1.52 1.52 1.52 1.52 1.52 1.52 1.52 1.52 1.52 1.43 1.43 1.43 1.43 1.43 1.43 1.43 1.43 1.43 1.43 4.76 1.43 1.43 1.43 4.75 4.34 4.11 4.51 4.51 4.11 5.33 4.51 4.11 4.11 4.11 1.99 4.51 4.51 4.11 4.51 4.11 4.11 4.49 4.49 4.49 4.09 1.35 1.35 1.35 1.35
5.03 5.03 5.03 4.60 1.52 1.52 1.52 1.52 1.52 1.52 1.52 1.52 1.43 1.43 1.43 1.43 1.43 1.43 1.43 1.43 1.43 1.43 1.43 1.43 1.43 1.43 1.43 1.43 1.52 1.52 1.52 1.52 1.52 1.52 1.52 1.52 1.52 1.52 1.52 1.52 1.52 1.52 1.52 1.52 1.43 1.43 1.43 1.43 1.43 1.43 1.43 1.43 1.43 1.43 4.76 1.43 1.43 5.60 4.75 4.34 4.11 4.11 4.11 5.33 1.36 1.36 1.36 5.33 5.33 5.33 4.51 4.51 4.11 5.33 5.33 4.11 4.09 4.09 5.30 5.30 1.35 1.35 1.35 1.35
4.60 4.60 1.52 4.60 1.52 1.52 1.52 1.52 1.52 1.52 1.52 1.52 1.43 1.43 1.43 1.43 1.43 1.43 1.43 1.43 1.43 1.43 1.43 1.43 1.43 1.43 1.43 1.43 1.52 1.52 1.52 1.52 1.52 1.52 1.52 1.52 1.52 1.52 1.52 1.52 1.52 1.52 1.52 1.52 1.43 1.43 1.43 1.43 1.43 1.43 1.43 1.43 1.43 1.43 1.43 1.43 1.43 4.75 5.60 5.62 5.33 5.33 5.33 1.36 1.36 1.36 5.33 1.36 1.36 5.33 5.33 5.33 4.51 4.51 5.33 5.33 5.30 5.30 1.35 1.35 1.35 1.35 1.35 1.35
1.52 1.52 1.52 1.52 1.52 1.52 1.52 1.52 1.52 1.52 1.52 1.52 1.43 1.43 1.43 1.43 1.43 1.43 1.43 1.43 1.43 1.43 1.43 1.43 1.43 1.43 1.43 1.43 1.52 1.52 1.52 1.52 1.52 1.52 1.52 1.52 1.52 1.52 1.52 1.52 1.52 1.52 1.52 1.52 1.43 1.43 1.43 1.43 1.43 1.43 1.43 1.43 1.43 1.43 1.43 1.43 1.43 1.43 1.43 5.62 5.33 1.36 1.36 1.36 1.36 1.36 1.36 1.36 4.11 5.33 5.33 4.51 5.33 5.33 5.33 5.33 5.30 5.30 1.35 1.35 1.35 4.09 4.49 1.35
1.52 1.52 1.52 1.52 1.52 1.52 1.52 1.52 1.52 1.52 1.52 1.52 1.43 1.43 1.43 1.43 1.43 1.43 1.43 1.43 1.43 1.43 1.43 1.43 1.43 1.43 1.43 1.43 1.52 1.52 1.52 1.52 1.52 1.52 1.52 1.52 1.52 1.52 1.52 1.52 1.52 1.52 1.52 1.52 1.43 1.43 1.43 1.43 1.43 1.43 1.43 1.43 1.43 1.43 1.43 1.43 1.43 4.76 4.76 1.43 1.36 1.36 1.36 1.36 1.36 1.36 1.36 1.36 4.11 5.33 4.51 4.51 4.51 4.51 5.33 5.33 5.30 5.30 5.30 5.30 5.30 5.30 1.35 4.49
1.43 1.43 1.43 1.43 1.43 1.43 1.43 1.43 1.43 1.43 1.43 1.43 1.39 1.39 1.39 1.39 1.39 1.39 1.39 1.39 1.39 1.39 1.39 1.39 1.39 1.39 1.39 1.39 1.34 1.34 1.34 1.34 1.34 1.34 1.34 1.34 1.34 1.34 1.34 1.34 1.34 1.34 1.34 1.34 1.36 1.36 1.36 1.36 1.36 1.36 1.36 1.36 1.36 1.36 1.36 1.36 1.36 1.36 1.36 1.36 5.26 1.34 1.34 1.34 1.34 1.34 1.34 1.34 1.34 5.26 4.06 4.06 4.45 1.34 5.26 5.26 4.35 5.14 5.14 5.14 5.14 1.31 1.31 3.97
1.43 1.43 1.43 1.43 1.43 1.43 1.43 1.43 1.43 1.43 1.43 1.43 1.39 1.39 1.39 1.39 1.39 1.39 1.39 1.39 1.39 1.39 1.39 1.39 1.39 1.39 1.39 1.39 1.34 1.34 1.34 1.34 1.34 1.34 1.34 1.34 1.34 1.34 1.34 1.34 1.34 1.34 1.34 1.34 1.36 1.36 1.36 1.36 1.36 1.36 1.36 1.36 1.36 1.36 1.36 1.36 1.36 1.36 4.54 1.36 1.34 1.34 5.26 4.45 1.34 1.34 1.34 1.34 5.26 5.26 4.06 4.45 4.46 1.34 1.34 4.45 4.35 1.31 4.35 4.35 4.14 1.31 4.14 5.14
