New_Model_Runs/14_Future_RCP8.5_Scn1_out/post_prcessed_with_MFR/Monthly_summaries/actual_et_monthly_FEB.asc
NCOLS 700
NROWS 400
XLLCENTER 515000.000000
YLLCENTER 8409000.000000
CELLSIZE 50.000000
NODATA_value -999.000000
[rows 266 to 303 of 400, columns 168 to 251 of 700]
4.01 4.01 4.01 5.12 4.01 4.00 1.32 1.32 1.37 1.37 1.37 1.37 1.37 1.37 1.37 1.37 1.37 1.37 1.37 1.37 1.37 1.37 1.37 1.37 1.26 1.26 1.26 1.26 1.26 3.98 3.98 3.82 3.79 3.79 1.26 1.26 1.26 1.26 1.26 1.26 1.31 1.31 1.31 4.10 1.31 1.31 3.91 3.91 3.91 4.10 4.17 4.17 4.17 4.17 4.33 4.33 4.11 4.11 4.11 4.11 4.11 4.11 3.75 3.75 4.11 4.87 4.87 4.86 3.75 4.11 4.11 4.11 5.08 5.12 5.08 5.12 5.12 3.53 4.98 4.21 4.21 4.21 3.96 3.92
4.40 4.40 4.40 5.12 4.29 4.24 1.32 1.32 1.37 1.37 1.37 1.37 1.37 1.37 1.37 1.37 1.37 1.37 1.37 1.37 1.37 1.37 1.37 1.37 1.26 1.26 1.26 1.26 1.26 3.98 3.98 3.82 4.13 3.98 1.26 1.26 1.26 1.26 1.26 1.26 1.31 1.31 1.31 4.10 4.10 1.31 3.91 3.91 3.91 4.10 4.17 4.17 4.17 4.17 4.17 4.33 4.11 4.11 4.87 4.11 4.11 4.11 4.11 3.75 3.75 4.11 4.87 4.87 3.75 4.11 4.11 4.11 5.12 5.12 5.08 5.12 3.53 4.87 4.87 4.87 4.87 4.87 4.21 4.21
4.01 4.01 5.19 5.19 4.40 4.40 4.40 1.32 1.37 1.37 1.37 1.37 1.37 1.37 1.37 1.37 1.37 1.37 1.37 1.37 1.37 1.37 1.37 1.37 1.26 1.26 1.26 1.26 1.26 3.79 3.98 4.13 4.13 3.98 1.26 1.26 1.26 1.26 1.26 1.26 1.31 4.10 4.10 1.31 4.10 4.10 3.91 4.10 4.10 4.10 4.17 4.17 4.17 4.17 4.17 4.17 4.11 4.11 3.75 4.11 4.11 4.11 4.11 4.87 4.86 4.87 4.87 4.87 4.86 4.11 4.11 4.11 5.12 5.12 5.12 3.53 5.08 4.21 4.98 4.21 3.92 4.87 4.87 4.21
5.19 5.19 5.19 5.19 4.40 4.40 1.32 1.32 1.37 1.37 1.37 4.05 4.05 4.05 1.37 1.37 1.37 1.37 1.37 1.37 1.37 1.37 1.37 1.37 1.26 1.26 1.26 4.75 1.26 3.82 3.82 4.13 4.13 1.26 1.26 1.26 1.26 1.26 1.26 1.26 3.91 4.10 4.10 4.10 4.10 4.10 4.10 4.10 4.10 4.10 4.17 4.17 1.31 1.31 1.31 3.89 3.75 4.11 4.86 4.86 4.11 4.11 4.11 4.11 3.75 4.86 4.86 4.86 4.87 4.11 4.86 4.11 4.32 5.08 5.12 5.12 3.96 3.92 4.87 4.98 3.92 4.21 4.87 4.87
5.19 4.01 5.19 4.40 4.40 4.40 1.32 1.32 1.37 4.15 5.37 4.15 4.15 4.05 1.37 1.37 1.37 1.37 1.37 1.37 1.37 1.37 1.37 1.37 1.26 1.26 1.26 1.26 1.26 3.82 4.13 4.13 4.13 1.26 1.26 1.26 1.26 1.26 1.26 1.26 4.10 4.10 3.91 4.10 4.10 4.10 4.10 4.76 4.89 3.89 3.89 3.89 1.31 3.89 3.89 3.89 3.75 4.11 4.11 4.01 4.01 4.01 4.11 4.11 4.86 3.75 4.86 4.87 4.11 4.11 4.86 4.11 5.12 5.12 5.12 5.08 3.92 3.92 4.21 4.21 3.92 3.92 4.21 3.93
4.40 5.19 3.92 4.01 4.40 4.01 1.32 1.32 1.37 4.15 4.15 4.15 4.15 4.15 1.37 1.37 4.05 1.37 1.37 1.37 2.01 1.37 1.37 1.37 1.26 1.26 1.26 1.26 4.13 4.13 4.13 4.13 4.13 4.13 1.26 1.26 1.26 1.26 1.26 1.26 4.10 4.10 4.10 4.10 4.10 4.10 4.10 4.76 4.76 3.89 3.89 1.31 1.31 1.31 4.17 4.17 4.11 4.11 4.77 4.01 4.01 3.73 4.01 4.86 4.87 4.87 4.86 4.87 4.87 4.86 4.86 3.41 4.32 5.12 5.08 3.96 3.92 3.92 3.92 4.98 3.92 3.92 3.93 3.93
4.40 5.19 5.19 4.01 4.01 1.32 1.32 1.32 1.37 4.15 4.15 4.15 4.15 1.37 1.37 4.15 4.15 4.15 4.56 4.56 4.36 5.20 2.01 1.37 1.26 1.26 4.18 4.20 4.20 4.20 4.20 4.20 4.20 4.20 3.82 3.82 1.26 3.82 1.26 1.26 1.31 1.31 4.33 4.33 4.33 4.33 4.33 5.12 5.12 1.31 1.31 1.31 1.31 1.31 1.31 4.17 4.11 4.01 3.38 3.38 4.77 4.72 4.01 4.86 4.87 3.41 3.41 4.87 3.75 4.86 4.86 4.87 5.08 5.12 5.12 3.96 4.87 3.92 3.92 4.87 4.87 3.92 3.93 3.93
4.40 5.19 4.40 4.01 1.32 1.32 1.32 1.32 4.15 4.15 4.15 4.15 4.15 1.37 1.37 1.37 4.15 4.56 4.56 4.56 4.56 4.33 4.33 2.01 1.26 1.26 4.20 4.20 4.20 4.20 4.20 4.20 4.20 4.20 4.20 4.18 4.18 3.82 1.26 1.26 1.31 1.31 4.33 4.33 4.33 4.33 4.33 5.12 3.97 3.97 1.31 3.89 3.89 4.17 4.17 3.89 4.01 4.72 4.77 4.77 4.77 4.72 4.72 4.72 4.77 3.41 4.87 4.87 4.11 4.86 4.86 3.41 3.53 5.08 5.08 4.87 4.87 3.92 3.92 4.87 4.98 4.98 3.93 3.93
5.36 5.36 5.36 1.36 1.36 4.13 4.13 4.13 4.10 4.10 4.10 4.10 4.10 4.10 1.35 1.35 4.10 4.10 4.51 4.51 4.51 1.35 1.35 1.35 1.34 1.34 1.34 4.45 4.45 4.45 4.45 4.45 4.45 4.45 4.45 4.42 4.42 4.42 1.34 1.96 1.98 4.45 4.45 4.45 4.45 4.45 4.45 5.29 5.24 4.45 4.45 4.45 4.00 4.28 4.28 4.28 1.28 4.87 3.86 4.92 4.82 4.82 4.82 4.14 4.82 4.92 4.92 4.92 5.04 3.49 3.49 3.49 3.51 5.16 4.82 4.82 4.82 4.96 3.97 4.96 4.82 4.96 3.97 3.97
4.13 5.36 5.36 1.36 1.36 4.13 4.53 4.13 4.10 4.10 4.47 4.10 4.10 4.10 1.35 1.35 1.35 1.35 4.51 4.51 4.51 1.35 1.35 1.35 1.34 1.34 1.34 1.34 4.45 4.45 4.45 4.45 4.45 4.45 5.26 1.34 1.34 4.42 1.34 1.34 1.35 1.35 4.45 4.45 4.45 4.45 4.45 4.45 4.45 4.45 4.45 4.45 4.45 4.00 4.28 4.00 1.28 3.83 3.86 4.14 4.92 4.82 4.14 4.14 4.92 4.82 4.92 4.92 4.92 4.92 3.45 3.45 4.96 4.22 3.97 3.97 4.22 4.22 4.22 4.22 4.22 3.97 3.97 4.82
5.36 5.36 5.36 1.36 1.36 4.13 2.00 4.13 4.10 4.10 4.10 4.10 4.10 4.10 1.35 1.35 1.35 1.35 4.51 4.51 1.35 1.35 1.35 1.35 1.34 1.34 1.34 4.05 4.45 4.45 4.45 4.45 4.45 4.45 4.45 5.26 4.05 1.34 1.34 1.34 4.45 4.09 4.45 4.45 4.45 4.45 1.35 4.09 5.24 5.29 4.45 4.45 4.45 4.09 4.45 4.28 3.83 1.28 4.92 4.92 4.14 4.14 4.14 4.92 4.92 4.82 4.92 4.92 4.92 3.45 4.92 4.92 4.96 4.82 3.97 4.22 4.22 4.96 4.22 4.22 4.22 3.97 3.97 4.82
5.36 4.54 4.54 4.13 1.36 4.13 4.53 4.13 4.10 4.47 4.10 4.10 4.10 1.35 1.35 1.35 1.35 1.35 1.35 4.28 1.35 1.35 1.35 1.35 1.34 1.34 1.34 4.05 4.45 4.45 4.45 4.45 4.45 4.45 5.26 5.26 4.42 1.34 4.42 4.42 4.09 4.09 4.45 4.45 4.09 4.09 1.35 1.35 4.45 5.24 4.45 4.45 4.45 4.45 4.45 4.09 3.83 3.83 4.92 4.92 4.92 4.14 4.14 4.92 3.45 4.92 4.82 4.93 4.92 4.14 4.14 4.82 4.24 4.97 3.97 4.22 4.22 4.22 4.96 4.82 4.82 3.97 3.97 4.22
5.36 4.54 5.36 1.36 1.36 4.53 4.53 4.49 4.47 4.47 1.35 1.35 1.35 1.35 1.35 1.35 1.35 1.35 1.35 1.35 1.35 1.35 1.35 1.35 1.34 1.34 1.34 4.05 4.05 4.45 4.05 4.05 4.05 4.05 5.26 5.26 4.42 1.34 1.34 4.42 4.45 4.45 4.45 1.35 1.35 1.35 1.35 1.35 4.09 5.24 4.45 4.45 4.45 4.45 4.45 4.45 3.89 4.87 4.92 4.92 4.92 4.92 4.92 4.92 4.92 3.45 3.45 3.45 4.82 4.82 4.82 4.14 4.96 4.96 4.96 4.84 4.22 3.97 3.97 4.22 4.22 3.97 3.97 4.22
5.36 5.36 4.54 4.53 1.36 4.53 4.53 2.00 4.47 4.50 1.35 1.35 1.35 1.35 1.35 1.35 1.35 1.35 1.35 1.35 1.35 1.35 1.35 1.35 1.34 1.34 1.34 4.05 4.05 4.45 4.05 4.23 1.34 4.05 5.26 4.05 1.34 1.96 4.05 4.42 4.45 4.45 4.09 1.35 1.35 1.35 1.35 1.35 4.09 4.45 4.45 4.45 4.45 4.45 4.45 4.45 4.24 4.27 3.86 4.82 4.14 4.92 4.92 4.92 4.92 3.45 3.45 3.45 4.83 4.82 3.86 4.14 4.82 4.82 4.82 4.82 4.22 4.22 4.22 3.97 3.97 3.97 3.97 4.96
5.36 5.36 4.54 4.54 1.36 4.13 4.13 4.53 4.10 1.35 1.35 1.35 4.50 1.98 1.35 1.35 4.50 4.10 4.50 4.50 5.32 1.35 1.35 1.35 1.34 1.34 1.34 4.05 4.05 4.05 5.26 5.26 4.05 5.26 5.26 4.05 1.96 4.05 4.42 4.42 4.45 4.09 4.09 4.09 1.35 1.35 4.09 4.09 4.45 4.45 4.45 4.45 4.45 5.29 4.45 4.45 4.27 4.27 4.27 3.86 4.14 4.14 4.92 3.45 4.92 3.45 4.92 4.14 4.14 3.86 3.86 4.14 4.22 4.22 4.22 4.22 4.22 4.22 4.22 4.22 3.97 3.97 3.97 3.97
5.36 5.36 5.36 5.36 1.36 1.36 1.36 1.36 4.28 1.35 1.35 1.35 4.51 5.32 5.32 1.35 4.50 1.35 1.35 4.50 4.51 4.10 4.10 1.35 1.34 4.05 4.05 4.05 4.45 5.26 4.45 5.26 4.45 5.26 4.05 4.05 4.05 4.05 4.42 4.42 4.09 4.09 4.45 4.09 4.09 4.09 4.45 4.09 5.24 4.45 4.45 4.45 4.45 5.29 5.24 4.48 4.27 4.27 4.27 4.27 4.93 5.01 5.01 4.92 4.92 4.82 4.82 4.82 4.14 3.86 3.86 4.14 4.22 4.22 3.97 3.97 3.97 4.22 4.22 4.22 4.22 4.22 3.97 3.97
5.36 5.36 5.36 5.36 4.53 1.36 1.36 1.36 4.28 1.35 1.35 4.28 4.51 4.51 5.32 5.32 5.32 4.10 5.32 5.32 4.51 4.10 4.10 4.10 4.45 5.26 4.05 4.45 4.45 4.45 5.26 5.26 5.26 5.26 5.21 4.05 4.05 4.05 4.05 4.05 4.09 4.09 4.45 4.09 4.09 4.45 4.45 5.24 4.09 4.45 4.45 4.45 4.09 5.29 5.24 5.29 4.27 4.27 4.27 4.27 4.27 5.01 3.47 3.47 4.14 4.83 4.14 4.14 4.14 3.86 4.14 4.14 4.22 4.22 3.97 3.97 4.22 4.22 4.82 4.22 4.22 3.97 4.22 4.22
4.13 5.36 5.36 3.99 5.36 1.36 1.36 1.36 1.35 1.35 1.35 1.35 1.35 1.35 5.32 3.97 5.32 4.51 5.32 3.47 5.32 5.32 5.32 5.32 3.44 5.26 4.45 4.45 5.26 5.26 3.44 5.26 5.26 3.44 1.96 4.05 4.05 4.05 4.05 4.05 4.09 4.09 4.09 4.09 4.09 4.09 4.45 4.45 4.45 4.45 5.29 5.24 4.09 5.29 1.98 1.35 5.04 5.04 4.27 4.27 4.27 5.04 5.01 5.01 3.86 4.82 4.14 4.14 4.14 3.86 3.86 4.14 4.22 4.22 3.97 3.97 4.22 4.22 4.82 4.22 4.22 3.97 4.22 3.97
4.13 5.36 5.36 5.36 4.54 4.13 1.36 5.36 5.32 1.35 1.35 4.10 1.35 5.32 3.97 3.97 5.32 5.32 5.32 5.32 3.47 5.32 5.32 5.32 5.26 5.26 5.26 3.44 3.44 5.26 3.44 5.26 5.26 3.44 1.96 1.96 4.42 4.05 4.05 4.05 1.35 4.45 4.45 4.45 4.45 4.45 4.09 5.24 4.45 4.45 4.45 5.24 4.09 4.09 5.29 4.45 4.24 5.04 3.89 3.89 4.27 5.04 5.04 4.21 4.92 4.14 4.14 4.14 4.14 3.86 3.86 4.14 4.22 4.22 4.22 4.22 4.22 4.22 4.22 4.22 3.97 3.97 4.22 3.97
5.36 5.36 4.54 4.13 5.36 4.53 5.36 5.36 5.32 5.32 5.32 4.10 5.32 5.32 5.32 3.97 5.32 5.32 5.32 5.32 5.32 5.32 5.32 5.32 4.45 4.45 3.44 3.44 5.26 3.44 3.44 3.44 5.26 3.44 4.05 4.05 1.96 1.34 1.34 1.34 4.09 4.45 4.45 4.45 4.45 4.45 4.09 5.24 4.45 4.45 4.45 4.45 4.45 5.29 5.24 4.45 4.24 5.00 5.04 3.89 4.27 5.04 5.04 4.27 4.14 4.92 4.82 4.92 4.92 4.14 4.14 4.14 4.22 4.22 4.22 4.22 4.22 4.22 4.22 3.97 3.97 4.22 4.22 4.96
5.36 5.36 4.13 4.13 4.13 4.13 5.36 5.36 1.98 5.32 5.32 5.32 5.32 3.97 5.32 5.32 3.97 3.47 4.10 4.51 4.51 5.32 5.32 5.32 5.26 5.26 3.44 5.26 5.26 5.26 3.44 5.26 3.44 5.26 3.44 5.26 4.45 4.45 4.45 4.23 1.35 4.45 4.45 4.45 4.09 4.09 4.09 4.09 4.09 4.09 4.09 4.09 4.09 4.09 4.09 4.09 3.89 4.24 4.24 5.04 5.04 5.04 5.04 4.27 4.27 4.92 4.92 4.92 4.82 4.92 4.14 4.14 4.22 4.22 4.22 4.22 4.22 4.22 3.97 4.00 4.98 4.30 4.30 4.30
5.36 5.36 5.36 5.36 4.13 5.35 5.36 5.36 5.32 3.97 5.32 5.32 5.32 3.97 5.32 5.32 5.32 5.32 4.10 4.10 4.10 4.51 5.32 4.10 4.45 4.45 5.26 5.26 5.26 3.44 3.44 5.26 5.26 5.26 5.26 5.26 4.45 4.45 4.45 4.45 1.35 1.35 4.45 4.45 4.09 4.09 5.29 5.24 5.29 4.09 4.09 4.09 4.09 4.45 4.09 4.09 3.89 5.00 4.24 3.89 5.00 5.04 5.04 4.27 5.04 5.04 4.14 4.14 4.14 4.14 4.14 4.14 4.96 4.96 4.22 4.22 4.22 4.22 4.00 4.30 4.30 4.98 4.98 4.30
3.99 3.99 5.36 5.36 5.36 5.36 3.99 5.36 5.32 5.32 4.51 4.51 5.32 4.51 4.51 4.51 5.32 5.32 4.10 4.10 4.10 5.32 5.32 4.51 4.45 4.45 4.45 5.26 4.45 5.26 5.26 5.26 4.45 4.45 3.44 5.26 5.26 4.45 4.45 4.45 4.50 4.50 1.35 4.09 1.35 5.29 4.09 5.24 4.09 4.09 1.35 1.35 4.45 4.09 4.09 4.09 3.89 5.00 5.04 5.04 5.04 3.31 5.04 5.04 5.04 4.27 4.27 4.14 4.82 4.14 4.14 4.14 4.22 4.22 4.22 4.30 4.98 4.98 4.00 4.98 4.98 4.98 4.98 4.98
5.36 5.36 5.36 5.36 5.36 5.36 5.36 3.76 3.97 5.32 4.51 4.51 3.97 5.32 4.51 4.51 4.10 1.35 4.10 5.32 5.32 5.32 4.51 4.51 4.45 4.45 4.45 4.45 4.45 5.26 5.26 4.45 4.05 4.05 5.26 5.26 4.45 4.45 4.45 4.45 4.50 4.50 1.35 1.35 1.35 4.27 4.09 5.24 4.45 4.09 4.09 1.35 1.35 1.35 1.35 1.35 3.89 5.04 4.24 4.24 5.04 5.04 4.27 5.04 5.04 5.04 5.04 4.27 4.14 4.14 4.14 4.14 4.30 4.30 4.30 4.30 4.98 4.98 4.98 4.98 4.98 4.98 4.98 4.82
5.30 5.30 4.09 4.09 5.30 5.30 3.94 5.30 3.92 3.92 5.26 5.26 5.26 5.26 4.45 4.05 4.45 4.45 4.05 4.05 4.05 4.45 4.45 4.45 4.47 4.47 4.47 4.47 4.47 4.47 4.07 5.27 5.27 4.07 4.47 5.27 5.27 4.07 4.47 4.47 4.49 4.49 4.09 1.35 4.09 4.09 4.09 4.09 4.09 4.09 4.09 4.09 1.35 1.35 4.27 4.27 3.91 3.91 5.05 3.29 5.07 4.29 4.29 5.07 5.07 5.07 5.07 5.07 3.91 4.16 4.16 4.16 3.96 3.96 3.96 3.96 3.96 4.90 4.24 4.90 4.90 4.90 4.74 4.74
5.30 5.30 5.30 5.30 5.30 5.30 5.30 5.30 5.26 3.92 5.26 5.26 5.26 5.26 4.45 4.45 4.45 4.45 4.05 4.05 4.05 4.05 4.45 4.45 4.47 4.47 4.47 4.47 4.47 4.47 4.07 4.07 5.27 5.27 5.27 4.47 4.47 3.44 4.47 4.47 4.49 4.49 4.44 1.35 4.09 4.09 4.09 1.35 1.35 1.35 4.09 4.09 1.35 1.35 1.35 4.27 3.91 3.91 4.95 3.29 3.29 5.07 4.29 4.29 4.29 4.29 4.29 5.07 5.07 4.28 4.16 4.16 4.24 3.96 3.96 4.90 3.96 3.96 5.02 4.90 4.90 4.74 4.74 4.74
5.30 5.30 5.30 5.30 4.49 4.09 4.09 5.30 4.45 5.26 4.05 4.05 5.26 3.92 5.26 5.26 4.45 4.45 4.05 4.05 4.05 4.05 4.05 4.45 4.47 4.47 4.47 4.07 4.47 4.47 4.47 4.47 4.07 5.27 4.47 4.47 4.47 4.47 4.47 4.07 4.49 4.49 4.09 1.35 4.09 4.09 4.09 1.35 1.35 1.35 1.35 1.35 1.35 1.35 1.35 1.35 1.29 3.91 3.91 3.29 5.07 4.29 5.07 4.29 4.29 4.29 4.29 4.29 3.91 1.29 4.28 4.16 4.24 4.24 3.96 3.96 3.96 3.96 5.02 4.74 4.74 4.74 4.74 4.74
5.30 5.30 5.30 5.30 5.30 5.30 4.09 5.30 4.45 5.26 4.45 4.05 4.05 4.45 5.26 5.26 5.26 4.45 4.05 4.05 4.05 4.05 4.45 4.45 4.47 4.47 4.47 4.07 4.47 4.47 4.47 5.27 5.27 5.27 4.47 4.47 4.07 4.07 4.07 5.27 4.49 4.09 4.09 1.98 1.35 4.44 1.35 1.35 1.35 1.35 1.35 1.35 1.35 4.09 4.44 1.35 1.29 1.89 4.95 5.05 5.07 3.91 3.91 5.07 4.29 4.29 4.29 3.91 3.91 3.91 3.91 4.29 3.96 4.24 3.96 3.96 3.96 5.02 4.89 4.89 4.74 4.74 4.74 4.74
3.94 5.30 5.30 5.30 5.30 5.30 4.49 4.49 4.05 5.26 4.45 4.45 4.45 4.45 5.26 4.45 3.44 3.44 5.26 5.26 5.26 5.26 4.45 4.45 4.47 5.27 5.27 4.07 4.47 4.47 5.27 5.27 5.27 5.27 4.47 4.47 4.47 4.47 4.47 5.27 4.09 4.09 4.09 5.30 5.30 1.35 1.35 1.35 1.35 1.35 1.35 4.09 4.09 4.09 4.09 4.09 1.29 1.29 5.05 4.95 3.29 4.29 4.29 3.29 5.07 5.07 5.07 5.07 3.91 4.29 4.29 4.29 4.36 4.36 3.96 4.24 4.90 4.74 4.89 4.89 4.89 3.40 3.40 4.74
3.94 5.30 5.30 5.30 4.09 4.49 4.49 4.49 4.05 5.26 5.26 5.26 4.45 4.45 4.45 4.45 4.45 5.26 3.44 3.44 5.26 5.26 3.44 5.26 4.47 5.27 5.27 4.47 4.47 5.27 5.27 5.27 5.27 4.47 5.27 4.07 4.47 5.27 5.27 5.27 4.49 4.49 4.49 4.09 5.30 5.30 5.30 5.19 5.19 1.35 1.35 4.09 4.44 4.44 4.09 4.44 1.29 1.29 1.29 1.29 5.07 4.29 4.29 5.07 5.07 5.07 4.29 4.29 5.07 5.07 4.29 4.29 4.36 4.36 3.97 4.90 4.90 4.90 5.02 4.89 4.74 4.89 4.89 4.74
3.94 5.30 5.30 5.30 5.30 4.09 4.09 4.09 4.05 4.05 4.05 5.26 5.26 4.45 4.45 4.45 4.45 5.26 5.26 5.26 3.44 5.26 5.26 5.26 5.27 5.27 4.07 4.47 4.07 4.47 4.47 5.27 5.27 5.27 4.47 4.47 4.47 4.47 5.27 5.27 5.30 5.30 5.30 4.09 5.30 4.09 5.30 5.30 5.19 1.35 1.35 1.35 4.44 4.44 4.44 4.44 1.29 1.29 1.29 1.29 5.07 5.07 4.29 4.29 4.29 4.29 5.07 5.07 5.07 3.91 3.91 4.29 4.36 3.97 3.97 3.97 4.90 4.90 4.90 4.90 4.89 4.89 4.15 4.74
3.94 5.30 5.30 5.30 5.30 4.09 4.09 4.09 4.05 4.05 4.05 4.05 5.26 4.05 5.26 5.26 4.45 5.26 4.05 4.05 5.26 5.26 5.26 5.26 5.27 5.27 5.27 5.27 4.07 5.27 5.27 4.47 5.27 5.27 4.47 4.47 5.27 4.47 4.47 5.27 4.49 4.49 4.49 4.49 4.49 4.09 5.30 5.30 5.30 1.35 1.35 1.35 1.35 4.44 4.44 4.44 1.29 1.29 3.91 3.91 5.07 3.29 4.29 4.29 3.91 3.91 4.29 4.29 5.07 4.29 5.07 5.07 4.36 3.97 3.97 3.97 3.97 4.24 5.02 5.02 5.02 4.89 4.89 4.15
5.30 5.30 5.30 5.30 5.30 4.09 4.09 4.09 4.05 4.05 5.26 5.26 5.26 4.05 4.05 5.26 5.26 4.45 4.05 4.05 4.45 5.26 4.45 5.26 5.27 5.27 5.27 4.07 5.27 5.27 5.27 5.27 5.27 5.27 5.27 5.27 5.27 5.27 4.47 4.47 4.49 4.49 4.49 4.49 4.49 4.09 4.09 4.09 1.35 1.35 1.35 1.35 1.35 1.35 4.09 1.35 1.29 3.91 3.91 3.91 5.07 5.07 4.29 4.29 5.07 3.91 5.07 4.29 4.29 4.29 4.29 5.07 4.36 3.97 5.10 5.10 5.14 3.28 3.44 5.02 3.96 4.15 4.89 4.15
4.09 4.09 5.30 3.94 4.09 4.09 5.30 4.09 4.05 4.05 4.05 5.26 5.26 4.45 4.05 5.26 5.26 5.26 5.26 4.45 4.45 4.45 4.45 4.45 5.27 5.27 5.27 5.27 5.27 3.44 5.27 3.44 3.44 3.44 4.47 4.47 5.27 5.27 5.27 4.47 4.49 4.49 4.49 4.49 4.49 4.49 4.09 4.49 4.49 4.49 4.09 1.35 1.35 1.35 4.09 1.35 4.95 3.91 4.29 3.91 4.29 5.07 3.91 4.29 5.07 5.07 5.07 4.29 3.91 4.29 4.29 4.29 4.36 5.14 5.14 5.10 5.10 5.14 3.28 4.24 5.02 4.89 4.74 4.89
4.49 4.49 4.49 3.94 5.30 4.49 4.49 5.30 5.26 4.45 4.45 5.26 4.45 4.45 5.26 5.26 5.26 5.26 5.26 4.45 5.26 4.45 4.05 4.45 4.47 5.27 5.27 3.44 5.27 5.27 5.27 5.27 5.27 3.44 5.27 4.47 5.27 5.27 4.47 4.47 4.49 4.49 4.49 4.49 4.49 4.49 4.49 4.49 4.49 4.49 4.09 4.49 1.35 1.35 1.35 1.35 4.25 4.29 3.91 3.91 5.07 3.91 3.91 4.29 5.07 4.29 4.29 5.07 5.07 4.29 4.29 3.91 5.14 5.10 5.10 5.14 5.14 5.14 3.28 3.28 3.44 4.90 4.74 4.74
4.49 4.49 4.09 5.30 5.30 5.30 5.30 4.49 4.45 4.45 4.45 5.26 4.45 4.45 4.45 4.45 5.26 5.26 5.26 5.26 4.45 4.45 4.45 5.26 4.47 4.47 5.27 5.27 5.27 5.27 5.27 5.27 5.27 5.27 5.27 5.27 3.44 4.47 4.07 4.07 4.49 5.30 5.30 4.49 4.49 4.49 5.30 5.30 4.49 4.09 4.49 4.49 4.49 4.49 4.09 1.35 4.29 4.29 4.29 3.91 5.07 4.29 3.91 4.29 5.07 4.29 4.29 4.29 5.07 5.07 5.07 5.07 3.28 3.28 5.14 5.10 5.14 5.10 5.14 3.28 5.14 5.02 4.74 4.74
4.09 4.09 4.49 4.49 5.30 3.94 5.30 4.49 4.05 4.45 5.26 5.26 3.92 4.45 4.45 5.26 5.26 5.26 5.26 4.45 4.45 4.45 4.45 4.45 4.47 4.47 5.27 5.27 5.27 5.27 4.47 5.27 4.47 5.27 4.47 4.07 5.27 5.27 3.44 5.27 4.49 5.30 5.30 5.30 4.49 4.49 5.30 5.30 5.30 5.30 5.30 4.49 4.49 4.49 4.09 4.49 4.29 4.29 4.29 4.29 5.07 4.29 4.29 4.29 3.91 4.29 4.29 4.29 5.07 4.29 4.29 5.07 5.14 3.28 5.14 5.14 5.14 4.98 5.12 3.28 3.28 5.12 4.89 4.89
4.09 5.30 5.30 5.30 5.30 3.94 5.30 5.30 4.05 4.45 5.26 5.26 5.26 4.45 4.45 4.45 5.26 5.26 5.26 4.45 4.05 4.45 5.26 4.45 4.07 5.27 5.27 4.07 5.27 4.07 4.07 4.47 4.47 4.07 4.47 4.47 4.07 5.27 5.27 3.44 5.30 5.30 4.49 4.49 4.49 4.09 4.09 4.49 4.49 4.49 4.49 4.09 4.09 4.49 1.35 4.49 4.29 4.29 4.29 5.07 5.07 4.29 5.07 4.29 4.29 4.29 4.29 4.29 4.29 3.91 5.07 4.29 5.10 5.14 5.14 5.14 5.14 4.98 5.12 4.32 5.12 5.12 5.12 4.89
