New_Model_Runs/14_Future_RCP8.5_Scn1_out/post_prcessed_with_MFR/Monthly_summaries/actual_et_monthly_FEB.asc
NCOLS 700
NROWS 400
XLLCENTER 515000.000000
YLLCENTER 8409000.000000
CELLSIZE 50.000000
NODATA_value -999.000000
[rows 114 to 151 of 400, columns 504 to 587 of 700]
1.22 1.22 1.22 1.22 1.22 1.22 1.22 1.22 1.15 1.15 1.15 1.15 1.15 1.15 1.15 1.15 1.15 3.48 3.48 3.48 3.48 3.81 3.81 3.48 3.89 1.88 1.28 4.06 1.28 3.89 3.89 3.89 3.89 1.28 1.28 1.28 1.28 3.89 4.94 1.28 1.37 1.37 1.37 1.37 1.37 1.37 1.37 1.37 1.37 1.37 1.37 1.37 1.37 1.37 1.37 1.37 1.31 1.31 1.31 1.31 1.31 1.31 1.31 1.31 1.31 1.31 1.31 1.31 1.31 1.31 1.31 1.31 1.18 1.18 1.18 1.18 1.18 3.72 0.00 0.00 0.00 0.00 0.00 0.00
1.22 1.22 1.22 1.22 1.22 1.22 1.22 1.22 1.15 1.15 1.15 1.15 1.15 1.15 1.15 1.15 1.15 1.15 1.15 3.48 3.48 3.48 4.52 4.52 4.94 3.89 1.28 1.28 1.28 3.89 3.89 4.94 3.89 1.28 1.28 1.28 1.28 1.28 4.94 4.94 1.37 1.37 1.37 1.37 1.37 1.37 1.37 1.37 1.37 1.37 1.37 1.37 1.37 1.37 1.37 1.37 1.31 1.31 1.31 1.31 1.31 1.31 1.31 1.31 1.31 1.31 1.31 1.31 1.31 1.31 1.31 1.31 1.18 1.18 1.18 1.18 1.18 3.58 3.58 3.58 3.72 3.38 3.35 3.72
1.22 1.22 1.22 1.22 1.22 1.22 1.22 1.22 1.15 1.15 1.15 1.15 1.15 1.15 1.15 1.15 1.15 1.15 1.15 1.15 1.15 1.15 1.15 1.15 1.28 4.94 4.94 4.94 1.28 1.28 1.28 3.89 1.28 1.28 1.28 1.28 1.28 1.28 1.28 4.94 1.37 1.37 1.37 4.13 1.37 1.37 1.37 1.37 1.37 4.15 1.37 1.37 1.37 1.37 1.37 1.37 1.31 1.31 1.31 1.31 1.31 1.31 1.31 1.31 1.31 1.31 1.31 1.31 1.31 1.31 1.31 1.31 1.18 1.18 1.18 1.18 1.18 3.58 3.58 3.58 4.49 3.82 4.49 4.49
1.22 1.22 1.22 1.22 1.22 1.22 1.22 1.22 1.15 1.15 1.15 1.15 1.15 1.15 1.15 1.15 1.15 1.15 1.15 1.15 1.15 1.15 1.15 1.15 4.06 1.28 1.28 1.28 1.28 1.28 4.17 1.28 1.28 1.28 1.28 1.28 1.28 1.28 1.28 1.28 1.37 1.37 1.37 1.37 1.37 1.37 1.37 4.15 1.37 5.05 4.27 4.31 4.31 1.37 1.37 1.37 1.31 1.31 1.31 1.31 1.31 1.31 1.31 1.31 1.31 1.31 1.31 1.31 1.31 1.31 1.31 1.31 1.18 1.18 1.18 1.18 1.18 1.18 3.58 3.58 4.49 4.06 3.58 3.58
1.22 1.22 1.22 1.22 1.22 1.22 1.22 1.22 1.15 1.15 1.15 1.15 1.15 1.15 1.15 1.15 1.15 1.15 1.15 1.15 1.15 1.15 1.15 1.15 1.28 1.28 1.88 1.28 1.28 1.28 1.28 1.28 1.28 1.28 1.28 1.28 1.28 1.28 1.28 1.28 1.37 1.37 1.37 1.37 1.37 1.37 1.37 4.13 4.13 4.13 4.27 4.27 1.37 1.37 1.37 1.37 1.31 1.31 1.31 1.31 1.31 1.31 1.31 1.31 1.31 1.31 1.31 1.31 1.31 1.31 1.31 1.31 1.18 1.18 1.18 1.18 1.18 1.18 3.58 3.58 4.49 4.06 3.86 3.58
1.22 1.22 1.22 1.22 1.22 1.22 1.22 1.22 1.15 1.15 1.15 1.15 1.15 1.15 1.15 1.15 1.15 1.15 1.15 1.15 1.15 1.15 1.15 1.15 1.28 1.28 1.28 1.28 1.28 1.28 1.28 1.28 1.28 1.28 1.28 1.28 1.28 1.28 1.28 1.28 1.37 1.37 1.37 1.37 5.05 5.05 5.05 4.27 4.27 1.37 1.37 1.37 4.15 1.37 1.37 1.37 1.31 1.31 1.31 1.31 1.31 1.31 1.31 1.31 1.31 1.31 1.31 1.31 1.31 1.31 1.31 1.31 1.18 1.18 1.18 1.18 1.18 1.18 1.73 1.73 3.86 4.49 4.49 3.86
1.22 1.22 1.22 1.22 1.22 1.22 1.22 1.22 1.15 1.15 1.15 1.15 1.15 1.15 1.15 1.15 1.15 1.15 1.15 1.15 1.15 1.15 1.15 1.15 1.28 1.28 3.89 1.28 1.28 1.28 1.28 1.28 1.28 1.28 1.28 1.28 1.28 3.89 3.89 3.89 1.37 1.37 1.37 4.13 4.27 2.01 4.13 1.37 4.27 1.37 1.37 1.37 1.37 1.37 1.37 1.37 1.31 1.31 1.31 1.31 1.31 1.31 1.31 1.31 1.31 1.31 1.31 1.31 1.31 1.31 1.31 1.31 1.18 1.18 1.18 1.18 1.73 1.73 1.73 1.73 3.86 3.86 3.58 3.86
1.22 1.22 1.22 1.22 1.22 1.22 1.22 1.22 1.15 1.15 1.15 1.15 1.15 1.15 1.15 1.15 1.15 1.15 1.15 1.15 1.15 1.15 1.15 1.15 1.28 3.89 4.17 4.17 1.28 1.28 1.28 1.28 1.28 1.28 1.28 1.28 1.28 3.89 3.89 3.89 1.37 5.05 5.05 4.13 4.13 1.37 4.13 1.37 1.37 1.37 1.37 1.37 1.37 1.37 1.37 1.37 1.31 1.31 1.31 1.31 1.31 1.31 1.31 1.31 1.31 1.31 1.31 1.31 1.31 1.31 1.31 1.31 1.18 1.18 1.18 1.18 1.18 1.18 1.18 1.73 3.86 3.86 3.58 3.86
1.22 1.22 1.22 1.22 1.22 1.22 1.22 1.22 1.15 1.15 1.15 1.15 1.15 1.15 1.15 1.15 1.15 1.15 1.15 1.15 1.15 1.15 1.15 1.15 1.28 1.28 4.17 4.17 4.17 1.28 1.28 3.89 4.17 3.89 3.89 1.28 4.75 1.28 3.89 4.17 4.27 4.27 5.05 4.13 4.13 1.37 1.37 1.37 1.37 1.37 1.37 1.37 1.37 1.37 1.37 1.37 1.31 1.31 1.31 1.31 1.31 1.31 1.31 1.31 1.31 1.31 1.31 1.31 1.31 1.31 1.31 1.31 1.18 1.18 1.18 1.18 1.18 1.18 1.18 1.18 3.58 3.58 1.18 1.18
1.22 1.22 1.22 1.22 1.22 1.79 1.22 1.22 1.15 3.64 1.15 1.15 1.15 1.15 1.15 1.15 3.64 1.15 1.15 1.15 1.15 1.15 1.15 1.15 1.28 1.28 3.89 4.17 4.17 1.28 1.28 3.89 4.17 4.17 3.89 3.89 3.89 1.28 1.28 4.17 1.37 4.27 4.13 1.37 1.37 1.37 1.37 1.37 1.37 1.37 1.37 1.37 1.37 1.37 1.37 1.37 1.31 1.31 1.31 1.31 1.31 1.31 1.31 1.31 1.31 1.31 1.31 1.31 1.31 1.31 1.31 1.31 1.18 1.18 1.18 1.18 1.18 1.18 1.18 1.18 1.18 1.18 1.18 1.18
1.22 1.22 1.22 1.22 1.22 1.22 1.22 1.22 1.15 1.15 1.15 1.15 1.15 1.15 1.15 1.15 1.15 1.15 3.48 3.48 1.15 1.15 1.15 1.15 1.28 1.28 1.28 1.28 1.28 1.28 1.28 3.89 4.17 4.17 1.28 4.13 4.17 4.17 1.28 1.28 1.37 1.37 1.37 1.37 1.37 1.37 1.37 1.37 1.37 1.37 1.37 1.37 1.37 1.37 1.37 1.37 1.31 1.31 1.31 1.31 1.31 1.31 1.31 1.31 1.31 1.31 1.31 1.31 1.31 1.31 1.31 1.31 1.18 1.18 1.18 1.18 1.18 1.18 1.18 1.18 1.18 1.18 1.18 1.18
1.22 1.22 1.22 1.22 1.22 1.22 1.22 1.22 1.15 1.15 1.15 1.15 1.15 1.15 1.15 1.15 1.15 1.15 3.48 3.79 3.79 1.15 1.15 1.15 1.28 1.28 3.61 4.23 4.94 4.94 1.28 1.28 4.13 4.90 4.90 3.15 4.90 4.90 1.28 1.28 1.37 1.37 1.37 1.37 1.37 1.37 1.37 1.37 1.37 1.37 1.37 1.37 1.37 1.37 1.37 1.37 1.31 1.31 1.31 1.31 1.31 1.31 1.31 1.31 1.31 1.31 1.31 1.31 1.31 1.31 1.31 1.31 1.18 1.18 1.18 1.18 1.18 1.18 1.18 1.18 1.18 1.18 1.18 1.18
1.22 1.22 1.22 1.22 1.22 1.22 1.22 1.22 1.15 1.15 1.15 1.15 1.15 1.15 1.15 1.15 1.15 3.48 3.48 4.51 4.47 3.64 1.15 1.15 1.28 2.95 4.23 4.23 4.23 2.95 4.23 4.94 4.90 4.90 4.90 4.90 1.28 1.28 1.28 1.28 1.37 1.37 1.37 1.37 1.37 1.37 1.37 1.37 1.37 1.37 1.37 1.37 1.37 1.37 1.37 1.37 1.31 1.31 1.31 1.31 1.31 1.31 1.31 1.31 1.31 1.31 1.31 1.31 1.31 1.31 1.31 1.31 1.18 1.18 1.18 1.18 1.18 1.18 1.18 1.18 1.18 1.18 1.18 1.18
1.22 1.22 1.22 1.22 1.22 1.22 1.22 1.22 1.15 1.15 1.15 1.15 1.15 1.15 1.15 1.15 1.15 3.48 3.48 3.48 3.79 3.64 1.15 4.09 2.95 2.95 2.95 4.23 4.23 2.95 4.23 2.95 4.90 4.90 4.13 3.89 1.28 1.28 1.28 1.28 1.37 1.37 1.37 1.37 1.37 1.37 4.21 1.37 1.37 1.37 1.37 1.37 1.37 1.37 1.37 1.37 1.31 1.31 1.31 3.95 1.31 1.31 3.95 3.95 1.31 1.31 1.31 1.31 1.31 1.31 1.31 1.31 1.18 1.18 1.18 1.18 1.18 1.18 1.18 1.18 1.18 1.18 1.18 1.18
1.22 1.22 1.22 1.22 1.22 1.22 1.22 1.22 1.15 1.15 1.15 1.15 1.15 1.15 1.15 1.15 1.15 3.48 3.48 4.51 4.51 4.47 4.51 2.89 2.95 2.95 4.23 0.00 0.00 0.00 0.00 0.00 0.00 4.90 4.90 1.28 1.28 1.28 1.28 1.28 1.37 1.37 1.37 4.98 4.98 4.98 4.98 2.01 4.11 1.37 1.37 1.37 1.37 1.37 1.37 1.37 1.31 1.31 1.31 3.89 3.89 3.89 3.89 3.95 1.31 1.31 1.31 1.31 1.31 1.31 1.31 1.31 1.18 1.18 1.18 1.18 1.18 1.18 1.18 1.18 1.18 1.18 1.18 1.18
1.22 1.22 1.22 1.22 1.22 1.22 1.22 1.22 1.15 1.15 1.15 1.15 1.15 1.15 1.15 1.15 3.81 3.48 3.48 3.48 4.51 4.51 2.89 4.09 2.95 0.00 0.00 0.00 0.00 0.00 0.00 0.00 0.00 0.00 4.94 1.28 1.28 1.28 1.28 1.28 1.37 4.21 4.11 4.11 4.98 4.98 1.37 4.15 1.37 1.37 1.37 1.37 1.37 1.37 1.37 1.37 1.31 1.31 1.31 3.95 3.89 3.89 3.95 1.31 1.31 1.31 1.31 1.31 1.31 1.31 1.31 1.31 1.18 1.18 1.18 1.18 1.18 1.18 1.18 1.18 1.18 4.49 1.18 1.18
1.14 1.14 1.14 1.14 1.14 1.14 1.67 1.14 0.79 0.79 0.79 0.79 0.79 0.79 0.79 0.79 2.64 0.79 2.64 3.11 3.11 3.11 3.10 3.10 0.00 0.00 0.00 0.00 0.00 0.00 0.00 0.00 0.00 0.00 0.00 0.83 0.83 0.83 0.83 2.50 3.28 3.28 3.28 2.35 3.28 0.83 0.83 0.83 0.83 0.83 0.83 0.83 0.83 0.83 0.83 0.83 1.31 1.31 1.31 3.80 3.70 3.74 3.80 1.31 1.31 1.31 1.31 1.31 1.31 1.31 1.31 1.31 1.26 1.26 1.26 1.26 1.26 1.26 1.26 1.26 1.26 1.26 1.26 1.26
1.14 1.14 1.14 1.14 1.14 1.14 1.14 1.14 2.50 2.50 0.79 0.79 0.79 0.79 0.79 2.64 2.64 0.79 2.64 2.40 2.40 2.40 0.79 3.10 0.00 0.00 0.00 0.00 0.00 0.00 0.00 0.00 0.00 0.00 0.00 0.10 3.25 0.83 0.10 0.00 0.00 3.28 3.28 3.28 2.53 0.83 0.83 0.83 0.83 0.83 0.83 0.83 0.83 0.83 0.83 0.83 1.31 1.31 1.31 3.84 3.74 3.80 3.80 1.31 1.31 1.31 1.31 1.31 1.31 1.31 1.31 1.31 1.26 1.26 1.26 1.26 1.26 1.26 1.26 1.26 1.26 1.26 1.26 1.26
1.14 1.14 1.14 1.14 1.14 1.14 3.46 3.46 0.79 0.79 0.79 0.79 2.64 2.64 2.40 2.64 2.64 2.64 0.79 2.40 0.79 0.79 3.11 0.00 0.00 0.00 0.00 0.00 0.00 0.00 0.00 0.00 0.00 0.00 0.00 0.83 0.83 0.00 0.00 0.00 0.00 0.00 0.00 2.35 3.28 0.83 0.83 0.83 0.83 0.83 0.83 0.83 0.83 0.83 0.83 0.83 1.31 1.31 1.31 3.74 3.70 3.80 3.80 1.31 1.31 1.31 1.31 1.31 1.31 1.31 1.31 1.31 1.26 1.26 1.26 1.26 1.26 1.26 1.26 1.26 1.26 1.26 1.26 1.26
1.14 1.14 1.14 1.14 1.14 3.46 3.46 3.46 2.40 3.11 0.79 0.79 0.79 2.64 3.11 2.40 3.10 3.10 2.40 0.79 0.79 0.79 0.00 0.00 0.00 0.00 0.00 0.00 0.00 0.00 0.00 0.00 0.00 0.00 0.00 0.00 0.00 0.00 0.00 0.00 0.00 0.00 0.00 0.08 2.78 2.78 0.83 0.83 0.83 0.83 0.83 0.83 0.83 0.83 0.83 0.83 1.31 1.31 1.31 1.31 1.31 1.31 1.31 1.31 1.31 1.31 1.31 1.31 1.31 1.31 1.31 1.31 1.26 1.26 1.26 1.26 1.26 1.26 1.26 1.26 1.26 1.26 1.26 1.26
1.14 1.14 1.14 1.14 1.14 1.14 1.14 3.79 2.40 1.16 1.16 2.40 2.40 3.11 3.10 3.10 3.10 3.10 0.00 0.00 0.00 0.00 0.00 0.00 0.00 0.00 0.00 0.00 0.00 0.00 0.00 0.00 0.00 0.00 0.00 0.00 0.00 0.00 0.00 0.00 0.00 0.00 0.00 0.00 3.28 0.83 0.83 0.83 0.83 0.83 0.83 0.83 0.83 0.83 0.83 0.83 1.31 1.31 1.31 1.31 1.31 1.31 1.31 1.31 1.31 1.31 1.31 1.31 1.31 1.31 1.31 1.31 1.26 1.26 1.26 1.26 1.26 1.26 1.26 1.26 1.26 1.26 1.26 1.26
1.14 1.14 1.14 1.14 1.14 1.67 1.14 4.49 3.11 3.10 3.10 3.10 3.10 0.00 0.00 0.00 0.00 0.00 0.00 0.00 0.00 0.00 0.00 0.00 0.00 0.00 0.00 0.00 0.00 0.00 0.00 0.00 0.00 0.00 0.00 0.00 0.00 0.00 0.00 0.00 0.00 0.00 0.00 0.83 3.28 2.53 0.83 0.83 0.83 0.83 0.83 0.83 0.83 0.83 0.83 0.83 1.31 1.31 1.31 1.31 1.31 1.31 1.31 1.31 1.31 1.31 1.31 1.31 1.31 1.31 1.31 1.31 1.26 1.26 1.26 1.26 1.26 1.26 1.26 1.26 1.26 1.26 1.26 1.26
1.14 1.14 1.14 1.14 1.14 3.78 4.45 4.49 3.10 3.10 0.00 0.00 0.00 0.00 0.00 0.00 0.00 0.00 0.00 0.00 0.00 0.00 0.00 0.00 0.00 0.00 0.00 0.00 0.00 0.00 0.00 0.00 0.00 0.00 0.00 0.00 0.00 0.00 0.00 0.00 0.00 0.00 0.00 0.83 3.28 2.53 0.83 0.83 3.22 2.78 0.83 0.83 0.83 0.83 0.83 0.83 1.31 1.31 1.31 1.31 1.31 1.31 1.31 1.31 1.31 1.31 1.31 1.31 1.31 1.31 1.31 1.31 1.26 1.26 1.26 1.26 1.26 1.26 1.26 1.26 1.26 1.26 1.26 1.26
1.14 1.14 1.14 1.14 1.14 3.46 2.90 4.09 0.00 0.00 0.00 0.00 0.00 0.00 0.00 0.00 0.00 0.00 0.00 0.00 0.00 0.00 0.00 0.00 0.00 0.00 0.00 0.00 0.00 0.00 0.00 0.00 0.00 0.00 0.00 0.00 0.00 0.00 0.00 0.00 0.00 0.00 0.00 0.00 0.00 0.00 0.00 3.22 3.22 3.28 2.78 2.78 2.53 0.83 0.83 0.83 1.31 1.31 1.31 1.31 1.31 1.31 1.31 1.31 1.31 1.31 1.31 1.31 1.31 1.31 1.31 1.31 1.26 1.26 1.26 1.26 1.26 1.26 1.26 1.26 1.26 1.26 1.26 1.26
1.14 1.14 1.14 3.46 3.46 3.46 4.09 0.00 0.00 0.00 0.00 0.00 0.00 0.00 0.00 0.00 0.00 0.00 0.00 0.00 0.00 0.00 0.00 0.00 0.00 0.00 0.00 0.00 0.00 0.00 0.00 0.00 0.00 0.00 0.00 0.00 0.00 0.00 0.00 0.00 0.00 0.00 0.00 0.00 0.00 0.00 0.00 0.00 3.22 2.34 2.78 2.78 2.53 2.78 2.53 0.83 1.31 1.31 1.31 1.31 1.31 1.31 1.31 1.31 1.31 1.31 1.31 1.31 1.31 1.31 1.31 1.31 1.26 1.26 1.26 1.26 1.26 1.26 1.26 1.26 1.26 1.26 1.26 1.26
3.46 4.49 4.49 3.79 3.46 3.46 4.49 0.00 0.00 0.00 0.00 0.00 0.00 0.00 0.00 0.00 0.00 0.00 0.00 0.00 0.00 0.00 0.00 0.00 0.00 0.00 0.00 0.00 0.00 0.00 0.00 0.00 0.00 0.00 0.00 0.00 0.00 0.00 0.00 0.00 0.00 0.00 0.00 0.00 0.00 0.00 0.00 0.00 0.00 3.22 2.53 2.78 2.78 2.53 2.78 2.53 4.02 1.31 1.31 1.31 1.31 1.31 1.31 1.31 1.31 1.31 1.31 1.31 1.31 1.31 1.31 1.31 1.26 1.26 1.26 1.26 1.26 1.26 1.26 1.26 1.26 1.26 1.26 1.26
1.14 3.46 4.49 3.79 1.14 1.14 4.49 0.00 0.00 0.00 0.00 0.00 0.00 0.00 0.00 0.00 0.00 0.00 0.00 0.00 0.00 0.00 0.00 0.00 0.00 0.00 0.00 0.00 0.00 0.00 0.00 0.00 0.00 0.00 0.00 0.00 0.00 0.00 0.00 0.00 0.00 0.00 0.00 0.00 0.00 0.00 0.00 0.00 0.00 3.22 2.34 3.22 2.35 3.28 3.28 3.28 4.76 3.66 1.31 1.31 3.75 1.31 1.31 1.31 1.31 1.31 1.31 1.31 1.31 1.31 1.31 1.31 1.26 1.26 1.26 1.26 1.26 1.26 1.85 1.85 3.82 1.26 1.26 3.69
1.14 3.79 3.79 3.79 1.14 1.14 1.14 0.00 0.00 0.00 0.00 0.00 0.00 0.00 0.00 0.00 0.00 0.00 0.00 0.00 0.00 0.00 0.00 0.00 0.00 0.00 0.00 0.00 0.00 0.00 0.00 0.00 0.00 0.00 0.00 0.00 0.00 0.00 0.00 0.00 0.00 0.00 0.00 0.00 0.00 0.00 0.00 0.00 0.00 0.00 2.34 2.34 3.28 3.28 2.35 2.35 4.76 4.18 3.75 3.75 3.75 1.31 1.31 1.31 1.31 1.31 1.31 1.31 1.31 1.31 1.31 1.31 1.26 1.26 1.26 1.26 1.26 1.26 1.26 1.26 1.26 1.26 1.26 3.69
1.14 1.14 1.14 3.02 4.49 0.04 0.00 0.00 0.00 0.00 0.00 0.00 0.00 0.00 0.00 0.00 0.00 0.00 0.00 0.00 0.00 0.00 0.00 0.00 0.00 0.00 0.00 0.00 0.00 0.00 0.00 0.00 0.00 0.00 0.00 0.00 0.00 0.00 0.00 0.00 0.00 0.00 0.00 0.00 0.00 0.00 0.00 0.00 0.00 0.00 3.22 2.34 3.22 2.35 3.28 2.78 4.03 3.75 3.76 1.31 1.31 1.31 1.31 1.31 1.31 1.31 1.31 1.31 1.31 1.31 1.31 1.31 1.26 1.26 1.26 1.26 1.26 1.26 3.77 3.77 3.77 3.77 4.29 3.77
1.14 1.14 4.49 4.49 0.00 0.00 0.00 0.00 0.00 0.00 0.00 0.00 0.00 0.00 0.00 0.00 0.00 0.00 0.00 0.00 0.00 0.00 0.00 0.00 0.00 0.00 0.00 0.00 0.00 0.00 0.00 0.00 0.00 0.00 0.00 0.00 0.00 0.00 0.00 0.00 0.00 0.00 0.00 0.00 0.00 0.00 0.00 0.00 0.00 0.00 0.00 3.10 3.22 2.34 2.53 2.53 3.95 1.31 1.31 1.31 1.31 1.31 1.31 1.31 1.31 1.31 1.31 1.31 1.31 1.31 1.31 1.31 1.26 1.26 1.26 1.26 1.26 1.26 1.26 1.26 3.77 3.77 3.77 3.82
3.46 4.49 0.00 0.00 0.00 0.00 0.00 0.00 0.00 0.00 0.00 0.00 0.00 0.00 0.00 0.00 0.00 0.00 0.00 0.00 0.00 0.00 0.00 0.00 0.00 0.00 0.00 0.00 0.00 0.00 0.00 0.00 0.00 0.00 0.00 0.00 0.00 0.00 0.00 0.00 0.00 0.00 0.00 0.00 0.00 0.00 0.00 0.00 0.00 0.00 0.00 3.22 2.34 3.28 3.28 2.78 4.11 1.92 3.80 1.31 1.31 1.31 1.31 1.31 1.31 1.31 1.31 1.31 1.31 1.31 1.31 1.31 1.26 1.26 1.26 1.26 1.26 1.26 1.26 1.26 1.26 3.77 3.82 3.82
4.49 0.00 0.00 0.00 0.00 0.00 0.00 0.00 0.00 0.00 0.00 0.00 0.00 0.00 0.00 0.00 0.00 0.00 0.00 0.00 0.00 0.00 0.00 0.00 0.00 0.00 0.00 0.00 0.00 0.00 0.00 0.00 0.00 0.00 0.00 0.00 0.00 0.00 0.00 0.00 0.00 0.00 0.00 0.00 0.00 0.00 0.00 0.00 0.00 0.00 0.00 3.22 3.22 2.35 3.28 2.78 1.31 3.80 1.31 1.31 1.31 1.31 1.31 1.31 1.31 1.31 1.31 1.31 1.31 1.31 1.31 1.31 1.26 1.26 1.26 1.26 1.26 1.26 1.26 1.26 1.26 1.26 1.26 3.82
0.00 0.00 0.00 0.00 0.00 0.00 0.00 0.00 0.00 0.00 0.00 0.00 0.00 0.00 0.00 0.00 0.00 0.00 0.00 0.00 0.00 0.00 0.00 0.00 0.00 0.00 0.00 0.00 0.00 0.00 0.00 0.00 0.00 0.00 0.00 0.00 0.00 0.00 0.00 0.00 0.00 0.00 0.00 0.00 0.00 0.00 0.00 0.00 0.00 0.00 0.00 2.99 2.99 3.01 3.01 2.55 2.33 2.33 2.33 0.77 0.77 0.77 0.77 0.77 0.77 0.77 0.77 0.77 0.77 0.77 0.77 0.77 0.75 0.75 0.75 0.75 0.75 0.75 0.75 0.75 0.75 0.75 2.48 0.75
0.00 0.00 0.00 0.00 0.00 0.00 0.00 0.00 0.00 0.00 0.00 0.00 0.00 0.00 0.00 0.00 0.00 0.00 0.00 0.00 0.00 0.00 0.00 0.00 0.00 0.00 0.00 0.00 0.00 0.00 0.00 0.00 0.00 0.00 0.00 0.00 0.00 0.00 0.00 0.00 0.00 0.00 0.00 0.00 0.00 0.00 0.00 0.00 0.00 0.00 0.00 2.99 2.99 2.55 0.76 2.55 2.33 2.33 2.33 0.77 0.77 0.77 0.77 0.77 0.77 0.77 0.77 0.77 0.77 0.77 0.77 0.77 0.75 0.75 0.75 0.75 0.75 0.75 0.75 0.75 0.75 0.75 2.93 2.93
0.00 0.00 0.00 0.00 0.00 0.00 0.00 0.00 0.00 0.00 0.00 0.00 0.00 0.00 0.00 0.00 0.00 0.00 0.00 0.00 0.00 0.00 0.00 0.00 0.00 0.00 0.00 0.00 0.00 0.00 0.00 0.00 0.00 0.00 0.00 0.00 0.00 0.00 0.00 0.00 0.00 0.00 0.00 0.00 0.00 0.00 0.00 0.00 0.00 0.00 0.00 2.99 2.21 0.76 0.76 2.55 1.12 2.33 2.33 0.77 0.77 2.33 2.33 0.77 0.77 0.77 0.77 0.77 1.12 0.77 0.77 0.77 0.75 1.09 0.75 0.75 0.75 0.75 0.75 0.75 2.93 2.93 0.14 0.00
0.00 0.00 0.00 0.00 0.00 0.00 0.00 0.00 0.00 0.00 0.00 0.00 0.00 0.00 0.00 0.00 0.00 0.00 0.00 0.00 0.00 0.00 0.00 0.00 0.00 0.00 0.00 0.00 0.00 0.00 0.00 0.00 0.00 0.00 0.00 0.00 0.00 0.00 0.00 0.00 0.00 0.00 0.00 0.00 0.00 0.00 0.00 0.00 0.00 0.00 3.01 2.32 3.01 2.32 0.76 0.76 0.77 0.77 0.77 0.77 2.33 2.33 2.33 0.77 0.77 0.77 0.77 0.77 1.12 2.33 0.77 0.77 0.75 0.75 2.48 2.48 0.75 0.75 0.75 0.75 0.14 0.00 0.00 0.00
0.00 0.00 0.00 0.00 0.00 0.00 0.00 0.00 0.00 0.00 0.00 0.00 0.00 0.00 0.00 0.00 0.00 0.00 0.00 0.00 0.00 0.00 0.00 0.00 0.00 0.00 0.00 0.00 0.00 0.00 0.00 0.00 0.00 0.00 0.00 0.00 0.00 0.00 0.00 0.00 0.00 0.00 0.00 0.00 0.00 0.00 0.00 0.00 0.00 3.01 2.32 2.55 0.76 1.12 2.32 1.12 0.77 0.77 0.77 0.77 0.77 2.33 2.33 0.77 0.77 0.77 0.77 0.77 1.12 2.33 0.77 0.77 0.75 2.48 2.26 2.48 2.48 0.75 0.75 0.75 0.00 0.00 0.00 0.00
0.00 0.00 0.00 0.00 0.00 0.00 0.00 0.00 0.00 0.00 0.00 0.00 0.00 0.00 0.00 0.00 0.00 0.00 0.00 0.00 0.00 0.00 0.00 0.00 0.00 0.00 0.00 0.00 0.00 0.00 0.00 0.00 0.00 0.00 0.00 0.00 0.00 0.00 0.00 0.00 0.00 0.00 0.00 0.00 0.00 0.00 0.00 0.00 2.32 0.76 0.76 0.76 0.76 0.76 2.32 0.76 0.77 0.77 0.77 0.77 0.77 0.77 2.33 0.77 0.77 0.77 0.77 0.77 1.12 1.12 2.33 2.33 2.26 2.26 2.26 2.26 2.48 2.48 0.75 2.93 0.00 0.00 0.00 0.00
