New_Model_Runs/14_Future_RCP8.5_Scn1_out/post_prcessed_with_MFR/Monthly_summaries/actual_et_monthly_JUL.asc
NCOLS 700
NROWS 400
XLLCENTER 515000.000000
YLLCENTER 8409000.000000
CELLSIZE 50.000000
NODATA_value -999.000000
[rows 228 to 265 of 400, columns 252 to 335 of 700]
0.78 0.78 0.78 0.78 0.69 0.69 0.69 0.69 2.09 2.09 2.09 2.09 2.71 2.30 0.69 0.69 0.69 0.69 2.09 2.30 3.31 3.31 0.84 0.84 0.84 0.84 0.84 0.84 0.84 0.84 0.84 2.80 2.80 2.80 2.80 2.80 0.72 0.72 0.72 2.41 2.85 2.85 2.85 2.85 2.85 0.72 2.29 0.72 0.72 2.85 2.85 2.85 2.52 2.41 2.45 2.45 2.45 2.45 3.13 3.13 2.65 2.41 2.41 3.13 3.13 3.13 3.13 0.00 1.85 0.00 0.00 0.00 0.00 0.00 0.00 0.00 0.00 0.00 0.00 0.00 0.00 0.00 0.00 0.00
0.78 0.78 0.78 0.78 0.69 0.69 0.69 2.30 2.30 2.30 2.09 2.09 2.09 2.09 0.69 0.69 2.09 0.69 0.69 2.71 3.31 0.84 0.84 0.84 0.84 0.84 0.84 0.84 0.84 0.84 0.84 0.84 0.84 0.84 0.84 0.84 0.72 0.72 0.72 2.19 2.85 2.85 2.85 2.85 2.85 2.85 2.41 0.72 0.72 2.85 2.28 2.85 2.45 2.45 3.13 3.13 2.45 3.13 2.45 3.13 3.13 3.13 2.65 3.13 3.13 0.00 0.00 0.00 0.00 0.00 0.00 0.00 0.00 0.00 0.00 0.00 0.00 0.00 0.00 0.00 0.00 0.00 0.00 0.00
0.78 0.78 0.78 0.78 0.69 0.69 0.69 2.30 2.09 2.30 2.30 2.30 2.30 2.09 0.69 2.09 2.30 2.09 2.18 2.18 2.80 0.84 0.84 0.84 0.84 0.84 0.84 0.84 0.84 0.84 0.84 0.84 0.84 0.84 0.84 0.84 0.72 0.72 0.72 2.85 2.85 2.85 2.28 2.28 2.85 2.85 2.85 2.85 0.72 2.28 2.28 2.85 2.45 2.45 2.45 3.13 2.41 3.13 3.13 3.13 3.13 3.13 3.13 3.13 3.13 0.00 0.00 0.00 0.00 0.00 0.00 0.00 0.00 0.00 0.00 0.00 0.00 0.00 0.00 0.00 0.00 0.00 0.00 0.00
0.78 0.78 0.78 0.78 0.69 0.69 0.69 0.69 0.69 2.09 2.30 2.30 2.30 2.09 0.69 2.18 2.09 2.30 1.01 0.69 0.84 0.84 0.84 0.84 0.84 0.84 0.84 0.84 0.84 0.84 0.84 0.84 0.84 0.84 0.84 0.84 0.72 0.72 0.72 0.72 2.85 2.85 2.85 2.28 2.85 2.85 2.28 2.28 2.85 2.28 2.85 2.85 3.13 3.13 3.13 3.13 2.65 3.13 3.13 3.13 3.13 3.13 3.13 0.00 0.00 0.00 0.00 0.00 0.00 0.00 0.00 1.85 0.00 0.00 0.00 0.00 0.00 0.00 0.00 0.00 0.00 0.00 0.00 0.00
0.78 0.78 0.78 0.78 0.69 0.69 0.69 0.69 0.69 0.69 2.30 2.30 2.30 2.30 2.30 2.30 2.71 2.30 2.71 2.71 2.80 0.84 0.84 0.84 0.84 0.84 0.84 0.84 0.84 0.84 0.84 0.84 0.84 0.84 0.84 2.55 2.41 2.41 2.19 2.85 2.85 2.85 2.85 2.28 2.28 2.28 2.28 2.28 2.85 2.28 2.41 2.85 3.13 2.45 3.13 3.13 3.13 3.13 3.13 3.13 3.13 3.13 3.13 3.13 0.00 0.00 0.00 0.00 0.00 0.00 0.00 1.85 0.00 0.00 0.00 0.00 0.00 0.00 0.00 0.00 0.00 0.00 0.00 0.00
0.78 0.78 0.78 0.78 0.69 0.69 0.69 0.69 0.69 0.69 2.30 2.09 2.09 2.09 2.30 2.71 2.71 2.71 2.71 2.71 0.84 0.84 0.84 0.84 0.84 0.84 0.84 0.84 0.84 0.84 0.84 0.84 0.84 0.84 0.84 0.84 0.72 2.19 2.19 2.19 2.85 2.85 2.85 2.28 2.85 2.28 2.85 2.85 2.85 2.28 2.85 2.85 2.45 2.45 2.45 2.45 3.13 3.13 3.13 2.65 2.65 3.13 2.41 2.41 0.00 3.13 0.00 0.00 0.00 0.00 1.85 1.85 1.85 0.00 0.00 0.00 0.00 0.00 0.00 0.00 0.00 0.00 0.00 0.00
0.78 0.78 0.78 0.78 0.69 0.69 0.69 0.69 0.69 0.69 2.09 2.09 2.09 2.09 2.09 2.71 2.71 2.09 2.71 0.69 0.84 0.84 0.84 0.84 0.84 0.84 0.84 0.84 0.84 1.23 0.84 0.84 0.84 0.84 0.84 0.84 0.72 2.19 2.19 2.85 2.85 2.28 2.28 2.28 2.85 2.85 2.85 2.19 2.19 2.19 2.19 2.19 3.13 3.13 2.45 2.45 3.13 3.13 3.13 2.41 2.41 3.13 2.41 2.41 2.41 3.13 3.13 0.00 0.00 0.00 0.00 0.00 0.00 0.00 0.00 0.00 0.00 0.00 0.00 0.00 0.00 0.00 0.00 0.00
0.78 0.78 0.78 0.78 0.69 0.69 0.69 0.69 2.09 2.09 2.30 2.09 2.09 2.09 2.71 2.71 2.09 2.09 2.71 0.69 0.84 0.84 2.58 0.84 0.84 0.84 0.84 0.84 0.84 0.84 0.84 0.84 0.84 0.84 0.84 0.84 0.72 2.19 2.19 2.85 2.28 2.85 2.85 2.85 2.41 2.41 2.85 2.41 2.19 2.19 2.41 2.41 2.65 3.13 3.13 3.13 2.45 3.13 2.41 3.13 2.41 3.13 2.41 2.41 3.13 3.13 3.13 0.00 0.00 0.00 0.00 0.00 0.00 0.00 0.00 0.00 0.00 0.00 0.00 0.00 0.00 0.00 0.00 0.00
0.78 0.78 0.78 0.78 0.69 0.69 0.69 0.69 2.09 2.30 2.71 2.09 2.09 2.71 2.20 2.20 2.09 2.09 2.09 0.69 3.31 2.58 3.31 3.31 0.84 0.84 0.84 0.84 0.84 0.84 0.84 0.84 0.84 0.84 0.84 0.84 2.19 2.19 2.19 2.85 2.85 2.85 2.85 2.41 2.41 2.41 2.41 2.41 2.19 2.19 2.41 2.41 2.65 3.13 3.13 3.13 3.13 2.65 2.41 0.00 0.00 0.00 3.13 3.13 0.00 3.13 3.13 0.00 0.00 0.00 0.00 0.00 0.00 0.00 0.00 0.00 0.00 0.00 0.00 0.00 0.00 0.00 0.00 0.00
0.78 0.78 0.78 0.78 0.69 0.69 0.69 0.69 0.69 2.30 2.30 2.09 2.09 2.09 2.20 2.20 2.20 2.09 2.09 2.71 2.58 2.58 2.58 3.31 0.84 0.84 0.84 0.84 0.84 0.84 0.84 0.84 0.84 0.84 0.84 0.84 2.85 0.72 2.85 2.85 2.85 2.28 2.28 2.28 2.85 2.85 2.85 2.85 2.85 2.41 2.19 2.41 2.65 3.13 3.13 3.13 3.13 3.13 3.13 0.00 0.00 0.00 0.00 0.00 0.00 0.00 0.00 0.00 0.00 0.00 0.00 0.00 0.00 0.00 0.00 0.00 0.00 0.00 0.00 0.00 0.00 0.00 0.00 0.00
0.78 0.78 0.78 0.78 0.69 0.69 0.69 0.69 2.30 2.30 2.71 2.09 2.09 2.09 2.09 2.20 2.20 2.20 2.71 2.71 3.31 2.58 2.58 3.31 0.84 0.84 2.80 3.31 2.80 0.84 0.84 0.84 0.84 0.84 0.84 2.80 2.28 2.28 2.85 2.28 2.85 2.85 2.85 2.85 2.28 2.85 2.85 2.85 2.28 2.85 2.41 2.41 3.13 2.65 3.13 3.13 3.13 2.52 3.13 0.00 0.00 0.00 0.00 0.00 0.00 0.00 0.00 0.00 0.00 0.00 0.00 0.00 0.00 0.00 0.00 0.00 0.00 0.00 0.00 0.00 0.00 0.00 0.00 0.00
0.78 0.78 0.78 0.78 0.69 0.69 0.69 2.09 2.71 2.71 2.26 2.26 2.30 2.09 2.09 2.20 2.71 2.71 2.71 2.09 2.55 3.31 3.31 3.31 0.84 3.31 3.31 3.31 3.31 3.31 2.58 3.31 3.31 0.84 0.84 3.31 2.28 2.28 2.85 2.85 2.28 2.28 2.85 2.28 2.28 2.28 2.85 2.28 2.85 2.85 2.85 2.19 3.13 3.13 2.52 3.13 2.52 2.52 3.13 3.13 0.00 0.00 0.00 0.00 0.00 0.00 0.00 0.00 0.00 0.00 0.00 0.00 0.00 0.00 0.00 0.00 0.00 0.00 0.00 0.00 0.00 0.00 0.00 0.00
0.78 0.78 0.78 0.78 0.69 0.69 2.71 2.71 2.71 2.30 2.26 2.26 2.26 2.26 2.71 2.20 2.71 2.09 2.09 2.09 2.55 2.55 3.31 3.31 3.31 3.31 2.66 3.31 3.31 3.31 3.31 2.58 3.31 3.31 3.31 3.31 2.28 2.85 2.85 2.85 2.85 2.85 2.28 2.28 2.28 2.28 2.85 2.85 2.85 2.85 2.85 2.85 3.13 3.13 2.52 3.13 3.13 3.13 3.13 3.13 0.00 0.00 0.00 0.00 0.00 0.00 0.00 0.00 0.00 0.00 0.00 0.00 0.00 0.00 0.00 0.00 0.00 0.00 0.00 0.00 0.00 0.00 0.00 0.00
0.78 0.78 0.78 0.78 0.69 0.69 2.71 2.09 2.30 2.30 2.30 2.26 2.26 2.26 2.71 2.71 2.09 2.09 2.09 2.09 2.55 2.55 2.55 0.84 3.31 0.84 2.55 2.55 3.31 3.31 3.31 2.58 3.31 3.31 3.31 3.31 2.28 2.85 2.85 2.85 2.85 2.85 2.85 2.85 0.72 2.28 2.85 2.29 2.41 2.85 2.85 2.28 3.13 3.13 3.13 3.13 3.13 3.13 3.13 3.13 3.13 0.00 0.00 0.00 0.00 0.00 0.00 0.00 0.00 0.00 0.00 0.00 0.00 0.00 0.00 0.00 0.00 0.00 0.00 0.00 0.00 0.00 0.00 0.00
2.65 2.65 0.80 0.80 0.81 3.19 2.50 2.46 2.46 2.57 2.50 3.19 3.19 3.19 2.50 3.19 2.70 2.70 2.70 2.70 2.54 2.54 2.54 3.29 3.29 2.54 2.54 2.54 2.54 2.54 2.54 3.29 3.29 3.29 2.54 2.54 3.02 2.38 2.33 2.33 2.33 3.02 3.02 3.02 3.02 2.38 0.77 2.33 3.02 2.33 2.56 3.02 2.49 3.12 3.12 3.12 3.12 3.12 3.12 3.12 3.12 3.12 0.00 0.00 0.00 0.00 0.00 0.00 0.00 0.00 0.00 0.00 0.00 0.00 0.00 0.00 0.00 0.00 0.00 0.00 0.00 0.00 0.00 0.00
2.65 2.65 0.80 0.80 0.81 2.50 3.19 3.19 2.46 3.19 2.50 3.19 3.19 3.19 3.19 3.19 2.70 2.70 2.70 2.70 2.79 2.54 2.54 3.29 3.29 2.54 3.29 3.29 2.79 3.29 2.79 3.29 3.29 3.29 3.29 2.79 3.02 3.02 3.02 2.33 2.33 2.33 2.56 3.02 3.02 2.38 3.02 3.02 2.56 2.56 2.33 3.02 3.12 3.12 3.12 3.12 3.12 3.12 3.12 3.12 3.12 3.12 3.12 0.00 0.00 0.00 0.00 0.00 0.00 0.00 0.00 0.00 0.00 0.00 0.00 0.00 0.00 0.00 0.00 0.00 0.00 0.00 0.00 0.00
2.65 2.65 2.65 0.80 3.19 3.19 2.50 3.19 3.19 3.19 3.19 2.70 2.70 2.70 2.70 2.70 2.70 2.70 2.70 2.70 2.79 2.54 2.54 2.54 2.54 2.54 3.29 2.79 2.79 2.79 2.79 2.79 3.29 3.29 2.79 2.79 3.02 2.56 3.02 3.02 3.02 3.02 3.02 3.02 3.02 3.02 3.02 3.02 2.33 3.02 2.33 2.33 3.12 2.49 3.12 3.12 3.12 3.12 3.12 3.12 3.12 3.12 2.49 3.12 0.00 0.00 0.00 0.00 0.00 0.00 0.00 0.00 0.00 0.00 0.00 0.00 0.00 0.00 0.00 0.00 0.00 0.00 0.00 0.00
2.65 2.65 2.65 3.13 2.50 2.50 3.19 2.50 3.19 3.19 3.19 3.19 2.70 3.19 2.70 3.19 2.70 2.70 2.70 2.70 2.79 2.54 2.54 2.54 2.54 3.29 3.29 3.29 3.29 2.79 2.79 3.29 3.29 3.29 2.79 2.79 3.02 2.38 3.02 3.02 2.56 3.02 2.56 3.02 3.02 3.02 2.33 2.38 3.02 2.56 3.02 2.33 2.41 2.49 3.12 1.17 3.12 3.12 3.12 3.12 3.12 3.12 2.49 2.49 0.00 0.00 0.00 0.00 0.00 0.00 0.00 0.00 0.00 0.00 0.00 0.00 0.00 0.00 0.00 0.00 0.00 0.00 0.00 1.80
2.65 2.65 2.65 2.50 3.19 3.19 2.50 3.19 3.19 3.19 3.19 3.19 3.19 3.19 3.19 3.19 3.19 2.70 2.70 2.70 2.79 2.54 2.54 2.54 2.79 2.54 3.29 3.29 3.29 3.29 2.56 3.29 3.29 2.56 3.29 3.29 2.38 2.38 3.02 3.02 3.02 2.33 2.33 2.33 3.02 2.38 2.38 3.02 2.46 2.56 2.43 3.02 3.12 2.49 2.49 3.12 2.65 3.12 3.12 3.12 3.12 3.12 3.12 3.12 0.00 0.00 0.00 0.00 0.00 0.00 0.00 0.00 0.00 0.00 0.00 0.00 0.00 0.00 0.00 0.00 0.00 0.00 0.00 1.80
2.65 2.50 2.50 3.13 3.19 3.19 3.19 3.19 3.19 3.19 3.19 2.50 2.50 2.70 2.70 2.70 3.19 2.70 3.19 2.70 2.79 2.54 2.54 3.29 3.29 3.29 3.29 2.54 2.54 3.29 3.29 3.29 3.29 3.29 3.29 2.56 2.38 2.38 3.02 2.56 2.56 3.02 2.33 2.38 2.38 2.38 2.38 2.46 2.46 2.46 2.43 2.46 2.49 2.49 2.49 3.12 2.65 3.12 3.12 3.12 3.12 3.12 2.49 2.49 3.12 3.12 0.00 0.00 0.00 0.00 0.00 0.00 0.00 0.00 0.00 0.00 0.00 0.00 0.00 0.00 0.00 0.00 0.00 1.80
2.50 2.50 2.50 3.13 2.50 3.19 3.19 3.19 3.19 3.19 2.70 2.46 2.70 2.46 3.19 3.19 2.46 3.19 3.19 3.19 2.79 2.54 2.54 2.79 3.29 3.29 3.29 2.54 2.79 2.79 2.79 3.29 3.29 3.29 3.29 3.29 3.02 3.02 3.02 3.02 2.33 2.33 3.02 2.38 2.26 2.38 3.02 2.46 2.46 2.46 2.46 2.46 2.49 2.49 2.49 2.49 3.12 2.65 3.12 3.12 3.12 3.12 2.49 2.49 2.49 3.12 0.00 0.00 0.00 0.00 0.00 0.00 0.00 0.00 0.00 0.00 0.00 0.00 0.00 0.00 0.00 0.00 0.00 0.00
2.50 2.50 2.50 2.50 3.19 3.19 2.46 2.50 3.19 3.19 2.70 2.70 2.70 2.70 3.19 3.19 2.46 2.46 3.19 2.70 2.79 2.54 2.54 2.79 3.29 3.29 3.29 2.54 2.54 2.54 3.29 3.29 2.56 3.29 3.29 3.29 3.02 3.02 2.38 2.38 3.02 3.02 3.02 2.38 3.02 3.02 3.02 2.46 2.46 2.46 2.46 2.46 3.12 2.49 3.12 2.49 3.12 3.12 2.65 3.12 3.12 2.49 2.49 2.49 2.49 3.12 0.00 0.00 0.00 0.00 0.00 0.00 0.00 0.00 0.00 0.00 0.00 0.00 0.00 0.00 0.00 0.00 0.00 0.00
3.13 3.13 2.50 3.13 3.19 2.46 2.46 3.19 3.19 2.70 2.70 2.70 2.70 2.70 2.46 2.70 3.19 2.46 2.46 2.46 2.54 2.54 2.79 3.29 3.29 3.29 3.29 2.54 2.54 3.29 3.29 3.29 3.29 3.29 3.29 3.29 3.02 3.02 3.02 3.02 2.38 3.02 3.02 2.56 3.02 3.02 2.46 3.02 3.02 2.46 2.46 3.02 2.49 3.12 3.12 3.12 3.12 2.49 3.12 3.12 3.12 2.49 2.49 2.49 2.49 3.12 0.00 0.00 0.00 0.00 0.00 0.00 0.00 0.00 0.00 0.00 0.00 0.00 0.00 0.00 0.00 0.00 0.00 0.00
3.13 3.13 3.13 3.13 2.70 3.19 2.46 2.46 2.70 2.70 2.70 2.46 2.46 2.46 2.46 2.46 2.70 2.70 2.70 2.70 2.79 3.29 3.29 3.29 3.29 3.29 3.29 2.54 2.79 3.29 3.29 3.29 3.29 2.56 2.56 3.29 3.02 3.02 3.02 3.02 3.02 3.02 3.02 3.02 2.46 2.46 2.46 2.46 3.02 2.46 2.46 2.46 2.49 2.49 3.12 2.49 3.12 2.49 2.49 2.49 2.49 2.49 2.49 2.49 3.12 3.12 3.12 0.00 0.00 0.00 0.00 0.00 0.00 0.00 0.00 0.00 0.00 0.00 0.00 0.00 0.00 0.00 0.00 0.00
3.13 3.13 2.42 2.65 2.70 2.46 3.19 3.19 2.46 2.70 2.70 2.70 2.46 2.46 2.46 2.46 2.46 2.70 2.70 2.70 2.79 2.54 3.29 2.56 2.65 3.29 2.56 2.56 2.56 2.56 3.29 2.56 2.56 2.56 2.56 3.29 3.02 3.02 3.02 3.02 3.02 2.38 3.02 2.46 2.46 2.46 2.46 2.46 3.02 2.46 2.46 2.46 2.49 2.49 2.49 2.49 2.49 2.49 2.49 2.49 2.49 3.12 3.12 3.12 3.12 3.12 3.12 0.00 0.00 0.00 0.00 0.00 0.00 0.00 0.00 0.00 0.00 0.00 0.00 0.00 0.00 0.00 0.00 0.00
3.13 2.42 3.13 2.65 2.70 2.70 2.46 2.46 2.46 2.70 2.70 2.70 2.70 2.46 2.46 2.46 2.46 2.70 2.46 2.70 3.29 3.29 2.79 3.29 2.56 2.56 3.29 2.56 2.56 3.29 3.29 3.29 3.29 2.56 2.56 3.29 2.38 3.02 3.02 3.02 3.02 2.46 2.46 2.46 2.46 2.46 2.46 2.46 2.46 3.02 3.02 2.46 2.49 2.49 2.49 2.49 2.49 2.49 2.49 2.49 2.49 3.12 3.12 3.12 3.12 3.12 3.12 3.12 0.00 0.00 0.00 0.00 0.00 0.00 0.00 0.00 0.00 0.00 0.00 0.00 0.00 0.00 0.00 0.00
3.13 2.50 3.13 3.13 3.19 3.19 3.19 3.19 3.19 2.70 2.70 3.19 2.70 2.70 2.46 2.46 2.46 2.46 2.46 2.46 2.55 3.29 3.29 3.29 2.56 2.56 2.56 2.56 2.56 2.56 3.29 3.29 3.29 3.29 2.56 2.56 3.02 3.02 3.02 3.02 3.02 3.02 2.46 3.02 2.46 2.46 2.46 2.46 2.46 3.02 3.02 2.46 2.49 2.49 2.49 2.49 2.49 2.49 2.49 2.52 2.52 2.49 2.49 3.12 3.12 3.12 3.12 3.12 1.80 1.80 0.00 0.00 0.00 0.00 0.00 0.00 0.00 0.00 0.00 0.00 0.00 0.00 0.00 0.00
3.13 2.65 3.13 3.13 3.19 3.19 2.70 2.70 3.19 3.19 2.70 3.19 2.70 2.70 2.70 2.70 2.46 2.46 2.46 2.46 3.29 3.29 3.29 0.84 0.84 2.56 2.56 2.56 2.56 2.56 3.29 3.29 3.29 3.29 3.29 3.29 3.02 3.02 3.02 3.02 3.02 3.02 2.46 2.46 3.02 2.46 2.46 2.46 2.46 3.02 3.02 3.02 3.12 3.12 3.12 3.12 3.12 3.12 3.12 3.12 3.12 3.12 3.12 3.12 3.12 3.12 3.12 3.12 1.80 1.80 1.80 1.80 1.80 1.80 1.80 1.80 1.80 1.80 1.80 1.80 1.80 1.80 1.80 1.80
3.13 3.13 3.13 3.13 3.19 2.70 2.70 2.70 2.70 2.70 2.70 3.19 3.19 2.70 2.46 2.46 2.46 2.46 2.46 3.19 3.29 0.84 3.29 0.84 0.84 0.84 2.56 3.29 2.56 3.29 3.29 3.29 3.29 3.29 3.29 3.29 3.02 3.02 3.02 3.02 3.02 2.33 2.56 2.33 3.02 3.02 0.77 1.13 3.02 2.46 2.46 3.02 3.12 3.12 3.12 3.12 3.12 3.12 3.12 3.12 3.12 3.12 3.12 3.12 3.12 2.49 2.49 2.49 1.61 1.61 1.61 1.61 1.61 1.61 1.61 1.61 1.61 1.61 1.61 1.61 1.61 1.61 1.61 1.61
2.65 3.13 3.13 3.13 2.70 2.70 3.19 2.70 2.70 2.50 3.19 3.19 3.19 2.46 3.19 2.46 2.46 2.70 2.46 3.19 2.54 0.84 0.84 2.65 3.29 2.56 2.56 3.29 2.56 2.56 3.29 3.29 2.56 2.55 2.55 2.55 2.38 3.02 3.02 3.02 3.02 3.02 2.56 2.33 3.02 0.77 1.13 2.46 2.46 2.46 3.02 3.02 3.12 3.12 3.12 3.12 3.12 3.12 3.12 3.12 3.12 3.12 3.12 3.12 3.12 3.12 3.12 2.49 1.61 1.80 1.80 1.80 1.80 1.80 1.80 1.80 1.80 1.80 1.80 1.80 1.80 1.80 1.80 1.80
3.20 2.71 2.71 3.20 2.79 2.79 2.79 2.79 2.54 2.54 3.30 3.25 3.30 3.30 3.30 2.54 2.79 3.25 3.30 3.30 2.52 0.83 3.27 3.27 0.83 0.83 0.83 0.83 2.53 3.27 3.27 3.27 2.53 3.27 2.53 3.27 2.37 3.01 3.01 3.01 2.43 3.01 3.01 2.43 2.43 2.43 2.43 2.43 2.43 2.43 2.43 2.43 2.47 3.14 3.14 3.14 3.14 3.14 3.14 3.14 3.14 3.14 3.14 3.14 3.14 3.14 3.14 2.47 2.37 2.92 2.92 2.92 2.92 2.92 2.92 2.92 2.92 2.92 2.92 2.92 2.92 2.92 2.92 2.92
2.71 2.71 2.71 2.71 3.25 3.25 2.54 3.30 2.54 3.30 3.25 3.30 3.30 3.30 3.30 3.30 3.25 2.54 2.54 2.54 3.27 3.27 3.27 3.27 0.83 0.83 0.83 0.83 3.27 3.27 3.27 3.27 2.53 2.53 3.27 3.27 2.43 2.43 3.01 3.01 3.01 3.01 3.01 2.43 2.43 2.43 2.43 2.43 3.01 3.01 2.43 2.43 2.47 2.47 3.14 3.14 3.14 3.14 3.14 3.14 3.14 3.14 3.14 3.14 3.14 2.47 2.47 2.47 2.37 2.92 0.00 0.00 0.00 0.00 0.00 0.00 0.00 0.00 0.00 0.00 0.00 0.00 0.00 0.00
2.71 2.71 3.20 3.20 3.25 3.30 3.30 2.54 3.30 3.30 3.30 2.54 2.54 2.79 3.30 3.30 2.54 2.54 3.30 3.30 2.49 3.27 3.27 0.83 0.83 0.83 0.83 0.83 3.27 3.27 3.27 3.27 3.27 3.27 3.27 3.27 2.43 2.43 3.01 2.43 3.01 3.01 3.01 2.43 3.01 2.43 2.43 2.43 2.43 2.42 3.01 2.43 3.14 3.14 3.14 3.14 3.14 3.14 3.14 3.14 3.14 2.47 2.47 2.47 3.14 2.47 2.47 2.47 2.37 2.37 0.00 0.00 0.00 0.00 0.00 0.00 0.00 0.00 0.00 0.00 0.00 0.00 0.00 0.00
3.20 2.71 2.71 3.20 3.25 3.30 3.30 3.30 3.30 2.54 2.54 2.79 3.30 2.54 3.30 3.25 3.30 3.30 3.30 2.54 2.52 0.83 0.83 0.83 0.83 0.83 0.83 0.83 0.83 3.27 3.27 3.27 3.27 3.27 3.27 3.27 3.01 3.01 3.01 2.43 3.01 3.01 2.43 3.01 2.43 2.43 3.01 3.01 2.42 2.42 2.42 3.01 3.14 2.47 2.47 2.47 3.14 3.14 3.14 3.14 3.14 2.47 3.14 2.47 2.47 2.47 2.47 2.47 2.37 2.37 2.37 0.00 0.00 0.00 0.00 0.00 0.00 0.00 0.00 0.00 0.00 0.00 0.00 0.00
3.20 2.71 3.20 3.20 3.30 3.30 3.30 2.54 2.54 3.25 2.79 3.30 2.54 2.54 3.30 3.30 2.54 2.54 3.30 3.25 2.52 0.83 0.83 0.83 0.83 0.83 0.83 2.52 3.27 2.53 3.27 2.53 3.27 3.27 3.27 2.56 3.01 3.01 3.01 3.01 3.01 3.01 3.01 2.43 2.43 2.43 2.43 2.43 3.01 3.01 3.01 3.01 2.47 2.47 2.47 2.47 3.14 3.14 3.14 3.14 3.14 2.47 0.94 2.47 2.47 2.47 2.47 2.47 2.37 2.37 2.37 0.00 0.00 0.00 0.00 0.00 0.00 0.00 0.00 0.00 0.00 0.00 2.92 2.92
3.20 3.20 3.20 3.20 3.30 3.30 3.30 3.25 3.30 2.54 2.54 2.54 2.54 3.30 3.30 3.30 2.54 2.54 2.54 3.30 2.52 0.83 0.83 0.83 0.83 0.83 2.52 2.52 2.53 2.53 3.27 3.27 2.56 2.56 2.56 2.56 2.43 3.01 3.01 2.43 2.43 3.01 2.43 2.43 2.43 3.01 3.01 3.01 3.01 3.01 3.01 2.43 2.47 3.14 3.14 2.47 2.47 3.14 3.14 3.14 3.14 2.47 3.14 3.14 2.47 2.47 2.47 2.47 2.37 2.37 2.37 2.37 0.00 0.00 0.00 0.00 0.00 0.00 0.00 0.00 2.92 2.92 2.37 2.37
3.20 3.19 3.20 2.71 2.79 2.79 3.30 2.79 2.79 2.54 2.54 2.54 2.54 3.30 2.54 3.30 2.54 2.54 3.30 2.54 0.83 0.83 0.83 0.83 0.83 0.83 2.52 3.27 2.53 3.27 2.53 2.56 2.56 3.27 3.27 3.27 3.01 3.01 3.01 3.01 2.43 3.01 3.01 2.43 3.01 3.01 3.01 3.01 3.01 3.01 3.01 3.01 2.47 3.14 3.14 2.47 2.47 3.14 3.14 2.47 2.47 3.14 3.14 3.14 3.14 2.47 2.47 3.14 2.37 2.92 0.00 2.37 2.37 0.00 0.00 0.00 0.00 0.00 0.00 2.92 2.37 2.37 2.37 2.92
2.71 2.71 2.71 2.71 2.79 2.79 2.79 3.25 2.79 2.54 2.54 2.54 3.30 2.54 2.54 3.30 3.30 3.30 3.30 2.54 3.27 2.49 2.49 2.49 3.27 3.27 3.27 3.27 2.53 3.27 3.27 3.27 3.27 3.27 3.27 3.27 3.01 3.01 2.43 3.01 3.01 3.01 3.01 3.01 2.32 2.32 2.32 3.01 3.01 3.01 3.01 3.01 3.14 3.14 3.14 2.47 2.47 2.47 3.14 3.14 2.47 3.14 3.14 3.14 3.14 3.14 3.14 3.14 2.37 0.00 0.00 0.00 2.37 2.37 0.00 0.00 0.00 2.92 2.37 2.37 2.37 2.92 2.92 0.00
