New_Model_Runs/14_Future_RCP8.5_Scn1_out/post_prcessed_with_MFR/Monthly_summaries/actual_et_monthly_MAR.asc
NCOLS 700
NROWS 400
XLLCENTER 515000.000000
YLLCENTER 8409000.000000
CELLSIZE 50.000000
NODATA_value -999.000000
[rows 266 to 303 of 400, columns 168 to 251 of 700]
4.08 4.08 4.08 5.30 4.08 4.08 1.35 1.35 1.39 1.39 1.39 1.39 1.39 1.39 1.39 1.39 1.39 1.39 1.39 1.39 1.39 1.39 1.39 1.39 1.27 1.27 1.27 1.27 1.27 4.25 4.25 3.87 3.87 3.87 1.27 1.27 1.27 1.27 1.27 1.27 1.35 1.35 1.35 4.51 1.35 1.35 4.11 4.11 4.11 4.51 4.51 4.51 4.51 4.51 4.51 4.51 4.26 4.26 4.26 4.26 4.26 4.26 3.88 3.88 4.26 5.03 5.03 5.03 3.88 4.26 4.26 4.26 5.32 5.32 5.32 5.32 5.32 4.12 5.32 4.50 4.50 4.50 4.10 4.10
4.49 4.49 4.49 5.30 4.49 4.49 1.35 1.35 1.39 1.39 1.39 1.39 1.39 1.39 1.39 1.39 1.39 1.39 1.39 1.39 1.39 1.39 1.39 1.39 1.27 1.27 1.27 1.27 1.27 4.25 4.25 3.87 4.25 4.25 1.27 1.27 1.27 1.27 1.27 1.27 1.35 1.35 1.35 4.51 4.51 1.35 4.11 4.11 4.11 4.51 4.51 4.51 4.51 4.51 4.51 4.51 4.26 4.26 5.03 4.26 4.26 4.26 4.26 3.88 3.88 4.26 5.03 5.03 3.88 4.26 4.26 4.26 5.32 5.32 5.32 5.32 4.12 5.31 5.31 5.31 5.31 5.31 4.50 4.50
4.08 4.08 5.30 5.30 4.49 4.49 4.49 1.35 1.39 1.39 1.39 1.39 1.39 1.39 1.39 1.39 1.39 1.39 1.39 1.39 1.39 1.39 1.39 1.39 1.27 1.27 1.27 1.27 1.27 3.87 4.25 4.25 4.25 4.25 1.27 1.27 1.27 1.27 1.27 1.27 1.35 4.51 4.51 1.35 4.51 4.51 4.11 4.51 4.51 4.51 4.51 4.51 4.51 4.51 4.51 4.51 4.26 4.26 3.88 4.26 4.26 4.26 4.26 5.03 5.03 5.03 5.03 5.03 5.03 4.26 4.26 4.26 5.32 5.32 5.32 4.12 5.32 4.50 5.32 4.50 4.10 5.31 5.31 4.50
5.30 5.30 5.30 5.30 4.49 4.49 1.35 1.35 1.39 1.39 1.39 4.22 4.22 4.22 1.39 1.39 1.39 1.39 1.39 1.39 1.39 1.39 1.39 1.39 1.27 1.27 1.27 5.01 1.27 3.87 3.87 4.25 4.25 1.27 1.27 1.27 1.27 1.27 1.27 1.27 4.11 4.51 4.51 4.51 4.51 4.51 4.51 4.51 4.51 4.51 4.51 4.51 1.35 1.35 1.35 4.11 3.88 4.26 5.03 5.03 4.26 4.26 4.26 4.26 3.88 5.03 5.03 5.03 5.03 4.26 5.03 4.26 4.50 5.32 5.32 5.32 4.10 4.10 5.31 5.32 4.10 4.50 5.31 5.31
5.30 4.08 5.30 4.49 4.49 4.49 1.35 1.35 1.39 4.22 5.47 4.22 4.22 4.22 1.39 1.39 1.39 1.39 1.39 1.39 1.39 1.39 1.39 1.39 1.27 1.27 1.27 1.27 1.27 3.87 4.25 4.25 4.25 1.27 1.27 1.27 1.27 1.27 1.27 1.27 4.51 4.51 4.11 4.51 4.51 4.51 4.51 5.33 5.33 4.11 4.11 4.11 1.35 4.11 4.11 4.11 3.88 4.26 4.26 4.26 4.26 4.26 4.26 4.26 5.03 3.88 5.03 5.03 4.26 4.26 5.03 4.26 5.32 5.32 5.32 5.32 4.10 4.10 4.50 4.50 4.10 4.10 4.50 4.10
4.49 5.30 4.17 4.08 4.49 4.08 1.35 1.35 1.39 4.22 4.22 4.22 4.22 4.22 1.39 1.39 4.22 1.39 1.39 1.39 2.04 1.39 1.39 1.39 1.27 1.27 1.27 1.27 4.25 4.25 4.25 4.25 4.25 4.25 1.27 1.27 1.27 1.27 1.27 1.27 4.51 4.51 4.51 4.51 4.51 4.51 4.51 5.33 5.33 4.11 4.11 1.35 1.35 1.35 4.51 4.51 4.26 4.26 5.03 4.26 4.26 3.88 4.26 5.03 5.03 5.03 5.03 5.03 5.03 5.03 5.03 3.95 4.50 5.32 5.32 4.10 4.10 4.10 4.10 5.32 4.10 4.10 4.10 4.10
4.49 5.30 5.30 4.08 4.08 1.35 1.35 1.35 1.39 4.22 4.22 4.22 4.22 1.39 1.39 4.22 4.22 4.22 4.63 4.63 4.63 5.47 2.04 1.39 1.27 1.27 4.12 4.23 4.23 4.23 4.23 4.23 4.23 4.23 3.86 3.86 1.27 3.86 1.27 1.27 1.35 1.35 4.31 4.31 4.31 4.31 4.31 5.02 5.02 1.35 1.35 1.35 1.35 1.35 1.35 4.51 4.26 4.26 3.95 3.95 5.03 5.03 4.26 5.03 5.03 3.95 3.95 5.03 3.88 5.03 5.03 5.03 5.32 5.32 5.32 4.10 5.31 4.10 4.10 5.31 5.31 4.10 4.10 4.10
4.49 5.30 4.49 4.08 1.35 1.35 1.35 1.35 4.22 4.22 4.22 4.22 4.22 1.39 1.39 1.39 4.22 4.63 4.63 4.63 4.58 4.40 4.40 2.04 1.27 1.27 4.23 4.23 4.23 4.23 4.23 4.23 4.23 4.23 4.23 4.12 4.12 3.86 1.27 1.27 1.35 1.35 4.31 4.31 4.31 4.31 4.31 5.02 4.09 4.09 1.35 4.11 4.11 4.51 4.51 4.11 4.26 5.03 5.03 5.03 5.03 5.03 5.03 5.03 5.03 3.95 5.03 5.03 4.26 5.03 5.03 3.95 4.12 5.32 5.32 5.31 5.31 4.10 4.10 5.31 5.32 5.32 4.10 4.10
5.52 5.52 5.52 1.40 1.40 4.26 4.26 4.26 4.21 4.21 4.21 4.21 4.21 4.21 1.39 1.39 4.21 4.21 4.62 4.62 4.57 1.39 1.39 1.39 1.36 1.36 1.36 4.50 4.50 4.50 4.50 4.50 4.50 4.50 4.50 4.33 4.33 4.33 1.36 2.00 2.04 4.37 4.37 4.37 4.37 4.37 4.37 5.21 5.06 4.37 4.37 4.37 4.22 4.63 4.63 4.63 1.32 5.19 4.01 5.19 5.19 5.19 5.19 4.40 5.19 5.19 5.19 5.19 5.19 4.04 4.04 4.04 4.13 5.38 5.37 5.37 5.37 5.38 4.15 5.38 5.37 5.38 4.15 4.15
4.26 5.52 5.52 1.40 1.40 4.26 4.68 4.26 4.21 4.21 4.62 4.21 4.21 4.21 1.39 1.39 1.39 1.39 4.62 4.62 4.57 1.39 1.39 1.39 1.36 1.36 1.36 1.36 4.50 4.50 4.50 4.50 4.50 4.50 5.35 1.36 1.36 4.33 1.36 1.36 1.39 1.39 4.37 4.37 4.37 4.37 4.37 4.37 4.37 4.37 4.37 4.37 4.37 4.22 4.63 4.22 1.32 4.01 4.01 4.40 5.19 5.19 4.40 4.40 5.19 5.19 5.19 5.19 5.19 5.19 4.04 4.04 5.38 4.56 4.15 4.15 4.56 4.56 4.56 4.56 4.56 4.15 4.15 5.37
5.51 5.52 5.52 1.40 1.40 4.26 2.06 4.26 4.21 4.21 4.21 4.21 4.21 4.21 1.39 1.39 1.39 1.39 4.62 4.57 1.39 1.39 1.39 1.39 1.36 1.36 1.36 4.14 4.50 4.50 4.50 4.50 4.50 4.50 4.50 5.29 4.12 1.36 1.36 1.36 4.37 4.18 4.37 4.37 4.37 4.37 1.39 4.18 5.06 5.21 4.37 4.37 4.37 4.18 4.37 4.63 4.01 1.32 5.19 5.19 4.40 4.40 4.40 5.19 5.19 5.19 5.19 5.19 5.19 4.04 5.19 5.19 5.38 5.37 4.15 4.56 4.56 5.38 4.56 4.56 4.56 4.15 4.15 5.37
5.52 4.68 4.68 4.26 1.40 4.26 4.68 4.26 4.21 4.62 4.21 4.21 4.21 1.39 1.39 1.39 1.39 1.39 1.39 4.39 1.39 1.39 1.39 1.39 1.36 1.36 1.36 4.14 4.50 4.50 4.50 4.50 4.50 4.50 5.35 5.35 4.33 1.36 4.33 4.33 4.18 4.18 4.37 4.37 4.18 4.18 1.39 1.39 4.37 5.06 4.37 4.37 4.37 4.37 4.37 4.18 4.01 4.01 5.19 5.19 5.19 4.40 4.40 5.19 4.04 5.19 5.19 5.19 5.19 4.40 4.40 5.19 4.56 5.38 4.15 4.56 4.56 4.56 5.38 5.37 5.37 4.15 4.15 4.56
5.52 4.68 5.52 1.40 1.40 4.68 4.68 4.67 4.62 4.62 1.39 1.39 1.39 1.39 1.39 1.39 1.39 1.39 1.39 1.39 1.39 1.39 1.39 1.39 1.36 1.36 1.36 4.14 4.14 4.50 4.14 4.14 4.14 4.14 5.35 5.35 4.33 1.36 1.36 4.33 4.37 4.37 4.37 1.39 1.39 1.39 1.39 1.39 4.18 5.06 4.37 4.37 4.37 4.37 4.37 4.37 3.99 5.19 5.19 5.19 5.19 5.19 5.19 5.19 5.19 4.04 4.04 4.04 5.19 5.19 5.19 4.40 5.38 5.38 5.38 5.37 4.56 4.15 4.15 4.56 4.56 4.15 4.15 4.56
5.51 5.52 4.68 4.68 1.40 4.68 4.68 2.06 4.62 4.62 1.39 1.39 1.39 1.39 1.39 1.39 1.39 1.39 1.39 1.39 1.39 1.39 1.39 1.39 1.36 1.36 1.36 4.14 4.14 4.50 4.14 4.32 1.36 4.14 5.35 4.12 1.36 2.00 4.12 4.33 4.37 4.37 4.18 1.39 1.39 1.39 1.39 1.39 4.18 4.37 4.37 4.37 4.37 4.37 4.37 4.37 4.21 4.28 4.01 5.19 4.40 5.19 5.19 5.19 5.19 4.04 4.04 4.04 5.19 5.19 4.01 4.40 5.37 5.37 5.37 5.37 4.56 4.56 4.56 4.15 4.15 4.15 4.15 5.38
5.51 5.52 4.68 4.68 1.40 4.26 4.26 4.68 4.21 1.39 1.39 1.39 4.62 2.03 1.39 1.39 4.62 4.21 4.62 4.51 5.43 1.39 1.39 1.39 1.36 1.36 1.36 4.14 4.14 4.14 5.35 5.35 4.14 5.29 5.35 4.12 2.00 4.12 4.33 4.33 4.37 4.18 4.18 4.18 1.39 1.39 4.18 4.18 4.37 4.37 4.37 4.37 4.38 5.21 4.37 4.37 4.28 4.28 4.28 4.00 4.40 4.40 5.19 4.04 5.19 4.04 5.19 4.40 4.40 4.00 4.00 4.40 4.56 4.56 4.56 4.56 4.56 4.56 4.56 4.56 4.15 4.15 4.15 4.15
5.52 5.52 5.52 5.52 1.40 1.40 1.40 1.40 4.39 1.39 1.39 1.39 4.62 5.46 5.46 1.39 4.62 1.39 1.39 4.51 4.57 4.21 4.21 1.39 1.36 4.14 4.14 4.14 4.50 5.29 4.50 5.35 4.50 5.29 4.14 4.12 4.12 4.12 4.33 4.33 4.18 4.18 4.37 4.18 4.18 4.18 4.37 4.18 5.06 4.37 4.37 4.37 4.37 5.21 5.06 4.46 4.28 4.28 4.28 4.28 5.19 5.19 5.19 5.19 5.19 5.19 5.19 5.19 4.40 4.00 4.00 4.40 4.56 4.56 4.15 4.15 4.15 4.56 4.56 4.56 4.56 4.56 4.15 4.15
5.51 5.51 5.51 5.52 4.68 1.40 1.40 1.40 4.39 1.39 1.39 4.39 4.62 4.62 5.45 5.46 5.46 4.21 5.37 5.43 4.57 4.21 4.21 4.21 4.50 5.35 4.14 4.50 4.50 4.50 5.35 5.35 5.29 5.35 5.01 4.12 4.12 4.12 4.12 4.12 4.18 4.18 4.37 4.18 4.18 4.37 4.37 5.06 4.18 4.37 4.37 4.37 4.18 5.21 5.06 5.19 4.28 4.28 4.28 4.28 4.37 5.19 4.04 4.04 4.40 5.19 4.40 4.40 4.40 4.00 4.40 4.40 4.56 4.56 4.15 4.15 4.56 4.56 5.37 4.56 4.56 4.15 4.56 4.56
4.26 5.51 5.52 4.27 5.52 1.40 1.40 1.40 1.39 1.39 1.39 1.39 1.39 1.39 5.45 4.24 5.46 4.62 5.43 3.63 5.37 5.43 5.44 5.44 3.58 5.35 4.50 4.50 5.35 5.35 3.58 5.35 5.35 3.58 2.00 4.12 4.12 4.12 4.12 4.12 4.18 4.18 4.18 4.18 4.18 4.18 4.37 4.37 4.37 4.37 5.21 5.06 4.18 5.21 2.04 1.39 5.10 5.10 4.28 4.28 4.37 5.19 5.19 5.19 4.00 5.19 4.40 4.40 4.40 4.00 4.00 4.40 4.56 4.56 4.15 4.15 4.56 4.56 5.37 4.56 4.56 4.15 4.56 4.15
4.26 5.52 5.51 5.51 4.68 4.26 1.40 5.52 5.46 1.39 1.39 4.21 1.39 5.45 4.24 4.24 5.46 5.45 5.44 5.43 3.63 5.44 5.44 5.44 5.35 5.35 5.35 3.58 3.58 5.35 3.58 5.35 5.36 3.58 2.00 2.00 4.33 4.12 4.12 4.12 1.39 4.37 4.37 4.37 4.37 4.37 4.18 5.06 4.37 4.37 4.37 5.06 4.18 4.18 5.21 4.37 4.21 5.10 4.00 4.00 4.37 5.19 5.19 4.40 5.19 4.40 4.40 4.40 4.40 4.00 4.00 4.40 4.56 4.56 4.56 4.56 4.56 4.56 4.56 4.56 4.15 4.15 4.56 4.15
5.52 5.51 4.68 4.26 5.52 4.68 5.52 5.51 5.46 5.45 5.45 4.21 5.46 5.46 5.46 4.24 5.45 5.45 5.44 5.44 5.44 5.38 5.38 5.44 4.50 4.50 3.58 3.58 5.30 3.58 3.58 3.58 5.35 3.58 4.12 4.12 2.00 1.36 1.36 1.36 4.18 4.37 4.37 4.37 4.37 4.37 4.18 5.06 4.37 4.37 4.37 4.37 4.37 5.21 5.06 4.37 4.21 4.88 5.10 4.00 4.37 5.19 5.19 4.37 4.40 5.19 5.19 5.19 5.19 4.40 4.40 4.40 4.56 4.56 4.56 4.56 4.56 4.56 4.56 4.15 4.15 4.56 4.56 5.38
5.52 5.51 4.26 4.26 4.26 4.26 5.52 5.52 2.03 5.45 5.46 5.46 5.46 4.24 5.46 5.45 4.24 3.63 4.21 4.57 4.57 5.38 5.38 5.44 5.35 5.30 3.58 5.30 5.30 5.35 3.58 5.35 3.58 5.35 3.58 5.35 4.50 4.50 4.50 4.32 1.39 4.37 4.37 4.37 4.18 4.18 4.18 4.18 4.18 4.18 4.18 4.18 4.18 4.18 4.18 4.18 3.99 4.21 4.21 5.10 5.10 5.19 5.19 4.37 4.37 5.19 5.19 5.19 5.19 5.19 4.40 4.40 4.56 4.56 4.56 4.56 4.56 4.56 4.15 4.15 5.38 4.56 4.56 4.56
5.52 5.52 5.51 5.52 4.26 5.48 5.52 5.51 5.45 4.24 5.46 5.46 5.46 4.24 5.46 5.45 5.45 5.38 4.21 4.21 4.21 4.57 5.38 4.21 4.50 4.50 5.35 5.30 5.30 3.58 3.58 5.30 5.35 5.35 5.35 5.35 4.50 4.50 4.50 4.50 1.39 1.39 4.37 4.37 4.18 4.18 5.21 5.06 5.21 4.18 4.18 4.18 4.18 4.37 4.18 4.18 3.99 4.88 4.21 3.99 4.88 5.19 5.19 4.37 5.19 5.00 4.40 4.40 4.40 4.40 4.40 4.40 5.38 5.38 4.56 4.56 4.56 4.56 4.15 4.56 4.56 5.38 5.38 4.56
4.27 4.27 5.52 5.52 5.51 5.51 4.27 5.51 5.46 5.46 4.62 4.62 5.45 4.62 4.62 4.62 5.45 5.38 4.21 4.21 4.21 5.38 5.38 4.57 4.50 4.50 4.50 5.35 4.50 5.35 5.35 5.30 4.50 4.50 3.58 5.35 5.30 4.50 4.50 4.50 4.57 4.57 1.39 4.18 1.39 5.21 4.18 5.04 4.18 4.18 1.39 1.39 4.37 4.18 4.18 4.18 3.99 4.88 5.02 5.02 5.02 3.49 5.19 5.19 5.15 4.37 4.28 4.40 5.19 4.40 4.40 4.40 4.56 4.56 4.56 4.56 5.38 5.38 4.15 5.38 5.38 5.38 5.38 5.38
5.51 5.52 5.51 5.52 5.52 5.52 5.52 4.27 4.24 5.45 4.62 4.62 4.24 5.46 4.62 4.62 4.21 1.39 4.21 5.38 5.44 5.44 4.57 4.57 4.50 4.50 4.50 4.50 4.50 5.30 5.30 4.50 4.14 4.14 5.35 5.35 4.50 4.50 4.50 4.50 4.57 4.57 1.39 1.39 1.39 4.39 4.18 5.04 4.37 4.18 4.18 1.39 1.39 1.39 1.39 1.39 3.99 5.02 4.21 4.21 5.19 5.19 4.37 5.19 5.15 5.15 5.15 4.37 4.40 4.40 4.40 4.40 4.56 4.56 4.56 4.56 5.38 5.38 5.38 5.38 5.38 5.38 5.38 5.37
5.43 5.46 4.21 4.21 5.46 5.43 4.20 5.46 4.17 4.17 5.42 5.42 5.42 5.42 4.59 4.18 4.59 4.53 4.18 4.18 4.18 4.53 4.53 4.53 4.53 4.53 4.53 4.53 4.53 4.53 4.19 5.40 5.40 4.19 4.53 5.40 5.40 4.19 4.53 4.53 4.54 4.54 4.16 1.39 4.16 4.16 4.16 4.16 4.16 4.16 4.16 4.16 1.39 1.39 4.37 4.37 4.00 4.00 5.00 3.41 5.20 4.37 4.37 5.20 5.20 5.14 5.14 5.14 4.02 4.42 4.42 4.42 4.11 4.11 4.11 4.11 4.11 5.33 4.52 5.33 5.33 5.33 5.31 5.31
5.43 5.43 5.43 5.46 5.46 5.43 5.46 5.46 5.42 4.17 5.39 5.39 5.39 5.42 4.59 4.59 4.53 4.53 4.18 4.18 4.18 4.18 4.53 4.53 4.53 4.53 4.53 4.53 4.53 4.53 4.19 4.19 5.40 5.40 5.33 4.53 4.53 3.59 4.53 4.53 4.54 4.54 4.33 1.39 4.16 4.16 4.16 1.39 1.39 1.39 4.16 4.16 1.39 1.39 1.39 4.37 4.00 4.00 4.85 3.41 3.47 5.14 4.37 4.37 4.37 4.37 4.37 5.14 5.20 4.26 4.42 4.42 4.52 4.11 4.11 5.33 4.11 4.11 5.33 5.33 5.33 5.31 5.31 5.31
5.43 5.46 5.46 5.43 4.63 4.21 4.21 5.43 4.59 5.42 4.18 4.18 5.39 4.17 5.39 5.42 4.53 4.53 4.18 4.18 4.18 4.18 4.18 4.53 4.53 4.53 4.53 4.19 4.53 4.53 4.53 4.53 4.19 5.40 4.53 4.53 4.53 4.53 4.53 4.19 4.54 4.54 4.21 1.39 4.16 4.16 4.16 1.39 1.39 1.39 1.39 1.39 1.39 1.39 1.39 1.39 1.33 4.00 4.00 3.41 5.20 4.37 5.20 4.37 4.37 4.37 4.37 4.37 4.02 1.33 4.26 4.42 4.52 4.52 4.11 4.11 4.11 4.11 5.33 5.31 5.31 5.31 5.31 5.31
5.46 5.43 5.46 5.46 5.46 5.43 4.21 5.46 4.59 5.42 4.59 4.18 4.18 4.59 5.39 5.39 5.39 4.53 4.18 4.18 4.18 4.18 4.53 4.53 4.53 4.53 4.53 4.19 4.53 4.53 4.53 5.33 5.40 5.40 4.53 4.53 4.19 4.19 4.19 5.33 4.54 4.21 4.21 2.03 1.39 4.33 1.39 1.39 1.39 1.39 1.39 1.39 1.39 4.16 4.33 1.39 1.33 1.94 4.85 5.00 5.20 4.02 4.02 5.20 4.37 4.37 4.37 4.02 4.02 4.02 4.02 4.37 4.11 4.52 4.11 4.11 4.11 5.33 5.33 5.33 5.31 5.31 5.31 5.31
4.20 5.46 5.43 5.46 5.46 5.43 4.63 4.63 4.18 5.39 4.59 4.59 4.59 4.59 5.42 4.59 3.59 3.59 5.39 5.39 5.33 5.33 4.53 4.53 4.53 5.40 5.33 4.19 4.53 4.53 5.33 5.40 5.40 5.33 4.53 4.53 4.53 4.53 4.53 5.40 4.21 4.21 4.21 5.32 5.32 1.39 1.39 1.39 1.39 1.39 1.39 4.16 4.16 4.16 4.16 4.16 1.33 1.33 5.00 4.85 3.47 4.37 4.37 3.47 5.20 5.14 5.14 5.14 4.02 4.37 4.37 4.37 4.44 4.44 4.11 4.52 5.33 5.31 5.33 5.33 5.33 4.06 4.06 5.31
4.20 5.46 5.46 5.43 4.21 4.63 4.63 4.63 4.18 5.39 5.42 5.42 4.59 4.59 4.59 4.59 4.53 5.39 3.59 3.59 5.33 5.39 3.59 5.39 4.53 5.33 5.40 4.53 4.53 5.40 5.33 5.40 5.40 4.53 5.40 4.19 4.53 5.40 5.33 5.40 4.54 4.54 4.54 4.21 5.32 5.32 5.32 5.00 5.00 1.39 1.39 4.16 4.33 4.33 4.16 4.33 1.33 1.33 1.33 1.33 5.20 4.37 4.37 5.20 5.20 5.20 4.37 4.37 5.14 5.20 4.37 4.37 4.44 4.44 4.11 5.33 5.33 5.33 5.33 5.33 5.31 5.33 5.33 5.31
4.20 5.46 5.43 5.43 5.43 4.21 4.21 4.21 4.18 4.18 4.18 5.42 5.39 4.59 4.59 4.53 4.53 5.33 5.39 5.39 3.59 5.39 5.39 5.33 5.33 5.33 4.19 4.53 4.19 4.53 4.53 5.40 5.40 5.40 4.53 4.53 4.53 4.53 5.33 5.33 5.42 5.42 5.42 4.21 5.32 4.21 5.32 5.32 5.00 1.39 1.39 1.39 4.33 4.33 4.33 4.33 1.33 1.33 1.33 1.33 5.20 5.20 4.37 4.37 4.37 4.37 5.20 5.14 5.20 4.02 4.02 4.37 4.44 4.11 4.11 4.11 5.33 5.33 5.33 5.33 5.33 5.33 4.51 5.31
4.20 5.46 5.43 5.43 5.46 4.21 4.21 4.21 4.18 4.18 4.18 4.18 5.42 4.18 5.42 5.33 4.53 5.39 4.18 4.18 5.39 5.39 5.39 5.39 5.40 5.33 5.33 5.40 4.19 5.40 5.33 4.53 5.40 5.40 4.53 4.53 5.33 4.53 4.53 5.33 4.54 4.54 4.54 4.54 4.54 4.21 5.32 5.32 5.32 1.39 1.39 1.39 1.39 4.33 4.33 4.33 1.33 1.33 4.00 4.02 5.20 3.47 4.37 4.37 4.02 4.02 4.37 4.37 5.14 4.37 5.20 5.14 4.44 4.11 4.11 4.11 4.11 4.52 5.33 5.33 5.33 5.33 5.33 4.51
5.46 5.46 5.43 5.43 5.43 4.21 4.21 4.21 4.18 4.18 5.42 5.42 5.39 4.18 4.18 5.39 5.33 4.53 4.18 4.18 4.53 5.39 4.53 5.39 5.40 5.40 5.40 4.19 5.40 5.40 5.40 5.40 5.40 5.40 5.40 5.33 5.33 5.33 4.53 4.53 4.54 4.54 4.54 4.54 4.54 4.21 4.21 4.21 1.39 1.39 1.39 1.39 1.39 1.39 4.16 1.39 1.33 4.00 4.00 4.02 5.20 5.14 4.37 4.37 5.20 4.02 5.14 4.37 4.37 4.37 4.37 5.14 4.44 4.11 5.22 5.22 5.30 3.50 4.06 5.33 4.11 4.51 5.33 4.51
4.21 4.21 5.43 4.20 4.21 4.21 5.46 4.21 4.18 4.18 4.18 5.42 5.42 4.59 4.18 5.33 5.33 5.39 5.39 4.53 4.53 4.53 4.53 4.53 5.40 5.33 5.40 5.40 5.40 3.59 5.40 3.59 3.59 3.59 4.53 4.53 5.33 5.33 5.40 4.53 4.54 4.54 4.54 4.54 4.54 4.54 4.21 4.54 4.54 4.54 4.16 1.39 1.39 1.39 4.16 1.39 4.84 4.00 4.37 4.02 4.37 5.14 4.02 4.37 5.14 5.14 5.14 4.37 4.02 4.37 4.37 4.37 4.44 5.30 5.30 5.22 5.22 5.30 3.50 4.52 5.33 5.33 5.31 5.33
4.63 4.63 4.63 4.20 5.46 4.63 4.63 5.46 5.42 4.59 4.59 5.39 4.59 4.59 5.42 5.39 5.33 5.33 5.33 4.53 5.39 4.53 4.18 4.53 4.53 5.40 5.40 3.59 5.40 5.40 5.33 5.40 5.40 3.59 5.40 4.54 5.40 5.40 4.53 4.53 4.54 4.54 4.54 4.54 4.54 4.54 4.54 4.54 4.54 4.54 4.21 4.54 1.39 1.39 1.39 1.39 4.18 4.37 4.02 4.02 5.20 4.02 4.02 4.37 5.14 4.37 4.37 5.20 5.20 4.37 4.37 4.02 5.30 5.22 5.22 5.30 5.30 5.30 3.50 3.50 4.06 5.33 5.31 5.31
4.63 4.63 4.21 5.46 5.46 5.43 5.43 4.63 4.59 4.59 4.59 5.39 4.59 4.59 4.53 4.53 5.39 5.39 5.39 5.34 4.53 4.53 4.53 5.33 4.53 4.53 5.33 5.40 5.40 5.40 5.40 5.40 5.33 5.40 5.40 5.40 3.59 4.53 4.19 4.19 4.54 5.42 5.42 4.54 4.54 4.54 5.34 5.34 4.54 4.21 4.54 4.54 4.54 4.54 4.16 1.39 4.37 4.37 4.37 4.02 5.20 4.37 4.02 4.37 5.14 4.37 4.37 4.37 5.20 5.20 5.20 5.14 3.50 3.50 5.30 5.22 5.30 5.22 5.30 3.50 5.30 5.33 5.31 5.31
4.21 4.21 4.63 4.63 5.46 4.20 5.43 4.63 4.18 4.59 5.42 5.42 4.17 4.59 4.53 5.39 5.39 5.39 5.39 4.53 4.53 4.53 4.53 4.53 4.53 4.53 5.33 5.40 5.33 5.40 4.53 5.33 4.53 5.40 4.53 4.19 5.40 5.40 3.59 5.40 4.54 5.34 5.34 5.34 4.54 4.54 5.34 5.34 5.34 5.34 5.34 4.54 4.54 4.54 4.16 4.54 4.37 4.37 4.37 4.37 5.20 4.37 4.37 4.37 4.02 4.37 4.37 4.37 5.20 4.37 4.37 5.20 5.30 3.50 5.30 5.30 5.30 5.03 5.16 3.50 3.50 5.16 5.33 5.33
4.21 5.46 5.46 5.43 5.46 4.20 5.43 5.43 4.18 4.59 5.42 5.42 5.42 4.59 4.53 4.53 5.39 5.39 5.39 4.53 4.18 4.53 5.33 4.53 4.19 5.40 5.40 4.19 5.40 4.19 4.19 4.53 4.53 4.19 4.53 4.53 4.19 5.33 5.33 3.59 5.42 5.34 4.54 4.54 4.54 4.21 4.21 4.54 4.54 4.54 4.54 4.21 4.21 4.54 1.39 4.54 4.37 4.37 4.37 5.14 5.14 4.37 5.14 4.37 4.37 4.37 4.37 4.37 4.37 4.02 5.14 4.37 5.22 5.30 5.30 5.30 5.30 5.03 5.16 4.32 5.16 5.16 5.16 5.33
