New_Model_Runs/14_Future_RCP8.5_Scn1_out/post_prcessed_with_MFR/Monthly_summaries/actual_et_monthly_OCT.asc
NCOLS 700
NROWS 400
XLLCENTER 515000.000000
YLLCENTER 8409000.000000
CELLSIZE 50.000000
NODATA_value -999.000000
[rows 228 to 265 of 400, columns 252 to 335 of 700]
1.18 1.18 1.18 1.18 1.06 1.06 1.06 1.06 3.09 3.21 3.21 3.21 4.16 3.53 1.06 1.06 1.06 1.06 3.21 3.53 4.96 4.89 1.26 1.26 1.26 1.26 1.26 1.26 1.26 1.26 1.26 4.20 4.20 4.20 4.20 4.20 1.11 1.11 1.11 3.66 4.36 4.36 4.36 4.36 4.36 1.11 3.51 1.11 1.11 4.36 4.36 4.36 3.78 3.62 3.38 3.39 3.39 3.39 4.69 4.69 3.93 3.62 3.62 4.70 4.70 4.70 4.70 0.00 2.88 0.00 0.00 0.00 0.00 0.00 0.00 0.00 0.00 0.00 0.00 0.00 0.00 0.00 0.00 0.00
1.18 1.18 1.18 1.18 1.06 1.06 1.06 3.28 3.24 3.24 3.21 3.21 3.21 3.21 1.06 1.06 3.21 1.06 1.06 4.16 4.89 1.26 1.26 1.26 1.26 1.26 1.26 1.26 1.26 1.26 1.26 1.26 1.26 1.26 1.26 1.26 1.11 1.11 1.11 3.36 4.36 4.36 4.36 4.36 4.36 4.36 3.68 1.11 1.11 4.36 3.26 4.36 3.38 3.39 4.70 4.70 3.39 4.69 3.39 4.70 4.69 4.69 3.93 4.70 4.70 0.00 0.00 0.00 0.00 0.00 0.00 0.00 0.00 0.00 0.00 0.00 0.00 0.00 0.00 0.00 0.00 0.00 0.00 0.00
1.18 1.18 1.18 1.18 1.06 1.06 1.06 3.28 3.13 3.24 3.52 3.53 3.53 3.21 1.06 3.21 3.53 3.21 3.35 3.35 4.11 1.26 1.26 1.26 1.26 1.26 1.26 1.26 1.26 1.26 1.26 1.26 1.26 1.26 1.26 1.26 1.11 1.11 1.11 4.36 4.36 4.36 3.14 3.26 4.36 4.36 4.36 4.36 1.11 3.26 3.26 4.36 3.39 3.39 3.39 4.70 3.62 4.70 4.70 4.70 4.69 4.69 4.63 4.70 4.70 0.00 0.00 0.00 0.00 0.00 0.00 0.00 0.00 0.00 0.00 0.00 0.00 0.00 0.00 0.00 0.00 0.00 0.00 0.00
1.18 1.18 1.18 1.18 1.06 1.06 1.06 1.06 1.06 3.13 3.24 3.53 3.53 3.21 1.06 3.35 3.21 3.53 1.55 1.06 1.26 1.26 1.26 1.26 1.26 1.26 1.26 1.26 1.26 1.26 1.26 1.26 1.26 1.26 1.26 1.26 1.11 1.11 1.11 1.11 4.36 4.35 4.35 3.26 4.36 4.36 3.26 3.26 4.36 3.26 4.36 4.36 4.70 4.70 4.70 4.70 3.98 4.70 4.70 4.70 4.69 4.69 4.70 0.00 0.00 0.00 0.00 0.00 0.00 0.00 0.00 2.88 0.00 0.00 0.00 0.00 0.00 0.00 0.00 0.00 0.00 0.00 0.00 0.00
1.18 1.18 1.18 1.18 1.06 1.06 1.06 1.06 1.06 1.06 3.24 3.53 3.53 3.53 3.53 3.53 4.16 3.53 4.16 4.16 4.11 1.26 1.26 1.26 1.26 1.26 1.26 1.26 1.26 1.26 1.26 1.26 1.26 1.26 1.26 3.83 3.66 3.66 3.36 4.36 4.36 4.36 4.36 3.14 3.26 3.26 3.26 3.26 4.36 3.26 3.70 4.36 4.70 3.39 4.70 4.70 4.70 4.70 4.70 4.70 4.70 4.70 4.70 4.70 0.00 0.00 0.00 0.00 0.00 0.00 0.00 2.88 0.00 0.00 0.00 0.00 0.00 0.00 0.00 0.00 0.00 0.00 0.00 0.00
1.18 1.18 1.18 1.18 1.06 1.06 1.06 1.06 1.06 1.06 3.24 3.21 3.21 3.21 3.53 4.16 4.16 4.16 4.16 4.16 1.26 1.26 1.26 1.26 1.26 1.26 1.26 1.26 1.26 1.26 1.26 1.26 1.26 1.26 1.26 1.26 1.11 3.36 3.36 3.36 4.36 4.35 4.35 3.26 4.36 3.26 4.36 4.36 4.36 3.26 4.36 4.36 3.39 3.39 3.39 3.39 4.70 4.70 4.70 3.98 3.98 4.70 3.62 3.62 0.00 4.70 0.00 0.00 0.00 0.00 2.88 2.88 2.88 0.00 0.00 0.00 0.00 0.00 0.00 0.00 0.00 0.00 0.00 0.00
1.18 1.18 1.18 1.18 1.06 1.06 1.06 1.06 1.06 1.06 3.09 3.21 3.21 3.21 3.21 4.16 4.16 3.21 4.16 1.06 1.26 1.26 1.26 1.26 1.26 1.26 1.26 1.26 1.26 1.85 1.26 1.26 1.26 1.26 1.26 1.26 1.11 3.36 3.36 4.36 4.36 3.26 3.26 3.26 4.36 4.36 4.36 3.36 3.36 3.36 3.36 3.36 4.70 4.70 3.39 3.39 4.70 4.70 4.70 3.62 3.62 4.70 3.62 3.62 3.62 4.70 4.70 0.00 0.00 0.00 0.00 0.00 0.00 0.00 0.00 0.00 0.00 0.00 0.00 0.00 0.00 0.00 0.00 0.00
1.18 1.18 1.18 1.18 1.06 1.06 1.06 1.06 3.13 3.09 3.44 3.21 3.21 3.21 4.16 4.16 3.21 3.21 4.16 1.06 1.26 1.26 3.58 1.26 1.26 1.26 1.26 1.26 1.26 1.26 1.26 1.26 1.26 1.26 1.26 1.26 1.11 3.36 3.36 4.36 3.26 4.36 4.36 4.36 3.70 3.69 4.36 3.69 3.36 3.36 3.70 3.70 3.98 4.70 4.70 4.70 3.39 4.70 3.62 4.70 3.62 4.70 3.62 3.62 4.70 4.70 4.70 0.00 0.00 0.00 0.00 0.00 0.00 0.00 0.00 0.00 0.00 0.00 0.00 0.00 0.00 0.00 0.00 0.00
1.18 1.18 1.18 1.18 1.06 1.06 1.06 1.06 3.13 3.24 4.12 3.21 3.21 4.16 3.20 3.20 3.21 3.21 3.21 1.06 4.96 3.58 4.96 4.96 1.26 1.26 1.26 1.26 1.26 1.26 1.26 1.26 1.26 1.26 1.26 1.26 3.36 3.36 3.36 4.36 4.36 4.36 4.36 3.70 3.70 3.70 3.69 3.69 3.36 3.36 3.69 3.69 3.98 4.69 4.69 4.70 4.70 3.98 3.62 0.00 0.00 0.00 4.70 4.70 0.00 4.70 4.70 0.00 0.00 0.00 0.00 0.00 0.00 0.00 0.00 0.00 0.00 0.00 0.00 0.00 0.00 0.00 0.00 0.00
1.18 1.18 1.18 1.18 1.06 1.06 1.06 1.06 1.06 3.44 3.44 3.21 3.21 3.21 3.20 3.20 3.20 3.21 3.21 4.16 3.58 3.58 3.58 4.96 1.26 1.26 1.26 1.26 1.26 1.26 1.26 1.26 1.26 1.26 1.26 1.26 4.36 1.11 4.36 4.36 4.36 3.26 3.26 3.26 4.36 4.36 4.36 4.36 4.36 3.69 3.36 3.69 3.93 4.70 4.70 4.70 4.70 4.70 4.70 0.00 0.00 0.00 0.00 0.00 0.00 0.00 0.00 0.00 0.00 0.00 0.00 0.00 0.00 0.00 0.00 0.00 0.00 0.00 0.00 0.00 0.00 0.00 0.00 0.00
1.18 1.18 1.18 1.18 1.06 1.06 1.06 1.06 3.24 3.44 4.12 3.21 3.21 3.21 3.21 3.20 3.20 3.20 4.16 4.16 4.96 3.58 3.58 4.96 1.26 1.26 4.08 4.89 4.08 1.26 1.26 1.26 1.26 1.26 1.26 4.08 3.26 3.26 4.36 3.26 4.36 4.36 4.36 4.36 3.14 4.36 4.36 4.36 3.26 4.36 3.70 3.70 4.70 3.98 4.70 4.67 4.70 3.87 4.70 0.00 0.00 0.00 0.00 0.00 0.00 0.00 0.00 0.00 0.00 0.00 0.00 0.00 0.00 0.00 0.00 0.00 0.00 0.00 0.00 0.00 0.00 0.00 0.00 0.00
1.18 1.18 1.18 1.18 1.06 1.06 1.06 3.09 3.74 4.12 2.83 2.83 3.44 3.21 3.21 3.20 4.16 4.16 4.16 3.21 3.83 4.96 4.96 4.96 1.26 4.89 4.89 4.78 4.89 4.89 3.56 4.89 4.89 1.26 1.26 4.96 3.26 3.26 4.36 4.36 3.26 3.26 4.36 3.26 3.26 3.26 4.36 3.26 4.36 4.36 4.36 3.36 4.70 4.70 3.78 4.70 3.87 3.87 4.70 4.70 0.00 0.00 0.00 0.00 0.00 0.00 0.00 0.00 0.00 0.00 0.00 0.00 0.00 0.00 0.00 0.00 0.00 0.00 0.00 0.00 0.00 0.00 0.00 0.00
1.18 1.18 1.18 1.18 1.06 1.06 3.89 3.74 3.89 3.44 2.83 2.83 2.83 2.83 4.16 3.20 4.16 3.21 3.21 3.21 3.83 3.83 4.96 4.96 4.96 4.96 4.00 4.96 4.96 4.96 4.96 3.58 4.96 4.96 4.96 4.96 3.26 4.36 4.36 4.36 4.36 4.36 3.26 3.26 3.26 3.26 4.36 4.36 4.36 4.36 4.36 4.36 4.67 4.67 3.78 4.70 4.70 4.70 4.70 4.70 0.00 0.00 0.00 0.00 0.00 0.00 0.00 0.00 0.00 0.00 0.00 0.00 0.00 0.00 0.00 0.00 0.00 0.00 0.00 0.00 0.00 0.00 0.00 0.00
1.18 1.18 1.18 1.18 1.06 1.06 3.89 3.09 3.34 3.44 3.44 2.83 2.83 2.83 4.04 4.16 3.21 3.21 3.21 3.21 3.83 3.83 3.83 1.26 4.96 1.26 3.83 3.83 4.96 4.96 4.96 3.57 4.96 4.96 4.96 4.96 3.26 4.36 4.36 4.36 4.36 4.36 4.36 4.36 1.11 3.26 4.36 3.51 3.70 4.36 4.36 3.26 4.67 4.70 4.70 4.70 4.70 4.70 4.70 4.70 4.70 0.00 0.00 0.00 0.00 0.00 0.00 0.00 0.00 0.00 0.00 0.00 0.00 0.00 0.00 0.00 0.00 0.00 0.00 0.00 0.00 0.00 0.00 0.00
3.66 3.66 1.23 1.23 1.24 4.32 3.05 3.59 3.59 3.78 3.16 4.67 4.67 4.67 3.16 4.87 4.13 4.13 4.13 4.03 3.83 3.83 3.83 4.78 4.78 3.83 3.83 3.83 3.83 3.83 3.83 4.89 4.78 4.96 3.83 3.83 4.64 3.36 3.58 3.58 3.58 4.64 4.64 4.64 4.64 3.36 1.18 3.58 4.64 3.58 3.85 4.61 3.83 4.67 4.67 4.67 4.67 4.67 4.67 4.67 4.67 4.67 0.00 0.00 0.00 0.00 0.00 0.00 0.00 0.00 0.00 0.00 0.00 0.00 0.00 0.00 0.00 0.00 0.00 0.00 0.00 0.00 0.00 0.00
3.66 3.66 1.23 1.23 1.24 3.05 4.67 4.55 3.59 4.67 3.16 4.67 4.67 4.67 4.67 4.87 4.13 4.13 4.13 4.13 4.08 3.83 3.83 4.78 4.78 3.83 4.89 4.97 4.08 4.89 4.08 4.89 4.89 4.89 4.78 4.08 4.61 4.64 4.64 3.58 3.58 3.58 3.93 4.64 4.64 3.22 4.64 4.64 3.85 3.85 3.58 4.64 4.67 4.67 4.67 4.67 4.67 4.67 4.67 4.67 4.67 4.67 4.67 0.00 0.00 0.00 0.00 0.00 0.00 0.00 0.00 0.00 0.00 0.00 0.00 0.00 0.00 0.00 0.00 0.00 0.00 0.00 0.00 0.00
3.66 3.66 3.66 1.23 4.67 4.67 3.16 4.67 4.67 4.67 4.55 3.90 3.90 3.90 3.90 3.90 4.13 4.13 4.13 4.13 4.20 3.83 3.83 3.83 3.83 3.83 4.89 4.20 4.08 4.08 4.08 4.08 4.89 4.89 4.08 4.08 4.64 3.93 4.64 4.64 4.64 4.64 4.64 4.64 4.64 4.64 4.64 4.64 3.58 4.61 3.58 3.58 4.67 3.83 4.67 4.67 4.67 4.67 4.67 4.67 4.67 4.67 3.83 4.67 0.00 0.00 0.00 0.00 0.00 0.00 0.00 0.00 0.00 0.00 0.00 0.00 0.00 0.00 0.00 0.00 0.00 0.00 0.00 0.00
3.66 3.66 3.66 4.37 3.16 3.16 4.67 3.16 4.67 4.67 4.55 4.55 3.90 4.67 3.90 4.67 4.13 4.13 4.13 4.13 4.08 3.83 3.83 3.83 3.83 4.78 4.78 4.89 4.89 4.08 4.08 4.89 4.89 4.89 4.08 4.08 4.64 3.36 4.64 4.64 3.93 4.64 3.93 4.64 4.64 4.64 3.58 3.36 4.64 3.93 4.64 3.58 3.60 3.83 4.67 1.74 4.67 4.67 4.67 4.67 4.67 4.67 3.83 3.83 0.00 0.00 0.00 0.00 0.00 0.00 0.00 0.00 0.00 0.00 0.00 0.00 0.00 0.00 0.00 0.00 0.00 0.00 0.00 2.82
3.66 3.66 3.66 3.17 4.55 4.67 3.16 4.67 4.55 4.67 4.55 4.67 4.67 4.67 4.67 4.67 4.55 4.13 4.03 4.03 4.08 3.83 3.83 3.83 4.08 3.83 4.89 4.89 4.89 4.89 3.52 4.89 4.89 3.52 4.89 4.89 3.35 3.36 4.64 4.64 4.64 3.58 3.58 3.58 4.64 3.36 3.36 4.64 3.83 3.93 3.74 4.64 4.67 3.83 3.83 4.67 3.96 4.67 4.67 4.67 4.67 4.67 4.67 4.67 0.00 0.00 0.00 0.00 0.00 0.00 0.00 0.00 0.00 0.00 0.00 0.00 0.00 0.00 0.00 0.00 0.00 0.00 0.00 2.82
3.66 3.08 3.17 4.53 4.55 4.67 4.67 4.67 4.55 4.55 4.55 3.16 3.16 3.90 3.90 3.90 4.67 4.13 4.83 4.03 4.08 3.83 3.83 4.89 4.89 4.89 4.89 3.83 3.83 4.89 4.89 4.89 4.89 4.89 4.89 3.52 3.35 3.35 4.61 3.93 3.93 4.64 3.58 3.36 3.36 3.36 3.36 3.83 3.83 3.83 3.74 3.83 3.83 3.83 3.83 4.67 3.96 4.67 4.67 4.67 4.67 4.67 3.83 3.83 4.67 4.67 0.00 0.00 0.00 0.00 0.00 0.00 0.00 0.00 0.00 0.00 0.00 0.00 0.00 0.00 0.00 0.00 0.00 2.82
3.17 3.17 3.17 4.53 3.16 4.67 4.55 4.67 4.55 4.55 3.90 3.71 3.90 3.71 4.55 4.55 3.71 4.87 4.87 4.83 4.08 3.83 3.83 4.08 4.89 4.89 4.89 3.83 4.08 4.08 4.08 4.89 4.89 4.89 4.89 4.89 4.61 4.61 4.64 4.64 3.58 3.58 4.64 3.36 3.27 3.36 4.64 3.83 3.83 3.83 3.83 3.83 3.83 3.83 3.83 3.83 4.67 3.96 4.67 4.67 4.67 4.67 3.83 3.83 3.83 4.67 0.00 0.00 0.00 0.00 0.00 0.00 0.00 0.00 0.00 0.00 0.00 0.00 0.00 0.00 0.00 0.00 0.00 0.00
3.17 3.17 3.17 3.17 4.67 4.67 3.71 3.16 4.55 4.55 3.90 3.90 3.90 3.90 4.67 4.67 3.71 3.71 4.83 4.03 4.08 3.83 3.83 4.08 4.89 4.89 4.78 3.83 3.83 3.83 4.89 4.89 3.52 4.89 4.78 4.89 4.61 4.53 3.36 3.36 4.64 4.64 4.64 3.36 4.64 4.64 4.64 3.83 3.83 3.83 3.83 3.83 4.67 3.83 4.67 3.83 4.67 4.67 3.96 4.67 4.67 3.83 3.83 3.83 3.83 4.67 0.00 0.00 0.00 0.00 0.00 0.00 0.00 0.00 0.00 0.00 0.00 0.00 0.00 0.00 0.00 0.00 0.00 0.00
4.64 4.64 3.17 4.53 4.67 3.71 3.71 4.67 4.67 3.90 3.90 3.90 3.76 3.76 3.59 3.90 4.67 3.71 3.75 3.75 3.83 3.83 4.08 4.89 4.89 4.78 4.78 3.83 3.83 4.89 4.78 4.78 4.89 4.78 4.78 4.89 4.61 4.53 4.61 4.64 3.36 4.64 4.64 3.85 4.64 4.64 3.83 4.64 4.64 3.83 3.83 4.64 3.83 4.67 4.67 4.67 4.67 3.83 4.67 4.67 4.67 3.83 3.83 3.83 3.83 4.67 0.00 0.00 0.00 0.00 0.00 0.00 0.00 0.00 0.00 0.00 0.00 0.00 0.00 0.00 0.00 0.00 0.00 0.00
4.64 4.64 4.64 4.53 3.90 4.67 3.71 3.71 3.90 3.90 3.90 3.71 3.59 3.59 3.59 3.59 3.76 3.76 4.13 4.03 4.08 4.89 4.89 4.89 4.78 4.89 4.89 3.83 4.08 4.89 4.89 4.89 4.89 3.52 3.52 4.89 4.61 4.61 4.61 4.61 4.61 4.53 4.53 4.64 3.83 3.83 3.83 3.83 4.64 3.83 3.83 3.83 3.83 3.83 4.67 3.83 4.67 3.83 3.83 3.83 3.83 3.83 3.83 3.83 4.67 4.67 4.67 0.00 0.00 0.00 0.00 0.00 0.00 0.00 0.00 0.00 0.00 0.00 0.00 0.00 0.00 0.00 0.00 0.00
4.64 4.53 3.68 3.88 3.90 3.71 4.49 4.55 3.71 3.90 3.90 3.90 3.59 3.59 3.59 3.59 3.59 3.76 3.76 4.09 4.08 3.83 4.89 3.52 4.00 4.89 3.52 3.52 3.52 3.52 4.78 3.52 3.52 3.52 3.52 4.78 4.61 4.61 4.61 4.61 4.61 3.35 4.64 3.83 3.83 3.83 3.83 3.83 4.64 3.83 3.83 3.83 3.83 3.83 3.83 3.83 3.83 3.83 3.83 3.83 3.83 4.67 4.67 4.67 4.67 4.67 4.67 0.00 0.00 0.00 0.00 0.00 0.00 0.00 0.00 0.00 0.00 0.00 0.00 0.00 0.00 0.00 0.00 0.00
4.64 3.68 4.53 3.88 3.90 3.76 3.59 3.59 3.59 3.90 3.90 3.90 3.76 3.59 3.59 3.59 3.59 3.76 3.59 4.09 4.95 4.89 4.08 4.89 3.52 3.52 4.78 3.52 3.52 4.89 4.78 4.89 4.89 3.52 3.52 4.89 3.35 4.61 4.61 4.61 4.53 3.83 3.83 3.83 3.83 3.83 3.83 3.83 3.83 4.64 4.64 3.83 3.83 3.83 3.83 3.83 3.83 3.83 3.83 3.83 3.83 4.67 4.67 4.67 4.67 4.67 4.67 4.67 0.00 0.00 0.00 0.00 0.00 0.00 0.00 0.00 0.00 0.00 0.00 0.00 0.00 0.00 0.00 0.00
4.64 3.17 4.64 4.53 4.67 4.49 4.49 4.49 4.49 3.76 3.76 4.34 3.76 3.76 3.59 3.59 3.59 3.59 3.59 3.59 3.54 4.78 4.89 4.89 3.52 3.52 3.52 3.52 3.52 3.52 4.89 4.89 4.89 4.89 3.52 3.48 4.61 4.61 4.61 4.61 4.64 4.64 3.83 4.64 3.83 3.83 3.83 3.83 3.83 4.64 4.64 3.83 3.83 3.83 3.83 3.83 3.83 3.83 3.83 3.76 3.76 3.83 3.83 4.67 4.67 4.67 4.67 4.67 2.82 2.82 0.00 0.00 0.00 0.00 0.00 0.00 0.00 0.00 0.00 0.00 0.00 0.00 0.00 0.00
4.64 3.88 4.64 4.33 4.49 4.49 3.76 3.76 4.34 4.49 3.76 4.34 3.76 3.76 3.76 3.76 3.59 3.59 3.48 3.48 4.89 4.89 4.89 1.26 1.26 3.52 3.52 3.52 3.52 3.52 4.78 4.89 4.78 4.89 4.89 4.89 4.61 4.53 4.61 4.61 4.64 4.64 3.83 3.83 4.64 3.83 3.83 3.83 3.83 4.64 4.64 4.64 4.67 4.67 4.67 4.67 4.67 4.67 4.67 4.67 4.67 4.67 4.67 4.67 4.67 4.67 4.67 4.67 2.82 2.82 2.82 2.82 2.82 2.82 2.82 2.82 2.82 2.82 2.82 2.82 2.82 2.82 2.82 2.82
4.53 4.53 4.64 4.47 4.49 3.76 3.76 3.65 3.65 3.76 3.76 4.49 4.49 3.76 3.59 3.59 3.48 3.48 3.48 4.18 4.89 1.26 4.78 1.26 1.26 1.26 3.52 4.89 3.52 4.89 4.78 4.78 4.89 4.89 4.89 4.89 4.61 4.61 4.61 4.64 4.64 3.58 3.93 3.58 4.64 4.64 1.18 1.73 4.64 3.83 3.83 4.64 4.67 4.67 4.67 4.67 4.67 4.67 4.67 4.67 4.67 4.67 4.67 4.67 4.67 3.83 3.83 3.83 2.52 2.52 2.52 2.52 2.52 2.52 2.52 2.52 2.52 2.52 2.52 2.52 2.52 2.52 2.52 2.52
3.88 4.64 4.53 4.47 3.76 3.76 4.35 3.65 3.65 3.06 4.35 4.35 4.34 3.48 4.18 3.48 3.48 3.65 3.48 4.35 3.52 1.26 1.26 4.00 4.89 3.52 3.52 4.89 3.52 3.52 4.78 4.89 3.52 3.52 3.52 3.52 3.35 4.55 4.64 4.64 4.64 4.64 3.93 3.58 4.64 1.18 1.73 3.83 3.83 3.83 4.64 4.64 4.67 4.67 4.67 4.67 4.67 4.67 4.67 4.67 4.67 4.67 4.67 4.67 4.67 4.67 4.67 3.83 2.52 2.82 2.82 2.82 2.82 2.82 2.82 2.82 2.82 2.82 2.82 2.82 2.82 2.82 2.82 2.82
4.58 3.93 3.93 4.52 3.83 3.72 3.72 3.72 3.11 3.11 4.42 4.26 4.42 4.42 4.42 3.55 3.72 4.26 4.42 4.42 3.51 1.26 4.87 4.87 1.26 1.26 1.26 1.26 3.49 4.77 4.77 4.87 3.49 4.90 3.50 4.90 3.35 4.66 4.66 4.66 3.83 4.66 4.66 3.83 3.83 3.83 3.83 3.83 3.83 3.83 3.83 3.83 3.86 4.72 4.72 4.72 4.72 4.72 4.72 4.72 4.72 4.72 4.72 4.72 4.72 4.72 4.72 3.86 3.72 4.50 4.50 4.50 4.50 4.50 4.50 4.50 4.50 4.50 4.50 4.50 4.50 4.50 4.50 4.50
3.93 3.93 3.78 3.78 4.26 4.26 3.11 4.42 3.11 4.42 4.26 4.42 4.42 4.42 4.42 4.42 4.26 3.55 3.55 3.11 4.38 4.38 4.87 4.87 1.26 1.26 1.26 1.26 4.87 4.87 4.87 4.87 3.49 3.50 4.90 4.90 3.83 3.83 4.66 4.66 4.66 4.66 4.66 3.83 3.83 3.83 3.83 3.83 4.66 4.66 3.83 3.83 3.86 3.86 4.72 4.72 4.72 4.72 4.72 4.72 4.72 4.72 4.72 4.72 4.72 3.86 3.86 3.86 3.72 4.50 0.00 0.00 0.00 0.00 0.00 0.00 0.00 0.00 0.00 0.00 0.00 0.00 0.00 0.00
3.93 3.78 4.52 4.52 4.26 4.42 4.42 3.11 4.42 4.42 4.42 3.55 3.55 3.72 4.42 4.42 3.55 3.55 4.42 4.42 3.07 4.38 4.87 1.26 1.26 1.26 1.26 1.26 4.87 4.77 4.77 4.77 4.77 4.90 4.79 4.96 3.83 3.83 4.66 3.83 4.66 4.66 4.66 3.83 4.66 3.83 3.83 3.83 3.83 3.75 4.66 3.83 4.72 4.72 4.72 4.72 4.72 4.72 4.72 4.72 4.72 3.86 3.86 3.86 4.72 3.86 3.86 3.86 3.72 3.72 0.00 0.00 0.00 0.00 0.00 0.00 0.00 0.00 0.00 0.00 0.00 0.00 0.00 0.00
4.70 3.78 3.78 4.52 4.26 4.42 4.42 4.42 4.42 3.11 3.11 3.72 4.42 3.55 4.42 4.26 4.42 4.42 4.42 3.55 3.51 1.26 1.26 1.26 1.26 1.26 1.26 1.26 1.26 4.77 4.77 4.77 4.77 4.90 4.96 4.96 4.66 4.66 4.66 3.83 4.66 4.66 3.83 4.66 3.83 3.83 4.66 4.66 3.75 3.75 3.75 4.66 4.72 3.86 3.86 3.86 4.72 4.72 4.72 4.72 4.72 3.86 4.72 3.86 3.86 3.86 3.86 3.86 3.72 3.72 3.72 0.00 0.00 0.00 0.00 0.00 0.00 0.00 0.00 0.00 0.00 0.00 0.00 0.00
4.58 3.78 4.52 4.33 4.42 4.42 4.42 3.11 3.11 4.26 3.72 4.42 3.11 3.55 4.42 4.42 3.55 3.55 4.42 4.26 3.51 1.26 1.26 1.26 1.26 1.26 1.26 3.82 4.87 3.49 4.87 3.49 4.87 4.96 4.96 4.02 4.66 4.66 4.66 4.66 4.66 4.66 4.66 3.83 3.83 3.83 3.83 3.83 4.66 4.66 4.66 4.66 3.86 3.86 3.86 3.86 4.72 4.72 4.72 4.72 4.72 3.86 1.42 3.86 3.86 3.86 3.86 3.86 3.72 3.72 3.72 0.00 0.00 0.00 0.00 0.00 0.00 0.00 0.00 0.00 0.00 0.00 4.50 4.50
4.52 4.52 4.33 4.37 4.42 4.42 4.42 4.26 4.42 3.55 3.55 3.55 3.55 4.42 4.42 4.42 3.55 3.55 3.55 4.42 3.51 1.26 1.26 1.26 1.26 1.26 3.82 3.82 3.49 3.49 4.87 4.87 4.02 4.02 4.02 4.02 3.83 4.66 4.66 3.83 3.83 4.66 3.83 3.83 3.83 4.66 4.66 4.66 4.66 4.66 4.66 3.83 3.86 4.72 4.72 3.86 3.86 4.72 4.72 4.72 4.72 3.86 4.72 4.72 3.86 3.86 3.86 3.86 3.72 3.72 3.72 3.72 0.00 0.00 0.00 0.00 0.00 0.00 0.00 0.00 4.50 4.50 3.72 3.72
4.52 4.17 4.33 3.67 3.72 3.72 4.42 3.72 3.72 3.55 3.55 3.55 3.55 4.42 3.11 4.42 3.11 3.11 4.42 3.55 1.26 1.26 1.26 1.26 1.26 1.26 3.82 4.87 3.49 4.87 3.49 4.02 4.02 4.96 4.96 4.96 4.66 4.66 4.66 4.66 3.83 4.66 4.66 3.83 4.66 4.66 4.66 4.66 4.66 4.66 4.66 4.66 3.86 4.72 4.72 3.86 3.86 4.72 4.72 3.86 3.86 4.72 4.72 4.72 4.72 3.86 3.86 4.72 3.72 4.50 0.00 3.72 3.72 0.00 0.00 0.00 0.00 0.00 0.00 4.50 3.72 3.72 3.72 4.50
3.64 3.64 3.67 3.67 3.72 3.72 3.72 4.26 3.72 3.55 3.55 3.55 4.42 3.11 3.11 4.42 4.42 4.42 4.42 3.55 4.38 3.08 3.08 3.08 4.90 4.90 4.90 4.90 3.50 4.90 4.96 4.96 4.96 4.96 4.96 4.96 4.66 4.66 3.83 4.66 4.66 4.66 4.66 4.66 3.59 3.59 3.59 4.66 4.66 4.66 4.66 4.66 4.72 4.72 4.72 3.86 3.86 3.86 4.72 4.72 3.86 4.72 4.72 4.72 4.72 4.72 4.72 4.72 3.72 0.00 0.00 0.00 3.72 3.72 0.00 0.00 0.00 4.50 3.72 3.72 3.72 4.50 4.50 0.00
