New_Model_Runs/14_Future_RCP8.5_Scn1_out/post_prcessed_with_MFR/Monthly_summaries/actual_et_monthly_APR.asc
NCOLS 700
NROWS 400
XLLCENTER 515000.000000
YLLCENTER 8409000.000000
CELLSIZE 50.000000
NODATA_value -999.000000
[rows 304 to 341 of 400, columns 168 to 251 of 700]
4.17 3.92 4.17 3.92 3.92 3.92 4.17 3.92 3.89 3.48 3.48 4.13 3.48 3.48 3.77 3.77 3.77 3.77 4.45 4.45 4.45 3.43 3.43 3.77 3.77 3.77 3.77 4.44 4.44 3.43 3.43 3.77 3.77 3.77 3.77 3.77 3.77 4.44 4.44 4.44 4.43 3.41 3.41 4.43 4.43 4.43 4.43 4.43 4.43 4.43 4.43 4.43 4.43 3.41 4.43 4.43 4.20 4.20 4.20 4.20 4.20 3.56 3.56 3.56 3.56 3.56 3.56 3.56 3.56 4.20 4.20 4.20 4.31 4.31 4.31 4.31 3.37 4.31 4.31 3.65 3.65 3.65 4.31 3.32
4.17 3.92 3.92 4.17 3.92 3.92 4.17 3.92 3.89 3.48 3.48 4.13 4.13 3.77 3.77 3.77 3.77 4.45 4.45 4.45 3.43 3.43 3.77 3.77 3.77 4.44 4.44 4.44 4.44 3.43 3.43 3.43 3.43 1.13 3.77 3.77 3.77 4.44 4.44 3.43 3.41 3.41 3.41 3.75 4.43 4.43 4.43 4.43 3.45 4.43 4.43 4.43 4.43 3.41 4.43 4.43 4.20 4.20 4.20 4.20 4.20 4.20 3.56 3.56 3.56 3.56 3.56 3.24 3.56 4.20 4.20 3.56 3.65 4.31 3.65 3.65 3.37 4.31 3.65 3.32 4.31 4.31 3.32 4.31
4.06 4.06 3.81 4.06 4.06 3.42 2.62 2.62 4.06 3.42 3.42 3.30 3.30 3.73 3.73 3.73 3.39 4.40 4.40 4.40 3.73 3.39 3.39 3.73 3.73 3.73 4.40 4.40 4.40 4.40 4.40 3.39 1.12 1.12 1.12 1.12 3.39 3.39 3.39 3.39 3.38 3.38 3.38 4.38 3.71 4.38 4.38 4.38 4.38 4.38 4.38 4.38 4.38 3.41 4.38 4.38 3.37 4.32 4.32 3.37 3.37 4.32 4.32 3.66 4.32 3.66 4.32 4.32 3.37 4.32 4.32 4.32 3.65 3.65 3.65 4.31 4.31 3.65 3.65 3.65 3.32 4.31 4.31 4.31
3.80 3.80 4.06 2.62 4.06 4.07 4.06 2.62 4.06 3.81 3.42 3.42 3.42 3.73 3.73 4.40 3.39 3.39 3.73 3.73 3.73 3.39 3.73 3.39 3.39 4.40 4.40 4.40 4.40 4.40 3.39 3.39 3.39 3.39 1.12 1.12 4.40 1.12 4.40 3.39 3.38 4.38 3.71 3.71 3.71 3.71 3.71 4.38 4.38 3.38 4.38 4.38 4.38 4.38 3.41 4.38 3.37 4.32 4.32 3.33 4.32 4.32 4.32 4.32 4.32 4.32 4.32 4.32 4.32 4.32 3.66 4.32 4.31 4.31 4.31 4.31 4.31 3.65 4.31 4.31 4.31 4.31 4.31 3.65
3.31 4.06 4.06 4.06 4.06 3.31 3.81 2.62 2.62 4.06 3.81 3.81 3.42 4.40 4.40 3.39 3.73 3.39 3.39 3.73 3.73 3.73 3.73 3.73 3.73 4.40 3.73 3.39 3.39 3.39 3.39 3.39 3.73 3.73 3.73 4.40 3.39 1.12 4.40 4.40 4.38 4.38 4.38 3.38 3.38 3.71 3.71 3.71 4.38 3.71 4.38 4.38 3.41 3.41 4.38 4.38 4.32 3.66 3.66 3.66 4.32 3.66 3.66 3.66 4.32 3.66 3.66 3.33 3.66 3.66 3.66 3.66 4.31 3.65 3.65 4.31 4.31 4.31 4.31 4.31 4.31 4.31 3.65 3.65
3.42 4.06 3.80 4.06 3.31 4.06 3.80 4.06 2.62 4.06 4.06 3.42 3.42 3.73 3.73 4.40 3.73 3.39 3.39 3.73 4.40 3.73 3.73 4.40 3.73 4.40 4.40 4.40 3.39 3.39 3.39 3.39 3.73 3.73 3.73 3.73 3.73 1.12 3.39 4.40 3.38 3.71 3.38 3.71 3.38 3.71 3.71 3.71 3.71 3.71 3.71 4.38 3.41 3.38 4.38 3.71 3.66 3.66 3.66 3.66 3.66 3.66 3.66 3.66 4.32 3.33 3.33 3.33 3.66 3.33 3.33 3.66 4.31 3.65 3.65 3.65 3.65 4.31 4.31 4.31 4.31 4.31 4.31 4.31
3.80 4.06 3.80 4.06 4.06 3.31 3.42 4.06 4.07 4.07 4.06 4.06 3.73 3.73 4.40 3.73 3.39 3.39 3.39 3.73 3.73 3.73 4.40 4.40 3.73 4.40 4.40 4.40 3.73 3.39 3.39 3.39 3.73 3.73 3.73 3.73 3.73 4.40 4.40 3.39 3.38 3.38 3.38 3.38 3.38 3.71 3.71 3.71 4.38 3.71 3.71 3.71 4.38 3.38 3.38 3.38 3.33 3.33 3.33 3.33 3.66 3.33 3.66 4.32 4.32 4.32 3.66 3.66 3.66 3.33 3.66 3.66 3.65 3.65 3.32 3.32 4.31 3.32 3.32 3.32 3.65 4.31 3.32 3.32
4.06 3.80 3.42 3.80 4.06 4.06 3.80 3.80 4.06 2.62 2.62 4.06 4.40 3.73 3.73 3.73 3.73 3.39 3.39 3.73 3.39 4.40 4.40 4.40 3.39 3.39 4.40 3.39 3.73 3.39 3.39 3.39 3.73 3.73 3.39 3.39 3.39 3.73 1.12 3.39 1.11 1.11 3.38 3.38 3.71 3.71 3.71 3.71 3.71 3.71 3.71 3.71 3.38 3.38 3.38 3.38 3.33 3.33 3.33 3.66 4.32 3.33 3.33 3.66 3.66 3.66 3.66 3.66 3.33 3.33 3.66 3.33 3.32 3.32 3.32 3.32 3.65 3.32 3.32 3.32 3.65 3.32 3.65 3.32
3.42 4.06 3.42 4.06 2.62 4.06 3.80 3.80 3.81 4.06 2.62 4.06 4.40 4.40 3.39 3.73 3.39 3.73 3.73 3.73 3.39 4.40 4.40 4.40 3.73 3.39 3.73 3.39 3.39 3.73 3.39 3.39 3.73 3.39 1.12 1.12 1.12 1.12 3.39 3.39 3.38 1.63 1.11 3.38 3.71 3.71 3.71 3.71 3.71 3.71 3.71 3.71 3.38 3.38 1.11 3.38 3.33 3.33 3.33 3.66 3.66 3.33 4.32 4.32 3.33 3.33 3.33 3.33 3.33 3.33 3.33 3.33 3.32 3.32 3.32 3.32 3.32 3.32 3.65 3.65 4.31 4.31 3.65 3.65
3.42 3.42 4.06 4.06 4.06 4.06 4.06 4.06 4.06 4.06 4.06 4.06 4.40 3.73 3.73 3.73 3.73 3.73 3.73 3.39 3.39 4.40 3.39 3.73 4.40 4.40 3.73 3.73 3.73 3.73 3.73 3.73 3.73 3.39 1.12 1.12 1.12 1.12 3.39 3.73 3.71 3.71 3.71 3.71 3.71 3.71 3.71 3.71 3.71 3.71 3.71 3.71 3.71 3.38 3.38 3.38 3.66 3.33 3.33 3.33 3.33 3.33 4.32 4.32 4.32 4.32 1.10 1.10 3.33 3.33 3.33 3.33 3.32 3.65 3.65 3.32 3.32 3.32 3.65 3.65 4.31 4.31 3.65 3.65
4.06 4.07 3.80 4.06 3.42 3.31 3.31 3.31 3.30 4.06 3.30 3.30 4.40 4.40 3.73 3.73 3.73 4.40 4.40 3.73 3.73 4.40 4.40 3.73 3.73 3.39 3.73 3.73 3.73 3.73 3.73 3.73 3.73 3.39 3.39 3.73 3.73 3.73 3.73 3.39 3.38 3.38 3.71 3.71 3.71 3.71 3.71 3.71 3.71 3.71 3.71 3.71 3.71 3.71 3.38 3.38 3.33 3.33 1.10 4.32 4.32 4.32 4.32 4.32 4.32 4.32 1.10 4.32 3.33 1.10 3.33 3.33 3.32 3.65 3.65 3.65 3.32 3.32 3.32 3.32 3.65 3.65 3.32 3.65
3.80 4.06 4.06 3.31 3.42 3.42 3.42 3.31 4.06 4.06 3.30 3.39 4.40 4.40 3.73 3.39 3.39 4.40 4.40 4.40 4.40 4.40 4.40 3.73 4.40 3.73 3.73 3.73 3.73 3.73 3.73 3.73 3.73 3.73 3.73 3.73 3.73 3.73 3.73 3.73 3.71 3.71 3.71 3.71 3.71 3.71 3.71 3.71 3.71 4.38 3.71 3.71 3.71 3.71 3.38 1.11 3.33 3.33 1.10 1.10 1.10 1.10 1.10 1.10 1.10 1.10 3.48 4.32 4.32 3.33 3.33 3.33 4.31 3.32 3.65 4.31 4.31 3.32 3.32 3.32 3.65 3.32 3.32 3.65
4.06 4.06 3.31 4.06 4.06 3.42 3.42 3.80 4.06 4.06 4.06 4.40 4.40 4.40 4.40 3.39 4.40 3.73 4.40 4.40 3.41 4.40 3.73 4.40 4.40 3.73 3.73 3.73 3.73 3.73 3.73 3.73 3.73 3.73 3.39 3.73 3.73 3.73 3.73 3.73 3.71 3.71 3.71 3.71 3.71 3.71 3.71 3.71 4.38 4.38 4.38 3.71 3.71 3.38 3.38 1.11 3.66 3.33 3.33 1.10 1.10 1.10 1.10 1.10 1.10 1.10 1.10 1.10 1.10 4.32 4.32 4.32 3.32 3.32 3.65 3.32 4.31 4.31 3.65 3.65 3.65 3.65 3.65 3.65
4.06 3.31 3.80 3.80 4.06 3.31 3.42 3.80 4.06 4.06 4.06 4.40 4.40 4.40 3.73 4.40 4.40 4.40 4.40 4.40 4.40 3.73 3.39 3.39 4.40 3.73 3.73 3.73 3.73 3.73 3.73 3.73 3.73 3.39 3.39 3.39 3.73 3.73 3.73 3.39 3.38 3.38 3.71 3.71 3.71 3.71 3.71 3.71 4.38 4.38 4.38 3.71 3.38 3.38 1.11 1.11 3.66 3.66 1.61 1.10 1.10 1.10 1.10 1.10 1.10 1.10 1.10 1.10 1.10 1.10 3.48 4.32 4.31 4.31 3.32 3.32 4.31 4.31 3.65 3.65 3.65 3.65 4.31 3.65
3.31 4.06 3.80 4.06 3.31 3.42 4.06 3.80 3.42 4.06 3.81 3.41 4.40 4.40 4.40 4.40 4.40 3.73 3.39 4.40 3.73 3.73 3.73 3.73 3.73 3.73 3.73 3.73 3.73 3.73 3.73 3.73 3.73 3.73 1.12 1.12 1.12 1.12 3.39 3.39 3.38 3.38 3.38 3.71 3.71 3.71 3.53 3.38 3.71 3.71 4.38 3.38 3.38 3.71 3.71 3.38 3.33 1.10 1.10 1.10 1.10 1.10 1.10 1.10 1.10 1.10 1.10 1.10 1.10 1.10 1.10 1.10 4.31 3.32 1.10 3.65 3.65 3.65 3.65 3.65 3.65 3.65 3.65 3.32
4.07 4.06 2.62 3.80 4.06 4.06 4.06 4.06 3.42 3.42 3.42 3.73 4.40 4.40 4.40 4.40 4.40 3.39 3.41 4.40 4.40 4.40 3.73 3.73 3.73 3.73 3.39 3.39 3.39 3.73 3.73 3.73 3.73 1.12 1.12 3.73 1.12 1.12 3.39 3.39 3.38 3.38 3.38 1.11 1.11 1.11 3.53 3.53 3.71 3.71 4.38 3.38 3.71 3.71 3.71 3.38 1.10 1.10 1.10 1.10 1.10 1.10 3.66 3.66 1.10 1.10 1.10 1.10 1.10 1.10 1.10 1.61 1.10 3.32 1.10 3.32 3.32 3.65 3.32 3.65 3.65 3.65 3.65 3.32
4.06 4.06 3.80 4.06 3.80 4.06 3.80 3.31 3.42 3.42 3.73 3.73 4.40 3.39 4.40 4.40 3.39 4.40 3.41 4.40 4.40 4.40 3.73 3.73 3.73 3.39 3.39 3.39 3.73 3.73 3.73 3.73 3.73 3.39 3.73 3.73 3.73 3.39 3.73 3.73 3.71 3.71 3.71 1.11 1.63 3.53 4.38 4.38 4.38 4.38 4.38 4.38 3.38 3.38 3.38 1.11 1.10 1.10 1.10 1.10 1.10 1.10 3.66 3.66 1.10 1.10 1.10 1.10 1.10 1.10 1.10 1.10 1.10 1.10 3.32 3.32 3.32 3.65 3.32 3.65 3.65 3.65 3.65 3.32
4.06 2.62 4.06 3.42 3.42 3.42 3.42 3.42 3.42 3.42 4.40 3.73 4.40 3.39 4.40 4.40 4.40 4.40 4.40 4.40 3.39 3.39 3.39 3.73 3.39 3.39 3.39 3.73 3.73 3.73 3.39 3.39 3.39 3.39 3.73 3.73 3.73 3.73 3.39 3.73 3.71 3.71 3.71 4.38 4.38 4.38 4.38 4.38 4.38 4.38 1.11 1.11 1.11 1.11 1.11 1.11 1.61 1.10 1.10 1.10 1.10 1.61 3.66 3.66 3.66 1.10 1.10 1.10 1.10 1.10 1.10 1.10 1.10 3.32 3.65 3.65 3.65 3.65 3.65 3.32 3.65 3.65 3.32 3.65
2.79 2.80 2.80 2.36 2.80 2.79 1.91 2.80 3.95 3.31 3.60 3.60 3.28 3.32 4.25 4.25 4.25 3.28 4.25 4.25 3.28 3.60 3.60 3.60 3.60 3.28 3.60 3.60 3.60 3.60 3.60 3.60 3.28 3.60 3.60 3.60 3.60 3.28 3.28 3.60 3.20 3.20 3.20 3.20 4.15 4.15 4.15 3.34 3.34 4.15 4.15 3.34 4.15 1.05 1.05 1.05 1.08 1.08 1.08 1.08 1.08 1.08 1.08 3.59 3.59 3.27 1.08 1.08 1.08 1.08 1.08 1.08 1.10 3.32 3.32 3.32 3.65 3.65 3.65 4.31 3.32 3.32 3.32 3.32
2.80 2.80 2.36 2.36 1.91 2.80 2.80 2.16 3.31 3.31 3.60 3.60 3.60 4.25 4.25 4.25 4.25 3.28 4.25 1.08 4.25 3.60 3.60 3.60 3.60 3.60 3.60 3.28 3.60 3.28 3.60 3.28 3.28 3.60 3.60 3.60 3.28 3.28 3.28 3.28 3.20 3.52 3.52 3.52 3.52 3.52 3.34 3.34 3.34 3.34 4.15 4.15 4.15 1.05 1.05 1.05 1.08 1.08 1.08 1.08 1.08 3.59 3.59 3.59 3.59 3.59 1.08 3.27 3.27 3.59 1.08 1.08 1.10 3.32 3.32 3.32 3.65 3.65 4.31 3.32 3.32 3.32 1.10 1.10
2.80 1.91 2.16 2.36 2.36 2.36 2.36 2.36 3.95 3.69 3.60 3.60 3.60 4.25 4.25 4.25 4.25 4.25 4.25 4.25 4.25 3.60 3.60 3.60 3.60 3.28 3.60 3.60 3.28 3.28 3.28 1.08 1.08 1.08 3.60 3.60 3.28 3.28 3.60 3.60 3.52 3.52 3.52 3.52 3.52 3.52 3.52 3.52 3.52 3.20 3.52 4.15 4.15 1.05 1.05 1.05 1.08 1.08 1.08 1.08 1.08 1.08 3.27 3.27 3.59 3.59 3.59 3.59 3.59 3.59 1.08 1.08 1.10 3.32 3.32 3.65 3.65 3.65 4.31 3.65 3.65 3.32 3.32 3.32
2.79 2.80 2.80 2.16 2.16 2.36 2.36 2.79 3.95 4.25 3.60 3.60 3.60 4.25 4.25 4.25 4.25 4.25 4.25 4.25 4.25 4.25 3.60 3.60 3.60 3.60 3.60 3.60 3.60 3.60 3.28 1.08 1.08 3.60 3.60 3.28 3.60 3.60 3.60 3.60 3.52 3.52 1.05 3.52 1.05 1.05 3.52 3.52 3.52 3.52 3.52 4.15 3.20 4.15 4.15 1.05 1.08 1.08 1.08 1.08 1.08 1.08 1.08 1.08 3.59 3.59 3.59 3.59 3.59 3.59 3.59 1.08 1.10 1.10 3.32 3.65 3.65 3.32 3.32 3.65 3.65 3.32 3.32 3.32
0.00 2.79 2.80 2.79 2.79 2.79 2.79 2.80 3.95 4.25 3.60 3.60 4.25 4.25 4.25 3.60 4.25 3.60 4.25 4.25 4.25 4.25 3.60 3.60 3.60 3.60 3.60 3.60 3.60 3.28 3.28 1.08 1.08 1.08 1.08 3.28 3.28 3.60 3.60 3.60 3.20 3.20 1.05 1.05 1.05 1.05 1.05 3.52 3.52 3.52 3.20 3.20 3.20 3.20 1.05 1.05 1.08 1.08 1.08 1.08 1.08 1.08 1.08 1.08 1.08 3.59 3.59 3.59 3.59 3.27 1.08 1.08 1.10 3.32 3.65 3.65 3.32 3.65 3.32 3.32 4.31 3.65 4.31 3.32
0.00 0.00 2.79 2.80 2.80 2.80 2.80 2.79 3.95 4.25 4.25 4.25 4.25 4.25 4.25 3.60 4.25 4.25 4.25 3.60 3.60 3.60 3.60 3.60 3.60 3.60 3.60 3.60 3.60 3.28 3.28 1.08 1.08 1.08 1.08 3.60 3.60 3.28 3.28 3.28 1.05 1.05 1.05 1.05 1.05 1.05 1.05 3.52 3.52 3.52 4.15 4.15 3.52 3.52 3.20 1.05 1.08 1.08 1.08 1.08 1.08 1.08 1.08 1.08 1.08 3.27 0.00 3.27 3.27 1.08 1.08 1.08 1.10 3.32 3.65 1.10 3.32 3.32 3.32 3.65 4.31 3.65 3.65 3.65
0.00 0.00 0.00 0.00 0.00 0.00 0.00 0.00 3.95 4.25 4.25 4.25 3.60 3.60 3.60 3.60 3.28 3.28 4.25 3.60 3.28 3.60 3.60 3.60 3.60 3.60 3.60 3.60 3.28 3.28 3.28 1.08 1.08 1.08 1.08 3.60 3.28 3.28 3.28 1.08 3.52 1.05 1.05 1.05 1.05 1.05 1.05 1.05 3.20 3.20 3.52 4.15 3.20 3.20 3.20 1.05 1.08 1.08 1.08 1.08 1.08 1.08 1.08 1.08 1.08 0.00 0.00 0.00 3.27 1.08 0.00 0.00 0.00 1.10 3.32 3.65 3.65 3.65 1.10 3.65 3.65 4.31 3.65 3.65
0.00 0.00 0.00 0.00 0.00 0.00 0.00 0.00 0.00 0.00 4.25 4.25 4.25 4.25 3.60 3.60 3.28 3.28 3.60 4.25 3.28 4.25 3.60 3.60 3.60 3.60 3.60 3.28 3.28 1.08 1.08 1.08 1.08 1.08 1.08 1.08 1.08 1.08 1.08 1.08 3.52 3.52 1.05 1.05 1.05 1.05 1.05 1.05 1.05 3.20 3.20 3.20 3.20 3.20 3.20 1.05 1.08 1.08 1.08 1.08 1.08 1.08 1.08 1.08 1.08 0.00 0.00 0.00 0.00 0.00 0.00 0.00 0.00 0.00 0.00 1.10 3.65 1.10 3.65 3.65 3.65 4.31 3.65 3.65
0.00 0.00 0.00 0.00 0.00 0.00 0.00 0.00 0.00 0.00 4.25 4.25 4.25 3.28 3.60 3.60 3.60 3.60 3.28 3.28 3.28 3.28 3.60 3.60 3.60 3.60 3.28 3.28 1.08 1.08 1.08 1.08 1.08 1.08 1.08 1.08 1.08 1.08 1.08 1.08 1.05 1.05 3.52 1.05 1.05 1.05 1.05 1.05 1.05 1.55 3.20 3.20 3.20 3.20 3.20 1.05 1.08 1.08 1.08 1.08 1.08 1.08 1.08 1.08 1.08 1.08 1.08 0.00 0.00 0.00 0.00 0.00 0.00 0.00 0.00 0.00 0.00 3.32 3.32 3.65 3.65 3.65 3.65 3.65
0.00 0.00 0.00 0.00 0.00 0.00 0.00 0.00 0.00 0.00 0.00 0.00 4.25 4.25 3.28 3.28 3.60 3.60 3.28 3.28 1.08 3.28 3.60 3.60 3.60 3.28 3.28 1.08 1.08 1.08 1.08 1.08 1.08 1.08 1.08 1.08 1.08 1.08 1.08 1.08 1.05 1.05 3.52 1.05 1.05 1.05 1.05 1.05 1.05 1.55 3.20 3.20 3.20 3.20 3.20 1.05 1.08 1.08 1.08 1.08 1.08 1.08 1.08 1.08 1.08 1.08 1.08 0.00 0.00 0.00 0.00 0.00 0.00 0.00 0.00 0.00 0.00 4.31 3.32 3.65 3.32 3.65 3.65 3.65
0.00 0.00 0.00 0.00 0.00 0.00 0.00 0.00 0.00 0.00 0.00 0.00 0.00 4.25 4.25 3.28 3.28 3.28 3.28 1.08 4.25 1.08 3.28 3.60 3.60 3.42 3.42 1.08 1.08 1.08 1.08 1.08 1.08 1.08 1.08 1.08 1.08 1.08 1.08 1.08 1.05 1.05 1.05 1.05 1.05 1.05 1.05 1.05 1.05 1.55 1.05 3.20 3.20 3.20 3.20 3.20 1.08 1.08 1.08 1.08 1.08 1.08 1.08 0.00 0.00 0.00 0.00 0.00 0.00 0.00 0.00 0.00 0.00 0.00 0.00 0.00 1.10 3.65 3.32 3.32 3.32 3.32 3.65 3.65
0.00 0.00 0.00 0.00 0.00 0.00 0.00 0.00 0.00 0.00 0.00 0.00 0.00 0.00 4.25 4.25 3.28 3.28 3.28 4.25 4.25 3.28 3.28 3.28 3.28 3.42 1.08 1.08 1.08 1.08 1.08 1.08 1.08 1.08 1.08 1.08 1.08 1.08 1.08 1.08 1.05 1.05 1.05 1.05 1.05 1.05 1.05 1.05 1.05 1.05 1.05 1.05 4.15 3.20 3.20 3.20 1.08 1.08 1.08 1.08 1.08 1.08 0.00 0.00 0.00 0.00 0.00 0.00 0.00 0.00 0.00 0.00 0.00 0.00 0.00 0.00 4.31 4.31 4.31 4.31 4.31 3.32 3.32 3.65
0.00 0.00 0.00 0.00 0.00 0.00 0.00 0.00 0.00 0.00 0.00 0.00 0.00 0.00 0.00 4.25 4.25 4.25 1.08 3.42 4.25 4.25 3.28 1.08 1.08 1.08 1.08 1.08 1.08 1.08 1.08 1.08 1.08 1.08 1.08 1.08 1.08 1.08 1.08 1.08 1.05 1.05 1.05 1.05 1.05 1.05 1.05 1.05 1.05 1.05 1.05 1.05 1.05 3.20 3.20 3.20 1.08 1.08 1.08 1.08 1.08 0.00 0.00 0.00 0.00 0.00 0.00 0.00 0.00 0.00 0.00 0.00 0.00 0.00 0.00 0.00 0.00 4.31 4.31 4.31 4.31 3.32 3.32 3.32
0.00 0.00 0.00 0.00 0.00 0.00 0.00 0.00 0.00 0.00 0.00 0.00 0.00 0.00 0.00 0.00 0.00 4.25 4.25 4.25 4.25 4.25 1.08 1.08 1.08 1.08 1.08 1.08 1.08 1.08 1.08 1.08 1.08 1.08 0.00 0.00 0.00 0.00 0.00 0.00 0.00 0.00 0.00 0.00 0.00 0.00 1.05 1.05 1.05 1.05 1.05 1.05 3.20 3.20 3.20 3.20 1.08 1.08 1.08 1.08 1.08 0.00 0.00 0.00 0.00 0.00 0.00 0.00 0.00 0.00 0.00 0.00 0.00 0.00 0.00 0.00 0.00 0.00 0.00 0.00 0.00 3.32 3.32 3.32
0.00 0.00 0.00 0.00 0.00 0.00 0.00 0.00 0.00 0.00 0.00 0.00 0.00 0.00 0.00 0.00 0.00 0.00 0.00 0.00 0.00 0.00 4.25 1.08 1.08 1.08 1.08 1.08 1.08 1.08 1.08 1.08 1.08 0.00 0.00 0.00 0.00 0.00 0.00 0.00 0.00 0.00 0.00 0.00 0.00 0.00 0.00 0.00 0.00 1.05 1.05 1.05 3.20 3.20 3.20 3.20 3.27 1.08 1.08 1.08 1.08 0.00 0.00 0.00 0.00 0.00 0.00 0.00 0.00 0.00 0.00 0.00 0.00 0.00 0.00 0.00 0.00 0.00 0.00 0.00 0.00 1.10 3.32 3.32
0.00 0.00 0.00 0.00 0.00 0.00 0.00 0.00 0.00 0.00 0.00 0.00 0.00 0.00 0.00 0.00 0.00 0.00 0.00 0.00 0.00 0.00 0.00 4.25 1.08 1.08 1.08 1.08 1.08 1.08 1.08 1.08 0.00 0.00 0.00 0.00 0.00 0.00 0.00 0.00 0.00 0.00 0.00 0.00 0.00 0.00 0.00 0.00 0.00 0.00 1.05 1.05 1.05 1.05 3.20 3.20 3.27 1.08 1.08 1.08 3.27 0.00 0.00 0.00 0.00 0.00 0.00 0.00 0.00 0.00 0.00 0.00 0.00 0.00 0.00 0.00 0.00 0.00 0.00 0.00 0.00 3.32 1.10 3.32
0.00 0.00 0.00 0.00 0.00 0.00 0.00 0.00 0.00 0.00 0.00 0.00 0.00 0.00 0.00 0.00 0.00 0.00 0.00 0.00 0.00 0.00 0.00 0.00 0.00 0.00 0.00 0.63 0.63 0.63 0.63 0.00 0.00 0.00 0.00 0.00 0.00 0.00 0.00 0.00 0.00 0.00 0.00 0.00 0.00 0.00 0.00 0.00 0.00 0.00 0.63 0.63 0.63 0.63 1.91 1.91 1.89 1.89 1.89 0.62 0.62 1.89 0.00 0.00 0.00 0.00 0.00 0.00 0.00 0.00 0.00 0.00 0.00 0.00 0.00 0.00 0.00 0.00 0.00 0.00 0.00 0.00 2.43 0.62
0.00 0.00 0.00 0.00 0.00 0.00 0.00 0.00 0.00 0.00 0.00 0.00 0.00 0.00 0.00 0.00 0.00 0.00 0.00 0.00 0.00 0.00 0.00 0.00 0.00 0.00 0.00 0.00 0.63 0.63 0.00 0.00 0.00 0.00 0.00 0.00 0.00 0.00 0.00 0.00 0.00 0.00 0.00 0.00 0.00 0.00 0.00 0.00 0.00 0.00 0.63 0.63 0.63 0.63 1.91 1.91 1.89 1.89 1.89 1.89 0.62 0.62 0.62 0.62 0.00 0.00 0.00 0.00 0.00 0.00 0.00 0.00 0.00 0.00 0.00 0.00 0.00 0.00 0.00 0.00 0.00 0.00 0.00 0.62
0.00 0.00 0.00 0.00 0.00 0.00 0.00 0.00 0.00 0.00 0.00 0.00 0.00 0.00 0.00 0.00 0.00 0.00 0.00 0.00 0.00 0.00 0.00 0.00 0.00 0.00 0.00 0.00 0.63 0.63 0.00 0.00 0.00 0.00 0.00 0.00 0.00 0.00 0.00 0.00 0.00 0.00 0.00 0.00 0.00 0.00 0.00 0.00 0.00 0.00 0.63 0.63 0.63 0.63 1.91 1.91 1.89 1.89 1.89 1.89 0.62 0.62 1.89 1.89 0.00 0.00 0.00 0.00 0.00 0.00 0.00 0.00 0.00 0.00 0.00 0.00 0.00 0.00 0.00 0.00 0.00 0.00 0.00 0.00
0.00 0.00 0.00 0.00 0.00 0.00 0.00 0.00 0.00 0.00 0.00 0.00 0.00 0.00 0.00 0.00 0.00 0.00 0.00 0.00 0.00 0.00 0.00 0.00 0.00 0.00 0.00 0.00 2.49 0.03 0.00 0.00 0.00 0.00 0.00 0.00 0.00 0.00 0.00 0.00 0.00 0.00 0.00 0.00 0.00 0.00 0.00 0.00 0.00 0.00 0.63 0.63 0.63 0.63 1.91 1.91 1.89 1.89 1.89 1.89 1.89 1.89 1.89 1.89 0.00 0.00 0.00 0.00 0.00 0.00 0.00 0.00 0.00 0.00 0.00 0.00 0.00 0.00 0.00 0.00 0.00 0.00 0.00 0.00
