New_Model_Runs/14_Future_RCP8.5_Scn1_out/post_prcessed_with_MFR/Monthly_summaries/interception_monthly_APR.asc
NCOLS 700
NROWS 400
XLLCENTER 515000.000000
YLLCENTER 8409000.000000
CELLSIZE 50.000000
NODATA_value -999.000000
[rows 152 to 189 of 400, columns 252 to 335 of 700]
0.00 0.00 0.00 0.00 0.00 0.00 0.00 0.00 0.00 0.00 0.00 0.00 0.00 0.00 0.00 0.00 0.00 0.00 0.00 0.00 0.00 0.00 0.00 0.00 0.00 0.00 0.00 0.00 0.00 0.00 0.00 0.00 0.00 0.00 0.00 0.00 0.00 0.00 0.00 0.00 0.00 0.00 0.00 0.00 0.00 0.00 0.00 1.43 1.58 1.58 1.58 1.58 1.73 1.73 1.73 1.73 1.82 1.82 1.82 1.82 1.77 1.77 1.77 1.77 1.55 1.55 1.55 1.55 1.29 1.29 1.29 1.29 1.14 0.00 0.00 0.00 0.00 0.00 0.00 0.00 0.00 0.00 0.00 0.00
0.00 0.00 0.00 0.00 0.00 0.00 0.00 0.00 0.00 0.00 0.00 0.00 0.00 0.00 0.00 0.00 0.00 0.00 0.00 0.00 0.00 0.00 0.00 0.00 0.00 0.00 0.00 0.00 0.00 0.00 0.00 0.00 0.00 0.00 0.00 0.00 0.00 0.00 0.00 0.00 0.00 0.00 0.00 0.00 0.00 0.00 1.43 1.43 1.58 1.58 1.58 1.58 1.73 1.73 1.73 1.73 1.82 1.82 1.82 1.82 1.77 1.77 1.77 1.77 1.55 1.55 1.55 1.55 1.29 1.29 0.00 1.29 0.00 0.00 0.00 0.00 0.00 0.00 0.00 0.00 0.00 0.00 0.00 0.00
0.00 0.00 0.00 0.00 0.00 0.00 0.00 0.00 0.00 0.00 0.00 0.00 0.00 0.00 0.00 0.00 0.00 0.00 0.00 0.00 0.00 0.00 0.00 0.00 0.00 0.00 0.00 0.00 0.00 0.00 0.00 0.00 0.00 0.00 0.00 0.00 0.00 0.00 0.00 0.00 0.00 0.00 0.00 0.00 0.00 1.43 1.43 1.43 1.58 1.58 1.58 1.58 1.73 1.73 1.73 1.73 1.82 1.82 1.82 1.82 1.77 1.77 1.77 1.77 1.55 1.55 1.55 1.55 1.29 1.29 0.00 0.00 0.00 0.00 0.00 0.00 0.00 0.00 0.00 0.00 0.00 0.00 0.00 0.00
0.00 0.00 0.00 0.00 0.00 0.00 0.00 0.00 0.00 0.00 0.00 0.00 0.00 0.00 0.00 0.00 0.00 0.00 0.00 0.00 0.00 0.00 0.00 0.00 0.00 0.00 0.00 0.00 0.00 0.00 0.00 0.00 0.00 0.00 0.00 0.00 0.00 0.00 0.00 0.00 0.00 0.00 0.00 0.00 0.00 1.43 1.43 1.43 1.58 1.58 1.58 1.58 1.73 1.73 1.73 1.73 1.82 1.82 1.82 1.82 1.77 1.77 1.77 1.77 1.55 1.55 1.55 1.55 1.29 1.29 1.29 0.00 0.00 0.00 0.00 0.00 0.00 0.00 0.00 0.00 1.13 1.13 0.00 0.00
0.00 0.00 0.00 0.00 0.00 0.00 0.00 0.00 0.00 0.00 0.00 0.00 0.00 0.00 0.00 0.00 0.00 0.00 0.00 0.00 0.00 0.00 0.00 0.00 0.00 0.00 0.00 0.00 0.00 0.00 0.00 0.00 0.00 0.00 0.00 0.00 0.00 0.00 0.00 0.00 0.00 0.00 0.00 0.00 0.00 1.47 1.47 1.47 1.50 1.50 1.50 1.50 1.55 1.55 1.55 1.55 1.59 1.59 1.59 1.59 1.59 1.59 1.59 1.59 1.55 1.55 1.55 1.55 1.30 1.30 1.30 1.30 0.00 0.00 0.00 0.00 0.00 0.00 0.00 0.00 0.00 0.00 1.05 1.20
0.00 0.00 0.00 0.00 0.00 0.00 0.00 0.00 0.00 0.00 0.00 0.00 0.00 0.00 0.00 0.00 0.00 0.00 0.00 0.00 0.00 0.00 0.00 0.00 0.00 0.00 0.00 0.00 0.00 0.00 0.00 0.00 0.00 0.00 0.00 0.00 0.00 0.00 0.00 0.00 0.00 0.00 0.00 0.00 0.00 1.47 1.47 1.47 1.50 1.50 1.50 1.50 1.55 1.55 1.55 1.55 1.59 1.59 1.59 1.59 1.59 1.59 1.59 1.59 1.55 1.55 1.55 1.55 1.30 1.30 1.30 0.00 0.00 0.00 0.00 0.00 0.00 1.15 1.03 1.15 0.00 0.00 1.20 0.00
0.00 0.00 0.00 0.00 0.00 0.00 0.00 0.00 0.00 0.00 0.00 0.00 0.00 0.00 0.00 0.00 0.00 0.00 0.00 0.00 0.00 0.00 0.00 0.00 0.00 0.00 0.00 1.56 0.00 0.00 0.00 0.00 0.00 0.00 0.00 0.00 0.00 0.00 0.00 0.00 0.00 0.00 0.00 0.00 1.47 1.47 1.47 1.47 1.50 1.50 1.50 1.50 1.55 1.55 1.55 1.55 1.59 1.59 1.59 1.59 1.59 1.59 1.59 1.59 1.55 1.55 1.55 1.55 1.30 1.30 0.00 0.00 0.00 0.00 0.00 0.00 0.00 0.00 1.15 1.15 1.20 0.00 1.20 0.00
0.00 0.00 0.00 0.00 0.00 0.00 0.00 0.00 0.00 0.00 0.00 0.00 0.00 0.00 0.00 0.00 0.00 0.00 0.00 0.00 0.00 0.00 0.00 0.00 0.00 0.00 1.56 1.56 0.00 0.00 0.00 0.00 0.00 0.00 0.00 0.00 0.00 0.00 0.00 0.00 0.00 0.00 0.00 0.00 0.00 0.00 0.00 1.47 1.50 1.50 1.50 1.50 1.55 1.55 1.55 1.55 1.59 1.59 1.59 1.59 1.59 1.59 1.59 1.59 1.55 1.55 1.55 1.55 1.30 1.30 1.30 0.00 0.00 0.00 0.00 0.00 0.00 0.00 0.00 1.15 1.20 1.20 1.20 1.20
0.00 0.00 0.00 0.00 0.00 0.00 0.00 0.00 0.00 0.00 0.00 0.00 0.00 0.00 0.00 0.00 0.00 0.00 0.00 0.00 0.00 0.00 0.00 0.00 0.00 1.53 1.53 1.53 1.57 0.00 0.00 0.00 0.00 0.00 0.00 0.00 0.00 0.00 0.00 0.00 0.00 0.00 0.00 0.00 0.00 0.00 0.00 0.00 1.29 1.29 0.00 0.00 1.32 1.32 1.32 1.32 1.36 1.36 1.36 1.36 1.46 1.46 1.46 1.46 1.54 1.54 1.54 1.54 1.37 1.37 0.00 0.00 0.00 0.00 0.00 0.00 0.00 0.00 0.00 1.17 1.27 1.27 1.27 1.27
0.00 0.00 0.00 0.00 0.00 0.00 0.00 0.00 0.00 0.00 0.00 0.00 0.00 0.00 0.00 0.00 0.00 0.00 0.00 0.00 0.00 0.00 0.00 0.00 0.00 1.53 1.53 1.53 1.57 1.57 1.57 0.00 0.00 0.00 0.00 0.00 0.00 0.00 0.00 0.00 0.00 0.00 0.00 0.00 0.00 0.00 0.00 0.00 0.00 0.00 0.00 0.00 1.32 1.32 1.32 1.32 1.36 1.36 1.36 1.36 1.46 1.46 1.46 1.46 1.54 1.54 1.54 1.54 1.37 1.27 0.00 0.00 0.00 0.00 0.00 0.00 0.00 0.00 0.00 1.17 1.27 1.27 1.27 1.27
0.00 0.00 0.00 0.00 0.00 0.00 0.00 0.00 0.00 0.00 0.00 0.00 0.00 0.00 0.00 0.00 0.00 0.00 0.00 0.00 0.00 0.00 0.00 0.00 0.00 1.59 1.59 1.59 1.64 1.64 1.64 0.00 0.00 0.00 0.00 0.00 0.00 0.00 0.00 0.00 0.00 0.00 0.00 0.00 0.00 0.00 0.00 0.00 0.00 0.00 0.00 1.32 1.35 1.35 1.35 1.35 1.39 1.39 1.39 1.39 1.50 1.50 1.50 1.50 1.59 1.59 0.00 1.59 0.00 0.00 0.00 0.00 0.00 0.00 0.00 0.00 0.00 0.00 0.00 0.00 1.31 1.31 1.31 1.31
0.00 0.00 0.00 0.00 0.00 0.00 0.00 0.00 0.00 0.00 0.00 0.00 0.00 0.00 0.00 0.00 0.00 0.00 0.00 0.00 0.00 0.00 0.00 0.00 1.59 1.59 1.59 1.59 1.64 1.64 1.64 1.64 1.61 0.00 1.61 0.00 0.00 0.00 0.00 0.00 0.00 0.00 0.00 0.00 0.00 0.00 0.00 0.00 0.00 0.00 0.00 1.32 1.35 1.35 1.35 1.35 1.39 1.39 1.39 1.39 1.50 1.50 1.50 1.50 1.59 1.59 1.59 1.59 1.42 0.00 0.00 0.00 0.00 0.00 0.00 0.00 0.00 0.00 0.00 0.00 1.31 1.31 1.31 1.31
0.00 0.00 0.00 0.00 0.00 0.00 0.00 0.00 0.00 0.00 0.00 0.00 0.00 0.00 0.00 0.00 0.00 0.00 0.00 0.00 0.00 0.00 1.47 1.47 1.70 1.70 1.70 1.70 1.77 1.77 1.77 1.34 1.62 1.62 0.00 0.00 1.45 0.00 0.00 0.00 0.00 0.00 0.00 0.00 0.00 0.00 0.00 0.00 0.00 0.00 0.00 0.00 0.00 0.00 0.00 0.00 1.20 1.20 1.20 1.20 1.35 1.35 1.35 1.35 1.57 1.57 0.00 1.57 1.52 1.52 0.00 0.00 0.00 0.00 0.00 0.00 0.00 1.23 0.00 0.00 0.00 1.30 1.30 1.30
0.00 0.00 0.00 0.00 0.00 0.00 0.00 0.00 0.00 0.00 0.00 0.00 0.00 0.00 0.00 0.00 0.00 0.00 0.00 0.00 1.47 1.47 1.47 1.47 1.70 1.70 1.70 1.70 1.77 1.77 1.77 1.77 0.00 0.00 0.00 0.00 1.45 1.45 1.45 0.00 0.00 0.00 0.00 0.00 0.00 0.00 0.00 0.00 0.00 0.00 0.00 0.00 0.00 0.00 0.00 0.00 0.00 0.00 0.00 1.20 1.35 0.00 0.00 1.35 1.57 1.57 1.57 1.57 1.52 1.52 1.52 0.00 0.00 0.00 0.00 0.00 1.08 1.23 1.23 0.00 0.00 1.30 1.30 1.30
0.00 0.00 0.00 0.00 0.00 0.00 0.00 0.00 0.00 0.00 0.00 0.00 0.00 0.00 0.00 0.00 0.00 1.35 0.00 0.00 1.47 1.47 1.47 1.47 1.70 1.70 1.70 1.70 1.77 1.77 1.77 1.77 1.62 0.00 1.62 1.62 1.45 1.18 0.00 0.00 1.14 0.00 0.00 0.00 0.00 0.00 0.00 0.00 0.00 0.00 0.00 0.00 0.00 0.00 0.00 0.00 0.00 0.00 0.00 1.20 1.35 1.14 1.35 1.35 1.57 1.57 1.57 1.57 1.52 1.52 1.52 1.52 0.00 0.00 0.00 0.00 1.23 1.23 1.23 1.23 0.00 1.30 1.30 1.30
0.00 0.00 0.00 0.00 0.00 0.00 0.00 0.00 0.00 0.00 0.00 0.00 0.00 0.00 0.00 0.00 1.35 1.35 1.35 1.35 1.47 1.47 1.47 1.47 1.70 1.70 1.70 1.70 1.77 1.77 1.77 1.77 1.62 1.62 1.62 1.62 1.45 0.00 1.45 0.00 1.37 0.00 0.00 0.00 0.00 0.00 0.00 0.00 0.00 0.00 0.00 0.00 0.00 0.00 0.00 0.00 0.00 0.00 0.00 1.20 1.35 1.35 1.35 1.35 1.57 1.57 1.57 1.57 1.52 1.52 1.52 1.52 0.00 0.00 0.00 1.31 1.23 1.23 1.23 1.23 0.00 1.30 1.30 1.30
0.00 0.00 0.00 0.00 0.00 0.00 0.00 0.00 0.00 0.00 0.00 0.00 0.00 0.00 1.35 1.35 1.40 1.40 1.40 1.40 1.61 1.61 1.61 1.61 1.87 1.87 1.87 1.87 1.78 1.78 1.78 1.78 1.50 1.50 1.50 1.50 1.30 1.30 1.30 1.30 1.19 0.00 0.00 0.00 0.00 0.00 0.00 0.00 0.00 0.00 0.00 0.00 0.00 0.00 0.00 0.00 0.00 0.00 1.14 1.14 1.25 1.25 1.25 1.25 1.51 1.51 1.51 1.51 1.63 1.63 1.63 1.63 0.00 0.00 0.00 1.48 1.34 1.34 1.34 1.34 0.00 1.31 1.31 1.31
0.00 0.00 0.00 0.00 0.00 0.00 0.00 0.00 0.00 0.00 0.00 0.00 0.00 1.35 1.35 1.35 1.40 1.40 1.40 1.40 1.61 1.61 1.61 1.61 1.87 1.87 1.87 1.87 1.78 1.78 1.78 1.78 1.50 1.50 1.50 1.50 0.00 1.30 1.30 0.00 0.00 0.00 0.00 0.00 0.00 0.00 0.00 0.00 0.00 0.00 1.17 1.17 0.00 0.00 0.00 0.00 0.00 0.00 0.00 1.14 1.08 1.08 1.25 1.25 1.51 1.51 1.51 1.51 1.63 1.63 1.63 1.63 1.48 1.48 0.00 1.48 1.34 1.34 1.34 1.34 1.31 1.31 1.31 1.31
0.00 0.00 0.00 0.00 0.00 0.00 0.00 0.00 0.00 0.00 0.00 0.00 1.35 1.35 1.35 1.35 1.40 1.40 1.40 1.40 1.61 1.61 1.61 1.61 1.87 1.87 1.87 1.87 1.78 1.78 1.78 1.78 1.50 1.50 1.50 1.50 0.00 0.00 0.00 0.00 0.00 0.00 0.00 0.00 0.00 0.00 0.00 0.00 0.00 1.17 1.17 1.17 0.00 0.00 0.00 0.00 0.00 0.00 0.00 0.00 0.00 1.25 1.25 1.25 1.51 1.51 1.51 1.51 1.63 1.63 1.63 1.63 1.48 1.48 1.48 1.48 1.34 1.34 1.34 1.34 1.31 1.31 1.31 1.31
0.00 0.00 0.00 0.00 0.00 0.00 0.00 0.00 0.00 0.00 0.00 0.00 1.35 1.35 1.35 1.35 1.40 1.40 1.40 1.40 1.61 1.61 1.61 1.61 1.87 1.87 1.87 1.87 1.78 1.78 1.78 1.78 1.50 1.50 0.00 1.50 1.30 0.00 0.00 0.00 0.00 0.00 0.00 0.00 0.00 0.00 0.00 0.00 1.17 1.17 1.17 1.17 1.17 0.00 0.00 0.00 0.00 0.00 0.00 0.00 0.00 0.00 1.25 1.25 1.51 1.51 1.51 1.51 1.63 1.63 1.63 1.63 1.48 1.48 1.48 1.48 1.34 1.34 1.34 1.34 1.31 1.31 1.31 1.31
0.00 0.00 0.00 0.00 0.00 0.00 0.00 0.00 0.00 0.00 1.29 1.29 1.38 1.38 1.38 1.38 1.53 1.53 1.53 1.53 1.84 1.84 1.84 1.84 1.87 1.87 1.87 1.87 1.51 1.51 1.51 1.51 1.28 1.28 1.28 1.28 1.16 0.00 0.00 0.00 0.00 0.00 0.00 0.00 0.00 0.00 0.00 0.00 0.00 1.16 1.16 1.16 1.22 1.22 0.00 0.00 0.00 0.00 0.00 0.00 0.00 0.00 1.21 1.21 1.42 1.42 1.42 1.42 1.70 1.70 1.70 1.70 1.69 1.69 1.69 1.69 1.49 1.49 1.49 1.49 1.52 1.52 1.52 1.52
0.00 0.00 0.00 0.00 0.00 0.00 0.00 0.00 0.00 0.00 1.43 1.43 1.38 1.38 1.38 1.38 1.53 1.53 1.53 1.53 1.84 1.84 1.84 1.84 1.87 1.87 1.87 1.87 1.51 1.51 1.51 1.51 1.28 1.28 1.28 1.28 1.16 1.16 0.00 0.00 0.00 0.00 0.00 0.00 0.00 0.00 0.00 0.00 0.00 1.16 0.00 0.00 1.22 1.22 1.22 0.00 0.00 0.00 1.19 1.19 1.21 1.07 1.21 1.21 1.42 1.42 1.42 1.42 1.70 1.70 1.70 1.70 1.69 1.69 1.69 1.69 1.49 1.49 1.49 1.49 1.52 1.52 1.52 1.52
0.00 0.00 0.00 0.00 0.00 0.00 0.00 0.00 0.00 0.00 0.00 1.43 1.53 1.38 1.38 1.38 1.53 1.53 1.53 1.53 1.84 1.84 1.84 1.84 1.87 1.87 1.87 1.87 1.51 1.51 1.51 1.51 1.28 1.28 1.28 1.28 1.16 1.16 1.16 0.00 0.00 0.00 0.00 0.00 0.00 0.00 0.00 0.00 0.00 0.00 0.00 0.00 1.22 1.22 1.22 1.22 0.00 0.00 0.00 1.19 1.21 1.21 1.21 1.21 1.42 1.42 1.42 1.42 1.70 1.70 1.70 1.70 1.69 1.69 1.69 1.69 1.49 1.49 1.49 1.49 1.52 1.52 1.52 1.52
0.00 0.00 0.00 0.00 0.00 0.00 0.00 0.00 0.00 0.00 0.00 1.43 1.53 1.53 1.53 1.38 1.53 1.53 1.53 1.53 1.84 1.84 1.84 1.84 1.87 1.87 1.87 1.87 1.51 1.51 1.51 1.51 1.28 1.28 1.28 1.28 1.16 1.16 0.00 0.00 0.00 0.00 0.00 0.00 0.00 0.00 0.00 0.00 0.00 0.00 0.00 0.00 1.22 1.22 1.22 1.22 1.19 0.00 0.00 0.00 0.00 1.21 1.21 1.21 1.42 1.42 1.42 1.42 1.70 1.70 1.70 1.70 1.69 1.69 1.69 1.69 1.49 1.49 1.49 1.49 1.52 1.52 1.52 1.52
0.00 0.00 0.00 0.00 0.00 0.00 0.00 0.00 0.00 0.00 0.00 1.44 1.54 1.54 1.54 1.54 1.65 1.65 1.65 1.65 1.88 1.88 1.88 1.88 1.63 1.63 1.63 1.63 1.28 1.28 1.28 1.28 1.15 1.15 0.00 1.15 1.09 1.09 0.00 0.00 0.00 0.00 0.00 0.00 0.00 0.00 0.00 0.00 1.16 0.00 0.00 1.16 1.27 1.27 1.27 1.27 1.33 1.33 1.33 1.33 0.00 1.32 1.32 1.32 1.48 1.48 1.48 1.48 1.81 1.81 1.81 1.81 1.81 1.81 1.81 1.81 1.60 1.60 1.60 1.60 1.58 1.58 1.58 1.58
0.00 0.00 0.00 0.00 0.00 0.00 0.00 0.00 0.00 0.00 0.00 1.44 1.54 1.54 1.54 1.54 1.79 1.65 1.65 1.65 1.88 1.88 1.88 1.88 1.63 1.63 1.63 1.63 1.28 1.28 1.28 1.28 1.15 1.15 0.00 1.15 0.00 0.00 0.00 0.00 0.00 0.00 0.00 0.00 0.00 0.00 0.00 0.00 1.16 0.00 0.00 1.16 1.27 1.27 1.27 1.27 1.33 1.33 1.33 1.33 1.32 1.32 1.32 1.32 1.48 1.48 1.48 1.48 1.81 1.81 1.81 1.81 1.81 1.81 1.81 1.81 1.60 1.60 1.60 1.60 1.58 1.58 1.58 1.58
0.00 0.00 0.00 0.00 1.44 0.00 0.00 0.00 0.00 0.00 0.00 1.47 1.58 1.58 1.58 1.58 1.86 1.86 1.86 1.73 1.95 1.95 1.95 1.95 1.68 1.68 1.68 1.68 1.30 1.30 1.30 1.30 1.17 1.17 1.17 1.04 1.10 0.00 0.00 0.00 0.00 0.00 0.00 0.00 0.00 0.00 0.00 1.12 1.18 1.18 1.18 1.18 1.30 1.30 1.30 1.30 1.36 1.36 1.36 1.36 1.35 1.35 1.35 1.35 1.52 1.52 1.52 1.52 1.88 1.88 1.88 1.88 1.88 1.88 1.88 1.88 1.65 1.65 1.65 1.65 1.63 1.63 1.63 1.63
0.00 0.00 0.00 1.48 1.44 1.44 0.00 0.00 0.00 1.47 1.47 1.47 1.58 1.58 1.58 1.58 1.86 1.86 1.86 1.86 1.95 1.95 1.95 1.95 1.68 1.68 1.68 1.68 1.30 1.30 1.30 1.30 1.17 1.17 1.17 1.17 1.10 0.00 0.00 0.00 0.00 0.00 0.00 0.00 0.00 0.00 1.12 1.12 1.18 1.18 1.18 1.18 1.30 1.30 1.30 1.30 1.36 1.36 1.36 1.36 1.35 1.35 1.35 1.35 1.52 1.52 1.52 1.52 1.88 1.88 1.88 1.88 1.88 1.88 1.88 1.88 1.65 1.65 1.65 1.65 1.63 1.63 1.63 1.63
1.47 1.47 1.47 1.47 1.45 1.45 1.45 1.45 1.42 1.42 1.25 1.42 1.51 1.51 1.51 1.51 1.75 1.75 1.75 1.75 1.95 1.95 1.81 1.81 1.60 1.60 1.60 1.60 1.29 1.29 1.29 1.29 1.13 1.13 1.13 1.13 0.00 0.00 0.00 0.00 0.00 0.00 0.00 0.00 0.00 0.00 1.10 1.10 1.22 1.22 1.22 1.22 1.43 1.43 1.43 1.43 1.70 1.70 1.70 1.70 1.80 1.80 1.80 1.80 1.90 1.90 1.90 1.90 1.98 1.98 1.98 1.98 1.82 1.82 1.82 1.82 1.74 1.74 1.74 1.74 1.66 1.66 1.66 1.66
1.47 1.47 1.47 1.47 1.45 1.45 1.45 1.45 1.42 1.42 1.42 1.42 1.51 1.51 1.51 1.51 1.75 1.75 1.75 1.75 1.95 1.95 1.95 1.81 1.60 1.60 1.60 1.60 1.29 1.29 1.29 1.29 1.13 1.13 1.13 1.13 0.00 0.00 0.00 0.00 0.00 0.00 0.00 0.00 0.00 0.00 1.10 1.10 1.22 1.22 1.22 1.22 1.43 1.43 1.43 1.43 1.70 1.70 1.70 1.70 1.80 1.80 1.80 1.80 1.90 1.90 1.90 1.90 1.98 1.98 1.98 1.98 1.82 0.00 1.82 1.82 1.74 1.74 1.74 1.74 1.66 1.66 1.66 0.00
1.47 1.47 1.47 1.47 1.45 1.45 1.45 1.45 1.42 1.42 1.42 1.42 1.51 1.51 1.51 1.51 1.75 1.75 1.75 1.75 1.95 1.95 1.95 1.95 1.74 1.60 1.60 1.60 1.29 1.29 1.29 1.29 1.13 1.13 1.13 0.00 0.00 0.00 0.00 0.00 0.00 0.00 0.00 0.00 0.00 0.00 0.00 1.10 1.22 1.22 1.22 1.22 1.43 1.43 1.43 1.43 1.70 1.70 1.70 1.70 1.80 1.80 1.80 1.80 1.90 1.90 1.90 1.90 1.98 1.98 1.98 1.98 1.82 1.82 1.82 1.82 1.74 1.74 1.74 1.74 1.66 1.66 0.00 0.00
1.47 1.47 1.47 1.47 1.45 1.45 1.45 1.45 1.42 1.42 1.42 1.42 1.51 1.51 1.51 1.51 1.75 1.75 1.75 1.75 1.95 1.95 1.95 1.95 1.74 1.74 1.60 1.60 1.29 1.29 1.29 1.29 1.13 1.13 1.13 0.00 1.06 1.06 0.00 0.00 0.00 0.00 1.05 0.00 0.00 0.00 0.00 1.10 1.22 1.22 1.22 1.22 1.43 1.43 1.43 1.43 1.70 1.70 1.70 1.70 1.80 1.80 1.80 1.80 1.90 1.90 1.90 1.90 1.98 1.98 1.98 1.98 1.82 1.82 1.82 1.82 1.74 1.74 0.00 0.00 1.66 1.66 0.00 0.00
1.52 1.52 1.52 1.52 1.50 1.50 1.50 1.50 1.48 1.48 1.48 1.48 1.51 1.51 1.51 1.51 1.65 1.65 1.65 1.65 1.84 1.84 1.84 1.84 1.83 1.83 1.83 1.83 1.36 1.36 1.36 1.36 1.14 1.14 1.14 1.14 1.09 1.09 0.00 0.00 0.00 1.06 1.06 0.00 0.00 0.00 0.00 1.11 1.38 1.38 1.38 1.38 1.82 1.82 1.82 1.82 2.05 2.05 2.05 2.05 2.00 2.00 2.00 2.00 1.92 1.92 1.92 1.92 1.74 1.74 1.74 1.74 1.62 1.62 1.62 1.62 1.72 1.72 1.72 1.72 0.00 0.00 0.00 0.00
1.52 1.52 1.52 1.52 1.50 1.50 1.50 1.50 1.48 1.48 1.48 1.48 1.51 1.51 1.51 1.51 1.65 1.65 1.65 1.65 1.84 1.84 1.84 1.84 1.83 1.83 1.83 1.83 1.50 1.36 1.36 1.36 1.14 1.14 1.14 1.14 1.09 1.09 0.00 0.00 0.00 0.00 1.06 0.00 0.00 0.00 0.00 1.11 1.38 1.38 1.38 1.38 1.82 1.82 1.82 1.82 2.05 2.05 2.05 2.05 2.00 2.00 2.00 2.00 1.92 1.92 1.92 1.92 1.74 1.74 1.74 1.74 1.62 1.62 1.62 1.62 1.72 1.72 1.72 1.72 0.00 0.00 0.00 0.00
1.52 1.52 1.52 1.52 1.50 1.50 1.50 1.50 1.48 1.48 1.48 1.48 1.51 1.51 1.51 1.51 1.65 1.65 1.65 1.65 1.84 1.84 1.84 1.84 1.83 1.83 1.83 1.83 1.50 1.50 1.36 1.36 1.14 1.14 1.14 1.14 1.09 1.09 1.09 0.00 0.00 0.00 1.06 0.00 1.11 1.11 1.11 1.11 1.38 1.38 1.38 1.38 1.82 1.82 1.82 1.82 2.05 2.05 2.05 2.05 2.00 2.00 2.00 2.00 1.92 1.92 1.92 1.92 1.74 1.74 1.74 1.74 1.62 1.62 1.62 1.62 1.72 1.72 1.72 1.72 0.00 0.00 0.00 0.00
1.52 1.52 1.52 1.52 1.50 1.50 1.50 1.50 1.48 1.48 1.48 1.48 1.51 1.51 1.51 1.51 1.65 1.65 1.65 1.65 1.84 1.84 1.84 1.84 1.83 1.83 1.83 1.83 1.50 1.50 1.50 1.50 1.14 1.14 1.14 1.14 1.09 1.09 1.09 0.00 0.00 0.00 1.06 1.06 1.11 1.11 1.11 1.11 1.38 1.38 1.38 1.38 1.82 1.82 1.82 1.82 2.05 2.05 2.05 2.05 2.00 2.00 2.00 2.00 1.92 1.92 1.92 1.92 1.74 1.74 1.74 1.74 1.62 1.62 1.62 1.62 1.72 1.72 1.72 1.72 0.00 0.00 0.00 0.00
1.63 1.63 1.63 1.63 1.58 1.58 1.58 1.58 1.64 1.64 1.64 1.64 1.78 1.78 1.78 1.78 1.88 1.88 1.88 1.88 1.92 1.92 1.92 1.92 1.86 1.86 1.86 1.86 1.65 1.65 1.65 1.65 1.46 1.32 1.32 1.32 1.23 1.23 1.23 1.23 0.00 1.19 1.19 1.19 1.35 1.35 1.35 1.35 1.74 1.74 1.74 1.74 2.06 2.06 0.00 2.06 1.94 1.94 1.94 1.94 1.73 1.73 1.73 1.73 1.61 1.61 1.61 1.61 1.52 1.52 1.52 1.52 1.55 1.55 1.55 1.55 1.62 1.62 1.62 1.62 0.00 0.00 0.00 0.00
1.63 1.63 1.63 1.63 1.58 1.58 1.58 1.58 1.64 1.64 1.64 1.64 1.78 1.78 1.78 1.78 1.88 1.88 1.88 1.88 1.92 1.92 1.92 1.92 1.86 1.86 1.86 1.86 1.65 1.65 1.65 1.65 1.46 1.46 1.46 1.32 1.23 1.23 1.23 1.23 1.19 1.19 1.19 1.19 1.35 1.35 1.35 1.35 1.74 1.74 1.74 1.74 2.06 2.06 2.06 2.06 1.94 1.94 1.94 1.94 1.73 1.73 1.73 1.73 1.61 1.61 1.61 1.61 1.52 1.52 1.52 1.52 1.55 1.55 1.55 1.55 1.62 1.62 1.62 1.62 1.74 0.00 0.00 0.00
