New_Model_Runs/14_Future_RCP8.5_Scn1_out/post_prcessed_with_MFR/Monthly_summaries/interception_monthly_JUN.asc
NCOLS 700
NROWS 400
XLLCENTER 515000.000000
YLLCENTER 8409000.000000
CELLSIZE 50.000000
NODATA_value -999.000000
[rows 114 to 151 of 400, columns 504 to 587 of 700]
1.60 1.60 1.60 1.60 1.91 1.91 1.91 1.91 2.02 2.02 2.02 2.02 2.00 2.00 2.00 2.00 1.93 0.00 0.00 0.00 0.00 0.00 0.00 0.00 0.00 1.34 1.78 0.00 1.81 0.00 0.00 0.00 0.00 1.84 1.84 1.84 1.80 0.00 0.00 1.80 1.66 1.66 1.66 1.66 1.61 1.61 1.61 1.61 1.67 1.67 1.67 1.67 1.80 1.80 1.80 1.80 1.91 1.29 1.29 1.29 1.25 1.25 1.25 1.25 1.25 1.25 1.25 1.25 1.36 1.36 1.36 1.36 1.25 1.25 1.25 1.25 1.05 0.00 0.00 0.00 0.00 0.00 0.00 0.00
1.60 1.60 1.60 1.60 1.91 1.91 1.91 1.91 2.02 2.02 2.02 2.02 2.00 2.00 2.00 2.00 1.93 1.93 1.93 0.00 0.00 0.00 0.00 0.00 0.00 0.00 1.78 1.78 1.81 0.00 0.00 0.00 0.00 1.84 1.84 1.84 1.80 1.80 0.00 0.00 1.66 1.66 1.66 1.66 1.61 1.61 1.61 1.61 1.67 1.67 1.67 1.67 1.80 1.80 1.80 1.80 1.91 1.29 1.29 1.29 1.25 1.25 1.25 1.25 1.25 1.25 1.25 1.25 1.36 1.36 1.36 1.36 1.25 1.25 1.25 1.25 1.05 0.00 0.00 0.00 0.00 0.00 0.00 0.00
1.97 1.97 1.97 1.97 2.09 2.09 2.09 2.09 1.92 1.92 1.92 1.92 1.83 1.83 1.83 1.83 1.81 1.81 1.81 1.81 1.35 1.35 1.80 1.80 1.77 0.00 0.00 0.00 1.77 1.77 1.77 0.00 1.74 1.74 1.74 1.74 1.71 1.71 1.71 0.00 1.69 1.69 1.69 0.00 1.69 1.69 1.69 1.69 1.71 0.00 1.71 1.71 1.80 1.80 1.80 1.80 1.96 1.34 1.34 1.34 1.36 1.36 1.36 1.36 1.35 1.35 1.35 1.35 1.34 1.34 1.34 1.34 1.19 1.19 1.19 1.19 1.03 0.00 0.00 0.00 0.00 0.00 0.00 0.00
1.97 1.97 1.97 1.97 2.09 2.09 2.09 2.09 1.92 1.92 1.92 1.92 1.83 1.83 1.83 1.83 1.81 1.81 1.81 1.81 1.80 1.80 1.80 1.80 0.00 1.77 1.77 1.77 1.77 1.77 0.00 1.77 1.74 1.74 1.74 1.74 1.71 1.71 1.71 1.71 1.69 1.69 1.69 1.69 1.69 1.69 1.69 0.00 1.71 0.00 0.00 0.00 0.00 1.80 1.80 1.80 1.96 1.34 1.34 1.34 1.36 1.36 1.36 1.36 1.35 1.35 1.35 1.35 1.34 1.34 1.34 1.34 1.19 1.19 1.19 1.19 1.03 1.03 0.00 0.00 0.00 0.00 0.00 0.00
1.97 1.97 1.97 1.97 2.09 2.09 2.09 2.09 1.92 1.92 1.92 1.92 1.83 1.83 1.83 1.83 1.81 1.81 1.81 1.81 1.80 1.80 1.80 1.80 1.77 1.77 1.33 1.77 1.77 1.77 1.77 1.77 1.74 1.74 1.74 1.74 1.71 1.71 1.71 1.71 1.69 1.69 1.69 1.69 1.69 1.69 1.69 0.00 0.00 0.00 0.00 0.00 1.80 1.80 1.80 1.80 1.96 1.34 1.34 1.34 1.36 1.36 1.36 1.36 1.35 1.35 1.35 1.35 1.34 1.34 1.34 1.34 1.19 1.19 1.19 1.19 1.03 1.03 0.00 0.00 0.00 0.00 0.00 0.00
1.97 1.97 1.97 1.97 2.09 2.09 2.09 2.09 1.92 1.92 1.92 1.92 1.83 1.83 1.83 1.83 1.81 1.81 1.81 1.81 1.80 1.80 1.80 1.80 1.77 1.77 1.77 1.77 1.77 1.77 1.77 1.77 1.74 1.74 1.74 1.74 1.71 1.71 1.71 1.71 1.69 1.69 1.69 1.69 0.00 0.00 0.00 0.00 0.00 1.71 1.71 1.71 0.00 1.80 1.80 1.80 1.96 1.34 1.34 1.34 1.36 1.36 1.36 1.36 1.35 1.35 1.35 1.35 1.34 1.34 1.34 1.34 1.19 1.19 1.19 1.19 1.03 1.03 0.76 0.76 0.00 0.00 0.00 0.00
2.00 2.00 2.00 2.00 1.83 1.83 1.83 1.83 1.67 1.67 1.67 1.67 1.65 1.65 1.65 1.65 1.66 1.66 1.66 1.66 1.67 1.67 1.67 1.67 1.63 1.63 0.00 1.63 1.63 1.63 1.63 1.63 1.62 1.62 1.62 1.62 1.61 0.00 0.00 0.00 1.65 1.65 1.65 0.00 0.00 0.58 0.00 1.71 0.00 1.75 1.75 1.75 1.87 1.87 1.87 1.87 2.00 1.39 1.39 1.39 1.37 1.37 1.37 1.37 1.29 1.29 1.29 1.29 1.23 1.23 1.23 1.23 1.17 1.17 1.17 1.17 0.76 0.76 0.76 0.76 0.00 0.00 0.00 0.00
2.00 2.00 2.00 2.00 1.83 1.83 1.83 1.83 1.67 1.67 1.67 1.67 1.65 1.65 1.65 1.65 1.66 1.66 1.66 1.66 1.67 1.67 1.67 1.67 1.63 0.00 0.00 0.00 1.63 1.63 1.63 1.63 1.62 1.62 1.62 1.62 1.61 0.00 0.00 0.00 1.65 0.00 0.00 0.00 0.00 1.71 0.00 1.71 1.75 1.75 1.75 1.75 1.87 1.87 1.87 1.87 2.00 1.39 1.39 1.39 1.37 1.37 1.37 1.37 1.29 1.29 1.29 1.29 1.23 1.23 1.23 1.23 1.17 1.17 1.17 1.17 1.02 1.02 1.02 0.76 0.00 0.00 0.00 0.00
2.00 2.00 2.00 2.00 1.83 1.83 1.83 1.83 1.67 1.67 1.67 1.67 1.65 1.65 1.65 1.65 1.66 1.66 1.66 1.66 1.67 1.67 1.67 1.67 1.63 1.63 0.00 0.00 0.00 1.63 1.63 0.00 0.00 0.00 0.00 1.62 0.00 1.61 0.00 0.00 0.00 0.00 0.00 0.00 0.00 1.71 1.71 1.71 1.75 1.75 1.75 1.75 1.87 1.87 1.87 1.87 2.00 1.39 1.39 1.39 1.37 1.37 1.37 1.37 1.29 1.29 1.29 1.29 1.23 1.23 1.23 1.23 1.17 1.17 1.17 1.17 1.02 1.02 1.02 1.02 0.00 0.00 0.93 0.93
2.00 2.00 2.00 2.00 1.83 1.38 1.83 1.83 1.67 0.00 1.67 1.67 1.65 1.65 1.65 1.65 0.00 1.66 1.66 1.66 1.67 1.67 1.67 1.67 1.63 1.63 0.00 0.00 0.00 1.63 1.63 0.00 0.00 0.00 0.00 0.00 0.00 1.61 1.61 0.00 1.50 0.00 0.00 1.65 1.71 1.71 1.71 1.71 1.75 1.75 1.75 1.75 1.87 1.87 1.87 1.87 2.00 1.39 1.39 1.39 1.37 1.37 1.37 1.37 1.29 1.29 1.29 1.29 1.23 1.23 1.23 1.23 1.17 1.17 1.17 1.17 1.02 1.02 1.02 1.02 0.93 0.93 0.93 0.93
1.75 1.75 1.75 1.75 1.65 1.65 1.65 1.65 1.61 1.61 1.61 1.61 1.60 1.60 1.60 1.60 1.58 1.58 0.00 0.00 1.57 1.57 1.57 1.57 1.53 1.53 1.53 1.53 1.53 1.53 1.53 0.00 0.00 0.00 1.54 0.00 0.00 0.00 1.60 1.60 1.63 1.63 1.63 1.63 1.64 1.64 1.64 1.64 1.71 1.71 1.71 1.71 1.90 1.90 1.90 1.90 2.01 1.40 1.40 1.40 1.32 1.32 1.32 1.32 1.22 1.22 1.22 1.22 1.18 1.18 1.18 1.18 1.13 1.13 1.13 1.13 1.08 1.08 1.08 1.08 1.08 1.08 1.08 1.08
1.75 1.75 1.75 1.75 1.65 1.65 1.65 1.65 1.61 1.61 1.61 1.61 1.60 1.60 1.60 1.60 1.58 1.58 0.00 0.00 0.00 1.57 1.57 1.57 1.53 1.53 0.00 0.00 0.00 0.00 1.53 1.53 0.00 0.00 0.00 0.00 0.00 0.00 1.60 1.60 1.63 1.63 1.63 1.63 1.64 1.64 1.64 1.64 1.71 1.71 1.71 1.71 1.90 1.90 1.90 1.90 2.01 1.40 1.40 1.40 1.32 1.32 1.32 1.32 1.22 1.22 1.22 1.22 1.18 1.18 1.18 1.18 1.13 1.13 1.13 1.13 1.08 1.08 1.08 1.08 1.08 1.08 1.08 1.08
1.75 1.75 1.75 1.75 1.65 1.65 1.65 1.65 1.61 1.61 1.61 1.61 1.60 1.60 1.60 1.60 1.58 0.00 0.00 0.00 0.00 0.00 1.57 1.57 1.53 0.00 0.00 0.00 0.00 0.00 0.00 0.00 0.00 0.00 0.00 0.00 1.60 1.60 1.60 1.60 1.63 1.63 1.63 1.63 1.64 1.64 1.64 1.64 1.71 1.71 1.71 1.71 1.90 1.90 1.90 1.90 2.01 1.40 1.40 1.40 1.32 1.32 1.32 1.32 1.22 1.22 1.22 1.22 1.18 1.18 1.18 1.18 1.13 1.13 1.13 1.13 1.08 1.08 1.08 1.08 1.08 1.08 1.08 1.08
1.75 1.75 1.75 1.75 1.65 1.65 1.65 1.65 1.61 1.61 1.61 1.61 1.60 1.60 1.60 1.60 1.58 0.00 0.00 0.00 0.00 0.00 1.57 0.00 0.00 0.00 0.00 0.00 0.00 0.00 0.00 0.00 0.00 0.00 0.00 0.00 1.60 1.60 1.60 1.60 1.63 1.63 1.63 1.63 1.64 1.64 0.00 1.64 1.71 1.71 1.71 1.71 1.90 1.90 1.90 1.90 2.01 1.40 1.40 0.00 1.32 1.32 0.00 0.00 1.22 1.22 1.22 1.22 1.18 1.18 1.18 1.18 1.13 1.13 1.13 1.13 1.08 1.08 1.08 1.08 1.08 1.08 1.08 1.08
1.59 1.59 1.59 1.59 1.58 1.58 1.58 1.58 1.61 1.61 1.61 1.61 1.60 1.60 1.60 1.60 1.57 0.00 0.00 0.00 0.00 0.00 0.00 0.00 0.00 0.00 0.00 0.00 0.00 0.00 0.00 0.00 0.00 0.00 0.00 1.58 1.62 1.62 1.62 1.62 1.56 1.56 1.56 0.00 0.00 0.00 0.00 1.46 0.00 1.73 1.73 1.73 1.88 1.88 1.88 1.88 1.96 1.34 1.34 0.00 0.00 0.00 0.00 0.00 1.32 1.32 1.32 1.32 1.28 1.28 1.28 1.28 1.22 1.22 1.22 1.22 1.20 1.20 1.20 1.20 1.20 1.20 1.20 1.20
1.59 1.59 1.59 1.59 1.58 1.58 1.58 1.58 1.61 1.61 1.61 1.61 1.60 1.60 1.60 1.60 0.00 0.00 0.00 0.00 0.00 0.00 0.00 0.00 0.00 0.00 0.00 0.00 0.00 0.00 0.00 0.00 0.00 0.00 0.00 1.58 1.62 1.62 1.62 1.62 1.44 0.00 0.00 0.00 0.00 0.00 1.60 0.00 1.73 1.73 1.73 1.73 1.88 1.88 1.88 1.88 1.96 1.34 1.34 0.00 0.00 0.00 0.00 1.35 1.32 1.32 1.32 1.32 1.28 1.28 1.28 1.28 1.22 1.22 1.22 1.22 1.20 1.20 1.20 1.20 1.20 0.00 1.20 1.20
1.57 1.57 1.57 1.57 1.56 1.56 1.24 1.56 1.58 1.58 1.58 1.58 1.57 1.57 1.57 1.57 0.00 1.54 0.00 0.00 0.00 0.00 0.00 0.00 0.00 0.00 0.00 0.00 0.00 0.00 0.00 0.00 0.00 0.00 0.00 1.57 1.61 1.61 1.61 0.00 0.00 0.00 0.00 0.00 0.00 1.59 1.59 1.59 1.72 1.72 1.72 1.72 1.87 1.87 1.87 1.87 1.93 1.31 1.31 0.00 0.00 0.00 0.00 1.32 1.30 1.30 1.30 1.30 1.26 1.26 1.26 1.26 1.19 1.19 1.19 1.19 1.17 1.17 1.17 1.17 1.17 1.17 1.17 1.17
1.57 1.57 1.57 1.57 1.56 1.56 1.56 1.56 0.00 0.00 1.58 1.58 1.57 1.57 1.57 0.00 0.00 1.54 0.00 0.00 0.00 0.00 1.54 0.00 0.00 0.00 0.00 0.00 0.00 0.00 0.00 0.00 0.00 0.00 0.00 0.00 0.00 1.61 0.00 0.00 0.00 0.00 0.00 0.00 0.00 1.59 1.59 1.59 1.72 1.72 1.72 1.72 1.87 1.87 1.87 1.87 1.93 1.31 1.31 0.00 0.00 0.00 0.00 1.32 1.30 1.30 1.30 1.30 1.26 1.26 1.26 1.26 1.19 1.19 1.19 1.19 1.17 1.17 1.17 1.17 1.17 1.17 1.17 1.17
1.55 1.55 1.55 1.55 1.53 1.53 0.00 0.00 1.54 1.54 1.54 1.54 0.00 0.00 0.00 0.00 0.00 0.00 1.56 0.00 1.59 1.59 0.00 0.00 0.00 0.00 0.00 0.00 0.00 0.00 0.00 0.00 0.00 0.00 0.00 1.67 1.65 0.00 0.00 0.00 0.00 0.00 0.00 0.00 0.00 1.66 1.66 1.66 1.74 1.74 1.74 1.74 1.78 1.78 1.78 1.78 1.80 1.18 1.18 0.00 0.00 0.00 0.00 1.28 1.37 1.37 1.37 1.37 1.34 1.34 1.34 1.34 1.26 1.26 1.26 1.26 1.21 1.21 1.21 1.21 1.17 1.17 1.17 1.17
1.55 1.55 1.55 1.55 1.53 0.00 0.00 0.00 0.00 0.00 1.54 1.54 1.55 0.00 0.00 0.00 0.00 0.00 0.00 1.56 1.59 1.59 0.00 0.00 0.00 0.00 0.00 0.00 0.00 0.00 0.00 0.00 0.00 0.00 0.00 0.00 0.00 0.00 0.00 0.00 0.00 0.00 0.00 0.00 0.00 0.00 1.66 1.66 1.74 1.74 1.74 1.74 1.78 1.78 1.78 1.78 1.80 1.18 1.18 1.18 1.28 1.28 1.28 1.28 1.37 1.37 1.37 1.37 1.34 1.34 1.34 1.34 1.26 1.26 1.26 1.26 1.21 1.21 1.21 1.21 1.17 1.17 1.17 1.17
1.55 1.55 1.55 1.55 1.53 1.53 1.53 0.00 0.00 1.22 1.22 0.00 0.00 0.00 0.00 0.00 0.00 0.00 0.00 0.00 0.00 0.00 0.00 0.00 0.00 0.00 0.00 0.00 0.00 0.00 0.00 0.00 0.00 0.00 0.00 0.00 0.00 0.00 0.00 0.00 0.00 0.00 0.00 0.00 0.00 1.66 1.66 1.66 1.74 1.74 1.74 1.74 1.78 1.78 1.78 1.78 1.80 1.18 1.18 1.18 1.28 1.28 1.28 1.28 1.37 1.37 1.37 1.37 1.34 1.34 1.34 1.34 1.26 1.26 1.26 1.26 1.21 1.21 1.21 1.21 1.17 1.17 1.17 1.17
1.55 1.55 1.55 1.55 1.53 1.23 1.53 0.00 0.00 0.00 0.00 0.00 0.00 0.00 0.00 0.00 0.00 0.00 0.00 0.00 0.00 0.00 0.00 0.00 0.00 0.00 0.00 0.00 0.00 0.00 0.00 0.00 0.00 0.00 0.00 0.00 0.00 0.00 0.00 0.00 0.00 0.00 0.00 1.63 0.00 0.00 1.66 1.66 1.74 1.74 1.74 1.74 1.78 1.78 1.78 1.78 1.80 1.18 1.18 1.18 1.28 1.28 1.28 1.28 1.37 1.37 1.37 1.37 1.34 1.34 1.34 1.34 1.26 1.26 1.26 1.26 1.21 1.21 1.21 1.21 1.17 1.17 1.17 1.17
1.57 1.57 1.57 1.57 1.56 0.00 0.00 0.00 0.00 0.00 0.00 0.00 0.00 0.00 0.00 0.00 0.00 0.00 0.00 0.00 0.00 0.00 0.00 0.00 0.00 0.00 0.00 0.00 0.00 0.00 0.00 0.00 0.00 0.00 0.00 0.00 0.00 0.00 0.00 0.00 0.00 0.00 0.00 1.70 0.00 0.00 1.66 1.66 0.00 0.00 1.65 1.65 1.66 1.66 1.66 1.66 1.68 1.05 1.05 1.05 1.15 1.15 1.15 1.15 1.37 1.37 1.37 1.37 1.45 1.45 1.45 1.45 1.32 1.32 1.32 1.32 1.21 1.21 1.21 1.21 1.13 1.13 1.13 1.13
1.57 1.57 1.57 1.57 1.24 0.00 0.00 0.00 0.00 0.00 0.00 0.00 0.00 0.00 0.00 0.00 0.00 0.00 0.00 0.00 0.00 0.00 0.00 0.00 0.00 0.00 0.00 0.00 0.00 0.00 0.00 0.00 0.00 0.00 0.00 0.00 0.00 0.00 0.00 0.00 0.00 0.00 0.00 0.00 0.00 0.00 0.00 0.00 0.00 0.00 0.00 0.00 0.00 1.66 1.66 1.66 1.68 1.05 1.05 1.05 1.15 1.15 1.15 1.15 1.37 1.37 1.37 1.37 1.45 1.45 1.45 1.45 1.32 1.32 1.32 1.32 1.21 1.21 1.21 1.21 1.13 1.13 1.13 1.13
1.57 1.57 1.57 0.00 0.00 0.00 0.00 0.00 0.00 0.00 0.00 0.00 0.00 0.00 0.00 0.00 0.00 0.00 0.00 0.00 0.00 0.00 0.00 0.00 0.00 0.00 0.00 0.00 0.00 0.00 0.00 0.00 0.00 0.00 0.00 0.00 0.00 0.00 0.00 0.00 0.00 0.00 0.00 0.00 0.00 0.00 0.00 0.00 0.00 0.00 0.00 0.00 0.00 0.00 0.00 1.66 1.68 1.05 1.05 1.05 1.15 1.15 1.15 1.15 1.37 1.37 1.37 1.37 1.45 1.45 1.45 1.45 1.32 1.32 1.32 1.32 1.21 1.21 1.21 1.21 1.13 1.13 1.13 1.13
0.00 0.00 0.00 0.00 0.00 0.00 0.00 0.00 0.00 0.00 0.00 0.00 0.00 0.00 0.00 0.00 0.00 0.00 0.00 0.00 0.00 0.00 0.00 0.00 0.00 0.00 0.00 0.00 0.00 0.00 0.00 0.00 0.00 0.00 0.00 0.00 0.00 0.00 0.00 0.00 0.00 0.00 0.00 0.00 0.00 0.00 0.00 0.00 0.00 0.00 0.00 0.00 0.00 0.00 0.00 0.00 0.00 1.05 1.05 1.05 1.15 1.15 1.15 1.15 1.37 1.37 1.37 1.37 1.45 1.45 1.45 1.45 1.32 1.32 1.32 1.32 1.21 1.21 1.21 1.21 1.13 1.13 1.13 1.13
1.60 0.00 0.00 0.00 1.60 1.60 0.00 0.00 0.00 0.00 0.00 0.00 0.00 0.00 0.00 0.00 0.00 0.00 0.00 0.00 0.00 0.00 0.00 0.00 0.00 0.00 0.00 0.00 0.00 0.00 0.00 0.00 0.00 0.00 0.00 0.00 0.00 0.00 0.00 0.00 0.00 0.00 0.00 0.00 0.00 0.00 0.00 0.00 0.00 0.00 0.00 0.00 0.00 0.00 0.00 0.00 0.00 0.00 1.00 1.00 0.00 1.14 1.14 1.14 1.43 1.43 1.43 1.43 1.55 1.55 1.55 1.55 1.34 1.34 1.34 1.34 1.18 1.18 0.84 0.84 0.00 1.12 1.12 0.00
1.60 0.00 0.00 0.00 1.60 1.60 1.60 0.00 0.00 0.00 0.00 0.00 0.00 0.00 0.00 0.00 0.00 0.00 0.00 0.00 0.00 0.00 0.00 0.00 0.00 0.00 0.00 0.00 0.00 0.00 0.00 0.00 0.00 0.00 0.00 0.00 0.00 0.00 0.00 0.00 0.00 0.00 0.00 0.00 0.00 0.00 0.00 0.00 0.00 0.00 0.00 0.00 0.00 0.00 0.00 0.00 0.00 0.00 0.00 0.00 0.00 1.14 1.14 1.14 1.43 1.43 1.43 1.43 1.55 1.55 1.55 1.55 1.34 1.34 1.34 1.34 1.18 1.18 1.18 1.18 1.12 1.12 1.12 0.00
1.60 1.60 1.47 0.00 0.00 0.00 0.00 0.00 0.00 0.00 0.00 0.00 0.00 0.00 0.00 0.00 0.00 0.00 0.00 0.00 0.00 0.00 0.00 0.00 0.00 0.00 0.00 0.00 0.00 0.00 0.00 0.00 0.00 0.00 0.00 0.00 0.00 0.00 0.00 0.00 0.00 0.00 0.00 0.00 0.00 0.00 0.00 0.00 0.00 0.00 0.00 0.00 0.00 0.00 0.00 0.00 0.00 0.00 0.00 1.00 1.14 1.14 1.14 1.14 1.43 1.43 1.43 1.43 1.55 1.55 1.55 1.55 1.34 1.34 1.34 1.34 1.18 1.18 0.00 0.00 0.00 0.00 0.00 0.00
1.60 1.60 0.00 0.00 0.00 0.00 0.00 0.00 0.00 0.00 0.00 0.00 0.00 0.00 0.00 0.00 0.00 0.00 0.00 0.00 0.00 0.00 0.00 0.00 0.00 0.00 0.00 0.00 0.00 0.00 0.00 0.00 0.00 0.00 0.00 0.00 0.00 0.00 0.00 0.00 0.00 0.00 0.00 0.00 0.00 0.00 0.00 0.00 0.00 0.00 0.00 0.00 0.00 0.00 0.00 0.00 0.00 1.00 1.00 1.00 1.14 1.14 1.14 1.14 1.43 1.43 1.43 1.43 1.55 1.55 1.55 1.55 1.34 1.34 1.34 1.34 1.18 1.18 1.18 1.18 0.00 0.00 0.00 0.00
0.00 0.00 0.00 0.00 0.00 0.00 0.00 0.00 0.00 0.00 0.00 0.00 0.00 0.00 0.00 0.00 0.00 0.00 0.00 0.00 0.00 0.00 0.00 0.00 0.00 0.00 0.00 0.00 0.00 0.00 0.00 0.00 0.00 0.00 0.00 0.00 0.00 0.00 0.00 0.00 0.00 0.00 0.00 0.00 0.00 0.00 0.00 0.00 0.00 0.00 0.00 0.00 0.00 0.00 0.00 0.00 0.00 0.81 0.00 1.13 1.36 1.36 1.36 1.36 1.51 1.51 1.51 1.51 1.51 1.51 1.51 1.51 1.37 1.37 1.37 1.37 1.19 1.19 1.19 1.19 1.10 0.00 0.00 0.00
0.00 0.00 0.00 0.00 0.00 0.00 0.00 0.00 0.00 0.00 0.00 0.00 0.00 0.00 0.00 0.00 0.00 0.00 0.00 0.00 0.00 0.00 0.00 0.00 0.00 0.00 0.00 0.00 0.00 0.00 0.00 0.00 0.00 0.00 0.00 0.00 0.00 0.00 0.00 0.00 0.00 0.00 0.00 0.00 0.00 0.00 0.00 0.00 0.00 0.00 0.00 0.00 0.00 0.00 0.00 0.00 1.75 0.00 1.13 1.13 1.36 1.36 1.36 1.36 1.51 1.51 1.51 1.51 1.51 1.51 1.51 1.51 1.37 1.37 1.37 1.37 1.19 1.19 1.19 1.19 1.10 1.10 1.10 0.00
0.00 0.00 0.00 0.00 0.00 0.00 0.00 0.00 0.00 0.00 0.00 0.00 0.00 0.00 0.00 0.00 0.00 0.00 0.00 0.00 0.00 0.00 0.00 0.00 0.00 0.00 0.00 0.00 0.00 0.00 0.00 0.00 0.00 0.00 0.00 0.00 0.00 0.00 0.00 0.00 0.00 0.00 0.00 0.00 0.00 0.00 0.00 0.00 0.00 0.00 0.00 0.00 0.00 0.00 0.00 0.00 0.00 0.00 0.00 1.12 1.34 1.34 1.34 1.34 1.50 1.50 1.50 1.50 1.50 1.50 1.50 1.50 1.34 1.34 1.34 1.34 1.17 1.17 1.17 1.17 1.09 1.09 0.00 0.95
0.00 0.00 0.00 0.00 0.00 0.00 0.00 0.00 0.00 0.00 0.00 0.00 0.00 0.00 0.00 0.00 0.00 0.00 0.00 0.00 0.00 0.00 0.00 0.00 0.00 0.00 0.00 0.00 0.00 0.00 0.00 0.00 0.00 0.00 0.00 0.00 0.00 0.00 0.00 0.00 0.00 0.00 0.00 0.00 0.00 0.00 0.00 0.00 0.00 0.00 0.00 0.00 0.00 0.00 1.26 0.00 0.00 0.00 0.00 1.12 1.34 1.34 1.34 1.34 1.50 1.50 1.50 1.50 1.50 1.50 1.50 1.50 1.34 1.34 1.34 1.34 1.17 1.17 1.17 1.17 1.09 1.09 0.00 0.00
0.00 0.00 0.00 0.00 0.00 0.00 0.00 0.00 0.00 0.00 0.00 0.00 0.00 0.00 0.00 0.00 0.00 0.00 0.00 0.00 0.00 0.00 0.00 0.00 0.00 0.00 0.00 0.00 0.00 0.00 0.00 0.00 0.00 0.00 0.00 0.00 0.00 0.00 0.00 0.00 0.00 0.00 0.00 0.00 0.00 0.00 0.00 0.00 0.00 0.00 0.00 0.00 0.00 1.82 1.82 0.00 1.43 0.00 0.00 1.39 1.50 0.00 0.00 1.50 1.42 1.42 1.42 1.42 0.92 1.34 1.34 1.34 1.31 0.91 1.31 1.31 1.22 1.22 1.22 1.22 0.00 0.00 0.00 0.00
0.00 0.00 0.00 0.00 0.00 0.00 0.00 0.00 0.00 0.00 0.00 0.00 0.00 0.00 0.00 0.00 0.00 0.00 0.00 0.00 0.00 0.00 0.00 0.00 0.00 0.00 0.00 0.00 0.00 0.00 0.00 0.00 0.00 0.00 0.00 0.00 0.00 0.00 0.00 0.00 0.00 0.00 0.00 0.00 0.00 0.00 0.00 0.00 0.00 0.00 0.00 0.00 0.00 0.00 1.82 1.82 2.00 1.39 1.39 1.39 0.00 0.00 0.00 1.50 1.42 1.42 1.42 1.42 0.92 0.00 1.34 1.34 1.31 0.91 0.00 0.00 0.86 1.22 1.22 1.22 0.00 0.00 0.00 0.00
0.00 0.00 0.00 0.00 0.00 0.00 0.00 0.00 0.00 0.00 0.00 0.00 0.00 0.00 0.00 0.00 0.00 0.00 0.00 0.00 0.00 0.00 0.00 0.00 0.00 0.00 0.00 0.00 0.00 0.00 0.00 0.00 0.00 0.00 0.00 0.00 0.00 0.00 0.00 0.00 0.00 0.00 0.00 0.00 0.00 0.00 0.00 0.00 0.00 0.00 0.00 0.00 1.82 1.34 0.00 1.34 2.00 2.00 1.39 1.39 1.50 0.00 0.00 1.50 1.42 1.42 1.42 1.42 0.92 0.00 1.34 1.34 1.31 0.00 0.00 0.00 0.00 1.22 1.22 1.22 0.00 0.00 0.00 0.00
0.00 0.00 0.00 0.00 0.00 0.00 0.00 0.00 0.00 0.00 0.00 0.00 0.00 0.00 0.00 0.00 0.00 0.00 0.00 0.00 0.00 0.00 0.00 0.00 0.00 0.00 0.00 0.00 0.00 0.00 0.00 0.00 0.00 0.00 0.00 0.00 0.00 0.00 0.00 0.00 0.00 0.00 0.00 0.00 0.00 0.00 0.00 0.00 0.00 1.72 1.72 1.30 1.82 1.82 0.00 1.82 2.00 2.00 1.39 1.39 1.50 1.50 0.00 1.50 1.42 1.42 1.42 1.42 0.92 0.92 0.00 0.00 0.00 0.00 0.00 0.00 0.00 0.00 1.22 0.00 0.00 0.00 0.00 0.00
