New_Model_Runs/14_Future_RCP8.5_Scn1_out/post_prcessed_with_MFR/Monthly_summaries/interception_monthly_MAY.asc
NCOLS 700
NROWS 400
XLLCENTER 515000.000000
YLLCENTER 8409000.000000
CELLSIZE 50.000000
NODATA_value -999.000000
[rows 228 to 265 of 400, columns 84 to 167 of 700]
1.56 1.56 1.56 1.56 1.55 1.55 1.55 1.55 1.56 1.56 1.56 1.56 1.61 1.61 1.61 1.61 1.72 1.72 1.72 1.72 1.75 1.75 1.75 1.75 1.67 1.67 1.67 1.67 1.64 1.64 1.64 1.64 1.59 1.59 1.59 1.59 1.52 1.52 1.52 1.52 1.49 1.49 1.49 1.49 1.56 1.56 1.56 1.56 1.62 1.62 1.62 1.62 1.65 1.65 1.65 1.65 1.59 1.59 1.59 1.59 1.57 1.57 0.00 0.00 1.60 1.60 1.60 1.60 0.00 0.00 0.00 0.00 0.00 1.58 1.58 1.58 1.58 1.58 1.58 1.58 0.00 1.60 1.60 0.00
1.56 1.56 1.56 1.56 1.55 1.55 1.55 1.55 1.56 1.56 1.56 1.56 1.61 1.61 1.61 1.61 1.72 1.72 1.72 1.72 1.75 1.75 1.75 1.75 1.67 1.67 1.67 1.67 1.64 1.64 1.64 1.64 1.59 1.59 1.59 1.59 1.52 1.52 1.52 1.52 1.49 1.49 1.49 1.49 1.56 1.56 1.56 1.56 1.62 1.62 1.62 1.62 1.65 1.65 1.65 1.65 1.59 1.59 1.59 1.59 1.57 1.57 0.00 0.00 1.60 0.00 1.60 1.60 1.63 0.00 0.00 0.00 0.00 1.58 1.58 1.58 1.58 1.58 1.58 1.58 1.60 1.60 1.60 1.60
1.56 1.56 1.56 1.56 1.55 1.55 1.55 1.55 1.56 1.56 1.56 1.56 1.61 1.61 1.61 1.61 1.72 1.72 1.72 1.72 1.75 1.75 1.75 1.75 1.67 1.67 1.67 1.67 1.64 1.64 1.64 1.64 1.59 1.59 1.59 1.59 1.52 1.52 1.52 1.52 1.49 1.49 1.49 1.49 1.56 1.56 1.56 1.56 1.62 1.62 1.62 1.62 1.65 1.65 1.65 1.65 1.59 1.59 1.59 1.59 1.57 1.57 1.57 1.57 1.60 0.00 0.00 0.00 1.63 1.63 0.00 0.00 0.00 1.58 1.58 1.58 1.58 1.58 1.58 1.58 1.60 1.60 1.60 1.60
1.56 1.56 1.56 1.56 1.55 1.55 1.55 1.55 1.56 1.56 1.56 1.56 1.61 1.61 1.61 1.61 1.72 1.72 1.72 1.72 1.75 1.75 1.75 1.75 1.67 1.67 1.67 1.67 1.64 1.64 1.64 1.64 1.59 1.59 1.59 1.59 1.52 1.52 1.52 1.52 1.49 1.49 1.49 1.49 1.56 1.56 1.56 1.56 1.62 1.62 1.62 1.62 1.65 1.65 1.65 1.65 1.59 1.59 1.59 1.59 1.57 1.57 1.57 1.57 1.60 1.60 1.60 1.60 1.63 1.63 0.00 0.00 0.00 0.00 1.58 1.58 1.58 1.58 1.58 1.58 1.60 1.60 1.60 1.60
1.66 1.66 1.66 1.66 1.67 1.67 1.67 1.67 1.68 1.68 1.68 1.68 1.77 1.77 1.77 1.77 1.83 1.83 1.83 1.83 1.76 1.76 1.76 1.76 1.67 1.67 1.67 1.67 1.63 1.63 1.63 1.63 1.54 1.54 1.54 1.54 1.54 1.54 1.54 1.54 1.58 1.58 1.58 1.58 1.64 1.64 1.64 1.64 1.63 1.63 1.63 1.63 1.56 1.56 1.56 1.56 1.48 1.48 1.48 1.48 1.49 1.49 1.49 1.49 1.56 1.56 1.56 1.56 1.60 1.60 0.00 1.60 1.52 1.52 1.52 1.52 1.49 1.49 1.49 1.49 1.48 1.48 1.48 1.48
1.66 1.66 1.66 1.66 1.67 1.67 1.67 1.67 1.68 1.68 1.68 1.68 1.77 1.77 1.77 1.77 1.83 1.83 1.83 1.83 1.76 1.76 1.76 1.76 1.67 1.67 1.67 1.67 1.63 1.63 1.63 1.63 1.54 1.54 1.54 1.54 1.54 1.54 1.54 1.54 1.58 1.58 1.58 1.58 1.64 1.64 1.64 1.64 1.63 1.63 1.63 1.63 1.56 1.56 1.56 1.56 1.48 1.48 1.48 1.48 1.49 1.49 1.49 1.49 1.56 1.56 1.56 1.56 1.60 1.60 1.60 1.60 1.52 1.52 1.52 1.52 1.49 1.49 1.49 1.49 1.48 1.48 1.48 1.48
1.66 1.66 1.66 1.66 1.67 1.67 1.67 1.67 1.68 1.68 1.68 1.68 1.77 1.77 1.77 1.77 1.83 1.83 1.83 1.83 1.76 1.76 1.76 1.76 1.67 1.67 1.67 1.67 1.63 1.63 1.63 1.63 1.54 1.54 1.54 1.54 1.54 1.54 1.54 1.54 1.58 1.58 1.58 1.58 1.64 1.64 1.64 1.64 1.63 1.63 1.63 1.63 1.56 1.56 1.56 1.56 1.48 1.48 1.48 1.48 1.49 1.49 1.49 1.49 1.56 1.56 1.56 1.56 1.60 1.60 1.60 1.60 1.52 1.52 1.52 1.52 1.49 1.49 1.49 1.49 1.48 1.48 1.48 1.48
1.66 1.66 1.66 1.66 1.67 1.67 1.67 1.67 1.68 1.68 1.68 1.68 1.77 1.77 1.77 1.77 1.83 1.83 1.83 1.83 1.76 1.76 1.76 1.76 1.67 1.67 1.67 1.67 1.63 1.63 1.63 1.63 1.54 1.54 1.54 1.54 1.54 1.54 1.54 1.54 1.58 1.58 1.58 1.58 1.64 1.64 1.64 1.64 1.63 1.63 1.63 1.63 1.56 1.56 1.56 1.56 1.48 1.48 1.48 1.48 1.49 1.49 1.49 1.49 1.56 1.56 1.56 1.56 1.60 1.60 1.60 1.60 1.52 1.52 1.52 1.52 1.49 1.49 1.49 1.49 1.48 1.48 1.48 1.48
1.78 1.78 1.78 1.78 1.78 1.78 1.78 1.78 1.79 1.79 1.79 1.79 1.83 1.83 1.83 1.83 1.73 1.73 1.73 1.73 1.60 1.60 1.60 1.60 1.54 1.54 1.54 1.54 1.50 1.50 1.50 1.50 1.49 1.49 1.49 1.49 1.57 1.57 1.57 1.57 1.59 1.59 1.59 1.59 1.55 1.55 1.55 1.55 1.49 1.49 1.49 1.49 1.42 1.42 1.42 1.42 1.36 1.36 1.36 1.36 1.40 1.40 1.40 1.40 1.53 1.53 1.53 1.53 1.57 1.57 1.57 1.57 1.47 1.47 1.47 1.47 1.45 1.45 1.45 1.45 1.42 1.42 1.42 1.42
1.78 1.78 1.78 1.78 1.78 1.78 1.78 1.78 1.79 1.79 1.79 1.79 1.83 1.83 1.83 1.83 1.73 1.73 1.73 1.73 1.60 1.60 1.60 1.60 1.54 1.54 1.54 1.54 1.50 1.50 1.50 1.50 1.49 1.49 1.49 1.49 1.57 1.57 1.57 1.57 1.59 1.59 1.59 1.59 1.55 1.55 1.55 1.55 1.49 1.49 1.49 1.49 1.42 1.42 1.42 1.42 1.36 1.36 1.36 1.36 1.40 1.40 1.40 1.40 1.53 1.53 1.53 1.53 1.57 1.57 1.57 1.57 1.47 1.47 1.47 1.47 1.45 1.45 1.45 1.45 1.42 1.42 1.42 1.42
1.78 1.78 1.78 1.78 1.78 1.78 1.78 1.78 1.79 1.79 1.79 1.79 1.83 1.83 1.83 1.83 1.73 1.73 1.73 1.73 1.60 1.60 1.60 1.60 1.54 1.54 1.54 1.54 1.50 1.50 1.50 1.50 1.49 1.49 1.49 1.49 1.57 1.57 1.57 1.57 1.59 1.59 1.59 1.59 1.55 1.55 1.55 1.55 1.49 1.49 1.49 1.49 1.42 1.42 1.42 1.42 1.36 1.36 1.36 1.36 1.40 1.40 1.40 1.40 1.53 1.53 1.53 1.53 1.57 1.57 1.57 1.57 1.47 1.47 1.47 1.47 1.45 1.45 1.45 1.45 1.42 1.42 1.42 1.42
1.78 1.78 1.78 1.78 1.78 1.78 1.78 1.78 1.79 1.79 1.79 1.79 1.83 1.83 1.83 1.83 1.73 1.73 1.73 1.73 1.60 1.60 1.60 1.60 1.54 1.54 1.54 1.54 1.50 1.50 1.50 1.50 1.49 1.49 1.49 1.49 1.57 1.57 1.57 1.57 1.59 1.59 1.59 1.59 1.55 1.55 1.55 1.55 1.49 1.49 1.49 1.49 1.42 1.42 1.42 1.42 1.36 1.36 1.36 1.36 1.40 1.40 1.40 1.40 1.53 1.53 1.53 1.53 1.57 1.57 1.57 1.57 1.47 1.47 1.47 1.47 1.45 1.45 1.45 1.45 1.42 1.42 1.42 1.42
1.83 1.83 1.83 1.83 1.78 1.78 1.78 1.78 1.75 1.75 1.75 1.75 1.73 1.73 1.73 1.73 1.56 1.56 1.56 1.56 1.46 1.46 1.46 1.46 1.40 1.40 1.40 1.40 1.41 1.41 1.41 1.41 1.50 1.50 1.50 1.50 1.55 1.55 1.55 1.55 1.54 1.54 1.54 1.54 1.49 1.49 1.49 1.49 1.39 1.39 1.39 1.39 1.32 1.32 1.32 1.32 1.30 1.30 1.30 1.30 1.40 1.40 1.40 1.40 1.56 1.56 1.56 1.56 1.58 1.58 1.58 1.58 1.48 1.48 1.48 1.48 1.44 1.44 1.44 1.44 1.37 1.37 1.37 1.37
2.08 2.08 1.83 1.83 1.78 1.78 1.78 1.78 1.75 1.75 1.75 1.75 1.73 1.73 1.73 1.73 1.56 1.56 1.56 1.56 1.46 1.46 1.46 1.46 1.40 1.40 1.40 1.40 1.41 1.41 1.41 1.41 1.50 1.50 1.50 1.50 1.55 1.55 1.55 1.55 1.54 1.54 1.54 1.54 1.49 1.49 1.49 1.49 1.39 1.39 1.39 1.39 1.32 1.32 1.32 1.32 1.30 1.30 1.30 1.30 1.40 1.40 1.40 1.40 1.56 1.56 1.56 1.56 1.58 1.58 1.58 1.58 1.48 1.48 1.48 1.48 1.44 1.44 1.44 1.44 1.37 1.37 1.37 1.37
2.08 2.08 2.08 2.08 2.03 2.03 1.77 1.77 1.74 1.74 1.74 1.74 1.71 1.71 1.71 1.71 1.54 1.54 1.54 1.54 1.44 1.44 1.44 1.44 1.39 1.39 1.39 1.39 1.40 1.40 1.40 1.40 1.48 1.48 1.48 1.48 1.53 1.53 1.53 1.53 1.52 1.52 1.52 1.52 1.47 1.47 1.47 1.47 1.37 1.37 1.37 1.37 1.31 1.31 1.31 1.31 1.28 1.28 1.28 1.28 1.38 1.38 1.38 1.38 1.53 1.53 1.53 1.53 1.55 1.55 1.55 1.55 1.45 1.45 1.45 1.45 1.41 1.41 1.41 1.41 1.34 1.34 1.34 1.34
2.08 2.08 2.08 2.08 2.03 2.03 2.03 2.03 2.00 1.74 1.74 1.74 1.71 1.71 1.71 1.71 1.54 1.54 1.54 1.54 1.44 1.44 1.44 1.44 1.39 1.39 1.39 1.39 1.40 1.40 1.40 1.40 1.48 1.48 1.48 1.48 1.53 1.53 1.53 1.53 1.52 1.52 1.52 1.52 1.47 1.47 1.47 1.47 1.37 1.37 1.37 1.37 1.31 1.31 1.31 1.31 1.28 1.28 1.28 1.28 1.38 1.38 1.38 1.38 1.53 1.53 1.53 1.53 1.55 1.55 1.55 1.55 1.45 1.45 1.45 1.45 1.41 1.41 1.41 1.41 1.34 1.34 1.34 1.34
2.06 2.06 2.06 2.06 1.99 1.99 1.99 1.99 1.97 1.97 1.97 1.97 1.64 1.64 1.64 1.64 1.48 1.48 1.48 1.48 1.36 1.36 1.36 1.36 1.31 1.31 1.31 1.31 1.39 1.39 1.39 1.39 1.53 1.53 1.53 1.53 1.53 1.53 1.53 1.53 1.51 1.51 1.51 1.51 1.49 1.49 1.49 1.49 1.35 1.35 1.35 1.35 1.26 1.26 1.26 1.26 1.30 1.30 1.30 1.30 1.47 1.47 1.47 1.47 1.57 1.57 1.57 1.57 1.56 1.56 1.56 1.56 1.51 1.51 1.51 1.51 1.44 1.44 1.44 1.44 1.30 1.30 1.30 1.30
2.06 2.06 2.06 2.06 1.99 1.99 1.99 1.99 1.97 1.97 1.97 1.97 1.90 1.90 1.90 1.64 1.48 1.48 1.48 1.48 1.36 1.36 1.36 1.36 1.31 1.31 1.31 1.03 1.39 1.39 1.39 1.39 1.53 1.53 1.53 1.53 1.53 1.53 1.53 1.53 1.51 1.51 1.51 1.51 1.49 1.49 1.49 1.49 1.35 1.35 1.35 1.35 1.26 1.26 1.26 0.00 1.30 1.30 1.30 1.30 1.47 1.47 1.47 1.47 1.57 1.57 1.57 1.57 1.56 1.56 1.56 1.56 1.51 1.51 1.51 1.51 1.44 1.44 1.44 1.44 1.30 1.30 1.30 1.30
2.06 2.06 2.06 2.06 1.99 1.99 1.99 1.99 1.97 1.97 1.97 1.97 1.90 1.90 1.90 1.90 1.75 1.75 1.75 1.48 1.36 1.36 1.36 1.36 1.31 1.31 1.31 0.00 0.00 0.00 1.39 0.00 1.53 1.53 1.53 1.53 1.53 1.53 1.53 1.53 1.51 1.51 1.51 1.51 1.49 1.49 1.49 1.49 1.35 1.35 1.35 1.35 1.26 1.26 1.26 1.26 1.30 1.30 1.30 1.30 1.47 1.47 1.47 1.47 1.57 1.57 1.57 1.57 1.56 1.56 1.56 1.56 1.51 1.51 1.51 1.51 1.44 1.44 1.44 1.44 1.30 1.30 1.30 1.30
2.06 2.06 2.06 2.06 1.99 1.99 1.99 1.99 1.97 1.97 1.97 1.97 1.90 1.90 1.90 1.90 1.75 1.75 1.75 1.75 1.62 1.62 1.36 1.36 1.31 1.31 1.31 0.00 0.00 0.00 0.00 1.39 1.53 1.53 1.53 1.53 1.53 1.53 1.53 1.53 1.51 1.51 1.51 1.51 1.49 1.49 1.49 1.49 1.35 1.35 1.35 1.35 1.26 1.26 1.26 1.26 1.30 1.30 1.30 1.30 1.47 1.47 1.47 1.47 1.57 1.57 1.57 1.57 1.56 1.56 1.56 1.56 1.51 1.51 1.51 1.51 1.44 1.44 1.44 1.44 1.30 1.30 1.30 1.30
2.05 2.05 2.05 2.05 1.97 1.97 1.97 1.97 1.96 1.96 1.96 1.96 1.90 1.90 1.90 1.90 1.72 1.72 1.72 1.72 1.57 1.57 1.57 1.57 1.57 1.30 0.00 0.00 0.00 0.00 1.43 1.43 1.55 1.55 1.55 1.55 1.53 1.53 1.53 1.53 1.50 1.50 1.50 1.50 1.53 1.53 1.53 1.53 1.40 1.40 1.40 1.40 1.28 1.28 1.28 1.28 1.36 1.36 1.36 1.36 1.52 1.52 1.52 1.52 1.57 1.57 1.57 1.57 1.58 1.58 1.58 1.58 1.57 1.57 1.57 1.57 1.46 1.46 1.46 1.46 1.33 1.33 1.33 1.33
2.05 2.05 2.05 2.05 1.97 1.97 1.97 1.97 1.96 1.96 1.96 1.96 1.90 1.90 1.90 1.90 1.72 1.72 1.72 1.72 1.57 1.57 1.57 1.57 0.00 1.57 1.57 0.00 0.00 0.00 1.43 1.43 1.55 1.55 1.55 1.55 1.53 1.53 1.53 1.53 1.50 1.50 1.50 1.50 1.53 1.53 1.53 1.53 1.40 1.40 1.40 1.40 1.28 1.28 0.00 0.00 1.36 1.36 1.36 1.36 1.52 1.52 1.52 1.52 1.57 1.57 1.57 1.57 1.58 1.58 1.58 1.58 1.57 1.57 1.57 1.57 1.46 1.46 1.46 1.46 1.33 1.33 1.33 1.33
2.05 2.05 2.05 2.05 1.97 1.97 1.97 1.97 1.96 1.96 1.96 1.96 1.90 1.90 1.90 1.90 1.72 1.72 1.72 1.72 1.57 0.00 0.00 0.00 0.00 1.57 1.57 0.00 1.69 1.39 1.69 1.69 1.55 1.55 1.55 1.55 1.53 1.53 1.53 1.53 1.50 1.50 1.50 1.50 1.53 1.53 1.53 1.53 1.40 1.40 1.40 1.40 1.28 1.28 0.00 0.00 1.36 1.36 1.36 1.36 1.52 1.52 1.52 1.52 1.57 1.57 1.57 1.57 1.58 1.58 1.58 1.58 1.57 1.57 1.57 1.57 1.46 1.46 1.46 1.46 1.33 1.33 1.33 1.33
2.05 2.05 2.05 2.05 1.97 1.97 1.97 1.97 1.96 1.96 1.96 1.96 1.90 1.90 1.90 1.90 1.72 1.72 1.72 1.72 0.00 0.00 0.00 0.00 0.00 1.57 1.57 1.57 1.69 1.69 1.39 1.69 1.82 1.82 1.82 1.55 1.53 1.53 1.53 1.53 1.50 1.50 1.50 1.50 1.53 1.53 1.53 1.53 1.40 1.40 1.40 1.40 1.28 1.28 1.28 0.00 1.36 1.36 1.36 1.36 1.52 1.52 1.52 1.52 1.57 1.19 1.19 1.57 1.58 1.58 1.58 1.58 1.57 1.57 1.57 1.57 1.46 1.46 1.46 1.46 1.33 1.33 1.33 1.33
2.02 2.02 2.02 2.02 1.97 1.97 1.97 1.97 1.97 1.97 1.97 1.97 1.89 1.89 1.89 1.89 1.73 1.73 1.73 1.73 0.00 0.00 0.00 0.00 0.00 1.58 1.58 1.58 1.39 1.69 0.00 1.69 1.80 1.80 1.80 1.80 1.79 1.79 1.52 1.52 1.49 1.49 1.49 1.49 1.56 1.56 1.56 1.56 1.48 1.48 1.48 1.48 0.00 0.00 1.34 0.00 1.41 1.41 1.41 1.41 1.52 1.52 1.52 1.52 1.53 0.00 0.00 1.53 1.60 1.60 1.60 1.60 1.62 1.62 1.62 1.62 1.46 1.46 1.46 1.46 1.32 1.32 1.32 1.32
2.02 2.02 2.02 2.02 1.97 1.97 1.97 1.97 1.97 1.97 1.97 1.97 0.00 1.89 1.89 1.89 1.73 1.73 1.73 1.73 0.00 0.00 0.00 0.00 0.00 0.00 0.00 0.00 0.00 1.69 0.00 1.69 1.80 1.80 1.80 1.80 1.79 0.00 1.79 1.79 1.75 1.75 1.49 1.49 1.56 1.56 1.56 1.56 1.48 1.48 1.48 1.48 1.34 0.00 0.00 0.00 1.41 1.41 1.41 1.41 1.52 1.17 1.52 1.52 1.53 1.53 1.53 1.53 1.60 1.60 1.60 1.60 1.62 1.62 1.62 1.62 1.46 1.46 1.46 1.46 1.32 1.32 1.32 1.32
2.02 2.02 1.55 0.00 1.97 1.97 1.97 1.97 1.97 1.97 1.97 1.97 1.89 0.00 0.00 0.00 0.00 0.00 0.00 1.73 0.00 0.00 0.00 0.00 0.00 0.00 0.00 0.00 0.00 0.00 1.69 1.69 1.80 1.80 1.80 1.80 1.79 0.00 0.00 1.79 1.75 1.75 1.75 1.75 1.82 1.56 1.56 1.56 1.48 1.48 1.48 1.48 1.34 0.00 0.00 0.00 1.41 1.41 1.41 1.10 1.17 1.17 1.17 1.17 1.53 1.53 1.53 1.53 1.60 1.60 1.60 1.60 1.62 1.62 1.62 1.62 1.46 1.46 1.46 1.46 1.32 1.32 1.32 1.32
1.55 0.00 0.00 0.00 1.97 1.97 1.97 1.97 1.97 1.97 1.97 1.97 1.89 1.89 0.00 0.00 0.00 0.00 1.73 0.00 0.00 0.00 0.00 0.00 0.00 0.00 0.00 0.00 0.00 0.00 0.00 1.69 1.80 1.80 1.80 0.00 0.00 0.00 0.00 0.00 1.75 1.75 0.00 0.00 1.82 1.82 1.82 1.82 1.48 1.48 1.48 1.48 1.34 0.00 0.00 0.00 1.41 1.41 1.41 1.41 1.17 1.17 0.00 1.17 1.53 1.53 1.53 1.53 1.60 1.60 1.60 1.60 1.62 1.62 1.62 1.62 1.46 1.46 1.46 1.46 1.32 1.32 1.32 1.32
1.99 0.00 0.00 0.00 1.98 1.98 1.98 1.98 1.98 1.98 1.98 1.98 1.87 1.87 1.87 1.87 0.00 1.73 0.00 0.00 0.00 0.00 0.00 0.00 0.00 0.00 0.00 0.00 0.00 0.00 0.00 1.73 1.77 1.77 1.77 0.00 0.00 0.00 0.00 0.00 1.78 1.78 0.00 0.00 0.00 1.84 1.84 1.84 1.82 1.82 1.82 1.55 1.43 1.43 0.00 0.00 1.10 1.41 1.41 1.41 1.50 1.15 1.50 1.50 1.54 1.54 1.54 1.54 1.64 1.64 1.64 1.64 1.64 1.64 1.64 1.64 1.47 1.47 1.47 1.47 1.29 1.29 1.29 1.29
0.00 1.53 0.00 0.00 0.00 1.98 1.98 0.00 1.98 1.98 1.98 1.98 1.87 1.87 1.87 1.87 1.73 1.73 1.73 1.73 0.00 0.00 0.00 0.00 0.00 0.00 0.00 0.00 0.00 0.00 0.00 1.73 1.77 1.77 1.77 1.77 0.00 0.00 0.00 0.00 1.78 0.00 0.00 0.00 0.00 0.00 1.84 1.84 1.82 1.82 1.82 1.82 1.69 1.69 1.69 0.00 0.00 0.00 1.41 1.41 1.15 0.00 1.50 1.50 1.54 1.54 1.54 1.17 1.64 1.64 1.64 1.64 1.64 1.64 1.64 1.64 1.47 1.47 1.47 1.47 1.29 1.29 1.29 0.00
0.00 0.00 0.00 0.00 1.49 1.92 1.92 1.92 1.92 1.92 1.92 1.92 1.82 1.82 1.82 1.82 1.69 1.69 0.00 0.00 0.00 0.00 0.00 0.00 0.00 0.00 0.00 0.00 0.00 0.00 0.00 0.00 0.00 0.00 1.73 1.73 1.76 1.76 1.76 0.00 1.74 1.74 0.00 0.00 0.00 0.00 1.79 1.79 1.77 1.77 1.77 1.77 1.65 1.65 1.65 0.00 0.00 0.00 1.38 1.38 1.45 1.45 1.45 1.45 1.49 1.49 1.49 1.49 1.58 1.58 1.58 1.58 1.58 1.58 1.58 1.58 1.43 1.43 1.43 1.43 1.26 1.26 0.00 0.00
0.00 0.00 0.00 0.00 0.00 1.92 1.92 1.92 1.92 1.92 1.92 1.92 1.82 0.00 0.00 0.00 0.00 0.00 0.00 0.00 0.00 0.00 0.00 0.00 0.00 0.00 0.00 0.00 0.00 0.00 0.00 0.00 0.00 0.00 0.00 1.73 1.76 0.00 0.00 0.00 1.74 0.00 0.00 0.00 0.00 0.00 1.79 1.79 1.77 1.77 1.77 1.77 1.65 1.65 1.65 0.00 0.00 0.00 0.00 1.64 1.72 1.45 1.45 1.45 1.49 1.49 1.49 1.49 1.58 1.58 1.58 1.58 1.58 1.58 1.58 0.00 1.43 1.43 1.43 1.43 1.26 1.26 1.26 1.26
0.00 0.00 0.00 0.00 1.51 1.97 1.97 1.97 1.95 1.95 1.95 1.95 0.00 0.00 0.00 0.00 0.00 0.00 0.00 0.00 0.00 0.00 0.00 0.00 0.00 0.00 0.00 0.00 0.00 0.00 0.00 0.00 0.00 0.00 0.00 1.75 1.81 0.00 0.00 0.00 1.78 0.00 0.00 0.00 0.00 0.00 0.00 1.80 1.80 1.80 1.80 1.80 1.70 1.70 1.70 0.00 0.00 0.00 0.00 1.67 1.74 0.00 0.00 1.74 1.54 1.54 1.54 1.54 1.59 1.59 1.59 1.59 1.57 1.57 1.57 1.57 1.50 1.50 1.50 1.50 1.32 1.32 0.00 0.00
1.97 0.00 0.00 0.00 1.97 1.97 1.97 1.97 1.95 1.95 1.95 1.95 0.00 0.00 0.00 0.00 0.00 0.00 0.00 0.00 0.00 0.00 0.00 0.00 0.00 0.00 0.00 0.00 0.00 0.00 0.00 0.00 0.00 0.00 0.00 0.00 1.81 0.00 0.00 0.00 0.00 0.00 0.00 0.00 0.00 0.00 0.00 1.80 1.80 1.80 1.80 1.80 1.70 1.70 1.70 1.70 0.00 0.00 1.67 1.67 1.74 0.00 1.41 0.00 1.44 1.80 1.80 1.80 1.59 1.59 1.59 1.59 1.57 1.57 1.57 1.57 1.14 1.50 1.50 1.50 1.32 0.00 0.00 0.00
1.97 1.97 1.97 1.97 1.97 1.97 1.97 0.00 1.95 1.95 1.50 1.95 1.80 0.00 0.00 0.00 0.00 0.00 0.00 0.00 0.00 0.00 0.00 0.00 0.00 0.00 0.00 0.00 0.00 0.00 0.00 0.00 0.00 0.00 0.00 0.00 1.81 1.81 0.00 0.00 0.00 0.00 0.00 0.00 0.00 0.00 0.00 1.80 1.80 1.80 1.80 1.43 1.39 1.70 1.70 0.00 0.00 0.00 1.67 1.67 1.74 0.00 1.41 0.00 0.00 1.80 1.80 1.80 1.85 1.85 1.85 1.59 1.57 1.57 1.57 1.57 1.50 1.50 1.50 1.50 1.32 1.32 0.00 0.00
1.97 1.97 1.97 0.00 0.00 0.00 1.97 1.97 0.00 1.95 1.95 1.95 0.00 0.00 0.00 0.00 0.00 0.00 0.00 0.00 0.00 0.00 0.00 0.00 0.00 0.00 0.00 0.00 0.00 0.00 0.00 0.00 0.00 0.00 0.00 0.00 0.00 0.00 0.00 0.00 0.00 0.00 0.00 0.00 0.00 0.00 0.00 0.00 1.80 1.80 1.80 1.43 0.00 1.70 1.58 0.00 0.00 1.67 1.67 1.67 0.00 1.41 0.00 0.00 0.00 0.00 1.80 1.80 1.47 1.85 1.85 1.85 1.84 1.84 1.57 1.57 1.50 1.50 1.50 1.50 1.32 1.32 1.32 0.00
1.96 1.96 1.96 0.00 0.00 0.00 1.98 1.98 1.98 0.00 0.00 0.00 0.00 0.00 0.00 0.00 0.00 0.00 0.00 0.00 0.00 0.00 0.00 0.00 0.00 0.00 0.00 0.00 0.00 0.00 0.00 0.00 0.00 0.00 0.00 1.83 0.00 0.00 0.00 0.00 0.00 0.00 0.00 0.00 0.00 0.00 1.82 1.82 1.81 1.81 1.81 0.00 0.00 1.72 1.40 0.00 0.00 0.00 1.72 1.72 1.80 0.00 0.00 0.00 0.00 0.00 1.81 1.81 1.82 1.82 1.82 1.82 1.83 1.83 1.83 1.83 1.82 1.82 1.55 1.55 1.41 1.41 1.41 0.00
1.96 1.96 1.96 1.96 0.00 0.00 1.98 1.98 1.98 1.98 0.00 0.00 0.00 0.00 0.00 0.00 0.00 0.00 0.00 0.00 0.00 0.00 0.00 0.00 0.00 0.00 0.00 0.00 0.00 0.00 0.00 0.00 0.00 1.83 0.00 0.00 0.00 0.00 1.86 1.86 1.81 0.00 0.00 0.00 0.00 1.82 1.82 1.82 1.81 1.81 1.81 0.00 0.00 1.72 1.72 0.00 0.00 0.00 1.72 1.72 1.80 1.80 0.00 0.00 1.45 0.00 1.81 1.81 1.82 1.82 1.82 1.82 1.83 1.83 1.83 1.83 1.82 1.82 1.82 1.82 1.68 1.41 1.41 0.00
