New_Model_Runs/14_Future_RCP8.5_Scn1_out/post_prcessed_with_MFR/Monthly_summaries/interception_monthly_SEP.asc
NCOLS 700
NROWS 400
XLLCENTER 515000.000000
YLLCENTER 8409000.000000
CELLSIZE 50.000000
NODATA_value -999.000000
[rows 190 to 227 of 400, columns 252 to 335 of 700]
1.11 1.11 1.11 1.11 1.06 1.06 1.06 1.06 1.12 1.12 1.12 1.12 1.27 1.27 1.27 1.27 1.38 1.38 1.38 1.38 1.44 1.44 1.44 1.44 1.37 1.37 1.37 1.37 1.14 1.14 1.14 1.14 0.93 0.93 0.93 0.93 0.98 0.98 0.98 0.98 0.93 0.93 0.93 0.93 1.11 1.11 1.11 1.11 1.54 1.54 1.54 1.54 1.88 1.88 1.88 1.88 1.75 1.75 1.75 1.75 1.53 1.53 1.53 1.53 1.39 1.39 1.39 1.39 1.27 1.27 1.27 1.27 1.30 1.30 1.30 1.30 1.37 1.37 1.37 1.37 1.50 1.50 0.00 0.00
1.11 1.11 1.11 1.11 1.06 1.06 1.06 1.06 1.12 1.12 1.12 1.12 1.27 1.27 1.27 1.27 1.38 1.38 1.38 1.38 1.44 1.44 1.44 1.44 1.37 1.37 1.37 1.37 1.14 1.14 1.14 1.14 0.93 0.93 0.93 0.93 0.84 0.84 0.98 0.98 0.93 0.93 0.93 0.93 1.11 1.11 1.11 1.11 1.54 1.54 1.54 1.54 1.88 1.88 1.88 1.88 1.75 1.75 1.75 1.75 1.53 1.53 1.53 1.53 1.39 1.39 1.39 1.39 1.27 1.27 1.27 1.27 1.30 1.30 1.30 1.30 1.37 1.37 1.37 1.37 1.50 1.50 1.50 1.50
1.22 1.22 1.22 1.22 1.27 1.27 1.27 1.27 1.48 1.48 1.48 1.48 1.66 1.66 1.66 1.66 1.58 1.58 1.58 1.58 1.46 1.46 1.46 1.46 1.35 1.35 1.35 1.35 1.31 1.31 1.31 1.31 1.26 1.26 1.26 1.26 1.22 1.22 1.22 1.36 1.36 1.36 1.36 1.36 1.59 1.59 1.59 1.59 1.81 1.81 1.81 1.81 1.80 1.80 1.80 1.80 1.61 1.61 1.61 1.61 1.45 1.45 1.45 1.45 1.29 1.29 1.29 1.29 1.20 1.20 1.20 1.20 1.15 1.15 1.15 1.15 1.11 1.11 1.11 1.11 1.29 1.29 1.29 1.29
1.22 1.22 1.22 1.22 1.27 1.27 1.27 1.27 1.48 1.48 1.48 1.48 1.66 1.66 1.66 1.66 1.58 1.58 1.58 1.58 1.46 1.46 1.46 1.46 1.35 1.35 1.35 1.35 1.31 1.31 1.31 1.31 1.26 1.26 1.26 1.26 1.22 1.22 1.22 1.22 1.22 1.36 1.36 1.36 1.59 1.59 1.59 1.59 1.81 1.81 1.81 1.81 1.80 1.80 1.80 1.80 1.61 1.61 1.61 1.61 1.45 1.45 1.45 1.45 1.29 1.29 1.29 1.29 1.20 1.20 1.20 1.20 1.15 1.15 1.15 1.15 1.11 1.11 1.11 1.11 1.29 1.29 1.29 1.29
1.31 1.31 1.31 1.31 1.34 1.34 1.34 1.34 1.56 1.56 1.56 1.56 1.75 1.75 1.75 1.75 1.66 1.66 1.66 1.66 1.47 1.47 1.47 1.47 1.35 1.35 1.35 1.35 1.31 1.31 1.31 1.31 1.26 1.26 1.26 1.26 1.19 1.19 1.19 1.19 1.20 1.20 1.34 1.34 1.56 1.56 1.56 1.56 1.77 1.77 1.77 1.77 1.73 1.73 1.73 1.73 1.56 1.56 1.56 1.56 1.41 1.41 1.41 1.41 1.25 1.25 1.25 1.25 1.13 1.13 1.13 1.13 1.09 1.09 1.09 1.09 1.05 0.86 1.05 1.05 1.21 1.21 1.21 1.21
1.31 1.31 1.31 1.31 1.34 1.34 1.34 1.34 1.56 1.56 1.56 1.56 1.75 1.75 1.75 1.75 1.66 1.66 1.66 1.66 1.47 1.47 1.47 1.47 1.35 1.35 1.35 1.35 1.31 1.31 1.31 1.31 1.26 1.26 1.26 1.26 1.19 1.19 1.19 1.19 1.20 1.20 1.20 1.34 1.56 1.56 1.56 1.56 1.77 1.77 1.77 1.77 1.73 1.73 1.73 1.73 1.56 1.56 1.12 1.56 1.41 1.41 1.41 1.41 1.25 1.25 1.25 1.25 1.13 1.13 1.13 1.13 1.09 1.09 1.09 1.09 1.05 1.05 1.05 1.05 1.21 1.21 1.21 1.21
1.34 1.34 1.34 1.34 1.60 1.60 1.60 1.60 1.81 1.81 1.81 1.81 1.58 1.58 1.58 1.58 1.24 1.24 1.24 1.24 1.18 1.18 1.18 1.18 1.16 1.16 1.16 1.16 1.16 1.16 1.16 1.16 1.14 1.14 1.14 1.14 1.22 1.22 1.22 1.22 1.39 1.39 1.39 1.39 1.53 1.67 1.67 1.67 1.72 1.72 1.72 1.72 1.63 1.63 1.63 1.63 1.51 1.51 1.51 1.51 1.40 1.40 1.40 1.40 1.24 1.24 1.24 1.24 1.09 1.09 1.09 1.09 0.93 0.93 0.93 0.93 0.91 0.91 0.91 0.91 1.18 1.18 1.18 1.18
1.34 1.34 1.34 1.34 1.60 1.60 1.60 1.60 1.81 1.81 1.81 1.81 1.58 1.58 1.58 1.58 1.24 1.24 1.24 1.24 1.18 1.18 1.18 1.18 1.16 1.16 1.16 1.16 1.16 1.16 1.16 1.16 1.14 1.14 1.14 1.14 1.22 1.22 1.22 1.22 1.39 1.39 1.39 1.39 1.53 1.53 1.67 1.67 1.72 1.72 1.72 1.72 1.63 1.63 1.63 1.63 0.00 0.00 1.51 1.51 1.40 1.40 1.40 1.40 1.24 1.24 1.24 1.24 1.09 1.09 1.09 1.09 0.93 0.93 0.93 0.93 0.91 0.91 0.91 0.91 1.18 1.18 1.18 1.18
1.34 1.34 1.34 1.34 1.60 1.60 1.60 1.60 1.81 1.81 1.81 1.81 1.58 1.58 1.58 1.58 1.24 1.24 1.24 1.24 1.18 1.18 1.18 1.18 1.16 1.16 1.16 1.16 1.16 1.16 1.16 1.16 1.14 1.14 1.14 1.14 1.22 1.22 1.22 1.22 1.39 1.39 1.39 1.39 1.53 1.53 1.53 1.53 1.72 1.72 1.72 1.72 1.63 1.63 1.63 1.63 1.51 1.51 1.51 1.51 1.40 1.40 1.40 1.40 1.24 1.24 1.24 1.24 1.09 1.09 1.09 1.09 0.93 0.93 0.93 0.93 0.91 0.91 0.91 0.91 1.18 1.18 1.18 1.18
1.34 1.34 1.34 1.34 1.60 1.60 1.60 1.60 1.81 1.81 1.81 1.81 1.58 1.58 1.58 1.58 1.24 1.24 1.24 1.24 1.18 1.18 1.18 1.18 1.16 1.16 1.16 1.16 1.16 1.16 1.16 1.16 1.14 1.14 1.14 1.14 1.22 1.22 1.22 1.22 1.39 1.39 1.39 1.39 1.53 1.53 1.53 1.53 1.58 1.72 1.72 1.72 1.63 1.63 1.63 1.63 1.51 1.51 1.51 1.51 1.40 1.40 1.40 1.40 1.24 1.24 1.24 1.24 1.09 1.09 1.09 1.09 0.93 0.93 0.93 0.93 0.91 0.91 0.91 0.91 1.18 1.18 1.18 1.18
1.43 1.43 1.43 1.43 1.75 1.75 1.75 1.75 1.66 1.66 1.66 1.66 1.17 1.17 1.17 1.17 0.90 0.90 0.90 0.90 0.92 0.92 0.92 0.92 0.96 0.96 0.96 0.96 0.89 0.89 0.89 0.89 0.87 0.87 0.87 0.87 1.08 1.08 1.08 1.08 1.33 1.33 1.33 1.33 1.50 1.50 1.50 1.50 1.54 1.54 1.54 1.68 1.46 1.46 1.46 1.46 1.35 1.35 1.35 1.35 1.33 1.33 1.33 1.33 1.25 1.25 1.25 1.25 1.07 1.07 1.07 1.07 0.93 0.93 0.93 0.93 0.96 0.96 0.96 0.96 1.25 1.25 1.25 1.25
1.43 1.43 1.43 1.43 1.75 1.75 1.75 1.75 1.66 1.66 1.66 1.66 1.17 1.17 1.17 1.17 0.90 0.90 0.90 0.90 0.92 0.92 0.92 0.92 0.96 0.96 0.96 0.96 0.89 0.89 0.89 0.89 0.87 0.87 0.87 0.87 1.08 1.08 1.08 1.08 1.33 1.33 1.33 1.33 1.50 1.50 1.50 1.50 1.54 1.54 1.54 1.54 1.46 1.46 1.46 1.46 1.35 1.35 1.35 1.35 1.33 1.33 1.33 1.33 1.25 1.25 1.25 1.25 1.07 1.07 1.07 1.07 0.93 0.93 0.93 0.93 0.96 0.96 0.96 0.96 1.25 1.25 1.25 1.25
1.43 1.43 1.43 1.43 1.75 1.75 1.75 1.75 1.66 1.66 1.66 1.66 1.17 1.17 1.17 1.17 0.90 0.90 0.90 0.90 0.92 0.92 0.92 0.92 0.96 0.96 0.96 0.96 0.89 0.89 0.89 0.89 0.87 0.87 0.87 0.87 1.08 1.08 1.08 1.08 1.33 1.33 1.33 1.33 1.50 1.50 1.50 1.50 1.54 1.54 1.54 1.54 1.31 1.46 1.46 1.46 1.35 1.35 1.35 1.35 1.33 1.33 1.33 1.33 1.25 1.25 1.25 1.25 1.07 1.07 1.07 1.07 0.93 0.93 0.93 0.93 0.96 0.96 0.96 0.96 1.25 1.25 1.25 1.25
1.43 1.43 1.43 1.43 1.75 1.75 1.75 1.75 1.66 1.66 1.66 1.66 1.17 1.17 1.17 1.17 0.90 0.90 0.90 0.90 0.92 0.92 0.92 0.92 0.96 0.96 0.96 0.96 0.89 0.89 0.89 0.89 0.87 0.87 0.87 0.87 1.08 1.08 1.08 1.08 1.33 1.33 1.33 1.33 1.50 1.50 1.50 1.50 1.54 1.54 1.54 1.54 1.31 1.31 1.31 1.46 1.35 1.35 1.35 1.35 1.33 1.33 1.33 1.33 1.25 1.25 1.25 1.25 1.07 1.07 1.07 1.07 0.93 0.93 0.93 0.93 0.96 0.96 0.96 0.96 1.25 1.25 1.25 1.25
1.50 1.50 1.50 1.50 1.80 1.80 1.80 1.80 1.51 1.51 1.51 1.51 1.01 1.01 1.01 1.01 0.81 0.81 0.81 0.81 0.80 0.80 0.80 0.80 0.79 0.79 0.79 0.79 0.77 0.77 0.77 0.77 0.91 0.91 0.91 0.91 1.16 1.16 1.16 1.16 1.37 1.37 1.37 1.37 1.53 1.53 1.53 1.53 1.42 1.42 1.42 1.42 1.22 1.22 1.22 1.22 1.25 1.25 1.25 1.25 1.18 1.18 1.18 1.18 1.12 1.12 1.12 1.12 1.01 1.01 1.01 1.01 0.92 0.92 0.92 0.92 1.03 1.03 1.03 1.03 1.34 1.34 1.34 1.34
1.97 1.50 1.50 1.50 1.80 1.80 1.80 1.80 1.51 1.51 1.51 1.51 1.01 1.01 1.01 1.01 0.81 0.81 0.81 0.81 0.80 0.80 0.80 0.80 0.79 0.79 0.79 0.79 0.77 0.77 0.77 0.77 0.91 0.91 0.91 0.91 1.16 1.16 1.16 1.16 1.37 1.37 1.37 1.37 1.53 1.53 1.53 1.53 1.42 1.42 1.42 1.42 1.22 1.22 1.22 1.22 1.11 1.11 1.25 1.25 1.18 1.18 1.18 1.18 1.12 1.12 1.12 1.12 1.01 1.01 1.01 1.01 0.92 0.92 0.92 0.92 1.03 1.03 1.03 1.03 1.34 1.34 1.34 1.34
1.97 1.50 1.50 1.50 1.80 1.80 1.80 1.80 1.51 1.51 1.51 1.51 1.01 1.01 1.01 1.01 0.81 0.81 0.81 0.81 0.80 0.80 0.80 0.80 0.79 0.79 0.79 0.79 0.77 0.77 0.77 0.77 0.91 0.91 0.91 0.91 1.16 1.16 1.16 1.16 1.37 1.37 1.37 1.37 1.53 1.53 1.53 1.53 1.42 1.42 1.42 1.42 1.22 1.22 1.22 1.22 1.11 1.11 1.11 1.25 1.18 1.18 1.18 1.18 1.12 1.12 1.12 1.12 1.01 1.01 1.01 1.01 0.92 0.92 0.92 0.92 1.03 1.03 1.03 1.03 1.34 1.34 1.34 1.34
1.97 1.50 1.50 1.50 1.80 1.80 1.80 1.80 1.51 1.51 1.51 1.51 1.01 1.01 1.01 1.01 0.81 0.81 0.81 0.81 0.80 0.80 0.80 0.80 0.79 0.79 0.79 0.79 0.77 0.77 0.77 0.77 0.91 0.91 0.91 0.91 1.16 1.16 1.16 1.16 1.37 1.37 1.37 1.37 1.53 1.53 1.53 1.53 1.42 1.42 1.42 1.42 1.22 1.22 1.22 1.22 1.11 1.11 1.11 1.11 1.04 1.18 1.18 1.18 1.12 1.12 1.12 1.12 1.01 1.01 1.01 1.01 0.92 0.92 0.00 0.00 1.03 1.03 1.03 1.03 1.34 1.34 1.34 1.34
2.09 2.09 1.62 1.62 1.77 1.77 1.77 1.77 1.25 1.25 1.25 1.25 0.90 0.90 0.90 0.90 0.78 0.78 0.78 0.78 0.72 0.72 0.72 0.72 0.73 0.73 0.73 0.73 0.90 0.90 0.90 0.90 1.15 1.15 1.15 1.15 1.25 1.25 1.25 1.25 1.42 1.42 1.42 1.42 1.48 1.48 1.48 1.48 1.31 1.31 1.31 1.31 1.20 1.20 1.20 1.20 1.04 1.04 1.04 1.04 0.91 0.91 1.06 1.06 0.99 0.99 0.99 0.99 0.87 0.87 0.87 0.87 0.84 0.84 0.00 0.00 1.04 1.04 1.04 1.04 1.40 1.40 1.40 1.40
2.09 2.09 1.62 1.62 1.77 1.77 1.77 1.77 1.25 1.25 1.25 1.25 0.90 0.90 0.90 0.90 0.78 0.78 0.78 0.78 0.72 0.72 0.72 0.72 0.73 0.73 0.73 0.73 0.90 0.90 0.90 0.90 1.15 1.15 1.15 1.15 1.25 1.25 1.25 1.25 1.42 1.42 1.42 1.42 1.48 1.48 1.48 1.48 1.31 1.31 1.31 1.31 1.20 1.20 1.20 1.20 1.04 1.04 1.04 1.04 0.91 0.91 0.91 0.91 0.99 0.99 0.99 0.99 0.87 0.87 0.87 0.87 0.84 0.00 0.00 0.00 0.00 1.04 1.04 1.04 1.40 1.40 1.40 1.40
2.17 2.17 1.68 1.68 1.77 1.77 1.77 1.77 1.25 1.25 1.25 1.25 0.90 0.90 0.90 0.90 0.78 0.78 0.78 0.78 0.71 0.71 0.71 0.71 0.72 0.72 0.72 0.72 0.87 0.87 0.87 0.87 1.11 1.11 1.11 1.11 1.18 1.18 1.18 1.18 1.33 1.33 1.33 1.33 1.38 1.38 1.38 1.38 1.23 1.23 1.23 1.23 1.11 1.11 1.11 1.11 0.97 0.97 0.97 0.97 0.86 0.00 0.86 0.86 0.80 0.94 0.94 0.94 0.84 0.84 0.00 0.00 0.00 0.00 0.00 0.00 0.00 0.98 0.98 0.98 1.30 1.30 1.30 1.30
2.17 2.17 2.17 1.68 1.77 1.77 1.77 1.77 1.25 1.25 1.25 1.25 0.90 0.90 0.90 0.90 0.78 0.78 0.78 0.78 0.71 0.71 0.71 0.71 0.72 0.72 0.72 0.72 0.87 0.87 0.87 0.87 1.11 1.11 1.11 1.11 1.18 1.18 1.18 1.18 1.33 1.33 1.33 1.33 1.38 1.38 1.38 1.38 1.23 1.23 1.23 1.23 1.11 1.11 1.11 1.11 0.97 0.97 0.97 0.97 0.86 0.86 0.86 0.00 0.80 0.80 0.94 0.94 0.84 0.84 0.00 0.00 0.00 0.81 0.81 0.81 0.98 0.98 0.98 0.98 1.30 1.30 1.30 1.30
2.33 2.33 2.33 1.85 1.55 1.55 1.55 1.55 0.98 0.98 0.98 0.98 0.81 0.81 0.81 0.81 0.75 0.75 0.75 0.75 0.72 0.72 0.72 0.72 0.80 0.80 0.80 0.80 1.05 1.05 1.05 1.05 1.18 1.18 1.18 1.18 1.20 1.20 1.20 1.20 1.32 1.32 1.32 1.32 1.28 1.28 1.28 1.28 1.16 1.16 1.16 1.16 1.04 1.04 1.04 1.04 0.96 0.96 0.96 0.96 0.86 0.86 0.86 0.68 0.00 0.79 0.79 0.00 0.00 0.85 0.00 0.00 0.00 0.00 0.90 0.90 1.15 1.15 1.15 1.15 1.33 1.33 1.33 1.33
2.33 2.33 2.33 2.33 1.55 1.55 1.55 1.55 0.98 0.98 0.98 0.98 0.81 0.81 0.81 0.81 0.75 0.75 0.75 0.75 0.72 0.72 0.72 0.72 0.80 0.80 0.80 0.80 1.05 1.05 1.05 1.05 1.18 1.18 1.18 1.18 1.20 1.20 1.20 1.20 1.32 1.32 1.32 1.32 1.28 1.28 1.28 1.28 1.16 1.16 1.16 1.16 1.04 1.04 1.04 1.04 0.96 0.96 0.96 0.96 0.86 0.86 0.86 0.86 0.00 0.79 0.79 0.00 0.00 0.00 0.00 0.00 0.00 0.00 0.90 0.90 1.15 1.15 1.15 1.15 1.33 1.33 1.33 1.33
2.33 2.33 2.33 2.33 1.55 1.55 1.55 1.55 0.98 0.98 0.98 0.98 0.81 0.81 0.81 0.81 0.75 0.75 0.75 0.75 0.72 0.72 0.72 0.72 0.80 0.80 0.80 0.80 1.05 1.05 1.05 1.05 1.18 1.18 1.18 1.18 1.20 1.20 1.20 1.20 1.32 1.32 1.32 1.32 1.28 1.28 1.28 1.28 1.16 1.16 1.16 1.16 1.04 1.04 1.04 1.04 0.96 0.96 0.96 0.96 0.86 0.86 0.86 0.00 0.79 0.79 0.79 0.79 0.00 0.00 0.00 0.00 0.00 0.90 0.90 0.90 1.15 1.15 1.15 1.15 1.33 1.33 1.33 1.33
2.33 2.33 2.33 2.33 1.55 1.55 1.55 1.55 0.98 0.98 0.98 0.98 0.81 0.81 0.81 0.81 0.75 0.75 0.75 0.75 0.72 0.72 0.72 0.72 0.80 0.80 0.80 0.80 1.05 1.05 1.05 1.05 1.18 1.18 1.18 1.18 1.20 1.20 1.20 1.20 1.32 1.32 1.32 1.32 1.28 1.28 1.28 1.28 1.16 1.16 1.16 1.16 1.04 1.04 1.04 1.04 0.96 0.96 0.96 0.96 0.86 0.86 0.86 0.86 0.00 0.79 0.79 0.79 0.70 0.00 0.00 0.00 0.00 0.90 0.00 0.90 1.15 1.15 1.15 1.15 1.33 1.33 1.33 1.33
2.28 2.28 2.28 2.28 1.72 1.24 1.24 1.24 0.79 0.79 0.79 0.79 0.72 0.72 0.72 0.72 0.74 0.74 0.74 0.74 0.75 0.75 0.75 0.75 0.85 0.85 0.85 0.85 1.10 1.10 1.10 1.10 1.21 1.21 1.21 1.21 1.20 1.20 1.20 1.20 1.21 1.21 1.21 1.21 1.20 1.20 1.20 1.20 1.17 0.00 1.17 1.17 0.99 0.99 0.99 0.99 0.93 0.93 0.93 0.93 0.92 0.92 0.92 0.92 0.00 0.00 0.00 0.00 0.00 0.00 0.00 0.00 0.00 0.00 0.00 1.05 1.20 1.20 1.20 1.20 1.22 1.22 1.22 1.22
2.28 2.28 2.28 2.28 1.72 1.24 1.24 1.24 0.79 0.79 0.79 0.79 0.72 0.72 0.72 0.72 0.74 0.74 0.74 0.74 0.75 0.75 0.75 0.75 0.85 0.85 0.00 0.85 1.10 1.10 1.10 1.10 1.21 1.21 1.21 1.21 1.20 1.20 1.20 1.20 1.21 1.21 1.21 1.21 1.20 1.20 1.20 1.20 0.84 1.17 1.17 1.17 0.99 0.99 0.99 0.99 0.93 0.93 0.93 0.93 0.92 0.92 0.92 0.92 0.00 0.00 0.00 0.00 0.00 0.00 0.00 0.00 0.00 0.00 0.00 0.00 1.20 1.20 1.20 1.20 1.22 1.22 1.22 0.82
2.28 2.28 2.28 2.28 1.72 1.72 1.24 1.24 0.79 0.79 0.79 0.79 0.00 0.00 0.00 0.00 0.74 0.74 0.74 0.74 0.75 0.75 0.75 0.00 0.00 0.00 0.00 0.85 1.10 1.10 1.10 1.10 1.21 1.21 1.21 1.21 1.20 1.20 1.20 1.20 1.21 1.21 1.21 1.21 1.20 1.20 1.20 1.20 1.17 1.17 1.17 1.17 0.99 0.99 0.99 0.99 0.93 0.93 0.93 0.93 0.92 0.92 0.92 0.71 0.00 0.00 0.00 0.00 0.00 0.00 0.00 0.00 0.00 0.00 0.00 0.00 0.00 0.00 1.35 1.35 1.38 0.00 0.00 0.00
2.28 2.28 2.28 2.28 1.72 1.72 1.24 1.24 0.79 0.79 0.79 0.79 0.00 0.00 0.00 0.00 0.74 0.74 0.74 0.74 0.75 0.00 0.00 0.00 0.00 0.00 0.00 0.00 0.80 1.10 1.10 1.10 1.21 1.21 1.21 0.86 0.00 0.00 1.20 1.20 1.21 1.21 1.21 1.21 1.20 1.20 1.20 1.20 1.17 1.17 1.17 1.17 0.99 0.99 0.99 0.99 0.93 0.93 0.93 0.93 0.92 0.92 0.92 0.92 0.00 0.00 0.00 0.00 0.00 0.00 0.00 0.00 0.00 0.00 0.00 0.00 0.00 0.00 0.00 0.00 0.00 0.00 0.00 0.00
2.08 2.08 2.08 2.08 1.53 1.53 1.05 1.05 0.74 0.74 0.74 0.74 0.00 0.00 0.00 0.00 0.76 0.76 0.76 0.76 0.76 0.00 0.00 0.00 0.00 0.00 0.00 0.00 0.00 1.19 1.19 1.19 1.37 1.37 1.37 1.37 0.00 0.00 1.15 1.15 1.05 1.05 1.05 1.05 1.17 1.17 1.17 1.17 1.18 1.18 1.18 1.18 0.97 0.97 0.97 0.97 0.90 0.90 0.90 0.69 0.72 0.95 0.95 0.95 0.70 0.00 0.00 0.00 0.00 0.00 0.00 0.00 0.00 0.00 0.00 0.00 0.00 0.00 0.00 0.00 0.00 0.00 0.00 0.00
2.08 2.08 2.08 2.08 1.53 1.53 1.53 1.05 0.74 0.74 0.74 0.74 0.00 0.00 0.00 0.70 0.76 0.76 0.76 0.76 0.76 0.00 0.00 0.00 0.00 0.00 0.00 0.00 0.00 1.19 1.19 1.19 1.37 1.37 1.37 1.37 0.00 0.00 0.82 1.15 1.05 1.05 1.05 1.05 1.17 1.17 1.17 1.17 1.18 1.18 1.18 1.18 0.97 0.97 0.00 0.00 0.00 0.90 0.69 0.00 0.00 0.00 0.95 0.95 0.91 0.00 0.00 0.00 0.00 0.00 0.00 0.00 0.00 0.00 0.00 0.00 0.00 0.00 0.00 0.00 0.00 0.00 0.00 0.00
2.08 2.08 2.08 2.08 1.53 1.53 1.53 1.05 0.74 0.74 0.74 0.74 0.00 0.00 0.00 0.70 0.76 0.76 0.76 0.76 0.76 0.00 0.00 0.00 0.00 0.00 0.00 0.00 1.19 1.19 1.19 1.19 0.94 1.37 1.37 1.37 0.00 0.00 0.00 1.15 1.05 0.78 1.05 1.05 1.17 1.17 1.17 1.17 1.18 1.18 1.18 0.00 0.97 0.97 0.00 0.00 0.00 0.00 0.00 0.00 0.00 0.00 0.95 0.95 0.91 0.00 0.00 0.00 0.00 0.00 0.00 0.00 0.00 0.00 0.00 0.00 0.00 0.00 0.00 0.00 0.00 0.00 0.00 0.00
2.08 2.08 2.08 2.08 1.53 1.53 1.53 1.18 0.74 0.74 0.74 0.69 0.00 0.00 0.00 0.70 0.76 0.76 0.76 0.76 0.76 0.00 0.00 0.00 0.00 0.00 0.85 0.85 1.19 1.19 1.19 1.19 0.94 1.37 0.94 1.37 1.15 1.15 0.00 0.00 0.00 0.00 0.78 1.05 1.17 1.17 1.17 1.17 1.18 1.18 1.18 0.00 0.97 0.00 0.00 0.00 0.00 0.00 0.00 0.00 0.00 0.72 0.00 0.95 0.00 0.00 0.00 0.00 0.00 0.00 0.00 0.00 0.00 0.00 0.00 0.00 0.00 0.00 0.00 0.00 0.00 0.00 0.00 0.00
1.93 1.93 1.93 1.93 1.45 1.45 1.45 1.45 0.73 0.45 0.73 0.00 0.00 0.00 0.00 0.74 0.80 0.80 0.80 0.80 0.79 0.79 0.00 0.00 0.00 0.94 0.94 0.94 1.36 1.36 1.36 1.36 0.98 0.00 0.00 1.45 1.11 1.11 0.00 0.00 0.00 0.00 0.00 1.02 1.15 1.15 1.15 1.15 1.13 1.13 1.13 0.00 0.00 0.00 0.00 0.00 0.00 0.00 0.00 0.00 0.00 0.00 0.00 0.00 0.00 0.00 0.00 0.00 0.00 0.00 0.00 0.00 0.00 0.00 0.00 0.00 0.00 0.00 0.00 0.00 0.00 0.00 0.00 0.00
1.93 1.93 1.93 1.93 1.45 1.45 1.45 1.45 0.00 0.00 0.00 0.00 0.00 0.00 0.74 0.74 0.80 0.80 0.80 0.80 0.79 0.79 0.00 0.00 0.00 0.94 0.94 0.94 1.36 1.36 1.36 0.00 1.45 0.00 0.00 1.45 1.11 1.11 1.11 0.00 0.00 0.00 0.00 1.02 1.15 1.15 1.15 1.15 1.13 1.13 1.13 1.13 0.98 0.00 0.00 0.00 0.00 0.00 0.00 0.00 0.00 0.00 0.00 0.00 0.00 0.00 0.00 0.00 0.00 0.00 0.00 0.00 0.00 0.00 0.00 0.00 0.00 0.00 0.00 0.00 0.00 0.00 0.00 0.00
1.88 1.88 1.88 1.88 1.42 1.42 1.42 1.42 1.19 0.00 0.00 0.00 0.61 0.61 0.61 0.72 0.78 0.78 0.78 0.00 0.77 0.77 0.00 0.00 0.00 0.91 0.91 0.91 1.30 1.30 1.30 0.00 0.00 0.00 0.00 1.39 1.06 1.06 1.06 1.06 0.00 0.00 0.00 0.00 0.00 1.10 1.10 1.10 0.00 1.08 0.79 0.00 0.93 0.00 0.00 0.00 0.00 0.00 0.00 0.00 0.00 0.00 0.00 0.00 0.00 0.00 0.00 0.00 0.00 0.00 0.00 0.00 0.00 0.00 0.00 0.00 0.00 0.00 0.00 0.00 0.00 0.00 0.00 0.00
1.88 1.88 1.88 1.88 1.42 1.42 1.42 1.42 1.19 0.00 0.00 0.00 0.00 0.00 0.61 0.72 0.78 0.78 0.00 0.00 0.00 0.00 0.00 0.00 0.91 0.91 0.91 0.91 1.30 1.30 1.30 0.00 0.00 0.00 0.00 0.00 1.06 1.06 1.06 0.00 0.00 0.00 0.00 0.00 1.10 1.10 1.10 1.10 0.79 0.00 0.47 0.00 0.00 0.00 0.00 0.00 0.00 0.00 0.00 0.00 0.00 0.00 0.00 0.00 0.00 0.00 0.00 0.00 0.00 0.00 0.00 0.00 0.00 0.00 0.00 0.00 0.00 0.00 0.00 0.00 0.00 0.00 0.00 0.00
