New_Model_Runs/14_Future_RCP8.5_Scn1_out/post_prcessed_with_MFR/Monthly_summaries/interception_monthly_OCT.asc
NCOLS 700
NROWS 400
XLLCENTER 515000.000000
YLLCENTER 8409000.000000
CELLSIZE 50.000000
NODATA_value -999.000000
[rows 190 to 227 of 400, columns 168 to 251 of 700]
1.39 1.39 0.00 0.00 0.00 1.40 1.40 1.40 1.52 1.52 1.52 1.52 1.63 1.63 1.63 1.63 1.61 1.61 1.61 1.61 1.58 1.58 1.58 1.58 1.63 1.63 1.63 1.63 1.72 1.72 1.72 1.72 1.81 1.81 1.81 1.81 1.81 1.81 1.81 1.81 1.75 1.75 1.75 1.75 1.68 1.68 1.68 1.68 1.60 1.60 1.60 1.60 1.62 1.62 1.62 1.62 1.69 1.69 1.69 1.69 1.63 1.63 1.63 1.63 1.55 1.55 1.24 1.55 1.56 1.56 1.56 1.32 1.38 1.38 1.38 1.38 1.45 1.45 1.45 1.56 1.59 1.59 1.59 1.59
1.39 1.39 1.39 1.15 1.40 1.40 1.40 1.40 1.52 1.52 1.52 1.52 1.63 1.63 1.63 1.63 1.61 1.61 1.61 1.61 1.58 1.58 1.58 1.58 1.63 1.63 1.63 1.63 1.72 1.72 1.72 1.72 1.81 1.81 1.81 1.81 1.81 1.81 1.81 1.81 1.75 1.75 1.75 1.75 1.68 1.68 1.68 1.68 1.60 1.60 1.60 1.60 1.62 1.62 1.62 1.62 1.69 1.69 1.69 1.69 1.63 1.63 1.63 1.63 1.55 1.55 1.55 1.55 1.56 1.56 1.56 1.32 1.38 1.38 1.38 1.38 1.45 1.45 1.45 1.56 1.59 1.59 1.59 1.59
1.38 1.38 1.38 1.14 1.42 1.42 1.42 1.42 1.55 1.55 1.55 1.55 1.65 1.65 1.65 1.65 1.62 1.62 1.62 1.62 1.59 1.59 1.59 1.59 1.65 1.65 1.65 1.65 1.71 1.71 1.71 1.71 1.79 1.79 1.79 1.79 1.84 1.84 1.84 1.84 1.82 1.82 1.82 1.82 1.70 1.70 1.70 1.70 1.57 1.57 1.57 1.57 1.61 1.61 1.61 1.61 1.72 1.72 1.72 1.72 1.70 1.70 1.70 1.70 1.57 1.57 1.57 1.57 1.55 1.55 1.31 1.31 1.41 1.41 1.41 1.41 1.46 1.46 1.46 1.56 1.61 1.61 1.61 1.61
1.38 1.38 1.38 1.38 1.42 1.42 1.42 1.42 1.55 1.55 1.55 1.55 1.65 1.65 1.65 1.65 1.62 1.62 1.62 1.62 1.59 1.59 1.59 1.59 1.65 1.65 1.65 1.65 1.71 1.71 1.71 1.71 1.79 1.79 1.79 1.79 1.84 1.84 1.84 1.84 1.82 1.82 1.82 1.82 1.70 1.70 1.70 1.70 1.57 1.57 1.57 1.57 1.61 1.61 1.61 1.61 1.72 1.72 1.72 1.72 1.70 1.70 1.70 1.70 1.57 1.57 1.57 1.57 1.55 1.55 1.31 1.31 1.41 1.41 1.41 1.41 1.46 1.46 1.46 1.46 1.61 1.61 1.61 1.61
1.44 1.44 1.44 1.44 1.49 1.49 1.49 1.49 1.64 1.64 1.64 1.64 1.76 1.76 1.76 1.76 1.73 1.73 1.73 1.73 1.69 1.69 1.69 1.69 1.75 1.75 1.75 1.75 1.83 1.83 1.83 1.83 1.93 1.93 1.93 1.93 1.99 1.99 1.99 1.99 1.93 1.93 1.93 1.93 1.80 1.80 1.80 1.80 1.64 1.64 1.64 1.64 1.69 1.69 1.69 1.69 1.80 1.80 1.80 1.80 1.77 1.77 1.77 1.77 1.63 1.63 1.63 1.63 1.61 1.61 1.36 1.36 1.46 1.46 1.46 1.46 1.52 1.52 1.52 1.52 1.66 1.66 1.66 1.66
1.44 1.44 1.44 1.44 1.49 1.49 1.49 1.49 1.64 1.64 1.64 1.64 1.76 1.76 1.76 1.76 1.73 1.73 1.73 1.73 1.69 1.69 1.69 1.69 1.75 1.75 1.75 1.75 1.83 1.83 1.83 1.83 1.93 1.93 1.93 1.93 1.99 1.99 1.99 1.99 1.93 1.93 1.93 1.93 1.80 1.80 1.80 1.80 1.64 1.64 1.64 1.64 1.69 1.69 1.69 1.69 1.80 1.80 1.80 1.80 1.77 1.77 1.77 1.77 1.63 1.63 1.63 1.63 1.61 1.36 1.36 1.36 1.46 1.46 1.46 1.46 1.52 1.52 1.52 1.52 1.57 1.66 1.66 1.66
1.49 1.49 1.49 1.49 1.52 1.52 1.52 1.52 1.66 1.66 1.66 1.66 1.77 1.77 1.77 1.77 1.76 1.76 1.76 1.76 1.71 1.71 1.71 1.71 1.78 1.78 1.78 1.78 1.87 1.87 1.87 1.87 1.98 1.98 1.98 1.98 2.05 2.05 2.05 2.05 1.94 1.94 1.94 1.94 1.77 1.77 1.77 1.77 1.65 1.65 1.65 1.65 1.72 1.72 1.72 1.72 1.84 1.84 1.84 1.84 1.76 1.76 1.76 1.76 1.58 1.58 1.58 1.58 1.57 1.32 1.32 1.32 1.44 1.44 1.44 1.44 1.54 1.54 1.54 1.54 1.56 1.65 1.65 1.65
1.49 1.49 1.49 1.49 1.52 1.52 1.52 1.52 1.66 1.66 1.66 1.66 1.77 1.77 1.77 1.77 1.76 1.76 1.76 1.76 1.71 1.71 1.71 1.71 1.78 1.78 1.78 1.78 1.87 1.87 1.87 1.87 1.98 1.98 1.98 1.98 2.05 2.05 2.05 2.05 1.94 1.94 1.94 1.94 1.77 1.77 1.77 1.77 1.65 1.65 1.65 1.65 1.72 1.72 1.72 1.72 1.84 1.84 1.84 1.84 1.76 1.76 1.76 1.76 1.58 1.58 1.58 1.58 1.57 1.32 1.32 1.32 1.44 1.44 1.44 1.44 1.54 1.54 1.54 1.54 1.56 1.65 1.65 1.65
1.49 1.49 1.49 1.49 1.52 1.52 1.52 1.52 1.66 1.66 1.66 1.66 1.77 1.77 1.77 1.77 1.76 1.76 1.76 1.76 1.71 1.71 1.71 1.71 1.78 1.78 1.78 1.78 1.87 1.87 1.87 1.87 1.98 1.98 1.98 1.98 2.05 2.05 2.05 2.05 1.94 1.94 1.94 1.94 1.77 1.77 1.77 1.77 1.65 1.65 1.65 1.65 1.72 1.72 1.72 1.72 1.84 1.84 1.84 1.84 1.76 1.76 1.76 1.76 1.58 1.58 1.58 1.58 1.32 1.32 1.32 1.32 1.44 1.44 1.44 1.44 1.54 1.54 1.54 1.54 1.56 1.56 1.65 1.65
1.49 1.49 1.49 1.49 1.52 1.52 1.52 1.52 1.66 1.66 1.66 1.66 1.77 1.77 1.77 1.77 1.76 1.76 1.76 1.76 1.71 1.71 1.71 1.71 1.78 1.78 1.78 1.78 1.87 1.87 1.87 1.87 1.98 1.98 1.98 1.98 2.05 2.05 2.05 2.05 1.94 1.94 1.94 1.94 1.77 1.77 1.77 1.77 1.65 1.65 1.65 1.65 1.72 1.72 1.72 1.72 1.84 1.84 1.84 1.84 1.76 1.76 1.76 1.76 1.58 1.58 1.58 1.58 1.32 1.32 1.32 1.32 1.44 1.44 1.44 1.44 1.54 1.54 1.54 1.54 1.56 1.56 1.65 1.65
1.56 1.56 1.56 1.56 1.56 1.56 1.56 1.56 1.66 1.66 1.66 1.66 1.77 1.77 1.77 1.77 1.78 1.78 1.78 1.78 1.77 1.77 1.77 1.77 1.84 1.84 1.84 1.84 1.96 1.96 1.96 1.96 2.07 2.07 2.07 2.07 1.98 1.98 1.98 1.98 1.80 1.80 1.80 1.80 1.69 1.69 1.69 1.69 1.63 1.63 1.63 1.63 1.74 1.74 1.74 1.74 1.84 1.84 1.84 1.84 1.68 1.68 1.68 1.68 1.52 1.52 1.52 1.52 1.28 1.28 1.28 1.28 1.40 1.40 1.40 1.40 1.51 1.51 1.51 1.51 1.56 1.56 1.56 1.65
1.56 1.56 1.56 1.56 1.56 1.56 1.56 1.56 1.66 1.66 1.66 1.66 1.77 1.77 1.77 1.77 1.78 1.78 1.78 1.78 1.77 1.77 1.77 1.77 1.84 1.84 1.84 1.84 1.96 1.96 1.96 1.96 2.07 2.07 2.07 2.07 1.98 1.98 1.98 1.98 1.80 1.80 1.80 1.80 1.69 1.69 1.69 1.69 1.63 1.63 1.63 1.63 1.74 1.74 1.74 1.74 1.84 1.84 1.84 1.84 1.68 1.68 1.68 1.68 1.52 1.52 1.52 1.27 1.28 1.28 1.28 1.28 1.40 1.40 1.40 1.40 1.51 1.51 1.51 1.51 1.56 1.56 1.56 1.65
1.56 1.56 1.56 1.56 1.56 1.56 1.56 1.56 1.66 1.66 1.66 1.66 1.77 1.77 1.77 1.77 1.78 1.78 1.78 1.78 1.77 1.77 1.77 1.77 1.84 1.84 1.84 1.84 1.96 1.96 1.96 1.96 2.07 2.07 2.07 2.07 1.98 1.98 1.98 1.98 1.80 1.80 1.80 1.80 1.69 1.69 1.69 1.69 1.63 1.63 1.63 1.63 1.74 1.74 1.74 1.74 1.84 1.84 1.84 1.84 1.68 1.68 1.68 1.68 1.52 1.52 1.52 1.27 1.28 1.28 1.28 1.28 1.40 1.40 1.40 1.40 1.51 1.51 1.51 1.51 1.56 1.56 1.56 1.65
1.56 1.56 1.56 1.56 1.56 1.56 1.56 1.56 1.66 1.66 1.66 1.66 1.77 1.77 1.77 1.77 1.78 1.78 1.78 1.78 1.77 1.77 1.77 1.77 1.84 1.84 1.84 1.84 1.96 1.96 1.96 1.96 2.07 2.07 2.07 2.07 1.98 1.98 1.98 1.98 1.80 1.80 1.80 1.80 1.69 1.69 1.69 1.69 1.63 1.63 1.63 1.63 1.74 1.74 1.74 1.74 1.84 1.84 1.84 1.84 1.68 1.68 1.68 1.68 1.52 1.52 1.52 1.27 1.28 1.28 1.28 1.28 1.40 1.40 1.40 1.40 1.51 1.51 1.51 1.51 1.56 1.56 1.56 1.56
1.66 1.66 1.66 1.66 1.65 1.65 1.65 1.65 1.72 1.72 1.72 1.72 1.79 1.79 1.79 1.79 1.83 1.83 1.83 1.83 1.83 1.83 1.83 1.83 1.89 1.89 1.89 1.89 2.03 2.03 2.03 2.03 2.00 2.00 2.00 2.00 1.77 1.77 1.77 1.77 1.63 1.63 1.63 1.63 1.58 1.58 1.58 1.58 1.60 1.60 1.60 1.60 1.80 1.80 1.80 1.80 1.82 1.82 1.82 1.82 1.59 1.59 1.59 1.59 1.49 1.49 1.24 1.24 1.30 1.30 1.30 1.30 1.43 1.43 1.43 1.43 1.53 1.53 1.53 1.53 1.59 1.59 1.59 1.59
1.66 1.66 1.66 1.66 1.65 1.65 1.65 1.65 1.72 1.72 1.72 1.72 1.79 1.79 1.79 1.79 1.83 1.83 1.83 1.83 1.83 1.83 1.83 1.83 1.89 1.89 1.89 1.89 2.03 2.03 2.03 2.03 2.00 2.00 2.00 2.00 1.77 1.77 1.77 1.77 1.63 1.63 1.63 1.63 1.58 1.58 1.58 1.58 1.60 1.60 1.60 1.60 1.80 1.80 1.80 1.80 1.82 1.82 1.82 1.82 1.59 1.59 1.59 1.59 1.49 1.49 1.24 1.24 1.30 1.30 1.30 1.30 1.43 1.43 1.43 1.43 1.53 1.53 1.53 1.53 1.59 1.59 1.59 1.59
1.66 1.66 1.66 1.66 1.65 1.65 1.65 1.65 1.72 1.72 1.72 1.72 1.79 1.79 1.79 1.79 1.83 1.83 1.83 1.83 1.83 1.83 1.83 1.83 1.89 1.89 1.89 1.89 2.03 2.03 2.03 2.03 2.00 2.00 2.00 2.00 1.77 1.77 1.77 1.77 1.63 1.63 1.63 1.63 1.58 1.58 1.58 1.58 1.60 1.60 1.60 1.60 1.80 1.80 1.80 1.80 1.82 1.82 1.82 1.82 1.59 1.59 1.59 1.59 1.49 1.49 1.24 1.24 1.30 1.30 1.30 1.30 1.43 1.43 1.43 1.43 1.53 1.53 1.53 1.53 1.59 1.59 1.59 1.59
1.66 1.66 1.66 1.66 1.65 1.65 1.65 1.65 1.72 1.72 1.72 1.72 1.79 1.79 1.79 1.79 1.83 1.83 1.83 1.83 1.83 0.00 1.83 1.83 1.89 1.89 1.89 1.89 2.03 2.03 2.03 2.03 2.00 2.00 2.00 2.00 1.77 1.77 1.77 1.77 1.63 1.63 1.63 1.63 1.58 1.58 1.58 1.58 1.60 1.60 1.60 1.60 1.80 1.80 1.80 1.80 1.82 1.82 1.82 1.82 1.59 1.59 1.59 1.59 1.49 1.24 1.24 1.24 1.30 1.30 1.30 1.30 1.43 1.43 1.43 1.43 1.53 1.53 1.53 1.53 1.59 1.59 1.59 1.59
1.75 1.75 1.75 1.75 1.77 1.77 1.77 1.77 1.80 1.80 1.80 1.80 1.83 1.83 1.83 1.83 1.88 1.88 1.88 1.88 1.89 0.00 1.89 1.89 1.93 1.93 1.93 1.93 1.98 1.98 1.98 0.00 0.00 1.88 1.88 1.88 1.68 1.68 1.68 1.68 1.56 1.56 1.56 1.56 1.55 1.55 1.55 1.55 1.70 1.70 1.70 1.70 1.88 1.88 1.88 1.88 1.71 1.71 1.71 1.71 1.51 1.51 1.51 1.51 1.53 1.28 1.28 1.28 1.41 1.41 1.41 1.41 1.50 1.50 1.50 1.50 1.54 1.54 1.54 1.54 1.61 1.61 1.61 1.61
1.75 1.75 1.75 1.75 1.77 1.77 1.77 1.77 1.80 1.80 1.80 1.80 1.83 1.83 1.83 1.83 1.88 0.00 0.00 0.00 0.00 0.00 1.89 1.89 1.93 1.93 1.93 1.93 1.98 1.98 1.98 0.00 0.00 1.88 1.88 1.88 1.68 1.68 1.68 1.68 1.56 1.56 1.56 1.56 1.55 1.55 1.55 1.55 1.70 1.70 1.70 1.70 1.88 1.88 1.88 1.88 1.71 1.71 1.71 1.71 1.51 1.51 1.51 1.51 1.53 1.28 1.28 1.28 1.41 1.41 1.41 1.41 1.50 1.50 1.50 1.50 1.54 1.54 1.54 1.54 1.61 1.61 1.61 1.61
1.87 1.87 1.87 1.87 1.88 1.88 1.88 1.88 1.91 1.91 1.91 1.91 1.95 1.95 1.95 1.95 0.00 0.00 0.00 0.00 0.00 2.02 2.02 2.02 2.06 2.06 2.06 2.06 2.12 2.12 2.12 1.61 1.99 1.99 1.99 1.99 1.76 1.76 1.76 1.76 1.62 1.62 1.62 1.62 1.61 1.61 1.61 1.61 1.79 1.79 1.79 1.79 1.99 1.99 1.99 1.99 1.78 1.78 1.78 1.78 1.56 1.56 1.56 1.56 1.32 1.32 1.32 1.32 1.46 1.46 1.46 1.46 1.53 1.53 1.53 1.53 1.58 1.58 1.58 1.58 1.65 1.65 1.65 1.65
1.87 1.87 1.87 1.87 1.88 1.88 1.88 1.88 1.91 1.91 1.91 1.91 1.95 1.95 1.95 1.95 0.00 0.00 0.00 1.55 2.02 2.02 2.02 2.02 2.06 2.06 0.00 0.00 0.00 2.12 2.12 2.12 1.99 1.99 1.99 1.99 1.76 1.76 1.76 1.76 1.62 1.62 1.62 1.62 1.61 1.61 1.61 1.61 1.79 1.79 1.79 1.79 1.99 1.99 1.99 1.99 1.78 1.78 1.78 1.78 1.56 1.56 1.56 1.56 1.32 1.32 1.32 1.32 1.46 1.46 1.46 1.46 1.53 1.53 1.53 1.53 1.58 1.58 1.58 1.58 1.65 1.65 1.65 1.65
1.89 1.89 1.89 1.89 1.93 1.93 1.93 1.93 1.97 1.97 1.97 1.97 1.99 0.00 0.00 0.00 0.00 2.04 0.00 0.00 0.00 2.02 2.02 2.02 2.01 0.00 0.00 0.00 0.00 0.00 0.00 0.00 1.91 1.91 1.91 1.91 1.75 1.75 1.75 1.75 1.63 1.63 1.63 1.63 1.69 1.69 1.69 1.69 1.93 1.93 1.93 1.93 1.92 1.92 1.92 1.92 1.66 1.66 1.66 1.66 1.58 1.58 1.58 1.58 1.41 1.41 1.41 1.41 1.53 1.53 1.53 1.53 1.54 1.54 1.54 1.54 1.61 1.61 1.61 1.61 1.73 1.73 1.73 1.73
1.89 1.89 1.89 1.89 1.93 1.93 1.93 1.93 1.97 1.97 1.97 1.97 0.00 0.00 0.00 0.00 0.00 0.00 0.00 0.00 0.00 0.00 2.02 2.02 1.56 0.00 0.00 0.00 0.00 0.00 0.00 0.00 1.91 1.91 1.91 1.91 1.75 1.75 1.75 1.75 1.63 1.63 1.63 1.63 1.69 1.69 1.69 1.69 1.93 1.93 1.93 1.93 1.92 1.92 1.92 1.92 1.66 1.66 1.66 1.66 1.58 1.58 1.58 1.32 1.41 1.41 1.41 1.41 1.53 1.53 1.53 1.53 1.54 1.54 1.54 1.54 1.61 1.61 1.61 1.61 1.73 1.73 1.73 1.73
1.89 1.89 1.89 1.89 1.93 1.93 1.93 1.93 1.97 1.97 1.97 1.97 0.00 0.00 0.00 0.00 0.00 0.00 0.00 0.00 0.00 0.00 2.02 0.00 0.00 0.00 0.00 0.00 0.00 0.00 0.00 0.00 0.00 1.91 1.91 1.91 1.75 1.75 1.75 1.75 1.63 1.63 1.63 1.63 1.69 1.69 1.69 1.69 1.93 1.93 1.93 1.93 1.92 1.92 1.92 1.92 1.66 1.66 1.66 1.66 1.58 1.58 1.58 1.32 1.41 1.41 1.41 1.41 1.53 1.53 1.53 1.53 1.54 1.54 1.54 1.54 1.61 1.61 1.61 1.61 1.73 1.73 1.73 1.73
0.00 0.00 1.89 1.89 1.93 1.93 1.93 1.93 1.97 1.97 1.97 0.00 0.00 1.54 1.54 0.00 0.00 0.00 0.00 0.00 1.56 2.02 0.00 0.00 0.00 0.00 0.00 0.00 0.00 0.00 0.00 0.00 0.00 1.91 1.91 1.91 1.75 1.75 1.75 1.75 1.63 1.63 1.63 1.63 1.69 1.69 1.69 1.69 1.93 1.93 1.93 1.93 1.92 1.92 1.92 1.92 1.66 1.66 1.66 1.66 1.58 1.58 1.58 1.32 1.41 1.41 1.41 1.41 1.53 1.53 1.53 1.53 1.54 1.54 1.54 1.54 1.61 1.61 1.61 1.61 1.73 1.73 1.73 1.73
0.00 0.00 1.87 0.00 1.87 0.00 1.87 0.00 0.00 1.94 1.94 0.00 0.00 1.55 0.00 0.00 0.00 0.00 0.00 0.00 0.00 0.00 0.00 0.00 0.00 0.00 0.00 0.00 0.00 0.00 0.00 0.00 1.83 1.83 1.83 1.83 1.72 1.72 1.72 1.72 1.73 1.73 1.73 1.73 1.90 1.90 1.90 1.90 1.95 1.95 1.95 1.95 1.76 1.76 1.76 1.76 1.65 1.65 1.65 1.65 1.70 1.70 1.44 1.44 1.52 1.52 1.52 1.52 1.52 0.00 1.52 1.52 1.52 1.52 1.52 1.52 1.62 1.62 1.62 1.62 1.82 1.82 1.82 1.82
1.87 0.00 1.87 0.00 1.87 1.87 0.00 0.00 1.94 1.94 1.94 0.00 0.00 0.00 0.00 0.00 0.00 0.00 0.00 0.00 0.00 0.00 0.00 0.00 0.00 0.00 0.00 0.00 0.00 1.90 1.90 1.90 1.83 1.83 1.83 1.83 1.72 1.72 1.72 1.72 1.73 1.73 1.73 1.73 1.90 1.90 1.90 1.90 1.95 1.95 1.95 1.95 1.76 1.76 1.76 1.76 1.65 1.65 1.65 1.65 1.70 1.70 1.44 1.44 1.52 1.52 1.52 1.52 1.52 1.52 1.52 1.52 1.52 1.52 1.52 1.52 1.62 1.62 1.62 1.62 1.82 1.82 1.82 1.82
1.87 0.00 0.00 0.00 1.87 1.87 0.00 0.00 0.00 1.94 1.94 0.00 0.00 0.00 0.00 1.55 0.00 0.00 0.00 0.00 0.00 0.00 0.00 0.00 0.00 0.00 0.00 0.00 1.90 0.00 1.90 1.90 1.83 1.83 1.83 1.83 1.72 1.72 1.72 1.72 1.73 1.73 1.73 1.73 1.90 1.90 1.90 1.90 1.95 1.95 1.95 1.95 1.76 1.76 1.76 1.76 1.65 1.65 1.65 1.65 1.70 1.70 1.44 1.44 1.52 1.52 1.52 1.52 1.52 1.52 1.52 1.52 1.52 1.52 1.52 1.52 1.62 1.62 1.62 1.62 1.82 1.82 1.82 1.82
1.72 0.00 0.00 0.00 1.87 1.87 0.00 0.00 1.94 1.94 0.00 0.00 0.00 1.82 0.00 1.55 0.74 0.00 0.00 0.00 0.00 0.00 0.00 0.00 0.00 0.00 0.00 0.00 0.00 1.90 1.90 1.90 1.83 1.83 1.83 1.83 1.72 1.72 1.41 1.72 1.73 1.73 1.73 1.73 1.90 1.90 1.90 1.90 1.95 1.95 1.95 1.95 1.76 1.76 1.76 1.76 1.65 1.65 1.65 1.65 1.70 1.44 1.44 1.44 1.52 1.52 1.52 1.52 1.52 1.52 1.52 1.52 1.52 1.52 1.52 1.52 1.62 1.62 1.62 1.62 1.82 1.82 1.82 1.82
1.73 1.73 1.73 1.73 0.00 0.00 0.00 0.00 1.92 1.92 1.92 0.00 0.00 0.00 0.00 0.73 1.52 1.52 0.00 0.00 0.00 1.89 0.00 0.00 0.00 0.00 0.00 0.00 0.00 0.00 1.85 1.85 1.83 1.83 1.83 1.83 1.83 1.83 1.83 1.47 1.92 1.92 1.92 1.92 1.97 0.00 0.00 1.97 1.88 1.88 1.88 1.88 1.84 1.84 1.84 1.84 1.81 1.81 1.81 1.81 1.86 1.61 1.61 1.61 1.62 1.62 1.62 1.62 1.56 1.56 1.56 1.56 1.55 1.55 1.55 1.55 1.68 1.68 1.68 1.68 1.88 1.88 1.88 1.88
1.73 1.73 1.73 1.73 1.72 1.72 1.72 0.00 1.77 1.77 1.92 1.92 0.00 0.00 0.00 0.00 0.00 0.00 0.00 0.00 0.00 0.00 1.89 0.00 0.00 0.00 0.00 0.00 0.00 0.00 1.85 0.00 1.83 1.83 1.83 1.83 1.83 1.83 1.47 1.47 1.92 1.92 1.92 0.00 0.00 0.00 0.00 1.97 1.88 1.88 1.88 1.88 1.84 1.84 1.84 1.84 1.81 1.81 1.81 1.81 1.61 1.61 1.61 1.61 1.62 1.62 1.62 1.62 1.56 1.56 1.56 1.56 1.55 1.55 1.55 1.55 1.68 1.68 1.68 1.68 1.88 1.88 1.88 1.88
1.73 1.73 1.73 1.73 1.72 1.72 1.72 0.00 0.00 1.77 1.77 1.77 0.00 0.00 0.00 0.00 0.00 0.00 0.00 0.00 0.00 0.00 0.00 0.00 0.00 0.00 0.00 0.00 0.00 0.00 0.00 0.00 0.00 1.83 1.83 0.00 1.47 1.83 1.47 1.47 0.00 0.00 0.00 0.00 0.00 0.00 0.00 1.97 1.88 1.88 1.88 1.88 1.84 1.84 1.84 1.84 1.81 1.81 1.81 1.81 1.61 1.61 1.61 1.61 1.62 1.62 1.62 0.00 0.00 1.56 1.56 1.56 1.55 1.55 1.55 1.55 1.68 1.68 1.68 1.68 1.88 1.88 1.88 1.88
1.73 1.73 1.73 1.73 1.72 1.72 0.00 0.00 0.00 1.77 1.77 1.48 0.00 0.00 0.00 0.00 0.00 0.00 0.00 0.00 0.00 0.00 0.00 0.00 0.00 0.00 0.00 0.00 0.00 0.00 0.00 0.00 0.00 0.00 1.83 0.00 0.00 0.00 0.00 0.00 0.00 0.00 0.00 0.00 0.00 0.00 1.97 1.97 1.88 1.88 1.88 1.88 1.84 1.84 1.84 1.84 1.81 1.81 1.81 1.81 1.61 1.61 1.61 0.00 0.00 0.00 0.00 0.00 0.00 0.00 0.00 0.00 0.00 0.00 1.55 1.55 1.68 1.68 1.68 1.68 1.88 1.88 1.88 1.88
1.77 0.00 1.77 1.77 1.73 1.73 0.00 1.73 1.75 1.75 1.75 1.75 0.00 0.00 0.00 0.00 0.00 0.00 0.00 0.00 0.00 0.00 0.00 0.00 0.00 0.00 0.00 0.00 0.00 0.00 0.00 0.00 0.00 0.00 0.00 0.00 0.00 0.00 0.00 0.00 0.00 0.00 0.00 0.00 0.00 1.97 1.97 1.97 2.00 2.00 2.00 2.00 2.03 2.03 2.03 2.03 1.95 1.95 1.95 1.70 1.67 1.67 1.67 0.00 0.00 0.00 0.00 0.00 0.00 0.00 0.00 0.00 1.57 1.57 1.57 1.57 1.72 1.72 1.72 1.72 1.82 1.82 1.82 1.82
0.00 1.77 1.77 1.77 0.00 1.73 0.00 1.73 1.75 0.00 0.00 1.75 0.00 0.00 0.00 0.00 0.00 0.00 0.00 0.00 0.00 0.00 0.00 0.00 0.00 0.00 0.00 0.00 0.00 0.00 0.00 0.00 0.00 0.00 0.00 0.00 0.00 0.00 0.00 0.00 0.00 0.00 0.00 0.00 0.00 0.00 0.00 0.00 0.00 0.00 0.00 0.00 0.00 0.00 0.00 2.03 1.95 1.95 1.95 1.70 1.67 1.67 1.67 0.00 0.00 0.00 0.00 1.60 1.57 0.00 1.57 1.57 1.57 1.57 1.57 1.57 1.72 1.72 1.72 1.72 1.82 1.82 1.82 1.82
0.00 0.00 1.80 0.00 0.00 0.00 0.00 1.76 0.00 1.79 0.00 0.00 0.00 0.00 0.00 0.00 0.00 0.00 0.00 0.00 0.00 0.00 0.00 0.00 0.00 0.00 0.00 0.00 0.00 0.00 0.00 0.00 0.00 0.00 0.00 0.00 0.00 0.00 0.00 0.00 0.00 0.00 0.00 0.00 0.00 0.00 0.00 0.00 0.00 0.00 0.00 0.00 0.00 0.00 0.00 0.00 1.98 1.98 1.98 1.72 1.69 1.69 1.69 0.00 0.00 1.62 1.62 1.62 0.00 0.00 0.00 0.00 1.56 1.56 1.56 1.56 1.71 1.71 1.71 1.71 1.80 1.80 1.80 1.80
0.00 1.80 1.80 0.00 0.00 0.00 0.00 0.00 1.79 0.00 0.00 0.00 0.00 0.00 0.00 0.00 0.00 0.00 0.00 0.00 0.00 0.00 0.00 0.00 0.00 0.00 0.00 0.00 0.00 0.00 0.00 0.00 0.00 0.00 0.00 0.00 0.00 0.00 0.00 0.00 0.00 0.00 0.00 0.00 0.00 0.00 0.00 0.00 0.00 0.00 0.00 0.00 0.00 0.00 0.00 0.00 0.00 0.00 1.72 1.72 1.69 0.00 1.69 1.69 0.00 1.62 1.62 1.62 0.00 1.59 1.59 1.59 1.56 1.56 1.56 1.56 1.71 1.71 1.71 1.71 1.80 1.80 1.80 1.80
