New_Model_Runs/14_Future_RCP8.5_Scn1_out/post_prcessed_with_MFR/Monthly_summaries/interception_monthly_JUL.asc
NCOLS 700
NROWS 400
XLLCENTER 515000.000000
YLLCENTER 8409000.000000
CELLSIZE 50.000000
NODATA_value -999.000000
[rows 228 to 265 of 400, columns 168 to 251 of 700]
1.45 0.00 1.45 1.45 0.00 0.00 0.00 0.00 0.00 0.00 0.00 0.00 0.00 0.00 0.00 0.00 0.00 0.00 0.00 0.00 0.00 0.00 0.00 0.00 0.00 0.00 0.00 0.00 0.00 0.00 0.00 0.00 0.00 0.00 0.00 0.00 0.00 0.00 0.00 0.00 0.00 0.00 0.00 0.00 2.20 0.00 0.00 0.00 0.00 0.00 0.00 0.00 0.00 0.00 0.00 0.00 0.00 1.93 2.22 2.22 2.12 0.00 0.00 2.12 0.00 2.03 2.03 2.03 2.05 2.05 2.05 2.05 2.06 2.06 2.06 2.06 2.21 2.21 2.21 2.21 2.33 2.33 0.00 2.33
1.45 0.00 1.45 1.45 0.00 0.00 0.00 0.00 0.00 0.00 0.00 0.00 0.00 0.00 0.00 0.00 0.00 0.00 0.00 0.00 0.00 0.00 0.00 0.00 0.00 0.00 0.00 0.00 0.00 0.00 0.00 0.00 0.00 0.00 0.00 0.00 0.00 0.00 0.00 0.00 0.00 0.00 0.00 0.00 0.00 0.00 0.00 0.00 0.00 0.00 0.00 0.00 0.00 2.13 2.13 2.13 1.93 1.93 2.22 2.22 2.12 2.12 0.00 2.12 2.03 0.00 2.03 2.03 2.05 2.05 2.05 0.00 0.00 0.00 0.00 2.06 2.21 2.21 2.21 2.21 2.33 0.00 0.00 2.33
1.45 1.45 1.45 1.45 1.38 1.38 1.38 1.38 0.00 0.00 0.00 0.00 0.00 0.00 0.00 0.00 0.00 0.00 0.00 0.00 0.00 0.00 0.00 0.00 0.00 0.00 0.00 0.00 0.00 0.00 0.00 0.00 0.00 0.00 0.00 0.00 0.00 0.00 0.00 0.00 0.00 0.00 0.00 0.00 0.00 0.00 0.00 0.00 0.00 0.00 0.00 0.00 0.00 2.13 2.13 2.13 1.93 2.22 2.22 2.22 2.12 2.12 2.12 2.12 2.03 2.03 2.03 2.03 2.05 2.05 0.00 0.00 0.00 0.00 2.06 2.06 2.21 2.21 2.21 2.21 2.33 0.00 0.00 2.33
1.45 1.45 1.45 1.45 1.38 1.38 1.38 1.38 1.43 1.43 1.43 0.00 0.00 0.00 0.00 0.00 0.00 0.00 0.00 0.00 0.00 0.00 0.00 0.00 0.00 0.00 0.00 0.00 0.00 0.00 0.00 0.00 0.00 0.00 0.00 0.00 0.00 0.00 0.00 0.00 0.00 0.00 0.00 0.00 0.00 0.00 0.00 0.00 0.00 2.20 2.20 0.00 0.00 2.13 2.13 2.13 1.93 2.22 2.22 2.22 2.12 2.12 2.12 1.60 0.00 0.00 0.00 2.03 0.00 1.56 2.05 0.00 0.00 2.06 2.06 2.06 2.21 2.21 2.21 2.21 0.00 0.00 2.33 2.33
1.27 1.27 1.27 1.27 1.24 1.24 1.24 1.24 1.34 0.00 1.34 1.03 0.00 0.00 0.00 0.00 0.00 0.00 0.00 0.00 0.00 0.00 0.00 0.00 0.00 0.00 0.00 0.00 0.00 0.00 0.00 0.00 0.00 0.00 0.00 0.00 0.00 1.23 0.00 0.00 0.00 0.00 0.00 0.00 0.00 0.00 1.64 1.64 1.45 2.00 2.00 2.00 1.92 1.92 1.92 1.92 1.81 2.10 2.10 2.10 2.03 2.03 2.03 0.00 0.00 0.00 0.00 0.00 1.96 1.96 0.00 1.52 2.02 2.02 2.02 2.02 2.22 2.22 2.22 2.22 2.30 2.30 2.30 2.30
1.27 1.27 1.27 1.27 1.24 1.24 1.24 1.24 1.34 1.34 1.34 1.03 1.08 1.43 1.43 1.08 0.00 0.00 0.00 0.00 0.00 0.00 0.00 0.00 0.00 0.00 0.00 0.00 0.00 0.00 0.00 0.00 0.00 0.00 0.00 0.00 0.00 0.00 0.00 0.00 0.00 0.00 1.72 0.00 0.00 0.00 1.64 1.64 1.45 0.00 1.09 1.45 1.38 1.92 1.92 1.92 2.10 2.10 2.10 2.10 2.03 2.03 2.03 2.03 0.00 0.00 0.00 0.00 0.00 0.00 0.00 0.00 0.00 2.02 2.02 2.02 2.22 2.22 2.22 2.22 2.30 2.30 2.30 2.30
1.27 1.27 1.27 1.27 1.24 1.24 1.24 1.24 1.34 1.34 1.34 1.34 1.43 1.43 1.43 0.00 0.00 0.00 0.00 0.00 0.00 0.00 0.00 0.00 0.00 0.00 0.00 0.00 0.00 0.00 0.00 0.00 0.00 0.00 0.00 0.00 0.00 0.00 0.00 0.00 1.72 1.72 1.72 1.72 0.00 1.64 1.18 0.00 0.00 0.00 0.00 0.00 0.00 1.38 1.38 1.38 2.10 2.10 2.10 2.10 2.03 2.03 2.03 2.03 0.00 0.00 0.00 0.00 0.00 0.00 0.00 0.00 0.00 2.02 2.02 2.02 0.00 1.63 2.22 2.22 2.30 2.30 2.30 2.30
1.27 1.27 1.27 1.27 1.24 1.24 1.24 1.24 1.34 1.34 1.34 1.34 1.43 1.43 1.43 1.43 0.00 1.51 0.00 0.00 0.00 0.00 0.00 0.00 0.00 0.00 0.00 0.00 0.00 0.00 1.19 0.00 0.00 1.67 1.67 0.00 0.00 0.00 0.00 0.00 1.72 1.72 1.72 1.23 1.64 1.64 1.64 0.00 0.00 0.00 0.00 0.00 0.00 0.00 0.00 0.00 0.00 0.00 0.00 2.10 2.03 2.03 2.03 2.03 1.94 0.00 0.00 0.00 0.00 0.00 0.00 0.00 2.02 2.02 2.02 0.00 0.00 2.22 2.22 2.22 2.30 2.30 2.30 2.30
1.12 1.12 1.12 1.12 1.10 1.10 1.10 1.10 1.22 1.22 1.22 1.22 1.37 1.37 1.37 1.37 1.52 1.52 0.00 0.00 0.00 0.00 0.00 0.00 0.00 0.00 0.00 0.00 0.00 0.00 0.00 1.21 1.74 1.74 0.00 0.00 0.00 0.00 0.00 0.00 0.00 1.64 1.64 1.64 1.39 1.39 1.39 1.39 0.00 1.30 0.00 0.00 0.00 0.00 0.00 0.00 0.00 0.00 2.02 0.00 1.99 1.99 0.00 0.00 0.00 0.00 0.00 0.00 0.00 0.00 2.00 2.00 2.10 2.10 0.00 1.57 2.26 2.26 2.26 2.26 2.21 2.21 2.21 2.21
1.12 1.12 1.12 1.12 1.10 1.10 1.10 1.10 1.22 1.22 1.22 1.22 1.37 1.37 1.37 1.37 1.52 1.52 0.00 0.00 0.00 0.00 0.00 0.00 0.00 0.00 0.00 0.00 0.00 0.00 0.00 0.00 0.00 0.00 1.74 0.00 0.00 0.00 0.00 1.29 1.64 1.64 1.64 1.64 1.39 1.39 1.39 1.39 1.01 0.00 1.30 0.00 0.00 0.00 0.00 0.00 0.00 0.00 0.00 0.00 0.00 0.00 0.00 0.00 0.00 0.00 0.00 0.00 0.00 0.00 0.00 2.00 2.10 2.10 2.10 2.10 2.26 2.26 2.26 2.26 2.21 2.21 2.21 2.21
1.12 1.12 1.12 1.12 1.10 1.10 1.10 1.10 1.22 1.22 1.22 1.22 1.37 1.37 1.37 1.37 1.52 0.00 0.00 0.00 0.00 0.00 0.00 0.00 0.00 0.00 0.00 1.63 0.00 1.21 0.00 1.68 0.00 0.00 0.00 0.00 1.83 0.00 0.00 0.00 1.64 1.64 1.64 1.64 1.39 1.39 0.00 1.39 1.30 0.00 0.00 0.00 0.00 0.00 0.00 0.00 0.00 0.00 0.00 0.00 0.00 0.00 0.00 0.00 0.00 0.00 0.00 0.00 0.00 0.00 0.00 2.00 0.00 2.10 2.10 2.10 2.26 2.26 2.26 2.26 2.21 2.21 2.21 2.21
1.12 1.12 1.12 1.12 1.10 1.10 1.10 1.10 1.22 1.22 1.22 1.22 1.37 1.37 1.37 1.37 1.52 0.00 0.00 0.00 0.00 0.00 0.00 0.00 0.00 0.00 0.00 1.63 1.68 1.68 1.68 1.68 1.74 0.00 1.74 1.24 1.83 0.00 0.00 1.83 1.64 1.64 1.64 1.64 1.39 0.00 0.00 0.00 0.00 1.01 0.00 1.30 0.00 0.00 0.00 0.00 0.00 0.00 0.00 0.00 0.00 0.00 0.00 0.00 0.00 0.00 0.00 0.00 0.00 0.00 0.00 0.00 0.00 2.10 2.10 2.10 2.26 2.26 2.26 2.26 2.21 2.21 2.21 2.21
1.04 1.04 1.04 1.04 1.08 1.08 1.08 1.08 1.24 1.24 1.24 1.24 1.41 1.41 1.41 1.41 0.00 0.00 0.00 0.00 0.00 1.55 1.55 0.00 0.00 0.00 0.00 1.56 1.62 1.62 1.62 1.62 0.00 0.00 0.00 1.74 1.74 0.00 0.00 1.74 1.46 1.46 1.46 1.46 1.31 0.00 0.00 0.00 0.00 0.00 0.00 0.00 0.00 0.00 0.00 0.00 0.00 0.00 0.00 0.00 0.00 0.00 0.00 0.00 0.00 0.00 0.00 0.00 0.00 0.00 0.00 0.00 0.00 2.14 2.14 2.14 2.21 2.21 2.21 2.21 2.10 2.10 2.10 2.10
1.04 1.04 1.04 1.04 1.08 1.08 1.08 1.08 1.24 1.24 1.24 1.24 1.41 1.41 1.41 1.41 0.00 0.00 0.00 0.00 1.14 1.55 1.55 0.00 1.56 1.56 1.56 1.56 1.62 1.62 1.62 1.62 1.74 1.74 1.24 1.74 1.74 1.74 1.24 1.74 1.46 1.46 1.46 1.46 0.00 0.00 0.00 0.00 0.00 0.00 0.00 0.00 0.00 0.00 0.00 0.00 0.00 0.00 0.00 0.00 0.00 0.00 0.00 0.00 0.00 0.00 0.00 0.00 0.00 0.00 0.00 2.08 2.14 2.14 2.14 2.14 2.21 2.21 2.21 2.21 2.10 2.10 2.10 2.10
1.00 1.00 1.00 1.00 1.03 1.03 1.03 1.03 1.17 1.17 1.17 1.17 1.32 1.32 1.32 1.32 1.44 0.00 0.00 1.44 1.44 1.44 1.44 1.44 1.44 1.44 1.44 1.44 1.49 1.49 1.49 1.49 1.59 1.59 1.59 1.59 1.59 1.59 1.59 1.59 1.36 1.36 1.36 1.36 0.00 0.00 0.00 0.00 0.00 0.00 0.00 0.00 0.00 0.00 0.00 0.00 0.00 0.00 0.00 0.00 0.00 0.00 0.00 0.00 0.00 0.00 0.00 0.00 0.00 0.00 0.00 1.99 2.02 2.02 2.02 2.02 2.08 2.08 2.08 2.08 1.99 1.99 1.99 1.99
1.00 1.00 1.00 1.00 1.03 1.03 1.03 1.03 1.17 1.17 1.17 1.17 1.32 1.32 1.32 1.32 1.44 1.44 0.00 1.44 1.44 1.44 1.44 1.44 1.44 1.44 1.44 1.44 1.49 1.49 1.49 1.49 1.59 1.59 1.59 1.59 1.59 1.59 1.59 1.59 1.36 1.36 1.36 0.00 0.00 0.00 0.00 0.00 0.00 1.28 1.28 0.00 0.00 0.00 0.00 0.00 0.00 0.00 0.00 0.00 0.00 0.00 0.00 0.00 0.00 0.00 0.00 0.00 0.00 0.00 0.00 1.99 2.02 2.02 2.02 2.02 2.08 2.08 2.08 0.00 1.99 1.99 1.99 0.00
1.04 1.04 1.04 1.04 1.18 1.18 1.18 1.18 1.33 1.33 1.33 1.33 1.40 1.40 1.40 1.40 1.45 1.45 0.00 0.00 1.40 1.40 1.40 1.40 1.34 1.34 1.34 1.34 1.39 1.39 1.39 1.39 1.52 1.52 1.52 1.52 1.47 1.47 1.47 1.47 1.34 1.34 1.34 0.00 0.00 0.00 0.00 0.00 1.37 1.37 1.37 1.37 0.00 0.00 0.00 0.00 0.00 0.00 0.00 0.00 0.00 0.00 0.00 0.00 0.00 0.00 0.00 0.00 0.00 0.00 0.00 0.00 0.00 1.98 1.98 1.98 2.01 2.01 0.00 0.00 1.95 1.95 1.95 0.00
1.04 1.04 1.04 1.04 1.18 1.18 1.18 1.18 1.33 1.33 1.33 1.33 1.40 1.40 1.40 1.40 1.45 1.45 1.45 1.45 1.40 1.40 1.40 1.40 1.34 1.34 1.34 1.34 1.39 1.39 1.39 1.39 1.52 1.52 1.52 1.52 1.47 1.47 1.47 1.10 1.34 1.34 0.00 0.00 0.00 0.00 1.36 1.36 1.37 0.00 1.37 1.37 0.00 0.00 0.00 0.00 0.00 0.00 0.00 0.00 0.00 0.00 0.00 0.00 0.00 0.00 0.00 0.00 0.00 0.00 0.00 0.00 0.00 0.00 1.98 1.98 2.01 0.00 0.00 0.00 1.48 1.95 1.95 0.00
1.04 1.04 1.04 1.04 1.18 1.18 1.18 1.18 1.33 1.33 1.33 0.00 0.00 0.00 1.40 1.40 1.45 0.00 0.00 1.45 1.40 1.40 1.40 1.40 1.34 1.34 1.34 1.34 1.39 1.39 1.39 1.39 1.52 1.52 1.52 1.52 1.47 1.47 1.47 1.47 1.34 1.34 0.00 0.00 0.00 1.36 1.36 0.00 0.00 0.00 0.00 1.37 0.00 0.00 0.00 0.00 0.00 0.00 0.00 0.00 0.00 0.00 0.00 0.00 0.00 0.00 0.00 0.00 0.00 0.00 0.00 0.00 0.00 0.00 1.98 1.98 2.01 2.01 2.01 2.01 1.95 1.95 0.00 0.00
1.04 1.04 1.04 1.04 1.18 1.18 1.18 1.18 1.33 1.33 1.33 0.00 0.00 0.00 0.00 1.40 1.45 0.00 0.00 1.45 1.40 1.40 1.40 1.40 1.34 1.34 1.34 1.34 1.39 1.39 1.39 1.39 1.52 1.52 1.52 1.52 1.47 1.47 1.47 1.47 1.34 1.34 1.34 0.00 0.00 0.00 1.04 0.00 0.00 0.00 1.37 0.00 0.00 0.00 1.60 0.00 0.00 0.00 0.00 0.00 0.00 0.00 0.00 0.00 0.00 0.00 0.00 0.00 0.00 0.00 0.00 0.00 0.00 0.00 1.98 1.98 0.00 2.01 2.01 2.01 1.95 1.95 0.00 0.00
1.12 1.12 1.12 1.12 1.26 1.26 1.26 1.26 1.40 1.40 1.06 0.00 1.43 0.00 1.43 1.43 0.00 0.00 1.08 1.44 1.38 1.38 1.38 1.38 1.30 1.30 1.30 1.30 1.35 1.35 1.35 1.35 1.41 1.41 1.41 1.41 1.38 1.38 1.38 1.38 1.39 1.39 1.39 1.39 0.00 0.00 1.43 0.00 0.00 0.00 1.36 0.00 0.00 0.00 0.00 0.00 0.00 0.00 0.00 0.00 0.00 0.00 0.00 0.00 0.00 0.00 0.00 0.00 0.00 0.00 0.00 0.00 0.00 0.00 1.96 0.00 0.00 0.00 0.00 0.00 1.88 1.88 0.00 0.00
1.12 1.12 1.12 1.12 1.26 1.26 1.26 1.26 1.40 1.40 0.00 1.06 1.43 1.43 1.43 1.43 1.08 0.00 0.00 1.44 1.38 1.38 1.38 1.38 1.30 1.30 1.30 1.30 1.35 1.35 1.35 1.35 1.41 1.41 1.41 1.41 1.38 1.38 1.38 1.38 1.39 0.00 0.00 0.00 1.43 1.43 0.00 0.00 0.00 0.00 1.04 1.36 0.00 0.00 0.00 0.00 0.00 0.00 0.00 0.00 0.00 0.00 0.00 0.00 0.00 0.00 0.00 0.00 0.00 0.00 0.00 0.00 0.00 0.00 1.96 0.00 0.00 0.00 0.00 0.00 0.00 1.88 0.00 0.00
1.12 1.12 1.12 1.12 1.26 1.26 1.26 1.26 1.40 1.40 1.40 1.06 1.08 1.43 1.43 0.00 1.44 1.44 1.08 1.08 1.38 1.38 1.38 1.38 1.30 1.30 1.30 1.30 1.35 1.35 1.35 1.35 1.41 1.41 1.41 1.41 1.38 1.38 1.38 1.38 1.39 0.00 0.00 0.00 0.00 0.00 0.00 0.00 0.00 0.00 0.00 0.00 0.00 0.00 0.00 0.00 0.00 0.00 0.00 0.00 0.00 0.00 0.00 0.00 0.00 0.00 0.00 0.00 0.00 0.00 0.00 0.00 0.00 0.00 1.76 0.00 0.00 0.00 0.00 0.00 0.00 0.00 0.00 0.00
1.12 1.12 1.12 1.12 1.26 1.26 1.26 1.26 1.40 1.40 1.40 1.06 1.08 1.43 0.00 1.08 1.44 1.08 1.08 1.08 1.38 1.38 1.38 1.38 1.30 1.30 1.30 1.30 1.35 1.35 1.35 1.35 1.41 1.41 1.41 1.41 1.38 1.38 1.38 1.38 1.39 0.00 0.00 0.00 0.00 0.00 0.00 0.00 0.00 1.36 0.00 0.00 0.00 0.00 0.00 0.00 0.00 0.00 0.00 0.00 0.00 0.00 0.00 0.00 0.00 0.00 0.00 0.00 0.00 0.00 0.00 0.00 0.00 1.96 0.00 0.00 0.00 0.00 0.00 0.00 0.00 0.00 0.00 0.00
1.06 1.06 1.06 1.06 1.19 1.19 1.19 1.19 1.38 1.38 1.38 1.38 1.47 1.47 0.00 1.47 1.47 1.10 1.10 1.47 1.36 1.36 1.36 1.36 1.23 1.23 1.23 1.23 1.25 1.25 1.25 1.25 1.28 1.28 1.28 1.28 1.32 1.32 1.32 1.32 1.43 0.00 0.00 0.00 0.00 0.00 0.00 0.00 1.34 1.34 0.00 0.00 0.98 0.00 0.00 0.00 0.00 0.00 0.00 0.00 0.00 0.00 0.00 0.00 0.00 0.00 0.00 0.00 0.00 0.00 0.00 0.00 0.00 0.00 0.00 0.00 0.00 0.00 0.00 0.00 0.00 0.00 0.00 0.00
1.06 1.06 1.06 1.06 1.19 1.19 1.19 1.19 1.38 1.38 1.38 0.00 1.09 0.00 0.00 0.00 1.10 1.10 1.10 1.47 1.36 1.36 1.36 1.36 1.23 1.23 1.23 1.23 1.25 1.25 1.25 1.25 1.28 1.28 1.28 1.28 1.32 1.32 1.32 1.32 1.43 1.43 0.00 0.00 0.00 0.00 0.00 0.00 1.34 0.00 0.00 0.00 0.00 0.00 0.00 1.58 0.00 0.00 0.00 0.00 0.00 0.00 0.00 0.00 0.00 0.00 0.00 0.00 0.00 0.00 0.00 0.00 0.00 0.00 0.00 0.00 0.00 0.00 0.00 0.00 0.00 0.00 0.00 0.00
1.06 1.06 1.06 1.06 1.19 1.19 1.19 1.19 1.38 1.38 1.38 0.00 1.09 0.00 0.00 0.00 1.10 1.47 1.10 1.47 1.36 1.36 1.36 1.36 1.23 1.23 1.23 1.23 1.25 1.25 1.25 1.25 1.28 1.28 1.28 1.28 1.32 1.32 1.32 1.32 1.43 1.43 0.00 0.00 0.00 0.00 0.00 0.00 1.34 0.00 0.00 0.00 0.00 0.00 0.00 0.00 0.00 0.00 0.00 0.00 0.00 0.00 0.00 0.00 0.00 0.00 0.00 0.00 0.00 0.00 0.00 0.00 0.00 0.00 0.00 0.00 0.00 0.00 0.00 0.00 0.00 0.00 0.00 0.00
0.00 1.06 1.06 1.06 1.19 1.19 1.19 1.19 1.38 1.38 1.38 1.38 0.00 0.00 0.00 0.00 0.00 1.10 1.47 1.47 1.36 1.36 1.36 1.36 1.23 1.23 1.23 1.23 1.25 1.25 1.25 1.25 1.28 1.28 1.28 1.28 1.32 1.32 1.32 1.32 1.43 1.43 0.00 0.00 0.00 1.47 1.47 0.00 0.00 0.00 0.00 0.00 0.00 0.00 0.00 0.00 0.00 0.00 0.00 0.00 0.00 0.00 0.00 0.00 0.00 0.00 0.00 0.00 0.00 0.00 0.00 0.00 0.00 0.00 0.00 0.00 0.00 0.00 0.00 0.00 0.00 0.00 0.00 0.00
0.00 1.00 1.00 1.00 1.17 1.17 1.17 1.17 1.44 1.44 1.44 0.00 0.00 0.00 0.00 0.00 0.00 0.00 1.51 1.51 1.32 1.32 1.32 1.32 1.16 1.16 1.16 1.16 1.12 1.12 1.12 1.12 1.12 1.12 1.12 1.12 1.22 1.22 1.22 1.22 1.49 1.49 1.49 1.49 1.52 1.52 1.52 1.52 0.00 0.00 0.00 0.00 0.00 0.00 0.00 0.00 0.00 0.00 0.00 0.00 0.00 0.00 0.00 0.00 0.00 0.00 0.00 0.00 0.00 0.00 0.00 0.00 0.00 0.00 0.00 0.00 0.00 0.00 0.00 0.00 0.00 0.00 0.00 0.00
0.00 0.00 1.00 1.00 1.17 1.17 1.17 1.17 1.44 1.44 1.44 0.00 0.00 0.00 0.00 0.00 0.00 0.00 0.00 1.51 1.32 1.32 1.32 1.32 1.16 1.16 1.16 1.16 1.12 1.12 1.12 1.12 1.12 1.12 1.12 1.12 1.22 1.22 1.22 1.22 1.49 1.49 1.49 1.49 1.52 1.52 1.52 1.52 0.00 0.00 0.00 0.00 0.00 0.00 0.00 0.00 0.00 0.00 0.00 0.00 0.00 0.00 0.00 0.00 0.00 0.00 0.00 0.00 0.00 0.00 0.00 0.00 0.00 0.00 0.00 0.00 0.00 0.00 0.00 0.00 0.00 0.00 0.00 0.00
0.00 0.00 0.00 0.95 1.10 1.10 1.10 1.10 1.32 1.32 1.32 0.00 0.00 0.00 1.40 1.40 1.38 1.38 1.38 1.38 1.22 1.22 1.22 1.22 1.09 1.09 1.09 1.09 1.05 1.05 1.05 1.05 1.05 1.05 1.05 1.05 1.14 1.14 1.14 1.14 1.38 1.38 1.38 1.38 1.41 1.41 1.41 0.00 0.00 0.00 0.00 0.00 0.00 0.00 0.00 0.00 0.00 0.00 0.00 0.00 0.00 0.00 0.00 0.00 0.00 0.00 0.00 0.00 0.00 0.00 0.00 0.00 0.00 0.00 0.00 0.00 0.00 0.00 0.00 0.00 0.00 0.00 0.00 0.00
0.00 0.00 0.00 0.95 1.10 1.10 1.10 1.10 1.32 1.32 1.32 0.00 0.00 0.00 1.40 1.40 1.38 1.38 1.38 1.38 1.22 1.22 1.22 1.22 1.09 1.09 1.09 1.09 1.05 1.05 1.05 1.05 1.05 1.05 1.05 1.05 1.14 1.14 1.14 1.14 1.38 1.38 1.38 1.38 1.41 1.41 1.41 1.41 0.00 0.00 0.00 0.00 0.00 0.00 0.00 0.00 0.00 0.00 0.00 0.00 0.00 0.00 0.00 0.00 0.00 0.00 0.00 0.00 0.00 0.00 0.00 0.00 0.00 0.00 0.00 0.00 0.00 0.00 0.00 0.00 0.00 0.00 0.00 0.00
0.00 0.00 0.00 0.98 1.14 1.14 1.14 1.14 1.36 1.36 1.36 1.36 1.43 1.43 1.43 1.43 1.39 1.39 1.39 1.39 1.25 1.25 1.25 1.25 1.09 1.09 1.09 1.09 1.00 1.00 1.00 1.00 0.99 0.99 0.99 0.99 1.15 1.15 1.15 1.15 1.38 1.38 1.38 1.38 1.45 1.08 1.45 1.45 1.32 0.00 0.00 0.00 0.00 0.00 0.00 0.00 0.00 0.00 0.00 0.00 0.00 0.00 0.00 0.00 0.00 0.00 0.00 0.00 0.00 0.00 0.00 0.00 0.00 0.00 0.00 0.00 0.00 0.00 0.00 0.00 0.00 0.00 0.00 0.00
0.00 0.00 0.00 0.00 1.14 1.14 1.14 1.14 1.36 1.36 1.36 1.36 1.43 1.07 1.43 1.43 1.39 1.39 1.39 1.39 1.25 1.25 1.25 1.25 1.09 1.09 1.09 1.09 1.00 1.00 1.00 1.00 0.99 0.99 0.99 0.99 1.15 1.15 1.15 1.15 1.38 1.38 1.38 1.38 1.45 1.45 1.45 1.45 1.32 1.32 1.32 2.09 1.97 0.00 0.00 0.00 0.00 0.00 0.00 0.00 0.00 0.00 0.00 0.00 0.00 0.00 0.00 0.00 0.00 0.00 0.00 0.00 0.00 0.00 0.00 0.00 0.00 0.00 0.00 0.00 0.00 0.00 0.00 0.00
0.00 0.00 0.00 0.00 1.14 1.14 1.14 1.14 1.36 1.36 1.36 1.36 1.07 1.07 1.43 1.43 1.39 1.39 1.39 1.39 1.25 1.25 1.25 1.25 1.09 1.09 1.09 1.09 1.00 1.00 1.00 1.00 0.99 0.99 0.99 0.99 1.15 1.15 1.15 1.15 1.38 1.38 1.38 1.38 1.45 1.45 1.45 1.45 1.32 1.32 1.32 2.09 1.97 0.00 0.00 0.00 0.00 0.00 0.00 0.00 0.00 0.00 0.00 0.00 0.00 0.00 0.00 0.00 0.00 0.00 0.00 0.00 0.00 0.00 0.00 0.00 0.00 0.00 0.00 0.00 0.00 0.00 0.00 0.00
0.00 0.00 0.00 0.98 1.14 1.14 1.14 1.14 1.36 1.36 1.36 0.00 1.43 1.43 1.43 1.43 1.39 1.39 1.39 1.39 1.25 1.25 1.25 1.25 1.09 1.09 1.09 1.09 1.00 1.00 1.00 1.00 0.99 0.99 0.99 0.99 1.15 1.15 1.15 1.15 1.38 1.38 1.38 1.38 1.45 1.45 0.00 0.00 0.00 0.00 1.32 2.09 1.97 0.00 0.00 0.00 0.00 0.00 0.00 0.00 0.00 0.00 0.00 0.00 0.00 0.00 0.00 0.00 0.00 0.00 0.00 0.00 0.00 0.00 0.00 0.00 0.00 0.00 0.00 0.00 0.00 0.00 0.00 0.00
0.00 0.00 0.00 0.00 1.13 1.13 1.13 1.13 1.42 1.42 1.42 1.42 1.47 1.47 1.47 1.47 1.37 1.37 1.37 1.37 1.28 1.28 1.28 1.28 1.14 1.14 1.14 1.14 1.00 1.00 1.00 1.00 1.02 1.02 1.02 1.02 1.23 1.23 1.23 1.23 1.40 1.40 1.40 1.40 1.44 1.44 0.00 0.00 0.00 0.00 1.38 0.00 0.00 0.00 0.00 0.00 0.00 0.00 0.00 0.00 0.00 0.00 0.00 0.00 0.00 0.00 0.00 0.00 0.00 0.00 0.00 0.00 0.00 0.00 0.00 0.00 0.00 0.00 0.00 0.00 0.00 0.00 0.00 0.00
0.00 0.00 0.00 0.00 0.00 0.00 1.13 1.13 1.42 1.42 1.42 1.42 1.47 1.47 1.47 1.47 1.37 1.37 1.37 1.37 1.28 1.28 1.28 1.28 1.14 1.14 1.14 1.14 1.00 1.00 0.00 0.00 1.02 1.02 1.02 1.02 1.23 1.23 1.23 1.23 1.40 1.40 1.40 0.00 1.44 1.44 0.00 0.00 0.00 0.00 0.00 0.00 0.00 0.00 0.00 0.00 0.00 0.00 0.00 0.00 0.00 0.00 0.00 0.00 0.00 0.00 0.00 0.00 0.00 0.00 0.00 0.00 0.00 0.00 0.00 0.00 0.00 0.00 0.00 0.00 0.00 0.00 0.00 0.00
