New_Model_Runs/14_Future_RCP8.5_Scn1_out/post_prcessed_with_MFR/Monthly_summaries/net_infiltration_monthly_DEC.asc
NCOLS 700
NROWS 400
XLLCENTER 515000.000000
YLLCENTER 8409000.000000
CELLSIZE 50.000000
NODATA_value -999.000000
[rows 259 to 295 of 400, columns 252 to 335 of 700]
18.06 18.06 8.76 8.76 7.63 8.07 2.57 7.10 2.13 7.54 8.07 7.10 7.10 10.73 10.73 10.73 11.26 9.32 12.51 5.76 6.61 6.61 5.91 6.36 9.57 9.57 9.57 9.57 9.54 5.91 9.54 9.54 5.40 5.26 9.06 5.43 1.61 5.24 5.38 5.38 5.82 6.27 5.82 1.83 2.72 2.72 6.34 6.34 6.99 6.10 1.83 2.27 2.55 5.74 6.39 6.39 6.39 4.88 4.88 6.39 6.39 6.39 6.39 6.39 8.51 1.47 1.47 1.47 1.44 6.14 0.00 0.00 0.00 0.00 0.00 0.00 0.00 0.00 0.00 0.00 0.00 0.00 0.00 0.00
18.50 8.76 6.86 6.86 7.63 7.10 7.54 2.13 7.54 7.54 7.54 8.88 8.88 8.44 7.54 7.54 12.51 8.88 7.10 10.73 1.98 6.61 5.91 9.55 9.52 9.52 9.52 9.52 9.54 9.75 6.12 6.12 6.12 5.43 6.01 8.88 5.24 5.24 9.01 1.61 5.38 5.82 5.82 1.83 6.55 6.34 2.27 2.27 1.83 8.09 6.55 2.72 6.45 6.01 9.19 4.88 6.39 6.39 6.39 6.39 6.39 1.91 2.35 1.91 10.02 1.47 1.91 1.91 1.44 1.44 0.00 0.00 0.00 0.00 0.00 0.00 0.00 0.00 0.00 0.00 0.00 0.00 0.00 0.00
17.06 9.21 8.76 6.86 7.63 7.10 7.10 7.10 7.99 3.02 3.02 8.89 7.10 8.88 7.54 11.07 10.73 7.10 10.73 12.51 8.29 9.35 9.55 9.55 9.52 9.52 9.52 9.52 13.14 9.75 6.12 6.12 6.12 5.43 10.63 8.88 10.65 9.01 7.46 5.69 9.01 5.38 1.83 6.10 5.46 1.83 6.55 6.10 8.09 8.09 8.09 8.32 6.89 2.55 5.30 1.91 5.33 6.39 6.39 10.02 8.51 5.98 10.28 5.98 5.09 5.54 2.35 2.35 1.44 1.44 1.44 0.00 0.00 0.00 0.00 0.00 0.00 0.00 0.00 0.00 0.00 0.00 0.00 0.00
17.51 9.21 6.86 6.61 7.10 7.10 7.10 2.13 2.13 7.63 8.44 7.10 2.13 8.88 7.10 10.73 8.88 12.51 10.73 7.63 8.29 9.35 9.35 9.55 9.52 9.52 9.52 7.44 9.54 5.84 9.98 5.84 9.98 8.88 5.25 1.58 5.38 9.01 7.01 5.82 5.38 9.01 9.73 6.34 2.72 1.83 2.27 2.27 7.87 7.02 5.82 6.99 2.11 5.74 5.54 2.35 6.21 5.77 10.46 10.02 5.77 2.79 2.80 1.91 1.47 6.86 3.68 1.91 1.44 1.66 1.44 0.00 0.00 0.00 0.00 0.00 0.00 0.00 0.00 0.00 0.00 0.00 6.14 4.79
7.75 7.30 6.61 7.91 7.10 7.10 7.10 7.63 7.10 8.88 8.88 8.88 8.88 7.54 7.99 10.73 12.51 12.51 8.88 7.10 8.29 9.35 9.35 9.55 9.52 9.52 7.44 7.44 5.40 2.66 6.80 5.91 2.69 2.02 1.58 1.58 1.61 9.01 7.02 1.61 1.63 5.82 1.83 5.90 2.27 6.10 8.76 6.27 5.82 5.82 6.27 2.94 2.11 9.19 7.28 2.79 3.24 11.35 6.83 4.88 7.28 2.35 6.83 4.88 1.47 5.54 8.19 3.24 1.44 1.44 1.44 1.44 0.00 0.00 0.00 0.00 0.00 0.00 0.00 0.00 6.14 7.70 1.44 1.44
7.75 8.03 7.05 10.00 8.44 8.44 7.10 8.44 8.44 8.88 8.88 8.88 8.88 7.99 6.64 10.73 5.76 2.13 7.10 8.88 9.33 9.33 9.33 9.33 9.51 9.51 7.44 5.91 5.40 6.36 2.22 1.80 2.24 6.45 6.01 6.01 6.10 9.73 9.73 7.87 1.83 6.55 6.99 5.90 6.55 6.55 6.27 7.91 7.46 5.82 5.38 5.82 5.09 8.95 6.83 2.79 5.01 6.21 5.33 2.35 5.98 6.83 6.39 6.93 8.51 5.54 2.79 6.21 1.44 6.14 0.00 1.44 1.44 0.00 0.00 0.00 0.00 0.00 0.00 6.14 1.44 1.44 1.44 4.79
8.70 9.14 10.00 10.00 8.89 8.44 8.44 7.63 8.44 8.88 8.88 8.88 7.10 2.57 6.20 7.10 10.73 7.10 7.10 9.32 7.05 1.84 1.84 1.84 5.43 5.87 5.87 5.43 5.26 9.06 5.69 5.69 5.25 6.01 6.01 6.01 9.73 9.73 5.46 9.73 9.73 9.73 9.73 9.73 12.09 8.01 8.01 7.46 7.02 7.02 7.46 6.71 9.84 4.88 5.33 3.24 3.68 2.79 5.33 7.10 6.42 4.88 10.02 8.51 10.02 6.39 6.39 6.39 1.44 0.00 0.00 0.00 1.44 1.44 0.00 0.00 0.00 7.70 1.44 1.44 1.44 4.79 4.79 0.00
8.51 8.51 10.03 10.47 8.44 8.44 8.44 8.44 8.56 8.44 2.13 7.10 7.10 7.54 11.61 7.10 11.17 7.10 7.10 7.54 7.50 2.29 6.76 6.76 9.06 9.50 9.06 5.26 9.06 5.65 5.65 5.20 5.20 9.32 10.08 9.63 2.72 10.62 6.10 6.10 6.10 6.10 6.10 1.83 9.73 8.47 7.56 7.02 7.02 7.02 7.46 7.91 5.77 5.09 5.77 5.33 1.91 5.33 7.72 10.73 5.54 8.95 8.95 6.39 4.88 6.39 6.39 6.39 1.44 0.00 0.00 0.00 0.00 1.44 1.44 6.14 4.79 1.44 1.44 1.44 4.79 0.00 0.00 0.00
8.51 10.03 10.03 10.03 8.88 8.44 8.44 8.44 8.44 8.44 7.10 7.63 10.73 13.46 11.51 11.75 11.17 7.10 7.10 7.54 7.93 1.84 6.76 6.76 10.38 1.63 1.63 5.43 5.65 2.02 5.25 5.25 5.25 6.45 6.45 6.01 6.55 6.34 1.83 7.87 6.10 6.10 6.10 1.83 5.46 9.56 8.77 7.56 7.02 8.31 8.31 7.52 4.88 5.09 2.35 5.77 1.46 4.88 6.83 8.95 8.51 8.95 5.33 6.39 6.83 6.83 6.39 6.39 1.44 0.00 0.00 0.00 0.00 6.14 1.44 1.44 1.44 1.44 4.79 0.00 0.00 0.00 0.00 0.00
8.51 10.03 10.44 8.80 8.44 8.44 8.44 8.44 8.89 8.89 7.44 10.73 12.51 9.32 9.40 14.28 5.76 10.73 7.63 7.99 7.64 1.84 2.29 2.29 1.84 1.63 1.63 1.58 5.20 5.25 5.25 7.90 2.24 2.69 6.89 6.89 6.10 6.10 1.83 6.10 6.10 1.83 6.10 5.46 9.01 9.01 5.82 7.46 7.56 8.27 8.27 8.27 6.39 6.39 8.95 1.46 4.88 8.51 5.09 1.46 1.46 5.33 8.95 4.88 6.83 6.39 6.39 1.46 4.79 0.00 0.00 0.00 6.14 1.44 1.44 1.44 4.79 4.79 0.00 0.00 0.00 0.00 0.00 0.00
8.35 9.56 10.44 10.19 8.44 8.44 10.35 11.70 11.71 11.61 10.73 10.73 7.68 9.32 9.31 9.77 7.63 7.54 7.99 7.54 6.76 7.01 2.68 6.15 6.15 1.84 5.25 5.25 5.20 5.25 7.00 5.25 2.24 6.45 2.69 6.32 1.83 6.10 6.10 6.10 1.83 5.24 5.24 5.24 5.24 2.50 8.01 7.56 7.56 7.56 8.27 8.02 6.39 6.39 10.02 5.09 5.09 1.46 1.46 1.46 1.46 1.91 1.91 6.39 6.39 6.39 6.39 1.46 6.14 0.00 6.14 1.44 1.44 1.44 4.79 4.79 6.14 0.00 0.00 0.00 0.00 0.00 0.00 0.00
10.47 9.56 9.56 10.03 9.65 9.65 11.46 8.28 8.28 7.10 8.12 8.87 8.96 7.54 8.43 2.57 9.07 8.07 8.96 8.43 7.64 6.76 6.76 6.76 6.25 6.15 5.25 1.58 10.63 5.25 5.25 5.25 6.01 7.91 6.01 11.54 6.10 6.10 6.10 1.83 5.24 5.24 5.24 9.01 5.38 8.45 6.27 9.36 8.01 8.27 9.11 8.02 6.39 6.39 10.02 5.09 1.46 1.46 1.46 1.46 6.39 1.46 1.46 4.88 6.39 1.46 1.46 6.39 6.14 4.79 1.44 1.44 1.44 4.79 0.00 0.00 5.23 5.23 0.00 0.00 0.00 0.00 0.00 0.00
10.03 10.03 9.56 6.61 11.46 7.83 7.83 6.76 6.02 7.10 7.54 3.90 9.40 7.63 7.10 7.10 8.44 8.88 8.88 9.32 6.15 6.15 7.20 7.20 6.76 5.69 2.02 5.32 7.00 7.00 5.25 6.01 6.01 1.80 6.01 5.43 5.46 5.46 9.01 5.24 5.24 9.01 5.38 5.38 7.02 7.56 1.61 5.82 7.46 7.02 8.27 8.02 7.78 5.09 1.91 1.46 1.46 4.88 6.39 1.46 1.46 6.39 4.88 1.46 1.46 4.88 6.39 6.39 1.44 1.44 1.44 4.79 0.00 0.00 0.00 0.00 0.00 0.00 0.00 0.00 0.00 0.00 0.00 0.00
10.03 10.03 11.22 12.32 7.83 7.83 7.83 6.02 7.10 7.54 2.13 2.57 2.13 2.13 7.54 7.54 8.88 8.88 7.10 7.10 6.15 6.15 6.59 1.84 6.59 6.14 2.02 5.20 1.70 5.25 1.58 5.25 6.01 1.80 8.19 9.63 5.46 1.61 5.82 5.82 5.38 7.52 5.38 5.38 5.82 5.82 7.02 7.02 5.38 5.38 10.65 9.01 4.88 1.91 2.35 1.91 6.39 6.39 1.46 1.46 1.46 6.39 1.46 1.46 4.88 6.39 1.46 1.46 1.66 4.79 1.44 0.00 0.00 0.00 0.00 0.00 0.00 0.00 0.00 0.00 0.00 0.00 0.00 0.00
10.03 11.22 12.32 8.70 8.28 8.28 7.83 8.44 7.10 7.99 7.99 7.54 7.10 8.43 7.99 7.54 8.88 7.10 2.13 8.19 6.15 6.59 7.64 6.76 5.69 7.44 7.00 8.88 5.25 5.25 5.25 5.25 6.01 1.80 8.19 7.91 9.73 5.38 5.82 5.82 1.61 7.52 7.56 8.29 8.01 5.82 7.02 2.50 9.90 9.01 5.38 6.27 4.88 1.46 1.46 1.46 4.88 6.39 1.46 4.88 1.46 1.46 6.39 6.39 1.46 1.46 1.46 4.88 4.79 0.00 0.00 0.00 0.00 0.00 0.00 0.00 0.00 0.00 0.00 0.00 0.00 0.00 0.00 0.00
8.34 12.15 8.52 8.08 6.29 8.39 7.70 8.07 8.07 7.26 8.14 8.14 7.26 7.71 7.71 6.82 6.82 2.05 6.82 8.17 7.68 7.61 4.44 6.38 7.76 7.76 7.19 10.94 7.31 8.71 5.08 5.08 5.08 7.61 5.81 7.61 10.54 9.82 7.06 5.05 6.62 5.05 7.99 7.99 7.18 5.05 5.05 6.03 9.12 5.87 6.31 5.20 6.25 1.87 6.25 1.87 1.87 7.58 1.87 1.87 7.58 7.58 6.25 1.87 1.87 1.87 6.25 6.25 0.00 0.00 0.00 0.00 0.00 0.00 0.00 0.00 0.00 0.00 0.00 0.00 0.00 0.00 0.00 0.00
12.41 10.33 12.15 9.88 6.46 6.46 7.70 7.26 6.82 7.26 7.70 7.26 7.26 7.26 11.33 11.33 10.45 10.89 9.98 12.24 8.95 7.27 7.71 5.97 7.71 7.63 10.04 5.59 5.59 5.52 5.08 5.32 1.52 5.08 7.90 7.61 8.04 9.82 7.06 7.13 7.18 8.23 5.05 7.13 7.13 8.68 8.68 5.87 5.87 4.31 4.31 4.31 5.40 1.87 1.87 6.25 6.25 1.87 6.25 7.58 6.25 1.87 1.87 1.87 6.25 7.58 7.97 7.45 0.00 0.00 0.00 0.00 0.00 0.00 0.00 0.00 0.00 0.00 0.00 0.00 0.00 0.00 0.00 0.00
11.08 7.01 6.26 9.88 9.47 9.47 11.33 12.22 11.33 10.89 10.89 10.89 10.89 11.33 8.59 8.14 7.26 6.97 6.97 10.42 10.45 10.45 6.29 5.52 9.59 10.48 10.48 9.59 2.41 2.41 6.74 5.52 5.52 5.08 5.08 5.81 5.75 5.75 8.68 6.62 5.05 7.06 7.62 8.68 8.68 7.18 5.05 4.31 4.31 6.62 4.31 4.31 7.58 6.25 6.25 1.87 1.87 7.58 7.58 1.87 1.87 1.87 6.25 7.58 7.96 7.45 7.45 5.40 0.00 0.00 0.00 0.00 0.00 0.00 0.00 0.00 0.00 0.00 0.00 0.00 0.00 0.00 0.00 0.00
11.71 6.26 1.88 8.56 8.39 12.57 12.66 12.22 8.59 6.82 7.26 7.97 11.33 13.01 8.59 6.82 8.51 8.07 6.82 6.82 5.94 5.94 10.89 8.71 8.71 9.59 9.59 5.59 1.52 1.97 1.52 6.73 5.08 5.08 6.74 5.08 6.64 6.19 7.43 8.68 9.12 5.94 9.12 5.14 4.31 4.31 4.31 4.31 4.31 5.05 5.05 1.52 1.87 1.87 1.87 1.87 7.58 1.87 1.87 1.87 6.25 6.25 7.45 7.45 5.40 5.40 5.40 0.00 0.00 0.00 0.00 0.00 0.00 0.00 0.00 0.00 0.00 0.00 0.00 0.00 0.00 0.00 0.00 0.00
11.71 8.08 8.52 8.97 7.51 13.46 8.06 10.97 11.25 6.82 7.26 7.70 7.70 8.49 11.78 2.49 7.26 6.82 6.82 6.82 6.37 5.81 7.90 10.89 5.08 1.52 8.71 5.27 5.27 5.15 5.15 5.15 6.74 6.74 6.74 6.74 2.40 2.40 5.75 5.05 9.12 5.59 5.05 5.05 4.31 4.31 4.31 4.31 5.05 1.52 1.52 5.05 7.58 7.58 7.58 1.87 1.87 1.87 1.87 6.25 7.45 7.45 5.40 0.00 0.00 0.00 0.00 0.00 0.00 0.00 0.00 0.00 0.00 0.00 0.00 0.00 0.00 0.00 0.00 0.00 0.00 0.00 0.00 0.00
6.26 10.64 10.77 7.14 10.80 6.73 9.84 9.48 13.99 8.59 8.07 8.07 8.49 8.07 7.26 10.89 6.82 6.82 8.07 7.26 7.26 6.69 7.90 9.44 9.44 5.15 5.08 1.52 9.44 9.44 8.71 5.08 8.71 10.37 6.74 6.74 5.50 1.52 5.14 8.68 5.05 1.52 5.05 4.31 4.31 4.31 5.05 1.52 1.52 5.05 6.62 6.62 7.58 7.58 1.87 1.87 1.87 6.25 6.25 7.45 7.45 5.40 0.00 0.00 0.00 0.00 0.00 0.00 0.00 0.00 0.00 0.00 0.00 0.00 0.00 0.00 0.00 0.00 0.00 0.00 0.00 0.00 0.00 0.00
6.26 6.26 9.88 9.88 11.25 8.39 8.59 5.59 9.22 7.62 5.85 8.07 7.26 10.09 6.82 2.05 10.45 8.07 8.07 6.82 6.69 7.14 5.81 1.74 5.81 10.68 6.25 1.74 5.81 5.81 5.81 1.74 2.19 6.04 6.74 6.74 9.12 5.59 1.52 5.05 1.52 1.52 1.52 4.31 4.31 5.05 1.52 1.52 6.62 6.62 6.62 6.62 1.87 1.87 1.87 1.87 6.25 5.40 6.93 5.40 5.40 0.00 0.00 0.00 0.00 0.00 0.00 0.00 0.00 0.00 0.00 0.00 0.00 0.00 0.00 0.00 0.00 0.00 0.00 0.00 0.00 0.00 0.00 0.00
8.00 8.00 8.00 6.26 11.77 7.26 6.82 6.82 5.67 1.75 5.85 6.82 6.40 9.47 10.89 10.89 10.45 7.26 7.26 7.26 5.81 2.19 1.74 5.81 9.44 9.88 2.63 2.19 1.74 8.35 6.25 1.74 6.69 2.63 8.71 8.71 9.37 8.54 6.62 5.05 1.52 1.52 1.52 5.05 1.52 1.52 6.62 6.62 6.62 6.62 1.52 1.52 1.87 1.87 6.25 5.40 0.00 0.00 0.00 0.00 0.00 0.00 0.00 0.00 0.00 0.00 0.00 0.00 0.00 0.00 0.00 0.00 0.00 0.00 0.00 0.00 0.00 0.00 0.00 0.00 0.00 0.00 0.00 0.00
6.26 8.89 7.90 7.01 7.26 10.45 10.45 5.85 5.38 9.47 5.85 1.75 7.47 7.47 7.47 6.82 10.45 2.05 7.26 6.15 9.44 5.81 9.44 5.81 5.37 5.81 6.25 1.74 6.25 8.35 6.25 5.81 2.19 5.81 9.15 8.07 2.84 7.13 5.05 5.05 5.05 6.62 6.62 6.62 1.52 1.52 1.52 5.05 5.05 1.52 1.52 1.52 6.25 6.25 0.00 0.00 0.00 0.00 0.00 0.00 0.00 0.00 0.00 0.00 0.00 0.00 0.00 0.00 0.00 0.00 0.00 0.00 0.00 0.00 0.00 0.00 0.00 0.00 0.00 0.00 0.00 0.00 0.00 0.00
8.08 8.08 7.90 7.01 6.46 8.94 10.89 9.47 10.09 10.09 9.47 5.85 7.47 7.47 8.49 7.71 10.45 11.33 10.45 5.47 9.44 5.81 5.81 7.05 9.44 1.74 5.81 7.05 6.25 8.35 7.90 9.44 9.44 6.74 1.97 5.97 6.37 6.62 7.57 5.05 5.05 6.62 6.62 6.62 5.05 1.52 1.52 1.52 1.52 1.52 5.05 5.05 5.40 0.00 0.00 0.00 0.00 0.00 0.00 0.00 0.00 0.00 0.00 0.00 0.00 0.00 0.00 0.00 0.00 0.00 0.00 0.00 0.00 0.00 0.00 0.00 0.00 0.00 0.00 0.00 0.00 0.00 0.00 0.00
8.52 12.15 11.08 10.64 10.09 9.47 10.53 6.46 6.46 6.46 6.46 9.47 5.85 7.47 7.97 7.71 7.45 5.59 3.62 2.29 5.81 5.81 5.81 5.81 5.81 5.50 9.88 6.69 6.25 9.44 5.37 6.74 5.08 6.29 6.29 5.08 5.05 5.05 5.89 5.50 5.05 6.62 6.62 6.62 6.62 1.52 1.52 1.52 5.05 5.05 6.48 0.00 0.00 0.00 0.00 0.00 0.00 0.00 0.00 0.00 0.00 0.00 0.00 0.00 0.00 0.00 0.00 0.00 0.00 0.00 0.00 0.00 0.00 0.00 0.00 0.00 0.00 0.00 0.00 0.00 0.00 0.00 0.00 0.00
7.90 7.90 8.52 10.64 10.09 6.46 6.46 6.46 6.46 4.10 6.46 6.46 10.36 11.25 9.47 11.33 9.03 12.66 8.95 6.59 8.49 6.25 5.81 5.81 5.81 5.81 5.81 6.26 9.88 11.23 5.08 1.52 5.08 5.08 5.08 5.08 1.52 6.62 6.62 6.62 1.52 1.52 5.05 1.52 1.52 1.52 5.05 6.62 6.48 4.31 0.00 0.00 0.00 0.00 0.00 0.00 0.00 0.00 0.00 0.00 0.00 0.00 0.00 0.00 0.00 0.00 0.00 0.00 0.00 0.00 0.00 0.00 0.00 0.00 0.00 0.00 0.00 0.00 0.00 0.00 0.00 0.00 0.00 0.00
7.58 10.64 10.64 7.01 6.46 6.46 6.46 6.46 6.46 6.95 6.46 6.46 10.97 12.91 6.73 2.93 6.82 6.15 9.77 6.59 8.79 8.35 7.90 7.90 5.81 7.61 9.44 9.44 1.74 5.08 7.26 1.97 1.97 5.08 5.08 6.74 6.62 6.62 6.62 1.52 1.52 1.52 1.52 1.52 1.52 5.05 7.06 6.93 0.00 0.00 0.00 0.00 0.00 0.00 0.00 0.00 0.00 0.00 0.00 0.00 0.00 0.00 0.00 0.00 0.00 0.00 0.00 0.00 0.00 0.00 0.00 0.00 0.00 0.00 0.00 0.00 0.00 0.00 0.00 0.00 0.00 0.00 0.00 0.00
10.76 7.13 7.01 7.01 6.46 6.46 6.46 6.46 6.46 6.46 6.46 6.46 6.46 9.47 8.39 6.46 6.82 8.07 8.07 10.22 6.25 7.90 7.90 7.90 11.53 9.44 7.90 1.74 5.81 5.08 7.26 5.52 7.19 6.74 6.74 6.74 6.62 6.62 6.62 1.63 1.52 1.52 1.52 6.62 5.05 5.05 1.96 6.48 0.00 0.00 0.00 0.00 0.00 0.00 0.00 0.00 0.00 0.00 0.00 0.00 0.00 0.00 0.00 0.00 0.00 0.00 0.00 0.00 0.00 0.00 0.00 0.00 0.00 0.00 0.00 0.00 0.00 0.00 0.00 0.00 0.00 0.00 0.00 0.00
7.13 7.13 7.01 7.01 6.46 6.46 6.46 6.46 6.46 6.46 6.46 6.46 6.46 10.09 10.36 6.73 6.43 8.68 8.34 6.59 9.88 5.37 11.53 9.44 9.44 6.25 5.81 1.74 2.19 6.25 6.74 6.74 6.74 6.74 6.74 6.74 6.62 6.62 1.52 1.52 1.52 6.62 6.62 6.62 6.62 8.68 11.81 7.55 5.85 0.00 0.00 0.00 0.00 0.00 0.00 0.00 0.00 0.00 0.00 0.00 0.00 0.00 0.00 0.00 0.00 0.00 0.00 0.00 0.00 0.00 0.00 0.00 0.00 0.00 0.00 0.00 0.00 0.00 0.00 0.00 0.00 0.00 0.00 0.00
7.01 7.01 7.01 7.01 6.46 6.46 6.46 6.46 6.46 6.46 6.46 6.46 6.46 6.46 10.36 7.79 8.68 8.68 6.15 7.03 14.17 9.44 9.44 11.68 9.88 3.51 8.47 7.14 10.00 6.69 6.74 6.74 6.74 6.74 6.74 6.74 6.62 6.62 5.05 5.05 6.62 6.62 6.62 6.62 9.12 6.62 6.19 2.17 5.85 0.00 0.00 0.00 0.00 0.00 0.00 0.00 0.00 0.00 0.00 0.00 0.00 0.00 0.00 0.00 0.00 0.00 0.00 0.00 0.00 0.00 0.00 0.00 0.00 0.00 0.00 0.00 0.00 0.00 0.00 0.00 0.00 0.00 0.00 0.00
6.38 6.38 6.38 6.38 6.00 6.00 6.00 6.88 7.77 6.00 6.00 3.87 6.00 6.00 6.50 11.67 5.81 5.81 5.81 8.50 9.24 7.62 7.94 9.00 9.97 12.35 12.35 11.02 7.39 6.95 7.31 6.49 6.49 6.49 6.49 6.49 6.44 6.97 6.44 6.44 6.44 6.44 5.11 6.00 6.95 5.62 7.21 7.65 5.71 0.00 0.00 0.00 0.00 0.00 0.00 0.00 0.00 0.00 0.00 0.00 0.00 0.00 0.00 0.00 0.00 0.00 0.00 0.00 0.00 0.00 0.00 0.00 0.00 0.00 0.00 0.00 0.00 0.00 0.00 0.00 0.00 0.00 0.00 0.00
6.38 6.38 6.38 6.38 6.00 6.00 6.00 6.88 7.24 6.00 6.00 6.00 6.00 6.00 6.00 11.23 10.67 9.43 4.96 1.33 5.42 7.62 8.07 10.72 9.60 8.72 5.67 7.97 11.02 8.82 5.62 6.49 6.49 6.49 6.49 6.49 6.44 6.44 6.44 6.44 6.44 8.57 5.55 10.13 10.58 11.73 7.65 5.62 5.71 0.00 0.00 0.00 0.00 0.00 0.00 0.00 0.00 0.00 0.00 0.00 0.00 0.00 0.00 0.00 0.00 0.00 0.00 0.00 0.00 0.00 0.00 0.00 0.00 0.00 0.00 0.00 0.00 0.00 0.00 0.00 0.00 0.00 0.00 0.00
6.38 6.38 6.38 6.38 6.00 6.00 6.00 6.00 9.63 6.00 6.00 6.00 6.00 6.00 5.71 8.06 8.50 2.22 1.33 4.43 4.29 5.62 7.62 8.07 6.95 3.90 9.16 8.27 7.83 12.79 12.35 10.02 6.49 6.49 6.49 6.49 6.44 6.44 10.07 10.07 8.57 9.02 9.69 11.02 12.17 12.36 6.95 6.06 6.15 0.00 0.00 0.00 0.00 0.00 0.00 0.00 0.00 0.00 0.00 0.00 0.00 0.00 0.00 0.00 0.00 0.00 0.00 0.00 0.00 0.00 0.00 0.00 0.00 0.00 0.00 0.00 0.00 0.00 0.00 0.00 0.00 0.00 0.00 0.00
6.38 6.38 6.38 6.38 6.00 6.00 6.00 6.00 6.00 9.63 6.00 6.00 6.00 9.63 8.06 10.22 7.48 6.54 4.43 5.71 5.51 5.51 7.62 7.62 8.01 6.50 8.07 6.83 7.24 4.34 4.79 11.83 10.94 10.12 10.12 10.12 10.07 10.07 6.44 5.39 6.51 6.95 11.45 12.77 10.58 8.10 9.34 8.54 6.51 0.00 0.00 0.00 0.00 0.00 0.00 0.00 0.00 0.00 0.00 0.00 0.00 0.00 0.00 0.00 0.00 0.00 0.00 0.00 0.00 0.00 0.00 0.00 0.00 0.00 0.00 0.00 0.00 0.00 0.00 0.00 0.00 0.00 0.00 0.00
6.38 6.38 6.38 6.38 6.00 6.00 6.00 6.00 6.00 9.63 6.00 6.00 9.63 8.06 8.06 9.83 9.39 8.50 4.96 4.43 4.29 4.29 6.83 7.62 7.62 6.06 5.51 6.38 5.53 5.95 4.29 7.76 6.06 6.49 6.49 6.49 6.44 6.44 5.39 7.60 9.43 9.69 7.82 7.82 8.90 8.45 8.45 8.90 7.65 0.00 0.00 0.00 0.00 0.00 0.00 0.00 0.00 0.00 0.00 0.00 0.00 0.00 0.00 0.00 0.00 0.00 0.00 0.00 0.00 0.00 0.00 0.00 0.00 0.00 0.00 0.00 0.00 0.00 0.00 0.00 0.00 0.00 0.00 0.00
6.38 6.38 6.38 6.38 6.00 6.00 6.00 6.00 6.00 9.63 9.10 9.10 7.04 6.60 8.06 5.32 7.93 4.88 8.06 8.95 10.58 9.25 7.27 7.27 6.83 5.62 5.62 7.27 4.74 6.38 6.38 6.83 5.07 5.62 6.49 6.49 4.95 6.99 6.06 6.95 6.95 11.44 6.06 2.13 8.45 8.45 8.45 8.45 7.65 0.00 0.00 0.00 0.00 0.00 0.00 0.00 0.00 0.00 0.00 0.00 0.00 0.00 0.00 0.00 0.00 0.00 0.00 0.00 0.00 0.00 0.00 0.00 0.00 0.00 0.00 0.00 0.00 0.00 0.00 0.00 0.00 0.00 0.00 0.00
