New_Model_Runs/14_Future_RCP8.5_Scn1_out/post_prcessed_with_MFR/Monthly_summaries/net_infiltration_monthly_OCT.asc
NCOLS 700
NROWS 400
XLLCENTER 515000.000000
YLLCENTER 8409000.000000
CELLSIZE 50.000000
NODATA_value -999.000000
[rows 222 to 258 of 400, columns 83 to 165 of 700]
7.89 8.73 7.89 7.89 7.80 8.01 7.28 7.28 7.28 7.22 7.22 7.22 7.22 7.82 7.82 7.82 7.82 7.89 7.89 7.89 7.89 7.88 8.37 7.88 7.88 7.90 7.90 7.90 7.90 8.23 8.23 8.23 8.23 8.24 8.24 8.24 8.24 8.25 8.25 8.25 8.25 8.25 8.25 8.25 8.25 9.01 9.01 9.01 9.01 9.00 9.00 9.00 9.68 8.94 8.94 10.60 8.94 8.88 11.16 12.88 11.79 12.91 12.91 12.91 11.47 12.35 12.35 12.35 11.47 12.49 12.49 12.87 12.87 12.91 11.47 12.49 12.91 13.68 13.68 11.02 11.02 9.79 9.79
7.89 7.80 7.80 7.29 7.80 7.28 7.28 7.28 7.28 7.22 7.22 7.72 7.22 7.82 7.82 7.82 7.82 7.89 7.89 7.89 8.43 7.88 7.88 7.88 7.88 7.90 7.90 7.90 7.90 8.70 8.23 8.85 8.23 8.24 8.24 8.24 8.24 8.25 8.25 8.87 8.87 8.25 8.87 8.25 8.25 9.01 9.01 9.01 9.01 9.00 9.00 9.00 9.68 8.94 8.94 8.94 11.58 12.39 11.71 11.29 8.25 12.49 9.13 9.13 12.32 12.35 12.35 9.13 12.35 12.36 11.47 12.49 11.47 12.87 12.87 9.13 9.13 13.32 9.71 9.77 9.77 10.72 10.38
7.24 7.28 7.28 7.28 7.28 7.29 7.29 7.80 7.79 7.27 7.27 7.27 7.27 7.83 7.83 7.83 7.83 7.79 7.79 7.79 8.28 8.28 7.79 8.28 7.79 7.86 7.86 7.86 7.86 8.18 8.18 8.18 8.18 8.79 8.17 8.17 8.17 8.21 8.21 8.83 8.21 8.23 8.23 8.23 8.23 8.96 8.96 8.96 9.64 9.61 8.93 9.61 9.60 8.87 8.87 11.48 11.48 11.45 11.45 11.45 8.25 12.49 12.34 12.34 9.39 12.36 12.36 12.36 12.36 12.91 12.49 12.49 12.87 12.49 11.47 9.13 12.49 13.32 12.22 12.98 12.98 12.98 13.68
7.24 7.28 7.28 8.30 7.28 7.29 7.29 7.29 7.99 8.00 7.77 7.27 8.10 8.32 7.83 7.83 7.83 7.79 7.79 7.79 7.79 7.79 8.50 7.79 7.79 7.86 7.86 7.86 7.86 8.18 8.18 8.18 8.90 8.17 8.17 8.17 8.17 8.21 8.21 8.21 8.93 8.95 8.23 8.23 8.23 8.96 8.96 8.96 9.85 8.93 8.93 8.93 8.93 8.87 9.55 8.87 8.87 8.85 10.60 10.60 11.45 9.39 9.39 9.39 9.39 12.36 12.36 13.35 12.36 12.91 11.47 12.87 12.87 12.87 12.87 11.47 11.47 13.32 9.71 13.32 12.22 13.32 13.32
7.82 7.85 7.85 7.85 7.85 7.87 7.87 7.87 7.87 7.85 7.85 7.85 7.85 8.25 8.25 8.25 8.25 8.21 8.21 8.21 8.21 8.21 8.21 8.21 8.21 8.28 8.28 8.28 8.28 9.42 8.83 8.83 8.83 8.82 8.82 8.82 8.82 8.86 8.86 8.86 8.86 8.88 8.88 8.88 9.77 9.27 9.27 9.27 9.27 9.24 9.24 9.24 9.24 9.18 9.18 9.18 9.18 9.31 9.67 9.31 9.31 11.39 9.70 9.70 13.96 12.92 12.92 12.92 12.92 12.88 13.15 13.54 13.54 13.51 12.87 9.56 13.15 14.40 10.12 14.08 12.89 14.08 13.62
7.82 7.85 7.85 7.85 7.85 7.87 7.87 7.87 7.87 7.85 7.85 7.85 7.85 8.25 8.25 8.25 8.25 8.21 8.21 8.21 8.21 8.21 8.21 8.21 8.21 8.28 8.28 8.28 8.28 8.83 8.83 8.83 8.83 8.82 8.82 8.82 8.82 8.86 8.86 8.86 8.86 8.88 8.88 8.88 8.88 9.27 9.27 9.27 9.27 9.24 9.24 9.24 9.24 9.18 9.18 9.18 10.47 9.31 9.31 11.30 9.31 9.70 9.70 14.46 13.51 12.92 12.92 12.92 12.92 9.56 12.06 13.54 13.51 12.23 9.68 9.68 13.51 14.40 13.62 14.40 14.40 11.59 13.62
7.78 7.80 8.39 7.80 7.80 7.81 7.81 7.81 7.81 8.39 7.80 7.80 7.80 8.23 8.23 8.23 8.23 8.15 8.15 8.15 8.15 8.13 8.13 8.13 8.13 8.19 8.19 8.19 8.19 9.29 9.37 8.71 8.71 8.75 8.75 8.75 8.75 8.80 8.80 8.80 8.80 8.82 8.82 8.82 8.82 9.20 9.20 9.20 9.20 9.31 9.31 9.31 9.31 9.29 9.83 9.29 9.29 9.18 9.18 9.18 9.18 9.72 9.72 13.54 13.51 12.90 12.90 12.90 13.95 13.51 13.51 13.51 13.51 12.23 9.71 9.71 9.71 10.25 10.25 10.25 13.69 11.59 13.67
7.78 7.80 7.80 7.80 7.80 7.81 7.81 7.81 7.81 7.80 7.80 8.39 7.80 8.23 8.23 8.23 8.23 8.15 8.15 8.15 8.15 8.13 8.13 8.13 8.74 8.19 8.19 8.19 8.19 9.29 8.71 8.71 8.71 8.75 8.75 8.75 8.75 9.94 8.80 8.80 8.80 8.82 8.82 8.82 8.82 9.20 9.20 9.20 9.20 9.31 9.31 9.31 9.31 9.29 9.29 9.29 9.29 9.18 9.18 9.18 9.18 9.72 9.72 13.54 13.54 12.90 12.23 9.70 12.90 12.86 13.51 13.51 13.51 12.23 9.71 9.71 9.71 10.25 10.25 10.25 10.25 10.23 14.45
7.78 7.80 7.80 7.80 7.80 7.81 7.81 7.81 7.81 7.80 7.80 7.80 7.80 8.23 8.85 8.23 8.84 8.15 8.76 8.15 8.15 8.13 8.74 8.13 8.13 8.19 8.19 8.19 8.19 9.77 8.71 8.71 8.71 8.75 8.75 8.75 8.75 8.80 8.80 8.80 8.80 8.82 9.49 9.49 8.82 9.20 9.20 9.20 9.20 9.86 9.31 9.31 9.31 9.29 9.29 9.29 9.29 9.18 9.18 9.18 9.18 9.72 9.72 9.72 9.72 10.11 12.23 13.54 13.54 9.67 9.67 13.51 13.51 12.23 9.71 9.71 9.71 10.25 10.25 10.25 10.25 10.23 10.23
7.78 7.80 7.80 7.80 7.80 7.81 7.81 7.81 7.81 7.80 7.80 7.80 7.80 8.23 8.23 8.23 8.23 8.15 8.15 8.15 8.75 8.74 8.13 8.13 8.13 8.19 8.19 8.19 8.19 8.71 8.71 8.71 8.71 8.75 8.75 8.75 8.75 8.80 8.80 8.80 8.80 8.82 8.82 9.48 8.82 9.20 9.20 9.20 9.20 9.31 9.86 9.31 9.31 9.29 9.29 9.29 9.29 9.18 9.18 9.18 9.18 9.72 9.72 9.72 9.72 9.70 9.70 12.90 9.70 9.67 9.67 13.51 12.23 12.23 12.23 9.71 9.71 10.25 10.25 10.25 10.25 10.23 10.23
7.93 7.92 7.92 8.22 8.22 7.91 7.91 7.91 7.91 7.91 7.91 7.91 7.91 8.11 8.11 8.11 8.72 8.07 8.07 8.07 8.07 8.12 8.12 8.12 8.12 8.19 8.19 8.19 8.19 8.72 8.72 8.72 8.72 8.79 8.79 8.79 8.79 8.78 8.78 8.78 8.78 8.75 8.75 8.75 8.75 9.30 9.30 9.30 9.30 9.30 9.30 9.30 9.30 9.20 9.20 9.20 9.20 9.27 9.27 9.27 9.27 9.77 9.77 9.77 9.77 9.72 9.72 9.72 9.72 9.70 9.70 12.23 9.70 9.75 9.75 9.75 9.75 10.31 10.31 11.28 10.31 10.31 10.31
7.93 7.92 7.92 7.92 7.92 7.91 7.91 7.91 7.91 7.91 8.55 7.91 7.91 8.11 8.11 8.11 8.11 8.07 8.07 8.07 8.07 8.12 8.12 8.12 8.12 8.19 8.19 8.19 8.19 8.72 8.72 8.72 8.72 8.79 8.79 8.79 8.79 8.78 8.78 8.78 9.93 8.75 8.75 8.75 8.75 9.30 9.30 9.30 9.30 9.30 9.30 9.30 9.30 9.20 9.20 9.20 9.20 9.27 9.27 9.27 9.27 9.77 9.77 11.39 9.77 9.72 9.72 9.72 9.72 10.63 9.70 9.70 9.70 9.75 9.75 9.75 9.75 10.31 10.31 10.31 10.31 10.31 10.31
7.93 8.22 7.92 7.92 7.92 7.91 7.91 7.91 7.91 7.91 7.91 7.91 7.91 8.11 8.11 8.11 8.11 8.07 8.07 8.07 8.07 8.12 8.12 8.12 8.12 8.19 8.19 8.19 8.19 8.72 8.72 8.72 8.72 8.79 8.79 8.79 8.79 10.31 9.45 9.99 8.78 8.75 9.42 8.75 8.75 9.30 9.30 9.30 9.30 9.30 9.30 9.30 9.30 9.20 9.20 9.20 9.20 9.27 9.27 9.27 9.27 9.77 9.77 9.77 11.38 9.72 9.72 9.72 9.72 9.70 9.70 9.70 9.70 9.75 9.75 9.75 9.75 10.31 10.31 10.31 10.31 10.31 10.31
7.93 8.21 7.92 7.92 7.92 7.91 7.91 8.21 7.91 7.91 7.91 7.91 7.91 8.11 8.11 8.11 8.11 8.07 8.07 8.07 8.07 8.12 8.12 8.12 8.12 8.19 8.19 8.19 8.19 8.72 8.72 8.72 8.72 8.79 8.79 8.79 9.93 8.78 8.78 8.78 8.78 8.75 8.75 8.75 8.75 9.30 9.30 9.30 9.30 9.30 9.30 9.30 9.30 9.20 9.20 9.20 9.20 9.27 9.27 9.27 9.27 9.77 9.77 9.77 9.77 9.72 9.72 9.72 9.72 9.70 9.70 9.70 9.70 9.75 9.75 9.75 9.75 10.31 10.31 10.31 10.31 10.31 10.31
7.87 7.83 7.83 7.83 8.32 7.83 7.83 7.83 7.83 7.82 7.82 7.82 7.82 8.07 8.07 8.07 8.07 8.15 8.15 8.15 8.15 8.24 8.24 8.24 8.24 8.29 8.29 8.29 8.29 8.82 8.82 8.82 8.82 8.82 8.82 8.82 9.48 8.76 8.76 8.76 8.76 8.75 8.75 8.75 8.75 9.21 9.21 9.21 9.21 9.26 9.26 9.26 9.26 9.31 9.31 9.31 9.31 9.35 9.35 9.35 9.35 9.84 9.84 9.84 10.74 9.75 10.68 9.75 9.75 9.72 9.72 9.72 9.72 9.79 9.79 9.79 9.79 10.33 10.33 10.33 10.33 10.36 10.36
7.87 7.83 7.83 7.83 7.83 7.83 7.83 7.83 7.83 7.82 7.82 8.31 7.82 8.07 8.07 8.07 8.07 8.15 8.15 8.15 8.15 8.24 8.24 8.24 8.24 8.29 8.29 8.29 8.29 8.82 8.82 8.82 8.82 8.82 8.82 8.82 8.82 8.76 8.76 8.76 8.76 8.75 8.75 8.75 8.75 9.21 9.21 9.21 9.21 9.26 9.26 9.26 9.26 9.31 9.31 9.31 9.31 9.35 9.35 9.35 9.35 9.84 9.84 9.84 9.84 9.75 9.75 9.75 9.75 9.72 9.72 9.72 9.72 9.79 9.79 9.79 9.79 10.33 10.33 10.33 10.33 10.36 11.35
7.87 7.83 7.83 8.32 7.83 7.83 7.83 7.83 7.83 7.82 7.82 7.82 7.82 8.07 8.07 8.07 8.07 8.15 8.15 8.15 8.15 8.24 8.24 8.24 8.24 8.29 8.29 8.29 8.29 8.82 8.82 8.82 8.82 8.82 8.82 8.82 8.82 8.76 8.76 8.76 8.76 8.75 8.75 8.75 8.75 9.21 9.21 9.21 9.21 9.26 9.26 9.26 9.26 9.31 9.31 9.31 9.31 9.35 9.35 9.35 9.35 9.84 9.84 9.84 9.84 9.75 9.75 9.75 10.68 9.72 9.72 9.72 9.72 9.79 9.79 9.79 9.79 10.33 10.33 10.33 10.33 10.36 11.35
7.87 7.83 7.83 7.83 7.83 7.83 7.83 7.83 7.83 8.46 7.82 7.82 7.82 8.07 8.07 8.07 8.07 8.15 8.15 8.15 8.15 8.24 8.24 8.24 8.24 8.29 8.29 8.29 8.29 8.82 8.82 8.82 8.82 8.82 9.97 8.82 9.48 8.76 8.76 8.76 8.76 8.75 8.75 8.75 8.75 9.21 9.21 9.21 9.21 9.26 9.26 9.26 9.26 9.31 9.31 9.31 9.31 9.35 9.35 9.35 9.35 9.84 9.84 11.46 9.84 9.75 11.80 9.75 9.75 9.72 9.72 9.72 9.72 9.79 9.79 9.79 9.79 10.33 10.33 10.33 10.33 10.36 10.36
7.82 7.79 7.79 7.79 7.79 7.83 7.83 7.83 7.83 7.85 7.85 7.85 7.85 8.14 8.14 8.14 8.14 8.27 8.27 8.27 8.27 8.35 8.35 8.35 8.35 8.37 8.37 8.37 8.37 8.88 8.88 8.88 8.88 8.81 8.81 8.81 8.81 8.78 8.78 8.78 8.78 8.78 8.78 8.78 8.78 9.25 9.25 9.25 9.25 9.33 9.33 9.33 9.33 9.36 9.36 9.36 9.36 9.38 9.38 9.38 9.38 9.84 9.84 9.84 10.73 10.66 9.72 9.72 9.72 9.71 9.71 9.71 9.71 9.78 9.78 9.78 9.78 10.34 10.34 10.34 10.34 10.39 10.39
10.50 13.78 11.81 7.79 7.79 7.83 7.83 7.83 7.83 8.34 7.85 7.85 7.85 8.14 8.14 8.14 8.14 8.27 8.27 8.27 8.27 8.35 8.35 8.35 8.35 8.37 8.37 8.37 8.37 8.88 8.88 8.88 8.88 9.97 9.48 8.81 8.81 8.78 8.78 8.78 8.78 8.78 8.78 8.78 8.78 9.25 9.25 9.25 9.25 9.33 9.33 9.33 9.33 9.36 9.36 9.36 9.36 9.38 9.38 9.38 9.38 9.84 9.84 9.84 9.84 9.72 9.72 9.72 9.72 9.71 9.71 9.71 9.71 9.78 9.78 9.78 9.78 10.34 10.34 10.34 10.34 10.39 10.39
10.48 10.44 10.44 10.44 10.44 10.49 10.49 7.81 7.81 7.84 8.34 7.84 7.84 7.95 7.95 7.95 7.95 8.08 8.08 8.08 8.08 8.15 8.15 8.15 8.15 8.19 8.19 8.19 8.19 8.47 8.47 8.47 8.47 8.40 9.05 8.40 8.40 8.37 8.37 8.37 8.37 8.37 8.37 9.06 8.37 9.00 9.00 9.00 9.00 9.08 9.08 9.08 9.08 9.13 9.13 9.13 9.13 9.14 9.14 9.14 9.69 9.44 9.44 9.44 9.44 9.32 10.32 9.32 9.32 9.31 9.31 9.31 9.31 9.38 9.38 9.38 9.38 9.88 9.88 9.88 9.88 9.91 9.91
10.48 10.44 10.44 10.44 10.44 10.49 10.49 10.49 10.49 10.52 7.84 7.84 7.84 7.95 7.95 7.95 7.95 8.08 8.08 8.08 8.08 8.15 8.15 8.15 8.15 8.19 8.19 8.19 8.19 8.47 8.47 8.47 8.47 8.40 8.40 8.40 8.40 8.37 8.37 8.37 8.37 9.03 9.03 8.37 8.37 9.00 9.00 9.00 9.00 9.08 9.08 9.08 9.08 9.13 9.13 9.13 9.13 9.14 9.14 9.14 9.14 9.44 9.44 9.44 9.44 9.32 9.32 9.32 9.32 9.31 9.31 9.31 9.31 9.38 9.38 9.38 9.38 9.88 10.80 9.88 9.88 9.91 9.91
10.44 10.46 10.46 10.46 10.46 10.53 10.53 10.53 10.53 10.55 12.85 10.55 10.55 8.00 8.00 8.00 8.00 8.12 8.12 8.12 8.12 8.22 8.22 8.22 8.22 8.25 8.25 8.25 8.25 8.47 8.47 8.47 8.47 8.37 8.37 8.37 8.37 8.37 8.37 8.37 8.37 8.38 8.38 8.38 8.38 8.99 8.99 8.99 8.99 9.09 9.09 9.09 9.09 9.16 9.16 9.16 9.16 9.13 9.13 9.13 9.13 9.37 9.37 9.37 9.37 9.29 9.29 9.29 9.29 9.30 9.30 9.30 9.30 9.34 9.34 9.34 9.34 9.86 9.86 9.86 10.78 9.94 9.94
10.44 10.46 10.46 10.46 10.46 10.53 10.53 10.53 10.53 10.55 10.55 10.55 10.55 10.97 10.97 10.97 8.00 8.12 8.12 8.12 8.12 8.22 8.22 8.22 8.22 8.25 8.25 8.25 9.59 8.47 8.47 8.47 8.47 8.37 8.37 8.37 8.37 8.37 8.37 8.37 8.37 8.38 8.38 8.38 8.38 8.99 8.99 8.99 8.99 10.10 9.09 9.09 9.09 9.16 9.16 9.16 6.32 9.13 9.13 9.13 9.13 9.37 9.37 9.37 10.20 9.29 9.29 9.29 9.29 9.30 9.30 9.30 9.30 9.34 9.34 9.34 9.34 9.86 10.78 9.86 9.86 11.48 9.94
10.44 10.46 10.46 10.46 10.46 10.53 10.53 10.53 10.53 10.55 10.55 10.55 10.55 10.97 10.97 10.97 10.97 11.13 11.13 11.13 8.12 8.22 8.22 8.22 8.22 8.25 8.25 8.25 9.27 10.65 9.66 8.47 9.46 8.37 8.37 8.37 8.37 8.37 8.37 8.37 8.37 8.38 8.38 8.38 8.38 8.99 8.99 8.99 8.99 9.78 9.09 9.09 9.09 9.16 9.16 9.16 9.16 9.13 9.13 9.13 9.13 9.37 9.37 9.37 10.20 9.29 9.29 9.29 9.29 9.30 9.30 9.30 9.30 9.34 9.34 9.34 9.34 9.86 9.86 9.86 9.86 9.94 9.94
12.42 10.46 10.46 10.46 10.46 11.62 10.53 10.53 10.53 10.55 11.64 10.55 10.55 10.97 10.97 10.97 10.97 11.13 11.13 11.13 11.13 11.26 11.26 8.22 8.22 8.25 8.87 8.56 9.43 9.66 9.66 9.66 8.47 8.37 8.37 8.37 8.37 8.37 8.37 8.37 8.37 12.48 8.38 8.38 9.03 8.99 8.99 8.99 8.99 9.09 9.09 9.09 9.79 9.16 9.16 9.16 9.71 9.13 9.13 9.13 9.13 9.37 9.37 9.37 9.37 9.29 9.29 9.29 9.29 9.30 9.30 9.30 9.30 10.18 9.34 9.34 9.34 9.86 9.86 9.86 9.86 9.94 9.94
10.42 10.47 10.47 10.47 10.47 10.55 10.55 10.55 10.55 10.56 10.56 10.56 10.56 10.97 10.97 10.97 10.97 11.16 11.16 11.16 11.16 11.31 11.31 11.31 11.31 12.68 8.26 9.27 9.43 9.66 9.66 9.10 8.44 8.35 8.35 8.35 8.35 8.37 8.37 10.85 10.85 12.50 8.39 8.39 8.39 8.96 8.96 8.96 8.96 9.05 9.05 9.05 9.75 9.15 9.15 9.15 10.17 9.08 9.08 9.08 9.08 9.33 9.33 9.33 9.33 9.30 9.30 9.30 10.13 9.29 9.29 9.29 9.29 10.13 9.30 9.30 9.30 9.85 9.85 9.85 9.85 9.93 9.93
11.50 10.47 10.47 10.47 10.47 10.55 10.55 10.55 10.55 10.56 10.56 10.56 10.56 10.97 10.97 10.97 10.97 11.16 13.38 11.16 11.16 11.31 11.31 11.31 11.31 12.04 11.31 11.31 12.04 9.66 5.73 8.44 8.44 8.35 8.35 8.35 8.35 8.37 8.37 10.85 10.85 10.89 10.89 9.04 8.39 8.96 8.96 8.96 8.96 9.05 9.05 9.05 9.05 9.15 9.15 10.56 10.56 9.08 9.78 9.08 9.81 9.33 9.33 9.33 9.33 9.30 9.30 9.30 9.30 9.29 9.29 9.29 9.29 9.30 9.30 9.30 9.30 9.85 9.85 9.85 9.85 9.93 9.93
10.42 10.47 10.47 10.47 10.47 10.55 10.55 10.55 10.55 10.56 10.56 10.56 10.56 10.97 10.97 10.97 10.97 11.16 11.16 11.16 11.16 11.31 12.04 12.04 17.60 12.04 11.31 11.31 12.04 11.61 13.17 11.61 11.61 8.35 8.35 8.35 8.35 8.37 8.37 8.37 10.85 10.89 10.89 10.89 8.39 8.96 8.96 8.96 8.96 9.05 9.05 9.05 9.05 9.15 9.69 10.56 10.56 9.08 9.08 9.08 9.08 9.33 9.33 9.33 9.33 9.30 9.30 9.30 9.30 9.29 9.29 9.29 9.29 9.30 9.30 9.30 9.30 9.85 9.85 9.85 9.85 9.93 9.93
10.42 10.47 10.47 10.47 10.47 10.55 10.55 10.55 10.55 10.56 10.56 11.65 10.56 10.97 10.97 10.97 10.97 11.16 13.38 11.16 11.16 12.04 12.04 12.73 12.73 12.08 11.31 11.31 11.31 11.61 11.61 11.82 14.74 11.48 11.48 11.48 8.35 8.37 8.37 8.37 10.85 10.89 11.76 10.89 10.89 10.14 8.96 8.96 8.96 9.05 9.05 9.05 9.05 9.15 9.15 9.15 11.62 9.08 9.08 9.08 9.08 9.33 9.33 9.33 9.33 9.30 11.18 11.18 9.30 9.29 9.29 9.29 9.29 9.30 9.30 9.30 9.30 9.85 9.85 9.85 9.85 9.93 9.93
10.41 10.50 10.50 10.50 10.50 10.55 10.55 10.55 10.55 10.55 10.55 11.64 10.55 10.98 10.98 10.98 10.98 11.15 11.15 11.15 11.15 12.04 13.17 11.04 12.73 12.73 12.19 11.75 11.30 11.83 11.62 12.50 11.62 11.50 11.50 11.50 11.50 13.88 13.88 10.86 10.86 10.89 11.77 11.77 8.40 8.93 8.93 8.93 8.93 8.99 8.99 8.99 8.99 10.56 10.56 9.10 12.35 9.04 9.04 9.04 9.04 9.33 9.33 10.17 9.33 9.32 11.26 11.26 9.32 9.27 9.27 10.10 9.27 9.26 9.26 9.26 9.26 9.85 9.85 9.85 9.85 9.93 9.93
10.41 10.50 10.50 10.50 10.50 10.55 10.55 10.55 10.55 10.55 10.55 10.55 10.55 12.04 10.98 10.98 10.98 11.15 11.15 11.15 11.15 12.04 12.81 13.26 12.81 12.37 6.15 5.70 4.82 12.15 11.62 12.50 11.62 11.50 11.50 11.50 11.50 11.51 12.50 11.51 13.88 13.93 13.93 10.89 8.40 8.93 8.93 8.93 8.93 8.99 8.99 8.99 8.99 9.10 10.56 10.56 12.33 9.04 9.04 9.04 9.04 9.33 11.20 9.33 9.33 9.32 9.32 9.32 9.32 9.27 9.27 9.27 9.27 9.26 9.26 9.26 9.26 9.85 9.85 9.85 9.85 9.93 9.93
10.41 10.50 10.50 10.86 11.56 10.55 12.56 10.55 11.64 10.55 10.55 10.55 10.55 10.98 12.08 12.08 12.08 12.08 12.04 12.04 11.15 12.93 7.03 6.59 13.70 9.78 15.11 16.00 15.56 8.96 12.15 12.50 11.62 11.50 11.50 11.50 11.50 11.51 12.50 12.50 11.51 13.93 13.93 14.79 13.93 14.55 8.93 8.93 8.93 8.99 8.99 8.99 8.99 9.10 10.56 10.56 12.33 9.04 9.04 9.04 10.65 11.20 11.20 11.20 11.20 9.32 9.32 9.32 9.32 9.27 9.27 9.27 9.27 9.26 9.26 9.26 9.26 9.85 9.85 9.85 9.85 9.93 9.93
10.41 11.96 11.56 11.56 11.56 10.55 11.64 10.55 10.55 10.55 10.55 10.55 10.55 10.98 10.98 12.04 12.08 12.08 12.08 11.15 12.04 13.81 7.03 8.89 14.23 0.00 0.00 0.00 0.00 0.00 14.89 4.44 12.50 11.50 11.50 11.50 12.44 12.50 12.50 12.50 12.44 11.55 13.93 13.45 13.45 14.55 11.80 11.80 11.80 8.99 8.99 8.99 8.99 9.10 10.31 10.56 10.56 9.04 9.04 9.04 9.04 11.20 11.20 6.61 11.20 9.32 9.32 9.32 9.32 9.27 9.27 9.27 9.27 9.26 9.26 9.26 9.26 9.85 9.85 9.85 9.85 9.93 9.93
10.45 10.53 11.56 11.56 11.56 11.64 10.55 10.55 10.55 10.54 10.54 10.54 10.54 11.01 12.20 11.01 11.01 12.04 11.15 12.04 12.04 15.11 8.89 0.00 0.00 0.00 0.00 0.00 0.00 0.00 0.00 14.89 13.25 11.53 11.53 11.53 12.44 12.44 12.50 12.50 12.44 11.52 13.89 15.11 13.45 14.58 14.53 11.78 11.78 11.80 11.80 11.80 8.94 9.03 11.62 10.31 10.56 9.19 9.04 9.04 9.04 9.35 11.21 9.35 9.35 9.32 9.32 10.16 9.32 9.25 9.25 10.07 10.96 10.07 9.25 9.25 9.25 9.84 9.84 9.84 9.84 9.95 9.95
10.45 11.56 10.88 11.56 11.56 11.55 10.55 10.55 11.56 10.54 10.54 10.54 10.54 11.01 11.01 11.01 11.01 11.15 11.15 11.15 14.77 0.44 0.00 0.00 0.00 0.00 0.00 0.00 0.00 0.00 0.00 0.00 18.92 15.24 11.53 11.53 11.53 12.44 12.50 12.50 12.50 11.52 13.45 13.45 13.20 14.39 14.58 13.08 11.78 11.80 11.80 11.80 11.80 11.93 11.93 11.93 10.56 10.56 10.56 9.04 9.04 11.21 11.26 9.35 9.35 9.32 10.16 9.32 11.20 9.25 9.25 9.25 9.25 9.25 9.25 9.25 9.25 9.84 9.84 9.84 9.84 9.95 9.95
10.56 12.73 12.73 12.73 12.73 11.01 10.66 10.66 10.66 11.70 10.65 10.65 10.65 11.12 11.12 11.12 11.12 11.26 11.26 14.38 0.00 0.00 0.00 0.00 0.00 0.00 0.00 0.00 0.00 0.00 0.00 0.00 4.51 13.33 12.88 11.99 11.55 12.14 11.51 11.51 13.17 11.54 11.54 14.11 15.05 13.32 13.56 11.55 11.55 11.57 11.57 11.57 11.57 11.70 11.70 11.70 12.60 12.60 17.86 8.52 9.06 8.81 8.81 8.81 8.81 8.78 8.78 8.78 8.78 8.71 8.71 8.71 8.71 8.71 8.71 8.71 8.71 9.20 9.20 9.20 9.20 9.17 9.17
