New_Model_Runs/14_Future_RCP8.5_Scn1_out/post_prcessed_with_MFR/Monthly_summaries/net_infiltration_monthly_JUN.asc
NCOLS 700
NROWS 400
XLLCENTER 515000.000000
YLLCENTER 8409000.000000
CELLSIZE 50.000000
NODATA_value -999.000000
[rows 252 to 287 of 400, columns 246 to 327 of 700]
22.38 23.82 20.31 12.41 15.92 23.82 20.31 22.38 22.78 23.03 22.80 22.22 11.04 25.24 25.73 22.37 22.37 22.37 13.19 13.19 13.19 13.19 13.19 13.35 13.35 10.89 13.37 13.55 9.03 2.71 16.47 12.97 6.65 6.22 6.22 6.65 14.65 3.57 2.71 3.14 3.14 12.38 10.44 10.01 10.01 10.01 10.01 3.43 13.51 8.04 4.95 4.10 4.10 4.52 14.85 6.91 7.77 4.69 5.00 4.14 4.57 4.57 4.14 7.65 7.23 7.23 7.65 14.46 16.15 16.15 12.64 12.64 12.64 0.00 0.00 0.00 0.00 0.00 0.00 0.00 0.00 0.00
23.82 14.80 23.82 15.92 12.41 12.41 20.31 22.78 22.38 23.46 22.80 13.35 14.03 13.19 13.19 25.88 25.88 22.37 13.35 13.19 13.19 13.19 13.19 13.35 13.19 10.89 7.44 9.46 12.94 12.54 6.22 6.22 13.79 2.71 2.71 9.46 14.22 9.89 9.03 3.57 3.14 9.03 3.00 10.44 13.95 10.44 13.54 4.98 6.24 5.81 5.38 4.95 4.95 4.95 7.61 14.85 13.12 4.69 5.00 4.14 5.00 4.57 8.51 8.08 7.23 7.65 7.65 14.89 16.58 16.15 16.15 12.64 12.64 12.64 0.00 0.00 0.00 0.00 0.00 0.00 0.00 0.00
11.29 11.29 24.25 20.31 20.31 12.41 20.31 12.41 20.31 22.38 20.06 11.47 11.90 11.04 11.04 13.35 16.86 16.21 13.35 13.35 13.19 13.19 13.19 13.19 13.19 13.19 2.53 13.79 12.54 12.54 2.71 6.22 2.71 3.14 3.57 3.14 9.03 9.03 9.03 9.46 3.57 3.80 10.01 13.52 10.01 10.44 13.99 12.23 4.95 13.08 4.52 4.95 4.52 4.52 3.67 15.74 13.12 3.83 4.14 3.71 4.57 8.51 8.08 4.14 3.71 11.79 15.30 7.65 4.14 11.38 17.00 13.07 12.64 12.64 8.95 8.95 0.00 0.00 0.00 0.00 0.00 0.00
16.87 14.80 16.35 24.25 23.82 20.31 20.31 23.03 20.31 13.36 11.04 11.90 13.78 13.35 12.70 11.04 13.35 16.21 14.35 13.35 13.35 13.35 13.19 13.19 15.10 15.41 12.54 12.54 9.03 14.54 14.51 2.71 6.22 2.71 4.01 2.71 15.11 9.03 13.36 9.03 10.51 9.03 10.01 17.05 10.01 10.44 12.65 12.23 4.10 4.10 12.65 4.10 3.67 3.67 3.67 12.23 14.85 11.34 14.89 14.46 14.46 14.46 14.46 14.46 14.46 14.46 14.46 12.64 12.64 13.07 17.01 12.64 12.64 12.64 9.38 9.38 8.95 8.95 8.95 8.95 8.95 9.57
13.76 11.29 16.35 20.74 21.83 23.82 25.89 21.98 20.92 12.80 11.47 15.40 13.35 14.67 14.67 13.78 13.78 11.47 14.55 13.35 13.19 13.19 15.10 15.10 15.10 17.98 12.54 14.48 11.95 14.48 14.46 14.46 6.22 12.54 2.71 9.03 13.36 13.36 9.03 9.03 9.03 9.03 10.01 13.52 10.01 12.23 13.30 14.20 13.89 14.20 12.65 12.65 13.59 13.93 13.56 3.67 3.67 14.85 11.38 11.38 12.64 12.64 12.64 12.64 12.64 12.64 12.64 12.64 12.64 12.64 16.15 3.29 3.29 3.29 4.10 4.10 3.67 3.67 3.67 3.67 3.67 3.67
11.72 11.29 24.25 22.41 20.31 23.03 23.03 23.82 22.38 11.29 13.78 13.78 12.56 14.67 15.10 4.63 13.42 13.03 13.13 19.04 14.47 15.10 15.10 14.67 18.61 16.07 14.21 14.48 14.48 12.96 9.46 3.14 2.71 12.54 2.71 6.22 16.87 12.54 6.22 5.83 5.83 5.83 2.63 14.65 14.85 14.85 11.34 11.77 13.89 14.20 12.23 15.90 14.36 4.95 4.52 3.67 13.40 17.08 16.15 12.64 12.64 12.64 12.64 12.64 12.64 12.64 12.64 12.64 12.64 12.64 16.15 12.64 10.95 3.29 3.67 12.24 12.24 12.24 12.24 12.24 12.24 12.24
10.80 19.83 23.34 23.34 19.83 21.42 21.42 22.06 22.06 10.80 12.48 13.44 13.44 13.44 3.55 4.41 12.69 13.09 12.26 15.77 11.83 13.82 13.87 17.03 15.34 11.83 13.23 13.58 9.45 9.88 13.99 13.99 13.56 13.56 6.35 11.79 11.79 9.45 2.84 8.27 2.48 8.27 6.02 14.39 10.88 10.88 4.55 12.16 10.88 3.49 4.35 3.92 4.78 5.20 7.43 7.00 7.00 7.00 7.35 11.98 11.98 11.98 11.98 10.62 11.98 11.98 11.98 11.98 11.98 11.98 15.49 11.98 10.62 3.19 3.23 12.11 12.11 12.11 12.11 12.11 12.11 12.11
10.80 19.83 15.78 23.34 19.83 22.06 22.06 22.06 13.03 13.03 13.09 13.51 3.98 11.83 3.55 12.26 13.51 11.83 11.83 15.34 15.34 15.34 16.60 14.25 17.33 7.06 11.37 11.37 9.45 9.88 13.56 13.56 13.56 13.56 12.96 9.45 12.96 12.96 6.35 5.99 11.78 8.27 3.26 6.77 10.88 10.88 11.31 11.74 11.31 3.49 4.35 4.35 7.86 7.86 13.04 11.63 3.49 3.92 4.27 7.35 11.98 11.98 11.98 10.62 10.62 11.98 11.98 11.98 11.98 11.98 14.13 3.19 3.19 3.19 3.23 12.11 0.00 0.00 0.00 0.00 0.00 0.00
10.81 19.83 23.77 19.83 22.06 22.06 22.49 13.03 10.81 10.81 13.09 11.83 12.26 3.55 12.26 12.26 12.26 13.82 13.82 13.44 12.26 12.26 17.33 13.82 11.83 15.34 3.41 11.37 9.45 13.54 13.50 13.50 13.50 13.50 12.96 16.29 12.78 12.78 12.78 8.27 11.31 14.18 6.77 6.77 14.39 3.26 10.88 11.31 11.31 3.49 12.06 7.86 3.92 3.92 3.49 13.11 12.06 4.35 12.22 11.79 14.87 10.62 11.98 11.98 11.98 11.98 11.98 3.61 4.04 3.61 15.49 3.19 3.61 3.61 3.23 3.23 0.00 0.00 0.00 0.00 0.00 0.00
10.81 23.34 23.77 20.69 22.49 22.34 20.69 13.46 13.03 10.81 13.09 11.83 11.83 11.83 12.69 4.41 4.41 13.87 11.83 13.82 12.26 16.23 15.34 11.83 15.34 17.33 13.23 12.93 13.54 13.54 13.50 13.50 13.50 13.50 17.01 16.29 12.78 12.78 12.78 8.27 15.81 14.18 15.79 14.39 12.71 7.20 14.39 10.88 3.49 11.63 7.00 3.49 12.06 11.63 13.11 13.11 13.11 13.08 12.65 4.27 6.92 3.61 11.05 11.98 11.98 15.49 14.13 7.55 15.84 7.55 6.70 7.13 4.04 4.04 3.23 3.23 3.23 0.00 0.00 0.00 0.00 0.00
19.83 15.78 19.83 22.49 22.71 21.11 21.85 13.46 10.81 10.38 11.83 11.83 11.83 3.55 3.55 13.09 13.44 11.83 3.55 13.82 11.83 15.34 13.82 17.33 15.34 13.09 13.23 12.93 12.93 13.54 13.50 13.50 13.50 13.12 12.96 6.78 13.39 6.78 13.39 14.18 10.66 3.20 10.88 14.39 12.35 11.31 10.88 14.39 15.15 7.86 4.35 3.49 3.92 3.92 12.65 12.28 11.31 12.49 3.84 7.35 7.13 4.04 11.91 11.48 15.92 15.49 11.48 4.47 4.45 3.61 3.19 8.41 5.33 3.61 3.23 3.58 3.23 0.00 0.00 0.00 0.00 0.00
23.77 19.83 19.83 20.69 20.69 23.77 11.66 11.23 10.38 12.28 11.83 11.83 11.83 13.09 11.83 13.82 13.82 13.82 13.82 12.26 12.69 15.34 17.33 17.33 13.82 11.83 13.23 12.93 12.93 13.54 13.50 13.50 13.12 13.12 6.35 3.69 10.31 9.45 4.31 3.63 3.20 3.20 3.26 14.39 12.28 3.26 3.28 11.31 3.49 7.43 3.92 11.63 13.50 11.74 11.31 11.31 11.74 4.55 3.84 14.87 12.84 4.47 4.90 16.78 12.41 10.62 12.84 4.04 12.41 10.62 3.19 7.13 9.70 4.90 3.23 3.23 3.23 3.23 0.00 0.00 0.00 0.00
25.05 20.69 21.85 25.79 21.42 13.46 11.66 12.39 10.80 14.73 13.44 13.44 11.83 13.44 13.44 13.82 13.82 13.82 13.82 12.69 7.92 15.34 7.06 3.55 11.83 13.82 12.91 12.91 12.91 12.91 13.49 13.49 13.12 9.45 6.35 9.88 3.26 3.45 3.88 11.93 11.50 11.50 11.63 15.15 15.15 12.65 3.49 12.06 12.49 7.43 12.06 12.06 11.74 13.14 12.71 11.31 10.88 11.31 6.70 14.56 12.41 4.47 6.61 11.91 11.05 4.04 7.55 12.41 11.98 12.34 14.13 7.13 4.47 11.91 3.23 12.11 0.00 3.23 3.23 0.00 0.00 0.00
24.63 20.69 19.83 22.06 12.83 13.46 12.83 13.26 14.73 14.73 13.87 13.44 13.44 13.09 13.44 13.82 13.82 13.82 11.83 3.98 7.49 11.83 15.34 11.83 11.83 14.25 11.79 3.19 3.19 3.19 8.27 8.70 8.70 8.27 5.99 11.78 11.09 11.09 10.66 11.50 11.50 11.50 15.15 15.15 7.00 15.15 15.15 15.15 15.15 15.15 16.81 13.23 13.23 12.71 12.28 12.28 12.71 12.16 15.42 10.62 11.05 4.90 5.33 4.47 11.05 12.76 7.98 10.62 15.49 14.13 15.49 11.98 11.98 11.98 3.23 0.00 0.00 0.00 3.23 3.23 0.00 0.00
11.66 12.83 12.83 12.83 13.32 12.26 12.26 12.26 14.72 15.15 13.44 13.44 13.44 13.44 13.69 13.44 3.55 11.83 11.83 12.26 16.20 11.83 15.77 11.83 11.83 12.26 12.22 3.62 11.96 11.96 11.78 12.21 11.78 5.99 11.78 7.14 7.14 6.71 6.71 14.60 15.44 15.01 4.35 16.00 11.63 11.63 11.63 11.63 11.63 3.49 15.15 13.30 12.80 12.28 12.28 12.28 12.71 13.14 11.48 6.70 11.48 11.05 3.61 11.05 13.27 16.27 7.13 14.56 14.56 11.98 10.62 11.98 11.98 11.98 3.23 0.00 0.00 0.00 0.00 3.23 3.23 12.11
12.70 12.82 12.39 12.82 13.26 13.26 12.26 14.72 14.72 14.72 13.82 13.44 13.44 13.44 13.44 13.44 11.83 13.09 15.34 18.88 16.66 16.29 15.77 11.83 11.83 12.26 13.34 3.19 11.96 11.96 15.47 2.48 2.48 8.27 7.14 3.63 10.66 10.66 10.66 11.93 11.93 11.50 12.06 7.86 3.49 12.65 11.63 11.63 11.63 3.49 7.00 13.39 12.66 12.80 12.28 12.21 12.21 12.66 10.62 6.70 4.04 11.48 3.19 10.62 12.41 14.56 14.13 14.56 11.05 11.98 12.41 12.41 11.98 11.98 3.23 0.00 0.00 0.00 0.00 12.11 3.23 3.23
11.23 14.55 13.11 12.82 12.82 13.26 12.26 14.72 15.16 13.13 13.44 13.44 13.44 13.44 13.87 13.87 12.72 15.34 17.33 14.25 14.80 19.05 7.06 15.34 13.09 12.69 12.81 3.19 3.62 3.62 3.19 2.48 2.48 3.20 6.71 10.66 10.66 12.15 3.88 4.31 12.36 12.36 11.64 11.64 3.49 11.64 11.64 3.49 11.64 7.00 14.39 14.39 11.31 12.71 12.80 12.16 12.16 12.16 11.98 11.98 14.56 3.19 10.62 14.13 6.70 3.19 3.19 11.05 14.56 10.62 12.41 11.98 11.98 3.19 10.77 0.00 0.00 0.00 12.11 3.23 3.23 3.23
12.82 11.23 12.26 12.83 11.97 12.39 12.71 14.30 15.16 15.12 13.44 13.44 16.29 17.03 16.27 16.20 15.34 15.34 12.35 14.25 13.98 14.73 13.09 12.26 12.69 12.26 11.96 12.45 4.08 10.63 10.63 3.19 10.66 10.66 6.71 10.66 12.30 10.66 3.88 11.93 4.31 7.82 3.49 11.64 11.64 11.64 3.49 6.77 6.77 6.77 6.77 4.12 13.23 12.80 12.80 12.80 12.16 12.52 11.98 11.98 15.49 6.70 6.70 3.19 3.19 3.19 3.19 3.61 3.61 11.98 11.98 11.98 11.98 3.19 12.11 0.00 12.11 3.23 3.23 3.23 10.77 10.77
13.26 13.69 12.26 12.26 12.83 14.72 15.15 14.30 14.30 14.72 13.67 13.67 15.83 12.74 12.74 11.83 12.78 13.55 14.37 12.26 13.12 3.98 15.22 13.51 14.37 13.12 12.44 11.96 11.96 11.96 10.84 10.63 10.66 3.20 15.81 10.66 10.66 10.66 11.50 12.71 11.50 16.22 11.64 11.64 11.64 3.49 6.77 6.77 6.77 14.39 10.88 13.66 11.74 15.09 13.23 12.16 12.20 12.52 11.98 11.98 15.49 6.70 3.19 3.19 3.19 3.19 11.98 3.19 3.19 10.62 11.98 3.19 3.19 11.98 12.11 10.77 3.23 3.23 3.23 10.77 0.00 0.00
13.54 11.66 12.26 12.26 14.72 14.72 14.72 14.72 14.30 10.38 15.83 12.31 12.31 11.47 10.16 11.83 12.26 5.26 14.80 13.09 11.83 11.83 13.44 13.82 13.82 14.25 10.63 10.63 12.38 12.38 11.96 11.09 3.63 7.12 12.30 12.30 10.66 11.50 11.50 3.45 11.50 6.96 7.00 7.00 14.39 6.77 6.77 14.39 10.88 10.88 12.28 12.80 3.26 11.31 12.71 12.28 12.16 12.52 13.12 6.70 3.61 3.19 3.19 10.62 11.98 3.19 3.19 11.98 10.62 3.19 3.19 10.62 11.98 11.98 3.23 3.23 3.23 10.77 0.00 0.00 0.00 0.00
13.97 13.25 11.97 12.26 14.72 14.72 14.72 14.72 15.48 16.35 12.31 12.31 12.31 10.16 11.83 12.26 3.55 3.98 3.55 3.55 12.26 12.26 13.82 13.82 11.83 11.83 10.63 10.63 11.06 3.19 11.06 11.52 3.63 6.71 3.60 10.66 3.20 10.66 11.50 3.45 13.10 15.01 7.00 3.26 11.31 11.31 10.88 12.66 10.88 10.88 11.31 11.31 12.28 12.28 10.88 10.88 15.79 14.39 10.62 3.61 4.04 3.61 11.98 11.98 3.19 3.19 3.19 11.98 3.19 3.19 10.62 11.98 3.19 3.19 3.58 10.77 3.23 0.00 0.00 0.00 0.00 0.00
16.20 16.33 13.89 10.38 14.72 14.72 14.72 15.48 16.35 12.83 12.74 12.74 12.31 13.44 11.83 12.69 12.69 12.26 11.83 13.12 12.69 12.26 13.82 11.83 3.55 12.98 10.63 11.06 12.81 11.96 11.09 12.73 12.30 14.18 10.66 10.66 10.66 10.66 11.50 3.45 13.10 12.71 15.15 10.88 11.31 11.31 3.26 12.66 12.80 12.19 13.23 11.31 12.28 4.12 15.25 14.39 10.88 11.74 10.62 3.19 3.19 3.19 10.62 11.98 3.19 10.62 3.19 3.19 11.98 11.98 3.19 3.19 3.19 10.62 10.77 0.00 0.00 0.00 0.00 0.00 0.00 0.00
11.99 10.70 12.04 13.79 15.50 12.85 12.89 16.38 12.87 12.44 10.28 12.73 12.98 12.91 12.91 11.86 13.41 13.41 11.86 12.29 12.29 11.43 11.43 3.43 11.43 12.66 12.15 12.46 5.66 10.74 12.87 12.87 12.29 15.95 12.44 14.02 10.51 10.51 10.51 12.22 11.25 12.22 15.33 15.06 12.12 10.41 11.69 10.41 11.78 11.78 12.24 10.41 10.41 7.49 14.35 11.12 11.54 10.28 11.55 3.47 11.55 3.47 3.47 12.80 3.47 3.47 12.80 12.80 11.55 3.47 3.47 3.47 11.55 11.55 0.00 0.00 0.00 0.00 0.00 0.00 0.00 0.00
12.44 12.44 12.44 11.99 11.99 15.55 16.83 14.22 16.38 13.79 11.06 11.06 12.98 12.55 11.43 12.55 12.98 12.55 12.55 12.55 16.49 16.49 14.94 16.06 14.21 16.60 11.89 11.59 12.02 11.37 12.71 12.72 15.31 7.09 7.09 10.94 10.51 10.72 3.15 10.51 12.60 12.22 12.70 15.06 12.12 12.09 12.24 12.02 10.41 12.09 12.09 13.92 13.92 11.12 11.12 9.42 9.42 9.42 10.57 3.47 3.47 11.55 11.55 3.47 11.55 12.80 11.55 3.47 3.47 3.47 11.55 12.80 11.80 12.60 0.00 0.00 0.00 0.00 0.00 0.00 0.00 0.00
12.87 12.44 12.44 11.99 11.99 11.61 15.55 11.61 10.28 13.79 13.37 13.37 15.80 16.66 15.80 16.06 15.37 15.37 16.06 16.49 13.84 13.41 11.86 12.03 12.03 14.64 14.68 14.68 11.18 10.94 14.88 15.74 15.74 14.88 4.01 4.01 11.86 10.94 10.94 10.51 10.51 11.25 11.12 11.12 13.92 11.69 10.41 12.12 12.67 13.92 13.92 12.24 10.41 9.42 9.42 11.69 9.42 9.42 12.80 11.55 11.55 3.47 3.47 12.80 12.80 3.47 3.47 3.47 11.55 12.80 11.78 12.60 12.60 10.57 0.00 0.00 0.00 0.00 0.00 0.00 0.00 0.00
10.70 11.61 12.04 11.99 11.99 12.44 15.95 10.28 3.08 12.88 12.73 16.37 17.09 16.66 13.15 11.43 11.86 13.07 16.49 17.64 13.15 11.43 13.34 12.91 11.43 11.43 10.31 10.31 15.79 14.02 14.02 14.88 14.88 7.09 3.15 3.58 3.15 11.95 10.51 10.51 11.86 10.51 11.98 11.55 12.02 13.92 14.35 11.27 14.35 6.63 9.42 9.42 9.42 9.42 9.42 10.41 10.41 3.12 3.47 3.47 3.47 3.47 12.80 3.47 3.47 3.47 11.55 11.55 12.60 12.60 10.57 10.57 10.57 0.00 0.00 0.00 0.00 0.00 0.00 0.00 0.00 0.00
11.99 12.87 12.87 11.99 11.99 12.44 15.95 12.44 12.87 13.30 11.87 17.22 12.00 15.43 15.08 11.43 12.55 12.98 12.98 13.27 16.23 3.86 12.55 11.43 11.43 11.43 11.00 11.25 12.60 15.79 10.51 3.15 14.02 7.02 7.02 6.66 6.66 6.66 11.86 11.86 11.86 11.86 3.98 3.98 11.12 10.41 14.35 7.06 10.41 10.41 9.42 9.42 9.42 9.42 10.41 3.12 3.12 10.41 12.80 12.80 12.80 3.47 3.47 3.47 3.47 11.55 12.60 12.60 10.57 0.00 0.00 0.00 0.00 0.00 0.00 0.00 0.00 0.00 0.00 0.00 0.00 0.00
12.44 11.99 11.99 11.99 11.99 10.28 10.28 15.12 14.64 11.13 14.65 10.71 14.63 14.00 18.37 13.15 12.91 12.91 13.27 12.91 11.86 15.37 11.43 11.43 12.91 12.55 11.86 12.11 12.60 14.76 14.76 6.66 10.51 3.15 14.76 14.76 14.02 10.51 14.02 15.37 11.86 11.86 10.84 3.12 6.63 13.92 10.41 3.12 10.41 9.42 9.42 9.42 10.41 3.12 3.12 10.41 11.69 11.69 12.80 12.80 3.47 3.47 3.47 11.55 11.55 12.60 12.60 10.57 0.00 0.00 0.00 0.00 0.00 0.00 0.00 0.00 0.00 0.00 0.00 0.00 0.00 0.00
12.44 12.44 11.99 11.99 11.99 11.99 10.28 10.28 13.79 13.79 15.08 12.73 13.15 6.86 10.37 11.57 9.86 12.91 12.55 14.57 11.43 3.43 14.94 12.91 12.91 11.43 12.11 12.54 11.25 3.38 11.25 15.51 11.68 3.38 11.25 11.25 11.25 3.38 3.80 7.52 11.86 11.86 14.35 7.06 3.12 10.41 3.12 3.12 3.12 9.42 9.42 10.41 3.12 3.12 11.69 11.69 11.69 11.69 3.47 3.47 3.47 3.47 11.55 10.57 12.01 10.57 10.57 0.00 0.00 0.00 0.00 0.00 0.00 0.00 0.00 0.00 0.00 0.00 0.00 0.00 0.00 0.00
12.44 12.44 12.44 12.44 11.99 11.99 11.99 11.99 11.99 10.28 16.92 12.55 11.43 11.43 6.94 2.96 9.86 11.43 10.96 13.37 16.06 16.06 14.94 12.55 12.55 12.55 11.25 3.80 3.38 11.25 14.76 15.19 4.23 3.80 3.38 13.03 11.68 3.38 12.11 4.23 14.02 14.02 14.56 13.88 11.69 10.41 3.12 3.12 3.12 10.41 3.12 3.12 11.69 11.69 11.69 11.69 3.12 3.12 3.47 3.47 11.55 10.57 0.00 0.00 0.00 0.00 0.00 0.00 0.00 0.00 0.00 0.00 0.00 0.00 0.00 0.00 0.00 0.00 0.00 0.00 0.00 0.00
12.04 12.87 12.44 11.99 12.44 12.44 10.28 12.85 12.47 11.61 12.55 14.94 14.94 9.86 6.47 13.37 9.86 2.96 11.47 11.47 11.47 11.43 14.94 3.43 12.55 11.56 14.76 7.31 14.76 11.25 6.89 11.25 11.68 3.38 11.68 13.03 11.68 11.25 3.80 7.31 14.45 13.15 4.41 12.09 10.41 10.41 10.41 11.69 11.69 11.69 3.12 3.12 3.12 10.41 10.41 3.12 3.12 3.12 11.55 11.55 0.00 0.00 0.00 0.00 0.00 0.00 0.00 0.00 0.00 0.00 0.00 0.00 0.00 0.00 0.00 0.00 0.00 0.00 0.00 0.00 0.00 0.00
12.47 13.30 12.44 11.99 12.44 11.99 12.44 12.44 12.47 11.61 11.06 13.70 15.37 13.37 14.57 14.57 13.37 9.86 11.47 11.47 13.27 12.29 14.94 15.80 14.94 6.98 14.76 11.25 11.25 12.00 14.76 3.38 11.25 12.00 11.68 13.03 12.60 14.76 14.76 11.86 3.58 11.37 12.46 11.69 12.52 10.41 10.41 11.69 11.69 11.69 10.41 3.12 3.12 3.12 3.12 3.12 10.41 10.41 10.57 0.00 0.00 0.00 0.00 0.00 0.00 0.00 0.00 0.00 0.00 0.00 0.00 0.00 0.00 0.00 0.00 0.00 0.00 0.00 0.00 0.00 0.00 0.00
12.44 12.44 11.99 11.99 12.44 11.99 12.87 16.38 15.55 15.12 14.57 13.37 15.00 11.06 11.06 11.06 11.06 13.37 9.86 11.47 13.07 12.29 8.66 6.86 5.18 3.90 11.25 11.25 11.25 11.25 11.25 7.17 15.19 12.11 11.68 14.76 6.89 11.86 10.51 11.52 11.52 10.51 10.41 10.41 11.98 10.84 10.41 11.69 11.69 11.69 11.69 3.12 3.12 3.12 10.41 10.41 11.66 0.00 0.00 0.00 0.00 0.00 0.00 0.00 0.00 0.00 0.00 0.00 0.00 0.00 0.00 0.00 0.00 0.00 0.00 0.00 0.00 0.00 0.00 0.00 0.00 0.00
12.44 11.99 11.99 12.44 12.44 10.28 12.47 12.47 12.87 15.12 14.57 11.06 11.06 11.06 11.06 6.70 11.06 11.06 14.22 15.08 13.37 15.80 14.27 17.78 13.63 11.99 13.07 11.68 11.25 11.25 11.25 11.25 11.25 7.74 15.19 15.73 10.51 3.15 10.51 10.51 10.51 10.51 3.12 11.69 11.69 11.69 3.12 3.12 10.41 3.12 3.12 3.12 10.41 11.69 11.66 9.42 0.00 0.00 0.00 0.00 0.00 0.00 0.00 0.00 0.00 0.00 0.00 0.00 0.00 0.00 0.00 0.00 0.00 0.00 0.00 0.00 0.00 0.00 0.00 0.00 0.00 0.00
11.99 12.53 12.40 13.03 12.60 13.03 12.40 15.12 15.12 11.61 11.06 11.06 11.06 11.06 11.06 11.51 11.06 11.06 15.43 17.09 10.71 4.29 11.43 11.56 15.07 11.99 13.46 13.03 12.60 12.60 11.25 12.22 14.76 14.76 3.38 10.51 12.28 3.58 3.58 10.51 10.51 11.86 11.69 11.69 11.69 3.12 3.12 3.12 3.12 3.12 3.12 10.41 12.12 12.09 0.00 0.00 0.00 0.00 0.00 0.00 0.00 0.00 0.00 0.00 0.00 0.00 0.00 0.00 0.00 0.00 0.00 0.00 0.00 0.00 0.00 0.00 0.00 0.00 0.00 0.00 0.00 0.00
12.53 12.60 13.03 12.40 11.97 16.11 15.48 11.97 11.61 11.61 11.06 11.06 11.06 11.06 11.06 11.06 11.06 11.06 11.06 13.37 12.73 11.06 11.43 12.77 12.77 15.50 11.68 12.60 12.60 12.60 16.11 14.76 12.60 3.38 11.25 10.51 12.28 10.94 12.29 11.86 11.86 11.86 11.69 11.69 11.69 3.46 3.12 3.12 3.12 11.69 10.41 10.41 3.55 11.66 0.00 0.00 0.00 0.00 0.00 0.00 0.00 0.00 0.00 0.00 0.00 0.00 0.00 0.00 0.00 0.00 0.00 0.00 0.00 0.00 0.00 0.00 0.00 0.00 0.00 0.00 0.00 0.00
