New_Model_Runs/14_Future_RCP8.5_Scn1_out/post_prcessed_with_MFR/Monthly_summaries/net_infiltration_monthly_JUL.asc
NCOLS 700
NROWS 400
XLLCENTER 515000.000000
YLLCENTER 8409000.000000
CELLSIZE 50.000000
NODATA_value -999.000000
[rows 152 to 189 of 400, columns 336 to 419 of 700]
8.67 10.44 10.60 9.09 9.46 9.53 9.46 9.46 9.46 8.99 7.41 7.41 8.33 8.33 7.30 7.30 6.80 6.80 7.74 6.80 6.91 6.91 6.91 6.91 6.99 10.62 5.58 5.58 6.47 6.47 7.35 6.03 5.41 5.41 5.85 6.39 5.95 13.60 7.75 6.06 6.47 10.80 10.36 10.40 10.40 8.24 2.17 1.72 5.26 0.00 0.00 0.00 0.00 0.00 0.00 0.00 0.00 0.00 0.00 0.00 0.00 0.00 0.00 0.00 0.00 0.00 0.00 0.00 0.00 0.00 0.00 0.00 0.00 0.00 0.00 0.00 0.00 0.00 0.00 0.00 0.00 0.00 0.00 0.00
8.91 9.86 8.19 8.53 10.35 10.11 9.93 11.15 11.15 8.99 8.99 7.41 7.30 7.30 7.30 7.30 6.80 6.80 6.80 6.80 6.91 6.91 6.91 6.91 6.99 6.51 10.14 10.14 5.58 11.55 6.47 5.58 10.02 11.31 9.57 10.54 12.56 8.74 8.10 6.06 6.03 10.80 9.61 5.74 9.37 1.72 2.17 2.17 5.26 0.00 0.00 0.00 0.00 0.00 0.00 0.00 0.00 0.00 0.00 0.00 0.00 0.00 0.00 0.00 0.00 0.00 0.00 0.00 0.00 0.00 0.00 0.00 0.00 0.00 0.00 0.00 0.00 0.00 0.00 0.00 0.00 0.00 0.00 0.00
8.97 8.91 8.47 8.09 9.29 10.79 9.05 9.05 8.99 8.99 8.99 7.41 7.30 7.30 7.30 8.18 6.80 6.80 6.80 6.80 6.91 6.91 6.91 6.91 12.57 12.57 12.57 14.84 10.14 10.14 10.14 10.14 5.85 10.46 9.81 11.14 8.40 12.66 7.21 6.73 6.03 11.01 11.01 5.74 5.79 6.18 5.74 5.74 5.26 5.45 0.00 0.00 0.00 0.00 0.00 0.00 0.00 0.00 0.00 0.00 0.00 0.00 0.00 0.00 0.00 0.00 0.00 0.00 0.00 0.00 0.00 0.00 0.00 0.00 0.00 0.00 0.00 0.00 0.00 0.00 0.00 0.00 0.00 0.00
8.53 8.09 9.79 8.09 8.09 9.46 11.18 9.05 8.99 8.99 8.99 8.99 8.33 7.30 7.30 7.30 6.80 6.80 6.80 6.80 6.91 6.91 6.91 6.91 10.62 6.99 6.99 7.44 8.36 11.03 6.47 7.09 9.37 9.37 9.37 11.77 11.90 7.61 7.17 6.06 6.73 10.89 5.35 5.74 5.79 2.17 6.87 6.87 5.26 10.11 0.00 0.00 0.00 0.00 0.00 0.00 0.00 0.00 0.00 0.00 0.00 0.00 0.00 0.00 0.00 0.00 0.00 0.00 0.00 0.00 0.00 0.00 0.00 0.00 0.00 0.00 0.00 0.00 0.00 0.00 0.00 0.00 0.00 0.00
8.53 8.09 9.26 9.53 9.53 9.53 9.46 9.04 8.98 8.98 8.98 8.98 9.50 8.30 7.28 7.28 6.81 6.81 6.81 6.81 6.90 6.90 6.90 10.53 6.93 6.93 6.93 6.93 7.25 7.98 11.28 7.59 6.33 9.37 9.37 5.42 6.73 6.01 6.01 6.01 10.36 7.26 5.35 7.26 9.37 5.35 5.74 1.72 1.64 5.71 0.44 0.00 0.00 0.00 0.00 0.00 0.00 0.00 0.00 0.00 0.00 0.00 0.00 0.00 0.00 0.00 0.00 0.00 0.00 0.00 0.00 0.00 0.00 0.00 0.00 0.00 0.00 0.00 0.00 0.00 0.00 0.00 0.00 0.00
9.46 9.46 9.06 9.46 9.04 9.04 9.04 9.04 8.98 10.02 8.98 8.98 8.82 8.82 7.28 7.28 6.81 6.81 6.81 6.81 7.83 6.90 6.90 10.53 6.93 6.93 6.66 7.36 7.36 6.69 12.15 10.13 9.37 9.49 7.21 6.77 6.01 6.01 6.01 6.01 6.73 6.77 9.37 5.35 5.35 5.35 1.72 5.74 1.64 5.71 1.92 0.00 0.00 0.00 0.00 0.00 0.00 0.00 0.00 0.00 0.00 0.00 0.00 0.00 0.00 0.00 0.00 0.00 0.00 0.00 0.00 0.00 0.00 0.00 0.00 0.00 0.00 0.00 0.00 0.00 0.00 0.00 0.00 0.00
9.46 11.18 9.46 9.06 9.04 9.04 9.04 9.46 9.46 8.98 8.98 8.98 9.83 8.82 7.28 7.28 6.81 6.81 6.81 7.75 6.90 6.90 10.53 6.63 6.66 6.66 6.66 6.66 6.69 6.69 10.88 7.69 6.73 6.73 6.09 6.73 6.01 6.01 6.01 6.01 6.07 5.42 5.35 5.35 9.37 9.37 1.72 2.17 2.08 5.71 9.97 0.00 0.00 0.00 0.00 0.00 0.00 0.00 0.00 0.00 0.00 0.00 0.00 0.00 0.00 0.00 0.00 0.00 0.00 0.00 0.00 0.00 0.00 0.00 0.00 0.00 0.00 0.00 0.00 0.00 0.00 0.00 0.00 0.00
9.06 9.06 11.16 9.06 9.04 9.04 9.46 9.46 9.11 8.98 8.98 8.98 8.82 8.82 8.82 7.28 6.81 6.81 6.81 6.81 6.90 10.77 10.26 6.63 6.66 7.18 6.66 6.66 6.69 6.69 7.36 7.12 6.09 6.09 6.09 6.09 6.01 6.01 6.01 6.01 6.07 5.42 5.35 9.37 9.37 9.37 5.35 5.35 6.15 6.59 5.71 0.00 0.00 0.00 0.00 0.00 0.00 0.00 0.00 0.00 0.00 0.00 0.00 0.00 0.00 0.00 0.00 0.00 0.00 0.00 0.00 0.00 0.00 0.00 0.00 0.00 0.00 0.00 0.00 0.00 0.00 0.00 0.00 0.00
9.01 9.30 9.46 9.01 9.02 9.02 9.46 9.46 8.95 8.95 8.95 8.95 8.79 8.79 8.79 8.79 6.79 6.79 6.51 6.51 6.57 10.19 6.57 6.57 6.58 6.58 6.58 6.58 6.58 7.10 6.58 6.58 6.01 6.01 6.01 6.72 6.02 6.02 6.02 6.02 6.08 9.05 5.42 7.38 11.38 7.75 8.27 9.37 7.46 8.34 6.76 6.27 0.00 0.00 0.00 0.00 0.00 0.00 0.00 0.00 0.00 0.00 0.00 0.00 0.00 0.00 0.00 0.00 0.00 0.00 0.00 0.00 0.00 0.00 0.00 0.00 0.00 0.00 0.00 0.00 0.00 0.00 0.00 0.00
9.01 10.45 10.45 9.01 9.02 9.02 9.46 9.46 9.46 8.95 8.95 6.95 8.79 8.79 8.79 8.79 6.51 6.51 6.51 6.51 10.19 6.57 6.57 6.57 6.58 7.22 6.58 6.58 6.58 7.22 6.58 6.58 6.01 6.01 6.49 6.49 6.02 6.02 6.02 6.02 7.97 6.77 7.99 6.73 7.17 8.06 7.61 6.73 6.40 6.98 11.80 11.29 6.15 6.15 5.87 3.63 0.00 0.00 0.00 0.00 0.00 0.00 0.00 0.00 0.00 0.00 0.00 0.00 0.00 0.00 0.00 0.00 0.00 0.00 0.00 0.00 0.00 0.00 0.00 0.00 0.00 0.00 0.00 0.00
10.88 10.29 10.88 10.44 10.44 10.44 10.44 10.76 10.15 10.37 10.37 10.37 10.19 10.19 10.19 10.19 7.46 8.03 7.46 7.46 7.52 7.52 7.52 7.52 7.54 8.11 7.54 7.54 8.11 7.53 8.69 7.53 6.03 6.03 6.03 6.03 6.04 6.04 6.04 6.53 6.10 6.10 6.10 7.81 6.14 6.08 6.08 6.08 5.56 6.09 6.98 10.58 9.69 6.51 3.05 5.18 5.18 5.27 5.18 5.18 0.00 0.00 0.00 0.00 0.00 0.00 0.00 0.00 0.00 0.00 0.00 0.00 0.00 0.00 0.00 0.00 0.00 0.00 0.00 0.00 0.00 0.00 0.00 0.00
10.88 12.09 12.09 10.88 10.44 10.44 10.44 10.44 10.37 10.37 10.37 10.37 10.67 10.19 10.19 10.19 7.46 7.46 7.46 7.46 7.52 7.52 7.52 7.52 7.54 7.54 7.54 7.54 7.53 7.53 8.10 7.53 6.03 6.03 6.03 6.03 6.04 6.04 6.53 6.04 6.10 6.10 6.10 6.10 6.08 6.08 6.08 6.08 5.56 5.56 6.01 10.69 8.81 5.18 6.51 6.51 6.07 6.83 6.83 5.62 9.25 0.00 0.00 0.00 0.00 0.00 0.00 0.00 0.00 0.00 0.00 0.00 0.00 0.00 0.00 0.00 0.00 0.00 0.00 0.00 0.00 0.00 0.00 0.00
10.38 10.82 11.61 10.82 10.31 10.31 10.31 10.31 10.66 10.18 10.18 10.66 10.11 10.11 10.11 7.73 7.50 7.50 7.50 7.50 7.54 7.54 7.54 7.54 7.53 7.53 7.53 7.53 7.51 7.51 7.51 7.51 6.05 6.05 6.05 6.05 6.06 6.06 6.06 6.06 6.05 6.05 6.05 6.05 6.03 6.74 6.03 6.03 5.56 5.56 6.09 5.18 8.81 5.18 2.88 6.95 7.65 5.49 5.49 6.38 5.98 8.52 5.37 3.63 0.00 0.00 0.00 0.00 0.00 0.00 0.00 0.00 0.00 0.00 0.00 0.00 0.00 0.00 0.00 0.00 0.00 0.00 0.00 0.00
10.38 10.38 10.38 10.38 10.31 10.31 10.31 10.31 10.18 10.18 10.18 10.18 10.11 10.11 10.11 7.73 7.50 7.50 7.50 7.50 7.54 7.54 7.54 7.54 7.53 7.53 7.53 7.53 7.51 7.51 7.51 7.51 6.05 6.05 6.05 6.05 6.06 6.06 6.06 6.06 6.05 6.05 6.05 6.05 6.03 6.52 6.03 6.03 5.56 6.09 6.09 5.18 5.18 5.18 5.62 5.62 5.49 5.49 5.49 5.49 5.93 9.11 5.48 9.11 0.00 0.00 0.00 0.00 0.00 0.00 0.00 0.00 0.00 0.00 0.00 0.00 0.00 0.00 0.00 0.00 0.00 0.00 0.00 0.00
10.72 10.38 10.38 10.72 10.31 10.31 10.31 10.31 10.18 10.18 10.18 10.18 10.11 10.11 10.11 7.73 7.50 7.50 7.50 7.50 7.54 7.54 7.54 7.54 7.53 7.53 7.53 7.53 7.51 7.51 7.51 7.51 6.05 6.05 6.05 6.05 6.06 6.06 6.06 6.06 6.05 6.05 6.05 6.05 6.03 6.03 6.03 6.03 6.09 6.11 6.11 4.89 5.18 7.12 7.12 6.68 5.49 5.49 5.49 6.09 5.48 9.56 5.93 5.48 0.00 0.00 0.00 0.00 0.00 0.00 0.00 0.00 0.00 0.00 0.00 0.00 0.00 0.00 0.00 0.00 0.00 0.00 0.00 0.00
10.38 10.38 10.38 10.38 10.31 10.60 10.31 10.31 10.18 10.18 10.18 10.18 10.11 10.11 7.73 7.73 7.50 7.50 7.50 7.50 7.54 7.54 7.54 7.54 7.53 7.53 7.53 7.53 7.51 7.51 7.51 7.51 6.05 6.05 6.05 6.05 6.06 6.06 6.06 6.06 6.05 6.05 6.05 6.05 6.03 6.03 6.03 6.03 6.09 6.09 6.33 5.70 6.68 7.56 7.56 6.68 5.49 5.49 6.38 6.54 6.99 7.70 6.00 9.11 0.00 0.00 0.00 0.00 0.00 0.00 0.00 0.00 0.00 0.00 0.00 0.00 0.00 0.00 0.00 0.00 0.00 0.00 0.00 0.00
10.30 10.30 10.30 10.30 10.15 10.15 10.62 10.15 10.16 10.16 10.16 10.16 10.30 10.30 7.87 7.87 7.61 7.61 7.61 7.61 7.60 7.60 7.60 8.17 7.60 7.60 7.60 7.60 7.61 7.61 7.61 7.61 6.13 6.13 6.13 6.13 6.13 6.13 6.13 6.13 6.76 6.76 6.76 6.09 6.07 6.07 6.07 6.76 6.09 7.05 5.54 5.54 5.52 5.52 5.52 5.52 5.49 5.49 5.78 7.42 7.88 6.42 0.00 0.00 0.00 0.00 0.00 0.00 0.00 0.00 0.00 0.00 0.00 0.00 0.00 0.00 0.00 0.00 0.00 0.00 0.00 0.00 0.00 0.00
10.30 10.30 10.30 10.30 10.15 10.15 10.15 10.15 10.16 10.16 10.16 10.16 10.30 10.30 7.87 7.87 7.61 7.61 7.61 7.61 7.60 7.60 7.60 7.60 7.60 7.60 7.60 7.60 7.61 7.61 7.61 7.61 6.13 6.13 6.13 6.13 6.13 6.13 6.13 6.13 6.81 6.81 6.76 6.76 6.07 6.07 6.07 6.07 5.54 5.54 5.54 5.54 5.52 5.52 5.52 5.59 5.57 6.09 6.09 6.09 0.00 0.00 0.00 0.00 0.00 0.00 0.00 0.00 0.00 0.00 0.00 0.00 0.00 0.00 0.00 0.00 0.00 0.00 0.00 0.00 0.00 0.00 0.00 0.00
10.30 10.30 10.30 10.30 10.15 10.15 10.15 10.15 10.16 10.16 10.16 10.16 10.30 7.87 7.87 7.87 7.61 7.61 7.61 7.61 7.60 7.60 7.60 7.60 7.60 7.60 7.60 5.14 8.87 7.61 7.61 7.61 6.13 6.13 6.13 6.13 6.13 6.13 6.13 7.01 6.81 6.97 6.76 6.09 7.21 6.07 6.07 6.07 5.54 5.54 5.54 5.54 5.52 6.09 6.09 6.54 6.54 5.49 5.49 8.52 0.00 0.00 0.00 0.00 0.00 0.00 0.00 0.00 0.00 0.00 0.00 0.00 0.00 0.00 0.00 0.00 0.00 0.00 0.00 0.00 0.00 0.00 0.00 0.00
10.30 10.30 10.30 10.30 10.15 10.15 10.15 10.15 10.16 10.16 10.16 10.16 10.30 7.87 7.87 7.87 7.61 8.19 8.19 8.34 7.60 7.60 7.60 7.60 7.60 7.60 7.60 5.14 5.14 7.61 7.61 7.61 6.13 6.13 6.13 6.13 6.13 6.13 6.79 6.79 6.09 5.46 6.09 6.54 6.35 6.76 6.07 6.07 5.54 5.54 5.54 5.54 5.52 6.54 5.34 6.95 6.51 5.62 0.00 0.00 0.00 0.00 0.00 0.00 0.00 0.00 0.00 0.00 0.00 0.00 0.00 0.00 0.00 0.00 0.00 0.00 0.00 0.00 0.00 0.00 0.00 0.00 0.00 0.00
10.20 10.20 10.20 10.20 10.23 10.23 10.23 10.23 10.35 10.35 10.35 10.35 10.33 7.90 7.90 9.04 8.51 7.54 7.54 8.12 7.59 7.59 8.17 7.59 7.63 7.63 7.63 5.14 5.14 8.11 10.02 10.02 7.67 6.19 6.19 6.19 6.18 6.18 6.96 7.21 6.15 6.15 6.15 6.59 8.75 8.63 6.56 6.11 5.58 6.09 6.09 5.58 6.09 6.42 7.40 5.10 4.65 2.44 0.00 0.00 0.00 0.00 0.00 0.00 0.00 0.00 0.00 0.00 0.00 0.00 0.00 0.00 0.00 0.00 0.00 0.00 0.00 0.00 0.00 0.00 0.00 0.00 0.00 0.00
10.20 10.20 10.20 10.20 10.23 10.23 10.23 10.23 10.35 10.35 10.35 10.35 10.33 7.90 8.63 7.90 7.54 7.54 7.54 7.54 7.59 7.59 7.59 7.59 8.21 8.21 7.63 7.13 5.14 8.46 8.91 11.65 6.91 8.22 8.12 7.67 6.18 6.18 6.62 5.46 7.30 6.15 6.15 6.15 8.24 8.95 6.11 6.11 6.09 6.11 6.09 6.68 8.81 6.07 3.77 6.95 1.77 0.00 0.00 0.00 0.00 0.00 0.00 0.00 0.00 0.00 0.00 0.00 0.00 0.00 0.00 0.00 0.00 0.00 0.00 0.00 0.00 0.00 0.00 0.00 0.00 0.00 0.00 0.00
10.20 10.20 10.20 10.20 10.23 10.23 10.23 10.23 10.35 10.35 10.35 10.35 7.90 10.92 7.90 8.63 7.54 7.54 7.54 7.54 7.59 7.59 7.59 8.17 7.63 7.63 8.21 7.63 7.67 8.11 7.67 11.97 11.37 7.01 7.67 7.67 7.66 6.18 9.98 10.29 9.41 7.42 6.76 6.15 3.06 7.11 7.57 6.11 6.09 6.09 6.68 8.81 0.00 0.00 0.00 0.00 0.00 0.00 0.00 0.00 0.00 0.00 0.00 0.00 0.00 0.00 0.00 0.00 0.00 0.00 0.00 0.00 0.00 0.00 0.00 0.00 0.00 0.00 0.00 0.00 0.00 0.00 0.00 0.00
10.20 10.20 10.20 10.20 10.23 10.23 10.23 10.23 10.35 10.35 10.35 10.35 7.90 8.61 7.90 7.90 8.35 7.54 7.54 7.54 7.59 7.59 8.16 7.59 7.63 7.63 7.63 7.63 7.67 7.87 7.87 8.76 5.36 5.80 8.29 7.67 5.36 5.36 1.73 9.85 5.36 5.36 5.36 11.25 2.62 6.22 7.11 8.46 5.58 8.81 8.81 0.00 0.00 0.00 0.00 0.00 0.00 0.00 0.00 0.00 0.00 0.00 0.00 0.00 0.00 0.00 0.00 0.00 0.00 0.00 0.00 0.00 0.00 0.00 0.00 0.00 0.00 0.00 0.00 0.00 0.00 0.00 0.00 0.00
10.30 10.30 8.81 8.81 10.35 10.35 10.35 10.35 10.31 10.31 10.31 10.31 7.78 7.78 7.78 7.78 8.05 7.48 7.48 7.48 7.55 7.55 7.55 7.55 7.60 7.60 7.60 7.60 7.65 7.65 7.65 7.65 5.78 5.78 5.80 11.32 6.81 6.91 6.37 9.41 5.80 5.80 5.36 5.36 5.80 9.85 5.80 6.25 5.18 8.81 0.00 0.00 0.00 0.00 0.00 0.00 0.00 0.00 0.00 0.00 0.00 0.00 0.00 0.00 0.00 0.00 0.00 0.00 0.00 0.00 0.00 0.00 0.00 0.00 0.00 0.00 0.00 0.00 0.00 0.00 0.00 0.00 0.00 0.00
10.30 10.30 10.30 8.81 8.81 10.35 10.35 10.35 10.31 10.31 14.53 8.59 8.50 8.50 7.78 7.78 7.48 7.48 7.48 7.48 7.55 7.55 8.40 7.55 7.60 7.60 7.60 7.60 7.65 7.65 7.65 7.65 6.65 6.22 5.78 6.25 7.01 7.87 7.55 10.29 5.80 5.80 5.80 5.80 3.51 7.55 2.18 5.36 8.81 0.00 0.00 0.00 0.00 0.00 0.00 0.00 0.00 0.00 0.00 0.00 0.00 0.00 0.00 0.00 0.00 0.00 0.00 0.00 0.00 0.00 0.00 0.00 0.00 0.00 0.00 0.00 0.00 0.00 0.00 0.00 0.00 0.00 0.00 0.00
10.38 10.38 10.38 10.38 10.43 10.43 9.05 9.05 11.87 10.39 10.39 7.95 7.85 7.85 7.85 7.85 7.80 7.80 7.80 7.80 7.55 7.55 7.55 7.55 7.59 7.59 7.59 7.59 7.64 7.64 7.64 7.64 6.20 6.64 6.33 10.13 6.94 6.62 7.95 6.95 6.33 5.89 5.63 6.33 7.84 7.84 6.51 5.45 0.00 0.00 0.00 0.00 0.00 0.00 0.00 0.00 0.00 0.00 0.00 0.00 0.00 0.00 0.00 0.00 0.00 0.00 0.00 0.00 0.00 0.00 0.00 0.00 0.00 0.00 0.00 0.00 0.00 0.00 0.00 0.00 0.00 0.00 0.00 0.00
10.38 10.38 10.38 9.05 9.05 9.05 9.05 9.05 9.05 9.05 10.39 7.95 7.85 7.85 7.85 7.85 7.80 7.80 7.80 7.80 7.55 7.55 7.55 7.55 7.59 7.59 7.59 7.59 7.64 7.64 7.64 7.64 6.20 6.20 6.20 6.20 6.18 6.18 6.18 6.18 7.04 6.95 6.51 2.26 7.64 6.51 5.45 1.82 0.00 0.00 0.00 0.00 0.00 0.00 0.00 0.00 0.00 0.00 0.00 0.00 0.00 0.00 0.00 0.00 0.00 0.00 0.00 0.00 0.00 0.00 0.00 0.00 0.00 0.00 0.00 0.00 0.00 0.00 0.00 0.00 0.00 0.00 0.00 0.00
10.37 9.05 9.05 9.05 9.05 10.18 9.05 9.05 9.05 9.05 8.66 8.37 8.02 7.80 7.80 7.80 7.86 7.86 7.86 7.86 7.55 7.55 7.55 7.55 7.57 7.57 8.26 8.26 7.61 7.61 7.61 7.61 6.15 6.63 6.15 6.15 6.11 6.11 6.11 6.11 6.09 7.01 6.09 6.20 2.26 3.15 6.95 5.45 0.00 0.00 0.00 0.00 0.00 0.00 0.00 0.00 0.00 0.00 0.00 0.00 0.00 0.00 0.00 0.00 0.00 0.00 0.00 0.00 0.00 0.00 0.00 0.00 0.00 0.00 0.00 0.00 0.00 0.00 0.00 0.00 0.00 0.00 0.00 0.00
9.05 9.05 9.05 9.05 9.05 9.05 9.05 10.18 9.05 9.05 8.66 8.66 9.81 7.80 7.80 7.80 7.86 7.86 7.86 7.86 7.55 7.55 7.55 7.55 7.57 7.57 8.26 7.57 7.61 7.61 7.61 8.64 7.00 6.15 6.15 6.15 6.11 6.11 6.11 6.11 6.09 6.09 6.57 6.09 7.97 7.09 7.53 6.76 8.72 5.16 5.09 0.00 0.00 0.00 0.00 0.00 0.00 0.00 0.00 0.00 0.00 0.00 0.00 0.00 0.00 0.00 0.00 0.00 0.00 0.00 0.00 0.00 0.00 0.00 0.00 0.00 0.00 0.00 0.00 0.00 0.00 0.00 0.00 0.00
9.05 9.05 9.05 9.05 9.05 9.05 9.05 9.05 9.05 9.05 8.66 7.77 7.80 7.80 7.80 7.80 7.86 7.86 7.86 7.86 7.55 7.55 7.55 7.55 7.57 7.57 7.57 7.57 7.61 7.61 8.31 7.61 7.00 6.15 6.63 6.15 6.11 6.11 7.01 6.11 6.09 6.09 6.09 6.09 6.09 6.09 6.09 6.09 6.36 5.16 5.16 5.96 0.00 0.00 0.00 0.00 0.00 0.00 0.00 0.00 0.00 0.00 0.00 0.00 0.00 0.00 0.00 0.00 0.00 0.00 0.00 0.00 0.00 0.00 0.00 0.00 0.00 0.00 0.00 0.00 0.00 0.00 0.00 0.00
9.05 9.05 9.05 9.05 9.05 9.05 9.05 10.18 9.05 9.05 8.66 7.77 7.80 7.80 7.80 7.80 7.86 7.86 7.86 7.86 7.55 7.55 7.55 7.55 7.57 7.57 7.57 7.57 7.61 7.61 7.61 7.61 6.15 6.15 6.15 6.15 6.11 6.11 6.59 6.11 6.09 6.09 6.09 6.09 6.09 6.09 6.57 6.09 5.84 4.82 5.16 5.16 9.59 5.96 0.00 0.00 0.00 0.00 0.00 0.00 0.00 0.00 0.00 0.00 0.00 0.00 0.00 0.00 0.00 0.00 0.00 0.00 0.00 0.00 0.00 0.00 0.00 0.00 0.00 0.00 0.00 0.00 0.00 0.00
9.05 9.05 9.05 10.18 9.05 9.05 9.05 9.05 9.05 8.66 7.79 8.50 7.88 7.88 7.88 7.88 7.56 7.56 7.56 7.56 7.56 8.73 8.24 8.24 8.26 9.71 7.57 7.57 7.57 7.57 8.26 8.26 6.56 6.08 6.08 6.08 6.53 6.06 6.06 6.06 6.03 6.51 6.03 6.03 6.04 6.04 6.04 6.04 5.35 5.41 6.86 5.98 6.04 5.16 8.45 8.45 0.00 0.00 0.00 0.00 0.00 0.00 0.00 0.00 0.00 0.00 0.00 0.00 0.00 0.00 0.00 0.00 0.00 0.00 0.00 0.00 0.00 0.00 0.00 0.00 0.00 0.00 0.00 0.00
9.05 9.05 9.05 10.18 9.05 9.05 9.05 9.05 12.43 10.75 10.75 10.75 8.13 7.88 7.88 7.88 7.56 7.56 7.56 7.56 7.56 7.56 7.56 7.56 7.57 9.71 9.71 7.57 7.57 7.57 7.57 7.57 6.08 6.08 6.08 6.08 6.06 6.06 6.06 6.06 6.03 6.03 6.03 6.03 6.04 6.04 6.04 6.04 5.35 5.35 5.35 6.36 6.81 5.75 5.31 5.31 5.39 8.45 0.00 0.00 0.00 0.00 0.00 0.00 0.00 0.00 0.00 0.00 0.00 0.00 0.00 0.00 0.00 0.00 0.00 0.00 0.00 0.00 0.00 0.00 0.00 0.00 0.00 0.00
9.05 9.05 9.05 9.05 9.05 9.05 9.05 12.38 12.43 10.75 10.75 10.75 7.88 8.13 7.88 7.88 7.56 7.56 7.56 7.56 7.56 7.56 7.56 7.56 8.26 7.57 9.71 9.71 9.71 7.57 7.57 7.57 6.08 6.08 6.08 6.08 6.06 6.06 6.06 6.06 6.03 6.03 6.03 6.03 6.04 6.04 6.04 6.04 5.35 5.35 5.35 5.35 5.92 5.92 5.31 5.31 5.39 5.39 5.39 9.02 0.00 0.00 0.00 0.00 0.00 0.00 0.00 0.00 0.00 0.00 0.00 0.00 0.00 0.00 0.00 0.00 0.00 0.00 0.00 0.00 0.00 0.00 0.00 0.00
9.05 9.05 9.05 9.05 9.05 9.05 9.05 12.38 10.75 10.75 10.75 10.75 10.89 7.88 7.88 7.88 7.56 7.56 7.56 7.56 7.56 7.56 7.56 7.56 8.26 8.26 8.26 10.58 10.58 9.71 7.57 7.57 6.08 6.08 6.08 6.08 6.06 6.06 6.06 6.06 6.03 6.03 6.03 6.03 6.04 6.04 6.04 6.04 5.35 5.35 5.35 5.78 5.31 5.31 5.31 5.31 5.39 5.39 5.39 5.39 8.45 0.00 0.00 0.00 0.00 0.00 0.00 0.00 0.00 0.00 0.00 0.00 0.00 0.00 0.00 0.00 0.00 0.00 0.00 0.00 0.00 0.00 0.00 0.00
9.05 9.05 9.05 9.05 9.05 9.05 9.05 12.45 7.88 7.88 7.88 7.88 7.92 7.92 8.66 7.92 7.55 7.55 7.55 7.55 7.55 7.55 7.55 7.55 7.56 7.56 9.70 12.32 8.33 7.57 7.57 7.57 6.08 6.08 6.08 6.08 6.07 6.07 6.07 6.07 6.05 6.05 6.05 6.05 6.03 6.03 6.03 6.03 5.29 5.29 5.29 5.29 5.27 5.27 5.27 5.27 5.26 5.26 5.26 4.82 8.72 0.00 0.00 0.00 0.00 0.00 0.00 0.00 0.00 0.00 0.00 0.00 0.00 0.00 0.00 0.00 0.00 0.00 0.00 0.00 0.00 0.00 0.00 0.00
9.05 9.05 9.05 9.05 9.05 9.05 9.05 9.05 7.88 7.88 7.88 7.88 7.92 7.92 7.92 7.92 7.55 7.55 7.55 7.55 7.55 7.55 7.55 7.55 7.56 8.25 8.25 7.56 8.25 7.57 8.26 8.26 6.08 6.08 6.08 6.08 6.07 6.07 6.07 6.07 6.05 6.05 6.05 6.05 6.03 6.03 6.03 6.03 5.29 5.29 5.29 5.29 5.27 5.92 5.27 5.27 5.26 5.26 4.82 5.16 0.00 0.00 0.00 0.00 0.00 0.00 0.00 0.00 0.00 0.00 0.00 0.00 0.00 0.00 0.00 0.00 0.00 0.00 0.00 0.00 0.00 0.00 0.00 0.00
