New_Model_Runs/14_Future_RCP8.5_Scn1_out/post_prcessed_with_MFR/Monthly_summaries/net_infiltration_monthly_AUG.asc
NCOLS 700
NROWS 400
XLLCENTER 515000.000000
YLLCENTER 8409000.000000
CELLSIZE 50.000000
NODATA_value -999.000000
[rows 222 to 258 of 400, columns 249 to 331 of 700]
9.18 9.18 9.18 9.24 9.24 9.24 9.24 9.17 9.17 9.17 10.40 10.54 10.54 10.54 10.54 17.04 13.41 13.32 19.89 19.86 19.86 19.86 19.86 18.96 23.47 20.63 19.96 11.89 14.23 16.68 12.61 12.22 12.22 9.42 9.42 11.32 9.33 9.33 9.33 11.71 6.32 9.41 12.68 9.20 11.04 9.20 9.20 9.14 9.14 9.14 9.14 9.13 9.13 9.13 10.92 9.00 9.00 11.38 12.48 11.07 12.71 11.82 6.64 6.64 6.64 9.01 9.01 9.47 11.81 8.24 8.24 5.89 11.59 6.33 5.24 5.36 5.36 5.36 5.36 5.36 6.93 0.00 0.00
9.18 9.18 9.18 9.24 9.24 9.24 9.24 9.17 9.17 9.17 11.28 10.54 10.54 10.54 10.57 17.04 13.41 21.05 19.89 19.86 19.86 19.86 19.86 18.96 20.32 20.32 20.85 13.78 13.34 9.59 9.59 12.22 9.42 10.59 9.42 11.32 9.33 11.32 10.14 9.15 11.80 6.76 10.30 12.14 11.70 12.38 9.20 9.14 9.14 9.14 9.14 9.13 9.13 9.13 10.92 9.00 10.65 15.01 11.87 10.38 11.27 8.69 8.26 6.64 10.74 7.09 9.45 11.38 10.38 11.87 11.87 2.26 2.26 5.36 6.25 7.61 7.17 6.40 5.36 5.36 5.36 0.00 0.00
10.41 9.22 9.22 9.31 9.31 9.31 9.31 9.21 10.39 9.21 9.21 10.55 10.64 13.92 17.04 25.17 21.54 21.05 19.87 19.84 19.84 19.84 19.84 18.94 20.34 20.63 19.13 19.48 9.54 9.54 9.54 11.13 9.33 9.33 9.33 11.29 9.83 9.83 9.28 9.17 9.17 8.33 7.20 9.41 8.97 11.70 9.22 10.30 9.15 9.15 9.15 9.16 9.16 9.16 10.92 10.65 14.27 9.29 8.69 11.87 2.92 8.69 8.85 6.64 6.64 8.69 2.92 6.10 11.87 8.69 8.69 7.97 5.36 5.36 6.69 6.25 5.36 5.36 7.81 5.81 5.36 0.00 0.00
9.22 9.22 9.22 9.31 9.31 9.31 9.31 9.21 9.21 9.21 9.21 11.73 17.03 13.41 25.17 21.54 15.95 19.87 19.87 19.84 19.84 19.84 19.84 18.94 19.39 13.17 13.78 11.64 9.99 9.54 9.54 9.33 10.51 9.33 9.83 9.28 9.83 9.83 9.95 9.17 9.17 9.17 13.02 11.93 8.97 17.68 9.22 9.15 10.30 9.15 9.15 9.16 9.16 9.16 9.16 8.99 14.27 9.29 8.24 11.87 12.31 2.92 2.47 11.03 10.05 6.10 6.10 6.10 8.24 10.47 10.47 5.81 5.36 7.17 7.61 5.81 6.25 5.36 6.25 7.29 5.36 2.57 0.00
8.91 8.91 8.91 9.00 9.00 9.00 9.00 9.02 9.02 9.02 9.02 11.60 12.90 16.53 21.03 21.34 21.34 21.34 19.30 19.27 19.27 19.27 26.06 18.26 18.70 14.26 15.45 9.75 11.81 11.37 8.86 8.66 8.66 9.39 8.92 8.92 8.92 8.92 8.61 8.55 8.55 8.55 8.99 12.05 9.80 8.87 9.84 9.84 8.53 8.53 8.53 6.37 8.54 10.15 6.37 12.11 9.52 7.57 7.03 7.03 10.66 5.74 5.74 10.66 11.54 6.62 2.11 10.66 9.06 9.06 6.55 6.94 7.21 6.91 3.26 6.63 7.08 5.75 7.39 7.21 3.26 3.70 0.00
8.91 8.91 8.91 9.00 9.00 9.00 9.00 9.02 9.02 9.02 9.02 11.60 16.51 16.53 21.03 21.03 16.77 21.34 19.30 19.27 19.27 21.47 28.60 19.28 19.72 13.82 11.41 11.81 11.37 11.37 8.86 8.66 8.66 8.66 8.92 8.92 8.92 8.92 8.92 8.55 8.55 8.55 11.16 9.31 12.43 7.86 10.75 8.98 8.53 8.53 8.53 10.15 10.07 10.33 6.37 6.14 13.15 7.57 5.74 5.74 5.74 5.74 7.03 2.55 10.39 6.62 1.99 5.62 7.96 1.88 6.04 6.94 6.94 3.28 3.17 4.59 4.15 6.19 7.35 3.17 5.96 0.00 0.00
8.93 12.09 8.93 9.00 9.00 9.00 9.00 9.01 9.01 9.01 9.01 12.51 16.51 16.51 21.47 19.51 21.78 19.26 19.26 19.24 19.24 21.47 23.42 17.53 12.49 11.81 8.86 8.70 11.13 11.13 8.70 9.61 8.55 8.55 8.92 8.92 8.92 8.92 8.92 8.57 8.57 8.57 11.16 8.87 7.86 11.49 8.87 9.31 9.00 6.37 8.56 8.55 9.31 9.31 8.43 6.14 12.52 5.90 5.74 2.11 2.11 7.03 7.03 9.06 8.88 8.88 10.25 10.25 4.82 1.88 0.00 2.73 0.00 0.00 0.00 0.00 0.00 0.00 0.00 0.00 0.00 0.00 0.00
12.09 12.09 8.93 9.00 9.00 9.00 9.00 9.01 9.01 9.57 11.58 12.47 13.57 16.51 21.47 21.47 21.47 19.26 19.26 21.03 19.24 20.12 21.62 12.49 8.86 8.86 8.86 8.70 8.70 11.13 11.13 9.61 8.55 8.55 8.55 8.63 8.63 8.63 8.63 8.57 8.57 8.57 12.07 11.53 10.20 12.62 12.43 9.98 8.87 10.51 9.00 8.55 10.20 3.86 7.86 6.34 5.73 11.50 7.43 2.10 7.92 3.00 6.99 7.03 7.03 9.50 2.21 1.88 0.00 0.00 0.00 0.00 0.00 0.00 0.00 0.00 0.00 0.00 0.00 0.00 0.00 0.00 0.00
13.38 12.09 8.93 9.00 9.00 9.00 9.00 9.01 9.01 9.01 11.58 11.29 12.47 16.53 21.34 21.34 21.03 19.26 21.03 21.34 21.03 18.36 20.84 13.87 8.86 8.86 8.86 8.70 8.70 8.70 9.74 8.55 8.55 8.55 8.55 8.63 8.63 8.63 8.63 8.57 8.57 8.57 10.20 11.08 10.20 3.29 5.99 11.49 8.30 9.31 8.87 8.55 7.48 7.31 11.93 7.50 6.61 2.98 7.43 8.88 7.43 7.88 6.99 7.03 7.03 3.26 2.76 2.76 0.00 0.00 0.00 0.00 0.00 0.00 0.00 0.00 0.00 0.00 0.00 0.00 0.00 0.00 0.00
12.09 8.93 9.92 9.00 9.00 9.00 9.00 9.01 9.01 9.01 9.01 8.90 11.29 16.10 22.23 22.23 21.03 19.26 16.77 21.03 21.34 21.30 22.94 8.86 8.86 8.86 8.86 8.70 8.70 8.70 8.70 8.55 8.55 8.55 8.55 8.63 8.63 8.63 11.03 10.87 8.57 8.57 11.31 8.43 9.91 9.60 2.36 11.49 11.49 2.36 5.99 12.05 6.16 9.10 8.74 8.32 6.99 10.62 6.99 8.98 8.35 6.99 6.99 7.03 7.03 5.06 0.00 0.00 0.00 0.00 0.00 0.00 0.00 0.00 2.73 0.00 0.00 0.00 0.00 0.00 0.00 0.00 0.00
8.94 8.94 8.94 8.91 8.91 8.91 8.91 8.99 8.99 8.99 8.99 9.08 9.64 16.10 22.23 22.20 21.32 21.34 22.23 19.51 21.34 18.63 12.94 12.55 8.76 9.85 8.76 8.61 8.61 8.61 8.61 8.58 8.58 8.58 8.58 8.70 8.70 8.70 10.98 10.72 10.72 10.75 8.43 8.43 7.86 7.86 3.14 6.43 5.99 5.99 5.99 8.30 2.80 10.00 7.86 8.07 2.10 10.62 6.99 8.35 8.35 8.79 8.79 6.99 5.50 5.18 1.88 0.00 0.00 0.00 0.00 0.00 0.00 0.00 2.73 0.00 0.00 0.00 0.00 0.00 0.00 0.00 0.00
8.94 8.94 8.94 8.91 8.91 8.91 8.91 8.99 8.99 8.99 8.99 9.08 9.08 16.10 21.03 22.24 21.03 21.32 19.07 19.51 20.74 20.74 12.94 8.76 9.85 8.76 8.76 8.61 8.61 8.61 8.61 8.58 8.58 8.58 8.58 8.70 8.70 8.70 8.70 8.59 10.75 10.75 10.75 17.18 9.46 9.46 6.43 14.03 2.36 7.86 9.10 9.19 2.80 8.30 8.30 2.10 2.10 5.73 5.73 7.43 7.43 7.43 9.43 7.20 5.50 6.55 6.04 0.00 2.32 0.00 0.00 0.00 0.00 2.73 2.73 2.73 0.00 0.00 0.00 0.00 0.00 0.00 0.00
8.94 8.94 8.94 8.91 8.91 8.91 8.91 8.99 8.99 8.99 8.99 9.08 9.08 16.13 21.05 21.47 21.03 21.47 19.95 19.51 21.03 22.26 10.30 9.20 8.76 8.76 8.76 8.61 8.61 8.61 8.61 8.58 12.16 8.58 8.58 8.70 8.70 8.70 9.78 8.59 10.75 10.75 17.18 17.18 15.31 5.99 2.36 7.86 7.86 7.86 9.84 10.29 9.84 9.84 9.84 6.99 6.99 2.54 6.17 7.43 6.99 6.99 6.55 6.55 5.50 7.43 6.04 6.48 1.88 1.88 0.00 0.00 0.00 0.00 0.00 0.00 0.00 0.00 0.00 0.00 0.00 0.00 0.00
8.94 8.94 8.94 8.91 8.91 8.91 8.91 8.99 8.99 8.99 8.99 11.29 12.51 24.54 21.05 21.03 21.47 19.51 19.95 21.91 21.03 23.67 9.86 9.20 9.20 12.52 9.79 8.61 8.61 8.61 8.61 8.58 8.58 8.58 8.58 8.70 8.70 8.70 8.70 10.90 10.75 19.17 18.73 15.31 20.81 17.18 18.73 19.33 10.05 8.34 10.49 9.84 9.84 10.00 10.00 9.43 7.43 6.99 6.99 6.17 7.43 6.55 2.44 6.99 7.33 6.48 6.04 1.88 1.88 1.88 0.00 0.00 0.00 0.00 0.00 0.00 0.00 0.00 0.00 0.00 0.00 0.00 0.00
8.99 8.99 8.99 8.99 8.99 8.99 8.99 9.01 9.01 9.01 9.01 11.29 12.47 21.91 20.61 20.61 19.07 12.56 12.56 21.03 21.03 24.66 22.75 17.04 12.97 18.37 17.93 9.11 8.66 9.11 8.66 8.66 9.71 8.66 8.66 8.68 8.68 8.68 8.68 11.19 19.17 19.17 21.25 22.05 21.25 18.07 19.77 19.77 21.45 10.05 10.49 10.29 9.84 10.05 10.05 9.87 7.92 7.47 6.99 11.06 7.20 6.55 0.00 0.00 0.00 1.88 1.88 0.00 1.88 1.88 0.00 0.00 0.00 0.00 0.00 0.00 0.00 0.00 0.00 0.00 0.00 0.00 0.00
8.99 8.99 8.99 8.99 8.99 8.99 8.99 9.01 9.01 9.01 9.01 9.04 20.91 24.54 24.24 24.24 21.03 12.56 12.56 12.11 21.03 24.66 22.25 15.27 12.52 12.08 17.48 9.75 8.66 9.11 9.11 8.66 8.66 8.66 8.66 8.68 8.68 8.68 8.68 8.87 21.94 20.81 17.62 17.62 11.68 16.20 12.57 18.51 18.07 17.18 7.86 7.86 10.05 9.84 10.05 9.50 7.88 8.79 8.07 6.99 8.69 2.44 0.00 0.00 0.00 0.00 0.00 0.00 0.00 0.00 0.00 0.00 0.00 0.00 0.00 0.00 0.00 0.00 0.00 0.00 0.00 0.00 0.00
8.99 8.99 8.99 8.99 8.99 8.99 8.99 9.01 9.01 9.01 9.01 12.47 24.98 21.91 24.68 20.61 21.03 21.03 12.56 15.74 15.74 22.25 20.72 20.67 15.27 15.27 19.77 8.66 8.66 10.97 8.86 10.97 11.06 8.66 8.66 8.68 8.68 8.68 11.41 6.60 15.31 17.62 12.12 17.18 18.86 17.18 20.81 12.46 18.07 18.51 17.62 2.80 7.86 10.00 10.00 6.99 8.98 6.99 8.78 9.24 1.81 9.93 0.00 0.00 0.00 0.00 0.00 0.00 0.00 0.00 0.00 0.00 0.00 0.00 0.00 0.00 0.00 0.00 0.00 0.00 0.00 0.00 0.00
8.99 8.99 8.99 8.99 8.99 8.99 8.99 9.01 9.01 9.45 12.51 12.63 22.36 16.97 13.78 21.35 24.24 24.66 15.74 22.25 20.72 18.63 21.03 19.27 18.23 20.67 21.11 14.70 12.05 12.49 14.12 8.42 8.42 2.53 8.86 9.30 8.68 8.68 21.11 15.75 15.31 19.62 18.07 12.12 12.12 17.18 15.31 15.31 13.01 21.61 14.78 18.95 9.54 7.86 9.84 6.99 6.99 10.62 6.93 3.14 2.51 9.48 7.35 0.00 0.00 0.00 0.00 0.00 0.00 0.00 0.00 0.00 0.00 0.00 0.00 0.00 0.00 0.00 0.00 0.00 0.00 0.00 0.00
8.94 8.94 8.94 9.04 9.04 9.04 9.04 9.03 9.03 10.02 12.63 10.02 20.91 16.08 13.34 15.64 16.08 20.76 12.11 18.63 21.03 21.03 21.03 19.27 20.32 19.22 17.48 18.77 18.77 19.18 22.51 22.51 22.07 20.67 15.27 21.55 20.67 20.67 17.48 12.12 20.81 19.17 17.62 17.18 17.18 11.68 11.68 15.31 13.01 19.40 18.07 19.75 17.18 7.86 9.28 8.78 8.78 12.74 14.19 7.18 8.23 12.16 9.03 0.00 0.00 0.00 0.00 0.00 0.00 0.00 0.00 0.00 0.00 0.00 0.00 0.00 0.00 0.00 0.00 0.00 0.00 0.00 0.00
8.94 8.94 8.94 9.04 9.04 9.04 9.04 9.03 9.47 10.47 12.95 12.03 20.91 24.98 16.08 15.64 13.34 21.67 19.07 21.03 21.03 21.03 21.03 19.27 19.27 19.27 18.05 18.77 12.73 22.90 19.72 18.88 18.44 18.23 2.80 17.93 19.66 17.04 17.48 12.12 21.25 17.18 17.18 19.67 17.18 17.18 17.18 21.42 12.57 18.07 15.69 19.33 17.18 8.30 3.67 13.97 13.31 9.12 7.18 9.48 10.21 5.85 9.03 10.98 0.00 0.00 0.00 0.00 0.00 0.00 0.00 0.00 0.00 0.00 0.00 0.00 0.00 0.00 0.00 0.00 0.00 0.00 0.00
8.60 8.60 8.60 10.87 10.87 8.71 8.71 8.24 9.04 4.66 11.07 9.74 6.29 15.68 20.58 20.58 22.35 12.94 18.50 19.56 19.56 19.56 11.71 10.90 10.90 10.90 10.37 10.37 10.90 22.26 18.48 18.48 10.90 10.90 8.59 10.76 18.83 18.48 18.48 19.01 12.32 21.83 18.20 18.20 16.36 16.36 16.36 16.36 15.06 17.20 18.20 16.36 18.20 10.15 9.67 5.78 11.43 10.05 10.50 6.87 10.50 11.43 9.17 9.17 6.92 0.00 0.00 0.00 0.00 0.00 0.00 0.00 0.00 0.00 0.00 0.00 0.00 0.00 0.00 0.00 0.00 0.00 0.00
8.60 8.60 10.87 12.01 10.87 8.71 8.71 10.27 2.89 18.72 19.46 9.74 20.58 15.68 17.39 16.95 21.46 22.79 18.50 20.00 19.56 19.56 19.56 10.60 10.90 10.90 10.37 10.82 11.48 12.22 16.45 10.60 8.59 10.60 8.59 8.85 8.59 10.37 10.60 9.23 17.69 20.87 18.20 18.20 18.64 18.30 18.13 16.36 15.64 16.36 16.36 10.15 10.15 10.44 6.07 6.15 9.61 12.40 10.50 10.94 10.94 10.05 11.43 10.99 8.72 7.36 0.00 0.00 0.00 0.00 0.00 0.00 0.00 0.00 0.00 0.00 0.00 0.00 0.00 0.00 0.00 0.00 0.00
8.63 8.63 10.87 10.87 10.87 10.87 9.16 18.28 22.35 12.05 16.95 20.58 20.58 19.01 19.22 19.22 20.11 23.74 20.55 19.56 19.56 19.56 19.56 18.62 10.90 10.90 10.90 11.34 14.53 12.22 18.62 10.60 10.60 10.60 10.60 8.59 8.59 10.60 10.60 16.36 19.19 21.31 21.31 16.36 18.13 18.57 18.13 16.36 19.99 16.80 17.84 10.44 8.34 9.64 10.52 7.92 3.04 9.17 9.51 10.05 10.50 10.05 5.89 9.17 9.61 5.60 5.10 0.00 0.00 0.00 0.00 0.00 0.00 0.00 0.00 0.00 0.00 0.00 0.00 0.00 0.00 0.00 0.00
8.63 8.63 10.87 10.87 10.87 10.87 8.72 17.45 13.38 21.46 15.24 20.58 17.39 19.01 19.01 20.55 18.72 25.07 23.23 21.33 19.56 19.56 19.56 10.60 10.90 10.90 10.90 11.34 14.44 13.51 9.03 9.47 11.04 10.60 8.59 8.59 8.59 10.60 10.60 18.57 19.49 22.20 16.36 18.30 17.68 18.30 16.36 16.36 19.99 19.91 12.76 18.28 10.61 7.39 11.41 10.92 6.67 8.72 11.28 9.96 9.75 11.38 10.50 9.17 9.51 5.16 1.53 0.00 0.00 0.00 0.00 0.00 0.00 0.00 0.00 0.00 0.00 0.00 0.00 0.00 0.00 0.00 0.00
8.63 10.87 10.87 10.87 11.31 14.50 15.43 19.01 18.72 16.57 20.58 19.01 18.28 19.46 17.83 18.28 18.28 18.72 18.72 23.97 20.00 11.71 11.71 10.60 10.90 10.90 10.90 10.60 14.97 12.22 9.03 9.03 9.03 2.58 8.59 8.59 2.58 8.59 8.59 7.90 19.49 18.57 16.36 16.36 18.20 18.20 19.10 17.39 15.51 12.32 16.80 11.74 8.64 9.98 7.39 10.66 6.23 1.97 8.72 11.17 11.43 10.94 10.05 9.17 9.17 9.17 10.55 0.00 0.00 0.00 0.00 0.00 0.00 0.00 0.00 0.00 0.00 0.00 0.00 0.00 0.00 0.00 0.00
8.63 10.87 10.87 11.76 7.00 15.88 19.53 18.57 21.02 20.58 17.39 20.57 19.56 19.12 12.50 12.50 19.67 19.67 20.11 21.46 19.56 9.44 11.71 10.60 10.90 10.90 9.03 9.03 12.22 12.22 10.90 10.90 8.59 8.59 8.59 8.59 12.22 12.22 6.20 7.02 3.83 8.78 18.30 18.30 17.68 18.20 11.43 11.43 15.06 12.32 12.62 2.71 1.82 12.27 5.45 1.71 1.97 1.97 8.95 11.17 9.17 10.50 10.05 9.17 11.87 6.49 6.15 8.48 7.80 0.00 0.00 0.00 0.00 0.00 0.00 0.00 0.00 0.00 0.00 0.00 0.00 0.00 0.00
8.67 10.87 11.76 13.14 16.76 12.69 19.53 15.24 17.39 19.46 17.39 19.46 19.90 19.22 19.06 19.67 19.50 19.01 18.68 19.50 17.17 17.17 9.44 10.60 10.90 10.90 11.04 9.03 12.22 12.22 10.90 10.60 11.04 11.48 8.59 8.59 8.59 12.22 12.22 8.34 8.78 16.80 16.36 18.20 18.20 17.34 12.32 12.13 15.06 15.64 3.25 2.26 5.45 5.45 1.63 1.97 1.97 1.97 6.93 9.61 11.78 9.61 12.58 10.50 10.50 3.30 2.86 6.04 7.80 0.00 0.00 0.00 0.00 0.00 0.00 0.00 0.00 0.00 0.00 0.00 0.00 0.00 0.00
8.67 10.87 9.16 16.32 12.25 12.25 15.43 20.58 17.39 19.50 12.50 19.12 19.46 19.67 19.22 19.22 19.67 17.39 17.83 19.50 19.06 9.44 11.71 10.60 10.90 10.90 10.60 8.59 12.22 14.00 10.90 10.90 11.34 9.92 9.47 2.58 8.59 10.37 12.22 8.34 9.47 11.88 11.43 16.36 16.36 19.99 11.88 10.17 9.69 9.69 2.71 5.89 2.71 2.07 2.07 5.54 2.86 9.61 6.04 5.98 9.17 10.73 10.05 10.94 6.93 6.93 3.74 6.04 10.55 0.00 0.00 0.00 0.00 0.00 0.00 0.00 0.00 0.00 0.00 0.00 0.00 0.00 0.00
8.27 8.27 18.93 22.56 21.23 15.43 19.53 20.58 22.69 19.95 18.28 16.95 19.67 19.67 19.22 9.90 9.90 10.18 19.22 17.39 19.06 12.04 12.04 10.90 10.90 10.60 8.59 8.59 14.00 10.37 10.90 10.90 8.59 10.37 10.82 8.59 10.37 10.37 12.22 8.34 9.47 8.78 16.36 11.43 16.36 19.99 13.78 10.14 11.02 6.33 9.69 5.87 2.51 2.96 7.20 3.30 10.05 10.05 5.98 7.80 2.41 8.72 9.61 10.05 2.86 7.37 3.74 6.04 10.55 0.00 0.00 0.00 0.00 0.00 0.00 0.00 0.00 0.00 0.00 0.00 0.00 0.00 0.00
17.60 19.53 15.88 21.67 21.23 17.60 19.53 19.22 16.95 23.58 19.06 19.22 19.22 19.22 19.06 9.74 9.74 9.74 9.74 10.34 9.90 19.56 11.71 10.60 8.59 8.59 8.59 10.82 12.66 8.59 10.90 10.60 12.22 12.22 12.22 12.22 6.20 6.20 12.22 11.97 11.97 11.97 11.97 12.93 13.10 13.54 9.69 5.89 6.33 6.33 5.26 5.87 2.51 3.40 6.14 6.49 6.04 8.72 5.60 9.17 6.04 5.16 6.04 6.93 6.04 5.60 6.49 9.17 6.92 5.10 0.00 0.00 0.00 0.00 0.00 0.00 0.00 0.00 0.00 0.00 0.00 0.00 0.00
11.81 15.43 21.23 17.60 19.53 19.95 20.19 19.67 19.06 7.62 22.20 22.69 19.22 19.22 19.22 9.74 9.74 9.74 9.74 9.74 9.90 9.90 10.30 11.04 10.90 8.59 2.58 14.21 12.66 6.65 6.20 6.20 6.65 11.70 3.46 2.58 3.02 3.02 10.32 8.78 8.34 8.34 8.34 8.34 2.95 7.39 6.33 3.15 2.26 2.26 2.71 9.06 5.26 6.14 2.96 3.30 2.41 2.86 2.86 2.41 6.04 5.60 5.60 6.04 8.72 10.55 10.55 6.92 6.92 6.92 0.00 0.00 0.00 0.00 0.00 0.00 0.00 0.00 0.00 0.00 0.00 0.00 0.00
15.43 11.81 11.81 17.60 19.95 19.53 20.64 19.67 9.90 10.54 9.74 9.74 22.85 22.85 19.22 9.90 9.74 9.74 9.74 9.74 9.90 9.74 10.30 7.62 9.03 10.60 12.22 6.20 6.20 10.82 2.58 2.58 9.03 11.26 9.47 8.59 3.46 3.02 8.59 2.50 8.78 12.41 8.78 9.92 3.19 4.48 4.03 3.59 3.15 3.15 3.15 5.89 9.06 7.35 2.96 3.30 2.41 3.30 2.86 6.93 6.49 5.60 6.04 6.04 9.17 10.99 10.55 10.55 6.92 6.92 6.92 0.00 0.00 0.00 0.00 0.00 0.00 0.00 0.00 0.00 0.00 0.00 0.00
17.60 17.60 11.81 17.60 11.81 17.60 19.53 16.95 8.07 8.51 7.62 7.62 9.90 13.53 12.87 9.90 9.90 9.74 9.74 9.74 9.74 9.74 9.74 2.60 10.82 12.22 12.22 2.58 6.20 2.58 3.02 3.46 3.02 8.59 8.59 8.59 9.03 3.46 3.46 8.34 11.97 8.34 8.78 9.67 6.07 3.15 6.95 2.71 3.15 2.71 2.71 1.82 9.69 7.35 2.07 2.41 1.97 2.86 6.93 6.49 2.41 1.97 5.72 9.35 6.04 2.41 5.54 11.43 7.36 6.92 6.92 4.09 4.09 0.00 0.00 0.00 0.00 0.00 0.00 0.00 0.00 0.00 0.00
21.67 21.23 17.60 17.60 20.19 17.60 10.20 7.62 8.51 10.34 9.90 9.25 7.62 9.90 12.87 10.89 9.90 9.90 9.90 9.74 9.74 11.87 12.26 12.22 12.22 8.59 11.68 11.64 2.58 6.20 2.58 3.76 2.58 11.62 8.59 10.37 8.59 9.58 8.59 8.34 13.54 8.34 8.78 6.51 6.07 2.26 2.26 6.51 2.26 1.82 1.82 1.82 6.07 9.06 5.43 9.17 8.72 8.72 8.72 8.72 8.72 8.72 8.72 8.72 6.92 6.92 7.36 11.43 6.92 6.92 6.92 4.53 4.53 4.09 4.09 4.09 4.09 4.09 4.24 4.09 4.09 4.09 4.24
18.04 18.86 21.23 23.16 19.14 18.16 9.53 8.07 11.97 9.90 11.39 11.39 10.34 10.34 8.07 11.25 9.90 9.74 9.74 11.87 11.87 11.87 14.90 12.22 11.62 9.88 11.62 11.60 11.60 6.20 12.22 2.58 8.59 10.37 10.37 8.59 8.59 8.59 8.59 8.34 11.97 8.34 6.07 7.82 9.19 8.64 9.19 6.51 6.51 9.44 9.50 9.22 1.82 1.82 9.06 5.54 5.54 6.92 6.92 6.92 6.92 6.92 6.92 6.92 6.92 6.92 6.92 10.55 1.53 1.53 1.53 2.21 2.21 1.77 1.77 1.77 1.77 1.77 1.77 1.77 1.77 1.77 1.77
19.58 17.60 20.19 20.19 21.23 19.53 8.27 10.34 10.34 9.04 11.39 11.84 3.60 9.92 9.55 9.69 15.94 11.27 11.87 11.87 11.39 15.49 12.67 10.73 11.62 11.62 10.58 9.03 3.02 2.58 12.22 2.58 6.20 14.00 12.22 6.20 5.95 5.95 5.95 2.27 12.42 9.06 9.06 5.43 5.87 8.64 9.19 6.07 12.27 9.94 3.15 2.71 1.82 6.42 12.85 10.55 6.92 6.92 6.92 6.92 6.92 6.92 6.92 6.92 6.92 6.92 6.92 10.55 6.92 5.10 1.53 1.77 5.89 5.89 5.89 5.89 5.89 5.89 5.89 5.89 5.89 5.89 5.89
20.59 16.96 18.68 18.68 19.34 19.34 7.63 9.29 10.56 10.56 10.56 2.56 3.44 9.41 10.38 8.97 12.60 8.53 11.01 11.00 14.45 12.15 8.53 10.18 11.07 8.19 8.63 11.49 11.49 11.05 11.05 6.08 9.35 9.35 8.19 2.46 7.39 2.22 7.39 5.78 8.80 5.17 5.17 2.88 6.50 5.17 1.73 2.62 2.18 3.06 3.50 5.80 5.36 5.36 5.36 5.71 6.64 6.64 6.64 6.64 4.89 6.64 6.64 6.64 6.64 6.64 6.64 10.26 6.64 4.89 1.47 1.47 6.59 6.59 6.59 6.59 6.59 6.59 6.59 6.59 6.59 6.59 6.59
