New_Model_Runs/14_Future_RCP8.5_Scn1_out/post_prcessed_with_MFR/Monthly_summaries/net_infiltration_monthly_SEP.asc
NCOLS 700
NROWS 400
XLLCENTER 515000.000000
YLLCENTER 8409000.000000
CELLSIZE 50.000000
NODATA_value -999.000000
[rows 228 to 265 of 400, columns 168 to 251 of 700]
8.55 8.51 8.89 9.05 8.51 8.51 8.51 8.51 8.80 8.80 8.80 8.80 8.80 8.80 9.35 10.93 8.29 11.80 6.90 12.23 10.94 11.37 10.94 10.94 6.63 9.80 9.78 10.23 9.35 9.80 10.23 9.96 8.81 9.24 11.60 12.36 9.59 9.59 9.59 9.59 9.04 9.04 9.04 9.04 9.07 9.47 9.90 8.85 10.33 9.04 9.04 9.04 9.47 9.03 9.04 8.23 7.50 8.23 7.16 7.16 7.21 7.96 7.96 7.21 5.82 7.25 7.25 7.25 7.25 7.25 7.25 7.25 6.55 6.55 6.55 6.55 6.48 6.48 6.48 6.48 6.42 6.42 7.13 6.42
8.55 8.51 8.55 8.55 8.51 8.51 8.51 8.51 9.00 9.35 8.80 9.35 9.35 8.80 8.80 8.80 8.80 8.80 9.23 13.60 12.23 3.81 11.37 10.51 6.63 13.81 12.58 11.89 14.72 12.32 12.32 11.89 6.20 7.48 9.24 8.81 8.38 9.80 8.35 10.24 9.04 9.04 9.04 9.04 9.04 9.39 10.31 8.85 9.28 8.85 9.04 9.04 9.04 7.65 7.65 7.65 7.32 7.32 7.16 7.16 7.21 7.21 8.09 7.21 7.25 5.82 7.25 7.25 7.25 7.25 7.25 8.09 7.13 7.13 7.13 6.55 6.48 6.48 6.48 6.48 6.42 7.13 7.13 6.42
7.23 7.23 7.23 7.23 7.26 7.26 7.26 8.59 9.35 8.80 8.80 8.80 9.35 8.80 8.80 8.80 9.35 8.80 8.80 8.80 11.37 11.37 8.72 9.57 10.20 8.81 13.29 13.29 8.81 12.85 7.05 3.11 8.38 13.72 12.86 6.48 11.89 3.54 11.06 7.95 8.39 8.99 9.04 9.04 9.04 2.70 12.54 11.93 11.93 9.03 9.04 9.22 9.22 9.10 9.10 7.65 7.32 7.16 7.16 7.16 7.21 7.21 7.21 7.21 7.25 7.25 7.25 7.25 7.25 7.25 7.96 7.96 7.13 7.13 6.55 6.55 6.48 6.48 6.48 6.48 6.42 7.41 7.13 6.42
7.23 7.23 7.23 7.23 7.26 7.26 7.26 7.69 7.54 9.01 9.01 8.80 8.80 8.80 8.80 9.35 8.80 8.80 8.80 10.50 7.00 8.80 11.80 5.53 10.52 9.67 8.38 9.67 4.40 13.18 8.20 3.97 8.81 9.24 8.38 12.43 13.05 12.75 7.48 11.89 8.39 9.85 8.39 8.39 9.40 11.90 11.50 11.93 11.50 9.07 9.07 9.22 9.22 9.10 9.10 9.10 8.23 7.16 7.16 7.16 7.21 7.21 7.21 8.08 8.09 8.06 8.09 7.25 9.52 8.30 7.25 8.09 7.13 6.55 6.55 6.55 6.48 6.48 6.48 6.48 7.13 7.13 6.42 7.21
7.25 7.25 7.25 7.25 7.26 7.26 8.05 8.05 7.57 8.32 7.57 9.32 8.80 8.80 8.39 9.00 8.80 8.80 8.80 8.80 9.35 8.80 9.15 11.80 13.74 13.90 11.46 13.74 11.46 12.32 12.32 7.48 12.46 13.29 11.46 12.33 9.66 11.00 11.21 12.75 11.47 11.47 12.91 11.90 12.48 12.33 9.93 12.16 8.74 9.18 9.18 9.18 9.23 9.23 9.23 9.23 8.30 8.51 7.46 8.12 8.17 7.25 8.17 8.09 9.03 8.06 6.85 8.09 7.28 7.71 8.27 7.40 6.57 6.57 6.57 6.57 6.47 6.47 6.47 7.25 6.43 6.43 6.43 6.43
7.25 7.25 7.25 7.25 7.26 7.99 7.26 7.26 7.57 7.57 7.57 8.53 8.51 7.54 7.54 9.30 9.35 8.80 8.80 8.80 8.80 8.80 9.00 9.66 9.37 9.54 8.92 9.37 8.92 8.28 13.31 3.54 10.23 7.96 7.53 10.62 12.33 8.23 8.23 9.14 8.82 7.96 9.09 7.53 9.40 8.82 8.65 12.16 8.74 8.18 9.00 8.74 8.78 9.23 9.23 9.23 8.51 8.51 8.51 7.22 7.25 7.25 7.25 7.25 8.09 7.66 10.13 8.52 8.35 7.50 7.50 7.28 7.13 6.57 6.57 6.57 6.47 6.47 8.24 7.25 6.43 6.43 6.43 6.43
7.25 7.25 7.25 7.25 7.26 7.99 7.26 7.26 7.57 7.57 7.57 7.57 7.54 7.54 7.83 10.01 8.80 8.80 8.80 8.80 8.80 12.70 7.86 9.81 9.37 9.37 9.37 9.37 9.37 7.95 9.96 11.46 10.16 8.29 8.81 9.24 12.17 10.62 9.54 9.54 8.60 8.60 8.60 8.60 8.39 9.51 8.95 10.19 10.19 8.99 8.60 8.60 7.61 7.82 8.78 8.78 8.51 8.51 8.51 8.51 7.25 7.25 7.25 7.25 8.09 8.91 7.24 10.75 10.75 11.01 8.95 9.82 7.13 6.57 6.57 6.57 7.13 6.68 6.47 6.47 6.43 6.43 6.43 6.43
7.25 7.25 7.25 7.25 7.26 8.13 7.26 7.26 7.57 7.57 7.57 7.57 7.54 7.54 7.54 9.01 8.80 8.97 8.80 8.80 8.80 8.80 8.80 8.80 9.37 9.54 9.94 9.37 9.37 7.95 9.57 9.54 9.54 9.22 7.72 9.66 8.86 10.62 9.54 9.54 9.03 9.15 8.60 9.51 9.08 9.08 8.65 7.53 10.19 12.50 12.50 8.60 3.01 8.04 9.03 9.02 9.34 8.91 8.49 8.51 7.25 7.25 7.25 7.25 7.30 8.49 11.13 6.81 8.79 8.14 7.71 8.09 7.36 7.36 6.57 7.13 7.13 6.47 6.47 7.25 6.43 6.43 6.43 6.43
7.32 7.32 7.32 7.32 7.33 7.33 7.33 7.33 7.62 7.62 7.62 7.62 7.56 7.56 7.56 7.56 7.50 8.96 8.80 8.80 8.80 8.80 8.80 8.80 9.37 9.54 9.54 9.54 9.37 9.54 6.60 9.55 9.19 9.19 9.54 9.24 8.66 12.37 9.54 9.96 8.39 9.70 8.64 8.64 8.78 8.78 8.78 8.78 7.53 8.82 10.37 12.50 11.98 9.56 8.47 8.90 8.36 8.77 7.26 8.09 7.27 7.27 8.39 7.28 8.71 10.75 2.47 8.36 8.58 9.20 7.70 7.27 6.53 6.53 8.31 7.48 6.45 6.45 6.45 6.45 6.48 6.48 6.48 6.48
7.32 7.32 7.32 7.32 7.33 8.06 7.33 7.33 7.62 7.62 7.62 7.62 7.56 7.56 7.56 7.56 7.50 9.52 9.00 8.80 8.80 8.80 8.80 8.80 9.37 9.37 9.54 9.54 9.37 9.54 6.60 8.31 9.37 9.37 9.19 9.54 9.24 8.81 13.05 9.51 9.70 9.27 8.64 8.64 8.78 8.78 8.78 8.78 9.48 7.96 8.82 9.17 11.55 11.55 10.69 12.59 7.93 7.93 8.77 8.52 8.52 7.92 8.26 8.69 8.28 5.98 2.90 7.24 7.42 7.07 8.28 8.02 6.53 6.53 6.53 6.53 7.23 6.45 6.45 6.45 6.48 6.48 6.48 6.48
7.32 7.32 7.32 7.32 7.33 7.33 7.33 7.33 7.62 7.62 7.62 7.62 7.56 7.56 7.56 7.56 7.77 8.80 9.00 8.80 8.80 8.80 8.80 9.35 9.37 9.37 10.18 9.25 9.37 9.57 6.60 10.77 9.37 9.94 9.37 9.54 9.47 8.74 7.95 7.52 9.27 8.64 8.64 8.64 8.78 8.78 8.99 8.78 9.25 9.60 9.17 9.17 7.53 9.45 9.45 9.27 11.75 11.01 7.07 8.77 8.28 8.28 8.71 7.07 11.43 7.41 7.24 7.90 8.58 8.35 7.96 7.97 7.13 7.32 6.53 6.53 6.45 6.45 6.45 6.45 8.62 6.48 6.48 6.48
7.32 7.32 7.32 7.32 7.33 7.33 7.33 7.33 7.62 7.62 7.62 7.62 7.56 7.56 7.56 7.56 7.50 8.80 8.80 8.80 8.80 8.80 8.80 8.32 8.86 9.37 9.54 9.25 9.22 9.22 9.22 9.22 9.19 9.37 9.55 9.54 7.65 9.80 9.97 9.85 8.64 8.64 8.64 8.64 8.78 8.99 8.99 8.39 10.28 9.91 7.53 8.82 7.96 8.39 9.42 9.23 8.35 7.92 10.16 10.92 7.07 8.71 7.50 7.50 10.59 7.93 7.62 7.66 9.34 8.35 8.45 8.09 7.13 6.53 6.53 6.53 6.45 6.45 6.45 6.45 6.48 6.48 6.48 6.48
7.35 7.35 7.35 7.35 7.33 8.07 7.33 7.33 7.62 7.62 7.62 7.62 7.55 7.55 7.55 7.55 8.32 8.32 8.80 8.32 9.00 7.49 7.49 8.32 8.86 8.86 9.54 9.28 9.25 9.25 9.25 9.25 6.60 6.60 6.60 9.19 9.19 11.53 10.04 9.19 8.74 8.74 8.74 8.74 8.82 8.99 9.17 9.85 3.97 3.54 8.97 8.54 8.82 8.82 9.42 10.73 7.92 7.92 8.35 8.28 11.44 11.87 8.36 8.79 12.71 3.60 8.46 8.91 9.22 7.92 8.09 8.36 7.13 6.51 6.51 6.51 6.48 6.48 6.48 7.26 6.53 6.53 6.53 6.53
7.35 8.09 7.35 7.35 7.33 7.33 7.33 7.33 7.62 7.62 7.62 7.97 7.55 7.55 7.55 7.55 8.32 8.32 8.32 8.32 8.48 7.49 7.49 8.32 7.77 7.77 9.28 9.28 9.25 9.25 9.25 9.25 9.19 9.19 9.54 9.19 9.19 9.19 9.54 9.19 8.74 8.74 8.74 8.74 9.17 8.99 8.99 8.99 9.42 8.39 8.39 9.60 7.96 8.39 9.42 10.71 8.49 8.02 9.20 9.63 4.57 5.42 12.73 12.30 11.80 8.36 7.66 8.06 7.92 7.92 8.09 7.23 7.30 6.51 6.51 6.51 6.48 6.48 6.48 6.48 6.53 6.53 6.53 6.53
6.77 6.77 6.77 6.77 6.75 7.54 7.54 7.70 6.88 6.88 8.01 7.53 6.81 6.81 6.81 6.81 6.77 7.49 7.49 6.77 6.76 6.76 6.76 6.76 6.90 6.90 6.90 6.90 8.11 8.11 8.11 8.11 8.05 8.05 8.05 8.05 8.05 8.05 8.05 8.05 7.79 7.79 7.79 7.79 7.95 8.15 8.15 8.46 8.79 6.88 6.88 6.45 7.72 7.72 7.72 8.75 7.72 7.17 8.46 7.75 8.18 5.67 9.03 7.32 9.97 10.04 7.32 7.56 7.13 7.13 7.36 6.72 5.89 5.89 5.89 5.89 5.85 5.85 5.85 5.85 5.90 5.90 5.90 5.90
6.77 6.77 6.77 6.77 6.75 6.75 6.75 6.75 6.88 6.88 6.88 6.88 7.47 7.47 7.47 7.45 6.77 6.77 7.49 6.77 6.76 6.76 6.76 6.76 6.90 6.90 6.90 6.90 6.88 6.88 8.11 8.11 8.05 8.05 8.05 8.05 8.05 8.05 8.05 8.05 7.79 7.79 7.79 8.37 7.63 7.72 8.37 6.66 7.20 7.83 8.26 8.37 7.72 7.72 8.75 8.75 7.72 7.72 7.60 7.60 8.18 9.46 7.75 7.51 7.08 9.54 7.60 7.60 7.13 7.56 7.13 6.72 5.89 5.89 5.89 5.89 5.85 5.85 5.85 6.25 5.90 5.90 5.90 6.25
6.75 6.75 7.49 7.36 6.69 7.60 6.69 6.69 6.81 6.81 6.81 6.81 6.78 6.78 6.78 6.78 6.77 6.77 7.49 7.49 6.78 6.78 6.78 6.78 6.95 6.95 6.95 6.95 6.93 6.93 6.93 8.17 8.09 8.09 8.09 8.09 8.12 8.12 8.12 8.12 7.80 7.80 7.80 7.72 7.95 7.95 7.95 7.95 7.78 7.78 8.21 8.21 6.45 6.45 8.75 8.75 7.72 7.72 7.17 7.60 7.75 7.94 7.13 7.08 9.97 7.56 7.60 7.17 7.13 7.56 7.56 7.13 6.03 5.91 5.91 5.91 5.89 5.89 6.25 6.25 5.92 5.92 5.92 6.25
6.75 6.75 6.75 6.75 6.69 6.69 7.30 6.69 6.81 6.81 6.81 6.81 6.78 6.78 6.78 6.78 6.77 6.77 7.11 6.77 6.78 6.78 6.78 6.78 6.95 6.95 6.95 6.95 6.93 6.93 6.93 8.17 8.09 8.09 8.09 8.09 8.12 8.12 8.12 8.31 7.80 7.80 7.72 7.72 7.72 7.54 7.79 7.79 7.78 5.65 7.78 8.21 2.79 6.88 9.18 8.75 7.72 7.72 7.60 6.89 6.89 6.65 7.13 7.56 11.07 7.56 7.56 6.03 7.13 7.13 7.13 6.46 6.46 6.04 7.22 5.91 5.89 6.25 6.46 6.25 6.48 5.92 5.92 6.25
6.75 7.48 6.75 6.75 6.69 6.69 7.30 6.69 6.81 6.81 6.81 7.39 7.49 7.49 6.78 6.78 6.77 7.39 7.39 6.77 6.78 6.78 6.78 6.78 6.95 6.95 6.95 6.95 6.93 6.93 6.93 6.93 8.09 8.09 8.09 8.09 8.12 8.12 8.12 8.12 7.80 7.80 7.95 8.05 7.72 7.79 7.79 5.65 5.65 5.65 5.65 8.21 7.74 8.16 3.12 8.75 7.72 7.72 6.65 7.51 7.51 6.03 6.89 10.40 10.16 7.08 7.56 7.13 7.13 7.13 6.03 6.46 5.06 5.06 5.91 5.91 5.89 6.57 5.89 5.89 5.92 5.92 6.25 6.25
6.75 6.75 6.75 6.75 6.69 6.69 6.69 6.69 6.81 6.81 6.81 7.39 7.49 7.49 7.49 6.78 7.03 7.39 7.39 6.77 6.78 6.78 6.78 6.78 6.95 6.95 6.95 6.95 6.93 7.58 6.93 6.93 6.86 8.09 8.54 8.09 8.12 8.12 8.12 8.12 7.80 7.80 7.80 7.72 8.22 7.95 9.38 5.65 5.65 5.65 7.78 7.63 6.88 3.22 9.29 8.75 7.72 7.17 7.17 7.56 7.13 7.13 2.24 10.83 6.65 6.03 6.65 7.87 7.56 7.13 6.03 6.53 6.03 6.33 5.91 5.91 6.21 5.89 5.89 5.89 5.92 5.92 6.25 6.25
6.71 6.71 7.33 6.71 6.65 6.65 6.65 6.65 6.78 6.78 7.55 7.74 6.77 7.49 6.77 6.77 7.91 7.39 7.47 6.76 6.79 6.79 6.79 7.56 6.96 6.96 6.96 6.96 7.60 6.94 6.94 6.94 6.91 8.15 8.15 8.15 8.17 8.17 8.17 8.17 7.77 7.77 7.77 7.77 7.95 7.72 8.98 5.65 5.65 5.65 7.79 8.15 8.06 9.61 8.75 8.75 7.17 7.17 7.17 7.17 6.89 6.89 2.24 6.18 6.89 6.89 6.65 7.17 6.46 6.03 7.60 7.60 6.03 6.21 5.92 6.21 7.68 6.21 6.21 6.25 5.96 5.96 6.25 7.11
6.71 6.71 6.71 6.71 6.65 6.65 6.65 6.65 6.78 6.78 7.51 8.13 7.98 7.98 9.18 6.77 7.54 7.82 6.46 6.76 6.79 6.79 6.79 6.79 6.96 6.96 6.96 6.96 6.94 6.94 6.94 6.94 6.91 8.15 8.15 8.15 8.17 8.17 8.17 8.17 7.77 5.65 5.65 5.65 7.74 8.98 6.04 5.65 5.65 5.65 7.95 7.79 7.63 9.61 8.75 8.75 7.13 7.17 7.17 7.17 6.46 7.51 2.24 9.97 7.08 7.60 6.03 7.17 7.46 7.17 7.17 7.60 6.04 5.32 5.92 5.75 8.35 11.19 7.68 6.21 6.21 5.96 6.25 6.18
6.71 6.71 6.71 6.71 6.65 6.65 6.65 7.26 6.78 7.99 7.99 8.13 8.12 7.98 8.43 7.74 7.97 6.76 7.54 7.54 6.79 6.79 6.79 6.79 6.96 6.96 6.96 6.96 6.94 6.94 6.94 6.94 6.91 6.91 8.15 8.15 8.17 8.17 8.17 8.17 7.77 5.65 5.65 5.65 5.65 5.65 5.65 5.65 5.65 5.65 7.95 7.95 8.37 8.75 8.75 9.18 10.59 7.13 7.17 6.03 6.46 6.46 6.89 9.97 7.17 7.17 7.17 7.17 7.46 7.17 7.17 7.17 6.04 5.77 5.98 5.75 12.30 7.68 11.19 7.68 5.32 5.32 5.32 8.97
6.71 6.71 6.71 6.71 6.65 6.65 7.26 6.65 6.78 6.78 7.99 8.13 8.12 7.98 7.74 8.12 7.97 8.12 7.54 7.54 6.79 6.79 6.79 6.79 6.96 6.96 6.96 7.62 7.60 6.94 6.94 6.94 6.91 8.15 8.15 8.15 8.17 8.17 8.17 8.17 7.77 5.65 5.65 5.65 5.65 5.65 5.65 5.65 5.65 7.79 7.95 7.95 7.72 8.75 9.18 8.39 11.50 10.68 6.03 6.46 2.67 6.46 6.03 9.97 7.08 8.03 7.17 7.17 7.17 7.17 7.17 7.17 6.25 5.92 6.21 5.77 11.59 7.68 7.68 11.19 7.68 7.68 8.08 8.08
6.74 6.74 6.74 6.74 6.68 6.68 6.68 6.68 6.79 6.79 6.79 8.00 7.96 7.96 7.74 8.24 7.95 8.11 8.11 6.75 6.80 6.80 6.80 6.80 7.65 7.00 7.00 7.66 6.99 6.99 6.99 6.99 6.97 8.22 8.22 8.22 8.20 8.20 8.20 8.20 7.74 5.65 5.65 5.65 6.45 6.45 7.63 7.20 7.80 7.80 7.95 7.95 7.98 8.75 9.18 9.18 7.60 7.17 10.68 6.89 7.32 6.46 9.54 7.08 7.51 8.37 8.46 7.17 7.17 7.17 7.17 7.17 6.21 6.25 6.25 6.04 7.68 8.08 8.08 11.19 7.68 4.14 7.65 11.19
6.74 6.74 6.74 6.74 6.68 6.68 7.30 6.68 6.79 6.79 6.96 7.99 8.11 7.74 7.99 8.33 8.11 8.11 8.11 6.75 6.80 6.80 6.80 6.80 7.64 7.00 7.66 7.00 6.99 6.99 6.99 6.99 6.97 8.22 8.22 8.22 8.20 8.20 8.20 8.20 7.74 8.98 5.65 6.45 6.45 7.95 8.37 7.95 7.80 7.95 7.95 7.72 7.95 7.54 7.96 9.31 7.72 7.72 7.17 10.83 10.83 6.18 10.83 8.03 7.60 8.89 7.60 7.17 7.17 7.17 7.17 7.46 6.25 6.21 5.06 5.06 5.06 8.57 11.19 8.57 11.19 7.65 4.14 4.14
6.74 6.74 6.74 6.74 6.68 6.68 6.68 6.68 7.43 6.79 6.79 7.99 8.11 7.74 7.74 7.74 8.11 7.95 8.11 6.75 6.80 6.80 6.80 6.80 7.00 7.00 7.00 7.00 6.99 6.99 6.99 6.99 6.97 8.22 8.22 8.22 8.20 8.20 8.20 8.67 7.74 8.98 5.65 7.95 7.95 7.95 7.95 7.95 7.80 7.95 7.72 7.72 8.75 8.75 8.75 8.75 8.15 10.65 9.79 6.89 6.46 7.94 12.11 8.18 7.32 7.75 7.75 7.60 7.60 7.17 7.17 7.17 6.25 6.25 5.06 5.06 5.06 5.36 5.06 5.06 11.62 7.68 7.68 4.14
6.94 7.17 6.74 6.74 6.68 6.68 6.68 6.68 7.43 6.79 6.79 8.00 6.34 7.74 8.44 7.74 8.31 8.11 7.95 6.75 6.80 6.80 6.80 6.80 7.00 7.00 7.00 7.00 6.99 6.99 6.99 6.99 8.22 8.22 8.22 8.22 8.20 8.20 8.67 8.20 7.74 7.74 5.65 7.95 7.72 7.72 7.72 7.95 7.95 7.72 7.72 7.72 8.75 8.75 8.75 10.79 10.65 9.51 10.22 6.03 1.81 6.89 7.04 10.83 12.11 11.26 6.61 11.45 10.83 10.68 10.68 10.68 6.03 5.06 5.06 5.06 5.06 5.06 8.97 8.57 8.08 11.62 11.19 7.68
7.89 6.77 6.77 6.77 6.69 7.41 6.69 7.33 6.76 6.76 6.76 7.99 7.74 7.74 7.74 7.99 7.99 7.99 7.93 6.74 6.82 6.82 6.82 6.82 8.29 7.03 7.03 7.03 7.05 7.05 8.32 8.32 8.32 8.32 8.32 8.32 8.26 8.26 8.26 8.26 7.71 7.71 7.71 7.71 7.69 7.69 7.69 7.69 7.95 7.95 7.72 7.95 8.75 8.75 8.75 10.79 12.17 13.73 13.73 10.59 9.54 10.59 10.40 10.40 8.60 8.46 7.60 8.03 6.46 7.17 7.17 7.17 5.06 5.06 5.06 5.06 6.04 6.03 6.03 5.06 8.08 8.11 8.36 11.19
6.35 6.99 7.40 6.77 6.69 6.69 6.69 6.99 6.76 6.76 6.76 7.99 7.74 7.74 7.99 7.99 7.99 7.99 7.99 6.74 6.82 6.82 6.82 8.04 8.29 8.77 7.03 7.03 8.32 8.32 8.32 8.32 8.32 8.32 8.32 8.32 8.26 8.26 8.26 8.26 7.71 7.71 7.71 7.71 7.69 7.69 7.69 7.69 7.72 7.72 7.72 7.72 8.75 8.75 10.79 12.98 12.59 14.07 9.51 6.89 6.95 7.32 11.69 10.40 8.37 6.89 7.17 7.17 7.17 7.17 7.17 7.17 5.06 5.06 5.06 5.36 6.03 6.46 5.49 5.06 11.62 8.41 7.68 8.66
5.53 5.40 6.42 6.79 6.58 6.28 6.28 6.28 6.24 6.24 7.23 6.38 6.38 6.38 6.87 6.87 6.88 6.88 6.88 6.20 6.29 6.29 6.29 6.98 7.21 7.21 6.51 6.51 7.24 8.02 7.24 7.24 7.24 7.24 7.24 7.24 7.18 7.18 7.18 7.42 6.83 6.64 6.64 6.64 6.62 6.62 6.62 5.94 5.94 5.94 5.94 5.94 9.23 8.11 12.74 12.05 13.06 8.71 8.28 6.20 6.19 7.06 10.56 10.01 9.59 6.94 6.63 6.20 6.19 6.20 6.19 6.20 5.25 5.25 5.25 5.68 5.28 5.71 4.39 7.02 10.53 10.53 7.02 7.27
5.53 5.14 6.00 6.36 6.28 6.28 6.28 6.28 6.24 6.92 6.92 6.38 6.38 6.38 6.87 6.87 6.88 6.88 6.88 6.88 6.29 6.29 6.29 6.98 7.21 7.21 7.21 7.21 7.24 7.24 7.24 7.24 7.24 7.24 7.24 7.24 7.39 7.18 7.18 7.18 6.64 6.64 6.64 6.64 6.62 6.62 6.62 6.62 6.22 5.94 5.94 9.23 9.23 8.11 9.66 12.91 9.13 10.10 9.68 6.20 6.63 6.19 6.19 7.06 10.01 9.59 7.06 6.63 6.20 6.19 6.20 6.20 5.25 4.65 5.68 5.68 5.25 4.39 4.39 7.02 7.45 10.53 7.02 7.87
5.99 5.99 9.93 6.77 6.26 6.26 6.26 6.56 6.22 7.10 6.89 6.89 6.84 6.84 6.84 6.84 7.08 7.08 6.87 6.87 6.28 6.28 6.58 6.96 7.63 7.42 7.21 7.21 7.27 7.27 7.27 7.27 7.46 7.27 7.27 7.27 7.39 7.17 7.17 7.17 6.64 6.64 6.64 6.64 6.59 6.59 6.59 6.59 6.68 5.94 5.94 7.20 7.20 8.64 8.11 13.17 9.25 9.68 6.07 6.20 9.25 8.82 6.20 7.06 6.94 10.02 6.51 6.63 6.20 6.20 6.20 6.20 5.25 5.25 4.65 5.08 6.10 5.25 4.39 7.02 10.95 7.02 7.87 7.87
6.44 6.62 9.47 6.42 6.26 6.48 6.26 6.26 6.22 6.89 6.89 6.89 6.84 6.82 6.84 6.84 6.87 7.13 7.08 6.87 6.96 6.28 6.28 6.28 7.21 7.21 7.21 9.98 7.27 7.46 7.27 7.27 7.27 7.27 7.27 7.27 7.17 7.17 7.17 7.17 6.64 6.64 6.64 6.64 6.59 6.59 6.59 6.59 6.68 6.68 6.87 7.37 7.45 6.65 9.50 8.54 8.82 8.69 8.82 8.82 8.82 8.82 6.20 7.06 6.92 10.01 6.94 5.23 6.19 6.20 6.63 6.63 5.25 5.25 5.25 5.25 5.25 4.39 4.39 10.53 10.95 7.87 8.30 8.33
5.82 6.42 9.33 5.99 6.26 6.26 6.26 6.26 6.22 6.22 6.89 6.89 6.82 6.82 7.05 6.84 6.87 6.87 6.87 6.87 6.96 6.28 6.28 6.28 6.50 7.21 7.21 9.86 9.91 9.91 7.27 7.27 7.27 7.27 7.46 7.27 7.17 7.39 7.17 7.17 6.64 6.64 6.64 6.64 6.59 6.59 6.59 6.59 6.68 6.68 6.68 7.37 7.45 7.68 9.66 8.54 8.82 8.69 9.25 8.82 9.25 9.25 6.62 6.62 6.07 9.15 7.37 7.06 6.20 6.19 7.48 5.65 5.25 5.25 5.25 5.25 5.68 4.39 7.02 7.45 7.02 8.30 8.56 8.30
5.82 5.82 5.99 9.85 6.26 6.26 6.56 6.26 6.22 6.22 6.89 5.64 6.84 6.84 6.84 6.84 6.87 6.87 6.87 6.87 6.96 6.96 6.28 6.28 6.41 7.21 7.21 7.21 9.91 9.91 9.91 7.27 7.27 7.27 7.27 7.27 7.17 7.17 7.17 7.17 6.88 6.82 6.64 6.64 6.59 6.59 6.22 6.22 6.22 6.22 6.68 7.37 7.45 7.25 9.23 9.23 8.82 8.82 9.25 9.25 9.56 9.13 6.92 7.06 7.06 10.02 6.94 7.06 6.63 7.05 7.37 6.07 4.39 4.57 5.25 4.39 6.10 4.65 10.95 7.02 7.02 7.87 7.87 9.58
5.99 5.99 6.20 8.23 6.69 6.69 6.26 6.26 6.18 6.18 6.85 6.85 6.82 6.82 6.82 6.82 6.89 6.89 6.89 6.89 6.94 6.94 6.94 6.26 6.47 7.18 7.18 7.18 7.45 9.91 9.91 7.27 7.26 7.26 7.26 7.26 7.12 7.12 7.12 7.12 6.62 6.62 6.62 6.62 6.60 6.60 6.22 5.94 5.94 5.94 6.64 7.20 7.20 7.20 9.23 9.23 8.82 8.82 8.28 9.13 9.13 9.25 6.63 7.06 7.06 9.59 5.65 6.63 6.92 6.94 6.51 6.63 4.65 4.39 5.25 4.82 5.68 7.87 12.24 7.87 7.70 11.64 7.28 5.82
5.99 5.82 5.82 8.23 5.53 5.53 6.26 6.26 6.49 6.18 6.85 6.85 6.82 6.82 6.82 6.82 6.89 6.89 6.89 6.89 6.94 6.94 6.94 6.26 6.47 7.18 7.18 7.18 7.27 7.27 9.73 6.75 7.26 7.26 7.26 7.26 7.12 7.39 7.33 7.12 6.62 6.62 6.62 6.14 6.60 6.60 6.22 5.94 5.94 5.94 7.20 7.20 7.20 9.23 9.23 9.49 8.82 8.82 8.82 8.69 8.28 8.82 9.25 6.94 7.35 6.62 9.16 5.65 6.51 6.51 6.20 6.63 5.68 5.25 5.25 4.39 7.87 11.38 11.81 7.87 7.02 7.87 5.29 5.82
