New_Model_Runs/14_Future_RCP8.5_Scn1_out/post_prcessed_with_MFR/Monthly_summaries/net_infiltration_monthly_JUN.asc
NCOLS 700
NROWS 400
XLLCENTER 515000.000000
YLLCENTER 8409000.000000
CELLSIZE 50.000000
NODATA_value -999.000000
[rows 266 to 303 of 400, columns 168 to 251 of 700]
7.85 8.70 8.70 10.45 7.85 7.85 6.83 6.83 6.79 7.03 8.19 8.19 8.16 8.16 8.16 8.16 8.23 8.23 8.23 8.23 8.28 8.28 8.28 6.85 7.06 7.06 8.53 8.53 8.62 8.69 8.69 11.96 9.47 9.47 8.61 9.15 8.48 8.48 8.48 8.48 8.17 8.17 8.17 8.39 8.41 8.41 8.52 8.52 8.52 8.39 8.15 8.15 8.36 8.36 10.57 10.57 10.52 10.95 10.52 10.52 10.95 10.52 11.08 11.51 8.76 7.98 11.06 7.78 8.46 8.33 7.90 8.33 7.04 6.99 7.04 6.99 13.55 9.39 7.69 7.14 7.14 7.14 7.80 7.19
7.97 8.40 8.40 10.08 7.87 7.87 6.83 6.83 6.79 6.79 8.19 8.19 8.16 8.16 8.16 8.16 8.23 8.23 8.23 8.23 8.28 8.28 8.28 6.85 7.06 7.06 8.53 8.53 8.62 8.70 8.70 12.88 12.02 8.70 8.61 8.61 8.48 8.48 9.01 8.48 8.17 8.17 8.17 8.39 8.39 8.41 8.52 8.52 8.52 8.39 8.15 8.15 8.15 8.15 8.15 10.57 10.52 10.95 10.60 10.52 10.52 10.52 10.52 10.92 10.65 8.76 11.49 7.98 8.03 7.90 7.90 7.90 6.56 7.84 7.90 14.41 6.73 7.79 7.33 7.37 6.94 7.37 7.57 7.57
8.77 8.34 10.04 10.89 8.91 7.97 8.01 6.79 6.73 6.73 8.12 8.12 8.16 8.16 9.13 8.16 8.28 8.28 8.28 8.28 8.31 8.31 8.31 6.87 7.06 8.53 8.53 8.53 8.60 8.81 8.70 12.02 11.66 8.70 8.59 8.59 8.45 8.45 8.45 8.45 8.16 8.39 8.39 8.16 8.39 8.39 8.52 8.39 8.39 8.39 8.15 8.15 8.15 8.15 8.15 8.15 10.52 10.52 11.51 10.95 10.52 10.52 10.52 9.74 9.97 7.98 11.06 7.98 7.78 7.90 7.90 7.90 6.56 6.99 13.55 7.16 11.81 7.14 7.26 8.86 8.05 7.37 7.37 7.57
7.81 7.89 10.89 7.81 8.40 7.97 8.04 7.05 7.97 6.99 8.60 8.47 8.47 8.47 8.16 8.67 8.28 8.28 8.28 8.28 8.31 8.31 7.58 6.87 7.06 8.53 8.53 7.32 8.60 11.60 11.60 12.23 11.66 8.59 8.59 8.59 8.45 8.45 8.45 8.45 8.52 8.39 8.39 8.39 8.39 8.39 8.39 8.39 8.39 8.39 8.15 8.15 8.48 8.48 8.48 8.39 10.65 10.52 10.30 10.40 10.52 10.52 10.52 10.52 10.65 7.78 7.35 11.29 7.12 7.90 7.35 7.90 7.19 6.61 13.98 10.89 9.99 7.19 7.37 7.26 7.19 7.14 6.51 6.94
6.95 11.85 11.32 8.83 7.97 7.97 7.05 7.05 6.99 8.27 7.08 8.59 8.59 8.47 8.16 8.16 8.28 8.28 8.28 8.28 9.67 6.87 6.87 6.87 7.06 8.53 8.53 8.53 10.47 11.60 11.66 11.66 11.66 8.59 8.59 8.59 8.45 8.45 8.45 8.45 8.39 8.39 8.52 8.39 8.39 8.39 8.39 8.48 7.45 8.39 8.39 8.39 8.48 8.39 8.39 8.39 10.65 10.52 10.95 7.84 7.84 7.84 10.52 10.52 10.83 11.51 7.35 10.63 14.03 10.52 9.97 7.90 6.99 10.50 10.47 9.67 7.19 7.19 7.57 8.00 7.19 7.19 7.14 7.78
7.97 10.47 3.67 8.77 7.97 7.91 7.05 7.05 6.99 7.99 8.59 8.59 8.59 8.59 8.57 8.57 8.47 10.21 10.21 7.49 7.87 6.87 6.87 6.87 7.06 8.53 8.53 8.53 11.66 11.66 11.66 12.23 11.66 11.66 8.59 8.59 8.45 8.45 8.45 8.45 8.39 8.39 8.39 8.39 8.39 8.39 8.39 8.05 8.48 8.39 8.39 8.59 8.48 8.48 8.15 8.15 10.52 10.52 7.79 9.02 11.35 11.31 11.78 14.34 16.25 16.68 14.77 13.25 13.25 13.48 9.97 4.76 10.24 13.98 10.45 9.99 7.20 7.20 8.48 7.69 7.20 7.20 7.78 7.78
8.40 10.89 8.24 9.20 7.91 6.94 6.94 6.94 6.93 8.59 8.59 8.59 8.59 8.54 8.54 8.59 8.59 11.34 11.42 11.42 7.95 10.10 7.87 6.88 5.18 10.56 10.94 9.90 9.90 9.90 9.90 9.90 9.90 9.90 7.29 7.29 7.01 7.29 7.01 7.01 6.72 6.72 7.22 7.22 7.22 7.22 7.22 7.03 7.03 6.72 8.37 8.37 8.41 8.41 8.58 8.15 10.52 8.27 6.45 6.02 10.44 7.64 8.70 10.40 11.46 8.62 6.90 9.74 11.08 13.48 13.48 9.74 12.75 13.12 13.12 9.99 6.51 7.20 8.91 7.79 6.51 7.20 7.78 7.78
8.48 10.47 9.26 8.77 6.94 7.27 6.94 7.28 8.21 8.59 8.59 8.59 8.94 8.86 9.04 8.54 8.59 11.73 11.42 11.42 9.64 6.73 6.73 9.86 8.69 12.12 13.41 13.41 9.90 9.90 10.87 9.90 9.90 9.90 9.90 7.43 7.43 7.29 7.01 7.01 6.72 6.72 7.22 7.22 8.08 7.22 7.65 8.80 7.93 7.07 6.72 8.62 8.39 8.15 8.15 8.39 8.40 11.15 7.36 7.36 7.36 7.64 7.64 7.21 7.36 6.04 10.60 9.74 10.95 10.40 13.48 8.27 8.53 10.10 9.67 10.45 10.45 10.71 11.13 10.88 9.91 6.40 7.78 7.78
6.29 9.80 7.14 7.39 6.42 7.13 7.13 7.13 7.33 7.86 7.86 7.86 7.86 7.86 7.89 7.89 7.86 10.68 11.33 10.73 9.35 8.03 8.77 4.67 11.27 11.27 11.27 12.94 12.94 9.43 9.43 9.43 9.43 9.43 9.86 8.25 6.86 6.86 6.38 6.90 6.79 6.81 6.81 6.81 6.81 6.81 7.92 5.81 7.47 7.84 6.81 6.81 7.62 7.37 7.37 7.37 7.68 11.18 7.24 6.47 7.00 7.00 7.00 7.19 6.57 6.90 6.90 6.47 9.24 8.12 8.12 8.55 5.38 8.95 6.57 6.14 10.51 6.63 6.88 6.63 6.57 9.71 10.40 7.74
7.55 11.08 8.00 6.96 6.42 7.13 7.22 7.13 7.86 7.86 7.84 7.86 7.86 7.86 7.89 7.89 8.02 9.98 10.73 10.73 9.35 8.03 11.17 11.17 11.27 11.27 11.27 11.27 12.94 14.38 9.43 9.43 9.43 10.21 7.72 8.40 6.38 6.86 6.38 6.38 6.23 6.23 6.81 6.81 6.81 6.81 6.81 10.32 6.81 7.67 6.81 6.81 6.81 7.62 7.37 7.62 7.68 8.05 10.75 7.62 6.90 6.57 7.19 7.19 6.47 7.00 6.47 6.90 10.41 10.84 3.65 3.65 7.48 7.19 6.88 6.88 10.27 10.70 6.76 6.76 6.76 6.88 6.88 10.08
11.03 7.14 8.00 7.75 6.37 7.13 7.36 7.13 7.86 7.86 7.86 7.86 7.86 7.86 7.87 7.87 7.99 7.99 10.73 9.35 8.32 15.05 11.34 11.16 11.25 11.25 11.25 10.87 9.43 12.94 9.43 9.43 9.43 9.43 9.86 8.94 6.74 6.36 6.76 6.36 6.81 7.34 6.81 6.81 6.81 6.81 6.18 6.70 10.55 6.10 7.24 6.81 6.81 6.70 6.81 7.37 7.62 7.81 9.98 6.47 7.19 7.19 7.19 6.47 8.18 9.14 8.18 10.41 10.84 3.65 9.04 7.75 7.06 6.14 6.88 6.76 7.19 7.14 7.19 6.76 6.76 6.88 6.88 6.14
5.64 7.60 7.60 7.13 6.37 7.13 7.47 7.66 7.86 7.84 7.86 7.33 7.33 7.87 7.87 7.87 7.99 7.99 9.96 6.64 11.16 11.16 11.16 11.16 11.25 11.25 11.25 10.87 9.43 12.94 9.43 9.43 9.43 9.86 8.15 8.39 7.29 6.36 6.86 6.86 6.70 6.70 7.49 6.81 6.70 6.70 6.18 6.18 10.32 7.04 7.24 7.24 6.81 6.81 6.81 6.70 7.62 8.05 6.47 6.47 6.47 7.19 7.62 7.32 3.65 9.47 11.80 11.16 11.26 11.99 7.19 6.57 7.41 6.75 6.88 6.76 6.76 7.61 6.63 6.14 6.57 6.88 6.88 6.76
5.86 7.60 6.29 6.47 6.73 7.22 7.22 7.64 7.84 7.84 6.45 6.45 6.52 6.52 6.52 7.87 7.99 7.50 6.60 7.99 11.16 11.16 11.16 11.16 11.25 11.25 11.25 10.87 9.18 12.94 9.18 10.48 9.18 9.18 7.72 7.72 6.86 6.36 6.36 6.86 6.81 7.56 6.81 6.21 6.18 6.18 6.18 6.18 10.21 7.04 7.67 7.24 6.81 6.81 6.81 6.81 6.66 7.24 6.90 6.47 9.98 9.98 10.41 7.32 8.18 6.31 5.88 3.65 11.37 6.57 10.51 7.19 6.20 7.06 7.06 6.94 7.80 7.31 6.88 7.19 7.19 6.88 6.88 6.76
6.66 6.29 7.60 7.22 6.37 7.22 7.86 7.36 7.84 7.42 6.45 6.45 6.52 6.52 6.52 6.52 6.60 6.60 6.60 4.63 11.16 11.16 11.16 11.16 11.25 11.25 11.25 10.87 10.87 12.94 9.18 6.75 8.10 9.60 8.15 6.74 6.36 6.89 6.74 6.86 6.81 6.81 6.70 6.21 6.18 6.18 6.18 6.18 6.70 10.32 6.81 6.81 6.81 7.24 7.24 6.81 6.77 5.98 7.24 6.57 7.19 9.98 9.98 10.84 10.84 7.17 3.65 3.65 8.51 7.91 8.09 7.19 6.14 6.57 7.41 6.57 7.62 7.19 6.76 6.88 6.88 6.88 6.88 6.20
7.52 6.72 8.03 7.17 6.35 7.13 7.13 7.22 7.33 6.47 6.47 6.47 7.42 7.55 6.54 6.54 7.42 7.33 7.42 6.07 7.64 11.09 11.09 11.09 11.20 11.20 11.20 10.87 11.30 13.95 7.72 8.15 10.03 9.36 8.15 7.17 6.86 6.74 6.86 6.86 6.81 6.70 6.70 6.70 6.18 6.18 6.70 6.70 6.81 10.32 6.81 6.81 8.46 5.38 7.24 6.81 6.78 6.76 6.76 7.66 7.62 7.62 6.90 6.74 8.18 3.65 7.32 8.05 7.62 7.24 7.24 7.19 6.76 6.76 6.76 7.19 6.76 6.76 6.76 6.76 6.88 6.88 6.88 6.88
6.72 7.14 7.14 6.29 6.35 6.35 6.35 6.35 5.06 6.47 6.47 9.83 10.73 9.83 6.94 6.97 7.85 6.58 4.61 6.07 9.35 10.78 10.78 11.09 11.20 11.21 10.87 10.87 9.86 12.87 13.37 8.57 9.86 10.22 10.46 6.74 6.74 6.74 6.86 6.86 6.70 6.70 6.81 7.13 7.13 6.70 6.81 6.70 7.47 10.32 6.81 6.81 7.24 5.38 6.61 6.00 5.98 5.98 5.98 6.41 7.10 7.48 10.99 8.18 8.18 6.57 6.57 6.57 7.19 7.24 7.24 7.19 6.76 6.76 6.88 6.88 6.88 6.76 6.76 6.76 6.76 6.76 6.88 6.88
7.52 8.38 8.38 7.14 7.65 6.35 6.35 6.35 5.06 6.47 9.83 8.41 10.73 11.16 11.08 9.83 9.83 11.11 10.15 8.92 9.78 9.06 9.49 10.78 11.32 8.15 9.18 9.43 9.43 9.43 11.66 8.15 9.11 9.43 7.49 6.74 7.46 6.74 6.74 6.74 6.70 6.70 6.81 6.70 6.70 6.81 6.81 7.04 7.56 10.32 6.81 6.81 7.13 5.38 6.61 8.91 5.98 5.98 5.98 5.98 6.43 7.05 5.50 3.27 7.19 7.23 7.19 7.19 7.44 7.24 7.19 7.19 6.76 6.76 6.88 6.88 6.76 6.76 6.57 7.19 6.76 6.88 6.76 6.76
7.55 8.38 6.72 2.61 6.72 6.35 6.35 6.78 6.90 6.47 9.83 9.83 9.90 9.90 10.91 6.45 11.43 12.01 8.92 5.50 9.72 8.92 9.52 4.69 2.59 8.57 9.86 9.86 8.57 8.57 6.53 6.06 6.06 6.38 7.33 6.74 6.74 6.74 6.74 6.74 6.70 6.70 6.70 6.70 6.70 6.70 6.81 6.81 6.81 10.75 8.89 7.32 8.27 5.38 6.74 9.73 7.75 4.24 5.98 5.98 6.00 4.36 10.99 10.99 7.66 6.57 7.19 7.19 7.19 7.24 7.24 7.19 7.19 6.76 6.88 6.88 6.76 6.76 7.00 7.62 6.76 6.88 6.76 6.88
7.97 6.71 7.51 6.65 8.45 7.56 7.21 6.76 13.77 9.86 10.29 10.68 10.32 10.48 6.45 10.82 14.19 15.06 13.11 12.00 9.44 9.06 9.31 8.63 10.00 9.93 9.35 5.67 5.67 9.14 6.53 6.92 8.89 4.30 7.74 6.88 6.86 6.74 6.74 6.74 6.21 6.81 6.81 6.81 6.81 6.81 6.70 6.61 6.81 6.81 10.75 10.13 6.70 7.13 5.81 7.24 6.77 7.75 5.38 5.82 6.00 4.36 8.30 11.18 10.41 7.62 7.19 7.19 7.19 7.24 7.24 7.87 7.19 6.76 6.76 6.76 6.76 6.76 6.76 6.76 6.88 6.88 6.76 6.88
7.14 7.94 8.02 7.12 6.28 7.65 6.20 10.45 9.83 14.16 10.48 11.11 14.62 11.26 11.69 3.95 11.22 11.65 5.98 6.41 5.98 5.92 5.92 4.69 8.20 9.67 3.45 2.70 5.56 5.67 7.39 7.82 10.43 4.30 7.60 6.74 6.86 6.31 6.31 6.31 6.70 6.81 6.81 6.81 6.81 6.81 6.70 6.61 6.81 6.81 6.81 8.60 10.32 9.32 7.90 6.81 6.77 10.07 7.75 5.38 6.00 4.36 7.87 6.00 10.70 6.90 7.40 6.90 6.47 7.19 7.19 7.19 6.76 6.76 7.19 6.76 6.76 6.76 6.76 6.88 6.88 6.76 6.76 6.20
7.14 7.94 7.97 7.54 7.12 7.13 5.90 9.64 10.88 11.77 14.16 10.40 11.26 3.53 8.61 7.54 2.67 6.50 7.35 6.83 6.83 6.35 5.92 4.69 5.63 6.42 3.02 6.85 5.56 6.06 5.16 7.78 3.88 10.43 3.45 5.20 6.06 6.06 6.06 5.99 6.21 6.81 6.81 6.81 6.70 6.70 7.70 6.70 7.56 7.56 7.56 6.70 6.70 6.70 10.64 10.64 11.03 10.71 10.28 7.75 7.75 8.30 8.55 6.00 6.43 10.84 8.18 7.33 6.57 6.47 7.19 7.19 7.19 7.19 7.62 6.76 6.76 6.76 6.88 7.00 6.64 7.22 6.79 7.22
11.08 10.22 7.35 6.28 7.97 8.66 6.28 7.08 10.22 11.68 12.98 8.18 8.61 4.38 8.18 7.54 6.86 5.49 6.13 6.13 6.13 7.15 5.92 6.13 6.49 7.27 5.63 5.99 6.42 3.45 3.02 8.06 7.35 6.06 8.72 5.20 6.49 6.06 6.06 6.06 4.58 6.21 6.81 6.81 6.70 7.56 5.71 7.47 5.81 7.56 7.56 7.53 6.70 6.81 7.13 7.13 8.15 7.85 7.62 7.09 6.98 8.30 7.87 6.00 5.58 10.17 7.62 7.62 7.62 7.19 7.19 7.19 7.06 7.48 7.19 6.76 6.76 6.76 7.00 6.79 7.22 6.64 6.21 10.30
3.90 3.47 11.13 10.65 11.70 7.08 2.18 11.02 10.71 8.07 8.65 8.22 8.57 7.79 8.23 7.37 6.86 5.49 5.70 6.13 6.13 5.92 6.67 5.98 6.06 6.06 6.49 5.20 6.92 5.63 5.63 6.42 6.49 10.43 6.10 6.43 6.42 6.49 7.50 6.06 6.02 6.02 6.26 6.70 6.17 5.38 7.13 4.35 6.70 6.70 6.13 6.13 6.81 6.70 7.13 7.98 6.66 6.99 7.10 7.10 6.67 5.25 5.04 4.36 5.93 6.43 7.27 7.19 7.00 7.62 7.19 7.19 6.76 7.62 6.76 7.22 6.64 7.07 7.00 6.35 6.64 6.64 9.72 9.72
7.08 7.05 7.94 7.14 10.65 10.22 11.08 7.24 6.61 6.86 7.37 8.22 3.10 6.89 7.79 7.37 7.32 4.59 6.40 5.92 4.69 4.69 6.41 5.98 6.06 6.06 6.06 6.06 6.77 6.42 6.42 6.49 6.68 9.76 5.20 5.20 6.06 6.06 6.06 6.06 6.02 6.02 4.62 6.26 6.17 6.38 6.70 4.35 6.81 6.70 6.70 6.13 6.19 6.19 6.19 6.19 6.66 4.95 8.05 7.20 5.88 8.30 6.00 4.36 5.50 5.50 6.78 6.00 7.19 7.19 7.19 7.19 6.79 6.79 6.79 7.22 10.58 7.23 6.64 6.21 10.15 9.72 6.21 6.14
6.32 6.03 7.65 7.97 6.46 11.39 8.02 10.83 7.38 6.95 10.57 10.12 6.61 7.04 7.84 7.39 6.98 5.68 5.42 5.42 5.42 5.68 5.68 5.68 5.70 5.70 5.70 5.70 5.70 6.56 6.74 5.37 5.37 8.96 5.70 4.42 4.08 5.88 5.70 5.70 5.69 5.69 6.35 5.95 6.35 6.35 6.35 6.35 6.35 6.35 6.35 6.35 5.89 5.89 5.16 5.16 6.32 6.32 5.15 2.27 8.07 5.69 6.12 4.56 4.99 5.63 5.20 5.20 5.50 6.89 6.89 6.89 6.72 6.83 6.72 6.72 10.23 9.44 10.44 9.87 5.93 5.93 5.86 5.86
7.17 7.02 10.68 9.54 10.40 7.60 8.17 7.74 8.33 7.81 7.61 7.18 10.42 10.12 6.98 7.41 5.68 5.68 5.42 5.42 5.42 5.42 5.68 5.68 5.70 5.70 5.70 5.70 5.70 5.70 5.45 6.31 4.94 8.45 6.08 6.13 6.13 1.65 5.70 5.70 5.69 5.69 6.45 5.95 6.35 6.35 6.35 5.86 5.83 5.83 6.35 6.35 5.89 5.89 5.89 5.16 6.32 6.32 7.08 2.27 4.75 5.20 5.69 6.12 7.27 6.12 5.69 5.63 4.56 5.68 7.32 7.32 6.50 6.72 7.15 9.87 6.72 10.66 10.87 7.21 6.36 5.86 5.86 5.86
7.60 9.97 9.54 7.45 7.25 7.22 7.65 7.60 9.13 10.98 8.24 7.39 7.34 3.44 10.85 9.27 5.68 5.68 5.42 6.61 5.42 5.42 5.42 5.68 5.70 5.70 5.70 5.45 5.70 5.70 5.70 5.70 5.45 8.45 6.13 5.70 5.70 5.70 5.70 5.45 5.69 5.69 5.45 5.94 6.35 6.35 6.35 5.85 5.83 5.83 5.83 5.83 5.91 5.91 5.91 5.91 5.87 6.32 6.75 1.84 7.64 5.69 4.13 5.69 5.69 5.69 5.69 5.69 5.93 4.37 5.68 7.32 6.50 6.93 10.23 7.15 6.72 7.57 11.30 10.23 6.72 5.86 5.86 5.86
9.54 10.26 6.89 7.74 6.46 7.17 7.65 6.46 6.98 10.12 7.41 6.96 6.96 7.84 7.34 6.48 8.00 9.62 5.85 5.85 5.42 5.42 6.42 5.68 5.70 5.70 5.70 5.45 5.70 5.70 5.70 5.42 7.59 4.94 6.56 5.70 5.45 6.09 6.12 5.23 5.69 5.45 5.45 5.57 5.85 6.45 5.85 5.85 5.83 5.83 5.83 5.83 5.91 6.35 6.45 5.91 5.87 6.40 6.22 4.72 7.64 5.50 5.50 4.56 6.12 5.69 5.69 6.15 5.50 5.50 5.50 6.12 7.15 7.35 10.66 6.72 6.72 6.07 7.24 11.18 6.72 6.72 6.29 5.86
3.22 10.40 8.03 8.17 6.89 6.75 6.82 7.25 7.39 6.48 10.50 6.98 6.98 7.41 6.19 7.41 2.93 2.93 9.29 4.06 5.64 5.64 6.97 6.11 6.13 4.94 6.08 5.45 5.70 5.70 6.08 4.94 8.02 5.66 6.13 5.70 5.70 5.70 6.47 4.08 5.45 5.45 5.45 2.66 2.66 5.85 5.85 5.85 5.83 5.83 5.83 6.35 6.35 6.35 6.35 6.35 5.87 5.87 4.72 6.22 4.75 6.12 6.55 2.52 4.99 5.20 5.20 5.20 5.50 5.69 5.69 5.69 6.27 5.84 10.23 6.50 6.78 6.29 6.38 10.75 10.32 3.07 2.64 5.86
5.54 11.68 7.32 8.89 7.22 6.82 6.82 6.82 7.81 6.91 9.27 6.19 7.41 6.98 6.98 6.98 6.54 5.78 4.65 6.44 9.58 4.06 3.13 6.21 6.13 6.94 4.94 5.70 5.70 4.44 5.66 4.51 8.02 6.13 4.94 5.88 5.70 4.08 5.66 4.42 5.69 5.69 5.69 5.45 2.66 2.66 2.66 4.13 4.13 5.83 5.83 6.35 6.45 6.45 6.35 6.45 5.87 5.87 5.87 5.87 7.64 6.12 6.12 4.56 4.13 4.13 5.69 5.69 5.20 4.13 5.69 5.69 5.41 5.41 8.70 6.36 6.78 5.93 6.50 7.24 10.21 9.47 5.96 5.86
9.05 8.60 11.54 7.17 6.32 6.79 6.79 6.79 7.39 7.39 6.96 5.76 6.91 6.98 6.98 5.68 6.54 7.78 6.63 7.92 4.65 9.29 8.00 5.21 5.85 6.71 7.07 5.70 5.45 5.70 5.70 4.08 8.45 5.37 6.13 6.13 5.70 6.13 5.66 5.42 4.94 4.51 4.08 5.45 2.66 5.45 2.66 2.66 4.13 5.85 5.85 5.85 6.45 6.45 7.07 6.45 5.84 6.49 5.84 5.84 7.64 4.79 5.69 5.69 5.69 5.69 4.56 5.63 4.13 5.50 5.93 6.12 5.41 5.18 8.70 5.18 5.93 5.93 5.93 6.78 7.24 9.90 6.47 5.86
7.33 10.40 10.67 6.75 6.46 6.79 6.79 6.79 6.96 7.39 7.89 7.36 6.44 7.39 6.19 5.64 6.54 7.49 6.28 6.71 6.21 8.35 7.49 8.00 8.88 4.99 5.85 5.37 6.31 4.51 5.66 5.70 8.88 5.80 6.13 5.70 5.66 6.13 5.70 6.37 5.69 6.12 5.69 5.69 5.69 5.45 2.66 2.66 2.66 5.85 5.85 5.85 5.87 6.45 7.14 6.45 5.84 5.84 6.32 5.50 7.64 1.24 5.69 5.69 5.50 5.50 6.12 6.12 5.20 5.69 4.56 5.63 5.41 5.61 9.12 5.18 5.18 6.50 6.07 6.50 6.93 6.81 9.90 6.47
10.40 6.46 6.75 9.83 7.17 7.22 7.22 6.79 6.96 7.81 6.61 5.76 6.76 7.39 7.39 4.49 5.21 6.54 5.42 5.42 5.68 5.78 6.54 4.49 5.37 8.45 4.94 6.74 4.51 6.23 4.94 4.94 9.74 8.45 5.37 6.08 6.51 6.08 6.56 6.13 5.69 5.69 5.69 5.69 5.69 5.45 5.45 5.45 4.34 5.85 5.85 5.85 5.87 5.87 6.35 5.87 5.84 6.32 6.32 5.93 7.64 5.20 5.69 5.69 4.99 6.36 5.20 5.69 5.69 5.69 5.69 5.20 5.41 6.04 9.32 5.16 4.32 1.17 1.82 6.50 7.57 10.41 9.47 9.98
7.65 8.07 7.17 6.48 11.16 6.79 6.03 7.65 7.81 7.39 7.81 6.61 6.61 7.84 7.39 6.07 6.50 4.49 4.92 6.54 6.11 5.68 5.68 5.68 5.37 6.51 7.59 8.02 4.94 2.51 4.94 3.80 5.94 6.02 10.81 6.13 5.66 5.66 5.37 6.13 5.69 5.69 5.69 5.69 5.69 5.69 5.45 5.69 5.69 5.69 6.35 5.85 5.87 5.87 6.35 5.87 4.13 6.32 6.12 5.93 9.20 5.20 5.50 6.55 6.49 6.06 5.63 5.69 5.50 6.12 6.12 5.69 8.92 5.18 9.12 5.16 5.81 4.75 2.45 6.93 10.01 9.90 5.86 5.96
7.25 7.25 7.68 3.39 9.54 10.33 10.76 9.97 10.98 7.84 6.99 7.34 7.84 7.41 6.61 5.35 5.64 5.64 6.07 7.83 4.92 5.68 5.42 5.68 5.70 5.37 4.94 2.94 9.31 8.02 9.60 9.31 9.74 6.02 8.02 11.05 5.37 4.51 6.13 5.70 5.69 5.69 5.69 5.69 5.69 5.69 5.69 5.69 5.69 5.69 5.45 5.69 4.34 5.85 5.85 5.85 6.42 5.69 5.50 5.50 7.64 5.50 5.93 6.98 5.63 5.69 5.69 4.13 4.56 6.55 6.12 5.50 7.83 10.18 9.75 4.75 4.32 6.04 3.74 5.54 5.33 5.88 5.84 5.86
6.82 6.82 6.79 6.03 9.11 10.26 7.17 7.25 7.84 7.41 6.99 6.91 6.99 6.99 6.11 6.11 5.78 5.35 5.78 8.81 6.54 5.68 6.11 6.07 6.13 5.70 5.85 5.80 6.65 9.74 5.71 4.94 5.66 4.94 4.94 8.88 5.16 6.56 5.45 5.45 5.69 4.08 4.51 6.12 5.69 5.69 5.21 5.21 5.69 6.51 6.12 5.69 5.69 5.69 6.35 5.85 5.69 5.69 5.69 5.50 7.64 5.69 5.50 6.55 6.92 6.55 5.69 5.69 5.22 4.56 4.56 6.06 2.88 2.03 7.41 6.24 8.69 9.32 8.69 1.17 4.32 6.93 6.27 5.86
7.22 6.79 7.25 6.82 5.60 5.19 6.32 6.82 6.96 7.41 7.47 7.04 2.58 7.41 5.68 4.92 6.63 6.21 6.21 6.54 6.42 5.68 5.68 6.54 6.13 6.13 6.28 5.37 5.66 8.02 6.13 5.66 6.56 4.94 6.56 6.74 5.37 8.02 5.79 4.94 5.69 5.21 5.64 5.21 5.69 5.69 5.64 5.64 4.98 5.64 5.64 6.75 6.42 5.69 6.35 5.69 5.69 5.69 5.69 5.69 7.64 5.69 5.69 6.12 6.79 6.12 5.69 6.12 4.56 6.12 6.12 4.56 5.18 2.45 7.83 8.26 8.26 4.87 3.84 2.03 2.88 4.69 6.81 7.24
7.22 6.03 6.46 7.17 5.60 1.68 10.26 6.75 6.96 7.41 6.61 8.33 7.90 7.41 5.68 5.68 5.35 5.35 5.26 6.11 5.42 5.68 5.21 5.68 5.88 4.94 5.37 6.74 8.02 5.45 5.88 5.70 6.13 5.88 5.70 5.70 5.88 6.94 10.02 5.16 7.59 8.72 5.69 6.12 6.12 5.45 5.88 6.55 5.69 6.12 6.12 5.88 5.45 5.69 4.77 5.69 5.69 5.69 5.69 5.20 8.72 5.69 5.20 5.69 5.69 5.69 5.69 5.69 5.69 6.79 6.49 5.69 5.38 8.26 7.83 5.18 4.75 4.79 3.84 6.28 5.55 5.55 4.69 7.24
