New_Model_Runs/14_Future_RCP8.5_Scn1_out/post_prcessed_with_MFR/Monthly_summaries/net_infiltration_monthly_MAY.asc
NCOLS 700
NROWS 400
XLLCENTER 515000.000000
YLLCENTER 8409000.000000
CELLSIZE 50.000000
NODATA_value -999.000000
[rows 72 to 107 of 400, columns 332 to 414 of 700]
0.00 0.00 0.00 0.00 0.00 0.00 0.00 0.00 0.00 0.00 0.00 0.00 0.00 0.00 0.00 0.00 0.00 0.00 0.00 0.00 0.00 0.00 0.00 0.00 0.00 0.00 0.00 0.00 0.00 0.00 0.00 0.00 0.00 0.00 0.00 0.00 0.00 0.00 0.00 0.00 0.00 0.00 0.00 0.00 0.00 0.00 0.00 0.00 0.00 0.00 0.00 0.00 0.00 0.00 0.00 0.00 0.00 0.00 0.00 0.00 0.00 0.00 0.00 0.00 0.00 7.55 7.28 9.19 8.41 7.27 7.27 7.27 7.41 7.41 8.91 9.32 9.32 0.00 0.00 0.00 0.00 0.00 0.00
0.00 0.00 0.00 0.00 0.00 0.00 0.00 0.00 0.00 0.00 0.00 0.00 0.00 0.00 0.00 0.00 0.00 0.00 0.00 0.00 0.00 0.00 0.00 0.00 0.00 0.00 0.00 0.00 0.00 0.00 0.00 0.00 0.00 0.00 0.00 0.00 0.00 0.00 0.00 0.00 0.00 0.00 0.00 0.00 0.00 0.00 0.00 0.00 0.00 0.00 0.00 0.00 0.00 0.00 0.00 0.00 0.00 0.00 0.00 0.00 0.00 0.00 0.00 0.00 7.28 8.37 9.09 8.85 7.27 7.27 7.27 7.27 7.41 7.41 9.32 9.32 9.32 0.00 0.00 0.00 0.00 0.00 0.00
0.00 0.00 0.00 0.00 0.00 0.00 0.00 0.00 0.00 0.00 0.00 0.00 0.00 0.00 0.00 0.00 0.00 0.00 0.00 0.00 0.00 0.00 0.00 0.00 0.00 0.00 0.00 0.00 0.00 0.00 0.00 0.00 0.00 0.00 0.00 0.00 0.00 0.00 0.00 0.00 0.00 0.00 0.00 0.00 0.00 0.00 0.00 0.00 0.00 0.00 0.00 0.00 0.00 0.00 0.00 0.00 0.00 0.00 0.00 0.00 0.00 0.00 0.00 7.37 7.77 7.77 7.28 7.28 7.27 7.27 7.27 7.27 7.41 8.91 9.77 9.77 0.00 0.00 0.00 0.00 0.00 0.00 0.00
0.00 0.00 0.00 0.00 0.00 0.00 0.00 0.00 0.00 0.00 0.00 0.00 0.00 0.00 0.00 0.00 0.00 0.00 0.00 0.00 0.00 0.00 0.00 0.00 0.00 0.00 0.00 0.00 0.00 0.00 0.00 0.00 0.00 0.00 0.00 0.00 0.00 0.00 0.00 0.00 0.00 0.00 0.00 0.00 0.00 0.00 0.00 0.00 0.00 0.00 0.00 0.00 0.00 0.00 0.00 0.00 0.00 0.00 0.00 0.00 0.00 0.00 7.37 7.86 8.85 7.28 7.28 7.28 7.27 7.27 7.27 7.27 7.41 9.77 8.21 0.44 0.00 0.00 0.00 0.00 0.00 0.00 0.00
0.00 0.00 0.00 0.00 0.00 0.00 0.00 0.00 0.00 0.00 0.00 0.00 0.00 0.00 0.00 0.00 0.00 0.00 0.00 0.00 0.00 0.00 0.00 0.00 0.00 0.00 0.00 0.00 0.00 0.00 0.00 0.00 0.00 0.00 0.00 0.00 0.00 0.00 0.00 0.00 0.00 0.00 0.00 0.00 0.00 0.00 0.00 0.00 0.00 0.00 0.00 0.00 5.07 7.55 0.00 0.00 0.00 0.00 0.00 0.00 0.00 7.90 7.73 7.24 7.25 7.25 8.72 8.72 7.46 8.98 8.98 9.42 11.74 4.41 8.21 0.00 0.00 0.00 0.00 0.00 0.00 0.00 0.00
0.00 0.00 0.00 0.00 0.00 0.00 0.00 0.00 0.00 0.00 0.00 0.00 0.00 0.00 0.00 0.00 0.00 0.00 0.00 0.00 0.00 0.00 0.00 0.00 0.00 0.00 0.00 0.00 0.00 0.00 0.00 0.00 0.00 0.00 0.00 0.00 0.00 0.00 0.00 0.00 0.00 0.00 0.00 0.00 0.00 0.00 0.00 0.00 0.00 0.00 0.00 0.00 5.91 7.45 7.45 0.00 0.00 0.00 7.36 7.36 7.24 7.24 7.90 7.24 7.25 9.18 9.18 9.18 9.32 9.32 9.32 2.64 4.85 9.37 0.00 0.00 0.00 0.00 0.00 0.00 0.00 0.00 0.00
0.00 0.00 0.00 0.00 0.00 0.00 0.00 0.00 0.00 0.00 0.00 0.00 0.00 0.00 0.00 0.00 0.00 0.00 0.00 0.00 0.00 0.00 0.00 0.00 0.00 0.00 0.00 0.00 0.00 0.00 0.00 0.00 0.00 0.00 0.00 0.00 0.00 0.00 0.00 0.00 0.00 0.00 0.00 0.00 0.00 0.00 0.00 0.00 0.00 0.00 0.00 0.00 7.45 7.45 7.45 7.45 7.36 7.36 7.36 7.36 7.24 7.72 7.73 7.24 7.25 9.18 9.18 9.18 9.32 5.05 5.05 5.05 11.39 0.00 0.00 0.00 0.00 0.00 0.00 0.00 0.00 0.00 0.00
0.00 0.00 0.00 0.00 0.00 0.00 0.00 0.00 0.00 0.00 0.00 0.00 0.00 0.00 0.00 0.00 0.00 0.00 0.00 0.00 0.00 0.00 0.00 0.00 0.00 0.00 0.00 0.00 0.00 0.00 0.00 0.00 0.00 0.00 0.00 0.00 0.00 0.00 0.00 0.00 0.00 0.00 0.00 0.00 0.00 0.00 0.00 0.00 0.00 0.00 0.00 6.12 7.45 7.45 7.45 7.45 7.36 7.36 7.36 7.36 7.24 7.55 7.24 7.24 8.47 8.38 9.18 9.18 9.32 5.93 5.93 8.67 0.00 0.00 0.00 0.00 0.00 0.00 0.00 0.00 0.00 0.00 0.00
0.00 0.00 0.00 0.00 0.00 0.00 0.00 0.00 0.00 0.00 0.00 0.00 0.00 0.00 0.00 0.00 0.00 0.00 0.00 0.00 0.00 0.00 0.00 0.00 0.00 0.00 0.00 0.00 0.00 0.00 0.00 0.00 0.00 0.00 0.00 0.00 0.00 0.00 0.00 0.00 0.00 0.00 0.00 0.00 0.00 0.00 0.00 0.00 0.00 0.00 0.00 7.67 7.41 7.41 7.41 7.41 7.23 7.23 7.23 7.23 7.30 7.30 7.30 7.30 8.47 8.47 7.93 9.63 10.21 8.04 4.51 0.00 0.00 0.00 0.00 0.00 0.00 0.00 0.00 0.00 0.00 0.00 0.00
0.00 0.00 0.00 0.00 0.00 0.00 0.00 0.00 0.00 0.00 0.00 0.00 0.00 0.00 0.00 0.00 0.00 0.00 0.00 0.00 0.00 0.00 0.00 0.00 0.00 0.00 0.00 0.00 0.00 0.00 0.00 0.00 0.00 0.00 0.00 0.00 0.00 0.00 0.00 0.00 0.00 0.00 5.39 0.00 0.00 0.00 0.00 0.00 0.00 0.00 0.00 7.67 7.41 7.41 7.41 7.41 7.23 8.03 7.23 7.23 8.01 7.60 7.30 7.30 7.49 7.49 7.93 9.63 4.41 7.60 0.00 0.00 0.00 0.00 0.00 0.00 0.00 0.00 0.00 0.00 0.00 0.00 0.00
0.00 0.00 0.00 0.00 0.00 0.00 0.00 0.00 0.00 0.00 0.00 0.00 0.00 0.00 0.00 0.00 0.00 0.00 0.00 0.00 0.00 0.00 0.00 0.00 0.00 0.00 0.00 0.00 0.00 0.00 0.00 0.00 0.00 0.00 0.00 0.00 0.00 0.00 0.00 0.00 0.00 7.38 7.38 7.38 7.38 0.00 0.00 0.00 0.00 0.00 0.00 8.06 8.08 8.08 8.08 8.08 7.90 7.90 7.90 7.90 8.63 8.63 7.98 7.98 8.17 8.17 10.51 11.08 13.12 0.00 0.00 0.00 0.00 0.00 0.00 0.00 0.00 0.00 0.00 0.00 0.00 0.00 0.00
0.00 0.00 0.00 0.00 0.00 0.00 0.00 0.00 0.00 0.00 0.00 0.00 0.00 0.00 0.00 0.00 0.00 0.00 0.00 0.00 0.00 0.00 0.00 0.00 0.00 0.00 0.00 0.00 0.00 0.00 0.00 0.00 0.00 0.00 0.00 0.00 0.00 0.00 0.00 0.00 7.38 7.38 7.38 7.38 7.35 9.71 9.71 6.40 5.55 8.06 8.06 8.06 8.08 8.08 8.08 8.08 7.90 7.90 7.90 7.90 7.98 7.98 7.98 7.98 10.09 10.51 10.51 9.04 12.67 0.00 0.00 0.00 0.00 0.00 0.00 0.00 0.00 0.00 0.00 0.00 0.00 0.00 0.00
0.00 0.00 0.00 0.00 0.00 0.00 0.00 0.00 0.00 0.00 0.00 0.00 0.00 0.00 0.00 0.00 0.00 0.00 0.00 0.00 0.00 0.00 0.00 0.00 0.00 0.00 0.00 0.00 0.00 0.00 0.00 0.00 0.00 0.00 0.00 0.00 0.00 0.00 4.48 7.40 7.35 7.35 7.35 7.35 7.36 10.55 9.68 9.68 7.32 7.93 7.93 8.53 7.94 7.94 7.94 7.94 7.97 7.97 7.97 7.97 8.21 8.21 8.21 8.21 10.26 10.51 10.22 4.66 16.44 0.00 0.00 0.00 0.00 0.00 0.00 0.00 0.00 0.00 0.00 0.00 0.00 0.00 0.00
0.00 0.00 0.00 0.00 0.00 0.00 0.00 0.00 0.00 0.00 0.00 0.00 0.00 0.00 0.00 0.00 0.00 0.00 0.00 0.00 0.00 0.00 0.00 0.00 0.00 0.00 0.00 0.00 0.00 0.00 0.00 0.00 0.00 0.00 0.00 0.00 0.00 7.40 7.40 7.40 7.35 7.35 7.35 7.35 7.36 9.68 9.68 9.68 7.32 7.29 7.93 7.93 7.94 7.94 7.94 7.94 7.97 7.97 7.97 7.97 10.15 10.15 10.15 10.58 10.58 9.78 9.91 5.55 3.63 0.00 0.00 0.00 0.00 0.00 0.00 0.00 0.00 0.00 0.00 0.00 0.00 0.00 0.00
0.00 0.00 0.00 0.00 0.00 0.00 0.00 0.00 0.00 0.00 0.00 0.00 0.00 0.00 0.00 0.00 0.00 0.00 0.00 0.00 0.00 0.00 0.00 0.00 0.00 0.00 0.00 0.00 0.00 0.00 0.00 0.00 0.00 0.00 0.00 0.00 0.00 7.37 7.40 7.40 7.35 7.35 7.32 7.35 7.36 9.68 9.68 10.85 7.32 7.32 7.32 7.93 7.94 8.75 7.94 7.94 7.97 7.97 7.97 7.97 10.15 10.15 10.58 10.51 9.78 9.19 4.96 8.73 0.00 0.00 0.00 0.00 0.00 0.00 0.00 0.00 0.00 0.00 0.00 0.00 0.00 0.00 9.58
0.00 0.00 0.00 0.00 0.00 0.00 0.00 0.00 0.00 0.00 0.00 0.00 0.00 0.00 0.00 0.00 0.00 0.00 0.00 0.00 0.00 0.00 0.00 0.00 0.00 0.00 0.00 0.00 0.00 0.00 0.00 0.00 0.00 0.00 0.00 0.00 0.00 7.40 7.40 7.40 7.35 7.35 7.35 7.35 7.36 7.33 9.68 9.68 7.32 7.32 7.32 7.32 7.94 8.60 7.94 8.63 7.97 7.97 7.97 7.97 8.21 10.58 10.58 10.51 10.58 9.78 9.46 8.29 0.00 0.00 0.00 0.00 0.00 0.00 0.00 0.00 0.00 0.00 0.00 0.00 0.00 9.58 8.21
0.00 0.00 0.00 0.00 0.00 0.00 0.00 0.00 0.00 0.00 0.00 0.00 0.00 0.00 0.00 0.00 0.00 0.00 0.00 0.00 0.00 0.00 0.00 0.00 0.00 0.00 0.00 0.00 0.00 0.00 0.00 0.00 0.00 0.00 0.00 0.00 0.00 0.00 7.48 7.48 7.39 7.39 7.39 7.39 7.33 7.33 9.62 9.62 9.53 7.26 7.26 7.90 7.56 8.31 8.31 8.04 8.19 8.19 8.19 8.19 8.32 8.32 10.58 10.51 10.96 13.55 9.48 8.29 0.00 0.00 0.00 0.00 0.00 0.00 0.00 0.00 0.00 0.00 0.00 0.00 9.76 8.23 8.23
0.00 0.00 0.00 0.00 0.00 0.00 0.00 0.00 0.00 0.00 0.00 0.00 0.00 0.00 0.00 0.00 0.00 0.00 0.00 0.00 0.00 0.00 0.00 0.00 0.00 0.00 0.00 0.00 0.00 0.00 0.00 0.00 0.00 0.00 0.00 0.00 0.00 0.00 0.00 7.48 7.39 7.39 7.39 7.39 7.33 7.33 7.33 7.30 9.53 7.26 7.91 7.91 8.15 9.03 8.04 8.04 8.19 8.19 8.19 8.19 8.32 10.29 11.03 11.03 9.04 11.25 9.92 10.06 6.96 0.00 0.00 0.00 0.00 0.00 0.00 0.00 0.00 0.00 0.00 7.70 8.87 8.23 8.23
0.00 0.00 0.00 0.00 0.00 0.00 0.00 0.00 0.00 0.00 0.00 0.00 0.00 0.00 0.00 0.00 0.00 0.00 0.00 0.00 0.00 0.00 0.00 0.00 0.00 0.00 0.00 4.44 0.00 0.00 0.00 0.00 0.00 0.00 0.00 0.00 0.00 0.00 0.00 7.43 7.39 7.39 7.36 7.39 7.33 7.33 7.33 7.33 7.26 7.26 8.28 7.91 7.42 9.03 7.42 8.04 8.19 10.12 10.12 13.75 13.91 13.91 14.65 13.11 12.67 13.09 5.41 5.10 3.40 7.41 6.96 8.03 0.00 0.00 0.00 0.00 11.33 7.48 11.33 8.31 8.23 8.23 8.23
0.00 0.00 0.00 0.00 0.00 0.00 0.00 0.00 0.00 0.00 0.00 0.00 0.00 0.00 0.00 0.00 0.00 0.00 0.00 0.00 0.00 0.00 0.00 0.00 0.00 0.00 0.00 7.15 7.14 7.14 0.00 0.00 0.00 0.00 0.00 0.00 0.00 0.00 0.00 0.00 7.39 7.39 7.39 7.39 7.33 7.33 7.33 7.71 7.26 7.26 7.26 7.26 7.42 7.42 7.42 7.42 10.12 13.75 13.75 10.75 10.91 8.32 10.58 2.89 9.02 9.02 9.02 12.50 6.96 7.85 9.62 7.06 9.93 9.49 13.69 11.77 14.12 9.76 9.76 8.75 8.23 8.23 8.23
0.00 0.00 0.00 0.00 0.00 0.00 0.00 0.00 0.00 0.00 0.00 0.00 0.00 0.00 0.00 0.00 0.00 0.00 0.00 0.00 0.00 0.00 0.00 0.00 0.00 0.00 0.00 7.16 7.15 7.15 7.15 0.00 0.00 0.00 0.00 0.00 0.00 0.00 0.00 0.00 7.42 7.42 7.42 7.42 7.30 7.30 7.30 7.28 7.27 7.29 7.29 7.29 7.52 7.52 7.52 7.52 7.46 9.80 8.22 8.22 8.32 8.32 8.32 10.51 10.22 9.78 8.15 10.58 9.58 3.78 10.82 11.53 9.49 4.29 10.36 10.22 11.77 3.94 9.99 9.63 10.21 8.29 9.55
0.00 0.00 0.00 0.00 0.00 0.00 0.00 0.00 0.00 0.00 0.00 0.00 0.00 0.00 0.00 0.00 0.00 0.00 0.00 0.00 0.00 0.00 0.00 0.00 0.00 0.00 0.00 7.16 7.15 7.15 7.15 7.13 0.00 0.00 0.00 0.00 0.00 0.00 0.00 0.00 0.00 7.42 7.42 7.42 7.30 7.30 7.30 7.30 7.29 7.29 7.29 7.27 7.52 7.89 7.52 7.89 7.46 7.46 8.22 8.22 8.32 8.32 8.44 10.51 10.58 11.52 12.68 6.53 10.32 8.60 11.44 10.44 8.76 10.49 11.54 11.09 11.77 9.34 10.21 8.16 9.58 9.55 10.72
0.00 0.00 0.00 0.00 0.00 0.00 0.00 0.00 0.00 0.00 0.00 0.00 0.00 0.00 0.00 0.00 0.00 0.00 0.00 0.00 0.00 0.00 0.00 0.00 0.00 0.00 8.73 7.16 7.15 7.15 7.15 7.15 7.19 0.00 0.00 0.00 0.00 0.00 0.00 0.00 0.00 7.42 7.42 7.42 7.30 7.30 7.30 7.30 7.27 7.29 7.29 7.29 7.52 7.52 7.48 7.52 7.46 7.46 7.46 8.22 8.32 8.32 10.58 10.51 11.26 8.36 10.73 8.36 9.58 8.60 13.22 10.49 8.32 10.56 10.56 9.58 13.21 13.21 13.39 14.19 15.29 10.25 10.25
0.00 0.00 0.00 0.00 0.00 0.00 0.00 0.00 0.00 0.00 0.00 0.00 0.00 0.00 0.00 0.00 0.00 0.00 0.00 0.00 0.00 0.00 0.00 0.00 0.00 0.00 9.84 7.16 7.15 7.15 7.15 7.15 7.16 7.19 0.00 0.00 0.00 0.00 0.00 0.00 7.42 7.42 7.42 7.42 7.28 7.30 7.30 7.30 7.28 7.29 7.29 7.29 7.52 7.52 7.52 7.52 7.46 7.46 7.46 7.46 8.32 10.28 10.58 10.51 13.50 8.36 8.36 8.36 9.58 10.56 12.77 9.76 8.37 10.56 10.56 8.32 9.58 9.58 10.32 10.56 14.19 10.56 10.25
0.00 0.00 0.00 0.00 0.00 0.00 0.00 0.00 0.00 0.00 0.00 0.00 0.00 0.00 0.00 0.00 0.00 0.00 0.00 0.00 8.72 0.00 9.83 8.72 8.71 8.71 8.71 8.71 7.12 7.12 7.12 7.12 7.17 7.17 7.17 0.00 0.00 0.00 0.00 0.00 7.41 7.41 7.41 7.41 7.34 7.34 7.34 7.34 7.34 7.34 7.34 7.34 7.51 7.51 7.51 7.51 7.45 7.45 7.45 7.45 7.53 10.04 10.58 10.51 6.53 8.31 9.60 8.31 9.58 10.56 10.23 8.28 8.33 10.29 10.56 11.29 9.58 9.58 9.58 10.49 14.12 9.01 9.01
0.00 0.00 0.00 0.00 0.00 0.00 0.00 0.00 0.00 0.00 0.00 0.00 8.71 8.71 0.00 0.00 0.00 8.72 8.72 9.98 8.72 8.72 8.72 10.06 8.71 8.71 8.71 8.71 7.12 7.70 7.12 7.12 7.17 7.17 7.17 7.17 7.48 7.48 7.48 7.48 7.41 7.41 7.41 7.41 7.34 7.34 7.34 7.34 7.34 7.34 7.34 7.31 8.02 7.51 7.51 7.51 7.45 7.45 7.45 7.45 7.53 10.04 10.45 13.66 8.31 8.31 9.60 8.44 9.54 10.39 8.28 8.28 8.33 12.37 10.56 11.29 10.56 9.58 10.56 10.56 10.56 14.19 10.33
0.00 0.00 0.00 0.00 0.00 0.00 0.00 0.00 0.00 0.00 0.00 9.11 9.09 9.09 9.09 9.09 9.10 9.10 9.10 10.26 9.64 9.64 9.64 9.64 10.87 10.86 9.62 9.62 7.73 7.87 7.73 7.73 7.91 7.79 7.79 7.79 8.07 8.07 8.07 8.20 7.99 7.99 7.99 7.99 7.92 7.92 8.05 7.92 7.92 7.92 8.06 7.92 8.08 7.94 7.94 7.94 7.99 7.99 7.99 7.99 8.21 12.21 11.18 8.09 8.94 8.94 10.74 10.74 9.15 10.82 13.18 8.75 8.80 13.02 11.29 11.29 11.29 11.29 11.29 11.29 11.27 14.90 12.25
0.00 0.00 0.00 0.00 0.00 0.00 0.00 0.00 0.00 0.00 0.00 0.00 9.09 9.09 9.09 9.09 10.24 10.24 9.10 9.10 10.89 9.64 9.64 9.64 9.62 10.86 9.62 9.62 12.44 7.73 7.73 7.73 7.79 7.79 7.79 7.79 8.07 8.07 8.07 8.07 7.99 7.99 7.99 8.11 8.05 7.92 7.92 7.92 7.92 7.92 8.06 7.92 7.94 7.94 7.94 7.94 7.99 7.99 7.99 7.99 8.09 10.81 10.98 8.09 8.09 8.94 8.94 8.94 8.75 8.75 9.65 8.75 8.80 10.15 11.29 11.27 11.27 11.29 11.29 10.94 11.29 11.27 11.27
0.00 0.00 0.00 0.00 0.00 0.00 0.00 0.00 0.00 0.00 0.00 0.00 10.22 9.06 9.06 9.06 9.02 9.02 9.02 10.18 9.59 10.83 9.59 9.59 9.60 10.84 9.60 9.60 9.57 7.71 7.85 7.71 7.73 7.73 7.73 7.73 8.08 8.11 7.98 7.98 7.96 7.96 7.96 8.80 7.95 7.95 7.95 7.95 7.93 7.93 7.93 7.93 7.92 7.92 7.92 7.92 7.98 7.98 7.98 7.98 8.06 8.06 8.06 8.06 8.04 8.04 8.88 8.88 8.72 9.34 9.34 8.72 8.80 8.80 11.29 12.11 11.27 12.15 10.95 8.84 11.29 12.89 11.27
0.00 0.00 0.00 0.00 0.00 0.00 0.00 0.00 0.00 0.00 0.00 0.00 9.06 9.06 9.06 9.06 9.02 9.02 9.02 9.02 9.59 9.59 10.83 9.59 9.60 10.84 9.60 9.60 9.57 7.71 7.71 7.71 7.73 7.73 7.73 7.73 7.98 7.98 7.98 7.98 7.96 7.96 7.96 7.96 8.08 7.95 8.08 7.95 7.93 7.93 7.93 7.93 7.92 7.92 7.92 7.92 7.98 8.12 7.98 7.98 8.06 8.06 8.19 8.06 8.04 8.04 8.04 8.88 8.72 8.72 8.72 8.72 8.80 8.80 11.29 11.29 11.29 11.29 11.29 8.84 10.93 11.29 11.29
0.00 0.00 0.00 0.00 0.00 0.00 0.00 0.00 0.00 0.00 0.00 0.00 10.22 10.76 10.22 9.06 9.02 9.02 9.02 9.02 9.59 9.59 9.59 9.59 9.60 9.60 10.84 9.60 9.57 9.57 7.71 7.85 7.73 7.73 7.73 7.86 8.44 7.98 7.98 7.98 8.09 7.96 7.96 7.96 7.95 7.95 7.95 7.95 7.93 7.93 7.93 7.93 7.92 7.92 7.92 7.92 7.98 7.98 7.98 7.98 8.06 8.06 8.91 8.06 8.04 8.04 8.04 8.04 8.72 8.72 8.72 8.72 8.80 8.80 12.29 11.31 11.29 11.29 12.06 10.43 8.83 10.93 11.47
0.00 0.00 0.00 0.00 0.00 0.00 0.00 0.00 0.00 0.00 0.00 9.18 9.06 9.06 10.22 10.21 9.02 9.02 9.02 9.02 9.59 9.59 9.59 12.27 9.60 9.60 9.60 9.60 9.57 9.57 7.71 7.71 7.73 7.73 7.73 7.73 8.08 8.72 7.98 7.98 7.96 7.96 7.96 8.52 7.95 7.95 7.95 7.95 7.93 7.93 7.93 7.93 8.05 7.92 7.92 7.92 7.98 7.98 7.98 7.98 8.06 8.19 8.19 8.06 8.04 8.04 8.04 8.04 7.90 8.72 8.72 8.72 8.80 8.80 8.80 10.90 10.95 11.29 11.29 11.99 8.83 8.83 11.47
0.00 0.00 0.00 0.00 0.00 0.00 0.00 0.00 0.00 0.00 9.18 9.18 9.04 9.04 9.04 9.04 10.14 8.99 8.99 8.99 9.54 9.54 9.54 10.77 9.56 9.56 9.56 9.56 9.56 9.56 7.70 7.70 7.70 7.70 7.70 7.70 8.05 7.95 8.42 8.08 7.94 7.94 7.94 7.94 7.94 7.94 7.94 7.94 7.91 7.91 8.04 8.04 8.04 7.90 7.90 7.90 7.98 7.98 7.98 7.98 8.01 8.01 8.01 8.01 7.99 7.99 7.99 7.99 7.86 7.86 10.13 8.67 8.74 8.74 9.37 8.74 8.78 8.78 11.29 11.43 11.41 8.75 9.38
0.00 0.00 0.00 0.00 0.00 0.00 0.00 0.00 0.00 5.92 9.18 9.18 9.04 9.04 9.04 9.04 8.99 8.99 8.99 8.99 10.64 9.54 9.54 10.77 10.80 9.56 9.56 11.37 10.80 9.56 9.56 7.70 7.70 7.70 7.70 7.70 7.95 7.95 7.95 7.95 7.94 7.94 7.94 7.94 7.94 7.94 7.94 7.94 7.91 7.91 7.91 7.91 7.90 7.90 7.90 7.90 7.98 7.98 7.98 7.98 8.14 8.01 8.15 8.01 7.99 7.99 9.88 7.99 7.86 7.86 7.86 8.67 8.74 8.74 8.74 9.37 8.78 8.78 6.70 13.21 12.26 8.75 8.75
0.00 0.00 0.00 0.00 0.00 0.00 0.00 0.00 0.00 5.92 10.36 9.18 9.04 10.20 9.04 9.04 8.99 8.99 8.99 8.99 9.54 9.54 9.54 9.54 9.56 10.80 9.56 9.56 9.56 9.56 9.56 7.70 10.29 7.70 7.70 8.27 8.09 7.95 7.95 7.95 7.94 7.94 7.94 7.94 7.94 7.94 7.94 7.94 7.91 8.04 7.91 7.91 7.90 7.90 7.90 7.90 8.10 7.98 7.98 7.98 8.01 8.01 8.01 8.01 7.99 7.99 8.56 8.82 7.86 7.86 7.99 7.86 8.74 8.74 8.74 8.74 8.78 8.78 8.78 10.87 10.83 8.75 8.75
0.00 0.00 0.00 0.00 0.00 0.00 0.00 0.00 0.00 9.18 10.36 9.18 9.04 9.04 9.04 9.04 8.99 10.13 8.99 8.99 9.54 9.54 9.54 9.54 9.56 9.56 9.56 9.56 9.56 9.56 9.56 9.56 7.84 7.70 7.70 7.70 7.95 8.08 7.95 7.95 7.94 7.94 7.94 7.94 7.94 7.94 8.07 7.94 7.91 7.91 7.91 7.91 7.90 7.90 7.90 7.90 8.10 7.98 7.98 7.98 8.01 8.15 8.01 8.01 8.11 7.99 7.99 8.11 7.86 7.86 7.86 7.86 7.91 8.74 8.74 8.74 9.39 8.78 9.41 8.78 10.83 8.75 8.75
