New_Model_Runs/14_Future_RCP8.5_Scn1_out/post_prcessed_with_MFR/Monthly_summaries/net_infiltration_monthly_FEB.asc
NCOLS 700
NROWS 400
XLLCENTER 515000.000000
YLLCENTER 8409000.000000
CELLSIZE 50.000000
NODATA_value -999.000000
[rows 266 to 303 of 400, columns 252 to 335 of 700]
4.54 4.54 6.02 6.42 4.68 4.68 4.68 4.68 4.84 4.68 1.04 3.46 3.46 3.86 7.54 3.46 7.14 3.46 3.46 3.86 3.82 1.19 3.34 3.34 5.12 5.52 5.12 3.83 5.12 4.50 4.50 4.10 4.10 6.41 6.57 6.17 1.74 7.20 3.12 3.12 3.12 3.12 3.12 0.94 6.40 3.95 3.93 2.79 2.79 2.79 3.19 3.59 3.07 3.96 3.07 2.67 1.08 2.67 3.34 7.55 4.36 5.95 5.95 2.14 2.27 2.14 2.14 2.14 0.77 0.00 0.00 0.00 0.00 0.77 0.77 2.31 2.58 0.77 0.77 0.77 2.58 0.00 0.00 0.00
4.54 6.02 6.02 6.02 4.97 4.68 4.68 4.68 4.68 4.68 3.46 4.26 6.74 9.22 7.70 7.66 7.14 3.46 3.46 3.86 4.49 0.79 3.34 3.34 6.62 0.55 0.55 1.85 4.50 1.22 2.73 2.73 2.73 3.30 3.30 2.90 3.52 5.01 0.94 2.80 3.12 3.12 3.12 0.94 4.21 5.44 5.41 3.93 2.79 5.00 5.00 3.52 2.27 3.96 1.48 3.07 0.68 2.27 2.54 5.95 5.55 5.95 2.67 2.14 2.54 2.54 2.14 2.14 0.77 0.00 0.00 0.00 0.00 2.31 0.77 0.77 0.77 0.77 2.58 0.00 0.00 0.00 0.00 0.00
4.54 6.02 6.47 4.92 4.68 4.68 4.68 4.68 5.08 5.08 4.02 6.74 8.24 5.37 5.86 9.84 4.32 6.74 4.26 4.26 4.14 0.79 1.19 1.19 0.79 0.55 0.55 0.82 4.10 2.73 2.73 5.32 1.27 1.67 3.70 3.70 3.12 3.12 0.94 3.12 3.12 0.94 3.12 4.21 6.27 6.27 3.39 3.19 3.93 4.97 4.97 4.97 2.14 2.14 5.95 0.68 2.27 5.55 3.96 0.68 0.68 2.67 5.95 2.27 2.54 2.14 2.14 0.68 2.58 0.00 0.00 0.00 2.31 0.77 0.77 0.77 2.58 2.58 0.00 0.00 0.00 0.00 0.00 0.00
4.52 5.67 6.47 6.29 4.68 4.68 6.28 7.94 7.81 7.54 6.74 6.74 3.98 5.37 5.46 5.88 4.26 3.86 4.26 3.86 3.34 3.64 1.49 2.64 2.64 0.79 2.73 2.73 4.10 2.73 2.68 2.73 1.27 3.30 1.67 4.95 0.94 3.12 3.12 3.12 0.94 4.17 4.17 4.17 4.17 1.70 4.33 3.93 3.93 3.93 4.97 4.80 2.14 2.14 5.41 3.96 3.96 0.68 0.68 0.68 0.68 1.08 1.08 2.14 2.14 2.14 2.14 0.68 2.31 0.00 2.31 0.77 0.77 0.77 2.58 2.58 2.31 0.00 0.00 0.00 0.00 0.00 0.00 0.00
6.42 5.67 5.67 6.02 5.95 5.95 7.30 4.42 4.42 3.46 4.38 5.06 5.46 3.86 4.66 1.44 5.70 4.66 5.46 4.66 3.84 3.34 3.34 3.34 2.77 2.64 2.73 0.82 5.96 2.73 2.73 2.73 2.90 2.73 2.90 6.00 3.12 3.12 3.12 0.94 4.17 4.17 4.17 6.27 2.99 4.73 3.79 4.59 4.33 4.97 4.99 4.80 2.14 2.14 5.41 3.96 0.68 0.68 0.68 0.68 2.14 0.68 0.68 2.27 2.14 0.68 0.68 2.14 2.31 2.58 0.77 0.77 0.77 2.58 0.00 0.00 2.98 2.98 0.00 0.00 0.00 0.00 0.00 0.00
6.02 6.02 5.67 3.09 7.30 4.02 4.02 3.33 2.67 3.46 3.86 2.64 5.86 4.26 3.46 3.46 4.68 4.97 4.97 5.37 2.64 2.64 3.74 3.74 3.34 3.13 1.22 4.17 2.68 2.68 2.73 2.90 2.90 0.87 2.90 4.15 4.21 4.21 6.27 4.17 4.17 6.27 2.99 2.99 2.79 3.93 0.90 3.39 3.19 2.79 4.97 4.80 5.09 3.96 1.08 0.68 0.68 2.27 2.14 0.68 0.68 2.14 2.27 0.68 0.68 2.27 2.14 2.14 0.77 0.77 0.77 2.58 0.00 0.00 0.00 0.00 0.00 0.00 0.00 0.00 0.00 0.00 0.00 0.00
6.02 6.02 7.26 8.06 4.02 4.02 4.02 2.67 3.46 3.86 1.04 1.44 1.04 1.04 3.86 3.86 4.97 4.97 3.46 3.46 2.64 2.64 3.04 0.79 3.04 3.53 1.22 4.10 0.89 2.73 0.82 2.73 2.90 0.87 3.44 6.17 4.21 0.90 3.39 3.39 2.99 3.52 2.99 2.99 3.39 3.39 2.79 2.79 2.99 2.99 6.06 6.27 2.27 1.08 1.48 1.08 2.14 2.14 0.68 0.68 0.68 2.14 0.68 0.68 2.27 2.14 0.68 0.68 0.82 2.58 0.77 0.00 0.00 0.00 0.00 0.00 0.00 0.00 0.00 0.00 0.00 0.00 0.00 0.00
6.02 7.26 8.06 4.78 4.42 4.42 4.02 4.68 3.46 4.26 4.26 3.86 3.46 4.66 4.26 3.86 4.97 3.46 1.04 4.37 2.64 3.04 4.14 3.34 3.13 3.08 2.68 6.01 2.73 2.73 2.73 2.73 2.90 0.87 3.44 2.73 6.40 2.99 3.39 3.39 0.90 3.52 3.93 4.98 4.33 3.39 2.79 1.70 7.07 6.27 2.99 3.79 2.27 0.68 0.68 0.68 2.27 2.14 0.68 2.27 0.68 0.68 2.14 2.14 0.68 0.68 0.68 2.27 2.58 0.00 0.00 0.00 0.00 0.00 0.00 0.00 0.00 0.00 0.00 0.00 0.00 0.00 0.00 0.00
4.62 7.80 4.52 4.12 2.77 4.41 4.17 4.19 4.19 3.49 4.57 4.57 3.49 3.89 3.89 3.09 3.09 0.93 3.09 4.06 3.71 4.09 3.14 2.85 3.90 3.90 2.81 6.78 3.50 5.79 2.51 2.51 2.51 2.46 2.65 2.46 5.46 6.09 2.54 2.28 2.14 2.28 4.53 4.53 3.21 2.28 2.28 4.76 5.96 2.90 3.30 2.62 4.19 1.26 4.19 1.26 1.26 3.81 1.26 1.26 3.81 3.81 4.19 1.26 1.26 1.26 4.19 4.19 0.00 0.00 0.00 0.00 0.00 0.00 0.00 0.00 0.00 0.00 0.00 0.00 0.00 0.00 0.00 0.00
8.30 6.44 7.80 6.04 2.96 2.96 4.17 3.77 3.09 3.77 4.17 3.77 3.77 3.77 7.45 7.45 6.36 7.05 5.98 7.74 5.27 3.65 4.05 3.31 3.53 3.21 6.99 4.43 4.43 2.91 2.51 2.51 0.75 2.51 3.16 2.46 3.22 6.09 2.54 2.84 3.21 4.28 2.28 2.84 2.84 5.56 5.56 2.90 2.90 1.82 1.82 1.82 3.53 1.26 1.26 4.19 4.19 1.26 4.19 3.81 4.19 1.26 1.26 1.26 4.19 3.81 4.64 4.35 0.00 0.00 0.00 0.00 0.00 0.00 0.00 0.00 0.00 0.00 0.00 0.00 0.00 0.00 0.00 0.00
7.10 3.42 2.76 6.04 5.65 5.65 7.17 7.97 7.17 7.05 6.76 6.76 7.05 7.45 4.97 4.57 3.49 3.41 3.41 6.38 6.53 6.53 2.89 2.91 6.59 7.39 7.39 6.59 1.55 1.55 2.41 2.91 2.91 2.51 2.51 2.65 2.41 2.41 5.56 2.14 2.28 2.54 3.61 5.56 5.56 3.21 2.28 1.82 1.82 2.14 1.82 1.82 3.81 4.19 4.19 1.26 1.26 3.81 3.81 1.26 1.26 1.26 4.19 3.81 4.63 4.35 4.35 3.53 0.00 0.00 0.00 0.00 0.00 0.00 0.00 0.00 0.00 0.00 0.00 0.00 0.00 0.00 0.00 0.00
7.40 2.76 0.83 4.59 4.41 8.45 8.37 7.97 4.69 3.09 3.49 4.36 7.45 8.52 4.69 3.09 4.59 4.19 3.09 3.09 2.45 2.45 6.41 5.79 5.79 6.59 6.59 4.43 0.75 1.15 0.75 2.79 2.51 2.51 2.41 2.51 3.21 2.81 2.18 5.56 5.96 3.08 5.96 3.96 1.82 1.82 1.82 1.82 1.82 2.28 2.28 0.68 1.26 1.26 1.26 1.26 3.81 1.26 1.26 1.26 4.19 4.19 4.35 4.35 3.53 3.53 3.53 0.00 0.00 0.00 0.00 0.00 0.00 0.00 0.00 0.00 0.00 0.00 0.00 0.00 0.00 0.00 0.00 0.00
7.40 4.12 4.52 4.92 3.61 9.25 4.37 7.03 7.25 3.09 3.77 4.17 4.17 4.44 7.57 1.33 3.77 3.09 3.09 3.09 2.81 2.65 3.16 6.41 2.51 0.75 5.79 4.09 4.09 4.03 4.03 4.03 2.41 2.41 2.41 2.41 1.48 1.48 2.41 2.28 5.96 4.36 2.28 2.28 1.82 1.82 1.82 1.82 2.28 0.68 0.68 2.28 3.81 3.81 3.81 1.26 1.26 1.26 1.26 4.19 4.35 4.35 3.53 0.00 0.00 0.00 0.00 0.00 0.00 0.00 0.00 0.00 0.00 0.00 0.00 0.00 0.00 0.00 0.00 0.00 0.00 0.00 0.00 0.00
2.76 6.70 6.84 3.56 6.85 3.17 5.79 5.49 9.57 4.69 4.19 4.19 4.44 4.19 3.49 6.76 3.09 3.09 4.19 3.77 3.61 3.45 3.16 5.93 5.93 4.03 2.51 0.75 5.93 5.93 5.79 2.51 5.79 5.69 2.41 2.41 2.68 0.68 3.96 5.56 2.28 0.68 2.28 1.82 1.82 1.82 2.28 0.68 0.68 2.28 2.14 2.14 3.81 3.81 1.26 1.26 1.26 4.19 4.19 4.35 4.35 3.53 0.00 0.00 0.00 0.00 0.00 0.00 0.00 0.00 0.00 0.00 0.00 0.00 0.00 0.00 0.00 0.00 0.00 0.00 0.00 0.00 0.00 0.00
2.76 2.76 6.04 6.04 7.25 4.41 4.69 4.13 7.40 3.97 2.37 4.19 3.77 6.23 3.09 0.93 6.36 4.19 4.19 3.09 3.45 3.85 2.65 0.80 2.65 5.73 3.05 0.80 2.65 2.65 2.65 0.80 1.20 4.83 2.41 2.41 5.96 4.36 0.68 2.28 0.68 0.68 0.68 1.82 1.82 2.28 0.68 0.68 2.14 2.14 2.14 2.14 1.26 1.26 1.26 1.26 4.19 3.53 4.42 3.53 3.53 0.00 0.00 0.00 0.00 0.00 0.00 0.00 0.00 0.00 0.00 0.00 0.00 0.00 0.00 0.00 0.00 0.00 0.00 0.00 0.00 0.00 0.00 0.00
3.96 3.96 3.96 2.76 7.85 3.77 3.09 3.09 4.20 0.71 2.37 3.09 2.91 5.65 7.05 7.05 6.36 3.77 3.77 3.77 2.65 1.20 0.80 2.65 5.93 6.33 1.60 1.20 0.80 3.56 3.05 0.80 3.45 1.60 5.79 5.79 5.96 3.07 2.14 2.28 0.68 0.68 0.68 2.28 0.68 0.68 2.14 2.14 2.14 2.14 0.68 0.68 1.26 1.26 4.19 3.53 0.00 0.00 0.00 0.00 0.00 0.00 0.00 0.00 0.00 0.00 0.00 0.00 0.00 0.00 0.00 0.00 0.00 0.00 0.00 0.00 0.00 0.00 0.00 0.00 0.00 0.00 0.00 0.00
2.76 4.76 4.22 3.42 3.77 6.36 6.36 2.37 3.99 5.65 2.37 0.71 3.46 3.46 3.46 3.09 6.36 0.93 3.77 3.01 5.93 4.47 5.93 2.65 4.07 2.65 3.05 0.80 3.05 3.56 3.05 2.65 1.20 4.47 6.19 3.61 1.88 2.84 2.28 2.28 2.28 2.14 2.14 2.14 0.68 0.68 0.68 2.28 2.28 0.68 0.68 0.68 4.19 4.19 0.00 0.00 0.00 0.00 0.00 0.00 0.00 0.00 0.00 0.00 0.00 0.00 0.00 0.00 0.00 0.00 0.00 0.00 0.00 0.00 0.00 0.00 0.00 0.00 0.00 0.00 0.00 0.00 0.00 0.00
4.12 4.12 4.22 3.42 2.96 4.84 6.76 5.65 6.23 6.23 5.65 2.37 3.46 3.46 4.44 3.89 6.36 7.16 6.36 4.18 5.93 2.65 2.65 2.45 5.93 0.80 2.65 2.45 3.05 3.56 3.16 5.93 5.93 2.41 1.15 3.31 3.30 2.14 3.24 2.28 2.28 2.14 2.14 2.14 2.28 0.68 0.68 0.68 0.68 0.68 2.28 2.28 3.53 0.00 0.00 0.00 0.00 0.00 0.00 0.00 0.00 0.00 0.00 0.00 0.00 0.00 0.00 0.00 0.00 0.00 0.00 0.00 0.00 0.00 0.00 0.00 0.00 0.00 0.00 0.00 0.00 0.00 0.00 0.00
4.52 7.80 7.10 6.70 6.23 5.65 6.63 2.96 2.96 2.96 2.96 5.65 2.37 3.46 4.36 3.89 5.80 4.13 2.50 1.30 2.65 2.65 2.65 2.65 2.65 4.11 6.33 3.45 3.05 5.93 4.07 2.41 2.51 2.39 2.39 2.51 2.28 2.28 2.86 2.68 2.28 2.14 2.14 2.14 2.14 0.68 0.68 0.68 2.28 2.28 2.76 0.00 0.00 0.00 0.00 0.00 0.00 0.00 0.00 0.00 0.00 0.00 0.00 0.00 0.00 0.00 0.00 0.00 0.00 0.00 0.00 0.00 0.00 0.00 0.00 0.00 0.00 0.00 0.00 0.00 0.00 0.00 0.00 0.00
4.22 4.22 4.52 6.70 6.23 2.96 2.96 2.96 2.96 1.21 2.96 2.96 6.45 7.25 5.65 7.16 5.37 8.65 3.63 3.41 3.26 3.05 2.65 2.65 2.65 2.65 2.65 4.87 6.33 5.73 2.51 0.75 2.51 2.51 2.51 2.51 0.68 2.14 2.14 2.14 0.68 0.68 2.28 0.68 0.68 0.68 2.28 2.14 2.76 1.82 0.00 0.00 0.00 0.00 0.00 0.00 0.00 0.00 0.00 0.00 0.00 0.00 0.00 0.00 0.00 0.00 0.00 0.00 0.00 0.00 0.00 0.00 0.00 0.00 0.00 0.00 0.00 0.00 0.00 0.00 0.00 0.00 0.00 0.00
3.87 6.70 6.70 3.42 2.96 2.96 2.96 2.96 2.96 3.41 2.96 2.96 7.03 8.49 3.17 1.73 3.09 3.01 6.29 3.41 3.96 3.56 3.16 3.16 2.65 2.46 5.93 5.93 0.80 2.51 3.13 1.15 1.15 2.51 2.51 2.41 2.14 2.14 2.14 0.68 0.68 0.68 0.68 0.68 0.68 2.28 2.54 3.16 0.00 0.00 0.00 0.00 0.00 0.00 0.00 0.00 0.00 0.00 0.00 0.00 0.00 0.00 0.00 0.00 0.00 0.00 0.00 0.00 0.00 0.00 0.00 0.00 0.00 0.00 0.00 0.00 0.00 0.00 0.00 0.00 0.00 0.00 0.00 0.00
6.74 3.47 3.42 3.42 2.96 2.96 2.96 2.96 2.96 2.96 2.96 2.96 2.96 5.65 4.41 2.96 3.09 2.83 2.83 6.69 3.05 3.16 3.16 3.16 6.43 5.93 3.16 0.80 2.65 2.51 3.13 2.91 2.81 2.41 2.41 2.41 2.14 2.14 2.14 0.74 0.68 0.68 0.68 2.14 2.28 2.28 1.08 2.76 0.00 0.00 0.00 0.00 0.00 0.00 0.00 0.00 0.00 0.00 0.00 0.00 0.00 0.00 0.00 0.00 0.00 0.00 0.00 0.00 0.00 0.00 0.00 0.00 0.00 0.00 0.00 0.00 0.00 0.00 0.00 0.00 0.00 0.00 0.00 0.00
3.47 3.47 3.42 3.42 2.96 2.96 2.96 2.96 2.96 2.96 2.96 2.96 2.96 6.23 6.45 3.17 3.73 3.95 3.56 3.41 6.33 4.07 6.43 5.93 5.93 3.05 2.65 0.80 1.20 3.05 2.41 2.41 2.41 2.41 2.41 2.41 2.14 2.14 0.68 0.68 0.68 2.14 2.14 2.14 2.14 5.56 7.53 2.81 2.12 0.00 0.00 0.00 0.00 0.00 0.00 0.00 0.00 0.00 0.00 0.00 0.00 0.00 0.00 0.00 0.00 0.00 0.00 0.00 0.00 0.00 0.00 0.00 0.00 0.00 0.00 0.00 0.00 0.00 0.00 0.00 0.00 0.00 0.00 0.00
3.42 3.42 3.42 3.42 2.96 2.96 2.96 2.96 2.96 2.96 2.96 2.96 2.96 2.96 6.45 4.16 3.95 3.95 3.01 3.81 6.71 5.93 5.93 6.13 6.33 2.40 5.05 3.85 5.13 3.45 2.41 2.41 2.41 2.41 2.41 2.41 2.14 2.14 2.28 2.28 2.14 2.14 2.14 2.14 5.96 2.14 2.81 1.12 2.12 0.00 0.00 0.00 0.00 0.00 0.00 0.00 0.00 0.00 0.00 0.00 0.00 0.00 0.00 0.00 0.00 0.00 0.00 0.00 0.00 0.00 0.00 0.00 0.00 0.00 0.00 0.00 0.00 0.00 0.00 0.00 0.00 0.00 0.00 0.00
3.05 3.05 3.05 3.05 2.72 2.72 2.72 3.52 4.32 2.72 2.72 1.10 2.72 2.72 3.18 6.18 2.70 2.70 2.70 6.07 5.68 2.87 3.22 4.19 4.59 8.48 8.48 7.28 4.00 3.60 2.19 2.15 2.15 2.15 2.15 2.15 1.94 1.94 1.94 1.94 1.94 1.94 3.91 4.71 3.43 2.23 1.98 2.38 1.92 0.00 0.00 0.00 0.00 0.00 0.00 0.00 0.00 0.00 0.00 0.00 0.00 0.00 0.00 0.00 0.00 0.00 0.00 0.00 0.00 0.00 0.00 0.00 0.00 0.00 0.00 0.00 0.00 0.00 0.00 0.00 0.00 0.00 0.00 0.00
3.05 3.05 3.05 3.05 2.72 2.72 2.72 3.52 3.79 2.72 2.72 2.72 2.72 2.72 2.72 5.78 5.77 5.97 4.00 0.72 2.12 2.87 3.27 5.67 6.00 5.20 4.32 6.40 7.28 4.64 2.40 2.15 2.15 2.15 2.15 2.15 1.94 1.94 1.94 1.94 1.94 5.39 4.31 6.31 6.71 6.05 2.38 2.23 1.92 0.00 0.00 0.00 0.00 0.00 0.00 0.00 0.00 0.00 0.00 0.00 0.00 0.00 0.00 0.00 0.00 0.00 0.00 0.00 0.00 0.00 0.00 0.00 0.00 0.00 0.00 0.00 0.00 0.00 0.00 0.00 0.00 0.00 0.00 0.00
3.05 3.05 3.05 3.05 2.72 2.72 2.72 2.72 5.99 2.72 2.72 2.72 2.72 2.72 2.42 5.67 6.07 1.52 0.72 2.40 2.13 2.40 2.87 3.27 3.60 2.72 5.60 4.80 4.40 8.88 8.48 5.78 2.15 2.15 2.15 2.15 1.94 1.94 5.22 5.22 5.39 5.79 5.91 7.11 6.45 6.45 3.43 2.63 2.32 0.00 0.00 0.00 0.00 0.00 0.00 0.00 0.00 0.00 0.00 0.00 0.00 0.00 0.00 0.00 0.00 0.00 0.00 0.00 0.00 0.00 0.00 0.00 0.00 0.00 0.00 0.00 0.00 0.00 0.00 0.00 0.00 0.00 0.00 0.00
3.05 3.05 3.05 3.05 2.72 2.72 2.72 2.72 2.72 5.99 2.72 2.72 2.72 5.99 5.67 6.49 3.94 3.79 2.40 2.42 2.13 2.13 2.87 2.87 2.87 3.20 3.27 3.23 4.26 3.12 3.52 6.27 5.47 5.43 5.43 5.43 5.22 5.22 1.94 2.51 3.03 3.43 6.27 7.47 6.71 2.78 5.02 3.18 3.03 0.00 0.00 0.00 0.00 0.00 0.00 0.00 0.00 0.00 0.00 0.00 0.00 0.00 0.00 0.00 0.00 0.00 0.00 0.00 0.00 0.00 0.00 0.00 0.00 0.00 0.00 0.00 0.00 0.00 0.00 0.00 0.00 0.00 0.00 0.00
3.05 3.05 3.05 3.05 2.72 2.72 2.72 2.72 2.72 5.99 2.72 2.72 5.99 5.67 5.67 7.27 6.87 6.07 4.00 2.40 2.13 2.13 3.23 2.87 2.87 2.80 2.13 2.83 3.22 2.53 2.13 2.59 2.80 2.15 2.15 2.15 1.94 1.94 2.51 2.77 3.98 5.91 2.99 2.99 4.62 4.22 4.22 4.62 2.38 0.00 0.00 0.00 0.00 0.00 0.00 0.00 0.00 0.00 0.00 0.00 0.00 0.00 0.00 0.00 0.00 0.00 0.00 0.00 0.00 0.00 0.00 0.00 0.00 0.00 0.00 0.00 0.00 0.00 0.00 0.00 0.00 0.00 0.00 0.00
3.05 3.05 3.05 3.05 2.72 2.72 2.72 2.72 2.72 5.99 5.47 5.47 3.35 3.14 5.67 3.20 4.34 2.80 5.67 6.47 7.81 6.61 3.63 3.63 3.23 3.34 3.34 3.63 2.53 2.83 2.83 3.23 2.58 2.40 2.15 2.15 2.11 2.98 2.63 3.43 3.43 6.27 2.63 1.07 4.22 4.22 4.22 4.22 2.38 0.00 0.00 0.00 0.00 0.00 0.00 0.00 0.00 0.00 0.00 0.00 0.00 0.00 0.00 0.00 0.00 0.00 0.00 0.00 0.00 0.00 0.00 0.00 0.00 0.00 0.00 0.00 0.00 0.00 0.00 0.00 0.00 0.00 0.00 0.00
3.05 3.05 3.05 3.05 2.72 2.72 2.72 2.72 6.41 5.99 3.22 3.22 3.39 3.39 5.67 3.14 3.14 2.80 6.07 4.02 4.13 3.33 5.12 2.93 4.14 3.84 2.64 2.93 2.13 2.83 2.83 2.83 2.83 3.20 2.26 2.26 2.34 3.05 2.65 2.99 2.63 5.65 3.03 4.63 4.21 4.21 4.21 2.60 0.00 1.92 0.00 0.00 0.00 0.00 0.00 0.00 0.00 0.00 0.00 0.00 0.00 0.00 0.00 0.00 0.00 0.00 0.00 0.00 0.00 0.00 0.00 0.00 0.00 0.00 0.00 0.00 0.00 0.00 0.00 0.00 0.00 0.00 0.00 0.00
3.05 3.05 3.05 3.88 2.72 2.72 5.99 5.47 2.72 2.72 3.22 3.22 3.39 3.39 5.67 2.40 3.54 3.20 7.67 2.72 2.53 2.93 2.24 6.61 4.14 4.14 5.74 4.14 2.13 2.83 3.06 2.83 3.20 3.20 2.19 3.20 1.07 3.43 3.85 2.65 4.35 7.12 3.03 2.63 4.21 4.21 4.21 2.60 0.00 0.00 0.00 0.00 0.00 0.00 0.00 0.00 0.00 0.00 0.00 0.00 0.00 0.00 0.00 0.00 0.00 0.00 0.00 0.00 0.00 0.00 0.00 0.00 0.00 0.00 0.00 0.00 0.00 0.00 0.00 0.00 0.00 0.00 0.00 0.00
5.74 3.05 3.05 3.05 5.99 5.47 2.72 2.72 2.19 3.22 3.22 3.39 4.19 3.60 6.07 2.40 3.54 3.79 3.60 4.40 3.04 4.94 4.53 2.93 6.21 2.24 5.44 5.63 3.06 2.80 2.87 3.22 2.40 2.80 3.20 1.92 3.03 3.83 4.75 5.92 2.63 1.98 5.65 1.97 4.21 2.60 2.60 1.92 0.00 0.00 0.00 0.00 0.00 0.00 0.00 0.00 0.00 0.00 0.00 0.00 0.00 0.00 0.00 0.00 0.00 0.00 0.00 0.00 0.00 0.00 0.00 0.00 0.00 0.00 0.00 0.00 0.00 0.00 0.00 0.00 0.00 0.00 0.00 0.00
5.74 5.74 6.33 6.33 5.99 2.72 2.72 2.72 2.19 3.22 3.22 3.39 3.14 3.60 6.07 3.39 3.39 3.14 2.42 3.20 3.04 6.14 4.03 2.53 2.53 7.30 7.70 2.83 4.03 3.20 3.20 5.44 4.62 2.59 2.19 6.27 7.11 6.71 2.63 2.23 1.98 6.67 6.05 3.39 2.99 0.00 0.00 0.00 0.00 0.00 0.00 0.00 0.00 0.00 0.00 0.00 0.00 0.00 0.00 0.00 0.00 0.00 0.00 0.00 0.00 0.00 0.00 0.00 0.00 0.00 0.00 0.00 0.00 0.00 0.00 0.00 0.00 0.00 0.00 0.00 0.00 0.00 0.00 0.00
3.05 3.05 3.05 3.05 2.72 3.12 2.99 3.75 3.75 3.62 3.39 3.39 2.40 5.67 2.82 3.14 3.14 3.39 2.42 3.22 4.14 3.74 3.06 2.93 2.93 5.41 6.10 2.53 2.99 2.59 3.20 3.20 4.60 4.60 5.68 6.08 3.43 3.03 1.98 2.99 1.97 6.31 3.79 2.99 2.60 0.00 0.00 0.00 0.00 0.00 0.00 0.00 0.00 0.00 0.00 0.00 0.00 0.00 0.00 0.00 0.00 0.00 0.00 0.00 0.00 0.00 0.00 0.00 0.00 0.00 0.00 0.00 0.00 0.00 0.00 0.00 0.00 0.00 0.00 0.00 0.00 0.00 0.00 0.00
3.40 3.45 4.12 3.05 2.19 3.98 3.39 3.92 2.99 2.99 3.14 3.14 2.82 7.07 3.79 3.79 3.14 3.39 2.82 3.60 2.93 2.53 2.83 2.83 6.21 7.30 2.83 3.22 3.22 2.87 2.19 0.72 0.72 4.60 5.87 3.20 3.99 4.25 4.25 4.25 2.99 5.25 2.63 2.60 1.92 0.00 0.00 0.00 0.00 0.00 0.00 0.00 0.00 0.00 0.00 0.00 0.00 0.00 0.00 0.00 0.00 0.00 0.00 0.00 0.00 0.00 0.00 0.00 0.00 0.00 0.00 0.00 0.00 0.00 0.00 0.00 0.00 0.00 0.00 0.00 0.00 0.00 0.00 0.00
4.07 4.77 3.97 3.57 3.22 3.12 3.39 2.66 3.79 3.54 3.14 3.14 7.27 4.40 4.19 3.14 3.39 3.39 3.39 2.82 3.46 3.06 3.33 3.86 6.61 4.14 3.06 3.06 3.06 2.87 3.22 2.87 2.87 5.47 2.59 2.59 3.99 4.25 4.25 2.60 2.60 1.92 1.92 1.92 1.92 0.00 0.00 0.00 0.00 0.00 0.00 0.00 0.00 0.00 0.00 0.00 0.00 0.00 0.00 0.00 0.00 0.00 0.00 0.00 0.00 0.00 0.00 0.00 0.00 0.00 0.00 0.00 0.00 0.00 0.00 0.00 0.00 0.00 0.00 0.00 0.00 0.00 0.00 0.00
3.27 3.57 3.57 3.72 3.35 3.62 2.19 2.99 3.52 3.14 3.14 6.47 2.72 4.99 3.54 3.14 3.39 3.14 3.39 3.39 3.06 3.23 4.54 6.61 6.21 3.86 3.06 3.06 3.06 3.22 2.87 3.22 3.22 2.19 2.40 2.81 1.92 2.60 2.60 1.92 1.92 0.00 0.00 0.00 0.00 0.00 0.00 0.00 0.00 0.00 0.00 0.00 0.00 0.00 0.00 0.00 0.00 0.00 0.00 0.00 0.00 0.00 0.00 0.00 0.00 0.00 0.00 0.00 0.00 0.00 0.00 0.00 0.00 0.00 0.00 0.00 0.00 0.00 0.00 0.00 0.00 0.00 0.00 0.00
