New_Model_Runs/14_Future_RCP8.5_Scn1_out/post_prcessed_with_MFR/Monthly_summaries/net_infiltration_monthly_OCT.asc
NCOLS 700
NROWS 400
XLLCENTER 515000.000000
YLLCENTER 8409000.000000
CELLSIZE 50.000000
NODATA_value -999.000000
[rows 190 to 227 of 400, columns 84 to 167 of 700]
0.00 0.00 0.00 0.00 0.00 0.00 0.00 0.00 0.00 0.00 0.00 0.00 0.00 0.00 0.00 0.00 0.00 0.00 0.00 0.00 0.00 0.00 0.00 0.00 0.00 4.54 4.54 4.54 4.45 4.45 4.45 4.45 4.41 4.41 4.41 4.41 4.38 4.66 4.66 4.38 4.39 4.39 4.39 4.39 4.96 4.96 4.96 4.96 4.97 5.47 5.30 4.97 4.96 4.96 4.96 4.96 4.93 4.93 4.93 4.93 5.30 5.30 5.30 5.30 5.27 5.27 5.27 5.27 4.82 4.82 4.82 4.82 5.29 5.29 5.29 5.24 5.16 5.16 5.16 5.16 6.22 6.22 6.22 6.22
0.00 0.00 0.00 0.00 0.00 0.00 0.00 0.00 0.00 0.00 0.00 0.00 0.00 0.00 0.00 0.00 0.00 0.00 0.00 0.00 0.00 0.00 0.00 0.00 0.00 4.54 4.41 4.76 3.32 4.45 4.45 4.45 4.41 4.41 4.41 4.69 4.38 4.38 4.38 4.38 4.39 4.39 4.39 4.39 4.96 4.96 4.96 4.96 4.97 4.97 5.30 4.97 4.96 5.28 4.96 4.96 4.93 5.25 4.93 4.93 5.30 5.13 5.30 5.30 5.27 5.27 5.27 5.27 4.82 4.82 4.82 4.82 5.29 5.29 5.29 5.29 5.16 5.16 5.16 5.16 6.22 6.22 6.22 6.22
0.00 0.00 0.00 0.00 0.00 0.00 0.00 0.00 0.00 0.00 0.00 0.00 0.00 0.00 0.00 0.00 0.00 0.00 0.00 0.00 0.00 0.00 0.00 0.00 0.00 0.00 5.16 3.98 3.85 3.32 4.77 4.48 4.43 4.43 4.43 4.43 4.65 4.37 4.37 4.37 4.37 4.37 4.37 4.64 4.94 4.94 4.94 4.94 4.99 4.97 4.97 4.97 4.94 4.94 4.94 4.94 4.90 4.90 5.23 4.90 5.27 5.27 5.27 5.27 5.27 5.27 5.27 5.27 5.30 5.30 5.30 5.43 5.30 5.30 5.30 5.30 5.29 5.29 5.29 5.29 5.40 6.30 6.30 6.30
0.00 0.00 0.00 0.00 0.00 0.00 0.00 0.00 0.00 0.00 0.00 0.00 0.00 0.00 0.00 0.00 0.00 0.00 0.00 0.00 0.00 0.00 0.00 0.00 0.00 0.00 2.05 5.46 4.78 4.78 4.77 4.48 4.43 4.43 4.43 4.43 4.37 4.37 4.37 4.37 4.37 4.37 4.37 4.37 4.94 4.94 4.94 4.94 4.97 4.98 4.97 4.97 4.94 4.94 4.94 4.94 4.90 4.90 4.90 4.90 5.27 5.27 5.27 5.27 5.27 5.27 5.27 5.27 5.30 5.30 5.30 5.30 5.30 5.38 5.30 5.30 5.29 5.29 5.29 5.29 5.40 5.40 5.40 6.30
0.00 0.00 0.00 0.00 0.00 0.00 0.00 0.00 0.00 0.00 0.00 0.00 0.00 0.00 0.00 0.00 0.00 0.00 0.00 0.00 0.00 0.00 0.00 0.00 0.00 0.00 4.32 4.25 5.08 5.08 5.08 5.49 5.43 5.02 5.02 5.02 4.96 4.96 4.96 5.36 4.95 4.95 4.95 4.95 5.64 5.64 5.64 5.64 5.67 5.67 5.67 5.67 5.63 5.63 5.63 5.63 5.60 5.60 5.60 6.06 6.07 6.07 6.07 6.83 6.06 6.06 6.06 6.06 6.17 6.50 6.10 6.10 6.10 6.10 6.10 6.10 6.10 6.10 6.10 6.10 6.21 6.21 6.21 6.21
0.00 0.00 0.00 0.00 0.00 0.00 0.00 0.00 0.00 0.00 0.00 0.00 0.00 0.00 0.00 0.00 0.00 0.00 0.00 0.00 0.00 0.00 5.03 0.00 0.00 8.31 5.85 4.25 5.08 5.08 5.08 5.08 5.02 5.02 5.02 5.02 4.96 4.96 4.96 4.96 4.95 5.35 4.95 4.95 5.64 5.64 5.64 5.64 5.67 5.67 5.67 5.67 5.63 5.63 5.63 5.63 5.60 5.60 6.05 5.60 6.07 6.07 6.07 6.07 6.06 6.06 6.06 6.06 6.10 6.10 6.10 6.10 6.10 6.10 6.10 6.10 6.10 6.10 6.10 6.10 6.21 6.21 6.21 6.21
0.00 0.00 0.00 0.00 0.00 0.00 0.00 0.00 0.00 0.00 0.00 0.00 0.00 0.00 0.00 0.00 0.00 0.00 0.00 0.00 0.00 5.04 4.78 5.59 6.10 3.87 7.79 9.16 5.09 5.09 5.09 5.09 5.04 5.04 5.59 5.44 4.98 4.98 4.98 4.98 4.95 4.95 4.95 4.95 5.61 5.61 5.61 5.61 5.63 5.63 5.63 5.63 5.58 5.58 5.58 5.58 6.01 5.56 5.56 5.69 6.07 6.07 6.07 6.07 6.08 6.08 6.08 6.08 6.11 6.11 6.11 6.11 6.23 6.23 6.23 6.23 6.22 6.22 6.22 6.22 6.23 6.23 6.23 7.43
0.00 0.00 0.00 0.00 0.00 0.00 0.00 0.00 0.00 0.00 0.00 0.00 0.00 0.00 0.00 0.00 0.00 0.00 0.00 0.00 5.04 8.41 8.66 5.59 4.07 4.80 4.59 6.80 5.09 5.09 5.09 5.09 5.04 5.04 5.04 5.44 4.98 5.72 4.98 4.98 4.95 4.95 4.95 4.95 5.61 6.07 5.61 5.61 5.63 5.63 5.63 5.63 5.58 5.58 5.58 5.58 5.56 5.56 5.56 5.56 6.07 6.07 6.07 6.07 6.08 6.08 6.08 6.08 6.11 6.11 6.11 6.11 6.23 6.23 6.23 6.23 6.22 6.22 6.22 6.22 6.23 6.89 6.23 6.23
0.00 0.00 0.00 0.00 0.00 0.00 0.00 0.00 0.00 0.00 0.00 0.00 0.00 0.00 0.00 0.00 0.00 0.00 0.00 5.03 5.04 8.66 8.66 5.36 4.14 4.24 4.07 4.07 8.39 5.09 5.09 5.09 5.04 5.04 5.04 5.04 4.98 4.98 4.98 4.98 4.95 4.95 4.95 4.95 5.61 5.61 5.61 5.61 6.09 5.63 5.63 5.63 5.58 5.58 5.58 5.58 6.01 5.56 5.56 5.56 6.07 6.07 6.07 6.07 6.52 6.08 6.08 6.08 6.11 6.11 6.11 6.11 6.23 6.23 6.23 6.23 6.22 6.22 6.22 6.22 6.23 6.23 6.23 6.23
0.00 0.00 1.48 0.00 0.00 0.00 0.00 0.00 0.00 0.00 0.00 0.00 0.00 0.00 1.66 0.00 0.00 1.77 5.03 5.03 8.66 5.04 5.04 9.22 9.29 9.29 9.29 8.16 8.51 5.93 5.93 5.93 5.87 5.04 5.04 5.04 4.98 4.98 4.98 4.98 4.95 4.95 4.95 4.95 5.61 5.61 5.61 6.06 5.63 5.63 5.63 5.63 5.58 5.58 5.58 5.58 6.01 5.56 5.56 5.56 6.07 6.07 6.07 6.15 6.08 6.08 6.08 6.16 6.19 6.11 6.11 6.11 6.23 6.23 6.23 6.23 6.22 6.22 6.22 6.22 6.23 6.23 6.23 6.23
0.00 4.23 4.23 4.23 4.22 0.00 0.00 0.00 0.00 0.00 0.00 0.00 0.00 0.00 1.66 4.69 4.65 5.03 5.03 4.75 8.62 4.99 4.99 5.54 5.64 5.60 5.60 4.50 4.88 5.20 5.90 6.16 5.87 5.79 5.44 5.04 5.02 5.02 5.02 5.02 5.00 5.00 5.00 5.00 5.58 5.58 5.58 5.58 6.39 5.56 5.56 6.58 5.55 5.55 5.55 6.38 5.56 5.56 5.56 5.56 6.11 6.11 6.11 6.55 6.10 6.10 6.10 6.84 6.26 6.18 6.18 6.18 5.94 5.94 5.94 5.94 6.24 6.24 7.44 6.24 6.19 6.85 6.85 6.19
0.00 0.00 4.23 4.23 4.22 0.00 0.00 0.00 0.00 0.00 0.00 0.00 0.00 0.00 4.69 8.32 8.28 8.28 8.28 8.28 8.65 4.64 4.64 5.54 5.62 5.60 5.60 5.63 5.90 5.90 5.07 5.07 5.44 5.04 5.04 5.04 5.02 5.02 5.56 5.42 5.00 5.00 5.00 5.00 5.58 5.58 5.58 5.58 5.56 5.56 5.56 5.69 6.47 5.66 5.55 5.55 5.56 5.56 5.56 5.56 6.19 6.19 6.11 6.11 6.10 6.18 6.18 6.20 6.18 6.18 6.18 6.18 5.94 5.94 5.94 5.94 6.24 6.90 6.24 6.24 6.19 6.19 6.19 6.19
0.00 4.54 4.23 4.23 4.22 4.22 0.00 0.00 0.00 0.00 0.00 0.00 0.00 4.69 4.69 8.32 4.65 4.65 7.11 7.38 4.64 4.64 4.64 5.37 5.42 5.15 5.42 5.60 5.90 5.90 5.07 5.07 5.04 5.04 5.04 5.04 5.02 5.02 5.02 5.02 5.00 5.40 5.00 5.00 5.58 5.58 5.58 6.52 6.48 6.48 6.48 6.77 4.38 6.47 5.55 5.55 5.56 5.56 5.56 5.56 6.12 6.11 6.11 6.11 6.18 6.10 6.10 6.10 6.18 6.18 6.18 6.18 5.94 5.94 5.94 5.94 6.24 6.24 6.24 6.24 6.19 6.19 6.19 6.19
4.23 4.54 4.54 4.23 4.22 4.58 0.00 0.00 0.00 0.00 0.00 0.00 0.00 0.00 4.69 7.72 4.65 4.65 4.65 5.04 4.17 4.64 4.64 4.64 5.42 4.69 4.69 4.69 5.34 5.34 5.07 5.07 5.04 5.04 5.04 5.04 5.02 5.02 5.02 5.42 5.00 5.00 5.00 5.00 5.58 5.58 5.58 5.58 6.48 4.97 5.85 5.74 6.47 6.47 5.55 5.55 5.56 5.56 5.56 5.56 6.11 6.11 6.11 6.11 6.10 6.10 6.10 6.10 6.18 6.18 6.18 6.18 5.94 5.94 5.94 5.94 6.24 6.24 6.24 6.24 6.19 6.19 6.19 6.84
4.20 4.20 4.20 4.20 4.21 4.21 4.21 0.00 0.00 0.00 0.00 0.00 0.00 0.00 4.72 4.72 7.70 4.67 4.67 4.67 4.63 5.00 4.63 4.63 5.00 4.62 4.62 4.62 4.37 4.37 4.37 4.37 4.37 4.37 4.99 4.99 5.00 5.00 5.00 5.00 5.00 5.00 5.40 5.00 5.57 5.57 5.57 5.57 5.53 6.45 6.45 6.20 5.74 6.48 5.67 5.55 6.43 5.59 5.59 5.59 6.12 6.12 6.12 6.12 6.73 6.21 6.13 6.13 6.25 6.25 6.25 6.25 5.98 5.98 5.98 6.60 6.24 6.24 6.24 6.24 6.16 6.16 6.16 6.16
4.20 4.20 4.20 4.20 4.21 4.21 4.21 4.21 0.00 0.00 0.00 0.00 0.00 0.00 3.11 4.72 8.30 8.30 4.67 4.67 4.63 4.63 4.63 4.63 4.62 4.62 4.62 4.62 4.37 4.37 4.37 4.37 4.37 4.37 4.37 4.37 4.39 5.00 5.00 5.00 5.00 5.00 5.00 5.00 6.02 5.57 5.57 5.57 5.53 6.45 6.45 6.45 5.85 5.21 6.48 5.55 5.59 5.59 5.59 5.59 6.12 6.12 6.12 6.12 6.13 5.37 6.13 6.13 6.25 6.25 6.25 6.25 5.98 5.98 6.60 5.98 6.24 6.90 6.24 7.18 6.81 6.16 6.16 6.16
4.20 4.20 4.20 4.20 4.21 4.21 4.21 4.21 4.31 0.00 0.00 0.00 0.00 3.89 3.89 3.36 4.07 8.30 4.67 5.05 4.63 4.63 4.63 4.63 4.62 4.62 4.62 5.00 4.37 4.37 4.58 4.37 4.37 4.37 4.37 4.37 4.39 4.39 4.39 4.39 4.38 5.00 5.00 5.00 5.57 5.57 5.57 5.57 6.45 6.45 6.45 4.99 6.48 4.97 5.85 5.85 5.59 5.59 5.59 6.43 6.12 6.12 6.56 7.06 4.10 6.13 6.13 6.13 6.25 6.25 6.25 6.25 6.60 5.98 5.98 5.98 6.90 6.24 6.24 6.24 6.16 6.16 6.16 6.16
4.20 4.20 4.20 4.20 4.21 4.21 4.21 4.21 4.44 3.42 3.42 2.74 3.18 1.18 3.67 3.36 5.40 5.96 8.30 4.67 4.63 4.63 4.63 4.63 4.62 4.62 4.62 4.62 4.37 4.37 4.37 4.37 4.37 4.37 4.37 4.37 4.39 4.60 4.39 4.39 4.38 4.38 4.38 4.38 5.57 5.57 5.57 6.49 6.45 4.99 6.45 6.45 5.74 5.74 5.74 6.48 5.59 5.59 5.59 5.59 6.12 6.12 6.53 6.12 4.10 6.13 6.13 6.13 6.25 6.25 6.25 6.71 5.98 5.98 5.98 5.98 7.33 6.24 6.90 6.88 6.81 6.81 6.16 6.16
4.19 4.19 4.19 4.19 4.24 7.86 4.24 4.24 4.29 3.05 3.42 3.86 3.36 3.36 4.48 3.89 3.89 4.70 8.33 4.70 4.66 4.66 4.66 4.66 4.63 3.34 4.63 4.63 4.36 4.36 4.36 4.36 4.37 4.37 4.37 4.37 4.37 4.37 4.58 4.37 4.34 4.34 4.34 4.34 4.91 5.85 5.85 5.85 6.51 6.51 6.51 6.51 6.54 6.54 5.74 5.74 6.55 6.55 5.61 5.61 6.13 6.21 5.96 6.13 6.18 6.18 6.18 6.18 6.28 6.28 6.36 6.28 5.98 5.98 5.98 5.98 6.90 6.24 6.24 6.24 6.14 6.14 6.14 6.14
4.19 4.19 4.19 4.19 7.86 7.86 8.46 4.24 4.29 2.03 3.05 3.42 3.89 2.92 4.11 3.67 3.89 3.89 8.33 8.33 4.66 4.66 4.66 4.66 4.63 4.63 4.63 4.63 4.36 4.03 4.36 4.36 4.37 4.37 4.37 4.37 4.63 4.37 4.37 4.37 4.34 4.34 4.34 4.61 7.26 6.31 5.85 5.85 4.93 4.93 4.93 5.58 6.54 6.54 6.54 5.74 5.74 6.30 7.03 5.61 6.13 7.18 7.29 6.17 6.18 6.18 6.18 6.18 6.28 6.28 6.71 6.28 5.98 5.98 5.98 5.98 6.24 6.24 6.24 6.24 6.14 6.14 7.01 6.14
4.29 4.29 4.38 8.00 7.96 4.33 4.33 7.96 4.44 2.42 4.66 4.44 4.98 4.64 5.51 5.06 5.06 5.06 5.29 8.65 4.91 4.91 4.91 4.91 4.88 4.88 4.88 4.88 5.23 5.23 5.23 5.23 5.24 5.24 5.24 5.24 5.24 5.24 5.24 5.24 5.45 5.21 5.21 5.21 5.52 6.80 6.42 5.52 5.55 5.55 5.55 5.55 5.57 5.57 5.57 6.96 6.96 6.96 6.96 6.17 6.95 7.84 7.84 6.72 6.77 6.77 6.77 6.77 7.20 6.86 6.86 6.86 6.95 6.95 6.95 6.95 6.88 8.12 6.88 6.88 7.25 7.25 7.25 7.25
7.92 7.92 7.92 4.29 4.33 4.33 4.33 7.96 4.44 4.44 4.44 4.44 4.98 4.98 4.98 5.29 4.16 4.64 3.59 5.29 9.49 5.87 4.91 4.91 4.88 4.88 4.88 4.88 5.23 5.23 5.23 5.23 5.24 5.24 5.24 5.24 5.24 5.24 5.24 5.24 5.21 5.21 5.21 5.21 5.52 5.52 5.52 5.52 5.55 5.55 5.55 5.55 5.57 6.17 5.57 8.15 6.42 6.61 6.42 7.10 8.01 7.84 8.01 6.72 6.77 6.77 6.77 6.77 6.86 7.61 6.86 6.86 6.95 6.95 6.95 6.95 6.88 6.88 6.88 6.88 7.25 7.25 6.65 7.25
7.96 7.96 4.33 4.33 4.31 4.31 4.31 7.94 7.99 7.99 6.05 7.99 8.57 5.17 4.73 4.73 5.29 4.16 4.50 4.16 9.56 5.93 5.93 5.93 4.95 4.95 4.95 4.95 5.31 5.31 5.31 5.31 5.32 5.32 5.32 5.32 5.28 5.28 5.28 5.28 5.24 5.24 5.24 5.24 5.59 5.59 5.59 5.59 5.63 5.63 5.98 5.63 5.99 5.63 5.63 5.49 5.49 6.90 6.90 4.71 7.52 7.52 6.73 6.73 6.78 6.78 6.78 6.78 7.59 6.84 6.84 6.84 6.92 6.92 6.92 6.92 6.84 6.84 6.84 6.84 7.22 7.22 7.22 7.22
7.96 7.96 4.33 4.33 4.31 4.31 4.31 4.31 4.58 4.37 4.37 4.37 8.57 8.57 5.76 4.73 4.73 5.29 5.06 5.98 8.69 5.29 5.93 5.93 4.95 4.95 4.95 4.95 5.31 5.31 5.31 5.31 5.32 5.32 5.32 5.32 5.28 5.28 5.28 5.28 5.24 5.24 5.24 5.24 5.59 5.59 5.59 5.59 5.63 5.63 5.63 5.63 5.63 5.63 5.63 6.94 5.60 5.60 5.60 5.60 6.78 6.78 6.09 6.09 6.13 6.13 7.36 6.78 6.84 6.84 6.84 6.84 6.92 6.92 6.92 7.68 6.84 6.84 6.88 6.88 7.22 7.22 7.22 7.16
4.33 4.33 4.33 4.68 4.31 4.31 4.31 4.31 4.58 4.37 4.37 4.37 4.95 8.57 4.95 4.73 5.19 8.36 8.36 8.36 5.09 5.73 5.93 6.55 4.95 4.95 4.95 4.95 5.31 5.31 5.31 5.31 5.32 5.32 5.32 5.32 5.28 5.28 5.28 5.28 5.24 5.24 5.24 5.24 5.59 5.59 5.59 5.59 5.63 5.63 5.63 5.63 5.99 5.63 5.63 5.63 5.60 5.60 5.60 5.60 6.78 6.78 7.52 6.09 6.13 6.53 6.13 6.13 6.20 6.84 6.84 6.84 6.92 6.92 6.92 6.92 6.84 6.84 6.84 6.84 7.22 7.22 7.22 7.16
4.33 4.33 4.33 4.33 4.61 4.52 4.31 4.31 4.37 4.37 4.37 4.37 4.95 8.57 8.57 8.57 8.61 4.98 4.98 4.98 5.09 4.64 4.97 4.97 4.95 5.17 4.64 4.95 5.31 5.31 5.31 5.31 5.32 5.32 5.32 5.32 5.28 5.28 5.28 5.28 5.24 5.24 5.24 5.24 5.59 5.59 5.59 5.59 5.63 5.63 5.63 5.63 5.99 6.83 5.99 5.63 5.60 5.60 5.95 5.72 6.78 5.44 5.44 6.09 6.13 6.13 6.13 6.53 6.20 6.20 6.20 6.20 6.29 6.92 6.92 6.92 6.84 6.84 6.84 6.84 7.16 7.22 7.22 7.22
8.03 4.40 4.40 4.40 4.35 4.56 4.35 4.35 4.32 4.32 4.32 4.32 4.90 4.90 8.53 8.75 4.96 4.96 4.96 3.09 4.96 4.96 4.96 4.96 4.94 4.94 4.94 4.94 5.35 5.35 5.35 5.35 5.37 5.37 5.37 5.37 5.33 5.33 5.33 5.33 5.30 5.30 5.30 5.30 5.66 5.66 5.66 5.66 5.69 5.69 5.69 5.69 5.67 5.67 5.67 5.67 5.61 5.61 5.61 5.61 7.25 7.25 6.78 7.38 6.22 6.10 6.10 6.10 6.55 6.15 6.15 6.15 6.18 6.18 6.18 6.59 7.19 7.19 7.19 7.19 7.16 7.16 7.16 7.16
8.03 4.40 4.40 4.40 4.35 4.35 4.35 4.35 4.32 4.32 4.53 4.32 4.90 4.90 5.12 4.90 4.96 4.96 4.96 4.96 4.96 4.96 4.96 4.96 4.94 5.17 4.94 4.94 4.99 4.99 5.35 5.07 5.37 5.37 5.37 5.37 5.33 5.33 5.33 5.33 5.30 5.30 5.30 5.30 5.66 5.66 5.66 5.66 5.69 5.69 5.69 5.69 5.67 5.67 5.67 5.67 5.61 5.61 5.61 5.91 7.25 7.25 6.78 7.25 6.21 6.10 6.10 6.10 6.55 6.15 6.55 6.15 6.58 6.18 6.18 6.18 6.55 6.55 6.55 6.55 7.16 7.16 7.16 7.16
8.40 4.40 4.40 4.40 4.35 4.35 4.35 4.35 4.32 4.32 4.32 4.32 5.10 4.90 4.90 5.12 4.96 4.96 4.96 4.96 4.96 5.18 4.96 4.96 4.94 4.94 4.94 4.94 5.35 5.35 5.35 5.35 5.61 5.46 5.41 5.61 5.33 5.57 5.33 5.33 5.54 5.30 5.30 5.30 5.66 5.66 5.66 5.66 5.69 5.69 5.69 5.69 5.67 5.91 5.91 6.02 5.61 5.91 5.61 7.05 7.25 7.25 7.41 6.32 7.25 7.25 7.54 6.10 6.15 6.15 6.15 6.15 6.18 6.18 6.18 6.18 6.55 6.55 6.55 6.55 6.52 6.52 6.75 7.16
3.99 3.99 4.61 4.40 4.35 4.35 4.35 4.35 4.32 4.32 4.32 4.32 4.90 4.90 4.90 4.90 4.96 4.96 4.96 5.18 4.96 4.96 5.26 4.96 4.94 4.94 5.17 4.94 5.35 5.35 5.35 5.35 5.37 5.61 5.37 5.37 5.33 5.33 5.33 5.33 5.30 5.30 5.30 5.30 5.66 5.66 5.66 5.66 6.29 5.69 6.04 6.04 5.67 6.21 6.02 5.67 5.61 5.61 5.61 6.61 7.25 7.25 7.41 7.41 7.85 7.55 7.41 7.41 7.60 6.15 6.15 6.15 6.18 6.18 6.18 6.18 6.55 6.55 6.55 6.55 6.52 7.16 7.17 6.95
3.99 3.99 4.31 4.77 3.86 4.40 4.40 4.40 4.36 4.36 4.36 4.36 4.85 4.85 4.85 5.28 4.90 4.90 4.90 4.90 4.89 4.89 4.89 5.12 4.91 4.91 4.91 4.91 5.54 5.33 5.57 5.33 5.34 5.58 5.34 5.34 5.35 5.59 5.35 5.35 5.35 5.35 5.35 5.35 5.68 5.68 6.28 5.68 5.67 5.67 5.67 5.67 5.63 5.80 5.63 5.63 5.58 5.58 6.88 6.61 7.25 7.25 7.25 7.25 7.25 7.25 7.41 7.41 7.54 7.54 7.55 7.25 7.53 7.96 7.53 7.96 8.01 8.01 6.62 6.49 6.93 6.50 6.50 6.93
3.86 3.99 3.86 4.41 3.86 4.40 4.40 4.61 4.36 4.57 4.36 4.59 4.85 4.85 4.85 5.07 4.90 4.90 4.90 4.90 4.89 4.89 4.89 4.89 4.91 4.91 4.91 4.91 5.33 5.33 5.33 5.33 5.34 5.34 5.34 5.34 5.35 5.35 5.59 5.35 5.35 5.35 5.35 5.35 5.68 6.03 5.68 5.68 5.67 5.67 5.67 5.67 5.63 5.63 5.91 5.63 5.58 5.58 6.42 6.61 7.41 7.25 7.25 7.41 5.44 7.25 7.41 7.41 7.41 7.55 7.25 7.25 7.41 7.25 7.41 7.41 8.42 7.80 7.80 7.53 6.50 6.50 6.50 6.50
4.31 3.86 3.86 3.99 4.77 4.40 4.40 4.40 4.36 4.36 4.36 4.36 4.85 4.85 4.85 4.85 4.90 4.90 4.90 4.90 4.89 5.11 4.89 4.89 4.91 4.91 4.91 4.91 5.33 5.33 5.33 5.33 5.34 5.34 5.34 5.34 5.35 5.35 5.35 5.35 5.35 5.35 5.35 5.35 5.68 5.68 5.68 5.68 5.67 5.67 5.67 6.02 5.63 5.63 5.91 5.63 5.58 5.91 7.02 6.61 7.41 7.41 7.41 6.32 7.54 7.54 7.54 6.32 6.78 6.78 7.25 7.25 7.41 6.32 6.78 7.41 7.95 7.95 6.29 6.29 6.50 6.50 6.93 6.50
3.99 3.99 4.41 3.99 4.40 4.40 4.40 4.40 4.36 4.36 4.57 4.36 4.85 4.85 4.85 4.85 4.90 4.90 4.90 5.21 4.89 4.89 4.89 4.89 4.91 4.91 4.91 4.91 5.54 5.33 5.57 5.33 5.34 5.34 5.34 5.34 5.35 5.35 5.59 5.59 5.35 5.59 5.35 5.35 5.68 5.68 5.68 5.68 5.67 5.67 5.67 6.02 5.63 5.63 5.63 6.94 7.36 6.42 5.91 4.71 6.78 5.44 5.44 7.52 7.54 7.54 5.44 7.54 7.54 6.32 6.78 6.32 7.25 7.25 5.44 5.44 7.35 5.90 6.49 6.49 6.93 6.78 6.50 6.50
4.40 4.40 4.40 4.40 4.41 4.41 4.63 4.63 4.40 4.40 4.40 4.40 4.85 4.85 4.85 4.85 4.83 4.83 4.83 5.05 5.04 4.82 5.04 4.82 4.88 4.88 4.88 4.88 5.29 5.29 5.29 5.29 5.52 5.28 5.28 5.28 5.31 5.31 5.55 5.31 5.33 5.33 5.33 5.33 5.64 5.64 5.64 5.99 5.97 5.62 5.97 5.97 5.57 5.57 6.87 6.87 6.85 6.85 6.85 4.71 6.78 7.53 7.53 6.09 7.54 7.54 7.54 7.54 7.41 6.78 6.78 7.25 6.78 6.32 5.44 6.78 7.35 6.86 8.01 8.01 8.01 7.95 7.80 9.05
4.40 4.40 4.78 4.40 4.41 4.41 4.41 4.66 4.70 4.61 4.40 4.73 5.08 4.85 4.85 4.85 4.83 4.83 4.83 4.83 4.82 5.07 4.82 4.82 4.88 4.88 4.88 4.88 5.29 5.29 5.29 5.50 5.28 5.28 5.28 5.28 5.31 5.31 5.31 5.52 5.54 5.33 5.33 5.33 5.64 5.64 5.64 6.06 5.62 5.62 5.62 5.62 5.57 5.92 5.57 5.57 5.56 5.91 5.91 6.85 6.09 6.09 6.09 6.09 7.54 7.54 8.06 7.54 7.41 6.32 7.25 7.25 7.25 7.25 6.32 6.32 7.35 5.90 7.35 6.86 7.35 7.35 8.99 8.53
5.02 5.02 5.02 5.02 5.04 5.04 5.04 5.04 5.02 5.02 5.02 5.02 5.36 5.36 5.36 5.36 5.33 5.33 5.33 5.33 5.32 5.32 5.32 5.32 5.38 5.38 5.38 5.38 5.74 5.55 5.55 5.55 5.54 5.54 5.54 5.54 5.57 5.57 5.57 5.57 5.59 5.59 5.59 6.01 5.98 5.98 5.98 5.98 5.95 5.95 5.95 5.95 5.91 5.91 5.91 5.91 5.89 6.06 5.89 5.89 6.41 6.42 6.42 8.48 7.95 7.95 7.95 7.95 7.92 7.22 7.84 7.84 7.68 7.92 5.77 7.22 8.19 6.03 7.77 7.19 7.77 8.47 9.46 8.32
5.02 5.02 5.02 5.02 5.04 5.04 5.04 5.04 5.02 5.02 5.02 5.02 5.36 5.36 5.36 5.36 5.33 5.33 5.33 5.33 5.32 5.32 5.32 5.32 5.38 5.38 5.38 5.38 5.55 5.55 5.55 5.55 5.54 5.54 5.54 5.54 5.57 5.57 5.57 5.57 5.59 5.59 5.59 5.59 5.98 5.98 5.98 5.98 5.95 5.95 5.95 5.95 5.91 5.91 5.91 6.59 5.89 5.89 6.42 5.89 6.42 6.42 7.89 7.68 7.95 7.95 7.95 7.95 5.77 6.72 7.84 7.68 7.09 6.40 6.40 7.68 8.19 8.47 8.19 8.19 6.88 8.47 6.88 7.77
