New_Model_Runs/14_Future_RCP8.5_Scn1_out/post_prcessed_with_MFR/Monthly_summaries/net_infiltration_monthly_APR.asc
NCOLS 700
NROWS 400
XLLCENTER 515000.000000
YLLCENTER 8409000.000000
CELLSIZE 50.000000
NODATA_value -999.000000
[rows 74 to 110 of 400, columns 420 to 503 of 700]
0.00 0.00 0.00 0.00 0.00 0.00 0.00 0.00 0.00 0.00 0.00 0.00 0.00 0.00 0.00 0.00 0.00 0.00 0.00 0.00 0.00 0.00 0.00 0.00 0.00 0.00 0.00 0.00 0.00 0.00 0.00 0.00 0.00 0.00 0.00 0.00 0.00 0.00 0.00 0.00 0.00 0.00 0.00 0.00 0.00 0.00 0.00 0.00 0.00 0.00 0.00 0.00 0.00 0.00 0.00 0.00 0.00 0.00 0.00 0.00 0.00 0.00 0.00 0.00 0.00 0.00 0.00 0.00 0.00 0.00 0.00 0.00 0.00 0.00 0.00 0.00 0.00 0.00 0.00 0.00 0.00 0.00 0.00 0.00
0.00 0.00 0.00 0.00 0.00 0.00 0.00 0.00 0.00 0.00 0.00 0.00 0.00 0.00 0.00 0.00 0.00 0.00 0.00 0.00 0.00 0.00 0.00 0.00 0.00 0.00 0.00 0.00 0.00 0.00 0.00 0.00 0.00 0.00 0.00 0.00 0.00 0.00 0.00 0.00 0.00 0.00 0.00 0.00 0.00 0.00 0.00 0.00 0.00 0.00 0.00 0.00 0.00 0.00 0.00 0.00 0.00 0.00 0.00 0.00 0.00 0.00 0.00 0.00 0.00 0.00 0.00 0.00 0.00 0.00 0.00 0.00 0.00 0.00 0.00 0.00 0.00 0.00 0.00 0.00 0.00 0.00 0.00 0.00
0.00 0.00 0.00 0.00 0.00 0.00 0.00 0.00 0.00 0.00 0.00 0.00 0.00 0.00 0.00 0.00 0.00 0.00 0.00 0.00 0.00 0.00 0.00 0.00 0.00 0.00 0.00 0.00 0.00 0.00 0.00 0.00 0.00 0.00 0.00 0.00 0.00 0.00 0.00 0.00 0.00 0.00 0.00 0.00 0.00 0.00 0.00 0.00 0.00 0.00 0.00 0.00 0.00 0.00 0.00 0.00 0.00 0.00 0.00 0.00 0.00 0.00 0.00 0.00 0.00 0.00 0.00 0.00 0.00 0.00 0.00 0.00 0.00 0.00 0.00 0.00 0.00 0.00 0.00 0.00 0.00 0.00 0.00 0.00
0.00 0.00 0.00 0.00 0.00 0.00 0.00 0.00 0.00 0.00 0.00 0.00 0.00 0.00 0.00 0.00 0.00 0.00 0.00 0.00 0.00 0.00 0.00 0.00 0.00 0.00 0.00 0.00 0.00 0.00 0.00 0.00 0.00 0.00 0.00 0.00 0.00 0.00 0.00 0.00 0.00 0.00 0.00 0.00 0.00 0.00 0.00 0.00 0.00 0.00 0.00 0.00 0.00 0.00 0.00 0.00 0.00 0.00 0.00 0.00 0.00 0.00 0.00 0.00 0.00 0.00 0.00 0.00 0.00 0.00 0.00 0.00 0.00 0.00 0.00 0.00 0.00 0.00 0.00 0.00 0.00 0.00 0.00 0.00
0.00 0.00 0.00 0.00 0.00 0.00 0.00 0.00 0.00 0.00 0.00 3.58 0.00 0.00 0.00 0.00 0.00 0.00 0.00 0.00 0.00 0.00 0.00 0.00 0.00 0.00 0.00 0.00 0.00 0.00 0.00 0.00 0.00 0.00 0.00 0.00 0.00 0.00 0.00 0.00 0.00 0.00 0.00 0.00 0.00 0.00 0.00 0.00 0.00 0.00 0.00 0.00 0.00 0.00 0.00 0.00 0.00 0.00 0.00 0.00 0.00 0.00 0.00 0.00 0.00 0.00 0.00 0.00 0.00 0.00 0.00 0.00 0.00 0.00 0.00 0.00 0.00 0.00 0.00 0.00 0.00 0.00 0.00 0.00
0.00 0.00 0.00 0.00 0.00 0.00 0.00 0.00 0.00 0.00 0.00 5.32 0.00 0.00 0.00 0.00 0.00 0.00 0.00 0.00 0.00 0.00 0.00 0.00 0.00 0.00 0.00 0.00 0.00 0.00 0.00 0.00 0.00 0.00 0.00 0.00 0.00 0.00 0.00 0.00 0.00 0.00 0.00 0.00 0.00 0.00 0.00 0.00 0.00 0.00 0.00 0.00 0.00 0.00 0.00 0.00 0.00 0.00 0.00 0.00 0.00 0.00 0.00 0.00 0.00 0.00 0.00 0.00 0.00 0.00 0.00 0.00 0.00 0.00 0.00 0.00 0.00 0.00 0.00 0.00 0.00 0.00 0.00 0.00
0.00 0.00 0.00 0.00 0.00 0.00 0.00 0.00 0.00 0.00 3.58 4.99 0.00 0.00 0.00 0.00 0.00 0.00 0.00 0.00 0.00 0.00 0.00 0.00 0.00 0.00 0.00 0.00 0.00 0.00 0.00 0.00 0.00 0.00 0.00 0.00 0.00 0.00 0.00 0.00 0.00 0.00 0.00 0.00 0.00 0.00 0.00 0.00 0.00 0.00 0.00 0.00 0.00 0.00 0.00 0.00 0.00 0.00 0.00 0.00 0.00 0.00 0.00 0.00 0.00 0.00 0.00 0.00 0.00 0.00 0.00 0.00 0.00 0.00 0.00 0.00 0.00 0.00 0.00 0.00 0.00 0.00 0.00 0.00
0.00 0.00 0.00 0.00 0.00 0.00 0.00 0.00 0.00 3.58 4.99 4.99 3.63 0.00 0.00 0.00 0.00 0.00 0.00 0.00 0.00 0.00 0.00 0.00 0.00 0.00 0.00 0.00 0.00 0.00 0.00 0.00 0.00 0.00 0.00 0.00 0.00 0.00 0.00 0.00 0.00 0.00 0.00 0.00 0.00 0.00 0.00 0.00 0.00 0.00 0.00 0.00 0.00 0.00 0.00 0.00 0.00 0.00 0.00 0.00 0.00 0.00 0.00 0.00 0.00 0.00 0.00 0.00 0.00 0.00 0.00 0.00 0.00 0.00 0.00 0.00 0.00 0.00 0.00 0.00 0.00 0.00 0.00 0.00
5.34 5.34 0.00 0.00 0.00 0.00 0.00 5.31 5.23 5.63 5.23 5.23 5.41 0.00 0.00 0.00 0.00 0.00 0.00 0.00 0.00 0.00 0.00 0.00 0.00 0.00 0.00 0.00 0.00 0.00 0.00 0.00 0.00 0.00 0.00 0.00 0.00 0.00 0.00 0.00 0.00 0.00 0.00 0.00 0.00 0.00 0.00 0.00 0.00 0.00 0.00 0.00 0.00 0.00 0.00 0.00 3.59 0.00 0.00 0.00 0.00 0.00 0.00 0.00 0.00 0.00 0.00 0.00 0.00 0.00 0.00 0.00 0.00 0.00 0.00 0.00 0.00 0.00 0.00 0.00 0.00 0.00 0.00 0.00
5.34 5.34 5.34 0.00 0.00 0.00 5.70 5.70 5.23 5.62 5.23 5.23 2.64 0.00 0.00 0.00 0.00 0.00 0.00 0.00 0.00 0.00 0.00 0.00 0.00 0.00 0.00 0.00 0.00 0.00 0.00 0.00 0.00 0.00 0.00 0.00 0.00 0.00 0.00 0.00 0.00 0.00 0.00 0.00 0.00 0.00 0.00 0.00 0.00 0.00 0.00 0.00 0.00 0.00 0.00 0.00 6.70 0.00 0.00 0.00 0.00 0.00 0.00 0.00 0.00 0.00 0.00 0.00 0.00 6.14 4.14 0.00 0.00 0.00 0.00 0.00 0.00 0.00 0.00 0.00 0.00 0.00 0.00 0.00
5.72 5.31 5.31 5.31 5.24 5.24 5.24 5.24 5.22 5.22 5.22 5.22 2.64 0.00 0.00 0.00 0.00 0.00 0.00 0.00 0.00 0.00 0.00 0.00 0.00 0.00 0.00 0.00 0.00 0.00 0.00 0.00 0.00 0.00 0.00 0.00 0.00 0.00 0.00 0.00 0.00 0.00 0.00 0.00 0.00 0.00 0.00 0.00 0.00 0.00 0.00 0.00 0.00 0.00 0.00 0.00 6.74 6.74 0.00 0.00 0.00 0.00 0.00 0.00 0.00 0.00 0.00 0.00 7.37 6.71 7.07 0.00 0.00 0.00 0.00 0.00 0.00 0.00 0.00 0.00 0.00 0.00 0.00 0.00
5.31 5.31 5.31 5.31 5.24 5.24 5.24 5.24 5.22 5.22 5.22 5.22 2.64 0.00 0.00 0.00 0.00 0.00 0.00 0.00 0.00 0.00 0.00 0.00 0.00 0.00 0.00 2.64 4.08 4.08 0.00 0.00 0.00 0.00 0.00 0.00 0.00 0.00 0.00 0.00 0.00 0.00 0.00 0.00 0.00 0.00 0.00 0.00 0.00 0.00 0.00 0.00 0.00 0.00 0.00 0.00 6.74 6.74 0.00 0.00 0.00 0.00 0.00 0.00 0.00 0.00 0.00 3.83 7.58 6.71 7.07 4.14 0.00 0.00 0.00 0.00 0.00 0.00 0.00 0.00 0.00 0.00 0.00 0.00
5.31 5.72 5.31 5.31 5.63 5.24 5.24 5.24 5.22 5.22 5.22 5.22 5.52 0.00 0.00 0.00 0.00 0.00 0.00 0.00 0.00 0.00 0.00 0.00 0.00 0.00 0.00 5.50 5.69 5.69 0.00 0.00 0.00 0.00 0.00 0.00 0.00 0.00 0.00 0.00 0.00 0.00 0.00 0.00 0.00 3.98 3.59 0.00 0.00 0.00 0.00 0.00 0.00 0.00 0.00 0.00 6.74 6.74 5.88 0.00 0.00 0.00 0.00 0.00 0.00 0.00 0.00 6.78 6.71 6.71 7.07 7.07 4.14 0.00 0.00 0.00 0.00 0.00 0.00 0.00 0.00 7.12 7.12 0.00
5.31 5.31 5.72 5.31 5.24 5.24 5.24 5.24 5.22 5.22 5.22 5.22 5.52 0.00 0.00 0.00 0.00 0.00 0.00 0.00 0.00 0.00 0.00 0.00 0.00 0.00 6.23 5.50 5.69 5.69 0.00 0.00 0.00 0.00 0.00 0.00 0.00 0.00 0.00 0.00 0.00 0.00 0.00 0.00 0.00 3.59 3.59 3.59 0.00 0.00 0.00 0.00 0.00 0.00 0.00 0.00 5.88 6.74 6.74 6.74 6.77 0.00 0.00 6.77 6.78 6.78 0.00 7.09 6.71 6.71 7.07 7.07 7.08 0.00 0.00 0.00 0.00 0.00 0.00 0.00 7.12 7.12 7.12 7.12
5.28 5.68 5.68 5.28 5.23 5.23 5.23 5.23 5.32 5.32 5.32 5.32 5.63 0.00 0.00 0.00 0.00 0.00 0.00 0.00 0.00 0.00 0.00 0.00 0.00 2.64 5.50 5.50 5.71 0.00 0.00 0.00 0.00 0.00 0.00 0.00 0.00 0.00 0.00 0.00 0.00 0.00 0.00 0.00 0.00 6.84 6.84 6.84 3.59 3.59 0.00 0.00 0.00 0.00 0.00 0.00 7.49 7.09 6.76 6.76 6.76 6.76 6.76 6.76 6.71 6.71 7.38 7.27 6.71 7.50 7.07 7.07 7.18 0.00 0.00 0.00 0.00 0.00 0.00 7.18 7.57 7.11 7.11 7.11
5.28 5.28 5.28 5.28 5.23 5.62 5.23 5.23 5.32 5.32 5.32 5.32 5.63 0.00 0.00 0.00 0.00 0.00 0.00 0.00 0.00 0.00 2.64 0.00 0.00 5.91 5.50 5.50 5.71 0.00 0.00 0.00 0.00 0.00 0.00 0.00 0.00 0.00 0.00 0.00 0.00 0.00 0.00 0.00 0.00 6.84 6.84 6.84 6.88 6.88 0.00 0.00 0.00 0.00 0.00 0.00 0.00 6.76 6.76 6.76 6.76 6.76 7.08 6.76 7.38 6.71 6.71 6.71 7.37 6.71 7.07 7.07 7.18 7.66 0.00 0.00 0.00 0.00 7.18 7.18 7.11 7.11 7.11 7.11
5.28 5.28 5.28 5.28 5.23 5.23 5.23 5.23 5.32 5.32 5.32 5.32 6.98 0.00 0.00 0.00 0.00 0.00 0.00 0.00 2.93 5.57 5.57 5.57 5.50 5.50 5.50 5.50 0.00 0.00 0.00 0.00 0.00 0.00 0.00 0.00 0.00 0.00 0.00 0.00 0.00 0.00 0.00 0.00 3.59 6.84 6.84 6.84 6.88 6.88 0.00 0.00 0.00 0.00 0.00 0.00 0.00 6.76 6.76 6.76 6.76 6.76 6.76 6.76 6.71 6.71 6.71 6.71 6.71 6.71 7.07 7.07 7.18 7.66 7.18 7.18 0.00 7.18 7.18 7.18 7.11 7.11 7.11 7.11
5.28 5.28 5.28 5.28 5.23 5.23 5.23 5.23 5.32 5.32 5.32 5.32 6.98 6.98 0.00 0.00 0.00 0.00 0.00 5.61 5.57 5.57 5.57 5.57 5.78 5.78 5.50 5.50 0.00 0.00 0.00 0.00 0.00 0.00 0.00 0.00 0.00 0.00 0.00 0.00 0.00 0.00 0.00 0.00 0.00 6.84 6.84 6.84 6.88 0.00 0.00 0.00 0.00 0.00 0.00 0.00 3.59 6.76 6.76 6.76 6.76 6.76 6.76 6.76 6.71 6.71 6.71 6.71 6.71 6.71 7.07 7.54 7.18 7.18 7.18 7.18 7.18 7.18 7.18 7.18 7.11 7.11 7.11 7.11
5.26 5.26 5.26 5.26 5.26 5.26 5.26 5.26 5.39 5.39 5.39 6.71 7.03 7.46 0.00 0.00 0.00 0.00 0.00 6.05 5.54 5.54 5.95 5.97 5.95 5.94 5.53 0.00 0.00 0.00 0.00 0.00 0.00 0.00 0.00 0.00 0.00 0.00 0.00 0.00 0.00 0.00 0.00 0.00 0.00 6.89 6.89 6.89 0.00 0.00 0.00 0.00 0.00 0.00 0.00 0.00 7.73 6.75 6.75 6.75 6.66 6.66 6.66 7.32 7.29 6.64 6.64 6.64 6.77 6.77 7.15 7.15 7.75 7.76 7.27 7.27 7.30 7.30 7.30 7.30 7.29 7.29 7.29 7.29
5.26 5.26 5.26 5.66 5.26 5.26 5.26 5.26 5.39 5.39 6.71 7.14 6.42 7.03 7.54 0.00 0.00 0.00 0.00 5.78 5.54 5.54 5.54 5.54 5.53 5.53 5.53 0.00 0.00 0.00 0.00 0.00 0.00 0.00 0.00 0.00 0.00 0.00 0.00 0.00 0.00 0.00 0.00 0.00 0.00 0.00 6.89 6.89 0.00 0.00 0.00 0.00 0.00 0.00 0.00 8.19 7.73 6.75 6.75 6.75 6.66 6.66 6.66 6.66 6.64 6.64 7.19 6.64 6.77 6.77 7.15 7.15 7.27 7.27 7.27 7.27 7.30 7.30 7.30 7.30 7.29 7.29 7.29 7.29
5.26 5.26 5.26 5.26 5.26 5.26 5.26 5.26 6.20 5.39 6.71 7.60 5.66 5.78 5.66 7.03 4.48 6.42 6.42 7.01 5.54 5.54 5.54 5.54 5.53 5.53 5.53 0.00 0.00 0.00 0.00 0.00 0.00 0.00 0.00 0.00 0.00 0.00 0.00 0.00 0.00 0.00 0.00 0.00 0.00 0.00 0.00 6.89 6.93 6.93 0.00 0.00 0.00 0.00 7.98 7.98 7.73 6.75 7.47 7.59 6.66 6.66 6.66 7.32 6.64 7.29 7.29 6.64 6.77 6.77 7.15 7.15 7.27 7.27 7.27 7.70 7.95 7.95 11.82 7.54 7.29 0.00 0.00 0.00
5.26 5.66 5.26 5.26 5.26 5.26 5.26 5.65 5.39 5.39 5.39 5.39 5.66 5.78 5.66 5.66 6.18 6.18 6.84 7.01 5.54 5.54 5.54 5.54 5.53 5.53 5.53 0.00 0.00 0.00 0.00 0.00 0.00 0.00 0.00 0.00 0.00 0.00 0.00 0.00 0.00 0.00 0.00 0.00 0.00 0.00 6.89 6.50 6.93 7.96 7.96 6.93 6.95 7.98 7.98 7.98 7.73 6.75 6.75 7.05 6.66 6.66 6.66 6.66 6.64 6.64 6.64 6.64 6.77 6.77 7.15 7.15 7.27 7.95 7.07 9.06 9.03 12.20 0.00 0.00 0.00 0.00 0.00 0.00
5.29 5.29 5.69 5.29 5.24 5.24 5.24 5.24 5.36 5.36 5.36 5.36 5.67 5.67 5.67 5.67 4.91 6.18 6.42 7.00 5.52 5.52 5.52 5.52 5.57 7.32 7.32 0.00 0.00 0.00 0.00 0.00 0.00 0.00 0.00 0.00 0.00 0.00 0.00 0.00 0.00 0.00 0.00 0.00 0.00 0.00 7.38 5.88 6.91 7.93 6.91 6.91 7.78 7.85 7.85 7.85 6.61 6.61 6.61 7.26 6.67 6.67 6.67 6.67 6.82 6.82 6.82 6.82 6.99 6.99 7.39 7.39 8.15 7.85 8.64 8.89 5.65 0.00 0.00 0.00 0.00 0.00 0.00 0.00
5.69 5.29 5.29 5.29 5.24 5.24 5.24 5.24 5.36 5.36 5.36 5.36 5.67 5.67 5.67 4.91 6.85 7.35 6.85 7.00 5.52 5.52 5.52 5.52 9.74 7.32 7.32 0.00 0.00 0.00 0.00 0.00 0.00 0.00 0.00 0.00 0.00 0.00 0.00 0.00 0.00 0.00 0.00 0.00 0.00 7.24 6.90 5.88 6.91 7.93 6.91 6.91 7.85 7.85 7.85 6.85 6.61 6.61 6.61 6.61 6.67 6.67 6.67 6.67 6.82 6.82 6.82 6.82 6.99 6.99 7.39 7.42 7.85 8.22 9.08 11.31 0.00 0.00 0.00 0.00 0.00 0.00 0.00 0.00
6.03 6.03 6.49 6.03 5.97 5.97 5.97 5.97 6.11 6.11 6.11 6.11 6.40 6.40 7.69 7.69 7.69 8.66 9.25 7.91 6.23 6.23 7.93 7.93 8.00 8.54 8.00 0.00 0.00 0.00 0.00 0.00 0.00 0.00 0.00 0.00 0.00 0.00 0.00 0.00 0.00 0.00 0.00 0.00 8.02 7.63 7.63 7.63 7.65 8.87 7.65 7.65 8.78 8.78 7.58 7.58 7.32 7.32 7.32 7.32 7.48 7.48 7.48 7.48 7.64 7.64 7.64 7.64 7.82 7.82 8.24 9.13 9.65 10.04 12.69 0.43 0.00 0.00 0.00 0.00 0.00 0.00 0.00 0.00
6.03 6.03 6.03 6.48 5.97 5.97 5.97 5.97 6.11 6.11 6.11 6.11 6.40 7.95 7.69 7.69 5.63 7.49 7.91 7.91 7.93 7.93 7.93 7.93 8.00 8.00 8.00 0.00 0.00 0.00 0.00 0.00 0.00 0.00 0.00 0.00 0.00 0.00 0.00 0.00 0.00 0.00 0.00 0.00 7.63 7.63 6.73 7.63 8.87 8.87 7.65 8.87 8.78 8.78 8.36 7.58 7.32 7.32 7.32 7.32 7.48 7.48 7.48 7.48 7.64 7.64 7.64 7.64 7.82 9.04 12.64 11.45 11.40 11.83 0.43 0.00 0.00 0.00 0.00 0.00 0.00 0.00 0.00 0.00
6.04 6.04 6.50 6.04 5.96 5.96 5.96 5.96 6.10 6.10 6.10 6.10 6.40 7.94 7.94 7.69 7.69 7.81 9.99 8.01 7.91 7.91 7.91 7.91 8.09 8.09 0.00 0.00 0.00 0.00 0.00 0.00 0.00 0.00 0.00 0.00 0.00 0.00 0.00 0.00 0.00 0.00 0.00 0.00 7.71 7.61 6.73 7.61 8.77 8.77 8.77 8.77 8.49 7.35 7.35 7.71 7.32 7.32 7.32 7.32 7.74 7.74 7.74 7.74 7.87 7.87 7.87 7.87 7.91 11.75 11.88 7.89 2.43 6.37 0.00 0.00 0.00 0.00 0.00 0.00 0.00 0.00 0.00 0.00
7.51 6.04 6.50 6.04 5.96 5.96 5.96 5.96 6.10 6.10 6.10 6.10 7.94 7.94 7.94 7.94 7.81 9.49 11.05 8.01 7.91 7.91 7.91 7.91 8.09 8.09 0.00 0.00 0.00 0.00 0.00 0.00 0.00 0.00 0.00 8.14 8.12 0.00 0.00 0.00 8.08 8.08 8.47 8.08 7.61 6.73 6.73 6.73 8.77 8.77 8.77 8.77 7.35 8.05 7.72 7.35 7.32 7.32 7.32 7.32 7.74 7.74 8.94 8.94 9.11 7.87 7.87 7.97 10.50 4.67 2.43 2.86 2.43 3.71 12.29 0.00 0.00 0.00 0.00 0.00 0.00 0.00 0.00 0.00
6.04 6.50 6.04 6.04 5.96 5.96 5.96 6.41 6.10 6.10 6.10 7.58 7.94 7.94 8.41 9.66 9.49 9.49 10.02 8.01 7.91 7.91 7.91 7.91 8.09 8.09 0.00 0.00 0.00 0.00 0.00 0.00 0.00 0.00 0.00 8.14 8.12 8.12 8.12 8.12 8.08 8.08 8.52 8.08 7.44 6.73 6.73 7.61 8.77 8.77 9.55 7.57 7.35 7.72 7.35 7.35 7.32 7.32 7.32 7.32 7.74 7.74 8.94 8.94 8.52 8.52 10.50 10.50 4.40 2.33 2.43 2.43 2.43 8.78 5.80 7.59 0.00 0.00 0.00 0.00 0.00 0.00 0.00 0.00
6.04 6.04 6.04 6.04 6.41 5.96 5.96 5.96 6.10 6.10 6.10 7.58 7.94 9.66 9.66 9.66 9.49 9.49 9.49 8.01 7.91 7.91 7.91 7.91 8.09 8.09 0.00 0.00 0.00 0.00 0.00 0.00 0.00 0.00 0.00 8.14 8.12 8.12 8.12 8.12 8.46 8.08 8.08 8.08 7.61 7.61 8.82 8.82 8.77 9.10 8.77 8.77 7.35 7.35 7.35 7.35 7.32 7.32 7.32 7.32 7.74 7.74 8.94 8.52 8.66 10.93 8.52 3.19 2.33 2.33 2.43 3.33 3.33 7.42 10.89 5.37 12.34 0.00 0.00 0.00 0.00 0.00 0.00 0.00
6.00 6.62 6.00 6.00 6.00 6.00 6.00 6.00 6.08 6.08 6.08 6.54 9.44 9.44 9.44 9.44 9.31 9.31 9.31 7.87 8.01 8.01 8.01 8.01 8.18 8.18 0.00 0.00 0.00 0.00 0.00 0.00 0.00 0.00 9.51 9.66 8.42 8.54 8.11 8.11 8.01 8.01 8.22 8.01 8.75 8.75 8.75 9.08 8.61 8.61 8.61 8.61 7.35 7.35 7.35 7.35 7.59 7.59 7.59 7.59 7.97 8.52 8.52 11.75 12.46 8.95 3.19 3.19 2.33 1.84 2.43 2.43 2.43 6.14 3.30 6.81 13.20 7.36 0.00 0.00 0.00 0.00 0.00 0.00
6.00 6.00 6.46 6.00 6.00 6.00 6.00 6.00 6.08 6.08 10.45 7.76 10.93 9.44 9.44 9.44 9.31 9.31 7.87 7.87 8.01 8.01 8.01 8.01 8.18 8.18 6.98 0.00 0.00 0.00 0.00 0.00 0.00 0.00 5.10 8.69 9.40 9.40 8.11 8.11 8.01 8.40 8.40 9.26 8.75 8.75 9.00 8.75 8.61 8.93 8.61 8.61 7.35 7.35 7.35 7.35 8.80 8.80 8.80 8.80 8.24 8.52 7.42 10.93 8.12 7.96 8.12 3.19 3.19 2.33 2.43 2.86 2.86 5.28 9.22 12.77 8.97 9.23 8.45 11.96 5.86 0.00 0.00 0.00
6.46 6.00 6.00 6.00 6.00 6.00 6.00 6.00 12.37 8.78 7.76 7.76 7.97 7.97 7.97 9.44 9.31 7.87 7.87 7.87 8.01 8.01 8.01 8.01 8.18 8.18 10.92 6.58 0.00 0.00 0.00 0.00 0.00 4.37 2.67 7.46 7.50 10.27 8.11 8.11 8.01 8.01 8.01 9.61 8.75 9.08 8.75 8.75 8.61 8.61 8.61 8.61 7.35 7.35 8.49 8.49 8.80 7.91 7.91 7.57 8.24 8.52 12.46 8.12 7.96 8.55 8.55 8.12 8.12 2.33 2.43 10.97 11.45 12.34 8.83 9.10 7.94 7.94 7.94 7.94 8.02 8.02 10.63 0.00
6.00 6.00 6.00 6.00 6.00 6.00 6.00 7.86 8.53 7.76 7.76 8.53 8.82 7.97 7.97 7.97 7.87 7.87 7.87 7.87 8.01 8.01 8.01 8.54 8.18 8.54 12.16 9.51 8.09 11.11 8.75 7.03 7.03 3.10 7.89 8.95 9.54 8.11 8.11 8.11 8.01 8.01 8.01 9.26 8.75 9.07 8.75 8.75 8.61 8.61 9.63 9.61 7.35 7.35 7.35 8.49 8.80 8.15 8.80 7.91 11.75 11.75 8.52 8.12 8.55 11.94 10.61 11.63 12.03 12.03 12.34 8.83 8.83 9.04 8.28 8.28 7.94 7.94 7.94 7.94 8.46 8.00 8.54 8.40
8.67 8.67 5.98 5.98 5.99 7.85 8.43 7.85 7.87 7.87 7.87 7.87 7.84 8.70 7.84 7.84 7.93 7.93 7.93 7.93 8.17 8.17 8.17 8.17 8.54 13.04 7.79 8.65 4.29 3.87 8.32 7.46 3.10 9.12 7.27 8.95 8.54 8.14 8.14 8.14 7.99 7.99 7.99 9.24 8.64 10.98 7.47 8.64 8.55 7.40 7.77 7.40 7.52 7.52 7.52 7.52 7.77 7.77 7.51 9.03 12.03 8.12 8.12 8.12 12.76 8.00 8.00 9.27 8.52 8.52 8.83 8.83 8.83 9.07 8.19 8.19 7.87 8.30 7.87 7.87 7.99 7.99 7.76 8.19
4.35 4.35 4.35 4.35 4.36 7.85 8.43 7.85 7.87 7.87 7.87 7.87 8.70 8.70 7.84 7.84 7.93 7.93 7.93 7.93 8.17 8.17 8.17 8.17 8.54 13.47 8.22 9.10 9.53 4.29 3.95 12.68 7.89 7.46 7.46 8.95 8.54 10.08 8.14 8.14 7.99 7.99 7.99 7.99 7.90 7.47 7.47 7.47 7.40 7.40 7.40 7.40 7.52 7.52 7.52 7.52 7.77 7.77 7.51 7.91 10.19 8.12 7.97 8.31 11.48 8.12 8.00 8.00 7.90 9.14 8.83 9.23 9.34 9.07 8.19 8.19 8.30 7.87 7.87 7.87 7.99 7.99 7.84 8.11
4.35 4.35 4.35 4.35 4.36 4.36 7.85 7.85 7.87 7.87 8.46 7.87 7.84 8.70 7.84 7.84 7.93 7.93 7.93 7.93 8.17 8.17 8.17 8.17 9.53 6.58 7.79 9.10 10.16 3.87 8.32 13.09 8.69 8.85 8.12 9.19 10.18 8.95 8.14 8.14 7.99 7.99 7.99 7.99 7.47 8.30 7.47 7.47 7.40 7.40 7.40 7.40 7.52 7.52 7.52 7.52 7.77 7.77 7.57 11.51 7.53 7.10 8.12 11.63 8.52 10.60 5.95 8.00 7.90 7.90 10.82 9.23 9.07 8.19 8.19 8.19 7.87 7.87 7.87 7.87 7.99 7.99 8.85 8.33
