New_Model_Runs/14_Future_RCP8.5_Scn1_out/post_prcessed_with_MFR/Monthly_summaries/net_infiltration_monthly_JUL.asc
NCOLS 700
NROWS 400
XLLCENTER 515000.000000
YLLCENTER 8409000.000000
CELLSIZE 50.000000
NODATA_value -999.000000
[rows 152 to 189 of 400, columns 336 to 419 of 700]
4.38 5.36 6.30 5.52 4.62 4.83 4.62 4.62 4.62 5.44 4.54 4.54 5.01 5.01 4.46 4.46 4.10 4.10 4.59 4.10 4.17 4.17 4.17 4.17 4.24 7.87 4.65 4.65 5.54 5.54 6.43 5.10 4.54 4.54 4.99 3.49 3.05 8.60 4.32 3.97 4.39 8.07 7.59 7.59 7.59 6.71 1.53 1.09 4.66 0.00 0.00 0.00 0.00 0.00 0.00 0.00 0.00 0.00 0.00 0.00 0.00 0.00 0.00 0.00 0.00 0.00 0.00 0.00 0.00 0.00 0.00 0.00 0.00 0.00 0.00 0.00 0.00 0.00 0.00 0.00 0.00 0.00 0.00 0.00
4.80 5.04 4.69 4.68 5.50 4.72 4.68 5.06 5.06 5.44 5.44 4.54 4.46 4.46 4.46 4.46 4.10 4.10 4.10 4.10 4.17 4.17 4.17 4.17 4.24 3.42 7.05 7.05 4.65 7.96 5.54 4.65 7.12 7.96 6.68 6.93 8.82 6.42 5.29 3.97 3.95 8.07 7.21 3.62 7.25 1.09 1.53 1.53 4.66 0.00 0.00 0.00 0.00 0.00 0.00 0.00 0.00 0.00 0.00 0.00 0.00 0.00 0.00 0.00 0.00 0.00 0.00 0.00 0.00 0.00 0.00 0.00 0.00 0.00 0.00 0.00 0.00 0.00 0.00 0.00 0.00 0.00 0.00 0.00
5.13 4.80 4.36 4.24 5.17 5.80 5.49 5.49 5.44 5.44 5.44 4.54 4.46 4.46 4.46 4.93 4.10 4.10 4.10 4.10 4.17 4.17 4.17 4.17 8.75 8.75 8.75 10.06 7.05 7.05 7.05 7.05 4.99 7.56 7.69 9.02 6.28 9.49 4.41 4.00 3.95 7.81 7.81 3.62 5.16 4.06 3.62 3.62 4.66 3.44 0.00 0.00 0.00 0.00 0.00 0.00 0.00 0.00 0.00 0.00 0.00 0.00 0.00 0.00 0.00 0.00 0.00 0.00 0.00 0.00 0.00 0.00 0.00 0.00 0.00 0.00 0.00 0.00 0.00 0.00 0.00 0.00 0.00 0.00
4.68 4.24 4.69 4.24 4.24 4.62 5.06 5.49 5.44 5.44 5.44 5.44 5.01 4.46 4.46 4.46 4.10 4.10 4.10 4.10 4.17 4.17 4.17 4.17 7.87 4.24 4.24 4.68 4.24 7.94 5.54 4.18 7.25 7.25 7.25 8.61 8.70 4.88 4.44 3.97 4.00 7.72 4.71 3.62 5.16 1.53 3.82 3.82 4.66 7.20 0.00 0.00 0.00 0.00 0.00 0.00 0.00 0.00 0.00 0.00 0.00 0.00 0.00 0.00 0.00 0.00 0.00 0.00 0.00 0.00 0.00 0.00 0.00 0.00 0.00 0.00 0.00 0.00 0.00 0.00 0.00 0.00 0.00 0.00
4.68 4.24 4.60 4.83 4.83 4.83 4.62 5.48 5.43 5.43 5.43 5.43 6.14 5.00 4.45 4.45 4.11 4.11 4.11 4.11 4.17 4.17 4.17 7.80 4.19 4.19 4.19 4.19 4.41 5.06 8.96 4.30 3.95 7.25 7.25 3.49 4.00 3.93 3.93 3.93 7.63 4.09 4.71 4.09 7.25 4.71 3.62 1.09 1.03 5.10 0.44 0.00 0.00 0.00 0.00 0.00 0.00 0.00 0.00 0.00 0.00 0.00 0.00 0.00 0.00 0.00 0.00 0.00 0.00 0.00 0.00 0.00 0.00 0.00 0.00 0.00 0.00 0.00 0.00 0.00 0.00 0.00 0.00 0.00
4.62 4.62 5.49 4.62 5.48 5.48 5.48 5.48 5.43 5.76 5.43 5.43 5.31 5.31 4.45 4.45 4.11 4.11 4.11 4.11 4.66 4.17 4.17 7.80 4.19 4.19 4.42 4.39 4.39 4.43 8.70 8.04 7.25 7.56 4.41 3.97 3.93 3.93 3.93 3.93 4.00 3.97 7.25 4.71 4.71 4.71 1.09 3.62 1.03 5.10 1.60 0.00 0.00 0.00 0.00 0.00 0.00 0.00 0.00 0.00 0.00 0.00 0.00 0.00 0.00 0.00 0.00 0.00 0.00 0.00 0.00 0.00 0.00 0.00 0.00 0.00 0.00 0.00 0.00 0.00 0.00 0.00 0.00 0.00
4.62 5.06 4.62 5.49 5.48 5.48 5.48 4.62 4.62 5.43 5.43 5.43 5.63 5.31 4.45 4.45 4.11 4.11 4.11 4.60 4.17 4.17 7.80 4.39 4.42 4.42 4.42 4.42 4.43 4.43 8.03 4.85 4.00 4.00 4.00 4.00 3.93 3.93 3.93 3.93 3.98 3.49 4.71 4.71 7.25 7.25 1.09 1.53 1.47 5.10 7.95 0.00 0.00 0.00 0.00 0.00 0.00 0.00 0.00 0.00 0.00 0.00 0.00 0.00 0.00 0.00 0.00 0.00 0.00 0.00 0.00 0.00 0.00 0.00 0.00 0.00 0.00 0.00 0.00 0.00 0.00 0.00 0.00 0.00
5.49 5.49 5.06 5.49 5.48 5.48 4.62 4.62 5.53 5.43 5.43 5.43 5.31 5.31 5.31 4.45 4.11 4.11 4.11 4.11 4.17 8.39 8.02 4.39 4.42 4.79 4.42 4.42 4.43 4.43 4.39 4.72 4.00 4.00 4.00 4.00 3.93 3.93 3.93 3.93 3.98 3.49 4.71 7.25 7.25 7.25 4.71 4.71 5.55 5.99 5.10 0.00 0.00 0.00 0.00 0.00 0.00 0.00 0.00 0.00 0.00 0.00 0.00 0.00 0.00 0.00 0.00 0.00 0.00 0.00 0.00 0.00 0.00 0.00 0.00 0.00 0.00 0.00 0.00 0.00 0.00 0.00 0.00 0.00
5.46 5.50 4.62 5.46 5.46 5.46 4.62 4.62 5.41 5.41 5.41 5.41 5.29 5.29 5.29 5.29 4.09 4.09 4.30 4.30 4.34 7.97 4.34 4.34 4.35 4.35 4.35 4.35 4.35 4.73 4.35 4.35 3.93 3.93 3.93 4.39 3.95 3.95 3.95 3.95 3.99 7.12 3.49 4.18 8.34 4.71 5.07 7.25 4.41 5.29 6.05 5.60 0.00 0.00 0.00 0.00 0.00 0.00 0.00 0.00 0.00 0.00 0.00 0.00 0.00 0.00 0.00 0.00 0.00 0.00 0.00 0.00 0.00 0.00 0.00 0.00 0.00 0.00 0.00 0.00 0.00 0.00 0.00 0.00
5.46 5.26 5.26 5.46 5.46 5.46 4.62 4.62 4.62 5.41 5.41 3.92 5.29 5.29 5.29 5.29 4.30 4.30 4.30 4.30 7.97 4.34 4.34 4.34 4.35 4.82 4.35 4.35 4.35 4.82 4.35 4.35 3.93 3.93 4.24 4.24 3.95 3.95 3.95 3.95 4.50 3.97 4.51 4.00 4.44 5.33 4.88 4.00 3.79 3.99 9.19 9.28 5.55 5.55 5.19 3.63 0.00 0.00 0.00 0.00 0.00 0.00 0.00 0.00 0.00 0.00 0.00 0.00 0.00 0.00 0.00 0.00 0.00 0.00 0.00 0.00 0.00 0.00 0.00 0.00 0.00 0.00 0.00 0.00
7.03 8.07 7.03 6.59 6.59 6.59 6.59 7.03 6.23 6.53 6.53 6.53 6.40 6.40 6.40 6.40 5.09 5.52 5.09 5.09 5.14 5.14 5.14 5.14 5.15 5.59 5.15 5.15 5.59 5.15 6.10 5.15 3.95 3.95 3.95 3.95 3.96 3.96 3.96 4.27 4.00 4.00 4.00 4.52 4.02 3.99 3.99 3.99 3.80 3.61 4.50 8.67 7.79 5.94 2.40 4.61 4.61 4.63 4.61 4.61 0.00 0.00 0.00 0.00 0.00 0.00 0.00 0.00 0.00 0.00 0.00 0.00 0.00 0.00 0.00 0.00 0.00 0.00 0.00 0.00 0.00 0.00 0.00 0.00
7.03 8.36 8.36 7.03 6.59 6.59 6.59 6.59 6.53 6.53 6.53 6.53 6.83 6.40 6.40 6.40 5.09 5.09 5.09 5.09 5.14 5.14 5.14 5.14 5.15 5.15 5.15 5.15 5.15 5.15 5.58 5.15 3.95 3.95 3.95 3.95 3.96 3.96 4.27 3.96 4.00 4.00 4.00 4.00 3.99 3.99 3.99 3.99 3.80 3.80 4.24 7.89 6.90 3.27 5.94 5.94 5.50 4.07 4.07 5.05 7.35 0.00 0.00 0.00 0.00 0.00 0.00 0.00 0.00 0.00 0.00 0.00 0.00 0.00 0.00 0.00 0.00 0.00 0.00 0.00 0.00 0.00 0.00 0.00
6.54 6.99 7.88 6.99 6.49 6.49 6.49 6.49 6.82 6.39 6.39 6.82 6.33 6.33 6.33 5.60 5.13 5.13 5.13 5.13 5.16 5.16 5.16 5.16 5.15 5.15 5.15 5.15 5.14 5.14 5.14 5.14 3.96 3.96 3.96 3.96 3.97 3.97 3.97 3.97 3.96 3.96 3.96 3.96 3.95 4.41 3.95 3.95 3.79 3.79 3.61 3.27 6.90 3.27 2.31 6.38 4.91 3.74 3.74 4.62 5.46 6.79 4.67 3.63 0.00 0.00 0.00 0.00 0.00 0.00 0.00 0.00 0.00 0.00 0.00 0.00 0.00 0.00 0.00 0.00 0.00 0.00 0.00 0.00
6.54 6.54 6.54 6.54 6.49 6.49 6.49 6.49 6.39 6.39 6.39 6.39 6.33 6.33 6.33 5.60 5.13 5.13 5.13 5.13 5.16 5.16 5.16 5.16 5.15 5.15 5.15 5.15 5.14 5.14 5.14 5.14 3.96 3.96 3.96 3.96 3.97 3.97 3.97 3.97 3.96 3.96 3.96 3.96 3.95 4.26 3.95 3.95 3.79 3.61 3.61 3.27 3.27 4.61 5.05 3.72 3.74 3.74 3.74 3.74 4.17 7.36 3.73 7.36 0.00 0.00 0.00 0.00 0.00 0.00 0.00 0.00 0.00 0.00 0.00 0.00 0.00 0.00 0.00 0.00 0.00 0.00 0.00 0.00
6.99 6.54 6.54 6.99 6.49 6.49 6.49 6.49 6.39 6.39 6.39 6.39 6.33 6.33 6.33 5.60 5.13 5.13 5.13 5.13 5.16 5.16 5.16 5.16 5.15 5.15 5.15 5.15 5.14 5.14 5.14 5.14 3.96 3.96 3.96 3.96 3.97 3.97 3.97 3.97 3.96 3.96 3.96 3.96 3.95 3.95 3.95 3.95 3.61 3.57 3.57 3.16 3.27 4.22 4.22 3.77 3.74 3.74 3.74 3.61 3.73 7.80 4.17 3.73 0.00 0.00 0.00 0.00 0.00 0.00 0.00 0.00 0.00 0.00 0.00 0.00 0.00 0.00 0.00 0.00 0.00 0.00 0.00 0.00
6.54 6.54 6.54 6.54 6.49 6.91 6.49 6.49 6.39 6.39 6.39 6.39 6.33 6.33 5.60 5.60 5.13 5.13 5.13 5.13 5.16 5.16 5.16 5.16 5.15 5.15 5.15 5.15 5.14 5.14 5.14 5.14 3.96 3.96 3.96 3.96 3.97 3.97 3.97 3.97 3.96 3.96 3.96 3.96 3.95 3.95 3.95 3.95 3.61 3.61 3.83 3.97 3.77 4.66 4.66 3.77 3.74 3.74 4.62 4.06 4.45 5.94 4.25 7.36 0.00 0.00 0.00 0.00 0.00 0.00 0.00 0.00 0.00 0.00 0.00 0.00 0.00 0.00 0.00 0.00 0.00 0.00 0.00 0.00
6.48 6.48 6.48 6.48 6.37 6.37 6.79 6.37 6.38 6.38 6.38 6.38 6.48 6.48 5.72 5.72 5.21 5.21 5.21 5.21 5.21 5.21 5.21 5.64 5.21 5.21 5.21 5.21 5.22 5.22 5.22 5.22 4.03 4.03 4.03 4.03 4.02 4.02 4.02 4.02 4.01 4.01 4.01 4.00 3.98 3.98 3.98 4.01 3.61 3.88 3.78 3.78 3.76 3.76 3.76 3.76 3.74 3.74 4.04 4.94 5.34 5.90 0.00 0.00 0.00 0.00 0.00 0.00 0.00 0.00 0.00 0.00 0.00 0.00 0.00 0.00 0.00 0.00 0.00 0.00 0.00 0.00 0.00 0.00
6.48 6.48 6.48 6.48 6.37 6.37 6.37 6.37 6.38 6.38 6.38 6.38 6.48 6.48 5.72 5.72 5.21 5.21 5.21 5.21 5.21 5.21 5.21 5.21 5.21 5.21 5.21 5.21 5.22 5.22 5.22 5.22 4.03 4.03 4.03 4.03 4.02 4.02 4.02 4.02 3.98 3.98 4.01 4.01 3.98 3.98 3.98 3.98 3.78 3.78 3.78 3.78 3.76 3.76 3.76 3.83 3.81 3.61 3.61 3.61 0.00 0.00 0.00 0.00 0.00 0.00 0.00 0.00 0.00 0.00 0.00 0.00 0.00 0.00 0.00 0.00 0.00 0.00 0.00 0.00 0.00 0.00 0.00 0.00
6.48 6.48 6.48 6.48 6.37 6.37 6.37 6.37 6.38 6.38 6.38 6.38 6.48 5.72 5.72 5.72 5.21 5.21 5.21 5.21 5.21 5.21 5.21 5.21 5.21 5.21 5.21 2.99 5.66 5.22 5.22 5.22 4.03 4.03 4.03 4.03 4.02 4.02 4.02 4.91 3.98 4.18 4.01 4.00 4.46 3.98 3.98 3.98 3.78 3.78 3.78 3.78 3.76 3.61 3.61 4.06 4.06 3.74 3.74 6.79 0.00 0.00 0.00 0.00 0.00 0.00 0.00 0.00 0.00 0.00 0.00 0.00 0.00 0.00 0.00 0.00 0.00 0.00 0.00 0.00 0.00 0.00 0.00 0.00
6.48 6.48 6.48 6.48 6.37 6.37 6.37 6.37 6.38 6.38 6.38 6.38 6.48 5.72 5.72 5.72 5.21 5.65 5.65 6.16 5.21 5.21 5.21 5.21 5.21 5.21 5.21 2.99 2.99 5.22 5.22 5.22 4.03 4.03 4.03 4.03 4.02 4.02 4.83 4.83 4.00 3.50 4.00 4.44 4.39 4.01 3.98 3.98 3.78 3.78 3.78 3.78 3.76 4.06 3.60 6.38 5.94 5.05 0.00 0.00 0.00 0.00 0.00 0.00 0.00 0.00 0.00 0.00 0.00 0.00 0.00 0.00 0.00 0.00 0.00 0.00 0.00 0.00 0.00 0.00 0.00 0.00 0.00 0.00
6.40 6.40 6.40 6.40 6.43 6.43 6.43 6.43 6.52 6.52 6.52 6.52 6.51 5.74 5.74 5.74 5.69 5.16 5.16 5.59 5.20 5.20 5.64 5.20 5.23 5.23 5.23 2.99 2.99 5.70 6.49 6.49 4.60 4.05 4.05 4.05 4.04 4.04 4.14 4.46 4.04 4.04 4.04 4.48 5.53 5.44 4.45 4.01 3.81 3.61 3.61 3.81 3.61 5.90 6.83 4.53 4.08 1.87 0.00 0.00 0.00 0.00 0.00 0.00 0.00 0.00 0.00 0.00 0.00 0.00 0.00 0.00 0.00 0.00 0.00 0.00 0.00 0.00 0.00 0.00 0.00 0.00 0.00 0.00
6.40 6.40 6.40 6.40 6.43 6.43 6.43 6.43 6.52 6.52 6.52 6.52 6.51 5.74 5.49 5.74 5.16 5.16 5.16 5.16 5.20 5.20 5.20 5.20 5.67 5.67 5.23 4.19 2.99 5.29 5.73 8.48 3.87 5.16 5.04 4.60 4.04 4.04 4.48 3.50 4.11 4.04 4.04 4.04 5.20 5.53 4.01 4.01 3.61 3.57 3.61 3.77 6.90 4.16 3.20 5.05 1.77 0.00 0.00 0.00 0.00 0.00 0.00 0.00 0.00 0.00 0.00 0.00 0.00 0.00 0.00 0.00 0.00 0.00 0.00 0.00 0.00 0.00 0.00 0.00 0.00 0.00 0.00 0.00
6.40 6.40 6.40 6.40 6.43 6.43 6.43 6.43 6.52 6.52 6.52 6.52 5.74 6.18 5.74 5.49 5.16 5.16 5.16 5.16 5.20 5.20 5.20 5.63 5.23 5.23 5.67 5.23 5.26 5.70 5.26 9.51 8.88 4.66 4.60 4.60 4.59 4.04 8.02 8.15 7.27 4.20 4.01 4.04 2.42 4.97 4.52 4.01 3.61 3.61 3.77 6.90 0.00 0.00 0.00 0.00 0.00 0.00 0.00 0.00 0.00 0.00 0.00 0.00 0.00 0.00 0.00 0.00 0.00 0.00 0.00 0.00 0.00 0.00 0.00 0.00 0.00 0.00 0.00 0.00 0.00 0.00 0.00 0.00
6.40 6.40 6.40 6.40 6.43 6.43 6.43 6.43 6.52 6.52 6.52 6.52 5.74 5.48 5.74 5.74 5.78 5.16 5.16 5.16 5.20 5.20 5.63 5.20 5.23 5.23 5.23 5.23 5.26 5.70 5.70 5.01 4.72 5.16 4.78 4.60 4.72 4.72 1.09 7.71 4.72 4.72 4.72 8.19 1.98 4.08 4.97 5.41 3.81 6.90 6.90 0.00 0.00 0.00 0.00 0.00 0.00 0.00 0.00 0.00 0.00 0.00 0.00 0.00 0.00 0.00 0.00 0.00 0.00 0.00 0.00 0.00 0.00 0.00 0.00 0.00 0.00 0.00 0.00 0.00 0.00 0.00 0.00 0.00
6.48 6.48 6.01 6.01 6.52 6.52 6.52 6.52 6.49 6.49 6.49 6.49 5.64 5.64 5.64 5.64 5.54 5.11 5.11 5.11 5.17 5.17 5.17 5.17 5.21 5.21 5.21 5.21 5.25 5.25 5.25 5.25 3.64 3.64 5.16 8.93 4.41 3.87 3.97 7.27 5.16 5.16 4.72 4.72 5.16 7.71 5.16 5.61 4.61 6.90 0.00 0.00 0.00 0.00 0.00 0.00 0.00 0.00 0.00 0.00 0.00 0.00 0.00 0.00 0.00 0.00 0.00 0.00 0.00 0.00 0.00 0.00 0.00 0.00 0.00 0.00 0.00 0.00 0.00 0.00 0.00 0.00 0.00 0.00
6.48 6.48 6.48 6.01 6.01 6.52 6.52 6.52 6.49 6.49 7.95 5.47 5.40 5.40 5.64 5.64 5.11 5.11 5.11 5.11 5.17 5.17 5.63 5.17 5.21 5.21 5.21 5.21 5.25 5.25 5.25 5.25 4.50 4.08 3.64 5.61 4.67 5.36 5.41 8.15 5.16 5.16 5.16 5.16 2.86 5.41 1.53 4.72 6.90 0.00 0.00 0.00 0.00 0.00 0.00 0.00 0.00 0.00 0.00 0.00 0.00 0.00 0.00 0.00 0.00 0.00 0.00 0.00 0.00 0.00 0.00 0.00 0.00 0.00 0.00 0.00 0.00 0.00 0.00 0.00 0.00 0.00 0.00 0.00
6.57 6.57 6.57 6.57 6.61 6.61 6.25 6.25 6.87 6.57 6.57 5.80 5.72 5.72 5.72 5.72 5.40 5.40 5.40 5.40 5.46 5.46 5.46 5.46 5.50 5.50 5.50 5.50 5.54 5.54 5.54 5.54 4.10 4.54 3.97 7.46 4.27 4.53 5.86 4.64 5.64 5.20 4.85 5.64 5.53 5.53 4.20 4.75 0.00 0.00 0.00 0.00 0.00 0.00 0.00 0.00 0.00 0.00 0.00 0.00 0.00 0.00 0.00 0.00 0.00 0.00 0.00 0.00 0.00 0.00 0.00 0.00 0.00 0.00 0.00 0.00 0.00 0.00 0.00 0.00 0.00 0.00 0.00 0.00
6.57 6.57 6.57 6.25 6.25 6.25 6.25 6.25 6.25 6.25 6.57 5.80 5.72 5.72 5.72 5.72 5.40 5.40 5.40 5.40 5.46 5.46 5.46 5.46 5.50 5.50 5.50 5.50 5.54 5.54 5.54 5.54 4.10 4.10 4.10 4.10 4.08 4.08 4.08 4.08 4.95 4.64 4.20 1.57 4.79 4.20 4.75 1.13 0.00 0.00 0.00 0.00 0.00 0.00 0.00 0.00 0.00 0.00 0.00 0.00 0.00 0.00 0.00 0.00 0.00 0.00 0.00 0.00 0.00 0.00 0.00 0.00 0.00 0.00 0.00 0.00 0.00 0.00 0.00 0.00 0.00 0.00 0.00 0.00
6.56 6.25 6.25 6.25 6.25 6.52 6.25 6.25 6.25 6.25 5.09 5.46 5.30 5.68 5.68 5.68 5.44 5.44 5.44 5.44 5.46 5.46 5.46 5.46 5.48 5.48 5.93 5.93 5.52 5.52 5.52 5.52 4.06 4.37 4.06 4.06 4.03 4.03 4.03 4.03 4.01 4.76 4.01 4.07 1.57 2.46 4.64 4.75 0.00 0.00 0.00 0.00 0.00 0.00 0.00 0.00 0.00 0.00 0.00 0.00 0.00 0.00 0.00 0.00 0.00 0.00 0.00 0.00 0.00 0.00 0.00 0.00 0.00 0.00 0.00 0.00 0.00 0.00 0.00 0.00 0.00 0.00 0.00 0.00
6.25 6.25 6.25 6.25 6.25 6.25 6.25 6.52 6.25 6.25 5.09 5.09 5.55 5.68 5.68 5.68 5.44 5.44 5.44 5.44 5.46 5.46 5.46 5.46 5.48 5.48 5.93 5.48 5.52 5.52 5.52 6.19 4.06 4.06 4.06 4.06 4.03 4.03 4.03 4.03 4.01 4.01 4.32 4.01 4.57 4.95 5.40 4.40 6.81 4.58 3.19 0.00 0.00 0.00 0.00 0.00 0.00 0.00 0.00 0.00 0.00 0.00 0.00 0.00 0.00 0.00 0.00 0.00 0.00 0.00 0.00 0.00 0.00 0.00 0.00 0.00 0.00 0.00 0.00 0.00 0.00 0.00 0.00 0.00
6.25 6.25 6.25 6.25 6.25 6.25 6.25 6.25 6.25 6.25 5.09 5.65 5.68 5.68 5.68 5.68 5.44 5.44 5.44 5.44 5.46 5.46 5.46 5.46 5.48 5.48 5.48 5.48 5.52 5.52 5.97 5.52 4.06 4.06 4.37 4.06 4.03 4.03 4.25 4.03 4.01 4.01 4.01 4.01 4.02 4.02 4.02 4.02 3.93 4.58 4.58 3.29 0.00 0.00 0.00 0.00 0.00 0.00 0.00 0.00 0.00 0.00 0.00 0.00 0.00 0.00 0.00 0.00 0.00 0.00 0.00 0.00 0.00 0.00 0.00 0.00 0.00 0.00 0.00 0.00 0.00 0.00 0.00 0.00
6.25 6.25 6.25 6.25 6.25 6.25 6.25 6.52 6.25 6.25 5.09 5.65 5.68 5.68 5.68 5.68 5.44 5.44 5.44 5.44 5.46 5.46 5.46 5.46 5.48 5.48 5.48 5.48 5.52 5.52 5.52 5.52 4.06 4.06 4.06 4.06 4.03 4.03 4.33 4.03 4.01 4.01 4.01 4.01 4.02 4.02 4.32 4.02 4.09 3.08 4.58 4.58 6.91 3.29 0.00 0.00 0.00 0.00 0.00 0.00 0.00 0.00 0.00 0.00 0.00 0.00 0.00 0.00 0.00 0.00 0.00 0.00 0.00 0.00 0.00 0.00 0.00 0.00 0.00 0.00 0.00 0.00 0.00 0.00
6.25 6.25 6.25 6.52 6.25 6.25 6.25 6.25 6.25 5.09 5.66 5.42 5.74 5.74 5.74 5.74 5.47 5.47 5.47 5.47 5.47 6.28 5.92 5.92 5.94 6.29 5.48 5.48 5.48 5.48 5.93 5.93 4.31 4.01 4.01 4.01 4.29 3.99 3.99 3.99 3.97 4.27 3.97 3.97 3.97 3.97 3.97 3.97 3.62 3.68 3.73 4.07 5.47 4.58 6.70 6.70 0.00 0.00 0.00 0.00 0.00 0.00 0.00 0.00 0.00 0.00 0.00 0.00 0.00 0.00 0.00 0.00 0.00 0.00 0.00 0.00 0.00 0.00 0.00 0.00 0.00 0.00 0.00 0.00
6.25 6.25 6.25 6.52 6.25 6.25 6.25 6.25 7.01 6.73 6.73 6.73 5.85 5.74 5.74 5.74 5.47 5.47 5.47 5.47 5.47 5.47 5.47 5.47 5.48 6.29 6.29 5.48 5.48 5.48 5.48 5.48 4.01 4.01 4.01 4.01 3.99 3.99 3.99 3.99 3.97 3.97 3.97 3.97 3.97 3.97 3.97 3.97 3.62 3.62 3.62 3.93 4.37 3.75 3.58 3.58 3.52 6.70 0.00 0.00 0.00 0.00 0.00 0.00 0.00 0.00 0.00 0.00 0.00 0.00 0.00 0.00 0.00 0.00 0.00 0.00 0.00 0.00 0.00 0.00 0.00 0.00 0.00 0.00
6.25 6.25 6.25 6.25 6.25 6.25 6.25 6.98 7.01 6.73 6.73 6.73 5.74 5.85 5.74 5.74 5.47 5.47 5.47 5.47 5.47 5.47 5.47 5.47 5.93 5.48 6.29 6.29 6.29 5.48 5.48 5.48 4.01 4.01 4.01 4.01 3.99 3.99 3.99 3.99 3.97 3.97 3.97 3.97 3.97 3.97 3.97 3.97 3.62 3.62 3.62 3.62 3.44 3.48 3.58 3.58 3.52 3.52 3.52 7.15 0.00 0.00 0.00 0.00 0.00 0.00 0.00 0.00 0.00 0.00 0.00 0.00 0.00 0.00 0.00 0.00 0.00 0.00 0.00 0.00 0.00 0.00 0.00 0.00
6.25 6.25 6.25 6.25 6.25 6.25 6.25 6.98 6.73 6.73 6.73 6.73 6.84 5.74 5.74 5.74 5.47 5.47 5.47 5.47 5.47 5.47 5.47 5.47 5.93 5.93 5.93 6.58 6.58 6.29 5.48 5.48 4.01 4.01 4.01 4.01 3.99 3.99 3.99 3.99 3.97 3.97 3.97 3.97 3.97 3.97 3.97 3.97 3.62 3.62 3.62 3.78 3.58 3.58 3.58 3.58 3.52 3.52 3.52 3.52 6.70 0.00 0.00 0.00 0.00 0.00 0.00 0.00 0.00 0.00 0.00 0.00 0.00 0.00 0.00 0.00 0.00 0.00 0.00 0.00 0.00 0.00 0.00 0.00
6.25 6.25 6.25 6.25 6.25 6.25 6.25 7.03 5.74 5.74 5.74 5.74 5.78 5.78 5.09 5.78 5.46 5.46 5.46 5.46 5.46 5.46 5.46 5.46 5.48 5.48 6.28 7.54 5.85 5.48 5.48 5.48 4.01 4.01 4.01 4.01 4.00 4.00 4.00 4.00 3.98 3.98 3.98 3.98 3.96 3.96 3.96 3.96 3.57 3.57 3.57 3.57 3.54 3.54 3.54 3.54 3.54 3.54 3.54 3.08 6.81 0.00 0.00 0.00 0.00 0.00 0.00 0.00 0.00 0.00 0.00 0.00 0.00 0.00 0.00 0.00 0.00 0.00 0.00 0.00 0.00 0.00 0.00 0.00
6.25 6.25 6.25 6.25 6.25 6.25 6.25 6.25 5.74 5.74 5.74 5.74 5.78 5.78 5.78 5.78 5.46 5.46 5.46 5.46 5.46 5.46 5.46 5.46 5.48 5.93 5.93 5.48 5.93 5.48 5.93 5.93 4.01 4.01 4.01 4.01 4.00 4.00 4.00 4.00 3.98 3.98 3.98 3.98 3.96 3.96 3.96 3.96 3.57 3.57 3.57 3.57 3.54 3.48 3.54 3.54 3.54 3.54 3.08 4.58 0.00 0.00 0.00 0.00 0.00 0.00 0.00 0.00 0.00 0.00 0.00 0.00 0.00 0.00 0.00 0.00 0.00 0.00 0.00 0.00 0.00 0.00 0.00 0.00
