New_Model_Runs/14_Future_RCP8.5_Scn1_out/post_prcessed_with_MFR/Monthly_summaries/net_infiltration_monthly_JAN.asc
NCOLS 700
NROWS 400
XLLCENTER 515000.000000
YLLCENTER 8409000.000000
CELLSIZE 50.000000
NODATA_value -999.000000
[rows 76 to 113 of 400, columns 420 to 503 of 700]
0.00 0.00 0.00 0.00 0.00 0.00 0.00 0.00 0.00 0.00 0.00 0.00 0.00 0.00 0.00 0.00 0.00 0.00 0.00 0.00 0.00 0.00 0.00 0.00 0.00 0.00 0.00 0.00 0.00 0.00 0.00 0.00 0.00 0.00 0.00 0.00 0.00 0.00 0.00 0.00 0.00 0.00 0.00 0.00 0.00 0.00 0.00 0.00 0.00 0.00 0.00 0.00 0.00 0.00 0.00 0.00 0.00 0.00 0.00 0.00 0.00 0.00 0.00 0.00 0.00 0.00 0.00 0.00 0.00 0.00 0.00 0.00 0.00 0.00 0.00 0.00 0.00 0.00 0.00 0.00 0.00 0.00 0.00 0.00
0.00 0.00 0.00 0.00 0.00 0.00 0.00 0.00 0.00 0.00 0.00 0.00 0.00 0.00 0.00 0.00 0.00 0.00 0.00 0.00 0.00 0.00 0.00 0.00 0.00 0.00 0.00 0.00 0.00 0.00 0.00 0.00 0.00 0.00 0.00 0.00 0.00 0.00 0.00 0.00 0.00 0.00 0.00 0.00 0.00 0.00 0.00 0.00 0.00 0.00 0.00 0.00 0.00 0.00 0.00 0.00 0.00 0.00 0.00 0.00 0.00 0.00 0.00 0.00 0.00 0.00 0.00 0.00 0.00 0.00 0.00 0.00 0.00 0.00 0.00 0.00 0.00 0.00 0.00 0.00 0.00 0.00 0.00 0.00
0.00 0.00 0.00 0.00 0.00 0.00 0.00 0.00 0.00 0.00 0.00 4.75 0.00 0.00 0.00 0.00 0.00 0.00 0.00 0.00 0.00 0.00 0.00 0.00 0.00 0.00 0.00 0.00 0.00 0.00 0.00 0.00 0.00 0.00 0.00 0.00 0.00 0.00 0.00 0.00 0.00 0.00 0.00 0.00 0.00 0.00 0.00 0.00 0.00 0.00 0.00 0.00 0.00 0.00 0.00 0.00 0.00 0.00 0.00 0.00 0.00 0.00 0.00 0.00 0.00 0.00 0.00 0.00 0.00 0.00 0.00 0.00 0.00 0.00 0.00 0.00 0.00 0.00 0.00 0.00 0.00 0.00 0.00 0.00
0.00 0.00 0.00 0.00 0.00 0.00 0.00 0.00 0.00 0.00 0.00 6.65 0.00 0.00 0.00 0.00 0.00 0.00 0.00 0.00 0.00 0.00 0.00 0.00 0.00 0.00 0.00 0.00 0.00 0.00 0.00 0.00 0.00 0.00 0.00 0.00 0.00 0.00 0.00 0.00 0.00 0.00 0.00 0.00 0.00 0.00 0.00 0.00 0.00 0.00 0.00 0.00 0.00 0.00 0.00 0.00 0.00 0.00 0.00 0.00 0.00 0.00 0.00 0.00 0.00 0.00 0.00 0.00 0.00 0.00 0.00 0.00 0.00 0.00 0.00 0.00 0.00 0.00 0.00 0.00 0.00 0.00 0.00 0.00
0.00 0.00 0.00 0.00 0.00 0.00 0.00 0.00 0.00 0.00 4.75 6.52 0.00 0.00 0.00 0.00 0.00 0.00 0.00 0.00 0.00 0.00 0.00 0.00 0.00 0.00 0.00 0.00 0.00 0.00 0.00 0.00 0.00 0.00 0.00 0.00 0.00 0.00 0.00 0.00 0.00 0.00 0.00 0.00 0.00 0.00 0.00 0.00 0.00 0.00 0.00 0.00 0.00 0.00 0.00 0.00 0.00 0.00 0.00 0.00 0.00 0.00 0.00 0.00 0.00 0.00 0.00 0.00 0.00 0.00 0.00 0.00 0.00 0.00 0.00 0.00 0.00 0.00 0.00 0.00 0.00 0.00 0.00 0.00
0.00 0.00 0.00 0.00 0.00 0.00 0.00 0.00 0.00 4.75 6.52 6.52 4.55 0.00 0.00 0.00 0.00 0.00 0.00 0.00 0.00 0.00 0.00 0.00 0.00 0.00 0.00 0.00 0.00 0.00 0.00 0.00 0.00 0.00 0.00 0.00 0.00 0.00 0.00 0.00 0.00 0.00 0.00 0.00 0.00 0.00 0.00 0.00 0.00 0.00 0.00 0.00 0.00 0.00 0.00 0.00 0.00 0.00 0.00 0.00 0.00 0.00 0.00 0.00 0.00 0.00 0.00 0.00 0.00 0.00 0.00 0.00 0.00 0.00 0.00 0.00 0.00 0.00 0.00 0.00 0.00 0.00 0.00 0.00
6.92 6.92 0.00 0.00 0.00 0.00 0.00 6.87 6.76 7.42 6.76 6.76 6.70 0.00 0.00 0.00 0.00 0.00 0.00 0.00 0.00 0.00 0.00 0.00 0.00 0.00 0.00 0.00 0.00 0.00 0.00 0.00 0.00 0.00 0.00 0.00 0.00 0.00 0.00 0.00 0.00 0.00 0.00 0.00 0.00 0.00 0.00 0.00 0.00 0.00 0.00 0.00 0.00 0.00 0.00 0.00 3.23 0.00 0.00 0.00 0.00 0.00 0.00 0.00 0.00 0.00 0.00 0.00 0.00 0.00 0.00 0.00 0.00 0.00 0.00 0.00 0.00 0.00 0.00 0.00 0.00 0.00 0.00 0.00
6.92 6.92 6.92 0.00 0.00 0.00 7.37 7.37 6.76 7.42 6.76 6.76 3.59 0.00 0.00 0.00 0.00 0.00 0.00 0.00 0.00 0.00 0.00 0.00 0.00 0.00 0.00 0.00 0.00 0.00 0.00 0.00 0.00 0.00 0.00 0.00 0.00 0.00 0.00 0.00 0.00 0.00 0.00 0.00 0.00 0.00 0.00 0.00 0.00 0.00 0.00 0.00 0.00 0.00 0.00 0.00 6.96 0.00 0.00 0.00 0.00 0.00 0.00 0.00 0.00 0.00 0.00 0.00 0.00 5.76 2.92 0.00 0.00 0.00 0.00 0.00 0.00 0.00 0.00 0.00 0.00 0.00 0.00 0.00
7.40 6.87 6.87 6.87 6.77 6.77 6.77 6.77 6.73 6.73 6.73 6.73 3.59 0.00 0.00 0.00 0.00 0.00 0.00 0.00 0.00 0.00 0.00 0.00 0.00 0.00 0.00 0.00 0.00 0.00 0.00 0.00 0.00 0.00 0.00 0.00 0.00 0.00 0.00 0.00 0.00 0.00 0.00 0.00 0.00 0.00 0.00 0.00 0.00 0.00 0.00 0.00 0.00 0.00 0.00 0.00 7.00 7.00 0.00 0.00 0.00 0.00 0.00 0.00 0.00 0.00 0.00 0.00 6.93 6.93 5.66 0.00 0.00 0.00 0.00 0.00 0.00 0.00 0.00 0.00 0.00 0.00 0.00 0.00
6.87 6.87 6.87 6.87 6.77 6.77 6.77 6.77 6.73 6.73 6.73 6.73 3.59 0.00 0.00 0.00 0.00 0.00 0.00 0.00 0.00 0.00 0.00 0.00 0.00 0.00 0.00 3.59 4.80 4.80 0.00 0.00 0.00 0.00 0.00 0.00 0.00 0.00 0.00 0.00 0.00 0.00 0.00 0.00 0.00 0.00 0.00 0.00 0.00 0.00 0.00 0.00 0.00 0.00 0.00 0.00 7.00 7.00 0.00 0.00 0.00 0.00 0.00 0.00 0.00 0.00 0.00 3.45 7.40 6.93 5.66 2.92 0.00 0.00 0.00 0.00 0.00 0.00 0.00 0.00 0.00 0.00 0.00 0.00
6.87 7.40 6.87 6.87 7.43 6.77 6.77 6.77 6.73 6.73 6.73 6.73 6.86 0.00 0.00 0.00 0.00 0.00 0.00 0.00 0.00 0.00 0.00 0.00 0.00 0.00 0.00 6.82 6.87 6.87 0.00 0.00 0.00 0.00 0.00 0.00 0.00 0.00 0.00 0.00 0.00 0.00 0.00 0.00 0.00 3.83 3.23 0.00 0.00 0.00 0.00 0.00 0.00 0.00 0.00 0.00 7.00 7.00 5.57 0.00 0.00 0.00 0.00 0.00 0.00 0.00 0.00 7.00 6.93 6.93 5.66 5.66 2.92 0.00 0.00 0.00 0.00 0.00 0.00 0.00 0.00 5.80 5.80 0.00
6.87 6.87 7.40 6.87 6.77 6.77 6.77 6.77 6.73 6.73 6.73 6.73 6.86 0.00 0.00 0.00 0.00 0.00 0.00 0.00 0.00 0.00 0.00 0.00 0.00 0.00 7.89 6.82 6.87 6.87 0.00 0.00 0.00 0.00 0.00 0.00 0.00 0.00 0.00 0.00 0.00 0.00 0.00 0.00 0.00 3.23 3.23 3.23 0.00 0.00 0.00 0.00 0.00 0.00 0.00 0.00 5.57 7.00 7.00 7.00 7.00 0.00 0.00 7.00 7.00 7.00 0.00 7.00 6.93 6.93 5.66 5.66 5.67 0.00 0.00 0.00 0.00 0.00 0.00 0.00 5.80 5.80 5.80 5.80
6.82 7.50 7.50 6.82 6.75 6.75 6.75 6.75 6.88 6.88 6.88 6.88 7.01 0.00 0.00 0.00 0.00 0.00 0.00 0.00 0.00 0.00 0.00 0.00 0.00 3.59 6.82 6.82 6.85 0.00 0.00 0.00 0.00 0.00 0.00 0.00 0.00 0.00 0.00 0.00 0.00 0.00 0.00 0.00 0.00 7.11 7.11 7.11 3.23 3.23 0.00 0.00 0.00 0.00 0.00 0.00 7.38 7.03 7.03 7.03 6.98 6.98 6.98 6.98 6.93 6.93 6.94 7.28 6.93 7.57 5.66 5.66 5.75 0.00 0.00 0.00 0.00 0.00 0.00 5.85 6.26 5.79 5.79 5.79
6.82 6.82 6.82 6.82 6.75 7.41 6.75 6.75 6.88 6.88 6.88 6.88 7.01 0.00 0.00 0.00 0.00 0.00 0.00 0.00 0.00 0.00 3.59 0.00 0.00 7.48 6.82 6.82 6.85 0.00 0.00 0.00 0.00 0.00 0.00 0.00 0.00 0.00 0.00 0.00 0.00 0.00 0.00 0.00 0.00 7.11 7.11 7.11 7.15 7.15 0.00 0.00 0.00 0.00 0.00 0.00 0.00 7.03 7.03 7.03 6.98 6.98 6.99 6.98 6.94 6.93 6.93 6.93 6.93 6.93 5.66 5.66 5.75 6.23 0.00 0.00 0.00 0.00 5.85 5.85 5.79 5.79 5.79 5.79
6.82 6.82 6.82 6.82 6.75 6.75 6.75 6.75 6.88 6.88 6.88 6.88 8.03 0.00 0.00 0.00 0.00 0.00 0.00 0.00 3.85 6.92 6.92 6.92 6.82 6.82 6.82 6.82 0.00 0.00 0.00 0.00 0.00 0.00 0.00 0.00 0.00 0.00 0.00 0.00 0.00 0.00 0.00 0.00 3.23 7.11 7.11 7.11 7.15 7.15 0.00 0.00 0.00 0.00 0.00 0.00 0.00 7.03 7.03 7.03 6.98 6.98 6.98 6.98 6.93 6.93 6.93 6.93 6.93 6.93 5.66 5.66 5.75 6.23 5.75 5.75 0.00 5.85 5.85 5.85 5.79 5.79 5.79 5.79
6.82 6.82 6.82 6.82 6.75 6.75 6.75 6.75 6.88 6.88 6.88 6.88 8.02 8.02 0.00 0.00 0.00 0.00 0.00 6.98 6.92 6.92 6.92 6.92 6.67 6.67 6.82 6.82 0.00 0.00 0.00 0.00 0.00 0.00 0.00 0.00 0.00 0.00 0.00 0.00 0.00 0.00 0.00 0.00 0.00 7.11 7.11 7.11 7.15 0.00 0.00 0.00 0.00 0.00 0.00 0.00 3.23 7.03 7.03 7.03 6.98 6.98 6.98 6.98 6.93 6.93 6.93 6.93 6.93 6.93 5.66 6.13 5.75 5.75 5.75 5.75 5.85 5.85 5.85 5.85 5.79 5.79 5.79 5.79
6.80 6.80 6.80 6.80 6.79 6.79 6.79 6.79 6.99 6.99 6.99 8.04 8.08 8.34 0.00 0.00 0.00 0.00 0.00 7.53 6.88 6.88 7.54 7.32 7.30 7.52 6.86 0.00 0.00 0.00 0.00 0.00 0.00 0.00 0.00 0.00 0.00 0.00 0.00 0.00 0.00 0.00 0.00 0.00 0.00 7.16 7.16 7.16 0.00 0.00 0.00 0.00 0.00 0.00 0.00 0.00 7.84 7.01 7.01 7.01 6.88 6.88 6.88 6.88 6.86 6.85 6.85 6.85 7.00 7.00 5.73 5.73 6.30 6.32 5.83 5.83 5.96 5.96 5.96 5.96 5.95 5.95 5.95 5.95
6.80 6.80 6.80 7.47 6.79 6.79 6.79 6.79 6.99 6.99 8.04 8.31 7.01 8.08 8.49 0.00 0.00 0.00 0.00 7.18 6.88 6.88 6.88 6.88 6.86 6.86 6.86 0.00 0.00 0.00 0.00 0.00 0.00 0.00 0.00 0.00 0.00 0.00 0.00 0.00 0.00 0.00 0.00 0.00 0.00 0.00 7.16 7.16 0.00 0.00 0.00 0.00 0.00 0.00 0.00 7.98 7.84 7.01 7.01 7.01 6.88 6.88 6.88 6.88 6.85 6.85 7.19 6.85 7.00 7.00 5.73 5.73 5.83 5.83 5.83 5.83 5.96 5.96 5.96 5.96 5.95 5.95 5.95 5.95
6.80 6.80 6.80 6.80 6.79 6.79 6.79 6.79 8.27 6.99 8.04 9.04 7.05 6.67 7.05 8.08 5.49 7.01 7.01 8.05 6.88 6.88 6.88 6.88 6.86 6.86 6.86 0.00 0.00 0.00 0.00 0.00 0.00 0.00 0.00 0.00 0.00 0.00 0.00 0.00 0.00 0.00 0.00 0.00 0.00 0.00 0.00 7.16 6.67 6.67 0.00 0.00 0.00 0.00 7.81 7.81 7.84 7.01 7.36 7.45 6.88 6.88 6.88 6.88 6.85 6.86 6.86 6.85 7.00 7.00 5.73 5.73 5.83 5.83 5.83 6.28 6.30 6.30 10.71 6.21 5.95 0.00 0.00 0.00
6.80 7.47 6.80 6.80 6.79 6.79 6.79 7.46 6.99 6.99 6.99 6.99 7.05 6.67 7.05 7.05 6.69 6.69 6.98 8.05 6.88 6.88 6.88 6.88 6.86 6.86 6.86 0.00 0.00 0.00 0.00 0.00 0.00 0.00 0.00 0.00 0.00 0.00 0.00 0.00 0.00 0.00 0.00 0.00 0.00 0.00 7.16 6.36 6.67 7.79 7.79 6.65 6.66 7.81 7.81 7.81 7.84 7.01 7.01 6.99 6.88 6.88 6.88 6.88 6.85 6.85 6.85 6.85 7.00 7.00 5.73 5.73 5.83 6.74 5.85 7.66 8.93 11.27 0.00 0.00 0.00 0.00 0.00 0.00
6.85 6.85 7.37 6.85 6.77 6.77 6.77 6.77 6.95 6.95 6.95 6.95 7.07 7.07 7.07 7.07 5.93 6.69 7.01 8.05 6.85 6.85 6.85 6.85 6.92 5.61 5.61 0.00 0.00 0.00 0.00 0.00 0.00 0.00 0.00 0.00 0.00 0.00 0.00 0.00 0.00 0.00 0.00 0.00 0.00 0.00 7.18 5.57 6.65 7.77 6.63 6.63 7.92 7.96 7.96 7.96 6.86 6.86 6.86 6.86 6.89 6.89 6.89 6.89 7.05 7.05 7.05 7.05 6.69 6.69 5.93 5.93 6.93 6.46 7.22 8.83 5.84 0.00 0.00 0.00 0.00 0.00 0.00 0.00
7.37 6.85 6.85 6.85 6.77 6.77 6.77 6.77 6.95 6.95 6.95 6.95 7.07 7.07 7.07 5.93 7.45 7.64 7.45 8.05 6.85 6.85 6.85 6.85 6.61 5.61 6.57 0.00 0.00 0.00 0.00 0.00 0.00 0.00 0.00 0.00 0.00 0.00 0.00 0.00 0.00 0.00 0.00 0.00 0.00 7.35 6.64 5.57 6.65 7.77 6.63 6.63 7.96 7.96 7.96 7.12 6.86 6.86 6.86 6.86 6.89 6.89 6.89 6.89 7.05 7.05 7.05 7.05 6.69 6.69 5.93 6.02 6.46 7.29 8.18 10.48 0.00 0.00 0.00 0.00 0.00 0.00 0.00 0.00
7.53 7.53 8.36 7.53 7.60 7.60 7.60 7.60 7.64 7.64 7.64 7.64 7.85 7.85 8.34 8.34 8.34 9.08 9.63 9.15 7.63 7.63 6.17 6.17 6.21 7.52 6.21 0.00 0.00 0.00 0.00 0.00 0.00 0.00 0.00 0.00 0.00 0.00 0.00 0.00 0.00 0.00 0.00 0.00 7.96 7.15 7.15 7.15 7.16 8.45 7.14 7.14 8.37 8.37 7.10 7.10 6.86 6.86 6.86 6.86 6.91 6.91 6.91 6.91 7.06 7.06 7.06 7.06 7.23 7.23 6.52 7.56 7.56 8.52 11.26 0.44 0.00 0.00 0.00 0.00 0.00 0.00 0.00 0.00
7.53 7.53 7.53 8.28 7.60 7.60 7.60 7.60 7.64 7.64 7.64 7.64 7.85 9.21 8.34 8.34 6.55 8.03 9.15 9.15 6.17 6.17 6.17 6.17 6.21 6.21 6.21 0.00 0.00 0.00 0.00 0.00 0.00 0.00 0.00 0.00 0.00 0.00 0.00 0.00 0.00 0.00 0.00 0.00 7.15 7.15 5.97 7.15 8.45 8.45 7.14 8.45 8.37 8.37 8.15 7.10 6.86 6.86 6.86 6.86 6.91 6.91 6.91 6.91 7.06 7.06 7.06 7.06 7.23 8.49 11.19 9.41 8.92 10.38 0.44 0.00 0.00 0.00 0.00 0.00 0.00 0.00 0.00 0.00
7.55 7.55 8.37 7.55 7.59 7.59 7.59 7.59 7.63 7.63 7.63 7.63 7.85 9.20 9.20 8.34 8.34 9.02 12.30 6.22 6.15 6.15 6.15 6.15 6.28 6.28 0.00 0.00 0.00 0.00 0.00 0.00 0.00 0.00 0.00 0.00 0.00 0.00 0.00 0.00 0.00 0.00 0.00 0.00 7.75 7.13 5.97 7.13 8.36 8.36 8.36 8.36 8.08 6.89 6.89 7.64 6.86 6.86 6.86 6.86 7.15 7.15 7.15 7.15 7.27 7.27 7.27 7.27 7.31 11.04 9.86 5.29 0.99 5.06 0.00 0.00 0.00 0.00 0.00 0.00 0.00 0.00 0.00 0.00
8.84 7.55 8.37 7.55 7.59 7.59 7.59 7.59 7.63 7.63 7.63 7.63 9.20 9.20 9.20 9.20 9.02 8.30 10.21 6.22 6.15 6.15 6.15 6.15 6.28 6.28 0.00 0.00 0.00 0.00 0.00 0.00 0.00 0.00 0.00 7.66 7.90 0.00 0.00 0.00 7.85 7.85 8.46 7.85 7.13 5.97 5.97 5.97 8.36 8.36 8.36 8.36 6.89 8.57 7.64 6.89 6.86 6.86 6.86 6.86 7.15 7.15 8.39 8.39 8.55 7.27 7.27 7.08 9.56 3.63 0.99 1.43 0.99 3.33 11.03 0.00 0.00 0.00 0.00 0.00 0.00 0.00 0.00 0.00
7.55 8.37 7.55 7.55 7.59 7.59 7.59 8.18 7.63 7.63 7.63 8.95 9.20 9.20 9.60 8.43 8.30 8.30 9.11 6.22 6.15 6.15 6.15 6.15 6.28 6.28 0.00 0.00 0.00 0.00 0.00 0.00 0.00 0.00 0.00 7.66 7.90 7.90 7.90 7.90 7.85 7.85 7.60 7.85 7.01 5.97 5.97 7.13 8.36 8.36 9.39 7.09 6.89 7.64 6.89 6.89 6.86 6.86 6.86 6.86 7.15 7.15 8.39 8.39 7.65 7.65 9.56 9.56 2.86 0.86 0.99 0.99 0.99 7.40 5.44 7.29 0.00 0.00 0.00 0.00 0.00 0.00 0.00 0.00
7.55 7.55 7.55 7.55 8.18 7.59 7.59 7.59 7.63 7.63 7.63 8.95 9.20 8.43 8.43 8.43 8.30 8.30 8.30 6.22 6.15 6.15 6.15 6.15 6.28 6.28 0.00 0.00 0.00 0.00 0.00 0.00 0.00 0.00 0.00 7.66 7.90 7.90 7.90 7.90 8.45 7.85 7.85 7.85 7.13 7.13 8.41 8.41 8.36 8.72 8.36 8.36 6.89 6.89 6.89 6.89 6.86 6.86 6.86 6.86 7.15 7.15 8.39 7.65 7.85 10.00 7.65 2.04 0.86 0.86 0.99 1.78 1.78 5.67 9.41 4.99 11.12 0.00 0.00 0.00 0.00 0.00 0.00 0.00
7.65 8.61 7.65 7.65 7.64 7.64 7.64 7.64 7.60 7.60 7.60 8.43 8.25 8.25 8.25 8.25 8.14 8.14 8.14 6.12 6.22 6.22 6.22 6.22 6.35 6.35 0.00 0.00 0.00 0.00 0.00 0.00 0.00 0.00 9.35 9.46 7.80 7.81 7.89 7.89 7.79 7.79 8.02 7.79 8.34 8.34 8.34 8.70 8.20 8.20 8.20 8.20 6.88 6.88 6.88 6.88 7.11 7.11 7.11 7.11 7.37 7.65 7.65 11.04 11.72 8.10 2.04 2.04 0.86 0.28 0.99 0.99 0.99 4.34 2.81 6.44 12.01 7.12 0.00 0.00 0.00 0.00 0.00 0.00
7.65 7.65 8.25 7.65 7.64 7.64 7.64 7.64 7.60 7.60 7.71 6.15 10.16 8.25 8.25 8.25 8.14 8.14 6.12 6.12 6.22 6.22 6.22 6.22 6.35 6.35 5.57 0.00 0.00 0.00 0.00 0.00 0.00 0.00 3.92 8.23 9.33 9.33 7.89 7.89 7.79 8.39 8.39 9.20 8.34 8.34 8.80 8.34 8.20 8.55 8.20 8.20 6.88 6.88 6.88 6.88 8.39 8.39 8.39 8.39 7.41 7.65 6.38 10.00 7.13 7.32 7.13 2.04 2.04 0.86 0.99 1.43 1.43 3.45 7.52 10.97 7.16 7.49 6.67 10.30 5.39 0.00 0.00 0.00
8.25 7.65 7.65 7.65 7.64 7.64 7.64 7.64 9.09 7.54 6.15 6.15 6.19 6.19 6.19 8.25 8.14 6.12 6.12 6.12 6.22 6.22 6.22 6.22 6.35 6.35 9.64 6.33 0.00 0.00 0.00 0.00 0.00 4.51 2.39 6.47 6.95 9.99 7.89 7.89 7.79 7.79 7.79 9.61 8.34 8.70 8.34 8.34 8.20 8.20 8.20 8.20 6.88 6.88 8.08 8.08 8.39 7.26 7.26 6.96 7.41 7.65 11.72 7.15 7.32 7.57 7.57 7.13 7.13 0.86 0.99 8.48 9.41 10.53 6.90 7.46 6.17 6.17 6.17 6.17 6.23 6.23 8.80 0.00
7.65 7.65 7.65 7.65 7.64 7.64 7.64 6.08 7.07 6.15 6.15 7.07 7.10 6.19 6.19 6.19 6.12 6.12 6.12 6.12 6.22 6.22 6.22 7.52 6.35 7.52 11.01 8.27 7.89 9.80 7.80 6.90 6.90 2.83 6.92 8.43 9.31 7.89 7.89 7.89 7.79 7.79 7.79 9.20 8.34 8.69 8.34 8.34 8.20 8.20 9.44 9.42 6.88 6.88 6.88 8.08 8.39 7.66 8.39 7.26 11.04 11.04 7.65 7.15 7.59 11.51 9.59 10.75 11.28 11.28 10.53 6.90 6.90 7.25 6.41 6.41 6.17 6.17 6.17 6.17 6.76 6.21 6.71 6.50
9.72 9.72 7.61 7.61 7.64 6.07 7.00 6.07 6.09 6.09 6.09 6.09 6.10 7.02 6.10 6.10 6.17 6.17 6.17 6.17 6.34 6.34 6.34 6.34 7.52 12.48 6.49 7.38 3.93 3.49 8.23 7.34 2.83 8.67 6.74 8.43 7.81 7.66 7.66 7.66 7.77 7.77 7.77 9.18 8.23 11.26 6.99 8.23 8.14 6.93 7.70 6.93 7.04 7.04 7.04 7.04 7.28 7.28 6.76 8.61 11.28 7.15 7.15 7.15 12.08 7.40 7.40 8.71 7.65 7.65 6.90 6.90 6.90 7.51 6.48 6.48 6.10 6.63 6.10 6.10 6.25 6.25 6.11 6.56
6.93 6.93 6.93 6.93 6.95 6.07 7.00 6.07 6.09 6.09 6.09 6.09 7.02 7.02 6.10 6.10 6.17 6.17 6.17 6.17 6.34 6.34 6.34 6.34 7.52 12.92 6.94 8.40 8.71 3.93 3.71 11.87 6.92 6.47 6.47 8.43 7.81 8.79 7.66 7.66 7.77 7.77 7.77 7.77 7.91 6.99 6.99 6.99 6.93 6.93 6.93 6.93 7.04 7.04 7.04 7.04 7.28 7.28 6.76 7.26 9.17 7.15 7.06 7.67 10.68 7.17 7.40 7.40 7.30 8.58 6.90 7.59 7.70 7.51 6.48 6.48 6.63 6.10 6.10 6.10 6.25 6.25 5.84 6.27
6.93 6.93 6.93 6.93 6.95 6.95 6.07 6.07 6.09 6.09 7.02 6.09 6.10 7.02 6.10 6.10 6.17 6.17 6.17 6.17 6.34 6.34 6.34 6.34 8.85 6.33 6.49 8.40 9.26 3.49 7.36 11.81 8.23 8.69 7.74 8.40 10.20 8.43 7.66 7.66 7.77 7.77 7.77 7.77 6.99 8.09 6.99 6.99 6.93 6.93 6.93 6.93 7.04 7.04 7.04 7.04 7.28 7.28 6.96 11.03 6.43 5.99 7.15 10.78 7.65 9.91 4.84 7.40 7.30 7.30 9.10 7.59 7.51 6.48 6.48 6.48 6.10 6.10 6.10 6.10 6.25 6.25 7.27 6.62
6.93 6.93 6.93 6.93 6.95 6.95 6.07 6.07 6.09 6.09 6.09 6.09 6.10 6.10 6.10 6.10 6.17 6.17 6.17 6.17 6.34 6.34 6.34 6.78 8.40 8.85 9.68 8.75 8.71 6.17 10.55 8.62 8.67 8.43 8.43 8.43 8.98 8.23 9.28 7.66 8.37 7.77 7.77 7.77 6.99 7.77 6.99 6.99 6.93 6.93 6.93 6.93 7.04 7.04 7.04 7.04 7.28 6.76 6.63 11.03 7.94 7.50 7.15 11.47 7.65 7.65 7.17 7.17 7.30 7.30 6.45 9.13 8.75 6.85 6.85 6.83 6.10 6.10 6.10 6.10 6.25 6.25 7.27 7.27
6.90 6.90 6.90 6.90 6.94 7.87 6.94 6.06 6.06 6.06 6.98 6.06 6.12 6.12 6.12 6.12 6.26 6.26 6.26 6.26 6.38 6.38 6.38 7.97 8.40 8.40 6.86 12.50 6.61 6.17 10.55 8.87 7.71 8.61 7.71 9.35 9.27 9.27 10.68 7.65 7.79 7.79 7.79 7.79 6.98 6.98 6.98 6.98 6.98 6.98 6.98 6.98 7.20 7.20 7.20 7.20 6.76 6.76 10.59 10.23 6.39 7.15 7.65 8.32 7.65 7.65 7.65 4.84 5.43 7.28 6.42 7.02 6.95 6.40 6.40 6.40 6.11 6.11 6.11 6.11 6.25 7.27 7.56 7.27
6.90 6.90 7.82 6.90 6.94 6.94 6.94 6.06 6.89 6.06 7.54 6.06 6.12 6.12 6.12 6.12 6.26 6.26 6.26 6.26 6.38 6.38 7.52 8.40 8.40 8.40 6.49 10.12 8.35 6.61 14.11 8.69 7.71 7.71 7.71 7.71 7.65 7.65 7.65 7.65 7.79 7.79 7.79 7.79 6.98 6.98 6.98 6.98 6.98 6.98 6.98 6.98 7.20 7.20 7.20 8.50 7.35 6.63 10.23 6.61 8.16 7.65 7.65 7.17 7.65 7.65 6.79 4.84 4.84 8.19 6.42 6.42 6.40 6.40 6.90 6.40 6.11 6.11 6.11 6.11 6.25 7.27 7.27 7.27
