New_Model_Runs/14_Future_RCP8.5_Scn1_out/post_prcessed_with_MFR/Monthly_summaries/net_infiltration_monthly_FEB.asc
NCOLS 700
NROWS 400
XLLCENTER 515000.000000
YLLCENTER 8409000.000000
CELLSIZE 50.000000
NODATA_value -999.000000
[rows 152 to 189 of 400, columns 336 to 419 of 700]
0.97 2.09 3.92 3.47 1.35 1.67 1.35 1.35 1.35 3.40 3.33 3.33 3.26 3.26 3.24 3.24 3.18 3.18 3.20 3.18 3.27 3.27 3.27 3.27 3.35 6.63 3.61 3.61 4.41 4.41 5.21 4.01 3.60 3.60 4.00 1.48 1.08 5.82 2.53 3.33 3.70 6.08 6.11 5.38 5.38 5.31 0.93 0.53 3.76 0.00 0.00 0.00 0.00 0.00 0.00 0.00 0.00 0.00 0.00 0.00 0.00 0.00 0.00 0.00 0.00 0.00 0.00 0.00 0.00 0.00 0.00 0.00 0.00 0.00 0.00 0.00 0.00 0.00 0.00 0.00 0.00 0.00 0.00 0.00
1.37 1.40 1.02 1.29 2.15 1.35 1.35 1.41 1.41 3.40 3.40 3.33 3.24 3.24 3.24 3.24 3.18 3.18 3.18 3.18 3.27 3.27 3.27 3.27 3.35 1.12 4.40 4.40 3.61 4.82 4.41 3.61 4.76 5.18 4.36 4.10 5.65 4.19 3.30 3.33 3.30 6.08 4.76 1.78 5.05 0.53 0.93 0.93 3.76 0.00 0.00 0.00 0.00 0.00 0.00 0.00 0.00 0.00 0.00 0.00 0.00 0.00 0.00 0.00 0.00 0.00 0.00 0.00 0.00 0.00 0.00 0.00 0.00 0.00 0.00 0.00 0.00 0.00 0.00 0.00 0.00 0.00 0.00 0.00
1.69 1.37 0.97 0.89 1.69 2.13 3.44 3.44 3.40 3.40 3.40 3.33 3.24 3.24 3.24 3.26 3.18 3.18 3.18 3.18 3.27 3.27 3.27 3.27 6.65 6.65 6.65 7.08 4.40 4.40 4.40 4.40 4.00 5.16 5.45 6.65 4.18 6.99 2.50 2.40 3.30 5.69 5.69 1.78 4.21 2.18 1.78 1.78 3.76 1.62 0.00 0.00 0.00 0.00 0.00 0.00 0.00 0.00 0.00 0.00 0.00 0.00 0.00 0.00 0.00 0.00 0.00 0.00 0.00 0.00 0.00 0.00 0.00 0.00 0.00 0.00 0.00 0.00 0.00 0.00 0.00 0.00 0.00 0.00
1.29 0.89 1.39 0.89 0.89 1.35 1.41 3.44 3.40 3.40 3.40 3.40 3.26 3.24 3.24 3.24 3.18 3.18 3.18 3.18 3.27 3.27 3.27 3.27 6.63 3.35 3.35 3.75 1.78 5.20 4.41 1.55 5.05 5.05 5.05 6.19 6.49 3.20 2.80 3.33 2.40 5.39 3.81 1.78 4.21 0.93 1.52 1.52 3.76 4.65 0.00 0.00 0.00 0.00 0.00 0.00 0.00 0.00 0.00 0.00 0.00 0.00 0.00 0.00 0.00 0.00 0.00 0.00 0.00 0.00 0.00 0.00 0.00 0.00 0.00 0.00 0.00 0.00 0.00 0.00 0.00 0.00 0.00 0.00
1.29 0.89 0.95 1.67 1.67 1.67 1.35 3.43 3.39 3.39 3.39 3.39 3.41 3.24 3.22 3.22 3.19 3.19 3.19 3.19 3.27 3.27 3.27 6.55 3.30 3.30 3.30 3.30 2.45 2.35 5.91 1.56 1.83 5.05 5.05 1.75 2.40 3.29 3.29 3.29 5.68 2.12 3.81 2.12 5.05 3.81 1.78 0.53 0.49 4.16 0.40 0.00 0.00 0.00 0.00 0.00 0.00 0.00 0.00 0.00 0.00 0.00 0.00 0.00 0.00 0.00 0.00 0.00 0.00 0.00 0.00 0.00 0.00 0.00 0.00 0.00 0.00 0.00 0.00 0.00 0.00 0.00 0.00 0.00
1.35 1.35 3.44 1.35 3.43 3.43 3.43 3.43 3.39 3.44 3.39 3.39 3.29 3.29 3.22 3.22 3.19 3.19 3.19 3.19 3.29 3.27 3.27 6.55 3.30 3.30 3.47 2.15 2.15 3.49 6.15 5.49 5.05 5.42 2.50 2.10 3.29 3.29 3.29 3.29 2.40 2.10 5.05 3.81 3.81 3.81 0.53 1.78 0.49 4.16 1.12 0.00 0.00 0.00 0.00 0.00 0.00 0.00 0.00 0.00 0.00 0.00 0.00 0.00 0.00 0.00 0.00 0.00 0.00 0.00 0.00 0.00 0.00 0.00 0.00 0.00 0.00 0.00 0.00 0.00 0.00 0.00 0.00 0.00
1.35 1.41 1.35 3.44 3.43 3.43 3.43 1.35 1.35 3.39 3.39 3.39 3.34 3.29 3.22 3.22 3.19 3.19 3.19 3.21 3.27 3.27 6.55 3.45 3.47 3.47 3.47 3.47 3.49 3.49 5.73 2.85 2.40 2.40 3.36 2.40 3.29 3.29 3.29 3.29 3.34 1.75 3.81 3.81 5.05 5.05 0.53 0.93 0.89 4.16 5.70 0.00 0.00 0.00 0.00 0.00 0.00 0.00 0.00 0.00 0.00 0.00 0.00 0.00 0.00 0.00 0.00 0.00 0.00 0.00 0.00 0.00 0.00 0.00 0.00 0.00 0.00 0.00 0.00 0.00 0.00 0.00 0.00 0.00
3.44 3.44 1.41 3.44 3.43 3.43 1.35 1.35 3.52 3.39 3.39 3.39 3.29 3.29 3.29 3.22 3.19 3.19 3.19 3.19 3.27 6.75 6.72 3.45 3.47 3.50 3.47 3.47 3.49 3.49 2.15 3.51 3.36 3.36 3.36 3.36 3.29 3.29 3.29 3.29 3.34 1.75 3.81 5.05 5.05 5.05 3.81 3.81 4.56 4.96 4.16 0.00 0.00 0.00 0.00 0.00 0.00 0.00 0.00 0.00 0.00 0.00 0.00 0.00 0.00 0.00 0.00 0.00 0.00 0.00 0.00 0.00 0.00 0.00 0.00 0.00 0.00 0.00 0.00 0.00 0.00 0.00 0.00 0.00
3.42 3.42 1.35 3.42 3.42 3.42 1.35 1.35 3.38 3.38 3.38 3.38 3.27 3.27 3.27 3.27 3.16 3.16 3.35 3.35 3.39 6.67 3.39 3.39 3.41 3.41 3.41 3.41 3.41 3.43 3.41 3.41 3.29 3.29 3.29 3.31 3.30 3.30 3.30 3.30 3.35 5.02 1.75 2.42 5.59 2.32 3.22 5.05 2.65 3.45 4.97 4.57 0.00 0.00 0.00 0.00 0.00 0.00 0.00 0.00 0.00 0.00 0.00 0.00 0.00 0.00 0.00 0.00 0.00 0.00 0.00 0.00 0.00 0.00 0.00 0.00 0.00 0.00 0.00 0.00 0.00 0.00 0.00 0.00
3.42 1.43 1.43 3.42 3.42 3.42 1.35 1.35 1.35 3.38 3.38 1.23 3.27 3.27 3.27 3.27 3.35 3.35 3.35 3.35 6.67 3.39 3.39 3.39 3.41 3.53 3.41 3.41 3.41 3.53 3.41 3.41 3.29 3.29 3.31 3.31 3.30 3.30 3.30 3.30 2.12 2.10 2.13 2.40 2.80 3.60 3.20 2.40 2.23 2.25 7.11 6.90 4.56 4.56 4.18 3.28 0.00 0.00 0.00 0.00 0.00 0.00 0.00 0.00 0.00 0.00 0.00 0.00 0.00 0.00 0.00 0.00 0.00 0.00 0.00 0.00 0.00 0.00 0.00 0.00 0.00 0.00 0.00 0.00
4.32 4.80 4.32 3.92 3.92 3.92 3.92 3.99 2.32 3.88 3.88 3.88 3.77 3.77 3.77 3.77 3.90 3.99 3.90 3.90 3.94 3.94 3.94 3.94 3.96 4.06 3.96 3.96 4.05 3.96 4.13 3.96 3.40 3.40 3.40 3.40 3.41 3.41 3.41 3.44 3.46 3.46 3.46 2.55 3.50 3.45 3.45 3.45 3.05 2.09 2.89 6.36 5.56 4.92 1.66 3.72 3.72 3.72 3.72 3.72 0.00 0.00 0.00 0.00 0.00 0.00 0.00 0.00 0.00 0.00 0.00 0.00 0.00 0.00 0.00 0.00 0.00 0.00 0.00 0.00 0.00 0.00 0.00 0.00
4.32 5.19 5.19 4.32 3.92 3.92 3.92 3.92 3.88 3.88 3.88 3.88 3.83 3.77 3.77 3.77 3.90 3.90 3.90 3.90 3.94 3.94 3.94 3.94 3.96 3.96 3.96 3.96 3.96 3.96 4.05 3.96 3.40 3.40 3.40 3.40 3.41 3.41 3.44 3.41 3.46 3.46 3.46 3.46 3.45 3.45 3.45 3.45 3.05 3.05 3.45 5.32 4.76 1.48 4.92 4.92 4.52 3.05 3.05 4.12 5.16 0.00 0.00 0.00 0.00 0.00 0.00 0.00 0.00 0.00 0.00 0.00 0.00 0.00 0.00 0.00 0.00 0.00 0.00 0.00 0.00 0.00 0.00 0.00
3.89 4.29 4.75 4.29 3.84 3.84 3.84 3.84 3.82 3.76 3.76 3.82 3.72 3.72 3.72 3.71 3.93 3.93 3.93 3.93 3.96 3.96 3.96 3.96 3.95 3.95 3.95 3.95 3.94 3.94 3.94 3.94 3.41 3.41 3.41 3.41 3.43 3.43 3.43 3.43 3.42 3.42 3.42 3.42 3.41 3.43 3.41 3.41 3.04 3.04 2.09 1.48 4.76 1.48 1.65 5.32 3.81 2.99 2.99 3.79 4.51 4.73 3.73 3.28 0.00 0.00 0.00 0.00 0.00 0.00 0.00 0.00 0.00 0.00 0.00 0.00 0.00 0.00 0.00 0.00 0.00 0.00 0.00 0.00
3.89 3.89 3.89 3.89 3.84 3.84 3.84 3.84 3.76 3.76 3.76 3.76 3.72 3.72 3.72 3.71 3.93 3.93 3.93 3.93 3.96 3.96 3.96 3.96 3.95 3.95 3.95 3.95 3.94 3.94 3.94 3.94 3.41 3.41 3.41 3.41 3.43 3.43 3.43 3.43 3.42 3.42 3.42 3.42 3.41 3.43 3.41 3.41 3.04 2.09 2.09 1.48 1.48 3.72 4.12 1.88 2.99 2.99 2.99 2.99 3.38 6.26 2.98 6.26 0.00 0.00 0.00 0.00 0.00 0.00 0.00 0.00 0.00 0.00 0.00 0.00 0.00 0.00 0.00 0.00 0.00 0.00 0.00 0.00
3.95 3.89 3.89 3.95 3.84 3.84 3.84 3.84 3.76 3.76 3.76 3.76 3.72 3.72 3.72 3.71 3.93 3.93 3.93 3.93 3.96 3.96 3.96 3.96 3.95 3.95 3.95 3.95 3.94 3.94 3.94 3.94 3.41 3.41 3.41 3.41 3.43 3.43 3.43 3.43 3.42 3.42 3.42 3.42 3.41 3.41 3.41 3.41 2.09 1.79 1.79 1.45 1.48 2.51 2.51 2.11 2.99 2.99 2.99 2.09 2.98 6.66 3.38 2.98 0.00 0.00 0.00 0.00 0.00 0.00 0.00 0.00 0.00 0.00 0.00 0.00 0.00 0.00 0.00 0.00 0.00 0.00 0.00 0.00
3.89 3.89 3.89 3.89 3.84 3.90 3.84 3.84 3.76 3.76 3.76 3.76 3.72 3.72 3.71 3.71 3.93 3.93 3.93 3.93 3.96 3.96 3.96 3.96 3.95 3.95 3.95 3.95 3.94 3.94 3.94 3.94 3.41 3.41 3.41 3.41 3.43 3.43 3.43 3.43 3.42 3.42 3.42 3.42 3.41 3.41 3.41 3.41 2.09 2.09 2.70 3.18 2.11 2.91 2.91 2.11 2.99 2.99 3.79 2.49 2.59 4.98 3.45 6.26 0.00 0.00 0.00 0.00 0.00 0.00 0.00 0.00 0.00 0.00 0.00 0.00 0.00 0.00 0.00 0.00 0.00 0.00 0.00 0.00
3.84 3.84 3.84 3.84 3.74 3.74 3.80 3.74 3.75 3.75 3.75 3.75 3.84 3.84 3.82 3.82 4.02 4.02 4.02 4.02 4.01 4.01 4.01 4.11 4.01 4.01 4.01 4.01 4.02 4.02 4.02 4.02 3.49 3.49 3.49 3.49 3.48 3.48 3.48 3.48 2.52 2.52 2.52 3.46 3.43 3.43 3.43 2.52 2.09 2.11 3.03 3.03 3.01 3.01 3.01 3.01 2.99 2.99 2.25 3.29 3.39 4.91 0.00 0.00 0.00 0.00 0.00 0.00 0.00 0.00 0.00 0.00 0.00 0.00 0.00 0.00 0.00 0.00 0.00 0.00 0.00 0.00 0.00 0.00
3.84 3.84 3.84 3.84 3.74 3.74 3.74 3.74 3.75 3.75 3.75 3.75 3.84 3.84 3.82 3.82 4.02 4.02 4.02 4.02 4.01 4.01 4.01 4.01 4.01 4.01 4.01 4.01 4.02 4.02 4.02 4.02 3.49 3.49 3.49 3.49 3.48 3.48 3.48 3.48 2.22 2.22 2.52 2.52 3.43 3.43 3.43 3.43 3.03 3.03 3.03 3.03 3.01 3.01 3.01 3.08 3.06 2.09 2.09 2.09 0.00 0.00 0.00 0.00 0.00 0.00 0.00 0.00 0.00 0.00 0.00 0.00 0.00 0.00 0.00 0.00 0.00 0.00 0.00 0.00 0.00 0.00 0.00 0.00
3.84 3.84 3.84 3.84 3.74 3.74 3.74 3.74 3.75 3.75 3.75 3.75 3.84 3.82 3.82 3.82 4.02 4.02 4.02 4.02 4.01 4.01 4.01 4.01 4.01 4.01 4.01 2.16 3.78 4.02 4.02 4.02 3.49 3.49 3.49 3.49 3.48 3.48 3.48 4.28 2.22 3.12 2.52 3.46 2.92 3.43 3.43 3.43 3.03 3.03 3.03 3.03 3.01 2.09 2.09 2.49 2.49 2.99 2.99 4.73 0.00 0.00 0.00 0.00 0.00 0.00 0.00 0.00 0.00 0.00 0.00 0.00 0.00 0.00 0.00 0.00 0.00 0.00 0.00 0.00 0.00 0.00 0.00 0.00
3.84 3.84 3.84 3.84 3.74 3.74 3.74 3.74 3.75 3.75 3.75 3.75 3.84 3.82 3.82 3.82 4.02 4.12 4.12 4.19 4.01 4.01 4.01 4.01 4.01 4.01 4.01 2.16 2.16 4.02 4.02 4.02 3.49 3.49 3.49 3.49 3.48 3.48 3.06 3.06 3.46 1.86 3.46 3.86 2.66 2.52 3.43 3.43 3.03 3.03 3.03 3.03 3.01 2.49 1.85 5.32 4.92 4.12 0.00 0.00 0.00 0.00 0.00 0.00 0.00 0.00 0.00 0.00 0.00 0.00 0.00 0.00 0.00 0.00 0.00 0.00 0.00 0.00 0.00 0.00 0.00 0.00 0.00 0.00
3.77 3.77 3.77 3.77 3.79 3.79 3.79 3.79 3.87 3.87 3.87 3.87 3.86 3.84 3.84 4.04 4.06 3.96 3.96 4.06 4.00 4.00 4.10 4.00 4.04 4.04 4.04 2.16 2.16 4.46 4.59 4.59 3.57 3.54 3.54 3.54 3.53 3.53 3.10 2.92 3.51 3.51 3.51 3.91 3.74 3.44 3.87 3.47 3.06 2.09 2.09 3.06 2.09 4.91 5.72 3.65 3.25 1.25 0.00 0.00 0.00 0.00 0.00 0.00 0.00 0.00 0.00 0.00 0.00 0.00 0.00 0.00 0.00 0.00 0.00 0.00 0.00 0.00 0.00 0.00 0.00 0.00 0.00 0.00
3.77 3.77 3.77 3.77 3.79 3.79 3.79 3.79 3.87 3.87 3.87 3.87 3.86 3.84 3.94 3.84 3.96 3.96 3.96 3.96 4.00 4.00 4.00 4.00 4.14 4.14 4.04 2.85 2.16 3.71 4.11 6.58 1.62 4.06 3.97 3.57 3.53 3.53 3.93 1.86 2.24 3.51 3.51 3.51 2.82 4.30 3.47 3.47 2.09 1.79 2.09 2.11 4.76 2.28 2.45 3.08 1.60 0.00 0.00 0.00 0.00 0.00 0.00 0.00 0.00 0.00 0.00 0.00 0.00 0.00 0.00 0.00 0.00 0.00 0.00 0.00 0.00 0.00 0.00 0.00 0.00 0.00 0.00 0.00
3.77 3.77 3.77 3.77 3.79 3.79 3.79 3.79 3.87 3.87 3.87 3.87 3.84 3.99 3.84 3.94 3.96 3.96 3.96 3.96 4.00 4.00 4.00 4.10 4.04 4.04 4.14 4.04 4.06 4.46 4.06 7.44 5.70 2.69 3.57 3.57 3.56 3.53 5.94 5.97 5.17 2.54 2.52 3.51 1.77 3.09 3.50 3.47 2.09 2.09 2.11 4.76 0.00 0.00 0.00 0.00 0.00 0.00 0.00 0.00 0.00 0.00 0.00 0.00 0.00 0.00 0.00 0.00 0.00 0.00 0.00 0.00 0.00 0.00 0.00 0.00 0.00 0.00 0.00 0.00 0.00 0.00 0.00 0.00
3.77 3.77 3.77 3.77 3.79 3.79 3.79 3.79 3.87 3.87 3.87 3.87 3.84 3.94 3.84 3.84 4.08 3.96 3.96 3.96 4.00 4.00 4.10 4.00 4.04 4.04 4.04 4.04 4.06 4.17 4.17 3.44 3.85 4.25 3.57 3.57 3.85 3.85 0.57 5.57 3.85 3.85 3.85 6.81 1.37 2.29 3.09 4.30 3.06 4.76 4.76 0.00 0.00 0.00 0.00 0.00 0.00 0.00 0.00 0.00 0.00 0.00 0.00 0.00 0.00 0.00 0.00 0.00 0.00 0.00 0.00 0.00 0.00 0.00 0.00 0.00 0.00 0.00 0.00 0.00 0.00 0.00 0.00 0.00
3.84 3.84 2.29 2.29 3.87 3.87 3.87 3.87 3.84 3.84 3.84 3.84 3.75 3.75 3.75 3.75 4.00 3.91 3.91 3.91 3.97 3.97 3.97 3.97 4.01 4.01 4.01 4.01 4.05 4.05 4.05 4.05 1.89 1.89 4.25 6.42 2.35 1.62 1.95 5.17 4.25 4.25 3.85 3.85 4.25 5.57 4.25 4.65 3.72 4.76 0.00 0.00 0.00 0.00 0.00 0.00 0.00 0.00 0.00 0.00 0.00 0.00 0.00 0.00 0.00 0.00 0.00 0.00 0.00 0.00 0.00 0.00 0.00 0.00 0.00 0.00 0.00 0.00 0.00 0.00 0.00 0.00 0.00 0.00
3.84 3.84 3.84 2.29 2.29 3.87 3.87 3.87 3.84 3.84 4.02 3.95 3.87 3.87 3.75 3.75 3.91 3.91 3.91 3.91 3.97 3.97 4.10 3.97 4.01 4.01 4.01 4.01 4.05 4.05 4.05 4.05 3.95 2.29 1.89 4.65 2.71 3.15 3.49 5.97 4.25 4.25 4.25 4.25 2.17 3.49 0.97 3.85 4.76 0.00 0.00 0.00 0.00 0.00 0.00 0.00 0.00 0.00 0.00 0.00 0.00 0.00 0.00 0.00 0.00 0.00 0.00 0.00 0.00 0.00 0.00 0.00 0.00 0.00 0.00 0.00 0.00 0.00 0.00 0.00 0.00 0.00 0.00 0.00
4.38 4.38 4.38 4.38 4.42 4.42 3.03 3.03 4.11 4.39 4.39 4.34 4.26 4.26 4.26 4.26 4.54 4.54 4.54 4.54 4.61 4.61 4.61 4.61 4.65 4.65 4.65 4.65 4.70 4.70 4.70 4.70 3.78 4.18 2.41 5.37 2.49 4.17 5.37 3.21 4.80 4.40 4.01 4.80 4.01 4.01 2.81 4.00 0.00 0.00 0.00 0.00 0.00 0.00 0.00 0.00 0.00 0.00 0.00 0.00 0.00 0.00 0.00 0.00 0.00 0.00 0.00 0.00 0.00 0.00 0.00 0.00 0.00 0.00 0.00 0.00 0.00 0.00 0.00 0.00 0.00 0.00 0.00 0.00
4.38 4.38 4.38 3.03 3.03 3.03 3.03 3.03 3.03 3.03 4.39 4.34 4.26 4.26 4.26 4.26 4.54 4.54 4.54 4.54 4.61 4.61 4.61 4.61 4.65 4.65 4.65 4.65 4.70 4.70 4.70 4.70 3.78 3.78 3.78 3.78 3.77 3.77 3.77 3.77 4.54 3.21 2.81 1.12 2.90 2.81 4.00 0.72 0.00 0.00 0.00 0.00 0.00 0.00 0.00 0.00 0.00 0.00 0.00 0.00 0.00 0.00 0.00 0.00 0.00 0.00 0.00 0.00 0.00 0.00 0.00 0.00 0.00 0.00 0.00 0.00 0.00 0.00 0.00 0.00 0.00 0.00 0.00 0.00
4.37 3.03 3.03 3.03 3.03 3.10 3.03 3.03 3.03 3.03 3.42 4.33 4.43 4.22 4.22 4.22 4.59 4.59 4.59 4.59 4.61 4.61 4.61 4.61 4.63 4.63 4.70 4.70 4.67 4.67 4.67 4.67 3.74 3.77 3.74 3.74 3.70 3.70 3.70 3.70 3.68 4.11 3.68 2.78 1.12 1.92 3.21 4.00 0.00 0.00 0.00 0.00 0.00 0.00 0.00 0.00 0.00 0.00 0.00 0.00 0.00 0.00 0.00 0.00 0.00 0.00 0.00 0.00 0.00 0.00 0.00 0.00 0.00 0.00 0.00 0.00 0.00 0.00 0.00 0.00 0.00 0.00 0.00 0.00
3.03 3.03 3.03 3.03 3.03 3.03 3.03 3.10 3.03 3.03 3.42 3.42 3.54 4.22 4.22 4.22 4.59 4.59 4.59 4.59 4.61 4.61 4.61 4.61 4.63 4.63 4.70 4.63 4.67 4.67 4.67 4.82 2.67 3.74 3.74 3.74 3.70 3.70 3.70 3.70 3.68 3.68 3.71 3.68 2.98 3.58 3.98 2.81 4.87 3.76 1.59 0.00 0.00 0.00 0.00 0.00 0.00 0.00 0.00 0.00 0.00 0.00 0.00 0.00 0.00 0.00 0.00 0.00 0.00 0.00 0.00 0.00 0.00 0.00 0.00 0.00 0.00 0.00 0.00 0.00 0.00 0.00 0.00 0.00
3.03 3.03 3.03 3.03 3.03 3.03 3.03 3.03 3.03 3.03 3.42 4.19 4.22 4.22 4.22 4.22 4.59 4.59 4.59 4.59 4.61 4.61 4.61 4.61 4.63 4.63 4.63 4.63 4.67 4.67 4.74 4.67 2.67 3.74 3.77 3.74 3.70 3.70 3.37 3.70 3.68 3.68 3.68 3.68 3.69 3.69 3.69 3.69 2.57 3.76 3.76 1.33 0.00 0.00 0.00 0.00 0.00 0.00 0.00 0.00 0.00 0.00 0.00 0.00 0.00 0.00 0.00 0.00 0.00 0.00 0.00 0.00 0.00 0.00 0.00 0.00 0.00 0.00 0.00 0.00 0.00 0.00 0.00 0.00
3.03 3.03 3.03 3.03 3.03 3.03 3.03 3.10 3.03 3.03 3.42 4.19 4.22 4.22 4.22 4.22 4.59 4.59 4.59 4.59 4.61 4.61 4.61 4.61 4.63 4.63 4.63 4.63 4.67 4.67 4.67 4.67 3.74 3.74 3.74 3.74 3.70 3.70 3.73 3.70 3.68 3.68 3.68 3.68 3.69 3.69 3.71 3.69 3.46 1.57 3.76 3.76 4.61 1.33 0.00 0.00 0.00 0.00 0.00 0.00 0.00 0.00 0.00 0.00 0.00 0.00 0.00 0.00 0.00 0.00 0.00 0.00 0.00 0.00 0.00 0.00 0.00 0.00 0.00 0.00 0.00 0.00 0.00 0.00
3.03 3.03 3.03 3.10 3.03 3.03 3.03 3.03 3.03 3.42 4.20 4.32 4.29 4.29 4.29 4.29 4.62 4.62 4.62 4.62 4.62 4.81 4.69 4.69 4.70 4.79 4.64 4.64 4.63 4.63 4.70 4.70 3.70 3.67 3.67 3.67 3.68 3.65 3.65 3.65 3.63 3.66 3.63 3.63 3.63 3.63 3.63 3.63 3.03 3.08 2.19 2.39 4.56 3.76 4.85 4.85 0.00 0.00 0.00 0.00 0.00 0.00 0.00 0.00 0.00 0.00 0.00 0.00 0.00 0.00 0.00 0.00 0.00 0.00 0.00 0.00 0.00 0.00 0.00 0.00 0.00 0.00 0.00 0.00
3.03 3.03 3.03 3.10 3.03 3.03 3.03 3.03 4.33 4.35 4.35 4.35 4.29 4.29 4.29 4.29 4.62 4.62 4.62 4.62 4.62 4.62 4.62 4.62 4.64 4.79 4.79 4.64 4.63 4.63 4.63 4.63 3.67 3.67 3.67 3.67 3.65 3.65 3.65 3.65 3.63 3.63 3.63 3.63 3.63 3.63 3.63 3.63 3.03 3.03 3.03 2.57 2.97 3.00 2.99 2.99 2.93 4.85 0.00 0.00 0.00 0.00 0.00 0.00 0.00 0.00 0.00 0.00 0.00 0.00 0.00 0.00 0.00 0.00 0.00 0.00 0.00 0.00 0.00 0.00 0.00 0.00 0.00 0.00
3.03 3.03 3.03 3.03 3.03 3.03 3.03 4.31 4.33 4.35 4.35 4.35 4.29 4.29 4.29 4.29 4.62 4.62 4.62 4.62 4.62 4.62 4.62 4.62 4.70 4.64 4.79 4.79 4.79 4.63 4.63 4.63 3.67 3.67 3.67 3.67 3.65 3.65 3.65 3.65 3.63 3.63 3.63 3.63 3.63 3.63 3.63 3.63 3.03 3.03 3.03 3.03 1.88 2.17 2.99 2.99 2.93 2.93 2.93 6.21 0.00 0.00 0.00 0.00 0.00 0.00 0.00 0.00 0.00 0.00 0.00 0.00 0.00 0.00 0.00 0.00 0.00 0.00 0.00 0.00 0.00 0.00 0.00 0.00
3.03 3.03 3.03 3.03 3.03 3.03 3.03 4.31 4.35 4.35 4.35 4.35 4.44 4.29 4.29 4.29 4.62 4.62 4.62 4.62 4.62 4.62 4.62 4.62 4.70 4.70 4.70 4.81 4.80 4.79 4.63 4.63 3.67 3.67 3.67 3.67 3.65 3.65 3.65 3.65 3.63 3.63 3.63 3.63 3.63 3.63 3.63 3.63 3.03 3.03 3.03 3.04 2.99 2.99 2.99 2.99 2.93 2.93 2.93 2.93 4.85 0.00 0.00 0.00 0.00 0.00 0.00 0.00 0.00 0.00 0.00 0.00 0.00 0.00 0.00 0.00 0.00 0.00 0.00 0.00 0.00 0.00 0.00 0.00
3.03 3.03 3.03 3.03 3.03 3.03 3.03 4.34 4.28 4.28 4.28 4.28 4.32 4.32 3.42 4.32 4.61 4.61 4.61 4.61 4.61 4.61 4.61 4.61 4.63 4.63 4.78 5.03 4.66 4.63 4.63 4.63 3.68 3.68 3.68 3.68 3.66 3.66 3.66 3.66 3.65 3.65 3.65 3.65 3.63 3.63 3.63 3.63 2.97 2.97 2.97 2.97 2.95 2.95 2.95 2.95 2.95 2.95 2.95 1.57 4.87 0.00 0.00 0.00 0.00 0.00 0.00 0.00 0.00 0.00 0.00 0.00 0.00 0.00 0.00 0.00 0.00 0.00 0.00 0.00 0.00 0.00 0.00 0.00
3.03 3.03 3.03 3.03 3.03 3.03 3.03 3.03 4.28 4.28 4.28 4.28 4.32 4.32 4.32 4.32 4.61 4.61 4.61 4.61 4.61 4.61 4.61 4.61 4.63 4.69 4.69 4.63 4.70 4.63 4.70 4.70 3.68 3.68 3.68 3.68 3.66 3.66 3.66 3.66 3.65 3.65 3.65 3.65 3.63 3.63 3.63 3.63 2.97 2.97 2.97 2.97 2.95 2.17 2.95 2.95 2.95 2.95 1.57 3.76 0.00 0.00 0.00 0.00 0.00 0.00 0.00 0.00 0.00 0.00 0.00 0.00 0.00 0.00 0.00 0.00 0.00 0.00 0.00 0.00 0.00 0.00 0.00 0.00
