New_Model_Runs/14_Future_RCP8.5_Scn1_out/post_prcessed_with_MFR/Monthly_summaries/net_infiltration_monthly_MAY.asc
NCOLS 700
NROWS 400
XLLCENTER 515000.000000
YLLCENTER 8409000.000000
CELLSIZE 50.000000
NODATA_value -999.000000
[rows 190 to 227 of 400, columns 84 to 167 of 700]
0.00 0.00 0.00 0.00 0.00 0.00 0.00 0.00 0.00 0.00 0.00 0.00 0.00 0.00 0.00 0.00 0.00 0.00 0.00 0.00 0.00 0.00 0.00 0.00 0.00 5.41 5.41 5.41 5.16 5.16 5.16 5.16 5.12 5.12 5.12 5.12 5.08 5.39 5.39 5.08 5.09 5.09 5.09 5.09 5.57 5.57 5.57 5.57 5.58 6.05 5.86 5.58 5.56 5.56 5.56 5.56 5.53 5.53 5.53 5.53 5.72 5.72 5.72 5.72 5.69 5.69 5.69 5.69 5.74 5.74 5.74 5.74 5.71 5.71 5.71 6.04 5.92 5.92 5.92 5.92 6.72 6.72 6.72 6.72
0.00 0.00 0.00 0.00 0.00 0.00 0.00 0.00 0.00 0.00 0.00 0.00 0.00 0.00 0.00 0.00 0.00 0.00 0.00 0.00 0.00 0.00 0.00 0.00 0.00 5.41 5.44 5.44 4.62 5.16 5.16 5.16 5.12 5.12 5.12 5.43 5.08 5.08 5.08 5.08 5.09 5.09 5.09 5.09 5.57 5.57 5.57 5.57 5.58 5.58 5.86 5.58 5.56 5.84 5.56 5.56 5.53 5.81 5.53 5.53 5.72 6.02 5.72 5.72 5.69 5.69 5.69 5.69 5.74 5.74 5.74 5.74 5.71 5.71 5.71 5.71 5.92 5.92 5.92 5.92 6.72 6.72 6.72 6.72
0.00 0.00 0.00 0.00 0.00 0.00 0.00 0.00 0.00 0.00 0.00 0.00 0.00 0.00 0.00 0.00 0.00 0.00 0.00 0.00 0.00 0.00 0.00 0.00 0.00 0.00 6.33 5.10 4.96 4.62 5.52 5.20 5.13 5.13 5.13 5.13 5.33 5.22 5.22 5.22 5.21 5.21 5.21 5.31 5.55 5.55 5.55 5.55 6.15 5.57 5.57 5.57 5.54 5.54 5.54 5.54 5.51 5.51 5.89 5.51 5.70 5.70 5.70 5.70 5.69 5.69 5.69 5.69 5.73 5.73 5.73 5.84 5.73 5.73 5.73 5.73 6.06 6.06 6.06 6.06 6.17 6.81 6.81 6.81
0.00 0.00 0.00 0.00 0.00 0.00 0.00 0.00 0.00 0.00 0.00 0.00 0.00 0.00 0.00 0.00 0.00 0.00 0.00 0.00 0.00 0.00 0.00 0.00 0.00 0.00 2.40 6.33 5.39 5.39 5.52 5.20 5.13 5.13 5.13 5.13 5.22 5.22 5.22 5.22 5.21 5.21 5.21 5.21 5.55 5.55 5.55 5.55 5.57 6.24 5.57 5.57 5.54 5.54 5.54 5.54 5.51 5.51 5.51 5.51 5.70 5.70 5.70 5.70 5.69 5.69 5.69 5.69 5.73 5.73 5.73 5.73 5.73 6.43 5.73 5.73 6.06 6.06 6.06 6.06 6.17 6.17 6.17 6.81
0.00 0.00 0.00 0.00 0.00 0.00 0.00 0.00 0.00 0.00 0.00 0.00 0.00 0.00 0.00 0.00 0.00 0.00 0.00 0.00 0.00 0.00 0.00 0.00 0.00 0.00 5.86 5.64 6.23 6.23 6.23 6.57 6.50 6.17 6.17 6.17 6.10 6.10 6.10 6.43 6.09 6.09 6.09 6.09 6.31 6.31 6.31 6.31 6.34 6.34 6.34 6.34 6.30 6.30 6.30 6.30 6.27 6.27 6.27 6.43 6.52 6.52 6.52 7.50 6.52 6.52 6.52 6.52 6.63 6.99 6.55 6.55 6.55 6.55 6.55 6.55 6.91 6.91 6.91 6.91 7.03 7.03 7.03 7.03
0.00 0.00 0.00 0.00 0.00 0.00 0.00 0.00 0.00 0.00 0.00 0.00 0.00 0.00 0.00 0.00 0.00 0.00 0.00 0.00 0.00 0.00 5.69 0.00 0.00 9.40 6.32 5.64 6.23 6.23 6.23 6.23 6.17 6.17 6.17 6.17 6.10 6.10 6.10 6.10 6.09 6.42 6.09 6.09 6.31 6.31 6.31 6.31 6.34 6.34 6.34 6.34 6.30 6.30 6.30 6.30 6.27 6.27 6.42 6.27 6.52 6.52 6.52 6.52 6.52 6.52 6.52 6.52 6.55 6.55 6.55 6.55 6.55 6.55 6.55 6.55 6.91 6.91 6.91 6.91 7.03 7.03 7.03 7.03
0.00 0.00 0.00 0.00 0.00 0.00 0.00 0.00 0.00 0.00 0.00 0.00 0.00 0.00 0.00 0.00 0.00 0.00 0.00 0.00 0.00 5.70 6.00 6.27 6.79 5.42 9.05 9.84 6.24 6.24 6.24 6.24 6.18 6.18 6.19 6.51 6.12 6.12 6.12 6.12 6.09 6.09 6.09 6.09 6.28 6.28 6.28 6.28 6.30 6.30 6.30 6.30 6.25 6.25 6.25 6.25 6.39 6.22 6.22 6.35 6.52 6.52 6.52 6.52 6.54 6.54 6.54 6.54 6.56 6.56 6.56 6.56 6.68 6.68 6.68 6.68 7.04 7.04 7.04 7.04 7.05 7.05 7.05 7.67
0.00 0.00 0.00 0.00 0.00 0.00 0.00 0.00 0.00 0.00 0.00 0.00 0.00 0.00 0.00 0.00 0.00 0.00 0.00 0.00 5.70 9.63 9.33 6.27 5.41 5.98 5.91 8.34 6.24 6.24 6.24 6.24 6.18 6.18 6.18 6.51 6.12 6.26 6.12 6.12 6.09 6.09 6.09 6.09 6.28 6.44 6.28 6.28 6.30 6.30 6.30 6.30 6.25 6.25 6.25 6.25 6.22 6.22 6.22 6.22 6.52 6.52 6.52 6.52 6.54 6.54 6.54 6.54 6.56 6.56 6.56 6.56 6.68 6.68 6.68 6.68 7.04 7.04 7.04 7.04 7.05 7.15 7.05 7.05
0.00 0.00 0.00 0.00 0.00 0.00 0.00 0.00 0.00 0.00 0.00 0.00 0.00 0.00 0.00 0.00 0.00 0.00 0.00 5.70 5.70 9.33 9.33 6.03 5.47 5.61 5.41 5.41 9.73 6.24 6.24 6.24 6.18 6.18 6.18 6.18 6.12 6.12 6.12 6.12 6.09 6.09 6.09 6.09 6.28 6.28 6.28 6.28 6.46 6.30 6.30 6.30 6.25 6.25 6.25 6.25 6.39 6.22 6.22 6.22 6.52 6.52 6.52 6.52 7.10 6.54 6.54 6.54 6.56 6.56 6.56 6.56 6.68 6.68 6.68 6.68 7.04 7.04 7.04 7.04 7.05 7.05 7.05 7.05
0.00 0.00 2.47 0.00 0.00 0.00 0.00 0.00 0.00 0.00 0.00 0.00 0.00 0.00 2.83 0.00 0.00 3.08 5.70 5.70 9.33 5.70 5.70 9.89 9.97 9.97 9.97 9.24 9.84 6.90 6.90 6.90 6.83 6.18 6.18 6.18 6.12 6.12 6.12 6.12 6.09 6.09 6.09 6.09 6.28 6.28 6.28 6.44 6.30 6.30 6.30 6.30 6.25 6.25 6.25 6.25 6.39 6.22 6.22 6.22 6.52 6.52 6.52 6.61 6.54 6.54 6.54 6.62 6.65 6.56 6.56 6.56 6.68 6.68 6.68 6.68 7.04 7.04 7.04 7.04 7.05 7.05 7.05 7.05
0.00 5.19 5.19 5.19 5.24 0.00 0.00 0.00 0.00 0.00 0.00 0.00 0.00 0.00 2.83 5.75 5.71 6.18 6.18 5.97 9.28 5.65 5.65 6.21 6.53 6.28 6.28 5.61 6.21 6.17 6.87 6.98 6.83 6.32 6.52 6.18 6.16 6.16 6.16 6.16 6.14 6.14 6.14 6.14 6.25 6.25 6.25 6.25 6.76 6.22 6.22 6.70 6.21 6.21 6.21 6.75 6.23 6.23 6.23 6.23 6.56 6.56 6.56 7.13 6.56 6.56 6.56 7.43 6.72 6.64 6.64 6.64 6.79 6.79 6.79 6.79 7.06 7.06 7.68 7.06 7.01 7.10 7.10 7.01
0.00 0.00 5.19 5.19 5.24 0.00 0.00 0.00 0.00 0.00 0.00 0.00 0.00 0.00 5.75 9.38 9.34 9.34 9.34 9.34 9.79 5.69 5.69 6.21 6.47 6.28 6.28 6.47 6.87 6.87 6.22 6.22 6.52 6.18 6.18 6.18 6.16 6.16 6.16 6.50 6.14 6.14 6.14 6.14 6.25 6.25 6.25 6.25 6.22 6.22 6.22 6.42 7.11 6.37 6.21 6.21 6.23 6.23 6.23 6.23 6.65 6.65 6.56 6.56 6.56 6.64 6.64 6.66 6.64 6.64 6.64 6.64 6.79 6.79 6.79 6.79 7.06 7.15 7.06 7.06 7.01 7.01 7.01 7.01
0.00 5.60 5.19 5.19 5.24 5.24 0.00 0.00 0.00 0.00 0.00 0.00 0.00 5.75 5.75 9.38 5.71 5.71 8.94 9.36 5.69 5.69 5.69 6.34 6.40 7.11 6.40 6.28 6.87 6.87 6.22 6.22 6.18 6.18 6.18 6.18 6.16 6.16 6.16 6.16 6.14 6.48 6.14 6.14 6.25 6.25 6.25 7.16 7.12 7.12 7.12 7.38 5.48 7.11 6.21 6.21 6.23 6.23 6.23 6.23 6.60 6.56 6.56 6.56 6.64 6.56 6.56 6.56 6.64 6.64 6.64 6.64 6.79 6.79 6.79 6.79 7.06 7.06 7.06 7.06 7.01 7.01 7.01 7.01
5.19 5.60 5.60 5.19 5.24 5.66 0.00 0.00 0.00 0.00 0.00 0.00 0.00 0.00 5.75 9.85 5.71 5.71 5.71 6.18 6.59 5.69 5.69 5.69 6.40 5.75 5.75 5.75 7.01 7.01 6.22 6.22 6.18 6.18 6.18 6.18 6.16 6.16 6.16 6.50 6.14 6.14 6.14 6.14 6.25 6.25 6.25 6.25 7.12 6.02 6.84 6.71 7.11 7.11 6.21 6.21 6.23 6.23 6.23 6.23 6.56 6.56 6.56 6.56 6.56 6.56 6.56 6.56 6.64 6.64 6.64 6.64 6.79 6.79 6.79 6.79 7.06 7.06 7.06 7.06 7.01 7.01 7.01 7.10
5.16 5.16 5.16 5.16 5.22 5.22 5.22 0.00 0.00 0.00 0.00 0.00 0.00 0.00 5.78 5.78 9.83 5.73 5.73 5.73 5.68 6.14 5.68 5.68 6.14 5.68 5.68 5.68 6.17 6.17 6.17 6.17 6.17 6.17 6.13 6.13 6.15 6.15 6.15 6.15 6.14 6.14 6.48 6.14 6.23 6.23 6.23 6.23 6.19 7.09 7.09 7.07 6.71 7.12 6.38 6.22 6.79 6.25 6.25 6.25 6.58 6.58 6.58 6.58 7.36 6.67 6.59 6.59 6.70 6.70 6.70 6.70 6.82 6.82 6.82 6.91 7.06 7.06 7.06 7.06 6.97 6.97 6.97 6.97
5.16 5.16 5.16 5.16 5.22 5.22 5.22 5.22 0.00 0.00 0.00 0.00 0.00 0.00 4.28 5.78 9.35 9.35 5.73 5.73 5.68 5.68 5.68 5.68 5.68 5.68 5.68 5.68 6.17 6.17 6.17 6.17 6.17 6.17 6.17 6.17 6.20 6.15 6.15 6.15 6.14 6.14 6.14 6.14 6.39 6.23 6.23 6.23 6.19 7.09 7.09 7.09 6.84 6.24 7.12 6.22 6.25 6.25 6.25 6.25 6.58 6.58 6.58 6.58 6.59 6.15 6.59 6.59 6.70 6.70 6.70 6.70 6.82 6.82 6.91 6.82 7.06 7.15 7.06 7.52 7.06 6.97 6.97 6.97
5.16 5.16 5.16 5.16 5.22 5.22 5.22 5.22 5.33 0.00 0.00 0.00 0.00 5.51 5.51 4.38 6.20 9.35 5.73 6.19 5.68 5.68 5.68 5.68 5.68 5.68 5.68 6.14 6.17 6.17 6.69 6.17 6.17 6.17 6.17 6.17 6.20 6.20 6.20 6.20 6.19 6.14 6.14 6.14 6.23 6.23 6.23 6.23 7.09 7.09 7.09 6.01 7.12 6.02 6.84 6.84 6.25 6.25 6.25 6.79 6.58 6.58 7.31 7.73 4.80 6.59 6.59 6.59 6.70 6.70 6.70 6.70 6.91 6.82 6.82 6.82 7.15 7.06 7.06 7.06 6.97 6.97 6.97 6.97
5.16 5.16 5.16 5.16 5.22 5.22 5.22 5.22 5.66 4.93 4.93 4.36 5.27 1.77 5.18 4.38 6.37 7.98 9.35 5.73 5.68 5.68 5.68 5.68 5.68 5.68 5.68 5.68 6.17 6.17 6.17 6.17 6.17 6.17 6.17 6.17 6.20 6.70 6.20 6.20 6.19 6.19 6.19 6.19 6.23 6.23 6.23 7.14 7.09 6.01 7.09 7.09 6.71 6.71 6.71 7.12 6.25 6.25 6.25 6.25 6.58 6.58 7.02 6.58 4.80 6.59 6.59 6.59 6.70 6.70 6.70 7.29 6.82 6.82 6.82 6.82 7.59 7.06 7.15 7.14 7.06 7.06 6.97 6.97
5.15 5.15 5.15 5.15 5.20 8.83 5.20 5.20 5.32 4.76 4.93 5.38 5.30 5.30 5.69 5.51 5.51 5.76 9.39 5.76 5.71 5.71 5.71 5.71 5.68 5.03 5.68 5.68 6.16 6.16 6.16 6.16 6.17 6.17 6.17 6.17 6.17 6.17 6.69 6.17 6.14 6.14 6.14 6.14 6.57 7.37 7.37 7.37 7.15 7.15 7.15 7.15 7.19 7.19 6.71 6.71 7.19 7.19 6.28 6.28 6.58 6.67 6.92 6.58 6.63 6.63 6.63 6.63 6.73 6.73 6.82 6.73 6.83 6.83 6.83 6.83 7.16 7.06 7.06 7.06 6.95 6.95 6.95 6.95
5.15 5.15 5.15 5.15 8.83 8.83 9.40 5.20 5.32 4.06 4.76 4.93 5.51 4.85 5.62 5.18 5.51 5.51 9.39 9.39 5.71 5.71 5.71 5.71 5.68 5.68 5.68 5.68 6.16 5.88 6.16 6.16 6.17 6.17 6.17 6.17 6.84 6.17 6.17 6.17 6.14 6.14 6.14 6.81 8.76 7.52 7.37 7.37 6.60 6.60 6.60 6.25 7.19 7.19 7.19 6.71 6.71 7.07 7.60 6.28 6.58 7.57 7.86 6.96 6.63 6.63 6.63 6.63 6.73 6.73 7.06 6.73 6.83 6.83 6.83 6.83 7.06 7.06 7.06 7.06 6.95 6.95 7.46 6.95
6.17 6.17 6.55 10.18 9.86 6.23 6.23 9.86 6.35 4.78 6.90 6.35 6.83 6.89 7.51 7.07 7.07 7.07 7.36 11.37 6.77 6.77 6.77 6.77 6.73 6.73 6.73 6.73 6.95 6.95 6.95 6.95 6.96 6.96 6.96 6.96 6.96 6.96 6.96 6.96 7.57 6.93 6.93 6.93 7.36 8.36 8.16 7.36 7.39 7.39 7.39 7.39 7.42 7.42 7.42 7.74 7.74 7.74 7.74 7.01 7.07 8.51 8.51 7.00 7.05 7.05 7.05 7.05 8.35 7.15 7.15 7.15 7.13 7.13 7.13 7.13 7.45 8.61 7.45 7.45 7.35 7.35 7.35 7.35
9.80 9.80 9.80 6.17 6.23 6.23 6.23 9.86 6.35 6.35 6.35 6.35 6.83 6.83 6.83 7.36 6.20 6.39 6.23 7.36 11.25 7.62 6.77 6.77 6.73 6.73 6.73 6.73 6.95 6.95 6.95 6.95 6.96 6.96 6.96 6.96 6.96 6.96 6.96 6.96 6.93 6.93 6.93 6.93 7.36 7.36 7.36 7.36 7.39 7.39 7.39 7.39 7.42 8.73 7.42 9.19 8.16 8.35 8.16 7.92 8.75 8.51 8.75 7.00 7.05 7.05 7.05 7.05 7.15 7.77 7.15 7.15 7.13 7.13 7.13 7.13 7.45 7.45 7.45 7.45 7.35 7.35 8.25 7.35
9.85 9.85 6.23 6.23 6.20 6.20 6.20 9.83 9.88 9.88 8.40 9.88 10.42 7.41 7.10 7.10 7.36 6.20 6.32 6.20 11.33 7.71 7.71 7.71 6.80 6.80 6.80 6.80 7.04 7.04 7.04 7.04 7.05 7.05 7.05 7.05 7.00 7.00 7.00 7.00 6.96 6.96 6.96 6.96 7.44 7.44 7.44 7.44 7.49 7.49 8.20 7.49 8.21 7.50 7.50 7.33 7.33 8.48 8.48 7.21 9.07 9.07 7.01 7.01 7.05 7.05 7.05 7.05 7.76 7.13 7.13 7.13 7.22 7.22 7.22 7.22 7.41 7.41 7.41 7.41 7.32 7.32 7.32 7.32
9.85 9.85 6.23 6.23 6.20 6.20 6.20 6.20 6.77 6.25 6.25 6.25 10.42 10.42 8.27 7.10 7.10 7.36 7.07 7.74 10.70 7.36 7.71 7.71 6.80 6.80 6.80 6.80 7.04 7.04 7.04 7.04 7.05 7.05 7.05 7.05 7.00 7.00 7.00 7.00 6.96 6.96 6.96 6.96 7.44 7.44 7.44 7.44 7.49 7.49 7.49 7.49 7.50 7.50 7.50 8.53 7.45 7.45 7.45 7.45 8.44 8.44 7.93 7.93 7.98 7.98 8.23 7.05 7.13 7.13 7.13 7.13 7.22 7.22 7.22 7.85 7.41 7.41 8.32 8.32 7.32 7.32 7.32 8.20
6.23 6.23 6.23 7.21 6.20 6.20 6.20 6.20 6.77 6.25 6.25 6.25 6.80 10.42 6.80 7.10 7.43 10.73 10.73 10.73 7.33 7.81 7.71 8.65 6.80 6.80 6.80 6.80 7.04 7.04 7.04 7.04 7.05 7.05 7.05 7.05 7.00 7.00 7.00 7.00 6.96 6.96 6.96 6.96 7.44 7.44 7.44 7.44 7.49 7.49 7.49 7.49 8.21 7.50 7.50 7.50 7.45 7.45 7.45 7.45 8.44 8.44 9.07 7.93 7.98 8.75 7.98 7.98 8.07 7.13 7.13 7.13 7.22 7.22 7.22 7.22 7.41 7.41 7.41 7.41 7.32 7.32 7.32 8.20
6.23 6.23 6.23 6.23 6.94 6.71 6.20 6.20 6.25 6.25 6.25 6.25 6.80 10.42 10.42 10.42 10.46 6.84 6.84 6.84 7.33 6.89 6.82 6.82 6.80 7.42 6.89 6.80 7.04 7.04 7.04 7.04 7.05 7.05 7.05 7.05 7.00 7.00 7.00 7.00 6.96 6.96 6.96 6.96 7.44 7.44 7.44 7.44 7.49 7.49 7.49 7.49 8.21 9.06 8.21 7.50 7.45 7.45 8.16 7.54 8.44 7.93 7.93 7.93 7.98 7.98 7.98 8.74 8.07 8.07 8.07 8.07 8.17 7.22 7.22 7.22 7.41 7.41 7.41 7.41 8.21 7.32 7.32 7.32
9.92 6.29 6.29 6.29 6.25 6.76 6.25 6.25 6.21 6.21 6.21 6.21 6.75 6.75 10.38 10.97 6.82 6.82 6.82 5.52 6.81 6.81 6.81 6.81 6.79 6.79 6.79 6.79 7.08 7.08 7.08 7.08 7.11 7.11 7.11 7.11 7.06 7.06 7.06 7.06 7.03 7.03 7.03 7.03 7.53 7.53 7.53 7.53 7.56 7.56 7.56 7.56 7.54 7.54 7.54 7.54 7.47 7.47 7.47 7.47 8.92 8.92 8.44 8.60 8.05 7.94 7.94 7.94 8.76 8.00 8.00 8.00 8.04 8.04 8.04 8.82 7.29 7.29 7.29 7.29 7.26 7.26 7.26 7.26
9.92 6.29 6.29 6.29 6.25 6.25 6.25 6.25 6.21 6.21 6.72 6.21 6.75 6.75 7.34 6.75 6.82 6.82 6.82 6.82 6.81 6.81 6.81 6.81 6.79 7.41 6.79 6.79 7.07 7.07 7.08 7.32 7.11 7.11 7.11 7.11 7.06 7.06 7.06 7.06 7.03 7.03 7.03 7.03 7.53 7.53 7.53 7.53 7.56 7.56 7.56 7.56 7.54 7.54 7.54 7.54 7.47 7.47 7.47 7.92 8.92 8.92 8.44 8.92 8.43 7.94 7.94 7.94 8.76 8.00 8.78 8.00 8.82 8.04 8.04 8.04 8.51 8.51 8.51 8.51 7.26 7.26 7.26 7.26
10.65 6.29 6.29 6.29 6.25 6.25 6.25 6.25 6.21 6.21 6.21 6.21 7.25 6.75 6.75 7.34 6.82 6.82 6.82 6.82 6.81 7.43 6.81 6.81 6.79 6.79 6.79 6.79 7.08 7.08 7.08 7.08 7.77 8.60 8.36 7.77 7.06 7.72 7.06 7.06 7.69 7.03 7.03 7.03 7.53 7.53 7.53 7.53 7.56 7.56 7.56 7.56 7.54 7.92 7.92 8.25 7.47 7.92 7.47 8.36 8.92 8.92 9.11 8.26 8.92 8.92 9.09 7.94 8.00 8.00 8.00 8.00 8.04 8.04 8.04 8.04 8.51 8.51 8.51 8.51 8.48 8.48 8.85 7.26
6.29 6.29 6.85 6.29 6.25 6.25 6.25 6.25 6.21 6.21 6.21 6.21 6.75 6.75 6.75 6.75 6.82 6.82 6.82 7.41 6.81 6.81 7.66 6.81 6.79 6.79 7.39 6.79 7.08 7.08 7.08 7.08 7.11 7.77 7.11 7.11 7.06 7.06 7.06 7.06 7.03 7.03 7.03 7.03 7.53 7.53 7.53 7.53 8.91 7.56 8.28 8.27 7.54 8.56 8.24 7.54 7.47 7.47 7.47 8.35 8.92 8.92 9.11 9.11 9.12 8.92 9.11 9.11 9.16 8.00 8.00 8.00 8.04 8.04 8.04 8.04 8.51 8.51 8.51 8.51 8.48 9.13 9.34 9.31
6.29 6.29 6.23 7.07 6.01 6.29 6.29 6.29 6.24 6.24 6.24 6.24 6.69 6.69 6.69 8.02 6.75 6.75 6.75 6.75 6.74 6.74 6.74 7.33 6.76 6.76 6.76 6.76 7.65 7.07 7.72 7.07 7.08 7.74 7.08 7.08 7.08 7.75 7.08 7.08 7.08 7.08 7.08 7.08 7.55 7.55 8.89 7.55 7.54 7.54 7.54 7.54 7.49 7.69 7.49 7.49 7.43 7.43 8.45 8.35 8.92 8.92 8.92 8.92 8.92 8.92 9.11 9.11 9.09 9.09 8.93 8.92 9.07 9.28 9.07 9.28 9.70 9.70 8.57 8.43 9.29 8.45 8.45 9.29
6.01 6.29 6.01 6.31 6.01 6.29 6.29 6.84 6.24 6.79 6.24 6.85 6.69 6.69 6.69 7.27 6.75 6.75 6.75 6.75 6.74 6.74 6.74 6.74 6.76 6.76 6.76 6.76 7.07 7.07 7.07 7.07 7.08 7.08 7.08 7.08 7.08 7.08 7.75 7.08 7.08 7.08 7.08 7.08 7.55 8.27 7.55 7.55 7.54 7.54 7.54 7.54 7.49 7.49 7.92 7.49 7.43 7.43 8.16 8.35 9.11 8.92 8.92 9.11 7.93 8.92 9.11 9.11 9.11 8.93 8.92 8.92 9.11 8.92 9.11 9.11 9.83 9.60 9.60 9.90 8.45 8.45 8.45 8.45
6.23 6.01 6.01 6.29 7.02 6.29 6.29 6.29 6.24 6.24 6.24 6.24 6.69 6.69 6.69 6.69 6.75 6.75 6.75 6.75 6.74 7.33 6.74 6.74 6.76 6.76 6.76 6.76 7.07 7.07 7.07 7.07 7.08 7.08 7.08 7.08 7.08 7.08 7.08 7.08 7.08 7.08 7.08 7.08 7.55 7.55 7.55 7.55 7.54 7.54 7.54 8.25 7.49 7.49 7.92 7.49 7.43 7.45 8.36 8.35 9.11 9.11 9.11 8.26 9.09 9.09 9.09 8.26 8.44 8.44 8.92 8.92 9.11 8.26 8.44 9.11 9.78 9.78 8.59 8.59 8.45 8.45 9.29 8.45
6.29 6.29 6.31 6.29 6.29 6.29 6.29 6.29 6.24 6.24 6.79 6.24 6.69 6.69 6.69 6.69 6.75 6.75 6.75 7.58 6.74 6.74 6.74 6.74 6.76 6.76 6.76 6.76 7.64 7.07 7.72 7.07 7.08 7.08 7.08 7.08 7.08 7.08 7.74 7.74 7.08 7.74 7.08 7.08 7.55 7.55 7.55 7.55 7.54 7.54 7.54 8.25 7.49 7.49 7.49 8.53 8.75 8.16 7.49 7.21 8.44 7.93 7.93 9.06 9.09 9.09 7.93 9.09 9.09 8.26 8.44 8.26 8.92 8.92 7.93 7.93 9.16 8.41 8.43 8.43 9.28 8.85 8.45 8.45
6.29 6.29 6.29 6.29 6.31 6.31 6.87 6.86 6.29 6.29 6.29 6.29 6.70 6.70 6.70 6.70 6.67 6.67 6.67 7.24 7.24 6.66 7.24 6.66 6.72 6.72 6.72 6.72 7.02 7.02 7.02 7.02 7.66 7.01 7.01 7.01 7.04 7.04 7.70 7.04 7.06 7.06 7.06 7.06 7.51 7.51 7.51 8.21 8.19 7.48 8.19 8.18 7.43 7.43 8.45 8.45 8.42 8.42 8.42 7.21 8.44 9.08 9.08 7.94 9.09 9.09 9.09 9.09 9.11 8.44 8.44 8.92 8.44 8.26 7.93 8.44 9.16 8.94 9.69 9.69 9.69 9.78 9.60 10.25
6.29 6.29 7.47 6.29 6.31 6.31 6.31 7.00 7.07 6.85 6.29 7.16 7.28 6.70 6.70 6.70 6.67 6.67 6.67 6.67 6.66 7.35 6.66 6.66 6.72 6.72 6.72 6.72 7.02 7.02 7.02 7.76 7.01 7.01 7.01 7.01 7.04 7.04 7.04 7.79 7.81 7.06 7.06 7.06 7.51 7.51 7.51 8.29 7.48 7.48 7.48 7.48 7.43 8.12 7.43 7.43 7.40 7.92 7.92 8.42 7.94 7.94 7.94 7.94 9.09 9.09 9.44 9.09 9.11 8.26 8.92 8.92 8.92 8.92 8.26 8.26 9.16 8.41 9.16 8.94 9.16 9.16 10.34 9.96
7.07 7.07 7.07 7.07 7.09 7.09 7.09 7.09 7.07 7.07 7.07 7.07 7.31 7.31 7.31 7.31 7.27 7.27 7.27 7.27 7.27 7.27 7.27 7.27 7.33 7.33 7.33 7.33 8.27 7.60 7.60 7.60 7.59 7.59 7.59 7.59 7.63 7.63 7.63 7.63 7.65 7.65 7.65 8.42 7.90 7.90 7.90 7.90 7.87 7.87 7.87 7.87 7.82 7.82 7.82 7.82 7.79 7.98 7.79 7.79 8.53 8.28 8.28 9.90 9.53 9.53 9.53 9.53 9.49 8.93 9.56 9.56 9.37 9.48 8.22 8.93 10.17 8.82 9.74 9.48 9.74 10.20 11.14 10.34
7.07 7.07 7.07 7.07 7.09 7.09 7.09 7.09 7.07 7.07 7.07 7.07 7.31 7.31 7.31 7.31 7.27 7.27 7.27 7.27 7.27 7.27 7.27 7.27 7.33 7.33 7.33 7.33 7.60 7.60 7.60 7.60 7.59 7.59 7.59 7.59 7.63 7.63 7.63 7.63 7.65 7.65 7.65 7.65 7.90 7.90 7.90 7.90 7.87 7.87 7.87 7.87 7.82 7.82 7.82 9.21 7.79 7.79 8.50 7.79 8.28 8.28 9.17 9.37 9.53 9.53 9.53 9.53 8.22 8.72 9.56 9.37 9.08 8.26 8.26 9.37 10.17 10.20 10.17 10.17 9.43 10.20 9.43 9.74
