New_Model_Runs/14_Future_RCP8.5_Scn1_out/post_prcessed_with_MFR/Monthly_summaries/runoff_monthly_OCT.asc
NCOLS 700
NROWS 400
XLLCENTER 515000.000000
YLLCENTER 8409000.000000
CELLSIZE 50.000000
NODATA_value -999.000000
[rows 114 to 151 of 400, columns 504 to 587 of 700]
1.45 1.45 1.45 1.45 1.31 2.30 1.31 1.31 1.16 1.16 1.16 1.16 1.17 1.17 1.17 1.17 1.19 1.09 1.09 1.09 1.09 0.91 0.91 1.09 0.62 0.62 1.09 1.76 1.51 0.62 0.62 0.62 0.62 1.07 1.07 1.07 1.08 0.62 1.19 1.08 1.06 1.06 1.06 1.06 1.07 1.07 1.81 1.07 1.06 1.06 1.06 1.06 1.03 1.03 1.03 1.03 1.03 0.64 0.64 0.64 0.14 0.18 0.65 0.65 0.65 0.92 0.92 0.65 0.88 0.63 0.63 0.63 0.67 0.14 0.67 0.67 0.71 0.37 7.54 0.00 0.00 0.00 0.00 0.00
1.45 1.45 1.45 1.45 1.31 1.31 1.31 1.31 1.16 1.16 1.16 1.16 1.17 1.17 1.17 1.17 1.19 1.19 1.19 1.09 1.09 1.09 1.81 1.81 1.19 0.62 1.09 1.09 1.08 0.62 0.62 1.19 0.62 1.07 1.07 1.07 1.08 1.08 1.19 1.19 1.06 1.06 1.06 1.06 1.07 2.60 1.07 1.07 1.06 1.06 1.06 1.06 1.03 1.03 1.03 1.03 1.03 0.64 0.64 0.64 0.14 0.23 0.65 0.65 0.65 0.65 0.65 0.65 0.63 0.63 0.63 0.63 0.67 0.67 0.14 0.14 0.71 0.28 0.28 0.28 0.37 1.77 0.00 0.37
1.29 1.29 1.29 2.22 2.16 1.26 1.26 1.26 1.19 1.19 1.19 1.19 1.21 1.21 1.21 1.21 1.22 1.22 1.22 1.22 1.30 1.30 1.22 1.22 1.09 1.19 1.19 1.19 1.09 1.09 1.09 0.62 1.09 1.09 1.09 1.09 1.10 1.10 1.10 1.19 1.05 1.05 1.77 0.58 1.77 1.05 1.05 1.05 1.05 0.58 1.05 1.05 1.02 1.02 1.02 1.02 1.02 0.63 0.63 0.63 0.63 0.63 0.63 0.63 0.63 0.63 0.63 0.63 0.63 0.63 0.63 0.63 0.69 0.69 0.15 0.15 0.72 0.28 0.35 0.28 0.75 2.40 0.75 0.75
1.29 1.29 1.29 1.29 1.26 1.26 1.26 1.26 1.19 1.19 1.19 1.19 1.21 1.21 1.21 1.21 1.22 1.22 1.22 1.22 1.22 1.22 1.22 1.22 1.76 1.09 1.09 1.09 1.09 1.09 0.49 1.09 1.09 1.09 1.09 1.09 1.10 1.10 1.10 1.10 1.05 1.05 1.05 1.05 1.05 1.05 1.05 1.06 1.05 1.13 0.47 1.33 0.87 1.02 1.02 1.02 1.02 0.63 0.63 0.63 0.63 0.63 0.63 0.63 0.63 0.63 0.63 0.63 0.63 0.63 0.63 0.63 0.69 0.15 0.15 0.69 0.72 0.72 0.28 0.28 0.75 0.28 0.28 0.28
1.29 1.29 1.29 1.29 1.26 1.26 1.26 1.26 1.19 1.19 1.19 1.19 1.21 1.21 1.21 1.21 1.22 1.22 1.22 1.22 1.22 1.22 1.22 1.22 1.09 1.09 0.62 1.09 1.09 1.09 1.09 1.09 1.09 1.09 1.09 1.09 1.10 1.10 1.10 1.10 1.05 1.05 1.05 1.05 1.05 1.05 1.05 0.58 0.58 0.58 0.47 0.47 1.02 1.72 1.02 1.02 1.02 0.63 0.63 0.63 0.63 0.63 0.63 0.89 0.63 0.89 0.63 0.63 0.63 0.63 0.63 0.63 0.69 0.15 0.15 0.15 0.72 0.72 0.28 0.30 0.75 0.21 0.19 0.28
1.29 1.29 1.29 1.29 1.26 1.26 1.26 1.26 1.19 1.19 1.19 1.19 1.21 1.21 1.21 1.21 1.22 1.22 1.22 1.22 1.22 1.22 1.22 1.22 1.09 1.09 1.09 1.09 1.09 1.09 1.09 1.09 1.09 1.09 1.09 1.09 1.10 1.10 1.10 1.10 1.05 1.05 1.05 1.05 1.13 1.13 1.13 0.47 0.47 1.05 1.75 2.18 0.58 1.02 1.02 1.02 1.02 0.63 0.63 0.63 0.63 0.63 0.89 0.63 0.63 0.63 0.63 0.63 0.63 0.63 0.63 0.63 0.69 0.69 0.26 0.15 0.16 0.19 0.07 0.07 0.19 0.75 0.75 0.19
1.29 1.29 1.29 1.29 1.38 1.38 1.38 1.38 1.25 1.25 1.25 1.25 1.26 1.26 1.26 1.26 1.25 1.25 1.25 1.25 1.25 1.25 1.25 1.25 1.12 1.12 0.62 1.12 1.12 1.12 1.12 1.12 1.13 1.13 1.13 1.13 1.13 0.62 0.62 0.62 1.06 1.06 1.06 0.58 0.47 0.63 0.58 1.05 0.47 1.04 1.04 1.04 1.01 1.01 1.01 1.69 1.01 0.62 0.62 0.62 0.63 0.63 0.63 0.63 0.64 0.64 0.64 0.64 0.65 0.65 0.65 0.65 0.69 0.69 0.69 0.69 0.44 0.28 0.28 0.07 0.19 0.19 0.33 0.23
1.29 1.29 1.29 1.29 1.38 1.38 1.38 1.38 1.25 1.25 1.25 1.25 1.26 1.26 1.26 1.26 1.25 1.25 1.25 1.25 1.25 1.25 1.25 1.25 1.12 0.62 0.49 0.49 1.12 1.12 1.12 1.12 1.13 1.13 1.13 1.13 1.13 0.62 0.62 0.62 1.06 1.13 1.13 0.58 0.58 1.05 0.58 1.05 1.04 1.04 1.04 1.04 1.01 1.01 1.01 1.01 1.01 0.62 0.62 0.62 0.63 0.63 0.63 0.63 0.64 0.64 0.64 0.64 0.65 0.65 0.65 0.65 0.69 0.69 0.69 0.69 0.72 0.72 0.72 0.07 0.19 0.19 0.33 0.19
1.29 1.29 1.29 1.29 1.38 1.38 1.38 1.38 1.25 1.25 1.25 1.25 1.26 1.26 1.26 1.26 1.25 1.25 1.25 1.25 1.25 1.25 1.25 1.25 1.12 0.45 0.49 0.49 0.49 1.12 1.12 0.62 0.49 0.62 0.62 1.13 1.87 1.13 0.62 0.49 0.47 1.94 2.25 0.58 0.58 1.05 1.05 1.05 1.04 1.04 1.04 1.04 1.01 1.01 1.01 1.01 1.11 0.62 0.62 0.62 0.63 0.63 0.63 0.63 0.64 0.64 0.64 0.64 0.65 0.65 0.65 0.65 0.69 0.69 0.69 0.69 0.72 0.72 0.16 0.16 0.28 0.35 1.21 0.74
1.29 1.29 1.29 1.29 1.38 0.79 1.38 1.38 1.25 2.45 2.14 2.85 2.15 1.26 1.26 1.26 2.45 1.25 1.25 1.25 1.25 1.25 1.25 1.25 1.12 0.45 0.62 0.49 0.49 1.12 1.12 0.62 0.49 0.49 0.62 0.62 0.62 1.13 1.13 0.49 1.09 0.47 0.58 1.06 1.05 1.05 1.05 1.05 1.04 1.04 1.04 1.04 1.01 1.01 1.01 1.01 1.01 0.62 0.62 0.62 0.63 0.63 0.63 0.63 0.64 0.64 0.64 0.64 0.65 0.65 0.65 0.65 0.69 0.69 0.69 0.69 0.72 0.72 0.16 0.16 0.16 0.16 1.04 0.74
1.41 1.41 1.41 1.41 1.44 1.44 2.44 1.44 1.27 1.27 3.91 1.27 1.27 1.27 1.27 2.16 2.17 1.28 0.68 1.09 1.28 1.28 1.28 1.28 1.15 0.46 0.46 1.15 1.15 1.15 1.15 0.62 0.49 0.49 0.46 0.30 0.49 0.49 1.13 1.13 1.06 1.06 1.06 1.06 1.06 1.06 1.06 1.06 1.05 2.54 1.05 1.05 1.00 1.00 1.00 1.00 1.01 0.62 0.62 0.62 0.64 0.64 0.64 0.89 0.91 0.92 0.65 0.65 0.66 0.66 0.66 1.23 0.70 0.70 0.70 0.70 0.71 0.71 0.15 0.18 0.27 0.71 0.71 0.71
1.41 1.41 1.41 1.41 1.44 1.44 1.44 1.44 1.27 2.17 1.27 1.27 1.27 1.27 1.27 1.27 0.53 0.53 0.68 0.61 0.61 1.28 1.28 1.28 1.15 0.46 0.11 0.73 1.19 1.19 1.15 1.15 0.30 1.01 1.01 1.01 1.01 1.01 1.13 1.13 2.60 1.06 1.06 1.06 1.06 1.06 1.06 1.06 2.56 1.05 1.05 1.05 1.00 1.00 1.00 1.00 1.01 0.62 0.62 0.62 0.64 0.90 1.02 0.64 0.65 0.65 1.05 0.92 0.66 0.94 0.94 0.66 1.30 0.70 0.70 0.70 0.71 0.71 1.01 0.71 0.71 0.71 0.71 0.71
1.41 1.41 1.41 1.41 1.44 1.44 1.44 1.44 1.27 1.27 1.27 1.27 1.27 1.27 1.27 1.27 1.28 0.68 0.96 1.60 0.55 2.45 1.28 0.53 0.46 0.73 0.73 0.73 0.73 0.73 0.73 1.19 1.01 1.01 1.01 1.01 0.86 0.91 1.13 1.92 1.06 1.06 1.06 0.42 0.42 0.42 1.06 0.42 0.41 1.05 1.05 1.05 1.00 1.00 1.00 1.00 1.01 0.62 0.62 0.62 0.64 0.64 0.64 0.64 0.65 0.65 0.65 0.65 0.94 0.66 0.66 0.66 0.70 0.70 1.32 0.70 0.71 1.01 0.71 0.71 0.71 0.71 0.71 0.71
1.41 1.41 1.41 1.41 1.44 1.44 1.44 1.44 1.27 1.27 1.27 1.27 1.27 2.17 2.17 1.27 1.28 1.09 0.68 0.68 0.61 1.29 0.53 1.24 0.73 0.73 0.73 0.73 0.73 0.73 0.73 0.73 1.01 1.01 0.30 1.14 1.13 1.13 1.13 1.13 1.06 1.06 1.06 0.42 0.42 0.42 0.28 0.59 0.41 0.41 0.41 1.73 1.00 1.00 1.00 1.00 1.11 0.62 0.62 0.27 0.64 0.64 0.27 0.27 0.65 0.65 0.65 0.92 0.66 0.66 0.66 0.66 0.70 0.70 0.70 0.70 0.71 0.71 0.71 0.71 0.71 0.71 0.71 1.01
1.45 1.45 1.45 1.45 1.45 1.45 1.45 1.45 1.27 1.27 1.27 1.27 1.27 1.27 1.27 1.27 1.28 1.09 0.68 1.60 2.77 1.04 1.60 1.24 0.73 0.73 0.73 0.00 0.00 0.00 0.00 0.00 0.00 1.01 1.20 1.14 1.12 1.12 1.12 1.12 1.08 1.08 0.43 0.96 0.96 0.96 0.96 0.38 0.45 0.41 0.41 1.04 1.01 2.43 1.69 1.72 1.02 0.63 0.63 0.18 0.18 0.18 0.18 0.27 0.63 0.90 0.63 0.63 0.64 0.64 0.64 0.64 0.68 0.97 0.68 0.97 0.68 0.68 0.68 0.68 0.68 0.68 0.97 0.68
1.45 1.45 1.45 1.45 0.59 0.59 0.59 0.59 0.52 1.27 1.27 1.27 1.27 1.27 1.27 1.27 0.91 1.09 0.68 0.68 1.60 1.60 1.24 1.24 0.73 0.00 0.00 0.00 0.00 0.00 0.00 0.00 0.00 0.00 1.19 1.14 1.12 1.12 1.12 1.12 1.10 0.28 0.32 0.32 0.96 1.22 0.43 0.58 0.57 0.41 0.41 1.04 1.01 1.01 1.01 1.01 1.13 0.63 0.63 0.27 0.18 0.18 0.31 0.63 0.63 0.63 0.63 0.63 0.64 0.64 0.64 0.64 0.68 0.68 0.68 0.68 0.68 0.68 0.68 0.68 0.68 1.01 0.68 0.68
1.43 1.43 1.43 1.43 0.58 0.58 0.38 0.58 0.49 1.20 1.20 1.20 1.20 1.20 1.20 1.20 0.57 1.21 0.86 1.52 1.52 1.97 1.17 1.17 7.33 0.00 0.00 0.00 0.00 0.00 0.00 0.00 0.00 0.00 0.00 1.84 1.08 1.08 1.08 0.59 1.12 0.95 1.89 0.95 0.95 1.07 1.80 1.07 2.29 1.04 1.74 1.04 1.00 1.00 1.00 1.00 1.01 0.62 0.62 0.26 0.18 0.18 0.34 0.87 0.62 0.62 0.62 0.62 0.63 0.63 0.63 0.63 0.67 0.67 0.67 0.67 0.67 0.67 0.67 1.27 0.67 0.67 0.67 0.67
1.43 1.43 1.43 1.43 1.44 0.58 0.58 0.58 1.22 1.22 0.49 1.20 1.20 1.20 1.20 0.86 0.57 1.21 0.86 1.03 0.64 0.64 0.03 1.17 0.00 0.00 0.00 0.00 0.00 0.00 0.00 0.00 0.00 0.00 0.00 7.33 1.14 1.08 7.33 0.00 0.00 1.89 1.89 0.95 0.45 0.42 1.07 1.07 1.04 1.74 1.04 1.72 1.00 1.00 1.00 1.00 1.01 0.62 0.62 0.26 0.18 0.26 0.32 0.62 0.62 0.87 0.62 0.62 0.63 0.63 0.63 0.63 0.67 0.67 0.67 0.94 0.95 0.67 0.67 0.67 0.67 0.67 0.67 0.67
1.44 1.44 1.44 1.44 1.44 1.44 0.74 0.74 0.50 0.50 0.50 1.21 0.86 0.57 0.64 0.57 0.57 0.57 1.21 1.03 1.20 1.20 1.72 0.00 0.00 0.00 0.00 0.00 0.00 0.00 0.00 0.00 0.00 0.00 0.00 1.07 1.08 0.00 0.00 0.00 0.00 0.00 0.00 0.95 0.95 0.41 1.77 1.05 1.03 1.03 1.03 1.03 1.02 1.02 1.02 1.02 1.04 0.65 0.65 0.18 0.18 0.26 0.26 0.63 0.61 0.61 0.61 0.61 0.62 0.62 0.62 0.62 0.65 0.65 0.65 0.65 0.66 0.66 0.66 0.66 0.67 0.67 0.67 0.67
1.44 1.44 1.44 2.45 2.45 2.02 1.18 0.74 0.64 1.52 0.50 1.21 1.21 0.57 1.52 0.64 1.17 1.17 0.18 1.21 1.20 1.20 0.00 0.00 0.00 0.00 0.00 0.00 0.00 0.00 0.00 0.00 0.00 0.00 0.00 0.00 0.00 0.00 0.00 0.00 0.00 0.00 0.00 7.26 0.28 0.28 0.58 0.41 0.40 1.03 1.03 1.03 1.02 1.02 1.02 1.02 1.04 0.65 0.73 0.65 0.63 0.63 0.63 0.63 0.61 0.61 0.61 0.61 0.62 0.62 0.62 0.62 0.65 0.92 0.65 0.65 0.66 0.66 0.14 0.14 0.14 0.14 0.14 0.14
1.44 1.44 1.44 1.44 1.44 1.44 2.46 0.99 0.64 0.32 0.32 0.64 0.64 1.52 1.17 1.17 1.17 1.17 0.00 0.00 0.00 0.00 0.00 0.00 0.00 0.00 0.00 0.00 0.00 0.00 0.00 0.00 0.00 0.00 0.00 0.00 0.00 0.00 0.00 0.00 0.00 0.00 0.00 0.00 0.95 0.41 0.41 0.41 0.40 0.40 1.03 1.03 1.02 1.02 1.02 1.02 1.04 0.65 0.65 0.65 0.63 0.63 0.63 0.63 0.61 0.61 0.61 0.61 0.62 0.62 0.62 0.62 0.65 1.37 0.65 0.65 0.66 0.66 0.94 0.24 0.14 0.14 0.17 0.14
1.44 1.44 1.44 1.44 1.44 0.80 1.44 1.94 1.52 1.17 1.17 1.17 1.17 0.00 0.00 0.00 0.00 0.00 0.00 0.00 0.00 0.00 0.00 0.00 0.00 0.00 0.00 0.00 0.00 0.00 0.00 0.00 0.00 0.00 0.00 0.00 0.00 0.00 0.00 0.00 0.00 0.00 0.00 0.42 1.31 0.58 1.05 1.05 1.03 1.03 1.03 1.03 1.02 1.02 1.02 1.02 1.04 0.65 0.65 0.65 0.13 0.13 0.13 0.63 0.61 0.61 0.61 0.61 0.62 0.62 0.62 0.62 0.65 1.21 0.92 0.65 0.66 0.66 0.66 0.66 0.67 0.67 0.14 0.14
1.43 1.43 1.43 1.43 0.58 0.67 0.60 1.71 1.17 1.17 0.00 0.00 0.00 0.00 0.00 0.00 0.00 0.00 0.00 0.00 0.00 0.00 0.00 0.00 0.00 0.00 0.00 0.00 0.00 0.00 0.00 0.00 0.00 0.00 0.00 0.00 0.00 0.00 0.00 0.00 0.00 0.00 0.00 1.04 1.12 0.58 1.05 1.05 0.69 0.46 1.06 1.06 1.05 1.05 1.05 1.05 1.07 0.14 0.14 0.14 0.14 0.14 0.14 0.14 0.61 0.61 0.61 0.61 0.60 0.60 0.60 0.84 0.64 0.64 0.64 0.64 0.66 0.66 0.66 0.66 0.68 0.68 0.68 0.68
1.43 1.43 1.43 1.43 0.61 0.74 1.34 1.34 0.00 0.00 0.00 0.00 0.00 0.00 0.00 0.00 0.00 0.00 0.00 0.00 0.00 0.00 0.00 0.00 0.00 0.00 0.00 0.00 0.00 0.00 0.00 0.00 0.00 0.00 0.00 0.00 0.00 0.00 0.00 0.00 0.00 0.00 0.00 0.00 0.00 0.00 0.00 0.69 0.69 1.12 0.46 0.46 0.58 1.05 1.05 1.05 1.07 0.14 0.14 0.14 0.14 0.14 0.14 0.14 0.12 0.12 0.61 0.61 0.60 0.60 0.60 0.84 0.64 0.64 0.64 0.64 0.66 0.66 0.66 0.66 0.68 0.68 0.68 0.68
1.43 1.43 1.43 1.18 1.18 0.74 1.34 0.00 0.00 0.00 0.00 0.00 0.00 0.00 0.00 0.00 0.00 0.00 0.00 0.00 0.00 0.00 0.00 0.00 0.00 0.00 0.00 0.00 0.00 0.00 0.00 0.00 0.00 0.00 0.00 0.00 0.00 0.00 0.00 0.00 0.00 0.00 0.00 0.00 0.00 0.00 0.00 0.00 1.03 0.69 0.46 0.46 0.58 0.28 0.58 1.05 1.07 0.14 0.14 0.14 0.14 0.14 0.14 0.14 0.12 0.12 0.61 0.61 0.60 0.60 0.84 0.60 0.64 0.64 0.64 0.64 0.66 0.66 0.66 0.66 0.68 0.68 0.68 0.68
1.76 1.94 1.94 0.99 1.18 0.74 1.71 0.00 0.00 0.00 0.00 0.00 0.00 0.00 0.00 0.00 0.00 0.00 0.00 0.00 0.00 0.00 0.00 0.00 0.00 0.00 0.00 0.00 0.00 0.00 0.00 0.00 0.00 0.00 0.00 0.00 0.00 0.00 0.00 0.00 0.00 0.00 0.00 0.00 0.00 0.00 0.00 0.00 0.00 0.69 0.32 0.28 0.37 0.32 0.28 0.32 0.29 0.14 0.14 0.14 0.14 0.14 0.14 0.14 0.12 0.12 0.61 0.61 0.60 0.60 0.60 0.60 0.64 0.64 0.64 0.64 0.66 0.66 0.66 0.66 0.68 0.68 0.68 0.14
1.42 1.18 1.94 0.99 1.42 1.42 1.94 0.00 0.00 0.00 0.00 0.00 0.00 0.00 0.00 0.00 0.00 0.00 0.00 0.00 0.00 0.00 0.00 0.00 0.00 0.00 0.00 0.00 0.00 0.00 0.00 0.00 0.00 0.00 0.00 0.00 0.00 0.00 0.00 0.00 0.00 0.00 0.00 0.00 0.00 0.00 0.00 0.00 0.00 0.69 0.69 0.69 0.95 0.95 0.95 0.95 0.98 0.07 0.15 0.15 0.09 0.14 0.16 0.14 0.60 0.60 0.60 0.60 0.58 0.58 0.58 0.58 0.64 0.64 0.64 0.64 0.67 0.67 0.27 0.27 0.28 0.68 0.68 0.14
1.42 0.99 0.99 1.73 1.42 1.42 1.42 0.00 0.00 0.00 0.00 0.00 0.00 0.00 0.00 0.00 0.00 0.00 0.00 0.00 0.00 0.00 0.00 0.00 0.00 0.00 0.00 0.00 0.00 0.00 0.00 0.00 0.00 0.00 0.00 0.00 0.00 0.00 0.00 0.00 0.00 0.00 0.00 0.00 0.00 0.00 0.00 0.00 0.00 0.00 0.69 1.16 0.95 0.95 0.95 0.95 0.98 0.56 0.09 0.09 0.09 0.14 0.14 0.16 0.12 0.84 0.21 0.83 0.58 0.58 0.58 0.58 0.64 0.64 0.64 1.19 0.67 0.67 0.67 0.67 0.68 0.68 0.68 0.08
1.42 1.42 1.45 1.94 1.94 8.29 0.00 0.00 0.00 0.00 0.00 0.00 0.00 0.00 0.00 0.00 0.00 0.00 0.00 0.00 0.00 0.00 0.00 0.00 0.00 0.00 0.00 0.00 0.00 0.00 0.00 0.00 0.00 0.00 0.00 0.00 0.00 0.00 0.00 0.00 0.00 0.00 0.00 0.00 0.00 0.00 0.00 0.00 0.00 0.00 0.69 0.69 0.69 0.95 0.95 0.28 0.57 0.09 0.17 0.25 0.14 0.16 0.14 0.65 0.12 0.12 0.12 0.12 0.58 0.58 0.58 0.58 0.64 0.64 0.64 0.90 0.67 0.67 0.30 0.19 0.19 0.19 0.73 0.19
1.42 1.42 1.94 1.94 0.00 0.00 0.00 0.00 0.00 0.00 0.00 0.00 0.00 0.00 0.00 0.00 0.00 0.00 0.00 0.00 0.00 0.00 0.00 0.00 0.00 0.00 0.00 0.00 0.00 0.00 0.00 0.00 0.00 0.00 0.00 0.00 0.00 0.00 0.00 0.00 0.00 0.00 0.00 0.00 0.00 0.00 0.00 0.00 0.00 0.00 0.00 0.03 0.69 0.69 0.58 0.86 0.60 0.68 0.68 0.68 0.91 0.65 0.65 0.65 0.60 0.60 0.60 0.60 0.58 0.58 0.58 0.58 0.88 0.90 0.64 0.64 0.67 0.67 0.67 0.67 0.19 0.19 0.19 0.28
1.18 1.94 0.00 0.00 0.00 0.00 0.00 0.00 0.00 0.00 0.00 0.00 0.00 0.00 0.00 0.00 0.00 0.00 0.00 0.00 0.00 0.00 0.00 0.00 0.00 0.00 0.00 0.00 0.00 0.00 0.00 0.00 0.00 0.00 0.00 0.00 0.00 0.00 0.00 0.00 0.00 0.00 0.00 0.00 0.00 0.00 0.00 0.00 0.00 0.00 0.00 0.69 0.69 1.12 1.12 0.46 0.48 0.26 0.26 0.66 0.61 0.61 0.61 0.61 0.59 0.59 0.59 0.59 0.59 0.59 0.59 0.59 0.63 0.89 0.63 0.63 0.67 0.67 0.67 0.67 0.68 0.19 0.28 0.28
1.71 0.00 0.00 0.00 0.00 0.00 0.00 0.00 0.00 0.00 0.00 0.00 0.00 0.00 0.00 0.00 0.00 0.00 0.00 0.00 0.00 0.00 0.00 0.00 0.00 0.00 0.00 0.00 0.00 0.00 0.00 0.00 0.00 0.00 0.00 0.00 0.00 0.00 0.00 0.00 0.00 0.00 0.00 0.00 0.00 0.00 0.00 0.00 0.00 0.00 0.00 0.69 0.69 1.12 1.12 0.46 1.05 0.26 0.93 0.66 0.61 0.61 0.61 0.61 0.82 0.59 0.59 0.59 0.59 0.59 0.59 0.59 0.63 0.63 0.63 0.63 0.67 0.67 0.67 0.67 0.68 0.68 0.68 0.28
0.00 0.00 0.00 0.00 0.00 0.00 0.00 0.00 0.00 0.00 0.00 0.00 0.00 0.00 0.00 0.00 0.00 0.00 0.00 0.00 0.00 0.00 0.00 0.00 0.00 0.00 0.00 0.00 0.00 0.00 0.00 0.00 0.00 0.00 0.00 0.00 0.00 0.00 0.00 0.00 0.00 0.00 0.00 0.00 0.00 0.00 0.00 0.00 0.00 0.00 0.00 0.70 1.25 1.14 1.14 0.47 0.60 0.26 0.26 0.65 0.86 0.61 0.61 0.61 0.58 0.58 0.58 0.58 0.58 0.58 0.58 0.58 0.60 0.60 0.60 0.60 0.64 0.64 0.91 0.91 0.65 0.65 0.18 0.68
0.00 0.00 0.00 0.00 0.00 0.00 0.00 0.00 0.00 0.00 0.00 0.00 0.00 0.00 0.00 0.00 0.00 0.00 0.00 0.00 0.00 0.00 0.00 0.00 0.00 0.00 0.00 0.00 0.00 0.00 0.00 0.00 0.00 0.00 0.00 0.00 0.00 0.00 0.00 0.00 0.00 0.00 0.00 0.00 0.00 0.00 0.00 0.00 0.00 0.00 0.00 0.70 0.70 0.47 1.13 0.47 0.60 0.26 0.26 0.65 0.61 0.61 0.61 0.61 0.58 0.58 0.58 0.58 0.58 0.58 0.58 0.58 0.60 0.60 0.60 0.60 0.64 0.64 0.64 0.64 0.65 0.65 0.70 0.70
0.00 0.00 0.00 0.00 0.00 0.00 0.00 0.00 0.00 0.00 0.00 0.00 0.00 0.00 0.00 0.00 0.00 0.00 0.00 0.00 0.00 0.00 0.00 0.00 0.00 0.00 0.00 0.00 0.00 0.00 0.00 0.00 0.00 0.00 0.00 0.00 0.00 0.00 0.00 0.00 0.00 0.00 0.00 0.00 0.00 0.00 0.00 0.00 0.00 0.00 0.00 1.00 0.70 1.03 1.03 0.47 0.58 0.26 0.26 0.60 0.58 0.26 0.26 0.58 0.60 0.60 0.60 0.60 0.25 0.61 0.61 0.61 0.61 0.25 0.61 0.61 0.63 0.63 0.63 0.63 0.70 0.70 7.33 0.00
0.00 0.00 0.00 0.00 0.00 0.00 0.00 0.00 0.00 0.00 0.00 0.00 0.00 0.00 0.00 0.00 0.00 0.00 0.00 0.00 0.00 0.00 0.00 0.00 0.00 0.00 0.00 0.00 0.00 0.00 0.00 0.00 0.00 0.00 0.00 0.00 0.00 0.00 0.00 0.00 0.00 0.00 0.00 0.00 0.00 0.00 0.00 0.00 0.00 0.00 1.14 0.59 1.81 0.86 1.03 1.03 0.98 0.60 0.60 0.72 0.26 0.26 0.09 0.12 0.60 0.60 0.60 0.60 0.25 0.26 0.61 0.61 0.61 0.69 0.18 0.18 0.70 0.63 0.63 0.63 7.33 0.00 0.00 0.00
0.00 0.00 0.00 0.00 0.00 0.00 0.00 0.00 0.00 0.00 0.00 0.00 0.00 0.00 0.00 0.00 0.00 0.00 0.00 0.00 0.00 0.00 0.00 0.00 0.00 0.00 0.00 0.00 0.00 0.00 0.00 0.00 0.00 0.00 0.00 0.00 0.00 0.00 0.00 0.00 0.00 0.00 0.00 0.00 0.00 0.00 0.00 0.00 0.00 1.14 0.59 0.47 1.03 0.59 0.59 1.06 0.98 0.98 0.60 0.60 0.58 0.09 0.09 0.12 0.60 0.60 0.60 0.60 0.25 0.26 0.61 0.61 0.61 0.18 0.26 0.18 0.18 0.63 0.63 0.63 0.00 0.00 0.00 0.00
0.00 0.00 0.00 0.00 0.00 0.00 0.00 0.00 0.00 0.00 0.00 0.00 0.00 0.00 0.00 0.00 0.00 0.00 0.00 0.00 0.00 0.00 0.00 0.00 0.00 0.00 0.00 0.00 0.00 0.00 0.00 0.00 0.00 0.00 0.00 0.00 0.00 0.00 0.00 0.00 0.00 0.00 0.00 0.00 0.00 0.00 0.00 0.00 1.07 1.05 1.05 1.12 1.03 1.03 0.59 1.03 0.98 0.98 0.60 0.60 0.58 0.12 0.09 0.12 0.60 0.60 0.60 0.60 0.25 0.25 0.26 0.26 0.26 0.26 0.26 0.26 0.18 0.18 0.63 0.70 0.00 0.00 0.00 0.00
