New_Model_Runs/14_Future_RCP8.5_Scn1_out/post_prcessed_with_MFR/Monthly_summaries/runoff_monthly_MAY.asc
NCOLS 700
NROWS 400
XLLCENTER 515000.000000
YLLCENTER 8409000.000000
CELLSIZE 50.000000
NODATA_value -999.000000
[rows 76 to 113 of 400, columns 420 to 503 of 700]
0.00 0.00 0.00 0.00 0.00 0.00 0.00 0.00 0.00 0.00 0.00 0.00 0.00 0.00 0.00 0.00 0.00 0.00 0.00 0.00 0.00 0.00 0.00 0.00 0.00 0.00 0.00 0.00 0.00 0.00 0.00 0.00 0.00 0.00 0.00 0.00 0.00 0.00 0.00 0.00 0.00 0.00 0.00 0.00 0.00 0.00 0.00 0.00 0.00 0.00 0.00 0.00 0.00 0.00 0.00 0.00 0.00 0.00 0.00 0.00 0.00 0.00 0.00 0.00 0.00 0.00 0.00 0.00 0.00 0.00 0.00 0.00 0.00 0.00 0.00 0.00 0.00 0.00 0.00 0.00 0.00 0.00 0.00 0.00
0.00 0.00 0.00 0.00 0.00 0.00 0.00 0.00 0.00 0.00 0.00 0.00 0.00 0.00 0.00 0.00 0.00 0.00 0.00 0.00 0.00 0.00 0.00 0.00 0.00 0.00 0.00 0.00 0.00 0.00 0.00 0.00 0.00 0.00 0.00 0.00 0.00 0.00 0.00 0.00 0.00 0.00 0.00 0.00 0.00 0.00 0.00 0.00 0.00 0.00 0.00 0.00 0.00 0.00 0.00 0.00 0.00 0.00 0.00 0.00 0.00 0.00 0.00 0.00 0.00 0.00 0.00 0.00 0.00 0.00 0.00 0.00 0.00 0.00 0.00 0.00 0.00 0.00 0.00 0.00 0.00 0.00 0.00 0.00
0.00 0.00 0.00 0.00 0.00 0.00 0.00 0.00 0.00 0.00 0.00 1.55 0.00 0.00 0.00 0.00 0.00 0.00 0.00 0.00 0.00 0.00 0.00 0.00 0.00 0.00 0.00 0.00 0.00 0.00 0.00 0.00 0.00 0.00 0.00 0.00 0.00 0.00 0.00 0.00 0.00 0.00 0.00 0.00 0.00 0.00 0.00 0.00 0.00 0.00 0.00 0.00 0.00 0.00 0.00 0.00 0.00 0.00 0.00 0.00 0.00 0.00 0.00 0.00 0.00 0.00 0.00 0.00 0.00 0.00 0.00 0.00 0.00 0.00 0.00 0.00 0.00 0.00 0.00 0.00 0.00 0.00 0.00 0.00
0.00 0.00 0.00 0.00 0.00 0.00 0.00 0.00 0.00 0.00 0.00 0.66 0.00 0.00 0.00 0.00 0.00 0.00 0.00 0.00 0.00 0.00 0.00 0.00 0.00 0.00 0.00 0.00 0.00 0.00 0.00 0.00 0.00 0.00 0.00 0.00 0.00 0.00 0.00 0.00 0.00 0.00 0.00 0.00 0.00 0.00 0.00 0.00 0.00 0.00 0.00 0.00 0.00 0.00 0.00 0.00 0.00 0.00 0.00 0.00 0.00 0.00 0.00 0.00 0.00 0.00 0.00 0.00 0.00 0.00 0.00 0.00 0.00 0.00 0.00 0.00 0.00 0.00 0.00 0.00 0.00 0.00 0.00 0.00
0.00 0.00 0.00 0.00 0.00 0.00 0.00 0.00 0.00 0.00 1.55 0.37 0.00 0.00 0.00 0.00 0.00 0.00 0.00 0.00 0.00 0.00 0.00 0.00 0.00 0.00 0.00 0.00 0.00 0.00 0.00 0.00 0.00 0.00 0.00 0.00 0.00 0.00 0.00 0.00 0.00 0.00 0.00 0.00 0.00 0.00 0.00 0.00 0.00 0.00 0.00 0.00 0.00 0.00 0.00 0.00 0.00 0.00 0.00 0.00 0.00 0.00 0.00 0.00 0.00 0.00 0.00 0.00 0.00 0.00 0.00 0.00 0.00 0.00 0.00 0.00 0.00 0.00 0.00 0.00 0.00 0.00 0.00 0.00
0.00 0.00 0.00 0.00 0.00 0.00 0.00 0.00 0.00 1.55 0.37 0.37 1.50 0.00 0.00 0.00 0.00 0.00 0.00 0.00 0.00 0.00 0.00 0.00 0.00 0.00 0.00 0.00 0.00 0.00 0.00 0.00 0.00 0.00 0.00 0.00 0.00 0.00 0.00 0.00 0.00 0.00 0.00 0.00 0.00 0.00 0.00 0.00 0.00 0.00 0.00 0.00 0.00 0.00 0.00 0.00 0.00 0.00 0.00 0.00 0.00 0.00 0.00 0.00 0.00 0.00 0.00 0.00 0.00 0.00 0.00 0.00 0.00 0.00 0.00 0.00 0.00 0.00 0.00 0.00 0.00 0.00 0.00 0.00
1.18 1.18 0.00 0.00 0.00 0.00 0.00 1.16 1.13 1.86 1.13 1.13 1.07 0.00 0.00 0.00 0.00 0.00 0.00 0.00 0.00 0.00 0.00 0.00 0.00 0.00 0.00 0.00 0.00 0.00 0.00 0.00 0.00 0.00 0.00 0.00 0.00 0.00 0.00 0.00 0.00 0.00 0.00 0.00 0.00 0.00 0.00 0.00 0.00 0.00 0.00 0.00 0.00 0.00 0.00 0.00 1.57 7.98 0.00 0.00 0.00 0.00 0.00 0.00 0.00 0.00 0.00 0.00 0.00 0.00 0.00 0.00 0.00 0.00 0.00 0.00 0.00 0.00 0.00 0.00 0.00 0.00 0.00 0.00
1.18 1.18 1.18 0.00 0.00 0.00 1.90 1.89 1.13 1.86 1.13 1.13 1.91 0.00 0.00 0.00 0.00 0.00 0.00 0.00 0.00 0.00 0.00 0.00 0.00 0.00 0.00 0.00 0.00 0.00 0.00 0.00 0.00 0.00 0.00 0.00 0.00 0.00 0.00 0.00 0.00 0.00 0.00 0.00 0.00 0.00 0.00 0.00 0.00 0.00 0.00 0.00 0.00 0.00 0.00 0.00 0.51 7.98 0.00 0.00 0.00 0.00 0.00 0.00 0.00 0.00 0.00 0.00 0.00 0.64 2.30 0.00 0.00 0.00 0.00 0.00 0.00 0.00 0.00 0.00 0.00 0.00 0.00 0.00
1.92 1.16 1.16 1.16 1.13 1.13 1.13 1.13 1.13 1.13 1.13 1.13 1.91 0.00 0.00 0.00 0.00 0.00 0.00 0.00 0.00 0.00 0.00 0.00 0.00 0.00 0.00 0.00 0.00 0.00 0.00 0.00 0.00 0.00 0.00 0.00 0.00 0.00 0.00 0.00 0.00 0.00 0.00 0.00 0.00 0.00 0.00 0.00 0.00 0.00 0.00 0.00 0.00 0.00 0.00 0.00 0.51 0.51 0.00 0.00 0.00 0.00 0.00 0.00 0.00 0.00 0.00 0.00 0.66 0.48 0.94 0.00 0.00 0.00 0.00 0.00 0.00 0.00 0.00 0.00 0.00 0.00 0.00 0.00
1.16 1.16 1.16 1.16 1.13 1.13 1.13 1.13 1.13 1.13 1.13 1.13 1.91 0.00 0.00 0.00 0.00 0.00 0.00 0.00 0.00 0.00 0.00 0.00 0.00 0.00 0.00 1.91 1.72 1.72 0.00 0.00 0.00 0.00 0.00 0.00 0.00 0.00 0.00 0.00 0.00 0.00 0.00 0.00 0.00 0.00 0.00 0.00 0.00 0.00 0.00 0.00 0.00 0.00 0.00 0.00 0.51 0.51 0.00 0.00 0.00 0.00 0.00 0.00 0.00 0.00 0.00 1.56 0.86 0.48 0.94 2.30 0.00 0.00 0.00 0.00 0.00 0.00 0.00 0.00 0.00 0.00 0.00 0.00
1.16 1.92 1.16 1.16 1.87 1.13 1.13 1.13 1.13 1.13 1.13 1.13 1.11 0.00 0.00 0.00 0.00 0.00 0.00 0.00 0.00 0.00 0.00 0.00 0.00 0.00 0.00 1.10 0.44 0.44 0.00 0.00 0.00 0.00 0.00 0.00 0.00 0.00 0.00 0.00 0.00 0.00 0.00 0.00 0.00 2.75 1.57 0.00 0.00 0.00 0.00 0.00 0.00 0.00 0.00 0.00 0.51 0.51 0.65 0.00 0.00 0.00 0.00 0.00 0.00 0.00 0.00 0.50 0.48 0.48 0.94 0.94 2.30 0.00 0.00 0.00 0.00 0.00 0.00 0.00 0.00 0.91 0.91 7.78
1.16 1.16 1.92 1.16 1.13 1.13 1.13 1.13 1.13 1.13 1.13 1.13 1.11 0.00 0.00 0.00 0.00 0.00 0.00 0.00 0.00 0.00 0.00 0.00 0.00 0.00 2.59 1.10 0.44 0.44 0.00 0.00 0.00 0.00 0.00 0.00 0.00 0.00 0.00 0.00 0.00 0.00 0.00 0.00 0.00 1.57 1.57 1.57 0.00 0.00 0.00 0.00 0.00 0.00 0.00 0.00 0.65 0.51 0.51 0.51 0.49 0.00 7.95 0.49 0.50 0.50 7.95 0.68 0.48 0.48 0.94 0.94 0.94 0.00 0.00 0.00 0.00 0.00 0.00 0.00 0.91 0.91 0.91 0.91
1.15 1.90 1.90 1.15 1.13 1.13 1.13 1.13 1.16 1.16 1.16 1.16 1.15 0.00 0.00 0.00 0.00 0.00 0.00 0.00 0.00 0.00 0.00 0.00 0.00 1.91 1.10 1.10 0.44 8.30 0.00 0.00 0.00 0.00 0.00 0.00 0.00 0.00 0.00 0.00 0.00 0.00 0.00 0.00 0.00 0.53 0.53 0.53 1.57 1.57 0.00 0.00 0.00 0.00 0.00 0.00 0.80 0.71 0.52 0.52 0.49 0.49 0.49 0.49 0.48 0.48 0.66 0.74 0.48 0.53 0.94 0.94 0.97 0.00 0.00 0.00 0.00 0.00 0.00 0.92 1.46 0.90 0.90 0.90
1.15 1.15 1.15 1.15 1.13 1.86 1.13 1.13 1.16 1.16 1.16 1.16 1.15 8.83 0.00 0.00 0.00 0.00 0.00 0.00 0.00 0.00 1.91 0.00 0.00 1.81 1.10 1.10 0.44 0.00 0.00 0.00 0.00 0.00 0.00 0.00 0.00 0.00 0.00 0.00 0.00 0.00 0.00 0.00 0.00 0.53 0.53 0.53 0.54 0.54 0.00 0.00 0.00 0.00 0.00 0.00 8.50 0.52 0.52 0.52 0.49 0.49 0.68 0.49 0.66 0.48 0.48 0.48 0.66 0.48 0.94 0.94 0.97 1.57 7.95 0.00 0.00 0.00 0.92 0.92 0.90 0.90 0.90 0.90
1.15 1.15 1.15 1.15 1.13 1.13 1.13 1.13 1.16 1.16 1.16 1.16 0.42 8.83 0.00 0.00 0.00 0.00 0.00 0.00 2.78 1.13 1.13 1.13 1.10 1.10 1.10 1.10 0.00 0.00 0.00 0.00 0.00 0.00 0.00 0.00 0.00 0.00 0.00 0.00 0.00 0.00 0.00 0.00 1.57 0.53 0.53 0.53 0.54 0.54 0.00 0.00 0.00 0.00 0.00 0.00 0.00 0.52 0.52 0.52 0.49 0.49 0.49 0.49 0.48 0.48 0.48 0.48 0.48 0.48 0.94 0.94 0.97 1.57 0.97 0.97 0.00 0.92 0.92 0.92 0.90 0.90 0.90 0.90
1.15 1.15 1.15 1.15 1.13 1.13 1.13 1.13 1.16 1.16 1.16 1.16 0.42 0.42 0.00 0.00 0.00 0.00 0.00 1.14 1.13 1.13 1.13 1.13 0.57 0.57 1.10 1.10 0.00 0.00 0.00 0.00 0.00 0.00 0.00 0.00 0.00 0.00 0.00 0.00 0.00 0.00 0.00 0.00 0.00 0.53 0.53 0.53 0.54 0.00 0.00 0.00 0.00 0.00 0.00 0.00 1.57 0.52 0.52 0.52 0.49 0.49 0.49 0.49 0.48 0.48 0.48 0.48 0.48 0.48 0.94 1.52 0.97 0.97 0.97 0.97 0.92 0.92 0.92 0.92 0.90 0.90 0.90 0.90
1.14 1.14 1.14 1.14 1.14 1.14 1.14 1.14 1.20 1.20 1.20 0.44 0.43 0.57 0.00 0.00 0.00 0.00 0.00 1.88 1.11 1.11 1.83 1.11 1.11 1.83 1.11 0.00 0.00 0.00 0.00 0.00 0.00 0.00 0.00 0.00 0.00 0.00 0.00 0.00 0.00 0.00 0.00 0.00 0.00 0.54 0.54 0.54 0.00 0.00 0.00 0.00 0.00 0.00 0.00 0.00 0.09 0.51 0.51 0.51 0.48 0.48 0.48 0.65 0.65 0.47 0.47 0.47 0.49 0.49 0.96 0.96 1.59 1.61 0.99 0.99 0.95 0.95 0.95 0.95 0.95 0.95 0.95 0.95
1.14 1.14 1.14 1.88 1.14 1.14 1.14 1.14 1.20 1.20 0.44 0.59 0.29 0.43 0.62 0.00 0.00 0.00 0.00 1.43 1.11 1.11 1.11 1.11 1.11 1.11 1.11 0.00 0.00 0.00 0.00 0.00 0.00 0.00 0.00 0.00 0.00 0.00 0.00 0.00 0.00 0.00 0.00 0.00 0.00 0.00 0.54 0.54 0.00 0.00 0.00 0.00 0.00 0.00 0.00 0.10 0.09 0.51 0.51 0.51 0.48 0.48 0.48 0.48 0.47 0.47 0.72 0.47 0.49 0.49 0.96 0.96 0.99 0.99 0.99 0.99 0.95 0.95 0.95 0.95 0.95 0.95 0.95 0.95
1.14 1.14 1.14 1.14 1.14 1.14 1.14 1.14 3.35 1.20 0.44 0.87 1.16 0.57 1.16 0.43 0.98 0.29 0.29 0.42 1.11 1.11 1.11 1.11 1.11 1.11 1.11 0.00 0.00 0.00 0.00 0.00 0.00 0.00 0.00 0.00 0.00 0.00 0.00 0.00 0.00 0.00 0.00 0.00 0.00 0.00 7.98 0.54 0.55 0.55 0.00 0.00 0.00 0.00 0.10 0.10 0.09 0.51 0.79 0.89 0.48 0.48 0.48 0.65 0.47 0.65 0.65 0.47 0.49 0.49 0.96 0.96 0.99 0.99 0.99 0.99 1.22 1.22 0.37 1.01 0.95 7.78 0.00 0.00
1.14 1.88 1.14 1.14 1.14 1.14 1.14 1.88 1.20 1.20 1.20 1.20 1.16 0.57 1.16 1.16 0.25 0.25 0.34 0.42 1.11 1.11 1.11 1.11 1.11 1.11 1.11 0.00 0.00 0.00 0.00 0.00 0.00 0.00 0.00 0.00 0.00 0.00 0.00 0.00 0.00 0.00 0.00 0.00 0.00 0.00 0.54 0.89 0.55 0.10 0.10 0.55 0.55 0.10 0.10 0.10 0.09 0.51 0.51 0.70 0.48 0.48 0.48 0.48 0.47 0.47 0.47 0.47 0.49 0.49 0.96 0.96 0.99 0.34 0.39 1.27 0.89 0.89 0.00 0.00 0.00 0.00 0.00 0.00
1.16 1.16 1.91 1.16 1.13 1.13 1.13 1.13 1.19 1.19 1.19 1.19 1.17 1.17 1.17 1.17 0.98 0.25 0.29 0.42 1.11 1.11 1.11 1.11 1.13 0.38 0.38 0.00 0.00 0.00 0.00 0.00 0.00 0.00 0.00 0.00 0.00 0.00 0.00 0.00 0.00 0.00 0.00 0.00 0.00 0.00 0.17 0.65 0.54 0.10 0.54 0.54 1.54 0.09 0.09 0.09 0.49 0.49 0.49 0.67 0.48 0.48 0.48 0.48 0.50 0.50 0.50 0.50 0.53 0.53 1.02 1.02 0.61 0.44 1.27 0.93 7.78 0.00 0.00 0.00 0.00 0.00 0.00 0.00
1.91 1.16 1.16 1.16 1.13 1.13 1.13 1.13 1.19 1.19 1.19 1.19 1.17 1.17 1.17 0.98 0.29 0.36 0.29 0.42 1.11 1.11 1.11 1.11 0.75 0.38 0.13 0.00 0.00 0.00 0.00 0.00 0.00 0.00 0.00 0.00 0.00 0.00 0.00 0.00 0.00 0.00 0.00 0.00 0.00 0.75 0.54 0.65 0.54 0.10 0.54 0.54 0.09 0.09 0.09 0.53 0.49 0.49 0.49 0.49 0.48 0.48 0.48 0.48 0.50 0.50 0.50 0.50 0.53 0.53 1.02 0.44 0.44 0.93 0.93 0.93 0.00 0.00 0.00 0.00 0.00 0.00 0.00 0.00
1.33 1.33 2.22 1.33 1.30 1.30 1.30 1.30 1.36 1.36 1.36 1.36 1.40 1.40 0.37 0.37 0.37 0.47 0.68 0.53 1.33 1.33 0.47 0.47 0.49 0.18 0.49 0.00 0.00 0.00 0.00 0.00 0.00 0.00 0.00 0.00 0.00 0.00 0.00 0.00 0.00 0.00 0.00 0.00 1.43 0.64 0.64 0.64 0.64 0.12 0.64 0.64 0.12 0.12 0.63 0.63 0.58 0.58 0.58 0.58 0.54 0.54 0.54 0.54 0.57 0.57 0.57 0.57 0.60 0.60 1.65 0.67 1.39 1.03 1.03 8.36 0.00 0.00 0.00 0.00 0.00 0.00 0.00 0.00
1.33 1.33 1.33 2.20 1.30 1.30 1.30 1.30 1.36 1.36 1.36 1.36 1.40 0.54 0.37 0.37 1.18 0.32 0.53 0.53 0.47 0.47 0.47 0.47 0.49 0.49 0.49 0.00 0.00 0.00 0.00 0.00 0.00 0.00 0.00 0.00 0.00 0.00 0.00 0.00 0.00 0.00 0.00 0.00 0.64 0.64 0.75 0.64 0.12 0.12 0.64 0.12 0.12 0.12 1.54 0.63 0.58 0.58 0.58 0.58 0.54 0.54 0.54 0.54 0.57 0.57 0.57 0.57 0.60 0.11 0.67 1.39 1.80 1.03 8.36 0.00 0.00 0.00 0.00 0.00 0.00 0.00 0.00 0.00
1.33 1.33 2.22 1.33 1.30 1.30 1.30 1.30 1.36 1.36 1.36 1.36 1.40 0.54 0.54 0.37 0.37 0.52 0.54 0.53 0.47 0.47 0.47 0.47 0.55 0.55 9.73 0.00 0.00 0.00 0.00 0.00 0.00 0.00 0.00 0.00 0.00 0.00 0.00 0.00 0.00 0.00 0.00 9.13 1.60 0.64 0.75 0.64 0.12 0.12 0.12 0.12 0.11 0.59 0.59 0.81 0.58 0.58 0.58 0.58 0.59 0.59 0.59 0.59 0.61 0.61 0.61 0.61 0.62 0.27 1.39 1.80 4.09 4.09 0.00 0.00 0.00 0.00 0.00 0.00 0.00 0.00 0.00 0.00
0.50 1.33 2.22 1.33 1.30 1.30 1.30 1.30 1.36 1.36 1.36 1.36 0.54 0.54 0.54 0.54 0.52 0.08 0.14 0.53 0.47 0.47 0.47 0.47 0.55 0.55 0.00 0.00 0.00 0.00 0.00 0.00 0.00 0.00 0.00 1.25 1.24 9.13 0.00 0.00 1.23 1.23 2.05 1.23 0.64 0.75 0.75 0.75 0.12 0.12 0.12 0.12 0.59 1.83 0.81 0.59 0.58 0.58 0.58 0.58 0.59 0.59 0.11 0.11 0.11 0.61 0.61 0.41 0.85 1.83 4.09 4.09 4.09 1.71 1.71 0.00 0.00 0.00 0.00 0.00 0.00 0.00 0.00 0.00
1.33 2.22 1.33 1.33 1.30 1.30 1.30 2.16 1.36 1.36 1.36 0.52 0.54 0.54 0.74 0.09 0.08 0.08 0.10 0.53 0.47 0.47 0.47 0.47 0.55 0.55 9.73 0.00 0.00 0.00 0.00 0.00 0.00 0.00 0.00 1.25 1.24 1.24 1.24 1.24 1.23 1.23 3.01 1.23 1.08 0.75 0.75 0.64 0.12 0.12 0.19 0.63 0.59 0.81 0.59 0.59 0.58 0.58 0.58 0.58 0.59 0.59 0.11 0.11 0.30 0.30 0.85 0.85 2.47 3.20 4.09 4.09 4.09 1.71 1.03 1.03 0.00 0.00 0.00 0.00 0.00 0.00 0.00 0.00
1.33 1.33 1.33 1.33 2.16 1.30 1.30 1.30 1.36 1.36 1.36 0.52 0.54 0.09 0.09 0.09 0.08 0.08 0.08 0.53 0.47 0.47 0.47 0.47 0.55 0.55 9.73 0.00 0.00 0.00 0.00 0.00 0.00 0.00 0.00 1.25 1.24 1.24 1.24 1.24 2.04 1.23 1.23 1.23 0.64 0.64 0.12 0.12 0.12 0.14 0.12 0.12 0.59 0.59 0.59 0.59 0.58 0.58 0.58 0.58 0.59 0.59 0.11 0.30 0.27 0.85 0.30 2.68 3.20 3.20 4.09 7.63 7.63 2.64 1.03 1.03 0.97 0.00 0.00 0.00 0.00 0.00 0.00 0.00
1.32 2.86 1.32 1.32 1.31 1.31 1.31 1.31 1.35 1.35 1.35 2.25 0.08 0.08 0.08 0.08 0.08 0.08 0.08 0.46 0.53 0.53 0.53 0.53 0.56 0.56 9.73 0.00 0.00 0.00 0.00 0.00 0.00 0.00 0.48 0.49 0.52 0.65 1.24 1.24 1.21 1.21 1.57 1.21 0.12 0.12 0.12 0.14 0.11 0.11 0.11 0.11 0.58 0.58 0.58 0.58 0.63 0.63 0.63 0.63 0.63 0.30 0.30 0.27 0.30 0.30 2.68 2.68 3.20 5.51 4.09 4.09 4.09 2.64 2.64 2.64 0.97 0.97 0.00 0.00 0.00 0.00 0.00 0.00
1.32 1.32 2.20 1.32 1.31 1.31 1.31 1.31 1.35 1.35 1.45 0.48 0.14 0.08 0.08 0.08 0.08 0.08 0.46 0.46 0.53 0.53 0.53 0.53 0.56 0.56 0.59 0.00 0.00 0.00 0.00 0.00 0.00 0.00 2.24 0.33 0.47 0.47 1.24 1.24 1.21 2.02 2.02 0.46 0.12 0.12 0.14 0.12 0.11 0.13 0.11 0.11 0.58 0.58 0.58 0.58 0.12 0.12 0.12 0.12 0.27 0.30 0.85 0.85 0.51 0.63 0.51 2.68 2.68 3.20 4.09 4.09 4.09 2.64 2.64 0.50 0.46 1.56 0.67 0.67 1.54 0.00 0.00 0.00
2.20 1.32 1.32 1.32 1.31 1.31 1.31 1.31 1.81 0.78 0.48 0.48 0.48 0.48 0.48 0.08 0.08 0.46 0.46 0.46 0.53 0.53 0.53 0.53 0.56 0.56 0.59 0.45 0.00 0.00 0.00 0.00 0.00 10.21 1.08 1.08 1.67 0.80 1.24 1.24 1.21 1.21 1.21 0.69 0.12 0.14 0.12 0.12 0.11 0.11 0.11 0.11 0.58 0.58 0.11 0.11 0.12 0.31 0.31 0.28 0.27 0.30 0.30 0.51 0.63 0.51 0.51 0.51 0.51 3.20 4.09 1.80 1.39 0.50 0.50 0.44 1.56 1.56 1.56 1.56 0.67 0.67 1.32 0.00
1.32 1.32 1.32 1.32 1.31 1.31 1.31 0.47 0.70 0.48 0.48 0.70 0.69 0.48 0.48 0.48 0.46 0.46 0.46 0.46 0.53 0.53 0.53 0.18 0.56 0.18 0.45 0.45 0.49 0.36 1.08 1.08 1.08 1.08 1.08 0.37 1.24 1.24 1.24 1.24 1.21 1.21 1.21 0.46 0.12 0.14 0.12 0.12 0.11 0.11 0.57 0.56 0.58 0.58 0.58 0.11 0.12 0.35 0.12 0.31 0.27 0.27 0.30 0.51 0.51 0.68 1.02 0.51 0.30 0.30 0.50 0.50 0.50 0.71 1.67 1.67 1.56 1.56 1.56 1.56 2.70 1.58 0.46 1.32
1.40 1.40 1.30 1.30 1.31 0.47 0.67 0.47 0.47 0.47 0.47 0.47 0.46 0.66 0.46 0.46 0.47 0.47 0.47 0.47 0.56 0.56 0.56 0.56 0.18 0.05 0.45 0.45 0.36 0.36 1.08 1.08 1.08 0.33 1.34 0.37 0.65 1.25 1.25 1.25 1.20 1.20 1.20 0.46 0.11 1.53 0.61 0.11 0.11 0.59 1.33 0.59 0.62 0.62 0.62 0.62 1.09 1.09 0.53 0.42 0.30 0.51 0.51 0.51 1.09 0.64 0.64 0.12 0.30 0.30 0.50 0.50 0.50 0.66 1.64 1.64 1.54 2.61 1.54 1.54 1.60 1.60 0.41 0.41
1.07 1.07 1.07 1.07 1.07 0.47 0.67 0.47 0.47 0.47 0.47 0.47 0.66 0.66 0.46 0.46 0.47 0.47 0.47 0.47 0.56 0.56 0.56 0.56 0.18 0.05 0.45 0.05 0.03 0.36 1.08 1.08 1.08 1.08 1.08 0.37 0.65 1.92 1.25 1.25 1.20 1.20 1.20 1.20 1.81 0.61 0.61 0.61 0.59 0.59 0.59 0.59 0.62 0.62 0.62 0.62 1.09 1.09 0.53 0.31 1.02 0.51 0.41 0.65 0.41 0.51 0.64 0.64 0.62 0.12 0.50 0.69 0.70 0.66 1.64 1.64 2.61 1.54 1.54 1.54 1.60 1.60 0.83 0.46
1.07 1.07 1.07 1.07 1.07 1.07 0.47 0.47 0.47 0.47 0.68 0.47 0.46 0.66 0.46 0.46 0.47 0.47 0.47 0.47 0.56 0.56 0.56 0.56 0.05 0.45 0.45 0.05 0.04 0.36 1.08 1.74 0.33 0.47 0.30 0.57 1.20 0.37 1.25 1.25 1.20 1.20 1.20 1.20 0.61 1.96 0.61 0.61 0.59 0.59 0.59 0.59 0.62 0.62 0.62 0.62 1.09 1.09 0.28 0.28 1.02 1.02 0.51 0.51 0.30 0.77 1.59 0.64 0.62 0.62 0.69 0.69 0.66 1.64 1.64 1.64 1.54 1.54 1.54 1.54 1.60 1.60 0.64 0.66
1.07 1.07 1.07 1.07 1.07 1.07 0.47 0.47 0.47 0.47 0.47 0.47 0.46 0.46 0.46 0.46 0.47 0.47 0.47 0.47 0.56 0.56 0.56 0.56 0.05 0.05 0.45 0.04 0.03 0.36 1.08 0.30 0.33 0.37 0.37 0.37 0.57 0.33 0.47 1.25 2.01 1.20 1.20 1.20 0.61 1.36 0.61 0.61 0.59 0.59 0.59 0.59 0.62 0.62 0.62 0.62 1.09 0.53 0.43 0.28 0.41 0.41 0.51 0.45 0.30 0.30 0.51 0.51 0.62 0.62 1.69 2.01 1.91 2.77 2.77 2.72 1.54 1.54 1.54 1.54 1.60 1.60 0.64 0.64
1.05 1.05 1.05 1.05 1.07 1.51 1.07 0.46 0.46 0.46 0.67 0.46 0.47 0.47 0.47 0.47 0.54 0.54 0.54 0.54 0.57 0.57 0.57 0.18 0.05 0.05 0.47 0.57 0.36 0.36 1.08 0.37 1.27 0.64 1.27 0.48 0.47 0.47 1.01 1.25 1.21 1.21 1.21 1.21 0.60 0.60 0.60 0.60 0.61 0.61 0.61 0.61 0.65 0.65 0.65 0.65 0.53 0.53 0.28 0.43 0.43 0.51 0.30 0.49 0.30 0.30 0.30 1.59 1.99 0.62 1.68 2.87 2.74 1.61 1.61 1.61 1.54 1.54 1.54 1.54 1.60 0.64 0.90 0.64
1.05 1.05 1.48 1.05 1.07 1.07 1.07 0.46 0.65 0.46 0.81 0.46 0.47 0.47 0.47 0.47 0.54 0.54 0.54 0.54 0.57 0.57 0.18 0.05 0.05 0.05 0.45 0.45 0.02 0.36 1.17 1.08 1.27 1.27 1.27 1.27 1.25 1.25 1.25 1.25 1.21 1.21 1.21 1.21 0.60 0.60 0.60 0.60 0.61 0.61 0.61 0.61 0.65 0.65 0.65 0.12 1.11 0.43 0.43 0.43 0.47 0.30 0.30 0.51 0.30 0.30 0.64 1.59 1.59 0.94 1.68 1.68 1.61 1.61 2.86 1.61 1.54 1.54 1.54 1.54 1.60 0.64 0.64 0.64
