New_Model_Runs/14_Future_RCP8.5_Scn1_out/post_prcessed_with_MFR/Monthly_summaries/runoff_monthly_DEC.asc
NCOLS 700
NROWS 400
XLLCENTER 515000.000000
YLLCENTER 8409000.000000
CELLSIZE 50.000000
NODATA_value -999.000000
[rows 266 to 303 of 400, columns 168 to 251 of 700]
3.78 3.78 3.78 9.16 3.78 3.78 6.23 6.23 5.67 8.34 2.77 2.77 2.75 2.75 2.75 2.75 2.79 2.79 2.79 2.79 2.83 2.83 2.83 5.76 5.69 5.69 2.78 2.78 3.05 2.12 2.12 5.22 3.92 3.92 3.04 4.78 2.75 2.75 2.75 2.75 2.49 2.49 2.49 1.97 2.47 2.47 2.17 2.17 2.17 1.97 0.80 0.80 1.06 1.06 1.30 1.30 1.16 1.16 1.16 1.16 1.16 1.16 1.47 1.47 1.16 2.89 2.89 1.23 1.47 1.16 1.16 1.16 1.04 2.49 1.04 2.49 2.49 2.49 2.80 1.10 1.10 1.10 1.24 1.66
2.23 2.23 2.23 6.10 3.19 3.19 6.23 6.23 5.67 5.67 2.77 2.77 2.75 2.75 2.75 2.75 2.79 2.79 2.79 2.79 2.83 2.83 2.83 5.76 5.69 5.69 2.78 2.78 3.05 2.12 2.12 10.58 4.39 2.12 3.04 3.04 2.75 2.75 4.68 2.75 2.49 2.49 2.49 1.97 1.97 2.47 2.17 2.17 2.17 1.97 0.80 0.80 0.80 0.80 0.80 1.30 1.16 1.16 2.89 1.16 1.16 1.16 1.16 2.03 1.47 1.16 2.89 2.89 1.47 1.16 1.16 1.16 2.49 2.49 1.04 2.49 2.49 1.31 1.39 1.31 1.31 1.31 1.10 1.10
2.73 2.73 4.85 4.85 3.42 2.23 2.23 6.16 5.59 5.59 2.73 2.73 2.75 2.75 6.58 2.75 2.82 2.82 2.82 2.82 3.05 3.05 3.05 6.13 5.68 2.78 2.78 2.78 2.83 2.34 2.12 4.39 3.07 2.12 2.82 2.82 2.73 2.73 2.73 2.73 2.48 1.97 1.97 2.48 1.97 1.97 2.17 1.97 1.97 1.97 0.80 0.80 0.80 0.80 0.80 0.80 1.16 1.16 1.47 1.16 1.16 1.16 1.16 2.89 1.23 2.89 2.89 2.89 1.23 1.16 1.16 1.16 2.49 2.49 2.49 2.49 1.04 1.10 2.80 1.10 1.66 1.31 1.31 1.10
4.85 2.35 4.85 4.85 2.23 2.23 8.38 4.89 8.01 4.68 3.46 2.43 2.43 2.43 2.75 4.67 2.82 2.82 2.82 2.82 3.05 3.05 11.02 6.13 5.68 2.78 2.78 5.24 2.83 3.64 3.64 4.93 3.07 2.82 2.82 2.82 2.73 2.73 2.73 2.73 2.17 1.97 1.97 1.97 1.97 1.97 1.97 1.97 1.97 1.97 0.80 0.80 0.97 0.97 0.97 0.90 1.47 1.16 1.47 1.23 1.16 1.16 1.16 1.16 1.47 1.23 1.23 1.23 2.89 1.16 1.23 1.16 0.98 1.04 2.49 2.49 1.24 1.66 1.31 2.80 1.66 1.10 1.31 1.31
4.85 2.73 4.85 2.23 2.23 2.23 4.89 4.89 4.68 3.71 4.19 1.62 1.62 2.43 2.75 2.75 2.82 2.82 2.82 2.82 6.58 6.13 6.13 6.13 5.68 2.78 2.78 2.78 5.77 3.64 3.07 3.07 3.07 2.82 2.82 2.82 2.73 2.73 2.73 2.73 1.97 1.97 2.17 1.97 1.97 1.97 1.97 1.78 4.94 0.90 0.90 0.90 0.97 0.90 0.90 0.90 1.47 1.16 1.16 1.31 1.31 1.31 1.16 1.16 1.23 1.47 1.23 2.89 1.16 1.16 1.23 1.16 2.49 2.49 2.49 1.04 1.66 1.66 1.10 1.10 1.66 1.66 1.10 0.14
2.23 4.85 4.85 2.73 2.23 2.73 4.89 4.89 4.68 2.72 1.62 1.62 1.62 1.62 2.03 2.03 2.43 5.76 5.76 6.51 3.91 6.13 6.13 6.13 5.68 2.78 2.78 2.78 3.07 3.07 3.07 4.93 3.07 3.07 2.82 2.82 2.73 2.73 2.73 2.73 1.97 1.97 1.97 1.97 1.97 1.97 1.97 1.78 1.78 0.90 0.90 1.36 0.97 0.97 0.80 0.80 1.16 1.16 3.24 1.90 1.31 1.95 1.31 1.23 2.89 2.89 1.23 2.89 2.89 1.23 1.23 2.89 0.98 2.49 1.24 1.24 1.66 1.66 1.66 2.80 1.66 1.66 0.14 0.14
2.23 4.85 4.85 2.73 2.73 4.73 4.73 4.73 4.59 1.62 1.62 1.62 1.62 2.02 2.02 1.62 1.62 2.72 2.22 2.22 3.18 6.08 3.92 6.14 5.36 2.48 1.73 2.61 2.61 2.61 2.61 2.61 2.61 2.61 1.92 1.92 2.45 1.92 2.45 2.45 1.70 1.70 1.60 1.60 1.60 1.60 1.60 1.42 1.42 1.70 0.94 0.94 0.95 0.95 0.98 0.80 1.16 1.31 3.24 3.24 3.24 1.55 1.31 1.23 2.89 2.89 2.89 2.89 1.47 1.23 1.23 2.89 1.04 2.49 2.49 1.24 1.31 1.66 1.66 1.31 1.31 1.66 0.14 0.14
3.42 4.85 2.23 2.73 4.73 6.41 4.73 6.44 3.53 1.62 1.62 1.62 2.39 2.93 3.11 2.02 1.62 3.13 2.22 2.22 2.71 7.53 7.53 3.35 5.36 0.30 2.61 2.61 2.61 2.61 3.98 2.61 2.61 2.61 2.61 1.73 1.73 1.92 2.45 2.45 1.70 1.70 1.60 1.60 2.28 1.60 1.60 2.06 1.78 1.78 1.70 1.23 0.90 0.80 0.80 0.90 1.60 1.55 3.24 3.24 3.24 1.55 1.55 1.55 3.24 2.89 2.89 2.89 1.16 1.23 1.23 2.89 2.49 1.04 1.04 1.31 1.31 1.66 1.66 1.31 2.80 2.80 0.14 0.14
3.99 3.99 3.99 4.02 3.20 2.19 2.19 2.19 2.23 1.30 1.30 1.30 1.30 1.30 1.64 1.64 1.30 2.23 2.93 1.81 2.22 3.86 6.60 3.86 0.21 0.21 0.21 2.13 2.13 2.13 2.13 2.13 2.13 2.13 2.13 2.09 1.39 1.39 1.54 1.04 0.93 1.27 1.27 1.27 1.27 1.27 1.78 3.71 1.13 1.98 1.27 1.27 0.71 0.62 0.62 0.62 0.70 1.78 1.38 2.44 1.07 1.07 1.07 0.89 1.07 2.44 2.44 2.44 2.15 2.15 2.15 2.15 1.93 1.93 0.95 0.95 0.95 2.20 1.23 2.20 0.95 2.20 1.23 1.23
2.19 3.99 3.99 4.02 3.20 2.19 1.77 2.19 1.30 1.30 1.16 1.30 1.30 1.30 1.64 1.64 1.69 4.06 1.81 1.81 2.22 3.86 0.22 0.22 0.21 0.21 0.21 0.21 2.13 4.40 2.13 2.13 2.13 3.20 4.55 5.02 1.54 1.39 1.54 1.54 1.31 1.31 1.27 1.27 1.27 1.27 1.27 1.27 1.27 1.27 1.27 1.27 1.27 0.71 0.62 0.71 0.70 0.52 1.38 0.89 2.44 1.07 0.89 0.89 2.44 1.07 2.44 2.44 2.44 2.44 2.44 2.44 2.20 0.78 1.23 1.23 0.78 0.78 0.78 0.78 0.78 1.23 1.23 0.95
1.87 3.99 3.99 5.95 3.07 2.19 2.20 2.19 1.30 1.30 1.30 1.30 1.30 1.30 1.04 1.04 1.68 1.68 1.81 2.22 5.43 1.12 0.26 0.22 0.21 0.21 0.21 0.44 2.13 2.13 2.13 2.13 2.13 2.13 2.13 2.24 1.55 1.53 1.61 1.53 1.27 1.98 1.27 1.27 1.27 1.27 1.29 1.43 1.13 4.62 1.27 1.27 1.27 1.43 1.27 0.62 0.52 0.72 2.44 2.44 0.89 0.89 0.89 2.44 2.44 1.07 2.44 2.44 2.44 2.44 2.44 2.44 2.20 0.95 1.23 0.78 0.78 2.72 0.78 0.78 0.78 1.23 1.23 0.95
9.49 1.77 1.77 2.19 3.07 2.19 2.46 1.27 1.30 1.16 1.30 2.23 2.23 1.04 1.04 1.04 1.68 1.68 4.03 6.48 0.22 0.22 0.22 0.22 0.21 0.21 0.21 0.44 2.13 2.13 2.13 2.13 2.13 2.13 4.55 5.60 1.39 1.53 1.39 1.39 1.43 1.43 1.78 1.27 1.43 1.43 1.29 1.29 1.27 1.13 1.27 1.27 1.27 1.27 1.27 1.43 0.52 0.52 2.44 2.44 2.44 0.89 0.89 2.44 2.44 2.44 1.07 4.30 2.44 0.89 0.89 1.07 1.60 3.49 1.23 0.78 0.78 0.78 2.20 0.95 0.95 1.23 1.23 0.78
3.99 1.77 3.99 3.95 5.46 1.77 1.77 1.13 1.16 1.16 3.17 3.17 3.24 3.24 3.24 1.04 1.68 6.84 4.03 3.79 0.22 0.22 0.22 0.22 0.21 0.21 0.21 0.44 2.60 2.13 2.60 5.82 2.60 2.60 4.55 4.55 1.39 1.53 1.53 1.39 1.27 1.84 1.27 1.30 1.29 1.29 1.29 1.29 1.43 1.13 1.27 1.27 1.27 1.27 1.27 1.27 1.34 1.78 2.44 2.44 2.44 2.44 2.44 2.44 2.44 2.44 2.44 2.44 1.07 1.07 1.07 0.89 2.20 2.20 2.20 1.78 1.15 1.23 1.23 0.78 0.78 1.23 1.23 0.78
1.87 3.99 1.77 1.77 3.07 1.77 2.87 2.20 1.16 1.81 3.17 3.17 3.24 3.24 3.24 3.24 4.03 4.03 4.03 3.79 0.22 0.22 0.22 0.22 0.21 0.21 0.21 0.44 0.44 2.13 2.60 6.28 3.75 2.60 4.55 1.55 1.53 1.03 1.55 1.39 1.27 1.27 1.43 1.30 1.29 1.29 1.29 1.29 1.43 1.27 1.27 1.27 1.27 1.27 1.27 1.27 1.19 2.06 1.38 1.07 0.89 2.44 2.44 2.44 2.44 2.44 2.44 2.44 2.31 1.99 1.38 0.89 0.95 0.95 1.01 0.95 0.78 0.78 0.78 1.23 1.23 1.23 1.23 2.20
1.87 3.99 1.77 1.77 3.04 2.19 2.19 1.77 2.23 3.19 3.19 3.19 1.81 2.27 3.95 3.95 1.81 2.23 1.81 2.22 4.71 0.21 0.21 0.21 0.20 0.20 0.20 0.44 0.44 4.16 4.55 4.55 2.60 2.24 4.55 1.55 1.02 1.55 1.39 1.39 1.27 1.43 1.43 1.43 1.28 1.28 1.43 1.43 1.27 1.27 1.27 1.27 2.62 3.71 1.27 1.27 3.17 3.11 3.11 1.38 0.89 0.89 2.44 2.44 2.44 2.44 2.44 0.89 0.89 1.38 1.38 0.89 0.78 0.78 0.78 0.78 0.78 0.78 0.78 0.78 1.23 1.23 1.23 1.23
3.99 3.99 3.99 3.99 3.04 3.04 3.04 3.04 5.78 3.19 3.19 3.19 1.81 4.06 4.06 3.95 1.81 4.00 3.76 2.22 2.22 0.47 0.47 0.21 0.20 0.55 0.44 0.44 2.13 2.24 2.13 4.55 2.13 2.24 2.60 1.55 1.55 1.55 1.39 1.39 1.43 1.43 1.27 1.43 1.43 1.43 1.27 1.43 1.13 1.27 1.27 1.27 1.27 3.71 1.13 2.19 2.06 2.06 2.06 2.06 0.83 2.15 2.15 2.44 2.44 1.07 1.07 1.07 0.89 1.38 1.38 0.89 0.78 0.78 1.23 1.23 1.23 0.78 0.78 0.78 0.78 0.78 1.23 1.23
1.87 1.87 1.87 3.99 1.77 3.04 3.04 3.04 5.78 3.19 3.19 5.78 1.81 1.81 1.91 4.06 4.06 2.23 2.33 4.71 2.22 2.70 2.70 0.47 4.28 4.55 2.60 2.13 2.13 2.13 4.55 4.55 2.60 4.55 1.83 1.55 2.22 1.55 1.55 1.55 1.43 1.43 1.27 1.43 1.43 1.27 1.27 1.13 1.43 1.27 1.27 1.27 1.43 3.71 1.13 2.54 2.06 2.06 2.06 2.06 1.86 2.15 2.15 2.15 0.89 2.31 0.89 0.89 1.24 1.38 0.89 0.89 0.78 0.78 1.23 1.23 0.78 0.78 0.95 0.78 0.78 1.23 0.78 0.78
2.19 1.87 3.99 3.99 3.99 3.04 3.04 3.04 3.19 3.19 3.19 3.19 3.95 3.95 2.23 4.06 8.26 1.81 4.71 4.71 2.33 4.71 10.80 4.71 4.55 4.55 2.13 2.13 4.55 4.55 4.55 4.55 4.55 4.55 1.04 1.55 1.55 1.55 1.55 1.55 1.43 1.43 1.43 1.43 1.43 1.43 1.27 1.27 1.27 1.27 3.71 1.61 2.87 3.71 0.83 1.30 4.46 4.46 2.06 2.06 1.86 4.06 2.15 2.15 1.38 1.07 0.89 0.89 0.89 1.38 1.38 0.89 0.78 0.78 1.23 1.23 0.78 0.78 0.95 0.78 0.78 1.23 0.78 1.23
3.25 3.99 1.87 1.87 2.68 2.19 6.59 3.99 4.06 3.22 3.22 2.23 3.95 2.23 4.06 4.06 4.06 2.91 8.07 4.71 4.71 4.71 8.07 4.71 4.55 6.13 7.86 4.55 4.55 4.55 4.55 4.55 7.78 4.55 1.03 1.03 1.39 1.55 1.55 1.55 1.30 1.27 1.27 1.27 1.27 1.27 1.43 1.13 1.27 1.27 1.27 1.13 1.43 1.43 3.71 1.27 1.19 4.46 2.91 2.28 1.86 4.06 4.06 0.78 2.44 0.89 0.89 0.89 0.89 1.38 1.38 1.24 0.78 0.78 0.78 0.78 0.78 0.78 0.78 0.78 1.23 1.23 0.78 1.23
3.99 1.87 1.77 2.19 3.99 1.77 5.37 1.87 4.06 1.91 2.23 2.23 4.06 4.06 4.06 4.06 1.91 1.91 4.71 4.71 4.71 2.33 2.33 4.71 2.13 4.28 4.55 6.21 2.24 4.55 4.55 4.55 4.55 4.55 1.55 1.55 1.02 1.50 1.50 1.50 1.43 1.27 1.27 1.27 1.27 1.27 1.43 1.13 1.27 1.27 1.27 2.91 1.27 3.71 1.13 1.27 1.19 1.05 4.46 2.91 1.86 4.06 4.06 1.86 0.89 2.44 1.14 2.44 2.44 0.89 0.89 0.89 0.78 0.78 0.78 0.78 0.78 0.78 0.78 1.23 1.23 0.78 0.78 2.20
3.99 1.87 2.19 2.19 2.19 2.19 3.99 3.99 2.25 2.23 5.68 4.06 4.06 4.06 4.06 2.23 4.06 4.71 4.21 2.22 2.22 2.33 2.33 4.71 4.55 2.24 4.55 2.24 2.24 4.55 4.55 4.55 4.55 4.55 4.55 4.55 2.13 2.13 2.13 4.13 1.30 1.27 1.27 1.27 1.43 1.43 1.92 1.43 1.43 1.43 1.43 1.43 1.43 1.43 1.43 1.43 1.34 1.19 1.19 4.46 4.46 4.06 6.87 1.86 1.86 2.44 2.44 2.44 1.07 2.44 0.89 0.89 0.78 0.78 0.78 0.78 0.78 0.78 1.23 0.89 0.73 0.68 0.68 0.68
3.99 3.99 2.19 3.99 2.19 5.41 3.99 1.87 1.91 4.06 4.06 4.06 4.06 4.06 4.06 2.23 1.91 2.33 2.70 2.70 2.70 4.13 2.33 2.70 2.13 3.20 4.55 2.24 2.24 4.55 4.55 3.40 4.55 4.55 4.55 4.55 2.13 2.13 2.13 2.13 3.19 1.30 1.27 1.27 1.43 1.43 4.72 1.13 3.71 1.43 1.43 2.02 1.43 1.27 1.43 1.43 2.27 1.05 1.19 1.34 1.58 4.06 4.06 1.86 5.48 2.39 0.89 0.89 0.89 0.89 0.89 0.89 2.20 2.20 0.78 0.78 0.78 0.78 0.89 0.68 0.68 0.73 0.73 0.68
3.99 3.99 6.68 3.99 4.19 1.87 3.99 1.87 5.47 8.26 1.81 1.81 1.91 1.81 2.75 1.81 1.91 2.33 2.70 2.70 2.70 2.33 3.50 2.22 2.13 2.13 2.13 4.55 2.13 4.55 4.55 2.24 2.13 2.13 4.55 6.21 2.24 2.13 4.40 2.13 1.98 1.98 1.32 1.43 1.28 3.71 1.43 4.27 1.43 1.43 1.26 1.26 1.27 1.43 1.43 2.03 1.34 1.05 3.52 3.52 3.52 4.06 6.87 4.06 1.95 1.86 2.06 0.89 1.07 0.89 0.89 0.89 0.78 0.78 0.78 0.68 0.73 0.73 0.89 1.01 0.73 0.73 0.73 0.73
1.87 5.39 1.87 3.99 3.99 3.99 3.99 6.43 4.06 1.91 1.81 1.81 4.06 4.06 1.81 1.81 2.23 3.72 4.02 2.33 4.71 4.71 2.22 2.22 2.13 2.13 2.13 2.13 3.06 2.24 2.24 2.13 2.60 2.60 4.55 4.55 2.13 2.13 2.13 2.13 1.98 1.98 3.24 1.32 1.28 5.10 1.43 4.27 1.27 1.43 1.43 1.26 1.29 1.29 1.29 1.29 1.34 3.52 1.19 1.19 4.94 4.06 1.86 4.06 1.95 1.95 1.95 1.86 0.89 0.89 0.89 0.89 0.68 0.68 0.68 0.68 0.73 1.02 0.73 0.73 0.73 0.73 0.73 0.95
1.63 3.56 1.92 3.66 3.56 1.92 5.92 3.56 3.62 3.62 6.02 3.62 3.62 3.62 1.58 1.96 1.58 1.94 2.38 2.38 2.38 1.94 1.94 1.94 1.85 1.85 1.85 1.85 1.85 1.85 2.27 4.05 4.05 2.27 1.85 5.39 4.05 2.27 1.85 1.85 1.33 1.33 0.94 1.10 0.94 0.94 0.94 0.94 0.94 0.94 0.94 0.94 1.07 1.07 2.06 2.06 0.87 0.87 2.48 2.48 2.90 1.23 1.23 2.90 2.90 1.30 1.30 1.30 1.53 0.75 0.75 0.75 0.78 1.03 0.78 0.78 0.78 0.64 0.60 0.64 0.64 0.64 0.83 0.83
1.63 1.92 1.63 3.56 3.56 1.63 5.92 3.56 3.62 3.62 1.96 1.96 1.67 3.62 1.58 1.58 1.94 1.94 2.38 2.38 2.38 2.38 1.94 1.94 1.85 1.85 1.85 1.85 1.85 1.85 2.27 2.27 4.05 4.05 1.95 1.85 1.85 4.05 1.85 1.85 1.33 1.33 0.83 1.10 0.94 0.94 0.94 1.06 1.05 1.05 0.94 0.94 1.07 1.07 1.07 2.06 0.87 0.87 0.67 2.48 2.90 1.30 1.23 1.23 1.84 1.23 1.23 1.30 2.90 1.37 0.75 0.75 0.60 0.78 0.78 0.64 0.78 0.78 1.69 0.64 0.64 0.83 0.83 0.83
1.63 3.56 3.56 1.92 1.55 1.92 1.92 1.63 1.58 3.62 1.96 1.96 1.67 3.62 1.67 3.62 1.94 1.94 2.38 3.67 2.38 2.38 2.38 1.94 1.85 1.85 1.85 2.27 1.85 1.85 1.85 1.85 2.27 4.05 1.85 1.85 1.85 1.85 1.85 2.27 1.33 1.33 1.66 1.10 0.94 0.94 0.94 1.06 1.05 1.05 1.05 1.05 1.08 1.08 1.08 1.08 1.01 0.87 0.87 2.48 2.90 1.23 2.90 1.23 1.23 1.23 1.23 1.23 1.53 2.54 1.37 0.75 0.60 0.60 0.78 0.78 0.78 0.78 1.69 0.83 0.83 0.83 0.83 0.83
3.56 1.63 3.56 3.56 3.56 1.63 1.92 3.56 1.58 3.62 1.58 1.96 1.96 1.58 1.67 1.67 4.21 1.94 2.38 2.38 2.38 2.38 2.90 1.94 1.85 1.85 1.85 2.27 1.85 1.85 1.85 2.27 4.05 4.05 1.85 1.85 2.27 3.28 3.33 1.95 1.33 1.66 1.66 1.53 1.06 0.83 1.06 1.06 1.05 1.05 1.05 1.05 1.08 0.94 0.83 1.08 1.01 0.69 0.67 2.48 2.90 1.53 1.53 2.90 1.23 1.23 1.23 2.25 1.53 1.53 1.53 1.23 0.78 0.60 0.78 0.78 0.78 1.69 1.93 1.93 0.83 0.83 0.83 0.83
5.92 3.56 1.63 3.56 3.56 1.63 1.55 1.55 1.96 1.67 1.58 1.58 1.58 1.58 3.62 1.58 4.21 4.21 4.21 4.21 2.05 2.05 1.94 1.94 1.85 4.05 1.95 2.27 1.85 1.85 1.95 4.05 4.05 1.95 1.85 1.85 1.85 1.85 2.79 4.05 1.66 1.66 1.66 4.80 4.80 1.06 1.06 1.06 1.05 1.05 1.05 0.94 0.94 0.94 0.94 0.94 1.01 1.01 2.48 0.67 2.90 1.23 1.23 2.90 2.90 1.30 1.30 1.30 1.53 1.23 1.23 1.23 1.08 1.08 0.78 0.60 0.64 0.83 1.93 1.93 1.93 1.93 1.93 0.83
3.56 3.56 3.56 1.63 1.92 1.55 1.55 1.55 1.96 1.67 3.62 3.62 1.58 1.58 1.58 1.58 1.94 4.21 4.21 4.21 2.05 4.21 7.16 4.21 1.85 1.95 4.05 1.85 1.85 5.46 1.95 4.05 4.05 1.85 4.05 2.27 1.85 4.05 1.95 5.05 1.33 1.33 1.33 1.66 4.80 4.80 4.80 3.13 3.13 1.05 1.05 0.94 0.83 0.83 0.94 0.83 1.01 1.01 1.01 1.01 2.90 1.23 1.23 2.90 2.90 2.90 1.23 1.23 1.30 2.90 1.23 1.23 1.08 1.08 1.35 0.64 0.64 0.64 1.69 1.93 0.89 1.93 1.93 0.83
3.56 3.56 1.63 1.63 1.63 1.92 1.92 1.92 1.96 1.96 1.96 3.62 1.67 1.58 1.58 1.94 1.94 2.05 4.21 4.21 4.21 4.21 4.21 2.05 2.27 2.27 3.49 1.85 2.27 1.85 1.85 4.05 4.05 4.05 1.85 1.85 1.85 1.85 1.95 2.27 3.13 3.13 3.13 1.66 4.80 1.66 4.80 4.80 3.13 1.06 1.06 1.06 0.83 0.83 1.18 0.83 0.99 1.52 0.99 0.99 2.90 4.82 1.23 1.23 1.23 1.23 2.90 1.30 2.90 1.53 1.53 1.23 1.08 1.35 1.35 1.35 0.64 0.64 0.64 0.64 1.93 1.93 0.68 0.83
3.56 3.56 2.47 1.63 3.56 1.92 1.92 1.92 1.96 1.96 3.02 2.88 4.78 1.96 3.62 2.05 1.94 4.21 2.38 2.38 4.21 4.21 4.21 4.21 4.05 2.27 2.27 4.05 2.27 4.05 1.95 1.85 4.05 4.05 1.85 1.85 1.95 1.85 1.85 2.87 1.33 1.33 1.33 1.33 1.33 1.66 4.80 4.80 4.80 1.06 1.06 1.06 1.07 0.83 1.22 0.83 0.99 0.99 0.87 1.53 2.90 2.90 1.23 1.23 1.53 1.53 1.23 1.23 1.30 1.23 2.90 1.30 1.08 1.35 1.35 1.35 1.35 0.60 1.69 1.69 1.69 1.93 1.93 0.68
3.56 3.56 1.63 1.63 1.63 1.92 1.92 1.92 1.96 1.96 3.62 3.62 1.96 1.96 1.96 4.21 2.05 1.94 2.38 2.38 1.94 4.21 1.94 4.21 4.05 4.05 4.05 2.27 4.05 4.05 4.05 4.05 4.05 4.05 4.05 1.95 1.95 1.95 1.85 1.85 1.33 1.33 1.33 1.33 1.33 1.66 1.66 1.66 2.65 1.06 1.06 1.06 1.07 1.07 0.94 1.07 0.99 0.87 0.87 1.53 2.90 1.30 1.23 1.23 2.90 1.53 1.30 1.23 1.23 1.23 1.23 1.30 1.08 1.35 1.14 1.35 2.58 2.58 1.69 1.69 0.78 0.68 1.93 0.68
1.92 1.92 1.63 3.56 1.92 1.92 3.56 1.92 1.96 1.96 1.96 3.62 3.62 1.58 1.96 2.05 2.05 4.21 4.21 1.94 1.94 1.94 1.94 1.94 4.05 1.95 4.05 4.05 4.05 4.05 4.05 4.05 4.05 4.05 2.75 1.85 1.95 1.95 4.05 1.85 1.33 1.33 1.33 1.33 1.33 1.33 1.66 1.33 1.33 1.33 0.94 1.06 1.07 1.07 0.94 1.07 2.90 0.87 1.23 1.53 1.23 1.30 1.53 1.23 1.30 1.30 1.30 1.23 1.53 1.23 1.23 1.23 1.08 2.58 2.58 1.35 1.14 2.58 2.58 0.60 1.69 1.93 0.83 1.93
1.55 1.55 1.55 3.56 3.56 1.55 1.55 3.56 3.62 1.58 1.58 1.67 1.58 1.58 3.62 4.21 2.05 2.05 2.05 1.94 4.21 1.94 2.38 1.94 1.85 4.05 4.05 4.05 4.05 4.05 1.95 4.05 4.05 4.05 4.05 3.69 4.05 4.05 1.85 1.85 1.33 1.33 1.33 1.33 1.33 1.33 1.33 1.33 1.33 1.33 1.66 1.33 2.65 1.06 1.06 1.06 0.77 1.23 1.53 1.53 2.90 1.53 1.53 1.23 1.30 1.23 1.23 2.90 2.90 1.23 1.23 1.53 2.58 1.14 1.14 2.58 2.58 2.58 2.58 2.58 1.69 0.78 0.89 0.83
1.55 1.55 1.92 3.56 3.56 1.63 1.63 1.55 1.58 1.58 1.58 1.67 1.58 1.58 1.94 1.94 4.21 4.21 4.21 5.22 1.94 1.94 1.94 2.05 1.85 1.85 2.27 4.05 4.05 4.05 5.39 4.05 1.95 4.05 4.05 4.05 4.05 1.85 2.27 2.27 1.33 3.13 3.13 1.33 1.33 1.33 1.41 1.41 1.33 2.39 1.33 1.33 1.33 1.33 0.94 1.06 1.23 1.23 1.23 1.53 2.90 1.23 1.53 1.23 1.30 1.23 1.23 1.23 4.82 2.90 2.90 1.30 2.58 2.58 2.58 1.14 2.58 1.14 2.58 2.58 2.58 1.69 0.89 0.83
1.92 1.92 1.55 1.55 3.56 3.56 1.63 1.55 1.96 1.58 3.62 3.62 3.62 1.58 1.94 4.21 4.21 4.21 4.21 1.94 2.90 1.94 1.94 1.94 1.85 1.85 2.27 4.05 1.95 4.05 1.85 1.95 1.85 4.05 1.85 2.27 4.05 4.05 6.86 4.05 1.33 1.41 1.41 1.41 1.33 1.33 1.41 1.41 1.66 1.41 1.41 2.41 1.99 1.33 0.94 1.33 1.23 1.23 1.23 1.23 2.90 1.23 1.23 1.23 1.53 1.23 1.23 1.23 2.90 1.23 1.23 2.90 2.58 2.58 2.58 2.58 2.58 1.42 2.87 2.58 2.58 2.87 1.93 1.93
1.92 3.56 3.56 1.63 3.56 3.56 1.63 1.63 1.96 1.58 3.62 3.62 3.62 1.58 1.94 1.94 4.21 4.21 5.64 1.94 2.38 1.94 2.05 1.94 2.27 4.05 4.05 2.27 4.05 2.27 2.27 1.85 1.85 2.27 1.85 1.85 2.27 1.95 1.95 4.05 3.13 1.41 1.33 1.33 1.33 1.66 1.66 1.33 1.33 1.33 1.33 1.66 1.66 1.33 2.65 1.33 1.23 1.23 1.23 1.30 1.30 1.23 1.30 1.23 1.23 1.23 1.23 1.23 1.23 1.53 1.30 1.23 1.14 2.58 2.58 2.58 2.58 1.50 2.87 1.20 2.87 2.87 2.87 1.93
