New_Model_Runs/14_Future_RCP8.5_Scn1_out/post_prcessed_with_MFR/Monthly_summaries/runoff_monthly_SEP.asc
NCOLS 700
NROWS 400
XLLCENTER 515000.000000
YLLCENTER 8409000.000000
CELLSIZE 50.000000
NODATA_value -999.000000
[rows 259 to 295 of 400, columns 168 to 251 of 700]
2.37 4.70 4.70 4.80 4.71 4.71 4.71 4.71 4.70 2.16 2.16 1.72 1.72 1.72 2.13 2.13 2.14 2.14 2.14 2.14 4.76 4.76 4.76 2.19 2.26 2.26 2.26 2.26 2.27 2.27 2.27 2.27 2.27 2.27 2.27 2.27 3.42 2.24 2.24 2.24 2.00 2.00 2.00 2.00 1.99 1.99 1.99 1.99 1.60 1.44 1.44 3.59 3.59 6.61 3.59 6.61 4.74 2.80 2.32 2.32 2.32 2.80 2.80 2.32 2.43 4.74 2.32 2.32 2.32 2.80 2.32 2.32 1.89 1.99 1.89 4.00 4.00 4.00 4.00 4.00 4.00 4.00 4.00 1.89
2.74 2.74 2.74 4.78 4.69 4.69 4.69 8.29 4.67 3.26 2.14 2.14 2.12 2.12 2.12 2.12 3.25 3.25 2.13 2.13 4.74 4.74 8.40 2.18 4.71 3.45 2.25 2.25 2.29 2.29 2.29 2.29 3.51 2.29 2.29 2.29 3.42 2.23 2.23 2.23 2.00 2.00 2.00 2.00 1.97 1.38 1.97 1.97 2.02 1.44 1.44 2.51 2.51 3.74 6.61 3.59 2.32 2.32 2.43 2.32 2.32 2.32 2.32 2.32 4.74 4.74 4.74 2.32 2.32 2.32 2.32 2.32 1.89 1.89 1.99 1.99 1.89 1.89 4.00 4.00 4.00 4.00 1.89 1.89
4.29 6.46 2.37 2.74 4.69 12.19 4.69 4.69 4.67 2.14 2.14 2.14 2.12 1.49 2.12 2.12 2.13 3.92 3.25 2.13 2.18 4.74 4.74 4.74 2.25 2.25 2.25 6.67 2.29 3.50 2.29 2.29 2.29 2.29 2.29 2.29 2.23 2.23 2.23 2.23 2.00 2.00 2.00 2.00 1.97 1.97 1.97 1.97 2.02 2.02 3.05 2.58 2.63 5.94 3.74 6.61 2.32 2.43 2.32 2.32 2.32 2.32 2.32 2.32 2.43 2.43 4.74 4.74 2.80 2.32 2.32 2.32 1.89 1.89 1.89 1.89 1.89 4.00 4.00 4.00 4.00 4.00 1.89 2.30
2.26 2.74 2.26 2.74 4.69 4.69 4.69 4.69 4.67 4.67 2.14 2.14 1.49 1.49 3.22 2.12 2.13 2.13 2.13 2.13 2.18 4.74 4.74 4.74 4.87 2.25 2.25 4.87 4.93 4.93 2.29 2.29 2.29 2.29 3.51 2.29 2.23 3.42 2.23 2.23 2.00 2.00 2.00 2.00 1.97 1.97 1.97 1.97 2.02 2.02 2.02 2.58 2.63 2.76 3.59 6.61 2.32 2.43 2.32 2.32 2.32 2.32 2.80 2.80 2.43 2.43 4.74 2.32 2.32 2.80 2.80 4.74 1.89 1.89 1.89 1.89 1.89 4.00 4.00 4.00 4.00 1.89 1.99 4.00
2.26 2.26 2.74 4.78 4.69 4.69 8.30 4.69 4.67 4.67 2.14 3.38 2.12 2.12 2.12 2.12 2.13 2.13 2.13 2.13 2.18 2.18 4.74 4.74 8.53 2.25 2.25 2.25 4.93 4.93 4.93 2.29 2.29 2.29 2.29 2.29 2.23 2.23 2.23 2.23 3.62 3.02 2.00 2.00 1.97 1.97 1.60 1.60 1.60 1.60 2.02 2.58 2.63 2.76 3.59 3.59 2.32 2.32 2.32 2.32 4.74 4.74 2.43 2.32 2.32 4.74 4.74 2.32 2.32 2.80 4.74 2.43 4.00 2.30 1.89 4.00 1.89 1.99 4.00 4.00 4.00 4.00 4.00 1.89
2.74 2.74 3.41 4.70 4.69 4.69 4.69 4.69 4.64 4.64 2.12 2.12 2.11 2.11 2.11 2.11 2.14 2.14 2.14 2.14 2.17 2.17 2.17 4.72 4.84 2.24 2.24 2.24 3.47 4.92 4.92 2.28 2.28 2.28 2.28 2.28 2.21 2.21 2.21 2.21 1.99 1.99 1.99 1.99 1.98 1.98 1.60 1.44 1.44 1.44 2.00 2.51 2.51 2.51 3.59 3.59 2.32 2.32 4.74 4.74 4.74 2.32 2.32 2.32 2.32 4.74 4.74 2.32 2.43 4.74 4.74 2.32 1.99 4.00 1.89 4.00 4.00 4.00 4.00 4.00 1.99 1.99 1.99 1.89
2.74 2.26 2.26 4.70 2.37 2.37 4.69 4.69 8.21 4.64 2.12 2.12 2.11 2.11 2.11 2.11 2.14 2.14 2.14 2.14 2.17 2.17 2.17 4.72 4.84 2.24 2.24 2.24 2.28 2.28 2.84 1.73 2.28 2.28 2.28 2.28 2.21 4.08 3.37 2.21 1.99 1.99 1.99 2.21 1.98 1.98 1.60 1.44 1.44 1.44 2.51 2.51 2.51 3.59 3.59 5.69 2.32 2.32 2.32 2.43 4.74 2.32 2.32 4.74 2.43 2.80 4.74 4.74 4.74 4.74 2.32 2.32 1.89 1.89 1.89 4.00 4.00 4.00 4.00 4.00 4.00 1.89 1.99 1.89
2.74 2.74 2.74 6.76 2.74 2.74 4.69 4.69 4.64 6.32 2.12 2.12 2.11 2.11 2.11 2.11 2.14 2.14 2.14 2.14 2.17 2.17 2.17 4.72 4.84 4.84 2.24 2.24 2.28 1.55 1.55 3.84 2.71 2.71 2.28 3.45 2.21 2.21 2.21 2.21 1.99 1.99 1.99 1.44 1.98 1.98 1.60 1.60 1.60 1.44 2.51 2.51 3.65 3.65 3.59 3.59 2.32 2.32 2.32 2.32 2.32 2.32 2.80 2.80 2.32 4.74 4.74 2.43 2.80 2.32 2.32 2.32 1.99 4.00 1.99 4.00 4.00 4.00 4.38 2.09 2.09 2.09 2.30 2.91
2.34 2.34 2.34 4.70 2.26 2.26 4.69 4.69 4.64 4.64 2.12 2.12 2.11 2.11 2.11 2.11 2.14 2.14 2.14 2.14 2.17 2.17 2.17 4.72 4.84 4.84 2.24 2.24 2.28 1.55 1.55 7.28 3.15 1.55 2.28 2.28 2.21 2.21 3.37 2.21 1.99 1.99 1.99 1.44 1.44 1.98 1.60 1.60 1.60 1.44 2.51 2.51 2.51 2.51 2.51 3.59 2.32 2.32 4.74 2.32 2.32 2.32 2.32 4.15 2.80 2.32 4.74 4.74 2.80 2.32 2.32 2.32 4.00 4.00 1.99 4.00 4.00 2.41 2.53 2.41 2.41 2.41 2.09 2.09
2.75 2.75 4.45 4.45 3.93 2.34 2.34 4.64 4.57 4.57 2.09 2.09 2.10 2.10 4.43 2.10 2.17 2.17 2.17 2.17 2.18 2.18 2.18 4.75 4.83 2.23 2.23 2.23 2.27 1.73 1.55 3.15 2.35 1.55 2.27 2.27 2.19 2.19 2.19 2.19 1.98 1.44 1.44 1.98 1.44 1.44 1.60 1.44 1.44 1.44 2.51 2.51 2.51 2.51 2.51 2.51 2.32 2.32 2.80 2.32 2.32 2.32 2.32 4.74 2.43 4.74 4.74 4.74 2.43 2.32 2.32 2.32 4.00 4.00 4.00 4.00 1.99 2.09 4.38 2.09 2.91 2.41 2.41 2.09
4.45 2.44 4.45 4.45 2.34 2.34 5.45 3.30 5.36 3.25 2.12 1.72 1.72 1.72 2.10 3.20 2.17 2.17 2.17 2.17 2.18 2.18 8.42 4.75 4.83 2.23 2.23 4.25 2.27 2.84 2.84 3.55 2.35 2.27 2.27 2.27 2.19 2.19 2.19 2.19 1.60 1.44 1.44 1.44 1.44 1.44 1.44 1.44 1.44 1.44 2.51 2.51 2.56 2.56 2.56 2.76 2.80 2.32 2.80 2.43 2.32 2.32 2.32 2.32 2.80 2.43 2.43 2.43 4.74 2.32 2.43 2.32 1.89 1.99 4.00 4.00 2.30 2.91 2.41 4.38 2.91 2.09 2.41 2.41
4.45 2.75 4.45 2.34 2.34 2.34 3.30 3.30 3.25 4.24 4.04 1.87 1.87 1.72 2.10 2.10 2.17 2.17 2.17 2.17 4.62 4.75 4.75 4.75 4.83 2.23 2.23 2.23 4.91 2.84 2.35 2.35 2.35 2.27 2.27 2.27 2.19 2.19 2.19 2.19 1.44 1.44 1.60 1.44 1.44 1.44 1.44 1.28 4.00 2.76 2.76 2.76 2.56 2.76 2.76 2.76 2.80 2.32 2.32 2.55 2.55 2.55 2.32 2.32 2.43 2.80 2.43 4.74 2.32 2.32 2.43 2.32 4.00 4.00 4.00 1.99 2.91 2.91 2.09 2.09 2.91 2.91 2.09 0.46
2.34 4.45 4.45 2.75 2.34 2.75 3.30 3.30 3.25 2.82 1.87 1.87 1.87 1.87 1.20 1.20 1.72 4.71 4.71 5.06 2.88 4.75 4.75 4.75 4.83 2.23 2.23 2.23 2.35 2.35 2.35 3.55 2.35 2.35 2.27 2.27 2.19 2.19 2.19 2.19 1.44 1.44 1.44 1.44 1.44 1.44 1.44 1.28 1.28 2.76 2.76 3.97 2.56 2.56 2.51 2.51 2.32 2.32 5.17 3.96 2.55 3.50 2.55 2.43 4.74 4.74 2.43 4.74 4.74 2.43 2.43 4.74 1.89 4.00 2.30 2.30 2.91 2.91 2.91 4.38 2.91 2.91 0.46 0.46
2.34 4.45 4.45 2.75 2.75 3.19 3.19 3.19 3.19 1.87 1.87 1.87 1.87 1.19 1.19 1.87 1.87 2.82 2.40 2.40 2.33 4.81 2.88 4.75 4.67 2.29 1.67 2.39 2.39 2.39 2.39 2.39 2.39 2.39 1.83 1.83 2.26 1.83 2.26 2.26 2.04 2.04 1.56 1.56 1.56 1.56 1.56 1.41 1.41 2.03 2.51 2.51 2.53 2.53 2.59 2.51 2.32 2.55 5.17 5.17 5.17 2.93 2.55 2.43 4.74 4.74 4.74 4.74 2.80 2.43 2.43 4.74 1.99 4.00 4.00 2.30 2.41 2.91 2.91 2.41 2.41 2.91 0.46 0.46
3.93 4.45 2.34 2.75 3.19 4.06 3.19 4.07 3.28 1.87 1.87 1.87 3.07 2.06 1.67 1.19 1.87 3.74 2.40 2.40 2.38 6.31 6.31 2.88 4.67 0.43 2.39 2.39 2.39 2.39 3.91 2.39 2.39 2.39 2.39 1.67 1.67 1.83 2.26 2.26 2.04 2.04 1.56 1.56 2.42 1.56 1.56 2.23 1.71 1.71 2.03 4.10 2.76 2.51 2.51 2.76 3.33 2.93 5.17 5.17 5.17 2.93 2.93 2.93 5.17 4.74 4.74 4.74 2.32 2.43 2.43 4.74 4.00 1.99 1.99 2.41 2.41 2.91 2.91 2.41 4.38 4.38 0.46 0.46
2.66 2.66 2.66 2.65 2.56 1.28 1.28 1.28 1.30 0.66 0.66 0.66 0.66 0.66 0.92 0.92 0.66 1.30 1.46 1.00 1.93 2.83 4.73 2.83 0.03 0.03 0.03 1.90 1.90 1.90 1.90 1.90 1.90 1.90 1.90 2.19 1.31 1.31 0.93 0.55 0.49 1.22 1.22 1.22 1.22 1.22 1.87 3.17 1.11 2.11 1.22 1.22 1.54 1.38 1.38 1.38 0.84 3.49 2.91 4.38 2.41 2.41 2.41 2.08 2.41 4.38 4.38 4.38 4.00 4.00 4.00 4.00 3.52 3.52 2.09 2.09 2.09 3.87 2.53 3.87 2.09 3.87 2.53 2.53
1.28 2.66 2.66 2.65 2.56 1.28 0.99 1.28 0.66 0.66 0.57 0.66 0.66 0.66 0.92 0.92 0.95 2.65 1.00 1.00 1.93 2.83 0.03 0.03 0.03 0.03 0.03 0.03 1.90 4.35 1.90 1.90 1.90 3.06 3.82 3.60 0.93 1.31 0.93 0.93 0.82 0.82 1.22 1.22 1.22 1.22 1.22 1.22 1.22 1.22 1.22 1.22 1.22 1.54 1.38 1.54 0.84 1.37 2.91 2.08 4.38 2.41 2.08 2.08 4.38 2.41 4.38 4.38 4.38 4.38 4.38 4.38 3.87 1.80 2.53 2.53 1.80 1.80 1.80 1.80 1.80 2.53 2.53 2.09
1.06 2.66 2.66 4.28 2.51 1.28 1.32 1.28 0.66 0.66 0.66 0.66 0.66 0.66 0.91 0.91 0.94 0.94 1.00 1.93 4.32 0.28 0.03 0.03 0.02 0.02 0.02 0.53 1.90 1.90 1.90 1.90 1.90 1.90 1.90 1.99 1.44 0.92 0.97 0.92 1.22 2.03 1.22 1.22 1.22 1.22 0.80 1.35 1.11 4.15 1.22 1.22 1.22 1.35 1.22 1.38 1.37 0.85 4.38 4.38 2.08 2.08 2.08 4.38 4.38 2.41 4.38 4.38 4.38 4.38 4.38 4.38 3.87 2.09 2.53 1.80 1.80 5.23 1.80 1.80 1.80 2.53 2.53 2.09
7.58 0.99 0.99 1.28 2.51 1.28 1.24 0.66 0.66 0.57 0.66 1.30 1.30 0.91 0.91 0.91 0.94 0.94 2.63 5.32 0.03 0.03 0.03 0.03 0.02 0.02 0.02 0.53 1.90 1.90 1.90 1.90 1.90 1.90 3.82 4.91 1.31 0.92 1.31 1.31 1.35 1.35 1.87 1.22 1.35 1.35 0.80 0.80 1.22 1.11 1.22 1.22 1.22 1.22 1.22 1.35 1.37 1.37 4.38 4.38 4.38 2.08 2.08 4.38 4.38 4.38 2.41 7.65 4.38 2.08 2.08 2.41 3.93 6.70 2.53 1.80 1.80 1.80 3.87 2.09 2.09 2.53 2.53 1.80
2.66 0.99 2.66 2.60 3.37 0.99 0.99 0.57 0.57 0.57 2.50 2.50 2.56 2.56 2.56 0.91 0.94 4.39 2.63 2.78 0.03 0.03 0.03 0.03 0.02 0.02 0.02 0.53 2.27 1.90 2.27 5.10 2.27 2.27 3.82 3.82 1.31 0.92 0.92 1.31 1.22 1.93 1.22 0.81 0.80 0.80 0.80 0.80 1.35 1.11 1.22 1.22 1.22 1.22 1.22 1.22 0.56 3.49 4.38 4.38 4.38 4.38 4.38 4.38 4.38 4.38 4.38 4.38 2.41 2.41 2.41 2.08 3.87 3.87 3.87 4.14 2.84 2.53 2.53 1.80 1.80 2.53 2.53 1.80
1.06 2.66 0.99 0.99 2.51 0.99 1.47 1.32 0.57 1.00 2.50 2.50 2.56 2.56 2.56 2.56 2.63 2.63 2.63 2.78 0.03 0.03 0.03 0.03 0.02 0.02 0.02 0.53 0.53 1.90 2.27 5.26 2.82 2.27 3.82 1.44 0.92 0.55 1.44 1.31 1.22 1.22 1.35 0.81 0.80 0.80 0.80 0.80 1.35 1.22 1.22 1.22 1.22 1.22 1.22 1.22 0.47 1.01 2.91 2.41 2.08 4.38 4.38 4.38 4.38 4.38 4.38 4.38 4.82 5.11 2.91 2.08 2.09 2.09 2.19 2.09 1.80 1.80 1.80 2.53 2.53 2.53 2.53 3.87
1.06 2.66 0.99 0.99 2.49 1.28 1.28 0.99 1.30 2.52 2.52 2.52 1.00 1.34 2.58 2.58 1.00 1.30 1.00 1.93 3.86 0.02 0.02 0.02 0.02 0.02 0.02 0.53 0.53 4.01 3.82 3.82 2.27 1.99 3.82 1.44 0.54 1.44 1.31 1.31 1.22 1.35 1.35 1.35 0.80 0.80 1.35 1.35 1.22 1.22 1.22 1.22 2.65 3.17 1.22 1.22 1.77 1.34 1.34 2.91 2.08 2.08 4.38 4.38 4.38 4.38 4.38 2.08 2.08 2.91 2.91 2.08 1.80 1.80 1.80 1.80 1.80 1.80 1.80 1.80 2.53 2.53 2.53 2.53
2.66 2.66 2.66 2.66 2.49 2.49 2.49 2.49 4.10 2.52 2.52 2.52 1.00 2.68 2.68 2.58 1.00 2.61 2.76 1.93 1.93 0.54 0.54 0.02 0.02 0.70 0.53 0.53 1.90 1.99 1.90 3.82 1.90 1.99 2.27 1.44 1.44 1.44 1.31 1.31 1.35 1.35 1.22 1.35 1.35 1.35 1.22 1.35 1.11 1.22 1.22 1.22 1.22 3.17 1.11 1.96 1.01 1.01 1.01 1.01 1.98 4.00 4.00 4.38 4.38 2.41 2.41 2.41 2.08 2.91 2.91 2.08 1.80 1.80 2.53 2.53 2.53 1.80 1.80 1.80 1.80 1.80 2.53 2.53
1.06 1.06 1.06 2.66 0.99 2.49 2.49 2.49 4.10 2.52 2.52 4.10 1.00 1.00 1.07 2.68 2.68 1.30 2.02 3.86 1.93 2.30 2.30 0.54 3.94 3.82 2.27 1.90 1.90 1.90 3.82 3.82 2.27 3.82 1.66 1.44 2.24 1.44 1.44 1.44 1.35 1.35 1.22 1.35 1.35 1.22 1.22 1.11 1.35 1.22 1.22 1.22 1.35 3.17 1.11 2.24 1.01 1.01 1.01 1.01 0.88 4.00 4.00 4.00 2.08 4.82 2.08 2.08 3.18 2.91 2.08 2.08 1.80 1.80 2.53 2.53 1.80 1.80 2.09 1.80 1.80 2.53 1.80 1.80
1.28 1.06 2.66 2.66 2.66 2.49 2.49 2.49 2.52 2.52 2.52 2.52 2.58 2.58 1.30 2.68 5.05 1.00 3.86 3.86 2.02 3.86 9.11 3.86 3.82 3.82 1.90 1.90 3.82 3.82 3.82 3.82 3.82 3.82 0.55 1.44 1.44 1.44 1.44 1.44 1.35 1.35 1.35 1.35 1.35 1.35 1.22 1.22 1.22 1.22 3.17 1.72 2.85 3.17 0.45 0.82 2.80 2.80 1.01 1.01 0.88 2.47 4.00 4.00 2.91 2.41 2.08 2.08 2.08 2.91 2.91 2.08 1.80 1.80 2.53 2.53 1.80 1.80 2.09 1.80 1.80 2.53 1.80 2.53
1.73 2.66 1.06 1.06 1.35 1.28 4.21 2.66 2.68 2.54 2.54 1.30 2.58 1.30 2.68 2.68 2.68 1.47 6.69 3.86 3.86 3.86 6.69 3.86 3.82 5.35 7.14 3.82 3.82 3.82 3.82 3.82 6.61 3.82 0.54 0.54 1.31 1.44 1.44 1.44 0.81 1.22 1.22 1.22 1.22 1.22 1.35 1.11 1.22 1.22 1.22 1.11 1.35 1.35 3.17 1.22 0.47 2.80 1.59 1.15 0.88 2.47 2.47 1.89 4.38 2.08 2.08 2.08 2.08 2.91 2.91 3.18 1.80 1.80 1.80 1.80 1.80 1.80 1.80 1.80 2.53 2.53 1.80 2.53
2.66 1.06 0.99 1.28 2.66 0.99 3.33 1.06 2.68 1.07 1.30 1.30 2.68 2.68 2.68 2.68 1.07 1.07 3.86 3.86 3.86 2.02 2.02 3.86 1.90 3.94 3.82 5.41 1.99 3.82 3.82 3.82 3.82 3.82 1.44 1.44 0.54 0.90 0.90 0.90 1.35 1.22 1.22 1.22 1.22 1.22 1.35 1.11 1.22 1.22 1.22 3.31 1.22 3.17 1.11 1.22 0.47 0.40 2.80 1.59 0.88 2.47 2.47 0.88 2.08 4.38 2.53 4.38 4.38 2.08 2.08 2.08 1.80 1.80 1.80 1.80 1.80 1.80 1.80 2.53 2.53 1.80 1.80 3.87
2.66 1.06 1.28 1.28 1.28 1.28 2.66 2.66 1.33 1.30 3.49 2.68 2.68 2.68 2.68 1.30 2.68 3.86 3.79 1.93 1.93 2.02 2.02 3.86 3.82 1.99 3.82 1.99 1.99 3.82 3.82 3.82 3.82 3.82 3.82 3.82 1.90 1.90 1.90 3.28 0.81 1.22 1.22 1.22 1.35 1.35 1.97 1.35 1.35 1.35 1.35 1.35 1.35 1.35 1.35 1.35 0.56 0.47 0.47 2.80 2.80 2.47 4.93 0.88 0.88 4.38 4.38 4.38 2.41 4.38 2.08 2.08 1.80 1.80 1.80 1.80 1.80 1.80 2.53 1.99 1.71 1.62 1.62 1.62
2.66 2.66 1.28 2.66 1.28 2.89 2.66 1.06 1.07 2.68 2.68 2.68 2.68 2.68 2.68 1.30 1.07 2.02 2.30 2.30 2.30 4.06 2.02 2.30 1.90 3.06 3.82 1.99 1.99 3.82 3.82 3.22 3.82 3.82 3.82 3.82 1.90 1.90 1.90 1.90 2.50 0.81 1.22 1.22 1.35 1.35 4.24 1.11 3.17 1.35 1.35 1.71 1.35 1.22 1.35 1.35 1.06 0.40 0.47 0.56 0.70 2.47 2.47 0.88 3.01 1.23 2.08 2.08 2.08 2.08 2.08 2.08 3.87 3.87 1.80 1.80 1.80 1.80 1.99 1.62 1.62 1.71 1.71 1.62
2.66 2.66 4.22 2.66 2.32 1.06 2.66 1.06 3.36 5.05 1.00 1.00 1.07 1.00 1.37 1.00 1.07 2.02 2.30 2.30 2.30 2.02 3.22 1.93 1.90 1.90 1.90 3.82 1.90 3.82 3.82 1.99 1.90 1.90 3.82 5.41 1.99 1.90 4.35 1.90 1.79 1.79 0.83 1.35 0.80 3.17 1.35 3.62 1.35 1.35 0.79 0.79 1.22 1.35 1.35 1.72 0.56 0.40 2.05 2.05 2.05 2.47 4.93 2.47 0.94 0.88 1.01 2.08 2.41 2.08 2.08 2.08 1.80 1.80 1.80 1.62 1.71 1.71 1.99 2.54 1.71 1.71 1.71 1.71
1.06 3.32 1.06 2.66 2.66 2.66 2.66 3.98 2.68 1.07 1.00 1.00 2.68 2.68 1.00 1.00 1.30 2.72 3.63 2.02 3.86 3.86 1.93 1.93 1.90 1.90 1.90 1.90 2.33 1.99 1.99 1.90 2.27 2.27 3.82 3.82 1.90 1.90 1.90 1.90 1.79 1.79 2.54 0.83 0.80 4.60 1.35 3.62 1.22 1.35 1.35 0.79 0.81 0.81 0.81 0.81 0.56 2.05 0.47 0.47 2.75 2.47 0.88 2.47 0.94 0.94 0.94 0.88 2.08 2.08 2.08 2.08 1.62 1.62 1.62 1.62 1.71 2.03 1.71 1.71 1.71 1.71 1.71 2.09
0.87 2.26 1.06 1.89 2.26 1.06 3.53 2.26 2.24 2.24 3.51 2.24 2.24 2.24 0.80 1.05 0.80 0.87 1.15 1.15 1.15 0.87 0.87 0.87 0.83 0.83 0.83 0.83 0.83 0.83 1.10 2.38 2.38 1.10 0.83 2.85 2.38 1.10 0.83 0.83 0.72 0.72 0.45 0.64 0.45 0.45 0.45 0.45 0.45 0.45 0.45 0.45 0.62 0.62 1.25 1.25 0.40 0.40 1.60 1.60 1.96 0.65 0.65 1.96 1.96 0.70 0.70 0.70 0.87 1.75 1.75 1.75 0.83 0.97 0.83 0.83 0.83 0.65 0.60 0.65 0.65 0.65 0.90 0.90
0.87 1.06 0.87 2.26 2.26 0.87 3.53 2.26 2.24 2.24 1.05 1.05 0.86 2.24 0.80 0.80 0.87 0.87 1.15 1.15 1.15 1.15 0.87 0.87 0.83 0.83 0.83 0.83 0.83 0.83 1.10 1.10 2.38 2.38 0.90 0.83 0.83 2.38 0.83 0.83 0.72 0.72 0.38 0.64 0.45 0.45 0.45 0.61 0.61 0.61 0.45 0.45 0.62 0.62 0.62 1.25 0.40 0.40 0.29 1.60 1.96 0.70 0.65 0.65 0.84 0.65 0.65 0.70 1.96 0.75 1.75 1.75 0.60 0.83 0.83 0.65 0.83 0.83 2.00 0.65 0.65 0.90 0.90 0.90
0.87 2.26 2.26 1.06 0.81 1.06 1.06 0.87 0.80 2.24 1.05 1.05 0.86 2.24 0.86 2.24 0.87 0.87 1.15 1.56 1.15 1.15 1.15 0.87 0.83 0.83 0.83 1.10 0.83 0.83 0.83 0.83 1.10 2.38 0.83 0.83 0.83 0.83 0.83 1.10 0.72 0.72 0.95 0.64 0.45 0.45 0.45 0.61 0.61 0.61 0.61 0.61 0.63 0.63 0.63 0.63 0.53 0.40 0.40 1.60 1.96 0.65 1.96 0.65 0.65 0.65 0.65 0.65 0.87 1.79 0.75 1.75 0.60 0.60 0.83 0.83 0.83 0.83 2.00 0.90 0.90 0.90 0.90 0.90
2.26 0.87 2.26 2.26 2.26 0.87 1.06 2.26 0.80 2.24 0.80 1.05 1.05 0.80 0.86 0.86 2.47 0.87 1.15 1.15 1.15 1.15 1.14 0.87 0.83 0.83 0.83 1.10 0.83 0.83 0.83 1.10 2.38 2.38 0.83 0.83 1.10 1.40 1.42 0.90 0.72 0.95 0.95 0.98 0.61 0.38 0.61 0.61 0.61 0.61 0.61 0.61 0.63 0.45 0.38 0.63 0.53 0.33 0.29 1.60 1.96 0.87 0.87 1.96 0.65 0.65 0.65 1.11 0.87 0.87 0.87 0.65 0.83 0.60 0.83 0.83 0.83 2.00 2.29 2.29 0.90 0.90 0.90 0.90
3.53 2.26 0.87 2.26 2.26 0.87 0.81 0.81 1.05 0.86 0.80 0.80 0.80 0.80 2.24 0.80 2.47 2.47 2.47 2.47 0.94 0.94 0.87 0.87 0.83 2.38 0.90 1.10 0.83 0.83 0.90 2.38 2.38 0.90 0.83 0.83 0.83 0.83 1.10 2.38 0.95 0.95 0.95 3.60 3.60 0.61 0.61 0.61 0.61 0.61 0.61 0.45 0.45 0.45 0.45 0.45 0.53 0.53 1.60 0.29 1.96 0.65 0.65 1.96 1.96 0.70 0.70 0.70 0.87 0.65 0.65 0.65 0.58 0.58 0.83 0.60 0.65 0.90 2.29 2.29 2.29 2.29 2.29 0.90
2.26 2.26 2.26 0.87 1.06 0.81 0.81 0.81 1.05 0.86 2.24 2.24 0.80 0.80 0.80 0.80 0.87 2.47 2.47 2.47 0.94 2.47 4.92 2.47 0.83 0.90 2.38 0.83 0.83 2.89 0.90 2.38 2.38 0.83 2.38 1.10 0.83 2.38 0.90 2.79 0.72 0.72 0.72 0.95 3.60 3.60 3.60 2.11 2.11 0.61 0.61 0.45 0.38 0.38 0.45 0.38 0.53 0.53 0.53 0.53 1.96 0.65 0.65 1.96 1.96 1.96 0.65 0.65 0.70 1.96 0.65 0.65 0.58 0.58 0.78 0.65 0.65 0.65 2.00 2.29 0.97 2.29 2.29 0.90
