New_Model_Runs/14_Future_RCP8.5_Scn1_out/post_prcessed_with_MFR/Monthly_summaries/runoff_monthly_OCT.asc
NCOLS 700
NROWS 400
XLLCENTER 515000.000000
YLLCENTER 8409000.000000
CELLSIZE 50.000000
NODATA_value -999.000000
[rows 74 to 110 of 400, columns 420 to 503 of 700]
0.00 0.00 0.00 0.00 0.00 0.00 0.00 0.00 0.00 0.00 0.00 0.00 0.00 0.00 0.00 0.00 0.00 0.00 0.00 0.00 0.00 0.00 0.00 0.00 0.00 0.00 0.00 0.00 0.00 0.00 0.00 0.00 0.00 0.00 0.00 0.00 0.00 0.00 0.00 0.00 0.00 0.00 0.00 0.00 0.00 0.00 0.00 0.00 0.00 0.00 0.00 0.00 0.00 0.00 0.00 0.00 0.00 0.00 0.00 0.00 0.00 0.00 0.00 0.00 0.00 0.00 0.00 0.00 0.00 0.00 0.00 0.00 0.00 0.00 0.00 0.00 0.00 0.00 0.00 0.00 0.00 0.00 0.00 0.00
0.00 0.00 0.00 0.00 0.00 0.00 0.00 0.00 0.00 0.00 0.00 0.00 0.00 0.00 0.00 0.00 0.00 0.00 0.00 0.00 0.00 0.00 0.00 0.00 0.00 0.00 0.00 0.00 0.00 0.00 0.00 0.00 0.00 0.00 0.00 0.00 0.00 0.00 0.00 0.00 0.00 0.00 0.00 0.00 0.00 0.00 0.00 0.00 0.00 0.00 0.00 0.00 0.00 0.00 0.00 0.00 0.00 0.00 0.00 0.00 0.00 0.00 0.00 0.00 0.00 0.00 0.00 0.00 0.00 0.00 0.00 0.00 0.00 0.00 0.00 0.00 0.00 0.00 0.00 0.00 0.00 0.00 0.00 0.00
0.00 0.00 0.00 0.00 0.00 0.00 0.00 0.00 0.00 0.00 0.00 0.00 0.00 0.00 0.00 0.00 0.00 0.00 0.00 0.00 0.00 0.00 0.00 0.00 0.00 0.00 0.00 0.00 0.00 0.00 0.00 0.00 0.00 0.00 0.00 0.00 0.00 0.00 0.00 0.00 0.00 0.00 0.00 0.00 0.00 0.00 0.00 0.00 0.00 0.00 0.00 0.00 0.00 0.00 0.00 0.00 0.00 0.00 0.00 0.00 0.00 0.00 0.00 0.00 0.00 0.00 0.00 0.00 0.00 0.00 0.00 0.00 0.00 0.00 0.00 0.00 0.00 0.00 0.00 0.00 0.00 0.00 0.00 0.00
0.00 0.00 0.00 0.00 0.00 0.00 0.00 0.00 0.00 0.00 0.00 0.00 0.00 0.00 0.00 0.00 0.00 0.00 0.00 0.00 0.00 0.00 0.00 0.00 0.00 0.00 0.00 0.00 0.00 0.00 0.00 0.00 0.00 0.00 0.00 0.00 0.00 0.00 0.00 0.00 0.00 0.00 0.00 0.00 0.00 0.00 0.00 0.00 0.00 0.00 0.00 0.00 0.00 0.00 0.00 0.00 0.00 0.00 0.00 0.00 0.00 0.00 0.00 0.00 0.00 0.00 0.00 0.00 0.00 0.00 0.00 0.00 0.00 0.00 0.00 0.00 0.00 0.00 0.00 0.00 0.00 0.00 0.00 0.00
0.00 0.00 0.00 0.00 0.00 0.00 0.00 0.00 0.00 0.00 0.00 5.25 0.00 0.00 0.00 0.00 0.00 0.00 0.00 0.00 0.00 0.00 0.00 0.00 0.00 0.00 0.00 0.00 0.00 0.00 0.00 0.00 0.00 0.00 0.00 0.00 0.00 0.00 0.00 0.00 0.00 0.00 0.00 0.00 0.00 0.00 0.00 0.00 0.00 0.00 0.00 0.00 0.00 0.00 0.00 0.00 0.00 0.00 0.00 0.00 0.00 0.00 0.00 0.00 0.00 0.00 0.00 0.00 0.00 0.00 0.00 0.00 0.00 0.00 0.00 0.00 0.00 0.00 0.00 0.00 0.00 0.00 0.00 0.00
0.00 0.00 0.00 0.00 0.00 0.00 0.00 0.00 0.00 0.00 0.00 3.37 0.00 0.00 0.00 0.00 0.00 0.00 0.00 0.00 0.00 0.00 0.00 0.00 0.00 0.00 0.00 0.00 0.00 0.00 0.00 0.00 0.00 0.00 0.00 0.00 0.00 0.00 0.00 0.00 0.00 0.00 0.00 0.00 0.00 0.00 0.00 0.00 0.00 0.00 0.00 0.00 0.00 0.00 0.00 0.00 0.00 0.00 0.00 0.00 0.00 0.00 0.00 0.00 0.00 0.00 0.00 0.00 0.00 0.00 0.00 0.00 0.00 0.00 0.00 0.00 0.00 0.00 0.00 0.00 0.00 0.00 0.00 0.00
0.00 0.00 0.00 0.00 0.00 0.00 0.00 0.00 0.00 0.00 5.25 2.96 0.00 0.00 0.00 0.00 0.00 0.00 0.00 0.00 0.00 0.00 0.00 0.00 0.00 0.00 0.00 0.00 0.00 0.00 0.00 0.00 0.00 0.00 0.00 0.00 0.00 0.00 0.00 0.00 0.00 0.00 0.00 0.00 0.00 0.00 0.00 0.00 0.00 0.00 0.00 0.00 0.00 0.00 0.00 0.00 0.00 0.00 0.00 0.00 0.00 0.00 0.00 0.00 0.00 0.00 0.00 0.00 0.00 0.00 0.00 0.00 0.00 0.00 0.00 0.00 0.00 0.00 0.00 0.00 0.00 0.00 0.00 0.00
0.00 0.00 0.00 0.00 0.00 0.00 0.00 0.00 0.00 5.25 2.96 2.96 5.30 0.00 0.00 0.00 0.00 0.00 0.00 0.00 0.00 0.00 0.00 0.00 0.00 0.00 0.00 0.00 0.00 0.00 0.00 0.00 0.00 0.00 0.00 0.00 0.00 0.00 0.00 0.00 0.00 0.00 0.00 0.00 0.00 0.00 0.00 0.00 0.00 0.00 0.00 0.00 0.00 0.00 0.00 0.00 0.00 0.00 0.00 0.00 0.00 0.00 0.00 0.00 0.00 0.00 0.00 0.00 0.00 0.00 0.00 0.00 0.00 0.00 0.00 0.00 0.00 0.00 0.00 0.00 0.00 0.00 0.00 0.00
4.79 4.79 0.00 0.00 0.00 0.00 0.00 4.75 4.65 8.77 4.65 4.65 4.61 0.00 0.00 0.00 0.00 0.00 0.00 0.00 0.00 0.00 0.00 0.00 0.00 0.00 0.00 0.00 0.00 0.00 0.00 0.00 0.00 0.00 0.00 0.00 0.00 0.00 0.00 0.00 0.00 0.00 0.00 0.00 0.00 0.00 0.00 0.00 0.00 0.00 0.00 0.00 0.00 0.00 0.00 0.00 5.58 13.05 0.00 0.00 0.00 0.00 0.00 0.00 0.00 0.00 0.00 0.00 0.00 0.00 0.00 0.00 0.00 0.00 0.00 0.00 0.00 0.00 0.00 0.00 0.00 0.00 0.00 0.00
4.79 4.79 4.79 0.00 0.00 0.00 8.88 8.86 4.65 8.75 4.65 4.65 6.23 0.00 0.00 0.00 0.00 0.00 0.00 0.00 0.00 0.00 0.00 0.00 0.00 0.00 0.00 0.00 0.00 0.00 0.00 0.00 0.00 0.00 0.00 0.00 0.00 0.00 0.00 0.00 0.00 0.00 0.00 0.00 0.00 0.00 0.00 0.00 0.00 0.00 0.00 0.00 0.00 0.00 0.00 0.00 3.08 13.05 0.00 0.00 0.00 0.00 0.00 0.00 0.00 0.00 0.00 0.00 0.00 3.24 5.89 0.00 0.00 0.00 0.00 0.00 0.00 0.00 0.00 0.00 0.00 0.00 0.00 0.00
8.97 4.75 4.75 4.75 4.66 4.66 4.66 4.66 4.63 4.63 4.63 4.63 6.23 0.00 0.00 0.00 0.00 0.00 0.00 0.00 0.00 0.00 0.00 0.00 0.00 0.00 0.00 0.00 0.00 0.00 0.00 0.00 0.00 0.00 0.00 0.00 0.00 0.00 0.00 0.00 0.00 0.00 0.00 0.00 0.00 0.00 0.00 0.00 0.00 0.00 0.00 0.00 0.00 0.00 0.00 0.00 3.10 3.10 0.00 0.00 0.00 0.00 0.00 0.00 0.00 0.00 0.00 0.00 5.12 2.97 4.06 0.00 0.00 0.00 0.00 0.00 0.00 0.00 0.00 0.00 0.00 0.00 0.00 0.00
4.75 4.75 4.75 4.75 4.66 4.66 4.66 4.66 4.63 4.63 4.63 4.63 6.23 0.00 0.00 0.00 0.00 0.00 0.00 0.00 0.00 0.00 0.00 0.00 0.00 0.00 0.00 6.23 6.01 6.01 0.00 0.00 0.00 0.00 0.00 0.00 0.00 0.00 0.00 0.00 0.00 0.00 0.00 0.00 0.00 0.00 0.00 0.00 0.00 0.00 0.00 0.00 0.00 0.00 0.00 0.00 3.10 3.10 0.00 0.00 0.00 0.00 0.00 0.00 0.00 0.00 0.00 5.54 7.50 2.97 4.06 5.89 0.00 0.00 0.00 0.00 0.00 0.00 0.00 0.00 0.00 0.00 0.00 0.00
4.75 8.97 4.75 4.75 8.79 4.66 4.66 4.66 4.63 4.63 4.63 4.63 4.75 0.00 0.00 0.00 0.00 0.00 0.00 0.00 0.00 0.00 0.00 0.00 0.00 0.00 0.00 4.72 3.55 3.55 0.00 0.00 0.00 0.00 0.00 0.00 0.00 0.00 0.00 0.00 0.00 0.00 0.00 0.00 0.00 10.50 5.58 0.00 0.00 0.00 0.00 0.00 0.00 0.00 0.00 0.00 3.10 3.10 3.26 0.00 0.00 0.00 0.00 0.00 0.00 0.00 0.00 3.03 2.97 2.97 4.06 4.06 5.89 0.00 0.00 0.00 0.00 0.00 0.00 0.00 0.00 3.85 3.85 12.63
4.75 4.75 8.97 4.75 4.66 4.66 4.66 4.66 4.63 4.63 4.63 4.63 4.75 0.00 0.00 0.00 0.00 0.00 0.00 0.00 0.00 0.00 0.00 0.00 0.00 0.00 13.23 4.72 3.55 3.55 0.00 0.00 0.00 0.00 0.00 0.00 0.00 0.00 0.00 0.00 0.00 0.00 0.00 0.00 0.00 5.58 5.58 5.58 0.00 0.00 0.00 0.00 0.00 0.00 0.00 0.00 3.26 3.10 3.10 3.10 3.02 0.00 12.99 3.02 3.03 3.03 12.99 5.18 2.97 2.97 4.06 4.06 4.06 0.00 0.00 0.00 0.00 0.00 0.00 0.00 3.85 3.85 3.85 3.85
4.71 8.88 8.88 4.71 4.64 4.64 4.64 4.64 4.76 4.76 4.76 4.76 4.89 0.00 0.00 0.00 0.00 0.00 0.00 0.00 0.00 0.00 0.00 0.00 0.00 6.23 4.72 4.72 4.54 13.28 0.00 0.00 0.00 0.00 0.00 0.00 0.00 0.00 0.00 0.00 0.00 0.00 0.00 0.00 0.00 3.18 3.18 3.18 5.58 5.58 0.00 0.00 0.00 0.00 0.00 0.00 7.32 5.44 3.12 3.12 3.01 3.01 3.01 3.01 2.98 2.98 5.13 6.92 2.97 3.98 4.06 4.06 4.14 0.00 0.00 0.00 0.00 0.00 0.00 3.90 7.18 3.85 3.85 3.85
4.71 4.71 4.71 4.71 4.64 8.75 4.64 4.64 4.76 4.76 4.76 4.76 4.89 13.65 0.00 0.00 0.00 0.00 0.00 0.00 0.00 0.00 6.23 0.00 0.00 8.91 4.72 4.72 4.54 0.00 0.00 0.00 0.00 0.00 0.00 0.00 0.00 0.00 0.00 0.00 0.00 0.00 0.00 0.00 0.00 3.18 3.18 3.18 3.21 3.21 0.00 0.00 0.00 0.00 0.00 0.00 16.17 3.12 3.12 3.12 3.01 3.01 5.19 3.01 5.13 2.98 2.98 2.98 5.12 2.97 4.06 4.06 4.14 7.68 12.99 0.00 0.00 0.00 3.90 3.90 3.85 3.85 3.85 3.85
4.71 4.71 4.71 4.71 4.64 4.64 4.64 4.64 4.76 4.76 4.76 4.76 2.91 13.65 0.00 0.00 0.00 0.00 0.00 0.00 10.70 4.81 4.81 4.81 4.72 4.72 4.72 4.72 0.00 0.00 0.00 0.00 0.00 0.00 0.00 0.00 0.00 0.00 0.00 0.00 0.00 0.00 0.00 0.00 5.58 3.18 3.18 3.18 3.21 3.21 0.00 0.00 0.00 0.00 0.00 0.00 0.00 3.12 3.12 3.12 3.01 3.01 3.01 3.01 2.98 2.98 2.98 2.98 2.97 2.97 4.06 4.06 4.14 7.68 4.14 4.14 0.00 3.90 3.90 3.90 3.85 3.85 3.85 3.85
4.71 4.71 4.71 4.71 4.64 4.64 4.64 4.64 4.76 4.76 4.76 4.76 2.91 2.91 0.00 0.00 0.00 0.00 0.00 4.86 4.81 4.81 4.81 4.81 3.41 3.41 4.72 4.72 0.00 0.00 0.00 0.00 0.00 0.00 0.00 0.00 0.00 0.00 0.00 0.00 0.00 0.00 0.00 0.00 0.00 3.18 3.18 3.18 3.21 0.00 0.00 0.00 0.00 0.00 0.00 0.00 5.58 3.12 3.12 3.12 3.01 3.01 3.01 3.01 2.98 2.98 2.98 2.98 2.97 2.97 4.06 7.51 4.14 4.14 4.14 4.14 3.90 3.90 3.90 3.90 3.85 3.85 3.85 3.85
4.69 4.69 4.69 4.69 4.68 4.68 4.68 4.68 4.86 4.86 4.86 2.88 2.93 5.14 0.00 0.00 0.00 0.00 0.00 9.15 4.77 4.77 9.00 4.77 4.75 8.97 4.75 0.00 0.00 0.00 0.00 0.00 0.00 0.00 0.00 0.00 0.00 0.00 0.00 0.00 0.00 0.00 0.00 0.00 0.00 3.22 3.22 3.22 0.00 0.00 0.00 0.00 0.00 0.00 0.00 0.00 1.33 3.11 3.11 3.11 2.94 2.94 2.94 5.06 5.04 2.92 2.92 2.92 3.02 3.02 4.12 4.12 7.74 7.82 4.23 4.23 4.04 4.04 4.04 4.04 4.03 4.03 4.03 4.03
4.69 4.69 4.69 8.84 4.68 4.68 4.68 4.68 4.86 4.86 2.88 5.05 2.44 2.93 5.49 0.00 0.00 0.00 0.00 7.60 4.77 4.77 4.77 4.77 4.75 4.75 4.75 0.00 0.00 0.00 0.00 0.00 0.00 0.00 0.00 0.00 0.00 0.00 0.00 0.00 0.00 0.00 0.00 0.00 0.00 0.00 3.22 3.22 0.00 0.00 0.00 0.00 0.00 0.00 0.00 1.46 1.33 3.11 3.11 3.11 2.94 2.94 2.94 2.94 2.92 2.92 6.78 2.92 3.02 3.02 4.12 4.12 4.23 4.23 4.23 4.23 4.04 4.04 4.04 4.04 4.03 4.03 4.03 4.03
4.69 4.69 4.69 4.69 4.68 4.68 4.68 4.68 17.30 4.86 2.88 6.40 4.93 3.41 4.93 2.93 4.47 2.44 2.44 2.92 4.77 4.77 4.77 4.77 4.75 4.75 4.75 0.00 0.00 0.00 0.00 0.00 0.00 0.00 0.00 0.00 0.00 0.00 0.00 0.00 0.00 0.00 0.00 0.00 0.00 0.00 13.05 3.22 3.25 3.25 0.00 0.00 0.00 0.00 1.41 1.41 1.33 3.11 7.18 8.74 2.94 2.94 2.94 5.06 2.92 5.03 5.03 2.92 3.02 3.02 4.12 4.12 4.23 4.23 4.23 4.23 3.80 3.80 1.68 4.24 4.03 12.63 0.00 0.00
4.69 8.84 4.69 4.69 4.68 4.68 4.68 8.81 4.86 4.86 4.86 4.86 4.93 3.41 4.93 4.93 2.27 2.27 4.12 2.92 4.77 4.77 4.77 4.77 4.75 4.75 4.75 0.00 0.00 0.00 0.00 0.00 0.00 0.00 0.00 0.00 0.00 0.00 0.00 0.00 0.00 0.00 0.00 0.00 0.00 0.00 3.22 5.53 3.25 1.40 1.40 3.25 3.26 1.41 1.41 1.41 1.33 3.11 3.11 5.25 2.94 2.94 2.94 2.94 2.92 2.92 2.92 2.92 3.02 3.02 4.12 4.12 4.23 2.27 1.78 3.98 3.06 3.06 0.00 0.00 0.00 0.00 0.00 0.00
4.73 4.73 8.92 4.73 4.66 4.66 4.66 4.66 4.82 4.82 4.82 4.82 4.94 4.94 4.94 4.94 4.47 2.27 2.44 2.92 4.75 4.75 4.75 4.75 4.81 3.26 3.26 0.00 0.00 0.00 0.00 0.00 0.00 0.00 0.00 0.00 0.00 0.00 0.00 0.00 0.00 0.00 0.00 0.00 0.00 0.00 1.87 3.26 3.24 1.39 3.24 3.24 9.33 1.37 1.37 1.37 3.00 3.00 3.00 5.13 2.94 2.94 2.94 2.94 3.06 3.06 3.06 3.06 3.19 3.19 4.32 4.32 2.37 1.94 3.98 3.21 12.63 0.00 0.00 0.00 0.00 0.00 0.00 0.00
8.92 4.73 4.73 4.73 4.66 4.66 4.66 4.66 4.82 4.82 4.82 4.82 4.94 4.94 4.94 4.47 2.44 4.06 2.44 2.92 4.75 4.75 4.75 4.75 5.29 3.26 1.64 0.00 0.00 0.00 0.00 0.00 0.00 0.00 0.00 0.00 0.00 0.00 0.00 0.00 0.00 0.00 0.00 0.00 0.00 5.64 3.23 3.26 3.24 1.39 3.24 3.24 1.37 1.37 1.37 3.19 3.00 3.00 3.00 3.00 2.94 2.94 2.94 2.94 3.06 3.06 3.06 3.06 3.19 3.19 4.32 1.94 1.94 3.21 3.21 3.21 0.00 0.00 0.00 0.00 0.00 0.00 0.00 0.00
5.53 5.53 10.46 5.53 5.45 5.45 5.45 5.45 5.64 5.64 5.64 5.64 5.84 5.84 3.17 3.17 3.17 5.28 8.37 3.54 5.61 5.61 3.94 3.94 4.00 2.20 4.00 0.00 0.00 0.00 0.00 0.00 0.00 0.00 0.00 0.00 0.00 0.00 0.00 0.00 0.00 0.00 0.00 0.00 8.47 4.57 4.57 4.57 4.59 2.44 4.59 4.59 2.40 2.40 4.52 4.52 3.50 3.50 3.50 3.50 3.35 3.35 3.35 3.35 3.47 3.47 3.47 3.47 4.42 4.42 4.84 2.66 4.46 3.63 3.63 13.97 0.00 0.00 0.00 0.00 0.00 0.00 0.00 0.00
5.53 5.53 5.53 10.39 5.45 5.45 5.45 5.45 5.64 5.64 5.64 5.64 5.84 3.57 3.17 3.17 5.83 2.94 3.54 3.54 3.94 3.94 3.94 3.94 4.00 4.00 4.00 0.00 0.00 0.00 0.00 0.00 0.00 0.00 0.00 0.00 0.00 0.00 0.00 0.00 0.00 0.00 0.00 0.00 4.57 4.57 3.78 4.57 2.44 2.44 4.59 2.44 2.40 2.40 10.76 4.52 3.50 3.50 3.50 3.50 3.35 3.35 3.35 3.35 3.47 3.47 3.47 3.47 4.42 2.33 2.66 4.46 5.29 3.63 13.97 0.00 0.00 0.00 0.00 0.00 0.00 0.00 0.00 0.00
5.54 5.54 10.49 5.54 5.43 5.43 5.43 5.43 5.63 5.63 5.63 5.63 5.83 3.57 3.57 3.17 3.17 3.47 3.90 4.01 3.92 3.92 3.92 3.92 4.09 4.09 15.32 0.00 0.00 0.00 0.00 0.00 0.00 0.00 0.00 0.00 0.00 0.00 0.00 0.00 0.00 0.00 0.00 14.79 7.81 4.55 3.78 4.55 2.39 2.39 2.39 2.39 2.27 4.31 4.31 7.20 3.50 3.50 3.50 3.50 4.35 4.35 4.35 4.35 4.46 4.46 4.46 4.46 4.50 1.77 4.46 5.29 8.97 8.97 0.00 0.00 0.00 0.00 0.00 0.00 0.00 0.00 0.00 0.00
3.36 5.54 10.49 5.54 5.43 5.43 5.43 5.43 5.63 5.63 5.63 5.63 3.57 3.57 3.57 3.57 3.47 1.65 3.34 4.01 3.92 3.92 3.92 3.92 4.09 4.09 0.00 0.00 0.00 0.00 0.00 0.00 0.00 0.00 0.00 5.02 5.00 14.79 0.00 0.00 4.96 4.96 9.10 4.96 4.55 3.78 3.78 3.78 2.39 2.39 2.39 2.39 4.31 15.14 7.97 4.31 3.50 3.50 3.50 3.50 4.35 4.35 2.29 2.29 2.36 4.46 4.46 2.48 4.09 6.40 8.97 8.97 8.97 5.12 5.12 0.00 0.00 0.00 0.00 0.00 0.00 0.00 0.00 0.00
5.54 10.49 5.54 5.54 5.43 5.43 5.43 10.28 5.63 5.63 5.63 3.42 3.57 3.57 6.35 1.71 1.65 1.65 2.32 4.01 3.92 3.92 3.92 3.92 4.09 4.09 15.32 0.00 0.00 0.00 0.00 0.00 0.00 0.00 0.00 5.02 5.00 5.00 5.00 5.00 4.96 4.96 13.53 4.96 7.21 3.78 3.78 4.55 2.39 2.39 7.51 4.51 4.31 7.97 4.31 4.31 3.50 3.50 3.50 3.50 4.35 4.35 2.29 2.29 1.93 1.93 4.09 4.09 7.54 8.65 8.97 8.97 8.97 5.12 3.63 3.63 0.00 0.00 0.00 0.00 0.00 0.00 0.00 0.00
5.54 5.54 5.54 5.54 10.28 5.43 5.43 5.43 5.63 5.63 5.63 3.42 3.57 1.71 1.71 1.71 1.65 1.65 1.65 4.01 3.92 3.92 3.92 3.92 4.09 4.09 15.32 0.00 0.00 0.00 0.00 0.00 0.00 0.00 0.00 5.02 5.00 5.00 5.00 5.00 9.03 4.96 4.96 4.96 4.55 4.55 2.42 2.42 2.39 3.96 2.39 2.39 4.31 4.31 4.31 4.31 3.50 3.50 3.50 3.50 4.35 4.35 2.29 1.93 1.77 4.09 1.93 7.88 8.65 8.65 8.97 17.77 17.77 6.77 3.63 3.63 3.36 0.00 0.00 0.00 0.00 0.00 0.00 0.00
5.49 15.06 5.49 5.49 5.49 5.49 5.49 5.49 5.59 5.59 5.59 10.58 1.63 1.63 1.63 1.63 1.58 1.58 1.58 3.88 4.01 4.01 4.01 4.01 4.18 4.18 15.32 0.00 0.00 0.00 0.00 0.00 0.00 0.00 2.71 2.77 2.77 3.24 4.99 4.99 4.82 4.82 7.15 4.82 2.38 2.38 2.38 3.94 2.32 2.32 2.32 2.32 4.31 4.31 4.31 4.31 4.53 4.53 4.53 4.53 4.56 1.93 1.93 1.77 1.93 1.93 7.88 7.88 8.65 16.49 8.97 8.97 8.97 6.77 6.77 6.77 3.36 3.36 0.00 0.00 0.00 0.00 0.00 0.00
5.49 5.49 10.39 5.49 5.49 5.49 5.49 5.49 5.59 5.59 6.50 3.93 3.28 1.63 1.63 1.63 1.58 1.58 3.88 3.88 4.01 4.01 4.01 4.01 4.18 4.18 4.04 0.00 0.00 0.00 0.00 0.00 0.00 0.00 7.07 1.98 2.66 2.66 4.99 4.99 4.82 8.96 8.96 2.59 2.38 2.38 5.10 2.38 2.32 3.82 2.32 2.32 4.31 4.31 4.31 4.31 2.41 2.41 2.41 2.41 1.77 1.93 4.09 4.09 2.91 4.55 2.91 7.88 7.88 8.65 8.97 8.97 8.97 6.77 6.77 2.23 2.04 4.50 2.60 2.60 4.61 0.00 0.00 0.00
10.39 5.49 5.49 5.49 5.49 5.49 5.49 5.49 9.77 8.95 3.93 3.93 3.97 3.97 3.97 1.63 1.58 3.88 3.88 3.88 4.01 4.01 4.01 4.01 4.18 4.18 4.04 3.48 0.00 0.00 0.00 0.00 0.00 19.32 4.53 4.53 8.67 4.86 4.99 4.99 4.82 4.82 4.82 4.31 2.38 3.94 2.38 2.38 2.32 2.32 2.32 2.32 4.31 4.31 2.26 2.26 2.41 2.00 2.00 1.83 1.77 1.93 1.93 2.91 4.55 2.91 2.91 2.91 2.91 8.65 8.97 5.29 4.46 2.23 2.23 2.04 4.50 4.50 4.50 4.50 2.60 2.60 4.15 0.00
5.49 5.49 5.49 5.49 5.49 5.49 5.49 3.84 6.69 3.93 3.93 6.69 6.74 3.97 3.97 3.97 3.88 3.88 3.88 3.88 4.01 4.01 4.01 2.20 4.18 2.20 3.48 3.48 5.39 3.26 4.53 4.53 4.53 4.53 4.53 2.16 6.61 4.99 4.99 4.99 4.82 4.82 4.82 2.59 2.38 3.91 2.38 2.38 2.32 2.32 5.04 5.01 4.31 4.31 4.31 2.26 2.41 3.35 2.41 2.00 1.77 1.77 1.93 2.91 2.91 4.46 4.56 2.91 1.93 1.93 2.23 2.23 2.23 3.78 4.87 4.87 4.50 4.50 4.50 4.50 8.47 4.55 2.04 4.15
9.49 9.49 5.46 5.46 5.48 3.83 6.56 3.83 3.85 3.85 3.85 3.85 3.85 6.60 3.85 3.85 3.94 3.94 3.94 3.94 4.16 4.16 4.16 4.16 2.20 1.23 3.48 3.48 3.26 3.26 4.53 4.53 4.53 1.98 6.31 2.16 3.24 5.02 5.02 5.02 4.81 4.81 4.81 2.58 2.33 11.51 4.42 2.33 2.29 4.36 8.05 4.36 4.47 4.47 4.47 4.47 4.70 4.70 3.01 2.51 1.93 2.91 2.91 2.91 7.10 4.58 4.58 2.44 1.93 1.93 2.23 2.23 2.23 2.64 4.79 4.79 4.44 8.23 4.44 4.44 4.58 4.58 1.88 1.88
6.75 6.75 6.75 6.75 6.78 3.83 6.56 3.83 3.85 3.85 3.85 3.85 6.60 6.60 3.85 3.85 3.94 3.94 3.94 3.94 4.16 4.16 4.16 4.16 2.20 1.23 3.48 1.23 0.99 3.26 4.53 4.53 4.53 4.53 4.53 2.16 3.24 10.51 5.02 5.02 4.81 4.81 4.81 4.81 8.50 4.42 4.42 4.42 4.36 4.36 4.36 4.36 4.47 4.47 4.47 4.47 4.70 4.70 3.01 2.00 4.56 2.91 2.48 4.32 2.48 2.91 4.58 4.58 4.49 2.38 2.23 2.71 2.76 2.64 4.79 4.79 8.23 4.44 4.44 4.44 4.58 4.58 3.02 2.04
6.75 6.75 6.75 6.75 6.78 6.78 3.83 3.83 3.85 3.85 6.60 3.85 3.85 6.60 3.85 3.85 3.94 3.94 3.94 3.94 4.16 4.16 4.16 4.16 1.23 3.48 3.48 1.23 1.13 3.26 4.53 8.08 1.98 3.14 1.81 3.70 8.55 2.16 5.02 5.02 4.81 4.81 4.81 4.81 4.42 11.55 4.42 4.42 4.36 4.36 4.36 4.36 4.47 4.47 4.47 4.47 4.70 4.70 1.83 1.83 4.56 4.56 2.91 2.91 1.93 4.94 5.92 4.58 4.49 4.49 3.21 2.71 2.64 4.79 4.79 4.79 4.44 4.44 4.44 4.44 4.58 4.58 2.50 3.48
