New_Model_Runs/14_Future_RCP8.5_Scn1_out/post_prcessed_with_MFR/Monthly_summaries/runoff_monthly_JUL.asc
NCOLS 700
NROWS 400
XLLCENTER 515000.000000
YLLCENTER 8409000.000000
CELLSIZE 50.000000
NODATA_value -999.000000
[rows 190 to 227 of 400, columns 84 to 167 of 700]
0.00 0.00 0.00 0.00 0.00 0.00 0.00 0.00 0.00 0.00 0.00 0.00 0.00 0.00 0.00 0.00 0.00 0.00 0.00 0.00 0.00 0.00 0.00 0.00 0.00 1.13 1.13 1.13 1.35 1.35 1.35 1.35 1.33 1.33 1.33 1.33 1.32 2.72 2.72 1.32 1.33 1.33 1.33 1.33 2.04 2.04 2.04 2.04 2.05 5.01 3.63 2.05 2.04 2.04 2.04 2.04 2.02 2.02 2.02 2.02 2.15 2.15 2.15 2.15 2.13 2.13 2.13 2.13 2.16 2.16 2.16 2.16 2.15 2.15 2.15 3.90 2.27 2.27 2.27 2.27 1.11 1.11 1.11 1.11
0.00 0.00 0.00 0.00 0.00 0.00 0.00 0.00 0.00 0.00 0.00 0.00 0.00 0.00 0.00 0.00 0.00 0.00 0.00 0.00 0.00 0.00 0.00 0.00 0.00 1.13 0.85 0.56 1.02 1.35 1.35 1.35 1.33 1.33 1.33 2.74 1.32 1.32 1.32 1.32 1.33 1.33 1.33 1.33 2.04 2.04 2.04 2.04 2.05 2.05 3.63 2.05 2.04 3.61 2.04 2.04 2.02 3.57 2.02 2.02 2.15 3.81 2.15 2.15 2.13 2.13 2.13 2.13 2.16 2.16 2.16 2.16 2.15 2.15 2.15 2.15 2.27 2.27 2.27 2.27 1.11 1.11 1.11 1.11
0.00 0.00 0.00 0.00 0.00 0.00 0.00 0.00 0.00 0.00 0.00 0.00 0.00 0.00 0.00 0.00 0.00 0.00 0.00 0.00 0.00 0.00 0.00 0.00 0.00 0.00 1.29 1.69 2.72 1.02 2.80 1.82 1.34 1.34 1.34 1.34 2.71 1.32 1.32 1.32 1.31 1.31 1.31 2.70 2.03 2.03 2.03 2.03 5.64 2.05 2.05 2.05 2.03 2.03 2.03 2.03 2.01 2.01 3.56 2.01 2.14 2.14 2.14 2.14 2.14 2.14 2.14 2.14 2.16 2.16 2.16 5.61 2.16 2.16 2.16 2.16 2.36 2.36 2.36 2.36 2.43 1.13 1.13 1.13
0.00 0.00 0.00 0.00 0.00 0.00 0.00 0.00 0.00 0.00 0.00 0.00 0.00 0.00 0.00 0.00 0.00 0.00 0.00 0.00 0.00 0.00 0.00 0.00 0.00 0.00 1.32 1.15 1.87 1.87 3.20 1.82 1.34 1.34 1.34 1.34 1.32 1.32 1.32 1.32 1.31 1.31 1.31 1.31 2.03 2.03 2.03 2.03 2.05 4.35 2.05 2.05 2.03 2.03 2.03 2.03 2.01 2.01 2.01 2.01 2.14 2.14 2.14 2.14 2.14 2.14 2.14 2.14 2.16 2.16 2.16 2.16 2.16 4.62 2.16 2.16 2.36 2.36 2.36 2.36 2.43 2.43 2.43 1.13
0.00 0.00 0.00 0.00 0.00 0.00 0.00 0.00 0.00 0.00 0.00 0.00 0.00 0.00 0.00 0.00 0.00 0.00 0.00 0.00 0.00 0.00 0.00 0.00 0.00 0.00 1.94 1.08 2.64 2.64 2.64 4.72 4.64 2.60 2.60 2.60 2.55 2.55 2.55 4.56 2.55 2.55 2.55 2.55 3.05 3.05 3.05 3.05 3.07 3.07 3.07 3.07 3.04 3.04 3.04 3.04 2.97 2.97 2.97 5.39 3.24 3.24 3.24 11.32 3.24 3.24 3.24 3.24 5.84 8.18 3.27 3.27 3.27 3.27 3.27 3.27 3.58 3.58 3.58 3.58 3.69 3.69 3.69 3.69
0.00 0.00 0.00 0.00 0.00 0.00 0.00 0.00 0.00 0.00 0.00 0.00 0.00 0.00 0.00 0.00 0.00 0.00 0.00 0.00 0.00 0.00 2.22 0.00 0.00 2.48 1.94 1.08 2.64 2.64 2.64 2.64 2.60 2.60 2.60 2.60 2.55 2.55 2.55 2.55 2.55 4.55 2.55 2.55 3.05 3.05 3.05 3.05 3.07 3.07 3.07 3.07 3.04 3.04 3.04 3.04 2.97 2.97 5.36 2.97 3.24 3.24 3.24 3.24 3.24 3.24 3.24 3.24 3.27 3.27 3.27 3.27 3.27 3.27 3.27 3.27 3.58 3.58 3.58 3.58 3.69 3.69 3.69 3.69
0.00 0.00 0.00 0.00 0.00 0.00 0.00 0.00 0.00 0.00 0.00 0.00 0.00 0.00 0.00 0.00 0.00 0.00 0.00 0.00 0.00 2.22 3.95 1.02 1.04 1.94 3.55 2.26 2.65 2.65 2.65 2.65 2.61 2.61 6.47 4.64 2.57 2.57 2.57 2.57 2.55 2.55 2.55 2.55 3.02 3.02 3.02 3.02 3.04 3.04 3.04 3.04 2.95 2.95 2.95 2.95 5.33 2.93 2.93 5.53 3.25 3.25 3.25 3.25 3.25 3.25 3.25 3.25 3.28 3.28 3.28 3.28 3.38 3.38 3.38 3.38 3.69 3.69 3.69 3.69 3.70 3.70 3.70 9.79
0.00 0.00 0.00 0.00 0.00 0.00 0.00 0.00 0.00 0.00 0.00 0.00 0.00 0.00 0.00 0.00 0.00 0.00 0.00 0.00 2.22 3.95 2.22 1.02 0.73 1.06 0.81 2.22 2.65 2.65 2.65 2.65 2.61 2.61 2.61 4.64 2.57 6.74 2.57 2.57 2.55 2.55 2.55 2.55 3.02 5.41 3.02 3.02 3.04 3.04 3.04 3.04 2.95 2.95 2.95 2.95 2.93 2.93 2.93 2.93 3.25 3.25 3.25 3.25 3.25 3.25 3.25 3.25 3.28 3.28 3.28 3.28 3.38 3.38 3.38 3.38 3.69 3.69 3.69 3.69 3.70 6.67 3.70 3.70
0.00 0.00 0.00 0.00 0.00 0.00 0.00 0.00 0.00 0.00 0.00 0.00 0.00 0.00 0.00 0.00 0.00 0.00 0.00 2.22 2.22 2.22 2.22 0.72 0.81 1.27 0.73 0.73 0.89 2.65 2.65 2.65 2.61 2.61 2.61 2.61 2.57 2.57 2.57 2.57 2.55 2.55 2.55 2.55 3.02 3.02 3.02 3.02 5.44 3.04 3.04 3.04 2.95 2.95 2.95 2.95 5.33 2.93 2.93 2.93 3.25 3.25 3.25 3.25 8.56 3.25 3.25 3.25 3.28 3.28 3.28 3.28 3.38 3.38 3.38 3.38 3.69 3.69 3.69 3.69 3.70 3.70 3.70 3.70
0.00 0.00 3.30 0.00 0.00 0.00 0.00 0.00 0.00 0.00 0.00 0.00 0.00 0.00 3.92 10.99 0.00 3.22 2.22 2.22 2.22 2.22 2.22 1.02 1.04 1.04 1.04 1.38 0.98 1.26 1.26 1.26 1.23 2.61 2.61 2.61 2.57 2.57 2.57 2.57 2.55 2.55 2.55 2.55 3.02 3.02 3.02 5.38 3.04 3.04 3.04 3.04 2.95 2.95 2.95 2.95 5.32 2.93 2.93 2.93 3.25 3.25 3.25 5.82 3.25 3.25 3.25 5.84 5.88 3.28 3.28 3.28 3.38 3.38 3.38 3.38 3.69 3.69 3.69 3.69 3.70 3.70 3.70 3.70
0.00 2.12 2.12 2.12 2.15 0.00 0.00 0.00 0.00 0.00 0.00 0.00 0.00 0.00 3.92 2.65 2.61 4.30 4.30 3.91 2.19 2.19 2.19 1.01 2.20 1.02 1.02 1.26 0.98 1.57 1.25 1.96 1.23 6.85 4.67 2.61 2.59 2.59 2.59 2.59 2.58 2.58 2.58 2.58 2.96 2.96 2.96 2.96 7.81 2.93 2.93 8.60 2.93 2.93 2.93 7.78 2.94 2.94 2.94 2.94 3.28 3.28 3.28 8.62 3.27 3.27 3.27 11.06 5.99 3.34 3.34 3.34 3.47 3.47 3.47 3.47 3.71 3.71 9.80 3.71 3.67 6.60 6.60 3.67
0.00 9.97 2.12 2.12 2.15 0.00 0.00 0.00 0.00 0.00 0.00 0.00 0.00 0.00 2.65 2.65 2.61 2.61 2.61 2.61 4.28 2.60 2.60 1.01 1.02 1.02 1.02 1.02 1.25 1.25 2.63 2.63 4.67 2.61 2.61 2.61 2.59 2.59 6.45 4.63 2.58 2.58 2.58 2.58 2.96 2.96 2.96 2.96 2.93 2.93 2.93 5.15 1.41 4.12 2.93 2.93 2.94 2.94 2.94 2.94 5.88 5.88 3.28 3.28 3.27 5.87 5.87 5.92 3.34 3.34 3.34 3.34 3.47 3.47 3.47 3.47 3.71 6.68 3.71 3.71 3.67 3.67 3.67 3.67
0.00 3.40 2.12 2.12 2.15 2.15 0.00 0.00 0.00 0.00 0.00 0.00 0.00 2.65 2.65 2.65 2.61 2.61 1.21 1.77 2.60 2.60 2.60 0.93 0.95 1.84 0.95 1.02 1.25 1.25 2.63 2.63 2.61 2.61 2.61 2.61 2.59 2.59 2.59 2.59 2.58 4.61 2.58 2.58 2.96 2.96 2.96 1.43 1.42 1.42 1.42 2.26 2.70 1.41 2.93 2.93 2.94 2.94 2.94 2.94 5.65 3.28 3.28 3.28 5.87 3.27 3.27 3.27 3.34 3.34 3.34 3.34 3.47 3.47 3.47 3.47 3.71 3.71 3.71 3.71 3.67 3.67 3.67 3.67
2.12 3.39 3.40 2.12 2.15 3.46 0.00 0.00 0.00 0.00 0.00 0.00 0.00 0.00 2.65 4.34 2.61 2.61 2.61 4.31 6.13 2.60 2.60 2.60 0.95 2.64 2.64 2.64 1.19 1.19 2.63 2.63 2.61 2.61 2.61 2.61 2.59 2.59 2.59 4.63 2.58 2.58 2.58 2.58 2.96 2.96 2.96 2.96 1.42 1.35 1.17 1.07 1.41 1.41 2.93 2.93 2.94 2.94 2.94 2.94 3.28 3.28 3.28 3.28 3.27 3.27 3.27 3.27 3.34 3.34 3.34 3.34 3.47 3.47 3.47 3.47 3.71 3.71 3.71 3.71 3.67 3.67 3.67 6.58
2.10 2.10 2.10 2.10 2.14 2.14 2.14 0.00 0.00 0.00 0.00 0.00 0.00 0.00 2.67 2.67 4.32 2.63 2.63 2.63 2.59 4.26 2.59 2.59 4.26 2.59 2.59 2.59 3.10 3.10 3.10 3.10 3.10 3.10 2.57 2.57 2.58 2.58 2.58 2.58 2.58 2.58 4.61 2.58 2.94 2.94 2.94 2.94 2.91 1.40 1.40 1.88 1.07 1.41 4.13 2.93 7.87 2.96 2.96 2.96 3.29 3.29 3.29 3.29 10.33 5.92 3.30 3.30 3.39 3.39 3.39 3.39 3.50 3.50 3.50 6.29 3.71 3.71 3.71 3.71 3.63 3.63 3.63 3.63
2.10 2.10 2.10 2.10 2.14 2.14 2.14 2.14 0.00 0.00 0.00 0.00 0.00 0.00 0.76 2.67 2.63 2.63 2.63 2.63 2.59 2.59 2.59 2.59 2.59 2.59 2.59 2.59 3.10 3.10 3.10 3.10 3.10 3.10 3.10 3.10 3.12 2.58 2.58 2.58 2.58 2.58 2.58 2.58 5.33 2.94 2.94 2.94 2.91 1.40 1.40 1.40 1.17 0.97 1.41 2.93 2.96 2.96 2.96 2.96 3.29 3.29 3.29 3.29 3.30 1.78 3.30 3.30 3.39 3.39 3.39 3.39 3.50 3.50 6.29 3.50 3.71 6.68 3.71 9.25 6.54 3.63 3.63 3.63
2.10 2.10 2.10 2.10 2.14 2.14 2.14 2.14 2.22 0.00 0.00 0.00 0.00 0.61 0.61 0.44 4.32 2.63 2.63 4.30 2.59 2.59 2.59 2.59 2.59 2.59 2.59 4.26 3.10 3.10 5.15 3.10 3.10 3.10 3.10 3.10 3.12 3.12 3.12 3.12 3.11 2.58 2.58 2.58 2.94 2.94 2.94 2.94 1.40 1.40 1.40 2.18 1.41 1.35 1.17 1.17 2.96 2.96 2.96 7.87 3.29 3.29 2.07 9.49 4.51 3.30 3.30 3.30 3.39 3.39 3.39 3.39 6.29 3.50 3.50 3.50 6.68 3.71 3.71 3.71 3.63 3.63 3.63 3.63
2.10 2.10 2.10 2.10 2.14 2.14 2.14 2.14 1.10 0.47 0.47 1.70 3.19 2.09 0.52 0.44 0.94 5.64 2.63 2.63 2.59 2.59 2.59 2.59 2.59 2.59 2.59 2.59 3.10 3.10 3.10 3.10 3.10 3.10 3.10 3.10 3.12 5.17 3.12 3.12 3.11 3.11 3.11 3.11 2.94 2.94 2.94 1.42 1.40 2.18 1.40 1.40 1.07 1.07 1.07 1.41 2.96 2.96 2.96 2.96 3.29 3.29 8.26 3.29 4.51 3.30 3.30 3.30 3.39 3.39 3.39 8.97 3.50 3.50 3.50 3.50 9.48 3.71 6.68 6.62 6.54 6.54 3.63 3.63
2.09 2.09 2.09 2.09 2.13 2.13 2.13 2.13 2.21 0.97 0.47 0.47 2.09 2.09 0.63 0.61 0.61 2.65 2.65 2.65 2.61 2.61 2.61 2.61 2.59 0.94 2.59 2.59 3.09 3.09 3.09 3.09 3.10 3.10 3.10 3.10 3.10 3.10 5.15 3.10 3.07 3.07 3.07 3.07 3.57 1.38 1.38 1.38 1.43 1.43 1.43 1.43 1.44 1.44 1.07 1.07 1.44 1.44 2.98 2.98 3.30 5.91 5.18 3.30 3.33 3.33 3.33 3.33 3.42 3.42 6.15 3.42 3.50 3.50 3.50 3.50 6.69 3.71 3.71 3.71 3.62 3.62 3.62 3.62
2.09 2.09 2.09 2.09 2.13 2.13 3.96 2.13 2.21 5.38 0.97 0.47 0.61 2.09 0.52 0.52 0.61 0.61 2.65 2.65 2.61 2.61 2.61 2.61 2.59 2.59 2.59 2.59 3.09 1.17 3.09 3.09 3.10 3.10 3.10 3.10 5.76 3.10 3.10 3.10 3.07 3.07 3.07 5.71 4.09 1.83 1.38 1.38 3.59 3.59 3.59 2.95 1.44 1.44 1.44 1.07 1.07 1.74 2.29 2.98 3.30 1.60 2.15 2.02 3.33 3.33 3.33 3.33 3.42 3.42 6.88 3.42 3.50 3.50 3.50 3.50 3.71 3.71 3.71 3.71 3.62 3.62 7.40 3.62
2.97 2.97 4.33 4.35 3.01 3.01 3.01 3.01 3.12 4.29 5.20 3.12 3.64 1.39 0.82 0.82 0.82 0.82 0.94 2.87 3.57 3.57 3.57 3.57 3.54 3.54 3.54 3.54 3.98 3.98 3.98 3.98 3.99 3.99 3.99 3.99 3.99 3.99 3.99 3.99 6.73 3.96 3.96 3.96 4.51 1.86 1.19 4.51 4.54 4.54 4.54 4.54 4.58 4.58 4.58 1.40 1.40 1.40 1.40 3.78 5.66 1.61 1.61 4.23 4.28 4.28 4.28 4.28 11.48 4.39 4.39 4.39 4.49 4.49 4.49 4.49 4.93 3.14 4.93 4.93 4.80 4.80 4.80 4.80
2.97 2.97 2.97 2.97 3.01 3.01 3.01 3.01 3.12 3.12 3.12 3.12 3.64 3.64 3.64 0.94 1.15 1.52 2.89 0.94 1.38 1.38 3.57 3.57 3.54 3.54 3.54 3.54 3.98 3.98 3.98 3.98 3.99 3.99 3.99 3.99 3.99 3.99 3.99 3.99 3.96 3.96 3.96 3.96 4.51 4.51 4.51 4.51 4.54 4.54 4.54 4.54 4.58 11.51 4.58 2.58 1.19 1.35 1.19 1.53 1.76 1.61 1.76 4.23 4.28 4.28 4.28 4.28 4.39 7.92 4.39 4.39 4.49 4.49 4.49 4.49 4.93 4.93 4.93 4.93 4.80 4.80 8.70 4.80
3.01 3.01 3.01 3.01 2.99 2.99 2.99 2.99 3.05 3.05 4.29 3.05 3.61 6.09 1.76 1.76 0.94 1.15 0.70 1.15 1.41 1.41 1.41 1.41 3.61 3.61 3.61 3.61 4.07 4.07 4.07 4.07 4.07 4.07 4.07 4.07 4.03 4.03 4.03 4.03 3.99 3.99 3.99 3.99 4.60 4.60 4.60 4.60 4.65 4.65 8.03 4.65 8.04 4.66 4.66 1.63 1.63 1.92 1.92 3.82 2.21 2.21 4.24 4.24 4.29 4.29 4.29 4.29 7.90 4.37 4.37 4.37 4.46 4.46 4.46 4.46 4.88 4.88 4.88 4.88 4.77 4.77 4.77 4.77
3.01 3.01 3.01 3.01 2.99 2.99 2.99 2.99 5.02 3.05 3.05 3.05 3.61 3.61 3.66 1.76 1.76 0.94 0.82 1.43 0.82 0.94 1.41 1.41 3.61 3.61 3.61 3.61 4.07 4.07 4.07 4.07 4.07 4.07 4.07 4.07 4.03 4.03 4.03 4.03 3.99 3.99 3.99 3.99 4.60 4.60 4.60 4.60 4.65 4.65 4.65 4.65 4.66 4.66 4.66 1.94 4.61 4.61 4.61 4.61 1.23 1.23 5.17 5.17 5.23 5.23 6.57 4.29 4.37 4.37 4.37 4.37 4.46 4.46 4.46 8.07 4.88 4.88 8.84 8.84 4.77 4.77 4.77 8.58
3.01 3.01 3.01 7.18 2.99 2.99 2.99 2.99 5.02 3.05 3.05 3.05 3.61 3.61 3.61 1.76 2.51 1.76 1.76 1.76 1.39 0.94 1.41 2.82 3.61 3.61 3.61 3.61 4.07 4.07 4.07 4.07 4.07 4.07 4.07 4.07 4.03 4.03 4.03 4.03 3.99 3.99 3.99 3.99 4.60 4.60 4.60 4.60 4.65 4.65 4.65 4.65 8.04 4.66 4.66 4.66 4.61 4.61 4.61 4.61 1.23 1.23 2.21 5.17 5.23 9.11 5.23 5.23 5.33 4.37 4.37 4.37 4.46 4.46 4.46 4.46 4.88 4.88 4.88 4.88 4.77 4.77 4.77 8.58
3.01 3.01 3.01 3.01 6.42 4.95 2.99 2.99 3.05 3.05 3.05 3.05 3.61 3.61 3.61 3.61 3.65 3.65 3.65 3.65 1.39 1.39 3.63 3.63 3.61 6.09 1.39 3.61 4.07 4.07 4.07 4.07 4.07 4.07 4.07 4.07 4.03 4.03 4.03 4.03 3.99 3.99 3.99 3.99 4.60 4.60 4.60 4.60 4.65 4.65 4.65 4.65 8.04 3.88 8.04 4.66 4.61 4.61 7.95 5.51 1.23 4.34 4.34 5.17 5.23 5.23 5.23 9.08 5.33 5.33 5.33 5.33 5.45 4.46 4.46 4.46 4.88 4.88 4.88 4.88 8.61 4.77 4.77 4.77
3.08 3.08 3.08 3.08 3.03 5.03 3.03 3.03 3.00 3.00 3.00 3.00 3.56 3.56 3.56 5.99 3.63 3.63 3.63 4.89 3.62 3.62 3.62 3.62 3.61 3.61 3.61 3.61 4.11 4.11 4.11 4.11 4.13 4.13 4.13 4.13 4.09 4.09 4.09 4.09 4.06 4.06 4.06 4.06 4.69 4.69 4.69 4.69 4.73 4.73 4.73 4.73 4.70 4.70 4.70 4.70 4.63 4.63 4.63 4.63 1.41 1.41 1.23 1.59 6.24 5.19 5.19 5.19 9.11 5.25 5.25 5.25 5.30 5.30 5.30 9.25 4.74 4.74 4.74 4.74 4.70 4.70 4.70 4.70
3.08 3.08 3.08 3.08 3.03 3.03 3.03 3.03 3.00 3.00 4.97 3.00 3.56 3.56 5.99 3.56 3.63 3.63 3.63 3.63 3.62 3.62 3.62 3.62 3.61 6.08 3.61 3.61 1.62 1.62 4.11 2.04 4.13 4.13 4.13 4.13 4.09 4.09 4.09 4.09 4.06 4.06 4.06 4.06 4.69 4.69 4.69 4.69 4.73 4.73 4.73 4.73 4.70 4.70 4.70 4.70 4.63 4.63 4.63 1.94 1.41 1.41 1.23 1.41 3.41 5.19 5.19 5.19 9.11 5.25 9.16 5.25 9.21 5.30 5.30 5.30 5.80 5.80 5.80 5.80 4.70 4.70 4.70 4.70
6.21 3.08 3.08 3.08 3.03 3.03 3.03 3.03 3.00 3.00 3.00 3.00 5.60 3.56 3.56 5.99 3.63 3.63 3.63 3.63 3.62 6.11 3.62 3.62 3.61 3.61 3.61 3.61 4.11 4.11 4.11 4.11 7.06 12.71 10.27 7.06 4.09 6.98 4.09 4.09 6.92 4.06 4.06 4.06 4.69 4.69 4.69 4.69 4.73 4.73 4.73 4.73 4.70 1.94 1.94 8.12 4.63 1.94 4.63 1.60 1.41 1.41 1.59 1.90 1.41 1.41 2.22 5.19 5.25 5.25 5.25 5.25 5.30 5.30 5.30 5.30 5.80 5.80 5.80 5.80 5.76 5.76 8.12 4.70
1.48 1.48 5.12 3.08 3.03 3.03 3.03 3.03 3.00 3.00 3.00 3.00 3.56 3.56 3.56 3.56 3.63 3.63 3.63 6.07 3.62 3.62 7.95 3.62 3.61 3.61 6.05 3.61 4.11 4.11 4.11 4.11 4.13 7.04 4.13 4.13 4.09 4.09 4.09 4.09 4.06 4.06 4.06 4.06 4.69 4.69 4.69 4.69 11.92 4.73 8.17 8.11 4.70 11.25 8.09 4.70 4.63 4.63 4.63 1.35 1.41 1.41 1.59 1.59 1.85 1.40 1.59 1.59 2.26 5.25 5.25 5.25 5.30 5.30 5.30 5.30 5.80 5.80 5.80 5.80 5.76 3.27 3.12 10.09
1.48 1.48 1.54 2.72 1.15 3.08 3.08 3.08 3.04 3.04 3.04 3.04 3.50 3.50 3.50 10.49 3.56 3.56 3.56 3.56 3.55 3.55 3.55 5.99 3.57 3.57 3.57 3.57 6.60 4.09 6.98 4.09 4.10 7.00 4.10 4.10 4.11 7.02 4.11 4.11 4.11 4.11 4.11 4.11 4.72 4.72 11.86 4.72 4.71 4.71 4.71 4.71 4.65 6.06 4.65 4.65 4.59 4.59 1.90 1.35 1.41 1.41 1.41 1.41 1.41 1.41 1.59 1.59 2.23 2.23 1.40 1.41 2.22 2.93 2.22 2.93 2.51 2.51 6.93 5.70 10.06 5.73 5.73 10.06
1.15 1.48 1.15 3.10 1.15 3.08 3.08 5.09 3.04 5.04 3.04 5.36 3.50 3.50 3.50 5.89 3.56 3.56 3.56 3.56 3.55 3.55 3.55 3.55 3.57 3.57 3.57 3.57 4.09 4.09 4.09 4.09 4.10 4.10 4.10 4.10 4.11 4.11 7.02 4.11 4.11 4.11 4.11 4.11 4.72 8.15 4.72 4.72 4.71 4.71 4.71 4.71 4.65 4.65 1.94 4.65 4.59 4.59 1.19 1.35 1.59 1.41 1.41 1.59 4.34 1.41 1.59 1.59 1.59 1.40 1.41 1.41 1.59 1.41 1.59 1.59 2.14 1.61 1.61 4.73 5.73 5.73 5.73 5.73
1.54 1.15 1.15 1.48 6.22 3.08 3.08 3.08 3.04 3.04 3.04 3.04 3.50 3.50 3.50 3.50 3.56 3.56 3.56 3.56 3.55 5.98 3.55 3.55 3.57 3.57 3.57 3.57 4.09 4.09 4.09 4.09 4.10 4.10 4.10 4.10 4.11 4.11 4.11 4.11 4.11 4.11 4.11 4.11 4.72 4.72 4.72 4.72 4.71 4.71 4.71 8.09 4.65 4.65 1.94 4.65 4.59 2.00 1.59 1.35 1.59 1.59 1.59 1.90 2.22 2.22 2.22 1.90 1.23 1.23 1.41 1.41 1.59 1.90 1.23 1.59 1.82 1.82 3.12 3.12 5.73 5.73 10.06 5.73
1.48 1.48 3.10 1.48 3.08 3.08 3.08 3.08 3.04 3.04 5.04 3.04 3.50 3.50 3.50 3.50 3.56 3.56 3.56 7.77 3.55 3.55 3.55 3.55 3.57 3.57 3.57 3.57 6.58 4.09 6.95 4.09 4.10 4.10 4.10 4.10 4.11 4.11 6.99 7.00 4.11 7.01 4.11 4.11 4.72 4.72 4.72 4.72 4.71 4.71 4.71 8.09 4.65 4.65 4.65 1.94 2.70 1.19 1.04 3.82 1.23 4.34 4.34 2.21 2.22 2.22 4.34 2.22 2.23 1.90 1.23 1.90 1.41 1.41 4.34 4.34 1.42 4.81 5.70 5.70 10.04 9.09 5.73 5.73
3.08 3.08 3.08 3.08 3.10 3.10 5.15 5.14 3.08 3.08 3.08 3.08 3.51 3.51 3.51 3.51 3.48 3.48 3.48 5.85 5.84 3.47 5.84 3.47 3.53 3.53 3.53 3.53 4.05 4.05 4.05 4.05 6.88 4.04 4.04 4.04 4.07 4.07 6.94 4.07 4.09 4.09 4.09 4.09 4.67 4.67 4.67 8.04 8.00 4.64 8.00 7.96 4.58 4.58 1.90 1.90 1.89 1.89 1.89 3.82 1.23 2.22 2.22 5.18 2.23 2.23 2.23 2.23 1.59 1.23 1.23 1.41 1.23 1.90 4.34 1.23 1.42 2.16 2.50 2.50 2.50 1.82 1.61 4.87
3.08 3.08 7.69 3.08 3.10 3.10 3.10 5.44 6.65 5.12 3.08 7.23 5.90 3.51 3.51 3.51 3.48 3.48 3.48 3.48 3.47 6.10 3.47 3.47 3.53 3.53 3.53 3.53 4.05 4.05 4.05 7.10 4.04 4.04 4.04 4.04 4.07 4.07 4.07 7.15 7.19 4.09 4.09 4.09 4.67 4.67 4.67 8.16 4.64 4.64 4.64 4.64 4.58 7.90 4.58 4.58 4.56 1.94 1.94 1.89 5.18 5.18 5.18 5.18 2.23 2.23 3.22 2.23 1.59 1.90 1.41 1.41 1.41 1.41 1.90 1.90 1.42 4.81 1.42 2.16 1.42 1.42 4.74 2.25
3.51 3.51 3.51 3.51 3.52 3.52 3.52 3.52 3.50 3.50 3.50 3.50 3.88 3.88 3.88 3.88 3.85 3.85 3.85 3.85 3.84 3.84 3.84 3.84 3.91 3.91 3.91 3.91 7.13 4.34 4.34 4.34 4.33 4.33 4.33 4.33 4.37 4.37 4.37 4.37 4.39 4.39 4.39 7.83 4.80 4.80 4.80 4.80 4.77 4.77 4.77 4.77 4.71 4.71 4.71 4.71 4.68 6.09 4.68 4.68 2.44 5.28 5.28 3.30 2.28 2.28 2.28 2.28 2.26 1.27 1.64 1.64 1.45 2.26 4.43 1.27 1.71 5.03 1.51 2.28 1.51 2.64 4.53 1.93
3.51 3.51 3.51 3.51 3.52 3.52 3.52 3.52 3.50 3.50 3.50 3.50 3.88 3.88 3.88 3.88 3.85 3.85 3.85 3.85 3.84 3.84 3.84 3.84 3.91 3.91 3.91 3.91 4.34 4.34 4.34 4.34 4.33 4.33 4.33 4.33 4.37 4.37 4.37 4.37 4.39 4.39 4.39 4.39 4.80 4.80 4.80 4.80 4.77 4.77 4.77 4.77 4.71 4.71 4.71 11.82 4.68 4.68 2.00 4.68 5.28 5.28 1.69 1.45 2.28 2.28 2.28 2.28 4.43 1.95 1.64 1.45 2.31 5.26 5.26 1.45 1.71 2.64 1.71 1.71 3.99 2.64 3.99 1.51
