New_Model_Runs/14_Future_RCP8.5_Scn1_out/post_prcessed_with_MFR/Monthly_summaries/runoff_monthly_NOV.asc
NCOLS 700
NROWS 400
XLLCENTER 515000.000000
YLLCENTER 8409000.000000
CELLSIZE 50.000000
NODATA_value -999.000000
[rows 74 to 110 of 400, columns 420 to 503 of 700]
0.00 0.00 0.00 0.00 0.00 0.00 0.00 0.00 0.00 0.00 0.00 0.00 0.00 0.00 0.00 0.00 0.00 0.00 0.00 0.00 0.00 0.00 0.00 0.00 0.00 0.00 0.00 0.00 0.00 0.00 0.00 0.00 0.00 0.00 0.00 0.00 0.00 0.00 0.00 0.00 0.00 0.00 0.00 0.00 0.00 0.00 0.00 0.00 0.00 0.00 0.00 0.00 0.00 0.00 0.00 0.00 0.00 0.00 0.00 0.00 0.00 0.00 0.00 0.00 0.00 0.00 0.00 0.00 0.00 0.00 0.00 0.00 0.00 0.00 0.00 0.00 0.00 0.00 0.00 0.00 0.00 0.00 0.00 0.00
0.00 0.00 0.00 0.00 0.00 0.00 0.00 0.00 0.00 0.00 0.00 0.00 0.00 0.00 0.00 0.00 0.00 0.00 0.00 0.00 0.00 0.00 0.00 0.00 0.00 0.00 0.00 0.00 0.00 0.00 0.00 0.00 0.00 0.00 0.00 0.00 0.00 0.00 0.00 0.00 0.00 0.00 0.00 0.00 0.00 0.00 0.00 0.00 0.00 0.00 0.00 0.00 0.00 0.00 0.00 0.00 0.00 0.00 0.00 0.00 0.00 0.00 0.00 0.00 0.00 0.00 0.00 0.00 0.00 0.00 0.00 0.00 0.00 0.00 0.00 0.00 0.00 0.00 0.00 0.00 0.00 0.00 0.00 0.00
0.00 0.00 0.00 0.00 0.00 0.00 0.00 0.00 0.00 0.00 0.00 0.00 0.00 0.00 0.00 0.00 0.00 0.00 0.00 0.00 0.00 0.00 0.00 0.00 0.00 0.00 0.00 0.00 0.00 0.00 0.00 0.00 0.00 0.00 0.00 0.00 0.00 0.00 0.00 0.00 0.00 0.00 0.00 0.00 0.00 0.00 0.00 0.00 0.00 0.00 0.00 0.00 0.00 0.00 0.00 0.00 0.00 0.00 0.00 0.00 0.00 0.00 0.00 0.00 0.00 0.00 0.00 0.00 0.00 0.00 0.00 0.00 0.00 0.00 0.00 0.00 0.00 0.00 0.00 0.00 0.00 0.00 0.00 0.00
0.00 0.00 0.00 0.00 0.00 0.00 0.00 0.00 0.00 0.00 0.00 0.00 0.00 0.00 0.00 0.00 0.00 0.00 0.00 0.00 0.00 0.00 0.00 0.00 0.00 0.00 0.00 0.00 0.00 0.00 0.00 0.00 0.00 0.00 0.00 0.00 0.00 0.00 0.00 0.00 0.00 0.00 0.00 0.00 0.00 0.00 0.00 0.00 0.00 0.00 0.00 0.00 0.00 0.00 0.00 0.00 0.00 0.00 0.00 0.00 0.00 0.00 0.00 0.00 0.00 0.00 0.00 0.00 0.00 0.00 0.00 0.00 0.00 0.00 0.00 0.00 0.00 0.00 0.00 0.00 0.00 0.00 0.00 0.00
0.00 0.00 0.00 0.00 0.00 0.00 0.00 0.00 0.00 0.00 0.00 3.37 0.00 0.00 0.00 0.00 0.00 0.00 0.00 0.00 0.00 0.00 0.00 0.00 0.00 0.00 0.00 0.00 0.00 0.00 0.00 0.00 0.00 0.00 0.00 0.00 0.00 0.00 0.00 0.00 0.00 0.00 0.00 0.00 0.00 0.00 0.00 0.00 0.00 0.00 0.00 0.00 0.00 0.00 0.00 0.00 0.00 0.00 0.00 0.00 0.00 0.00 0.00 0.00 0.00 0.00 0.00 0.00 0.00 0.00 0.00 0.00 0.00 0.00 0.00 0.00 0.00 0.00 0.00 0.00 0.00 0.00 0.00 0.00
0.00 0.00 0.00 0.00 0.00 0.00 0.00 0.00 0.00 0.00 0.00 1.49 0.00 0.00 0.00 0.00 0.00 0.00 0.00 0.00 0.00 0.00 0.00 0.00 0.00 0.00 0.00 0.00 0.00 0.00 0.00 0.00 0.00 0.00 0.00 0.00 0.00 0.00 0.00 0.00 0.00 0.00 0.00 0.00 0.00 0.00 0.00 0.00 0.00 0.00 0.00 0.00 0.00 0.00 0.00 0.00 0.00 0.00 0.00 0.00 0.00 0.00 0.00 0.00 0.00 0.00 0.00 0.00 0.00 0.00 0.00 0.00 0.00 0.00 0.00 0.00 0.00 0.00 0.00 0.00 0.00 0.00 0.00 0.00
0.00 0.00 0.00 0.00 0.00 0.00 0.00 0.00 0.00 0.00 3.37 1.98 0.00 0.00 0.00 0.00 0.00 0.00 0.00 0.00 0.00 0.00 0.00 0.00 0.00 0.00 0.00 0.00 0.00 0.00 0.00 0.00 0.00 0.00 0.00 0.00 0.00 0.00 0.00 0.00 0.00 0.00 0.00 0.00 0.00 0.00 0.00 0.00 0.00 0.00 0.00 0.00 0.00 0.00 0.00 0.00 0.00 0.00 0.00 0.00 0.00 0.00 0.00 0.00 0.00 0.00 0.00 0.00 0.00 0.00 0.00 0.00 0.00 0.00 0.00 0.00 0.00 0.00 0.00 0.00 0.00 0.00 0.00 0.00
0.00 0.00 0.00 0.00 0.00 0.00 0.00 0.00 0.00 3.37 1.98 1.98 3.30 0.00 0.00 0.00 0.00 0.00 0.00 0.00 0.00 0.00 0.00 0.00 0.00 0.00 0.00 0.00 0.00 0.00 0.00 0.00 0.00 0.00 0.00 0.00 0.00 0.00 0.00 0.00 0.00 0.00 0.00 0.00 0.00 0.00 0.00 0.00 0.00 0.00 0.00 0.00 0.00 0.00 0.00 0.00 0.00 0.00 0.00 0.00 0.00 0.00 0.00 0.00 0.00 0.00 0.00 0.00 0.00 0.00 0.00 0.00 0.00 0.00 0.00 0.00 0.00 0.00 0.00 0.00 0.00 0.00 0.00 0.00
2.52 2.52 0.00 0.00 0.00 0.00 0.00 2.49 2.43 3.98 2.43 2.43 2.35 0.00 0.00 0.00 0.00 0.00 0.00 0.00 0.00 0.00 0.00 0.00 0.00 0.00 0.00 0.00 0.00 0.00 0.00 0.00 0.00 0.00 0.00 0.00 0.00 0.00 0.00 0.00 0.00 0.00 0.00 0.00 0.00 0.00 0.00 0.00 0.00 0.00 0.00 0.00 0.00 0.00 0.00 0.00 4.97 11.50 0.00 0.00 0.00 0.00 0.00 0.00 0.00 0.00 0.00 0.00 0.00 0.00 0.00 0.00 0.00 0.00 0.00 0.00 0.00 0.00 0.00 0.00 0.00 0.00 0.00 0.00
2.52 2.52 2.52 0.00 0.00 0.00 4.05 4.04 2.43 3.97 2.43 2.43 3.93 0.00 0.00 0.00 0.00 0.00 0.00 0.00 0.00 0.00 0.00 0.00 0.00 0.00 0.00 0.00 0.00 0.00 0.00 0.00 0.00 0.00 0.00 0.00 0.00 0.00 0.00 0.00 0.00 0.00 0.00 0.00 0.00 0.00 0.00 0.00 0.00 0.00 0.00 0.00 0.00 0.00 0.00 0.00 3.41 11.50 0.00 0.00 0.00 0.00 0.00 0.00 0.00 0.00 0.00 0.00 0.00 2.76 3.44 0.00 0.00 0.00 0.00 0.00 0.00 0.00 0.00 0.00 0.00 0.00 0.00 0.00
4.10 2.50 2.50 2.50 2.43 2.43 2.43 2.43 2.42 2.42 2.42 2.42 3.93 0.00 0.00 0.00 0.00 0.00 0.00 0.00 0.00 0.00 0.00 0.00 0.00 0.00 0.00 0.00 0.00 0.00 0.00 0.00 0.00 0.00 0.00 0.00 0.00 0.00 0.00 0.00 0.00 0.00 0.00 0.00 0.00 0.00 0.00 0.00 0.00 0.00 0.00 0.00 0.00 0.00 0.00 0.00 3.44 3.44 0.00 0.00 0.00 0.00 0.00 0.00 0.00 0.00 0.00 0.00 5.86 3.31 1.91 0.00 0.00 0.00 0.00 0.00 0.00 0.00 0.00 0.00 0.00 0.00 0.00 0.00
2.50 2.50 2.50 2.50 2.43 2.43 2.43 2.43 2.42 2.42 2.42 2.42 3.93 0.00 0.00 0.00 0.00 0.00 0.00 0.00 0.00 0.00 0.00 0.00 0.00 0.00 0.00 3.93 3.60 3.60 0.00 0.00 0.00 0.00 0.00 0.00 0.00 0.00 0.00 0.00 0.00 0.00 0.00 0.00 0.00 0.00 0.00 0.00 0.00 0.00 0.00 0.00 0.00 0.00 0.00 0.00 3.44 3.44 0.00 0.00 0.00 0.00 0.00 0.00 0.00 0.00 0.00 4.95 8.58 3.31 1.91 3.44 0.00 0.00 0.00 0.00 0.00 0.00 0.00 0.00 0.00 0.00 0.00 0.00
2.50 4.10 2.50 2.50 3.99 2.43 2.43 2.43 2.42 2.42 2.42 2.42 2.44 0.00 0.00 0.00 0.00 0.00 0.00 0.00 0.00 0.00 0.00 0.00 0.00 0.00 0.00 2.42 2.18 2.18 0.00 0.00 0.00 0.00 0.00 0.00 0.00 0.00 0.00 0.00 0.00 0.00 0.00 0.00 0.00 9.17 4.97 0.00 0.00 0.00 0.00 0.00 0.00 0.00 0.00 0.00 3.44 3.44 2.77 0.00 0.00 0.00 0.00 0.00 0.00 0.00 0.00 3.36 3.31 3.31 1.91 1.91 3.44 0.00 0.00 0.00 0.00 0.00 0.00 0.00 0.00 1.90 1.90 11.43
2.50 2.50 4.10 2.50 2.43 2.43 2.43 2.43 2.42 2.42 2.42 2.42 2.44 0.00 0.00 0.00 0.00 0.00 0.00 0.00 0.00 0.00 0.00 0.00 0.00 0.00 5.66 2.42 2.18 2.18 0.00 0.00 0.00 0.00 0.00 0.00 0.00 0.00 0.00 0.00 0.00 0.00 0.00 0.00 0.00 4.97 4.97 4.97 0.00 0.00 0.00 0.00 0.00 0.00 0.00 0.00 2.77 3.44 3.44 3.44 3.36 0.00 11.46 3.36 3.36 3.36 11.46 5.92 3.31 3.31 1.91 1.91 1.91 0.00 0.00 0.00 0.00 0.00 0.00 0.00 1.90 1.90 1.90 1.90
2.47 4.05 4.05 2.47 2.42 2.42 2.42 2.42 2.50 2.50 2.50 2.50 2.53 0.00 0.00 0.00 0.00 0.00 0.00 0.00 0.00 0.00 0.00 0.00 0.00 3.93 2.42 2.42 2.19 12.01 0.00 0.00 0.00 0.00 0.00 0.00 0.00 0.00 0.00 0.00 0.00 0.00 0.00 0.00 0.00 3.52 3.52 3.52 4.97 4.97 0.00 0.00 0.00 0.00 0.00 0.00 8.46 6.14 3.46 3.46 3.35 3.35 3.35 3.35 3.31 3.31 5.87 8.06 3.31 3.98 1.91 1.91 1.96 0.00 0.00 0.00 0.00 0.00 0.00 1.93 3.30 1.90 1.90 1.90
2.47 2.47 2.47 2.47 2.42 3.97 2.42 2.42 2.50 2.50 2.50 2.50 2.53 12.66 0.00 0.00 0.00 0.00 0.00 0.00 0.00 0.00 3.93 0.00 0.00 3.97 2.42 2.42 2.19 0.00 0.00 0.00 0.00 0.00 0.00 0.00 0.00 0.00 0.00 0.00 0.00 0.00 0.00 0.00 0.00 3.52 3.52 3.52 3.55 3.55 0.00 0.00 0.00 0.00 0.00 0.00 14.96 3.46 3.46 3.46 3.35 3.35 5.93 3.35 5.87 3.31 3.31 3.31 5.86 3.31 1.91 1.91 1.96 3.40 11.46 0.00 0.00 0.00 1.93 1.93 1.90 1.90 1.90 1.90
2.47 2.47 2.47 2.47 2.42 2.42 2.42 2.42 2.50 2.50 2.50 2.50 0.93 12.66 0.00 0.00 0.00 0.00 0.00 0.00 5.82 2.48 2.48 2.48 2.42 2.42 2.42 2.42 0.00 0.00 0.00 0.00 0.00 0.00 0.00 0.00 0.00 0.00 0.00 0.00 0.00 0.00 0.00 0.00 4.97 3.52 3.52 3.52 3.55 3.55 0.00 0.00 0.00 0.00 0.00 0.00 0.00 3.46 3.46 3.46 3.35 3.35 3.35 3.35 3.31 3.31 3.31 3.31 3.31 3.31 1.91 1.91 1.96 3.40 1.96 1.96 0.00 1.93 1.93 1.93 1.90 1.90 1.90 1.90
2.47 2.47 2.47 2.47 2.42 2.42 2.42 2.42 2.50 2.50 2.50 2.50 0.93 0.93 0.00 0.00 0.00 0.00 0.00 2.52 2.48 2.48 2.48 2.48 1.27 1.27 2.42 2.42 0.00 0.00 0.00 0.00 0.00 0.00 0.00 0.00 0.00 0.00 0.00 0.00 0.00 0.00 0.00 0.00 0.00 3.52 3.52 3.52 3.55 0.00 0.00 0.00 0.00 0.00 0.00 0.00 4.97 3.46 3.46 3.46 3.35 3.35 3.35 3.35 3.31 3.31 3.31 3.31 3.31 3.31 1.91 3.31 1.96 1.96 1.96 1.96 1.93 1.93 1.93 1.93 1.90 1.90 1.90 1.90
2.45 2.45 2.45 2.45 2.45 2.45 2.45 2.45 2.57 2.57 2.57 0.94 0.94 1.29 0.00 0.00 0.00 0.00 0.00 4.13 2.46 2.46 4.02 2.46 2.45 4.01 2.45 0.00 0.00 0.00 0.00 0.00 0.00 0.00 0.00 0.00 0.00 0.00 0.00 0.00 0.00 0.00 0.00 0.00 0.00 3.56 3.56 3.56 0.00 0.00 0.00 0.00 0.00 0.00 0.00 0.00 1.62 3.45 3.45 3.45 3.28 3.28 3.28 5.79 5.77 3.26 3.26 3.26 3.36 3.36 1.94 1.94 3.45 3.49 2.00 2.00 1.99 1.99 1.99 1.99 1.99 1.99 1.99 1.99
2.45 2.45 2.45 4.02 2.45 2.45 2.45 2.45 2.57 2.57 0.94 1.30 0.66 0.94 1.41 0.00 0.00 0.00 0.00 3.17 2.46 2.46 2.46 2.46 2.45 2.45 2.45 0.00 0.00 0.00 0.00 0.00 0.00 0.00 0.00 0.00 0.00 0.00 0.00 0.00 0.00 0.00 0.00 0.00 0.00 0.00 3.56 3.56 0.00 0.00 0.00 0.00 0.00 0.00 0.00 1.78 1.62 3.45 3.45 3.45 3.28 3.28 3.28 3.28 3.26 3.26 7.92 3.26 3.36 3.36 1.94 1.94 2.00 2.00 2.00 2.00 1.99 1.99 1.99 1.99 1.99 1.99 1.99 1.99
2.45 2.45 2.45 2.45 2.45 2.45 2.45 2.45 7.10 2.57 0.94 1.86 2.56 1.27 2.56 0.94 2.12 0.66 0.66 0.93 2.46 2.46 2.46 2.46 2.45 2.45 2.45 0.00 0.00 0.00 0.00 0.00 0.00 0.00 0.00 0.00 0.00 0.00 0.00 0.00 0.00 0.00 0.00 0.00 0.00 0.00 11.50 3.56 3.59 3.59 0.00 0.00 0.00 0.00 1.71 1.71 1.62 3.45 8.32 8.69 3.28 3.28 3.28 5.79 3.26 5.76 5.76 3.26 3.36 3.36 1.94 1.94 2.00 2.00 2.00 2.00 1.71 1.71 0.41 2.12 1.99 11.43 0.00 0.00
2.45 4.02 2.45 2.45 2.45 2.45 2.45 4.00 2.57 2.57 2.57 2.57 2.56 1.27 2.56 2.56 0.57 0.57 0.81 0.93 2.46 2.46 2.46 2.46 2.45 2.45 2.45 0.00 0.00 0.00 0.00 0.00 0.00 0.00 0.00 0.00 0.00 0.00 0.00 0.00 0.00 0.00 0.00 0.00 0.00 0.00 3.56 5.15 3.59 1.71 1.71 3.59 3.61 1.71 1.71 1.71 1.62 3.45 3.45 5.99 3.28 3.28 3.28 3.28 3.26 3.26 3.26 3.26 3.36 3.36 1.94 1.94 2.00 0.64 0.42 1.71 1.17 1.17 0.00 0.00 0.00 0.00 0.00 0.00
2.48 2.48 4.07 2.48 2.43 2.43 2.43 2.43 2.54 2.54 2.54 2.54 2.57 2.57 2.57 2.57 2.12 0.57 0.66 0.93 2.44 2.44 2.44 2.44 2.48 2.39 2.39 0.00 0.00 0.00 0.00 0.00 0.00 0.00 0.00 0.00 0.00 0.00 0.00 0.00 0.00 0.00 0.00 0.00 0.00 0.00 2.21 2.77 3.58 1.70 3.58 3.58 9.27 1.67 1.67 1.67 3.34 3.34 3.34 5.86 3.28 3.28 3.28 3.28 3.40 3.40 3.40 3.40 3.53 3.53 2.06 2.06 0.68 0.48 1.71 1.17 11.43 0.00 0.00 0.00 0.00 0.00 0.00 0.00
4.07 2.48 2.48 2.48 2.43 2.43 2.43 2.43 2.54 2.54 2.54 2.54 2.57 2.57 2.57 2.12 0.66 0.85 0.66 0.93 2.44 2.44 2.44 2.44 3.10 2.39 1.87 0.00 0.00 0.00 0.00 0.00 0.00 0.00 0.00 0.00 0.00 0.00 0.00 0.00 0.00 0.00 0.00 0.00 0.00 6.35 3.57 2.77 3.58 1.70 3.58 3.58 1.67 1.67 1.67 3.53 3.34 3.34 3.34 3.34 3.28 3.28 3.28 3.28 3.40 3.40 3.40 3.40 3.53 3.53 2.06 0.48 0.48 1.17 1.17 1.17 0.00 0.00 0.00 0.00 0.00 0.00 0.00 0.00
3.00 3.00 5.00 3.00 2.94 2.94 2.94 2.94 3.07 3.07 3.07 3.07 3.13 3.13 0.86 0.86 0.86 1.14 1.66 1.20 2.97 2.97 2.88 2.88 3.67 2.31 3.67 0.00 0.00 0.00 0.00 0.00 0.00 0.00 0.00 0.00 0.00 0.00 0.00 0.00 0.00 0.00 0.00 0.00 7.48 4.17 4.17 4.17 4.18 2.05 4.18 4.18 2.01 2.01 4.12 4.12 3.90 3.90 3.90 3.90 3.77 3.77 3.77 3.77 3.91 3.91 3.91 3.91 4.06 4.06 2.45 0.83 2.04 1.41 1.41 12.48 0.00 0.00 0.00 0.00 0.00 0.00 0.00 0.00
3.00 3.00 3.00 4.97 2.94 2.94 2.94 2.94 3.07 3.07 3.07 3.07 3.13 1.21 0.86 0.86 2.60 0.75 1.20 1.20 2.88 2.88 2.88 2.88 3.67 3.67 3.67 0.00 0.00 0.00 0.00 0.00 0.00 0.00 0.00 0.00 0.00 0.00 0.00 0.00 0.00 0.00 0.00 0.00 4.17 4.17 3.27 4.17 2.05 2.05 4.18 2.05 2.01 2.01 9.92 4.12 3.90 3.90 3.90 3.90 3.77 3.77 3.77 3.77 3.91 3.91 3.91 3.91 4.06 1.98 0.83 2.04 2.75 1.41 12.48 0.00 0.00 0.00 0.00 0.00 0.00 0.00 0.00 0.00
3.01 3.01 5.02 3.01 2.93 2.93 2.93 2.93 3.07 3.07 3.07 3.07 3.13 1.21 1.21 0.86 0.86 1.16 1.37 3.68 2.86 2.86 2.86 2.86 3.75 3.75 14.08 0.00 0.00 0.00 0.00 0.00 0.00 0.00 0.00 0.00 0.00 0.00 0.00 0.00 0.00 0.00 0.00 13.34 6.80 4.15 3.27 4.15 2.01 2.01 2.01 2.01 1.90 3.92 3.92 6.99 3.90 3.90 3.90 3.90 4.00 4.00 4.00 4.00 4.11 4.11 4.11 4.11 4.14 1.43 2.04 2.75 6.90 6.90 0.00 0.00 0.00 0.00 0.00 0.00 0.00 0.00 0.00 0.00
1.15 3.01 5.02 3.01 2.93 2.93 2.93 2.93 3.07 3.07 3.07 3.07 1.21 1.21 1.21 1.21 1.16 1.78 3.82 3.68 2.86 2.86 2.86 2.86 3.75 3.75 0.00 0.00 0.00 0.00 0.00 0.00 0.00 0.00 0.00 4.64 4.62 13.34 0.00 0.00 4.58 4.58 8.25 4.58 4.15 3.27 3.27 3.27 2.01 2.01 2.01 2.01 3.92 13.09 7.01 3.92 3.90 3.90 3.90 3.90 4.00 4.00 1.94 1.94 2.01 4.11 4.11 2.09 3.61 5.85 6.90 6.90 6.90 2.59 2.59 0.00 0.00 0.00 0.00 0.00 0.00 0.00 0.00 0.00
3.01 5.02 3.01 3.01 2.93 2.93 2.93 4.88 3.07 3.07 3.07 1.18 1.21 1.21 1.70 1.84 1.78 1.78 2.83 3.68 2.86 2.86 2.86 2.86 3.75 3.75 14.08 0.00 0.00 0.00 0.00 0.00 0.00 0.00 0.00 4.64 4.62 4.62 4.62 4.62 4.58 4.58 12.14 4.58 6.11 3.27 3.27 4.15 2.01 2.01 5.92 4.11 3.92 7.01 3.92 3.92 3.90 3.90 3.90 3.90 4.00 4.00 1.94 1.94 1.58 1.58 3.61 3.61 6.95 8.00 6.90 6.90 6.90 2.59 1.41 1.41 0.00 0.00 0.00 0.00 0.00 0.00 0.00 0.00
3.01 3.01 3.01 3.01 4.88 2.93 2.93 2.93 3.07 3.07 3.07 1.18 1.21 1.84 1.84 1.84 1.78 1.78 1.78 3.68 2.86 2.86 2.86 2.86 3.75 3.75 14.08 0.00 0.00 0.00 0.00 0.00 0.00 0.00 0.00 4.64 4.62 4.62 4.62 4.62 8.20 4.58 4.58 4.58 4.15 4.15 2.03 2.03 2.01 3.20 2.01 2.01 3.92 3.92 3.92 3.92 3.90 3.90 3.90 3.90 4.00 4.00 1.94 1.58 1.43 3.61 1.58 7.28 8.00 8.00 6.90 15.84 15.84 4.25 1.41 1.41 1.34 0.00 0.00 0.00 0.00 0.00 0.00 0.00
2.98 6.47 2.98 2.98 2.97 2.97 2.97 2.97 3.04 3.04 3.04 5.08 1.77 1.77 1.77 1.77 1.07 1.07 1.07 2.83 3.68 3.68 3.68 3.68 3.83 3.83 14.08 0.00 0.00 0.00 0.00 0.00 0.00 0.00 2.36 2.41 2.38 2.82 4.61 4.61 4.51 4.51 6.39 4.51 2.00 2.00 2.00 3.19 1.95 1.95 1.95 1.95 3.92 3.92 3.92 3.92 4.13 4.13 4.13 4.13 4.19 1.58 1.58 1.43 1.58 1.58 7.28 7.28 8.00 14.84 6.90 6.90 6.90 4.25 4.25 4.25 1.34 1.34 0.00 0.00 0.00 0.00 0.00 0.00
2.98 2.98 4.96 2.98 2.97 2.97 2.97 2.97 3.04 3.04 5.04 3.70 3.81 1.77 1.77 1.77 1.07 1.07 2.83 2.83 3.68 3.68 3.68 3.68 3.83 3.83 3.87 0.00 0.00 0.00 0.00 0.00 0.00 0.00 6.43 1.64 2.31 2.31 4.61 4.61 4.51 8.13 8.13 2.25 2.00 2.00 4.01 2.00 1.95 3.09 1.95 1.95 3.92 3.92 3.92 3.92 2.02 2.02 2.02 2.02 1.43 1.58 3.61 3.61 2.49 4.19 2.49 7.28 7.28 8.00 6.90 6.90 6.90 4.25 4.25 0.60 0.56 2.33 0.85 0.85 2.33 0.00 0.00 0.00
4.96 2.98 2.98 2.98 2.97 2.97 2.97 2.97 6.59 8.49 3.70 3.70 3.65 3.65 3.65 1.77 1.07 2.83 2.83 2.83 3.68 3.68 3.68 3.68 3.83 3.83 3.87 3.41 0.00 0.00 0.00 0.00 0.00 17.37 4.03 4.03 7.31 4.03 4.61 4.61 4.51 4.51 4.51 3.61 2.00 3.19 2.00 2.00 1.95 1.95 1.95 1.95 3.92 3.92 1.90 1.90 2.02 1.62 1.62 1.47 1.43 1.58 1.58 2.49 4.19 2.49 2.49 2.49 2.49 8.00 6.90 2.75 2.04 0.60 0.60 0.50 2.33 2.33 2.33 2.33 0.85 0.85 1.94 0.00
2.98 2.98 2.98 2.98 2.97 2.97 2.97 2.87 5.88 3.70 3.70 5.88 5.77 3.65 3.65 3.65 2.83 2.83 2.83 2.83 3.68 3.68 3.68 2.31 3.83 2.31 3.41 3.41 5.53 3.10 4.03 4.03 4.03 4.03 4.03 1.81 5.67 4.61 4.61 4.61 4.51 4.51 4.51 2.25 2.00 3.16 2.00 2.00 1.95 1.95 4.14 4.12 3.92 3.92 3.92 1.90 2.02 2.63 2.02 1.62 1.43 1.43 1.58 2.49 2.49 3.65 4.06 2.49 1.58 1.58 0.60 0.60 0.60 1.39 2.47 2.47 2.33 2.33 2.33 2.33 4.58 2.36 0.56 1.94
5.55 5.55 2.95 2.95 2.97 2.87 5.77 2.87 2.89 2.89 2.89 2.89 2.81 5.65 2.81 2.81 2.88 2.88 2.88 2.88 3.81 3.81 3.81 3.81 2.31 1.46 3.41 3.41 3.10 3.10 4.03 4.03 4.03 1.64 5.45 1.81 2.82 4.64 4.64 4.64 4.50 4.50 4.50 2.24 1.96 9.44 4.02 1.96 1.92 3.96 7.09 3.96 4.07 4.07 4.07 4.07 4.29 4.29 2.55 2.12 1.58 2.49 2.49 2.49 5.79 4.22 4.22 2.07 1.58 1.58 0.60 0.60 0.60 0.81 2.42 2.42 2.29 4.42 2.29 2.29 2.38 2.38 0.49 0.49
3.27 3.27 3.27 3.27 3.29 2.87 5.77 2.87 2.89 2.89 2.89 2.89 5.65 5.65 2.81 2.81 2.88 2.88 2.88 2.88 3.81 3.81 3.81 3.81 2.31 1.46 3.41 1.46 1.18 3.10 4.03 4.03 4.03 4.03 4.03 1.81 2.82 8.90 4.64 4.64 4.50 4.50 4.50 4.50 7.58 4.02 4.02 4.02 3.96 3.96 3.96 3.96 4.07 4.07 4.07 4.07 4.29 4.29 2.55 1.62 4.06 2.49 2.09 3.52 2.09 2.49 4.22 4.22 4.13 2.02 0.60 0.85 0.87 0.81 2.42 2.42 4.42 2.29 2.29 2.29 2.38 2.38 1.11 0.56
3.27 3.27 3.27 3.27 3.29 3.29 2.87 2.87 2.89 2.89 5.80 2.89 2.81 5.65 2.81 2.81 2.88 2.88 2.88 2.88 3.81 3.81 3.81 3.81 1.46 3.41 3.41 1.46 1.31 3.10 4.03 7.04 1.64 2.54 1.48 2.99 6.78 1.81 4.64 4.64 4.50 4.50 4.50 4.50 4.02 9.98 4.02 4.02 3.96 3.96 3.96 3.96 4.07 4.07 4.07 4.07 4.29 4.29 1.47 1.47 4.06 4.06 2.49 2.49 1.58 4.03 5.38 4.22 4.13 4.13 1.83 0.85 0.81 2.42 2.42 2.42 2.29 2.29 2.29 2.29 2.38 2.38 0.80 1.09
