New_Model_Runs/14_Future_RCP8.5_Scn1_out/post_prcessed_with_MFR/Monthly_summaries/runoff_monthly_JAN.asc
NCOLS 700
NROWS 400
XLLCENTER 515000.000000
YLLCENTER 8409000.000000
CELLSIZE 50.000000
NODATA_value -999.000000
[rows 114 to 151 of 400, columns 504 to 587 of 700]
0.27 0.27 0.27 0.27 0.25 0.32 0.25 0.25 0.21 0.21 0.21 0.21 0.21 0.21 0.21 0.21 0.22 0.06 0.06 0.06 0.06 0.04 0.04 0.06 0.05 0.05 0.19 0.46 0.08 0.05 0.05 0.05 0.05 0.07 0.07 0.07 0.19 0.05 0.21 0.19 0.19 0.19 0.19 0.19 0.19 0.19 0.26 0.19 0.19 0.19 0.19 0.19 0.07 0.07 0.07 0.07 0.19 0.12 0.12 0.12 0.00 0.00 0.12 0.12 0.12 0.14 0.14 0.12 0.13 0.11 0.11 0.11 0.12 0.00 0.12 0.12 0.13 0.03 6.51 0.00 0.00 0.00 0.00 0.00
0.27 0.27 0.27 0.27 0.25 0.25 0.25 0.25 0.21 0.21 0.21 0.21 0.21 0.21 0.21 0.21 0.22 0.22 0.22 0.06 0.06 0.06 0.24 0.24 0.21 0.05 0.19 0.19 0.07 0.05 0.05 0.21 0.05 0.07 0.07 0.07 0.19 0.19 0.21 0.21 0.19 0.19 0.19 0.19 0.19 0.32 0.19 0.19 0.19 0.19 0.19 0.19 0.07 0.07 0.07 0.07 0.19 0.12 0.12 0.12 0.00 0.00 0.12 0.12 0.12 0.12 0.12 0.12 0.11 0.11 0.11 0.11 0.12 0.12 0.00 0.00 0.13 0.01 0.01 0.01 0.03 0.28 0.00 0.03
0.24 0.24 0.24 0.32 0.30 0.24 0.24 0.24 0.22 0.22 0.22 0.22 0.23 0.23 0.23 0.23 0.23 0.23 0.23 0.23 0.25 0.25 0.23 0.23 0.19 0.21 0.21 0.21 0.19 0.19 0.19 0.05 0.19 0.19 0.19 0.19 0.19 0.19 0.19 0.21 0.19 0.19 0.25 0.05 0.25 0.19 0.19 0.19 0.07 0.05 0.07 0.07 0.07 0.07 0.07 0.07 0.07 0.11 0.11 0.11 0.11 0.11 0.11 0.11 0.11 0.11 0.11 0.11 0.11 0.11 0.11 0.11 0.13 0.13 0.00 0.00 0.14 0.01 0.01 0.01 0.12 0.92 0.12 0.12
0.24 0.24 0.24 0.24 0.24 0.24 0.24 0.24 0.22 0.22 0.22 0.22 0.23 0.23 0.23 0.23 0.23 0.23 0.23 0.23 0.23 0.23 0.23 0.23 0.46 0.19 0.19 0.19 0.19 0.19 0.03 0.19 0.19 0.19 0.19 0.19 0.19 0.19 0.19 0.19 0.19 0.19 0.19 0.19 0.19 0.19 0.19 0.07 0.07 0.20 0.03 0.03 0.03 0.07 0.07 0.07 0.07 0.11 0.11 0.11 0.11 0.11 0.11 0.11 0.11 0.11 0.11 0.11 0.11 0.11 0.11 0.11 0.13 0.00 0.00 0.13 0.14 0.14 0.01 0.01 0.12 0.01 0.01 0.01
0.24 0.24 0.24 0.24 0.24 0.24 0.24 0.24 0.22 0.22 0.22 0.22 0.23 0.23 0.23 0.23 0.23 0.23 0.23 0.23 0.23 0.23 0.23 0.23 0.19 0.19 0.05 0.19 0.19 0.19 0.19 0.19 0.19 0.19 0.19 0.19 0.19 0.19 0.19 0.19 0.19 0.19 0.19 0.19 0.19 0.19 0.19 0.05 0.05 0.05 0.03 0.03 0.07 0.08 0.07 0.07 0.07 0.11 0.11 0.11 0.11 0.11 0.11 0.13 0.11 0.13 0.11 0.11 0.11 0.11 0.11 0.11 0.13 0.00 0.00 0.00 0.14 0.14 0.01 0.01 0.12 0.01 0.00 0.01
0.24 0.24 0.24 0.24 0.24 0.24 0.24 0.24 0.22 0.22 0.22 0.22 0.23 0.23 0.23 0.23 0.23 0.23 0.23 0.23 0.23 0.23 0.23 0.23 0.19 0.19 0.19 0.19 0.19 0.19 0.19 0.19 0.19 0.19 0.19 0.19 0.19 0.19 0.19 0.19 0.19 0.19 0.19 0.19 0.20 0.20 0.20 0.03 0.03 0.07 0.08 0.09 0.05 0.07 0.07 0.07 0.07 0.11 0.11 0.11 0.11 0.11 0.13 0.11 0.11 0.11 0.11 0.11 0.11 0.11 0.11 0.11 0.13 0.13 0.00 0.00 0.00 0.00 0.00 0.00 0.00 0.12 0.12 0.00
0.24 0.24 0.24 0.24 0.25 0.25 0.25 0.25 0.24 0.24 0.24 0.24 0.24 0.24 0.24 0.24 0.24 0.24 0.24 0.24 0.24 0.24 0.24 0.24 0.21 0.21 0.05 0.21 0.21 0.21 0.21 0.21 0.21 0.21 0.21 0.21 0.21 0.05 0.05 0.05 0.19 0.19 0.19 0.05 0.03 0.06 0.05 0.07 0.03 0.07 0.07 0.07 0.07 0.07 0.07 0.07 0.07 0.11 0.11 0.11 0.11 0.11 0.11 0.11 0.12 0.12 0.12 0.12 0.12 0.12 0.12 0.12 0.13 0.13 0.13 0.13 0.03 0.02 0.02 0.00 0.00 0.00 0.01 0.00
0.24 0.24 0.24 0.24 0.25 0.25 0.25 0.25 0.24 0.24 0.24 0.24 0.24 0.24 0.24 0.24 0.24 0.24 0.24 0.24 0.24 0.24 0.24 0.24 0.21 0.05 0.03 0.03 0.21 0.21 0.21 0.21 0.21 0.21 0.21 0.21 0.21 0.05 0.05 0.05 0.19 0.20 0.20 0.05 0.05 0.07 0.05 0.07 0.07 0.07 0.07 0.07 0.07 0.07 0.07 0.07 0.07 0.11 0.11 0.11 0.11 0.11 0.11 0.11 0.12 0.12 0.12 0.12 0.12 0.12 0.12 0.12 0.13 0.13 0.13 0.13 0.14 0.14 0.14 0.00 0.00 0.00 0.01 0.00
0.24 0.24 0.24 0.24 0.25 0.25 0.25 0.25 0.24 0.24 0.24 0.24 0.24 0.24 0.24 0.24 0.24 0.24 0.24 0.24 0.24 0.24 0.24 0.24 0.21 0.02 0.03 0.03 0.03 0.21 0.21 0.05 0.03 0.05 0.05 0.21 0.51 0.21 0.05 0.03 0.03 0.06 0.27 0.05 0.05 0.07 0.07 0.07 0.07 0.07 0.07 0.07 0.07 0.07 0.07 0.07 0.09 0.11 0.11 0.11 0.11 0.11 0.11 0.11 0.12 0.12 0.12 0.12 0.12 0.12 0.12 0.12 0.13 0.13 0.13 0.13 0.14 0.14 0.00 0.00 0.01 0.01 0.17 0.14
0.24 0.24 0.24 0.24 0.25 0.07 0.25 0.25 0.24 0.51 0.31 0.33 0.31 0.24 0.24 0.24 0.51 0.24 0.24 0.24 0.24 0.24 0.24 0.24 0.21 0.02 0.05 0.03 0.03 0.21 0.21 0.05 0.03 0.03 0.05 0.05 0.05 0.21 0.21 0.03 0.21 0.03 0.05 0.19 0.07 0.07 0.07 0.07 0.07 0.07 0.07 0.07 0.07 0.07 0.07 0.07 0.07 0.11 0.11 0.11 0.11 0.11 0.11 0.11 0.12 0.12 0.12 0.12 0.12 0.12 0.12 0.12 0.13 0.13 0.13 0.13 0.14 0.14 0.00 0.00 0.00 0.00 0.16 0.14
0.26 0.26 0.26 0.26 0.27 0.27 0.35 0.27 0.24 0.24 0.42 0.24 0.24 0.24 0.24 0.31 0.32 0.24 0.01 0.06 0.24 0.24 0.24 0.24 0.21 0.03 0.03 0.21 0.21 0.21 0.21 0.05 0.03 0.03 0.03 0.01 0.03 0.03 0.21 0.21 0.19 0.19 0.19 0.19 0.19 0.19 0.19 0.19 0.07 0.10 0.07 0.07 0.06 0.06 0.06 0.06 0.07 0.11 0.11 0.11 0.11 0.11 0.11 0.13 0.14 0.14 0.12 0.12 0.12 0.12 0.12 0.16 0.13 0.13 0.13 0.13 0.13 0.13 0.00 0.00 0.01 0.13 0.13 0.13
0.26 0.26 0.26 0.26 0.27 0.27 0.27 0.27 0.24 0.31 0.24 0.24 0.24 0.24 0.24 0.24 0.03 0.03 0.01 0.01 0.01 0.24 0.24 0.24 0.21 0.03 0.00 0.07 0.21 0.21 0.21 0.21 0.01 0.15 0.15 0.15 0.15 0.15 0.21 0.21 0.32 0.19 0.19 0.19 0.19 0.19 0.19 0.19 0.11 0.07 0.07 0.07 0.06 0.06 0.06 0.06 0.07 0.11 0.11 0.11 0.11 0.13 0.14 0.11 0.12 0.12 0.14 0.14 0.12 0.14 0.14 0.12 0.18 0.13 0.13 0.13 0.13 0.13 0.16 0.13 0.13 0.13 0.13 0.13
0.26 0.26 0.26 0.26 0.27 0.27 0.27 0.27 0.24 0.24 0.24 0.24 0.24 0.24 0.24 0.24 0.24 0.01 0.01 0.17 0.01 0.51 0.24 0.03 0.03 0.07 0.07 0.07 0.07 0.07 0.07 0.21 0.15 0.15 0.15 0.15 0.04 0.04 0.21 0.27 0.19 0.19 0.19 0.02 0.02 0.02 0.19 0.02 0.00 0.07 0.07 0.07 0.06 0.06 0.06 0.06 0.07 0.11 0.11 0.11 0.11 0.11 0.11 0.11 0.12 0.12 0.12 0.12 0.14 0.12 0.12 0.12 0.13 0.13 0.18 0.13 0.13 0.16 0.13 0.13 0.13 0.13 0.13 0.13
0.26 0.26 0.26 0.26 0.27 0.27 0.27 0.27 0.24 0.24 0.24 0.24 0.24 0.32 0.32 0.24 0.24 0.06 0.01 0.01 0.01 0.10 0.03 0.09 0.07 0.07 0.07 0.07 0.07 0.07 0.07 0.07 0.15 0.15 0.01 0.07 0.21 0.21 0.21 0.21 0.19 0.19 0.19 0.02 0.02 0.02 0.01 0.03 0.00 0.00 0.00 0.08 0.06 0.06 0.06 0.06 0.09 0.11 0.11 0.01 0.11 0.11 0.01 0.01 0.12 0.12 0.12 0.14 0.12 0.12 0.12 0.12 0.13 0.13 0.13 0.13 0.13 0.13 0.13 0.13 0.13 0.13 0.13 0.16
0.27 0.27 0.27 0.27 0.27 0.27 0.27 0.27 0.24 0.24 0.24 0.24 0.24 0.24 0.24 0.24 0.25 0.06 0.01 0.17 0.21 0.01 0.17 0.09 0.07 0.07 0.07 0.00 0.00 0.00 0.00 0.00 0.00 0.15 0.15 0.21 0.21 0.21 0.21 0.21 0.20 0.20 0.02 0.15 0.15 0.15 0.15 0.01 0.01 0.00 0.00 0.07 0.07 0.08 0.07 0.07 0.07 0.11 0.11 0.00 0.00 0.00 0.00 0.01 0.11 0.13 0.11 0.11 0.12 0.12 0.12 0.12 0.13 0.15 0.13 0.15 0.13 0.13 0.13 0.13 0.13 0.13 0.15 0.13
0.27 0.27 0.27 0.27 0.04 0.04 0.04 0.04 0.03 0.24 0.24 0.24 0.24 0.24 0.24 0.24 0.04 0.06 0.01 0.01 0.17 0.17 0.09 0.09 0.07 0.00 0.00 0.00 0.00 0.00 0.00 0.00 0.00 0.00 0.21 0.21 0.21 0.21 0.21 0.21 0.21 0.01 0.01 0.01 0.15 0.15 0.02 0.05 0.00 0.00 0.00 0.07 0.07 0.07 0.07 0.07 0.23 0.11 0.11 0.01 0.00 0.00 0.01 0.11 0.11 0.11 0.11 0.11 0.12 0.12 0.12 0.12 0.13 0.13 0.13 0.13 0.13 0.13 0.13 0.13 0.13 0.14 0.13 0.13
0.24 0.24 0.24 0.24 0.03 0.03 0.01 0.03 0.02 0.19 0.19 0.19 0.19 0.19 0.19 0.19 0.01 0.19 0.03 0.14 0.14 0.14 0.07 0.07 5.84 0.00 0.00 0.00 0.00 0.00 0.00 0.00 0.00 0.00 0.00 0.07 0.06 0.06 0.06 0.04 0.17 0.12 0.48 0.12 0.12 0.06 0.06 0.06 0.06 0.05 0.06 0.05 0.05 0.05 0.05 0.05 0.05 0.09 0.09 0.01 0.00 0.00 0.01 0.10 0.09 0.09 0.09 0.09 0.09 0.09 0.09 0.09 0.10 0.10 0.10 0.10 0.11 0.11 0.11 0.14 0.11 0.11 0.11 0.11
0.24 0.24 0.24 0.24 0.24 0.03 0.03 0.03 0.08 0.08 0.02 0.19 0.19 0.19 0.19 0.03 0.01 0.19 0.03 0.05 0.01 0.01 0.00 0.07 0.00 0.00 0.00 0.00 0.00 0.00 0.00 0.00 0.00 0.00 0.00 5.84 0.17 0.06 5.84 0.00 0.00 0.48 0.48 0.12 0.01 0.00 0.06 0.06 0.05 0.06 0.05 0.06 0.05 0.05 0.05 0.05 0.05 0.09 0.09 0.01 0.00 0.01 0.01 0.09 0.09 0.10 0.09 0.09 0.09 0.09 0.09 0.09 0.10 0.10 0.10 0.12 0.12 0.11 0.11 0.11 0.11 0.11 0.11 0.11
0.25 0.25 0.25 0.25 0.25 0.25 0.01 0.01 0.02 0.02 0.02 0.19 0.03 0.01 0.01 0.01 0.01 0.01 0.19 0.05 0.19 0.19 0.20 0.00 0.00 0.00 0.00 0.00 0.00 0.00 0.00 0.00 0.00 0.00 0.00 0.06 0.06 0.00 0.00 0.00 0.00 0.00 0.00 0.12 0.12 0.00 0.06 0.06 0.05 0.05 0.05 0.05 0.05 0.05 0.05 0.05 0.06 0.09 0.09 0.00 0.00 0.01 0.01 0.09 0.09 0.09 0.09 0.09 0.09 0.09 0.09 0.09 0.10 0.10 0.10 0.10 0.10 0.10 0.10 0.10 0.11 0.11 0.11 0.11
0.25 0.25 0.25 0.32 0.32 0.09 0.06 0.01 0.01 0.14 0.02 0.19 0.19 0.01 0.14 0.01 0.07 0.07 0.00 0.19 0.19 0.19 0.00 0.00 0.00 0.00 0.00 0.00 0.00 0.00 0.00 0.00 0.00 0.00 0.00 0.00 0.00 0.00 0.00 0.00 0.00 0.00 0.00 5.82 0.00 0.00 0.00 0.00 0.00 0.05 0.05 0.05 0.05 0.05 0.05 0.05 0.06 0.09 0.09 0.09 0.09 0.09 0.09 0.09 0.09 0.09 0.09 0.09 0.09 0.09 0.09 0.09 0.10 0.12 0.10 0.10 0.10 0.10 0.00 0.00 0.00 0.00 0.00 0.00
0.25 0.25 0.25 0.25 0.25 0.25 0.32 0.04 0.01 0.01 0.01 0.01 0.01 0.14 0.07 0.07 0.07 0.07 0.00 0.00 0.00 0.00 0.00 0.00 0.00 0.00 0.00 0.00 0.00 0.00 0.00 0.00 0.00 0.00 0.00 0.00 0.00 0.00 0.00 0.00 0.00 0.00 0.00 0.00 0.12 0.00 0.00 0.00 0.00 0.00 0.05 0.05 0.05 0.05 0.05 0.05 0.06 0.09 0.09 0.09 0.09 0.09 0.09 0.09 0.09 0.09 0.09 0.09 0.09 0.09 0.09 0.09 0.10 0.14 0.10 0.10 0.10 0.10 0.12 0.00 0.00 0.00 0.00 0.00
0.25 0.25 0.25 0.25 0.25 0.07 0.25 0.24 0.14 0.07 0.07 0.07 0.07 0.00 0.00 0.00 0.00 0.00 0.00 0.00 0.00 0.00 0.00 0.00 0.00 0.00 0.00 0.00 0.00 0.00 0.00 0.00 0.00 0.00 0.00 0.00 0.00 0.00 0.00 0.00 0.00 0.00 0.00 0.00 0.13 0.04 0.06 0.06 0.05 0.05 0.05 0.05 0.05 0.05 0.05 0.05 0.06 0.09 0.09 0.09 0.00 0.00 0.00 0.09 0.09 0.09 0.09 0.09 0.09 0.09 0.09 0.09 0.10 0.13 0.12 0.10 0.10 0.10 0.10 0.10 0.11 0.11 0.00 0.00
0.24 0.24 0.24 0.24 0.03 0.01 0.00 0.17 0.07 0.07 0.00 0.00 0.00 0.00 0.00 0.00 0.00 0.00 0.00 0.00 0.00 0.00 0.00 0.00 0.00 0.00 0.00 0.00 0.00 0.00 0.00 0.00 0.00 0.00 0.00 0.00 0.00 0.00 0.00 0.00 0.00 0.00 0.00 0.05 0.17 0.04 0.06 0.06 0.06 0.02 0.06 0.06 0.06 0.06 0.06 0.06 0.06 0.00 0.00 0.00 0.00 0.00 0.00 0.00 0.09 0.09 0.09 0.09 0.08 0.08 0.08 0.10 0.10 0.10 0.10 0.10 0.10 0.10 0.10 0.10 0.11 0.11 0.11 0.11
0.24 0.24 0.24 0.24 0.03 0.01 0.09 0.09 0.00 0.00 0.00 0.00 0.00 0.00 0.00 0.00 0.00 0.00 0.00 0.00 0.00 0.00 0.00 0.00 0.00 0.00 0.00 0.00 0.00 0.00 0.00 0.00 0.00 0.00 0.00 0.00 0.00 0.00 0.00 0.00 0.00 0.00 0.00 0.00 0.00 0.00 0.00 0.06 0.06 0.17 0.02 0.02 0.04 0.06 0.06 0.06 0.06 0.00 0.00 0.00 0.00 0.00 0.00 0.00 0.00 0.00 0.09 0.09 0.08 0.08 0.08 0.10 0.10 0.10 0.10 0.10 0.10 0.10 0.10 0.10 0.11 0.11 0.11 0.11
0.24 0.24 0.24 0.06 0.06 0.01 0.09 0.00 0.00 0.00 0.00 0.00 0.00 0.00 0.00 0.00 0.00 0.00 0.00 0.00 0.00 0.00 0.00 0.00 0.00 0.00 0.00 0.00 0.00 0.00 0.00 0.00 0.00 0.00 0.00 0.00 0.00 0.00 0.00 0.00 0.00 0.00 0.00 0.00 0.00 0.00 0.00 0.00 0.06 0.06 0.02 0.02 0.04 0.00 0.04 0.06 0.06 0.00 0.00 0.00 0.00 0.00 0.00 0.00 0.00 0.00 0.09 0.09 0.08 0.08 0.10 0.08 0.10 0.10 0.10 0.10 0.10 0.10 0.10 0.10 0.11 0.11 0.11 0.11
0.06 0.24 0.24 0.04 0.06 0.01 0.17 0.00 0.00 0.00 0.00 0.00 0.00 0.00 0.00 0.00 0.00 0.00 0.00 0.00 0.00 0.00 0.00 0.00 0.00 0.00 0.00 0.00 0.00 0.00 0.00 0.00 0.00 0.00 0.00 0.00 0.00 0.00 0.00 0.00 0.00 0.00 0.00 0.00 0.00 0.00 0.00 0.00 0.00 0.06 0.01 0.00 0.00 0.01 0.00 0.01 0.00 0.00 0.00 0.00 0.00 0.00 0.00 0.00 0.00 0.00 0.09 0.09 0.08 0.08 0.08 0.08 0.10 0.10 0.10 0.10 0.10 0.10 0.10 0.10 0.11 0.11 0.11 0.00
0.24 0.06 0.24 0.04 0.24 0.24 0.24 0.00 0.00 0.00 0.00 0.00 0.00 0.00 0.00 0.00 0.00 0.00 0.00 0.00 0.00 0.00 0.00 0.00 0.00 0.00 0.00 0.00 0.00 0.00 0.00 0.00 0.00 0.00 0.00 0.00 0.00 0.00 0.00 0.00 0.00 0.00 0.00 0.00 0.00 0.00 0.00 0.00 0.00 0.06 0.06 0.06 0.12 0.12 0.12 0.12 0.13 0.00 0.00 0.00 0.00 0.00 0.00 0.00 0.08 0.08 0.08 0.08 0.08 0.08 0.08 0.08 0.10 0.10 0.10 0.10 0.10 0.10 0.01 0.01 0.01 0.11 0.11 0.00
0.24 0.04 0.04 0.06 0.24 0.24 0.24 0.00 0.00 0.00 0.00 0.00 0.00 0.00 0.00 0.00 0.00 0.00 0.00 0.00 0.00 0.00 0.00 0.00 0.00 0.00 0.00 0.00 0.00 0.00 0.00 0.00 0.00 0.00 0.00 0.00 0.00 0.00 0.00 0.00 0.00 0.00 0.00 0.00 0.00 0.00 0.00 0.00 0.00 0.00 0.06 0.07 0.12 0.12 0.12 0.12 0.13 0.05 0.00 0.00 0.00 0.00 0.00 0.00 0.00 0.10 0.00 0.10 0.08 0.08 0.08 0.08 0.10 0.10 0.10 0.13 0.10 0.10 0.10 0.10 0.11 0.11 0.11 0.00
0.24 0.24 0.25 0.24 0.24 6.59 0.00 0.00 0.00 0.00 0.00 0.00 0.00 0.00 0.00 0.00 0.00 0.00 0.00 0.00 0.00 0.00 0.00 0.00 0.00 0.00 0.00 0.00 0.00 0.00 0.00 0.00 0.00 0.00 0.00 0.00 0.00 0.00 0.00 0.00 0.00 0.00 0.00 0.00 0.00 0.00 0.00 0.00 0.00 0.00 0.06 0.06 0.06 0.12 0.12 0.00 0.01 0.00 0.00 0.00 0.00 0.00 0.00 0.10 0.00 0.00 0.00 0.00 0.08 0.08 0.08 0.08 0.10 0.10 0.10 0.11 0.10 0.10 0.00 0.00 0.00 0.00 0.10 0.00
0.24 0.24 0.24 0.24 0.00 0.00 0.00 0.00 0.00 0.00 0.00 0.00 0.00 0.00 0.00 0.00 0.00 0.00 0.00 0.00 0.00 0.00 0.00 0.00 0.00 0.00 0.00 0.00 0.00 0.00 0.00 0.00 0.00 0.00 0.00 0.00 0.00 0.00 0.00 0.00 0.00 0.00 0.00 0.00 0.00 0.00 0.00 0.00 0.00 0.00 0.00 0.00 0.06 0.06 0.04 0.04 0.04 0.10 0.10 0.10 0.11 0.10 0.10 0.10 0.08 0.08 0.08 0.08 0.08 0.08 0.08 0.08 0.11 0.11 0.10 0.10 0.10 0.10 0.10 0.10 0.00 0.00 0.00 0.01
0.06 0.24 0.00 0.00 0.00 0.00 0.00 0.00 0.00 0.00 0.00 0.00 0.00 0.00 0.00 0.00 0.00 0.00 0.00 0.00 0.00 0.00 0.00 0.00 0.00 0.00 0.00 0.00 0.00 0.00 0.00 0.00 0.00 0.00 0.00 0.00 0.00 0.00 0.00 0.00 0.00 0.00 0.00 0.00 0.00 0.00 0.00 0.00 0.00 0.00 0.00 0.06 0.06 0.17 0.17 0.02 0.02 0.01 0.01 0.10 0.09 0.09 0.09 0.09 0.08 0.08 0.08 0.08 0.08 0.08 0.08 0.08 0.10 0.11 0.10 0.10 0.10 0.10 0.10 0.10 0.11 0.00 0.01 0.01
0.17 0.00 0.00 0.00 0.00 0.00 0.00 0.00 0.00 0.00 0.00 0.00 0.00 0.00 0.00 0.00 0.00 0.00 0.00 0.00 0.00 0.00 0.00 0.00 0.00 0.00 0.00 0.00 0.00 0.00 0.00 0.00 0.00 0.00 0.00 0.00 0.00 0.00 0.00 0.00 0.00 0.00 0.00 0.00 0.00 0.00 0.00 0.00 0.00 0.00 0.00 0.06 0.06 0.17 0.17 0.02 0.06 0.01 0.11 0.10 0.09 0.09 0.09 0.09 0.09 0.08 0.08 0.08 0.08 0.08 0.08 0.08 0.10 0.10 0.10 0.10 0.10 0.10 0.10 0.10 0.11 0.11 0.11 0.01
0.00 0.00 0.00 0.00 0.00 0.00 0.00 0.00 0.00 0.00 0.00 0.00 0.00 0.00 0.00 0.00 0.00 0.00 0.00 0.00 0.00 0.00 0.00 0.00 0.00 0.00 0.00 0.00 0.00 0.00 0.00 0.00 0.00 0.00 0.00 0.00 0.00 0.00 0.00 0.00 0.00 0.00 0.00 0.00 0.00 0.00 0.00 0.00 0.00 0.00 0.00 0.05 0.06 0.15 0.15 0.02 0.03 0.01 0.01 0.08 0.08 0.07 0.07 0.07 0.07 0.07 0.07 0.07 0.07 0.07 0.07 0.07 0.08 0.08 0.08 0.08 0.09 0.09 0.10 0.10 0.09 0.09 0.00 0.09
0.00 0.00 0.00 0.00 0.00 0.00 0.00 0.00 0.00 0.00 0.00 0.00 0.00 0.00 0.00 0.00 0.00 0.00 0.00 0.00 0.00 0.00 0.00 0.00 0.00 0.00 0.00 0.00 0.00 0.00 0.00 0.00 0.00 0.00 0.00 0.00 0.00 0.00 0.00 0.00 0.00 0.00 0.00 0.00 0.00 0.00 0.00 0.00 0.00 0.00 0.00 0.05 0.05 0.02 0.05 0.02 0.03 0.01 0.01 0.08 0.07 0.07 0.07 0.07 0.07 0.07 0.07 0.07 0.07 0.07 0.07 0.07 0.08 0.08 0.08 0.08 0.09 0.09 0.09 0.09 0.09 0.09 0.08 0.08
0.00 0.00 0.00 0.00 0.00 0.00 0.00 0.00 0.00 0.00 0.00 0.00 0.00 0.00 0.00 0.00 0.00 0.00 0.00 0.00 0.00 0.00 0.00 0.00 0.00 0.00 0.00 0.00 0.00 0.00 0.00 0.00 0.00 0.00 0.00 0.00 0.00 0.00 0.00 0.00 0.00 0.00 0.00 0.00 0.00 0.00 0.00 0.00 0.00 0.00 0.00 0.05 0.05 0.04 0.04 0.02 0.00 0.01 0.01 0.07 0.07 0.01 0.01 0.07 0.07 0.07 0.07 0.07 0.01 0.07 0.07 0.07 0.08 0.01 0.08 0.08 0.08 0.08 0.08 0.08 0.08 0.08 5.83 0.00
0.00 0.00 0.00 0.00 0.00 0.00 0.00 0.00 0.00 0.00 0.00 0.00 0.00 0.00 0.00 0.00 0.00 0.00 0.00 0.00 0.00 0.00 0.00 0.00 0.00 0.00 0.00 0.00 0.00 0.00 0.00 0.00 0.00 0.00 0.00 0.00 0.00 0.00 0.00 0.00 0.00 0.00 0.00 0.00 0.00 0.00 0.00 0.00 0.00 0.00 0.15 0.03 0.15 0.03 0.04 0.04 0.04 0.07 0.07 0.07 0.01 0.01 0.00 0.00 0.07 0.07 0.07 0.07 0.01 0.01 0.07 0.07 0.08 0.10 0.00 0.00 0.10 0.08 0.08 0.08 5.83 0.00 0.00 0.00
0.00 0.00 0.00 0.00 0.00 0.00 0.00 0.00 0.00 0.00 0.00 0.00 0.00 0.00 0.00 0.00 0.00 0.00 0.00 0.00 0.00 0.00 0.00 0.00 0.00 0.00 0.00 0.00 0.00 0.00 0.00 0.00 0.00 0.00 0.00 0.00 0.00 0.00 0.00 0.00 0.00 0.00 0.00 0.00 0.00 0.00 0.00 0.00 0.00 0.15 0.03 0.02 0.04 0.00 0.03 0.00 0.04 0.04 0.07 0.07 0.07 0.00 0.00 0.00 0.07 0.07 0.07 0.07 0.01 0.01 0.07 0.07 0.08 0.00 0.01 0.00 0.00 0.08 0.08 0.08 0.00 0.00 0.00 0.00
0.00 0.00 0.00 0.00 0.00 0.00 0.00 0.00 0.00 0.00 0.00 0.00 0.00 0.00 0.00 0.00 0.00 0.00 0.00 0.00 0.00 0.00 0.00 0.00 0.00 0.00 0.00 0.00 0.00 0.00 0.00 0.00 0.00 0.00 0.00 0.00 0.00 0.00 0.00 0.00 0.00 0.00 0.00 0.00 0.00 0.00 0.00 0.00 0.03 0.04 0.04 0.05 0.04 0.04 0.03 0.04 0.04 0.04 0.07 0.07 0.07 0.00 0.00 0.00 0.07 0.07 0.07 0.07 0.01 0.01 0.01 0.01 0.01 0.01 0.01 0.01 0.00 0.00 0.08 0.08 0.00 0.00 0.00 0.00
