New_Model_Runs/14_Future_RCP8.5_Scn1_out/post_prcessed_with_MFR/Monthly_summaries/runoff_monthly_FEB.asc
NCOLS 700
NROWS 400
XLLCENTER 515000.000000
YLLCENTER 8409000.000000
CELLSIZE 50.000000
NODATA_value -999.000000
[rows 228 to 265 of 400, columns 84 to 167 of 700]
4.61 8.49 4.61 4.61 4.62 4.62 4.62 4.62 8.50 4.61 4.61 4.61 4.57 4.57 4.57 4.57 4.50 4.50 4.50 4.50 4.48 4.48 4.48 4.48 4.53 4.53 4.53 4.53 8.30 8.27 4.49 4.49 4.52 4.52 4.52 4.52 4.57 4.57 4.57 4.57 4.59 4.59 4.59 4.59 4.58 4.58 4.58 4.58 4.54 4.54 4.54 4.54 4.52 8.33 4.52 4.52 4.56 4.56 4.56 4.56 4.65 4.65 2.19 2.01 2.52 2.52 2.52 4.24 2.01 2.01 2.01 2.01 2.80 4.64 4.64 4.64 4.60 4.60 4.60 2.50 3.72 2.49 2.49 2.44
4.61 4.61 4.61 4.61 4.62 4.62 4.62 4.62 4.61 4.61 8.50 4.61 4.57 4.57 4.57 4.57 4.50 4.50 4.50 4.50 4.48 4.48 4.48 8.30 4.53 4.53 4.53 4.53 8.30 4.49 4.49 4.49 4.52 4.52 4.52 4.52 12.42 4.57 4.57 4.57 4.59 4.59 4.59 4.59 4.58 4.58 4.58 4.58 4.54 4.54 4.54 4.54 4.52 4.52 4.52 4.52 4.56 4.56 4.56 4.56 4.65 4.65 2.19 2.19 2.52 2.80 4.63 2.52 2.51 2.01 2.01 2.01 2.80 4.64 4.64 4.64 4.60 4.60 4.60 4.60 4.59 1.82 2.49 2.49
4.61 4.61 4.61 4.61 4.62 4.62 4.62 4.62 4.61 4.61 4.61 4.61 4.57 8.43 4.57 8.37 4.50 8.29 4.50 4.50 4.48 8.25 4.48 4.48 4.53 4.53 4.53 4.53 12.27 4.49 4.49 4.49 4.52 4.52 4.52 4.52 4.57 4.57 4.57 4.57 4.59 8.45 8.45 4.59 4.58 4.58 4.58 4.58 8.37 4.54 4.54 4.54 4.52 4.52 4.52 4.52 4.56 4.56 4.56 4.56 4.65 4.65 4.65 4.65 7.01 2.80 2.19 2.19 4.61 4.61 2.01 2.01 2.80 4.64 4.64 4.64 4.60 4.60 4.60 4.60 4.59 4.59 4.59 4.59
4.61 4.61 4.61 4.61 4.62 4.62 4.62 4.62 4.61 4.61 4.61 4.61 4.57 4.57 4.57 4.57 4.50 4.50 4.50 8.27 8.25 4.48 4.48 4.48 4.53 4.53 4.53 4.53 4.49 4.49 4.49 4.49 4.52 4.52 4.52 4.52 4.57 4.57 4.57 4.57 4.59 4.59 8.40 4.59 4.58 4.58 4.58 4.58 4.54 8.37 4.54 4.54 4.52 4.52 4.52 4.52 4.56 4.56 4.56 4.56 4.65 4.65 4.65 4.65 4.63 4.63 2.52 4.63 4.61 4.61 2.01 2.80 2.80 2.80 4.64 4.64 4.60 4.60 4.60 4.60 4.59 4.59 4.59 4.59
4.53 4.53 8.36 8.36 4.52 4.52 4.52 4.52 4.52 4.52 4.52 4.52 4.47 4.47 4.47 8.19 4.43 4.43 4.43 4.43 4.47 4.47 4.47 4.47 4.53 4.53 4.53 4.53 4.50 4.50 4.50 4.50 4.55 4.55 4.55 4.55 4.55 4.55 4.55 4.55 4.53 4.53 4.53 4.53 4.53 4.53 4.53 4.53 4.53 4.53 4.53 4.53 4.58 4.58 4.58 4.58 4.63 4.63 4.63 4.63 4.70 4.70 4.70 4.70 4.65 4.65 4.65 4.65 4.63 4.63 2.80 4.63 4.68 4.68 4.68 4.68 4.65 4.65 8.54 4.65 4.66 4.66 4.66 4.66
4.53 4.53 4.53 4.53 4.52 4.52 4.52 4.52 4.52 12.32 4.52 4.52 4.47 4.47 4.47 4.47 4.43 4.43 4.43 4.43 4.47 4.47 4.47 4.47 4.53 4.53 4.53 4.53 4.50 4.50 4.50 4.50 4.55 4.55 4.55 4.55 4.55 4.55 4.55 12.40 4.53 4.53 4.53 4.53 4.53 4.53 4.53 4.53 4.53 4.53 4.53 4.53 4.58 4.58 4.58 4.58 4.63 4.63 4.63 4.63 4.70 4.70 13.21 4.70 4.65 4.65 4.65 4.65 8.54 4.63 4.63 4.63 4.68 4.68 4.68 4.68 4.65 4.65 4.65 4.65 4.66 4.66 4.66 4.66
8.36 4.53 4.53 4.53 4.52 4.52 4.52 4.52 4.52 4.52 4.52 4.52 4.47 4.47 4.47 4.47 4.43 4.43 4.43 4.43 4.47 4.47 4.47 4.47 4.53 4.53 4.53 4.53 4.50 4.50 4.50 4.50 4.55 4.55 4.55 4.55 16.94 8.39 15.66 4.55 4.53 8.34 4.53 4.53 4.53 4.53 4.53 4.53 4.53 4.53 4.53 4.53 4.58 4.58 4.58 4.58 4.63 4.63 4.63 4.63 4.70 4.70 4.70 13.17 4.65 4.65 4.65 4.65 4.63 4.63 4.63 4.63 4.68 4.68 4.68 4.68 4.65 4.65 4.65 4.65 4.66 4.66 4.66 4.66
8.29 4.53 4.53 4.53 4.52 4.52 8.28 4.52 4.52 4.52 4.52 4.52 4.47 4.47 4.47 4.47 4.43 4.43 4.43 4.43 4.47 4.47 4.47 4.47 4.53 4.53 4.53 4.53 4.50 4.50 4.50 4.50 4.55 4.55 4.55 12.42 4.55 4.55 4.55 4.55 4.53 4.53 4.53 4.53 4.53 4.53 4.53 4.53 4.53 4.53 4.53 4.53 4.58 4.58 4.58 4.58 4.63 4.63 4.63 4.63 4.70 4.70 4.70 4.70 4.65 4.65 4.65 4.65 4.63 4.63 4.63 4.63 4.68 4.68 4.68 4.68 4.65 4.65 4.65 4.65 4.66 4.66 4.66 4.66
4.45 4.45 4.45 8.19 4.45 4.45 4.45 4.45 4.44 4.44 4.44 4.44 4.42 4.42 4.42 4.42 4.50 4.50 4.50 4.50 4.59 4.59 4.59 4.59 4.63 4.63 4.63 4.63 4.58 4.58 4.58 4.58 4.59 4.59 4.59 8.41 4.53 4.53 4.53 4.53 4.52 4.52 4.52 4.52 4.58 4.58 4.58 4.58 4.63 4.63 4.63 4.63 4.67 4.67 4.67 4.67 4.71 4.71 4.71 4.71 4.76 4.76 4.76 8.73 4.68 8.61 4.68 4.68 4.65 4.65 4.65 4.65 4.71 4.71 4.71 4.71 4.68 4.68 4.68 4.68 4.69 4.69 4.69 4.69
4.45 4.45 4.45 4.45 4.45 4.45 4.45 4.45 4.44 4.44 8.18 4.44 4.42 4.42 4.42 4.42 4.50 4.50 4.50 4.50 4.59 4.59 4.59 4.59 4.63 4.63 4.63 4.63 4.58 4.58 4.58 4.58 4.59 4.59 4.59 4.59 4.53 4.53 4.53 4.53 4.52 4.52 4.52 4.52 4.58 4.58 4.58 4.58 4.63 4.63 4.63 4.63 4.67 4.67 4.67 4.67 4.71 4.71 4.71 4.71 4.76 4.76 4.76 4.76 4.68 4.68 4.68 4.68 4.65 4.65 4.65 4.65 4.71 4.71 4.71 4.71 4.68 4.68 4.68 4.68 4.69 8.66 4.69 4.69
4.45 4.45 8.19 4.45 4.45 4.45 4.45 4.45 4.44 4.44 4.44 4.44 4.42 4.42 4.42 4.42 4.50 4.50 4.50 4.50 4.59 4.59 4.59 4.59 4.63 4.63 4.63 4.63 4.58 4.58 4.58 4.58 4.59 4.59 4.59 4.59 4.53 4.53 4.53 4.53 4.52 4.52 4.52 4.52 4.58 4.58 4.58 4.58 4.63 4.63 4.63 4.63 4.67 4.67 4.67 4.67 4.71 4.71 4.71 4.71 4.76 4.76 4.76 4.76 4.68 4.68 4.68 8.61 4.65 4.65 4.65 4.65 4.71 4.71 4.71 4.71 4.68 4.68 4.68 4.68 4.69 8.66 4.69 4.69
4.45 4.45 4.45 4.45 4.45 4.45 4.45 4.45 12.11 4.44 4.44 4.44 4.42 4.42 4.42 4.42 4.50 4.50 4.50 4.50 4.59 4.59 4.59 4.59 4.63 4.63 4.63 4.63 4.58 4.58 4.58 4.58 4.59 12.51 4.59 8.41 4.53 4.53 4.53 4.53 4.52 4.52 4.52 4.52 4.58 4.58 4.58 4.58 4.63 4.63 4.63 4.63 4.67 4.67 4.67 4.67 4.71 4.71 4.71 4.71 4.76 4.76 13.38 4.76 4.68 17.41 4.68 4.68 4.65 4.65 4.65 4.65 4.71 4.71 4.71 4.71 4.68 4.68 4.68 4.68 4.69 4.69 8.66 4.69
4.41 4.41 4.41 4.41 4.45 4.45 4.45 4.45 4.47 4.47 4.47 4.47 4.49 4.49 4.49 4.49 4.61 4.61 4.61 4.61 4.68 4.68 4.68 4.68 4.72 4.72 4.72 4.72 4.64 4.64 4.64 4.64 4.58 4.58 4.58 4.58 4.55 4.55 4.55 4.55 4.55 4.55 4.55 4.55 4.62 4.62 4.62 4.62 4.69 4.69 4.69 4.69 4.74 4.74 4.74 4.74 4.75 4.75 4.75 4.75 4.75 4.75 4.75 8.71 8.59 4.65 4.65 4.65 4.64 4.64 4.64 4.64 4.71 4.71 4.71 4.71 4.68 4.68 4.68 4.68 4.72 4.72 4.72 4.72
5.97 4.47 4.41 4.41 4.45 4.45 4.45 4.45 8.22 4.47 4.47 4.47 4.49 4.49 4.49 4.49 4.61 4.61 4.61 4.61 4.68 4.68 4.68 4.68 4.72 4.72 4.72 4.72 4.64 4.64 4.64 4.64 12.54 8.44 4.58 4.58 4.55 4.55 4.55 4.55 4.55 4.55 4.55 4.55 4.62 4.62 4.62 4.62 4.69 4.69 4.69 4.69 4.74 4.74 4.74 4.74 4.75 4.75 4.75 4.75 4.75 4.75 4.75 4.75 4.65 4.65 4.65 4.65 4.64 4.64 4.64 4.64 4.71 4.71 4.71 4.71 4.68 4.68 4.68 4.68 4.72 4.72 4.72 4.72
2.69 2.69 2.69 2.69 2.71 2.71 4.13 4.13 4.15 7.89 4.15 4.15 4.07 4.07 4.07 4.07 4.18 4.18 4.18 4.18 4.25 4.25 4.25 4.25 4.28 4.28 4.28 4.28 4.17 4.17 4.17 4.17 4.11 7.55 4.11 4.11 4.08 4.08 4.08 4.08 4.09 4.09 7.89 4.09 4.20 4.20 4.20 4.20 4.26 4.26 4.26 4.26 4.30 4.30 4.30 4.30 4.32 4.32 4.32 7.94 4.37 4.37 4.37 4.37 4.28 8.18 4.28 4.28 4.27 4.27 4.27 4.27 4.33 4.33 4.33 4.33 4.38 4.38 4.38 4.38 4.42 4.42 4.42 4.42
2.69 2.69 2.69 2.69 2.71 2.71 2.71 2.71 2.73 4.15 4.15 4.15 4.07 4.07 4.07 4.07 4.18 4.18 4.18 4.18 4.25 4.25 4.25 4.25 4.28 4.28 4.28 4.28 4.17 4.17 4.17 4.17 4.11 4.11 4.11 4.11 4.08 4.08 4.08 4.08 7.51 7.51 4.09 4.09 4.20 4.20 4.20 4.20 4.26 4.26 4.26 4.26 4.30 4.30 4.30 4.30 4.32 4.32 4.32 4.32 4.37 4.37 4.37 4.37 4.28 4.28 4.28 4.28 4.27 4.27 4.27 4.27 4.33 4.33 4.33 4.33 4.38 8.06 4.38 4.38 4.42 4.42 4.42 4.42
2.70 2.70 2.70 2.70 2.74 2.74 2.74 2.74 2.74 6.07 2.74 2.74 4.12 4.12 4.12 4.12 4.22 4.22 4.22 4.22 4.31 4.31 4.31 4.31 4.34 4.34 4.34 4.34 4.17 4.17 4.17 4.17 4.08 4.08 4.08 4.08 4.08 4.08 4.08 4.08 4.09 4.09 4.09 4.09 4.19 4.19 4.19 4.19 4.27 4.27 4.27 4.27 4.33 4.33 4.33 4.33 4.30 4.30 4.30 4.30 4.32 4.32 4.32 4.32 4.26 4.26 4.26 4.26 4.26 4.26 4.26 4.26 4.29 4.29 4.29 4.29 4.36 4.36 4.36 8.04 4.44 4.44 4.44 4.44
2.70 2.70 2.70 2.70 2.74 2.74 2.74 2.74 2.74 2.74 2.74 2.74 2.70 2.70 2.70 4.12 4.22 4.22 4.22 4.22 4.31 4.31 4.31 4.31 4.34 4.34 4.34 2.88 4.17 4.17 4.17 4.17 4.08 4.08 4.08 4.08 4.08 4.08 4.08 4.08 4.09 4.09 4.09 4.09 4.19 4.19 4.19 4.19 11.49 4.27 4.27 4.27 4.33 4.33 4.33 5.82 4.30 4.30 4.30 4.30 4.32 4.32 4.32 7.90 4.26 4.26 4.26 4.26 4.26 4.26 4.26 4.26 4.29 4.29 4.29 4.29 4.36 8.03 4.36 4.36 12.04 4.44 4.44 4.44
2.70 2.70 2.70 2.70 2.74 2.74 2.74 2.74 2.74 2.74 2.74 2.74 2.70 2.70 2.70 2.70 2.78 2.78 2.78 4.22 4.31 4.31 4.31 4.31 4.34 4.34 4.34 2.92 3.95 2.42 4.17 2.83 4.08 4.08 4.08 4.08 4.08 4.08 4.08 4.08 4.09 4.09 4.09 4.09 4.19 4.19 4.19 4.19 7.79 4.27 4.27 4.27 4.33 4.33 4.33 4.33 4.30 4.30 4.30 4.30 4.32 4.32 4.32 7.90 4.26 4.26 4.26 4.26 4.26 4.26 4.26 4.26 4.29 4.29 4.29 4.29 4.36 4.36 4.36 4.36 4.44 4.44 4.44 4.44
2.70 2.70 2.70 2.70 4.82 2.74 2.74 2.74 2.74 4.83 2.74 2.74 2.70 2.70 2.70 2.70 2.78 2.78 2.78 2.78 2.84 2.84 4.31 4.31 4.34 7.99 6.45 2.50 2.42 2.42 2.42 4.17 4.08 4.08 4.08 4.08 4.08 4.08 4.08 4.08 4.76 4.09 4.09 7.52 4.19 4.19 4.19 4.19 4.27 4.27 4.27 7.86 4.33 4.33 4.33 7.97 4.30 4.30 4.30 4.30 4.32 4.32 4.32 4.32 4.26 4.26 4.26 4.26 4.26 4.26 4.26 4.26 7.90 4.29 4.29 4.29 4.36 4.36 4.36 4.36 4.44 4.44 4.44 4.44
2.71 2.71 2.71 2.71 2.74 2.74 2.74 2.74 2.75 2.75 2.75 2.75 2.70 2.70 2.70 2.70 2.79 2.79 2.79 2.79 2.86 2.86 2.86 2.86 4.19 4.34 2.92 2.50 2.42 2.42 7.62 4.15 4.07 4.07 4.07 4.07 4.08 4.08 2.18 2.18 4.76 4.10 4.10 4.10 4.17 4.17 4.17 4.17 4.24 4.24 4.24 7.80 4.32 4.32 4.32 11.71 4.27 4.27 4.27 4.27 4.29 4.29 4.29 4.29 4.26 4.26 4.26 7.83 4.26 4.26 4.26 4.26 7.84 4.26 4.26 4.26 4.35 4.35 4.35 4.35 4.43 4.43 4.43 8.16
2.71 2.71 2.71 2.71 2.74 2.74 2.74 2.74 2.75 2.75 2.75 2.75 2.70 2.70 2.70 2.70 2.79 7.18 2.79 2.79 2.86 2.86 2.86 2.86 2.03 2.86 2.86 2.03 2.42 5.74 4.15 4.15 4.07 4.07 4.07 4.07 4.08 4.08 2.18 2.18 2.19 2.19 7.54 4.10 4.17 4.17 4.17 4.17 4.24 4.24 4.24 4.24 4.32 4.32 2.47 2.47 4.27 7.85 4.27 7.86 4.29 4.29 4.29 4.29 4.26 4.26 4.26 4.26 4.26 4.26 4.26 4.26 4.26 4.26 4.26 4.26 4.35 4.35 4.35 4.35 4.43 4.43 4.43 4.43
2.71 2.71 2.71 2.71 2.74 2.74 2.74 2.74 2.75 2.75 2.75 2.75 2.70 2.70 2.70 2.70 2.79 2.79 2.79 2.79 2.86 2.03 2.03 4.10 2.03 2.86 2.86 2.03 2.72 1.67 2.72 2.72 4.07 4.07 4.07 4.07 4.08 4.08 4.08 2.18 2.19 2.19 2.19 4.10 4.17 4.17 4.17 4.17 4.24 4.24 4.24 4.24 4.32 7.95 2.47 2.47 4.27 4.27 4.27 4.27 4.29 4.29 4.29 4.29 4.26 4.26 4.26 4.26 4.26 4.26 4.26 4.26 4.26 4.26 4.26 4.26 4.35 4.35 4.35 4.35 4.43 4.43 4.43 8.16
2.71 2.71 2.71 2.71 2.74 2.74 2.74 2.74 2.75 2.75 4.84 2.75 2.70 2.70 2.70 2.70 2.79 7.18 2.79 2.79 2.03 2.03 1.17 1.17 1.71 2.86 2.86 2.86 2.72 2.72 2.81 7.67 1.95 1.95 1.95 4.07 4.08 4.08 4.08 2.18 2.19 3.64 2.19 2.19 11.32 4.17 4.17 4.17 4.24 4.24 4.24 4.24 4.32 4.32 4.32 4.03 4.27 4.27 4.27 4.27 4.29 4.29 4.29 4.29 4.26 2.87 2.87 4.26 4.26 4.26 4.26 4.26 4.26 4.26 4.26 4.26 4.35 4.35 4.35 4.35 4.43 4.43 4.43 8.16
2.72 2.72 2.72 2.72 2.75 2.75 2.75 2.75 2.75 2.75 4.84 2.75 2.71 2.71 2.71 2.71 2.79 2.79 2.79 2.79 2.03 1.17 2.94 1.17 1.17 2.86 2.86 2.86 2.82 2.73 1.65 2.73 1.96 1.96 1.96 1.96 0.64 0.64 2.18 2.18 2.19 3.64 3.64 4.11 4.15 4.15 4.15 4.15 4.19 4.19 4.19 4.19 2.47 2.47 4.28 5.15 4.24 4.24 4.24 4.24 4.29 4.29 7.89 4.29 4.28 2.54 2.54 4.28 4.24 4.24 7.80 4.24 4.23 4.23 4.23 4.23 4.35 4.35 4.35 4.35 4.43 4.43 4.43 4.43
2.72 2.72 2.72 2.72 2.75 2.75 2.75 2.75 2.75 2.75 2.75 2.75 2.03 2.71 2.71 2.71 2.79 2.79 2.79 2.79 2.03 2.94 2.94 2.94 2.94 2.94 2.94 2.94 2.85 2.73 1.65 2.73 1.96 1.96 1.96 1.96 1.96 1.65 1.96 0.64 1.27 1.27 2.19 4.11 4.15 4.15 4.15 4.15 4.19 4.19 4.19 4.19 4.28 2.47 2.47 5.12 4.24 4.24 4.24 4.24 4.29 2.88 4.29 4.29 4.28 4.28 4.28 4.28 4.24 4.24 4.24 4.24 4.23 4.23 4.23 4.23 4.35 4.35 4.35 4.35 4.43 4.43 4.43 8.16
2.72 2.72 2.90 1.76 2.75 7.06 2.75 4.84 2.75 2.75 2.75 2.75 2.71 1.71 1.71 1.71 1.71 2.03 2.03 2.79 2.03 2.94 2.94 2.94 2.94 2.94 2.94 2.94 2.85 2.85 2.73 2.73 1.96 1.96 1.96 1.96 1.96 1.65 1.65 1.96 1.27 1.27 2.04 1.27 1.29 4.15 4.15 4.15 4.19 4.19 4.19 4.19 4.28 2.47 2.47 5.12 4.24 4.24 4.24 2.83 2.88 2.88 2.88 2.88 4.28 4.28 4.28 4.28 4.24 4.24 4.24 4.24 4.23 4.23 4.23 4.23 4.35 4.35 4.35 4.35 4.43 4.43 4.43 4.43
1.72 1.76 1.76 1.76 2.75 4.84 2.75 2.75 2.75 2.75 2.75 2.75 2.71 2.71 2.03 1.71 1.71 1.71 2.79 2.03 2.03 2.94 2.94 2.94 13.26 0.00 0.00 0.00 0.00 2.85 2.85 2.73 1.96 1.96 1.96 1.97 1.65 1.65 1.65 1.97 2.70 1.27 1.25 1.25 1.29 2.72 2.72 2.72 4.19 4.19 4.19 4.19 4.28 2.89 2.47 2.47 4.24 4.24 4.24 4.24 2.88 2.88 5.96 2.88 4.28 4.28 4.28 4.28 4.24 4.24 4.24 4.24 4.23 4.23 4.23 4.23 4.35 4.35 4.35 4.35 4.43 4.43 4.43 4.43
2.74 1.76 1.76 1.76 4.84 2.74 2.74 2.74 2.74 2.74 2.74 2.74 2.72 4.78 2.72 2.72 2.03 2.79 2.03 2.03 2.94 2.94 0.00 0.00 0.00 0.00 0.00 0.00 0.00 0.00 2.85 5.54 1.97 1.97 1.97 1.97 1.97 1.65 1.65 1.97 1.96 0.64 2.59 1.25 1.28 1.29 2.72 2.72 2.73 2.73 2.73 4.15 4.23 5.65 2.89 2.47 4.35 4.24 4.24 4.24 4.30 2.89 4.30 4.30 4.28 4.28 7.87 4.28 4.22 4.22 7.75 14.80 7.76 4.22 4.22 4.22 4.34 4.34 4.34 4.34 4.45 4.45 4.45 4.45
1.76 2.91 1.76 1.76 2.09 2.74 2.74 1.76 2.74 2.74 2.74 2.74 2.72 2.72 2.72 2.72 2.79 2.79 2.79 2.79 13.26 0.00 0.00 0.00 0.00 0.00 0.00 0.00 0.00 0.00 0.00 1.28 0.65 1.97 1.97 1.97 1.97 1.65 1.65 1.65 1.96 1.25 1.25 1.13 1.16 1.28 4.78 2.72 2.73 2.73 2.73 2.73 2.78 2.78 2.78 2.47 2.47 2.47 4.24 4.24 2.89 2.54 4.30 4.30 4.28 7.87 4.28 2.88 4.22 4.22 4.22 4.22 4.22 4.22 4.22 4.22 4.34 4.34 4.34 4.34 4.45 4.45 4.45 2.98
1.12 1.12 1.12 1.12 1.65 1.53 1.53 1.53 3.21 1.53 1.53 1.53 1.55 1.55 1.55 1.55 1.59 1.59 2.30 0.00 0.00 0.00 0.00 0.00 0.00 0.00 0.00 0.00 0.00 0.00 0.00 13.56 1.97 1.97 1.55 1.55 2.51 1.54 1.54 1.31 1.55 1.55 0.80 1.28 0.73 0.81 1.56 1.56 1.57 1.57 1.57 1.57 1.61 1.61 1.61 1.10 1.10 1.75 3.52 5.98 3.54 3.54 3.54 3.54 3.52 3.52 3.52 3.52 3.47 3.47 3.47 3.47 3.47 3.47 3.47 3.47 3.63 3.63 3.63 3.63 3.72 3.72 2.32 2.32
1.12 1.12 1.12 1.12 1.12 1.53 1.53 1.53 1.53 1.53 1.53 1.53 1.55 0.82 0.82 1.86 2.30 2.30 0.00 0.00 0.00 0.00 0.00 0.00 0.00 0.00 0.00 0.00 0.00 0.00 0.00 0.00 1.97 1.97 3.92 1.55 1.54 1.31 1.31 1.08 1.55 1.31 0.72 0.80 0.81 0.81 1.56 1.56 1.57 1.57 1.57 1.57 1.61 1.61 1.61 1.10 1.33 1.10 1.10 1.61 1.63 3.54 3.54 3.54 9.47 3.52 6.41 3.52 3.47 3.47 3.47 3.47 3.47 3.47 3.47 1.94 3.63 3.63 3.63 3.63 3.72 3.72 3.72 3.72
1.12 1.75 1.12 1.12 1.64 1.52 1.52 1.52 1.52 1.52 1.52 1.52 0.82 0.82 0.82 2.00 2.00 0.00 0.00 0.00 0.00 0.00 0.00 0.00 0.00 0.00 0.00 0.00 0.00 0.00 0.00 0.00 1.97 1.97 1.97 1.54 1.52 1.31 1.31 1.08 1.53 1.31 1.31 0.80 0.81 0.73 1.25 0.48 1.56 1.56 1.56 1.56 1.59 1.59 1.59 1.10 1.16 1.72 1.33 1.61 1.62 1.36 1.36 2.05 3.49 3.49 3.49 3.49 3.46 3.46 3.46 3.46 3.47 3.47 3.47 3.47 3.59 3.59 3.59 3.59 3.69 3.69 2.32 2.32
1.52 1.12 1.12 1.12 1.52 1.52 1.52 1.52 1.52 1.52 1.52 1.52 0.82 0.82 0.82 2.00 2.00 0.00 0.00 0.00 0.00 0.00 0.00 0.00 0.00 0.00 0.00 0.00 0.00 0.00 0.00 0.00 1.97 1.97 0.93 0.72 1.52 1.31 1.31 1.31 1.31 1.31 1.31 0.80 0.73 0.73 0.73 0.48 1.56 1.56 1.56 1.56 1.59 1.59 1.59 1.59 2.29 2.26 1.61 3.36 1.62 1.36 5.20 1.36 0.76 1.60 1.60 1.60 3.46 3.46 3.46 3.46 3.47 3.47 3.47 3.47 2.37 3.59 3.59 3.59 3.69 4.73 4.73 2.32
1.52 1.52 1.52 1.52 1.52 1.52 3.18 1.12 1.52 1.52 1.64 1.52 0.48 0.82 0.66 0.95 0.00 0.00 0.00 0.00 0.00 0.00 0.00 0.00 0.00 0.00 0.00 0.00 0.00 0.00 0.00 0.00 1.97 1.97 1.97 0.80 0.46 1.52 1.08 1.08 1.31 1.31 1.08 0.72 0.65 0.73 0.73 0.48 1.56 1.56 1.56 0.74 0.75 1.59 1.59 1.10 2.29 1.79 1.61 1.61 1.62 1.36 0.76 1.36 1.36 1.60 1.60 1.60 1.58 1.58 1.58 3.46 3.47 3.47 3.47 3.47 3.59 3.59 3.59 3.59 6.66 3.69 2.32 1.98
1.52 1.52 1.52 1.12 1.12 1.12 1.52 1.52 1.12 1.52 1.52 1.52 0.73 0.66 2.00 0.00 0.00 0.00 0.00 0.00 0.00 0.00 0.00 0.00 0.00 0.00 0.00 0.00 0.00 0.00 0.00 0.00 1.97 1.97 0.72 1.40 1.31 1.08 1.08 1.08 1.31 1.08 1.08 0.72 1.17 0.73 1.21 0.81 1.56 1.56 1.56 0.74 1.33 1.59 0.73 2.29 5.72 1.61 3.35 1.61 1.36 0.76 1.36 1.36 1.36 1.36 4.51 1.60 0.75 1.58 1.58 1.58 1.59 1.59 3.47 3.47 3.59 3.59 3.59 3.59 3.69 3.69 3.69 1.98
1.52 1.52 1.52 1.35 1.12 1.12 1.51 1.51 1.51 1.12 1.12 0.74 0.66 2.00 0.00 0.00 0.00 0.00 0.00 0.00 0.00 0.00 0.00 0.00 0.00 0.00 0.00 0.00 0.00 0.00 0.00 0.00 0.00 1.31 2.26 1.51 1.31 2.09 1.31 1.31 1.31 1.08 1.08 1.97 2.00 0.73 1.56 1.56 1.56 1.56 1.56 1.33 1.10 1.59 0.75 2.29 2.29 2.00 1.59 1.59 1.60 1.36 1.36 3.08 1.36 1.12 1.60 1.60 1.59 1.59 1.59 1.59 1.59 1.59 1.59 1.59 1.64 1.64 3.56 3.56 3.63 3.63 3.63 2.32
1.52 1.52 1.52 1.52 1.55 1.55 1.51 1.51 1.51 1.51 1.12 1.12 2.00 0.00 0.00 0.00 0.00 0.00 0.00 0.00 0.00 0.00 0.00 0.00 0.00 0.00 0.00 0.00 0.00 0.00 0.00 0.00 0.00 1.51 2.26 2.09 1.31 1.31 1.50 1.50 1.52 1.31 1.08 1.97 2.00 0.48 1.56 1.56 1.56 1.56 1.56 1.33 1.10 1.59 1.59 2.29 2.29 2.00 3.32 1.59 1.60 1.60 1.36 1.36 1.68 1.12 1.60 1.60 1.59 1.59 1.59 1.59 1.59 1.59 1.59 1.59 1.64 1.64 1.64 1.64 1.69 3.63 3.63 2.32
