New_Model_Runs/14_Future_RCP8.5_Scn1_out/post_prcessed_with_MFR/Monthly_summaries/runoff_monthly_FEB.asc
NCOLS 700
NROWS 400
XLLCENTER 515000.000000
YLLCENTER 8409000.000000
CELLSIZE 50.000000
NODATA_value -999.000000
[rows 266 to 303 of 400, columns 168 to 251 of 700]
0.75 0.75 0.75 1.90 0.75 0.75 0.75 0.75 0.73 0.84 0.20 0.20 0.20 0.20 0.20 0.20 0.21 0.21 0.21 0.21 0.21 0.21 0.21 0.75 0.90 0.90 0.25 0.25 0.25 0.42 0.42 1.08 0.56 0.56 0.25 0.30 0.24 0.24 0.24 0.24 0.21 0.21 0.21 0.11 0.21 0.21 0.14 0.14 0.14 0.11 0.29 0.29 0.36 0.36 0.48 0.48 0.27 0.27 0.27 0.27 0.27 0.27 0.36 0.36 0.27 0.80 0.80 0.29 0.36 0.27 0.27 0.27 0.07 0.33 0.07 0.33 0.33 0.33 0.40 0.08 0.08 0.08 0.10 0.17
0.00 0.00 0.00 1.35 0.61 0.61 0.75 0.75 0.73 0.73 0.20 0.20 0.20 0.20 0.20 0.20 0.21 0.21 0.21 0.21 0.21 0.21 0.21 0.75 0.90 0.90 0.25 0.25 0.25 0.42 0.42 2.03 0.88 0.42 0.25 0.25 0.24 0.24 0.29 0.24 0.21 0.21 0.21 0.11 0.11 0.21 0.14 0.14 0.14 0.11 0.29 0.29 0.29 0.29 0.29 0.48 0.27 0.27 0.80 0.27 0.27 0.27 0.27 0.47 0.36 0.27 0.80 0.80 0.36 0.27 0.27 0.27 0.33 0.33 0.07 0.33 0.33 0.11 0.12 0.11 0.11 0.11 0.08 0.08
0.01 0.01 0.11 0.11 0.00 0.00 0.00 0.74 0.72 0.72 0.20 0.20 0.20 0.20 0.29 0.20 0.21 0.21 0.21 0.21 0.23 0.23 0.23 0.85 0.90 0.25 0.25 0.25 0.25 0.48 0.42 0.88 0.65 0.42 0.25 0.25 0.24 0.24 0.24 0.24 0.21 0.11 0.11 0.21 0.11 0.11 0.14 0.11 0.11 0.11 0.29 0.29 0.29 0.29 0.29 0.29 0.27 0.27 0.36 0.27 0.27 0.27 0.27 0.80 0.29 0.80 0.80 0.80 0.29 0.27 0.27 0.27 0.33 0.33 0.33 0.33 0.07 0.08 0.40 0.08 0.17 0.11 0.11 0.08
0.11 0.00 0.11 0.11 0.00 0.00 0.14 0.11 0.13 0.11 0.20 0.45 0.45 0.45 0.20 0.24 0.21 0.21 0.21 0.21 0.23 0.23 1.27 0.85 0.90 0.25 0.25 1.23 0.25 0.80 0.80 0.99 0.65 0.25 0.25 0.25 0.24 0.24 0.24 0.24 0.14 0.11 0.11 0.11 0.11 0.11 0.11 0.11 0.11 0.11 0.29 0.29 0.10 0.10 0.10 0.33 0.36 0.27 0.36 0.29 0.27 0.27 0.27 0.27 0.36 0.29 0.29 0.29 0.80 0.27 0.29 0.27 0.06 0.07 0.33 0.33 0.10 0.17 0.11 0.40 0.17 0.08 0.11 0.11
0.11 0.01 0.11 0.00 0.00 0.00 0.11 0.11 0.11 0.01 0.07 0.00 0.00 0.45 0.20 0.20 0.21 0.21 0.21 0.21 0.40 0.85 0.85 0.85 0.90 0.25 0.25 0.25 0.92 0.80 0.65 0.65 0.65 0.25 0.25 0.25 0.24 0.24 0.24 0.24 0.11 0.11 0.14 0.11 0.11 0.11 0.11 0.09 0.69 0.33 0.33 0.33 0.10 0.33 0.33 0.33 0.36 0.27 0.27 0.32 0.32 0.32 0.27 0.27 0.29 0.36 0.29 0.80 0.27 0.27 0.29 0.27 0.33 0.33 0.33 0.07 0.17 0.17 0.08 0.08 0.17 0.17 0.08 0.00
0.00 0.11 0.11 0.01 0.00 0.01 0.11 0.11 0.11 0.01 0.00 0.00 0.00 0.00 0.00 0.00 0.45 0.75 0.75 0.93 0.36 0.85 0.85 0.85 0.90 0.25 0.25 0.25 0.65 0.65 0.65 0.99 0.65 0.65 0.25 0.25 0.24 0.24 0.24 0.24 0.11 0.11 0.11 0.11 0.11 0.11 0.11 0.09 0.09 0.33 0.33 0.11 0.10 0.10 0.29 0.29 0.27 0.27 0.91 0.43 0.32 0.51 0.32 0.29 0.80 0.80 0.29 0.80 0.80 0.29 0.29 0.80 0.06 0.33 0.10 0.10 0.17 0.17 0.17 0.40 0.17 0.17 0.00 0.00
0.00 0.11 0.11 0.01 0.01 0.11 0.11 0.11 0.10 0.00 0.00 0.00 0.00 0.00 0.00 0.00 0.00 0.01 0.00 0.00 0.63 1.37 0.36 0.85 0.38 0.04 0.00 0.03 0.03 0.03 0.03 0.03 0.03 0.03 0.01 0.01 0.04 0.01 0.04 0.04 0.03 0.03 0.00 0.00 0.00 0.00 0.00 0.00 0.00 0.03 0.10 0.10 0.10 0.10 0.10 0.29 0.27 0.32 0.91 0.91 0.91 0.39 0.32 0.29 0.80 0.80 0.80 0.80 0.36 0.29 0.29 0.80 0.07 0.33 0.33 0.10 0.11 0.17 0.17 0.11 0.11 0.17 0.00 0.00
0.00 0.11 0.00 0.01 0.11 0.11 0.11 0.11 0.01 0.00 0.00 0.00 0.00 0.00 0.00 0.00 0.00 0.00 0.00 0.00 0.03 0.68 0.68 0.08 0.38 0.00 0.03 0.03 0.03 0.03 0.04 0.03 0.03 0.03 0.03 0.00 0.00 0.01 0.04 0.04 0.03 0.03 0.00 0.00 0.00 0.00 0.00 0.00 0.01 0.01 0.03 0.42 0.33 0.29 0.29 0.33 0.37 0.39 0.91 0.91 0.91 0.39 0.39 0.39 0.91 0.80 0.80 0.80 0.27 0.29 0.29 0.80 0.33 0.07 0.07 0.11 0.11 0.17 0.17 0.11 0.40 0.40 0.00 0.00
0.09 0.09 0.09 0.08 0.08 0.00 0.00 0.00 0.01 0.00 0.00 0.00 0.00 0.00 0.00 0.00 0.00 0.01 0.00 0.00 0.02 0.32 0.40 0.32 0.00 0.00 0.00 0.03 0.03 0.03 0.03 0.03 0.03 0.03 0.03 0.00 0.00 0.00 0.03 0.00 0.00 0.00 0.00 0.00 0.00 0.00 0.00 0.18 0.00 0.00 0.00 0.00 0.17 0.14 0.14 0.14 0.05 0.26 0.17 0.41 0.11 0.11 0.11 0.08 0.11 0.41 0.41 0.41 0.34 0.34 0.34 0.34 0.26 0.26 0.08 0.08 0.08 0.31 0.13 0.31 0.08 0.31 0.13 0.13
0.00 0.09 0.09 0.08 0.08 0.00 0.00 0.00 0.00 0.00 0.00 0.00 0.00 0.00 0.00 0.00 0.00 0.10 0.00 0.00 0.02 0.32 0.00 0.00 0.00 0.00 0.00 0.00 0.03 0.03 0.03 0.03 0.03 0.03 0.30 0.35 0.03 0.00 0.03 0.03 0.02 0.02 0.00 0.00 0.00 0.00 0.00 0.00 0.00 0.00 0.00 0.00 0.00 0.17 0.14 0.17 0.05 0.02 0.17 0.08 0.41 0.11 0.08 0.08 0.41 0.11 0.41 0.41 0.41 0.41 0.41 0.41 0.31 0.05 0.13 0.13 0.05 0.05 0.05 0.05 0.05 0.13 0.13 0.08
0.00 0.09 0.09 0.09 0.08 0.00 0.01 0.00 0.00 0.00 0.00 0.00 0.00 0.00 0.00 0.00 0.00 0.00 0.00 0.02 0.32 0.00 0.00 0.00 0.00 0.00 0.00 0.00 0.03 0.03 0.03 0.03 0.03 0.03 0.03 0.03 0.00 0.03 0.03 0.03 0.00 0.00 0.00 0.00 0.00 0.00 0.02 0.00 0.00 0.18 0.00 0.00 0.00 0.00 0.00 0.14 0.02 0.05 0.41 0.41 0.08 0.08 0.08 0.41 0.41 0.11 0.41 0.41 0.41 0.41 0.41 0.41 0.31 0.08 0.13 0.05 0.05 0.33 0.05 0.05 0.05 0.13 0.13 0.08
1.15 0.00 0.00 0.00 0.08 0.00 0.00 0.00 0.00 0.00 0.00 0.01 0.01 0.00 0.00 0.00 0.00 0.00 0.10 0.62 0.00 0.00 0.00 0.00 0.00 0.00 0.00 0.00 0.03 0.03 0.03 0.03 0.03 0.03 0.30 0.30 0.00 0.03 0.00 0.00 0.00 0.00 0.00 0.00 0.00 0.00 0.02 0.02 0.00 0.00 0.00 0.00 0.00 0.00 0.00 0.00 0.02 0.02 0.41 0.41 0.41 0.08 0.08 0.41 0.41 0.41 0.11 0.90 0.41 0.08 0.08 0.11 0.09 0.41 0.13 0.05 0.05 0.05 0.31 0.08 0.08 0.13 0.13 0.05
0.09 0.00 0.09 0.08 0.08 0.00 0.00 0.00 0.00 0.00 0.09 0.09 0.09 0.09 0.09 0.00 0.00 0.11 0.10 0.31 0.00 0.00 0.00 0.00 0.00 0.00 0.00 0.00 0.06 0.03 0.06 0.11 0.06 0.06 0.30 0.30 0.00 0.03 0.03 0.00 0.00 0.00 0.00 0.02 0.02 0.02 0.02 0.02 0.00 0.00 0.00 0.00 0.00 0.00 0.00 0.00 0.00 0.26 0.41 0.41 0.41 0.41 0.41 0.41 0.41 0.41 0.41 0.41 0.11 0.11 0.11 0.08 0.31 0.31 0.31 0.12 0.06 0.13 0.13 0.05 0.05 0.13 0.13 0.05
0.00 0.09 0.00 0.00 0.08 0.00 0.00 0.01 0.00 0.00 0.09 0.09 0.09 0.09 0.09 0.09 0.10 0.10 0.10 0.31 0.00 0.00 0.00 0.00 0.00 0.00 0.00 0.00 0.00 0.03 0.06 0.64 0.34 0.06 0.30 0.00 0.03 0.00 0.00 0.00 0.00 0.00 0.00 0.02 0.02 0.02 0.02 0.02 0.00 0.00 0.00 0.00 0.00 0.00 0.00 0.00 0.00 0.02 0.17 0.11 0.08 0.41 0.41 0.41 0.41 0.41 0.41 0.41 0.41 0.35 0.17 0.08 0.08 0.08 0.09 0.08 0.05 0.05 0.05 0.13 0.13 0.13 0.13 0.31
0.00 0.09 0.00 0.00 0.07 0.00 0.00 0.00 0.01 0.09 0.09 0.09 0.00 0.01 0.09 0.09 0.00 0.01 0.00 0.02 0.28 0.00 0.00 0.00 0.00 0.00 0.00 0.00 0.00 0.06 0.30 0.30 0.06 0.03 0.30 0.00 0.00 0.00 0.00 0.00 0.00 0.00 0.00 0.00 0.02 0.02 0.00 0.00 0.00 0.00 0.00 0.00 0.00 0.18 0.00 0.00 0.02 0.02 0.02 0.17 0.08 0.08 0.41 0.41 0.41 0.41 0.41 0.08 0.08 0.17 0.17 0.08 0.05 0.05 0.05 0.05 0.05 0.05 0.05 0.05 0.13 0.13 0.13 0.13
0.09 0.09 0.09 0.09 0.07 0.07 0.07 0.07 0.30 0.09 0.09 0.09 0.00 0.10 0.10 0.09 0.00 0.10 0.31 0.02 0.02 0.00 0.00 0.00 0.00 0.00 0.00 0.00 0.03 0.03 0.03 0.30 0.03 0.03 0.06 0.00 0.00 0.00 0.00 0.00 0.00 0.00 0.00 0.00 0.00 0.00 0.00 0.00 0.00 0.00 0.00 0.00 0.00 0.18 0.00 0.03 0.02 0.02 0.02 0.02 0.07 0.34 0.34 0.41 0.41 0.11 0.11 0.11 0.08 0.17 0.17 0.08 0.05 0.05 0.13 0.13 0.13 0.05 0.05 0.05 0.05 0.05 0.13 0.13
0.00 0.00 0.00 0.09 0.00 0.07 0.07 0.07 0.30 0.09 0.09 0.30 0.00 0.00 0.00 0.10 0.10 0.01 0.03 0.28 0.02 0.05 0.05 0.00 0.04 0.30 0.06 0.03 0.03 0.03 0.30 0.30 0.06 0.30 0.01 0.00 0.00 0.00 0.00 0.00 0.00 0.00 0.00 0.00 0.00 0.00 0.00 0.00 0.00 0.00 0.00 0.00 0.00 0.18 0.00 0.06 0.02 0.02 0.02 0.02 0.01 0.34 0.34 0.34 0.08 0.41 0.08 0.08 0.09 0.17 0.08 0.08 0.05 0.05 0.13 0.13 0.05 0.05 0.08 0.05 0.05 0.13 0.05 0.05
0.00 0.00 0.09 0.09 0.09 0.07 0.07 0.07 0.09 0.09 0.09 0.09 0.09 0.09 0.01 0.10 0.11 0.00 0.28 0.28 0.03 0.28 0.36 0.28 0.30 0.30 0.03 0.03 0.30 0.30 0.30 0.30 0.30 0.30 0.00 0.00 0.00 0.00 0.00 0.00 0.00 0.00 0.00 0.00 0.00 0.00 0.00 0.00 0.00 0.00 0.18 0.00 0.01 0.18 0.00 0.02 0.25 0.25 0.02 0.02 0.01 0.20 0.34 0.34 0.17 0.11 0.08 0.08 0.08 0.17 0.17 0.08 0.05 0.05 0.13 0.13 0.05 0.05 0.08 0.05 0.05 0.13 0.05 0.13
0.00 0.09 0.00 0.00 0.00 0.00 0.08 0.09 0.10 0.09 0.09 0.01 0.09 0.01 0.10 0.10 0.10 0.00 0.34 0.28 0.28 0.28 0.34 0.28 0.30 0.30 0.31 0.30 0.30 0.30 0.30 0.30 0.36 0.30 0.00 0.00 0.00 0.00 0.00 0.00 0.02 0.00 0.00 0.00 0.00 0.00 0.00 0.00 0.00 0.00 0.00 0.00 0.00 0.00 0.18 0.00 0.00 0.25 0.07 0.03 0.01 0.20 0.20 0.06 0.41 0.08 0.08 0.08 0.08 0.17 0.17 0.09 0.05 0.05 0.05 0.05 0.05 0.05 0.05 0.05 0.13 0.13 0.05 0.13
0.09 0.00 0.00 0.00 0.09 0.00 0.09 0.00 0.10 0.00 0.01 0.01 0.10 0.10 0.10 0.10 0.00 0.00 0.28 0.28 0.28 0.03 0.03 0.28 0.03 0.04 0.30 0.31 0.03 0.30 0.30 0.30 0.30 0.30 0.00 0.00 0.00 0.03 0.03 0.03 0.00 0.00 0.00 0.00 0.00 0.00 0.00 0.00 0.00 0.00 0.00 0.00 0.00 0.18 0.00 0.00 0.00 0.00 0.25 0.07 0.01 0.20 0.20 0.01 0.08 0.41 0.13 0.41 0.41 0.08 0.08 0.08 0.05 0.05 0.05 0.05 0.05 0.05 0.05 0.13 0.13 0.05 0.05 0.31
0.09 0.00 0.00 0.00 0.00 0.00 0.09 0.09 0.01 0.01 0.10 0.10 0.10 0.10 0.10 0.01 0.10 0.28 0.06 0.02 0.02 0.03 0.03 0.28 0.30 0.03 0.30 0.03 0.03 0.30 0.30 0.30 0.30 0.30 0.30 0.30 0.03 0.03 0.03 0.11 0.02 0.00 0.00 0.00 0.00 0.00 0.00 0.00 0.00 0.00 0.00 0.00 0.00 0.00 0.00 0.00 0.00 0.00 0.00 0.25 0.25 0.20 0.23 0.01 0.01 0.41 0.41 0.41 0.11 0.41 0.08 0.08 0.05 0.05 0.05 0.05 0.05 0.05 0.13 0.07 0.04 0.04 0.04 0.04
0.09 0.09 0.00 0.09 0.00 0.01 0.09 0.00 0.00 0.10 0.10 0.10 0.10 0.10 0.10 0.01 0.00 0.03 0.05 0.05 0.05 0.03 0.03 0.05 0.03 0.03 0.30 0.03 0.03 0.30 0.30 0.04 0.30 0.30 0.30 0.30 0.03 0.03 0.03 0.03 0.27 0.02 0.00 0.00 0.00 0.00 0.18 0.00 0.18 0.00 0.00 0.00 0.00 0.00 0.00 0.00 0.00 0.00 0.00 0.00 0.00 0.20 0.20 0.01 0.20 0.04 0.08 0.08 0.08 0.08 0.08 0.08 0.31 0.31 0.05 0.05 0.05 0.05 0.07 0.04 0.04 0.04 0.04 0.04
0.09 0.09 0.10 0.09 0.01 0.00 0.09 0.00 0.10 0.11 0.00 0.00 0.00 0.00 0.00 0.00 0.00 0.03 0.05 0.05 0.05 0.03 0.03 0.02 0.03 0.03 0.03 0.30 0.03 0.30 0.30 0.03 0.03 0.03 0.30 0.31 0.03 0.03 0.03 0.03 0.02 0.02 0.02 0.00 0.02 0.18 0.00 0.26 0.00 0.00 0.02 0.02 0.00 0.00 0.00 0.00 0.00 0.00 0.13 0.13 0.13 0.20 0.23 0.20 0.01 0.01 0.02 0.08 0.11 0.08 0.08 0.08 0.05 0.05 0.05 0.04 0.04 0.04 0.07 0.05 0.04 0.04 0.04 0.04
0.00 0.09 0.00 0.09 0.09 0.09 0.09 0.10 0.10 0.00 0.00 0.00 0.10 0.10 0.00 0.00 0.01 0.30 0.06 0.03 0.28 0.28 0.02 0.02 0.03 0.03 0.03 0.03 0.03 0.03 0.03 0.03 0.06 0.06 0.30 0.30 0.03 0.03 0.03 0.03 0.02 0.02 0.28 0.02 0.02 0.11 0.00 0.26 0.00 0.00 0.00 0.02 0.02 0.02 0.02 0.02 0.00 0.13 0.00 0.00 0.20 0.20 0.01 0.20 0.01 0.01 0.01 0.01 0.08 0.08 0.08 0.08 0.04 0.04 0.04 0.04 0.04 0.05 0.04 0.04 0.04 0.04 0.04 0.08
0.00 0.08 0.00 0.01 0.08 0.00 0.09 0.08 0.10 0.10 0.11 0.10 0.10 0.10 0.00 0.01 0.00 0.02 0.05 0.05 0.05 0.02 0.02 0.02 0.02 0.02 0.02 0.02 0.02 0.02 0.05 0.27 0.27 0.05 0.02 0.27 0.27 0.05 0.02 0.02 0.01 0.01 0.00 0.01 0.00 0.00 0.00 0.00 0.00 0.00 0.00 0.00 0.01 0.01 0.07 0.07 0.00 0.00 0.10 0.10 0.15 0.01 0.01 0.15 0.15 0.01 0.01 0.01 0.02 0.06 0.06 0.06 0.05 0.06 0.05 0.05 0.05 0.03 0.03 0.03 0.03 0.03 0.06 0.06
0.00 0.00 0.00 0.08 0.08 0.00 0.09 0.08 0.10 0.10 0.01 0.01 0.00 0.10 0.00 0.00 0.02 0.02 0.05 0.05 0.05 0.05 0.02 0.02 0.02 0.02 0.02 0.02 0.02 0.02 0.05 0.05 0.27 0.27 0.03 0.02 0.02 0.27 0.02 0.02 0.01 0.01 0.00 0.01 0.00 0.00 0.00 0.01 0.01 0.01 0.00 0.00 0.01 0.01 0.01 0.07 0.00 0.00 0.00 0.10 0.15 0.01 0.01 0.01 0.01 0.01 0.01 0.01 0.15 0.01 0.06 0.06 0.03 0.05 0.05 0.03 0.05 0.05 0.22 0.03 0.03 0.06 0.06 0.06
0.00 0.08 0.08 0.00 0.00 0.00 0.00 0.00 0.00 0.10 0.01 0.01 0.00 0.10 0.00 0.10 0.02 0.02 0.05 0.06 0.05 0.05 0.05 0.02 0.02 0.02 0.02 0.05 0.02 0.02 0.02 0.02 0.05 0.27 0.02 0.02 0.02 0.02 0.02 0.05 0.01 0.01 0.03 0.01 0.00 0.00 0.00 0.01 0.01 0.01 0.01 0.01 0.01 0.01 0.01 0.01 0.01 0.00 0.00 0.10 0.15 0.01 0.15 0.01 0.01 0.01 0.01 0.01 0.02 0.16 0.01 0.06 0.03 0.03 0.05 0.05 0.05 0.05 0.22 0.06 0.06 0.06 0.06 0.06
0.08 0.00 0.08 0.08 0.08 0.00 0.00 0.08 0.00 0.10 0.00 0.01 0.01 0.00 0.00 0.00 0.28 0.02 0.05 0.05 0.05 0.05 0.02 0.02 0.02 0.02 0.02 0.05 0.02 0.02 0.02 0.05 0.27 0.27 0.02 0.02 0.05 0.05 0.05 0.03 0.01 0.03 0.03 0.04 0.01 0.00 0.01 0.01 0.01 0.01 0.01 0.01 0.01 0.00 0.00 0.01 0.01 0.00 0.00 0.10 0.15 0.02 0.02 0.15 0.01 0.01 0.01 0.02 0.02 0.02 0.02 0.01 0.05 0.03 0.05 0.05 0.05 0.22 0.27 0.27 0.06 0.06 0.06 0.06
0.09 0.08 0.00 0.08 0.08 0.00 0.00 0.00 0.01 0.00 0.00 0.00 0.00 0.00 0.10 0.00 0.28 0.28 0.28 0.28 0.03 0.03 0.02 0.02 0.02 0.27 0.03 0.05 0.02 0.02 0.03 0.27 0.27 0.03 0.02 0.02 0.02 0.02 0.02 0.27 0.03 0.03 0.03 0.54 0.54 0.01 0.01 0.01 0.01 0.01 0.01 0.00 0.00 0.00 0.00 0.00 0.01 0.01 0.10 0.00 0.15 0.01 0.01 0.15 0.15 0.01 0.01 0.01 0.02 0.01 0.01 0.01 0.00 0.00 0.05 0.03 0.03 0.06 0.27 0.27 0.27 0.27 0.27 0.06
0.08 0.08 0.08 0.00 0.00 0.00 0.00 0.00 0.01 0.00 0.10 0.10 0.00 0.00 0.00 0.00 0.02 0.28 0.28 0.28 0.03 0.28 0.33 0.28 0.02 0.03 0.27 0.02 0.02 0.27 0.03 0.27 0.27 0.02 0.27 0.05 0.02 0.27 0.03 0.27 0.01 0.01 0.01 0.03 0.54 0.54 0.54 0.21 0.21 0.01 0.01 0.00 0.00 0.00 0.00 0.00 0.01 0.01 0.01 0.01 0.15 0.01 0.01 0.15 0.15 0.15 0.01 0.01 0.01 0.15 0.01 0.01 0.00 0.00 0.01 0.03 0.03 0.03 0.22 0.27 0.07 0.27 0.27 0.06
0.08 0.08 0.00 0.00 0.00 0.00 0.00 0.00 0.01 0.01 0.01 0.10 0.00 0.00 0.00 0.02 0.02 0.03 0.28 0.28 0.28 0.28 0.28 0.03 0.05 0.05 0.05 0.02 0.05 0.02 0.02 0.27 0.27 0.27 0.02 0.02 0.02 0.02 0.03 0.05 0.21 0.21 0.21 0.03 0.54 0.03 0.54 0.54 0.21 0.01 0.01 0.01 0.00 0.00 0.00 0.00 0.00 0.00 0.00 0.00 0.15 0.18 0.01 0.01 0.01 0.01 0.15 0.01 0.15 0.02 0.02 0.01 0.00 0.01 0.01 0.01 0.03 0.03 0.03 0.03 0.27 0.27 0.04 0.06
0.08 0.08 0.00 0.00 0.08 0.00 0.00 0.00 0.01 0.01 0.01 0.01 0.10 0.01 0.10 0.03 0.02 0.28 0.05 0.05 0.28 0.28 0.28 0.28 0.27 0.05 0.05 0.27 0.05 0.27 0.03 0.02 0.27 0.27 0.02 0.02 0.03 0.02 0.02 0.03 0.01 0.01 0.01 0.01 0.01 0.03 0.54 0.54 0.54 0.01 0.01 0.01 0.01 0.00 0.00 0.00 0.00 0.00 0.00 0.02 0.15 0.15 0.01 0.01 0.02 0.02 0.01 0.01 0.01 0.01 0.15 0.01 0.00 0.01 0.01 0.01 0.01 0.03 0.22 0.22 0.22 0.27 0.27 0.04
0.08 0.08 0.00 0.00 0.00 0.00 0.00 0.00 0.01 0.01 0.10 0.10 0.01 0.01 0.01 0.28 0.03 0.02 0.05 0.05 0.02 0.28 0.02 0.28 0.27 0.27 0.27 0.05 0.27 0.27 0.27 0.27 0.27 0.27 0.27 0.03 0.03 0.03 0.02 0.02 0.01 0.01 0.01 0.01 0.01 0.03 0.03 0.03 0.21 0.01 0.01 0.01 0.01 0.01 0.00 0.01 0.00 0.00 0.00 0.02 0.15 0.01 0.01 0.01 0.15 0.02 0.01 0.01 0.01 0.01 0.01 0.01 0.00 0.01 0.00 0.01 0.11 0.11 0.22 0.22 0.05 0.04 0.27 0.04
0.00 0.00 0.00 0.08 0.00 0.00 0.08 0.00 0.01 0.01 0.01 0.10 0.10 0.00 0.01 0.03 0.03 0.28 0.28 0.02 0.02 0.02 0.02 0.02 0.27 0.03 0.27 0.27 0.27 0.27 0.27 0.27 0.27 0.27 0.02 0.02 0.03 0.03 0.27 0.02 0.01 0.01 0.01 0.01 0.01 0.01 0.03 0.01 0.01 0.01 0.00 0.01 0.01 0.01 0.00 0.01 0.15 0.00 0.01 0.02 0.01 0.01 0.02 0.01 0.01 0.01 0.01 0.01 0.02 0.01 0.01 0.01 0.00 0.11 0.11 0.01 0.00 0.11 0.11 0.03 0.22 0.27 0.06 0.27
0.00 0.00 0.00 0.08 0.08 0.00 0.00 0.08 0.10 0.00 0.00 0.00 0.00 0.00 0.10 0.28 0.03 0.03 0.03 0.02 0.28 0.02 0.05 0.02 0.02 0.27 0.27 0.27 0.27 0.27 0.03 0.27 0.27 0.27 0.27 0.03 0.27 0.27 0.02 0.02 0.01 0.01 0.01 0.01 0.01 0.01 0.01 0.01 0.01 0.01 0.03 0.01 0.21 0.01 0.01 0.01 0.00 0.01 0.02 0.02 0.15 0.02 0.02 0.01 0.01 0.01 0.01 0.15 0.15 0.01 0.01 0.02 0.11 0.00 0.00 0.11 0.11 0.11 0.11 0.11 0.22 0.05 0.07 0.06
0.00 0.00 0.00 0.08 0.08 0.00 0.00 0.00 0.00 0.00 0.00 0.00 0.00 0.00 0.02 0.02 0.28 0.28 0.28 0.05 0.02 0.02 0.02 0.03 0.02 0.02 0.05 0.27 0.27 0.27 0.27 0.27 0.03 0.27 0.27 0.27 0.27 0.02 0.05 0.05 0.01 0.21 0.21 0.01 0.01 0.01 0.02 0.02 0.01 0.03 0.01 0.01 0.01 0.01 0.00 0.01 0.01 0.01 0.01 0.02 0.15 0.01 0.02 0.01 0.01 0.01 0.01 0.01 0.18 0.15 0.15 0.01 0.11 0.11 0.11 0.00 0.11 0.00 0.11 0.11 0.11 0.22 0.07 0.06
0.00 0.00 0.00 0.00 0.08 0.08 0.00 0.00 0.01 0.00 0.10 0.10 0.10 0.00 0.02 0.28 0.28 0.28 0.28 0.02 0.02 0.02 0.02 0.02 0.02 0.02 0.05 0.27 0.03 0.27 0.02 0.03 0.02 0.27 0.02 0.05 0.27 0.27 0.32 0.27 0.01 0.02 0.02 0.02 0.01 0.01 0.02 0.02 0.03 0.02 0.02 0.01 0.01 0.01 0.00 0.01 0.01 0.01 0.01 0.01 0.15 0.01 0.01 0.01 0.02 0.01 0.01 0.01 0.15 0.01 0.01 0.15 0.11 0.11 0.11 0.11 0.11 0.01 0.15 0.11 0.11 0.15 0.27 0.27
0.00 0.08 0.08 0.00 0.08 0.08 0.00 0.00 0.01 0.00 0.10 0.10 0.10 0.00 0.02 0.02 0.28 0.28 0.28 0.02 0.05 0.02 0.03 0.02 0.05 0.27 0.27 0.05 0.27 0.05 0.05 0.02 0.02 0.05 0.02 0.02 0.05 0.03 0.03 0.27 0.21 0.02 0.01 0.01 0.01 0.03 0.03 0.01 0.01 0.01 0.01 0.03 0.03 0.01 0.21 0.01 0.01 0.01 0.01 0.01 0.01 0.01 0.01 0.01 0.01 0.01 0.01 0.01 0.01 0.02 0.01 0.01 0.00 0.11 0.11 0.11 0.11 0.02 0.15 0.01 0.15 0.15 0.15 0.27
