New_Model_Runs/12_Future_RCP4.5_Scn2_out/post_prcessed_no_MFR/actual_et_annual.asc
NCOLS 700
NROWS 400
XLLCENTER 515000.000000
YLLCENTER 8409000.000000
CELLSIZE 50.000000
NODATA_value -999.000000
[rows 144 to 179 of 400, columns 324 to 404 of 700]
12.47 12.43 12.39 12.34 12.30 12.26 12.23 12.19 12.15 12.49 29.20 12.42 41.30 41.64 41.54 41.46 38.66 11.84 11.81 11.79 11.77 11.75 11.73 11.72 11.70 11.69 44.49 35.02 38.03 35.00 38.03 11.68 11.69 35.06 44.51 44.55 44.59 34.03 0.32 0.00 0.00 0.00 0.00 0.00 0.00 0.00 0.00 0.00 0.00 0.00 0.00 0.00 0.00 0.00 0.00 0.00 0.00 0.00 0.00 0.00 0.00 0.00 0.00 0.00 0.00 0.00 0.00 0.00 0.00 0.00 0.00 0.00 0.00 0.00 0.00 0.00 0.00 0.00 0.00 0.00 0.00
12.43 12.39 12.35 12.31 12.27 12.23 12.19 12.15 12.10 12.45 12.42 12.39 41.62 41.53 41.43 11.86 11.83 11.80 11.77 11.75 11.73 11.71 11.69 17.12 11.66 37.85 37.97 34.91 44.52 44.52 17.08 17.08 11.66 11.66 35.00 44.44 44.49 44.55 34.01 34.05 0.00 0.00 0.00 0.00 0.00 0.00 0.00 0.00 0.00 0.00 0.00 0.00 0.00 0.00 0.00 0.00 0.00 0.00 0.00 0.00 0.00 0.00 0.00 0.00 0.00 0.00 0.00 0.00 0.00 0.00 0.00 0.00 0.00 0.00 0.00 0.00 0.00 0.00 0.00 0.00 0.00
12.40 12.36 12.32 12.28 12.23 12.19 12.15 12.11 3.62 29.29 12.44 41.78 17.30 41.54 33.51 11.82 11.79 11.76 11.73 11.71 11.69 11.67 11.65 17.07 11.62 13.31 34.86 44.54 44.48 11.61 17.03 11.62 11.62 11.64 11.65 38.03 44.51 44.57 44.64 34.15 34.19 0.00 0.00 0.00 0.00 0.00 0.00 0.00 0.00 0.00 0.00 0.32 34.70 0.00 0.00 0.00 0.00 0.00 0.00 34.29 34.03 34.07 34.21 46.98 0.00 0.00 0.00 0.00 0.00 0.00 0.00 0.00 0.00 0.00 0.00 0.00 0.00 0.00 0.00 0.00 0.00
12.36 12.32 12.28 12.24 17.70 12.16 12.11 12.07 12.47 29.23 12.40 11.92 33.59 33.48 33.41 33.33 11.75 11.72 11.69 11.67 11.65 11.63 11.61 17.01 11.59 11.58 11.58 37.80 11.57 11.57 11.58 11.59 11.60 11.61 11.62 11.64 11.66 11.68 11.70 11.72 3.52 34.21 34.26 34.31 0.00 0.00 0.00 0.00 0.00 0.00 34.57 34.63 34.69 34.74 34.05 34.10 34.15 34.20 3.68 12.28 12.30 3.70 45.68 13.73 34.36 0.00 0.00 0.00 0.00 0.00 0.00 0.00 0.00 0.00 0.00 0.00 0.00 0.00 0.00 0.00 0.00
12.32 12.28 12.24 12.20 12.16 42.24 35.93 41.57 12.44 41.35 3.57 11.88 11.84 11.80 11.77 11.74 11.71 11.68 11.65 11.63 11.61 11.59 11.58 11.56 11.55 11.55 11.54 11.54 11.54 11.55 11.55 11.56 11.57 11.58 11.60 11.62 11.64 11.66 11.68 11.70 17.20 45.43 34.23 34.29 44.96 0.32 0.00 0.00 0.00 34.50 34.56 34.62 34.68 34.74 34.05 34.10 17.89 12.23 17.97 3.68 18.05 3.70 13.71 45.77 45.84 0.00 0.00 0.00 0.00 0.00 0.00 0.00 0.00 0.00 0.00 0.00 0.00 0.00 0.00 0.00 0.00
12.29 12.24 12.20 12.15 41.81 41.69 12.47 41.46 29.17 12.37 41.13 11.84 11.80 11.77 11.73 11.70 11.67 11.64 11.62 11.59 11.57 11.56 11.54 11.53 11.52 11.52 11.51 11.51 11.52 11.52 11.53 11.54 11.55 11.56 11.58 11.60 11.62 17.07 11.66 11.69 38.04 34.15 13.44 34.27 34.18 34.24 34.30 34.36 34.43 34.49 34.55 35.97 36.05 36.23 36.31 36.52 36.60 12.23 17.98 18.02 3.69 34.25 45.71 0.00 0.00 0.00 0.00 0.00 0.00 0.00 0.00 0.00 0.00 0.00 0.00 0.00 0.00 0.00 0.00 0.00 0.00
12.25 12.21 12.16 33.97 33.86 12.48 12.44 41.36 41.25 33.37 33.27 40.93 41.21 11.73 11.70 11.66 11.63 11.61 11.58 11.56 11.54 11.53 11.51 11.50 11.49 11.49 11.49 11.49 11.49 11.50 11.50 11.52 11.53 11.54 11.56 11.58 17.02 17.05 11.65 11.68 13.38 34.13 34.19 34.25 34.16 34.23 34.29 34.36 34.42 34.48 13.66 45.64 12.08 12.11 12.14 17.85 45.63 36.69 39.39 34.30 34.22 13.70 13.72 0.00 0.00 0.00 0.00 0.00 0.00 0.00 0.00 0.00 0.00 0.00 0.00 0.00 0.00 0.00 0.00 0.00 0.00
12.21 12.17 12.12 12.08 33.77 29.24 41.37 41.25 41.14 41.03 33.18 40.82 40.70 16.98 11.66 11.63 11.60 11.57 11.55 11.53 11.51 11.50 11.48 11.47 11.47 11.46 11.46 11.46 11.47 11.48 11.49 11.50 16.88 11.53 11.55 11.57 11.59 17.03 17.07 34.00 13.37 13.40 34.18 34.24 34.16 34.22 45.11 45.22 34.42 35.79 38.87 12.05 12.08 12.11 17.63 17.67 35.25 36.90 32.97 32.97 34.23 0.00 0.00 0.00 0.00 0.00 0.00 0.00 0.00 0.00 0.00 0.00 0.00 0.00 0.00 0.00 0.00 0.00 0.00 0.00 0.00
12.17 12.13 12.09 42.04 12.00 11.96 11.91 41.15 41.04 40.93 40.83 40.73 40.60 11.65 11.63 11.60 11.57 11.54 11.52 11.50 11.48 11.47 11.46 11.45 11.44 11.44 11.44 11.44 11.45 11.46 11.47 11.48 11.50 11.52 11.54 11.56 11.58 11.61 13.30 13.33 13.36 34.11 34.17 13.46 34.15 34.22 34.29 45.22 45.33 36.12 12.02 12.05 12.09 17.59 17.64 38.09 38.17 36.92 32.93 32.98 32.99 0.00 0.00 0.00 0.00 0.00 0.00 0.00 0.00 0.00 0.00 0.00 0.00 0.00 0.00 0.00 0.00 0.00 0.00 0.00 0.00
12.13 12.09 41.61 41.50 11.96 11.92 11.88 41.05 40.94 33.09 41.14 41.04 40.51 11.62 11.59 11.56 11.54 34.85 11.49 11.47 11.46 11.44 11.43 11.43 11.42 11.42 11.42 11.43 11.44 11.44 11.46 11.47 11.49 11.51 11.53 11.55 11.57 11.60 11.63 11.66 13.36 44.64 13.43 13.46 44.89 45.01 45.12 45.23 43.61 43.71 12.02 12.06 12.09 12.12 44.49 44.31 44.40 32.90 32.95 33.00 33.01 0.00 0.00 0.00 0.00 0.00 0.00 0.00 0.00 0.00 0.00 0.00 0.00 0.00 0.00 0.00 0.00 0.00 0.00 0.00 0.00
12.08 41.62 41.50 41.39 12.38 41.16 41.05 33.19 11.77 3.52 33.13 16.93 11.62 34.73 34.66 40.57 32.67 16.68 11.47 11.45 11.43 11.42 11.41 11.41 11.41 11.41 11.41 11.41 11.42 11.43 11.45 11.46 11.48 11.50 11.52 11.55 11.57 11.60 11.63 11.66 11.69 44.65 44.76 44.87 13.47 45.02 43.42 43.52 43.63 37.40 12.03 12.07 12.10 12.13 35.04 44.33 13.33 44.52 44.61 44.70 33.03 44.83 0.00 0.00 0.00 0.00 0.00 0.00 0.00 0.00 0.00 0.00 0.00 0.00 0.00 0.00 0.00 0.00 0.00 0.00 0.00
12.04 12.00 41.39 12.38 41.17 11.84 33.41 11.77 11.73 11.69 11.66 16.88 11.59 34.96 32.51 34.83 11.48 11.46 11.44 11.43 11.41 11.40 11.40 11.39 16.71 11.39 11.40 11.40 11.41 11.43 11.44 11.46 11.48 11.50 11.52 11.54 11.57 11.60 11.63 11.66 11.69 38.08 13.43 43.21 43.23 43.34 43.44 34.42 34.51 12.00 17.49 12.07 12.11 34.97 13.28 44.37 32.88 32.93 44.65 44.74 33.05 44.87 0.00 0.00 0.00 0.00 0.00 0.00 0.00 0.00 0.00 0.00 0.00 0.00 0.00 0.00 0.00 0.00 0.00 0.00 0.00
12.00 11.96 11.92 29.08 11.84 11.81 11.77 11.73 11.70 11.66 11.63 16.83 11.56 34.89 34.84 11.48 11.46 11.44 11.42 11.41 11.40 11.39 11.38 11.38 11.38 11.38 11.39 11.40 11.41 11.42 11.44 11.45 11.47 11.50 11.52 11.55 11.57 11.60 11.63 11.66 11.70 11.73 34.01 43.24 43.25 43.36 43.47 34.55 11.98 12.01 12.05 12.09 35.02 35.00 32.78 38.00 44.50 32.96 44.69 13.43 13.45 33.13 0.00 0.00 0.00 0.00 0.00 0.00 0.00 0.00 0.00 0.00 0.00 0.00 0.00 0.00 0.00 0.00 0.00 0.00 0.00
11.96 11.92 11.88 41.07 11.80 11.76 11.73 11.70 11.66 11.63 11.59 16.79 11.53 32.66 11.48 11.46 11.44 11.42 11.40 11.39 11.38 11.38 11.37 11.37 11.37 11.38 11.38 11.39 11.40 11.42 11.44 11.46 11.48 11.50 11.52 11.55 11.58 11.61 11.64 11.67 11.71 11.74 34.03 43.26 43.28 34.39 11.92 11.95 11.99 12.03 12.06 12.10 12.14 38.05 37.95 13.33 13.36 32.98 33.04 44.83 13.46 33.16 13.51 0.00 0.00 0.00 0.00 0.00 0.00 0.00 0.00 0.00 0.00 0.00 0.00 0.00 0.00 0.00 0.00 0.00 0.00
11.92 11.88 11.84 40.96 11.77 11.73 11.70 11.66 11.63 11.60 11.57 11.54 11.51 11.48 11.46 11.44 11.42 11.40 11.39 11.38 11.37 11.37 16.50 16.50 11.37 11.37 11.38 11.39 11.41 11.42 11.44 11.46 11.48 11.51 11.53 11.56 11.59 11.62 11.65 11.68 11.72 11.75 11.79 11.82 11.86 11.90 11.93 11.97 12.01 12.04 12.08 12.11 12.15 12.19 13.32 32.89 44.59 44.69 33.07 33.12 33.13 33.19 45.10 0.00 0.00 0.00 0.00 0.00 0.00 0.00 0.00 0.00 0.00 0.00 0.00 0.00 0.00 0.00 0.00 0.00 0.00
33.40 41.07 40.96 40.86 40.76 11.69 11.66 11.63 11.60 11.57 11.54 11.51 11.49 11.46 11.44 11.42 11.40 11.39 11.38 11.37 11.36 11.36 11.36 11.36 11.36 11.37 11.38 11.39 11.41 11.43 11.44 11.47 11.49 11.51 11.54 11.57 11.60 11.63 11.66 11.69 11.73 11.76 11.80 11.84 11.87 11.91 11.95 11.98 12.02 12.06 12.10 12.13 12.17 12.20 13.33 44.54 44.64 44.74 33.10 33.16 33.17 33.22 33.27 0.00 0.00 0.00 0.00 0.00 0.00 0.00 0.00 0.00 0.00 0.00 0.00 0.00 0.00 0.00 0.00 0.00 0.00
41.07 40.96 12.26 12.23 32.94 11.66 11.63 11.60 11.57 11.54 11.51 11.49 11.46 11.44 11.42 11.41 11.39 11.38 11.37 11.36 11.36 11.35 11.35 11.36 11.36 11.37 11.38 11.40 11.41 11.43 11.45 11.47 11.50 11.52 11.55 11.58 11.61 11.64 11.68 11.71 11.74 11.78 11.82 11.85 11.89 11.93 11.96 12.00 12.04 12.08 12.11 12.15 12.19 12.22 44.77 35.36 35.45 44.79 35.62 44.99 17.99 35.86 32.87 33.13 0.00 0.00 0.00 0.00 0.00 0.00 0.00 0.00 0.00 0.00 0.00 0.00 0.00 0.00 0.00 0.00 0.00
33.21 28.91 40.76 11.69 16.89 32.77 11.60 11.57 11.54 11.51 11.49 11.47 11.44 11.43 11.41 11.39 11.38 11.37 11.36 11.36 11.35 11.35 11.35 33.69 11.37 11.38 11.39 11.41 11.42 11.44 11.46 11.49 11.51 11.54 11.57 11.60 11.63 11.66 11.69 11.73 11.76 11.80 11.83 11.87 11.91 11.95 11.98 12.02 12.06 12.10 12.13 12.17 12.21 12.24 38.33 35.51 35.61 17.95 17.99 12.45 35.95 36.04 36.12 45.36 33.44 33.49 33.32 33.58 0.00 0.00 0.00 0.00 0.00 0.00 0.00 0.00 0.00 0.00 0.00 0.00 0.00
33.25 33.16 11.69 11.66 40.74 32.82 11.57 11.54 11.52 11.49 11.47 11.45 11.43 11.41 11.40 11.38 11.37 11.36 11.36 11.35 11.35 11.35 11.36 11.36 11.37 11.38 11.40 11.42 11.43 11.45 11.48 11.50 11.53 11.55 11.58 11.61 11.64 11.68 11.71 11.75 11.78 11.82 11.85 11.89 11.93 11.97 12.01 12.04 12.08 17.59 17.64 12.19 12.23 12.26 12.30 12.33 12.37 12.40 12.44 12.47 12.50 12.53 36.18 45.45 45.54 33.55 33.53 33.65 33.69 3.82 3.83 0.32 0.00 0.00 0.00 0.00 0.00 0.00 0.00 0.00 0.00
33.16 33.07 11.66 11.63 40.66 40.57 11.54 11.51 11.49 11.47 11.45 11.43 11.41 11.40 11.39 11.37 11.37 11.36 11.36 11.35 11.35 11.36 11.36 11.37 11.38 11.39 11.41 11.43 11.45 11.47 11.49 11.52 11.54 11.57 11.60 11.63 11.66 11.70 11.73 11.77 11.80 11.84 11.88 11.91 11.95 11.99 12.03 12.07 12.10 12.14 12.18 12.22 12.25 12.29 12.32 12.36 12.39 12.43 12.46 12.49 12.52 12.55 12.58 45.52 18.25 45.69 33.64 33.69 3.82 12.77 12.79 3.85 47.40 0.00 0.00 0.00 0.00 0.00 0.00 0.00 0.00
33.07 40.84 11.63 11.60 11.57 11.54 11.52 11.49 11.47 11.45 11.43 11.42 11.40 11.39 11.38 11.37 11.36 11.36 11.36 11.36 11.36 11.36 11.37 11.38 11.39 11.41 11.42 11.44 11.46 11.48 11.51 11.53 11.56 11.59 11.62 11.65 11.69 11.72 11.75 11.79 11.83 11.86 11.90 11.94 11.98 12.01 12.05 12.09 12.13 12.17 12.20 12.24 12.28 12.31 12.35 12.38 12.42 12.45 12.48 12.52 12.55 12.58 12.61 36.27 39.16 45.77 33.69 3.82 12.77 12.81 12.83 12.86 3.87 12.91 3.88 1.05 0.00 0.00 0.00 0.00 0.00
33.20 35.37 41.05 11.57 11.55 11.52 11.50 11.48 11.46 11.44 16.59 11.41 11.39 11.38 11.37 11.37 11.36 11.36 11.36 11.36 11.37 11.37 11.38 11.39 11.41 11.42 11.44 11.46 11.48 11.50 11.53 11.56 11.58 11.61 11.64 11.68 11.71 11.74 11.78 11.81 11.85 11.89 11.93 11.96 12.00 17.48 12.08 12.12 12.15 12.19 12.23 12.26 12.30 12.34 12.37 12.41 12.44 12.48 12.51 12.54 12.57 12.61 36.38 39.15 39.23 33.69 13.78 12.77 12.81 12.84 12.86 12.89 12.91 12.94 12.97 12.99 0.00 0.00 0.00 0.00 0.00
11.63 33.05 32.97 11.54 11.52 11.50 11.48 11.46 11.44 11.42 11.41 11.40 11.39 11.38 11.37 11.37 11.37 11.37 11.37 11.37 11.38 11.38 11.39 11.41 11.42 11.44 11.46 11.48 11.50 11.52 11.55 11.58 11.61 11.64 11.67 11.70 11.73 11.77 11.80 11.84 11.88 11.91 11.95 11.99 12.03 12.07 12.10 12.14 12.18 12.22 12.25 12.29 12.33 12.36 12.40 12.43 12.47 12.50 12.54 12.57 12.60 12.63 39.35 39.44 36.49 36.57 36.65 12.80 12.84 12.87 12.89 12.92 12.95 12.97 13.00 13.02 0.00 0.00 0.00 0.00 0.00
11.61 32.98 32.91 11.52 11.50 11.48 11.46 16.62 16.60 11.41 11.40 11.39 11.38 11.38 11.37 11.37 11.37 11.37 11.38 11.38 11.39 11.40 11.41 11.42 11.44 11.46 11.48 11.50 11.52 11.55 11.57 11.60 11.63 11.66 11.69 11.73 11.76 11.80 11.83 11.87 11.90 11.94 11.98 12.02 12.06 12.09 12.13 12.17 12.21 12.25 12.28 12.32 17.91 17.96 12.43 12.46 12.50 12.53 12.56 12.60 12.63 18.32 18.37 12.72 12.74 12.77 12.80 12.83 12.87 12.90 12.92 12.95 12.98 18.80 13.03 13.06 0.00 0.00 0.00 0.00 0.00
11.58 11.55 11.53 11.50 11.48 11.46 11.45 11.43 16.58 16.57 11.40 11.39 11.38 11.38 11.38 11.38 11.38 11.38 11.39 11.39 11.40 11.41 11.43 11.44 11.46 11.48 11.50 11.52 11.55 11.57 11.60 11.63 11.66 11.69 11.72 11.76 11.79 11.82 11.86 11.90 11.93 11.97 12.01 12.05 12.09 12.12 12.16 12.20 12.24 12.28 12.31 12.35 17.96 18.00 18.05 12.49 12.53 18.19 12.59 12.63 12.66 18.36 18.40 12.75 12.78 12.81 12.84 12.87 12.90 12.93 12.96 37.33 13.01 3.91 0.00 0.00 0.00 0.00 0.00 0.00 0.00
11.56 11.53 11.51 11.49 11.47 11.45 11.44 16.59 11.41 11.40 11.39 11.39 11.39 11.38 11.38 11.39 11.39 11.39 11.40 11.41 11.42 11.43 11.45 11.46 11.48 11.50 11.52 11.55 11.57 11.60 11.63 11.66 11.69 11.72 11.75 11.79 11.82 11.86 11.89 11.93 11.96 12.00 12.04 12.08 12.12 12.15 12.19 12.23 12.27 12.31 12.34 12.38 12.42 18.04 18.09 12.52 12.56 18.23 12.62 12.66 12.69 12.72 12.75 12.78 12.81 12.84 12.87 12.90 12.93 12.96 18.78 18.82 0.00 0.00 0.00 0.00 0.00 0.00 0.00 0.00 0.00
11.53 11.51 11.49 11.47 11.45 11.44 11.43 11.42 11.41 11.40 11.40 11.39 11.39 11.39 11.39 11.40 11.40 11.41 11.42 11.43 11.44 11.45 11.47 11.49 11.51 11.53 11.55 11.58 11.60 11.63 11.66 11.69 11.72 11.75 11.78 11.82 11.85 11.89 11.92 17.38 17.43 12.03 12.07 12.11 12.15 12.19 12.22 12.26 12.30 12.34 17.94 17.99 12.45 18.09 12.52 12.55 12.59 12.62 12.65 12.69 12.72 12.75 12.78 12.81 12.84 12.88 18.66 18.70 12.96 12.99 13.02 13.05 0.00 0.00 0.00 0.00 0.00 0.00 0.00 0.00 0.00
11.51 11.49 11.47 11.46 11.44 11.43 11.42 11.41 11.41 11.40 11.40 11.40 11.40 11.40 11.40 11.41 11.42 11.43 11.44 11.45 11.46 11.48 11.49 11.51 11.53 11.56 11.58 11.60 11.63 11.66 11.69 11.72 11.75 11.78 11.82 11.85 11.89 11.92 11.96 11.99 12.03 12.07 12.11 12.14 12.18 12.22 12.26 12.30 12.33 12.37 12.41 12.44 12.48 18.13 12.55 12.58 18.27 12.65 12.69 12.72 12.75 12.78 12.82 12.85 12.88 37.12 46.82 34.11 34.16 34.22 0.00 0.00 0.00 0.00 0.00 0.00 0.00 0.00 0.00 0.00 0.00
11.50 11.48 11.46 11.45 11.44 11.43 11.42 11.41 11.41 11.41 11.40 11.41 16.57 11.41 11.42 11.43 11.43 16.62 11.46 11.47 11.49 11.50 11.52 11.54 11.56 11.59 11.61 11.64 11.66 11.69 11.72 11.75 11.78 11.82 11.85 11.88 11.92 11.96 11.99 12.03 17.53 12.10 12.14 12.18 12.21 12.26 12.29 12.33 12.37 12.40 18.03 12.48 12.51 12.55 12.58 12.62 12.64 12.67 12.72 12.75 12.78 12.82 18.58 12.88 18.67 34.13 13.98 14.01 34.23 0.32 0.00 0.00 0.00 0.00 0.00 0.00 0.00 0.00 0.00 0.00 0.00
11.48 11.47 11.45 11.44 11.43 11.42 11.42 11.41 11.41 11.41 11.41 11.42 11.42 11.43 11.43 11.44 11.45 11.47 11.48 11.50 11.51 11.53 11.55 11.57 11.59 11.62 11.64 11.67 11.70 11.73 11.76 11.79 11.82 11.85 11.89 11.92 11.96 11.99 12.03 12.07 12.10 12.14 12.17 12.21 12.25 12.29 12.32 12.36 12.40 12.44 18.08 12.51 12.54 18.22 12.62 12.65 12.67 12.71 12.75 12.79 12.82 36.96 37.05 37.00 18.69 47.78 34.18 46.80 0.32 0.00 0.00 0.00 0.00 0.00 0.00 0.00 0.00 0.00 0.00 0.00 0.00
11.47 11.46 11.45 11.44 11.43 11.42 11.42 11.42 11.42 11.42 11.42 11.43 11.44 11.44 11.45 11.46 11.48 11.49 11.51 11.52 11.54 11.56 11.58 11.60 11.63 11.65 11.68 11.70 11.73 11.76 11.79 11.82 11.86 11.89 11.92 11.96 11.99 12.03 12.07 12.10 12.14 12.18 12.22 12.25 12.28 12.32 12.36 12.39 12.43 12.48 12.51 45.47 45.57 12.61 12.65 12.69 3.81 12.75 12.78 12.82 12.86 37.06 37.01 37.10 0.00 0.00 0.00 0.00 0.00 0.00 0.00 0.00 0.00 0.00 0.00 0.00 0.00 0.00 0.00 0.00 0.00
11.47 11.45 11.44 11.44 11.43 11.43 11.43 11.43 11.43 11.43 11.44 11.44 11.45 11.46 11.47 11.49 11.50 11.52 11.53 11.55 11.57 11.59 11.61 11.63 11.66 11.68 11.71 11.74 11.77 11.80 11.83 11.86 11.90 11.93 11.96 12.00 12.03 12.07 12.11 12.14 12.18 12.22 12.25 12.29 13.45 3.71 12.40 12.43 3.74 3.75 13.64 45.58 13.71 13.74 3.80 12.71 3.82 46.20 12.82 12.84 12.89 12.91 46.55 0.00 0.00 0.00 0.00 0.00 0.00 0.00 0.00 0.00 0.00 0.00 0.00 0.00 0.00 0.00 0.00 0.00 0.00
11.46 11.45 11.44 11.44 11.43 11.43 11.43 11.44 11.44 11.45 11.45 11.46 11.47 11.49 35.58 35.62 11.53 11.54 11.56 11.58 11.60 11.62 11.65 11.67 11.70 11.72 11.75 11.78 11.81 11.84 11.87 11.90 11.94 11.97 12.00 12.04 12.07 12.11 12.15 12.18 12.22 12.26 12.30 12.33 12.36 45.05 13.55 12.47 45.38 45.49 45.59 45.70 33.72 33.78 33.84 3.83 33.96 46.32 13.92 3.87 34.05 46.57 0.00 0.00 0.00 0.00 0.00 0.00 0.00 0.00 0.00 0.00 0.00 0.00 0.00 0.00 0.00 0.00 0.00 0.00 0.00
11.46 11.45 11.44 11.44 11.44 11.44 11.44 11.45 11.45 11.46 11.47 11.48 11.50 11.51 11.52 35.70 35.74 11.58 11.59 11.61 11.64 11.66 11.68 11.71 11.73 11.76 11.79 11.82 11.85 11.88 11.91 11.94 11.98 12.01 12.05 12.08 12.12 12.15 12.19 12.23 12.26 12.30 12.34 12.37 12.41 12.44 12.48 13.62 45.51 45.61 45.72 45.82 33.79 33.85 33.91 33.97 34.03 46.44 34.14 34.20 46.59 0.00 0.00 0.00 0.00 0.00 0.00 0.00 0.00 0.00 0.00 0.00 0.00 0.00 0.00 0.00 0.00 0.00 0.00 0.00 0.00
11.46 35.52 11.45 11.45 11.45 16.63 11.46 11.46 11.47 11.48 11.49 11.51 11.52 11.54 11.55 11.57 11.59 11.61 36.02 36.08 16.94 11.70 11.72 11.75 11.77 11.80 11.83 11.86 11.89 11.92 11.95 11.99 12.02 12.06 12.09 12.13 12.16 12.20 12.23 12.27 12.31 12.34 12.38 12.42 12.45 12.49 12.53 12.56 12.60 12.64 12.67 12.69 3.82 34.02 33.86 34.14 46.55 46.65 46.75 34.37 0.00 0.00 0.00 0.00 0.00 0.00 0.00 0.00 0.00 0.00 0.00 0.00 0.00 0.00 0.00 0.00 0.00 0.00 0.00 0.00 0.00
11.46 35.53 11.46 11.46 11.46 11.46 11.47 11.48 11.49 11.50 11.52 11.53 11.55 11.56 11.58 35.94 36.00 36.06 36.12 36.18 36.24 36.31 11.76 11.79 11.81 11.84 11.87 11.90 11.93 11.97 12.00 12.03 12.07 12.10 12.14 12.17 12.21 12.24 12.28 12.32 12.35 12.39 12.43 12.46 12.50 12.53 12.57 12.61 12.64 12.68 12.71 12.75 12.78 12.80 12.84 13.97 46.68 46.78 14.06 14.09 0.00 0.00 0.00 0.00 0.00 0.00 0.00 0.00 0.00 0.00 0.00 0.00 0.00 0.00 0.00 0.00 0.00 0.00 0.00 0.00 0.00
