New_Model_Runs/12_Future_RCP4.5_Scn2_out/post_prcessed_no_MFR/net_infiltration_annual.asc
NCOLS 700
NROWS 400
XLLCENTER 515000.000000
YLLCENTER 8409000.000000
CELLSIZE 50.000000
NODATA_value -999.000000
[rows 216 to 251 of 400, columns 243 to 323 of 700]
77.73 81.35 77.97 77.97 77.97 77.13 77.13 77.13 85.54 80.66 76.50 76.50 76.50 77.68 79.30 79.30 79.30 80.60 80.60 80.60 80.60 80.99 80.99 80.99 80.99 80.86 94.40 94.40 80.81 74.42 74.42 74.42 80.24 75.45 85.08 85.08 74.02 72.78 72.78 72.78 72.78 72.16 72.16 72.16 81.12 71.10 71.10 71.10 71.10 71.02 71.02 71.02 71.02 71.07 71.07 71.07 72.39 71.27 79.48 71.27 71.27 71.27 71.27 71.27 71.27 71.56 71.56 71.56 71.56 71.64 76.40 71.64 81.08 78.33 80.46 84.74 74.76 69.62 74.18 52.20 50.41
77.73 77.97 85.19 82.95 77.97 77.13 81.25 77.13 77.13 76.50 76.50 76.50 76.50 77.68 79.30 79.30 79.30 80.60 80.60 80.60 80.60 80.99 80.99 80.99 94.57 94.40 94.40 80.81 80.81 74.42 74.42 76.99 76.99 73.97 85.08 74.90 79.48 72.78 72.78 72.78 72.78 72.16 72.16 72.16 72.16 71.10 71.10 71.10 71.10 71.02 71.02 71.02 71.02 71.07 71.07 71.07 72.39 74.64 72.63 71.27 71.27 71.27 71.27 80.62 71.27 71.56 71.56 71.56 71.56 71.64 71.64 71.64 81.08 78.33 66.47 68.25 71.77 65.67 64.32 52.20 93.13
77.73 77.97 82.95 82.95 77.97 77.13 77.13 77.13 77.13 76.50 76.50 76.50 76.50 77.68 77.68 79.30 79.30 80.60 80.60 80.60 80.60 94.57 75.82 94.57 91.99 94.40 94.40 80.81 80.81 74.42 76.99 76.99 75.10 74.85 85.08 85.08 74.02 83.45 83.45 72.78 72.78 72.16 72.16 72.16 72.16 71.10 71.10 71.10 71.10 71.02 71.02 71.02 71.02 71.07 71.07 71.07 72.39 71.27 71.27 71.27 71.27 71.27 71.27 71.27 71.27 71.56 71.56 73.27 71.56 71.64 71.64 81.08 78.74 78.33 66.47 70.18 56.01 60.84 60.84 60.84 98.48
77.73 77.97 77.97 77.97 77.97 81.16 77.13 77.13 77.13 76.50 76.50 76.50 76.50 77.68 77.68 79.30 79.30 80.60 80.60 80.60 80.60 94.57 92.35 92.35 95.60 94.40 80.81 80.81 80.81 47.42 47.42 85.00 75.10 74.85 73.97 85.08 85.08 81.69 83.45 83.45 72.78 72.16 72.16 72.16 74.38 82.98 74.33 71.10 71.10 71.02 71.02 71.02 71.02 71.07 71.07 71.07 72.87 71.27 71.27 71.27 71.27 71.27 71.27 76.00 71.27 71.56 71.56 71.56 71.56 71.64 71.64 81.08 77.03 74.50 66.47 56.01 56.01 60.75 52.20 52.20 94.91
77.53 77.55 77.55 77.55 77.55 76.80 76.80 76.80 76.80 77.17 77.17 77.17 77.17 78.29 78.29 80.07 80.07 80.86 80.86 80.86 80.86 94.64 94.97 95.63 93.09 80.72 80.72 80.72 80.72 76.96 81.81 65.90 75.09 71.79 86.35 85.68 85.08 84.62 85.91 92.93 77.70 71.85 71.85 71.85 71.85 24.55 100.53 71.39 71.39 71.76 71.76 71.76 71.76 71.27 71.27 71.27 71.27 71.18 71.18 71.18 71.18 71.39 71.39 80.77 71.39 71.78 73.53 73.53 74.88 74.72 73.20 80.90 76.85 78.77 66.47 56.01 16.80 58.97 60.75 52.20 94.91
77.53 77.55 77.55 77.55 77.55 76.80 76.80 80.80 76.80 77.17 77.17 77.17 77.17 78.29 78.29 78.29 80.07 80.86 80.86 80.86 80.86 137.36 94.97 94.64 81.00 80.72 80.72 80.72 80.72 76.96 75.09 77.35 65.90 70.92 65.69 136.93 86.86 82.85 92.80 82.85 72.30 71.85 71.85 71.85 71.85 71.39 71.87 91.95 76.10 71.76 71.76 71.76 71.76 71.27 71.27 71.27 71.27 71.18 72.52 71.18 71.18 71.39 71.39 81.56 77.55 87.34 73.53 74.88 79.41 48.63 49.88 73.20 76.85 78.88 66.56 56.01 16.80 15.12 18.21 19.99 57.36
83.21 77.55 77.55 77.55 77.55 76.80 76.80 76.80 76.80 77.17 77.17 77.17 77.17 78.29 78.29 78.29 80.07 86.01 80.86 80.86 80.86 138.35 95.63 94.64 81.00 80.72 80.72 80.72 80.72 76.96 90.02 75.09 65.90 78.14 108.17 131.97 86.86 82.85 78.59 72.30 74.34 76.30 71.85 71.85 71.85 81.99 60.15 84.93 84.56 71.76 74.90 73.29 71.76 71.27 71.27 71.27 71.27 71.18 71.18 71.18 72.58 71.39 71.39 81.56 110.06 68.25 75.33 80.61 79.41 48.63 79.39 71.49 71.49 73.47 84.45 56.01 56.01 57.36 94.91 59.62 57.75
77.53 77.55 77.55 77.55 77.55 80.80 76.80 76.80 76.80 77.17 77.17 77.17 77.17 78.29 78.29 78.29 83.47 86.01 80.86 80.86 81.18 127.39 93.09 81.00 81.00 80.72 80.72 80.72 80.72 76.96 74.40 74.40 59.89 108.40 130.85 74.01 74.01 82.85 74.34 77.83 74.34 76.30 71.85 76.30 75.59 72.76 80.99 60.98 63.45 79.89 78.11 79.19 73.29 72.63 71.27 71.27 71.27 71.18 72.52 71.18 72.58 73.07 72.98 112.70 98.73 66.47 70.04 57.79 79.41 79.39 74.72 81.17 73.27 81.84 72.71 98.73 98.73 15.12 15.12 50.10 53.66
77.37 82.26 77.60 77.60 91.76 79.78 79.78 77.15 77.15 77.56 77.56 77.56 77.56 78.39 83.09 82.04 78.39 80.95 85.50 94.51 138.28 124.50 81.79 80.84 80.84 80.55 80.55 80.55 80.55 74.29 81.45 75.01 64.46 141.05 73.51 73.51 73.51 79.15 71.88 73.58 73.58 76.03 76.03 60.27 73.06 72.90 71.44 72.59 65.23 68.66 69.56 78.26 73.52 80.45 71.36 71.36 71.36 71.46 71.46 71.46 72.72 72.95 107.64 71.77 57.79 98.73 18.59 57.79 69.98 79.38 79.38 81.14 25.59 58.83 98.73 57.79 57.79 62.62 50.10 58.83 64.18
77.37 77.60 77.60 77.60 77.60 77.15 80.04 80.04 80.04 77.56 77.56 77.56 77.56 78.39 78.39 78.39 78.39 57.62 98.27 84.67 124.53 86.00 90.95 80.84 80.84 80.55 80.55 80.55 80.55 74.29 76.07 96.03 106.39 86.24 75.30 73.51 73.51 71.88 76.60 71.88 60.27 60.27 60.27 60.27 78.38 71.44 71.44 71.44 117.68 114.62 58.10 102.62 71.92 71.36 75.93 71.36 71.36 71.46 71.46 72.85 71.46 71.29 107.64 60.81 56.01 98.73 100.51 17.89 16.80 78.77 76.92 65.79 58.83 58.83 66.47 66.56 57.79 62.21 60.43 60.43 45.17
78.13 77.12 77.12 77.12 77.12 76.40 76.40 76.40 76.40 77.35 77.35 77.35 77.35 76.43 76.43 79.40 76.43 88.60 81.58 135.61 79.58 84.75 84.75 84.75 79.52 79.27 79.27 79.27 94.02 70.88 72.66 132.22 104.32 85.32 81.75 79.97 70.82 69.12 69.12 73.20 55.44 55.44 55.44 55.44 55.44 68.34 68.34 68.34 70.12 119.59 56.59 85.38 69.63 69.75 68.70 68.14 68.14 75.96 68.24 71.23 75.96 108.54 67.57 56.14 54.14 45.71 88.43 56.14 56.14 88.43 100.43 59.71 13.42 98.85 56.13 54.14 39.67 66.38 66.38 66.38 33.76
78.13 82.83 77.12 77.12 77.12 76.40 76.40 76.40 76.40 77.35 77.35 77.35 77.35 76.43 76.43 76.43 76.43 88.60 132.71 135.61 84.79 88.24 55.85 84.75 83.71 79.27 79.27 81.06 96.78 70.88 72.66 131.78 83.71 81.75 79.97 79.97 70.82 69.12 69.12 69.12 55.44 55.44 55.44 55.44 55.44 68.34 68.34 68.34 80.46 58.74 97.12 68.84 76.88 69.92 68.14 68.14 68.14 71.23 71.23 75.96 46.22 43.09 110.29 56.14 56.14 56.14 56.14 56.14 45.71 15.21 61.48 59.71 12.51 61.14 42.86 10.21 66.43 63.66 52.36 34.29 29.15
78.17 77.40 77.40 77.40 77.40 76.60 76.60 80.44 76.60 77.36 77.36 77.36 77.36 76.37 79.33 76.37 76.37 86.05 132.54 134.24 57.63 88.12 82.05 83.32 79.23 78.92 78.92 80.71 90.29 76.75 124.46 81.75 70.82 69.22 77.90 77.90 69.70 72.61 67.92 67.94 55.44 55.44 55.44 55.44 55.44 68.59 68.59 68.59 80.61 56.96 52.44 111.65 78.77 79.92 70.21 46.22 68.43 68.88 83.04 75.36 55.18 72.07 107.12 56.88 56.43 13.42 13.42 45.71 45.71 56.13 41.20 41.20 104.11 98.19 42.16 10.21 0.00 27.36 0.00 0.00 0.00
81.32 77.40 77.40 77.40 77.40 76.60 80.44 80.44 76.60 77.36 77.36 77.36 77.36 76.37 76.37 81.87 78.81 90.46 82.43 132.54 86.42 90.00 90.00 83.32 79.23 78.92 78.92 82.49 86.95 130.06 70.82 70.82 70.82 69.22 69.22 77.90 77.90 72.61 67.92 67.92 67.92 68.87 68.87 68.87 68.87 68.59 68.59 68.59 81.90 67.65 70.36 98.45 96.89 59.04 80.51 72.26 70.21 68.30 83.33 21.37 51.61 58.66 55.91 90.89 46.39 13.38 49.27 19.81 53.37 45.71 45.71 55.93 53.94 10.21 0.00 0.00 0.00 0.00 0.00 0.00 0.00
78.17 77.40 77.40 77.40 77.40 76.60 85.05 80.44 76.60 77.36 77.36 77.36 77.36 76.37 76.37 76.37 76.37 77.38 90.46 132.54 84.64 84.55 84.55 79.23 79.23 80.11 82.95 102.37 100.35 114.42 71.67 70.82 70.82 69.22 69.22 69.22 72.79 67.92 67.92 67.92 67.92 68.87 68.87 68.87 68.87 68.59 68.59 68.59 83.68 65.87 62.31 17.72 58.45 95.16 53.39 79.92 78.14 68.30 73.13 63.14 96.11 63.23 59.66 16.76 57.56 40.84 57.56 68.79 53.37 46.60 46.60 21.19 13.78 13.78 0.00 0.00 0.00 0.00 0.00 0.00 0.00
78.17 77.40 77.40 77.40 77.40 80.44 80.44 76.60 82.46 77.36 77.36 77.36 77.36 76.37 76.37 76.37 76.37 77.38 77.38 133.18 79.40 83.83 79.23 79.23 88.22 84.37 55.85 84.37 127.08 70.82 70.82 70.82 70.82 69.22 69.22 69.22 69.22 67.92 67.92 67.92 67.92 68.87 68.87 68.87 77.14 72.15 68.59 68.59 78.33 55.18 54.22 54.22 15.23 95.16 94.33 15.48 57.79 126.27 59.27 62.48 63.93 61.12 44.60 87.32 53.37 53.37 44.60 44.60 40.84 46.60 46.60 45.01 0.00 0.00 0.00 0.00 0.00 0.00 0.00 0.00 27.36
78.43 77.32 77.32 77.32 82.88 76.76 76.76 76.76 76.76 77.69 77.69 77.69 77.69 76.17 76.17 76.17 76.17 77.03 82.28 132.97 79.40 79.09 79.99 80.09 79.40 87.58 75.84 88.18 126.78 75.18 69.82 73.60 69.82 68.63 68.63 68.63 68.63 68.30 68.30 68.30 68.30 69.13 69.13 69.13 77.79 78.96 78.96 77.71 76.81 65.89 52.44 52.44 18.53 59.73 57.95 57.79 58.20 53.39 17.27 62.48 45.89 44.60 13.19 87.32 44.60 44.60 44.60 47.28 55.16 40.84 45.25 47.98 52.02 0.00 0.00 0.00 0.00 0.00 0.00 0.00 27.36
78.43 77.32 77.32 88.43 82.88 76.76 76.76 76.76 76.76 77.69 77.69 77.69 77.69 76.17 76.17 76.17 76.17 77.03 77.03 132.97 80.06 85.04 78.78 79.99 77.30 70.38 88.18 68.34 122.59 69.82 73.60 69.82 69.82 68.63 68.63 68.63 68.63 68.30 68.38 68.30 68.30 69.13 69.13 69.13 69.13 69.47 77.71 77.71 65.89 51.61 53.52 53.52 59.73 111.95 15.23 51.61 51.61 56.96 20.53 64.26 53.39 13.38 13.38 56.10 56.10 55.16 46.39 46.39 55.16 56.57 54.67 63.21 52.02 0.00 12.00 0.00 0.00 0.00 0.00 27.36 27.36
78.43 77.32 80.48 77.32 77.32 76.76 76.76 76.76 76.76 77.69 77.69 77.69 77.69 76.17 79.10 76.17 76.17 77.03 77.03 130.59 78.67 80.56 78.78 80.56 71.75 69.96 77.16 111.37 80.28 72.19 69.82 69.82 69.82 68.63 68.63 68.63 68.63 68.30 74.31 68.30 68.30 69.13 69.13 69.13 72.93 68.80 76.81 77.71 62.48 51.61 57.79 57.95 15.73 52.44 52.44 52.44 62.74 64.26 45.89 45.89 45.89 55.78 44.60 14.98 57.88 55.16 44.60 55.78 61.13 68.50 45.72 64.57 51.71 12.00 10.21 10.21 0.00 0.00 0.00 0.00 0.00
78.43 80.48 77.32 77.32 82.88 76.76 76.76 76.76 76.76 77.69 77.69 77.69 77.69 76.17 76.17 76.17 76.17 77.03 87.87 121.70 78.67 78.78 80.56 83.55 88.63 87.48 76.99 127.44 78.50 71.60 71.60 26.01 74.85 68.63 68.63 68.63 68.63 68.30 68.30 68.30 68.30 69.13 69.13 69.13 69.13 76.81 76.81 68.66 68.66 58.20 94.33 62.48 62.48 62.48 62.74 64.60 64.53 71.13 62.74 60.36 60.36 57.56 46.39 44.60 44.60 57.88 57.56 54.79 17.14 61.38 64.81 53.49 10.21 10.21 10.21 10.21 0.00 0.00 0.00 0.00 0.00
85.16 77.03 77.03 77.03 77.03 77.36 77.36 77.36 77.36 78.48 78.48 78.48 78.48 79.28 79.28 76.32 76.32 76.65 90.03 121.52 76.51 76.18 81.50 26.77 26.77 77.67 82.27 121.13 120.38 74.79 19.69 56.72 72.89 71.00 69.22 71.00 69.22 69.13 72.97 69.13 69.13 69.00 69.00 69.00 69.00 77.93 68.11 68.11 112.61 111.38 94.75 66.05 64.26 64.26 65.77 60.92 62.70 70.51 46.14 60.92 46.14 56.94 49.27 47.49 45.50 88.48 56.57 62.85 0.00 0.00 0.00 10.21 51.21 0.00 10.21 10.21 0.00 0.00 0.00 0.00 0.00
77.99 89.31 77.03 77.03 77.03 77.36 77.36 77.36 77.36 78.48 78.48 78.48 78.48 76.32 76.32 76.32 76.32 76.65 78.81 121.52 119.23 118.90 78.34 26.77 20.60 24.97 77.67 119.71 125.95 57.76 17.91 16.12 76.57 73.19 69.22 71.00 71.00 69.13 69.13 69.13 69.13 69.00 69.00 69.44 69.00 85.34 112.61 116.95 53.39 53.39 15.07 61.36 19.05 56.96 56.26 51.61 52.44 52.44 70.91 75.77 60.92 57.92 48.17 71.56 62.51 70.07 111.20 17.14 0.00 0.00 0.00 0.00 0.00 0.00 0.00 0.00 0.00 0.00 0.00 0.00 0.00
77.99 77.03 77.03 77.03 77.03 90.33 77.36 77.36 77.36 78.48 78.48 78.48 78.48 76.32 76.32 76.32 76.32 90.03 120.59 126.66 121.89 76.18 78.34 78.34 26.77 66.02 67.69 109.12 66.40 92.87 57.06 57.06 86.11 69.22 69.22 78.71 80.49 80.45 77.46 69.13 69.13 69.44 69.00 69.00 77.61 60.52 57.79 53.39 16.86 51.61 53.39 51.61 94.33 18.25 55.18 56.96 53.39 17.27 60.36 62.48 60.36 53.38 64.95 62.51 82.96 52.02 14.80 87.75 0.00 0.00 0.00 0.00 0.00 0.00 0.00 0.00 0.00 0.00 0.00 0.00 0.00
77.99 77.03 77.03 77.03 77.03 77.36 77.36 77.36 77.36 78.48 78.48 78.48 81.70 76.32 76.32 78.11 93.29 81.68 111.50 67.11 26.17 80.43 118.90 98.42 61.53 109.12 66.40 77.67 78.41 69.32 74.25 94.09 119.29 120.29 120.29 98.97 98.97 54.47 77.46 25.62 87.18 81.19 69.00 69.00 119.26 59.98 57.79 55.18 55.18 17.27 17.27 51.61 58.20 58.20 20.83 69.44 27.96 58.74 53.39 51.61 62.48 64.68 69.78 60.15 55.59 20.15 18.36 93.81 47.65 0.00 0.00 0.00 0.00 0.00 0.00 0.00 0.00 0.00 0.00 0.00 0.00
77.74 77.39 77.39 77.39 83.04 77.99 77.99 77.99 77.99 79.10 82.43 82.43 79.10 76.54 76.54 91.74 95.09 91.58 76.09 63.54 24.39 61.76 69.68 77.31 19.92 66.40 78.10 77.27 77.27 70.21 77.24 76.57 71.07 69.04 69.04 86.38 94.65 94.65 92.87 92.87 57.76 96.43 111.76 111.76 51.93 16.86 103.08 53.39 53.39 51.61 51.61 15.48 15.48 57.79 20.42 60.52 63.93 56.96 62.48 60.36 81.38 52.42 51.51 103.86 98.44 54.78 51.21 93.92 90.36 0.00 0.00 0.00 0.00 0.00 0.00 0.00 0.00 0.00 0.00 0.00 0.00
77.74 77.39 77.39 77.39 77.39 77.99 77.99 77.99 77.99 82.43 79.10 79.10 79.10 76.54 78.33 99.59 88.73 80.50 76.09 120.59 63.54 62.82 25.45 83.22 78.78 77.27 77.27 77.27 77.27 69.29 70.92 69.29 69.29 74.77 81.39 111.76 70.82 70.87 50.15 53.90 16.60 53.72 53.72 50.15 51.93 17.27 96.11 51.61 51.61 53.82 51.61 51.61 67.43 110.49 25.82 70.89 45.89 70.53 62.48 77.52 27.98 97.28 94.87 54.78 54.78 93.82 95.26 51.10 92.03 92.03 0.00 0.00 0.00 0.00 0.00 0.00 0.00 0.00 0.00 0.00 0.00
72.28 71.87 71.87 71.87 71.87 72.52 72.52 72.52 72.52 75.75 75.75 73.31 73.31 69.61 81.44 25.58 76.19 78.28 78.28 60.08 97.75 96.58 103.71 21.51 69.03 72.11 72.11 72.11 83.12 74.94 74.94 74.94 83.49 83.47 74.62 107.10 64.32 64.36 61.68 61.68 50.40 61.86 48.29 56.27 56.27 52.10 17.57 105.99 64.80 64.76 55.09 46.75 62.40 70.37 63.72 62.09 64.70 46.75 43.28 58.51 74.01 57.91 88.91 90.69 92.47 51.21 92.47 88.91 88.58 87.12 44.08 0.00 0.00 0.00 0.00 0.00 0.00 0.00 0.00 0.00 0.00
72.28 71.87 71.87 71.87 75.07 72.52 72.52 72.52 75.20 80.97 75.75 73.31 73.31 77.87 27.78 60.99 75.56 69.31 111.93 60.08 66.96 65.17 111.46 116.80 57.43 63.33 61.55 61.55 61.55 77.76 74.94 74.94 83.49 76.41 76.68 126.19 66.76 58.30 58.30 61.68 61.68 62.51 58.30 61.68 61.68 62.07 52.10 93.04 64.80 70.37 72.15 55.09 49.37 70.03 64.61 62.51 70.03 58.51 74.51 59.72 62.72 46.83 88.91 89.90 93.93 95.71 95.71 92.15 90.37 88.58 86.80 45.87 0.00 0.00 0.00 0.00 0.00 0.00 0.00 0.00 0.00
72.56 72.35 72.35 75.11 75.11 74.45 72.79 72.79 75.33 70.99 70.99 78.11 77.06 77.68 103.71 17.37 51.94 119.43 119.43 56.82 65.17 65.17 68.74 109.45 68.52 61.55 61.55 61.55 63.68 66.83 74.84 74.84 74.84 76.38 118.60 93.12 53.91 58.30 58.30 58.30 61.68 61.68 50.40 61.68 61.68 55.09 58.66 89.47 113.08 64.55 49.37 61.06 48.54 46.75 89.47 72.13 46.10 59.72 59.72 77.22 71.25 53.96 18.86 88.58 95.74 92.15 92.47 90.69 48.49 88.58 90.37 56.98 41.59 0.00 0.00 0.00 0.00 0.00 0.00 0.00 0.00
72.56 72.35 75.11 77.59 77.34 77.59 74.45 74.45 75.33 70.99 70.99 75.76 75.12 67.21 23.64 100.14 58.30 96.58 56.82 56.82 64.95 70.52 72.30 114.80 118.59 68.68 63.68 61.55 63.68 77.71 74.84 74.84 74.84 77.67 120.38 104.40 63.46 72.84 60.08 61.68 58.30 50.40 58.30 61.68 61.68 64.00 74.57 98.38 55.09 57.50 63.10 64.59 62.25 46.75 89.47 67.00 19.35 47.79 87.12 80.78 74.81 71.81 61.47 84.30 105.39 90.49 90.49 96.04 92.47 88.58 91.21 55.19 12.48 0.00 0.00 0.00 0.00 0.00 0.00 0.00 0.00
72.56 72.35 77.15 72.35 72.35 72.79 74.45 75.33 72.41 72.41 77.54 116.05 67.40 56.82 62.17 63.65 96.58 64.95 68.52 66.74 58.60 68.52 70.52 70.30 60.99 103.71 63.33 66.60 70.17 61.68 74.84 74.84 74.84 61.68 113.78 101.01 52.19 52.19 52.19 15.12 50.40 58.30 15.12 61.68 58.30 65.52 74.54 66.41 57.50 57.50 62.25 62.25 67.49 53.13 58.50 17.57 66.28 16.96 59.24 65.82 65.82 118.31 59.69 14.26 93.51 95.29 90.37 94.26 92.15 87.13 88.58 88.58 86.80 0.00 0.00 0.00 0.00 0.00 0.00 0.00 0.00
72.56 73.30 72.35 72.35 72.35 72.79 72.79 75.33 70.99 75.98 71.01 69.18 62.01 55.04 99.53 96.58 55.64 67.46 59.21 57.43 19.15 19.15 66.96 66.96 68.74 111.46 61.55 66.60 70.17 77.71 74.84 74.84 79.50 63.46 104.40 101.01 69.28 69.27 50.40 50.40 50.40 50.40 93.12 93.12 57.77 61.68 20.75 63.49 57.50 57.50 70.01 62.25 21.00 14.03 56.72 17.57 20.53 18.90 15.33 103.19 58.05 13.41 14.26 14.26 54.81 95.29 95.29 92.47 90.69 88.58 90.69 60.54 59.99 49.30 47.65 0.00 0.00 0.00 0.00 0.00 0.00
75.53 70.19 73.87 73.87 75.47 72.91 72.91 75.55 74.56 22.59 65.31 20.81 60.58 58.30 55.64 68.74 55.64 57.43 59.21 63.17 37.00 66.96 66.96 55.64 66.96 66.96 71.70 52.09 66.60 77.62 74.63 74.63 79.40 63.46 104.40 93.12 75.79 75.66 60.08 65.24 50.40 50.40 58.30 93.12 93.12 51.33 53.11 48.54 57.50 57.50 62.90 68.06 17.57 15.96 56.72 46.78 20.75 17.11 58.05 58.05 14.32 14.26 14.26 14.26 62.32 90.37 95.08 97.07 94.03 93.93 92.47 19.61 17.82 58.76 47.65 0.00 0.00 0.00 0.00 0.00 0.00
79.36 66.29 112.91 71.87 72.41 74.00 72.91 75.55 75.98 64.46 19.03 19.03 59.96 96.58 56.82 66.96 19.72 57.43 57.43 64.95 63.17 63.17 66.96 56.82 57.43 71.04 71.53 76.17 70.17 77.62 74.63 75.91 61.68 50.40 104.40 94.22 61.68 61.68 63.46 55.75 53.97 15.12 50.40 50.40 93.12 51.33 51.33 15.81 14.03 46.75 55.09 50.37 15.78 55.32 96.15 96.15 18.90 59.83 26.19 16.10 16.10 43.37 17.82 87.87 58.76 47.65 95.29 93.51 90.69 124.12 62.64 62.32 21.39 58.76 86.80 0.00 0.00 0.00 0.00 0.00 0.00
87.05 109.20 70.19 103.30 60.58 72.41 82.39 58.39 75.54 110.08 103.30 60.89 60.58 105.89 107.89 73.42 74.13 53.86 64.95 64.95 47.94 63.73 63.73 50.09 65.17 55.64 71.53 77.37 70.17 61.68 61.68 61.68 75.91 61.68 104.40 51.50 75.79 69.06 50.40 50.40 52.19 50.40 51.50 51.50 94.22 51.33 51.33 60.29 46.75 16.53 46.75 89.47 104.42 103.74 99.86 61.82 93.82 52.58 17.89 19.67 79.79 27.54 92.15 92.15 46.19 46.19 16.04 84.30 103.22 109.70 17.82 64.11 21.39 58.76 86.80 0.00 0.00 0.00 0.00 0.00 0.00
85.27 103.30 60.58 60.58 103.30 60.58 60.58 62.01 69.17 117.50 103.30 71.87 71.87 65.17 65.17 116.13 68.95 71.91 63.17 63.17 47.94 48.31 78.23 78.23 48.31 65.51 71.63 63.68 70.17 61.68 58.30 58.30 68.03 78.64 96.00 51.50 59.36 61.68 119.56 93.12 93.12 93.12 57.77 57.77 93.12 94.04 94.04 94.04 94.04 94.84 94.04 123.22 112.69 59.83 61.61 61.61 57.04 52.58 18.31 21.45 60.60 60.54 58.76 86.80 56.98 87.13 58.76 55.19 58.76 62.32 58.76 56.98 60.54 88.58 44.08 44.08 0.00 0.00 0.00 0.00 0.00
