New_Model_Runs/12_Future_RCP4.5_Scn2_out/post_prcessed_no_MFR/net_infiltration_annual.asc
NCOLS 700
NROWS 400
XLLCENTER 515000.000000
YLLCENTER 8409000.000000
CELLSIZE 50.000000
NODATA_value -999.000000
[rows 105 to 139 of 400, columns 390 to 467 of 700]
98.73 98.73 108.72 99.16 108.82 99.16 98.84 98.84 114.87 98.84 96.98 96.98 96.98 96.70 97.36 97.36 97.36 105.36 97.83 97.83 115.57 146.87 138.56 97.46 97.46 109.66 95.81 103.20 95.81 95.81 93.84 93.84 120.70 93.84 93.81 93.81 93.81 93.81 94.94 94.94 122.01 96.35 140.86 121.92 121.92 121.92 120.43 120.43 96.62 96.62 98.05 98.05 98.05 98.05 99.58 113.94 99.58 0.00 0.00 0.00 0.00 0.00 0.00 0.00 54.56 123.77 120.88 120.88 94.95 94.95 94.32 103.54 103.54 119.55 113.33 113.33 123.63 113.33
98.73 98.73 99.16 99.16 99.16 99.16 98.84 98.84 142.74 119.23 96.98 96.98 106.40 96.98 97.36 97.36 97.36 97.36 97.83 97.83 97.83 121.11 120.61 97.46 97.46 97.46 95.81 95.81 95.81 95.81 103.04 93.84 93.84 93.84 93.81 93.81 93.81 93.81 137.16 109.24 96.35 96.35 97.58 97.58 97.58 121.92 120.43 96.62 96.62 96.62 98.05 98.05 98.05 98.05 99.58 99.58 144.69 74.09 0.00 0.00 0.00 0.00 0.00 46.28 28.54 116.82 137.04 134.09 109.55 94.95 94.32 94.32 94.32 128.74 113.33 119.81 113.33 113.33
98.73 98.73 99.16 108.82 99.16 99.16 108.27 98.84 98.84 108.27 96.98 96.98 96.98 96.98 97.78 97.36 97.36 97.36 105.48 97.83 112.40 97.83 120.61 97.46 97.46 97.46 95.81 95.81 95.81 95.81 93.84 93.84 93.84 93.84 93.81 93.81 93.81 96.41 104.22 96.35 96.35 104.22 106.42 97.58 97.58 97.58 96.62 96.62 96.62 96.62 98.05 98.05 98.05 114.41 113.94 100.19 156.83 123.89 79.72 149.90 94.54 74.82 74.82 30.32 119.45 125.00 103.66 94.95 94.95 94.95 94.32 94.32 94.32 119.55 113.33 119.43 113.33 113.33
98.08 98.08 98.01 98.01 98.01 98.01 98.01 98.01 98.01 98.01 96.16 96.16 105.75 105.82 96.47 96.47 107.89 96.17 96.41 96.41 96.41 96.41 96.00 96.00 96.00 115.89 94.55 94.55 94.55 94.55 114.49 114.49 93.46 93.46 93.72 96.32 103.20 96.32 96.61 96.61 96.61 96.61 96.97 105.17 96.97 96.97 97.37 97.37 97.37 97.37 99.62 99.62 99.62 99.62 100.77 173.34 110.55 126.69 36.00 34.22 80.17 76.60 38.61 118.60 130.33 126.23 95.81 95.28 95.28 95.28 94.16 94.16 94.16 119.31 112.70 153.82 89.81 112.70
98.08 107.61 98.01 98.01 98.01 98.01 98.01 98.01 98.01 98.01 96.16 96.16 105.75 96.16 96.47 96.47 108.55 96.17 96.41 96.41 117.40 98.21 97.99 97.99 97.99 97.99 97.17 97.17 104.31 97.17 96.08 96.08 96.08 96.08 96.33 96.32 103.20 96.32 96.61 96.61 96.61 96.61 105.17 105.17 96.97 96.97 97.37 97.37 97.37 97.37 99.62 99.62 99.62 99.62 100.77 173.08 124.90 121.34 121.37 36.00 33.89 155.64 119.45 117.67 117.67 123.06 110.75 111.44 95.28 95.28 94.16 94.16 94.16 94.16 97.00 89.81 89.81 89.81
98.08 98.08 98.01 98.01 98.01 98.01 98.01 98.01 98.01 98.01 106.12 96.16 96.16 105.75 96.47 96.47 96.47 96.47 98.21 98.21 98.21 98.21 97.99 97.99 97.99 97.99 97.17 104.31 97.17 97.17 96.08 96.08 96.08 96.08 96.33 96.33 96.32 96.32 96.61 96.61 103.51 96.61 96.97 105.17 96.97 96.97 97.37 97.37 97.37 97.37 99.62 99.62 99.62 99.62 128.02 84.32 123.12 121.34 123.15 38.75 109.36 176.08 117.67 135.13 116.82 135.90 165.89 122.19 95.28 95.28 94.16 94.16 94.16 94.16 89.81 98.88 89.81 89.81
107.60 98.08 98.01 98.01 115.06 98.01 98.01 98.01 107.60 98.01 108.17 96.16 96.16 96.16 96.47 96.47 96.47 98.15 98.21 98.21 105.51 98.21 97.99 112.48 97.99 97.99 97.17 97.17 97.17 97.17 96.08 96.08 96.08 96.08 96.33 96.33 96.32 96.32 96.61 96.61 96.61 96.61 96.97 96.97 96.97 96.97 97.37 97.37 97.37 97.37 99.62 99.62 99.62 101.41 126.23 128.58 164.06 123.12 121.37 107.18 162.17 121.24 127.06 99.76 129.49 122.46 130.90 123.37 121.35 95.28 103.35 94.16 94.16 94.16 89.81 95.64 89.81 89.81
96.68 106.33 96.86 96.86 96.86 96.86 97.00 97.00 106.69 97.00 94.95 94.95 94.95 94.95 95.13 95.13 95.13 97.39 97.22 97.22 97.22 104.37 104.40 97.17 97.17 97.17 95.80 95.80 95.80 95.80 95.60 95.60 95.60 95.60 96.19 103.32 96.19 96.18 96.06 96.06 102.91 96.06 96.70 96.70 96.70 96.70 98.52 98.52 98.52 98.52 100.18 100.18 100.18 101.96 126.40 126.40 138.35 167.80 121.37 119.59 162.17 125.10 110.78 111.38 95.82 122.22 121.24 121.24 141.52 95.20 94.36 94.36 94.36 94.36 89.62 89.62 89.62 89.62
96.68 96.68 96.86 96.86 96.86 96.86 97.00 97.00 97.00 97.00 94.95 94.95 94.95 94.95 95.13 103.79 95.13 97.39 97.22 97.22 97.22 97.22 97.17 97.17 97.17 97.17 95.80 95.80 95.80 95.80 95.60 95.60 98.51 107.20 96.19 96.19 96.19 96.18 102.44 96.06 110.05 96.06 96.70 96.70 96.70 96.70 98.52 98.52 98.52 98.52 100.18 100.18 100.18 126.64 126.40 126.40 128.18 153.26 108.96 120.01 180.80 132.23 110.78 95.82 95.82 95.82 95.20 95.20 95.20 95.20 94.36 94.36 94.36 108.44 89.62 89.62 89.62 89.62
95.32 95.32 95.50 95.50 95.50 95.50 95.64 95.64 95.64 95.64 96.32 104.70 96.32 96.32 96.50 96.50 96.50 97.91 98.17 98.17 105.30 98.17 110.59 110.59 97.70 97.70 106.40 92.43 92.43 92.43 92.23 100.34 92.23 100.48 92.82 92.82 92.82 92.48 92.36 92.36 92.36 92.36 102.46 93.54 93.54 93.54 95.66 95.66 95.66 95.66 97.34 97.34 123.84 123.84 123.01 123.01 124.03 102.23 73.92 108.28 155.71 141.52 125.41 97.34 96.16 96.16 95.46 95.46 95.46 95.46 94.28 94.28 94.28 108.58 92.51 92.51 92.51 92.51
95.32 95.32 95.50 95.50 95.50 95.50 95.64 95.64 95.64 95.64 96.32 96.32 96.32 96.32 96.50 104.85 105.01 97.91 98.17 98.17 98.17 98.17 110.59 97.70 97.70 104.76 92.43 92.43 92.43 92.43 92.23 92.23 92.23 92.23 92.82 92.82 92.82 92.82 92.36 92.36 92.36 92.36 93.54 93.54 93.54 93.54 95.66 95.66 95.66 95.66 97.34 122.63 131.74 122.63 123.01 124.03 124.03 124.79 127.68 172.34 150.37 105.87 125.59 145.09 96.62 96.16 95.46 95.46 95.46 95.46 94.28 94.28 94.28 94.28 92.51 92.51 92.51 92.51
96.54 96.54 96.43 96.43 96.43 96.43 96.31 96.31 96.31 96.31 96.23 96.23 96.23 96.23 96.40 96.40 97.81 97.81 97.22 97.22 97.22 97.22 112.99 99.36 96.51 96.51 92.94 103.30 92.94 92.94 104.85 93.96 93.96 93.96 94.53 94.53 94.53 94.53 91.91 91.91 91.91 91.91 94.68 94.68 94.68 94.68 95.44 95.44 95.44 95.44 96.60 121.46 121.46 121.46 121.86 121.86 121.86 96.87 98.02 98.02 116.59 70.32 170.80 126.30 124.52 123.88 124.99 110.75 95.82 95.82 94.81 94.81 121.76 121.76 137.89 93.03 93.03 93.03
96.54 96.54 96.43 96.43 96.43 96.43 96.31 96.31 96.31 96.31 96.23 96.23 96.23 96.23 96.40 96.40 105.16 97.81 97.22 97.22 97.22 97.22 96.51 109.05 96.51 96.51 92.94 92.94 92.94 92.94 93.96 93.96 93.96 93.96 94.53 94.53 94.53 94.53 93.90 91.91 91.91 91.91 94.68 94.68 94.68 94.68 95.44 95.44 95.44 95.44 96.60 121.46 121.46 96.60 96.87 96.87 96.87 110.51 98.02 99.42 124.43 136.12 170.80 126.30 123.88 123.88 125.16 124.99 123.31 123.31 123.26 121.76 121.76 121.76 118.58 93.03 100.91 93.03
96.54 96.54 96.43 96.43 96.43 96.43 96.31 96.31 96.31 96.31 96.23 96.23 96.23 96.23 96.40 96.40 97.81 97.81 97.22 97.22 97.22 97.22 96.51 109.05 96.51 96.51 103.30 92.94 92.94 92.94 93.96 93.96 93.96 93.96 94.53 94.53 94.53 94.53 93.90 91.91 91.91 91.91 94.68 94.68 94.68 94.68 104.20 104.24 95.44 95.44 96.60 96.60 96.60 96.60 96.87 96.87 96.87 96.87 99.42 112.69 125.39 127.18 180.47 125.66 123.88 123.88 123.31 133.43 123.31 133.15 121.76 121.76 121.76 121.76 118.58 93.03 93.03 93.03
96.54 96.54 96.43 96.43 96.43 108.55 96.31 96.31 96.31 96.31 96.23 96.23 96.23 96.23 96.40 96.40 97.81 97.81 97.22 97.22 97.22 97.22 96.51 96.51 96.51 96.51 92.94 92.94 92.94 92.94 93.96 93.96 93.96 104.85 94.53 94.53 94.53 94.53 93.90 91.91 91.91 91.91 94.68 94.68 94.68 94.68 95.44 95.44 95.44 95.44 96.60 96.60 96.60 96.60 96.87 105.62 96.87 96.87 98.02 115.95 96.13 123.77 166.60 166.60 125.63 125.63 123.31 123.31 123.31 123.31 94.81 94.81 94.81 94.81 93.03 105.69 100.91 93.03
99.09 112.04 98.67 98.67 98.67 98.67 98.45 98.45 98.45 98.45 98.28 98.28 98.28 98.28 97.34 99.35 112.72 99.35 98.00 98.00 98.00 98.00 98.08 98.08 98.08 98.08 95.01 95.01 95.01 95.01 96.14 108.07 96.14 96.14 96.04 96.04 96.04 96.04 95.56 95.56 94.23 94.23 96.06 96.06 96.06 96.06 95.26 95.26 95.26 95.26 95.09 95.09 95.09 95.09 96.12 96.12 96.12 96.12 97.99 95.94 95.94 123.50 169.95 125.67 134.08 123.89 122.89 110.37 95.53 95.53 94.55 94.55 94.55 94.55 93.45 106.17 101.37 93.45
99.09 99.09 98.67 98.67 98.67 122.49 98.45 98.45 98.45 98.45 98.28 98.28 98.28 98.28 97.34 99.35 99.35 99.35 98.00 98.00 98.00 98.00 98.08 98.08 98.08 98.08 95.01 95.01 95.01 95.01 96.14 108.07 119.95 96.14 96.04 96.04 96.04 96.04 95.56 95.56 94.23 94.23 96.06 96.06 96.06 96.06 95.26 95.26 95.26 95.26 95.09 95.09 103.98 95.09 96.12 96.12 120.54 120.54 123.66 123.50 123.50 125.26 161.09 127.24 144.68 125.63 143.80 95.53 95.53 95.53 94.55 94.55 94.55 94.55 101.37 101.37 93.45 93.45
124.89 123.07 122.49 122.49 122.49 122.49 122.18 123.29 122.18 122.18 120.36 98.28 98.28 98.28 97.34 99.35 99.35 99.35 98.00 98.00 98.00 98.00 98.08 98.08 98.08 98.08 95.01 95.01 95.01 95.01 96.14 108.07 119.95 119.95 96.04 96.04 96.04 109.16 95.56 95.56 95.56 94.23 96.06 96.06 96.06 96.06 95.26 95.26 95.26 95.26 95.09 95.09 95.09 95.09 96.12 120.54 120.54 120.54 123.66 123.50 125.26 133.86 159.31 123.89 123.89 123.89 122.89 95.53 95.53 95.53 94.55 102.79 94.55 94.55 93.45 93.45 93.45 93.45
119.80 119.80 124.60 122.49 122.49 122.49 122.18 122.18 122.18 122.18 120.36 120.36 98.28 98.28 97.34 99.35 99.35 99.35 98.00 98.00 98.00 98.00 98.08 98.08 98.08 98.08 95.01 95.01 95.01 95.01 96.14 119.95 119.95 119.95 119.80 119.80 119.80 119.80 95.56 95.56 95.56 94.23 96.06 96.06 96.06 96.06 95.26 95.26 95.26 95.26 95.09 95.09 107.31 95.09 96.12 96.12 96.12 96.12 97.99 95.94 95.94 125.99 159.31 124.52 123.89 125.45 122.89 95.53 95.53 95.53 94.55 94.55 94.55 94.55 93.45 93.45 93.45 93.45
121.90 119.80 125.02 123.32 125.10 123.32 123.07 123.07 123.07 123.07 121.11 121.11 121.11 98.51 99.66 99.66 99.66 99.66 99.35 99.35 99.35 99.35 99.34 99.34 99.34 99.34 95.93 95.93 95.93 95.93 96.61 120.77 121.68 120.77 121.08 121.08 121.08 122.87 121.74 109.27 96.97 108.92 110.61 122.72 122.72 97.40 96.51 96.51 96.51 121.35 95.03 95.03 114.84 95.03 94.96 94.96 94.96 94.96 97.36 109.91 109.91 110.77 147.70 116.60 136.83 125.03 122.52 122.52 95.33 95.33 94.72 94.72 94.72 94.72 94.20 94.20 94.20 94.20
175.00 128.71 126.93 133.93 135.80 140.05 135.59 129.16 123.07 123.81 121.11 121.11 121.11 98.51 99.66 99.66 99.66 99.66 99.35 99.35 99.35 99.35 99.34 99.34 99.34 99.34 107.80 95.93 107.80 107.80 97.30 121.68 120.77 121.68 121.08 121.41 123.03 125.41 124.45 95.94 95.94 124.45 122.72 122.72 122.72 122.72 123.43 121.35 121.35 123.43 123.01 107.24 95.03 107.24 94.96 94.96 94.96 94.96 97.36 95.24 95.24 95.24 111.28 147.70 123.88 123.88 122.52 122.52 95.33 95.33 94.72 94.72 94.72 94.72 94.20 102.15 94.20 94.20
86.57 46.48 44.70 81.22 87.41 48.26 46.48 42.07 129.03 129.16 124.67 122.89 121.11 121.11 122.69 99.66 99.66 99.66 99.35 99.35 99.35 99.35 99.34 99.34 99.34 99.34 95.93 95.93 96.85 96.85 121.68 106.64 121.17 122.95 123.20 121.41 121.08 121.08 127.32 111.84 138.65 154.70 167.73 165.95 165.95 170.18 166.15 165.85 127.35 123.43 119.45 119.45 95.03 95.03 94.96 94.96 94.96 94.96 97.36 95.24 95.24 95.24 104.03 142.59 97.08 125.03 122.52 122.52 122.52 95.33 94.72 94.72 94.72 102.53 94.20 94.20 94.20 94.20
75.87 0.00 153.68 0.00 0.00 0.00 46.28 79.44 79.44 41.13 138.92 137.14 122.89 121.11 122.69 122.69 99.66 99.66 99.35 99.35 99.35 99.35 99.34 99.34 99.34 99.34 119.65 119.66 96.85 96.75 121.68 123.12 125.25 124.73 115.41 103.07 126.76 106.64 25.18 95.94 78.27 152.92 114.46 113.81 123.23 122.72 123.13 123.13 121.35 123.43 127.75 119.45 138.40 95.03 94.96 94.96 94.96 94.96 97.36 113.86 95.24 95.24 95.65 95.65 95.65 134.44 124.74 132.58 124.10 122.52 94.72 94.72 94.72 94.72 94.20 94.20 94.20 94.20
0.00 0.00 0.00 0.00 0.00 0.00 0.00 0.00 0.00 0.00 79.84 79.84 128.19 126.41 123.10 123.10 99.96 99.96 99.75 99.75 99.75 113.45 113.94 101.22 101.22 101.22 120.02 121.25 123.58 123.20 122.61 126.46 97.72 95.94 101.28 38.41 117.19 113.77 25.18 106.64 108.28 152.92 126.38 123.31 123.07 123.07 122.78 122.04 131.91 123.51 112.45 123.40 110.60 107.89 106.12 94.17 90.97 94.17 96.02 108.36 94.36 94.36 95.26 95.26 122.42 134.12 122.82 122.82 132.89 122.82 142.86 103.64 95.25 112.04 120.61 120.61 120.61 108.39
0.00 0.00 0.00 0.00 0.00 0.00 0.00 0.00 0.00 0.00 0.00 0.00 74.49 75.52 32.81 130.26 126.70 99.96 101.03 114.15 113.45 113.45 100.13 114.54 114.54 114.54 120.02 124.81 125.37 125.37 134.44 90.54 75.78 77.56 142.22 81.12 127.82 151.00 138.65 151.14 138.65 151.14 112.68 125.20 123.07 128.81 122.78 122.04 123.51 123.51 126.80 123.40 95.53 95.53 94.17 90.97 90.97 90.97 94.36 94.36 94.36 94.36 95.26 95.26 122.42 122.42 124.91 124.91 122.82 122.82 159.91 123.96 122.39 122.39 120.61 120.61 136.76 140.38
0.00 0.00 0.00 0.00 0.00 0.00 0.00 0.00 0.00 0.00 0.00 0.00 0.00 0.00 0.00 49.85 83.72 81.94 125.73 104.06 113.77 112.72 112.36 112.91 113.62 98.77 131.48 45.62 118.98 44.97 165.27 43.18 117.20 37.49 44.62 41.06 127.92 80.55 111.85 124.90 125.31 125.74 123.55 120.80 120.51 142.21 139.12 159.14 120.19 119.45 120.05 105.03 105.03 102.38 87.51 87.51 87.51 87.51 96.16 96.15 104.60 96.15 97.52 97.52 125.27 154.09 125.71 125.71 105.66 97.82 145.92 125.25 125.25 125.25 125.74 98.36 106.12 146.04
0.00 0.00 0.00 0.00 0.00 0.00 0.00 0.00 0.00 0.00 0.00 0.00 0.00 0.00 0.00 0.00 0.00 0.00 0.00 172.01 170.23 125.75 124.78 132.32 127.90 42.79 156.35 0.00 82.33 83.77 87.68 120.77 118.98 113.64 130.25 118.98 32.14 32.51 119.26 124.35 125.74 123.20 121.77 120.80 121.59 121.59 119.45 94.92 103.73 94.92 93.27 93.27 93.27 93.27 97.06 87.51 87.51 87.51 96.16 96.15 96.15 96.15 97.52 97.52 97.52 125.27 125.71 97.82 97.82 97.82 125.25 125.25 125.25 125.25 98.36 98.36 98.36 98.36
0.00 0.00 0.00 0.00 0.00 0.00 0.00 0.00 0.00 0.00 0.00 0.00 0.00 0.00 0.00 0.00 0.00 0.00 0.00 0.00 0.00 0.00 48.07 48.07 155.49 155.49 0.00 0.00 0.00 154.57 81.99 122.55 50.31 71.02 111.85 32.14 111.85 110.07 119.96 122.57 123.28 122.88 120.33 120.33 121.53 121.45 103.27 94.27 94.27 94.27 92.43 92.43 92.43 97.06 87.51 87.51 87.51 87.51 96.16 95.67 95.67 95.67 96.64 96.64 123.93 123.93 96.70 96.70 96.70 96.70 124.21 96.83 96.83 96.83 97.74 97.74 97.74 97.74
0.00 0.00 0.00 0.00 0.00 0.00 0.00 0.00 0.00 0.00 0.00 0.00 0.00 0.00 0.00 0.00 0.00 0.00 0.00 0.00 0.00 0.00 0.00 0.00 0.00 0.00 0.00 0.00 0.00 0.00 110.07 82.33 43.18 69.23 117.26 110.07 108.29 111.85 33.93 126.44 122.88 130.33 121.53 128.51 120.33 104.11 94.27 94.27 94.27 94.27 92.43 101.63 92.43 92.43 101.95 97.06 87.51 87.51 96.16 95.67 95.67 95.67 96.64 123.93 123.93 96.64 96.70 96.70 96.70 96.70 96.83 105.30 96.83 96.83 97.74 97.74 97.74 97.74
0.00 0.00 0.00 0.00 0.00 0.00 0.00 0.00 0.00 0.00 0.00 0.00 0.00 0.00 0.00 0.00 0.00 0.00 0.00 0.00 0.00 0.00 0.00 0.00 0.00 0.00 0.00 0.00 0.00 0.00 0.00 0.00 49.85 118.98 39.62 37.83 115.42 117.20 127.36 124.66 99.58 99.58 104.66 120.33 95.71 95.71 94.27 94.27 94.27 94.27 92.43 92.43 92.43 92.43 87.51 87.51 87.51 87.51 96.16 96.16 95.67 95.67 111.35 96.64 96.64 96.64 96.70 96.70 96.70 96.70 96.83 96.83 96.83 96.83 97.74 97.74 106.16 97.74
0.00 0.00 0.00 0.00 0.00 0.00 0.00 0.00 0.00 0.00 0.00 0.00 0.00 0.00 0.00 0.00 0.00 0.00 0.00 0.00 0.00 0.00 0.00 0.00 0.00 0.00 0.00 0.00 0.00 0.00 0.00 0.00 0.00 81.35 39.27 120.77 87.68 113.64 128.62 99.58 99.58 99.58 95.71 95.71 95.71 95.71 94.27 94.27 94.27 94.27 92.43 92.43 87.51 87.51 97.06 87.51 87.51 87.51 96.16 96.16 95.67 95.67 106.52 96.64 96.64 96.16 96.16 96.16 96.70 96.70 96.83 96.83 105.21 96.83 97.74 106.05 97.74 97.74
0.00 0.00 0.00 0.00 0.00 0.00 0.00 0.00 0.00 0.00 0.00 0.00 0.00 0.00 0.00 0.00 0.00 0.00 0.00 0.00 0.00 0.00 0.00 0.00 0.00 0.00 0.00 0.00 0.00 0.00 0.00 0.00 0.00 0.00 39.27 84.12 181.05 106.81 99.23 99.23 99.23 99.23 94.39 94.39 94.39 94.39 92.66 92.66 92.66 92.66 91.09 87.51 87.51 87.51 97.06 87.51 87.51 87.51 96.16 96.16 96.16 96.16 96.16 96.16 96.16 96.16 96.16 96.02 103.59 96.02 96.46 96.46 96.46 96.46 97.25 97.25 97.25 97.25
0.00 0.00 0.00 0.00 0.00 0.00 0.00 0.00 0.00 0.00 0.00 0.00 0.00 0.00 0.00 0.00 0.00 0.00 0.00 0.00 0.00 0.00 0.00 0.00 0.00 0.00 0.00 0.00 0.00 0.00 0.00 0.00 0.00 0.00 76.64 80.55 105.03 101.47 106.38 99.23 99.23 106.38 103.17 94.39 94.39 94.39 94.56 92.66 92.66 100.62 91.09 87.51 87.51 87.51 87.51 87.51 87.51 87.51 96.16 96.16 116.37 106.52 96.16 96.16 96.16 96.16 96.16 96.16 96.16 96.02 96.46 96.46 96.46 96.46 97.25 97.25 97.25 97.25
0.00 0.00 0.00 0.00 0.00 0.00 0.00 0.00 0.00 0.00 0.00 0.00 0.00 0.00 0.00 0.00 0.00 0.00 0.00 0.00 0.00 0.00 0.00 0.00 0.00 0.00 0.00 0.00 0.00 0.00 0.00 0.00 0.00 0.00 44.50 111.85 106.48 99.68 106.38 99.23 99.23 99.23 94.39 103.17 94.39 94.39 105.70 92.66 92.66 87.51 87.51 87.51 87.51 87.51 87.51 87.51 87.51 87.51 96.16 96.16 96.16 96.16 96.16 96.16 96.16 96.16 96.16 96.16 96.16 96.02 96.46 96.46 96.46 96.46 97.25 97.25 97.25 97.25
0.00 0.00 0.00 0.00 0.00 0.00 0.00 0.00 0.00 0.00 0.00 0.00 0.00 0.00 0.00 0.00 0.00 0.00 0.00 0.00 0.00 0.00 0.00 0.00 0.00 0.00 0.00 0.00 0.00 0.00 0.00 0.00 0.00 0.00 0.00 106.81 99.68 99.68 99.23 99.23 99.23 99.23 94.39 94.39 94.39 94.39 85.02 85.02 87.51 87.51 87.51 87.51 87.51 87.51 87.51 87.51 87.51 87.51 96.16 96.16 100.24 96.16 96.16 96.16 96.16 96.16 96.02 96.02 96.02 96.02 104.79 96.46 96.46 96.46 105.67 97.25 97.25 97.25
