New_Model_Runs/6_FutureClimate_RCP45_out/post_prcessed_with_MFR/Monthly_summaries/actual_et_monthly_SEP.asc
NCOLS 700
NROWS 400
XLLCENTER 515000.000000
YLLCENTER 8409000.000000
CELLSIZE 50.000000
NODATA_value -999.000000
[rows 190 to 227 of 400, columns 252 to 335 of 700]
1.21 1.21 1.21 1.21 1.10 1.10 1.10 1.10 1.10 1.10 1.10 1.10 1.10 1.10 1.10 1.10 1.10 1.10 1.10 1.10 1.08 1.08 1.08 1.08 1.08 1.08 1.08 1.08 1.08 1.08 1.08 1.08 1.08 1.08 1.08 1.08 1.00 1.00 1.00 1.00 1.00 1.00 1.00 1.00 1.00 1.00 1.00 1.00 1.00 1.00 1.00 1.00 1.04 1.04 1.04 1.04 1.04 1.04 1.04 1.04 1.04 1.04 1.04 1.04 1.04 1.04 1.04 1.04 0.88 0.88 0.88 0.88 0.88 0.88 0.88 0.88 0.88 0.88 0.88 0.88 0.88 0.88 2.94 2.94
1.21 1.21 1.21 1.21 1.10 1.10 1.10 1.10 1.10 1.10 1.10 1.10 1.10 1.10 1.10 1.10 1.10 1.10 1.10 1.10 1.08 1.08 1.08 1.08 1.08 1.08 1.08 1.08 1.08 1.08 1.08 1.08 1.08 1.08 1.08 1.08 1.00 1.00 1.00 1.00 1.00 1.00 1.00 1.00 1.00 1.00 1.00 1.00 1.00 1.00 1.00 1.00 1.04 1.04 1.04 1.04 1.04 1.04 1.04 1.04 1.04 1.04 1.04 1.04 1.04 1.04 1.04 1.04 0.88 0.88 0.88 0.88 0.88 0.88 0.88 0.88 0.88 0.88 0.88 0.88 0.88 0.88 0.88 0.88
1.21 1.21 1.21 1.21 1.10 1.10 1.10 1.10 1.10 1.10 1.10 1.10 1.10 1.10 1.10 1.10 1.10 1.10 1.10 1.10 1.08 1.08 1.08 1.08 1.08 1.08 1.08 1.08 1.08 1.08 1.08 1.08 1.08 1.08 1.08 1.08 1.00 1.00 1.00 1.00 1.00 1.00 1.00 1.00 1.00 1.00 1.00 1.00 1.00 1.00 1.00 1.00 1.04 1.04 1.04 1.04 1.04 1.04 1.04 1.04 1.04 1.04 1.04 1.04 1.04 1.04 1.04 1.04 0.88 0.88 0.88 0.88 0.88 0.88 0.88 0.88 0.88 0.88 0.88 0.88 0.88 0.88 0.88 0.88
1.21 1.21 1.21 1.21 1.10 1.10 1.10 1.10 1.10 1.10 1.10 1.10 1.10 1.10 1.10 1.10 1.10 1.10 1.10 1.10 1.08 1.08 1.08 1.08 1.08 1.08 1.08 1.08 1.08 1.08 1.08 1.08 1.08 1.08 1.08 1.08 1.00 1.00 1.00 1.00 1.00 1.00 1.00 1.00 1.00 1.00 1.00 1.00 1.00 1.00 1.00 1.00 1.04 1.04 1.04 1.04 1.04 1.04 1.04 1.04 1.04 1.04 1.04 1.04 1.04 1.04 1.04 1.04 0.88 0.88 0.88 0.88 0.88 0.88 0.88 0.88 0.88 0.88 0.88 0.88 0.88 0.88 0.88 0.88
1.15 1.15 1.15 1.15 1.00 1.00 1.00 1.00 1.00 1.00 1.00 1.00 1.00 1.00 1.00 1.00 1.00 1.00 1.00 1.00 0.97 0.97 0.97 0.97 0.97 0.97 0.97 0.97 0.97 0.97 0.97 0.97 0.97 0.97 0.97 0.97 1.04 1.04 1.04 1.04 1.04 1.04 1.04 1.04 1.04 1.04 1.04 1.04 1.04 1.04 1.04 1.04 0.90 0.90 0.90 0.90 0.90 0.90 0.90 0.90 0.90 0.90 0.90 0.90 0.90 0.90 0.90 0.90 0.90 0.90 0.90 0.90 0.90 0.90 0.90 0.90 0.90 1.32 0.90 0.90 0.90 0.90 0.90 0.90
1.15 1.15 1.15 1.15 1.00 1.00 1.00 1.00 1.00 1.00 1.00 1.00 1.00 1.00 1.00 1.00 1.00 1.00 1.00 1.00 0.97 0.97 0.97 0.97 0.97 0.97 0.97 0.97 0.97 0.97 0.97 0.97 0.97 0.97 0.97 0.97 1.04 1.04 1.04 1.04 1.04 1.04 1.04 1.04 1.04 1.04 1.04 1.04 1.04 1.04 1.04 1.04 0.90 0.90 0.90 0.90 0.90 0.90 1.32 0.90 0.90 0.90 0.90 0.90 0.90 0.90 0.90 0.90 0.90 0.90 0.90 0.90 0.90 0.90 0.90 0.90 0.90 0.90 0.90 0.90 0.90 0.90 0.90 0.90
1.15 1.15 1.15 1.15 1.00 1.00 1.00 1.00 1.00 1.00 1.00 1.00 1.00 1.00 1.00 1.00 1.00 1.00 1.00 1.00 0.97 0.97 0.97 0.97 0.97 0.97 0.97 0.97 0.97 0.97 0.97 0.97 0.97 0.97 0.97 0.97 1.04 1.04 1.04 1.04 1.04 1.04 1.04 1.04 1.04 1.04 1.04 1.04 1.04 1.04 1.04 1.04 0.90 0.90 0.90 0.90 0.90 0.90 0.90 0.90 0.90 0.90 0.90 0.90 0.90 0.90 0.90 0.90 0.90 0.90 0.90 0.90 0.90 0.90 0.90 0.90 0.90 0.90 0.90 0.90 0.90 0.90 0.90 0.90
1.15 1.15 1.15 1.15 1.00 1.00 1.00 1.00 1.00 1.00 1.00 1.00 1.00 1.00 1.00 1.00 1.00 1.00 1.00 1.00 0.97 0.97 0.97 0.97 0.97 0.97 0.97 0.97 0.97 0.97 0.97 0.97 0.97 0.97 0.97 0.97 1.04 1.04 1.04 1.04 1.04 1.04 1.04 1.04 1.04 1.04 1.04 1.04 1.04 1.04 1.04 1.04 0.90 0.90 0.90 0.90 2.99 2.99 0.90 0.90 0.90 0.90 0.90 0.90 0.90 0.90 0.90 0.90 0.90 0.90 0.90 0.90 0.90 0.90 0.90 0.90 0.90 0.90 0.90 0.90 0.90 0.90 0.90 0.90
1.15 1.15 1.15 1.15 1.00 1.00 1.00 1.00 1.00 1.00 1.00 1.00 1.00 1.00 1.00 1.00 1.00 1.00 1.00 1.00 0.97 0.97 0.97 0.97 0.97 0.97 0.97 0.97 0.97 0.97 0.97 0.97 0.97 0.97 0.97 0.97 1.04 1.04 1.04 1.04 1.04 1.04 1.04 1.04 1.04 1.04 1.04 1.04 1.04 1.04 1.04 1.04 0.90 0.90 0.90 0.90 0.90 0.90 0.90 0.90 0.90 0.90 0.90 0.90 0.90 0.90 0.90 0.90 0.90 0.90 0.90 0.90 0.90 0.90 0.90 0.90 0.90 0.90 0.90 0.90 0.90 0.90 0.90 0.90
1.15 1.15 1.15 1.15 1.00 1.00 1.00 1.00 1.00 1.00 1.00 1.00 1.00 1.00 1.00 1.00 1.00 1.00 1.00 1.00 0.97 0.97 0.97 0.97 0.97 0.97 0.97 0.97 0.97 0.97 0.97 0.97 0.97 0.97 0.97 0.97 1.04 1.04 1.04 1.04 1.04 1.04 1.04 1.04 1.04 1.04 1.04 1.04 1.04 1.04 1.04 1.04 0.90 0.90 0.90 0.90 0.90 0.90 0.90 0.90 0.90 0.90 0.90 0.90 0.90 0.90 0.90 0.90 0.90 0.90 0.90 0.90 0.90 0.90 0.90 0.90 0.90 0.90 0.90 0.90 0.90 0.90 0.90 0.90
1.15 1.15 1.15 1.15 1.00 1.00 1.00 1.00 1.00 1.00 1.00 1.00 1.00 1.00 1.00 1.00 1.00 1.00 1.00 1.00 0.97 0.97 0.97 0.97 0.97 0.97 0.97 0.97 0.97 0.97 0.97 0.97 0.97 0.97 0.97 0.97 1.04 1.04 1.04 1.04 1.04 1.04 1.04 1.04 1.04 1.04 1.04 1.04 1.04 1.04 1.04 1.04 0.90 0.90 0.90 0.90 0.90 0.90 0.90 0.90 0.90 0.90 0.90 0.90 0.90 0.90 0.90 0.90 0.90 0.90 0.90 0.90 0.90 0.90 0.90 0.90 0.90 0.90 0.90 0.90 0.90 0.90 0.90 0.90
1.15 1.15 1.15 1.15 1.00 1.00 1.00 1.00 1.00 1.00 1.00 1.00 1.00 1.00 1.00 1.00 1.00 1.00 1.00 1.00 0.97 0.97 0.97 0.97 0.97 0.97 0.97 0.97 0.97 0.97 0.97 0.97 0.97 0.97 0.97 0.97 1.04 1.04 1.04 1.04 1.04 1.04 1.04 1.04 1.04 1.04 1.04 1.04 1.04 1.04 1.04 1.04 0.90 0.90 0.90 0.90 0.90 0.90 0.90 0.90 0.90 0.90 0.90 0.90 0.90 0.90 0.90 0.90 0.90 0.90 0.90 0.90 0.90 0.90 0.90 0.90 0.90 0.90 0.90 0.90 0.90 0.90 0.90 0.90
1.15 1.15 1.15 1.15 1.00 1.00 1.00 1.00 1.00 1.00 1.00 1.00 1.00 1.00 1.00 1.00 1.00 1.00 1.00 1.00 0.97 0.97 0.97 0.97 0.97 0.97 0.97 0.97 0.97 0.97 0.97 0.97 0.97 0.97 0.97 0.97 1.04 1.04 1.04 1.04 1.04 1.04 1.04 1.04 1.04 1.04 1.04 1.04 1.04 1.04 1.04 1.04 0.90 0.90 0.90 0.90 0.90 0.90 0.90 0.90 0.90 0.90 0.90 0.90 0.90 0.90 0.90 0.90 0.90 0.90 0.90 0.90 0.90 0.90 0.90 0.90 0.90 0.90 0.90 0.90 0.90 0.90 0.90 0.90
1.15 1.15 1.15 1.15 1.00 1.00 1.00 1.00 1.00 1.00 1.00 1.00 1.00 1.00 1.00 1.00 1.00 1.00 1.00 1.00 0.97 0.97 0.97 0.97 0.97 0.97 0.97 0.97 0.97 0.97 0.97 0.97 0.97 0.97 0.97 0.97 1.04 1.04 1.04 1.04 1.04 1.04 1.04 1.04 1.04 1.04 1.04 1.04 1.04 1.04 1.04 1.04 0.90 0.90 0.90 0.90 0.90 0.90 0.90 0.90 0.90 0.90 0.90 0.90 0.90 0.90 0.90 0.90 0.90 0.90 0.90 0.90 0.90 0.90 0.90 0.90 0.90 0.90 0.90 0.90 0.90 0.90 0.90 0.90
1.15 1.15 1.15 1.15 1.00 1.00 1.00 1.00 1.00 1.00 1.00 1.00 1.00 1.00 1.00 1.00 1.00 1.00 1.00 1.00 0.97 0.97 0.97 0.97 0.97 0.97 0.97 0.97 0.97 0.97 0.97 0.97 0.97 0.97 0.97 0.97 1.04 1.04 1.04 1.04 1.04 1.04 1.04 1.04 1.04 1.04 1.04 1.04 1.04 1.04 1.04 1.04 0.90 0.90 0.90 0.90 0.90 0.90 0.90 0.90 0.90 0.90 0.90 0.90 0.90 0.90 0.90 0.90 0.90 0.90 0.90 0.90 0.90 0.90 0.90 0.90 0.90 0.90 0.90 0.90 0.90 0.90 0.90 0.90
1.15 1.15 1.15 1.15 1.00 1.00 1.00 1.00 1.00 1.00 1.00 1.00 1.00 1.00 1.00 1.00 1.00 1.00 1.00 1.00 0.97 0.97 0.97 0.97 0.97 0.97 0.97 0.97 0.97 0.97 0.97 0.97 0.97 0.97 0.97 0.97 1.04 1.04 1.04 1.04 1.04 1.04 1.04 1.04 1.04 1.04 1.04 1.04 1.04 1.04 1.04 1.04 0.90 0.90 0.90 0.90 0.90 0.90 0.90 0.90 0.90 0.90 0.90 0.90 0.90 0.90 0.90 0.90 0.90 0.90 0.90 0.90 0.90 0.90 0.90 0.90 0.90 0.90 0.90 0.90 0.90 0.90 0.90 0.90
1.15 1.15 1.15 1.15 1.00 1.00 1.00 1.00 1.00 1.00 1.00 1.00 1.00 1.00 1.00 1.00 1.00 1.00 1.00 1.00 0.97 0.97 0.97 0.97 0.97 0.97 0.97 0.97 0.97 0.97 0.97 0.97 0.97 0.97 0.97 0.97 1.04 1.04 1.04 1.04 1.04 1.04 1.04 1.04 1.04 1.04 1.04 1.04 1.04 1.04 1.04 1.04 0.90 0.90 0.90 0.90 0.90 0.90 0.90 0.90 0.90 0.90 0.90 0.90 0.90 0.90 0.90 0.90 0.90 0.90 0.90 0.90 0.90 0.90 0.90 0.90 0.90 0.90 0.90 0.90 0.90 0.90 0.90 0.90
1.15 1.15 1.15 1.15 1.00 1.00 1.00 1.00 1.00 1.00 1.00 1.00 1.00 1.00 1.00 1.00 1.00 1.00 1.00 1.00 0.97 0.97 0.97 0.97 0.97 0.97 0.97 0.97 0.97 0.97 0.97 0.97 0.97 0.97 0.97 0.97 1.04 1.04 1.04 1.04 1.04 1.04 1.04 1.04 1.04 1.04 1.04 1.04 1.04 1.04 1.04 1.04 0.90 0.90 0.90 0.90 0.90 0.90 0.90 0.90 0.90 0.90 0.90 0.90 0.90 0.90 0.90 0.90 0.90 0.90 0.90 0.90 0.90 0.90 0.90 0.90 0.90 0.90 0.90 0.90 0.90 0.90 0.90 0.90
1.15 1.15 1.15 1.15 1.00 1.00 1.00 1.00 1.00 1.00 1.00 1.00 1.00 1.00 1.00 1.00 1.00 1.00 1.00 1.00 0.97 0.97 0.97 0.97 0.97 0.97 0.97 0.97 0.97 0.97 0.97 0.97 0.97 0.97 0.97 0.97 1.04 1.04 1.04 1.04 1.04 1.04 1.04 1.04 1.04 1.04 1.04 1.04 1.04 1.04 1.04 1.04 0.90 0.90 0.90 0.90 0.90 0.90 0.90 0.90 0.90 0.90 0.90 0.90 0.90 0.90 0.90 0.90 0.90 0.90 0.90 0.90 0.90 0.90 0.90 2.99 0.90 0.90 0.90 0.90 0.90 0.90 0.90 0.90
1.15 1.15 1.15 1.15 1.00 1.00 1.00 1.00 1.00 1.00 1.00 1.00 1.00 1.00 1.00 1.00 1.00 1.00 1.00 1.00 0.97 0.97 0.97 0.97 0.97 0.97 0.97 0.97 0.97 0.97 0.97 0.97 0.97 0.97 0.97 0.97 1.04 1.04 1.04 1.04 1.04 1.04 1.04 1.04 1.04 1.04 1.04 1.04 1.04 1.04 1.04 1.04 0.90 0.90 0.90 0.90 0.90 0.90 0.90 0.90 0.90 0.90 0.90 0.90 0.90 0.90 0.90 0.90 0.90 0.90 0.90 0.90 0.90 3.53 0.90 2.99 0.90 0.90 0.90 0.90 0.90 0.90 0.90 0.90
1.01 1.01 1.01 1.01 0.93 0.93 0.93 0.93 0.93 0.93 0.93 0.93 0.93 0.93 0.93 0.93 0.93 0.93 0.93 0.93 1.07 1.07 1.07 1.07 1.07 1.07 1.07 1.07 1.07 1.07 1.07 1.07 1.07 1.07 1.07 1.07 1.06 1.06 1.06 1.06 1.06 1.06 1.06 1.06 1.06 1.06 1.06 1.06 1.06 1.06 1.06 1.06 0.98 0.98 0.98 0.98 0.98 0.98 0.98 0.98 0.98 3.10 0.98 0.98 0.98 0.98 0.98 0.98 1.01 1.01 2.51 2.51 2.51 3.92 3.06 3.33 1.01 1.01 1.01 1.01 1.01 1.01 1.01 1.01
1.01 1.01 1.01 1.01 0.93 0.93 0.93 0.93 0.93 0.93 0.93 0.93 0.93 0.93 0.93 0.93 0.93 0.93 0.93 0.93 1.07 1.07 1.07 1.07 1.07 1.07 1.07 1.07 1.07 1.07 1.07 1.07 1.07 1.07 1.07 1.07 1.06 1.06 1.06 1.06 1.06 1.06 1.06 1.06 1.06 1.06 1.06 1.06 1.06 1.06 1.06 1.06 0.98 0.98 0.98 0.98 0.98 0.98 0.98 0.98 0.98 0.98 0.98 3.10 0.98 0.98 0.98 0.98 1.01 1.01 3.33 3.06 3.06 1.01 1.01 1.01 1.01 1.01 1.01 1.01 1.01 1.01 1.01 1.01
1.01 1.01 1.01 1.01 0.93 0.93 0.93 0.93 0.93 0.93 0.93 0.93 0.93 0.93 0.93 0.93 0.93 0.93 0.93 0.93 1.07 1.07 1.07 1.07 1.07 1.07 1.07 1.07 1.07 1.07 1.07 1.07 1.07 1.07 1.07 1.07 1.06 1.06 1.06 1.06 1.06 1.06 1.06 1.06 1.06 1.06 1.06 1.06 1.06 1.06 1.06 1.06 0.98 0.98 0.98 0.98 0.98 0.98 0.98 0.98 0.98 0.98 0.98 1.43 3.10 0.98 0.98 3.26 3.33 1.01 3.92 3.33 3.92 3.06 1.01 1.01 1.01 1.01 1.01 1.01 1.01 1.01 1.01 1.01
1.01 1.01 1.01 1.01 0.93 0.93 0.93 0.93 0.93 0.93 0.93 0.93 0.93 0.93 0.93 0.93 0.93 0.93 0.93 0.93 1.07 1.07 1.07 1.07 1.07 1.07 1.07 1.07 1.07 1.07 1.07 1.07 1.07 1.07 1.07 1.07 1.06 1.06 1.06 1.06 1.06 1.06 1.06 1.06 1.06 1.06 1.06 1.06 1.06 1.06 1.06 1.06 0.98 0.98 0.98 0.98 0.98 0.98 0.98 0.98 0.98 0.98 0.98 0.98 3.10 0.98 0.98 3.26 3.36 3.92 3.92 3.33 3.06 3.06 1.01 1.01 1.01 1.01 1.01 1.01 1.01 1.01 1.01 1.01
1.01 1.01 1.01 1.01 0.93 0.93 0.93 0.93 0.93 0.93 0.93 0.93 0.93 0.93 0.93 0.93 0.93 0.93 0.93 0.93 1.07 1.07 1.07 1.07 1.07 1.07 1.07 1.07 1.07 1.07 1.07 1.07 1.07 1.07 1.07 1.07 1.06 1.06 1.06 1.06 1.06 1.06 1.06 1.06 1.06 1.06 1.06 1.06 1.06 1.06 1.06 1.06 0.98 0.98 0.98 0.98 0.98 0.98 0.98 0.98 0.98 0.98 0.98 1.43 0.98 0.98 0.98 0.98 3.36 3.97 3.97 3.06 3.06 1.01 1.01 1.01 1.01 1.01 1.01 1.01 1.01 1.01 1.01 1.01
1.01 1.01 1.01 1.01 0.93 0.93 0.93 0.93 0.93 0.93 0.93 0.93 0.93 0.93 0.93 0.93 0.93 0.93 0.93 0.93 1.07 1.07 1.07 1.07 1.07 1.07 1.07 1.07 1.07 1.07 1.07 1.07 1.07 1.07 1.07 1.07 1.06 1.06 1.06 1.06 1.06 1.06 1.06 1.06 1.06 1.06 1.06 1.06 1.06 1.06 1.06 1.06 0.98 0.98 0.98 0.98 0.98 0.98 0.98 0.98 0.98 0.98 0.98 0.98 2.97 0.98 0.98 0.98 1.01 3.06 3.97 3.06 3.06 1.01 3.34 1.01 1.01 1.01 1.01 1.01 1.01 1.01 1.01 1.01
1.01 1.01 1.01 1.01 0.93 0.93 0.93 0.93 0.93 0.93 0.93 0.93 0.93 0.93 0.93 0.93 0.93 0.93 0.93 0.93 1.07 1.07 1.07 1.07 1.07 1.07 1.07 1.07 1.07 1.07 1.07 1.07 1.07 1.07 1.07 1.07 1.06 1.06 1.06 1.06 1.06 1.06 1.06 1.06 1.06 1.06 1.06 1.06 1.06 3.35 1.06 1.06 0.98 0.98 0.98 0.98 0.98 0.98 0.98 0.98 0.98 0.98 0.98 0.98 2.97 2.97 3.26 3.26 3.36 3.06 3.97 3.97 3.06 3.36 3.33 1.01 1.01 1.01 1.01 1.01 1.01 1.01 1.01 1.01
1.01 1.01 1.01 1.01 0.93 0.93 0.93 0.93 0.93 0.93 0.93 0.93 0.93 0.93 0.93 0.93 0.93 0.93 0.93 0.93 1.07 1.07 1.07 1.07 1.07 1.07 3.57 1.07 1.07 1.07 1.07 1.07 1.07 1.07 1.07 1.07 1.06 1.06 1.06 1.06 1.06 1.06 1.06 1.06 1.06 1.06 1.06 1.06 1.55 1.06 1.06 1.06 0.98 0.98 0.98 0.98 0.98 0.98 0.98 0.98 0.98 0.98 0.98 0.98 2.97 2.97 2.97 2.97 3.06 3.97 3.97 3.97 2.56 3.36 3.36 1.01 1.01 1.01 1.01 1.01 1.01 1.01 1.01 1.01
1.01 1.01 1.01 1.01 0.93 0.93 0.93 0.93 0.93 0.93 0.93 0.93 0.93 2.95 0.93 0.93 0.93 0.93 0.93 0.93 1.07 1.07 1.07 3.58 3.58 1.07 1.07 1.07 1.07 1.07 1.07 1.07 1.07 1.07 1.07 1.07 1.06 1.06 1.06 1.06 1.06 1.06 1.06 1.06 1.06 1.06 1.06 1.06 1.06 1.06 1.06 1.06 0.98 0.98 0.98 0.98 0.98 0.98 0.98 0.98 0.98 0.98 0.98 1.43 2.97 3.26 3.26 3.85 3.06 3.97 3.97 3.97 3.97 3.36 3.97 3.24 2.56 3.49 1.01 1.01 1.01 3.15 3.92 2.27
1.01 1.01 1.01 1.01 0.93 0.93 0.93 0.93 0.93 0.93 0.93 0.93 0.93 2.82 2.82 3.10 0.93 0.93 0.93 0.93 1.07 3.40 3.40 3.58 3.58 1.07 1.07 1.07 1.57 1.07 1.07 1.07 1.07 1.07 1.07 3.57 3.52 3.53 1.06 1.06 1.06 1.06 1.06 1.06 1.06 1.06 1.06 1.06 1.06 1.06 1.06 1.06 0.98 0.98 0.98 0.98 0.98 0.98 0.98 0.98 0.98 0.98 0.98 0.98 2.97 2.97 3.85 3.85 3.36 3.97 3.97 3.97 3.97 3.97 2.56 2.56 2.56 2.56 2.56 3.24 2.56 3.24 2.56 3.24
1.01 1.01 1.01 1.01 0.93 0.93 0.93 0.93 0.93 0.93 0.93 0.93 0.93 2.82 3.10 3.10 0.93 0.93 0.93 0.93 1.07 3.40 3.58 3.58 3.57 3.57 3.25 1.07 1.07 1.07 1.07 1.07 1.07 1.07 1.07 1.07 0.32 4.16 1.06 1.06 1.06 1.06 1.06 1.06 1.06 1.06 1.06 1.06 1.06 1.06 1.06 1.06 0.98 0.98 0.98 0.98 0.98 0.98 0.98 1.43 1.43 0.98 0.98 0.98 1.43 3.26 3.85 1.15 3.36 3.36 3.97 3.97 3.97 2.56 2.56 2.56 3.24 3.24 3.47 0.00 2.56 3.24 2.56 2.56
1.01 1.01 1.01 1.01 0.93 0.93 0.93 0.93 0.93 0.93 0.93 0.93 0.93 2.82 0.93 0.93 0.93 0.93 0.93 0.93 1.07 3.58 3.58 3.58 3.57 4.21 4.21 1.07 1.07 1.07 1.07 1.07 1.07 1.07 1.07 1.07 1.06 2.51 3.52 1.06 1.06 1.06 1.06 1.06 1.06 1.06 1.06 1.06 1.06 1.06 1.06 1.06 0.98 0.98 2.97 2.97 3.10 0.98 1.43 3.10 3.10 3.10 0.98 0.98 0.98 3.26 3.85 2.53 1.19 2.56 2.56 2.56 3.24 2.56 3.24 3.24 3.24 3.24 3.23 0.00 0.00 0.00 3.24 3.24
1.01 1.01 1.01 1.01 0.93 0.93 0.93 0.93 0.93 0.93 0.93 0.93 3.10 3.10 0.93 0.93 0.93 0.93 0.93 0.93 1.07 1.07 3.58 3.58 4.21 4.21 3.25 1.07 1.07 1.07 1.07 1.07 1.57 1.07 1.07 1.07 3.21 2.64 3.52 1.06 1.06 1.55 1.06 1.06 1.06 1.06 1.06 1.06 1.06 1.06 1.06 3.53 0.98 0.98 2.97 3.26 3.26 2.97 1.43 3.10 3.10 3.10 0.98 0.98 0.98 3.26 3.85 3.85 2.56 3.97 2.56 2.56 3.24 3.24 2.85 2.85 3.24 2.78 0.00 0.00 0.00 0.00 0.00 1.01
1.01 1.01 1.01 1.01 0.93 0.93 0.93 1.36 0.93 0.93 0.93 2.82 3.10 3.10 0.93 0.93 0.93 0.93 0.93 0.93 1.07 1.07 1.07 4.22 4.21 3.57 1.07 1.07 1.07 1.07 1.07 1.07 1.57 1.07 1.57 1.07 1.06 1.06 2.64 4.16 3.21 3.21 1.55 1.06 1.06 1.06 1.06 1.06 1.06 1.06 1.06 3.53 0.98 3.26 2.97 3.85 2.97 2.97 3.85 3.85 3.10 1.43 3.10 0.98 2.97 3.26 3.85 3.85 1.19 2.56 3.24 3.24 2.78 2.85 3.24 3.24 3.24 2.78 0.00 0.00 0.00 0.00 0.00 0.00
1.01 1.01 1.01 1.01 0.93 0.93 0.93 0.93 0.93 2.95 0.93 3.10 3.10 3.10 0.93 0.93 0.93 0.93 0.93 0.93 1.07 1.07 3.58 4.22 3.57 1.07 1.07 1.07 1.07 1.07 1.07 1.07 1.57 3.58 3.58 1.07 1.06 1.06 3.53 1.25 3.52 3.21 3.21 1.06 1.06 1.06 1.06 1.06 1.06 1.06 1.06 3.53 3.26 3.26 3.85 3.85 3.85 1.15 3.85 2.97 3.10 3.10 3.85 2.53 2.53 3.85 3.85 3.85 3.36 3.24 2.85 2.85 2.78 3.24 3.24 2.78 3.24 3.24 0.00 0.00 0.00 0.00 0.00 0.00
1.01 1.01 1.01 1.01 0.93 0.93 0.93 0.93 2.95 3.10 2.82 3.10 0.93 2.95 0.93 0.93 0.93 0.93 0.93 0.93 1.07 1.07 4.21 4.21 4.21 1.07 1.07 1.07 1.07 1.07 1.07 3.58 1.07 3.58 3.58 1.07 1.06 1.06 1.06 4.16 4.16 4.16 4.16 1.06 1.06 1.06 1.06 1.06 1.06 1.06 1.06 1.06 0.98 3.26 3.84 3.84 3.84 3.84 2.53 2.53 3.26 3.84 2.53 2.53 2.53 2.97 3.26 3.84 2.78 2.78 2.85 2.93 2.85 3.24 2.78 3.24 3.24 3.24 2.78 0.00 0.00 0.00 0.00 0.00
1.02 1.02 1.02 1.02 0.91 0.91 0.91 0.91 0.91 3.03 3.03 0.91 1.33 1.33 1.33 0.91 0.91 0.91 0.91 0.91 1.08 1.08 4.26 4.26 4.26 1.08 1.08 1.08 1.08 1.08 1.08 3.62 3.62 3.62 3.62 1.08 0.95 0.95 0.95 0.95 3.75 3.75 3.75 2.89 2.89 0.95 0.95 0.95 3.02 0.95 1.40 3.02 1.04 3.46 3.45 3.46 4.08 4.08 2.59 2.59 4.08 3.46 2.59 2.59 3.15 3.15 3.46 2.96 1.89 2.03 2.39 2.39 2.03 2.39 2.45 1.89 2.03 1.89 1.89 0.00 0.00 0.00 0.00 0.00
1.02 1.02 1.02 1.02 0.91 0.91 0.91 0.91 0.91 3.03 3.03 3.03 2.88 2.88 1.33 0.91 0.91 0.91 0.91 3.03 1.08 1.08 3.60 3.60 1.08 1.08 1.08 1.08 1.08 1.08 1.08 3.62 3.62 3.62 3.62 3.62 0.95 0.95 0.95 3.18 3.75 3.75 3.75 0.95 0.95 0.95 0.95 0.95 1.40 3.18 3.02 3.02 3.29 3.46 3.45 2.59 2.59 2.59 1.23 4.08 2.59 3.46 2.59 2.59 2.59 4.08 3.15 3.29 1.89 1.98 1.89 2.45 2.03 2.39 2.39 2.39 2.45 2.45 0.00 0.00 0.00 0.00 0.00 0.00
