New_Model_Runs/6_FutureClimate_RCP45_out/post_prcessed_with_MFR/Monthly_summaries/actual_et_monthly_APR.asc
NCOLS 700
NROWS 400
XLLCENTER 515000.000000
YLLCENTER 8409000.000000
CELLSIZE 50.000000
NODATA_value -999.000000
[rows 228 to 265 of 400, columns 252 to 335 of 700]
1.06 1.06 1.06 1.06 0.96 0.96 0.96 0.96 2.92 3.20 0.96 3.04 3.20 3.20 0.96 0.96 0.96 0.96 0.96 3.20 4.42 4.42 1.12 1.12 1.12 1.12 1.12 1.12 1.12 1.12 1.12 3.75 3.75 3.75 3.75 3.75 1.00 1.00 1.00 3.33 3.93 3.93 3.93 1.00 1.00 1.00 3.17 1.00 1.00 3.93 3.93 3.93 3.39 3.25 3.23 3.23 3.23 3.23 4.22 4.22 3.25 3.39 3.39 4.22 1.07 4.22 4.22 0.00 2.53 0.00 0.00 0.00 0.00 0.00 0.00 0.00 0.00 0.00 0.00 0.00 0.00 0.00 0.00 0.00
1.06 1.06 1.06 1.06 0.96 0.96 0.96 3.20 3.20 3.20 1.41 1.41 3.04 3.04 0.96 0.96 0.96 0.96 0.96 3.78 4.42 1.12 1.12 1.12 1.12 1.12 1.12 1.12 1.12 1.12 1.12 1.12 1.12 1.12 1.12 1.12 1.00 1.00 1.00 1.00 3.93 3.33 3.93 3.93 3.93 3.33 3.33 1.00 1.00 3.93 3.04 3.93 3.23 3.23 4.22 4.22 1.26 4.22 3.23 4.22 4.22 4.22 3.57 3.57 3.25 0.00 0.00 0.00 0.00 0.00 0.00 0.00 0.00 0.00 0.00 0.00 0.00 0.00 0.00 0.00 0.00 0.00 0.00 0.00
1.06 1.06 1.06 1.06 0.96 0.96 0.96 0.96 0.96 3.20 3.20 3.20 3.20 1.41 0.96 0.96 3.20 0.96 3.04 3.04 3.75 1.12 1.12 1.12 1.12 1.12 1.12 1.12 1.12 1.12 1.12 1.12 1.12 1.12 1.12 1.12 1.00 1.00 1.00 3.93 3.93 3.93 3.04 1.18 3.93 3.93 3.93 1.00 1.00 3.04 3.04 3.93 1.26 3.23 3.23 4.22 3.39 3.25 3.57 3.57 4.22 4.22 4.22 1.57 1.57 0.00 0.00 0.00 0.00 0.00 0.00 0.00 0.00 0.00 0.00 0.00 0.00 0.00 0.00 0.00 0.00 0.00 0.00 0.00
1.06 1.06 1.06 1.06 0.96 0.96 0.96 0.96 0.96 0.96 3.20 3.20 3.20 0.96 0.96 3.04 1.41 3.04 1.41 1.41 1.12 1.12 1.12 1.12 1.12 1.12 1.12 1.12 1.12 1.12 1.12 1.12 1.12 1.12 1.12 1.12 1.00 1.00 1.00 1.00 3.93 3.93 3.93 3.04 3.93 3.93 3.04 3.04 3.93 3.04 3.33 3.33 3.57 4.22 4.22 4.22 3.57 4.22 3.39 3.39 4.22 4.22 4.21 0.00 0.00 0.00 0.00 0.00 0.00 0.00 0.00 0.64 0.00 0.00 0.00 0.00 0.00 0.00 0.00 0.00 0.00 0.00 0.00 0.00
1.06 1.06 1.06 1.06 0.96 0.96 0.96 0.96 0.96 0.96 3.20 3.20 3.20 3.20 3.20 3.20 1.41 3.20 3.78 3.20 3.75 1.12 1.12 1.12 1.12 1.12 1.12 1.12 1.12 1.12 1.12 1.12 1.12 1.12 1.12 1.12 3.33 3.33 3.03 3.93 3.93 3.93 3.93 3.04 3.04 3.04 3.04 3.04 3.93 3.04 3.03 3.93 4.22 3.23 4.22 4.22 4.22 4.22 4.22 4.22 3.39 4.22 4.22 4.22 0.00 0.00 0.00 0.00 0.00 0.00 0.00 1.95 0.00 0.00 0.00 0.00 0.00 0.00 0.00 0.00 0.00 0.00 0.00 0.00
1.06 1.06 1.06 1.06 0.96 0.96 0.96 0.96 0.96 0.96 3.20 3.20 0.96 0.96 3.20 3.20 3.78 3.78 3.78 3.20 1.12 1.12 1.12 1.12 1.12 1.12 1.12 1.12 1.12 1.12 1.12 1.12 1.12 1.12 1.12 1.12 1.00 3.03 3.03 3.03 3.93 3.93 3.93 3.04 3.93 3.04 3.93 3.93 3.93 3.04 3.93 3.93 3.23 3.23 3.23 3.23 4.22 4.22 3.39 3.57 3.57 3.57 1.57 3.25 0.00 4.22 0.00 0.00 0.00 0.00 0.64 1.95 1.95 0.00 0.00 0.00 0.00 0.00 0.00 0.00 0.00 0.00 0.00 0.00
1.06 1.06 1.06 1.06 0.96 0.96 0.96 0.96 0.96 0.96 0.96 0.96 0.96 0.96 0.96 3.78 3.78 2.92 3.78 0.96 1.12 1.12 1.12 1.12 1.12 1.12 1.12 1.12 1.12 1.65 1.12 1.12 1.12 1.12 1.12 1.12 1.00 1.00 3.03 3.03 3.93 3.04 3.04 3.04 3.93 3.93 3.93 3.03 3.03 3.17 3.17 3.17 3.25 4.22 3.23 3.23 4.22 4.22 4.22 3.25 3.39 4.22 3.25 1.07 1.07 1.07 3.25 0.00 0.00 0.00 0.00 0.00 0.00 0.00 0.00 0.00 0.00 0.00 0.00 0.00 0.00 0.00 0.00 0.00
1.06 1.06 1.06 1.06 0.96 0.96 0.96 0.96 0.96 0.96 3.20 0.96 0.96 0.96 3.20 3.78 1.41 2.92 2.92 0.96 1.12 1.12 3.36 3.75 1.12 1.12 1.12 1.12 1.12 1.12 1.12 1.12 1.12 1.12 1.12 1.12 1.00 1.00 1.00 3.93 3.04 3.93 3.93 3.93 3.33 3.33 3.33 3.33 1.47 3.03 3.33 3.33 3.57 4.22 4.22 4.22 3.23 3.25 3.25 4.22 1.07 4.22 1.07 1.07 1.07 4.22 4.22 0.00 0.00 0.00 0.00 0.00 0.00 0.00 0.00 0.00 0.00 0.00 0.00 0.00 0.00 0.00 0.00 0.00
1.06 1.06 1.06 1.06 0.96 0.96 0.96 0.96 0.96 3.20 3.20 0.96 0.96 3.20 2.95 2.95 0.96 2.92 2.92 0.96 4.42 3.36 4.42 4.42 1.12 1.12 1.12 1.12 1.12 1.12 1.12 1.12 1.12 1.12 1.12 1.12 1.00 1.00 1.00 3.93 3.93 3.93 3.03 3.03 3.33 3.33 3.33 3.33 3.03 3.17 3.33 3.17 3.57 4.22 4.22 4.22 4.22 3.57 1.57 0.00 0.00 0.00 4.22 1.07 0.00 4.22 4.22 0.00 0.00 0.00 0.00 0.00 0.00 0.00 0.00 0.00 0.00 0.00 0.00 0.00 0.00 0.00 0.00 0.00
1.06 1.06 1.06 1.06 0.96 0.96 0.96 0.96 0.96 3.20 3.20 0.96 0.96 0.96 2.95 2.95 2.95 3.78 2.92 3.78 3.36 3.36 3.36 3.56 1.12 1.12 1.12 1.12 1.12 1.12 1.12 1.12 1.12 1.12 1.12 1.12 3.93 1.00 3.93 3.93 3.93 3.04 3.04 1.18 3.93 3.93 3.93 3.93 3.93 3.33 3.17 3.33 3.25 4.22 4.22 1.07 3.39 4.22 1.57 0.00 0.00 0.00 0.00 0.00 0.00 0.00 0.00 0.00 0.00 0.00 0.00 0.00 0.00 0.00 0.00 0.00 0.00 0.00 0.00 0.00 0.00 0.00 0.00 0.00
1.06 1.06 1.06 1.06 0.96 0.96 0.96 0.96 3.20 3.20 3.78 2.92 0.96 0.96 0.96 2.95 1.13 2.95 3.78 3.78 4.42 3.36 3.36 4.42 1.12 1.12 3.41 3.41 3.75 1.12 1.12 1.12 1.12 1.12 1.12 3.75 3.04 3.04 3.93 3.04 3.93 3.93 3.93 3.93 1.18 3.93 3.93 3.93 3.04 3.33 3.33 3.33 3.57 3.57 1.07 4.22 4.20 3.16 4.22 0.00 0.00 0.00 0.00 0.00 0.00 0.00 0.00 0.00 0.00 0.00 0.00 0.00 0.00 0.00 0.00 0.00 0.00 0.00 0.00 0.00 0.00 0.00 0.00 0.00
1.06 1.06 1.06 1.06 0.96 0.96 0.96 3.04 3.20 3.78 3.35 3.35 3.20 0.96 3.04 2.95 3.78 3.78 3.78 2.92 1.12 4.42 4.42 4.42 1.12 4.42 4.42 4.42 4.42 4.42 3.36 4.42 4.42 1.12 1.12 4.42 3.04 3.04 3.93 3.93 3.04 3.04 3.93 3.04 3.04 1.18 3.93 3.04 3.93 3.93 3.93 3.17 3.57 3.39 3.39 4.20 3.16 1.26 4.21 4.21 0.00 0.00 0.00 0.00 0.00 0.00 0.00 0.00 0.00 0.00 0.00 0.00 0.00 0.00 0.00 0.00 0.00 0.00 0.00 0.00 0.00 0.00 0.00 0.00
1.06 1.06 1.06 1.06 0.96 0.96 3.20 3.78 3.20 3.20 3.35 3.35 3.35 3.35 3.20 2.95 3.78 2.92 0.96 0.96 3.41 3.41 4.42 4.42 4.42 4.42 3.56 4.42 4.42 4.42 4.42 3.36 4.42 4.42 4.42 4.42 3.04 3.33 3.93 3.93 3.93 3.93 3.04 3.04 3.04 3.04 3.93 3.33 3.93 3.03 3.33 3.93 4.22 4.22 3.39 4.20 4.21 4.21 4.21 4.21 0.00 0.00 0.00 0.00 0.00 0.00 0.00 0.00 0.00 0.00 0.00 0.00 0.00 0.00 0.00 0.00 0.00 0.00 0.00 0.00 0.00 0.00 0.00 0.00
1.06 1.06 1.06 1.06 0.96 0.96 3.78 3.20 3.20 3.20 3.20 3.35 3.35 1.13 3.20 2.92 0.96 0.96 0.96 0.96 1.12 3.41 1.12 1.12 4.42 1.12 1.12 1.12 4.42 4.42 4.42 3.36 4.42 4.42 4.42 4.42 3.04 3.93 3.93 3.93 3.93 3.93 3.93 3.93 1.00 3.04 3.93 3.17 3.33 3.03 3.93 3.04 4.22 4.20 4.21 4.21 4.21 4.21 4.21 4.21 4.21 0.00 0.00 0.00 0.00 0.00 0.00 0.00 0.00 0.00 0.00 0.00 0.00 0.00 0.00 0.00 0.00 0.00 0.00 0.00 0.00 0.00 0.00 0.00
3.60 3.60 1.08 1.08 1.10 1.10 3.71 3.34 3.48 3.48 3.71 4.33 4.33 4.33 1.30 3.34 3.67 3.67 3.67 1.10 1.13 1.13 1.13 4.44 4.44 1.13 1.13 1.13 1.13 3.42 3.42 4.44 4.44 4.44 3.42 3.42 3.81 2.97 2.94 1.42 1.42 3.81 3.81 3.81 3.07 2.97 0.97 1.42 3.81 3.07 3.23 3.23 3.16 4.22 4.22 4.22 4.22 4.22 4.22 4.22 4.22 4.22 0.00 0.00 0.00 0.00 0.00 0.00 0.00 0.00 0.00 0.00 0.00 0.00 0.00 0.00 0.00 0.00 0.00 0.00 0.00 0.00 0.00 0.00
3.60 3.60 1.08 1.08 1.10 3.71 4.33 3.67 1.10 1.10 3.71 4.33 4.33 3.67 3.34 4.33 3.67 3.67 3.67 3.67 3.76 1.13 1.13 4.44 4.44 1.13 4.44 3.76 3.76 3.76 3.42 4.44 3.42 4.44 4.44 3.42 3.23 3.81 3.81 1.42 3.07 3.07 3.23 3.81 3.81 2.96 3.81 3.07 3.23 3.23 3.07 2.94 4.21 4.22 4.22 4.22 4.22 4.22 4.22 4.22 4.22 4.22 4.22 0.00 0.00 0.00 0.00 0.00 0.00 0.00 0.00 0.00 0.00 0.00 0.00 0.00 0.00 0.00 0.00 0.00 0.00 0.00 0.00 0.00
3.60 3.60 3.60 1.08 1.61 4.33 3.71 4.33 4.33 4.33 4.33 3.67 3.67 3.34 3.67 3.67 3.67 3.67 3.67 3.67 3.76 1.13 1.13 1.13 1.13 3.42 4.44 3.76 3.76 3.76 3.76 3.76 3.42 4.44 3.76 3.76 3.23 3.23 3.81 3.81 3.23 3.81 2.94 3.81 3.81 3.81 3.81 3.07 3.07 3.81 3.07 2.94 4.21 3.16 4.22 4.22 4.22 4.22 4.22 4.22 4.22 4.22 3.16 4.22 0.00 0.00 0.00 0.00 0.00 0.00 0.00 0.00 0.00 0.00 0.00 0.00 0.00 0.00 0.00 0.00 0.00 0.00 0.00 0.00
3.60 3.60 3.60 1.08 3.71 1.30 4.33 3.71 4.33 4.33 4.33 3.67 3.67 3.34 3.67 3.67 3.67 3.67 3.67 3.67 3.76 1.13 1.13 1.13 3.42 3.42 4.44 3.42 3.42 3.76 3.76 4.44 4.44 3.76 3.76 3.76 3.23 1.14 3.81 3.23 3.23 2.94 3.23 3.81 3.81 3.81 1.42 2.97 3.07 3.07 3.81 2.94 1.57 3.16 4.22 1.57 4.22 4.22 4.22 4.22 4.22 4.22 3.16 3.16 0.00 0.00 0.00 0.00 0.00 0.00 0.00 0.00 0.00 0.00 0.00 0.00 0.00 0.00 0.00 0.00 0.00 0.00 0.00 1.91
3.60 3.60 1.08 3.68 4.33 4.33 3.71 4.33 3.67 4.33 3.67 4.33 3.67 3.34 3.67 4.33 4.33 3.67 3.67 3.67 3.76 1.13 1.13 1.13 3.42 3.42 3.76 4.44 4.44 4.44 3.36 4.44 4.44 3.36 3.76 3.76 2.97 2.97 3.81 2.94 3.81 0.97 0.97 0.97 3.81 2.97 2.97 1.42 2.92 3.23 3.07 3.81 4.22 3.16 3.16 3.57 3.57 4.22 4.22 4.22 4.22 4.22 4.22 4.22 0.00 0.00 0.00 0.00 0.00 0.00 0.00 0.00 0.00 0.00 0.00 0.00 0.00 0.00 0.00 0.00 0.00 0.00 0.00 0.63
3.60 3.68 3.68 4.24 4.33 4.33 4.33 4.33 3.67 4.33 4.33 3.71 3.71 3.67 3.67 3.34 3.34 3.67 3.67 3.67 3.76 1.13 1.13 3.76 3.42 3.42 3.76 3.42 3.42 3.76 4.44 3.76 4.44 4.44 4.44 3.36 2.97 2.97 3.23 2.94 2.94 3.81 0.97 2.97 1.14 2.97 2.97 2.92 2.92 2.92 3.07 2.92 3.16 3.16 3.16 4.21 3.57 3.57 4.21 4.21 4.21 4.21 3.16 3.16 4.21 4.21 0.00 0.00 0.00 0.00 0.00 0.00 0.00 0.00 0.00 0.00 0.00 0.00 0.00 0.00 0.00 0.00 0.00 0.63
3.68 3.68 3.68 4.24 3.71 4.33 3.34 4.33 4.33 4.33 3.67 4.33 3.67 3.34 4.33 3.67 3.67 3.34 4.33 3.67 3.76 1.13 1.13 3.76 3.42 3.76 4.44 3.42 3.42 3.76 3.76 4.44 4.44 4.44 4.44 4.44 3.81 3.81 3.81 3.23 2.94 2.94 0.97 2.97 2.97 2.97 3.81 2.92 2.92 2.92 2.92 2.92 3.16 3.16 3.16 3.16 4.21 3.57 3.57 4.21 4.21 4.21 3.16 3.16 3.16 4.21 0.00 0.00 0.00 0.00 0.00 0.00 0.00 0.00 0.00 0.00 0.00 0.00 0.00 0.00 0.00 0.00 0.00 0.00
3.68 3.68 3.68 3.68 4.33 4.33 3.34 3.71 4.33 4.33 3.67 3.67 3.67 3.67 4.33 4.33 3.34 1.61 4.33 3.67 3.76 1.13 3.42 3.76 4.44 3.42 4.44 3.42 3.42 3.42 4.44 4.44 3.36 4.44 4.44 4.44 3.81 3.81 1.14 2.97 3.81 3.81 3.81 2.97 3.81 3.81 3.81 2.92 2.92 2.92 2.92 2.92 4.22 3.16 4.21 1.26 4.21 3.57 3.57 4.21 4.21 3.16 3.16 3.16 3.16 4.21 0.00 0.00 0.00 0.00 0.00 0.00 0.00 0.00 0.00 0.00 0.00 0.00 0.00 0.00 0.00 0.00 0.00 0.00
4.24 4.24 3.68 4.24 3.67 3.34 3.34 4.33 4.33 3.67 3.67 3.48 3.67 3.67 3.48 3.67 4.33 1.61 3.34 3.34 3.42 3.42 3.42 3.42 3.42 4.44 4.44 3.42 3.42 4.44 4.44 4.44 4.44 4.44 4.44 4.44 3.81 3.81 3.23 3.81 2.97 3.81 3.81 3.23 3.23 3.81 2.92 3.81 3.81 2.92 2.92 3.81 3.16 4.21 4.21 4.21 4.21 3.16 4.22 4.21 1.07 3.16 3.16 3.16 3.16 4.21 4.21 0.00 0.00 0.00 0.00 0.00 0.00 0.00 0.00 0.00 0.00 0.00 0.00 0.00 0.00 0.00 0.00 0.00
4.24 4.24 4.24 3.27 3.67 4.33 3.34 1.10 3.67 3.67 3.67 3.48 3.48 3.48 3.48 3.48 3.67 3.67 3.67 3.67 3.57 4.44 3.76 1.13 4.44 4.44 4.44 3.57 3.42 4.44 4.44 4.44 4.44 3.36 3.36 4.44 3.81 3.81 3.81 3.81 3.81 3.81 3.81 3.81 2.92 2.92 2.92 2.92 3.81 2.92 2.92 2.92 3.16 3.16 4.21 3.16 4.21 3.16 3.16 3.16 3.16 3.16 3.16 3.16 4.21 4.21 4.21 0.00 0.00 0.00 0.00 0.00 0.00 0.00 0.00 0.00 0.00 0.00 0.00 0.00 0.00 0.00 0.00 0.00
1.08 4.24 3.27 3.60 3.67 3.34 4.33 4.33 3.34 3.67 3.67 3.34 3.48 3.48 3.34 3.34 1.61 3.67 3.67 3.67 3.76 3.42 4.44 3.36 3.57 4.44 1.33 3.36 3.36 3.36 4.44 3.36 3.36 3.36 3.36 4.44 3.81 3.81 3.81 3.81 3.81 2.97 3.81 2.92 1.14 2.92 2.92 2.92 3.81 2.92 2.92 2.92 3.16 3.16 3.16 3.16 3.16 3.16 3.16 3.16 3.16 4.21 4.21 4.21 4.21 4.21 4.21 0.00 0.00 0.00 0.00 0.00 0.00 0.00 0.00 0.00 0.00 0.00 0.00 0.00 0.00 0.00 0.00 0.00
4.24 1.08 4.24 3.60 3.67 3.67 3.34 1.61 1.61 3.67 3.34 3.67 3.67 3.34 3.34 3.34 3.34 3.67 1.10 3.34 4.44 4.44 3.76 4.44 3.36 3.36 4.44 3.36 3.36 4.44 4.44 4.44 4.44 1.33 3.36 4.44 2.97 3.81 3.81 3.81 3.81 2.92 2.92 2.92 2.92 2.92 2.92 2.92 2.92 3.81 3.81 2.92 3.16 3.16 3.16 3.16 3.16 3.16 3.16 3.16 3.16 4.21 4.21 4.21 4.21 4.21 4.21 4.21 0.00 0.00 0.00 0.00 0.00 0.00 0.00 0.00 0.00 0.00 0.00 0.00 0.00 0.00 0.00 0.00
4.24 3.68 4.24 4.24 4.33 3.67 3.67 4.33 4.33 3.67 3.67 3.67 3.67 3.67 3.48 3.48 3.34 1.10 1.10 1.10 3.36 4.44 3.42 4.44 3.36 3.36 3.36 3.36 3.36 3.36 4.44 4.44 4.44 4.44 3.36 3.36 3.81 3.81 3.81 3.81 3.81 3.81 2.92 3.81 2.92 2.92 2.92 2.92 2.92 3.81 3.81 2.92 3.16 3.16 3.16 3.16 3.16 3.16 3.16 3.40 3.40 3.16 3.16 4.22 4.21 4.21 4.21 4.21 2.48 0.00 0.00 0.00 0.00 0.00 0.00 0.00 0.00 0.00 0.00 0.00 0.00 0.00 0.00 0.00
4.24 3.60 4.24 4.24 4.33 3.67 3.67 3.67 4.33 4.33 3.67 3.67 3.67 3.67 3.67 3.34 3.48 1.10 1.61 1.61 4.44 4.44 4.44 1.13 1.13 0.34 3.36 3.36 1.33 3.36 4.44 4.44 4.44 4.44 4.44 4.44 3.81 3.23 3.81 3.81 3.81 3.81 2.92 2.92 3.81 2.92 2.92 1.14 2.92 3.81 3.81 3.81 4.22 4.21 4.21 4.21 4.21 4.21 4.21 4.21 4.21 4.21 4.21 4.21 4.21 4.21 4.21 4.21 2.48 2.48 2.48 2.48 2.48 2.48 2.48 2.48 2.48 2.48 2.48 2.48 2.48 2.48 2.48 2.48
4.24 3.60 4.24 3.60 3.67 3.67 3.67 3.67 3.67 3.67 3.67 4.33 3.67 3.34 1.10 1.10 1.10 3.34 1.61 4.33 1.13 1.13 1.65 1.13 1.13 1.13 3.36 4.44 1.33 4.44 4.44 4.44 4.44 4.44 4.44 4.44 3.81 3.81 3.81 3.81 3.81 2.94 3.23 3.07 1.42 1.42 0.97 1.42 3.81 2.92 2.92 3.81 4.21 4.21 4.21 4.21 4.21 4.21 4.21 4.21 4.21 4.21 4.21 4.21 4.21 3.16 3.16 3.16 2.06 2.06 2.06 2.06 2.06 2.06 2.06 2.06 2.06 2.06 2.06 2.06 2.06 2.06 2.06 2.06
3.60 3.60 4.24 3.60 3.34 3.67 3.34 3.67 3.67 3.71 4.33 1.10 4.33 1.10 1.10 1.10 3.34 3.67 1.10 3.67 1.13 1.13 1.13 3.57 4.44 3.36 3.36 4.44 1.33 3.36 4.44 4.44 3.36 1.33 3.36 1.33 2.97 3.81 3.81 3.81 3.81 3.81 3.23 3.07 1.42 0.97 1.42 0.43 2.92 2.92 3.81 3.81 4.21 4.21 4.21 4.21 4.21 4.21 4.21 4.21 4.21 4.21 4.21 4.21 4.21 4.21 4.21 3.16 2.06 2.48 2.48 2.48 2.48 2.48 2.48 2.48 2.48 2.48 2.48 2.48 2.48 2.48 2.48 2.48
3.64 3.64 3.64 4.30 3.76 3.76 3.76 3.76 3.74 3.74 4.44 4.44 4.44 4.44 4.44 3.42 3.76 4.44 4.44 4.44 1.12 1.12 4.41 1.12 1.12 1.12 1.12 1.12 3.34 4.41 4.41 4.41 3.34 4.41 3.34 4.41 2.97 3.81 3.81 3.81 2.92 3.81 3.81 2.92 2.92 2.92 2.92 2.92 2.92 2.92 2.92 2.92 3.15 4.21 4.21 4.21 4.21 4.21 4.21 4.21 4.21 4.21 4.21 4.21 4.21 4.21 4.21 3.15 2.83 3.67 3.67 3.67 3.67 3.67 3.67 3.67 3.67 3.67 3.67 3.67 3.67 3.67 3.67 3.67
3.64 3.64 3.64 3.64 4.44 3.42 3.74 1.66 3.74 4.44 4.44 1.66 4.44 4.44 4.44 4.44 4.44 3.42 3.42 1.33 1.12 4.41 4.41 1.12 1.12 1.12 1.12 1.12 4.41 4.41 4.41 4.41 3.34 1.32 4.41 4.41 2.92 2.92 3.81 3.81 3.81 3.81 3.81 1.14 2.92 2.92 2.92 2.92 3.81 3.81 2.92 2.92 3.15 3.15 4.21 4.21 4.21 4.21 4.21 4.21 4.21 4.21 4.21 4.21 4.21 3.15 3.15 3.15 2.83 3.67 0.00 0.00 0.00 0.00 0.00 0.00 0.00 0.00 0.00 0.00 0.00 0.00 0.00 0.00
3.64 3.31 4.30 4.30 3.76 4.44 4.44 3.74 4.44 4.44 1.13 1.13 1.66 3.42 4.44 4.44 4.44 3.42 4.44 4.44 3.70 4.41 1.12 1.12 1.12 1.12 1.12 1.12 1.12 4.41 4.41 4.41 4.41 4.41 4.41 4.39 2.92 2.92 3.81 1.14 3.81 3.81 3.81 1.14 3.81 2.92 2.92 2.92 0.92 3.07 3.81 2.92 4.20 4.20 4.20 4.21 4.21 4.21 4.21 4.21 4.21 3.15 3.15 1.26 4.21 3.15 3.15 3.15 2.83 2.83 0.00 0.00 0.00 0.00 0.00 0.00 0.00 0.00 0.00 0.00 0.00 0.00 0.00 0.00
3.31 3.64 3.64 4.30 4.44 4.44 4.44 3.76 3.76 3.74 3.74 3.76 4.44 3.42 4.44 4.44 3.42 4.44 4.44 1.13 1.12 1.12 1.12 1.12 1.12 1.12 1.12 1.12 1.12 4.41 4.41 4.41 4.41 4.41 4.39 4.39 3.81 3.81 3.81 2.92 3.81 3.81 2.92 3.81 2.92 2.92 3.07 3.07 3.07 3.07 3.07 3.81 4.20 3.15 3.15 3.15 4.21 4.21 4.21 4.21 4.21 1.26 4.21 3.15 3.15 3.15 3.15 3.15 2.83 2.83 2.83 0.00 0.00 0.00 0.00 0.00 0.00 0.00 0.00 0.00 0.00 0.00 0.00 0.00
4.30 3.64 4.30 4.30 4.44 4.44 4.44 3.74 3.74 4.44 3.76 3.76 3.74 1.66 4.44 4.44 1.13 1.13 3.76 4.44 1.12 1.12 1.12 1.12 1.12 1.12 1.12 1.12 4.41 3.34 4.41 3.34 4.41 4.39 4.39 3.26 3.81 3.81 3.81 3.81 3.81 3.81 3.81 2.92 2.92 2.92 2.92 2.92 3.81 3.81 3.81 3.81 3.15 3.15 3.15 3.15 4.21 4.21 4.21 4.21 4.21 3.15 1.26 3.15 3.15 3.15 3.15 3.15 2.83 2.83 2.83 0.00 0.00 0.00 0.00 0.00 0.00 0.00 0.00 0.00 0.00 0.00 3.67 3.67
3.31 3.64 3.64 3.31 4.44 4.44 4.44 4.44 1.66 1.66 1.13 3.57 3.42 4.44 4.44 4.44 1.13 1.13 3.42 4.44 1.12 1.12 1.12 1.12 1.12 1.12 1.12 1.12 3.34 3.34 4.41 4.41 3.26 3.26 3.26 3.26 2.92 3.81 3.81 2.92 2.92 3.81 2.92 2.92 1.14 3.81 3.81 3.81 3.81 3.81 3.81 2.92 3.15 4.20 4.21 3.15 3.15 4.21 4.21 4.21 4.21 3.15 4.21 4.21 3.15 3.15 3.15 3.15 2.83 2.83 2.83 2.83 0.00 0.00 0.00 0.00 0.00 0.00 0.00 0.00 3.67 3.67 2.83 2.83
3.31 3.64 3.64 3.31 3.76 3.76 4.44 3.76 3.76 3.42 3.42 1.66 1.66 4.44 3.74 4.44 1.13 3.74 1.13 1.13 1.12 1.12 1.12 1.12 1.12 1.12 1.12 4.41 3.34 4.41 1.32 3.26 3.26 4.40 4.38 4.38 3.81 3.81 3.23 3.81 1.14 3.81 3.81 2.92 3.81 2.94 3.81 3.81 3.81 3.81 3.81 3.81 3.15 4.21 4.21 3.15 3.15 4.21 4.21 3.15 3.15 4.21 4.21 4.21 4.21 3.15 1.26 4.21 2.83 3.67 0.00 2.83 2.83 0.00 0.00 0.00 0.00 0.00 0.00 3.67 2.83 2.83 2.83 3.67
3.64 3.64 3.64 1.60 3.76 3.76 3.76 4.44 3.76 3.42 3.42 1.66 3.42 3.74 3.74 4.44 4.44 4.44 4.44 1.13 1.12 3.70 3.70 3.70 4.41 1.12 4.41 4.41 1.32 4.41 4.39 3.72 3.72 4.38 4.38 4.38 3.81 3.81 2.92 3.81 3.81 3.81 3.23 3.81 1.42 1.42 1.42 3.81 3.81 3.81 3.81 3.81 4.21 4.21 4.21 3.15 3.15 3.15 4.21 4.21 3.15 4.21 4.21 4.21 4.21 4.21 4.21 4.21 2.83 0.00 0.00 0.00 2.83 2.83 0.00 0.00 0.00 3.67 2.83 2.83 2.83 3.67 3.67 0.00
