New_Model_Runs/6_FutureClimate_RCP45_out/post_prcessed_with_MFR/Monthly_summaries/actual_et_monthly_FEB.asc
NCOLS 700
NROWS 400
XLLCENTER 515000.000000
YLLCENTER 8409000.000000
CELLSIZE 50.000000
NODATA_value -999.000000
[rows 152 to 189 of 400, columns 252 to 335 of 700]
0.00 0.00 0.00 0.00 0.00 0.00 0.00 0.00 0.00 0.00 0.00 0.00 0.00 0.00 0.00 0.00 0.00 0.00 0.00 0.00 0.00 0.00 0.00 0.00 0.00 0.00 0.00 0.00 0.00 0.00 0.00 0.00 0.00 0.00 0.00 0.00 0.00 0.00 0.00 0.00 0.00 0.00 0.00 0.00 0.00 0.00 0.00 0.86 0.86 0.86 0.86 0.86 1.32 1.32 1.32 1.32 1.32 1.32 1.32 1.32 1.32 1.32 1.32 1.32 1.32 1.32 1.32 1.32 1.21 1.21 1.21 1.21 1.21 1.21 4.01 4.72 4.71 4.71 4.71 4.71 4.71 4.71 4.71 4.71
0.00 0.00 0.00 0.00 0.00 0.00 0.00 0.00 0.00 0.00 0.00 0.00 0.00 0.00 0.00 0.00 0.00 0.00 0.00 0.00 0.00 0.00 0.00 0.00 0.00 0.00 0.00 0.00 0.00 0.00 0.00 0.00 0.00 0.00 0.00 0.00 0.00 0.00 0.00 0.00 0.00 0.00 0.00 0.00 0.00 0.00 0.86 0.86 0.86 0.86 0.86 0.86 1.32 1.32 1.32 1.32 1.32 1.32 1.32 1.32 1.32 1.32 1.32 1.32 1.32 1.32 1.32 1.32 1.21 1.21 1.21 1.21 4.01 4.01 4.71 4.71 4.74 1.21 4.71 4.71 4.71 3.66 4.72 4.72
0.00 0.00 0.00 0.00 0.00 0.00 0.00 0.00 0.00 0.00 0.00 0.00 0.00 0.00 0.00 0.00 0.00 0.00 0.00 0.00 0.00 0.00 0.00 0.00 0.00 0.00 0.00 0.00 0.00 0.00 0.00 0.00 0.00 0.00 0.00 0.00 0.00 0.00 0.00 0.00 0.00 0.00 0.00 0.00 0.00 0.86 0.86 0.86 0.86 0.86 0.86 0.86 1.32 1.32 1.32 1.32 1.32 1.32 1.32 1.32 1.32 1.32 1.32 1.32 1.32 1.32 1.32 1.32 1.21 1.21 1.21 3.66 4.01 4.74 4.71 4.71 3.50 4.71 4.71 3.66 4.01 3.50 3.66 3.66
0.00 0.00 0.00 0.00 0.00 0.00 0.00 0.00 0.00 0.00 0.00 0.00 0.00 0.00 0.00 0.00 0.00 0.00 0.00 0.00 0.00 0.00 0.00 0.00 0.00 0.00 0.00 0.00 0.00 0.00 0.00 0.00 0.00 0.00 0.00 0.00 0.00 0.00 0.00 0.00 0.00 0.00 0.00 0.00 0.00 0.86 0.86 0.86 0.86 0.86 0.86 0.86 1.32 1.32 1.32 1.32 1.32 1.32 1.32 1.32 1.32 1.32 1.32 1.32 1.32 1.32 1.32 1.32 1.21 1.21 1.21 1.21 4.01 4.01 4.71 3.50 4.71 4.71 4.72 3.66 1.21 1.21 4.01 1.77
0.00 0.00 0.00 0.00 0.00 0.00 0.00 0.00 0.00 0.00 0.00 0.00 0.00 0.00 0.00 0.00 0.00 0.00 0.00 0.00 0.00 0.00 0.00 0.00 0.00 0.00 0.00 0.00 0.00 0.00 0.00 0.00 0.00 0.00 0.00 0.00 0.00 0.00 0.00 0.00 0.00 0.00 0.00 0.00 3.37 0.86 0.86 0.86 0.86 0.86 0.86 0.86 1.32 1.32 1.32 1.32 1.32 1.32 1.32 1.32 1.32 1.32 1.32 1.32 1.32 1.32 1.32 1.32 1.21 1.21 1.21 1.21 1.21 1.21 1.21 3.50 4.71 1.21 4.72 3.66 1.21 4.01 4.01 1.21
0.00 0.00 0.00 0.00 0.00 0.00 0.00 0.00 0.00 0.00 0.00 0.00 0.00 0.00 0.00 0.00 0.00 0.00 0.00 0.00 0.00 0.00 0.00 0.00 0.00 0.00 0.00 0.00 0.00 0.00 0.00 0.00 0.00 0.00 0.00 0.00 0.00 0.00 0.00 0.00 0.00 0.00 0.00 0.00 2.86 0.86 0.86 0.86 0.86 0.86 0.86 0.86 1.32 1.32 1.32 1.32 1.32 1.32 1.32 1.32 1.32 1.32 1.32 1.32 1.32 1.32 1.32 1.32 1.21 1.21 1.21 4.01 1.21 1.21 4.71 4.71 4.01 1.21 4.01 1.21 4.01 4.01 1.21 1.21
0.00 0.00 0.00 0.00 0.00 0.00 0.00 0.00 0.00 0.00 0.00 0.00 0.00 0.00 0.00 0.00 0.00 0.00 0.00 0.00 0.00 0.00 0.00 0.00 0.00 0.00 0.00 0.83 0.00 0.00 0.00 0.00 0.00 0.00 0.00 0.00 0.00 0.00 0.00 0.00 0.00 0.00 0.00 0.00 0.86 0.86 0.86 0.86 0.86 0.86 0.86 0.86 1.32 1.32 1.32 1.32 1.32 1.32 1.32 1.32 1.32 1.32 1.32 1.32 1.32 1.32 1.32 1.32 1.21 1.21 1.21 4.01 3.66 4.71 4.71 4.71 4.71 1.21 1.21 1.21 1.21 1.21 1.21 1.21
0.00 0.00 0.00 0.00 0.00 0.00 0.00 0.00 0.00 0.00 0.00 0.00 0.00 0.00 0.00 0.00 0.00 0.00 0.00 0.00 0.00 0.00 0.00 0.00 0.00 0.00 0.83 0.83 0.00 0.00 0.00 0.00 0.00 0.00 0.00 0.00 0.00 0.00 0.00 0.00 0.00 0.00 0.00 0.00 0.00 0.00 0.86 0.86 0.86 0.86 0.86 0.86 1.32 1.32 1.32 1.32 1.32 1.32 1.32 1.32 1.32 1.32 1.32 1.32 1.32 1.32 1.32 1.32 1.21 1.21 1.21 3.66 3.66 4.71 4.74 4.71 4.71 4.01 4.01 1.21 1.21 1.21 1.21 1.21
0.00 0.00 0.00 0.00 0.00 0.00 0.00 0.00 0.00 0.00 0.00 0.00 0.00 0.00 0.00 0.00 0.00 0.00 0.00 0.00 0.00 0.00 0.00 0.00 0.00 0.83 0.83 0.83 0.83 0.00 0.00 0.00 0.00 0.00 0.00 0.00 0.00 0.00 0.00 0.00 0.00 0.00 0.00 0.00 0.00 0.00 0.00 0.00 0.86 0.86 0.86 0.86 1.32 1.32 1.32 1.32 1.32 1.32 1.32 1.32 1.32 1.32 1.32 1.32 1.32 1.32 1.32 1.32 1.21 1.21 4.01 4.01 4.71 4.71 3.50 3.50 3.66 3.66 1.21 1.21 1.21 1.21 1.21 1.21
0.00 0.00 0.00 0.00 0.00 0.00 0.00 0.00 0.00 0.00 0.00 0.00 0.00 0.00 0.00 0.00 0.00 0.00 0.00 0.00 0.00 0.00 0.00 0.00 0.00 0.83 0.83 0.83 0.83 0.83 0.83 0.00 0.00 0.00 0.00 0.00 0.00 0.00 0.00 0.00 0.00 0.00 0.00 0.00 0.00 0.00 0.00 0.00 0.00 0.00 3.37 0.86 1.32 1.32 1.32 1.32 1.32 1.32 1.32 1.32 1.32 1.32 1.32 1.32 1.32 1.32 1.32 1.32 1.21 3.66 3.66 4.71 4.74 3.50 4.71 4.71 3.66 3.66 3.66 1.21 1.21 1.21 1.21 1.21
0.00 0.00 0.00 0.00 0.00 0.00 0.00 0.00 0.00 0.00 0.00 0.00 0.00 0.00 0.00 0.00 0.00 0.00 0.00 0.00 0.00 0.00 0.00 0.00 0.00 1.30 1.30 1.30 1.30 1.30 1.30 0.00 0.00 0.00 0.00 0.00 0.00 0.00 0.00 0.00 0.00 0.00 0.00 0.00 0.00 0.00 0.00 0.00 0.00 0.00 4.60 1.17 1.36 1.36 1.36 1.36 1.36 1.36 1.36 1.36 1.36 1.36 1.36 1.36 1.36 1.36 1.36 1.36 4.02 4.02 4.02 4.02 4.02 4.38 4.02 1.94 5.12 5.12 4.02 1.33 1.33 1.33 1.33 1.33
0.00 0.00 0.00 0.00 0.00 0.00 0.00 0.00 0.00 0.00 0.00 0.00 0.00 0.00 0.00 0.00 0.00 0.00 0.00 0.00 0.00 0.00 0.00 0.00 1.30 1.30 1.30 1.30 1.30 1.30 1.30 1.30 1.30 1.30 1.30 1.30 0.00 0.00 0.00 0.00 0.00 0.00 0.00 0.00 0.00 0.00 0.00 0.00 0.00 0.00 3.45 1.17 1.36 1.36 1.36 1.36 1.36 1.36 1.36 1.36 1.36 1.36 1.36 1.36 1.36 1.36 1.36 1.36 1.33 4.02 4.02 4.38 4.02 4.38 4.38 5.12 5.12 5.12 5.12 1.33 1.33 1.33 1.33 1.33
0.00 0.00 0.00 0.00 0.00 0.00 0.00 0.00 0.00 0.00 0.00 0.00 0.00 0.00 0.00 0.00 0.00 0.00 0.00 0.00 0.00 0.00 1.30 1.30 1.30 1.30 1.30 1.30 1.30 1.30 1.30 1.90 1.30 1.30 1.30 1.30 1.17 0.04 0.00 0.00 0.00 0.00 0.00 0.00 0.00 0.00 0.00 0.00 0.00 0.00 0.00 4.60 5.16 3.81 4.13 4.47 1.36 1.36 1.36 1.36 1.36 1.36 1.36 1.36 1.36 1.36 4.49 1.36 1.33 1.33 4.02 4.39 5.12 5.12 5.15 5.12 5.12 1.33 4.38 1.33 4.39 1.33 1.33 1.33
0.00 0.00 0.00 0.00 0.00 0.00 0.00 0.00 0.00 0.00 0.00 0.00 0.00 0.00 0.00 0.00 0.00 0.00 0.00 0.00 1.30 1.30 1.30 1.30 1.30 1.30 1.30 1.30 1.30 1.30 1.30 1.30 4.11 4.29 4.11 1.30 1.17 1.17 1.17 0.04 0.00 0.00 0.00 0.00 0.00 0.00 0.00 0.00 0.00 0.00 0.00 3.45 3.81 5.16 5.16 5.16 5.16 4.13 1.36 1.36 1.36 1.36 1.36 1.36 1.36 1.36 1.36 1.36 1.33 1.33 1.33 4.39 4.02 4.39 5.15 5.12 4.39 1.33 1.33 1.33 4.02 1.33 1.33 1.33
0.00 0.00 0.00 0.00 0.00 0.00 0.00 0.00 0.00 0.00 0.00 0.00 0.00 0.00 0.00 0.00 5.04 1.34 0.00 0.03 1.30 1.30 1.30 1.30 1.30 1.30 1.30 1.30 1.30 1.30 1.30 1.30 1.30 4.29 1.30 1.30 1.17 1.72 3.91 3.91 1.72 0.00 0.00 0.00 0.00 0.00 0.00 0.00 0.00 0.00 0.00 3.45 3.81 5.16 5.16 5.16 4.13 4.13 1.36 1.36 1.36 1.99 1.36 1.36 1.36 1.36 1.36 1.36 1.33 1.33 1.33 1.33 4.39 4.39 4.02 5.12 1.33 1.33 1.33 1.33 1.33 1.33 1.33 1.33
0.00 0.00 0.00 0.00 0.00 0.00 0.00 0.00 0.00 0.00 0.00 0.00 0.00 0.00 0.00 0.00 1.34 1.34 1.34 1.34 1.30 1.30 1.30 1.30 1.30 1.30 1.30 1.30 1.30 1.30 1.30 1.30 1.30 1.30 1.30 1.30 1.17 1.17 1.17 3.91 1.17 0.00 0.00 0.00 0.00 0.00 0.00 0.00 0.00 0.00 0.00 1.38 3.81 3.81 5.16 5.16 4.47 4.49 4.49 1.36 1.36 1.36 1.36 1.36 1.36 1.36 1.36 1.36 1.33 1.33 1.33 1.33 4.39 4.39 4.02 1.33 1.33 1.33 1.33 1.33 1.33 1.33 1.33 1.33
0.00 0.00 0.00 0.00 0.00 0.00 0.00 0.00 0.00 0.00 0.00 0.00 0.00 5.04 1.34 1.34 1.34 1.34 1.34 1.34 1.30 1.30 1.30 1.30 1.30 1.30 1.30 1.30 1.30 1.30 1.30 1.30 1.30 1.30 1.30 1.30 1.17 1.17 1.17 1.17 1.17 0.00 0.00 0.00 0.00 0.00 0.00 0.00 0.00 0.00 3.45 3.45 3.81 3.81 5.16 4.47 4.47 4.49 1.36 1.36 1.36 1.36 1.36 1.36 1.36 1.36 1.36 1.36 1.33 1.33 1.33 1.33 4.39 4.39 4.39 1.33 1.33 1.33 1.33 1.33 1.33 1.33 1.33 1.33
0.00 0.00 0.00 0.00 0.00 0.00 0.00 0.00 0.00 0.00 0.00 0.00 5.04 1.34 1.34 1.34 1.34 1.34 1.34 1.34 1.30 1.30 1.30 1.30 1.30 1.30 1.30 1.30 1.30 1.30 1.30 1.30 1.30 1.30 1.30 1.30 3.72 1.17 1.17 4.60 0.03 0.00 0.00 0.00 0.00 0.00 0.00 0.00 0.00 3.45 1.17 1.17 4.49 5.29 5.16 5.16 4.47 4.49 4.13 1.36 4.49 1.99 1.36 1.36 1.36 1.36 1.36 1.36 1.33 1.33 1.33 1.33 1.33 1.33 4.39 1.33 1.33 1.33 1.33 1.33 1.33 1.33 1.33 1.33
0.00 0.00 0.00 0.00 0.00 0.00 0.00 0.00 0.00 0.00 0.00 0.00 1.34 1.34 1.34 1.34 1.34 1.34 1.34 1.34 1.30 1.30 1.30 1.30 1.30 1.30 1.30 1.30 1.30 1.30 1.30 1.30 1.30 1.30 1.30 1.30 3.72 1.72 1.17 3.45 4.60 0.00 0.00 0.00 0.00 0.00 0.00 0.00 3.45 1.17 1.17 1.17 4.49 4.13 4.13 5.16 4.13 4.47 4.47 4.47 4.49 1.36 1.36 1.36 1.36 1.36 1.36 1.36 1.33 1.33 1.33 1.33 1.33 1.33 1.33 1.33 1.33 1.33 1.33 1.33 1.33 1.33 1.33 1.33
0.00 0.00 0.00 0.00 0.00 0.00 0.00 0.00 0.00 0.00 0.00 5.04 1.34 1.34 1.34 1.34 1.34 1.34 1.34 1.34 1.30 1.30 1.30 1.30 1.30 1.30 1.30 1.30 1.30 1.30 1.30 1.30 1.30 1.30 4.11 1.30 1.17 1.72 4.62 3.45 4.60 4.60 0.00 0.00 0.00 0.00 0.00 3.45 1.17 1.17 1.17 1.17 1.36 4.49 4.47 5.16 5.16 5.16 5.16 3.81 4.49 4.49 1.36 1.36 1.36 1.36 1.36 1.36 1.33 1.33 1.33 1.33 1.33 1.33 1.33 1.33 1.33 1.33 1.33 1.33 1.33 1.33 1.33 1.33
0.00 0.00 0.00 0.00 0.00 0.00 0.00 0.00 0.00 0.00 1.34 1.34 1.34 1.34 1.34 1.34 1.34 1.34 1.34 1.34 1.30 1.30 1.30 1.30 1.30 1.30 1.30 1.30 1.30 1.30 1.30 1.30 1.30 1.30 1.30 1.30 1.17 1.72 1.72 3.72 4.60 3.45 3.45 3.45 0.00 3.45 3.45 3.45 4.60 1.17 1.17 1.17 1.36 1.36 4.47 5.16 4.13 4.47 5.16 4.47 4.49 4.49 1.36 1.36 1.36 1.36 1.36 1.36 1.33 1.33 1.33 1.33 1.33 1.33 1.33 1.33 1.33 1.33 1.33 1.33 1.33 1.33 1.33 1.33
0.00 0.00 0.00 0.00 0.00 0.00 0.00 0.00 0.00 0.00 1.34 1.34 1.34 1.34 1.34 1.34 1.34 1.34 1.34 1.34 1.30 1.30 1.30 1.30 1.30 1.30 1.30 1.30 1.30 1.30 1.30 1.30 1.30 1.30 1.30 1.30 1.17 1.17 1.72 1.72 4.60 3.45 3.45 3.45 3.45 3.45 3.45 3.91 1.17 1.17 1.17 1.17 1.36 1.36 1.36 4.13 4.47 4.47 1.36 1.36 1.36 4.49 1.36 1.36 1.36 1.36 1.36 1.36 1.33 1.33 1.33 1.33 1.33 1.33 1.33 1.33 1.33 1.33 1.33 1.33 1.33 1.33 1.33 1.33
0.00 0.00 0.00 0.00 0.00 0.00 0.00 0.00 0.00 0.00 0.00 1.34 1.34 1.34 1.34 1.34 1.34 1.34 1.34 1.34 1.30 1.30 1.30 1.30 1.30 1.30 1.30 1.30 1.30 1.30 1.30 1.30 1.30 1.30 1.30 1.30 1.17 1.17 1.17 3.72 3.45 4.60 3.45 3.45 3.45 4.62 3.91 3.91 3.56 3.56 3.56 3.56 1.36 1.36 1.36 1.36 4.49 4.49 4.47 1.36 1.36 1.36 1.36 1.36 1.36 1.36 1.36 1.36 1.33 1.33 1.33 1.33 1.33 1.33 1.33 1.33 1.33 1.33 1.33 1.33 1.33 1.33 1.33 1.33
0.00 0.00 0.00 0.00 0.00 0.00 0.00 0.00 0.00 0.00 0.00 1.34 1.34 1.34 1.34 1.34 1.34 1.34 1.34 1.34 1.30 1.30 1.30 1.30 1.30 1.30 1.30 1.30 1.30 1.30 1.30 1.30 1.30 1.30 1.30 1.30 1.17 1.17 1.17 3.56 3.56 4.60 4.60 4.61 3.56 3.56 3.56 3.91 1.17 3.91 3.56 3.91 1.36 1.36 1.36 1.36 1.36 4.49 4.47 4.47 1.36 1.36 1.36 1.36 1.36 1.36 1.36 1.36 1.33 1.33 1.33 1.33 1.33 1.33 1.33 1.33 1.33 1.33 1.33 1.33 1.33 1.33 1.33 1.33
0.00 0.00 0.00 0.00 0.00 0.00 0.00 0.00 0.00 0.00 0.00 1.34 1.34 1.34 1.34 1.34 1.34 1.34 1.34 1.34 1.30 1.30 1.30 1.30 1.30 1.30 1.30 1.30 1.30 1.30 1.30 1.30 1.30 1.30 4.11 1.30 1.17 1.17 1.17 3.56 3.56 4.60 4.60 4.61 3.91 3.56 3.56 3.91 1.17 3.91 3.91 1.17 1.36 1.36 1.36 1.36 1.36 1.36 1.36 1.36 4.47 1.36 1.36 1.36 1.36 1.36 1.36 1.36 1.33 1.33 1.33 1.33 1.33 1.33 1.33 1.33 1.33 1.33 1.33 1.33 1.33 1.33 1.33 1.33
0.00 0.00 0.00 0.00 0.00 0.00 0.00 0.00 0.00 0.00 0.00 1.34 1.34 1.34 1.34 1.34 1.34 1.34 1.34 1.34 1.30 1.30 1.30 1.30 1.30 1.30 1.30 1.30 1.30 1.30 1.30 1.30 1.30 1.30 4.11 1.30 3.72 1.17 3.56 3.56 3.91 3.91 4.60 4.62 3.91 3.56 3.56 1.17 1.17 1.17 1.17 1.17 1.36 1.36 1.36 1.36 1.36 1.36 1.36 1.36 1.36 1.36 1.36 1.36 1.36 1.36 1.36 1.36 1.33 1.33 1.33 1.33 1.33 1.33 1.33 1.33 1.33 1.33 1.33 1.33 1.33 1.33 1.33 1.33
0.00 0.00 0.00 0.00 1.28 0.00 0.00 0.00 0.00 0.00 1.28 1.28 1.28 1.28 1.28 1.28 1.28 1.28 1.28 1.28 1.29 1.29 1.29 1.29 1.29 1.29 1.29 1.29 1.29 1.29 1.29 1.29 1.29 1.29 1.29 1.89 1.22 1.22 3.69 3.69 3.69 4.05 3.69 3.69 4.05 3.69 1.22 1.22 1.22 1.22 1.22 1.22 1.25 1.25 1.25 1.25 1.25 1.25 1.25 1.25 1.25 1.25 1.25 1.25 1.25 1.25 1.25 1.25 1.09 1.09 1.09 1.09 1.09 1.09 1.09 1.09 1.09 1.09 1.09 1.09 1.09 1.09 1.09 1.09
0.00 0.00 0.00 1.37 1.28 1.28 0.00 0.00 0.00 1.28 1.28 1.28 1.28 1.28 1.28 1.28 1.28 1.28 1.28 1.28 1.29 1.29 1.29 1.29 1.29 1.29 1.29 1.29 1.29 1.29 1.29 1.29 1.29 1.29 1.29 1.29 1.22 1.22 1.78 1.22 3.69 4.05 4.05 3.69 4.05 3.69 1.22 1.22 1.22 1.22 1.22 1.22 1.25 1.25 1.25 1.25 1.25 1.25 1.25 1.25 1.25 1.25 1.25 1.25 1.25 1.25 1.25 1.25 1.09 1.09 1.09 1.09 1.09 1.09 1.09 1.09 1.09 1.09 1.09 1.09 1.09 1.09 1.09 1.09
1.37 1.37 1.37 1.37 1.28 1.28 1.28 1.28 1.28 1.28 1.88 1.28 1.28 1.28 1.28 1.28 1.28 1.28 1.28 1.28 1.29 1.29 1.29 1.29 1.29 1.29 1.29 1.29 1.29 1.29 1.29 1.29 1.29 1.29 1.29 1.29 1.22 3.69 3.69 4.05 3.69 3.69 3.69 4.05 3.69 4.05 1.22 1.22 1.22 1.22 1.22 1.22 1.25 1.25 1.25 1.25 1.25 1.25 1.25 1.25 1.25 1.25 1.25 1.25 1.25 1.25 1.25 1.25 1.09 1.09 1.09 1.09 1.09 1.09 1.09 1.09 1.09 1.09 1.09 1.09 1.09 1.09 1.09 1.09
1.37 1.37 1.37 1.37 1.28 1.28 1.28 1.28 1.28 1.28 1.28 1.28 1.28 1.28 1.28 1.28 1.28 1.28 1.28 1.28 1.29 1.29 1.29 1.29 1.29 1.29 1.29 1.29 1.29 1.29 1.29 1.29 1.29 1.29 1.29 1.29 4.05 4.05 3.69 3.69 3.69 3.69 3.69 3.69 3.69 3.69 1.22 1.22 1.22 1.22 1.22 1.22 1.25 1.25 1.25 1.25 1.25 1.25 1.25 1.25 1.25 1.25 1.25 1.25 1.25 1.25 1.25 1.25 1.09 1.09 1.09 1.09 1.09 3.63 1.09 1.09 1.09 1.09 1.09 1.09 1.09 1.09 1.09 3.63
1.37 1.37 1.37 1.37 1.28 1.28 1.28 1.28 1.28 1.28 1.28 1.28 1.28 1.28 1.28 1.28 1.28 1.28 1.28 1.28 1.29 1.29 1.29 1.29 1.29 1.29 1.29 1.29 1.29 1.29 1.29 1.29 1.29 1.29 1.29 1.29 3.69 4.05 3.69 3.69 4.77 3.69 3.69 4.05 3.69 3.69 4.05 1.22 1.22 1.22 1.22 1.22 1.25 1.25 1.25 1.25 1.25 1.25 1.25 1.25 1.25 1.25 1.25 1.25 1.25 1.25 1.25 1.25 1.09 1.09 1.09 1.09 1.09 1.09 1.09 1.09 1.09 1.09 1.09 1.09 1.09 1.09 3.63 3.63
1.37 1.37 1.37 1.37 1.28 1.28 1.28 1.28 1.28 1.28 1.28 1.28 1.28 1.28 1.28 1.28 1.28 1.28 1.28 1.28 1.29 1.29 1.29 1.29 1.29 1.29 1.29 1.29 1.29 1.29 1.29 1.29 1.29 1.29 1.29 1.29 1.22 1.22 4.77 4.77 4.77 1.22 1.22 4.05 3.69 3.69 4.05 1.22 1.22 1.22 1.22 1.22 1.25 1.25 1.25 1.25 1.25 1.25 1.25 1.25 1.25 1.25 1.25 1.25 1.25 1.25 1.25 1.25 1.09 1.09 1.09 1.09 1.09 1.09 1.09 1.09 1.09 1.09 3.63 1.09 1.09 1.09 3.63 3.63
1.37 1.37 1.37 1.37 1.28 1.28 1.28 1.28 1.28 1.28 1.28 1.28 1.28 1.28 1.28 1.28 1.28 1.28 1.28 1.28 1.29 1.29 1.29 1.29 1.29 1.29 1.29 1.29 1.29 1.29 1.29 1.29 1.29 1.29 1.29 1.29 1.22 1.22 3.85 3.85 4.77 1.22 1.22 4.05 4.05 4.05 3.69 1.22 1.22 1.22 1.22 1.22 1.25 1.25 1.25 1.25 1.25 1.25 1.25 1.25 1.25 1.25 1.25 1.25 1.25 1.25 1.25 1.25 1.09 1.09 1.09 1.09 1.09 1.09 1.09 1.09 1.09 1.09 1.09 1.09 3.63 3.63 3.63 3.63
1.37 1.37 1.37 1.37 1.28 1.28 1.28 1.28 1.28 1.28 1.28 1.28 1.28 1.28 1.28 1.28 1.28 1.28 1.28 1.28 1.29 1.29 1.29 1.29 1.29 1.29 1.29 1.29 1.29 1.29 1.29 1.29 1.29 1.29 1.29 1.29 1.22 1.22 1.22 4.77 4.05 1.22 1.22 4.05 4.05 4.05 4.05 1.22 1.22 1.22 1.22 1.22 1.25 1.25 1.25 1.25 1.25 1.25 1.25 1.25 1.25 1.25 1.25 1.25 1.25 1.25 1.25 1.25 1.09 1.09 1.09 1.09 1.09 1.09 1.09 1.09 1.09 1.09 1.09 1.09 3.63 3.63 3.63 3.63
1.37 1.37 1.37 1.37 1.28 1.28 1.28 1.28 1.28 1.28 1.28 1.28 1.28 1.28 1.28 1.28 1.28 1.28 1.28 1.28 1.29 1.29 1.29 1.29 1.29 1.29 1.29 1.29 1.29 1.29 1.29 1.29 1.29 1.29 1.29 1.29 1.22 1.22 1.22 4.05 4.05 3.69 1.22 4.05 1.22 1.22 1.22 1.22 1.22 1.22 1.22 1.22 1.25 1.25 1.25 1.25 1.25 1.25 1.25 1.25 1.25 1.25 1.25 1.25 1.25 1.25 1.25 1.25 1.09 1.09 1.09 1.09 1.09 1.09 1.09 1.09 1.09 1.09 1.09 1.09 3.63 3.63 3.63 3.63
1.37 1.37 1.37 1.37 1.28 1.28 1.28 1.28 1.28 1.28 1.28 1.28 1.28 1.28 1.28 1.28 1.28 1.28 1.28 1.28 1.29 1.29 1.29 1.29 1.29 1.29 1.29 1.29 1.29 1.29 1.29 1.29 1.29 1.29 1.29 1.29 1.22 1.22 1.22 4.05 3.69 4.05 1.22 1.22 1.22 1.22 1.22 1.22 1.22 1.22 1.22 1.22 1.25 1.25 1.25 1.25 1.25 1.25 1.25 1.25 1.25 1.25 1.25 1.25 1.25 1.25 1.25 1.25 1.09 1.09 1.09 1.09 1.09 1.09 1.09 1.09 1.09 1.09 1.09 1.09 3.63 3.63 3.63 3.63
1.37 1.37 1.37 1.37 1.28 1.28 1.28 1.28 1.28 1.28 1.28 1.28 1.28 1.28 1.28 1.28 1.28 1.28 1.28 1.28 1.29 1.29 1.29 1.29 1.29 1.29 1.29 1.29 1.29 1.29 1.29 1.29 1.29 1.29 1.29 1.29 1.22 1.22 1.22 1.22 1.22 1.22 1.22 1.22 1.22 1.22 1.22 1.22 1.22 1.22 1.22 1.22 1.25 1.25 4.18 1.25 1.25 1.25 1.25 1.25 1.25 1.25 1.25 1.25 1.25 1.25 1.25 1.25 1.09 1.09 1.09 1.09 1.09 1.09 1.09 1.09 1.09 1.09 1.09 1.09 3.63 3.63 3.63 3.63
1.37 1.37 1.37 1.37 1.28 1.28 1.28 1.28 1.28 1.28 1.28 1.28 1.28 1.28 1.28 1.28 1.28 1.28 1.28 1.28 1.29 1.29 1.29 1.29 1.29 1.29 1.29 1.29 1.29 1.29 1.29 1.29 1.29 1.29 1.29 1.29 1.22 1.22 1.22 1.22 1.22 1.22 1.22 1.22 1.22 1.22 1.22 1.22 1.22 1.22 1.22 1.22 1.25 1.25 1.25 1.25 1.25 1.25 1.25 1.25 1.25 1.25 1.25 1.25 1.25 1.25 1.25 1.25 1.09 1.09 1.09 1.09 1.09 1.09 1.09 1.09 1.09 1.09 1.09 1.09 1.09 3.63 3.63 3.63
