New_Model_Runs/6_FutureClimate_RCP45_out/post_prcessed_with_MFR/Monthly_summaries/actual_et_monthly_APR.asc
NCOLS 700
NROWS 400
XLLCENTER 515000.000000
YLLCENTER 8409000.000000
CELLSIZE 50.000000
NODATA_value -999.000000
[rows 266 to 303 of 400, columns 168 to 251 of 700]
3.35 3.35 3.35 1.62 3.35 1.11 1.11 1.11 1.15 1.15 1.15 1.15 1.15 1.15 1.15 1.15 1.15 1.15 1.15 1.15 1.15 1.15 1.15 1.15 1.03 1.03 1.03 1.03 1.03 1.03 3.45 1.03 1.03 1.03 1.03 1.03 1.03 1.03 1.03 1.03 1.10 1.10 1.10 3.67 1.10 1.10 1.10 1.10 1.61 3.67 3.67 3.67 3.67 3.67 3.67 3.67 3.46 3.46 3.46 3.46 3.46 3.46 3.15 3.15 3.15 3.46 4.08 3.15 3.15 3.15 3.46 3.46 3.31 4.30 3.64 4.30 4.30 3.40 4.29 3.31 3.31 3.31 3.31 3.31
3.26 3.26 3.42 3.35 3.35 3.69 1.11 1.11 1.15 1.15 1.15 1.15 1.15 1.15 1.15 1.15 1.15 1.15 1.15 1.15 1.15 1.15 1.15 1.15 1.03 1.03 1.03 1.03 1.03 1.03 3.45 3.14 3.45 1.03 1.03 1.03 1.03 1.03 1.03 1.03 1.10 1.10 1.10 1.10 3.67 1.10 1.10 1.10 1.10 3.67 3.67 3.67 3.34 3.67 3.67 3.67 3.46 3.46 3.15 3.46 3.46 3.46 3.46 3.15 3.15 3.15 4.08 3.15 3.15 3.46 3.46 3.46 4.30 4.30 4.30 4.30 3.40 4.29 4.29 4.29 4.29 3.64 3.64 3.64
3.26 3.26 3.42 3.91 3.42 3.42 1.11 1.11 1.15 1.15 1.15 1.15 1.15 1.15 1.15 1.15 1.15 1.15 1.15 1.15 1.15 1.15 1.15 1.15 1.03 1.03 1.03 1.03 1.03 1.03 3.45 3.45 3.45 3.45 1.03 1.03 1.03 1.03 1.03 1.03 1.10 1.10 1.10 1.10 3.67 3.67 1.10 3.67 3.67 3.67 3.67 3.67 3.34 3.67 3.67 3.67 3.15 3.46 3.15 3.46 3.46 3.46 3.15 4.08 4.08 4.08 4.08 4.08 4.08 3.46 3.46 3.46 3.64 4.30 4.30 3.40 3.64 3.64 3.31 3.64 3.31 4.29 4.29 3.64
3.91 3.26 3.91 3.42 3.42 3.42 1.11 1.11 1.15 1.15 1.15 1.15 1.15 1.15 1.15 1.15 1.15 1.15 1.15 1.15 1.15 1.15 1.15 1.15 1.03 1.03 1.03 1.03 1.03 1.03 1.03 3.45 3.45 1.03 1.03 1.03 1.03 1.03 1.03 1.03 1.10 3.67 3.67 1.10 3.67 3.67 3.34 3.34 3.67 3.67 3.67 3.67 1.10 1.10 1.10 3.34 3.15 3.15 4.08 3.15 3.46 3.46 3.15 3.46 3.15 3.15 3.15 4.08 4.08 3.46 4.08 3.46 3.64 4.30 4.30 4.30 3.31 3.31 4.29 3.64 3.31 3.31 3.64 1.09
3.26 3.26 3.91 3.26 3.42 3.26 1.11 1.11 1.15 1.15 3.28 1.68 1.68 1.68 1.15 1.15 1.15 1.15 1.15 1.15 1.15 1.15 1.15 1.15 1.03 1.03 1.03 1.03 1.03 1.03 3.45 3.45 3.45 1.03 1.03 1.03 1.03 1.03 1.03 1.03 3.67 3.67 3.34 3.67 3.67 3.67 3.67 4.33 3.34 3.34 1.10 1.10 1.10 1.10 3.34 3.34 3.15 3.15 3.15 3.46 3.15 3.46 3.46 3.46 4.08 3.15 3.15 4.08 3.46 3.46 3.46 3.46 4.30 4.30 4.30 3.31 3.31 3.31 3.31 3.64 3.31 3.31 3.64 1.09
3.42 3.91 2.68 3.26 3.26 3.26 1.11 1.11 1.15 1.15 1.68 1.68 3.13 3.13 1.15 1.15 1.15 1.15 1.15 3.63 1.68 1.15 1.15 1.15 1.03 1.03 1.03 1.03 3.45 3.45 3.45 3.45 3.45 3.45 1.03 1.03 1.03 1.03 1.03 1.03 3.67 3.67 3.67 3.67 3.67 3.67 3.67 4.33 1.10 1.10 1.10 1.10 1.10 1.10 3.34 3.34 3.15 3.46 4.08 3.46 3.15 3.15 3.46 4.08 4.08 4.08 4.08 3.46 4.08 3.46 3.46 3.35 3.64 4.30 4.30 3.31 3.31 3.31 3.31 4.29 3.31 3.31 3.31 1.09
3.42 3.91 4.10 3.26 1.11 1.11 1.11 1.11 1.15 1.15 1.68 1.68 3.13 1.15 1.15 1.15 3.27 3.53 3.51 3.51 3.82 3.63 1.68 1.15 1.03 1.03 3.45 3.45 3.45 3.45 3.45 3.45 3.45 3.45 3.28 1.52 1.03 1.03 1.03 1.03 1.10 1.10 3.67 3.67 3.67 3.67 3.67 4.33 4.33 1.10 1.10 1.10 1.10 1.10 3.34 3.34 3.46 3.46 1.22 3.35 3.15 3.15 3.46 4.08 4.08 1.22 3.35 4.08 3.15 4.08 4.08 3.46 4.30 4.30 4.30 3.31 3.31 3.31 3.31 4.29 4.29 3.31 3.46 1.09
3.42 4.10 3.42 1.11 1.11 1.11 1.11 1.11 1.15 1.15 1.68 1.68 1.15 1.15 1.15 1.15 1.15 3.36 3.51 3.51 3.82 3.63 3.63 1.68 1.03 1.03 3.45 3.45 3.45 3.45 3.45 3.45 3.45 3.45 3.45 3.45 3.45 3.14 1.03 1.03 1.10 1.10 3.67 3.34 3.67 3.34 3.67 3.34 1.10 1.10 1.10 1.10 1.10 3.67 3.67 1.10 3.46 4.08 4.08 4.08 3.46 4.08 4.08 4.08 4.08 1.22 4.08 3.15 3.46 1.04 4.08 3.35 3.40 4.30 4.30 4.29 4.29 3.31 3.31 4.29 4.29 1.60 3.46 1.60
3.49 4.14 1.70 1.16 1.16 1.16 1.16 3.31 1.67 1.67 1.67 1.67 1.14 1.14 1.14 1.14 1.14 1.14 3.48 3.48 1.14 1.14 1.14 1.14 1.11 1.11 1.11 3.71 3.71 3.71 3.71 3.71 3.71 3.71 3.37 3.71 3.37 1.11 1.11 1.63 1.65 3.75 3.75 3.41 3.75 3.75 3.75 4.42 3.75 3.75 1.12 3.75 1.12 1.12 3.75 3.75 1.07 4.19 3.24 3.24 4.20 4.20 3.56 3.56 3.24 4.20 4.20 3.24 4.20 3.35 3.35 3.35 3.37 3.35 3.35 3.35 4.25 4.25 3.35 3.35 4.25 4.35 3.50 1.62
3.39 3.86 3.49 1.16 1.16 1.70 3.40 3.40 1.67 3.11 3.26 1.67 1.67 1.14 1.14 1.14 1.14 1.14 3.48 3.48 1.14 1.14 1.14 1.14 1.11 1.11 1.11 1.11 3.71 3.71 3.71 3.71 3.71 3.71 4.37 1.11 1.11 3.71 1.11 1.11 1.12 1.12 3.75 3.75 3.75 3.75 3.75 3.75 3.75 3.75 3.75 3.41 3.75 1.65 3.41 1.12 1.07 1.07 3.24 3.24 4.20 4.20 3.56 3.24 3.24 4.20 4.20 4.20 4.20 4.20 3.35 3.35 4.25 3.68 3.35 3.35 3.68 3.68 3.68 3.68 3.68 1.62 1.62 3.68
3.86 3.86 3.39 1.16 1.16 1.70 1.70 1.70 3.11 3.11 3.11 3.11 1.14 1.14 1.14 1.14 1.14 1.14 3.48 3.79 1.14 1.14 1.14 1.14 1.11 1.11 1.11 1.11 3.71 3.71 3.71 3.71 3.71 3.71 3.71 4.37 3.37 1.11 1.63 1.11 1.12 1.12 3.75 3.75 3.75 3.75 1.12 1.12 4.42 4.42 3.41 3.75 3.75 1.65 3.75 3.75 1.07 3.24 4.20 3.24 3.24 3.56 3.56 3.56 4.20 4.20 4.20 4.20 4.20 3.35 4.20 3.56 3.68 4.25 3.35 3.35 3.68 4.25 3.68 3.68 3.68 1.62 3.35 4.25
4.46 3.39 3.49 1.16 1.16 1.16 1.16 3.15 3.11 3.26 3.11 1.67 1.14 1.14 1.14 1.14 1.14 1.14 1.14 3.60 1.14 1.14 1.14 1.14 1.11 1.11 1.11 1.11 3.71 3.71 3.71 3.71 3.71 3.71 3.71 4.37 3.71 1.11 3.71 3.71 1.12 3.41 3.75 3.75 1.12 1.12 1.12 1.12 3.75 3.41 3.75 3.75 3.75 3.75 3.41 3.41 3.24 3.24 4.20 4.20 3.56 3.24 3.56 4.20 3.35 4.20 4.20 4.20 4.20 3.56 3.56 3.56 3.68 3.68 3.35 3.35 3.68 3.68 3.68 4.25 3.68 3.35 1.62 3.68
4.14 3.49 3.39 1.16 1.16 3.40 3.40 3.25 3.26 3.26 1.14 1.14 1.14 1.14 1.14 1.14 1.14 1.14 1.14 1.14 1.14 1.14 1.14 1.14 1.11 1.11 1.11 1.11 3.71 3.71 1.11 1.11 1.11 1.11 3.71 3.71 3.71 1.11 1.11 3.71 3.75 3.75 1.12 1.12 1.12 1.12 1.12 1.12 1.12 4.42 3.75 3.75 3.75 3.75 3.75 3.75 3.24 3.24 3.56 3.24 4.20 3.56 3.56 4.20 4.20 3.35 3.35 1.26 4.20 4.20 3.56 3.56 3.68 4.25 4.25 4.25 3.68 1.62 1.62 3.68 3.68 1.62 1.62 3.68
3.86 3.86 3.49 3.40 1.16 3.40 3.40 1.70 3.26 1.14 1.14 1.14 1.14 1.14 1.14 1.14 1.14 1.14 1.14 1.14 1.14 1.14 1.14 1.14 1.11 1.11 1.11 1.11 1.11 3.71 1.11 3.52 1.11 1.11 3.71 3.37 1.11 1.63 3.37 3.37 3.75 3.75 1.12 1.12 1.12 1.12 1.12 1.12 1.12 3.75 3.75 3.75 3.75 3.75 3.75 3.75 3.56 3.56 3.24 3.24 3.56 3.56 3.56 4.20 4.20 3.35 3.35 3.35 4.20 4.20 1.57 3.56 3.68 4.25 4.25 4.25 3.35 3.68 3.68 1.62 1.62 1.62 3.35 3.68
3.86 3.86 3.49 3.49 1.16 1.16 1.16 1.16 1.14 1.14 1.14 1.14 3.41 1.67 1.14 1.14 1.14 1.14 3.41 3.79 3.79 1.14 1.14 1.14 1.11 1.11 1.11 1.11 1.11 3.37 3.52 3.52 1.11 4.37 4.37 1.63 1.63 3.37 3.71 3.71 3.75 1.12 1.12 1.12 1.12 1.12 1.12 1.12 1.12 3.75 3.75 3.75 3.75 3.56 3.75 3.75 3.56 3.56 3.56 3.24 3.56 3.56 4.20 3.35 4.20 3.35 3.56 3.56 3.56 3.24 1.57 3.56 3.68 3.68 3.68 3.35 3.68 3.68 3.68 3.68 3.50 1.62 3.50 3.50
3.86 3.86 3.49 3.39 1.16 1.16 1.16 1.16 3.43 1.14 1.14 1.14 3.48 3.88 3.76 1.14 3.41 1.14 1.14 3.79 3.79 1.14 1.14 1.14 1.11 1.11 1.11 1.11 3.71 3.71 3.71 4.37 3.71 4.37 3.37 3.37 3.37 3.37 3.71 3.71 1.65 1.12 3.75 1.12 1.12 1.12 1.65 1.65 1.12 3.75 3.75 3.75 3.75 4.42 3.75 3.41 3.56 3.56 3.56 3.56 3.24 4.20 4.20 4.20 3.56 4.20 3.56 3.56 3.56 3.24 1.57 3.56 3.68 3.68 3.35 3.35 3.35 3.68 3.68 3.68 3.68 3.68 3.35 1.11
3.86 3.86 3.86 3.86 3.40 1.16 1.16 1.16 3.43 1.14 1.14 3.51 3.48 3.48 3.88 3.88 3.88 3.48 4.47 4.47 3.45 3.45 3.45 1.14 3.71 3.71 3.37 3.37 3.71 3.71 3.71 4.37 4.37 4.37 4.37 3.37 3.37 1.63 3.37 3.37 1.12 3.41 3.75 3.41 1.12 3.75 3.75 4.42 3.41 3.75 3.75 3.75 3.41 4.42 4.42 3.41 3.24 3.56 3.56 3.24 3.56 4.20 3.35 3.35 3.56 3.56 3.56 3.56 3.56 3.24 3.56 3.56 3.68 3.68 3.35 3.35 3.68 3.68 4.25 3.68 3.68 3.35 3.68 3.68
3.39 3.39 3.86 2.69 3.49 1.16 1.16 1.16 1.14 1.14 1.14 1.14 1.14 1.14 3.88 2.69 3.88 3.48 4.47 3.47 4.47 3.79 4.47 4.47 3.45 4.37 3.71 3.37 4.37 3.71 3.45 4.37 4.37 1.31 1.63 3.37 3.37 3.37 3.37 3.37 1.12 1.12 1.12 1.12 3.41 3.41 3.75 3.75 3.75 3.75 3.75 4.42 3.41 4.42 1.12 1.12 4.20 3.56 3.56 3.56 3.24 4.20 4.20 4.20 3.24 3.24 3.24 3.56 3.24 3.24 1.57 3.56 3.68 3.68 3.35 3.35 3.68 3.68 3.68 3.68 3.68 3.35 3.35 3.35
3.40 3.88 3.88 3.88 3.49 1.16 1.16 3.74 1.14 1.14 1.14 1.14 1.14 3.88 2.69 2.69 3.88 3.88 4.47 4.47 3.47 4.47 4.47 4.47 4.37 4.37 4.37 3.45 3.45 4.37 3.45 4.37 4.37 3.45 1.63 1.63 3.37 1.11 1.11 1.11 1.12 3.75 1.12 3.75 3.75 3.41 3.41 3.56 3.75 3.75 3.75 4.42 1.12 1.12 1.12 3.75 3.56 4.20 3.24 3.24 3.56 4.20 3.56 3.56 3.24 3.24 3.24 3.56 3.24 3.24 3.24 3.56 3.68 3.68 3.68 3.68 3.68 3.68 3.68 3.68 3.35 3.35 3.35 3.35
3.88 3.88 3.40 3.40 3.88 3.40 4.03 3.86 3.88 3.88 3.88 1.14 3.88 3.90 3.90 2.69 3.90 3.90 3.45 3.79 4.47 4.47 4.47 4.47 3.71 3.37 3.45 3.45 4.37 3.45 3.45 3.45 4.37 3.45 4.37 3.37 1.63 1.11 1.11 1.11 1.12 3.75 3.75 3.75 3.75 3.75 3.41 4.42 3.75 3.75 3.75 3.41 3.75 3.75 4.42 3.75 3.56 4.20 4.20 3.24 3.24 3.56 3.56 3.56 3.56 4.20 4.20 4.20 4.20 3.56 3.56 3.56 3.68 3.68 3.68 3.68 3.68 3.68 3.68 3.35 3.35 3.68 3.68 3.35
3.88 3.88 3.40 3.40 3.40 3.31 3.74 3.86 1.67 3.88 3.88 3.34 3.90 1.17 3.90 3.90 2.69 3.47 3.45 3.79 3.45 4.47 4.47 3.79 4.37 4.37 3.45 4.37 4.37 4.37 3.45 4.37 1.31 4.37 3.45 4.37 3.71 3.71 3.71 3.52 1.12 3.75 3.75 3.75 3.41 3.41 3.41 3.41 3.41 3.41 3.41 3.41 1.12 1.12 3.41 3.41 3.24 3.24 3.24 3.24 4.20 3.56 3.56 3.56 3.56 4.20 4.20 4.20 3.56 3.56 3.56 3.56 3.68 3.68 3.68 3.68 3.68 1.62 1.62 3.35 4.33 3.68 3.68 3.35
4.16 3.88 3.88 3.88 3.40 3.74 3.88 3.88 3.88 2.68 3.90 3.90 3.90 2.69 3.90 3.90 3.90 4.47 1.14 1.14 3.45 3.79 3.79 3.45 3.71 3.71 3.71 4.37 4.37 3.45 1.31 4.37 4.37 4.37 4.37 3.71 3.71 3.71 3.71 3.71 1.12 1.12 3.75 3.75 1.12 3.41 4.42 4.42 3.41 3.41 1.12 1.12 1.12 1.12 1.12 1.12 3.24 3.24 3.56 3.24 4.20 4.20 3.56 3.56 4.20 4.20 3.24 3.56 3.56 3.56 3.56 3.56 3.68 3.68 3.68 3.68 3.68 3.68 3.35 3.35 3.68 4.33 3.68 3.68
2.69 2.69 3.88 3.88 3.88 3.88 2.69 3.88 3.90 3.34 3.34 3.50 3.90 3.34 3.50 3.50 3.90 4.47 1.14 3.60 3.45 4.47 3.45 3.45 3.71 3.71 3.71 3.71 3.71 3.71 4.37 4.37 3.37 3.71 3.45 3.71 4.37 3.71 3.71 3.37 3.75 3.75 1.12 3.41 1.12 1.12 4.42 4.42 3.41 3.41 1.12 1.12 3.41 3.41 1.12 1.12 3.24 4.20 4.20 3.56 4.20 3.34 4.20 4.20 4.20 3.56 3.56 3.56 3.56 3.56 3.56 3.56 3.68 3.68 3.68 3.68 4.33 3.68 3.35 3.35 4.33 4.33 4.33 4.33
3.88 3.88 3.88 3.88 3.88 3.88 3.88 2.69 2.69 3.34 3.50 3.50 2.69 3.90 3.50 3.50 3.52 1.14 1.14 4.47 4.47 4.47 3.45 3.79 3.71 3.71 3.71 3.71 3.71 4.37 3.37 3.71 3.37 3.37 3.71 4.37 1.63 3.71 3.71 3.71 3.75 3.75 1.12 1.12 1.12 3.56 4.42 4.42 3.75 1.12 1.12 1.12 1.12 1.12 1.12 1.12 1.07 4.20 3.56 3.56 4.20 4.20 3.56 3.56 4.20 4.20 4.20 3.56 3.24 3.56 3.56 3.56 3.68 3.68 3.68 3.68 4.33 4.33 3.35 4.33 4.33 4.33 4.33 4.25
3.36 3.36 3.36 3.36 3.79 3.79 2.65 4.08 2.65 2.65 4.10 3.82 3.82 3.82 3.45 3.50 3.45 3.77 1.13 1.13 1.13 3.77 3.77 3.77 3.75 3.75 3.75 3.75 3.75 3.75 3.41 4.42 4.42 3.41 3.75 3.41 3.75 1.65 3.75 3.75 3.73 3.73 1.12 1.12 1.12 1.12 1.12 1.12 1.12 1.12 1.64 1.12 1.12 1.12 3.55 3.55 1.07 1.07 4.19 3.31 4.19 3.55 3.23 4.19 4.19 3.55 3.23 4.19 1.07 3.55 3.55 3.55 3.32 3.32 1.60 1.60 1.60 4.25 3.64 4.25 4.25 4.25 4.15 4.15
3.79 3.79 3.79 3.44 3.79 3.36 3.79 3.79 3.82 2.65 3.82 3.82 3.82 4.10 3.45 3.45 3.77 3.77 1.66 3.43 1.13 1.13 3.77 3.77 3.75 3.75 3.75 3.75 3.75 3.75 3.41 3.41 4.42 4.42 4.42 3.41 3.75 3.45 3.41 3.75 3.73 3.73 3.73 1.12 1.64 3.55 1.12 1.12 1.12 1.12 1.12 1.12 1.12 1.12 1.12 3.55 1.56 1.07 4.19 3.31 3.31 4.19 3.55 3.55 3.55 3.55 3.23 3.23 1.07 3.55 3.55 3.55 3.64 3.32 3.32 1.60 1.09 1.09 3.32 4.25 4.25 4.15 4.15 4.15
3.79 3.79 3.79 3.36 3.36 3.36 3.36 3.79 3.45 4.10 3.33 3.33 3.82 1.15 3.82 3.45 3.77 3.77 3.43 3.43 1.13 1.13 1.13 3.77 3.75 3.75 3.41 3.41 3.75 3.75 3.75 3.75 3.41 4.42 3.75 3.75 3.75 3.41 3.41 3.41 3.40 3.40 3.40 1.12 1.12 3.73 1.12 1.12 1.12 1.12 1.12 1.12 1.12 1.12 1.12 1.12 1.07 1.56 4.19 3.31 4.19 3.55 3.55 3.55 3.55 3.55 3.55 3.55 1.07 1.07 3.55 3.55 3.64 3.64 3.32 1.09 1.09 3.32 4.25 4.15 4.15 4.15 4.15 4.15
3.79 3.79 3.79 3.79 3.79 3.79 3.36 3.79 3.33 3.45 3.33 3.33 3.33 3.45 3.82 3.82 4.45 3.77 3.43 3.43 3.43 3.43 3.77 3.77 3.75 3.75 3.41 3.41 3.75 3.75 3.75 3.41 3.75 4.42 3.75 3.75 3.41 3.41 3.41 3.41 3.40 3.40 3.40 1.64 1.12 1.12 1.12 1.12 1.12 1.12 1.12 1.12 1.12 1.12 3.73 1.12 1.07 1.56 4.19 4.19 4.19 3.23 3.23 3.23 3.55 3.55 3.23 1.07 1.07 1.07 1.07 3.23 3.32 3.64 1.09 1.09 3.32 4.25 4.15 4.15 4.15 4.15 4.15 4.15
2.64 3.79 3.79 3.79 3.44 3.79 3.44 3.44 3.33 3.82 3.45 3.45 3.45 3.45 3.82 3.45 3.44 1.34 4.45 4.45 4.45 4.45 3.77 3.77 3.75 4.42 4.42 3.41 3.41 3.41 3.41 4.42 4.42 3.75 3.75 3.75 3.75 3.75 3.41 3.41 3.40 3.40 3.40 4.41 4.41 1.12 1.12 1.12 1.12 1.12 1.12 1.12 1.12 1.12 1.12 1.12 1.07 1.07 4.19 4.19 3.31 3.55 3.23 3.31 4.19 4.19 4.19 4.19 1.07 3.55 3.55 3.55 3.64 1.09 1.09 1.09 3.32 4.15 4.15 4.29 4.15 3.32 1.24 4.15
2.64 3.79 3.79 3.79 3.36 3.44 3.36 3.36 3.33 3.82 3.82 3.45 3.45 3.45 3.45 3.45 3.77 3.77 3.44 3.44 4.45 4.45 3.44 4.45 3.75 4.42 4.42 3.41 3.75 3.75 3.75 4.42 3.41 3.75 3.41 3.41 3.75 3.75 3.75 3.75 3.73 3.73 3.73 4.41 4.41 4.41 4.41 4.41 4.41 1.12 1.12 1.12 3.73 1.12 1.12 1.12 1.07 1.07 1.07 1.07 4.19 3.55 3.55 3.23 4.19 3.55 3.55 3.23 3.23 3.55 3.55 3.55 3.64 3.64 1.09 1.09 4.25 4.25 4.25 4.15 4.15 4.15 4.15 4.15
2.64 3.79 3.79 3.79 3.79 3.36 3.36 3.36 3.33 3.33 3.33 3.82 3.82 3.45 3.45 3.77 3.77 4.45 3.43 4.45 3.44 4.45 4.45 4.45 3.41 4.42 3.41 3.41 3.41 3.75 3.75 4.42 3.75 3.75 3.75 3.75 3.75 3.75 4.42 4.42 3.40 3.73 3.73 3.55 4.41 4.41 4.41 4.41 4.41 1.12 1.12 1.12 3.73 1.12 1.12 3.73 1.07 1.07 1.07 1.07 1.07 4.19 3.23 3.55 3.55 3.23 3.55 4.19 4.19 1.07 1.07 3.55 3.64 3.32 3.32 3.32 4.25 4.25 4.25 3.32 4.15 4.15 3.64 3.64
2.64 3.79 3.79 3.79 3.79 3.36 3.36 3.36 3.33 3.33 3.33 3.33 3.82 3.33 3.82 4.45 3.77 4.45 3.43 3.43 4.45 4.45 4.45 3.77 4.42 4.42 4.42 3.75 3.56 4.42 3.75 3.75 4.42 3.41 3.41 3.75 3.75 3.75 3.75 3.75 3.73 3.73 3.73 3.73 3.73 4.41 4.41 4.41 4.41 1.12 1.12 1.12 1.12 1.12 3.73 1.12 1.07 1.07 1.07 1.07 1.07 1.26 3.23 3.55 3.23 3.23 3.55 3.55 4.19 3.55 4.19 3.55 3.32 3.32 3.32 3.32 3.32 3.64 4.25 4.30 4.25 4.15 3.64 3.64
3.36 4.08 3.79 3.79 3.51 3.36 3.36 3.36 3.33 3.33 3.33 3.33 3.82 3.33 3.50 3.77 4.45 3.77 3.43 3.43 3.77 3.43 3.77 4.45 4.42 4.42 4.42 1.65 4.42 4.42 4.42 3.75 4.42 4.42 4.42 3.75 4.42 4.42 3.75 3.75 3.73 3.73 3.73 3.73 3.73 1.64 4.41 1.12 1.12 1.12 1.12 1.12 1.12 1.12 3.40 1.12 1.07 1.07 3.23 3.23 4.19 4.19 3.55 3.23 4.19 3.23 3.23 3.23 3.55 3.55 3.23 3.55 3.32 3.32 4.30 3.32 3.64 3.32 3.32 3.64 3.32 3.64 4.15 3.64
3.36 3.36 3.79 2.64 3.36 3.36 3.36 3.36 3.33 3.33 3.33 3.82 3.82 3.33 3.82 4.45 4.45 4.45 3.43 3.43 3.43 3.77 3.77 3.77 3.75 4.42 4.42 3.56 4.42 3.45 4.42 3.45 3.45 3.45 3.75 3.75 4.42 4.42 4.42 3.75 3.73 3.73 3.73 3.73 3.73 3.73 3.40 3.73 3.73 3.40 3.40 1.12 1.12 1.12 1.12 1.12 4.19 4.19 3.55 1.07 3.55 4.19 3.23 3.55 4.19 4.19 4.19 3.23 3.23 3.55 3.23 3.23 3.64 4.30 4.30 4.30 4.30 4.30 3.32 3.32 3.32 4.29 4.15 4.15
3.36 3.44 3.36 2.64 3.79 3.44 3.44 3.79 3.82 3.33 3.33 3.33 3.33 3.45 3.82 4.45 4.45 4.45 4.45 3.43 4.45 3.77 3.43 3.43 3.75 3.75 4.42 3.45 4.42 3.75 4.42 4.42 4.42 3.45 4.42 3.75 3.75 4.42 3.75 3.75 3.73 3.73 3.73 3.73 3.73 3.73 3.73 3.73 3.73 3.40 3.40 1.12 1.12 1.12 1.12 1.12 3.55 3.55 3.55 1.07 3.55 3.23 3.23 3.55 3.23 3.55 3.55 3.23 4.19 3.55 3.55 3.23 3.32 4.30 4.30 4.30 4.30 4.30 3.32 3.32 3.32 4.25 4.15 4.15
3.36 3.36 3.36 4.08 3.79 3.79 3.79 3.44 3.45 3.45 3.45 3.82 3.45 3.45 3.77 3.77 3.77 4.45 4.45 3.77 3.77 3.77 3.77 4.45 3.41 3.75 4.42 4.42 4.42 4.42 3.75 4.42 4.42 4.42 4.42 4.42 3.45 3.75 3.41 3.41 3.73 3.73 4.41 3.73 3.73 3.73 4.41 4.41 3.73 3.40 3.73 3.73 3.40 3.73 1.12 1.12 3.55 3.55 3.55 3.23 4.19 3.55 3.23 3.23 4.19 3.23 3.23 3.55 3.55 4.19 4.19 4.19 3.32 3.32 4.30 4.30 4.30 4.30 4.30 3.32 4.30 4.25 4.15 4.15
3.36 3.36 3.44 3.44 3.79 2.64 3.79 3.44 3.33 3.33 3.45 3.82 2.65 3.45 3.77 3.77 4.45 3.77 3.77 3.43 3.77 3.77 3.77 3.77 3.75 3.41 4.42 4.42 4.42 4.42 3.41 3.41 3.75 4.42 3.75 3.41 4.42 4.42 3.45 3.75 3.73 3.73 4.41 3.73 3.73 3.73 4.41 4.41 4.41 3.73 4.41 3.73 3.73 3.73 1.12 3.73 3.55 3.55 3.55 3.55 4.19 3.55 3.23 3.23 3.23 3.23 3.55 3.55 3.55 3.23 3.23 3.23 4.30 3.32 4.30 4.30 4.30 4.30 4.30 3.32 3.32 4.30 4.15 4.15
3.36 3.44 3.36 3.79 4.08 1.14 3.79 3.79 3.33 3.33 3.82 3.82 3.33 3.45 3.77 3.43 3.77 3.77 3.43 3.77 1.13 3.77 3.77 3.77 3.41 4.42 3.41 3.41 4.42 3.41 3.41 3.75 3.41 3.41 3.75 3.75 3.41 4.42 4.42 3.45 4.41 4.41 3.40 3.73 3.40 3.40 3.40 3.73 3.73 3.73 3.73 1.12 1.12 3.73 1.12 3.73 3.55 3.55 3.55 4.19 4.19 3.55 4.19 3.55 3.23 3.23 3.55 3.55 3.55 3.23 4.19 3.55 3.64 4.30 4.30 4.30 4.30 4.30 3.32 3.64 3.64 4.30 4.30 4.15
