New_Model_Runs/6_FutureClimate_RCP45_out/post_prcessed_with_MFR/Monthly_summaries/actual_et_monthly_JUL.asc
NCOLS 700
NROWS 400
XLLCENTER 515000.000000
YLLCENTER 8409000.000000
CELLSIZE 50.000000
NODATA_value -999.000000
[rows 266 to 303 of 400, columns 168 to 251 of 700]
2.59 2.59 2.59 1.25 2.59 0.85 0.85 0.85 0.89 0.89 0.89 0.89 0.89 0.89 0.89 0.89 0.89 0.89 0.89 0.89 0.89 0.89 0.89 0.89 0.79 0.79 0.79 0.79 0.79 0.79 2.64 0.79 0.79 0.79 0.79 0.79 0.79 0.79 0.79 0.79 0.84 0.84 0.84 2.77 0.84 0.84 0.84 0.84 1.23 2.77 2.79 2.79 2.79 2.79 2.79 2.79 2.57 2.57 2.57 2.57 2.57 2.57 2.33 2.33 2.33 2.57 3.03 2.33 2.33 2.33 2.57 2.57 2.48 3.22 2.73 3.22 3.22 2.62 3.22 2.48 2.48 2.48 2.48 2.48
2.59 2.59 2.81 2.59 2.59 2.85 0.85 0.85 0.89 0.89 0.89 0.89 0.89 0.89 0.89 0.89 0.89 0.89 0.89 0.89 0.89 0.89 0.89 0.89 0.79 0.79 0.79 0.79 0.79 0.79 2.64 2.41 2.65 0.79 0.79 0.79 0.79 0.79 0.79 0.79 0.84 0.84 0.84 0.84 2.77 0.84 0.84 0.84 0.84 2.77 2.79 2.79 2.53 2.79 2.79 2.79 2.57 2.57 2.33 2.57 2.57 2.57 2.57 2.33 2.33 2.33 3.03 2.33 2.33 2.57 2.57 2.57 3.22 3.22 3.22 3.22 2.62 3.22 3.22 3.22 3.22 2.73 2.73 2.73
2.59 2.59 2.81 3.31 2.81 2.81 0.85 0.85 0.89 0.89 0.89 0.89 0.89 0.89 0.89 0.89 0.89 0.89 0.89 0.89 0.89 0.89 0.89 0.89 0.79 0.79 0.79 0.79 0.79 0.79 2.64 2.65 2.65 2.64 0.79 0.79 0.79 0.79 0.79 0.79 0.84 0.84 0.84 0.84 2.77 2.77 0.84 2.77 2.77 2.77 2.79 2.79 2.53 2.79 2.79 2.79 2.33 2.57 2.33 2.57 2.57 2.57 2.33 3.03 3.03 3.03 3.03 3.03 3.03 2.57 2.57 2.57 2.73 3.22 3.22 2.62 2.73 2.73 2.48 2.73 2.48 3.22 3.22 2.73
3.31 2.59 3.31 2.81 2.81 2.81 0.85 0.85 0.89 0.89 0.89 0.89 0.89 0.89 0.89 0.89 0.89 0.89 0.89 0.89 0.89 0.89 0.89 0.89 0.79 0.79 0.79 0.79 0.79 0.79 0.79 2.65 2.65 0.79 0.79 0.79 0.79 0.79 0.79 0.79 0.84 2.77 2.77 0.84 2.77 2.77 2.53 2.53 2.77 2.77 2.79 2.79 0.84 0.84 0.84 2.53 2.33 2.33 3.03 2.33 2.57 2.57 2.33 2.57 2.33 2.33 2.33 3.03 3.03 2.57 3.03 2.57 2.73 3.22 3.22 3.22 2.48 2.48 3.22 2.73 2.48 2.48 2.73 0.82
2.59 2.59 3.31 2.59 2.81 2.59 0.85 0.85 0.89 0.89 2.79 1.30 1.30 1.30 0.89 0.89 0.89 0.89 0.89 0.89 0.89 0.89 0.89 0.89 0.79 0.79 0.79 0.79 0.79 0.79 2.65 2.65 2.65 0.79 0.79 0.79 0.79 0.79 0.79 0.79 2.77 2.77 2.53 2.77 2.77 2.77 2.77 3.28 2.53 2.53 0.84 0.84 0.84 0.84 2.53 2.53 2.33 2.33 2.33 2.57 2.33 2.57 2.57 2.57 3.03 2.33 2.33 3.03 2.57 2.57 2.57 2.57 3.22 3.22 3.22 2.48 2.48 2.48 2.48 2.73 2.48 2.48 2.73 0.82
2.81 3.31 2.31 2.59 2.59 2.59 0.85 0.85 0.89 0.89 1.30 1.30 2.64 2.64 0.89 0.89 0.89 0.89 0.89 2.81 1.30 0.89 0.89 0.89 0.79 0.79 0.79 0.79 2.65 2.65 2.65 2.65 2.65 2.65 0.79 0.79 0.79 0.79 0.79 0.79 2.77 2.77 2.77 2.77 2.77 2.77 2.77 3.28 0.84 0.84 0.84 0.84 0.84 0.84 2.53 2.53 2.33 2.57 3.03 2.57 2.33 2.33 2.57 3.03 3.03 3.03 3.03 2.57 3.03 2.57 2.57 2.55 2.73 3.22 3.22 2.48 2.48 2.48 2.48 3.22 2.48 2.48 2.48 0.82
2.81 3.31 3.36 2.59 0.85 0.85 0.85 0.85 0.89 0.89 1.30 1.30 2.64 0.89 0.89 0.89 2.78 2.81 2.91 2.91 2.96 2.81 1.30 0.89 0.79 0.79 2.65 2.65 2.65 2.65 2.65 2.65 2.65 2.65 2.52 1.17 0.79 0.79 0.79 0.79 0.84 0.84 2.79 2.79 2.79 2.79 2.79 3.28 3.28 0.84 0.84 0.84 0.84 0.84 2.53 2.53 2.57 2.57 0.91 2.55 2.33 2.33 2.57 3.03 3.03 0.91 2.55 3.03 2.33 3.03 3.03 2.57 3.22 3.22 3.22 2.48 2.48 2.48 2.48 3.22 3.22 2.48 2.59 0.82
2.81 3.36 2.81 0.85 0.85 0.85 0.85 0.85 0.89 0.89 1.30 1.30 0.89 0.89 0.89 0.89 0.89 2.70 2.91 2.91 2.96 2.81 2.81 1.30 0.79 0.79 2.65 2.65 2.65 2.65 2.65 2.65 2.65 2.65 2.65 2.65 2.65 2.41 0.79 0.79 0.84 0.84 2.79 2.53 2.79 2.53 2.79 2.53 0.84 0.84 0.84 0.84 0.84 2.79 2.79 0.84 2.57 3.03 3.03 3.03 2.57 3.03 3.03 3.03 3.03 0.91 3.03 2.33 2.57 0.77 3.03 2.55 2.62 3.22 3.22 3.22 3.22 2.48 2.48 3.22 3.22 1.20 2.59 1.20
2.92 3.50 1.31 0.89 0.89 0.89 0.89 2.71 1.28 1.28 1.28 1.28 0.87 0.87 0.87 0.87 0.87 0.87 2.86 2.86 0.87 0.87 0.87 0.87 0.85 0.85 0.85 2.84 2.84 2.84 2.84 2.84 2.84 2.84 2.58 2.84 2.58 0.85 0.85 1.25 1.24 2.83 2.83 2.57 2.83 2.83 2.83 3.30 2.83 2.83 0.85 2.83 0.85 0.85 2.83 2.83 0.80 3.13 2.42 2.42 3.13 3.13 2.66 2.66 2.42 3.13 3.13 2.42 3.13 2.58 2.58 2.58 2.63 2.52 2.52 2.52 3.26 3.26 2.52 2.52 3.26 3.26 2.63 1.22
2.71 3.41 2.92 0.89 0.89 1.31 2.88 2.88 1.28 2.60 2.74 1.28 1.28 0.87 0.87 0.87 0.87 0.87 2.86 2.86 0.87 0.87 0.87 0.87 0.85 0.85 0.85 0.85 2.84 2.84 2.84 2.84 2.84 2.84 3.35 0.85 0.85 2.84 0.85 0.85 0.85 0.85 2.83 2.83 2.83 2.83 2.83 2.83 2.83 2.83 2.83 2.57 2.83 1.24 2.57 0.85 0.80 0.80 2.42 2.42 3.13 3.13 2.66 2.42 2.42 3.13 3.13 3.13 3.13 3.13 2.58 2.58 3.26 2.76 2.52 2.52 2.76 2.76 2.76 2.76 2.76 1.22 1.22 2.76
3.41 3.41 2.71 0.89 0.89 1.31 1.31 1.31 2.60 2.60 2.60 2.60 0.87 0.87 0.87 0.87 0.87 0.87 2.86 2.91 0.87 0.87 0.87 0.87 0.85 0.85 0.85 0.85 2.84 2.84 2.84 2.84 2.84 2.84 2.84 3.35 2.58 0.85 1.25 0.85 0.85 0.85 2.83 2.83 2.83 2.83 0.85 0.85 3.30 3.30 2.57 2.83 2.83 1.24 2.83 2.83 0.80 2.42 3.13 2.42 2.42 2.66 2.66 2.66 3.13 3.13 3.13 3.13 3.13 2.58 3.13 2.66 2.76 3.26 2.52 2.52 2.76 3.26 2.76 2.76 2.76 1.22 2.52 3.26
3.52 2.71 2.92 0.89 0.89 0.89 0.89 2.66 2.60 2.74 2.60 1.28 0.87 0.87 0.87 0.87 0.87 0.87 0.87 2.77 0.87 0.87 0.87 0.87 0.85 0.85 0.85 0.85 2.84 2.84 2.84 2.84 2.84 2.84 2.84 3.35 2.84 0.85 2.84 2.84 0.85 2.57 2.83 2.83 0.85 0.85 0.85 0.85 2.83 2.57 2.83 2.83 2.83 2.83 2.57 2.57 2.42 2.42 3.13 3.13 2.66 2.42 2.66 3.13 2.58 3.13 3.13 3.13 3.13 2.66 2.66 2.66 2.76 2.76 2.52 2.52 2.76 2.76 2.76 3.26 2.76 2.52 1.22 2.76
3.50 2.92 2.71 0.89 0.89 2.88 2.88 2.79 2.74 2.74 0.87 0.87 0.87 0.87 0.87 0.87 0.87 0.87 0.87 0.87 0.87 0.87 0.87 0.87 0.85 0.85 0.85 0.85 2.84 2.84 0.85 0.85 0.85 0.85 2.84 2.84 2.84 0.85 0.85 2.84 2.83 2.83 0.85 0.85 0.85 0.85 0.85 0.85 0.85 3.30 2.83 2.83 2.83 2.83 2.83 2.83 2.42 2.42 2.66 2.42 3.13 2.66 2.66 3.13 3.13 2.58 2.58 0.94 3.13 3.13 2.66 2.66 2.76 3.26 3.26 3.26 2.76 1.22 1.22 2.76 2.76 1.22 1.22 2.76
3.41 3.41 2.92 2.88 0.89 2.88 2.88 1.31 2.74 0.87 0.87 0.87 0.87 0.87 0.87 0.87 0.87 0.87 0.87 0.87 0.87 0.87 0.87 0.87 0.85 0.85 0.85 0.85 0.85 2.84 0.85 2.70 0.85 0.85 2.84 2.58 0.85 1.25 2.58 2.58 2.83 2.83 0.85 0.85 0.85 0.85 0.85 0.85 0.85 2.83 2.83 2.83 2.83 2.83 2.83 2.83 2.66 2.66 2.42 2.42 2.66 2.66 2.66 3.13 3.13 2.58 2.58 2.58 3.13 3.13 1.17 2.66 2.76 3.26 3.26 3.26 2.52 2.76 2.76 1.22 1.22 1.22 2.52 2.76
3.41 3.41 2.92 2.92 0.89 0.89 0.89 0.89 0.87 0.87 0.87 0.87 2.82 1.28 0.87 0.87 0.87 0.87 2.82 2.91 2.91 0.87 0.87 0.87 0.85 0.85 0.85 0.85 0.85 2.58 2.70 2.70 0.85 3.35 3.35 1.25 1.25 2.58 2.84 2.84 2.83 0.85 0.85 0.85 0.85 0.85 0.85 0.85 0.85 2.83 2.83 2.83 2.83 2.69 2.83 2.83 2.66 2.66 2.66 2.42 2.66 2.66 3.13 2.58 3.13 2.58 2.66 2.66 2.66 2.42 1.17 2.66 2.76 2.76 2.76 2.52 2.76 2.76 2.76 2.76 2.63 1.22 2.63 2.63
3.41 3.41 2.92 2.71 0.89 0.89 0.89 0.89 2.77 0.87 0.87 0.87 2.86 3.35 3.29 0.87 2.82 0.87 0.87 2.91 2.91 0.87 0.87 0.87 0.85 0.85 0.85 0.85 2.84 2.84 2.84 3.35 2.84 3.35 2.58 2.58 2.58 2.58 2.84 2.84 1.24 0.85 2.83 0.85 0.85 0.85 1.24 1.24 0.85 2.83 2.83 2.83 2.83 3.30 2.83 2.57 2.66 2.66 2.66 2.66 2.42 3.13 3.13 3.13 2.66 3.13 2.66 2.66 2.66 2.42 1.17 2.66 2.76 2.76 2.52 2.52 2.52 2.76 2.76 2.76 2.76 2.76 2.52 0.83
3.41 3.41 3.41 3.41 2.88 0.89 0.89 0.89 2.77 0.87 0.87 2.77 2.86 2.86 3.35 3.35 3.35 2.86 3.44 3.44 2.65 2.65 2.65 0.87 2.84 2.84 2.58 2.58 2.84 2.84 2.84 3.35 3.35 3.35 3.32 2.58 2.58 1.25 2.58 2.58 0.85 2.57 2.83 2.57 0.85 2.83 2.83 3.30 2.57 2.83 2.83 2.83 2.57 3.30 3.30 2.57 2.42 2.66 2.66 2.42 2.66 3.13 2.58 2.58 2.66 2.66 2.66 2.66 2.66 2.42 2.66 2.66 2.76 2.76 2.52 2.52 2.76 2.76 3.26 2.76 2.76 2.52 2.76 2.76
2.71 2.71 3.41 2.37 2.92 0.89 0.89 0.89 0.87 0.87 0.87 0.87 0.87 0.87 3.35 2.33 3.35 2.86 3.44 2.65 3.44 2.91 3.44 3.44 2.60 3.35 2.84 2.58 3.35 2.84 2.60 3.35 3.35 1.01 1.25 2.58 2.58 2.58 2.58 2.58 0.85 0.85 0.85 0.85 2.57 2.57 2.83 2.83 2.83 2.83 2.83 3.30 2.57 3.30 0.85 0.85 3.13 2.66 2.66 2.66 2.42 3.13 3.13 3.13 2.42 2.42 2.42 2.66 2.42 2.42 1.17 2.66 2.76 2.76 2.52 2.52 2.76 2.76 2.76 2.76 2.76 2.52 2.52 2.52
2.71 3.42 3.42 3.42 2.92 0.89 0.89 3.35 0.87 0.87 0.87 0.87 0.87 3.35 2.33 2.33 3.35 3.35 3.44 3.44 2.65 3.44 3.44 3.44 3.35 3.35 3.35 2.60 2.60 3.35 2.60 3.35 3.35 2.60 1.25 1.25 2.58 0.85 0.85 0.85 0.85 2.83 0.85 2.83 2.83 2.57 2.57 2.69 2.83 2.83 2.83 3.30 0.85 0.85 0.85 2.83 2.66 3.13 2.42 2.42 2.66 3.13 2.66 2.66 2.42 2.42 2.42 2.66 2.42 2.42 2.42 2.66 2.76 2.76 2.76 2.76 2.76 2.76 2.76 2.76 2.51 2.51 2.51 2.51
3.42 3.42 2.71 2.71 3.42 2.88 3.46 3.41 3.35 3.35 3.35 0.87 3.35 3.36 3.36 2.33 3.36 3.36 2.65 2.91 3.44 3.44 3.44 3.44 2.84 2.58 2.60 2.50 3.35 2.60 2.60 2.60 3.35 2.60 3.32 2.58 1.25 0.85 0.85 0.85 0.85 2.83 2.83 2.83 2.83 2.83 2.57 3.30 2.83 2.83 2.83 2.57 2.83 2.83 3.30 2.83 2.66 3.13 3.13 2.42 2.42 2.66 2.66 2.66 2.66 3.13 3.13 3.13 3.13 2.66 2.66 2.66 2.76 2.76 2.76 2.76 2.76 2.76 2.76 2.51 2.51 2.76 2.76 2.51
3.42 3.42 2.71 2.71 2.71 2.71 3.35 3.41 1.28 3.35 3.35 2.65 3.36 1.01 3.36 3.36 2.33 2.65 2.65 2.91 2.65 3.44 3.44 2.91 3.35 3.35 2.60 3.35 3.35 3.35 2.60 3.35 1.01 3.35 2.60 3.35 2.84 2.84 2.84 2.70 0.85 2.83 2.83 2.83 2.57 2.57 2.57 2.57 2.57 2.57 2.57 2.57 0.85 0.85 2.57 2.57 2.42 2.42 2.42 2.42 3.13 2.66 2.66 2.66 2.66 3.13 3.13 3.13 2.66 2.66 2.66 2.66 2.76 2.76 2.76 2.76 2.76 1.22 1.22 2.51 3.26 2.76 2.76 2.51
3.50 3.42 3.42 3.42 2.71 3.35 3.42 3.42 3.35 2.33 3.36 3.36 3.36 2.33 3.36 3.36 3.36 3.44 0.87 0.87 2.65 2.91 2.91 2.65 2.84 2.84 2.84 3.35 3.35 2.60 1.01 3.35 3.35 3.35 3.35 2.84 2.84 2.84 2.84 2.84 0.85 0.85 2.83 2.83 0.85 2.57 3.30 3.30 2.57 2.57 0.85 0.85 0.85 0.85 0.85 0.85 2.42 2.42 2.66 2.42 3.13 3.13 2.66 2.66 3.13 3.13 2.42 2.66 2.66 2.66 2.66 2.66 2.76 2.76 2.76 2.76 2.76 2.76 2.51 2.51 2.76 3.26 2.76 2.76
2.37 2.37 3.42 3.42 3.42 3.42 2.37 3.42 3.36 2.65 2.65 2.86 3.36 2.65 2.86 2.86 3.36 3.43 0.87 2.77 2.65 3.43 2.65 2.65 2.84 2.84 2.84 2.84 2.84 2.84 3.35 3.35 2.58 2.84 2.60 2.84 3.35 2.84 2.84 2.58 2.83 2.83 0.85 2.57 0.85 0.85 3.30 3.30 2.57 2.57 0.85 0.85 2.57 2.57 0.85 0.85 2.42 3.13 3.13 2.66 3.13 2.48 3.13 3.13 3.13 2.66 2.66 2.66 2.66 2.66 2.66 2.66 2.76 2.76 2.76 2.76 3.26 2.76 2.51 2.51 3.26 3.26 3.26 3.26
3.42 3.42 3.42 3.42 3.42 3.42 3.42 2.27 2.33 2.65 2.86 2.86 2.33 3.36 2.86 2.86 2.77 0.87 0.87 3.43 3.43 3.43 2.65 2.91 2.84 2.84 2.84 2.84 2.84 3.35 2.58 2.84 2.58 2.58 2.84 3.35 1.25 2.84 2.84 2.84 2.83 2.83 0.85 0.85 0.85 2.69 3.30 3.30 2.83 0.85 0.85 0.85 0.85 0.85 0.85 0.85 0.80 3.13 2.66 2.66 3.13 3.13 2.66 2.66 3.13 3.13 3.13 2.66 2.42 2.66 2.66 2.66 2.76 2.76 2.76 2.76 3.26 3.26 2.51 3.26 3.26 3.26 3.26 3.26
2.69 2.69 2.69 2.69 3.40 3.40 2.25 3.48 2.30 2.30 3.39 3.32 3.32 3.32 2.83 2.73 2.83 2.88 0.86 0.86 0.86 2.88 2.88 2.88 2.86 2.86 2.86 2.86 2.86 2.86 2.60 3.38 3.38 2.60 2.86 2.60 2.86 1.26 2.86 2.86 2.81 2.81 0.84 0.84 0.84 0.84 0.84 0.84 0.84 0.84 1.24 0.84 0.84 0.84 2.67 2.67 0.79 0.79 3.09 2.46 3.12 2.64 2.40 3.12 3.12 2.64 2.40 3.12 0.79 2.64 2.64 2.64 2.48 2.48 1.20 1.20 1.20 3.22 2.73 3.22 3.22 3.22 3.22 3.22
3.40 3.40 3.40 2.90 3.40 2.69 3.40 3.40 3.32 2.30 3.32 3.32 3.32 3.39 2.83 2.83 2.88 2.88 1.27 2.62 0.86 0.86 2.88 2.88 2.86 2.86 2.86 2.86 2.86 2.86 2.60 2.60 3.38 3.38 3.38 2.60 2.86 2.60 2.60 2.86 2.81 2.81 2.80 0.84 1.24 2.67 0.84 0.84 0.84 0.84 0.84 0.84 0.84 0.84 0.84 2.67 1.16 0.79 3.09 2.46 2.46 3.12 2.64 2.64 2.64 2.64 2.40 2.40 0.79 2.64 2.64 2.64 2.73 2.48 2.48 1.20 0.82 0.82 2.48 3.22 3.22 3.22 3.22 3.22
3.40 3.40 3.40 2.69 2.69 2.69 2.69 3.40 2.83 3.39 2.62 2.62 3.32 1.00 3.32 2.83 2.88 2.88 2.62 2.62 0.86 0.86 0.86 2.88 2.86 2.86 2.60 2.60 2.86 2.86 2.86 2.86 2.60 3.38 2.86 2.86 2.86 2.60 2.60 2.60 2.56 2.56 2.56 0.84 0.84 2.80 0.84 0.84 0.84 0.84 0.84 0.84 0.84 0.84 0.84 0.84 0.79 1.16 3.09 2.46 3.12 2.64 2.64 2.64 2.64 2.64 2.64 2.64 0.79 0.79 2.64 2.64 2.73 2.73 2.48 0.82 0.82 2.48 3.22 3.22 3.22 3.22 3.22 3.22
3.40 3.40 3.40 3.40 3.40 3.40 2.69 3.40 2.62 2.83 2.62 2.62 2.62 2.83 3.32 3.32 3.39 2.88 2.62 2.62 2.62 2.62 2.88 2.88 2.86 2.86 2.60 2.60 2.86 2.86 2.86 2.60 2.86 3.38 2.86 2.86 2.60 2.60 2.60 2.60 2.56 2.56 2.56 1.24 0.84 0.84 0.84 0.84 0.84 0.84 0.84 0.84 0.84 0.84 2.80 0.84 0.79 1.16 3.09 3.09 3.12 2.40 2.40 2.40 2.64 2.64 2.40 0.79 0.79 0.79 0.79 2.40 2.48 2.73 0.82 0.82 2.48 3.22 3.22 3.22 3.22 3.22 3.22 3.22
2.35 3.40 3.40 3.40 2.90 3.40 2.90 2.90 2.62 3.32 2.83 2.83 2.83 2.83 3.32 2.83 2.62 1.02 3.39 3.39 3.39 3.39 2.88 2.88 2.86 3.38 3.38 2.60 2.60 2.60 2.60 3.38 3.38 2.86 2.86 2.86 2.86 2.86 2.60 2.60 2.56 2.56 2.56 3.31 3.31 0.84 0.84 0.84 0.84 0.84 0.84 0.84 0.84 0.84 0.84 0.84 0.79 0.79 3.09 3.09 2.46 2.64 2.40 2.46 3.12 3.12 3.12 3.12 0.79 2.64 2.64 2.64 2.73 0.82 0.82 0.82 2.48 3.22 3.22 3.22 3.22 2.59 0.97 3.22
2.35 3.40 3.40 3.40 2.69 2.90 2.69 2.69 2.62 3.32 3.32 2.83 2.83 2.83 2.83 2.83 2.88 2.88 2.62 2.62 3.39 3.39 2.52 3.39 2.86 3.38 3.38 2.60 2.86 2.86 2.86 3.38 2.60 2.86 2.60 2.60 2.86 2.86 2.86 2.86 2.81 2.81 2.81 3.31 3.31 3.31 3.31 3.24 3.24 0.84 0.84 0.84 2.80 0.84 0.84 0.84 0.79 0.79 0.79 0.79 3.12 2.64 2.64 2.40 3.12 2.64 2.64 2.40 2.40 2.64 2.64 2.64 2.73 2.73 0.82 0.82 3.22 3.22 3.22 3.22 3.22 3.22 3.22 3.22
2.35 3.40 3.40 3.40 3.40 2.69 2.69 2.69 2.62 2.62 2.62 3.32 3.32 2.83 2.83 2.88 2.88 3.39 2.62 3.39 2.62 3.39 3.39 3.39 2.60 3.38 2.60 2.60 2.60 2.86 2.86 3.38 2.86 2.86 2.86 2.86 2.86 2.86 3.38 3.38 2.56 2.81 2.81 2.67 3.31 3.31 3.31 3.31 3.24 0.84 0.84 0.84 2.80 0.84 0.84 2.80 0.79 0.79 0.79 0.79 0.79 3.12 2.40 2.64 2.64 2.40 2.64 3.12 3.12 0.79 0.79 2.64 2.73 2.48 2.48 2.48 3.22 3.22 3.22 2.48 3.22 3.22 2.73 2.73
2.35 3.40 3.40 3.40 3.40 2.69 2.69 2.69 2.62 2.62 2.62 2.62 3.32 2.62 3.32 3.39 2.88 3.39 2.62 2.62 3.39 3.39 3.39 2.88 3.38 3.38 3.38 2.86 2.72 3.38 2.86 2.86 3.38 2.60 2.60 2.86 2.86 2.86 2.86 2.86 2.81 2.81 2.81 2.81 2.81 3.31 3.31 3.31 3.31 0.84 0.84 0.84 0.84 0.84 2.80 0.84 0.79 0.79 0.79 0.79 0.79 0.93 2.40 2.64 2.40 2.40 2.64 2.64 3.12 2.64 3.12 2.64 2.48 2.48 2.48 2.48 2.48 2.73 3.22 3.22 3.22 3.22 2.73 2.73
2.69 3.48 3.40 3.40 2.81 2.69 2.69 2.69 2.62 2.62 2.62 2.62 3.32 2.62 2.73 2.88 3.39 2.88 2.62 2.62 2.88 2.62 2.88 3.39 3.38 3.38 3.38 1.26 3.38 3.38 3.38 2.86 3.38 3.38 3.38 2.86 3.38 3.38 2.86 2.86 2.81 2.81 2.81 2.81 2.81 1.24 3.31 0.84 0.84 0.84 0.84 0.84 0.84 0.84 2.56 0.84 0.79 0.79 2.40 2.40 3.12 3.12 2.64 2.40 3.12 2.40 2.40 2.40 2.64 2.64 2.40 2.64 2.48 2.48 3.22 2.48 2.73 2.49 2.59 2.73 2.48 2.73 3.22 2.73
2.69 2.69 3.40 2.35 2.69 2.69 2.69 2.69 2.62 2.62 2.62 3.32 3.32 2.62 3.32 3.39 3.39 3.39 2.62 2.62 2.62 2.88 2.88 2.88 2.86 3.38 3.38 2.72 3.38 2.60 3.38 2.60 2.60 2.60 2.86 2.86 3.38 3.38 3.38 2.86 2.81 2.81 2.81 2.81 2.81 2.81 2.56 2.81 2.81 2.56 2.56 0.84 0.84 0.84 0.84 0.84 3.09 3.09 2.64 0.79 2.64 3.12 2.40 2.64 3.12 3.12 3.12 2.40 2.40 2.64 2.40 2.40 2.73 3.22 3.22 3.22 3.22 3.22 2.49 2.48 2.48 3.22 3.22 3.22
2.69 2.90 2.69 2.35 3.40 2.90 2.90 3.40 3.32 2.62 2.62 2.62 2.62 2.83 3.32 3.39 3.39 3.39 3.39 2.62 3.39 2.88 2.62 2.62 2.86 2.86 3.38 2.60 3.38 2.86 3.38 3.38 3.38 2.60 3.38 2.86 2.86 3.38 2.86 2.86 2.81 2.81 2.81 2.81 2.81 2.81 2.81 2.81 2.81 2.56 2.56 0.84 0.84 0.84 0.84 0.84 2.64 2.64 2.64 0.79 2.64 2.40 2.40 2.64 2.40 2.64 2.64 2.40 3.12 2.64 2.64 2.40 2.48 3.22 3.22 3.22 3.22 3.22 2.49 2.49 2.59 3.22 3.22 3.22
2.69 2.69 2.69 3.48 3.40 3.40 3.40 2.90 2.83 2.83 2.83 3.32 2.83 2.83 2.88 2.88 2.88 3.39 3.39 2.88 2.88 2.88 2.88 3.39 2.60 2.86 3.38 3.38 3.38 3.38 2.86 3.38 3.38 3.38 3.38 3.38 2.60 2.86 2.60 2.60 2.81 2.81 3.31 2.81 2.81 2.81 3.31 3.31 2.81 2.56 2.81 2.81 2.56 2.81 0.84 0.84 2.64 2.64 2.64 2.40 3.12 2.64 2.40 2.40 3.12 2.40 2.40 2.64 2.64 3.12 3.12 3.12 2.49 2.49 3.22 3.22 3.22 3.22 3.22 2.49 3.22 3.22 3.22 3.22
2.69 2.69 2.90 2.90 3.40 2.35 3.40 2.90 2.62 2.62 2.83 3.32 2.30 2.83 2.88 2.88 3.39 2.88 2.88 2.62 2.88 2.88 2.88 2.88 2.86 2.60 3.38 3.38 3.38 3.38 2.60 2.60 2.86 3.38 2.86 2.60 3.38 3.38 2.50 2.86 2.81 2.81 3.31 2.81 2.81 2.81 3.31 3.31 3.31 2.81 3.31 2.81 2.81 2.81 0.84 2.81 2.64 2.64 2.64 2.64 3.12 2.64 2.40 2.40 2.40 2.40 2.64 2.64 2.64 2.40 2.40 2.40 3.22 2.49 3.22 3.22 3.22 3.19 3.19 2.49 2.49 3.19 3.22 3.22
2.69 2.90 2.69 3.40 3.48 1.02 3.40 3.40 2.62 2.62 3.32 3.32 2.62 2.83 2.88 2.62 2.88 2.88 2.62 2.88 0.86 2.88 2.88 2.88 2.60 3.38 2.60 2.60 3.38 2.60 2.60 2.86 2.60 2.60 2.86 2.86 2.60 3.38 3.38 2.60 3.31 3.31 2.56 2.81 2.56 2.56 2.56 2.81 2.81 2.81 2.81 0.84 0.84 2.81 0.84 2.81 2.64 2.64 2.64 3.12 3.12 2.64 3.12 2.64 2.40 2.40 2.64 2.64 2.64 2.40 3.12 2.64 2.73 3.22 3.22 3.22 3.22 3.19 2.48 2.73 2.73 3.19 3.19 3.22
