New_Model_Runs/6_FutureClimate_RCP45_out/post_prcessed_with_MFR/Monthly_summaries/actual_et_monthly_NOV.asc
NCOLS 700
NROWS 400
XLLCENTER 515000.000000
YLLCENTER 8409000.000000
CELLSIZE 50.000000
NODATA_value -999.000000
[rows 228 to 265 of 400, columns 84 to 167 of 700]
1.30 1.30 1.30 1.30 1.30 1.30 1.30 1.30 1.30 1.30 1.30 1.30 1.26 1.26 1.26 1.26 1.26 1.26 1.26 1.26 1.26 1.26 1.26 1.26 1.26 1.26 1.26 1.26 1.20 1.20 1.20 1.20 1.20 1.20 1.20 1.20 1.20 1.20 1.20 1.20 1.20 1.20 1.20 1.20 1.22 1.22 1.22 1.22 1.22 1.22 1.22 1.22 1.22 1.22 1.22 1.22 1.22 1.22 1.22 1.22 1.20 1.20 1.20 1.20 1.20 1.20 1.20 1.20 1.20 1.20 1.20 1.20 1.20 1.20 1.20 1.20 1.18 1.18 1.18 1.18 1.18 1.18 1.18 1.18
1.30 1.30 1.30 1.30 1.30 1.30 1.30 1.30 1.30 1.30 1.30 1.30 1.26 1.26 1.26 1.26 1.26 1.26 1.26 1.26 1.26 1.26 1.26 1.26 1.26 1.26 1.26 1.26 1.20 1.20 1.20 1.20 1.20 1.20 1.20 1.20 1.20 1.20 1.20 1.20 1.20 1.20 1.20 1.20 1.22 1.22 1.22 1.22 1.22 1.22 1.22 1.22 1.22 1.22 1.22 1.22 1.22 1.22 1.22 1.22 1.20 1.20 1.20 1.20 1.20 1.20 1.20 1.20 1.20 1.20 1.20 1.20 1.20 1.20 1.20 1.20 1.18 1.18 1.18 1.18 1.18 1.18 1.18 1.18
1.30 1.30 1.30 1.30 1.30 1.30 1.30 1.30 1.30 1.30 1.30 1.30 1.26 1.26 1.26 1.26 1.26 1.26 1.26 1.26 1.26 1.26 1.26 1.26 1.26 1.26 1.26 1.26 1.20 1.20 1.20 1.20 1.20 1.20 1.20 1.20 1.20 1.20 1.20 1.20 1.20 1.20 1.20 1.20 1.22 1.22 1.22 1.22 1.22 1.22 1.22 1.22 1.22 1.22 1.22 1.22 1.22 1.22 1.22 1.22 1.20 1.20 1.20 1.20 1.20 1.20 1.20 1.20 1.20 1.20 1.20 1.20 1.20 1.20 1.20 1.20 1.18 1.18 1.18 1.18 1.18 1.18 1.18 1.18
1.30 1.30 1.30 1.30 1.30 1.30 1.30 1.30 1.30 1.30 1.30 1.30 1.26 1.26 1.26 1.26 1.26 1.26 1.26 1.26 1.26 1.26 1.26 1.26 1.26 1.26 1.26 1.26 1.20 1.20 1.20 1.20 1.20 1.20 1.20 1.20 1.20 1.20 1.20 1.20 1.20 1.20 1.20 1.20 1.22 1.22 1.22 1.22 1.22 1.22 1.22 1.22 1.22 1.22 1.22 1.22 1.22 1.22 1.22 1.22 1.20 1.20 1.20 1.20 1.20 1.20 1.20 1.20 1.20 1.20 1.20 1.20 1.20 1.20 1.20 1.20 1.18 1.18 1.18 1.18 1.18 1.18 1.18 1.18
1.30 1.30 1.30 1.30 1.30 1.30 1.30 1.30 1.30 1.30 1.30 1.30 1.26 1.26 1.26 1.26 1.26 1.26 1.26 1.26 1.26 1.26 1.26 1.26 1.26 1.26 1.26 1.26 1.20 1.20 1.20 1.20 1.20 1.20 1.20 1.20 1.20 1.20 1.20 1.20 1.20 1.20 1.20 1.20 1.22 1.22 1.22 1.22 1.22 1.22 1.22 1.22 1.22 1.22 1.22 1.22 1.22 1.22 1.22 1.22 1.20 1.20 1.20 1.20 1.20 1.20 1.20 1.20 1.20 1.20 1.20 1.20 1.20 1.20 1.20 1.20 1.18 1.18 1.18 1.18 1.18 1.18 1.18 1.18
1.30 1.30 1.30 1.30 1.30 1.30 1.30 1.30 1.30 1.30 1.30 1.30 1.26 1.26 1.26 1.26 1.26 1.26 1.26 1.26 1.26 1.26 1.26 1.26 1.26 1.26 1.26 1.26 1.20 1.20 1.20 1.20 1.20 1.20 1.20 1.20 1.20 1.20 1.20 1.20 1.20 1.20 1.20 1.20 1.22 1.22 1.22 1.22 1.22 1.22 1.22 1.22 1.22 1.22 1.22 1.22 1.22 1.22 1.22 1.22 1.20 1.20 1.20 1.20 1.20 1.20 1.20 1.20 1.20 1.20 1.20 1.20 1.20 1.20 1.20 1.20 1.18 1.18 1.18 1.18 1.18 1.18 1.18 1.18
1.30 1.30 1.30 1.30 1.30 1.30 1.30 1.30 1.30 1.30 1.30 1.30 1.26 1.26 1.26 1.26 1.26 1.26 1.26 1.26 1.26 1.26 1.26 1.26 1.26 1.26 1.26 1.26 1.20 1.20 1.20 1.20 1.20 1.20 1.20 1.20 1.20 1.20 1.20 1.20 1.20 1.20 1.20 1.20 1.22 1.22 1.22 1.22 1.22 1.22 1.22 1.22 1.22 1.22 1.22 1.22 1.22 1.22 1.22 1.22 1.20 1.20 1.20 1.20 1.20 1.20 1.20 1.20 1.20 1.20 1.20 1.20 1.20 1.20 1.20 1.20 1.18 1.18 1.18 1.18 1.18 1.18 1.18 1.18
1.30 1.30 1.30 1.30 1.30 1.30 1.30 1.30 1.30 1.30 1.30 1.30 1.26 1.26 1.26 1.26 1.26 1.26 1.26 1.26 1.26 1.26 1.26 1.26 1.26 1.26 1.26 1.26 1.20 1.20 1.20 1.20 1.20 1.20 1.20 1.20 1.20 1.20 1.20 1.20 1.20 1.20 1.20 1.20 1.22 1.22 1.22 1.22 1.22 1.22 1.22 1.22 1.22 1.22 1.22 1.22 1.22 1.22 1.22 1.22 1.20 1.20 1.20 1.20 1.20 1.20 1.20 1.20 1.20 1.20 1.20 1.20 1.20 1.20 1.20 1.20 1.18 1.18 1.18 1.18 1.18 1.18 1.18 1.18
1.30 1.30 1.30 1.30 1.30 1.30 1.30 1.30 1.30 1.30 1.30 1.30 1.26 1.26 1.26 1.26 1.26 1.26 1.26 1.26 1.26 1.26 1.26 1.26 1.26 1.26 1.26 1.26 1.20 1.20 1.20 1.20 1.20 1.20 1.20 1.20 1.20 1.20 1.20 1.20 1.20 1.20 1.20 1.20 1.22 1.22 1.22 1.22 1.22 1.22 1.22 1.22 1.22 1.22 1.22 1.22 1.22 1.22 1.22 1.22 1.20 1.20 1.20 1.20 1.20 1.20 1.20 1.20 1.20 1.20 1.20 1.20 1.20 1.20 1.20 1.20 1.18 1.18 1.18 1.18 1.18 1.18 1.18 1.18
1.30 1.30 1.30 1.30 1.30 1.30 1.30 1.30 1.30 1.30 1.30 1.30 1.26 1.26 1.26 1.26 1.26 1.26 1.26 1.26 1.26 1.26 1.26 1.26 1.26 1.26 1.26 1.26 1.20 1.20 1.20 1.20 1.20 1.20 1.20 1.20 1.20 1.20 1.20 1.20 1.20 1.20 1.20 1.20 1.22 1.22 1.22 1.22 1.22 1.22 1.22 1.22 1.22 1.22 1.22 1.22 1.22 1.22 1.22 1.22 1.20 1.20 1.20 1.20 1.20 1.20 1.20 1.20 1.20 1.20 1.20 1.20 1.20 1.20 1.20 1.20 1.18 1.18 1.18 1.18 1.18 1.18 1.18 1.18
1.30 1.30 1.30 1.30 1.30 1.30 1.30 1.30 1.30 1.30 1.30 1.30 1.26 1.26 1.26 1.26 1.26 1.26 1.26 1.26 1.26 1.26 1.26 1.26 1.26 1.26 1.26 1.26 1.20 1.20 1.20 1.20 1.20 1.20 1.20 1.20 1.20 1.20 1.20 1.20 1.20 1.20 1.20 1.20 1.22 1.22 1.22 1.22 1.22 1.22 1.22 1.22 1.22 1.22 1.22 1.22 1.22 1.22 1.22 1.22 1.20 1.20 1.20 1.20 1.20 1.20 1.20 1.20 1.20 1.20 1.20 1.20 1.20 1.20 1.20 1.20 1.18 1.18 1.18 1.18 1.18 1.18 1.18 1.18
1.30 1.30 1.30 1.30 1.30 1.30 1.30 1.30 1.30 1.30 1.30 1.30 1.26 1.26 1.26 1.26 1.26 1.26 1.26 1.26 1.26 1.26 1.26 1.26 1.26 1.26 1.26 1.26 1.20 1.20 1.20 1.20 1.20 1.20 1.20 1.20 1.20 1.20 1.20 1.20 1.20 1.20 1.20 1.20 1.22 1.22 1.22 1.22 1.22 1.22 1.22 1.22 1.22 1.22 1.22 1.22 1.22 1.22 1.22 1.22 1.20 1.20 1.20 1.20 1.20 1.20 1.20 1.20 1.20 1.20 1.20 1.20 1.20 1.20 1.20 1.20 1.18 1.18 1.18 1.18 1.18 1.18 1.18 1.18
1.30 1.30 1.30 1.30 1.30 1.30 1.30 1.30 1.30 1.30 1.30 1.30 1.26 1.26 1.26 1.26 1.26 1.26 1.26 1.26 1.26 1.26 1.26 1.26 1.26 1.26 1.26 1.26 1.20 1.20 1.20 1.20 1.20 1.20 1.20 1.20 1.20 1.20 1.20 1.20 1.20 1.20 1.20 1.20 1.22 1.22 1.22 1.22 1.22 1.22 1.22 1.22 1.22 1.22 1.22 1.22 1.22 1.22 1.22 1.22 1.20 1.20 1.20 1.20 1.20 1.20 1.20 1.20 1.20 1.20 1.20 1.20 1.20 1.20 1.20 1.20 1.18 1.18 1.18 1.18 1.18 1.18 1.18 1.18
1.30 1.30 1.30 1.30 1.30 1.30 1.30 1.30 1.30 1.30 1.30 1.30 1.26 1.26 1.26 1.26 1.26 1.26 1.26 1.26 1.26 1.26 1.26 1.26 1.26 1.26 1.26 1.26 1.20 1.20 1.20 1.20 1.20 1.20 1.20 1.20 1.20 1.20 1.20 1.20 1.20 1.20 1.20 1.20 1.22 1.22 1.22 1.22 1.22 1.22 1.22 1.22 1.22 1.22 1.22 1.22 1.22 1.22 1.22 1.22 1.20 1.20 1.20 1.20 1.20 1.20 1.20 1.20 1.20 1.20 1.20 1.20 1.20 1.20 1.20 1.20 1.18 1.18 1.18 1.18 1.18 1.18 1.18 1.18
1.31 1.31 1.31 1.31 1.31 1.31 1.31 1.31 1.31 1.31 1.31 1.31 1.29 1.29 1.29 1.29 1.29 1.29 1.29 1.29 1.29 1.29 1.29 1.29 1.29 1.29 1.29 1.29 1.38 1.38 1.38 1.38 1.38 1.38 1.38 1.38 1.38 1.38 1.38 1.38 1.38 1.38 1.38 1.38 1.31 1.31 1.31 1.31 1.31 1.31 1.31 1.31 1.31 1.31 1.31 1.31 1.31 1.31 1.31 1.31 1.33 1.33 1.33 1.33 1.33 1.33 1.33 1.33 1.33 1.33 1.33 1.33 1.33 1.33 1.33 1.33 1.24 1.24 1.24 1.24 1.24 1.24 1.24 1.24
1.31 1.31 1.31 1.31 1.31 1.31 1.31 1.31 1.31 1.31 1.31 1.31 1.29 1.29 1.29 1.29 1.29 1.29 1.29 1.29 1.29 1.29 1.29 1.29 1.29 1.29 1.29 1.29 1.38 1.38 1.38 1.38 1.38 1.38 1.38 1.38 1.38 1.38 1.38 1.38 1.38 1.38 1.38 1.38 1.31 1.31 1.31 1.31 1.31 1.31 1.31 1.31 1.31 1.31 1.31 1.31 1.31 1.31 1.31 1.31 1.33 1.33 1.33 1.33 1.33 1.33 1.33 1.33 1.33 1.33 1.33 1.33 1.33 1.33 1.33 1.33 1.24 1.24 1.24 1.24 1.24 1.24 1.24 1.24
1.31 1.31 1.31 1.31 1.31 1.31 1.31 1.31 1.31 1.31 1.31 1.31 1.29 1.29 1.29 1.29 1.29 1.29 1.29 1.29 1.29 1.29 1.29 1.29 1.29 1.29 1.29 1.29 1.38 1.38 1.38 1.38 1.38 1.38 1.38 1.38 1.38 1.38 1.38 1.38 1.38 1.38 1.38 1.38 1.31 1.31 1.31 1.31 1.31 1.31 1.31 1.31 1.31 1.31 1.31 1.31 1.31 1.31 1.31 1.31 1.33 1.33 1.33 1.33 1.33 1.33 1.33 1.33 1.33 1.33 1.33 1.33 1.33 1.33 1.33 1.33 1.24 1.24 1.24 1.24 1.24 1.24 1.24 1.24
1.31 1.31 1.31 1.31 1.31 1.31 1.31 1.31 1.31 1.31 1.31 1.31 1.29 1.29 1.29 1.29 1.29 1.29 1.29 1.29 1.29 1.29 1.29 1.29 1.29 1.29 1.29 1.90 1.38 1.38 1.38 1.38 1.38 1.38 1.38 1.38 1.38 1.38 1.38 1.38 1.38 1.38 1.38 1.38 1.31 1.31 1.31 1.31 1.31 1.31 1.31 1.31 1.31 1.31 1.31 4.16 1.31 1.31 1.31 1.31 1.33 1.33 1.33 1.33 1.33 1.33 1.33 1.33 1.33 1.33 1.33 1.33 1.33 1.33 1.33 1.33 1.24 1.24 1.24 1.24 1.24 1.24 1.24 1.24
1.31 1.31 1.31 1.31 1.31 1.31 1.31 1.31 1.31 1.31 1.31 1.31 1.29 1.29 1.29 1.29 1.29 1.29 1.29 1.29 1.29 1.29 1.29 1.29 1.29 1.29 1.29 1.90 4.56 4.56 1.38 1.38 1.38 1.38 1.38 1.38 1.38 1.38 1.38 1.38 1.38 1.38 1.38 1.38 1.31 1.31 1.31 1.31 1.31 1.31 1.31 1.31 1.31 1.31 1.31 1.31 1.31 1.31 1.31 1.31 1.33 1.33 1.33 1.33 1.33 1.33 1.33 1.33 1.33 1.33 1.33 1.33 1.33 1.33 1.33 1.33 1.24 1.24 1.24 1.24 1.24 1.24 1.24 1.24
1.31 1.31 1.31 1.31 1.31 1.31 1.31 1.31 1.31 1.31 1.31 1.31 1.29 1.29 1.29 1.29 1.29 1.29 1.29 1.29 1.29 1.29 1.29 1.29 1.29 1.29 1.29 4.31 4.56 4.56 4.56 1.38 1.38 1.38 1.38 1.38 1.38 1.38 1.38 1.38 1.38 1.38 1.38 1.38 1.31 1.31 1.31 1.31 1.31 1.31 1.31 1.31 1.31 1.31 1.31 1.31 1.31 1.31 1.31 1.31 1.33 1.33 1.33 1.33 1.33 1.33 1.33 1.33 1.33 1.33 1.33 1.33 1.33 1.33 1.33 1.33 1.24 1.24 1.24 1.24 1.24 1.24 1.24 1.24
1.31 1.31 1.31 1.31 1.31 1.31 1.31 1.31 1.31 1.31 1.31 1.31 1.29 1.29 1.29 1.29 1.29 1.29 1.29 1.29 1.29 1.29 1.29 1.29 1.29 1.29 1.90 4.31 4.56 4.56 1.38 1.38 1.38 1.38 1.38 1.38 1.38 1.38 1.38 1.38 1.38 1.38 1.38 1.38 1.31 1.31 1.31 1.31 1.31 1.31 1.31 1.31 1.31 1.31 1.31 1.31 1.31 1.31 1.31 1.31 1.33 1.33 1.33 1.33 1.33 1.33 1.33 1.33 1.33 1.33 1.33 1.33 1.33 1.33 1.33 1.33 1.24 1.24 1.24 1.24 1.24 1.24 1.24 1.24
1.31 1.31 1.31 1.31 1.31 1.31 1.31 1.31 1.31 1.31 1.31 1.31 1.29 1.29 1.29 1.29 1.29 1.29 1.29 1.29 1.29 1.29 1.29 1.29 1.29 1.29 1.29 1.90 4.56 4.37 1.38 1.38 1.38 1.38 1.38 1.38 1.38 1.38 1.38 1.38 1.38 1.38 1.38 1.38 1.31 1.31 1.31 1.31 1.31 1.31 1.31 1.31 1.31 1.31 4.37 4.37 1.31 1.31 1.31 1.31 1.33 1.33 1.33 1.33 1.33 1.33 1.33 1.33 1.33 1.33 1.33 1.33 1.33 1.33 1.33 1.33 1.24 1.24 1.24 1.24 1.24 1.24 1.24 1.24
1.31 1.31 1.31 1.31 1.31 1.31 1.31 1.31 1.31 1.31 1.31 1.31 1.29 1.29 1.29 1.29 1.29 1.29 1.29 1.29 1.29 3.70 1.29 1.29 3.70 1.29 1.29 1.29 1.38 2.03 1.38 1.38 1.38 1.38 1.38 1.38 1.38 1.38 1.38 1.38 1.38 1.38 1.38 1.38 1.31 1.31 1.31 1.31 1.31 1.31 1.31 1.31 1.31 1.31 4.37 4.37 1.31 1.31 1.31 1.31 1.33 1.33 1.33 1.33 1.33 1.33 1.33 1.33 1.33 1.33 1.33 1.33 1.33 1.33 1.33 1.33 1.24 1.24 1.24 1.24 1.24 1.24 1.24 1.24
1.31 1.31 1.31 1.31 1.31 1.31 1.31 1.31 1.31 1.31 1.31 1.31 1.29 1.29 1.29 1.29 1.29 1.29 1.29 1.29 3.70 3.70 3.65 3.83 3.88 1.29 1.29 1.29 1.38 1.38 4.07 1.38 1.38 1.38 1.38 1.38 1.38 1.38 1.38 1.38 1.38 1.38 1.38 1.38 1.31 1.31 1.31 1.31 1.31 1.31 1.31 1.31 1.31 1.31 1.31 4.37 1.31 1.31 1.31 1.31 1.33 1.33 1.33 1.33 1.33 1.96 1.96 1.33 1.33 1.33 1.33 1.33 1.33 1.33 1.33 1.33 1.24 1.24 1.24 1.24 1.24 1.24 1.24 1.24
1.31 1.31 1.31 1.31 1.31 1.31 1.31 1.31 1.31 1.31 1.31 1.31 1.29 1.29 1.29 1.29 1.29 1.29 1.29 1.29 3.70 3.65 3.83 3.65 3.65 1.29 1.29 1.29 4.07 1.38 4.07 1.38 1.38 1.38 1.38 1.38 1.38 1.38 1.38 1.38 1.38 1.38 1.38 1.38 1.31 1.31 1.31 1.31 1.31 1.31 1.31 1.31 4.37 4.37 1.31 1.31 1.31 1.31 1.31 1.31 1.33 1.33 1.33 1.33 1.33 4.44 4.44 1.33 1.33 1.33 1.33 1.33 1.33 1.33 1.33 1.33 1.24 1.24 1.24 1.24 1.24 1.24 1.24 1.24
1.31 1.31 1.31 1.31 1.31 1.31 1.31 1.31 1.31 1.31 1.31 1.31 1.29 1.29 1.29 1.29 1.29 1.29 1.29 1.29 3.70 4.43 4.43 3.65 3.65 3.11 3.11 3.11 4.02 1.38 4.07 1.38 1.38 1.38 1.38 1.38 1.38 1.38 1.38 1.38 1.38 1.38 1.38 1.38 1.31 1.31 1.31 1.31 1.31 1.31 1.31 1.31 1.31 4.37 4.37 4.37 1.31 1.31 1.31 1.31 1.33 1.96 1.33 1.33 1.33 1.33 1.33 1.33 1.33 1.33 1.33 1.33 1.33 1.33 1.33 1.33 1.24 1.24 1.24 1.24 1.24 1.24 1.24 1.24
1.31 1.31 3.90 3.90 1.31 1.31 1.31 1.31 1.31 1.31 1.31 1.31 1.29 3.88 3.88 3.88 3.88 3.70 3.70 1.29 3.70 3.11 3.11 4.43 3.11 4.43 4.43 4.43 1.39 4.02 1.38 1.38 1.38 1.38 1.38 1.38 1.38 4.07 4.07 1.38 1.38 1.38 1.38 1.38 1.31 1.31 1.31 1.31 1.31 1.31 1.31 1.31 1.31 4.37 4.37 4.38 1.31 1.31 1.31 1.93 1.96 1.96 1.96 1.96 1.33 1.33 1.33 1.33 1.33 1.33 1.33 1.33 1.33 1.33 1.33 1.33 1.24 1.24 1.24 1.24 1.24 1.24 1.24 1.24
1.92 3.90 3.90 3.90 1.31 1.31 1.31 1.31 1.31 1.31 1.31 1.31 1.29 1.29 1.29 3.88 3.88 3.88 1.29 3.70 3.70 3.11 3.11 4.43 0.00 0.00 0.00 0.00 0.00 4.79 3.25 1.38 1.38 1.38 1.38 1.38 1.38 4.07 4.07 1.38 1.38 1.38 1.38 3.84 1.31 1.31 1.31 1.31 1.31 1.31 1.31 1.31 1.31 1.31 4.37 4.38 1.31 1.31 1.31 1.31 1.96 1.96 4.23 1.96 1.33 1.33 1.33 1.33 1.33 1.33 1.33 1.33 1.33 1.33 1.33 1.33 1.24 1.24 1.24 1.24 1.24 1.24 1.24 1.24
1.31 3.90 3.90 3.90 1.31 1.31 1.31 1.31 1.31 1.31 1.31 1.31 1.29 1.29 1.29 1.29 3.70 1.29 3.70 3.70 4.57 3.11 0.00 0.00 0.00 0.00 0.00 0.00 0.00 0.00 4.64 1.38 1.38 1.38 1.38 1.38 1.38 4.07 4.07 1.38 1.38 1.38 1.38 1.38 1.31 1.31 1.31 1.31 1.31 1.31 1.31 1.31 1.31 1.31 3.99 4.38 4.38 1.31 1.31 1.31 1.33 1.96 1.33 1.33 1.33 1.33 1.33 1.33 1.33 1.33 1.33 1.33 1.33 1.33 1.33 1.33 1.24 1.24 1.24 1.24 1.24 1.24 1.24 1.24
3.90 3.90 3.90 3.90 1.31 1.31 1.31 3.90 1.31 1.31 1.31 1.31 1.29 1.29 1.29 1.29 1.29 1.29 1.29 1.29 0.00 0.00 0.00 0.00 0.00 0.00 0.00 0.00 0.00 0.00 0.00 1.38 1.38 1.38 1.38 1.38 1.38 1.38 4.07 1.38 1.38 1.38 1.38 4.02 3.88 1.31 1.31 1.31 1.31 1.31 1.31 1.31 1.31 1.31 1.31 4.37 4.38 4.38 1.31 1.31 1.96 4.44 1.33 1.33 1.33 1.33 1.33 1.96 1.33 1.33 1.33 1.33 1.33 1.33 1.33 1.33 1.24 1.24 1.24 1.24 1.24 1.24 1.24 3.76
2.96 2.96 2.96 2.96 2.96 0.92 0.92 0.92 0.92 0.92 0.92 0.92 0.93 0.93 0.93 0.93 0.93 0.93 2.98 0.00 0.00 0.00 0.00 0.00 0.00 0.00 0.00 0.00 0.00 0.00 0.00 0.00 3.56 3.67 0.96 0.96 0.96 0.96 0.96 0.96 0.96 0.96 0.96 2.89 3.99 1.38 1.38 1.38 1.38 1.38 1.38 1.38 1.38 1.38 1.38 4.04 4.09 4.09 1.38 1.38 1.39 1.39 1.39 1.39 1.39 1.39 1.39 1.39 1.39 1.39 1.39 1.39 1.39 1.39 1.39 1.39 1.33 1.33 1.33 1.33 1.33 1.33 4.02 4.02
2.96 2.96 2.96 2.96 2.96 0.92 0.92 0.92 0.92 0.92 0.92 0.92 0.93 0.93 2.80 2.95 2.81 0.93 0.00 0.00 0.00 0.00 0.00 0.00 0.00 0.00 0.00 0.00 0.00 0.00 0.00 0.00 2.52 2.52 0.96 0.96 0.96 0.96 2.91 0.96 0.96 0.96 0.96 2.89 1.38 1.38 1.38 1.38 1.38 1.38 1.38 1.38 1.38 1.38 1.38 4.04 2.02 4.09 4.04 1.38 1.39 1.39 1.39 1.39 1.39 1.39 1.39 1.39 1.39 1.39 1.39 1.39 1.39 1.39 1.39 4.57 1.33 1.33 1.33 1.33 1.33 1.33 1.33 1.33
2.96 2.96 2.96 2.96 2.96 0.92 0.92 0.92 0.92 0.92 0.92 0.92 0.93 0.93 2.80 2.95 3.46 0.00 0.00 0.00 0.00 0.00 0.00 0.00 0.00 0.00 0.00 0.00 0.00 0.00 0.00 0.00 2.52 3.56 3.56 0.96 0.96 0.96 0.96 3.07 0.96 0.96 0.96 0.96 1.38 1.38 1.38 1.38 1.38 1.38 1.38 1.38 1.38 1.38 1.38 4.04 4.09 4.09 3.88 1.38 1.39 1.39 2.04 1.39 1.39 1.39 1.39 1.39 1.39 1.39 1.39 1.39 1.39 1.39 1.39 1.39 1.33 1.33 1.33 1.33 1.33 1.33 1.33 1.33
0.92 2.96 2.96 2.96 0.92 0.92 0.92 0.92 0.92 0.92 0.92 0.92 0.93 0.93 2.80 3.46 3.46 0.00 0.00 0.00 0.00 0.00 0.00 0.00 0.00 0.00 0.00 0.00 0.00 0.00 0.00 0.00 2.52 3.56 3.04 0.96 0.96 0.96 0.96 0.96 0.96 0.96 0.96 0.96 3.99 3.99 3.99 1.38 1.38 1.38 1.38 1.38 1.38 1.38 1.38 1.38 3.27 4.09 1.38 1.38 1.39 3.90 2.04 1.39 2.04 1.39 1.39 1.39 1.39 1.39 1.39 1.39 1.39 1.39 1.39 1.39 1.94 1.33 1.33 1.33 1.33 1.33 1.33 4.02
0.92 0.92 0.92 0.92 0.92 0.92 0.92 0.92 0.92 0.92 2.96 0.92 0.93 2.80 2.80 3.46 0.00 0.00 0.00 0.00 0.00 0.00 0.00 0.00 0.00 0.00 0.00 0.00 0.00 0.00 0.00 0.00 3.56 3.56 2.89 2.89 0.96 0.96 0.96 3.07 0.96 0.96 3.07 0.96 1.38 3.99 3.99 1.38 1.38 1.38 1.38 2.02 2.02 1.38 1.38 4.09 4.09 4.04 1.38 1.38 1.39 3.90 2.04 2.04 2.04 1.39 1.39 1.39 1.39 1.39 1.39 1.39 1.39 1.39 1.39 1.39 1.33 1.33 1.33 1.33 1.33 1.33 1.33 4.41
0.92 0.92 0.92 2.96 2.96 2.96 0.92 0.92 2.96 0.92 0.92 0.92 2.95 3.46 3.46 0.00 0.00 0.00 0.00 0.00 0.00 0.00 0.00 0.00 0.00 0.00 0.00 0.00 0.00 0.00 0.00 0.00 0.00 3.56 3.04 2.89 0.96 3.07 2.91 0.96 0.96 3.07 3.07 3.04 3.82 3.99 3.82 1.38 1.38 1.38 1.38 2.02 2.02 1.38 3.88 3.27 3.92 1.38 1.38 1.38 1.39 2.04 2.04 2.04 2.04 1.39 1.39 1.39 2.04 1.39 1.39 1.39 1.39 1.39 1.39 1.39 1.33 1.33 1.33 1.33 1.33 1.33 1.33 4.41
0.92 0.92 0.92 1.35 2.79 2.96 0.92 0.92 0.92 2.96 2.96 2.93 3.46 3.46 0.00 0.00 0.00 0.00 0.00 0.00 0.00 0.00 0.00 0.00 0.00 0.00 0.00 0.00 0.00 0.00 0.00 0.00 0.00 2.91 3.71 0.96 2.91 2.91 0.96 0.96 0.96 3.07 3.07 3.04 4.61 3.82 1.38 1.38 1.38 1.38 1.38 3.88 4.04 1.38 2.02 3.25 4.73 4.61 1.38 1.38 1.39 1.39 2.04 3.90 2.04 4.07 1.39 1.39 1.39 1.39 1.39 1.39 1.39 1.39 1.39 1.39 1.33 1.33 1.33 1.33 1.33 1.33 1.33 4.02
0.92 0.92 0.92 0.92 2.95 2.43 0.92 0.92 0.92 0.92 2.96 2.96 3.46 0.00 0.00 0.00 0.00 0.00 0.00 0.00 0.00 0.00 0.00 0.00 0.00 0.00 0.00 0.00 0.00 0.00 0.00 0.00 0.00 0.96 0.96 2.91 2.91 0.96 0.96 0.96 0.96 0.96 2.91 3.67 1.38 1.38 1.38 1.38 1.38 1.38 1.38 3.88 4.04 1.38 1.38 3.25 3.27 4.61 1.38 1.38 1.39 1.39 3.90 3.90 4.07 4.07 1.39 1.39 1.39 1.39 1.39 1.39 1.39 1.39 1.39 1.39 1.33 1.33 1.33 1.33 1.33 1.33 1.33 1.33
