New_Model_Runs/6_FutureClimate_RCP45_out/post_prcessed_with_MFR/Monthly_summaries/actual_et_monthly_SEP.asc
NCOLS 700
NROWS 400
XLLCENTER 515000.000000
YLLCENTER 8409000.000000
CELLSIZE 50.000000
NODATA_value -999.000000
[rows 228 to 265 of 400, columns 168 to 251 of 700]
0.97 0.97 0.97 0.97 0.97 3.24 3.24 3.24 3.33 3.33 3.33 3.33 3.33 3.33 3.33 3.33 3.03 3.93 3.38 3.93 3.93 3.93 3.93 3.93 3.12 3.03 3.57 3.03 3.03 3.03 3.03 2.75 3.03 3.57 3.03 3.03 3.03 3.03 3.03 3.03 2.88 2.88 2.88 2.88 0.86 2.88 2.88 2.88 2.88 2.88 2.88 2.88 2.88 2.88 2.88 2.74 0.96 0.96 0.96 0.96 0.96 0.96 0.96 0.96 2.95 0.96 0.96 0.96 0.96 0.96 0.96 0.96 1.02 1.02 1.02 1.02 1.02 1.02 1.02 1.02 1.02 1.02 3.05 1.02
0.97 0.97 0.97 0.97 0.97 0.97 3.24 3.24 1.00 3.33 3.33 3.33 3.33 3.33 3.33 3.33 3.03 3.33 3.33 3.33 3.93 3.38 3.93 3.93 3.12 3.57 3.57 3.57 3.57 3.57 3.57 3.57 3.12 3.12 3.57 3.03 3.03 3.03 3.57 3.03 2.88 2.88 2.88 2.88 2.88 2.88 3.40 3.40 3.40 2.88 2.88 2.88 0.86 0.86 0.86 0.86 0.96 0.96 0.96 0.96 0.96 0.96 2.91 0.96 0.96 2.95 0.96 0.96 0.96 0.96 0.96 2.91 3.05 3.05 3.05 1.02 1.02 1.02 1.02 1.02 1.02 3.05 3.05 1.02
0.97 0.97 0.97 0.97 0.97 0.97 0.97 0.97 1.00 3.33 3.33 3.33 3.33 3.33 3.33 3.33 3.33 3.33 3.33 3.33 3.93 3.93 3.93 3.93 3.57 3.57 3.57 3.57 3.57 3.57 3.12 3.12 3.57 3.57 3.57 3.12 3.57 3.12 3.57 3.57 2.88 2.88 2.88 2.88 2.88 2.77 3.40 3.40 3.40 3.40 2.88 1.27 1.27 0.86 0.86 0.86 0.96 0.96 0.96 0.96 0.96 0.96 0.96 0.96 0.96 0.96 0.96 0.96 0.96 0.96 2.80 2.80 3.05 3.05 1.02 1.02 1.02 1.02 1.02 1.02 1.02 3.05 3.05 1.02
0.97 0.97 0.97 0.97 0.97 0.97 0.97 0.97 1.00 1.00 1.00 3.33 3.33 3.33 3.33 3.33 3.33 3.33 3.33 3.33 3.03 3.03 3.33 3.38 3.57 2.88 3.57 3.57 1.07 3.57 3.12 3.12 3.57 3.57 3.57 3.57 2.88 3.57 3.12 3.57 3.40 2.88 2.88 2.88 3.40 3.40 3.40 3.40 0.86 0.86 0.86 0.86 0.86 0.86 0.86 0.86 0.96 0.96 0.96 0.96 0.96 0.96 0.96 1.40 2.91 2.95 0.96 0.96 2.91 2.91 0.96 2.91 3.05 1.02 1.02 1.02 1.02 1.02 1.02 1.02 3.05 3.05 1.02 1.02
0.97 0.97 0.97 0.97 0.97 0.97 0.97 0.97 1.00 3.33 1.00 3.33 3.33 3.33 3.33 3.33 3.33 3.33 3.33 3.33 3.33 3.03 3.93 3.33 3.03 2.88 2.75 3.03 3.57 3.57 3.57 3.12 3.57 3.57 3.57 1.33 2.88 1.33 3.57 3.57 3.40 3.40 3.40 3.40 3.40 3.40 0.86 0.86 0.86 0.86 0.86 0.86 0.86 0.86 0.86 0.86 0.96 0.96 0.96 0.96 0.96 0.96 0.96 2.91 2.91 2.83 2.91 2.91 0.96 0.96 3.09 2.91 1.02 1.02 1.02 1.02 1.02 1.02 1.02 1.02 1.02 1.02 1.02 1.02
0.97 0.97 0.97 0.97 0.97 0.97 0.97 0.97 1.00 1.00 1.00 1.47 1.47 1.00 1.00 3.33 3.33 3.33 3.33 3.33 3.33 3.33 3.93 3.33 3.03 2.88 2.75 3.03 3.03 3.57 3.03 3.12 3.03 3.57 1.33 2.88 2.88 3.57 3.57 1.33 1.27 3.40 0.86 3.40 3.40 3.40 0.86 0.86 0.86 2.74 1.27 0.86 0.86 0.86 0.86 0.86 0.96 0.96 0.96 0.96 0.96 0.96 0.96 0.96 2.91 2.95 2.83 2.91 3.09 3.09 3.64 2.91 3.05 1.02 1.02 1.02 1.02 1.02 1.02 1.02 1.02 1.02 1.02 1.02
0.97 0.97 0.97 0.97 0.97 0.97 0.97 0.97 1.00 1.00 1.00 1.00 1.00 1.00 1.00 3.33 3.33 3.33 3.33 3.33 3.33 3.33 3.33 3.03 3.03 2.88 3.03 3.03 3.03 3.57 2.88 1.33 0.91 0.91 0.91 3.57 3.57 3.57 3.57 2.75 0.86 0.86 0.86 0.86 3.40 0.86 1.27 3.40 3.40 2.88 2.88 2.88 2.88 0.86 0.86 0.86 0.96 0.96 0.96 0.96 0.96 0.96 0.96 0.96 2.91 2.95 2.83 2.83 3.43 2.90 2.80 2.91 3.05 1.02 1.02 1.02 1.02 3.05 1.02 1.02 1.02 1.02 1.02 1.02
0.97 0.97 0.97 0.97 0.97 0.97 0.97 0.97 1.00 1.00 1.00 1.00 1.00 1.00 1.00 1.00 3.33 1.00 3.33 3.33 3.33 3.33 3.33 3.03 3.03 2.88 3.03 3.03 3.03 3.57 1.33 1.33 0.91 0.91 0.91 1.33 3.03 2.75 2.75 2.75 0.86 0.86 0.86 1.27 0.86 0.86 0.86 1.27 3.40 2.88 2.88 2.88 2.99 2.74 1.27 2.88 1.40 2.78 2.78 0.96 0.96 0.96 0.96 0.96 0.96 2.83 3.43 2.83 2.83 2.80 0.96 2.91 1.02 1.02 1.02 1.02 3.05 1.02 1.02 1.02 1.02 1.02 1.02 1.02
0.97 0.97 0.97 0.97 0.97 0.97 0.97 0.97 1.00 1.00 1.00 1.00 1.00 1.00 1.00 1.00 1.00 1.00 3.33 3.33 3.33 3.33 3.33 3.33 3.03 1.33 0.91 0.91 3.03 3.57 3.57 1.33 0.91 0.91 0.91 1.33 1.33 3.03 2.88 1.33 3.40 0.86 0.86 0.86 0.86 0.86 0.86 0.86 1.27 0.86 2.62 2.88 3.40 3.40 3.40 2.62 3.09 3.09 0.96 2.91 0.96 0.96 2.80 2.80 2.90 2.83 2.35 2.83 2.83 3.09 0.96 0.96 1.02 1.02 3.05 3.05 1.02 1.02 1.02 1.02 1.02 1.02 1.02 1.02
0.97 0.97 0.97 0.97 0.97 0.97 0.97 0.97 1.00 1.00 1.00 1.00 1.00 1.00 1.00 1.00 1.00 1.00 1.00 3.33 3.33 3.33 3.33 3.33 3.03 3.03 1.33 0.91 3.03 2.75 3.57 2.88 3.03 3.03 0.91 0.91 1.33 2.88 1.33 1.33 0.86 0.86 0.86 0.86 0.86 0.86 0.86 0.86 1.27 0.86 0.86 2.62 3.40 3.40 3.40 3.36 3.64 3.09 3.09 2.80 2.91 3.09 2.90 3.64 2.90 2.35 2.35 3.57 3.43 2.90 3.03 0.96 1.02 1.02 1.02 1.02 1.02 1.02 1.02 1.02 1.02 1.02 1.02 1.02
0.97 0.97 0.97 0.97 0.97 0.97 0.97 0.97 1.00 1.00 1.00 1.00 1.00 1.00 1.00 1.00 1.00 1.00 1.00 3.33 3.33 3.33 3.33 3.33 3.03 2.75 0.91 0.91 3.03 1.33 1.33 0.91 3.03 3.03 3.03 1.33 0.91 2.88 3.03 1.33 0.86 0.86 0.86 0.86 0.86 0.86 0.86 0.86 0.86 1.27 1.27 2.62 3.40 2.88 2.88 2.84 3.09 3.09 3.64 2.90 2.90 2.90 2.90 2.90 3.09 3.64 3.43 3.43 3.43 2.90 1.40 0.96 3.05 1.02 1.02 1.02 1.02 1.02 1.02 1.02 1.02 1.02 1.02 1.02
0.97 0.97 0.97 0.97 0.97 0.97 0.97 0.97 1.00 1.00 1.00 1.00 1.00 1.00 1.00 1.00 1.00 3.33 3.33 3.33 3.33 3.33 3.33 3.33 3.03 3.03 0.91 0.91 0.91 0.91 0.91 0.91 0.91 0.91 0.91 1.33 0.91 1.33 3.03 0.91 0.86 0.86 0.86 0.86 0.86 0.86 2.88 2.88 2.88 1.27 3.40 0.86 2.62 2.62 2.88 3.36 3.09 3.09 2.90 2.90 3.09 2.90 2.90 3.64 3.09 2.83 2.83 3.43 2.83 3.09 2.91 2.91 3.05 1.02 1.02 1.02 1.02 1.02 1.02 1.02 1.02 1.02 1.02 1.02
0.97 0.97 0.97 0.97 0.97 0.97 0.97 0.97 1.00 1.00 1.00 1.00 1.00 1.00 1.00 1.00 1.47 3.03 3.33 3.03 3.03 1.00 1.00 3.33 3.03 3.03 0.91 0.91 0.91 0.91 0.91 0.91 3.57 3.57 3.57 0.91 0.91 3.03 3.03 0.91 0.86 0.86 0.86 0.86 0.86 2.88 0.86 2.88 2.99 2.99 3.40 2.62 2.62 3.40 2.88 2.58 3.09 3.09 3.09 2.90 3.73 3.64 3.64 3.64 3.09 2.35 2.95 2.83 3.09 3.09 2.91 2.91 1.02 1.02 1.02 1.02 1.02 1.02 1.02 1.02 1.02 1.02 1.02 1.02
0.97 0.97 0.97 0.97 0.97 0.97 0.97 0.97 1.00 1.00 1.00 1.00 1.00 1.00 1.00 1.00 1.00 1.47 1.47 3.03 1.47 1.00 1.00 1.00 0.91 0.91 0.91 0.91 0.91 0.91 0.91 0.91 0.91 0.91 1.33 0.91 0.91 0.91 1.33 0.91 0.86 0.86 0.86 0.86 0.86 2.88 2.88 2.88 2.88 2.88 3.40 2.62 3.40 3.40 2.88 2.48 2.78 3.09 3.09 3.09 2.40 2.40 3.64 3.64 3.64 2.90 2.95 2.95 3.09 2.90 2.91 0.96 1.02 1.02 1.02 1.02 1.02 1.02 1.02 1.02 1.02 1.02 1.02 1.02
1.01 1.01 1.01 1.01 1.01 1.01 1.01 1.01 1.04 1.04 1.04 1.04 1.04 1.04 1.04 1.04 1.04 1.04 3.14 1.04 1.04 1.04 1.04 1.04 0.98 0.98 0.98 0.98 0.98 0.98 0.98 0.98 0.98 0.98 0.98 0.98 0.98 0.98 0.98 0.98 0.94 0.94 0.94 0.94 2.86 3.14 3.14 3.14 3.14 3.70 2.86 3.14 3.14 3.14 3.14 2.75 2.81 3.13 2.95 3.68 3.78 2.41 3.68 3.68 3.78 3.68 2.98 2.95 2.95 2.95 2.95 0.97 1.04 1.04 1.04 1.04 1.04 1.04 1.04 1.04 1.04 1.04 1.04 1.04
1.01 1.01 1.01 1.01 1.01 1.01 1.01 1.01 1.04 1.04 1.04 1.04 1.04 1.04 1.04 1.04 1.04 1.04 1.04 1.04 1.04 1.04 1.04 1.04 0.98 0.98 0.98 0.98 0.98 0.98 0.98 0.98 0.98 0.98 0.98 0.98 0.98 0.98 0.98 0.98 0.94 0.94 0.94 1.38 2.86 2.86 2.86 2.86 2.86 0.94 0.94 2.86 3.14 3.14 2.75 2.75 2.81 2.81 3.13 3.68 3.68 3.78 3.68 3.68 3.68 3.68 3.13 3.13 2.95 2.95 0.97 0.97 1.04 1.04 1.04 1.04 1.04 1.04 1.04 3.09 1.04 1.04 1.04 3.09
1.01 1.01 1.01 1.01 1.01 1.01 1.01 1.01 1.04 1.04 1.04 1.04 1.04 1.04 1.04 1.04 1.04 1.04 1.04 1.04 1.04 1.04 1.04 1.04 0.98 0.98 0.98 0.98 0.98 0.98 0.98 0.98 0.98 0.98 0.98 0.98 0.98 0.98 0.98 0.98 0.94 0.94 0.94 3.14 1.38 2.86 2.98 1.38 0.94 0.94 0.94 0.94 0.94 3.70 2.75 2.75 2.81 2.81 3.13 3.13 3.68 3.68 1.43 3.68 3.68 2.95 2.95 3.13 2.95 2.95 0.97 0.97 1.04 1.04 1.04 1.04 1.04 1.04 3.09 3.09 1.04 1.04 1.04 3.09
1.01 1.01 1.01 1.01 1.01 1.01 1.01 1.01 1.04 1.04 1.04 1.04 1.04 1.04 1.04 1.04 1.04 1.04 1.04 1.04 1.04 1.04 1.04 1.04 0.98 0.98 0.98 0.98 0.98 0.98 0.98 0.98 0.98 0.98 0.98 0.98 0.98 0.98 0.98 1.44 0.94 0.94 0.94 3.14 3.14 3.70 0.94 0.94 0.94 3.70 0.94 0.94 3.20 3.70 2.75 2.75 2.81 2.81 3.13 3.68 3.68 3.68 2.95 2.95 2.95 2.95 2.95 2.95 2.95 0.97 0.97 2.95 1.04 1.04 1.04 1.04 1.04 3.09 3.09 3.09 1.53 1.04 1.04 3.09
1.01 1.01 1.01 1.01 1.01 1.01 1.01 1.01 1.04 1.04 1.04 3.45 1.52 1.04 1.04 1.04 1.04 3.45 3.45 1.04 1.04 1.04 1.04 1.04 0.98 0.98 0.98 0.98 0.98 0.98 0.98 0.98 0.98 0.98 0.98 0.98 0.98 0.98 0.98 0.98 0.94 0.94 0.94 0.94 3.14 0.94 0.94 3.70 3.70 3.70 3.70 0.94 3.70 3.70 2.28 2.75 2.81 2.81 3.68 3.68 3.68 3.68 3.13 3.68 2.95 2.95 2.95 0.97 3.13 3.08 3.68 3.13 3.87 3.30 1.04 1.04 1.04 1.04 1.04 1.04 1.04 1.04 3.09 3.09
1.01 1.01 1.01 1.01 1.01 1.01 1.01 1.01 1.04 1.04 1.04 3.45 1.52 1.04 1.04 1.04 1.04 3.45 1.04 1.04 1.04 1.04 1.04 1.04 0.98 0.98 0.98 0.98 0.98 0.98 0.98 0.98 0.98 0.98 0.98 0.98 0.98 0.98 0.98 0.98 0.94 0.94 0.94 3.14 3.14 0.94 1.38 3.70 3.70 3.70 0.94 0.94 3.70 3.20 1.38 1.38 2.81 3.13 3.13 2.95 1.43 2.95 2.41 3.68 3.13 2.95 2.95 2.95 0.97 0.97 3.08 3.68 1.04 1.04 1.04 1.04 2.98 1.04 1.04 1.04 1.04 1.04 3.09 3.09
1.01 1.01 1.01 1.01 1.01 1.01 1.01 1.01 1.04 1.04 1.52 3.45 1.04 1.04 1.04 1.04 3.45 3.45 3.45 1.04 1.04 1.04 1.04 1.04 0.98 0.98 0.98 0.98 0.98 0.98 0.98 0.98 0.98 0.98 0.98 0.98 0.98 0.98 0.98 0.98 0.94 0.94 0.94 0.94 0.94 0.94 0.94 3.70 3.70 3.70 0.94 0.94 3.14 2.75 2.75 1.38 3.13 3.13 3.13 3.13 3.78 3.68 2.41 2.41 3.13 2.95 3.68 3.13 3.68 3.13 3.13 3.13 3.15 1.04 1.04 2.98 3.30 2.98 2.98 3.09 1.04 1.04 3.09 3.09
1.01 1.01 1.01 1.01 1.01 1.01 1.01 1.01 1.04 1.04 3.45 1.52 1.04 1.04 1.04 1.04 1.52 3.45 3.45 1.04 1.04 1.04 1.04 1.04 0.98 0.98 0.98 0.98 0.98 0.98 0.98 0.98 0.98 0.98 0.98 0.98 0.98 0.98 0.98 0.98 0.94 3.70 3.70 3.70 0.94 0.94 3.70 3.70 3.70 3.70 1.38 0.94 3.70 2.75 2.75 1.38 2.95 2.95 3.13 3.13 3.13 3.68 1.10 3.68 3.13 2.95 3.13 3.13 3.13 2.95 2.95 3.13 3.30 3.56 1.04 1.53 3.87 3.87 3.15 2.98 2.98 1.04 3.09 3.09
1.01 1.01 1.01 1.01 1.01 1.01 1.01 1.01 1.04 1.04 1.04 1.52 1.52 1.04 1.04 3.45 1.04 1.04 1.52 1.52 1.04 1.04 1.04 1.04 0.98 0.98 0.98 0.98 0.98 0.98 0.98 0.98 0.98 0.98 0.98 0.98 0.98 0.98 0.98 0.98 0.94 3.70 3.70 3.70 3.70 3.70 3.70 3.70 3.70 3.70 0.94 0.94 1.38 2.75 2.75 2.75 3.13 2.95 2.95 3.13 3.68 3.13 3.13 3.78 3.13 3.13 3.13 3.13 3.13 3.13 3.13 3.13 3.30 3.56 2.98 3.73 3.87 3.30 3.87 3.98 2.98 3.73 3.73 3.30
1.01 1.01 1.01 1.01 1.01 1.01 1.01 1.01 1.04 1.04 1.04 1.52 1.52 1.04 3.28 1.52 1.04 1.52 1.52 1.52 1.04 1.04 1.04 1.04 0.98 0.98 0.98 0.98 0.98 0.98 0.98 0.98 0.98 0.98 0.98 0.98 0.98 0.98 0.98 0.98 0.94 3.70 3.70 3.70 3.70 3.70 3.70 3.70 3.70 0.94 0.94 1.38 3.14 2.75 2.75 2.75 0.97 2.95 3.68 3.68 1.10 3.68 3.13 3.13 3.13 3.13 3.13 3.13 3.13 3.13 3.13 3.13 3.13 1.04 2.98 3.56 3.87 3.87 3.87 3.87 3.87 3.98 3.87 1.16
1.01 1.01 1.01 1.01 1.01 1.01 1.01 1.01 1.04 1.04 1.04 1.04 1.04 1.04 3.45 1.04 1.04 1.52 1.52 1.04 1.04 1.04 1.04 1.04 0.98 0.98 0.98 0.98 0.98 0.98 0.98 0.98 0.98 0.98 0.98 0.98 0.98 0.98 0.98 0.98 0.94 3.70 3.70 3.70 3.70 3.70 3.70 3.70 0.94 0.94 0.94 1.38 1.38 2.75 2.75 2.75 3.13 3.13 3.13 3.68 3.68 3.68 3.68 3.68 3.68 3.68 3.13 3.13 3.13 3.13 3.13 3.13 3.13 3.09 3.09 3.30 3.87 3.87 3.87 3.87 3.87 2.47 2.47 3.87
1.01 1.01 1.01 1.01 1.01 1.01 1.01 1.01 1.04 1.04 1.04 1.04 1.52 3.45 3.28 3.28 1.52 1.52 1.52 1.04 1.04 1.04 1.04 1.04 0.98 0.98 0.98 0.98 0.98 0.98 0.98 0.98 0.98 0.98 0.98 0.98 0.98 0.98 0.98 0.98 0.94 0.94 3.70 2.98 2.98 0.94 0.94 3.14 0.94 0.94 2.86 2.86 2.86 2.64 3.16 1.38 2.81 2.81 3.13 2.95 3.68 2.41 3.68 3.13 3.13 3.13 3.13 2.95 3.13 3.13 3.13 3.13 3.09 2.98 3.87 3.87 3.87 3.87 3.87 3.87 3.87 1.16 2.47 2.47
1.01 1.01 1.01 1.01 1.01 1.01 1.01 1.01 1.04 1.04 1.04 1.04 1.52 3.45 3.45 3.45 1.52 1.04 1.52 1.04 1.04 1.04 1.04 1.04 0.98 0.98 0.98 0.98 0.98 0.98 0.98 0.98 0.98 0.98 0.98 0.98 0.98 0.98 0.98 0.98 0.94 0.94 3.70 3.70 0.94 0.94 0.94 0.94 0.94 0.94 3.14 2.86 2.64 2.75 2.75 2.75 2.81 3.13 3.13 3.68 3.78 3.68 3.68 3.68 3.13 3.13 3.68 2.95 3.13 3.13 3.13 3.13 2.98 2.98 3.87 3.87 3.15 3.87 3.87 3.87 3.98 3.87 3.87 2.47
3.99 1.01 1.01 1.01 1.01 1.01 1.01 1.01 1.04 1.04 1.04 1.04 1.52 3.45 3.45 3.45 3.45 1.52 1.04 1.04 1.04 1.04 1.04 1.04 0.98 0.98 0.98 0.98 0.98 0.98 0.98 0.98 0.98 0.98 0.98 0.98 0.98 0.98 0.98 0.98 0.94 0.94 3.70 3.70 3.14 0.94 0.94 0.94 0.94 3.14 3.14 3.14 2.64 2.64 2.75 3.05 3.13 3.13 3.13 3.68 2.41 3.78 2.41 3.68 3.68 3.68 2.41 3.68 3.68 3.13 3.13 3.13 3.15 3.98 3.87 3.87 3.15 3.87 3.87 3.87 2.47 3.87 3.87 3.87
3.99 1.01 1.01 1.01 1.01 1.01 1.01 1.01 1.04 1.04 1.04 3.28 3.45 3.45 3.45 3.14 3.28 1.52 1.04 1.04 1.04 1.04 1.04 1.04 0.98 0.98 0.98 0.98 0.98 0.98 0.98 0.98 0.98 0.98 0.98 0.98 0.98 0.98 0.98 0.98 0.94 0.94 0.94 0.94 0.94 0.94 0.94 0.94 1.38 2.86 2.86 2.86 2.75 2.75 2.75 3.05 3.13 3.13 3.13 3.13 3.68 3.68 3.68 3.68 3.68 2.95 2.95 3.13 3.13 3.13 3.13 3.13 3.87 3.87 3.87 3.87 3.30 3.15 3.15 3.98 2.47 3.87 3.87 3.87
3.99 1.01 1.01 1.01 1.01 1.01 1.01 1.01 1.04 1.04 1.04 3.28 3.45 3.45 3.28 3.28 3.14 1.52 1.04 1.04 1.04 1.04 1.04 1.04 0.98 0.98 0.98 0.98 0.98 0.98 0.98 0.98 0.98 0.98 0.98 0.98 0.98 0.98 0.98 0.98 0.94 0.94 0.94 0.94 0.94 0.94 0.94 0.94 3.14 2.86 3.14 3.14 2.75 2.75 3.05 3.05 3.13 3.68 3.68 3.68 3.68 3.68 2.95 3.68 3.68 2.95 3.13 2.95 3.13 3.13 2.95 2.95 3.30 3.87 3.87 3.87 3.15 3.15 3.15 3.87 3.87 3.87 3.87 3.30
4.26 3.29 1.08 1.08 1.08 1.08 1.08 1.08 1.12 1.12 1.12 1.64 3.54 3.54 1.12 1.12 1.12 1.12 1.12 1.12 1.12 1.12 1.12 1.12 1.01 1.01 1.01 1.01 1.01 1.01 1.01 1.01 1.01 1.01 1.01 1.01 1.01 1.01 1.01 1.01 1.08 1.08 1.08 1.08 1.08 1.08 1.08 3.59 3.59 3.59 3.59 3.59 3.39 3.24 3.39 3.39 3.75 3.75 3.75 3.20 3.03 3.03 3.03 3.75 3.75 3.20 3.20 3.20 3.03 3.03 3.03 3.20 3.34 3.34 3.34 3.18 3.18 3.18 3.18 3.90 3.90 3.90 3.34 3.34
4.26 4.26 4.26 1.08 1.08 1.08 1.08 1.08 1.12 1.12 1.12 1.12 1.12 1.12 1.12 1.12 1.12 1.12 1.12 1.12 1.12 1.12 1.12 1.12 1.01 1.01 1.01 1.01 1.01 1.01 1.01 1.01 1.01 1.01 1.01 1.01 1.01 1.01 1.01 1.01 1.08 1.08 1.08 1.08 1.08 1.08 1.08 1.08 3.59 3.27 3.59 3.39 3.39 3.39 3.39 3.39 3.75 3.03 3.20 3.03 3.20 3.03 3.03 3.20 3.75 3.75 3.20 3.20 3.20 3.03 3.03 3.20 3.34 3.34 3.34 3.90 3.34 3.18 3.90 3.34 2.45 3.90 3.34 3.18
1.08 1.08 1.08 1.08 1.08 1.08 1.08 1.08 1.12 1.12 1.12 1.12 1.12 1.12 1.12 1.12 1.12 1.12 1.12 1.12 1.12 1.12 1.12 1.12 1.01 1.01 1.01 1.01 1.01 1.01 1.01 1.01 1.01 1.01 1.01 1.01 1.01 1.01 1.01 1.01 1.08 1.08 1.08 1.08 1.08 1.58 1.08 1.08 1.08 3.59 3.59 3.02 3.02 3.97 3.97 3.39 3.20 3.20 3.20 3.20 3.20 3.03 3.20 3.20 3.86 3.75 3.75 3.20 3.20 3.20 3.20 3.20 3.34 3.34 3.34 3.34 3.34 3.18 3.34 3.90 3.90 3.90 3.34 3.34
1.08 4.26 4.26 3.29 1.08 1.08 1.08 1.08 1.12 1.12 1.12 1.12 1.12 1.64 1.12 1.12 1.12 1.12 1.12 1.12 1.12 1.12 1.12 1.12 1.01 1.01 1.01 1.01 1.01 1.01 1.01 1.01 1.01 1.01 1.01 1.01 1.01 1.01 1.01 1.01 1.08 1.08 1.08 1.08 1.08 1.08 1.08 1.08 1.08 1.08 1.08 1.08 1.08 3.44 3.97 3.39 3.20 3.20 3.20 3.20 3.20 3.20 3.20 3.03 3.75 3.75 3.75 3.20 3.03 3.03 3.20 3.20 3.34 3.34 3.34 3.34 3.34 3.34 3.90 3.90 3.90 3.34 3.18 3.18
3.61 3.29 3.61 3.29 1.08 1.08 1.08 1.08 1.12 1.12 1.12 1.12 1.64 1.64 1.12 1.12 1.12 1.12 1.12 1.12 1.12 1.12 1.12 1.12 1.01 1.01 1.01 1.01 1.01 1.01 1.01 1.01 1.01 1.01 1.01 1.01 1.01 1.01 1.01 1.01 1.08 1.08 1.08 1.08 1.08 1.08 1.08 1.08 1.08 1.08 1.08 1.08 1.08 2.90 3.39 3.39 3.20 3.20 3.20 3.03 3.20 3.20 3.03 3.03 3.75 3.75 3.75 3.03 3.17 3.03 3.03 3.75 3.34 3.34 3.34 3.34 3.34 3.18 3.90 2.45 3.90 3.34 3.18 3.18
3.61 3.61 3.43 1.08 1.08 1.08 1.08 1.08 1.12 1.12 1.12 3.54 1.12 1.12 1.12 1.12 1.12 1.12 1.12 1.12 1.12 1.12 1.12 1.12 1.01 1.01 1.01 1.01 1.01 1.01 1.01 1.01 1.01 1.01 1.01 1.01 1.01 1.01 1.01 1.01 1.08 1.08 1.08 1.08 1.08 1.08 1.58 1.58 1.58 1.58 1.08 1.08 1.08 2.90 3.39 3.39 3.20 3.20 3.20 3.20 3.20 3.75 3.75 3.20 3.03 3.86 3.75 3.20 3.20 3.03 3.75 3.75 3.34 3.90 3.34 3.34 3.18 3.90 3.90 3.90 3.90 3.90 3.90 3.34
3.29 3.29 3.61 1.08 1.08 1.08 1.08 1.08 1.12 1.12 1.12 1.12 1.12 1.12 1.12 1.12 1.12 1.12 1.12 1.12 1.12 1.12 1.12 1.12 1.01 1.01 1.01 1.01 1.01 1.01 1.01 1.01 1.01 1.01 1.01 1.01 1.01 1.01 1.01 1.01 1.08 1.08 1.08 1.08 1.08 1.08 1.08 3.59 3.59 3.59 1.08 3.02 3.02 3.02 3.39 3.39 3.20 3.20 3.20 3.75 3.75 3.20 3.20 3.20 3.03 3.75 3.75 3.17 3.75 3.75 3.03 3.20 3.90 3.90 3.34 3.34 3.90 3.90 3.90 3.34 3.34 3.90 3.90 3.20
3.29 3.29 3.29 3.29 3.29 1.08 1.08 1.08 1.12 1.12 1.12 1.12 1.12 1.12 1.12 1.12 1.12 1.12 1.12 1.12 1.12 1.12 1.12 1.12 1.01 1.01 1.01 1.01 1.01 1.01 1.01 1.01 1.01 1.01 1.01 1.01 1.01 1.01 1.01 1.01 1.08 1.08 1.08 3.59 1.08 1.08 1.08 3.59 3.59 3.59 3.02 3.02 3.02 3.39 3.39 3.39 3.20 3.20 3.03 3.75 3.75 3.20 3.20 3.20 3.20 3.03 3.75 3.20 3.03 3.03 3.03 3.03 3.34 3.18 3.34 3.90 3.90 3.90 3.18 3.34 3.34 3.34 3.70 3.08
