New_Model_Runs/6_FutureClimate_RCP45_out/post_prcessed_with_MFR/Monthly_summaries/actual_et_monthly_AUG.asc
NCOLS 700
NROWS 400
XLLCENTER 515000.000000
YLLCENTER 8409000.000000
CELLSIZE 50.000000
NODATA_value -999.000000
[rows 114 to 151 of 400, columns 420 to 503 of 700]
1.00 1.00 1.00 1.00 1.00 1.00 1.00 1.00 1.00 1.00 1.00 1.00 0.96 0.96 0.96 0.96 0.96 0.96 0.96 0.96 0.96 0.96 3.17 3.17 0.96 0.96 3.17 3.17 2.39 3.65 3.24 2.80 2.80 2.85 0.94 0.94 0.94 0.94 0.94 0.94 0.94 0.94 0.94 0.94 0.91 0.91 0.91 0.91 0.91 0.91 0.91 0.91 0.91 0.91 0.91 0.91 0.91 2.75 2.84 2.75 1.24 1.24 0.85 0.85 0.85 2.66 2.66 2.66 2.67 2.67 1.24 0.85 0.85 0.85 0.85 0.85 0.85 0.85 0.85 0.85 0.85 0.85 0.85 0.85
1.00 1.00 1.00 1.00 1.00 1.00 1.00 1.00 1.00 1.00 1.00 1.00 0.96 0.96 0.96 0.96 0.96 0.96 0.96 0.96 0.96 0.96 0.96 0.96 0.96 3.17 3.17 0.96 3.09 3.65 3.24 2.80 0.94 0.94 2.77 0.94 0.94 0.94 0.94 0.94 0.94 0.94 0.94 0.94 0.91 0.91 0.91 0.91 0.91 0.91 0.91 0.91 0.91 0.91 0.91 0.91 2.75 2.75 2.75 2.75 2.60 0.85 0.85 0.85 0.85 2.66 2.66 2.66 2.67 2.67 2.68 0.85 0.85 0.85 0.85 0.85 0.85 0.85 0.85 0.85 0.85 0.85 0.85 0.85
1.00 1.00 1.00 1.00 1.00 1.00 1.00 1.00 1.00 1.00 1.00 1.00 0.96 0.96 0.96 0.96 0.96 0.96 0.96 0.96 0.96 0.96 0.96 0.96 0.96 0.96 0.96 0.96 0.94 0.94 2.74 1.92 2.74 2.74 2.74 0.94 0.94 0.94 0.94 0.94 0.94 0.94 0.94 0.94 0.91 0.91 0.91 0.91 0.91 0.91 0.91 0.91 0.91 0.91 0.91 0.91 0.91 2.75 2.75 2.75 2.60 2.60 0.85 0.85 0.85 0.85 0.85 0.85 1.24 2.67 2.68 0.85 0.85 0.85 0.85 0.85 0.85 0.85 0.85 0.85 0.85 0.85 0.85 0.85
1.00 1.00 1.00 1.00 1.00 1.00 1.00 1.00 1.00 1.00 1.00 1.00 0.96 0.96 0.96 0.96 0.96 0.96 0.96 0.96 0.96 0.96 0.96 0.96 0.96 0.96 0.96 2.92 0.94 3.11 2.74 2.74 2.74 2.74 0.94 0.94 2.80 0.94 0.94 0.94 0.94 0.94 0.94 0.94 0.91 0.91 0.91 0.91 0.91 0.91 0.91 0.91 0.91 0.91 0.91 0.91 0.91 0.91 0.91 0.91 0.85 0.85 1.24 0.85 0.85 0.85 0.85 0.85 0.85 0.85 0.85 0.85 0.85 0.85 0.85 0.85 0.85 0.85 0.85 0.85 0.85 0.85 0.85 0.85
1.00 1.00 1.00 1.00 1.00 1.00 1.00 1.00 1.00 1.00 1.00 1.00 0.96 0.96 0.96 0.96 0.96 0.96 0.96 0.96 0.96 0.96 0.96 0.96 0.96 0.96 0.96 0.96 3.11 2.85 2.80 2.80 2.74 0.94 0.94 0.94 0.94 0.94 0.94 0.94 0.94 0.94 0.94 0.94 0.91 0.91 0.91 0.91 0.91 0.91 0.91 0.91 0.91 0.91 0.91 0.91 0.91 0.91 0.91 0.91 0.85 0.85 1.24 0.85 0.85 0.85 0.85 0.85 0.85 0.85 0.85 0.85 0.85 0.85 0.85 0.85 0.85 0.85 0.85 0.85 0.85 0.85 0.85 0.85
1.00 1.00 1.00 1.00 1.00 1.00 1.00 1.00 1.00 1.00 1.00 1.00 0.96 0.96 0.96 0.96 0.96 0.96 0.96 0.96 0.96 0.96 0.96 0.96 0.96 0.96 0.96 0.96 0.94 0.94 0.94 0.94 0.94 3.24 0.94 0.94 0.94 0.94 0.94 0.94 0.94 0.94 0.94 0.94 0.91 0.91 0.91 0.91 0.91 0.91 0.91 0.91 0.91 0.91 0.91 0.91 0.91 0.91 0.91 0.91 0.85 0.85 0.85 0.85 0.85 0.85 0.85 0.85 0.85 0.85 0.85 0.85 0.85 0.85 0.85 0.85 0.85 0.85 0.85 0.85 0.85 0.85 0.85 0.85
1.00 1.00 1.00 1.00 1.00 1.00 1.00 1.00 1.00 1.00 1.00 1.00 0.96 0.96 0.96 0.96 0.96 0.96 0.96 0.96 0.96 0.96 0.96 0.96 0.96 0.96 0.96 0.96 0.94 0.94 0.94 0.94 2.80 3.24 0.94 0.94 0.94 0.94 0.94 0.94 0.94 0.94 0.94 0.94 0.91 0.91 0.91 0.91 0.91 0.91 0.91 0.91 0.91 0.91 0.91 0.91 0.91 0.91 0.91 0.91 0.85 0.85 0.85 0.85 0.85 0.85 0.85 0.85 0.85 0.85 0.85 0.85 0.85 0.85 0.85 0.85 0.85 0.85 0.85 0.85 0.85 0.85 0.85 0.85
1.00 1.00 1.00 1.00 1.00 1.00 1.00 1.00 1.00 1.00 1.00 1.00 0.96 0.96 0.96 0.96 0.96 0.96 0.96 0.96 0.96 0.96 0.96 0.96 0.96 0.96 0.96 0.96 0.94 0.94 0.94 2.80 2.80 2.80 0.94 0.94 0.94 0.94 0.94 0.94 0.94 0.94 0.94 0.94 0.91 0.91 0.91 0.91 0.91 0.91 0.91 0.91 0.91 0.91 0.91 0.91 0.91 0.91 0.91 0.91 0.85 0.85 0.85 0.85 0.85 0.85 0.85 0.85 0.85 0.85 0.85 0.85 0.85 0.85 0.85 0.85 0.85 0.85 0.85 0.85 0.85 0.85 0.85 0.85
1.00 1.00 1.00 1.00 1.00 1.00 1.00 1.47 1.00 1.00 1.00 1.00 0.96 0.96 0.96 0.96 0.96 0.96 0.96 0.96 0.96 0.96 0.96 0.96 0.96 0.96 0.96 0.96 0.94 0.94 2.80 2.74 2.74 0.94 0.94 0.94 0.94 0.94 0.94 0.94 0.94 0.94 0.94 0.94 0.91 0.91 0.91 0.91 0.91 0.91 0.91 0.91 0.91 0.91 0.91 0.91 0.91 0.91 0.91 0.91 0.85 0.85 0.85 0.85 0.85 0.85 0.85 0.85 0.85 0.85 0.85 0.85 0.85 0.85 0.85 0.85 0.85 0.85 0.85 0.85 0.85 0.85 0.85 0.85
1.00 1.00 1.00 1.00 1.00 1.00 1.00 1.00 1.00 1.00 1.00 1.00 0.96 0.96 0.96 0.96 0.96 0.96 0.96 0.96 0.96 0.96 0.96 0.96 0.96 0.96 0.96 0.96 0.94 0.94 0.94 2.74 2.74 2.74 0.94 2.80 0.94 0.94 0.94 0.94 0.94 0.94 0.94 0.94 0.91 0.91 0.91 0.91 0.91 0.91 0.91 0.91 0.91 0.91 0.91 0.91 0.91 0.91 0.91 0.91 0.84 0.84 0.84 0.84 0.84 0.84 0.84 0.84 0.84 0.84 0.84 0.84 0.84 0.84 0.84 0.84 0.85 0.85 0.85 0.85 0.85 0.85 0.85 0.85
1.00 1.00 3.32 1.00 1.00 1.00 1.00 1.00 3.32 3.04 3.04 1.00 0.96 0.96 0.96 0.96 0.96 0.96 0.96 0.96 0.96 0.96 3.76 0.96 0.96 0.96 0.96 0.96 0.94 0.94 0.94 2.77 2.77 2.74 2.80 2.80 0.94 0.94 0.94 0.94 0.94 0.94 0.94 0.94 0.91 0.91 0.91 0.91 0.91 0.91 0.91 0.91 0.91 0.91 0.91 0.91 0.91 0.91 0.91 0.91 0.84 0.84 0.84 0.84 0.84 0.84 0.84 0.84 0.84 0.84 0.84 0.84 0.84 0.84 0.84 0.84 0.85 0.85 0.85 0.85 0.85 0.85 0.85 0.85
3.33 3.32 1.00 3.32 1.00 3.04 1.00 3.32 3.91 3.91 3.91 3.91 0.96 0.96 0.96 0.96 3.17 0.96 0.96 3.17 1.41 0.96 0.96 0.96 0.96 0.96 0.96 0.96 0.94 0.94 0.94 0.94 2.77 2.77 2.74 2.74 0.94 0.94 0.94 0.94 0.94 0.94 0.94 0.94 0.91 0.91 0.91 0.91 0.91 0.91 0.91 0.91 0.91 0.91 0.91 0.91 0.91 0.91 0.91 0.91 0.84 0.84 0.84 0.84 0.84 0.84 0.84 0.84 0.84 0.84 0.84 0.84 0.84 0.84 0.84 0.84 0.85 0.85 0.85 0.85 0.85 0.85 0.85 0.85
3.32 3.32 3.04 3.04 3.04 3.04 1.00 1.00 3.91 3.32 3.95 3.04 2.92 2.92 2.92 3.78 3.17 0.96 3.05 3.17 0.96 0.96 0.96 0.96 0.96 0.96 0.96 0.96 0.94 0.94 0.94 0.94 0.94 3.32 2.85 2.80 0.94 0.94 0.94 0.94 0.94 0.94 0.94 0.94 0.91 0.91 0.91 0.91 0.91 0.91 0.91 0.91 0.91 0.91 0.91 0.91 0.91 0.91 0.91 0.91 0.84 0.84 0.84 0.84 0.84 0.84 0.84 0.84 0.84 0.84 0.84 0.84 0.84 0.84 0.84 0.84 0.85 0.85 0.85 0.85 0.85 0.85 0.85 0.85
3.32 3.04 3.32 3.04 3.95 3.91 3.04 3.04 2.32 3.91 2.32 3.04 2.92 2.92 2.92 0.96 0.96 0.96 0.96 3.17 3.17 0.96 0.96 0.96 0.96 0.96 0.96 0.96 0.94 0.94 0.94 0.94 0.94 0.94 0.94 2.80 2.80 0.94 0.94 0.94 0.94 0.94 0.94 0.94 0.91 0.91 0.91 0.91 0.91 0.91 0.91 0.91 0.91 0.91 0.91 0.91 0.91 0.91 0.91 0.91 0.84 0.84 0.84 0.84 0.84 0.84 0.84 0.84 0.84 0.84 0.84 0.84 0.84 0.84 0.84 0.84 0.85 0.85 0.85 0.85 0.85 0.85 0.85 0.85
1.00 3.04 3.91 3.91 3.95 2.32 3.95 3.32 2.32 3.32 3.32 3.04 2.92 2.92 0.96 0.96 0.96 0.96 2.92 3.17 3.17 1.41 1.41 0.96 0.96 0.96 3.21 0.96 0.94 0.94 0.94 0.94 0.94 0.94 0.94 2.80 0.94 0.94 0.94 0.94 0.94 0.94 0.94 1.38 0.91 0.91 0.91 0.91 0.91 0.91 0.91 0.91 0.91 0.91 0.91 0.91 0.91 0.91 0.91 0.91 0.84 0.84 0.84 0.84 0.84 0.84 0.84 0.84 0.84 0.84 0.84 0.84 0.84 0.84 0.84 0.84 0.85 0.85 0.85 0.85 0.85 0.85 0.85 0.85
3.95 2.32 1.17 2.32 3.91 2.32 3.95 3.32 3.95 3.04 3.95 3.04 3.20 3.20 0.96 0.96 0.96 0.96 3.17 3.17 2.92 1.41 0.96 0.96 0.96 3.21 3.21 3.21 0.94 0.94 0.94 0.94 0.94 0.94 0.94 0.94 2.80 2.80 0.94 0.94 0.94 0.94 0.94 0.94 0.91 0.91 0.91 0.91 0.91 0.91 0.91 0.91 0.91 0.91 0.91 0.91 0.91 0.91 0.91 0.91 0.84 0.84 0.84 0.84 0.84 0.84 0.84 0.84 0.84 0.84 0.84 0.84 0.84 0.84 0.84 0.84 0.85 0.85 0.85 0.85 0.85 0.85 0.85 0.85
2.49 1.77 2.49 1.77 1.77 1.77 2.49 1.77 2.49 2.11 1.92 2.11 3.39 1.03 1.03 1.03 1.03 1.03 3.12 1.03 3.36 1.03 1.03 1.03 3.42 3.42 3.42 3.42 2.75 0.84 0.84 0.84 0.84 0.84 0.84 0.84 0.84 0.84 0.84 0.84 0.84 0.84 0.84 0.84 0.73 0.73 0.73 0.73 0.73 0.73 0.73 0.73 0.73 0.73 0.73 0.73 0.73 0.73 0.73 0.73 0.83 0.83 0.83 0.83 0.83 0.83 0.83 0.83 0.83 0.83 0.83 0.83 0.83 0.83 0.83 0.83 0.78 0.78 0.78 0.78 0.78 0.78 0.78 0.78
1.77 2.49 2.49 2.49 2.49 2.49 1.77 1.77 2.49 2.49 2.11 0.63 3.39 1.03 3.36 3.36 1.03 1.03 1.03 1.03 1.03 1.03 1.03 1.03 3.42 3.42 3.42 3.42 2.75 0.84 0.84 0.84 0.84 0.84 0.84 0.84 0.84 0.84 0.84 0.84 0.84 0.84 0.84 0.84 0.73 0.73 0.73 0.73 0.73 0.73 0.73 0.73 0.73 0.73 0.73 0.73 0.73 0.73 0.73 0.73 0.83 0.83 0.83 0.83 0.83 0.83 0.83 0.83 1.22 0.83 0.83 0.83 0.83 0.83 0.83 0.83 0.78 0.78 0.78 0.78 0.78 0.78 0.78 0.78
1.77 2.49 0.75 2.49 2.49 1.77 2.49 2.49 2.49 2.11 1.92 0.63 1.03 1.03 3.39 3.36 1.03 1.03 1.03 1.03 1.03 1.03 1.03 1.03 3.42 3.42 3.42 3.42 2.75 0.84 0.84 0.84 0.84 0.84 0.84 0.84 0.84 0.84 0.84 0.84 0.84 0.84 0.84 0.84 0.73 0.73 0.73 0.73 0.73 0.73 0.73 0.73 0.73 0.73 0.73 0.73 0.73 0.73 0.73 0.73 0.83 0.83 0.83 0.83 0.83 0.83 0.83 0.83 2.63 0.83 0.83 0.83 0.83 0.83 0.83 0.83 0.78 0.78 0.78 0.78 0.78 0.78 0.78 0.78
2.49 1.77 1.77 2.49 2.49 2.49 2.49 2.49 1.77 0.63 0.63 0.63 3.39 1.03 1.03 1.03 1.03 1.03 1.03 1.03 1.03 1.03 1.03 1.03 3.42 3.42 3.42 3.42 2.75 0.84 0.84 0.84 0.84 0.84 0.84 0.84 0.84 0.84 0.84 0.84 0.84 0.84 0.84 0.84 0.73 0.73 0.73 0.73 0.73 0.73 0.73 0.73 0.73 0.73 0.73 0.73 0.73 0.73 0.73 0.73 0.83 0.83 0.83 0.83 0.83 0.83 0.83 0.83 0.83 0.83 0.83 0.83 0.83 0.83 0.83 0.83 0.78 0.78 0.78 0.78 0.78 0.78 0.78 0.78
0.00 0.00 2.49 2.49 0.75 1.77 2.49 2.49 2.11 0.63 0.63 0.63 1.03 1.03 1.03 1.03 1.03 1.03 1.03 1.03 1.03 1.03 1.03 1.03 3.42 3.42 3.42 3.42 2.75 2.75 0.84 0.84 0.84 0.84 0.84 0.84 0.84 0.84 0.84 0.84 0.84 0.84 0.84 0.84 0.73 0.73 0.73 0.73 0.73 0.73 0.73 0.73 0.73 0.73 0.73 0.73 0.73 0.73 0.73 0.73 0.83 0.83 0.83 0.83 0.83 0.83 0.83 0.83 0.83 0.83 0.83 0.83 0.83 0.83 0.83 0.83 0.78 0.78 0.78 0.78 0.78 0.78 0.78 0.78
0.00 0.00 0.00 1.77 1.77 2.49 1.77 2.49 1.92 0.63 0.63 0.63 1.03 1.03 1.03 1.03 1.03 1.03 1.03 1.03 1.03 1.03 3.42 3.42 3.42 3.42 3.42 3.42 2.75 2.75 0.84 0.84 2.75 0.84 0.84 2.75 2.75 2.75 0.84 0.84 0.84 0.84 0.84 0.84 0.73 0.73 0.73 0.73 0.73 0.73 0.73 0.73 0.73 0.73 0.73 0.73 0.73 0.73 0.73 0.73 0.83 0.83 0.83 0.83 0.83 0.83 0.83 0.83 0.83 0.83 0.83 0.83 0.83 0.83 0.83 0.83 0.78 0.78 0.78 0.78 0.78 0.78 0.78 0.78
0.00 0.00 0.00 0.00 1.77 1.77 2.49 2.49 0.63 0.63 0.63 0.63 1.03 1.03 1.03 1.03 1.03 1.03 1.03 1.03 1.03 3.42 3.42 3.42 3.42 3.42 3.42 3.42 2.75 2.75 2.75 2.75 2.75 2.75 2.75 2.75 2.75 0.84 0.84 0.84 0.84 0.84 0.84 0.84 0.73 0.73 0.73 0.73 0.73 0.73 0.73 0.73 0.73 0.73 0.73 0.73 0.73 0.73 0.73 0.73 0.83 0.83 0.83 0.83 0.83 0.83 0.83 0.83 0.83 0.83 0.83 0.83 0.83 0.83 0.83 0.83 0.78 0.78 0.78 0.78 0.78 0.78 0.78 0.78
0.00 0.00 0.00 0.00 1.77 1.77 0.63 0.63 0.63 0.63 0.63 0.63 1.03 1.03 1.03 1.03 1.03 1.03 1.03 1.03 1.03 1.03 3.42 3.42 3.42 3.42 3.42 3.42 2.75 2.75 2.75 2.75 2.75 2.75 2.75 2.75 2.75 2.75 2.75 0.84 0.84 0.84 0.84 0.84 0.73 0.73 0.73 0.73 0.73 0.73 0.73 0.73 0.73 0.73 0.73 0.73 0.73 0.73 0.73 0.73 0.83 0.83 0.83 0.83 0.83 0.83 0.83 0.83 0.83 0.83 0.83 0.83 0.83 0.83 0.83 0.83 0.78 0.78 0.78 0.78 0.78 0.78 0.78 0.78
0.00 0.00 0.00 0.00 2.49 2.49 0.63 0.63 0.63 0.63 0.63 0.63 1.03 1.03 1.03 1.03 1.03 1.03 1.03 3.42 3.42 3.42 3.42 3.42 3.42 3.42 3.42 3.42 2.75 2.75 2.75 2.75 2.75 2.75 2.75 2.75 2.75 2.75 2.75 0.84 0.84 0.84 0.84 0.84 0.73 0.73 0.73 0.73 0.73 0.73 0.73 0.73 0.73 0.73 0.73 0.73 0.73 0.73 0.73 0.73 0.83 0.83 0.83 0.83 0.83 0.83 0.83 0.83 0.83 0.83 0.83 0.83 0.83 0.83 0.83 0.83 0.78 0.78 0.78 0.78 0.78 0.78 0.78 2.60
0.00 0.00 0.00 0.00 0.00 0.63 0.63 0.63 0.63 0.63 0.63 0.63 1.03 1.03 1.03 1.03 3.43 3.43 3.42 3.42 3.42 3.42 3.42 3.42 3.42 3.42 3.42 3.42 2.75 2.75 2.75 2.75 2.75 2.75 2.75 2.75 0.84 0.84 0.84 0.84 0.84 0.84 0.84 0.84 0.73 0.73 0.73 0.73 0.73 0.73 0.73 0.73 0.73 0.73 0.73 0.73 0.73 0.73 0.73 0.73 0.83 0.83 0.83 0.83 0.83 0.83 0.83 0.83 0.83 0.83 0.83 0.83 0.83 0.83 0.83 0.83 0.78 0.78 0.78 0.78 0.78 0.78 0.78 2.60
0.00 0.00 0.00 0.00 0.00 0.63 0.63 0.63 0.63 0.63 0.63 0.63 1.03 1.03 1.03 1.03 1.03 1.03 1.03 3.42 3.42 3.42 3.42 3.42 3.42 3.42 3.42 3.16 2.75 2.75 0.84 2.75 2.75 2.75 2.75 0.84 0.84 0.84 0.84 0.84 0.84 0.84 0.84 0.84 0.73 0.73 0.73 0.73 0.73 0.73 0.73 0.73 0.73 0.73 0.73 0.73 0.73 0.73 0.73 0.73 0.83 0.83 0.83 0.83 0.83 0.83 0.83 0.83 0.83 0.83 0.83 0.83 0.83 0.83 0.83 0.83 0.78 0.78 0.78 0.78 0.78 0.78 0.78 0.78
0.00 0.00 0.00 0.00 1.77 0.63 0.63 0.63 0.63 2.11 0.63 0.63 1.03 1.03 1.03 1.03 1.03 1.03 1.03 1.03 1.03 3.42 3.42 1.03 1.03 3.42 3.42 3.16 2.75 2.75 2.75 2.75 2.75 2.75 0.84 0.84 0.84 0.84 0.84 0.84 0.84 0.84 0.84 0.84 0.73 0.73 0.73 0.73 0.73 0.73 0.73 0.73 0.73 0.73 0.73 0.73 0.73 0.73 0.73 0.73 0.83 0.83 0.83 0.83 0.83 0.83 0.83 0.83 0.83 0.83 0.83 0.83 0.83 0.83 0.83 0.83 0.78 0.78 0.78 0.78 2.47 0.78 0.78 0.78
0.00 0.00 0.00 1.77 1.77 0.63 0.63 0.63 2.11 2.11 0.63 0.63 1.03 1.03 1.03 1.03 1.03 1.03 1.03 1.03 1.03 1.03 1.03 1.03 1.03 1.03 3.42 3.16 2.75 2.75 2.75 2.75 2.75 2.75 2.75 0.84 0.84 0.84 0.84 0.84 0.84 0.84 0.84 0.84 0.73 0.73 0.73 0.73 0.73 0.73 0.73 0.73 0.73 0.73 0.73 0.73 0.73 0.73 0.73 0.73 0.83 0.83 0.83 0.83 0.83 0.83 0.83 0.83 0.83 0.83 0.83 0.83 0.83 0.83 0.83 0.83 0.78 0.78 0.78 0.78 0.78 0.78 0.78 0.78
0.00 0.00 0.00 1.77 0.63 0.63 0.63 2.11 2.11 2.11 2.11 2.11 1.03 1.03 1.03 1.03 1.03 1.03 1.03 1.03 1.03 1.03 1.03 1.03 1.03 1.03 1.03 3.16 2.75 2.75 2.75 2.75 2.75 2.75 2.75 2.75 0.84 0.84 0.84 0.84 0.84 0.84 0.84 0.84 0.73 0.73 0.73 0.73 0.73 0.73 0.73 0.73 0.73 0.73 0.73 0.73 0.73 0.73 0.73 0.73 0.83 0.83 0.83 0.83 0.83 0.83 0.83 0.83 0.83 0.83 0.83 0.83 0.83 0.83 0.83 0.83 0.78 0.78 0.78 0.78 0.78 0.78 2.37 0.78
0.00 0.00 0.00 1.77 2.49 2.11 2.11 2.11 2.11 2.11 0.63 0.63 1.03 1.03 1.03 1.03 1.03 1.03 1.03 1.03 1.03 1.03 1.03 1.03 1.03 1.03 1.03 1.03 0.84 0.84 2.75 2.75 2.75 2.75 2.75 2.75 0.84 0.84 0.84 0.84 0.84 0.84 0.84 0.84 0.73 0.73 0.73 0.73 0.73 0.73 0.73 0.73 0.73 0.73 0.73 0.73 0.73 0.73 0.73 0.73 0.83 0.83 0.83 0.83 0.83 0.83 0.83 0.83 0.83 0.83 0.83 0.83 0.83 0.83 0.83 3.27 3.07 2.60 3.07 3.07 1.14 2.37 1.14 2.60
0.00 0.00 1.77 1.77 1.77 1.77 2.49 1.92 2.11 2.11 0.63 0.63 1.03 1.03 1.03 1.03 1.03 1.03 1.03 1.03 1.03 1.03 1.03 1.03 1.03 1.03 1.03 1.03 0.84 0.84 0.84 2.75 0.84 2.75 0.84 2.75 0.84 0.84 0.84 0.84 0.84 0.84 0.84 0.84 0.73 0.73 0.73 0.73 0.73 0.73 0.73 0.73 0.73 0.73 0.73 0.73 0.73 0.73 0.73 0.73 0.83 0.83 0.83 0.83 0.83 0.83 0.83 0.83 0.83 0.83 0.83 0.83 0.83 0.83 0.83 0.83 0.78 3.07 3.07 3.07 2.60 2.60 2.37 2.60
0.00 0.00 2.32 1.70 1.70 2.32 2.32 1.97 0.59 0.59 0.59 0.59 0.97 0.97 0.97 0.97 0.97 0.97 0.97 0.97 0.97 0.97 0.97 0.97 0.97 0.97 0.97 0.97 0.84 0.84 0.84 0.84 0.84 0.84 0.84 2.73 0.84 0.84 0.84 0.84 0.84 0.84 0.84 0.84 0.92 0.92 0.92 0.92 0.92 0.92 0.92 0.92 0.92 0.92 0.92 0.92 0.92 0.92 0.92 0.92 0.82 0.82 0.82 0.82 0.82 0.82 0.82 0.82 0.82 0.82 0.82 0.82 0.82 0.82 0.82 0.82 0.55 0.55 0.55 2.17 1.88 2.17 2.17 1.88
0.00 0.00 0.70 2.32 0.70 1.79 1.79 0.59 1.97 0.59 0.59 0.59 0.97 0.97 0.97 0.97 0.97 0.97 0.97 0.97 0.97 0.97 0.97 0.97 0.97 0.97 0.97 0.97 0.84 0.84 0.84 0.84 0.84 0.84 0.84 2.73 0.84 0.84 0.84 0.84 0.84 0.84 0.84 0.84 0.92 0.92 0.92 0.92 0.92 0.92 0.92 0.92 0.92 0.92 0.92 0.92 0.92 0.92 0.92 0.92 0.82 0.82 0.82 0.82 0.82 0.82 0.82 0.82 0.82 0.82 0.82 0.82 0.82 0.82 0.82 0.82 0.55 0.55 0.55 1.84 2.17 2.17 1.67 0.00
0.00 0.00 1.70 1.70 2.32 1.97 0.59 0.59 0.59 0.59 0.59 0.59 0.97 0.97 0.97 0.97 0.97 0.97 0.97 0.97 0.97 0.97 0.97 0.97 0.97 0.97 0.97 0.97 0.84 1.23 0.84 0.84 0.84 0.84 0.84 0.84 0.84 0.84 0.84 0.84 0.84 0.84 0.84 0.84 0.92 0.92 0.92 0.92 0.92 0.92 0.92 0.92 0.92 0.92 0.92 0.92 0.92 0.92 0.92 0.92 0.82 0.82 0.82 0.82 0.82 0.82 0.82 0.82 0.82 0.82 0.82 0.82 0.82 0.82 0.82 0.82 0.55 0.55 0.55 0.55 2.17 2.17 2.17 0.00
0.00 0.00 1.70 2.32 2.32 0.59 0.59 0.59 0.59 0.59 0.59 0.59 0.97 0.97 0.97 0.97 0.97 0.97 0.97 0.97 0.97 0.97 0.97 0.97 0.97 0.97 0.97 0.97 0.84 1.23 0.84 0.84 0.84 0.84 0.84 0.84 0.84 0.84 0.84 0.84 0.84 0.84 0.84 0.84 0.92 0.92 0.92 0.92 0.92 0.92 0.92 0.92 0.92 0.92 0.92 0.92 0.92 0.92 0.92 0.92 0.82 0.82 0.82 0.82 0.82 0.82 0.82 0.82 0.82 0.82 0.82 0.82 0.82 0.82 0.82 0.82 0.55 0.55 1.67 2.17 1.88 1.88 0.00 0.00
0.00 0.00 0.00 2.32 1.70 1.70 1.79 1.79 0.59 0.59 0.59 0.59 0.97 0.97 0.97 1.43 0.97 0.97 0.97 0.97 0.97 0.97 0.97 0.97 0.97 0.97 0.97 0.97 0.84 0.84 0.84 0.84 0.84 0.84 0.84 0.84 0.84 0.84 0.84 0.84 0.84 0.84 0.84 0.84 0.92 0.92 0.92 0.92 0.92 0.92 0.92 0.92 0.92 0.92 0.92 0.92 0.92 0.92 0.92 0.92 0.82 0.82 0.82 0.82 0.82 0.82 0.82 0.82 0.82 0.82 0.82 0.82 0.82 0.82 0.82 0.82 0.55 0.55 1.67 1.84 1.88 1.88 0.00 0.00
0.00 0.00 0.00 0.00 1.70 0.70 1.79 1.79 0.59 0.59 0.59 0.59 0.97 0.97 0.97 0.97 0.97 0.97 0.97 0.97 0.97 0.97 0.97 0.97 0.97 0.97 0.97 0.97 0.84 0.84 0.84 0.84 0.84 0.84 0.84 0.84 0.84 0.84 0.84 0.84 0.84 0.84 0.84 0.84 0.92 0.92 0.92 0.92 0.92 0.92 0.92 0.92 0.92 0.92 0.92 0.92 0.92 0.92 0.92 0.92 0.82 0.82 0.82 0.82 0.82 0.82 0.82 0.82 0.82 0.82 0.82 0.82 0.82 0.82 0.82 0.82 0.55 0.55 0.55 1.84 1.88 2.17 0.00 0.00
