New_Model_Runs/6_FutureClimate_RCP45_out/post_prcessed_with_MFR/Monthly_summaries/actual_et_monthly_JUN.asc
NCOLS 700
NROWS 400
XLLCENTER 515000.000000
YLLCENTER 8409000.000000
CELLSIZE 50.000000
NODATA_value -999.000000
[rows 114 to 151 of 400, columns 504 to 587 of 700]
0.72 0.72 0.72 0.72 0.72 0.72 0.72 0.72 0.68 0.68 0.68 0.68 0.68 0.68 0.68 0.68 0.68 0.68 0.68 0.68 2.16 2.28 2.28 1.00 1.14 1.14 0.78 2.47 0.78 2.36 2.36 0.78 0.78 0.78 0.78 0.78 0.78 1.14 0.78 0.78 0.85 0.85 0.85 0.85 0.85 0.85 0.85 0.85 0.85 0.85 0.85 0.85 0.85 0.85 0.85 0.85 0.80 0.80 0.80 0.80 0.80 0.80 0.80 0.80 0.80 0.80 0.80 0.80 0.80 0.80 0.80 0.80 0.71 0.71 0.71 0.71 0.71 2.63 0.00 0.00 0.00 0.00 0.00 0.00
0.72 0.72 0.72 0.72 0.72 0.72 0.72 0.72 0.68 0.68 0.68 0.68 0.68 0.68 0.68 0.68 0.68 0.68 0.68 0.68 1.00 1.00 2.28 1.00 1.14 0.78 0.78 0.78 0.78 0.78 2.36 0.78 0.78 0.78 0.78 0.78 0.78 0.78 0.78 0.78 0.85 0.85 0.85 0.85 0.85 0.85 0.85 0.85 0.85 0.85 0.85 0.85 0.85 0.85 0.85 0.85 0.80 0.80 0.80 0.80 0.80 0.80 0.80 0.80 0.80 0.80 0.80 0.80 0.80 0.80 0.80 0.80 0.71 0.71 0.71 0.71 0.71 2.15 1.04 1.04 2.63 2.43 2.43 2.43
0.72 0.72 0.72 0.72 0.72 0.72 0.72 0.72 0.68 0.68 0.68 0.68 0.68 0.68 0.68 0.68 0.68 0.68 0.68 0.68 1.00 1.00 0.68 0.68 0.78 0.78 0.78 0.78 0.78 0.78 0.78 0.78 0.78 0.78 0.78 0.78 0.78 0.78 0.78 0.78 0.85 0.85 0.85 2.58 0.85 0.85 0.85 0.85 0.85 0.85 0.85 0.85 0.85 0.85 0.85 0.85 0.80 0.80 0.80 0.80 0.80 0.80 0.80 0.80 0.80 0.80 0.80 0.80 0.80 0.80 0.80 0.80 0.71 0.71 0.71 0.71 0.71 0.71 0.71 2.15 2.64 2.64 2.64 2.77
0.72 0.72 0.72 0.72 0.72 0.72 0.72 0.72 0.68 0.68 0.68 0.68 0.68 0.68 0.68 0.68 0.68 0.68 0.68 0.68 0.68 0.68 0.68 0.68 2.47 0.78 0.78 0.78 0.78 0.78 2.60 0.78 0.78 0.78 0.78 0.78 0.78 0.78 0.78 0.78 0.85 0.85 0.85 0.85 0.85 0.85 0.85 0.85 0.85 2.58 2.83 2.83 0.85 0.85 0.85 0.85 0.80 0.80 0.80 0.80 0.80 0.80 0.80 0.80 0.80 0.80 0.80 0.80 0.80 0.80 0.80 0.80 0.71 0.71 0.71 0.71 0.71 0.71 0.71 0.71 2.27 2.64 0.71 0.71
0.72 0.72 0.72 0.72 0.72 0.72 0.72 0.72 0.68 0.68 0.68 0.68 0.68 0.68 0.68 0.68 0.68 0.68 0.68 0.68 0.68 0.68 0.68 0.68 0.78 0.78 1.14 0.78 0.78 0.78 0.78 0.78 0.78 0.78 0.78 0.78 0.78 0.78 0.78 0.78 0.85 0.85 0.85 0.85 0.85 0.85 0.85 2.58 2.58 2.58 2.83 2.83 0.85 0.85 0.85 0.85 0.80 0.80 0.80 0.80 0.80 0.80 0.80 0.80 0.80 0.80 0.80 0.80 0.80 0.80 0.80 0.80 0.71 0.71 0.71 0.71 0.71 0.71 0.71 2.15 2.15 2.64 2.27 0.71
0.72 0.72 0.72 0.72 0.72 0.72 0.72 0.72 0.68 0.68 0.68 0.68 0.68 0.68 0.68 0.68 0.68 0.68 0.68 0.68 0.68 0.68 0.68 0.68 0.78 0.78 0.78 0.78 0.78 0.78 0.78 0.78 0.78 0.78 0.78 0.78 0.78 0.78 0.78 0.78 0.85 0.85 0.85 0.85 3.34 3.34 3.34 2.83 2.83 0.85 0.85 0.85 0.85 0.85 0.85 0.85 0.80 0.80 0.80 0.80 0.80 0.80 0.80 0.80 0.80 0.80 0.80 0.80 0.80 0.80 0.80 0.80 0.71 0.71 0.71 0.71 0.71 0.71 1.04 1.04 1.04 2.64 2.15 2.27
0.72 0.72 0.72 0.72 0.72 0.72 0.72 0.72 0.68 0.68 0.68 0.68 0.68 0.68 0.68 0.68 0.68 0.68 0.68 0.68 0.68 0.68 0.68 0.68 0.78 0.78 0.78 0.78 0.78 0.78 0.78 0.78 0.78 0.78 0.78 0.78 0.78 0.78 0.78 0.78 0.85 0.85 0.85 0.85 2.69 2.69 0.85 0.85 2.83 0.85 0.85 0.85 0.85 0.85 0.85 0.85 0.80 0.80 0.80 0.80 0.80 0.80 0.80 0.80 0.80 0.80 0.80 0.80 0.80 0.80 0.80 0.80 0.71 0.71 0.71 0.71 1.04 1.04 1.04 1.04 2.27 2.27 2.15 2.27
0.72 0.72 0.72 0.72 0.72 0.72 0.72 0.72 0.68 0.68 0.68 0.68 0.68 0.68 0.68 0.68 0.68 0.68 0.68 0.68 0.68 0.68 0.68 0.68 0.78 0.78 2.60 2.60 0.78 0.78 0.78 0.78 0.78 0.78 0.78 0.78 0.78 0.78 2.36 0.78 0.85 2.83 2.58 0.85 2.58 0.85 0.85 0.85 0.85 0.85 0.85 0.85 0.85 0.85 0.85 0.85 0.80 0.80 0.80 0.80 0.80 0.80 0.80 0.80 0.80 0.80 0.80 0.80 0.80 0.80 0.80 0.80 0.71 0.71 0.71 0.71 0.71 0.71 0.71 1.04 2.27 2.27 2.15 2.27
0.72 0.72 0.72 0.72 0.72 0.72 0.72 0.72 0.68 0.68 0.68 0.68 0.68 0.68 0.68 0.68 0.68 0.68 0.68 0.68 0.68 0.68 0.68 0.68 0.78 0.78 2.60 2.60 2.60 0.78 0.78 0.78 0.78 0.78 0.78 0.78 3.06 0.78 2.36 2.60 2.58 2.83 2.58 2.58 2.58 0.85 0.85 0.85 0.85 0.85 0.85 0.85 0.85 0.85 0.85 0.85 0.80 0.80 0.80 0.80 0.80 0.80 0.80 0.80 0.80 0.80 0.80 0.80 0.80 0.80 0.80 0.80 0.71 0.71 0.71 0.71 0.71 0.71 0.71 0.71 0.71 0.71 0.71 0.71
0.72 0.72 0.72 0.72 0.72 1.06 0.72 0.72 0.68 2.16 0.68 0.68 0.68 0.68 0.68 0.68 2.16 0.68 0.68 0.68 0.68 0.68 0.68 0.68 0.78 0.78 0.78 2.60 2.60 0.78 0.78 0.78 2.60 0.78 0.78 2.36 2.47 0.78 0.78 2.60 2.57 2.83 2.57 0.85 0.85 0.85 0.85 0.85 0.85 0.85 0.85 0.85 0.85 0.85 0.85 0.85 0.80 0.80 0.80 0.80 0.80 0.80 0.80 0.80 0.80 0.80 0.80 0.80 0.80 0.80 0.80 0.80 0.71 0.71 0.71 0.71 0.71 0.71 0.71 0.71 0.71 0.71 0.71 0.71
0.72 0.72 0.72 0.72 0.72 0.72 0.72 0.72 0.68 0.68 0.68 0.68 0.68 0.68 0.68 0.68 0.68 0.68 1.00 2.07 0.68 0.68 0.68 0.68 0.78 0.78 0.78 0.78 0.78 0.78 0.78 0.78 2.60 2.60 0.78 2.36 2.60 2.60 0.78 0.78 0.85 0.85 0.85 0.85 0.85 0.85 0.85 0.85 0.85 0.85 0.85 0.85 0.85 0.85 0.85 0.85 0.80 0.80 0.80 0.80 0.80 0.80 0.80 0.80 0.80 0.80 0.80 0.80 0.80 0.80 0.80 0.80 0.71 0.71 0.71 0.71 0.71 0.71 0.71 0.71 0.71 0.71 0.71 0.71
0.72 0.72 0.72 0.72 0.72 0.72 0.72 0.72 0.68 0.68 0.68 0.68 0.68 0.68 0.68 0.68 0.68 0.68 0.68 0.68 2.28 0.68 0.68 0.68 0.78 0.78 2.60 2.60 3.06 2.60 0.78 0.78 2.60 3.06 3.06 0.92 2.36 2.60 0.78 0.78 0.85 0.85 0.85 0.85 0.85 0.85 0.85 0.85 0.85 0.85 0.85 0.85 0.85 0.85 0.85 0.85 0.80 0.80 0.80 0.80 0.80 0.80 0.80 0.80 0.80 0.80 0.80 0.80 0.80 0.80 0.80 0.80 0.71 0.71 0.71 0.71 0.71 0.71 0.71 0.71 0.71 0.71 0.71 0.71
0.72 0.72 0.72 0.72 0.72 0.72 0.72 0.72 0.68 0.68 0.68 0.68 0.68 0.68 0.68 0.68 0.68 0.68 0.68 0.68 2.28 2.16 0.68 0.68 0.78 2.65 3.06 3.06 3.06 2.65 3.06 0.78 3.06 3.06 3.06 2.36 0.78 0.78 0.78 0.78 0.85 0.85 0.85 0.85 0.85 0.85 0.85 0.85 0.85 0.85 0.85 0.85 0.85 0.85 0.85 0.85 0.80 0.80 0.80 0.80 0.80 0.80 0.80 0.80 0.80 0.80 0.80 0.80 0.80 0.80 0.80 0.80 0.71 0.71 0.71 0.71 0.71 0.71 0.71 0.71 0.71 0.71 0.71 0.71
0.72 0.72 0.72 0.72 0.72 0.72 0.72 0.72 0.68 0.68 0.68 0.68 0.68 0.68 0.68 0.68 0.68 0.68 2.07 0.68 2.28 2.16 0.68 2.69 2.65 2.65 2.65 3.06 3.06 2.65 3.06 2.65 3.06 3.06 2.60 2.36 0.78 0.78 0.78 0.78 0.85 0.85 0.85 0.85 0.85 0.85 2.83 0.85 0.85 0.85 0.85 0.85 0.85 0.85 0.85 0.85 0.80 0.80 0.80 0.80 0.80 0.80 0.80 0.80 0.80 0.80 0.80 0.80 0.80 0.80 0.80 0.80 0.71 0.71 0.71 0.71 0.71 0.71 0.71 0.71 0.71 0.71 0.71 0.71
0.72 0.72 0.72 0.72 0.72 0.72 0.72 0.72 0.68 0.68 0.68 0.68 0.68 0.68 0.68 0.68 0.68 0.68 0.68 2.28 2.28 2.69 2.69 2.38 2.65 2.65 3.06 0.00 0.00 0.00 0.00 0.00 0.00 3.06 3.06 0.78 0.78 0.78 0.78 0.78 0.85 0.85 0.85 2.83 2.83 3.34 2.83 2.57 2.57 0.85 0.85 0.85 0.85 0.85 0.85 0.85 0.80 0.80 0.80 2.49 2.49 2.49 2.49 0.80 0.80 0.80 0.80 0.80 0.80 0.80 0.80 0.80 0.71 0.71 0.71 0.71 0.71 0.71 0.71 0.71 0.71 0.71 0.71 0.71
0.72 0.72 0.72 0.72 0.72 0.72 0.72 0.72 0.68 0.68 0.68 0.68 0.68 0.68 0.68 0.68 2.28 0.68 2.07 2.07 2.28 2.69 2.38 2.69 2.65 0.00 0.00 0.00 0.00 0.00 0.00 0.00 0.00 0.00 2.60 0.78 0.78 0.78 0.78 0.78 2.57 2.83 2.69 2.57 3.34 3.34 0.85 2.57 0.85 0.85 0.85 0.85 0.85 0.85 0.85 0.85 0.80 0.80 0.80 0.80 2.49 2.49 0.80 0.80 0.80 0.80 0.80 0.80 0.80 0.80 0.80 0.80 0.71 0.71 0.71 0.71 0.71 0.71 0.71 0.71 0.71 0.71 0.71 0.71
0.67 0.67 0.67 0.67 0.67 0.67 0.98 0.67 0.49 0.49 0.49 0.49 0.49 0.49 0.49 0.49 1.64 0.49 1.49 1.49 1.49 1.93 1.93 1.93 0.00 0.00 0.00 0.00 0.00 0.00 0.00 0.00 0.00 0.00 0.00 0.50 0.50 0.50 0.50 1.52 1.98 1.98 1.52 1.76 1.98 0.50 0.50 0.50 0.50 0.50 0.50 0.50 0.50 0.50 0.50 0.50 0.80 0.80 0.80 0.80 2.45 2.43 0.80 0.80 0.80 0.80 0.80 0.80 0.80 0.80 0.80 0.80 0.78 0.78 0.78 0.78 0.78 0.78 0.78 0.78 0.78 0.78 0.78 0.78
0.67 0.67 0.67 0.67 0.67 0.67 0.67 0.67 1.56 1.56 0.49 0.49 0.49 0.49 0.49 1.64 1.64 0.49 1.49 1.49 1.49 1.49 0.49 0.49 0.00 0.00 0.00 0.00 0.00 0.00 0.00 0.00 0.00 0.00 0.00 1.52 1.52 0.50 0.50 0.00 0.00 1.98 1.52 1.98 1.52 0.50 0.50 0.50 0.50 0.50 0.50 0.50 0.50 0.50 0.50 0.50 0.80 0.80 0.80 2.36 2.43 1.18 0.80 0.80 0.80 0.80 0.80 0.80 0.80 0.80 0.80 0.80 0.78 0.78 0.78 0.78 0.78 0.78 0.78 0.78 0.78 0.78 0.78 0.78
0.67 0.67 0.67 0.67 0.67 0.67 0.67 0.67 0.49 0.49 0.49 0.49 1.64 1.64 1.49 1.64 1.64 1.64 0.49 1.49 0.49 0.49 0.49 0.00 0.00 0.00 0.00 0.00 0.00 0.00 0.00 0.00 0.00 0.00 0.00 0.50 0.50 0.00 0.00 0.00 0.00 0.00 0.00 1.76 1.67 0.50 0.50 0.50 0.50 0.50 0.50 0.50 0.50 0.50 0.50 0.50 0.80 0.80 0.80 0.80 2.37 2.37 0.80 0.80 0.80 0.80 0.80 0.80 0.80 0.80 0.80 0.80 0.78 0.78 0.78 0.78 0.78 0.78 0.78 0.78 0.78 0.78 0.78 0.78
0.67 0.67 0.67 0.67 0.67 0.67 2.03 2.03 1.49 0.72 0.49 0.49 0.49 1.64 1.49 1.49 1.49 1.93 1.49 0.49 0.49 0.49 0.00 0.00 0.00 0.00 0.00 0.00 0.00 0.00 0.00 0.00 0.00 0.00 0.00 0.00 0.00 0.00 0.00 0.00 0.00 0.00 0.00 0.50 1.67 1.67 0.50 0.50 0.50 0.50 0.50 0.50 0.50 0.50 0.50 0.50 0.80 0.80 0.80 0.80 0.80 0.80 0.80 0.80 0.80 0.80 0.80 0.80 0.80 0.80 0.80 0.80 0.78 0.78 0.78 0.78 0.78 0.78 0.78 0.78 0.78 0.78 0.78 0.78
0.67 0.67 0.67 0.67 0.67 0.67 0.67 2.23 1.49 0.72 0.72 1.49 1.49 1.93 1.93 1.93 1.93 1.93 0.00 0.00 0.00 0.00 0.00 0.00 0.00 0.00 0.00 0.00 0.00 0.00 0.00 0.00 0.00 0.00 0.00 0.00 0.00 0.00 0.00 0.00 0.00 0.00 0.00 0.00 0.50 0.50 0.50 0.50 0.50 0.50 0.50 0.50 0.50 0.50 0.50 0.50 0.80 0.80 0.80 0.80 0.80 0.80 0.80 0.80 0.80 0.80 0.80 0.80 0.80 0.80 0.80 0.80 0.78 0.78 0.78 0.78 0.78 0.78 0.78 0.78 0.78 0.78 0.78 0.78
0.67 0.67 0.67 0.67 0.67 0.98 0.67 2.63 1.49 1.64 1.93 1.93 1.93 0.00 0.00 0.00 0.00 0.00 0.00 0.00 0.00 0.00 0.00 0.00 0.00 0.00 0.00 0.00 0.00 0.00 0.00 0.00 0.00 0.00 0.00 0.00 0.00 0.00 0.00 0.00 0.00 0.00 0.00 0.50 0.50 0.50 0.50 0.50 0.50 0.50 0.50 0.50 0.50 0.50 0.50 0.50 0.80 0.80 0.80 0.80 0.80 0.80 0.80 0.80 0.80 0.80 0.80 0.80 0.80 0.80 0.80 0.80 0.78 0.78 0.78 0.78 0.78 0.78 0.78 0.78 0.78 0.78 0.78 0.78
0.67 0.67 0.67 0.67 0.67 2.03 2.03 2.63 1.93 1.93 0.00 0.00 0.00 0.00 0.00 0.00 0.00 0.00 0.00 0.00 0.00 0.00 0.00 0.00 0.00 0.00 0.00 0.00 0.00 0.00 0.00 0.00 0.00 0.00 0.00 0.00 0.00 0.00 0.00 0.00 0.00 0.00 0.00 0.50 0.50 1.52 0.50 0.50 1.67 1.67 0.50 0.50 0.50 0.50 0.50 0.50 0.80 0.80 0.80 0.80 0.80 0.80 0.80 0.80 0.80 0.80 0.80 0.80 0.80 0.80 0.80 0.80 0.78 0.78 0.78 0.78 0.78 0.78 0.78 0.78 0.78 0.78 0.78 0.78
0.67 0.67 0.67 0.67 0.98 2.03 2.34 2.63 0.00 0.00 0.00 0.00 0.00 0.00 0.00 0.00 0.00 0.00 0.00 0.00 0.00 0.00 0.00 0.00 0.00 0.00 0.00 0.00 0.00 0.00 0.00 0.00 0.00 0.00 0.00 0.00 0.00 0.00 0.00 0.00 0.00 0.00 0.00 0.00 0.00 0.00 0.00 1.98 1.98 1.67 1.52 1.67 1.52 0.50 0.50 0.50 0.80 0.80 0.80 0.80 0.80 0.80 0.80 0.80 0.80 0.80 0.80 0.80 0.80 0.80 0.80 0.80 0.78 0.78 0.78 0.78 0.78 0.78 0.78 0.78 0.78 0.78 0.78 0.78
0.67 0.67 0.67 0.98 2.03 2.03 2.63 0.00 0.00 0.00 0.00 0.00 0.00 0.00 0.00 0.00 0.00 0.00 0.00 0.00 0.00 0.00 0.00 0.00 0.00 0.00 0.00 0.00 0.00 0.00 0.00 0.00 0.00 0.00 0.00 0.00 0.00 0.00 0.00 0.00 0.00 0.00 0.00 0.00 0.00 0.00 0.00 0.00 1.98 1.76 1.52 1.67 1.52 1.52 1.52 0.50 0.80 0.80 0.80 0.80 0.80 0.80 0.80 0.80 0.80 0.80 0.80 0.80 0.80 0.80 0.80 0.80 0.78 0.78 0.78 0.78 0.78 0.78 0.78 0.78 0.78 0.78 0.78 0.78
2.03 0.67 2.23 2.23 2.03 2.03 2.63 0.00 0.00 0.00 0.00 0.00 0.00 0.00 0.00 0.00 0.00 0.00 0.00 0.00 0.00 0.00 0.00 0.00 0.00 0.00 0.00 0.00 0.00 0.00 0.00 0.00 0.00 0.00 0.00 0.00 0.00 0.00 0.00 0.00 0.00 0.00 0.00 0.00 0.00 0.00 0.00 0.00 0.00 1.98 0.50 1.67 1.67 1.52 1.52 1.52 2.67 0.80 0.80 0.80 0.80 0.80 0.80 0.80 0.80 0.80 0.80 0.80 0.80 0.80 0.80 0.80 0.78 0.78 0.78 0.78 0.78 0.78 0.78 0.78 0.78 0.78 0.78 0.78
0.67 2.03 2.23 2.23 0.67 0.67 2.03 0.00 0.00 0.00 0.00 0.00 0.00 0.00 0.00 0.00 0.00 0.00 0.00 0.00 0.00 0.00 0.00 0.00 0.00 0.00 0.00 0.00 0.00 0.00 0.00 0.00 0.00 0.00 0.00 0.00 0.00 0.00 0.00 0.00 0.00 0.00 0.00 0.00 0.00 0.00 0.00 0.00 0.00 1.98 1.76 1.98 1.76 1.52 1.52 1.52 3.15 2.47 0.80 0.80 0.80 0.80 0.80 0.80 0.80 0.80 0.80 0.80 0.80 0.80 0.80 0.80 0.78 0.78 0.78 0.78 0.78 0.78 1.14 1.14 0.78 0.78 0.78 0.78
0.67 2.23 2.03 2.23 0.67 0.67 0.67 0.00 0.00 0.00 0.00 0.00 0.00 0.00 0.00 0.00 0.00 0.00 0.00 0.00 0.00 0.00 0.00 0.00 0.00 0.00 0.00 0.00 0.00 0.00 0.00 0.00 0.00 0.00 0.00 0.00 0.00 0.00 0.00 0.00 0.00 0.00 0.00 0.00 0.00 0.00 0.00 0.00 0.00 0.00 1.76 1.76 1.98 1.98 1.76 1.76 3.15 2.84 0.80 0.80 0.80 0.80 0.80 0.80 0.80 0.80 0.80 0.80 0.80 0.80 0.80 0.80 0.78 0.78 0.78 0.78 0.78 0.78 0.78 0.78 0.78 0.78 0.78 2.42
0.67 0.67 2.03 2.34 2.63 0.00 0.00 0.00 0.00 0.00 0.00 0.00 0.00 0.00 0.00 0.00 0.00 0.00 0.00 0.00 0.00 0.00 0.00 0.00 0.00 0.00 0.00 0.00 0.00 0.00 0.00 0.00 0.00 0.00 0.00 0.00 0.00 0.00 0.00 0.00 0.00 0.00 0.00 0.00 0.00 0.00 0.00 0.00 0.00 0.00 1.98 1.76 1.98 1.76 1.98 1.67 2.67 0.80 0.80 0.80 0.80 0.80 0.80 0.80 0.80 0.80 0.80 0.80 0.80 0.80 0.80 0.80 0.78 0.78 0.78 0.78 0.78 0.78 2.40 2.38 2.38 2.38 2.76 2.38
0.67 0.67 0.67 2.63 0.00 0.00 0.00 0.00 0.00 0.00 0.00 0.00 0.00 0.00 0.00 0.00 0.00 0.00 0.00 0.00 0.00 0.00 0.00 0.00 0.00 0.00 0.00 0.00 0.00 0.00 0.00 0.00 0.00 0.00 0.00 0.00 0.00 0.00 0.00 0.00 0.00 0.00 0.00 0.00 0.00 0.00 0.00 0.00 0.00 0.00 0.00 1.98 1.98 1.76 1.52 1.52 0.80 0.80 0.80 0.80 0.80 0.80 0.80 0.80 0.80 0.80 0.80 0.80 0.80 0.80 0.80 0.80 0.78 0.78 0.78 0.78 0.78 0.78 0.78 0.78 2.38 2.38 2.38 2.30
2.03 2.03 0.00 0.00 0.00 0.00 0.00 0.00 0.00 0.00 0.00 0.00 0.00 0.00 0.00 0.00 0.00 0.00 0.00 0.00 0.00 0.00 0.00 0.00 0.00 0.00 0.00 0.00 0.00 0.00 0.00 0.00 0.00 0.00 0.00 0.00 0.00 0.00 0.00 0.00 0.00 0.00 0.00 0.00 0.00 0.00 0.00 0.00 0.00 0.00 0.00 1.98 1.76 1.98 1.67 1.67 2.67 1.17 0.80 0.80 0.80 0.80 0.80 0.80 0.80 0.80 0.80 0.80 0.80 0.80 0.80 0.80 0.78 0.78 0.78 0.78 0.78 0.78 0.78 0.78 0.78 2.38 2.30 2.30
2.63 0.00 0.00 0.00 0.00 0.00 0.00 0.00 0.00 0.00 0.00 0.00 0.00 0.00 0.00 0.00 0.00 0.00 0.00 0.00 0.00 0.00 0.00 0.00 0.00 0.00 0.00 0.00 0.00 0.00 0.00 0.00 0.00 0.00 0.00 0.00 0.00 0.00 0.00 0.00 0.00 0.00 0.00 0.00 0.00 0.00 0.00 0.00 0.00 0.00 0.00 1.98 1.98 1.76 1.67 1.52 0.80 0.80 0.80 0.80 0.80 0.80 0.80 0.80 0.80 0.80 0.80 0.80 0.80 0.80 0.80 0.80 0.78 0.78 0.78 0.78 0.78 0.78 0.78 0.78 0.78 0.78 0.78 2.30
0.00 0.00 0.00 0.00 0.00 0.00 0.00 0.00 0.00 0.00 0.00 0.00 0.00 0.00 0.00 0.00 0.00 0.00 0.00 0.00 0.00 0.00 0.00 0.00 0.00 0.00 0.00 0.00 0.00 0.00 0.00 0.00 0.00 0.00 0.00 0.00 0.00 0.00 0.00 0.00 0.00 0.00 0.00 0.00 0.00 0.00 0.00 0.00 0.00 0.00 0.00 1.85 1.85 1.57 1.57 1.57 0.69 0.47 0.47 0.47 0.47 0.47 0.47 0.47 0.47 0.47 0.47 0.47 0.47 0.47 0.47 0.47 0.46 0.46 0.46 0.46 0.46 0.46 0.46 0.46 0.46 0.46 0.46 1.39
0.00 0.00 0.00 0.00 0.00 0.00 0.00 0.00 0.00 0.00 0.00 0.00 0.00 0.00 0.00 0.00 0.00 0.00 0.00 0.00 0.00 0.00 0.00 0.00 0.00 0.00 0.00 0.00 0.00 0.00 0.00 0.00 0.00 0.00 0.00 0.00 0.00 0.00 0.00 0.00 0.00 0.00 0.00 0.00 0.00 0.00 0.00 0.00 0.00 0.00 0.00 1.85 1.85 1.57 1.57 1.57 0.47 0.47 1.42 0.47 0.47 0.47 0.47 0.47 0.47 0.47 0.47 0.47 0.47 0.47 0.47 0.47 0.46 0.46 0.46 0.46 0.46 0.46 0.46 0.46 0.46 0.46 1.53 1.80
0.00 0.00 0.00 0.00 0.00 0.00 0.00 0.00 0.00 0.00 0.00 0.00 0.00 0.00 0.00 0.00 0.00 0.00 0.00 0.00 0.00 0.00 0.00 0.00 0.00 0.00 0.00 0.00 0.00 0.00 0.00 0.00 0.00 0.00 0.00 0.00 0.00 0.00 0.00 0.00 0.00 0.00 0.00 0.00 0.00 0.00 0.00 0.00 0.00 0.00 0.00 1.85 1.65 0.47 0.47 1.57 0.69 0.47 0.47 0.47 0.47 0.47 0.47 0.47 0.47 0.47 0.47 0.47 0.69 0.47 0.47 0.47 0.46 0.67 0.46 0.46 0.46 0.46 0.46 0.46 0.67 1.80 1.80 0.00
0.00 0.00 0.00 0.00 0.00 0.00 0.00 0.00 0.00 0.00 0.00 0.00 0.00 0.00 0.00 0.00 0.00 0.00 0.00 0.00 0.00 0.00 0.00 0.00 0.00 0.00 0.00 0.00 0.00 0.00 0.00 0.00 0.00 0.00 0.00 0.00 0.00 0.00 0.00 0.00 0.00 0.00 0.00 0.00 0.00 0.00 0.00 0.00 0.00 0.00 0.47 1.42 1.56 1.42 0.47 0.47 0.47 0.47 0.47 0.47 0.47 1.42 0.47 0.47 0.47 0.47 0.47 0.47 0.69 0.47 0.47 0.47 0.46 1.53 1.53 1.53 1.53 0.46 0.46 0.46 0.00 0.00 0.00 0.00
0.00 0.00 0.00 0.00 0.00 0.00 0.00 0.00 0.00 0.00 0.00 0.00 0.00 0.00 0.00 0.00 0.00 0.00 0.00 0.00 0.00 0.00 0.00 0.00 0.00 0.00 0.00 0.00 0.00 0.00 0.00 0.00 0.00 0.00 0.00 0.00 0.00 0.00 0.00 0.00 0.00 0.00 0.00 0.00 0.00 0.00 0.00 0.00 0.00 1.42 1.56 1.56 0.47 0.69 0.69 0.69 0.47 0.47 0.47 0.47 0.47 1.42 0.47 0.47 0.47 0.47 0.47 0.47 0.69 1.42 0.47 0.47 0.46 1.53 1.39 1.53 1.53 0.46 0.46 0.46 0.00 0.00 0.00 0.00
0.00 0.00 0.00 0.00 0.00 0.00 0.00 0.00 0.00 0.00 0.00 0.00 0.00 0.00 0.00 0.00 0.00 0.00 0.00 0.00 0.00 0.00 0.00 0.00 0.00 0.00 0.00 0.00 0.00 0.00 0.00 0.00 0.00 0.00 0.00 0.00 0.00 0.00 0.00 0.00 0.00 0.00 0.00 0.00 0.00 0.00 0.00 0.00 1.42 0.47 0.47 1.56 0.47 0.47 0.47 0.47 0.47 0.47 0.47 0.47 0.47 0.47 0.47 0.47 0.47 0.47 0.47 0.47 1.56 0.69 0.47 0.47 0.46 1.39 1.39 1.39 1.53 1.53 0.46 0.46 0.00 0.00 0.00 0.00
