New_Model_Runs/6_FutureClimate_RCP45_out/post_prcessed_with_MFR/Monthly_summaries/actual_et_monthly_OCT.asc
NCOLS 700
NROWS 400
XLLCENTER 515000.000000
YLLCENTER 8409000.000000
CELLSIZE 50.000000
NODATA_value -999.000000
[rows 304 to 341 of 400, columns 168 to 251 of 700]
3.97 5.14 4.36 5.14 5.14 5.14 5.14 5.14 5.01 4.25 4.25 5.01 3.86 4.25 4.25 4.25 4.25 4.25 5.01 3.86 5.01 1.27 1.27 4.25 3.83 3.83 3.83 4.97 4.97 3.83 3.83 4.21 4.21 4.21 4.21 4.21 4.21 4.97 4.97 4.97 3.81 1.84 3.81 3.81 4.94 4.94 4.18 4.94 4.94 4.18 4.94 4.94 3.81 1.26 4.18 4.94 4.70 4.70 4.70 4.70 4.70 3.98 3.98 3.98 3.62 3.62 3.98 3.98 3.98 4.70 4.70 4.70 4.81 4.81 4.08 4.81 4.30 4.81 4.81 3.71 3.71 3.71 4.08 3.71
5.14 4.36 3.97 5.14 5.14 5.14 5.14 5.14 5.01 4.25 3.86 5.01 4.25 4.25 3.86 4.25 4.25 5.01 5.01 5.01 3.86 1.27 4.25 4.25 4.21 4.97 4.97 4.97 4.97 3.83 3.83 1.26 1.26 1.26 4.21 1.26 4.21 4.97 3.83 1.85 1.84 3.81 1.84 3.81 4.94 4.94 4.94 4.94 4.41 4.94 4.94 4.94 4.94 3.81 4.94 4.94 4.70 4.70 4.70 4.70 4.70 4.70 3.98 3.98 3.62 3.62 3.98 3.62 3.98 4.70 4.70 3.62 3.71 4.81 3.71 4.08 4.30 4.81 3.71 3.71 3.71 3.71 3.71 3.71
3.89 5.04 5.04 3.89 4.27 3.89 3.84 3.84 4.97 4.21 4.21 3.83 3.83 4.21 4.21 4.21 3.83 3.83 4.97 4.97 3.83 1.26 3.83 4.21 4.17 4.17 4.92 4.92 3.79 4.92 4.92 1.25 1.25 1.25 1.25 1.25 1.25 1.25 1.25 1.83 1.81 3.75 3.75 4.12 4.12 4.86 4.86 4.86 3.75 4.86 4.86 4.86 4.86 4.35 4.86 4.86 4.25 4.76 4.76 4.25 1.43 4.76 4.03 4.03 4.03 4.03 4.76 4.76 4.25 4.76 4.76 4.03 3.66 4.02 4.02 4.02 4.02 4.02 4.02 3.66 3.66 4.74 4.74 3.66
5.04 5.04 5.04 3.84 5.04 5.04 5.04 3.84 4.97 4.97 4.21 4.21 3.83 3.83 4.21 3.83 3.83 3.83 4.21 3.83 3.83 3.83 4.21 3.83 3.79 4.92 4.92 3.79 3.79 4.92 1.25 1.25 1.25 1.25 1.25 1.25 1.25 1.25 1.25 1.25 1.24 4.86 3.75 3.75 4.12 4.12 4.12 4.86 3.75 3.75 4.12 4.86 4.86 4.86 4.35 4.86 4.25 4.76 4.76 3.67 4.76 4.76 4.76 4.76 4.76 4.03 4.76 4.76 4.76 4.76 4.03 3.67 3.66 4.74 4.74 4.74 4.74 4.02 4.74 4.74 4.74 4.74 4.74 4.02
3.89 4.27 4.27 5.04 3.89 3.89 5.04 1.51 3.80 4.97 4.97 4.97 3.83 4.21 3.83 3.83 4.21 3.83 3.83 3.83 3.83 4.21 4.21 4.21 4.17 3.79 3.79 3.79 3.79 1.25 1.25 1.25 4.17 4.17 4.17 1.25 1.25 1.25 1.25 4.92 4.86 4.86 4.86 3.75 3.75 4.12 4.12 4.12 4.12 4.12 4.86 4.86 4.35 4.35 4.86 4.86 4.76 4.03 4.03 4.03 4.03 4.03 4.03 3.67 4.03 3.67 3.67 3.67 4.03 4.03 4.03 4.03 4.74 4.02 4.02 4.74 4.74 4.74 4.74 4.74 4.74 4.74 4.02 4.02
4.27 5.04 5.04 5.04 3.89 3.89 5.04 5.04 3.80 4.97 4.97 4.21 3.83 3.83 3.83 4.21 4.21 3.83 3.83 4.21 4.97 4.21 4.21 4.21 4.17 4.17 4.92 4.92 3.79 1.25 1.25 1.25 4.17 4.17 4.17 4.17 4.17 1.25 1.25 4.92 3.75 4.12 3.75 3.75 3.75 4.12 4.12 4.12 4.12 4.12 4.12 4.86 4.35 1.24 4.86 4.12 4.03 4.03 3.67 4.03 4.03 4.03 4.03 4.03 3.67 3.67 3.67 3.67 3.67 1.21 1.21 4.03 4.74 4.02 4.02 4.02 3.66 4.74 4.74 3.66 4.74 4.74 4.74 4.74
3.89 5.04 5.04 5.04 5.04 3.89 4.27 5.04 4.97 4.97 4.97 4.97 4.21 4.21 3.83 3.83 1.26 1.26 1.26 4.21 3.83 4.21 4.21 4.97 4.17 3.79 4.92 4.92 4.17 1.25 1.25 1.25 4.17 4.17 4.17 4.17 4.17 4.92 4.92 1.25 1.24 1.24 3.75 3.75 1.24 4.12 4.12 4.12 4.12 4.12 4.12 4.12 3.75 1.24 1.24 1.24 4.03 1.21 3.67 3.67 3.67 3.67 4.03 4.03 4.76 4.76 4.03 4.03 3.67 1.21 4.03 3.67 4.02 4.02 3.66 3.66 3.66 1.21 1.21 1.21 3.66 3.66 3.66 3.66
5.04 5.04 3.89 5.04 5.04 5.04 3.89 5.04 4.97 3.80 3.80 4.97 3.83 3.83 3.83 4.21 3.83 3.83 1.26 4.21 3.83 4.97 4.97 4.97 3.79 3.79 4.92 3.79 3.79 3.79 1.25 1.25 1.25 4.17 1.25 1.25 1.25 4.17 1.25 1.25 1.24 1.24 1.24 1.24 1.24 4.12 4.12 4.12 4.12 4.12 4.12 4.12 3.75 1.24 1.24 1.24 3.67 1.21 1.21 4.03 3.67 3.67 3.67 3.67 4.03 3.67 3.67 3.67 3.67 1.21 3.67 3.67 1.21 1.21 3.66 3.66 4.02 1.21 1.21 3.66 3.66 3.66 3.66 3.66
4.27 3.89 4.27 3.89 3.84 5.04 5.04 5.04 4.21 4.97 3.80 4.97 4.97 4.21 3.83 4.21 3.83 3.83 3.83 3.83 3.83 4.97 4.97 3.83 3.79 3.79 3.79 3.79 3.79 3.79 1.25 1.25 4.17 1.25 1.25 1.25 1.25 1.25 1.25 1.25 1.24 1.81 1.24 1.24 1.24 4.12 4.12 4.12 4.12 4.12 4.12 4.12 1.24 1.24 1.24 1.24 3.67 3.67 1.21 4.03 4.03 3.67 4.03 4.03 4.76 4.76 3.67 1.21 1.21 3.67 3.67 3.67 1.21 3.66 3.66 3.66 1.21 3.66 4.02 4.02 4.02 3.66 4.02 3.66
4.27 3.89 5.04 5.04 5.04 5.04 5.04 5.04 4.97 4.97 4.97 4.97 4.97 4.21 3.83 3.83 4.21 4.21 4.21 3.83 3.83 4.97 3.83 3.83 4.92 4.92 4.17 4.17 4.17 4.17 4.17 4.17 4.17 1.25 1.25 1.25 1.25 1.25 1.25 4.17 4.12 4.12 4.12 4.12 4.12 4.12 4.12 4.12 4.12 4.12 4.12 4.12 3.75 1.81 1.24 1.24 3.67 3.67 1.21 4.76 4.76 4.76 4.76 4.76 4.76 4.76 1.21 1.21 1.21 4.76 3.67 3.67 3.66 4.02 4.02 1.21 1.21 1.21 4.02 4.02 4.02 4.74 4.02 4.02
5.04 5.04 5.04 5.04 4.27 3.89 3.89 3.89 3.83 3.83 4.00 4.00 4.97 1.26 3.83 3.83 3.83 4.97 4.97 4.21 4.21 4.97 3.83 3.83 3.79 3.79 4.17 4.17 4.17 4.17 4.17 4.17 4.17 1.25 1.25 4.17 4.17 4.17 4.17 1.25 1.24 1.24 4.12 4.12 4.12 4.12 4.12 4.12 4.12 4.12 4.12 4.12 4.12 3.75 3.92 1.24 1.21 1.21 1.21 4.76 4.76 4.76 4.76 4.76 4.76 4.76 1.21 4.76 4.76 1.21 3.67 1.21 1.21 4.02 4.02 3.66 1.21 1.21 1.21 3.66 4.02 4.02 3.66 4.02
4.06 5.04 3.89 3.89 3.89 4.27 4.27 3.89 3.83 3.83 3.83 4.00 4.97 4.21 3.83 3.83 3.83 4.97 4.97 4.21 4.97 4.97 4.21 4.21 3.79 3.79 4.17 4.17 4.17 4.17 4.17 4.17 4.17 4.17 4.17 4.17 4.17 4.17 4.17 4.17 4.12 4.12 4.12 4.12 4.12 4.12 4.12 4.12 3.75 4.12 4.12 4.12 4.12 4.12 1.24 1.24 3.67 1.21 1.21 1.21 1.21 1.21 1.21 1.21 1.21 1.21 1.21 4.76 4.76 1.21 1.21 1.77 1.77 3.66 3.66 3.66 3.66 3.66 3.66 3.66 3.66 3.66 3.66 4.02
5.04 5.04 3.89 5.04 3.89 3.89 4.27 4.27 4.97 4.97 4.97 4.97 4.97 4.21 4.97 3.83 4.97 4.21 4.21 4.97 4.44 3.83 3.83 4.97 4.92 4.17 4.17 4.17 4.17 4.17 4.17 4.17 4.17 4.17 1.83 4.17 4.17 4.17 4.17 4.17 4.12 4.12 4.12 4.12 4.12 4.12 4.12 4.12 4.12 4.86 4.86 4.12 4.12 1.24 1.24 1.24 4.03 3.67 1.21 1.21 1.21 1.21 1.21 1.21 1.21 1.21 1.21 1.21 1.21 4.76 4.76 4.76 1.77 1.21 3.66 3.66 4.74 3.66 4.02 4.02 4.02 4.02 3.66 4.02
5.04 3.89 5.04 5.04 3.89 3.89 4.27 5.04 4.97 4.97 4.97 4.97 4.97 4.97 4.21 4.97 4.97 4.97 3.83 4.97 4.97 3.83 3.83 3.83 4.92 4.17 4.17 4.17 4.17 4.17 4.17 4.17 4.17 1.25 1.25 1.25 1.25 4.17 1.25 1.25 1.24 1.24 4.12 4.12 4.12 4.12 4.12 4.12 4.12 3.75 3.75 4.12 1.24 1.24 1.24 1.24 4.03 1.21 1.77 1.21 1.21 1.21 1.21 1.21 1.21 1.21 1.21 1.21 1.21 1.21 1.21 4.76 4.74 1.77 3.66 3.66 3.66 4.02 4.02 4.02 3.66 3.66 3.66 3.66
3.89 3.89 5.04 3.89 3.89 3.89 5.04 5.04 4.21 4.21 4.97 4.44 4.21 4.97 4.97 4.97 4.97 3.83 3.83 4.97 4.21 3.83 4.21 3.83 4.17 4.17 4.17 4.17 1.25 4.17 4.17 4.17 4.17 1.25 1.25 1.25 1.25 1.25 1.25 1.25 1.24 3.92 3.92 4.12 4.12 4.12 3.92 3.92 4.12 4.12 3.75 1.24 1.24 3.75 4.12 1.81 1.21 1.21 1.21 1.21 1.21 1.21 1.21 1.21 1.21 1.21 1.21 1.21 1.21 1.21 1.21 1.21 4.74 1.21 1.21 1.21 3.66 4.02 4.02 4.02 4.02 4.02 3.66 3.66
5.04 5.04 3.84 5.04 5.04 5.04 5.04 5.04 4.21 4.21 4.21 4.21 4.97 4.97 4.97 4.97 4.97 3.83 4.44 4.97 4.97 4.21 4.21 4.21 4.17 4.17 1.25 1.25 1.25 4.17 4.17 4.17 4.17 1.25 1.25 1.25 1.25 1.25 4.92 3.79 3.92 3.92 3.92 1.24 1.24 1.24 3.92 3.92 4.12 4.12 4.86 4.86 4.12 3.75 4.12 1.81 1.21 1.21 1.21 1.21 1.21 1.21 4.03 4.03 1.21 1.21 1.21 1.21 1.21 1.21 1.21 1.77 1.21 1.21 1.21 1.21 1.21 4.02 3.66 4.02 4.02 4.02 4.02 3.66
5.04 5.04 5.04 5.04 5.04 5.04 4.27 3.89 4.21 4.21 4.21 4.21 4.97 1.26 4.97 4.97 3.83 4.97 4.44 4.97 4.97 4.97 4.21 4.21 4.17 3.79 1.25 1.25 4.17 4.17 4.17 4.17 4.17 1.25 1.25 4.17 4.17 1.25 4.17 4.17 4.12 4.12 3.92 1.24 1.81 3.92 3.92 3.92 3.92 4.86 3.92 4.86 1.24 1.81 1.24 1.24 1.21 1.21 1.21 1.21 1.21 1.21 4.03 1.21 1.21 1.21 1.21 1.21 1.21 1.21 1.21 1.21 1.21 1.21 1.21 1.21 1.21 3.66 3.66 4.02 4.02 4.02 3.66 3.66
5.04 1.51 5.04 4.27 4.27 4.27 4.27 4.27 4.21 4.21 4.97 4.21 3.83 1.26 4.97 4.97 4.97 4.97 4.97 4.97 1.26 3.83 3.83 4.21 3.79 3.79 3.79 4.17 4.17 4.17 3.79 3.79 3.79 3.79 4.17 4.17 4.17 4.17 3.96 4.17 3.92 4.12 4.12 4.86 4.86 4.86 4.86 4.86 4.86 3.92 1.24 1.24 1.24 1.24 1.24 1.24 1.77 1.21 1.21 1.21 1.21 1.77 1.77 1.21 1.21 1.21 1.21 1.21 1.21 1.21 1.21 1.21 1.21 1.21 4.02 3.66 3.66 3.66 4.02 1.21 3.66 4.02 3.66 3.66
3.14 3.14 3.14 2.42 3.14 3.14 2.66 2.66 4.83 4.09 4.09 4.09 3.73 4.32 4.83 4.83 4.83 3.73 4.83 1.23 1.23 4.09 4.09 4.09 4.05 4.05 4.05 4.05 4.05 4.05 4.05 4.05 1.22 4.05 4.05 4.05 4.05 3.85 3.85 4.05 3.56 3.56 3.56 4.62 4.62 4.62 4.62 3.72 3.72 3.72 4.62 3.72 4.62 1.17 1.17 1.17 1.19 1.19 1.19 1.19 1.19 1.19 1.19 1.19 1.19 1.19 1.19 1.19 1.19 1.19 1.19 1.19 1.21 1.21 1.21 3.66 3.66 3.66 4.02 1.21 1.21 1.21 1.21 1.21
3.14 3.14 2.66 2.66 2.66 3.14 2.66 2.53 4.09 4.09 4.09 4.09 4.09 4.83 4.83 4.83 4.83 3.73 4.83 1.23 1.23 4.09 4.09 4.09 4.05 4.05 4.05 3.69 4.05 3.69 1.22 1.22 1.22 4.05 4.05 4.05 1.78 3.85 3.85 1.78 1.72 3.91 3.91 3.91 3.91 3.72 3.72 3.72 3.72 3.72 3.72 4.62 4.62 1.17 1.17 1.17 1.19 1.19 1.19 1.19 1.19 1.19 3.96 3.96 1.19 1.19 1.19 1.19 1.74 3.96 1.19 1.19 1.21 1.21 1.21 1.21 4.02 4.02 4.02 3.66 1.21 1.21 1.21 1.21
3.14 2.66 2.42 2.42 2.66 2.66 2.66 2.66 4.83 4.83 4.09 4.09 4.09 4.83 4.83 4.83 4.83 4.83 4.83 4.83 4.09 4.09 4.09 4.09 4.05 3.69 3.69 3.69 3.69 1.22 1.22 1.22 1.22 1.22 4.05 4.05 1.78 1.78 4.05 4.05 3.91 3.91 3.91 3.91 3.91 3.91 3.91 3.91 1.72 1.72 3.91 4.62 4.62 1.17 1.17 1.17 1.19 1.19 1.19 1.19 1.19 1.19 1.19 1.19 1.19 3.96 3.96 3.96 3.96 3.96 1.19 1.19 1.21 1.21 1.21 4.02 4.02 4.02 4.02 4.02 3.66 1.21 1.21 1.21
3.14 3.14 3.14 2.42 2.42 2.42 2.42 3.14 4.83 4.83 4.09 3.73 4.09 4.83 4.83 4.83 4.83 4.83 4.83 4.83 4.83 4.83 4.09 4.09 4.05 4.05 4.05 4.05 4.05 4.05 1.22 1.22 1.22 4.05 4.05 1.78 4.05 4.05 4.05 4.05 3.91 3.91 1.17 3.91 1.17 1.17 3.91 3.91 3.91 3.91 3.91 4.62 3.72 4.62 4.62 1.17 1.19 1.19 1.19 1.19 1.19 1.19 1.19 1.19 1.19 3.96 3.96 3.96 3.96 3.96 1.19 1.19 1.21 1.21 1.21 4.02 4.02 1.21 1.21 4.02 4.02 1.21 1.21 1.21
0.00 3.14 3.14 3.14 3.14 3.14 3.14 3.14 4.83 4.83 4.09 4.09 3.73 4.83 4.83 4.09 4.83 4.09 4.83 4.83 4.09 4.83 4.09 4.09 4.05 4.05 4.05 4.05 1.22 1.22 1.22 1.22 1.22 1.22 1.78 1.78 1.78 4.05 4.05 4.05 1.17 1.17 1.17 1.17 1.17 1.17 1.17 3.91 3.91 3.91 3.56 3.56 1.72 4.62 1.17 1.17 1.19 1.19 1.19 1.19 1.19 1.19 1.19 1.19 1.19 3.96 3.96 3.96 3.96 1.19 1.19 1.19 1.21 1.21 4.02 4.02 1.21 4.02 3.66 1.21 4.02 3.66 3.66 3.66
0.00 0.00 3.14 3.14 3.14 3.14 3.14 3.14 4.83 4.83 4.83 4.83 4.83 3.73 4.83 4.09 4.83 4.83 4.83 3.73 4.09 4.09 4.09 4.09 4.05 4.05 4.05 4.05 4.05 1.22 1.22 1.22 1.22 1.22 1.22 1.22 4.05 3.69 3.69 1.22 1.17 1.17 1.17 1.17 1.17 1.17 1.17 3.91 3.91 3.91 3.56 4.62 3.91 3.91 1.17 1.17 1.19 1.19 1.19 1.19 1.19 1.19 1.19 1.19 1.19 1.19 0.00 1.19 1.19 1.19 1.19 1.19 1.21 1.77 4.02 4.02 1.21 1.21 1.21 4.02 4.02 4.02 4.02 3.66
0.00 0.00 0.00 0.00 0.00 0.00 0.00 0.00 4.83 4.83 4.83 4.83 3.73 3.73 4.09 3.73 3.73 3.73 4.83 4.09 1.23 3.73 4.09 4.09 4.05 4.05 4.05 4.05 4.05 1.22 1.22 1.22 1.22 1.22 1.22 4.05 1.22 1.22 1.22 1.22 1.17 1.17 1.17 1.17 1.17 1.17 1.17 1.17 1.17 1.72 3.91 4.62 3.56 1.72 1.17 1.17 1.19 1.19 1.19 1.19 1.19 1.19 1.19 1.19 1.19 0.00 0.00 0.00 1.19 1.19 0.00 0.00 0.00 1.21 1.77 4.02 4.02 4.02 1.21 4.02 4.02 4.02 4.02 4.02
0.00 0.00 0.00 0.00 0.00 0.00 0.00 0.00 0.00 0.00 4.83 4.83 4.83 4.83 4.09 4.09 3.73 3.73 4.09 4.83 4.09 3.73 4.09 4.09 4.05 4.05 4.05 1.22 1.22 1.22 1.22 1.22 1.22 1.22 1.22 1.22 1.22 1.22 1.22 1.22 3.91 3.91 1.17 1.17 1.17 1.17 1.17 1.17 1.17 1.17 1.72 1.72 3.56 1.17 1.17 1.17 1.19 1.19 1.19 1.19 1.19 1.19 1.19 1.19 1.19 0.00 0.00 0.00 0.00 0.00 0.00 0.00 0.00 0.00 0.00 1.21 4.02 1.21 1.21 4.02 3.66 4.02 4.02 4.02
0.00 0.00 0.00 0.00 0.00 0.00 0.00 0.00 0.00 0.00 4.83 4.83 4.83 4.09 1.23 4.09 4.09 4.09 1.80 1.80 1.80 1.80 3.73 4.09 4.05 4.05 4.05 1.22 1.22 1.22 1.22 1.22 1.22 1.22 1.22 1.22 1.22 1.22 1.22 1.22 1.17 1.17 3.91 1.17 1.17 1.17 1.17 1.17 1.17 1.72 1.17 1.17 3.56 1.17 1.17 1.17 1.19 1.19 1.19 1.19 1.19 1.19 1.19 1.19 1.19 1.19 1.19 0.00 0.00 0.00 0.00 0.00 0.00 0.00 0.00 0.00 0.00 1.77 1.21 4.02 4.02 4.02 4.02 4.02
0.00 0.00 0.00 0.00 0.00 0.00 0.00 0.00 0.00 0.00 0.00 0.00 4.83 4.83 1.23 1.23 4.09 3.73 1.80 1.80 1.23 1.23 4.09 4.09 4.05 3.85 1.78 1.22 1.22 1.22 1.22 1.22 1.22 1.22 1.22 1.22 1.22 1.22 1.22 1.22 1.17 1.17 3.91 1.17 1.17 1.17 1.17 1.17 1.17 1.72 1.72 1.17 3.56 3.56 1.17 1.17 1.19 1.19 1.19 1.19 1.19 1.19 1.19 1.19 1.19 1.19 1.19 0.00 0.00 0.00 0.00 0.00 0.00 0.00 0.00 0.00 1.21 4.75 3.66 3.66 3.66 3.66 4.02 4.02
0.00 0.00 0.00 0.00 0.00 0.00 0.00 0.00 0.00 0.00 0.00 0.00 0.00 4.83 1.23 1.23 3.73 3.73 1.23 1.23 4.83 1.23 4.83 4.09 4.05 3.85 3.85 1.22 1.22 1.22 1.22 1.22 1.22 1.22 1.22 1.22 1.22 1.22 1.22 1.22 1.17 1.17 1.17 1.17 1.17 1.17 1.17 1.17 1.17 1.72 1.17 1.17 3.56 3.56 3.56 1.17 1.19 1.19 1.19 1.19 1.19 1.19 1.19 0.00 0.00 0.00 0.00 0.00 0.00 0.00 0.00 0.00 0.00 0.00 0.00 0.00 1.21 4.02 3.66 3.66 3.66 1.21 1.21 4.02
0.00 0.00 0.00 0.00 0.00 0.00 0.00 0.00 0.00 0.00 0.00 0.00 0.00 0.00 4.83 4.83 3.73 3.73 1.23 4.83 4.83 4.83 4.83 3.73 1.22 3.85 1.22 1.22 1.22 1.22 1.22 1.22 1.22 1.22 1.22 1.22 1.22 1.22 1.22 1.22 1.17 1.17 1.17 1.17 1.17 1.17 1.17 1.17 1.17 1.17 1.17 1.17 3.56 3.56 3.56 1.17 1.19 1.19 1.19 1.19 1.19 1.19 0.00 0.00 0.00 0.00 0.00 0.00 0.00 0.00 0.00 0.00 0.00 0.00 0.00 0.00 4.75 4.75 4.75 3.66 4.02 1.21 1.21 4.02
0.00 0.00 0.00 0.00 0.00 0.00 0.00 0.00 0.00 0.00 0.00 0.00 0.00 0.00 0.00 4.83 4.83 4.83 1.23 3.89 4.83 4.83 1.23 1.23 1.22 1.22 1.22 1.22 1.22 1.22 1.22 1.22 1.22 1.22 1.22 1.22 1.22 1.22 1.22 1.22 1.17 1.17 1.17 1.17 1.17 1.17 1.17 1.17 1.17 1.17 1.17 1.17 1.17 3.56 3.56 1.17 1.19 1.19 1.19 1.19 1.19 0.00 0.00 0.00 0.00 0.00 0.00 0.00 0.00 0.00 0.00 0.00 0.00 0.00 0.00 0.00 0.00 4.75 4.75 4.75 3.66 1.21 1.21 1.21
0.00 0.00 0.00 0.00 0.00 0.00 0.00 0.00 0.00 0.00 0.00 0.00 0.00 0.00 0.00 0.00 0.00 4.83 4.83 4.83 4.83 4.83 1.23 1.23 1.22 1.22 1.22 1.22 1.22 1.22 1.22 1.22 1.22 1.22 0.00 0.00 0.00 0.00 0.00 0.00 0.00 0.00 0.00 0.00 0.00 0.00 1.17 1.17 1.17 1.17 1.17 1.17 1.17 3.56 3.56 1.17 1.19 1.19 1.19 1.19 1.19 0.00 0.00 0.00 0.00 0.00 0.00 0.00 0.00 0.00 0.00 0.00 0.00 0.00 0.00 0.00 0.00 0.00 0.00 0.00 0.00 1.21 1.77 1.21
0.00 0.00 0.00 0.00 0.00 0.00 0.00 0.00 0.00 0.00 0.00 0.00 0.00 0.00 0.00 0.00 0.00 0.00 0.00 0.00 0.00 0.00 4.83 1.23 1.22 1.22 1.22 1.22 1.22 1.22 1.22 1.22 1.22 0.00 0.00 0.00 0.00 0.00 0.00 0.00 0.00 0.00 0.00 0.00 0.00 0.00 0.00 0.00 0.00 1.17 1.17 1.17 1.17 1.17 3.56 1.17 1.19 1.19 1.19 1.19 1.19 0.00 0.00 0.00 0.00 0.00 0.00 0.00 0.00 0.00 0.00 0.00 0.00 0.00 0.00 0.00 0.00 0.00 0.00 0.00 0.00 1.21 1.77 1.21
0.00 0.00 0.00 0.00 0.00 0.00 0.00 0.00 0.00 0.00 0.00 0.00 0.00 0.00 0.00 0.00 0.00 0.00 0.00 0.00 0.00 0.00 0.00 4.83 1.22 1.22 1.22 1.22 1.22 1.22 1.22 1.22 0.00 0.00 0.00 0.00 0.00 0.00 0.00 0.00 0.00 0.00 0.00 0.00 0.00 0.00 0.00 0.00 0.00 0.00 1.17 1.17 1.17 1.17 3.56 3.56 1.19 1.19 1.19 1.19 1.19 0.00 0.00 0.00 0.00 0.00 0.00 0.00 0.00 0.00 0.00 0.00 0.00 0.00 0.00 0.00 0.00 0.00 0.00 0.00 0.00 1.21 1.21 1.77
0.00 0.00 0.00 0.00 0.00 0.00 0.00 0.00 0.00 0.00 0.00 0.00 0.00 0.00 0.00 0.00 0.00 0.00 0.00 0.00 0.00 0.00 0.00 0.00 0.00 0.00 0.00 0.72 0.72 0.72 0.72 0.00 0.00 0.00 0.00 0.00 0.00 0.00 0.00 0.00 0.00 0.00 0.00 0.00 0.00 0.00 0.00 0.00 0.00 0.00 0.71 0.71 0.71 0.71 2.16 2.16 0.70 0.70 0.70 0.70 0.70 2.13 0.00 0.00 0.00 0.00 0.00 0.00 0.00 0.00 0.00 0.00 0.00 0.00 0.00 0.00 0.00 0.00 0.00 0.00 0.00 0.00 2.77 0.70
0.00 0.00 0.00 0.00 0.00 0.00 0.00 0.00 0.00 0.00 0.00 0.00 0.00 0.00 0.00 0.00 0.00 0.00 0.00 0.00 0.00 0.00 0.00 0.00 0.00 0.00 0.00 0.00 0.72 0.72 0.00 0.00 0.00 0.00 0.00 0.00 0.00 0.00 0.00 0.00 0.00 0.00 0.00 0.00 0.00 0.00 0.00 0.00 0.00 0.00 0.71 0.71 0.71 0.71 0.71 2.16 1.03 0.70 2.13 0.70 0.70 0.70 0.70 0.70 0.00 0.00 0.00 0.00 0.00 0.00 0.00 0.00 0.00 0.00 0.00 0.00 0.00 0.00 0.00 0.00 0.00 0.00 0.00 0.70
0.00 0.00 0.00 0.00 0.00 0.00 0.00 0.00 0.00 0.00 0.00 0.00 0.00 0.00 0.00 0.00 0.00 0.00 0.00 0.00 0.00 0.00 0.00 0.00 0.00 0.00 0.00 0.00 0.72 0.72 0.00 0.00 0.00 0.00 0.00 0.00 0.00 0.00 0.00 0.00 0.00 0.00 0.00 0.00 0.00 0.00 0.00 0.00 0.00 0.00 0.71 0.71 0.71 0.71 0.71 0.71 2.13 2.13 2.13 0.70 0.70 0.70 0.70 0.70 0.00 0.00 0.00 0.00 0.00 0.00 0.00 0.00 0.00 0.00 0.00 0.00 0.00 0.00 0.00 0.00 0.00 0.00 0.00 0.00
0.00 0.00 0.00 0.00 0.00 0.00 0.00 0.00 0.00 0.00 0.00 0.00 0.00 0.00 0.00 0.00 0.00 0.00 0.00 0.00 0.00 0.00 0.00 0.00 0.00 0.00 0.00 0.00 2.83 0.72 0.00 0.00 0.00 0.00 0.00 0.00 0.00 0.00 0.00 0.00 0.00 0.00 0.00 0.00 0.00 0.00 0.00 0.00 0.00 0.00 0.71 0.71 0.71 0.71 0.71 0.71 0.70 2.13 0.70 0.70 0.70 0.70 0.70 2.13 0.00 0.00 0.00 0.00 0.00 0.00 0.00 0.00 0.00 0.00 0.00 0.00 0.00 0.00 0.00 0.00 0.00 0.00 0.00 0.00
