New_Model_Runs/6_FutureClimate_RCP45_out/post_prcessed_with_MFR/Monthly_summaries/actual_et_monthly_JAN.asc
NCOLS 700
NROWS 400
XLLCENTER 515000.000000
YLLCENTER 8409000.000000
CELLSIZE 50.000000
NODATA_value -999.000000
[rows 228 to 265 of 400, columns 168 to 251 of 700]
1.28 1.28 1.28 1.28 1.28 4.28 4.28 4.28 4.42 4.42 4.42 4.42 4.42 4.42 4.42 4.42 4.02 5.22 4.17 5.22 5.22 5.22 5.22 5.22 4.00 4.15 4.90 4.15 4.15 4.15 4.15 3.78 4.15 4.90 4.15 4.15 4.15 4.15 4.15 4.15 4.04 4.04 4.04 4.04 1.21 4.04 4.04 4.04 4.04 4.04 4.04 4.04 4.04 4.04 4.04 3.84 1.32 1.32 1.32 1.32 1.32 1.32 1.32 1.32 4.19 1.32 1.32 1.32 1.32 1.32 1.32 1.32 1.41 1.41 1.41 1.41 1.41 1.41 1.41 1.41 1.41 1.41 4.70 1.41
1.28 1.28 1.28 1.28 1.28 1.28 4.28 4.28 1.33 4.42 4.42 4.42 4.42 4.42 4.42 4.42 4.02 4.42 4.42 4.42 5.22 4.17 5.22 5.22 4.00 4.90 4.90 4.90 4.90 4.90 4.90 4.90 4.00 4.00 4.90 4.15 4.15 4.15 4.90 4.15 4.04 4.04 4.04 4.04 4.04 4.04 4.77 4.77 4.77 4.04 4.04 4.04 1.21 1.21 1.21 1.21 1.32 1.32 1.32 1.32 1.32 1.32 4.41 1.32 1.32 4.19 1.32 1.32 1.32 1.32 1.32 4.41 4.70 4.70 4.70 1.41 1.41 1.41 1.41 1.41 1.41 4.70 4.70 1.41
1.28 1.28 1.28 1.28 1.28 1.28 1.28 1.28 1.33 4.42 4.42 4.42 4.42 4.42 4.42 4.42 4.42 4.42 4.42 4.42 5.22 5.22 5.22 5.22 4.90 4.90 4.90 4.90 4.90 4.90 4.00 4.00 4.90 4.90 4.90 4.00 4.90 4.00 4.90 4.90 4.04 4.04 4.04 4.04 4.04 3.42 4.77 4.77 4.77 4.77 4.04 1.78 1.78 1.21 1.21 1.21 1.32 1.32 1.32 1.32 1.32 1.32 1.32 1.32 1.32 1.32 1.32 1.32 1.32 1.32 4.02 4.02 4.70 4.70 1.41 1.41 1.41 1.41 1.41 1.41 1.41 4.70 4.70 1.41
1.28 1.28 1.28 1.28 1.28 1.28 1.28 1.28 1.33 1.33 1.33 4.42 4.42 4.42 4.42 4.42 4.42 4.42 4.42 4.42 4.02 4.02 4.42 4.17 4.90 3.94 4.90 4.90 1.47 4.90 4.00 4.00 4.90 4.90 4.90 4.90 3.94 4.90 4.00 4.90 4.77 4.04 4.04 4.04 4.77 4.77 4.77 4.77 1.21 1.21 1.21 1.21 1.21 1.21 1.21 1.21 1.32 1.32 1.32 1.32 1.32 1.32 1.32 1.94 4.41 4.41 1.32 1.32 4.41 4.41 1.32 4.41 4.70 1.41 1.41 1.41 1.41 1.41 1.41 1.41 4.70 4.70 1.41 1.41
1.28 1.28 1.28 1.28 1.28 1.28 1.28 1.28 1.33 4.42 1.33 4.42 4.42 4.42 4.42 4.42 4.42 4.42 4.42 4.42 4.42 4.02 5.22 4.42 4.15 3.94 3.78 4.15 4.90 4.90 4.90 4.00 4.90 4.90 4.90 1.83 3.94 1.83 4.90 4.90 4.77 4.77 4.77 4.77 4.77 4.77 1.21 1.21 1.21 1.21 1.21 1.21 1.21 1.21 1.21 1.21 1.32 1.32 1.32 1.32 1.32 1.32 1.32 4.41 4.41 4.02 4.41 4.41 1.32 1.32 4.41 4.41 1.41 1.41 1.41 1.41 1.41 1.41 1.41 1.41 1.41 1.41 1.41 1.41
1.28 1.28 1.28 1.28 1.28 1.28 1.28 1.28 1.33 1.33 1.33 1.95 1.95 1.33 1.33 4.42 4.42 4.42 4.42 4.42 4.42 4.42 5.22 4.42 4.15 3.94 3.78 4.15 4.15 4.90 4.15 4.00 4.15 4.90 1.83 3.94 3.94 4.90 4.90 1.83 1.78 4.77 1.21 4.77 4.77 4.77 1.21 1.21 1.21 3.84 1.78 1.21 1.21 1.21 1.21 1.21 1.32 1.32 1.32 1.32 1.32 1.32 1.32 1.32 4.41 4.41 4.02 4.41 4.41 4.41 5.21 4.41 4.70 1.41 1.41 1.41 1.41 1.41 1.41 1.41 1.41 1.41 1.41 1.41
1.28 1.28 1.28 1.28 1.28 1.28 1.28 1.28 1.33 1.33 1.33 1.33 1.33 1.33 1.33 4.42 4.42 4.42 4.42 4.42 4.42 4.42 4.42 4.02 4.15 3.94 4.15 4.15 4.15 4.90 3.94 1.83 1.25 1.25 1.25 4.90 4.90 4.90 4.90 3.78 1.21 1.21 1.21 1.21 4.77 1.21 1.78 4.77 4.77 4.04 4.04 4.04 4.04 1.21 1.21 1.21 1.32 1.32 1.32 1.32 1.32 1.32 1.32 1.32 4.41 4.41 4.02 4.02 5.21 4.02 4.02 4.41 4.70 1.41 1.41 1.41 1.41 4.70 1.41 1.41 1.41 1.41 1.41 1.41
1.28 1.28 1.28 1.28 1.28 1.28 1.28 1.28 1.33 1.33 1.33 1.33 1.33 1.33 1.33 1.33 4.42 1.33 4.42 4.42 4.42 4.42 4.42 4.02 4.15 3.94 4.15 4.15 4.15 4.90 1.83 1.83 1.25 1.25 1.25 1.83 4.15 3.78 3.78 3.78 1.21 1.21 1.21 1.78 1.21 1.21 1.21 1.78 4.77 4.04 4.04 4.04 3.93 3.84 1.78 4.04 1.94 4.41 4.41 1.32 1.32 1.32 1.32 1.32 1.32 4.02 5.21 4.02 4.02 4.02 1.32 4.41 1.41 1.41 1.41 1.41 4.70 1.41 1.41 1.41 1.41 1.41 1.41 1.41
1.28 1.28 1.28 1.28 1.28 1.28 1.28 1.28 1.33 1.33 1.33 1.33 1.33 1.33 1.33 1.33 1.33 1.33 4.42 4.42 4.42 4.42 4.42 4.42 4.15 1.83 1.25 1.25 4.15 4.90 4.90 1.83 1.25 1.25 1.25 1.83 1.83 4.15 3.94 1.83 4.77 1.21 1.21 1.21 1.21 1.21 1.21 1.21 1.78 1.21 3.68 4.04 4.77 4.77 4.77 3.68 4.41 4.41 1.32 4.41 1.32 1.32 4.02 4.02 4.02 4.02 4.48 4.02 4.02 4.41 1.32 1.32 1.41 1.41 4.70 4.70 1.41 1.41 1.41 1.41 1.41 1.41 1.41 1.41
1.28 1.28 1.28 1.28 1.28 1.28 1.28 1.28 1.33 1.33 1.33 1.33 1.33 1.33 1.33 1.33 1.33 1.33 1.33 4.42 4.42 4.42 4.42 4.42 4.15 4.15 1.83 1.25 4.15 3.78 4.90 3.94 4.15 4.15 1.25 1.25 1.83 3.94 1.83 1.83 1.21 1.21 1.21 1.21 1.21 1.21 1.21 1.21 1.78 1.21 1.21 3.68 4.77 4.77 4.77 4.77 5.21 4.41 4.41 4.02 4.41 4.41 4.02 5.21 4.02 4.48 4.48 5.21 5.21 4.02 4.19 1.32 1.41 1.41 1.41 1.41 1.41 1.41 1.41 1.41 1.41 1.41 1.41 1.41
1.28 1.28 1.28 1.28 1.28 1.28 1.28 1.28 1.33 1.33 1.33 1.33 1.33 1.33 1.33 1.33 1.33 1.33 1.33 4.42 4.42 4.42 4.42 4.42 4.15 3.78 1.25 1.25 4.15 1.83 1.83 1.25 4.15 4.15 4.15 1.83 1.25 3.94 4.15 1.83 1.21 1.21 1.21 1.21 1.21 1.21 1.21 1.21 1.21 1.78 1.78 3.68 4.77 4.04 4.04 4.04 4.41 4.41 5.21 4.02 4.02 4.02 4.02 4.02 4.41 5.21 5.21 5.21 5.21 4.02 1.94 1.32 4.70 1.41 1.41 1.41 1.41 1.41 1.41 1.41 1.41 1.41 1.41 1.41
1.28 1.28 1.28 1.28 1.28 1.28 1.28 1.28 1.33 1.33 1.33 1.33 1.33 1.33 1.33 1.33 1.33 4.42 4.42 4.42 4.42 4.42 4.42 4.42 4.15 4.15 1.25 1.25 1.25 1.25 1.25 1.25 1.25 1.25 1.25 1.83 1.25 1.83 4.15 1.25 1.21 1.21 1.21 1.21 1.21 1.21 4.04 4.04 4.04 1.78 4.77 1.21 3.68 3.68 4.04 4.77 4.41 4.41 4.02 4.02 4.41 4.02 4.02 5.21 4.41 4.02 4.02 5.21 4.02 4.41 4.41 4.41 4.70 1.41 1.41 1.41 1.41 1.41 1.41 1.41 1.41 1.41 1.41 1.41
1.28 1.28 1.28 1.28 1.28 1.28 1.28 1.28 1.33 1.33 1.33 1.33 1.33 1.33 1.33 1.33 1.95 4.02 4.42 4.02 4.02 1.33 1.33 4.42 4.15 4.15 1.25 1.25 1.25 1.25 1.25 1.25 4.90 4.90 4.90 1.25 1.25 4.15 4.15 1.25 1.21 1.21 1.21 1.21 1.21 4.04 1.21 4.04 3.93 3.93 4.77 3.68 3.68 4.77 4.04 4.04 4.41 4.41 4.41 4.02 5.21 5.21 5.21 5.21 4.41 4.48 4.41 4.02 4.41 4.41 4.41 4.41 1.41 1.41 1.41 1.41 1.41 1.41 1.41 1.41 1.41 1.41 1.41 1.41
1.28 1.28 1.28 1.28 1.28 1.28 1.28 1.28 1.33 1.33 1.33 1.33 1.33 1.33 1.33 1.33 1.33 1.95 1.95 4.02 1.95 1.33 1.33 1.33 1.25 1.25 1.25 1.25 1.25 1.25 1.25 1.25 1.25 1.25 1.83 1.25 1.25 1.25 1.83 1.25 1.21 1.21 1.21 1.21 1.21 4.04 4.04 4.04 4.04 4.04 4.77 3.68 4.77 4.77 4.04 3.68 4.41 4.41 4.41 4.41 4.48 4.48 5.21 5.21 5.21 4.02 4.41 4.41 4.41 4.02 4.41 1.32 1.41 1.41 1.41 1.41 1.41 1.41 1.41 1.41 1.41 1.41 1.41 1.41
1.34 1.34 1.34 1.34 1.34 1.34 1.34 1.34 1.38 1.38 1.38 1.38 1.38 1.38 1.38 1.38 1.38 1.38 4.18 1.38 1.38 1.38 1.38 1.38 1.32 1.32 1.32 1.32 1.32 1.32 1.32 1.32 1.32 1.32 1.32 1.32 1.32 1.32 1.32 1.32 1.28 1.28 1.28 1.28 3.87 4.25 4.25 4.25 4.25 5.02 3.87 4.25 4.25 4.25 4.25 4.25 4.42 4.42 4.02 5.21 5.21 4.46 5.21 5.21 5.21 5.21 4.42 4.02 4.02 4.02 4.42 1.32 1.42 1.42 1.42 1.42 1.42 1.42 1.42 1.42 1.42 1.42 1.42 1.42
1.34 1.34 1.34 1.34 1.34 1.34 1.34 1.34 1.38 1.38 1.38 1.38 1.38 1.38 1.38 1.38 1.38 1.38 1.38 1.38 1.38 1.38 1.38 1.38 1.32 1.32 1.32 1.32 1.32 1.32 1.32 1.32 1.32 1.32 1.32 1.32 1.32 1.32 1.32 1.32 1.28 1.28 1.28 1.87 3.87 3.87 3.87 3.87 3.87 1.28 1.28 3.87 4.25 4.25 4.25 4.25 4.42 4.42 4.42 5.21 5.21 5.21 5.21 5.21 5.21 5.21 4.42 4.42 4.02 4.02 1.32 1.32 1.42 1.42 1.42 1.42 1.42 1.42 1.42 4.73 1.42 1.42 1.42 4.73
1.34 1.34 1.34 1.34 1.34 1.34 1.34 1.34 1.38 1.38 1.38 1.38 1.38 1.38 1.38 1.38 1.38 1.38 1.38 1.38 1.38 1.38 1.38 1.38 1.32 1.32 1.32 1.32 1.32 1.32 1.32 1.32 1.32 1.32 1.32 1.32 1.32 1.32 1.32 1.32 1.28 1.28 1.28 4.25 1.87 3.87 4.04 1.87 1.28 1.28 1.28 1.28 1.28 5.02 4.25 4.25 4.42 4.42 4.42 4.42 5.21 5.21 1.94 5.21 5.21 4.02 4.02 4.42 4.02 4.02 1.32 1.32 1.42 1.42 1.42 1.42 1.42 1.42 4.73 4.73 1.42 1.42 1.42 4.73
1.34 1.34 1.34 1.34 1.34 1.34 1.34 1.34 1.38 1.38 1.38 1.38 1.38 1.38 1.38 1.38 1.38 1.38 1.38 1.38 1.38 1.38 1.38 1.38 1.32 1.32 1.32 1.32 1.32 1.32 1.32 1.32 1.32 1.32 1.32 1.32 1.32 1.32 1.32 1.93 1.28 1.28 1.28 4.25 4.25 5.02 1.28 1.28 1.28 5.02 1.28 1.28 4.06 5.02 4.25 4.25 4.42 4.42 4.42 5.21 5.21 5.21 4.02 4.02 4.02 4.02 4.02 4.02 4.02 1.32 1.32 4.02 1.42 1.42 1.42 1.42 1.42 4.73 4.73 4.73 2.08 1.42 1.42 4.73
1.34 1.34 1.34 1.34 1.34 1.34 1.34 1.34 1.38 1.38 1.38 4.59 2.02 1.38 1.38 1.38 1.38 4.59 4.59 1.38 1.38 1.38 1.38 1.38 1.32 1.32 1.32 1.32 1.32 1.32 1.32 1.32 1.32 1.32 1.32 1.32 1.32 1.32 1.32 1.32 1.28 1.28 1.28 1.28 4.25 1.28 1.28 5.02 5.02 5.02 5.02 1.28 5.02 5.02 4.37 4.25 4.42 4.42 5.21 5.21 5.21 5.21 4.42 5.21 4.02 4.02 4.02 1.32 4.42 4.19 5.21 4.42 5.59 4.73 1.42 1.42 1.42 1.42 1.42 1.42 1.42 1.42 4.73 4.73
1.34 1.34 1.34 1.34 1.34 1.34 1.34 1.34 1.38 1.38 1.38 4.59 2.02 1.38 1.38 1.38 1.38 4.59 1.38 1.38 1.38 1.38 1.38 1.38 1.32 1.32 1.32 1.32 1.32 1.32 1.32 1.32 1.32 1.32 1.32 1.32 1.32 1.32 1.32 1.32 1.28 1.28 1.28 4.25 4.25 1.28 1.87 5.02 5.02 5.02 1.28 1.28 5.02 4.06 1.87 1.87 4.42 4.42 4.42 4.02 1.94 4.02 4.46 5.21 4.42 4.02 4.02 4.02 1.32 1.32 4.19 5.21 1.42 1.42 1.42 1.42 4.31 1.42 1.42 1.42 1.42 1.42 4.73 4.73
1.34 1.34 1.34 1.34 1.34 1.34 1.34 1.34 1.38 1.38 2.02 4.58 1.38 1.38 1.38 1.38 4.59 4.59 4.59 1.38 1.38 1.38 1.38 1.38 1.32 1.32 1.32 1.32 1.32 1.32 1.32 1.32 1.32 1.32 1.32 1.32 1.32 1.32 1.32 1.32 1.28 1.28 1.28 1.28 1.28 1.28 1.28 5.02 5.02 5.02 1.28 1.28 4.25 4.25 4.25 1.87 4.42 4.42 4.42 4.42 5.21 5.21 4.46 4.46 4.42 4.02 5.21 4.42 5.21 4.42 4.42 4.42 4.31 1.42 1.42 4.31 4.73 4.31 4.31 4.73 1.42 1.42 4.73 4.73
1.34 1.34 1.34 1.34 1.34 1.34 1.34 1.34 1.38 1.38 4.58 2.02 1.38 1.38 1.38 1.38 2.02 4.59 4.59 1.38 1.38 1.38 1.38 1.38 1.32 1.32 1.32 1.32 1.32 1.32 1.32 1.32 1.32 1.32 1.32 1.32 1.32 1.32 1.32 1.32 1.28 5.02 5.02 5.02 1.28 1.28 5.02 5.02 5.02 5.02 1.87 1.28 5.02 4.25 4.25 1.87 4.02 4.02 4.42 4.42 4.42 5.21 1.56 5.21 4.42 4.02 4.42 4.42 4.42 4.02 4.02 4.42 4.73 5.59 1.42 2.08 5.59 5.59 4.31 4.31 4.31 1.42 4.73 4.73
1.34 1.34 1.34 1.34 1.34 1.34 1.34 1.34 1.38 1.38 1.38 2.02 2.02 1.38 1.38 4.58 1.38 1.38 2.02 2.02 1.38 1.38 1.38 1.38 1.32 1.32 1.32 1.32 1.32 1.32 1.32 1.32 1.32 1.32 1.32 1.32 1.32 1.32 1.32 1.32 1.28 5.02 5.02 5.02 5.02 5.02 5.02 5.02 5.02 5.02 1.28 1.28 1.87 4.25 4.25 4.25 4.42 4.02 4.02 4.42 5.21 4.42 4.42 5.21 4.42 4.42 4.42 4.42 4.42 4.42 4.42 4.42 4.73 5.59 4.31 5.59 5.59 4.73 5.59 5.59 4.31 5.59 5.59 4.73
1.34 1.34 1.34 1.34 1.34 1.34 1.34 1.34 1.38 1.38 1.38 2.02 2.02 1.38 4.36 2.02 1.38 2.02 2.02 2.02 1.38 1.38 1.38 1.38 1.32 1.32 1.32 1.32 1.32 1.32 1.32 1.32 1.32 1.32 1.32 1.32 1.32 1.32 1.32 1.32 1.28 5.02 5.02 5.02 5.02 5.02 5.02 5.02 5.02 1.28 1.28 1.87 4.25 4.25 4.25 4.25 1.32 4.02 5.21 5.21 1.56 5.21 4.42 4.42 4.42 4.42 4.42 4.42 4.42 4.42 4.42 4.42 4.50 1.42 4.31 5.59 5.59 5.59 5.59 5.59 5.59 5.59 5.59 1.68
1.34 1.34 1.34 1.34 1.34 1.34 1.34 1.34 1.38 1.38 1.38 1.38 1.38 1.38 4.58 1.38 1.38 2.02 2.02 1.38 1.38 1.38 1.38 1.38 1.32 1.32 1.32 1.32 1.32 1.32 1.32 1.32 1.32 1.32 1.32 1.32 1.32 1.32 1.32 1.32 1.28 5.02 5.02 5.02 5.02 5.02 5.02 5.02 1.28 1.28 1.28 1.87 1.87 4.25 4.25 4.25 4.42 4.42 4.42 5.21 5.21 5.21 5.21 5.21 5.21 5.21 4.42 4.42 4.42 4.42 4.42 4.42 4.50 4.73 4.73 4.73 5.59 5.59 5.59 5.59 5.59 4.61 4.61 5.59
1.34 1.34 1.34 1.34 1.34 1.34 1.34 1.34 1.38 1.38 1.38 1.38 2.02 4.58 4.36 4.36 2.02 2.02 2.02 1.38 1.38 1.38 1.38 1.38 1.32 1.32 1.32 1.32 1.32 1.32 1.32 1.32 1.32 1.32 1.32 1.32 1.32 1.32 1.32 1.32 1.28 1.28 5.02 4.04 4.04 1.28 1.28 4.25 1.28 1.28 3.87 3.87 3.87 3.87 5.02 1.87 4.42 4.42 4.42 4.02 5.21 4.46 5.21 4.42 4.42 4.42 4.42 4.02 4.42 4.42 4.42 4.42 4.73 4.31 5.59 5.59 5.59 5.59 5.59 5.59 5.59 1.68 4.61 4.61
1.34 1.34 1.34 1.34 1.34 1.34 1.34 1.34 1.38 1.38 1.38 1.38 2.02 4.58 4.58 4.58 2.02 1.38 2.02 1.38 1.38 1.38 1.38 1.38 1.32 1.32 1.32 1.32 1.32 1.32 1.32 1.32 1.32 1.32 1.32 1.32 1.32 1.32 1.32 1.32 1.28 1.28 5.02 5.02 1.28 1.28 1.28 1.28 1.28 1.28 4.25 3.87 3.87 4.25 4.25 4.25 4.42 4.42 4.42 5.21 5.21 5.21 5.21 5.21 4.42 4.42 5.21 4.02 4.42 4.42 4.42 4.42 4.31 4.31 5.59 5.59 4.31 5.59 5.59 5.59 5.59 5.59 5.59 4.61
5.28 1.34 1.34 1.34 1.34 1.34 1.34 1.34 1.38 1.38 1.38 1.38 2.02 4.58 4.58 4.58 4.58 2.02 1.38 1.38 1.38 1.38 1.38 1.38 1.32 1.32 1.32 1.32 1.32 1.32 1.32 1.32 1.32 1.32 1.32 1.32 1.32 1.32 1.32 1.32 1.28 1.28 5.02 5.02 4.25 1.28 1.28 1.28 1.28 4.25 4.25 4.25 3.87 3.87 4.25 4.25 4.42 4.42 4.42 5.21 4.46 5.21 4.46 5.21 5.21 5.21 4.46 5.21 5.21 4.42 4.42 4.42 4.31 5.59 5.59 5.59 4.31 5.59 5.59 5.59 4.61 5.59 5.59 5.59
5.28 1.34 1.34 1.34 1.34 1.34 1.34 1.34 1.38 1.38 1.38 4.36 4.58 4.58 4.58 4.18 4.36 2.02 1.38 1.38 1.38 1.38 1.38 1.38 1.32 1.32 1.32 1.32 1.32 1.32 1.32 1.32 1.32 1.32 1.32 1.32 1.32 1.32 1.32 1.32 1.28 1.28 1.28 1.28 1.28 1.28 1.28 1.28 1.87 3.87 3.87 3.87 4.25 4.25 4.25 4.25 4.42 4.42 4.42 4.42 5.21 5.21 5.21 5.21 5.21 4.02 4.02 4.42 4.42 4.42 4.42 4.42 5.59 5.59 5.59 5.59 4.73 4.31 4.31 5.59 4.61 5.59 5.59 5.59
5.28 1.34 1.34 1.34 1.34 1.34 1.34 1.34 1.38 1.38 1.38 4.36 4.58 4.58 4.36 4.36 4.18 2.02 1.38 1.38 1.38 1.38 1.38 1.38 1.32 1.32 1.32 1.32 1.32 1.32 1.32 1.32 1.32 1.32 1.32 1.32 1.32 1.32 1.32 1.32 1.28 1.28 1.28 1.28 1.28 1.28 1.28 1.28 4.25 3.87 4.25 4.25 4.25 4.25 4.25 4.25 4.42 5.21 5.21 5.21 5.21 5.21 4.02 5.21 5.21 4.02 4.42 4.02 4.42 4.42 4.02 4.02 4.73 5.59 5.59 5.59 4.31 4.31 4.31 5.59 5.59 5.59 5.59 4.73
5.73 4.42 1.46 1.46 1.46 1.46 1.46 1.46 1.51 1.51 1.51 2.22 4.79 4.79 1.51 1.51 1.51 1.51 1.51 1.51 1.51 1.51 1.51 1.51 1.39 1.39 1.39 1.39 1.39 1.39 1.39 1.39 1.39 1.39 1.39 1.39 1.39 1.39 1.39 1.39 1.44 1.44 1.44 1.44 1.44 1.44 1.44 4.79 4.79 4.79 4.79 4.79 4.81 4.37 4.81 4.81 5.37 5.37 5.37 4.55 4.14 4.14 4.14 5.37 5.37 4.55 4.55 4.55 4.14 4.14 4.14 4.55 4.79 4.79 4.79 4.36 4.36 4.36 4.36 5.65 5.65 5.65 4.79 4.79
5.73 5.73 5.73 1.46 1.46 1.46 1.46 1.46 1.51 1.51 1.51 1.51 1.51 1.51 1.51 1.51 1.51 1.51 1.51 1.51 1.51 1.51 1.51 1.51 1.39 1.39 1.39 1.39 1.39 1.39 1.39 1.39 1.39 1.39 1.39 1.39 1.39 1.39 1.39 1.39 1.44 1.44 1.44 1.44 1.44 1.44 1.44 1.44 4.79 4.37 4.79 4.81 4.81 4.81 4.81 4.81 5.37 4.14 4.55 4.14 4.55 4.14 4.14 4.55 5.37 5.37 4.55 4.55 4.55 4.14 4.14 4.55 4.79 4.79 4.79 5.65 4.79 4.36 5.65 4.79 4.59 5.65 4.79 4.36
1.46 1.46 1.46 1.46 1.46 1.46 1.46 1.46 1.51 1.51 1.51 1.51 1.51 1.51 1.51 1.51 1.51 1.51 1.51 1.51 1.51 1.51 1.51 1.51 1.39 1.39 1.39 1.39 1.39 1.39 1.39 1.39 1.39 1.39 1.39 1.39 1.39 1.39 1.39 1.39 1.44 1.44 1.44 1.44 1.44 2.12 1.44 1.44 1.44 4.79 4.79 4.81 4.81 5.67 5.67 4.81 4.55 4.55 4.55 4.55 4.55 4.14 4.55 4.55 5.37 5.37 5.37 4.55 4.55 4.55 4.55 4.55 4.79 4.79 4.79 4.79 4.79 4.36 4.79 5.65 5.65 5.65 4.79 4.79
1.46 5.73 5.73 4.42 1.46 1.46 1.46 1.46 1.51 1.51 1.51 1.51 1.51 2.22 1.51 1.51 1.51 1.51 1.51 1.51 1.51 1.51 1.51 1.51 1.39 1.39 1.39 1.39 1.39 1.39 1.39 1.39 1.39 1.39 1.39 1.39 1.39 1.39 1.39 1.39 1.44 1.44 1.44 1.44 1.44 1.44 1.44 1.44 1.44 1.44 1.44 1.44 1.44 5.67 5.67 4.81 4.55 4.55 4.55 4.55 4.55 4.55 4.55 4.14 5.37 5.37 5.37 4.55 4.14 4.14 4.55 4.55 4.79 4.79 4.79 4.79 4.79 4.79 5.65 5.65 5.65 4.79 4.36 4.36
4.85 4.42 4.85 4.42 1.46 1.46 1.46 1.46 1.51 1.51 1.51 1.51 2.22 2.22 1.51 1.51 1.51 1.51 1.51 1.51 1.51 1.51 1.51 1.51 1.39 1.39 1.39 1.39 1.39 1.39 1.39 1.39 1.39 1.39 1.39 1.39 1.39 1.39 1.39 1.39 1.44 1.44 1.44 1.44 1.44 1.44 1.44 1.44 1.44 1.44 1.44 1.44 1.44 4.37 4.81 4.81 4.55 4.55 4.55 4.14 4.55 4.55 4.14 4.14 5.37 5.37 5.37 4.14 4.33 4.14 4.14 5.37 4.79 4.79 4.79 4.79 4.79 4.36 5.65 4.59 5.65 4.79 4.36 4.36
4.85 4.85 4.61 1.46 1.46 1.46 1.46 1.46 1.51 1.51 1.51 4.79 1.51 1.51 1.51 1.51 1.51 1.51 1.51 1.51 1.51 1.51 1.51 1.51 1.39 1.39 1.39 1.39 1.39 1.39 1.39 1.39 1.39 1.39 1.39 1.39 1.39 1.39 1.39 1.39 1.44 1.44 1.44 1.44 1.44 1.44 2.12 2.12 2.12 2.12 1.44 1.44 1.44 4.37 4.81 4.81 4.55 4.55 4.55 4.55 4.55 5.37 5.37 4.55 4.14 5.37 5.37 4.55 4.55 4.14 5.37 5.37 4.79 5.65 4.79 4.79 4.36 5.65 5.65 5.65 5.65 5.65 5.65 4.79
4.42 4.42 4.85 1.46 1.46 1.46 1.46 1.46 1.51 1.51 1.51 1.51 1.51 1.51 1.51 1.51 1.51 1.51 1.51 1.51 1.51 1.51 1.51 1.51 1.39 1.39 1.39 1.39 1.39 1.39 1.39 1.39 1.39 1.39 1.39 1.39 1.39 1.39 1.39 1.39 1.44 1.44 1.44 1.44 1.44 1.44 1.44 4.79 4.79 4.79 1.44 4.81 4.81 4.81 4.81 4.81 4.55 4.55 4.55 5.37 5.37 4.55 4.55 4.55 4.14 5.37 5.37 4.33 5.37 5.37 4.14 4.55 5.65 5.65 4.79 4.79 5.65 5.65 5.65 4.79 4.79 5.65 5.65 4.79
4.42 4.42 4.42 4.42 4.42 1.46 1.46 1.46 1.51 1.51 1.51 1.51 1.51 1.51 1.51 1.51 1.51 1.51 1.51 1.51 1.51 1.51 1.51 1.51 1.39 1.39 1.39 1.39 1.39 1.39 1.39 1.39 1.39 1.39 1.39 1.39 1.39 1.39 1.39 1.39 1.44 1.44 1.44 4.79 1.44 1.44 1.44 4.79 4.79 4.79 4.81 4.81 4.81 4.81 4.81 4.81 4.55 4.55 4.14 5.37 5.37 4.55 4.55 4.55 4.55 4.14 5.37 4.55 4.14 4.14 4.14 4.14 4.79 4.36 4.79 5.65 5.65 5.65 4.36 4.79 4.79 4.79 5.65 4.36
