New_Model_Runs/6_FutureClimate_RCP45_out/post_prcessed_with_MFR/Monthly_summaries/actual_et_monthly_MAR.asc
NCOLS 700
NROWS 400
XLLCENTER 515000.000000
YLLCENTER 8409000.000000
CELLSIZE 50.000000
NODATA_value -999.000000
[rows 76 to 113 of 400, columns 420 to 503 of 700]
0.00 0.00 0.00 0.00 0.00 0.00 0.00 0.00 0.00 0.00 0.00 0.00 0.00 0.00 0.00 0.00 0.00 0.00 0.00 0.00 0.00 0.00 0.00 0.00 0.00 0.00 0.00 0.00 0.00 0.00 0.00 0.00 0.00 0.00 0.00 0.00 0.00 0.00 0.00 0.00 0.00 0.00 0.00 0.00 0.00 0.00 0.00 0.00 0.00 0.00 0.00 0.00 0.00 0.00 0.00 0.00 0.00 0.00 0.00 0.00 0.00 0.00 0.00 0.00 0.00 0.00 0.00 0.00 0.00 0.00 0.00 0.00 0.00 0.00 0.00 0.00 0.00 0.00 0.00 0.00 0.00 0.00 0.00 0.00
0.00 0.00 0.00 0.00 0.00 0.00 0.00 0.00 0.00 0.00 0.00 0.00 0.00 0.00 0.00 0.00 0.00 0.00 0.00 0.00 0.00 0.00 0.00 0.00 0.00 0.00 0.00 0.00 0.00 0.00 0.00 0.00 0.00 0.00 0.00 0.00 0.00 0.00 0.00 0.00 0.00 0.00 0.00 0.00 0.00 0.00 0.00 0.00 0.00 0.00 0.00 0.00 0.00 0.00 0.00 0.00 0.00 0.00 0.00 0.00 0.00 0.00 0.00 0.00 0.00 0.00 0.00 0.00 0.00 0.00 0.00 0.00 0.00 0.00 0.00 0.00 0.00 0.00 0.00 0.00 0.00 0.00 0.00 0.00
0.00 0.00 0.00 0.00 0.00 0.00 0.00 0.00 0.00 0.00 0.00 3.08 0.00 0.00 0.00 0.00 0.00 0.00 0.00 0.00 0.00 0.00 0.00 0.00 0.00 0.00 0.00 0.00 0.00 0.00 0.00 0.00 0.00 0.00 0.00 0.00 0.00 0.00 0.00 0.00 0.00 0.00 0.00 0.00 0.00 0.00 0.00 0.00 0.00 0.00 0.00 0.00 0.00 0.00 0.00 0.00 0.00 0.00 0.00 0.00 0.00 0.00 0.00 0.00 0.00 0.00 0.00 0.00 0.00 0.00 0.00 0.00 0.00 0.00 0.00 0.00 0.00 0.00 0.00 0.00 0.00 0.00 0.00 0.00
0.00 0.00 0.00 0.00 0.00 0.00 0.00 0.00 0.00 0.00 0.00 2.61 0.00 0.00 0.00 0.00 0.00 0.00 0.00 0.00 0.00 0.00 0.00 0.00 0.00 0.00 0.00 0.00 0.00 0.00 0.00 0.00 0.00 0.00 0.00 0.00 0.00 0.00 0.00 0.00 0.00 0.00 0.00 0.00 0.00 0.00 0.00 0.00 0.00 0.00 0.00 0.00 0.00 0.00 0.00 0.00 0.00 0.00 0.00 0.00 0.00 0.00 0.00 0.00 0.00 0.00 0.00 0.00 0.00 0.00 0.00 0.00 0.00 0.00 0.00 0.00 0.00 0.00 0.00 0.00 0.00 0.00 0.00 0.00
0.00 0.00 0.00 0.00 0.00 0.00 0.00 0.00 0.00 0.00 3.08 0.78 0.00 0.00 0.00 0.00 0.00 0.00 0.00 0.00 0.00 0.00 0.00 0.00 0.00 0.00 0.00 0.00 0.00 0.00 0.00 0.00 0.00 0.00 0.00 0.00 0.00 0.00 0.00 0.00 0.00 0.00 0.00 0.00 0.00 0.00 0.00 0.00 0.00 0.00 0.00 0.00 0.00 0.00 0.00 0.00 0.00 0.00 0.00 0.00 0.00 0.00 0.00 0.00 0.00 0.00 0.00 0.00 0.00 0.00 0.00 0.00 0.00 0.00 0.00 0.00 0.00 0.00 0.00 0.00 0.00 0.00 0.00 0.00
0.00 0.00 0.00 0.00 0.00 0.00 0.00 0.00 0.00 3.08 0.78 0.78 3.09 0.00 0.00 0.00 0.00 0.00 0.00 0.00 0.00 0.00 0.00 0.00 0.00 0.00 0.00 0.00 0.00 0.00 0.00 0.00 0.00 0.00 0.00 0.00 0.00 0.00 0.00 0.00 0.00 0.00 0.00 0.00 0.00 0.00 0.00 0.00 0.00 0.00 0.00 0.00 0.00 0.00 0.00 0.00 0.00 0.00 0.00 0.00 0.00 0.00 0.00 0.00 0.00 0.00 0.00 0.00 0.00 0.00 0.00 0.00 0.00 0.00 0.00 0.00 0.00 0.00 0.00 0.00 0.00 0.00 0.00 0.00
1.34 1.34 0.00 0.00 0.00 0.00 0.00 1.34 1.34 1.34 1.34 1.34 1.19 0.00 0.00 0.00 0.00 0.00 0.00 0.00 0.00 0.00 0.00 0.00 0.00 0.00 0.00 0.00 0.00 0.00 0.00 0.00 0.00 0.00 0.00 0.00 0.00 0.00 0.00 0.00 0.00 0.00 0.00 0.00 0.00 0.00 0.00 0.00 0.00 0.00 0.00 0.00 0.00 0.00 0.00 0.00 4.99 0.00 0.00 0.00 0.00 0.00 0.00 0.00 0.00 0.00 0.00 0.00 0.00 0.00 0.00 0.00 0.00 0.00 0.00 0.00 0.00 0.00 0.00 0.00 0.00 0.00 0.00 0.00
1.34 1.34 1.34 0.00 0.00 0.00 1.34 1.34 1.34 1.34 1.34 1.34 4.66 0.00 0.00 0.00 0.00 0.00 0.00 0.00 0.00 0.00 0.00 0.00 0.00 0.00 0.00 0.00 0.00 0.00 0.00 0.00 0.00 0.00 0.00 0.00 0.00 0.00 0.00 0.00 0.00 0.00 0.00 0.00 0.00 0.00 0.00 0.00 0.00 0.00 0.00 0.00 0.00 0.00 0.00 0.00 1.37 0.00 0.00 0.00 0.00 0.00 0.00 0.00 0.00 0.00 0.00 0.00 0.00 4.32 4.67 0.00 0.00 0.00 0.00 0.00 0.00 0.00 0.00 0.00 0.00 0.00 0.00 0.00
1.34 1.34 1.34 1.34 1.34 1.34 1.34 1.34 1.34 1.34 1.34 1.34 4.66 0.00 0.00 0.00 0.00 0.00 0.00 0.00 0.00 0.00 0.00 0.00 0.00 0.00 0.00 0.00 0.00 0.00 0.00 0.00 0.00 0.00 0.00 0.00 0.00 0.00 0.00 0.00 0.00 0.00 0.00 0.00 0.00 0.00 0.00 0.00 0.00 0.00 0.00 0.00 0.00 0.00 0.00 0.00 1.37 1.37 0.00 0.00 0.00 0.00 0.00 0.00 0.00 0.00 0.00 0.00 1.32 1.32 1.32 0.00 0.00 0.00 0.00 0.00 0.00 0.00 0.00 0.00 0.00 0.00 0.00 0.00
1.34 1.34 1.34 1.34 1.34 1.34 1.34 1.34 1.34 1.34 1.34 1.34 4.66 0.00 0.00 0.00 0.00 0.00 0.00 0.00 0.00 0.00 0.00 0.00 0.00 0.00 0.00 4.66 3.20 3.20 0.00 0.00 0.00 0.00 0.00 0.00 0.00 0.00 0.00 0.00 0.00 0.00 0.00 0.00 0.00 0.00 0.00 0.00 0.00 0.00 0.00 0.00 0.00 0.00 0.00 0.00 1.37 1.37 0.00 0.00 0.00 0.00 0.00 0.00 0.00 0.00 0.00 4.84 1.32 1.32 1.32 4.67 0.00 0.00 0.00 0.00 0.00 0.00 0.00 0.00 0.00 0.00 0.00 0.00
1.34 1.34 1.34 1.34 1.34 1.34 1.34 1.34 1.34 1.34 1.34 1.34 1.19 0.00 0.00 0.00 0.00 0.00 0.00 0.00 0.00 0.00 0.00 0.00 0.00 0.00 0.00 1.19 0.81 0.81 0.00 0.00 0.00 0.00 0.00 0.00 0.00 0.00 0.00 0.00 0.00 0.00 0.00 0.00 0.00 5.01 4.99 0.00 0.00 0.00 0.00 0.00 0.00 0.00 0.00 0.00 1.37 1.37 4.43 0.00 0.00 0.00 0.00 0.00 0.00 0.00 0.00 1.32 1.32 1.32 1.32 1.32 4.67 0.00 0.00 0.00 0.00 0.00 0.00 0.00 0.00 1.15 1.15 0.00
1.34 1.34 1.34 1.34 1.34 1.34 1.34 1.34 1.34 1.34 1.34 1.34 1.19 0.00 0.00 0.00 0.00 0.00 0.00 0.00 0.00 0.00 0.00 0.00 0.00 0.00 1.19 1.19 0.81 0.81 0.00 0.00 0.00 0.00 0.00 0.00 0.00 0.00 0.00 0.00 0.00 0.00 0.00 0.00 0.00 4.99 4.99 4.99 0.00 0.00 0.00 0.00 0.00 0.00 0.00 0.00 4.43 1.37 1.37 1.37 1.32 0.00 0.00 1.32 1.32 1.32 0.00 1.32 1.32 1.32 1.32 1.32 1.32 0.00 0.00 0.00 0.00 0.00 0.00 0.00 1.15 1.15 1.15 1.15
1.34 1.34 1.34 1.34 1.34 1.34 1.34 1.34 1.34 1.34 1.34 1.34 1.19 0.00 0.00 0.00 0.00 0.00 0.00 0.00 0.00 0.00 0.00 0.00 0.00 4.66 1.19 1.19 0.81 0.01 0.00 0.00 0.00 0.00 0.00 0.00 0.00 0.00 0.00 0.00 0.00 0.00 0.00 0.00 0.00 1.37 1.37 1.37 4.99 4.99 0.00 0.00 0.00 0.00 0.00 0.00 1.37 1.37 1.37 1.37 1.32 1.32 1.32 1.32 1.32 1.32 1.32 1.32 1.32 1.32 1.32 1.32 1.32 0.00 0.00 0.00 0.00 0.00 0.00 1.15 1.15 1.15 1.15 1.15
1.34 1.34 1.34 1.34 1.34 1.34 1.34 1.34 1.34 1.34 1.34 1.34 1.19 0.00 0.00 0.00 0.00 0.00 0.00 0.00 0.00 0.00 4.66 0.00 0.00 1.19 1.19 1.19 0.81 0.00 0.00 0.00 0.00 0.00 0.00 0.00 0.00 0.00 0.00 0.00 0.00 0.00 0.00 0.00 0.00 1.37 1.37 1.37 1.37 1.37 0.00 0.00 0.00 0.00 0.00 0.00 1.37 1.37 1.37 1.37 1.32 1.32 1.32 1.32 1.32 1.32 1.32 1.32 1.32 1.32 1.32 1.32 1.32 1.32 0.00 0.00 0.00 0.00 1.15 1.15 1.15 1.15 1.15 1.15
1.34 1.34 1.34 1.34 1.34 1.34 1.34 1.34 1.34 1.34 1.34 1.34 1.19 0.00 0.00 0.00 0.00 0.00 0.00 0.00 4.66 1.19 1.19 1.19 1.19 1.19 1.19 1.19 0.00 0.00 0.00 0.00 0.00 0.00 0.00 0.00 0.00 0.00 0.00 0.00 0.00 0.00 0.00 0.00 4.99 1.37 1.37 1.37 1.37 1.37 0.00 0.00 0.00 0.00 0.00 0.00 0.00 1.37 1.37 1.37 1.32 1.32 1.32 1.32 1.32 1.32 1.32 1.32 1.32 1.32 1.32 1.32 1.32 1.32 1.32 1.32 0.00 1.15 1.15 1.15 1.15 1.15 1.15 1.15
1.34 1.34 1.34 1.34 1.34 1.34 1.34 1.34 1.34 1.34 1.34 1.34 1.19 1.19 0.00 0.00 0.00 0.00 0.00 1.19 1.19 1.19 1.19 1.19 3.61 3.61 1.19 1.19 0.00 0.00 0.00 0.00 0.00 0.00 0.00 0.00 0.00 0.00 0.00 0.00 0.00 0.00 0.00 0.00 0.00 1.37 1.37 1.37 1.37 0.00 0.00 0.00 0.00 0.00 0.00 0.00 1.37 1.37 1.37 1.37 1.32 1.32 1.32 1.32 1.32 1.32 1.32 1.32 1.32 1.32 1.32 1.32 1.32 1.32 1.32 1.32 1.15 1.15 1.15 1.15 1.15 1.15 1.15 1.15
1.34 1.34 1.34 1.34 1.34 1.34 1.34 1.34 1.34 1.34 1.34 1.34 1.19 1.19 0.00 0.00 0.00 0.00 0.00 1.19 1.19 1.19 1.19 1.19 1.19 1.19 1.19 0.00 0.00 0.00 0.00 0.00 0.00 0.00 0.00 0.00 0.00 0.00 0.00 0.00 0.00 0.00 0.00 0.00 0.00 1.37 1.37 1.37 0.00 0.00 0.00 0.00 0.00 0.00 0.00 0.00 1.37 1.37 1.37 1.37 1.32 1.32 1.32 1.32 1.32 1.32 1.32 1.32 1.32 1.32 1.32 1.32 1.32 1.32 1.32 1.32 1.15 1.15 1.15 1.15 1.15 1.15 1.15 1.15
1.34 1.34 1.34 1.34 1.34 1.34 1.34 1.34 1.34 1.34 1.34 1.34 1.19 1.19 1.19 0.00 0.00 0.00 0.00 1.19 1.19 1.19 1.19 1.19 1.19 1.19 1.19 0.00 0.00 0.00 0.00 0.00 0.00 0.00 0.00 0.00 0.00 0.00 0.00 0.00 0.00 0.00 0.00 0.00 0.00 0.00 1.37 1.37 0.00 0.00 0.00 0.00 0.00 0.00 0.00 4.41 1.37 1.37 1.37 1.37 1.32 1.32 1.32 1.32 1.32 1.32 1.32 1.32 1.32 1.32 1.32 1.32 1.32 1.32 1.32 1.32 1.15 1.15 1.15 1.15 1.15 1.15 1.15 1.15
1.34 1.34 1.34 1.34 1.34 1.34 1.34 1.34 1.34 1.34 1.34 1.34 1.19 1.19 1.19 1.19 4.65 1.19 1.19 1.19 1.19 1.19 1.19 1.19 1.19 1.19 1.19 0.00 0.00 0.00 0.00 0.00 0.00 0.00 0.00 0.00 0.00 0.00 0.00 0.00 0.00 0.00 0.00 0.00 0.00 0.00 1.37 1.37 1.37 1.37 0.00 0.00 0.00 0.00 1.37 1.37 1.37 1.37 1.37 1.37 1.32 1.32 1.32 1.32 1.32 1.32 1.32 1.32 1.32 1.32 1.32 1.32 1.32 1.32 1.32 1.32 3.65 3.65 3.65 3.70 1.15 1.15 0.00 0.00
1.34 1.34 1.34 1.34 1.34 1.34 1.34 1.34 1.34 1.34 1.34 1.34 1.19 1.19 1.19 1.19 3.95 3.61 1.19 1.19 1.19 1.19 1.19 1.19 1.19 1.19 1.19 0.00 0.00 0.00 0.00 0.00 0.00 0.00 0.00 0.00 0.00 0.00 0.00 0.00 0.00 0.00 0.00 0.00 0.00 0.00 1.37 4.44 1.37 1.37 1.37 1.37 1.37 1.37 1.37 1.37 1.37 1.37 1.37 1.37 1.32 1.32 1.32 1.32 1.32 1.32 1.32 1.32 1.32 1.32 1.32 1.32 1.32 1.32 4.02 4.81 2.77 3.56 0.00 0.00 0.00 0.00 0.00 0.00
1.34 1.34 1.34 1.34 1.34 1.34 1.34 1.34 1.34 1.34 1.34 1.34 1.19 1.19 1.19 1.19 4.65 3.95 3.61 1.19 1.19 1.19 1.19 1.19 1.19 1.19 1.19 0.00 0.00 0.00 0.00 0.00 0.00 0.00 0.00 0.00 0.00 0.00 0.00 0.00 0.00 0.00 0.00 0.00 0.00 0.00 2.01 4.43 1.37 1.37 1.37 1.37 1.37 1.37 1.37 1.37 1.37 1.37 1.37 1.37 1.32 1.32 1.32 1.32 1.32 1.32 1.32 1.32 1.32 1.32 1.32 1.32 1.32 1.32 4.02 2.94 2.77 0.00 0.00 0.00 0.00 0.00 0.00 0.00
1.34 1.34 1.34 1.34 1.34 1.34 1.34 1.34 1.34 1.34 1.34 1.34 1.19 1.19 1.19 3.61 3.61 3.61 1.19 1.19 1.19 1.19 1.19 1.19 1.19 1.19 1.19 0.00 0.00 0.00 0.00 0.00 0.00 0.00 0.00 0.00 0.00 0.00 0.00 0.00 0.00 0.00 0.00 0.00 0.00 1.37 1.37 4.43 1.37 1.37 1.37 1.37 1.37 1.37 1.37 1.37 1.37 1.37 1.37 1.37 1.32 1.32 1.32 1.32 1.32 1.32 1.32 1.32 1.32 1.32 1.32 3.91 3.91 3.83 3.83 3.83 0.00 0.00 0.00 0.00 0.00 0.00 0.00 0.00
1.20 1.20 1.20 1.20 1.20 1.20 1.20 1.20 1.20 1.20 1.20 1.20 1.12 1.12 3.39 3.39 1.12 3.39 1.12 1.12 1.12 1.12 1.12 1.12 1.12 3.32 1.12 0.00 0.00 0.00 0.00 0.00 0.00 0.00 0.00 0.00 0.00 0.00 0.00 0.00 0.00 0.00 0.00 0.00 1.41 1.41 1.41 1.41 1.41 1.41 1.41 1.41 1.41 1.41 1.41 1.41 1.41 1.41 1.41 1.41 1.21 1.21 1.21 1.21 1.21 1.21 1.21 1.21 1.21 1.21 1.21 1.21 4.38 3.67 3.67 3.67 0.00 0.00 0.00 0.00 0.00 0.00 0.00 0.00
1.20 1.20 1.20 1.20 1.20 1.20 1.20 1.20 1.20 1.20 1.20 1.20 1.12 1.12 1.12 1.12 3.39 3.39 1.12 1.12 1.12 1.12 1.12 1.12 1.12 1.12 1.12 0.00 0.00 0.00 0.00 0.00 0.00 0.00 0.00 0.00 0.00 0.00 0.00 0.00 0.00 0.00 0.00 0.00 1.41 1.41 4.57 1.41 1.41 1.41 1.41 1.41 1.41 1.41 1.41 1.41 1.41 1.41 1.41 1.41 1.21 1.21 1.21 1.21 1.21 1.21 1.21 1.21 1.21 1.21 1.21 1.21 4.76 3.67 0.00 0.00 0.00 0.00 0.00 0.00 0.00 0.00 0.00 0.00
1.20 1.20 1.20 1.20 1.20 1.20 1.20 1.20 1.20 1.20 1.20 1.20 1.12 1.12 1.12 1.12 1.12 1.12 1.12 1.12 1.12 1.12 1.12 1.12 1.12 1.12 0.00 0.00 0.00 0.00 0.00 0.00 0.00 0.00 0.00 0.00 0.00 0.00 0.00 0.00 0.00 0.00 0.00 1.13 1.41 1.41 4.57 1.41 1.41 1.41 1.41 1.41 1.41 1.41 1.41 1.41 1.41 1.41 1.41 1.41 1.21 1.21 1.21 1.21 1.21 1.21 1.21 1.21 1.21 3.95 4.38 4.76 4.76 4.76 0.00 0.00 0.00 0.00 0.00 0.00 0.00 0.00 0.00 0.00
1.20 1.20 1.20 1.20 1.20 1.20 1.20 1.20 1.20 1.20 1.20 1.20 1.12 1.12 1.12 1.12 1.12 1.12 1.12 1.12 1.12 1.12 1.12 1.12 1.12 1.12 0.00 0.00 0.00 0.00 0.00 0.00 0.00 0.00 0.00 1.13 1.13 1.13 0.00 0.00 1.13 1.13 1.13 1.13 1.41 4.57 4.57 4.57 1.41 1.41 1.41 1.41 1.41 1.41 1.41 1.41 1.41 1.41 1.41 1.41 1.21 1.21 1.21 1.21 1.21 1.21 1.21 3.97 3.95 4.52 4.76 4.76 4.76 1.10 3.67 0.00 0.00 0.00 0.00 0.00 0.00 0.00 0.00 0.00
1.20 1.20 1.20 1.20 1.20 1.20 1.20 1.20 1.20 1.20 1.20 1.20 1.12 1.12 1.12 1.12 1.12 1.12 1.12 1.12 1.12 1.12 1.12 1.12 1.12 1.12 0.00 0.00 0.00 0.00 0.00 0.00 0.00 0.00 0.00 1.13 1.13 1.13 1.13 1.13 1.13 1.13 1.13 1.13 4.58 4.57 4.57 1.41 1.41 1.41 1.41 1.41 1.41 1.41 1.41 1.41 1.41 1.41 1.41 1.41 1.21 1.21 1.21 1.21 1.21 1.21 1.21 3.83 3.83 4.76 4.76 4.76 4.76 3.29 2.84 2.84 0.00 0.00 0.00 0.00 0.00 0.00 0.00 0.00
1.20 1.20 1.20 1.20 1.20 1.20 1.20 1.20 1.20 1.20 1.20 1.20 1.12 1.12 1.12 1.12 1.12 1.12 1.12 1.12 1.12 1.12 1.12 1.12 1.12 1.12 0.00 0.00 0.00 0.00 0.00 0.00 0.00 0.00 0.00 1.13 1.13 1.13 1.13 1.13 1.13 1.13 1.13 1.13 1.41 1.41 1.41 1.41 1.41 1.41 1.41 1.41 1.41 1.41 1.41 1.41 1.41 1.41 1.41 1.41 1.21 1.21 1.21 1.21 3.95 3.67 1.21 1.21 1.21 4.76 4.76 4.76 4.76 3.79 3.92 2.84 4.18 0.00 0.00 0.00 0.00 0.00 0.00 0.00
1.20 1.20 1.20 1.20 1.20 1.20 1.20 1.20 1.20 1.20 1.20 1.20 1.12 1.12 1.12 1.12 1.12 1.12 1.12 1.12 1.12 1.12 1.12 1.12 1.12 1.12 0.00 0.00 0.00 0.00 0.00 0.00 0.00 0.00 1.13 3.76 3.77 3.44 1.13 1.13 1.13 1.13 1.13 1.13 1.41 1.41 1.41 1.41 1.41 1.41 1.41 1.41 1.41 1.41 1.41 1.41 1.41 1.41 1.41 1.41 1.21 1.21 3.67 3.67 4.70 1.21 4.55 1.21 1.21 4.76 4.76 4.76 4.76 3.79 3.04 3.04 3.52 2.99 0.00 0.00 0.00 0.00 0.00 0.00
1.20 1.20 1.20 1.20 1.20 1.20 1.20 1.20 1.20 1.20 1.20 1.20 1.12 1.12 1.12 1.12 1.12 1.12 1.12 1.12 1.12 1.12 1.12 1.12 1.12 1.12 1.12 0.00 0.00 0.00 0.00 0.00 0.00 0.00 1.13 3.76 1.13 1.13 1.13 1.13 1.13 1.13 1.13 1.13 1.41 1.41 1.41 1.41 1.41 1.41 1.41 1.41 1.41 1.41 1.41 1.41 1.41 1.41 1.41 1.41 1.21 1.21 3.67 3.83 1.21 1.21 1.21 4.55 1.21 4.76 4.76 4.76 4.76 3.63 3.79 3.79 4.00 1.36 4.16 4.16 3.22 0.00 0.00 0.00
1.20 1.20 1.20 1.20 1.20 1.20 1.20 1.20 1.20 1.20 1.20 1.20 1.12 1.12 1.12 1.12 1.12 1.12 1.12 1.12 1.12 1.12 1.12 1.12 1.12 1.12 3.32 2.79 0.00 0.00 0.00 0.00 0.00 0.00 3.78 3.76 3.76 3.44 1.13 1.13 1.13 1.13 1.13 1.13 1.41 1.41 1.41 1.41 1.41 1.41 1.41 1.41 1.41 1.41 1.41 1.41 1.41 1.41 1.41 1.41 1.21 3.67 1.77 1.21 1.21 1.21 1.77 1.21 4.55 1.21 1.21 3.67 3.63 3.63 3.63 1.77 1.36 1.36 1.36 1.36 4.16 4.16 4.89 0.00
1.20 1.20 1.20 1.20 1.20 1.20 1.20 1.20 1.20 1.20 1.20 1.20 1.12 1.12 1.12 1.12 1.12 1.12 1.12 1.12 1.12 1.12 1.12 1.64 1.12 3.32 3.88 3.88 2.79 0.00 4.45 3.78 3.78 3.78 3.44 3.44 3.44 1.13 1.13 1.13 1.13 1.13 1.13 1.13 1.41 1.41 1.41 1.41 1.41 1.41 1.41 1.41 1.41 1.41 1.41 1.41 1.41 1.41 1.41 1.41 3.95 3.95 3.83 1.21 1.77 4.62 1.77 1.77 3.67 1.77 3.63 1.77 3.63 1.21 1.21 1.21 1.36 1.36 1.36 1.36 1.36 1.36 4.00 4.10
1.20 1.20 1.20 1.20 1.20 1.20 1.20 1.20 1.20 1.20 1.20 1.20 1.12 1.12 1.12 1.12 1.12 1.12 1.12 1.12 1.12 1.12 1.12 1.12 3.32 3.28 3.88 3.39 2.79 2.79 3.78 3.78 3.78 3.76 3.76 1.66 3.44 1.13 1.13 1.13 1.13 1.13 1.13 1.13 1.41 1.41 1.41 1.41 1.41 1.41 1.41 1.41 1.41 1.41 1.41 1.41 1.41 1.41 1.41 1.41 3.95 3.83 3.83 1.77 3.83 1.21 1.21 1.21 3.67 3.67 1.21 1.77 1.21 1.21 1.21 1.21 1.36 1.36 1.36 1.36 1.36 1.36 4.10 4.00
1.20 1.20 1.20 1.20 1.20 1.20 1.20 1.20 1.20 1.20 1.20 1.20 1.12 1.12 1.12 1.12 1.12 1.12 1.12 1.12 1.12 1.12 1.12 1.12 3.32 3.28 3.28 3.28 3.30 2.79 3.78 4.40 3.76 3.76 3.76 3.44 3.44 3.44 1.13 1.13 1.13 1.13 1.13 1.13 1.41 1.41 1.41 1.41 1.41 1.41 1.41 1.41 1.41 1.41 1.41 1.41 1.41 1.41 1.41 4.24 3.99 3.83 3.99 3.99 3.67 1.21 1.21 1.21 1.21 1.21 1.21 1.21 1.77 1.21 1.21 1.21 1.36 1.36 1.36 1.36 1.36 1.36 1.36 1.36
1.20 1.20 1.20 1.20 1.20 1.20 1.20 1.20 1.20 1.20 1.20 1.20 1.12 1.12 1.12 1.12 1.12 1.12 1.12 1.12 1.12 1.12 1.12 1.12 1.12 0.99 3.28 3.28 3.30 2.79 4.40 3.44 3.44 3.76 3.76 3.76 3.44 3.44 1.13 1.13 1.13 1.13 1.13 1.13 1.41 1.41 1.41 1.41 1.41 1.41 1.41 1.41 1.41 1.41 1.41 1.41 1.41 1.41 4.49 4.49 4.61 3.99 1.77 3.83 3.67 3.83 3.83 1.21 1.21 1.21 1.21 1.21 1.21 1.21 1.21 1.21 1.36 1.36 1.36 1.36 1.36 1.36 1.36 1.36
1.20 1.20 1.20 1.20 1.20 1.20 1.20 1.20 1.20 1.20 1.20 1.20 1.12 1.12 1.12 1.12 1.12 1.12 1.12 1.12 1.12 1.12 1.12 1.12 1.12 3.28 3.39 3.28 3.41 3.89 3.76 3.44 3.44 3.59 3.59 1.13 1.13 3.76 1.13 1.13 1.13 1.13 1.13 1.13 1.41 1.41 1.41 1.41 1.41 1.41 1.41 1.41 1.41 1.41 1.41 1.41 1.41 1.41 4.51 4.49 3.99 3.99 3.67 3.95 3.67 3.67 3.83 3.83 1.21 1.21 1.21 1.21 1.21 1.21 1.21 1.21 1.36 1.36 1.36 1.36 1.36 1.36 1.36 1.36
1.20 1.20 1.20 1.20 1.20 1.20 1.20 1.20 1.20 1.20 1.20 1.20 1.12 1.12 1.12 1.12 1.12 1.12 1.12 1.12 1.12 1.12 1.12 1.12 1.12 1.12 3.28 4.09 3.30 3.41 3.44 3.44 1.13 3.44 1.13 1.13 1.13 1.13 1.13 1.13 1.13 1.13 1.13 1.13 1.41 1.41 1.41 1.41 1.41 1.41 1.41 1.41 1.41 1.41 1.41 1.41 1.41 1.41 4.24 4.52 4.61 3.83 3.83 1.77 3.83 3.83 3.83 3.83 3.83 1.21 1.21 1.21 1.21 1.21 1.21 1.21 1.36 1.36 1.36 1.36 1.36 1.36 1.36 1.36
1.20 1.20 1.20 1.20 1.20 1.20 1.20 1.20 1.20 1.20 1.20 1.20 1.12 1.12 1.12 1.12 1.12 1.12 1.12 1.12 1.12 1.12 1.12 3.28 1.12 1.12 3.88 3.88 3.89 3.89 3.78 3.44 1.13 1.13 1.13 1.13 1.13 1.13 1.13 1.13 1.13 1.13 1.13 1.13 1.41 1.41 1.41 1.41 1.41 1.41 1.41 1.41 1.41 1.41 1.41 1.41 1.41 4.51 4.52 4.46 3.83 1.77 1.77 1.21 3.83 3.83 3.83 3.83 3.83 1.21 1.21 1.21 1.21 1.21 1.21 1.21 1.36 1.36 1.36 1.36 1.36 1.36 1.36 1.36
