New_Model_Runs/6_FutureClimate_RCP45_out/post_prcessed_with_MFR/Monthly_summaries/interception_monthly_APR.asc
NCOLS 700
NROWS 400
XLLCENTER 515000.000000
YLLCENTER 8409000.000000
CELLSIZE 50.000000
NODATA_value -999.000000
[rows 76 to 113 of 400, columns 336 to 419 of 700]
0.00 0.00 0.00 0.00 0.00 0.00 0.00 0.00 0.00 0.00 0.00 0.00 0.00 0.00 0.00 0.00 0.00 0.00 0.00 0.00 0.00 0.00 0.00 0.00 0.00 0.00 0.00 0.00 0.00 0.00 0.00 0.00 0.00 0.00 0.00 0.00 0.00 0.00 0.00 0.00 0.00 0.00 0.00 0.00 0.00 0.00 0.00 0.00 0.00 0.00 0.00 0.00 0.00 0.00 0.00 0.00 0.00 1.17 1.17 1.17 1.16 1.16 1.16 1.16 1.04 1.04 1.04 1.04 0.98 0.00 0.00 0.00 0.00 0.00 0.00 0.00 0.00 0.00 0.00 0.00 0.00 0.00 0.00 0.00
0.00 0.00 0.00 0.00 0.00 0.00 0.00 0.00 0.00 0.00 0.00 0.00 0.00 0.00 0.00 0.00 0.00 0.00 0.00 0.00 0.00 0.00 0.00 0.00 0.00 0.00 0.00 0.00 0.00 0.00 0.00 0.00 0.00 0.00 0.00 0.00 0.00 0.00 0.00 0.00 0.00 0.00 0.00 0.00 0.00 0.00 0.00 0.00 0.00 1.01 1.01 0.00 0.00 0.00 1.08 1.08 1.17 1.17 1.17 1.17 1.16 1.16 1.16 1.16 1.04 1.04 0.00 0.00 0.00 0.00 0.00 0.00 0.00 0.00 0.00 0.00 0.00 0.00 0.00 0.00 0.00 0.00 0.00 0.00
0.00 0.00 0.00 0.00 0.00 0.00 0.00 0.00 0.00 0.00 0.00 0.00 0.00 0.00 0.00 0.00 0.00 0.00 0.00 0.00 0.00 0.00 0.00 0.00 0.00 0.00 0.00 0.00 0.00 0.00 0.00 0.00 0.00 0.00 0.00 0.00 0.00 0.00 0.00 0.00 0.00 0.00 0.00 0.00 0.00 0.00 0.00 0.00 1.01 1.01 1.01 1.01 1.08 1.08 1.08 1.08 1.17 1.17 1.17 1.17 1.16 0.00 0.00 1.16 1.04 1.04 1.04 1.04 0.00 0.00 0.00 0.00 0.00 0.00 0.00 0.00 0.00 0.00 0.00 0.00 0.00 0.00 0.00 0.00
0.00 0.00 0.00 0.00 0.00 0.00 0.00 0.00 0.00 0.00 0.00 0.00 0.00 0.00 0.00 0.00 0.00 0.00 0.00 0.00 0.00 0.00 0.00 0.00 0.00 0.00 0.00 0.00 0.00 0.00 0.00 0.00 0.00 0.00 0.00 0.00 0.00 0.00 0.00 0.00 0.00 0.00 0.00 0.00 0.00 0.00 0.00 0.00 1.01 1.01 1.01 1.01 1.08 1.08 1.08 1.08 1.17 0.00 1.17 1.17 0.00 0.00 1.16 0.00 1.04 0.00 0.00 0.00 0.00 0.00 0.00 0.00 0.00 0.00 0.00 0.00 0.00 0.00 0.00 0.00 0.00 0.00 0.00 0.00
0.00 0.00 0.00 0.00 0.00 0.00 0.00 0.00 0.00 0.00 0.00 0.00 0.00 0.00 0.00 0.00 0.00 0.00 0.00 0.00 0.00 0.00 0.00 0.00 0.00 0.00 0.00 0.00 0.00 0.00 0.00 0.00 0.00 0.00 0.00 0.00 0.00 0.00 0.00 0.00 0.00 0.00 0.00 0.00 0.00 0.00 0.00 0.93 1.04 1.04 1.04 1.04 1.17 1.17 1.17 1.17 1.12 1.12 1.12 1.12 0.98 0.00 0.98 0.00 0.92 0.00 0.00 0.00 0.00 0.00 0.00 0.00 0.00 0.00 0.00 0.00 0.00 0.00 0.00 0.00 0.00 0.00 0.00 0.00
0.00 0.00 0.00 0.00 0.00 0.00 0.00 0.00 0.00 0.00 0.00 0.00 0.00 0.00 0.00 0.00 0.00 0.00 0.00 0.00 0.00 0.00 0.00 0.00 0.00 0.00 0.00 0.00 0.00 0.00 0.00 0.00 0.00 0.00 0.00 0.00 0.00 0.00 0.00 0.00 0.00 0.00 0.00 0.00 0.00 0.00 0.00 0.93 1.04 1.04 1.04 1.04 1.17 1.17 1.17 1.17 1.12 0.00 1.12 1.12 0.98 0.98 0.98 0.00 0.00 0.00 0.00 0.00 0.00 0.00 0.00 0.00 0.00 0.00 0.00 0.00 0.00 0.00 0.00 0.00 0.00 0.00 0.00 0.00
0.00 0.00 0.00 0.00 0.00 0.00 0.00 0.00 0.00 0.00 0.00 0.00 0.00 0.00 0.00 0.00 0.00 0.00 0.00 0.00 0.00 0.00 0.00 0.00 0.00 0.00 0.00 0.00 0.00 0.00 0.00 0.00 0.00 0.00 0.00 0.00 0.00 1.24 1.24 1.24 1.23 0.00 0.00 0.00 0.00 0.00 0.00 0.96 1.09 1.09 1.09 1.09 1.24 1.24 1.24 1.24 0.00 0.00 1.18 1.18 1.02 1.02 0.00 1.02 0.00 0.00 0.00 0.00 0.00 0.00 0.00 0.00 0.00 0.00 0.00 0.00 0.00 0.00 0.00 0.00 0.00 0.00 0.00 1.06
0.00 0.00 0.00 0.00 0.00 0.00 0.00 0.00 0.00 0.00 0.00 0.00 0.00 0.00 0.00 0.00 0.00 0.00 0.00 0.00 0.00 0.00 0.00 0.00 0.00 0.00 0.00 0.00 0.00 0.00 0.00 0.00 0.00 0.00 0.00 0.00 1.24 1.24 1.24 1.24 1.23 1.23 1.23 0.00 0.00 0.96 0.96 0.96 1.09 1.09 1.09 1.09 1.24 1.24 1.24 1.24 1.18 1.18 1.18 1.18 1.02 0.00 0.00 0.00 0.00 0.00 0.00 0.00 0.00 0.00 0.00 0.00 0.00 0.00 0.00 0.00 0.00 0.00 0.00 0.00 1.06 1.06 1.06 1.06
0.00 0.00 0.00 0.00 0.00 0.00 0.00 0.00 0.00 0.00 0.00 0.00 0.00 0.00 0.00 0.00 0.00 0.00 0.00 0.00 0.00 0.00 0.00 0.00 0.00 0.00 0.00 0.00 0.00 0.00 0.00 0.00 0.00 0.00 0.00 1.21 1.26 1.26 1.26 1.26 1.25 1.25 1.25 1.25 1.29 1.07 1.07 1.07 1.21 1.21 1.21 1.21 1.18 1.18 1.18 1.18 0.98 0.98 0.98 0.98 0.91 0.00 0.00 0.00 0.00 0.00 0.00 0.00 0.00 0.00 0.00 0.00 0.00 0.00 0.00 0.00 0.00 0.00 0.00 0.96 1.04 1.04 1.04 1.04
0.00 0.00 0.00 0.00 0.00 0.00 0.00 0.00 0.00 0.00 0.00 0.00 0.00 0.00 0.00 0.00 0.00 0.00 0.00 0.00 0.00 0.00 0.00 0.00 0.00 0.00 0.00 0.00 0.00 0.00 0.00 0.00 0.00 1.21 1.21 1.21 1.26 1.26 1.26 1.26 1.25 1.25 1.25 1.25 1.29 1.29 1.07 1.07 1.21 1.21 1.21 1.21 1.18 1.18 1.18 1.18 0.98 0.98 0.98 0.00 0.00 0.00 0.00 0.00 0.00 0.00 0.00 0.00 0.00 0.00 0.00 0.00 0.00 0.00 0.00 0.00 0.00 0.00 0.00 0.96 1.04 0.00 1.04 1.04
0.00 0.00 0.00 0.00 0.00 0.00 0.00 0.00 0.00 0.00 0.00 0.00 0.00 0.00 0.00 0.00 0.00 0.00 0.00 0.00 0.00 0.00 0.00 0.00 0.00 0.00 0.00 0.00 0.00 0.00 0.00 0.00 0.00 1.21 1.21 1.21 1.26 1.26 1.26 1.26 1.25 1.25 1.25 1.25 1.29 1.29 1.29 1.07 1.21 1.21 1.21 1.21 1.18 1.18 1.18 1.18 0.98 0.98 0.00 0.00 0.00 0.00 0.00 0.00 0.00 0.00 0.00 0.00 0.00 0.00 0.00 0.00 0.00 0.00 0.00 0.00 0.00 0.00 0.96 0.96 1.04 1.04 1.04 1.04
0.00 0.00 0.00 0.00 0.00 0.00 0.00 0.00 0.00 0.00 0.00 0.00 0.00 0.00 0.00 0.00 0.00 0.00 0.00 0.00 0.00 0.00 0.00 0.00 0.00 0.00 0.00 0.00 0.00 0.00 0.00 0.00 0.00 1.21 1.21 1.21 1.26 1.26 1.26 1.26 1.25 1.25 1.25 1.25 1.29 1.29 1.29 1.29 1.21 1.21 1.21 0.00 1.18 1.18 1.18 1.18 0.98 0.79 0.00 0.00 0.00 0.00 0.00 0.00 0.00 0.00 0.00 0.00 0.00 0.00 0.00 0.00 0.00 0.00 0.00 0.00 0.00 0.00 0.96 0.96 1.04 1.04 1.04 1.04
0.00 0.00 0.00 0.00 0.00 0.00 0.00 0.00 0.00 0.00 0.00 0.00 0.00 0.00 0.00 0.00 0.00 0.00 0.00 0.00 0.00 0.00 0.00 0.00 0.00 0.00 0.00 0.00 0.00 0.00 0.00 0.00 0.00 0.00 1.14 1.14 1.22 1.22 1.22 1.22 1.28 1.28 1.28 1.28 1.35 1.35 1.35 0.00 0.00 0.00 0.00 1.13 1.00 1.00 1.00 1.00 0.90 0.90 0.74 0.00 0.00 0.00 0.00 0.00 0.00 0.00 0.00 0.00 0.00 0.00 0.00 0.00 0.00 0.00 0.00 0.00 0.00 0.94 0.94 0.94 1.03 1.03 1.03 1.03
0.00 0.00 0.00 0.00 0.00 0.00 0.00 0.00 0.00 0.00 0.00 0.00 0.00 0.00 0.00 0.00 0.00 0.00 0.00 0.00 0.00 0.00 0.00 0.00 0.00 0.00 0.00 0.00 0.00 0.00 0.00 0.00 0.00 0.00 0.00 1.14 1.22 1.22 1.22 1.22 1.28 1.28 1.28 1.28 1.35 1.35 0.00 0.00 0.00 1.09 1.13 1.13 1.00 1.00 1.00 1.00 0.90 0.90 0.00 0.00 0.00 0.00 0.00 0.00 0.00 0.00 0.00 0.00 0.00 0.00 0.00 0.00 0.00 0.00 0.00 0.88 0.94 0.94 0.94 0.94 1.03 1.03 1.03 1.03
0.00 0.00 0.00 0.00 0.00 0.00 0.00 0.00 0.00 0.00 0.00 0.00 0.00 0.00 0.00 0.00 0.00 0.00 0.00 0.00 0.00 0.00 0.00 0.00 0.00 0.00 0.00 0.00 0.00 0.00 0.00 0.00 0.00 0.00 0.00 1.14 1.22 1.22 1.22 1.22 1.28 1.28 1.28 1.28 1.35 1.35 0.00 0.00 1.35 1.09 1.35 1.13 1.00 1.00 1.00 1.00 0.90 0.90 0.00 0.00 0.00 0.00 0.00 0.00 0.00 0.00 0.00 0.00 0.00 0.00 0.00 0.00 0.00 0.00 0.00 0.88 0.94 0.94 0.94 0.94 1.03 1.03 1.03 1.03
0.00 0.00 0.00 0.00 0.00 0.00 0.00 0.00 0.00 0.00 0.00 0.00 0.00 0.00 0.00 0.00 0.00 0.00 0.00 0.00 0.00 0.00 0.00 1.18 1.19 1.19 0.00 0.00 0.00 0.00 0.00 0.00 0.00 0.00 0.00 0.00 1.22 1.22 1.22 1.22 1.28 1.28 1.28 1.28 1.35 1.35 1.35 1.35 1.35 1.35 1.35 1.35 1.00 1.00 1.00 1.00 0.90 0.90 0.00 0.00 0.00 0.00 0.00 0.00 0.00 0.00 0.00 0.00 0.90 0.90 0.00 0.00 0.00 0.00 0.00 0.88 0.94 0.94 0.94 0.94 1.03 1.03 1.03 1.03
0.00 0.00 0.00 0.00 0.00 0.00 0.00 0.00 0.00 0.00 0.00 0.00 0.00 0.00 0.00 0.00 0.00 0.00 0.00 0.00 0.00 0.00 0.00 1.17 1.18 1.18 1.18 0.00 0.00 0.00 0.00 0.00 0.00 0.00 0.00 0.00 1.19 1.19 1.19 1.19 1.30 1.30 1.30 1.30 1.31 1.31 1.31 1.31 1.26 1.26 1.26 1.26 1.21 0.98 0.98 0.98 0.90 0.90 0.90 0.00 0.00 0.00 0.00 0.00 0.00 0.00 0.00 0.00 0.00 0.87 0.00 0.00 0.00 0.00 0.86 0.00 0.00 0.89 0.74 0.89 0.98 0.98 0.98 0.98
0.00 0.00 0.00 0.00 0.00 0.00 0.00 0.00 0.00 0.00 0.00 0.00 0.00 0.00 0.00 0.00 0.00 0.00 0.00 0.00 0.00 0.00 0.00 1.17 1.18 1.18 1.18 1.18 0.00 0.00 0.00 0.00 0.00 0.00 0.00 0.00 0.00 1.19 1.19 1.19 1.30 1.30 1.30 1.30 1.31 1.31 1.31 1.31 1.26 1.26 1.26 1.26 1.21 1.21 0.98 0.98 0.90 0.90 0.00 0.00 0.00 0.00 0.73 0.73 0.00 0.00 0.00 0.00 0.87 0.00 0.00 0.00 0.00 0.00 0.00 0.00 0.89 0.74 0.74 0.89 0.98 0.98 0.98 0.98
0.00 0.00 0.00 0.00 0.00 0.00 0.00 0.00 0.00 0.00 0.00 0.00 0.00 0.00 0.00 0.00 0.00 0.00 0.00 0.00 0.00 0.00 1.10 1.17 1.18 1.18 1.18 1.18 1.14 0.00 0.00 0.00 0.00 0.00 0.00 0.00 0.00 1.19 1.19 1.19 1.30 1.30 1.30 1.30 1.31 1.31 1.31 1.31 1.26 1.26 1.26 1.26 1.21 1.21 1.21 0.98 0.90 0.90 0.74 0.00 0.87 0.87 0.73 0.87 0.00 0.00 0.00 0.00 0.87 0.87 0.87 0.87 0.86 0.00 0.00 0.00 0.89 0.89 0.89 0.89 0.98 0.98 0.98 0.98
0.00 0.00 0.00 0.00 0.00 0.00 0.00 0.00 0.00 0.00 0.00 0.00 0.00 0.00 0.00 0.00 0.00 0.00 0.00 0.00 0.00 0.00 1.10 1.17 1.18 1.18 1.18 1.18 1.14 1.14 0.00 0.00 0.00 0.00 0.00 0.00 1.19 1.19 1.19 1.19 1.30 1.30 1.30 1.30 1.31 1.31 1.31 1.31 1.26 1.26 1.26 1.26 1.21 1.21 1.21 1.21 0.90 0.90 0.90 0.00 0.00 0.87 0.87 0.87 0.00 0.00 0.00 0.00 0.00 0.00 0.87 0.87 0.86 0.72 0.00 0.00 0.89 0.89 0.89 0.89 0.98 0.98 0.98 0.98
0.00 0.00 0.00 0.00 0.00 0.00 0.00 0.00 0.00 0.00 0.00 0.00 0.00 0.00 0.00 0.00 1.11 1.11 1.11 1.11 1.13 1.13 1.13 1.13 1.20 1.20 1.20 1.20 1.16 1.16 1.16 0.00 0.00 0.00 0.00 0.00 1.21 1.21 1.21 1.21 1.27 1.27 1.27 1.27 1.27 1.27 1.27 1.27 1.27 1.27 1.27 1.27 1.23 1.23 1.23 1.23 1.13 1.13 0.90 0.00 0.00 0.90 0.00 0.90 0.00 0.90 0.90 0.90 0.86 0.86 0.00 0.86 0.83 0.83 0.00 0.00 0.00 0.00 0.00 0.83 0.00 0.90 0.90 0.90
0.00 0.00 0.00 0.00 0.00 0.00 0.00 0.00 1.13 1.13 0.00 0.00 0.00 1.13 1.13 1.13 1.11 1.11 1.11 1.11 1.13 1.13 1.13 1.13 1.20 1.20 1.20 1.20 1.16 1.16 1.16 1.16 1.14 1.14 1.14 1.14 1.21 1.21 1.21 1.21 1.27 1.27 1.27 1.27 1.27 1.27 1.27 1.27 1.27 1.27 1.27 1.27 1.23 1.23 1.23 1.23 1.13 1.13 1.13 0.90 0.90 0.90 0.00 0.00 0.75 0.75 0.90 0.90 0.86 0.72 0.00 0.86 0.83 0.00 0.00 0.83 0.71 0.83 0.83 0.83 0.74 0.74 0.90 0.90
0.00 0.00 0.00 0.00 0.00 0.00 0.00 1.14 1.16 1.16 1.16 1.16 1.15 1.15 1.15 1.15 1.14 1.14 1.14 1.14 1.15 1.15 1.15 1.15 1.23 1.23 1.23 1.23 1.18 1.18 1.18 1.18 1.16 1.16 1.16 1.16 1.24 1.24 1.24 1.24 1.31 1.31 1.31 1.31 1.30 1.30 1.30 1.30 1.30 1.30 1.30 1.30 1.25 1.25 1.25 1.25 1.15 1.15 0.00 1.15 0.92 0.92 0.00 0.00 0.92 0.92 0.92 0.92 0.87 0.00 0.00 0.00 0.00 0.00 0.84 0.84 0.72 0.00 0.00 0.72 0.76 0.92 0.92 0.92
0.00 0.00 0.00 0.00 0.00 0.00 0.00 0.00 1.16 1.16 1.16 1.16 1.15 1.15 1.15 1.15 1.14 1.14 1.14 1.14 1.15 1.15 1.15 1.15 1.17 1.23 1.23 1.23 1.18 1.18 1.18 1.18 1.16 1.16 1.16 1.16 1.24 1.24 1.24 1.24 1.31 1.31 1.31 1.31 1.30 1.30 1.30 1.30 1.30 1.30 1.30 1.30 1.25 1.25 1.25 1.25 1.15 1.15 0.00 1.15 1.15 0.92 0.92 0.92 0.92 0.92 0.92 0.92 0.87 0.00 0.00 0.00 0.00 0.72 0.84 0.84 0.72 0.00 0.00 0.72 0.76 0.92 0.92 0.92
0.00 0.00 0.00 0.00 0.00 0.00 0.00 0.00 1.17 1.17 1.17 1.17 1.20 1.20 1.20 1.20 1.18 1.18 1.18 1.18 1.17 1.17 1.17 1.17 1.19 1.25 1.25 1.25 1.24 1.24 1.24 1.24 1.24 1.24 1.24 1.24 1.27 1.27 1.27 1.27 1.28 1.28 1.28 1.28 1.30 1.30 1.30 1.30 1.33 1.33 1.33 1.33 1.26 1.26 1.26 1.26 1.18 1.18 1.18 1.18 1.20 1.20 0.97 0.97 0.94 0.94 0.94 0.94 0.87 0.87 0.00 0.00 0.00 0.84 0.84 0.84 0.72 0.00 0.00 0.00 0.00 0.00 0.94 0.94
0.00 0.00 0.00 0.00 0.00 0.00 0.00 0.00 1.17 1.17 1.17 1.17 1.20 1.20 1.20 1.20 1.18 1.18 1.18 1.18 1.17 1.17 1.17 1.17 1.19 1.25 1.25 1.25 1.24 1.24 1.24 1.24 1.24 1.24 1.24 1.24 1.27 1.27 1.27 1.27 1.28 1.28 1.28 1.28 1.30 1.30 1.30 1.30 1.33 1.33 1.33 1.33 1.26 1.26 1.26 1.26 1.18 1.18 1.18 1.18 1.20 1.20 1.20 0.97 0.94 0.94 0.94 0.94 0.87 0.87 0.00 0.87 0.84 0.72 0.00 0.84 0.85 0.72 0.00 0.72 0.94 0.94 0.00 0.94
0.00 0.00 0.00 0.00 0.00 0.00 0.00 0.00 1.17 1.17 1.17 1.17 1.20 1.20 1.20 1.20 1.18 1.18 1.18 1.18 1.17 1.17 1.17 1.17 1.19 1.19 1.25 1.25 1.24 1.24 1.24 1.24 1.24 1.24 1.24 1.24 1.27 1.27 1.27 1.27 1.28 1.28 1.28 1.28 1.30 1.30 1.30 1.30 1.33 1.33 1.33 1.33 1.26 1.26 1.26 1.26 1.18 1.18 1.18 1.18 1.20 1.20 1.20 1.20 0.94 0.94 0.94 0.94 0.87 0.87 0.87 0.87 0.84 0.84 0.84 0.00 0.85 0.85 0.72 0.85 0.94 0.94 0.94 0.94
0.00 0.00 0.00 0.00 0.00 0.00 0.00 1.09 1.17 1.17 1.17 1.17 1.20 1.20 1.20 1.20 1.18 1.18 1.18 1.18 1.17 1.17 1.17 1.17 1.19 1.19 1.25 1.25 1.24 1.24 1.24 1.24 1.24 1.24 1.24 1.24 1.27 1.27 1.27 1.27 1.28 1.28 1.28 1.28 1.30 1.30 1.30 1.30 1.33 1.33 1.33 1.33 1.26 1.26 1.26 1.26 1.18 1.18 1.18 1.18 1.20 1.20 1.20 1.20 1.17 0.94 0.94 0.94 0.87 0.87 0.87 0.87 0.84 0.00 0.00 0.72 0.85 0.85 0.72 0.00 0.94 0.94 0.94 0.94
0.00 0.00 0.00 0.00 0.00 0.00 1.09 1.09 1.19 1.19 1.19 1.19 1.23 1.23 1.23 1.23 1.22 1.22 1.22 1.22 1.20 1.20 1.20 1.20 1.20 1.20 1.26 1.26 1.26 1.26 1.26 1.26 1.27 1.27 1.27 1.27 1.29 1.29 1.29 1.29 1.28 1.28 1.28 1.28 1.32 1.32 1.32 1.32 1.34 1.34 1.34 1.34 1.26 1.26 1.26 1.26 1.23 1.23 1.23 1.23 1.25 1.25 1.25 1.25 1.21 1.21 0.98 0.98 0.92 0.92 0.92 0.92 0.89 0.89 0.75 0.75 0.76 0.92 0.92 0.92 1.03 1.03 1.03 1.03
0.00 0.00 0.00 0.00 0.00 0.00 1.09 1.09 1.19 1.19 1.19 1.19 1.23 1.23 1.23 1.23 1.22 1.22 1.22 1.22 1.20 1.20 1.20 1.20 1.20 1.20 1.20 1.26 1.26 1.26 1.26 1.26 1.27 1.27 1.27 1.27 1.29 1.29 1.29 1.29 1.28 1.28 1.28 1.28 1.32 1.32 1.32 1.32 1.34 1.34 1.34 1.34 1.26 1.26 1.26 1.26 1.23 1.23 1.23 1.23 1.25 1.25 1.05 1.25 1.21 1.21 1.21 0.98 0.92 0.92 0.92 0.92 0.89 0.89 0.00 0.75 0.92 0.92 0.92 0.92 1.03 1.03 1.03 1.03
0.00 0.00 0.00 0.00 0.00 0.00 1.09 1.09 1.19 1.19 1.19 1.19 1.23 1.23 1.23 1.23 1.22 1.22 1.22 1.22 1.20 1.20 1.20 1.20 1.20 1.20 1.20 1.26 1.26 1.26 1.26 1.26 1.27 1.27 1.27 1.27 1.29 1.29 1.29 1.29 1.28 1.28 1.28 1.28 1.32 1.32 1.32 1.32 1.34 1.34 1.34 1.34 1.26 1.26 1.26 1.26 1.23 1.23 1.23 1.23 1.25 1.25 1.25 1.25 1.21 1.21 1.21 1.21 0.92 0.92 0.92 0.92 0.89 0.89 0.89 0.89 0.92 0.92 0.92 0.92 1.03 1.03 1.03 1.03
0.00 0.00 0.00 0.00 0.00 1.09 1.09 1.09 1.19 1.19 1.19 1.19 1.23 1.23 1.23 1.23 1.22 1.22 1.22 1.22 1.20 1.20 1.20 1.20 1.20 1.20 1.20 1.20 1.26 1.26 1.26 1.26 1.27 1.27 1.27 1.27 1.29 1.29 1.29 1.29 1.28 1.28 1.28 1.28 1.32 1.32 1.32 1.32 1.34 1.34 1.34 1.34 1.26 1.26 1.26 1.26 1.23 1.23 1.23 1.23 1.25 1.25 1.25 1.25 1.21 1.21 1.21 1.21 1.15 0.92 0.92 0.92 0.89 0.89 0.89 0.89 0.92 0.92 0.92 0.92 1.03 1.03 1.03 1.03
0.00 0.00 0.00 0.00 0.00 1.10 1.10 1.10 1.22 1.22 1.22 1.22 1.24 1.24 1.24 1.24 1.24 1.24 1.24 1.24 1.20 1.20 1.20 1.20 1.19 1.19 1.19 1.19 1.27 1.27 1.27 1.27 1.29 1.29 1.29 1.29 1.31 1.31 1.31 1.31 1.30 1.30 1.30 1.30 1.35 1.35 1.35 1.35 1.37 1.37 1.37 1.37 1.30 1.30 1.30 1.30 1.31 1.31 1.31 1.31 1.31 1.31 1.31 1.31 1.27 1.27 1.27 1.27 1.25 1.25 1.02 1.02 1.00 1.00 1.00 1.00 1.03 1.03 1.03 1.03 1.12 1.12 1.12 1.12
0.00 0.00 0.00 0.00 0.00 1.00 1.10 1.10 1.22 1.22 1.22 1.22 1.24 1.24 1.24 1.24 1.24 1.24 1.24 1.24 1.20 1.20 1.20 1.20 1.19 1.19 1.19 1.19 1.27 1.27 1.27 1.27 1.29 1.29 1.29 1.29 1.31 1.31 1.31 1.31 1.30 1.30 1.30 1.30 1.35 1.35 1.35 1.35 1.37 1.37 1.37 1.37 1.30 1.30 1.30 1.30 1.31 1.31 1.31 1.31 1.31 1.31 1.31 1.31 1.27 1.27 1.27 1.27 1.25 1.25 1.25 1.02 1.00 1.00 1.00 0.71 0.74 0.74 0.74 0.74 0.84 0.84 0.84 0.84
0.00 0.00 0.00 0.00 1.10 1.10 1.10 1.10 1.22 1.22 1.22 1.22 1.24 1.24 1.24 1.24 1.24 1.24 1.24 1.24 1.20 1.20 1.20 1.20 1.19 1.19 1.19 1.19 1.20 1.27 1.27 1.27 1.29 1.29 1.29 1.29 1.31 1.31 1.31 1.31 1.30 1.30 1.30 1.30 1.35 1.35 1.35 1.35 1.37 1.37 1.37 1.37 1.30 1.30 1.30 1.30 1.31 1.31 1.31 1.31 1.31 1.31 1.31 1.31 1.27 1.27 1.27 1.27 1.25 1.25 1.25 1.25 0.71 0.71 0.71 0.71 0.74 0.74 0.74 0.74 0.84 0.84 0.84 0.84
0.00 0.00 0.00 0.00 1.10 1.10 1.10 1.10 1.22 1.22 1.22 1.22 1.24 1.24 1.24 1.24 1.24 1.24 1.24 1.24 1.20 1.20 1.20 1.20 1.19 1.19 1.19 1.19 1.20 1.27 1.27 1.27 1.29 1.29 1.29 1.29 1.31 1.31 1.31 1.31 1.30 1.30 1.30 1.30 1.35 1.35 1.35 1.35 1.37 1.37 1.37 1.37 1.30 1.30 1.30 1.30 1.31 1.31 1.31 1.31 1.31 1.31 1.31 1.31 1.27 1.27 1.27 1.27 1.25 1.25 1.25 0.73 0.71 0.71 0.71 0.71 0.74 0.74 0.74 0.74 0.84 0.84 0.84 0.84
0.00 0.00 0.00 1.06 1.17 1.17 1.17 1.17 1.26 1.26 1.26 1.26 1.26 1.26 1.26 1.26 1.27 1.27 1.27 1.27 1.22 1.22 1.22 1.22 1.21 1.21 1.21 1.21 1.24 1.30 1.30 1.30 1.33 1.33 1.33 1.33 1.35 1.35 1.35 1.35 1.37 1.37 1.37 1.37 1.44 1.44 1.44 1.44 1.44 1.44 1.44 1.44 1.40 1.40 1.40 1.40 1.39 1.39 1.39 1.39 1.38 1.38 1.38 1.38 1.36 1.36 1.36 1.36 1.35 1.35 1.35 0.84 0.82 0.82 0.82 0.82 0.86 0.86 0.86 0.86 0.94 0.94 0.94 0.94
0.00 0.00 0.00 1.06 1.17 1.17 1.17 1.17 1.26 1.26 1.26 1.26 1.26 1.26 1.26 1.26 1.27 1.27 1.27 1.27 1.22 1.22 1.22 1.22 1.21 1.21 1.21 1.21 1.24 1.24 1.30 1.30 1.33 1.33 1.33 1.33 1.35 1.35 1.35 1.35 1.37 1.37 1.37 1.37 1.44 1.44 1.44 1.44 1.44 1.44 1.44 1.44 1.40 1.40 1.40 1.40 1.39 1.39 1.39 1.39 1.38 1.38 1.38 1.38 1.36 1.36 1.36 1.36 1.35 1.35 1.35 0.84 0.82 0.82 0.82 0.82 0.86 0.86 0.86 0.86 0.94 0.94 0.94 0.94
