New_Model_Runs/6_FutureClimate_RCP45_out/post_prcessed_with_MFR/Monthly_summaries/interception_monthly_MAY.asc
NCOLS 700
NROWS 400
XLLCENTER 515000.000000
YLLCENTER 8409000.000000
CELLSIZE 50.000000
NODATA_value -999.000000
[rows 228 to 265 of 400, columns 84 to 167 of 700]
1.91 1.91 1.91 1.91 1.89 1.89 1.89 1.89 1.90 1.90 1.90 1.90 2.02 2.02 2.02 2.02 2.20 2.20 2.20 2.20 2.24 2.24 2.24 2.24 2.11 2.11 2.11 2.11 2.09 2.09 2.09 2.09 2.00 2.00 2.00 2.00 1.89 1.89 1.89 1.89 1.84 1.84 1.84 1.84 1.98 1.98 1.98 1.98 2.09 2.09 2.09 2.09 2.14 2.14 2.14 2.14 2.04 2.04 2.04 2.04 2.02 2.02 2.02 2.02 2.07 2.07 2.07 2.07 2.13 2.13 2.13 2.13 2.04 2.04 2.04 2.04 2.02 2.02 2.02 2.02 2.06 2.06 2.06 2.06
1.91 1.91 1.91 1.91 1.89 1.89 1.89 1.89 1.90 1.90 1.90 1.90 2.02 2.02 2.02 2.02 2.20 2.20 2.20 2.20 2.24 2.24 2.24 2.24 2.11 2.11 2.11 2.11 2.09 2.09 2.09 2.09 2.00 2.00 2.00 2.00 1.89 1.89 1.89 1.89 1.84 1.84 1.84 1.84 1.98 1.98 1.98 1.98 2.09 2.09 2.09 2.09 2.14 2.14 2.14 2.14 2.04 2.04 2.04 2.04 2.02 2.02 2.02 2.02 2.07 2.07 2.07 2.07 2.13 2.13 2.13 2.13 2.04 2.04 2.04 2.04 2.02 2.02 2.02 2.02 2.06 2.06 2.06 2.06
1.91 1.91 1.91 1.91 1.89 1.89 1.89 1.89 1.90 1.90 1.90 1.90 2.02 2.02 2.02 2.02 2.20 2.20 2.20 2.20 2.24 2.24 2.24 2.24 2.11 2.11 2.11 2.11 2.09 2.09 2.09 2.09 2.00 2.00 2.00 2.00 1.89 1.89 1.89 1.89 1.84 1.84 1.84 1.84 1.98 1.98 1.98 1.98 2.09 2.09 2.09 2.09 2.14 2.14 2.14 2.14 2.04 2.04 2.04 2.04 2.02 2.02 2.02 2.02 2.07 2.07 2.07 2.07 2.13 2.13 2.13 2.13 2.04 2.04 2.04 2.04 2.02 2.02 2.02 2.02 2.06 2.06 2.06 2.06
1.91 1.91 1.91 1.91 1.89 1.89 1.89 1.89 1.90 1.90 1.90 1.90 2.02 2.02 2.02 2.02 2.20 2.20 2.20 2.20 2.24 2.24 2.24 2.24 2.11 2.11 2.11 2.11 2.09 2.09 2.09 2.09 2.00 2.00 2.00 2.00 1.89 1.89 1.89 1.89 1.84 1.84 1.84 1.84 1.98 1.98 1.98 1.98 2.09 2.09 2.09 2.09 2.14 2.14 2.14 2.14 2.04 2.04 2.04 2.04 2.02 2.02 2.02 2.02 2.07 2.07 2.07 2.07 2.13 2.13 2.13 2.13 2.04 2.04 2.04 2.04 2.02 2.02 2.02 2.02 2.06 2.06 2.06 2.06
2.07 2.07 2.07 2.07 2.09 2.09 2.09 2.09 2.10 2.10 2.10 2.10 2.27 2.27 2.27 2.27 2.36 2.36 2.36 2.36 2.25 2.25 2.25 2.25 2.11 2.11 2.11 2.11 2.06 2.06 2.06 2.06 1.92 1.92 1.92 1.92 1.92 1.92 1.92 1.92 1.99 1.99 1.99 1.99 2.12 2.12 2.12 2.12 2.11 2.11 2.11 2.11 1.99 1.99 1.99 1.99 1.84 1.84 1.84 1.84 1.88 1.88 1.88 1.88 2.01 2.01 2.01 2.01 2.07 2.07 2.07 2.07 1.93 1.93 1.93 1.93 1.87 1.87 1.87 1.87 1.85 1.85 1.85 1.85
2.07 2.07 2.07 2.07 2.09 2.09 2.09 2.09 2.10 2.10 2.10 2.10 2.27 2.27 2.27 2.27 2.36 2.36 2.36 2.36 2.25 2.25 2.25 2.25 2.11 2.11 2.11 2.11 2.06 2.06 2.06 2.06 1.92 1.92 1.92 1.92 1.92 1.92 1.92 1.92 1.99 1.99 1.99 1.99 2.12 2.12 2.12 2.12 2.11 2.11 2.11 2.11 1.99 1.99 1.99 1.99 1.84 1.84 1.84 1.84 1.88 1.88 1.88 1.88 2.01 2.01 2.01 2.01 2.07 2.07 2.07 2.07 1.93 1.93 1.93 1.93 1.87 1.87 1.87 1.87 1.85 1.85 1.85 1.85
2.07 2.07 2.07 2.07 2.09 2.09 2.09 2.09 2.10 2.10 2.10 2.10 2.27 2.27 2.27 2.27 2.36 2.36 2.36 2.36 2.25 2.25 2.25 2.25 2.11 2.11 2.11 2.11 2.06 2.06 2.06 2.06 1.92 1.92 1.92 1.92 1.92 1.92 1.92 1.92 1.99 1.99 1.99 1.99 2.12 2.12 2.12 2.12 2.11 2.11 2.11 2.11 1.99 1.99 1.99 1.99 1.84 1.84 1.84 1.84 1.88 1.88 1.88 1.88 2.01 2.01 2.01 2.01 2.07 2.07 2.07 2.07 1.93 1.93 1.93 1.93 1.87 1.87 1.87 1.87 1.85 1.85 1.85 1.85
2.07 2.07 2.07 2.07 2.09 2.09 2.09 2.09 2.10 2.10 2.10 2.10 2.27 2.27 2.27 2.27 2.36 2.36 2.36 2.36 2.25 2.25 2.25 2.25 2.11 2.11 2.11 2.11 2.06 2.06 2.06 2.06 1.92 1.92 1.92 1.92 1.92 1.92 1.92 1.92 1.99 1.99 1.99 1.99 2.12 2.12 2.12 2.12 2.11 2.11 2.11 2.11 1.99 1.99 1.99 1.99 1.84 1.84 1.84 1.84 1.88 1.88 1.88 1.88 2.01 2.01 2.01 2.01 2.07 2.07 2.07 2.07 1.93 1.93 1.93 1.93 1.87 1.87 1.87 1.87 1.85 1.85 1.85 1.85
2.26 2.26 2.26 2.26 2.26 2.26 2.26 2.26 2.28 2.28 2.28 2.28 2.37 2.37 2.37 2.37 2.20 2.20 2.20 2.20 1.99 1.99 1.99 1.99 1.89 1.89 1.89 1.89 1.85 1.85 1.85 1.85 1.84 1.84 1.84 1.84 1.97 1.97 1.97 1.97 2.00 2.00 2.00 2.00 1.97 1.97 1.97 1.97 1.85 1.85 1.85 1.85 1.73 1.73 1.73 1.73 1.63 1.63 1.63 1.63 1.71 1.71 1.71 1.71 1.94 1.94 1.94 1.94 2.02 2.02 2.02 2.02 1.84 1.84 1.84 1.84 1.79 1.79 1.79 1.79 1.74 1.74 1.74 1.74
2.26 2.26 2.26 2.26 2.26 2.26 2.26 2.26 2.28 2.28 2.28 2.28 2.37 2.37 2.37 2.37 2.20 2.20 2.20 2.20 1.99 1.99 1.99 1.99 1.89 1.89 1.89 1.89 1.85 1.85 1.85 1.85 1.84 1.84 1.84 1.84 1.97 1.97 1.97 1.97 2.00 2.00 2.00 2.00 1.97 1.97 1.97 1.97 1.85 1.85 1.85 1.85 1.73 1.73 1.73 1.73 1.63 1.63 1.63 1.63 1.71 1.71 1.71 1.71 1.94 1.94 1.94 1.94 2.02 2.02 2.02 2.02 1.84 1.84 1.84 1.84 1.79 1.79 1.79 1.79 1.74 1.74 1.74 1.74
2.26 2.26 2.26 2.26 2.26 2.26 2.26 2.26 2.28 2.28 2.28 2.28 2.37 2.37 2.37 2.37 2.20 2.20 2.20 2.20 1.99 1.99 1.99 1.99 1.89 1.89 1.89 1.89 1.85 1.85 1.85 1.85 1.84 1.84 1.84 1.84 1.97 1.97 1.97 1.97 2.00 2.00 2.00 2.00 1.97 1.97 1.97 1.97 1.85 1.85 1.85 1.85 1.73 1.73 1.73 1.73 1.63 1.63 1.63 1.63 1.71 1.71 1.71 1.71 1.94 1.94 1.94 1.94 2.02 2.02 2.02 2.02 1.84 1.84 1.84 1.84 1.79 1.79 1.79 1.79 1.74 1.74 1.74 1.74
2.26 2.26 2.26 2.26 2.26 2.26 2.26 2.26 2.28 2.28 2.28 2.28 2.37 2.37 2.37 2.37 2.20 2.20 2.20 2.20 1.99 1.99 1.99 1.99 1.89 1.89 1.89 1.89 1.85 1.85 1.85 1.85 1.84 1.84 1.84 1.84 1.97 1.97 1.97 1.97 2.00 2.00 2.00 2.00 1.97 1.97 1.97 1.97 1.85 1.85 1.85 1.85 1.73 1.73 1.73 1.73 1.63 1.63 1.63 1.63 1.71 1.71 1.71 1.71 1.94 1.94 1.94 1.94 2.02 2.02 2.02 2.02 1.84 1.84 1.84 1.84 1.79 1.79 1.79 1.79 1.74 1.74 1.74 1.74
2.34 2.34 2.34 2.34 2.26 2.26 2.26 2.26 2.21 2.21 2.21 2.21 2.21 2.21 2.21 2.21 1.92 1.92 1.92 1.92 1.75 1.75 1.75 1.75 1.66 1.66 1.66 1.66 1.70 1.70 1.70 1.70 1.86 1.86 1.86 1.86 1.94 1.94 1.94 1.94 1.92 1.92 1.92 1.92 1.86 1.86 1.86 1.86 1.68 1.68 1.68 1.68 1.56 1.56 1.56 1.56 1.52 1.52 1.52 1.52 1.72 1.72 1.72 1.72 2.01 2.01 2.01 2.01 2.03 2.03 2.03 2.03 1.85 1.85 1.85 1.85 1.78 1.78 1.78 1.78 1.65 1.65 1.65 1.65
2.65 2.65 2.34 2.34 2.26 2.26 2.26 2.26 2.21 2.21 2.21 2.21 2.21 2.21 2.21 2.21 1.92 1.92 1.92 1.92 1.75 1.75 1.75 1.75 1.66 1.66 1.66 1.66 1.70 1.70 1.70 1.70 1.86 1.86 1.86 1.86 1.94 1.94 1.94 1.94 1.92 1.92 1.92 1.92 1.86 1.86 1.86 1.86 1.68 1.68 1.68 1.68 1.56 1.56 1.56 1.56 1.52 1.52 1.52 1.52 1.72 1.72 1.72 1.72 2.01 2.01 2.01 2.01 2.03 2.03 2.03 2.03 1.85 1.85 1.85 1.85 1.78 1.78 1.78 1.78 1.65 1.65 1.65 1.65
2.64 2.64 2.64 2.64 2.57 2.57 2.26 2.26 2.21 2.21 2.21 2.21 2.19 2.19 2.19 2.19 1.91 1.91 1.91 1.91 1.74 1.74 1.74 1.74 1.65 1.65 1.65 1.65 1.69 1.69 1.69 1.69 1.84 1.84 1.84 1.84 1.92 1.92 1.92 1.92 1.90 1.90 1.90 1.90 1.83 1.83 1.83 1.83 1.66 1.66 1.66 1.66 1.54 1.54 1.54 1.54 1.50 1.50 1.50 1.50 1.69 1.69 1.69 1.69 1.96 1.96 1.96 1.96 1.98 1.98 1.98 1.98 1.81 1.81 1.81 1.81 1.74 1.74 1.74 1.74 1.62 1.62 1.62 1.62
2.64 2.64 2.64 2.64 2.57 2.57 2.57 2.57 2.52 2.21 2.21 2.21 2.19 2.19 2.19 2.19 1.91 1.91 1.91 1.91 1.74 1.74 1.74 1.74 1.65 1.65 1.65 1.65 1.69 1.69 1.69 1.69 1.84 1.84 1.84 1.84 1.92 1.92 1.92 1.92 1.90 1.90 1.90 1.90 1.83 1.83 1.83 1.83 1.66 1.66 1.66 1.66 1.54 1.54 1.54 1.54 1.50 1.50 1.50 1.50 1.69 1.69 1.69 1.69 1.96 1.96 1.96 1.96 1.98 1.98 1.98 1.98 1.81 1.81 1.81 1.81 1.74 1.74 1.74 1.74 1.62 1.62 1.62 1.62
2.61 2.61 2.61 2.61 2.50 2.50 2.50 2.50 2.48 2.48 2.48 2.48 2.08 2.08 2.08 2.08 1.81 1.81 1.81 1.81 1.60 1.60 1.60 1.60 1.52 1.52 1.52 1.52 1.67 1.67 1.67 1.67 1.91 1.91 1.91 1.91 1.91 1.91 1.91 1.91 1.88 1.88 1.88 1.88 1.86 1.86 1.86 1.86 1.62 1.62 1.62 1.62 1.47 1.47 1.47 1.47 1.54 1.54 1.54 1.54 1.85 1.85 1.85 1.85 2.03 2.03 2.03 2.03 2.01 2.01 2.01 2.01 1.92 1.92 1.92 1.92 1.79 1.79 1.79 1.79 1.55 1.55 1.55 1.55
2.61 2.61 2.61 2.61 2.50 2.50 2.50 2.50 2.48 2.48 2.48 2.48 2.39 2.39 2.39 2.08 1.81 1.81 1.81 1.81 1.60 1.60 1.60 1.60 1.52 1.52 1.52 1.28 1.67 1.67 1.67 1.67 1.91 1.91 1.91 1.91 1.91 1.91 1.91 1.91 1.88 1.88 1.88 1.88 1.86 1.86 1.86 1.86 1.62 1.62 1.62 1.62 1.47 1.47 1.47 0.00 1.54 1.54 1.54 1.54 1.85 1.85 1.85 1.85 2.03 2.03 2.03 2.03 2.01 2.01 2.01 2.01 1.92 1.92 1.92 1.92 1.79 1.79 1.79 1.79 1.55 1.55 1.55 1.55
2.61 2.61 2.61 2.61 2.50 2.50 2.50 2.50 2.48 2.48 2.48 2.48 2.39 2.39 2.39 2.39 2.13 2.13 2.13 1.81 1.60 1.60 1.60 1.60 1.52 1.52 1.52 1.28 0.00 0.00 1.67 1.67 1.91 1.91 1.91 1.91 1.91 1.91 1.91 1.91 1.88 1.88 1.88 1.88 1.86 1.86 1.86 1.86 1.62 1.62 1.62 1.62 1.47 1.47 1.47 1.47 1.54 1.54 1.54 1.54 1.85 1.85 1.85 1.85 2.03 2.03 2.03 2.03 2.01 2.01 2.01 2.01 1.92 1.92 1.92 1.92 1.79 1.79 1.79 1.79 1.55 1.55 1.55 1.55
2.61 2.61 2.61 2.61 2.50 2.50 2.50 2.50 2.48 2.48 2.48 2.48 2.39 2.39 2.39 2.39 2.13 2.13 2.13 2.13 1.92 1.92 1.60 1.60 1.52 1.52 1.52 0.00 0.00 0.00 0.00 1.67 1.91 1.91 1.91 1.91 1.91 1.91 1.91 1.91 1.88 1.88 1.88 1.88 1.86 1.86 1.86 1.86 1.62 1.62 1.62 1.62 1.47 1.47 1.47 1.47 1.54 1.54 1.54 1.54 1.85 1.85 1.85 1.85 2.03 2.03 2.03 2.03 2.01 2.01 2.01 2.01 1.92 1.92 1.92 1.92 1.79 1.79 1.79 1.79 1.55 1.55 1.55 1.55
2.59 2.59 2.59 2.59 2.48 2.48 2.48 2.48 2.46 2.46 2.46 2.46 2.39 2.39 2.39 2.39 2.08 2.08 2.08 2.08 1.84 1.84 1.84 1.84 1.83 1.51 1.28 0.00 0.00 0.00 1.74 1.74 1.95 1.95 1.95 1.95 1.91 1.91 1.91 1.91 1.86 1.86 1.86 1.86 1.93 1.93 1.93 1.93 1.71 1.71 1.71 1.71 1.50 1.50 1.50 1.50 1.64 1.64 1.64 1.64 1.94 1.94 1.94 1.94 2.02 2.02 2.02 2.02 2.03 2.03 2.03 2.03 2.02 2.02 2.02 2.02 1.83 1.83 1.83 1.83 1.59 1.59 1.59 1.59
2.59 2.59 2.59 2.59 2.48 2.48 2.48 2.48 2.46 2.46 2.46 2.46 2.39 2.39 2.39 2.39 2.08 2.08 2.08 2.08 1.84 1.84 1.84 1.84 1.83 1.83 1.83 1.54 0.00 0.00 1.74 1.74 1.95 1.95 1.95 1.95 1.91 1.91 1.91 1.91 1.86 1.86 1.86 1.86 1.93 1.93 1.93 1.93 1.71 1.71 1.71 1.71 1.50 1.50 0.00 0.00 1.64 1.64 1.64 1.64 1.94 1.94 1.94 1.94 2.02 2.02 2.02 2.02 2.03 2.03 2.03 2.03 2.02 2.02 2.02 2.02 1.83 1.83 1.83 1.83 1.59 1.59 1.59 1.59
2.59 2.59 2.59 2.59 2.48 2.48 2.48 2.48 2.46 2.46 2.46 2.46 2.39 2.39 2.39 2.39 2.08 2.08 2.08 2.08 1.84 0.00 1.84 1.84 0.00 1.83 1.83 1.83 2.06 1.66 2.06 2.06 1.95 1.95 1.95 1.95 1.91 1.91 1.91 1.91 1.86 1.86 1.86 1.86 1.93 1.93 1.93 1.93 1.71 1.71 1.71 1.71 1.50 1.50 0.00 0.00 1.64 1.64 1.64 1.64 1.94 1.94 1.94 1.94 2.02 2.02 2.02 2.02 2.03 2.03 2.03 2.03 2.02 2.02 2.02 2.02 1.83 1.83 1.83 1.83 1.59 1.59 1.59 1.59
2.59 2.59 2.59 2.59 2.48 2.48 2.48 2.48 2.46 2.46 2.46 2.46 2.39 2.39 2.39 2.39 2.08 2.08 2.08 2.08 0.00 0.00 0.00 0.00 0.00 1.83 1.83 1.83 2.06 2.06 0.00 2.06 2.27 2.27 2.27 1.95 1.91 1.91 1.91 1.91 1.86 1.86 1.86 1.86 1.93 1.93 1.93 1.93 1.71 1.71 1.71 1.71 1.50 1.50 1.50 0.00 1.64 1.64 1.64 1.64 1.94 1.94 1.94 1.94 2.02 1.55 1.55 2.02 2.03 2.03 2.03 2.03 2.02 2.02 2.02 2.02 1.83 1.83 1.83 1.83 1.59 1.59 1.59 1.59
2.55 2.55 2.55 2.55 2.47 2.47 2.47 2.47 2.47 2.47 2.47 2.47 2.37 2.37 2.37 2.37 2.10 2.10 2.10 2.10 0.00 0.00 0.00 0.00 0.00 1.85 1.85 1.85 0.00 2.05 0.00 2.05 2.24 2.24 2.24 2.24 2.23 2.23 1.91 1.91 1.85 1.85 1.85 1.85 1.98 1.98 1.98 1.98 1.86 1.86 1.86 1.86 0.00 0.00 1.61 1.61 1.73 1.73 1.73 1.73 1.94 1.94 1.94 1.94 1.96 0.00 0.00 1.96 2.08 2.08 2.08 2.08 2.11 2.11 2.11 2.11 1.83 1.83 1.83 1.83 1.58 1.58 1.58 1.58
2.55 2.55 2.55 2.55 2.47 2.47 2.47 2.47 2.47 2.47 2.47 2.47 2.37 2.37 2.37 2.37 2.10 2.10 2.10 2.10 0.00 0.00 0.00 0.00 0.00 0.00 0.00 0.00 0.00 2.05 0.00 2.05 2.24 2.24 2.24 2.24 2.23 2.23 2.23 2.23 2.17 2.17 1.85 1.85 1.98 1.98 1.98 1.98 1.86 1.86 1.86 1.86 1.61 0.00 0.00 0.00 1.73 1.73 1.73 1.73 1.94 1.50 1.94 1.94 1.96 1.96 1.96 1.96 2.08 2.08 2.08 2.08 2.11 2.11 2.11 2.11 1.83 1.83 1.83 1.83 1.58 1.58 1.58 1.58
2.55 2.55 0.00 0.00 2.47 2.47 2.47 2.47 2.47 2.47 2.47 2.47 2.37 0.00 0.00 0.00 0.00 0.00 0.00 2.10 0.00 0.00 0.00 0.00 0.00 0.00 0.00 0.00 0.00 0.00 2.05 2.05 2.24 2.24 2.24 2.24 2.23 0.00 0.00 2.23 2.17 2.17 2.17 2.17 2.31 1.98 1.98 1.98 1.86 1.86 1.86 1.86 1.61 0.00 0.00 0.00 1.73 1.73 1.73 1.40 1.50 1.50 1.50 1.50 1.96 1.96 1.96 1.96 2.08 2.08 2.08 2.08 2.11 2.11 2.11 2.11 1.83 1.83 1.83 1.83 1.58 1.58 1.58 1.58
1.89 0.00 0.00 0.00 2.47 2.47 2.47 2.47 2.47 2.47 2.47 2.47 2.37 2.37 2.37 0.00 0.00 0.00 2.10 0.00 0.00 0.00 0.00 0.00 0.00 0.00 0.00 0.00 0.00 0.00 0.00 2.05 2.24 2.24 2.24 2.24 2.23 0.00 0.00 2.23 2.17 2.17 2.17 0.00 2.31 2.31 2.31 2.31 1.86 1.86 1.86 1.86 1.61 1.61 0.00 0.00 1.73 1.73 1.73 1.73 1.50 1.50 0.00 1.50 1.96 1.96 1.96 1.96 2.08 2.08 2.08 2.08 2.11 2.11 2.11 2.11 1.83 1.83 1.83 1.83 1.58 1.58 1.58 1.58
2.50 0.00 0.00 0.00 2.48 2.48 2.48 2.48 2.48 2.48 2.48 2.48 2.33 2.33 2.33 2.33 0.00 2.10 0.00 0.00 0.00 0.00 0.00 0.00 0.00 0.00 0.00 0.00 0.00 0.00 0.00 2.13 2.19 2.19 2.19 2.19 2.27 0.00 0.00 2.27 2.22 2.22 2.22 2.22 2.34 2.34 2.34 2.34 2.30 2.30 2.30 1.98 1.76 1.76 0.00 0.00 0.00 1.73 1.73 1.73 1.89 1.48 1.89 1.89 1.96 1.96 1.96 1.96 2.15 2.15 2.15 2.15 2.15 2.15 2.15 2.15 1.85 1.85 1.85 1.85 1.53 1.53 1.53 1.53
0.00 0.00 0.00 0.00 2.48 2.48 2.48 0.00 2.48 2.48 2.48 2.48 2.33 2.33 2.33 2.33 2.10 2.10 2.10 2.10 0.00 0.00 0.00 0.00 0.00 0.00 0.00 0.00 0.00 0.00 0.00 2.13 2.19 2.19 2.19 2.19 2.27 2.27 0.00 2.27 2.22 2.22 2.22 0.00 0.00 2.34 2.34 2.34 2.30 2.30 2.30 2.30 2.08 2.08 2.08 0.00 0.00 0.00 1.73 1.73 1.48 0.00 1.89 1.89 1.96 1.96 1.96 1.52 2.15 2.15 2.15 2.15 2.15 2.15 2.15 2.15 1.85 1.85 1.85 1.85 1.53 1.53 1.53 0.00
0.00 0.00 0.00 0.00 0.00 2.44 2.44 2.44 2.45 2.45 2.45 2.45 2.29 2.29 2.29 2.29 2.07 2.07 0.00 0.00 0.00 0.00 0.00 0.00 0.00 0.00 0.00 0.00 0.00 0.00 0.00 0.00 0.00 0.00 2.15 2.15 2.22 2.22 2.22 2.22 2.18 2.18 2.18 0.00 0.00 2.27 2.27 2.27 2.24 2.24 2.24 2.24 2.03 2.03 2.03 0.00 0.00 0.00 1.69 1.69 1.82 1.82 1.82 1.82 1.89 1.89 1.89 1.89 2.05 2.05 2.05 2.05 2.06 2.06 2.06 2.06 1.77 1.77 1.77 1.77 1.48 1.48 0.00 0.00
0.00 0.00 0.00 0.00 0.00 2.44 2.44 2.44 2.45 2.45 2.45 2.45 2.29 2.29 0.00 0.00 0.00 2.07 0.00 0.00 0.00 0.00 0.00 0.00 0.00 0.00 0.00 0.00 0.00 0.00 0.00 0.00 0.00 0.00 2.15 2.15 2.22 2.22 0.00 2.22 2.18 2.18 2.18 0.00 2.27 2.27 2.27 2.27 2.24 2.24 2.24 2.24 2.03 2.03 2.03 0.00 1.63 0.00 0.00 2.01 2.14 1.82 1.82 1.82 1.89 1.89 1.89 1.89 2.05 2.05 2.05 2.05 2.06 2.06 2.06 0.00 1.77 1.77 1.77 1.77 1.48 1.48 1.48 1.48
0.00 0.00 0.00 0.00 0.00 2.52 2.52 2.52 2.49 2.49 2.49 2.49 2.27 2.27 0.00 0.00 0.00 0.00 0.00 0.00 0.00 0.00 0.00 0.00 0.00 0.00 0.00 0.00 0.00 0.00 0.00 0.00 0.00 0.00 0.00 2.20 2.30 2.30 2.30 0.00 2.26 2.26 2.26 2.26 2.30 2.30 2.30 2.30 2.29 2.29 2.29 2.29 2.12 2.12 2.12 0.00 0.00 0.00 0.00 2.06 2.19 2.19 1.73 2.19 1.97 1.97 1.97 1.97 2.07 2.07 2.07 2.07 2.04 2.04 2.04 2.04 1.89 1.89 1.89 1.89 1.58 1.58 1.58 1.58
2.52 0.00 0.00 0.00 2.52 2.52 2.52 2.52 2.49 2.49 2.49 2.49 2.27 2.27 0.00 0.00 0.00 0.00 0.00 0.00 0.00 0.00 0.00 0.00 0.00 0.00 0.00 0.00 0.00 0.00 0.00 0.00 0.00 0.00 0.00 2.20 2.30 2.30 2.30 2.30 2.26 2.26 2.26 2.26 0.00 0.00 0.00 2.30 2.29 2.29 2.29 2.29 2.12 2.12 2.12 2.12 0.00 0.00 2.06 2.06 2.19 0.00 1.73 2.19 1.78 2.29 2.29 2.29 2.07 2.07 2.07 2.07 2.04 2.04 2.04 2.04 1.48 1.89 1.89 1.89 1.58 1.58 1.58 0.00
2.52 2.52 2.52 2.52 2.52 2.52 2.52 2.52 2.49 2.49 0.00 2.49 2.27 0.00 0.00 0.00 0.00 0.00 0.00 0.00 0.00 0.00 0.00 0.00 0.00 0.00 0.00 0.00 0.00 0.00 0.00 0.00 0.00 0.00 0.00 0.00 2.30 2.30 2.30 0.00 2.26 2.26 0.00 2.26 2.30 0.00 0.00 2.30 2.29 2.29 2.29 1.77 1.68 2.12 2.12 0.00 0.00 0.00 2.06 2.06 2.19 0.00 1.73 1.73 1.78 2.29 2.29 2.29 2.39 2.39 2.39 2.07 2.04 2.04 2.04 2.04 1.89 1.89 1.89 1.89 1.58 1.58 1.58 0.00
2.52 2.52 2.52 0.00 0.00 0.00 2.52 2.52 0.00 2.49 2.49 2.49 0.00 0.00 0.00 0.00 0.00 0.00 0.00 0.00 0.00 0.00 0.00 0.00 0.00 0.00 0.00 0.00 0.00 0.00 0.00 0.00 0.00 0.00 0.00 0.00 2.30 0.00 0.00 2.30 2.26 0.00 0.00 0.00 0.00 0.00 0.00 2.30 2.29 2.29 2.29 1.77 1.68 2.12 0.00 0.00 0.00 2.06 2.06 2.06 2.19 1.73 1.73 1.73 1.78 2.29 2.29 2.29 1.83 2.39 2.39 2.39 2.36 2.36 2.04 2.04 1.89 1.89 1.89 1.89 1.58 1.58 1.58 0.00
2.51 2.51 2.51 1.87 0.00 0.00 2.54 2.54 2.54 0.00 0.00 0.00 0.00 0.00 0.00 0.00 0.00 0.00 0.00 0.00 0.00 0.00 0.00 0.00 0.00 0.00 0.00 0.00 0.00 0.00 0.00 0.00 0.00 0.00 0.00 2.34 0.00 0.00 2.40 2.40 2.30 0.00 0.00 0.00 0.00 0.00 2.32 2.32 2.31 2.31 2.31 0.00 0.00 2.15 1.70 0.00 0.00 0.00 2.15 2.15 2.29 2.29 1.78 0.00 1.79 0.00 2.31 2.31 2.33 2.33 2.33 2.33 2.35 2.35 2.35 2.35 2.31 2.31 1.99 1.99 1.75 1.75 1.75 0.00
2.51 2.51 2.51 2.51 0.00 0.00 2.54 2.54 2.54 2.54 0.00 0.00 0.00 0.00 0.00 0.00 0.00 0.00 0.00 0.00 0.00 0.00 0.00 0.00 0.00 0.00 0.00 0.00 0.00 0.00 0.00 0.00 0.00 2.34 2.34 0.00 0.00 2.40 2.40 2.40 2.30 2.30 0.00 0.00 2.32 2.32 2.32 2.32 2.31 2.31 2.31 0.00 0.00 2.15 2.15 0.00 0.00 0.00 2.15 2.15 2.29 2.29 0.00 0.00 0.00 0.00 2.31 2.31 2.33 2.33 2.33 2.33 2.35 2.35 2.35 2.35 2.31 2.31 2.31 2.31 2.07 1.75 1.75 1.75
