New_Model_Runs/6_FutureClimate_RCP45_out/post_prcessed_with_MFR/Monthly_summaries/interception_monthly_FEB.asc
NCOLS 700
NROWS 400
XLLCENTER 515000.000000
YLLCENTER 8409000.000000
CELLSIZE 50.000000
NODATA_value -999.000000
[rows 76 to 113 of 400, columns 336 to 419 of 700]
0.00 0.00 0.00 0.00 0.00 0.00 0.00 0.00 0.00 0.00 0.00 0.00 0.00 0.00 0.00 0.00 0.00 0.00 0.00 0.00 0.00 0.00 0.00 0.00 0.00 0.00 0.00 0.00 0.00 0.00 0.00 0.00 0.00 0.00 0.00 0.00 0.00 0.00 0.00 0.00 0.00 0.00 0.00 0.00 0.00 0.00 0.00 0.00 0.00 0.00 0.00 0.00 0.00 0.00 0.00 0.00 0.00 1.51 1.51 1.51 1.50 1.50 1.50 1.50 1.40 1.40 1.40 1.40 1.35 0.00 0.00 0.00 0.00 0.00 0.00 0.00 0.00 0.00 0.00 0.00 0.00 0.00 0.00 0.00
0.00 0.00 0.00 0.00 0.00 0.00 0.00 0.00 0.00 0.00 0.00 0.00 0.00 0.00 0.00 0.00 0.00 0.00 0.00 0.00 0.00 0.00 0.00 0.00 0.00 0.00 0.00 0.00 0.00 0.00 0.00 0.00 0.00 0.00 0.00 0.00 0.00 0.00 0.00 0.00 0.00 0.00 0.00 0.00 0.00 0.00 0.00 0.00 0.00 1.38 1.38 0.00 0.00 0.00 1.43 1.43 1.51 1.51 1.51 1.51 1.50 1.50 1.50 1.50 1.40 1.40 0.00 0.00 0.00 0.00 0.00 0.00 0.00 0.00 0.00 0.00 0.00 0.00 0.00 0.00 0.00 0.00 0.00 0.00
0.00 0.00 0.00 0.00 0.00 0.00 0.00 0.00 0.00 0.00 0.00 0.00 0.00 0.00 0.00 0.00 0.00 0.00 0.00 0.00 0.00 0.00 0.00 0.00 0.00 0.00 0.00 0.00 0.00 0.00 0.00 0.00 0.00 0.00 0.00 0.00 0.00 0.00 0.00 0.00 0.00 0.00 0.00 0.00 0.00 0.00 0.00 0.00 1.38 1.38 1.38 1.38 1.43 1.43 1.43 1.43 1.51 1.51 1.51 1.51 1.50 0.00 0.00 1.50 1.40 1.40 1.40 1.40 0.00 0.00 0.00 0.00 0.00 0.00 0.00 0.00 0.00 0.00 0.00 0.00 0.00 0.00 0.00 0.00
0.00 0.00 0.00 0.00 0.00 0.00 0.00 0.00 0.00 0.00 0.00 0.00 0.00 0.00 0.00 0.00 0.00 0.00 0.00 0.00 0.00 0.00 0.00 0.00 0.00 0.00 0.00 0.00 0.00 0.00 0.00 0.00 0.00 0.00 0.00 0.00 0.00 0.00 0.00 0.00 0.00 0.00 0.00 0.00 0.00 0.00 0.00 0.00 1.38 1.38 1.38 1.38 1.43 1.43 1.43 1.43 1.51 0.00 1.51 1.51 0.00 0.00 1.50 0.00 1.40 0.00 0.00 0.00 0.00 0.00 0.00 0.00 0.00 0.00 0.00 0.00 0.00 0.00 0.00 0.00 0.00 0.00 0.00 0.00
0.00 0.00 0.00 0.00 0.00 0.00 0.00 0.00 0.00 0.00 0.00 0.00 0.00 0.00 0.00 0.00 0.00 0.00 0.00 0.00 0.00 0.00 0.00 0.00 0.00 0.00 0.00 0.00 0.00 0.00 0.00 0.00 0.00 0.00 0.00 0.00 0.00 0.00 0.00 0.00 0.00 0.00 0.00 0.00 0.00 0.00 0.00 1.32 1.40 1.40 1.40 1.40 1.51 1.51 1.51 1.51 1.47 1.47 1.47 1.47 1.36 0.00 1.36 0.00 1.30 0.00 0.00 0.00 0.00 0.00 0.00 0.00 0.00 0.00 0.00 0.00 0.00 0.00 0.00 0.00 0.00 0.00 0.00 0.00
0.00 0.00 0.00 0.00 0.00 0.00 0.00 0.00 0.00 0.00 0.00 0.00 0.00 0.00 0.00 0.00 0.00 0.00 0.00 0.00 0.00 0.00 0.00 0.00 0.00 0.00 0.00 0.00 0.00 0.00 0.00 0.00 0.00 0.00 0.00 0.00 0.00 0.00 0.00 0.00 0.00 0.00 0.00 0.00 0.00 0.00 0.00 1.32 1.40 1.40 1.40 1.40 1.51 1.51 1.51 1.51 1.47 0.00 1.47 1.47 1.36 1.36 1.36 0.00 0.00 0.00 0.00 0.00 0.00 0.00 0.00 0.00 0.00 0.00 0.00 0.00 0.00 0.00 0.00 0.00 0.00 0.00 0.00 0.00
0.00 0.00 0.00 0.00 0.00 0.00 0.00 0.00 0.00 0.00 0.00 0.00 0.00 0.00 0.00 0.00 0.00 0.00 0.00 0.00 0.00 0.00 0.00 0.00 0.00 0.00 0.00 0.00 0.00 0.00 0.00 0.00 0.00 0.00 0.00 0.00 0.00 1.13 1.13 1.13 1.12 0.00 0.00 0.00 0.00 0.00 0.00 1.37 1.47 1.47 1.47 1.47 1.60 1.60 1.60 1.60 0.00 0.00 1.55 1.55 1.41 1.41 0.00 1.41 0.00 0.00 0.00 0.00 0.00 0.00 0.00 0.00 0.00 0.00 0.00 0.00 0.00 0.00 0.00 0.00 0.00 0.00 0.00 1.46
0.00 0.00 0.00 0.00 0.00 0.00 0.00 0.00 0.00 0.00 0.00 0.00 0.00 0.00 0.00 0.00 0.00 0.00 0.00 0.00 0.00 0.00 0.00 0.00 0.00 0.00 0.00 0.00 0.00 0.00 0.00 0.00 0.00 0.00 0.00 0.00 1.13 1.13 1.13 1.13 1.12 1.12 1.12 0.00 0.00 1.37 1.37 1.37 1.47 1.47 1.47 1.47 1.60 1.60 1.60 1.60 1.55 1.55 1.55 1.55 1.41 0.00 0.00 0.00 0.00 0.00 0.00 0.00 0.00 0.00 0.00 0.00 0.00 0.00 0.00 0.00 0.00 0.00 0.00 0.00 1.46 1.46 1.46 1.46
0.00 0.00 0.00 0.00 0.00 0.00 0.00 0.00 0.00 0.00 0.00 0.00 0.00 0.00 0.00 0.00 0.00 0.00 0.00 0.00 0.00 0.00 0.00 0.00 0.00 0.00 0.00 0.00 0.00 0.00 0.00 0.00 0.00 0.00 0.00 1.11 1.15 1.15 1.15 1.15 1.14 1.14 1.14 1.14 1.18 1.46 1.46 1.46 1.57 1.57 1.57 1.57 1.55 1.55 1.55 1.55 1.38 1.38 1.38 1.38 1.32 0.00 0.00 0.00 0.00 0.00 0.00 0.00 0.00 0.00 0.00 0.00 0.00 0.00 0.00 0.00 0.00 0.00 0.00 1.36 1.45 1.45 1.45 1.45
0.00 0.00 0.00 0.00 0.00 0.00 0.00 0.00 0.00 0.00 0.00 0.00 0.00 0.00 0.00 0.00 0.00 0.00 0.00 0.00 0.00 0.00 0.00 0.00 0.00 0.00 0.00 0.00 0.00 0.00 0.00 0.00 0.00 1.11 1.11 1.11 1.15 1.15 1.15 1.15 1.14 1.14 1.14 1.14 1.18 1.18 1.46 1.46 1.57 1.57 1.57 1.57 1.55 1.55 1.55 1.55 1.38 1.38 1.38 0.00 0.00 0.00 0.00 0.00 0.00 0.00 0.00 0.00 0.00 0.00 0.00 0.00 0.00 0.00 0.00 0.00 0.00 0.00 0.00 1.36 1.45 0.00 1.45 1.45
0.00 0.00 0.00 0.00 0.00 0.00 0.00 0.00 0.00 0.00 0.00 0.00 0.00 0.00 0.00 0.00 0.00 0.00 0.00 0.00 0.00 0.00 0.00 0.00 0.00 0.00 0.00 0.00 0.00 0.00 0.00 0.00 0.00 1.11 1.11 1.11 1.15 1.15 1.15 1.15 1.14 1.14 1.14 1.14 1.18 1.18 1.18 1.46 1.57 1.57 1.57 1.57 1.55 1.55 1.55 1.55 1.38 1.38 0.00 0.00 0.00 0.00 0.00 0.00 0.00 0.00 0.00 0.00 0.00 0.00 0.00 0.00 0.00 0.00 0.00 0.00 0.00 0.00 1.36 1.36 1.45 1.45 1.45 1.45
0.00 0.00 0.00 0.00 0.00 0.00 0.00 0.00 0.00 0.00 0.00 0.00 0.00 0.00 0.00 0.00 0.00 0.00 0.00 0.00 0.00 0.00 0.00 0.00 0.00 0.00 0.00 0.00 0.00 0.00 0.00 0.00 0.00 1.11 1.11 1.11 1.15 1.15 1.15 1.15 1.14 1.14 1.14 1.14 1.18 1.18 1.18 1.18 1.57 1.57 1.57 0.00 1.55 1.55 1.55 1.55 1.38 1.15 0.00 0.00 0.00 0.00 0.00 0.00 0.00 0.00 0.00 0.00 0.00 0.00 0.00 0.00 0.00 0.00 0.00 0.00 0.00 0.00 1.36 1.36 1.45 1.45 1.45 1.45
0.00 0.00 0.00 0.00 0.00 0.00 0.00 0.00 0.00 0.00 0.00 0.00 0.00 0.00 0.00 0.00 0.00 0.00 0.00 0.00 0.00 0.00 0.00 0.00 0.00 0.00 0.00 0.00 0.00 0.00 0.00 0.00 0.00 0.00 1.04 1.04 1.12 1.12 1.12 1.12 1.17 1.17 1.17 1.17 1.23 1.23 1.23 0.00 0.00 0.00 0.00 1.50 1.40 1.40 1.40 1.40 1.31 1.31 1.11 0.00 0.00 0.00 0.00 0.00 0.00 0.00 0.00 0.00 0.00 0.00 0.00 0.00 0.00 0.00 0.00 0.00 0.00 1.35 1.35 1.35 1.44 1.44 1.44 1.44
0.00 0.00 0.00 0.00 0.00 0.00 0.00 0.00 0.00 0.00 0.00 0.00 0.00 0.00 0.00 0.00 0.00 0.00 0.00 0.00 0.00 0.00 0.00 0.00 0.00 0.00 0.00 0.00 0.00 0.00 0.00 0.00 0.00 0.00 0.00 1.04 1.12 1.12 1.12 1.12 1.17 1.17 1.17 1.17 1.23 1.23 0.00 0.00 0.00 0.96 1.50 1.50 1.40 1.40 1.40 1.40 1.31 1.31 0.00 0.00 0.00 0.00 0.00 0.00 0.00 0.00 0.00 0.00 0.00 0.00 0.00 0.00 0.00 0.00 0.00 1.30 1.35 1.35 1.35 1.35 1.44 1.44 1.44 1.44
0.00 0.00 0.00 0.00 0.00 0.00 0.00 0.00 0.00 0.00 0.00 0.00 0.00 0.00 0.00 0.00 0.00 0.00 0.00 0.00 0.00 0.00 0.00 0.00 0.00 0.00 0.00 0.00 0.00 0.00 0.00 0.00 0.00 0.00 0.00 1.04 1.12 1.12 1.12 1.12 1.17 1.17 1.17 1.17 1.23 1.23 0.00 0.00 1.22 0.96 1.22 1.50 1.40 1.40 1.40 1.40 1.31 1.31 0.00 0.00 0.00 0.00 0.00 0.00 0.00 0.00 0.00 0.00 0.00 0.00 0.00 0.00 0.00 0.00 0.00 1.30 1.35 1.35 1.35 1.35 1.44 1.44 1.44 1.44
0.00 0.00 0.00 0.00 0.00 0.00 0.00 0.00 0.00 0.00 0.00 0.00 0.00 0.00 0.00 0.00 0.00 0.00 0.00 0.00 0.00 0.00 0.00 1.08 1.09 1.09 0.00 0.00 0.00 0.00 0.00 0.00 0.00 0.00 0.00 0.00 1.12 1.12 1.12 1.12 1.17 1.17 1.17 1.17 1.23 1.23 1.23 1.23 1.22 1.22 1.22 1.22 1.40 1.40 1.40 1.40 1.31 1.31 0.00 0.00 0.00 0.00 0.00 0.00 0.00 0.00 0.00 0.00 1.31 1.31 0.00 0.00 0.00 0.00 0.00 1.30 1.35 1.35 1.35 1.35 1.44 1.44 1.44 1.44
0.00 0.00 0.00 0.00 0.00 0.00 0.00 0.00 0.00 0.00 0.00 0.00 0.00 0.00 0.00 0.00 0.00 0.00 0.00 0.00 0.00 0.00 0.00 1.07 1.08 1.08 1.08 0.00 0.00 0.00 0.00 0.00 0.00 0.00 0.00 0.00 1.09 1.09 1.09 1.09 1.19 1.19 1.19 1.19 1.20 1.20 1.20 1.20 1.14 1.14 1.14 1.14 1.09 1.38 1.38 1.38 1.31 1.31 1.31 0.00 0.00 0.00 0.00 0.00 0.00 0.00 0.00 0.00 0.00 1.29 0.00 0.00 0.00 0.00 1.28 0.00 0.00 1.30 1.11 1.30 1.40 1.40 1.40 1.40
0.00 0.00 0.00 0.00 0.00 0.00 0.00 0.00 0.00 0.00 0.00 0.00 0.00 0.00 0.00 0.00 0.00 0.00 0.00 0.00 0.00 0.00 0.00 1.07 1.08 1.08 1.08 1.08 0.00 0.00 0.00 0.00 0.00 0.00 0.00 0.00 0.00 1.09 1.09 1.09 1.19 1.19 1.19 1.19 1.20 1.20 1.20 1.20 1.14 1.14 1.14 1.14 1.09 1.09 1.38 1.38 1.31 1.31 0.00 0.00 0.00 0.00 1.10 1.10 0.00 0.00 0.00 0.00 1.29 0.00 0.00 0.00 0.00 0.00 0.00 0.00 1.30 1.11 1.11 1.30 1.40 1.40 1.40 1.40
0.00 0.00 0.00 0.00 0.00 0.00 0.00 0.00 0.00 0.00 0.00 0.00 0.00 0.00 0.00 0.00 0.00 0.00 0.00 0.00 0.00 0.00 1.36 1.07 1.08 1.08 1.08 1.08 1.04 0.00 0.00 0.00 0.00 0.00 0.00 0.00 0.00 1.09 1.09 1.09 1.19 1.19 1.19 1.19 1.20 1.20 1.20 1.20 1.14 1.14 1.14 1.14 1.09 1.09 1.09 1.38 1.31 1.31 1.11 0.00 1.28 1.28 1.10 1.28 0.00 0.00 0.00 0.00 1.29 1.29 1.29 1.29 1.28 0.00 0.00 0.00 1.30 1.30 1.30 1.30 1.40 1.40 1.40 1.40
0.00 0.00 0.00 0.00 0.00 0.00 0.00 0.00 0.00 0.00 0.00 0.00 0.00 0.00 0.00 0.00 0.00 0.00 0.00 0.00 0.00 0.00 1.36 1.07 1.08 1.08 1.08 1.08 1.04 1.04 0.00 0.00 0.00 0.00 0.00 0.00 1.09 1.09 1.09 1.09 1.19 1.19 1.19 1.19 1.20 1.20 1.20 1.20 1.14 1.14 1.14 1.14 1.09 1.09 1.09 1.09 1.31 1.31 1.31 0.00 0.00 1.28 1.28 1.28 0.00 0.00 0.00 0.00 0.00 0.00 1.29 1.29 1.28 1.10 0.00 0.00 1.30 1.30 1.30 1.30 1.40 1.40 1.40 1.40
0.00 0.00 0.00 0.00 0.00 0.00 0.00 0.00 0.00 0.00 0.00 0.00 0.00 0.00 0.00 0.00 1.36 1.36 1.36 1.36 1.38 1.38 1.38 1.38 1.10 1.10 1.10 1.10 1.06 1.06 1.06 0.00 0.00 0.00 0.00 0.00 1.10 1.10 1.10 1.10 1.16 1.16 1.16 1.16 1.16 1.16 1.16 1.16 1.15 1.15 1.15 1.15 1.11 1.11 1.11 1.11 1.02 1.02 1.31 0.00 0.00 1.32 0.00 1.32 0.00 1.32 1.32 1.32 1.28 1.28 0.00 1.28 1.26 1.26 0.00 0.00 0.00 0.00 0.00 1.26 0.00 1.33 1.33 1.33
0.00 0.00 0.00 0.00 0.00 0.00 0.00 0.00 1.39 1.39 0.00 0.00 0.00 1.38 1.38 1.38 1.36 1.36 1.36 1.36 1.38 1.38 1.38 1.38 1.10 1.10 1.10 1.10 1.06 1.06 1.06 1.06 1.04 1.04 1.04 1.04 1.10 1.10 1.10 1.10 1.16 1.16 1.16 1.16 1.16 1.16 1.16 1.16 1.15 1.15 1.15 1.15 1.11 1.11 1.11 1.11 1.02 1.02 1.02 1.31 1.32 1.32 0.00 0.00 1.12 1.12 1.32 1.32 1.28 1.10 0.00 1.28 1.26 0.00 0.00 1.26 1.09 1.26 1.26 1.26 1.13 1.13 1.33 1.33
0.00 0.00 0.00 0.00 0.00 0.00 0.00 1.41 1.43 1.43 1.43 1.43 1.42 1.42 1.42 1.42 1.40 1.40 1.40 1.40 1.41 1.41 1.41 1.41 1.15 1.15 1.15 1.15 1.10 1.10 1.10 1.10 1.07 1.07 1.07 1.07 1.15 1.15 1.15 1.15 1.21 1.21 1.21 1.21 1.21 1.21 1.21 1.21 1.20 1.20 1.20 1.20 1.16 1.16 1.16 1.16 1.06 1.06 0.00 1.06 1.37 1.37 0.00 0.00 1.36 1.36 1.36 1.36 1.32 0.00 0.00 0.00 0.00 0.00 1.29 1.29 1.12 0.00 0.00 1.12 1.16 1.37 1.37 1.37
0.00 0.00 0.00 0.00 0.00 0.00 0.00 0.00 1.43 1.43 1.43 1.43 1.42 1.42 1.42 1.42 1.40 1.40 1.40 1.40 1.41 1.41 1.41 1.41 1.43 1.15 1.15 1.15 1.10 1.10 1.10 1.10 1.07 1.07 1.07 1.07 1.15 1.15 1.15 1.15 1.21 1.21 1.21 1.21 1.21 1.21 1.21 1.21 1.20 1.20 1.20 1.20 1.16 1.16 1.16 1.16 1.06 1.06 0.00 1.06 1.06 1.37 1.37 1.37 1.36 1.36 1.36 1.36 1.32 0.00 0.00 0.00 0.00 1.12 1.29 1.29 1.12 0.00 0.00 1.12 1.16 1.37 1.37 1.37
0.00 0.00 0.00 0.00 0.00 0.00 0.00 0.00 1.44 1.44 1.44 1.44 1.47 1.47 1.47 1.47 1.44 1.44 1.44 1.44 1.43 1.43 1.43 1.43 1.45 1.17 1.17 1.17 1.15 1.15 1.15 1.15 1.15 1.15 1.15 1.15 1.18 1.18 1.18 1.18 1.19 1.19 1.19 1.19 1.20 1.20 1.20 1.20 1.23 1.23 1.23 1.23 1.17 1.17 1.17 1.17 1.09 1.09 1.09 1.09 1.11 1.11 1.41 1.41 1.38 1.38 1.38 1.38 1.32 1.32 0.00 0.00 0.00 1.29 1.29 1.29 1.12 0.00 0.00 0.00 0.00 0.00 1.39 1.39
0.00 0.00 0.00 0.00 0.00 0.00 0.00 0.00 1.44 1.44 1.44 1.44 1.47 1.47 1.47 1.47 1.44 1.44 1.44 1.44 1.43 1.43 1.43 1.43 1.45 1.17 1.17 1.17 1.15 1.15 1.15 1.15 1.15 1.15 1.15 1.15 1.18 1.18 1.18 1.18 1.19 1.19 1.19 1.19 1.20 1.20 1.20 1.20 1.23 1.23 1.23 1.23 1.17 1.17 1.17 1.17 1.09 1.09 1.09 1.09 1.11 1.11 1.11 1.41 1.38 1.38 1.38 1.38 1.32 1.32 0.00 1.32 1.29 1.12 0.00 1.29 1.30 1.12 0.00 1.12 1.39 1.39 0.00 1.39
0.00 0.00 0.00 0.00 0.00 0.00 0.00 0.00 1.44 1.44 1.44 1.44 1.47 1.47 1.47 1.47 1.44 1.44 1.44 1.44 1.43 1.43 1.43 1.43 1.45 1.45 1.17 1.17 1.15 1.15 1.15 1.15 1.15 1.15 1.15 1.15 1.18 1.18 1.18 1.18 1.19 1.19 1.19 1.19 1.20 1.20 1.20 1.20 1.23 1.23 1.23 1.23 1.17 1.17 1.17 1.17 1.09 1.09 1.09 1.09 1.11 1.11 1.11 1.11 1.38 1.38 1.38 1.38 1.32 1.32 1.32 1.32 1.29 1.29 1.29 0.00 1.30 1.30 1.12 1.30 1.39 1.39 1.39 1.39
0.00 0.00 0.00 0.00 0.00 0.00 0.00 1.36 1.44 1.44 1.44 1.44 1.47 1.47 1.47 1.47 1.44 1.44 1.44 1.44 1.43 1.43 1.43 1.43 1.45 1.45 1.17 1.17 1.15 1.15 1.15 1.15 1.15 1.15 1.15 1.15 1.18 1.18 1.18 1.18 1.19 1.19 1.19 1.19 1.20 1.20 1.20 1.20 1.23 1.23 1.23 1.23 1.17 1.17 1.17 1.17 1.09 1.09 1.09 1.09 1.11 1.11 1.11 1.11 1.08 1.38 1.38 1.38 1.32 1.32 1.32 1.32 1.29 0.00 0.00 1.12 1.30 1.30 1.12 0.00 1.39 1.39 1.39 1.39
0.00 0.00 0.00 0.00 0.00 0.00 1.36 1.36 1.46 1.46 1.46 1.46 1.50 1.50 1.50 1.50 1.47 1.47 1.47 1.47 1.45 1.45 1.45 1.45 1.45 1.45 1.18 1.18 1.17 1.17 1.17 1.17 1.18 1.18 1.18 1.18 1.20 1.20 1.20 1.20 1.19 1.19 1.19 1.19 1.22 1.22 1.22 1.22 1.24 1.24 1.24 1.24 1.17 1.17 1.17 1.17 1.14 1.14 1.14 1.14 1.16 1.16 1.16 1.16 1.12 1.12 1.42 1.42 1.36 1.36 1.36 1.36 1.33 1.33 1.14 1.14 1.15 1.36 1.36 1.36 1.47 1.47 1.47 1.47
0.00 0.00 0.00 0.00 0.00 0.00 1.36 1.36 1.46 1.46 1.46 1.46 1.50 1.50 1.50 1.50 1.47 1.47 1.47 1.47 1.45 1.45 1.45 1.45 1.45 1.45 1.45 1.18 1.17 1.17 1.17 1.17 1.18 1.18 1.18 1.18 1.20 1.20 1.20 1.20 1.19 1.19 1.19 1.19 1.22 1.22 1.22 1.22 1.24 1.24 1.24 1.24 1.17 1.17 1.17 1.17 1.14 1.14 1.14 1.14 1.16 1.16 0.95 1.16 1.12 1.12 1.12 1.42 1.36 1.36 1.36 1.36 1.33 1.33 0.00 1.14 1.36 1.36 1.36 1.36 1.47 1.47 1.47 1.47
0.00 0.00 0.00 0.00 0.00 0.00 1.36 1.36 1.46 1.46 1.46 1.46 1.50 1.50 1.50 1.50 1.47 1.47 1.47 1.47 1.45 1.45 1.45 1.45 1.45 1.45 1.45 1.18 1.17 1.17 1.17 1.17 1.18 1.18 1.18 1.18 1.20 1.20 1.20 1.20 1.19 1.19 1.19 1.19 1.22 1.22 1.22 1.22 1.24 1.24 1.24 1.24 1.17 1.17 1.17 1.17 1.14 1.14 1.14 1.14 1.16 1.16 1.16 1.16 1.12 1.12 1.12 1.12 1.36 1.36 1.36 1.36 1.33 1.33 1.33 1.33 1.36 1.36 1.36 1.36 1.47 1.47 1.47 1.47
0.00 0.00 0.00 0.00 0.00 1.36 1.36 1.36 1.46 1.46 1.46 1.46 1.50 1.50 1.50 1.50 1.47 1.47 1.47 1.47 1.45 1.45 1.45 1.45 1.45 1.45 1.45 1.45 1.17 1.17 1.17 1.17 1.18 1.18 1.18 1.18 1.20 1.20 1.20 1.20 1.19 1.19 1.19 1.19 1.22 1.22 1.22 1.22 1.24 1.24 1.24 1.24 1.17 1.17 1.17 1.17 1.14 1.14 1.14 1.14 1.16 1.16 1.16 1.16 1.12 1.12 1.12 1.12 1.06 1.36 1.36 1.36 1.33 1.33 1.33 1.33 1.36 1.36 1.36 1.36 1.47 1.47 1.47 1.47
0.00 0.00 0.00 0.00 0.00 1.37 1.37 1.37 1.48 1.48 1.48 1.48 1.51 1.51 1.51 1.51 1.49 1.49 1.49 1.49 1.46 1.46 1.46 1.46 1.44 1.44 1.44 1.44 1.18 1.18 1.18 1.18 1.20 1.20 1.20 1.20 1.22 1.22 1.22 1.22 1.21 1.21 1.21 1.21 1.26 1.26 1.26 1.26 1.27 1.27 1.27 1.27 1.21 1.21 1.21 1.21 1.21 1.21 1.21 1.21 1.21 1.21 1.21 1.21 1.18 1.18 1.18 1.18 1.16 1.16 1.45 1.45 1.44 1.44 1.44 1.44 1.46 1.46 1.46 1.46 1.55 1.55 1.55 1.55
0.00 0.00 0.00 0.00 0.00 1.27 1.37 1.37 1.48 1.48 1.48 1.48 1.51 1.51 1.51 1.51 1.49 1.49 1.49 1.49 1.46 1.46 1.46 1.46 1.44 1.44 1.44 1.44 1.18 1.18 1.18 1.18 1.20 1.20 1.20 1.20 1.22 1.22 1.22 1.22 1.21 1.21 1.21 1.21 1.26 1.26 1.26 1.26 1.27 1.27 1.27 1.27 1.21 1.21 1.21 1.21 1.21 1.21 1.21 1.21 1.21 1.21 1.21 1.21 1.18 1.18 1.18 1.18 1.16 1.16 1.16 1.45 1.44 1.44 1.44 0.86 0.88 0.88 0.88 0.88 0.98 0.98 0.98 0.98
0.00 0.00 0.00 0.00 1.37 1.37 1.37 1.37 1.48 1.48 1.48 1.48 1.51 1.51 1.51 1.51 1.49 1.49 1.49 1.49 1.46 1.46 1.46 1.46 1.44 1.44 1.44 1.44 1.46 1.18 1.18 1.18 1.20 1.20 1.20 1.20 1.22 1.22 1.22 1.22 1.21 1.21 1.21 1.21 1.26 1.26 1.26 1.26 1.27 1.27 1.27 1.27 1.21 1.21 1.21 1.21 1.21 1.21 1.21 1.21 1.21 1.21 1.21 1.21 1.18 1.18 1.18 1.18 1.16 1.16 1.16 1.16 0.86 0.86 0.86 0.86 0.88 0.88 0.88 0.88 0.98 0.98 0.98 0.98
0.00 0.00 0.00 0.00 1.37 1.37 1.37 1.37 1.48 1.48 1.48 1.48 1.51 1.51 1.51 1.51 1.49 1.49 1.49 1.49 1.46 1.46 1.46 1.46 1.44 1.44 1.44 1.44 1.46 1.18 1.18 1.18 1.20 1.20 1.20 1.20 1.22 1.22 1.22 1.22 1.21 1.21 1.21 1.21 1.26 1.26 1.26 1.26 1.27 1.27 1.27 1.27 1.21 1.21 1.21 1.21 1.21 1.21 1.21 1.21 1.21 1.21 1.21 1.21 1.18 1.18 1.18 1.18 1.16 1.16 1.16 0.87 0.86 0.86 0.86 0.86 0.88 0.88 0.88 0.88 0.98 0.98 0.98 0.98
0.00 0.00 0.00 1.33 1.44 1.44 1.44 1.44 1.52 1.52 1.52 1.52 1.52 1.52 1.52 1.52 1.52 1.52 1.52 1.52 1.48 1.48 1.48 1.48 1.47 1.47 1.47 1.47 1.49 1.21 1.21 1.21 1.24 1.24 1.24 1.24 1.25 1.25 1.25 1.25 1.28 1.28 1.28 1.28 1.34 1.34 1.34 1.34 1.34 1.34 1.34 1.34 1.30 1.30 1.30 1.30 1.29 1.29 1.29 1.29 1.28 1.28 1.28 1.28 1.27 1.27 1.27 1.27 1.25 1.25 1.25 0.97 0.96 0.96 0.96 0.96 0.99 0.99 0.99 0.99 1.08 1.08 1.08 1.08
0.00 0.00 0.00 1.33 1.44 1.44 1.44 1.44 1.52 1.52 1.52 1.52 1.52 1.52 1.52 1.52 1.52 1.52 1.52 1.52 1.48 1.48 1.48 1.48 1.47 1.47 1.47 1.47 1.49 1.49 1.21 1.21 1.24 1.24 1.24 1.24 1.25 1.25 1.25 1.25 1.28 1.28 1.28 1.28 1.34 1.34 1.34 1.34 1.34 1.34 1.34 1.34 1.30 1.30 1.30 1.30 1.29 1.29 1.29 1.29 1.28 1.28 1.28 1.28 1.27 1.27 1.27 1.27 1.25 1.25 1.25 0.97 0.96 0.96 0.96 0.96 0.99 0.99 0.99 0.99 1.08 1.08 1.08 1.08
