New_Model_Runs/6_FutureClimate_RCP45_out/post_prcessed_with_MFR/Monthly_summaries/interception_monthly_MAR.asc
NCOLS 700
NROWS 400
XLLCENTER 515000.000000
YLLCENTER 8409000.000000
CELLSIZE 50.000000
NODATA_value -999.000000
[rows 152 to 189 of 400, columns 252 to 335 of 700]
0.00 0.00 0.00 0.00 0.00 0.00 0.00 0.00 0.00 0.00 0.00 0.00 0.00 0.00 0.00 0.00 0.00 0.00 0.00 0.00 0.00 0.00 0.00 0.00 0.00 0.00 0.00 0.00 0.00 0.00 0.00 0.00 0.00 0.00 0.00 0.00 0.00 0.00 0.00 0.00 0.00 0.00 0.00 0.00 0.00 0.00 0.00 1.37 1.47 1.47 1.47 1.47 1.57 1.57 1.57 1.57 1.63 1.63 1.63 1.63 1.60 1.60 1.60 1.60 1.44 1.44 1.44 1.44 1.26 1.26 1.26 1.26 1.15 1.15 0.00 0.00 0.00 0.00 0.00 0.00 0.00 0.00 0.00 0.00
0.00 0.00 0.00 0.00 0.00 0.00 0.00 0.00 0.00 0.00 0.00 0.00 0.00 0.00 0.00 0.00 0.00 0.00 0.00 0.00 0.00 0.00 0.00 0.00 0.00 0.00 0.00 0.00 0.00 0.00 0.00 0.00 0.00 0.00 0.00 0.00 0.00 0.00 0.00 0.00 0.00 0.00 0.00 0.00 0.00 0.00 1.37 1.37 1.47 1.47 1.47 1.47 1.57 1.57 1.57 1.57 1.63 1.63 1.63 1.63 1.60 1.60 1.60 1.60 1.44 1.44 1.44 1.44 1.26 1.26 1.26 1.26 0.00 0.00 0.00 0.00 0.00 1.13 0.00 0.00 0.00 0.00 0.00 0.00
0.00 0.00 0.00 0.00 0.00 0.00 0.00 0.00 0.00 0.00 0.00 0.00 0.00 0.00 0.00 0.00 0.00 0.00 0.00 0.00 0.00 0.00 0.00 0.00 0.00 0.00 0.00 0.00 0.00 0.00 0.00 0.00 0.00 0.00 0.00 0.00 0.00 0.00 0.00 0.00 0.00 0.00 0.00 0.00 0.00 1.37 1.37 1.37 1.47 1.47 1.47 1.47 1.57 1.57 1.57 1.57 1.63 1.63 1.63 1.63 1.60 1.60 1.60 1.60 1.44 1.44 1.44 1.44 1.26 1.26 1.26 0.00 0.00 0.00 0.00 0.00 0.00 0.00 0.00 0.00 0.00 0.00 0.00 0.00
0.00 0.00 0.00 0.00 0.00 0.00 0.00 0.00 0.00 0.00 0.00 0.00 0.00 0.00 0.00 0.00 0.00 0.00 0.00 0.00 0.00 0.00 0.00 0.00 0.00 0.00 0.00 0.00 0.00 0.00 0.00 0.00 0.00 0.00 0.00 0.00 0.00 0.00 0.00 0.00 0.00 0.00 0.00 0.00 0.00 1.37 1.37 1.37 1.47 1.47 1.47 1.47 1.57 1.57 1.57 1.57 1.63 1.63 1.63 1.63 1.60 1.60 1.60 1.60 1.44 1.44 1.44 1.44 1.26 1.26 1.26 1.26 0.00 0.00 0.00 0.00 0.00 0.00 0.00 0.00 1.15 1.15 0.00 1.05
0.00 0.00 0.00 0.00 0.00 0.00 0.00 0.00 0.00 0.00 0.00 0.00 0.00 0.00 0.00 0.00 0.00 0.00 0.00 0.00 0.00 0.00 0.00 0.00 0.00 0.00 0.00 0.00 0.00 0.00 0.00 0.00 0.00 0.00 0.00 0.00 0.00 0.00 0.00 0.00 0.00 0.00 0.00 0.00 0.00 1.40 1.40 1.40 1.42 1.42 1.42 1.42 1.44 1.44 1.44 1.44 1.46 1.46 1.46 1.46 1.47 1.47 1.47 1.47 1.44 1.44 1.44 1.44 1.27 1.27 1.27 1.27 1.15 1.15 1.15 0.00 0.00 1.16 0.00 0.00 1.20 0.00 0.00 1.20
0.00 0.00 0.00 0.00 0.00 0.00 0.00 0.00 0.00 0.00 0.00 0.00 0.00 0.00 0.00 0.00 0.00 0.00 0.00 0.00 0.00 0.00 0.00 0.00 0.00 0.00 0.00 0.00 0.00 0.00 0.00 0.00 0.00 0.00 0.00 0.00 0.00 0.00 0.00 0.00 0.00 0.00 0.00 0.00 0.00 1.40 1.40 1.40 1.42 1.42 1.42 1.42 1.44 1.44 1.44 1.44 1.46 1.46 1.46 1.46 1.47 1.47 1.47 1.47 1.44 1.44 1.44 1.44 1.27 1.27 1.27 0.00 1.15 1.15 0.00 0.00 0.00 1.16 0.00 1.16 0.00 0.00 1.20 1.20
0.00 0.00 0.00 0.00 0.00 0.00 0.00 0.00 0.00 0.00 0.00 0.00 0.00 0.00 0.00 0.00 0.00 0.00 0.00 0.00 0.00 0.00 0.00 0.00 0.00 0.00 0.00 1.49 0.00 0.00 0.00 0.00 0.00 0.00 0.00 0.00 0.00 0.00 0.00 0.00 0.00 0.00 0.00 0.00 1.40 1.40 1.40 1.40 1.42 1.42 1.42 1.42 1.44 1.44 1.44 1.44 1.46 1.46 1.46 1.46 1.47 1.47 1.47 1.47 1.44 1.44 1.44 1.44 1.27 1.27 1.27 0.00 0.00 0.00 0.00 0.00 0.00 1.16 1.16 1.16 1.20 1.20 1.20 1.20
0.00 0.00 0.00 0.00 0.00 0.00 0.00 0.00 0.00 0.00 0.00 0.00 0.00 0.00 0.00 0.00 0.00 0.00 0.00 0.00 0.00 0.00 0.00 0.00 0.00 0.00 1.49 1.49 0.00 0.00 0.00 0.00 0.00 0.00 0.00 0.00 0.00 0.00 0.00 0.00 0.00 0.00 0.00 0.00 0.00 0.00 1.40 1.40 1.42 1.42 1.42 1.42 1.44 1.44 1.44 1.44 1.46 1.46 1.46 1.46 1.47 1.47 1.47 1.47 1.44 1.44 1.44 1.44 1.27 1.27 1.27 0.00 0.00 0.00 0.00 0.00 0.00 0.00 0.00 1.16 1.20 1.20 1.20 1.20
0.00 0.00 0.00 0.00 0.00 0.00 0.00 0.00 0.00 0.00 0.00 0.00 0.00 0.00 0.00 0.00 0.00 0.00 0.00 0.00 0.00 0.00 0.00 0.00 0.00 1.46 1.46 1.46 1.50 0.00 0.00 0.00 0.00 0.00 0.00 0.00 0.00 0.00 0.00 0.00 0.00 0.00 0.00 0.00 0.00 0.00 0.00 0.00 1.26 1.26 1.26 1.26 1.28 1.28 1.28 1.28 1.30 1.30 1.30 1.30 1.38 1.38 1.38 1.38 1.43 1.43 1.43 1.43 1.32 1.32 0.00 0.00 0.00 0.00 0.00 0.00 0.00 0.00 1.18 1.18 1.24 1.24 1.24 1.24
0.00 0.00 0.00 0.00 0.00 0.00 0.00 0.00 0.00 0.00 0.00 0.00 0.00 0.00 0.00 0.00 0.00 0.00 0.00 0.00 0.00 0.00 0.00 0.00 0.00 1.46 1.46 1.46 1.50 1.50 1.50 0.00 0.00 0.00 0.00 0.00 0.00 0.00 0.00 0.00 0.00 0.00 0.00 0.00 0.00 0.00 0.00 0.00 0.00 0.00 0.00 1.26 1.28 1.28 1.28 1.28 1.30 1.30 1.30 1.30 1.38 1.38 1.38 1.38 1.43 1.43 1.43 1.43 1.32 0.00 0.00 0.00 0.00 0.00 0.00 0.00 0.00 0.00 0.00 1.18 1.24 1.24 1.24 1.24
0.00 0.00 0.00 0.00 0.00 0.00 0.00 0.00 0.00 0.00 0.00 0.00 0.00 0.00 0.00 0.00 0.00 0.00 0.00 0.00 0.00 0.00 0.00 0.00 0.00 1.51 1.51 1.51 1.55 1.55 1.55 0.00 0.00 0.00 0.00 0.00 0.00 0.00 0.00 0.00 0.00 0.00 0.00 0.00 0.00 0.00 0.00 0.00 0.00 0.00 0.00 1.30 1.31 1.31 1.31 1.31 1.34 1.34 1.34 1.34 1.42 1.42 1.42 1.42 1.48 1.48 1.48 1.48 0.00 0.00 0.00 0.00 0.00 0.00 0.00 1.08 0.00 0.00 0.00 1.20 1.27 1.27 1.27 1.27
0.00 0.00 0.00 0.00 0.00 0.00 0.00 0.00 0.00 0.00 0.00 0.00 0.00 0.00 0.00 0.00 0.00 0.00 0.00 0.00 0.00 0.00 0.00 0.00 1.51 1.51 1.51 1.51 1.55 1.55 1.55 1.55 1.53 1.53 1.53 1.53 0.00 0.00 0.00 0.00 0.00 0.00 0.00 0.00 0.00 0.00 0.00 0.00 0.00 0.00 0.00 1.30 1.31 1.31 1.31 1.31 1.34 1.34 1.34 1.34 1.42 1.42 1.42 1.42 1.48 1.48 1.48 1.48 1.35 0.00 0.00 0.00 0.00 0.00 0.00 0.00 0.00 0.00 0.00 1.20 1.27 1.27 1.27 1.27
0.00 0.00 0.00 0.00 0.00 0.00 0.00 0.00 0.00 0.00 0.00 0.00 0.00 0.00 0.00 0.00 0.00 0.00 0.00 0.00 0.00 0.00 1.43 1.43 1.60 1.60 1.60 1.60 1.66 1.66 1.66 1.31 1.54 1.54 1.54 1.54 1.39 0.00 0.00 0.00 0.00 0.00 0.00 0.00 0.00 0.00 0.00 0.00 0.00 0.00 0.00 0.00 0.00 0.00 0.00 0.00 1.20 1.20 1.20 1.20 1.31 1.31 1.31 1.31 1.46 1.46 0.00 1.46 1.43 1.43 0.00 0.00 0.00 0.00 0.00 0.00 0.00 1.22 0.00 1.22 0.00 1.27 1.27 1.27
0.00 0.00 0.00 0.00 0.00 0.00 0.00 0.00 0.00 0.00 0.00 0.00 0.00 0.00 0.00 0.00 0.00 0.00 0.00 0.00 1.43 1.43 1.43 1.43 1.60 1.60 1.60 1.60 1.66 1.66 1.66 1.66 0.00 0.00 0.00 1.54 1.39 1.39 1.39 0.00 0.00 0.00 0.00 0.00 0.00 0.00 0.00 0.00 0.00 0.00 0.00 0.00 0.00 0.00 0.00 0.00 0.00 0.00 1.20 1.20 1.31 1.31 1.31 1.31 1.46 1.46 1.46 1.46 1.43 1.43 1.43 0.00 0.00 0.00 0.00 0.00 0.00 1.22 1.22 1.22 0.00 1.27 1.27 1.27
0.00 0.00 0.00 0.00 0.00 0.00 0.00 0.00 0.00 0.00 0.00 0.00 0.00 0.00 0.00 0.00 0.00 1.34 0.00 0.00 1.43 1.43 1.43 1.43 1.60 1.60 1.60 1.60 1.66 1.66 1.66 1.66 1.54 0.00 1.54 1.54 1.39 1.17 0.00 0.00 1.14 0.00 0.00 0.00 0.00 0.00 0.00 0.00 0.00 0.00 0.00 0.00 0.00 0.00 0.00 0.00 0.00 0.00 1.20 1.20 1.31 1.13 1.31 1.31 1.46 1.46 1.46 1.46 1.43 1.43 1.43 1.43 0.00 0.00 0.00 0.00 1.22 1.22 1.22 1.22 1.27 1.27 1.27 1.27
0.00 0.00 0.00 0.00 0.00 0.00 0.00 0.00 0.00 0.00 0.00 0.00 0.00 0.00 0.00 0.00 1.34 1.34 1.34 1.34 1.43 1.43 1.43 1.43 1.60 1.60 1.60 1.60 1.66 1.66 1.66 1.66 1.54 1.54 1.54 1.54 1.39 1.39 1.39 0.00 1.34 0.00 0.00 0.00 0.00 0.00 0.00 0.00 0.00 0.00 0.00 0.00 0.00 0.00 0.00 0.00 0.00 0.00 0.00 1.20 1.31 1.31 1.31 1.31 1.46 1.46 1.46 1.46 1.43 1.43 1.43 1.43 0.00 0.00 0.00 1.27 1.22 1.22 1.22 1.22 1.27 1.27 1.27 1.27
0.00 0.00 0.00 0.00 0.00 0.00 0.00 0.00 0.00 0.00 0.00 0.00 0.00 0.00 1.34 1.34 1.38 1.38 1.38 1.38 1.53 1.53 1.53 1.53 1.73 1.73 1.73 1.73 1.66 1.66 1.66 1.66 1.45 1.45 1.45 1.45 1.28 1.28 1.28 1.28 1.20 0.00 0.00 0.00 0.00 0.00 0.00 0.00 0.00 0.00 0.00 0.00 0.00 0.00 0.00 0.00 0.00 0.00 1.16 1.16 1.23 1.23 1.23 1.23 1.42 1.42 1.42 1.42 1.50 1.50 1.50 1.50 0.00 0.00 0.00 1.40 1.29 1.29 1.29 1.29 1.28 1.28 1.28 1.28
0.00 0.00 0.00 0.00 0.00 0.00 0.00 0.00 0.00 0.00 0.00 0.00 0.00 1.34 1.34 1.34 1.38 1.38 1.38 1.38 1.53 1.53 1.53 1.53 1.73 1.73 1.73 1.73 1.66 1.66 1.66 1.66 1.45 1.45 1.45 1.45 0.00 1.28 1.28 0.00 0.00 0.00 0.00 0.00 0.00 0.00 0.00 0.00 0.00 0.00 1.19 1.19 0.00 0.00 0.00 0.00 0.00 0.00 0.00 1.16 0.00 1.09 1.23 1.23 1.42 1.42 1.42 1.42 1.50 1.50 1.50 1.50 1.40 1.40 0.00 1.40 1.29 1.29 1.29 1.29 1.28 1.28 1.28 1.28
0.00 0.00 0.00 0.00 0.00 0.00 0.00 0.00 0.00 0.00 0.00 0.00 1.34 1.34 1.34 1.34 1.38 1.38 1.38 1.38 1.53 1.53 1.53 1.53 1.73 1.73 1.73 1.73 1.66 1.66 1.66 1.66 1.45 1.45 1.45 1.45 0.00 1.12 1.28 0.00 0.00 0.00 0.00 0.00 0.00 0.00 0.00 0.00 0.00 1.19 1.19 1.19 0.00 0.00 0.00 0.00 0.00 0.00 0.00 0.00 0.00 1.23 1.23 1.23 1.42 1.42 1.42 1.42 1.50 1.50 1.50 1.50 1.40 1.40 1.40 1.40 1.29 1.29 1.29 1.29 1.28 1.28 1.28 1.28
0.00 0.00 0.00 0.00 0.00 0.00 0.00 0.00 0.00 0.00 0.00 0.00 1.34 1.34 1.34 1.34 1.38 1.38 1.38 1.38 1.53 1.53 1.53 1.53 1.73 1.73 1.73 1.73 1.66 1.66 1.66 1.66 1.45 1.45 0.00 1.45 1.28 1.12 0.00 0.00 0.00 0.00 0.00 0.00 0.00 0.00 0.00 0.00 1.19 1.19 1.19 1.19 1.18 0.00 0.00 0.00 0.00 0.00 0.00 0.00 0.00 0.00 1.23 1.23 1.42 1.42 1.42 1.42 1.50 1.50 1.50 1.50 1.40 1.40 1.40 1.40 1.29 1.29 1.29 1.29 1.28 1.28 1.28 1.28
0.00 0.00 0.00 0.00 0.00 0.00 0.00 0.00 0.00 0.00 1.29 1.29 1.37 1.37 1.37 1.37 1.49 1.49 1.49 1.49 1.71 1.71 1.71 1.71 1.73 1.73 1.73 1.73 1.45 1.45 1.45 1.45 1.27 1.27 1.27 1.27 1.18 1.06 1.06 0.00 0.00 0.00 0.00 0.00 0.00 0.00 0.00 0.00 0.00 1.18 1.18 1.18 1.21 1.21 0.00 0.00 0.00 0.00 0.00 0.00 0.00 0.00 1.21 1.21 1.35 1.35 1.35 1.35 1.55 1.55 1.55 1.55 1.55 1.55 1.55 1.55 1.41 1.41 1.41 1.41 1.42 1.42 1.42 1.42
0.00 0.00 0.00 0.00 0.00 0.00 0.00 0.00 0.00 0.00 0.79 0.79 1.37 1.37 1.37 1.37 1.49 1.49 1.49 1.49 1.71 1.71 1.71 1.71 1.73 1.73 1.73 1.73 1.45 1.45 1.45 1.45 1.27 1.27 1.27 1.27 1.18 1.18 1.06 1.06 0.00 0.00 0.00 0.00 0.00 0.00 0.00 0.00 1.18 1.18 1.18 1.18 1.21 1.21 1.21 0.00 0.00 0.00 1.19 1.19 1.21 0.00 1.21 1.21 1.35 1.35 1.35 1.35 1.55 1.55 1.55 1.55 1.55 1.55 1.55 1.55 1.41 1.41 1.41 1.41 1.42 1.42 1.42 1.42
0.00 0.00 0.00 0.00 0.00 0.00 0.00 0.00 0.00 0.00 0.00 0.79 0.87 1.37 1.37 1.37 1.49 1.49 1.49 1.49 1.71 1.71 1.71 1.71 1.73 1.73 1.73 1.73 1.45 1.45 1.45 1.45 1.27 1.27 1.27 1.27 1.18 1.18 1.18 0.00 0.00 0.00 0.00 0.00 0.00 0.00 0.00 0.00 0.00 0.00 0.00 0.00 1.21 1.21 1.21 1.21 0.00 0.00 0.00 1.19 1.21 1.21 1.21 1.21 1.35 1.35 1.35 1.35 1.55 1.55 1.55 1.55 1.55 1.55 1.55 1.55 1.41 1.41 1.41 1.41 1.42 1.42 1.42 1.42
0.00 0.00 0.00 0.00 0.00 0.00 0.00 0.00 0.00 0.00 0.00 0.79 0.87 0.87 0.87 1.37 1.49 1.49 1.49 1.49 1.71 1.71 1.71 1.71 1.73 1.73 1.73 1.73 1.45 1.45 1.45 1.45 1.27 1.27 1.27 1.27 1.18 1.18 1.18 0.00 0.00 0.00 0.00 0.00 0.00 0.00 0.00 0.00 1.18 0.00 0.00 0.00 1.21 1.21 1.21 1.21 1.19 0.00 0.00 0.00 1.21 1.21 1.21 1.21 1.35 1.35 1.35 1.35 1.55 1.55 1.55 1.55 1.55 1.55 1.55 1.55 1.41 1.41 1.41 1.41 1.42 1.42 1.42 1.42
0.00 0.00 0.00 0.00 0.00 0.00 0.00 0.00 0.00 0.00 0.00 0.80 0.88 0.88 0.88 0.88 1.58 1.58 1.58 1.58 1.74 1.74 1.74 1.74 1.55 1.55 1.55 1.55 1.27 1.27 1.27 1.27 1.18 1.18 0.00 1.18 1.12 1.12 1.12 0.00 0.00 0.00 0.00 0.00 0.00 0.00 0.00 0.00 1.18 0.00 0.00 1.18 1.25 1.25 1.25 1.25 1.29 1.29 1.29 1.29 0.00 1.29 1.29 1.29 1.40 1.40 1.40 1.40 1.63 1.63 1.63 1.63 1.63 1.63 1.63 1.63 1.48 1.48 1.48 1.48 1.47 1.47 1.47 1.47
0.00 0.00 0.00 0.00 0.00 0.00 0.00 0.00 0.00 0.00 0.00 0.80 0.88 0.88 0.88 0.88 1.09 1.58 1.58 1.58 1.74 1.74 1.74 1.74 1.55 1.55 1.55 1.55 1.27 1.27 1.27 1.27 1.18 1.18 0.00 1.18 0.00 1.12 0.00 0.00 0.00 0.00 0.00 0.00 0.00 0.00 0.00 1.14 1.18 1.18 1.18 1.18 1.25 1.25 1.25 1.25 1.29 1.29 1.29 1.29 1.29 1.29 1.29 1.29 1.40 1.40 1.40 1.40 1.63 1.63 1.63 1.63 1.63 1.63 1.63 1.63 1.48 1.48 1.48 1.48 1.47 1.47 1.47 1.47
0.00 0.00 0.00 0.00 0.80 0.00 0.00 0.00 0.00 0.00 0.83 0.83 0.92 0.92 0.92 0.92 1.15 1.15 1.15 1.64 1.82 1.82 1.82 1.82 1.61 1.61 1.61 1.61 1.31 1.31 1.31 1.31 1.20 1.20 1.20 1.08 1.14 1.14 0.00 0.00 0.00 0.00 0.00 0.00 0.00 0.00 1.16 1.16 1.20 1.20 1.20 1.20 1.29 1.29 1.29 1.29 1.34 1.34 1.34 1.34 1.33 1.33 1.33 1.33 1.46 1.46 1.46 1.46 1.71 1.71 1.71 1.71 1.71 1.71 1.71 1.71 1.54 1.54 1.54 1.54 1.53 1.53 1.53 1.53
0.00 0.00 0.00 0.84 0.80 0.80 0.00 0.00 0.00 0.83 0.83 0.83 0.92 0.92 0.92 0.92 1.15 1.15 1.15 1.15 1.82 1.82 1.82 1.82 1.61 1.61 1.61 1.61 1.31 1.31 1.31 1.31 1.20 1.20 1.20 1.20 1.14 1.14 1.05 1.14 0.00 0.00 0.00 0.00 0.00 0.00 1.16 1.16 1.20 1.20 1.20 1.20 1.29 1.29 1.29 1.29 1.34 1.34 1.34 1.34 1.33 1.33 1.33 1.33 1.46 1.46 1.46 1.46 1.71 1.71 1.71 1.71 1.71 1.71 1.71 1.71 1.54 1.54 1.54 1.54 1.53 1.53 1.53 1.53
0.83 0.83 0.83 0.83 0.80 0.80 0.80 0.80 0.78 0.78 0.64 0.78 0.86 0.86 0.86 0.86 1.06 1.06 1.06 1.06 1.21 1.21 1.71 1.71 1.54 1.54 1.54 1.54 1.30 1.30 1.30 1.30 1.17 1.17 1.17 1.17 1.11 0.00 0.00 0.00 0.00 0.00 0.00 0.00 0.00 0.00 1.15 1.15 1.24 1.24 1.24 1.24 1.39 1.39 1.39 1.39 1.59 1.59 1.59 1.59 1.67 1.67 1.67 1.67 1.74 1.74 1.74 1.74 1.78 1.78 1.78 1.78 1.66 1.66 1.66 1.66 1.61 1.61 1.61 1.61 1.55 1.55 1.55 1.55
0.83 0.83 0.83 0.83 0.80 0.80 0.80 0.80 0.78 0.78 0.78 0.78 0.86 0.86 0.86 0.86 1.06 1.06 1.06 1.06 1.21 1.21 1.21 1.71 1.54 1.54 1.54 1.54 1.30 1.30 1.30 1.30 1.17 1.17 1.17 1.17 0.00 0.00 0.00 0.00 0.00 0.00 0.00 0.00 0.00 0.00 1.15 1.15 1.24 1.24 1.24 1.24 1.39 1.39 1.39 1.39 1.59 1.59 1.59 1.59 1.67 1.67 1.67 1.67 1.74 1.74 1.74 1.74 1.78 1.78 1.78 1.78 1.66 0.00 1.66 1.66 1.61 1.61 1.61 1.61 1.55 1.55 1.55 0.00
0.83 0.83 0.83 0.83 0.80 0.80 0.80 0.80 0.78 0.78 0.78 0.78 0.86 0.86 0.86 0.86 1.06 1.06 1.06 1.06 1.21 1.21 1.21 1.21 1.04 1.54 1.54 1.54 1.30 1.30 1.30 1.30 1.17 1.17 1.17 1.17 0.00 0.00 0.00 0.00 0.00 0.00 0.00 0.00 0.00 0.00 0.00 1.15 1.24 1.24 1.24 1.24 1.39 1.39 1.39 1.39 1.59 1.59 1.59 1.59 1.67 1.67 1.67 1.67 1.74 1.74 1.74 1.74 1.78 1.78 1.78 1.78 1.66 1.66 1.66 1.66 1.61 1.61 1.61 1.61 1.55 1.55 0.00 0.00
0.83 0.83 0.83 0.83 0.80 0.80 0.80 0.80 0.78 0.78 0.78 0.78 0.86 0.86 0.86 0.86 1.06 1.06 1.06 1.06 1.21 1.21 1.21 1.21 1.04 1.04 1.54 1.54 1.30 1.30 1.30 1.30 1.17 1.17 1.17 1.17 1.11 1.11 0.00 0.00 0.00 1.10 1.10 0.00 0.00 0.00 0.00 1.15 1.24 1.24 1.24 1.24 1.39 1.39 1.39 1.39 1.59 1.59 1.59 1.59 1.67 1.67 1.67 1.67 1.74 1.74 1.74 1.74 1.78 1.78 1.78 1.78 1.66 1.66 1.66 1.66 1.61 1.61 0.00 1.61 1.55 1.55 0.00 0.00
0.87 0.87 0.87 0.87 0.85 0.85 0.85 0.85 0.83 0.83 0.83 0.83 0.86 0.86 0.86 0.86 0.97 0.97 0.97 0.97 1.12 1.12 1.12 1.12 1.12 1.12 1.12 1.12 1.35 1.35 1.35 1.35 1.18 1.18 1.18 1.18 1.13 1.13 0.00 0.00 0.00 1.11 1.11 0.00 0.00 0.00 0.00 1.15 1.37 1.37 1.37 1.37 1.68 1.68 1.68 1.68 1.85 1.85 1.85 1.85 1.81 1.81 1.81 1.81 1.76 1.76 1.76 1.76 1.60 1.60 1.60 1.60 1.52 1.52 1.52 1.52 1.59 1.59 1.59 1.59 0.00 0.00 0.00 0.00
0.87 0.87 0.87 0.87 0.85 0.85 0.85 0.85 0.83 0.83 0.83 0.83 0.86 0.86 0.86 0.86 0.97 0.97 0.97 0.97 1.12 1.12 1.12 1.12 1.12 1.12 1.12 1.12 0.85 1.35 1.35 1.35 1.18 1.18 1.18 1.18 1.13 1.13 1.13 0.00 0.00 1.11 1.11 0.00 0.00 0.00 0.00 1.15 1.37 1.37 1.37 1.37 1.68 1.68 1.68 1.68 1.85 1.85 1.85 1.85 1.81 1.81 1.81 1.81 1.76 1.76 1.76 1.76 1.60 1.60 1.60 1.60 1.52 1.52 1.52 1.52 1.59 1.59 1.59 1.59 0.00 0.00 0.00 0.00
0.87 0.87 0.87 0.87 0.85 0.85 0.85 0.85 0.83 0.83 0.83 0.83 0.86 0.86 0.86 0.86 0.97 0.97 0.97 0.97 1.12 1.12 1.12 1.12 1.12 1.12 1.12 1.12 0.85 0.85 1.35 1.35 1.18 1.18 1.18 1.18 1.13 1.13 1.13 0.00 0.00 0.00 1.11 0.00 1.15 1.15 1.15 1.15 1.37 1.37 1.37 1.37 1.68 1.68 1.68 1.68 1.85 1.85 1.85 1.85 1.81 1.81 1.81 1.81 1.76 1.76 1.76 1.76 1.60 1.60 1.60 1.60 1.52 1.52 1.52 1.52 1.59 1.59 1.59 1.59 0.00 0.00 0.00 0.00
0.87 0.87 0.87 0.87 0.85 0.85 0.85 0.85 0.83 0.83 0.83 0.83 0.86 0.86 0.86 0.86 0.97 0.97 0.97 0.97 1.12 1.12 1.12 1.12 1.12 1.12 1.12 1.12 0.85 0.85 0.85 0.85 1.18 1.18 1.18 1.18 1.13 1.13 1.13 0.00 0.00 0.00 1.11 1.11 1.15 1.15 1.15 1.15 1.37 1.37 1.37 1.37 1.68 1.68 1.68 1.68 1.85 1.85 1.85 1.85 1.81 1.81 1.81 1.81 1.76 1.76 1.76 1.76 1.60 1.60 1.60 1.60 1.52 1.52 1.52 1.52 1.59 1.59 1.59 1.59 0.00 0.00 0.00 0.00
0.96 0.96 0.96 0.96 0.92 0.92 0.92 0.92 0.96 0.96 0.96 0.96 1.07 1.07 1.07 1.07 1.16 1.16 1.16 1.16 1.18 1.18 1.18 1.18 1.14 1.14 1.14 1.14 0.96 0.96 0.96 0.96 0.81 1.32 1.32 1.32 1.25 1.25 1.25 1.25 1.21 1.21 1.21 1.21 1.34 1.34 1.34 1.34 1.64 1.64 1.64 1.64 1.86 1.86 0.00 1.86 1.77 1.77 1.77 1.77 1.62 1.62 1.62 1.62 1.52 1.52 1.52 1.52 1.45 1.45 1.45 1.45 1.47 1.47 1.47 1.47 1.52 1.52 1.52 1.52 0.00 0.00 0.00 0.00
0.96 0.96 0.96 0.96 0.92 0.92 0.92 0.92 0.96 0.96 0.96 0.96 1.07 1.07 1.07 1.07 1.16 1.16 1.16 1.16 1.18 1.18 1.18 1.18 1.14 1.14 1.14 1.14 0.96 0.96 0.96 0.96 0.81 0.81 0.81 1.32 1.25 1.25 1.25 1.25 1.21 1.21 1.21 1.21 1.34 1.34 1.34 1.34 1.64 1.64 1.64 1.64 1.86 1.86 1.86 1.86 1.77 1.77 1.77 1.77 1.62 1.62 1.62 1.62 1.52 1.52 1.52 1.52 1.45 1.45 1.45 1.45 1.47 1.47 1.47 1.47 1.52 1.52 1.52 1.52 1.61 0.00 0.00 0.00
