New_Model_Runs/6_FutureClimate_RCP45_out/post_prcessed_with_MFR/Monthly_summaries/interception_monthly_NOV.asc
NCOLS 700
NROWS 400
XLLCENTER 515000.000000
YLLCENTER 8409000.000000
CELLSIZE 50.000000
NODATA_value -999.000000
[rows 190 to 227 of 400, columns 84 to 167 of 700]
0.00 0.00 0.00 0.00 0.00 0.00 0.00 0.00 0.00 0.00 0.00 0.00 0.00 0.00 0.00 0.00 0.00 0.00 0.00 0.00 0.00 0.00 0.00 0.00 0.00 1.10 1.10 1.10 1.14 1.14 1.14 1.14 1.19 1.19 1.19 1.19 1.23 1.23 1.23 1.23 1.21 1.21 1.21 1.21 1.18 1.18 1.18 1.18 1.17 1.17 1.17 1.17 1.18 1.18 1.18 1.18 1.22 1.22 1.22 1.22 1.30 1.30 1.30 1.30 1.34 1.34 1.34 1.34 1.28 1.28 1.28 1.28 1.31 1.31 1.31 1.31 1.31 1.31 1.31 1.31 1.10 1.10 1.10 1.10
0.00 0.00 0.00 0.00 0.00 0.00 0.00 0.00 0.00 0.00 0.00 0.00 0.00 0.00 0.00 0.00 0.00 0.00 0.00 0.00 0.00 0.00 0.00 0.00 0.00 1.10 1.10 0.93 0.96 1.14 1.14 1.14 1.19 1.19 1.19 1.19 1.23 1.23 1.23 1.23 1.21 1.21 1.21 1.21 1.18 1.18 1.18 1.18 1.17 1.17 1.17 1.17 1.18 1.18 1.18 1.18 1.22 1.22 1.22 1.22 1.30 1.30 1.30 1.30 1.34 1.34 1.34 1.34 1.28 1.28 1.28 1.28 1.31 1.31 1.31 1.31 1.31 1.31 1.31 1.31 1.10 1.10 1.10 1.10
0.00 0.00 0.00 0.00 0.00 0.00 0.00 0.00 0.00 0.00 0.00 0.00 0.00 0.00 0.00 0.00 0.00 0.00 0.00 0.00 0.00 0.00 0.00 0.00 0.00 0.00 1.06 0.00 0.94 0.94 1.10 1.10 1.17 1.17 1.17 1.17 1.23 1.23 1.23 1.23 1.25 1.25 1.25 1.25 1.21 1.21 1.21 1.21 1.17 1.17 1.17 1.17 1.21 1.21 1.21 1.21 1.25 1.25 1.25 1.25 1.33 1.33 1.33 1.33 1.33 1.33 1.33 1.33 1.30 1.30 1.30 1.30 1.29 1.29 1.29 1.29 1.15 1.15 1.15 1.15 1.01 1.01 1.01 1.01
0.00 0.00 0.00 0.00 0.00 0.00 0.00 0.00 0.00 0.00 0.00 0.00 0.00 0.00 0.00 0.00 0.00 0.00 0.00 0.00 0.00 0.00 0.00 0.00 0.00 0.00 0.00 1.06 0.94 0.94 1.10 1.10 1.17 1.17 1.17 1.17 1.23 1.23 1.23 1.23 1.25 1.25 1.25 1.25 1.21 1.21 1.21 1.21 1.17 1.17 1.17 1.17 1.21 1.21 1.21 1.21 1.25 1.25 1.25 1.25 1.33 1.33 1.33 1.33 1.33 1.33 1.33 1.33 1.30 1.30 1.30 1.30 1.29 1.29 1.29 1.29 1.15 1.15 1.15 1.15 1.01 1.01 1.01 1.01
0.00 0.00 0.00 0.00 0.00 0.00 0.00 0.00 0.00 0.00 0.00 0.00 0.00 0.00 0.00 0.00 0.00 0.00 0.00 0.00 0.00 0.00 0.00 0.00 0.00 0.00 0.00 0.00 1.15 1.15 1.15 1.15 1.22 1.22 1.22 1.22 1.30 1.30 1.30 1.30 1.31 1.31 1.31 1.31 1.26 1.26 1.26 1.26 1.22 1.22 1.22 1.22 1.27 1.27 1.27 1.27 1.31 1.31 1.31 1.31 1.41 1.41 1.41 1.41 1.41 1.41 1.41 1.41 1.37 1.37 1.37 1.37 1.37 1.37 1.37 1.37 1.20 1.20 1.20 1.20 1.04 1.04 1.04 1.04
0.00 0.00 0.00 0.00 0.00 0.00 0.00 0.00 0.00 0.00 0.00 0.00 0.00 0.00 0.00 0.00 0.00 0.00 0.00 0.00 0.00 0.00 1.18 0.00 0.00 0.00 0.00 0.00 1.15 1.15 1.15 1.15 1.22 1.22 1.22 1.22 1.30 1.30 1.30 1.30 1.31 1.31 1.31 1.31 1.26 1.26 1.26 1.26 1.22 1.22 1.22 1.22 1.27 1.27 1.27 1.27 1.31 1.31 1.31 1.31 1.41 1.41 1.41 1.41 1.41 1.41 1.41 1.41 1.37 1.37 1.37 1.37 1.37 1.37 1.37 1.37 1.20 1.20 1.20 1.20 1.04 1.04 1.04 1.04
0.00 0.00 0.00 0.00 0.00 0.00 0.00 0.00 0.00 0.00 0.00 0.00 0.00 0.00 0.00 0.00 0.00 0.00 0.00 0.00 0.00 1.18 1.18 1.18 1.11 0.00 0.00 1.11 1.13 1.13 1.13 1.13 1.20 1.20 1.20 1.20 1.27 1.27 1.27 1.27 1.31 1.31 1.31 1.31 1.30 1.30 1.30 1.30 1.28 1.28 1.28 1.28 1.34 1.34 1.34 1.34 1.37 1.37 1.37 1.37 1.41 1.41 1.41 1.41 1.39 1.39 1.39 1.39 1.35 1.35 1.35 1.35 1.20 1.20 1.20 1.20 1.03 1.03 1.03 1.03 1.02 1.02 1.02 1.02
0.00 0.00 0.00 0.00 0.00 0.00 0.00 0.00 0.00 0.00 0.00 0.00 0.00 0.00 0.00 0.00 0.00 0.00 0.00 0.00 1.18 1.18 1.18 1.18 0.00 0.00 0.00 0.00 1.13 1.13 1.13 1.13 1.20 1.20 1.20 1.20 1.27 1.27 1.27 1.27 1.31 1.31 1.31 1.31 1.30 1.30 1.30 1.30 1.28 1.28 1.28 1.28 1.34 1.34 1.34 1.34 1.37 1.37 1.37 1.37 1.41 1.41 1.41 1.41 1.39 1.39 1.39 1.39 1.35 1.35 1.35 1.35 1.20 1.20 1.20 1.20 1.03 1.03 1.03 1.03 1.02 1.02 1.02 1.02
0.00 0.00 0.00 0.00 0.00 0.00 0.00 0.00 0.00 0.00 0.00 0.00 0.00 0.00 0.00 0.00 0.00 0.00 0.00 1.18 1.18 1.18 1.18 0.97 0.94 0.00 0.00 1.11 0.00 1.13 1.13 1.13 1.20 1.20 1.20 1.20 1.27 1.27 1.27 1.27 1.31 1.31 1.31 1.31 1.30 1.30 1.30 1.30 1.28 1.28 1.28 1.28 1.34 1.34 1.34 1.34 1.37 1.37 1.37 1.37 1.41 1.41 1.41 1.41 1.39 1.39 1.39 1.39 1.35 1.35 1.35 1.35 1.20 1.20 1.20 1.20 1.03 1.03 1.03 1.03 1.02 1.02 1.02 1.02
0.00 0.00 0.00 0.00 0.00 0.00 0.00 0.00 0.00 0.00 0.00 0.00 0.00 0.00 0.00 0.00 0.00 0.00 1.18 1.18 1.18 1.18 1.18 1.18 1.11 1.11 1.11 0.00 1.13 1.13 1.13 1.13 1.20 1.20 1.20 1.20 1.27 1.27 1.27 1.27 1.31 1.31 1.31 1.31 1.30 1.30 1.30 1.30 1.28 1.28 1.28 1.28 1.34 1.34 1.34 1.34 1.37 1.37 1.37 1.37 1.41 1.41 1.41 1.41 1.39 1.39 1.39 1.39 1.35 1.35 1.35 1.35 1.20 1.20 1.20 1.20 1.03 1.03 1.03 1.03 1.02 1.02 1.02 1.02
0.00 1.49 1.49 1.49 1.43 0.00 0.00 0.00 0.00 0.00 0.00 0.00 0.00 0.00 0.00 1.36 1.41 1.41 1.41 1.21 1.23 1.23 1.23 1.23 1.17 1.17 1.17 0.00 1.16 1.16 1.16 1.16 1.20 1.20 1.20 1.20 1.23 1.23 1.23 1.23 1.25 1.25 1.25 1.25 1.34 1.34 1.34 1.34 1.37 1.37 1.37 1.37 1.39 1.39 1.39 1.39 1.36 1.36 1.36 1.36 1.36 1.36 1.36 1.36 1.36 1.36 1.36 1.36 1.26 1.26 1.26 1.26 1.05 1.05 1.05 1.05 1.01 1.01 1.01 1.01 1.07 1.07 1.07 1.07
0.00 1.49 1.49 1.49 1.43 0.00 0.00 0.00 0.00 0.00 0.00 0.00 0.00 0.00 1.36 1.36 1.41 1.41 1.41 1.41 1.43 1.43 1.43 1.23 1.17 1.17 1.17 1.17 1.16 1.16 1.16 1.16 1.20 1.20 1.20 1.20 1.23 1.23 1.23 1.23 1.25 1.25 1.25 1.25 1.34 1.34 1.34 1.34 1.37 1.37 1.37 1.37 1.39 1.39 1.39 1.39 1.36 1.36 1.36 1.36 1.36 1.36 1.36 1.36 1.36 1.36 1.36 1.36 1.26 1.26 1.26 1.26 1.05 1.05 1.05 1.05 1.01 1.01 1.01 1.01 1.07 1.07 1.07 1.07
0.00 1.49 1.49 1.49 1.43 1.43 0.00 0.00 0.00 0.00 0.00 0.00 0.00 1.36 1.36 1.36 1.41 1.41 1.41 0.00 1.43 1.43 1.43 1.43 1.37 1.37 1.37 1.17 1.16 1.16 1.16 1.16 1.20 1.20 1.20 1.20 1.23 1.23 1.23 1.23 1.25 1.25 1.25 1.25 1.34 1.34 1.34 1.34 1.37 1.37 1.37 1.37 1.39 1.39 1.39 1.39 1.36 1.36 1.36 1.36 1.36 1.36 1.36 1.36 1.36 1.36 1.36 1.36 1.26 1.26 1.26 1.26 1.05 1.05 1.05 1.05 1.01 1.01 1.01 1.01 1.07 1.07 1.07 1.07
1.49 1.49 1.49 1.49 1.43 1.43 0.00 0.00 0.00 0.00 0.00 0.00 0.00 0.00 1.36 1.36 1.41 1.41 1.41 1.41 1.43 1.43 1.43 1.43 1.37 1.37 1.37 1.37 1.36 1.36 1.16 1.16 1.20 1.20 1.20 1.20 1.23 1.23 1.23 1.23 1.25 1.25 1.25 1.25 1.34 1.34 1.34 1.34 1.37 1.37 1.37 1.37 1.39 1.39 1.39 1.39 1.36 1.36 1.36 1.36 1.36 1.36 1.36 1.36 1.36 1.36 1.36 1.36 1.26 1.26 1.26 1.26 1.05 1.05 1.05 1.05 1.01 1.01 1.01 1.01 1.07 1.07 1.07 1.07
1.53 1.53 1.53 1.53 1.45 1.45 1.45 0.00 0.00 0.00 0.00 0.00 0.00 0.00 1.33 1.33 1.39 1.39 1.39 1.39 1.45 1.45 1.45 1.45 1.45 1.45 1.45 1.45 1.47 1.47 1.47 1.47 1.47 1.47 1.27 1.27 1.25 1.25 1.25 1.25 1.25 1.25 1.25 1.25 1.36 1.36 1.36 1.36 1.41 1.41 1.41 1.41 1.38 1.38 1.38 1.38 1.33 1.33 1.33 1.33 1.33 1.33 1.33 1.33 1.32 1.32 1.32 1.32 1.17 1.17 1.17 1.17 1.01 1.01 1.01 1.01 1.01 1.01 1.01 1.01 1.12 1.12 1.12 1.12
1.53 1.53 1.53 1.53 1.45 1.45 1.45 1.45 0.00 0.00 0.00 0.00 0.00 0.00 1.33 1.33 1.39 1.39 1.39 1.39 1.45 1.45 1.45 1.45 1.45 1.45 1.45 1.45 1.47 1.47 1.47 1.47 1.47 1.47 1.47 1.47 1.45 1.25 1.25 1.25 1.25 1.25 1.25 1.25 1.36 1.36 1.36 1.36 1.41 1.41 1.41 1.41 1.38 1.38 1.38 1.38 1.33 1.33 1.33 1.33 1.33 1.33 1.33 1.33 1.32 1.32 1.32 1.32 1.17 1.17 1.17 1.17 1.01 1.01 1.01 1.01 1.01 1.01 1.01 1.01 1.12 1.12 1.12 1.12
1.53 1.53 1.53 1.53 1.45 1.45 1.45 1.45 1.33 0.00 0.00 0.00 0.00 0.00 1.33 1.33 1.39 1.39 1.39 1.39 1.45 1.45 1.45 1.45 1.45 1.45 1.45 1.45 1.47 1.47 1.47 1.47 1.47 1.47 1.47 1.47 1.45 1.45 1.45 1.45 1.45 1.25 1.25 1.25 1.36 1.36 1.36 1.36 1.41 1.41 1.41 1.41 1.38 1.38 1.38 1.38 1.33 1.33 1.33 1.33 1.33 1.33 1.07 1.33 1.32 1.32 1.32 1.32 1.17 1.17 1.17 1.17 1.01 1.01 1.01 1.01 1.01 1.01 1.01 1.01 1.12 1.12 1.12 1.12
1.53 1.53 1.53 1.53 1.45 1.45 1.45 1.45 1.06 1.33 0.00 0.00 0.00 0.00 0.00 1.33 1.39 0.00 1.39 1.39 1.45 1.45 1.45 1.45 1.45 1.45 1.45 1.45 1.47 1.47 1.47 1.47 1.47 1.47 1.47 1.47 1.45 1.45 1.45 1.45 1.45 1.45 1.45 1.45 1.36 1.36 1.36 1.36 1.41 1.41 1.41 1.41 1.38 1.38 1.38 1.38 1.33 1.33 1.33 1.33 1.33 1.33 1.33 1.33 1.32 1.32 1.32 1.32 1.17 1.17 1.17 1.17 1.01 1.01 1.01 1.01 1.01 1.01 1.01 1.01 1.12 1.12 1.12 1.12
1.54 1.54 1.54 1.54 1.48 1.48 1.48 1.48 1.35 1.35 0.00 0.00 0.00 0.00 0.00 0.00 0.00 1.35 1.35 1.35 1.41 1.41 1.41 1.41 1.44 1.44 1.44 1.44 1.49 1.49 1.49 1.49 1.48 1.48 1.48 1.48 1.48 1.48 1.48 1.48 1.51 1.51 1.51 1.51 1.58 1.58 1.58 1.58 1.34 1.34 1.34 1.34 1.31 1.31 1.31 1.31 1.30 1.30 1.30 1.30 1.33 1.33 1.33 1.33 1.27 1.27 1.27 1.27 1.13 1.13 1.13 1.13 1.00 1.00 1.00 1.00 1.00 1.00 1.00 1.00 1.15 1.15 1.15 1.15
1.54 1.54 1.54 1.54 1.48 1.48 1.48 1.48 1.35 0.00 1.35 1.35 0.00 0.00 0.00 1.32 0.00 0.00 1.35 1.35 1.41 1.41 1.41 1.41 1.44 1.44 1.44 1.44 1.49 1.49 1.49 1.49 1.48 1.48 1.48 1.48 1.48 1.48 1.48 1.48 1.51 1.51 1.51 1.51 1.58 1.58 1.58 1.58 1.54 1.54 1.54 1.34 1.31 1.31 1.31 1.31 1.30 1.30 1.30 1.30 1.33 1.33 1.33 1.33 1.27 1.27 1.27 1.27 1.13 1.13 1.13 1.13 1.00 1.00 1.00 1.00 1.00 1.00 1.00 1.00 1.15 1.15 1.15 1.15
1.62 1.62 1.62 1.62 1.56 1.56 1.56 1.56 1.40 0.00 1.40 1.40 1.37 1.37 0.00 1.37 1.40 1.40 1.40 1.40 1.47 1.47 1.47 1.47 1.51 1.51 1.51 1.51 1.56 1.56 1.56 1.56 1.54 1.54 1.54 1.54 1.54 1.54 1.54 1.54 1.58 1.58 1.58 1.58 1.65 1.65 1.65 1.65 1.61 1.61 1.61 1.61 1.57 1.57 1.57 1.37 1.37 1.37 1.37 1.37 1.39 1.39 1.39 1.39 1.32 1.32 1.32 1.32 1.17 1.17 1.17 1.17 1.02 1.02 1.02 1.02 1.03 0.92 1.03 1.03 1.19 1.19 1.19 1.19
1.62 1.62 1.62 1.62 1.56 1.56 1.56 1.56 1.40 1.40 1.40 1.40 1.37 1.37 1.37 1.37 0.00 1.40 1.40 1.18 1.47 1.47 1.47 1.47 1.51 1.51 1.51 1.51 1.56 1.56 1.56 1.56 1.54 1.54 1.54 1.54 1.54 1.54 1.54 1.54 1.58 1.58 1.58 1.58 1.65 1.65 1.65 1.65 1.61 1.61 1.61 1.61 1.57 1.57 1.57 1.57 1.57 1.57 1.57 1.37 1.39 1.39 1.39 1.39 1.32 1.32 1.32 1.32 1.17 1.17 1.17 1.17 1.02 1.02 1.02 1.02 1.03 1.03 1.03 1.03 1.19 1.19 1.19 1.19
1.56 1.56 1.56 1.56 1.59 1.59 1.59 1.59 1.51 1.51 0.00 1.51 1.42 1.42 1.42 1.42 0.00 0.00 1.37 1.37 1.39 1.39 1.39 1.39 1.41 1.41 1.41 1.41 1.44 1.44 1.44 1.44 1.43 1.43 1.43 1.43 1.49 1.49 1.49 1.49 1.54 1.54 1.54 1.54 1.54 1.54 1.54 1.54 1.48 1.48 1.48 1.48 1.48 1.48 1.48 1.48 1.53 1.53 1.53 1.53 1.58 1.58 1.38 1.38 1.31 1.31 1.31 1.31 1.20 1.20 1.20 1.20 1.07 1.07 1.07 1.07 1.09 1.09 1.09 1.09 1.24 1.24 1.24 1.24
1.56 1.56 1.56 1.56 1.59 1.59 1.59 1.59 1.51 1.51 1.51 1.51 1.42 1.42 1.18 0.00 0.00 0.00 0.00 0.00 1.39 1.39 1.39 1.39 1.41 1.41 1.41 1.41 1.44 1.44 1.44 1.44 1.43 1.43 1.43 1.43 1.49 1.49 1.49 1.49 1.54 1.54 1.54 1.54 1.54 1.54 1.54 1.54 1.48 1.48 1.48 1.48 1.48 1.48 1.48 1.48 1.53 1.53 1.53 1.53 1.58 1.58 1.58 1.58 1.52 1.52 1.31 1.31 1.20 1.20 1.20 1.20 1.07 1.07 1.07 1.07 1.09 1.09 1.09 1.09 1.24 1.24 1.24 1.24
1.56 1.56 1.56 1.56 1.59 1.59 1.59 1.59 1.51 1.51 1.51 1.51 1.42 1.42 1.42 1.42 1.16 1.37 1.37 1.37 0.00 0.00 1.39 1.39 1.41 1.41 1.41 1.41 1.44 1.44 1.44 1.44 1.43 1.43 1.43 1.43 1.49 1.49 1.49 1.49 1.54 1.54 1.54 1.54 1.54 1.54 1.54 1.54 1.48 1.48 1.48 1.48 1.48 1.48 1.48 1.48 1.53 1.53 1.53 1.53 1.58 1.58 1.58 1.58 1.52 1.52 1.52 1.52 1.40 1.20 1.20 1.20 1.07 1.07 1.07 1.07 1.09 1.09 1.09 1.09 1.24 1.24 1.24 1.24
1.56 1.56 1.56 1.56 1.59 1.59 1.59 1.59 1.51 1.51 1.51 1.51 1.42 1.42 1.42 1.42 1.37 1.37 1.37 1.37 0.00 0.00 1.39 1.39 1.41 1.41 1.41 1.41 1.44 1.44 1.44 1.44 1.43 1.43 1.43 1.43 1.49 1.49 1.49 1.49 1.54 1.54 1.54 1.54 1.54 1.54 1.54 1.54 1.48 1.48 1.48 1.48 1.48 1.48 1.48 1.48 1.53 1.53 1.53 1.53 1.58 1.58 1.58 1.58 1.52 1.52 1.52 1.52 1.40 1.40 1.40 1.40 1.27 1.07 1.07 1.07 1.09 1.09 1.09 1.09 1.24 1.24 1.24 1.24
1.46 1.46 1.46 1.46 1.54 1.54 1.54 1.54 1.58 1.58 1.58 1.58 1.49 1.49 1.49 1.49 1.39 1.39 1.39 1.39 1.40 1.40 1.40 1.40 1.42 1.42 1.42 1.42 1.39 1.39 1.39 1.39 1.36 1.36 1.36 1.36 1.41 1.41 1.41 1.41 1.45 1.45 1.45 1.45 1.43 1.43 1.43 1.43 1.40 1.40 1.40 1.40 1.43 1.43 1.43 1.43 1.51 1.51 1.51 1.51 1.59 1.59 1.59 1.59 1.56 1.56 1.56 1.56 1.49 1.49 1.49 1.49 1.43 1.43 1.43 1.43 1.28 1.28 1.28 1.28 1.32 1.32 1.32 1.32
1.46 1.46 1.46 1.46 1.54 1.54 1.54 1.54 1.58 1.58 1.58 1.58 1.49 1.49 1.49 1.49 1.39 1.39 1.39 1.39 1.40 1.40 1.40 1.40 1.42 1.42 1.42 1.42 1.39 1.39 1.39 1.39 1.36 1.36 1.36 1.36 1.41 1.41 1.41 1.41 1.45 1.45 1.45 1.45 1.43 1.43 1.43 1.43 1.40 1.40 1.40 1.40 1.43 1.43 1.43 1.43 1.51 1.51 1.51 1.51 1.59 1.59 1.59 1.59 1.56 1.56 1.56 1.56 1.49 1.49 1.49 1.49 1.43 1.43 1.43 1.43 1.48 1.48 1.48 1.48 1.32 1.32 1.32 1.32
1.46 1.46 1.46 1.46 1.54 1.54 1.54 1.54 1.58 1.58 1.58 1.58 1.49 1.49 1.49 1.49 1.39 1.39 1.39 1.39 1.40 1.40 1.40 1.40 1.42 1.42 1.42 1.42 1.39 1.39 1.39 1.39 1.36 1.36 1.36 1.36 1.41 1.41 1.41 1.41 1.45 1.45 1.45 1.45 1.43 1.43 1.43 1.43 1.40 1.40 1.40 1.40 1.43 1.43 1.43 1.43 1.51 1.51 1.51 1.51 1.59 1.59 1.59 1.59 1.56 1.56 1.56 1.56 1.49 1.49 1.49 1.49 1.43 1.43 1.43 1.43 1.48 1.48 1.48 1.48 1.53 1.53 1.53 1.32
1.46 1.46 1.46 1.46 1.54 1.54 1.54 1.54 1.58 1.58 1.58 1.58 1.49 1.49 1.49 1.49 1.39 1.39 1.39 1.39 1.40 1.40 1.40 1.40 1.42 1.42 1.42 1.42 1.39 1.39 1.39 1.39 1.36 1.36 1.36 1.36 1.41 1.41 1.41 1.41 1.45 1.45 1.45 1.45 1.43 1.43 1.43 1.43 1.40 1.40 1.40 1.40 1.43 1.43 1.43 1.43 1.51 1.51 1.51 1.51 1.59 1.59 1.59 1.59 1.56 1.56 1.56 1.56 1.49 1.49 1.49 1.49 1.43 1.43 1.43 1.43 1.48 1.48 1.48 1.48 1.53 1.53 1.53 1.53
0.00 1.44 1.44 1.44 1.46 1.46 1.46 1.46 1.52 1.52 1.52 1.52 1.56 1.56 1.56 1.56 1.49 1.49 1.49 1.49 1.50 1.50 1.50 1.50 1.48 1.48 1.48 1.48 1.41 1.41 1.41 1.41 1.40 1.40 1.40 1.40 1.39 1.39 1.39 1.39 1.39 1.39 1.39 1.39 1.41 1.41 1.41 1.41 1.42 1.42 1.42 1.42 1.48 1.48 1.48 1.48 1.56 1.56 1.56 1.56 1.59 1.59 1.59 1.59 1.56 1.56 1.56 1.56 1.55 1.55 1.55 1.55 1.57 1.57 1.57 1.57 1.58 1.58 1.58 1.58 1.56 1.56 1.56 1.56
0.00 0.00 0.00 1.44 1.46 1.46 1.46 1.46 1.52 1.52 1.52 1.52 1.56 1.56 1.56 1.56 1.49 1.49 1.49 1.49 1.50 1.50 1.50 1.50 1.48 1.48 1.48 1.48 1.41 1.41 1.41 1.41 1.40 1.40 1.40 1.40 1.39 1.39 1.39 1.39 1.39 1.39 1.39 1.39 1.41 1.41 1.41 1.41 1.42 1.42 1.42 1.42 1.48 1.48 1.48 1.48 1.56 1.56 1.56 1.56 1.59 1.59 1.59 1.59 1.56 1.56 1.56 1.56 1.55 1.55 1.55 1.55 1.57 1.57 1.57 1.57 1.58 1.58 1.58 1.58 1.56 1.56 1.56 1.56
0.00 0.00 0.00 1.44 1.46 1.46 1.46 1.46 1.52 1.52 1.52 1.52 1.56 1.56 1.56 1.56 1.49 1.49 1.49 1.49 1.50 1.50 1.50 1.50 1.48 1.48 1.48 1.48 1.41 1.41 1.41 1.41 1.40 1.40 1.40 1.40 1.39 1.39 1.39 1.39 1.39 1.39 1.39 1.39 1.41 1.41 1.41 1.41 1.42 1.42 1.42 1.42 1.48 1.48 1.48 1.48 1.56 1.56 1.56 1.56 1.59 1.59 1.59 1.59 1.56 1.56 1.56 1.56 1.55 1.55 1.55 1.55 1.57 1.57 1.57 1.57 1.58 1.58 1.58 1.58 1.56 1.56 1.56 1.56
1.44 1.44 1.44 1.44 1.46 1.46 1.46 1.46 1.52 1.52 1.52 1.52 1.56 1.56 1.56 1.56 1.49 1.49 1.49 1.49 1.50 1.50 1.50 1.50 1.48 1.48 1.48 1.48 1.41 1.41 1.41 1.41 1.40 1.40 1.40 1.40 1.39 1.39 1.39 1.39 1.39 1.39 1.39 1.39 1.41 1.41 1.41 1.41 1.42 1.42 1.42 1.42 1.48 1.48 1.48 1.48 1.56 1.56 1.56 1.56 1.59 1.59 1.59 1.59 1.56 1.56 1.56 1.56 1.55 1.55 1.55 1.32 1.57 1.57 1.57 1.57 1.58 1.58 1.58 1.58 1.56 1.56 1.56 1.56
1.46 1.46 1.46 1.46 1.44 1.44 1.44 1.44 1.46 1.46 1.46 1.46 1.55 1.55 1.55 1.55 1.59 1.59 1.59 1.59 1.60 1.60 1.60 1.60 1.52 1.52 1.52 1.52 1.47 1.47 1.47 1.47 1.48 1.48 1.48 1.48 1.44 1.44 1.44 1.44 1.41 1.41 1.41 1.41 1.46 1.46 1.46 1.46 1.50 1.50 1.50 1.50 1.57 1.57 1.57 1.57 1.59 1.59 1.59 1.59 1.57 1.57 1.57 1.57 1.55 1.55 1.55 1.55 1.59 1.59 1.59 1.59 1.60 1.60 1.60 1.60 1.59 1.59 1.59 1.59 1.59 1.59 1.59 1.59
1.46 1.46 1.46 1.46 1.44 1.44 1.44 1.44 1.46 1.46 1.46 1.46 1.55 1.55 1.55 1.55 1.59 1.59 1.59 1.59 1.60 1.60 1.60 1.60 1.52 1.52 1.52 1.52 1.47 1.47 1.47 1.47 1.48 1.48 1.48 1.48 1.44 1.44 1.44 1.44 1.41 1.41 1.41 1.41 1.46 1.46 1.46 1.46 1.50 1.50 1.50 1.50 1.57 1.57 1.57 1.57 1.59 1.59 1.59 1.59 1.57 1.57 1.57 1.57 1.55 1.55 1.55 1.55 1.59 1.59 1.59 1.59 1.60 1.60 1.60 1.60 1.59 1.59 1.59 1.59 1.59 1.59 1.59 1.59
1.52 1.52 1.52 1.52 1.49 1.49 1.49 1.49 1.52 1.52 1.52 1.52 1.61 1.61 1.61 1.61 1.65 1.65 1.65 1.65 1.66 1.66 1.66 1.66 1.57 1.57 1.57 1.57 1.50 1.50 1.50 1.50 1.52 1.52 1.52 1.52 1.47 1.47 1.47 1.47 1.45 1.45 1.45 1.45 1.49 1.49 1.49 1.49 1.53 1.53 1.53 1.53 1.60 1.60 1.60 1.60 1.63 1.63 1.63 1.63 1.59 1.59 1.59 1.59 1.58 1.58 1.58 1.58 1.61 1.61 1.61 1.61 1.62 1.62 1.62 1.62 1.62 1.62 1.36 1.62 1.62 1.62 1.62 1.62
1.52 1.52 1.52 1.52 1.49 1.49 1.49 1.49 1.52 1.52 1.52 1.52 1.61 1.61 1.61 1.61 1.65 1.65 1.65 1.65 1.66 1.66 1.66 1.66 1.57 1.57 1.57 1.57 1.50 1.50 1.50 1.50 1.52 1.52 1.52 1.52 1.47 1.47 1.47 1.47 1.45 1.45 1.45 1.45 1.49 1.49 1.49 1.49 1.53 1.53 1.53 1.53 1.60 1.60 1.60 1.60 1.63 1.63 1.63 1.63 1.59 1.59 1.59 1.59 1.58 1.58 1.58 1.58 1.61 1.61 1.61 1.61 1.62 1.62 1.62 1.62 1.62 1.62 1.62 1.62 1.62 1.62 1.62 1.62
