New_Model_Runs/6_FutureClimate_RCP45_out/post_prcessed_with_MFR/Monthly_summaries/net_infiltration_monthly_APR.asc
NCOLS 700
NROWS 400
XLLCENTER 515000.000000
YLLCENTER 8409000.000000
CELLSIZE 50.000000
NODATA_value -999.000000
[rows 304 to 341 of 400, columns 168 to 251 of 700]
10.19 6.59 7.09 6.30 6.59 6.15 9.66 6.08 6.78 7.29 7.51 6.92 7.30 7.29 7.22 7.22 7.22 7.44 6.67 7.23 6.42 7.23 7.01 7.44 7.99 7.99 8.21 6.97 10.04 7.77 7.77 7.56 7.56 7.56 7.56 7.56 7.77 6.97 7.19 6.97 7.73 11.07 11.03 11.24 10.23 10.49 7.96 6.72 6.94 8.39 7.16 6.18 7.95 7.19 7.74 6.98 6.52 6.74 6.50 9.32 6.74 7.25 7.25 7.46 7.46 7.24 7.25 7.25 7.46 6.93 6.72 10.03 9.26 5.53 6.48 9.48 1.70 5.37 5.45 6.11 6.55 7.42 7.00 6.33
9.59 10.82 7.12 6.15 6.59 6.37 6.15 9.66 6.78 7.29 7.08 6.70 7.51 7.22 7.23 7.22 7.22 6.67 6.86 5.71 7.66 7.23 7.22 7.44 7.99 6.97 7.19 10.26 6.75 7.99 7.77 7.27 7.27 7.27 7.56 7.27 7.56 6.97 8.21 8.04 7.78 7.51 7.56 8.51 8.09 10.67 11.15 10.93 5.89 10.67 10.23 10.49 10.49 11.24 10.27 10.27 10.03 10.25 10.69 9.98 10.03 6.52 7.25 7.46 7.46 7.24 7.25 7.24 7.46 6.74 10.25 10.97 6.52 5.75 6.52 6.48 4.99 5.45 6.11 6.33 6.55 6.77 6.77 6.33
7.28 11.50 7.65 6.84 7.04 6.84 1.70 5.21 6.24 7.47 7.25 7.05 7.27 7.19 7.19 7.41 7.20 7.20 6.66 6.63 7.42 7.18 7.20 7.19 7.48 7.70 7.15 9.77 7.70 6.47 7.43 7.03 7.03 7.03 7.03 7.03 7.03 7.03 7.03 8.11 7.97 7.14 7.72 7.57 7.79 7.26 7.26 7.04 7.58 7.47 7.23 6.82 9.89 5.14 9.86 9.86 1.77 6.48 7.00 3.30 2.91 9.75 10.50 10.29 7.50 6.78 6.73 6.04 5.16 8.69 9.54 6.99 6.34 6.30 6.30 6.30 6.52 6.16 6.60 6.60 6.38 6.07 6.07 6.16
6.47 6.25 9.98 2.36 6.69 7.67 7.20 2.14 9.97 6.68 7.47 7.47 7.05 7.20 7.41 7.42 7.42 7.20 7.19 7.20 7.42 7.42 7.19 7.20 7.27 6.69 6.47 11.00 7.70 6.47 7.03 7.03 7.03 7.03 7.03 7.25 7.25 7.03 7.03 7.03 7.67 6.60 7.36 7.14 7.35 7.13 7.35 6.32 8.23 7.58 8.00 6.57 6.38 6.60 5.36 6.38 1.77 6.70 6.32 7.67 6.70 6.70 6.46 9.75 9.77 10.29 8.69 9.32 6.04 6.04 10.29 10.31 10.07 8.86 5.57 5.79 5.79 6.52 6.15 6.37 5.72 5.64 5.86 6.60
7.06 7.25 10.55 6.91 7.50 6.84 7.88 2.55 5.26 6.68 7.51 6.97 7.05 7.41 7.42 7.20 7.19 7.20 7.20 7.20 7.42 7.41 7.19 7.41 7.26 7.70 7.92 10.78 7.27 7.03 7.03 7.03 7.26 7.26 7.26 7.24 7.24 7.02 7.02 6.73 6.60 6.57 6.35 7.14 7.14 7.13 7.13 7.57 7.57 7.93 6.13 6.60 1.85 5.36 10.11 5.44 7.23 6.78 6.78 6.78 6.78 6.78 6.99 6.80 7.72 6.80 6.80 6.80 6.78 6.78 6.78 6.84 5.79 6.30 9.81 9.08 9.30 9.52 9.01 9.23 9.01 5.64 6.60 6.38
7.25 6.25 6.25 10.20 7.28 6.84 6.76 6.76 1.53 10.48 7.11 7.69 7.05 7.20 7.20 8.36 8.36 7.20 7.20 7.19 6.44 7.19 7.19 7.41 7.26 7.48 10.20 6.47 7.48 7.03 7.03 7.03 7.26 7.26 7.26 7.26 7.26 7.02 7.24 6.94 7.14 7.13 7.58 7.36 7.14 7.13 7.13 7.13 7.13 7.13 7.13 6.82 2.07 10.60 6.35 7.35 6.78 6.78 6.80 6.78 6.78 6.78 6.78 6.62 6.59 6.81 7.47 6.80 6.80 5.60 5.60 6.62 5.28 6.30 6.30 7.65 7.19 5.50 5.72 6.38 9.44 9.37 9.15 9.23
7.28 6.47 6.25 9.76 6.32 6.84 7.25 6.47 9.56 13.18 7.11 7.33 7.41 7.41 7.20 7.20 6.95 6.95 6.95 7.19 7.20 7.19 7.41 6.41 7.48 11.00 6.69 6.91 7.70 7.03 7.62 7.03 7.26 7.26 7.26 7.26 7.26 6.51 6.51 7.24 6.89 6.89 7.14 7.14 6.88 7.13 7.83 7.13 7.13 7.13 7.35 7.79 11.09 6.88 7.09 7.09 6.78 6.56 6.80 6.80 6.80 7.02 6.84 6.62 6.08 6.38 7.68 6.62 6.37 5.60 7.86 6.37 6.16 7.33 5.95 6.56 6.73 5.29 5.51 5.29 6.73 6.38 6.38 6.16
6.25 6.69 6.84 6.03 10.27 7.20 7.28 6.32 7.41 2.18 5.51 7.19 7.64 7.42 7.20 7.19 7.20 7.20 6.95 7.19 7.87 7.89 6.88 10.58 11.21 7.48 6.69 7.48 7.70 7.48 7.24 7.03 7.02 7.26 7.02 7.02 7.02 7.26 7.02 7.02 6.89 6.89 6.89 6.89 6.88 7.13 7.13 7.13 7.13 7.13 7.13 10.64 10.65 6.88 6.88 6.88 6.80 6.56 6.56 6.62 6.37 6.59 6.37 6.37 6.62 6.59 6.59 6.37 6.37 5.60 6.37 6.37 5.29 5.29 5.95 5.95 6.16 5.29 5.29 5.95 6.16 6.38 5.95 5.95
7.47 7.06 7.04 6.84 5.43 7.63 6.69 6.32 7.69 6.97 5.26 10.19 6.85 8.44 7.20 7.19 7.20 7.20 7.20 7.79 7.20 7.10 10.61 7.64 7.70 7.27 7.48 7.48 7.48 7.48 7.03 7.03 7.26 7.02 7.02 7.02 7.01 7.01 7.01 7.01 7.86 9.00 6.87 6.87 6.86 7.13 7.13 7.13 7.13 7.13 7.13 10.64 6.87 6.87 6.87 6.87 6.37 6.37 5.55 6.62 8.39 7.94 6.84 6.62 3.07 3.07 7.28 5.58 5.57 6.37 6.37 6.37 5.27 5.95 6.39 5.95 5.28 6.82 6.16 6.16 6.80 6.16 6.16 6.16
7.04 7.06 6.54 9.83 6.54 6.98 6.69 6.98 6.89 6.89 6.76 10.48 7.07 7.63 7.42 7.20 7.19 7.19 8.00 7.20 7.20 10.39 10.71 7.42 7.43 6.73 7.26 7.26 7.26 7.26 7.26 7.26 7.26 7.02 7.02 7.02 7.01 7.01 7.01 9.25 8.20 7.83 7.83 7.13 7.13 7.13 7.13 7.13 7.13 7.13 7.13 10.64 7.14 7.94 7.45 6.87 6.37 6.37 5.55 3.07 3.07 3.07 3.07 3.07 3.07 3.07 5.58 5.58 5.57 3.07 6.37 6.37 5.95 6.16 6.16 5.27 5.28 5.77 6.16 6.16 6.16 5.28 6.16 6.38
6.25 8.00 9.98 6.03 7.04 6.84 6.84 7.06 7.49 7.27 4.01 4.01 9.92 7.39 7.42 7.20 7.20 6.78 6.44 7.41 7.41 9.92 7.42 7.42 7.27 7.27 7.26 7.26 7.26 7.26 7.26 7.26 7.26 7.02 7.02 7.26 7.26 7.26 7.26 7.01 6.87 6.87 7.13 7.13 7.13 7.13 7.13 7.13 7.13 7.13 7.13 10.64 7.13 7.64 4.84 6.87 5.55 5.55 5.55 3.07 3.07 3.07 3.07 3.07 3.07 3.07 5.58 3.07 3.46 6.09 6.37 5.57 5.27 6.16 6.16 6.16 5.71 5.50 5.28 5.95 6.16 6.16 5.95 6.16
4.11 9.10 7.28 7.06 6.84 7.04 7.04 6.84 7.70 7.70 7.27 4.88 9.70 7.41 7.64 7.42 7.42 7.02 6.44 7.85 7.07 10.14 7.41 7.41 7.70 7.48 7.26 7.26 7.26 7.26 7.26 7.26 7.26 7.26 7.97 7.26 7.26 7.26 7.26 7.26 7.13 7.13 7.13 7.13 7.13 7.13 7.13 7.13 7.14 7.57 7.35 10.64 7.13 7.13 6.87 6.87 6.37 5.55 5.55 5.55 5.58 5.58 5.58 5.58 5.58 5.58 5.58 3.07 3.07 5.57 5.57 7.27 6.84 5.95 5.95 6.16 6.60 6.38 6.16 5.95 5.95 5.95 5.95 6.16
9.76 6.03 7.28 6.91 7.28 6.84 7.04 7.25 6.97 10.48 10.19 9.92 10.17 10.92 6.63 8.09 6.41 7.63 7.41 7.31 6.47 7.42 7.79 7.10 7.94 8.19 7.26 7.26 7.26 7.26 7.26 7.26 7.26 7.26 8.10 7.26 7.26 7.26 7.26 7.26 8.06 7.13 7.13 7.13 7.13 7.13 7.13 7.13 7.35 6.10 10.08 7.13 7.13 6.81 6.81 6.81 6.78 6.37 5.55 5.55 5.62 5.62 5.62 5.62 5.62 5.62 5.62 5.62 5.58 3.07 3.07 3.07 6.82 5.24 5.95 6.16 6.30 6.38 6.60 6.16 6.16 6.16 5.95 6.38
10.05 6.84 6.47 6.76 7.28 6.84 7.25 6.03 10.05 6.76 7.11 6.63 7.55 10.39 7.41 6.41 7.31 7.31 7.85 6.36 10.83 7.64 7.42 7.85 7.38 7.48 7.26 7.26 7.26 7.26 7.97 7.26 7.26 7.01 7.01 7.01 6.97 7.26 6.97 6.97 6.84 6.84 7.13 7.13 7.13 7.83 7.13 7.13 7.57 7.58 10.65 7.13 6.81 6.81 6.81 6.81 6.62 5.55 7.25 5.55 5.62 5.62 5.62 5.62 5.62 5.62 5.62 5.62 5.58 5.58 5.58 3.07 2.79 6.82 5.95 5.95 6.38 7.26 6.60 6.16 6.16 6.38 6.16 5.95
7.72 7.50 6.69 7.06 6.84 7.50 6.98 10.27 7.25 7.47 7.19 2.08 7.63 6.88 9.95 6.63 7.07 7.64 7.86 11.18 7.85 7.64 7.19 7.42 7.70 7.48 7.26 7.26 7.50 7.26 7.97 7.97 7.26 7.61 7.01 7.01 6.97 6.97 6.97 6.89 6.84 4.84 4.84 7.13 7.13 7.13 4.84 4.84 7.35 7.13 11.23 6.87 6.81 7.14 7.13 7.59 5.55 5.55 5.55 5.55 5.62 5.62 5.62 5.62 5.62 5.62 5.62 5.62 5.58 5.58 5.58 5.58 2.79 5.24 5.24 5.24 6.16 6.60 6.60 6.16 6.38 6.38 6.16 5.95
8.04 8.04 1.70 6.47 6.47 6.98 10.20 6.76 7.47 7.25 7.25 7.19 6.41 6.88 10.17 6.66 6.66 7.64 6.03 10.61 6.85 7.85 7.41 7.19 7.26 8.22 7.03 7.03 7.02 7.26 7.26 7.26 7.26 7.01 7.01 7.01 6.97 7.46 3.90 7.27 4.84 4.84 4.84 6.84 6.86 6.86 4.84 4.84 7.13 10.64 6.38 3.82 7.72 7.14 6.97 7.59 5.55 5.55 5.55 5.55 5.62 5.62 6.62 6.62 5.62 5.62 5.62 5.62 5.58 5.58 5.58 7.28 5.24 5.24 5.24 5.24 5.26 6.16 5.95 6.16 6.16 6.38 6.16 5.95
7.13 6.69 6.47 6.25 9.76 10.05 7.47 7.06 7.25 7.25 7.19 7.19 6.44 6.97 6.66 9.95 8.31 6.63 5.68 6.88 7.07 6.63 7.19 7.19 7.26 7.27 7.02 7.02 7.26 7.26 7.26 7.26 7.26 6.98 6.98 7.26 7.26 6.94 7.26 7.26 7.13 7.13 4.84 6.83 7.94 4.84 4.84 4.84 4.84 9.89 4.84 4.01 6.79 7.90 5.76 5.76 5.56 5.56 5.56 5.56 5.63 5.63 6.62 6.63 6.65 5.65 5.65 5.65 5.62 5.62 5.62 5.62 5.25 5.25 5.25 5.25 5.25 5.95 5.95 6.16 6.16 6.16 5.95 5.95
6.91 2.77 10.20 10.77 7.25 7.25 7.25 7.04 7.25 7.25 6.19 7.19 7.20 7.41 6.44 9.95 10.14 9.70 9.92 6.85 7.40 7.42 7.20 7.19 7.27 7.27 7.27 7.26 7.26 7.26 7.27 7.84 7.27 7.27 7.26 7.26 7.26 7.26 4.93 7.26 4.84 7.13 7.13 3.82 3.82 3.82 3.82 3.82 3.82 8.35 6.84 6.84 6.79 6.79 5.76 5.76 7.26 5.56 5.56 5.56 5.63 7.31 7.61 6.63 6.65 6.65 5.65 5.65 5.62 5.62 5.62 5.62 5.25 5.25 6.16 5.95 5.95 5.95 6.16 5.25 5.95 6.16 5.95 5.95
8.78 12.73 11.86 8.52 7.30 8.35 2.15 8.24 5.13 7.24 7.20 7.20 7.20 2.97 7.35 6.47 9.98 7.20 10.20 7.57 7.13 7.20 7.20 7.20 7.15 7.15 7.85 7.15 7.15 7.15 7.15 7.15 6.84 7.15 7.15 7.15 7.15 4.88 4.88 7.15 6.98 6.98 6.98 3.81 3.81 4.23 3.81 4.78 4.78 4.78 8.90 4.78 3.81 6.58 5.60 5.60 5.32 5.32 5.32 5.32 5.39 5.39 6.33 6.33 6.35 6.35 6.35 5.40 5.37 5.37 5.37 5.37 5.06 5.06 5.06 5.65 5.65 5.65 5.84 5.27 5.27 5.05 5.05 5.05
12.29 12.29 8.68 8.46 2.58 8.13 8.24 5.22 7.24 7.24 7.20 7.90 7.20 7.10 10.42 9.98 6.91 7.42 9.74 7.14 7.13 7.20 7.20 7.89 7.15 7.15 7.95 7.15 7.15 7.15 6.88 6.88 6.84 7.15 7.15 7.15 7.89 4.88 4.88 8.40 7.67 6.97 6.97 6.97 6.97 4.78 4.78 4.78 4.78 4.78 8.30 3.81 3.81 7.14 5.60 5.60 5.32 5.32 5.32 5.32 5.39 5.39 6.42 6.42 6.35 6.35 6.35 5.40 6.95 6.27 5.37 5.37 5.53 5.53 5.06 5.06 5.84 5.84 5.84 5.87 5.05 5.05 5.05 5.05
12.08 3.68 8.96 8.08 8.90 8.90 9.14 8.24 6.24 6.97 7.63 7.20 7.63 7.35 10.86 7.35 7.13 6.88 10.20 6.69 7.63 7.42 7.20 7.20 7.15 7.15 7.15 7.15 7.15 6.85 6.85 6.85 6.79 6.79 7.15 7.15 7.86 7.86 7.15 7.15 6.97 6.97 6.97 6.97 6.97 6.97 6.97 6.97 7.67 7.67 9.68 7.54 4.03 6.60 6.60 5.62 5.31 5.31 5.31 5.31 5.37 5.37 6.31 6.31 6.35 6.42 6.42 6.42 6.27 6.27 5.38 5.38 5.07 5.07 5.07 5.84 5.84 5.84 6.06 6.06 5.65 5.05 5.05 5.05
11.13 11.79 8.50 8.52 8.52 8.96 8.08 8.83 6.53 6.66 7.63 7.20 7.63 10.86 11.29 11.05 7.35 7.54 10.61 6.66 6.66 6.44 7.20 7.20 7.15 7.15 7.15 7.15 7.15 7.15 6.85 6.85 6.79 7.15 7.15 7.89 7.15 7.15 7.15 7.15 6.97 7.86 6.57 6.97 6.61 6.61 6.97 6.97 6.97 6.97 6.97 9.11 5.00 3.81 3.81 5.62 5.31 5.31 5.31 5.31 5.37 6.31 6.31 6.31 6.35 6.42 6.42 6.42 6.27 6.27 5.38 5.38 5.54 5.07 5.07 6.46 5.84 5.05 5.27 5.84 5.84 5.05 5.05 5.05
0.00 4.42 11.35 7.84 7.84 7.84 7.40 8.35 6.68 6.91 7.20 11.95 11.15 7.98 8.89 8.51 10.86 11.15 11.08 6.88 7.20 6.44 7.20 7.20 7.85 7.15 7.15 7.15 6.85 6.85 6.85 6.85 6.79 6.79 7.89 7.89 7.86 7.15 7.15 7.15 6.57 6.57 6.57 6.57 6.61 6.61 6.61 7.65 7.65 6.97 6.98 10.49 7.67 3.81 6.60 6.60 5.31 5.31 5.31 5.31 5.37 5.37 6.31 6.31 6.35 6.42 7.07 6.42 6.27 5.38 5.88 5.38 5.07 5.07 5.84 5.84 5.05 5.84 5.65 5.05 5.84 6.49 5.87 5.87
0.00 0.00 4.42 11.20 11.20 11.20 11.13 11.13 6.90 10.39 9.96 11.09 7.35 8.95 7.78 7.20 7.78 10.86 6.91 7.64 7.20 7.20 7.20 7.20 7.15 7.15 7.15 7.85 7.15 6.85 6.85 6.85 6.79 6.79 6.79 6.79 7.15 7.15 6.71 5.73 5.59 5.59 5.59 5.59 5.62 6.61 6.61 6.97 6.97 6.97 7.20 9.75 7.75 6.97 6.60 6.60 5.31 5.31 5.31 5.31 5.37 5.37 5.37 6.31 6.35 6.35 0.00 6.35 5.38 5.38 5.38 5.38 5.07 6.56 5.84 5.84 5.05 5.05 5.05 5.84 5.84 5.84 6.85 5.65
0.00 0.00 0.00 0.00 0.00 0.00 0.00 0.00 9.97 9.96 6.89 6.47 7.85 7.42 7.20 7.20 7.64 7.64 6.69 7.42 6.90 7.20 7.20 7.20 7.85 7.15 8.09 7.15 7.15 6.78 6.78 6.78 6.72 6.72 6.72 7.15 6.74 6.74 5.73 5.73 5.60 5.60 5.60 5.60 5.61 5.61 6.59 6.59 6.60 7.66 7.19 9.99 7.63 8.53 6.62 6.62 6.24 5.31 5.31 5.31 5.35 5.35 5.35 5.85 5.39 0.00 0.00 0.00 5.38 5.38 0.00 0.00 0.00 5.09 6.57 5.84 5.84 5.84 5.05 5.84 5.84 6.06 6.06 5.84
0.00 0.00 0.00 0.00 0.00 0.00 0.00 0.00 0.00 0.00 3.92 6.47 6.91 7.13 7.42 7.20 7.20 7.20 7.42 6.69 7.20 7.20 7.90 7.20 7.15 7.85 7.15 6.86 6.78 6.78 6.78 6.78 6.72 6.72 6.72 6.72 6.74 6.74 6.74 6.74 6.97 6.97 6.59 5.60 5.61 5.61 6.59 6.59 7.16 6.60 8.67 7.66 10.49 6.62 6.62 6.62 6.24 5.31 5.31 5.31 5.35 5.35 5.35 5.35 5.39 0.00 0.00 0.00 0.00 0.00 0.00 0.00 0.00 0.00 0.00 5.09 5.84 5.05 5.05 5.84 5.65 5.84 6.06 5.84
0.00 0.00 0.00 0.00 0.00 0.00 0.00 0.00 0.00 0.00 3.92 3.92 3.92 7.42 6.90 7.20 7.20 7.20 7.97 7.97 7.97 7.97 7.20 7.20 7.15 7.15 7.15 6.86 6.78 6.78 6.78 6.78 6.72 6.72 6.72 6.72 6.74 6.74 6.74 6.74 7.15 7.09 6.97 6.59 5.61 5.61 5.61 6.59 6.60 7.66 6.60 6.60 10.49 6.62 6.62 6.62 6.24 6.24 5.31 5.31 5.35 5.35 5.35 5.35 5.39 5.89 5.39 0.00 0.00 0.00 0.00 0.00 0.00 0.00 0.00 0.00 0.00 6.55 5.05 5.84 5.84 5.84 6.46 5.84
0.00 0.00 0.00 0.00 0.00 0.00 0.00 0.00 0.00 0.00 0.00 0.00 3.36 3.36 6.90 6.90 7.20 7.20 7.97 7.97 6.90 6.90 7.20 7.20 7.15 4.88 7.92 6.86 6.78 6.78 6.78 6.78 6.72 6.72 6.72 6.72 6.74 6.74 6.74 6.74 6.59 6.59 6.82 5.60 5.61 6.12 5.61 5.61 5.61 7.66 7.66 6.60 10.49 6.98 6.62 7.18 6.24 6.24 5.31 5.31 5.35 5.35 5.35 5.35 5.39 5.39 5.39 0.00 0.00 0.00 0.00 0.00 0.00 0.00 0.00 0.00 5.27 5.18 5.65 5.65 5.65 5.65 6.63 5.84
0.00 0.00 0.00 0.00 0.00 0.00 0.00 0.00 0.00 0.00 0.00 0.00 0.00 3.36 5.85 5.85 7.20 7.20 6.91 6.91 3.92 6.90 3.92 7.20 7.15 4.88 4.88 6.79 6.70 6.70 7.27 6.70 6.77 5.75 5.75 5.75 5.82 5.82 5.82 5.82 5.68 5.68 5.68 5.68 5.67 5.67 5.67 5.67 5.62 7.36 5.62 5.62 10.06 6.98 6.98 6.58 6.77 6.24 6.24 6.24 6.29 5.35 5.35 0.00 0.00 0.00 0.00 0.00 0.00 0.00 0.00 0.00 0.00 0.00 0.00 0.00 5.07 6.28 6.09 9.60 9.38 8.55 8.55 5.84
0.00 0.00 0.00 0.00 0.00 0.00 0.00 0.00 0.00 0.00 0.00 0.00 0.00 0.00 3.79 3.36 6.75 6.75 5.86 3.92 3.92 3.92 3.92 7.20 6.79 4.88 6.79 6.79 6.70 6.70 6.70 6.70 5.75 5.75 5.75 5.75 5.82 5.82 5.82 5.82 5.68 5.68 5.68 5.68 5.67 5.67 5.67 5.67 5.62 5.62 5.62 5.62 10.06 6.55 6.55 6.58 6.24 6.24 6.24 6.24 6.29 6.29 0.00 0.00 0.00 0.00 0.00 0.00 0.00 0.00 0.00 0.00 0.00 0.00 0.00 0.00 2.56 3.00 5.54 6.09 6.06 5.04 5.04 9.35
0.00 0.00 0.00 0.00 0.00 0.00 0.00 0.00 0.00 0.00 0.00 0.00 0.00 0.00 0.00 3.36 3.36 3.36 6.41 3.74 3.36 3.36 5.86 5.86 5.76 5.76 6.79 7.35 6.70 6.70 6.70 6.70 5.75 5.75 5.75 5.75 5.82 5.82 5.82 5.82 5.68 5.68 5.68 5.68 5.67 5.67 5.67 5.67 5.62 5.62 5.62 5.62 5.60 10.06 6.55 5.60 6.24 6.24 6.24 6.24 6.29 0.00 0.00 0.00 0.00 0.00 0.00 0.00 0.00 0.00 0.00 0.00 0.00 0.00 0.00 0.00 0.00 2.92 2.56 2.56 5.65 5.04 5.04 5.04
0.00 0.00 0.00 0.00 0.00 0.00 0.00 0.00 0.00 0.00 0.00 0.00 0.00 0.00 0.00 0.00 0.00 3.36 3.36 3.36 3.36 3.36 5.86 5.86 5.76 5.76 6.79 6.79 6.70 6.70 6.70 5.69 5.75 5.75 0.00 0.00 0.00 0.00 0.00 0.00 0.00 0.00 0.00 0.00 0.00 0.00 5.67 5.67 5.62 5.62 5.62 5.62 5.60 10.06 6.55 5.60 6.24 6.24 6.24 6.77 6.29 0.00 0.00 0.00 0.00 0.00 0.00 0.00 0.00 0.00 0.00 0.00 0.00 0.00 0.00 0.00 0.00 0.00 0.00 0.00 0.00 5.04 6.54 5.04
0.00 0.00 0.00 0.00 0.00 0.00 0.00 0.00 0.00 0.00 0.00 0.00 0.00 0.00 0.00 0.00 0.00 0.00 0.00 0.00 0.00 0.00 3.36 5.83 5.74 5.74 5.74 6.76 6.75 6.75 5.73 5.73 5.78 0.00 0.00 0.00 0.00 0.00 0.00 0.00 0.00 0.00 0.00 0.00 0.00 0.00 0.00 0.00 0.00 6.19 5.67 5.67 5.57 5.57 10.06 5.57 5.25 6.17 6.17 6.17 6.25 0.00 0.00 0.00 0.00 0.00 0.00 0.00 0.00 0.00 0.00 0.00 0.00 0.00 0.00 0.00 0.00 0.00 0.00 0.00 0.00 5.02 6.53 5.02
0.00 0.00 0.00 0.00 0.00 0.00 0.00 0.00 0.00 0.00 0.00 0.00 0.00 0.00 0.00 0.00 0.00 0.00 0.00 0.00 0.00 0.00 0.00 3.36 5.74 5.74 5.74 5.74 5.73 5.73 5.73 5.73 0.00 0.00 0.00 0.00 0.00 0.00 0.00 0.00 0.00 0.00 0.00 0.00 0.00 0.00 0.00 0.00 0.00 0.00 5.67 5.67 5.57 5.57 10.06 6.55 5.46 5.25 5.25 5.25 5.32 0.00 0.00 0.00 0.00 0.00 0.00 0.00 0.00 0.00 0.00 0.00 0.00 0.00 0.00 0.00 0.00 0.00 0.00 0.00 0.00 5.49 5.02 6.53
0.00 0.00 0.00 0.00 0.00 0.00 0.00 0.00 0.00 0.00 0.00 0.00 0.00 0.00 0.00 0.00 0.00 0.00 0.00 0.00 0.00 0.00 0.00 0.00 0.00 0.00 0.00 5.94 5.93 5.93 5.93 0.00 0.00 0.00 0.00 0.00 0.00 0.00 0.00 0.00 0.00 0.00 0.00 0.00 0.00 0.00 0.00 0.00 0.00 0.00 6.29 5.80 5.69 5.69 11.65 11.65 5.46 5.46 5.46 5.46 5.53 7.77 0.00 0.00 0.00 0.00 0.00 0.00 0.00 0.00 0.00 0.00 0.00 0.00 0.00 0.00 0.00 0.00 0.00 0.00 0.00 0.00 4.84 5.32
0.00 0.00 0.00 0.00 0.00 0.00 0.00 0.00 0.00 0.00 0.00 0.00 0.00 0.00 0.00 0.00 0.00 0.00 0.00 0.00 0.00 0.00 0.00 0.00 0.00 0.00 0.00 0.00 5.93 5.93 0.00 0.00 0.00 0.00 0.00 0.00 0.00 0.00 0.00 0.00 0.00 0.00 0.00 0.00 0.00 0.00 0.00 0.00 0.00 0.00 5.80 5.80 5.69 5.69 5.69 11.65 10.72 5.46 7.77 5.46 5.53 5.53 5.53 5.53 0.00 0.00 0.00 0.00 0.00 0.00 0.00 0.00 0.00 0.00 0.00 0.00 0.00 0.00 0.00 0.00 0.00 0.00 0.00 5.32
0.00 0.00 0.00 0.00 0.00 0.00 0.00 0.00 0.00 0.00 0.00 0.00 0.00 0.00 0.00 0.00 0.00 0.00 0.00 0.00 0.00 0.00 0.00 0.00 0.00 0.00 0.00 0.00 5.98 5.98 0.00 0.00 0.00 0.00 0.00 0.00 0.00 0.00 0.00 0.00 0.00 0.00 0.00 0.00 0.00 0.00 0.00 0.00 0.00 0.00 5.79 5.79 5.67 5.67 5.67 5.67 7.77 7.77 7.77 5.42 5.50 5.50 5.50 5.50 0.00 0.00 0.00 0.00 0.00 0.00 0.00 0.00 0.00 0.00 0.00 0.00 0.00 0.00 0.00 0.00 0.00 0.00 0.00 0.00
0.00 0.00 0.00 0.00 0.00 0.00 0.00 0.00 0.00 0.00 0.00 0.00 0.00 0.00 0.00 0.00 0.00 0.00 0.00 0.00 0.00 0.00 0.00 0.00 0.00 0.00 0.00 0.00 5.78 5.98 0.00 0.00 0.00 0.00 0.00 0.00 0.00 0.00 0.00 0.00 0.00 0.00 0.00 0.00 0.00 0.00 0.00 0.00 0.00 0.00 5.79 5.79 5.67 5.67 5.67 5.67 5.42 7.77 5.42 5.42 5.50 5.50 5.50 7.77 0.00 0.00 0.00 0.00 0.00 0.00 0.00 0.00 0.00 0.00 0.00 0.00 0.00 0.00 0.00 0.00 0.00 0.00 0.00 0.00
