New_Model_Runs/6_FutureClimate_RCP45_out/post_prcessed_with_MFR/Monthly_summaries/net_infiltration_monthly_MAY.asc
NCOLS 700
NROWS 400
XLLCENTER 515000.000000
YLLCENTER 8409000.000000
CELLSIZE 50.000000
NODATA_value -999.000000
[rows 216 to 251 of 400, columns 249 to 331 of 700]
9.15 9.15 11.00 10.17 9.09 9.09 9.09 9.06 12.17 12.17 12.17 12.43 12.43 12.43 12.43 12.48 12.48 12.48 12.48 12.46 15.93 15.93 22.60 21.55 21.55 21.55 23.12 21.93 14.36 14.36 11.35 11.20 11.20 11.20 11.20 11.12 11.12 11.12 13.93 10.67 10.67 10.67 10.67 10.66 10.66 10.66 10.66 10.66 10.66 10.66 10.66 10.69 8.14 10.69 10.69 10.52 10.52 10.52 10.52 10.55 10.55 10.55 10.55 10.56 11.91 10.56 13.16 12.97 15.69 13.06 12.36 11.35 11.92 10.55 10.33 18.10 11.80 12.96 10.09 9.99 9.99 9.99 9.99
10.25 9.15 9.15 9.09 9.09 9.09 9.09 9.06 12.17 12.17 12.17 12.43 12.43 12.43 12.43 12.48 12.48 12.48 15.96 15.93 15.93 22.60 22.60 21.55 21.55 21.55 21.55 21.49 14.36 13.05 12.85 11.20 11.20 11.20 11.20 11.12 11.12 11.12 11.12 10.67 10.67 10.67 10.67 10.66 10.66 10.66 10.66 10.66 10.66 10.66 10.66 12.61 10.69 10.69 10.69 10.52 10.52 11.86 10.52 10.55 10.55 10.55 10.55 10.56 10.56 10.56 13.16 12.97 11.98 12.20 13.20 12.38 11.32 10.55 12.75 3.52 11.80 11.35 12.86 12.72 9.99 9.99 12.49
9.15 9.15 9.15 9.09 9.09 9.09 9.09 9.06 9.06 12.17 12.17 12.43 12.43 12.43 12.43 15.96 13.75 15.96 15.96 15.93 15.93 22.60 22.60 21.55 21.55 21.55 23.18 23.18 14.36 14.36 11.35 14.13 14.13 11.20 11.20 11.12 11.12 11.12 11.12 10.67 10.67 10.67 10.67 10.66 10.66 10.66 10.66 10.66 10.66 10.66 10.66 10.69 10.69 10.69 10.69 10.52 10.52 10.52 10.52 10.55 10.55 10.55 10.55 10.56 10.56 13.16 13.65 12.97 12.13 12.91 11.10 11.24 9.12 10.33 14.63 10.78 11.35 10.55 11.20 3.03 11.61 12.17 12.17
9.15 9.15 9.15 9.09 9.09 9.09 9.09 9.06 9.06 12.17 12.17 12.43 12.43 12.43 12.43 15.96 15.91 15.91 15.84 15.93 22.60 22.60 22.60 21.55 18.63 18.94 23.18 23.18 21.49 14.36 14.36 14.74 14.13 14.13 11.20 11.12 11.12 11.12 13.05 13.13 12.60 10.67 10.67 10.66 10.66 10.66 10.66 10.66 10.66 10.66 12.06 10.69 10.69 10.69 10.69 10.52 10.52 11.86 10.52 10.55 10.55 10.55 10.55 10.56 10.56 13.16 13.16 11.98 11.98 11.10 11.10 11.58 10.55 10.55 14.18 10.33 10.33 2.81 6.66 6.43 6.43 6.43 14.60
9.12 9.12 9.12 9.18 9.18 9.18 9.18 9.15 9.15 12.28 12.28 12.46 12.46 12.46 12.46 15.97 15.91 15.84 15.84 22.59 22.59 22.59 22.59 21.54 18.63 23.18 23.18 13.87 13.87 14.01 14.36 14.58 14.92 16.65 12.64 11.03 11.03 11.03 11.03 3.89 15.57 10.70 10.70 10.76 10.76 10.76 10.76 10.69 10.69 10.69 10.69 10.68 10.68 10.68 10.68 10.53 10.53 13.12 10.53 10.58 10.58 10.58 12.37 12.35 10.54 13.14 13.14 13.66 12.13 11.10 3.33 11.35 11.58 10.55 14.18 10.33 6.43 6.66 2.81 11.34 10.97 9.35 0.00
9.12 10.22 9.12 9.18 9.18 9.18 9.18 9.15 9.15 9.15 12.28 12.46 12.46 12.46 12.46 19.59 15.91 15.97 22.62 22.59 22.59 22.59 22.59 21.54 23.18 24.09 23.18 14.09 13.84 17.47 14.58 14.05 16.62 14.05 11.14 11.03 11.03 11.03 11.03 10.70 7.27 15.99 12.12 10.76 10.76 10.76 10.76 10.69 10.69 10.69 10.69 10.68 10.68 10.68 10.68 10.53 10.53 12.97 12.97 11.32 10.58 12.37 8.13 8.13 9.17 10.54 13.14 13.40 12.36 11.10 2.93 3.10 3.19 3.41 6.37 14.60 6.66 11.57 10.97 10.97 11.34 4.25 0.00
9.12 9.12 9.12 9.18 9.18 9.18 9.18 9.15 9.15 9.15 12.28 12.46 12.46 12.46 12.46 19.47 15.84 15.97 22.62 22.59 22.59 22.59 22.59 21.54 23.44 23.18 23.18 15.09 17.04 18.09 14.58 14.05 14.05 11.14 11.14 13.14 11.03 11.03 11.03 13.28 6.75 13.35 13.86 10.76 12.66 10.76 10.76 10.69 10.69 10.69 10.69 10.68 10.68 10.68 12.37 10.53 10.53 12.97 16.46 12.36 13.65 13.89 8.13 8.13 8.13 10.54 10.54 10.79 13.06 11.10 11.10 6.37 12.98 6.59 6.43 10.97 10.97 11.93 11.93 10.97 11.67 0.00 0.00
9.12 9.12 9.12 9.18 9.18 9.18 9.18 9.15 9.15 9.15 11.78 12.46 12.46 12.46 14.57 19.47 15.84 22.62 22.62 22.59 22.59 22.59 22.59 21.54 21.54 21.54 22.86 17.47 17.72 11.35 11.35 14.05 11.14 12.61 11.14 13.14 11.03 13.14 11.96 10.70 13.40 6.98 12.72 13.51 13.28 14.03 10.76 10.69 10.69 10.69 10.69 10.68 10.68 10.68 12.37 10.53 12.13 16.60 15.07 11.98 12.43 11.33 11.44 8.13 12.35 8.35 10.77 12.97 12.13 13.39 14.73 3.10 2.74 10.97 11.42 11.90 11.93 10.97 10.97 10.97 11.67 0.00 0.00
10.25 9.15 9.15 9.24 9.24 9.24 9.24 9.18 10.27 9.18 9.18 12.47 9.68 15.95 19.47 28.65 25.02 22.60 22.60 22.57 22.57 22.57 22.57 21.53 23.20 23.18 23.58 20.90 11.29 11.29 11.29 13.10 11.03 11.03 11.03 13.11 11.58 11.58 10.97 10.72 10.72 12.37 7.74 13.35 13.28 13.28 10.78 12.10 10.70 10.70 10.70 10.71 10.71 10.71 12.37 12.13 15.76 10.57 11.33 14.73 3.56 11.33 12.97 8.13 8.13 9.99 3.16 6.56 14.73 11.33 11.33 11.58 10.97 11.93 12.60 12.12 10.97 11.34 12.12 11.20 10.97 0.00 0.00
9.15 9.15 9.15 9.24 9.24 9.24 9.24 9.18 9.18 9.18 9.18 9.68 20.89 15.91 28.65 22.60 19.82 22.60 22.60 22.57 22.57 22.57 22.57 21.53 21.75 14.06 16.82 12.96 11.52 11.29 11.29 11.03 12.51 11.03 11.58 10.97 11.58 11.58 11.83 10.72 10.72 10.72 16.90 14.89 12.04 18.53 10.78 10.70 12.10 10.70 10.70 10.71 10.71 10.71 10.71 10.52 15.76 12.06 11.10 14.73 14.96 3.16 2.93 12.83 11.44 6.56 6.56 6.56 11.98 12.36 11.33 11.90 11.67 11.93 7.88 12.15 11.80 11.67 11.42 11.42 11.34 11.67 0.00
9.08 9.08 9.08 9.17 9.17 9.17 9.17 9.03 9.03 9.03 9.03 12.68 15.41 19.04 22.35 24.62 24.62 24.62 22.34 22.31 22.31 22.31 26.67 21.11 21.34 16.78 16.56 12.70 13.91 13.69 10.88 10.62 10.62 11.50 11.00 11.00 11.00 11.00 10.57 10.34 10.34 10.34 10.57 15.30 12.45 10.44 11.82 11.82 10.32 10.32 10.32 8.03 10.33 12.14 8.03 13.66 11.15 11.54 10.92 9.89 13.52 6.25 6.25 12.37 15.00 6.70 2.62 14.47 10.84 10.92 7.40 11.82 12.12 11.71 11.71 12.57 12.39 9.93 12.05 12.12 11.82 12.05 0.00
9.08 9.08 9.08 9.17 9.17 9.17 9.17 9.03 9.03 9.03 9.03 12.68 19.04 19.04 24.63 19.62 19.62 24.62 22.34 22.31 22.31 22.53 33.86 21.11 21.34 17.67 13.37 13.91 13.69 13.69 10.88 10.62 10.62 10.62 11.00 11.00 11.00 11.00 11.00 10.34 10.34 10.34 12.88 12.12 15.11 10.95 12.94 10.54 10.32 10.32 10.32 12.14 11.97 8.03 8.03 7.56 14.78 11.54 6.25 6.25 6.25 6.69 9.89 2.85 11.60 6.70 2.50 6.13 9.66 10.61 5.13 11.82 8.14 12.68 4.31 12.79 11.83 11.60 11.94 11.48 11.48 0.00 0.00
9.10 13.25 9.10 9.17 9.17 9.17 9.17 9.02 9.02 9.02 9.02 14.00 19.04 19.14 19.85 25.08 24.86 22.30 22.30 22.27 22.27 22.49 26.17 20.11 15.88 13.91 10.88 10.69 13.40 13.40 10.69 11.85 10.49 10.49 11.00 11.00 11.00 11.00 11.00 10.37 10.37 10.37 12.88 11.89 11.28 14.57 13.18 13.32 10.58 8.03 10.35 10.34 10.67 12.12 11.67 7.56 14.47 6.41 6.25 2.62 2.62 9.89 9.89 10.84 7.33 7.33 11.97 11.53 10.32 2.96 0.00 4.08 0.00 0.00 0.00 0.00 0.00 0.00 0.00 0.00 0.00 0.00 0.00
13.25 13.25 9.10 9.17 9.17 9.17 9.17 9.02 9.02 10.04 12.80 14.10 15.59 19.78 24.82 19.85 19.85 22.30 22.30 22.27 22.27 22.72 24.39 16.48 10.88 10.88 10.88 10.69 10.69 13.40 13.40 11.85 10.49 10.49 10.49 10.60 10.60 10.60 10.60 10.37 10.37 10.37 13.57 13.25 13.56 13.70 15.24 12.72 12.88 12.20 10.58 10.34 12.57 3.74 10.95 6.63 6.25 14.27 10.11 2.97 10.65 3.07 10.19 9.89 9.89 11.15 10.96 10.61 0.00 0.00 0.00 0.00 0.00 0.00 0.00 0.00 0.00 0.00 0.00 0.00 0.00 0.00 0.00
14.77 13.25 9.10 9.17 9.17 9.17 9.17 9.02 9.02 9.02 9.02 9.09 14.10 19.04 24.63 24.63 24.59 22.30 22.30 24.63 22.27 22.26 23.48 16.00 10.88 10.88 10.88 10.69 10.69 10.69 12.03 10.49 10.49 10.49 10.49 10.60 10.60 10.60 10.60 10.37 10.37 10.37 12.57 13.02 12.57 3.32 6.91 14.57 11.17 12.12 13.09 10.34 7.37 7.20 15.13 7.50 6.70 3.07 8.97 7.33 11.07 11.37 10.92 10.19 10.19 10.42 11.08 11.06 0.00 0.00 0.00 0.00 0.00 0.00 0.00 0.00 0.00 0.00 0.00 0.00 0.00 0.00 0.00
13.25 9.10 10.21 9.17 9.17 9.17 9.17 9.02 9.02 9.02 9.02 9.09 9.09 17.73 25.08 25.08 22.30 22.30 19.62 24.56 19.62 24.56 28.19 10.88 10.88 10.88 10.88 10.69 10.69 10.69 10.69 10.49 10.49 10.49 10.49 10.60 10.60 10.60 13.27 12.89 10.37 10.37 13.12 12.21 11.17 11.17 2.89 14.57 14.57 2.89 6.52 13.84 6.69 11.97 12.42 11.60 9.89 13.82 10.19 10.92 9.89 7.33 7.33 10.19 10.19 10.59 0.00 0.00 0.00 0.00 0.00 0.00 0.00 0.00 7.53 0.00 0.00 0.00 0.00 0.00 0.00 0.00 0.00
9.11 9.11 9.11 9.20 9.20 9.20 9.20 9.00 9.00 9.00 9.00 9.06 10.11 17.73 25.08 25.08 24.63 24.63 25.08 24.97 24.63 21.69 18.12 14.85 10.76 12.18 10.76 10.57 10.57 10.57 10.57 10.53 10.53 10.53 10.53 10.68 10.68 10.68 13.39 12.65 12.65 12.80 11.67 12.21 11.28 10.95 3.52 6.75 6.52 6.52 6.52 11.51 3.12 11.82 9.64 9.89 2.62 12.37 9.89 9.89 9.89 10.42 10.42 7.33 9.26 9.75 2.96 0.00 0.00 0.00 0.00 0.00 0.00 0.00 11.16 0.00 0.00 0.00 0.00 0.00 0.00 0.00 0.00
9.11 9.11 9.11 9.20 9.20 9.20 9.20 9.00 9.00 9.00 9.00 9.06 9.06 17.73 24.63 22.74 22.26 24.63 24.86 23.96 23.94 23.94 18.12 10.76 12.18 10.76 10.76 10.57 10.57 10.57 10.57 10.53 10.53 10.53 10.53 10.68 10.68 10.68 10.68 10.39 12.80 12.80 12.80 19.78 11.28 11.28 6.75 16.00 2.89 10.95 10.95 10.32 3.12 9.87 11.17 2.62 2.62 6.25 6.25 8.97 10.12 7.56 11.15 11.77 11.77 11.15 10.61 0.00 10.55 0.00 0.00 0.00 0.00 7.50 11.16 11.16 0.00 0.00 0.00 0.00 0.00 0.00 0.00
9.11 9.11 9.11 9.20 9.20 9.20 9.20 9.00 9.00 9.00 9.00 9.06 9.06 16.23 19.42 22.49 22.26 22.49 24.18 23.96 24.34 27.57 12.29 10.98 10.76 10.76 10.76 10.57 10.57 10.57 10.57 10.53 14.57 10.53 10.53 10.68 10.68 10.68 12.08 10.39 12.93 12.80 21.96 21.08 16.66 6.52 2.89 10.95 10.95 10.95 11.82 12.05 8.03 8.03 8.03 10.84 10.19 2.85 6.48 8.97 9.89 9.89 11.32 7.40 10.81 11.77 7.43 7.64 7.42 10.61 0.00 0.00 0.00 0.00 0.00 0.00 0.00 0.00 0.00 0.00 0.00 0.00 0.00
9.11 9.11 9.11 9.20 9.20 9.20 9.20 9.00 9.00 9.00 9.00 9.06 12.60 26.56 19.42 22.26 22.49 25.08 22.37 24.97 24.34 30.68 12.06 10.98 10.98 13.51 12.83 10.57 10.57 10.57 10.57 10.53 10.53 10.53 10.53 10.68 10.68 10.68 10.68 12.93 12.93 20.53 21.08 16.66 24.71 19.78 21.42 22.10 11.97 12.73 12.20 12.13 11.82 11.97 11.97 11.15 10.12 9.89 9.89 6.48 11.07 11.32 10.95 9.50 11.27 7.66 7.43 7.42 2.96 2.96 0.00 0.00 0.00 0.00 0.00 0.00 0.00 0.00 0.00 0.00 0.00 0.00 0.00
9.16 9.16 9.16 9.27 9.27 9.27 9.27 9.02 9.02 9.02 9.02 9.03 14.10 26.56 19.17 19.15 24.86 13.83 13.83 22.12 24.34 27.97 25.75 21.73 13.74 22.41 21.81 10.86 10.64 10.86 10.64 10.63 11.99 10.63 10.63 10.66 10.66 10.66 10.66 13.06 20.47 20.47 24.93 24.71 23.63 22.41 22.19 22.33 22.92 11.97 12.20 12.05 8.03 11.97 8.03 11.37 10.34 10.12 10.19 12.60 11.77 11.12 0.00 0.00 0.00 2.96 7.38 0.00 2.96 2.96 0.00 0.00 0.00 0.00 0.00 0.00 0.00 0.00 0.00 0.00 0.00 0.00 0.00
9.16 9.16 9.16 9.27 9.27 9.27 9.27 9.02 9.02 9.02 9.02 9.03 22.93 26.56 22.80 22.78 22.20 13.83 13.83 13.60 23.51 27.97 25.32 16.69 13.51 13.29 18.45 12.04 10.64 10.86 10.86 10.63 10.63 10.63 10.63 10.66 10.66 10.66 10.66 10.44 24.32 25.04 21.31 21.31 13.03 17.11 13.87 22.09 21.87 21.08 10.95 11.28 11.97 8.03 11.97 11.07 10.65 10.42 9.65 7.33 14.58 11.12 0.00 0.00 0.00 0.00 0.00 0.00 0.00 0.00 0.00 0.00 0.00 0.00 0.00 0.00 0.00 0.00 0.00 0.00 0.00 0.00 0.00
9.16 9.16 9.16 9.27 9.27 9.27 9.27 9.02 9.02 9.02 9.02 14.10 26.79 23.15 26.25 19.15 22.20 22.20 13.83 17.77 17.23 27.13 23.51 24.99 16.69 16.69 24.03 10.64 10.64 13.30 13.53 13.14 13.31 10.63 10.63 10.66 10.66 10.66 13.37 6.92 16.66 21.31 13.25 21.08 21.31 21.08 23.40 14.23 21.53 21.76 21.31 3.12 11.97 11.97 11.97 10.92 10.92 9.65 12.04 12.81 3.19 14.58 0.00 0.00 0.00 0.00 0.00 0.00 0.00 0.00 0.00 0.00 0.00 0.00 0.00 0.00 0.00 0.00 0.00 0.00 0.00 0.00 0.00
9.16 9.16 9.16 9.27 9.27 9.27 9.27 9.02 9.02 9.24 11.36 14.33 23.38 17.26 13.86 23.16 22.78 23.25 17.23 27.13 23.51 23.51 24.34 20.85 23.49 25.36 25.59 16.96 15.65 15.88 15.88 12.03 12.03 3.11 10.60 12.48 10.66 10.66 23.74 16.88 16.66 21.53 21.53 13.25 13.25 21.08 16.66 16.66 14.10 23.34 14.61 21.98 11.17 10.95 8.03 10.92 7.33 12.46 13.26 3.86 4.04 15.81 11.95 0.00 0.00 0.00 0.00 0.00 0.00 0.00 0.00 0.00 0.00 0.00 0.00 0.00 0.00 0.00 0.00 0.00 0.00 0.00 0.00
9.22 9.22 9.22 9.32 9.32 9.32 9.32 9.02 9.02 14.33 14.22 14.33 22.93 16.81 13.63 16.58 16.81 24.86 13.60 23.51 24.34 22.07 22.07 22.36 24.59 21.96 21.59 21.36 21.36 21.85 25.22 25.22 24.99 24.99 16.69 23.96 24.99 24.99 21.59 13.25 25.73 21.31 21.31 21.08 21.08 13.03 13.03 16.66 13.71 22.21 22.56 21.76 21.96 11.97 11.14 12.04 12.04 16.90 16.55 12.86 12.40 16.31 15.58 0.00 0.00 0.00 0.00 0.00 0.00 0.00 0.00 0.00 0.00 0.00 0.00 0.00 0.00 0.00 0.00 0.00 0.00 0.00 0.00
9.22 9.22 9.22 9.32 9.32 9.32 9.32 9.02 9.25 14.44 14.33 13.02 22.93 26.79 16.81 16.58 14.31 23.84 24.57 22.07 22.07 22.07 22.07 20.85 22.36 20.85 20.85 21.73 15.22 24.45 21.04 21.59 21.36 22.34 3.42 21.81 21.81 21.73 21.59 13.25 24.93 21.08 21.08 22.36 21.08 21.08 21.08 24.00 13.48 21.53 18.17 22.11 21.96 9.87 3.79 18.17 16.09 12.27 12.86 15.81 16.71 12.18 15.58 15.58 0.00 0.00 0.00 0.00 0.00 0.00 0.00 0.00 0.00 0.00 0.00 0.00 0.00 0.00 0.00 0.00 0.00 0.00 0.00
9.07 9.07 9.07 12.47 12.47 8.89 8.89 8.66 12.17 3.87 11.85 6.71 6.71 16.52 24.73 24.22 25.13 13.95 23.55 23.06 23.06 23.06 15.93 14.45 14.45 14.45 12.71 12.71 14.40 24.04 20.35 20.36 13.48 13.48 12.09 12.55 21.13 21.68 21.68 21.20 13.35 25.02 21.69 21.68 19.34 20.52 20.52 17.84 16.53 19.97 21.67 20.83 17.84 12.57 13.25 6.94 15.06 15.85 16.07 12.45 16.07 15.62 15.40 15.40 11.54 0.00 0.00 0.00 0.00 0.00 0.00 0.00 0.00 0.00 0.00 0.00 0.00 0.00 0.00 0.00 0.00 0.00 0.00
9.07 9.07 12.47 13.89 12.47 8.89 8.89 11.72 2.96 19.48 22.19 8.63 22.40 16.52 18.80 18.57 25.82 26.07 22.58 23.28 23.06 23.06 23.06 12.99 14.45 14.45 12.71 12.32 15.04 16.33 21.79 12.99 12.99 13.48 12.09 14.19 12.09 12.71 13.48 13.03 21.51 24.91 21.69 17.84 18.06 21.51 21.06 20.83 17.26 20.52 17.84 12.57 12.57 12.70 13.73 12.04 15.62 17.45 16.07 16.30 16.30 15.85 15.62 15.40 15.17 11.77 0.00 0.00 0.00 0.00 0.00 0.00 0.00 0.00 0.00 0.00 0.00 0.00 0.00 0.00 0.00 0.00 0.00
8.82 8.82 12.47 12.47 12.47 12.47 9.12 21.61 25.13 12.89 18.57 24.73 22.20 21.33 21.74 21.74 21.76 25.82 22.41 23.06 23.06 23.06 23.06 21.79 14.44 14.44 14.44 14.63 17.11 15.72 21.79 12.99 12.99 12.99 12.99 13.48 12.09 12.99 12.99 21.51 21.96 24.46 24.46 21.51 21.06 21.85 21.06 20.52 22.97 19.57 18.94 12.70 10.61 13.66 14.41 13.48 3.77 15.40 16.08 15.85 15.52 15.85 12.82 15.40 15.62 6.66 9.35 0.00 0.00 0.00 0.00 0.00 0.00 0.00 0.00 0.00 0.00 0.00 0.00 0.00 0.00 0.00 0.00
8.82 8.82 12.47 12.47 12.47 12.47 9.12 17.42 14.33 25.18 16.30 24.22 21.33 21.33 21.96 22.41 22.21 26.49 26.72 23.96 23.06 23.06 23.06 12.99 14.44 14.44 14.44 13.71 17.33 15.72 13.71 13.93 13.21 12.99 10.73 12.09 12.99 12.99 12.99 22.64 19.14 24.10 21.51 21.51 21.39 21.51 20.52 20.52 22.97 23.35 13.58 18.66 16.93 11.69 14.86 14.05 7.40 15.17 15.85 15.72 16.40 15.97 15.52 15.40 16.08 6.43 2.81 0.00 0.00 0.00 0.00 0.00 0.00 0.00 0.00 0.00 0.00 0.00 0.00 0.00 0.00 0.00 0.00
8.82 12.47 12.47 12.47 12.70 12.52 16.47 21.33 22.01 16.97 24.22 21.96 21.27 22.19 21.55 22.41 21.99 22.64 21.50 25.63 23.28 14.45 14.45 12.99 14.44 14.44 14.44 13.48 17.33 16.61 12.93 12.32 12.32 3.22 12.09 10.73 3.22 12.99 12.99 7.71 18.79 20.47 21.39 20.83 19.94 19.94 21.13 22.32 16.75 13.35 21.87 13.41 13.35 14.11 11.69 14.61 7.17 3.03 15.51 15.74 15.62 16.30 15.85 15.40 15.40 15.40 15.17 0.00 0.00 0.00 0.00 0.00 0.00 0.00 0.00 0.00 0.00 0.00 0.00 0.00 0.00 0.00 0.00
8.82 12.47 12.47 12.92 6.78 16.69 21.96 21.10 24.96 24.22 18.80 24.24 21.27 21.05 13.12 13.12 21.96 21.96 21.76 25.39 23.06 14.45 14.45 12.99 14.44 14.44 13.21 13.71 17.11 16.61 13.48 13.48 12.99 12.09 12.99 12.09 15.72 15.72 6.85 7.26 3.86 12.80 21.39 21.39 20.83 19.94 12.90 13.25 16.53 13.35 13.86 3.76 3.30 17.06 6.93 3.09 3.03 3.03 14.48 15.74 15.74 15.52 15.85 15.40 15.85 7.11 7.28 12.68 11.99 0.00 0.00 0.00 0.00 0.00 0.00 0.00 0.00 0.00 0.00 0.00 0.00 0.00 0.00
8.86 12.47 12.92 13.52 17.15 13.29 21.96 16.30 21.33 21.76 20.82 21.05 21.27 21.74 15.92 21.96 21.53 20.82 21.96 21.96 22.87 21.90 14.45 12.99 14.41 14.41 13.21 13.71 16.61 16.33 13.48 13.48 13.21 13.44 10.73 12.71 12.09 15.72 15.72 11.79 12.02 20.75 21.51 21.39 21.39 20.58 13.35 13.20 16.53 21.49 4.03 3.53 6.93 6.93 3.00 3.03 3.03 3.03 7.34 15.62 16.17 15.96 16.63 16.07 15.52 3.71 3.48 6.89 11.99 0.00 0.00 0.00 0.00 0.00 0.00 0.00 0.00 0.00 0.00 0.00 0.00 0.00 0.00
8.86 12.47 12.92 16.92 13.07 13.07 16.47 24.73 21.33 21.53 13.12 21.05 21.05 21.96 21.74 21.74 21.96 21.33 21.05 21.53 20.84 13.55 14.45 12.99 14.41 13.48 12.99 12.09 17.11 16.33 13.48 13.48 13.71 12.77 12.55 3.22 12.09 12.71 14.36 11.79 11.79 13.48 12.90 20.52 20.52 21.56 13.12 13.51 16.88 16.88 3.76 7.16 3.76 3.23 3.23 9.58 3.48 15.62 7.54 11.99 15.74 15.51 15.85 16.30 7.34 7.34 3.94 6.89 15.17 0.00 0.00 0.00 0.00 0.00 0.00 0.00 0.00 0.00 0.00 0.00 0.00 0.00 0.00
9.02 9.02 23.28 26.27 25.59 16.47 21.96 25.37 24.94 21.76 21.27 20.60 21.96 21.96 16.84 11.60 11.60 6.94 21.74 20.82 20.84 14.96 14.96 13.48 13.48 13.48 13.48 13.48 16.33 12.71 13.48 13.48 12.09 12.09 12.32 12.71 12.71 12.71 16.33 11.79 11.79 12.80 20.52 12.90 19.34 24.15 16.20 17.21 16.98 7.38 14.64 12.61 3.46 3.68 10.92 3.71 15.85 15.85 11.99 11.99 3.26 12.98 15.06 15.48 3.48 7.56 3.94 6.89 15.17 11.54 0.00 0.00 0.00 0.00 0.00 0.00 0.00 0.00 0.00 0.00 0.00 0.00 0.00
19.15 21.96 17.54 25.26 25.03 21.40 22.10 21.74 21.10 25.39 18.73 21.74 21.74 21.74 16.84 6.71 6.71 6.71 6.71 11.83 11.60 23.06 14.45 13.13 12.71 12.99 14.41 12.93 16.56 12.71 13.13 13.48 14.36 15.72 14.36 15.72 6.85 6.85 15.72 15.42 15.42 15.42 15.42 15.67 15.42 15.98 16.30 7.16 7.38 7.38 6.63 12.61 3.46 3.91 7.08 7.11 6.89 15.17 6.66 14.84 6.89 6.43 6.89 7.34 6.89 6.66 7.11 15.40 11.54 11.54 0.00 0.00 0.00 0.00 0.00 0.00 0.00 0.00 0.00 0.00 0.00 0.00 0.00
