New_Model_Runs/6_FutureClimate_RCP45_out/post_prcessed_with_MFR/Monthly_summaries/net_infiltration_monthly_SEP.asc
NCOLS 700
NROWS 400
XLLCENTER 515000.000000
YLLCENTER 8409000.000000
CELLSIZE 50.000000
NODATA_value -999.000000
[rows 114 to 151 of 400, columns 504 to 587 of 700]
6.34 6.34 6.34 6.34 6.12 6.51 6.12 6.12 5.74 5.74 5.74 5.74 5.75 5.75 5.75 5.75 5.80 5.80 5.80 5.80 4.85 9.24 5.72 6.19 5.46 5.46 5.29 3.98 5.57 4.95 4.95 5.26 5.24 5.24 5.24 8.75 8.78 9.19 5.49 5.49 5.04 5.04 5.04 5.04 8.59 5.08 5.37 5.08 5.03 5.03 5.03 5.03 4.94 4.94 4.94 4.94 4.92 5.26 5.26 5.26 5.70 5.78 5.29 5.29 5.29 5.62 5.62 5.29 5.52 5.20 5.20 5.20 5.41 5.81 5.41 5.41 5.56 5.49 3.95 0.00 0.00 0.00 0.00 0.00
6.34 6.34 6.34 6.34 6.12 6.12 6.12 6.12 5.74 5.74 5.74 5.74 5.75 5.75 5.75 5.75 5.80 5.80 5.80 5.80 6.19 9.70 9.24 9.70 8.98 5.29 5.29 5.29 5.26 5.26 8.46 8.77 8.75 8.75 8.75 5.24 5.27 8.78 9.00 9.00 5.04 5.04 5.04 5.04 8.59 9.15 5.08 5.08 5.03 5.03 5.03 5.03 4.94 4.94 4.94 4.94 4.92 5.26 5.26 5.26 5.70 6.11 5.29 5.29 5.29 5.29 5.29 5.29 5.20 5.20 5.20 5.20 5.41 5.41 5.81 5.81 5.56 5.14 6.13 5.92 8.57 8.29 8.39 8.17
6.07 6.07 6.07 6.46 6.36 5.98 5.98 5.98 5.81 5.81 5.81 5.81 5.88 5.88 5.88 5.88 5.90 5.90 5.90 5.90 6.21 6.21 5.90 5.90 5.30 8.81 8.81 8.81 8.80 8.80 8.80 5.29 5.31 5.31 5.31 5.31 5.34 5.34 5.34 8.85 8.53 5.02 5.30 4.41 5.30 8.53 8.53 8.53 5.00 5.00 5.00 5.00 4.93 4.93 4.93 4.93 4.88 5.22 5.22 5.22 5.21 5.21 5.21 5.21 5.21 5.21 5.21 5.21 5.22 5.22 5.22 5.22 5.45 5.45 5.87 5.87 5.57 5.57 5.92 5.14 4.48 4.92 4.26 4.43
6.07 6.07 6.07 6.07 5.98 5.98 5.98 5.98 5.81 5.81 5.81 5.81 5.88 5.88 5.88 5.88 5.90 5.90 5.90 5.90 5.90 5.90 5.90 5.90 3.98 5.30 5.30 5.30 5.29 5.29 4.70 5.29 5.31 5.31 5.31 5.31 5.34 5.34 5.34 5.34 8.53 8.53 5.02 5.02 5.02 5.02 5.02 5.30 8.51 7.92 4.17 4.83 5.21 4.93 4.93 4.93 4.88 5.22 5.22 5.22 5.21 5.21 5.21 5.21 5.21 5.21 5.21 5.21 5.22 5.22 5.22 5.22 5.45 5.87 5.87 5.45 5.57 5.57 5.57 5.57 5.34 4.70 5.86 5.86
6.07 6.07 6.07 6.07 5.98 5.98 5.98 5.98 5.81 5.81 5.81 5.81 5.88 5.88 5.88 5.88 5.90 5.90 5.90 5.90 5.90 5.90 5.90 5.90 5.30 5.30 5.47 5.30 5.29 5.29 5.29 5.29 5.31 5.31 5.31 5.31 5.34 5.34 5.34 5.34 5.02 8.53 8.53 8.53 8.53 5.02 8.75 7.92 7.92 7.92 4.17 4.17 4.93 5.21 4.93 4.93 4.88 5.22 5.22 5.22 5.21 5.21 5.21 5.53 5.21 5.53 5.21 5.21 5.22 5.22 5.22 5.22 5.45 5.87 5.87 5.87 5.57 5.57 5.57 4.94 5.58 4.96 5.12 5.64
6.07 6.07 6.07 6.07 5.98 5.98 5.98 5.98 5.81 5.81 5.81 5.81 5.88 5.88 5.88 5.88 5.90 5.90 5.90 5.90 5.90 5.90 5.90 5.90 5.30 5.30 5.30 5.30 5.29 5.29 5.29 5.29 5.31 5.31 5.31 5.31 5.34 5.34 5.34 5.34 5.02 5.02 5.02 5.02 7.01 7.10 7.26 4.39 7.68 8.51 5.28 5.53 4.93 4.93 4.93 4.93 4.88 5.22 5.22 5.22 5.21 5.21 5.52 5.21 5.21 5.21 5.21 5.21 5.22 5.22 5.22 5.22 5.45 5.45 6.31 5.87 6.00 6.06 5.84 5.84 6.18 5.40 5.58 4.69
6.05 6.05 6.05 6.05 6.18 6.18 6.18 6.18 6.00 6.00 6.00 6.00 6.01 6.01 6.01 6.01 6.00 6.00 6.00 6.00 6.00 6.00 6.00 6.00 5.40 5.40 5.40 5.40 5.40 5.40 5.40 5.40 5.41 5.41 5.41 5.41 5.42 5.42 5.42 5.42 5.05 5.05 5.05 5.05 3.51 7.02 8.52 5.01 4.17 4.97 4.97 4.97 4.88 4.88 4.88 5.14 4.85 5.18 5.18 5.18 5.20 5.20 5.20 5.20 5.26 5.26 5.26 5.26 5.30 5.30 5.30 5.30 5.47 5.47 5.47 5.47 6.12 5.71 5.71 5.84 4.91 5.34 4.98 4.75
6.05 6.05 6.05 6.05 6.18 6.18 6.18 6.18 6.00 6.00 6.00 6.00 6.01 6.01 6.01 6.01 6.00 6.00 6.00 6.00 6.00 6.00 6.00 6.00 5.40 5.40 4.70 4.70 5.40 5.40 5.40 5.40 5.41 5.41 5.41 5.41 5.42 5.42 4.95 5.42 5.05 7.68 7.92 5.05 4.41 8.52 5.01 5.01 4.97 4.97 4.97 4.97 4.88 4.88 4.88 4.88 4.85 5.18 5.18 5.18 5.20 5.20 5.20 5.20 5.26 5.26 5.26 5.26 5.30 5.30 5.30 5.30 5.47 5.47 5.47 5.47 5.58 5.58 5.58 5.84 4.69 4.69 4.98 4.69
6.05 6.05 6.05 6.05 6.18 6.18 6.18 6.18 6.00 6.00 6.00 6.00 6.01 6.01 6.01 6.01 6.00 6.00 6.00 6.00 6.00 6.00 6.00 6.00 5.40 5.80 4.70 4.70 4.70 5.40 5.40 5.40 5.41 5.41 5.41 5.41 3.11 5.42 4.95 4.70 7.92 4.53 8.85 7.92 7.92 5.01 5.01 5.01 4.97 4.97 4.97 4.97 4.88 4.88 4.88 4.88 5.29 5.18 5.18 5.18 5.20 5.20 5.20 5.20 5.26 5.26 5.26 5.26 5.30 5.30 5.30 5.30 5.47 5.47 5.47 5.47 5.58 5.58 6.01 6.01 5.64 6.00 6.10 5.64
6.05 6.05 6.05 6.05 6.18 6.52 6.18 6.18 6.00 4.85 6.37 6.48 6.38 6.01 6.01 6.01 4.85 6.00 6.00 6.00 6.00 6.00 6.00 6.00 5.40 5.80 5.40 4.70 4.70 5.40 5.40 5.40 4.70 5.41 5.41 4.95 3.98 5.42 5.42 8.21 4.41 4.39 4.62 5.05 5.01 5.01 5.01 5.01 4.97 4.97 4.97 4.97 4.88 4.88 4.88 4.88 4.85 5.18 5.18 5.18 5.20 5.20 5.20 5.20 5.26 5.26 5.26 5.26 5.30 5.30 5.30 5.30 5.47 5.47 5.47 5.47 5.58 5.58 6.01 6.01 6.09 6.09 5.98 5.64
6.23 6.23 6.23 6.23 6.31 6.31 6.73 6.31 6.05 6.05 6.88 6.05 6.05 6.05 6.05 6.42 6.44 6.07 6.44 5.93 6.07 6.07 6.07 6.07 5.47 5.89 5.89 5.69 5.69 5.48 5.48 5.48 4.70 5.14 6.10 5.26 4.70 4.70 8.93 8.93 5.06 5.06 5.06 5.06 5.06 5.06 5.06 5.06 5.00 5.55 5.00 5.00 4.86 4.86 4.86 4.86 4.84 5.18 5.18 5.18 5.23 5.23 5.23 5.55 5.62 5.63 5.31 5.31 5.34 5.34 5.34 5.98 5.50 5.50 5.50 5.50 5.53 5.53 5.96 6.01 6.41 5.53 5.53 5.53
6.23 6.23 6.23 6.23 6.31 6.31 6.31 6.31 6.05 6.43 6.05 6.05 6.05 6.05 6.05 6.05 6.56 6.56 6.56 6.77 6.00 6.07 6.07 6.07 5.47 6.32 5.54 6.42 5.58 6.01 5.69 5.48 5.20 5.38 5.24 2.12 5.48 8.28 5.42 5.42 5.63 5.06 5.06 5.06 5.06 5.06 5.06 5.06 5.56 5.00 5.00 5.00 4.86 4.86 4.86 4.86 4.84 5.18 5.18 5.18 5.23 5.55 5.64 5.23 5.31 5.31 5.73 5.64 5.34 5.67 5.67 5.34 6.15 5.50 5.50 5.50 5.53 5.53 5.87 5.53 5.53 5.53 5.53 5.53
6.23 6.23 6.23 6.23 6.31 6.31 6.31 6.31 6.05 6.05 6.05 6.05 6.05 6.05 6.05 6.05 6.07 6.56 6.84 6.99 6.00 4.85 9.80 6.77 6.54 2.53 9.29 9.51 9.72 6.47 9.16 9.64 8.56 9.00 8.13 8.99 9.80 6.24 5.42 5.74 5.06 5.06 5.06 5.42 5.42 5.42 5.06 5.42 5.35 5.00 5.00 5.00 4.86 4.86 4.86 4.86 4.84 5.18 5.18 5.18 5.23 5.23 5.23 5.23 5.31 5.31 5.31 5.31 5.67 5.34 5.34 5.34 5.50 5.50 6.15 5.50 5.53 5.87 5.53 5.53 5.53 5.53 5.53 5.53
6.23 6.23 6.23 6.23 6.31 6.31 6.31 6.31 6.05 6.05 6.05 6.05 6.05 6.43 6.43 6.05 6.07 6.07 6.26 7.21 9.95 9.45 10.29 6.71 2.74 6.47 5.60 8.85 8.85 2.53 9.29 5.82 8.09 8.13 8.93 5.58 5.42 5.42 5.42 5.42 5.06 5.06 5.06 5.42 5.42 5.42 4.24 5.46 5.35 5.35 5.35 5.27 4.86 4.86 4.86 4.86 5.28 5.18 5.18 5.18 5.23 5.23 5.23 5.23 5.31 5.31 5.31 5.63 5.34 5.34 5.34 5.34 5.50 5.50 5.50 5.50 5.53 5.53 5.53 5.53 5.53 5.53 5.53 5.87
6.34 6.34 6.34 6.34 6.36 6.36 6.36 6.36 6.04 6.04 6.04 6.04 6.05 6.05 6.05 6.05 6.08 6.08 6.56 6.44 10.20 9.06 5.70 2.56 6.26 5.82 8.94 0.00 0.00 0.00 0.00 0.00 0.00 8.23 8.58 5.88 5.41 5.41 5.41 5.41 5.11 8.62 8.99 7.97 4.67 4.04 4.24 4.53 4.53 5.34 5.34 4.99 4.88 5.40 5.14 5.13 4.88 5.22 5.22 4.30 4.30 4.30 4.30 5.21 5.23 5.55 5.23 5.23 5.26 5.26 5.26 5.26 5.43 5.76 5.43 5.76 5.45 5.45 5.45 5.45 5.44 5.44 5.77 5.44
6.34 6.34 6.34 6.34 6.91 6.91 6.91 6.91 6.52 6.04 6.04 6.04 6.05 6.05 6.05 6.05 5.72 6.08 6.04 6.48 6.22 9.08 5.85 10.00 5.60 0.00 0.00 0.00 0.00 0.00 0.00 0.00 0.00 0.00 8.43 5.44 5.41 5.41 5.41 5.41 7.92 7.75 4.19 5.14 8.11 4.30 5.67 4.41 5.38 5.34 5.34 4.99 4.88 4.88 4.88 4.88 5.34 5.22 5.22 5.22 4.30 4.30 5.25 5.21 5.23 5.23 5.23 5.23 5.26 5.26 5.26 5.26 5.43 5.43 5.43 5.43 5.45 5.45 5.45 5.45 5.44 5.74 5.44 5.44
6.16 6.16 6.16 6.16 6.67 6.67 6.57 6.67 6.38 5.95 5.95 5.95 5.96 5.96 5.96 5.96 6.21 5.99 6.29 6.83 6.61 6.04 6.80 10.01 3.73 0.00 0.00 0.00 0.00 0.00 0.00 0.00 0.00 0.00 0.00 9.40 5.56 5.56 9.07 9.33 5.20 5.25 6.08 2.89 9.44 5.62 5.61 5.40 5.59 5.30 5.50 5.30 5.19 5.19 5.19 5.19 4.79 4.96 4.96 4.96 3.98 3.96 5.32 5.24 4.97 4.97 4.97 4.97 5.00 5.00 5.00 5.00 5.08 5.08 5.08 5.08 5.10 5.10 5.10 5.72 5.09 5.09 5.09 5.09
6.16 6.16 6.16 6.16 6.18 6.67 6.67 6.67 6.13 6.13 6.38 5.95 5.96 5.96 5.96 6.15 6.21 5.99 6.29 6.51 6.39 6.39 6.48 9.99 0.00 0.00 0.00 0.00 0.00 0.00 0.00 0.00 0.00 0.00 0.00 6.04 9.55 9.07 9.07 0.00 0.00 5.03 6.08 6.13 9.19 5.71 5.40 5.40 5.30 5.50 5.30 5.49 5.19 5.19 5.19 5.19 4.79 4.96 4.96 4.22 3.96 5.08 5.25 4.95 4.97 5.26 4.97 4.97 5.00 5.00 5.00 5.00 5.08 5.08 5.08 5.38 5.39 5.10 5.10 5.10 5.09 5.09 5.09 5.09
6.18 6.18 6.18 6.18 6.19 6.19 6.69 6.69 6.42 6.42 6.42 5.99 6.15 6.21 6.39 6.21 6.21 6.42 5.97 6.29 5.95 5.95 9.46 0.00 0.00 0.00 0.00 0.00 0.00 0.00 0.00 0.00 0.00 0.00 0.00 5.77 5.57 0.00 0.00 0.00 0.00 0.00 0.00 2.24 9.18 5.65 5.56 5.35 5.29 5.29 5.29 5.29 5.26 5.26 5.26 5.26 4.90 5.06 5.06 5.06 4.22 4.22 4.99 4.99 4.92 4.92 4.92 4.92 4.94 4.94 4.94 4.94 5.03 5.03 5.03 5.03 5.07 5.07 5.07 5.07 5.10 5.10 5.10 5.10
6.18 6.18 6.18 6.57 6.58 6.58 6.33 6.44 6.61 6.62 6.42 5.99 5.98 6.21 6.83 6.83 6.86 7.23 7.07 5.97 9.46 9.46 0.00 0.00 0.00 0.00 0.00 0.00 0.00 0.00 0.00 0.00 0.00 0.00 0.00 0.00 0.00 0.00 0.00 0.00 0.00 0.00 0.00 6.55 9.40 5.45 5.68 5.65 5.58 5.29 5.29 5.29 5.26 5.26 5.26 5.26 4.90 5.06 5.36 5.06 4.99 4.99 4.99 4.99 4.92 4.92 4.92 4.92 4.94 4.94 4.94 4.94 5.03 5.32 5.03 5.03 5.07 5.07 5.44 5.44 5.47 5.47 5.47 5.47
6.18 6.18 6.18 6.18 6.19 6.19 6.58 6.13 6.61 6.62 6.40 6.61 6.61 6.02 9.80 9.58 9.87 10.14 0.00 0.00 0.00 0.00 0.00 0.00 0.00 0.00 0.00 0.00 0.00 0.00 0.00 0.00 0.00 0.00 0.00 0.00 0.00 0.00 0.00 0.00 0.00 0.00 0.00 0.00 9.38 5.65 5.65 5.65 5.58 5.58 5.29 5.29 5.26 5.26 5.26 5.26 4.90 5.06 5.06 5.06 4.99 4.99 4.99 4.99 4.92 4.92 4.92 4.92 4.94 4.94 4.94 4.94 5.03 5.68 5.03 5.03 5.07 5.07 5.37 5.82 5.47 5.47 5.52 5.47
6.18 6.18 6.18 6.18 6.19 6.44 6.41 5.77 7.48 6.89 9.58 9.58 9.58 0.00 0.00 0.00 0.00 0.00 0.00 0.00 0.00 0.00 0.00 0.00 0.00 0.00 0.00 0.00 0.00 0.00 0.00 0.00 0.00 0.00 0.00 0.00 0.00 0.00 0.00 0.00 0.00 0.00 0.00 5.68 9.69 5.56 5.56 5.35 5.29 5.29 5.29 5.29 5.26 5.26 5.26 5.26 4.90 5.06 5.06 5.06 5.35 5.35 5.35 4.99 4.92 4.92 4.92 4.92 4.94 4.94 4.94 4.94 5.03 5.59 5.32 5.03 5.07 5.07 5.07 5.07 5.10 5.10 5.47 5.47
6.17 6.17 6.17 6.17 6.67 6.22 6.88 6.52 7.16 10.02 0.00 0.00 0.00 0.00 0.00 0.00 0.00 0.00 0.00 0.00 0.00 0.00 0.00 0.00 0.00 0.00 0.00 0.00 0.00 0.00 0.00 0.00 0.00 0.00 0.00 0.00 0.00 0.00 0.00 0.00 0.00 0.00 0.00 5.31 5.56 9.30 9.08 9.08 5.69 5.63 5.35 5.35 5.35 5.35 5.35 5.35 4.85 5.54 5.54 5.54 5.46 5.46 5.46 5.46 4.92 4.92 4.92 4.92 4.86 4.86 4.86 5.14 4.98 4.98 4.98 4.98 5.07 5.07 5.07 5.07 5.12 5.12 5.12 5.12
6.17 6.17 6.17 6.17 6.57 6.44 2.61 9.84 0.00 0.00 0.00 0.00 0.00 0.00 0.00 0.00 0.00 0.00 0.00 0.00 0.00 0.00 0.00 0.00 0.00 0.00 0.00 0.00 0.00 0.00 0.00 0.00 0.00 0.00 0.00 0.00 0.00 0.00 0.00 0.00 0.00 0.00 0.00 0.00 0.00 0.00 0.00 8.81 6.39 6.07 5.79 5.41 5.57 5.35 5.35 5.35 4.85 5.54 5.54 5.54 5.46 5.46 5.46 5.46 5.27 5.27 4.92 4.92 4.86 4.86 4.86 5.14 4.98 4.98 4.98 4.98 5.07 5.07 5.07 5.07 5.12 5.12 5.12 5.12
6.17 6.17 6.17 6.42 6.11 6.44 9.83 0.00 0.00 0.00 0.00 0.00 0.00 0.00 0.00 0.00 0.00 0.00 0.00 0.00 0.00 0.00 0.00 0.00 0.00 0.00 0.00 0.00 0.00 0.00 0.00 0.00 0.00 0.00 0.00 0.00 0.00 0.00 0.00 0.00 0.00 0.00 0.00 0.00 0.00 0.00 0.00 0.00 9.60 2.50 6.01 5.41 5.57 5.64 5.57 5.35 4.85 5.54 5.54 5.54 5.46 5.46 5.46 5.46 5.27 5.27 4.92 4.92 4.86 4.86 5.14 4.86 4.98 4.98 4.98 4.98 5.07 5.07 5.07 5.07 5.12 5.12 5.12 5.12
6.23 6.38 5.91 5.91 6.11 6.44 9.38 0.00 0.00 0.00 0.00 0.00 0.00 0.00 0.00 0.00 0.00 0.00 0.00 0.00 0.00 0.00 0.00 0.00 0.00 0.00 0.00 0.00 0.00 0.00 0.00 0.00 0.00 0.00 0.00 0.00 0.00 0.00 0.00 0.00 0.00 0.00 0.00 0.00 0.00 0.00 0.00 0.00 0.00 8.81 6.10 5.45 5.69 5.86 5.64 5.64 4.32 5.54 5.54 5.54 5.46 5.46 5.46 5.46 5.27 5.27 4.92 4.92 4.86 4.86 4.86 4.86 4.98 4.98 4.98 4.98 5.07 5.07 5.07 5.07 5.12 5.12 5.12 5.50
6.14 6.11 5.91 5.91 6.15 6.36 9.62 0.00 0.00 0.00 0.00 0.00 0.00 0.00 0.00 0.00 0.00 0.00 0.00 0.00 0.00 0.00 0.00 0.00 0.00 0.00 0.00 0.00 0.00 0.00 0.00 0.00 0.00 0.00 0.00 0.00 0.00 0.00 0.00 0.00 0.00 0.00 0.00 0.00 0.00 0.00 0.00 0.00 0.00 8.92 5.79 9.58 5.97 9.59 6.08 6.95 4.36 4.05 5.59 5.59 5.47 5.47 5.52 5.47 4.87 4.87 4.87 4.87 4.78 4.78 4.78 4.78 4.97 4.97 4.97 4.97 5.09 5.09 5.19 5.19 5.14 5.14 5.14 5.91
6.14 5.91 6.11 6.27 6.36 6.15 9.66 0.00 0.00 0.00 0.00 0.00 0.00 0.00 0.00 0.00 0.00 0.00 0.00 0.00 0.00 0.00 0.00 0.00 0.00 0.00 0.00 0.00 0.00 0.00 0.00 0.00 0.00 0.00 0.00 0.00 0.00 0.00 0.00 0.00 0.00 0.00 0.00 0.00 0.00 0.00 0.00 0.00 0.00 0.00 5.57 2.79 6.13 8.98 5.53 6.40 4.58 3.58 5.59 5.59 5.47 5.47 5.47 5.51 5.22 5.15 5.58 5.14 4.78 4.78 4.78 4.78 4.97 4.97 4.97 5.53 5.09 5.09 5.09 5.09 5.14 5.14 8.65 7.67
6.14 6.14 6.54 2.28 9.13 3.51 0.00 0.00 0.00 0.00 0.00 0.00 0.00 0.00 0.00 0.00 0.00 0.00 0.00 0.00 0.00 0.00 0.00 0.00 0.00 0.00 0.00 0.00 0.00 0.00 0.00 0.00 0.00 0.00 0.00 0.00 0.00 0.00 0.00 0.00 0.00 0.00 0.00 0.00 0.00 0.00 0.00 0.00 0.00 0.00 9.58 6.01 9.69 6.62 5.93 5.45 4.55 5.59 6.00 6.00 5.47 5.52 5.47 5.09 5.22 5.22 5.22 5.22 4.78 4.78 4.78 4.78 4.97 4.97 4.97 5.25 5.09 5.09 4.46 4.07 4.07 7.59 6.89 7.59
6.14 6.14 6.58 9.07 0.00 0.00 0.00 0.00 0.00 0.00 0.00 0.00 0.00 0.00 0.00 0.00 0.00 0.00 0.00 0.00 0.00 0.00 0.00 0.00 0.00 0.00 0.00 0.00 0.00 0.00 0.00 0.00 0.00 0.00 0.00 0.00 0.00 0.00 0.00 0.00 0.00 0.00 0.00 0.00 0.00 0.00 0.00 0.00 0.00 0.00 0.00 9.03 9.25 6.23 6.23 5.86 4.89 5.19 5.19 5.19 5.37 5.09 5.09 5.09 4.87 4.87 4.87 4.87 4.78 4.78 4.78 4.78 5.24 5.25 4.97 4.97 5.09 5.09 5.09 5.09 4.07 4.07 4.07 4.55
6.54 10.27 0.00 0.00 0.00 0.00 0.00 0.00 0.00 0.00 0.00 0.00 0.00 0.00 0.00 0.00 0.00 0.00 0.00 0.00 0.00 0.00 0.00 0.00 0.00 0.00 0.00 0.00 0.00 0.00 0.00 0.00 0.00 0.00 0.00 0.00 0.00 0.00 0.00 0.00 0.00 0.00 0.00 0.00 0.00 0.00 0.00 0.00 0.00 0.00 0.00 9.03 2.72 5.85 5.63 5.63 4.03 5.17 5.10 5.10 4.93 4.93 4.93 4.93 4.81 4.81 4.81 4.81 4.81 4.81 4.81 4.81 4.95 5.23 4.95 4.95 5.08 5.08 5.08 5.08 5.15 4.07 4.33 4.55
9.20 0.00 0.00 0.00 0.00 0.00 0.00 0.00 0.00 0.00 0.00 0.00 0.00 0.00 0.00 0.00 0.00 0.00 0.00 0.00 0.00 0.00 0.00 0.00 0.00 0.00 0.00 0.00 0.00 0.00 0.00 0.00 0.00 0.00 0.00 0.00 0.00 0.00 0.00 0.00 0.00 0.00 0.00 0.00 0.00 0.00 0.00 0.00 0.00 0.00 0.00 9.47 9.90 6.15 5.85 6.01 4.80 5.10 5.40 5.10 4.93 4.93 4.93 4.93 5.09 4.81 4.81 4.81 4.81 4.81 4.81 4.81 4.95 4.95 4.95 4.95 5.08 5.08 5.08 5.08 5.15 5.15 5.15 4.33
0.00 0.00 0.00 0.00 0.00 0.00 0.00 0.00 0.00 0.00 0.00 0.00 0.00 0.00 0.00 0.00 0.00 0.00 0.00 0.00 0.00 0.00 0.00 0.00 0.00 0.00 0.00 0.00 0.00 0.00 0.00 0.00 0.00 0.00 0.00 0.00 0.00 0.00 0.00 0.00 0.00 0.00 0.00 0.00 0.00 0.00 0.00 0.00 0.00 0.00 0.00 5.58 9.92 6.11 5.46 5.46 5.36 5.42 5.42 5.42 5.53 5.26 5.26 5.26 5.14 5.14 5.14 5.14 5.14 5.14 5.14 5.14 5.19 5.19 5.19 5.19 5.32 5.32 5.63 5.63 5.39 5.39 5.39 5.67
0.00 0.00 0.00 0.00 0.00 0.00 0.00 0.00 0.00 0.00 0.00 0.00 0.00 0.00 0.00 0.00 0.00 0.00 0.00 0.00 0.00 0.00 0.00 0.00 0.00 0.00 0.00 0.00 0.00 0.00 0.00 0.00 0.00 0.00 0.00 0.00 0.00 0.00 0.00 0.00 0.00 0.00 0.00 0.00 0.00 0.00 0.00 0.00 0.00 0.00 0.00 5.15 9.22 5.67 5.46 5.46 5.23 5.42 5.48 5.42 5.26 5.26 5.26 5.26 5.14 5.14 5.14 5.14 5.14 5.14 5.14 5.14 5.19 5.19 5.19 5.19 5.32 5.32 5.32 5.32 5.39 5.39 9.04 8.85
0.00 0.00 0.00 0.00 0.00 0.00 0.00 0.00 0.00 0.00 0.00 0.00 0.00 0.00 0.00 0.00 0.00 0.00 0.00 0.00 0.00 0.00 0.00 0.00 0.00 0.00 0.00 0.00 0.00 0.00 0.00 0.00 0.00 0.00 0.00 0.00 0.00 0.00 0.00 0.00 0.00 0.00 0.00 0.00 0.00 0.00 0.00 0.00 0.00 0.00 0.00 5.45 5.60 5.73 5.29 5.46 5.25 5.22 5.22 5.22 5.14 5.14 5.14 5.14 5.20 5.20 5.20 5.20 5.60 5.26 5.26 5.26 5.22 5.55 5.22 5.22 5.29 5.29 5.29 5.29 9.11 7.62 4.11 0.00
0.00 0.00 0.00 0.00 0.00 0.00 0.00 0.00 0.00 0.00 0.00 0.00 0.00 0.00 0.00 0.00 0.00 0.00 0.00 0.00 0.00 0.00 0.00 0.00 0.00 0.00 0.00 0.00 0.00 0.00 0.00 0.00 0.00 0.00 0.00 0.00 0.00 0.00 0.00 0.00 0.00 0.00 0.00 0.00 0.00 0.00 0.00 0.00 0.00 0.00 8.73 9.33 5.62 5.88 5.29 5.29 5.02 5.22 5.22 5.48 5.14 5.48 5.46 5.46 5.20 5.20 5.20 5.20 5.60 5.26 5.26 5.26 5.22 5.31 5.31 5.31 5.31 5.29 5.29 5.29 3.51 0.00 0.00 0.00
0.00 0.00 0.00 0.00 0.00 0.00 0.00 0.00 0.00 0.00 0.00 0.00 0.00 0.00 0.00 0.00 0.00 0.00 0.00 0.00 0.00 0.00 0.00 0.00 0.00 0.00 0.00 0.00 0.00 0.00 0.00 0.00 0.00 0.00 0.00 0.00 0.00 0.00 0.00 0.00 0.00 0.00 0.00 0.00 0.00 0.00 0.00 0.00 0.00 9.11 5.46 5.46 5.29 5.45 5.45 5.59 5.02 5.02 5.22 5.22 5.14 5.56 5.46 5.46 5.20 5.20 5.20 5.20 5.60 5.48 5.26 5.26 5.22 5.31 5.45 5.31 5.31 5.29 5.29 8.80 0.00 0.00 0.00 0.00
0.00 0.00 0.00 0.00 0.00 0.00 0.00 0.00 0.00 0.00 0.00 0.00 0.00 0.00 0.00 0.00 0.00 0.00 0.00 0.00 0.00 0.00 0.00 0.00 0.00 0.00 0.00 0.00 0.00 0.00 0.00 0.00 0.00 0.00 0.00 0.00 0.00 0.00 0.00 0.00 0.00 0.00 0.00 0.00 0.00 0.00 0.00 0.00 9.39 5.22 5.22 5.46 5.29 5.29 5.29 5.29 5.02 5.02 5.22 5.22 5.14 5.46 5.46 8.97 5.20 5.20 5.20 8.71 9.07 5.60 5.26 5.26 5.22 5.45 5.45 5.45 5.31 5.31 5.29 8.80 0.00 0.00 0.00 0.00
