New_Model_Runs/6_FutureClimate_RCP45_out/post_prcessed_with_MFR/Monthly_summaries/net_infiltration_monthly_MAR.asc
NCOLS 700
NROWS 400
XLLCENTER 515000.000000
YLLCENTER 8409000.000000
CELLSIZE 50.000000
NODATA_value -999.000000
[rows 228 to 265 of 400, columns 84 to 167 of 700]
8.17 8.58 8.17 8.17 8.18 8.18 8.18 8.18 8.58 8.17 8.17 8.17 8.67 8.67 8.67 8.67 8.56 8.56 8.56 8.56 8.54 8.54 8.54 8.54 8.61 8.61 8.61 8.61 9.17 9.22 9.05 9.05 9.10 9.10 9.10 9.10 8.96 8.96 8.96 8.96 8.99 8.99 8.99 8.99 9.22 9.22 9.22 9.22 9.17 9.17 9.17 9.17 9.21 9.79 9.21 9.21 9.19 9.19 9.19 9.19 9.69 9.69 10.78 10.78 10.75 10.75 10.75 11.01 10.72 10.72 10.72 10.72 9.68 9.68 9.68 9.68 10.07 10.07 10.07 11.24 11.22 11.22 11.22 11.22
8.17 8.17 8.17 8.17 8.18 8.18 8.18 8.18 8.17 8.17 8.58 8.17 8.67 8.67 8.67 8.67 8.56 8.56 8.56 8.56 8.54 8.54 8.54 8.99 8.61 8.61 8.61 8.61 9.17 9.05 9.05 9.05 9.10 9.10 9.10 9.10 9.85 8.96 8.96 8.96 8.99 8.99 8.99 8.99 9.22 9.22 9.22 9.22 9.17 9.17 9.17 9.17 9.21 9.21 9.21 9.21 9.19 9.19 9.19 9.19 9.69 9.69 10.78 10.78 10.75 9.66 9.66 10.75 10.72 10.72 10.72 10.72 9.68 9.68 9.68 9.68 10.07 10.07 10.07 10.07 10.05 11.22 11.22 11.22
8.17 8.17 8.17 8.17 8.18 8.18 8.18 8.18 8.17 8.17 8.17 8.17 8.67 9.12 8.67 9.11 8.56 9.00 8.56 8.56 8.54 8.98 8.54 8.54 8.61 8.61 8.61 8.61 9.58 9.05 9.05 9.05 9.10 9.10 9.10 9.10 8.96 8.96 8.96 8.96 8.99 9.48 9.48 8.99 9.22 9.22 9.22 9.22 9.86 9.17 9.17 9.17 9.21 9.21 9.21 9.21 9.19 9.19 9.19 9.19 9.69 9.69 9.69 9.69 9.93 9.66 10.75 10.75 9.63 9.63 10.72 10.72 9.68 9.68 9.68 9.68 10.07 10.07 10.07 10.07 10.05 10.05 10.05 10.05
8.17 8.17 8.17 8.17 8.18 8.18 8.18 8.18 8.17 8.17 8.17 8.17 8.67 8.67 8.67 8.67 8.56 8.56 8.56 9.00 8.98 8.54 8.54 8.54 8.61 8.61 8.61 8.61 9.05 9.05 9.05 9.05 9.10 9.10 9.10 9.10 8.96 8.96 8.96 8.96 8.99 8.99 9.35 8.99 9.22 9.22 9.22 9.22 9.17 9.86 9.17 9.17 9.21 9.21 9.21 9.21 9.19 9.19 9.19 9.19 9.69 9.69 9.69 9.69 9.66 9.66 10.75 9.66 9.63 9.63 10.72 9.63 9.68 9.68 9.68 9.68 10.07 10.07 10.07 10.07 10.05 10.05 10.05 10.05
8.07 8.07 8.47 8.47 8.06 8.06 8.06 8.06 8.05 8.05 8.05 8.05 8.52 8.52 8.52 8.95 8.47 8.47 8.47 8.47 8.53 8.53 8.53 8.53 8.62 8.62 8.62 8.62 9.06 9.06 9.06 9.06 9.14 9.14 9.14 9.14 9.14 9.14 9.14 9.14 9.10 9.10 9.10 9.10 9.22 9.22 9.22 9.22 9.16 9.16 9.16 9.16 9.22 9.22 9.22 9.22 9.30 9.30 9.30 9.30 9.76 9.76 9.76 9.76 9.69 9.69 9.69 9.69 9.66 9.66 9.66 9.66 9.73 9.73 9.73 9.73 10.14 10.14 10.39 10.14 10.15 10.15 10.15 10.15
8.07 8.07 8.07 8.07 8.06 8.06 8.06 8.06 8.05 8.82 8.05 8.05 8.52 8.52 8.52 8.52 8.47 8.47 8.47 8.47 8.53 8.53 8.53 8.53 8.62 8.62 8.62 8.62 9.06 9.06 9.06 9.06 9.14 9.14 9.14 9.14 9.14 9.14 9.14 9.73 9.10 9.10 9.10 9.10 9.22 9.22 9.22 9.22 9.16 9.16 9.16 9.16 9.22 9.22 9.22 9.22 9.30 9.30 9.30 9.30 9.76 9.76 10.65 9.76 9.69 9.69 9.69 9.69 9.93 9.66 9.66 9.66 9.73 9.73 9.73 9.73 10.14 10.14 10.14 10.14 10.15 10.15 10.15 10.15
8.47 8.07 8.07 8.07 8.06 8.06 8.06 8.06 8.05 8.05 8.05 8.05 8.52 8.52 8.52 8.52 8.47 8.47 8.47 8.47 8.53 8.53 8.53 8.53 8.62 8.62 8.62 8.62 9.06 9.06 9.06 9.06 9.14 9.14 9.14 9.14 10.15 9.32 9.81 9.14 9.10 9.27 9.10 9.10 9.22 9.22 9.22 9.22 9.16 9.16 9.16 9.16 9.22 9.22 9.22 9.22 9.30 9.30 9.30 9.30 9.76 9.76 9.76 10.64 9.69 9.69 9.69 9.69 9.66 9.66 9.66 9.66 9.73 9.73 9.73 9.73 10.14 10.14 10.14 10.14 10.15 10.15 10.15 10.15
8.46 8.07 8.07 8.07 8.06 8.06 8.45 8.06 8.05 8.05 8.05 8.05 8.52 8.52 8.52 8.52 8.47 8.47 8.47 8.47 8.53 8.53 8.53 8.53 8.62 8.62 8.62 8.62 9.06 9.06 9.06 9.06 9.14 9.14 9.14 9.74 9.14 9.14 9.14 9.14 9.10 9.10 9.10 9.10 9.22 9.22 9.22 9.22 9.16 9.16 9.16 9.16 9.22 9.22 9.22 9.22 9.30 9.30 9.30 9.30 9.76 9.76 9.76 9.76 9.69 9.69 9.69 9.69 9.66 9.66 9.66 9.66 9.73 9.73 9.73 9.73 10.14 10.14 10.14 10.14 10.15 10.15 10.15 10.15
7.96 7.96 7.96 8.35 7.96 7.96 7.96 7.96 7.95 7.95 7.95 7.95 8.46 8.46 8.46 8.46 8.56 8.56 8.56 8.56 8.69 8.69 8.69 8.69 8.74 8.74 8.74 8.74 8.98 8.98 8.98 8.98 8.99 8.99 8.99 9.35 9.12 9.12 9.12 9.12 9.10 9.10 9.10 9.10 9.23 9.23 9.23 9.23 9.29 9.29 9.29 9.29 9.35 9.35 9.35 9.35 9.40 9.40 9.40 9.40 9.84 9.84 9.84 10.10 9.73 9.99 9.73 9.73 9.69 9.69 9.69 9.69 9.77 9.77 9.77 9.77 10.18 10.18 10.18 10.18 10.21 10.21 10.21 10.21
7.96 7.96 7.96 7.96 7.96 7.96 7.96 7.96 7.95 7.95 8.34 7.95 8.46 8.46 8.46 8.46 8.56 8.56 8.56 8.56 8.69 8.69 8.69 8.69 8.74 8.74 8.74 8.74 8.98 8.98 8.98 8.98 8.99 8.99 8.99 8.99 9.12 9.12 9.12 9.12 9.10 9.10 9.10 9.10 9.23 9.23 9.23 9.23 9.29 9.29 9.29 9.29 9.35 9.35 9.35 9.35 9.40 9.40 9.40 9.40 9.84 9.84 9.84 9.84 9.73 9.73 9.73 9.73 9.69 9.69 9.69 9.69 9.77 9.77 9.77 9.77 10.18 10.18 10.18 10.18 10.21 10.47 10.21 10.21
7.96 7.96 8.35 7.96 7.96 7.96 7.96 7.96 7.95 7.95 7.95 7.95 8.46 8.46 8.46 8.46 8.56 8.56 8.56 8.56 8.69 8.69 8.69 8.69 8.74 8.74 8.74 8.74 8.98 8.98 8.98 8.98 8.99 8.99 8.99 8.99 9.12 9.12 9.12 9.12 9.10 9.10 9.10 9.10 9.23 9.23 9.23 9.23 9.29 9.29 9.29 9.29 9.35 9.35 9.35 9.35 9.40 9.40 9.40 9.40 9.84 9.84 9.84 9.84 9.73 9.73 9.73 9.99 9.69 9.69 9.69 9.69 9.77 9.77 9.77 9.77 10.18 10.18 10.18 10.18 10.21 10.47 10.21 10.21
7.96 7.96 7.96 7.96 7.96 7.96 7.96 7.96 8.70 7.95 7.95 7.95 8.46 8.46 8.46 8.46 8.56 8.56 8.56 8.56 8.69 8.69 8.69 8.69 8.74 8.74 8.74 8.74 8.98 8.98 8.98 8.98 8.99 9.99 8.99 9.35 9.12 9.12 9.12 9.12 9.10 9.10 9.10 9.10 9.23 9.23 9.23 9.23 9.29 9.29 9.29 9.29 9.35 9.35 9.35 9.35 9.40 9.40 9.40 9.40 9.84 9.84 10.74 9.84 9.73 11.13 9.73 9.73 9.69 9.69 9.69 9.69 9.77 9.77 9.77 9.77 10.18 10.18 10.18 10.18 10.21 10.21 10.47 10.21
7.92 7.92 7.92 7.92 7.96 7.96 7.96 7.96 7.99 7.99 7.99 7.99 8.56 8.56 8.56 8.56 8.72 8.72 8.72 8.72 8.82 8.82 8.82 8.82 8.87 8.87 8.87 8.87 9.06 9.06 9.06 9.06 8.98 8.98 8.98 8.98 9.13 9.13 9.13 9.13 9.14 9.14 9.14 9.14 9.28 9.28 9.28 9.28 9.38 9.38 9.38 9.38 9.44 9.44 9.44 9.44 9.46 9.46 9.46 9.46 9.83 9.83 9.83 10.09 9.96 9.69 9.69 9.69 9.68 9.68 9.68 9.68 9.77 9.77 9.77 9.77 10.19 10.19 10.19 10.19 10.25 10.25 10.25 10.25
7.50 7.41 7.92 7.92 7.96 7.96 7.96 7.96 8.38 7.99 7.99 7.99 8.56 8.56 8.56 8.56 8.72 8.72 8.72 8.72 8.82 8.82 8.82 8.82 8.87 8.87 8.87 8.87 9.06 9.06 9.06 9.06 9.99 9.47 8.98 8.98 9.13 9.13 9.13 9.13 9.14 9.14 9.14 9.14 9.28 9.28 9.28 9.28 9.38 9.38 9.38 9.38 9.44 9.44 9.44 9.44 9.46 9.46 9.46 9.46 9.83 9.83 9.83 9.83 9.69 9.69 9.69 9.69 9.68 9.68 9.68 9.68 9.77 9.77 9.77 9.77 10.19 10.19 10.19 10.19 10.25 10.25 10.25 10.25
6.94 6.94 6.94 6.94 6.94 6.94 8.06 8.06 8.09 8.48 8.09 8.09 8.47 8.47 8.47 8.47 8.63 8.63 8.63 8.63 8.73 8.73 8.73 8.73 8.78 8.78 8.78 8.78 8.83 8.83 8.83 8.83 8.75 9.11 8.75 8.75 8.70 8.70 8.70 8.70 8.71 8.71 9.11 8.71 8.98 8.98 8.98 8.98 9.08 9.08 9.08 9.08 9.09 9.09 9.09 9.09 9.11 9.11 9.11 9.69 9.45 9.45 9.45 9.45 9.31 10.07 9.31 9.31 9.30 9.30 9.30 9.30 9.38 9.38 9.38 9.38 10.09 10.09 10.09 10.09 10.15 10.15 10.15 10.15
6.94 6.94 6.94 6.94 6.94 6.94 6.94 6.94 6.96 8.09 8.09 8.09 8.47 8.47 8.47 8.47 8.63 8.63 8.63 8.63 8.73 8.73 8.73 8.73 8.78 8.78 8.78 8.78 8.83 8.83 8.83 8.83 8.75 8.75 8.75 8.75 8.70 8.70 8.70 8.70 9.07 9.07 8.71 8.71 8.98 8.98 8.98 8.98 9.08 9.08 9.08 9.08 9.09 9.09 9.09 9.09 9.11 9.11 9.11 9.11 9.45 9.45 9.45 9.45 9.31 9.31 9.31 9.31 9.30 9.30 9.30 9.30 9.38 9.38 9.38 9.38 10.09 10.35 10.09 10.09 10.15 10.15 10.15 10.15
6.92 6.92 6.92 6.92 6.97 6.97 6.97 6.97 6.98 7.44 6.98 6.98 8.53 8.53 8.53 8.53 8.69 8.69 8.69 8.69 8.81 8.81 8.81 8.81 8.86 8.86 8.86 8.86 8.84 8.84 8.84 8.84 8.71 8.71 8.71 8.71 8.71 8.71 8.71 8.71 8.72 8.72 8.72 8.72 8.97 8.97 8.97 8.97 9.09 9.09 9.09 9.09 9.06 9.06 9.06 9.06 9.09 9.09 9.09 9.09 9.37 9.37 9.37 9.37 9.27 9.27 9.27 9.27 9.28 9.28 9.28 9.28 9.33 9.33 9.33 9.33 10.06 10.06 10.06 10.33 10.18 10.18 10.18 10.18
6.92 6.92 6.92 6.92 6.97 6.97 6.97 6.97 6.98 6.98 6.98 6.98 6.61 6.61 6.61 8.53 8.69 8.69 8.69 8.69 8.81 8.81 8.81 8.81 8.86 8.86 8.86 8.97 8.84 8.84 8.84 8.84 8.71 8.71 8.71 8.71 8.71 8.71 8.71 8.71 8.72 8.72 8.72 8.72 8.97 8.97 8.97 8.97 10.10 9.09 9.09 9.09 9.06 9.06 9.06 5.88 9.09 9.09 9.09 9.09 9.37 9.37 9.37 10.08 9.27 9.27 9.27 9.27 9.28 9.28 9.28 9.28 9.33 9.33 9.33 9.33 10.06 10.32 10.06 10.06 11.05 10.18 10.18 10.18
6.92 6.92 6.92 6.92 6.97 6.97 6.97 6.97 6.98 6.98 6.98 6.98 6.61 6.61 6.61 6.61 6.73 6.73 6.73 8.69 8.81 8.81 8.81 8.81 8.86 8.86 8.86 8.97 7.57 7.22 8.84 8.84 8.71 8.71 8.71 8.71 8.71 8.71 8.71 8.71 8.72 8.72 8.72 8.72 8.97 8.97 8.97 8.97 9.58 9.09 9.09 9.09 9.06 9.06 9.06 9.06 9.09 9.09 9.09 9.09 9.37 9.37 9.37 10.08 9.27 9.27 9.27 9.27 9.28 9.28 9.28 9.28 9.33 9.33 9.33 9.33 10.06 10.06 10.06 10.06 10.18 10.18 10.18 10.18
6.92 6.92 6.92 6.92 6.82 6.97 6.97 6.97 6.98 6.83 6.98 6.98 6.61 6.61 6.61 6.61 6.73 6.73 6.73 6.73 6.81 6.81 8.81 8.81 8.86 9.22 9.13 7.43 7.22 7.22 7.22 8.84 8.71 8.71 8.71 8.71 8.71 8.71 8.71 8.71 10.03 8.72 8.72 9.08 8.97 8.97 8.97 8.97 9.09 9.09 9.09 9.60 9.06 9.06 9.06 9.76 9.09 9.09 9.09 9.09 9.37 9.37 9.37 9.37 9.27 9.27 9.27 9.27 9.28 9.28 9.28 9.28 10.06 9.33 9.33 9.33 10.06 10.06 10.06 10.06 10.18 10.18 10.18 10.18
6.93 6.93 6.93 6.93 6.98 6.98 6.98 6.98 6.99 6.99 6.99 6.99 6.62 6.62 6.62 6.62 6.75 6.75 6.75 6.75 6.85 6.85 6.85 6.85 7.58 8.86 8.97 7.43 7.22 7.22 8.97 8.80 8.68 8.68 8.68 8.68 8.71 8.71 9.36 9.36 10.04 8.74 8.74 8.74 8.93 8.93 8.93 8.93 9.05 9.05 9.05 9.55 9.11 9.11 9.11 10.23 9.08 9.08 9.08 9.08 9.32 9.32 9.32 9.32 9.28 9.28 9.28 10.00 9.27 9.27 9.27 9.27 10.00 9.28 9.28 9.28 10.04 10.04 10.04 10.04 10.16 10.16 10.16 10.43
6.93 6.93 6.93 6.93 6.98 6.98 6.98 6.98 6.99 6.99 6.99 6.99 6.62 6.62 6.62 6.62 6.75 7.68 6.75 6.75 6.85 6.85 6.85 6.85 6.85 6.85 6.85 7.64 7.22 5.40 8.80 8.80 8.68 8.68 8.68 8.68 8.71 8.71 9.36 9.36 9.39 9.39 9.10 8.74 8.93 8.93 8.93 8.93 9.05 9.05 9.05 9.05 9.11 9.11 7.83 7.83 9.08 9.59 9.08 9.72 9.32 9.32 9.32 9.32 9.28 9.28 9.28 9.28 9.27 9.27 9.27 9.27 9.28 9.28 9.28 9.28 10.04 10.04 10.04 10.04 10.16 10.16 10.16 10.16
6.93 6.93 6.93 6.93 6.98 6.98 6.98 6.98 6.99 6.99 6.99 6.99 6.62 6.62 6.62 6.62 6.75 6.75 6.75 6.75 6.85 7.30 6.85 10.57 7.30 6.85 6.85 6.85 6.79 7.59 6.79 6.79 8.68 8.68 8.68 8.68 8.71 8.71 8.71 9.36 9.39 9.39 9.39 8.74 8.93 8.93 8.93 8.93 9.05 9.05 9.05 9.05 9.11 9.70 7.83 7.83 9.08 9.08 9.08 9.08 9.32 9.32 9.32 9.32 9.28 9.28 9.28 9.28 9.27 9.27 9.27 9.27 9.28 9.28 9.28 9.28 10.04 10.04 10.04 10.04 10.16 10.16 10.16 10.43
6.93 6.93 6.93 6.93 6.98 6.98 6.98 6.98 6.99 6.99 6.84 6.99 6.62 6.62 6.62 6.62 6.75 7.68 6.75 6.75 7.30 7.30 7.96 7.71 7.24 6.85 6.85 6.85 6.79 6.79 7.10 8.55 6.70 6.70 6.70 8.68 8.71 8.71 8.71 9.36 9.39 9.52 9.39 9.39 9.95 8.93 8.93 8.93 9.05 9.05 9.05 9.05 9.11 9.11 9.11 8.21 9.08 9.08 9.08 9.08 9.32 9.32 9.32 9.32 9.28 9.73 9.73 9.28 9.27 9.27 9.27 9.27 9.28 9.28 9.28 9.28 10.04 10.04 10.04 10.04 10.16 10.16 10.16 10.43
6.95 6.95 6.95 6.95 6.99 6.99 6.99 6.99 6.99 6.99 6.84 6.99 6.63 6.63 6.63 6.63 6.74 6.74 6.74 6.74 7.30 8.19 8.17 7.96 7.96 7.29 7.07 6.84 7.10 6.79 7.10 6.79 6.72 6.72 6.72 6.72 8.21 8.21 9.36 9.36 9.40 9.53 9.53 8.74 8.90 8.90 8.90 8.90 8.97 8.97 8.97 8.97 7.84 7.84 9.10 9.61 9.04 9.04 9.04 9.04 9.32 9.32 10.05 9.32 9.31 8.20 8.20 9.31 9.25 9.25 9.97 9.25 9.23 9.23 9.23 9.23 10.04 10.04 10.04 10.04 10.16 10.16 10.16 10.16
6.95 6.95 6.95 6.95 6.99 6.99 6.99 6.99 6.99 6.99 6.99 6.99 6.63 6.63 6.63 6.63 6.74 6.74 6.74 6.74 7.30 8.08 8.30 9.32 9.09 3.34 3.12 2.66 8.49 6.79 7.10 6.79 6.72 6.72 6.72 6.72 6.72 6.72 6.72 8.21 8.24 8.24 9.40 8.74 8.90 8.90 8.90 8.90 8.97 8.97 8.97 8.97 9.10 7.84 7.84 8.71 9.04 9.04 9.04 9.04 9.32 9.76 9.32 9.32 9.31 9.31 9.31 9.31 9.25 9.25 9.25 9.25 9.23 9.23 9.23 9.23 10.04 10.04 10.04 10.04 10.16 10.16 10.16 10.43
6.95 6.95 6.92 6.92 6.99 7.15 6.99 6.84 6.99 6.99 6.99 6.99 6.63 7.24 7.24 7.24 7.24 7.30 7.30 6.74 7.75 3.79 3.57 8.91 6.97 11.03 11.48 9.56 6.72 8.49 7.25 6.79 6.72 6.72 6.72 6.72 6.72 7.10 7.10 6.72 8.24 8.24 8.80 8.24 8.57 8.90 8.90 8.90 8.97 8.97 8.97 8.97 9.10 7.84 7.84 8.70 9.04 9.04 9.04 9.26 9.76 9.76 9.76 9.76 9.31 9.31 9.31 9.31 9.25 9.25 9.25 9.25 9.23 9.23 9.23 9.23 10.04 10.04 10.04 10.04 10.16 10.16 10.16 10.16
7.17 6.92 6.92 6.92 6.99 6.84 6.99 6.99 6.99 6.99 6.99 6.99 6.63 6.63 6.63 7.24 7.24 7.24 6.74 7.30 8.21 3.79 6.52 10.58 0.00 0.00 0.00 0.00 0.00 9.73 2.37 7.25 6.72 6.72 6.72 6.72 6.72 7.10 7.10 6.72 6.75 8.24 8.24 7.86 8.57 7.02 7.02 7.02 8.97 8.97 8.97 8.97 9.10 9.10 7.84 7.82 9.04 9.04 9.04 9.04 9.76 9.76 5.89 9.76 9.31 9.31 9.31 9.31 9.25 9.25 9.25 9.25 9.23 9.23 9.23 9.23 10.04 10.04 10.04 10.04 10.16 10.16 10.16 10.16
6.97 6.92 6.92 6.92 6.83 6.98 6.98 6.98 6.98 6.98 6.98 6.98 6.64 7.22 6.64 6.64 7.30 6.74 7.30 7.30 10.17 6.52 0.00 0.00 0.00 0.00 0.00 0.00 0.00 0.00 10.61 7.81 6.74 6.74 6.74 6.74 6.71 7.10 7.10 6.71 6.73 8.21 9.17 8.21 8.56 8.56 7.00 7.00 7.02 7.02 7.02 8.91 9.03 11.00 8.14 7.82 7.82 9.04 9.04 9.04 9.34 9.77 9.34 9.34 9.31 9.31 10.03 9.31 9.22 9.22 9.93 10.26 9.93 9.21 9.21 9.21 10.03 10.03 10.03 10.03 10.19 10.19 10.19 10.19
6.92 6.92 6.92 6.92 6.98 6.98 6.98 6.92 6.98 6.98 6.98 6.98 6.64 6.64 6.64 6.64 6.74 6.74 6.74 10.36 0.23 0.00 0.00 0.00 0.00 0.00 0.00 0.00 0.00 0.00 0.00 12.56 8.90 6.74 6.74 6.74 6.71 6.71 7.10 6.71 6.73 8.21 8.21 7.58 8.12 8.56 7.62 7.00 7.02 7.02 7.02 7.02 7.11 7.11 7.11 7.84 7.82 7.82 9.04 9.04 9.77 8.20 9.34 9.34 9.31 10.03 9.31 9.75 9.22 9.22 9.22 9.22 9.21 9.21 9.21 9.21 10.03 10.03 10.03 10.03 10.19 10.19 10.19 9.54
7.60 7.60 7.60 7.60 7.60 7.31 7.31 7.31 7.42 7.31 7.31 7.31 7.18 7.18 7.18 7.18 7.28 7.28 11.40 0.00 0.00 0.00 0.00 0.00 0.00 0.00 0.00 0.00 0.00 0.00 0.00 4.08 8.37 7.44 7.54 7.31 7.32 7.70 7.70 7.70 7.30 7.30 8.48 8.99 7.19 7.86 6.50 6.50 6.51 6.51 6.51 6.51 6.53 6.53 6.53 6.76 6.76 7.83 8.46 8.79 8.81 8.81 8.81 8.81 8.78 8.78 8.78 8.78 8.69 8.69 8.69 8.69 8.68 8.68 8.68 8.68 9.08 9.08 9.08 9.08 9.22 9.22 8.19 8.41
7.60 7.60 7.60 7.60 7.60 7.31 7.31 7.31 7.31 7.31 7.31 7.31 7.18 8.28 8.34 10.43 8.68 11.14 0.00 0.00 0.00 0.00 0.00 0.00 0.00 0.00 0.00 0.00 0.00 0.00 0.00 0.00 6.56 3.61 10.39 7.54 7.70 7.70 7.82 7.70 7.30 7.30 8.48 8.40 7.86 7.86 6.50 6.50 6.51 6.51 6.51 6.51 6.53 6.53 6.53 6.76 7.27 6.76 6.76 6.54 6.79 8.81 8.81 8.81 9.34 8.78 8.94 8.78 8.69 8.69 8.69 8.69 8.68 8.68 8.68 7.11 9.08 9.08 9.08 9.08 9.22 9.22 9.22 9.45
7.60 8.14 7.60 7.60 7.60 7.31 7.31 7.31 7.29 7.29 7.29 7.29 8.29 8.29 8.34 9.31 12.43 0.00 0.00 0.00 0.00 0.00 0.00 0.00 0.00 0.00 0.00 0.00 0.00 0.00 0.00 0.00 6.56 8.60 8.71 7.52 7.66 7.66 7.66 7.82 7.68 7.68 7.68 8.72 7.85 7.85 8.99 7.85 6.49 6.49 6.49 6.49 6.56 6.56 6.56 6.76 6.76 7.35 6.87 6.52 6.77 6.77 7.59 7.07 8.73 8.73 8.73 8.73 8.68 8.68 8.68 8.68 8.69 8.69 8.69 8.69 9.08 9.08 9.08 9.08 9.17 9.17 9.17 9.17
7.31 7.60 7.60 7.60 7.31 7.31 7.31 7.31 7.29 7.29 7.29 7.29 8.29 8.29 8.57 12.30 10.05 0.00 0.00 0.00 0.00 0.00 0.00 0.00 0.00 0.00 0.00 0.00 0.00 0.00 0.00 0.00 6.56 8.37 8.91 8.69 7.66 7.66 7.66 7.66 7.68 7.68 7.68 8.72 7.19 7.19 7.19 7.85 6.49 6.49 6.49 6.49 6.56 6.56 6.56 6.56 1.52 7.99 6.52 7.14 6.77 7.21 10.10 6.77 7.56 6.73 6.73 6.73 8.68 8.68 8.68 8.68 8.69 8.69 8.69 8.69 9.31 9.08 9.08 9.08 9.17 9.88 9.88 8.19
7.31 7.31 7.31 7.31 7.31 7.31 7.84 7.31 7.29 7.29 7.60 7.29 8.29 8.57 12.19 11.07 0.00 0.00 0.00 0.00 0.00 0.00 0.00 0.00 0.00 0.00 0.00 0.00 0.00 0.00 0.00 0.00 11.55 8.15 9.53 8.63 8.69 7.66 7.66 7.82 7.68 7.68 7.82 8.72 7.85 7.19 7.19 7.85 6.49 6.49 6.49 7.21 7.25 6.56 6.56 6.98 6.98 8.01 6.52 6.52 6.77 7.21 7.59 7.59 7.56 6.73 6.73 6.73 6.69 6.69 6.69 8.68 8.69 8.69 8.69 8.69 9.08 9.08 9.08 9.08 9.82 9.17 9.17 7.91
7.31 7.31 7.31 7.60 7.82 7.60 7.31 7.31 7.60 7.29 7.29 7.29 8.41 7.77 11.30 0.00 0.00 0.00 0.00 0.00 0.00 0.00 0.00 0.00 0.00 0.00 0.00 0.00 0.00 0.00 0.00 0.00 3.85 12.56 8.69 9.23 7.66 7.82 7.82 7.66 7.68 7.82 7.82 8.23 7.93 7.19 8.12 7.85 6.49 6.49 6.49 7.21 7.25 6.56 6.87 1.97 9.43 6.75 7.10 6.52 6.77 7.59 7.59 7.59 7.56 6.73 7.79 6.73 7.54 6.69 6.69 6.69 6.71 6.71 8.69 8.69 9.08 9.08 9.08 9.08 9.17 9.17 9.17 7.91
7.28 7.28 7.28 7.72 7.83 7.82 7.30 7.30 7.29 7.60 7.60 8.21 8.22 11.62 0.00 0.00 0.00 0.00 0.00 0.00 0.00 0.00 0.00 0.00 0.00 0.00 0.00 0.00 0.00 0.00 0.00 0.00 0.00 8.72 10.30 7.68 7.82 8.45 7.65 7.65 7.66 7.82 7.82 8.46 6.62 7.48 6.48 6.48 6.48 6.48 6.48 6.87 6.76 6.55 7.47 2.87 7.75 6.84 6.55 6.55 6.73 6.73 7.56 8.31 7.56 7.11 6.73 6.73 6.72 6.72 6.72 6.72 6.71 6.71 6.71 6.71 7.14 7.14 9.08 9.08 9.09 9.09 9.09 8.19
10.91 10.91 10.91 7.73 8.82 9.43 7.52 7.30 7.29 7.29 7.60 8.05 11.52 0.00 0.00 0.00 0.00 0.00 0.00 0.00 0.00 0.00 0.00 0.00 0.00 0.00 0.00 0.00 0.00 0.00 0.00 0.00 0.00 7.68 11.98 8.64 7.82 7.65 7.65 7.65 7.66 7.66 11.45 6.99 8.28 7.83 6.70 6.48 6.48 6.48 6.48 6.87 6.76 6.77 7.90 3.33 3.78 7.75 7.03 6.55 6.73 6.73 7.21 7.21 7.11 7.11 6.73 6.73 6.72 6.72 6.72 6.72 6.71 6.71 6.71 6.71 7.14 7.14 7.14 7.14 7.23 9.09 9.09 9.09
