New_Model_Runs/6_FutureClimate_RCP45_out/post_prcessed_with_MFR/Monthly_summaries/net_infiltration_monthly_JUN.asc
NCOLS 700
NROWS 400
XLLCENTER 515000.000000
YLLCENTER 8409000.000000
CELLSIZE 50.000000
NODATA_value -999.000000
[rows 108 to 143 of 400, columns 574 to 655 of 700]
6.53 6.59 6.62 6.62 6.62 6.62 6.74 0.00 0.00 0.00 0.00 0.00 0.00 0.00 0.00 0.00 0.00 0.00 0.00 0.00 0.00 7.05 6.66 6.66 6.66 6.66 6.60 6.60 6.60 6.60 6.45 6.45 6.45 6.45 6.95 6.95 6.95 6.95 7.68 6.84 7.35 6.84 6.97 6.97 6.97 6.97 7.10 7.10 5.49 5.49 5.60 5.60 5.60 5.60 5.61 5.61 5.61 5.61 5.59 5.59 5.59 5.59 5.61 5.61 7.14 5.61 7.45 7.45 5.46 5.46 13.56 0.00 0.00 0.00 0.00 0.00 0.00 0.00 0.00 0.00 0.00 0.00
6.59 6.59 6.62 6.56 6.62 6.62 6.74 0.00 0.00 0.00 0.00 0.00 0.00 0.00 0.00 0.00 0.00 0.00 0.00 0.00 0.00 3.65 8.10 7.22 7.22 7.22 6.60 6.60 6.60 6.60 6.45 6.45 6.45 6.45 6.95 6.95 6.95 6.95 7.68 6.84 6.84 7.68 6.97 6.97 6.97 6.97 7.10 7.10 7.10 5.49 5.60 5.60 5.60 5.60 5.61 5.61 5.61 5.61 5.59 5.59 5.59 6.09 5.61 5.61 7.14 8.03 8.86 7.89 5.89 7.31 13.35 0.00 0.00 0.00 0.00 0.00 0.00 0.00 0.00 0.00 0.00 0.00
6.59 6.59 6.62 6.62 6.62 6.62 6.74 0.00 0.00 0.00 0.00 0.00 0.00 0.00 0.00 0.00 0.00 0.00 0.00 0.00 0.00 7.17 12.88 8.12 7.33 7.22 6.54 6.60 6.60 6.60 6.79 6.45 6.45 6.45 6.95 6.95 6.95 6.95 6.84 6.84 6.84 6.84 6.97 6.97 6.97 6.97 7.10 7.10 7.10 7.10 5.60 5.60 5.60 5.60 5.61 5.61 5.61 5.61 5.59 5.59 5.59 5.59 6.10 5.61 5.61 8.03 8.25 8.49 8.01 2.84 13.35 0.00 0.00 0.00 0.00 0.00 0.00 0.00 0.00 0.00 0.00 0.00
6.59 6.59 8.47 8.47 8.47 8.47 7.91 0.00 0.00 0.00 0.00 0.00 0.00 0.00 0.00 0.00 0.00 0.00 0.00 0.00 0.00 14.81 11.73 7.29 6.66 6.66 6.60 6.55 6.60 6.88 6.45 6.45 6.45 6.45 6.95 6.95 6.95 6.95 7.56 6.84 6.84 6.84 6.97 6.97 6.97 6.97 7.10 7.10 7.10 7.10 7.35 5.60 5.60 5.60 5.61 5.61 5.61 5.61 5.59 5.59 5.59 5.59 5.61 7.67 8.67 7.73 8.25 8.93 8.67 13.35 0.00 0.00 0.00 0.00 0.00 0.00 0.00 0.00 0.00 0.00 0.00 0.00
6.50 9.17 8.51 8.51 8.51 6.65 7.03 0.00 0.00 0.00 0.00 0.00 0.00 0.00 0.00 0.00 0.00 0.00 0.00 0.00 14.05 7.39 4.00 8.10 8.90 8.63 6.64 6.64 6.64 6.64 7.27 6.29 7.27 7.27 7.63 6.79 6.79 6.79 6.91 6.91 6.91 6.91 7.20 7.20 7.20 7.20 6.39 6.39 6.39 6.39 6.59 6.59 5.69 5.69 5.66 5.66 5.66 5.66 5.63 5.63 5.63 5.63 5.62 5.62 8.89 10.67 8.61 8.91 11.15 13.56 0.00 0.00 0.00 0.00 0.00 0.00 0.00 0.00 0.00 0.00 0.00 0.00
6.50 6.50 8.51 6.65 6.65 6.65 6.96 10.99 0.00 0.00 0.00 0.00 0.00 0.00 0.00 0.00 0.00 0.00 0.00 14.59 11.51 11.51 7.20 8.92 9.12 8.85 8.52 8.52 6.64 6.64 7.27 6.34 7.27 7.27 7.63 6.79 6.79 6.79 6.91 6.91 6.91 6.91 7.20 7.20 7.20 7.20 6.39 6.39 6.39 6.39 6.59 6.59 6.59 5.69 5.66 5.66 5.66 5.66 5.63 5.85 5.63 5.63 5.62 5.62 5.84 5.62 5.88 3.22 14.22 0.00 0.00 0.00 0.00 0.00 0.00 0.00 0.00 0.00 0.00 0.00 0.00 0.00
6.55 6.55 6.89 8.80 6.89 6.89 7.05 8.99 3.95 0.00 0.00 0.00 0.00 0.00 0.00 14.07 15.52 6.89 14.00 11.43 6.52 8.13 7.20 9.09 8.43 8.80 8.78 9.50 9.50 6.77 6.52 6.52 6.52 6.52 6.92 6.92 6.92 6.92 7.03 7.03 7.03 7.03 6.43 6.33 6.43 6.43 6.51 6.45 6.45 6.51 6.63 6.63 6.63 6.63 7.76 5.90 5.68 5.68 8.93 8.90 7.75 5.66 5.86 6.08 5.86 5.64 5.94 11.38 11.04 0.00 0.00 0.00 0.00 0.00 0.00 0.00 0.00 0.00 0.00 0.00 0.00 0.00
6.55 6.55 6.89 6.89 8.80 8.80 7.05 8.00 8.62 8.40 12.06 14.51 13.63 14.20 14.42 14.35 15.22 8.22 7.97 7.41 6.23 2.62 7.80 7.61 9.01 8.79 8.43 9.37 8.68 6.77 6.52 6.52 6.52 6.52 6.92 6.92 6.92 6.92 7.03 7.03 7.03 7.03 6.43 6.43 6.43 6.37 6.51 6.51 6.51 6.45 6.97 10.14 11.16 6.63 7.69 7.60 5.90 5.68 5.66 12.19 8.71 5.66 7.98 11.93 11.93 6.64 10.84 13.69 0.00 0.00 0.00 0.00 0.00 0.00 0.00 0.00 0.00 0.00 0.00 0.00 0.00 0.00
6.56 6.56 6.94 6.94 8.87 8.87 7.07 7.07 7.00 8.00 7.63 8.06 7.41 6.35 7.37 7.16 7.16 7.16 7.87 8.02 11.14 7.70 8.61 8.69 8.69 8.69 8.48 9.15 8.48 8.48 7.24 7.24 7.24 7.24 6.94 6.94 6.94 6.94 7.16 7.16 7.16 7.16 6.46 6.46 6.46 4.37 4.37 4.37 6.51 6.51 6.61 6.61 6.61 11.36 10.72 10.72 13.77 11.27 5.68 11.57 7.82 7.76 7.76 7.98 11.76 11.25 6.23 3.51 0.00 0.00 0.00 0.00 0.00 0.00 0.00 0.00 0.00 0.00 0.00 0.00 0.00 0.00
6.56 6.56 6.94 8.87 8.87 6.94 7.07 7.07 7.07 7.07 8.68 7.84 7.35 7.35 7.16 7.16 7.16 8.02 6.84 7.61 7.92 11.60 9.60 8.69 8.69 8.69 8.48 8.48 8.48 8.48 7.24 7.24 7.24 6.93 6.94 6.94 6.94 6.94 7.16 7.16 7.16 7.16 6.46 6.46 6.46 6.46 6.51 6.51 6.51 6.45 6.61 6.61 6.61 6.61 6.59 6.59 7.29 11.27 12.57 11.76 12.45 11.79 8.28 11.55 12.23 3.64 6.01 7.09 0.00 0.00 0.00 0.00 0.00 0.00 0.00 0.00 0.00 0.00 0.00 0.00 0.00 0.00
6.56 6.56 6.94 8.87 8.87 8.87 7.07 7.07 7.07 7.61 8.44 8.37 8.46 7.13 7.16 8.02 7.79 7.83 7.06 7.61 11.53 7.61 8.43 9.54 8.69 6.78 6.62 6.62 6.62 6.62 6.97 7.24 7.24 7.24 6.94 6.94 6.94 6.94 7.16 7.16 7.16 7.16 6.46 6.46 6.46 6.40 6.51 6.51 6.51 6.51 6.61 6.55 6.61 6.61 6.59 6.59 6.59 7.62 12.01 12.99 12.67 11.55 12.45 8.25 8.28 6.42 5.79 0.00 0.00 0.00 0.00 0.00 0.00 0.00 0.00 0.00 0.00 0.00 0.00 0.00 0.00 0.00
6.56 6.56 6.94 6.94 9.73 8.87 9.05 9.76 9.38 9.38 8.67 8.81 8.44 8.02 8.02 8.24 8.24 7.63 7.26 6.98 11.53 8.65 8.69 6.78 6.78 6.78 6.62 6.62 6.62 6.62 7.24 7.24 7.24 7.24 6.94 6.94 6.94 6.94 7.16 7.16 6.89 7.16 6.46 6.46 6.46 6.46 6.51 6.83 6.44 6.51 6.61 6.61 6.61 6.61 6.59 6.53 6.59 7.61 8.08 7.46 8.11 13.18 12.45 11.79 11.27 7.76 12.26 0.00 0.00 0.00 0.00 0.00 0.00 0.00 0.00 0.00 0.00 0.00 0.00 0.00 0.00 0.00
6.65 6.65 6.96 6.96 6.96 6.96 8.67 8.19 8.19 9.38 8.24 8.68 7.81 8.21 8.24 8.15 8.37 8.06 9.19 8.28 7.83 9.34 8.44 6.59 6.53 6.59 7.33 7.33 7.33 7.33 7.22 7.22 7.22 7.22 7.08 7.08 7.08 7.08 7.21 7.21 7.21 7.21 6.42 6.42 6.42 6.42 6.44 6.44 6.44 6.44 6.55 6.55 6.55 6.55 6.55 6.55 6.55 6.79 6.55 7.69 7.67 4.64 5.63 6.07 8.94 6.28 13.69 0.00 0.00 0.00 0.00 0.00 0.00 0.00 0.00 0.00 0.00 0.00 0.00 0.00 0.00 0.00
6.65 6.65 6.96 6.96 6.96 6.96 7.07 7.07 7.07 9.38 8.02 8.02 7.81 8.02 8.24 8.37 8.59 8.37 7.26 9.34 8.69 8.69 6.59 6.59 6.80 6.47 7.33 7.33 7.33 7.33 7.22 7.22 7.22 7.22 7.08 7.08 7.08 7.08 7.21 7.21 7.21 7.21 6.42 6.42 6.42 6.42 6.44 6.44 6.44 6.44 6.55 6.55 6.55 6.55 6.55 6.55 6.55 6.50 7.60 6.96 6.02 5.99 5.63 6.07 8.72 14.84 10.82 0.00 0.00 0.00 0.00 0.00 0.00 0.00 0.00 0.00 0.00 0.00 0.00 0.00 0.00 0.00
6.65 6.65 6.96 6.96 6.96 6.96 7.07 7.07 9.05 9.05 7.14 7.07 7.27 7.14 8.25 8.25 8.24 8.15 10.27 10.29 8.69 6.77 6.85 6.59 6.59 6.59 7.69 7.69 7.33 7.33 7.22 7.22 7.22 7.22 7.08 7.08 7.08 7.08 7.21 7.21 7.21 7.21 6.42 6.42 6.42 6.42 6.44 6.44 6.44 6.44 6.55 6.55 6.55 6.55 6.55 6.55 6.55 6.50 6.55 6.96 6.55 5.65 5.63 4.64 7.89 14.62 0.00 0.00 0.00 0.00 0.00 0.00 0.00 0.00 0.00 0.00 0.00 0.00 0.00 0.00 0.00 0.00
6.65 6.65 6.96 6.96 6.96 6.96 7.07 7.07 9.05 9.05 9.15 9.15 7.06 7.14 7.15 8.25 9.09 8.65 10.50 8.69 8.43 6.77 6.59 6.59 6.59 4.64 7.06 7.91 7.48 7.33 7.22 7.22 7.22 7.22 7.08 7.08 7.08 7.08 7.21 7.21 7.21 7.21 6.42 6.42 6.42 6.36 6.44 6.44 6.44 6.44 6.55 6.55 6.89 6.86 6.55 6.55 6.55 6.55 6.55 7.48 6.55 6.55 5.63 7.84 8.11 14.62 0.00 0.00 0.00 0.00 0.00 0.00 0.00 0.00 0.00 0.00 0.00 0.00 0.00 0.00 0.00 0.00
6.69 6.94 6.98 6.98 6.98 6.98 7.02 7.02 8.99 9.69 9.85 7.02 7.02 7.02 7.00 8.15 9.49 12.39 11.94 8.42 6.58 6.51 6.51 6.51 4.64 7.48 7.69 7.88 6.51 7.48 7.48 7.48 6.45 6.45 7.14 7.14 7.14 7.14 6.28 7.26 7.26 7.26 6.43 6.43 6.43 6.43 7.30 7.30 7.30 6.36 7.38 7.38 7.38 7.38 7.38 7.38 6.40 7.38 7.40 7.40 7.40 7.40 7.56 7.17 8.03 14.18 0.00 0.00 0.00 0.00 0.00 0.00 0.00 0.00 0.00 0.00 0.00 0.00 0.00 0.00 0.00 0.00
6.63 6.69 7.24 6.98 6.98 6.98 7.02 7.02 6.96 7.02 7.02 7.02 7.02 7.02 7.22 9.82 8.96 8.89 8.43 6.58 6.58 6.58 6.51 7.39 6.51 6.51 6.51 7.66 6.51 6.51 6.45 6.45 6.45 6.45 7.14 7.14 7.14 7.14 7.26 7.26 7.26 7.26 6.43 6.43 6.43 6.43 7.30 7.30 7.30 7.30 7.38 7.38 7.38 7.38 6.40 7.38 7.38 7.38 7.40 7.40 7.40 7.40 7.56 7.62 12.31 13.74 0.00 0.00 0.00 0.00 0.00 0.00 0.00 0.00 0.00 0.00 0.00 0.00 0.00 0.00 0.00 0.00
6.69 6.69 6.98 6.98 7.25 6.98 7.02 6.96 7.02 7.02 7.02 7.02 7.02 7.02 10.45 10.04 8.96 9.82 6.70 6.58 10.09 10.90 7.39 6.51 6.51 6.51 6.51 6.51 6.51 6.51 6.45 6.45 6.45 6.45 7.14 7.14 7.14 6.90 7.26 7.26 7.26 7.26 6.43 6.43 6.43 7.51 7.30 7.30 6.31 7.30 7.38 7.38 6.40 7.38 7.38 7.38 7.38 7.38 7.40 7.40 7.40 7.40 7.44 6.82 10.38 0.00 0.00 0.00 0.00 0.00 0.00 0.00 0.00 0.00 0.00 0.00 0.00 0.00 0.00 0.00 0.00 0.00
6.69 6.69 6.98 6.98 6.98 6.98 7.02 7.02 7.02 7.02 7.02 7.02 7.02 6.96 7.00 7.00 7.00 7.00 6.58 10.90 7.66 7.48 6.51 6.51 6.51 6.51 6.51 6.51 6.51 6.51 6.45 6.45 6.45 6.45 7.14 7.14 7.14 7.14 7.26 7.26 7.26 7.26 6.43 6.43 6.43 7.51 7.30 7.30 7.30 7.30 7.38 7.38 7.38 7.38 7.38 7.38 7.38 7.38 7.40 7.40 7.40 7.40 7.62 11.14 10.38 0.00 0.00 0.00 0.00 0.00 0.00 0.00 0.00 0.00 0.00 0.00 0.00 0.00 0.00 0.00 0.00 0.00
6.61 6.61 6.91 6.85 6.91 6.85 6.93 6.93 6.93 6.93 6.93 6.93 6.86 6.93 6.82 6.88 6.88 6.88 9.34 6.57 7.48 6.57 6.64 6.64 6.64 6.64 6.62 6.62 6.62 6.55 6.48 6.48 6.48 6.48 7.13 7.13 7.13 7.13 7.30 6.69 7.30 7.30 6.48 6.48 7.22 7.54 6.42 6.42 6.42 6.42 7.39 7.39 7.39 7.39 7.42 7.42 7.42 7.42 7.42 7.42 7.42 7.42 10.80 10.99 7.38 0.00 0.00 0.00 0.00 0.00 0.00 0.00 0.00 0.00 0.00 0.00 0.00 0.00 0.00 0.00 0.00 0.00
6.61 6.61 6.91 6.91 6.91 6.91 6.93 6.93 6.93 6.93 6.93 6.83 6.93 6.93 6.88 6.88 7.87 10.40 7.48 6.57 7.48 6.57 6.64 6.64 6.64 6.64 6.55 6.87 6.62 6.62 6.78 6.48 6.48 6.48 7.13 7.13 7.13 7.13 7.30 7.30 7.30 6.70 6.48 6.48 7.22 6.48 6.42 6.42 6.42 6.42 7.39 7.39 7.39 7.39 7.42 7.42 7.42 7.42 7.42 7.42 6.82 10.93 7.48 7.51 0.00 0.00 0.00 0.00 0.00 0.00 0.00 0.00 0.00 0.00 0.00 0.00 0.00 0.00 0.00 0.00 0.00 0.00
6.42 6.42 6.53 6.53 6.53 6.53 6.55 6.55 6.55 6.84 6.55 6.55 6.55 6.55 6.51 6.51 6.51 10.90 7.13 7.70 7.46 7.46 6.65 6.65 6.65 6.94 6.62 6.62 6.62 6.62 7.37 7.37 7.37 7.10 7.63 7.63 7.63 7.63 7.80 7.80 7.80 7.80 8.20 9.61 9.61 7.87 7.81 7.81 7.81 7.81 7.76 7.76 7.76 7.76 7.78 7.78 7.78 7.78 8.12 8.12 7.78 11.29 8.12 7.91 0.22 0.00 0.00 0.00 0.00 0.00 0.00 0.00 0.00 0.00 0.00 0.00 0.00 0.00 0.00 0.00 0.00 0.00
6.42 6.42 6.53 6.53 6.53 6.47 6.49 6.55 6.55 6.55 6.55 6.55 6.55 6.55 6.51 6.51 6.51 6.51 11.41 7.70 7.46 7.46 6.65 6.65 6.65 6.65 6.62 6.62 6.62 6.62 7.37 7.37 7.37 7.37 7.63 7.63 7.63 7.63 7.80 7.80 7.80 7.80 9.61 9.61 9.61 9.61 9.52 9.52 7.81 7.81 7.76 7.76 7.76 7.76 7.78 8.00 7.87 8.12 8.34 7.87 14.28 7.78 8.12 7.91 7.91 0.00 0.00 0.00 0.00 0.00 0.00 0.00 0.00 0.00 0.00 0.00 0.00 0.00 0.00 0.00 0.00 0.00
7.24 7.24 6.48 6.48 6.48 6.48 6.52 6.52 6.52 6.52 6.55 6.55 6.55 6.55 6.57 6.57 6.57 6.57 11.19 6.66 7.73 6.66 6.69 6.69 6.69 6.62 6.96 6.62 6.57 6.62 7.35 7.35 7.35 7.35 7.65 7.65 7.65 7.65 7.83 7.83 7.83 7.83 9.66 9.66 9.66 9.88 10.02 10.23 8.19 7.86 7.81 7.81 7.81 7.81 8.12 8.34 8.06 8.56 11.19 14.48 13.99 10.61 7.73 7.73 0.00 0.00 0.00 0.00 0.00 0.00 0.00 0.00 0.00 0.00 0.00 0.00 0.00 0.00 0.00 0.00 0.00 0.00
7.24 7.24 6.48 6.42 6.48 6.48 6.52 6.52 8.35 8.35 8.39 8.39 8.39 8.39 6.57 6.57 6.57 6.57 6.66 10.17 7.70 7.70 6.91 6.69 6.69 6.63 6.57 6.62 6.62 6.62 7.35 7.35 7.35 7.35 7.65 7.65 7.65 7.65 7.83 7.83 7.95 7.83 9.66 8.87 9.14 7.60 3.65 10.63 7.86 7.86 8.12 8.08 8.34 8.08 10.67 8.28 8.50 11.41 14.48 10.61 10.61 10.61 0.00 0.00 0.00 0.00 0.00 0.00 0.00 0.00 0.00 0.00 0.00 0.00 0.00 0.00 0.00 0.00 0.00 0.00 0.00 0.00
7.24 7.24 6.48 6.96 6.48 6.48 6.52 6.52 6.46 9.18 8.39 8.39 9.06 8.39 8.42 8.42 6.57 6.57 6.66 10.17 7.70 7.46 10.91 10.99 7.48 6.69 6.62 6.62 6.62 6.62 7.35 7.60 7.60 7.35 7.65 7.65 7.65 7.65 7.83 7.83 7.83 9.54 9.88 9.66 8.95 7.16 13.86 14.18 10.63 7.86 11.42 14.28 10.98 3.97 4.19 11.42 14.50 13.84 10.61 10.61 0.00 0.00 0.00 0.00 0.00 0.00 0.00 0.00 0.00 0.00 0.00 0.00 0.00 0.00 0.00 0.00 0.00 0.00 0.00 0.00 0.00 0.00
7.24 7.24 6.48 6.81 6.41 6.48 6.52 6.52 6.52 6.52 6.55 6.55 8.39 8.39 8.42 9.03 6.57 6.57 6.66 6.66 10.17 10.38 11.19 11.21 7.70 6.79 6.62 6.62 6.62 6.62 7.60 8.29 7.09 7.07 7.65 7.65 7.65 7.65 7.83 7.83 9.54 9.98 8.65 13.43 13.21 9.92 0.00 12.02 11.37 11.37 0.00 8.46 13.38 11.97 11.97 12.19 8.46 0.00 0.00 0.00 0.00 0.00 0.00 0.00 0.00 0.00 0.00 0.00 0.00 0.00 0.00 0.00 0.00 0.00 0.00 0.00 0.00 0.00 0.00 0.00 0.00 0.00
7.14 6.88 6.43 6.43 6.43 6.43 6.52 6.52 6.52 6.52 6.58 6.58 6.58 6.58 8.51 8.51 8.51 8.51 6.71 6.71 6.71 6.93 8.12 9.97 7.92 7.73 6.63 6.63 6.63 6.63 7.95 7.10 7.36 7.36 7.70 7.70 7.70 7.70 7.84 9.56 10.22 12.60 13.43 0.00 0.00 0.00 0.00 0.00 0.00 0.00 0.00 0.00 0.00 0.00 0.00 0.00 0.00 0.00 0.00 0.00 0.00 0.00 0.00 0.00 0.00 0.00 0.00 0.00 0.00 0.00 0.00 0.00 0.00 0.00 0.00 0.00 0.00 0.00 0.00 0.00 0.00 0.00
7.14 6.88 6.43 6.43 6.43 6.43 6.52 6.52 6.52 6.52 6.58 6.58 6.58 6.58 6.64 8.51 8.51 9.19 6.71 6.71 6.71 6.71 6.70 6.56 10.00 10.50 7.82 7.62 7.62 7.62 7.36 7.36 7.36 7.36 7.70 7.70 7.70 7.70 9.56 9.56 6.34 14.08 0.00 0.00 0.00 0.00 0.00 0.00 0.00 0.00 0.00 0.00 0.00 0.00 0.00 0.00 0.00 0.00 0.00 0.00 0.00 0.00 0.00 0.00 0.00 0.00 0.00 0.00 0.00 0.00 0.00 0.00 0.00 0.00 0.00 0.00 0.00 0.00 0.00 0.00 0.00 0.00
6.88 7.14 6.43 6.43 6.43 6.43 6.52 6.52 6.52 6.52 6.58 6.58 6.58 6.58 8.51 8.51 8.51 8.34 8.63 8.60 6.93 7.15 6.70 3.49 7.63 3.35 10.50 10.00 8.04 7.82 7.36 7.40 7.40 7.36 7.70 7.70 7.70 7.70 9.56 11.73 0.00 0.00 0.00 0.00 0.00 0.00 0.00 0.00 0.00 0.00 0.00 0.00 0.00 0.00 0.00 0.00 0.00 0.00 0.00 0.00 0.00 0.00 0.00 0.00 0.00 0.00 0.00 0.00 0.00 0.00 0.00 0.00 0.00 0.00 0.00 0.00 0.00 0.00 0.00 0.00 0.00 0.00
7.14 7.14 6.43 6.43 6.43 6.43 6.52 6.52 6.52 6.52 6.58 6.58 6.58 8.43 8.51 8.73 8.34 8.78 9.33 8.49 2.61 2.83 11.03 7.44 6.78 14.01 3.73 3.95 13.07 10.14 7.36 7.40 7.40 7.36 7.70 9.37 7.70 7.70 13.07 0.00 0.00 0.00 0.00 0.00 0.00 0.00 0.00 0.00 0.00 0.00 0.00 0.00 0.00 0.00 0.00 0.00 0.00 0.00 0.00 0.00 0.00 0.00 0.00 0.00 0.00 0.00 0.00 0.00 0.00 0.00 0.00 0.00 0.00 0.00 0.00 0.00 0.00 0.00 0.00 0.00 0.00 0.00
7.05 7.05 7.30 7.30 7.30 7.30 6.54 6.54 7.62 7.62 6.60 6.60 6.60 9.28 12.07 11.21 9.12 3.43 3.60 11.99 12.58 6.34 12.06 0.00 0.00 0.00 0.00 0.00 0.00 0.00 10.91 7.40 7.40 7.40 7.74 8.88 8.88 9.42 12.60 0.00 0.00 0.00 0.00 0.00 0.00 0.00 0.00 0.00 0.00 0.00 0.00 0.00 0.00 0.00 0.00 0.00 0.00 0.00 0.00 0.00 0.00 0.00 0.00 0.00 0.00 0.00 0.00 0.00 0.00 0.00 0.00 0.00 0.00 0.00 0.00 0.00 0.00 0.00 0.00 0.00 0.00 0.00
7.05 7.05 7.30 7.30 7.30 6.70 6.54 6.54 6.54 6.54 6.60 6.60 10.11 11.81 11.81 12.02 12.88 7.16 7.44 6.17 12.86 0.00 0.00 0.00 0.00 0.00 0.00 0.00 0.00 0.00 3.51 7.40 9.14 9.14 7.74 9.31 9.14 0.00 0.00 0.00 0.00 0.00 0.00 0.00 0.00 0.00 0.00 0.00 0.00 0.00 0.00 0.00 0.00 0.00 0.00 0.00 0.00 0.00 0.00 0.00 0.00 0.00 0.00 0.00 0.00 0.00 0.00 0.00 0.00 0.00 0.00 0.00 0.00 0.00 0.00 0.00 0.00 0.00 0.00 0.00 0.00 0.00
7.05 7.05 7.30 7.30 7.30 6.31 6.54 6.54 8.24 7.48 7.48 11.00 10.17 11.00 7.48 6.63 6.63 10.13 12.37 8.11 0.00 0.00 0.00 0.00 0.00 0.00 0.00 0.00 0.00 0.00 10.91 10.91 12.65 12.65 12.21 9.98 10.20 0.00 0.00 0.00 0.00 0.00 0.00 0.00 0.00 0.00 0.00 0.00 0.00 0.00 0.00 0.00 0.00 0.00 0.00 0.00 0.00 0.00 0.00 0.00 0.00 0.00 0.00 0.00 0.00 0.00 0.00 0.00 0.00 0.00 0.00 0.00 0.00 0.00 0.00 0.00 0.00 0.00 0.00 0.00 0.00 0.00
7.05 7.05 6.29 6.31 7.30 7.30 6.54 6.54 6.54 6.54 7.48 7.48 7.48 7.52 7.92 7.92 13.47 11.81 0.00 0.00 0.00 0.00 0.00 0.00 0.00 0.00 0.00 0.00 0.00 0.00 0.00 0.00 0.00 0.00 0.00 0.00 0.00 0.00 0.00 0.00 0.00 0.00 0.00 0.00 0.00 0.00 0.00 0.00 0.00 0.00 0.00 0.00 0.00 0.00 0.00 0.00 0.00 0.00 0.00 0.00 0.00 0.00 0.00 0.00 0.00 0.00 0.00 0.00 0.00 0.00 0.00 0.00 0.00 0.00 0.00 0.00 0.00 0.00 0.00 0.00 0.00 0.00
