New_Model_Runs/6_FutureClimate_RCP45_out/post_prcessed_with_MFR/Monthly_summaries/net_infiltration_monthly_MAY.asc
NCOLS 700
NROWS 400
XLLCENTER 515000.000000
YLLCENTER 8409000.000000
CELLSIZE 50.000000
NODATA_value -999.000000
[rows 114 to 151 of 400, columns 420 to 503 of 700]
5.78 6.34 5.78 6.35 5.82 5.82 5.82 5.93 5.92 5.92 5.92 5.92 6.37 6.14 6.14 6.14 6.31 6.31 6.31 6.31 6.48 6.48 6.06 6.06 6.91 6.91 6.06 6.29 6.03 6.22 10.17 7.19 6.07 5.87 6.13 6.13 6.08 6.08 6.08 6.08 5.98 5.98 5.98 5.98 5.81 5.81 5.81 5.81 5.82 5.82 5.82 5.82 6.00 6.00 6.00 6.80 6.96 6.04 6.07 6.61 6.80 6.80 6.92 6.10 6.07 5.78 6.13 5.78 4.59 4.59 6.10 5.51 5.39 5.39 5.39 5.39 5.25 5.25 5.25 5.25 6.46 6.91 6.91 6.46
5.78 5.78 5.78 5.78 5.82 5.82 5.82 5.82 5.92 5.92 5.92 5.92 6.14 6.14 6.14 6.14 6.31 6.31 6.31 6.31 6.48 6.88 6.95 6.88 6.91 6.06 6.06 7.14 6.42 10.06 9.50 6.29 7.19 7.33 6.00 6.13 6.08 6.08 6.08 6.08 5.98 5.98 5.98 5.98 5.81 5.81 5.81 5.81 5.82 5.82 5.82 6.23 6.00 6.00 6.00 6.00 6.04 6.04 6.27 6.27 6.13 6.92 6.92 6.10 6.07 5.78 5.78 5.78 4.59 4.59 3.47 5.51 5.39 5.39 5.39 5.39 5.25 5.25 5.25 5.25 7.49 6.89 6.46 6.46
5.93 5.93 5.93 5.93 5.97 5.97 5.97 5.97 6.05 6.05 6.05 6.05 6.23 6.23 6.23 6.23 6.30 6.30 6.30 6.30 6.41 6.80 6.80 6.80 6.83 6.83 6.83 6.43 6.53 6.53 6.29 5.42 10.37 6.52 6.29 6.97 6.94 6.10 6.10 6.10 6.02 6.02 6.83 6.83 7.33 5.85 5.85 5.85 5.84 5.84 5.84 5.84 6.38 6.33 5.98 6.78 6.91 6.04 6.04 6.04 6.44 6.13 6.88 6.07 6.02 6.81 6.81 7.05 6.68 4.59 3.47 5.48 5.90 5.37 5.37 5.37 5.21 5.21 5.21 5.21 6.73 6.29 6.29 5.22
5.93 5.93 5.93 5.93 5.97 5.97 5.97 5.97 5.92 6.05 6.05 6.05 6.23 6.23 6.23 6.23 6.30 6.30 6.30 6.30 6.41 6.80 6.80 6.41 6.43 6.43 6.43 6.25 6.53 6.12 6.29 6.73 10.37 6.52 6.97 6.97 6.07 6.94 6.94 6.94 6.83 6.83 6.83 6.83 6.62 5.85 6.26 5.85 5.84 6.24 5.84 5.84 5.98 5.98 5.98 6.78 6.91 6.91 6.09 6.09 6.88 6.88 6.77 6.07 6.02 6.02 6.02 6.81 6.69 6.69 5.48 5.48 5.37 5.37 5.37 5.37 5.21 5.73 5.21 5.21 6.29 5.22 5.22 5.22
5.93 5.93 5.93 5.93 5.97 5.97 5.97 5.97 5.92 6.05 6.05 6.05 6.23 6.23 6.23 6.23 6.54 6.54 6.30 6.30 6.41 6.41 6.41 6.41 6.43 6.43 6.43 6.43 6.12 5.87 6.07 6.29 10.67 7.20 6.97 6.97 6.94 7.18 6.94 7.17 6.83 6.83 6.83 6.83 6.62 5.85 5.85 5.85 5.84 6.24 5.84 5.84 5.98 5.98 6.33 6.33 6.09 6.09 6.09 6.09 6.43 6.88 7.07 6.41 6.02 6.02 6.02 6.44 7.40 6.92 5.48 5.48 5.37 5.37 5.37 5.37 5.21 5.73 5.21 5.21 5.22 5.73 5.22 5.22
5.93 5.93 5.93 5.93 5.97 5.97 5.97 5.97 5.92 6.05 6.05 6.05 6.23 6.23 6.23 6.23 6.30 6.30 6.30 6.30 6.41 6.41 6.41 6.41 6.43 6.68 6.43 6.43 6.53 6.35 6.13 6.97 10.60 9.04 6.97 6.97 6.94 6.94 6.94 6.94 6.02 6.02 6.02 6.02 5.85 6.39 6.26 5.85 5.84 5.84 5.84 5.84 5.98 5.98 5.98 5.98 6.09 6.09 6.09 6.09 6.07 6.88 6.88 6.07 6.50 6.44 6.02 6.02 5.92 6.69 5.48 5.48 5.37 5.37 5.37 5.37 5.21 5.21 5.21 5.21 5.22 5.22 5.22 5.70
6.14 6.14 6.14 6.14 6.13 6.13 6.13 6.13 6.09 6.09 6.25 6.25 6.36 6.36 6.36 6.36 6.28 6.28 6.28 6.28 6.27 6.27 6.27 6.27 6.35 6.35 6.35 6.35 6.51 6.11 6.11 6.95 9.92 5.64 7.21 6.97 6.91 6.08 6.08 6.08 6.00 6.00 6.00 6.00 5.88 6.43 6.29 5.88 5.87 5.87 5.87 6.29 5.92 5.92 5.92 6.62 5.98 5.98 5.98 5.98 5.98 5.98 5.98 5.98 5.90 5.90 5.90 5.90 5.82 6.21 5.39 5.39 5.33 5.33 5.33 5.33 5.12 5.12 5.12 5.62 5.08 5.57 5.08 5.57
6.14 6.14 6.97 6.14 6.13 6.13 6.13 6.13 6.09 6.09 6.25 6.25 6.36 6.36 6.36 6.36 6.28 6.28 6.28 6.28 6.27 6.27 6.51 6.27 6.35 6.35 6.74 6.74 6.91 6.95 6.95 6.07 9.92 6.29 7.56 6.97 7.65 6.08 6.08 6.08 6.00 6.00 6.00 6.00 6.29 6.29 5.88 5.88 5.87 5.87 6.29 5.87 5.92 5.92 5.92 5.92 5.98 6.33 5.98 5.98 5.98 5.98 6.39 6.66 6.69 6.31 5.90 5.90 5.82 5.82 5.39 5.39 5.86 5.33 5.86 5.33 5.12 5.12 5.12 5.12 5.08 5.08 5.08 5.08
6.14 6.14 6.97 6.97 6.13 6.13 6.13 6.45 6.09 6.09 6.09 6.25 6.36 6.36 6.36 6.36 6.28 6.28 6.28 6.28 6.27 6.27 6.27 6.27 6.35 6.74 6.74 6.74 6.91 6.95 6.07 6.59 9.92 6.97 6.97 6.97 6.91 6.08 6.08 6.08 6.00 6.35 6.00 6.00 5.88 5.88 5.88 5.88 5.87 6.29 5.87 5.87 5.92 5.92 5.92 5.92 5.98 5.98 5.98 5.98 5.98 5.98 5.98 5.98 6.31 5.90 5.90 5.90 5.82 6.21 6.17 5.39 5.33 5.33 5.33 5.33 5.12 5.12 5.12 5.12 5.08 5.08 5.08 5.08
6.14 6.97 6.97 6.97 6.96 6.96 6.96 6.96 6.09 6.09 6.09 6.25 6.36 6.36 6.36 6.36 6.28 6.28 6.28 6.28 6.27 6.27 6.27 6.27 6.35 6.35 6.35 6.35 6.51 6.11 6.11 6.29 9.92 6.29 6.97 6.07 6.91 6.08 6.08 6.08 6.00 6.00 6.00 6.00 5.88 5.88 5.88 5.88 5.87 5.87 6.29 5.87 5.92 5.92 5.92 6.61 5.98 5.98 5.98 5.98 5.98 5.98 5.98 6.36 5.90 5.90 5.90 5.90 5.82 7.29 5.39 5.90 5.33 5.33 5.33 5.33 5.12 5.12 5.12 5.12 5.08 5.08 5.08 5.08
6.19 7.03 5.50 7.03 7.06 7.06 7.06 7.28 5.50 5.58 5.58 6.19 6.49 6.89 6.89 6.49 6.40 6.40 6.40 6.79 6.26 6.26 5.36 6.26 6.26 6.26 6.26 6.26 6.44 6.05 6.05 6.00 9.63 6.29 6.73 6.07 6.88 6.88 6.06 6.06 6.01 6.01 6.01 6.01 5.94 5.94 5.94 5.94 5.89 5.89 5.89 5.89 5.87 5.87 5.87 6.28 5.89 5.89 5.89 5.89 5.84 6.25 5.84 5.84 5.77 5.77 5.77 5.77 5.73 5.73 5.32 5.32 5.31 5.31 5.31 5.31 5.13 5.13 5.13 5.13 5.14 5.14 5.14 5.14
5.36 5.50 7.03 5.50 7.06 5.81 7.28 5.95 5.19 5.19 5.19 5.19 6.89 6.89 6.89 6.89 6.06 6.79 6.79 6.06 6.54 6.26 6.26 6.26 6.26 6.26 6.26 6.26 6.44 6.05 6.05 6.05 6.00 9.63 6.29 6.29 6.88 6.88 6.06 6.06 6.01 6.01 6.01 6.01 5.94 6.36 5.94 5.94 5.89 5.89 5.89 5.89 5.87 5.87 5.87 5.87 5.89 5.89 5.89 6.89 5.84 6.25 5.84 5.84 5.77 5.77 5.77 5.77 5.73 7.21 5.32 5.32 5.31 5.31 5.31 5.31 5.13 5.13 5.13 5.13 5.14 5.14 5.14 5.14
5.50 5.50 5.81 6.04 6.04 5.81 7.06 7.06 5.28 6.40 8.83 10.12 10.22 9.99 9.99 9.26 9.69 10.65 6.02 6.06 6.63 6.63 6.26 6.26 6.26 6.26 6.26 6.26 6.44 6.05 6.05 6.05 6.44 8.93 5.87 6.07 6.88 6.88 6.88 6.06 6.01 6.01 6.01 6.35 5.94 5.94 5.94 5.94 5.89 5.89 5.89 5.89 5.87 5.87 5.87 5.87 5.89 5.89 5.89 6.31 6.26 6.25 5.84 5.84 5.77 5.77 5.77 5.77 5.73 5.73 5.32 5.32 5.31 5.31 5.31 5.31 5.13 5.13 5.13 5.13 5.14 5.14 5.14 5.14
5.50 6.04 5.95 6.26 6.10 6.09 6.49 5.81 1.65 5.19 5.50 9.89 6.52 6.36 6.36 6.89 7.02 7.02 6.79 6.06 6.13 6.63 7.03 6.26 6.26 6.26 6.26 6.26 6.44 6.26 6.05 6.05 6.09 6.09 6.09 6.38 6.07 7.13 6.88 6.88 6.01 6.01 6.01 6.01 5.94 5.94 5.94 5.94 5.89 5.89 5.89 5.89 6.27 6.27 5.87 5.87 5.89 5.89 5.89 5.89 5.84 6.23 5.84 5.84 5.77 5.77 5.77 5.77 5.73 5.73 5.32 5.32 5.31 5.31 5.31 5.31 5.13 5.13 5.13 5.13 5.14 5.14 5.14 5.14
7.26 6.49 5.41 5.19 5.88 2.78 6.33 6.40 1.65 5.50 5.95 9.89 6.29 6.36 6.91 6.91 6.84 6.84 6.39 6.06 6.06 6.56 6.44 6.30 6.19 6.19 5.80 6.19 6.32 5.95 5.95 5.95 6.05 6.05 6.88 6.38 6.90 6.90 7.15 6.90 7.60 6.41 6.05 6.45 6.77 6.77 6.77 5.97 5.90 5.90 5.90 5.90 5.83 6.23 5.83 5.83 5.80 5.80 5.80 5.80 5.77 5.77 5.77 5.77 5.80 5.80 5.80 5.80 5.80 5.80 5.38 5.38 5.37 5.37 5.37 5.37 5.24 5.24 5.24 5.24 5.26 5.26 5.26 5.26
6.10 6.41 5.73 5.96 9.27 6.41 9.28 9.58 8.83 9.66 8.83 9.66 6.00 5.77 6.91 6.98 6.84 6.84 6.06 6.06 6.38 6.56 6.30 6.30 6.19 5.80 5.80 5.80 5.95 5.95 5.95 5.95 6.05 6.05 6.88 6.88 6.07 6.07 6.90 6.90 8.15 6.88 6.88 6.88 6.77 6.77 7.22 7.49 6.68 6.31 5.90 5.90 5.83 5.83 5.83 5.83 5.80 5.80 5.80 5.80 5.77 6.15 5.77 5.77 5.80 5.80 5.80 5.80 5.80 5.80 5.38 5.38 5.37 5.37 5.37 5.37 5.24 5.24 5.24 5.24 5.26 5.26 5.26 5.26
11.72 3.24 7.42 3.02 3.92 3.47 7.42 6.19 6.83 7.69 7.20 7.01 5.78 7.15 6.86 7.04 7.20 7.38 6.18 6.78 5.86 6.25 6.25 6.49 5.59 5.59 5.59 5.59 5.86 6.14 6.49 6.14 6.25 6.25 7.09 7.84 7.12 7.12 6.64 6.27 7.85 7.09 7.09 7.09 7.05 6.23 6.58 7.78 6.96 6.16 6.86 6.16 6.08 6.08 6.08 6.08 6.06 6.06 6.47 6.06 5.68 5.68 5.68 5.68 5.71 5.71 5.71 5.71 5.71 5.71 5.30 5.30 5.30 5.30 5.30 5.30 5.16 5.16 5.69 5.16 5.18 5.18 5.18 5.18
7.10 7.87 7.64 6.96 7.96 7.64 2.34 2.27 7.03 6.96 7.01 7.42 5.56 7.15 5.86 5.86 6.78 6.39 6.64 6.39 6.25 6.25 6.25 6.25 5.82 5.59 5.59 5.59 5.86 6.14 6.14 6.14 6.25 6.25 6.25 7.09 7.12 6.27 6.27 6.27 7.09 7.09 7.09 7.09 6.23 6.23 6.23 6.23 6.16 6.16 6.16 6.16 6.08 6.08 6.08 6.08 6.06 6.06 6.06 6.06 5.68 5.68 5.68 5.68 5.71 5.71 5.71 5.71 6.18 5.71 5.30 5.30 5.30 5.30 5.30 5.30 5.16 5.16 5.16 5.16 5.18 5.18 5.18 5.18
6.87 8.19 4.15 7.42 6.83 2.34 6.83 6.51 7.01 7.24 6.98 7.40 7.11 7.11 5.56 5.86 6.59 6.33 6.33 6.33 6.17 6.17 6.17 6.33 5.59 5.59 5.59 5.59 5.86 6.06 6.06 6.06 6.17 6.17 7.00 7.00 6.18 6.18 6.18 6.18 7.02 6.19 6.19 6.19 6.18 6.18 6.18 6.18 6.12 6.12 6.12 6.12 6.76 6.06 6.06 6.06 6.05 6.05 6.05 6.05 5.74 5.74 5.74 5.74 5.79 5.79 5.79 5.79 4.54 5.78 5.36 5.36 5.35 5.35 5.35 5.35 5.20 5.20 5.20 5.20 5.72 5.22 5.22 5.22
6.51 6.42 3.24 7.19 6.83 6.51 6.29 6.74 2.56 7.85 7.40 7.59 5.56 7.18 7.11 6.68 6.33 6.33 6.33 6.33 6.17 6.42 6.17 6.17 5.87 5.82 5.59 5.59 5.86 6.06 6.06 6.06 6.17 7.00 7.00 6.17 6.18 6.18 6.18 6.18 6.19 6.55 6.19 6.19 6.18 6.18 6.18 6.18 6.12 6.12 6.12 6.12 6.06 6.06 6.06 6.06 6.05 6.05 6.05 6.05 5.74 5.74 5.74 5.74 5.79 5.79 5.79 5.79 5.78 5.78 5.36 5.36 5.35 5.35 5.35 5.35 5.20 5.20 5.20 5.20 5.22 5.22 5.22 5.22
0.00 0.00 10.82 7.64 2.79 2.56 7.19 7.42 7.24 7.63 6.56 6.56 6.89 7.11 6.24 6.24 6.33 6.33 6.33 6.33 6.17 6.17 6.17 6.17 5.59 5.59 5.59 5.59 5.86 5.86 6.06 6.06 6.87 6.17 6.17 6.17 6.18 6.18 6.18 6.18 6.19 6.19 6.19 6.19 6.18 6.18 6.53 6.18 6.12 6.12 6.55 6.12 6.06 6.06 6.06 6.06 6.05 6.05 6.05 6.05 5.74 5.74 5.74 5.74 5.79 5.79 5.79 5.79 5.78 5.78 5.36 5.36 5.35 5.35 5.35 5.35 5.20 5.20 5.20 5.20 5.22 5.22 5.22 5.22
0.00 0.00 0.00 6.67 3.24 7.87 7.10 6.97 7.65 6.56 6.56 6.56 6.24 6.24 6.24 6.24 6.33 6.33 6.33 6.33 6.17 6.17 5.59 5.59 5.82 5.59 5.59 5.59 5.86 5.86 6.06 6.06 6.27 6.17 6.17 5.86 5.86 5.86 6.18 6.18 6.19 6.19 6.55 6.19 6.18 6.53 6.18 6.18 6.12 6.93 6.55 6.12 6.06 6.06 6.06 6.06 6.05 6.05 6.05 6.05 5.74 5.74 5.74 5.74 5.79 5.79 5.79 5.79 5.78 5.78 5.36 5.36 5.35 5.35 5.35 5.35 5.20 5.20 5.20 5.20 5.22 5.22 5.22 5.22
0.00 0.00 0.00 0.00 3.24 6.64 11.49 7.02 6.48 6.48 6.48 6.48 6.14 6.14 6.14 6.14 6.20 6.20 6.20 6.20 6.04 5.59 5.59 5.59 5.82 5.59 5.59 5.59 5.86 5.86 5.86 5.86 5.86 5.86 5.86 5.86 5.86 6.13 6.43 6.13 6.16 6.16 6.16 6.16 6.14 6.14 6.14 6.14 6.12 6.12 6.12 6.12 6.07 6.07 6.07 6.07 6.07 6.07 6.07 6.07 5.74 5.74 5.74 5.74 5.77 5.77 5.77 5.77 5.79 5.79 5.37 5.37 5.41 5.41 5.41 5.41 5.22 5.22 5.22 5.22 5.21 5.21 5.21 5.21
0.00 0.00 0.00 0.00 6.19 6.19 7.20 6.75 7.10 6.48 6.48 7.10 6.77 6.14 6.14 6.14 6.04 6.20 6.20 6.35 6.04 6.04 5.59 5.59 5.59 5.59 5.59 5.59 5.86 5.86 6.61 6.27 5.86 5.86 5.86 5.86 5.86 5.86 5.86 6.13 6.16 6.16 6.16 6.16 6.14 6.14 6.14 6.14 6.12 6.12 6.12 6.12 6.07 6.07 6.07 6.07 6.07 6.07 6.07 6.07 5.74 5.74 5.74 5.74 5.77 5.77 5.77 5.77 5.79 5.79 5.37 5.37 6.33 5.94 5.41 5.41 5.22 5.22 5.22 5.22 5.21 5.21 5.71 5.21
0.00 0.00 0.00 0.00 10.14 6.74 7.14 6.52 7.10 6.48 6.48 6.48 6.14 6.77 6.14 6.14 6.04 6.20 6.20 5.59 5.59 5.59 5.59 5.59 5.59 5.59 5.59 5.59 5.86 5.86 5.86 5.86 5.86 5.86 5.86 5.86 5.86 5.86 5.86 6.13 6.16 6.16 6.16 6.16 6.14 6.14 6.14 6.14 6.54 6.12 6.54 6.81 6.07 6.07 6.07 6.49 6.07 6.07 6.07 6.07 5.74 5.74 5.74 5.74 5.77 5.77 5.77 5.77 5.79 5.79 5.37 5.37 5.93 6.19 5.41 5.41 5.22 5.22 5.22 5.22 5.71 5.21 5.21 5.10
0.00 0.00 0.00 0.00 0.00 7.43 6.52 6.52 6.48 6.48 6.48 6.48 6.14 6.14 6.14 6.14 5.04 5.04 5.59 5.59 5.59 5.59 5.59 5.59 5.59 5.59 5.59 5.59 5.86 5.86 5.97 5.86 5.86 5.86 5.86 5.86 6.13 6.13 6.13 6.13 6.51 6.16 6.16 6.16 6.49 6.14 6.14 6.14 6.12 6.12 6.12 6.12 7.02 6.77 6.76 6.07 6.07 6.07 6.07 6.07 6.16 5.74 5.74 5.74 5.77 6.16 5.77 5.77 5.79 5.79 5.37 5.37 5.41 5.41 5.94 5.41 5.22 5.22 5.22 5.22 5.21 5.71 5.96 6.14
0.00 0.00 0.00 0.00 0.00 7.14 6.47 6.47 6.42 6.42 6.42 6.42 6.05 6.05 6.05 6.05 5.88 5.88 6.02 5.59 5.59 5.59 5.59 5.59 5.59 5.59 5.59 5.16 5.86 5.86 7.05 5.86 5.86 5.86 5.86 6.12 6.15 6.15 6.88 6.51 6.13 6.13 6.13 6.13 6.13 6.13 6.13 6.13 6.54 6.12 6.12 6.12 6.08 6.08 6.08 6.08 6.10 6.10 6.10 6.10 5.71 5.71 5.71 5.71 6.10 5.71 5.71 5.71 5.78 5.78 5.36 5.36 5.45 5.45 5.45 5.97 5.24 5.24 5.24 5.24 5.20 5.20 5.20 5.20
0.00 0.00 0.00 0.00 6.35 6.92 6.47 7.07 6.42 6.65 6.42 6.42 6.05 6.05 6.05 6.05 5.88 5.88 6.02 6.02 5.97 5.59 5.59 5.97 6.07 5.59 5.59 5.16 5.86 5.86 5.86 5.86 5.86 5.86 6.12 6.12 6.15 6.15 6.15 6.15 6.13 6.13 6.49 6.13 6.13 6.13 6.13 6.13 6.12 6.12 6.12 6.12 6.08 6.08 6.08 6.08 6.10 6.10 6.10 6.10 5.71 5.71 5.71 5.71 5.71 5.71 5.71 5.71 6.16 5.78 5.36 5.36 5.45 5.45 5.45 5.45 5.24 5.24 5.24 5.24 3.35 5.20 5.20 5.20
0.00 0.00 0.00 2.56 6.64 7.14 6.47 6.47 6.65 6.79 7.23 7.23 6.87 6.87 6.87 6.05 5.88 5.88 5.88 6.02 5.97 5.97 5.97 5.97 6.07 6.07 5.59 5.16 5.86 5.86 5.86 5.86 5.86 5.86 5.86 6.12 6.15 6.15 6.15 6.15 6.13 6.13 6.13 6.13 6.13 6.13 6.56 6.13 6.12 6.12 6.12 6.12 6.08 6.08 6.08 6.08 6.10 6.10 6.10 6.10 5.71 5.71 5.71 5.71 5.71 5.71 5.71 5.71 6.16 5.78 5.36 5.36 5.45 5.45 5.45 6.58 5.24 5.24 5.24 5.24 5.20 5.20 5.20 5.20
0.00 0.00 0.00 6.19 7.96 7.08 6.47 6.65 6.79 6.79 6.79 6.79 6.87 6.87 6.87 6.87 5.88 5.88 5.88 6.02 5.97 5.97 5.97 5.97 6.07 6.07 6.07 5.16 5.86 5.86 5.86 5.86 5.86 5.86 5.86 5.86 6.15 6.15 6.15 6.15 6.13 6.13 6.13 6.13 6.13 6.13 6.13 6.13 6.54 6.12 6.12 6.12 6.08 6.50 6.08 6.08 6.10 6.10 6.10 6.10 5.71 5.71 5.71 5.71 5.71 5.71 5.71 5.71 5.78 5.78 5.36 5.36 5.45 5.45 5.45 6.58 6.30 5.24 5.24 5.24 5.20 5.20 5.06 5.20
0.00 0.00 0.00 6.56 7.64 7.24 6.79 7.24 7.01 6.79 7.23 7.23 6.80 6.80 6.80 5.99 5.83 5.83 5.83 5.83 6.08 6.08 6.08 6.08 6.22 6.22 6.22 5.86 6.22 6.22 5.86 5.86 5.86 5.86 5.86 5.86 6.18 6.18 6.18 6.18 6.10 6.10 6.10 6.10 6.11 6.11 6.11 6.11 6.10 6.10 6.10 6.10 6.10 6.10 6.10 6.10 6.17 6.17 6.17 6.17 5.76 5.76 5.76 5.76 5.71 5.71 5.71 5.71 5.76 5.76 5.35 5.35 5.43 5.43 5.43 5.46 9.10 6.10 5.47 5.02 6.28 5.06 5.99 5.10
0.00 0.00 5.97 3.24 3.02 3.47 7.64 7.65 7.01 6.79 8.06 7.23 6.80 7.58 6.54 5.99 5.83 5.83 5.83 5.83 6.08 6.08 6.08 6.08 6.22 6.22 6.22 5.86 6.22 6.22 6.22 5.86 6.22 5.86 6.22 5.86 6.18 6.18 6.18 6.18 6.10 6.10 6.10 6.10 6.11 6.11 6.11 6.11 6.10 6.10 6.10 6.10 6.10 6.10 6.10 6.10 6.17 6.17 6.17 6.17 5.76 5.76 5.76 5.76 5.71 5.71 5.71 5.71 5.76 5.76 5.35 5.35 5.43 5.92 5.43 6.79 6.54 9.32 9.32 8.87 5.43 5.43 5.95 5.88
0.00 0.00 11.53 4.16 3.93 8.59 7.68 6.79 7.15 7.15 7.15 6.37 6.55 6.55 5.80 5.80 5.65 5.65 5.65 5.65 5.84 5.84 5.84 5.84 5.99 5.99 5.99 5.67 5.80 5.80 5.80 5.80 5.81 5.81 5.81 5.40 5.77 5.77 5.77 5.77 5.69 5.69 5.69 5.69 5.49 5.49 5.49 5.49 5.48 5.48 5.48 5.48 5.48 5.48 5.48 5.48 5.55 5.55 5.55 5.55 5.88 5.88 5.88 5.88 5.83 5.83 5.83 5.83 5.89 5.89 5.10 5.10 5.18 5.18 5.18 5.18 5.28 5.28 6.95 5.92 5.58 5.47 5.45 5.58
0.00 0.00 7.11 8.58 3.70 8.10 7.42 7.20 6.79 7.15 6.37 6.37 5.80 5.80 5.80 5.80 5.65 5.65 5.65 5.65 5.75 5.84 5.84 5.84 5.99 5.99 5.99 5.67 5.80 5.80 5.80 5.80 5.81 5.81 5.81 5.40 5.77 5.77 5.77 5.77 5.69 5.69 5.69 5.69 5.49 5.49 5.49 5.49 5.48 5.48 5.48 5.48 5.48 5.48 5.48 5.48 5.55 5.55 6.24 5.55 5.88 5.88 5.88 5.88 5.83 5.83 5.83 5.83 5.89 5.89 5.10 5.59 5.66 5.67 5.18 5.18 5.28 5.28 6.50 6.70 6.15 9.33 9.97 0.00
0.00 0.00 6.66 3.93 7.45 7.24 6.39 6.39 7.07 6.30 6.88 6.30 5.71 5.71 5.71 5.71 5.68 5.68 5.68 5.68 6.40 5.97 5.97 5.97 6.09 6.09 6.09 5.75 5.87 6.24 5.87 5.87 5.84 5.84 5.84 5.84 5.76 5.76 6.15 5.76 5.67 5.67 5.67 5.67 5.89 5.89 5.89 5.89 5.48 5.48 5.48 5.48 5.55 5.55 5.55 5.55 5.64 5.64 6.36 6.36 6.27 6.27 6.27 5.59 5.94 5.94 5.94 5.94 5.86 5.86 5.07 5.07 5.09 5.09 5.09 5.09 5.24 5.24 6.44 6.67 6.15 5.92 9.79 0.00
0.00 0.00 5.75 7.76 7.68 8.08 6.39 6.39 6.30 6.30 6.30 6.30 5.71 5.71 5.71 5.71 5.68 5.68 5.68 5.68 5.87 5.87 5.97 5.97 6.09 6.09 6.09 5.75 5.87 6.24 5.87 5.87 5.84 5.84 5.84 5.84 5.76 5.76 6.15 5.76 5.67 5.67 5.67 5.67 5.89 5.89 5.89 5.89 5.48 5.48 5.48 5.48 5.55 5.55 5.55 5.55 6.36 6.36 6.36 6.36 6.27 6.27 6.27 5.59 5.94 5.94 5.94 5.94 5.86 5.86 5.07 5.07 5.09 5.09 5.09 5.09 5.24 5.24 5.51 5.92 2.86 2.63 3.85 0.00
0.00 0.00 0.00 11.17 4.16 3.26 7.43 6.75 6.30 6.30 6.30 6.30 5.71 5.71 5.71 6.15 5.68 5.68 5.68 5.68 5.87 5.87 5.97 5.97 6.32 6.09 6.09 5.75 5.87 5.87 5.87 5.87 5.84 5.84 5.84 6.24 6.15 5.76 5.76 5.76 5.67 5.67 5.67 5.67 5.89 5.89 5.89 5.89 5.48 5.48 5.48 5.48 5.55 5.55 5.55 5.91 5.64 5.64 6.36 6.36 6.27 6.27 6.27 6.27 5.94 5.94 5.94 5.94 5.86 5.86 5.07 5.07 5.09 5.09 5.09 5.09 5.24 5.24 5.51 6.70 4.21 6.88 0.00 0.00
0.00 0.00 0.00 4.08 3.74 4.18 7.87 7.20 7.07 6.30 6.30 6.30 5.71 5.71 5.71 5.71 5.68 5.68 5.68 5.68 5.87 5.87 5.97 5.97 6.09 6.09 5.75 5.75 5.87 5.87 5.87 5.87 5.84 5.84 6.24 5.84 5.76 5.76 5.76 5.76 5.67 5.67 5.67 5.67 5.89 5.89 5.89 5.89 5.48 5.48 5.48 5.48 5.55 5.55 5.55 5.55 5.64 5.64 6.36 6.36 6.50 6.50 6.50 6.50 5.94 5.94 5.94 5.94 5.86 5.86 5.07 5.07 5.09 5.09 5.09 5.09 5.24 5.24 5.24 6.24 3.08 10.48 0.00 0.00
