New_Model_Runs/6_FutureClimate_RCP45_out/post_prcessed_with_MFR/Monthly_summaries/net_infiltration_monthly_NOV.asc
NCOLS 700
NROWS 400
XLLCENTER 515000.000000
YLLCENTER 8409000.000000
CELLSIZE 50.000000
NODATA_value -999.000000
[rows 222 to 258 of 400, columns 249 to 331 of 700]
7.96 7.96 7.96 8.02 8.02 8.02 8.02 8.18 8.18 8.18 9.71 9.85 9.85 9.85 9.85 16.64 13.13 12.96 19.67 19.65 19.65 19.65 19.65 19.19 20.81 21.18 21.18 13.82 15.42 16.23 12.44 11.96 11.96 9.18 9.18 11.11 9.09 9.09 9.09 12.46 6.31 12.64 12.56 9.33 11.35 9.33 9.33 9.27 9.27 9.27 9.27 9.26 9.26 9.26 11.55 9.35 9.35 12.49 15.97 11.82 13.15 13.13 7.25 7.25 7.25 9.36 9.36 9.60 12.68 10.64 10.64 5.99 11.98 6.21 5.86 8.99 8.99 10.12 10.12 8.99 10.10 0.00 0.00
7.96 7.96 7.96 8.02 8.02 8.02 8.02 8.18 8.18 8.18 9.65 9.85 9.85 9.85 11.86 16.64 13.13 19.67 19.67 19.65 19.65 19.65 19.65 19.19 19.19 19.19 21.02 15.88 15.96 9.34 9.34 11.96 9.18 10.40 9.18 11.11 9.09 11.11 9.95 9.28 12.12 6.53 12.08 12.68 12.46 12.90 9.33 9.27 9.27 9.27 9.27 9.26 9.26 9.26 11.55 9.35 11.60 16.00 14.55 11.30 11.73 10.85 11.04 7.25 11.36 7.47 9.58 12.49 11.60 12.33 14.15 2.97 2.48 8.99 9.43 10.32 10.12 8.99 8.99 8.99 10.10 0.00 0.00
8.49 8.00 8.00 8.09 8.09 8.09 8.09 8.22 8.67 8.22 8.22 9.86 7.62 12.94 16.64 25.53 22.02 19.66 19.66 19.63 19.63 19.63 19.63 19.18 20.61 21.18 21.90 19.06 9.30 9.30 9.30 10.86 9.09 9.09 9.09 11.08 9.91 9.91 9.05 9.30 9.30 11.55 7.52 12.64 12.46 12.46 9.35 10.55 9.28 9.28 9.28 9.29 9.29 9.29 11.55 11.60 15.11 9.66 10.85 14.15 3.41 10.85 12.49 7.25 7.25 9.03 2.86 6.16 14.15 10.85 10.85 11.06 8.99 10.12 10.78 10.54 8.99 9.29 10.54 9.21 8.99 0.00 0.00
8.00 8.00 8.00 8.09 8.09 8.09 8.09 8.22 8.22 8.22 8.22 7.62 17.52 13.13 25.53 19.66 17.43 19.66 19.66 19.63 19.63 19.63 19.63 19.18 19.40 12.59 15.20 11.47 9.51 9.30 9.30 9.09 10.33 9.09 9.91 9.05 9.91 9.91 9.80 9.30 9.30 9.30 15.99 14.05 11.43 18.36 9.35 9.28 10.55 9.28 9.28 9.29 9.29 9.29 9.29 9.35 15.11 11.73 10.64 14.15 14.36 2.86 2.64 12.46 11.04 6.16 6.16 6.16 11.30 11.82 10.85 10.32 10.10 10.12 7.06 10.34 9.73 10.10 9.43 9.43 9.29 10.10 0.00
7.70 7.70 7.70 7.79 7.79 7.79 7.79 7.76 7.76 7.76 7.76 10.16 12.34 15.85 19.20 21.11 21.11 21.11 19.20 19.17 19.17 19.17 22.50 18.64 18.86 14.94 14.72 10.99 11.55 11.33 8.76 8.56 8.56 9.35 9.19 9.19 9.19 9.19 8.52 8.74 8.74 8.74 8.96 14.17 11.82 9.04 10.52 10.52 8.73 8.73 8.73 6.84 8.74 10.55 6.84 12.26 10.49 10.99 10.27 9.37 12.88 5.86 5.86 11.34 14.22 6.30 2.35 13.57 10.06 10.27 6.41 11.16 11.15 10.62 10.62 11.59 11.28 9.79 11.38 11.15 11.16 11.38 0.00
7.70 7.70 7.70 7.79 7.79 7.79 7.79 7.76 7.76 7.76 7.76 10.16 15.85 15.85 21.32 17.08 17.08 21.11 19.20 19.17 19.17 19.39 29.47 18.64 18.86 15.65 11.48 11.55 11.33 11.33 8.76 8.56 8.56 8.56 9.19 9.19 9.19 9.19 9.19 8.74 8.74 8.74 11.75 11.09 14.09 9.88 11.34 8.95 8.73 8.73 8.73 10.55 10.78 6.84 6.84 6.73 14.00 10.99 5.86 5.86 5.86 6.42 9.37 2.57 10.93 6.30 2.23 5.74 9.12 8.94 4.62 11.16 8.68 11.59 5.08 11.81 10.88 10.66 10.84 10.59 10.59 0.00 0.00
7.71 9.13 7.71 7.79 7.79 7.79 7.79 7.75 7.75 7.75 7.75 10.06 15.85 15.71 17.30 21.76 21.54 19.17 19.17 19.14 19.14 19.36 22.86 17.96 14.06 11.55 8.76 8.60 11.10 11.10 8.60 9.57 8.45 8.45 9.19 9.19 9.19 9.19 9.19 8.77 8.77 8.77 11.75 10.87 10.23 13.39 11.57 11.72 8.97 6.84 8.75 8.74 9.26 11.09 10.66 6.73 13.57 6.02 5.86 2.35 2.35 9.37 9.37 10.06 6.51 6.51 10.94 10.24 8.16 2.34 0.00 4.87 0.00 0.00 0.00 0.00 0.00 0.00 0.00 0.00 0.00 0.00 0.00
9.13 9.13 7.71 7.79 7.79 7.79 7.79 7.75 7.75 8.23 9.03 10.00 11.08 16.29 21.32 17.30 17.30 19.17 19.17 19.14 19.14 19.58 21.22 14.67 8.76 8.76 8.76 8.60 8.60 11.10 11.10 9.57 8.45 8.45 8.45 8.54 8.54 8.54 8.54 8.77 8.77 8.77 11.96 12.19 12.41 12.27 14.20 11.89 11.75 11.00 8.97 8.74 11.53 3.30 9.88 6.24 5.86 13.66 9.59 2.81 10.15 2.79 9.71 9.37 9.37 10.49 10.28 8.94 0.00 0.00 0.00 0.00 0.00 0.00 0.00 0.00 0.00 0.00 0.00 0.00 0.00 0.00 0.00
10.04 9.13 7.71 7.79 7.79 7.79 7.79 7.75 7.75 7.75 7.75 7.84 10.00 15.85 21.32 21.32 21.09 19.17 19.17 21.32 19.14 18.98 20.81 14.02 8.76 8.76 8.76 8.60 8.60 8.60 9.71 8.45 8.45 8.45 8.45 8.54 8.54 8.54 8.54 8.77 8.77 8.77 11.53 11.97 11.53 2.93 6.47 13.39 10.09 11.09 11.50 8.74 6.81 6.64 13.96 7.20 6.30 2.79 8.05 6.51 10.28 10.71 10.27 9.71 9.71 9.93 10.86 10.84 0.00 0.00 0.00 0.00 0.00 0.00 0.00 0.00 0.00 0.00 0.00 0.00 0.00 0.00 0.00
9.13 7.71 8.20 7.79 7.79 7.79 7.79 7.75 7.75 7.75 7.75 7.84 7.84 13.51 21.76 21.76 19.17 19.17 17.08 21.07 17.08 21.07 24.58 8.76 8.76 8.76 8.76 8.60 8.60 8.60 8.60 8.45 8.45 8.45 8.45 8.54 8.54 8.54 11.00 11.31 8.77 8.77 11.52 11.26 10.09 10.09 2.48 13.39 13.39 2.48 5.99 12.34 6.16 10.78 11.21 10.93 9.37 13.22 9.71 10.27 9.37 6.51 6.51 9.71 9.71 8.36 0.00 0.00 0.00 0.00 0.00 0.00 0.00 0.00 8.34 0.00 0.00 0.00 0.00 0.00 0.00 0.00 0.00
7.73 7.73 7.73 7.81 7.81 7.81 7.81 7.74 7.74 7.74 7.74 7.81 8.29 13.51 21.76 21.76 21.32 21.32 21.76 21.47 21.32 18.63 15.02 12.77 8.66 9.81 8.66 8.51 8.51 8.51 8.51 8.49 8.49 8.49 8.49 8.60 8.60 8.60 11.09 11.53 11.53 11.58 10.66 11.26 10.23 9.88 3.07 6.21 5.99 5.99 5.99 10.45 2.70 10.52 8.26 9.37 2.35 11.34 9.37 9.37 9.37 9.93 9.93 6.51 7.53 7.65 2.34 0.00 0.00 0.00 0.00 0.00 0.00 0.00 10.79 0.00 0.00 0.00 0.00 0.00 0.00 0.00 0.00
7.73 7.73 7.73 7.81 7.81 7.81 7.81 7.74 7.74 7.74 7.74 7.81 7.81 13.51 21.32 19.58 19.14 21.32 21.54 20.83 20.78 20.78 15.02 8.66 9.81 8.66 8.66 8.51 8.51 8.51 8.51 8.49 8.49 8.49 8.49 8.60 8.60 8.60 8.60 8.79 11.58 11.58 11.58 18.07 10.23 10.23 6.21 14.25 2.48 9.88 9.88 8.91 2.70 8.48 10.09 2.35 2.35 5.86 5.86 8.05 9.59 6.73 10.49 9.69 9.69 10.72 8.94 0.00 8.38 0.00 0.00 0.00 0.00 8.29 10.79 10.79 0.00 0.00 0.00 0.00 0.00 0.00 0.00
7.73 7.73 7.73 7.81 7.81 7.81 7.81 7.74 7.74 7.74 7.74 7.81 7.81 13.60 17.84 19.36 19.14 19.36 21.05 20.83 21.02 24.29 9.50 8.88 8.66 8.66 8.66 8.51 8.51 8.51 8.51 8.49 12.14 8.49 8.49 8.60 8.60 8.60 9.74 8.79 11.34 11.58 20.33 19.68 15.80 5.99 2.48 9.88 9.88 9.88 10.52 10.74 6.84 6.84 6.84 10.06 9.71 2.57 6.08 8.05 9.37 9.37 9.48 6.41 8.58 9.92 8.29 8.49 8.27 8.94 0.00 0.00 0.00 0.00 0.00 0.00 0.00 0.00 0.00 0.00 0.00 0.00 0.00
7.73 7.73 7.73 7.81 7.81 7.81 7.81 7.74 7.74 7.74 7.74 7.81 10.09 22.18 17.84 19.14 19.36 21.76 19.29 21.47 21.02 26.75 9.28 8.88 8.88 12.63 10.94 8.51 8.51 8.51 8.51 8.49 8.49 8.49 8.49 8.60 8.60 8.60 8.60 11.34 11.34 18.59 19.68 15.80 23.19 18.07 20.04 20.59 10.78 11.74 11.00 10.54 10.52 10.78 10.78 10.49 9.59 9.37 9.37 6.08 10.28 9.48 8.64 9.91 9.02 8.51 8.29 8.27 2.34 2.34 0.00 0.00 0.00 0.00 0.00 0.00 0.00 0.00 0.00 0.00 0.00 0.00 0.00
7.78 7.78 7.78 7.89 7.89 7.89 7.89 7.75 7.75 7.75 7.75 7.78 10.00 22.18 17.59 17.56 21.54 12.67 12.67 19.03 21.02 24.53 22.54 19.72 12.84 20.38 19.80 8.79 8.57 8.79 8.57 8.56 9.67 8.56 8.56 8.59 8.59 8.59 8.59 11.48 18.54 18.54 23.41 23.19 21.80 20.77 20.55 20.80 21.60 10.78 11.00 10.74 6.84 10.78 6.84 10.71 9.81 9.59 9.71 11.56 9.69 10.68 0.00 0.00 0.00 2.34 8.22 0.00 2.34 2.34 0.00 0.00 0.00 0.00 0.00 0.00 0.00 0.00 0.00 0.00 0.00 0.00 0.00
7.78 7.78 7.78 7.89 7.89 7.89 7.89 7.75 7.75 7.75 7.75 7.78 18.67 22.18 21.10 21.07 19.09 12.67 12.67 12.46 20.39 24.53 22.14 15.70 12.63 12.41 16.61 9.71 8.57 8.79 8.79 8.56 8.56 8.56 8.56 8.59 8.59 8.59 8.59 9.04 22.27 23.55 19.90 19.90 12.29 16.23 13.21 20.70 20.48 19.68 9.88 10.23 10.78 6.84 10.78 10.28 10.15 9.93 8.40 6.51 12.15 10.68 0.00 0.00 0.00 0.00 0.00 0.00 0.00 0.00 0.00 0.00 0.00 0.00 0.00 0.00 0.00 0.00 0.00 0.00 0.00 0.00 0.00
7.78 7.78 7.78 7.89 7.89 7.89 7.89 7.75 7.75 7.75 7.75 10.00 22.40 19.59 22.26 17.56 19.09 19.09 12.67 16.50 15.97 23.91 20.39 22.87 15.70 15.70 21.01 8.57 8.57 11.34 11.55 11.26 11.03 8.56 8.56 8.59 8.59 8.59 11.48 6.38 15.80 19.90 12.50 19.68 19.90 19.68 21.58 13.58 20.12 20.34 19.90 2.70 10.78 10.78 10.78 10.27 10.27 8.40 11.85 10.18 2.56 12.15 0.00 0.00 0.00 0.00 0.00 0.00 0.00 0.00 0.00 0.00 0.00 0.00 0.00 0.00 0.00 0.00 0.00 0.00 0.00 0.00 0.00
7.78 7.78 7.78 7.89 7.89 7.89 7.89 7.75 7.75 7.97 8.08 10.21 19.81 15.86 12.57 18.89 21.07 20.59 15.97 23.91 20.39 20.39 21.02 18.43 21.34 23.23 23.45 14.56 13.84 14.06 14.06 10.33 10.33 2.55 8.72 10.77 8.59 8.59 21.47 16.02 15.80 20.12 20.12 12.50 12.50 19.68 15.80 15.80 13.43 21.87 13.82 20.56 10.09 9.88 6.84 10.27 6.51 12.00 10.62 3.21 3.26 13.13 9.40 0.00 0.00 0.00 0.00 0.00 0.00 0.00 0.00 0.00 0.00 0.00 0.00 0.00 0.00 0.00 0.00 0.00 0.00 0.00 0.00
7.84 7.84 7.84 7.95 7.95 7.95 7.95 7.77 7.77 10.21 9.65 10.21 18.67 15.42 12.35 15.20 15.42 21.54 12.46 20.39 21.02 18.99 18.99 20.09 22.10 19.94 19.58 19.36 19.36 19.90 23.09 23.09 22.87 22.87 15.70 21.69 22.87 22.87 19.58 12.50 24.10 19.90 19.90 19.68 19.68 12.29 12.29 15.80 12.94 20.78 21.02 20.34 20.33 10.78 9.77 11.85 11.85 14.51 13.82 10.28 9.84 13.53 12.91 0.00 0.00 0.00 0.00 0.00 0.00 0.00 0.00 0.00 0.00 0.00 0.00 0.00 0.00 0.00 0.00 0.00 0.00 0.00 0.00
7.84 7.84 7.84 7.95 7.95 7.95 7.95 7.77 7.99 9.87 10.21 9.18 18.67 22.40 15.42 15.20 12.71 19.55 21.23 18.99 18.99 18.99 18.99 18.43 20.09 18.43 18.43 19.72 12.93 21.92 18.63 19.58 19.36 20.41 2.83 19.80 19.80 19.72 19.58 12.50 23.41 19.68 19.68 21.08 19.68 19.68 19.68 21.98 12.72 20.12 16.65 20.59 20.33 8.48 3.37 18.19 13.38 9.83 10.28 13.13 13.54 9.62 12.91 12.91 0.00 0.00 0.00 0.00 0.00 0.00 0.00 0.00 0.00 0.00 0.00 0.00 0.00 0.00 0.00 0.00 0.00 0.00 0.00
8.14 8.14 8.14 8.21 8.21 8.25 8.25 7.90 10.40 2.81 8.03 4.32 4.32 15.01 19.62 19.28 20.15 12.25 20.51 20.07 20.07 20.07 12.69 12.15 12.15 12.15 11.09 11.09 12.10 21.54 17.99 17.99 11.61 11.61 10.48 10.91 19.18 19.47 19.47 19.60 12.55 23.10 19.63 19.62 17.51 18.94 18.94 16.23 15.63 17.97 19.62 19.26 16.23 11.31 11.97 6.34 12.76 13.21 13.43 9.92 13.43 12.99 12.77 12.77 9.04 0.00 0.00 0.00 0.00 0.00 0.00 0.00 0.00 0.00 0.00 0.00 0.00 0.00 0.00 0.00 0.00 0.00 0.00
8.14 8.14 8.21 9.06 8.21 8.25 8.25 9.97 1.93 15.60 17.61 7.88 21.20 15.01 14.95 14.73 21.12 21.68 19.80 20.29 20.07 20.07 20.07 11.20 12.15 12.15 11.09 10.70 12.59 14.60 19.66 11.20 11.20 11.61 10.48 12.30 10.48 11.09 11.61 11.75 19.92 23.21 19.63 16.23 16.44 19.80 19.48 19.26 16.27 18.94 16.23 11.31 11.31 11.39 10.91 9.33 12.99 13.88 13.43 13.65 13.65 13.21 12.99 12.77 12.55 9.26 0.00 0.00 0.00 0.00 0.00 0.00 0.00 0.00 0.00 0.00 0.00 0.00 0.00 0.00 0.00 0.00 0.00
8.17 8.17 8.21 8.21 8.21 8.21 8.47 19.55 20.15 11.50 14.73 19.62 18.24 16.32 17.17 17.17 17.51 21.12 17.83 20.07 20.07 20.07 20.07 19.66 12.13 12.13 12.13 12.32 15.12 13.99 19.66 11.20 11.20 11.20 11.20 11.61 10.48 11.20 11.20 19.80 20.23 22.77 22.77 19.80 19.48 20.03 19.48 18.94 21.02 17.72 17.19 11.39 9.07 10.94 11.57 10.31 3.27 12.77 12.99 13.21 13.19 13.21 9.67 12.77 12.99 6.18 8.17 0.00 0.00 0.00 0.00 0.00 0.00 0.00 0.00 0.00 0.00 0.00 0.00 0.00 0.00 0.00 0.00
8.17 8.17 8.21 8.21 8.21 8.21 8.47 15.89 12.57 20.05 14.80 19.27 16.32 16.32 17.39 17.83 17.95 21.78 22.00 20.94 20.07 20.07 20.07 11.20 12.13 12.13 12.13 11.82 15.34 13.99 11.82 12.04 11.42 11.20 8.87 10.48 11.20 11.20 11.20 20.89 18.25 22.11 19.80 19.80 19.59 19.80 18.94 18.94 21.02 21.29 12.77 17.02 12.54 9.98 12.01 11.74 6.78 12.55 14.13 12.99 13.25 13.63 13.19 12.77 12.99 5.96 2.45 0.00 0.00 0.00 0.00 0.00 0.00 0.00 0.00 0.00 0.00 0.00 0.00 0.00 0.00 0.00 0.00
8.17 8.21 8.21 8.21 8.43 11.76 14.95 16.32 16.98 15.45 19.27 17.39 16.42 17.61 16.54 17.83 17.73 18.05 16.64 20.49 20.29 11.69 11.69 11.20 12.13 12.13 12.13 11.61 15.34 14.71 11.31 10.70 10.70 2.66 10.48 8.87 2.66 11.20 11.20 7.11 17.82 18.60 19.59 19.26 17.95 17.95 18.99 20.75 15.85 12.55 19.81 12.76 10.53 11.38 9.98 12.88 6.56 2.67 13.24 13.46 12.99 13.65 13.21 12.77 12.77 12.77 12.55 0.00 0.00 0.00 0.00 0.00 0.00 0.00 0.00 0.00 0.00 0.00 0.00 0.00 0.00 0.00 0.00
8.17 8.21 8.21 8.64 5.66 15.17 16.73 16.11 19.84 19.27 14.95 18.54 16.42 16.20 11.72 11.72 17.39 17.39 17.51 21.02 20.07 11.69 11.69 11.20 12.13 12.13 11.42 11.82 15.12 14.71 11.61 11.61 11.20 10.48 11.20 10.48 13.99 13.99 6.17 6.67 3.38 11.53 19.59 19.59 19.26 17.95 12.12 12.55 15.63 12.55 13.19 3.24 2.80 14.23 6.31 2.61 2.67 2.67 10.84 13.46 13.46 13.19 13.21 12.77 13.21 6.62 6.66 9.70 9.48 0.00 0.00 0.00 0.00 0.00 0.00 0.00 0.00 0.00 0.00 0.00 0.00 0.00 0.00
8.21 8.21 8.64 12.10 15.61 11.88 16.73 14.80 16.32 17.51 15.98 16.20 16.42 17.17 12.76 17.39 17.29 15.98 17.39 17.39 19.85 19.15 11.69 11.20 12.11 12.11 11.42 11.82 14.71 14.60 11.61 11.61 11.42 11.64 8.87 11.09 10.48 13.99 13.99 10.64 10.86 19.16 19.80 19.59 19.59 18.63 12.55 12.34 15.63 19.07 3.48 3.02 6.31 6.31 2.63 2.67 2.67 2.67 6.84 12.99 13.45 13.67 13.47 13.43 13.19 3.33 3.11 6.40 9.48 0.00 0.00 0.00 0.00 0.00 0.00 0.00 0.00 0.00 0.00 0.00 0.00 0.00 0.00
8.21 8.21 8.64 15.39 11.66 11.66 14.95 19.62 16.32 17.29 11.72 16.20 16.20 17.39 17.17 17.17 17.39 16.32 16.20 17.29 18.81 10.96 11.69 11.20 12.11 11.61 11.20 10.48 15.12 14.60 11.61 11.61 11.82 11.13 10.91 2.66 10.48 11.09 12.38 10.64 10.64 12.77 12.12 18.94 18.94 20.10 12.34 11.46 13.40 13.40 3.24 6.53 3.24 2.84 2.84 8.39 3.11 12.99 6.66 9.48 13.46 13.24 13.21 13.65 6.84 6.84 3.54 6.40 12.55 0.00 0.00 0.00 0.00 0.00 0.00 0.00 0.00 0.00 0.00 0.00 0.00 0.00 0.00
5.71 5.71 18.46 20.90 20.24 14.95 16.73 20.69 20.58 17.51 16.42 15.76 17.39 17.39 14.01 7.51 7.51 4.54 17.17 15.98 18.81 12.10 12.10 11.61 11.61 11.61 11.61 11.61 14.60 11.09 11.61 11.61 10.48 10.48 10.70 11.09 11.09 11.09 14.60 10.64 10.64 11.53 18.94 12.12 17.51 22.45 14.82 14.26 13.95 6.75 12.84 9.93 3.06 3.28 9.63 3.33 13.21 13.21 9.48 9.48 2.89 11.68 12.76 14.30 3.11 7.06 3.54 6.40 12.55 9.04 0.00 0.00 0.00 0.00 0.00 0.00 0.00 0.00 0.00 0.00 0.00 0.00 0.00
15.25 16.73 15.61 20.10 19.88 16.37 17.67 17.17 16.11 21.02 17.65 17.17 17.17 17.17 14.01 4.32 4.32 4.32 4.32 7.73 7.51 20.07 11.69 11.29 11.09 11.20 12.11 11.31 14.82 11.09 11.29 11.61 12.38 13.99 12.38 13.99 6.17 6.17 13.99 14.15 14.15 14.15 14.15 14.35 14.15 14.75 13.30 6.53 6.75 6.75 6.14 9.93 3.06 3.50 6.57 6.62 6.40 12.55 6.18 12.54 6.40 5.96 6.40 6.84 6.40 6.18 6.62 12.77 9.04 9.04 0.00 0.00 0.00 0.00 0.00 0.00 0.00 0.00 0.00 0.00 0.00 0.00 0.00
11.44 14.95 20.24 18.01 16.37 17.67 17.80 17.39 17.07 6.51 19.62 20.58 17.17 17.17 17.07 4.32 4.32 7.38 7.38 8.98 7.51 7.51 10.26 11.42 11.61 11.09 2.66 14.80 12.60 7.06 6.17 6.17 6.39 11.75 3.10 2.66 2.88 2.88 10.70 10.86 10.64 10.64 11.24 10.64 2.94 9.98 6.75 3.59 3.02 3.02 3.24 13.22 6.14 6.57 3.28 3.33 2.89 3.11 3.11 2.89 6.40 6.18 6.18 6.40 12.55 12.55 12.55 9.04 9.04 9.04 0.00 0.00 0.00 0.00 0.00 0.00 0.00 0.00 0.00 0.00 0.00 0.00 0.00
15.40 11.44 11.44 16.37 18.01 16.73 18.02 17.39 7.51 8.04 9.03 9.02 20.69 20.58 17.17 7.51 7.38 7.38 7.38 7.38 7.51 7.72 10.05 9.16 10.70 11.20 14.60 6.17 6.17 11.31 2.66 2.66 10.70 11.53 10.91 10.48 3.58 2.88 10.48 2.72 10.86 14.37 11.46 10.64 3.49 4.11 3.89 3.67 3.45 3.45 3.45 6.53 13.22 9.71 3.28 3.33 2.89 3.33 3.11 6.84 6.62 6.18 6.40 6.40 12.77 12.77 12.55 12.55 9.04 9.04 9.04 0.00 0.00 0.00 0.00 0.00 0.00 0.00 0.00 0.00 0.00 0.00 0.00
16.37 16.37 11.44 16.37 11.44 16.73 16.37 15.76 7.73 7.94 6.51 6.51 7.51 11.02 11.02 7.51 7.51 4.32 4.32 7.38 7.72 7.72 7.72 2.46 11.31 15.12 13.99 2.66 6.17 2.66 2.88 3.10 2.88 10.48 11.09 10.48 9.09 3.10 2.99 10.64 14.15 10.64 11.46 10.00 9.79 3.45 10.22 3.24 3.45 3.24 3.24 2.80 12.84 9.71 2.84 2.89 2.67 3.11 6.84 6.62 2.89 2.67 9.11 12.62 6.40 2.89 8.39 12.99 9.26 9.04 9.04 10.32 0.00 0.00 0.00 0.00 0.00 0.00 0.00 0.00 0.00 0.00 0.00
20.46 20.24 16.37 16.37 17.80 16.37 6.77 6.51 7.94 7.73 7.51 6.51 6.51 7.51 11.02 8.34 7.51 7.51 7.38 4.32 7.72 11.57 11.99 14.60 14.60 10.48 12.09 12.05 3.62 6.17 2.66 3.75 2.66 11.05 10.48 11.09 8.87 11.05 10.48 9.07 14.82 11.24 10.86 10.00 9.79 3.02 3.02 10.00 3.02 2.80 2.94 2.80 9.33 12.26 9.71 11.90 12.55 12.55 12.55 12.55 12.55 12.55 12.55 12.55 9.04 9.04 9.26 12.99 9.04 9.04 9.04 10.54 10.54 10.32 10.32 10.32 10.32 10.32 11.55 10.32 10.32 10.32 11.55
16.59 17.13 19.88 20.24 17.80 17.05 9.08 7.73 8.36 7.51 9.53 9.53 7.73 7.73 6.72 11.02 7.38 7.72 7.72 11.73 10.16 11.55 12.95 15.54 12.03 11.99 12.03 12.01 12.01 6.17 13.99 3.14 10.48 10.48 10.48 10.48 10.48 10.48 10.48 11.24 12.58 10.64 9.89 9.78 10.91 10.53 10.72 11.33 11.33 11.15 11.11 9.89 2.80 2.80 13.22 9.26 9.26 9.04 9.04 9.04 9.04 9.04 9.04 9.04 9.04 9.04 9.04 12.55 2.45 2.45 2.45 3.09 3.09 2.88 2.88 2.88 2.88 2.88 2.88 2.88 2.88 2.88 2.88
16.59 16.73 17.80 17.80 21.31 16.37 8.13 7.59 7.73 10.16 9.53 9.74 2.38 8.69 13.56 6.38 15.51 11.78 11.78 10.16 9.53 15.24 13.04 11.24 12.03 12.03 11.29 9.09 2.88 2.66 12.38 3.14 6.17 13.99 14.60 6.17 6.41 5.91 6.41 2.46 13.34 12.97 12.97 9.46 9.68 10.53 10.72 11.11 11.46 11.33 3.99 3.24 2.80 10.96 13.40 12.55 9.04 9.04 9.04 9.04 9.04 9.04 9.04 9.04 9.04 9.04 9.04 12.55 9.04 9.04 2.45 2.88 10.32 10.32 10.32 10.32 10.32 10.32 10.32 10.32 10.32 10.32 10.32
19.29 17.19 17.19 17.19 17.19 17.19 6.18 6.94 8.87 8.87 8.87 1.78 2.22 9.15 7.61 7.83 12.45 7.61 9.49 9.09 11.34 9.45 7.61 10.82 11.60 10.06 11.82 11.80 11.80 11.58 11.58 6.08 10.06 10.06 10.63 2.57 9.28 2.32 7.72 5.86 12.34 8.83 8.83 3.12 9.71 8.83 2.63 3.06 2.85 3.28 3.50 6.36 6.14 6.14 6.14 6.20 8.47 8.47 8.47 8.47 8.47 8.47 8.47 8.47 8.47 8.47 8.47 11.99 8.47 8.47 2.31 2.32 8.40 8.40 8.40 8.40 8.40 8.40 8.40 8.40 8.40 8.40 8.40
