New_Model_Runs/6_FutureClimate_RCP45_out/post_prcessed_with_MFR/Monthly_summaries/net_infiltration_monthly_MAR.asc
NCOLS 700
NROWS 400
XLLCENTER 515000.000000
YLLCENTER 8409000.000000
CELLSIZE 50.000000
NODATA_value -999.000000
[rows 76 to 113 of 400, columns 336 to 419 of 700]
0.00 0.00 0.00 0.00 0.00 0.00 0.00 0.00 0.00 0.00 0.00 0.00 0.00 0.00 0.00 0.00 0.00 0.00 0.00 0.00 0.00 0.00 0.00 0.00 0.00 0.00 0.00 0.00 0.00 0.00 0.00 0.00 0.00 0.00 0.00 0.00 0.00 0.00 0.00 0.00 0.00 0.00 0.00 0.00 0.00 0.00 0.00 0.00 0.56 1.71 0.00 0.00 0.00 0.00 0.00 0.00 0.00 2.99 2.98 2.93 2.94 2.94 3.00 3.00 3.11 3.18 3.18 3.41 4.59 1.62 1.83 0.00 0.00 0.00 0.00 0.00 0.00 0.00 0.00 0.00 0.00 0.00 0.00 0.00
0.00 0.00 0.00 0.00 0.00 0.00 0.00 0.00 0.00 0.00 0.00 0.00 0.00 0.00 0.00 0.00 0.00 0.00 0.00 0.00 0.00 0.00 0.00 0.00 0.00 0.00 0.00 0.00 0.00 0.00 0.00 0.00 0.00 0.00 0.00 0.00 0.00 0.00 0.00 0.00 0.00 0.00 0.00 0.00 0.00 0.00 0.00 0.00 1.53 3.05 3.05 0.00 0.00 0.00 3.00 3.00 2.93 2.93 2.99 2.93 2.94 3.00 3.00 3.00 3.18 3.18 1.63 0.72 1.78 5.93 0.00 0.00 0.00 0.00 0.00 0.00 0.00 0.00 0.00 0.00 0.00 0.00 0.00 0.00
0.00 0.00 0.00 0.00 0.00 0.00 0.00 0.00 0.00 0.00 0.00 0.00 0.00 0.00 0.00 0.00 0.00 0.00 0.00 0.00 0.00 0.00 0.00 0.00 0.00 0.00 0.00 0.00 0.00 0.00 0.00 0.00 0.00 0.00 0.00 0.00 0.00 0.00 0.00 0.00 0.00 0.00 0.00 0.00 0.00 0.00 0.00 0.00 3.05 3.05 3.05 3.05 3.00 3.00 3.00 3.00 2.93 3.10 2.98 2.93 2.94 2.24 2.24 3.00 3.18 3.18 3.18 3.18 5.49 0.00 0.00 0.00 0.00 0.00 0.00 0.00 0.00 0.00 0.00 0.00 0.00 0.00 0.00 0.00
0.00 0.00 0.00 0.00 0.00 0.00 0.00 0.00 0.00 0.00 0.00 0.00 0.00 0.00 0.00 0.00 0.00 0.00 0.00 0.00 0.00 0.00 0.00 0.00 0.00 0.00 0.00 0.00 0.00 0.00 0.00 0.00 0.00 0.00 0.00 0.00 0.00 0.00 0.00 0.00 0.00 0.00 0.00 0.00 0.00 0.00 0.00 2.38 3.05 3.05 3.05 3.05 3.00 3.00 3.00 3.00 2.93 1.71 2.93 2.93 2.17 2.17 3.00 0.54 3.18 2.90 1.86 5.26 0.00 0.00 0.00 0.00 0.00 0.00 0.00 0.00 0.00 0.00 0.00 0.00 0.00 0.00 0.00 0.00
0.00 0.00 0.00 0.00 0.00 0.00 0.00 0.00 0.00 0.00 0.00 0.00 0.00 0.00 0.00 0.00 0.00 0.00 0.00 0.00 0.00 0.00 0.00 0.00 0.00 0.00 0.00 0.00 0.00 0.00 0.00 0.00 0.00 0.00 0.00 0.00 0.00 0.00 0.00 0.00 0.00 0.00 0.00 0.00 0.00 0.00 0.00 3.25 3.03 3.03 3.03 3.03 2.92 2.92 2.92 2.92 2.96 2.96 2.96 2.96 3.07 1.85 3.30 0.77 3.73 5.25 4.08 0.00 0.00 0.00 0.00 0.00 0.00 0.00 0.00 0.00 0.00 0.00 0.00 0.00 0.00 0.00 0.00 0.00
0.00 0.00 0.00 0.00 0.00 0.00 0.00 0.00 0.00 0.00 0.00 0.00 0.00 0.00 0.00 0.00 0.00 0.00 0.00 0.00 0.00 0.00 0.00 0.00 0.00 0.00 0.00 0.00 0.00 0.00 0.00 0.00 0.00 0.00 0.00 0.00 0.00 0.00 1.53 0.00 0.00 0.00 0.00 0.00 0.00 0.00 0.00 3.25 3.03 3.03 3.03 3.03 2.92 3.00 2.92 2.92 3.17 1.71 2.96 2.96 3.07 3.07 3.30 2.17 1.62 5.02 0.00 0.00 0.00 0.00 0.00 0.00 0.00 0.00 0.00 0.00 0.00 0.00 0.00 0.00 0.00 0.00 0.00 0.00
0.00 0.00 0.00 0.00 0.00 0.00 0.00 0.00 0.00 0.00 0.00 0.00 0.00 0.00 0.00 0.00 0.00 0.00 0.00 0.00 0.00 0.00 0.00 0.00 0.00 0.00 0.00 0.00 0.00 0.00 0.00 0.00 0.00 0.00 0.00 0.00 0.00 2.78 2.78 2.78 2.79 0.00 0.00 0.00 0.00 0.00 0.00 3.38 3.40 3.40 3.40 3.40 3.29 3.29 3.29 3.29 2.29 2.29 3.33 3.33 3.45 3.45 2.52 4.00 6.19 0.00 0.00 0.00 0.00 0.00 0.00 0.00 0.00 0.00 0.00 0.00 0.00 0.00 0.00 0.00 0.00 0.00 0.00 3.41
0.00 0.00 0.00 0.00 0.00 0.00 0.00 0.00 0.00 0.00 0.00 0.00 0.00 0.00 0.00 0.00 0.00 0.00 0.00 0.00 0.00 0.00 0.00 0.00 0.00 0.00 0.00 0.00 0.00 0.00 0.00 0.00 0.00 0.00 0.00 0.00 2.78 2.78 2.78 2.78 2.93 2.96 2.96 1.32 0.90 3.38 3.38 3.38 3.40 3.40 3.40 3.40 3.29 3.29 3.29 3.29 3.33 3.33 3.33 3.33 3.54 2.52 2.52 2.97 6.15 0.00 0.00 0.00 0.00 0.00 0.00 0.00 0.00 0.00 0.00 0.00 0.00 0.00 0.00 0.00 3.41 3.42 3.41 3.41
0.00 0.00 0.00 0.00 0.00 0.00 0.00 0.00 0.00 0.00 0.00 0.00 0.00 0.00 0.00 0.00 0.00 0.00 0.00 0.00 0.00 0.00 0.00 0.00 0.00 0.00 0.00 0.00 0.00 0.00 0.00 0.00 0.00 0.00 0.96 2.80 2.76 2.76 2.76 2.76 2.77 2.96 2.94 2.94 2.73 3.30 3.30 3.37 3.31 3.31 3.31 3.31 3.33 3.33 3.33 3.33 3.48 3.48 3.48 3.48 3.58 2.52 2.67 1.72 3.85 0.00 0.00 0.00 0.00 0.00 0.00 0.00 0.00 0.00 0.00 0.00 0.00 0.00 0.00 3.50 3.42 3.42 3.42 3.42
0.00 0.00 0.00 0.00 0.00 0.00 0.00 0.00 0.00 0.00 0.00 0.00 0.00 0.00 0.00 0.00 0.00 0.00 0.00 0.00 0.00 0.00 0.00 0.00 0.00 0.00 0.00 0.00 0.00 0.00 0.00 0.00 0.00 2.80 2.80 2.80 2.76 2.76 2.76 2.76 2.77 2.94 2.94 2.94 2.73 2.87 3.30 3.30 3.31 3.31 3.31 3.31 3.33 3.33 3.33 3.33 3.57 3.57 3.57 2.85 2.85 2.44 3.57 2.17 3.63 0.00 0.00 0.00 0.00 0.00 0.00 0.00 0.00 0.00 0.00 0.00 0.00 0.00 0.00 3.50 3.42 2.66 3.42 3.42
0.00 0.00 0.00 0.00 0.00 0.00 0.00 0.00 0.00 0.00 0.00 0.00 0.00 0.00 0.00 0.00 0.00 0.00 0.00 0.00 0.00 0.00 0.00 0.00 0.00 0.00 0.00 0.00 0.00 0.00 0.00 0.00 0.00 2.94 2.80 2.80 2.76 2.76 2.90 2.76 2.77 2.94 2.94 3.12 2.73 2.73 2.73 3.30 3.31 3.52 3.31 3.31 3.33 3.33 3.33 3.33 3.57 3.57 2.85 2.52 2.76 2.44 1.92 5.57 0.00 0.00 0.00 0.00 0.00 0.00 0.00 0.00 0.00 0.00 0.00 0.00 0.00 0.00 3.50 3.50 3.42 3.42 3.42 3.42
0.00 0.00 0.00 0.00 0.00 0.00 0.00 0.00 0.00 0.00 0.00 0.00 0.00 0.00 0.00 0.00 0.00 0.00 0.00 0.00 0.00 0.00 0.00 0.00 0.00 0.00 0.00 0.00 0.00 0.00 0.00 0.00 0.00 2.80 2.80 2.80 2.76 2.76 2.76 2.76 2.77 2.91 2.94 2.94 2.73 2.73 2.73 2.73 3.31 3.35 3.31 2.29 3.33 3.33 3.33 3.33 3.48 3.31 2.85 2.52 2.85 2.44 2.56 5.35 0.00 0.00 0.00 0.00 0.00 0.00 0.00 0.00 0.00 0.00 0.00 0.00 0.00 2.82 3.50 3.50 3.42 3.42 3.37 3.42
0.00 0.00 0.00 0.00 0.00 0.00 0.00 0.00 0.00 0.00 0.00 0.00 0.00 0.00 0.00 0.00 0.00 0.00 0.00 0.00 0.00 0.00 0.00 0.00 0.00 0.00 0.00 0.00 0.00 0.00 0.00 0.00 0.00 0.00 2.86 2.86 2.79 2.79 2.79 2.79 2.74 2.74 2.91 2.91 2.86 2.72 2.72 1.62 1.72 2.29 2.29 3.37 3.47 3.47 3.47 3.47 3.42 3.42 3.34 2.52 2.74 7.38 5.93 5.35 0.00 0.00 0.00 0.00 0.00 0.00 0.00 0.00 0.00 0.00 0.00 0.00 2.53 3.40 3.40 3.40 3.37 3.43 3.43 3.43
0.00 0.00 0.00 0.00 0.00 0.00 0.00 0.00 0.00 0.00 0.00 0.00 0.00 0.00 0.00 0.00 0.00 0.00 0.00 0.00 0.00 0.00 0.00 0.00 0.00 0.00 0.00 0.00 0.00 0.00 0.00 0.00 0.00 0.00 0.00 2.86 2.79 2.79 2.79 2.79 2.74 2.74 2.74 2.88 2.86 2.72 1.62 1.62 1.72 2.52 3.37 3.37 3.47 3.47 3.47 3.47 3.42 3.60 3.08 3.08 2.97 4.10 6.23 6.25 4.70 0.00 0.00 0.00 0.00 0.00 0.00 0.00 0.00 0.00 0.00 3.44 3.51 3.40 3.40 3.40 3.43 3.43 3.37 3.43
0.00 0.00 0.00 0.00 0.00 0.00 0.00 0.00 0.00 0.00 0.00 0.00 0.00 0.00 0.00 0.00 0.00 0.00 0.00 0.00 0.00 0.00 0.00 0.79 0.00 0.00 0.00 0.00 0.00 0.00 0.00 0.00 0.00 0.00 0.00 3.00 2.79 2.79 2.93 2.79 2.74 2.74 2.74 2.74 2.72 2.72 1.79 1.62 2.82 2.52 2.82 3.37 3.47 3.56 3.56 7.19 7.23 7.23 6.71 6.27 5.83 6.97 2.08 1.95 1.46 4.93 4.70 5.21 0.00 0.00 0.00 0.00 3.63 5.38 6.15 3.44 3.40 3.40 3.40 3.40 3.43 3.43 3.43 3.43
0.00 0.00 0.00 0.00 0.00 0.00 0.00 0.00 0.00 0.00 0.00 0.00 0.00 0.00 0.00 0.00 0.00 0.00 0.00 0.00 0.00 0.00 0.00 2.72 2.71 2.71 0.00 0.00 0.00 0.00 0.00 0.00 0.00 0.00 0.00 0.00 2.79 2.79 2.79 2.79 2.74 2.74 2.74 2.91 2.72 2.72 2.72 2.72 2.82 2.82 2.82 2.82 3.56 7.19 7.19 3.56 3.60 3.42 2.85 0.82 2.33 2.33 3.44 5.64 4.64 5.15 6.06 2.89 4.50 4.28 6.37 5.64 6.56 2.82 2.52 3.67 3.40 3.40 3.40 3.40 3.43 3.43 3.43 3.43
0.00 0.00 0.00 0.00 0.00 0.00 0.00 0.00 0.00 0.00 0.00 0.00 0.00 0.00 0.00 0.00 0.00 0.00 0.00 0.00 0.00 0.00 0.00 2.72 2.72 2.72 2.72 0.00 0.00 0.00 0.00 0.00 0.00 0.00 0.00 0.00 2.82 2.82 2.82 2.82 2.73 2.73 2.73 2.86 2.85 2.72 2.72 2.72 2.90 2.90 2.90 2.90 2.94 3.62 3.48 3.48 3.42 3.42 3.42 2.52 2.67 2.44 2.85 2.85 2.82 1.30 3.19 3.46 3.27 3.67 3.14 3.73 5.84 1.34 3.98 3.05 2.75 3.43 3.30 3.43 3.35 3.35 3.35 3.35
0.00 0.00 0.00 0.00 0.00 0.00 0.00 0.00 0.00 0.00 0.00 0.00 0.00 0.00 0.00 0.00 0.00 0.00 0.00 0.00 0.00 0.00 0.00 2.72 2.72 2.72 2.72 2.80 0.00 0.00 0.00 0.00 0.00 0.00 0.00 0.00 0.00 2.82 2.82 2.82 2.73 2.73 2.73 2.73 2.72 2.72 2.72 2.85 2.90 3.19 2.90 3.19 2.94 2.94 3.48 3.48 3.42 3.42 2.45 2.52 2.54 2.61 3.47 3.30 2.93 2.06 3.37 3.08 3.67 2.60 3.42 3.20 5.84 3.28 2.75 2.92 3.43 3.30 3.36 3.61 3.35 3.35 3.35 3.35
0.00 0.00 0.00 0.00 0.00 0.00 0.00 0.00 0.00 0.00 0.00 0.00 0.00 0.00 0.00 0.00 0.00 0.00 0.00 0.00 0.00 0.00 2.92 2.72 2.72 2.72 2.72 2.72 2.75 0.00 0.00 0.00 0.00 0.00 0.00 0.00 0.00 2.82 2.82 2.82 2.73 2.73 2.73 2.73 2.85 2.72 2.72 2.72 2.90 2.90 3.05 2.90 2.94 2.94 2.94 3.48 3.42 3.42 3.34 2.52 3.65 3.45 3.47 3.45 2.82 3.14 3.31 2.60 3.45 3.62 3.62 3.45 7.08 6.45 6.15 6.54 7.42 3.61 3.61 3.61 3.35 3.35 3.35 3.40
0.00 0.00 0.00 0.00 0.00 0.00 0.00 0.00 0.00 0.00 0.00 0.00 0.00 0.00 0.00 0.00 0.00 0.00 0.00 0.00 0.00 0.00 3.09 2.72 2.72 2.72 2.72 2.72 2.83 2.75 0.00 0.00 0.00 0.00 0.00 0.00 2.82 2.82 2.82 2.82 2.86 2.73 2.73 2.73 2.86 2.72 2.72 2.72 2.90 2.90 2.90 2.90 2.94 2.94 2.94 2.94 3.42 3.60 3.60 2.52 3.32 3.45 3.45 3.45 2.82 2.92 2.83 2.82 2.82 2.92 3.62 3.45 3.45 3.31 2.93 2.92 7.23 3.61 3.61 3.61 3.35 3.35 3.35 3.35
0.00 0.00 0.00 0.00 0.00 0.00 0.00 0.00 0.00 0.00 0.00 0.00 0.00 0.00 0.00 0.00 2.92 2.92 3.09 2.92 2.91 2.91 2.91 2.91 2.70 2.70 2.70 2.70 2.74 2.74 2.74 0.00 0.00 0.00 0.00 0.00 2.80 2.80 2.80 2.80 2.75 2.75 2.75 2.75 2.75 2.75 2.75 2.75 2.89 2.89 2.89 2.89 2.92 2.92 2.92 2.92 3.00 3.20 3.59 2.52 2.06 3.42 2.76 3.42 2.82 3.59 3.59 3.42 3.45 3.63 1.10 4.35 3.47 3.47 2.82 2.60 6.22 2.62 2.62 3.65 1.94 3.41 3.41 3.41
0.00 0.00 0.00 0.00 0.00 0.00 0.00 0.00 3.30 3.30 0.00 0.00 0.00 3.30 3.30 3.55 2.92 2.92 2.92 3.17 2.91 2.91 2.91 2.91 2.70 2.91 2.70 2.70 2.74 2.74 2.74 2.74 2.86 2.86 2.86 2.86 2.80 2.80 2.80 2.80 2.75 2.75 2.75 2.75 2.75 2.75 2.75 2.89 3.14 2.89 2.89 2.89 2.92 2.92 2.92 2.92 3.00 3.20 3.20 3.86 3.42 3.42 2.76 2.45 3.30 3.35 3.42 3.42 3.45 3.63 2.62 3.80 3.65 2.82 2.92 3.65 3.38 7.27 3.65 3.65 3.32 3.26 3.41 3.46
0.00 0.00 0.00 0.00 0.00 0.00 0.00 3.43 3.42 3.42 3.42 3.42 3.43 3.43 3.43 3.66 3.56 3.56 3.56 3.56 3.79 3.79 3.55 3.55 3.42 3.60 3.42 3.42 3.64 3.46 3.46 3.46 3.66 3.66 3.66 3.86 3.60 3.60 3.60 3.60 3.54 3.54 3.72 3.54 3.54 3.54 3.73 3.54 3.80 3.61 3.61 3.61 3.65 3.65 3.65 3.65 3.93 4.25 2.95 3.74 3.98 3.98 3.41 3.41 3.96 4.10 4.57 3.88 3.91 3.80 3.26 3.54 3.26 3.26 4.16 4.16 3.92 6.96 6.96 7.55 3.95 4.16 4.10 3.93
0.00 0.00 0.00 0.00 0.00 0.00 0.00 0.00 3.42 3.42 3.42 3.42 3.65 3.65 3.43 3.43 3.80 3.56 3.56 3.56 3.55 3.79 3.55 3.55 3.81 3.42 3.42 3.42 3.46 3.46 3.46 3.46 3.66 3.66 3.66 3.66 3.60 3.60 3.60 3.78 3.72 3.54 3.54 3.54 3.54 3.54 3.73 3.54 3.61 3.61 3.61 3.61 3.65 3.65 3.65 3.65 3.74 3.99 2.95 3.74 3.74 3.98 3.98 3.98 3.88 3.88 4.24 3.88 3.91 3.43 3.33 3.33 3.54 3.92 4.16 4.16 3.92 3.54 3.33 4.18 3.95 4.16 3.93 3.93
0.00 0.00 0.00 0.00 0.00 0.00 0.00 0.00 3.64 3.41 3.41 3.41 3.39 3.39 3.39 3.61 3.53 3.77 3.53 3.53 3.54 3.77 3.54 3.54 3.53 3.40 3.58 3.40 3.41 3.41 3.41 3.41 3.77 3.78 3.59 3.59 3.57 3.57 3.57 3.99 3.56 3.56 3.56 3.56 3.54 3.54 3.54 3.54 3.59 3.59 3.59 3.59 3.65 3.65 3.65 3.65 3.71 3.71 3.71 3.71 3.69 3.69 3.94 3.94 3.86 4.02 4.02 3.86 3.91 3.91 3.54 3.55 3.33 4.22 4.17 3.93 3.92 3.61 3.33 3.26 3.33 3.29 4.15 4.15
0.00 0.00 0.00 0.00 0.00 0.00 0.00 0.00 3.41 3.41 3.41 3.41 3.39 3.39 3.39 3.39 3.53 3.53 3.77 3.53 3.54 3.77 3.54 3.54 3.53 3.40 3.40 3.40 3.41 3.41 3.41 3.41 3.59 3.59 3.59 3.59 3.57 3.57 3.57 3.57 3.75 3.56 3.75 3.56 3.54 3.54 3.54 3.54 3.59 3.59 3.59 3.59 3.65 3.84 3.65 3.65 3.71 3.71 3.91 3.71 3.69 3.69 3.69 3.94 3.86 3.86 3.86 3.86 3.91 3.91 3.26 4.14 4.17 3.93 3.26 3.93 4.16 3.92 3.26 3.92 4.15 4.15 3.29 4.15
0.00 0.00 0.00 0.00 0.00 0.00 0.00 0.00 3.64 3.70 3.64 3.41 3.39 3.39 3.39 3.39 3.53 3.53 3.53 3.53 3.54 3.54 3.77 3.54 3.53 3.53 3.40 3.58 3.41 3.41 3.41 3.59 3.83 3.59 3.59 3.59 3.76 3.57 3.57 3.57 3.56 3.56 3.56 3.56 3.54 3.54 3.54 3.54 3.59 3.59 3.59 3.59 3.65 3.65 3.65 3.65 3.71 3.71 4.15 3.71 3.69 3.69 3.69 3.69 3.86 3.86 3.86 3.86 3.91 3.91 4.38 4.14 4.17 4.17 4.22 3.47 3.93 4.16 3.92 4.16 4.15 3.92 3.92 3.92
0.00 0.00 0.00 0.00 0.00 0.00 0.00 3.48 3.41 3.41 3.63 3.63 3.39 3.39 3.39 3.39 3.53 3.53 3.53 4.04 3.54 3.54 3.54 3.54 3.53 3.53 3.40 3.40 3.41 3.41 3.41 3.41 3.77 3.85 3.59 3.59 3.57 3.57 3.57 3.94 3.56 3.56 3.56 3.56 3.54 3.54 3.54 3.54 3.77 3.59 3.59 3.59 3.65 3.65 3.65 3.65 3.71 3.91 3.91 3.71 3.69 3.69 3.69 3.69 3.59 3.86 3.86 3.86 3.91 3.91 3.91 4.14 4.17 3.54 3.54 3.95 3.93 3.93 3.92 3.26 4.15 3.92 3.92 3.92
0.00 0.00 0.00 0.00 0.00 0.00 3.48 3.48 3.39 3.39 3.39 3.39 3.59 3.36 3.36 3.36 3.50 3.50 3.50 3.74 3.52 3.52 3.52 3.52 3.52 3.52 3.39 3.39 3.39 3.39 3.39 3.39 3.74 3.56 3.81 3.75 3.55 3.55 3.55 3.55 3.56 3.56 3.56 3.56 3.53 3.53 3.72 3.71 3.76 3.58 3.58 3.58 3.65 3.65 3.65 3.65 3.67 3.67 3.67 3.67 3.65 3.65 3.65 3.65 3.56 3.56 4.03 3.83 3.87 3.87 4.04 3.87 3.90 3.90 3.91 3.91 3.89 3.88 4.04 3.88 4.07 3.85 3.85 3.85
0.00 0.00 0.00 0.00 0.00 1.40 3.48 3.48 3.39 3.39 3.39 3.39 3.36 3.36 3.36 3.36 3.72 3.50 3.50 3.74 3.75 3.52 3.52 3.82 3.75 3.52 3.52 3.39 3.39 3.39 3.39 3.39 3.56 3.56 3.56 3.56 3.55 3.55 3.55 3.55 3.56 3.56 3.56 3.56 3.53 3.53 3.53 3.53 3.58 3.58 3.58 3.58 3.65 3.65 3.65 3.65 3.86 3.67 3.87 3.67 3.65 3.65 3.43 3.65 3.56 3.56 3.56 3.83 3.87 3.87 3.87 4.04 3.90 3.90 2.70 4.17 4.34 3.88 3.88 3.88 3.85 4.01 3.85 3.85
0.00 0.00 0.00 0.00 0.00 1.40 3.71 3.48 3.39 3.62 3.39 3.39 3.36 3.36 3.36 3.36 3.50 3.50 3.50 3.50 3.52 3.75 3.52 3.52 3.52 3.52 3.52 3.39 3.95 3.39 3.39 3.75 3.75 3.56 3.56 3.56 3.55 3.55 3.55 3.55 3.56 3.56 3.56 3.56 3.53 3.72 3.53 3.53 3.58 3.58 3.58 3.58 3.83 3.65 3.65 3.65 3.67 3.67 3.67 3.67 3.65 3.65 4.03 4.07 3.56 3.56 3.74 3.56 3.87 3.87 3.87 3.87 3.90 3.90 3.90 4.13 4.10 3.88 3.88 3.88 3.85 3.85 3.85 3.85
0.00 0.00 0.00 0.00 0.00 3.48 3.71 3.48 3.39 3.39 3.39 3.39 3.36 3.58 3.36 3.36 3.50 3.50 3.50 3.50 3.52 3.52 3.52 3.52 3.52 3.52 3.52 3.52 3.57 3.39 3.39 3.39 3.56 3.75 3.56 3.56 3.55 3.55 3.55 3.55 3.56 3.56 3.74 3.56 3.53 3.53 3.53 3.53 3.58 3.58 3.58 3.58 3.83 3.65 3.65 3.65 3.67 3.87 3.67 3.67 3.84 3.65 3.65 3.84 3.56 3.56 3.56 3.56 3.60 3.87 3.87 3.87 4.06 3.90 4.20 3.90 4.10 3.88 3.88 3.88 3.85 3.85 3.85 3.85
0.00 0.00 0.00 0.00 0.00 3.46 3.46 3.46 3.37 3.37 3.37 3.37 3.35 3.35 3.57 3.35 3.49 3.49 3.49 3.49 3.52 3.52 3.75 3.52 3.53 3.76 3.53 3.53 3.38 3.74 3.38 3.38 3.55 3.55 3.74 3.55 3.54 3.54 3.54 3.54 3.54 3.54 3.73 3.54 3.50 3.50 3.68 3.50 3.56 3.56 3.56 3.56 3.61 3.61 3.61 3.61 3.60 3.60 3.60 3.60 3.60 3.60 3.60 3.60 3.51 3.51 3.69 3.69 3.52 3.52 3.80 3.80 3.81 3.81 3.81 3.81 3.79 3.79 3.79 3.85 3.78 3.78 3.78 3.78
0.00 0.00 0.00 1.40 0.00 3.70 3.70 3.46 3.37 3.37 3.37 3.37 3.35 3.35 3.35 3.35 3.49 3.49 3.49 3.49 3.52 3.52 3.52 3.52 3.53 3.76 3.53 3.53 3.38 3.71 3.57 3.38 3.55 3.55 3.97 3.55 3.72 3.54 3.54 3.54 3.73 3.54 3.73 3.54 3.50 3.50 3.50 3.50 3.56 3.56 3.56 3.91 3.61 3.79 3.61 3.79 3.60 3.60 3.60 3.60 3.60 3.60 3.60 3.60 3.51 3.51 3.69 3.51 3.52 3.52 3.52 3.80 3.81 3.81 3.88 4.44 4.41 4.41 4.41 4.41 4.39 4.39 4.46 4.39
0.00 0.00 0.00 0.00 3.46 3.46 3.46 3.46 3.37 3.37 3.37 3.37 3.35 3.35 3.35 3.35 4.19 3.49 3.49 3.49 3.52 3.52 3.97 3.52 3.53 3.53 3.76 3.53 3.51 3.38 3.38 3.38 3.55 3.74 3.55 3.74 3.72 3.54 3.54 3.54 3.73 3.54 3.54 3.54 3.50 3.50 3.50 3.68 3.56 3.56 3.56 3.56 3.61 3.61 3.61 3.61 3.60 3.60 3.60 3.60 3.60 3.60 3.60 3.60 3.69 3.51 3.51 3.69 3.52 3.52 3.52 3.52 4.44 4.44 4.44 4.44 4.41 4.41 4.41 4.41 4.39 4.46 4.39 4.39
0.00 0.00 1.40 1.40 3.91 3.46 3.70 3.46 3.37 3.37 3.37 3.37 3.57 3.57 3.35 3.35 3.71 3.72 3.49 3.49 3.52 3.52 3.75 3.52 3.76 3.53 3.53 3.76 3.51 3.38 3.38 3.38 3.55 3.55 3.55 3.55 3.72 3.54 3.54 3.54 3.72 3.54 3.54 3.54 3.50 3.50 3.50 3.50 3.56 3.56 3.56 3.56 3.61 3.61 3.79 3.61 3.60 3.60 3.96 3.60 3.60 3.60 3.78 3.60 3.51 3.51 3.51 3.51 3.52 3.52 3.52 4.42 4.44 4.44 4.50 4.44 4.41 4.53 4.41 4.41 4.39 4.39 4.39 4.39
0.00 0.00 0.00 3.72 3.41 3.41 3.41 3.41 3.56 3.34 3.34 3.34 3.34 3.56 3.34 3.34 3.47 3.97 3.47 3.47 3.50 3.50 3.50 3.50 3.51 3.51 3.51 3.74 3.49 3.36 3.36 3.36 3.52 3.52 3.52 3.52 3.50 3.50 3.50 3.50 3.48 3.48 3.48 3.48 3.43 3.43 3.43 3.43 3.50 3.50 3.50 3.50 3.52 3.52 3.52 3.71 3.53 3.53 3.53 3.53 3.54 3.54 3.72 3.54 3.43 3.43 3.43 3.43 3.44 3.44 3.44 4.33 4.35 4.35 4.35 4.41 4.37 4.32 4.32 4.32 4.30 4.30 4.30 4.30
0.00 0.00 1.40 3.73 3.41 3.41 3.41 3.41 3.34 3.56 3.34 3.34 3.34 3.34 3.57 3.34 3.47 3.96 3.69 3.47 3.50 3.50 3.79 3.73 3.51 3.51 3.51 3.51 3.71 3.49 3.36 3.36 3.52 3.52 3.69 3.52 3.50 3.69 3.50 3.50 3.48 3.65 3.70 3.65 3.43 3.43 3.43 3.43 3.50 3.50 3.50 3.67 3.52 3.52 3.52 3.52 3.53 3.53 3.53 3.53 3.54 3.54 3.54 3.54 3.43 3.43 3.43 3.43 3.44 3.60 3.44 4.33 4.35 4.35 4.35 4.35 4.32 4.32 4.32 4.32 4.30 4.30 4.30 4.30
