New_Model_Runs/6_FutureClimate_RCP45_out/post_prcessed_with_MFR/Monthly_summaries/net_infiltration_monthly_JAN.asc
NCOLS 700
NROWS 400
XLLCENTER 515000.000000
YLLCENTER 8409000.000000
CELLSIZE 50.000000
NODATA_value -999.000000
[rows 111 to 147 of 400, columns 415 to 497 of 700]
9.16 8.66 8.66 8.66 8.66 8.57 8.57 8.57 8.57 8.59 8.59 7.43 7.43 7.46 7.46 7.46 7.46 7.46 7.46 7.46 7.46 7.55 7.55 7.55 7.55 7.76 7.76 7.76 7.98 10.70 11.00 14.37 11.00 11.00 9.81 14.37 11.06 10.84 8.84 8.84 10.97 11.76 10.52 10.87 8.29 8.32 8.16 8.16 8.16 8.53 7.77 8.53 8.53 8.47 8.47 8.47 8.47 8.59 8.59 8.59 8.59 8.83 8.83 8.70 13.32 9.63 9.40 9.01 15.35 10.11 10.11 5.39 5.39 8.92 8.92 8.97 13.23 12.96 9.71 9.71 9.70 8.50 8.50
9.03 8.54 8.54 8.54 8.54 8.53 8.53 8.53 8.53 8.58 9.79 8.58 7.42 7.41 7.41 8.52 7.41 7.50 7.50 7.50 7.50 7.66 7.66 7.66 7.66 7.82 7.82 7.82 8.04 10.72 10.72 12.46 12.86 11.04 10.77 14.47 10.84 8.34 9.49 8.34 10.95 10.86 10.86 12.48 8.29 8.18 8.18 8.18 8.18 8.52 8.52 8.52 8.52 8.52 8.52 8.52 8.52 8.74 8.74 8.74 8.74 7.98 7.98 13.27 12.30 8.47 5.37 8.39 13.31 8.39 8.39 8.39 5.39 5.21 8.90 8.94 9.86 9.63 8.74 8.74 8.74 8.51 8.51
9.03 8.54 8.54 8.54 8.54 8.53 8.53 9.73 8.53 8.58 8.58 8.58 7.42 8.50 7.41 9.30 7.41 7.50 7.50 7.50 7.50 7.66 7.66 7.66 7.66 7.82 7.82 7.82 10.78 10.72 10.72 9.99 14.32 10.72 10.72 16.49 11.74 8.34 8.34 8.34 8.34 8.29 8.29 8.29 8.29 8.18 8.18 8.18 8.18 8.52 8.52 8.52 8.52 8.52 8.52 8.52 8.52 8.74 8.74 8.74 11.20 7.98 8.70 12.30 4.98 9.26 11.07 11.07 8.15 8.39 8.39 8.39 5.39 5.39 10.14 8.94 8.94 8.74 8.74 9.70 8.74 8.51 8.51
9.17 9.91 8.30 8.30 8.30 8.29 9.47 8.29 9.49 8.34 8.34 8.34 7.21 7.20 7.20 7.20 7.20 8.45 7.35 7.35 7.35 7.51 7.51 7.51 7.51 7.66 7.66 10.38 10.38 10.57 10.57 10.38 10.61 6.54 10.22 14.13 11.99 10.51 9.64 8.39 8.39 8.33 8.33 8.33 8.33 8.30 8.30 8.30 8.30 8.09 8.09 8.09 8.09 8.10 8.10 8.10 8.10 8.31 8.31 8.31 10.96 11.15 10.41 9.75 11.62 11.52 11.52 11.11 8.43 8.39 8.74 9.25 8.74 5.60 5.60 10.26 9.04 9.10 9.10 9.10 9.10 8.88 8.88
10.39 8.30 8.30 8.30 8.30 8.29 8.29 8.29 8.29 8.34 8.34 8.34 8.34 7.20 7.20 7.20 7.20 7.35 7.35 7.35 7.35 7.51 7.51 7.51 7.51 7.66 10.54 11.71 10.54 10.57 10.38 10.38 10.79 10.82 16.48 13.45 10.74 11.40 11.92 9.45 8.39 8.33 8.33 8.33 8.33 8.30 8.30 8.30 8.30 8.09 8.09 8.09 8.09 8.10 8.10 8.10 8.27 8.31 8.31 8.31 8.31 10.41 10.41 10.63 10.63 10.45 11.11 11.11 8.43 8.39 8.74 8.74 8.74 5.60 5.60 6.66 9.04 9.10 9.10 9.10 9.10 8.88 8.88
9.06 8.35 8.35 8.35 8.35 8.47 8.47 8.47 8.47 8.52 8.52 8.52 8.52 7.32 7.32 7.32 7.32 7.43 7.43 7.43 7.43 7.49 7.49 7.49 7.49 7.60 10.43 10.43 10.43 10.47 10.47 10.47 7.62 7.75 7.75 10.64 6.09 14.72 10.86 10.64 11.19 11.14 8.36 8.36 8.36 8.35 8.35 11.02 11.02 12.30 8.14 8.14 8.14 8.12 8.12 8.12 8.12 8.40 8.44 8.28 10.93 11.09 10.41 10.41 10.41 11.40 10.45 11.05 8.39 8.33 10.97 10.97 11.87 11.35 5.60 6.66 8.98 10.00 9.06 9.06 9.06 8.83 8.83
9.06 8.35 8.35 8.35 8.35 8.47 8.47 8.47 8.47 8.52 8.52 8.52 8.52 8.46 7.32 7.32 7.32 7.43 7.43 7.43 7.43 7.49 7.49 7.49 7.49 7.60 10.43 10.43 7.60 7.62 7.62 7.62 9.22 7.75 9.68 10.64 11.36 14.72 10.86 11.19 11.19 10.51 11.14 11.14 11.14 11.02 11.02 11.02 11.02 10.71 8.14 8.30 8.14 8.12 8.28 8.12 8.12 8.28 8.28 8.28 10.93 11.09 11.09 8.33 8.33 11.05 11.05 11.49 8.39 8.33 8.33 8.33 10.97 10.79 10.79 8.98 8.98 9.06 9.06 9.06 9.06 8.83 9.73
9.06 8.35 8.35 8.35 8.35 8.47 8.47 8.47 8.47 8.52 8.52 8.52 8.52 8.46 7.32 7.32 7.32 7.43 7.43 7.43 7.43 8.60 8.61 7.49 7.49 7.60 7.60 7.60 7.60 7.62 7.62 7.62 7.62 9.68 9.64 10.51 10.74 15.17 11.41 11.19 11.19 11.14 12.11 11.14 12.07 11.02 11.02 11.02 11.02 10.71 8.14 8.14 8.14 8.12 8.28 8.12 8.12 8.28 8.28 8.44 8.44 8.33 8.33 8.33 8.33 8.60 11.05 12.70 8.53 8.33 8.33 8.33 8.49 12.41 11.68 8.98 8.98 9.06 9.06 9.06 9.06 8.83 9.73
9.06 8.35 8.35 8.35 8.35 8.47 8.47 8.47 8.47 8.52 8.52 8.52 8.52 8.46 7.32 7.32 7.32 7.43 7.43 7.43 7.43 7.49 7.49 7.49 7.49 7.60 7.60 7.60 7.60 7.62 8.74 7.62 7.62 7.75 9.97 8.39 11.18 14.81 13.00 11.19 11.19 11.14 11.14 11.14 11.14 8.35 8.35 8.35 8.35 8.14 8.95 8.30 8.14 8.12 8.12 8.12 8.12 8.28 8.28 8.28 8.28 8.33 8.33 8.33 8.33 8.39 11.05 11.05 8.39 9.15 8.49 8.33 8.33 8.22 10.79 8.98 8.98 9.06 9.06 9.06 9.06 8.83 8.83
9.20 8.62 8.62 8.62 8.62 8.72 8.72 8.72 8.72 8.71 8.71 8.71 8.71 8.67 8.67 7.50 7.50 7.56 7.56 7.56 7.56 7.48 7.48 7.48 7.48 7.47 7.47 7.47 7.47 7.54 7.54 7.54 7.54 7.74 8.37 8.37 11.15 14.36 9.60 12.03 11.19 11.10 8.34 8.34 8.34 8.32 8.32 8.32 8.32 8.17 8.99 8.33 8.17 8.17 8.17 8.17 8.32 8.22 8.22 8.22 8.26 8.28 8.28 8.28 8.28 8.29 8.29 8.29 8.29 8.20 8.20 8.20 8.20 8.10 8.26 9.10 9.10 8.99 8.99 8.99 8.99 8.66 8.66
9.20 8.62 8.62 8.62 8.62 8.72 8.72 11.36 8.72 8.71 8.71 8.71 8.71 8.67 8.67 7.50 7.50 7.56 7.56 7.56 7.56 7.48 7.48 7.48 7.48 7.47 7.47 8.58 7.47 7.54 7.54 10.35 10.35 10.64 11.15 11.15 10.51 14.36 10.74 12.91 11.19 12.85 8.34 8.34 8.34 8.32 8.32 8.32 8.32 8.33 8.33 8.17 8.17 8.17 8.17 8.32 8.17 8.22 8.22 8.22 8.22 8.28 8.44 8.28 8.28 8.29 8.29 8.44 8.81 7.56 8.36 8.20 8.20 8.10 8.10 9.10 9.10 9.92 8.99 9.92 8.99 8.66 8.66
9.20 8.62 8.62 8.62 8.62 8.72 8.72 11.36 11.36 8.71 8.71 8.71 10.20 8.67 8.67 8.67 7.50 7.56 7.56 7.56 7.56 7.48 7.48 7.48 7.48 7.47 7.47 7.47 7.47 7.54 10.35 10.35 10.35 10.64 11.15 10.51 11.09 14.26 11.19 11.19 11.19 11.10 8.34 8.34 8.34 8.32 8.47 8.32 8.32 8.17 8.17 8.17 8.17 8.17 8.32 8.17 8.17 8.22 8.22 8.22 8.22 8.28 8.28 8.28 8.28 8.29 8.29 8.29 8.29 8.36 8.20 8.20 8.20 8.10 8.26 10.25 9.10 8.99 8.99 8.99 8.99 8.66 8.66
9.20 8.62 8.62 8.62 8.62 8.72 11.36 11.36 11.36 11.35 11.35 11.35 11.35 8.67 8.67 8.67 7.50 7.56 7.56 7.56 7.56 7.48 7.48 7.48 7.48 7.47 7.47 7.47 7.47 7.54 7.54 7.54 7.54 7.74 8.37 8.37 10.64 14.26 10.64 11.19 10.51 11.10 8.34 8.34 8.34 8.32 8.32 8.32 8.32 8.17 8.17 8.17 8.17 8.17 8.17 8.33 8.17 8.22 8.22 8.22 8.25 8.28 8.28 8.28 8.28 8.29 8.29 8.29 8.35 8.20 8.20 8.20 8.20 8.10 9.33 9.10 9.72 8.99 8.99 8.99 8.99 8.66 8.66
9.36 8.70 8.70 8.70 8.70 8.78 11.45 9.70 11.45 11.48 11.48 11.48 11.71 9.70 8.82 8.82 8.79 7.67 10.54 10.54 7.67 7.59 7.59 7.59 10.42 7.46 7.46 8.83 7.46 7.46 7.46 7.46 7.46 7.67 8.38 8.38 9.45 13.08 10.64 12.10 10.51 11.09 11.09 8.39 8.39 8.34 8.34 8.34 8.34 8.24 8.24 8.24 8.24 8.18 8.18 8.18 8.18 8.16 8.16 8.16 8.31 8.19 8.19 8.19 8.19 8.13 8.30 8.13 8.13 8.96 8.96 8.96 8.96 8.92 8.92 8.97 8.97 8.95 8.95 8.95 8.95 8.68 8.68
9.36 8.70 8.70 8.70 8.70 8.94 9.70 11.45 9.70 11.48 9.84 11.71 10.15 8.98 8.98 8.98 8.98 10.54 10.54 10.54 10.54 10.38 10.42 10.42 10.38 10.90 7.46 7.46 7.46 7.46 7.46 7.46 7.46 7.67 8.38 8.38 8.38 9.45 13.08 10.64 10.64 11.09 11.09 8.39 8.39 8.34 8.34 8.34 8.34 8.24 8.39 8.24 8.24 8.18 8.18 8.18 8.18 8.16 8.16 8.16 8.16 8.19 8.19 8.19 7.61 8.13 8.30 8.13 8.13 8.96 8.96 8.96 8.96 8.92 10.16 8.97 8.97 8.95 8.95 8.95 8.95 8.68 8.68
9.36 8.70 8.70 8.94 8.94 9.70 9.70 9.84 10.06 10.06 9.84 11.48 11.48 9.52 10.60 10.89 14.14 14.30 14.08 14.08 10.93 14.01 14.28 8.53 10.38 10.23 10.23 7.46 7.46 7.46 7.46 7.46 7.46 7.67 8.38 8.38 8.38 8.56 12.52 9.64 10.51 11.09 11.09 11.09 8.39 8.34 8.34 8.34 8.47 8.24 8.24 8.24 8.24 8.18 8.18 8.18 8.18 8.16 8.16 8.16 8.16 8.19 8.19 8.19 8.34 8.32 8.30 8.13 8.13 8.96 8.96 8.96 8.96 8.92 8.92 8.97 8.97 8.95 8.95 8.95 8.95 8.68 8.68
9.36 11.33 11.33 8.94 8.94 9.70 10.06 10.15 10.29 8.16 9.89 10.52 9.84 2.27 8.98 6.12 13.92 10.52 10.45 10.45 10.54 10.65 10.65 10.42 10.38 11.82 10.23 12.66 7.46 7.46 7.46 7.46 7.46 7.67 9.86 8.38 8.38 8.35 8.35 8.35 11.05 10.51 12.04 11.09 11.09 8.34 8.34 8.34 8.34 8.24 8.24 8.24 8.24 8.18 8.18 8.18 8.18 8.30 8.30 8.16 8.16 8.19 8.19 8.19 8.19 8.13 8.24 8.13 8.13 8.96 8.96 8.96 8.96 8.92 8.92 8.97 8.97 8.95 8.95 8.95 8.95 8.68 8.68
10.93 11.37 9.70 11.82 9.92 11.67 10.52 9.21 8.98 7.94 3.40 8.39 10.60 2.27 9.70 10.15 13.92 10.30 10.45 10.57 10.57 10.48 10.48 11.39 10.38 10.38 10.93 9.37 7.50 7.40 7.40 8.03 7.40 7.56 8.26 8.26 8.26 8.38 8.38 11.08 11.05 11.09 11.09 12.06 11.09 12.71 8.53 8.38 10.07 10.91 10.91 10.91 8.27 8.19 8.19 8.19 8.19 8.11 8.27 8.11 8.11 8.08 8.08 8.08 8.08 8.97 8.97 8.97 8.97 8.09 8.09 8.09 8.09 8.08 8.08 9.07 9.07 9.06 9.06 9.06 9.06 8.87 8.87
10.74 11.37 10.15 9.21 9.21 8.16 7.03 6.86 6.57 13.06 7.03 11.34 13.78 10.89 13.69 10.89 13.69 10.15 9.93 10.57 11.73 10.48 10.48 10.38 10.38 11.41 10.93 7.50 7.50 7.40 8.03 8.03 8.03 8.26 8.26 8.26 8.26 8.38 8.38 11.08 11.08 10.51 10.51 11.09 11.09 14.90 11.08 11.08 11.08 10.91 10.91 12.47 12.51 10.79 8.35 8.19 8.19 8.11 8.11 8.11 8.11 8.08 8.08 8.08 8.08 8.97 8.22 8.97 8.97 8.09 8.09 8.09 8.09 8.08 8.08 9.07 9.07 9.06 9.06 9.06 9.06 8.87 8.87
9.11 12.61 4.14 11.90 4.13 15.45 3.91 11.15 3.68 4.58 4.13 11.15 6.86 11.00 11.90 11.37 11.23 10.00 11.54 10.54 13.58 12.94 14.36 10.35 10.44 10.28 7.46 7.46 8.58 7.91 7.91 7.91 7.91 7.54 8.46 8.73 8.46 8.58 8.58 11.43 12.58 11.47 11.47 8.14 8.61 12.59 11.43 11.43 11.43 11.44 8.62 8.16 12.59 11.32 8.54 8.72 8.54 8.53 8.53 8.53 8.53 8.51 8.51 8.66 8.51 8.10 8.10 8.10 8.10 8.14 8.14 8.14 8.14 8.13 8.13 9.13 9.13 9.12 9.12 9.12 9.12 8.88 8.88
3.29 14.32 0.00 7.08 7.76 7.76 11.60 11.37 9.18 12.13 9.86 3.00 3.21 11.33 9.18 11.23 11.81 9.77 11.54 10.28 10.28 10.44 7.58 8.71 7.58 7.46 7.46 7.46 7.46 9.22 7.91 7.91 7.91 7.54 8.46 8.46 8.46 8.58 8.58 8.58 11.43 11.47 8.61 8.61 8.61 11.43 11.43 11.43 11.43 8.62 8.62 8.62 8.62 8.54 8.54 8.54 8.54 8.53 8.53 8.53 8.53 8.51 8.51 8.51 8.51 8.10 8.10 8.10 8.10 8.14 8.14 8.14 8.14 9.91 8.13 9.13 9.13 9.12 9.12 9.12 9.12 8.88 8.88
14.29 0.00 0.00 0.00 12.58 7.53 12.35 5.26 11.15 11.00 3.00 11.00 10.24 9.51 11.45 11.15 11.78 11.50 11.50 9.77 10.28 8.67 7.53 7.53 7.53 7.39 7.39 7.39 8.23 7.91 7.91 7.91 7.91 7.54 8.46 8.46 8.46 8.50 8.50 11.32 11.32 8.51 8.51 8.51 8.51 11.34 8.52 8.52 8.52 8.56 8.56 8.56 8.56 8.50 8.50 8.50 8.50 8.55 8.51 8.51 8.51 8.50 8.50 8.50 8.50 8.16 8.16 8.16 8.16 8.22 8.22 8.22 8.22 5.66 8.21 8.97 8.97 8.96 8.96 8.96 8.96 8.95 8.95
0.00 0.00 0.00 0.00 0.00 10.24 7.08 3.91 10.92 11.00 10.24 10.02 10.47 3.23 12.23 11.78 12.74 9.77 12.08 11.50 8.74 7.53 7.53 7.53 7.53 7.39 8.51 7.39 7.39 9.83 9.22 7.91 7.91 7.54 8.46 8.46 8.46 8.50 11.32 11.32 8.50 8.51 8.51 8.51 8.51 8.52 8.79 8.52 8.52 8.56 8.56 8.56 8.56 8.50 8.50 8.50 8.50 8.51 8.51 8.51 8.51 8.50 8.50 8.50 8.50 8.16 8.16 8.16 8.16 8.22 8.22 8.22 8.22 8.21 8.21 8.97 8.97 8.96 8.96 8.96 8.96 8.95 8.95
0.00 0.00 0.00 0.00 0.00 0.00 0.00 14.55 11.37 3.91 3.23 10.92 11.15 11.45 12.00 9.16 9.16 10.09 11.50 8.80 8.80 7.53 7.53 7.53 7.53 7.39 7.39 7.39 7.39 7.91 7.91 7.91 7.91 7.54 7.54 8.46 8.46 8.56 8.50 8.50 8.50 8.51 8.51 8.51 8.51 8.52 8.52 8.52 8.52 8.56 8.56 8.83 8.56 8.50 8.50 8.77 8.50 8.51 8.51 8.51 8.51 8.50 8.50 8.50 8.50 8.16 8.16 8.16 8.16 8.22 8.22 8.22 8.22 8.21 8.21 8.97 8.97 8.96 8.96 8.96 8.96 8.95 8.95
0.00 0.00 0.00 0.00 0.00 0.00 0.00 0.00 7.45 3.91 11.60 7.76 10.70 11.82 9.16 9.16 9.16 8.80 8.80 8.80 8.80 7.53 7.53 7.53 7.53 7.39 7.39 7.91 7.91 9.22 7.91 7.91 7.91 7.54 7.54 8.46 8.46 8.92 8.50 8.50 7.54 7.54 7.54 8.51 8.51 8.52 8.52 8.78 8.52 8.56 8.82 8.56 8.56 8.50 7.94 8.77 8.50 8.51 8.51 8.51 8.51 8.50 8.50 8.50 8.50 8.16 8.16 8.16 8.16 8.22 8.22 8.22 8.22 8.21 8.21 8.97 8.97 8.96 8.96 8.96 8.96 8.95 8.95
0.00 0.00 0.00 0.00 0.00 0.00 0.00 0.00 0.00 3.91 7.31 13.71 10.18 9.07 9.07 9.07 9.07 8.68 8.68 8.68 8.68 7.41 7.41 7.41 7.41 7.27 7.91 7.91 7.91 9.22 7.91 7.91 7.91 7.54 7.54 7.54 7.54 7.54 7.54 7.54 7.54 7.54 8.45 8.80 8.45 8.49 8.49 8.49 8.49 8.52 8.52 8.52 8.52 8.49 8.49 8.49 8.49 8.52 8.52 8.52 8.52 8.52 8.52 8.52 8.52 8.16 8.16 8.16 8.16 8.20 8.20 8.20 8.20 8.22 8.22 8.99 8.99 9.05 9.05 9.05 9.05 8.97 8.97
0.00 0.00 0.00 0.00 0.00 0.00 0.00 0.00 0.00 6.86 6.86 9.80 9.35 10.32 9.07 9.07 10.32 9.95 8.68 8.68 8.68 8.56 7.41 7.41 8.25 7.27 7.27 7.91 7.91 7.91 7.91 7.91 7.91 7.54 7.54 9.97 8.92 7.54 7.54 7.54 7.54 7.54 7.54 7.54 8.45 8.49 8.49 8.49 8.49 8.52 8.52 8.52 8.52 8.49 8.49 8.49 8.49 8.52 8.52 8.52 8.52 8.52 8.52 8.52 8.52 8.16 8.16 8.16 8.16 8.20 8.20 8.20 8.20 8.22 8.22 8.99 8.99 10.98 10.12 9.05 9.05 8.97 8.97
0.00 0.00 0.00 0.00 0.00 0.00 0.00 0.00 0.00 12.36 8.96 10.38 9.12 10.32 9.07 9.07 9.07 8.68 9.95 8.68 8.68 8.56 7.41 7.41 7.91 7.91 7.91 7.91 7.91 7.91 7.91 7.91 7.91 7.54 7.54 7.54 7.54 7.54 7.54 7.54 7.54 7.54 7.54 7.54 8.45 8.49 8.49 8.49 8.49 8.52 8.52 8.52 8.52 8.77 8.49 8.76 8.63 8.52 8.52 8.52 8.67 8.52 8.52 8.52 8.52 8.16 8.16 8.16 8.16 8.20 8.20 8.20 8.20 8.22 8.22 8.99 8.99 10.11 10.57 9.05 9.05 8.97 8.97
0.00 0.00 0.00 0.00 0.00 0.00 0.00 0.00 0.00 0.00 10.03 9.12 9.12 9.07 9.07 9.07 9.07 8.68 8.68 8.68 8.68 7.59 7.59 7.91 7.91 7.91 7.91 7.91 7.91 7.91 7.91 7.91 7.91 7.54 7.54 7.93 7.54 7.54 7.54 7.54 7.54 8.45 8.45 8.45 8.45 8.75 8.49 8.49 8.49 8.79 8.52 8.52 8.52 8.49 8.49 8.49 8.49 8.08 8.55 8.55 8.52 8.52 8.52 8.52 8.52 8.39 8.16 8.16 8.16 8.20 8.36 8.20 8.20 8.22 8.22 8.99 8.99 9.05 9.05 10.12 9.05 8.97 8.97
0.00 0.00 0.00 0.00 0.00 0.00 0.00 0.00 0.00 0.00 9.73 9.06 9.06 9.00 9.00 9.00 9.00 8.57 8.57 8.57 8.57 8.37 8.37 7.25 7.91 7.91 7.91 7.91 7.91 7.91 7.91 7.91 7.91 7.54 7.54 11.87 7.54 7.54 7.54 7.54 8.45 8.48 8.48 8.66 8.75 8.46 8.46 8.46 8.46 8.51 8.51 8.51 8.51 8.76 8.49 8.49 8.49 8.53 8.53 8.53 8.53 8.55 8.55 8.55 8.55 8.13 8.13 8.13 8.13 8.30 8.13 8.13 8.13 8.21 8.21 8.97 8.97 9.11 9.11 9.11 10.18 9.02 9.02
0.00 0.00 0.00 0.00 0.00 0.00 0.00 0.00 0.00 6.91 9.51 9.06 10.28 9.00 10.30 9.00 9.00 8.57 8.57 8.57 8.57 8.37 8.37 7.25 7.25 7.21 7.91 7.91 7.21 7.30 7.91 7.91 7.91 7.54 7.54 7.54 7.54 7.54 7.54 8.45 8.45 8.48 8.48 8.48 8.48 8.46 8.46 8.73 8.46 8.51 8.51 8.51 8.51 8.49 8.49 8.49 8.49 8.53 8.53 8.53 8.53 8.55 8.55 8.55 8.55 8.13 8.13 8.13 8.13 8.13 8.13 8.13 8.13 8.35 8.21 8.97 8.97 9.11 9.11 9.11 9.11 9.02 9.02
0.00 0.00 0.00 0.00 0.00 0.00 0.00 0.00 3.23 7.31 9.73 9.06 9.06 10.30 11.00 11.54 11.54 11.15 11.15 11.15 8.57 8.37 8.37 8.37 7.25 7.21 7.21 7.21 7.21 7.30 7.30 7.91 7.91 7.54 7.54 7.54 7.54 7.54 7.54 7.54 8.45 8.48 8.48 8.48 8.48 8.46 8.46 8.46 8.46 8.51 8.51 8.78 8.51 8.49 8.49 8.49 8.49 8.53 8.53 8.53 8.53 8.55 8.55 8.55 8.55 8.13 8.13 8.13 8.13 8.13 8.13 8.13 8.13 8.35 8.21 8.97 8.97 9.11 9.11 9.11 11.24 9.02 9.02
0.00 0.00 0.00 0.00 0.00 0.00 0.00 0.00 6.86 12.29 10.29 9.06 10.30 11.00 11.00 11.00 11.00 11.15 11.15 11.15 11.15 8.37 8.37 8.37 7.25 7.21 7.21 7.21 7.21 7.30 7.30 7.30 7.91 7.54 7.54 7.54 7.54 7.54 7.54 7.54 7.54 8.48 8.48 8.48 8.48 8.46 8.46 8.46 8.46 8.51 8.51 8.51 8.51 8.77 8.49 8.49 8.49 8.53 8.68 8.53 8.53 8.55 8.55 8.55 8.55 8.13 8.13 8.13 8.13 8.13 8.13 8.13 8.13 8.21 8.21 8.97 8.97 9.11 9.11 9.11 11.24 10.84 9.02
0.00 0.00 0.00 0.00 0.00 0.00 0.00 0.00 7.45 9.86 11.45 11.00 11.45 11.23 11.00 11.53 11.53 11.05 11.05 11.05 8.50 8.30 8.30 8.30 8.30 7.30 7.30 7.30 7.30 7.43 7.43 7.43 8.15 8.55 8.55 7.54 7.54 7.54 7.54 7.54 7.54 8.51 8.51 8.51 8.51 8.42 8.42 8.42 8.42 8.49 8.49 8.49 8.49 8.55 8.55 8.55 8.55 8.55 8.55 8.55 8.55 8.55 8.55 8.55 8.55 8.19 8.19 8.19 8.19 8.13 8.13 8.13 8.13 8.19 8.19 8.95 8.95 9.09 9.09 9.09 10.42 13.88 10.99
0.00 0.00 0.00 0.00 0.00 0.00 0.00 6.63 3.91 3.68 4.13 11.37 11.82 11.23 11.00 13.86 11.53 11.05 13.31 9.69 8.50 8.30 8.30 8.30 8.30 7.30 7.30 7.30 7.30 7.43 7.43 7.43 8.15 8.55 8.55 8.55 7.54 8.55 7.54 8.55 7.54 8.51 8.51 8.51 8.51 8.42 8.42 8.42 8.42 8.49 8.49 8.49 8.49 8.55 8.55 8.55 8.55 8.55 8.55 8.55 8.55 8.55 8.55 8.55 8.55 8.19 8.19 8.19 8.19 8.13 8.13 8.13 8.13 8.19 8.19 8.95 8.95 9.09 9.91 9.09 11.43 11.09 14.11
0.00 0.00 0.00 0.00 0.00 0.00 0.00 15.41 4.86 4.64 10.94 11.55 11.15 11.59 11.59 11.59 9.05 10.87 10.87 8.40 8.40 8.20 8.20 8.20 8.20 7.21 7.21 7.21 7.21 7.34 7.34 7.34 8.04 8.27 8.27 8.27 8.27 8.27 8.27 8.27 8.27 8.23 8.23 8.23 8.23 8.14 8.14 8.14 8.14 8.79 8.79 8.79 8.79 8.78 8.78 8.78 8.78 8.78 8.78 8.78 8.78 8.87 8.87 8.87 8.87 8.61 8.61 8.61 8.61 8.55 8.55 8.55 8.55 8.61 8.61 8.60 8.60 8.73 8.73 8.73 8.73 8.80 8.80
0.00 0.00 0.00 0.00 0.00 0.00 0.00 8.27 12.46 4.87 12.42 11.74 11.65 11.15 11.59 9.05 9.05 8.40 8.40 8.40 8.40 8.20 8.20 8.20 8.20 8.33 7.21 7.21 7.21 7.34 7.34 7.34 8.04 8.27 8.27 8.27 8.27 8.27 8.27 8.27 8.27 8.23 8.23 8.23 8.23 8.14 8.14 8.14 8.14 8.79 8.79 8.79 8.79 8.78 8.78 8.78 8.78 8.78 8.78 8.78 8.78 8.87 8.87 11.34 8.87 8.61 8.61 8.61 8.61 8.55 8.55 8.55 8.55 8.61 8.61 8.60 9.46 9.59 9.59 8.73 8.73 8.80 8.80
