New_Model_Runs/6_FutureClimate_RCP45_out/post_prcessed_with_MFR/Monthly_summaries/net_infiltration_monthly_JUL.asc
NCOLS 700
NROWS 400
XLLCENTER 515000.000000
YLLCENTER 8409000.000000
CELLSIZE 50.000000
NODATA_value -999.000000
[rows 72 to 107 of 400, columns 332 to 414 of 700]
0.00 0.00 0.00 0.00 0.00 0.00 0.00 0.00 0.00 0.00 0.00 0.00 0.00 0.00 0.00 0.00 0.00 0.00 0.00 0.00 0.00 0.00 0.00 0.00 0.00 0.00 0.00 0.00 0.00 0.00 0.00 0.00 0.00 0.00 0.00 0.00 0.00 0.00 0.00 0.00 0.00 0.00 0.00 0.00 0.00 0.00 0.00 0.00 0.00 0.00 0.00 0.00 0.00 0.00 0.00 0.00 0.00 0.00 0.00 0.00 0.00 0.00 0.00 0.00 0.00 6.30 6.18 8.44 7.38 6.28 6.28 6.28 6.39 6.39 7.78 7.78 7.84 0.00 0.00 0.00 0.00 0.00 0.00
0.00 0.00 0.00 0.00 0.00 0.00 0.00 0.00 0.00 0.00 0.00 0.00 0.00 0.00 0.00 0.00 0.00 0.00 0.00 0.00 0.00 0.00 0.00 0.00 0.00 0.00 0.00 0.00 0.00 0.00 0.00 0.00 0.00 0.00 0.00 0.00 0.00 0.00 0.00 0.00 0.00 0.00 0.00 0.00 0.00 0.00 0.00 0.00 0.00 0.00 0.00 0.00 0.00 0.00 0.00 0.00 0.00 0.00 0.00 0.00 0.00 0.00 0.00 0.00 6.18 7.21 9.04 6.99 6.28 6.28 6.28 6.28 6.39 6.39 7.88 7.88 7.84 0.00 0.00 0.00 0.00 0.00 0.00
0.00 0.00 0.00 0.00 0.00 0.00 0.00 0.00 0.00 0.00 0.00 0.00 0.00 0.00 0.00 0.00 0.00 0.00 0.00 0.00 0.00 0.00 0.00 0.00 0.00 0.00 0.00 0.00 0.00 0.00 0.00 0.00 0.00 0.00 0.00 0.00 0.00 0.00 0.00 0.00 0.00 0.00 0.00 0.00 0.00 0.00 0.00 0.00 0.00 0.00 0.00 0.00 0.00 0.00 0.00 0.00 0.00 0.00 0.00 0.00 0.00 0.00 0.00 6.26 6.98 6.98 6.18 6.18 6.28 6.28 6.28 6.28 6.39 7.78 8.10 8.01 0.00 0.00 0.00 0.00 0.00 0.00 0.00
0.00 0.00 0.00 0.00 0.00 0.00 0.00 0.00 0.00 0.00 0.00 0.00 0.00 0.00 0.00 0.00 0.00 0.00 0.00 0.00 0.00 0.00 0.00 0.00 0.00 0.00 0.00 0.00 0.00 0.00 0.00 0.00 0.00 0.00 0.00 0.00 0.00 0.00 0.00 0.00 0.00 0.00 0.00 0.00 0.00 0.00 0.00 0.00 0.00 0.00 0.00 0.00 0.00 0.00 0.00 0.00 0.00 0.00 0.00 0.00 0.00 0.00 6.26 7.04 6.97 6.18 6.18 6.18 6.28 6.28 6.28 6.28 6.39 8.01 8.24 8.01 0.00 0.00 0.00 0.00 0.00 0.00 0.00
0.00 0.00 0.00 0.00 0.00 0.00 0.00 0.00 0.00 0.00 0.00 0.00 0.00 0.00 0.00 0.00 0.00 0.00 0.00 0.00 0.00 0.00 0.00 0.00 0.00 0.00 0.00 0.00 0.00 0.00 0.00 0.00 0.00 0.00 0.00 0.00 0.00 0.00 0.00 0.00 0.00 0.00 0.00 0.00 0.00 0.00 0.00 0.00 0.00 0.00 0.00 0.00 3.95 6.30 0.00 0.00 0.00 0.00 0.00 0.00 0.00 7.30 6.93 6.14 6.15 6.15 7.48 7.48 6.44 7.85 7.85 8.08 9.30 3.03 7.43 0.00 0.00 0.00 0.00 0.00 0.00 0.00 0.00
0.00 0.00 0.00 0.00 0.00 0.00 0.00 0.00 0.00 0.00 0.00 0.00 0.00 0.00 0.00 0.00 0.00 0.00 0.00 0.00 0.00 0.00 0.00 0.00 0.00 0.00 0.00 0.00 0.00 0.00 0.00 0.00 0.00 0.00 0.00 0.00 0.00 0.00 0.00 0.00 0.00 0.00 0.00 0.00 0.00 0.00 0.00 0.00 0.00 0.00 0.00 0.00 4.78 6.32 6.32 0.00 0.00 0.00 6.24 6.24 6.14 6.14 7.30 6.14 6.15 7.48 7.48 7.48 7.85 7.85 6.35 2.13 3.53 7.34 0.00 0.00 0.00 0.00 0.00 0.00 0.00 0.00 0.00
0.00 0.00 0.00 0.00 0.00 0.00 0.00 0.00 0.00 0.00 0.00 0.00 0.00 0.00 0.00 0.00 0.00 0.00 0.00 0.00 0.00 0.00 0.00 0.00 0.00 0.00 0.00 0.00 0.00 0.00 0.00 0.00 0.00 0.00 0.00 0.00 0.00 0.00 0.00 0.00 0.00 0.00 0.00 0.00 0.00 0.00 0.00 0.00 0.00 0.00 0.00 0.00 6.32 6.32 6.32 6.32 6.24 6.24 6.24 6.24 6.14 6.73 6.93 6.14 6.15 7.55 7.55 7.48 7.85 7.85 7.85 7.85 10.20 0.00 0.00 0.00 0.00 0.00 0.00 0.00 0.00 0.00 0.00
0.00 0.00 0.00 0.00 0.00 0.00 0.00 0.00 0.00 0.00 0.00 0.00 0.00 0.00 0.00 0.00 0.00 0.00 0.00 0.00 0.00 0.00 0.00 0.00 0.00 0.00 0.00 0.00 0.00 0.00 0.00 0.00 0.00 0.00 0.00 0.00 0.00 0.00 0.00 0.00 0.00 0.00 0.00 0.00 0.00 0.00 0.00 0.00 0.00 0.00 0.00 5.02 6.32 6.32 6.32 6.32 6.24 6.24 6.24 6.24 6.14 6.30 6.14 6.14 7.03 7.03 7.48 3.76 7.85 8.33 7.72 9.98 0.00 0.00 0.00 0.00 0.00 0.00 0.00 0.00 0.00 0.00 0.00
0.00 0.00 0.00 0.00 0.00 0.00 0.00 0.00 0.00 0.00 0.00 0.00 0.00 0.00 0.00 0.00 0.00 0.00 0.00 0.00 0.00 0.00 0.00 0.00 0.00 0.00 0.00 0.00 0.00 0.00 0.00 0.00 0.00 0.00 0.00 0.00 0.00 0.00 0.00 0.00 0.00 0.00 0.00 0.00 0.00 0.00 0.00 0.00 0.00 0.00 0.00 6.51 6.28 6.28 6.28 6.28 6.14 6.14 6.14 6.14 6.19 6.19 6.19 6.19 6.35 7.00 6.57 3.98 8.49 6.66 4.08 0.00 0.00 0.00 0.00 0.00 0.00 0.00 0.00 0.00 0.00 0.00 0.00
0.00 0.00 0.00 0.00 0.00 0.00 0.00 0.00 0.00 0.00 0.00 0.00 0.00 0.00 0.00 0.00 0.00 0.00 0.00 0.00 0.00 0.00 0.00 0.00 0.00 0.00 0.00 0.00 0.00 0.00 0.00 0.00 0.00 0.00 0.00 0.00 0.00 0.00 0.00 0.00 0.00 0.00 5.54 0.00 0.00 0.00 0.00 0.00 0.00 0.00 0.00 6.51 6.28 6.28 6.28 6.28 6.14 7.12 6.14 6.14 6.93 6.30 6.19 6.19 6.35 6.35 6.57 6.84 3.03 6.44 0.00 0.00 0.00 0.00 0.00 0.00 0.00 0.00 0.00 0.00 0.00 0.00 0.00
0.00 0.00 0.00 0.00 0.00 0.00 0.00 0.00 0.00 0.00 0.00 0.00 0.00 0.00 0.00 0.00 0.00 0.00 0.00 0.00 0.00 0.00 0.00 0.00 0.00 0.00 0.00 0.00 0.00 0.00 0.00 0.00 0.00 0.00 0.00 0.00 0.00 0.00 0.00 0.00 0.00 7.50 7.50 7.50 7.51 0.00 0.00 0.00 0.00 0.00 0.00 7.00 7.09 7.09 7.09 7.09 6.93 6.93 6.93 6.93 7.42 7.42 6.99 6.99 7.16 7.16 8.73 9.30 12.73 0.00 0.00 0.00 0.00 0.00 0.00 0.00 0.00 0.00 0.00 0.00 0.00 0.00 0.00
0.00 0.00 0.00 0.00 0.00 0.00 0.00 0.00 0.00 0.00 0.00 0.00 0.00 0.00 0.00 0.00 0.00 0.00 0.00 0.00 0.00 0.00 0.00 0.00 0.00 0.00 0.00 0.00 0.00 0.00 0.00 0.00 0.00 0.00 0.00 0.00 0.00 0.00 0.00 0.00 7.50 7.50 7.50 7.50 8.15 8.74 8.74 6.10 4.42 7.00 7.00 7.00 7.09 7.09 7.09 7.09 6.93 6.93 6.93 6.93 6.99 6.99 6.99 6.99 8.85 8.73 8.73 9.18 11.29 0.00 0.00 0.00 0.00 0.00 0.00 0.00 0.00 0.00 0.00 0.00 0.00 0.00 0.00
0.00 0.00 0.00 0.00 0.00 0.00 0.00 0.00 0.00 0.00 0.00 0.00 0.00 0.00 0.00 0.00 0.00 0.00 0.00 0.00 0.00 0.00 0.00 0.00 0.00 0.00 0.00 0.00 0.00 0.00 0.00 0.00 0.00 0.00 0.00 0.00 0.00 0.00 5.40 7.53 8.32 8.32 8.32 8.32 7.49 9.16 8.72 8.72 8.27 6.88 6.88 7.79 6.96 6.96 6.96 6.96 6.99 6.99 6.99 6.99 7.20 7.20 7.20 7.20 9.01 8.73 8.50 3.26 3.85 0.00 0.00 0.00 0.00 0.00 0.00 0.00 0.00 0.00 0.00 0.00 0.00 0.00 0.00
0.00 0.00 0.00 0.00 0.00 0.00 0.00 0.00 0.00 0.00 0.00 0.00 0.00 0.00 0.00 0.00 0.00 0.00 0.00 0.00 0.00 0.00 0.00 0.00 0.00 0.00 0.00 0.00 0.00 0.00 0.00 0.00 0.00 0.00 0.00 0.00 0.00 7.53 7.53 7.53 8.32 8.32 8.32 8.32 7.49 8.72 8.72 8.72 8.27 8.94 6.88 6.88 6.96 6.96 6.96 6.96 6.99 6.99 6.99 6.99 8.91 8.91 8.91 8.89 8.89 8.27 9.40 3.71 3.63 0.00 0.00 0.00 0.00 0.00 0.00 0.00 0.00 0.00 0.00 0.00 0.00 0.00 0.00
0.00 0.00 0.00 0.00 0.00 0.00 0.00 0.00 0.00 0.00 0.00 0.00 0.00 0.00 0.00 0.00 0.00 0.00 0.00 0.00 0.00 0.00 0.00 0.00 0.00 0.00 0.00 0.00 0.00 0.00 0.00 0.00 0.00 0.00 0.00 0.00 0.00 8.18 7.53 7.53 8.32 8.32 7.93 8.32 7.49 8.72 8.72 9.48 8.27 8.27 8.27 6.88 6.96 8.19 6.96 6.96 6.99 6.99 6.99 6.99 8.91 8.91 8.89 8.73 8.24 8.27 3.37 7.11 0.00 0.00 0.00 0.00 0.00 0.00 0.00 0.00 0.00 0.00 0.00 0.00 0.00 0.00 7.27
0.00 0.00 0.00 0.00 0.00 0.00 0.00 0.00 0.00 0.00 0.00 0.00 0.00 0.00 0.00 0.00 0.00 0.00 0.00 0.00 0.00 0.00 0.00 0.00 0.00 0.00 0.00 0.00 0.00 0.00 0.00 0.00 0.00 0.00 0.00 0.00 0.00 7.53 7.53 7.53 8.32 8.32 8.32 8.32 7.49 7.94 8.72 8.72 8.27 8.27 8.27 8.27 6.96 7.63 6.96 7.42 6.99 6.99 6.99 6.99 7.20 9.25 8.89 8.73 8.89 8.27 8.36 6.89 0.00 0.00 0.00 0.00 0.00 0.00 0.00 0.00 0.00 0.00 0.00 0.00 0.00 8.34 7.27
0.00 0.00 0.00 0.00 0.00 0.00 0.00 0.00 0.00 0.00 0.00 0.00 0.00 0.00 0.00 0.00 0.00 0.00 0.00 0.00 0.00 0.00 0.00 0.00 0.00 0.00 0.00 0.00 0.00 0.00 0.00 0.00 0.00 0.00 0.00 0.00 0.00 0.00 7.62 7.62 7.52 7.52 7.52 7.52 8.28 8.28 9.17 9.17 9.07 8.19 8.19 7.24 7.62 7.42 7.42 7.05 7.18 7.18 7.18 7.18 7.29 7.29 9.32 8.73 8.96 13.42 7.67 6.89 0.00 0.00 0.00 0.00 0.00 0.00 0.00 0.00 0.00 0.00 0.00 0.00 8.38 7.29 7.29
0.00 0.00 0.00 0.00 0.00 0.00 0.00 0.00 0.00 0.00 0.00 0.00 0.00 0.00 0.00 0.00 0.00 0.00 0.00 0.00 0.00 0.00 0.00 0.00 0.00 0.00 0.00 0.00 0.00 0.00 0.00 0.00 0.00 0.00 0.00 0.00 0.00 0.00 0.00 7.62 7.52 7.52 7.52 7.52 8.28 8.28 8.28 8.95 9.07 8.19 7.24 7.24 7.62 8.53 7.05 7.05 7.18 7.18 7.18 7.18 7.29 9.04 9.12 9.12 9.18 10.31 7.67 7.79 6.24 0.00 0.00 0.00 0.00 0.00 0.00 0.00 0.00 0.00 0.00 7.36 8.25 7.29 7.29
0.00 0.00 0.00 0.00 0.00 0.00 0.00 0.00 0.00 0.00 0.00 0.00 0.00 0.00 0.00 0.00 0.00 0.00 0.00 0.00 0.00 0.00 0.00 0.00 0.00 0.00 0.00 4.60 0.00 0.00 0.00 0.00 0.00 0.00 0.00 0.00 0.00 0.00 0.00 8.26 7.52 7.52 8.16 7.52 8.28 8.28 8.28 8.28 8.19 8.19 7.87 7.24 7.63 8.53 7.63 7.05 7.18 8.89 8.89 12.51 12.67 12.67 12.74 11.40 12.02 12.80 3.82 3.48 3.32 6.47 6.24 6.99 0.00 0.00 0.00 0.00 3.63 11.20 12.01 7.36 7.29 7.29 7.29
0.00 0.00 0.00 0.00 0.00 0.00 0.00 0.00 0.00 0.00 0.00 0.00 0.00 0.00 0.00 0.00 0.00 0.00 0.00 0.00 0.00 0.00 0.00 0.00 0.00 0.00 0.00 7.99 7.98 7.98 0.00 0.00 0.00 0.00 0.00 0.00 0.00 0.00 0.00 0.00 7.52 7.52 7.52 7.52 8.28 8.28 8.28 9.19 8.19 8.19 8.19 8.19 7.63 7.63 7.63 7.63 8.89 12.51 12.51 9.53 9.67 7.29 8.89 2.35 8.13 8.13 8.91 12.27 6.61 6.70 7.60 4.54 10.00 9.77 12.77 11.65 12.76 8.34 8.38 7.58 7.29 7.29 7.29
0.00 0.00 0.00 0.00 0.00 0.00 0.00 0.00 0.00 0.00 0.00 0.00 0.00 0.00 0.00 0.00 0.00 0.00 0.00 0.00 0.00 0.00 0.00 0.00 0.00 0.00 0.00 8.00 7.99 7.99 7.99 0.00 0.00 0.00 0.00 0.00 0.00 0.00 0.00 0.00 7.56 7.56 7.56 7.56 8.25 8.25 8.25 8.92 8.90 8.24 8.24 8.24 7.75 7.75 7.75 7.75 7.81 9.02 7.20 7.20 7.29 7.29 7.29 8.73 8.50 8.27 8.89 8.89 8.34 2.84 9.42 10.13 9.52 7.59 9.16 10.20 10.67 3.23 8.39 8.56 8.61 7.35 8.55
0.00 0.00 0.00 0.00 0.00 0.00 0.00 0.00 0.00 0.00 0.00 0.00 0.00 0.00 0.00 0.00 0.00 0.00 0.00 0.00 0.00 0.00 0.00 0.00 0.00 0.00 0.00 8.00 7.99 7.99 7.99 8.62 0.00 0.00 0.00 0.00 0.00 0.00 0.00 0.00 0.00 7.56 7.56 7.56 8.25 8.25 8.25 8.25 8.24 8.24 8.24 8.90 7.75 8.94 7.75 8.94 7.81 7.81 7.20 7.20 7.29 7.29 8.27 8.73 7.77 8.32 11.25 8.50 9.14 8.29 9.45 8.91 7.59 8.84 9.28 9.06 10.67 9.75 8.61 9.00 7.35 8.55 9.40
0.00 0.00 0.00 0.00 0.00 0.00 0.00 0.00 0.00 0.00 0.00 0.00 0.00 0.00 0.00 0.00 0.00 0.00 0.00 0.00 0.00 0.00 0.00 0.00 0.00 0.00 6.37 8.00 7.99 7.99 7.99 7.99 8.05 0.00 0.00 0.00 0.00 0.00 0.00 0.00 0.00 7.56 7.56 7.56 8.25 8.25 8.25 8.25 8.91 8.24 8.24 8.24 7.75 7.75 8.41 7.75 7.81 7.81 7.81 7.20 7.29 7.29 9.32 8.73 9.46 7.32 10.07 7.32 8.34 9.22 10.69 8.84 7.37 9.13 9.13 7.37 11.00 11.96 12.01 12.62 14.52 9.11 9.11
0.00 0.00 0.00 0.00 0.00 0.00 0.00 0.00 0.00 0.00 0.00 0.00 0.00 0.00 0.00 0.00 0.00 0.00 0.00 0.00 0.00 0.00 0.00 0.00 0.00 0.00 7.24 8.00 7.99 7.99 7.99 7.99 8.67 8.05 0.00 0.00 0.00 0.00 0.00 0.00 7.56 7.56 7.56 7.56 8.92 8.25 8.25 8.25 8.91 8.24 8.24 8.24 7.75 7.75 7.75 7.75 7.81 7.81 7.81 7.81 7.29 9.03 9.03 8.73 13.46 7.32 7.32 7.32 8.34 9.00 11.41 8.34 8.34 9.00 9.13 7.37 7.38 8.57 9.14 9.00 12.74 9.11 9.11
0.00 0.00 0.00 0.00 0.00 0.00 0.00 0.00 0.00 0.00 0.00 0.00 0.00 0.00 0.00 0.00 0.00 0.00 0.00 0.00 6.36 6.36 7.23 6.36 6.35 6.35 6.35 6.35 7.95 7.95 7.95 7.95 8.02 8.02 8.02 0.00 0.00 0.00 0.00 0.00 7.54 7.54 7.54 7.54 8.30 8.30 8.30 8.30 8.31 8.31 8.31 8.31 7.73 7.73 7.73 7.73 7.79 7.79 7.79 7.79 7.91 9.24 9.03 8.73 5.60 7.28 8.24 7.28 8.34 9.09 9.09 7.33 7.38 9.15 4.57 11.90 7.40 7.40 8.34 8.84 12.47 7.87 7.87
0.00 0.00 0.00 0.00 0.00 0.00 0.00 0.00 0.00 0.00 0.00 0.00 6.41 6.41 0.00 0.00 0.00 6.42 6.42 7.49 6.36 6.36 6.36 7.39 6.35 6.35 6.35 6.35 7.95 9.85 7.95 7.95 8.02 8.02 8.02 8.02 7.63 7.63 7.63 7.63 7.54 7.54 7.54 7.54 8.30 8.30 8.30 8.30 8.31 8.31 8.31 8.98 8.81 7.73 7.73 7.73 7.79 7.79 7.79 7.79 7.91 9.24 9.24 11.61 7.28 7.28 8.24 8.27 8.54 9.39 7.33 7.33 7.38 11.72 7.87 10.24 9.19 8.34 9.00 9.19 9.44 12.81 9.18
0.00 0.00 0.00 0.00 0.00 0.00 0.00 0.00 0.00 0.00 0.00 6.65 6.63 6.63 6.63 6.63 6.64 6.64 6.64 7.56 7.01 7.01 7.01 7.01 7.96 7.96 6.99 6.99 7.97 8.65 7.97 7.97 8.71 8.04 8.04 8.04 8.43 8.43 8.43 9.16 8.34 8.34 8.34 8.34 8.25 8.25 8.96 8.25 8.26 8.26 8.96 8.26 9.09 8.38 8.38 8.38 8.43 8.43 8.43 8.43 9.27 11.45 9.76 8.56 7.83 7.83 9.29 9.29 8.14 9.65 13.22 7.75 7.80 11.97 8.53 9.74 8.53 8.53 9.76 9.76 10.09 13.24 13.24
0.00 0.00 0.00 0.00 0.00 0.00 0.00 0.00 0.00 0.00 0.00 0.00 6.63 6.63 6.63 6.63 7.55 7.55 6.64 6.64 7.98 7.01 7.01 7.01 6.99 7.95 6.99 6.99 7.80 7.97 7.97 7.97 8.04 8.04 8.04 8.04 8.43 8.43 8.43 8.43 8.34 8.34 8.34 9.04 8.96 8.25 8.25 8.25 8.26 8.26 8.96 8.26 8.38 8.38 8.38 8.38 8.43 8.43 8.43 8.43 8.56 10.03 9.76 8.56 8.56 7.83 7.83 7.83 7.75 7.75 9.97 7.75 7.80 9.02 9.62 9.62 9.74 10.10 9.76 9.76 10.09 9.74 9.62
0.00 0.00 0.00 0.00 0.00 0.00 0.00 0.00 0.00 0.00 0.00 0.00 7.53 6.61 6.61 6.61 6.58 6.58 6.58 7.50 6.97 7.93 6.97 6.97 6.98 7.94 6.98 6.98 6.96 7.94 8.62 7.94 7.96 7.96 7.96 7.96 8.99 9.04 8.33 8.33 8.30 8.30 8.30 9.82 8.28 8.28 8.28 8.28 8.26 8.26 8.26 8.26 8.34 8.34 8.34 8.34 8.43 8.43 8.43 8.43 8.52 8.52 8.52 8.52 8.50 8.50 7.78 7.78 7.73 8.74 8.74 7.73 7.80 7.80 9.74 11.03 9.62 10.52 9.77 7.83 10.09 11.85 9.62
0.00 0.00 0.00 0.00 0.00 0.00 0.00 0.00 0.00 0.00 0.00 0.00 6.61 6.61 6.61 6.61 6.59 6.59 6.59 6.59 6.97 6.97 7.93 6.97 6.98 7.94 6.98 6.98 6.96 7.94 7.94 7.94 7.96 7.96 7.96 7.96 8.33 8.33 8.33 8.33 8.30 8.30 8.30 8.30 8.99 8.28 8.99 8.28 8.26 8.26 8.26 8.26 8.34 8.34 8.34 8.34 8.43 9.15 8.43 8.43 8.52 8.52 9.25 8.52 8.50 8.50 8.50 7.78 7.73 7.73 7.73 7.73 7.80 7.80 8.53 9.72 9.77 10.10 8.53 7.83 9.76 10.09 8.53
0.00 0.00 0.00 0.00 0.00 0.00 0.00 0.00 0.00 0.00 0.00 0.00 7.53 7.94 7.53 6.61 6.59 6.59 6.59 6.59 6.97 6.97 6.97 6.97 6.98 6.98 7.94 6.98 6.96 6.96 7.94 8.62 7.96 7.96 7.96 8.64 9.33 8.33 8.33 8.33 9.01 8.30 8.30 8.30 8.28 8.28 8.28 8.28 8.26 8.26 8.26 8.26 8.34 8.34 8.34 8.34 8.43 8.43 8.43 8.43 8.52 8.52 10.09 8.52 8.50 8.50 8.50 8.50 7.73 7.73 7.73 7.73 7.80 7.80 11.65 9.72 9.77 9.77 10.26 10.13 7.82 9.76 10.09
0.00 0.00 0.00 0.00 0.00 0.00 0.00 0.00 0.00 0.00 0.00 6.70 6.61 6.61 7.53 7.52 6.59 6.59 6.59 6.59 6.97 6.97 6.97 9.05 6.98 6.98 6.98 6.98 6.96 6.96 7.94 7.94 7.96 7.96 7.96 7.96 8.99 9.53 8.33 8.33 8.30 8.30 8.30 9.57 8.28 8.28 8.28 8.28 8.26 8.26 8.26 8.26 9.05 8.34 8.34 8.34 8.43 8.43 8.43 8.43 8.52 9.24 9.24 8.52 8.50 8.50 8.50 8.50 8.44 7.73 7.73 7.73 7.80 7.80 7.80 9.72 9.77 9.74 9.74 10.62 7.82 7.82 10.09
0.00 0.00 0.00 0.00 0.00 0.00 0.00 0.00 0.00 0.00 6.70 6.70 6.60 6.60 6.60 6.60 7.47 6.56 6.56 6.56 6.93 6.93 6.93 7.89 6.95 6.95 6.95 6.95 6.95 6.95 7.93 7.93 7.93 7.93 7.93 7.93 8.95 8.29 9.31 9.00 8.27 8.27 8.27 8.27 8.28 8.28 8.28 8.28 8.24 8.24 8.94 8.95 9.04 8.33 8.33 8.33 8.43 8.43 8.43 8.43 8.46 8.46 8.46 8.46 8.44 8.44 8.44 8.44 8.39 8.39 9.69 7.68 7.74 7.74 8.76 7.74 7.78 7.78 10.06 10.06 10.04 7.75 8.76
0.00 0.00 0.00 0.00 0.00 0.00 0.00 0.00 0.00 3.90 6.70 6.70 6.60 6.60 6.60 6.60 6.56 6.56 6.56 6.56 7.81 6.93 6.93 7.89 7.91 6.95 6.95 8.35 7.91 6.95 6.95 7.93 7.93 7.93 7.93 7.93 8.29 8.29 8.29 8.29 8.27 8.27 8.27 8.27 8.28 8.28 8.28 8.28 8.24 8.24 8.24 8.24 8.33 8.33 8.33 8.33 8.43 8.43 8.43 8.43 9.18 8.46 9.19 8.46 8.44 8.44 9.45 8.44 8.39 8.39 8.39 7.68 7.74 7.74 7.74 8.76 7.78 7.78 6.18 12.31 11.57 7.75 7.75
0.00 0.00 0.00 0.00 0.00 0.00 0.00 0.00 0.00 3.90 7.63 6.70 6.60 7.51 6.60 6.60 6.56 6.56 6.56 6.56 6.93 6.93 6.93 6.93 6.95 7.91 6.95 6.95 6.95 6.95 6.95 7.93 10.45 7.93 7.93 9.16 9.00 8.29 8.29 8.29 8.27 8.27 8.27 8.27 8.28 8.28 8.28 8.28 8.24 8.94 8.24 8.24 8.33 8.33 8.33 8.33 9.13 8.43 8.43 8.43 8.46 8.46 8.46 8.46 8.44 8.44 9.73 9.98 8.39 8.39 9.11 8.39 7.74 7.74 7.74 7.74 7.78 7.78 7.78 9.69 9.65 7.75 7.75
0.00 0.00 0.00 0.00 0.00 0.00 0.00 0.00 0.00 6.70 7.63 6.70 6.60 6.60 6.60 6.60 6.56 7.46 6.56 6.56 6.93 6.93 6.93 6.93 6.95 6.95 6.95 6.95 6.95 6.95 6.95 6.95 8.61 7.93 7.93 7.93 8.29 9.00 8.29 8.29 8.27 8.27 8.27 8.27 8.28 8.28 8.98 8.28 8.24 8.24 8.24 8.24 8.33 8.33 8.33 8.33 9.13 8.43 8.43 8.43 8.46 9.19 8.46 8.46 9.15 8.44 8.44 9.15 8.39 8.39 8.39 8.39 8.46 7.74 7.74 7.74 8.77 7.78 9.56 7.78 9.65 7.75 7.75
