New_Model_Runs/6_FutureClimate_RCP45_out/post_prcessed_with_MFR/Monthly_summaries/net_infiltration_monthly_AUG.asc
NCOLS 700
NROWS 400
XLLCENTER 515000.000000
YLLCENTER 8409000.000000
CELLSIZE 50.000000
NODATA_value -999.000000
[rows 74 to 110 of 400, columns 336 to 419 of 700]
0.00 0.00 0.00 0.00 0.00 0.00 0.00 0.00 0.00 0.00 0.00 0.00 0.00 0.00 0.00 0.00 0.00 0.00 0.00 0.00 0.00 0.00 0.00 0.00 0.00 0.00 0.00 0.00 0.00 0.00 0.00 0.00 0.00 0.00 0.00 0.00 0.00 0.00 0.00 0.00 0.00 0.00 0.00 0.00 0.00 0.00 0.00 0.00 0.00 0.00 0.00 0.00 0.00 0.00 0.00 0.00 0.00 0.00 0.00 6.80 7.03 7.03 6.70 6.70 6.98 6.98 6.98 6.98 6.84 7.59 8.04 7.82 0.00 0.00 0.00 0.00 0.00 0.00 0.00 0.00 0.00 0.00 0.00 0.00
0.00 0.00 0.00 0.00 0.00 0.00 0.00 0.00 0.00 0.00 0.00 0.00 0.00 0.00 0.00 0.00 0.00 0.00 0.00 0.00 0.00 0.00 0.00 0.00 0.00 0.00 0.00 0.00 0.00 0.00 0.00 0.00 0.00 0.00 0.00 0.00 0.00 0.00 0.00 0.00 0.00 0.00 0.00 0.00 0.00 0.00 0.00 0.00 0.00 0.00 0.00 0.00 0.00 0.00 0.00 0.00 0.00 0.00 6.80 7.06 6.96 6.70 6.70 6.70 6.98 6.98 6.98 6.98 6.84 7.82 8.04 7.82 0.00 0.00 0.00 0.00 0.00 0.00 0.00 0.00 0.00 0.00 0.00 0.00
0.00 0.00 0.00 0.00 0.00 0.00 0.00 0.00 0.00 0.00 0.00 0.00 0.00 0.00 0.00 0.00 0.00 0.00 0.00 0.00 0.00 0.00 0.00 0.00 0.00 0.00 0.00 0.00 0.00 0.00 0.00 0.00 0.00 0.00 0.00 0.00 0.00 0.00 0.00 0.00 0.00 0.00 0.00 0.00 0.00 0.00 0.00 0.00 4.80 6.70 0.00 0.00 0.00 0.00 0.00 0.00 0.00 7.10 6.92 6.94 6.95 6.95 7.56 7.56 6.90 7.66 7.66 7.89 9.12 3.13 7.35 0.00 0.00 0.00 0.00 0.00 0.00 0.00 0.00 0.00 0.00 0.00 0.00 0.00
0.00 0.00 0.00 0.00 0.00 0.00 0.00 0.00 0.00 0.00 0.00 0.00 0.00 0.00 0.00 0.00 0.00 0.00 0.00 0.00 0.00 0.00 0.00 0.00 0.00 0.00 0.00 0.00 0.00 0.00 0.00 0.00 0.00 0.00 0.00 0.00 0.00 0.00 0.00 0.00 0.00 0.00 0.00 0.00 0.00 0.00 0.00 0.00 5.75 6.88 6.88 0.00 0.00 0.00 6.78 6.78 6.94 6.94 7.10 6.94 6.95 7.56 7.56 7.56 7.66 7.66 6.68 2.23 3.48 7.44 0.00 0.00 0.00 0.00 0.00 0.00 0.00 0.00 0.00 0.00 0.00 0.00 0.00 0.00
0.00 0.00 0.00 0.00 0.00 0.00 0.00 0.00 0.00 0.00 0.00 0.00 0.00 0.00 0.00 0.00 0.00 0.00 0.00 0.00 0.00 0.00 0.00 0.00 0.00 0.00 0.00 0.00 0.00 0.00 0.00 0.00 0.00 0.00 0.00 0.00 0.00 0.00 0.00 0.00 0.00 0.00 0.00 0.00 0.00 0.00 0.00 0.00 6.88 6.88 6.88 6.88 6.78 6.78 6.78 6.78 6.94 6.97 6.92 6.94 6.95 7.63 7.63 7.56 7.66 7.66 7.66 7.66 10.53 0.00 0.00 0.00 0.00 0.00 0.00 0.00 0.00 0.00 0.00 0.00 0.00 0.00 0.00 0.00
0.00 0.00 0.00 0.00 0.00 0.00 0.00 0.00 0.00 0.00 0.00 0.00 0.00 0.00 0.00 0.00 0.00 0.00 0.00 0.00 0.00 0.00 0.00 0.00 0.00 0.00 0.00 0.00 0.00 0.00 0.00 0.00 0.00 0.00 0.00 0.00 0.00 0.00 0.00 0.00 0.00 0.00 0.00 0.00 0.00 0.00 0.00 6.15 6.88 6.88 6.88 6.88 6.78 6.78 6.78 6.78 6.94 6.70 6.94 6.94 7.29 7.29 7.56 4.65 7.66 8.27 7.54 10.31 0.00 0.00 0.00 0.00 0.00 0.00 0.00 0.00 0.00 0.00 0.00 0.00 0.00 0.00 0.00 0.00
0.00 0.00 0.00 0.00 0.00 0.00 0.00 0.00 0.00 0.00 0.00 0.00 0.00 0.00 0.00 0.00 0.00 0.00 0.00 0.00 0.00 0.00 0.00 0.00 0.00 0.00 0.00 0.00 0.00 0.00 0.00 0.00 0.00 0.00 0.00 0.00 0.00 0.00 0.00 0.00 0.00 0.00 0.00 0.00 0.00 0.00 0.00 7.21 6.83 6.83 6.83 6.83 6.93 6.93 6.93 6.93 6.72 6.72 6.72 6.72 6.92 7.14 7.15 4.87 8.31 6.76 4.08 0.00 0.00 0.00 0.00 0.00 0.00 0.00 0.00 0.00 0.00 0.00 0.00 0.00 0.00 0.00 0.00 0.00
0.00 0.00 0.00 0.00 0.00 0.00 0.00 0.00 0.00 0.00 0.00 0.00 0.00 0.00 0.00 0.00 0.00 0.00 0.00 0.00 0.00 0.00 0.00 0.00 0.00 0.00 0.00 0.00 0.00 0.00 0.00 0.00 0.00 0.00 0.00 0.00 0.00 0.00 4.31 0.00 0.00 0.00 0.00 0.00 0.00 0.00 0.00 7.21 6.83 6.83 6.83 6.83 6.93 7.08 6.93 6.93 7.15 6.70 6.72 6.72 6.92 6.92 7.15 7.19 3.13 6.54 0.00 0.00 0.00 0.00 0.00 0.00 0.00 0.00 0.00 0.00 0.00 0.00 0.00 0.00 0.00 0.00 0.00 0.00
0.00 0.00 0.00 0.00 0.00 0.00 0.00 0.00 0.00 0.00 0.00 0.00 0.00 0.00 0.00 0.00 0.00 0.00 0.00 0.00 0.00 0.00 0.00 0.00 0.00 0.00 0.00 0.00 0.00 0.00 0.00 0.00 0.00 0.00 0.00 0.00 0.00 6.67 6.67 6.67 6.68 0.00 0.00 0.00 0.00 0.00 0.00 7.88 7.92 7.92 7.92 7.92 7.84 7.84 7.84 7.84 8.15 8.15 7.79 7.79 8.01 8.01 9.02 9.53 12.82 0.00 0.00 0.00 0.00 0.00 0.00 0.00 0.00 0.00 0.00 0.00 0.00 0.00 0.00 0.00 0.00 0.00 0.00 7.76
0.00 0.00 0.00 0.00 0.00 0.00 0.00 0.00 0.00 0.00 0.00 0.00 0.00 0.00 0.00 0.00 0.00 0.00 0.00 0.00 0.00 0.00 0.00 0.00 0.00 0.00 0.00 0.00 0.00 0.00 0.00 0.00 0.00 0.00 0.00 0.00 6.67 6.67 6.67 6.67 6.91 8.26 8.26 5.22 5.72 7.88 7.88 7.88 7.92 7.92 7.92 7.92 7.84 7.84 7.84 7.84 7.79 7.79 7.79 7.79 9.08 9.02 9.02 9.48 11.94 0.00 0.00 0.00 0.00 0.00 0.00 0.00 0.00 0.00 0.00 0.00 0.00 0.00 0.00 0.00 7.76 8.58 7.76 7.76
0.00 0.00 0.00 0.00 0.00 0.00 0.00 0.00 0.00 0.00 0.00 0.00 0.00 0.00 0.00 0.00 0.00 0.00 0.00 0.00 0.00 0.00 0.00 0.00 0.00 0.00 0.00 0.00 0.00 0.00 0.00 0.00 0.00 0.00 4.29 6.35 6.65 6.65 6.65 6.65 6.66 8.75 8.24 8.24 6.61 7.86 7.86 8.11 7.88 7.88 7.88 7.88 7.79 7.79 7.79 7.79 8.06 8.06 8.06 8.06 9.25 9.02 8.95 3.49 3.85 0.00 0.00 0.00 0.00 0.00 0.00 0.00 0.00 0.00 0.00 0.00 0.00 0.00 0.00 8.04 7.79 7.79 7.79 7.79
0.00 0.00 0.00 0.00 0.00 0.00 0.00 0.00 0.00 0.00 0.00 0.00 0.00 0.00 0.00 0.00 0.00 0.00 0.00 0.00 0.00 0.00 0.00 0.00 0.00 0.00 0.00 0.00 0.00 0.00 0.00 0.00 0.00 6.35 6.35 6.35 6.65 6.65 6.65 6.65 6.66 8.24 8.24 8.24 6.61 6.84 7.86 7.86 7.88 7.88 7.88 7.88 7.79 7.79 7.79 7.79 9.14 9.14 9.14 9.24 9.24 8.72 9.85 3.94 3.63 0.00 0.00 0.00 0.00 0.00 0.00 0.00 0.00 0.00 0.00 0.00 0.00 0.00 0.00 8.04 7.79 8.50 7.79 7.79
0.00 0.00 0.00 0.00 0.00 0.00 0.00 0.00 0.00 0.00 0.00 0.00 0.00 0.00 0.00 0.00 0.00 0.00 0.00 0.00 0.00 0.00 0.00 0.00 0.00 0.00 0.00 0.00 0.00 0.00 0.00 0.00 0.00 7.08 6.35 6.35 6.65 6.65 6.88 6.65 6.66 8.24 8.24 9.28 6.61 6.61 6.61 7.86 7.88 8.55 7.88 7.88 7.79 7.79 7.79 7.79 9.14 9.14 9.24 9.03 8.81 8.72 3.63 7.34 0.00 0.00 0.00 0.00 0.00 0.00 0.00 0.00 0.00 0.00 0.00 0.00 0.00 0.00 8.04 8.04 7.79 7.79 7.79 7.79
0.00 0.00 0.00 0.00 0.00 0.00 0.00 0.00 0.00 0.00 0.00 0.00 0.00 0.00 0.00 0.00 0.00 0.00 0.00 0.00 0.00 0.00 0.00 0.00 0.00 0.00 0.00 0.00 0.00 0.00 0.00 0.00 0.00 6.35 6.35 6.35 6.65 6.65 6.65 6.65 6.66 6.89 8.24 8.24 6.61 6.61 6.61 6.61 7.88 8.12 7.88 8.15 7.79 7.79 7.79 7.79 8.06 9.25 9.24 9.03 9.24 8.72 8.86 7.11 0.00 0.00 0.00 0.00 0.00 0.00 0.00 0.00 0.00 0.00 0.00 0.00 0.00 8.79 8.04 8.04 7.79 7.79 8.26 7.79
0.00 0.00 0.00 0.00 0.00 0.00 0.00 0.00 0.00 0.00 0.00 0.00 0.00 0.00 0.00 0.00 0.00 0.00 0.00 0.00 0.00 0.00 0.00 0.00 0.00 0.00 0.00 0.00 0.00 0.00 0.00 0.00 0.00 0.00 6.41 6.41 6.69 6.69 6.69 6.69 6.62 6.62 8.19 8.19 8.10 6.55 6.55 6.34 6.58 8.15 8.15 7.87 8.04 8.04 8.04 8.04 8.15 8.15 9.33 9.03 9.25 13.77 7.82 7.11 0.00 0.00 0.00 0.00 0.00 0.00 0.00 0.00 0.00 0.00 0.00 0.00 8.70 8.07 8.07 8.07 8.27 7.80 7.80 7.80
0.00 0.00 0.00 0.00 0.00 0.00 0.00 0.00 0.00 0.00 0.00 0.00 0.00 0.00 0.00 0.00 0.00 0.00 0.00 0.00 0.00 0.00 0.00 0.00 0.00 0.00 0.00 0.00 0.00 0.00 0.00 0.00 0.00 0.00 0.00 6.41 6.69 6.69 6.69 6.69 6.62 6.62 6.62 6.86 8.10 6.55 6.34 6.34 6.58 7.65 7.87 7.87 8.04 8.04 8.04 8.04 8.15 9.28 9.47 9.47 9.48 10.61 7.93 8.02 6.44 0.00 0.00 0.00 0.00 0.00 0.00 0.00 0.00 0.00 0.00 8.12 8.53 8.07 8.07 8.07 7.80 7.80 8.27 7.80
0.00 0.00 0.00 0.00 0.00 0.00 0.00 0.00 0.00 0.00 0.00 0.00 0.00 0.00 0.00 0.00 0.00 0.00 0.00 0.00 0.00 0.00 0.00 3.59 0.00 0.00 0.00 0.00 0.00 0.00 0.00 0.00 0.00 0.00 0.00 6.99 6.69 6.69 6.92 6.69 6.62 6.62 6.62 6.62 6.56 6.56 7.09 6.34 6.72 7.65 6.72 7.87 8.04 9.11 9.11 12.74 12.91 12.91 13.09 12.16 12.36 13.25 3.97 3.71 3.39 6.66 6.44 7.06 0.00 0.00 0.00 0.00 3.63 11.59 12.33 8.12 8.07 8.07 8.07 8.07 7.80 7.80 7.80 7.80
0.00 0.00 0.00 0.00 0.00 0.00 0.00 0.00 0.00 0.00 0.00 0.00 0.00 0.00 0.00 0.00 0.00 0.00 0.00 0.00 0.00 0.00 0.00 6.46 6.68 6.68 0.00 0.00 0.00 0.00 0.00 0.00 0.00 0.00 0.00 0.00 6.69 6.69 6.69 6.69 6.62 6.62 6.62 7.23 6.56 6.56 6.56 6.56 6.72 6.72 6.72 6.72 9.11 12.74 12.74 9.52 9.69 8.15 9.24 2.58 8.64 8.64 9.48 12.49 6.63 6.89 7.79 4.68 10.12 9.89 12.90 11.96 12.89 8.79 8.70 8.34 8.07 8.07 8.07 8.07 7.80 7.80 7.80 7.80
0.00 0.00 0.00 0.00 0.00 0.00 0.00 0.00 0.00 0.00 0.00 0.00 0.00 0.00 0.00 0.00 0.00 0.00 0.00 0.00 0.00 0.00 0.00 6.47 6.46 6.46 6.46 0.00 0.00 0.00 0.00 0.00 0.00 0.00 0.00 0.00 6.37 6.37 6.37 6.37 6.60 6.60 6.60 6.83 6.82 6.59 6.59 6.59 6.46 6.46 6.46 6.46 6.51 10.49 8.07 8.07 8.14 8.14 8.14 9.03 8.95 8.72 9.24 9.24 8.79 3.04 9.63 10.21 9.68 8.35 9.46 10.27 11.44 3.22 8.88 9.01 8.93 8.10 8.73 8.10 7.87 7.87 7.87 7.87
0.00 0.00 0.00 0.00 0.00 0.00 0.00 0.00 0.00 0.00 0.00 0.00 0.00 0.00 0.00 0.00 0.00 0.00 0.00 0.00 0.00 0.00 0.00 6.47 6.46 6.46 6.46 6.69 0.00 0.00 0.00 0.00 0.00 0.00 0.00 0.00 0.00 6.37 6.37 6.37 6.60 6.60 6.60 6.60 6.59 6.59 6.59 6.82 6.46 7.80 6.46 7.80 6.51 6.51 8.07 8.07 8.14 8.14 8.72 9.03 8.44 8.78 10.63 8.80 9.26 8.50 9.67 9.26 8.35 9.00 9.61 9.38 11.44 9.82 8.93 9.21 8.10 8.73 9.27 9.23 7.87 7.87 7.87 7.87
0.00 0.00 0.00 0.00 0.00 0.00 0.00 0.00 0.00 0.00 0.00 0.00 0.00 0.00 0.00 0.00 0.00 0.00 0.00 0.00 0.00 0.00 8.06 6.47 6.46 6.46 6.46 6.46 6.50 0.00 0.00 0.00 0.00 0.00 0.00 0.00 0.00 6.37 6.37 6.37 6.60 6.60 6.60 6.60 6.82 6.59 6.59 6.59 6.46 6.46 7.21 6.46 6.51 6.51 6.51 8.07 8.14 8.14 9.32 9.03 9.61 8.19 9.70 8.19 8.79 9.44 10.41 9.00 8.13 9.26 9.26 8.13 11.77 12.41 12.33 12.84 13.89 9.23 9.23 9.23 7.87 7.87 7.87 8.24
0.00 0.00 0.00 0.00 0.00 0.00 0.00 0.00 0.00 0.00 0.00 0.00 0.00 0.00 0.00 0.00 0.00 0.00 0.00 0.00 0.00 0.00 8.81 6.47 6.46 6.46 6.46 6.46 6.66 6.50 0.00 0.00 0.00 0.00 0.00 0.00 6.37 6.37 6.37 6.37 6.83 6.60 6.60 6.60 6.83 6.59 6.59 6.59 6.46 6.46 6.46 6.46 6.51 6.51 6.51 6.51 8.14 9.28 9.28 9.03 12.03 8.19 8.19 8.19 8.79 9.21 10.56 8.79 8.79 9.21 9.26 8.13 8.14 8.75 9.26 9.21 12.86 9.23 9.23 9.23 7.87 7.87 7.87 7.87
0.00 0.00 0.00 0.00 0.00 0.00 0.00 0.00 0.00 0.00 0.00 0.00 0.00 0.00 0.00 0.00 8.05 8.05 8.81 8.05 8.03 8.03 8.03 8.03 6.66 6.66 6.66 6.66 6.48 6.48 6.48 0.00 0.00 0.00 0.00 0.00 6.35 6.35 6.35 6.35 6.63 6.63 6.63 6.63 6.64 6.64 6.64 6.64 6.45 6.45 6.45 6.45 6.49 6.49 6.49 6.49 6.58 8.46 9.27 9.03 6.89 8.13 8.81 8.13 8.79 9.20 9.20 8.12 8.14 9.27 5.83 11.12 8.18 8.18 8.79 9.00 12.63 8.43 8.43 9.31 6.61 7.98 7.98 7.98
0.00 0.00 0.00 0.00 0.00 0.00 0.00 0.00 8.00 8.00 0.00 0.00 0.00 8.01 8.01 9.08 8.05 8.05 8.05 9.10 8.03 8.03 8.03 8.03 6.66 7.30 6.66 6.66 6.48 6.48 6.48 6.48 6.42 6.42 6.42 6.42 6.35 6.35 6.35 6.35 6.63 6.63 6.63 6.63 6.64 6.64 6.64 6.87 7.67 6.45 6.45 6.45 6.49 6.49 6.49 6.49 6.58 8.46 8.46 11.86 8.13 8.13 8.81 8.72 8.72 9.26 8.12 8.12 8.14 10.74 8.43 9.93 9.32 8.79 9.21 9.32 9.32 12.94 9.31 9.31 9.07 8.54 7.98 8.32
0.00 0.00 0.00 0.00 0.00 0.00 0.00 8.40 8.38 8.38 8.38 8.38 8.39 8.39 8.39 9.20 8.85 8.85 8.85 8.85 9.83 9.76 8.92 8.92 6.75 7.54 6.75 6.75 7.59 6.80 6.80 6.80 7.11 7.11 7.11 7.93 7.03 7.03 7.03 7.03 6.97 6.97 7.77 6.97 6.97 6.97 7.78 6.97 7.85 7.03 7.03 7.03 7.08 7.08 7.08 7.08 7.98 10.93 9.30 7.17 8.91 8.91 9.98 9.98 8.90 9.97 12.09 8.69 8.76 11.55 9.31 10.16 9.31 9.31 10.09 10.09 10.15 13.61 13.61 13.78 10.09 9.97 9.28 8.69
0.00 0.00 0.00 0.00 0.00 0.00 0.00 0.00 8.38 8.38 8.38 8.38 9.18 9.18 8.39 8.39 9.53 8.85 8.85 8.85 8.92 9.76 8.92 8.92 11.02 6.75 6.75 6.75 6.80 6.80 6.80 6.80 7.11 7.11 7.11 7.11 7.03 7.03 7.03 7.83 7.77 6.97 6.97 6.97 6.97 6.97 7.78 6.97 7.03 7.03 7.03 7.03 7.08 7.08 7.08 7.08 7.17 9.25 9.30 7.17 7.17 8.91 8.91 8.91 8.69 8.69 9.94 8.69 8.76 9.68 9.98 9.98 10.16 10.15 10.09 10.09 10.15 10.16 9.98 11.34 10.09 9.97 8.69 8.69
0.00 0.00 0.00 0.00 0.00 0.00 0.00 0.00 9.16 8.35 8.35 8.35 8.31 8.31 8.31 9.11 8.89 9.82 8.89 8.89 8.90 9.73 8.90 8.90 8.88 6.73 7.52 6.73 6.75 6.75 6.75 6.75 7.79 7.84 7.03 7.03 7.00 7.00 7.00 8.73 6.99 6.99 6.99 6.99 6.98 6.98 6.98 6.98 7.01 7.01 7.01 7.01 7.07 7.07 7.07 7.07 7.14 7.14 7.14 7.14 7.12 7.12 8.84 8.84 8.66 9.25 9.25 8.66 8.76 8.76 10.16 10.89 9.98 10.57 10.10 8.80 10.15 11.40 9.98 9.31 9.62 9.27 9.94 9.94
0.00 0.00 0.00 0.00 0.00 0.00 0.00 0.00 8.35 8.35 8.35 8.35 8.31 8.31 8.31 8.31 8.89 8.89 9.82 8.89 8.90 9.73 8.90 8.90 8.88 6.73 6.73 6.73 6.75 6.75 6.75 6.75 7.03 7.03 7.03 7.03 7.00 7.00 7.00 7.00 7.80 6.99 7.80 6.99 6.98 6.98 6.98 6.98 7.01 7.01 7.01 7.01 7.07 7.89 7.07 7.07 7.14 7.14 7.97 7.14 7.12 7.12 7.12 8.84 8.66 8.66 8.66 8.66 8.76 8.76 9.31 10.04 10.10 10.16 9.31 8.80 10.09 10.15 9.31 10.15 9.94 9.94 9.27 9.94
0.00 0.00 0.00 0.00 0.00 0.00 0.00 0.00 9.16 9.49 9.16 8.35 8.31 8.31 8.31 8.31 8.89 8.89 8.89 8.89 8.90 8.90 9.73 8.90 8.88 8.88 6.73 7.52 6.75 6.75 6.75 7.53 8.17 7.03 7.03 7.03 7.82 7.00 7.00 7.00 6.99 6.99 6.99 6.99 6.98 6.98 6.98 6.98 7.01 7.01 7.01 7.01 7.07 7.07 7.07 7.07 7.14 7.14 8.91 7.14 7.12 7.12 7.12 7.12 8.66 8.66 8.66 8.66 8.76 8.76 11.21 10.04 10.10 10.10 10.44 10.26 8.79 10.09 10.15 10.09 9.94 8.67 8.67 8.67
0.00 0.00 0.00 0.00 0.00 0.00 0.00 8.48 8.35 8.35 9.15 9.15 8.31 8.31 8.31 8.31 8.89 8.89 8.89 10.44 8.90 8.90 8.90 8.90 8.88 8.88 6.73 6.73 6.75 6.75 6.75 6.75 7.78 8.37 7.03 7.03 7.00 7.00 7.00 8.46 6.99 6.99 6.99 6.99 6.98 6.98 6.98 6.98 7.81 7.01 7.01 7.01 7.07 7.07 7.07 7.07 7.14 7.96 7.96 7.14 7.12 7.12 7.12 7.12 6.99 8.66 8.66 8.66 8.76 8.76 8.76 10.04 10.10 10.16 10.16 10.54 8.79 8.79 10.15 9.31 9.94 8.67 8.67 8.67
0.00 0.00 0.00 0.00 0.00 0.00 8.48 8.48 8.33 8.33 8.33 8.33 9.07 8.27 8.27 8.27 8.84 8.84 8.84 9.75 8.86 8.86 8.86 8.86 8.86 8.86 6.73 6.73 6.73 6.73 6.73 6.73 7.76 7.00 8.15 7.81 6.98 6.98 6.98 6.98 6.99 6.99 6.99 6.99 6.96 6.96 7.76 7.76 7.80 6.99 6.99 6.99 7.07 7.07 7.07 7.07 7.10 7.10 7.10 7.10 7.08 7.08 7.08 7.08 6.96 6.96 11.20 8.61 8.69 8.69 9.28 8.69 8.73 8.73 10.11 10.11 10.09 8.70 9.29 8.70 9.79 8.54 8.54 8.54
0.00 0.00 0.00 0.00 0.00 5.31 8.48 8.48 8.33 8.33 8.33 8.33 8.27 8.27 8.27 8.27 9.63 8.84 8.84 9.75 9.79 8.86 8.86 9.81 9.78 8.86 8.86 6.73 6.73 6.73 6.73 6.73 7.00 7.00 7.00 7.00 6.98 6.98 6.98 6.98 6.99 6.99 6.99 6.99 6.96 6.96 6.96 6.96 6.99 6.99 6.99 6.99 7.07 7.07 7.07 7.07 7.92 7.10 7.92 7.10 7.08 7.08 8.52 7.08 6.96 6.96 6.96 8.61 8.69 8.69 8.69 9.28 8.73 8.73 7.62 11.52 11.13 8.70 8.70 8.70 8.54 9.12 8.54 8.54
0.00 0.00 0.00 0.00 0.00 5.31 9.30 8.48 8.33 9.13 8.33 8.33 8.27 8.27 8.27 8.27 8.84 8.84 8.84 8.84 8.86 9.79 8.86 8.86 8.86 8.86 8.86 6.73 8.77 6.73 6.73 8.13 7.81 7.00 7.00 7.00 6.98 6.98 6.98 6.98 6.99 6.99 6.99 6.99 6.96 7.76 6.96 6.96 6.99 6.99 6.99 6.99 7.87 7.07 7.07 7.07 7.10 7.10 7.10 7.10 7.08 7.08 8.55 8.80 6.96 6.96 7.76 6.96 8.69 8.69 8.69 8.69 8.73 8.73 8.73 10.01 9.97 8.70 8.70 8.70 8.54 8.54 8.54 8.54
0.00 0.00 0.00 0.00 0.00 8.48 9.30 8.48 8.33 8.33 8.33 8.33 8.27 9.06 8.27 8.27 8.84 8.84 8.84 8.84 8.86 8.86 8.86 8.86 8.86 8.86 8.86 8.86 7.51 6.73 6.73 6.73 7.00 7.81 7.00 7.00 6.98 6.98 6.98 6.98 6.99 6.99 7.79 6.99 6.96 6.96 6.96 6.96 6.99 6.99 6.99 6.99 7.86 7.07 7.07 7.07 7.10 7.92 7.10 7.10 7.88 7.08 7.08 7.88 6.96 6.96 6.96 6.96 7.01 8.69 8.69 8.69 9.31 8.73 9.77 8.73 9.97 8.70 8.70 8.70 8.54 8.54 8.54 8.54
0.00 0.00 0.00 0.00 0.00 8.45 8.45 8.45 8.29 8.29 8.29 8.29 8.25 8.25 9.04 8.25 8.80 8.80 8.80 8.80 8.86 8.86 9.78 8.86 8.88 9.80 8.88 8.88 6.72 8.36 6.72 6.72 6.98 6.98 7.79 6.98 6.96 6.96 6.96 6.96 6.97 6.97 7.78 6.97 6.92 6.92 7.73 6.92 6.97 6.97 6.97 6.97 7.03 7.03 7.03 7.03 7.02 7.02 7.02 7.02 7.02 7.02 7.02 7.02 6.90 6.90 7.70 7.70 6.92 6.92 8.56 8.56 8.58 8.58 8.58 8.58 8.54 8.54 8.54 9.83 8.42 8.42 8.42 8.42
0.00 0.00 0.00 5.32 0.00 10.30 9.27 8.45 8.29 8.29 8.29 8.29 8.25 8.25 8.25 8.25 8.80 8.80 8.80 8.80 8.86 8.86 8.86 8.86 8.88 9.80 8.88 8.88 6.72 7.70 7.50 6.72 6.98 6.98 8.71 6.98 7.77 6.96 6.96 6.96 7.78 6.97 7.78 6.97 6.92 6.92 6.92 6.92 6.97 6.97 6.97 8.41 7.03 7.84 7.03 7.84 7.02 7.02 7.02 7.02 7.02 7.02 7.02 7.02 6.90 6.90 7.70 6.90 6.92 6.92 6.92 8.56 8.58 8.58 9.91 9.15 9.11 9.11 9.11 9.11 9.00 9.00 10.15 9.00
0.00 0.00 0.00 0.00 8.45 8.45 8.45 8.45 8.29 8.29 8.29 8.29 8.25 8.25 8.25 8.25 11.01 8.80 8.80 8.80 8.86 8.86 10.23 8.86 8.88 8.88 9.80 8.88 8.86 6.72 6.72 6.72 6.98 7.79 6.98 7.79 7.77 6.96 6.96 6.96 7.78 6.97 6.97 6.97 6.92 6.92 6.92 7.73 6.97 6.97 6.97 6.97 7.03 7.03 7.03 7.03 7.02 7.02 7.02 7.02 7.02 7.02 7.02 7.02 7.72 6.90 6.90 7.70 6.92 6.92 6.92 6.92 9.15 9.15 9.15 9.15 9.11 9.11 9.11 9.11 9.00 10.15 9.00 9.00
