New_Model_Runs/6_FutureClimate_RCP45_out/post_prcessed_with_MFR/Monthly_summaries/net_infiltration_monthly_APR.asc
NCOLS 700
NROWS 400
XLLCENTER 515000.000000
YLLCENTER 8409000.000000
CELLSIZE 50.000000
NODATA_value -999.000000
[rows 152 to 189 of 400, columns 252 to 335 of 700]
0.00 0.00 0.00 0.00 0.00 0.00 0.00 0.00 0.00 0.00 0.00 0.00 0.00 0.00 0.00 0.00 0.00 0.00 0.00 0.00 0.00 0.00 0.00 0.00 0.00 0.00 0.00 0.00 0.00 0.00 0.00 0.00 0.00 0.00 0.00 0.00 0.00 0.00 0.00 0.00 0.00 0.00 0.00 0.00 0.00 0.00 0.00 3.77 3.72 3.98 3.72 3.72 3.43 3.43 3.43 3.43 3.66 3.39 3.39 3.39 3.41 3.41 3.41 3.41 3.49 3.49 3.49 3.49 3.90 3.90 3.90 3.90 3.95 3.95 3.34 2.61 6.13 6.28 2.55 2.55 2.76 2.33 2.55 2.74
0.00 0.00 0.00 0.00 0.00 0.00 0.00 0.00 0.00 0.00 0.00 0.00 0.00 0.00 0.00 0.00 0.00 0.00 0.00 0.00 0.00 0.00 0.00 0.00 0.00 0.00 0.00 0.00 0.00 0.00 0.00 0.00 0.00 0.00 0.00 0.00 0.00 0.00 0.00 0.00 0.00 0.00 0.00 0.00 0.00 0.00 3.77 3.77 3.72 3.72 3.72 3.72 3.43 3.43 3.43 3.43 3.39 3.39 3.39 3.39 3.41 3.41 3.41 3.41 3.49 3.49 3.49 3.49 3.90 3.90 4.35 3.90 2.91 3.12 2.77 2.77 6.62 5.30 2.33 2.33 5.84 6.95 2.61 2.61
0.00 0.00 0.00 0.00 0.00 0.00 0.00 0.00 0.00 0.00 0.00 0.00 0.00 0.00 0.00 0.00 0.00 0.00 0.00 0.00 0.00 0.00 0.00 0.00 0.00 0.00 0.00 0.00 0.00 0.00 0.00 0.00 0.00 0.00 0.00 0.00 0.00 0.00 0.00 0.00 0.00 0.00 0.00 0.00 0.00 4.04 3.77 3.77 3.72 3.72 3.72 3.72 3.43 3.43 3.43 3.43 3.39 3.39 3.39 3.39 3.41 3.41 3.41 3.41 3.49 3.49 3.49 3.49 3.90 4.35 4.35 3.22 3.03 2.89 2.99 3.21 5.12 6.72 6.61 6.73 3.12 1.00 3.26 3.26
0.00 0.00 0.00 0.00 0.00 0.00 0.00 0.00 0.00 0.00 0.00 0.00 0.00 0.00 0.00 0.00 0.00 0.00 0.00 0.00 0.00 0.00 0.00 0.00 0.00 0.00 0.00 0.00 0.00 0.00 0.00 0.00 0.00 0.00 0.00 0.00 0.00 0.00 0.00 0.00 0.00 0.00 0.00 0.00 0.00 3.77 3.77 3.77 3.72 3.72 3.72 3.72 3.43 3.43 3.43 3.43 3.39 3.39 3.39 3.39 3.41 3.41 3.41 3.41 3.49 3.49 3.49 3.49 3.90 4.35 4.35 4.35 3.03 3.47 2.77 1.17 6.72 2.99 2.66 3.04 4.18 4.18 2.91 3.93
0.00 0.00 0.00 0.00 0.00 0.00 0.00 0.00 0.00 0.00 0.00 0.00 0.00 0.00 0.00 0.00 0.00 0.00 0.00 0.00 0.00 0.00 0.00 0.00 0.00 0.00 0.00 0.00 0.00 0.00 0.00 0.00 0.00 0.00 0.00 0.00 0.00 0.00 0.00 0.00 0.00 0.00 0.00 0.00 2.25 3.76 3.76 3.76 3.75 3.75 3.75 3.75 3.49 3.49 3.49 3.49 3.48 3.48 3.48 3.48 3.48 3.48 3.48 3.48 3.50 3.50 3.77 3.50 4.17 4.35 4.35 4.35 4.42 4.42 4.85 4.90 2.99 4.17 2.39 3.04 3.93 2.91 2.91 3.93
0.00 0.00 0.00 0.00 0.00 0.00 0.00 0.00 0.00 0.00 0.00 0.00 0.00 0.00 0.00 0.00 0.00 0.00 0.00 0.00 0.00 0.00 0.00 0.00 0.00 0.00 0.00 0.00 0.00 0.00 0.00 0.00 0.00 0.00 0.00 0.00 0.00 0.00 0.00 0.00 0.00 0.00 0.00 0.00 3.19 3.76 3.76 3.76 3.75 3.75 3.75 3.75 3.49 3.49 3.49 3.49 3.48 3.48 3.48 3.48 3.48 3.48 3.48 3.76 3.50 3.50 3.50 3.50 3.90 3.90 4.35 3.03 4.42 4.64 2.77 6.13 3.69 4.41 2.91 3.95 2.91 2.91 3.93 3.93
0.00 0.00 0.00 0.00 0.00 0.00 0.00 0.00 0.00 0.00 0.00 0.00 0.00 0.00 0.00 0.00 0.00 0.00 0.00 0.00 0.00 0.00 0.00 0.00 0.00 0.00 0.00 3.69 0.00 0.00 0.00 0.00 0.00 0.00 0.00 0.00 0.00 0.00 0.00 0.00 0.00 0.00 0.00 0.00 3.76 3.76 3.76 3.76 3.75 3.75 3.75 3.75 3.49 3.49 3.49 3.49 3.48 3.48 3.48 3.48 3.48 3.48 3.48 3.48 3.50 3.50 3.50 3.50 3.90 3.90 4.35 3.03 3.22 2.77 6.28 2.55 2.77 4.41 3.95 3.95 3.93 3.93 3.93 3.93
0.00 0.00 0.00 0.00 0.00 0.00 0.00 0.00 0.00 0.00 0.00 0.00 0.00 0.00 0.00 0.00 0.00 0.00 0.00 0.00 0.00 0.00 0.00 0.00 0.00 0.00 3.81 3.69 0.00 0.00 0.00 0.00 0.00 0.00 0.00 0.00 0.00 0.00 0.00 0.00 0.00 0.00 0.00 0.00 0.00 0.00 3.76 3.76 3.75 3.75 3.75 3.75 3.49 3.49 3.49 3.49 3.48 3.48 3.48 3.48 3.48 4.00 3.48 3.48 3.50 3.50 3.50 3.50 3.90 3.90 4.35 3.22 3.43 6.28 5.96 2.77 2.77 3.12 3.03 3.95 3.93 3.93 3.93 3.93
0.00 0.00 0.00 0.00 0.00 0.00 0.00 0.00 0.00 0.00 0.00 0.00 0.00 0.00 0.00 0.00 0.00 0.00 0.00 0.00 0.00 0.00 0.00 0.00 0.00 3.71 3.71 3.71 3.69 0.00 0.00 0.00 0.00 0.00 0.00 0.00 0.00 0.00 0.00 0.00 0.00 0.00 0.00 0.00 0.00 0.00 0.00 0.00 3.83 3.83 3.83 3.83 3.58 3.58 3.58 3.58 3.57 3.57 3.57 3.57 3.53 3.53 3.53 3.53 3.50 3.50 3.50 3.50 3.87 3.87 3.03 3.03 5.84 6.06 4.25 0.73 3.43 3.30 4.62 4.16 3.91 3.91 3.91 3.91
0.00 0.00 0.00 0.00 0.00 0.00 0.00 0.00 0.00 0.00 0.00 0.00 0.00 0.00 0.00 0.00 0.00 0.00 0.00 0.00 0.00 0.00 0.00 0.00 0.00 3.71 3.71 3.71 3.69 3.69 3.69 0.00 0.00 0.00 0.00 0.00 0.00 0.00 0.00 0.00 0.00 0.00 0.00 0.00 0.00 0.00 0.00 0.00 0.00 0.00 3.41 4.79 3.87 3.58 3.58 3.58 3.57 3.57 3.57 3.57 3.53 3.53 3.53 3.53 3.91 3.50 3.50 3.50 3.87 3.22 3.22 2.33 2.67 4.46 5.84 5.91 3.22 3.22 3.43 4.40 3.91 3.91 3.91 3.91
0.00 0.00 0.00 0.00 0.00 0.00 0.00 0.00 0.00 0.00 0.00 0.00 0.00 0.00 0.00 0.00 0.00 0.00 0.00 0.00 0.00 0.00 0.00 0.00 0.00 3.52 3.80 3.52 3.51 3.51 3.51 0.00 0.00 0.00 0.00 0.00 0.00 0.00 0.00 0.00 0.00 0.00 0.00 0.00 0.00 0.00 0.00 0.00 0.00 0.00 6.44 4.31 4.08 4.08 4.08 4.08 4.07 4.07 4.07 4.07 4.53 4.03 4.03 4.53 4.49 3.99 3.99 3.99 7.07 3.79 3.79 3.79 3.79 3.59 3.79 8.25 2.85 3.15 4.00 5.08 4.46 4.46 4.46 4.46
0.00 0.00 0.00 0.00 0.00 0.00 0.00 0.00 0.00 0.00 0.00 0.00 0.00 0.00 0.00 0.00 0.00 0.00 0.00 0.00 0.00 0.00 0.00 0.00 3.52 3.52 3.52 3.52 3.51 3.77 3.51 3.51 3.51 3.51 3.51 3.51 0.00 0.00 0.00 0.00 0.00 0.00 0.00 0.00 0.00 0.00 0.00 0.00 0.00 0.00 4.55 4.52 4.30 4.30 4.08 4.08 4.07 4.07 4.07 4.57 4.53 5.05 4.53 4.53 3.99 4.45 4.32 3.99 7.93 3.56 3.79 3.59 4.00 3.81 3.59 6.36 2.85 3.07 3.28 5.24 4.46 4.83 4.46 4.46
0.00 0.00 0.00 0.00 0.00 0.00 0.00 0.00 0.00 0.00 0.00 0.00 0.00 0.00 0.00 0.00 0.00 0.00 0.00 0.00 0.00 0.00 3.56 3.56 3.76 3.48 3.48 3.48 3.45 3.45 3.45 3.45 3.51 3.51 3.51 3.51 4.04 0.00 0.00 0.00 0.00 0.00 0.00 0.00 0.00 0.00 0.00 0.00 0.00 0.00 0.00 6.66 3.08 1.59 3.72 3.08 4.66 4.66 4.66 4.66 4.59 4.59 4.59 4.08 4.00 4.00 2.93 4.00 4.38 7.90 7.07 6.94 3.07 6.80 6.59 7.18 3.07 5.07 3.81 5.07 3.43 4.47 4.47 4.47
0.00 0.00 0.00 0.00 0.00 0.00 0.00 0.00 0.00 0.00 0.00 0.00 0.00 0.00 0.00 0.00 0.00 0.00 0.00 0.00 3.56 3.56 3.56 3.56 3.48 3.48 3.48 3.48 3.45 3.72 3.45 3.72 1.65 2.54 1.65 3.51 4.04 4.04 4.04 0.00 0.00 0.00 0.00 0.00 0.00 0.00 0.00 0.00 0.00 0.00 0.00 5.21 2.46 3.37 3.52 2.86 2.64 3.28 4.66 4.66 4.59 4.59 4.59 4.08 4.00 4.00 4.00 4.00 4.38 4.38 7.90 3.43 7.07 6.94 3.51 4.24 4.09 4.49 4.49 4.49 3.98 4.47 4.47 4.47
0.00 0.00 0.00 0.00 0.00 0.00 0.00 0.00 0.00 0.00 0.00 0.00 0.00 0.00 0.00 0.00 0.87 3.39 0.00 0.00 3.56 3.56 3.56 3.56 3.76 3.76 3.48 3.48 3.73 3.45 3.45 3.72 3.51 2.42 3.51 3.51 4.04 4.12 3.20 3.20 4.13 0.00 0.00 0.00 0.00 0.00 0.00 0.00 0.00 0.00 0.00 5.64 6.19 6.88 7.32 7.25 3.50 3.28 4.66 4.66 4.59 4.05 4.42 4.08 4.00 4.00 4.33 4.00 4.38 4.75 4.38 4.38 3.43 3.43 3.78 3.28 4.86 4.49 4.49 4.49 4.47 4.47 4.47 4.47
0.00 0.00 0.00 0.00 0.00 0.00 0.00 0.00 0.00 0.00 0.00 0.00 0.00 0.00 0.00 0.00 3.39 3.39 3.39 3.39 3.56 3.84 3.84 3.56 3.48 3.48 3.48 3.48 3.45 3.45 3.45 3.45 3.51 3.51 3.51 3.51 4.04 4.04 4.04 3.20 4.07 0.00 0.00 0.00 0.00 0.00 0.00 0.00 0.00 0.00 0.00 5.64 3.12 2.68 6.88 6.45 3.30 2.93 2.93 4.14 4.08 4.08 4.08 4.08 4.00 4.00 4.33 4.00 4.38 4.38 4.38 4.38 3.43 3.43 3.56 4.46 4.49 4.49 4.49 4.49 4.47 4.47 4.84 4.47
0.00 0.00 0.00 0.00 0.00 0.00 0.00 0.00 0.00 0.00 0.00 0.00 0.00 0.87 3.39 3.39 3.37 3.37 3.37 3.37 3.51 3.51 3.51 3.51 3.42 3.42 3.42 3.42 3.72 3.45 3.45 3.45 3.55 3.55 3.55 3.55 4.10 4.10 4.31 4.31 4.35 0.00 0.00 0.00 0.00 0.00 0.00 0.00 0.00 0.00 5.32 6.30 6.94 6.41 7.03 3.95 3.52 2.93 4.16 4.16 4.12 4.12 4.12 4.12 4.02 4.02 4.02 4.02 4.35 4.35 4.35 4.35 3.90 3.43 3.43 4.40 4.45 4.45 4.45 4.45 4.46 4.46 4.46 4.46
0.00 0.00 0.00 0.00 0.00 0.00 0.00 0.00 0.00 0.00 0.00 0.00 0.87 3.39 3.39 3.39 3.37 3.37 3.37 3.37 3.51 3.51 3.51 3.51 4.05 3.78 3.42 3.42 3.45 3.45 3.45 3.45 3.55 3.55 3.55 3.55 2.34 4.58 5.01 3.08 0.44 0.00 0.00 0.00 0.00 0.00 0.00 0.00 0.00 4.33 4.14 4.36 7.10 6.55 6.69 2.86 3.52 2.93 3.30 4.38 3.15 4.07 4.12 4.12 4.02 4.02 4.02 4.02 4.35 4.35 4.35 4.35 4.40 4.40 3.43 4.40 4.45 4.45 4.45 4.45 4.46 4.83 4.46 4.84
0.00 0.00 0.00 0.00 0.00 0.00 0.00 0.00 0.00 0.00 0.00 0.00 3.39 3.39 3.39 3.39 3.37 3.37 3.37 3.37 3.51 3.51 3.51 3.51 3.69 3.42 3.69 3.42 3.45 3.45 3.45 3.45 3.55 3.55 3.55 3.55 2.34 4.33 5.45 1.91 6.81 0.00 0.00 0.00 0.00 0.00 0.00 0.00 4.55 4.14 4.14 4.14 2.93 3.08 6.79 6.37 7.01 3.08 3.30 3.74 3.15 4.12 4.12 4.12 4.02 4.02 4.02 4.02 4.35 4.35 4.35 4.35 4.40 4.40 4.40 4.40 4.45 4.45 4.45 4.45 4.46 4.46 4.46 4.46
0.00 0.00 0.00 0.00 0.00 0.00 0.00 0.00 0.00 0.00 0.00 0.87 3.39 3.39 3.39 3.39 3.37 3.37 3.39 3.37 3.51 3.51 3.51 3.51 3.42 3.42 3.42 3.42 3.45 3.45 3.45 3.45 3.55 3.55 1.65 3.55 4.58 4.76 3.14 1.63 3.14 6.22 0.00 0.00 0.00 0.00 0.00 4.77 5.07 4.14 4.14 4.14 4.15 2.93 3.90 3.08 3.08 2.64 2.50 1.15 3.73 2.93 4.12 4.45 4.02 4.02 4.02 4.61 4.84 4.35 4.35 4.35 4.40 4.40 4.40 5.20 4.45 4.45 4.45 4.45 4.46 4.46 4.46 4.46
0.00 0.00 0.00 0.00 0.00 0.00 0.00 0.00 0.00 0.00 3.25 3.25 3.40 3.38 3.38 3.38 3.32 3.34 3.32 3.32 3.43 3.43 3.43 3.43 3.42 3.42 3.42 3.42 3.55 3.55 3.55 3.55 3.63 3.63 3.63 3.63 4.14 4.57 4.39 2.33 3.14 1.26 4.77 4.55 0.00 4.55 4.99 1.91 3.36 4.14 4.14 4.14 4.13 4.13 3.08 2.72 3.72 3.08 2.79 3.52 3.37 3.15 4.47 4.13 4.06 4.06 4.06 4.42 4.32 4.68 4.32 4.32 4.68 4.33 4.68 4.69 4.40 4.40 4.40 4.40 4.39 4.39 4.39 4.39
0.00 0.00 0.00 0.00 0.00 0.00 0.00 0.00 0.00 0.00 3.70 3.59 3.38 3.38 3.40 3.38 3.32 3.32 3.32 3.32 3.43 3.43 3.43 3.43 3.42 3.42 3.42 3.42 3.55 3.55 3.55 3.55 3.63 3.63 3.63 3.63 4.14 4.63 4.36 4.17 6.65 5.21 2.79 6.30 2.35 2.44 1.91 3.99 4.85 4.63 4.14 4.14 4.13 4.13 4.13 3.08 3.08 3.08 4.88 4.88 4.65 2.93 4.13 4.13 4.06 4.39 4.06 4.06 4.32 4.32 4.32 4.32 4.33 4.33 4.33 4.33 4.40 4.40 4.40 4.40 4.39 4.39 4.39 4.39
0.00 0.00 0.00 0.00 0.00 0.00 0.00 0.00 0.00 0.00 0.00 3.59 3.55 3.38 3.38 3.38 3.32 3.32 3.32 3.32 3.43 3.43 3.43 3.43 3.42 3.42 3.42 3.42 3.55 3.55 3.55 3.55 3.63 3.63 3.63 3.63 4.14 4.14 4.63 3.08 4.92 4.17 6.08 6.52 2.96 4.04 3.55 3.33 3.51 3.51 3.33 3.33 4.13 4.13 4.13 4.13 2.93 2.93 3.08 4.66 4.65 4.13 4.13 4.13 4.06 4.06 4.06 4.06 4.32 4.32 4.32 4.32 4.33 4.33 4.33 4.33 4.40 4.40 4.40 4.40 4.39 4.39 4.39 4.39
0.00 0.00 0.00 0.00 0.00 0.00 0.00 0.00 0.00 0.00 0.00 3.59 3.55 3.55 3.55 3.38 3.32 3.32 3.32 3.32 3.43 3.43 3.43 3.43 3.42 3.42 3.42 3.42 3.55 3.55 3.55 3.55 3.63 3.63 3.63 3.63 4.14 4.14 4.63 7.02 3.53 3.29 3.51 2.91 3.77 3.55 3.59 3.33 4.63 3.33 3.51 3.20 4.13 4.13 4.13 4.13 4.14 2.93 3.08 3.08 4.65 4.79 4.13 4.13 4.06 4.06 4.06 4.42 4.32 4.32 4.32 4.32 4.33 4.33 4.33 4.33 4.40 4.40 4.40 4.40 4.39 4.39 4.39 4.39
0.00 0.00 0.00 0.00 0.00 0.00 0.00 0.00 0.00 0.00 0.00 3.59 3.55 3.55 3.55 3.55 3.32 3.32 3.32 3.32 3.68 3.41 3.41 3.41 3.51 3.51 3.91 3.91 4.06 4.06 3.63 3.63 3.68 3.68 2.34 4.11 4.67 4.67 4.67 6.82 3.31 2.64 2.86 2.69 3.20 3.33 3.33 3.33 4.63 3.33 3.33 4.63 4.11 4.11 4.11 4.11 4.09 4.09 4.60 4.60 3.08 4.61 4.61 4.09 4.03 4.03 4.03 4.03 4.28 4.28 4.28 4.28 4.28 4.28 4.28 4.28 4.36 4.36 4.36 4.36 4.36 4.36 4.36 4.36
0.00 0.00 0.00 0.00 0.00 0.00 0.00 0.00 0.00 0.00 0.00 3.59 3.55 3.55 3.55 3.55 3.45 3.26 3.32 3.32 3.76 3.41 3.41 3.41 3.51 3.91 3.91 3.91 4.06 4.06 3.63 3.63 3.68 4.11 2.34 4.11 3.08 4.88 4.17 7.68 3.77 3.33 2.86 2.78 3.20 3.33 3.33 4.16 4.14 4.14 4.63 4.14 4.11 4.11 4.11 4.11 4.09 4.09 4.09 4.09 4.09 4.09 4.09 4.09 4.03 4.03 4.03 4.03 4.28 4.28 4.28 4.28 4.28 4.28 4.28 4.28 4.36 4.36 4.36 4.82 4.36 4.36 4.36 4.36
0.00 0.00 0.00 0.00 4.42 0.00 0.00 0.00 0.00 0.00 4.40 4.40 4.36 4.36 4.36 4.36 4.24 4.24 4.24 3.84 4.02 4.02 4.02 4.02 4.12 4.62 4.62 4.62 4.79 4.93 4.79 4.79 4.84 4.84 4.84 4.53 5.30 5.52 4.76 8.16 4.33 3.94 4.11 4.11 4.31 3.84 4.69 4.69 4.67 4.67 4.67 4.67 4.88 4.88 5.06 4.88 4.86 4.86 4.86 4.86 4.86 4.86 4.86 4.86 5.20 4.80 4.80 4.80 5.33 5.15 5.15 5.15 5.15 5.15 5.15 5.15 5.24 5.24 5.24 5.24 5.24 5.24 5.24 5.24
0.00 0.00 0.00 4.01 4.42 4.42 0.00 0.00 0.00 4.40 4.40 4.40 4.36 4.36 4.36 4.36 4.24 4.24 4.24 4.24 4.02 4.02 4.02 4.02 4.12 4.62 4.62 4.62 4.79 4.79 4.79 4.93 4.84 4.84 4.84 4.31 4.70 5.30 5.24 9.03 4.11 3.94 3.94 4.11 3.94 4.11 4.69 4.69 4.67 4.67 4.67 4.67 4.88 4.88 5.05 4.88 4.86 4.86 4.86 5.25 4.86 4.86 4.86 4.86 4.80 4.80 4.80 4.80 5.15 5.15 5.15 5.15 5.15 5.94 5.15 5.15 5.24 5.24 5.24 5.24 5.24 5.24 5.24 5.24
4.01 4.01 4.01 4.01 4.41 4.41 4.52 4.52 4.42 4.42 4.19 4.42 4.38 4.38 4.38 4.38 4.29 4.40 4.29 4.29 4.50 4.50 4.07 4.07 4.15 4.66 4.66 4.66 4.79 4.93 4.79 4.79 4.86 4.86 4.32 4.32 4.72 4.11 4.33 7.67 4.33 4.56 4.11 3.94 4.11 3.94 4.70 5.08 4.66 5.04 5.04 4.66 4.84 4.84 4.84 4.84 4.74 4.74 4.74 4.74 4.70 4.70 4.70 4.70 5.05 4.67 4.67 5.10 5.30 5.12 5.89 5.89 5.97 5.97 5.17 5.17 5.20 5.20 5.20 5.20 5.23 5.41 5.23 5.23
4.01 4.01 4.01 4.14 4.41 4.41 4.41 4.41 4.42 4.53 4.42 4.42 4.38 4.38 4.38 4.38 4.29 4.29 4.29 4.29 4.50 4.50 4.50 4.07 4.15 4.15 4.66 4.66 4.79 4.79 4.79 4.79 4.32 4.32 4.32 4.32 3.94 3.94 4.11 4.28 7.84 4.33 4.38 4.11 4.28 4.11 4.70 4.70 4.66 4.66 4.66 4.66 4.84 4.84 5.24 5.14 5.13 4.74 4.74 4.74 4.70 4.70 4.70 4.70 4.67 4.67 4.67 4.67 5.12 5.12 5.89 5.12 5.97 4.37 5.17 5.17 5.20 5.20 5.20 6.00 5.23 5.23 5.23 4.37
4.01 4.01 4.12 4.01 4.41 4.41 4.41 4.41 4.42 4.42 4.53 4.42 4.38 4.38 4.38 4.38 4.29 4.29 4.29 4.29 4.50 4.50 4.50 4.50 4.59 4.15 4.66 4.66 4.26 4.26 4.26 4.26 4.32 4.32 4.32 4.86 4.11 3.94 4.11 4.11 6.83 3.84 3.84 3.75 4.11 4.11 3.75 4.70 4.66 4.66 4.66 4.66 4.84 4.84 4.84 4.84 4.74 4.74 4.74 4.74 4.70 4.70 4.70 4.70 4.67 4.67 4.67 5.05 5.12 5.12 5.12 5.12 5.17 5.17 5.17 5.17 5.20 5.20 5.20 6.00 5.23 5.23 4.37 4.81
4.01 4.01 4.01 4.01 4.41 4.41 4.41 4.41 4.42 4.42 4.42 4.42 4.38 4.38 4.38 4.38 4.29 4.29 4.29 4.29 4.50 4.50 4.50 4.50 4.59 4.59 4.15 4.15 4.26 4.26 4.26 4.26 4.32 4.32 4.32 4.86 4.72 4.72 4.35 3.20 3.32 4.72 4.72 3.75 3.84 4.11 3.94 4.70 4.66 4.66 4.66 4.66 5.22 4.84 4.84 4.84 4.74 4.74 4.74 4.74 4.70 4.70 4.70 4.70 4.67 4.67 4.67 4.67 5.12 5.12 5.12 5.12 5.17 5.17 5.17 5.17 5.20 5.20 4.37 6.00 5.23 5.23 4.37 4.37
3.99 3.99 4.09 3.99 4.39 4.39 4.39 4.39 4.40 4.40 4.40 4.40 4.39 4.49 4.39 4.39 4.33 4.33 4.33 4.33 4.55 4.55 4.55 4.55 4.55 4.55 4.55 4.55 4.24 4.24 4.24 4.24 4.32 4.32 4.86 5.14 5.09 4.71 2.57 4.05 3.32 5.10 4.72 3.75 3.75 3.99 4.11 5.29 5.34 5.17 4.60 4.60 4.70 4.70 4.70 4.70 4.61 4.61 4.61 4.61 4.63 4.63 4.63 4.63 4.66 4.66 4.66 4.66 5.20 5.20 5.20 5.20 5.24 5.24 5.24 5.24 5.39 5.21 6.01 6.01 4.37 4.37 4.37 4.37
3.99 3.99 3.99 3.99 4.39 4.50 4.39 4.39 4.40 4.40 4.40 4.40 4.39 4.39 4.39 4.49 4.33 4.33 4.33 4.33 4.55 4.55 4.55 4.55 4.55 4.55 4.55 4.55 4.69 4.24 4.24 4.24 4.32 4.86 4.86 4.32 4.71 4.71 4.71 3.20 3.94 5.32 4.72 3.75 3.75 3.75 3.75 5.29 5.17 4.60 4.60 4.60 4.70 4.70 4.70 4.70 4.61 4.61 4.61 4.61 4.63 4.63 4.63 4.63 4.66 4.66 4.66 4.66 5.20 5.20 5.20 5.20 5.24 5.24 5.24 5.24 5.21 5.39 5.21 5.21 4.37 4.37 4.37 4.37
3.99 3.99 3.99 3.99 4.39 4.39 4.39 4.39 4.40 4.40 4.40 4.40 4.39 4.39 4.39 4.39 4.33 4.33 4.33 4.33 4.55 4.55 4.55 4.69 4.55 4.55 4.55 4.55 4.69 4.69 4.24 4.24 4.66 4.86 4.86 5.15 5.09 4.71 5.31 4.13 4.12 4.11 4.88 3.75 4.70 5.08 4.70 4.70 4.60 4.60 4.60 4.60 4.70 4.70 4.70 5.11 4.61 4.61 4.61 4.61 4.63 4.63 4.63 4.63 4.66 4.66 4.66 4.66 5.20 5.20 5.20 5.20 5.24 5.24 5.24 5.24 5.21 5.21 5.21 5.21 4.37 4.37 4.37 4.37
3.99 3.99 3.99 3.99 4.39 4.61 4.39 4.39 4.40 4.40 4.40 4.40 4.39 4.39 4.39 4.39 4.33 4.33 4.33 4.33 4.55 4.55 4.55 4.55 4.55 4.55 4.55 4.55 4.69 4.69 4.69 4.82 4.32 4.86 4.32 4.71 4.71 4.71 5.31 3.94 4.11 3.94 5.32 5.10 4.70 4.70 4.70 4.70 4.60 4.60 4.97 4.60 4.81 5.41 5.41 6.03 4.61 4.61 4.61 4.61 4.63 4.63 4.63 4.63 4.66 4.66 4.66 4.66 5.20 5.20 5.20 5.20 5.24 5.43 5.24 5.24 5.21 5.21 5.21 5.21 4.37 4.37 4.37 4.37
3.95 3.95 3.95 4.05 4.36 4.36 4.46 4.36 4.33 4.33 4.33 4.48 4.28 4.28 4.28 4.28 4.23 4.23 4.23 4.23 4.52 4.52 4.52 4.52 4.54 4.54 4.54 4.54 4.63 4.94 4.63 4.63 4.71 4.25 4.60 4.25 4.65 4.65 5.03 4.65 4.67 5.26 5.26 4.67 4.98 4.61 4.61 4.98 4.47 4.47 4.47 4.47 5.29 5.40 3.54 5.29 5.35 4.65 4.65 4.65 4.73 4.73 4.73 4.73 4.77 4.77 4.77 4.77 5.28 5.28 5.28 5.28 5.27 5.27 5.27 5.27 5.25 5.25 5.25 5.25 4.37 4.37 4.37 4.37
3.95 3.95 3.95 3.95 4.36 4.46 4.36 4.36 4.33 4.33 4.33 4.33 4.39 4.28 4.28 4.28 4.23 4.23 4.34 4.23 4.52 4.52 4.52 4.52 4.54 4.54 4.54 4.54 4.76 4.63 4.63 4.63 4.71 4.71 4.71 4.25 4.65 4.65 4.65 4.65 4.67 4.67 4.67 4.67 4.61 4.61 4.61 4.61 4.47 4.47 4.47 4.47 5.29 5.29 5.29 5.29 4.65 4.65 4.65 4.65 4.73 4.73 4.73 4.73 4.77 4.77 4.77 4.77 5.28 5.28 5.28 5.28 5.27 5.46 5.27 5.27 5.25 5.25 5.25 5.25 5.20 4.37 4.37 4.37
