New_Model_Runs/6_FutureClimate_RCP45_out/post_prcessed_with_MFR/Monthly_summaries/net_infiltration_monthly_SEP.asc
NCOLS 700
NROWS 400
XLLCENTER 515000.000000
YLLCENTER 8409000.000000
CELLSIZE 50.000000
NODATA_value -999.000000
[rows 185 to 221 of 400, columns 249 to 331 of 700]
9.58 9.58 9.58 9.62 9.62 9.62 9.62 10.18 11.85 10.18 10.18 10.19 10.19 10.19 10.19 10.17 10.17 10.17 11.82 10.10 10.10 10.10 10.10 10.43 10.43 10.43 10.43 10.44 10.44 10.44 10.44 10.61 7.08 7.08 7.08 7.18 9.99 9.99 7.18 7.74 7.74 7.74 7.78 9.22 10.71 7.75 7.76 7.76 7.76 7.76 10.67 10.49 7.60 7.60 7.60 7.70 7.70 7.70 7.70 7.58 7.58 7.58 7.58 7.61 7.61 7.61 7.61 7.65 7.65 7.65 7.65 8.30 8.30 8.30 8.30 8.35 8.35 8.35 8.35 8.31 8.98 8.31 8.31
9.58 9.58 9.58 9.62 9.62 9.62 9.62 10.18 10.18 10.18 10.18 10.19 10.19 10.19 10.19 10.17 10.17 10.17 10.17 10.10 10.10 10.10 10.10 10.43 10.43 10.43 12.15 10.44 10.44 10.44 10.44 10.61 10.61 7.08 7.08 7.79 9.99 9.99 8.48 8.39 7.74 10.69 10.31 10.44 9.13 8.21 7.76 7.73 8.37 7.73 7.73 7.60 7.60 7.60 7.60 7.70 7.70 7.70 8.45 7.58 7.58 7.58 7.58 7.61 7.61 7.61 7.61 7.65 7.65 7.65 7.65 8.30 8.30 8.30 8.30 8.35 8.35 8.35 8.35 8.31 8.31 8.31 8.31
9.58 9.58 9.58 9.62 9.62 9.62 9.62 10.18 13.11 10.18 10.18 10.19 10.19 10.19 10.19 10.17 10.17 10.17 10.17 10.10 10.10 10.10 10.10 10.43 10.43 10.43 10.43 10.44 10.44 10.44 10.44 10.61 10.61 10.61 12.33 7.18 9.99 7.18 7.85 7.74 7.74 10.69 9.22 9.13 9.22 10.71 8.40 7.73 7.73 7.73 7.73 7.60 7.60 8.23 7.60 8.14 11.73 11.73 14.16 7.58 7.58 7.58 7.58 7.61 7.61 7.61 7.61 7.65 7.65 7.65 7.65 8.30 8.30 8.30 8.30 8.35 9.03 8.35 8.35 8.31 8.31 8.31 8.31
9.53 9.53 9.53 9.56 9.56 9.56 11.14 10.13 10.13 11.80 10.13 10.10 10.10 10.10 12.57 10.03 10.03 10.03 10.03 9.98 9.98 9.98 9.98 10.39 10.39 10.39 10.39 10.42 10.42 10.42 10.42 10.54 14.24 10.54 10.54 10.63 7.10 7.71 7.10 7.67 7.67 8.31 7.67 7.69 10.62 10.62 7.69 8.25 7.61 7.61 8.25 7.43 7.43 7.43 7.43 11.55 12.57 6.27 11.55 11.64 7.64 7.64 7.64 7.73 7.73 7.73 7.73 7.79 7.79 7.79 7.79 8.40 8.40 8.40 8.40 8.39 8.39 8.39 8.39 8.35 8.35 8.35 8.35
9.53 11.11 9.53 9.56 9.56 9.56 9.56 10.13 11.80 10.13 10.13 10.10 10.10 10.10 10.10 11.68 10.03 10.03 10.03 9.98 9.98 11.62 9.98 10.39 10.39 10.39 10.39 10.42 10.42 10.42 10.42 12.23 10.54 10.54 10.54 10.63 10.63 10.63 7.10 7.67 7.67 7.67 7.67 7.69 7.69 7.69 7.69 7.61 7.61 7.61 7.61 7.43 7.43 7.43 7.43 11.55 11.55 11.55 11.55 7.64 7.64 7.64 7.64 7.73 7.73 7.73 7.73 7.79 7.79 7.79 7.79 8.40 8.40 8.40 8.40 8.39 9.07 8.39 8.39 8.35 8.35 8.35 8.35
9.53 9.53 9.53 9.56 9.56 9.56 9.56 10.13 10.13 11.80 10.13 10.10 10.10 10.10 10.10 10.03 10.03 10.03 10.03 9.98 9.98 9.98 11.62 10.39 12.98 10.39 10.39 12.14 10.42 10.42 10.42 10.54 10.54 10.54 10.54 10.63 10.63 10.63 10.63 7.67 7.67 7.67 7.67 7.69 7.69 7.69 7.69 7.61 7.61 7.61 7.61 7.43 7.43 7.43 11.30 11.55 11.55 11.55 11.55 7.64 7.64 7.64 7.64 7.73 7.73 7.73 8.39 8.45 8.45 7.79 7.79 8.40 8.40 8.40 8.40 8.39 8.39 8.39 8.39 8.35 8.35 8.35 8.35
9.53 9.53 9.53 9.56 9.56 9.56 11.13 10.13 10.13 10.13 10.13 10.10 10.10 10.10 10.10 10.03 10.03 10.03 10.03 11.58 9.98 9.98 9.98 10.39 10.39 12.10 10.39 10.42 10.42 10.42 12.14 10.54 10.54 10.54 12.24 10.63 10.63 10.63 10.63 11.16 11.16 7.67 7.67 7.69 7.69 7.69 7.69 7.61 7.61 7.61 7.61 7.43 7.43 11.30 11.30 11.55 11.55 11.55 7.58 7.64 7.64 7.64 8.28 8.37 8.39 7.73 7.73 8.44 7.79 7.79 7.79 8.40 8.40 8.40 8.40 8.39 8.39 8.39 8.39 8.35 8.35 8.35 9.03
9.52 9.52 9.52 9.50 9.50 9.50 9.50 10.03 12.62 10.03 10.03 11.56 9.93 9.93 9.93 9.84 9.84 9.84 9.84 9.88 11.51 9.88 9.88 10.38 10.38 10.38 10.38 10.44 10.44 10.44 10.44 10.46 10.46 10.46 10.46 10.48 10.48 10.48 10.48 10.98 10.98 10.98 7.51 7.50 7.50 7.50 7.50 7.40 7.40 7.40 7.40 7.31 11.12 11.12 11.12 11.60 11.60 11.60 7.61 7.70 7.70 7.70 8.34 7.77 7.77 7.77 7.77 7.84 8.49 7.84 7.84 8.43 8.43 8.43 8.43 8.45 8.45 8.45 8.45 8.47 8.47 8.47 8.47
9.52 9.52 9.52 9.50 9.50 9.50 9.50 10.03 11.86 10.03 10.03 9.93 9.93 9.93 9.93 9.84 9.84 9.84 9.84 9.88 9.88 9.88 9.88 10.38 10.38 10.38 10.38 10.44 10.44 10.44 10.44 10.46 10.46 10.46 12.21 10.48 10.48 10.48 10.48 10.98 10.98 10.98 10.98 10.98 7.50 7.50 7.50 7.40 7.40 11.26 11.26 7.31 11.12 11.12 11.12 11.60 11.60 11.60 7.61 7.70 7.70 8.72 7.70 7.77 7.77 7.77 7.77 7.84 7.84 7.84 7.84 8.43 8.43 8.43 8.43 8.45 8.45 8.45 8.45 8.47 8.47 8.47 8.47
10.30 10.30 10.30 10.29 10.29 10.29 10.29 10.61 12.35 10.61 10.61 10.51 10.51 12.23 10.51 10.42 10.42 12.12 10.42 10.46 10.46 10.46 10.46 10.57 10.57 10.57 10.57 10.62 10.62 10.62 10.62 10.64 10.64 10.64 10.64 10.66 10.66 10.66 10.66 10.82 10.82 10.82 10.82 10.82 10.82 7.30 7.30 7.21 11.00 11.00 11.00 10.86 10.86 10.86 10.86 11.37 11.37 11.37 7.76 7.62 8.24 7.62 7.62 7.69 7.69 7.69 7.69 8.38 7.76 7.76 7.76 7.59 7.59 8.21 7.59 7.61 7.61 7.61 7.61 7.63 9.08 7.63 7.63
10.30 10.30 10.30 10.29 10.29 10.29 10.29 10.61 10.61 12.30 10.61 10.51 10.51 10.51 10.51 10.42 10.42 10.42 10.42 10.46 10.46 10.46 10.46 10.57 10.57 10.57 10.57 10.62 10.62 10.62 10.62 10.64 10.64 10.64 10.64 10.66 10.66 10.66 10.66 10.82 10.82 10.82 10.82 10.82 10.82 10.82 7.30 11.00 11.00 11.00 7.21 7.11 10.86 10.86 7.11 7.54 11.37 11.37 11.37 7.62 7.62 9.20 7.62 7.69 7.69 7.69 7.69 7.76 7.76 7.76 8.39 7.59 7.59 7.59 8.21 7.61 7.61 7.61 7.61 7.63 7.63 8.69 7.63
12.01 10.30 12.87 11.97 11.97 11.97 10.27 10.49 10.49 10.49 10.49 10.39 10.39 12.09 10.39 10.50 10.50 10.50 10.50 10.66 10.66 10.66 10.66 10.70 10.70 10.70 10.70 10.71 10.71 10.71 10.71 10.71 10.71 10.71 10.71 10.72 10.72 10.72 10.72 10.81 10.81 10.81 10.81 10.72 10.72 10.72 10.72 10.66 7.16 7.16 7.16 7.13 7.13 7.13 7.13 11.44 11.44 11.44 11.44 7.64 8.63 7.64 7.64 7.69 7.69 7.69 7.69 7.76 7.76 7.76 7.76 7.61 7.61 7.61 7.61 8.30 7.68 7.68 7.68 7.69 7.69 7.69 7.69
10.30 10.30 10.30 10.27 10.27 10.27 12.00 10.49 10.49 10.49 10.49 10.39 10.39 10.39 10.39 10.50 10.50 10.50 10.50 10.66 10.66 10.66 10.66 10.70 10.70 10.70 10.70 10.71 10.71 10.71 10.71 10.71 10.71 10.71 10.71 10.72 10.72 10.72 10.72 10.81 10.81 10.81 10.81 10.72 10.72 10.72 10.72 10.66 10.66 7.16 7.16 7.13 7.13 7.13 7.13 11.44 11.44 11.44 11.44 6.40 6.40 7.64 7.64 7.69 7.69 7.69 7.69 7.76 7.76 7.76 7.76 7.61 7.61 7.61 7.61 7.68 7.68 7.68 7.68 7.69 7.69 7.69 7.69
9.67 10.30 10.30 10.27 10.27 10.27 12.00 10.49 10.49 10.49 10.49 10.39 10.39 10.39 10.39 10.50 10.50 10.50 10.50 10.66 10.66 10.66 10.66 10.70 10.70 10.70 10.70 10.71 10.71 10.71 10.71 10.71 10.71 10.71 10.71 10.72 10.72 10.72 10.72 10.81 10.81 10.81 10.81 10.72 10.72 10.72 10.72 10.66 10.66 10.66 10.66 7.13 7.13 7.13 7.13 11.44 11.44 7.59 11.44 11.52 11.52 7.64 7.64 7.69 7.69 7.69 7.69 7.76 7.76 7.76 7.76 7.61 7.61 7.61 7.61 7.68 7.68 7.68 7.68 7.69 7.69 8.32 8.30
9.67 10.30 10.30 10.27 10.27 10.27 10.27 10.49 10.49 10.49 10.49 12.09 10.39 10.39 10.39 10.50 10.50 10.50 10.50 10.66 10.66 10.66 10.66 10.70 10.70 10.70 10.70 10.71 10.71 10.71 10.71 10.71 10.71 10.71 10.71 10.72 10.72 10.72 10.72 10.81 10.81 10.81 10.81 10.72 10.72 10.72 10.72 10.66 10.66 10.66 10.66 10.63 7.13 7.13 7.13 7.59 7.59 7.59 7.59 7.64 7.64 7.64 7.64 7.69 7.69 7.69 7.69 7.76 7.76 7.76 7.76 8.26 8.24 8.24 8.24 7.68 7.68 7.68 7.68 7.69 8.32 7.69 7.69
9.67 9.67 10.31 10.23 10.23 10.23 10.23 10.42 10.42 10.42 10.42 13.45 10.46 10.46 10.46 10.69 10.69 10.69 10.69 10.81 10.81 10.81 10.81 10.82 10.82 10.82 10.82 10.81 10.81 10.81 10.81 10.84 10.84 10.84 10.84 10.85 10.85 10.85 10.85 10.87 10.87 10.87 10.87 10.76 10.76 12.52 10.76 10.67 10.67 12.42 10.67 10.65 10.65 10.65 7.15 7.67 7.67 7.67 7.67 7.72 7.72 7.72 7.72 7.72 7.72 7.72 7.72 7.76 7.76 7.76 7.76 8.54 7.62 7.62 7.62 7.68 7.68 7.68 7.68 8.30 7.67 7.67 7.67
9.67 9.67 10.31 10.23 10.23 10.23 10.23 10.42 12.12 12.12 10.42 10.46 10.46 10.46 10.46 10.69 10.69 10.69 10.69 10.81 10.81 10.81 10.81 10.82 10.82 10.82 10.82 10.81 10.81 10.81 10.81 10.84 10.84 10.84 10.84 10.85 10.85 10.85 10.85 10.87 10.87 12.65 10.87 12.52 12.52 10.76 10.76 10.67 10.67 10.67 10.67 10.65 10.65 15.62 10.65 7.67 7.67 7.67 7.67 7.72 7.72 7.72 7.72 7.72 7.72 7.72 7.72 7.76 7.76 7.76 8.39 7.62 7.62 7.62 7.62 7.68 7.68 7.68 7.68 7.67 7.67 7.67 8.30
9.67 9.67 10.31 10.23 10.23 10.23 10.23 10.42 10.42 10.42 10.42 10.46 10.46 10.46 10.46 10.69 10.69 10.69 10.69 10.81 10.81 10.81 14.85 10.82 10.82 10.82 10.82 10.81 10.81 10.81 10.81 10.84 10.84 10.84 10.84 10.85 10.85 10.85 12.64 10.87 10.87 10.87 10.87 10.76 10.76 10.76 10.76 10.67 10.67 10.67 10.67 10.65 10.65 15.62 10.65 11.04 7.67 7.67 7.67 7.72 7.72 7.72 7.72 7.72 7.72 7.72 7.72 7.76 7.76 7.76 7.76 7.62 7.62 7.62 7.62 7.68 7.68 7.68 7.68 7.67 8.30 7.67 7.67
11.00 9.67 9.67 10.23 11.92 11.92 11.94 10.42 10.42 10.42 10.42 10.46 10.46 10.46 10.46 10.69 12.46 10.69 10.69 10.81 10.81 10.81 14.85 18.60 10.82 10.82 10.82 10.81 10.81 10.81 10.81 10.84 10.84 10.84 10.84 10.85 14.89 10.85 10.85 10.87 10.87 10.87 10.87 10.76 10.76 10.76 10.76 12.42 10.67 10.67 10.67 10.65 10.65 10.65 10.65 11.04 11.04 11.04 7.67 7.72 7.72 8.35 7.72 7.72 7.72 7.72 7.72 7.76 7.76 7.76 7.76 7.62 7.62 7.62 7.62 7.68 7.68 7.68 8.75 7.67 7.67 8.30 7.67
9.65 9.65 10.58 10.20 10.20 10.20 10.20 10.40 10.40 10.40 10.40 10.53 10.53 10.53 10.53 10.76 10.76 10.76 10.76 10.85 10.85 10.85 14.92 14.95 10.88 12.66 10.88 10.88 10.88 10.88 10.88 10.89 10.89 10.89 14.97 14.87 11.61 10.83 10.83 10.84 10.84 10.84 10.84 10.74 10.74 10.74 10.74 12.40 10.66 10.66 10.66 10.71 10.71 10.71 10.71 11.09 11.09 11.09 11.09 7.76 7.76 7.76 7.76 7.79 7.79 7.79 7.79 7.82 7.82 7.82 7.82 7.65 7.65 7.65 7.65 7.69 7.69 7.69 8.32 7.64 7.64 7.64 7.64
9.65 9.65 10.98 9.56 10.20 10.20 10.20 10.40 10.40 10.40 10.40 12.25 10.53 10.53 10.53 10.76 10.76 10.76 10.76 10.85 10.85 14.92 14.92 16.64 10.88 10.88 10.88 10.88 10.88 14.96 10.88 10.89 10.89 14.97 14.97 16.54 10.83 10.83 10.83 10.84 10.84 10.84 10.84 10.74 10.74 10.74 10.74 10.66 10.66 10.66 10.66 10.71 10.71 10.71 10.71 11.09 11.09 11.09 11.09 11.14 11.14 7.76 7.76 7.79 7.79 7.79 7.79 7.82 7.82 7.82 7.82 7.65 7.65 7.65 7.65 7.69 7.69 7.69 7.69 7.64 7.64 7.64 7.64
9.65 9.65 9.65 9.56 10.20 10.20 10.20 10.40 10.40 10.40 10.40 10.53 10.53 10.53 10.53 10.76 10.76 10.76 10.76 10.85 10.85 14.92 14.92 14.95 10.88 10.88 10.88 10.88 14.96 14.96 14.96 14.97 14.97 14.97 14.97 10.83 10.83 12.60 10.83 10.84 10.84 12.61 10.84 10.74 10.74 12.49 10.74 10.66 10.66 10.66 10.66 10.71 10.71 10.71 10.71 11.09 11.09 11.09 11.09 11.14 13.16 11.14 7.76 7.79 7.79 7.79 7.79 7.82 7.82 7.82 7.82 7.65 7.65 7.65 7.65 7.69 7.69 7.69 7.69 7.64 7.64 7.64 7.64
9.65 9.65 9.65 9.56 10.20 10.20 10.20 10.40 10.40 10.40 10.40 10.53 10.53 10.53 10.53 10.76 10.76 10.76 10.76 10.85 10.85 14.92 14.92 14.95 14.95 10.88 10.88 10.88 14.96 14.96 14.96 14.97 14.97 16.67 10.89 10.83 10.83 10.83 10.83 10.84 10.84 10.84 10.84 10.74 10.74 12.49 12.47 10.66 10.66 10.66 10.66 10.71 10.71 10.71 10.71 11.09 11.09 11.09 11.09 11.14 11.14 11.14 11.14 11.17 7.79 7.79 7.79 7.82 7.82 7.82 7.82 7.65 7.65 7.65 7.65 7.69 7.69 7.69 8.53 7.64 7.64 7.64 7.64
9.63 9.63 9.63 9.51 9.51 10.14 10.14 10.41 10.41 10.41 10.41 10.65 10.65 10.65 10.65 10.81 10.81 10.81 10.81 10.87 10.87 14.95 14.95 15.01 15.01 10.92 10.92 15.00 15.00 20.72 15.00 14.87 20.83 12.60 10.83 10.71 10.71 10.71 10.71 10.79 10.79 10.79 10.79 10.71 10.71 10.71 10.71 10.68 10.68 10.68 10.68 10.76 10.76 10.76 10.76 11.10 11.10 11.10 11.10 11.18 11.18 11.18 11.18 11.23 11.23 7.84 7.84 7.88 7.88 7.88 7.88 7.71 7.71 7.71 7.71 7.73 7.73 10.82 9.23 7.64 10.48 10.48 7.64
9.63 9.63 9.63 9.51 10.44 10.14 10.14 10.41 10.41 10.41 10.41 10.65 10.65 10.65 10.65 10.81 10.81 10.81 10.81 10.87 10.87 14.95 14.95 15.01 15.01 15.01 15.01 15.00 20.72 22.50 15.00 14.87 10.83 10.83 13.19 10.71 10.71 10.71 10.71 10.79 10.79 10.79 10.79 10.71 10.71 10.71 10.71 10.68 10.68 10.68 10.68 10.76 10.76 10.76 10.76 11.10 11.10 11.10 11.10 11.18 11.18 11.18 11.18 11.23 11.23 11.23 11.23 7.88 7.88 7.88 7.88 7.71 7.71 7.93 11.02 11.04 7.39 10.82 10.31 10.48 10.48 10.48 10.48
9.79 10.16 10.16 10.03 10.03 10.66 10.66 10.47 10.47 10.47 10.47 10.71 10.71 10.71 10.71 10.87 10.87 10.87 10.87 10.93 10.93 15.00 15.00 14.09 17.41 20.14 20.14 20.14 20.14 20.14 14.08 13.95 10.25 10.25 10.25 11.80 10.14 10.14 10.14 10.00 10.00 10.00 10.00 11.55 9.93 9.93 9.93 9.90 9.90 9.90 9.90 9.98 9.98 9.98 9.98 9.98 9.98 9.98 9.98 10.05 10.05 10.05 10.05 10.11 7.26 10.11 10.11 10.14 6.73 6.73 6.73 6.44 6.66 2.26 2.26 2.04 7.32 8.52 10.48 8.84 8.84 8.84 8.84
10.16 10.16 10.16 10.03 11.40 10.03 10.66 10.47 10.47 10.47 10.47 10.71 10.71 10.71 10.71 10.87 10.87 10.87 10.87 10.93 15.00 15.00 15.00 14.09 20.14 20.14 20.14 20.14 21.83 14.08 14.08 10.25 10.25 10.25 10.25 10.14 10.14 10.14 10.14 10.00 10.00 10.00 10.00 9.93 11.55 9.93 9.93 9.90 9.90 9.90 9.90 9.98 9.98 9.98 9.98 9.98 9.98 9.98 9.98 10.05 10.05 10.05 10.05 11.75 10.11 10.11 7.26 10.14 10.14 6.73 6.73 8.93 6.44 8.76 11.81 11.81 10.50 9.17 8.96 6.37 6.37 6.37 6.37
10.11 10.11 10.11 10.07 9.96 9.96 10.59 10.57 10.57 10.57 10.57 10.84 10.84 10.84 10.84 10.92 10.92 10.92 10.92 10.94 15.02 15.02 15.02 14.08 20.14 20.14 20.14 20.09 20.09 10.29 10.29 10.17 10.17 10.17 10.17 10.10 10.10 10.10 10.10 9.99 9.99 9.99 11.61 9.93 9.93 9.93 9.93 9.95 9.95 9.95 9.95 10.01 10.01 10.01 10.01 10.01 10.01 10.01 10.01 10.05 10.05 10.05 10.05 10.11 10.11 10.11 12.57 7.26 10.14 10.14 12.52 8.32 9.15 8.44 12.05 9.35 8.52 8.90 6.41 6.29 6.29 6.29 6.83
10.11 10.11 10.11 9.96 11.31 9.96 9.96 10.57 10.57 10.57 10.57 10.84 10.84 10.84 10.84 10.92 10.92 10.92 10.92 10.94 15.02 15.02 15.02 14.08 20.14 20.14 20.14 20.09 10.29 10.29 10.29 10.17 10.17 10.17 10.17 10.10 10.10 10.10 10.10 12.91 9.99 9.99 9.99 9.93 9.93 9.93 9.93 9.95 9.95 9.95 9.95 10.01 10.01 10.01 10.01 10.01 10.01 10.01 10.01 10.05 10.05 10.05 10.05 10.11 10.11 13.65 10.11 7.26 10.14 10.14 12.52 12.84 7.32 7.32 11.84 8.52 8.74 8.90 6.41 6.29 6.29 6.29 6.29
10.11 10.11 10.11 9.96 9.96 9.96 9.96 10.57 10.57 10.57 10.57 10.84 10.84 10.84 10.84 10.92 10.92 10.92 10.92 10.94 15.02 15.02 15.02 14.08 20.14 20.14 20.14 20.09 10.29 11.98 10.29 10.17 10.17 11.84 10.17 10.10 10.10 10.10 10.10 11.67 9.99 9.99 9.99 11.56 9.93 9.93 9.93 9.95 9.95 9.95 9.95 10.01 10.01 10.01 10.01 10.01 10.01 10.01 10.01 10.05 10.05 10.05 10.05 10.11 10.11 10.11 14.41 13.71 10.14 10.14 10.14 12.84 10.76 10.76 10.31 8.52 7.19 6.41 6.41 6.29 6.29 6.29 6.29
10.11 10.11 10.11 9.96 9.96 9.96 9.96 10.57 10.57 10.57 10.57 10.84 10.84 10.84 10.84 10.92 10.92 10.92 10.92 10.94 15.02 15.02 15.02 20.14 20.14 20.14 20.14 21.78 14.01 11.98 10.29 10.17 10.17 11.84 10.17 10.10 10.10 10.10 10.10 13.91 9.99 9.99 9.99 9.93 9.93 9.93 9.93 9.95 9.95 9.95 9.95 10.01 10.01 10.01 10.01 10.01 10.01 10.01 10.01 10.05 10.05 10.05 10.05 10.11 10.11 10.11 17.01 14.68 10.14 10.14 10.14 13.24 11.60 10.76 11.60 10.31 8.90 7.18 6.41 6.29 6.29 6.29 6.29
10.05 10.05 10.50 11.33 9.98 9.98 9.98 10.08 10.72 10.72 10.72 10.92 10.92 10.92 10.92 10.96 10.96 10.96 10.96 10.94 15.03 15.03 20.75 20.12 20.12 20.12 21.82 20.79 13.97 13.97 10.27 10.14 10.14 10.14 10.14 10.08 10.08 10.08 13.00 9.99 9.99 9.99 9.99 9.99 9.99 9.99 9.99 9.99 9.99 9.99 9.99 10.01 7.13 10.01 10.01 10.04 10.04 10.04 10.04 10.07 10.07 10.07 10.07 10.07 11.71 10.07 13.59 13.57 17.60 13.74 12.74 11.91 12.26 10.98 10.76 20.54 12.34 8.32 6.34 6.27 6.27 6.27 6.27
9.67 10.05 10.05 9.98 9.98 9.98 9.98 10.08 10.72 10.72 10.72 10.92 10.92 10.92 10.92 10.96 10.96 10.96 15.05 15.03 15.03 20.75 20.75 20.12 20.12 20.12 20.12 20.07 13.97 12.63 11.91 10.14 10.14 10.14 10.14 10.08 10.08 10.08 10.08 9.99 9.99 9.99 9.99 9.99 9.99 9.99 9.99 9.99 9.99 9.99 9.99 12.54 10.01 10.01 10.01 10.04 10.04 11.67 10.04 10.07 10.07 10.07 10.07 10.07 10.07 10.07 13.59 13.57 12.17 12.39 13.79 13.13 11.86 10.98 12.31 3.52 12.34 11.91 9.02 8.92 6.27 6.27 8.71
10.05 10.05 10.05 9.98 9.98 9.98 9.98 10.08 10.08 10.72 10.72 10.92 10.92 10.92 10.92 15.05 12.52 15.05 15.05 15.03 15.03 20.75 20.75 20.12 20.12 20.12 22.44 22.44 13.97 13.97 10.27 13.77 13.77 10.14 10.14 10.08 10.08 10.08 10.08 9.99 9.99 9.99 9.99 9.99 9.99 9.99 9.99 9.99 9.99 9.99 9.99 10.01 10.01 10.01 10.01 10.04 10.04 10.04 10.04 10.07 10.07 10.07 10.07 10.07 10.07 13.59 14.38 13.57 12.52 13.98 11.35 11.60 8.80 10.76 14.93 11.20 11.91 10.98 10.43 2.71 10.76 12.28 12.28
10.05 10.05 10.05 9.98 9.98 9.98 9.98 10.08 10.08 10.72 10.72 10.92 10.92 10.92 10.92 15.05 15.10 15.10 15.10 15.03 20.75 20.75 20.75 20.12 16.98 17.46 22.44 22.44 20.07 13.97 13.97 14.62 13.77 13.77 10.14 10.08 10.08 10.08 12.63 13.53 12.72 9.99 9.99 9.99 9.99 9.99 9.99 9.99 9.99 9.99 11.63 10.01 10.01 10.01 10.01 10.04 10.04 11.67 10.04 10.07 10.07 10.07 10.07 10.07 10.07 13.59 13.59 12.17 12.17 11.35 11.35 12.13 10.98 10.98 14.49 10.76 10.76 2.50 6.23 6.01 6.01 6.01 13.72
10.01 10.01 10.01 10.08 10.08 10.08 10.08 10.17 10.17 10.81 10.81 10.94 10.94 10.94 10.94 15.06 15.10 15.10 15.10 20.74 20.74 20.74 20.74 20.12 16.98 22.44 22.44 13.69 13.69 13.75 13.97 14.66 15.18 17.14 11.75 10.01 10.01 10.01 10.01 3.72 17.60 10.02 10.02 10.07 10.07 10.07 10.07 10.01 10.01 10.01 10.01 10.00 10.00 10.00 10.00 10.05 10.05 13.56 10.05 10.09 10.09 10.09 12.56 12.53 10.06 13.57 13.57 14.38 12.52 11.35 3.41 11.91 12.13 10.98 14.49 10.76 6.01 6.23 2.50 10.63 10.21 8.32 0.00
10.01 11.38 10.01 10.08 10.08 10.08 10.08 10.17 10.17 10.17 10.81 10.94 10.94 10.94 10.94 18.57 15.10 15.06 20.77 20.74 20.74 20.74 20.74 20.12 22.44 23.97 22.44 13.91 13.75 17.26 14.19 13.69 17.10 13.69 10.10 10.01 10.01 10.01 10.01 10.02 7.13 17.66 11.68 10.07 10.07 10.07 10.07 10.01 10.01 10.01 10.01 10.00 10.00 10.00 10.00 10.05 10.05 13.57 13.57 11.33 10.09 12.56 7.26 7.26 8.41 10.06 13.57 13.82 12.74 11.35 2.78 3.23 3.08 3.30 6.15 13.72 6.23 10.85 10.21 10.21 10.63 3.08 0.00
