New_Model_Runs/6_FutureClimate_RCP45_out/post_prcessed_with_MFR/Monthly_summaries/runoff_monthly_SEP.asc
NCOLS 700
NROWS 400
XLLCENTER 515000.000000
YLLCENTER 8409000.000000
CELLSIZE 50.000000
NODATA_value -999.000000
[rows 296 to 332 of 400, columns 166 to 248 of 700]
2.57 3.03 4.87 2.68 3.03 3.03 3.03 3.03 3.03 3.03 3.13 3.13 3.13 3.13 2.78 2.67 2.67 2.57 2.57 2.68 3.03 4.96 4.96 3.03 3.03 3.03 3.01 3.01 5.03 3.01 3.01 2.55 2.55 3.01 2.55 2.55 2.55 2.55 2.55 2.55 2.66 3.01 2.88 2.43 2.43 6.43 6.73 6.73 6.73 6.73 4.73 2.16 2.16 2.16 1.70 2.18 3.58 1.70 1.90 3.22 1.90 1.90 3.96 5.02 2.63 2.21 2.21 2.63 2.21 2.31 2.31 3.99 3.99 2.21 1.95 2.32 2.32 2.32 2.40 2.40 2.40 2.76 3.03
3.03 3.03 4.87 2.68 4.51 2.68 2.68 3.03 3.03 3.03 3.13 3.13 5.38 5.13 5.06 3.13 3.13 3.03 2.57 4.96 3.03 3.03 3.03 4.96 2.68 2.57 3.01 3.01 3.01 2.55 6.68 2.66 2.55 2.55 3.01 3.01 3.01 2.55 2.55 2.55 2.55 4.18 2.43 2.43 2.43 2.43 2.43 6.73 6.73 6.73 6.73 2.16 2.16 2.16 2.18 2.18 2.74 2.18 1.90 1.90 1.90 3.95 3.96 2.31 2.63 2.21 2.63 2.63 2.21 2.21 2.31 2.21 4.36 2.21 2.32 2.32 2.32 2.32 2.32 2.29 2.76 4.70 2.76
2.68 3.03 3.03 4.87 2.68 2.68 6.53 3.03 3.03 3.03 3.13 3.13 3.13 3.13 3.13 3.13 6.73 2.57 3.03 2.57 3.03 3.03 2.57 3.03 2.57 3.03 3.01 3.01 2.66 3.02 4.93 2.66 4.93 2.55 3.01 2.66 2.66 2.55 2.66 2.66 2.55 2.55 2.43 2.43 2.43 2.43 2.43 2.87 6.73 4.49 4.45 2.16 2.16 2.16 2.18 2.18 1.86 2.18 1.90 1.90 1.69 2.63 2.31 2.63 2.21 2.63 2.31 2.63 2.63 2.63 2.21 2.21 2.63 2.21 2.32 2.32 2.04 2.32 1.95 3.90 4.70 2.29 2.76
3.03 3.03 3.03 3.03 2.68 4.87 3.03 3.03 3.03 3.03 3.13 3.13 3.13 3.13 2.78 3.13 3.13 3.03 3.03 3.03 3.03 3.03 3.03 2.57 2.57 2.57 2.55 3.01 3.01 6.68 2.66 4.93 2.66 4.93 4.93 4.93 4.18 2.55 2.66 2.66 3.01 2.55 2.43 2.43 2.43 2.43 2.43 2.43 2.88 2.43 2.43 2.88 1.86 2.16 2.18 2.18 2.18 2.18 4.36 4.36 2.21 3.95 2.21 2.31 2.63 2.21 2.63 2.31 2.63 2.63 2.63 2.21 2.63 2.63 1.95 2.32 2.04 2.32 2.32 2.04 3.90 2.76 2.76
3.03 3.03 3.03 2.57 3.03 4.87 2.68 2.57 2.57 2.68 2.78 3.13 3.13 3.13 3.13 2.67 3.13 2.68 2.68 2.68 2.68 3.03 3.03 2.57 3.03 3.03 2.55 2.55 3.01 4.93 2.66 2.55 3.01 3.01 3.01 4.93 3.01 4.18 2.55 3.01 2.55 2.55 2.43 2.43 2.43 2.43 2.43 2.43 2.43 2.43 2.43 2.88 2.88 4.48 4.45 2.16 2.16 2.16 1.54 2.21 2.21 3.93 2.21 2.63 2.63 2.21 2.63 2.21 2.21 2.63 2.31 2.21 2.21 2.63 2.32 2.04 2.04 2.04 3.90 2.04 3.90 3.90 4.70
3.03 4.87 3.03 3.03 3.03 4.87 2.68 3.03 2.68 2.57 2.67 2.67 2.67 3.13 2.67 2.67 2.57 2.57 2.57 3.03 3.03 6.26 2.57 2.57 2.57 2.68 3.01 2.55 3.01 3.01 3.01 2.66 4.42 3.01 2.66 4.93 3.01 3.01 4.93 2.55 3.01 3.01 2.43 2.43 2.88 2.43 2.43 2.43 2.54 2.54 2.43 4.79 2.43 2.43 2.88 2.43 2.16 2.16 2.21 2.21 2.21 2.63 2.31 2.21 2.63 2.63 2.31 2.63 2.63 2.21 3.81 2.31 2.31 2.31 3.90 3.90 2.04 2.04 2.04 2.04 2.04 3.90 2.32
3.03 3.03 3.03 3.03 2.57 2.57 2.68 4.87 2.68 2.57 3.13 3.13 2.67 2.78 5.03 2.67 2.57 2.57 3.03 2.57 2.57 3.03 4.21 2.57 2.57 2.57 2.55 3.01 3.01 3.01 3.01 4.93 3.01 3.01 2.55 3.01 2.55 3.01 3.01 2.66 7.03 2.55 2.43 2.43 2.54 2.43 2.43 2.43 2.54 2.54 2.88 2.43 2.54 5.17 3.97 2.43 2.16 2.43 2.21 2.21 2.21 2.21 2.31 2.21 2.63 2.63 2.63 2.63 2.21 2.21 2.21 2.63 2.63 2.63 3.90 3.90 2.04 2.04 2.32 2.42 2.42 3.90 3.90
3.03 4.87 3.03 2.57 3.03 3.03 4.87 2.68 3.03 2.68 3.13 3.13 2.78 3.13 3.13 2.67 2.57 3.03 2.57 2.57 4.79 2.57 4.73 2.57 2.57 2.57 3.01 3.01 3.01 3.01 3.01 3.01 3.01 2.55 3.01 3.01 2.55 2.55 3.01 2.66 2.66 4.93 2.88 2.88 2.88 2.43 2.88 2.88 2.88 2.43 2.43 2.43 2.43 4.48 4.45 2.43 4.45 2.43 2.21 2.21 2.21 2.31 2.31 2.21 2.31 2.21 2.63 2.63 2.21 2.21 2.21 2.63 2.31 2.21 1.95 2.32 2.04 2.04 2.32 2.53 2.88 2.13 2.13
3.03 2.68 3.03 2.68 2.57 3.03 2.68 2.68 2.68 3.03 2.78 2.67 2.67 3.13 3.13 2.67 2.57 2.57 2.57 2.57 2.68 3.03 3.03 4.73 4.73 2.57 3.01 3.01 3.01 3.01 3.01 3.01 3.01 2.55 2.55 2.55 2.55 2.55 2.55 3.01 3.01 3.01 2.88 2.87 2.88 2.88 2.88 2.54 2.43 2.88 2.88 2.43 2.88 4.73 2.88 4.46 2.43 2.54 2.31 2.31 2.63 4.36 2.31 2.21 2.21 2.21 2.63 2.63 2.21 2.21 2.21 2.63 2.63 2.31 2.04 2.32 1.95 2.04 3.90 2.53 2.42 2.88 2.88
3.03 3.03 3.03 2.57 3.03 2.68 2.68 2.68 2.68 2.68 2.78 2.67 3.13 3.13 2.67 2.57 3.03 2.57 2.57 2.68 3.03 4.96 3.03 4.73 2.57 2.57 2.55 3.01 3.01 3.01 3.01 3.01 3.01 4.71 4.71 4.71 2.55 4.71 2.55 3.01 3.01 3.01 2.87 2.88 2.87 4.44 4.07 2.88 2.54 2.54 4.73 2.88 2.88 2.54 2.54 2.88 2.54 2.54 2.31 2.31 2.31 4.36 2.31 2.31 2.21 2.21 2.63 2.63 2.21 2.63 2.21 2.31 2.31 2.63 2.32 2.04 2.32 1.95 3.90 2.42 2.88 2.88 2.88
2.65 2.65 2.65 4.31 4.13 2.65 2.26 2.65 4.31 4.31 2.80 2.38 2.38 2.80 2.80 2.35 2.35 2.35 2.79 2.79 2.46 2.79 2.79 4.37 2.79 2.35 2.38 2.38 4.69 2.82 2.82 2.82 4.98 4.43 4.43 4.43 4.43 4.43 4.43 4.43 4.43 2.82 2.69 2.70 4.24 2.28 2.28 2.38 2.38 2.38 2.70 2.38 2.70 2.38 2.38 4.47 2.70 2.70 4.10 2.16 5.97 4.10 2.16 2.46 2.07 2.07 3.43 2.07 3.56 2.16 6.06 4.10 2.46 2.07 2.21 1.85 1.85 1.85 1.85 2.02 2.02 2.75 2.75
2.65 2.65 2.65 2.65 2.65 4.31 2.65 3.96 2.35 4.31 2.80 2.80 2.38 2.38 2.80 2.79 2.35 2.79 2.79 2.79 2.35 2.79 2.79 2.79 2.35 2.79 2.82 2.82 2.82 2.82 2.82 2.82 4.43 4.43 4.43 4.43 4.43 4.43 4.43 4.43 4.43 4.43 6.45 2.38 2.70 2.70 2.28 2.28 2.28 4.47 2.70 2.70 2.28 2.70 2.38 2.38 4.47 2.38 4.10 2.16 5.78 2.46 2.16 2.16 2.46 2.46 2.16 2.07 4.10 2.46 2.16 2.16 2.07 2.46 2.21 2.21 1.94 1.94 1.94 1.85 2.31 2.31 2.31
2.26 2.65 2.65 2.26 2.26 2.65 2.65 2.65 3.96 2.35 4.51 2.80 4.59 2.48 2.80 2.35 2.79 2.79 2.35 2.79 2.79 2.79 2.79 2.35 2.35 2.35 2.38 2.82 2.82 2.82 2.82 4.42 4.42 4.42 2.38 2.38 2.38 4.42 4.42 4.42 4.42 2.48 2.38 2.70 2.70 2.70 2.70 2.28 2.28 2.28 2.28 3.93 2.70 2.38 4.47 4.47 2.38 4.47 5.03 2.07 2.07 2.07 2.07 2.07 2.07 2.46 3.45 2.46 2.46 2.46 2.07 2.07 2.07 2.26 1.94 1.85 1.85 1.94 1.94 1.94 2.31 2.31 2.31
2.26 2.26 2.26 2.65 2.65 2.65 2.65 2.65 2.35 2.35 4.51 2.48 2.80 2.38 2.80 2.79 2.79 4.76 4.76 2.79 2.79 2.35 2.46 2.35 2.35 2.35 2.38 2.38 2.82 2.82 2.82 4.42 4.42 4.42 2.38 2.38 2.38 2.38 2.38 4.42 4.42 2.48 2.70 2.28 2.70 2.70 2.70 2.28 2.28 2.28 2.28 2.28 2.28 2.38 4.47 4.04 2.70 2.28 2.07 2.07 2.46 2.07 2.07 2.07 2.07 2.26 3.04 3.04 4.12 2.46 2.46 4.54 4.54 2.26 2.31 1.85 1.85 4.69 3.63 2.31 2.31 2.75 2.31
2.26 2.26 2.65 2.65 2.65 2.65 2.35 2.65 2.26 2.65 8.78 8.10 2.80 2.80 2.35 2.35 2.79 2.79 4.36 4.36 4.36 2.35 2.79 2.35 2.35 2.79 2.38 2.82 2.82 2.82 2.38 4.42 7.79 4.42 2.38 2.38 2.38 2.38 2.38 2.48 2.48 4.42 4.23 4.23 2.70 2.70 4.22 2.28 3.71 2.28 2.28 2.28 2.28 2.28 2.70 4.04 4.04 4.04 2.07 2.85 2.46 2.46 2.46 2.46 2.26 2.26 2.68 2.57 4.09 2.26 3.04 4.54 4.39 3.04 2.02 3.91 2.75 2.21 4.62 4.11 4.11 4.11 4.62
2.65 4.00 2.65 2.65 2.65 2.65 2.35 2.35 2.65 2.35 2.48 4.51 8.21 2.48 2.79 2.79 2.79 2.35 2.79 2.79 4.36 2.35 4.63 5.74 2.46 2.79 2.82 2.82 2.82 2.82 2.82 2.82 4.42 4.42 4.42 2.38 4.42 4.42 4.42 2.38 4.42 4.42 4.23 4.23 4.23 4.23 4.22 2.28 2.28 2.28 2.28 2.28 2.28 2.28 2.70 4.04 4.04 4.04 2.46 2.85 2.85 2.26 3.04 3.04 3.04 3.04 2.26 3.04 3.04 3.04 3.04 4.54 3.04 3.04 4.11 4.11 2.75 2.75 2.02 4.11 4.11 2.75 2.75
2.26 2.26 2.26 2.65 2.26 2.65 4.31 2.35 2.65 2.35 2.38 2.48 4.51 2.80 2.79 4.06 2.79 2.35 2.79 2.79 2.79 4.39 2.79 2.46 2.46 2.79 2.82 2.82 2.82 2.82 2.82 2.82 4.42 4.42 2.38 4.42 4.42 4.42 4.41 4.41 4.41 4.41 12.10 5.29 4.03 4.03 4.03 2.28 2.28 2.28 2.28 2.28 2.28 2.28 4.03 4.03 4.03 4.03 3.04 3.04 4.47 2.26 5.61 6.97 2.26 2.26 6.86 6.86 5.54 4.51 4.50 3.04 3.04 3.04 4.08 2.75 4.19 2.75 4.09 4.97 2.02 2.02 3.29
2.65 2.65 2.26 2.65 2.35 2.35 2.35 2.35 2.65 2.35 2.80 2.80 2.48 2.48 2.79 2.35 2.79 2.79 2.35 2.35 4.06 2.79 2.79 2.46 2.79 2.79 4.08 2.48 2.38 2.38 2.38 2.38 2.38 2.38 2.38 4.42 4.42 4.42 4.41 4.41 4.41 10.83 4.81 3.71 3.71 2.28 2.28 2.28 2.28 2.28 2.28 2.28 2.28 2.28 2.70 2.68 7.28 4.03 3.04 3.04 4.47 6.86 6.86 6.86 6.86 6.86 6.86 6.86 4.51 4.51 4.50 6.86 3.04 3.04 2.75 2.02 2.02 4.08 4.09 7.27 2.02 2.02 2.02
2.65 2.26 2.65 4.13 2.65 2.65 2.26 2.65 2.65 2.65 2.80 2.80 6.08 6.08 2.79 4.37 2.79 2.79 2.79 4.39 2.46 2.35 2.35 2.79 2.79 2.79 2.82 2.82 2.38 2.38 2.38 2.38 2.38 2.38 2.38 4.42 4.42 2.38 2.38 2.38 2.38 4.41 4.03 4.03 2.28 2.28 2.28 2.28 2.28 2.28 2.28 2.28 2.28 2.28 2.28 4.48 6.09 4.03 4.47 4.47 4.47 6.86 6.86 6.86 6.86 6.86 6.86 6.86 4.51 6.86 12.54 8.91 3.04 4.50 4.08 2.02 2.02 2.75 4.09 4.09 4.09 2.75 2.02
2.65 2.26 5.82 4.31 2.65 2.65 2.65 2.26 2.26 2.65 2.80 2.80 2.80 6.26 2.79 2.35 2.79 2.79 2.79 4.45 2.46 2.35 2.79 2.79 2.35 2.35 2.82 2.82 2.38 2.38 2.38 2.38 2.38 2.38 2.38 2.38 3.89 2.38 2.38 2.38 2.38 2.38 2.28 2.28 2.28 2.28 2.28 2.28 2.28 2.28 2.70 2.28 2.28 2.28 2.28 2.28 4.03 4.03 3.04 4.47 4.47 4.47 4.51 4.51 4.51 4.51 4.51 4.51 4.51 6.86 6.86 4.50 4.50 2.76 1.64 2.75 2.75 2.75 2.75 2.75 2.75 2.75 2.75
2.65 2.26 2.65 2.65 2.65 2.65 2.65 2.65 2.26 2.26 2.48 2.48 2.80 2.79 2.46 2.35 2.79 4.63 2.79 2.35 2.35 2.46 4.60 2.79 4.39 2.46 4.25 3.89 2.38 2.38 2.38 2.38 2.38 2.38 2.38 2.38 2.81 2.38 2.38 2.38 2.38 2.38 4.52 2.28 2.28 2.28 2.28 2.28 2.28 2.28 2.28 4.47 2.70 2.28 2.28 3.98 3.98 3.98 2.07 3.04 4.47 4.47 4.57 4.57 4.57 4.57 4.57 4.57 4.57 4.57 4.51 6.86 6.86 6.86 1.63 4.04 2.75 2.75 4.18 2.75 2.02 2.02 2.02
2.26 2.35 2.35 2.65 2.65 2.35 2.65 2.65 2.26 2.65 2.48 2.48 2.80 2.79 3.97 2.46 2.35 2.79 2.46 2.46 2.79 4.60 2.46 2.79 2.79 2.79 2.48 2.38 2.38 2.38 2.38 2.38 3.89 2.38 2.38 4.41 4.41 4.41 4.37 2.38 4.37 4.37 4.00 4.00 2.28 2.28 2.28 3.71 2.28 2.28 2.28 2.70 2.70 2.28 3.98 3.98 3.98 3.98 2.26 4.47 2.75 4.47 4.57 4.57 4.57 4.57 4.57 4.57 4.57 4.57 4.51 4.51 4.51 6.86 6.30 1.63 2.75 2.75 2.75 2.02 2.02 2.02 2.75
2.65 2.35 2.65 2.65 2.65 2.65 2.65 2.65 2.35 2.35 2.38 2.38 2.48 4.60 2.35 2.46 2.46 2.79 2.79 2.79 2.79 4.45 2.35 2.79 2.35 2.79 2.38 2.38 2.38 2.38 6.41 2.38 3.89 3.89 2.38 7.77 4.41 4.41 4.37 4.37 4.37 8.77 4.00 6.09 6.09 2.28 2.28 2.28 6.09 6.09 2.28 2.28 4.24 4.03 3.98 2.70 2.28 3.14 4.47 4.47 4.47 4.47 4.57 4.57 4.57 4.57 4.57 4.57 4.57 4.57 4.51 4.51 4.51 4.51 6.30 4.04 4.04 4.04 2.75 2.02 2.02 2.02 2.02
2.65 2.26 4.52 4.52 4.31 2.65 2.65 2.35 2.65 2.35 2.38 2.38 2.38 2.35 2.79 2.46 2.46 2.46 2.46 2.79 4.60 2.46 2.79 2.35 2.35 2.35 2.38 4.82 4.42 4.42 4.42 2.38 2.38 2.38 2.38 4.41 4.41 4.41 4.37 6.36 6.62 2.82 6.09 6.09 6.09 4.00 4.02 4.02 6.09 6.09 2.28 2.28 2.38 6.39 3.91 2.70 2.48 3.14 4.47 4.47 4.47 4.47 4.57 4.57 2.26 2.26 4.57 4.57 4.57 4.57 4.51 4.51 4.51 2.77 4.04 4.04 4.04 4.04 4.06 2.02 2.75 2.02 2.02
2.65 2.65 2.65 2.65 2.65 2.65 2.65 2.35 2.26 2.65 2.38 2.38 2.35 2.35 2.46 4.38 2.46 2.46 4.63 2.79 6.59 2.46 2.79 2.79 2.35 2.35 2.38 2.82 4.42 4.42 2.38 2.38 2.38 2.38 2.38 4.37 4.37 2.38 2.38 4.33 2.38 2.38 2.28 2.28 6.09 3.99 2.67 6.09 6.09 6.09 6.09 2.38 6.09 9.73 3.96 2.65 5.55 5.55 4.49 4.49 4.49 4.49 4.59 4.59 2.26 2.91 2.92 4.61 4.61 4.61 4.56 4.56 4.56 4.56 4.05 4.05 4.05 4.05 4.05 2.75 2.75 2.02 2.02
4.31 4.31 2.65 2.35 2.65 2.26 2.26 2.26 2.26 2.26 2.38 2.38 2.79 2.35 2.79 4.38 2.46 2.46 2.79 2.79 2.79 2.79 4.37 2.79 2.79 2.35 2.82 2.82 2.82 2.38 2.38 2.38 2.82 4.28 2.82 2.82 2.38 2.38 2.38 2.38 6.32 2.38 6.09 2.28 2.28 6.39 6.39 6.39 6.39 6.39 6.39 6.09 4.00 4.00 3.96 3.96 5.55 5.55 2.76 4.49 4.49 4.49 4.59 2.79 2.36 2.91 2.92 2.92 4.61 4.61 4.56 4.56 4.56 4.56 4.05 4.05 2.02 2.75 2.75 2.75 2.02 4.05 2.75
1.07 1.07 1.07 1.07 1.07 1.29 2.68 1.07 2.68 1.00 3.98 2.06 2.03 2.03 2.42 4.04 2.12 2.12 2.12 2.42 2.12 2.84 2.83 2.03 2.03 2.03 2.14 2.14 3.47 2.14 2.14 2.14 2.14 2.14 2.95 2.14 2.14 2.14 2.14 5.79 5.79 2.14 2.52 2.52 2.52 6.03 6.03 11.13 6.03 5.75 5.75 5.75 4.20 5.75 6.03 2.86 4.52 4.52 4.19 4.19 4.19 4.19 4.29 4.29 2.69 2.69 2.71 2.71 2.71 4.30 4.26 4.26 4.26 4.26 3.75 3.75 3.75 2.54 2.54 2.54 1.86 3.74 3.74
1.07 1.07 1.07 1.07 1.00 1.00 2.68 1.07 1.00 4.10 2.06 2.06 2.03 3.28 2.03 2.42 2.12 2.12 2.12 2.42 2.42 2.84 2.83 2.03 2.03 3.35 2.14 2.14 3.68 2.54 2.14 2.54 2.99 2.99 2.95 2.14 2.14 2.14 2.51 5.79 5.79 5.78 2.38 2.12 2.12 2.12 2.12 5.75 5.75 5.75 5.75 5.75 5.75 6.03 6.03 4.79 4.52 4.52 4.19 4.19 4.19 4.19 4.29 4.29 1.92 1.92 2.71 2.71 2.71 4.30 1.72 2.10 4.26 4.26 6.63 6.63 3.75 3.75 1.86 1.86 1.86 2.54 3.74
1.07 1.07 1.07 2.68 1.29 1.29 1.00 1.00 1.36 1.00 2.43 2.15 2.03 2.03 2.03 2.12 2.12 2.12 2.12 2.42 2.12 2.12 2.03 2.03 2.03 2.03 2.14 2.54 2.54 2.54 2.54 2.96 2.96 2.96 2.91 2.91 2.14 2.14 2.38 2.38 2.14 2.14 2.12 2.12 2.12 2.12 2.12 2.12 2.12 2.12 2.38 2.38 8.43 6.03 6.03 2.89 2.89 4.55 4.18 4.18 4.18 4.18 4.26 4.26 2.68 2.68 2.71 1.92 1.92 1.92 2.10 2.10 4.28 4.28 3.76 3.76 3.76 1.86 1.86 1.86 1.86 1.86 2.54
4.36 4.36 1.29 1.29 1.29 1.29 1.29 1.29 1.29 1.99 2.15 2.42 2.03 2.42 2.03 2.12 2.12 2.42 2.12 2.42 2.42 2.42 2.42 2.42 2.03 2.03 2.14 2.14 2.14 2.14 2.14 2.14 2.96 2.96 2.91 2.14 2.14 2.50 2.14 2.14 2.14 2.14 2.12 3.50 2.86 2.12 2.89 2.89 2.12 2.12 2.12 2.12 2.12 4.20 5.75 6.03 6.03 4.55 4.18 4.18 4.18 4.18 4.26 2.68 2.68 2.68 2.71 1.92 1.92 1.92 2.10 2.10 4.28 4.28 6.65 3.76 3.76 3.02 1.86 3.74 3.74 1.86 1.86
0.00 0.00 0.00 4.36 1.29 1.29 1.29 1.29 1.29 1.07 2.43 2.12 2.03 4.66 2.42 2.42 3.40 2.03 2.12 2.03 2.12 2.42 2.03 2.42 2.03 2.03 3.47 2.14 2.14 2.14 2.96 2.96 2.96 2.96 2.91 2.91 2.50 2.50 2.38 2.14 2.14 2.14 2.86 2.86 2.86 2.86 2.89 2.89 2.89 3.44 3.44 2.12 2.52 2.52 2.38 6.03 2.89 2.89 4.18 4.18 4.18 4.18 4.26 4.26 2.68 2.68 2.71 1.92 3.09 1.92 2.10 4.28 8.49 4.28 3.76 3.76 1.86 1.86 3.74 1.86 2.54 3.74 1.86
0.00 0.00 0.00 0.00 4.36 1.07 1.07 1.07 1.29 1.29 2.43 2.42 2.42 3.40 2.12 2.42 2.12 2.03 2.12 2.12 2.12 2.42 2.03 2.03 2.03 2.03 2.14 2.14 2.14 3.47 2.14 2.96 2.96 2.96 2.91 2.91 2.91 2.91 2.14 2.54 3.14 4.55 4.52 4.52 4.52 4.52 4.56 2.89 2.89 2.12 2.12 2.12 2.52 2.52 3.65 2.12 2.89 2.89 4.18 4.18 4.18 4.18 4.26 4.26 4.26 2.68 2.71 2.71 0.00 2.71 4.28 4.28 4.28 4.28 3.76 1.49 1.86 1.86 3.74 3.74 3.74 1.86 1.86
0.00 0.00 0.00 0.00 0.00 0.00 0.00 0.00 0.00 0.00 2.43 2.42 3.99 2.12 2.42 2.42 2.03 2.42 2.42 2.42 2.12 2.03 2.83 2.42 2.03 2.03 3.47 2.14 3.57 2.14 2.14 2.90 2.90 2.90 2.85 2.85 2.85 2.14 2.87 2.87 4.54 4.54 4.53 4.53 4.53 4.53 4.54 4.54 2.87 2.87 2.88 2.38 2.12 2.22 4.17 3.96 2.90 2.90 2.62 4.18 4.18 4.18 4.24 4.24 4.24 8.43 4.29 0.00 0.00 0.00 4.28 4.28 0.00 0.00 0.00 3.79 1.49 1.86 1.86 1.86 3.74 1.86 1.86
0.00 0.00 0.00 0.00 0.00 0.00 0.00 0.00 0.00 0.00 0.00 0.00 5.82 2.12 2.12 2.12 2.03 2.03 2.42 2.42 2.03 2.12 2.03 2.42 3.28 2.03 2.14 3.47 2.14 2.97 2.90 2.90 2.90 2.90 2.85 2.85 2.85 2.85 2.87 2.87 2.87 2.87 2.12 2.12 2.87 4.53 4.54 4.54 2.87 2.87 4.82 2.88 4.07 2.38 2.52 2.90 2.90 2.90 2.62 4.18 4.18 4.18 4.24 4.24 4.24 4.24 4.29 0.00 0.00 0.00 0.00 0.00 0.00 0.00 0.00 0.00 0.00 3.79 1.86 3.74 3.74 1.86 2.54
0.00 0.00 0.00 0.00 0.00 0.00 0.00 0.00 0.00 0.00 0.00 0.00 5.82 5.82 5.82 2.03 2.83 2.03 2.03 2.03 2.31 2.31 2.31 2.31 2.42 2.03 2.14 2.14 2.14 2.97 2.90 2.90 2.90 2.90 2.85 2.85 2.85 2.85 2.87 2.87 2.87 2.87 4.80 4.64 2.12 2.87 4.54 4.54 4.54 2.87 2.88 2.38 2.88 2.88 2.52 2.90 2.90 2.90 2.62 2.62 4.18 4.18 4.24 4.24 4.24 4.24 4.29 8.51 4.29 0.00 0.00 0.00 0.00 0.00 0.00 0.00 0.00 0.00 0.00 1.48 3.74 1.86 1.86
0.00 0.00 0.00 0.00 0.00 0.00 0.00 0.00 0.00 0.00 0.00 0.00 0.00 0.00 6.77 6.77 2.83 2.83 2.03 2.42 2.31 2.31 2.83 2.83 2.03 2.03 2.14 5.79 2.53 2.97 2.90 2.90 2.90 2.90 2.85 2.85 2.85 2.85 2.87 2.87 2.87 2.87 2.87 2.87 2.31 4.53 4.54 8.99 4.54 4.54 4.55 2.38 2.38 2.88 2.52 2.52 2.90 4.85 2.62 2.62 4.18 4.18 4.24 4.24 4.24 4.24 4.29 4.29 4.29 0.00 0.00 0.00 0.00 0.00 0.00 0.00 0.00 0.00 3.74 2.13 2.54 2.54 2.54
0.00 0.00 0.00 0.00 0.00 0.00 0.00 0.00 0.00 0.00 0.00 0.00 0.00 0.00 0.00 6.77 4.46 4.46 2.42 2.42 2.83 2.83 5.82 2.83 5.82 2.03 2.14 5.79 5.79 2.91 2.84 2.84 4.74 2.84 2.89 4.56 4.56 4.56 4.66 4.66 4.66 4.66 4.65 4.65 4.65 4.65 4.63 4.63 4.63 4.63 4.56 2.82 4.56 4.56 3.11 2.52 2.52 2.87 4.35 2.62 2.62 2.62 2.66 4.24 4.24 0.00 15.43 0.00 0.00 0.00 0.00 0.00 0.00 0.00 0.00 0.00 0.00 0.00 3.77 1.86 2.54 2.54 2.54
