New_Model_Runs/6_FutureClimate_RCP45_out/post_prcessed_with_MFR/Monthly_summaries/runoff_monthly_MAR.asc
NCOLS 700
NROWS 400
XLLCENTER 515000.000000
YLLCENTER 8409000.000000
CELLSIZE 50.000000
NODATA_value -999.000000
[rows 266 to 303 of 400, columns 168 to 251 of 700]
0.01 0.01 0.01 0.01 0.01 0.09 0.09 0.09 0.10 0.10 0.00 0.00 0.00 0.00 0.00 0.00 0.00 0.00 0.00 0.00 0.00 0.00 0.00 0.10 0.12 0.12 0.00 0.00 0.00 0.00 0.00 0.12 0.00 0.00 0.00 0.00 0.00 0.00 0.00 0.00 0.00 0.00 0.00 0.00 0.00 0.00 0.00 0.00 0.00 0.00 0.03 0.03 0.03 0.03 0.11 0.11 0.10 0.10 0.10 0.10 0.10 0.10 0.16 0.16 0.16 0.10 0.11 0.16 0.16 0.16 0.10 0.10 0.07 0.05 0.04 0.05 0.05 0.27 0.09 0.13 0.13 0.13 0.07 0.13
0.21 0.21 0.14 0.01 0.01 0.00 0.09 0.09 0.10 0.10 0.00 0.00 0.00 0.00 0.00 0.00 0.00 0.00 0.00 0.00 0.00 0.00 0.00 0.10 0.12 0.12 0.00 0.00 0.00 0.00 0.00 0.09 0.00 0.00 0.00 0.00 0.00 0.00 0.00 0.00 0.00 0.00 0.00 0.00 0.00 0.00 0.00 0.00 0.00 0.00 0.03 0.03 0.05 0.03 0.03 0.11 0.10 0.10 0.16 0.10 0.10 0.10 0.10 0.17 0.16 0.16 0.16 0.16 0.16 0.10 0.10 0.10 0.07 0.07 0.07 0.07 0.27 0.08 0.09 0.08 0.09 0.06 0.06 0.06
0.21 0.21 0.14 0.21 0.17 0.14 0.19 0.09 0.09 0.09 0.00 0.00 0.00 0.00 0.00 0.00 0.00 0.00 0.00 0.00 0.00 0.00 0.00 0.10 0.12 0.00 0.00 0.00 0.00 0.00 0.00 0.00 0.00 0.00 0.00 0.00 0.00 0.00 0.00 0.00 0.00 0.00 0.00 0.00 0.00 0.00 0.00 0.00 0.00 0.00 0.03 0.03 0.05 0.03 0.03 0.03 0.16 0.10 0.16 0.10 0.10 0.10 0.16 0.11 0.11 0.11 0.11 0.16 0.11 0.10 0.10 0.10 0.04 0.07 0.27 0.27 0.04 0.06 0.13 0.06 0.13 0.09 0.09 0.06
0.16 0.21 0.16 0.14 0.14 0.14 0.23 0.19 0.24 0.20 0.00 0.00 0.00 0.00 0.00 0.00 0.00 0.00 0.00 0.00 0.00 0.00 0.12 0.10 0.12 0.00 0.00 0.00 0.00 0.12 0.12 0.00 0.00 0.00 0.00 0.00 0.00 0.00 0.00 0.00 0.00 0.00 0.00 0.00 0.00 0.00 0.00 0.00 0.00 0.00 0.03 0.03 0.02 0.02 0.02 0.05 0.16 0.16 0.16 0.16 0.10 0.10 0.16 0.10 0.16 0.16 0.16 0.16 0.11 0.10 0.11 0.10 0.04 0.05 0.05 0.07 0.07 0.13 0.08 0.06 0.13 0.13 0.06 0.25
0.21 0.21 0.21 0.21 0.14 0.21 0.19 0.19 0.20 0.20 0.06 0.00 0.00 0.00 0.00 0.00 0.00 0.00 0.00 0.00 0.00 0.10 0.10 0.10 0.12 0.00 0.00 0.00 0.12 0.12 0.00 0.00 0.00 0.00 0.00 0.00 0.00 0.00 0.00 0.00 0.00 0.00 0.00 0.00 0.00 0.00 0.00 0.00 0.00 0.05 0.02 0.02 0.02 0.02 0.05 0.05 0.16 0.16 0.16 0.12 0.26 0.12 0.10 0.10 0.11 0.16 0.16 0.11 0.10 0.10 0.10 0.10 0.05 0.05 0.05 0.07 0.13 0.13 0.13 0.06 0.13 0.13 0.06 0.00
0.14 0.21 0.58 0.21 0.21 0.21 0.19 0.19 0.20 0.20 0.00 0.00 0.08 0.08 0.01 0.01 0.00 0.10 0.10 0.32 0.01 0.10 0.10 0.10 0.12 0.00 0.00 0.00 0.00 0.00 0.00 0.00 0.00 0.00 0.00 0.00 0.00 0.00 0.00 0.00 0.00 0.00 0.00 0.00 0.00 0.00 0.00 0.00 0.00 0.02 0.02 0.02 0.02 0.02 0.05 0.05 0.16 0.10 0.58 0.14 0.26 0.26 0.12 0.11 0.11 0.11 0.11 0.10 0.49 0.10 0.10 0.49 0.04 0.05 0.07 0.07 0.13 0.13 0.13 0.08 0.13 0.13 0.00 0.00
0.14 0.16 0.58 0.21 0.18 0.18 0.18 0.18 0.19 0.01 0.00 0.00 0.08 0.01 0.01 0.01 0.33 1.07 0.16 0.16 0.00 0.32 0.01 0.10 0.44 0.06 0.02 0.08 0.08 0.08 0.08 0.08 0.08 0.08 0.21 0.02 0.06 0.06 0.06 0.06 0.05 0.05 0.02 0.02 0.02 0.02 0.02 0.02 0.02 0.05 0.02 0.02 0.02 0.02 0.05 0.05 0.10 0.12 0.19 0.58 0.26 0.26 0.12 0.11 0.49 0.11 0.49 0.49 0.16 0.16 0.11 0.10 0.05 0.05 0.07 0.07 0.13 0.13 0.13 0.09 0.08 0.13 0.00 0.00
0.17 0.58 0.14 0.19 0.18 0.20 0.18 0.19 0.19 0.01 0.00 0.00 0.01 0.01 0.01 0.01 0.01 0.30 0.16 0.16 0.07 0.92 0.92 0.11 0.44 0.00 0.08 0.08 0.08 0.08 0.09 0.08 0.08 0.08 0.08 0.02 0.02 0.03 0.06 0.06 0.05 0.05 0.02 0.03 0.03 0.03 0.02 0.04 0.05 0.05 0.05 0.02 0.02 0.03 0.03 0.02 0.13 0.19 0.58 0.19 0.12 0.17 0.19 0.17 0.17 0.11 0.11 0.16 0.10 0.20 0.16 0.49 0.27 0.05 0.07 0.08 0.08 0.13 0.13 0.08 0.09 0.01 0.00 0.00
0.10 0.45 0.02 0.10 0.09 0.09 0.09 0.15 0.02 0.00 0.00 0.00 0.00 0.00 0.00 0.00 0.00 0.13 0.12 0.10 0.21 0.21 0.26 0.21 0.00 0.00 0.00 0.04 0.04 0.04 0.04 0.04 0.04 0.04 0.07 0.01 0.02 0.01 0.01 0.00 0.00 0.01 0.01 0.02 0.01 0.01 0.01 0.01 0.01 0.01 0.01 0.01 0.00 0.00 0.01 0.01 0.00 0.02 0.13 0.13 0.09 0.08 0.05 0.05 0.13 0.08 0.09 0.13 0.27 0.27 0.27 0.27 0.11 0.01 0.03 0.03 0.02 0.02 0.03 0.03 0.02 0.15 0.70 0.00
0.15 0.11 0.10 0.10 0.09 0.01 0.10 0.10 0.00 0.05 0.03 0.00 0.00 0.00 0.00 0.00 0.00 0.13 0.10 0.10 0.21 0.21 0.00 0.00 0.00 0.00 0.00 0.00 0.04 0.05 0.04 0.04 0.04 0.05 0.07 0.23 0.01 0.01 0.01 0.01 0.01 0.01 0.01 0.01 0.01 0.01 0.01 0.01 0.01 0.01 0.01 0.02 0.01 0.00 0.02 0.00 0.00 0.00 0.13 0.13 0.08 0.08 0.05 0.13 0.13 0.09 0.08 0.08 0.08 0.08 0.33 0.33 0.02 0.01 0.03 0.03 0.01 0.01 0.01 0.01 0.01 0.00 0.00 0.01
0.15 0.15 0.15 0.11 0.09 0.01 0.01 0.01 0.05 0.05 0.05 0.05 0.00 0.00 0.00 0.00 0.00 0.00 0.10 0.04 0.22 0.00 0.00 0.00 0.00 0.00 0.00 0.00 0.04 0.04 0.04 0.04 0.04 0.04 0.04 0.05 0.02 0.01 0.00 0.01 0.01 0.01 0.01 0.01 0.01 0.01 0.01 0.01 0.01 0.03 0.02 0.01 0.01 0.00 0.01 0.01 0.00 0.01 0.08 0.13 0.13 0.05 0.05 0.05 0.08 0.09 0.08 0.08 0.08 0.33 0.08 0.05 0.01 0.02 0.03 0.03 0.01 0.02 0.01 0.01 0.01 0.00 0.03 0.02
0.19 0.15 0.10 0.09 0.09 0.09 0.09 0.04 0.05 0.03 0.05 0.02 0.09 0.00 0.00 0.00 0.00 0.00 0.10 0.61 0.00 0.00 0.00 0.00 0.00 0.00 0.00 0.00 0.04 0.04 0.04 0.04 0.04 0.04 0.04 0.07 0.01 0.01 0.01 0.01 0.01 0.02 0.01 0.01 0.01 0.01 0.01 0.01 0.01 0.02 0.01 0.01 0.01 0.01 0.02 0.02 0.01 0.01 0.08 0.08 0.05 0.13 0.05 0.08 0.33 0.08 0.08 0.09 0.08 0.05 0.05 0.05 0.01 0.01 0.03 0.03 0.01 0.01 0.01 0.02 0.01 0.03 0.00 0.01
0.45 0.10 0.15 0.09 0.10 0.10 0.10 0.03 0.03 0.03 0.09 0.09 0.09 0.09 0.09 0.00 0.00 0.15 0.10 0.21 0.00 0.00 0.00 0.00 0.00 0.00 0.00 0.00 0.04 0.04 0.22 0.47 0.22 0.22 0.04 0.04 0.01 0.01 0.01 0.01 0.01 0.01 0.01 0.01 0.01 0.01 0.01 0.01 0.01 0.01 0.01 0.01 0.01 0.01 0.01 0.01 0.01 0.01 0.05 0.13 0.09 0.05 0.05 0.09 0.09 0.33 0.33 0.08 0.09 0.09 0.05 0.05 0.01 0.02 0.02 0.02 0.01 0.00 0.00 0.01 0.01 0.00 0.00 0.01
0.15 0.15 0.10 0.10 0.09 0.10 0.10 0.01 0.03 0.09 0.09 0.09 0.09 0.09 0.09 0.09 0.10 0.10 0.10 0.21 0.00 0.00 0.00 0.00 0.00 0.00 0.00 0.00 0.00 0.04 0.22 0.62 0.22 0.22 0.04 0.02 0.01 0.00 0.02 0.02 0.01 0.01 0.01 0.01 0.01 0.01 0.01 0.01 0.01 0.01 0.01 0.01 0.01 0.01 0.01 0.01 0.01 0.05 0.13 0.13 0.05 0.05 0.05 0.08 0.08 0.33 0.33 0.33 0.12 0.10 0.01 0.05 0.01 0.02 0.02 0.02 0.03 0.01 0.01 0.00 0.00 0.00 0.03 0.01
0.11 0.11 0.10 0.10 0.09 0.09 0.09 0.09 0.09 0.09 0.09 0.09 0.10 0.02 0.10 0.10 0.10 0.10 0.10 0.04 0.04 0.00 0.00 0.00 0.00 0.00 0.00 0.00 0.00 0.08 0.62 0.62 0.22 0.05 0.05 0.00 0.00 0.02 0.01 0.01 0.01 0.01 0.01 0.01 0.01 0.01 0.01 0.01 0.01 0.01 0.01 0.01 0.02 0.11 0.01 0.01 0.06 0.06 0.06 0.13 0.05 0.05 0.09 0.33 0.09 0.33 0.05 0.05 0.05 0.13 0.01 0.05 0.01 0.01 0.01 0.03 0.01 0.01 0.01 0.01 0.70 0.00 0.70 0.70
0.15 0.15 0.10 0.15 0.09 0.09 0.09 0.09 0.84 0.09 0.09 0.09 0.10 0.16 0.16 0.10 0.10 0.10 0.20 0.04 0.04 0.00 0.00 0.00 0.00 0.00 0.00 0.00 0.04 0.04 0.04 0.05 0.04 0.07 0.07 0.02 0.02 0.02 0.01 0.01 0.00 0.01 0.01 0.01 0.01 0.01 0.00 0.00 0.01 0.01 0.01 0.01 0.01 0.02 0.01 0.12 0.05 0.05 0.05 0.05 0.07 0.07 0.07 0.33 0.05 0.08 0.05 0.05 0.05 0.13 0.01 0.05 0.01 0.01 0.03 0.03 0.03 0.01 0.01 0.01 0.01 0.01 0.03 0.19
0.15 0.11 0.15 0.15 0.10 0.09 0.09 0.09 0.84 0.09 0.09 0.84 0.10 0.10 0.12 0.12 0.12 0.10 0.04 0.07 0.07 0.07 0.07 0.00 0.06 0.04 0.07 0.07 0.04 0.04 0.04 0.05 0.07 0.07 0.03 0.02 0.02 0.00 0.02 0.02 0.01 0.02 0.01 0.02 0.01 0.01 0.01 0.01 0.02 0.01 0.01 0.01 0.02 0.01 0.01 0.12 0.12 0.05 0.05 0.12 0.04 0.07 0.27 0.27 0.05 0.06 0.05 0.05 0.06 0.13 0.05 0.05 0.01 0.01 0.03 0.03 0.01 0.01 0.02 0.01 0.01 0.03 0.01 0.01
0.15 0.15 0.15 0.45 0.10 0.09 0.09 0.09 0.09 0.09 0.09 0.09 0.10 0.10 0.16 0.47 0.20 0.10 0.28 0.28 0.04 0.04 0.05 0.28 0.29 0.29 0.04 0.07 0.29 0.04 0.29 0.07 0.07 0.07 0.00 0.02 0.02 0.02 0.02 0.02 0.01 0.01 0.01 0.01 0.02 0.02 0.01 0.01 0.01 0.01 0.01 0.03 0.02 0.01 0.01 0.01 0.08 0.05 0.05 0.05 0.06 0.27 0.05 0.07 0.13 0.13 0.13 0.05 0.13 0.13 0.01 0.05 0.01 0.01 0.03 0.03 0.01 0.01 0.01 0.01 0.01 0.03 0.03 0.03
0.18 0.15 0.15 0.15 0.11 0.09 0.11 0.15 0.09 0.09 0.09 0.09 0.10 0.16 0.47 0.47 0.12 0.13 0.35 0.07 0.28 0.07 0.07 0.07 0.05 0.08 0.08 0.29 0.29 0.05 0.29 0.07 0.10 0.29 0.00 0.00 0.02 0.01 0.01 0.01 0.01 0.01 0.01 0.01 0.01 0.02 0.02 0.11 0.01 0.01 0.01 0.01 0.01 0.01 0.01 0.01 0.01 0.08 0.12 0.06 0.04 0.04 0.04 0.04 0.13 0.13 0.13 0.05 0.13 0.13 0.13 0.06 0.01 0.01 0.01 0.01 0.01 0.01 0.01 0.01 0.03 0.03 0.03 0.03
0.15 0.15 0.15 0.15 0.15 0.10 0.49 0.11 0.12 0.16 0.16 0.09 0.12 0.12 0.16 0.47 0.16 0.12 0.07 0.04 0.28 0.04 0.04 0.04 0.04 0.08 0.29 0.30 0.05 0.29 0.29 0.29 0.05 0.29 0.03 0.02 0.00 0.01 0.01 0.01 0.01 0.01 0.01 0.01 0.01 0.01 0.02 0.01 0.01 0.01 0.01 0.02 0.01 0.01 0.01 0.01 0.01 0.01 0.08 0.12 0.06 0.04 0.04 0.04 0.05 0.09 0.09 0.08 0.09 0.05 0.05 0.05 0.01 0.01 0.01 0.01 0.01 0.01 0.01 0.03 0.03 0.01 0.01 0.03
0.11 0.15 0.15 0.15 0.15 0.15 0.15 0.15 0.02 0.16 0.19 0.16 0.16 0.16 0.12 0.16 0.47 0.28 0.08 0.04 0.07 0.07 0.04 0.04 0.05 0.07 0.29 0.05 0.05 0.29 0.29 0.07 0.05 0.05 0.29 0.07 0.04 0.04 0.04 0.11 0.01 0.01 0.01 0.01 0.02 0.02 0.02 0.02 0.02 0.02 0.02 0.02 0.01 0.01 0.02 0.02 0.01 0.01 0.01 0.12 0.07 0.04 0.04 0.04 0.04 0.08 0.09 0.09 0.05 0.05 0.05 0.05 0.01 0.01 0.01 0.01 0.01 0.00 0.00 0.01 0.01 0.01 0.01 0.01
0.45 0.15 0.15 0.11 0.15 0.25 0.11 0.15 0.16 0.47 0.12 0.12 0.12 0.47 0.16 0.16 0.12 0.04 0.20 0.20 0.07 0.05 0.04 0.07 0.04 0.05 0.04 0.05 0.05 0.29 0.05 0.08 0.07 0.05 0.29 0.04 0.04 0.04 0.04 0.04 0.20 0.01 0.01 0.01 0.01 0.02 0.01 0.01 0.02 0.02 0.01 0.01 0.01 0.01 0.01 0.01 0.01 0.01 0.01 0.01 0.02 0.06 0.04 0.04 0.07 0.07 0.13 0.05 0.05 0.05 0.05 0.05 0.01 0.01 0.01 0.01 0.01 0.01 0.01 0.01 0.01 0.01 0.01 0.01
0.45 0.45 0.18 0.15 0.18 0.11 0.45 0.11 0.19 0.28 0.16 0.10 0.16 0.16 0.12 0.10 0.12 0.04 0.20 0.61 0.07 0.07 0.08 0.07 0.04 0.04 0.04 0.04 0.04 0.04 0.05 0.07 0.07 0.04 0.29 0.05 0.05 0.04 0.05 0.07 0.04 0.04 0.01 0.02 0.01 0.01 0.28 0.28 0.02 0.02 0.01 0.01 0.02 0.02 0.01 0.01 0.01 0.01 0.01 0.01 0.19 0.27 0.05 0.04 0.04 0.04 0.05 0.05 0.05 0.05 0.05 0.05 0.01 0.01 0.01 0.01 0.01 0.01 0.01 0.02 0.01 0.01 0.01 0.01
0.15 0.15 0.11 0.15 0.15 0.15 0.15 0.48 0.47 0.16 0.10 0.10 0.47 0.12 0.10 0.10 0.84 0.20 0.21 0.07 0.28 0.07 0.07 0.04 0.04 0.04 0.04 0.04 0.04 0.05 0.07 0.04 0.07 0.07 0.04 0.29 0.03 0.04 0.04 0.04 0.04 0.04 0.20 0.01 0.01 0.11 0.28 0.28 0.01 0.01 0.01 0.01 0.01 0.01 0.01 0.01 0.01 0.01 0.01 0.01 0.07 0.04 0.04 0.04 0.06 0.06 0.04 0.04 0.13 0.05 0.05 0.05 0.01 0.01 0.01 0.01 0.01 0.01 0.01 0.01 0.01 0.01 0.01 0.02
0.01 0.01 0.01 0.01 0.01 0.01 0.11 0.10 0.10 0.10 0.11 0.01 0.01 0.01 0.00 0.28 0.00 0.00 0.15 0.15 0.15 0.00 0.00 0.00 0.00 0.00 0.00 0.00 0.00 0.00 0.02 0.02 0.02 0.02 0.00 0.02 0.00 0.02 0.00 0.00 0.00 0.00 0.00 0.00 0.00 0.00 0.00 0.00 0.00 0.00 0.00 0.00 0.00 0.00 0.04 0.04 0.00 0.00 0.00 0.08 0.00 0.00 0.01 0.00 0.01 0.00 0.01 0.00 0.14 0.01 0.01 0.01 0.01 0.01 0.00 0.00 0.00 0.00 0.00 0.00 0.00 0.00 0.01 0.01
0.00 0.01 0.00 0.00 0.00 0.01 0.01 0.01 0.01 0.10 0.01 0.01 0.01 0.10 0.00 0.00 0.00 0.00 0.02 0.02 0.15 0.15 0.00 0.00 0.00 0.00 0.00 0.00 0.00 0.00 0.02 0.02 0.02 0.01 0.02 0.02 0.00 0.15 0.02 0.00 0.00 0.00 0.00 0.00 0.00 0.04 0.00 0.00 0.00 0.00 0.00 0.00 0.00 0.00 0.00 0.04 0.00 0.00 0.00 0.08 0.13 0.00 0.00 0.00 0.00 0.00 0.01 0.01 0.14 0.01 0.01 0.01 0.00 0.01 0.01 0.00 0.03 0.03 0.01 0.00 0.00 0.01 0.01 0.01
0.01 0.01 0.01 0.01 0.01 0.01 0.01 0.00 0.00 0.10 0.01 0.01 0.01 0.01 0.01 0.00 0.00 0.00 0.02 0.06 0.15 0.15 0.15 0.00 0.00 0.00 0.02 0.02 0.00 0.00 0.00 0.00 0.02 0.01 0.00 0.00 0.00 0.02 0.02 0.02 0.01 0.01 0.01 0.00 0.00 0.00 0.00 0.00 0.00 0.00 0.00 0.00 0.00 0.00 0.00 0.00 0.00 0.00 0.00 0.08 0.00 0.00 0.00 0.00 0.00 0.00 0.00 0.00 0.14 0.14 0.01 0.01 0.00 0.00 0.01 0.03 0.03 0.01 0.01 0.01 0.01 0.01 0.01 0.01
0.00 0.00 0.01 0.01 0.01 0.01 0.01 0.00 0.01 0.00 0.01 0.01 0.01 0.00 0.01 0.01 0.15 0.00 0.02 0.02 0.02 0.02 0.00 0.00 0.00 0.00 0.02 0.02 0.00 0.00 0.00 0.02 0.00 0.01 0.00 0.00 0.02 0.02 0.02 0.02 0.01 0.01 0.01 0.02 0.00 0.00 0.00 0.00 0.00 0.00 0.00 0.00 0.00 0.00 0.00 0.00 0.00 0.00 0.00 0.00 0.00 0.01 0.01 0.01 0.00 0.00 0.01 0.14 0.14 0.14 0.14 0.01 0.01 0.00 0.03 0.03 0.01 0.01 0.01 0.01 0.01 0.01 0.01 0.01
0.10 0.00 0.01 0.01 0.00 0.01 0.00 0.00 0.01 0.01 0.00 0.00 0.00 0.00 0.01 0.00 0.15 0.02 0.02 0.02 0.01 0.01 0.00 0.00 0.00 0.02 0.01 0.02 0.02 0.02 0.02 0.02 0.01 0.00 0.00 0.00 0.00 0.00 0.02 0.02 0.01 0.01 0.01 0.44 0.44 0.00 0.00 0.00 0.00 0.00 0.00 0.00 0.00 0.00 0.00 0.00 0.00 0.00 0.00 0.00 0.13 0.00 0.01 0.13 0.00 0.00 0.00 0.00 0.14 0.00 0.00 0.00 0.00 0.12 0.03 0.03 0.01 0.01 0.01 0.11 0.01 0.11 0.01 0.01
0.10 0.00 0.01 0.00 0.01 0.00 0.01 0.01 0.01 0.01 0.01 0.00 0.00 0.00 0.00 0.00 0.00 0.00 0.15 0.15 0.01 0.01 0.15 0.02 0.00 0.02 0.02 0.02 0.00 0.00 0.00 0.15 0.02 0.00 0.02 0.02 0.00 0.00 0.00 0.00 0.00 0.00 0.00 0.44 0.44 0.44 0.44 0.14 0.14 0.00 0.00 0.00 0.00 0.00 0.00 0.00 0.00 0.00 0.00 0.00 0.13 0.00 0.00 0.01 0.00 0.00 0.00 0.01 0.01 0.00 0.00 0.00 0.00 0.00 0.12 0.03 0.00 0.00 0.00 0.01 0.01 0.01 0.01 0.01
0.10 0.00 0.01 0.01 0.01 0.01 0.01 0.01 0.01 0.01 0.01 0.01 0.01 0.00 0.00 0.00 0.00 0.01 0.02 0.15 0.15 0.02 0.02 0.02 0.02 0.02 0.02 0.02 0.02 0.00 0.00 0.02 0.00 0.00 0.00 0.00 0.00 0.00 0.01 0.02 0.01 0.00 0.00 0.38 0.44 0.44 0.44 0.44 0.14 0.00 0.00 0.00 0.00 0.00 0.00 0.00 0.00 0.00 0.00 0.00 0.13 0.02 0.01 0.00 0.00 0.01 0.00 0.00 0.00 0.14 0.14 0.00 0.00 0.01 0.01 0.01 0.00 0.00 0.00 0.01 0.01 0.01 0.01 0.01
0.10 0.00 0.00 0.00 0.00 0.01 0.01 0.01 0.01 0.01 0.01 0.01 0.01 0.01 0.01 0.02 0.00 0.15 0.02 0.02 0.02 0.15 0.01 0.00 0.02 0.02 0.02 0.00 0.39 0.01 0.00 0.00 0.02 0.02 0.02 0.00 0.00 0.00 0.00 0.00 0.00 0.00 0.00 0.00 0.00 0.44 0.44 0.44 0.44 0.00 0.00 0.00 0.00 0.00 0.00 0.00 0.00 0.00 0.00 0.13 0.13 0.00 0.01 0.00 0.01 0.01 0.00 0.00 0.00 0.00 0.13 0.00 0.01 0.01 0.01 0.01 0.01 0.00 0.01 0.08 0.01 0.01 0.01 0.01
0.01 0.10 0.00 0.00 0.26 0.01 0.01 0.01 0.01 0.01 0.01 0.01 0.01 0.01 0.28 0.00 0.02 0.00 0.02 0.02 0.00 0.02 0.00 0.02 0.02 0.02 0.01 0.02 0.15 0.01 0.15 0.00 0.02 0.01 0.01 0.00 0.01 0.01 0.00 0.00 0.00 0.00 0.00 0.00 0.00 0.02 0.44 0.14 0.14 0.00 0.00 0.00 0.00 0.00 0.00 0.00 0.00 0.00 0.00 0.01 0.00 0.01 0.00 0.01 0.00 0.01 0.01 0.01 0.00 0.00 0.01 0.00 0.01 0.01 0.00 0.01 0.00 0.11 0.08 0.00 0.01 0.01 0.01 0.01
0.01 0.01 0.00 0.10 0.01 0.01 0.01 0.01 0.01 0.01 0.01 0.01 0.01 0.01 0.01 0.02 0.02 0.02 0.02 0.02 0.02 0.00 0.00 0.00 0.00 0.02 0.02 0.39 0.01 0.15 0.01 0.15 0.15 0.15 0.00 0.00 0.01 0.01 0.02 0.00 0.00 0.00 0.00 0.00 0.00 0.00 0.01 0.00 0.00 0.01 0.00 0.00 0.00 0.00 0.00 0.00 0.13 0.13 0.00 0.13 0.00 0.00 0.01 0.00 0.01 0.00 0.01 0.01 0.01 0.00 0.01 0.01 0.00 0.01 0.00 0.01 0.01 0.00 0.11 0.01 0.01 0.11 0.01 0.01
0.01 0.00 0.01 0.10 0.00 0.00 0.00 0.00 0.01 0.01 0.01 0.01 0.01 0.00 0.01 0.01 0.01 0.01 0.01 0.02 0.02 0.00 0.02 0.02 0.00 0.00 0.02 0.15 0.01 0.00 0.02 0.02 0.02 0.15 0.02 0.00 0.00 0.02 0.00 0.00 0.00 0.00 0.00 0.00 0.00 0.00 0.00 0.00 0.00 0.01 0.01 0.14 0.14 0.00 0.00 0.00 0.00 0.00 0.00 0.13 0.00 0.01 0.01 0.00 0.01 0.00 0.00 0.01 0.00 0.00 0.00 0.01 0.01 0.00 0.00 0.00 0.11 0.00 0.11 0.11 0.08 0.01 0.01 0.01
0.01 0.01 0.01 0.10 0.00 0.01 0.00 0.00 0.00 0.00 0.00 0.01 0.00 0.00 0.00 0.00 0.00 0.02 0.02 0.00 0.00 0.00 0.00 0.01 0.02 0.00 0.02 0.02 0.02 0.01 0.00 0.02 0.01 0.15 0.02 0.02 0.15 0.00 0.02 0.02 0.00 0.00 0.01 0.00 0.00 0.00 0.01 0.01 0.00 0.02 0.00 0.00 0.01 0.00 0.00 0.00 0.00 0.00 0.00 0.01 0.00 0.00 0.01 0.01 0.00 0.01 0.01 0.00 0.00 0.00 0.00 0.00 0.11 0.11 0.00 0.00 0.00 0.00 0.00 0.11 0.01 0.01 0.01 0.01
0.01 0.01 0.00 0.00 0.00 0.10 0.00 0.00 0.01 0.01 0.00 0.01 0.10 0.00 0.00 0.00 0.02 0.00 0.00 0.02 0.00 0.00 0.00 0.00 0.00 0.02 0.02 0.02 0.02 0.15 0.02 0.02 0.00 0.02 0.00 0.02 0.02 0.01 0.15 0.00 0.00 0.00 0.01 0.00 0.00 0.00 0.01 0.01 0.01 0.00 0.01 0.00 0.00 0.00 0.00 0.00 0.00 0.00 0.00 0.00 0.00 0.00 0.01 0.01 0.01 0.01 0.00 0.00 0.00 0.01 0.01 0.01 0.11 0.11 0.00 0.00 0.01 0.01 0.01 0.11 0.11 0.02 0.01 0.01
0.01 0.00 0.01 0.01 0.10 0.00 0.01 0.00 0.01 0.01 0.01 0.01 0.01 0.00 0.00 0.02 0.00 0.00 0.02 0.00 0.15 0.00 0.00 0.00 0.02 0.02 0.02 0.02 0.02 0.02 0.02 0.00 0.02 0.02 0.00 0.00 0.02 0.01 0.01 0.15 0.01 0.01 0.01 0.00 0.01 0.01 0.01 0.00 0.00 0.00 0.00 0.14 0.14 0.00 0.14 0.00 0.00 0.00 0.00 0.00 0.00 0.00 0.00 0.00 0.01 0.01 0.00 0.00 0.00 0.01 0.00 0.00 0.00 0.01 0.00 0.00 0.01 0.02 0.03 0.00 0.00 0.01 0.02 0.01
