New_Model_Runs/6_FutureClimate_RCP45_out/post_prcessed_with_MFR/Monthly_summaries/runoff_monthly_OCT.asc
NCOLS 700
NROWS 400
XLLCENTER 515000.000000
YLLCENTER 8409000.000000
CELLSIZE 50.000000
NODATA_value -999.000000
[rows 114 to 151 of 400, columns 420 to 503 of 700]
2.62 4.94 2.62 4.96 2.65 2.65 2.65 1.28 1.28 1.28 1.28 1.28 2.15 1.38 1.38 1.38 1.45 1.45 1.45 1.45 1.52 1.52 0.22 0.22 0.49 0.49 0.22 0.22 1.14 0.36 0.52 0.46 0.37 0.64 1.27 1.27 1.25 1.25 1.25 1.25 1.21 1.21 1.21 1.21 1.11 1.11 1.11 1.11 1.12 1.12 1.12 1.12 1.18 1.18 1.18 0.40 0.42 0.35 0.61 0.50 0.24 0.24 0.40 1.17 1.16 0.93 1.36 0.93 2.21 2.21 0.85 1.52 1.46 1.46 1.46 1.46 1.41 1.41 1.41 1.41 0.59 0.86 0.86 0.59
2.62 2.62 2.62 2.62 2.65 2.65 2.65 2.65 1.28 1.28 1.28 1.28 1.38 1.38 1.38 1.38 1.45 1.45 1.45 1.45 1.52 0.48 0.60 0.48 0.49 0.22 0.22 0.49 0.23 0.69 0.52 0.37 0.44 0.69 0.81 1.27 1.25 1.25 1.25 1.25 1.21 1.21 1.21 1.21 1.11 1.11 1.11 1.11 1.12 1.12 1.12 1.80 1.18 1.18 1.18 1.18 0.35 0.35 0.35 0.35 0.32 0.40 0.40 1.17 1.16 0.93 0.93 0.93 2.21 2.21 2.77 1.52 1.46 1.46 1.46 1.46 1.41 1.41 1.41 1.41 1.19 0.84 0.59 0.59
2.72 2.72 2.72 2.72 2.75 2.75 2.75 2.75 1.33 1.33 1.33 1.33 1.42 1.42 1.42 1.42 1.44 1.44 1.44 1.44 1.49 0.47 0.47 0.47 0.47 0.47 0.47 1.50 1.54 1.54 0.42 1.36 0.42 0.42 0.42 0.44 0.43 1.26 1.26 1.26 1.22 1.22 0.42 0.42 0.76 1.13 1.13 1.13 1.12 1.12 1.12 1.12 1.87 1.90 1.18 0.40 0.42 0.35 0.35 0.35 0.44 0.32 0.39 1.16 1.14 0.38 0.38 0.54 0.23 2.21 2.77 1.50 2.48 1.45 1.45 1.45 1.39 1.39 1.39 1.39 0.81 0.56 0.56 1.39
2.72 2.72 2.72 2.72 2.75 2.75 2.75 2.75 2.72 1.33 1.33 1.33 1.42 1.42 1.42 1.42 1.44 1.44 1.44 1.44 1.49 0.47 0.47 1.49 1.50 1.50 1.50 0.61 1.54 0.46 0.42 0.53 0.42 0.42 0.44 0.44 0.37 0.43 0.43 0.43 0.42 0.42 0.42 0.42 0.38 1.13 1.81 1.13 1.12 1.81 1.12 1.12 1.18 1.18 1.18 0.40 0.42 0.42 1.22 1.22 0.39 0.39 0.23 1.16 1.14 1.14 1.14 0.38 0.37 0.37 1.50 1.50 1.45 1.45 1.45 1.45 1.39 2.38 1.39 1.39 0.56 1.39 1.39 1.39
2.72 2.72 2.72 2.72 2.75 2.75 2.75 2.75 2.72 1.33 1.33 1.33 1.42 1.42 1.42 1.42 2.24 2.25 1.44 1.44 1.49 1.49 1.49 1.49 1.50 1.50 1.50 1.50 0.46 0.64 0.37 0.37 0.57 0.44 0.44 0.44 0.43 0.61 0.43 0.61 0.42 0.42 0.42 0.42 0.38 1.13 1.13 1.13 1.12 1.81 1.12 1.12 1.18 1.18 1.90 1.90 1.22 1.22 1.22 1.22 1.90 0.39 0.35 1.86 1.14 1.14 1.14 1.84 0.74 0.52 1.50 1.50 1.45 1.45 1.45 1.45 1.39 2.38 1.39 1.39 1.39 2.38 1.39 1.39
2.72 2.72 2.72 2.72 2.75 2.75 2.75 2.75 2.72 1.33 1.33 1.33 1.42 1.42 1.42 1.42 1.44 1.44 1.44 1.44 1.49 1.49 1.49 1.49 1.50 2.33 1.50 1.50 1.54 2.43 1.27 0.44 0.44 0.52 0.44 0.44 0.43 0.43 0.43 0.43 1.22 1.22 1.22 1.22 1.13 2.33 1.81 1.13 1.12 1.12 1.12 1.12 1.18 1.18 1.18 1.18 1.22 1.22 1.22 1.22 1.16 0.39 0.39 1.16 2.36 1.84 1.14 1.14 1.10 0.37 1.50 1.50 1.45 1.45 1.45 1.45 1.39 1.39 1.39 1.39 1.39 1.39 1.39 2.32
2.85 2.85 2.85 2.85 2.85 2.85 2.85 2.85 2.83 2.83 1.40 1.40 1.47 1.47 1.47 1.47 1.44 1.44 1.44 1.44 1.43 1.43 1.43 1.43 1.47 1.47 1.47 1.47 1.53 1.26 1.26 0.43 0.37 0.52 0.60 0.44 0.43 1.25 1.25 1.25 1.22 1.22 1.22 1.22 1.14 2.36 1.83 1.14 1.14 1.14 1.14 1.83 1.16 1.16 1.16 2.63 1.18 1.18 1.18 1.18 1.13 1.13 1.13 1.13 1.10 1.10 1.10 1.10 1.07 1.71 1.46 1.46 1.43 1.43 1.43 1.43 1.30 1.30 1.30 2.22 1.28 2.18 1.28 2.18
2.85 2.85 1.70 2.85 2.85 2.85 2.85 2.85 2.83 2.83 1.40 1.40 1.47 1.47 1.47 1.47 1.44 1.44 1.44 1.44 1.43 1.43 2.23 1.43 1.47 1.47 0.46 0.46 0.49 0.43 0.43 0.37 0.37 0.37 0.97 0.44 0.87 1.25 1.25 1.25 1.22 1.22 1.22 1.22 1.83 1.83 1.14 1.14 1.14 1.14 1.83 1.14 1.16 1.16 1.16 1.16 1.18 1.90 1.18 1.18 1.13 1.13 1.81 3.31 3.03 1.77 1.10 1.10 1.07 1.07 1.46 1.46 2.45 1.43 2.45 1.43 1.30 1.30 1.30 1.30 1.28 1.28 1.28 1.28
2.85 2.85 1.70 1.70 2.85 2.85 2.85 2.02 2.83 2.83 2.83 1.40 1.47 1.47 1.47 1.47 1.44 1.44 1.44 1.44 1.43 1.43 1.43 1.43 1.47 0.46 0.46 0.46 0.49 0.43 0.37 0.57 0.42 0.44 0.44 0.44 0.43 1.25 1.25 1.25 1.22 1.96 1.22 1.22 1.14 1.14 1.14 1.14 1.14 1.83 1.14 1.14 1.16 1.16 1.16 1.16 1.18 1.18 1.18 1.18 1.13 1.13 1.13 1.13 1.77 1.10 1.10 1.10 1.07 1.71 3.31 1.46 1.43 1.43 1.43 1.43 1.30 1.30 1.30 1.30 1.28 1.28 1.28 1.28
2.85 1.70 1.70 1.70 1.69 1.69 1.69 1.69 2.83 2.83 2.83 1.40 1.47 1.47 1.47 1.47 1.44 1.44 1.44 1.44 1.43 1.43 1.43 1.43 1.47 1.47 1.47 1.47 1.53 1.26 1.26 0.42 0.42 0.42 0.44 0.37 0.43 1.25 1.25 1.25 1.22 1.22 1.22 1.22 1.14 1.14 1.14 1.14 1.14 1.14 1.83 1.14 1.16 1.16 1.16 2.61 1.18 1.18 1.18 1.18 1.13 1.13 1.13 1.77 1.10 1.10 1.10 1.10 1.07 1.08 1.46 2.47 1.43 1.43 1.43 1.43 1.30 1.30 1.30 1.30 1.28 1.28 1.28 1.28
2.89 1.72 1.36 1.72 1.73 1.73 1.73 1.73 1.36 2.11 2.11 2.89 1.52 0.48 0.48 1.52 1.49 1.49 1.49 0.47 1.43 1.43 0.49 1.43 1.43 1.43 1.43 1.43 1.50 1.24 1.24 0.81 0.81 0.42 0.70 0.37 0.43 0.43 1.24 1.24 1.22 1.22 1.22 1.22 1.16 1.16 1.16 1.16 1.14 1.14 1.14 1.14 1.13 1.13 1.13 1.82 1.14 1.14 1.14 1.14 1.08 1.73 1.08 1.08 1.05 1.05 1.05 1.05 1.04 1.04 1.42 1.42 1.42 1.42 1.42 1.42 1.30 1.30 1.30 1.30 1.31 1.31 1.31 1.31
1.84 1.36 1.72 1.36 1.73 1.47 1.73 1.36 1.65 1.65 1.65 1.65 0.48 0.48 0.48 0.48 0.22 0.47 0.47 0.22 0.24 1.43 1.43 1.43 1.43 1.43 1.43 1.43 1.50 1.24 1.24 1.24 0.81 0.81 0.42 0.42 0.43 0.43 1.24 1.24 1.22 1.22 1.22 1.22 1.16 1.87 1.16 1.16 1.14 1.14 1.14 1.14 1.13 1.13 1.13 1.13 1.14 1.14 1.14 3.42 1.08 1.73 1.08 1.08 1.05 1.05 1.05 1.05 1.04 1.05 1.42 1.42 1.42 1.42 1.42 1.42 1.30 1.30 1.30 1.30 1.31 1.31 1.31 1.31
1.36 1.36 1.47 1.47 1.47 1.47 1.73 1.73 1.25 1.36 2.83 1.47 0.27 0.27 0.27 1.11 0.22 0.47 0.80 0.22 0.44 0.44 1.43 1.43 1.43 1.43 1.43 1.43 1.50 1.24 1.24 1.24 2.02 0.68 0.64 0.37 0.43 0.43 0.43 1.24 1.22 1.22 1.22 1.94 1.16 1.16 1.16 1.16 1.14 1.14 1.14 1.14 1.13 1.13 1.13 1.13 1.14 1.14 1.14 1.84 1.77 1.73 1.08 1.08 1.05 1.05 1.05 1.05 1.04 1.04 1.42 1.42 1.42 1.42 1.42 1.42 1.30 1.30 1.30 1.30 1.31 1.31 1.31 1.31
1.36 1.47 1.36 1.47 2.83 1.65 1.47 1.47 2.83 1.65 2.83 1.47 1.56 0.27 0.27 0.48 0.47 0.47 0.47 0.22 0.28 0.44 0.81 1.43 1.43 1.43 1.43 1.43 1.50 2.37 1.24 1.24 1.25 1.25 1.25 0.49 0.37 0.60 0.43 0.43 1.22 1.22 1.22 1.22 1.16 1.16 1.16 1.16 1.14 1.14 1.14 1.14 1.82 1.82 1.13 1.13 1.14 1.14 1.14 1.14 1.08 1.71 1.08 1.08 1.05 1.05 1.05 1.05 1.04 1.04 1.42 1.42 1.42 1.42 1.42 1.42 1.30 1.30 1.30 1.30 1.31 1.31 1.31 1.31
1.72 1.47 1.65 1.65 2.83 2.83 2.83 1.36 2.83 1.36 1.36 1.47 1.56 0.27 0.49 0.49 0.48 0.48 0.30 0.22 0.22 0.24 0.69 1.45 1.40 1.40 0.92 1.40 1.45 1.20 1.20 1.20 1.24 1.24 0.43 0.49 0.43 0.43 0.61 0.43 0.85 2.00 1.24 0.61 0.40 0.40 0.40 1.17 1.15 1.15 1.15 1.15 1.12 1.80 1.12 1.12 1.11 1.11 1.11 1.11 1.05 1.05 1.05 1.05 1.06 1.06 1.06 1.06 1.06 1.06 1.45 1.45 1.45 1.45 1.45 1.45 1.40 1.40 1.40 1.40 1.41 1.41 1.41 1.41
2.83 2.83 1.65 2.83 1.65 2.83 2.83 1.36 2.83 1.47 2.83 1.47 1.44 1.44 0.49 0.60 0.48 0.48 0.22 0.22 0.31 0.24 1.45 1.45 1.40 0.92 0.92 0.92 1.20 1.20 1.20 1.20 1.24 1.24 0.43 0.43 0.37 0.37 0.43 0.43 1.48 0.42 0.42 0.42 0.40 0.40 0.75 0.79 0.39 1.84 1.15 1.15 1.12 1.12 1.12 1.12 1.11 1.11 1.11 1.11 1.05 1.67 1.05 1.05 1.06 1.06 1.06 1.06 1.06 1.06 1.45 1.45 1.45 1.45 1.45 1.45 1.40 1.40 1.40 1.40 1.41 1.41 1.41 1.41
1.58 2.72 1.58 2.72 2.72 2.72 1.58 2.72 1.19 1.30 1.41 1.30 1.39 1.90 0.46 0.79 0.82 1.07 0.25 0.45 0.21 1.39 1.39 2.16 0.88 0.88 0.88 0.88 1.18 1.23 1.99 1.23 1.27 1.27 0.44 0.89 0.44 0.44 2.07 1.28 0.89 0.44 0.44 0.44 0.42 1.22 1.98 0.85 0.41 1.20 2.75 1.20 1.17 1.17 1.17 1.17 1.16 1.16 1.87 1.16 1.03 1.03 1.03 1.03 1.04 1.04 1.04 1.04 1.04 1.04 1.42 1.42 1.42 1.42 1.42 1.42 1.29 1.29 2.29 1.29 1.30 1.30 1.30 1.30
2.72 1.58 1.58 2.72 1.19 2.72 2.72 6.05 2.46 2.72 1.30 1.66 1.39 1.90 0.21 0.21 0.45 1.45 2.25 1.45 1.39 1.39 1.39 1.39 1.21 0.88 0.88 0.88 1.18 1.23 1.23 1.23 1.27 1.27 1.27 0.44 0.44 1.28 1.28 1.28 0.44 0.44 0.44 0.44 1.22 1.22 1.22 1.22 1.20 1.20 1.20 1.20 1.17 1.17 1.17 1.17 1.16 1.16 1.16 1.16 1.03 1.03 1.03 1.03 1.04 1.04 1.04 1.04 0.52 1.04 1.42 1.42 1.42 1.42 1.42 1.42 1.29 1.29 1.29 1.29 1.30 1.30 1.30 1.30
2.72 1.19 1.58 1.58 1.19 2.72 1.19 1.58 3.84 1.30 1.41 1.65 1.89 1.89 1.39 0.21 2.22 1.43 1.43 1.43 1.37 1.37 1.37 1.84 0.88 0.88 0.88 0.88 1.18 1.20 1.20 1.20 1.24 1.24 0.43 0.43 1.25 1.25 1.25 1.25 0.43 1.25 1.25 1.25 1.21 1.21 1.21 1.21 1.18 1.18 1.18 1.18 2.65 1.16 1.16 1.16 1.16 1.16 1.16 1.16 1.05 1.05 1.05 1.05 1.07 1.07 1.07 1.07 2.17 1.06 1.45 1.45 1.45 1.45 1.45 1.45 1.31 1.31 1.31 1.31 2.31 1.32 1.32 1.32
1.58 2.72 2.72 1.58 1.19 1.58 1.58 1.58 2.72 1.65 1.65 2.99 1.39 2.92 1.89 2.26 1.43 1.43 1.43 1.43 1.37 2.12 1.37 1.37 1.34 1.21 0.88 0.88 1.18 1.20 1.20 1.20 1.24 0.43 0.43 1.24 1.25 1.25 1.25 1.25 1.25 2.02 1.25 1.25 1.21 1.21 1.21 1.21 1.18 1.18 1.18 1.18 1.16 1.16 1.16 1.16 1.16 1.16 1.16 1.16 1.05 1.05 1.05 1.05 1.07 1.07 1.07 1.07 1.06 1.06 1.45 1.45 1.45 1.45 1.45 1.45 1.31 1.31 1.31 1.31 1.32 1.32 1.32 1.32
0.00 0.00 1.58 1.58 1.58 2.72 1.58 1.58 1.30 1.65 2.78 2.78 6.08 1.89 3.26 3.26 1.43 1.43 1.43 1.43 1.37 1.37 1.37 1.37 0.88 0.88 0.88 0.88 1.18 1.18 1.20 1.20 2.81 1.24 1.24 1.24 1.25 1.25 1.25 1.25 1.25 1.25 1.25 1.25 1.21 1.21 1.95 1.21 1.18 1.18 1.91 1.18 1.16 1.16 1.16 1.16 1.16 1.16 1.16 1.16 1.05 1.05 1.05 1.05 1.07 1.07 1.07 1.07 1.06 1.06 1.45 1.45 1.45 1.45 1.45 1.45 1.31 1.31 1.31 1.31 1.32 1.32 1.32 1.32
0.00 0.00 0.00 4.07 2.72 1.58 2.72 1.58 1.41 2.78 2.78 2.78 3.26 3.26 3.26 3.26 1.43 1.43 1.43 1.43 1.37 1.37 0.88 0.88 1.21 0.88 0.88 0.88 1.18 1.18 1.20 1.20 1.79 1.24 1.24 1.18 1.18 1.18 1.25 1.25 1.25 1.25 2.01 1.25 1.21 1.94 1.21 1.21 1.18 3.29 1.91 1.18 1.16 1.16 1.16 1.16 1.16 1.16 1.16 1.16 1.05 1.05 1.05 1.05 1.07 1.07 1.07 1.07 1.06 1.06 1.45 1.45 1.45 1.45 1.45 1.45 1.31 1.31 1.31 1.31 1.32 1.32 1.32 1.32
0.00 0.00 0.00 0.00 2.72 2.72 2.72 2.03 2.73 2.73 2.73 2.73 2.85 2.85 2.85 2.85 1.37 1.37 1.37 1.37 1.32 0.88 0.88 0.88 1.21 0.88 0.88 0.88 1.18 1.18 1.18 1.18 1.18 1.18 1.18 1.18 1.18 1.23 1.88 1.23 1.24 1.24 1.24 1.24 1.19 1.19 1.19 1.19 1.18 1.18 1.18 1.18 1.17 1.17 1.17 1.17 1.17 1.17 1.17 1.17 1.05 1.05 1.05 1.05 1.06 1.06 1.06 1.06 1.07 1.07 1.46 1.46 1.48 1.48 1.48 1.48 1.32 1.32 1.32 1.32 1.31 1.31 1.31 1.31
0.00 0.00 0.00 0.00 2.72 2.72 2.76 2.76 5.15 2.73 2.73 5.15 5.75 2.85 2.85 2.85 2.79 1.37 1.37 1.85 1.32 1.32 0.88 0.88 0.88 0.88 0.88 0.88 1.18 1.18 2.47 1.79 1.18 1.18 1.18 1.18 1.18 1.18 1.18 1.23 1.24 1.24 1.24 1.24 1.19 1.19 1.19 1.19 1.18 1.18 1.18 1.18 1.17 1.17 1.17 1.17 1.17 1.17 1.17 1.17 1.05 1.05 1.05 1.05 1.06 1.06 1.06 1.06 1.07 1.07 1.46 1.46 4.39 2.53 1.48 1.48 1.32 1.32 1.32 1.32 1.31 1.31 2.31 1.31
0.00 0.00 0.00 0.00 2.72 2.72 5.56 2.76 5.15 2.73 2.73 2.73 2.85 5.75 2.85 2.85 2.79 1.37 1.37 0.88 0.88 0.88 0.88 0.88 0.88 0.88 0.88 0.88 1.18 1.18 1.18 1.18 1.18 1.18 1.18 1.18 1.18 1.18 1.18 1.23 1.24 1.24 1.24 1.24 1.19 1.19 1.19 1.19 1.91 1.18 1.90 2.68 1.17 1.17 1.17 1.88 1.17 1.17 1.17 1.17 1.05 1.05 1.05 1.05 1.06 1.06 1.06 1.06 1.07 1.07 1.46 1.46 2.52 3.37 1.48 1.48 1.32 1.32 1.32 1.32 2.31 1.31 1.31 0.94
0.00 0.00 0.00 0.00 0.00 2.76 2.76 2.76 2.73 2.73 2.73 2.73 2.85 2.85 2.85 2.85 2.62 2.62 0.88 0.88 0.88 0.88 0.88 0.88 0.88 0.88 0.88 0.88 1.18 1.18 1.33 1.18 1.18 1.18 1.18 1.18 1.23 1.23 1.23 1.23 1.99 1.24 1.24 1.24 1.92 1.19 1.19 1.19 1.18 1.18 1.18 1.18 3.87 2.66 2.66 1.17 1.17 1.17 1.17 1.17 1.75 1.05 1.05 1.05 1.06 1.70 1.06 1.06 1.07 1.07 1.46 1.46 1.48 1.48 2.53 1.48 1.32 1.32 1.32 1.32 1.31 2.30 3.08 1.64
0.00 0.00 0.00 0.00 0.00 2.72 2.72 2.72 2.70 2.70 2.70 2.70 2.79 2.79 2.79 2.79 2.69 2.69 1.31 0.88 0.88 0.88 0.88 0.88 0.88 0.88 0.88 1.08 1.18 1.18 0.26 1.18 1.18 1.18 1.18 1.22 1.24 1.24 2.84 2.00 1.23 1.23 1.23 1.23 1.19 1.19 1.19 1.19 1.90 1.18 1.18 1.18 1.17 1.17 1.17 1.17 1.18 1.18 1.18 1.18 1.04 1.04 1.04 1.04 1.67 1.04 1.04 1.04 1.06 1.06 1.45 1.45 1.50 1.50 1.50 2.56 1.38 1.38 1.38 1.38 1.31 1.31 1.31 1.31
0.00 0.00 0.00 0.00 2.99 2.72 2.72 5.11 2.70 1.76 2.70 2.70 2.79 2.79 2.79 2.79 2.69 2.69 1.31 1.31 1.29 0.88 0.88 1.29 1.33 0.88 0.88 1.08 1.18 1.18 1.18 1.18 1.18 1.18 1.22 1.22 1.24 1.24 1.24 1.24 1.23 1.23 1.98 1.23 1.19 1.19 1.19 1.19 1.18 1.18 1.18 1.18 1.17 1.17 1.17 1.17 1.18 1.18 1.18 1.18 1.04 1.04 1.04 1.04 1.04 1.04 1.04 1.04 1.69 1.06 1.45 1.45 1.50 1.50 1.50 1.50 1.38 1.38 1.38 1.38 2.53 1.31 1.31 1.31
0.00 0.00 0.00 2.72 2.72 2.72 2.72 2.72 1.76 1.30 1.59 1.59 1.66 1.66 1.66 2.79 2.69 2.69 2.69 1.31 1.29 1.29 1.29 1.29 1.33 1.33 0.88 1.08 1.18 1.18 1.18 1.18 1.18 1.18 1.18 1.22 1.24 1.24 1.24 1.24 1.23 1.23 1.23 1.23 1.19 1.19 1.92 1.19 1.18 1.18 1.18 1.18 1.17 1.17 1.17 1.17 1.18 1.18 1.18 1.18 1.04 1.04 1.04 1.04 1.04 1.04 1.04 1.04 1.69 1.06 1.45 1.45 1.50 1.50 1.50 0.61 1.38 1.38 1.38 1.38 1.31 1.31 1.31 1.31
0.00 0.00 0.00 2.72 1.61 5.13 2.72 1.76 1.30 1.30 1.30 1.30 1.66 1.66 1.66 1.66 2.69 2.69 2.69 1.31 1.29 1.29 1.29 1.29 1.33 1.33 1.33 1.08 1.18 1.18 1.18 1.18 1.18 1.18 1.18 1.18 1.24 1.24 1.24 1.24 1.23 1.23 1.23 1.23 1.19 1.19 1.19 1.19 1.91 1.18 1.18 1.18 1.17 1.88 1.17 1.17 1.18 1.18 1.18 1.18 1.04 1.04 1.04 1.04 1.04 1.04 1.04 1.04 1.06 1.06 1.45 1.45 1.50 1.50 1.50 0.61 0.56 1.38 1.38 1.38 1.31 1.31 1.12 1.31
0.00 0.00 0.00 4.96 2.72 1.30 1.30 1.30 1.30 1.30 1.59 1.59 1.63 1.63 1.63 2.76 2.65 2.65 2.65 2.65 1.33 1.33 1.33 1.33 1.38 1.38 1.38 1.14 1.26 1.26 1.18 1.18 1.18 1.18 1.18 1.18 1.25 1.25 1.25 1.25 1.21 1.21 1.21 1.21 1.18 1.18 1.18 1.18 1.18 1.18 1.18 1.18 1.18 1.18 1.18 1.18 1.20 1.20 1.20 1.20 1.06 1.06 1.06 1.06 1.04 1.04 1.04 1.04 1.06 1.06 1.45 1.45 1.49 1.49 1.49 0.62 0.57 0.64 0.57 0.57 0.36 1.12 0.76 0.94
0.00 0.00 2.72 2.72 2.72 2.72 1.58 1.41 1.30 1.30 3.47 1.59 1.63 3.51 5.05 2.76 2.65 2.65 2.65 2.65 1.33 1.33 1.33 1.33 1.38 1.38 1.38 1.14 1.26 1.26 1.26 1.18 1.26 1.18 1.26 1.18 1.25 1.25 1.25 1.25 1.21 1.21 1.21 1.21 1.18 1.18 1.18 1.18 1.18 1.18 1.18 1.18 1.18 1.18 1.18 1.18 1.20 1.20 1.20 1.20 1.06 1.06 1.06 1.06 1.04 1.04 1.04 1.04 1.06 1.06 1.45 1.45 1.49 2.43 1.49 0.61 0.56 0.57 0.57 0.57 0.64 0.64 0.71 0.64
0.00 0.00 1.51 2.62 2.62 2.62 1.51 1.24 1.52 1.52 1.52 2.60 1.51 1.51 2.58 2.58 2.47 2.47 2.47 2.47 1.22 1.22 1.22 1.22 1.27 1.27 1.27 1.04 1.08 1.08 1.08 1.08 1.08 1.08 1.08 1.01 1.06 1.06 1.06 1.06 1.04 1.04 1.04 1.04 0.96 0.96 0.96 0.96 0.96 0.96 0.96 0.96 0.96 0.96 0.96 0.96 0.98 0.98 0.98 0.98 0.92 0.92 0.92 0.92 0.91 0.91 0.91 0.91 0.92 0.92 1.23 1.23 1.27 1.27 1.27 1.27 1.21 1.21 0.49 0.73 1.49 0.73 1.49 1.49
0.00 0.00 1.51 1.51 1.51 1.34 1.34 1.54 1.24 1.52 2.60 2.60 2.58 2.58 2.58 2.58 2.47 2.47 2.47 2.47 2.53 1.22 1.22 1.22 1.27 1.27 1.27 1.04 1.08 1.08 1.08 1.08 1.08 1.08 1.08 1.01 1.06 1.06 1.06 1.06 1.04 1.04 1.04 1.04 0.96 0.96 0.96 0.96 0.96 0.96 0.96 0.96 0.96 0.96 0.96 0.96 0.98 0.98 0.32 0.98 0.92 0.92 0.92 0.92 0.91 0.91 0.91 0.91 0.92 0.92 1.23 2.10 2.14 2.14 1.27 1.27 1.21 1.21 0.49 0.56 0.73 0.73 0.63 0.00
0.00 0.00 2.62 2.62 1.51 1.24 2.61 2.61 1.49 2.56 4.81 2.56 2.51 2.51 2.51 2.51 2.49 2.49 2.49 2.49 4.84 1.27 1.27 1.27 1.31 1.31 1.31 1.07 1.10 0.53 1.10 1.10 1.09 1.09 1.09 1.09 1.06 1.06 1.70 1.06 1.03 1.03 1.03 1.03 0.96 0.96 0.96 0.96 0.96 0.96 0.96 0.96 0.99 0.99 0.99 0.99 1.02 1.02 0.33 0.33 0.31 0.31 0.31 0.96 0.94 0.94 0.94 0.94 0.91 0.91 1.22 1.22 1.23 1.23 1.23 1.23 1.19 1.19 0.48 0.48 0.73 0.73 0.08 0.00
0.00 0.00 2.62 1.14 1.51 1.53 2.61 2.61 2.56 2.56 2.56 2.56 2.51 2.51 2.51 2.51 2.49 2.49 2.49 2.49 2.62 2.62 1.27 1.27 1.31 1.31 1.31 1.07 1.10 0.53 1.10 1.10 1.09 1.09 1.09 1.09 1.06 1.06 1.70 1.06 1.03 1.03 1.03 1.03 0.96 0.96 0.96 0.96 0.96 0.96 0.96 0.96 0.99 0.99 0.99 0.99 0.33 0.33 0.33 0.33 0.31 0.31 0.31 0.96 0.94 0.94 0.94 0.94 0.91 0.91 1.22 1.22 1.23 1.23 1.23 1.23 1.19 1.19 1.01 0.73 1.49 1.49 7.64 0.00
0.00 0.00 0.00 1.14 2.62 2.62 1.94 1.94 2.56 2.56 2.56 2.56 2.51 2.51 2.51 1.84 2.49 2.49 2.49 2.49 2.62 2.62 1.27 1.27 2.02 1.31 1.31 1.07 1.10 1.10 1.10 1.10 1.09 1.09 1.09 1.75 1.70 1.06 1.06 1.06 1.03 1.03 1.03 1.03 0.96 0.96 0.96 0.96 0.96 0.96 0.96 0.96 0.99 0.99 0.99 1.57 1.02 1.02 0.33 0.33 0.31 0.31 0.31 0.31 0.94 0.94 0.94 0.94 0.91 0.91 1.22 1.22 1.23 1.23 1.23 1.23 1.19 1.19 1.01 0.56 1.49 1.15 0.00 0.00
0.00 0.00 0.00 8.11 4.71 2.40 1.34 1.34 1.49 2.56 2.56 2.56 2.51 2.51 2.51 2.51 2.49 2.49 2.49 2.49 2.62 2.62 1.27 1.27 1.31 1.31 1.07 1.07 1.10 1.10 1.10 1.10 1.09 1.09 1.75 1.09 1.06 1.06 1.06 1.06 1.03 1.03 1.03 1.03 0.96 0.96 0.96 0.96 0.96 0.96 0.96 0.96 0.99 0.99 0.99 0.99 1.02 1.02 0.33 0.33 0.31 0.31 0.31 0.31 0.94 0.94 0.94 0.94 0.91 0.91 1.22 1.22 1.23 1.23 1.23 1.23 1.19 1.19 1.19 0.56 1.49 0.37 0.00 0.00
