New_Model_Runs/6_FutureClimate_RCP45_out/post_prcessed_with_MFR/Monthly_summaries/runoff_monthly_APR.asc
NCOLS 700
NROWS 400
XLLCENTER 515000.000000
YLLCENTER 8409000.000000
CELLSIZE 50.000000
NODATA_value -999.000000
[rows 76 to 113 of 400, columns 336 to 419 of 700]
0.00 0.00 0.00 0.00 0.00 0.00 0.00 0.00 0.00 0.00 0.00 0.00 0.00 0.00 0.00 0.00 0.00 0.00 0.00 0.00 0.00 0.00 0.00 0.00 0.00 0.00 0.00 0.00 0.00 0.00 0.00 0.00 0.00 0.00 0.00 0.00 0.00 0.00 0.00 0.00 0.00 0.00 0.00 0.00 0.00 0.00 0.00 0.00 3.71 2.39 0.00 0.00 0.00 0.00 0.00 0.00 0.00 7.32 5.08 2.71 2.72 2.72 1.57 1.57 2.82 1.65 1.65 1.65 1.68 2.62 1.58 0.00 0.00 0.00 0.00 0.00 0.00 0.00 0.00 0.00 0.00 0.00 0.00 0.00
0.00 0.00 0.00 0.00 0.00 0.00 0.00 0.00 0.00 0.00 0.00 0.00 0.00 0.00 0.00 0.00 0.00 0.00 0.00 0.00 0.00 0.00 0.00 0.00 0.00 0.00 0.00 0.00 0.00 0.00 0.00 0.00 0.00 0.00 0.00 0.00 0.00 0.00 0.00 0.00 0.00 0.00 0.00 0.00 0.00 0.00 0.00 0.00 3.59 2.84 2.84 0.00 0.00 0.00 2.78 2.78 2.71 2.71 7.32 2.71 2.72 1.57 1.57 1.57 1.65 1.65 2.62 2.62 1.23 2.62 0.00 0.00 0.00 0.00 0.00 0.00 0.00 0.00 0.00 0.00 0.00 0.00 0.00 0.00
0.00 0.00 0.00 0.00 0.00 0.00 0.00 0.00 0.00 0.00 0.00 0.00 0.00 0.00 0.00 0.00 0.00 0.00 0.00 0.00 0.00 0.00 0.00 0.00 0.00 0.00 0.00 0.00 0.00 0.00 0.00 0.00 0.00 0.00 0.00 0.00 0.00 0.00 0.00 0.00 0.00 0.00 0.00 0.00 0.00 0.00 0.00 0.00 2.84 2.84 2.84 2.84 2.78 2.78 2.78 2.78 2.71 4.86 5.08 2.71 2.72 1.42 1.42 1.57 1.65 1.65 1.65 1.65 2.62 0.00 0.00 0.00 0.00 0.00 0.00 0.00 0.00 0.00 0.00 0.00 0.00 0.00 0.00 0.00
0.00 0.00 0.00 0.00 0.00 0.00 0.00 0.00 0.00 0.00 0.00 0.00 0.00 0.00 0.00 0.00 0.00 0.00 0.00 0.00 0.00 0.00 0.00 0.00 0.00 0.00 0.00 0.00 0.00 0.00 0.00 0.00 0.00 0.00 0.00 0.00 0.00 0.00 0.00 0.00 0.00 0.00 0.00 0.00 0.00 0.00 0.00 3.65 2.84 2.84 2.84 2.84 2.78 2.78 2.78 2.78 2.71 2.39 2.71 2.71 1.98 1.98 1.57 3.85 1.65 1.42 1.23 2.62 0.00 0.00 0.00 0.00 0.00 0.00 0.00 0.00 0.00 0.00 0.00 0.00 0.00 0.00 0.00 0.00
0.00 0.00 0.00 0.00 0.00 0.00 0.00 0.00 0.00 0.00 0.00 0.00 0.00 0.00 0.00 0.00 0.00 0.00 0.00 0.00 0.00 0.00 0.00 0.00 0.00 0.00 0.00 0.00 0.00 0.00 0.00 0.00 0.00 0.00 0.00 0.00 0.00 0.00 0.00 0.00 0.00 0.00 0.00 0.00 0.00 0.00 0.00 2.84 2.81 2.81 2.81 2.81 2.71 2.71 2.71 2.71 2.75 2.75 2.75 2.75 2.86 1.74 2.86 3.85 1.71 2.62 10.03 0.00 0.00 0.00 0.00 0.00 0.00 0.00 0.00 0.00 0.00 0.00 0.00 0.00 0.00 0.00 0.00 0.00
0.00 0.00 0.00 0.00 0.00 0.00 0.00 0.00 0.00 0.00 0.00 0.00 0.00 0.00 0.00 0.00 0.00 0.00 0.00 0.00 0.00 0.00 0.00 0.00 0.00 0.00 0.00 0.00 0.00 0.00 0.00 0.00 0.00 0.00 0.00 0.00 0.00 0.00 2.14 0.00 0.00 0.00 0.00 0.00 0.00 0.00 0.00 2.84 2.81 2.81 2.81 2.81 2.71 5.47 2.71 2.71 5.30 2.39 2.75 2.75 2.86 2.86 2.86 2.24 2.62 2.62 0.00 0.00 0.00 0.00 0.00 0.00 0.00 0.00 0.00 0.00 0.00 0.00 0.00 0.00 0.00 0.00 0.00 0.00
0.00 0.00 0.00 0.00 0.00 0.00 0.00 0.00 0.00 0.00 0.00 0.00 0.00 0.00 0.00 0.00 0.00 0.00 0.00 0.00 0.00 0.00 0.00 0.00 0.00 0.00 0.00 0.00 0.00 0.00 0.00 0.00 0.00 0.00 0.00 0.00 0.00 1.46 1.46 1.46 1.46 0.00 0.00 0.00 0.00 0.00 0.00 3.31 3.32 3.32 3.32 3.32 3.20 3.20 3.20 3.20 2.84 2.84 3.24 3.24 3.37 3.37 1.61 2.02 1.48 0.00 0.00 0.00 0.00 0.00 0.00 0.00 0.00 0.00 0.00 0.00 0.00 0.00 0.00 0.00 0.00 0.00 0.00 3.24
0.00 0.00 0.00 0.00 0.00 0.00 0.00 0.00 0.00 0.00 0.00 0.00 0.00 0.00 0.00 0.00 0.00 0.00 0.00 0.00 0.00 0.00 0.00 0.00 0.00 0.00 0.00 0.00 0.00 0.00 0.00 0.00 0.00 0.00 0.00 0.00 1.46 1.46 1.46 1.46 2.39 0.53 0.53 1.54 4.23 3.31 3.31 3.31 3.32 3.32 3.32 3.32 3.20 3.20 3.20 3.20 3.24 3.24 3.24 3.24 2.02 1.61 1.61 1.61 3.07 0.00 0.00 0.00 0.00 0.00 0.00 0.00 0.00 0.00 0.00 0.00 0.00 0.00 0.00 0.00 3.24 9.00 3.24 3.24
0.00 0.00 0.00 0.00 0.00 0.00 0.00 0.00 0.00 0.00 0.00 0.00 0.00 0.00 0.00 0.00 0.00 0.00 0.00 0.00 0.00 0.00 0.00 0.00 0.00 0.00 0.00 0.00 0.00 0.00 0.00 0.00 0.00 0.00 4.10 1.47 1.44 1.44 1.44 1.44 1.45 0.74 0.52 0.52 1.43 3.23 3.23 6.05 3.22 3.22 3.22 3.22 3.24 3.24 3.24 3.24 3.40 3.40 3.40 3.40 2.08 1.61 2.10 3.10 28.50 0.00 0.00 0.00 0.00 0.00 0.00 0.00 0.00 0.00 0.00 0.00 0.00 0.00 0.00 3.39 3.25 3.25 3.25 3.25
0.00 0.00 0.00 0.00 0.00 0.00 0.00 0.00 0.00 0.00 0.00 0.00 0.00 0.00 0.00 0.00 0.00 0.00 0.00 0.00 0.00 0.00 0.00 0.00 0.00 0.00 0.00 0.00 0.00 0.00 0.00 0.00 12.45 1.47 1.47 1.47 1.44 1.44 1.44 1.44 1.45 0.52 0.52 0.52 1.43 2.34 3.23 3.23 3.22 3.22 3.22 3.22 3.24 3.24 3.24 3.24 2.04 2.04 2.04 1.73 1.73 2.10 2.10 3.10 11.15 0.00 0.00 0.00 0.00 0.00 0.00 0.00 0.00 0.00 0.00 0.00 0.00 0.00 0.00 3.39 3.25 2.30 3.25 3.25
0.00 0.00 0.00 0.00 0.00 0.00 0.00 0.00 0.00 0.00 0.00 0.00 0.00 0.00 0.00 0.00 0.00 0.00 0.00 0.00 0.00 0.00 0.00 0.00 0.00 0.00 0.00 0.00 0.00 0.00 0.00 0.00 0.00 2.41 1.47 1.47 1.44 1.44 2.37 1.44 1.45 0.52 0.52 1.05 1.43 1.43 1.43 3.23 3.22 8.51 3.22 3.22 3.24 3.24 3.24 3.24 2.04 2.04 1.73 1.61 2.37 2.10 3.38 3.10 0.00 0.00 0.00 0.00 0.00 0.00 0.00 0.00 0.00 0.00 0.00 0.00 0.00 0.00 3.39 3.39 3.25 3.25 3.25 3.25
0.00 0.00 0.00 0.00 0.00 0.00 0.00 0.00 0.00 0.00 0.00 0.00 0.00 0.00 0.00 0.00 0.00 0.00 0.00 0.00 0.00 0.00 0.00 0.00 0.00 0.00 0.00 0.00 0.00 0.00 0.00 0.00 0.00 1.47 1.47 1.47 1.44 1.44 1.44 1.44 1.45 2.37 0.52 0.52 1.43 1.43 1.43 1.43 3.22 5.79 3.22 2.84 3.24 3.24 3.24 3.24 3.40 1.62 1.73 1.61 1.73 2.10 2.37 3.10 0.00 0.00 0.00 0.00 0.00 0.00 0.00 0.00 0.00 0.00 0.00 0.00 0.00 2.35 3.39 3.39 3.25 3.25 6.10 3.25
0.00 0.00 0.00 0.00 0.00 0.00 0.00 0.00 0.00 0.00 0.00 0.00 0.00 0.00 0.00 0.00 0.00 0.00 0.00 0.00 0.00 0.00 0.00 0.00 0.00 0.00 0.00 0.00 0.00 0.00 0.00 0.00 0.00 0.00 1.50 1.50 1.46 1.46 1.46 1.46 1.43 1.43 0.51 0.51 0.50 1.40 1.40 1.06 1.39 2.84 2.84 3.29 3.39 3.39 3.39 3.39 3.47 3.47 1.64 1.61 1.61 1.73 2.37 3.10 0.00 0.00 0.00 0.00 0.00 0.00 0.00 0.00 0.00 0.00 0.00 0.00 2.08 3.41 3.41 3.41 6.10 3.25 3.25 3.25
0.00 0.00 0.00 0.00 0.00 0.00 0.00 0.00 0.00 0.00 0.00 0.00 0.00 0.00 0.00 0.00 0.00 0.00 0.00 0.00 0.00 0.00 0.00 0.00 0.00 0.00 0.00 0.00 0.00 0.00 0.00 0.00 0.00 0.00 0.00 1.50 1.46 1.46 1.46 1.46 1.43 1.43 1.43 2.35 0.50 1.40 1.06 1.06 1.39 0.77 3.29 3.29 3.39 3.39 3.39 3.39 3.47 2.09 1.73 1.73 1.61 1.61 3.38 3.10 3.07 0.00 0.00 0.00 0.00 0.00 0.00 0.00 0.00 0.00 0.00 3.46 6.40 3.41 3.41 3.41 3.25 3.25 6.10 3.25
0.00 0.00 0.00 0.00 0.00 0.00 0.00 0.00 0.00 0.00 0.00 0.00 0.00 0.00 0.00 0.00 0.00 0.00 0.00 0.00 0.00 0.00 0.00 2.43 0.00 0.00 0.00 0.00 0.00 0.00 0.00 0.00 0.00 0.00 0.00 2.44 1.46 1.46 2.40 1.46 1.43 1.43 1.43 1.43 1.40 1.40 1.94 1.06 1.46 0.77 1.46 3.29 3.39 2.03 2.03 2.03 2.09 2.09 1.73 3.10 1.91 2.10 2.37 3.10 1.89 3.07 3.07 5.72 0.00 0.00 0.00 0.00 11.15 2.35 2.08 3.46 3.41 3.41 3.41 3.41 3.25 3.25 3.25 3.25
0.00 0.00 0.00 0.00 0.00 0.00 0.00 0.00 0.00 0.00 0.00 0.00 0.00 0.00 0.00 0.00 0.00 0.00 0.00 0.00 0.00 0.00 0.00 1.38 1.38 1.38 0.00 0.00 0.00 0.00 0.00 0.00 0.00 0.00 0.00 0.00 1.46 1.46 1.46 1.46 1.43 1.43 1.43 3.05 1.40 1.40 1.40 1.40 1.46 1.46 1.46 1.46 2.03 2.03 2.03 3.63 3.69 3.47 1.73 3.10 2.37 2.37 2.37 3.20 1.48 3.07 3.07 4.78 2.07 2.07 4.11 2.15 4.27 2.35 2.08 3.46 3.41 3.41 3.41 3.41 3.25 3.25 3.25 3.25
0.00 0.00 0.00 0.00 0.00 0.00 0.00 0.00 0.00 0.00 0.00 0.00 0.00 0.00 0.00 0.00 0.00 0.00 0.00 0.00 0.00 0.00 0.00 1.39 1.39 1.39 1.39 0.00 0.00 0.00 0.00 0.00 0.00 0.00 0.00 0.00 1.48 1.48 1.48 1.48 1.42 1.42 1.42 2.33 2.33 1.42 1.42 1.42 1.51 1.51 1.51 1.51 1.54 3.43 3.40 3.40 3.47 3.47 3.47 1.61 2.10 2.10 1.73 1.73 2.35 3.07 1.89 3.16 1.60 3.47 2.15 3.70 3.36 11.84 7.07 2.35 2.08 3.45 2.46 3.45 3.30 3.30 3.30 3.30
0.00 0.00 0.00 0.00 0.00 0.00 0.00 0.00 0.00 0.00 0.00 0.00 0.00 0.00 0.00 0.00 0.00 0.00 0.00 0.00 0.00 0.00 0.00 1.39 1.39 1.39 1.39 2.27 0.00 0.00 0.00 0.00 0.00 0.00 0.00 0.00 0.00 1.48 1.48 1.48 1.42 1.42 1.42 1.42 1.42 1.42 1.42 2.33 1.51 3.54 1.51 3.54 1.54 1.54 3.40 3.40 3.47 3.47 2.10 1.61 2.68 4.48 5.58 2.49 4.27 1.89 1.71 3.67 3.47 1.60 2.08 2.08 3.36 3.70 2.08 1.71 3.45 2.46 1.63 2.07 3.30 3.30 3.30 3.30
0.00 0.00 0.00 0.00 0.00 0.00 0.00 0.00 0.00 0.00 0.00 0.00 0.00 0.00 0.00 0.00 0.00 0.00 0.00 0.00 0.00 0.00 0.63 1.39 1.39 1.39 1.39 1.39 1.40 0.00 0.00 0.00 0.00 0.00 0.00 0.00 0.00 1.48 1.48 1.48 1.42 1.42 1.42 1.42 2.33 1.42 1.42 1.42 1.51 1.51 2.48 1.51 1.54 1.54 1.54 3.40 3.47 3.47 1.64 1.61 3.39 3.50 5.24 3.50 2.35 1.71 4.73 1.60 3.47 2.08 2.08 3.47 3.48 2.35 2.08 1.71 4.61 2.07 2.07 2.07 3.30 3.30 3.30 6.07
0.00 0.00 0.00 0.00 0.00 0.00 0.00 0.00 0.00 0.00 0.00 0.00 0.00 0.00 0.00 0.00 0.00 0.00 0.00 0.00 0.00 0.00 0.80 1.39 1.39 1.39 1.39 1.39 2.28 1.40 0.00 0.00 0.00 0.00 0.00 0.00 1.48 1.48 1.48 1.48 2.33 1.42 1.42 1.42 2.34 1.42 1.42 1.42 1.51 1.51 1.51 1.51 1.54 1.54 1.54 1.54 3.47 2.09 2.09 1.61 6.70 3.50 3.50 3.50 2.35 1.71 5.14 2.35 2.35 1.71 2.08 3.47 3.48 2.47 4.27 1.71 2.07 2.07 2.07 2.07 3.30 3.30 3.30 3.30
0.00 0.00 0.00 0.00 0.00 0.00 0.00 0.00 0.00 0.00 0.00 0.00 0.00 0.00 0.00 0.00 0.62 0.62 0.80 0.62 0.62 0.62 0.62 0.62 1.37 1.37 1.37 1.37 1.40 1.40 1.40 0.00 0.00 0.00 0.00 0.00 1.47 1.47 1.47 1.47 1.44 1.44 1.44 1.44 1.44 1.44 1.44 1.44 1.50 1.50 1.50 1.50 1.53 1.53 1.53 1.53 1.61 0.58 2.09 1.61 4.20 3.47 2.37 3.47 2.35 2.07 2.07 3.44 3.48 2.09 4.47 5.14 3.50 3.50 2.35 1.60 1.60 2.65 2.65 2.10 4.08 3.36 3.36 3.36
0.00 0.00 0.00 0.00 0.00 0.00 0.00 10.21 0.55 0.55 0.00 0.00 10.21 0.56 0.56 0.76 0.62 0.62 0.62 0.84 0.62 0.62 0.62 0.62 1.37 3.23 1.37 1.37 1.40 1.40 1.40 1.40 1.51 1.51 1.51 1.51 1.47 1.47 1.47 1.47 1.44 1.44 1.44 1.44 1.44 1.44 1.44 2.36 3.60 1.50 1.50 1.50 1.53 1.53 1.53 1.53 1.61 0.58 0.58 4.88 3.47 3.47 2.37 2.10 2.46 1.63 3.44 3.44 3.48 4.09 2.65 4.15 2.10 2.35 1.71 2.10 1.64 2.10 2.10 2.10 1.58 2.40 3.36 6.16
0.00 0.00 0.00 0.00 0.00 0.00 0.00 0.66 0.66 0.66 0.66 0.66 0.66 0.66 0.66 0.85 0.75 0.75 0.75 0.75 0.98 0.98 0.75 0.75 1.68 2.73 1.68 1.68 2.76 1.71 1.71 1.71 1.86 1.86 1.86 3.04 1.82 1.82 1.82 1.82 1.78 1.78 2.90 1.78 1.78 1.78 2.90 1.78 2.97 1.82 1.82 1.82 1.85 1.85 1.85 1.85 3.08 1.39 0.59 1.90 3.82 3.82 2.35 2.35 5.93 2.27 8.03 3.73 3.77 4.39 2.89 1.88 2.89 2.89 2.31 2.31 1.81 1.76 1.76 1.81 1.78 2.25 6.95 3.70
0.00 0.00 0.00 0.00 0.00 0.00 0.00 0.00 0.66 0.66 0.66 0.66 0.84 0.84 0.66 0.66 0.99 0.75 0.75 0.75 0.75 0.98 0.75 0.75 1.11 1.68 1.68 1.68 1.71 1.71 1.71 1.71 1.86 1.86 1.86 1.86 1.82 1.82 1.82 2.94 2.90 1.78 1.78 1.78 1.78 1.78 2.91 1.78 1.82 1.82 1.82 1.82 1.85 1.85 1.85 1.85 1.90 0.68 0.59 1.90 1.90 3.82 3.82 3.82 3.73 3.73 13.46 3.73 3.77 2.57 1.76 1.76 1.88 1.81 2.31 2.31 1.81 1.88 1.76 5.41 1.78 2.25 3.70 3.70
0.00 0.00 0.00 0.00 0.00 0.00 0.00 0.00 0.84 0.65 0.65 0.65 0.64 0.64 0.64 0.83 0.74 0.97 0.74 0.74 0.74 0.97 0.74 0.74 0.74 1.67 2.71 1.67 1.68 1.68 1.68 1.68 2.88 2.96 1.81 1.81 1.80 1.80 1.80 5.61 1.80 1.80 1.80 1.80 1.79 1.79 1.79 1.79 1.80 1.80 1.80 1.80 1.84 1.84 1.84 1.84 1.89 1.89 1.89 1.89 1.87 1.87 3.78 3.78 3.71 6.96 6.96 3.71 3.77 3.77 1.88 3.73 1.76 4.16 2.31 3.80 1.81 5.54 1.76 2.89 4.81 2.88 2.24 2.24
0.00 0.00 0.00 0.00 0.00 0.00 0.00 0.00 0.65 0.65 0.65 0.65 0.64 0.64 0.64 0.64 0.74 0.74 0.97 0.74 0.74 0.97 0.74 0.74 0.74 1.67 1.67 1.67 1.68 1.68 1.68 1.68 1.81 1.81 1.81 1.81 1.80 1.80 1.80 1.80 2.93 1.80 2.93 1.80 1.79 1.79 1.79 1.79 1.80 1.80 1.80 1.80 1.84 3.01 1.84 1.84 1.89 1.89 3.08 1.89 1.87 1.87 1.87 3.78 3.71 3.71 3.71 3.71 3.77 3.77 2.89 2.29 2.31 1.81 2.89 3.80 2.31 1.81 2.89 1.81 2.24 2.24 2.88 2.24
0.00 0.00 0.00 0.00 0.00 0.00 0.00 11.57 0.84 0.90 0.84 0.65 0.64 0.64 0.64 0.64 0.74 0.74 0.74 0.74 0.74 0.74 0.97 0.74 0.74 0.74 1.67 2.71 1.68 1.68 1.68 2.72 3.78 1.81 1.81 1.81 2.94 1.80 1.80 1.80 1.80 1.80 1.80 1.80 1.79 1.79 1.79 1.79 1.80 1.80 1.80 1.80 1.84 1.84 1.84 1.84 1.89 1.89 5.89 1.89 1.87 1.87 1.87 1.87 3.71 3.71 3.71 3.71 3.77 3.77 5.08 2.29 2.31 2.31 3.84 5.92 3.79 2.31 1.81 2.31 2.24 3.69 3.69 3.69
0.00 0.00 0.00 0.00 0.00 0.00 10.89 0.68 0.65 0.65 0.84 0.84 0.64 0.64 0.64 0.64 0.74 0.74 0.74 1.30 0.74 0.74 0.74 0.74 0.74 0.74 1.67 1.67 1.68 1.68 1.68 1.68 2.87 4.58 1.81 1.81 1.80 1.80 1.80 4.65 1.80 1.80 1.80 1.80 1.79 1.79 1.79 1.79 2.94 1.80 1.80 1.80 1.84 1.84 1.84 1.84 1.89 3.07 3.07 1.89 1.87 1.87 1.87 1.87 1.83 3.71 3.71 3.71 3.77 3.77 3.77 2.29 2.31 1.88 1.88 3.10 3.79 3.79 1.81 2.89 2.24 3.69 3.69 3.69
0.00 0.00 0.00 0.00 0.00 10.89 0.68 0.68 0.65 0.65 0.65 0.65 0.82 0.63 0.63 0.63 0.73 0.73 0.73 0.95 0.74 0.74 0.74 0.74 0.74 0.74 1.66 1.66 1.67 1.67 1.67 1.67 2.85 1.80 3.81 2.93 1.79 1.79 1.79 1.79 1.79 1.79 1.79 1.79 1.77 1.77 2.89 2.90 2.93 1.80 1.80 1.80 1.84 1.84 1.84 1.84 1.86 1.86 1.86 1.86 1.85 1.85 1.85 1.85 1.80 1.80 3.72 3.68 3.72 3.72 6.99 3.72 3.75 3.75 1.80 1.80 1.79 3.73 7.00 3.73 2.19 3.61 3.61 3.61
0.00 0.00 0.00 0.00 0.00 1.35 0.68 0.68 0.65 0.65 0.65 0.65 0.63 0.63 0.63 0.63 0.92 0.73 0.73 0.95 0.96 0.74 0.74 1.04 0.96 0.74 0.74 1.66 1.67 1.67 1.67 1.67 1.80 1.80 1.80 1.80 1.79 1.79 1.79 1.79 1.79 1.79 1.79 1.79 1.77 1.77 1.77 1.77 1.80 1.80 1.80 1.80 1.84 1.84 1.84 1.84 3.03 1.86 3.04 1.86 1.85 1.85 0.93 1.85 1.80 1.80 1.80 3.68 3.72 3.72 3.72 6.99 3.75 3.75 4.51 4.28 5.03 3.73 3.73 3.73 3.61 6.78 3.61 3.61
0.00 0.00 0.00 0.00 0.00 1.35 0.87 0.68 0.65 0.83 0.65 0.65 0.63 0.63 0.63 0.63 0.73 0.73 0.73 0.73 0.74 0.96 0.74 0.74 0.74 0.74 0.74 1.66 3.96 1.67 1.67 3.84 2.93 1.80 1.80 1.80 1.79 1.79 1.79 1.79 1.79 1.79 1.79 1.79 1.77 2.89 1.77 1.77 1.80 1.80 1.80 1.80 2.98 1.84 1.84 1.84 1.86 1.86 1.86 1.86 1.85 1.85 4.78 5.72 1.80 1.80 2.94 1.80 3.72 3.72 3.72 3.72 3.75 3.75 3.75 2.28 2.27 3.73 3.73 3.73 3.61 3.61 3.61 3.61
0.00 0.00 0.00 0.00 0.00 0.68 0.87 0.68 0.65 0.65 0.65 0.65 0.63 0.82 0.63 0.63 0.73 0.73 0.73 0.73 0.74 0.74 0.74 0.74 0.74 0.74 0.74 0.74 2.70 1.67 1.67 1.67 1.80 2.92 1.80 1.80 1.79 1.79 1.79 1.79 1.79 1.79 2.91 1.79 1.77 1.77 1.77 1.77 1.80 1.80 1.80 1.80 2.97 1.84 1.84 1.84 1.86 3.04 1.86 1.86 2.99 1.85 1.85 2.99 1.80 1.80 1.80 1.80 1.84 3.72 3.72 3.72 6.96 3.75 10.26 3.75 2.27 3.73 3.73 3.73 3.61 3.61 3.61 3.61
0.00 0.00 0.00 0.00 0.00 0.67 0.67 0.67 0.64 0.64 0.64 0.64 0.63 0.63 0.81 0.63 0.72 0.72 0.72 0.72 0.74 0.74 0.96 0.74 0.74 0.97 0.74 0.74 1.66 4.00 1.66 1.66 1.79 1.79 2.91 1.79 1.78 1.78 1.78 1.78 1.78 1.78 2.90 1.78 1.76 1.76 2.86 1.76 1.78 1.78 1.78 1.78 1.82 1.82 1.82 1.82 1.81 1.81 1.81 1.81 1.81 1.81 1.81 1.81 1.77 1.77 2.88 2.89 1.78 1.78 3.64 3.64 3.66 3.66 3.66 3.66 3.63 3.63 3.63 6.41 3.54 3.54 3.54 3.54
0.00 0.00 0.00 1.35 10.89 0.26 0.87 0.67 0.64 0.64 0.64 0.64 0.63 0.63 0.63 0.63 0.72 0.72 0.72 0.72 0.74 0.74 0.74 0.74 0.74 0.97 0.74 0.74 1.66 2.00 2.70 1.66 1.79 1.79 5.58 1.79 2.90 1.78 1.78 1.78 2.90 1.78 2.90 1.78 1.76 1.76 1.76 1.76 1.78 1.78 1.78 4.12 1.82 2.96 1.82 2.96 1.81 1.81 1.81 1.81 1.81 1.81 1.81 1.81 1.77 1.77 2.88 1.77 1.78 1.78 1.78 3.64 3.66 3.66 6.52 5.55 5.51 5.51 5.51 5.51 5.38 5.38 10.43 5.38
0.00 0.00 0.00 0.00 0.67 0.67 0.67 0.67 0.64 0.64 0.64 0.64 0.63 0.63 0.63 0.63 1.50 0.72 0.72 0.72 0.74 0.74 1.21 0.74 0.74 0.74 0.97 0.74 0.73 1.66 1.66 1.66 1.79 2.91 1.79 2.91 2.90 1.78 1.78 1.78 2.90 1.78 1.78 1.78 1.76 1.76 1.76 2.87 1.78 1.78 1.78 1.78 1.82 1.82 1.82 1.82 1.81 1.81 1.81 1.81 1.81 1.81 1.81 1.81 2.91 1.77 1.77 2.88 1.78 1.78 1.78 1.78 5.55 5.55 5.55 5.55 5.51 5.51 5.51 5.51 5.38 10.43 5.38 5.38
0.00 0.00 1.35 1.35 1.08 0.67 0.87 0.67 0.64 0.64 0.64 0.64 0.81 0.81 0.63 0.63 0.94 0.94 0.72 0.72 0.74 0.74 0.96 0.74 0.96 0.74 0.74 0.96 0.73 1.66 1.66 1.66 1.79 1.79 1.79 1.79 2.90 1.78 1.78 1.78 2.89 1.78 1.78 1.78 1.76 1.76 1.76 1.76 1.78 1.78 1.78 1.78 1.82 1.82 2.93 1.82 1.81 1.81 4.66 1.81 1.81 1.81 2.93 1.81 1.77 1.77 1.77 1.77 1.78 1.78 1.78 5.53 5.55 5.55 10.64 5.55 5.51 15.81 5.51 5.51 5.38 5.38 5.38 5.38
0.00 0.00 0.00 0.87 0.65 0.65 0.65 0.65 0.81 0.63 0.63 0.63 0.63 0.81 0.63 0.63 0.72 1.25 0.72 0.72 0.73 0.73 0.73 0.73 0.73 0.73 0.73 0.96 0.72 1.64 1.64 1.64 1.77 1.77 1.77 1.77 1.76 1.76 1.76 1.76 1.74 1.74 1.74 1.74 1.71 1.71 1.71 1.71 1.74 1.74 1.74 1.74 1.76 1.76 1.76 2.87 1.77 1.77 1.77 1.77 1.77 1.77 2.89 1.77 1.72 1.72 1.72 1.72 1.73 1.73 1.73 5.41 5.43 5.43 5.43 10.52 10.44 5.39 5.39 5.39 5.27 5.27 5.27 5.27
0.00 0.00 1.35 0.88 0.65 0.65 0.65 0.65 0.63 0.80 0.63 0.63 0.63 0.63 0.81 0.63 0.72 1.24 0.93 0.72 0.73 0.73 1.03 0.95 0.73 0.73 0.73 0.73 0.94 0.72 1.64 1.64 1.77 1.77 2.83 1.77 1.76 2.86 1.76 1.76 1.74 2.78 3.59 2.76 1.71 1.71 1.71 1.71 1.74 1.74 1.74 2.83 1.76 1.76 1.76 1.76 1.77 1.77 1.77 1.77 1.77 1.77 1.77 1.77 1.72 1.72 1.72 1.72 1.73 2.70 1.73 5.41 5.43 5.43 5.43 5.43 5.39 5.39 5.39 5.39 5.27 5.27 5.27 5.27
