New_Model_Runs/6_FutureClimate_RCP45_out/post_prcessed_with_MFR/Monthly_summaries/runoff_monthly_NOV.asc
NCOLS 700
NROWS 400
XLLCENTER 515000.000000
YLLCENTER 8409000.000000
CELLSIZE 50.000000
NODATA_value -999.000000
[rows 304 to 341 of 400, columns 168 to 251 of 700]
0.43 0.34 0.31 0.43 0.34 0.34 0.34 0.43 0.36 0.33 0.33 0.46 0.46 0.33 0.20 0.20 0.20 0.20 0.21 0.27 0.27 0.62 0.62 0.20 0.28 0.28 0.28 0.28 0.28 0.28 0.28 0.20 0.20 0.20 0.20 0.20 0.20 0.28 0.28 0.28 0.28 0.27 0.28 0.28 0.28 0.22 0.20 0.28 0.28 0.20 0.28 0.71 0.28 0.62 0.20 0.22 0.21 0.21 0.27 0.69 0.21 0.19 0.19 0.19 0.27 0.27 0.19 0.19 0.19 0.27 0.27 0.21 0.18 0.23 0.17 0.18 0.60 0.27 0.25 0.35 0.35 0.35 0.20 0.35
0.43 0.31 0.43 0.34 0.34 0.34 0.34 0.34 0.36 0.33 0.46 0.46 0.33 0.20 0.27 0.20 0.20 0.21 0.27 0.70 0.27 0.62 0.20 0.20 0.20 0.28 0.28 0.28 0.28 0.28 0.28 0.64 0.64 0.64 0.20 0.64 0.20 0.28 0.28 0.27 0.27 0.28 0.27 0.32 0.26 0.28 0.22 0.22 0.71 0.28 0.28 0.22 0.22 0.28 0.22 0.22 0.21 0.21 0.21 0.69 0.21 0.21 0.19 0.19 0.27 0.27 0.19 0.27 0.19 0.21 0.21 0.27 0.23 0.18 0.23 0.17 0.60 0.25 0.35 0.35 0.35 0.35 0.35 0.35
0.37 0.42 0.40 0.37 0.27 0.37 0.93 0.93 0.40 0.29 0.29 0.40 0.40 0.16 0.16 0.16 0.22 0.22 0.17 0.22 0.22 0.28 0.22 0.16 0.18 0.18 0.31 0.25 0.25 0.25 0.32 0.58 0.58 0.58 0.58 0.58 0.58 0.58 0.58 0.24 0.25 0.26 0.30 0.18 0.18 0.20 0.20 0.20 0.26 0.20 0.26 0.20 0.20 0.67 0.26 0.26 0.59 0.18 0.68 0.59 0.18 0.23 0.16 0.16 0.20 0.16 0.21 0.18 0.69 0.59 0.23 0.16 0.20 0.14 0.14 0.14 0.14 0.17 0.17 0.29 0.29 0.23 0.23 0.29
0.37 0.37 0.37 0.93 0.37 0.38 0.29 0.93 0.40 0.40 0.29 0.29 0.40 0.22 0.16 0.22 0.22 0.22 0.16 0.22 0.22 0.22 0.16 0.22 0.25 0.25 0.25 0.25 0.25 0.25 0.58 0.58 0.58 0.58 0.58 0.58 0.58 0.58 0.58 0.58 0.71 0.20 0.26 0.26 0.18 0.18 0.18 0.67 0.26 0.26 0.18 0.26 0.20 0.20 0.67 0.20 0.59 0.18 0.66 0.23 0.18 0.18 0.23 0.23 0.18 0.16 0.59 0.23 0.18 0.18 0.16 0.23 0.20 0.20 0.15 0.15 0.15 0.14 0.21 0.21 0.21 0.23 0.23 0.17
0.37 0.27 0.27 0.37 0.37 0.37 0.38 0.29 0.99 0.40 0.52 0.31 0.40 0.16 0.22 0.22 0.16 0.22 0.22 0.22 0.22 0.16 0.16 0.16 0.18 0.25 0.25 0.25 0.25 0.58 0.58 0.58 0.18 0.18 0.18 0.58 0.58 0.58 0.58 0.20 0.20 0.26 0.26 0.26 0.26 0.18 0.18 0.18 0.18 0.24 0.26 0.20 0.67 0.67 0.20 0.67 0.25 0.16 0.16 0.16 0.16 0.16 0.16 0.23 0.20 0.23 0.23 0.23 0.16 0.16 0.16 0.19 0.15 0.14 0.14 0.15 0.15 0.15 0.21 0.21 0.21 0.23 0.17 0.17
0.27 0.37 0.37 0.37 0.37 0.37 0.29 0.29 0.99 0.31 0.40 0.29 0.40 0.22 0.22 0.21 0.21 0.22 0.22 0.16 0.17 0.16 0.16 0.16 0.18 0.18 0.25 0.25 0.25 0.58 0.58 0.58 0.18 0.18 0.18 0.18 0.18 0.58 0.58 0.20 0.26 0.18 0.26 0.26 0.26 0.18 0.18 0.18 0.18 0.18 0.18 0.20 0.67 0.58 0.26 0.18 0.16 0.16 0.23 0.16 0.16 0.16 0.16 0.19 0.34 0.34 0.29 0.23 0.23 0.65 0.65 0.19 0.21 0.14 0.14 0.22 0.24 0.21 0.21 0.29 0.21 0.23 0.23 0.21
0.37 0.37 0.37 0.37 0.29 0.37 0.27 0.37 0.61 0.76 0.40 0.40 0.16 0.16 0.22 0.22 0.28 0.28 0.28 0.16 0.22 0.16 0.16 0.22 0.18 0.25 0.25 0.25 0.18 0.58 0.86 0.58 0.18 0.18 0.18 0.18 0.18 0.20 0.20 0.58 0.59 0.59 0.26 0.26 0.58 0.18 0.22 0.18 0.18 0.18 0.18 0.18 0.26 0.58 0.58 0.58 0.16 0.28 0.23 0.23 0.23 0.23 0.19 0.19 0.27 0.25 0.27 0.19 0.34 0.65 0.30 0.34 0.17 0.26 0.29 0.20 0.38 0.58 0.58 0.58 0.38 0.29 0.29 0.29
0.37 0.37 0.37 0.37 0.29 0.29 0.37 0.29 0.31 0.99 1.46 0.31 0.22 0.22 0.22 0.16 0.22 0.22 0.28 0.16 0.28 0.25 0.17 0.22 0.25 0.25 0.25 0.25 0.25 0.25 0.58 0.58 0.58 0.18 0.58 0.58 0.58 0.18 0.58 0.58 0.59 0.59 0.59 0.59 0.58 0.18 0.18 0.18 0.18 0.18 0.18 0.18 0.26 0.58 0.58 0.58 0.23 0.28 0.28 0.19 0.34 0.34 0.34 0.34 0.19 0.34 0.34 0.34 0.34 0.65 0.34 0.34 0.58 0.58 0.29 0.29 0.17 0.58 0.58 0.29 0.29 0.29 0.29 0.29
0.27 0.37 0.27 0.37 0.93 0.29 0.37 0.29 0.29 0.31 0.99 0.40 0.22 0.20 0.22 0.16 0.22 0.22 0.22 0.26 0.22 0.17 0.17 0.22 0.25 0.25 0.25 0.25 0.25 0.25 0.58 0.58 0.18 0.58 0.58 0.58 0.58 0.58 0.58 0.58 1.09 0.40 0.58 0.58 0.58 0.18 0.18 0.18 0.18 0.18 0.18 0.18 0.58 0.58 0.58 0.58 0.34 0.34 0.64 0.19 0.49 0.77 0.19 0.19 1.51 1.51 0.50 0.65 0.64 0.34 0.34 0.34 0.57 0.29 0.34 0.29 0.57 0.42 0.17 0.17 0.20 0.29 0.17 0.29
0.27 0.37 0.29 0.29 0.29 0.29 0.37 0.29 0.40 0.40 0.31 0.31 0.22 0.16 0.22 0.22 0.16 0.16 0.20 0.22 0.22 0.17 0.22 0.22 0.24 0.20 0.18 0.18 0.18 0.18 0.18 0.18 0.18 0.58 0.58 0.58 0.58 0.58 0.58 0.43 0.23 0.22 0.22 0.18 0.18 0.18 0.18 0.18 0.18 0.18 0.18 0.18 0.26 0.25 0.86 0.58 0.34 0.34 0.64 1.51 1.51 1.51 1.51 1.51 1.51 1.51 0.65 0.65 0.64 1.51 0.34 0.34 0.29 0.17 0.17 0.57 0.57 0.81 0.17 0.17 0.17 0.21 0.17 0.17
0.37 0.40 0.37 0.37 0.27 0.37 0.37 0.37 0.40 0.40 1.66 1.66 0.22 0.28 0.22 0.22 0.22 0.26 0.17 0.16 0.16 0.22 0.22 0.22 0.25 0.25 0.18 0.18 0.18 0.18 0.18 0.18 0.18 0.58 0.58 0.18 0.18 0.18 0.18 0.58 0.58 0.58 0.18 0.18 0.18 0.18 0.18 0.18 0.18 0.18 0.18 0.18 0.18 0.32 1.19 0.58 0.64 0.64 0.64 1.51 1.51 1.51 1.51 1.51 1.51 1.51 0.65 1.51 2.56 1.35 0.34 0.64 0.57 0.17 0.17 0.29 0.57 0.57 0.57 0.29 0.17 0.17 0.29 0.17
1.57 0.93 0.37 0.37 0.37 0.27 0.27 0.37 0.40 0.40 0.40 1.04 0.22 0.16 0.22 0.22 0.22 0.27 0.17 0.16 0.22 0.22 0.16 0.16 0.25 0.25 0.18 0.18 0.18 0.18 0.18 0.18 0.18 0.18 0.22 0.18 0.18 0.18 0.18 0.18 0.18 0.18 0.18 0.18 0.18 0.18 0.18 0.18 0.26 0.18 0.18 0.18 0.18 0.18 0.58 0.58 0.34 0.64 0.64 0.64 0.65 0.65 0.65 0.65 0.65 0.65 0.65 1.51 1.51 0.64 0.64 0.31 0.10 0.29 0.29 0.29 0.29 0.29 0.29 0.29 0.29 0.29 0.29 0.17
0.37 0.37 0.37 0.37 0.37 0.37 0.27 0.27 0.31 0.31 0.40 0.22 0.17 0.16 0.22 0.28 0.22 0.16 0.16 0.17 0.58 0.22 0.26 0.17 0.25 0.22 0.18 0.18 0.18 0.18 0.18 0.18 0.18 0.18 0.24 0.18 0.18 0.18 0.18 0.18 0.30 0.18 0.18 0.18 0.18 0.18 0.18 0.18 0.18 0.67 0.26 0.18 0.18 0.57 0.57 0.57 0.16 0.34 0.64 0.64 1.02 1.02 1.02 1.02 1.02 1.02 1.02 1.02 0.65 1.51 1.51 1.51 0.10 0.56 0.29 0.29 0.31 0.29 0.17 0.17 0.17 0.17 0.29 0.17
0.29 0.37 0.37 0.29 0.37 0.37 0.27 0.37 0.31 0.31 0.40 0.22 0.21 0.17 0.16 0.22 0.17 0.17 0.22 0.58 0.17 0.22 0.22 0.22 0.20 0.18 0.18 0.18 0.18 0.18 0.22 0.18 0.18 0.58 0.58 0.58 0.57 0.18 0.57 0.57 0.58 0.58 0.18 0.18 0.18 0.22 0.18 0.18 0.18 0.26 0.26 0.18 0.57 0.57 0.57 0.57 0.19 0.64 0.31 0.64 1.02 1.02 1.02 1.02 1.02 1.02 1.02 1.02 0.65 0.65 0.65 1.51 1.29 0.10 0.29 0.29 0.29 0.17 0.17 0.17 0.29 0.29 0.29 0.29
0.37 0.37 0.37 0.37 0.37 0.37 0.29 0.29 0.29 0.29 0.31 0.58 0.16 0.17 0.17 0.22 0.22 0.22 0.22 0.27 0.16 0.22 0.16 0.22 0.18 0.18 0.18 0.18 0.66 0.18 0.22 0.22 0.18 0.85 0.58 0.58 0.57 0.57 0.57 1.05 0.58 1.19 1.19 0.18 0.18 0.18 1.19 1.19 0.18 0.18 0.30 0.58 0.57 0.26 0.18 0.33 0.64 0.64 0.64 0.64 1.02 1.02 1.02 1.02 1.02 1.02 1.02 1.02 0.65 0.65 0.65 0.65 1.29 0.56 0.56 0.56 0.29 0.17 0.17 0.17 0.17 0.17 0.29 0.29
0.50 0.50 0.93 0.37 0.37 0.29 0.37 0.29 0.29 0.29 0.29 0.16 0.22 0.17 0.17 0.17 0.17 0.22 0.58 0.17 0.22 0.16 0.16 0.16 0.18 0.30 0.58 0.58 0.58 0.18 0.18 0.18 0.18 0.58 0.58 0.58 0.57 0.65 1.28 0.25 1.19 1.19 1.19 0.58 0.58 0.58 1.19 1.19 0.18 0.18 0.20 1.30 0.23 0.26 0.22 0.33 0.64 0.64 0.64 0.64 1.02 1.02 0.19 0.19 1.02 1.02 1.02 1.02 0.65 0.65 0.65 0.31 0.56 0.56 0.56 0.56 0.57 0.17 0.29 0.17 0.17 0.17 0.17 0.29
0.37 0.37 0.37 0.37 0.37 0.29 0.27 0.37 0.29 0.29 0.16 0.16 0.17 0.28 0.17 0.17 0.28 0.22 0.66 0.17 0.22 0.22 0.16 0.16 0.18 0.25 0.58 0.58 0.18 0.18 0.18 0.18 0.18 0.57 0.57 0.18 0.18 0.57 0.18 0.18 0.18 0.18 1.19 0.57 0.25 1.19 1.19 1.19 1.19 0.20 1.19 1.66 0.57 0.24 1.05 1.05 0.64 0.64 0.64 0.64 1.02 1.02 0.19 0.55 0.56 1.03 1.03 1.03 1.02 1.02 1.02 1.02 0.57 0.57 0.57 0.57 0.56 0.29 0.29 0.17 0.17 0.17 0.29 0.29
0.37 0.29 0.37 0.27 0.27 0.27 0.27 0.27 0.29 0.29 0.22 0.16 0.22 0.28 0.17 0.17 0.22 0.22 0.22 0.22 0.28 0.22 0.22 0.16 0.25 0.25 0.25 0.18 0.18 0.18 0.25 0.29 0.25 0.25 0.18 0.18 0.18 0.18 1.17 0.18 1.19 0.18 0.18 1.30 1.30 1.30 1.30 1.30 1.30 1.19 0.58 0.58 0.57 0.57 1.05 1.05 0.31 0.64 0.64 0.64 1.02 0.31 0.23 0.55 0.56 0.56 1.03 1.03 1.02 1.02 1.02 1.02 0.57 0.57 0.17 0.29 0.29 0.29 0.17 0.56 0.29 0.17 0.29 0.29
0.25 0.25 0.25 0.33 0.84 0.25 0.84 0.23 0.88 0.25 0.14 0.14 0.19 0.50 0.15 0.15 0.15 0.19 0.15 0.24 0.24 0.14 0.14 0.14 0.15 0.15 0.18 0.15 0.15 0.15 0.15 0.15 0.26 0.15 0.15 0.15 0.15 1.00 1.00 0.15 0.22 0.22 0.22 1.10 1.10 1.90 1.10 1.01 1.01 1.01 0.56 1.01 1.10 0.25 0.60 0.60 0.54 0.54 0.54 0.54 0.56 0.56 0.23 0.23 0.24 0.24 0.24 0.56 0.56 0.56 0.56 0.56 0.47 0.47 0.47 0.24 0.24 0.24 0.14 0.47 0.47 0.47 0.47 0.47
0.25 0.25 0.23 0.23 0.84 0.25 0.23 1.44 0.25 0.25 0.14 0.16 0.14 0.19 0.15 0.15 0.15 0.19 0.19 0.24 0.24 0.14 0.14 0.17 0.15 0.15 0.19 0.21 0.15 0.21 0.26 0.26 0.26 0.15 0.15 0.15 0.21 1.00 1.00 0.44 0.21 0.15 0.15 0.15 0.15 1.01 1.01 1.01 1.01 1.01 1.01 1.10 1.10 0.33 0.60 0.60 0.54 0.54 0.54 0.54 0.56 0.56 0.13 0.13 0.24 0.24 0.24 0.56 0.10 0.16 0.56 0.56 0.65 0.65 0.47 0.47 0.14 0.14 0.14 0.24 0.47 0.47 0.47 0.47
0.25 0.84 0.33 0.33 0.23 0.23 0.31 0.23 0.35 0.27 0.14 0.14 0.14 0.15 0.15 0.15 0.15 0.19 0.15 0.15 0.14 0.14 0.14 0.14 0.15 0.21 0.21 0.21 0.21 0.26 0.26 0.26 0.25 0.25 0.15 0.15 0.21 0.21 0.15 0.15 0.15 0.15 0.15 0.15 0.15 0.15 0.15 0.15 0.21 0.21 0.58 1.10 1.10 0.25 0.25 0.60 0.54 0.54 0.54 0.54 0.56 0.56 0.23 0.23 0.24 0.13 0.13 0.13 0.16 0.16 0.56 0.56 0.47 0.47 0.47 0.14 0.14 0.14 0.14 0.14 0.24 0.47 0.47 0.47
0.33 0.33 0.33 0.33 0.33 0.33 0.33 0.34 0.27 0.19 0.14 0.19 0.14 0.15 0.15 0.19 0.15 0.19 0.19 0.19 0.19 0.19 0.14 0.14 0.15 0.15 0.15 0.15 0.15 0.15 0.26 0.26 0.25 0.15 0.15 0.21 0.15 0.15 0.15 0.15 0.15 0.20 0.25 0.15 0.26 0.26 0.15 0.15 0.15 0.15 0.15 0.56 1.01 1.10 1.10 0.60 0.54 0.54 0.54 0.54 0.56 0.23 0.23 0.23 0.24 0.13 0.13 0.13 0.16 0.16 0.56 0.56 0.66 0.47 0.47 0.16 0.14 0.47 0.47 0.14 0.14 0.47 0.47 0.47
0.00 1.56 0.33 0.33 0.33 0.33 0.33 0.25 0.35 0.15 0.14 0.19 0.19 0.19 0.18 0.14 0.15 0.14 0.15 0.19 0.14 0.19 0.14 0.14 0.18 0.15 0.15 0.15 0.26 0.26 0.26 0.26 0.25 0.25 0.21 0.21 0.21 0.15 0.15 0.15 0.25 0.25 0.25 0.25 0.26 0.26 0.26 0.18 0.18 0.15 0.22 0.22 0.21 1.10 0.25 0.25 0.54 0.54 0.54 0.54 0.56 0.56 0.23 0.23 0.24 0.13 0.16 0.13 0.16 0.56 0.79 0.56 0.47 0.47 0.14 0.14 0.47 0.14 0.24 0.47 0.14 0.35 0.24 0.24
0.00 0.00 1.56 0.25 0.25 0.25 0.33 0.33 0.35 0.19 0.19 0.18 0.15 0.19 0.15 0.14 0.15 0.15 0.15 0.19 0.14 0.14 0.14 0.14 0.15 0.15 0.15 0.18 0.15 0.26 0.26 0.26 0.25 0.25 0.25 0.25 0.15 0.21 0.32 0.59 0.60 0.60 0.60 0.60 0.61 0.26 0.26 0.15 0.15 0.15 0.22 0.22 0.19 0.15 0.25 0.25 0.54 0.54 0.54 0.54 0.56 0.56 0.56 0.23 0.24 0.24 0.00 0.24 0.56 0.56 0.56 0.56 0.47 0.08 0.14 0.14 0.47 0.47 0.47 0.14 0.14 0.14 0.18 0.24
0.00 0.00 0.00 0.00 0.00 0.00 0.00 0.00 0.35 0.19 0.24 0.15 0.19 0.19 0.14 0.19 0.19 0.19 0.15 0.14 0.24 0.19 0.14 0.14 0.18 0.15 0.19 0.15 0.15 0.25 0.25 0.25 0.24 0.24 0.24 0.15 0.25 0.25 0.59 0.59 0.60 0.60 0.60 0.60 0.60 0.60 0.25 0.25 0.25 0.21 0.15 0.17 0.27 0.25 0.26 0.26 0.22 0.54 0.54 0.54 0.55 0.55 0.55 0.78 0.56 0.00 0.00 0.00 0.56 0.56 0.00 0.00 0.00 0.48 0.08 0.14 0.14 0.14 0.47 0.14 0.14 0.14 0.14 0.14
0.00 0.00 0.00 0.00 0.00 0.00 0.00 0.00 0.00 0.00 0.97 0.15 0.15 0.15 0.14 0.14 0.19 0.19 0.14 0.15 0.14 0.19 0.16 0.14 0.15 0.18 0.15 0.26 0.25 0.25 0.25 0.25 0.24 0.24 0.24 0.24 0.25 0.25 0.25 0.25 0.15 0.15 0.25 0.60 0.60 0.60 0.25 0.25 0.33 0.25 0.27 0.21 0.22 0.26 0.26 0.26 0.22 0.54 0.54 0.54 0.55 0.55 0.55 0.55 0.56 0.00 0.00 0.00 0.00 0.00 0.00 0.00 0.00 0.00 0.00 0.48 0.14 0.47 0.47 0.14 0.24 0.14 0.14 0.14
0.00 0.00 0.00 0.00 0.00 0.00 0.00 0.00 0.00 0.00 0.97 0.97 0.97 0.14 0.24 0.14 0.14 0.14 0.06 0.06 0.06 0.06 0.19 0.14 0.15 0.15 0.15 0.26 0.25 0.25 0.25 0.25 0.24 0.24 0.24 0.24 0.25 0.25 0.25 0.25 0.33 0.30 0.15 0.25 0.60 0.60 0.60 0.25 0.25 0.21 0.25 0.25 0.22 0.26 0.26 0.26 0.22 0.22 0.54 0.54 0.55 0.55 0.55 0.55 0.56 0.79 0.56 0.00 0.00 0.00 0.00 0.00 0.00 0.00 0.00 0.00 0.00 0.08 0.47 0.14 0.14 0.14 0.16 0.14
0.00 0.00 0.00 0.00 0.00 0.00 0.00 0.00 0.00 0.00 0.00 0.00 1.28 1.28 0.24 0.24 0.14 0.19 0.06 0.06 0.24 0.24 0.14 0.14 0.15 1.00 0.21 0.26 0.25 0.25 0.25 0.25 0.24 0.24 0.24 0.24 0.25 0.25 0.25 0.25 0.25 0.25 0.18 0.60 0.60 1.27 0.60 0.60 0.60 0.21 0.21 0.25 0.22 0.22 0.26 0.33 0.22 0.22 0.54 0.54 0.55 0.55 0.55 0.55 0.56 0.56 0.56 0.00 0.00 0.00 0.00 0.00 0.00 0.00 0.00 0.00 0.47 0.18 0.24 0.24 0.24 0.24 0.18 0.14
0.00 0.00 0.00 0.00 0.00 0.00 0.00 0.00 0.00 0.00 0.00 0.00 0.00 1.28 0.57 0.57 0.19 0.19 0.24 0.24 0.97 0.24 0.97 0.14 0.15 1.00 1.00 0.25 0.24 0.24 0.31 0.24 0.25 0.59 0.59 0.59 0.61 0.61 0.61 0.61 0.62 0.62 0.62 0.62 0.62 0.62 0.62 0.62 0.60 0.29 0.60 0.60 0.32 0.22 0.22 0.25 0.29 0.22 0.22 0.22 0.23 0.55 0.55 0.00 7.98 0.00 0.00 0.00 0.00 0.00 0.00 0.00 0.00 0.00 0.00 0.00 0.47 0.14 0.24 0.24 0.24 0.46 0.46 0.14
0.00 0.00 0.00 0.00 0.00 0.00 0.00 0.00 0.00 0.00 0.00 0.00 0.00 0.00 2.19 1.28 0.29 0.29 0.57 0.97 0.97 0.97 0.97 0.19 0.25 1.00 0.25 0.25 0.24 0.24 0.24 0.24 0.59 0.59 0.59 0.59 0.61 0.61 0.61 0.61 0.62 0.62 0.62 0.62 0.62 0.62 0.62 0.62 0.60 0.60 0.60 0.60 0.32 0.32 0.32 0.25 0.22 0.22 0.22 0.22 0.23 0.23 0.00 0.00 0.00 0.00 0.00 0.00 0.00 0.00 0.00 0.00 0.00 0.00 0.00 0.00 1.12 1.12 0.19 0.24 0.14 0.46 0.46 0.14
0.00 0.00 0.00 0.00 0.00 0.00 0.00 0.00 0.00 0.00 0.00 0.00 0.00 0.00 0.00 1.28 1.28 1.28 0.81 1.57 1.28 1.28 0.57 0.57 0.59 0.59 0.25 0.32 0.24 0.24 0.24 0.24 0.59 0.59 0.59 0.59 0.61 0.61 0.61 0.61 0.62 0.62 0.62 0.62 0.62 0.62 0.62 0.62 0.60 0.60 0.60 0.60 0.60 0.32 0.32 0.60 0.22 0.22 0.22 0.22 0.23 0.00 0.00 0.00 0.00 0.00 0.00 0.00 0.00 0.00 0.00 0.00 0.00 0.00 0.00 0.00 0.00 1.82 1.12 1.12 0.24 0.46 0.46 0.46
0.00 0.00 0.00 0.00 0.00 0.00 0.00 0.00 0.00 0.00 0.00 0.00 0.00 0.00 0.00 0.00 0.00 1.28 1.28 1.28 1.28 1.28 0.57 0.57 0.59 0.59 0.25 0.25 0.24 0.24 0.24 0.58 0.59 0.59 0.00 0.00 0.00 0.00 0.00 0.00 0.00 0.00 0.00 0.00 0.00 0.00 0.62 0.62 0.60 0.60 0.60 0.60 0.60 0.32 0.32 0.60 0.22 0.22 0.22 0.29 0.23 0.00 0.00 0.00 0.00 0.00 0.00 0.00 0.00 0.00 0.00 0.00 0.00 0.00 0.00 0.00 0.00 0.00 0.00 0.00 0.00 0.46 0.08 0.46
0.00 0.00 0.00 0.00 0.00 0.00 0.00 0.00 0.00 0.00 0.00 0.00 0.00 0.00 0.00 0.00 0.00 0.00 0.00 0.00 0.00 0.00 1.28 0.56 0.59 0.59 0.59 0.25 0.25 0.25 0.59 0.59 0.60 0.00 0.00 0.00 0.00 0.00 0.00 0.00 0.00 0.00 0.00 0.00 0.00 0.00 0.00 0.00 0.00 1.29 0.62 0.62 0.59 0.59 0.32 0.59 0.53 0.22 0.22 0.22 0.23 0.00 0.00 0.00 0.00 0.00 0.00 0.00 0.00 0.00 0.00 0.00 0.00 0.00 0.00 0.00 0.00 0.00 0.00 0.00 0.00 0.46 0.08 0.46
0.00 0.00 0.00 0.00 0.00 0.00 0.00 0.00 0.00 0.00 0.00 0.00 0.00 0.00 0.00 0.00 0.00 0.00 0.00 0.00 0.00 0.00 0.00 1.28 0.59 0.59 0.59 0.59 0.59 0.59 0.59 0.59 0.00 0.00 0.00 0.00 0.00 0.00 0.00 0.00 0.00 0.00 0.00 0.00 0.00 0.00 0.00 0.00 0.00 0.00 0.62 0.62 0.59 0.59 0.32 0.32 0.63 0.53 0.53 0.53 0.54 8.52 0.00 0.00 0.00 0.00 0.00 0.00 0.00 0.00 0.00 0.00 0.00 0.00 0.00 0.00 0.00 0.00 0.00 0.00 0.00 0.64 0.46 0.08
0.00 0.00 0.00 0.00 0.00 0.00 0.00 0.00 0.00 0.00 0.00 0.00 0.00 0.00 0.00 0.00 0.00 0.00 0.00 0.00 0.00 0.00 0.00 0.00 0.00 0.00 0.00 0.49 0.49 0.49 0.49 0.00 0.00 0.00 0.00 0.00 0.00 0.00 0.00 0.00 0.00 0.00 0.00 0.00 0.00 0.00 0.00 0.00 0.00 0.00 0.69 0.50 0.47 0.47 0.25 0.25 0.42 0.42 0.42 0.42 0.44 0.23 0.00 0.00 0.00 0.00 0.00 0.00 0.00 0.00 0.00 0.00 0.00 0.00 0.00 0.00 0.00 0.00 0.00 0.00 0.00 0.00 1.00 0.39
0.00 0.00 0.00 0.00 0.00 0.00 0.00 0.00 0.00 0.00 0.00 0.00 0.00 0.00 0.00 0.00 0.00 0.00 0.00 0.00 0.00 0.00 0.00 0.00 0.00 0.00 0.00 0.00 0.49 0.49 7.73 0.00 0.00 0.00 0.00 0.00 0.00 0.00 0.00 0.00 0.00 0.00 0.00 0.00 0.00 0.00 0.00 0.00 0.00 0.00 0.50 0.50 0.47 0.47 0.47 0.25 0.07 0.42 0.23 0.42 0.44 0.44 0.44 0.44 0.00 0.00 0.00 0.00 0.00 0.00 0.00 0.00 0.00 0.00 0.00 0.00 0.00 0.00 0.00 0.00 0.00 0.00 0.00 0.39
0.00 0.00 0.00 0.00 0.00 0.00 0.00 0.00 0.00 0.00 0.00 0.00 0.00 0.00 0.00 0.00 0.00 0.00 0.00 0.00 0.00 0.00 0.00 0.00 0.00 0.00 0.00 0.00 0.50 0.50 0.00 0.00 0.00 0.00 0.00 0.00 0.00 0.00 0.00 0.00 0.00 0.00 0.00 0.00 0.00 0.00 0.00 0.00 0.00 0.00 0.49 0.49 0.47 0.47 0.47 0.47 0.23 0.23 0.23 0.42 0.43 0.43 0.43 0.43 0.00 0.00 0.00 0.00 0.00 0.00 0.00 0.00 0.00 0.00 0.00 0.00 0.00 0.00 0.00 0.00 0.00 0.00 0.00 7.10
0.00 0.00 0.00 0.00 0.00 0.00 0.00 0.00 0.00 0.00 0.00 0.00 0.00 0.00 0.00 0.00 0.00 0.00 0.00 0.00 0.00 0.00 0.00 0.00 0.00 0.00 0.00 0.00 1.48 0.50 0.00 0.00 0.00 0.00 0.00 0.00 0.00 0.00 0.00 0.00 0.00 0.00 0.00 0.00 0.00 0.00 0.00 0.00 0.00 0.00 0.49 0.49 0.47 0.47 0.47 0.47 0.42 0.23 0.42 0.42 0.43 0.43 0.43 0.23 0.00 0.00 0.00 0.00 0.00 0.00 0.00 0.00 0.00 0.00 0.00 0.00 0.00 0.00 0.00 0.00 0.00 0.00 0.00 0.00
