New_Model_Runs/6_FutureClimate_RCP45_out/post_prcessed_with_MFR/Monthly_summaries/runoff_monthly_JUL.asc
NCOLS 700
NROWS 400
XLLCENTER 515000.000000
YLLCENTER 8409000.000000
CELLSIZE 50.000000
NODATA_value -999.000000
[rows 304 to 341 of 400, columns 168 to 251 of 700]
0.89 0.75 0.71 0.89 0.75 0.75 0.75 0.89 0.74 0.70 0.70 0.88 0.88 0.70 1.54 1.54 1.54 1.54 1.61 1.84 1.84 1.68 1.68 1.54 1.75 1.75 1.75 1.75 1.75 1.75 1.75 1.46 1.46 1.46 1.46 1.46 1.46 1.75 1.75 1.75 1.66 0.73 1.66 1.66 1.66 1.46 1.39 1.66 1.66 1.39 1.66 2.74 1.66 1.50 1.39 1.46 0.52 0.52 0.65 1.44 0.52 0.48 0.48 0.48 0.65 0.65 0.48 0.48 0.48 0.65 0.65 0.52 0.48 0.60 0.44 0.48 1.35 0.69 0.65 0.85 0.85 0.85 0.52 0.85
0.89 0.71 0.89 0.75 0.75 0.75 0.75 0.75 0.74 0.70 0.88 0.88 0.70 1.54 1.84 1.54 1.54 1.61 1.84 2.98 1.84 1.68 1.54 1.54 1.46 1.75 1.75 1.75 1.75 1.75 1.75 1.60 1.60 1.60 1.46 1.60 1.46 1.75 1.75 0.78 0.73 1.66 0.73 1.90 1.68 1.66 1.46 1.46 2.74 1.66 1.66 1.46 1.46 1.66 1.46 1.46 0.52 0.52 0.52 1.44 0.52 0.52 0.48 0.48 0.65 0.65 0.48 0.65 0.48 0.52 0.52 0.65 0.60 0.48 0.60 0.44 1.35 0.65 0.85 0.85 0.85 0.85 0.85 0.85
0.85 1.09 1.03 0.85 0.67 0.85 1.66 1.66 0.83 0.65 0.65 0.83 0.83 1.46 1.46 1.46 1.74 1.74 1.52 1.74 1.74 1.59 1.74 1.46 0.49 0.49 0.85 0.66 0.66 0.66 2.15 1.48 1.48 1.48 1.48 1.48 1.48 1.48 1.48 0.71 0.66 0.61 0.73 0.45 0.45 0.49 0.49 0.49 0.61 0.49 0.61 0.49 0.49 1.36 0.61 0.61 1.30 0.46 1.55 1.30 0.46 0.57 0.42 0.42 0.53 0.42 0.57 0.46 1.57 1.30 0.57 0.42 0.54 0.39 0.39 0.39 0.39 0.46 0.46 0.77 0.77 0.62 0.62 0.77
0.85 0.85 0.85 1.66 0.85 1.02 0.72 1.66 0.83 0.83 0.65 0.65 0.83 1.74 1.46 1.74 1.74 1.74 1.46 1.74 1.74 1.74 1.46 1.74 0.66 0.66 0.66 0.66 0.66 0.66 1.48 1.48 1.48 1.48 1.48 1.48 1.48 1.48 1.48 1.48 1.70 0.49 0.61 0.61 0.45 0.45 0.45 1.36 0.61 0.61 0.45 0.61 0.49 0.49 1.36 0.49 1.30 0.46 1.50 0.57 0.46 0.46 0.57 0.57 0.46 0.42 1.30 0.57 0.46 0.46 0.42 0.57 0.54 0.54 0.43 0.43 0.43 0.39 0.58 0.58 0.58 0.62 0.62 0.46
0.85 0.67 0.67 0.85 0.85 0.85 1.02 0.72 1.62 0.83 1.15 0.69 0.83 1.46 1.74 1.74 1.46 1.74 1.74 1.74 1.74 1.46 1.46 1.46 0.49 0.66 0.66 0.66 0.66 1.48 1.48 1.48 0.49 0.49 0.49 1.48 1.48 1.48 1.48 0.53 0.49 0.61 0.61 0.61 0.61 0.45 0.45 0.45 0.45 0.59 0.61 0.49 1.36 1.36 0.49 1.36 0.66 0.42 0.42 0.42 0.42 0.42 0.42 0.57 0.53 0.57 0.57 0.57 0.42 0.42 0.42 0.49 0.43 0.39 0.39 0.43 0.43 0.43 0.58 0.58 0.58 0.62 0.46 0.46
0.67 0.85 0.85 0.85 0.85 0.85 0.72 0.72 1.62 0.69 0.83 0.65 0.83 1.74 1.74 2.24 2.24 1.74 1.74 1.46 1.52 1.46 1.46 1.46 0.49 0.49 0.66 0.66 0.66 1.48 1.48 1.48 0.49 0.49 0.49 0.49 0.49 1.48 1.48 0.53 0.61 0.45 0.61 0.61 0.61 0.45 0.45 0.45 0.45 0.45 0.45 0.49 1.36 1.37 0.61 0.45 0.42 0.42 0.57 0.42 0.42 0.42 0.42 0.49 0.82 0.82 0.74 0.57 0.57 2.13 2.13 0.49 0.58 0.39 0.39 0.65 0.68 0.58 0.58 0.77 0.58 0.62 0.62 0.58
0.85 0.85 0.85 0.85 0.72 0.85 0.67 0.85 1.60 1.86 0.83 0.83 1.46 1.46 1.74 1.74 1.59 1.59 1.59 1.46 1.74 1.46 1.46 1.74 0.49 0.66 0.66 0.66 0.49 1.48 2.29 1.48 0.49 0.49 0.49 0.49 0.49 0.53 0.53 1.48 1.38 1.38 0.61 0.61 1.37 0.45 0.55 0.45 0.45 0.45 0.45 0.45 0.61 1.37 1.37 1.37 0.42 1.30 0.57 0.57 0.57 0.57 0.49 0.49 0.66 0.62 0.70 0.49 0.82 2.13 1.06 0.82 0.46 0.99 0.77 0.54 1.03 2.04 2.04 2.04 1.03 0.77 0.77 0.77
0.85 0.85 0.85 0.85 0.72 0.72 0.85 0.72 0.69 1.62 2.63 0.69 1.74 1.74 1.74 1.46 1.74 1.74 1.59 1.46 2.76 3.25 1.52 1.74 0.66 0.66 0.66 0.66 0.66 0.66 1.48 1.48 1.48 0.49 1.48 1.48 1.48 0.49 1.48 1.48 1.38 1.38 1.38 1.38 1.37 0.45 0.45 0.45 0.45 0.45 0.45 0.45 0.61 1.37 1.37 1.37 0.57 1.30 1.30 0.49 0.82 0.82 0.82 0.82 0.49 0.82 0.82 0.82 0.82 2.13 0.82 0.82 2.04 2.04 0.77 0.77 0.46 2.04 2.04 0.77 0.77 0.77 0.77 0.77
0.67 0.85 0.67 0.85 1.66 0.72 0.85 0.72 0.65 0.69 1.62 0.83 1.74 2.37 1.74 1.46 1.74 1.74 1.74 2.59 1.74 1.52 1.52 1.74 0.66 0.66 0.66 0.66 0.66 0.66 1.48 1.48 0.49 1.48 1.48 1.48 1.47 1.47 1.47 1.47 2.76 1.09 1.36 1.36 1.36 0.45 0.45 0.45 0.45 0.45 0.45 0.45 1.37 1.37 1.37 1.37 0.82 0.82 2.10 0.49 2.68 3.47 0.49 0.49 2.67 2.67 1.60 2.12 2.11 0.82 0.82 0.82 2.02 0.77 0.92 0.77 2.03 1.50 0.46 0.46 0.57 0.77 0.46 0.77
0.67 0.85 0.72 0.72 0.72 0.72 0.85 0.72 0.83 0.83 0.69 0.69 1.74 1.46 1.74 1.74 1.46 1.46 2.37 1.74 1.74 1.52 1.74 1.74 0.66 0.53 0.49 0.49 0.49 0.49 0.49 0.49 0.49 1.48 1.48 1.48 1.47 1.47 1.47 2.75 0.57 0.55 0.55 0.45 0.45 0.45 0.45 0.45 0.45 0.45 0.45 0.45 0.61 0.65 2.10 1.37 0.82 0.82 2.10 2.67 2.67 2.67 2.67 2.67 2.67 2.67 2.12 2.12 2.11 2.67 0.82 0.82 0.77 0.46 0.46 2.02 2.03 3.47 0.46 0.46 0.46 0.58 0.46 0.46
0.85 1.07 0.85 0.85 0.67 0.85 0.85 0.85 0.83 0.83 2.36 2.36 1.74 1.59 1.74 1.74 1.74 2.59 1.52 1.46 1.46 1.74 1.74 1.74 0.66 0.66 0.49 0.49 0.49 0.49 0.49 0.49 0.49 1.48 1.48 0.49 0.49 0.49 0.49 1.47 1.36 1.36 0.45 0.45 0.45 0.45 0.45 0.45 0.45 0.45 0.45 0.45 0.45 0.79 2.13 1.37 2.10 2.10 2.10 2.67 2.67 2.67 2.67 2.67 2.67 2.67 2.12 2.67 6.21 3.63 0.82 2.11 2.02 0.46 0.46 0.77 2.03 2.03 2.03 0.77 0.46 0.46 0.77 0.46
2.41 1.66 0.85 0.85 0.85 0.67 0.67 0.85 0.83 0.83 0.83 3.72 1.74 1.46 1.74 1.74 1.74 2.63 1.52 1.46 1.74 1.74 1.46 1.46 0.66 0.66 0.49 0.49 0.49 0.49 0.49 0.49 0.49 0.49 0.60 0.49 0.49 0.49 0.49 0.49 0.45 0.45 0.45 0.45 0.45 0.45 0.45 0.45 0.61 0.45 0.45 0.45 0.45 0.45 1.37 1.37 0.82 2.10 2.10 2.10 2.12 2.12 2.12 2.12 2.12 2.12 2.12 2.67 2.67 2.11 2.11 0.81 0.77 0.77 0.77 0.77 0.77 0.77 0.77 0.77 0.77 0.77 0.77 0.46
0.85 0.85 0.85 0.85 0.85 0.85 0.67 0.67 0.69 0.69 0.83 1.74 1.52 1.46 1.74 2.76 1.74 1.46 1.46 1.52 2.84 1.74 2.59 1.52 0.69 0.60 0.49 0.49 0.49 0.49 0.49 0.49 0.49 0.49 0.71 0.49 0.49 0.49 0.49 0.49 0.77 0.45 0.45 0.45 0.45 0.45 0.45 0.45 0.45 1.36 0.61 0.45 0.45 1.34 1.34 1.34 0.42 0.82 2.10 2.10 2.14 2.14 2.14 2.14 2.15 2.15 2.15 2.15 2.12 2.67 2.67 2.67 0.76 2.00 0.77 0.77 0.85 0.77 0.46 0.46 0.46 0.46 0.77 0.46
0.72 0.85 0.85 0.72 0.85 0.85 0.67 0.85 0.69 0.69 0.83 1.74 2.30 1.52 1.46 1.74 1.52 1.52 1.74 2.84 1.52 1.74 1.74 1.74 0.53 0.49 0.49 0.49 0.49 0.49 0.60 0.49 0.49 1.47 1.47 1.47 1.46 0.49 1.46 1.46 1.35 1.35 0.45 0.45 0.45 0.55 0.45 0.45 0.45 0.61 0.61 0.45 1.34 1.34 1.34 1.34 0.49 2.10 0.81 2.10 2.14 2.14 2.14 2.14 2.15 2.15 2.15 2.15 2.12 2.12 2.12 2.67 2.56 0.76 0.77 0.77 0.77 0.46 0.46 0.46 0.77 0.77 0.77 0.77
0.85 0.85 0.85 0.85 0.85 0.85 0.72 0.72 0.65 0.65 0.69 2.84 1.46 1.52 1.52 1.74 1.74 1.74 1.74 2.63 1.46 1.74 1.46 1.74 0.49 0.49 0.49 0.49 1.74 0.49 0.60 0.60 0.49 2.28 1.47 1.47 1.46 1.46 1.46 2.65 1.35 2.13 2.13 0.45 0.45 0.45 2.13 2.13 0.45 0.45 0.73 1.37 1.34 0.61 0.45 0.85 2.10 2.10 2.10 2.10 2.14 2.14 2.14 2.14 2.15 2.15 2.15 2.15 2.12 2.12 2.12 2.12 2.56 2.00 2.00 2.00 0.77 0.46 0.46 0.46 0.46 0.46 0.77 0.77
1.25 1.25 1.66 0.85 0.85 0.72 0.85 0.72 0.65 0.65 0.65 1.46 1.74 1.52 1.52 1.52 1.52 1.74 2.84 1.52 1.74 1.46 1.46 1.46 0.49 2.06 1.48 1.48 1.48 0.49 0.49 0.49 0.49 1.47 1.47 1.47 1.46 1.72 2.41 0.66 2.13 2.13 2.13 1.35 1.36 1.36 2.13 2.13 0.45 0.45 0.49 2.28 0.59 0.61 0.52 0.85 2.10 2.10 2.10 2.10 2.14 2.14 0.49 0.49 2.15 2.15 2.15 2.15 2.12 2.12 2.12 0.82 2.00 2.00 2.00 2.00 2.01 0.46 0.77 0.46 0.46 0.46 0.46 0.77
0.85 0.85 0.85 0.85 0.85 0.72 0.67 0.85 0.65 0.65 1.46 1.46 1.52 1.59 1.52 1.52 2.76 1.74 4.03 1.52 1.74 1.74 1.46 1.46 0.49 0.66 1.48 1.48 0.49 0.49 0.49 0.49 0.49 1.46 1.46 0.49 0.49 1.44 0.49 0.49 0.45 0.45 2.13 1.35 0.65 2.13 2.13 2.13 2.13 0.49 2.13 3.19 1.34 0.64 2.16 2.16 2.11 2.11 2.11 2.11 2.15 2.15 0.49 1.33 1.34 2.16 2.16 2.16 2.14 2.14 2.14 2.14 2.01 2.01 2.01 2.01 2.01 0.77 0.77 0.46 0.46 0.46 0.77 0.77
0.85 0.72 0.85 0.67 0.67 0.67 0.67 0.67 0.65 0.65 1.74 1.46 1.74 1.59 1.52 1.52 1.74 1.74 1.74 1.74 1.59 1.74 1.74 1.46 0.66 0.66 0.66 0.49 0.49 0.49 0.66 0.79 0.66 0.66 0.49 0.49 0.49 0.49 2.26 0.49 2.13 0.45 0.45 2.28 2.28 2.28 2.28 2.28 2.28 2.13 1.35 1.35 1.34 1.34 2.16 2.16 0.81 2.11 2.11 2.11 2.15 0.83 0.62 1.33 1.34 1.34 2.16 2.16 2.14 2.14 2.14 2.14 2.01 2.01 0.46 0.77 0.77 0.77 0.46 2.01 0.77 0.46 0.77 0.77
0.68 0.68 0.68 0.82 1.60 0.68 1.60 0.64 1.53 0.61 1.38 1.38 1.65 2.72 1.44 1.44 1.44 1.65 1.44 1.51 1.51 1.38 1.38 1.38 0.45 0.45 0.55 0.45 0.45 0.45 0.45 0.45 1.36 0.45 0.45 0.45 0.45 2.13 2.13 0.45 0.56 0.56 0.56 2.14 2.14 3.71 2.14 2.01 2.01 2.01 1.27 2.01 2.14 1.25 2.03 2.03 1.96 1.96 1.96 1.96 2.01 2.01 1.23 1.23 1.23 1.23 1.23 2.02 2.00 2.00 2.00 2.00 1.86 1.86 1.86 0.69 0.69 0.69 0.41 1.86 1.85 1.85 1.85 1.85
0.68 0.68 0.64 0.64 1.60 0.68 0.64 2.34 0.61 0.61 1.38 2.07 1.38 1.65 1.44 1.44 1.44 1.65 1.65 1.51 1.51 1.38 1.38 1.58 0.45 0.45 0.58 0.61 0.45 0.61 1.38 1.38 1.36 0.45 0.45 0.45 0.64 2.13 2.13 1.34 0.59 0.41 0.41 0.41 0.41 2.01 2.01 2.01 2.01 2.01 2.01 2.14 2.14 1.89 2.03 2.03 1.96 1.96 1.96 1.96 2.01 2.01 0.38 0.38 1.23 1.23 1.23 2.02 0.75 0.44 2.00 2.00 3.15 3.15 1.86 1.86 0.41 0.41 0.41 0.69 1.85 1.85 1.85 1.85
0.68 1.60 0.82 0.82 0.64 0.64 0.90 0.64 0.78 0.65 1.38 1.38 1.38 1.44 1.44 1.44 1.44 1.65 1.44 1.44 1.38 1.38 1.38 1.38 0.45 0.61 0.61 0.61 0.61 1.36 1.36 1.36 1.34 1.34 0.45 0.45 0.64 0.64 0.45 0.45 0.41 0.41 0.41 0.41 0.41 0.41 0.41 0.41 0.59 0.59 1.55 2.14 2.14 1.26 1.26 2.05 1.96 1.96 1.96 1.96 2.00 2.00 1.22 1.22 1.23 0.38 0.38 0.38 0.44 0.44 2.00 2.00 1.87 1.87 1.87 0.41 0.41 0.41 0.41 0.41 0.69 1.85 1.85 1.85
0.82 0.82 0.82 0.82 0.82 0.82 0.82 0.96 0.65 1.65 1.38 1.65 1.38 1.44 1.44 1.65 1.44 1.65 1.65 1.65 1.65 1.65 1.38 1.38 0.45 0.45 0.45 0.45 0.45 0.45 1.36 1.36 1.34 0.45 0.45 0.64 0.45 0.45 0.45 0.45 0.41 0.69 1.24 0.41 1.26 1.26 0.41 0.41 0.41 0.41 0.41 1.27 2.01 2.14 2.14 2.05 1.96 1.96 1.96 1.96 2.00 1.22 1.22 1.22 1.23 0.38 0.38 0.38 0.44 0.44 2.00 2.00 3.16 1.87 1.87 0.50 0.41 1.86 1.86 0.41 0.41 1.85 1.85 1.85
0.00 2.47 0.82 0.82 0.82 0.82 0.82 0.68 0.78 1.44 1.38 2.86 1.65 1.65 2.16 1.38 1.44 1.38 1.44 1.65 1.38 1.65 1.38 1.38 0.55 0.45 0.45 0.45 1.36 1.36 1.36 1.36 1.34 1.34 0.64 0.64 0.64 0.45 0.45 0.45 1.24 1.24 1.24 1.24 1.26 1.26 1.26 0.50 0.50 0.41 0.56 0.56 0.59 2.14 1.26 1.26 1.96 1.96 1.96 1.96 2.00 2.00 1.22 1.22 1.23 0.38 0.46 0.38 0.44 2.00 3.42 2.00 1.87 1.87 0.41 0.41 1.86 0.41 0.69 1.86 0.41 1.34 0.69 0.69
0.00 0.00 2.47 0.68 0.68 0.68 0.82 0.82 0.78 1.65 1.65 2.16 1.44 1.65 1.44 1.38 1.44 1.44 1.44 1.65 1.38 1.38 1.38 1.38 0.45 0.45 0.45 0.55 0.45 1.36 1.36 1.36 1.34 1.34 1.34 1.34 0.45 0.61 0.86 2.15 2.03 2.03 2.03 2.03 2.05 1.26 1.26 0.41 0.41 0.41 0.56 0.56 0.53 0.41 1.26 1.26 1.96 1.96 1.96 1.96 2.00 2.00 2.00 1.22 1.23 1.23 0.00 1.23 2.00 2.00 2.00 2.00 1.87 0.69 0.41 0.41 1.86 1.86 1.86 0.41 0.41 0.41 0.57 0.69
0.00 0.00 0.00 0.00 0.00 0.00 0.00 0.00 0.78 1.65 2.60 1.44 1.65 1.65 1.38 1.65 1.65 1.65 1.44 1.38 1.50 1.65 1.38 1.38 0.55 0.45 0.77 0.45 0.45 1.34 1.34 1.34 1.31 1.31 1.31 0.45 1.32 1.32 2.14 2.14 2.04 2.04 2.04 2.04 2.04 2.04 1.25 1.25 1.25 0.59 0.41 0.44 0.71 0.71 1.26 1.26 1.19 1.96 1.96 1.96 1.98 1.98 1.98 3.39 2.01 0.00 0.00 0.00 2.00 2.00 0.00 0.00 0.00 1.88 0.70 0.41 0.41 0.41 1.86 0.41 0.41 0.41 0.41 0.41
0.00 0.00 0.00 0.00 0.00 0.00 0.00 0.00 0.00 0.00 3.71 1.44 1.44 1.44 1.38 1.38 1.65 1.65 1.38 1.44 1.38 1.65 2.07 1.38 0.45 0.55 0.45 1.37 1.34 1.34 1.34 1.34 1.31 1.31 1.31 1.31 1.32 1.32 1.32 1.32 0.41 0.41 1.25 2.04 2.04 2.04 1.25 1.25 1.91 1.25 0.97 0.59 0.56 1.26 1.26 1.26 1.19 1.96 1.96 1.96 1.98 1.98 1.98 1.98 2.01 0.00 0.00 0.00 0.00 0.00 0.00 0.00 0.00 0.00 0.00 1.88 0.41 1.86 1.86 0.41 0.69 0.41 0.41 0.41
0.00 0.00 0.00 0.00 0.00 0.00 0.00 0.00 0.00 0.00 3.71 3.71 3.71 1.38 1.50 1.38 1.38 1.38 0.73 0.73 0.73 0.73 1.65 1.38 0.45 0.45 0.45 1.37 1.34 1.34 1.34 1.34 1.31 1.31 1.31 1.31 1.32 1.32 1.32 1.32 1.90 1.49 0.41 1.25 2.04 2.04 2.04 1.25 1.25 0.59 1.25 1.25 0.56 1.26 1.26 1.26 1.19 1.19 1.96 1.96 1.98 1.98 1.98 1.98 2.01 3.43 2.01 0.00 0.00 0.00 0.00 0.00 0.00 0.00 0.00 0.00 0.00 0.69 1.86 0.41 0.41 0.41 0.50 0.41
0.00 0.00 0.00 0.00 0.00 0.00 0.00 0.00 0.00 0.00 0.00 0.00 4.17 4.17 1.50 1.50 1.38 1.65 0.73 0.73 1.50 1.50 1.38 1.38 0.45 2.13 0.65 1.37 1.34 1.34 1.34 1.34 1.31 1.31 1.31 1.31 1.32 1.32 1.32 1.32 1.25 1.25 0.48 2.04 2.04 3.49 2.04 2.04 2.05 0.59 0.59 1.25 0.56 0.56 1.26 1.92 1.19 1.19 1.96 1.96 1.98 1.98 1.98 1.98 2.01 2.01 2.01 0.00 0.00 0.00 0.00 0.00 0.00 0.00 0.00 0.00 1.86 0.52 0.69 0.69 0.69 0.69 0.57 0.41
0.00 0.00 0.00 0.00 0.00 0.00 0.00 0.00 0.00 0.00 0.00 0.00 0.00 4.17 2.39 2.39 1.65 1.65 1.50 1.50 3.71 1.50 3.71 1.38 0.45 2.13 2.13 1.34 1.31 1.31 2.00 1.31 1.33 2.16 2.16 2.16 2.20 2.20 2.20 2.20 2.09 2.09 2.09 2.09 2.08 2.08 2.08 2.08 2.05 0.79 2.05 2.05 0.80 0.56 0.56 1.25 1.80 1.19 1.19 1.19 1.21 1.98 1.98 0.00 7.71 0.00 0.00 0.00 0.00 0.00 0.00 0.00 0.00 0.00 0.00 0.00 1.87 0.41 0.69 0.69 0.69 1.85 1.85 0.41
0.00 0.00 0.00 0.00 0.00 0.00 0.00 0.00 0.00 0.00 0.00 0.00 0.00 0.00 8.01 4.17 2.04 2.04 2.40 3.71 3.71 3.71 3.71 1.65 1.34 2.13 1.34 1.34 1.31 1.31 1.31 1.31 2.16 2.16 2.16 2.16 2.20 2.20 2.20 2.20 2.09 2.09 2.09 2.09 2.08 2.08 2.08 2.08 2.05 2.05 2.05 2.05 0.80 0.80 0.80 1.25 1.19 1.19 1.19 1.19 1.21 1.21 0.00 0.00 0.00 0.00 0.00 0.00 0.00 0.00 0.00 0.00 0.00 0.00 0.00 0.00 2.38 2.38 0.56 0.69 0.41 1.85 1.85 0.41
0.00 0.00 0.00 0.00 0.00 0.00 0.00 0.00 0.00 0.00 0.00 0.00 0.00 0.00 0.00 4.17 4.17 4.17 4.17 4.51 4.17 4.17 2.39 2.39 2.17 2.17 1.34 2.04 1.31 1.31 1.31 1.31 2.16 2.16 2.16 2.16 2.20 2.20 2.20 2.20 2.09 2.09 2.09 2.09 2.08 2.08 2.08 2.08 2.05 2.05 2.05 2.05 2.03 0.80 0.80 2.03 1.19 1.19 1.19 1.19 1.21 0.00 0.00 0.00 0.00 0.00 0.00 0.00 0.00 0.00 0.00 0.00 0.00 0.00 0.00 0.00 0.00 4.17 2.38 2.38 0.69 1.85 1.85 1.85
0.00 0.00 0.00 0.00 0.00 0.00 0.00 0.00 0.00 0.00 0.00 0.00 0.00 0.00 0.00 0.00 0.00 4.17 4.17 4.17 4.17 4.17 2.39 2.39 2.17 2.17 1.34 1.34 1.31 1.31 1.31 2.12 2.16 2.16 0.00 0.00 0.00 0.00 0.00 0.00 0.00 0.00 0.00 0.00 0.00 0.00 2.08 2.08 2.05 2.05 2.05 2.05 2.03 0.80 0.80 2.03 1.19 1.19 1.19 1.80 1.21 0.00 0.00 0.00 0.00 0.00 0.00 0.00 0.00 0.00 0.00 0.00 0.00 0.00 0.00 0.00 0.00 0.00 0.00 0.00 0.00 1.85 0.69 1.85
0.00 0.00 0.00 0.00 0.00 0.00 0.00 0.00 0.00 0.00 0.00 0.00 0.00 0.00 0.00 0.00 0.00 0.00 0.00 0.00 0.00 0.00 4.17 2.37 2.15 2.15 2.15 1.33 1.33 1.33 2.15 2.15 2.18 0.00 0.00 0.00 0.00 0.00 0.00 0.00 0.00 0.00 0.00 0.00 0.00 0.00 0.00 0.00 0.00 3.55 2.08 2.08 2.02 2.02 0.80 2.02 1.92 1.16 1.16 1.16 1.20 0.00 0.00 0.00 0.00 0.00 0.00 0.00 0.00 0.00 0.00 0.00 0.00 0.00 0.00 0.00 0.00 0.00 0.00 0.00 0.00 1.84 0.69 1.84
0.00 0.00 0.00 0.00 0.00 0.00 0.00 0.00 0.00 0.00 0.00 0.00 0.00 0.00 0.00 0.00 0.00 0.00 0.00 0.00 0.00 0.00 0.00 4.17 2.15 2.15 2.15 2.15 2.15 2.15 2.15 2.15 0.00 0.00 0.00 0.00 0.00 0.00 0.00 0.00 0.00 0.00 0.00 0.00 0.00 0.00 0.00 0.00 0.00 0.00 2.08 2.08 2.02 2.02 0.80 0.80 2.41 1.92 1.92 1.92 1.96 9.67 0.00 0.00 0.00 0.00 0.00 0.00 0.00 0.00 0.00 0.00 0.00 0.00 0.00 0.00 0.00 0.00 0.00 0.00 0.00 3.11 1.84 0.69
0.00 0.00 0.00 0.00 0.00 0.00 0.00 0.00 0.00 0.00 0.00 0.00 0.00 0.00 0.00 0.00 0.00 0.00 0.00 0.00 0.00 0.00 0.00 0.00 0.00 0.00 0.00 2.02 2.01 2.01 2.01 0.00 0.00 0.00 0.00 0.00 0.00 0.00 0.00 0.00 0.00 0.00 0.00 0.00 0.00 0.00 0.00 0.00 0.00 0.00 3.30 1.94 1.87 1.87 0.72 0.72 1.80 1.80 1.80 1.80 1.84 0.69 0.00 0.00 0.00 0.00 0.00 0.00 0.00 0.00 0.00 0.00 0.00 0.00 0.00 0.00 0.00 0.00 0.00 0.00 0.00 0.00 2.25 1.73
0.00 0.00 0.00 0.00 0.00 0.00 0.00 0.00 0.00 0.00 0.00 0.00 0.00 0.00 0.00 0.00 0.00 0.00 0.00 0.00 0.00 0.00 0.00 0.00 0.00 0.00 0.00 0.00 2.01 2.01 7.91 0.00 0.00 0.00 0.00 0.00 0.00 0.00 0.00 0.00 0.00 0.00 0.00 0.00 0.00 0.00 0.00 0.00 0.00 0.00 1.94 1.94 1.87 1.87 1.87 0.72 0.67 1.80 0.69 1.80 1.84 1.84 1.84 1.84 0.00 0.00 0.00 0.00 0.00 0.00 0.00 0.00 0.00 0.00 0.00 0.00 0.00 0.00 0.00 0.00 0.00 0.00 0.00 1.73
0.00 0.00 0.00 0.00 0.00 0.00 0.00 0.00 0.00 0.00 0.00 0.00 0.00 0.00 0.00 0.00 0.00 0.00 0.00 0.00 0.00 0.00 0.00 0.00 0.00 0.00 0.00 0.00 2.05 2.05 0.00 0.00 0.00 0.00 0.00 0.00 0.00 0.00 0.00 0.00 0.00 0.00 0.00 0.00 0.00 0.00 0.00 0.00 0.00 0.00 1.93 1.93 1.85 1.85 1.85 1.85 0.69 0.69 0.69 1.78 1.82 1.82 1.82 1.82 0.00 0.00 0.00 0.00 0.00 0.00 0.00 0.00 0.00 0.00 0.00 0.00 0.00 0.00 0.00 0.00 0.00 0.00 0.00 7.24
0.00 0.00 0.00 0.00 0.00 0.00 0.00 0.00 0.00 0.00 0.00 0.00 0.00 0.00 0.00 0.00 0.00 0.00 0.00 0.00 0.00 0.00 0.00 0.00 0.00 0.00 0.00 0.00 4.17 2.05 0.00 0.00 0.00 0.00 0.00 0.00 0.00 0.00 0.00 0.00 0.00 0.00 0.00 0.00 0.00 0.00 0.00 0.00 0.00 0.00 1.93 1.93 1.85 1.85 1.85 1.85 1.78 0.69 1.78 1.78 1.82 1.82 1.82 0.69 0.00 0.00 0.00 0.00 0.00 0.00 0.00 0.00 0.00 0.00 0.00 0.00 0.00 0.00 0.00 0.00 0.00 0.00 0.00 0.00
