New_Model_Runs/6_FutureClimate_RCP45_out/post_prcessed_with_MFR/Monthly_summaries/runoff_monthly_AUG.asc
NCOLS 700
NROWS 400
XLLCENTER 515000.000000
YLLCENTER 8409000.000000
CELLSIZE 50.000000
NODATA_value -999.000000
[rows 74 to 110 of 400, columns 336 to 419 of 700]
0.00 0.00 0.00 0.00 0.00 0.00 0.00 0.00 0.00 0.00 0.00 0.00 0.00 0.00 0.00 0.00 0.00 0.00 0.00 0.00 0.00 0.00 0.00 0.00 0.00 0.00 0.00 0.00 0.00 0.00 0.00 0.00 0.00 0.00 0.00 0.00 0.00 0.00 0.00 0.00 0.00 0.00 0.00 0.00 0.00 0.00 0.00 0.00 0.00 0.00 0.00 0.00 0.00 0.00 0.00 0.00 0.00 0.00 0.00 1.31 2.23 2.23 1.28 1.28 0.98 0.98 0.98 0.98 1.31 0.56 0.46 0.56 0.00 0.00 0.00 0.00 0.00 0.00 0.00 0.00 0.00 0.00 0.00 0.00
0.00 0.00 0.00 0.00 0.00 0.00 0.00 0.00 0.00 0.00 0.00 0.00 0.00 0.00 0.00 0.00 0.00 0.00 0.00 0.00 0.00 0.00 0.00 0.00 0.00 0.00 0.00 0.00 0.00 0.00 0.00 0.00 0.00 0.00 0.00 0.00 0.00 0.00 0.00 0.00 0.00 0.00 0.00 0.00 0.00 0.00 0.00 0.00 0.00 0.00 0.00 0.00 0.00 0.00 0.00 0.00 0.00 0.00 1.31 2.04 2.01 1.28 1.28 1.28 0.98 0.98 0.98 0.98 1.31 0.56 0.56 0.56 0.00 0.00 0.00 0.00 0.00 0.00 0.00 0.00 0.00 0.00 0.00 0.00
0.00 0.00 0.00 0.00 0.00 0.00 0.00 0.00 0.00 0.00 0.00 0.00 0.00 0.00 0.00 0.00 0.00 0.00 0.00 0.00 0.00 0.00 0.00 0.00 0.00 0.00 0.00 0.00 0.00 0.00 0.00 0.00 0.00 0.00 0.00 0.00 0.00 0.00 0.00 0.00 0.00 0.00 0.00 0.00 0.00 0.00 0.00 0.00 2.35 1.10 0.00 0.00 0.00 0.00 0.00 0.00 0.00 2.81 1.99 0.98 0.99 0.99 0.38 0.38 1.33 0.57 0.57 0.57 0.58 1.28 0.55 0.00 0.00 0.00 0.00 0.00 0.00 0.00 0.00 0.00 0.00 0.00 0.00 0.00
0.00 0.00 0.00 0.00 0.00 0.00 0.00 0.00 0.00 0.00 0.00 0.00 0.00 0.00 0.00 0.00 0.00 0.00 0.00 0.00 0.00 0.00 0.00 0.00 0.00 0.00 0.00 0.00 0.00 0.00 0.00 0.00 0.00 0.00 0.00 0.00 0.00 0.00 0.00 0.00 0.00 0.00 0.00 0.00 0.00 0.00 0.00 0.00 2.21 1.34 1.34 0.00 0.00 0.00 1.31 1.31 0.98 0.98 2.81 0.98 0.99 0.38 0.38 0.38 0.57 0.57 1.28 1.28 0.36 1.28 0.00 0.00 0.00 0.00 0.00 0.00 0.00 0.00 0.00 0.00 0.00 0.00 0.00 0.00
0.00 0.00 0.00 0.00 0.00 0.00 0.00 0.00 0.00 0.00 0.00 0.00 0.00 0.00 0.00 0.00 0.00 0.00 0.00 0.00 0.00 0.00 0.00 0.00 0.00 0.00 0.00 0.00 0.00 0.00 0.00 0.00 0.00 0.00 0.00 0.00 0.00 0.00 0.00 0.00 0.00 0.00 0.00 0.00 0.00 0.00 0.00 0.00 1.34 1.34 1.34 1.34 1.31 1.31 1.31 1.31 0.98 2.05 1.99 0.98 0.99 0.46 0.46 0.38 0.57 0.57 0.57 0.57 1.28 0.00 0.00 0.00 0.00 0.00 0.00 0.00 0.00 0.00 0.00 0.00 0.00 0.00 0.00 0.00
0.00 0.00 0.00 0.00 0.00 0.00 0.00 0.00 0.00 0.00 0.00 0.00 0.00 0.00 0.00 0.00 0.00 0.00 0.00 0.00 0.00 0.00 0.00 0.00 0.00 0.00 0.00 0.00 0.00 0.00 0.00 0.00 0.00 0.00 0.00 0.00 0.00 0.00 0.00 0.00 0.00 0.00 0.00 0.00 0.00 0.00 0.00 2.28 1.34 1.34 1.34 1.34 1.31 1.31 1.31 1.31 0.98 1.10 0.98 0.98 0.80 0.80 0.38 2.50 0.57 0.46 0.36 1.28 0.00 0.00 0.00 0.00 0.00 0.00 0.00 0.00 0.00 0.00 0.00 0.00 0.00 0.00 0.00 0.00
0.00 0.00 0.00 0.00 0.00 0.00 0.00 0.00 0.00 0.00 0.00 0.00 0.00 0.00 0.00 0.00 0.00 0.00 0.00 0.00 0.00 0.00 0.00 0.00 0.00 0.00 0.00 0.00 0.00 0.00 0.00 0.00 0.00 0.00 0.00 0.00 0.00 0.00 0.00 0.00 0.00 0.00 0.00 0.00 0.00 0.00 0.00 1.33 1.32 1.32 1.32 1.32 0.98 0.98 0.98 0.98 1.29 1.29 1.29 1.29 1.35 0.65 1.35 2.50 0.60 1.28 11.07 0.00 0.00 0.00 0.00 0.00 0.00 0.00 0.00 0.00 0.00 0.00 0.00 0.00 0.00 0.00 0.00 0.00
0.00 0.00 0.00 0.00 0.00 0.00 0.00 0.00 0.00 0.00 0.00 0.00 0.00 0.00 0.00 0.00 0.00 0.00 0.00 0.00 0.00 0.00 0.00 0.00 0.00 0.00 0.00 0.00 0.00 0.00 0.00 0.00 0.00 0.00 0.00 0.00 0.00 0.00 4.12 0.00 0.00 0.00 0.00 0.00 0.00 0.00 0.00 1.33 1.32 1.32 1.32 1.32 0.98 2.46 0.98 0.98 2.30 1.10 1.29 1.29 1.35 1.35 1.35 0.99 1.28 1.28 0.00 0.00 0.00 0.00 0.00 0.00 0.00 0.00 0.00 0.00 0.00 0.00 0.00 0.00 0.00 0.00 0.00 0.00
0.00 0.00 0.00 0.00 0.00 0.00 0.00 0.00 0.00 0.00 0.00 0.00 0.00 0.00 0.00 0.00 0.00 0.00 0.00 0.00 0.00 0.00 0.00 0.00 0.00 0.00 0.00 0.00 0.00 0.00 0.00 0.00 0.00 0.00 0.00 0.00 0.00 3.31 3.31 3.31 3.31 0.00 0.00 0.00 0.00 0.00 0.00 1.84 1.84 1.84 1.84 1.84 1.63 1.63 1.63 1.63 1.45 1.45 1.79 1.79 1.87 1.87 0.57 0.81 0.49 0.00 0.00 0.00 0.00 0.00 0.00 0.00 0.00 0.00 0.00 0.00 0.00 0.00 0.00 0.00 0.00 0.00 0.00 1.80
0.00 0.00 0.00 0.00 0.00 0.00 0.00 0.00 0.00 0.00 0.00 0.00 0.00 0.00 0.00 0.00 0.00 0.00 0.00 0.00 0.00 0.00 0.00 0.00 0.00 0.00 0.00 0.00 0.00 0.00 0.00 0.00 0.00 0.00 0.00 0.00 3.31 3.31 3.31 3.31 6.38 1.73 1.73 3.67 2.94 1.84 1.84 1.84 1.84 1.84 1.84 1.84 1.63 1.63 1.63 1.63 1.79 1.79 1.79 1.79 0.81 0.57 0.57 0.57 1.66 0.00 0.00 0.00 0.00 0.00 0.00 0.00 0.00 0.00 0.00 0.00 0.00 0.00 0.00 0.00 1.80 4.60 1.80 1.80
0.00 0.00 0.00 0.00 0.00 0.00 0.00 0.00 0.00 0.00 0.00 0.00 0.00 0.00 0.00 0.00 0.00 0.00 0.00 0.00 0.00 0.00 0.00 0.00 0.00 0.00 0.00 0.00 0.00 0.00 0.00 0.00 0.00 0.00 8.24 3.68 3.29 3.29 3.29 3.29 3.30 2.93 1.72 1.72 3.26 1.65 1.65 3.04 1.64 1.64 1.64 1.64 1.79 1.79 1.79 1.79 1.90 1.90 1.90 1.90 0.84 0.57 0.87 1.68 28.61 0.00 0.00 0.00 0.00 0.00 0.00 0.00 0.00 0.00 0.00 0.00 0.00 0.00 0.00 1.88 1.81 1.81 1.81 1.81
0.00 0.00 0.00 0.00 0.00 0.00 0.00 0.00 0.00 0.00 0.00 0.00 0.00 0.00 0.00 0.00 0.00 0.00 0.00 0.00 0.00 0.00 0.00 0.00 0.00 0.00 0.00 0.00 0.00 0.00 0.00 0.00 16.16 3.68 3.68 3.68 3.29 3.29 3.29 3.29 3.30 1.72 1.72 1.72 3.26 6.28 1.65 1.65 1.64 1.64 1.64 1.64 1.79 1.79 1.79 1.79 0.82 0.82 0.82 0.63 0.63 0.87 0.87 1.68 12.62 0.00 0.00 0.00 0.00 0.00 0.00 0.00 0.00 0.00 0.00 0.00 0.00 0.00 0.00 1.88 1.81 1.03 1.81 1.81
0.00 0.00 0.00 0.00 0.00 0.00 0.00 0.00 0.00 0.00 0.00 0.00 0.00 0.00 0.00 0.00 0.00 0.00 0.00 0.00 0.00 0.00 0.00 0.00 0.00 0.00 0.00 0.00 0.00 0.00 0.00 0.00 0.00 6.62 3.68 3.68 3.29 3.29 6.34 3.29 3.30 1.72 1.72 3.93 3.26 3.26 3.26 1.65 1.64 3.81 1.64 1.64 1.79 1.79 1.79 1.79 0.82 0.82 0.63 0.57 1.07 0.87 1.96 1.68 0.00 0.00 0.00 0.00 0.00 0.00 0.00 0.00 0.00 0.00 0.00 0.00 0.00 0.00 1.88 1.88 1.81 1.81 1.81 1.81
0.00 0.00 0.00 0.00 0.00 0.00 0.00 0.00 0.00 0.00 0.00 0.00 0.00 0.00 0.00 0.00 0.00 0.00 0.00 0.00 0.00 0.00 0.00 0.00 0.00 0.00 0.00 0.00 0.00 0.00 0.00 0.00 0.00 3.68 3.68 3.68 3.29 3.29 3.29 3.29 3.30 6.33 1.72 1.72 3.26 3.26 3.26 3.26 1.64 2.85 1.64 1.45 1.79 1.79 1.79 1.79 1.90 0.56 0.63 0.57 0.63 0.87 1.07 1.68 0.00 0.00 0.00 0.00 0.00 0.00 0.00 0.00 0.00 0.00 0.00 0.00 0.00 1.05 1.88 1.88 1.81 1.81 3.15 1.81
0.00 0.00 0.00 0.00 0.00 0.00 0.00 0.00 0.00 0.00 0.00 0.00 0.00 0.00 0.00 0.00 0.00 0.00 0.00 0.00 0.00 0.00 0.00 0.00 0.00 0.00 0.00 0.00 0.00 0.00 0.00 0.00 0.00 0.00 3.75 3.75 3.32 3.32 3.32 3.32 3.27 3.27 1.70 1.70 1.67 3.21 3.21 2.92 3.02 1.45 1.45 1.82 1.89 1.89 1.89 1.89 1.98 1.98 0.57 0.57 0.57 0.63 1.07 1.68 0.00 0.00 0.00 0.00 0.00 0.00 0.00 0.00 0.00 0.00 0.00 0.00 0.86 1.89 1.89 1.89 3.15 1.81 1.81 1.81
0.00 0.00 0.00 0.00 0.00 0.00 0.00 0.00 0.00 0.00 0.00 0.00 0.00 0.00 0.00 0.00 0.00 0.00 0.00 0.00 0.00 0.00 0.00 0.00 0.00 0.00 0.00 0.00 0.00 0.00 0.00 0.00 0.00 0.00 0.00 3.75 3.32 3.32 3.32 3.32 3.27 3.27 3.27 6.30 1.67 3.21 2.92 2.92 3.02 2.43 1.82 1.82 1.89 1.89 1.89 1.89 1.98 0.85 0.63 0.63 0.57 0.57 1.96 1.68 1.66 0.00 0.00 0.00 0.00 0.00 0.00 0.00 0.00 0.00 0.00 1.96 3.32 1.89 1.89 1.89 1.81 1.81 3.15 1.81
0.00 0.00 0.00 0.00 0.00 0.00 0.00 0.00 0.00 0.00 0.00 0.00 0.00 0.00 0.00 0.00 0.00 0.00 0.00 0.00 0.00 0.00 0.00 4.77 0.00 0.00 0.00 0.00 0.00 0.00 0.00 0.00 0.00 0.00 0.00 6.49 3.32 3.32 6.40 3.32 3.27 3.27 3.27 3.27 3.21 3.21 5.08 2.92 3.32 2.43 3.32 1.82 1.89 0.82 0.82 0.82 0.85 0.85 0.63 1.68 0.75 0.87 1.07 1.68 0.73 1.66 1.66 2.75 0.00 0.00 0.00 0.00 12.62 1.05 0.86 1.96 1.89 1.89 1.89 1.89 1.81 1.81 1.81 1.81
0.00 0.00 0.00 0.00 0.00 0.00 0.00 0.00 0.00 0.00 0.00 0.00 0.00 0.00 0.00 0.00 0.00 0.00 0.00 0.00 0.00 0.00 0.00 3.15 2.92 2.92 0.00 0.00 0.00 0.00 0.00 0.00 0.00 0.00 0.00 0.00 3.32 3.32 3.32 3.32 3.27 3.27 3.27 8.92 3.21 3.21 3.21 3.21 3.32 3.32 3.32 3.32 0.82 0.82 0.82 1.22 1.26 1.98 0.63 1.68 1.07 1.07 1.07 1.03 0.49 1.66 1.66 2.17 0.83 0.83 1.54 0.90 1.62 1.05 0.86 1.96 1.89 1.89 1.89 1.89 1.81 1.81 1.81 1.81
0.00 0.00 0.00 0.00 0.00 0.00 0.00 0.00 0.00 0.00 0.00 0.00 0.00 0.00 0.00 0.00 0.00 0.00 0.00 0.00 0.00 0.00 0.00 3.16 3.15 3.15 3.15 0.00 0.00 0.00 0.00 0.00 0.00 0.00 0.00 0.00 3.70 3.70 3.70 3.70 3.25 3.25 3.25 6.26 6.24 3.24 3.24 3.24 3.76 3.76 3.76 3.76 3.81 3.29 1.90 1.90 1.98 1.98 1.98 0.57 0.87 0.87 0.63 0.63 1.05 1.66 0.73 1.01 0.56 1.97 0.90 1.27 1.93 5.05 3.16 1.05 0.86 1.96 1.10 1.96 1.84 1.84 1.84 1.84
0.00 0.00 0.00 0.00 0.00 0.00 0.00 0.00 0.00 0.00 0.00 0.00 0.00 0.00 0.00 0.00 0.00 0.00 0.00 0.00 0.00 0.00 0.00 3.16 3.15 3.15 3.15 6.07 0.00 0.00 0.00 0.00 0.00 0.00 0.00 0.00 0.00 3.70 3.70 3.70 3.25 3.25 3.25 3.25 3.24 3.24 3.24 6.24 3.76 9.95 3.76 9.95 3.81 3.81 1.90 1.90 1.98 1.98 0.87 0.57 1.31 1.84 1.52 1.13 1.62 0.73 0.62 1.36 1.97 0.56 0.86 0.86 1.93 1.27 0.86 0.62 1.96 1.10 0.56 0.83 1.84 1.84 1.84 1.84
0.00 0.00 0.00 0.00 0.00 0.00 0.00 0.00 0.00 0.00 0.00 0.00 0.00 0.00 0.00 0.00 0.00 0.00 0.00 0.00 0.00 0.00 1.38 3.16 3.15 3.15 3.15 3.15 3.19 0.00 0.00 0.00 0.00 0.00 0.00 0.00 0.00 3.70 3.70 3.70 3.25 3.25 3.25 3.25 6.25 3.24 3.24 3.24 3.76 3.76 6.78 3.76 3.81 3.81 3.81 1.90 1.98 1.98 0.57 0.57 1.14 2.00 2.23 2.00 1.05 0.62 1.33 0.56 1.97 0.84 0.84 1.97 1.97 1.05 0.86 0.62 1.75 0.83 0.83 0.83 1.84 1.84 1.84 3.09
0.00 0.00 0.00 0.00 0.00 0.00 0.00 0.00 0.00 0.00 0.00 0.00 0.00 0.00 0.00 0.00 0.00 0.00 0.00 0.00 0.00 0.00 1.99 3.16 3.15 3.15 3.15 3.15 5.94 3.19 0.00 0.00 0.00 0.00 0.00 0.00 3.70 3.70 3.70 3.70 6.26 3.25 3.25 3.25 6.27 3.24 3.24 3.24 3.76 3.76 3.76 3.76 3.81 3.81 3.81 3.81 1.98 0.85 0.85 0.57 2.40 2.00 2.00 2.00 1.05 0.62 1.53 1.05 1.05 0.62 0.84 1.97 1.97 1.10 1.62 0.62 0.83 0.83 0.83 0.83 1.84 1.84 1.84 1.84
0.00 0.00 0.00 0.00 0.00 0.00 0.00 0.00 0.00 0.00 0.00 0.00 0.00 0.00 0.00 0.00 1.37 1.37 1.98 1.37 1.36 1.36 1.36 1.36 2.90 2.90 2.90 2.90 3.17 3.17 3.17 0.00 0.00 0.00 0.00 0.00 3.69 3.69 3.69 3.69 3.28 3.28 3.28 3.28 3.28 3.28 3.28 3.28 3.75 3.75 3.75 3.75 3.79 3.79 3.79 3.79 3.89 2.02 0.84 0.57 2.86 1.98 1.07 1.98 1.05 0.83 0.83 1.91 1.97 0.84 3.18 2.17 1.99 1.99 1.05 0.56 0.56 1.28 1.28 0.85 2.79 1.88 1.88 1.88
0.00 0.00 0.00 0.00 0.00 0.00 0.00 11.40 1.18 1.18 0.00 0.00 11.40 1.19 1.19 1.94 1.37 1.37 1.37 2.14 1.36 1.36 1.36 1.36 2.90 9.56 2.90 2.90 3.17 3.17 3.17 3.17 3.76 3.76 3.76 3.76 3.69 3.69 3.69 3.69 3.28 3.28 3.28 3.28 3.28 3.28 3.28 6.32 10.19 3.75 3.75 3.75 3.79 3.79 3.79 3.79 3.89 2.02 2.02 2.27 1.98 1.98 1.07 0.87 1.10 0.56 1.91 1.91 1.97 1.37 1.28 1.47 0.85 1.05 0.62 0.85 0.56 0.85 0.85 0.85 0.55 1.08 1.88 3.18
0.00 0.00 0.00 0.00 0.00 0.00 0.00 1.51 1.50 1.50 1.50 1.50 1.50 1.50 1.50 2.19 1.82 1.82 1.82 1.82 2.63 2.60 1.72 1.72 4.04 7.29 4.04 4.04 7.35 4.09 4.09 4.09 4.36 4.36 4.36 7.89 4.28 4.28 4.28 4.28 4.20 4.20 7.60 4.20 4.21 4.21 7.61 4.21 7.66 4.24 4.24 4.24 4.29 4.29 4.29 4.29 7.87 5.04 1.70 4.40 2.31 2.31 1.02 1.02 3.04 0.95 3.28 2.23 2.25 1.58 1.46 0.72 1.46 1.46 0.97 0.97 0.65 0.64 0.64 0.65 0.65 0.95 3.87 2.23
0.00 0.00 0.00 0.00 0.00 0.00 0.00 0.00 1.50 1.50 1.50 1.50 2.18 2.18 1.50 1.50 2.97 1.82 1.82 1.82 1.72 2.59 1.72 1.72 3.66 4.04 4.04 4.04 4.09 4.09 4.09 4.09 4.36 4.36 4.36 4.36 4.28 4.28 4.28 7.68 7.60 4.20 4.20 4.20 4.21 4.21 7.61 4.21 4.24 4.24 4.24 4.24 4.29 4.29 4.29 4.29 4.40 2.32 1.70 4.40 4.39 2.31 2.31 2.31 2.23 2.23 7.04 2.23 2.25 1.20 0.64 0.64 0.72 0.65 0.97 0.97 0.65 0.72 0.64 1.53 0.65 0.95 2.23 2.23
0.00 0.00 0.00 0.00 0.00 0.00 0.00 0.00 2.17 1.49 1.49 1.49 1.47 1.47 1.47 2.14 1.70 2.48 1.70 1.70 1.71 2.58 1.71 1.71 1.70 4.02 7.25 4.02 4.03 4.03 4.03 4.03 7.54 7.72 4.27 4.27 4.24 4.24 4.24 14.40 4.23 4.23 4.23 4.23 4.21 4.21 4.21 4.21 4.21 4.21 4.21 4.21 4.28 4.28 4.28 4.28 4.36 4.36 4.36 4.36 4.34 4.34 2.28 2.28 2.21 3.83 3.83 2.21 2.25 2.25 0.72 1.19 0.64 1.49 0.98 2.27 0.65 1.65 0.64 1.46 2.07 1.47 0.95 0.95
0.00 0.00 0.00 0.00 0.00 0.00 0.00 0.00 1.49 1.49 1.49 1.49 1.47 1.47 1.47 1.47 1.70 1.70 2.48 1.70 1.71 2.58 1.71 1.71 1.70 4.02 4.02 4.02 4.03 4.03 4.03 4.03 4.27 4.27 4.27 4.27 4.24 4.24 4.24 4.24 7.65 4.23 7.65 4.23 4.21 4.21 4.21 4.21 4.21 4.21 4.21 4.21 4.28 7.74 4.28 4.28 4.36 4.36 7.90 4.36 4.34 4.34 4.34 2.28 2.21 2.21 2.21 2.21 2.25 2.25 1.46 0.96 0.98 0.66 1.46 2.27 0.97 0.65 1.46 0.65 0.95 0.95 1.47 0.95
0.00 0.00 0.00 0.00 0.00 0.00 0.00 14.11 2.17 2.51 2.17 1.49 1.47 1.47 1.47 1.47 1.70 1.70 1.70 1.70 1.71 1.71 2.58 1.71 1.70 1.70 4.02 7.25 4.03 4.03 4.03 7.28 10.65 4.27 4.27 4.27 7.68 4.24 4.24 4.24 4.23 4.23 4.23 4.23 4.21 4.21 4.21 4.21 4.21 4.21 4.21 4.21 4.28 4.28 4.28 4.28 4.36 4.36 14.82 4.36 4.34 4.34 4.34 4.34 2.21 2.21 2.21 2.21 2.25 2.25 2.05 0.96 0.98 0.98 1.35 2.78 2.27 0.97 0.65 0.97 0.95 2.22 2.22 2.22
0.00 0.00 0.00 0.00 0.00 0.00 12.57 1.54 1.49 1.49 2.16 2.16 1.47 1.47 1.47 1.47 1.70 1.70 1.70 4.28 1.71 1.71 1.71 1.71 1.70 1.70 4.02 4.02 4.03 4.03 4.03 4.03 7.52 13.66 4.27 4.27 4.24 4.24 4.24 11.24 4.23 4.23 4.23 4.23 4.21 4.21 4.21 4.21 7.60 4.21 4.21 4.21 4.28 4.28 4.28 4.28 4.36 7.86 7.86 4.36 4.34 4.34 4.34 4.34 4.23 2.21 2.21 2.21 2.25 2.25 2.25 0.96 0.98 0.72 0.72 0.92 2.27 2.27 0.65 1.46 0.95 2.22 2.22 2.22
0.00 0.00 0.00 0.00 0.00 12.57 1.54 1.54 1.48 1.48 1.48 1.48 2.12 1.46 1.46 1.46 1.68 1.68 1.68 2.44 1.69 1.69 1.69 1.69 1.69 1.69 4.01 4.01 4.01 4.01 4.01 4.01 7.49 4.24 10.73 7.65 4.22 4.22 4.22 4.22 4.23 4.23 4.23 4.23 4.19 4.19 7.58 7.58 7.58 4.20 4.20 4.20 4.28 4.28 4.28 4.28 4.31 4.31 4.31 4.31 4.29 4.29 4.29 4.29 4.19 4.19 3.78 2.19 2.22 2.22 3.85 2.22 2.24 2.24 0.65 0.65 0.65 2.23 3.86 2.23 0.92 2.17 2.17 2.17
0.00 0.00 0.00 0.00 0.00 2.86 1.54 1.54 1.48 1.48 1.48 1.48 1.46 1.46 1.46 1.46 2.35 1.68 1.68 2.44 2.46 1.69 1.69 3.21 2.46 1.69 1.69 4.01 4.01 4.01 4.01 4.01 4.24 4.24 4.24 4.24 4.22 4.22 4.22 4.22 4.23 4.23 4.23 4.23 4.19 4.19 4.19 4.19 4.20 4.20 4.20 4.20 4.28 4.28 4.28 4.28 7.78 4.31 7.80 4.31 4.29 4.29 2.83 4.29 4.19 4.19 4.19 2.19 2.22 2.22 2.22 3.85 2.24 2.24 3.14 1.49 2.02 2.23 2.23 2.23 2.17 3.75 2.17 2.17
0.00 0.00 0.00 0.00 0.00 2.86 2.25 1.54 1.48 2.15 1.48 1.48 1.46 1.46 1.46 1.46 1.68 1.68 1.68 1.68 1.69 2.46 1.69 1.69 1.69 1.69 1.69 4.01 10.90 4.01 4.01 10.63 7.66 4.24 4.24 4.24 4.22 4.22 4.22 4.22 4.23 4.23 4.23 4.23 4.19 7.58 4.19 4.19 4.20 4.20 4.20 4.20 7.68 4.28 4.28 4.28 4.31 4.31 4.31 4.31 4.29 4.29 11.39 14.46 4.19 4.19 7.57 4.19 2.22 2.22 2.22 2.22 2.24 2.24 2.24 0.96 0.95 2.23 2.23 2.23 2.17 2.17 2.17 2.17
0.00 0.00 0.00 0.00 0.00 1.54 2.25 1.54 1.48 1.48 1.48 1.48 1.46 2.12 1.46 1.46 1.68 1.68 1.68 1.68 1.69 1.69 1.69 1.69 1.69 1.69 1.69 1.69 7.23 4.01 4.01 4.01 4.24 7.65 4.24 4.24 4.22 4.22 4.22 4.22 4.23 4.23 7.63 4.23 4.19 4.19 4.19 4.19 4.20 4.20 4.20 4.20 7.65 4.28 4.28 4.28 4.31 7.80 4.31 4.31 7.71 4.29 4.29 7.71 4.19 4.19 4.19 4.19 4.25 2.22 2.22 2.22 3.84 2.24 5.55 2.24 0.95 2.23 2.23 2.23 2.17 2.17 2.17 2.17
0.00 0.00 0.00 0.00 0.00 1.53 1.53 1.53 1.46 1.46 1.46 1.46 1.45 1.45 2.11 1.45 1.67 1.67 1.67 1.67 1.69 1.69 2.46 1.69 1.70 2.47 1.70 1.70 4.00 11.08 4.00 4.00 4.22 4.22 7.63 4.22 4.20 4.20 4.20 4.20 4.21 4.21 7.61 4.21 4.16 4.16 7.51 4.16 4.17 4.17 4.17 4.17 4.23 4.23 4.23 4.23 4.23 4.23 4.23 4.23 4.23 4.23 4.23 4.23 4.13 4.13 7.46 7.47 4.15 4.15 2.16 2.16 2.17 2.17 2.17 2.17 2.16 2.16 2.16 3.08 2.11 2.11 2.11 2.11
0.00 0.00 0.00 2.86 12.57 0.97 2.23 1.53 1.46 1.46 1.46 1.46 1.45 1.45 1.45 1.45 1.67 1.67 1.67 1.67 1.69 1.69 1.69 1.69 1.70 2.47 1.70 1.70 4.00 4.71 7.22 4.00 4.22 4.22 14.34 4.22 7.60 4.20 4.20 4.20 7.60 4.21 7.61 4.21 4.16 4.16 4.16 4.16 4.17 4.17 4.17 11.06 4.23 7.65 4.23 7.65 4.23 4.23 4.23 4.23 4.23 4.23 4.23 4.23 4.13 4.13 7.46 4.13 4.15 4.15 4.15 2.16 2.17 2.17 3.14 2.30 2.27 2.27 2.27 2.27 2.22 2.22 3.28 2.22
0.00 0.00 0.00 0.00 1.53 1.53 1.53 1.53 1.46 1.46 1.46 1.46 1.45 1.45 1.45 1.45 4.99 1.67 1.67 1.67 1.69 1.69 3.69 1.69 1.70 1.70 2.47 1.70 1.69 4.00 4.00 4.00 4.22 7.63 4.22 7.63 7.60 4.20 4.20 4.20 7.60 4.21 4.21 4.21 4.16 4.16 4.16 7.52 4.17 4.17 4.17 4.17 4.23 4.23 4.23 4.23 4.23 4.23 4.23 4.23 4.23 4.23 4.23 4.23 7.53 4.13 4.13 7.46 4.15 4.15 4.15 4.15 2.30 2.30 2.30 2.30 2.27 2.27 2.27 2.27 2.22 3.28 2.22 2.22
