New_Model_Runs/6_FutureClimate_RCP45_out/post_prcessed_with_MFR/Monthly_summaries/runoff_monthly_MAY.asc
NCOLS 700
NROWS 400
XLLCENTER 515000.000000
YLLCENTER 8409000.000000
CELLSIZE 50.000000
NODATA_value -999.000000
[rows 222 to 258 of 400, columns 84 to 167 of 700]
4.00 2.50 2.50 3.09 7.05 3.08 3.08 3.08 3.03 3.03 3.03 3.03 3.41 3.41 3.41 3.41 3.47 3.47 3.47 3.47 3.46 5.62 3.46 3.46 3.47 3.47 3.47 3.47 5.83 5.83 5.83 5.83 5.85 5.85 5.85 5.85 5.86 5.86 5.86 5.86 5.85 5.85 5.85 5.85 6.62 6.62 6.62 6.62 6.60 6.60 6.60 12.12 6.53 6.53 6.53 6.53 6.45 5.82 5.82 3.47 3.94 3.94 3.94 3.94 3.96 3.96 3.96 3.96 3.96 3.96 3.96 3.96 3.95 3.95 3.95 3.95 4.29 4.29 7.73 7.73 7.76 7.76 14.39 7.76
3.09 3.09 3.09 3.09 3.08 3.08 3.08 3.08 3.03 3.03 4.87 3.03 3.41 3.41 3.41 3.41 3.47 3.47 3.47 7.11 3.46 3.46 3.46 3.46 3.47 3.47 3.47 3.47 8.56 5.83 10.67 5.83 5.85 5.85 5.85 5.85 5.86 5.86 10.72 10.74 5.85 10.76 5.85 5.85 6.62 6.62 6.62 6.62 6.60 6.60 6.60 12.12 6.53 6.53 6.53 3.53 5.80 3.47 3.47 3.47 3.94 3.94 3.94 3.94 3.96 3.96 3.96 3.96 3.96 3.96 3.96 3.03 3.95 3.95 3.95 3.95 4.29 4.29 7.73 7.73 14.36 15.55 7.76 7.76
3.08 3.08 3.08 3.08 3.09 3.09 4.98 4.97 3.07 3.07 3.07 3.07 3.42 3.42 3.42 3.42 3.39 3.39 3.39 5.50 5.49 3.38 5.49 3.38 3.44 3.44 3.44 3.44 5.77 5.77 5.77 5.77 10.58 5.76 5.76 5.76 5.80 5.80 10.66 5.80 5.83 5.83 5.83 5.83 6.56 6.56 6.56 12.06 12.02 6.52 12.02 11.96 6.44 6.44 3.47 3.47 3.45 3.45 3.45 3.45 3.95 3.95 3.95 7.20 3.97 3.97 3.97 3.97 3.94 3.94 3.94 3.94 3.93 3.93 3.93 3.93 4.29 4.29 4.29 4.29 4.29 4.29 4.29 12.26
3.08 3.08 7.34 3.08 3.09 3.09 3.09 5.26 6.25 4.95 3.07 6.66 5.55 3.42 3.42 3.42 3.39 3.39 3.39 3.39 3.38 7.15 3.38 3.38 3.44 3.44 3.44 3.44 5.77 5.77 5.77 11.01 5.76 5.76 5.76 5.76 5.80 5.80 5.80 11.08 11.13 5.83 5.83 5.83 6.56 6.56 6.56 12.45 6.52 6.52 6.52 6.52 6.44 11.88 6.44 6.44 6.41 6.41 6.41 3.45 7.20 7.20 7.20 7.20 3.97 3.97 6.72 3.97 3.94 3.94 3.94 3.94 3.93 3.93 3.93 3.93 4.29 4.29 4.29 4.29 4.29 4.29 10.32 7.61
3.53 3.53 3.53 3.53 3.55 3.55 3.55 3.55 3.53 3.53 3.53 3.53 5.69 5.69 5.69 5.69 5.65 5.65 5.65 5.65 5.65 5.65 5.65 5.65 5.73 5.73 5.73 5.73 11.12 6.28 6.28 6.28 6.27 6.27 6.27 6.27 6.32 6.32 6.32 6.32 6.34 6.34 6.34 12.22 6.99 6.99 6.99 6.99 6.95 6.95 6.95 6.95 6.87 6.87 6.87 6.87 6.84 12.28 6.84 6.84 7.71 7.71 7.71 7.31 4.30 4.30 4.30 4.30 4.27 4.27 4.27 4.27 4.26 4.26 4.26 4.26 4.71 4.71 3.65 4.71 4.71 4.71 8.09 4.71
3.53 3.53 3.53 3.53 3.55 3.55 3.55 3.55 3.53 3.53 3.53 3.53 5.69 5.69 5.69 5.69 5.65 5.65 5.65 5.65 5.65 5.65 5.65 5.65 5.73 5.73 5.73 5.73 6.28 6.28 6.28 6.28 6.27 6.27 6.27 6.27 6.32 6.32 6.32 6.32 6.34 6.34 6.34 6.34 6.99 6.99 6.99 6.99 6.95 6.95 6.95 6.95 6.87 6.87 6.87 18.84 6.84 6.84 6.84 6.84 7.71 7.71 7.30 4.28 4.30 4.30 4.30 4.30 4.27 4.27 4.27 4.27 7.67 7.67 7.67 4.26 4.71 4.71 4.71 4.71 4.71 4.71 4.71 4.71
3.48 5.67 3.48 3.48 3.49 3.49 3.49 3.49 5.68 3.49 3.49 3.49 5.68 5.68 5.68 5.68 5.58 5.58 5.58 5.58 5.56 5.56 5.56 5.56 5.62 5.62 5.62 5.62 10.88 11.30 6.14 6.14 6.18 6.18 6.18 6.18 6.24 6.24 6.24 6.24 6.27 6.27 6.27 6.27 6.90 6.90 6.90 6.90 6.83 6.83 6.83 6.83 6.81 12.57 6.81 6.81 6.86 6.86 6.86 6.86 7.73 7.73 4.30 4.30 4.28 4.28 4.28 7.30 4.26 4.26 4.26 4.26 7.72 7.72 7.72 7.72 8.44 8.44 8.44 4.76 4.74 4.74 4.74 4.74
3.48 3.48 3.48 3.48 3.49 3.49 3.49 3.49 3.49 3.49 5.68 3.49 5.68 5.68 5.68 5.68 5.58 5.58 5.58 5.58 5.56 5.56 5.56 10.25 5.62 5.62 5.62 5.62 10.88 6.14 6.14 6.14 6.18 6.18 6.18 6.18 16.96 6.24 6.24 6.24 6.27 6.27 6.27 6.27 6.90 6.90 6.90 6.90 6.83 6.83 6.83 6.83 6.81 6.81 6.81 6.81 6.86 6.86 6.86 6.86 7.73 7.73 4.30 4.30 4.28 7.71 7.71 4.28 4.26 4.26 4.26 4.26 7.72 7.72 7.72 7.72 8.44 8.44 8.44 8.44 8.42 4.74 4.74 4.74
3.48 3.48 3.48 3.48 3.49 3.49 3.49 3.49 3.49 3.49 3.49 3.49 5.68 10.42 5.68 10.34 5.58 10.24 5.58 5.58 5.56 10.19 5.56 5.56 5.62 5.62 5.62 5.62 16.27 6.14 6.14 6.14 6.18 6.18 6.18 6.18 6.24 6.24 6.24 6.24 6.27 11.55 11.55 6.27 6.90 6.90 6.90 6.90 12.63 6.83 6.83 6.83 6.81 6.81 6.81 6.81 6.86 6.86 6.86 6.86 7.73 7.73 7.73 7.73 14.29 7.71 4.28 4.28 7.67 7.67 4.26 4.26 7.72 7.72 7.72 7.72 8.44 8.44 8.44 8.44 8.42 8.42 8.42 8.42
3.48 3.48 3.48 3.48 3.49 3.49 3.49 3.49 3.49 3.49 3.49 3.49 5.68 5.68 5.68 5.68 5.58 5.58 5.58 10.21 10.19 5.56 5.56 5.56 5.62 5.62 5.62 5.62 6.14 6.14 6.14 6.14 6.18 6.18 6.18 6.18 6.24 6.24 6.24 6.24 6.27 6.27 11.49 6.27 6.90 6.90 6.90 6.90 6.83 12.63 6.83 6.83 6.81 6.81 6.81 6.81 6.86 6.86 6.86 6.86 7.73 7.73 7.73 7.73 7.71 7.71 4.28 7.71 7.67 7.67 4.26 7.67 7.72 7.72 7.72 7.72 8.44 8.44 8.44 8.44 8.42 8.42 8.42 8.42
3.42 3.42 5.55 5.55 3.41 3.41 3.41 3.41 3.40 3.40 3.40 3.40 5.54 5.54 5.54 10.12 5.49 5.49 5.49 5.49 5.55 5.55 5.55 5.55 5.63 5.63 5.63 5.63 6.15 6.15 6.15 6.15 6.23 6.23 6.23 6.23 6.23 6.23 6.23 6.23 6.19 6.19 6.19 6.19 6.82 6.82 6.82 6.82 6.83 6.83 6.83 6.83 6.89 6.89 6.89 6.89 6.98 6.98 6.98 6.98 7.81 7.81 7.81 7.81 7.74 7.74 7.74 7.74 7.71 7.71 7.71 7.71 7.78 7.78 7.78 7.78 8.53 8.53 15.93 8.53 8.54 8.54 8.54 8.54
3.42 3.42 3.42 3.42 3.41 3.41 3.41 3.41 3.40 7.89 3.40 3.40 5.54 5.54 5.54 5.54 5.49 5.49 5.49 5.49 5.55 5.55 5.55 5.55 5.63 5.63 5.63 5.63 6.15 6.15 6.15 6.15 6.23 6.23 6.23 6.23 6.23 6.23 6.23 16.93 6.19 6.19 6.19 6.19 6.82 6.82 6.82 6.82 6.83 6.83 6.83 6.83 6.89 6.89 6.89 6.89 6.98 6.98 6.98 6.98 7.81 7.81 21.61 7.81 7.74 7.74 7.74 7.74 14.29 7.71 7.71 7.71 7.78 7.78 7.78 7.78 8.53 8.53 8.53 8.53 8.54 8.54 8.54 8.54
5.55 3.42 3.42 3.42 3.41 3.41 3.41 3.41 3.40 3.40 3.40 3.40 5.54 5.54 5.54 5.54 5.49 5.49 5.49 5.49 5.55 5.55 5.55 5.55 5.63 5.63 5.63 5.63 6.15 6.15 6.15 6.15 6.23 6.23 6.23 6.23 22.70 11.47 21.51 6.23 6.19 11.40 6.19 6.19 6.82 6.82 6.82 6.82 6.83 6.83 6.83 6.83 6.89 6.89 6.89 6.89 6.98 6.98 6.98 6.98 7.81 7.81 7.81 21.55 7.74 7.74 7.74 7.74 7.71 7.71 7.71 7.71 7.78 7.78 7.78 7.78 8.53 8.53 8.53 8.53 8.54 8.54 8.54 8.54
5.50 3.42 3.42 3.42 3.41 3.41 5.49 3.41 3.40 3.40 3.40 3.40 5.54 5.54 5.54 5.54 5.49 5.49 5.49 5.49 5.55 5.55 5.55 5.55 5.63 5.63 5.63 5.63 6.15 6.15 6.15 6.15 6.23 6.23 6.23 16.96 6.23 6.23 6.23 6.23 6.19 6.19 6.19 6.19 6.82 6.82 6.82 6.82 6.83 6.83 6.83 6.83 6.89 6.89 6.89 6.89 6.98 6.98 6.98 6.98 7.81 7.81 7.81 7.81 7.74 7.74 7.74 7.74 7.71 7.71 7.71 7.71 7.78 7.78 7.78 7.78 8.53 8.53 8.53 8.53 8.54 8.54 8.54 8.54
3.34 3.34 3.34 5.41 3.34 3.34 3.34 3.34 3.33 3.33 3.33 3.33 5.49 5.49 5.49 5.49 5.58 5.58 5.58 5.58 5.69 5.69 5.69 5.69 5.74 5.74 5.74 5.74 6.27 6.27 6.27 6.27 6.27 6.27 6.27 11.50 6.20 6.20 6.20 6.20 6.18 6.18 6.18 6.18 6.90 6.90 6.90 6.90 6.97 6.97 6.97 6.97 7.04 7.04 7.04 7.04 7.09 7.09 7.09 7.09 7.92 7.92 7.92 14.60 7.78 14.40 7.78 7.78 7.73 7.73 7.73 7.73 7.83 7.83 7.83 7.83 8.57 8.57 8.57 8.57 8.60 8.60 8.60 8.60
3.34 3.34 3.34 3.34 3.34 3.34 3.34 3.34 3.33 3.33 5.40 3.33 5.49 5.49 5.49 5.49 5.58 5.58 5.58 5.58 5.69 5.69 5.69 5.69 5.74 5.74 5.74 5.74 6.27 6.27 6.27 6.27 6.27 6.27 6.27 6.27 6.20 6.20 6.20 6.20 6.18 6.18 6.18 6.18 6.90 6.90 6.90 6.90 6.97 6.97 6.97 6.97 7.04 7.04 7.04 7.04 7.09 7.09 7.09 7.09 7.92 7.92 7.92 7.92 7.78 7.78 7.78 7.78 7.73 7.73 7.73 7.73 7.83 7.83 7.83 7.83 8.57 8.57 8.57 8.57 8.60 16.15 8.60 8.60
3.34 3.34 5.41 3.34 3.34 3.34 3.34 3.34 3.33 3.33 3.33 3.33 5.49 5.49 5.49 5.49 5.58 5.58 5.58 5.58 5.69 5.69 5.69 5.69 5.74 5.74 5.74 5.74 6.27 6.27 6.27 6.27 6.27 6.27 6.27 6.27 6.20 6.20 6.20 6.20 6.18 6.18 6.18 6.18 6.90 6.90 6.90 6.90 6.97 6.97 6.97 6.97 7.04 7.04 7.04 7.04 7.09 7.09 7.09 7.09 7.92 7.92 7.92 7.92 7.78 7.78 7.78 14.40 7.73 7.73 7.73 7.73 7.83 7.83 7.83 7.83 8.57 8.57 8.57 8.57 8.60 16.15 8.60 8.60
3.34 3.34 3.34 3.34 3.34 3.34 3.34 3.34 7.71 3.33 3.33 3.33 5.49 5.49 5.49 5.49 5.58 5.58 5.58 5.58 5.69 5.69 5.69 5.69 5.74 5.74 5.74 5.74 6.27 6.27 6.27 6.27 6.27 17.09 6.27 11.50 6.20 6.20 6.20 6.20 6.18 6.18 6.18 6.18 6.90 6.90 6.90 6.90 6.97 6.97 6.97 6.97 7.04 7.04 7.04 7.04 7.09 7.09 7.09 7.09 7.92 7.92 21.89 7.92 7.78 28.57 7.78 7.78 7.73 7.73 7.73 7.73 7.83 7.83 7.83 7.83 8.57 8.57 8.57 8.57 8.60 8.60 16.15 8.60
3.31 3.31 3.31 3.31 3.34 3.34 3.34 3.34 3.36 3.36 3.36 3.36 5.57 5.57 5.57 5.57 5.73 5.73 5.73 5.73 5.81 5.81 5.81 5.81 5.86 5.86 5.86 5.86 6.34 6.34 6.34 6.34 6.26 6.26 6.26 6.26 6.22 6.22 6.22 6.22 6.23 6.23 6.23 6.23 6.96 6.96 6.96 6.96 7.06 7.06 7.06 7.06 7.13 7.13 7.13 7.13 7.15 7.15 7.15 7.15 7.91 7.91 7.91 14.57 14.36 7.74 7.74 7.74 7.73 7.73 7.73 7.73 7.83 7.83 7.83 7.83 8.58 8.58 8.58 8.58 8.65 8.65 8.65 8.65
7.21 5.50 3.31 3.31 3.34 3.34 3.34 3.34 5.44 3.36 3.36 3.36 5.57 5.57 5.57 5.57 5.73 5.73 5.73 5.73 5.81 5.81 5.81 5.81 5.86 5.86 5.86 5.86 6.34 6.34 6.34 6.34 17.13 11.53 6.26 6.26 6.22 6.22 6.22 6.22 6.23 6.23 6.23 6.23 6.96 6.96 6.96 6.96 7.06 7.06 7.06 7.06 7.13 7.13 7.13 7.13 7.15 7.15 7.15 7.15 7.91 7.91 7.91 7.91 7.74 7.74 7.74 7.74 7.73 7.73 7.73 7.73 7.83 7.83 7.83 7.83 8.58 8.58 8.58 8.58 8.65 8.65 8.65 8.65
3.92 3.92 3.92 3.92 3.95 3.95 3.33 3.33 3.35 5.44 3.35 3.35 5.45 5.45 5.45 5.45 5.60 5.60 5.60 5.60 5.69 5.69 5.69 5.69 5.74 5.74 5.74 5.74 6.12 6.12 6.12 6.12 6.04 11.12 6.04 6.04 6.00 6.00 6.00 6.00 6.01 6.01 11.23 6.01 6.63 6.63 6.63 6.63 6.72 6.72 6.72 6.72 6.79 6.79 6.79 6.79 6.81 6.81 6.81 12.58 7.38 7.38 7.38 7.38 7.23 13.80 7.23 7.23 7.22 7.22 7.22 7.22 7.31 7.31 7.31 7.31 7.99 7.99 7.99 7.99 8.05 8.05 8.05 8.05
3.92 3.92 3.92 3.92 3.95 3.95 3.95 3.95 3.98 3.35 3.35 3.35 5.45 5.45 5.45 5.45 5.60 5.60 5.60 5.60 5.69 5.69 5.69 5.69 5.74 5.74 5.74 5.74 6.12 6.12 6.12 6.12 6.04 6.04 6.04 6.04 6.00 6.00 6.00 6.00 11.06 11.06 6.01 6.01 6.63 6.63 6.63 6.63 6.72 6.72 6.72 6.72 6.79 6.79 6.79 6.79 6.81 6.81 6.81 6.81 7.38 7.38 7.38 7.38 7.23 7.23 7.23 7.23 7.22 7.22 7.22 7.22 7.31 7.31 7.31 7.31 7.99 14.81 7.99 7.99 8.05 8.05 8.05 8.05
3.94 3.94 3.94 3.94 3.99 3.99 3.99 3.99 4.00 9.21 4.00 4.00 5.51 5.51 5.51 5.51 5.65 5.65 5.65 5.65 5.76 5.76 5.76 5.76 5.81 5.81 5.81 5.81 6.13 6.13 6.13 6.13 6.00 6.00 6.00 6.00 6.00 6.00 6.00 6.00 6.02 6.02 6.02 6.02 6.61 6.61 6.61 6.61 6.74 6.74 6.74 6.74 6.83 6.83 6.83 6.83 6.79 6.79 6.79 6.79 7.30 7.30 7.30 7.30 7.19 7.19 7.19 7.19 7.20 7.20 7.20 7.20 7.25 7.25 7.25 7.25 7.96 7.96 7.96 14.78 8.10 8.10 8.10 8.10
3.94 3.94 3.94 3.94 3.99 3.99 3.99 3.99 4.00 4.00 4.00 4.00 4.37 4.37 4.37 5.51 5.65 5.65 5.65 5.65 5.76 5.76 5.76 5.76 5.81 5.81 5.81 3.81 6.13 6.13 6.13 6.13 6.00 6.00 6.00 6.00 6.00 6.00 6.00 6.00 6.02 6.02 6.02 6.02 6.61 6.61 6.61 6.61 18.32 6.74 6.74 6.74 6.83 6.83 6.83 8.43 6.79 6.79 6.79 6.79 7.30 7.30 7.30 13.42 7.19 7.19 7.19 7.19 7.20 7.20 7.20 7.20 7.25 7.25 7.25 7.25 7.96 14.76 7.96 7.96 22.29 8.10 8.10 8.10
3.94 3.94 3.94 3.94 3.99 3.99 3.99 3.99 4.00 4.00 4.00 4.00 4.37 4.37 4.37 4.37 4.51 4.51 4.51 5.65 5.76 5.76 5.76 5.76 5.81 5.81 5.81 3.81 5.47 3.32 6.13 6.13 6.00 6.00 6.00 6.00 6.00 6.00 6.00 6.00 6.02 6.02 6.02 6.02 6.61 6.61 6.61 6.61 12.35 6.74 6.74 6.74 6.83 6.83 6.83 6.83 6.79 6.79 6.79 6.79 7.30 7.30 7.30 13.42 7.19 7.19 7.19 7.19 7.20 7.20 7.20 7.20 7.25 7.25 7.25 7.25 7.96 7.96 7.96 7.96 8.10 8.10 8.10 8.10
3.94 3.94 3.94 3.94 6.91 3.99 3.99 3.99 4.00 6.93 4.00 4.00 4.37 4.37 4.37 4.37 4.51 4.51 4.51 4.51 4.61 4.61 5.76 5.76 5.81 10.68 8.49 3.07 3.32 3.32 3.32 6.13 6.00 6.00 6.00 6.00 6.00 6.00 6.00 6.00 7.02 6.02 6.02 11.07 6.61 6.61 6.61 6.61 6.74 6.74 6.74 12.45 6.83 6.83 6.83 12.62 6.79 6.79 6.79 6.79 7.30 7.30 7.30 7.30 7.19 7.19 7.19 7.19 7.20 7.20 7.20 7.20 13.42 7.25 7.25 7.25 7.96 7.96 7.96 7.96 8.10 8.10 8.10 8.10
3.95 3.95 3.95 3.95 4.00 4.00 4.00 4.00 4.01 4.01 4.01 4.01 4.37 4.37 4.37 4.37 4.53 4.53 4.53 4.53 4.65 4.65 4.65 4.65 8.05 5.81 3.81 3.07 3.32 3.32 11.22 6.09 5.98 5.98 5.98 5.98 6.00 6.00 3.19 3.19 7.03 6.03 6.03 6.03 6.57 6.57 6.57 6.57 6.70 6.70 6.70 12.36 6.81 6.81 6.81 18.67 6.73 6.73 6.73 6.73 7.24 7.24 7.24 7.24 7.20 7.20 7.20 13.31 7.19 7.19 7.19 7.19 13.32 7.20 7.20 7.20 7.93 7.93 7.93 7.93 8.07 8.07 8.07 14.98
3.95 3.95 3.95 3.95 4.00 4.00 4.00 4.00 4.01 4.01 4.01 4.01 4.37 4.37 4.37 4.37 4.53 11.56 4.53 4.53 4.65 4.65 4.65 4.65 4.65 4.65 4.65 2.61 3.32 7.74 6.09 6.09 5.98 5.98 5.98 5.98 6.00 6.00 3.19 3.19 3.21 3.21 11.09 6.03 6.57 6.57 6.57 6.57 6.70 6.70 6.70 6.70 6.81 6.81 3.68 3.68 6.73 12.43 6.73 12.85 7.24 7.24 7.24 7.24 7.20 7.20 7.20 7.20 7.19 7.19 7.19 7.19 7.20 7.20 7.20 7.20 7.93 7.93 7.93 7.93 8.07 8.07 8.07 8.07
3.95 3.95 3.95 3.95 4.00 4.00 4.00 4.00 4.01 4.01 4.01 4.01 4.37 4.37 4.37 4.37 4.53 4.53 4.53 4.53 4.65 2.52 4.65 6.62 2.52 4.65 4.65 4.65 4.99 2.84 4.99 4.99 5.98 5.98 5.98 5.98 6.00 6.00 6.00 3.19 3.21 3.21 3.21 6.03 6.57 6.57 6.57 6.57 6.70 6.70 6.70 6.70 6.81 12.58 3.68 3.68 6.73 6.73 6.73 6.73 7.24 7.24 7.24 7.24 7.20 7.20 7.20 7.20 7.19 7.19 7.19 7.19 7.20 7.20 7.20 7.20 7.93 7.93 7.93 7.93 8.07 8.07 8.07 14.98
3.95 3.95 3.95 3.95 4.00 4.00 4.00 4.00 4.01 4.01 6.95 4.01 4.37 4.37 4.37 4.37 4.53 11.55 4.53 4.53 2.52 2.52 1.45 1.28 2.04 4.65 4.65 4.65 4.99 4.99 2.23 17.29 4.81 4.81 4.81 5.98 6.00 6.00 6.00 3.19 3.21 5.34 3.21 3.21 18.06 6.57 6.57 6.57 6.70 6.70 6.70 6.70 6.81 6.81 6.81 6.12 6.73 6.73 6.73 6.73 7.24 7.24 7.24 7.24 7.20 4.93 4.93 7.20 7.19 7.19 7.19 7.19 7.20 7.20 7.20 7.20 7.93 7.93 7.93 7.93 8.07 8.07 8.07 14.98
3.97 3.97 3.97 3.97 4.00 4.00 4.00 4.00 4.00 4.00 6.94 4.00 4.38 4.38 4.38 4.38 4.53 4.53 4.53 4.53 2.52 1.45 1.28 1.45 1.45 4.65 4.65 4.65 2.23 5.00 2.23 5.00 4.83 4.83 4.83 4.83 2.06 2.06 3.19 3.19 3.21 5.34 5.34 6.04 6.55 6.55 6.55 6.55 6.62 6.62 6.62 6.62 3.68 3.68 6.75 12.47 6.69 6.69 6.69 6.69 7.24 7.24 13.41 7.24 7.23 6.43 6.43 7.23 7.16 7.16 13.25 7.16 7.15 7.15 7.15 7.15 7.94 7.94 7.94 7.94 8.07 8.07 8.07 8.07
3.97 3.97 3.97 3.97 4.00 4.00 4.00 4.00 4.00 4.00 4.00 4.00 4.38 4.38 4.38 4.38 4.53 4.53 4.53 4.53 2.52 1.72 1.72 1.45 1.45 3.98 3.98 3.98 1.41 5.00 2.23 5.00 4.83 4.83 4.83 4.83 4.91 4.91 4.91 2.06 2.07 2.07 3.21 6.04 6.55 6.55 6.55 6.55 6.62 6.62 6.62 6.62 6.75 3.68 3.68 7.92 6.69 6.69 6.69 6.69 7.24 4.95 7.24 7.24 7.23 7.23 7.23 7.23 7.16 7.16 7.16 7.16 7.15 7.15 7.15 7.15 7.94 7.94 7.94 7.94 8.07 8.07 8.07 14.98
3.97 3.97 1.86 1.86 4.00 10.04 4.00 6.94 4.00 4.00 4.00 4.00 4.38 2.04 2.04 2.04 2.04 2.52 2.52 4.53 2.52 3.98 3.98 1.13 3.98 1.72 1.72 4.62 1.89 1.41 5.00 5.00 4.83 4.83 4.83 4.83 4.91 2.23 2.23 4.91 2.07 2.07 3.09 2.07 2.32 6.55 6.55 6.55 6.62 6.62 6.62 6.62 6.75 3.68 3.68 7.92 6.69 6.69 6.69 4.49 4.95 4.95 4.95 4.95 7.23 7.23 7.23 7.23 7.16 7.16 7.16 7.16 7.15 7.15 7.15 7.15 7.94 7.94 7.94 7.94 8.07 8.07 8.07 8.07
2.29 1.86 1.86 1.86 4.00 6.94 4.00 4.00 4.00 4.00 4.00 4.00 4.38 4.38 4.38 2.04 2.04 2.04 4.53 2.52 2.52 3.98 3.98 1.72 17.70 0.00 0.00 0.00 0.00 4.30 4.30 5.00 4.83 4.83 4.83 4.83 4.91 2.23 2.23 4.91 4.94 2.07 2.07 1.59 2.32 5.42 5.42 5.42 6.62 6.62 6.62 6.62 6.75 6.75 3.68 3.68 6.69 6.69 6.69 6.69 4.95 4.95 10.47 4.95 7.23 7.23 7.23 7.23 7.16 7.16 7.16 7.16 7.15 7.15 7.15 7.15 7.94 7.94 7.94 7.94 8.07 8.07 8.07 8.07
3.99 1.86 1.86 1.86 6.94 4.00 4.00 4.00 3.99 3.99 3.99 3.99 4.40 7.68 4.40 4.40 2.52 4.52 2.52 2.52 3.98 3.98 0.00 0.00 0.00 0.00 0.00 0.00 0.00 0.00 1.89 12.48 4.92 4.92 4.92 4.92 4.81 2.23 2.23 4.81 4.91 2.06 3.92 2.06 2.31 2.31 5.40 5.40 5.42 5.42 5.42 6.55 6.67 11.14 4.28 3.68 3.68 6.69 6.69 6.69 7.27 4.96 7.27 7.27 7.23 7.23 13.38 7.23 7.13 7.13 13.18 25.40 13.20 7.13 7.13 7.13 7.92 7.92 7.92 7.92 8.11 8.11 8.11 8.11
1.86 1.86 1.86 1.86 4.00 4.00 4.00 1.86 3.99 3.99 3.99 3.99 4.40 4.40 4.40 4.40 4.52 4.52 4.52 4.52 17.70 0.00 0.00 0.00 0.00 0.00 0.00 0.00 0.00 0.00 0.00 2.08 2.07 4.92 4.92 4.92 4.81 4.81 2.23 4.81 4.91 2.06 2.06 1.41 1.61 2.31 9.51 5.40 5.42 5.42 5.42 5.42 5.53 5.53 5.53 3.68 3.68 3.68 6.69 6.69 4.96 6.43 7.27 7.27 7.23 13.38 7.23 4.94 7.13 7.13 7.13 7.13 7.13 7.13 7.13 7.13 7.92 7.92 7.92 7.92 8.11 8.11 8.11 7.52
1.76 1.76 1.76 1.76 1.76 3.81 3.81 3.81 6.57 3.80 3.80 3.80 4.15 4.15 4.15 4.15 4.26 4.26 1.90 0.00 0.00 0.00 0.00 0.00 0.00 0.00 0.00 0.00 0.00 0.00 0.00 19.44 1.72 3.99 4.50 4.50 8.05 4.45 4.45 4.45 4.48 4.48 1.87 2.07 1.40 2.02 4.79 4.79 4.80 4.80 4.80 4.80 4.98 4.98 4.98 2.22 2.22 5.88 6.10 10.41 6.40 6.40 6.40 6.40 6.36 6.36 6.36 6.36 6.27 6.27 6.27 6.27 6.27 6.27 6.27 6.27 6.83 6.83 6.83 6.83 6.99 6.99 4.39 4.39
