New_Model_Runs/1_Original_run_out/post_prcessed_with_MFR/Monthly_summaries/actual_et_monthly_AUG.asc
NCOLS 700
NROWS 400
XLLCENTER 515000.000000
YLLCENTER 8409000.000000
CELLSIZE 50.000000
NODATA_value -999.000000
[rows 190 to 227 of 400, columns 168 to 251 of 700]
1.21 1.21 3.68 3.68 3.68 1.21 1.21 1.21 1.21 1.20 1.20 1.20 1.20 1.20 1.20 1.20 1.20 1.19 1.19 1.19 1.19 1.19 1.19 1.19 1.18 1.18 1.18 1.18 1.18 1.18 1.18 1.17 1.17 1.17 1.17 1.17 1.17 1.17 1.16 1.16 1.16 1.16 1.16 1.16 1.16 1.15 1.15 1.15 1.15 1.15 1.15 1.15 1.14 1.14 1.14 1.14 1.14 1.14 1.14 1.14 1.13 1.13 1.13 1.13 1.13 1.13 1.65 1.13 1.12 1.12 1.12 1.12 1.12 1.12 1.11 1.11 1.11 1.11 1.11 1.10 1.10 1.10 1.10 1.09
1.21 1.21 1.21 1.77 1.21 1.21 1.21 1.20 1.20 1.20 1.20 1.20 1.20 1.20 1.20 1.19 1.19 1.19 1.19 1.19 1.19 1.19 1.19 1.18 1.18 1.18 1.18 1.18 1.18 1.17 1.17 1.17 1.17 1.17 1.17 1.17 1.16 1.16 1.16 1.16 1.16 1.16 1.16 1.15 1.15 1.15 1.15 1.15 1.15 1.15 1.14 1.14 1.14 1.14 1.14 1.14 1.14 1.14 1.13 1.13 1.13 1.13 1.13 1.13 1.13 1.13 1.12 1.12 1.12 1.12 1.12 1.12 1.11 1.11 1.11 1.11 1.11 1.11 1.10 1.10 1.10 1.10 1.09 1.09
1.21 1.21 1.21 1.77 1.21 1.21 1.20 1.20 1.20 1.20 1.20 1.20 1.20 1.20 1.19 1.19 1.19 1.19 1.19 1.19 1.19 1.18 1.18 1.18 1.18 1.18 1.18 1.18 1.17 1.17 1.17 1.17 1.17 1.17 1.17 1.16 1.16 1.16 1.16 1.16 1.16 1.15 1.15 1.15 1.15 1.15 1.15 1.15 1.15 1.14 1.14 1.14 1.14 1.14 1.14 1.14 1.13 1.13 1.13 1.13 1.13 1.13 1.13 1.13 1.12 1.12 1.12 1.12 1.12 1.12 1.12 1.11 1.11 1.11 1.11 1.11 1.11 1.10 1.10 1.10 1.10 1.09 1.09 1.09
1.21 1.21 1.21 1.21 1.20 1.20 1.20 1.20 1.20 1.20 1.20 1.20 1.20 1.19 1.19 1.19 1.19 1.19 1.19 1.19 1.18 1.18 1.18 1.18 1.18 1.18 1.18 1.17 1.17 1.17 1.17 1.17 1.17 1.16 1.16 1.16 1.16 1.16 1.16 1.16 1.15 1.15 1.15 1.15 1.15 1.15 1.15 1.14 1.14 1.14 1.14 1.14 1.14 1.14 1.13 1.13 1.13 1.13 1.13 1.13 1.13 1.13 1.12 1.12 1.12 1.12 1.12 1.12 1.12 1.11 1.11 1.11 1.11 1.11 1.11 1.10 1.10 1.10 1.10 1.10 1.09 1.09 1.09 1.09
1.21 1.21 1.21 1.20 1.20 1.20 1.20 1.20 1.20 1.20 1.20 1.19 1.19 1.19 1.19 1.19 1.19 1.19 1.19 1.18 1.18 1.18 1.18 1.18 1.18 1.17 1.17 1.17 1.17 1.17 1.17 1.17 1.16 1.16 1.16 1.16 1.16 1.16 1.15 1.15 1.15 1.15 1.15 1.15 1.15 1.14 1.14 1.14 1.14 1.14 1.14 1.14 1.14 1.13 1.13 1.13 1.13 1.13 1.13 1.13 1.12 1.12 1.12 1.12 1.12 1.12 1.12 1.12 1.11 1.11 1.11 1.11 1.11 1.11 1.10 1.10 1.10 1.10 1.10 1.09 1.09 1.09 1.09 1.08
1.21 1.20 1.20 1.20 1.20 1.20 1.20 1.20 1.20 1.20 1.19 1.19 1.19 1.19 1.19 1.19 1.19 1.18 1.18 1.18 1.18 1.18 1.18 1.18 1.17 1.17 1.17 1.17 1.17 1.17 1.17 1.16 1.16 1.16 1.16 1.16 1.16 1.15 1.15 1.15 1.15 1.15 1.15 1.15 1.14 1.14 1.14 1.14 1.14 1.14 1.14 1.13 1.13 1.13 1.13 1.13 1.13 1.13 1.13 1.12 1.12 1.12 1.12 1.12 1.12 1.12 1.11 1.11 1.11 1.11 1.11 1.11 1.11 1.10 1.10 1.10 1.10 1.10 1.09 1.09 1.09 1.09 1.08 1.08
1.20 1.20 1.20 1.20 1.20 1.20 1.20 1.20 1.19 1.19 1.19 1.19 1.19 1.19 1.19 1.19 1.18 1.18 1.18 1.18 1.18 1.18 1.18 1.17 1.17 1.17 1.17 1.17 1.17 1.16 1.16 1.16 1.16 1.16 1.16 1.16 1.15 1.15 1.15 1.15 1.15 1.15 1.14 1.14 1.14 1.14 1.14 1.14 1.14 1.13 1.13 1.13 1.13 1.13 1.13 1.13 1.13 1.12 1.12 1.12 1.12 1.12 1.12 1.12 1.12 1.11 1.11 1.11 1.11 1.11 1.11 1.10 1.10 1.10 1.10 1.10 1.10 1.09 1.09 1.09 1.09 1.08 1.08 1.08
1.20 1.20 1.20 1.20 1.20 1.20 1.20 1.19 1.19 1.19 1.19 1.19 1.19 1.19 1.19 1.18 1.18 1.18 1.18 1.18 1.18 1.18 1.17 1.17 1.17 1.17 1.17 1.17 1.16 1.16 1.16 1.16 1.16 1.16 1.15 1.15 1.15 1.15 1.15 1.15 1.15 1.14 1.14 1.14 1.14 1.14 1.14 1.14 1.13 1.13 1.13 1.13 1.13 1.13 1.13 1.12 1.12 1.12 1.12 1.12 1.12 1.12 1.12 1.11 1.11 1.11 1.11 1.11 1.11 1.11 1.10 1.10 1.10 1.10 1.10 1.10 1.09 1.09 1.09 1.09 1.08 1.08 1.08 1.08
1.20 1.20 1.20 1.20 1.20 1.19 1.19 1.19 1.19 1.19 1.19 1.19 1.19 1.19 1.18 1.18 1.18 1.18 1.18 1.18 1.18 1.17 1.17 1.17 1.17 1.17 1.17 1.16 1.16 1.16 1.16 1.16 1.16 1.15 1.15 1.15 1.15 1.15 1.15 1.14 1.14 1.14 1.14 1.14 1.14 1.14 1.13 1.13 1.13 1.13 1.13 1.13 1.13 1.12 1.12 1.12 1.12 1.12 1.12 1.12 1.12 1.11 1.11 1.11 1.11 1.11 1.11 1.11 1.11 1.10 1.10 1.10 1.10 1.10 1.09 1.09 1.09 1.09 1.09 1.08 1.08 1.08 1.08 1.07
1.20 1.20 1.20 1.20 1.19 1.19 1.19 1.19 1.19 1.19 1.19 1.19 1.18 1.18 1.18 1.18 1.18 1.18 1.18 1.17 1.17 1.17 1.17 1.17 1.17 1.17 1.16 1.16 1.16 1.16 1.16 1.16 1.15 1.15 1.15 1.15 1.15 1.15 1.14 1.14 1.14 1.14 1.14 1.14 1.14 1.13 1.13 1.13 1.13 1.13 1.13 1.13 1.12 1.12 1.12 1.12 1.12 1.12 1.12 1.12 1.11 1.11 1.11 1.11 1.11 1.11 1.11 1.10 1.10 1.10 1.10 1.10 1.10 1.09 1.09 1.09 1.09 1.09 1.08 1.08 1.08 1.08 1.07 1.07
1.20 1.20 1.19 1.19 1.19 1.19 1.19 1.19 1.19 1.19 1.19 1.18 1.18 1.18 1.18 1.18 1.18 1.18 1.17 1.17 1.17 1.17 1.17 1.17 1.17 1.16 1.16 1.16 1.16 1.16 1.16 1.15 1.15 1.15 1.15 1.15 1.15 1.14 1.14 1.14 1.14 1.14 1.14 1.13 1.13 1.13 1.13 1.13 1.13 1.13 1.12 1.12 1.12 1.12 1.12 1.12 1.12 1.12 1.11 1.11 1.11 1.11 1.11 1.11 1.11 1.11 1.10 1.10 1.10 1.10 1.10 1.10 1.09 1.09 1.09 1.09 1.09 1.08 1.08 1.08 1.08 1.07 1.07 1.07
1.20 1.19 1.19 1.19 1.19 1.19 1.19 1.19 1.19 1.19 1.18 1.18 1.18 1.18 1.18 1.18 1.18 1.17 1.17 1.17 1.17 1.17 1.17 1.17 1.16 1.16 1.16 1.16 1.16 1.16 1.15 1.15 1.15 1.15 1.15 1.15 1.14 1.14 1.14 1.14 1.14 1.14 1.13 1.13 1.13 1.13 1.13 1.13 1.13 1.12 1.12 1.12 1.12 1.12 1.12 1.12 1.12 1.11 1.11 1.11 1.11 1.11 1.11 1.11 1.10 1.10 1.10 1.10 1.10 1.10 1.10 1.09 1.09 1.09 1.09 1.09 1.08 1.08 1.08 1.08 1.07 1.07 1.07 1.07
1.19 1.19 1.19 1.19 1.19 1.19 1.19 1.19 1.18 1.18 1.18 1.18 1.18 1.18 1.18 1.18 1.17 1.17 1.17 1.17 1.17 1.17 1.17 1.16 1.16 1.16 1.16 1.16 1.16 1.15 1.15 1.15 1.15 1.15 1.15 1.14 1.14 1.14 1.14 1.14 1.14 1.13 1.13 1.13 1.13 1.13 1.13 1.13 1.12 1.12 1.12 1.12 1.12 1.12 1.12 1.11 1.11 1.11 1.11 1.11 1.11 1.11 1.11 1.10 1.10 1.10 1.10 1.10 1.10 1.10 1.09 1.09 1.09 1.09 1.09 1.08 1.08 1.08 1.08 1.08 1.07 1.07 1.07 1.06
1.19 1.19 1.19 1.19 1.19 1.19 1.19 1.18 1.18 1.18 1.18 1.18 1.18 1.18 1.18 1.17 1.17 1.17 1.17 1.17 1.17 1.17 1.16 1.16 1.16 1.16 1.16 1.16 1.15 1.15 1.15 1.15 1.15 1.15 1.14 1.14 1.14 1.14 1.14 1.14 1.13 1.13 1.13 1.13 1.13 1.13 1.12 1.12 1.12 1.12 1.12 1.12 1.12 1.12 1.11 1.11 1.11 1.11 1.11 1.11 1.11 1.11 1.10 1.10 1.10 1.10 1.10 1.10 1.10 1.09 1.09 1.09 1.09 1.09 1.08 1.08 1.08 1.08 1.08 1.07 1.07 1.07 1.07 1.06
1.19 1.19 1.19 1.19 1.19 1.19 1.18 1.18 1.18 1.18 1.18 1.18 1.18 1.18 1.17 1.17 1.17 1.17 1.17 1.17 1.17 1.16 1.16 1.16 1.16 1.16 1.16 1.15 1.15 1.15 1.15 1.15 1.15 1.14 1.14 1.14 1.14 1.14 1.14 1.13 1.13 1.13 1.13 1.13 1.13 1.12 1.12 1.12 1.12 1.12 1.12 1.12 1.11 1.11 1.11 1.11 1.11 1.11 1.11 1.11 1.10 1.10 1.10 1.10 1.10 1.10 1.10 1.10 1.09 1.09 1.09 1.09 1.09 1.09 1.08 1.08 1.08 1.08 1.07 1.07 1.07 1.07 1.06 1.06
1.19 1.19 1.19 1.19 1.18 1.18 1.18 1.18 1.18 1.18 1.18 1.18 1.18 1.17 1.17 1.17 1.17 1.17 1.17 1.17 1.16 1.16 1.16 1.16 1.16 1.16 1.15 1.15 1.15 1.15 1.15 1.15 1.14 1.14 1.14 1.14 1.14 1.14 1.13 1.13 1.13 1.13 1.13 1.13 1.12 1.12 1.12 1.12 1.12 1.12 1.12 1.11 1.11 1.11 1.11 1.11 1.11 1.11 1.11 1.10 1.10 1.10 1.10 1.10 1.10 1.10 1.10 1.09 1.09 1.09 1.09 1.09 1.09 1.08 1.08 1.08 1.08 1.07 1.07 1.07 1.07 1.06 1.06 1.06
1.19 1.19 1.19 1.18 1.18 1.18 1.18 1.18 1.18 1.18 1.18 1.17 1.17 1.17 1.17 1.17 1.17 1.17 1.17 1.16 1.16 1.16 1.16 1.16 1.16 1.15 1.15 1.15 1.15 1.15 1.15 1.14 1.14 1.14 1.14 1.14 1.14 1.13 1.13 1.13 1.13 1.13 1.13 1.12 1.12 1.12 1.12 1.12 1.12 1.12 1.11 1.11 1.11 1.11 1.11 1.11 1.11 1.11 1.10 1.10 1.10 1.10 1.10 1.10 1.10 1.10 1.09 1.09 1.09 1.09 1.09 1.09 1.08 1.08 1.08 1.08 1.08 1.07 1.07 1.07 1.07 1.06 1.06 1.06
1.19 1.19 1.18 1.18 1.18 1.18 1.18 1.18 1.18 1.18 1.17 1.17 1.17 1.17 1.17 1.17 1.17 1.17 1.16 1.16 1.16 1.16 1.16 1.16 1.15 1.15 1.15 1.15 1.15 1.15 1.14 1.14 1.14 1.14 1.14 1.14 1.13 1.13 1.13 1.13 1.13 1.13 1.12 1.12 1.12 1.12 1.12 1.12 1.12 1.11 1.11 1.11 1.11 1.11 1.11 1.11 1.10 1.10 1.10 1.10 1.10 1.10 1.10 1.10 1.09 1.09 1.09 1.09 1.09 1.09 1.09 1.08 1.08 1.08 1.08 1.08 1.07 1.07 1.07 1.07 1.06 1.06 1.06 1.06
1.18 1.18 1.18 1.18 1.18 1.18 1.18 1.18 1.18 1.17 1.17 1.17 1.17 1.17 1.17 1.17 1.17 1.16 1.16 1.16 1.16 1.70 1.16 1.15 1.15 1.15 1.15 1.15 1.15 1.14 1.14 4.06 1.14 1.14 1.14 1.13 1.13 1.13 1.13 1.13 1.13 1.12 1.12 1.12 1.12 1.12 1.12 1.12 1.11 1.11 1.11 1.11 1.11 1.11 1.11 1.10 1.10 1.10 1.10 1.10 1.10 1.10 1.10 1.09 1.09 1.09 1.09 1.09 1.09 1.09 1.08 1.08 1.08 1.08 1.08 1.08 1.07 1.07 1.07 1.07 1.06 1.06 1.06 1.05
1.18 1.18 1.18 1.18 1.18 1.18 1.18 1.18 1.17 1.17 1.17 1.17 1.17 1.17 1.17 1.17 1.16 1.16 1.70 3.52 3.51 1.16 1.15 1.15 1.15 1.15 1.15 1.15 1.14 1.14 1.14 1.14 1.14 1.14 1.13 1.13 1.13 1.13 1.13 1.13 1.12 1.12 1.12 1.12 1.12 1.12 1.12 1.11 1.11 1.11 1.11 1.11 1.11 1.11 1.10 1.10 1.10 1.10 1.10 1.10 1.10 1.10 1.09 1.09 1.09 1.09 1.09 1.09 1.09 1.09 1.08 1.08 1.08 1.08 1.08 1.07 1.07 1.07 1.07 1.06 1.06 1.06 1.06 1.05
1.18 1.18 1.18 1.18 1.18 1.18 1.18 1.17 1.17 1.17 1.17 1.17 1.17 1.17 1.17 1.16 1.16 1.16 3.52 3.52 3.51 1.15 1.15 1.15 1.15 1.15 1.15 1.15 1.14 1.14 1.14 1.67 1.14 1.13 1.13 1.13 1.13 1.13 1.13 1.12 1.12 1.12 1.12 1.12 1.12 1.12 1.11 1.11 1.11 1.11 1.11 1.11 1.11 1.10 1.10 1.10 1.10 1.10 1.10 1.10 1.10 1.10 1.09 1.09 1.09 1.09 1.09 1.09 1.09 1.08 1.08 1.08 1.08 1.08 1.07 1.07 1.07 1.07 1.07 1.06 1.06 1.06 1.05 1.05
1.18 1.18 1.18 1.18 1.18 1.17 1.17 1.17 1.17 1.17 1.17 1.17 1.17 1.16 1.16 1.16 1.16 3.31 3.31 3.51 1.16 1.15 1.15 1.15 1.15 1.15 3.28 3.28 3.48 1.14 1.14 1.14 1.14 1.13 1.13 1.13 1.13 1.13 1.13 1.12 1.12 1.12 1.12 1.12 1.12 1.11 1.11 1.11 1.11 1.11 1.11 1.11 1.10 1.10 1.10 1.10 1.10 1.10 1.10 1.10 1.10 1.09 1.09 1.09 1.09 1.09 1.09 1.09 1.08 1.08 1.08 1.08 1.08 1.08 1.07 1.07 1.07 1.07 1.06 1.06 1.06 1.06 1.05 1.05
1.18 1.18 1.18 1.18 1.17 1.17 1.17 1.17 1.17 1.17 1.17 1.17 1.16 1.16 1.70 1.16 1.16 1.16 3.30 3.30 3.51 1.15 1.15 1.15 1.15 3.28 3.28 3.28 3.48 4.06 3.47 1.14 1.13 1.13 1.13 1.13 1.13 1.13 1.12 1.12 1.12 1.12 1.12 1.12 1.11 1.11 1.11 1.11 1.11 1.11 1.11 1.10 1.10 1.10 1.10 1.10 1.10 1.10 1.10 1.10 1.09 1.09 1.09 1.09 1.09 1.09 1.09 1.09 1.08 1.08 1.08 1.08 1.08 1.08 1.07 1.07 1.07 1.07 1.06 1.06 1.06 1.06 1.05 1.05
1.18 1.18 1.18 1.17 1.17 1.17 1.17 1.17 1.17 1.17 1.17 1.16 1.16 1.16 3.52 3.52 3.42 3.30 3.30 3.79 3.30 3.29 1.15 1.15 1.68 3.28 3.28 3.28 3.48 4.05 3.47 1.66 1.13 1.13 1.13 1.13 1.13 1.12 1.12 1.12 1.12 1.12 1.12 1.12 1.11 1.11 1.11 1.11 1.11 1.11 1.11 1.10 1.10 1.10 1.10 1.10 1.10 1.10 1.10 1.09 1.09 1.09 1.09 1.09 1.09 1.09 1.09 1.08 1.08 1.08 1.08 1.08 1.08 1.07 1.07 1.07 1.07 1.07 1.06 1.06 1.06 1.06 1.05 1.05
1.18 1.18 1.17 1.17 1.17 1.17 1.17 1.17 1.17 1.17 1.16 1.16 3.52 3.52 3.31 3.31 3.24 3.24 3.79 1.69 3.29 3.29 1.15 3.28 3.28 3.28 3.28 3.27 3.27 3.47 3.47 3.36 1.13 1.13 1.13 1.13 1.13 1.12 1.12 1.12 1.12 1.12 1.12 1.11 1.11 1.11 1.11 1.11 1.11 1.11 1.10 1.10 1.10 1.10 1.10 1.10 1.10 1.10 1.09 1.09 1.09 1.09 1.09 1.09 1.09 1.09 1.09 1.08 1.08 1.08 1.08 1.08 1.08 1.07 1.07 1.07 1.07 1.07 1.06 1.06 1.06 1.05 1.05 1.05
1.18 1.17 1.17 1.17 1.17 1.17 1.17 1.17 1.17 1.16 1.16 3.52 3.52 3.52 3.31 3.30 3.24 2.24 3.30 1.69 1.69 1.15 1.15 1.68 3.28 3.28 3.27 3.27 3.27 3.26 3.46 1.66 1.13 1.13 1.13 1.13 1.12 1.12 1.12 1.12 1.12 1.12 1.11 1.11 1.11 1.11 1.11 1.11 1.11 1.10 1.10 1.10 1.10 1.10 1.10 1.10 1.10 1.10 1.09 1.09 1.09 1.09 1.09 1.09 1.09 1.09 1.08 1.08 1.08 1.08 1.08 1.08 1.08 1.07 1.07 1.07 1.07 1.06 1.06 1.06 1.06 1.05 1.05 1.05
1.17 1.17 1.17 1.17 1.17 1.17 1.17 1.17 1.16 1.16 1.16 3.52 3.52 3.52 3.30 3.30 3.30 1.14 3.29 3.29 3.29 3.29 3.28 3.28 3.28 3.27 3.27 3.76 3.38 3.38 1.13 1.13 1.13 1.13 1.13 1.12 1.12 1.12 1.12 1.12 1.12 1.12 1.11 1.11 1.11 1.11 1.11 1.11 1.11 1.10 1.10 1.10 1.10 1.10 1.10 1.10 1.10 1.09 1.09 1.09 1.09 1.09 1.09 1.09 1.09 1.09 1.08 1.08 1.08 3.42 1.08 1.08 1.07 1.07 1.07 1.07 1.07 1.06 1.06 1.06 1.06 1.05 1.05 1.05
1.17 1.17 1.17 1.17 1.17 1.17 1.17 1.16 1.16 1.16 1.16 1.16 3.52 3.51 3.30 3.30 3.30 3.29 3.23 3.29 3.29 3.28 3.28 3.28 3.28 3.27 3.76 3.75 3.38 1.13 1.13 1.13 1.13 1.13 1.13 1.12 1.12 1.12 1.12 1.12 1.12 1.11 1.11 1.11 1.11 1.11 1.11 1.11 1.10 1.10 1.10 1.10 1.10 1.10 1.10 1.10 1.10 1.09 1.09 1.09 1.09 1.09 1.09 1.09 1.09 1.08 1.08 1.08 1.08 1.08 1.08 1.08 1.07 1.07 1.07 1.07 1.07 1.06 1.06 1.06 1.06 1.05 1.05 1.05
1.17 1.17 1.17 1.17 1.17 1.17 1.16 1.16 1.16 1.16 1.16 3.31 3.30 3.30 3.30 3.30 3.78 3.29 1.69 1.68 3.28 3.28 3.28 3.76 3.76 3.76 3.76 3.75 1.13 3.37 1.13 1.13 1.13 1.13 1.12 1.12 1.12 1.12 1.12 1.12 1.12 1.11 1.11 1.11 1.11 1.11 1.11 1.11 1.10 1.10 1.10 1.10 1.10 1.10 1.10 1.10 1.09 1.09 1.09 1.09 1.09 1.09 1.09 1.09 1.09 1.08 1.08 1.08 1.08 1.08 1.08 1.08 1.07 1.07 1.07 1.07 1.07 1.06 1.06 1.06 1.06 1.05 1.05 1.05
1.17 1.17 1.17 1.17 1.17 1.16 1.16 1.16 1.16 1.16 3.31 3.30 3.30 3.23 3.23 3.30 3.78 3.22 3.29 3.40 3.28 1.14 3.76 3.76 3.76 3.76 3.75 1.13 1.13 1.13 1.13 1.13 1.13 1.13 1.12 1.12 1.12 1.12 1.64 1.12 1.11 1.11 1.11 1.11 1.11 1.11 1.11 1.10 1.10 1.10 1.10 1.10 1.10 1.10 1.10 1.10 1.09 1.09 1.09 1.09 1.09 1.09 1.09 1.09 1.09 1.08 1.08 1.08 1.08 1.08 1.08 1.08 1.07 1.07 1.07 1.07 1.07 1.06 1.06 1.06 1.06 1.05 1.05 1.05
1.17 1.17 1.17 1.17 1.17 1.16 1.16 1.16 1.16 1.16 1.16 3.30 3.30 3.23 3.78 3.78 3.29 3.29 3.29 3.40 3.39 1.14 3.76 3.76 3.76 3.75 3.75 1.66 1.13 1.13 1.13 1.13 1.13 1.12 1.12 1.12 1.12 1.12 1.12 1.64 1.11 1.11 1.11 1.11 1.11 3.21 3.40 1.10 1.10 1.10 1.10 1.10 1.10 1.10 1.10 1.10 1.09 1.09 1.09 1.09 1.09 1.09 1.09 1.09 1.09 1.08 1.08 1.08 1.08 1.08 1.08 1.08 1.07 1.07 1.07 1.07 1.07 1.06 1.06 1.06 1.06 1.05 1.05 1.05
1.17 1.17 1.17 1.17 1.16 1.16 1.16 1.16 1.16 1.16 1.16 1.16 3.30 3.30 3.99 3.99 3.29 3.29 3.28 3.21 1.14 1.14 1.14 3.76 3.76 3.75 3.20 3.26 1.66 3.25 1.13 3.45 1.13 1.12 1.12 1.12 1.12 1.12 1.64 1.64 1.11 1.11 1.11 1.11 3.21 3.21 3.40 1.10 1.10 1.10 1.10 1.10 1.10 1.10 1.10 1.10 1.09 1.09 1.09 1.09 1.09 1.09 1.09 1.09 1.09 1.08 1.08 1.08 1.08 1.08 1.08 1.08 1.07 1.07 1.07 1.07 1.07 1.06 1.06 1.06 1.06 1.05 1.05 1.05
1.17 1.17 1.17 1.16 1.16 1.16 1.16 1.16 1.16 1.16 1.16 1.15 1.69 3.75 3.78 3.78 3.29 3.28 3.28 3.21 3.21 1.14 3.27 3.27 3.27 3.75 3.26 3.26 1.13 3.25 3.25 1.13 1.12 1.12 1.12 3.43 1.64 1.12 1.64 1.63 1.11 3.22 3.22 3.21 3.21 3.21 3.40 1.10 1.10 1.10 1.10 1.10 1.10 1.10 1.10 1.09 1.09 1.09 1.09 1.09 1.09 1.09 1.09 1.09 1.09 1.08 1.08 3.43 3.42 1.08 1.08 1.08 1.07 1.07 1.07 1.07 1.07 1.07 1.06 1.06 1.06 1.06 1.05 1.05
1.17 1.17 1.16 1.16 1.16 1.16 1.16 1.16 1.16 1.16 1.15 3.75 3.75 3.74 4.39 4.39 3.73 3.28 3.28 3.28 3.21 3.27 3.27 3.27 3.75 3.26 3.26 3.26 3.25 3.25 3.25 1.65 3.24 3.24 1.12 3.23 3.23 3.23 3.23 3.22 3.22 3.22 3.22 3.21 3.21 3.21 1.10 1.10 1.10 1.10 1.10 1.10 1.10 1.10 1.10 1.09 1.09 1.09 1.09 1.09 1.09 1.09 1.09 3.44 3.44 3.43 3.43 3.43 3.42 3.42 3.41 3.41 3.40 3.40 1.07 1.07 1.07 1.07 1.06 1.06 1.06 1.06 1.05 1.05
1.17 1.16 1.16 1.16 1.16 1.16 1.16 1.16 1.16 1.15 1.15 1.15 3.74 3.74 4.39 4.39 3.73 3.73 3.72 3.72 3.71 3.27 3.38 3.87 3.75 3.26 3.26 3.25 1.13 1.13 3.25 3.18 1.65 3.24 3.24 3.23 3.23 3.23 3.23 3.22 3.22 3.22 3.22 3.21 1.11 1.11 1.10 1.10 1.10 1.10 1.10 1.10 1.10 1.10 1.10 1.09 1.09 1.09 1.09 1.09 1.09 1.09 1.09 3.44 3.44 3.44 3.43 3.43 3.42 3.42 3.42 3.41 1.08 1.07 1.07 1.07 1.07 1.07 1.06 1.06 1.06 1.06 1.05 1.05
1.17 1.16 1.16 1.16 1.16 1.16 1.16 1.16 1.15 1.15 1.15 1.15 3.74 3.74 3.73 3.48 4.38 3.72 3.72 3.72 3.71 3.71 3.70 3.70 3.26 3.26 3.26 3.25 3.25 3.25 3.25 3.18 3.24 3.24 3.23 3.23 3.23 3.23 3.22 3.22 3.22 3.22 3.21 3.21 3.21 3.21 3.21 3.20 3.20 3.20 3.20 3.20 3.19 3.19 3.19 1.10 1.09 1.09 1.09 1.09 1.09 1.09 1.09 3.44 3.44 3.44 3.43 1.08 1.08 3.42 1.08 1.08 1.08 1.07 1.07 1.07 1.07 1.07 1.07 1.06 1.06 1.06 1.06 1.05
1.16 1.16 1.16 1.16 1.16 1.16 1.16 1.15 1.15 1.15 1.15 3.74 3.74 3.48 3.73 3.47 4.38 3.72 3.72 3.71 3.71 3.70 3.70 3.70 3.69 3.69 3.69 1.13 3.25 3.25 3.24 3.24 3.24 3.24 3.23 3.23 3.23 3.23 3.22 3.22 3.22 3.22 3.21 3.21 3.21 3.21 3.21 3.20 3.20 3.20 3.20 3.20 3.68 3.19 3.19 3.30 1.09 1.09 1.09 1.09 1.09 1.09 1.09 3.44 3.44 1.09 1.08 1.08 3.43 3.42 3.42 3.42 1.08 1.08 1.07 1.07 1.07 1.07 1.07 1.06 1.06 1.06 1.06 1.05
1.16 1.16 1.16 1.16 1.16 1.16 1.16 1.15 1.15 3.74 3.74 3.48 3.48 3.73 3.73 3.72 4.37 3.72 1.14 3.71 3.71 3.70 3.44 4.34 3.69 3.69 3.68 3.68 3.68 3.67 3.67 3.17 3.24 3.23 3.23 3.23 3.23 3.23 3.22 3.22 3.22 3.22 3.21 3.21 3.21 3.21 3.20 3.20 3.20 3.20 3.20 3.20 3.19 3.19 3.68 3.30 3.19 3.30 1.09 1.09 1.09 3.63 1.09 1.09 3.44 1.09 1.09 1.08 3.43 1.08 1.08 1.08 1.08 1.08 1.07 1.07 1.07 1.07 1.07 1.07 1.06 1.06 1.06 1.06
