New_Model_Runs/1_Original_run_out/post_prcessed_with_MFR/Monthly_summaries/actual_et_monthly_FEB.asc
NCOLS 700
NROWS 400
XLLCENTER 515000.000000
YLLCENTER 8409000.000000
CELLSIZE 50.000000
NODATA_value -999.000000
[rows 114 to 151 of 400, columns 420 to 503 of 700]
1.01 1.01 1.01 1.01 1.01 1.00 1.00 1.00 1.00 1.00 1.00 1.00 1.00 1.00 1.00 1.00 1.00 1.00 1.00 1.00 1.00 1.00 3.33 3.33 1.01 1.01 3.34 3.34 2.39 3.95 3.94 3.34 3.35 3.36 1.01 1.01 1.01 1.02 1.02 1.02 1.02 1.02 1.02 1.02 1.02 1.02 1.02 1.02 1.02 1.02 1.02 1.02 1.02 1.02 1.02 1.02 1.02 3.38 3.41 3.38 1.50 1.50 1.02 1.02 1.02 3.24 3.24 3.24 3.24 3.24 1.50 1.02 1.02 1.02 1.02 1.02 1.02 1.02 1.02 1.02 1.02 1.02 1.03 1.03
1.01 1.01 1.01 1.01 1.00 1.00 1.00 1.00 1.00 1.00 1.00 1.00 1.00 1.00 1.00 1.00 1.00 1.00 1.00 1.00 1.00 1.00 1.00 1.00 1.01 3.34 3.34 1.01 3.34 3.95 3.94 3.34 1.01 1.01 3.07 1.01 1.01 1.02 1.02 1.02 1.02 1.02 1.02 1.02 1.02 1.02 1.02 1.02 1.02 1.02 1.02 1.02 1.03 1.03 1.03 1.03 3.39 3.39 3.39 3.39 3.39 1.03 1.03 1.03 1.03 3.25 3.25 3.24 3.24 3.24 3.24 1.02 1.02 1.02 1.02 1.02 1.02 1.02 1.03 1.03 1.03 1.03 1.03 1.03
1.01 1.01 1.01 1.00 1.00 1.00 1.00 1.00 1.00 1.00 1.00 1.00 1.00 1.00 1.00 1.00 1.00 1.00 1.00 1.00 1.00 1.00 1.00 1.00 1.01 1.01 1.01 1.01 1.01 1.01 3.06 2.40 3.07 3.07 3.07 1.01 1.02 1.02 1.02 1.02 1.02 1.02 1.02 1.02 1.02 1.02 1.02 1.02 1.02 1.02 1.03 1.03 1.03 1.03 1.03 1.03 1.03 3.39 3.39 3.39 3.39 3.39 1.03 1.03 1.03 1.03 1.03 1.03 1.51 3.25 3.25 1.03 1.03 1.03 1.03 1.03 1.03 1.03 1.03 1.03 1.03 1.03 1.03 1.03
1.01 1.01 1.01 1.00 1.00 1.00 1.00 1.00 1.00 1.00 1.00 1.00 1.00 1.00 1.00 1.00 1.00 1.00 1.00 1.00 1.00 1.00 1.00 1.00 1.01 1.01 1.01 3.06 1.01 3.36 3.06 3.07 3.07 3.07 1.01 1.01 3.36 1.02 1.02 1.02 1.02 1.02 1.02 1.02 1.02 1.02 1.02 1.02 1.03 1.03 1.03 1.03 1.03 1.03 1.03 1.03 1.03 1.03 1.03 1.03 1.03 1.03 1.51 1.03 1.03 1.03 1.03 1.03 1.03 1.03 1.03 1.03 1.03 1.03 1.03 1.03 1.03 1.03 1.03 1.03 1.03 1.03 1.03 1.03
1.01 1.01 1.00 1.00 1.00 1.00 1.00 1.00 1.00 1.00 1.00 1.00 1.00 1.00 1.00 1.00 1.00 1.00 1.00 1.00 1.00 1.00 1.00 1.00 1.01 1.01 1.01 1.01 3.35 3.35 3.34 3.35 3.07 1.01 1.01 1.01 1.02 1.02 1.02 1.02 1.02 1.02 1.02 1.02 1.02 1.02 1.02 1.03 1.03 1.03 1.03 1.03 1.03 1.03 1.03 1.03 1.03 1.03 1.03 1.03 1.03 1.03 1.51 1.03 1.03 1.03 1.03 1.03 1.03 1.03 1.03 1.03 1.03 1.03 1.03 1.03 1.03 1.03 1.03 1.03 1.03 1.04 1.04 1.04
1.01 1.00 1.00 1.00 1.00 1.00 1.00 1.00 1.00 1.00 1.00 1.00 1.00 1.00 1.00 1.00 1.00 1.00 1.00 1.00 1.00 1.00 1.00 1.00 1.01 1.01 1.01 1.01 1.01 1.01 1.01 1.01 1.01 3.96 1.01 1.02 1.02 1.02 1.02 1.02 1.02 1.02 1.02 1.02 1.02 1.02 1.03 1.03 1.03 1.03 1.03 1.03 1.03 1.03 1.03 1.03 1.03 1.03 1.03 1.03 1.03 1.03 1.03 1.03 1.03 1.03 1.03 1.03 1.03 1.03 1.03 1.03 1.03 1.03 1.03 1.03 1.04 1.04 1.04 1.04 1.04 1.04 1.04 1.04
1.01 1.00 1.00 1.00 1.00 1.00 1.00 1.00 1.00 1.00 1.00 1.00 1.00 1.00 1.00 1.00 1.00 1.00 1.00 1.00 1.00 1.00 1.00 1.00 1.01 1.01 1.01 1.01 1.01 1.01 1.01 1.01 3.35 3.96 1.01 1.02 1.02 1.02 1.02 1.02 1.02 1.02 1.02 1.02 1.02 1.03 1.03 1.03 1.03 1.03 1.03 1.03 1.03 1.03 1.03 1.03 1.03 1.03 1.03 1.03 1.03 1.03 1.03 1.03 1.03 1.03 1.03 1.03 1.04 1.04 1.04 1.04 1.04 1.04 1.04 1.04 1.04 1.04 1.04 1.04 1.04 1.04 1.04 1.04
1.00 1.00 1.00 1.00 1.00 1.00 1.00 1.00 1.00 1.00 1.00 1.00 1.00 1.00 1.00 1.00 1.00 1.00 1.00 1.00 1.00 1.00 1.00 1.00 1.01 1.01 1.01 1.01 1.01 1.01 1.01 3.35 3.35 3.36 1.02 1.02 1.02 1.02 1.02 1.02 1.02 1.02 1.02 1.02 1.03 1.03 1.03 1.03 1.03 1.03 1.03 1.03 1.03 1.03 1.03 1.03 1.03 1.03 1.03 1.03 1.04 1.04 1.04 1.04 1.04 1.04 1.04 1.04 1.04 1.04 1.04 1.04 1.04 1.04 1.04 1.04 1.04 1.04 1.04 1.04 1.04 1.04 1.05 1.05
1.00 1.00 1.00 1.00 1.00 1.00 1.00 1.47 1.00 1.00 1.00 1.00 1.00 1.00 1.00 1.00 1.00 1.00 1.00 1.00 1.00 1.00 1.00 1.00 1.01 1.01 1.01 1.01 1.01 1.01 3.35 3.07 3.08 1.01 1.02 1.02 1.02 1.02 1.02 1.02 1.02 1.02 1.02 1.03 1.03 1.03 1.03 1.03 1.03 1.03 1.03 1.03 1.03 1.03 1.03 1.03 1.04 1.04 1.04 1.04 1.04 1.04 1.04 1.04 1.04 1.04 1.04 1.04 1.04 1.04 1.04 1.04 1.04 1.04 1.04 1.04 1.04 1.04 1.05 1.05 1.05 1.05 1.05 1.05
1.00 1.00 1.00 1.00 1.00 1.00 1.00 1.00 1.00 1.00 1.00 1.00 1.00 1.00 1.00 1.00 1.00 1.00 1.00 1.00 1.00 1.00 1.00 1.00 1.01 1.01 1.01 1.01 1.01 1.01 1.01 3.07 3.08 3.08 1.02 3.37 1.02 1.02 1.02 1.02 1.02 1.02 1.03 1.03 1.03 1.03 1.03 1.03 1.03 1.03 1.03 1.03 1.03 1.04 1.04 1.04 1.04 1.04 1.04 1.04 1.04 1.04 1.04 1.04 1.04 1.04 1.04 1.04 1.04 1.04 1.04 1.04 1.04 1.05 1.05 1.05 1.05 1.05 1.05 1.05 1.05 1.05 1.05 1.05
1.00 1.00 3.34 1.00 1.00 1.00 1.00 1.00 3.33 3.03 3.03 1.00 1.00 1.00 1.00 1.00 1.00 1.00 1.00 1.00 1.00 1.00 3.95 1.01 1.01 1.01 1.01 1.01 1.01 1.01 1.01 3.08 3.08 3.08 3.37 3.37 1.02 1.02 1.02 1.02 1.02 1.03 1.03 1.03 1.03 1.03 1.03 1.03 1.03 1.03 1.03 1.04 1.04 1.04 1.04 1.04 1.04 1.04 1.04 1.04 1.04 1.04 1.04 1.04 1.04 1.04 1.04 1.04 1.04 1.05 1.05 1.05 1.05 1.05 1.05 1.05 1.05 1.05 1.05 1.05 1.05 1.06 1.06 1.06
3.34 3.34 1.00 3.33 1.00 3.03 1.00 3.33 3.93 3.93 3.93 3.93 1.00 1.00 1.00 1.00 3.32 1.00 1.00 3.32 1.47 1.00 1.00 1.01 1.01 1.01 1.01 1.01 1.01 1.01 1.01 1.01 3.08 3.08 3.09 3.09 1.02 1.02 1.02 1.02 1.03 1.03 1.03 1.03 1.03 1.03 1.03 1.03 1.03 1.03 1.04 1.04 1.04 1.04 1.04 1.04 1.04 1.04 1.04 1.04 1.04 1.04 1.04 1.04 1.05 1.05 1.05 1.05 1.05 1.05 1.05 1.05 1.05 1.05 1.05 1.05 1.05 1.05 1.06 1.06 1.06 1.06 1.06 1.06
3.34 3.34 3.03 3.03 3.03 3.03 1.00 1.00 3.93 3.33 3.93 3.03 3.03 3.03 3.03 3.93 3.32 1.00 3.17 3.32 1.00 1.00 1.00 1.01 1.01 1.01 1.01 1.01 1.01 1.01 1.01 1.02 1.02 3.99 3.39 3.38 1.02 1.02 1.02 1.03 1.03 1.03 1.03 1.03 1.03 1.03 1.03 1.03 1.04 1.04 1.04 1.04 1.04 1.04 1.04 1.04 1.04 1.04 1.04 1.04 1.04 1.05 1.05 1.05 1.05 1.05 1.05 1.05 1.05 1.05 1.05 1.05 1.05 1.05 1.05 1.06 1.06 1.06 1.06 1.06 1.06 1.06 1.06 1.06
3.34 3.03 3.33 3.03 3.93 3.93 3.03 3.03 2.65 3.92 2.65 3.03 3.03 3.03 3.03 1.00 1.00 1.00 1.00 3.33 3.33 1.00 1.01 1.01 1.01 1.01 1.01 1.01 1.01 1.01 1.01 1.02 1.02 1.02 1.02 3.38 3.38 1.02 1.03 1.03 1.03 1.03 1.03 1.03 1.03 1.03 1.03 1.04 1.04 1.04 1.04 1.04 1.04 1.04 1.04 1.04 1.04 1.04 1.05 1.05 1.05 1.05 1.05 1.05 1.05 1.05 1.05 1.05 1.05 1.05 1.05 1.06 1.06 1.06 1.06 1.06 1.06 1.06 1.06 1.06 1.06 1.07 1.07 1.07
1.00 3.03 3.93 3.93 3.93 2.65 3.92 3.33 2.65 3.33 3.33 3.03 3.03 3.03 1.00 1.00 1.00 1.00 3.04 3.33 3.33 1.47 1.48 1.01 1.01 1.01 3.37 1.01 1.01 1.01 1.02 1.02 1.02 1.02 1.02 3.38 1.02 1.02 1.03 1.03 1.03 1.03 1.03 1.51 1.03 1.03 1.04 1.04 1.04 1.04 1.04 1.04 1.04 1.04 1.04 1.04 1.05 1.05 1.05 1.05 1.05 1.05 1.05 1.05 1.05 1.05 1.05 1.05 1.06 1.06 1.06 1.06 1.06 1.06 1.06 1.06 1.06 1.06 1.07 1.07 1.07 1.07 1.07 1.07
3.93 2.65 1.18 2.65 3.92 2.65 3.92 3.32 3.92 3.03 3.92 3.03 3.33 3.33 1.00 1.00 1.00 1.00 3.32 3.33 3.05 1.47 1.01 1.01 1.01 3.37 3.37 3.38 1.01 1.02 1.02 1.02 1.02 1.02 1.02 1.02 3.39 3.39 1.03 1.03 1.03 1.03 1.03 1.03 1.03 1.04 1.04 1.04 1.04 1.04 1.04 1.04 1.04 1.04 1.05 1.05 1.05 1.05 1.05 1.05 1.05 1.05 1.05 1.05 1.05 1.06 1.06 1.06 1.06 1.06 1.06 1.06 1.06 1.06 1.06 1.07 1.07 1.07 1.07 1.07 1.07 1.07 1.07 1.08
3.93 2.65 3.93 2.65 2.65 2.65 3.92 2.65 3.92 3.32 3.03 3.33 3.33 1.00 1.00 1.00 1.00 1.00 3.04 1.00 3.33 1.01 1.01 1.01 3.36 3.37 3.37 3.38 3.38 1.02 1.02 1.02 1.02 1.02 1.02 1.02 1.03 1.03 1.03 1.03 1.03 1.03 1.03 1.04 1.04 1.04 1.04 1.04 1.04 1.04 1.04 1.04 1.05 1.05 1.05 1.05 1.05 1.05 1.05 1.05 1.05 1.05 1.05 1.06 1.06 1.06 1.06 1.06 1.06 1.06 1.06 1.06 1.06 1.07 1.07 1.07 1.07 1.07 1.07 1.07 1.07 1.08 1.08 1.08
2.65 3.93 3.92 3.92 3.92 3.92 2.65 2.43 3.92 3.92 3.32 1.00 3.33 1.00 3.32 3.32 1.00 1.00 1.00 1.00 1.01 1.01 1.01 1.01 3.37 3.37 3.38 3.38 3.39 1.02 1.02 1.02 1.02 1.02 1.02 1.03 1.03 1.03 1.03 1.03 1.03 1.03 1.04 1.04 1.04 1.04 1.04 1.04 1.04 1.04 1.04 1.05 1.05 1.05 1.05 1.05 1.05 1.05 1.05 1.05 1.06 1.06 1.06 1.06 1.06 1.06 1.06 1.06 1.56 1.06 1.07 1.07 1.07 1.07 1.07 1.07 1.07 1.07 1.08 1.08 1.08 1.08 1.08 1.08
2.65 3.92 1.18 3.92 3.92 2.65 3.92 3.92 3.92 3.32 3.03 1.00 1.00 1.00 3.33 3.32 1.00 1.00 1.00 1.00 1.01 1.01 1.01 1.01 3.37 3.37 3.38 3.38 3.39 1.02 1.02 1.02 1.02 1.02 1.03 1.03 1.03 1.03 1.03 1.03 1.03 1.04 1.04 1.04 1.04 1.04 1.04 1.04 1.04 1.05 1.05 1.05 1.05 1.05 1.05 1.05 1.05 1.05 1.06 1.06 1.06 1.06 1.06 1.06 1.06 1.06 1.06 1.06 3.38 1.07 1.07 1.07 1.07 1.07 1.07 1.07 1.08 1.08 1.08 1.08 1.08 1.08 1.08 1.09
3.92 2.65 2.65 3.92 3.92 3.92 3.92 3.92 2.65 1.00 1.00 1.00 3.33 1.00 1.00 1.00 1.00 1.00 1.00 1.01 1.01 1.01 1.01 1.01 3.37 3.38 3.38 3.39 3.39 1.02 1.02 1.02 1.02 1.03 1.03 1.03 1.03 1.03 1.03 1.03 1.04 1.04 1.04 1.04 1.04 1.04 1.04 1.04 1.05 1.05 1.05 1.05 1.05 1.05 1.05 1.05 1.06 1.06 1.06 1.06 1.06 1.06 1.06 1.06 1.06 1.07 1.07 1.07 1.07 1.07 1.07 1.07 1.07 1.08 1.08 1.08 1.08 1.08 1.08 1.08 1.09 1.09 1.09 1.09
0.00 0.00 3.92 3.92 1.18 2.65 3.92 3.92 3.32 1.00 1.00 1.00 1.00 1.00 1.00 1.00 1.00 1.00 1.00 1.01 1.01 1.01 1.01 1.01 3.38 3.38 3.39 3.39 3.40 3.40 1.02 1.02 1.02 1.03 1.03 1.03 1.03 1.03 1.03 1.04 1.04 1.04 1.04 1.04 1.04 1.04 1.05 1.05 1.05 1.05 1.05 1.05 1.05 1.05 1.06 1.06 1.06 1.06 1.06 1.06 1.06 1.06 1.06 1.07 1.07 1.07 1.07 1.07 1.07 1.07 1.07 1.08 1.08 1.08 1.08 1.08 1.08 1.08 1.09 1.09 1.09 1.09 1.09 1.09
0.00 0.00 0.00 2.65 2.65 3.92 2.65 3.92 3.03 1.00 1.00 1.00 1.00 1.00 1.00 1.00 1.00 1.00 1.01 1.01 1.01 1.01 3.37 3.37 3.38 3.38 3.39 3.40 3.40 3.41 1.02 1.02 3.42 1.03 1.03 3.44 3.44 3.45 1.04 1.04 1.04 1.04 1.04 1.04 1.04 1.05 1.05 1.05 1.05 1.05 1.05 1.05 1.05 1.06 1.06 1.06 1.06 1.06 1.06 1.06 1.06 1.07 1.07 1.07 1.07 1.07 1.07 1.07 1.07 1.08 1.08 1.08 1.08 1.08 1.08 1.08 1.09 1.09 1.09 1.09 1.09 1.09 1.10 1.10
0.00 0.00 0.00 0.00 2.65 2.65 3.92 3.92 1.00 1.00 1.00 1.00 1.00 1.00 1.00 1.00 1.00 1.01 1.01 1.01 1.01 3.37 3.37 3.38 3.38 3.39 3.39 3.40 3.40 3.41 3.42 3.42 3.43 3.43 3.44 3.44 3.45 1.04 1.04 1.04 1.04 1.04 1.04 1.04 1.05 1.05 1.05 1.05 1.05 1.05 1.05 1.06 1.06 1.06 1.06 1.06 1.06 1.06 1.06 1.07 1.07 1.07 1.07 1.07 1.07 1.07 1.07 1.08 1.08 1.08 1.08 1.08 1.08 1.08 1.09 1.09 1.09 1.09 1.09 1.09 1.10 1.10 1.10 1.10
0.00 0.00 0.00 0.00 2.65 2.65 1.00 1.00 1.00 1.00 1.00 1.00 1.00 1.00 1.00 1.00 1.00 1.01 1.01 1.01 1.01 1.01 3.38 3.38 3.39 3.39 3.40 3.40 3.41 3.41 3.42 3.43 3.43 3.44 3.44 3.45 3.45 3.46 3.46 1.04 1.04 1.04 1.04 1.05 1.05 1.05 1.05 1.05 1.05 1.05 1.06 1.06 1.06 1.06 1.06 1.06 1.06 1.06 1.07 1.07 1.07 1.07 1.07 1.07 1.07 1.07 1.08 1.08 1.08 1.08 1.08 1.08 1.09 1.09 1.09 1.09 1.09 1.09 1.09 1.10 1.10 1.10 1.10 1.10
0.00 0.00 0.00 0.00 3.92 3.92 1.00 1.00 1.00 1.00 1.00 1.00 1.00 1.00 1.00 1.00 1.01 1.01 1.01 3.37 3.37 3.38 3.38 3.39 3.39 3.40 3.40 3.41 3.41 3.42 3.42 3.43 3.44 3.44 3.45 3.45 3.46 3.46 3.47 1.04 1.04 1.04 1.05 1.05 1.05 1.05 1.05 1.05 1.06 1.06 1.06 1.06 1.06 1.06 1.06 1.06 1.07 1.07 1.07 1.07 1.07 1.07 1.07 1.07 1.08 1.08 1.08 1.08 1.08 1.08 1.08 1.09 1.09 1.09 1.09 1.09 1.09 1.10 1.10 1.10 1.10 1.10 1.10 3.69
0.00 0.00 0.00 0.00 0.00 1.00 1.00 1.00 1.00 1.00 1.00 1.00 1.00 1.00 1.00 1.01 3.36 3.36 3.37 3.37 3.38 3.38 3.39 3.39 3.40 3.40 3.41 3.41 3.42 3.42 3.43 3.44 3.44 3.45 3.45 3.46 1.04 1.04 1.04 1.04 1.05 1.05 1.05 1.05 1.05 1.05 1.05 1.06 1.06 1.06 1.06 1.06 1.06 1.06 1.07 1.07 1.07 1.07 1.07 1.07 1.07 1.07 1.08 1.08 1.08 1.08 1.08 1.08 1.08 1.09 1.09 1.09 1.09 1.09 1.09 1.10 1.10 1.10 1.10 1.10 1.10 1.11 1.11 3.70
0.00 0.00 0.00 0.00 0.00 1.00 1.00 1.00 1.00 1.00 1.00 1.00 1.00 1.00 1.01 1.01 1.01 1.01 1.01 3.38 3.38 3.39 3.39 3.40 3.40 3.41 3.41 3.42 3.42 3.43 1.03 3.44 3.45 3.45 3.46 1.04 1.04 1.04 1.04 1.05 1.05 1.05 1.05 1.05 1.05 1.05 1.06 1.06 1.06 1.06 1.06 1.06 1.06 1.07 1.07 1.07 1.07 1.07 1.07 1.07 1.08 1.08 1.08 1.08 1.08 1.08 1.08 1.09 1.09 1.09 1.09 1.09 1.09 1.09 1.10 1.10 1.10 1.10 1.10 1.10 1.11 1.11 1.11 1.11
0.00 0.00 0.00 0.00 2.65 1.00 1.00 1.00 1.00 3.34 1.00 1.00 1.00 1.01 1.01 1.01 1.01 1.01 1.01 1.01 1.02 3.39 3.40 1.02 1.02 3.41 3.42 3.42 3.43 3.44 3.44 3.45 3.45 3.46 1.04 1.04 1.04 1.04 1.05 1.05 1.05 1.05 1.05 1.05 1.06 1.06 1.06 1.06 1.06 1.06 1.06 1.07 1.07 1.07 1.07 1.07 1.07 1.07 1.08 1.08 1.08 1.08 1.08 1.08 1.08 1.08 1.09 1.09 1.09 1.09 1.09 1.09 1.10 1.10 1.10 1.10 1.10 1.10 1.11 1.11 3.51 1.11 1.11 1.11
0.00 0.00 0.00 2.65 2.65 1.00 1.00 1.00 3.34 3.34 1.00 1.01 1.01 1.01 1.01 1.01 1.01 1.01 1.01 1.02 1.02 1.02 1.02 1.02 1.02 1.03 3.42 3.43 3.44 3.44 3.45 3.45 3.46 3.46 3.47 1.04 1.04 1.05 1.05 1.05 1.05 1.05 1.05 1.06 1.06 1.06 1.06 1.06 1.06 1.06 1.07 1.07 1.07 1.07 1.07 1.07 1.07 1.08 1.08 1.08 1.08 1.08 1.08 1.08 1.09 1.09 1.09 1.09 1.09 1.09 1.09 1.10 1.10 1.10 1.10 1.10 1.10 1.11 1.11 1.11 1.11 1.11 1.12 1.12
0.00 0.00 0.00 2.66 1.00 1.00 1.00 3.34 3.35 3.35 3.35 3.36 1.01 1.01 1.01 1.01 1.01 1.01 1.02 1.02 1.02 1.02 1.02 1.02 1.03 1.03 1.03 3.44 3.44 3.45 3.45 3.46 3.47 3.47 3.48 3.48 1.05 1.05 1.05 1.05 1.05 1.05 1.06 1.06 1.06 1.06 1.06 1.06 1.07 1.07 1.07 1.07 1.07 1.07 1.07 1.08 1.08 1.08 1.08 1.08 1.08 1.08 1.09 1.09 1.09 1.09 1.09 1.09 1.09 1.10 1.10 1.10 1.10 1.10 1.10 1.11 1.11 1.11 1.11 1.11 1.11 1.12 3.39 1.12
0.00 0.00 0.00 2.52 3.94 3.34 3.34 3.35 3.35 3.35 1.01 1.01 1.01 1.01 1.01 1.01 1.01 1.02 1.02 1.02 1.02 1.02 1.02 1.03 1.03 1.03 1.03 1.03 1.03 1.04 3.46 3.47 3.47 3.48 3.48 3.49 1.05 1.05 1.05 1.05 1.06 1.06 1.06 1.06 1.06 1.06 1.06 1.07 1.07 1.07 1.07 1.07 1.07 1.08 1.08 1.08 1.08 1.08 1.08 1.08 1.09 1.09 1.09 1.09 1.09 1.09 1.09 1.10 1.10 1.10 1.10 1.10 1.10 1.10 1.11 4.36 4.37 3.71 4.38 4.39 1.64 3.39 1.64 3.74
0.00 0.00 2.66 2.66 2.66 2.66 3.95 3.05 3.36 3.36 1.01 1.01 1.01 1.01 1.01 1.02 1.02 1.02 1.02 1.02 1.02 1.02 1.03 1.03 1.03 1.03 1.03 1.03 1.04 1.04 1.04 3.47 1.04 3.48 1.05 3.50 1.05 1.05 1.05 1.06 1.06 1.06 1.06 1.06 1.06 1.07 1.07 1.07 1.07 1.07 1.07 1.07 1.08 1.08 1.08 1.08 1.08 1.08 1.08 1.09 1.09 1.09 1.09 1.09 1.09 1.09 1.10 1.10 1.10 1.10 1.10 1.10 1.11 1.11 1.11 1.11 1.11 4.38 4.39 4.39 3.73 3.73 3.40 3.75
0.00 0.00 3.95 2.66 2.66 3.95 3.96 3.36 1.01 1.01 1.01 1.01 1.01 1.01 1.02 1.02 1.02 1.02 1.02 1.02 1.03 1.03 1.03 1.03 1.03 1.03 1.04 1.04 1.04 1.04 1.04 1.04 1.05 1.05 1.05 3.50 1.05 1.05 1.06 1.06 1.06 1.06 1.06 1.06 1.07 1.07 1.07 1.07 1.07 1.07 1.08 1.08 1.08 1.08 1.08 1.08 1.08 1.09 1.09 1.09 1.09 1.09 1.09 1.09 1.10 1.10 1.10 1.10 1.10 1.10 1.10 1.11 1.11 1.11 1.11 1.11 1.11 1.12 1.12 4.40 3.24 4.42 4.42 3.24
0.00 0.00 1.19 3.95 1.19 3.05 3.06 1.01 3.37 1.01 1.01 1.01 1.02 1.02 1.02 1.02 1.02 1.02 1.02 1.03 1.03 1.03 1.03 1.03 1.03 1.04 1.04 1.04 1.04 1.04 1.04 1.05 1.05 1.05 1.05 3.51 1.05 1.06 1.06 1.06 1.06 1.06 1.06 1.07 1.07 1.07 1.07 1.07 1.07 1.08 1.08 1.08 1.08 1.08 1.08 1.09 1.09 1.09 1.09 1.09 1.09 1.09 1.10 1.10 1.10 1.10 1.10 1.10 1.10 1.11 1.11 1.11 1.11 1.11 1.11 1.12 1.12 1.12 1.12 3.74 4.42 4.42 3.42 0.00
0.00 0.00 2.66 2.66 3.96 3.36 1.01 1.01 1.01 1.01 1.01 1.02 1.02 1.02 1.02 1.02 1.02 1.02 1.03 1.03 1.03 1.03 1.03 1.03 1.04 1.04 1.04 1.04 1.04 1.53 1.05 1.05 1.05 1.05 1.05 1.06 1.06 1.06 1.06 1.06 1.06 1.07 1.07 1.07 1.07 1.07 1.07 1.08 1.08 1.08 1.08 1.08 1.08 1.08 1.09 1.09 1.09 1.09 1.09 1.09 1.09 1.10 1.10 1.10 1.10 1.10 1.10 1.10 1.11 1.11 1.11 1.11 1.11 1.11 1.12 1.12 1.12 1.12 1.12 1.12 4.43 4.43 4.17 0.00
0.00 0.00 2.67 3.97 3.97 1.01 1.01 1.01 1.01 1.02 1.02 1.02 1.02 1.02 1.02 1.02 1.03 1.03 1.03 1.03 1.03 1.03 1.04 1.04 1.04 1.04 1.04 1.04 1.05 1.54 1.05 1.05 1.05 1.05 1.06 1.06 1.06 1.06 1.06 1.06 1.07 1.07 1.07 1.07 1.07 1.07 1.08 1.08 1.08 1.08 1.08 1.08 1.09 1.09 1.09 1.09 1.09 1.09 1.09 1.10 1.10 1.10 1.10 1.10 1.10 1.10 1.11 1.11 1.11 1.11 1.11 1.11 1.11 1.12 1.12 1.12 1.12 1.12 3.41 4.43 3.25 3.25 0.00 0.00
0.00 0.00 0.00 3.98 2.67 2.67 3.08 3.08 1.02 1.02 1.02 1.02 1.02 1.02 1.02 1.51 1.03 1.03 1.03 1.03 1.03 1.04 1.04 1.04 1.04 1.04 1.05 1.05 1.05 1.05 1.05 1.05 1.06 1.06 1.06 1.06 1.06 1.06 1.07 1.07 1.07 1.07 1.07 1.07 1.08 1.08 1.08 1.08 1.08 1.08 1.08 1.09 1.09 1.09 1.09 1.09 1.09 1.10 1.10 1.10 1.10 1.10 1.10 1.10 1.11 1.11 1.11 1.11 1.11 1.11 1.11 1.12 1.12 1.12 1.12 1.12 1.12 1.12 3.42 3.76 3.25 3.21 0.00 0.00
0.00 0.00 0.00 0.05 2.66 1.20 3.08 3.09 1.02 1.02 1.02 1.02 1.02 1.03 1.03 1.03 1.03 1.03 1.03 1.04 1.04 1.04 1.04 1.04 1.04 1.05 1.05 1.05 1.05 1.05 1.05 1.06 1.06 1.06 1.06 1.06 1.06 1.07 1.07 1.07 1.07 1.07 1.07 1.08 1.08 1.08 1.08 1.08 1.08 1.09 1.09 1.09 1.09 1.09 1.09 1.09 1.10 1.10 1.10 1.10 1.10 1.10 1.10 1.11 1.11 1.11 1.11 1.11 1.11 1.11 1.12 1.12 1.12 1.12 1.12 1.12 1.13 1.13 1.13 3.77 3.25 4.18 0.00 0.00
