New_Model_Runs/1_Original_run_out/post_prcessed_with_MFR/Monthly_summaries/actual_et_monthly_NOV.asc
NCOLS 700
NROWS 400
XLLCENTER 515000.000000
YLLCENTER 8409000.000000
CELLSIZE 50.000000
NODATA_value -999.000000
[rows 190 to 227 of 400, columns 168 to 251 of 700]
1.36 1.36 4.31 4.30 4.30 1.36 1.35 1.35 1.35 1.35 1.35 1.35 1.34 1.34 1.34 1.34 1.34 1.33 1.33 1.33 1.33 1.32 1.32 1.32 1.32 1.32 1.31 1.31 1.31 1.31 1.30 1.30 1.30 1.30 1.30 1.29 1.29 1.29 1.29 1.29 1.28 1.28 1.28 1.28 1.28 1.27 1.27 1.27 1.27 1.27 1.27 1.26 1.26 1.26 1.26 1.26 1.25 1.25 1.25 1.25 1.25 1.25 1.24 1.24 1.24 1.24 1.81 1.23 1.23 1.23 1.23 1.23 1.23 1.22 1.22 1.22 1.22 1.22 1.21 1.21 1.21 1.21 1.21 1.21
1.36 1.36 1.36 1.99 1.35 1.35 1.35 1.35 1.35 1.35 1.34 1.34 1.34 1.34 1.34 1.33 1.33 1.33 1.33 1.33 1.32 1.32 1.32 1.32 1.31 1.31 1.31 1.31 1.31 1.30 1.30 1.30 1.30 1.29 1.29 1.29 1.29 1.29 1.28 1.28 1.28 1.28 1.28 1.27 1.27 1.27 1.27 1.27 1.27 1.26 1.26 1.26 1.26 1.26 1.25 1.25 1.25 1.25 1.25 1.25 1.24 1.24 1.24 1.24 1.24 1.23 1.23 1.23 1.23 1.23 1.23 1.22 1.22 1.22 1.22 1.22 1.21 1.21 1.21 1.21 1.21 1.21 1.20 1.20
1.36 1.36 1.35 1.98 1.35 1.35 1.35 1.35 1.34 1.34 1.34 1.34 1.34 1.34 1.33 1.33 1.33 1.33 1.33 1.32 1.32 1.32 1.32 1.31 1.31 1.31 1.31 1.30 1.30 1.30 1.30 1.30 1.29 1.29 1.29 1.29 1.29 1.28 1.28 1.28 1.28 1.27 1.27 1.27 1.27 1.27 1.27 1.26 1.26 1.26 1.26 1.26 1.25 1.25 1.25 1.25 1.25 1.24 1.24 1.24 1.24 1.24 1.24 1.23 1.23 1.23 1.23 1.23 1.22 1.22 1.22 1.22 1.22 1.22 1.21 1.21 1.21 1.21 1.21 1.21 1.20 1.20 1.20 1.20
1.35 1.35 1.35 1.35 1.35 1.35 1.35 1.34 1.34 1.34 1.34 1.34 1.33 1.33 1.33 1.33 1.33 1.32 1.32 1.32 1.32 1.32 1.31 1.31 1.31 1.31 1.30 1.30 1.30 1.30 1.30 1.29 1.29 1.29 1.29 1.28 1.28 1.28 1.28 1.28 1.27 1.27 1.27 1.27 1.27 1.26 1.26 1.26 1.26 1.26 1.25 1.25 1.25 1.25 1.25 1.24 1.24 1.24 1.24 1.24 1.24 1.23 1.23 1.23 1.23 1.23 1.22 1.22 1.22 1.22 1.22 1.22 1.21 1.21 1.21 1.21 1.21 1.21 1.20 1.20 1.20 1.20 1.20 1.20
1.35 1.35 1.35 1.35 1.35 1.34 1.34 1.34 1.34 1.34 1.34 1.33 1.33 1.33 1.33 1.33 1.32 1.32 1.32 1.32 1.31 1.31 1.31 1.31 1.31 1.30 1.30 1.30 1.30 1.29 1.29 1.29 1.29 1.29 1.28 1.28 1.28 1.28 1.27 1.27 1.27 1.27 1.27 1.26 1.26 1.26 1.26 1.26 1.25 1.25 1.25 1.25 1.25 1.25 1.24 1.24 1.24 1.24 1.24 1.23 1.23 1.23 1.23 1.23 1.22 1.22 1.22 1.22 1.22 1.22 1.21 1.21 1.21 1.21 1.21 1.21 1.20 1.20 1.20 1.20 1.20 1.20 1.19 1.19
1.35 1.35 1.35 1.34 1.34 1.34 1.34 1.34 1.34 1.33 1.33 1.33 1.33 1.33 1.32 1.32 1.32 1.32 1.32 1.31 1.31 1.31 1.31 1.31 1.30 1.30 1.30 1.30 1.29 1.29 1.29 1.29 1.28 1.28 1.28 1.28 1.28 1.27 1.27 1.27 1.27 1.27 1.26 1.26 1.26 1.26 1.26 1.25 1.25 1.25 1.25 1.25 1.24 1.24 1.24 1.24 1.24 1.23 1.23 1.23 1.23 1.23 1.22 1.22 1.22 1.22 1.22 1.22 1.21 1.21 1.21 1.21 1.21 1.21 1.20 1.20 1.20 1.20 1.20 1.20 1.19 1.19 1.19 1.19
1.35 1.34 1.34 1.34 1.34 1.34 1.34 1.33 1.33 1.33 1.33 1.33 1.33 1.32 1.32 1.32 1.32 1.32 1.31 1.31 1.31 1.31 1.30 1.30 1.30 1.30 1.30 1.29 1.29 1.29 1.29 1.28 1.28 1.28 1.28 1.27 1.27 1.27 1.27 1.27 1.26 1.26 1.26 1.26 1.26 1.25 1.25 1.25 1.25 1.25 1.24 1.24 1.24 1.24 1.24 1.23 1.23 1.23 1.23 1.23 1.22 1.22 1.22 1.22 1.22 1.22 1.21 1.21 1.21 1.21 1.21 1.21 1.20 1.20 1.20 1.20 1.20 1.20 1.19 1.19 1.19 1.19 1.19 1.19
1.34 1.34 1.34 1.34 1.34 1.34 1.33 1.33 1.33 1.33 1.33 1.32 1.32 1.32 1.32 1.32 1.31 1.31 1.31 1.31 1.31 1.30 1.30 1.30 1.30 1.29 1.29 1.29 1.29 1.29 1.28 1.28 1.28 1.28 1.27 1.27 1.27 1.27 1.27 1.26 1.26 1.26 1.26 1.25 1.25 1.25 1.25 1.25 1.24 1.24 1.24 1.24 1.24 1.23 1.23 1.23 1.23 1.23 1.22 1.22 1.22 1.22 1.22 1.22 1.21 1.21 1.21 1.21 1.21 1.21 1.20 1.20 1.20 1.20 1.20 1.20 1.19 1.19 1.19 1.19 1.19 1.19 1.18 1.18
1.34 1.34 1.34 1.34 1.33 1.33 1.33 1.33 1.33 1.33 1.32 1.32 1.32 1.32 1.32 1.31 1.31 1.31 1.31 1.31 1.30 1.30 1.30 1.30 1.29 1.29 1.29 1.29 1.28 1.28 1.28 1.28 1.28 1.27 1.27 1.27 1.27 1.26 1.26 1.26 1.26 1.26 1.25 1.25 1.25 1.25 1.25 1.24 1.24 1.24 1.24 1.24 1.23 1.23 1.23 1.23 1.23 1.22 1.22 1.22 1.22 1.22 1.21 1.21 1.21 1.21 1.21 1.21 1.20 1.20 1.20 1.20 1.20 1.20 1.19 1.19 1.19 1.19 1.19 1.19 1.18 1.18 1.18 1.18
1.34 1.34 1.33 1.33 1.33 1.33 1.33 1.33 1.32 1.32 1.32 1.32 1.32 1.32 1.31 1.31 1.31 1.31 1.30 1.30 1.30 1.30 1.30 1.29 1.29 1.29 1.29 1.28 1.28 1.28 1.28 1.27 1.27 1.27 1.27 1.27 1.26 1.26 1.26 1.26 1.25 1.25 1.25 1.25 1.25 1.24 1.24 1.24 1.24 1.24 1.23 1.23 1.23 1.23 1.23 1.22 1.22 1.22 1.22 1.22 1.21 1.21 1.21 1.21 1.21 1.21 1.20 1.20 1.20 1.20 1.20 1.20 1.19 1.19 1.19 1.19 1.19 1.19 1.18 1.18 1.18 1.18 1.18 1.18
1.33 1.33 1.33 1.33 1.33 1.33 1.32 1.32 1.32 1.32 1.32 1.32 1.31 1.31 1.31 1.31 1.31 1.30 1.30 1.30 1.30 1.30 1.29 1.29 1.29 1.29 1.28 1.28 1.28 1.28 1.27 1.27 1.27 1.27 1.26 1.26 1.26 1.26 1.26 1.25 1.25 1.25 1.25 1.25 1.24 1.24 1.24 1.24 1.24 1.23 1.23 1.23 1.23 1.23 1.22 1.22 1.22 1.22 1.22 1.21 1.21 1.21 1.21 1.21 1.20 1.20 1.20 1.20 1.20 1.20 1.19 1.19 1.19 1.19 1.19 1.19 1.19 1.18 1.18 1.18 1.18 1.18 1.18 1.17
1.33 1.33 1.33 1.33 1.33 1.32 1.32 1.32 1.32 1.32 1.31 1.31 1.31 1.31 1.31 1.31 1.30 1.30 1.30 1.30 1.29 1.29 1.29 1.29 1.29 1.28 1.28 1.28 1.28 1.27 1.27 1.27 1.27 1.26 1.26 1.26 1.26 1.26 1.25 1.25 1.25 1.25 1.24 1.24 1.24 1.24 1.24 1.23 1.23 1.23 1.23 1.23 1.22 1.22 1.22 1.22 1.22 1.21 1.21 1.21 1.21 1.21 1.20 1.20 1.20 1.20 1.20 1.20 1.19 1.19 1.19 1.19 1.19 1.19 1.19 1.18 1.18 1.18 1.18 1.18 1.18 1.17 1.17 1.17
1.33 1.33 1.33 1.32 1.32 1.32 1.32 1.32 1.32 1.31 1.31 1.31 1.31 1.31 1.30 1.30 1.30 1.30 1.30 1.29 1.29 1.29 1.29 1.28 1.28 1.28 1.28 1.28 1.27 1.27 1.27 1.27 1.26 1.26 1.26 1.26 1.25 1.25 1.25 1.25 1.25 1.24 1.24 1.24 1.24 1.24 1.23 1.23 1.23 1.23 1.23 1.22 1.22 1.22 1.22 1.22 1.21 1.21 1.21 1.21 1.21 1.20 1.20 1.20 1.20 1.20 1.20 1.19 1.19 1.19 1.19 1.19 1.19 1.18 1.18 1.18 1.18 1.18 1.18 1.18 1.17 1.17 1.17 1.17
1.33 1.32 1.32 1.32 1.32 1.32 1.32 1.31 1.31 1.31 1.31 1.31 1.31 1.30 1.30 1.30 1.30 1.30 1.29 1.29 1.29 1.29 1.28 1.28 1.28 1.28 1.27 1.27 1.27 1.27 1.27 1.26 1.26 1.26 1.26 1.25 1.25 1.25 1.25 1.25 1.24 1.24 1.24 1.24 1.23 1.23 1.23 1.23 1.23 1.22 1.22 1.22 1.22 1.22 1.21 1.21 1.21 1.21 1.21 1.20 1.20 1.20 1.20 1.20 1.20 1.19 1.19 1.19 1.19 1.19 1.19 1.18 1.18 1.18 1.18 1.18 1.18 1.18 1.17 1.17 1.17 1.17 1.17 1.17
1.32 1.32 1.32 1.32 1.32 1.32 1.31 1.31 1.31 1.31 1.31 1.30 1.30 1.30 1.30 1.30 1.29 1.29 1.29 1.29 1.29 1.28 1.28 1.28 1.28 1.27 1.27 1.27 1.27 1.26 1.26 1.26 1.26 1.26 1.25 1.25 1.25 1.25 1.24 1.24 1.24 1.24 1.24 1.23 1.23 1.23 1.23 1.23 1.22 1.22 1.22 1.22 1.22 1.21 1.21 1.21 1.21 1.21 1.20 1.20 1.20 1.20 1.20 1.19 1.19 1.19 1.19 1.19 1.19 1.19 1.18 1.18 1.18 1.18 1.18 1.18 1.18 1.17 1.17 1.17 1.17 1.17 1.17 1.16
1.32 1.32 1.32 1.32 1.31 1.31 1.31 1.31 1.31 1.31 1.30 1.30 1.30 1.30 1.30 1.29 1.29 1.29 1.29 1.28 1.28 1.28 1.28 1.28 1.27 1.27 1.27 1.27 1.26 1.26 1.26 1.26 1.26 1.25 1.25 1.25 1.25 1.24 1.24 1.24 1.24 1.24 1.23 1.23 1.23 1.23 1.23 1.22 1.22 1.22 1.22 1.22 1.21 1.21 1.21 1.21 1.21 1.20 1.20 1.20 1.20 1.20 1.19 1.19 1.19 1.19 1.19 1.19 1.18 1.18 1.18 1.18 1.18 1.18 1.18 1.18 1.17 1.17 1.17 1.17 1.17 1.17 1.16 1.16
1.32 1.32 1.31 1.31 1.31 1.31 1.31 1.31 1.30 1.30 1.30 1.30 1.30 1.29 1.29 1.29 1.29 1.29 1.28 1.28 1.28 1.28 1.28 1.27 1.27 1.27 1.27 1.26 1.26 1.26 1.26 1.25 1.25 1.25 1.25 1.25 1.24 1.24 1.24 1.24 1.24 1.23 1.23 1.23 1.23 1.22 1.22 1.22 1.22 1.22 1.21 1.21 1.21 1.21 1.21 1.20 1.20 1.20 1.20 1.20 1.20 1.19 1.19 1.19 1.19 1.19 1.19 1.18 1.18 1.18 1.18 1.18 1.18 1.18 1.17 1.17 1.17 1.17 1.17 1.17 1.17 1.16 1.16 1.16
1.32 1.31 1.31 1.31 1.31 1.31 1.31 1.30 1.30 1.30 1.30 1.30 1.29 1.29 1.29 1.29 1.29 1.28 1.28 1.28 1.28 1.27 1.27 1.27 1.27 1.27 1.26 1.26 1.26 1.26 1.25 1.25 1.25 1.25 1.25 1.24 1.24 1.24 1.24 1.23 1.23 1.23 1.23 1.23 1.22 1.22 1.22 1.22 1.22 1.21 1.21 1.21 1.21 1.21 1.20 1.20 1.20 1.20 1.20 1.20 1.19 1.19 1.19 1.19 1.19 1.19 1.18 1.18 1.18 1.18 1.18 1.18 1.18 1.17 1.17 1.17 1.17 1.17 1.17 1.17 1.16 1.16 1.16 1.16
1.31 1.31 1.31 1.31 1.31 1.30 1.30 1.30 1.30 1.30 1.30 1.29 1.29 1.29 1.29 1.29 1.28 1.28 1.28 1.28 1.27 1.87 1.27 1.27 1.27 1.26 1.26 1.26 1.26 1.25 1.25 4.91 1.25 1.24 1.24 1.24 1.24 1.24 1.23 1.23 1.23 1.23 1.23 1.22 1.22 1.22 1.22 1.22 1.21 1.21 1.21 1.21 1.21 1.20 1.20 1.20 1.20 1.20 1.20 1.19 1.19 1.19 1.19 1.19 1.19 1.18 1.18 1.18 1.18 1.18 1.18 1.18 1.17 1.17 1.17 1.17 1.17 1.17 1.17 1.17 1.16 1.16 1.16 1.16
1.31 1.31 1.31 1.31 1.30 1.30 1.30 1.30 1.30 1.29 1.29 1.29 1.29 1.29 1.28 1.28 1.28 1.28 1.87 4.24 4.23 1.27 1.27 1.26 1.26 1.26 1.26 1.26 1.25 1.25 1.25 1.25 1.24 1.24 1.24 1.24 1.24 1.23 1.23 1.23 1.23 1.23 1.22 1.22 1.22 1.22 1.22 1.21 1.21 1.21 1.21 1.21 1.20 1.20 1.20 1.20 1.20 1.20 1.19 1.19 1.19 1.19 1.19 1.18 1.18 1.18 1.18 1.18 1.18 1.18 1.18 1.17 1.17 1.17 1.17 1.17 1.17 1.17 1.17 1.16 1.16 1.16 1.16 1.16
1.31 1.31 1.30 1.30 1.30 1.30 1.30 1.30 1.29 1.29 1.29 1.29 1.29 1.28 1.28 1.28 1.28 1.28 4.24 4.23 4.22 1.27 1.26 1.26 1.26 1.26 1.26 1.25 1.25 1.25 1.25 1.82 1.24 1.24 1.24 1.24 1.23 1.23 1.23 1.23 1.23 1.22 1.22 1.22 1.22 1.22 1.21 1.21 1.21 1.21 1.21 1.20 1.20 1.20 1.20 1.20 1.20 1.19 1.19 1.19 1.19 1.19 1.19 1.18 1.18 1.18 1.18 1.18 1.18 1.18 1.17 1.17 1.17 1.17 1.17 1.17 1.17 1.17 1.16 1.16 1.16 1.16 1.16 1.16
1.31 1.30 1.30 1.30 1.30 1.30 1.30 1.29 1.29 1.29 1.29 1.29 1.28 1.28 1.28 1.28 1.27 4.21 4.20 4.22 1.27 1.26 1.26 1.26 1.26 1.25 4.15 4.14 4.16 1.25 1.24 1.24 1.24 1.24 1.24 1.23 1.23 1.23 1.23 1.23 1.22 1.22 1.22 1.22 1.22 1.21 1.21 1.21 1.21 1.21 1.20 1.20 1.20 1.20 1.20 1.20 1.19 1.19 1.19 1.19 1.19 1.19 1.18 1.18 1.18 1.18 1.18 1.18 1.18 1.17 1.17 1.17 1.17 1.17 1.17 1.17 1.17 1.17 1.16 1.16 1.16 1.16 1.16 1.16
1.30 1.30 1.30 1.30 1.30 1.29 1.29 1.29 1.29 1.29 1.29 1.28 1.28 1.28 1.87 1.27 1.27 1.27 4.19 4.19 4.21 1.26 1.26 1.26 1.25 4.14 4.14 4.13 4.15 4.89 4.13 1.24 1.24 1.23 1.23 1.23 1.23 1.23 1.22 1.22 1.22 1.22 1.22 1.22 1.21 1.21 1.21 1.21 1.21 1.20 1.20 1.20 1.20 1.20 1.20 1.19 1.19 1.19 1.19 1.19 1.19 1.18 1.18 1.18 1.18 1.18 1.18 1.18 1.17 1.17 1.17 1.17 1.17 1.17 1.17 1.17 1.17 1.17 1.16 1.16 1.16 1.16 1.16 1.16
1.30 1.30 1.30 1.30 1.29 1.29 1.29 1.29 1.29 1.28 1.28 1.28 1.28 1.28 4.24 4.24 3.85 4.19 4.19 4.92 4.17 4.16 1.26 1.25 1.84 4.14 4.13 4.12 4.14 4.88 4.13 1.81 1.23 1.23 1.23 1.23 1.23 1.22 1.22 1.22 1.22 1.22 1.22 1.21 1.21 1.21 1.21 1.21 1.20 1.20 1.20 1.20 1.20 1.20 1.19 1.19 1.19 1.19 1.19 1.19 1.18 1.18 1.18 1.18 1.18 1.18 1.18 1.18 1.17 1.17 1.17 1.17 1.17 1.17 1.17 1.17 1.17 1.17 1.16 1.16 1.16 1.16 1.16 1.16
1.30 1.30 1.30 1.29 1.29 1.29 1.29 1.29 1.28 1.28 1.28 1.28 4.25 4.24 4.21 4.20 3.84 3.84 4.92 1.85 4.16 4.16 1.25 4.14 4.14 4.13 4.12 4.12 4.11 4.13 4.12 3.74 1.23 1.23 1.23 1.23 1.22 1.22 1.22 1.22 1.22 1.22 1.21 1.21 1.21 1.21 1.21 1.20 1.20 1.20 1.20 1.20 1.20 1.19 1.19 1.19 1.19 1.19 1.19 1.18 1.18 1.18 1.18 1.18 1.18 1.18 1.18 1.17 1.17 1.17 1.17 1.17 1.17 1.17 1.17 1.17 1.17 1.17 1.16 1.16 1.16 1.16 1.16 1.16
1.30 1.30 1.29 1.29 1.29 1.29 1.29 1.28 1.28 1.28 1.28 4.25 4.24 4.23 4.20 4.19 3.84 3.40 4.17 1.85 1.84 1.25 1.25 1.83 4.13 4.12 4.12 4.11 4.10 4.10 4.11 1.81 1.23 1.23 1.23 1.22 1.22 1.22 1.22 1.22 1.22 1.21 1.21 1.21 1.21 1.21 1.21 1.20 1.20 1.20 1.20 1.20 1.19 1.19 1.19 1.19 1.19 1.19 1.19 1.18 1.18 1.18 1.18 1.18 1.18 1.18 1.18 1.17 1.17 1.17 1.17 1.17 1.17 1.17 1.17 1.17 1.17 1.17 1.17 1.16 1.16 1.16 1.16 1.16
1.30 1.29 1.29 1.29 1.29 1.29 1.28 1.28 1.28 1.28 1.28 4.24 4.23 4.23 4.19 4.19 4.18 1.47 4.16 4.16 4.15 4.14 4.14 4.13 4.12 4.12 4.11 4.84 3.92 3.91 1.23 1.23 1.23 1.23 1.22 1.22 1.22 1.22 1.22 1.22 1.21 1.21 1.21 1.21 1.21 1.21 1.20 1.20 1.20 1.20 1.20 1.20 1.19 1.19 1.19 1.19 1.19 1.19 1.18 1.18 1.18 1.18 1.18 1.18 1.18 1.18 1.17 1.17 1.17 3.71 1.17 1.17 1.17 1.17 1.17 1.17 1.17 1.17 1.17 1.17 1.16 1.16 1.16 1.16
1.29 1.29 1.29 1.29 1.29 1.28 1.28 1.28 1.28 1.28 1.27 1.27 4.23 4.22 4.19 4.18 4.17 4.17 3.81 4.15 4.14 4.14 4.13 4.12 4.12 4.11 4.84 4.83 3.91 1.23 1.23 1.23 1.23 1.22 1.22 1.22 1.22 1.22 1.22 1.21 1.21 1.21 1.21 1.21 1.21 1.20 1.20 1.20 1.20 1.20 1.20 1.19 1.19 1.19 1.19 1.19 1.19 1.18 1.18 1.18 1.18 1.18 1.18 1.18 1.18 1.18 1.17 1.17 1.17 1.17 1.17 1.17 1.17 1.17 1.17 1.17 1.17 1.17 1.17 1.17 1.17 1.16 1.16 1.16
1.29 1.29 1.29 1.29 1.28 1.28 1.28 1.28 1.28 1.27 1.27 4.20 4.19 4.19 4.18 4.17 4.91 4.16 1.84 1.84 4.14 4.13 4.12 4.85 4.85 4.84 4.83 4.82 1.23 3.90 1.23 1.23 1.22 1.22 1.22 1.22 1.22 1.22 1.21 1.21 1.21 1.21 1.21 1.21 1.20 1.20 1.20 1.20 1.20 1.20 1.19 1.19 1.19 1.19 1.19 1.19 1.19 1.18 1.18 1.18 1.18 1.18 1.18 1.18 1.18 1.18 1.17 1.17 1.17 1.17 1.17 1.17 1.17 1.17 1.17 1.17 1.17 1.17 1.17 1.17 1.17 1.17 1.16 1.16
1.29 1.29 1.29 1.29 1.28 1.28 1.28 1.28 1.27 1.27 4.20 4.19 4.19 3.83 3.83 4.17 4.90 3.81 4.15 3.96 4.13 1.25 4.86 4.85 4.84 4.83 4.83 1.23 1.23 1.23 1.23 1.23 1.22 1.22 1.22 1.22 1.22 1.21 1.78 1.21 1.21 1.21 1.21 1.20 1.20 1.20 1.20 1.20 1.20 1.20 1.19 1.19 1.19 1.19 1.19 1.19 1.19 1.18 1.18 1.18 1.18 1.18 1.18 1.18 1.18 1.18 1.17 1.17 1.17 1.17 1.17 1.17 1.17 1.17 1.17 1.17 1.17 1.17 1.17 1.17 1.17 1.17 1.17 1.17
1.29 1.29 1.29 1.28 1.28 1.28 1.28 1.28 1.27 1.27 1.27 4.19 4.18 3.83 4.91 4.90 4.15 4.15 4.14 3.95 3.95 1.24 4.85 4.84 4.84 4.83 4.82 1.81 1.23 1.23 1.23 1.22 1.22 1.22 1.22 1.22 1.21 1.21 1.21 1.77 1.21 1.21 1.21 1.20 1.20 3.98 4.00 1.20 1.20 1.19 1.19 1.19 1.19 1.19 1.19 1.19 1.18 1.18 1.18 1.18 1.18 1.18 1.18 1.18 1.18 1.18 1.17 1.17 1.17 1.17 1.17 1.17 1.17 1.17 1.17 1.17 1.17 1.17 1.17 1.17 1.17 1.17 1.17 1.17
1.29 1.29 1.28 1.28 1.28 1.28 1.28 1.27 1.27 1.27 1.27 1.27 4.18 4.17 4.94 4.93 4.15 4.14 4.14 3.78 1.24 1.24 1.24 4.84 4.83 4.82 3.74 4.08 1.80 4.06 1.22 4.07 1.22 1.22 1.22 1.22 1.21 1.21 1.78 1.77 1.21 1.21 1.20 1.20 3.99 3.98 3.99 1.20 1.20 1.19 1.19 1.19 1.19 1.19 1.19 1.19 1.18 1.18 1.18 1.18 1.18 1.18 1.18 1.18 1.18 1.18 1.17 1.17 1.17 1.17 1.17 1.17 1.17 1.17 1.17 1.17 1.17 1.17 1.17 1.17 1.17 1.17 1.17 1.17
1.29 1.29 1.28 1.28 1.28 1.28 1.27 1.27 1.27 1.27 1.27 1.26 1.85 4.19 4.90 4.89 4.15 4.14 4.13 3.78 3.77 1.24 4.10 4.10 4.09 4.82 4.08 4.07 1.23 4.06 4.05 1.22 1.22 1.22 1.22 4.05 1.78 1.21 1.77 1.77 1.21 4.00 3.99 3.99 3.98 3.98 3.99 1.20 1.20 1.19 1.19 1.19 1.19 1.19 1.19 1.19 1.18 1.18 1.18 1.18 1.18 1.18 1.18 1.18 1.18 1.18 1.18 3.72 3.72 1.17 1.17 1.17 1.18 1.18 1.18 1.18 1.18 1.18 1.18 1.18 1.18 1.18 1.17 1.17
1.29 1.28 1.28 1.28 1.28 1.28 1.27 1.27 1.27 1.27 1.26 4.20 4.19 4.18 4.88 4.87 4.16 4.13 4.13 4.12 3.77 4.11 4.10 4.09 4.82 4.08 4.07 4.07 4.06 4.06 4.05 1.79 4.04 4.03 1.22 4.02 4.02 4.01 4.01 4.01 4.00 4.00 3.99 3.99 3.98 3.98 1.20 1.20 1.19 1.19 1.19 1.19 1.19 1.19 1.19 1.18 1.18 1.18 1.18 1.18 1.18 1.18 1.18 3.73 3.73 3.72 3.72 3.72 3.72 3.72 3.72 3.72 3.73 3.73 1.18 1.18 1.18 1.18 1.18 1.18 1.18 1.18 1.18 1.18
1.29 1.28 1.28 1.28 1.28 1.27 1.27 1.27 1.27 1.27 1.26 1.26 4.19 4.18 4.87 4.87 4.16 4.15 4.14 4.14 4.13 4.10 4.10 4.84 4.82 4.08 4.07 4.07 1.22 1.22 4.05 3.70 1.79 4.03 4.03 4.02 4.02 4.01 4.01 4.00 4.00 3.99 3.99 3.99 1.20 1.20 1.20 1.20 1.19 1.19 1.19 1.19 1.19 1.19 1.19 1.18 1.18 1.18 1.18 1.18 1.18 1.18 1.18 3.73 3.73 3.73 3.73 3.73 3.73 3.73 3.73 3.73 1.18 1.18 1.18 1.18 1.18 1.18 1.18 1.18 1.18 1.18 1.18 1.18
1.28 1.28 1.28 1.28 1.28 1.27 1.27 1.27 1.27 1.27 1.26 1.26 4.18 4.18 4.17 3.62 4.86 4.15 4.14 4.13 4.13 4.12 4.11 4.11 4.08 4.08 4.07 4.06 4.06 4.05 4.05 3.70 4.04 4.03 4.03 4.02 4.02 4.01 4.01 4.00 4.00 3.99 3.99 3.99 3.98 3.98 3.97 3.97 3.96 3.96 3.95 3.95 3.95 3.94 3.94 1.18 1.18 1.18 1.18 1.18 1.18 1.18 1.18 3.73 3.73 3.73 3.73 1.18 1.18 3.73 1.18 1.18 1.18 1.18 1.18 1.18 1.18 1.18 1.18 1.18 1.18 1.18 1.18 1.18
1.28 1.28 1.28 1.28 1.28 1.27 1.27 1.27 1.27 1.26 1.26 4.19 4.18 3.81 4.17 3.79 4.85 4.14 4.14 4.13 4.12 4.12 4.11 4.10 4.10 4.09 4.09 1.23 4.06 4.05 4.05 4.04 4.03 4.03 4.02 4.02 4.02 4.01 4.01 4.00 4.00 3.99 3.99 3.98 3.98 3.98 3.97 3.97 3.96 3.96 3.95 3.95 4.66 3.94 3.94 3.75 1.18 1.18 1.18 1.18 1.18 1.18 1.18 3.73 3.73 1.18 1.18 1.18 3.73 3.73 3.73 3.74 1.18 1.18 1.18 1.18 1.18 1.18 1.19 1.19 1.19 1.19 1.19 1.19
1.28 1.28 1.28 1.28 1.27 1.27 1.27 1.27 1.27 4.20 4.19 3.82 3.81 4.17 4.16 4.16 4.85 4.14 1.24 4.13 4.12 4.12 3.75 4.81 4.10 4.09 4.08 4.08 4.07 4.07 4.06 3.70 4.03 4.03 4.02 4.02 4.02 4.01 4.01 4.00 4.00 3.99 3.99 3.99 3.98 3.98 3.97 3.97 3.96 3.96 3.96 3.95 3.95 3.94 4.65 3.75 3.93 3.75 1.18 1.18 1.18 3.93 1.18 1.18 3.73 1.18 1.18 1.18 3.74 1.18 1.18 1.18 1.18 1.18 1.18 1.19 1.19 1.19 1.19 1.19 1.19 1.19 1.19 1.19
