New_Model_Runs/1_Original_run_out/post_prcessed_with_MFR/Monthly_summaries/actual_et_monthly_MAR.asc
NCOLS 700
NROWS 400
XLLCENTER 515000.000000
YLLCENTER 8409000.000000
CELLSIZE 50.000000
NODATA_value -999.000000
[rows 228 to 265 of 400, columns 84 to 167 of 700]
1.30 1.30 1.30 1.29 1.29 1.29 1.29 1.29 1.29 1.29 1.29 1.28 1.28 1.28 1.28 1.28 1.28 1.27 1.27 1.27 1.27 1.27 1.26 1.26 1.26 1.26 1.25 1.25 1.25 1.25 1.24 1.24 1.24 1.24 1.23 1.23 1.23 1.23 1.22 1.22 1.22 1.22 1.21 1.21 1.21 1.21 1.20 1.20 1.20 1.20 1.19 1.19 1.19 1.19 1.19 1.19 1.18 1.18 1.18 1.18 1.18 1.18 1.18 1.18 1.18 1.17 1.17 1.17 1.17 1.17 1.17 1.17 1.17 1.17 1.17 1.17 1.17 1.17 1.17 1.17 1.17 1.16 1.16 1.16
1.30 1.30 1.30 1.29 1.29 1.29 1.29 1.29 1.29 1.29 1.28 1.28 1.28 1.28 1.28 1.28 1.27 1.27 1.27 1.27 1.27 1.27 1.26 1.26 1.26 1.26 1.25 1.25 1.25 1.25 1.24 1.24 1.24 1.24 1.23 1.23 1.23 1.22 1.22 1.22 1.22 1.21 1.21 1.21 1.21 1.20 1.20 1.20 1.20 1.20 1.19 1.19 1.19 1.19 1.19 1.19 1.18 1.18 1.18 1.18 1.18 1.18 1.18 1.18 1.18 1.17 1.17 1.17 1.17 1.17 1.17 1.17 1.17 1.17 1.17 1.17 1.17 1.17 1.17 1.17 1.17 1.16 1.16 1.16
1.30 1.30 1.30 1.29 1.29 1.29 1.29 1.29 1.29 1.29 1.28 1.28 1.28 1.28 1.28 1.28 1.27 1.27 1.27 1.27 1.27 1.26 1.26 1.26 1.26 1.26 1.25 1.25 1.25 1.25 1.24 1.24 1.24 1.23 1.23 1.23 1.23 1.22 1.22 1.22 1.22 1.21 1.21 1.21 1.21 1.20 1.20 1.20 1.20 1.20 1.19 1.19 1.19 1.19 1.19 1.19 1.18 1.18 1.18 1.18 1.18 1.18 1.18 1.18 1.17 1.17 1.17 1.17 1.17 1.17 1.17 1.17 1.17 1.17 1.17 1.17 1.17 1.17 1.17 1.17 1.16 1.16 1.16 1.16
1.30 1.30 1.29 1.29 1.29 1.29 1.29 1.29 1.29 1.29 1.28 1.28 1.28 1.28 1.28 1.28 1.27 1.27 1.27 1.27 1.27 1.26 1.26 1.26 1.26 1.25 1.25 1.25 1.25 1.24 1.24 1.24 1.24 1.23 1.23 1.23 1.23 1.22 1.22 1.22 1.22 1.21 1.21 1.21 1.21 1.20 1.20 1.20 1.20 1.20 1.19 1.19 1.19 1.19 1.19 1.18 1.18 1.18 1.18 1.18 1.18 1.18 1.18 1.18 1.17 1.17 1.17 1.17 1.17 1.17 1.17 1.17 1.17 1.17 1.17 1.17 1.17 1.17 1.17 1.16 1.16 1.16 1.16 1.16
1.30 1.30 1.29 1.29 1.29 1.29 1.29 1.29 1.29 1.28 1.28 1.28 1.28 1.28 1.28 1.27 1.27 1.27 1.27 1.27 1.26 1.26 1.26 1.26 1.26 1.25 1.25 1.25 1.25 1.24 1.24 1.24 1.24 1.23 1.23 1.23 1.23 1.22 1.22 1.22 1.22 1.21 1.21 1.21 1.21 1.20 1.20 1.20 1.20 1.19 1.19 1.19 1.19 1.19 1.19 1.18 1.18 1.18 1.18 1.18 1.18 1.18 1.18 1.17 1.17 1.17 1.17 1.17 1.17 1.17 1.17 1.17 1.17 1.17 1.17 1.17 1.17 1.17 1.17 1.16 1.16 1.16 1.16 1.16
1.30 1.30 1.29 1.29 1.29 1.29 1.29 1.29 1.29 1.28 1.28 1.28 1.28 1.28 1.28 1.27 1.27 1.27 1.27 1.27 1.26 1.26 1.26 1.26 1.26 1.25 1.25 1.25 1.25 1.24 1.24 1.24 1.24 1.23 1.23 1.23 1.23 1.22 1.22 1.22 1.21 1.21 1.21 1.21 1.21 1.20 1.20 1.20 1.20 1.19 1.19 1.19 1.19 1.19 1.19 1.18 1.18 1.18 1.18 1.18 1.18 1.18 1.18 1.17 1.17 1.17 1.17 1.17 1.17 1.17 1.17 1.17 1.17 1.17 1.17 1.17 1.17 1.17 1.16 1.16 1.16 1.16 1.16 1.16
1.30 1.30 1.29 1.29 1.29 1.29 1.29 1.29 1.29 1.28 1.28 1.28 1.28 1.28 1.28 1.27 1.27 1.27 1.27 1.27 1.26 1.26 1.26 1.26 1.25 1.25 1.25 1.25 1.25 1.24 1.24 1.24 1.24 1.23 1.23 1.23 1.22 1.22 1.22 1.22 1.21 1.21 1.21 1.21 1.21 1.20 1.20 1.20 1.20 1.19 1.19 1.19 1.19 1.19 1.19 1.18 1.18 1.18 1.18 1.18 1.18 1.18 1.18 1.17 1.17 1.17 1.17 1.17 1.17 1.17 1.17 1.17 1.17 1.17 1.17 1.17 1.17 1.17 1.16 1.16 1.16 1.16 1.16 1.16
1.30 1.29 1.29 1.29 1.29 1.29 1.29 1.29 1.28 1.28 1.28 1.28 1.28 1.28 1.27 1.27 1.27 1.27 1.27 1.27 1.26 1.26 1.26 1.26 1.25 1.25 1.25 1.25 1.24 1.24 1.24 1.24 1.23 1.23 1.23 1.23 1.22 1.22 1.22 1.22 1.21 1.21 1.21 1.21 1.20 1.20 1.20 1.20 1.20 1.19 1.19 1.19 1.19 1.19 1.19 1.18 1.18 1.18 1.18 1.18 1.18 1.18 1.18 1.17 1.17 1.17 1.17 1.17 1.17 1.17 1.17 1.17 1.17 1.17 1.17 1.17 1.17 1.16 1.16 1.16 1.16 1.16 1.16 1.16
1.30 1.29 1.29 1.29 1.29 1.29 1.29 1.29 1.28 1.28 1.28 1.28 1.28 1.28 1.27 1.27 1.27 1.27 1.27 1.26 1.26 1.26 1.26 1.26 1.25 1.25 1.25 1.25 1.24 1.24 1.24 1.24 1.23 1.23 1.23 1.23 1.22 1.22 1.22 1.22 1.21 1.21 1.21 1.21 1.20 1.20 1.20 1.20 1.20 1.19 1.19 1.19 1.19 1.19 1.19 1.18 1.18 1.18 1.18 1.18 1.18 1.18 1.18 1.17 1.17 1.17 1.17 1.17 1.17 1.17 1.17 1.17 1.17 1.17 1.17 1.17 1.17 1.16 1.16 1.16 1.16 1.16 1.16 1.16
1.30 1.29 1.29 1.29 1.29 1.29 1.29 1.29 1.28 1.28 1.28 1.28 1.28 1.28 1.27 1.27 1.27 1.27 1.27 1.26 1.26 1.26 1.26 1.26 1.25 1.25 1.25 1.25 1.24 1.24 1.24 1.24 1.23 1.23 1.23 1.23 1.22 1.22 1.22 1.22 1.21 1.21 1.21 1.21 1.20 1.20 1.20 1.20 1.20 1.19 1.19 1.19 1.19 1.19 1.19 1.18 1.18 1.18 1.18 1.18 1.18 1.18 1.18 1.17 1.17 1.17 1.17 1.17 1.17 1.17 1.17 1.17 1.17 1.17 1.17 1.17 1.17 1.16 1.16 1.16 1.16 1.16 1.16 1.16
1.30 1.29 1.29 1.29 1.29 1.29 1.29 1.29 1.28 1.28 1.28 1.28 1.28 1.28 1.27 1.27 1.27 1.27 1.27 1.26 1.26 1.26 1.26 1.26 1.25 1.25 1.25 1.25 1.24 1.24 1.24 1.24 1.23 1.23 1.23 1.23 1.22 1.22 1.22 1.22 1.21 1.21 1.21 1.21 1.20 1.20 1.20 1.20 1.20 1.19 1.19 1.19 1.19 1.19 1.19 1.18 1.18 1.18 1.18 1.18 1.18 1.18 1.18 1.17 1.17 1.17 1.17 1.17 1.17 1.17 1.17 1.17 1.17 1.17 1.17 1.17 1.17 1.16 1.16 1.16 1.16 1.16 1.16 1.16
1.30 1.29 1.29 1.29 1.29 1.29 1.29 1.28 1.28 1.28 1.28 1.28 1.28 1.27 1.27 1.27 1.27 1.27 1.27 1.26 1.26 1.26 1.26 1.25 1.25 1.25 1.25 1.25 1.24 1.24 1.24 1.24 1.23 1.23 1.23 1.23 1.22 1.22 1.22 1.22 1.21 1.21 1.21 1.21 1.21 1.20 1.20 1.20 1.20 1.19 1.19 1.19 1.19 1.19 1.19 1.18 1.18 1.18 1.18 1.18 1.18 1.18 1.18 1.18 1.17 1.17 1.17 1.17 1.17 1.17 1.17 1.17 1.17 1.17 1.17 1.17 1.17 1.16 1.16 1.16 1.16 1.16 1.16 1.16
1.30 1.29 1.29 1.29 1.29 1.29 1.29 1.28 1.28 1.28 1.28 1.28 1.28 1.27 1.27 1.27 1.27 1.27 1.27 1.26 1.26 1.26 1.26 1.25 1.25 1.25 1.25 1.25 1.24 1.24 1.24 1.24 1.23 1.23 1.23 1.23 1.22 1.22 1.22 1.22 1.21 1.21 1.21 1.21 1.21 1.20 1.20 1.20 1.20 1.20 1.19 1.19 1.19 1.19 1.19 1.19 1.18 1.18 1.18 1.18 1.18 1.18 1.18 1.18 1.17 1.17 1.17 1.17 1.17 1.17 1.17 1.17 1.17 1.17 1.17 1.17 1.16 1.16 1.16 1.16 1.16 1.16 1.16 1.16
1.30 1.29 1.29 1.29 1.29 1.29 1.29 1.28 1.28 1.28 1.28 1.28 1.28 1.27 1.27 1.27 1.27 1.27 1.26 1.26 1.26 1.26 1.26 1.25 1.25 1.25 1.25 1.25 1.24 1.24 1.24 1.24 1.23 1.23 1.23 1.23 1.22 1.22 1.22 1.22 1.21 1.21 1.21 1.21 1.21 1.20 1.20 1.20 1.20 1.20 1.19 1.19 1.19 1.19 1.19 1.19 1.18 1.18 1.18 1.18 1.18 1.18 1.18 1.18 1.17 1.17 1.17 1.17 1.17 1.17 1.17 1.17 1.17 1.17 1.17 1.17 1.17 1.16 1.16 1.16 1.16 1.16 1.16 1.16
1.30 1.29 1.29 1.29 1.29 1.29 1.29 1.28 1.28 1.28 1.28 1.28 1.28 1.27 1.27 1.27 1.27 1.27 1.26 1.26 1.26 1.26 1.26 1.25 1.25 1.25 1.25 1.25 1.24 1.24 1.24 1.24 1.23 1.23 1.23 1.23 1.22 1.22 1.22 1.22 1.22 1.21 1.21 1.21 1.21 1.20 1.20 1.20 1.20 1.20 1.19 1.19 1.19 1.19 1.19 1.19 1.18 1.18 1.18 1.18 1.18 1.18 1.18 1.18 1.18 1.17 1.17 1.17 1.17 1.17 1.17 1.17 1.17 1.17 1.17 1.17 1.17 1.16 1.16 1.16 1.16 1.16 1.16 1.16
1.30 1.29 1.29 1.29 1.29 1.29 1.29 1.28 1.28 1.28 1.28 1.28 1.28 1.27 1.27 1.27 1.27 1.27 1.26 1.26 1.26 1.26 1.26 1.25 1.25 1.25 1.25 1.25 1.24 1.24 1.24 1.24 1.23 1.23 1.23 1.23 1.22 1.22 1.22 1.22 1.22 1.21 1.21 1.21 1.21 1.20 1.20 1.20 1.20 1.20 1.20 1.19 1.19 1.19 1.19 1.19 1.19 1.18 1.18 1.18 1.18 1.18 1.18 1.18 1.18 1.17 1.17 1.17 1.17 1.17 1.17 1.17 1.17 1.17 1.17 1.17 1.17 1.16 1.16 1.16 1.16 1.16 1.16 1.16
1.30 1.29 1.29 1.29 1.29 1.29 1.29 1.28 1.28 1.28 1.28 1.28 1.28 1.27 1.27 1.27 1.27 1.27 1.26 1.26 1.26 1.26 1.26 1.25 1.25 1.25 1.25 1.25 1.24 1.24 1.24 1.24 1.23 1.23 1.23 1.23 1.23 1.22 1.22 1.22 1.22 1.21 1.21 1.21 1.21 1.21 1.20 1.20 1.20 1.20 1.20 1.19 1.19 1.19 1.19 1.19 1.19 1.18 1.18 1.18 1.18 1.18 1.18 1.18 1.18 1.17 1.17 1.17 1.17 1.17 1.17 1.17 1.17 1.17 1.17 1.17 1.17 1.16 1.16 1.16 1.16 1.16 1.16 1.16
1.30 1.29 1.29 1.29 1.29 1.29 1.29 1.28 1.28 1.28 1.28 1.28 1.28 1.27 1.27 1.27 1.27 1.27 1.26 1.26 1.26 1.26 1.26 1.25 1.25 1.25 1.25 1.83 1.24 1.24 1.24 1.24 1.23 1.23 1.23 1.23 1.23 1.22 1.22 1.22 1.22 1.21 1.21 1.21 1.21 1.21 1.20 1.20 1.20 1.20 1.20 1.19 1.19 1.19 1.19 3.76 1.19 1.19 1.18 1.18 1.18 1.18 1.18 1.18 1.18 1.18 1.17 1.17 1.17 1.17 1.17 1.17 1.17 1.17 1.17 1.17 1.17 1.16 1.16 1.16 1.16 1.16 1.16 1.16
1.30 1.29 1.29 1.29 1.29 1.29 1.29 1.28 1.28 1.28 1.28 1.28 1.28 1.27 1.27 1.27 1.27 1.27 1.26 1.26 1.26 1.26 1.26 1.25 1.25 1.25 1.25 1.83 4.15 4.14 1.24 1.24 1.24 1.23 1.23 1.23 1.23 1.22 1.22 1.22 1.22 1.22 1.21 1.21 1.21 1.21 1.20 1.20 1.20 1.20 1.20 1.20 1.19 1.19 1.19 1.19 1.19 1.19 1.18 1.18 1.18 1.18 1.18 1.18 1.18 1.18 1.18 1.17 1.17 1.17 1.17 1.17 1.17 1.17 1.17 1.17 1.17 1.16 1.16 1.16 1.16 1.16 1.16 1.16
1.30 1.29 1.29 1.29 1.29 1.29 1.29 1.28 1.28 1.28 1.28 1.28 1.28 1.27 1.27 1.27 1.27 1.27 1.26 1.26 1.26 1.26 1.26 1.25 1.25 1.25 1.25 4.15 4.15 4.14 4.13 1.24 1.24 1.23 1.23 1.23 1.23 1.22 1.22 1.22 1.22 1.22 1.21 1.21 1.21 1.21 1.21 1.20 1.20 1.20 1.20 1.20 1.19 1.19 1.19 1.19 1.19 1.19 1.19 1.18 1.18 1.18 1.18 1.18 1.18 1.18 1.18 1.17 1.17 1.17 1.17 1.17 1.17 1.17 1.17 1.17 1.17 1.16 1.16 1.16 1.16 1.16 1.16 1.16
1.30 1.29 1.29 1.29 1.29 1.29 1.29 1.28 1.28 1.28 1.28 1.28 1.28 1.27 1.27 1.27 1.27 1.27 1.26 1.26 1.26 1.26 1.26 1.26 1.25 1.25 1.83 4.16 4.15 4.14 1.24 1.24 1.24 1.23 1.23 1.23 1.23 1.23 1.22 1.22 1.22 1.22 1.21 1.21 1.21 1.21 1.21 1.20 1.20 1.20 1.20 1.20 1.20 1.19 1.19 1.19 1.19 1.19 1.19 1.18 1.18 1.18 1.18 1.18 1.18 1.18 1.18 1.18 1.17 1.17 1.17 1.17 1.17 1.17 1.17 1.17 1.17 1.17 1.16 1.16 1.16 1.16 1.16 1.16
1.30 1.29 1.29 1.29 1.29 1.29 1.29 1.28 1.28 1.28 1.28 1.28 1.28 1.27 1.27 1.27 1.27 1.27 1.26 1.26 1.26 1.26 1.26 1.26 1.25 1.25 1.25 1.83 4.15 3.94 1.24 1.24 1.24 1.23 1.23 1.23 1.23 1.23 1.22 1.22 1.22 1.22 1.22 1.21 1.21 1.21 1.21 1.21 1.20 1.20 1.20 1.20 1.20 1.19 3.98 3.97 1.19 1.19 1.19 1.19 1.18 1.18 1.18 1.18 1.18 1.18 1.18 1.18 1.17 1.17 1.17 1.17 1.17 1.17 1.17 1.17 1.17 1.17 1.16 1.16 1.16 1.16 1.16 1.16
1.30 1.29 1.29 1.29 1.29 1.29 1.29 1.28 1.28 1.28 1.28 1.28 1.28 1.27 1.27 1.27 1.27 1.27 1.27 1.26 1.26 3.82 1.26 1.26 3.80 1.25 1.25 1.25 1.25 1.82 1.24 1.24 1.24 1.24 1.23 1.23 1.23 1.23 1.22 1.22 1.22 1.22 1.22 1.21 1.21 1.21 1.21 1.21 1.20 1.20 1.20 1.20 1.20 1.20 3.98 3.97 1.19 1.19 1.19 1.19 1.19 1.18 1.18 1.18 1.18 1.18 1.18 1.18 1.18 1.17 1.17 1.17 1.17 1.17 1.17 1.17 1.17 1.17 1.16 1.16 1.16 1.16 1.16 1.16
1.30 1.29 1.29 1.29 1.29 1.29 1.29 1.28 1.28 1.28 1.28 1.28 1.28 1.27 1.27 1.27 1.27 1.27 1.27 1.26 3.83 3.82 3.82 4.19 4.18 1.25 1.25 1.25 1.25 1.24 4.14 1.24 1.24 1.24 1.23 1.23 1.23 1.23 1.23 1.22 1.22 1.22 1.22 1.21 1.21 1.21 1.21 1.21 1.21 1.20 1.20 1.20 1.20 1.20 1.19 3.98 1.19 1.19 1.19 1.19 1.19 1.18 1.18 1.18 1.18 1.73 1.73 1.18 1.18 1.17 1.17 1.17 1.17 1.17 1.17 1.17 1.17 1.17 1.17 1.16 1.16 1.16 1.16 1.16
1.30 1.29 1.29 1.29 1.29 1.29 1.29 1.28 1.28 1.28 1.28 1.28 1.28 1.27 1.27 1.27 1.27 1.27 1.27 1.26 3.83 3.82 4.19 3.81 3.81 1.25 1.25 1.25 4.16 1.24 4.14 1.24 1.24 1.24 1.23 1.23 1.23 1.23 1.23 1.22 1.22 1.22 1.22 1.22 1.21 1.21 1.21 1.21 1.21 1.20 1.20 1.20 4.00 3.99 1.20 1.19 1.19 1.19 1.19 1.19 1.19 1.19 1.18 1.18 1.18 3.93 3.93 1.18 1.18 1.18 1.17 1.17 1.17 1.17 1.17 1.17 1.17 1.17 1.17 1.16 1.16 1.16 1.16 1.16
1.30 1.30 1.29 1.29 1.29 1.29 1.29 1.29 1.28 1.28 1.28 1.28 1.28 1.28 1.27 1.27 1.27 1.27 1.27 1.26 3.83 4.96 4.95 3.81 3.81 4.02 4.01 4.01 4.16 1.25 4.14 1.24 1.24 1.24 1.24 1.23 1.23 1.23 1.23 1.22 1.22 1.22 1.22 1.22 1.21 1.21 1.21 1.21 1.21 1.21 1.20 1.20 1.20 3.99 3.99 3.98 1.19 1.19 1.19 1.19 1.19 1.74 1.18 1.18 1.18 1.18 1.18 1.18 1.18 1.18 1.18 1.17 1.17 1.17 1.17 1.17 1.17 1.17 1.17 1.16 1.16 1.16 1.16 1.16
1.30 1.30 4.31 4.31 1.29 1.29 1.29 1.29 1.28 1.28 1.28 1.28 1.28 4.25 4.25 4.24 4.23 3.85 3.84 1.26 3.83 4.03 4.03 4.95 4.02 4.93 4.92 4.92 1.47 4.15 1.24 1.24 1.24 1.24 1.24 1.23 1.23 4.10 4.09 1.23 1.22 1.22 1.22 1.22 1.22 1.21 1.21 1.21 1.21 1.21 1.20 1.20 1.20 4.00 3.99 3.99 1.19 1.19 1.19 1.75 1.74 1.74 1.74 1.74 1.18 1.18 1.18 1.18 1.18 1.18 1.18 1.17 1.17 1.17 1.17 1.17 1.17 1.17 1.17 1.17 1.16 1.16 1.16 1.16
1.90 4.32 4.31 4.31 1.29 1.29 1.29 1.29 1.28 1.28 1.28 1.28 1.28 1.28 1.27 4.24 4.24 4.23 1.27 3.84 3.83 4.03 4.03 4.95 0.00 0.00 0.00 0.00 0.00 4.90 4.00 1.24 1.24 1.24 1.24 1.23 1.23 4.10 4.10 1.23 1.22 1.22 1.22 3.70 1.22 1.21 1.21 1.21 1.21 1.21 1.21 1.20 1.20 1.20 4.00 3.99 1.20 1.19 1.19 1.19 1.74 1.74 3.76 1.74 1.18 1.18 1.18 1.18 1.18 1.18 1.18 1.18 1.17 1.17 1.17 1.17 1.17 1.17 1.17 1.17 1.16 1.16 1.16 1.16
1.30 4.32 4.32 4.31 1.29 1.29 1.29 1.29 1.28 1.28 1.28 1.28 1.28 1.28 1.27 1.27 3.86 1.27 3.85 3.84 4.97 4.03 0.00 0.00 0.00 0.00 0.00 0.00 0.00 0.00 4.90 1.24 1.24 1.24 1.24 1.24 1.23 4.11 4.10 1.23 1.23 1.22 1.22 1.22 1.22 1.22 1.21 1.21 1.21 1.21 1.21 1.21 1.20 1.20 3.64 3.99 3.99 1.20 1.19 1.19 1.19 1.74 1.19 1.19 1.19 1.18 1.18 1.18 1.18 1.18 1.18 1.18 1.17 1.17 1.17 1.17 1.17 1.17 1.17 1.17 1.17 1.16 1.16 1.16
4.33 4.32 4.32 4.31 1.29 1.29 1.29 4.29 1.29 1.28 1.28 1.28 1.28 1.28 1.28 1.27 1.27 1.27 1.27 1.27 0.00 0.00 0.00 0.00 0.00 0.00 0.00 0.00 0.00 0.00 0.00 1.24 1.24 1.24 1.24 1.24 1.23 1.23 4.10 1.23 1.23 1.22 1.22 4.07 4.06 1.22 1.22 1.21 1.21 1.21 1.21 1.21 1.20 1.20 1.20 4.00 3.99 3.99 1.19 1.19 1.75 3.97 1.19 1.19 1.19 1.18 1.18 1.73 1.18 1.18 1.18 1.18 1.18 1.17 1.17 1.17 1.17 1.17 1.17 1.17 1.17 1.16 1.16 3.52
4.33 4.32 4.32 4.31 4.31 1.29 1.29 1.29 1.29 1.28 1.28 1.28 1.28 1.28 1.28 1.27 1.27 1.27 4.23 0.00 0.00 0.00 0.00 0.00 0.00 0.00 0.00 0.00 0.00 0.00 0.00 0.00 4.89 4.88 1.24 1.24 1.24 1.23 1.23 1.23 1.23 1.23 1.22 3.71 4.07 1.22 1.22 1.21 1.21 1.21 1.21 1.21 1.21 1.20 1.20 4.00 4.00 3.99 1.20 1.19 1.19 1.19 1.19 1.19 1.19 1.19 1.18 1.18 1.18 1.18 1.18 1.18 1.18 1.18 1.17 1.17 1.17 1.17 1.17 1.17 1.17 1.17 3.53 3.53
4.33 4.33 4.32 4.32 4.31 1.29 1.29 1.29 1.29 1.28 1.28 1.28 1.28 1.28 3.87 4.25 3.86 1.27 0.00 0.00 0.00 0.00 0.00 0.00 0.00 0.00 0.00 0.00 0.00 0.00 0.00 0.00 3.98 3.98 1.24 1.24 1.24 1.23 3.74 1.23 1.23 1.23 1.22 3.71 1.22 1.22 1.22 1.22 1.21 1.21 1.21 1.21 1.21 1.20 1.20 4.01 1.76 3.99 3.99 1.20 1.19 1.19 1.19 1.19 1.19 1.19 1.19 1.18 1.18 1.18 1.18 1.18 1.18 1.18 1.17 3.91 1.17 1.17 1.17 1.17 1.17 1.17 1.16 1.16
4.33 4.33 4.32 4.32 4.31 1.29 1.29 1.29 1.29 1.29 1.28 1.28 1.28 1.28 3.87 4.25 5.01 0.00 0.00 0.00 0.00 0.00 0.00 0.00 0.00 0.00 0.00 0.00 0.00 0.00 0.00 0.00 3.98 4.89 4.88 1.24 1.24 1.24 1.23 4.11 1.23 1.23 1.23 1.22 1.22 1.22 1.22 1.22 1.21 1.21 1.21 1.21 1.21 1.21 1.20 4.01 4.00 4.00 3.63 1.20 1.19 1.19 1.75 1.19 1.19 1.19 1.19 1.18 1.18 1.18 1.18 1.18 1.18 1.18 1.18 1.17 1.17 1.17 1.17 1.17 1.17 1.17 1.17 1.16
1.30 4.33 4.33 4.32 1.29 1.29 1.29 1.29 1.29 1.29 1.28 1.28 1.28 1.28 3.88 5.02 5.01 0.00 0.00 0.00 0.00 0.00 0.00 0.00 0.00 0.00 0.00 0.00 0.00 0.00 0.00 0.00 3.98 4.89 4.14 1.24 1.24 1.24 1.23 1.23 1.23 1.23 1.23 1.23 4.08 4.07 4.07 1.22 1.22 1.21 1.21 1.21 1.21 1.21 1.21 1.20 3.89 4.00 1.20 1.20 1.20 3.62 1.75 1.19 1.75 1.19 1.19 1.19 1.18 1.18 1.18 1.18 1.18 1.18 1.18 1.18 1.72 1.17 1.17 1.17 1.17 1.17 1.17 3.53
1.30 1.30 1.30 1.30 1.30 1.29 1.29 1.29 1.29 1.29 4.28 1.28 1.28 3.88 3.88 5.02 0.00 0.00 0.00 0.00 0.00 0.00 0.00 0.00 0.00 0.00 0.00 0.00 0.00 0.00 0.00 0.00 4.91 4.90 3.77 3.77 1.24 1.24 1.24 4.11 1.23 1.23 4.09 1.23 1.22 4.07 4.07 1.22 1.22 1.22 1.21 1.78 1.77 1.21 1.21 4.02 4.01 4.01 1.20 1.20 1.20 3.63 1.75 1.75 1.75 1.19 1.19 1.19 1.19 1.18 1.18 1.18 1.18 1.18 1.18 1.18 1.18 1.17 1.17 1.17 1.17 1.17 1.17 3.89
1.30 1.30 1.30 4.33 4.32 4.31 1.29 1.29 4.30 1.29 1.29 1.28 4.28 5.04 5.03 0.00 0.00 0.00 0.00 0.00 0.00 0.00 0.00 0.00 0.00 0.00 0.00 0.00 0.00 0.00 0.00 0.00 0.00 4.90 4.15 3.77 1.24 4.13 3.75 1.23 1.23 4.10 4.10 4.09 3.72 4.08 3.71 1.22 1.22 1.22 1.21 1.78 1.78 1.21 3.66 3.89 3.65 1.20 1.20 1.20 1.20 1.76 1.75 1.75 1.75 1.19 1.19 1.19 1.74 1.19 1.18 1.18 1.18 1.18 1.18 1.18 1.18 1.17 1.17 1.17 1.17 1.17 1.17 3.89
1.30 1.30 1.30 1.90 3.93 4.32 1.29 1.29 1.29 4.29 4.29 4.28 5.05 5.04 0.00 0.00 0.00 0.00 0.00 0.00 0.00 0.00 0.00 0.00 0.00 0.00 0.00 0.00 0.00 0.00 0.00 0.00 0.00 3.78 4.90 1.24 3.77 3.76 1.24 1.24 1.23 4.11 4.10 4.09 4.82 3.71 1.22 1.22 1.22 1.22 1.22 3.68 4.04 1.21 1.77 3.89 4.74 4.74 1.20 1.20 1.20 1.20 1.75 3.62 1.75 3.97 1.19 1.19 1.19 1.19 1.19 1.18 1.18 1.18 1.18 1.18 1.18 1.18 1.17 1.17 1.17 1.17 1.17 3.54
1.30 1.30 1.30 1.30 5.02 3.93 1.29 1.29 1.29 1.29 4.29 4.29 5.05 0.00 0.00 0.00 0.00 0.00 0.00 0.00 0.00 0.00 0.00 0.00 0.00 0.00 0.00 0.00 0.00 0.00 0.00 0.00 0.00 1.25 1.25 3.78 3.77 1.24 1.24 1.24 1.24 1.23 3.74 4.84 1.23 1.23 1.22 1.22 1.22 1.22 1.22 3.69 4.04 1.21 1.21 3.89 3.89 4.74 1.20 1.20 1.20 1.20 3.63 3.63 3.98 3.98 1.19 1.19 1.19 1.19 1.19 1.18 1.18 1.18 1.18 1.18 1.18 1.18 1.18 1.17 1.17 1.17 1.17 1.17
