New_Model_Runs/1_Original_run_out/post_prcessed_with_MFR/Monthly_summaries/actual_et_monthly_OCT.asc
NCOLS 700
NROWS 400
XLLCENTER 515000.000000
YLLCENTER 8409000.000000
CELLSIZE 50.000000
NODATA_value -999.000000
[rows 266 to 303 of 400, columns 252 to 335 of 700]
3.56 1.91 1.91 1.91 3.76 3.76 3.77 3.77 3.77 3.78 3.12 4.32 4.32 4.33 4.33 4.34 4.35 4.35 4.36 4.36 4.37 3.19 4.43 4.44 5.07 5.08 5.09 1.53 5.24 4.18 4.19 4.19 4.20 5.52 5.50 5.50 4.21 5.51 5.52 5.52 5.53 5.54 5.54 4.24 2.21 2.22 2.23 4.86 5.63 5.64 5.65 5.66 5.67 1.70 5.69 5.69 4.33 6.01 5.71 5.71 1.71 5.71 5.71 5.71 5.71 5.71 5.70 5.70 4.33 0.00 0.00 0.00 0.00 4.34 4.34 5.69 5.69 4.34 4.33 4.33 5.68 0.00 0.00 0.00
1.91 1.91 3.61 1.92 1.92 3.77 3.77 3.78 3.78 3.78 4.32 4.32 4.33 3.66 4.34 4.35 4.35 4.57 4.36 4.37 4.37 3.20 4.44 4.44 4.45 3.48 3.48 5.24 4.18 4.19 5.51 5.52 5.52 4.79 5.50 5.51 5.51 1.65 4.22 5.53 5.53 5.54 5.55 4.24 4.25 2.23 1.53 4.88 5.63 1.56 1.58 5.06 5.67 1.70 4.32 5.69 4.33 5.70 5.71 5.71 5.71 5.71 5.71 5.71 5.71 5.70 5.70 5.70 4.33 0.00 0.00 0.00 0.00 5.69 4.34 4.34 4.33 4.33 5.68 0.00 0.00 0.00 0.00 0.00
3.57 1.92 3.77 4.30 3.77 3.78 3.78 3.78 3.79 3.79 4.33 4.33 3.66 3.67 3.68 3.68 3.16 4.58 4.37 4.37 4.43 3.20 3.21 3.21 3.22 3.49 3.49 4.18 4.19 5.51 5.52 1.43 4.20 1.65 5.51 5.51 5.52 5.52 4.22 5.53 5.54 4.23 5.55 4.24 5.60 5.61 5.61 2.27 1.56 1.57 1.58 1.60 5.67 5.68 5.69 4.33 5.70 5.71 4.33 4.33 4.33 5.71 5.71 5.71 5.71 5.70 5.70 4.33 5.69 0.00 0.00 0.00 5.69 4.33 4.33 4.33 5.68 5.68 0.00 0.00 0.00 0.00 0.00 0.00
3.61 3.62 3.62 3.62 3.78 3.78 3.79 4.32 4.27 3.80 4.33 3.81 3.67 3.68 3.68 3.69 4.37 4.37 4.37 3.86 3.90 4.44 1.34 4.45 4.70 3.23 5.50 5.51 4.19 5.52 5.53 5.53 1.65 5.51 4.21 4.22 4.22 5.53 5.53 5.54 1.66 1.67 1.68 4.26 4.26 4.27 2.26 2.28 2.30 1.58 1.59 2.35 5.67 5.68 5.69 4.33 4.33 4.33 4.33 4.33 4.33 4.33 4.33 5.71 5.70 5.70 5.69 4.33 5.69 0.00 5.69 4.33 4.33 4.33 6.09 5.68 5.68 0.00 0.00 0.00 0.00 0.00 0.00 0.00
3.62 3.78 3.78 3.63 3.60 4.26 3.75 3.75 3.76 4.34 4.34 4.35 4.35 4.36 4.36 3.16 4.37 4.37 4.38 3.86 3.91 4.45 4.45 4.45 4.46 4.46 5.51 1.66 5.52 5.53 5.53 5.54 5.51 5.52 5.52 5.52 5.72 5.53 5.54 4.23 4.25 4.25 4.26 5.60 5.61 1.54 2.27 2.29 4.98 1.59 1.60 2.36 5.67 5.68 5.69 4.33 4.33 4.33 4.33 1.71 5.71 4.33 4.33 5.71 5.70 4.33 4.33 5.69 5.69 5.69 4.33 4.33 4.33 5.68 0.00 0.00 5.67 5.67 0.00 0.00 0.00 0.00 0.00 0.00
1.32 3.63 3.78 4.47 3.75 3.75 3.76 3.76 4.28 4.55 4.35 3.15 4.36 4.36 4.37 4.37 1.37 1.38 1.38 1.39 4.45 4.45 4.46 4.46 4.46 5.57 1.66 4.20 5.53 5.54 5.54 5.52 5.52 4.22 5.53 4.23 4.23 4.23 5.58 1.68 4.25 5.59 5.83 5.61 5.61 1.55 1.69 5.64 5.65 5.65 1.61 2.37 5.67 4.32 4.33 4.33 4.33 5.71 5.71 4.33 4.33 5.71 5.71 4.33 4.33 5.70 5.69 5.69 4.33 4.33 4.33 5.68 0.00 0.00 0.00 0.00 0.00 0.00 0.00 0.00 0.00 0.00 0.00 0.00
3.63 1.94 4.26 3.75 3.75 3.76 3.76 3.77 3.81 4.56 3.15 3.16 3.16 3.17 4.59 3.85 2.02 1.38 4.39 4.39 4.69 4.46 4.46 3.24 4.47 5.59 4.20 4.21 4.21 4.81 4.22 5.55 5.71 4.23 4.47 5.54 4.23 4.24 5.59 5.59 5.60 4.95 5.61 5.61 5.62 5.63 5.64 5.64 5.65 5.66 5.67 5.97 5.99 4.32 4.33 4.33 5.71 5.71 4.33 4.33 4.33 5.71 4.33 4.33 5.70 5.70 4.33 4.33 4.33 5.69 4.33 0.00 0.00 0.00 0.00 0.00 0.00 0.00 0.00 0.00 0.00 0.00 0.00 0.00
1.94 4.27 3.75 3.76 3.76 3.76 3.77 3.81 3.82 4.36 4.36 1.99 4.37 4.38 4.38 2.02 1.38 4.39 3.20 3.93 4.70 4.46 4.47 4.47 5.53 5.53 5.54 5.54 5.55 5.55 5.56 4.43 5.72 4.23 4.49 4.51 5.76 4.92 5.59 5.60 4.26 4.97 1.54 1.55 1.55 5.64 5.64 4.30 5.66 5.95 5.67 5.68 5.67 4.33 4.33 4.33 5.71 5.72 4.33 5.72 4.33 4.33 5.71 5.70 4.33 4.33 4.33 5.69 5.69 0.00 0.00 0.00 0.00 0.00 0.00 0.00 0.00 0.00 0.00 0.00 0.00 0.00 0.00 0.00
4.27 3.75 3.76 3.76 4.28 3.77 3.81 3.82 3.82 4.36 4.37 4.37 4.38 4.38 4.38 4.39 4.39 3.20 4.40 1.40 1.41 4.47 3.24 4.73 1.43 2.10 5.55 1.44 1.45 4.84 5.57 5.57 5.58 5.55 4.51 5.56 4.91 5.56 5.60 5.61 5.61 1.54 1.54 1.55 2.29 5.64 5.65 4.31 5.08 5.12 5.15 5.67 5.67 4.33 5.68 4.33 4.33 5.72 4.33 4.33 5.72 5.71 5.71 4.33 4.33 4.33 5.69 5.69 0.00 0.00 0.00 0.00 0.00 0.00 0.00 0.00 0.00 0.00 0.00 0.00 0.00 0.00 0.00 0.00
4.27 1.95 3.76 4.28 4.28 4.29 4.35 4.36 3.83 4.37 4.37 4.38 4.38 4.38 4.39 4.39 4.39 4.40 4.46 1.41 1.41 4.47 4.48 5.54 4.78 4.79 5.56 4.23 4.23 5.57 5.58 5.58 4.25 5.59 4.90 5.56 4.57 5.57 5.61 4.97 1.54 2.26 5.01 5.02 5.03 5.92 5.04 5.07 5.11 5.66 5.67 5.67 5.67 4.33 4.33 5.71 5.72 4.33 5.72 5.72 5.72 4.33 4.33 4.33 5.70 5.70 1.76 5.42 0.00 0.00 0.00 0.00 0.00 0.00 0.00 0.00 0.00 0.00 0.00 0.00 0.00 0.00 0.00 0.00
4.28 4.28 4.28 4.50 4.29 3.78 4.36 4.36 4.37 4.37 4.38 4.38 4.39 4.39 4.39 4.40 4.40 4.46 4.47 4.47 4.47 4.48 4.02 4.54 5.56 5.56 5.57 5.57 4.24 4.24 5.59 5.59 5.60 5.60 5.60 4.92 5.58 5.58 5.62 5.62 5.63 5.63 2.29 5.03 5.64 5.65 5.07 5.66 5.66 5.67 5.67 5.67 5.70 5.71 5.71 4.33 4.33 5.72 5.72 4.33 4.33 4.33 5.71 5.70 1.76 5.41 5.42 5.63 0.00 0.00 0.00 0.00 0.00 0.00 0.00 0.00 0.00 0.00 0.00 0.00 0.00 0.00 0.00 0.00
3.76 3.76 3.13 3.77 3.78 4.30 4.36 4.37 3.84 4.38 4.38 4.39 4.39 3.74 4.40 4.40 3.77 3.90 4.41 4.42 4.48 4.48 4.78 5.56 5.57 5.57 5.58 4.24 4.25 4.25 4.25 5.60 5.61 5.61 5.61 5.83 5.58 5.59 5.59 5.63 5.64 5.64 5.91 4.30 5.65 5.65 5.66 5.66 5.67 5.67 5.69 4.33 4.33 4.33 4.33 4.33 5.72 4.33 4.33 4.33 5.71 5.71 5.41 5.41 5.64 5.64 5.63 0.00 0.00 0.00 0.00 0.00 0.00 0.00 0.00 0.00 0.00 0.00 0.00 0.00 0.00 0.00 0.00 0.00
3.76 3.77 3.63 3.78 3.78 4.30 4.52 3.80 4.54 4.38 4.39 4.39 1.38 1.39 4.40 3.21 3.90 4.41 4.42 4.42 4.43 5.63 4.79 4.81 5.57 4.24 5.59 4.25 4.25 4.26 4.26 4.26 5.62 5.62 5.62 5.63 4.28 4.28 5.60 5.64 5.90 4.30 5.65 5.93 5.65 5.66 5.66 5.67 5.68 4.33 4.33 5.70 5.70 5.71 5.71 4.33 4.33 4.33 4.33 5.71 5.40 5.41 5.65 0.00 0.00 0.00 0.00 0.00 0.00 0.00 0.00 0.00 0.00 0.00 0.00 0.00 0.00 0.00 0.00 0.00 0.00 0.00 0.00 0.00
4.28 4.29 4.29 3.78 3.79 4.52 3.84 4.38 4.38 3.86 3.86 3.87 1.39 3.88 3.89 4.66 4.42 3.91 3.92 3.93 4.43 4.79 4.81 5.69 5.56 4.25 5.75 4.25 5.58 5.58 5.62 5.62 5.63 5.63 5.63 5.64 5.64 4.29 4.29 5.65 5.92 4.30 5.02 5.66 5.66 5.66 5.68 4.32 4.33 5.69 5.70 5.70 5.71 5.71 4.33 4.33 4.33 5.71 5.40 5.40 5.41 5.65 0.00 0.00 0.00 0.00 0.00 0.00 0.00 0.00 0.00 0.00 0.00 0.00 0.00 0.00 0.00 0.00 0.00 0.00 0.00 0.00 0.00 0.00
3.63 4.29 4.29 3.78 4.52 3.79 4.59 1.31 1.32 3.82 4.56 3.88 3.88 4.35 4.41 1.32 4.42 2.08 3.93 4.43 5.55 4.38 4.40 4.24 5.57 5.57 5.57 4.26 4.91 4.92 4.55 4.27 4.27 4.28 5.64 5.64 5.65 4.29 4.30 5.66 4.30 4.31 4.31 5.66 5.67 5.68 4.32 4.33 5.69 5.69 5.70 5.70 4.33 4.33 4.33 4.33 6.06 5.66 5.36 5.65 5.65 0.00 0.00 0.00 0.00 0.00 0.00 0.00 0.00 0.00 0.00 0.00 0.00 0.00 0.00 0.00 0.00 0.00 0.00 0.00 0.00 0.00 0.00 0.00
1.34 3.63 3.64 3.79 4.37 4.37 4.59 4.39 1.32 1.30 4.34 4.40 2.05 2.06 4.42 4.42 2.08 2.09 4.44 4.44 5.55 4.24 1.67 5.57 5.57 5.58 1.68 4.26 4.27 4.93 4.94 4.27 5.83 4.28 5.88 5.65 5.66 5.03 5.66 5.66 4.31 4.31 4.32 5.68 4.32 4.32 5.69 5.69 5.69 5.70 4.33 4.33 4.33 4.33 6.05 5.66 0.00 0.00 0.00 0.00 0.00 0.00 0.00 0.00 0.00 0.00 0.00 0.00 0.00 0.00 0.00 0.00 0.00 0.00 0.00 0.00 0.00 0.00 0.00 0.00 0.00 0.00 0.00 0.00
4.29 3.64 4.30 4.31 4.37 4.38 3.88 4.33 3.17 4.34 4.34 3.19 2.05 2.06 2.07 4.68 4.43 3.25 4.44 5.56 5.69 4.25 5.57 5.58 4.26 5.59 5.59 4.27 5.60 4.95 5.61 5.61 4.28 4.29 5.66 5.66 4.30 5.04 5.93 5.67 4.83 5.68 5.68 5.68 4.33 4.33 4.33 5.69 5.70 4.33 4.33 4.33 5.71 5.66 0.00 0.00 0.00 0.00 0.00 0.00 0.00 0.00 0.00 0.00 0.00 0.00 0.00 0.00 0.00 0.00 0.00 0.00 0.00 0.00 0.00 0.00 0.00 0.00 0.00 0.00 0.00 0.00 0.00 0.00
3.64 3.78 4.30 4.31 4.32 3.71 4.39 4.33 4.34 4.34 4.35 4.35 3.74 3.89 3.80 4.43 4.44 4.44 4.70 4.24 5.57 5.58 5.58 5.59 5.77 4.27 5.60 5.61 5.82 4.59 4.97 4.98 5.62 5.66 4.30 5.67 5.67 5.05 5.06 5.68 4.85 5.68 5.68 5.69 5.69 4.33 4.33 4.33 4.33 4.33 5.70 5.70 5.66 0.00 0.00 0.00 0.00 0.00 0.00 0.00 0.00 0.00 0.00 0.00 0.00 0.00 0.00 0.00 0.00 0.00 0.00 0.00 0.00 0.00 0.00 0.00 0.00 0.00 0.00 0.00 0.00 0.00 0.00 0.00
3.64 3.65 3.65 4.31 4.32 4.33 4.33 4.34 4.34 4.35 4.35 4.35 4.36 3.90 4.43 4.44 3.25 3.26 4.24 4.25 4.85 5.74 5.59 5.60 5.79 4.27 5.61 5.62 5.62 5.84 4.29 5.66 5.67 5.67 5.67 5.67 5.94 5.68 5.95 5.68 5.69 5.69 5.69 5.69 5.69 4.33 4.33 4.33 5.70 5.70 5.35 0.00 0.00 0.00 0.00 0.00 0.00 0.00 0.00 0.00 0.00 0.00 0.00 0.00 0.00 0.00 0.00 0.00 0.00 0.00 0.00 0.00 0.00 0.00 0.00 0.00 0.00 0.00 0.00 0.00 0.00 0.00 0.00 0.00
4.30 4.30 3.80 3.80 4.32 4.33 4.34 4.34 4.34 3.87 4.35 4.36 4.36 4.37 4.38 4.44 4.45 4.45 5.58 4.85 5.59 5.60 5.60 5.61 5.61 5.82 4.76 4.29 5.85 5.63 5.89 4.31 5.67 5.92 5.68 5.68 4.32 5.69 5.69 5.69 4.33 4.33 5.70 4.33 4.33 4.33 5.70 5.70 5.34 5.66 0.00 0.00 0.00 0.00 0.00 0.00 0.00 0.00 0.00 0.00 0.00 0.00 0.00 0.00 0.00 0.00 0.00 0.00 0.00 0.00 0.00 0.00 0.00 0.00 0.00 0.00 0.00 0.00 0.00 0.00 0.00 0.00 0.00 0.00
4.60 4.31 4.31 4.32 4.33 4.33 4.34 4.34 4.35 4.35 4.36 4.36 4.37 3.88 4.38 1.33 4.45 5.58 5.59 4.87 4.88 4.90 4.91 4.93 4.94 5.62 5.63 5.85 4.29 5.67 5.02 4.31 4.31 5.93 5.69 5.69 5.69 5.69 5.69 4.33 4.33 4.33 4.33 4.33 4.33 5.70 5.70 5.33 0.00 0.00 0.00 0.00 0.00 0.00 0.00 0.00 0.00 0.00 0.00 0.00 0.00 0.00 0.00 0.00 0.00 0.00 0.00 0.00 0.00 0.00 0.00 0.00 0.00 0.00 0.00 0.00 0.00 0.00 0.00 0.00 0.00 0.00 0.00 0.00
4.60 4.61 4.32 4.32 4.33 4.34 4.34 4.35 4.35 4.36 4.36 4.37 4.37 4.38 3.90 4.39 4.46 5.59 5.60 5.75 4.90 4.91 4.93 4.94 4.95 5.63 4.97 4.30 5.64 5.02 5.03 5.68 5.69 5.69 5.69 5.69 5.70 5.70 5.70 4.33 4.33 4.33 4.33 5.70 5.70 5.70 1.71 5.34 0.00 0.00 0.00 0.00 0.00 0.00 0.00 0.00 0.00 0.00 0.00 0.00 0.00 0.00 0.00 0.00 0.00 0.00 0.00 0.00 0.00 0.00 0.00 0.00 0.00 0.00 0.00 0.00 0.00 0.00 0.00 0.00 0.00 0.00 0.00 0.00
4.61 4.61 4.32 4.33 4.33 4.34 4.34 4.35 4.35 4.36 4.37 4.37 4.38 4.38 4.39 3.91 4.40 4.42 4.44 4.89 5.62 1.69 4.94 4.95 5.64 4.97 4.98 4.30 4.30 5.65 5.69 5.69 5.69 5.70 5.70 5.70 5.70 5.70 4.33 4.34 4.34 5.71 5.71 5.71 5.71 5.71 2.46 5.31 5.66 0.00 0.00 0.00 0.00 0.00 0.00 0.00 0.00 0.00 0.00 0.00 0.00 0.00 0.00 0.00 0.00 0.00 0.00 0.00 0.00 0.00 0.00 0.00 0.00 0.00 0.00 0.00 0.00 0.00 0.00 0.00 0.00 0.00 0.00 0.00
4.31 4.32 4.33 4.33 4.34 4.34 4.35 4.35 4.36 4.36 4.37 4.38 4.38 4.39 3.94 4.40 4.42 4.44 5.76 5.62 5.62 5.63 4.54 5.64 4.58 4.30 5.65 5.65 4.67 5.65 5.69 5.70 5.70 5.70 5.70 5.70 5.71 5.71 5.71 6.00 5.71 5.71 5.71 5.71 5.71 5.71 5.66 4.32 5.66 0.00 0.00 0.00 0.00 0.00 0.00 0.00 0.00 0.00 0.00 0.00 0.00 0.00 0.00 0.00 0.00 0.00 0.00 0.00 0.00 0.00 0.00 0.00 0.00 0.00 0.00 0.00 0.00 0.00 0.00 0.00 0.00 0.00 0.00 0.00
4.32 4.32 4.33 4.34 4.34 4.35 4.35 4.36 4.36 4.37 4.38 3.92 4.39 4.39 3.95 5.60 5.60 5.61 5.62 5.59 5.81 4.54 4.56 5.64 5.65 5.65 5.65 5.65 5.66 5.66 5.66 5.70 5.70 5.70 5.71 5.71 5.71 5.71 5.71 5.71 5.71 5.71 4.34 4.33 5.66 2.46 5.66 5.66 5.66 0.00 0.00 0.00 0.00 0.00 0.00 0.00 0.00 0.00 0.00 0.00 0.00 0.00 0.00 0.00 0.00 0.00 0.00 0.00 0.00 0.00 0.00 0.00 0.00 0.00 0.00 0.00 0.00 0.00 0.00 0.00 0.00 0.00 0.00 0.00
4.32 4.33 4.34 4.34 4.34 4.35 4.36 4.36 4.37 4.37 4.38 4.39 4.39 4.40 4.41 5.60 5.61 5.62 4.28 4.28 4.73 4.96 4.57 4.98 5.65 5.66 4.31 1.70 1.55 1.56 1.56 5.71 5.71 5.71 5.71 5.71 5.71 5.71 5.71 5.71 5.71 5.71 4.34 5.66 5.66 5.66 5.66 5.66 5.66 0.00 0.00 0.00 0.00 0.00 0.00 0.00 0.00 0.00 0.00 0.00 0.00 0.00 0.00 0.00 0.00 0.00 0.00 0.00 0.00 0.00 0.00 0.00 0.00 0.00 0.00 0.00 0.00 0.00 0.00 0.00 0.00 0.00 0.00 0.00
4.33 4.33 4.34 4.34 4.35 4.35 4.36 4.37 4.37 4.38 4.38 4.39 4.40 4.40 5.58 5.58 5.75 4.28 4.28 5.60 5.61 5.65 4.58 4.99 5.66 1.70 5.66 5.66 5.67 5.67 1.57 5.67 5.71 5.71 5.71 5.71 5.71 5.71 5.71 5.71 5.71 5.71 5.67 5.66 5.66 5.66 5.66 5.66 5.66 0.00 0.00 0.00 0.00 0.00 0.00 0.00 0.00 0.00 0.00 0.00 0.00 0.00 0.00 0.00 0.00 0.00 0.00 0.00 0.00 0.00 0.00 0.00 0.00 0.00 0.00 0.00 0.00 0.00 0.00 0.00 0.00 0.00 0.00 0.00
4.33 4.34 4.34 2.04 4.35 4.36 4.36 1.41 4.38 4.38 4.39 4.40 4.40 4.41 5.58 5.59 4.90 4.49 5.61 5.61 5.61 5.62 4.99 5.00 4.64 5.01 4.68 5.01 1.56 4.32 4.32 5.67 5.67 5.71 5.71 5.72 5.72 5.72 5.72 5.72 5.67 5.67 1.66 1.67 5.66 1.68 1.69 5.66 6.00 0.00 0.00 0.00 0.00 0.00 0.00 0.00 0.00 0.00 0.00 0.00 0.00 0.00 0.00 0.00 0.00 0.00 0.00 0.00 0.00 0.00 0.00 0.00 0.00 0.00 0.00 0.00 0.00 0.00 0.00 0.00 0.00 0.00 0.00 0.00
4.34 4.34 4.35 4.35 4.36 4.36 3.90 4.37 4.38 4.39 4.39 4.40 4.41 4.85 5.59 5.76 5.60 5.61 4.29 5.62 4.96 4.97 4.98 5.00 5.01 5.02 5.63 5.01 5.63 5.03 5.03 5.67 5.67 5.72 5.72 5.72 5.72 5.72 5.72 5.67 5.67 5.67 1.67 1.67 1.68 1.69 1.69 1.70 5.65 0.00 0.00 0.00 0.00 0.00 0.00 0.00 0.00 0.00 0.00 0.00 0.00 0.00 0.00 0.00 0.00 0.00 0.00 0.00 0.00 0.00 0.00 0.00 0.00 0.00 0.00 0.00 0.00 0.00 0.00 0.00 0.00 0.00 0.00 0.00
4.34 4.35 4.35 4.36 4.36 4.37 4.37 4.38 4.39 4.39 4.40 4.41 3.93 4.87 4.46 5.60 4.92 5.61 4.74 5.62 5.62 5.63 4.98 4.99 5.00 5.87 5.01 5.02 5.02 5.03 5.04 4.81 5.63 5.67 5.72 5.72 5.72 5.16 5.98 5.98 2.42 4.99 5.67 4.32 1.68 1.69 1.69 1.70 2.50 0.00 0.00 0.00 0.00 0.00 0.00 0.00 0.00 0.00 0.00 0.00 0.00 0.00 0.00 0.00 0.00 0.00 0.00 0.00 0.00 0.00 0.00 0.00 0.00 0.00 0.00 0.00 0.00 0.00 0.00 0.00 0.00 0.00 0.00 0.00
4.35 4.35 4.36 4.36 4.37 4.37 4.38 4.39 4.39 4.40 3.81 3.82 4.43 1.47 4.47 4.91 4.93 5.62 5.62 5.63 5.63 5.63 1.69 5.00 5.64 4.31 4.32 5.64 5.63 5.03 5.04 4.82 4.84 5.67 5.72 5.72 4.93 4.94 5.11 4.97 5.67 5.13 5.66 1.67 1.68 1.69 1.69 5.32 0.00 5.65 0.00 0.00 0.00 0.00 0.00 0.00 0.00 0.00 0.00 0.00 0.00 0.00 0.00 0.00 0.00 0.00 0.00 0.00 0.00 0.00 0.00 0.00 0.00 0.00 0.00 0.00 0.00 0.00 0.00 0.00 0.00 0.00 0.00 0.00
4.36 4.36 4.36 1.41 4.37 4.38 4.38 4.39 4.40 4.40 3.81 1.46 1.46 1.47 5.61 4.92 4.94 5.62 5.63 4.30 5.63 5.64 1.69 5.64 5.64 5.64 5.89 4.96 5.64 5.04 4.81 5.05 5.68 5.67 5.67 4.91 4.33 5.67 5.11 5.12 1.54 5.13 5.66 5.66 1.68 1.69 1.69 5.32 0.00 0.00 0.00 0.00 0.00 0.00 0.00 0.00 0.00 0.00 0.00 0.00 0.00 0.00 0.00 0.00 0.00 0.00 0.00 0.00 0.00 0.00 0.00 0.00 0.00 0.00 0.00 0.00 0.00 0.00 0.00 0.00 0.00 0.00 0.00 0.00
4.36 4.37 4.37 4.37 4.38 4.39 4.39 4.40 3.91 3.81 1.46 1.46 4.45 5.61 5.62 5.62 4.95 4.56 5.63 5.85 4.31 5.86 5.64 5.64 5.64 4.32 4.32 5.03 4.99 5.01 5.07 1.60 5.68 5.68 5.67 4.33 1.63 1.64 4.33 5.12 5.20 5.66 5.66 5.66 1.68 5.31 5.31 5.65 0.00 0.00 0.00 0.00 0.00 0.00 0.00 0.00 0.00 0.00 0.00 0.00 0.00 0.00 0.00 0.00 0.00 0.00 0.00 0.00 0.00 0.00 0.00 0.00 0.00 0.00 0.00 0.00 0.00 0.00 0.00 0.00 0.00 0.00 0.00 0.00
4.60 4.37 4.38 4.38 4.39 4.39 4.40 4.40 4.41 1.45 1.46 2.15 4.47 4.49 5.62 4.73 4.75 4.96 5.64 5.64 4.31 5.87 5.01 4.69 5.64 5.02 5.03 5.03 5.04 5.68 1.59 1.60 1.60 5.68 5.67 5.67 5.67 5.67 1.64 1.65 5.66 1.66 5.66 1.68 5.30 0.00 0.00 0.00 0.00 0.00 0.00 0.00 0.00 0.00 0.00 0.00 0.00 0.00 0.00 0.00 0.00 0.00 0.00 0.00 0.00 0.00 0.00 0.00 0.00 0.00 0.00 0.00 0.00 0.00 0.00 0.00 0.00 0.00 0.00 0.00 0.00 0.00 0.00 0.00
4.38 4.38 3.77 4.39 4.39 3.90 3.80 3.81 3.82 1.46 1.46 1.47 5.62 4.50 5.63 4.95 4.96 1.51 5.64 5.64 5.64 5.64 4.68 4.70 5.64 4.73 5.03 5.04 5.68 5.68 5.08 5.68 1.61 1.61 5.67 5.97 5.11 5.67 5.66 1.65 5.66 5.66 5.01 5.30 5.30 0.00 0.00 0.00 0.00 0.00 0.00 0.00 0.00 0.00 0.00 0.00 0.00 0.00 0.00 0.00 0.00 0.00 0.00 0.00 0.00 0.00 0.00 0.00 0.00 0.00 0.00 0.00 0.00 0.00 0.00 0.00 0.00 0.00 0.00 0.00 0.00 0.00 0.00 0.00
4.38 4.39 3.89 4.39 4.40 3.91 3.92 4.42 4.42 3.94 4.89 4.91 4.49 4.51 4.53 4.55 4.97 1.51 1.52 5.65 5.65 4.67 4.69 4.70 5.64 4.74 5.04 4.78 1.58 1.59 5.68 4.34 4.34 1.61 5.67 5.67 2.39 1.64 1.65 1.65 1.66 5.66 5.65 5.30 5.65 0.00 0.00 0.00 0.00 0.00 0.00 0.00 0.00 0.00 0.00 0.00 0.00 0.00 0.00 0.00 0.00 0.00 0.00 0.00 0.00 0.00 0.00 0.00 0.00 0.00 0.00 0.00 0.00 0.00 0.00 0.00 0.00 0.00 0.00 0.00 0.00 0.00 0.00 0.00
4.39 1.42 1.43 1.43 3.80 4.41 4.42 3.27 4.43 4.89 4.47 4.49 5.81 4.53 4.55 4.97 1.51 1.52 1.52 5.65 4.66 4.68 4.70 4.71 4.73 5.65 4.77 1.58 1.58 5.08 4.84 4.86 5.09 5.67 5.67 5.67 2.40 1.64 1.65 5.28 5.28 5.65 5.65 5.65 5.65 0.00 0.00 0.00 0.00 0.00 0.00 0.00 0.00 0.00 0.00 0.00 0.00 0.00 0.00 0.00 0.00 0.00 0.00 0.00 0.00 0.00 0.00 0.00 0.00 0.00 0.00 0.00 0.00 0.00 0.00 0.00 0.00 0.00 0.00 0.00 0.00 0.00 0.00 0.00
4.40 1.43 1.44 3.91 3.92 3.82 4.42 4.43 4.43 4.47 4.48 4.50 4.31 4.54 4.56 4.98 4.59 4.99 2.24 1.53 4.67 4.69 5.65 5.65 4.74 4.76 1.57 1.58 4.81 4.83 5.08 1.60 1.61 2.37 5.97 5.26 5.66 5.27 5.27 5.66 5.65 0.00 0.00 0.00 0.00 0.00 0.00 0.00 0.00 0.00 0.00 0.00 0.00 0.00 0.00 0.00 0.00 0.00 0.00 0.00 0.00 0.00 0.00 0.00 0.00 0.00 0.00 0.00 0.00 0.00 0.00 0.00 0.00 0.00 0.00 0.00 0.00 0.00 0.00 0.00 0.00 0.00 0.00 0.00
