New_Model_Runs/1_Original_run_out/post_prcessed_with_MFR/Monthly_summaries/interception_monthly_AUG.asc
NCOLS 700
NROWS 400
XLLCENTER 515000.000000
YLLCENTER 8409000.000000
CELLSIZE 50.000000
NODATA_value -999.000000
[rows 228 to 265 of 400, columns 84 to 167 of 700]
1.75 1.75 1.76 1.76 1.75 1.76 1.76 1.77 1.78 1.79 1.79 1.80 1.84 1.84 1.85 1.85 1.97 1.98 1.98 1.99 2.02 2.03 2.03 2.04 1.95 1.96 1.96 1.97 1.92 1.92 1.92 1.93 1.87 1.88 1.88 1.88 1.81 1.81 1.81 1.81 1.78 1.78 1.79 1.79 1.85 1.85 1.85 1.85 1.93 1.93 1.93 1.93 1.97 1.97 1.97 1.97 1.90 1.91 1.91 1.91 1.85 1.85 1.85 1.85 1.88 1.88 1.88 1.88 1.92 1.92 1.92 1.93 1.87 1.87 1.87 1.87 1.82 1.82 1.82 1.83 1.85 1.85 1.85 1.85
1.75 1.75 1.76 1.76 1.75 1.76 1.76 1.77 1.78 1.79 1.79 1.80 1.84 1.84 1.85 1.85 1.97 1.98 1.98 1.99 2.02 2.03 2.03 2.04 1.95 1.96 1.96 1.97 1.92 1.92 1.92 1.93 1.87 1.88 1.88 1.88 1.81 1.81 1.81 1.81 1.78 1.78 1.79 1.79 1.84 1.85 1.85 1.85 1.92 1.93 1.93 1.93 1.97 1.97 1.97 1.97 1.90 1.90 1.90 1.91 1.84 1.85 1.85 1.85 1.88 1.88 1.88 1.88 1.92 1.92 1.92 1.92 1.87 1.87 1.87 1.87 1.82 1.82 1.82 1.82 1.85 1.85 1.85 1.85
1.75 1.76 1.76 1.77 1.76 1.76 1.77 1.77 1.78 1.79 1.79 1.80 1.84 1.84 1.85 1.85 1.97 1.98 1.98 1.99 2.02 2.03 2.03 2.04 1.95 1.96 1.96 1.97 1.92 1.92 1.92 1.93 1.87 1.87 1.88 1.88 1.81 1.81 1.81 1.81 1.78 1.78 1.78 1.79 1.84 1.85 1.85 1.85 1.92 1.93 1.93 1.93 1.96 1.97 1.97 1.97 1.90 1.90 1.90 1.90 1.84 1.84 1.84 1.85 1.88 1.88 1.88 1.88 1.92 1.92 1.92 1.92 1.87 1.87 1.87 1.87 1.82 1.82 1.82 1.82 1.85 1.85 1.85 1.85
1.75 1.76 1.76 1.77 1.76 1.76 1.77 1.77 1.78 1.79 1.79 1.80 1.84 1.84 1.85 1.85 1.97 1.98 1.98 1.99 2.02 2.03 2.03 2.04 1.95 1.96 1.96 1.97 1.92 1.92 1.92 1.93 1.87 1.87 1.88 1.88 1.81 1.81 1.81 1.81 1.78 1.78 1.78 1.79 1.84 1.84 1.85 1.85 1.92 1.92 1.92 1.93 1.96 1.96 1.97 1.97 1.90 1.90 1.90 1.90 1.84 1.84 1.84 1.84 1.87 1.88 1.88 1.88 1.92 1.92 1.92 1.92 1.87 1.87 1.87 1.87 1.82 1.82 1.82 1.82 1.84 1.85 1.85 1.85
1.85 1.86 1.86 1.87 1.88 1.89 1.90 1.90 1.91 1.92 1.93 1.93 2.00 2.00 2.01 2.02 2.08 2.09 2.09 2.10 2.03 2.03 2.04 2.04 1.95 1.96 1.96 1.96 1.90 1.90 1.91 1.91 1.82 1.82 1.82 1.82 1.83 1.83 1.83 1.83 1.88 1.88 1.89 1.89 1.93 1.93 1.93 1.94 1.93 1.93 1.93 1.93 1.86 1.86 1.86 1.86 1.76 1.76 1.76 1.76 1.75 1.75 1.75 1.75 1.83 1.83 1.84 1.84 1.88 1.88 1.88 1.88 1.79 1.79 1.79 1.79 1.72 1.72 1.73 1.73 1.71 1.72 1.72 1.72
1.85 1.86 1.86 1.87 1.88 1.89 1.90 1.90 1.91 1.92 1.92 1.93 2.00 2.00 2.01 2.02 2.08 2.09 2.09 2.10 2.03 2.03 2.04 2.04 1.95 1.95 1.96 1.96 1.90 1.90 1.90 1.91 1.81 1.82 1.82 1.82 1.82 1.83 1.83 1.83 1.88 1.88 1.89 1.89 1.93 1.93 1.93 1.93 1.93 1.93 1.93 1.93 1.85 1.85 1.86 1.86 1.76 1.76 1.76 1.76 1.75 1.75 1.75 1.75 1.83 1.83 1.83 1.83 1.87 1.87 1.87 1.88 1.79 1.79 1.79 1.79 1.72 1.72 1.72 1.72 1.71 1.71 1.71 1.71
1.85 1.86 1.86 1.87 1.88 1.89 1.90 1.90 1.91 1.92 1.92 1.93 2.00 2.00 2.01 2.01 2.08 2.09 2.09 2.10 2.03 2.03 2.04 2.04 1.95 1.95 1.96 1.96 1.90 1.90 1.90 1.91 1.81 1.82 1.82 1.82 1.82 1.82 1.83 1.83 1.88 1.88 1.88 1.89 1.93 1.93 1.93 1.93 1.92 1.92 1.93 1.93 1.85 1.85 1.85 1.85 1.76 1.76 1.76 1.76 1.74 1.74 1.75 1.75 1.83 1.83 1.83 1.83 1.87 1.87 1.87 1.87 1.79 1.79 1.79 1.79 1.72 1.72 1.72 1.72 1.71 1.71 1.71 1.71
1.85 1.86 1.86 1.87 1.88 1.89 1.90 1.90 1.91 1.92 1.92 1.93 2.00 2.00 2.01 2.01 2.08 2.09 2.09 2.10 2.03 2.03 2.03 2.04 1.95 1.95 1.95 1.96 1.89 1.90 1.90 1.90 1.81 1.81 1.82 1.82 1.82 1.82 1.83 1.83 1.88 1.88 1.88 1.88 1.92 1.92 1.93 1.93 1.92 1.92 1.92 1.92 1.85 1.85 1.85 1.85 1.75 1.75 1.76 1.76 1.74 1.74 1.74 1.74 1.82 1.83 1.83 1.83 1.87 1.87 1.87 1.87 1.78 1.78 1.78 1.78 1.72 1.72 1.72 1.72 1.71 1.71 1.71 1.71
1.97 1.97 1.98 1.98 1.99 2.00 2.00 2.01 2.03 2.03 2.04 2.05 2.06 2.07 2.07 2.08 1.97 1.98 1.98 1.99 1.85 1.85 1.86 1.86 1.80 1.80 1.80 1.81 1.75 1.75 1.76 1.76 1.76 1.76 1.76 1.76 1.85 1.85 1.85 1.86 1.88 1.88 1.89 1.89 1.82 1.83 1.83 1.83 1.75 1.75 1.76 1.76 1.68 1.68 1.68 1.68 1.62 1.62 1.62 1.62 1.64 1.64 1.64 1.64 1.78 1.78 1.78 1.78 1.83 1.83 1.83 1.83 1.73 1.73 1.73 1.73 1.67 1.67 1.67 1.67 1.64 1.64 1.64 1.64
1.96 1.97 1.98 1.98 1.99 1.99 2.00 2.01 2.03 2.03 2.04 2.04 2.06 2.07 2.07 2.08 1.97 1.97 1.98 1.98 1.85 1.85 1.86 1.86 1.80 1.80 1.80 1.81 1.75 1.75 1.75 1.76 1.75 1.76 1.76 1.76 1.85 1.85 1.85 1.85 1.88 1.88 1.88 1.89 1.82 1.82 1.82 1.83 1.75 1.75 1.75 1.75 1.68 1.68 1.68 1.68 1.61 1.61 1.61 1.62 1.64 1.64 1.64 1.64 1.78 1.78 1.78 1.78 1.83 1.83 1.83 1.83 1.72 1.72 1.72 1.72 1.67 1.67 1.67 1.67 1.64 1.64 1.64 1.64
1.96 1.97 1.98 1.98 1.99 1.99 2.00 2.00 2.02 2.03 2.04 2.04 2.06 2.06 2.07 2.07 1.97 1.97 1.98 1.98 1.85 1.85 1.85 1.86 1.80 1.80 1.80 1.80 1.75 1.75 1.75 1.76 1.75 1.75 1.76 1.76 1.84 1.85 1.85 1.85 1.88 1.88 1.88 1.88 1.82 1.82 1.82 1.82 1.75 1.75 1.75 1.75 1.67 1.67 1.67 1.68 1.61 1.61 1.61 1.61 1.63 1.63 1.63 1.64 1.77 1.77 1.77 1.77 1.82 1.82 1.82 1.83 1.72 1.72 1.72 1.72 1.66 1.67 1.67 1.67 1.63 1.64 1.64 1.64
1.96 1.97 1.97 1.98 1.98 1.99 2.00 2.00 2.02 2.03 2.03 2.04 2.05 2.06 2.07 2.07 1.97 1.97 1.97 1.98 1.84 1.85 1.85 1.85 1.79 1.80 1.80 1.80 1.75 1.75 1.75 1.75 1.75 1.75 1.75 1.76 1.84 1.84 1.85 1.85 1.87 1.88 1.88 1.88 1.82 1.82 1.82 1.82 1.75 1.75 1.75 1.75 1.67 1.67 1.67 1.67 1.61 1.61 1.61 1.61 1.63 1.63 1.63 1.63 1.77 1.77 1.77 1.77 1.82 1.82 1.82 1.82 1.72 1.72 1.72 1.72 1.66 1.66 1.66 1.66 1.63 1.63 1.63 1.63
2.01 2.01 2.02 2.02 1.98 1.99 2.00 2.00 1.97 1.98 1.98 1.99 1.95 1.95 1.96 1.96 1.79 1.79 1.79 1.80 1.69 1.69 1.70 1.70 1.64 1.64 1.65 1.65 1.65 1.65 1.66 1.66 1.76 1.76 1.77 1.77 1.82 1.82 1.83 1.83 1.82 1.82 1.82 1.82 1.75 1.75 1.75 1.75 1.64 1.64 1.64 1.64 1.56 1.56 1.56 1.56 1.54 1.54 1.54 1.54 1.63 1.63 1.64 1.64 1.81 1.81 1.81 1.81 1.82 1.82 1.82 1.83 1.72 1.72 1.72 1.72 1.65 1.65 1.65 1.65 1.58 1.58 1.58 1.58
1.97 1.98 2.02 2.02 1.98 1.99 1.99 2.00 1.97 1.98 1.98 1.99 1.95 1.95 1.96 1.96 1.78 1.79 1.79 1.79 1.69 1.69 1.69 1.70 1.64 1.64 1.64 1.65 1.65 1.65 1.65 1.66 1.76 1.76 1.76 1.76 1.82 1.82 1.82 1.82 1.81 1.82 1.82 1.82 1.74 1.74 1.75 1.75 1.63 1.63 1.63 1.64 1.56 1.56 1.56 1.56 1.54 1.54 1.54 1.54 1.63 1.63 1.63 1.63 1.80 1.80 1.80 1.80 1.82 1.82 1.82 1.82 1.71 1.72 1.72 1.72 1.65 1.65 1.65 1.65 1.58 1.58 1.58 1.58
1.97 1.97 1.98 1.99 1.95 1.95 1.99 2.00 1.97 1.97 1.98 1.98 1.94 1.95 1.95 1.96 1.78 1.78 1.79 1.79 1.69 1.69 1.69 1.69 1.64 1.64 1.64 1.64 1.65 1.65 1.65 1.65 1.76 1.76 1.76 1.76 1.81 1.82 1.82 1.82 1.81 1.81 1.81 1.82 1.74 1.74 1.74 1.74 1.63 1.63 1.63 1.63 1.56 1.56 1.56 1.56 1.53 1.53 1.53 1.53 1.63 1.63 1.63 1.63 1.80 1.80 1.80 1.80 1.81 1.82 1.82 1.82 1.71 1.71 1.71 1.71 1.64 1.64 1.64 1.64 1.57 1.57 1.57 1.57
1.96 1.97 1.98 1.98 1.94 1.95 1.96 1.96 1.94 1.97 1.97 1.98 1.94 1.94 1.95 1.95 1.78 1.78 1.78 1.79 1.68 1.69 1.69 1.69 1.64 1.64 1.64 1.64 1.64 1.65 1.65 1.65 1.75 1.75 1.76 1.76 1.81 1.81 1.82 1.82 1.81 1.81 1.81 1.81 1.74 1.74 1.74 1.74 1.63 1.63 1.63 1.63 1.56 1.56 1.56 1.56 1.53 1.53 1.53 1.53 1.63 1.63 1.63 1.63 1.79 1.79 1.79 1.79 1.81 1.81 1.81 1.81 1.71 1.71 1.71 1.71 1.64 1.64 1.64 1.64 1.57 1.57 1.57 1.57
1.94 1.94 1.95 1.96 1.90 1.90 1.91 1.92 1.90 1.91 1.91 1.92 1.87 1.87 1.88 1.88 1.71 1.72 1.72 1.72 1.59 1.59 1.59 1.60 1.54 1.54 1.54 1.55 1.63 1.64 1.64 1.64 1.80 1.80 1.80 1.80 1.80 1.81 1.81 1.81 1.79 1.80 1.80 1.80 1.75 1.75 1.75 1.75 1.60 1.60 1.60 1.60 1.50 1.50 1.50 1.50 1.55 1.55 1.55 1.55 1.72 1.72 1.72 1.72 1.83 1.83 1.83 1.83 1.82 1.82 1.82 1.82 1.77 1.77 1.77 1.77 1.67 1.67 1.67 1.67 1.52 1.52 1.53 1.53
1.93 1.94 1.95 1.95 1.89 1.90 1.91 1.91 1.90 1.90 1.91 1.91 1.84 1.84 1.84 1.87 1.71 1.71 1.72 1.72 1.59 1.59 1.59 1.59 1.54 1.54 1.54 1.35 1.63 1.63 1.64 1.64 1.79 1.79 1.80 1.80 1.80 1.80 1.80 1.81 1.79 1.79 1.79 1.79 1.75 1.75 1.75 1.75 1.60 1.60 1.60 1.60 1.50 1.50 1.50 0.00 1.55 1.55 1.55 1.55 1.71 1.71 1.71 1.71 1.83 1.83 1.83 1.83 1.82 1.82 1.82 1.82 1.76 1.77 1.77 1.77 1.66 1.66 1.66 1.66 1.52 1.52 1.52 1.52
1.93 1.94 1.94 1.95 1.89 1.89 1.90 1.91 1.89 1.90 1.90 1.91 1.83 1.83 1.84 1.84 1.68 1.68 1.69 1.71 1.58 1.59 1.59 1.59 1.54 1.54 1.54 1.35 0.00 0.00 1.63 1.63 1.79 1.79 1.79 1.80 1.80 1.80 1.80 1.80 1.79 1.79 1.79 1.79 1.74 1.75 1.75 1.75 1.60 1.60 1.60 1.60 1.50 1.50 1.50 1.50 1.55 1.55 1.55 1.55 1.71 1.71 1.71 1.71 1.82 1.82 1.82 1.82 1.81 1.81 1.81 1.81 1.76 1.76 1.76 1.76 1.66 1.66 1.66 1.66 1.52 1.52 1.52 1.52
1.92 1.93 1.94 1.94 1.88 1.89 1.90 1.90 1.89 1.89 1.90 1.90 1.83 1.83 1.83 1.84 1.68 1.68 1.68 1.69 1.56 1.56 1.58 1.59 1.53 1.54 1.54 0.00 0.00 0.00 0.00 1.63 1.78 1.79 1.79 1.79 1.79 1.79 1.80 1.80 1.78 1.78 1.78 1.79 1.74 1.74 1.74 1.74 1.59 1.60 1.60 1.60 1.50 1.50 1.50 1.50 1.54 1.54 1.54 1.54 1.71 1.71 1.71 1.71 1.82 1.82 1.82 1.82 1.81 1.81 1.81 1.81 1.75 1.75 1.76 1.76 1.65 1.65 1.65 1.65 1.52 1.52 1.52 1.52
1.91 1.92 1.92 1.93 1.86 1.87 1.87 1.88 1.87 1.88 1.88 1.89 1.82 1.82 1.83 1.83 1.64 1.65 1.65 1.65 1.50 1.50 1.50 1.51 1.51 1.53 1.34 0.00 0.00 0.00 1.67 1.67 1.81 1.81 1.81 1.81 1.79 1.79 1.79 1.79 1.76 1.76 1.77 1.77 1.78 1.78 1.78 1.78 1.65 1.65 1.65 1.65 1.52 1.52 1.52 1.52 1.61 1.61 1.61 1.61 1.76 1.76 1.76 1.76 1.81 1.81 1.81 1.81 1.81 1.81 1.82 1.82 1.81 1.81 1.81 1.81 1.67 1.67 1.67 1.67 1.54 1.54 1.54 1.54
1.90 1.91 1.92 1.92 1.86 1.86 1.87 1.87 1.87 1.87 1.88 1.88 1.81 1.82 1.82 1.83 1.64 1.64 1.64 1.65 1.50 1.50 1.50 1.50 1.50 1.51 1.51 1.29 0.00 0.00 1.67 1.67 1.80 1.80 1.81 1.81 1.78 1.79 1.79 1.79 1.76 1.76 1.76 1.76 1.77 1.78 1.78 1.78 1.64 1.64 1.64 1.64 1.51 1.51 0.00 0.00 1.60 1.60 1.60 1.60 1.75 1.75 1.75 1.75 1.80 1.80 1.80 1.80 1.81 1.81 1.81 1.81 1.80 1.80 1.80 1.80 1.67 1.67 1.67 1.67 1.53 1.53 1.53 1.53
1.90 1.90 1.91 1.92 1.85 1.86 1.86 1.87 1.86 1.87 1.87 1.88 1.81 1.81 1.82 1.82 1.63 1.64 1.64 1.64 1.49 0.00 1.50 1.50 0.00 1.50 1.50 1.51 1.63 1.35 1.64 1.64 1.80 1.80 1.80 1.80 1.78 1.78 1.78 1.78 1.75 1.75 1.75 1.76 1.77 1.77 1.77 1.77 1.64 1.64 1.64 1.64 1.51 1.51 0.00 0.00 1.60 1.60 1.60 1.60 1.75 1.75 1.75 1.75 1.80 1.80 1.80 1.80 1.80 1.80 1.80 1.80 1.80 1.80 1.80 1.80 1.66 1.66 1.66 1.66 1.53 1.53 1.53 1.53
1.89 1.90 1.90 1.91 1.85 1.85 1.86 1.86 1.86 1.86 1.86 1.87 1.80 1.81 1.81 1.81 1.63 1.63 1.63 1.64 0.00 0.00 0.00 0.00 0.00 1.50 1.50 1.50 1.63 1.63 0.00 1.64 1.77 1.77 1.77 1.80 1.77 1.77 1.78 1.78 1.75 1.75 1.75 1.75 1.76 1.76 1.76 1.77 1.63 1.63 1.63 1.63 1.51 1.51 1.51 0.00 1.60 1.60 1.60 1.60 1.74 1.74 1.74 1.74 1.79 1.48 1.48 1.79 1.80 1.80 1.80 1.80 1.79 1.79 1.79 1.79 1.66 1.66 1.66 1.66 1.53 1.53 1.53 1.53
1.86 1.87 1.87 1.88 1.83 1.84 1.84 1.85 1.85 1.86 1.86 1.87 1.78 1.78 1.79 1.79 1.63 1.64 1.64 1.64 0.00 0.00 0.00 0.00 0.00 1.50 1.51 1.51 0.00 1.62 0.00 1.62 1.74 1.74 1.75 1.75 1.74 1.74 1.77 1.77 1.73 1.73 1.73 1.73 1.79 1.79 1.79 1.79 1.71 1.72 1.72 1.72 0.00 0.00 1.57 1.57 1.65 1.65 1.65 1.65 1.74 1.74 1.74 1.74 1.75 0.00 0.00 1.75 1.82 1.82 1.82 1.82 1.83 1.83 1.84 1.84 1.65 1.65 1.65 1.65 1.52 1.52 1.52 1.52
1.85 1.86 1.86 1.87 1.83 1.83 1.84 1.84 1.85 1.85 1.85 1.86 1.77 1.78 1.78 1.79 1.63 1.63 1.63 1.64 0.00 0.00 0.00 0.00 0.00 0.00 0.00 0.00 0.00 1.61 0.00 1.62 1.73 1.74 1.74 1.74 1.73 1.73 1.74 1.74 1.70 1.70 1.73 1.73 1.78 1.78 1.78 1.78 1.71 1.71 1.71 1.71 1.57 0.00 0.00 0.00 1.64 1.64 1.64 1.64 1.73 1.44 1.73 1.73 1.74 1.74 1.74 1.74 1.81 1.81 1.81 1.81 1.83 1.83 1.83 1.83 1.65 1.65 1.65 1.65 1.52 1.52 1.52 1.52
1.85 1.85 0.00 0.00 1.82 1.83 1.83 1.84 1.84 1.84 1.85 1.85 1.77 0.00 0.00 0.00 0.00 0.00 0.00 1.63 0.00 0.00 0.00 0.00 0.00 0.00 0.00 0.00 0.00 0.00 1.61 1.61 1.73 1.73 1.73 1.73 1.72 0.00 0.00 1.73 1.69 1.69 1.70 1.70 1.75 1.77 1.77 1.78 1.70 1.70 1.70 1.71 1.56 0.00 0.00 0.00 1.64 1.64 1.64 1.40 1.44 1.44 1.44 1.44 1.74 1.74 1.74 1.74 1.80 1.80 1.80 1.80 1.82 1.82 1.82 1.82 1.64 1.64 1.64 1.64 1.51 1.51 1.51 1.51
1.42 0.00 0.00 0.00 1.82 1.82 1.82 1.83 1.83 1.84 1.84 1.84 1.76 1.76 1.77 0.00 0.00 0.00 1.62 0.00 0.00 0.00 0.00 0.00 0.00 0.00 0.00 0.00 0.00 0.00 0.00 1.60 1.72 1.72 1.72 1.72 1.72 0.00 0.00 1.72 1.69 1.69 1.69 0.00 1.74 1.74 1.74 1.74 1.70 1.70 1.70 1.70 1.56 1.56 0.00 0.00 1.63 1.63 1.63 1.63 1.44 1.44 0.00 1.44 1.73 1.73 1.73 1.73 1.80 1.80 1.80 1.80 1.81 1.81 1.81 1.81 1.63 1.63 1.64 1.64 1.51 1.51 1.51 1.51
1.81 0.00 0.00 0.00 1.81 1.82 1.82 1.83 1.84 1.84 1.84 1.85 1.73 1.74 1.74 1.74 0.00 1.62 0.00 0.00 0.00 0.00 0.00 0.00 0.00 0.00 0.00 0.00 0.00 0.00 0.00 1.65 1.68 1.68 1.69 1.69 1.73 0.00 0.00 1.74 1.71 1.71 1.71 1.71 1.75 1.75 1.75 1.75 1.73 1.74 1.74 1.76 1.64 1.64 0.00 0.00 0.00 1.63 1.63 1.63 1.69 1.42 1.69 1.69 1.73 1.73 1.73 1.73 1.83 1.83 1.83 1.83 1.83 1.83 1.83 1.83 1.64 1.64 1.64 1.64 1.47 1.47 1.47 1.48
0.00 0.00 0.00 0.00 1.81 1.81 1.82 0.00 1.83 1.83 1.84 1.84 1.73 1.73 1.73 1.74 1.61 1.61 1.62 1.62 0.00 0.00 0.00 0.00 0.00 0.00 0.00 0.00 0.00 0.00 0.00 1.64 1.68 1.68 1.68 1.68 1.72 1.72 0.00 1.73 1.70 1.70 1.70 0.00 0.00 1.74 1.74 1.75 1.73 1.73 1.73 1.73 1.61 1.61 1.61 0.00 0.00 0.00 1.62 1.62 1.42 0.00 1.68 1.68 1.72 1.72 1.72 1.43 1.82 1.82 1.82 1.82 1.82 1.82 1.82 1.82 1.63 1.63 1.63 1.63 1.47 1.47 1.47 0.00
0.00 0.00 0.00 0.00 0.00 1.80 1.81 1.81 1.82 1.82 1.83 1.83 1.72 1.72 1.73 1.73 1.60 1.61 0.00 0.00 0.00 0.00 0.00 0.00 0.00 0.00 0.00 0.00 0.00 0.00 0.00 0.00 0.00 0.00 1.67 1.67 1.71 1.72 1.72 1.72 1.69 1.69 1.69 0.00 0.00 1.73 1.74 1.74 1.72 1.72 1.72 1.72 1.60 1.60 1.60 0.00 0.00 0.00 1.62 1.62 1.68 1.68 1.68 1.68 1.72 1.71 1.71 1.71 1.81 1.81 1.81 1.81 1.81 1.81 1.81 1.81 1.63 1.63 1.63 1.63 1.47 1.47 0.00 0.00
0.00 0.00 0.00 0.00 0.00 1.80 1.80 1.80 1.81 1.82 1.82 1.82 1.71 1.72 0.00 0.00 0.00 1.60 0.00 0.00 0.00 0.00 0.00 0.00 0.00 0.00 0.00 0.00 0.00 0.00 0.00 0.00 0.00 0.00 1.66 1.66 1.71 1.71 0.00 1.71 1.68 1.69 1.69 0.00 1.72 1.72 1.73 1.73 1.71 1.71 1.71 1.71 1.59 1.59 1.59 0.00 1.32 0.00 0.00 1.59 1.65 1.67 1.67 1.67 1.71 1.71 1.71 1.71 1.80 1.80 1.80 1.80 1.80 1.80 1.80 0.00 1.62 1.62 1.62 1.62 1.46 1.46 1.46 1.46
0.00 0.00 0.00 0.00 0.00 1.83 1.84 1.84 1.83 1.83 1.83 1.84 1.69 1.69 0.00 0.00 0.00 0.00 0.00 0.00 0.00 0.00 0.00 0.00 0.00 0.00 0.00 0.00 0.00 0.00 0.00 0.00 0.00 0.00 0.00 1.68 1.74 1.75 1.75 0.00 1.72 1.72 1.72 1.73 1.73 1.73 1.73 1.73 1.73 1.73 1.73 1.74 1.63 1.63 1.64 0.00 0.00 0.00 0.00 1.61 1.67 1.67 1.36 1.67 1.75 1.75 1.75 1.75 1.80 1.80 1.80 1.80 1.79 1.79 1.79 1.79 1.68 1.68 1.68 1.68 1.51 1.51 1.51 1.52
1.80 0.00 0.00 0.00 1.82 1.82 1.83 1.83 1.82 1.82 1.83 1.83 1.68 1.69 0.00 0.00 0.00 0.00 0.00 0.00 0.00 0.00 0.00 0.00 0.00 0.00 0.00 0.00 0.00 0.00 0.00 0.00 0.00 0.00 0.00 1.68 1.73 1.74 1.74 1.74 1.71 1.71 1.72 1.72 0.00 0.00 0.00 1.72 1.72 1.72 1.72 1.73 1.63 1.63 1.63 1.63 0.00 0.00 1.60 1.60 1.66 0.00 1.36 1.66 1.38 1.71 1.71 1.71 1.80 1.80 1.79 1.79 1.78 1.78 1.78 1.78 1.40 1.68 1.68 1.68 1.51 1.51 1.51 0.00
1.80 1.80 1.80 1.81 1.81 1.82 1.82 1.82 1.81 1.81 0.00 1.82 1.68 0.00 0.00 0.00 0.00 0.00 0.00 0.00 0.00 0.00 0.00 0.00 0.00 0.00 0.00 0.00 0.00 0.00 0.00 0.00 0.00 0.00 0.00 0.00 1.73 1.73 1.73 0.00 1.70 1.71 0.00 1.71 1.71 0.00 0.00 1.71 1.71 1.71 1.72 1.38 1.33 1.62 1.62 0.00 0.00 0.00 1.59 1.59 1.65 0.00 1.35 1.35 1.38 1.71 1.71 1.70 1.76 1.76 1.76 1.79 1.77 1.77 1.77 1.77 1.67 1.67 1.67 1.67 1.50 1.51 1.51 0.00
1.79 1.79 1.80 0.00 0.00 0.00 1.81 1.81 0.00 1.80 1.81 1.81 0.00 0.00 0.00 0.00 0.00 0.00 0.00 0.00 0.00 0.00 0.00 0.00 0.00 0.00 0.00 0.00 0.00 0.00 0.00 0.00 0.00 0.00 0.00 0.00 1.72 0.00 0.00 1.72 1.69 0.00 0.00 0.00 0.00 0.00 0.00 1.70 1.70 1.71 1.71 1.37 1.32 1.61 0.00 0.00 0.00 1.58 1.59 1.59 1.64 1.34 1.34 1.34 1.37 1.70 1.70 1.70 1.39 1.75 1.75 1.75 1.73 1.73 1.76 1.76 1.66 1.66 1.66 1.66 1.50 1.50 1.50 0.00
1.78 1.78 1.78 1.37 0.00 0.00 1.81 1.82 1.82 0.00 0.00 0.00 0.00 0.00 0.00 0.00 0.00 0.00 0.00 0.00 0.00 0.00 0.00 0.00 0.00 0.00 0.00 0.00 0.00 0.00 0.00 0.00 0.00 0.00 0.00 1.72 0.00 0.00 1.76 1.77 1.71 0.00 0.00 0.00 0.00 0.00 1.71 1.71 1.71 1.71 1.71 0.00 0.00 1.62 1.33 0.00 0.00 0.00 1.63 1.63 1.69 1.69 1.36 0.00 1.37 0.00 1.70 1.70 1.71 1.71 1.71 1.71 1.72 1.72 1.72 1.72 1.67 1.67 1.71 1.71 1.58 1.58 1.58 0.00
1.77 1.77 1.77 1.78 0.00 0.00 1.80 1.81 1.81 1.82 0.00 0.00 0.00 0.00 0.00 0.00 0.00 0.00 0.00 0.00 0.00 0.00 0.00 0.00 0.00 0.00 0.00 0.00 0.00 0.00 0.00 0.00 0.00 1.71 1.71 0.00 0.00 1.75 1.75 1.76 1.70 1.70 0.00 0.00 1.70 1.70 1.70 1.70 1.70 1.70 1.70 0.00 0.00 1.61 1.62 0.00 0.00 0.00 1.62 1.62 1.68 1.68 0.00 0.00 0.00 0.00 1.69 1.69 1.70 1.70 1.70 1.70 1.71 1.71 1.71 1.71 1.67 1.67 1.67 1.67 1.54 1.58 1.58 1.58
