New_Model_Runs/1_Original_run_out/post_prcessed_with_MFR/Monthly_summaries/net_infiltration_monthly_JUL.asc
NCOLS 700
NROWS 400
XLLCENTER 515000.000000
YLLCENTER 8409000.000000
CELLSIZE 50.000000
NODATA_value -999.000000
[rows 111 to 147 of 400, columns 420 to 503 of 700]
7.58 7.82 7.78 7.74 7.73 7.69 5.66 5.63 5.62 5.59 5.57 5.54 5.49 5.47 5.45 5.43 5.48 5.47 5.45 5.44 5.58 5.56 5.55 5.77 7.29 7.25 10.69 7.21 7.47 6.56 10.70 7.56 7.31 6.51 6.49 8.19 8.27 6.68 8.03 7.13 7.62 6.96 6.94 6.93 6.79 7.41 6.76 6.74 6.66 6.64 6.62 6.61 6.71 6.70 6.69 6.68 6.90 6.88 6.20 10.16 6.61 6.36 6.31 9.95 6.45 6.41 4.78 4.75 6.55 6.51 6.08 7.51 7.19 5.65 5.61 5.58 5.70 5.66 5.60 5.53 5.59 5.52 6.08 6.00
7.57 7.81 7.77 7.74 7.75 8.16 7.68 5.65 5.62 5.59 6.34 5.54 5.55 5.53 5.51 5.50 5.60 5.59 5.58 5.56 5.66 5.65 5.64 5.86 7.37 7.35 8.15 10.25 7.50 7.31 10.98 7.45 7.41 6.93 7.37 8.29 8.19 8.17 8.94 7.22 7.09 7.07 7.06 7.04 6.87 6.86 6.84 6.82 6.81 6.79 6.77 6.76 6.95 6.94 6.93 6.92 7.05 7.04 10.35 9.92 5.65 4.96 6.14 8.48 6.08 6.05 6.01 4.82 5.26 6.58 5.58 5.97 5.72 5.87 5.82 5.78 5.78 5.73 5.68 5.62 5.67 6.25 6.32 6.09
7.59 7.56 8.25 7.77 7.79 7.75 7.71 5.68 6.43 5.62 6.96 5.57 5.58 5.56 5.54 5.53 5.64 5.63 5.62 5.61 5.71 5.70 5.69 7.22 7.44 7.42 6.79 10.80 7.38 7.36 12.77 8.35 7.49 7.48 7.46 7.44 7.37 7.35 7.33 7.31 7.18 7.16 7.15 7.13 6.97 6.95 6.93 6.91 6.90 6.88 6.86 6.85 7.04 7.03 7.02 7.86 7.15 6.45 10.05 5.07 7.37 7.68 7.65 7.02 6.18 6.14 6.11 4.89 4.86 8.08 5.65 5.61 5.98 5.94 5.70 5.85 5.84 5.80 5.75 5.69 5.74 6.34 6.25 6.17
7.61 7.24 7.55 7.18 7.82 7.78 7.75 5.70 5.67 5.65 5.62 5.60 6.39 5.59 5.58 5.56 5.67 5.66 5.65 5.64 5.75 5.74 7.38 7.36 7.51 7.49 7.31 7.53 5.94 7.27 11.08 8.12 7.04 6.81 7.55 7.53 7.45 7.44 7.42 7.40 7.27 7.25 7.24 7.22 7.05 7.04 7.02 7.00 6.98 6.97 6.95 6.93 7.13 7.12 7.11 7.97 8.13 6.69 6.76 7.06 7.82 7.79 8.00 7.10 7.03 6.24 6.55 6.16 4.92 4.88 6.20 5.67 6.05 6.00 5.96 5.91 5.90 5.85 5.80 5.75 6.51 6.59 6.49 6.24
7.63 7.60 7.57 7.82 7.56 7.81 7.77 7.74 5.69 5.67 5.65 5.62 5.64 5.62 5.60 5.59 5.70 5.70 5.69 5.68 5.79 7.58 8.30 7.56 7.57 7.40 7.39 7.76 7.59 12.59 10.50 7.39 8.90 9.14 7.05 7.61 7.53 7.52 7.50 7.49 7.35 7.34 7.32 7.31 7.14 7.12 7.10 7.08 7.07 7.05 7.03 7.69 7.22 7.20 7.19 7.18 6.82 6.80 7.00 6.98 6.72 8.13 8.10 7.18 7.11 6.32 6.28 6.24 4.98 4.94 4.21 5.73 5.55 6.07 6.02 5.97 5.96 5.91 5.86 5.80 6.73 6.66 6.41 6.31
7.82 7.79 7.77 7.74 7.76 7.73 7.70 7.67 5.80 5.78 5.75 5.73 5.73 5.71 5.70 5.69 5.72 5.71 5.71 5.70 5.77 7.56 7.55 7.54 7.55 7.55 7.54 5.74 5.74 5.73 7.54 5.72 11.59 7.73 7.48 8.72 8.66 7.63 7.62 7.60 7.49 7.47 8.42 8.40 8.94 7.25 7.22 7.21 7.17 7.15 7.13 7.12 7.65 7.67 7.25 8.15 8.28 6.90 6.88 6.85 7.04 6.79 8.14 7.21 7.12 7.96 7.92 8.04 7.56 4.99 4.26 5.75 6.00 5.54 6.05 6.00 5.97 5.92 5.87 5.81 6.62 6.38 6.29 5.54
7.82 7.80 7.77 7.75 7.77 7.74 7.71 7.69 7.60 5.79 5.77 5.75 5.74 5.73 5.72 5.71 5.74 5.74 5.73 5.73 5.80 7.61 7.60 5.78 5.79 5.79 5.78 6.66 5.78 6.92 7.63 8.01 11.68 7.81 8.82 8.81 7.28 8.73 8.71 8.69 8.55 8.53 8.51 8.49 8.27 7.32 7.69 7.28 7.25 7.63 7.21 7.20 7.35 7.34 7.33 8.24 8.38 8.36 7.39 7.37 8.30 8.27 8.03 7.28 7.19 7.16 7.12 7.95 7.76 7.70 5.84 5.80 5.63 5.59 5.54 6.05 6.02 5.78 5.91 5.85 6.50 5.74 5.67 5.59
7.82 7.80 7.78 7.75 7.78 7.76 7.73 7.70 7.62 5.81 5.79 5.77 5.76 5.75 5.74 5.73 6.55 6.56 5.76 5.75 5.83 5.82 5.82 5.82 5.83 5.82 5.82 5.81 6.99 7.21 7.45 7.66 11.63 8.99 8.75 8.74 8.84 8.90 8.80 9.01 8.64 8.63 8.61 8.58 8.36 7.39 7.37 7.35 7.32 7.71 7.29 7.27 7.43 7.42 7.81 7.81 7.50 7.49 7.46 7.44 7.86 8.35 8.34 7.73 7.26 7.22 7.18 7.83 8.75 7.94 5.89 5.85 5.68 5.63 5.58 5.54 5.51 5.88 5.95 5.89 5.84 5.57 5.71 5.63
7.81 7.79 7.77 7.75 7.78 7.76 7.74 7.71 7.63 5.82 5.80 5.78 5.78 5.77 5.75 5.75 5.78 5.78 5.78 5.77 5.85 5.85 5.84 5.84 5.85 6.64 5.85 5.85 5.85 10.37 7.65 8.85 12.47 10.36 8.82 8.81 8.76 8.74 8.88 8.87 7.70 7.69 7.67 7.65 7.47 7.02 7.84 7.42 7.38 7.37 7.35 7.34 7.50 7.49 7.47 7.46 7.57 7.55 7.53 7.50 7.50 8.43 8.39 7.41 6.88 7.66 7.24 7.20 7.04 7.83 5.93 5.89 5.72 5.67 5.62 5.57 5.54 5.49 5.98 5.92 5.87 5.80 5.73 5.43
8.06 8.04 8.02 8.00 7.97 7.95 7.93 7.91 7.85 7.82 5.95 5.93 5.88 5.87 5.86 5.85 5.79 5.79 5.79 5.78 5.77 5.77 5.77 5.77 5.83 5.82 5.82 5.82 5.87 7.69 7.68 8.89 11.42 7.03 9.15 8.88 8.79 7.59 7.58 7.57 7.73 7.72 7.70 7.69 7.58 7.12 7.96 7.52 7.49 7.48 7.46 7.87 7.50 7.49 7.47 7.22 7.50 7.48 7.46 7.44 7.45 7.42 7.39 7.36 7.23 7.19 7.16 7.11 6.97 7.57 5.87 5.83 5.71 5.66 5.61 5.56 6.01 5.95 5.89 5.64 5.72 5.45 5.58 5.97
8.04 8.03 9.33 8.00 7.97 7.95 7.93 7.92 7.85 7.83 5.96 5.94 5.89 5.88 5.87 5.87 5.80 5.80 5.80 5.80 5.79 5.79 6.59 5.79 5.85 5.85 7.69 7.69 7.76 8.95 8.95 7.64 11.49 7.85 9.04 8.94 9.32 7.64 7.63 7.62 7.79 7.77 7.76 7.74 8.07 8.04 7.60 7.58 7.55 7.54 7.95 7.51 7.56 7.54 7.53 7.51 7.56 7.97 7.52 7.49 7.51 7.48 7.87 7.42 7.22 7.63 7.20 7.15 7.01 6.96 5.90 5.86 6.19 5.69 6.07 5.58 5.48 5.98 5.92 5.86 5.74 5.67 5.60 5.52
8.02 8.01 9.31 9.30 7.96 7.95 7.93 8.58 7.86 7.84 7.82 5.95 5.90 5.89 5.88 5.88 5.82 5.81 5.81 5.81 5.80 5.80 5.81 5.81 5.87 7.72 7.72 7.72 7.80 9.00 7.69 7.80 11.58 9.02 9.01 9.00 8.91 7.69 7.68 7.67 7.84 7.21 7.81 7.80 7.68 7.67 7.65 7.64 7.61 8.04 7.58 7.57 7.61 7.60 7.59 7.57 7.62 7.60 7.57 7.54 7.56 7.53 7.49 7.46 7.72 7.28 7.24 7.19 7.05 7.66 6.55 5.88 5.77 5.72 5.66 5.61 5.50 6.00 5.94 5.87 5.75 5.68 5.61 5.53
8.00 9.30 9.29 9.28 9.25 9.23 9.22 9.20 7.86 7.84 7.83 5.95 5.91 5.90 5.89 5.89 5.83 5.82 5.82 5.82 5.81 5.82 5.82 5.83 5.89 5.89 5.89 5.89 5.94 7.79 7.79 8.00 11.63 8.00 9.06 7.73 8.97 7.73 7.72 7.71 7.60 7.59 7.58 7.57 7.73 7.71 7.70 7.69 7.66 7.65 8.08 7.62 7.67 7.65 7.64 7.36 7.66 7.64 7.62 7.59 7.60 7.57 7.53 7.86 7.36 7.32 7.27 7.23 7.08 8.54 5.96 6.35 5.79 5.74 5.68 5.62 5.52 6.01 5.95 5.88 5.76 5.69 5.62 5.54
8.03 9.34 7.92 9.33 9.34 9.33 9.32 9.53 7.83 7.69 7.67 7.93 6.00 7.90 7.89 5.98 5.92 5.92 5.91 7.79 5.82 5.82 6.72 5.84 5.83 5.84 5.84 5.84 5.91 7.75 7.75 7.66 11.29 8.04 8.02 7.78 8.98 8.97 7.74 7.73 7.66 7.65 7.64 7.63 7.57 7.83 7.82 7.80 7.73 7.72 7.70 7.69 7.64 7.63 7.61 8.03 7.60 7.58 7.55 7.52 7.47 7.85 7.41 7.37 7.23 7.19 7.14 7.09 7.00 6.95 5.89 5.84 5.78 5.72 5.67 5.61 5.55 5.48 5.97 5.91 5.85 5.78 5.70 5.62
7.63 7.89 9.31 7.88 9.32 8.12 9.52 8.28 7.50 7.48 7.47 7.46 7.92 7.91 7.90 7.89 7.80 7.80 7.80 7.80 8.03 5.83 5.84 5.84 5.84 5.85 5.85 5.86 5.93 7.78 7.78 7.78 7.69 11.32 8.08 8.08 9.02 9.02 7.77 7.76 7.69 7.68 7.67 7.66 7.60 7.24 7.58 7.57 7.77 7.76 7.74 7.73 7.68 7.67 7.65 7.63 7.64 7.61 7.59 7.69 7.51 7.88 7.44 7.40 7.26 7.21 7.16 7.11 7.02 8.50 5.90 5.85 5.79 5.73 5.67 5.61 5.55 5.49 5.98 5.91 5.85 5.78 5.70 5.61
7.84 7.84 8.10 8.33 8.32 8.09 9.27 9.26 7.67 8.70 10.73 12.34 11.61 11.38 11.37 9.43 11.43 11.66 6.40 7.80 7.66 7.67 5.84 5.85 5.85 5.86 5.86 5.87 5.94 7.79 7.80 7.80 7.47 10.55 7.59 7.85 9.05 9.05 9.04 7.79 7.72 7.71 7.70 7.32 7.64 7.62 7.61 7.60 7.81 7.80 7.78 7.77 7.72 7.70 7.68 7.66 7.67 7.64 7.62 8.02 7.97 7.91 7.46 7.42 7.28 7.23 7.18 7.13 7.03 6.98 5.91 5.86 5.79 5.74 5.68 5.62 5.55 5.49 5.98 5.90 5.85 5.77 5.69 5.60
7.78 8.28 8.24 8.51 8.01 8.37 8.73 8.05 2.22 7.45 6.07 12.11 8.47 7.74 7.74 7.90 8.04 8.04 7.81 7.81 8.74 7.68 9.37 5.85 5.86 5.86 5.87 5.87 5.95 10.51 7.81 7.81 7.86 7.86 7.86 7.78 7.88 8.76 9.07 9.06 7.75 7.74 7.73 7.72 7.66 7.65 7.64 7.63 7.56 7.83 7.82 7.80 8.19 8.17 7.71 7.69 7.70 7.67 7.64 7.61 7.55 7.91 7.48 7.43 7.30 7.25 7.20 7.14 7.04 6.98 5.92 5.86 5.79 5.74 5.68 5.62 5.55 5.49 5.97 5.90 5.83 5.76 5.67 5.59
9.37 8.67 7.64 7.42 7.74 3.34 8.20 8.65 2.21 7.75 8.20 12.09 8.23 7.74 7.92 7.92 7.85 7.85 8.36 7.81 7.82 8.08 7.11 5.89 5.81 5.82 6.18 5.83 5.87 7.69 7.69 7.70 7.83 7.83 9.10 7.80 9.13 9.13 8.80 9.11 9.51 7.44 7.80 8.48 8.95 8.94 8.93 7.69 7.60 7.59 7.57 7.84 7.73 8.15 7.69 7.66 7.61 7.58 7.55 7.51 7.48 7.44 7.40 7.35 7.35 7.30 7.24 7.19 7.12 7.07 5.98 5.93 5.86 5.80 5.74 5.68 5.66 5.60 5.53 5.46 5.97 5.89 5.80 5.71
7.89 6.95 6.38 6.50 11.45 6.96 11.11 11.79 10.67 11.84 10.67 11.84 7.95 7.72 7.92 8.68 7.85 7.85 7.81 7.82 8.36 8.08 5.88 5.89 5.81 6.17 6.18 6.19 7.68 7.69 7.70 7.71 7.84 7.84 9.11 9.11 7.91 7.91 9.14 9.13 9.03 9.08 9.07 9.06 8.98 8.97 9.28 9.37 8.82 7.26 7.60 7.58 7.75 7.73 7.71 7.69 7.63 7.60 7.56 7.53 7.49 7.85 7.41 7.36 7.35 7.30 7.25 7.19 7.13 7.06 5.98 5.92 5.85 5.79 5.73 5.66 5.65 5.58 5.51 5.44 5.95 5.87 5.78 5.68
12.23 3.30 7.96 3.08 3.99 3.54 8.01 6.27 7.53 8.58 8.18 7.92 7.92 9.13 7.90 9.95 9.57 10.56 7.73 7.86 7.82 5.87 5.88 6.69 6.16 6.17 6.18 6.18 7.03 7.69 7.34 7.71 7.84 7.85 9.12 9.59 9.16 9.16 7.52 7.88 9.59 9.10 9.09 9.08 9.00 7.75 7.39 9.43 8.84 7.63 6.55 7.60 7.77 7.74 7.72 7.69 7.63 7.60 8.00 7.53 7.49 7.45 7.41 7.36 7.35 7.30 7.24 7.18 7.12 7.06 5.97 5.91 5.84 5.78 5.71 5.64 5.63 5.56 5.93 5.42 5.92 5.84 5.74 5.64
7.13 8.31 8.11 7.13 8.55 7.84 2.40 2.09 7.14 7.20 7.87 9.13 7.67 9.11 7.77 7.78 7.83 5.95 6.76 5.96 5.87 5.87 5.88 5.88 7.08 6.17 6.18 6.18 7.02 7.69 7.70 7.71 7.85 7.85 7.86 9.13 9.17 7.89 7.89 7.89 9.12 9.11 9.11 9.10 7.78 7.77 7.76 7.75 7.65 7.64 7.63 7.61 7.78 7.76 7.73 7.70 7.64 7.61 7.57 7.54 7.49 7.45 7.40 7.36 7.35 7.29 7.23 7.17 7.64 7.04 5.96 5.90 5.82 5.76 5.69 5.62 5.61 5.54 5.47 5.95 5.89 5.81 5.71 5.61
6.88 8.63 4.26 7.83 7.35 2.38 7.39 7.01 6.36 8.04 7.87 9.07 9.03 9.04 7.66 7.76 6.70 5.90 5.91 5.91 5.81 5.82 5.83 6.43 6.15 6.16 6.17 6.18 7.02 7.60 7.61 7.62 7.76 7.77 9.02 9.03 7.79 7.79 7.79 7.79 9.05 7.79 7.79 7.78 7.73 7.72 7.71 7.70 7.62 7.61 7.59 7.57 7.50 7.73 7.70 7.67 7.63 7.59 7.56 7.52 7.56 7.51 7.46 7.41 7.42 7.36 7.31 7.25 5.19 7.10 6.01 5.94 5.87 5.80 5.73 5.66 5.63 5.56 5.48 5.96 5.71 5.80 5.70 5.60
6.76 6.41 3.24 7.52 7.27 6.90 6.70 7.17 2.60 9.44 9.01 8.71 7.59 9.17 9.03 6.74 5.89 5.89 5.90 5.91 5.81 6.61 5.82 5.83 7.51 7.08 6.17 6.18 7.02 7.60 7.61 7.62 7.76 9.01 9.03 7.78 7.79 7.79 7.79 7.79 7.80 7.44 7.79 7.79 7.74 7.73 7.72 7.71 7.63 7.61 7.60 7.57 7.75 7.73 7.70 7.67 7.62 7.59 7.55 7.51 7.55 7.50 7.45 7.40 7.40 7.35 7.29 7.22 7.15 7.08 5.99 5.92 5.84 5.77 5.70 5.63 5.60 5.52 5.45 5.92 5.85 5.75 5.65 5.55
0.00 0.00 11.04 7.89 2.87 2.57 7.53 7.78 7.90 9.16 7.73 7.74 7.36 8.98 7.75 7.77 5.87 5.88 5.89 5.90 5.80 5.81 5.82 5.82 6.14 6.15 6.16 6.17 7.01 7.02 7.61 7.62 6.65 7.77 7.78 7.78 7.79 7.79 7.79 7.79 7.80 7.80 7.80 7.79 7.74 7.73 7.36 7.71 7.63 7.61 7.24 7.57 7.74 7.72 7.69 7.66 7.61 7.57 7.53 7.49 7.53 7.48 7.42 7.37 7.38 7.32 7.26 7.19 7.12 7.05 5.95 5.89 5.81 5.74 5.66 5.59 5.56 5.48 5.41 5.87 5.80 5.70 5.59 5.49
0.00 0.00 0.00 6.40 3.22 8.10 7.09 7.26 8.33 7.67 7.68 7.70 7.69 7.71 7.73 7.74 5.86 5.87 5.88 5.89 5.79 5.80 6.11 6.12 7.05 6.15 6.16 6.17 7.00 7.02 7.60 7.61 6.71 7.77 7.77 7.08 7.08 7.09 7.79 7.79 7.80 7.80 7.43 7.79 7.73 7.36 7.72 7.70 7.62 6.71 7.23 7.56 7.73 7.71 7.68 7.64 7.59 7.56 7.51 7.47 7.50 7.45 7.40 7.34 7.35 7.28 7.22 7.16 7.08 7.01 5.92 5.85 5.77 5.70 5.63 5.55 5.51 5.44 5.91 5.82 5.74 5.64 5.53 5.43
0.00 0.00 0.00 0.00 3.19 6.61 11.40 7.14 7.78 7.81 7.55 7.58 7.81 7.56 7.58 7.60 5.74 5.75 5.77 5.78 5.68 6.08 6.09 6.11 7.04 6.13 6.15 6.16 6.99 7.00 7.02 7.03 7.04 7.05 7.06 7.07 7.07 7.72 7.14 7.72 7.76 7.76 7.75 7.75 7.68 7.67 7.66 7.65 7.60 7.58 7.56 7.81 7.73 7.70 7.67 7.63 7.60 7.56 7.52 7.47 7.48 7.42 7.37 7.31 7.28 7.22 7.16 7.09 7.05 6.98 5.89 5.82 5.79 5.72 5.64 5.57 5.48 5.40 5.87 5.77 5.66 5.56 5.45 5.36
0.00 0.00 0.00 0.00 6.12 6.13 8.39 7.97 8.16 7.75 7.78 8.25 8.20 7.79 7.54 7.56 7.74 5.73 5.75 6.35 5.67 5.68 6.07 6.09 6.10 6.12 6.13 6.14 6.97 6.98 7.10 6.66 7.02 7.03 7.04 7.05 7.05 7.06 7.06 7.71 7.75 7.75 7.74 7.74 7.67 7.66 7.65 7.63 7.58 7.56 7.54 7.79 7.71 7.68 7.64 7.61 7.57 7.53 7.48 7.44 7.44 7.39 7.33 7.27 7.24 7.18 7.11 7.05 7.00 6.93 5.84 5.77 6.58 6.13 5.59 5.52 5.43 5.90 5.80 5.70 5.59 5.49 5.85 5.29
0.00 0.00 0.00 0.00 9.83 6.46 8.09 7.68 8.09 7.69 7.72 7.75 7.71 8.19 7.77 7.80 7.70 5.71 5.72 6.00 6.02 6.03 6.05 6.07 6.08 6.10 6.11 6.13 6.94 6.96 6.97 6.99 7.00 7.01 7.02 7.03 7.03 7.03 7.03 7.70 7.73 7.73 7.72 7.72 7.65 7.64 7.62 7.61 7.22 7.54 8.23 7.50 7.68 7.65 7.61 7.99 7.53 7.49 7.45 7.40 7.40 7.35 7.29 7.23 7.20 7.13 7.07 7.00 6.95 6.88 5.80 5.72 6.13 6.22 5.54 5.46 5.93 5.84 5.73 5.63 5.32 5.41 5.31 3.92
0.00 0.00 0.00 0.00 0.00 8.44 7.58 7.61 7.60 7.63 7.66 7.69 7.66 7.69 7.72 7.75 6.62 6.65 5.95 5.97 5.99 6.00 6.02 6.04 6.06 6.07 6.09 6.10 6.91 6.93 6.21 6.95 6.97 6.98 6.99 6.99 7.67 7.67 7.68 7.68 7.35 7.71 7.70 7.69 7.27 7.61 7.60 7.58 7.81 7.78 7.76 7.73 7.92 7.35 7.31 7.54 7.49 7.45 7.40 7.35 7.76 7.30 7.24 7.18 7.15 7.77 7.01 6.94 6.89 6.82 5.74 5.67 5.63 5.56 5.92 5.40 5.86 5.76 5.65 5.55 5.43 5.78 5.84 4.33
0.00 0.00 0.00 0.00 0.00 8.08 7.44 7.47 7.46 7.49 7.53 7.56 7.49 7.53 7.56 7.59 7.42 7.45 5.55 5.93 5.95 5.97 5.99 6.01 6.03 6.05 6.06 6.86 6.87 6.89 8.95 6.92 6.93 6.94 6.95 7.64 7.68 7.68 6.61 7.32 7.66 7.65 7.64 7.63 7.58 7.57 7.55 7.54 8.22 7.75 7.72 7.69 7.61 7.58 7.54 7.50 7.48 7.44 7.39 7.34 7.27 7.21 7.15 7.09 7.72 6.96 6.89 6.81 6.82 6.74 5.67 5.60 5.62 5.54 5.46 5.80 5.82 5.71 5.60 5.50 5.33 5.23 5.14 5.05
0.00 0.00 0.00 0.00 6.25 7.77 7.36 7.81 7.39 6.70 7.46 7.50 7.43 7.47 7.50 7.54 7.37 7.40 5.52 5.53 5.52 5.94 5.96 5.57 5.65 6.01 6.03 6.81 6.83 6.84 6.86 6.88 6.89 6.90 7.60 7.60 7.64 7.65 7.65 7.65 7.62 7.62 7.25 7.60 7.54 7.53 7.79 7.77 7.73 7.70 7.67 7.64 7.56 7.53 7.49 7.45 7.43 7.39 7.33 7.28 7.21 7.15 7.09 7.03 6.96 6.89 6.82 6.75 7.36 6.67 5.61 5.53 5.55 5.47 5.39 5.86 5.73 5.63 5.52 5.41 2.91 5.15 5.05 4.98
0.00 0.00 0.00 2.42 6.51 7.91 7.28 7.32 6.71 6.81 8.35 8.40 8.32 8.37 8.41 7.48 7.32 7.35 7.38 5.50 5.49 5.51 5.52 5.54 5.63 5.64 6.00 6.76 6.78 6.80 6.81 6.83 6.84 6.85 6.86 7.57 7.61 7.61 7.61 7.61 7.59 7.58 7.57 7.56 7.78 7.77 8.19 7.72 7.68 7.65 7.63 7.59 7.52 7.48 7.44 7.40 7.38 7.33 7.28 7.22 7.15 7.09 7.03 6.96 6.89 6.82 6.75 6.68 7.28 6.60 5.54 5.46 5.48 5.40 5.87 6.50 5.65 5.54 5.43 5.32 5.16 5.06 4.97 4.91
0.00 0.00 0.00 6.01 8.67 7.55 7.20 6.55 6.75 6.81 6.87 6.82 8.23 8.28 8.33 8.37 7.26 7.29 7.32 5.47 5.46 5.47 5.49 5.51 5.59 5.61 5.62 6.70 6.72 6.74 6.76 6.77 6.78 6.79 6.80 6.81 7.56 7.56 7.56 7.56 7.54 7.53 7.80 7.79 7.73 7.71 7.69 7.67 8.07 7.60 7.57 7.53 7.45 7.82 7.38 7.33 7.31 7.26 7.21 7.15 7.08 7.02 6.95 6.89 6.82 6.75 6.67 6.60 6.60 6.51 5.47 5.39 5.41 5.88 5.78 6.39 6.23 5.44 5.34 5.23 5.07 4.98 4.18 4.84
0.00 0.00 0.00 6.37 7.00 6.91 6.52 7.03 6.87 6.70 8.15 8.21 8.06 8.11 8.16 7.28 7.13 7.16 7.20 7.23 5.49 5.51 5.53 5.54 5.66 5.67 5.69 7.72 7.78 7.80 6.70 6.71 6.73 6.73 6.74 6.75 7.55 7.55 7.55 7.55 7.72 7.72 7.71 7.69 7.65 7.63 7.61 7.59 7.55 7.52 7.49 7.45 7.42 7.38 7.34 7.29 7.32 7.27 7.22 7.16 7.07 7.00 6.94 6.87 6.74 6.67 6.60 6.52 6.50 6.42 5.93 5.85 5.87 5.78 5.68 4.04 7.75 4.90 3.86 3.54 5.37 4.18 5.22 3.71
0.00 0.00 5.71 3.00 2.79 3.26 7.04 7.43 6.75 6.59 8.83 8.11 7.96 8.96 7.55 7.21 7.06 7.10 7.13 7.17 5.45 5.47 5.49 5.50 5.62 5.64 5.65 7.66 7.73 7.74 7.76 6.64 7.79 6.66 7.53 6.68 7.77 7.77 7.77 7.76 7.66 7.65 7.64 7.63 7.59 7.57 7.55 7.52 7.49 7.45 7.42 7.38 7.35 7.31 7.26 7.22 7.25 7.19 7.14 7.08 6.99 6.92 6.85 6.78 6.66 6.58 6.51 6.43 6.41 6.33 5.85 5.76 5.77 5.47 5.57 6.35 6.23 7.72 7.86 7.28 3.99 3.88 4.58 4.17
0.00 0.00 10.52 3.87 3.66 7.74 6.91 6.34 7.83 7.89 7.95 7.12 7.87 7.92 7.10 7.14 6.99 7.03 7.06 7.10 5.40 5.42 5.44 5.46 5.58 5.59 5.61 7.60 7.67 7.68 7.70 7.71 7.73 7.74 7.75 6.60 7.71 7.71 7.70 7.70 7.60 7.59 7.58 7.57 7.52 7.51 7.48 7.46 7.42 7.38 7.35 7.31 7.27 7.23 7.18 7.14 7.17 7.12 7.06 7.00 6.90 6.84 6.77 6.70 6.57 6.50 6.42 6.34 6.32 6.24 5.76 5.67 5.67 5.57 5.47 5.36 5.27 5.16 6.32 3.92 5.06 3.28 3.55 4.99
0.00 0.00 6.76 7.50 3.40 7.51 6.90 7.71 6.28 7.79 6.99 7.04 6.93 6.97 7.02 7.06 6.91 6.95 6.99 7.03 7.19 5.38 5.40 5.42 5.53 5.55 5.56 7.53 7.60 7.62 7.63 7.65 7.67 7.67 7.68 6.52 7.64 7.64 7.63 7.63 7.53 7.52 7.51 7.50 7.45 7.43 7.41 7.38 7.34 7.31 7.27 7.23 7.19 7.15 7.10 7.05 7.08 7.03 7.83 6.91 6.81 6.74 6.68 6.61 6.48 6.40 6.33 6.25 6.23 6.14 5.66 5.36 5.35 5.91 5.36 5.26 5.16 5.07 5.76 4.77 3.95 7.04 8.01 0.00
