New_Model_Runs/1_Original_run_out/post_prcessed_with_MFR/Monthly_summaries/net_infiltration_monthly_JUN.asc
NCOLS 700
NROWS 400
XLLCENTER 515000.000000
YLLCENTER 8409000.000000
CELLSIZE 50.000000
NODATA_value -999.000000
[rows 222 to 258 of 400, columns 168 to 251 of 700]
8.10 8.10 8.10 8.11 8.11 8.12 9.02 8.12 8.11 8.11 8.11 10.84 11.55 11.44 12.42 15.72 12.74 12.76 12.77 12.94 12.95 12.93 12.81 12.82 16.33 12.51 13.04 13.32 12.98 12.81 12.80 12.95 12.96 12.94 12.92 13.68 12.17 10.93 12.13 12.11 10.62 12.61 13.05 12.55 12.53 12.50 11.89 10.44 10.49 10.47 10.46 10.45 10.48 10.49 10.50 10.52 10.53 10.55 10.57 11.80 10.33 11.48 10.39 11.69 10.46 10.50 11.67 9.54 8.77 10.72 10.77 10.82 10.85 10.90 10.95 11.64 10.93 10.97 11.01 11.05 10.90 10.93 10.94 10.95
8.49 10.83 8.11 8.12 9.02 8.13 8.13 8.13 8.12 8.12 8.40 11.23 12.33 11.47 10.77 14.07 11.50 12.79 12.80 12.82 12.98 12.84 12.84 16.86 16.05 12.86 13.08 12.86 13.75 12.85 12.84 13.27 12.82 12.80 12.95 13.26 12.75 12.73 13.19 12.69 13.14 12.64 12.62 12.59 12.56 12.53 10.48 10.46 11.69 12.70 11.65 11.64 10.50 10.51 10.52 10.54 10.55 10.57 10.59 10.62 10.35 10.38 10.41 8.58 8.62 8.66 8.71 8.75 8.80 8.84 8.89 8.94 8.99 9.04 10.98 11.03 10.96 11.00 11.04 11.07 11.57 10.94 10.95 10.95
10.80 10.81 10.81 8.10 8.12 8.13 8.13 8.13 9.04 8.14 10.87 10.88 11.25 11.48 11.37 15.11 11.73 11.31 11.32 11.33 11.34 12.86 14.72 16.81 12.14 12.88 13.38 12.88 12.98 12.98 13.46 13.02 13.25 12.83 12.82 12.80 12.78 12.76 12.74 12.72 12.69 12.67 12.64 12.62 12.59 12.56 10.50 10.68 10.43 10.41 10.40 10.40 10.38 10.39 10.40 10.61 10.45 10.47 10.50 10.27 11.42 10.35 10.38 8.60 8.64 8.68 8.73 8.77 8.82 8.87 8.91 8.96 10.88 10.94 10.98 11.03 11.61 10.99 11.02 14.00 11.63 11.64 10.99 10.98
10.80 10.81 10.81 10.82 10.85 11.90 10.86 10.86 10.87 10.87 10.88 10.89 11.26 11.27 12.16 7.05 11.40 11.54 11.33 11.34 11.35 12.68 14.88 11.37 12.90 12.90 12.90 12.90 12.90 12.89 12.89 13.04 12.87 12.86 12.84 12.82 12.81 12.79 12.77 12.74 12.72 12.69 12.66 12.64 13.54 13.40 13.01 12.52 12.49 12.47 12.45 12.45 12.67 12.90 12.49 12.82 10.46 10.49 10.51 10.28 11.46 10.37 10.62 8.84 8.66 8.70 8.74 10.66 10.73 9.71 12.17 10.89 11.56 10.96 11.01 11.06 10.97 11.01 11.03 11.06 10.98 10.98 10.98 10.96
10.79 10.80 10.81 10.81 10.85 10.85 10.86 10.86 10.87 10.88 10.88 11.26 11.26 11.31 11.72 12.43 14.34 11.54 11.34 11.35 11.36 11.59 11.59 14.89 11.61 11.61 11.39 10.99 12.91 12.91 12.90 12.90 12.89 12.87 12.86 12.84 12.82 12.80 12.78 12.76 12.73 12.71 12.68 12.65 13.09 12.59 12.56 12.54 12.51 13.16 12.47 12.47 12.60 13.14 12.51 11.33 13.86 10.50 10.52 10.30 10.35 10.38 10.41 8.85 8.67 10.59 10.63 10.68 8.85 8.90 9.26 9.00 10.92 10.98 11.03 11.07 10.98 11.02 11.04 11.05 10.97 10.97 10.95 10.93
10.78 10.79 10.80 10.81 10.84 11.62 11.90 10.86 10.87 11.23 11.24 11.29 11.30 11.27 11.29 11.52 15.14 15.27 11.15 15.86 11.36 11.59 11.41 11.27 15.12 11.61 12.50 11.40 11.40 11.40 11.39 13.06 13.11 13.10 12.87 12.85 12.83 12.81 12.79 12.77 12.74 13.20 12.69 12.66 12.63 12.60 12.57 12.55 12.74 12.72 12.48 12.48 12.70 12.94 12.00 11.35 12.59 11.41 11.40 10.31 10.36 11.92 10.43 10.46 8.69 10.60 10.64 13.52 8.87 10.82 10.87 10.92 10.94 10.99 11.04 11.08 11.65 11.02 11.04 11.05 10.96 10.95 10.92 10.90
10.80 10.81 11.86 11.86 10.87 11.20 11.20 11.21 11.22 11.23 11.23 11.24 11.26 11.27 12.38 12.70 11.99 14.34 6.62 15.39 14.75 14.17 14.77 13.97 6.42 11.61 11.50 11.84 11.62 11.62 11.83 11.64 12.04 11.12 12.93 14.48 12.83 12.82 12.79 12.77 12.75 12.72 12.69 12.67 12.53 12.83 13.02 13.21 13.18 12.51 12.49 12.49 12.71 12.73 12.54 11.36 12.57 12.60 10.34 10.36 10.46 10.49 10.53 10.56 8.70 10.70 10.75 10.80 10.84 10.89 10.94 10.99 10.97 11.02 11.06 11.11 11.03 11.05 11.06 11.07 10.96 10.94 12.63 10.89
10.78 10.79 10.80 10.81 10.85 10.86 11.19 11.19 10.87 12.30 11.22 12.32 12.33 11.25 11.26 11.28 11.32 11.30 11.54 15.50 15.39 3.34 14.98 14.55 6.42 16.08 16.30 15.01 15.87 15.23 15.23 15.00 6.21 6.86 11.11 12.00 11.77 11.54 12.48 13.47 12.74 12.72 12.69 12.66 12.64 12.98 12.93 12.68 12.88 13.16 12.50 12.50 12.44 10.45 10.46 10.48 10.55 10.57 10.34 10.37 10.47 10.50 12.00 10.57 10.67 8.75 10.76 10.80 10.84 10.90 10.95 12.62 12.70 12.45 12.52 11.11 11.02 11.04 11.04 11.04 10.93 12.62 12.58 10.84
8.54 8.55 8.08 8.08 8.11 8.12 8.13 10.86 11.63 11.19 11.20 11.21 12.31 11.24 11.25 11.26 12.47 11.29 11.30 11.32 14.14 14.96 11.89 12.34 11.69 11.70 15.00 15.00 11.71 17.63 6.64 2.91 11.48 15.20 14.76 6.31 14.95 3.12 11.28 11.18 11.70 11.25 12.69 12.66 12.63 3.34 15.78 15.97 15.95 12.20 12.50 12.75 12.78 12.46 12.48 10.49 10.55 10.32 10.35 10.37 10.47 10.50 10.54 10.57 10.67 10.72 10.76 10.81 10.85 10.90 12.51 12.58 12.71 12.46 11.07 11.10 11.01 11.03 11.03 11.02 10.90 13.48 12.52 10.80
8.52 8.52 8.53 8.54 8.10 8.10 8.11 9.26 8.11 10.84 10.84 11.19 11.20 11.21 11.22 12.33 11.25 11.27 11.28 12.49 11.34 11.36 15.50 4.21 12.55 10.44 11.47 12.13 4.40 12.85 7.40 3.35 11.69 11.90 11.45 14.51 12.84 12.61 6.85 14.90 11.37 11.67 11.65 11.63 11.29 14.78 15.77 15.96 16.14 12.39 12.38 12.39 12.45 12.46 12.48 12.51 12.59 10.33 10.35 10.37 10.47 10.50 10.54 12.08 12.12 12.19 10.76 10.81 14.09 14.18 10.95 12.62 12.70 11.02 11.06 11.09 11.00 11.01 11.00 10.98 12.55 12.51 10.79 11.39
8.09 8.10 8.10 8.11 8.13 8.14 9.70 9.05 8.13 10.18 8.14 11.17 11.18 11.19 12.29 11.21 11.23 11.24 11.26 11.27 12.48 11.33 9.25 15.49 15.28 13.28 15.11 15.30 14.75 15.19 12.40 6.86 13.95 14.95 14.73 13.45 7.17 13.42 13.47 14.54 14.65 14.63 14.83 14.81 14.57 14.22 12.34 15.17 11.77 12.55 12.54 12.55 12.61 12.63 12.65 12.67 12.70 12.41 10.75 11.56 11.65 10.56 11.72 12.06 13.38 12.16 12.25 12.32 10.90 11.17 12.98 12.62 11.00 11.04 11.08 11.11 10.97 10.97 10.96 11.55 10.84 10.80 10.76 10.71
8.54 8.55 8.08 8.09 8.11 9.02 8.12 8.13 8.11 8.12 8.12 9.91 9.89 8.11 8.11 11.18 12.28 11.21 11.22 11.24 11.25 11.27 12.99 11.73 11.30 9.31 11.35 11.32 11.32 13.39 15.05 3.12 11.75 10.10 10.15 9.77 9.77 9.22 9.21 13.39 12.07 11.10 12.58 10.84 11.26 10.69 11.67 15.16 11.76 9.16 11.49 11.76 10.92 12.63 12.65 12.67 12.38 12.41 12.44 10.45 10.53 10.56 10.59 10.63 12.12 12.62 13.30 12.53 12.60 12.89 12.23 12.82 12.67 11.02 11.06 11.08 10.94 10.94 12.86 11.51 10.79 10.75 10.71 10.66
8.50 8.51 8.53 8.54 8.08 8.99 8.10 8.11 8.09 8.10 8.10 8.11 8.56 8.09 8.37 13.54 11.16 11.18 11.19 11.20 11.22 13.77 11.69 12.53 11.27 9.29 11.28 11.29 11.29 8.42 9.53 15.29 11.87 12.08 8.54 9.85 13.36 12.71 10.12 11.25 11.72 11.70 11.67 11.65 8.56 12.11 11.45 10.61 10.61 11.08 10.15 10.16 10.39 8.73 10.94 10.96 12.38 12.40 12.43 12.46 10.52 10.55 10.59 10.62 12.11 12.61 12.42 16.00 15.09 16.35 12.90 13.23 12.65 11.00 11.03 11.06 10.91 12.48 10.88 10.85 10.74 10.70 10.65 10.60
8.46 8.48 8.49 8.50 8.53 9.62 8.55 8.56 8.54 8.55 8.55 8.56 8.53 8.54 8.55 11.01 11.12 10.98 11.15 11.16 11.18 11.19 11.21 11.26 11.23 9.26 12.33 11.25 11.26 11.15 11.53 11.52 10.97 10.97 8.52 10.90 10.27 13.49 11.24 11.22 11.91 12.19 11.65 12.34 11.88 11.87 11.63 11.42 10.60 14.58 14.59 10.16 2.71 6.66 10.05 10.45 13.14 12.48 12.30 12.45 10.52 10.55 10.58 10.61 10.71 12.35 14.72 12.25 12.75 13.03 11.40 12.55 11.57 11.61 11.00 11.02 12.74 10.86 10.84 11.41 10.69 10.64 10.59 10.54
8.49 8.50 8.52 8.53 8.55 8.09 8.10 8.11 8.56 8.09 8.09 8.10 8.53 8.53 8.54 8.55 8.49 10.93 11.11 11.12 11.13 11.15 11.16 11.18 11.19 11.48 10.97 10.97 11.22 7.14 7.14 11.47 10.90 10.90 10.89 10.05 10.02 13.74 9.22 11.56 11.25 13.25 11.67 11.65 10.91 10.89 10.88 11.77 11.37 10.93 12.25 14.59 13.69 14.37 9.81 10.81 12.60 12.20 10.46 11.83 10.53 10.56 12.17 12.22 12.49 15.84 3.26 12.45 13.20 13.04 11.13 10.95 10.85 10.88 14.34 14.33 10.80 10.79 10.75 10.72 10.71 10.66 10.60 10.54
8.44 8.46 8.47 8.49 8.51 9.66 8.54 8.55 8.52 8.53 8.54 8.55 8.50 8.50 8.51 8.52 8.46 11.76 10.90 11.07 11.09 11.10 11.11 11.13 11.14 11.15 11.44 10.93 11.17 11.21 7.12 9.22 11.18 11.17 11.75 13.09 9.98 6.19 14.83 11.45 13.23 12.99 11.64 11.62 10.88 11.77 11.76 11.76 11.57 11.14 10.92 11.11 13.46 13.48 12.65 14.85 11.63 12.40 12.21 12.02 12.07 11.90 12.37 11.91 12.25 6.75 3.47 10.38 12.32 12.54 9.12 11.55 10.82 10.85 10.87 10.88 11.37 10.74 10.70 10.66 10.65 10.60 10.54 10.48
9.30 9.32 8.43 8.44 8.47 8.49 8.50 8.51 8.48 8.49 8.50 8.51 8.46 8.47 8.48 8.49 8.73 10.85 10.86 11.02 11.04 11.05 11.06 12.15 11.09 11.14 11.74 10.88 11.12 11.38 11.39 13.09 11.13 12.20 11.12 11.34 12.21 9.39 11.31 11.41 12.96 11.62 11.61 11.59 11.76 11.75 11.74 11.74 11.12 11.71 11.35 11.10 10.76 10.60 10.62 11.67 16.01 15.67 11.23 12.22 12.04 12.08 12.34 12.17 15.53 11.07 11.35 11.40 13.08 12.49 12.38 10.89 12.47 11.44 10.82 10.83 10.71 10.69 10.65 10.61 12.81 10.53 10.47 10.41
9.24 9.26 9.28 9.30 8.42 8.44 8.45 8.47 8.44 8.45 8.47 8.48 9.33 8.43 8.44 8.45 9.30 10.95 10.96 10.97 10.99 11.00 11.01 10.08 10.09 11.05 11.72 11.73 11.70 11.71 11.71 11.71 11.67 11.66 12.69 11.44 9.23 11.61 11.59 12.85 11.59 11.58 11.57 11.56 11.73 11.72 11.00 11.44 11.67 11.91 10.72 10.90 11.32 11.55 11.31 11.12 11.89 11.70 15.24 15.27 12.02 12.27 12.32 11.38 15.72 12.02 12.07 11.58 12.83 12.48 12.73 12.36 12.41 10.76 10.78 10.78 10.65 10.63 10.59 10.55 10.52 10.47 10.40 10.34
9.22 9.24 9.26 9.28 9.28 9.20 9.32 8.43 9.29 9.31 9.32 9.33 9.27 9.28 9.29 9.30 9.94 9.70 10.91 9.72 10.97 9.29 9.30 10.03 10.04 10.05 11.71 11.72 11.68 11.69 11.69 11.69 7.03 7.03 7.03 11.59 11.58 13.72 11.91 11.56 11.68 11.67 11.66 11.66 11.75 10.98 11.75 11.43 3.29 3.07 10.92 11.07 11.73 8.77 11.29 12.54 11.65 11.68 11.92 11.95 13.97 15.20 11.73 12.00 16.11 3.63 13.31 12.52 12.76 12.20 12.25 13.92 10.66 10.68 10.69 10.70 10.63 10.61 10.57 11.65 10.54 10.48 10.41 10.34
9.15 9.03 9.20 9.22 9.22 9.24 9.26 9.28 9.24 9.25 9.27 9.13 9.22 9.24 9.25 9.26 9.21 9.90 9.91 9.68 9.93 9.25 9.26 9.26 9.27 9.28 11.65 11.66 11.63 11.63 11.63 11.63 11.56 11.55 11.35 11.54 11.54 11.53 11.32 11.52 11.64 11.64 11.63 11.63 11.72 10.95 10.96 10.97 11.19 11.42 10.36 11.26 10.17 10.40 11.27 14.42 12.10 12.04 12.33 12.58 4.24 4.69 15.65 15.47 15.30 12.81 12.43 12.05 12.09 12.12 12.18 10.69 11.76 10.63 10.64 10.64 10.57 10.55 10.50 10.46 10.47 10.41 10.33 10.26
9.08 9.11 9.13 9.15 9.16 9.05 9.07 9.65 9.18 9.19 9.92 9.07 9.17 9.18 9.20 9.21 9.16 9.17 9.61 9.19 9.20 9.21 9.22 9.22 9.23 9.24 9.24 9.25 11.57 11.57 11.58 11.58 11.50 11.50 11.50 11.49 11.49 11.48 11.48 11.48 11.60 11.60 11.60 11.60 10.96 11.15 11.15 12.85 13.32 8.25 11.22 10.98 10.99 11.00 11.02 12.04 12.06 11.61 12.29 11.55 10.83 4.90 12.31 11.47 13.60 14.41 11.94 12.19 12.01 12.05 12.11 10.64 10.55 10.56 10.57 10.57 10.50 10.48 10.43 10.39 10.40 10.33 10.26 10.18
9.01 9.03 9.06 9.08 9.09 9.12 9.14 9.16 9.12 9.13 9.15 9.17 8.98 8.99 9.01 9.00 9.11 9.12 9.13 9.14 9.16 9.17 9.17 9.18 9.19 9.20 9.20 9.21 9.18 9.19 11.52 11.52 11.45 11.45 11.45 11.45 11.44 11.44 11.44 11.44 11.57 11.57 11.57 11.52 11.15 10.94 11.16 11.55 10.96 11.64 11.87 11.20 10.96 10.97 11.97 12.00 12.02 12.04 11.81 10.85 11.76 11.48 11.60 11.46 11.28 14.36 12.09 12.13 11.94 12.20 10.56 10.58 10.48 10.50 10.50 10.50 10.43 10.41 10.36 11.93 10.32 10.25 10.18 11.52
8.91 8.94 9.41 8.82 8.95 9.09 8.99 9.01 8.97 8.99 9.01 9.03 9.01 9.03 9.05 9.06 9.06 9.07 9.08 9.10 9.13 9.14 9.15 9.16 9.20 9.20 9.21 9.22 9.20 9.20 9.20 11.54 11.45 11.45 11.45 11.45 11.48 11.48 11.48 11.48 11.55 11.55 11.55 10.85 12.06 10.91 9.00 12.07 11.54 11.54 11.76 11.77 11.63 9.87 11.92 11.94 11.97 11.99 11.54 11.79 11.48 11.30 11.76 10.93 14.73 11.98 12.02 11.84 11.86 12.11 10.70 10.49 10.45 10.45 10.46 10.45 10.41 10.38 11.88 11.81 10.28 10.21 10.13 11.40
8.83 8.86 8.89 8.91 8.87 8.90 9.90 8.94 8.90 8.92 8.95 8.97 8.95 8.97 8.99 9.01 9.00 9.02 8.89 9.05 9.08 9.09 9.10 9.11 9.15 9.16 9.17 9.17 9.16 9.16 9.16 11.49 11.39 11.40 11.40 11.40 11.43 11.44 11.44 11.97 11.51 11.51 11.51 10.82 10.82 11.60 11.51 11.51 11.50 6.97 11.51 11.73 2.83 10.06 12.09 11.89 11.91 11.94 11.71 11.21 10.99 10.58 11.60 11.85 15.39 11.91 11.95 11.76 11.78 10.39 10.41 12.07 10.59 10.38 11.82 10.37 10.33 11.82 12.45 11.70 11.61 10.12 10.04 11.27
8.74 9.19 8.80 8.83 8.79 8.82 9.79 8.87 8.83 8.85 8.88 9.43 10.40 8.90 8.92 8.94 8.94 9.59 9.62 8.99 9.03 9.04 9.05 9.06 9.10 9.11 9.12 9.13 9.11 9.12 9.12 9.13 11.34 11.34 11.35 11.35 11.39 11.39 11.39 11.39 11.46 11.46 11.47 12.61 10.78 11.46 11.46 6.93 6.94 6.94 6.95 11.69 10.44 11.41 3.42 11.83 11.85 11.87 10.69 11.15 11.18 10.52 11.97 14.53 15.10 11.84 11.87 10.35 11.70 8.47 10.76 11.97 11.04 11.77 10.29 10.28 10.24 11.32 10.17 10.12 10.11 10.04 11.27 11.15
8.65 8.69 8.72 8.75 8.71 8.74 8.77 8.80 8.76 8.78 8.81 9.34 10.31 8.84 8.86 8.88 9.60 9.52 8.91 8.93 8.97 8.98 9.00 9.01 9.05 9.06 9.07 9.08 9.07 8.92 9.08 9.08 9.02 11.29 12.15 11.30 11.33 11.34 11.34 11.34 11.41 11.42 11.42 10.73 11.61 11.41 13.79 6.90 6.91 6.92 11.42 11.64 9.96 3.04 12.46 12.26 11.79 11.34 11.36 11.62 11.53 11.44 3.09 14.67 11.51 11.54 11.56 12.24 10.47 10.26 8.42 10.66 10.21 11.29 10.20 10.19 11.60 10.12 10.08 10.03 10.02 9.94 11.14 11.02
8.52 8.56 9.53 8.62 8.58 8.61 8.64 8.67 8.64 8.67 10.16 10.10 8.73 8.76 8.78 8.80 10.45 9.43 9.68 8.87 8.92 8.93 8.95 9.40 9.02 9.03 9.04 9.05 8.88 9.04 9.05 9.05 9.03 11.30 11.31 11.31 11.34 11.34 11.35 11.35 11.32 11.33 11.33 11.33 11.30 11.30 12.57 6.87 6.88 6.88 11.37 11.60 11.18 12.11 11.69 12.20 11.26 11.28 11.30 11.31 9.90 11.06 3.07 6.80 11.86 11.89 10.49 11.48 10.75 11.51 11.74 11.74 11.53 10.14 10.13 11.49 18.70 11.43 11.37 11.30 9.97 9.90 11.00 11.32
8.43 8.47 8.50 8.53 8.50 8.53 8.56 8.59 8.56 8.59 10.54 11.20 10.79 10.82 12.82 8.73 10.23 9.57 9.60 8.80 8.85 8.87 8.89 8.90 8.96 8.97 8.98 8.99 8.98 8.99 8.99 9.00 8.98 11.23 11.24 11.25 11.28 11.28 11.29 11.29 11.26 6.80 6.80 6.81 11.24 14.03 7.79 6.84 6.84 6.85 11.82 11.33 10.58 12.04 11.62 12.13 11.22 11.23 11.22 11.24 11.48 10.98 3.32 14.08 11.55 11.58 11.37 11.38 12.07 11.41 11.41 11.62 11.39 10.66 10.03 11.60 18.61 21.08 18.48 11.17 11.09 9.80 10.86 11.18
8.34 8.37 8.41 8.44 8.41 8.44 8.47 9.45 8.48 10.59 10.63 11.08 11.11 10.72 11.56 10.04 10.81 8.69 10.19 10.22 8.78 8.80 8.82 8.84 8.89 8.91 8.92 8.93 8.92 8.93 8.94 8.95 8.93 8.93 11.17 11.18 11.21 11.22 11.22 11.23 11.20 6.75 6.76 6.77 6.78 6.78 6.79 6.80 6.80 6.81 11.26 11.27 12.02 11.52 11.54 11.77 14.85 11.16 11.17 11.16 10.43 11.41 11.65 13.11 11.24 11.25 11.26 11.27 11.95 11.28 11.28 11.27 11.26 10.52 11.24 9.59 21.99 18.37 20.87 16.47 10.94 9.09 9.00 18.50
8.24 8.28 8.31 8.35 8.32 8.35 9.31 8.42 8.39 8.43 10.51 10.95 10.98 10.61 8.22 11.10 10.70 11.17 10.10 10.13 8.71 8.73 8.75 8.77 8.83 8.84 8.86 9.85 9.84 8.87 8.88 8.89 8.87 11.09 11.10 11.11 11.14 11.14 11.15 11.16 11.13 6.71 6.72 6.73 6.73 6.74 6.75 6.76 6.76 11.19 11.20 11.69 10.56 11.44 11.68 11.91 13.85 14.59 10.10 10.33 3.48 10.36 11.12 14.86 11.36 11.59 11.16 11.16 11.16 11.16 11.15 11.14 8.10 9.85 11.10 10.32 20.81 17.26 17.21 20.66 17.07 16.21 17.10 13.90
8.17 8.21 8.25 8.28 8.26 8.30 8.33 8.36 8.31 8.35 8.38 10.45 10.43 10.47 10.49 11.08 10.57 11.04 11.07 8.57 8.65 8.67 8.69 8.71 9.76 8.81 8.82 9.80 8.84 8.86 8.87 8.88 8.88 11.09 11.11 11.12 11.10 11.11 11.12 11.13 11.03 6.66 6.67 6.68 6.69 10.10 10.33 10.12 11.14 11.14 11.15 11.63 11.67 11.36 11.59 11.60 11.18 10.97 14.49 10.70 10.93 10.27 13.57 10.29 10.75 11.19 11.70 11.04 11.04 11.03 11.02 11.00 8.01 10.95 10.92 10.89 17.15 17.32 17.27 20.50 16.91 9.90 13.38 20.33
8.07 8.11 8.15 8.19 8.16 8.20 9.14 8.27 8.22 8.26 8.62 10.33 10.71 10.31 8.93 9.43 10.88 10.92 10.95 8.49 8.57 8.59 8.61 8.64 9.67 8.74 9.72 8.77 8.78 8.79 8.80 8.82 8.81 11.01 11.02 11.03 11.02 11.03 11.04 11.05 10.95 13.72 6.62 8.60 8.60 10.96 11.18 10.38 11.07 11.07 10.46 10.47 10.48 11.51 10.91 12.03 11.30 11.31 10.89 15.10 14.34 6.69 14.36 11.36 11.14 11.80 11.14 10.95 10.91 10.90 10.89 11.50 10.84 10.84 9.83 10.02 9.75 13.20 20.61 13.08 20.46 13.64 9.83 9.81
7.97 8.01 8.05 8.09 8.07 8.10 8.14 8.18 9.03 8.17 8.20 10.21 10.58 10.18 10.23 10.28 10.76 10.38 10.83 8.42 8.49 8.52 8.54 8.56 8.65 8.67 8.68 8.70 8.71 8.72 8.74 8.75 8.75 10.92 10.94 10.95 10.94 10.95 10.96 11.80 10.87 13.60 6.57 6.58 10.88 10.88 10.89 10.90 11.00 11.00 10.33 10.40 11.41 11.17 11.18 11.20 11.43 18.48 18.05 10.29 9.27 10.74 14.69 10.96 11.47 11.69 10.73 11.05 11.00 10.77 10.75 10.72 10.73 10.70 9.69 9.64 10.56 9.53 9.47 9.40 19.60 16.49 16.39 9.76
8.19 8.13 7.95 7.99 7.97 8.01 8.04 8.08 8.88 8.07 8.11 10.08 10.44 10.05 11.50 10.15 10.84 10.67 10.30 8.33 8.41 8.44 8.46 8.48 8.57 8.59 8.61 8.63 8.64 8.65 8.67 8.68 10.81 10.83 10.84 10.86 10.85 10.86 11.69 10.88 10.79 10.80 6.52 6.53 10.20 10.80 10.81 10.82 10.92 10.24 10.25 10.26 11.31 11.32 11.08 17.92 18.37 18.38 18.16 9.75 2.69 9.40 7.08 13.92 14.57 14.13 6.85 14.11 13.88 14.14 14.12 14.09 10.59 8.83 9.53 9.49 10.40 9.58 13.02 12.95 13.52 20.24 19.92 16.11
9.94 7.84 7.88 7.92 7.88 9.47 7.95 8.82 7.92 7.95 7.99 8.48 9.85 9.91 9.96 10.13 8.69 10.53 10.17 8.23 8.35 8.38 8.40 8.43 10.60 8.55 8.57 8.59 8.62 8.64 10.78 10.80 10.83 10.84 10.86 10.88 10.82 10.83 10.85 10.86 10.66 10.67 10.68 10.69 10.68 10.68 10.69 10.70 11.28 10.22 10.23 10.24 10.96 10.97 10.98 17.82 21.34 21.56 21.57 14.32 13.16 13.38 13.59 13.59 10.95 11.27 10.82 10.97 10.74 10.49 10.46 10.43 9.47 9.43 9.38 9.54 10.19 10.18 10.11 8.41 13.48 16.36 16.67 19.45
7.70 9.47 8.64 7.82 7.78 7.82 7.85 8.71 7.82 7.86 7.89 8.61 9.71 9.77 8.50 8.54 10.04 10.39 10.05 8.15 8.27 8.29 8.32 10.35 10.49 11.30 8.49 8.51 10.63 10.65 10.68 10.70 10.72 10.74 10.76 10.78 10.72 10.74 10.75 10.76 10.57 10.58 10.59 10.61 10.59 10.60 10.60 10.61 10.06 10.13 10.08 10.09 10.84 10.85 17.71 21.22 21.45 21.16 17.43 9.97 9.75 10.19 15.12 13.47 10.39 10.92 10.42 10.45 10.38 10.35 10.37 10.34 10.24 9.49 9.23 9.18 10.09 10.24 10.17 8.90 19.98 16.19 16.06 16.65
8.01 8.67 7.89 7.93 8.51 7.72 7.75 7.79 7.72 7.76 10.07 9.97 8.54 8.59 9.74 9.79 9.85 9.89 9.93 8.06 8.18 8.21 8.23 10.23 10.37 10.40 8.40 8.43 10.52 12.01 10.57 10.59 10.62 10.64 10.66 10.68 10.62 10.64 10.66 11.74 11.24 10.49 10.50 10.52 10.50 10.51 10.52 10.67 10.68 10.69 10.70 10.71 17.58 17.65 21.11 21.33 21.05 17.32 17.10 10.36 10.41 10.84 14.35 13.56 13.55 11.18 10.50 10.26 10.30 10.27 10.24 10.14 10.09 10.04 9.99 10.22 9.93 10.09 9.79 15.99 19.60 19.32 16.59 16.47
