New_Model_Runs/1_Original_run_out/post_prcessed_with_MFR/Monthly_summaries/net_infiltration_monthly_NOV.asc
NCOLS 700
NROWS 400
XLLCENTER 515000.000000
YLLCENTER 8409000.000000
CELLSIZE 50.000000
NODATA_value -999.000000
[rows 185 to 221 of 400, columns 166 to 248 of 700]
8.85 8.86 9.06 9.07 9.07 11.27 0.00 0.00 0.00 0.00 0.00 9.11 9.11 9.12 9.03 9.04 9.04 9.05 9.08 11.27 11.27 11.28 11.32 11.32 9.13 9.14 9.11 9.11 9.12 9.12 9.05 9.05 9.05 9.06 8.97 8.98 8.98 8.98 8.98 8.98 8.98 8.98 9.07 9.07 9.07 9.07 9.12 9.12 9.12 9.12 11.35 11.35 13.64 9.16 9.10 9.10 9.10 10.45 9.07 9.08 9.08 9.08 9.18 0.00 0.00 0.00 0.00 0.00 0.00 0.00 9.29 9.30 11.36 9.33 9.28 7.80 8.47 7.84 7.82 8.52 8.54 8.56 8.59
8.93 8.94 9.14 9.15 11.37 11.43 0.00 0.00 0.00 0.00 0.00 9.19 9.19 9.20 9.11 9.11 9.12 9.13 10.50 9.16 13.74 11.39 12.18 11.43 9.21 9.21 9.18 9.19 9.19 9.20 9.12 9.13 9.13 9.13 9.05 9.05 9.05 9.05 10.40 9.05 9.05 9.05 9.15 9.14 9.14 10.47 9.20 9.20 9.19 9.19 11.45 11.45 12.20 11.45 9.17 9.17 9.18 9.18 9.15 9.15 9.15 9.16 9.26 10.62 0.00 0.00 0.00 0.00 0.00 0.00 11.91 9.38 10.78 9.41 9.36 7.87 8.55 7.91 7.89 8.58 9.75 8.62 8.65
11.17 9.01 9.22 9.23 11.49 11.56 11.59 0.00 0.00 11.61 11.52 9.26 10.63 9.27 9.18 9.19 9.20 9.20 9.23 9.24 11.49 11.49 13.93 10.65 9.28 9.28 9.26 9.26 10.64 9.27 9.20 9.20 9.20 9.20 10.46 10.46 9.12 9.12 9.12 9.12 9.12 9.12 9.22 9.21 9.21 10.55 9.27 9.27 9.26 9.26 10.64 10.67 11.55 11.55 9.24 9.25 9.25 9.25 9.22 9.22 9.22 9.23 9.33 9.34 9.34 0.00 0.00 0.00 0.00 9.42 9.44 9.45 9.47 9.48 7.92 7.94 7.96 7.98 7.96 8.64 8.66 9.84 8.71
11.53 11.53 9.38 9.39 9.16 11.75 11.76 11.76 9.20 11.78 11.62 9.33 9.34 9.34 10.59 10.62 9.27 9.27 9.29 9.30 11.57 12.36 9.34 9.34 9.35 9.35 9.33 9.33 9.34 9.34 9.27 9.27 9.27 9.27 9.20 9.20 9.20 9.20 9.20 9.20 9.20 9.20 9.26 9.26 9.26 9.26 9.31 9.31 9.30 9.30 9.37 9.37 9.37 11.65 9.35 9.35 9.35 9.35 9.30 9.30 9.30 9.31 9.37 9.37 9.38 0.00 0.00 0.00 0.00 9.49 9.49 9.50 9.51 9.53 7.99 8.01 8.70 8.05 8.01 8.03 8.71 8.73 8.72
11.64 11.65 11.82 11.83 9.27 11.87 11.88 11.85 12.69 11.86 11.73 11.74 11.74 9.42 9.33 9.33 9.34 9.34 9.36 9.37 9.37 14.13 11.99 9.41 9.42 9.42 9.40 10.80 10.80 10.78 9.34 9.34 9.34 9.34 9.27 9.27 9.27 9.27 9.27 10.63 9.27 9.27 9.32 9.32 10.70 9.32 9.38 9.37 9.37 9.37 9.44 10.84 9.44 11.75 9.42 9.42 9.42 9.42 9.37 9.37 9.37 9.38 9.44 10.83 9.45 0.00 0.00 0.00 0.00 9.56 9.56 9.57 9.59 9.60 8.06 8.08 8.10 8.12 8.08 8.10 8.77 8.78 8.78
11.75 11.76 11.93 11.94 9.38 9.38 9.39 11.95 12.81 11.96 11.83 11.84 9.49 9.49 10.78 9.40 9.41 9.41 9.43 9.44 9.44 9.45 9.48 12.65 10.88 9.49 9.47 9.47 9.47 10.86 9.40 9.40 9.41 9.41 10.69 9.33 9.33 9.33 9.33 9.33 9.33 9.33 9.39 9.39 9.39 9.39 9.44 9.44 9.44 9.44 9.51 9.51 9.51 11.84 9.49 9.49 9.49 10.86 9.43 9.44 9.44 9.44 9.51 9.51 9.52 11.86 11.97 11.98 12.17 9.63 9.63 9.65 9.66 8.15 8.13 8.14 8.16 8.18 8.14 8.16 8.18 8.84 8.84
11.86 11.86 12.04 12.04 12.90 12.11 12.05 12.06 12.06 12.07 11.94 9.55 9.56 9.56 9.47 10.87 9.48 9.48 9.50 10.92 9.51 9.51 9.55 9.55 9.55 9.56 9.53 9.54 9.54 9.54 9.47 9.47 9.47 9.47 9.39 11.95 9.39 9.39 9.39 10.76 10.77 9.39 9.45 9.45 9.45 9.45 9.51 9.51 9.50 9.50 9.57 9.57 9.57 11.93 10.94 9.55 9.55 9.56 9.50 9.50 9.51 9.51 9.57 9.58 9.59 9.59 12.07 12.08 12.09 9.70 9.70 9.72 9.73 8.21 8.19 8.21 7.93 8.24 7.72 8.22 9.94 8.90 8.90
12.11 12.11 12.16 13.05 12.17 12.24 12.13 12.13 12.13 12.14 9.59 9.59 9.60 9.60 9.52 10.95 9.53 9.53 9.56 9.56 9.56 9.57 9.60 9.60 9.60 9.61 9.58 9.58 9.58 9.58 10.93 9.53 9.53 9.54 9.46 9.47 9.47 9.47 9.42 10.81 9.42 9.42 9.45 10.83 10.85 9.45 9.55 9.55 9.55 9.55 9.66 9.66 12.06 12.06 11.44 11.05 9.63 12.20 9.53 9.54 9.54 9.55 9.58 10.98 9.59 9.60 9.71 12.14 12.16 12.18 9.78 9.79 8.27 8.28 8.23 8.25 7.78 7.80 8.26 8.28 8.30 8.95 8.94
9.74 12.22 12.27 12.27 9.77 12.27 14.85 9.75 9.75 9.75 9.66 9.66 9.66 9.67 9.58 9.59 9.59 9.59 9.62 9.62 9.63 9.63 9.66 9.66 9.66 9.66 9.64 9.64 9.64 9.64 9.59 9.59 9.59 9.59 9.52 9.52 9.52 9.52 9.48 9.48 9.48 9.48 9.51 9.51 9.51 9.51 9.61 9.61 9.61 9.61 9.72 9.72 9.72 9.72 13.51 9.69 9.69 9.69 9.60 9.60 9.61 9.61 12.24 9.65 9.66 9.66 9.78 9.79 12.25 12.27 9.84 9.86 7.84 8.35 8.29 8.31 8.33 8.34 8.32 7.86 8.37 8.39 8.99
9.81 9.81 14.98 9.84 9.84 9.84 11.29 9.81 9.82 9.82 9.72 9.72 9.73 9.73 9.65 9.65 9.65 9.66 9.68 13.39 9.68 9.69 9.72 11.17 9.72 9.72 9.69 9.69 9.69 9.69 9.64 11.07 11.07 9.64 9.57 9.57 9.57 9.57 9.53 12.14 9.53 9.53 9.56 10.98 9.57 9.57 9.67 9.67 9.67 9.67 9.78 9.78 9.78 11.22 12.42 12.41 9.75 9.75 9.65 9.66 9.66 9.67 9.70 9.71 9.72 9.72 9.84 9.85 12.34 12.36 9.91 9.92 8.39 8.41 8.35 8.37 8.39 8.40 8.38 8.40 7.93 8.44 9.05
9.87 9.87 9.91 9.91 9.91 9.91 9.88 11.35 9.88 9.88 9.79 9.79 9.79 9.80 9.71 9.71 9.71 9.71 9.74 9.74 9.74 9.74 9.77 9.77 9.77 9.77 9.74 9.74 9.74 9.74 9.69 9.69 9.69 9.69 9.62 12.22 9.62 9.62 9.58 9.58 9.58 9.59 12.22 11.04 9.62 9.62 9.72 9.72 9.72 9.72 9.84 9.84 9.84 9.84 9.80 9.81 9.81 9.81 9.71 9.72 9.72 9.73 9.76 9.77 9.78 9.79 9.90 9.91 12.43 12.45 17.43 8.43 8.45 8.46 8.41 8.43 8.44 8.46 8.44 8.46 8.48 7.58 8.49
9.96 12.74 9.94 9.94 9.94 9.94 9.91 9.92 9.92 9.92 9.84 9.84 9.84 9.85 9.76 9.76 9.76 9.76 11.24 11.24 9.78 9.77 9.81 9.81 9.81 11.28 9.77 9.77 9.77 9.77 9.71 9.71 9.71 9.71 9.63 9.63 9.63 9.64 9.59 9.59 9.59 9.59 9.66 9.66 9.66 9.66 9.79 9.79 9.79 11.23 9.89 9.89 9.89 9.89 9.83 9.84 11.28 9.84 9.74 9.74 9.75 9.76 9.83 9.84 9.84 9.85 10.00 10.01 12.58 12.60 18.92 8.07 7.61 7.62 8.48 7.57 7.59 7.60 8.48 7.58 7.59 7.61 8.09
10.03 10.03 10.00 10.00 10.00 10.00 9.98 9.98 9.98 9.98 11.35 9.90 9.90 9.90 9.82 9.82 9.82 9.82 9.83 9.83 9.83 9.83 9.86 9.86 9.86 9.86 11.28 9.82 9.82 9.82 9.76 9.76 9.76 9.76 9.68 9.68 9.68 9.68 9.63 9.63 9.63 9.64 11.14 9.70 9.71 9.71 9.84 9.84 9.84 9.84 9.94 9.94 9.94 9.94 9.89 9.89 9.89 9.90 9.79 9.80 9.80 9.81 9.88 9.89 9.90 9.91 10.06 10.07 12.66 12.68 10.12 7.65 7.66 8.14 8.08 7.62 7.64 7.65 7.61 7.63 7.64 7.66 7.66
10.09 10.09 10.06 10.06 10.06 10.06 10.03 10.03 10.03 10.04 9.95 9.95 9.95 11.41 9.87 9.87 9.87 9.86 9.88 9.87 9.87 9.87 9.91 12.63 9.91 9.91 9.86 9.86 9.86 9.86 9.80 11.26 11.26 9.80 9.72 11.16 9.72 11.16 9.67 9.67 9.68 9.68 9.74 9.74 9.75 9.75 9.88 9.88 9.89 9.89 9.98 9.99 9.99 9.99 9.94 9.94 9.94 9.95 9.84 9.85 9.86 9.86 9.93 9.94 9.95 9.96 10.11 10.12 12.74 16.36 7.68 7.69 7.71 7.72 7.65 7.67 7.68 7.70 7.65 7.67 7.69 7.71 7.71
10.15 10.15 10.12 11.63 10.12 10.12 10.09 10.09 10.09 10.09 10.01 10.01 11.51 11.47 9.92 9.91 9.91 9.91 12.65 9.92 9.92 9.92 9.95 9.95 11.43 9.95 11.38 9.91 9.91 9.91 9.85 11.29 9.85 9.85 9.77 9.77 9.77 9.77 9.72 9.72 9.72 9.72 9.78 9.79 9.79 9.79 9.92 9.92 9.93 9.93 10.03 10.03 10.04 10.04 11.47 11.46 9.99 10.00 9.89 9.90 9.90 9.91 9.98 9.99 10.00 10.01 10.16 10.18 10.19 10.20 7.72 7.74 7.75 7.77 7.70 7.72 7.73 7.75 7.70 7.72 7.73 7.75 7.75
11.69 10.15 10.12 10.11 10.11 10.11 10.12 10.12 11.63 10.11 10.05 10.05 10.05 10.05 9.96 9.96 9.96 9.95 11.44 9.94 9.94 9.94 9.95 9.95 9.95 13.27 9.91 9.91 9.91 9.91 9.82 11.28 9.82 9.82 9.74 11.90 9.74 9.74 11.26 9.81 9.81 9.81 9.93 9.93 9.93 9.93 10.02 10.02 10.03 10.03 10.08 10.08 10.09 10.09 10.02 10.02 10.03 10.03 9.94 9.94 9.95 9.96 10.09 10.10 10.11 10.12 10.26 10.27 10.29 10.30 7.79 8.29 7.82 7.83 7.77 7.79 7.80 7.82 7.76 7.78 7.80 7.81 7.80
10.21 10.21 10.17 10.17 10.17 10.16 10.17 10.17 10.17 13.12 12.86 10.10 10.10 10.10 11.49 10.00 10.00 10.00 9.99 9.99 11.47 9.98 9.99 9.99 9.99 11.48 11.43 9.95 9.95 9.95 9.86 9.86 9.86 9.86 9.78 9.78 11.22 9.78 9.85 9.85 9.85 9.85 9.96 9.96 9.97 9.97 10.05 10.06 10.06 10.07 10.12 10.12 10.13 10.13 10.06 10.07 10.07 11.53 9.98 9.99 9.99 10.00 10.14 10.14 10.16 11.68 10.31 10.32 10.33 8.31 7.83 7.85 8.34 8.35 8.74 8.31 7.84 7.86 7.80 7.82 7.84 7.86 7.84
10.26 10.26 11.77 10.22 10.22 10.21 10.22 10.22 10.21 10.21 10.15 10.15 10.14 10.14 10.05 10.05 10.04 10.04 11.54 10.03 10.03 10.03 10.03 10.03 10.03 10.03 9.99 11.46 11.47 9.99 9.90 9.90 9.90 9.90 9.82 9.82 9.81 9.81 9.88 9.88 9.88 9.88 10.00 10.00 10.00 10.00 10.09 10.09 10.10 10.10 10.15 10.16 10.17 11.68 10.10 10.11 11.61 10.12 10.02 10.03 10.03 10.04 10.18 10.19 10.20 10.21 10.35 10.36 10.38 7.87 7.87 7.89 7.90 7.92 7.85 7.87 8.36 8.82 8.33 7.86 7.88 7.89 7.88
10.31 11.86 10.27 10.27 10.27 11.79 10.27 10.26 10.26 10.26 10.20 10.19 10.19 10.18 10.09 10.09 10.09 10.08 10.07 10.07 11.57 10.07 10.08 10.07 11.57 10.07 10.04 10.03 10.03 11.49 9.94 9.94 9.94 9.94 9.86 9.85 9.85 9.85 9.92 9.92 9.92 9.92 10.03 10.03 10.04 10.04 10.12 10.13 10.13 10.13 10.19 10.19 10.20 10.21 10.14 11.64 10.15 10.16 12.78 10.07 10.07 10.08 10.22 10.23 10.24 10.25 10.39 10.41 10.42 7.90 7.91 7.92 7.94 7.95 7.89 8.39 7.92 8.42 7.88 8.38 7.91 8.41 7.91
10.31 10.31 10.24 10.24 10.23 10.23 10.24 10.23 10.23 10.23 10.20 10.19 10.19 10.18 10.12 10.12 10.12 10.12 10.08 10.08 10.08 11.57 10.07 10.07 11.58 10.07 11.54 10.04 11.53 10.04 11.40 9.93 9.93 9.93 9.95 9.95 9.95 9.94 10.11 10.11 10.11 10.11 10.20 10.20 10.20 10.20 10.24 10.24 10.25 10.25 10.24 10.25 10.26 10.26 10.12 10.13 10.14 10.15 10.11 10.12 10.13 10.14 10.33 10.34 10.35 10.37 10.46 10.47 10.57 8.79 8.43 7.95 7.96 7.98 7.90 7.92 7.93 7.95 7.90 8.40 8.42 7.95 7.93
10.36 10.35 10.29 11.84 10.28 10.28 10.28 10.28 10.27 10.27 10.24 10.23 10.23 11.77 11.68 10.16 10.16 10.16 10.12 10.12 10.12 11.62 10.11 10.11 10.11 11.61 10.08 10.08 10.08 10.08 9.97 9.97 9.97 9.97 9.99 9.99 9.99 9.98 10.15 10.15 10.14 10.14 10.24 10.24 10.24 10.24 10.27 10.28 10.28 10.28 10.27 10.28 12.60 10.29 10.15 10.16 10.17 10.18 10.15 10.15 10.16 10.17 10.36 10.38 10.39 10.40 10.50 12.07 7.98 7.99 7.97 7.98 8.84 8.01 7.94 7.95 7.97 7.98 7.93 7.95 8.45 7.98 7.96
10.40 10.40 10.33 10.33 10.33 10.32 11.89 10.32 10.32 10.31 10.28 10.27 10.27 10.26 10.21 11.71 10.20 10.20 10.16 10.16 10.16 10.16 10.15 10.15 10.15 10.15 12.92 10.12 10.12 10.12 11.49 10.01 10.01 10.01 10.03 10.03 10.02 10.02 11.64 11.71 10.18 10.18 11.78 10.27 10.27 10.27 10.31 10.31 10.31 11.84 13.12 11.85 11.85 10.32 10.18 10.19 10.20 10.21 10.18 10.19 10.20 10.21 10.40 10.41 10.42 10.44 10.53 10.55 8.85 8.03 8.00 8.02 8.03 8.04 7.97 7.98 8.00 8.01 7.96 7.98 8.00 8.01 7.99
10.41 10.41 10.38 10.37 10.37 10.36 10.37 10.36 10.36 10.35 10.32 10.31 10.31 10.30 10.25 11.77 10.24 10.24 10.20 10.20 10.20 10.20 10.19 10.19 10.19 10.19 10.16 10.16 10.16 10.16 11.54 10.05 10.05 10.05 10.07 11.60 10.06 10.06 10.23 10.22 10.22 10.22 10.31 10.31 10.30 10.30 10.34 10.34 10.34 10.34 10.33 10.34 10.34 10.35 10.21 10.22 10.23 10.24 10.21 10.22 10.23 10.24 10.43 10.44 10.46 10.47 10.53 8.03 8.04 8.06 8.03 8.05 8.06 8.07 8.49 8.01 8.03 8.53 7.99 8.01 8.02 8.04 8.02
10.43 10.43 10.35 10.34 10.34 10.33 10.31 10.31 10.30 10.30 10.30 11.84 10.29 11.83 10.25 10.25 10.24 10.24 10.20 10.20 10.20 10.19 10.19 12.02 10.19 10.19 10.17 11.69 10.17 10.17 10.13 10.13 10.13 10.82 10.20 10.20 10.19 10.19 10.33 10.33 10.32 10.32 10.39 10.39 10.39 10.38 11.93 10.39 11.93 10.39 11.81 10.28 10.29 10.30 10.17 10.18 10.19 10.20 10.33 10.33 10.34 10.36 10.53 10.54 10.55 10.53 10.53 8.03 8.54 8.06 7.99 8.00 8.02 8.03 7.99 8.00 8.51 8.03 8.01 8.03 8.04 8.06 8.03
12.13 10.47 10.39 10.38 10.37 10.37 10.35 10.35 10.34 12.68 10.33 10.33 10.32 10.32 10.29 10.28 10.28 10.28 10.23 10.23 12.08 11.69 11.69 10.22 10.22 10.22 10.21 10.21 10.21 10.21 10.17 10.17 12.31 10.16 10.24 10.24 10.23 10.23 10.37 10.37 10.36 10.36 10.43 10.43 11.97 11.98 10.42 10.42 10.42 10.42 10.31 10.31 10.32 10.32 10.20 10.21 11.73 10.23 10.35 10.36 10.37 10.38 10.55 10.53 10.55 10.56 10.56 11.42 8.07 8.09 8.02 8.03 8.05 8.06 8.01 8.03 8.54 8.55 8.04 8.54 8.56 8.87 8.54
10.51 10.51 10.42 10.42 10.41 10.41 10.39 11.95 10.38 11.93 10.37 10.36 10.36 11.91 11.88 10.32 11.87 13.49 10.27 10.27 11.74 11.75 15.20 11.80 10.26 10.26 10.25 10.25 10.82 10.25 10.21 10.21 11.73 12.08 10.28 10.28 10.27 10.27 13.84 10.40 10.40 11.95 12.04 10.46 10.45 10.45 10.45 10.45 10.45 10.45 10.33 10.34 10.34 10.35 10.22 10.23 10.24 10.25 10.38 10.39 10.40 10.41 10.55 10.56 13.54 12.22 8.07 8.08 8.59 8.11 8.04 8.06 8.57 8.09 8.04 8.05 8.07 8.08 8.06 8.08 8.09 8.11 8.07
12.21 10.54 10.42 10.42 10.45 10.44 10.42 10.42 10.41 10.40 10.40 10.40 10.39 10.39 10.36 10.35 10.35 11.13 10.30 12.54 12.54 11.81 10.85 10.30 10.30 10.30 12.34 10.57 12.57 12.57 11.85 10.25 10.24 10.24 10.32 10.31 10.31 11.87 10.45 10.44 10.43 10.43 10.50 10.49 10.49 10.48 10.48 10.48 12.04 10.47 10.36 10.36 10.36 10.37 10.24 11.80 10.27 10.28 10.40 10.41 10.42 12.02 12.17 12.23 12.25 10.61 8.09 8.10 8.12 8.13 8.06 8.57 8.10 8.11 8.06 8.08 8.09 8.11 8.09 8.10 8.11 8.13 8.09
10.54 10.54 10.44 10.44 10.43 10.42 10.42 10.42 10.41 10.40 10.40 10.39 10.38 10.38 10.36 10.36 12.23 10.35 10.32 13.03 12.60 12.82 11.87 10.33 10.33 10.85 10.35 12.63 12.64 12.64 11.91 11.07 11.91 10.36 10.41 10.40 10.40 10.39 10.49 10.49 10.48 10.47 10.50 12.13 10.52 10.51 10.46 10.46 10.45 10.45 10.29 10.29 10.29 10.30 10.31 10.32 10.33 10.34 10.51 10.52 10.53 10.54 10.58 10.59 10.61 10.63 8.05 8.07 8.08 8.10 8.05 8.06 8.08 8.09 8.08 8.09 8.11 8.12 8.09 8.10 8.12 8.13 8.55
10.58 12.20 10.47 10.47 10.46 10.45 10.45 10.44 10.44 10.43 10.42 10.42 10.41 10.41 10.39 10.38 11.90 11.90 11.79 13.68 13.09 12.30 12.89 12.68 13.10 10.37 13.59 13.38 12.70 12.70 11.97 11.35 12.19 12.28 10.44 10.43 10.43 10.43 10.49 10.52 10.51 12.11 10.53 10.52 10.51 10.51 10.49 10.48 10.48 10.47 10.31 10.31 10.32 10.32 10.33 10.34 10.35 10.36 10.53 10.54 10.55 10.53 10.60 10.62 10.63 8.78 8.57 8.09 8.11 8.12 8.07 8.08 8.10 8.11 8.10 8.11 8.13 8.14 8.11 8.12 8.14 8.15 8.57
10.61 12.23 10.50 10.49 10.49 10.48 10.44 10.44 10.43 10.46 10.45 10.44 10.44 10.43 11.95 14.83 13.94 12.70 12.88 13.11 12.57 13.60 12.73 12.73 13.15 12.75 12.75 12.76 12.76 12.76 12.76 12.24 12.24 11.90 10.47 10.47 10.46 10.46 10.52 10.52 10.51 10.50 10.56 10.55 10.54 10.54 10.52 10.51 12.07 10.50 10.34 11.88 11.87 10.34 10.35 10.36 10.37 10.38 10.55 10.56 10.54 10.55 10.62 10.64 10.65 11.24 8.09 8.11 8.13 8.14 8.09 8.10 8.12 8.13 8.12 8.13 8.15 8.16 8.13 8.14 8.15 8.16 8.09
10.63 10.63 10.53 10.52 10.51 10.51 10.47 10.46 10.45 10.45 10.44 10.47 10.46 19.89 12.00 11.99 12.75 12.75 14.15 3.37 12.98 13.65 13.66 13.19 13.19 13.67 12.81 12.81 12.81 12.82 12.82 12.82 12.29 12.36 10.50 10.50 10.49 10.49 10.55 10.54 10.54 10.53 10.59 10.58 10.57 10.56 10.51 10.54 10.53 10.52 10.36 10.36 10.36 10.36 10.37 10.38 10.39 10.40 10.53 10.55 10.56 10.57 10.64 10.66 12.66 8.15 8.11 8.13 8.64 8.16 8.10 8.12 8.63 8.15 8.14 8.15 8.16 8.18 8.15 8.16 8.17 8.18 8.10
10.58 10.58 10.57 10.56 10.55 10.54 10.53 10.52 10.52 12.13 10.48 10.47 10.47 12.04 12.04 12.03 12.79 13.01 16.97 7.84 13.03 12.82 12.83 12.84 12.85 12.85 12.86 12.86 12.87 12.30 11.24 11.25 13.36 10.51 10.55 10.55 10.54 10.54 10.60 10.59 10.58 10.58 10.55 10.54 10.53 10.52 10.44 11.98 10.42 10.41 11.91 10.37 10.36 10.37 10.50 10.50 10.51 10.53 10.56 10.57 10.58 10.60 13.57 12.24 8.08 8.09 8.06 8.08 8.09 8.11 8.62 5.80 8.16 8.17 8.17 8.68 8.19 8.20 8.15 8.16 8.17 8.18 8.06
10.61 10.60 10.59 10.58 10.57 10.57 10.55 10.54 10.54 10.53 10.50 10.49 10.49 10.48 12.07 12.07 12.83 13.06 16.79 12.85 13.04 12.87 12.88 12.89 12.90 12.90 12.91 12.91 12.35 12.35 11.28 13.41 13.40 10.54 10.58 10.57 10.57 10.56 10.62 10.62 10.61 10.60 12.22 10.56 10.56 10.55 10.46 10.45 10.44 10.43 10.39 10.38 10.38 10.38 10.51 10.52 10.53 10.54 10.58 10.59 12.24 12.26 12.25 10.61 8.10 8.11 8.08 8.09 8.11 8.12 8.14 8.16 8.17 8.69 8.18 8.19 8.21 8.22 8.16 8.85 8.69 8.19 8.07
10.13 10.62 10.61 10.60 10.59 10.58 10.57 10.56 10.55 10.55 10.52 10.51 14.55 12.87 13.58 12.87 12.87 13.31 15.91 13.11 13.78 13.79 12.92 12.93 12.94 12.38 12.38 15.90 12.39 12.39 13.44 11.32 13.44 10.56 10.60 10.60 10.59 10.58 10.65 10.64 10.63 10.62 10.59 10.59 10.58 10.57 10.48 10.47 10.46 10.45 10.41 10.40 10.40 10.40 10.53 10.54 10.54 10.56 12.18 10.60 10.62 10.63 10.61 10.62 8.11 8.12 8.09 8.10 8.12 8.14 8.16 8.17 8.19 8.20 8.19 8.21 8.22 8.23 8.17 8.69 8.70 8.20 8.07
10.19 10.13 10.79 10.16 10.15 10.60 10.59 12.24 10.57 14.21 12.19 13.41 13.62 12.91 12.90 13.89 13.09 14.28 16.51 13.33 12.94 11.30 15.10 13.42 13.69 12.42 12.42 15.94 12.43 13.46 13.48 13.47 10.59 10.58 10.62 10.62 10.61 10.61 10.67 10.66 12.57 10.65 10.62 10.61 10.60 10.59 10.50 10.49 10.48 10.47 10.43 10.42 10.42 10.42 10.54 10.55 10.56 10.54 10.60 10.62 10.63 10.64 10.62 8.11 8.12 8.14 8.10 8.12 8.13 8.15 8.17 9.36 8.70 8.21 8.21 8.22 8.23 8.24 8.18 8.19 8.20 8.21 8.57
10.18 10.13 10.14 10.17 10.16 10.16 10.11 10.10 10.59 10.59 10.56 10.56 13.44 12.94 12.93 13.33 12.01 16.32 13.17 12.96 12.98 11.33 11.34 13.49 12.45 12.45 15.97 15.98 12.47 13.98 15.17 15.14 10.63 10.63 10.64 10.63 10.63 10.62 12.28 10.61 10.60 12.54 10.51 10.54 10.53 10.52 13.82 12.88 12.12 10.44 10.49 10.48 10.48 10.48 12.06 10.51 10.52 10.53 10.53 10.55 10.56 10.54 10.55 8.02 8.03 8.04 8.06 8.07 8.09 8.10 8.66 8.17 8.18 8.20 8.70 8.72 8.22 8.23 8.15 8.16 8.17 8.18 8.05
10.19 10.18 10.19 10.18 10.18 10.17 10.17 10.16 10.15 10.15 10.12 10.12 10.57 13.45 12.96 13.18 11.02 14.11 12.98 13.00 13.01 13.19 13.51 13.51 13.52 12.49 16.01 12.50 13.24 13.07 14.01 13.07 10.98 12.30 13.57 10.65 10.64 10.64 10.63 10.63 13.91 12.56 10.53 10.52 13.35 13.33 12.92 12.90 12.15 10.45 10.51 10.50 10.49 10.49 10.52 10.53 10.54 10.55 10.54 10.56 10.54 10.55 8.50 8.03 8.04 8.55 8.07 8.08 8.10 8.11 8.17 8.18 8.19 8.21 8.21 8.22 8.23 8.24 8.16 8.17 8.17 8.18 8.05
