New_Model_Runs/1_Original_run_out/post_prcessed_with_MFR/Monthly_summaries/net_infiltration_monthly_OCT.asc
NCOLS 700
NROWS 400
XLLCENTER 515000.000000
YLLCENTER 8409000.000000
CELLSIZE 50.000000
NODATA_value -999.000000
[rows 148 to 184 of 400, columns 332 to 414 of 700]
7.06 11.31 7.46 9.92 9.93 11.67 11.80 11.93 10.14 10.20 10.24 9.03 9.01 9.02 9.03 9.04 10.63 10.67 10.70 11.42 10.67 11.81 10.72 10.73 10.72 10.72 10.70 10.68 10.61 10.76 14.35 17.10 17.30 12.49 2.64 6.61 12.29 6.20 0.00 0.00 0.00 6.12 6.09 6.52 6.49 6.45 6.04 6.00 11.41 11.29 12.68 6.16 12.53 5.80 5.77 8.56 8.47 0.00 0.00 0.00 0.00 0.00 0.00 0.00 0.00 0.00 0.00 0.00 0.00 0.00 0.00 0.00 0.00 0.00 0.00 0.00 0.00 0.00 0.00 0.00 0.00 0.00 0.00
3.46 3.27 11.56 16.58 12.02 10.07 10.15 10.22 10.20 10.25 10.29 10.32 9.05 9.05 9.05 9.81 9.05 10.69 10.72 10.76 10.69 10.72 10.74 10.75 10.74 10.74 10.72 10.70 10.63 10.77 10.73 14.87 15.76 6.74 6.50 6.25 6.23 6.43 6.41 6.16 6.14 6.11 3.14 12.55 16.04 14.61 14.48 13.30 13.15 13.01 13.10 12.96 5.81 5.78 0.00 0.00 0.00 0.00 0.00 0.00 0.00 0.00 0.00 0.00 0.00 0.00 0.00 0.00 0.00 0.00 0.00 0.00 0.00 0.00 0.00 0.00 0.00 0.00 0.00 0.00 0.00 0.00 0.00
10.96 12.23 12.37 14.99 11.21 12.13 10.21 10.28 10.26 10.31 10.35 10.36 9.08 9.08 9.08 9.09 9.07 9.10 9.13 10.79 10.72 10.36 10.76 10.78 10.77 10.76 10.74 10.72 10.65 10.61 14.38 14.90 6.31 3.57 7.40 6.25 6.23 6.21 2.78 6.16 2.51 2.48 3.59 15.81 15.30 10.97 14.68 13.50 11.87 9.34 9.14 5.83 5.80 5.99 2.33 0.00 0.00 0.00 0.00 0.00 0.00 0.00 0.00 0.00 0.00 0.00 0.00 0.00 0.00 0.00 0.00 0.00 0.00 0.00 0.00 0.00 0.00 0.00 0.00 0.00 0.00 0.00 0.00
10.85 10.99 12.49 15.11 11.62 11.45 10.50 10.34 10.31 12.32 12.53 10.41 10.38 9.12 9.11 9.11 9.10 9.12 9.15 10.63 10.74 10.78 10.79 10.80 10.79 10.79 10.77 10.74 10.67 14.25 16.13 2.71 6.77 7.20 3.33 6.94 6.23 6.21 14.85 14.97 2.51 16.30 16.39 11.44 10.18 8.14 12.87 12.74 12.37 5.12 5.55 5.73 5.78 0.00 0.00 0.00 0.00 0.00 0.00 0.00 0.00 0.00 0.00 0.00 0.00 0.00 0.00 0.00 0.00 0.00 0.00 0.00 0.00 0.00 0.00 0.00 0.00 0.00 0.00 0.00 0.00 0.00 0.00
12.73 11.11 11.47 12.92 12.26 13.23 11.76 10.41 10.43 12.40 12.63 12.65 12.66 10.44 9.17 9.17 9.81 9.69 10.72 10.76 10.73 10.76 11.97 10.79 10.75 10.74 10.72 10.69 10.79 14.38 7.01 6.35 6.78 6.76 7.19 6.49 6.24 6.21 6.42 10.63 10.29 20.05 11.78 8.32 8.41 12.98 11.86 12.71 12.57 8.73 2.35 2.09 5.69 0.00 0.00 0.00 0.00 0.00 0.00 0.00 0.00 0.00 0.00 0.00 0.00 0.00 0.00 0.00 0.00 0.00 0.00 0.00 0.00 0.00 0.00 0.00 0.00 0.00 0.00 0.00 0.00 0.00 0.00
14.72 16.44 11.06 11.18 11.86 13.33 13.01 12.72 13.04 13.56 13.67 11.24 14.89 10.48 10.47 9.02 9.09 10.73 10.76 10.80 10.77 10.80 10.63 10.64 10.79 10.78 10.76 10.73 10.82 11.38 14.94 14.85 6.97 16.20 6.75 6.89 14.61 15.95 14.16 14.04 13.58 10.37 8.82 8.31 8.18 12.97 11.83 8.88 12.90 2.12 2.34 2.30 5.67 0.00 0.00 0.00 0.00 0.00 0.00 0.00 0.00 0.00 0.00 0.00 0.00 0.00 0.00 0.00 0.00 0.00 0.00 0.00 0.00 0.00 0.00 0.00 0.00 0.00 0.00 0.00 0.00 0.00 0.00
11.94 3.25 12.07 12.18 11.77 13.30 13.20 11.33 13.16 16.13 10.60 10.60 10.53 10.52 10.51 9.05 9.12 9.15 10.81 9.82 10.82 10.66 10.67 10.68 10.83 10.82 10.80 10.77 17.31 17.24 17.18 20.03 14.82 14.72 14.62 14.52 6.48 14.75 12.34 12.90 9.61 13.73 8.37 9.37 8.17 13.84 13.68 8.85 6.00 8.76 8.90 8.75 5.66 8.46 0.00 0.00 0.00 0.00 0.00 0.00 0.00 0.00 0.00 0.00 0.00 0.00 0.00 0.00 0.00 0.00 0.00 0.00 0.00 0.00 0.00 0.00 0.00 0.00 0.00 0.00 0.00 0.00 0.00
10.33 10.40 12.08 12.05 10.58 12.46 13.30 12.68 12.77 12.84 15.07 10.65 10.57 10.56 10.56 10.56 9.91 9.19 9.03 10.71 10.67 10.70 10.72 10.73 10.87 10.86 10.84 10.81 14.53 10.86 10.81 10.98 12.39 16.33 6.76 8.83 12.35 12.24 12.13 13.54 13.44 8.45 8.11 8.31 9.23 13.77 5.85 8.83 6.00 2.33 8.87 8.71 5.65 12.04 0.00 0.00 0.00 0.00 0.00 0.00 0.00 0.00 0.00 0.00 0.00 0.00 0.00 0.00 0.00 0.00 0.00 0.00 0.00 0.00 0.00 0.00 0.00 0.00 0.00 0.00 0.00 0.00 0.00
10.13 12.08 12.20 10.33 11.41 12.55 14.84 12.76 10.62 10.65 10.68 10.68 10.61 10.60 10.59 10.60 13.78 10.04 9.05 10.73 10.74 10.77 10.78 10.79 10.91 10.90 10.88 14.47 10.85 10.81 10.75 10.70 9.22 9.52 16.19 8.86 9.59 12.27 12.15 8.50 8.39 8.30 8.33 8.24 12.86 10.19 5.85 8.81 12.27 5.75 8.83 2.05 2.01 5.83 0.23 0.00 0.00 0.00 0.00 0.00 0.00 0.00 0.00 0.00 0.00 0.00 0.00 0.00 0.00 0.00 0.00 0.00 0.00 0.00 0.00 0.00 0.00 0.00 0.00 0.00 0.00 0.00 0.00
12.09 12.20 10.33 10.40 12.52 12.64 10.57 12.84 10.66 10.70 10.72 10.73 10.65 11.35 10.64 10.65 10.50 10.53 9.09 9.12 10.79 10.82 10.83 10.84 12.35 10.95 10.92 14.52 10.90 10.85 7.96 9.34 9.26 7.82 13.95 12.75 12.41 12.32 8.86 8.52 8.40 8.31 8.34 8.24 9.22 9.31 11.01 5.80 6.21 5.74 2.08 8.63 2.40 5.82 2.39 0.00 0.00 0.00 0.00 0.00 0.00 0.00 0.00 0.00 0.00 0.00 0.00 0.00 0.00 0.00 0.00 0.00 0.00 0.00 0.00 0.00 0.00 0.00 0.00 0.00 0.00 0.00 0.00
10.27 10.33 10.39 10.46 10.49 14.90 10.62 10.68 10.71 10.75 10.77 13.11 13.10 10.70 10.69 10.70 11.26 10.58 9.14 9.17 10.85 10.88 10.89 12.31 11.01 11.00 14.60 8.09 8.09 8.04 7.99 7.94 7.91 7.84 12.42 8.92 8.59 8.49 8.69 8.27 8.41 8.32 8.34 8.24 8.21 8.10 5.84 5.80 12.76 12.58 2.07 2.26 2.22 5.81 12.21 0.00 0.00 0.00 0.00 0.00 0.00 0.00 0.00 0.00 0.00 0.00 0.00 0.00 0.00 0.00 0.00 0.00 0.00 0.00 0.00 0.00 0.00 0.00 0.00 0.00 0.00 0.00 0.00
10.34 10.40 10.46 10.52 10.56 10.62 15.15 10.73 10.76 10.80 13.17 13.18 13.18 10.75 10.75 10.76 10.62 10.65 10.68 9.22 9.23 10.93 10.94 10.94 11.06 12.16 11.78 8.12 8.12 8.41 8.02 7.96 7.93 7.87 9.14 8.01 8.88 8.80 8.71 8.62 8.42 8.33 8.23 8.25 8.21 9.06 5.84 12.39 12.21 12.55 5.69 5.65 6.06 6.26 5.77 0.00 0.00 0.00 0.00 0.00 0.00 0.00 0.00 0.00 0.00 0.00 0.00 0.00 0.00 0.00 0.00 0.00 0.00 0.00 0.00 0.00 0.00 0.00 0.00 0.00 0.00 0.00 0.00
10.38 10.43 10.49 10.55 10.57 11.12 13.00 10.74 10.78 10.82 13.25 13.26 10.78 10.78 10.78 10.80 10.65 10.68 10.71 10.74 9.25 10.95 8.12 8.11 8.16 11.77 8.11 8.08 8.06 8.01 7.96 7.90 7.84 8.13 9.01 8.93 8.80 8.71 8.62 7.91 8.45 8.36 8.25 8.27 8.23 11.92 8.12 9.78 13.65 8.84 9.65 11.67 9.08 9.38 5.95 6.14 0.00 0.00 0.00 0.00 0.00 0.00 0.00 0.00 0.00 0.00 0.00 0.00 0.00 0.00 0.00 0.00 0.00 0.00 0.00 0.00 0.00 0.00 0.00 0.00 0.00 0.00 0.00
10.46 10.51 10.57 10.62 10.64 15.27 15.36 10.79 10.84 10.87 13.33 13.35 13.36 10.85 10.86 8.71 10.72 10.75 10.78 10.81 8.15 8.16 8.16 8.15 11.83 8.18 8.15 8.11 8.09 8.39 7.99 7.93 7.86 8.15 9.03 8.95 8.82 8.73 8.20 8.10 8.47 8.37 8.26 8.28 9.08 9.29 8.93 8.70 8.74 9.06 8.66 8.06 7.90 8.67 12.16 12.18 5.92 5.90 5.41 5.40 0.00 0.00 0.00 0.00 0.00 0.00 0.00 0.00 0.00 0.00 0.00 0.00 0.00 0.00 0.00 0.00 0.00 0.00 0.00 0.00 0.00 0.00 0.00
10.54 10.59 10.64 10.69 10.93 12.65 11.03 10.85 10.89 10.92 10.94 11.68 13.45 10.92 10.93 10.95 10.79 10.82 10.85 10.88 8.20 8.57 8.20 8.19 8.24 8.21 8.18 8.15 8.12 8.44 8.02 7.96 8.26 7.82 9.23 8.97 8.84 8.75 8.65 8.56 8.48 8.38 8.27 7.62 8.23 8.10 7.97 8.33 8.50 7.62 7.50 7.38 7.48 7.73 8.05 11.92 11.35 6.11 2.54 5.38 5.36 5.51 5.38 5.36 0.00 0.00 0.00 0.00 0.00 0.00 0.00 0.00 0.00 0.00 0.00 0.00 0.00 0.00 0.00 0.00 0.00 0.00 0.00
10.63 11.39 10.73 10.77 11.01 12.20 12.27 11.13 10.95 10.98 11.00 11.02 10.97 10.99 11.01 11.03 11.59 10.90 10.92 10.94 8.25 8.25 8.24 8.23 8.27 8.25 8.22 8.18 8.15 8.10 8.05 7.99 7.92 7.85 8.14 9.00 8.86 8.77 8.67 8.58 8.50 8.39 7.85 8.28 8.23 8.10 7.96 7.83 7.68 7.60 7.48 7.36 7.46 7.35 7.47 11.88 12.51 7.53 6.08 6.05 5.80 8.25 8.17 5.85 9.54 0.00 0.00 0.00 0.00 0.00 0.00 0.00 0.00 0.00 0.00 0.00 0.00 0.00 0.00 0.00 0.00 0.00 0.00
12.98 10.77 10.82 10.86 10.80 11.07 12.06 11.14 10.87 10.90 10.93 10.96 11.59 10.88 10.90 11.66 10.87 10.89 10.91 8.25 8.34 8.34 8.33 8.31 8.34 8.31 8.28 8.24 8.18 8.13 8.08 8.01 7.92 7.85 7.77 9.00 8.91 8.82 8.72 8.62 8.53 8.42 8.30 8.30 8.16 8.03 7.89 7.76 7.60 7.17 7.40 7.28 7.44 7.32 7.54 6.14 11.70 7.49 2.44 6.27 8.67 6.54 6.48 6.88 5.64 9.57 5.49 3.63 0.00 0.00 0.00 0.00 0.00 0.00 0.00 0.00 0.00 0.00 0.00 0.00 0.00 0.00 0.00
14.87 10.86 10.90 10.94 10.88 10.92 10.95 10.98 10.94 10.97 11.00 11.03 10.93 10.95 10.98 11.00 10.95 10.97 10.98 8.29 8.39 8.38 8.36 8.35 8.37 8.34 8.31 8.27 8.21 8.16 8.10 8.04 7.95 7.88 7.80 7.72 8.94 8.84 8.74 8.64 8.54 8.43 8.31 8.30 8.16 8.02 7.88 7.74 7.59 6.88 7.39 7.27 7.42 7.66 7.52 6.11 8.05 5.41 5.93 7.05 6.59 6.52 6.46 7.48 7.63 10.98 7.30 10.89 0.00 0.00 0.00 0.00 0.00 0.00 0.00 0.00 0.00 0.00 0.00 0.00 0.00 0.00 0.00
10.91 10.95 10.99 11.03 11.71 11.00 11.02 11.79 11.01 11.04 11.07 11.10 11.00 11.03 11.06 11.08 11.03 11.04 11.05 8.34 8.43 8.42 8.40 8.38 8.40 8.37 8.34 8.30 8.24 8.19 8.13 8.07 7.98 7.90 7.83 7.74 8.97 8.87 8.76 8.66 8.56 8.44 8.31 8.30 8.15 8.01 7.87 7.73 7.63 7.50 7.37 7.26 7.41 7.82 7.68 7.53 7.57 8.17 8.05 7.71 6.57 6.50 6.43 7.45 7.37 11.17 7.49 7.22 0.00 0.00 0.00 0.00 0.00 0.00 0.00 0.00 0.00 0.00 0.00 0.00 0.00 0.00 0.00
11.00 11.05 11.82 11.12 11.05 11.08 11.10 11.13 11.08 11.81 11.14 11.17 11.08 11.11 11.14 11.16 11.10 11.11 8.39 8.39 8.47 8.46 8.44 8.41 8.43 8.40 8.36 8.32 8.27 8.21 8.16 8.09 8.01 7.93 7.85 7.77 7.68 8.89 8.78 8.67 8.57 8.44 8.31 8.18 8.15 8.00 7.86 7.72 7.62 7.49 7.37 7.25 7.78 7.63 8.10 7.52 8.06 8.38 8.26 7.69 6.55 6.48 6.86 6.92 7.19 8.42 6.72 10.81 0.00 0.00 0.00 0.00 0.00 0.00 0.00 0.00 0.00 0.00 0.00 0.00 0.00 0.00 0.00
11.09 11.13 11.17 11.20 11.05 11.08 11.10 11.13 11.00 11.03 11.80 11.09 11.13 11.16 11.19 11.21 11.36 11.37 8.60 8.59 8.63 8.61 8.59 8.56 8.53 8.50 8.46 8.76 8.37 8.32 8.26 8.20 8.14 8.06 7.98 7.90 7.81 7.71 8.92 8.80 8.67 8.54 8.40 8.26 5.44 8.99 9.22 7.77 7.60 7.53 7.40 7.28 7.37 9.11 7.14 7.03 6.91 6.81 6.73 6.64 6.53 6.46 6.84 7.34 7.60 5.81 0.00 0.00 0.00 0.00 0.00 0.00 0.00 0.00 0.00 0.00 0.00 0.00 0.00 0.00 0.00 0.00 0.00
11.19 11.97 11.26 11.99 11.14 11.17 11.19 11.21 11.08 11.10 11.13 11.16 11.20 11.23 11.25 11.27 11.41 11.42 8.63 8.62 8.66 8.64 8.62 8.59 8.55 8.52 8.48 8.44 8.39 8.34 8.28 8.22 8.16 8.08 8.00 7.92 7.83 7.73 8.93 8.81 8.67 8.54 8.40 8.26 9.43 8.05 9.22 7.77 7.60 7.52 7.40 7.28 7.36 7.24 7.13 7.02 6.90 6.80 6.72 6.86 6.91 6.81 6.72 6.63 0.00 0.00 0.00 0.00 0.00 0.00 0.00 0.00 0.00 0.00 0.00 0.00 0.00 0.00 0.00 0.00 0.00 0.00 0.00
11.30 11.33 11.36 11.39 11.23 11.25 11.27 11.29 11.15 11.17 11.20 11.22 11.26 11.28 11.30 11.31 11.46 8.67 8.66 8.65 8.69 8.67 8.64 8.61 8.58 8.54 8.50 8.46 8.41 8.36 8.30 4.02 9.74 8.10 8.02 7.93 7.84 7.73 8.93 8.81 8.67 8.54 8.39 8.70 9.42 9.41 7.90 7.76 7.82 7.52 7.40 7.27 7.36 7.24 7.13 7.02 6.89 7.07 6.96 7.22 7.11 6.42 7.43 3.63 0.00 0.00 0.00 0.00 0.00 0.00 0.00 0.00 0.00 0.00 0.00 0.00 0.00 0.00 0.00 0.00 0.00 0.00 0.00
11.40 11.43 11.46 11.48 11.33 11.34 11.36 11.37 11.23 11.24 11.26 11.28 11.31 11.33 11.35 11.35 11.49 8.69 8.68 8.67 8.71 9.06 9.02 9.21 8.59 8.56 8.52 8.47 8.42 8.37 8.31 4.02 3.96 8.11 8.02 7.93 7.84 7.73 8.93 8.81 8.66 8.53 8.63 8.92 8.18 9.20 7.90 7.99 8.85 8.25 7.40 7.27 7.36 7.24 7.12 7.01 6.88 7.29 6.43 6.29 6.03 5.55 0.00 0.00 0.00 0.00 0.00 0.00 0.00 0.00 0.00 0.00 0.00 0.00 0.00 0.00 0.00 0.00 0.00 0.00 0.00 0.00 0.00
11.39 11.41 11.43 11.45 11.31 11.32 11.33 11.34 11.38 11.39 11.40 11.41 11.55 11.56 11.57 11.57 11.56 8.74 8.73 9.82 9.02 8.62 8.60 8.94 8.58 8.54 8.87 8.46 8.46 8.41 8.35 4.01 3.95 8.39 11.07 10.94 10.59 7.79 7.68 8.87 8.72 8.59 7.93 7.98 8.25 8.11 7.97 8.06 10.10 9.84 7.68 7.33 7.40 7.77 7.44 7.06 7.18 5.91 6.92 3.84 3.30 2.14 0.00 0.00 0.00 0.00 0.00 0.00 0.00 0.00 0.00 0.00 0.00 0.00 0.00 0.00 0.00 0.00 0.00 0.00 0.00 0.00 0.00
11.50 11.52 11.53 11.55 11.40 11.40 11.41 11.41 11.45 11.45 11.46 11.46 11.59 11.59 11.59 11.59 11.58 8.75 9.11 8.72 8.65 8.63 8.60 8.57 8.58 8.55 8.50 8.46 8.82 8.78 8.34 4.00 3.94 7.00 10.12 13.14 10.57 10.32 10.49 11.77 8.70 8.57 8.66 7.99 10.22 8.10 7.97 7.83 9.07 9.43 7.45 7.32 7.74 7.76 7.43 8.15 11.10 6.27 2.84 7.66 0.90 0.00 0.00 0.00 0.00 0.00 0.00 0.00 0.00 0.00 0.00 0.00 0.00 0.00 0.00 0.00 0.00 0.00 0.00 0.00 0.00 0.00 0.00
11.60 11.61 11.62 11.63 11.48 11.48 11.48 11.48 11.51 11.51 11.51 11.51 11.63 11.62 11.62 11.61 8.76 11.99 8.74 9.09 8.65 8.62 8.59 8.56 8.57 8.53 8.49 8.82 8.44 8.38 8.70 8.25 8.21 8.35 8.04 11.85 15.60 10.07 10.23 11.73 11.52 8.55 11.97 11.90 13.42 10.05 8.75 7.83 2.74 7.49 9.55 7.32 7.73 7.58 8.30 8.84 0.00 0.00 0.00 0.00 0.00 0.00 0.00 0.00 0.00 0.00 0.00 0.00 0.00 0.00 0.00 0.00 0.00 0.00 0.00 0.00 0.00 0.00 0.00 0.00 0.00 0.00 0.00
11.70 11.71 11.71 11.71 11.55 11.55 11.55 11.54 11.57 11.56 11.55 11.55 11.66 11.65 11.64 11.63 8.77 9.09 8.74 8.71 9.57 8.61 8.58 8.54 8.55 8.51 8.83 8.42 8.42 8.36 8.29 8.22 8.18 8.46 8.36 8.96 5.78 5.96 10.98 11.69 5.61 5.57 1.90 12.36 6.56 5.83 5.78 13.77 3.12 8.42 7.33 9.83 7.39 11.12 10.95 0.00 0.00 0.00 0.00 0.00 0.00 0.00 0.00 0.00 0.00 0.00 0.00 0.00 0.00 0.00 0.00 0.00 0.00 0.00 0.00 0.00 0.00 0.00 0.00 0.00 0.00 0.00 0.00
11.74 11.74 11.74 11.74 11.72 11.72 12.42 12.40 11.75 11.74 11.73 11.71 11.65 11.64 11.62 11.60 8.64 8.62 8.60 8.57 8.92 8.52 8.48 8.45 8.49 8.45 8.40 8.35 8.35 8.28 8.22 8.15 8.13 8.04 7.96 7.86 9.79 8.81 5.91 14.27 9.96 8.12 9.34 9.78 6.09 6.05 5.77 5.73 5.91 12.03 5.85 6.03 5.54 11.56 0.00 0.00 0.00 0.00 0.00 0.00 0.00 0.00 0.00 0.00 0.00 0.00 0.00 0.00 0.00 0.00 0.00 0.00 0.00 0.00 0.00 0.00 0.00 0.00 0.00 0.00 0.00 0.00 0.00
11.82 11.81 11.81 11.80 11.79 11.78 11.76 12.46 12.44 11.78 11.76 11.75 11.68 11.66 13.38 9.12 9.01 8.98 8.59 8.56 8.54 8.51 8.47 8.43 8.47 8.42 8.74 8.31 8.31 8.25 8.18 8.11 8.09 8.00 7.92 7.82 8.00 10.51 6.81 6.84 10.35 10.15 8.81 14.00 6.09 6.04 5.99 5.95 2.95 7.67 2.21 5.57 9.97 0.00 0.00 0.00 0.00 0.00 0.00 0.00 0.00 0.00 0.00 0.00 0.00 0.00 0.00 0.00 0.00 0.00 0.00 0.00 0.00 0.00 0.00 0.00 0.00 0.00 0.00 0.00 0.00 0.00 0.00
11.88 11.87 11.86 11.85 11.83 11.82 11.81 11.79 11.83 11.81 12.42 12.39 14.14 11.68 11.66 8.78 8.64 8.61 8.58 8.55 8.52 8.49 8.45 8.40 8.44 8.39 8.34 8.28 8.27 8.21 8.14 8.07 8.05 7.96 7.88 7.79 7.73 7.86 7.89 12.34 8.57 8.68 9.23 10.75 6.30 6.03 5.56 6.17 7.72 9.04 8.68 5.57 0.00 0.00 0.00 0.00 0.00 0.00 0.00 0.00 0.00 0.00 0.00 0.00 0.00 0.00 0.00 0.00 0.00 0.00 0.00 0.00 0.00 0.00 0.00 0.00 0.00 0.00 0.00 0.00 0.00 0.00 0.00
11.93 11.92 11.91 11.90 11.88 11.86 11.85 12.54 12.51 12.48 12.44 12.41 12.37 12.33 11.67 8.78 8.64 8.61 8.57 8.54 8.51 8.47 8.42 8.38 8.42 8.36 8.31 8.25 8.24 8.17 8.10 8.03 8.01 7.92 7.84 7.75 7.69 7.60 8.80 8.68 8.54 8.42 8.30 8.18 8.59 9.30 9.44 2.31 8.75 8.34 5.60 1.93 0.00 0.00 0.00 0.00 0.00 0.00 0.00 0.00 0.00 0.00 0.00 0.00 0.00 0.00 0.00 0.00 0.00 0.00 0.00 0.00 0.00 0.00 0.00 0.00 0.00 0.00 0.00 0.00 0.00 0.00 0.00
11.96 12.75 11.94 11.92 11.90 12.62 12.59 12.56 12.53 14.26 12.46 12.42 12.38 12.33 8.59 8.83 8.51 8.54 8.51 8.47 8.56 8.51 8.47 8.42 8.39 8.34 8.28 8.22 8.18 8.11 8.41 8.31 7.94 7.85 7.77 7.68 7.59 7.81 8.69 8.58 8.41 8.30 8.18 8.18 8.03 7.49 7.78 8.66 2.71 2.69 8.84 5.55 0.00 0.00 0.00 0.00 0.00 0.00 0.00 0.00 0.00 0.00 0.00 0.00 0.00 0.00 0.00 0.00 0.00 0.00 0.00 0.00 0.00 0.00 0.00 0.00 0.00 0.00 0.00 0.00 0.00 0.00 0.00
12.00 11.99 11.97 12.70 12.68 12.65 12.62 12.58 12.55 12.51 12.47 14.17 12.38 12.33 12.48 8.54 9.88 8.53 8.50 8.45 8.54 8.49 8.44 8.39 8.37 8.31 8.25 8.19 8.15 8.07 8.37 7.93 7.90 7.81 7.73 8.54 8.79 8.76 8.65 8.54 8.38 8.26 8.14 8.15 8.00 7.87 7.20 7.63 7.83 8.77 8.83 7.60 11.15 5.46 7.63 0.00 0.00 0.00 0.00 0.00 0.00 0.00 0.00 0.00 0.00 0.00 0.00 0.00 0.00 0.00 0.00 0.00 0.00 0.00 0.00 0.00 0.00 0.00 0.00 0.00 0.00 0.00 0.00
12.03 12.02 12.75 14.52 12.70 12.67 12.63 12.60 12.56 12.52 12.47 12.43 12.38 12.33 8.58 8.56 8.56 8.52 8.48 8.44 8.52 8.47 8.42 8.37 8.34 8.28 8.22 8.15 8.11 8.04 7.97 7.89 7.86 7.77 8.05 7.60 8.73 8.72 8.19 8.50 8.34 8.23 9.61 8.11 7.96 7.84 7.72 7.60 7.54 7.42 7.30 7.18 7.80 5.46 5.42 7.42 7.27 0.00 0.00 0.00 0.00 0.00 0.00 0.00 0.00 0.00 0.00 0.00 0.00 0.00 0.00 0.00 0.00 0.00 0.00 0.00 0.00 0.00 0.00 0.00 0.00 0.00 0.00
12.05 12.04 12.77 12.74 12.71 12.68 12.64 12.60 12.56 12.51 12.47 14.17 12.37 12.31 8.56 8.55 8.55 8.51 8.46 8.42 8.50 8.45 8.39 8.34 8.31 8.25 8.18 8.12 8.07 8.00 7.93 7.85 7.82 7.73 7.65 8.87 8.77 8.67 8.57 8.46 8.30 8.19 7.51 8.08 7.93 7.81 7.69 7.57 7.50 7.39 6.62 7.39 7.49 7.38 5.42 5.38 10.86 7.07 0.00 0.00 0.00 0.00 0.00 0.00 0.00 0.00 0.00 0.00 0.00 0.00 0.00 0.00 0.00 0.00 0.00 0.00 0.00 0.00 0.00 0.00 0.00 0.00 0.00
12.83 12.80 12.78 12.75 12.71 12.68 12.64 14.37 12.55 12.51 12.46 12.41 12.35 8.59 8.60 8.93 8.62 8.58 8.53 8.48 8.51 8.46 8.40 8.35 8.29 9.32 8.52 8.45 8.40 10.70 7.89 7.81 7.72 7.64 7.87 7.78 8.20 8.54 8.44 8.33 7.72 8.20 8.08 7.96 7.82 7.15 7.58 7.52 7.40 7.28 7.16 7.28 7.18 7.35 8.08 6.27 5.79 5.30 8.84 8.74 0.00 0.00 0.00 0.00 0.00 0.00 0.00 0.00 0.00 0.00 0.00 0.00 0.00 0.00 0.00 0.00 0.00 0.00 0.00 0.00 0.00 0.00 0.00
