New_Model_Runs/1_Original_run_out/post_prcessed_with_MFR/Monthly_summaries/net_infiltration_monthly_MAR.asc
NCOLS 700
NROWS 400
XLLCENTER 515000.000000
YLLCENTER 8409000.000000
CELLSIZE 50.000000
NODATA_value -999.000000
[rows 259 to 295 of 400, columns 252 to 335 of 700]
16.45 16.37 8.80 8.72 9.41 10.38 2.54 10.17 2.28 8.64 8.55 9.80 8.14 11.68 11.59 11.50 11.88 9.29 12.61 5.89 9.29 6.65 7.46 10.09 9.78 9.72 9.65 9.59 9.72 6.03 10.50 9.54 5.38 5.56 10.01 5.96 1.88 5.49 6.66 6.60 6.77 6.94 6.79 2.00 2.34 2.33 5.94 5.93 7.25 6.34 1.80 2.01 2.28 5.67 6.02 5.97 5.92 5.87 5.81 5.75 5.69 5.63 5.57 5.52 9.09 1.54 1.53 1.51 1.50 5.22 0.00 0.00 0.00 0.00 0.00 0.00 0.00 0.00 0.00 0.00 0.00 0.00 0.00 0.00
16.60 8.79 7.70 7.88 9.68 8.69 8.83 2.28 9.16 8.56 10.19 9.88 9.60 9.33 8.58 8.02 11.34 8.99 7.54 11.09 2.00 7.29 9.84 9.77 9.68 9.62 9.55 9.49 13.05 10.94 7.24 7.17 7.10 6.38 6.32 10.56 5.49 5.48 10.23 1.96 6.48 6.65 6.59 1.98 6.77 5.94 2.07 2.06 2.08 6.87 6.45 2.28 6.57 6.30 9.65 5.91 5.86 5.81 5.74 5.68 5.62 1.80 2.01 1.86 9.03 1.52 1.74 1.72 1.48 1.47 0.00 0.00 0.00 0.00 0.00 0.00 0.00 0.00 0.00 0.00 0.00 0.00 0.00 0.00
16.74 8.96 8.66 7.81 9.24 8.61 8.52 9.33 9.69 2.67 2.65 9.19 7.98 9.26 8.03 11.35 12.62 7.55 10.36 12.87 9.13 9.06 9.78 9.71 9.62 9.56 9.49 9.43 12.99 10.87 7.17 7.10 7.03 6.32 10.56 10.49 10.43 10.22 6.76 5.65 10.18 6.36 1.89 6.24 5.49 1.84 7.19 6.91 6.86 6.85 6.80 6.34 6.74 2.24 5.40 1.87 6.03 5.74 5.68 9.25 9.19 5.73 9.98 5.61 5.15 5.36 1.95 1.93 1.47 1.45 1.44 0.00 0.00 0.00 0.00 0.00 0.00 0.00 0.00 0.00 0.00 0.00 0.00 0.00
15.43 8.89 7.56 7.30 8.62 8.53 8.44 2.24 2.22 8.67 8.98 8.88 2.13 9.38 7.73 11.27 9.39 12.95 11.90 7.74 9.07 9.00 8.93 9.66 9.56 9.50 9.44 9.38 10.44 5.61 9.65 5.57 10.40 10.56 6.87 1.85 6.73 10.16 6.70 6.64 6.36 10.06 10.16 5.94 2.29 1.83 2.04 2.02 6.21 6.10 6.27 6.44 2.01 5.62 5.49 2.08 6.42 6.13 9.48 9.19 5.96 2.23 2.07 1.75 1.51 6.03 2.61 1.69 1.45 1.60 1.43 0.00 0.00 0.00 0.00 0.00 0.00 0.00 0.00 0.00 0.00 0.00 4.61 4.58
9.12 8.82 8.36 10.02 8.54 8.46 8.37 8.78 9.76 9.67 9.77 8.97 9.20 7.97 8.11 11.20 12.96 12.89 8.68 7.66 9.01 8.94 8.88 9.60 9.51 9.45 9.38 9.32 5.39 2.19 7.49 6.97 2.48 2.09 1.85 1.83 1.82 10.10 6.42 1.77 1.76 6.02 1.86 5.69 2.11 6.04 6.71 6.60 6.32 6.27 6.44 2.35 1.99 9.54 6.25 2.29 2.50 9.93 5.79 5.51 5.90 1.99 5.57 5.29 1.49 5.33 6.67 2.36 1.44 1.43 1.41 1.40 0.00 0.00 0.00 0.00 0.00 0.00 0.00 0.00 4.62 5.22 1.31 1.30
9.06 8.59 8.52 10.17 9.36 9.28 8.29 9.10 9.01 9.40 9.31 9.43 9.32 7.36 6.13 11.13 6.12 1.99 9.11 9.04 8.94 8.88 8.81 8.74 9.45 9.39 9.33 5.88 5.37 5.98 2.19 2.03 2.24 6.87 6.83 6.76 6.70 10.27 10.85 6.52 1.94 6.63 6.59 5.68 6.47 7.29 6.60 6.54 6.27 6.22 5.94 6.12 5.27 9.65 5.97 2.28 3.40 6.24 5.74 2.00 5.62 5.57 5.29 5.27 8.82 5.32 2.20 5.72 1.43 4.95 0.00 1.39 1.38 0.00 0.00 0.00 0.00 0.00 0.00 4.60 1.31 1.30 1.30 4.51
8.38 8.53 9.70 10.30 9.52 9.20 9.11 8.62 8.94 9.33 9.24 9.36 9.05 2.28 5.89 7.43 11.41 7.26 7.18 9.22 9.12 1.72 1.70 1.68 5.40 8.64 5.50 6.13 5.45 9.98 7.19 7.70 7.41 6.92 6.85 6.78 10.27 10.21 5.52 10.16 10.03 9.98 10.57 9.66 11.28 7.81 7.76 6.27 5.99 5.94 6.12 6.52 10.10 5.74 5.91 2.49 2.70 2.24 5.68 6.53 5.83 5.30 8.88 8.82 8.77 5.09 5.04 5.00 1.41 0.00 0.00 0.00 1.37 1.36 0.00 0.00 0.00 5.26 1.31 1.31 1.30 4.52 4.49 0.00
7.99 8.09 10.10 10.24 9.22 9.13 9.04 8.95 9.22 8.77 2.10 8.17 7.62 7.76 11.53 7.36 11.14 7.63 7.54 7.26 7.82 1.93 6.60 6.52 10.28 10.43 9.77 5.45 8.73 5.75 5.73 5.49 5.47 10.56 10.65 10.36 2.36 10.61 6.47 6.48 6.35 6.30 6.24 1.80 11.24 7.57 7.50 6.21 5.94 5.89 6.07 6.25 6.19 5.33 6.08 5.80 1.79 5.39 6.08 10.11 5.44 9.11 9.06 5.15 5.10 5.05 5.00 4.96 1.40 0.00 0.00 0.00 0.00 1.35 1.34 4.65 4.62 1.31 1.31 1.30 4.51 0.00 0.00 0.00
8.10 10.11 9.81 9.94 9.84 9.06 8.97 8.88 8.80 8.70 7.72 8.10 11.18 12.96 11.24 11.58 11.07 6.45 7.48 7.62 7.76 1.69 6.54 6.46 10.01 1.57 1.55 5.12 5.75 2.11 6.71 6.64 6.58 7.60 6.97 6.60 6.76 6.02 1.86 6.36 6.31 6.25 6.26 1.84 5.46 7.53 7.65 6.17 5.89 7.30 7.26 6.37 5.69 5.32 2.03 5.97 1.55 5.41 5.58 9.16 8.89 9.06 5.39 5.11 5.29 5.24 4.97 4.92 1.39 0.00 0.00 0.00 0.00 4.68 1.33 1.32 1.31 1.30 4.53 0.00 0.00 0.00 0.00 0.00
7.94 10.03 9.71 8.72 9.08 8.99 8.90 8.82 8.95 8.87 7.66 11.20 12.49 9.00 9.59 13.14 5.57 10.03 7.41 7.37 7.09 1.68 1.88 1.86 1.62 1.56 1.54 1.90 5.51 6.73 6.66 8.11 2.18 2.46 7.07 7.01 6.49 6.43 1.85 6.31 6.26 1.80 6.21 5.46 9.60 9.55 6.10 7.60 7.27 7.23 7.20 7.17 5.63 5.58 9.38 1.55 5.41 8.99 5.15 1.50 1.49 5.39 8.97 5.07 5.25 4.98 4.93 1.40 4.85 0.00 0.00 0.00 4.69 1.33 1.32 1.31 4.56 4.53 0.00 0.00 0.00 0.00 0.00 0.00
10.08 9.76 10.13 10.21 9.01 8.93 10.27 12.18 10.93 12.66 11.68 12.03 8.92 8.94 9.76 9.23 7.52 7.24 7.39 7.98 7.23 7.03 3.06 6.35 5.34 1.58 6.89 6.96 5.50 6.68 6.62 6.55 2.24 6.86 2.35 5.97 1.87 6.39 6.33 6.27 1.86 5.45 5.44 5.33 5.31 2.12 7.60 7.33 7.28 7.21 7.17 7.16 5.58 5.53 9.10 5.17 5.16 1.52 1.51 1.49 1.48 1.69 1.68 5.04 4.99 4.94 4.90 1.39 4.82 0.00 4.74 1.34 1.33 1.32 4.38 4.56 4.53 0.00 0.00 0.00 0.00 0.00 0.00 0.00
10.01 9.21 9.12 9.52 11.19 10.34 11.28 7.81 7.73 7.62 9.86 8.80 8.49 7.94 8.31 2.16 8.18 7.60 7.56 8.38 7.18 6.45 6.37 6.29 6.67 6.14 6.84 2.03 10.33 6.78 6.57 6.51 6.73 6.59 6.53 10.09 6.19 6.34 6.28 1.81 5.36 5.34 5.33 9.64 5.96 7.79 7.79 7.55 6.23 7.18 7.25 7.13 4.60 5.48 9.06 5.16 1.52 1.51 1.50 1.56 5.14 1.46 1.44 5.00 4.96 1.41 1.39 4.83 4.79 4.75 1.35 1.34 1.33 4.60 0.00 0.00 4.73 4.71 0.00 0.00 0.00 0.00 0.00 0.00
10.12 9.63 9.06 5.96 11.38 7.68 7.60 7.53 6.52 6.81 8.15 2.90 8.65 7.66 7.57 7.06 8.89 8.83 8.76 8.92 6.15 6.40 6.55 6.47 6.16 6.58 2.31 5.54 6.80 6.73 6.67 6.68 6.62 1.90 6.56 5.49 5.47 5.46 9.66 5.46 5.35 9.63 5.64 5.97 5.92 7.31 1.75 6.01 5.95 5.67 7.12 7.10 8.19 5.18 1.76 1.53 1.51 5.25 5.20 1.47 1.46 5.06 5.02 1.42 1.41 4.88 4.84 4.80 1.36 1.35 1.34 4.65 0.00 0.00 0.00 0.00 0.00 0.00 0.00 0.00 0.00 0.00 0.00 0.00
9.66 9.78 10.53 11.40 7.70 7.62 7.55 7.48 8.48 6.98 2.01 2.21 1.96 1.94 6.63 8.14 8.69 8.76 6.77 6.69 5.47 6.35 6.50 1.58 6.34 6.77 2.10 5.49 2.05 7.28 1.80 6.42 6.35 1.89 7.32 10.08 5.46 1.68 6.34 6.30 6.01 6.66 5.99 5.94 6.11 6.06 5.79 5.74 5.68 5.62 9.19 8.84 5.17 1.77 1.98 1.74 5.26 5.21 1.48 1.46 1.45 5.03 1.43 1.41 4.90 4.86 1.38 1.37 1.51 4.70 1.34 0.00 0.00 0.00 0.00 0.00 0.00 0.00 0.00 0.00 0.00 0.00 0.00 0.00
9.80 10.55 11.42 7.72 7.87 7.80 7.50 8.51 8.43 7.90 7.82 9.15 7.20 7.80 7.49 8.96 8.79 6.80 1.83 7.11 5.43 6.52 6.67 6.15 7.23 7.16 6.86 10.42 6.72 6.52 6.45 7.29 6.31 1.87 7.28 7.22 9.70 6.74 6.40 6.26 1.70 6.62 7.36 7.32 7.49 6.03 5.75 2.06 9.72 8.89 5.53 5.92 4.49 1.53 1.52 1.51 5.22 5.18 1.47 5.09 1.44 1.43 4.95 4.91 1.39 1.38 1.37 4.75 4.72 0.00 0.00 0.00 0.00 0.00 0.00 0.00 0.00 0.00 0.00 0.00 0.00 0.00 0.00 0.00
7.62 11.67 7.97 7.67 6.80 7.97 8.77 8.46 8.37 7.62 8.20 7.68 7.37 7.52 7.44 6.91 6.83 1.83 7.08 8.08 8.01 6.61 2.93 5.42 8.53 8.56 7.05 11.77 8.06 10.84 6.55 6.35 6.29 6.43 7.24 6.38 10.52 10.11 6.36 6.00 6.02 7.37 7.33 7.30 7.28 5.77 5.71 5.68 9.73 5.84 6.02 4.95 4.46 1.52 4.37 1.50 1.48 5.15 1.46 1.45 5.01 4.97 4.93 1.40 1.39 1.38 4.77 4.73 0.00 0.00 0.00 0.00 0.00 0.00 0.00 0.00 0.00 0.00 0.00 0.00 0.00 0.00 0.00 0.00
11.42 11.53 11.54 10.31 6.61 6.53 8.27 7.96 8.32 7.79 7.93 7.61 7.53 7.44 11.21 11.13 10.41 10.74 10.06 11.91 8.21 6.57 6.72 7.45 7.73 7.89 11.09 5.68 5.66 6.81 6.52 6.55 1.74 6.19 6.98 6.34 7.09 10.08 6.33 6.67 7.38 7.39 6.51 6.46 6.41 9.00 9.56 5.89 5.85 4.56 4.52 4.47 4.42 1.51 1.50 5.20 5.16 1.46 5.07 5.03 4.98 1.41 1.40 1.39 4.82 4.78 6.53 5.34 0.00 0.00 0.00 0.00 0.00 0.00 0.00 0.00 0.00 0.00 0.00 0.00 0.00 0.00 0.00 0.00
10.69 6.69 6.70 9.40 10.18 11.06 11.61 11.99 11.45 11.36 11.50 11.42 11.10 11.25 7.98 7.26 7.37 6.47 6.06 9.85 10.00 9.92 6.06 7.20 10.96 11.35 11.28 10.76 2.25 2.23 6.48 6.51 6.45 6.16 6.10 6.89 6.24 6.18 9.70 6.02 5.96 6.13 7.52 10.06 8.41 4.73 5.90 4.63 4.58 4.53 4.48 4.44 5.31 5.27 5.22 1.48 1.47 5.08 5.04 1.43 1.42 1.41 4.88 4.84 6.54 5.39 5.36 3.86 0.00 0.00 0.00 0.00 0.00 0.00 0.00 0.00 0.00 0.00 0.00 0.00 0.00 0.00 0.00 0.00
11.36 7.66 1.74 8.48 7.91 11.57 12.24 11.94 9.13 7.25 7.39 7.54 11.28 12.40 7.75 6.77 8.31 7.52 6.54 6.46 5.88 5.80 11.20 10.54 10.47 10.85 10.65 5.66 1.79 2.00 1.76 6.48 6.19 6.13 6.19 5.57 6.66 6.38 6.10 9.61 9.71 6.33 9.31 5.25 4.75 4.70 4.65 4.60 4.55 4.50 5.38 1.52 1.51 1.50 1.48 1.47 5.10 1.45 1.43 1.42 4.93 4.89 5.47 5.44 3.93 3.90 3.87 0.00 0.00 0.00 0.00 0.00 0.00 0.00 0.00 0.00 0.00 0.00 0.00 0.00 0.00 0.00 0.00 0.00
11.31 7.62 7.56 7.93 7.41 11.98 6.65 11.28 9.93 7.20 7.55 7.26 9.11 8.82 11.11 2.05 7.55 6.57 6.49 6.41 6.33 6.83 7.68 11.09 6.66 1.83 10.30 5.63 5.61 5.39 5.37 5.36 6.29 6.22 6.16 6.10 2.17 2.15 6.07 5.96 9.38 5.50 5.80 5.38 4.72 4.67 4.62 4.57 5.45 1.54 1.53 5.30 5.25 5.20 5.16 1.46 1.45 1.44 1.43 4.95 5.52 5.48 3.97 0.00 0.00 0.00 0.00 0.00 0.00 0.00 0.00 0.00 0.00 0.00 0.00 0.00 0.00 0.00 0.00 0.00 0.00 0.00 0.00 0.00
6.62 10.26 10.64 7.89 11.68 5.99 9.20 8.67 12.67 8.96 7.98 7.90 8.85 7.74 7.89 9.89 6.60 7.44 7.36 7.29 6.74 8.16 7.64 10.29 10.48 5.45 6.02 1.79 10.22 10.16 9.88 6.19 9.76 9.82 6.13 6.16 6.33 1.69 5.31 9.48 5.50 1.64 6.01 4.75 4.69 4.64 5.53 1.56 1.54 5.37 5.32 5.27 5.22 5.18 1.47 1.46 1.44 5.01 5.56 5.53 5.50 3.98 0.00 0.00 0.00 0.00 0.00 0.00 0.00 0.00 0.00 0.00 0.00 0.00 0.00 0.00 0.00 0.00 0.00 0.00 0.00 0.00 0.00 0.00
7.38 6.59 10.07 11.03 10.09 7.71 7.52 3.99 7.59 7.89 5.21 7.86 7.78 9.39 6.71 1.99 10.59 8.33 7.32 6.33 7.55 8.59 7.84 1.99 6.82 10.38 6.91 1.92 7.20 7.14 7.31 1.85 2.05 5.76 6.10 6.13 9.93 5.54 1.67 5.82 1.64 1.63 1.61 4.72 4.67 5.56 1.56 1.55 5.39 5.34 5.29 5.24 1.49 1.47 1.46 1.45 4.79 4.10 5.39 4.03 4.00 0.00 0.00 0.00 0.00 0.00 0.00 0.00 0.00 0.00 0.00 0.00 0.00 0.00 0.00 0.00 0.00 0.00 0.00 0.00 0.00 0.00 0.00 0.00
5.89 7.28 7.22 7.36 11.54 7.38 6.57 7.22 5.77 1.78 5.86 6.91 7.66 11.23 10.30 10.22 12.00 8.30 6.75 6.67 7.07 2.24 2.08 6.86 10.42 10.58 2.47 2.13 1.89 7.34 7.28 1.84 6.52 2.25 9.38 9.73 9.92 7.22 5.93 5.87 1.63 1.62 1.61 5.65 1.58 1.57 5.48 5.42 5.37 5.32 1.51 1.49 1.48 1.47 4.85 4.15 0.00 0.00 0.00 0.00 0.00 0.00 0.00 0.00 0.00 0.00 0.00 0.00 0.00 0.00 0.00 0.00 0.00 0.00 0.00 0.00 0.00 0.00 0.00 0.00 0.00 0.00 0.00 0.00
6.57 7.70 6.81 6.37 7.86 11.41 11.97 6.02 5.20 9.51 5.82 1.52 7.63 7.58 7.52 5.92 10.10 1.74 6.32 7.19 10.39 5.86 10.52 6.83 5.58 6.69 6.85 1.90 6.80 7.31 6.67 6.31 2.04 5.65 9.91 6.75 2.37 6.58 5.52 5.77 6.61 5.74 5.68 5.62 1.57 1.56 1.55 5.40 5.34 1.51 1.50 1.49 5.15 4.21 0.00 0.00 0.00 0.00 0.00 0.00 0.00 0.00 0.00 0.00 0.00 0.00 0.00 0.00 0.00 0.00 0.00 0.00 0.00 0.00 0.00 0.00 0.00 0.00 0.00 0.00 0.00 0.00 0.00 0.00
7.27 7.41 6.85 6.33 6.26 8.92 11.07 9.61 9.62 9.55 9.41 5.78 6.53 3.34 7.99 6.96 10.06 10.83 9.32 5.67 10.64 6.94 6.87 6.80 10.11 1.93 6.60 6.53 6.47 7.51 6.99 10.56 9.92 6.08 1.94 6.42 6.46 6.56 6.73 5.75 6.59 5.71 5.65 5.60 5.54 1.56 1.54 1.53 1.52 1.51 5.22 5.18 4.23 0.00 0.00 0.00 0.00 0.00 0.00 0.00 0.00 0.00 0.00 0.00 0.00 0.00 0.00 0.00 0.00 0.00 0.00 0.00 0.00 0.00 0.00 0.00 0.00 0.00 0.00 0.00 0.00 0.00 0.00 0.00
7.46 11.03 10.97 9.84 9.85 9.79 9.94 6.02 5.95 5.88 5.81 9.30 5.60 3.32 7.00 6.92 6.27 3.52 2.95 2.26 7.62 6.64 6.84 6.77 6.45 5.69 10.43 6.96 6.67 9.79 5.46 6.05 5.99 6.06 6.00 5.94 5.58 5.83 5.78 6.03 5.75 5.69 5.63 5.57 5.52 1.55 1.54 1.53 5.30 5.25 5.74 0.00 0.00 0.00 0.00 0.00 0.00 0.00 0.00 0.00 0.00 0.00 0.00 0.00 0.00 0.00 0.00 0.00 0.00 0.00 0.00 0.00 0.00 0.00 0.00 0.00 0.00 0.00 0.00 0.00 0.00 0.00 0.00 0.00
6.82 6.84 7.50 10.83 9.81 6.12 6.05 5.98 5.91 3.47 5.78 5.71 9.72 10.10 9.06 10.51 7.26 11.20 7.62 7.89 7.40 7.11 6.81 6.74 6.68 6.37 7.21 5.95 10.05 10.05 5.63 1.67 5.96 5.71 6.05 6.00 1.67 5.89 5.83 5.78 1.61 1.60 5.61 1.57 1.56 1.54 5.38 5.33 5.80 4.32 0.00 0.00 0.00 0.00 0.00 0.00 0.00 0.00 0.00 0.00 0.00 0.00 0.00 0.00 0.00 0.00 0.00 0.00 0.00 0.00 0.00 0.00 0.00 0.00 0.00 0.00 0.00 0.00 0.00 0.00 0.00 0.00 0.00 0.00
6.93 9.97 9.91 6.21 6.15 6.08 6.01 5.94 5.87 6.48 5.74 5.67 9.68 11.03 5.84 2.37 6.32 7.21 10.77 7.86 8.02 7.72 7.43 7.36 7.30 6.58 10.14 9.85 1.85 6.11 6.78 1.89 1.95 5.69 6.03 5.97 5.92 5.86 5.81 1.62 1.60 1.59 1.58 1.56 1.55 5.42 5.59 6.05 0.00 0.00 0.00 0.00 0.00 0.00 0.00 0.00 0.00 0.00 0.00 0.00 0.00 0.00 0.00 0.00 0.00 0.00 0.00 0.00 0.00 0.00 0.00 0.00 0.00 0.00 0.00 0.00 0.00 0.00 0.00 0.00 0.00 0.00 0.00 0.00
10.29 6.59 6.24 6.17 6.11 6.04 5.97 5.90 5.84 5.77 5.70 5.63 5.56 9.12 6.85 5.29 6.28 7.18 7.11 10.53 7.76 7.47 7.40 7.34 10.90 10.18 7.13 1.86 6.36 6.81 6.75 6.31 6.35 6.06 6.01 5.95 5.89 5.84 5.79 1.70 1.60 1.58 1.57 5.50 5.45 5.40 1.83 5.81 0.00 0.00 0.00 0.00 0.00 0.00 0.00 0.00 0.00 0.00 0.00 0.00 0.00 0.00 0.00 0.00 0.00 0.00 0.00 0.00 0.00 0.00 0.00 0.00 0.00 0.00 0.00 0.00 0.00 0.00 0.00 0.00 0.00 0.00 0.00 0.00
6.62 6.55 6.20 6.14 6.07 6.00 5.93 5.87 5.80 5.73 5.66 5.60 5.53 9.09 9.47 6.75 7.17 7.95 7.88 7.80 10.71 5.67 11.00 10.93 10.22 7.40 7.11 1.85 2.06 6.56 6.12 6.06 6.09 6.04 5.98 5.92 5.87 5.82 1.62 1.61 1.59 5.60 5.54 5.48 5.43 9.01 10.55 5.97 5.10 0.00 0.00 0.00 0.00 0.00 0.00 0.00 0.00 0.00 0.00 0.00 0.00 0.00 0.00 0.00 0.00 0.00 0.00 0.00 0.00 0.00 0.00 0.00 0.00 0.00 0.00 0.00 0.00 0.00 0.00 0.00 0.00 0.00 0.00 0.00
6.29 6.23 6.16 6.10 6.03 5.96 5.89 5.83 5.76 5.70 5.63 5.56 5.49 5.42 7.22 5.96 7.98 7.91 6.68 7.43 10.99 10.39 11.20 10.48 11.29 2.78 7.78 7.04 8.08 6.76 6.10 6.04 6.07 6.01 5.96 5.90 5.85 5.80 5.75 5.33 5.63 5.57 5.52 5.46 9.27 5.36 5.61 1.84 5.09 0.00 0.00 0.00 0.00 0.00 0.00 0.00 0.00 0.00 0.00 0.00 0.00 0.00 0.00 0.00 0.00 0.00 0.00 0.00 0.00 0.00 0.00 0.00 0.00 0.00 0.00 0.00 0.00 0.00 0.00 0.00 0.00 0.00 0.00 0.00
6.25 6.19 6.12 6.06 5.99 5.92 5.86 6.24 6.63 5.66 5.59 3.25 5.45 5.38 3.21 10.98 7.15 7.08 7.01 10.23 10.16 7.61 7.55 7.73 7.89 11.75 11.61 10.87 7.18 6.96 6.23 6.10 6.05 5.99 5.93 5.88 5.83 5.80 5.72 5.67 5.61 5.55 5.18 5.62 6.13 6.96 5.36 5.54 5.07 0.00 0.00 0.00 0.00 0.00 0.00 0.00 0.00 0.00 0.00 0.00 0.00 0.00 0.00 0.00 0.00 0.00 0.00 0.00 0.00 0.00 0.00 0.00 0.00 0.00 0.00 0.00 0.00 0.00 0.00 0.00 0.00 0.00 0.00 0.00
6.21 6.15 6.08 6.02 5.95 5.89 5.82 6.20 6.59 5.62 5.55 5.49 5.42 5.35 5.28 10.81 10.66 10.67 5.32 1.68 3.49 7.35 7.74 8.80 8.54 8.02 3.88 6.88 12.32 7.74 7.70 6.08 6.02 5.97 5.91 5.86 5.81 5.76 5.70 5.65 5.59 9.16 5.41 9.56 9.74 9.46 5.57 5.30 5.06 0.00 0.00 0.00 0.00 0.00 0.00 0.00 0.00 0.00 0.00 0.00 0.00 0.00 0.00 0.00 0.00 0.00 0.00 0.00 0.00 0.00 0.00 0.00 0.00 0.00 0.00 0.00 0.00 0.00 0.00 0.00 0.00 0.00 0.00 0.00
6.17 6.11 6.04 5.98 5.91 5.85 5.78 5.72 9.28 5.59 5.52 5.45 5.38 5.31 6.62 10.18 9.58 2.15 1.69 6.32 6.26 6.67 7.49 7.42 7.16 3.05 8.23 7.65 7.36 11.60 12.89 10.37 6.00 5.95 5.89 5.84 5.79 5.74 9.31 9.25 9.20 9.37 9.37 10.00 9.73 9.69 6.00 5.51 5.28 0.00 0.00 0.00 0.00 0.00 0.00 0.00 0.00 0.00 0.00 0.00 0.00 0.00 0.00 0.00 0.00 0.00 0.00 0.00 0.00 0.00 0.00 0.00 0.00 0.00 0.00 0.00 0.00 0.00 0.00 0.00 0.00 0.00 0.00 0.00
6.13 6.07 6.00 7.42 5.87 5.81 5.74 6.28 5.61 9.18 5.48 5.42 5.34 8.90 10.22 10.61 7.66 7.19 6.29 6.29 6.23 6.12 7.23 7.17 7.38 7.50 7.44 6.80 6.42 3.14 3.35 10.18 9.68 9.55 9.50 9.45 9.40 9.34 5.66 5.83 6.07 6.24 10.74 11.39 9.72 7.44 7.41 5.95 5.74 0.00 0.00 0.00 0.00 0.00 0.00 0.00 0.00 0.00 0.00 0.00 0.00 0.00 0.00 0.00 0.00 0.00 0.00 0.00 0.00 0.00 0.00 0.00 0.00 0.00 0.00 0.00 0.00 0.00 0.00 0.00 0.00 0.00 0.00 0.00
6.09 6.03 5.96 5.90 5.83 5.77 3.36 5.64 5.58 9.14 5.45 5.38 8.94 11.00 10.19 10.26 10.74 10.23 5.30 6.21 6.95 6.89 7.06 7.14 7.08 7.25 5.87 6.55 6.49 6.67 6.39 6.31 6.25 5.90 5.85 5.80 5.75 5.70 5.80 6.10 6.72 9.40 7.10 7.07 7.24 6.98 6.96 7.16 5.45 0.00 0.00 0.00 0.00 0.00 0.00 0.00 0.00 0.00 0.00 0.00 0.00 0.00 0.00 0.00 0.00 0.00 0.00 0.00 0.00 0.00 0.00 0.00 0.00 0.00 0.00 0.00 0.00 0.00 0.00 0.00 0.00 0.00 0.00 0.00
6.05 5.98 5.92 5.86 5.80 5.73 5.67 5.60 5.54 9.10 9.04 8.90 6.26 7.35 10.72 6.92 7.84 6.58 7.11 10.32 11.17 10.38 7.26 7.21 6.92 5.89 7.27 6.98 6.70 6.42 6.53 6.62 6.12 5.95 5.83 5.78 5.73 5.93 5.88 6.29 7.78 10.05 5.71 1.86 7.00 6.98 6.95 6.92 7.04 0.00 0.00 0.00 0.00 0.00 0.00 0.00 0.00 0.00 0.00 0.00 0.00 0.00 0.00 0.00 0.00 0.00 0.00 0.00 0.00 0.00 0.00 0.00 0.00 0.00 0.00 0.00 0.00 0.00 0.00 0.00 0.00 0.00 0.00 0.00
