New_Model_Runs/1_Original_run_out/post_prcessed_with_MFR/Monthly_summaries/net_infiltration_monthly_FEB.asc
NCOLS 700
NROWS 400
XLLCENTER 515000.000000
YLLCENTER 8409000.000000
CELLSIZE 50.000000
NODATA_value -999.000000
[rows 111 to 147 of 400, columns 574 to 655 of 700]
6.21 6.20 7.29 7.28 7.27 7.27 6.97 0.00 0.00 0.00 0.00 0.00 0.00 0.00 0.00 0.00 0.00 0.00 0.00 0.00 0.00 11.77 8.90 6.44 6.37 6.36 6.30 6.89 6.30 7.30 6.14 6.13 6.13 6.12 5.92 5.91 5.90 5.89 6.73 5.76 5.74 5.72 5.80 5.78 5.75 5.73 5.82 5.79 5.76 5.73 5.74 5.15 5.12 5.08 5.06 5.03 4.99 4.95 4.90 4.86 4.82 4.78 4.76 6.03 5.71 5.34 5.80 5.85 5.56 9.20 0.00 0.00 0.00 0.00 0.00 0.00 0.00 0.00 0.00 0.00 0.00 0.00
6.16 8.27 7.37 7.36 7.35 6.21 6.56 0.00 0.00 0.00 0.00 0.00 0.00 0.00 0.00 0.00 0.00 0.00 0.00 0.00 10.92 6.58 3.91 7.57 7.87 7.66 6.36 6.35 6.35 6.34 6.09 6.64 6.07 6.07 6.31 5.79 5.77 5.76 5.84 5.82 5.80 5.78 6.00 5.98 5.95 5.92 5.97 5.94 5.91 5.88 5.85 5.81 5.20 5.17 5.12 5.08 5.04 5.01 4.94 4.90 4.86 4.82 4.77 5.09 5.91 6.90 5.82 6.29 7.20 9.39 0.00 0.00 0.00 0.00 0.00 0.00 0.00 0.00 0.00 0.00 0.00 0.00
6.19 6.18 7.40 6.25 6.24 6.24 7.16 8.03 0.00 0.00 0.00 0.00 0.00 0.00 0.00 0.00 0.00 0.00 0.00 11.64 8.76 8.76 7.29 7.71 8.09 7.88 7.57 7.57 6.36 6.35 6.10 6.64 6.08 6.07 6.31 5.79 5.78 5.76 5.84 5.82 5.80 5.78 6.00 5.98 5.95 5.92 5.97 5.94 5.91 5.87 5.84 5.81 5.77 5.17 5.11 5.07 5.04 5.00 4.93 5.10 4.86 4.82 4.77 5.09 5.25 5.01 5.35 2.56 10.06 0.00 0.00 0.00 0.00 0.00 0.00 0.00 0.00 0.00 0.00 0.00 0.00 0.00
6.22 6.21 6.28 7.43 6.27 6.26 6.42 7.00 3.69 0.00 0.00 0.00 0.00 0.00 0.00 10.97 11.90 5.99 11.35 10.23 6.30 7.14 6.33 7.92 7.29 7.74 7.72 8.63 8.62 6.36 6.10 6.09 6.08 6.07 5.80 5.79 5.78 5.76 5.84 5.82 5.80 5.77 6.00 6.51 5.94 5.92 5.96 6.47 6.44 5.87 5.84 5.80 5.76 5.72 5.91 5.27 5.03 4.99 6.26 6.23 6.05 4.81 4.97 5.49 5.24 5.00 5.34 8.58 9.09 0.00 0.00 0.00 0.00 0.00 0.00 0.00 0.00 0.00 0.00 0.00 0.00 0.00
6.24 6.24 6.31 6.30 7.46 7.45 6.45 7.15 7.67 7.46 9.88 11.29 10.63 10.74 10.93 9.90 11.31 7.27 7.48 6.59 5.97 2.41 6.97 7.01 7.92 7.71 7.28 7.96 7.58 6.37 6.11 6.10 6.08 6.07 5.80 5.79 5.77 5.76 5.84 5.82 5.80 5.77 5.99 5.97 5.94 6.45 5.96 5.93 5.89 6.39 6.81 9.07 9.69 5.71 5.95 5.50 5.23 4.98 4.92 9.29 5.92 4.80 5.60 9.23 9.18 4.65 6.89 9.48 0.00 0.00 0.00 0.00 0.00 0.00 0.00 0.00 0.00 0.00 0.00 0.00 0.00 0.00
6.28 6.28 6.38 6.38 7.56 7.55 6.48 6.48 7.08 7.17 6.52 6.92 6.29 5.62 6.75 6.54 6.53 6.53 7.42 7.22 10.07 6.76 7.35 7.65 7.64 7.63 7.42 7.77 7.40 7.39 5.96 5.94 5.93 5.92 5.82 5.80 5.79 5.77 5.94 5.92 5.90 5.87 6.01 5.99 5.96 4.41 4.38 4.34 5.88 5.85 5.80 5.76 5.72 10.00 9.12 9.06 9.54 8.94 4.93 9.02 5.40 5.44 5.38 5.53 8.86 8.94 5.50 3.28 0.00 0.00 0.00 0.00 0.00 0.00 0.00 0.00 0.00 0.00 0.00 0.00 0.00 0.00
6.31 6.30 6.41 7.59 7.58 6.39 6.51 6.50 6.50 6.50 7.55 6.73 6.76 6.75 6.56 6.56 6.55 6.86 6.54 7.08 6.99 10.87 8.25 7.66 7.65 7.64 7.43 7.41 7.40 7.39 5.96 5.94 5.93 6.43 5.81 5.79 5.78 5.76 5.94 5.91 5.89 5.86 6.00 5.98 5.95 5.92 5.93 5.90 5.87 6.37 5.79 5.75 5.71 5.67 5.61 5.57 5.70 8.92 9.59 9.13 9.70 9.03 5.70 8.69 9.27 3.05 5.30 5.42 0.00 0.00 0.00 0.00 0.00 0.00 0.00 0.00 0.00 0.00 0.00 0.00 0.00 0.00
6.33 6.32 6.43 7.62 7.61 7.61 6.53 6.52 6.52 7.23 7.61 7.14 7.34 6.56 6.57 6.90 6.93 6.92 6.75 7.09 10.51 7.06 7.37 8.74 7.66 6.43 6.26 6.25 6.24 6.23 6.49 5.94 5.92 5.91 5.80 5.79 5.77 5.75 5.92 5.90 5.88 5.85 5.99 5.96 5.93 6.44 5.92 5.89 5.86 5.82 5.77 6.25 5.70 5.66 5.60 5.55 5.51 5.69 9.40 9.81 9.89 8.79 9.15 5.60 5.57 4.41 5.09 0.00 0.00 0.00 0.00 0.00 0.00 0.00 0.00 0.00 0.00 0.00 0.00 0.00 0.00 0.00
6.34 6.33 6.44 6.44 8.71 7.63 7.78 8.15 7.97 7.96 7.80 7.56 7.60 6.93 6.92 7.11 7.09 6.46 6.42 6.22 10.51 7.59 7.68 6.45 6.44 6.42 6.26 6.25 6.23 6.22 5.95 5.93 5.92 5.90 5.79 5.78 5.76 5.74 5.91 5.89 6.39 5.83 5.98 5.95 5.92 5.89 5.91 6.83 6.35 5.81 5.76 5.72 5.68 5.64 5.58 6.03 5.49 6.06 6.72 5.25 5.80 9.96 9.51 8.88 8.51 5.18 10.17 0.00 0.00 0.00 0.00 0.00 0.00 0.00 0.00 0.00 0.00 0.00 0.00 0.00 0.00 0.00
6.44 6.43 6.48 6.47 6.46 6.46 8.31 7.39 7.38 7.98 7.19 7.58 7.41 7.42 7.13 6.88 7.07 6.87 8.90 8.24 7.28 8.04 7.45 6.26 6.82 6.24 6.08 6.07 6.05 6.04 5.93 5.92 5.90 5.88 5.90 5.89 5.87 5.85 5.94 5.92 5.90 5.87 5.92 5.89 5.86 5.83 5.82 5.79 5.75 5.72 5.68 5.65 5.61 5.56 5.53 5.49 5.44 6.04 5.35 5.53 4.99 3.11 5.04 5.41 6.14 5.50 9.47 0.00 0.00 0.00 0.00 0.00 0.00 0.00 0.00 0.00 0.00 0.00 0.00 0.00 0.00 0.00
6.45 6.45 6.49 6.48 6.47 6.47 6.57 6.56 6.56 7.99 6.99 6.97 7.41 6.94 7.13 7.08 7.27 7.04 6.41 8.63 7.70 7.69 6.27 6.26 7.01 6.78 6.07 6.06 6.05 6.03 5.92 5.91 5.89 5.87 5.89 5.87 5.85 5.83 5.93 5.90 5.88 5.85 5.90 5.87 5.84 5.81 5.80 5.77 5.73 5.70 5.66 5.62 5.58 5.54 5.51 5.47 5.42 5.86 5.94 4.64 4.21 4.20 5.02 5.39 5.92 10.32 8.89 0.00 0.00 0.00 0.00 0.00 0.00 0.00 0.00 0.00 0.00 0.00 0.00 0.00 0.00 0.00
6.46 6.45 6.50 6.49 6.48 6.47 6.58 6.57 7.81 7.80 6.62 7.23 7.43 6.59 7.38 7.37 7.09 6.83 9.29 9.76 7.70 6.46 7.32 6.25 6.24 6.23 6.94 6.92 6.04 6.02 5.91 5.89 5.87 5.85 5.87 5.85 5.83 5.81 5.91 5.88 5.86 5.83 5.88 5.85 5.82 5.79 5.78 5.74 5.71 5.67 5.64 5.60 5.56 5.52 5.49 5.45 5.41 5.83 5.32 4.61 5.23 5.08 5.01 2.96 5.33 10.10 0.00 0.00 0.00 0.00 0.00 0.00 0.00 0.00 0.00 0.00 0.00 0.00 0.00 0.00 0.00 0.00
6.47 6.46 6.50 6.49 6.49 6.48 6.58 6.57 7.82 7.81 7.89 7.87 7.20 6.59 6.59 7.36 7.45 7.76 9.96 7.70 7.37 6.45 6.25 6.24 6.23 4.63 6.02 7.11 6.67 6.01 5.89 5.88 5.86 5.83 5.85 5.83 5.81 5.79 5.88 5.86 5.83 5.80 5.86 5.83 5.79 6.28 5.75 5.72 5.68 5.65 5.61 5.58 6.46 6.39 5.46 5.42 5.38 5.34 5.30 5.25 5.21 5.17 5.00 5.13 5.52 10.08 0.00 0.00 0.00 0.00 0.00 0.00 0.00 0.00 0.00 0.00 0.00 0.00 0.00 0.00 0.00 0.00
6.51 7.60 6.53 6.52 6.52 6.51 6.54 6.53 7.76 8.12 8.81 6.49 6.48 6.47 6.44 7.27 8.09 10.49 10.67 7.44 6.26 6.80 6.16 6.15 4.63 6.72 6.90 6.82 6.07 6.62 6.59 6.56 5.94 5.92 5.89 5.87 5.84 5.82 6.43 5.88 5.85 5.82 5.84 5.81 5.78 5.75 5.70 5.67 5.63 6.10 5.54 5.50 5.47 5.43 5.39 5.35 5.77 5.27 5.25 5.21 5.17 5.12 5.65 5.27 5.24 9.66 0.00 0.00 0.00 0.00 0.00 0.00 0.00 0.00 0.00 0.00 0.00 0.00 0.00 0.00 0.00 0.00
7.11 6.50 7.65 6.52 6.51 6.50 6.53 6.52 7.12 6.51 6.50 6.49 6.47 6.46 6.64 8.70 7.61 7.40 7.37 6.26 6.24 6.23 6.14 6.74 6.12 6.10 6.09 6.58 6.05 6.03 5.96 5.94 5.92 5.89 5.87 5.84 5.82 5.80 5.88 5.85 5.82 5.79 5.82 5.79 5.75 5.72 5.67 5.64 5.60 5.57 5.51 5.47 5.44 5.40 5.83 5.32 5.28 5.24 5.22 5.18 5.14 5.10 5.62 5.23 6.08 9.23 0.00 0.00 0.00 0.00 0.00 0.00 0.00 0.00 0.00 0.00 0.00 0.00 0.00 0.00 0.00 0.00
6.50 6.49 6.52 6.51 7.62 6.50 6.53 7.12 6.51 6.50 6.49 6.48 6.47 6.45 8.73 8.89 7.60 8.64 7.07 6.24 9.51 10.04 6.73 6.11 6.10 6.08 6.07 6.05 6.03 6.01 5.94 5.91 5.89 5.87 5.84 5.82 5.79 6.31 5.85 5.82 5.80 5.77 5.79 5.76 5.73 6.39 5.64 5.61 6.06 5.54 5.48 5.45 5.88 5.37 5.33 5.30 5.26 5.22 5.20 5.16 5.12 5.03 5.29 4.33 7.48 0.00 0.00 0.00 0.00 0.00 0.00 0.00 0.00 0.00 0.00 0.00 0.00 0.00 0.00 0.00 0.00 0.00
6.50 6.49 6.51 6.50 6.49 6.49 6.52 6.51 6.50 6.49 6.48 6.47 6.45 7.04 6.41 6.39 6.38 6.36 6.24 10.06 6.70 6.73 6.11 6.09 6.07 6.06 6.04 6.03 6.01 5.99 5.91 5.89 5.87 5.84 5.81 5.79 5.77 5.75 5.82 5.80 5.77 5.74 5.76 5.73 5.70 6.35 5.61 5.58 5.54 5.51 5.45 5.42 5.38 5.34 5.30 5.27 5.23 5.19 5.17 5.13 5.10 5.06 5.23 8.47 7.45 0.00 0.00 0.00 0.00 0.00 0.00 0.00 0.00 0.00 0.00 0.00 0.00 0.00 0.00 0.00 0.00 0.00
6.41 6.40 6.43 7.01 6.41 7.00 6.42 6.40 6.39 6.38 6.37 6.36 6.93 6.33 6.85 6.26 6.25 6.23 8.52 6.19 6.72 6.16 6.22 6.20 6.18 6.16 6.12 6.10 6.08 6.61 5.91 5.89 5.87 5.84 5.77 5.75 5.73 5.71 5.83 6.76 5.77 5.74 5.77 5.74 5.98 6.34 5.59 5.55 5.52 5.48 5.42 5.39 5.35 5.32 5.30 5.26 5.23 5.19 5.15 5.12 5.08 5.04 8.33 8.15 4.95 0.00 0.00 0.00 0.00 0.00 0.00 0.00 0.00 0.00 0.00 0.00 0.00 0.00 0.00 0.00 0.00 0.00
6.39 6.39 6.42 6.41 6.40 6.39 6.40 6.39 6.38 6.37 6.35 6.92 6.33 6.31 6.26 6.24 6.79 9.48 6.74 6.17 6.69 6.14 6.19 6.17 6.15 6.14 6.65 7.10 6.05 6.03 6.85 5.86 5.84 5.81 5.74 5.72 5.70 5.68 5.80 5.77 5.74 6.67 5.75 5.71 5.94 5.65 5.56 5.52 5.49 5.45 5.40 5.36 5.32 5.28 5.27 5.23 5.20 5.16 5.13 5.09 5.85 8.30 4.89 5.18 0.00 0.00 0.00 0.00 0.00 0.00 0.00 0.00 0.00 0.00 0.00 0.00 0.00 0.00 0.00 0.00 0.00 0.00
6.38 6.37 6.40 6.39 6.38 6.37 6.38 6.37 6.36 7.43 6.33 6.32 6.30 6.29 6.23 6.22 6.20 10.01 6.00 6.88 6.13 6.11 6.16 6.14 6.13 7.15 6.06 6.04 6.02 6.00 5.85 5.83 5.81 6.29 5.71 5.69 5.67 5.64 5.76 5.74 5.71 5.68 5.84 6.71 6.67 5.62 5.53 5.49 5.46 5.42 5.37 5.33 5.29 5.26 5.24 5.21 5.17 5.14 5.04 4.99 5.03 8.28 5.49 4.37 0.20 0.00 0.00 0.00 0.00 0.00 0.00 0.00 0.00 0.00 0.00 0.00 0.00 0.00 0.00 0.00 0.00 0.00
6.36 6.35 6.38 6.37 6.36 6.94 6.95 6.35 6.34 6.33 6.31 6.29 6.28 6.26 6.21 6.19 6.17 6.16 10.09 6.84 6.10 6.08 6.13 6.11 6.10 6.08 6.03 6.01 5.99 5.97 5.82 5.80 5.77 5.75 5.68 5.66 5.63 5.61 5.73 5.71 5.68 5.65 6.71 6.67 6.63 6.59 6.48 6.43 5.43 5.39 5.33 5.30 5.26 5.23 5.22 5.38 5.25 5.06 5.21 5.10 9.41 4.98 5.46 4.92 4.88 0.00 0.00 0.00 0.00 0.00 0.00 0.00 0.00 0.00 0.00 0.00 0.00 0.00 0.00 0.00 0.00 0.00
6.27 6.26 6.31 6.30 6.29 6.28 6.30 6.29 6.28 6.27 6.28 6.27 6.26 6.24 6.24 6.22 6.21 6.19 9.83 6.17 6.94 6.13 6.14 6.13 6.11 6.63 7.01 5.98 6.50 5.94 5.78 5.75 5.73 5.71 5.66 5.64 5.61 5.59 5.72 5.70 5.67 5.64 6.71 6.67 6.63 6.80 6.90 6.75 6.06 5.41 5.35 5.32 5.28 5.25 5.18 5.33 4.82 5.44 6.21 9.23 9.19 6.31 4.92 4.89 0.00 0.00 0.00 0.00 0.00 0.00 0.00 0.00 0.00 0.00 0.00 0.00 0.00 0.00 0.00 0.00 0.00 0.00
6.24 6.23 6.28 6.85 6.26 6.25 6.28 6.27 7.42 7.40 7.42 7.40 7.39 7.37 6.21 6.20 6.18 6.16 6.15 9.41 6.80 6.77 6.32 6.09 6.07 6.61 6.50 5.95 5.93 5.91 5.74 5.72 5.70 5.67 5.63 5.60 5.58 5.56 5.69 5.66 5.94 5.61 6.67 6.21 6.15 6.30 2.60 7.01 5.41 5.38 5.35 5.63 5.45 5.53 6.37 5.04 5.19 6.43 9.25 6.37 6.33 6.29 0.00 0.00 0.00 0.00 0.00 0.00 0.00 0.00 0.00 0.00 0.00 0.00 0.00 0.00 0.00 0.00 0.00 0.00 0.00 0.00
6.22 6.20 6.25 7.45 6.23 6.22 6.25 6.24 6.79 8.37 7.38 7.37 7.70 7.33 7.33 7.31 6.14 6.12 6.12 9.38 6.74 6.43 9.19 9.73 6.42 6.01 5.93 5.91 5.89 5.87 5.71 6.10 6.06 5.64 5.59 5.57 5.55 5.53 5.66 5.63 5.61 6.57 6.84 6.59 5.72 5.88 9.65 10.33 6.93 5.36 8.15 9.45 6.33 2.52 2.70 6.58 9.41 8.75 6.40 6.36 0.00 0.00 0.00 0.00 0.00 0.00 0.00 0.00 0.00 0.00 0.00 0.00 0.00 0.00 0.00 0.00 0.00 0.00 0.00 0.00 0.00 0.00
6.19 6.17 6.22 7.23 6.75 6.19 6.22 6.20 6.19 6.18 6.19 6.18 7.30 7.28 7.28 7.90 6.11 6.09 6.08 6.06 9.32 9.50 9.62 9.88 6.57 6.68 5.89 5.87 5.85 5.83 6.08 6.75 6.11 6.09 5.56 5.54 5.51 5.49 5.62 5.60 6.57 6.94 5.59 9.33 9.08 5.97 0.00 8.44 8.64 8.61 0.00 5.01 8.93 8.20 8.16 8.32 4.80 0.00 0.00 0.00 0.00 0.00 0.00 0.00 0.00 0.00 0.00 0.00 0.00 0.00 0.00 0.00 0.00 0.00 0.00 0.00 0.00 0.00 0.00 0.00 0.00 0.00
6.07 6.60 6.13 6.12 6.11 6.10 6.18 6.16 6.15 6.14 6.18 6.17 6.15 6.14 7.33 7.30 7.28 7.26 6.10 6.08 6.06 6.24 6.69 8.59 6.72 6.92 5.86 5.84 5.82 5.80 5.81 6.11 5.59 5.57 5.57 5.55 5.53 5.50 5.60 6.58 7.16 9.26 9.33 0.00 0.00 0.00 0.00 0.00 0.00 0.00 0.00 0.00 0.00 0.00 0.00 0.00 0.00 0.00 0.00 0.00 0.00 0.00 0.00 0.00 0.00 0.00 0.00 0.00 0.00 0.00 0.00 0.00 0.00 0.00 0.00 0.00 0.00 0.00 0.00 0.00 0.00 0.00
6.03 6.55 6.10 6.09 6.08 6.07 6.14 6.13 6.11 6.10 6.15 6.13 6.12 6.10 6.14 7.26 7.23 7.55 6.06 6.04 6.02 6.00 5.97 5.64 6.98 7.02 6.30 6.37 6.34 6.31 5.60 5.58 5.56 5.54 5.53 5.51 5.49 5.47 6.56 6.54 5.28 9.93 0.00 0.00 0.00 0.00 0.00 0.00 0.00 0.00 0.00 0.00 0.00 0.00 0.00 0.00 0.00 0.00 0.00 0.00 0.00 0.00 0.00 0.00 0.00 0.00 0.00 0.00 0.00 0.00 0.00 0.00 0.00 0.00 0.00 0.00 0.00 0.00 0.00 0.00 0.00 0.00
6.53 5.98 6.07 6.05 6.04 6.03 6.10 6.09 6.07 6.06 6.11 6.09 6.08 6.06 7.23 7.21 7.18 6.85 7.02 6.77 6.18 6.37 5.93 2.75 6.39 2.57 6.92 6.82 6.38 6.14 5.56 5.99 5.96 5.50 5.50 5.48 5.46 5.44 6.52 8.42 0.00 0.00 0.00 0.00 0.00 0.00 0.00 0.00 0.00 0.00 0.00 0.00 0.00 0.00 0.00 0.00 0.00 0.00 0.00 0.00 0.00 0.00 0.00 0.00 0.00 0.00 0.00 0.00 0.00 0.00 0.00 0.00 0.00 0.00 0.00 0.00 0.00 0.00 0.00 0.00 0.00 0.00
5.96 5.95 6.03 6.02 6.00 5.99 6.06 6.05 6.03 6.02 6.06 6.05 6.03 7.12 6.87 7.36 6.82 7.19 7.71 6.51 2.14 2.34 7.94 6.42 5.80 10.17 3.48 3.69 9.60 8.95 5.52 5.93 5.90 5.46 5.46 6.40 5.43 5.41 9.76 0.00 0.00 0.00 0.00 0.00 0.00 0.00 0.00 0.00 0.00 0.00 0.00 0.00 0.00 0.00 0.00 0.00 0.00 0.00 0.00 0.00 0.00 0.00 0.00 0.00 0.00 0.00 0.00 0.00 0.00 0.00 0.00 0.00 0.00 0.00 0.00 0.00 0.00 0.00 0.00 0.00 0.00 0.00
5.85 5.83 5.97 5.96 5.95 5.93 6.04 6.03 6.79 6.77 6.03 6.02 6.00 8.07 10.29 9.23 7.23 2.97 2.92 9.87 10.51 5.40 9.36 0.00 0.00 0.00 0.00 0.00 0.00 0.00 8.79 5.88 5.85 5.46 5.46 6.16 6.14 6.36 9.77 0.00 0.00 0.00 0.00 0.00 0.00 0.00 0.00 0.00 0.00 0.00 0.00 0.00 0.00 0.00 0.00 0.00 0.00 0.00 0.00 0.00 0.00 0.00 0.00 0.00 0.00 0.00 0.00 0.00 0.00 0.00 0.00 0.00 0.00 0.00 0.00 0.00 0.00 0.00 0.00 0.00 0.00 0.00
5.81 5.79 5.93 5.92 5.90 6.88 6.00 5.98 5.97 5.95 5.99 5.98 9.24 9.83 9.80 9.98 11.09 6.43 6.42 5.29 9.51 0.00 0.00 0.00 0.00 0.00 0.00 0.00 0.00 0.00 3.28 5.46 6.40 6.38 5.42 6.52 5.69 0.00 0.00 0.00 0.00 0.00 0.00 0.00 0.00 0.00 0.00 0.00 0.00 0.00 0.00 0.00 0.00 0.00 0.00 0.00 0.00 0.00 0.00 0.00 0.00 0.00 0.00 0.00 0.00 0.00 0.00 0.00 0.00 0.00 0.00 0.00 0.00 0.00 0.00 0.00 0.00 0.00 0.00 0.00 0.00 0.00
5.77 5.75 5.89 5.88 5.86 6.37 5.96 5.94 7.19 6.28 6.25 9.50 8.63 9.45 6.15 5.89 5.87 8.83 9.76 5.63 0.00 0.00 0.00 0.00 0.00 0.00 0.00 0.00 0.00 0.00 8.71 8.70 9.63 9.61 8.56 7.44 7.62 0.00 0.00 0.00 0.00 0.00 0.00 0.00 0.00 0.00 0.00 0.00 0.00 0.00 0.00 0.00 0.00 0.00 0.00 0.00 0.00 0.00 0.00 0.00 0.00 0.00 0.00 0.00 0.00 0.00 0.00 0.00 0.00 0.00 0.00 0.00 0.00 0.00 0.00 0.00 0.00 0.00 0.00 0.00 0.00 0.00
5.73 5.72 6.35 6.35 5.83 5.81 5.92 5.90 5.88 5.87 6.19 6.16 6.14 6.41 6.49 6.46 10.11 9.10 0.00 0.00 0.00 0.00 0.00 0.00 0.00 0.00 0.00 0.00 0.00 0.00 0.00 0.00 0.00 0.00 0.00 0.00 0.00 0.00 0.00 0.00 0.00 0.00 0.00 0.00 0.00 0.00 0.00 0.00 0.00 0.00 0.00 0.00 0.00 0.00 0.00 0.00 0.00 0.00 0.00 0.00 0.00 0.00 0.00 0.00 0.00 0.00 0.00 0.00 0.00 0.00 0.00 0.00 0.00 0.00 0.00 0.00 0.00 0.00 0.00 0.00 0.00 0.00
5.72 5.71 5.80 6.29 5.77 5.75 5.87 5.85 5.84 5.82 5.87 6.10 6.17 6.35 7.23 9.52 3.28 0.00 0.00 0.00 0.00 0.00 0.00 0.00 0.00 0.00 0.00 0.00 0.00 0.00 0.00 0.00 0.00 0.00 0.00 0.00 0.00 0.00 0.00 0.00 0.00 0.00 0.00 0.00 0.00 0.00 0.00 0.00 0.00 0.00 0.00 0.00 0.00 0.00 0.00 0.00 0.00 0.00 0.00 0.00 0.00 0.00 0.00 0.00 0.00 0.00 0.00 0.00 0.00 0.00 0.00 0.00 0.00 0.00 0.00 0.00 0.00 0.00 0.00 0.00 0.00 0.00
5.68 5.67 5.76 5.74 5.73 5.71 5.83 5.81 5.80 5.78 5.83 5.81 5.79 6.09 7.60 11.10 0.00 0.00 0.00 0.00 0.00 0.00 0.00 0.00 0.00 0.00 0.00 0.00 0.00 0.00 0.00 0.00 0.00 0.00 0.00 0.00 0.00 0.00 0.00 0.00 0.00 0.00 0.00 0.00 0.00 0.00 0.00 0.00 0.00 0.00 0.00 0.00 0.00 0.00 0.00 0.00 0.00 0.00 0.00 0.00 0.00 0.00 0.00 0.00 0.00 0.00 0.00 0.00 0.00 0.00 0.00 0.00 0.00 0.00 0.00 0.00 0.00 0.00 0.00 0.00 0.00 0.00
5.64 5.63 5.72 5.70 5.69 5.67 5.79 5.77 6.28 6.26 5.79 5.77 5.75 6.23 9.48 9.38 5.67 0.00 0.00 0.00 0.00 0.00 0.00 0.00 0.00 0.00 0.00 0.00 0.00 0.00 0.00 0.00 0.00 0.00 0.00 0.00 0.00 0.00 0.00 0.00 0.00 0.00 0.00 0.00 0.00 0.00 0.00 0.00 0.00 0.00 0.00 0.00 0.00 0.00 0.00 0.00 0.00 0.00 0.00 0.00 0.00 0.00 0.00 0.00 0.00 0.00 0.00 0.00 0.00 0.00 0.00 0.00 0.00 0.00 0.00 0.00 0.00 0.00 0.00 0.00 0.00 0.00
5.60 5.59 5.67 5.66 5.65 5.63 5.75 5.73 5.71 5.70 5.75 5.73 9.37 8.69 8.26 3.32 0.00 0.00 0.00 0.00 0.00 0.00 0.00 0.00 0.00 0.00 0.00 0.00 0.00 0.00 0.00 0.00 0.00 0.00 0.00 0.00 0.00 0.00 0.00 0.00 0.00 0.00 0.00 0.00 0.00 0.00 0.00 0.00 0.00 0.00 0.00 0.00 0.00 0.00 0.00 0.00 0.00 0.00 0.00 0.00 0.00 0.00 0.00 0.00 0.00 0.00 0.00 0.00 0.00 0.00 0.00 0.00 0.00 0.00 0.00 0.00 0.00 0.00 0.00 0.00 0.00 0.00
