New_Model_Runs/1_Original_run_out/post_prcessed_with_MFR/Monthly_summaries/net_infiltration_monthly_DEC.asc
NCOLS 700
NROWS 400
XLLCENTER 515000.000000
YLLCENTER 8409000.000000
CELLSIZE 50.000000
NODATA_value -999.000000
[rows 111 to 147 of 400, columns 498 to 580 of 700]
9.27 9.21 9.35 9.29 10.67 10.60 10.58 10.50 10.43 8.98 8.71 8.65 9.25 8.52 8.32 8.49 8.13 8.05 8.85 8.85 7.87 11.67 7.94 8.11 11.30 11.41 10.84 8.18 8.12 7.70 4.74 7.00 7.98 4.60 8.59 7.56 7.08 7.49 7.38 7.35 7.83 7.29 7.25 7.23 7.20 7.58 7.28 7.26 7.25 7.23 7.36 6.55 7.92 10.46 11.68 7.01 8.24 8.00 7.01 6.99 6.98 6.96 6.82 7.31 6.68 6.67 6.75 7.73 8.12 7.83 7.86 7.03 7.02 7.00 6.88 6.87 6.85 6.84 7.55 7.54 7.53 7.52 6.22
9.34 9.29 9.41 10.82 11.20 10.67 10.47 10.40 10.32 8.89 8.52 8.46 8.43 8.39 8.17 8.11 8.05 7.99 8.03 8.12 7.84 7.79 7.81 7.76 11.34 11.17 10.88 8.24 8.09 7.54 7.74 7.70 7.66 4.62 7.55 7.51 7.47 7.43 7.37 7.34 7.82 7.28 7.30 7.46 7.96 6.62 7.33 7.31 7.30 7.28 7.33 7.31 8.35 7.28 7.20 7.18 7.17 7.15 7.49 6.99 6.98 6.96 6.84 7.34 6.70 6.69 6.71 8.99 7.80 7.79 7.77 6.96 6.95 7.43 6.81 6.79 6.78 8.31 7.63 7.62 7.61 6.83 7.24
9.41 9.35 9.47 10.90 10.83 10.75 10.54 9.07 9.00 8.94 8.57 8.50 8.44 8.41 8.22 8.15 8.09 8.03 7.99 7.93 7.88 7.82 7.84 5.47 7.74 7.68 11.01 7.31 8.38 7.57 3.66 8.06 7.69 4.93 7.57 7.53 7.50 7.46 7.40 7.89 7.34 7.31 7.33 7.94 6.69 6.66 7.36 7.35 7.33 7.31 10.98 11.49 10.96 7.83 7.23 7.22 7.71 7.19 7.04 7.03 7.50 7.00 6.88 6.75 6.73 6.72 7.74 8.04 7.71 7.20 7.01 7.52 6.98 7.65 6.84 6.82 6.81 6.79 7.66 6.87 6.86 6.85 7.78
9.47 9.41 10.62 11.82 11.36 10.81 9.18 9.11 9.05 8.99 8.61 9.30 8.48 8.42 8.26 8.19 8.13 8.06 8.02 7.97 7.91 7.85 7.87 7.82 7.76 7.71 4.99 10.88 7.18 8.19 8.15 8.09 7.71 4.65 7.87 6.86 6.81 7.49 7.42 7.39 7.37 10.97 10.98 11.60 7.53 7.51 7.39 7.37 7.36 7.34 11.01 7.37 7.88 7.34 7.26 7.24 7.23 7.22 7.07 7.06 7.04 7.03 6.90 6.77 6.76 6.75 7.78 8.34 6.75 7.05 7.03 7.55 7.53 6.99 7.37 6.85 6.83 6.82 6.91 7.69 6.89 6.88 7.08
8.78 9.46 11.97 11.02 10.96 10.88 9.22 9.16 9.09 9.03 8.65 8.59 8.52 8.45 8.29 8.22 8.16 8.09 8.05 7.99 7.93 7.88 7.89 7.84 7.79 7.73 8.39 11.96 10.83 11.84 11.80 7.55 7.73 7.68 7.62 7.58 10.46 11.14 11.07 11.04 11.02 7.36 7.38 10.98 11.18 11.16 7.41 7.40 7.38 7.37 11.03 11.72 7.38 7.37 7.28 7.27 7.26 7.24 7.10 7.08 7.07 7.06 6.93 6.80 6.79 6.78 7.81 8.82 6.77 6.76 7.06 7.04 7.03 7.02 6.89 6.87 6.86 6.85 6.94 6.93 7.71 7.70 7.10
8.77 9.45 11.35 10.80 10.72 9.20 8.89 8.82 8.75 9.47 9.27 8.44 8.41 8.36 8.40 8.35 8.29 8.23 8.25 8.19 8.13 8.07 8.04 7.98 7.93 7.88 8.45 8.38 7.73 7.69 7.62 11.20 11.16 11.34 11.30 11.26 11.23 7.57 7.56 7.53 7.51 7.48 7.49 7.46 7.44 11.05 11.03 7.39 7.90 6.75 7.87 10.96 10.95 10.93 7.27 7.25 7.24 7.23 7.12 7.11 7.09 7.08 6.91 6.78 6.76 6.75 6.72 6.71 7.00 6.99 6.98 6.96 6.95 6.94 6.93 6.92 6.90 6.89 7.02 7.01 7.81 7.80 6.83
8.81 8.75 10.94 9.37 9.31 9.24 8.92 8.85 8.78 8.72 8.53 8.46 8.43 8.37 8.42 8.38 8.31 8.25 8.27 8.21 8.14 8.08 8.05 8.00 7.94 7.89 7.84 7.79 7.74 7.69 4.81 7.58 7.54 7.72 7.68 7.64 6.78 7.58 7.58 7.55 7.52 7.49 7.50 7.48 7.45 7.43 11.04 11.03 7.39 7.37 7.36 7.35 7.34 7.84 10.91 10.27 6.52 8.22 7.64 7.13 7.11 7.10 6.93 6.80 6.78 6.77 6.74 6.73 7.02 7.01 7.00 6.98 6.97 6.96 6.95 6.94 6.93 6.91 7.05 7.85 7.84 7.02 6.85
8.85 8.79 8.74 9.26 9.34 9.27 8.95 8.89 8.81 8.74 8.56 8.49 8.42 8.39 8.41 8.37 8.33 8.26 8.29 8.22 8.16 8.10 8.06 8.01 7.95 7.90 7.85 7.80 7.75 7.70 7.64 7.59 8.10 7.73 7.69 7.65 7.62 7.59 7.58 7.55 7.53 7.50 7.51 7.48 7.46 7.44 7.43 11.04 11.03 11.02 11.01 7.36 11.20 10.33 10.31 10.29 6.54 6.53 7.16 7.65 7.13 7.12 6.95 6.81 6.80 6.79 6.76 6.75 6.73 7.20 7.02 7.52 6.99 6.98 6.97 6.96 6.95 6.93 7.07 7.87 7.86 7.86 6.87
8.88 8.82 8.77 9.44 9.37 9.11 8.98 8.91 8.84 8.76 8.57 8.50 8.43 8.40 8.42 8.38 8.34 8.27 8.29 8.23 8.16 8.10 8.07 8.01 7.95 7.90 7.85 7.80 7.75 7.70 7.64 7.59 7.55 7.51 7.69 7.65 7.62 7.59 7.59 7.56 7.53 7.50 7.51 7.49 7.46 7.45 7.43 7.42 7.40 7.40 9.31 8.93 9.62 6.83 10.22 10.93 7.80 7.94 7.17 7.16 7.15 7.14 6.97 6.83 6.82 6.81 6.78 6.76 7.38 7.04 7.03 7.02 7.00 6.99 6.99 6.98 6.96 6.95 7.08 7.07 8.81 7.88 7.92
8.75 9.29 9.28 9.17 9.14 9.90 8.98 8.91 8.83 8.76 8.85 8.78 8.71 8.64 8.69 8.62 8.55 8.47 8.42 8.39 8.35 8.29 8.21 8.15 8.09 8.04 7.97 7.92 7.87 7.82 7.78 7.73 7.69 7.64 7.60 7.57 7.53 7.50 7.50 7.69 7.66 7.63 7.61 7.59 7.57 7.55 7.48 7.47 7.45 7.45 4.87 8.48 10.98 7.34 6.60 7.27 7.26 7.24 7.11 7.10 7.09 7.55 6.93 6.79 6.78 6.77 6.78 6.76 6.75 6.73 6.79 6.78 6.77 6.76 6.79 6.78 6.77 7.07 6.80 6.80 6.79 6.78 8.29
8.77 9.45 9.30 9.22 9.15 9.08 8.99 8.92 8.84 8.77 8.86 8.79 8.71 8.64 8.69 8.62 8.55 8.47 8.42 8.39 8.35 8.28 8.21 8.15 8.09 8.03 7.96 7.91 7.86 7.81 7.77 7.72 6.96 6.91 7.60 7.56 7.53 7.50 7.49 7.68 7.65 7.63 7.60 7.58 6.89 7.55 7.48 10.34 10.43 7.44 6.77 10.99 7.35 7.34 7.28 7.27 7.26 7.25 7.12 7.11 7.09 7.08 6.93 6.80 6.79 6.78 6.78 6.77 6.75 6.74 6.80 6.79 6.78 6.77 6.80 6.79 6.78 6.77 6.81 6.81 6.80 6.79 6.91
8.79 8.73 9.31 9.24 9.17 9.09 9.00 8.93 8.85 8.77 8.87 8.79 8.71 8.64 8.69 8.61 8.54 8.47 8.41 8.38 8.34 8.27 8.20 8.14 8.08 8.02 7.95 7.90 7.85 7.80 7.76 8.73 6.95 6.89 6.84 7.55 7.52 7.49 7.70 7.67 7.65 7.62 3.95 7.58 6.88 6.74 10.46 7.65 12.08 10.40 10.39 7.36 7.35 7.34 7.28 7.27 7.26 7.25 7.12 7.11 7.10 7.09 7.90 6.81 6.80 6.79 6.79 6.78 6.76 6.75 6.81 6.80 6.79 6.78 6.81 6.80 6.79 6.78 6.82 6.81 6.80 6.80 6.92
8.80 8.74 9.32 9.25 9.17 9.10 9.01 8.93 8.85 8.77 8.87 9.67 8.71 8.63 8.68 5.40 9.30 9.52 9.16 8.37 8.32 8.26 5.14 8.12 8.06 8.01 7.94 7.89 7.83 7.79 7.74 8.71 7.65 6.87 6.82 7.53 7.50 7.70 6.65 7.66 7.63 6.96 4.99 7.56 7.54 10.35 6.82 6.92 7.01 7.43 7.36 7.35 7.35 7.34 7.28 7.27 7.26 7.25 7.12 7.11 7.10 7.09 6.94 6.81 6.80 6.78 6.79 6.78 6.76 6.75 6.81 6.80 6.79 6.78 6.81 6.80 6.79 6.78 6.83 6.82 6.81 6.80 6.92
8.83 8.76 8.71 9.38 9.30 9.22 9.27 9.18 9.10 9.02 9.04 8.96 9.71 8.80 8.73 8.65 10.29 8.51 8.44 8.37 8.34 8.95 8.91 8.19 9.14 7.42 8.02 7.96 7.91 7.86 7.83 8.81 8.76 7.92 7.88 7.62 7.59 7.56 6.93 7.34 8.66 7.50 6.78 6.75 11.17 11.15 7.47 7.46 7.45 7.44 7.42 7.41 7.41 7.40 7.32 8.00 7.30 7.29 7.09 7.08 7.07 7.06 6.93 6.80 6.79 6.77 6.83 6.82 6.81 7.42 7.50 7.50 6.85 6.84 6.86 6.85 6.84 8.00 6.86 6.85 6.85 6.83 6.87
8.84 8.77 8.71 9.38 9.30 9.22 9.26 9.18 9.09 9.01 9.03 8.95 8.86 8.78 8.71 9.43 8.56 8.48 8.42 8.38 8.34 8.27 9.36 9.29 9.21 9.37 7.86 7.94 7.88 7.84 7.80 9.23 8.60 9.45 7.31 8.07 7.79 7.53 7.62 6.95 7.30 2.74 7.66 10.62 7.52 7.51 8.16 7.44 7.43 7.42 7.41 7.40 7.39 7.39 8.01 7.30 7.29 7.28 7.08 7.07 7.06 7.05 6.92 6.79 6.78 6.77 6.83 7.46 7.71 6.79 6.87 6.86 7.76 7.48 6.86 7.49 7.48 6.83 8.05 6.85 6.84 6.83 6.87
8.84 8.76 8.71 9.37 9.29 9.21 9.25 9.16 9.08 8.99 9.01 8.93 8.84 8.76 8.69 8.61 8.53 8.46 8.39 8.36 8.31 8.25 8.21 9.25 9.75 9.56 7.82 4.79 11.71 9.07 9.48 3.18 12.45 12.61 12.79 7.20 11.13 11.81 10.91 11.32 10.38 11.28 12.68 9.05 7.50 7.76 7.43 7.42 7.41 8.22 8.21 8.20 7.38 8.18 8.09 7.28 7.27 7.27 7.07 7.06 7.05 7.04 6.91 6.78 6.77 6.76 6.82 6.81 6.80 6.79 6.87 6.86 6.84 6.83 7.50 6.84 6.83 6.82 6.85 6.84 8.02 6.82 6.86
8.83 8.76 8.70 9.36 9.28 9.19 9.23 9.15 9.06 8.97 8.99 8.90 8.82 8.74 8.66 8.58 8.50 8.43 8.36 9.08 8.97 8.21 8.17 8.11 8.12 9.74 11.86 10.52 12.72 8.01 3.40 7.24 6.32 11.89 11.84 3.23 12.19 6.61 10.25 10.37 11.32 7.81 7.50 7.49 7.47 7.46 7.40 7.40 7.39 8.20 8.18 8.17 6.80 8.37 8.06 8.06 8.05 7.74 7.05 7.04 7.04 7.03 7.85 6.77 6.76 6.75 6.81 6.80 6.79 6.78 6.86 6.85 6.83 7.31 6.85 6.83 6.82 6.81 6.84 6.83 6.82 6.81 6.85
8.89 8.81 8.88 8.80 8.73 9.39 9.36 9.27 9.19 9.10 9.03 8.94 8.85 8.77 8.63 8.55 8.47 8.39 8.36 8.32 8.25 8.18 8.15 8.08 9.10 8.25 12.43 11.23 7.09 2.95 7.02 6.55 10.99 0.00 0.00 0.00 0.00 0.00 0.00 9.79 10.95 7.96 7.45 7.43 7.42 7.41 7.45 11.07 11.89 10.65 7.24 6.31 6.77 7.15 7.14 8.01 8.00 7.21 7.05 7.98 7.53 7.69 6.94 6.81 6.80 6.51 6.49 6.47 6.45 6.74 6.75 7.37 7.04 7.03 7.06 7.04 7.03 7.02 7.06 7.23 7.04 7.20 7.04
8.87 8.80 8.87 8.79 8.71 9.36 9.34 9.25 9.16 9.07 10.40 10.28 10.17 10.06 9.88 8.51 8.43 8.36 8.33 8.28 8.20 8.14 7.34 8.04 7.78 8.15 7.89 9.53 6.36 11.32 6.33 0.00 0.00 0.00 0.00 0.00 0.00 0.00 0.00 0.00 10.51 7.48 7.41 7.40 7.38 7.38 10.26 10.41 6.20 7.61 10.01 6.71 8.39 6.55 8.19 7.98 7.98 7.19 7.03 7.02 7.02 7.01 7.88 6.79 6.78 6.78 6.47 6.45 6.96 6.72 6.74 7.04 7.03 7.01 7.04 7.03 7.02 7.00 7.05 7.04 7.03 7.01 7.03
9.83 8.78 8.84 8.76 9.42 9.33 9.30 9.21 9.12 9.03 10.35 10.23 10.07 10.01 9.83 8.47 8.39 8.35 8.31 8.23 8.16 8.09 7.69 8.00 7.20 8.09 7.78 6.94 7.47 11.69 3.85 0.00 0.00 0.00 0.00 0.00 0.00 0.00 0.00 0.00 0.00 11.32 7.37 7.36 10.97 10.22 5.74 6.04 7.34 2.99 9.74 7.55 7.84 7.31 7.86 7.17 7.67 7.16 7.00 7.00 6.99 6.99 6.90 6.77 6.76 6.76 6.43 6.42 7.61 7.19 7.03 7.02 7.01 6.99 7.02 7.01 7.00 6.98 7.03 7.02 7.01 6.99 7.00
8.83 8.86 8.81 8.73 9.39 9.30 9.27 9.17 9.08 8.99 8.92 10.18 10.07 9.96 7.41 7.32 9.58 8.31 8.26 8.19 8.12 7.30 7.63 7.95 7.13 7.28 7.49 7.42 9.14 12.70 0.00 0.00 0.00 0.00 0.00 0.00 0.00 0.00 0.00 0.00 0.00 6.84 10.44 10.94 10.93 0.00 0.00 5.76 7.29 6.88 10.67 8.09 7.28 7.28 7.14 7.64 7.14 7.61 6.97 6.97 6.96 6.96 6.88 6.75 6.74 6.67 6.40 7.31 7.33 7.00 7.01 7.51 6.99 6.98 7.00 6.99 6.97 6.96 7.01 6.99 6.98 7.50 7.51
8.86 8.78 9.69 8.76 9.42 9.32 9.25 9.15 9.06 8.97 8.89 8.80 10.04 9.93 9.78 9.68 9.58 8.30 7.50 7.83 7.92 7.64 7.56 7.70 7.81 6.99 7.66 7.61 11.19 0.00 0.00 0.00 0.00 0.00 0.00 0.00 0.00 0.00 0.00 0.00 0.00 7.46 7.24 0.00 0.00 0.00 0.00 0.00 0.00 2.28 10.45 7.96 7.68 7.17 7.09 7.09 7.09 7.08 7.04 7.04 7.03 7.03 6.98 6.85 6.84 6.83 6.62 6.61 6.72 7.02 6.91 6.90 6.89 6.87 6.90 6.88 6.87 6.85 6.91 6.90 6.89 6.88 6.91
8.83 8.86 8.80 8.72 9.37 9.28 9.21 9.11 9.01 9.75 9.66 9.56 8.27 8.78 8.67 9.75 9.51 8.27 8.19 7.76 8.29 8.20 9.08 8.05 9.13 7.69 11.23 11.18 0.00 0.00 0.00 0.00 0.00 0.00 0.00 0.00 0.00 0.00 0.00 0.00 0.00 0.00 0.00 0.00 0.00 0.00 0.00 0.00 0.00 8.85 10.62 6.54 8.10 7.91 7.81 7.05 7.05 7.05 7.01 7.00 7.00 6.99 6.95 6.82 7.46 6.81 6.71 6.70 7.00 6.99 6.88 6.87 6.86 6.84 6.87 6.85 6.84 6.83 6.88 7.39 6.86 6.85 6.89
8.78 8.81 8.76 9.42 9.32 9.22 9.15 9.06 8.96 8.87 8.79 8.70 9.40 8.05 8.61 9.67 9.34 8.28 8.18 6.89 12.16 11.56 10.78 11.38 0.00 0.00 0.00 0.00 0.00 0.00 0.00 0.00 0.00 0.00 0.00 0.00 0.00 0.00 0.00 0.00 0.00 0.00 0.00 0.00 0.00 0.00 0.00 0.00 0.00 0.00 11.70 7.85 7.85 7.85 7.76 7.76 7.00 7.01 6.97 6.96 6.96 6.96 6.91 6.79 6.78 6.78 6.68 6.98 6.97 6.96 6.85 6.84 6.83 6.81 6.84 6.82 6.81 6.79 6.85 7.94 6.83 6.81 6.85
8.85 8.77 8.71 9.36 9.26 9.17 9.09 9.00 8.90 8.81 8.73 9.31 8.78 7.15 9.43 9.62 11.97 11.87 11.76 0.00 0.00 0.00 0.00 0.00 0.00 0.00 0.00 0.00 0.00 0.00 0.00 0.00 0.00 0.00 0.00 0.00 0.00 0.00 0.00 0.00 0.00 0.00 0.00 0.00 0.00 0.00 0.00 0.00 0.00 7.83 12.42 7.26 7.27 7.04 6.96 6.96 6.96 6.96 6.92 6.92 6.92 6.92 6.87 6.75 6.75 6.74 7.62 7.74 7.73 6.92 6.82 6.81 6.80 6.78 6.80 6.79 6.77 6.76 6.81 7.72 7.28 6.78 6.81
8.82 8.73 9.38 9.28 9.19 9.09 9.01 8.92 8.82 8.73 9.95 8.55 9.11 8.24 9.93 12.76 0.00 0.00 0.00 0.00 0.00 0.00 0.00 0.00 0.00 0.00 0.00 0.00 0.00 0.00 0.00 0.00 0.00 0.00 0.00 0.00 0.00 0.00 0.00 0.00 0.00 0.00 0.00 0.00 0.00 0.00 0.00 0.00 0.00 6.94 7.21 10.04 10.84 10.84 7.36 6.28 7.01 7.01 7.00 7.00 7.00 7.00 6.96 7.86 7.85 7.85 7.73 7.72 7.71 7.83 6.79 6.78 6.76 6.75 6.66 6.64 6.62 7.09 6.71 6.70 6.69 6.67 6.77
8.76 8.68 9.31 9.22 9.98 9.02 8.95 8.85 8.75 8.66 9.79 8.69 3.18 12.90 0.00 0.00 0.00 0.00 0.00 0.00 0.00 0.00 0.00 0.00 0.00 0.00 0.00 0.00 0.00 0.00 0.00 0.00 0.00 0.00 0.00 0.00 0.00 0.00 0.00 0.00 0.00 0.00 0.00 0.00 0.00 0.00 0.00 0.00 0.00 0.00 0.00 0.00 0.00 10.28 7.78 6.67 6.34 6.00 6.11 6.95 6.95 6.95 6.92 7.81 7.80 7.80 7.68 7.68 7.67 7.78 7.51 7.50 6.73 6.71 6.62 6.60 6.59 7.04 6.67 6.66 6.64 6.63 6.72
8.70 9.35 9.10 9.15 9.05 8.43 8.88 8.78 8.68 9.27 7.87 8.61 12.61 0.00 0.00 0.00 0.00 0.00 0.00 0.00 0.00 0.00 0.00 0.00 0.00 0.00 0.00 0.00 0.00 0.00 0.00 0.00 0.00 0.00 0.00 0.00 0.00 0.00 0.00 0.00 0.00 0.00 0.00 0.00 0.00 0.00 0.00 0.00 0.00 0.00 0.00 0.00 0.00 0.00 11.48 2.74 6.50 5.93 6.05 6.38 6.05 6.90 6.87 7.76 7.75 7.75 7.63 7.63 7.74 7.74 7.46 7.45 6.69 6.67 6.58 6.56 7.02 6.53 6.63 6.62 6.60 6.59 6.68
9.38 9.28 9.17 9.92 10.15 9.62 9.13 8.93 7.97 7.85 7.83 8.51 11.03 0.00 0.00 0.00 0.00 0.00 0.00 0.00 0.00 0.00 0.00 0.00 0.00 0.00 0.00 0.00 0.00 0.00 0.00 0.00 0.00 0.00 0.00 0.00 0.00 0.00 0.00 0.00 0.00 0.00 0.00 0.00 0.00 0.00 0.00 0.00 0.00 0.00 0.00 0.00 0.00 0.00 0.00 10.27 8.03 6.15 6.58 6.54 6.31 6.31 6.38 7.70 7.70 7.69 7.58 7.70 7.69 7.68 7.41 7.40 6.64 6.63 6.54 6.52 6.50 6.49 6.59 6.57 6.56 6.54 6.63
9.35 9.26 9.07 8.98 8.88 8.78 8.70 8.03 7.87 7.76 8.36 8.51 11.14 0.00 0.00 0.00 0.00 0.00 0.00 0.00 0.00 0.00 0.00 0.00 0.00 0.00 0.00 0.00 0.00 0.00 0.00 0.00 0.00 0.00 0.00 0.00 0.00 0.00 0.00 0.00 0.00 0.00 0.00 0.00 0.00 0.00 0.00 0.00 0.00 0.00 0.00 0.00 0.00 0.00 0.00 9.63 6.11 10.32 6.00 10.32 6.70 7.60 6.06 6.19 7.70 7.70 7.66 7.65 7.85 7.64 6.56 6.55 6.54 6.52 6.40 6.38 6.36 6.35 6.52 6.50 6.49 6.47 6.61
9.27 9.17 5.58 8.90 8.80 8.70 8.62 7.89 7.81 8.75 8.53 8.21 11.74 0.00 0.00 0.00 0.00 0.00 0.00 0.00 0.00 0.00 0.00 0.00 0.00 0.00 0.00 0.00 0.00 0.00 0.00 0.00 0.00 0.00 0.00 0.00 0.00 0.00 0.00 0.00 0.00 0.00 0.00 0.00 0.00 0.00 0.00 0.00 0.00 0.00 0.00 0.00 0.00 0.00 0.00 0.00 5.86 3.10 6.22 9.17 5.53 6.43 6.22 5.34 7.64 7.64 7.60 7.60 7.59 7.76 7.23 6.98 7.94 6.93 6.35 6.33 6.32 6.30 6.47 6.46 6.44 7.32 6.56
9.19 9.09 8.91 8.82 8.72 8.62 8.54 8.44 8.22 2.41 9.53 3.63 0.00 0.00 0.00 0.00 0.00 0.00 0.00 0.00 0.00 0.00 0.00 0.00 0.00 0.00 0.00 0.00 0.00 0.00 0.00 0.00 0.00 0.00 0.00 0.00 0.00 0.00 0.00 0.00 0.00 0.00 0.00 0.00 0.00 0.00 0.00 0.00 0.00 0.00 0.00 0.00 0.00 0.00 0.00 0.00 10.18 6.30 10.84 6.64 5.45 5.94 6.95 7.58 8.36 8.35 7.54 7.73 7.53 6.76 7.17 7.16 7.15 7.13 6.30 6.29 6.27 6.25 6.43 6.41 6.39 6.83 6.51
9.10 9.01 8.83 8.73 8.08 8.54 8.45 8.36 8.75 10.26 0.00 0.00 0.00 0.00 0.00 0.00 0.00 0.00 0.00 0.00 0.00 0.00 0.00 0.00 0.00 0.00 0.00 0.00 0.00 0.00 0.00 0.00 0.00 0.00 0.00 0.00 0.00 0.00 0.00 0.00 0.00 0.00 0.00 0.00 0.00 0.00 0.00 0.00 0.00 0.00 0.00 0.00 0.00 0.00 0.00 0.00 0.00 10.19 10.42 6.50 6.38 6.34 6.65 6.55 6.86 6.86 7.18 6.72 6.71 6.70 6.41 6.40 6.39 6.38 6.25 6.24 6.22 6.21 6.82 6.82 6.35 6.33 6.46
8.67 8.09 10.06 8.09 9.48 7.81 8.24 11.97 0.00 0.00 0.00 0.00 0.00 0.00 0.00 0.00 0.00 0.00 0.00 0.00 0.00 0.00 0.00 0.00 0.00 0.00 0.00 0.00 0.00 0.00 0.00 0.00 0.00 0.00 0.00 0.00 0.00 0.00 0.00 0.00 0.00 0.00 0.00 0.00 0.00 0.00 0.00 0.00 0.00 0.00 0.00 0.00 0.00 0.00 0.00 0.00 0.00 10.11 2.85 5.57 5.73 5.74 5.51 6.80 6.68 6.68 6.46 6.45 6.44 6.44 6.28 6.27 6.26 6.25 6.24 6.22 6.21 6.20 6.31 6.74 6.28 6.26 6.41
12.40 11.82 8.55 8.42 8.93 8.63 11.19 0.00 0.00 0.00 0.00 0.00 0.00 0.00 0.00 0.00 0.00 0.00 0.00 0.00 0.00 0.00 0.00 0.00 0.00 0.00 0.00 0.00 0.00 0.00 0.00 0.00 0.00 0.00 0.00 0.00 0.00 0.00 0.00 0.00 0.00 0.00 0.00 0.00 0.00 0.00 0.00 0.00 0.00 0.00 0.00 0.00 0.00 0.00 0.00 0.00 0.00 10.37 10.83 6.05 5.93 6.02 6.42 6.62 7.10 6.62 6.40 6.39 6.39 6.38 6.67 6.22 6.21 6.20 6.19 6.17 6.16 6.15 6.26 6.24 6.23 6.21 6.36
10.89 8.16 6.01 7.46 6.76 5.94 0.00 0.00 0.00 0.00 0.00 0.00 0.00 0.00 0.00 0.00 0.00 0.00 0.00 0.00 0.00 0.00 0.00 0.00 0.00 0.00 0.00 0.00 0.00 0.00 0.00 0.00 0.00 0.00 0.00 0.00 0.00 0.00 0.00 0.00 0.00 0.00 0.00 0.00 0.00 0.00 0.00 0.00 0.00 0.00 0.00 0.00 0.00 0.00 0.00 0.00 0.00 6.21 10.34 6.07 5.40 5.40 6.55 6.56 6.56 6.56 6.80 6.34 6.33 6.33 6.18 6.17 6.16 6.15 6.14 6.12 6.11 6.10 6.21 6.19 6.18 6.16 6.31
10.31 9.33 8.14 11.23 12.32 0.00 0.00 0.00 0.00 0.00 0.00 0.00 0.00 0.00 0.00 0.00 0.00 0.00 0.00 0.00 0.00 0.00 0.00 0.00 0.00 0.00 0.00 0.00 0.00 0.00 0.00 0.00 0.00 0.00 0.00 0.00 0.00 0.00 0.00 0.00 0.00 0.00 0.00 0.00 0.00 0.00 0.00 0.00 0.00 0.00 0.00 0.00 0.00 0.00 0.00 0.00 0.00 5.67 9.38 5.54 5.32 5.32 6.30 6.50 5.71 6.50 6.28 6.28 6.28 6.27 6.12 6.11 6.10 6.09 6.08 6.07 6.20 6.18 6.16 6.14 6.13 6.11 6.25
