New_Model_Runs/1_Original_run_out/post_prcessed_with_MFR/Monthly_summaries/rainfall_monthly_JUN.asc
NCOLS 700
NROWS 400
XLLCENTER 515000.000000
YLLCENTER 8409000.000000
CELLSIZE 50.000000
NODATA_value -999.000000
[rows 252 to 287 of 400, columns 162 to 242 of 700]
13.54 13.61 13.67 13.74 13.81 13.88 13.95 14.01 14.08 14.15 14.21 14.28 14.34 14.40 14.47 14.53 14.59 14.64 14.70 14.75 14.80 14.85 14.89 14.94 14.98 15.02 15.06 15.09 15.13 15.17 15.20 15.23 15.26 15.28 15.31 15.33 15.35 15.37 15.39 15.41 15.42 15.44 15.45 15.46 15.47 15.48 15.48 15.49 15.50 15.51 15.51 15.52 15.52 15.52 15.53 15.53 15.54 15.54 15.55 15.56 15.57 15.58 15.59 15.60 15.60 15.61 15.62 15.62 15.63 15.63 15.64 15.64 15.64 15.63 15.62 15.61 15.59 15.56 15.54 15.50 15.46
13.34 13.41 13.48 13.55 13.62 13.69 13.76 13.83 13.90 13.96 14.03 14.10 14.16 14.23 14.29 14.36 14.42 14.48 14.53 14.59 14.64 14.69 14.74 14.78 14.83 14.87 14.91 14.95 14.99 15.03 15.06 15.09 15.12 15.15 15.18 15.20 15.22 15.25 15.27 15.29 15.30 15.32 15.33 15.35 15.36 15.37 15.38 15.38 15.39 15.40 15.41 15.41 15.42 15.42 15.43 15.43 15.44 15.45 15.45 15.46 15.47 15.48 15.49 15.49 15.50 15.50 15.50 15.51 15.51 15.51 15.51 15.50 15.50 15.49 15.47 15.45 15.43 15.40 15.37 15.33 15.28
13.15 13.22 13.29 13.36 13.43 13.50 13.58 13.65 13.71 13.78 13.85 13.92 13.99 14.05 14.12 14.18 14.24 14.31 14.37 14.42 14.48 14.53 14.58 14.63 14.67 14.72 14.76 14.80 14.84 14.88 14.92 14.95 14.98 15.02 15.04 15.07 15.10 15.12 15.14 15.16 15.18 15.20 15.21 15.23 15.24 15.25 15.26 15.27 15.28 15.29 15.30 15.31 15.31 15.32 15.33 15.33 15.34 15.34 15.35 15.36 15.37 15.37 15.38 15.38 15.39 15.39 15.39 15.38 15.38 15.38 15.37 15.36 15.35 15.34 15.32 15.30 15.27 15.24 15.20 15.15 15.10
12.95 13.02 13.10 13.17 13.24 13.31 13.39 13.46 13.53 13.60 13.67 13.74 13.80 13.87 13.94 14.00 14.07 14.13 14.19 14.25 14.31 14.37 14.42 14.47 14.51 14.56 14.60 14.65 14.69 14.73 14.77 14.81 14.84 14.87 14.91 14.93 14.96 14.99 15.01 15.03 15.05 15.07 15.09 15.10 15.12 15.13 15.14 15.16 15.17 15.18 15.19 15.19 15.20 15.21 15.22 15.22 15.23 15.23 15.24 15.25 15.25 15.26 15.26 15.26 15.26 15.26 15.26 15.25 15.25 15.24 15.23 15.22 15.21 15.19 15.16 15.14 15.11 15.07 15.03 14.98 14.92
12.75 12.83 12.90 12.98 13.05 13.12 13.20 13.27 13.34 13.41 13.48 13.55 13.62 13.69 13.76 13.83 13.89 13.96 14.02 14.08 14.14 14.20 14.25 14.30 14.35 14.40 14.45 14.49 14.54 14.58 14.62 14.66 14.70 14.73 14.76 14.80 14.83 14.85 14.88 14.90 14.92 14.94 14.96 14.98 14.99 15.01 15.02 15.04 15.05 15.06 15.07 15.08 15.09 15.10 15.10 15.11 15.12 15.12 15.13 15.13 15.14 15.14 15.14 15.14 15.14 15.13 15.13 15.12 15.12 15.11 15.09 15.08 15.06 15.03 15.01 14.97 14.94 14.90 14.85 14.80 14.74
12.56 12.63 12.71 12.79 12.86 12.93 13.01 13.08 13.16 13.23 13.30 13.37 13.44 13.51 13.58 13.65 13.71 13.78 13.84 13.90 13.97 14.03 14.08 14.14 14.19 14.24 14.28 14.33 14.38 14.42 14.47 14.51 14.55 14.58 14.61 14.65 14.68 14.71 14.74 14.76 14.78 14.81 14.83 14.84 14.86 14.88 14.89 14.91 14.92 14.94 14.95 14.96 14.97 14.97 14.98 14.99 14.99 15.00 15.00 15.01 15.01 15.01 15.01 15.01 15.00 15.00 14.99 14.99 14.97 14.96 14.94 14.93 14.90 14.88 14.85 14.81 14.77 14.72 14.68 14.62 14.55
12.36 12.44 12.52 12.59 12.67 12.74 12.82 12.90 12.97 13.05 13.12 13.19 13.26 13.33 13.40 13.47 13.53 13.60 13.66 13.73 13.79 13.85 13.91 13.97 14.02 14.07 14.12 14.17 14.22 14.26 14.31 14.35 14.39 14.43 14.46 14.50 14.53 14.56 14.59 14.62 14.65 14.67 14.69 14.71 14.73 14.75 14.76 14.78 14.80 14.81 14.82 14.83 14.84 14.85 14.86 14.86 14.87 14.87 14.88 14.88 14.89 14.89 14.88 14.88 14.87 14.86 14.86 14.84 14.83 14.82 14.80 14.77 14.75 14.72 14.69 14.65 14.60 14.55 14.50 14.44 14.37
12.17 12.25 12.33 12.40 12.48 12.56 12.63 12.71 12.79 12.86 12.94 13.01 13.08 13.15 13.22 13.28 13.35 13.42 13.48 13.55 13.62 13.68 13.74 13.79 13.85 13.90 13.95 14.00 14.05 14.10 14.14 14.19 14.23 14.27 14.31 14.34 14.38 14.41 14.44 14.47 14.50 14.52 14.55 14.57 14.59 14.61 14.63 14.65 14.66 14.68 14.69 14.70 14.71 14.72 14.73 14.73 14.74 14.74 14.75 14.75 14.75 14.75 14.75 14.74 14.73 14.72 14.71 14.70 14.69 14.67 14.65 14.62 14.59 14.56 14.52 14.48 14.44 14.38 14.32 14.26 14.19
11.98 12.06 12.13 12.21 12.29 12.37 12.45 12.53 12.60 12.68 12.75 12.83 12.90 12.97 13.04 13.10 13.17 13.24 13.31 13.37 13.44 13.50 13.56 13.62 13.68 13.73 13.78 13.83 13.88 13.93 13.98 14.03 14.07 14.11 14.15 14.19 14.22 14.26 14.29 14.32 14.35 14.38 14.40 14.43 14.45 14.47 14.49 14.51 14.53 14.54 14.55 14.57 14.58 14.58 14.59 14.60 14.60 14.61 14.62 14.62 14.62 14.61 14.61 14.60 14.59 14.58 14.57 14.56 14.54 14.52 14.49 14.47 14.43 14.40 14.36 14.31 14.27 14.21 14.15 14.09 14.01
11.79 11.87 11.95 12.03 12.11 12.19 12.27 12.34 12.42 12.50 12.57 12.65 12.72 12.79 12.86 12.93 12.99 13.06 13.13 13.20 13.26 13.33 13.39 13.45 13.51 13.56 13.61 13.66 13.72 13.77 13.81 13.86 13.90 13.95 13.99 14.03 14.07 14.10 14.14 14.17 14.20 14.23 14.26 14.28 14.31 14.33 14.35 14.37 14.39 14.40 14.42 14.43 14.44 14.45 14.45 14.46 14.47 14.48 14.48 14.48 14.48 14.48 14.47 14.47 14.46 14.44 14.43 14.41 14.39 14.37 14.34 14.31 14.28 14.24 14.20 14.15 14.10 14.04 13.98 13.91 13.84
11.60 11.68 11.76 11.84 11.92 12.01 12.09 12.16 12.24 12.32 12.40 12.47 12.55 12.62 12.69 12.75 12.82 12.89 12.96 13.02 13.09 13.15 13.22 13.28 13.34 13.39 13.44 13.50 13.55 13.60 13.65 13.69 13.74 13.78 13.82 13.87 13.91 13.95 13.98 14.02 14.05 14.08 14.11 14.13 14.16 14.18 14.20 14.23 14.24 14.26 14.27 14.29 14.30 14.31 14.32 14.32 14.33 14.34 14.34 14.34 14.34 14.34 14.33 14.33 14.31 14.30 14.28 14.27 14.24 14.22 14.19 14.16 14.12 14.08 14.04 13.99 13.94 13.88 13.82 13.74 13.67
11.42 11.50 11.58 11.66 11.74 11.83 11.91 11.99 12.07 12.14 12.22 12.30 12.37 12.44 12.51 12.58 12.65 12.72 12.78 12.85 12.92 12.98 13.05 13.11 13.17 13.22 13.28 13.33 13.38 13.43 13.48 13.53 13.57 13.62 13.66 13.71 13.75 13.79 13.83 13.86 13.90 13.93 13.96 13.98 14.01 14.03 14.06 14.08 14.10 14.12 14.13 14.14 14.16 14.17 14.18 14.18 14.19 14.20 14.20 14.20 14.20 14.20 14.19 14.18 14.17 14.16 14.14 14.12 14.10 14.07 14.04 14.00 13.97 13.92 13.88 13.83 13.77 13.71 13.65 13.57 13.50
11.24 11.32 11.41 11.49 11.57 11.65 11.73 11.81 11.89 11.97 12.05 12.12 12.20 12.27 12.34 12.41 12.48 12.55 12.61 12.68 12.75 12.81 12.88 12.94 13.00 13.05 13.11 13.16 13.22 13.27 13.32 13.37 13.41 13.46 13.50 13.55 13.59 13.63 13.67 13.71 13.74 13.77 13.80 13.83 13.86 13.89 13.91 13.93 13.95 13.97 13.98 14.00 14.01 14.02 14.03 14.04 14.05 14.06 14.06 14.06 14.06 14.06 14.05 14.04 14.03 14.01 13.99 13.97 13.95 13.92 13.89 13.85 13.81 13.77 13.72 13.67 13.61 13.55 13.48 13.41 13.33
11.07 11.15 11.24 11.32 11.40 11.48 11.56 11.64 11.72 11.80 11.88 11.95 12.02 12.10 12.17 12.24 12.31 12.38 12.44 12.51 12.58 12.64 12.71 12.77 12.83 12.89 12.94 13.00 13.05 13.10 13.15 13.20 13.25 13.30 13.34 13.39 13.43 13.47 13.51 13.55 13.59 13.62 13.65 13.68 13.71 13.73 13.76 13.78 13.80 13.82 13.84 13.86 13.87 13.88 13.89 13.90 13.91 13.92 13.92 13.92 13.92 13.92 13.91 13.90 13.88 13.87 13.85 13.83 13.80 13.77 13.74 13.70 13.66 13.61 13.57 13.51 13.45 13.39 13.32 13.24 13.16
10.90 10.99 11.07 11.15 11.24 11.32 11.40 11.48 11.56 11.64 11.71 11.79 11.86 11.93 12.00 12.07 12.14 12.21 12.28 12.35 12.41 12.48 12.54 12.60 12.66 12.72 12.78 12.83 12.89 12.94 12.99 13.04 13.09 13.14 13.18 13.23 13.27 13.31 13.36 13.39 13.43 13.47 13.50 13.53 13.56 13.58 13.61 13.63 13.66 13.68 13.69 13.71 13.73 13.74 13.75 13.76 13.77 13.77 13.78 13.78 13.78 13.77 13.77 13.76 13.74 13.72 13.70 13.68 13.65 13.62 13.59 13.55 13.50 13.46 13.41 13.35 13.30 13.23 13.16 13.08 13.00
10.74 10.83 10.91 10.99 11.08 11.16 11.24 11.32 11.39 11.47 11.55 11.62 11.70 11.77 11.84 11.91 11.98 12.05 12.12 12.18 12.25 12.31 12.37 12.43 12.49 12.55 12.61 12.67 12.72 12.77 12.83 12.88 12.93 12.98 13.02 13.07 13.11 13.16 13.20 13.24 13.28 13.31 13.35 13.38 13.41 13.43 13.46 13.48 13.51 13.53 13.55 13.57 13.58 13.59 13.61 13.62 13.63 13.63 13.64 13.64 13.64 13.63 13.62 13.61 13.60 13.58 13.56 13.53 13.50 13.47 13.44 13.40 13.35 13.31 13.25 13.20 13.14 13.07 13.00 12.93 12.85
10.59 10.68 10.76 10.84 10.92 11.00 11.08 11.16 11.24 11.32 11.39 11.47 11.54 11.61 11.68 11.75 11.82 11.89 11.95 12.02 12.08 12.15 12.21 12.27 12.33 12.39 12.45 12.50 12.56 12.61 12.66 12.71 12.77 12.82 12.86 12.91 12.95 13.00 13.04 13.08 13.12 13.16 13.19 13.22 13.25 13.28 13.31 13.34 13.36 13.38 13.40 13.42 13.44 13.45 13.47 13.48 13.49 13.49 13.50 13.49 13.49 13.49 13.48 13.47 13.45 13.44 13.41 13.39 13.36 13.33 13.29 13.25 13.21 13.16 13.11 13.05 12.99 12.92 12.85 12.77 12.69
10.45 10.53 10.61 10.69 10.77 10.85 10.93 11.01 11.09 11.17 11.24 11.31 11.39 11.46 11.53 11.60 11.66 11.73 11.79 11.86 11.92 11.98 12.05 12.11 12.17 12.22 12.28 12.34 12.39 12.45 12.50 12.55 12.60 12.66 12.70 12.75 12.80 12.84 12.88 12.92 12.96 13.00 13.03 13.07 13.10 13.13 13.16 13.19 13.21 13.24 13.26 13.28 13.29 13.31 13.32 13.33 13.34 13.35 13.36 13.35 13.35 13.34 13.34 13.33 13.31 13.29 13.27 13.24 13.21 13.18 13.15 13.11 13.06 13.01 12.96 12.90 12.84 12.77 12.70 12.63 12.55
10.31 10.39 10.47 10.55 10.63 10.71 10.79 10.87 10.95 11.02 11.09 11.17 11.24 11.31 11.38 11.45 11.51 11.58 11.64 11.70 11.77 11.83 11.89 11.95 12.01 12.06 12.12 12.18 12.23 12.29 12.34 12.39 12.44 12.50 12.54 12.59 12.64 12.68 12.72 12.77 12.81 12.84 12.88 12.92 12.95 12.98 13.01 13.04 13.06 13.09 13.11 13.13 13.15 13.17 13.18 13.19 13.20 13.21 13.21 13.21 13.21 13.20 13.19 13.18 13.17 13.15 13.13 13.10 13.07 13.04 13.01 12.96 12.92 12.87 12.82 12.76 12.70 12.63 12.56 12.49 12.41
10.17 10.25 10.34 10.41 10.49 10.57 10.65 10.73 10.80 10.88 10.95 11.02 11.09 11.16 11.23 11.30 11.36 11.43 11.49 11.55 11.62 11.68 11.73 11.79 11.85 11.91 11.96 12.02 12.08 12.13 12.18 12.24 12.29 12.34 12.39 12.43 12.48 12.52 12.57 12.61 12.65 12.69 12.73 12.76 12.80 12.83 12.86 12.89 12.92 12.94 12.97 12.99 13.01 13.02 13.04 13.05 13.06 13.07 13.07 13.07 13.07 13.06 13.05 13.04 13.02 13.01 12.98 12.96 12.93 12.90 12.86 12.82 12.78 12.73 12.68 12.61 12.55 12.49 12.42 12.35 12.27
10.04 10.13 10.21 10.29 10.37 10.44 10.52 10.59 10.67 10.74 10.82 10.89 10.96 11.02 11.09 11.15 11.22 11.28 11.35 11.41 11.47 11.53 11.59 11.64 11.70 11.76 11.81 11.87 11.92 11.97 12.03 12.08 12.13 12.18 12.23 12.28 12.33 12.37 12.41 12.46 12.50 12.54 12.58 12.61 12.65 12.68 12.71 12.74 12.77 12.80 12.82 12.85 12.87 12.88 12.90 12.91 12.92 12.93 12.93 12.93 12.92 12.92 12.91 12.90 12.88 12.86 12.84 12.82 12.79 12.76 12.73 12.69 12.64 12.59 12.54 12.48 12.42 12.36 12.29 12.22 12.14
9.93 10.01 10.09 10.17 10.24 10.32 10.39 10.47 10.54 10.61 10.69 10.76 10.82 10.89 10.95 11.02 11.08 11.15 11.21 11.27 11.33 11.38 11.44 11.50 11.55 11.61 11.66 11.72 11.77 11.82 11.88 11.93 11.98 12.03 12.08 12.13 12.17 12.21 12.26 12.30 12.34 12.38 12.42 12.46 12.49 12.53 12.56 12.60 12.63 12.66 12.68 12.70 12.72 12.74 12.76 12.77 12.78 12.79 12.79 12.79 12.79 12.78 12.77 12.76 12.74 12.73 12.71 12.69 12.66 12.63 12.59 12.55 12.51 12.46 12.41 12.35 12.29 12.23 12.16 12.09 12.01
9.82 9.90 9.98 10.05 10.13 10.20 10.28 10.35 10.42 10.49 10.56 10.63 10.70 10.76 10.82 10.89 10.95 11.01 11.07 11.13 11.19 11.24 11.30 11.35 11.41 11.46 11.52 11.57 11.62 11.67 11.72 11.77 11.83 11.88 11.93 11.97 12.02 12.06 12.11 12.15 12.19 12.23 12.27 12.31 12.35 12.38 12.42 12.45 12.48 12.51 12.54 12.56 12.58 12.60 12.61 12.63 12.64 12.65 12.65 12.65 12.65 12.64 12.64 12.62 12.61 12.59 12.57 12.55 12.53 12.50 12.46 12.42 12.38 12.33 12.28 12.22 12.17 12.10 12.03 11.96 11.89
9.72 9.80 9.88 9.95 10.03 10.10 10.17 10.24 10.31 10.38 10.45 10.51 10.58 10.64 10.70 10.76 10.82 10.88 10.94 11.00 11.05 11.11 11.16 11.21 11.27 11.32 11.37 11.42 11.48 11.53 11.58 11.62 11.68 11.73 11.78 11.82 11.87 11.91 11.96 12.00 12.04 12.08 12.12 12.16 12.20 12.24 12.27 12.31 12.34 12.37 12.39 12.42 12.44 12.46 12.47 12.49 12.50 12.51 12.52 12.52 12.52 12.51 12.50 12.49 12.48 12.46 12.45 12.43 12.40 12.37 12.34 12.30 12.25 12.20 12.15 12.10 12.04 11.98 11.91 11.84 11.77
9.62 9.70 9.78 9.85 9.93 10.00 10.07 10.14 10.20 10.27 10.34 10.40 10.46 10.52 10.58 10.64 10.70 10.76 10.81 10.87 10.92 10.98 11.03 11.08 11.13 11.18 11.23 11.28 11.33 11.38 11.43 11.48 11.53 11.58 11.63 11.68 11.72 11.77 11.81 11.85 11.89 11.93 11.97 12.02 12.05 12.09 12.13 12.16 12.20 12.23 12.25 12.28 12.30 12.32 12.34 12.35 12.37 12.38 12.38 12.39 12.39 12.38 12.37 12.36 12.35 12.34 12.32 12.30 12.27 12.24 12.21 12.17 12.13 12.08 12.03 11.98 11.92 11.86 11.79 11.73 11.66
9.54 9.62 9.70 9.77 9.84 0.00 9.98 10.04 10.11 10.17 10.24 10.30 10.36 10.42 10.47 10.53 10.59 10.64 10.69 10.75 10.80 10.85 10.90 10.95 11.00 11.05 11.10 11.15 11.20 11.24 11.29 11.34 11.39 11.44 11.49 11.54 11.58 11.63 11.67 11.71 11.75 11.79 11.83 11.87 11.91 11.95 11.99 12.02 12.06 12.09 12.11 12.14 12.16 12.18 12.20 12.22 12.23 12.24 12.25 12.26 12.26 12.26 12.25 12.24 12.23 12.22 12.20 12.18 12.15 12.12 12.09 12.05 12.01 11.96 11.92 11.86 11.81 11.74 11.68 11.62 11.54
9.47 9.54 9.61 9.68 9.76 9.82 9.89 9.95 10.01 10.08 10.14 10.20 10.26 10.32 10.37 10.42 10.47 10.52 10.58 10.63 10.68 10.73 10.78 10.82 10.87 10.92 10.97 11.01 11.06 11.11 11.15 11.20 11.25 11.30 11.35 11.39 11.44 11.48 11.53 11.57 11.61 11.65 11.69 11.73 11.77 11.81 11.85 11.88 11.92 11.95 11.98 12.00 12.02 12.05 12.07 12.09 12.10 12.12 12.13 12.13 12.13 12.13 12.13 12.12 12.11 12.10 12.08 12.06 12.03 12.00 11.97 11.93 11.89 11.85 11.80 11.75 11.69 11.63 11.57 11.51 11.43
0.00 9.48 0.00 9.61 9.68 9.75 9.81 9.87 9.93 9.99 10.05 10.11 10.17 10.22 10.27 10.32 10.37 10.42 10.47 10.52 10.57 10.61 10.66 10.71 10.75 10.80 10.84 10.89 10.93 10.98 11.03 11.07 11.12 11.17 11.22 11.27 11.31 11.36 11.40 11.44 11.48 11.52 11.56 11.60 11.64 11.68 11.71 11.75 11.78 11.82 11.84 11.87 11.89 11.91 11.94 11.96 11.98 11.99 12.00 12.01 12.01 12.01 12.01 12.00 11.99 11.98 11.96 11.94 11.92 11.89 11.86 11.82 11.78 11.74 11.69 11.64 11.59 11.53 11.47 11.40 11.33
9.34 9.41 9.48 9.54 9.61 9.67 9.73 9.79 9.85 9.91 9.97 10.03 10.08 10.13 10.18 10.23 10.27 10.32 10.37 10.41 10.46 10.50 10.54 10.59 10.63 10.67 10.72 10.76 10.81 10.85 10.90 10.95 10.99 11.04 11.09 11.14 11.19 11.23 11.27 11.31 11.36 11.40 11.43 11.47 11.51 11.55 11.58 11.62 11.65 11.68 11.71 11.74 11.76 11.79 11.81 11.83 11.85 11.87 11.88 11.89 11.89 11.89 11.89 11.89 11.88 11.86 11.85 11.83 11.81 11.78 11.75 11.71 11.67 11.63 11.58 11.54 11.49 11.43 11.37 11.30 11.23
9.29 9.36 9.43 9.49 9.55 9.61 9.67 9.73 9.79 9.84 9.90 9.95 10.00 10.05 10.10 10.14 10.19 10.23 10.27 10.32 10.36 10.40 10.44 10.48 10.52 10.56 10.60 10.65 10.69 10.74 10.78 10.83 10.88 10.93 10.98 11.02 11.07 11.11 11.16 11.20 11.24 11.28 11.32 11.35 11.39 11.43 11.46 11.50 11.53 11.56 11.59 11.61 11.64 11.66 11.69 11.71 11.73 11.75 11.76 11.77 11.78 11.78 11.78 11.78 11.77 11.75 11.74 11.73 11.70 11.68 11.64 11.61 11.57 11.53 11.49 11.44 11.39 11.33 11.27 11.21 11.14
9.25 9.31 9.38 9.44 9.50 9.56 9.62 9.67 9.72 9.78 9.83 9.88 9.93 9.97 10.02 10.06 10.10 10.14 10.18 10.22 10.26 10.30 10.33 10.37 10.41 10.45 10.49 10.54 10.58 10.63 10.67 10.72 10.77 10.82 10.86 10.91 10.96 11.00 11.04 11.09 11.13 11.17 11.20 11.24 11.28 11.31 11.35 11.38 11.41 11.44 11.46 11.49 11.51 11.54 11.56 11.59 11.61 11.63 11.64 11.65 11.66 11.67 11.67 11.67 11.66 11.65 11.63 11.62 11.60 11.57 11.54 11.51 11.47 11.43 11.39 11.34 11.29 11.23 11.18 11.11 11.05
9.22 9.28 9.34 9.40 9.46 9.52 9.57 9.62 9.67 9.72 9.77 9.82 9.86 9.91 9.95 9.99 10.02 10.06 10.09 10.13 10.17 10.20 10.23 10.27 10.31 10.35 10.39 10.43 10.48 10.52 10.57 10.62 10.67 10.71 10.76 10.81 10.85 10.89 10.94 10.98 11.02 11.06 11.10 11.13 11.17 11.20 11.24 11.27 11.30 11.32 11.35 11.38 11.40 11.42 11.45 11.47 11.50 11.51 11.53 11.54 11.55 11.56 11.56 11.56 11.56 11.55 11.53 11.52 11.50 11.47 11.44 11.41 11.38 11.34 11.30 11.25 11.20 11.14 11.09 11.03 10.97
9.19 9.25 9.31 9.37 9.43 9.48 9.53 9.58 9.63 9.67 9.72 9.76 9.80 9.84 9.88 9.92 9.95 9.98 10.01 10.04 10.08 10.11 10.14 10.18 10.21 10.25 10.30 10.34 10.38 10.43 10.47 10.52 10.57 10.62 10.66 10.71 10.75 10.79 10.84 10.88 10.92 10.96 11.00 11.03 11.07 11.10 11.13 11.16 11.19 11.22 11.24 11.27 11.29 11.31 11.33 11.36 11.38 11.40 11.42 11.43 11.45 11.45 11.46 11.46 11.46 11.45 11.43 11.42 11.40 11.38 11.35 11.32 11.29 11.25 11.20 11.16 11.11 11.06 11.00 10.95 10.88
9.17 9.23 9.29 9.34 9.40 9.45 9.50 9.54 9.59 9.63 9.67 9.71 9.75 9.79 9.82 9.85 9.88 9.91 9.94 9.97 9.99 10.02 10.05 10.09 10.13 10.17 10.21 10.25 10.30 10.34 10.39 10.43 10.48 10.53 10.57 10.62 10.66 10.70 10.74 10.78 10.82 10.86 10.90 10.94 10.97 11.00 11.03 11.06 11.09 11.12 11.14 11.16 11.18 11.21 11.23 11.25 11.27 11.30 11.32 11.33 11.34 11.35 11.36 11.36 11.36 11.35 11.34 11.33 11.31 11.28 11.26 11.23 11.20 11.16 11.12 11.08 11.03 10.98 10.92 10.86 10.80
9.16 9.22 9.27 9.33 9.38 9.43 9.47 9.52 9.56 9.60 9.64 9.67 9.71 9.74 9.77 9.80 9.82 9.85 9.87 9.90 9.92 9.95 9.97 10.01 10.05 10.09 10.13 10.17 10.22 10.26 10.31 10.35 10.40 10.44 10.49 10.53 10.57 10.61 10.65 10.69 10.73 10.77 10.81 10.84 10.87 10.91 10.94 10.97 10.99 11.02 11.04 11.06 11.09 11.11 11.13 11.15 11.17 11.19 11.21 11.23 11.24 11.26 11.26 11.26 11.26 11.26 11.25 11.23 11.22 11.20 11.17 11.14 11.11 11.08 11.04 10.99 10.95 10.90 10.85 10.79 10.73
9.16 9.21 9.27 9.32 9.36 9.41 9.45 9.49 9.53 9.57 9.60 9.64 9.67 9.70 9.72 9.75 9.77 9.79 9.81 9.83 9.85 9.87 9.90 9.94 9.97 10.01 10.05 10.10 10.14 10.19 10.23 10.27 10.32 10.36 10.40 10.44 10.49 10.53 10.57 10.60 10.64 10.68 10.72 10.75 10.78 10.82 10.85 10.88 10.90 10.93 10.95 10.97 10.99 11.01 11.03 11.06 11.08 11.10 11.11 11.13 11.15 11.16 11.17 11.17 11.17 11.17 11.16 11.15 11.13 11.11 11.09 11.06 11.03 11.00 10.96 10.91 10.87 10.82 10.77 10.71 10.66
