New_Model_Runs/1_Original_run_out/post_prcessed_with_MFR/Monthly_summaries/rainfall_monthly_JUL.asc
NCOLS 700
NROWS 400
XLLCENTER 515000.000000
YLLCENTER 8409000.000000
CELLSIZE 50.000000
NODATA_value -999.000000
[rows 252 to 287 of 400, columns 243 to 323 of 700]
11.20 11.12 11.04 10.96 10.87 10.78 10.68 10.58 10.48 10.37 10.27 10.16 10.05 9.94 9.83 9.73 9.62 9.51 9.40 9.29 9.18 9.08 8.98 8.88 8.78 8.68 8.59 8.49 8.40 8.31 8.23 8.15 8.07 7.99 7.91 7.84 7.76 7.69 7.62 7.56 7.49 7.42 7.36 7.30 7.25 7.22 7.20 7.18 7.16 7.14 7.13 7.12 7.11 7.11 7.11 7.09 7.05 7.01 6.97 6.93 6.89 6.85 6.81 6.77 6.74 6.70 6.67 6.64 6.61 6.58 6.55 6.53 6.51 6.50 6.49 6.47 0.00 0.00 0.00 0.00 0.00
11.08 11.00 10.92 10.83 10.75 10.66 10.56 10.46 10.36 10.26 10.15 10.05 9.94 9.83 9.72 9.62 9.51 9.40 9.29 9.18 9.08 8.97 8.87 8.77 8.67 8.58 8.48 8.39 8.30 8.22 8.13 8.05 7.97 7.89 7.82 7.74 7.67 7.60 7.53 7.47 7.40 7.33 7.28 7.23 7.20 7.18 7.16 7.15 7.13 7.11 7.10 7.09 7.08 7.07 7.06 7.02 6.98 6.94 6.89 6.85 6.81 6.77 6.74 6.70 6.67 6.63 6.60 6.57 6.54 6.51 6.49 6.47 6.45 6.44 6.43 6.41 6.40 0.00 0.00 0.00 0.00
10.96 10.88 10.80 10.71 10.63 10.54 10.44 10.34 10.24 10.14 10.03 9.93 9.82 9.72 9.61 9.50 9.40 9.29 9.18 9.07 8.97 8.87 8.76 8.66 8.57 8.48 8.39 8.30 8.21 8.12 8.04 7.96 7.88 7.80 7.72 7.65 7.58 7.51 7.44 7.38 7.31 7.25 7.20 7.19 7.17 7.15 7.13 7.12 7.10 7.09 7.07 7.06 7.05 7.02 6.99 6.95 6.90 6.86 6.82 6.78 6.74 6.71 6.67 6.64 6.60 6.57 6.54 6.51 6.48 6.45 6.43 6.41 6.39 6.38 6.37 6.36 6.35 6.33 6.31 0.00 0.00
10.84 10.76 10.68 10.59 10.50 10.41 10.32 10.22 10.12 10.02 9.92 9.81 9.71 9.60 9.50 9.39 9.28 9.18 9.07 8.97 8.87 8.76 8.66 8.56 8.47 8.38 8.29 8.21 8.12 8.03 7.95 7.87 7.79 7.71 7.64 7.57 7.50 7.43 7.36 7.29 7.23 7.19 7.16 7.15 7.14 7.13 7.11 7.09 7.08 7.07 7.04 7.02 6.99 6.96 6.92 6.88 6.83 6.79 6.76 6.72 6.68 6.64 6.61 6.58 6.54 6.51 6.48 6.45 6.42 6.40 6.37 6.35 6.34 6.33 6.32 6.31 6.30 6.29 6.27 6.25 6.24
10.72 10.64 10.55 10.47 10.38 10.29 10.20 10.10 10.00 9.90 9.80 9.69 9.59 9.49 9.39 9.28 9.17 9.07 8.97 8.87 8.76 8.66 8.56 8.47 8.37 8.29 8.20 8.12 8.03 7.95 7.87 7.79 7.71 7.63 7.55 7.48 7.41 7.34 7.28 7.21 7.15 7.14 7.13 7.11 7.10 7.10 7.09 7.07 7.06 7.04 7.01 6.97 6.93 6.89 6.85 6.81 6.77 6.73 6.69 6.65 6.62 6.58 6.55 6.52 6.49 6.46 6.43 6.40 6.37 6.34 6.32 6.30 6.29 6.28 6.27 6.26 6.25 6.24 6.23 6.21 6.20
10.60 10.52 10.44 10.35 10.26 10.17 10.08 9.99 9.89 9.78 9.68 9.58 9.48 9.38 9.28 9.17 9.07 8.97 8.86 8.76 8.66 8.57 8.47 8.37 8.28 8.20 8.11 8.03 7.95 7.87 7.78 7.71 7.63 7.55 7.48 7.40 7.33 7.27 7.20 7.16 7.13 7.11 7.10 7.09 7.08 7.07 7.06 7.06 7.03 7.00 6.95 6.91 6.87 6.82 6.78 6.75 6.71 6.67 6.63 6.60 6.56 6.53 6.50 6.47 6.44 6.41 6.38 6.35 6.32 6.30 6.28 6.26 6.25 6.24 6.23 6.22 6.21 6.20 6.19 6.18 6.16
10.48 10.40 10.32 10.23 10.15 10.06 9.97 9.87 9.77 9.67 9.57 9.47 9.37 9.27 9.17 9.07 8.97 8.87 8.76 8.66 8.57 8.47 8.37 8.28 8.19 8.11 8.02 7.94 7.86 7.78 7.70 7.62 7.55 7.47 7.40 7.33 7.26 7.19 7.13 7.12 7.11 7.08 7.06 7.06 7.06 7.04 7.04 7.04 6.99 6.94 6.90 6.85 6.80 6.76 6.72 6.68 6.64 6.61 6.57 6.54 6.50 6.47 6.44 6.41 6.38 6.36 6.33 6.31 6.28 6.25 6.23 6.22 6.21 6.20 6.20 6.19 6.18 6.17 6.16 6.14 6.13
10.36 10.28 10.20 10.12 10.03 9.94 9.85 9.76 9.66 9.56 9.46 9.36 9.26 9.16 9.06 8.96 8.86 8.77 8.67 8.57 8.47 8.38 8.28 8.19 8.11 8.02 7.94 7.86 7.78 7.70 7.62 7.55 7.47 7.40 7.33 7.25 7.18 7.14 7.11 7.09 7.07 7.06 7.05 7.04 7.03 7.03 7.01 6.98 6.93 6.88 6.84 6.79 6.75 6.71 6.67 6.63 6.59 6.56 6.52 6.49 6.46 6.43 6.40 6.37 6.34 6.32 6.29 6.26 6.24 6.22 6.20 6.19 6.18 6.17 6.16 6.15 6.15 6.13 6.12 0.00 0.00
10.24 10.16 10.08 10.00 9.92 9.83 9.74 9.64 9.55 9.45 9.35 9.25 9.15 9.05 8.96 8.86 8.77 8.67 8.57 8.48 8.38 8.29 8.20 8.11 8.02 7.94 7.86 7.78 7.70 7.62 7.54 7.47 7.39 7.32 7.25 7.19 7.12 7.09 7.08 7.06 7.04 7.04 7.03 7.01 7.01 7.00 6.97 6.92 6.87 6.83 6.78 6.74 6.70 6.66 6.61 6.58 6.54 6.51 6.47 6.44 6.41 6.38 6.35 6.32 6.30 6.28 6.25 6.22 6.20 6.18 6.17 6.16 6.15 6.14 6.13 6.12 6.11 6.10 6.09 0.00 0.00
10.13 10.05 9.97 9.89 9.81 9.72 9.63 9.53 9.44 9.34 9.24 9.15 9.05 8.96 8.86 8.76 8.67 8.58 8.48 8.39 8.29 8.20 8.11 8.02 7.94 7.85 7.77 7.69 7.62 7.54 7.47 7.39 7.32 7.25 7.18 7.13 7.09 7.07 7.06 7.05 7.04 7.02 7.01 7.01 6.99 6.95 6.91 6.86 6.82 6.77 6.73 6.69 6.65 6.61 6.57 6.53 6.50 6.46 6.43 6.40 6.36 6.34 6.31 6.28 6.26 6.24 6.21 6.19 6.17 6.15 6.14 6.13 6.12 6.11 6.10 6.09 6.08 6.07 6.06 6.05 0.00
10.01 9.94 9.86 9.78 9.70 9.61 9.52 9.43 9.33 9.24 9.14 9.04 8.95 8.86 8.76 8.67 8.58 8.48 8.39 8.30 8.21 8.11 8.02 7.94 7.85 7.77 7.69 7.62 7.54 7.47 7.40 7.33 7.25 7.19 7.12 7.08 7.05 7.04 7.03 7.03 7.02 7.01 7.00 6.98 6.95 6.90 6.85 6.81 6.76 6.72 6.68 6.64 6.60 6.56 6.52 6.49 6.45 6.42 6.39 6.35 6.32 6.30 6.27 6.25 6.22 6.20 6.18 6.15 6.13 6.12 6.11 6.10 6.09 6.08 6.08 6.06 6.05 6.04 6.03 6.02 6.01
9.90 9.82 9.75 9.67 9.58 9.50 9.41 9.32 9.23 9.13 9.04 8.94 8.85 8.76 8.67 8.58 8.49 8.39 8.30 8.21 8.12 8.03 7.94 7.86 7.78 7.70 7.62 7.54 7.47 7.40 7.33 7.26 7.19 7.12 7.07 7.04 7.02 7.01 7.01 7.01 7.00 7.00 6.98 6.94 6.90 6.85 6.80 6.76 6.71 6.67 6.63 6.59 6.55 6.52 6.48 6.44 6.41 6.38 6.35 6.32 6.29 6.26 6.24 6.21 6.19 6.16 6.14 6.12 6.10 6.09 6.08 6.07 6.06 6.05 6.05 6.03 6.02 6.01 6.00 5.99 5.98
9.79 9.71 9.64 9.56 9.47 9.39 9.30 9.22 9.13 9.03 8.94 8.85 8.76 8.67 8.58 8.49 8.40 8.31 8.22 8.13 8.04 7.95 7.86 7.78 7.70 7.62 7.55 7.48 7.40 7.33 7.26 7.19 7.13 7.07 7.02 7.00 7.00 6.99 6.99 6.99 6.99 6.98 6.95 6.90 6.85 6.80 6.75 6.71 6.67 6.62 6.59 6.55 6.51 6.47 6.44 6.41 6.37 6.34 6.31 6.28 6.25 6.23 6.20 6.18 6.15 6.13 6.11 6.09 6.07 6.06 6.05 6.04 6.04 6.03 6.02 6.01 6.00 5.99 5.98 0.00 5.96
9.68 9.61 9.53 9.45 9.37 9.28 9.20 9.11 9.02 8.93 8.84 8.76 8.67 8.57 8.49 8.40 8.31 8.22 8.14 8.05 7.96 7.88 7.79 7.71 7.63 7.55 7.48 7.41 7.34 7.27 7.20 7.13 7.07 7.01 6.98 6.97 6.98 6.98 6.97 6.98 6.97 6.94 6.91 6.86 6.81 6.76 6.71 6.66 6.62 6.58 6.54 6.51 6.47 6.43 6.40 6.37 6.34 6.31 6.28 6.25 6.22 6.19 6.17 6.14 6.12 6.10 6.08 6.06 6.04 6.03 6.02 6.01 6.01 6.00 5.99 5.98 5.97 5.96 0.00 0.00 0.00
9.57 9.50 9.42 9.34 9.26 9.18 9.10 9.01 8.93 8.84 8.75 8.66 8.58 8.49 8.40 8.31 8.23 8.14 8.06 7.97 7.88 7.80 7.72 7.64 7.56 7.49 7.42 7.35 7.28 7.21 7.14 7.08 7.02 6.97 6.95 6.94 6.95 6.95 6.97 6.96 6.95 6.91 6.87 6.82 6.77 6.72 6.67 6.62 6.58 6.54 6.50 6.47 6.43 6.40 6.37 6.34 6.30 6.27 6.24 6.22 6.19 6.16 6.14 6.11 6.09 6.07 6.05 6.03 6.02 6.01 6.00 5.99 5.98 5.97 5.97 5.96 5.95 5.94 0.00 0.00 0.00
9.47 9.39 9.32 9.24 9.16 9.08 9.00 8.91 8.83 8.74 8.66 8.57 8.49 8.40 8.32 8.23 8.15 8.06 7.98 7.89 7.81 7.73 7.65 7.57 7.50 7.43 7.35 7.28 7.22 7.15 7.09 7.02 6.98 6.94 6.93 6.92 6.92 6.94 6.96 6.94 6.93 6.88 6.83 6.78 6.73 6.68 6.63 6.58 6.54 6.51 6.46 6.43 6.39 6.36 6.33 6.30 6.27 6.24 6.21 6.18 6.16 6.13 6.11 6.08 6.06 6.04 6.02 6.01 5.99 5.98 5.97 5.97 5.96 5.95 5.94 5.94 5.93 5.92 5.91 0.00 0.00
9.37 9.29 9.22 9.14 9.06 8.99 8.91 8.82 8.74 8.65 8.57 8.49 8.40 8.32 8.24 8.15 8.07 7.98 7.90 7.82 7.74 7.66 7.58 7.51 7.43 7.36 7.30 7.23 7.16 7.09 7.03 6.97 6.94 6.91 6.91 6.91 6.92 6.92 6.94 6.92 6.89 6.84 6.79 6.74 6.69 6.65 6.60 6.55 6.51 6.47 6.43 6.39 6.36 6.33 6.30 6.27 6.24 6.21 6.18 6.16 6.13 6.11 6.08 6.06 6.04 6.02 6.00 5.99 5.98 5.96 5.95 5.95 5.94 5.93 5.93 5.92 5.91 5.90 0.00 0.00 0.00
9.26 9.19 9.12 9.04 8.97 8.89 8.81 8.73 8.65 8.57 8.49 8.41 8.32 8.24 8.16 8.07 7.99 7.91 7.83 7.75 7.67 7.59 7.51 7.44 7.37 7.30 7.24 7.17 7.10 7.04 6.98 6.92 6.89 6.88 6.90 6.91 6.91 6.91 6.92 6.89 6.86 6.81 6.76 6.71 6.66 6.62 6.57 6.52 6.48 6.44 6.40 6.36 6.33 6.30 6.27 6.24 6.21 6.18 6.16 6.13 6.10 6.08 6.06 6.04 6.02 6.00 5.99 5.97 5.96 5.95 5.94 5.93 5.92 5.92 5.91 5.90 5.89 5.89 0.00 5.88 5.88
9.17 9.09 9.02 8.95 8.87 8.80 8.72 8.64 8.56 8.48 8.40 8.32 8.24 8.16 8.08 8.00 7.92 7.84 7.76 7.68 7.60 7.53 7.45 7.38 7.31 7.25 7.18 7.12 7.05 6.99 6.94 6.89 6.86 6.85 6.87 6.89 6.90 6.90 6.90 6.86 6.82 6.78 6.73 6.68 6.64 6.59 6.54 6.50 6.46 6.41 6.38 6.34 6.31 6.28 6.25 6.22 6.19 6.16 6.14 6.11 6.08 6.06 6.04 6.02 6.01 5.99 5.97 5.96 5.95 5.94 5.93 5.92 5.91 5.90 5.90 5.89 5.88 5.88 5.87 5.87 5.87
9.07 9.00 8.93 8.86 8.78 8.71 8.63 8.56 8.48 8.40 8.32 8.24 8.16 8.08 8.00 7.92 7.85 7.77 7.69 7.62 7.54 7.47 7.39 7.33 7.26 7.19 7.13 7.06 7.00 6.94 6.89 6.85 6.83 6.83 6.85 6.87 6.89 6.89 6.88 6.84 6.79 6.75 6.70 6.65 6.61 6.56 6.52 6.47 6.43 6.39 6.35 6.32 6.29 6.25 6.22 6.20 6.17 6.14 6.12 6.09 6.06 6.04 6.02 6.01 5.99 5.98 5.96 5.95 5.94 5.93 5.92 5.91 5.90 5.89 5.88 5.88 5.87 5.87 5.86 5.86 5.86
8.98 8.91 8.84 8.77 8.69 8.62 8.55 8.47 8.40 8.32 8.24 8.17 8.09 8.01 7.93 7.86 7.78 7.70 7.63 7.55 7.48 7.41 7.34 7.27 7.20 7.14 7.08 7.01 6.95 6.89 6.85 6.81 6.82 6.82 6.83 6.85 6.88 6.87 6.85 6.81 6.77 6.72 6.68 6.63 6.59 6.54 6.50 6.46 6.41 6.37 6.34 6.30 6.27 6.24 6.21 6.18 6.15 6.13 6.10 6.08 6.05 6.03 6.01 6.00 5.98 5.97 5.95 5.94 5.93 5.92 5.91 5.90 5.89 5.88 5.87 5.87 5.86 5.86 5.86 5.86 0.00
8.88 8.82 8.75 8.68 8.61 8.54 8.46 8.39 8.32 8.24 8.17 8.09 8.01 7.94 7.86 7.79 7.71 7.64 7.56 7.49 7.42 7.35 7.29 7.22 7.15 7.09 7.03 6.97 6.91 6.85 6.81 6.78 6.80 6.81 6.82 6.84 6.86 6.85 6.82 6.78 6.74 6.69 6.65 6.61 6.56 6.52 6.48 6.44 6.40 6.36 6.32 6.29 6.25 6.22 6.19 6.17 6.14 6.11 6.09 6.07 6.04 6.02 6.01 5.99 5.97 5.96 5.95 5.93 5.92 5.91 5.90 5.89 5.88 5.87 5.87 5.86 5.86 5.86 0.00 0.00 0.00
8.79 8.73 8.66 8.59 8.53 8.45 8.38 8.31 8.24 8.16 8.09 8.02 7.94 7.87 7.79 7.72 7.65 7.58 7.51 7.44 7.37 7.30 7.23 7.17 7.11 7.04 6.98 6.92 6.86 6.80 6.78 6.76 6.78 6.80 6.82 6.83 6.83 6.82 6.80 6.76 6.72 6.67 6.63 6.59 6.55 6.50 6.46 6.42 6.38 6.35 6.31 6.27 6.24 6.21 6.18 6.15 6.13 6.10 6.08 6.06 6.03 6.02 6.00 5.98 5.97 5.95 5.94 5.93 5.92 5.90 5.89 5.88 5.87 5.87 5.86 5.86 5.85 0.00 0.00 0.00 0.00
8.71 8.64 8.58 8.51 8.44 8.37 8.30 8.23 8.16 8.09 8.02 7.95 7.87 7.80 7.73 7.66 7.59 7.52 7.45 7.38 7.32 7.25 7.18 7.12 7.06 7.00 6.94 6.88 6.83 6.77 6.75 6.74 6.76 6.78 6.81 6.82 6.81 6.80 6.77 6.73 6.69 6.65 6.61 6.57 6.53 6.49 6.45 6.41 6.37 6.33 6.30 6.26 6.23 6.20 6.17 6.14 6.12 6.09 6.07 6.05 6.03 6.01 5.99 5.98 5.96 5.95 5.93 5.92 5.91 5.90 5.89 5.88 5.87 5.86 5.85 5.85 5.85 0.00 0.00 0.00 0.00
8.62 8.56 8.49 8.42 8.36 8.29 8.23 8.16 8.09 8.02 7.95 7.88 7.81 7.73 7.67 7.60 7.53 7.46 7.40 7.33 7.27 7.20 7.14 7.07 7.01 6.95 6.90 6.84 6.79 6.75 6.74 6.73 6.75 6.76 6.79 6.80 6.80 6.78 6.75 6.71 6.67 6.63 6.59 6.55 6.51 6.47 6.43 6.40 6.36 6.32 6.29 6.25 6.22 6.19 6.16 6.14 6.11 6.08 6.06 6.04 6.02 6.00 5.98 5.97 5.96 5.94 5.93 5.91 5.90 5.89 5.88 5.87 5.86 5.86 5.85 5.85 5.85 0.00 0.00 0.00 0.00
8.54 8.47 8.41 8.35 8.28 8.22 8.15 8.08 8.02 7.95 7.88 7.81 7.74 7.67 7.61 7.54 7.48 7.41 7.35 7.28 7.22 7.16 7.09 7.03 6.97 6.91 6.85 6.80 6.76 6.73 6.73 6.74 6.74 6.76 6.78 6.79 6.78 6.75 6.72 6.68 6.65 6.61 6.57 6.53 6.49 6.46 6.42 6.38 6.35 6.32 6.28 6.25 6.22 6.19 6.16 6.13 6.10 6.08 6.05 6.03 6.01 6.00 5.98 5.96 5.95 5.93 5.92 5.91 5.90 5.89 5.88 5.87 5.86 5.86 5.85 5.85 0.00 0.00 0.00 0.00 0.00
8.45 8.39 8.33 8.27 8.21 8.14 8.08 8.01 7.95 7.88 7.81 7.75 7.68 7.62 7.55 7.49 7.42 7.36 7.30 7.23 7.17 7.11 7.05 6.99 6.93 6.87 6.81 6.76 6.73 6.70 6.72 6.74 6.74 6.75 6.77 6.77 6.76 6.73 6.69 6.66 6.63 6.59 6.55 6.52 6.48 6.44 6.41 6.37 6.34 6.31 6.28 6.24 6.21 6.18 6.15 6.12 6.10 6.07 6.05 6.03 6.01 5.99 5.97 5.96 5.94 5.93 5.92 5.91 5.90 5.89 5.88 5.87 0.00 0.00 0.00 0.00 0.00 0.00 0.00 0.00 0.00
8.37 8.32 8.26 8.20 8.14 8.07 8.01 7.95 7.88 7.82 7.75 7.69 7.63 7.56 7.50 7.43 7.37 7.31 7.25 7.19 7.13 7.07 7.00 6.94 6.89 6.83 6.78 6.73 6.71 6.70 6.71 6.72 6.74 6.75 6.76 6.75 6.73 6.70 6.67 6.64 6.61 6.57 6.53 6.50 6.46 6.43 6.40 6.36 6.33 6.30 6.27 6.24 6.20 6.17 6.15 6.12 6.09 6.07 6.05 6.03 6.01 5.99 5.97 5.96 5.94 5.93 5.92 5.91 5.90 5.89 5.88 0.00 0.00 0.00 0.00 0.00 0.00 0.00 0.00 0.00 0.00
8.29 8.24 8.19 8.13 8.07 8.01 7.94 7.88 7.82 7.76 7.69 7.63 7.57 7.51 7.44 7.38 7.32 7.26 7.20 7.14 7.08 7.02 6.96 6.90 6.85 6.79 6.75 6.71 6.70 6.70 6.70 6.71 6.74 6.76 6.76 6.74 6.71 6.68 6.65 6.62 6.58 6.55 6.52 6.48 6.45 6.42 6.38 6.35 6.32 6.29 6.26 6.23 6.20 6.17 6.14 6.12 6.09 6.07 6.04 6.02 6.01 5.99 5.97 5.96 5.94 5.93 5.92 5.91 5.90 5.89 0.00 0.00 0.00 0.00 0.00 0.00 0.00 0.00 0.00 0.00 0.00
8.22 8.17 8.12 8.06 8.00 7.94 7.88 7.82 7.76 7.70 7.64 7.58 7.52 7.46 7.39 7.33 7.27 7.21 7.16 7.10 7.04 6.98 6.92 6.86 6.81 6.76 6.72 6.69 6.69 6.70 6.70 6.71 6.73 6.74 6.74 6.72 6.69 6.66 6.63 6.60 6.57 6.53 6.50 6.47 6.43 6.40 6.37 6.34 6.31 6.28 6.25 6.22 6.20 6.17 6.14 6.12 6.09 6.07 6.04 6.03 6.01 5.99 5.97 5.96 5.95 0.00 0.00 0.00 0.00 0.00 0.00 0.00 0.00 0.00 0.00 0.00 0.00 0.00 0.00 0.00 0.00
8.15 8.10 8.05 7.99 7.94 7.88 7.82 7.76 7.70 7.64 7.58 7.52 7.46 7.40 7.35 7.29 7.23 7.17 7.11 7.05 6.99 6.94 6.88 6.82 6.77 6.72 6.69 6.67 6.68 6.70 6.70 6.71 6.73 6.73 6.72 6.70 6.67 6.64 6.61 6.58 6.55 6.51 6.48 6.45 6.42 6.39 6.36 6.33 6.30 6.27 6.24 6.22 6.19 6.17 6.14 6.12 6.09 6.07 6.05 6.03 6.01 5.99 5.98 0.00 0.00 0.00 0.00 0.00 0.00 0.00 0.00 0.00 0.00 0.00 0.00 0.00 0.00 0.00 0.00 0.00 0.00
8.08 8.03 7.98 7.93 7.87 7.82 7.76 7.70 7.64 7.59 7.53 7.47 7.41 7.36 7.30 7.24 7.18 7.12 7.07 7.01 6.95 6.90 6.84 6.79 6.74 6.70 6.67 6.66 6.67 6.68 6.70 6.72 6.73 6.73 6.71 6.68 6.65 6.62 6.59 6.56 6.53 6.50 6.47 6.44 6.41 6.38 6.35 6.32 6.29 6.26 6.24 6.21 6.19 6.16 6.14 6.11 6.09 6.07 6.05 6.03 6.01 6.00 0.00 0.00 0.00 0.00 0.00 0.00 0.00 0.00 0.00 0.00 0.00 0.00 0.00 0.00 0.00 0.00 0.00 0.00 0.00
8.01 7.96 7.92 7.86 7.81 7.76 7.70 7.64 7.59 7.53 7.48 7.42 7.36 7.31 7.25 7.19 7.14 7.08 7.02 6.97 6.91 6.86 6.80 6.75 6.71 6.68 6.66 6.67 6.67 6.68 6.70 6.72 6.72 6.72 6.69 6.66 6.63 6.60 6.57 6.54 6.51 6.48 6.45 6.42 6.40 6.37 6.34 6.31 6.28 6.26 6.23 6.21 6.18 6.16 6.13 6.11 6.09 6.07 6.05 6.03 0.00 0.00 0.00 0.00 0.00 0.00 0.00 0.00 0.00 0.00 0.00 0.00 0.00 0.00 0.00 0.00 0.00 0.00 0.00 0.00 0.00
7.95 7.90 7.85 7.80 7.75 7.70 7.64 7.59 7.54 7.48 7.43 7.37 7.32 7.26 7.20 7.15 7.09 7.04 6.98 6.93 6.88 6.82 6.77 6.72 6.68 6.67 6.66 6.67 6.67 6.68 6.70 6.72 6.71 6.70 6.67 6.64 6.61 6.58 6.55 6.52 6.49 6.47 6.44 6.41 6.38 6.36 6.33 6.30 6.28 6.25 6.23 6.20 6.18 6.15 6.13 6.11 6.09 6.07 6.05 0.00 0.00 0.00 0.00 0.00 0.00 0.00 0.00 0.00 0.00 0.00 0.00 0.00 0.00 0.00 0.00 0.00 0.00 0.00 0.00 0.00 0.00
7.88 7.84 7.79 7.74 7.69 7.64 7.59 7.54 7.48 7.43 7.38 7.32 7.27 7.21 7.16 7.10 7.05 7.00 6.94 6.89 6.84 6.78 6.73 6.69 6.66 6.66 6.66 6.67 6.68 6.69 6.70 6.71 6.70 6.68 6.65 6.62 6.59 6.56 6.54 6.51 6.48 6.45 6.42 6.40 6.37 6.35 6.32 6.30 6.27 6.24 6.22 6.20 6.17 6.15 6.13 6.11 6.09 0.00 0.00 0.00 0.00 0.00 0.00 0.00 0.00 0.00 0.00 0.00 0.00 0.00 0.00 0.00 0.00 0.00 0.00 0.00 0.00 0.00 0.00 0.00 0.00
7.82 7.78 7.73 7.68 7.64 7.59 7.54 7.49 7.43 7.38 7.33 7.28 7.22 7.17 7.12 7.06 7.01 6.96 6.91 6.85 6.80 6.75 6.70 6.67 6.65 6.65 6.66 6.67 6.68 6.69 6.70 6.70 6.68 6.65 6.63 6.60 6.57 6.54 6.51 6.49 6.46 6.44 6.41 6.39 6.36 6.33 6.31 6.29 6.26 6.24 6.21 6.19 6.17 6.15 6.13 6.11 6.09 0.00 0.00 0.00 0.00 0.00 0.00 0.00 0.00 0.00 0.00 0.00 0.00 0.00 0.00 0.00 0.00 0.00 0.00 0.00 0.00 0.00 0.00 0.00 0.00
