New_Model_Runs/1_Original_run_out/post_prcessed_with_MFR/Monthly_summaries/rainfall_monthly_MAR.asc
NCOLS 700
NROWS 400
XLLCENTER 515000.000000
YLLCENTER 8409000.000000
CELLSIZE 50.000000
NODATA_value -999.000000
[rows 180 to 215 of 400, columns 324 to 404 of 700]
19.84 19.71 19.59 19.50 19.43 19.40 19.37 19.36 19.35 19.35 19.34 19.33 19.31 19.29 19.26 19.23 19.20 19.17 19.13 19.09 19.04 18.99 18.94 18.88 18.82 18.76 18.70 18.64 18.57 18.50 18.42 18.34 18.25 18.16 18.07 17.97 17.88 17.79 17.69 17.59 17.49 17.38 17.25 17.11 16.96 16.79 16.61 16.42 16.21 16.01 15.79 15.56 15.33 15.11 14.88 14.65 14.43 14.20 13.98 13.77 0.00 0.00 0.00 0.00 0.00 0.00 0.00 0.00 0.00 0.00 0.00 0.00 0.00 0.00 0.00 0.00 0.00 0.00 0.00 0.00 0.00
19.71 19.59 19.47 19.40 19.34 19.31 19.29 19.29 19.28 19.28 19.27 19.25 19.24 19.22 19.19 19.17 19.13 19.10 19.06 19.02 18.98 18.93 18.87 18.82 18.76 18.70 18.64 18.57 18.50 18.43 18.35 18.27 18.18 18.10 18.00 17.90 17.81 17.71 17.61 17.51 17.41 17.30 17.18 17.04 16.89 16.73 16.56 16.38 16.18 15.97 15.76 15.54 15.32 15.10 14.87 14.65 14.43 14.21 13.99 13.78 13.57 13.36 13.16 0.00 0.00 0.00 0.00 0.00 0.00 0.00 0.00 0.00 0.00 0.00 0.00 0.00 0.00 0.00 0.00 0.00 0.00
19.60 19.48 19.38 19.31 19.26 19.24 19.23 19.22 19.22 19.21 19.20 19.19 19.17 19.15 19.13 19.10 19.07 19.03 19.00 18.95 18.91 18.86 18.81 18.75 18.69 18.63 18.57 18.51 18.44 18.37 18.29 18.21 18.12 18.03 17.93 17.84 17.74 17.64 17.54 17.44 17.33 17.22 17.10 16.97 16.83 16.68 16.51 16.33 16.14 15.94 15.73 15.52 15.30 15.08 14.86 14.64 14.43 14.21 14.00 13.79 13.58 13.37 13.18 12.98 12.80 0.00 0.00 0.00 0.00 0.00 0.00 0.00 0.00 0.00 0.00 0.00 0.00 0.00 0.00 0.00 0.00
19.51 19.40 19.30 19.24 19.19 19.18 19.17 19.16 19.16 19.15 19.14 19.13 19.11 19.09 19.06 19.04 19.00 18.97 18.93 18.89 18.85 18.80 18.74 18.69 18.63 18.57 18.51 18.44 18.37 18.30 18.22 18.14 18.06 17.97 17.87 17.77 17.67 17.57 17.47 17.37 17.26 17.15 17.03 16.91 16.77 16.62 16.45 16.28 16.09 15.90 15.70 15.49 15.28 15.06 14.85 14.63 14.42 14.21 14.00 13.79 13.58 13.38 13.18 12.99 12.81 12.63 0.00 0.00 0.00 0.00 0.00 0.00 0.00 0.00 0.00 0.00 0.00 0.00 0.00 0.00 0.00
19.43 19.32 19.22 19.17 19.13 19.12 19.11 19.11 19.10 19.09 19.08 19.06 19.05 19.03 19.00 18.97 18.94 18.91 18.87 18.83 18.78 18.73 18.68 18.62 18.57 18.51 18.44 18.38 18.31 18.24 18.16 18.08 17.99 17.90 17.81 17.71 17.60 17.50 17.40 17.30 17.19 17.08 16.97 16.84 16.70 16.56 16.40 16.23 16.05 15.86 15.66 15.46 15.25 15.04 14.83 14.62 14.41 14.20 13.99 13.79 13.58 13.38 13.19 12.99 12.81 12.64 12.47 12.30 0.00 0.00 0.00 0.00 0.00 0.00 0.00 0.00 0.00 0.00 0.00 0.00 0.00
19.36 19.25 19.16 19.11 19.07 19.06 19.06 19.05 19.04 19.03 19.02 19.00 18.99 18.97 18.94 18.91 18.88 18.84 18.81 18.76 18.72 18.67 18.61 18.56 18.50 18.44 18.38 18.31 18.24 18.17 18.09 18.01 17.92 17.83 17.74 17.64 17.54 17.43 17.33 17.23 17.12 17.01 16.90 16.77 16.64 16.50 16.34 16.18 16.00 15.82 15.62 15.43 15.22 15.01 14.81 14.60 14.40 14.19 13.98 13.78 13.58 13.38 13.18 13.00 12.81 12.64 12.47 12.30 12.15 12.00 0.00 0.00 0.00 0.00 0.00 0.00 0.00 0.00 0.00 0.00 0.00
19.29 19.19 19.10 19.06 19.02 19.01 19.00 19.00 18.99 18.98 18.96 18.95 18.93 18.91 18.88 18.85 18.82 18.78 18.74 18.70 18.65 18.60 18.55 18.49 18.44 18.38 18.31 18.25 18.18 18.10 18.03 17.94 17.86 17.77 17.67 17.57 17.47 17.37 17.26 17.16 17.05 16.94 16.83 16.71 16.58 16.44 16.28 16.13 15.95 15.78 15.58 15.39 15.19 14.99 14.78 14.58 14.38 14.17 13.97 13.77 13.57 13.37 13.18 13.00 12.81 12.63 12.47 12.30 12.15 12.00 11.86 11.73 0.00 0.00 0.00 0.00 0.00 0.00 0.00 0.00 0.00
19.24 19.14 19.05 19.01 18.97 18.96 18.95 18.94 18.93 18.92 18.91 18.89 18.87 18.84 18.82 18.79 18.75 18.72 18.68 18.63 18.58 18.53 18.48 18.43 18.37 18.31 18.24 18.18 18.11 18.04 17.96 17.88 17.79 17.70 17.60 17.50 17.40 17.30 17.19 17.09 16.99 16.88 16.76 16.64 16.51 16.37 16.22 16.07 15.90 15.73 15.54 15.35 15.15 14.95 14.75 14.55 14.35 14.15 13.95 13.75 13.55 13.36 13.17 12.99 12.81 12.63 12.46 12.30 12.15 12.00 11.86 11.72 11.60 0.00 0.00 0.00 0.00 0.00 0.00 0.00 0.00
19.19 19.09 19.00 18.96 18.92 18.91 18.90 18.89 18.88 18.87 18.85 18.83 18.81 18.78 18.76 18.73 18.69 18.65 18.61 18.57 18.52 18.47 18.42 18.36 18.30 18.24 18.18 18.11 18.04 17.97 17.89 17.81 17.72 17.63 17.53 17.43 17.33 17.23 17.12 17.02 16.92 16.81 16.69 16.57 16.45 16.31 16.16 16.01 15.84 15.67 15.49 15.31 15.12 14.92 14.72 14.52 14.33 14.13 13.93 13.73 13.54 13.35 13.16 12.98 12.80 12.62 12.46 12.29 12.14 12.00 11.85 11.72 11.59 0.00 0.00 0.00 0.00 0.00 0.00 0.00 0.00
19.14 19.04 18.96 18.91 18.87 18.86 18.84 18.83 18.82 18.81 18.79 18.77 18.75 18.72 18.69 18.66 18.63 18.59 18.54 18.50 18.45 18.40 18.34 18.29 18.23 18.17 18.10 18.04 17.97 17.89 17.81 17.73 17.65 17.56 17.46 17.36 17.26 17.15 17.05 16.95 16.85 16.74 16.63 16.51 16.38 16.24 16.10 15.95 15.78 15.62 15.44 15.26 15.07 14.88 14.68 14.49 14.29 14.09 13.90 13.70 13.51 13.32 13.14 12.96 12.78 12.61 12.44 12.28 12.13 11.99 11.85 11.71 0.00 0.00 0.00 0.00 0.00 0.00 0.00 0.00 0.00
19.10 19.00 18.91 18.86 18.82 18.80 18.79 18.78 18.77 18.75 18.73 18.71 18.69 18.66 18.63 18.60 18.56 18.52 18.48 18.43 18.38 18.33 18.27 18.21 18.16 18.09 18.03 17.96 17.89 17.82 17.74 17.66 17.57 17.48 17.38 17.28 17.18 17.08 16.98 16.88 16.77 16.67 16.55 16.44 16.31 16.18 16.03 15.88 15.72 15.56 15.38 15.21 15.02 14.83 14.64 14.45 14.25 14.06 13.86 13.67 13.49 13.30 13.12 12.94 12.76 12.59 12.43 12.27 12.12 11.98 11.84 11.71 0.00 0.00 0.00 0.00 0.00 0.00 0.00 0.00 0.00
19.06 18.96 18.87 18.82 18.77 18.75 18.73 18.72 18.71 18.69 18.67 18.65 18.62 18.59 18.56 18.53 18.49 18.45 18.41 18.35 18.31 18.25 18.20 18.14 18.08 18.02 17.95 17.89 17.81 17.74 17.66 17.58 17.49 17.40 17.30 17.21 17.10 17.00 16.90 16.80 16.70 16.59 16.48 16.36 16.24 16.11 15.96 15.82 15.66 15.49 15.32 15.15 14.97 14.78 14.59 14.40 14.21 14.02 13.83 13.64 13.45 13.27 13.09 12.91 12.74 12.57 12.41 12.25 12.10 11.96 11.82 11.69 0.00 0.00 0.00 0.00 0.00 0.00 0.00 0.00 0.00
19.02 18.92 18.83 18.77 18.72 18.69 18.67 18.66 18.65 18.63 18.61 18.58 18.56 18.53 18.49 18.46 18.42 18.38 18.33 18.28 18.23 18.18 18.12 18.06 18.00 17.94 17.88 17.81 17.73 17.66 17.58 17.50 17.41 17.32 17.22 17.12 17.02 16.92 16.82 16.72 16.62 16.52 16.41 16.29 16.16 16.03 15.89 15.74 15.59 15.43 15.26 15.09 14.91 14.73 14.54 14.35 14.16 13.97 13.78 13.60 13.42 13.23 13.06 12.88 12.72 12.55 12.39 12.23 12.09 11.94 11.81 0.00 0.00 0.00 0.00 0.00 0.00 0.00 0.00 0.00 0.00
18.99 18.88 18.79 18.73 18.67 18.64 18.61 18.60 18.58 18.56 18.54 18.51 18.49 18.46 18.42 18.38 18.34 18.30 18.26 18.20 18.15 18.10 18.04 17.98 17.92 17.86 17.79 17.72 17.65 17.58 17.50 17.41 17.32 17.23 17.14 17.04 16.94 16.84 16.74 16.64 16.54 16.44 16.33 16.21 16.09 15.96 15.81 15.67 15.52 15.36 15.19 15.02 14.85 14.67 14.48 14.30 14.11 13.92 13.74 13.56 13.38 13.20 13.02 12.85 12.69 12.52 12.36 12.21 12.06 11.92 0.00 0.00 0.00 0.00 0.00 0.00 0.00 0.00 0.00 0.00 0.00
18.95 18.85 18.75 18.68 18.62 18.58 18.55 18.53 18.51 18.49 18.47 18.44 18.41 18.38 18.34 18.31 18.26 18.22 18.17 18.12 18.07 18.02 17.96 17.90 17.84 17.78 17.71 17.64 17.56 17.49 17.41 17.32 17.24 17.15 17.05 16.95 16.86 16.76 16.66 16.56 16.46 16.36 16.25 16.13 16.01 15.88 15.74 15.59 15.44 15.29 15.12 14.95 14.78 14.60 14.42 14.24 14.05 13.87 13.69 13.51 13.33 13.16 12.99 12.82 12.65 12.49 12.33 12.18 12.04 11.90 0.00 0.00 0.00 0.00 0.00 0.00 0.00 0.00 0.00 0.00 0.00
18.92 18.81 18.71 18.64 18.57 18.52 18.49 18.46 18.44 18.41 18.39 18.36 18.33 18.30 18.26 18.22 18.18 18.14 18.09 18.04 17.99 17.93 17.88 17.82 17.75 17.69 17.62 17.55 17.47 17.40 17.32 17.23 17.15 17.05 16.96 16.87 16.77 16.67 16.58 16.48 16.38 16.27 16.16 16.05 15.92 15.79 15.65 15.51 15.36 15.21 15.05 14.88 14.71 14.54 14.36 14.18 14.00 13.82 13.64 13.46 13.28 13.11 12.94 12.77 12.61 12.45 12.30 12.15 12.01 0.00 0.00 0.00 0.00 0.00 0.00 0.00 0.00 0.00 0.00 0.00 0.00
18.88 18.77 18.67 18.59 18.52 18.46 18.42 18.39 18.36 18.33 18.31 18.28 18.25 18.21 18.18 18.14 18.09 18.05 18.00 17.95 17.90 17.84 17.78 17.72 17.66 17.59 17.52 17.45 17.38 17.30 17.22 17.14 17.05 16.96 16.87 16.77 16.68 16.59 16.49 16.39 16.30 16.19 16.08 15.96 15.84 15.71 15.57 15.43 15.28 15.13 14.97 14.81 14.64 14.46 14.29 14.11 13.93 13.76 13.58 0.00 0.00 0.00 12.90 12.73 12.57 12.42 12.27 12.12 11.98 0.00 0.00 0.00 0.00 0.00 0.00 0.00 0.00 0.00 0.00 0.00 0.00
18.85 18.73 18.62 18.54 18.46 18.40 18.35 18.31 18.28 18.25 18.22 18.19 18.16 18.12 18.09 18.05 18.00 17.95 17.91 17.86 17.80 17.75 17.69 17.63 17.56 17.50 17.43 17.36 17.28 17.21 17.12 17.04 16.95 16.86 16.77 16.68 16.59 16.50 16.40 16.31 16.21 16.10 15.99 15.87 15.75 15.62 15.48 15.34 15.19 15.04 14.88 14.73 14.56 14.39 14.22 14.04 13.87 13.69 0.00 0.00 0.00 0.00 0.00 0.00 12.53 12.38 12.23 0.00 0.00 0.00 0.00 0.00 0.00 0.00 0.00 0.00 0.00 0.00 0.00 0.00 0.00
18.81 18.69 18.58 18.49 18.40 18.34 18.28 18.24 18.20 18.16 18.12 18.09 18.06 18.03 17.99 17.95 17.90 17.85 17.81 17.75 17.70 17.65 17.59 17.52 17.46 17.39 17.33 17.25 17.18 17.10 17.02 16.93 16.85 16.76 16.67 16.58 16.49 16.40 16.31 16.21 16.12 16.01 15.90 15.78 15.65 15.52 15.39 15.25 15.10 14.96 14.80 14.64 14.48 14.31 14.14 13.97 13.80 0.00 0.00 0.00 0.00 0.00 0.00 0.00 0.00 12.33 0.00 0.00 0.00 0.00 0.00 0.00 0.00 0.00 0.00 0.00 0.00 0.00 0.00 0.00 0.00
18.77 18.65 18.54 18.44 18.35 18.28 18.21 18.16 18.11 18.07 18.03 17.99 17.96 17.92 17.89 17.84 17.80 17.75 17.70 17.65 17.60 17.54 17.48 17.42 17.36 17.29 17.22 17.15 17.07 16.99 16.91 16.83 16.74 16.66 16.57 16.49 16.40 16.31 16.22 16.12 16.02 15.92 15.80 15.68 15.56 15.43 15.29 15.16 15.01 14.87 14.71 14.56 14.40 14.23 14.07 13.90 13.73 0.00 0.00 0.00 0.00 0.00 0.00 0.00 0.00 0.00 0.00 0.00 0.00 0.00 0.00 0.00 0.00 0.00 0.00 0.00 0.00 0.00 0.00 0.00 0.00
18.72 18.60 18.49 18.39 18.29 18.21 18.14 18.08 18.03 17.98 17.93 17.89 17.85 17.82 17.78 17.73 17.69 17.64 17.59 17.54 17.49 17.43 17.37 17.31 17.24 17.18 17.11 17.03 16.96 16.88 16.80 16.72 16.64 16.55 16.47 16.38 16.30 16.21 16.12 16.02 15.92 15.81 15.70 15.58 15.46 15.33 15.19 15.06 14.92 14.77 14.62 14.47 14.31 14.14 13.98 13.81 13.65 0.00 0.00 0.00 0.00 0.00 0.00 0.00 0.00 0.00 0.00 0.00 0.00 0.00 0.00 0.00 0.00 0.00 0.00 0.00 0.00 0.00 0.00 0.00 0.00
18.66 18.55 18.44 18.33 18.24 18.15 18.07 18.00 17.94 17.89 17.84 17.79 17.75 17.71 17.66 17.62 17.57 17.53 17.48 17.43 17.37 17.32 17.26 17.19 17.13 17.06 16.99 16.92 16.85 16.77 16.69 16.61 16.53 16.45 16.36 16.28 16.19 16.11 16.02 15.92 15.82 15.71 15.60 15.48 15.36 15.23 15.09 14.96 14.82 14.67 14.52 0.00 0.00 0.00 0.00 13.73 0.00 0.00 0.00 0.00 0.00 0.00 0.00 0.00 0.00 0.00 0.00 0.00 0.00 0.00 0.00 0.00 0.00 0.00 0.00 0.00 0.00 0.00 0.00 0.00 0.00
18.60 18.49 18.38 18.28 18.18 18.09 18.00 17.93 17.86 17.80 17.74 17.69 17.64 17.60 17.55 17.51 17.46 17.41 17.36 17.31 17.25 17.20 17.14 17.07 17.01 16.94 16.87 16.80 16.73 16.66 16.58 16.50 16.42 16.34 16.26 16.17 16.09 16.00 15.91 15.81 15.71 15.60 15.49 15.37 15.25 15.12 14.99 14.85 0.00 0.00 0.00 0.00 0.00 0.00 0.00 0.00 0.00 0.00 0.00 0.00 0.00 0.00 0.00 0.00 0.00 0.00 0.00 0.00 0.00 0.00 0.00 0.00 0.00 0.00 0.00 0.00 0.00 0.00 0.00 0.00 0.00
18.53 18.42 18.31 18.21 18.11 18.02 17.93 17.85 17.78 17.71 17.65 17.59 17.54 17.49 17.44 17.39 17.34 17.29 17.24 17.19 17.13 17.07 17.01 16.95 16.89 16.82 16.75 16.69 16.61 16.54 16.46 16.39 16.31 16.23 16.15 16.06 15.98 15.89 15.80 15.70 15.60 15.49 15.38 15.26 15.14 15.01 0.00 0.00 0.00 0.00 0.00 0.00 0.00 0.00 0.00 0.00 0.00 0.00 0.00 0.00 0.00 0.00 0.00 0.00 0.00 0.00 0.00 0.00 0.00 0.00 0.00 0.00 0.00 0.00 0.00 0.00 0.00 0.00 0.00 0.00 0.00
18.46 18.35 18.24 18.14 18.04 17.95 17.86 17.78 17.70 17.63 17.56 17.50 17.44 17.38 17.33 17.27 17.22 17.17 17.12 17.06 17.01 16.95 16.89 16.83 16.77 16.70 16.63 16.57 16.49 16.42 16.35 16.27 16.19 16.12 16.03 15.95 15.87 15.77 15.68 15.58 15.48 15.37 15.26 15.14 15.02 14.90 0.00 0.00 0.00 0.00 0.00 0.00 0.00 0.00 0.00 0.00 0.00 0.00 0.00 0.00 0.00 0.00 0.00 0.00 0.00 0.00 0.00 0.00 0.00 0.00 0.00 0.00 0.00 0.00 0.00 0.00 0.00 0.00 0.00 0.00 0.00
18.37 18.27 18.16 18.06 17.96 17.87 17.78 17.70 17.62 17.54 17.47 17.40 17.34 17.28 17.22 17.16 17.11 17.05 17.00 16.94 16.89 16.83 16.77 16.70 16.64 16.58 16.51 16.44 16.37 16.30 16.23 16.15 16.08 16.00 15.92 15.83 15.75 15.66 15.56 15.46 15.36 15.25 15.14 15.03 14.90 14.78 0.00 0.00 0.00 0.00 0.00 0.00 0.00 0.00 0.00 0.00 0.00 0.00 0.00 0.00 0.00 0.00 0.00 0.00 0.00 0.00 0.00 0.00 0.00 0.00 0.00 0.00 0.00 0.00 0.00 0.00 0.00 0.00 0.00 0.00 0.00
18.27 18.17 18.07 17.97 17.88 17.79 17.70 17.61 17.53 17.45 17.38 17.31 17.24 17.17 17.11 17.05 16.99 16.93 16.88 16.82 16.76 16.70 16.64 16.58 16.52 16.46 16.39 16.32 16.25 16.18 16.11 16.04 15.96 15.88 15.80 15.71 15.63 15.53 15.44 15.34 15.23 15.13 15.02 14.90 14.78 14.66 0.00 0.00 0.00 0.00 0.00 0.00 0.00 0.00 0.00 0.00 0.00 0.00 0.00 0.00 0.00 0.00 0.00 0.00 0.00 0.00 0.00 0.00 0.00 0.00 0.00 0.00 0.00 0.00 0.00 0.00 0.00 0.00 0.00 0.00 0.00
18.16 18.06 17.96 17.87 17.78 17.69 17.60 17.52 17.44 17.35 17.28 17.21 17.14 17.07 17.00 16.94 16.88 16.82 16.76 16.70 16.64 16.58 16.52 16.46 16.40 16.33 16.27 16.20 16.13 16.06 15.99 15.91 15.84 15.76 15.68 15.59 15.50 15.41 15.31 15.21 15.11 15.00 14.89 14.78 14.66 0.00 0.00 0.00 0.00 0.00 0.00 0.00 0.00 0.00 0.00 0.00 0.00 0.00 0.00 0.00 0.00 0.00 0.00 0.00 0.00 0.00 0.00 0.00 0.00 0.00 0.00 0.00 0.00 0.00 0.00 0.00 0.00 0.00 0.00 0.00 0.00
18.03 17.94 17.85 17.76 17.67 17.59 17.50 17.42 17.34 17.26 17.18 17.10 17.03 16.96 16.89 16.83 16.76 16.70 16.64 16.58 16.52 16.46 16.40 16.33 16.27 16.21 16.14 16.08 16.01 15.94 15.86 15.79 15.71 15.63 15.55 15.46 15.37 15.28 15.18 15.08 14.98 14.87 14.76 14.65 14.53 0.00 0.00 0.00 0.00 0.00 0.00 0.00 0.00 0.00 0.00 0.00 0.00 0.00 0.00 0.00 0.00 0.00 0.00 0.00 0.00 0.00 0.00 0.00 0.00 0.00 0.00 0.00 0.00 0.00 0.00 0.00 0.00 0.00 0.00 0.00 0.00
17.89 17.81 17.72 17.63 17.55 17.47 17.38 17.30 17.22 17.14 17.06 16.99 16.91 16.84 16.77 16.71 16.64 16.58 16.52 16.46 16.39 16.33 16.27 16.20 16.14 16.08 16.01 15.95 15.88 15.81 15.73 15.66 15.58 15.50 15.41 15.33 15.24 15.14 15.05 14.95 14.84 14.74 14.63 14.52 14.40 0.00 0.00 0.00 0.00 0.00 0.00 0.00 0.00 0.00 0.00 0.00 0.00 0.00 0.00 0.00 0.00 0.00 0.00 0.00 0.00 0.00 0.00 0.00 0.00 0.00 0.00 0.00 0.00 0.00 0.00 0.00 0.00 0.00 0.00 0.00 0.00
17.75 17.67 17.58 17.50 17.42 17.34 17.26 17.18 17.10 17.02 16.94 16.87 16.80 16.72 16.65 16.59 16.52 16.46 16.39 16.33 16.26 16.20 16.14 16.07 16.01 15.95 15.88 15.81 15.74 15.67 15.60 15.52 15.44 15.36 15.28 15.19 15.10 15.01 14.91 14.81 14.71 14.60 14.50 0.00 0.00 0.00 0.00 0.00 0.00 0.00 0.00 0.00 0.00 0.00 0.00 0.00 0.00 0.00 0.00 0.00 0.00 0.00 0.00 0.00 0.00 0.00 0.00 0.00 0.00 0.00 0.00 0.00 0.00 0.00 0.00 0.00 0.00 0.00 0.00 0.00 0.00
17.58 17.50 17.42 17.35 17.27 17.19 17.11 17.03 16.95 16.88 16.80 16.73 16.66 16.58 16.52 16.45 16.38 16.32 16.25 16.19 16.13 16.06 16.00 15.93 15.87 15.81 15.74 15.67 15.60 15.53 15.45 15.37 15.29 15.21 15.13 15.04 14.95 14.86 14.77 14.67 14.57 0.00 0.00 0.00 0.00 0.00 0.00 0.00 0.00 0.00 0.00 0.00 0.00 0.00 0.00 0.00 0.00 0.00 0.00 0.00 0.00 0.00 0.00 0.00 0.00 0.00 0.00 0.00 0.00 0.00 0.00 0.00 0.00 0.00 0.00 0.00 0.00 0.00 0.00 0.00 0.00
17.41 17.34 17.26 17.19 17.11 17.03 16.96 16.88 16.81 16.73 16.66 16.59 16.52 16.45 16.38 16.31 16.24 16.18 16.12 16.05 15.99 15.92 15.85 15.79 15.73 15.66 15.59 15.52 15.45 15.38 15.30 15.23 15.15 15.07 14.98 14.90 14.81 0.00 0.00 0.00 0.00 0.00 0.00 0.00 0.00 0.00 0.00 0.00 0.00 0.00 0.00 0.00 0.00 0.00 0.00 0.00 0.00 0.00 0.00 0.00 0.00 0.00 0.00 0.00 0.00 0.00 0.00 0.00 0.00 0.00 0.00 0.00 0.00 0.00 0.00 0.00 0.00 0.00 0.00 0.00 0.00
17.23 17.16 17.08 17.01 16.94 16.86 16.79 16.71 16.64 16.57 16.50 16.43 16.36 16.29 16.22 16.15 16.09 16.02 15.96 15.90 15.83 15.77 15.70 15.64 15.57 15.51 15.44 15.37 15.30 15.22 15.15 15.07 14.99 14.91 14.83 14.74 0.00 0.00 0.00 0.00 0.00 0.00 0.00 0.00 0.00 0.00 0.00 0.00 0.00 0.00 0.00 0.00 0.00 0.00 0.00 0.00 0.00 0.00 0.00 0.00 0.00 0.00 0.00 0.00 0.00 0.00 0.00 0.00 0.00 0.00 0.00 0.00 0.00 0.00 0.00 0.00 0.00 0.00 0.00 0.00 0.00
17.04 16.97 16.90 16.83 16.75 16.68 16.61 16.54 16.47 16.40 16.33 16.26 16.19 16.13 16.06 15.99 15.93 15.87 15.80 15.74 15.67 15.61 15.54 15.48 15.41 15.35 15.28 15.21 15.14 15.06 14.99 14.91 14.83 14.75 14.67 0.00 0.00 0.00 0.00 0.00 0.00 0.00 0.00 0.00 0.00 0.00 0.00 0.00 0.00 0.00 0.00 0.00 0.00 0.00 0.00 0.00 0.00 0.00 0.00 0.00 0.00 0.00 0.00 0.00 0.00 0.00 0.00 0.00 0.00 0.00 0.00 0.00 0.00 0.00 0.00 0.00 0.00 0.00 0.00 0.00 0.00
16.84 16.77 16.70 16.63 16.56 16.49 16.42 16.35 16.29 16.22 16.15 16.09 16.02 15.95 15.89 15.83 15.76 15.70 15.64 15.57 15.51 15.44 15.38 15.31 15.25 15.18 15.11 15.05 14.97 14.90 14.82 14.75 14.67 14.59 0.00 0.00 0.00 0.00 0.00 0.00 0.00 0.00 0.00 0.00 0.00 0.00 0.00 0.00 0.00 0.00 0.00 0.00 0.00 0.00 0.00 0.00 0.00 0.00 0.00 0.00 0.00 0.00 0.00 0.00 0.00 0.00 0.00 0.00 0.00 0.00 0.00 0.00 0.00 0.00 0.00 0.00 0.00 0.00 0.00 0.00 0.00
