New_Model_Runs/1_Original_run_out/post_prcessed_with_MFR/Monthly_summaries/rainfall_monthly_MAY.asc
NCOLS 700
NROWS 400
XLLCENTER 515000.000000
YLLCENTER 8409000.000000
CELLSIZE 50.000000
NODATA_value -999.000000
[rows 216 to 251 of 400, columns 243 to 323 of 700]
17.21 17.18 17.15 17.11 17.08 17.04 17.01 16.98 16.95 16.91 16.88 16.84 16.80 16.76 16.72 16.68 16.64 16.60 16.56 16.52 16.48 16.44 16.40 16.36 16.33 16.29 16.26 16.23 16.20 16.17 16.14 16.11 16.09 16.06 16.04 16.02 16.00 15.99 15.98 15.97 15.95 15.94 15.93 15.93 15.92 15.91 15.91 15.90 15.90 15.89 15.89 15.88 15.88 15.88 15.87 15.87 15.86 15.85 15.84 15.83 15.82 15.81 15.79 15.77 15.75 15.73 15.71 15.69 15.66 15.64 15.61 15.58 15.55 15.52 15.49 15.46 15.43 15.39 15.36 15.32 15.29
17.23 17.20 17.16 17.12 17.09 17.05 17.02 16.98 16.94 16.91 16.87 16.82 16.78 16.74 16.69 16.65 16.61 16.56 16.51 16.47 16.43 16.38 16.34 16.30 16.26 16.23 16.19 16.15 16.12 16.08 16.05 16.02 15.99 15.96 15.94 15.91 15.89 15.88 15.86 15.85 15.83 15.82 15.81 15.80 15.79 15.78 15.77 15.76 15.76 15.75 15.74 15.74 15.73 15.73 15.72 15.71 15.70 15.69 15.68 15.67 15.66 15.64 15.62 15.60 15.57 15.55 15.53 15.50 15.48 15.45 15.42 15.39 15.36 15.33 15.29 15.26 15.22 15.19 15.15 15.12 15.08
17.25 17.21 17.17 17.13 17.09 17.05 17.01 16.97 16.93 16.89 16.85 16.80 16.75 16.71 16.66 16.61 16.56 16.51 16.46 16.42 16.37 16.32 16.28 16.23 16.19 16.15 16.11 16.07 16.03 15.99 15.96 15.92 15.89 15.86 15.83 15.80 15.78 15.76 15.74 15.72 15.71 15.69 15.68 15.66 15.65 15.64 15.63 15.62 15.61 15.60 15.59 15.59 15.58 15.57 15.56 15.55 15.54 15.53 15.51 15.50 15.48 15.46 15.44 15.42 15.39 15.37 15.34 15.32 15.29 15.26 15.23 15.19 15.16 15.13 15.09 15.06 15.02 14.98 14.95 14.91 14.87
17.26 17.22 17.18 17.13 17.09 17.05 17.01 16.96 16.92 16.87 16.83 16.78 16.73 16.67 16.62 16.57 16.52 16.46 16.41 16.36 16.31 16.26 16.21 16.16 16.12 16.07 16.02 15.98 15.94 15.90 15.86 15.82 15.79 15.75 15.72 15.69 15.66 15.64 15.61 15.59 15.58 15.56 15.54 15.53 15.51 15.49 15.48 15.47 15.46 15.45 15.44 15.43 15.42 15.41 15.39 15.38 15.37 15.36 15.34 15.33 15.31 15.28 15.26 15.23 15.21 15.18 15.16 15.13 15.10 15.06 15.03 14.99 14.96 14.93 14.89 14.85 14.81 14.78 14.74 14.70 14.67
17.26 17.22 17.18 17.13 17.09 17.04 16.99 16.95 16.90 16.85 16.80 16.74 16.69 16.63 16.58 16.52 16.46 16.41 16.35 16.30 16.24 16.19 16.13 16.08 16.03 15.98 15.93 15.89 15.84 15.80 15.75 15.71 15.67 15.64 15.60 15.57 15.54 15.51 15.49 15.46 15.44 15.42 15.40 15.38 15.36 15.35 15.33 15.32 15.31 15.29 15.28 15.27 15.25 15.24 15.22 15.21 15.19 15.18 15.16 15.14 15.12 15.10 15.07 15.05 15.02 14.99 14.96 14.93 14.90 14.87 14.83 14.80 14.76 14.72 14.69 14.65 14.61 14.57 14.53 14.50 14.46
17.27 17.22 17.17 17.13 17.08 17.03 16.98 16.93 16.87 16.82 16.77 16.71 16.65 16.59 16.53 16.47 16.41 16.35 16.29 16.23 16.17 16.11 16.06 16.00 15.95 15.90 15.84 15.79 15.74 15.70 15.65 15.60 15.56 15.52 15.48 15.45 15.41 15.39 15.36 15.33 15.30 15.28 15.26 15.24 15.22 15.20 15.19 15.17 15.15 15.13 15.12 15.10 15.08 15.07 15.05 15.03 15.01 15.00 14.98 14.96 14.94 14.91 14.89 14.86 14.83 14.80 14.77 14.74 14.71 14.67 14.64 14.60 14.56 14.52 14.49 14.45 14.41 14.37 14.33 14.29 14.25
17.26 17.21 17.16 17.11 17.06 17.00 16.95 16.90 16.84 16.78 16.72 16.66 16.60 16.54 16.47 16.41 16.35 16.28 16.22 16.16 16.09 16.03 15.97 15.92 15.86 15.80 15.75 15.69 15.64 15.59 15.54 15.49 15.44 15.40 15.36 15.32 15.29 15.25 15.22 15.19 15.16 15.14 15.11 15.09 15.07 15.05 15.03 15.01 14.99 14.97 14.95 14.93 14.91 14.89 14.87 14.85 14.84 14.81 14.79 14.77 14.75 14.73 14.70 14.67 14.64 14.61 14.57 14.54 14.51 14.48 14.44 14.40 14.36 14.33 14.29 14.25 14.21 14.17 14.13 14.09 14.06
17.25 17.20 17.14 17.09 17.04 16.98 16.93 16.87 16.81 16.74 16.68 16.61 16.55 16.48 16.41 16.34 16.28 16.21 16.15 16.08 16.01 15.95 15.89 15.83 15.77 15.71 15.65 15.59 15.53 15.48 15.43 15.37 15.32 15.28 15.23 15.19 15.15 15.12 15.08 15.05 15.02 14.99 14.96 14.94 14.92 14.89 14.87 14.85 14.83 14.81 14.79 14.76 14.74 14.72 14.70 14.68 14.66 14.63 14.61 14.59 14.56 14.54 14.51 14.48 14.45 14.41 14.38 14.34 14.31 14.28 14.24 14.20 14.17 14.13 14.09 14.05 14.01 13.97 13.93 13.89 13.85
17.24 17.18 17.12 17.07 17.01 16.95 16.89 16.83 16.76 16.69 16.63 16.56 16.49 16.42 16.34 16.27 16.20 16.14 16.07 16.00 15.93 15.86 15.80 15.73 15.67 15.61 15.55 15.48 15.42 15.36 15.31 15.25 15.20 15.15 15.11 15.06 15.02 14.98 14.94 14.91 14.88 14.84 14.81 14.79 14.76 14.73 14.71 14.69 14.66 14.64 14.62 14.60 14.57 14.55 14.52 14.50 14.48 14.45 14.43 14.40 14.38 14.35 14.32 14.29 14.25 14.22 14.18 14.15 14.11 14.08 14.04 14.01 13.97 13.93 13.89 13.86 13.82 13.78 13.74 13.69 13.65
17.22 17.16 17.10 17.04 16.98 16.91 16.85 16.78 16.71 16.64 16.57 16.49 16.42 16.35 16.27 16.20 16.13 16.06 15.98 15.91 15.84 15.77 15.71 15.64 15.57 15.51 15.44 15.38 15.31 15.25 15.19 15.13 15.08 15.03 14.98 14.93 14.88 14.84 14.80 14.77 14.73 14.70 14.66 14.64 14.61 14.58 14.55 14.52 14.50 14.47 14.45 14.43 14.40 14.37 14.35 14.32 14.30 14.27 14.24 14.22 14.19 14.16 14.13 14.09 14.06 14.02 13.99 13.95 13.92 13.88 13.85 13.81 13.77 13.74 13.70 13.66 13.62 13.58 13.54 13.50 13.46
17.19 17.13 17.07 17.00 16.94 16.87 16.80 16.73 16.66 16.58 16.51 16.43 16.35 16.27 16.20 16.12 16.05 15.97 15.90 15.82 15.75 15.68 15.61 15.54 15.47 15.40 15.33 15.26 15.20 15.13 15.07 15.01 14.96 14.90 14.85 14.80 14.75 14.70 14.66 14.62 14.58 14.55 14.51 14.48 14.45 14.42 14.39 14.36 14.34 14.31 14.28 14.26 14.23 14.21 14.18 14.15 14.12 14.09 14.06 14.03 14.00 13.97 13.94 13.90 13.86 13.83 13.79 13.76 13.72 13.68 13.65 13.61 13.58 13.54 13.50 13.46 13.43 13.39 13.34 13.30 13.26
17.16 17.10 17.03 16.96 16.89 16.82 16.75 16.68 16.60 16.52 16.44 16.36 16.28 16.20 16.12 16.04 15.96 15.88 15.81 15.73 15.65 15.58 15.51 15.44 15.36 15.29 15.22 15.15 15.08 15.01 14.95 14.89 14.83 14.77 14.71 14.66 14.61 14.56 14.52 14.48 14.43 14.40 14.36 14.33 14.30 14.26 14.23 14.20 14.17 14.15 14.12 14.09 14.07 14.04 14.00 13.97 13.94 13.91 13.88 13.84 13.81 13.78 13.74 13.71 13.67 13.63 13.60 13.56 13.52 13.49 13.45 13.41 13.38 13.34 13.30 13.27 13.23 13.19 13.15 13.11 13.07
17.12 17.06 16.99 16.92 16.85 16.77 16.69 16.62 16.54 16.45 16.37 16.28 16.20 16.11 16.03 15.95 15.87 15.79 15.71 15.63 15.55 15.48 15.40 15.33 15.25 15.18 15.10 15.03 14.96 14.89 14.83 14.76 14.70 14.64 14.58 14.52 14.47 14.42 14.37 14.33 14.29 14.25 14.21 14.18 14.14 14.11 14.08 14.04 14.01 13.98 13.95 13.93 13.90 13.86 13.83 13.79 13.76 13.73 13.69 13.66 13.63 13.59 13.55 13.52 13.48 13.44 13.40 13.36 13.33 13.29 13.25 13.21 13.18 13.14 13.11 13.07 0.00 13.00 0.00 0.00 0.00
17.08 17.01 16.94 16.87 16.79 16.71 16.63 16.55 16.47 16.38 16.29 16.21 16.12 16.03 15.95 15.86 15.78 15.70 15.61 15.53 15.45 15.37 15.29 15.22 15.14 15.06 14.98 14.91 14.84 14.77 14.70 14.63 14.57 14.51 14.44 14.38 14.33 14.27 14.23 14.18 14.14 14.10 14.06 14.03 13.99 13.95 13.92 13.89 13.85 13.82 13.79 13.76 13.73 13.69 13.66 13.62 13.58 13.55 13.51 13.48 13.44 13.41 13.37 13.33 13.29 13.25 13.21 13.17 13.13 13.09 13.06 13.02 12.98 12.95 0.00 0.00 0.00 0.00 0.00 0.00 0.00
17.04 16.97 16.89 16.81 16.74 16.65 16.57 16.48 16.39 16.30 16.21 16.12 16.04 15.95 15.86 15.77 15.68 15.60 15.51 15.43 15.35 15.27 15.18 15.10 15.02 14.94 14.87 14.79 14.71 14.64 14.57 14.50 14.44 14.37 14.31 14.24 14.19 14.13 14.08 14.04 13.99 13.95 13.91 13.88 13.84 13.80 13.77 13.73 13.70 13.66 13.63 13.60 13.56 13.53 13.49 13.45 13.41 13.37 13.33 13.30 13.26 13.22 13.18 13.14 13.11 13.07 13.02 12.98 12.94 12.90 12.87 12.83 12.79 12.75 0.00 0.00 0.00 0.00 0.00 0.00 0.00
16.98 16.91 16.83 16.75 16.67 16.58 16.49 16.41 16.31 16.22 16.13 16.03 15.94 15.86 15.76 15.67 15.58 15.50 15.41 15.33 15.24 15.16 15.07 14.99 14.90 14.82 14.74 14.67 14.59 14.51 14.44 14.37 14.30 14.24 14.17 14.11 14.05 13.99 13.94 13.90 13.85 13.81 13.77 13.73 13.69 13.66 13.62 13.58 13.54 13.51 13.47 13.44 13.40 13.36 13.32 13.28 13.24 13.20 13.16 13.12 13.09 13.05 13.01 12.97 12.93 12.88 12.84 12.80 12.76 12.72 12.68 12.64 0.00 0.00 0.00 0.00 0.00 0.00 0.00 0.00 12.30
16.93 16.85 16.77 16.69 16.60 16.51 16.42 16.33 16.23 16.13 16.04 15.94 15.85 15.76 15.67 15.58 15.49 15.39 15.31 15.22 15.13 15.04 14.96 14.87 14.79 14.70 14.62 14.54 14.46 14.39 14.31 14.24 14.17 14.10 14.04 13.98 13.91 13.86 13.80 13.76 13.71 13.67 13.63 13.59 13.55 13.51 13.47 13.43 13.39 13.35 13.32 13.28 13.24 13.20 13.16 13.11 13.07 13.03 12.99 12.95 12.91 12.87 12.83 12.79 12.75 12.71 12.66 12.62 12.58 12.54 12.49 12.45 12.41 0.00 0.00 0.00 0.00 0.00 0.00 0.00 12.11
16.87 16.78 16.70 16.61 16.53 16.43 16.34 16.24 16.14 16.04 15.95 15.85 15.76 15.66 15.57 15.47 15.38 15.29 15.20 15.11 15.02 14.93 14.84 14.75 14.67 14.58 14.50 14.42 14.34 14.26 14.19 14.11 14.04 13.97 13.91 13.84 13.78 13.72 13.67 13.62 13.58 13.53 13.49 13.45 13.41 13.37 13.33 13.28 13.24 13.20 13.16 13.12 13.08 13.04 13.00 12.96 12.91 12.87 12.83 12.79 12.75 12.70 12.66 12.62 12.57 12.53 12.49 12.45 12.40 12.36 12.32 12.27 12.23 0.00 12.15 0.00 0.00 0.00 0.00 11.97 11.93
16.80 16.72 16.63 16.54 16.45 16.35 16.25 16.15 16.05 15.95 15.86 15.76 15.66 15.56 15.47 15.37 15.28 15.19 15.09 15.00 14.90 14.81 14.72 14.64 14.55 14.46 14.37 14.29 14.21 14.13 14.06 13.98 13.91 13.84 13.77 13.71 13.65 13.59 13.54 13.49 13.44 13.40 13.35 13.31 13.27 13.23 13.18 13.14 13.10 13.05 13.01 12.97 12.93 12.89 12.84 12.80 12.75 12.71 12.67 12.62 12.58 12.54 12.49 12.45 12.40 12.35 12.32 12.28 12.23 12.19 12.14 12.09 12.05 12.01 11.97 11.93 0.00 0.00 0.00 0.00 11.75
16.73 16.64 16.55 16.46 16.36 16.26 16.16 16.06 15.96 15.86 15.76 15.66 15.56 15.46 15.36 15.27 15.17 15.07 14.98 14.88 14.79 14.70 14.60 14.51 14.42 14.34 14.25 14.17 14.09 14.00 13.93 13.85 13.78 13.71 13.65 13.58 13.52 13.46 13.41 13.36 13.31 13.26 13.22 13.18 13.13 13.09 13.05 13.00 12.95 12.91 12.86 12.82 12.78 12.74 12.69 12.65 12.60 12.55 12.51 12.46 12.42 12.37 12.33 12.28 12.24 12.19 12.15 12.11 12.06 12.02 11.97 11.93 11.88 11.84 11.80 11.76 0.00 0.00 0.00 0.00 0.00
16.65 16.56 16.47 16.37 16.28 16.17 16.07 15.97 15.87 15.76 15.66 15.56 15.46 15.36 15.26 15.16 15.06 14.96 14.86 14.77 14.67 14.58 14.48 14.39 14.30 14.21 14.13 14.04 13.96 13.88 13.80 13.73 13.66 13.59 13.52 13.45 13.39 13.34 13.28 13.23 13.18 13.13 13.09 13.04 13.00 12.96 12.91 12.86 12.81 12.76 12.72 12.67 12.63 12.58 12.54 12.49 12.44 12.40 12.35 12.30 12.26 12.21 12.17 12.12 12.07 12.03 11.99 11.94 0.00 0.00 0.00 11.76 11.72 0.00 11.63 11.59 0.00 0.00 0.00 0.00 0.00
16.57 16.48 16.38 16.28 16.18 16.08 15.98 15.88 15.77 15.67 15.56 15.46 15.35 15.25 15.15 15.05 14.95 14.85 14.75 14.65 14.55 14.46 14.36 14.27 14.18 14.09 14.01 13.92 13.84 13.75 13.68 13.60 13.53 13.46 13.40 13.33 13.27 13.21 13.16 13.10 13.05 13.01 12.96 12.91 12.87 12.82 12.77 12.72 12.67 12.62 12.57 12.53 12.48 12.43 12.38 12.34 12.29 12.24 12.19 12.15 12.10 12.05 12.00 11.96 11.91 11.87 11.83 11.78 0.00 0.00 0.00 0.00 0.00 0.00 0.00 0.00 0.00 0.00 0.00 0.00 0.00
16.48 16.39 16.29 16.19 16.09 15.99 15.88 15.78 15.67 15.57 15.46 15.35 15.25 15.14 15.04 14.94 14.83 14.73 14.63 14.53 14.43 14.33 14.24 14.15 14.06 13.97 13.88 13.80 13.71 13.63 13.56 13.48 13.41 13.34 13.27 13.21 13.14 13.09 13.03 12.98 12.93 12.88 12.83 12.79 12.74 12.69 12.64 12.58 12.53 12.48 12.43 12.38 12.33 12.28 12.23 12.18 12.14 12.09 12.04 11.99 11.94 11.89 11.85 11.80 11.76 11.71 11.67 11.62 0.00 0.00 0.00 0.00 0.00 0.00 0.00 0.00 0.00 0.00 0.00 0.00 0.00
16.39 16.30 16.20 16.10 16.00 15.89 15.78 15.68 15.57 15.46 15.36 15.25 15.14 15.04 14.93 14.83 14.72 14.62 14.51 14.41 14.31 14.22 14.12 14.03 13.94 13.85 13.76 13.67 13.59 13.51 13.44 13.36 13.29 13.22 13.15 13.09 13.02 12.97 12.91 12.86 12.80 12.76 12.71 12.66 12.61 12.55 12.50 12.45 12.39 12.33 12.28 12.23 12.18 12.13 12.08 12.04 11.98 11.93 11.88 11.84 11.79 11.74 11.69 11.65 11.60 11.56 11.52 11.47 11.43 0.00 0.00 0.00 0.00 0.00 0.00 0.00 0.00 0.00 0.00 0.00 0.00
16.30 16.20 16.10 16.00 15.90 15.79 15.68 15.57 15.47 15.36 15.25 15.14 15.03 14.92 14.82 14.71 14.60 14.50 14.39 14.29 14.19 14.10 14.00 13.91 13.82 13.73 13.64 13.55 13.47 13.40 13.32 13.24 13.17 13.10 13.03 12.97 12.91 12.85 12.79 12.74 12.68 12.63 12.58 12.53 12.48 12.42 12.37 12.31 12.25 12.19 12.14 12.09 12.04 11.99 11.94 11.89 11.84 11.79 11.74 11.69 11.64 11.59 11.55 11.50 11.46 11.41 11.37 11.32 11.28 0.00 0.00 0.00 0.00 0.00 0.00 0.00 0.00 0.00 0.00 0.00 0.00
16.20 16.10 16.00 15.90 15.79 15.68 15.58 15.47 15.36 15.25 15.14 15.03 14.92 14.81 14.70 14.59 14.49 14.38 14.28 14.18 14.07 13.98 13.88 13.79 13.70 13.61 13.52 13.44 13.36 13.28 13.20 13.12 13.05 12.98 12.91 12.85 12.79 12.73 12.67 12.62 12.57 12.51 12.46 12.40 12.35 12.29 12.24 12.18 12.12 12.06 12.00 11.95 11.90 11.85 11.80 11.75 11.69 11.64 11.59 11.54 11.49 11.45 11.41 11.36 11.31 11.27 11.23 11.18 11.14 11.10 0.00 0.00 0.00 0.00 0.00 0.00 0.00 0.00 0.00 0.00 0.00
16.10 16.00 15.90 15.79 15.69 15.58 15.47 15.36 15.25 15.14 15.03 14.92 14.81 14.70 14.59 14.48 14.37 14.26 14.16 14.06 13.96 13.86 13.76 13.67 13.58 13.49 13.40 13.32 13.24 13.16 13.08 13.01 12.94 12.87 12.80 12.73 12.67 12.61 12.55 12.50 12.45 12.39 12.34 12.28 12.22 12.17 12.11 12.05 11.99 11.93 11.87 11.82 11.77 11.71 11.66 11.61 11.56 11.51 11.46 11.41 11.36 11.31 11.27 11.22 11.18 11.13 11.09 11.05 11.01 10.97 10.93 0.00 0.00 0.00 0.00 0.00 0.00 0.00 0.00 0.00 0.00
16.00 15.90 15.79 15.69 15.58 15.47 15.36 15.25 15.14 15.02 14.91 14.80 14.69 14.58 14.47 14.36 14.25 14.15 14.04 13.94 13.84 13.74 13.65 13.55 13.46 13.38 13.29 13.20 13.12 13.04 12.97 12.89 12.82 12.75 12.69 12.62 12.56 12.50 12.44 12.38 12.33 12.27 12.22 12.16 12.10 12.05 11.98 11.92 11.86 11.80 11.74 11.69 11.63 11.58 11.53 11.48 11.43 11.37 11.32 11.27 11.23 11.18 11.14 11.09 11.05 11.00 10.96 10.92 10.88 10.84 10.80 10.76 0.00 0.00 0.00 0.00 0.00 0.00 0.00 0.00 0.00
15.89 15.79 15.69 15.58 15.47 15.36 15.25 15.14 15.02 14.91 14.80 14.69 14.58 14.46 14.35 14.24 14.14 14.03 13.93 13.83 13.72 13.63 13.53 13.44 13.35 13.26 13.18 13.09 13.01 12.93 12.86 12.79 12.71 12.64 12.58 12.51 12.45 12.39 12.33 12.27 12.22 12.16 12.10 12.04 11.98 11.92 11.86 11.80 11.74 11.68 11.62 11.56 11.51 11.46 11.41 11.35 11.30 11.25 11.20 11.15 11.11 11.06 11.02 10.97 10.93 10.88 10.84 10.80 10.76 10.72 10.69 10.65 10.61 0.00 0.00 0.00 0.00 0.00 0.00 0.00 0.00
15.78 15.68 15.58 15.47 15.36 15.25 15.14 15.02 14.91 14.80 14.69 14.57 14.46 14.35 14.24 14.13 14.02 13.91 13.81 13.71 13.61 13.51 13.42 13.33 13.23 13.15 13.06 12.98 12.90 12.82 12.75 12.68 12.61 12.54 12.47 12.40 12.34 12.28 12.22 12.16 12.11 12.04 11.98 11.92 11.86 11.80 11.74 11.68 11.61 11.56 11.50 11.44 11.39 11.33 11.28 11.23 11.18 11.13 11.08 11.03 10.99 10.94 10.90 10.85 10.81 10.76 10.73 10.69 10.65 10.61 10.57 10.53 10.49 0.00 0.00 0.00 0.00 0.00 0.00 0.00 0.00
15.67 15.57 15.47 15.36 15.25 15.14 15.03 14.91 14.80 14.68 14.57 14.46 14.34 14.23 14.12 14.01 13.91 13.80 13.70 13.60 13.50 13.40 13.31 13.22 13.13 13.04 12.96 12.87 12.79 12.72 12.64 12.57 12.50 12.43 12.37 12.30 12.24 12.18 12.12 12.06 12.00 11.94 11.87 11.81 11.75 11.69 11.63 11.56 11.50 11.44 11.38 11.33 11.27 11.22 11.17 11.12 11.07 11.02 10.97 10.92 10.88 10.83 10.79 10.75 10.70 10.66 10.62 10.58 10.54 10.50 10.47 10.43 10.39 0.00 0.00 0.00 0.00 0.00 0.00 0.00 0.00
15.56 15.45 15.35 15.25 15.14 15.02 14.91 14.80 14.68 14.57 14.45 14.34 14.23 14.12 14.01 13.90 13.80 13.69 13.59 13.49 13.39 13.30 13.20 13.11 13.02 12.93 12.85 12.77 12.69 12.61 12.54 12.47 12.40 12.33 12.27 12.20 12.14 12.07 12.01 11.95 11.89 11.83 11.77 11.70 11.64 11.58 11.51 11.45 11.39 11.33 11.27 11.21 11.16 11.11 11.06 11.01 10.96 10.91 10.86 10.82 10.77 10.73 10.68 10.64 10.60 10.56 10.52 10.48 10.44 10.40 10.36 10.32 10.29 10.26 10.22 0.00 0.00 0.00 0.00 0.00 0.00
15.44 15.34 15.23 15.13 15.02 14.91 14.80 14.68 14.57 14.45 14.34 14.22 14.11 14.00 13.90 13.79 13.69 13.58 13.48 13.38 13.29 13.19 13.09 13.00 12.91 12.83 12.75 12.66 12.59 12.51 12.44 12.37 12.30 12.23 12.17 12.10 12.04 11.97 11.91 11.85 11.79 11.72 11.66 11.60 11.53 11.47 11.41 11.35 11.28 11.22 11.16 11.11 11.06 11.01 10.96 10.91 10.86 10.81 10.76 10.72 10.67 10.63 10.59 10.54 10.50 10.46 10.42 10.38 10.35 10.31 10.27 10.23 10.20 10.16 10.13 0.00 0.00 0.00 0.00 0.00 0.00
15.32 15.22 15.11 15.01 14.90 14.79 14.68 14.57 14.45 14.33 14.22 14.11 14.00 13.89 13.79 13.68 13.58 13.47 13.38 13.28 13.18 13.08 12.99 12.90 12.81 12.73 12.64 12.56 12.49 12.41 12.34 12.27 12.20 12.13 12.07 12.00 11.94 11.88 11.81 11.75 11.69 11.62 11.56 11.49 11.43 11.37 11.30 11.24 11.18 11.12 11.06 11.00 10.95 10.91 10.86 10.81 10.76 10.71 10.67 10.62 10.58 10.54 10.49 10.45 10.41 10.37 10.33 10.29 10.25 10.22 10.18 10.15 10.11 10.08 10.04 0.00 0.00 0.00 0.00 0.00 0.00
15.20 15.10 15.00 14.89 14.78 14.67 14.56 14.45 14.33 14.22 14.11 14.00 13.89 13.78 13.68 13.57 13.47 13.37 13.27 13.17 13.08 12.98 12.89 12.80 12.71 12.62 12.54 12.46 12.39 12.31 12.24 12.17 12.10 12.03 11.97 11.90 11.84 11.78 11.72 11.65 11.59 11.52 11.46 11.39 11.33 11.27 11.20 11.14 11.08 11.02 10.96 10.91 10.86 10.81 10.76 10.72 10.67 10.62 10.58 10.53 10.49 10.45 10.40 10.36 10.32 10.28 10.24 10.21 10.17 10.13 10.10 10.06 10.03 9.99 9.96 9.93 0.00 0.00 0.00 0.00 0.00
15.08 14.97 14.87 14.77 14.66 14.55 14.44 14.33 14.22 14.10 13.99 13.88 13.78 13.67 13.57 13.46 13.36 13.26 13.17 13.07 12.97 12.88 12.78 12.70 12.61 12.53 12.44 12.37 12.29 12.22 12.14 12.07 12.01 11.94 11.87 11.81 11.75 11.68 11.62 11.56 11.50 11.43 11.36 11.30 11.23 11.17 11.11 11.04 10.98 10.92 10.87 10.82 10.77 10.72 10.67 10.63 10.58 10.54 10.49 10.45 10.41 10.36 10.32 10.28 10.24 10.20 10.16 10.12 10.09 10.05 10.02 9.99 9.95 9.92 9.89 9.85 0.00 0.00 0.00 0.00 0.00
