New_Model_Runs/1_Original_run_out/post_prcessed_with_MFR/Monthly_summaries/rainfall_monthly_FEB.asc
NCOLS 700
NROWS 400
XLLCENTER 515000.000000
YLLCENTER 8409000.000000
CELLSIZE 50.000000
NODATA_value -999.000000
[rows 180 to 215 of 400, columns 81 to 161 of 700]
0.00 0.00 0.00 0.00 0.00 0.00 0.00 0.00 0.00 0.00 0.00 0.00 0.00 0.00 0.00 0.00 0.00 0.00 0.00 0.00 0.00 0.00 0.00 0.00 0.00 0.00 0.00 0.00 0.00 0.00 0.00 0.00 0.00 0.00 0.00 0.00 0.00 0.00 0.00 0.00 0.00 0.00 0.00 0.00 0.00 0.00 0.00 0.00 14.06 14.11 14.16 14.21 14.26 14.32 14.37 14.42 14.47 14.51 14.56 14.60 0.00 0.00 0.00 0.00 0.00 0.00 0.00 0.00 0.00 14.95 14.98 15.00 15.02 15.04 15.06 15.08 15.10 15.11 15.13 15.14 15.16
0.00 0.00 0.00 0.00 0.00 0.00 0.00 0.00 0.00 0.00 0.00 0.00 0.00 0.00 0.00 0.00 0.00 0.00 0.00 0.00 0.00 0.00 0.00 0.00 0.00 0.00 0.00 0.00 0.00 0.00 0.00 0.00 0.00 0.00 0.00 0.00 0.00 0.00 0.00 0.00 0.00 0.00 0.00 0.00 0.00 0.00 0.00 0.00 0.00 14.24 14.30 14.35 14.40 14.46 14.51 14.56 14.61 14.66 14.70 14.75 0.00 0.00 0.00 0.00 0.00 0.00 0.00 0.00 0.00 15.09 15.12 15.14 15.16 15.18 15.20 15.22 15.23 15.25 15.27 15.28 15.30
0.00 0.00 0.00 0.00 0.00 0.00 0.00 0.00 0.00 0.00 0.00 0.00 0.00 0.00 0.00 0.00 0.00 0.00 0.00 0.00 0.00 0.00 0.00 0.00 0.00 0.00 0.00 0.00 0.00 0.00 0.00 0.00 0.00 0.00 0.00 0.00 0.00 13.59 13.66 13.73 0.00 0.00 13.94 14.01 0.00 0.00 0.00 0.00 0.00 14.38 14.43 14.49 14.54 14.60 14.65 14.70 14.75 14.80 14.85 14.89 14.94 14.98 15.01 15.05 15.09 0.00 0.00 15.18 15.21 15.24 15.26 15.28 15.30 15.32 15.34 15.36 15.37 15.39 15.40 15.42 15.43
0.00 0.00 0.00 0.00 0.00 0.00 0.00 0.00 0.00 0.00 0.00 0.00 0.00 0.00 0.00 0.00 0.00 0.00 0.00 0.00 0.00 0.00 0.00 0.00 0.00 0.00 0.00 0.00 0.00 0.00 0.00 0.00 0.00 0.00 0.00 0.00 0.00 13.71 13.78 13.86 13.93 14.00 14.07 14.14 14.21 0.00 0.00 14.40 14.46 14.52 14.57 14.63 14.68 14.74 14.79 14.84 14.89 14.94 14.99 15.04 15.08 15.12 15.16 15.20 15.23 15.27 15.30 15.33 15.36 15.38 15.40 15.43 15.45 15.47 15.48 15.50 15.51 15.53 15.55 15.56 15.58
0.00 0.00 0.00 0.00 0.00 0.00 0.00 0.00 0.00 0.00 0.00 0.00 0.00 0.00 0.00 0.00 0.00 0.00 0.00 0.00 0.00 0.00 0.00 0.00 0.00 0.00 0.00 0.00 0.00 0.00 0.00 0.00 13.44 13.52 13.60 13.67 13.75 13.83 13.91 13.98 14.06 14.13 14.20 14.27 14.34 14.40 14.47 14.53 14.60 14.66 14.72 14.77 14.83 14.88 14.94 14.99 15.04 15.09 15.14 15.19 15.23 15.27 15.31 15.35 15.38 15.41 15.45 15.48 15.50 15.52 15.55 15.57 15.59 15.61 15.63 15.64 15.66 15.67 15.69 15.70 15.72
0.00 0.00 0.00 0.00 0.00 0.00 0.00 0.00 0.00 0.00 0.00 0.00 0.00 0.00 0.00 0.00 0.00 0.00 0.00 0.00 0.00 0.00 0.00 0.00 0.00 0.00 0.00 0.00 0.00 0.00 0.00 0.00 13.56 13.64 13.72 13.80 13.88 13.96 14.03 14.11 14.19 14.26 14.33 14.40 14.47 14.54 14.61 14.67 14.74 14.80 14.86 14.91 14.97 15.03 15.08 15.13 15.19 15.24 15.29 15.33 15.38 15.42 15.46 15.50 15.53 15.56 15.59 15.62 15.65 15.67 15.70 15.72 15.74 15.75 15.77 15.79 15.80 15.82 15.83 15.84 15.86
0.00 0.00 0.00 0.00 0.00 0.00 0.00 0.00 0.00 0.00 0.00 0.00 0.00 0.00 0.00 0.00 0.00 0.00 0.00 0.00 0.00 0.00 0.00 0.00 0.00 0.00 0.00 0.00 0.00 0.00 0.00 0.00 13.67 13.76 13.84 13.92 14.00 14.08 14.16 14.24 14.32 14.39 14.47 14.54 14.61 14.68 14.75 14.81 14.88 14.94 15.00 15.06 15.12 15.17 15.23 15.28 15.33 15.38 15.43 15.48 15.53 15.57 15.61 15.65 15.68 15.71 15.74 15.77 15.80 15.82 15.84 15.86 15.88 15.90 15.92 15.93 15.95 15.96 15.98 15.99 16.00
0.00 0.00 0.00 0.00 0.00 0.00 0.00 0.00 0.00 0.00 0.00 0.00 0.00 0.00 0.00 0.00 0.00 0.00 0.00 0.00 0.00 0.00 0.00 0.00 0.00 0.00 13.28 0.00 0.00 0.00 0.00 0.00 13.79 13.88 13.96 14.05 14.13 14.21 14.29 14.37 14.45 14.53 14.60 14.68 14.75 14.82 14.89 14.96 15.02 15.08 15.14 15.20 15.26 15.32 15.37 15.43 15.48 15.53 15.58 15.63 15.68 15.72 15.76 15.80 15.83 15.86 15.90 15.92 15.95 15.97 15.99 16.01 16.03 16.05 16.06 16.08 16.09 16.11 16.12 16.13 16.14
0.00 0.00 0.00 0.00 0.00 0.00 0.00 0.00 0.00 0.00 0.00 0.00 0.00 0.00 0.00 0.00 0.00 0.00 0.00 0.00 0.00 0.00 0.00 0.00 0.00 0.00 13.39 13.48 0.00 0.00 0.00 13.82 13.91 14.00 14.08 14.17 14.26 14.34 14.43 14.51 14.59 14.67 14.74 14.82 14.89 14.96 15.03 15.10 15.17 15.23 15.29 15.35 15.41 15.47 15.52 15.58 15.63 15.68 15.73 15.78 15.83 15.87 15.91 15.95 15.98 16.02 16.05 16.07 16.10 16.12 16.14 16.16 16.18 16.19 16.21 16.22 16.24 16.25 16.26 16.27 16.28
0.00 0.00 0.00 0.00 0.00 0.00 0.00 0.00 0.00 0.00 0.00 0.00 0.00 0.00 0.00 0.00 0.00 0.00 0.00 0.00 0.00 0.00 0.00 0.00 0.00 0.00 0.00 13.59 13.68 13.77 13.86 13.95 14.03 14.12 14.21 14.30 14.39 14.47 14.56 14.64 14.73 14.81 14.88 14.96 15.03 15.11 15.18 15.25 15.31 15.38 15.44 15.50 15.56 15.62 15.67 15.73 15.78 15.83 15.89 15.93 15.98 16.02 16.06 16.10 16.14 16.17 16.20 16.22 16.24 16.27 16.29 16.30 16.32 16.34 16.35 16.37 16.38 16.39 16.40 16.41 16.43
0.00 0.00 0.00 0.00 0.00 0.00 0.00 0.00 0.00 0.00 0.00 0.00 0.00 0.00 0.00 0.00 0.00 0.00 0.00 0.00 0.00 0.00 0.00 0.00 0.00 0.00 0.00 0.00 13.80 13.89 13.98 14.07 14.16 14.25 14.34 14.43 14.52 14.61 14.69 14.78 14.86 14.95 15.03 15.10 15.18 15.25 15.32 15.39 15.46 15.53 15.59 15.65 15.71 15.77 15.82 15.88 15.93 15.98 16.04 16.08 16.13 16.17 16.21 16.25 16.29 16.32 16.34 16.37 16.39 16.41 16.43 16.45 16.47 16.48 16.50 16.51 16.52 16.53 16.54 16.55 16.56
0.00 0.00 0.00 0.00 0.00 0.00 0.00 0.00 0.00 0.00 0.00 0.00 0.00 0.00 0.00 0.00 0.00 0.00 0.00 0.00 0.00 0.00 0.00 0.00 0.00 0.00 0.00 0.00 13.91 14.01 14.10 14.19 14.28 14.37 14.46 14.56 14.65 14.74 14.83 14.92 15.00 15.08 15.17 15.24 15.32 15.40 15.47 15.54 15.61 15.67 15.74 15.80 15.86 15.92 15.98 16.03 16.08 16.14 16.19 16.23 16.28 16.32 16.36 16.40 16.43 16.46 16.49 16.51 16.54 16.56 16.58 16.59 16.61 16.62 16.64 16.65 16.66 16.67 16.68 16.69 16.70
0.00 0.00 0.00 0.00 0.00 0.00 0.00 0.00 0.00 0.00 0.00 0.00 0.00 0.00 0.00 0.00 0.00 0.00 0.00 0.00 0.00 0.00 0.00 0.00 0.00 0.00 0.00 0.00 0.00 14.13 14.22 14.32 14.41 14.50 14.60 14.69 14.78 14.87 14.96 15.05 15.14 15.22 15.31 15.39 15.46 15.54 15.62 15.69 15.75 15.82 15.89 15.95 16.01 16.07 16.13 16.18 16.24 16.29 16.34 16.38 16.43 16.47 16.51 16.55 16.58 16.61 16.63 16.66 16.68 16.70 16.72 16.74 16.75 16.76 16.78 16.79 16.80 16.81 16.82 16.83 16.84
0.00 0.00 0.00 0.00 0.00 0.00 0.00 0.00 0.00 0.00 0.00 0.00 0.00 0.00 0.00 0.00 0.00 0.00 0.00 0.00 0.00 0.00 0.00 0.00 0.00 0.00 0.00 0.00 0.00 14.25 14.35 14.44 14.54 14.63 14.73 14.82 14.92 15.01 15.10 15.19 15.28 15.36 15.45 15.53 15.61 15.69 15.76 15.83 15.90 15.97 16.03 16.10 16.16 16.22 16.28 16.34 16.39 16.44 16.49 16.53 16.58 16.62 16.66 16.69 16.72 16.75 16.78 16.80 16.82 16.84 16.86 16.88 16.89 16.91 16.92 16.93 16.94 16.95 16.96 16.96 16.97
0.00 0.00 0.00 0.00 0.00 0.00 0.00 0.00 0.00 0.00 0.00 0.00 0.00 0.00 0.00 0.00 0.00 0.00 0.00 0.00 0.00 0.00 0.00 0.00 0.00 0.00 0.00 0.00 0.00 14.37 14.47 14.57 14.66 14.76 14.86 14.95 15.05 15.14 15.23 15.32 15.41 15.50 15.59 15.67 15.75 15.83 15.90 15.98 16.05 16.12 16.18 16.25 16.31 16.37 16.43 16.48 16.54 16.59 16.63 16.68 16.72 16.76 16.80 16.84 16.87 16.89 16.92 16.94 16.96 16.98 17.00 17.01 17.03 17.04 17.05 17.06 17.07 17.08 17.09 17.09 17.10
0.00 0.00 0.00 0.00 0.00 0.00 0.00 0.00 0.00 0.00 0.00 0.00 0.00 0.00 0.00 0.00 0.00 0.00 0.00 0.00 0.00 0.00 0.00 0.00 0.00 14.09 0.00 0.00 14.39 14.49 14.59 14.69 14.79 14.89 14.99 15.08 15.18 15.27 15.37 15.46 15.55 15.64 15.73 15.81 15.89 15.97 16.05 16.12 16.19 16.26 16.33 16.39 16.45 16.52 16.57 16.63 16.69 16.73 16.78 16.83 16.87 16.91 16.95 16.98 17.01 17.04 17.06 17.08 17.10 17.12 17.14 17.15 17.17 17.18 17.19 17.20 17.20 17.21 17.22 17.23 17.23
0.00 0.00 0.00 0.00 0.00 0.00 0.00 0.00 0.00 0.00 0.00 0.00 0.00 0.00 0.00 0.00 0.00 0.00 0.00 0.00 0.00 0.00 0.00 0.00 14.11 14.21 14.31 14.41 14.51 14.62 14.72 14.82 14.92 15.02 15.12 15.21 15.31 15.41 15.50 15.60 15.69 15.78 15.86 15.95 16.03 16.11 16.19 16.26 16.34 16.41 16.47 16.54 16.60 16.66 16.72 16.77 16.83 16.88 16.93 16.97 17.01 17.05 17.09 17.12 17.15 17.18 17.20 17.22 17.24 17.25 17.27 17.29 17.30 17.31 17.32 17.33 17.33 17.34 17.35 17.35 17.36
0.00 0.00 0.00 0.00 0.00 0.00 0.00 0.00 0.00 0.00 0.00 0.00 0.00 0.00 0.00 0.00 0.00 0.00 0.00 0.00 0.00 0.00 0.00 14.12 14.22 14.32 14.42 14.53 14.64 14.74 14.84 14.95 15.05 15.15 15.25 15.34 15.44 15.54 15.64 15.73 15.82 15.91 16.00 16.09 16.18 16.26 16.33 16.41 16.48 16.55 16.61 16.68 16.74 16.80 16.86 16.92 16.97 17.02 17.07 17.11 17.15 17.19 17.23 17.26 17.29 17.31 17.33 17.35 17.37 17.39 17.40 17.42 17.43 17.44 17.45 17.46 17.46 17.47 17.47 17.47 17.48
0.00 0.00 0.00 0.00 0.00 0.00 0.00 0.00 0.00 0.00 0.00 0.00 0.00 0.00 0.00 0.00 0.00 0.00 0.00 0.00 0.00 0.00 14.13 14.24 14.34 14.44 14.55 14.65 14.76 14.86 14.97 15.07 15.18 15.28 15.38 15.48 15.58 15.68 15.77 15.87 15.96 16.05 16.14 16.23 16.32 16.40 16.47 16.55 16.62 16.69 16.75 16.82 16.88 16.95 17.00 17.06 17.11 17.16 17.21 17.25 17.29 17.33 17.36 17.39 17.42 17.45 17.47 17.49 17.50 17.52 17.53 17.54 17.56 17.56 17.57 17.58 17.58 17.59 17.59 17.59 17.60
0.00 0.00 0.00 0.00 0.00 12.66 0.00 0.00 0.00 0.00 0.00 0.00 0.00 0.00 0.00 0.00 0.00 13.74 13.84 0.00 14.04 14.14 14.25 14.35 14.45 14.56 14.67 14.77 14.88 14.99 15.09 15.20 15.30 15.40 15.51 15.61 15.71 15.81 15.90 16.00 16.10 16.19 16.28 16.37 16.45 16.53 16.61 16.69 16.76 16.83 16.89 16.96 17.02 17.09 17.14 17.20 17.25 17.30 17.34 17.39 17.43 17.46 17.49 17.53 17.55 17.58 17.60 17.62 17.63 17.64 17.66 17.67 17.68 17.69 17.69 17.70 17.71 17.71 17.71 17.71 17.71
0.00 0.00 0.00 0.00 12.66 12.74 12.83 12.91 0.00 0.00 0.00 0.00 0.00 0.00 0.00 0.00 0.00 13.85 13.95 14.05 14.15 14.25 14.36 14.46 14.57 14.68 14.79 14.89 15.00 15.11 15.22 15.32 15.43 15.53 15.64 15.74 15.84 15.94 16.04 16.13 16.23 16.32 16.42 16.50 16.59 16.67 16.75 16.82 16.89 16.97 17.03 17.10 17.16 17.22 17.28 17.33 17.38 17.43 17.48 17.52 17.55 17.59 17.62 17.65 17.68 17.70 17.72 17.74 17.76 17.77 17.78 17.79 17.80 17.81 17.81 17.82 17.82 17.82 17.82 17.82 17.82
0.00 0.00 0.00 0.00 12.75 12.83 12.92 13.01 0.00 0.00 0.00 0.00 0.00 0.00 0.00 0.00 0.00 13.95 14.06 14.16 14.26 14.37 14.47 14.58 14.68 14.79 14.90 15.01 15.12 15.23 15.34 15.45 15.55 15.66 15.76 15.87 15.97 16.07 16.17 16.26 16.36 16.46 16.55 16.63 16.72 16.80 16.88 16.96 17.03 17.10 17.17 17.23 17.29 17.35 17.41 17.46 17.51 17.56 17.60 17.64 17.68 17.71 17.75 17.78 17.81 17.83 17.85 17.86 17.88 17.89 17.90 17.91 17.92 17.92 17.93 17.93 17.93 17.94 17.94 17.94 17.93
0.00 0.00 0.00 0.00 12.83 12.92 13.01 13.10 13.19 0.00 0.00 0.00 0.00 0.00 0.00 0.00 13.96 14.06 14.17 14.27 14.38 14.48 14.58 14.69 14.80 14.91 15.02 15.13 15.24 15.35 15.46 15.57 15.67 15.78 15.89 15.99 16.09 16.19 16.29 16.39 16.49 16.58 16.68 16.76 16.85 16.93 17.01 17.09 17.16 17.23 17.30 17.36 17.42 17.48 17.53 17.59 17.64 17.69 17.73 17.77 17.80 17.84 17.87 17.90 17.92 17.95 17.97 17.98 18.00 18.01 18.02 18.03 18.03 18.04 18.04 18.05 18.05 18.05 18.04 18.04 18.04
0.00 0.00 12.75 12.83 12.92 13.01 13.10 13.19 13.28 0.00 0.00 0.00 0.00 0.00 0.00 0.00 0.00 14.17 14.27 14.38 14.49 14.59 14.70 14.81 14.91 15.03 15.14 15.25 15.36 15.47 15.58 15.68 15.79 15.90 16.01 16.11 16.21 16.32 16.42 16.52 16.61 16.71 16.80 16.89 16.98 17.06 17.14 17.21 17.29 17.36 17.42 17.48 17.54 17.60 17.66 17.71 17.76 17.81 17.85 17.89 17.92 17.96 17.99 18.02 18.04 18.06 18.08 18.10 18.11 18.12 18.13 18.14 18.15 18.15 18.15 18.16 18.16 18.15 18.15 18.15 18.15
0.00 0.00 12.83 12.92 13.01 13.10 13.19 13.28 13.38 13.47 0.00 0.00 0.00 0.00 0.00 0.00 0.00 14.28 14.38 14.49 14.60 14.70 14.81 14.92 15.03 15.14 15.25 15.37 15.48 15.59 15.69 15.80 15.91 16.02 16.13 16.23 16.33 16.44 16.54 16.64 16.74 16.83 16.92 17.01 17.10 17.18 17.26 17.34 17.41 17.48 17.54 17.60 17.66 17.72 17.77 17.83 17.88 17.92 17.96 18.00 18.04 18.07 18.10 18.13 18.16 18.18 18.20 18.21 18.22 18.24 18.24 18.25 18.26 18.26 18.26 18.26 18.26 18.26 18.26 18.25 18.25
12.74 12.83 12.91 13.00 13.09 13.18 13.28 13.38 13.47 13.57 13.67 0.00 0.00 0.00 0.00 0.00 0.00 14.38 14.49 14.60 14.70 14.81 14.92 15.03 15.14 15.25 15.37 15.48 15.59 15.70 15.81 15.92 16.03 16.14 16.24 16.35 16.45 16.55 16.66 16.76 16.86 16.95 17.04 17.13 17.22 17.30 17.38 17.45 17.52 17.59 17.66 17.72 17.78 17.83 17.89 17.94 17.99 18.03 18.07 18.11 18.15 18.18 18.21 18.24 18.27 18.29 18.30 18.32 18.33 18.34 18.35 18.36 18.37 18.37 18.37 18.37 18.37 18.36 18.36 18.36 18.35
12.82 12.91 12.99 13.08 13.18 13.27 13.37 13.46 13.56 13.66 13.76 13.86 0.00 0.00 0.00 0.00 14.38 14.49 14.60 14.70 14.81 14.92 15.03 15.14 15.25 15.37 15.48 15.59 15.71 15.81 15.92 16.03 16.14 16.25 16.36 16.46 16.57 16.67 16.77 16.87 16.97 17.07 17.16 17.25 17.33 17.41 17.49 17.57 17.64 17.71 17.77 17.83 17.89 17.94 17.99 18.04 18.09 18.14 18.18 18.22 18.26 18.29 18.32 18.35 18.37 18.39 18.41 18.43 18.44 18.45 18.46 18.47 18.47 18.47 18.47 18.47 18.47 18.47 18.46 18.46 18.45
12.90 12.99 13.08 13.17 13.26 13.36 13.45 13.55 13.65 13.75 13.85 13.95 14.06 14.16 14.26 14.37 14.48 14.59 14.70 14.80 14.91 15.02 15.13 15.25 15.36 15.47 15.59 15.70 15.81 15.92 16.03 16.14 16.25 16.36 16.47 16.57 16.68 16.78 16.88 16.98 17.08 17.18 17.27 17.35 17.44 17.52 17.60 17.67 17.74 17.81 17.87 17.93 17.99 18.04 18.09 18.15 18.19 18.24 18.28 18.32 18.36 18.39 18.42 18.45 18.47 18.49 18.51 18.53 18.54 18.55 18.56 18.57 18.57 18.57 18.57 18.57 18.56 18.56 18.55 18.55 18.54
12.98 13.07 13.16 13.25 13.35 13.44 13.54 13.64 13.74 13.84 13.94 14.05 14.15 14.25 14.36 14.47 14.58 14.69 14.80 14.91 15.02 15.13 15.24 15.35 15.47 15.58 15.70 15.81 15.92 16.03 16.14 16.25 16.36 16.47 16.57 16.68 16.79 16.89 16.99 17.09 17.19 17.28 17.37 17.46 17.55 17.62 17.70 17.78 17.85 17.91 17.97 18.04 18.09 18.15 18.20 18.25 18.29 18.34 18.38 18.42 18.46 18.49 18.52 18.55 18.57 18.59 18.61 18.63 18.64 18.65 18.66 18.67 18.67 18.67 18.67 18.66 18.66 18.65 18.65 18.64 18.63
13.06 13.15 13.24 13.34 13.43 13.53 13.63 13.73 13.83 13.93 14.04 14.14 14.25 14.35 14.46 14.56 14.67 14.78 14.89 15.00 15.12 15.23 15.34 15.45 15.57 15.68 15.80 15.91 16.02 16.13 16.24 16.36 16.46 16.57 16.68 16.78 16.89 16.99 17.09 17.19 17.29 17.38 17.47 17.56 17.64 17.72 17.80 17.87 17.94 18.00 18.07 18.13 18.18 18.24 18.29 18.34 18.39 18.43 18.47 18.51 18.55 18.58 18.61 18.64 18.66 18.68 18.70 18.72 18.73 18.74 18.75 18.75 18.76 18.76 18.75 18.75 18.74 18.74 18.73 18.72 18.72
13.14 13.23 13.33 13.42 13.52 13.62 13.71 13.82 13.92 14.02 14.13 14.23 14.34 14.44 14.55 14.66 14.77 14.88 14.99 15.10 15.22 15.33 15.44 15.56 15.67 15.78 15.90 16.01 16.12 16.24 16.35 16.46 16.56 16.67 16.78 16.88 16.99 17.09 17.19 17.29 17.38 17.48 17.57 17.65 17.73 17.81 17.89 17.96 18.03 18.09 18.16 18.22 18.28 18.33 18.38 18.43 18.47 18.52 18.56 18.60 18.64 18.67 18.70 18.73 18.75 18.77 18.79 18.81 18.82 18.83 18.84 18.84 18.84 18.84 18.84 18.83 18.83 18.82 18.81 18.81 18.80
13.22 13.31 13.41 13.50 13.60 13.70 13.80 13.90 14.01 14.11 14.22 14.32 14.43 14.53 14.64 14.75 14.86 14.97 15.08 15.20 15.31 15.42 15.54 15.65 15.76 15.88 15.99 16.11 16.22 16.33 16.44 16.55 16.66 16.77 16.87 16.98 17.08 17.18 17.28 17.38 17.48 17.57 17.65 17.74 17.82 17.90 17.97 18.04 18.11 18.18 18.24 18.30 18.36 18.41 18.46 18.51 18.56 18.60 18.64 18.68 18.72 18.75 18.78 18.81 18.83 18.85 18.87 18.89 18.90 18.91 18.92 18.92 18.92 18.92 18.92 18.91 18.90 18.90 18.89 18.88 18.88
13.30 13.39 13.49 13.59 13.68 13.78 13.88 13.99 14.09 14.20 14.31 14.41 14.52 14.62 14.73 14.84 14.95 15.06 15.18 15.29 15.40 15.52 15.63 15.74 15.86 15.97 16.08 16.20 16.31 16.42 16.53 16.64 16.75 16.86 16.96 17.07 17.17 17.27 17.37 17.47 17.56 17.65 17.74 17.82 17.90 17.98 18.05 18.12 18.19 18.26 18.32 18.38 18.44 18.49 18.54 18.59 18.64 18.68 18.72 18.76 18.79 18.83 18.86 18.89 18.91 18.93 18.95 18.97 18.98 18.99 18.99 19.00 19.00 19.00 18.99 18.99 18.98 18.97 18.96 18.96 18.95
13.37 13.47 13.57 13.67 13.77 13.87 13.97 14.07 14.18 14.29 14.39 14.50 14.60 14.71 14.82 14.93 15.04 15.15 15.27 15.38 15.49 15.61 15.72 15.83 15.95 16.06 16.17 16.28 16.39 16.50 16.61 16.72 16.83 16.94 17.05 17.15 17.25 17.35 17.45 17.55 17.64 17.73 17.81 17.89 17.97 18.05 18.12 18.19 18.26 18.33 18.39 18.45 18.51 18.56 18.61 18.66 18.71 18.75 18.79 18.83 18.87 18.90 18.93 18.96 18.98 19.00 19.02 19.03 19.05 19.06 19.06 19.07 19.07 19.07 19.06 19.06 19.05 19.04 19.03 19.02 19.01
13.44 13.54 13.64 13.74 13.84 13.95 14.05 14.15 14.26 14.37 14.47 14.58 14.69 14.80 14.91 15.01 15.12 15.24 15.35 15.47 15.58 15.69 15.81 15.92 16.03 16.14 16.25 16.36 16.48 16.59 16.70 16.80 16.91 17.02 17.13 17.23 17.33 17.43 17.53 17.62 17.71 17.80 17.88 17.96 18.04 18.12 18.19 18.26 18.33 18.40 18.46 18.52 18.57 18.63 18.68 18.73 18.77 18.81 18.86 18.89 18.93 18.96 18.99 19.02 19.04 19.06 19.08 19.10 19.11 19.12 19.12 19.13 19.13 19.13 19.13 19.12 19.11 19.11 19.10 19.09 19.08
13.52 13.62 13.72 13.82 13.92 14.02 14.12 14.23 14.34 14.45 14.56 14.66 14.77 14.88 14.99 15.10 15.21 15.32 15.43 15.55 15.66 15.77 15.89 16.00 16.11 16.22 16.33 16.44 16.55 16.66 16.77 16.88 16.99 17.09 17.20 17.30 17.40 17.50 17.59 17.68 17.77 17.86 17.94 18.02 18.10 18.18 18.25 18.32 18.39 18.45 18.52 18.57 18.63 18.69 18.74 18.79 18.83 18.87 18.91 18.95 18.99 19.02 19.05 19.08 19.10 19.12 19.14 19.16 19.17 19.18 19.18 19.19 19.19 19.19 19.18 19.18 19.17 19.16 19.16 19.14 19.13
