New_Model_Runs/1_Original_run_out/post_prcessed_with_MFR/Monthly_summaries/runoff_monthly_FEB.asc
NCOLS 700
NROWS 400
XLLCENTER 515000.000000
YLLCENTER 8409000.000000
CELLSIZE 50.000000
NODATA_value -999.000000
[rows 266 to 303 of 400, columns 168 to 251 of 700]
3.72 3.75 3.79 6.79 3.86 5.91 5.96 6.01 5.85 8.79 3.29 3.32 3.32 3.35 3.37 3.40 3.47 3.49 3.51 3.53 3.59 3.61 3.63 6.48 6.62 6.64 3.77 3.79 3.87 3.89 2.90 10.39 6.72 6.75 3.94 6.68 3.85 3.86 3.86 3.87 3.77 3.77 3.78 2.98 3.76 3.76 3.76 3.76 2.95 2.98 2.28 2.28 3.40 3.50 3.23 3.22 3.22 3.21 3.20 3.19 3.18 3.16 3.71 3.69 3.67 3.10 3.22 3.61 3.59 3.57 3.01 2.98 3.49 3.06 2.91 3.01 2.98 5.37 3.58 4.00 3.96 3.92 3.16 3.83
2.57 2.59 2.23 3.77 3.81 3.32 5.89 5.93 5.78 5.83 3.25 3.27 3.28 3.31 3.33 3.35 3.43 3.45 3.47 3.49 3.55 3.57 3.59 6.43 6.56 6.59 3.74 3.75 3.84 3.85 2.88 17.29 6.63 3.90 3.91 3.92 3.82 3.82 6.54 3.84 3.74 3.74 3.75 3.75 2.96 3.73 3.73 3.73 3.76 2.96 2.26 2.26 2.48 2.25 2.25 3.19 3.19 3.18 3.72 3.16 3.14 3.13 3.12 5.71 3.63 3.61 3.59 3.57 3.55 2.99 2.97 2.95 3.45 3.42 3.39 3.36 5.36 3.43 3.54 3.37 3.47 2.91 2.87 2.84
2.53 2.55 2.19 2.61 3.66 2.26 4.23 5.80 5.65 5.69 3.16 3.18 3.23 3.26 8.09 3.31 3.42 3.44 3.47 3.49 3.54 3.56 3.58 6.40 6.50 3.68 3.70 3.71 3.79 3.80 2.85 5.88 3.89 2.88 3.86 3.87 3.77 3.77 3.78 3.79 3.70 3.71 3.71 3.71 2.93 2.93 3.71 2.93 2.93 2.93 2.24 2.24 2.45 2.23 2.22 2.22 3.71 3.15 3.69 3.12 3.11 3.10 3.63 3.20 3.18 3.17 3.15 3.54 3.11 2.96 2.94 2.92 2.89 3.38 5.40 5.36 2.79 3.00 3.95 2.94 3.87 3.39 3.35 2.81
2.20 2.51 2.25 2.18 2.21 2.23 7.59 4.21 7.43 4.12 3.44 3.14 3.19 3.22 3.25 5.54 3.38 3.40 3.43 3.45 3.50 3.52 11.73 6.35 6.44 3.64 3.66 3.68 3.75 6.66 6.68 6.53 3.86 3.81 3.82 3.83 3.73 3.74 3.75 3.75 3.67 2.90 2.90 3.68 2.91 2.91 3.15 3.15 2.91 2.90 2.22 2.21 2.94 2.93 2.92 2.41 3.68 3.67 3.65 3.64 3.08 3.07 3.60 3.04 3.56 3.54 3.52 3.50 3.08 2.93 3.03 2.88 2.86 2.96 2.93 3.29 3.26 3.95 3.33 2.91 3.83 3.79 2.81 6.24
2.45 2.48 2.50 2.53 2.17 2.59 4.12 4.16 4.04 5.43 1.63 1.60 1.62 2.45 3.21 3.23 3.34 3.36 3.39 3.41 7.55 6.23 6.26 6.29 6.39 3.61 3.62 3.64 6.59 6.61 3.80 3.81 3.82 3.78 3.79 3.80 3.70 3.71 3.72 3.72 2.87 2.88 3.12 2.88 2.88 2.88 2.88 3.50 3.12 2.41 2.89 2.89 2.91 2.90 2.39 2.39 3.64 3.63 3.62 3.33 4.38 3.30 3.02 3.01 3.12 3.51 3.49 3.06 2.92 2.90 2.87 2.85 2.95 2.93 2.90 3.25 3.95 3.91 3.87 2.87 3.79 3.75 2.78 0.32
2.04 2.44 3.96 2.50 2.52 2.55 4.07 4.11 3.91 4.03 1.56 1.58 1.80 1.81 2.17 2.19 3.30 5.99 6.03 7.75 4.23 6.17 6.21 6.24 6.33 3.57 3.59 3.61 3.73 3.75 3.76 6.41 3.79 3.80 3.76 3.77 3.67 3.68 3.69 3.69 2.85 2.85 2.85 2.85 2.86 2.86 2.86 2.63 3.62 2.87 2.87 4.62 2.88 2.87 2.37 2.36 3.61 3.05 6.18 5.37 4.33 4.32 3.25 3.10 3.09 3.07 3.05 2.91 5.47 2.86 2.84 5.36 2.80 2.89 3.25 3.22 3.91 3.87 3.83 3.22 3.75 3.72 0.63 0.31
2.01 2.12 3.91 2.46 3.75 3.78 3.82 3.86 3.80 1.98 1.52 1.54 1.77 2.11 2.13 2.15 3.25 5.91 2.41 2.43 3.53 7.77 4.24 6.20 4.76 2.22 1.49 2.28 2.29 2.30 2.31 2.32 2.33 2.34 3.40 1.62 2.30 2.30 2.31 2.31 2.24 2.24 1.58 1.59 1.59 1.59 1.59 1.42 1.41 2.24 2.80 2.80 2.81 2.81 2.34 2.34 3.03 3.28 3.84 6.11 4.30 4.28 3.22 3.07 5.54 3.04 5.49 5.45 3.37 3.35 2.94 2.79 2.89 2.86 3.22 3.19 3.87 3.83 3.80 3.33 3.16 3.68 0.90 0.30
3.21 3.82 2.03 3.77 3.70 6.75 3.77 5.91 5.02 1.95 1.50 1.52 3.06 3.23 3.46 2.12 2.21 4.96 2.39 2.41 2.14 6.12 6.15 2.83 4.72 0.21 2.24 2.25 2.27 2.28 3.48 2.30 2.31 2.32 2.33 1.55 1.55 1.73 2.29 2.29 2.22 2.22 1.57 1.75 2.26 1.75 1.57 2.42 2.22 2.21 2.21 4.46 2.79 2.12 2.11 2.76 4.58 3.82 6.08 3.79 3.22 3.62 3.75 3.58 3.57 3.01 2.99 3.36 2.83 5.01 3.29 5.27 5.23 2.84 3.19 3.29 3.26 3.80 3.76 3.16 3.26 3.41 0.89 0.36
1.95 3.77 2.39 3.73 3.65 3.69 3.73 2.50 2.48 1.46 1.48 1.50 2.03 2.06 2.08 2.10 2.18 4.28 4.91 2.38 3.81 3.84 6.84 3.89 0.20 0.20 0.21 2.23 2.24 2.26 2.27 2.28 2.29 2.30 2.78 2.13 1.71 2.26 2.27 1.58 1.55 1.55 1.55 1.73 1.55 1.55 2.16 1.39 1.55 2.42 2.19 1.54 2.76 2.75 2.09 2.08 2.77 2.61 4.25 4.23 3.75 3.58 3.16 3.14 4.14 3.51 3.63 4.07 5.33 5.30 5.26 5.23 5.19 3.18 3.87 3.83 3.23 3.20 3.73 3.69 3.10 5.20 8.21 3.30
2.28 2.03 1.97 3.68 3.61 2.40 2.07 2.10 1.42 1.65 1.52 1.47 1.51 2.02 2.05 2.07 2.16 4.24 2.34 2.36 3.78 3.80 0.18 0.18 0.19 0.20 0.20 0.20 2.22 4.62 2.25 2.26 2.27 3.46 2.76 6.68 2.24 1.52 2.25 2.25 2.18 2.18 1.54 1.54 1.54 1.54 1.54 1.54 1.54 1.53 1.53 1.70 1.52 2.02 2.28 2.71 2.75 2.74 4.21 4.20 3.57 3.55 3.13 4.13 4.11 3.62 3.46 3.44 3.41 3.39 5.65 5.61 3.45 2.90 3.83 3.80 2.82 2.79 2.76 2.73 2.70 3.35 3.31 2.61
2.25 2.27 2.30 6.07 3.08 2.35 2.38 2.41 1.61 1.63 1.65 1.67 1.97 2.00 2.02 2.03 2.12 2.14 2.31 2.05 3.54 0.55 0.19 0.18 0.18 0.18 0.19 0.20 2.20 2.21 2.23 2.24 2.25 2.26 2.26 2.38 1.68 2.21 1.54 2.22 2.14 2.92 1.52 1.52 1.52 1.52 1.70 1.70 1.35 2.77 1.69 1.51 1.51 1.51 1.50 2.04 2.71 2.23 3.56 4.16 4.15 3.12 3.10 3.08 3.47 3.59 3.43 3.41 3.38 5.64 3.33 2.92 2.90 3.26 3.80 3.77 2.79 4.93 2.74 2.71 2.68 3.30 3.51 2.94
2.41 2.25 1.92 3.10 3.05 3.08 4.89 1.57 1.59 1.46 1.63 2.47 3.79 1.97 1.99 2.01 2.10 2.11 4.16 5.84 0.13 0.13 0.13 0.17 0.18 0.18 0.18 0.18 2.18 2.19 2.20 2.21 2.23 2.23 2.24 3.55 1.49 2.19 1.50 1.50 1.70 1.68 2.07 1.51 1.68 1.68 1.68 1.68 1.50 1.68 1.50 1.50 1.49 1.49 1.66 1.65 2.22 2.21 3.53 3.52 3.10 4.10 3.07 3.46 5.75 3.42 3.40 5.61 3.35 2.94 2.92 2.90 4.64 4.60 3.77 3.73 2.77 2.74 2.71 3.05 2.65 3.52 3.24 2.47
3.56 1.87 2.24 3.06 5.37 1.97 2.00 1.41 1.43 1.44 3.62 3.65 3.75 3.79 3.82 1.99 2.07 7.36 4.13 2.34 0.12 0.12 0.13 0.13 0.17 0.18 0.18 0.18 2.16 2.17 4.68 9.51 4.72 4.74 2.22 2.23 1.47 2.17 2.18 1.49 1.49 2.18 1.69 1.69 1.67 1.67 1.67 1.67 1.68 1.32 1.48 1.48 1.48 1.47 1.47 1.46 1.63 2.19 3.10 4.10 3.62 3.06 3.05 3.57 3.55 5.68 5.65 3.35 3.46 3.44 2.89 2.87 2.85 3.20 3.30 5.44 4.60 3.39 3.36 2.66 2.63 3.25 3.20 2.45
2.16 2.19 1.87 1.90 2.98 1.95 3.39 2.32 1.41 3.11 3.58 3.62 3.72 3.75 3.79 3.82 4.02 4.06 4.09 2.32 0.12 0.12 0.12 0.13 0.13 0.17 0.18 0.18 0.18 2.15 3.90 6.14 4.68 4.70 2.20 1.62 2.14 1.49 1.64 1.64 1.48 1.48 1.67 1.67 1.66 1.65 1.65 1.65 1.66 1.47 1.47 1.47 1.46 1.46 1.45 1.45 1.44 2.41 4.08 4.07 3.05 3.03 3.02 3.40 3.38 5.64 5.61 5.58 6.80 7.59 3.57 2.84 2.82 3.17 3.28 3.12 3.64 2.69 2.67 3.30 3.26 3.21 3.30 2.43
1.88 1.91 1.85 1.87 2.92 2.96 2.99 3.02 3.06 3.09 3.56 3.60 2.09 2.47 3.77 3.81 3.88 3.91 2.22 1.97 1.99 0.12 0.12 0.12 0.12 0.13 0.13 0.13 0.18 3.89 6.07 6.09 3.86 2.28 2.29 1.48 1.46 1.62 1.45 1.46 1.46 1.64 1.64 1.65 1.64 1.64 1.64 1.63 1.65 1.46 1.46 1.45 2.67 3.19 1.44 1.43 4.16 3.67 3.65 4.03 3.02 3.01 3.53 5.66 3.49 5.60 2.92 2.90 2.88 3.82 3.54 2.82 2.80 2.77 2.75 3.64 2.70 2.67 2.65 2.62 8.03 3.18 7.67 7.60
2.11 2.14 1.83 2.19 2.89 2.92 2.96 2.99 5.02 3.06 3.09 3.56 2.06 2.46 2.49 3.77 2.15 3.88 2.22 1.95 1.96 0.11 0.11 0.12 0.12 0.13 0.12 0.13 2.09 2.10 2.11 2.23 2.13 2.60 2.61 1.59 1.59 1.60 1.44 1.44 1.44 0.70 1.45 0.70 0.70 0.70 1.44 1.44 0.70 1.45 1.44 1.44 1.44 1.87 1.43 3.30 2.38 2.37 2.36 2.34 3.26 3.24 3.23 5.62 2.94 3.31 2.90 2.88 2.86 3.79 3.51 2.80 2.77 2.75 3.65 3.62 3.59 2.65 2.62 2.60 2.48 2.45 3.25 5.56
2.09 1.86 2.14 2.17 1.85 2.89 2.93 2.96 4.98 3.03 3.06 5.12 2.04 2.06 2.18 2.20 2.22 2.15 2.00 2.34 2.36 2.38 2.40 0.11 4.05 2.02 2.47 2.49 2.06 2.08 2.09 2.20 2.56 2.57 1.83 1.57 2.14 1.43 1.59 1.59 0.69 1.60 1.44 1.61 0.69 1.44 1.44 1.28 1.60 1.43 1.43 1.43 1.59 1.26 1.26 3.27 3.26 2.35 2.34 3.22 2.10 3.22 5.18 5.15 2.91 4.68 2.88 2.86 4.55 3.76 2.80 2.77 2.75 2.73 3.62 3.59 2.66 2.63 2.96 2.48 2.46 3.26 2.40 2.38
2.06 2.09 2.12 3.49 1.83 2.86 2.89 2.93 2.96 3.00 3.03 3.06 3.59 3.63 2.43 3.95 5.54 2.13 4.00 4.03 2.02 1.94 3.84 4.15 4.17 4.20 2.01 2.46 4.27 2.05 4.31 2.52 2.53 2.54 1.42 1.55 1.56 1.56 1.57 1.58 0.68 0.68 0.68 0.69 1.59 1.59 1.42 1.42 1.42 1.42 1.42 2.48 2.07 1.25 0.68 0.68 2.82 2.33 2.32 2.31 2.52 4.33 2.80 3.16 3.85 3.83 3.81 2.84 3.76 3.73 3.46 2.75 2.73 2.71 3.60 3.57 2.64 2.61 2.58 2.47 2.44 3.24 3.21 3.17
3.35 2.07 2.09 2.12 2.89 2.84 4.56 2.23 2.96 2.99 3.02 3.05 3.12 2.38 3.87 3.91 2.18 3.56 6.95 2.29 4.02 2.33 3.42 2.36 2.06 3.43 4.39 4.20 4.23 2.13 4.27 2.49 4.92 4.33 1.09 1.10 1.54 0.68 0.69 0.69 0.68 1.40 0.68 1.41 1.41 1.58 1.58 3.13 1.41 1.41 1.40 1.24 0.67 0.67 0.67 1.38 1.38 2.79 3.19 2.52 2.06 2.16 2.04 2.65 3.82 3.80 3.78 2.81 3.73 3.71 3.68 4.37 2.71 2.69 2.67 2.64 2.62 2.59 2.47 2.45 3.25 3.22 3.19 3.15
2.02 2.05 2.07 2.10 2.12 1.81 5.11 1.94 1.96 2.25 2.28 3.02 2.06 2.08 2.38 3.87 2.43 2.17 2.24 1.85 3.98 1.99 2.00 2.02 1.93 3.44 4.14 5.67 2.09 4.21 4.23 4.25 2.14 4.29 1.77 1.51 1.08 0.67 0.68 0.68 0.67 1.39 1.39 1.39 1.40 1.40 1.56 1.24 1.40 1.39 1.39 3.31 1.38 1.38 1.22 1.37 1.36 1.20 2.75 3.15 2.48 2.04 2.02 2.01 2.85 3.34 3.32 3.17 3.28 2.75 2.73 2.71 2.69 2.67 2.65 2.62 2.60 2.48 2.46 3.27 3.23 2.38 2.35 3.14
1.76 2.03 2.05 2.08 2.10 2.13 2.15 2.18 1.83 2.23 3.74 2.28 2.30 2.33 2.08 2.38 3.87 3.84 3.26 1.83 2.25 2.27 1.98 1.89 2.01 2.34 4.09 2.05 2.06 4.16 4.18 2.43 2.11 2.13 4.26 2.48 2.05 2.06 2.07 3.43 0.66 1.37 1.37 1.38 1.55 1.55 2.03 1.55 1.55 1.55 1.54 1.54 0.66 0.66 1.52 1.52 1.51 1.51 1.50 3.13 2.59 2.02 3.21 2.00 1.98 3.18 3.30 3.28 2.75 2.73 2.71 2.69 2.67 2.65 2.63 2.60 2.58 3.17 3.14 2.63 2.29 2.16 2.14 2.52
3.26 2.01 2.03 1.81 2.08 5.58 1.88 2.15 2.18 3.58 1.97 1.99 2.01 3.73 2.33 2.35 2.10 1.86 2.03 2.05 2.23 3.53 1.85 2.28 1.88 2.77 1.91 2.02 2.04 4.12 2.07 3.68 2.42 2.10 4.22 2.02 2.03 2.04 2.05 2.06 2.34 0.65 1.36 1.36 0.65 1.53 1.74 1.22 1.53 1.53 0.65 0.79 0.65 0.65 0.65 0.64 1.80 1.49 1.33 1.48 1.73 2.43 1.99 1.98 3.49 2.50 3.70 2.75 2.73 2.72 2.70 2.67 2.65 2.63 2.61 2.59 2.47 2.45 2.64 2.61 2.17 2.25 2.13 2.10
3.23 3.27 3.30 2.03 3.38 1.83 3.44 1.88 3.56 6.02 2.21 1.88 2.26 2.28 3.14 1.97 2.08 1.84 1.99 5.29 2.20 2.22 3.39 2.25 1.86 1.87 1.89 1.90 1.92 1.93 2.04 2.38 2.39 1.98 4.18 3.00 2.11 2.02 4.37 2.47 2.04 2.05 0.66 1.51 0.64 0.64 4.34 4.34 1.52 1.52 0.63 0.63 1.51 1.50 0.64 0.77 1.49 1.17 1.17 1.31 3.67 4.18 3.09 2.07 2.05 1.94 2.13 2.74 2.72 2.70 2.68 2.66 2.64 2.61 2.59 2.27 2.35 2.23 2.62 4.21 2.26 2.23 2.21 2.19
1.95 3.22 1.75 2.01 2.04 2.06 2.08 6.10 3.48 2.16 1.84 1.86 3.62 1.99 1.93 1.95 5.02 1.94 3.05 2.15 3.81 2.19 2.20 1.82 1.83 1.85 1.86 1.88 2.76 2.00 2.34 1.93 2.36 2.38 1.97 4.16 1.02 2.00 2.01 2.02 2.02 2.03 2.34 0.65 0.63 3.37 4.31 4.31 1.35 0.62 0.62 0.62 0.64 0.63 0.63 0.63 0.63 1.16 1.30 1.30 3.10 2.07 1.96 1.95 2.36 2.35 2.01 1.90 3.61 2.68 2.66 2.64 2.40 2.38 2.27 2.25 2.33 3.85 2.61 2.27 2.24 2.22 2.20 2.59
1.93 1.95 1.97 3.28 2.02 2.04 6.00 3.41 3.44 3.48 5.08 1.92 1.95 1.97 1.91 4.94 1.95 1.35 1.94 1.96 1.98 1.77 1.78 1.80 1.81 1.83 1.84 1.85 1.87 1.88 2.31 2.32 2.34 2.35 1.94 3.42 1.97 1.01 1.99 1.99 2.00 2.01 0.64 0.64 0.62 0.62 0.62 0.62 0.62 0.62 0.32 0.61 0.63 0.63 2.96 2.95 0.63 0.62 1.15 3.64 2.07 1.96 2.37 2.04 2.34 1.91 2.31 1.98 2.13 2.66 2.64 2.62 2.83 4.28 2.68 2.66 2.64 2.30 2.18 2.25 2.23 2.21 2.60 2.58
1.67 1.93 1.72 1.66 1.75 2.02 3.36 2.06 2.09 3.45 2.14 2.16 2.18 3.59 1.89 1.91 1.32 1.33 0.83 2.10 1.96 1.97 1.76 1.77 1.79 1.80 1.82 1.83 1.85 1.86 2.28 2.30 2.31 2.01 2.34 2.35 1.95 4.13 2.39 1.97 1.98 1.99 1.30 0.64 0.32 2.95 0.62 0.62 0.61 0.61 0.61 0.61 0.62 0.62 0.62 2.93 0.32 0.62 1.14 3.62 4.12 2.04 1.93 1.92 2.80 1.90 2.30 2.28 2.11 2.04 2.62 2.60 2.37 2.69 2.67 2.64 4.09 4.06 2.58 2.24 2.22 2.61 2.59 2.56
1.89 1.91 1.94 1.96 1.98 2.00 2.02 1.80 1.74 3.42 2.11 2.14 2.16 1.93 2.21 1.88 1.30 1.32 1.64 2.49 1.92 1.93 1.95 1.75 1.77 1.78 2.19 2.21 1.83 1.84 1.85 1.87 2.29 1.99 1.90 1.91 1.92 2.36 2.37 2.38 2.39 2.40 2.41 0.62 0.60 1.30 0.60 0.61 0.60 0.60 0.60 0.60 0.62 0.62 0.61 0.61 0.61 0.31 1.68 3.59 2.04 1.93 1.92 1.91 1.90 1.88 1.87 1.86 2.09 2.07 2.01 2.59 2.27 2.25 2.65 4.10 4.07 2.58 2.56 2.76 2.62 2.60 2.57 2.55
1.64 1.66 1.92 1.94 1.96 1.98 2.00 1.78 2.05 1.74 2.09 2.12 2.14 1.83 1.93 1.95 1.80 0.51 1.63 1.64 1.65 1.67 2.50 1.73 1.75 1.76 2.17 2.19 1.80 1.82 1.83 2.25 1.86 1.97 1.88 1.89 2.32 3.34 3.60 2.36 2.37 2.37 2.38 0.99 0.59 0.59 0.60 0.60 0.59 0.59 0.59 0.59 0.61 0.61 1.28 0.61 0.60 0.30 1.12 1.11 2.02 2.33 2.32 2.31 1.88 1.87 2.27 3.06 2.07 2.06 2.04 2.18 2.68 2.23 4.11 4.08 2.59 2.57 2.77 2.75 2.72 2.58 2.56 2.53
4.35 1.65 1.89 1.92 1.63 1.96 1.67 1.69 2.03 1.80 1.75 1.77 1.79 1.81 1.91 1.84 1.77 0.71 0.72 1.62 1.39 1.41 1.35 1.71 1.73 2.13 1.85 2.16 2.18 2.20 2.21 2.23 1.93 1.85 1.86 1.87 1.89 1.90 3.32 2.33 2.34 2.35 2.36 5.93 5.94 0.59 0.59 0.59 0.59 0.59 0.59 0.59 0.61 0.60 0.60 0.60 0.60 0.59 1.11 1.10 4.05 1.90 2.30 3.99 1.97 1.95 1.94 1.93 2.06 1.81 1.79 1.78 1.76 1.97 4.09 4.06 2.58 2.67 2.76 4.52 2.59 4.44 2.55 2.52
3.01 1.63 1.88 1.67 1.93 1.63 1.97 1.99 2.01 1.79 1.81 1.75 1.77 1.79 1.81 1.82 0.49 0.50 1.79 1.80 1.38 1.39 4.20 1.66 1.71 2.11 2.12 2.14 1.76 2.60 1.79 3.86 2.22 1.83 2.25 2.26 1.87 1.88 1.89 2.79 1.91 1.92 1.92 5.88 5.90 5.92 5.93 4.12 4.13 0.58 0.58 0.58 1.27 0.60 0.59 0.59 0.59 0.59 0.58 0.58 4.02 1.89 1.88 2.27 1.95 1.84 1.83 2.22 2.21 1.79 1.78 1.76 1.75 1.73 1.94 4.03 2.25 2.23 2.21 2.72 2.69 2.56 2.64 2.51
2.99 1.62 1.86 1.88 1.90 1.93 1.95 1.97 1.99 2.01 2.04 2.06 1.83 1.77 1.79 0.47 0.48 0.53 0.70 1.78 1.80 1.61 1.63 1.64 1.65 1.67 3.00 2.12 2.13 1.76 1.77 2.18 1.80 1.81 1.83 1.84 1.85 1.86 1.97 2.29 2.30 1.90 1.91 5.58 5.86 5.88 5.89 5.90 4.10 0.58 0.58 0.58 1.26 0.58 0.70 1.24 0.57 0.69 0.57 0.56 2.11 3.36 2.27 1.85 1.84 2.23 1.82 1.90 1.89 2.01 2.00 1.75 1.74 2.11 2.09 1.66 2.23 2.22 2.19 2.48 2.68 2.54 2.21 2.19
2.97 1.61 2.59 1.64 1.66 1.90 1.93 1.95 1.97 2.00 3.31 3.22 3.20 2.08 2.10 0.66 0.47 1.73 0.69 0.70 0.71 1.80 0.56 1.31 1.64 1.65 1.67 1.71 5.16 1.83 1.76 1.77 2.18 2.19 2.21 1.82 1.83 1.84 1.85 2.71 1.87 1.88 1.89 1.90 1.90 5.84 5.85 5.86 5.87 0.57 0.57 0.57 0.58 0.58 1.72 0.57 0.57 0.57 0.56 2.10 2.09 1.96 2.25 1.84 2.23 2.22 1.81 1.80 1.88 1.77 3.77 1.74 2.11 2.09 1.66 1.65 1.63 2.11 2.49 4.09 2.45 2.64 2.20 2.18
1.80 2.98 1.61 1.63 4.11 1.89 1.92 1.94 1.96 1.98 2.00 2.02 2.04 2.06 4.58 0.46 0.66 0.47 0.68 0.69 0.49 0.70 0.50 0.72 1.62 1.63 1.41 0.82 3.69 1.82 3.74 1.75 2.16 1.87 1.88 1.80 1.91 1.92 1.84 1.84 1.86 1.87 1.87 1.88 1.89 0.94 5.81 2.11 2.09 0.57 0.57 0.57 0.57 0.57 1.38 0.57 0.56 0.56 1.36 2.27 1.95 2.25 1.84 2.23 1.91 2.20 2.19 2.18 1.77 1.76 2.13 1.73 2.10 1.67 1.41 1.64 1.31 1.81 4.11 2.06 2.43 2.21 2.60 2.16
1.79 1.81 1.60 3.01 1.86 1.87 1.89 1.92 1.94 1.96 1.98 2.00 1.78 2.04 2.06 0.65 0.65 0.66 0.67 0.68 0.69 0.49 0.50 0.50 0.51 1.62 1.63 4.33 1.42 3.69 1.81 3.74 3.76 3.78 2.59 1.78 1.89 1.90 2.22 1.83 1.84 1.85 1.86 1.86 1.87 1.88 2.29 1.89 1.89 2.31 1.38 0.56 0.56 0.56 0.56 0.56 3.98 3.97 1.86 2.04 1.84 1.93 2.22 1.81 2.20 1.89 2.18 2.16 2.15 1.74 2.12 2.10 1.35 1.66 1.40 1.63 1.61 0.55 1.78 2.44 2.42 4.34 2.59 2.57
1.78 1.51 1.81 2.99 1.62 1.56 1.58 1.67 1.69 1.94 1.96 1.99 2.01 1.70 2.04 0.49 0.50 0.50 0.51 0.67 0.68 0.48 0.69 0.70 0.50 0.51 1.62 2.99 1.40 1.34 1.67 2.10 2.12 3.75 2.15 2.58 1.78 2.19 1.80 1.81 1.82 1.83 1.84 1.85 1.85 1.86 1.87 1.87 1.88 2.29 2.29 2.07 2.05 0.55 0.55 0.55 1.20 1.85 1.84 2.02 1.83 2.22 2.21 1.80 2.19 1.78 1.77 2.15 1.84 1.73 1.72 2.09 1.66 1.40 1.39 1.38 1.81 0.55 1.77 1.75 4.00 2.39 2.58 2.55
1.77 1.78 1.80 2.97 1.61 1.84 1.64 1.58 1.60 1.62 1.64 1.97 1.67 1.69 0.43 0.44 0.45 0.65 0.65 0.69 0.47 0.48 0.48 0.54 0.70 0.50 0.72 1.62 1.63 1.40 2.09 1.67 1.81 3.73 2.13 2.14 3.79 1.78 2.18 2.19 1.81 1.82 2.23 1.83 1.84 1.85 1.95 1.95 1.86 3.48 1.86 1.86 2.27 1.86 0.54 0.54 1.84 1.84 1.83 2.22 1.91 1.80 2.19 2.18 1.87 2.16 2.15 1.74 2.71 1.81 1.80 1.42 3.02 3.00 1.38 0.56 0.55 0.55 0.54 1.74 0.68 2.37 2.56 2.54
1.76 1.77 1.50 1.51 1.59 3.00 1.62 1.57 1.88 1.90 1.62 1.71 3.24 1.67 0.43 0.43 0.63 0.45 0.45 0.65 0.55 0.47 0.48 0.48 0.49 0.70 0.71 0.72 1.62 2.99 1.64 1.65 1.35 2.10 1.73 2.12 2.14 1.85 5.09 1.78 1.79 1.80 1.90 1.82 1.82 1.83 1.93 1.94 2.25 1.85 1.94 3.15 2.70 1.84 0.54 1.83 1.83 1.82 1.82 1.81 1.89 1.79 2.18 2.17 2.16 2.14 1.74 1.73 1.72 2.09 1.66 1.65 3.00 2.98 0.56 0.55 0.71 0.76 0.75 1.73 1.72 0.79 2.55 2.53
1.75 1.48 1.77 1.79 2.95 1.60 1.83 1.63 1.87 1.89 1.68 1.94 1.95 1.66 0.42 0.61 0.43 0.44 0.74 0.45 1.68 0.47 0.47 0.48 0.69 0.69 0.70 0.71 0.72 1.61 1.63 1.33 1.65 1.66 1.71 1.72 2.12 1.84 1.85 3.79 2.17 2.18 2.19 1.80 2.21 2.21 2.22 1.82 1.83 1.83 1.83 2.02 2.00 1.83 2.00 1.82 1.81 1.81 1.80 1.89 1.88 1.78 1.86 1.76 2.14 2.13 1.73 1.72 1.71 1.66 1.41 1.33 1.32 1.61 0.56 0.55 0.70 0.82 1.03 0.57 0.56 0.72 0.77 2.52
