New_Model_Runs/1_Original_run_out/post_prcessed_with_MFR/Monthly_summaries/runoff_monthly_JUN.asc
NCOLS 700
NROWS 400
XLLCENTER 515000.000000
YLLCENTER 8409000.000000
CELLSIZE 50.000000
NODATA_value -999.000000
[rows 228 to 265 of 400, columns 168 to 251 of 700]
3.40 3.40 5.77 5.77 3.44 2.61 2.61 2.61 2.61 2.62 2.62 2.62 2.62 2.63 4.17 4.30 2.86 3.23 5.67 2.43 2.44 3.25 2.44 3.25 5.69 2.66 2.44 2.66 2.66 2.66 2.65 2.87 2.64 3.22 4.50 1.85 0.60 0.60 0.59 0.59 0.59 0.58 0.58 0.58 0.99 0.57 0.56 0.56 0.56 0.55 0.55 0.55 0.55 0.55 0.55 1.88 0.99 1.00 3.12 3.13 3.20 3.21 3.24 3.26 4.89 3.35 3.37 3.40 3.43 3.46 3.49 3.53 3.51 3.54 3.57 3.60 3.54 3.55 3.56 3.56 3.49 3.47 1.78 3.43
3.38 3.39 3.39 3.40 3.43 3.43 2.60 2.60 3.43 4.13 2.61 4.14 4.14 2.62 2.62 2.63 2.86 2.64 2.64 2.64 2.43 5.68 2.44 2.44 5.68 3.80 3.80 2.44 3.80 2.44 2.43 2.43 5.65 5.64 3.21 2.62 2.61 2.61 0.49 3.11 0.59 0.58 0.58 0.58 0.57 0.65 0.46 0.46 0.46 0.55 0.55 0.55 0.97 2.98 2.98 2.99 3.03 3.04 3.12 3.14 3.20 3.22 1.28 3.26 3.32 4.93 3.38 3.41 3.43 3.46 3.50 1.40 1.42 1.75 1.77 3.60 3.54 3.55 3.55 3.55 3.47 1.78 1.77 3.41
5.59 5.60 6.08 6.09 6.13 6.14 6.15 3.43 5.25 2.60 2.60 2.61 4.12 2.61 2.62 2.62 4.29 2.63 2.63 2.64 3.23 2.43 2.43 2.43 2.44 2.44 2.44 2.43 2.43 5.45 5.66 5.65 2.42 2.41 2.41 7.65 2.40 5.59 3.17 2.37 2.57 2.56 0.58 0.57 0.57 2.63 0.46 0.46 0.46 0.46 0.55 0.54 0.54 0.97 0.97 3.00 3.03 3.11 3.13 3.14 3.20 3.22 3.24 3.26 3.33 3.35 3.38 3.41 3.44 3.47 1.75 1.77 1.42 1.75 3.57 3.59 3.53 3.54 3.54 3.53 3.45 2.61 1.75 3.38
5.56 5.57 5.58 5.59 6.11 6.12 6.12 14.55 6.13 3.41 3.42 2.59 2.60 2.60 2.60 4.13 2.61 2.62 2.62 4.29 2.86 2.86 2.64 5.66 2.43 4.79 2.43 2.43 2.43 5.65 10.22 5.64 2.41 2.41 2.40 2.40 4.73 5.58 5.56 2.37 2.36 2.56 2.55 2.54 2.32 2.31 0.46 0.46 0.96 0.96 0.96 0.96 0.97 0.97 0.97 0.98 1.00 3.11 3.13 3.14 3.20 3.22 3.24 1.69 1.30 1.32 3.38 3.41 3.10 3.13 3.50 1.40 1.42 3.54 3.56 3.58 3.52 3.52 3.52 3.51 1.76 1.75 3.37 6.08
6.10 6.11 6.12 6.13 6.16 6.17 16.87 11.44 6.15 3.53 6.16 2.58 2.59 2.59 4.11 2.60 2.60 2.61 2.61 2.62 4.28 2.85 7.86 2.63 2.63 4.78 2.86 2.63 2.42 2.41 5.63 5.63 3.20 2.40 2.40 4.20 14.62 4.95 4.58 3.14 2.35 2.34 2.33 2.32 2.31 3.07 2.11 2.10 2.14 0.99 0.99 0.99 1.00 1.00 1.01 1.01 1.02 1.16 4.02 5.23 5.31 3.26 5.37 1.29 3.05 1.67 1.33 1.34 3.47 3.50 2.35 1.40 3.53 3.55 3.58 3.60 3.50 3.50 3.49 6.24 3.41 3.38 3.36 3.33
5.59 5.60 6.09 6.10 6.13 11.40 6.14 6.15 6.12 6.13 6.14 4.21 4.20 6.11 6.12 2.58 4.09 2.59 2.60 2.60 2.61 2.61 3.85 2.62 2.62 4.76 2.85 2.62 2.62 4.96 2.62 5.61 2.61 3.70 4.19 7.76 7.75 4.08 4.07 4.38 2.51 2.33 3.33 2.31 2.30 3.06 2.10 2.09 2.13 4.53 2.32 2.13 3.05 1.00 1.01 1.01 1.16 1.16 1.17 3.19 3.24 3.26 3.28 3.30 1.30 1.31 3.49 1.34 1.35 1.37 1.47 1.40 1.41 3.54 3.56 3.58 3.48 3.48 11.21 6.19 3.38 3.35 3.32 3.29
5.55 5.56 5.57 5.59 6.09 11.34 6.11 6.12 6.09 6.10 6.11 6.11 5.60 6.08 8.40 6.84 2.57 2.58 2.58 2.59 2.59 6.73 2.60 4.42 2.60 4.73 2.61 2.61 2.61 5.59 4.73 2.58 5.34 5.33 5.55 3.67 3.66 4.07 3.13 2.77 2.12 2.11 2.10 2.09 5.41 2.10 2.31 5.94 5.93 2.47 3.39 3.40 3.40 5.48 3.07 3.07 1.15 1.16 1.16 1.17 3.24 3.25 3.27 3.30 1.30 1.31 1.68 1.69 1.71 1.73 1.74 2.36 1.41 3.53 3.55 3.56 3.46 1.75 3.44 3.42 3.35 3.32 3.29 3.25
5.51 5.52 5.53 5.55 5.57 16.70 5.59 5.60 5.58 5.59 5.59 5.60 5.57 5.58 5.58 3.13 2.55 3.11 2.56 2.57 2.57 2.58 2.58 2.81 2.59 4.71 4.10 2.59 2.59 2.38 2.57 2.57 3.10 3.09 5.52 7.23 3.51 4.05 2.77 2.76 2.11 2.57 2.09 3.53 2.10 2.09 2.09 2.30 5.92 2.47 2.47 3.39 5.93 7.51 4.08 3.42 0.73 0.75 0.75 1.17 3.23 3.25 3.27 3.29 3.35 1.66 1.67 1.69 1.70 1.72 3.51 1.39 6.29 6.33 3.53 3.54 1.42 3.43 3.41 6.09 3.32 3.28 3.25 3.21
5.53 5.55 5.56 5.58 5.60 6.10 6.11 6.12 5.60 6.09 6.10 6.11 5.56 5.57 5.58 5.58 5.52 3.09 2.54 2.55 2.55 2.56 2.56 2.56 2.57 2.55 3.10 3.10 2.57 6.11 6.11 2.54 3.06 3.06 3.05 4.11 4.08 3.48 4.62 2.48 2.31 0.77 2.10 2.09 3.05 3.05 3.04 2.14 2.48 3.06 4.59 2.47 3.52 12.80 3.95 3.96 1.23 1.24 3.20 1.25 3.24 3.26 1.61 1.63 1.64 1.65 3.29 1.68 2.90 1.35 3.48 3.50 3.43 3.45 3.18 3.16 3.39 3.38 3.36 3.33 3.33 3.29 3.26 3.22
5.48 5.50 5.52 5.53 5.56 10.55 5.59 5.60 5.56 5.57 5.58 5.59 5.53 5.53 5.54 5.55 5.48 5.27 3.07 2.53 2.53 2.53 2.54 2.54 2.55 2.55 2.53 3.08 2.55 2.77 6.07 4.64 2.55 2.54 2.13 0.78 4.06 7.61 2.47 2.32 0.77 0.76 2.09 2.08 3.04 2.14 2.13 2.13 2.48 3.06 3.06 2.68 3.52 3.52 3.94 1.56 1.31 1.23 1.24 1.58 1.25 1.26 1.61 1.36 1.63 3.26 3.28 3.30 3.68 1.70 5.05 6.26 3.41 3.43 3.44 3.45 6.06 3.35 3.33 3.30 3.29 3.26 3.22 3.18
4.52 4.54 5.46 5.48 5.51 5.53 5.54 5.55 5.52 5.53 5.54 5.55 5.49 5.50 5.50 5.51 8.19 3.04 3.05 2.51 2.51 2.51 2.52 3.99 2.52 2.74 5.24 3.05 2.53 2.51 2.51 6.88 2.53 3.99 2.52 2.48 1.49 4.57 2.50 2.30 0.76 2.08 2.08 2.07 2.13 2.13 2.13 2.13 3.05 2.33 2.47 2.67 2.26 3.39 3.39 1.22 2.20 1.23 1.31 1.58 1.58 1.59 1.60 1.61 1.28 1.64 1.65 1.66 3.58 1.69 1.78 3.46 1.37 6.15 3.41 3.42 3.33 3.32 3.29 3.26 10.79 3.22 3.18 3.14
4.47 4.49 4.51 4.52 5.46 5.47 5.49 5.50 5.47 5.48 5.49 5.51 4.54 5.45 5.46 5.47 4.50 2.48 2.48 2.48 2.49 2.49 2.49 3.43 3.43 2.50 2.13 2.13 2.12 2.12 2.12 2.12 2.11 2.10 3.38 2.32 4.41 2.29 2.90 0.75 2.08 2.07 2.07 2.06 2.12 2.12 2.44 2.44 2.44 2.32 2.24 3.05 2.67 2.67 2.46 1.29 1.22 1.22 1.56 1.57 1.24 1.59 1.60 1.61 1.28 1.63 1.64 1.65 1.67 1.33 2.26 1.35 1.35 3.37 3.38 3.38 3.30 3.28 3.26 3.23 3.21 3.17 3.13 3.09
4.45 4.47 4.49 4.50 4.50 10.10 4.54 5.46 4.51 4.52 4.53 4.54 4.48 4.49 4.50 4.51 3.70 3.90 2.46 3.91 2.68 4.49 4.49 3.40 3.40 3.41 2.13 2.13 2.11 2.12 2.12 2.11 5.94 5.94 5.93 2.08 2.07 6.46 3.62 2.06 2.11 2.10 2.10 2.10 2.13 2.43 2.13 2.43 5.29 5.30 2.23 2.65 2.66 5.32 2.45 0.73 1.21 1.22 1.22 1.56 3.12 1.58 1.59 1.60 1.27 4.55 2.31 1.64 2.35 1.31 1.32 3.01 3.31 3.32 3.33 3.33 3.29 3.27 3.24 5.29 3.22 3.18 3.14 3.10
4.39 9.00 4.43 4.45 4.45 4.47 4.48 4.50 4.46 4.47 4.48 9.09 4.44 4.45 4.46 4.47 4.42 3.67 3.68 3.88 3.69 4.45 4.45 4.46 4.47 4.47 2.10 2.11 2.09 2.09 2.09 2.09 2.07 2.06 2.28 2.06 2.06 2.05 2.27 2.05 2.09 2.09 2.09 2.09 2.12 2.42 2.42 2.42 2.43 2.43 2.98 2.64 2.99 2.99 2.44 1.35 0.73 1.54 1.22 1.22 3.11 3.12 1.58 1.59 2.72 1.61 1.27 1.28 1.29 1.65 1.31 3.33 5.41 3.28 3.29 3.29 3.25 3.23 3.20 3.17 3.18 3.14 3.09 3.05
4.32 4.35 4.37 4.39 4.39 9.03 9.06 12.81 4.40 4.42 17.19 8.99 4.39 4.40 4.41 4.42 4.37 4.38 3.84 4.40 4.41 4.41 4.42 4.42 4.43 4.43 4.44 4.44 2.07 2.07 2.07 2.07 2.05 2.04 2.04 2.04 2.04 2.04 2.03 2.03 2.08 2.08 2.08 2.07 2.62 2.41 2.41 5.34 5.30 5.26 2.63 2.42 2.42 2.43 2.43 0.72 0.72 1.20 1.54 1.54 3.09 3.10 1.57 1.57 3.15 1.59 1.26 1.61 1.62 1.63 1.29 3.29 3.24 3.24 3.25 3.25 3.20 3.19 3.16 3.13 3.14 3.09 3.05 3.00
4.26 4.28 4.30 4.32 4.33 4.35 4.37 4.39 4.34 4.36 4.38 4.39 8.88 8.90 8.93 8.87 4.33 4.34 4.35 4.36 4.37 4.37 4.38 4.38 4.39 4.40 4.40 4.40 4.38 4.38 2.05 2.05 2.03 2.03 2.02 2.02 2.02 2.02 2.02 2.02 2.07 2.06 2.06 2.26 2.61 2.61 2.61 3.47 2.61 2.09 2.09 2.62 2.41 2.41 0.71 0.71 0.72 0.72 1.20 1.53 1.54 3.08 1.55 1.31 1.31 1.58 1.25 1.26 1.60 1.61 3.25 3.26 3.20 3.20 3.21 3.20 3.16 3.14 3.12 1.25 3.09 3.05 3.00 1.16
4.17 4.19 12.35 8.54 4.20 11.48 4.24 4.26 4.21 4.23 4.25 4.26 4.24 4.26 4.27 4.29 4.28 4.29 4.30 4.31 4.34 4.35 4.36 4.36 4.40 4.40 4.41 4.41 4.39 4.39 4.40 2.06 2.02 2.02 2.02 2.02 2.04 2.03 2.03 2.03 2.06 2.06 2.06 2.39 1.46 2.59 4.39 1.46 2.05 2.05 2.05 2.05 2.08 2.94 0.71 0.71 0.71 0.71 1.19 1.19 1.53 1.53 1.60 1.55 1.30 1.56 1.57 1.24 1.58 1.59 3.20 3.20 3.17 3.18 3.18 3.18 3.15 3.13 1.24 1.23 3.06 3.02 2.97 1.14
4.10 4.12 4.15 4.17 4.13 4.15 7.38 4.19 4.15 4.17 4.19 4.21 4.19 4.21 4.22 4.24 4.23 4.24 8.71 4.27 4.30 4.31 4.31 4.32 4.36 4.36 4.37 4.37 4.35 4.36 4.36 2.04 2.01 2.01 2.01 2.01 2.02 2.02 2.02 1.44 2.04 2.04 2.04 2.37 2.37 3.45 2.04 2.04 2.03 5.73 2.04 2.04 5.19 2.92 0.70 0.70 0.70 0.71 1.18 1.26 1.51 1.52 1.52 1.53 1.54 1.54 1.55 1.56 1.56 3.14 3.16 1.58 3.13 3.13 7.99 3.13 3.10 1.23 1.73 1.20 1.55 2.97 2.92 1.12
4.02 11.83 4.08 4.10 4.06 4.08 7.19 4.13 4.09 4.11 4.13 3.08 2.51 4.15 4.17 4.18 4.18 3.15 3.16 4.22 4.25 4.26 4.27 4.28 4.31 4.32 4.33 4.33 4.31 4.32 4.32 4.32 1.99 1.99 1.99 1.99 2.00 2.00 2.00 2.00 2.03 2.03 2.03 3.26 2.35 2.02 2.02 5.70 5.70 5.70 5.70 2.02 2.90 2.16 2.49 0.70 0.70 0.70 1.24 1.25 1.25 1.50 1.18 1.51 1.52 1.53 1.53 3.12 1.21 4.65 1.55 1.22 1.30 1.22 3.08 3.07 3.04 5.01 3.00 2.97 2.96 2.92 1.12 1.09
3.95 3.98 4.00 4.03 3.99 4.01 4.04 4.06 4.03 4.05 4.07 3.03 2.47 4.09 4.11 4.12 6.50 3.11 4.15 4.16 4.20 4.21 4.22 4.23 4.27 4.28 4.28 4.29 4.27 8.71 4.28 4.29 4.23 1.97 3.10 1.97 1.98 1.98 1.98 1.98 2.01 2.01 2.01 2.33 3.43 2.01 5.22 5.66 5.66 5.66 2.00 2.01 2.88 5.13 0.67 0.67 0.69 1.15 1.16 1.48 1.54 1.49 2.98 1.49 1.18 1.51 1.51 2.59 3.05 3.06 4.59 1.52 3.03 4.97 3.02 3.02 1.51 2.97 2.95 2.92 2.91 2.87 1.09 1.07
3.84 3.86 6.87 3.92 3.88 3.91 3.93 3.95 3.93 3.95 2.40 2.14 4.00 4.02 4.04 4.05 5.08 3.06 3.08 4.11 4.15 4.16 4.18 12.23 4.23 4.24 4.25 4.26 8.66 4.25 4.25 4.26 4.23 1.97 1.97 1.97 1.98 1.98 1.99 1.99 1.98 1.98 1.98 1.98 1.97 1.97 6.32 5.62 5.62 5.62 1.99 1.99 2.32 0.68 0.68 0.66 1.14 1.14 1.14 1.14 2.94 1.22 2.95 2.96 1.16 1.48 1.49 1.17 1.49 1.17 1.18 1.18 1.50 2.99 2.98 1.48 1.16 1.47 1.45 1.13 2.88 2.84 1.07 1.05
3.76 3.79 3.82 3.84 3.81 3.84 3.86 3.88 3.86 3.88 2.77 1.27 1.80 1.81 3.92 3.99 2.43 3.02 3.03 4.05 4.09 4.11 4.12 4.13 4.18 4.19 4.20 4.21 4.19 4.20 4.21 4.21 4.19 1.95 1.95 1.95 1.96 1.96 1.96 1.97 1.95 5.57 5.57 5.57 1.95 4.69 10.15 5.58 5.58 5.58 1.39 1.97 2.10 0.67 0.67 0.66 1.43 1.44 1.13 1.13 1.13 1.21 1.45 1.46 1.14 1.46 1.15 1.15 1.65 1.47 1.47 1.15 1.15 1.22 2.92 1.49 2.13 1.43 1.42 1.40 1.38 2.78 1.04 1.02
3.68 3.71 3.74 3.77 3.74 3.76 3.79 6.75 3.79 1.74 1.75 1.24 1.24 1.78 2.80 2.11 1.81 3.96 2.41 2.42 4.03 4.05 4.06 4.08 4.12 4.14 4.15 4.16 4.14 4.15 4.16 4.16 4.14 4.15 1.93 1.93 1.94 1.94 1.94 1.94 1.93 5.52 5.53 5.53 5.53 5.53 5.53 5.53 5.53 5.54 1.95 1.95 1.39 0.66 0.66 0.66 1.11 1.42 1.42 1.12 1.43 1.12 1.12 2.89 1.13 1.13 1.13 1.13 1.61 1.13 1.13 1.13 1.12 1.19 1.42 2.85 2.09 1.09 1.38 2.77 1.35 2.70 2.66 1.00
3.60 3.63 3.66 3.69 3.66 3.69 6.57 3.74 3.72 3.74 1.71 1.21 1.22 1.74 3.87 1.24 1.77 1.26 2.37 2.38 3.97 3.99 4.00 4.02 4.07 4.08 4.09 7.27 7.26 4.10 4.11 4.11 4.09 1.90 1.90 1.90 1.91 1.91 1.92 1.92 1.91 5.47 5.47 5.48 5.48 5.48 5.48 5.48 5.49 1.93 1.93 1.36 2.25 0.65 0.65 0.65 2.86 1.40 1.40 1.40 1.41 1.41 1.10 1.11 1.11 1.11 1.11 1.11 1.11 1.11 1.10 1.10 4.30 2.81 1.39 1.15 1.37 1.36 1.35 1.33 1.31 2.64 1.05 1.03
3.55 3.58 3.61 3.64 3.61 3.64 3.67 3.70 3.65 3.68 3.70 1.69 1.68 1.70 1.31 2.42 1.73 1.23 1.23 3.85 3.92 3.93 3.95 3.96 7.14 4.05 4.06 7.19 4.08 4.09 4.10 4.11 4.10 1.90 1.90 1.91 1.90 1.90 1.91 1.91 1.87 5.42 5.42 5.42 5.43 2.02 2.02 2.03 1.91 1.91 1.91 1.35 1.36 0.64 0.64 0.64 1.08 1.08 1.08 1.15 1.15 1.39 1.39 1.39 1.16 1.16 1.09 1.09 1.09 1.08 1.08 1.08 4.22 1.07 1.06 1.05 1.34 1.10 1.09 1.30 1.28 2.57 2.53 1.00
3.47 3.50 3.53 3.56 3.53 3.56 6.31 3.62 3.58 3.60 4.95 1.65 1.16 1.27 2.85 3.71 1.19 1.20 1.21 3.79 3.85 3.87 3.89 3.90 6.99 3.99 7.10 4.02 4.02 4.03 4.04 4.05 4.05 1.87 1.87 1.88 1.87 1.88 1.88 1.88 1.84 4.50 5.36 4.07 4.07 1.85 1.85 2.19 1.88 1.88 2.39 2.39 2.39 0.72 0.55 0.62 0.63 0.63 1.07 1.36 1.14 2.76 1.14 1.07 1.07 1.07 1.07 1.36 1.06 1.06 1.06 1.49 1.05 1.33 1.32 1.09 1.30 1.29 1.06 1.26 1.03 1.01 2.47 2.43
3.39 3.42 3.45 3.48 3.46 3.49 3.52 3.54 6.18 3.53 3.56 1.61 1.13 1.24 1.25 1.26 1.16 1.67 1.18 3.72 3.79 3.80 3.82 3.84 3.91 3.93 3.94 3.96 3.96 3.97 3.98 4.00 3.99 1.84 1.84 1.85 1.84 1.85 1.85 2.91 1.82 4.41 5.30 5.31 1.82 1.82 1.82 1.82 1.86 1.86 2.16 2.36 0.71 0.62 0.62 0.62 0.62 1.05 1.05 1.34 2.72 1.12 1.34 1.34 1.05 1.04 1.34 1.33 1.04 1.03 1.03 1.02 1.31 1.30 1.29 1.28 1.26 1.25 1.24 1.22 2.48 1.18 1.16 2.36
1.80 3.34 3.37 3.40 3.38 3.41 3.44 3.47 5.94 3.45 3.48 1.57 1.10 1.21 2.28 1.23 1.73 1.14 1.64 3.65 3.72 3.74 3.76 3.78 3.85 3.86 3.88 3.89 3.90 3.91 3.92 3.94 1.80 1.81 1.81 1.82 1.81 1.82 2.85 1.82 1.79 1.79 5.24 5.25 2.12 1.79 1.79 1.80 1.83 2.13 2.13 2.13 0.70 0.70 0.61 1.03 1.03 1.03 1.03 1.32 2.68 2.68 2.68 1.31 1.31 1.31 2.66 1.08 1.30 1.01 1.00 1.00 1.27 2.59 1.25 1.24 1.23 1.01 0.99 0.98 2.41 0.95 0.93 1.10
3.06 3.28 3.31 3.34 3.31 8.62 3.37 5.83 3.33 3.36 3.39 2.61 1.16 1.17 1.19 1.34 2.71 1.11 1.60 3.57 3.67 3.69 3.71 3.73 1.74 3.83 3.84 3.86 3.89 3.90 1.79 1.80 1.81 1.81 1.82 1.82 1.80 1.81 1.81 1.81 1.75 1.75 1.75 1.76 1.75 1.75 1.75 1.76 1.27 2.29 2.29 2.29 0.60 0.60 0.60 1.01 1.01 1.01 1.01 1.01 1.29 1.29 1.29 1.29 1.29 1.28 1.28 0.99 0.99 0.98 0.98 0.97 1.24 1.23 1.22 1.00 0.93 1.18 1.16 2.38 2.34 1.11 1.57 1.07
1.70 9.76 5.71 3.26 3.23 3.26 3.29 5.69 3.26 3.29 3.31 2.30 1.13 1.14 2.61 2.63 1.32 1.08 1.56 3.50 3.60 3.62 3.64 1.65 1.70 2.66 3.78 3.79 1.74 1.75 1.76 1.77 1.77 1.78 1.79 1.79 1.77 1.78 1.78 1.78 1.72 1.72 1.72 1.73 1.72 1.72 1.72 1.73 2.07 2.26 2.07 2.07 0.59 0.59 0.99 0.99 0.99 1.05 1.05 1.27 1.27 1.27 1.26 1.26 1.26 1.25 0.97 1.25 0.97 0.96 1.23 1.22 0.94 0.99 1.19 1.17 1.16 1.15 1.13 1.11 0.90 1.07 0.87 0.80
1.42 1.67 3.15 3.19 5.51 3.18 3.21 3.24 3.18 3.21 1.97 1.00 2.26 2.28 1.47 1.48 1.50 1.51 1.52 3.43 3.53 3.55 3.57 1.62 1.66 1.67 3.71 3.73 1.71 3.75 1.72 1.73 1.74 1.74 1.75 1.76 1.74 1.74 1.75 3.30 2.61 1.69 1.69 1.70 1.69 1.69 1.70 1.32 1.32 1.33 1.33 1.33 0.97 1.25 0.97 0.97 1.03 1.03 1.03 0.97 1.24 1.24 1.24 1.02 1.02 0.95 0.95 0.95 1.21 1.20 1.19 0.92 0.91 0.90 0.90 1.14 1.13 1.11 1.10 1.08 0.87 1.04 0.79 0.77
1.38 1.62 1.64 3.11 3.08 3.11 3.14 3.17 3.11 1.37 1.39 1.40 1.40 1.41 1.43 1.44 1.46 1.47 1.48 1.49 3.46 3.48 3.50 1.58 1.62 1.63 1.64 1.65 1.67 1.68 1.69 1.69 1.70 1.71 1.72 1.72 2.66 1.71 1.71 1.72 1.66 1.66 1.66 1.67 1.66 1.66 1.67 1.67 1.30 1.45 1.30 0.95 0.95 0.95 0.95 0.95 1.01 1.22 0.95 1.22 0.95 1.21 1.21 0.94 1.00 0.99 0.93 0.92 0.92 1.17 1.16 0.90 0.89 0.88 0.87 0.92 0.85 1.08 0.88 0.81 2.16 1.01 0.76 0.97
2.92 2.96 2.99 3.02 2.99 3.02 3.05 5.30 3.02 2.02 1.34 1.36 1.35 1.37 1.38 1.40 2.19 2.21 1.44 1.45 3.37 3.39 5.90 1.53 3.26 2.43 1.60 1.61 1.64 1.65 1.66 1.67 2.60 1.69 1.69 1.70 2.58 1.67 1.68 1.68 1.62 1.63 1.63 1.63 1.62 1.15 1.62 1.62 1.66 1.27 1.27 0.55 0.55 0.99 0.99 0.93 0.93 0.93 0.93 0.93 0.92 1.19 0.92 0.92 2.43 0.97 0.96 0.90 0.89 0.89 0.88 0.87 0.86 0.85 0.84 0.83 0.82 1.05 0.80 0.84 0.82 0.80 0.74 0.72
4.94 5.67 1.55 1.57 2.92 7.53 2.98 3.01 2.95 1.29 1.30 1.32 1.32 0.93 1.34 1.36 1.38 2.59 2.13 1.42 1.46 3.32 3.34 3.37 1.54 1.55 1.56 4.76 1.61 2.52 1.62 1.63 1.64 1.65 1.66 1.66 1.63 1.64 1.64 1.65 1.59 1.59 1.60 1.60 1.59 1.59 1.59 1.59 1.63 1.63 2.50 0.75 0.84 0.75 1.17 0.91 0.91 0.91 0.91 0.91 0.90 0.90 0.90 1.15 0.95 0.95 1.14 0.88 1.12 1.11 0.86 0.85 0.84 0.83 0.82 0.81 0.80 0.78 1.00 0.98 0.79 0.73 0.93 0.91
1.20 1.49 1.23 1.52 2.84 2.88 2.91 2.93 2.88 2.91 1.27 1.28 0.89 0.90 2.01 1.32 1.34 1.36 1.37 1.38 1.42 3.25 3.27 3.30 3.39 1.52 1.53 3.44 3.50 3.52 1.59 1.60 1.61 1.61 2.52 1.63 1.60 2.49 1.61 1.62 1.56 1.56 1.57 1.57 1.55 1.56 1.56 1.56 1.60 1.60 1.60 0.73 0.75 0.60 0.89 0.89 0.89 0.89 0.89 1.14 0.88 0.88 1.13 1.13 0.93 0.92 1.11 1.10 3.54 1.09 1.08 1.07 0.82 0.81 0.80 0.78 0.77 0.99 0.80 2.03 0.94 0.70 0.90 0.87
1.16 1.18 3.74 2.80 2.77 2.80 4.92 2.86 2.81 2.84 1.23 1.97 1.24 1.26 1.27 1.29 1.31 1.32 1.33 1.35 1.39 1.40 3.21 3.23 5.66 1.48 1.49 1.50 3.43 3.45 3.47 1.56 1.57 1.58 1.59 1.59 1.56 1.57 1.58 1.58 2.87 2.35 1.53 1.54 1.52 1.53 1.08 1.08 1.10 1.10 1.57 0.72 0.73 0.59 0.87 0.87 0.87 0.87 0.87 0.86 0.86 1.11 1.10 0.85 1.09 2.27 1.08 0.83 0.82 1.06 1.05 1.04 0.79 1.01 0.77 0.76 0.97 0.79 0.77 0.76 0.91 0.89 0.86 0.65
1.38 1.40 1.72 2.72 2.71 2.74 2.77 2.80 2.72 2.75 1.19 1.20 1.20 1.22 1.23 1.24 1.28 1.29 1.30 1.31 1.34 1.36 1.37 3.14 3.22 1.43 1.44 1.45 2.25 3.38 3.40 1.52 1.53 1.54 1.54 1.55 1.51 1.52 1.52 1.53 1.49 1.49 1.49 1.50 1.49 1.50 1.50 1.16 1.17 1.17 1.52 0.50 0.50 0.50 0.85 0.85 0.85 0.85 0.85 1.09 0.90 0.84 0.83 0.83 1.07 1.06 0.87 3.42 1.04 1.03 1.02 0.78 0.82 0.99 0.75 0.74 0.78 0.76 0.75 0.69 0.67 0.85 0.84 0.63
1.34 1.36 1.38 1.40 1.42 2.67 2.70 2.73 4.59 2.68 1.15 1.17 1.17 1.18 1.20 1.21 1.24 1.26 1.27 1.28 1.31 1.32 1.33 3.08 3.16 1.39 1.41 1.42 1.46 1.47 3.33 1.49 1.49 1.50 1.51 1.52 1.48 2.78 2.28 1.49 1.45 1.46 1.46 1.73 1.46 1.46 1.47 1.14 1.14 1.14 0.48 0.48 0.49 0.83 0.83 1.16 0.83 0.83 1.07 1.06 1.06 0.82 0.81 0.81 0.80 1.04 0.85 0.79 1.01 1.00 0.99 0.98 0.75 0.96 0.73 0.77 0.75 0.90 0.89 0.66 0.65 0.64 0.66 0.79
