New_Model_Runs/1_Original_run_out/post_prcessed_with_MFR/Monthly_summaries/runoff_monthly_JUL.asc
NCOLS 700
NROWS 400
XLLCENTER 515000.000000
YLLCENTER 8409000.000000
CELLSIZE 50.000000
NODATA_value -999.000000
[rows 190 to 227 of 400, columns 168 to 251 of 700]
0.98 0.98 1.43 1.44 1.44 0.99 1.54 0.99 0.97 0.97 2.13 2.13 3.70 2.04 2.05 2.05 2.11 2.12 2.12 2.12 2.13 7.10 3.80 2.14 2.13 2.13 2.13 3.79 2.05 2.05 2.05 2.05 3.65 2.02 2.02 2.02 2.02 2.02 2.02 2.01 2.04 2.04 2.04 2.04 2.12 2.11 2.11 2.11 2.14 2.14 2.14 0.98 2.13 2.13 2.14 3.78 2.11 2.11 2.12 2.12 2.15 2.15 2.16 0.99 1.01 1.01 0.71 2.22 2.22 2.23 2.24 3.99 3.98 4.00 4.02 4.04 4.01 4.03 4.06 0.83 0.84 0.85 0.86 0.87
1.01 1.01 1.56 0.69 1.01 1.01 1.01 1.01 0.99 2.17 2.17 2.18 2.14 3.80 2.14 2.14 2.15 3.85 2.16 2.16 2.17 2.17 2.18 2.18 2.17 2.17 2.17 2.17 2.14 2.14 2.14 2.14 2.10 5.50 2.10 2.10 2.10 3.73 3.74 2.10 2.13 2.13 2.13 2.13 2.15 2.15 2.15 2.15 2.18 2.18 2.18 1.00 3.85 2.17 2.17 2.17 2.15 2.15 2.15 2.16 2.19 2.19 2.19 2.20 1.03 1.03 1.04 2.26 2.26 2.27 2.28 4.05 4.04 4.06 11.66 4.10 7.91 4.09 4.23 0.86 0.86 0.87 0.88 0.89
1.03 1.62 1.04 0.71 1.03 1.03 1.03 1.03 2.20 2.20 2.20 2.20 2.17 3.88 2.17 2.17 2.19 2.19 2.19 2.19 2.20 2.21 2.21 2.21 2.19 2.20 2.20 2.20 3.86 2.17 2.17 2.17 2.14 2.14 2.14 2.14 2.12 3.79 2.12 2.12 2.13 3.79 3.81 2.13 2.18 2.18 2.18 2.17 2.23 2.23 1.02 1.02 4.87 3.96 2.21 5.74 2.17 2.17 2.18 2.18 2.19 3.90 2.20 2.21 2.26 1.05 1.05 1.06 2.30 2.31 4.10 4.12 4.08 4.10 8.03 8.06 4.13 4.15 4.17 0.88 0.88 0.89 0.90 0.91
1.06 1.06 2.29 1.06 2.28 2.28 2.28 2.28 2.24 2.24 2.24 2.24 2.21 2.21 2.21 2.21 2.22 2.22 2.22 2.23 2.24 2.24 2.24 2.24 2.23 2.23 2.23 2.23 2.20 2.20 2.20 2.20 2.17 2.17 2.17 2.17 2.15 2.15 2.15 2.15 2.17 2.17 2.17 2.17 2.21 2.21 2.21 2.21 2.26 2.26 2.26 2.26 9.31 2.25 2.25 2.25 2.20 2.21 2.21 2.21 5.82 2.23 2.24 2.25 2.30 2.31 1.07 1.08 2.34 2.35 8.07 4.17 4.14 4.15 4.17 4.19 4.18 8.24 4.23 4.33 0.90 0.91 0.92 0.93
2.32 2.34 2.34 2.34 4.17 2.32 2.32 2.32 2.28 2.28 2.28 2.28 2.24 2.24 2.25 2.25 2.26 7.90 2.26 2.26 2.27 4.07 2.27 2.27 2.26 2.26 2.26 2.26 2.23 4.00 4.00 2.24 2.20 2.20 2.20 2.20 2.18 5.73 2.18 2.18 2.19 3.92 2.20 2.20 2.24 2.24 2.24 2.24 2.29 2.29 2.29 4.08 6.00 5.98 2.28 2.28 2.24 2.24 2.24 2.25 2.26 2.27 2.27 2.28 2.34 2.35 1.09 1.10 2.38 2.39 4.29 4.31 4.27 4.29 4.31 4.33 4.31 4.34 8.36 4.38 0.92 0.93 0.97 0.98
2.38 2.38 2.38 2.38 2.36 4.21 2.36 2.36 2.32 2.32 2.32 2.32 2.28 2.28 2.28 2.28 2.29 2.29 2.29 2.29 2.31 2.31 2.31 2.31 2.29 2.29 2.29 2.29 2.26 2.26 2.26 2.26 2.23 5.80 2.23 2.23 2.21 2.21 2.21 2.21 5.82 3.97 2.22 2.22 2.27 2.27 2.27 2.27 2.33 2.33 2.33 2.33 2.31 2.31 2.31 2.32 2.27 2.27 2.28 2.28 2.30 2.30 2.31 2.32 2.37 2.38 1.11 1.12 3.93 4.33 4.34 4.36 4.32 4.34 4.36 4.38 4.37 4.39 4.41 4.44 4.43 0.98 0.99 1.00
2.40 2.40 2.40 2.40 2.39 2.39 2.39 2.39 2.35 2.35 2.35 2.35 2.31 2.31 2.31 2.31 4.15 4.15 2.32 2.32 2.33 2.33 2.33 4.17 2.31 2.31 2.31 2.31 2.28 2.28 2.28 2.28 2.24 2.24 2.24 2.24 2.22 2.22 2.22 2.22 2.25 2.25 2.25 2.25 2.31 2.31 2.31 4.11 2.35 2.35 2.35 2.36 2.33 2.33 4.16 2.34 2.29 2.29 2.30 2.30 2.34 2.34 2.35 2.35 2.43 2.44 1.14 1.15 4.27 8.50 4.42 4.44 4.39 4.41 4.42 4.44 4.41 4.43 4.45 4.48 8.64 1.41 1.01 2.14
2.45 2.45 2.44 2.44 2.43 2.43 2.43 2.43 4.23 2.39 2.39 2.39 2.35 2.35 2.35 2.35 2.35 2.35 2.35 2.35 2.36 2.36 2.36 2.36 4.19 2.34 2.34 2.34 2.31 2.31 2.31 2.31 2.27 2.27 2.27 2.27 2.24 2.24 2.24 2.24 4.06 2.27 2.27 2.27 2.33 2.34 2.34 2.34 2.38 2.38 2.39 2.39 2.36 2.36 2.36 2.37 2.32 2.32 2.33 2.33 2.37 2.37 2.38 2.39 2.46 2.47 1.16 1.17 2.51 4.46 4.48 8.60 8.56 4.46 4.48 4.50 4.46 4.48 4.50 4.53 4.54 1.02 1.03 1.04
2.49 2.48 2.48 2.48 2.47 2.47 2.47 2.47 2.42 2.42 2.42 4.29 2.38 2.38 2.38 2.38 2.38 2.38 2.38 2.38 2.39 6.29 2.39 2.39 2.37 2.37 2.37 2.37 2.34 4.18 4.18 2.33 2.30 4.10 2.29 4.10 2.27 2.27 2.27 2.27 2.30 2.30 2.30 2.30 2.36 2.36 2.36 2.36 2.41 2.41 2.41 2.41 2.39 2.39 2.39 2.40 2.35 2.35 2.35 2.36 2.40 2.40 2.41 2.42 2.49 2.50 1.18 2.94 4.49 4.51 4.52 4.54 4.49 4.51 4.53 4.54 4.51 4.53 4.55 4.62 4.63 4.66 1.05 1.06
2.53 4.51 2.52 2.52 2.51 2.50 2.50 2.50 2.46 2.46 4.41 4.35 2.41 2.41 2.41 2.40 6.34 2.41 2.41 2.40 2.42 2.42 4.32 2.42 4.28 2.40 2.39 2.39 2.36 4.20 2.36 2.36 2.32 2.32 2.32 2.32 2.29 2.29 2.29 2.29 2.32 2.32 2.32 2.32 2.38 2.38 2.39 2.39 2.44 2.44 2.44 2.44 4.33 4.32 2.42 2.42 2.37 2.38 2.38 2.39 2.43 2.43 2.44 2.45 2.52 2.53 2.54 2.55 4.54 4.55 4.57 4.64 4.54 4.55 4.62 4.64 4.56 4.63 4.65 4.67 4.68 4.70 1.07 1.08
2.53 2.53 2.53 2.53 2.53 2.53 4.51 2.52 2.49 2.49 2.49 2.48 2.44 2.44 2.43 2.43 4.36 2.43 2.42 2.42 2.43 2.42 2.42 8.08 2.40 2.40 2.40 2.40 2.35 4.21 2.35 2.35 2.31 5.76 2.31 2.31 4.19 2.34 2.34 2.34 2.39 2.39 2.39 2.40 2.43 2.44 2.44 2.44 2.46 2.47 2.47 2.47 2.44 2.44 2.44 2.45 2.40 2.40 2.41 2.41 2.48 2.49 2.50 2.50 2.58 2.59 2.60 2.61 4.65 8.94 4.69 4.71 4.65 4.67 4.69 4.71 4.67 4.69 4.71 4.73 4.72 4.75 4.77 1.49
2.57 2.57 2.56 2.56 2.56 2.56 2.56 8.20 6.57 2.52 2.52 2.51 4.40 2.47 2.46 2.46 2.45 2.45 4.37 2.45 2.45 2.45 2.45 4.39 4.33 2.43 2.43 2.42 2.38 2.38 2.38 2.38 2.34 2.33 4.17 2.33 2.36 2.36 2.36 2.36 2.42 2.42 2.42 2.42 2.46 2.46 2.46 2.46 2.49 2.49 2.49 2.50 2.46 2.46 2.47 4.38 2.42 2.43 2.43 2.44 2.51 2.52 2.52 4.54 2.61 2.62 2.63 8.99 4.70 4.71 9.02 9.00 17.58 9.04 4.74 4.76 4.71 4.73 4.75 4.78 4.77 4.79 4.81 1.50
4.69 2.60 2.60 2.60 2.60 2.59 2.59 2.59 2.55 2.55 2.55 2.54 2.50 2.49 2.49 2.49 4.45 2.48 2.48 2.47 2.48 2.48 2.47 2.47 2.45 4.36 4.37 2.45 2.40 2.40 2.40 2.40 2.36 2.36 2.35 2.35 2.39 2.38 2.38 2.38 2.44 2.44 2.44 2.44 2.48 2.48 2.48 2.48 2.51 2.51 2.51 4.50 2.48 2.49 4.45 2.49 2.45 2.45 2.46 2.46 2.53 2.54 2.55 2.56 2.63 2.64 2.66 4.73 4.74 4.76 4.77 4.79 4.74 4.76 9.12 17.79 9.11 4.77 4.80 4.82 4.81 4.83 4.85 1.52
2.64 2.64 2.63 4.70 2.63 2.62 2.62 2.62 2.58 2.58 2.57 2.57 2.52 2.52 2.52 2.51 2.51 2.50 4.48 2.50 2.50 2.50 4.47 2.50 2.48 2.48 2.47 4.38 2.43 2.42 2.42 2.42 2.38 2.38 2.38 2.37 2.41 2.41 2.40 2.40 2.46 2.46 2.46 2.46 2.50 2.50 2.50 2.50 2.53 2.53 2.54 2.54 2.50 4.48 2.51 2.52 6.47 2.48 2.48 2.49 2.56 2.57 2.58 2.58 2.66 2.67 2.68 4.77 4.78 4.80 4.81 4.83 4.78 9.19 4.82 9.27 4.79 9.19 4.83 9.24 4.84 9.29 4.88 4.90
2.63 2.63 2.62 2.62 2.62 2.62 2.61 2.61 2.59 2.58 2.58 2.57 2.54 2.54 2.54 2.53 2.52 2.51 2.51 4.48 2.51 2.50 4.49 2.50 4.45 2.48 4.43 2.48 4.32 2.42 2.42 2.42 2.43 2.43 2.42 2.42 2.50 2.50 2.50 2.50 2.55 2.54 2.54 2.54 2.56 2.56 2.57 2.57 2.56 2.56 2.57 2.57 2.50 2.51 2.51 2.52 2.50 2.51 2.51 2.52 2.62 2.63 2.64 2.65 2.70 2.71 5.76 13.81 9.24 4.82 4.84 4.86 4.80 4.82 4.83 4.85 4.81 9.28 9.31 4.88 4.86 4.88 4.90 5.36
2.66 4.78 2.65 2.65 2.65 2.64 2.64 2.63 2.61 2.61 2.60 4.67 4.59 2.57 2.56 2.56 2.54 2.54 2.54 4.52 2.53 2.53 2.52 4.51 2.51 2.50 2.50 2.50 2.45 2.44 2.44 2.44 2.45 2.45 2.45 2.44 2.53 2.52 2.52 2.52 2.57 2.56 2.56 2.56 2.58 2.58 2.58 2.59 2.58 2.58 6.48 2.59 2.52 2.53 2.53 2.54 2.52 2.53 2.53 2.54 2.64 2.65 2.66 2.67 2.72 4.89 4.84 4.86 4.84 4.86 13.98 4.90 4.83 4.85 4.87 4.89 4.85 4.87 9.38 4.91 4.89 4.91 4.93 9.50
2.69 2.69 2.68 2.68 4.82 2.67 2.67 2.66 2.64 2.64 2.63 2.63 2.59 4.61 2.59 2.58 2.56 2.56 2.56 2.56 2.55 2.55 2.55 2.54 6.69 2.53 2.53 2.52 4.41 2.47 2.47 2.46 2.47 2.47 2.47 2.47 4.47 4.57 2.54 2.54 4.61 2.58 2.58 2.58 2.60 2.60 2.60 4.65 6.83 4.67 4.67 2.61 2.54 2.54 2.55 2.56 2.54 2.55 2.55 2.56 2.66 2.67 2.68 2.69 2.75 2.76 13.97 4.90 4.88 4.90 4.92 4.93 4.87 4.89 4.91 4.92 4.88 4.90 4.92 4.94 4.93 4.94 4.96 4.98
2.72 2.72 2.71 2.71 2.71 2.70 2.69 2.69 2.67 2.66 2.66 2.65 2.62 4.68 2.61 2.61 2.59 2.58 2.58 2.58 2.57 2.57 2.57 2.57 2.55 2.55 2.55 2.55 4.45 2.49 2.49 2.49 2.50 4.51 2.49 2.49 2.57 2.57 2.56 2.56 2.61 2.60 2.60 2.60 2.62 2.62 2.62 2.62 2.61 2.62 2.62 2.62 2.55 2.56 2.57 2.57 2.56 2.56 2.57 2.58 2.68 2.69 2.70 2.71 2.77 4.89 4.91 4.93 4.91 4.93 4.95 4.97 9.37 4.92 4.94 9.45 4.91 4.93 4.95 4.97 4.95 4.97 4.99 5.00
2.71 2.71 2.70 2.69 2.68 2.68 2.67 2.66 2.66 4.77 2.65 4.75 2.63 2.62 2.62 2.61 2.59 2.59 2.58 2.58 2.57 1.59 2.57 2.57 2.56 4.59 2.56 2.56 2.53 2.53 2.53 1.36 2.57 2.56 2.56 2.56 2.63 2.62 2.62 2.61 2.65 2.65 2.65 2.64 4.74 2.65 4.74 2.65 4.64 2.59 2.60 2.60 2.54 2.54 2.55 2.56 2.62 2.63 2.64 2.64 2.74 2.75 2.76 2.77 2.77 4.90 9.43 4.94 4.88 4.90 4.92 4.93 4.90 4.91 9.45 4.95 4.94 4.95 4.97 4.99 4.96 4.98 5.00 5.01
2.74 2.73 2.73 2.72 2.71 2.70 2.69 6.76 2.68 2.68 2.67 2.67 2.65 2.64 2.64 2.63 2.61 2.61 1.61 1.32 1.32 2.60 2.59 2.59 2.58 2.58 2.58 2.58 2.56 2.56 5.98 2.55 2.59 2.59 2.58 2.58 2.65 2.65 2.64 2.64 2.67 2.67 4.76 4.79 2.66 2.66 2.66 2.66 2.60 2.61 2.61 2.62 2.55 2.56 4.59 2.57 2.64 2.64 2.65 2.66 2.75 2.76 2.77 2.79 2.79 15.13 4.95 4.97 4.91 4.93 4.95 4.96 4.92 4.94 9.52 9.49 4.96 9.51 9.55 14.27 9.54 5.00 5.02 5.03
2.77 2.76 2.75 2.75 2.73 4.90 2.72 4.87 2.71 2.70 2.69 4.83 4.80 2.66 4.78 8.33 2.63 2.63 1.33 1.33 3.55 4.70 2.62 2.62 2.61 2.61 4.18 2.60 2.58 2.58 4.63 1.60 2.61 2.61 2.61 2.60 8.92 2.67 2.66 4.78 4.85 2.69 2.69 2.68 2.68 2.68 2.68 2.68 2.62 2.62 2.62 2.63 2.57 2.57 2.58 2.59 2.65 2.66 2.67 2.68 2.77 2.78 7.37 5.05 4.94 4.95 9.54 4.99 4.93 4.95 9.55 4.99 4.95 4.97 4.99 5.00 4.99 5.01 5.02 5.04 5.01 9.65 5.04 5.05
2.79 2.78 2.78 2.77 2.75 2.75 2.74 2.73 2.73 2.72 2.71 2.71 2.69 2.68 2.68 4.06 2.65 0.93 0.92 1.35 3.78 2.64 2.64 2.64 6.56 3.41 0.92 0.92 1.34 2.60 2.60 2.60 2.64 2.63 2.63 4.74 2.70 2.69 2.69 2.68 2.72 2.71 2.71 2.70 2.70 2.70 4.83 2.69 2.63 2.64 2.64 2.64 2.58 4.66 2.59 2.60 2.67 2.67 2.68 4.86 4.97 5.06 5.09 2.82 4.96 4.98 5.00 5.02 4.96 9.54 5.00 5.02 4.98 5.00 5.01 5.03 5.01 5.03 5.05 5.06 5.03 5.04 5.06 5.07
2.81 2.80 2.79 2.78 2.76 2.75 2.74 2.73 2.73 2.72 2.71 2.71 2.69 2.69 1.67 2.68 2.66 1.26 0.93 0.93 1.36 2.66 2.66 3.73 2.67 0.93 0.93 0.93 1.35 1.42 1.35 2.66 2.69 2.68 2.68 2.67 2.72 2.72 2.71 2.71 2.74 4.91 2.73 2.72 2.69 2.69 2.69 2.68 2.60 2.60 2.60 2.61 2.61 2.62 2.63 2.64 2.73 2.73 2.74 2.75 2.79 2.81 2.82 2.83 4.93 4.95 4.97 4.99 4.95 4.97 4.99 5.01 5.00 5.01 5.03 5.05 5.02 5.04 5.05 5.07 9.60 5.01 5.02 5.03
2.83 2.82 2.81 2.80 2.78 2.77 2.76 2.75 2.75 2.74 2.73 2.73 2.71 2.71 1.38 1.37 1.64 1.42 0.94 0.85 0.94 0.94 1.27 2.68 0.93 1.37 0.94 0.94 1.37 1.43 1.36 1.66 2.71 2.70 2.70 2.69 2.74 2.74 2.73 4.91 2.76 2.75 2.75 2.74 2.71 2.71 2.70 2.70 2.62 2.62 2.62 2.62 2.63 2.63 2.64 2.65 2.74 2.75 2.76 2.77 2.81 2.82 2.83 13.88 9.50 4.97 5.00 5.02 4.97 4.99 5.01 5.03 5.02 5.04 5.05 5.07 5.04 5.06 5.07 5.08 9.63 5.03 5.04 5.04
2.85 2.84 2.83 2.82 2.80 2.79 2.78 2.77 2.76 2.76 2.75 2.74 1.39 2.87 1.58 0.95 1.05 1.05 0.86 0.93 0.95 0.95 1.29 0.95 0.95 0.95 0.95 0.95 0.95 1.38 1.38 1.64 2.73 2.72 2.72 2.71 2.76 2.76 2.75 2.75 2.78 2.77 2.77 2.76 2.73 2.72 4.88 2.71 2.63 4.71 4.71 2.63 2.64 2.64 2.65 2.66 2.75 2.76 2.77 2.78 2.82 2.83 2.85 10.65 4.98 5.00 5.02 5.04 4.99 5.01 5.03 5.05 5.04 5.06 5.07 5.09 5.06 5.08 5.09 5.10 5.03 5.04 5.05 5.06
2.87 2.86 2.85 2.84 2.81 2.80 2.80 2.79 2.78 2.77 2.76 6.60 1.40 1.40 0.96 0.96 1.47 2.46 0.96 0.94 0.94 1.30 1.30 0.94 0.96 0.96 0.96 0.96 0.96 0.95 1.39 1.69 2.75 2.74 2.74 2.73 2.78 2.78 2.77 2.77 2.80 2.79 2.78 2.78 2.75 2.74 2.73 2.73 2.64 2.64 2.64 2.64 2.65 2.66 2.66 2.67 2.76 2.77 2.78 2.79 2.83 2.85 6.15 5.03 5.00 5.02 9.65 5.06 5.01 5.03 9.68 5.07 5.06 5.08 5.09 5.11 5.08 5.09 5.10 5.12 5.04 5.05 5.06 5.07
2.89 2.88 2.87 2.86 2.85 2.84 2.83 5.07 2.80 2.79 2.79 1.41 1.41 1.41 0.97 0.96 0.96 0.87 0.96 0.96 0.96 0.97 0.97 0.97 0.96 0.96 0.96 0.87 1.99 1.99 1.33 2.77 2.79 2.79 2.78 2.78 2.81 2.81 2.80 2.79 2.78 2.77 2.76 2.76 2.69 4.81 2.68 2.67 4.75 2.65 2.64 2.65 2.72 2.72 2.73 2.74 2.78 2.79 2.80 2.81 7.42 5.10 4.96 4.98 4.95 4.97 4.99 5.01 9.64 6.27 5.08 5.10 5.09 9.76 5.12 5.14 5.09 5.10 5.11 5.12 5.00 5.01 5.01 14.29
2.91 2.90 2.89 2.88 2.86 2.85 2.84 2.84 2.82 2.81 2.80 2.79 1.42 1.41 0.97 0.97 0.97 0.97 1.07 0.97 0.97 0.97 0.97 0.97 0.97 0.97 0.88 0.88 2.01 1.34 1.34 2.79 2.81 2.81 2.80 2.80 2.83 2.82 2.82 2.81 5.05 2.79 2.78 2.77 2.71 2.70 2.69 2.69 2.66 2.66 2.66 2.66 2.73 2.73 2.74 2.75 2.79 2.80 5.07 5.08 5.10 2.82 4.97 4.99 4.97 4.99 5.01 5.03 5.06 5.08 5.10 9.78 5.11 5.12 5.14 5.15 5.10 14.30 9.81 5.13 5.01 9.60 5.02 5.02
2.92 2.91 2.90 2.89 2.88 2.87 2.86 2.85 2.83 2.82 2.57 0.98 1.43 0.98 0.98 0.98 1.24 0.98 0.96 0.96 0.98 0.98 0.98 0.89 0.89 0.89 0.89 0.88 1.35 2.02 1.35 2.80 2.82 2.82 2.82 2.81 2.84 2.84 2.83 2.83 2.81 2.80 2.79 2.79 2.72 2.71 2.71 2.70 2.67 2.67 2.67 2.67 2.73 2.74 2.75 2.76 5.02 2.81 2.82 2.83 2.82 2.83 4.99 5.01 4.98 5.00 5.02 5.05 5.07 5.09 5.11 5.13 5.12 5.14 5.15 5.16 5.11 9.82 9.83 5.14 5.02 5.02 5.02 5.02
7.92 3.56 3.54 2.90 2.89 5.22 2.87 9.65 5.15 1.36 1.45 0.99 0.99 1.62 1.08 1.43 0.89 1.08 0.98 2.03 1.90 1.35 1.48 0.89 0.89 0.89 0.89 1.35 1.36 1.36 2.82 2.82 2.84 2.83 2.83 2.82 2.86 2.85 1.75 2.84 2.82 2.81 2.81 2.80 2.73 2.73 2.72 2.71 2.68 2.68 2.68 2.68 2.74 2.75 2.76 2.76 2.80 2.81 2.83 2.84 2.83 4.98 5.00 5.02 5.00 5.02 5.04 5.06 5.09 23.95 9.81 5.14 5.14 5.15 5.16 5.18 5.12 5.13 5.14 5.15 9.59 5.02 5.03 5.02
6.04 3.56 3.55 3.54 5.94 5.92 2.88 2.87 2.86 2.85 1.36 0.99 0.99 1.09 1.25 0.89 0.99 0.99 0.99 2.04 2.04 1.36 0.90 0.90 0.90 0.90 0.90 0.99 2.84 3.19 2.85 2.85 2.85 2.84 2.84 2.83 5.14 2.82 2.82 1.74 2.77 2.76 2.75 2.74 1.85 0.95 1.37 2.69 2.72 2.71 2.71 2.71 4.87 2.73 2.74 2.75 2.75 2.76 2.77 2.78 2.77 4.90 4.92 4.94 4.95 4.98 5.00 5.02 9.73 5.09 5.11 5.13 9.85 9.87 5.16 5.17 5.09 5.10 5.11 5.11 4.99 4.99 4.99 4.98
3.59 3.58 3.56 3.55 3.54 3.53 3.52 3.51 3.48 3.47 2.85 1.37 0.99 0.99 2.53 2.53 0.99 0.99 0.99 1.09 1.37 1.37 1.37 0.90 0.90 0.90 1.09 0.99 0.99 0.99 3.71 1.44 1.38 2.86 2.85 2.85 2.84 2.84 2.92 1.75 2.78 2.77 1.32 1.32 0.96 0.95 1.38 2.70 2.73 2.72 2.72 2.72 2.73 2.74 2.75 2.75 2.76 2.77 2.78 2.79 9.37 4.91 4.93 9.49 4.97 4.99 5.01 5.03 5.09 5.10 5.12 5.14 5.14 5.15 5.17 5.18 5.10 5.11 5.11 5.12 4.99 4.99 9.54 4.98
3.60 3.58 3.57 3.56 3.55 3.54 5.93 3.51 3.49 3.48 3.47 1.33 0.82 0.78 1.26 1.26 0.99 1.00 1.00 1.10 1.10 1.37 1.00 1.00 1.00 0.90 1.00 1.46 1.38 1.00 0.99 1.38 1.38 1.38 1.38 3.13 1.77 3.68 1.76 1.76 2.79 0.97 1.41 0.96 0.96 0.96 1.39 2.71 2.74 2.73 2.73 2.73 2.74 2.75 2.75 2.76 2.76 2.77 2.78 5.06 4.90 9.43 4.94 10.39 4.97 5.00 9.59 12.14 6.34 5.11 5.13 5.15 5.15 5.16 5.17 9.85 5.10 5.11 5.11 5.11 4.99 4.98 4.98 4.97
4.56 1.39 3.58 3.57 6.00 3.55 3.53 3.52 3.50 3.49 4.02 0.78 0.98 0.78 1.10 1.10 0.78 1.00 1.00 1.00 1.10 1.00 1.00 1.47 0.91 1.00 1.00 1.00 1.64 1.00 1.00 0.99 1.00 0.99 1.38 1.44 0.99 0.98 1.43 0.98 1.42 0.97 0.97 0.97 0.96 0.96 2.73 2.72 4.90 7.20 4.87 4.87 2.75 2.75 2.76 2.77 2.77 2.78 2.79 2.80 4.91 4.93 4.95 6.22 6.25 6.27 6.30 6.33 6.35 6.37 6.39 6.41 6.43 6.44 5.18 5.18 5.11 5.11 5.11 5.11 9.55 4.98 4.97 4.95
1.39 1.39 1.38 3.55 3.56 3.55 3.54 3.52 5.91 3.51 1.35 1.34 0.78 0.78 0.67 0.67 0.78 0.78 0.78 0.78 0.79 1.00 1.47 1.27 1.27 1.01 1.47 1.00 1.38 1.38 1.51 1.10 0.99 1.00 0.99 0.99 0.99 0.99 0.98 0.98 0.98 0.97 0.97 0.97 1.31 1.31 2.73 3.53 2.71 2.70 2.69 2.69 2.69 2.69 2.70 3.51 2.72 2.73 2.74 4.85 9.32 4.90 4.92 6.23 6.26 6.28 6.31 6.33 6.36 6.38 6.40 6.42 5.14 5.15 5.16 5.17 9.76 5.08 5.08 28.04 9.56 9.54 4.98 4.97
1.39 1.39 1.38 1.38 1.38 1.89 1.37 1.36 1.36 1.35 1.35 1.34 0.79 0.78 0.78 2.81 0.68 0.78 0.79 0.79 0.79 0.98 0.79 0.79 1.01 1.01 1.01 1.01 1.01 1.00 1.00 1.10 1.00 1.00 1.00 0.99 0.99 0.99 0.99 0.98 0.98 0.98 0.97 0.97 1.90 1.56 1.40 0.96 0.95 0.95 0.95 0.95 0.95 0.95 0.95 1.85 2.72 2.73 2.75 4.85 9.38 4.91 4.93 6.24 6.27 6.29 6.32 5.07 5.11 16.69 10.76 5.15 9.86 5.15 5.16 5.17 5.08 5.08 5.07 5.07 4.99 4.98 4.96 4.94
1.39 1.39 1.38 1.38 1.38 1.37 1.37 1.36 1.36 1.35 1.35 0.79 0.79 0.90 0.78 0.90 1.11 0.79 0.79 0.79 0.79 0.79 0.79 0.79 0.79 0.79 0.79 1.35 1.01 1.01 1.01 1.00 1.00 1.00 1.00 1.00 0.99 0.99 0.99 0.99 0.98 0.98 0.98 0.97 1.41 0.96 0.96 0.96 0.95 1.38 0.95 0.95 0.86 0.95 0.95 1.98 2.44 2.74 2.75 4.86 4.90 4.91 4.93 6.25 6.27 5.03 5.05 5.07 6.37 6.39 11.27 6.42 5.14 5.15 5.16 5.16 5.07 5.07 5.06 5.05 4.98 4.96 4.94 4.92
1.39 1.39 1.38 1.38 1.38 1.68 1.88 1.36 1.36 0.79 0.79 0.91 0.91 0.78 0.78 0.78 0.68 0.79 1.34 0.96 0.79 0.79 0.91 0.68 0.79 0.79 0.99 0.79 0.79 0.79 0.79 1.11 1.00 1.00 1.00 1.00 0.99 0.99 0.99 0.99 0.98 1.43 0.98 0.97 0.97 0.97 0.96 0.96 0.96 0.95 0.95 0.95 0.95 0.95 0.86 1.99 0.96 2.00 9.31 4.87 4.90 3.32 4.94 4.96 6.28 5.04 5.06 20.29 6.37 5.13 5.14 5.15 5.14 5.15 5.15 5.15 9.69 5.06 5.05 5.04 4.96 4.94 4.91 4.89
