New_Model_Runs/7_FutureClimate_RCP85_out/post_prcessed_with_MFR/Monthly_summaries/actual_et_monthly_JUN.asc
NCOLS 700
NROWS 400
XLLCENTER 515000.000000
YLLCENTER 8409000.000000
CELLSIZE 50.000000
NODATA_value -999.000000
[rows 228 to 265 of 400, columns 168 to 251 of 700]
0.70 0.70 0.70 0.70 0.70 2.32 2.32 2.32 2.37 2.37 2.37 2.37 2.37 2.37 2.37 2.37 2.15 2.79 2.23 2.79 2.79 2.79 2.79 2.79 2.06 2.15 2.54 2.15 2.15 2.15 2.15 1.96 2.15 2.54 2.15 2.15 2.15 2.15 2.15 2.15 2.04 2.04 2.04 2.04 0.61 2.04 2.04 2.04 2.04 2.04 2.04 2.04 2.04 2.04 2.04 1.94 0.69 0.69 0.69 0.69 0.69 0.69 0.69 0.69 2.17 0.69 0.69 0.69 0.69 0.69 0.69 0.69 0.74 0.74 0.74 0.74 0.74 0.74 0.74 0.74 0.74 0.74 2.46 0.74
0.70 0.70 0.70 0.70 0.70 0.70 2.32 2.32 0.71 2.37 2.37 2.37 2.37 2.37 2.37 2.37 2.15 2.37 2.37 2.37 2.79 2.23 2.79 2.79 2.06 2.54 2.54 2.54 2.54 2.54 2.54 2.54 2.06 2.06 2.54 2.15 2.15 2.15 2.54 2.15 2.04 2.04 2.04 2.04 2.04 2.04 2.41 2.41 2.41 2.04 2.04 2.04 0.61 0.61 0.61 0.61 0.69 0.69 0.69 0.69 0.69 0.69 2.29 0.69 0.69 2.17 0.69 0.69 0.69 0.69 0.69 2.29 2.46 2.46 2.46 0.74 0.74 0.74 0.74 0.74 0.74 2.46 2.46 0.74
0.70 0.70 0.70 0.70 0.70 0.70 0.70 0.70 0.71 2.37 2.37 2.37 2.37 2.37 2.37 2.37 2.37 2.37 2.37 2.37 2.79 2.79 2.79 2.79 2.54 2.54 2.54 2.54 2.54 2.54 2.06 2.06 2.54 2.54 2.54 2.06 2.54 2.06 2.54 2.54 2.04 2.04 2.04 2.04 2.04 1.95 2.41 2.41 2.41 2.41 2.04 0.90 0.90 0.61 0.61 0.61 0.69 0.69 0.69 0.69 0.69 0.69 0.69 0.69 0.69 0.69 0.69 0.69 0.69 0.69 2.08 2.08 2.46 2.46 0.74 0.74 0.74 0.74 0.74 0.74 0.74 2.46 2.46 0.74
0.70 0.70 0.70 0.70 0.70 0.70 0.70 0.70 0.71 0.71 0.71 2.37 2.37 2.37 2.37 2.37 2.37 2.37 2.37 2.37 2.15 2.15 2.37 2.23 2.54 2.04 2.54 2.54 0.76 2.54 1.98 2.06 2.54 2.54 2.54 2.54 2.04 2.54 2.06 2.54 2.41 2.04 2.04 2.04 2.41 2.41 2.41 2.41 0.61 0.61 0.61 0.61 0.61 0.61 0.61 0.61 0.69 0.69 0.69 0.69 0.69 0.69 0.69 1.01 2.29 2.29 0.69 0.69 2.29 2.29 0.69 2.29 2.46 0.74 0.74 0.74 0.74 0.74 0.74 0.74 2.46 2.46 0.74 0.74
0.70 0.70 0.70 0.70 0.70 0.70 0.70 0.70 0.71 2.37 0.71 2.37 2.37 2.37 2.37 2.37 2.37 2.37 2.37 2.37 2.37 2.15 2.79 2.37 2.15 2.04 1.96 2.15 2.54 2.54 2.54 2.06 2.54 2.54 2.54 0.95 2.04 0.95 2.54 2.54 2.41 2.41 2.41 2.41 2.41 2.41 0.61 0.61 0.61 0.61 0.61 0.61 0.61 0.61 0.61 0.61 0.69 0.69 0.69 0.69 0.69 0.69 0.69 2.29 2.29 2.08 2.29 2.29 0.69 0.69 2.29 2.29 0.74 0.74 0.74 0.74 0.74 0.74 0.74 0.74 0.74 0.74 0.74 0.74
0.70 0.70 0.70 0.70 0.70 0.70 0.70 0.70 0.71 0.71 0.71 1.04 1.04 0.71 0.71 2.37 2.37 2.37 2.37 2.37 2.37 2.37 2.79 2.37 2.15 2.04 1.96 2.15 2.15 2.54 2.15 2.06 2.15 2.54 0.95 2.04 2.04 2.54 2.54 0.95 0.90 2.41 0.61 2.41 2.41 2.41 0.61 0.61 0.61 1.94 0.90 0.61 0.61 0.61 0.61 0.61 0.69 0.69 0.69 0.69 0.69 0.69 0.69 0.69 2.29 2.29 2.08 2.29 2.29 2.29 2.70 2.29 2.46 0.74 0.74 0.74 0.74 0.74 0.74 0.74 0.74 0.74 0.74 0.74
0.70 0.70 0.70 0.70 0.70 0.70 0.70 0.70 0.71 0.71 0.71 0.71 0.71 0.71 0.71 2.37 2.37 2.37 2.37 2.37 2.37 2.37 2.37 2.15 2.15 2.04 2.15 2.15 2.15 2.54 2.04 0.95 0.65 0.65 0.65 2.54 2.54 2.54 2.54 1.96 0.61 0.61 0.61 0.61 2.41 0.61 0.90 2.41 2.41 2.04 2.04 2.04 2.04 0.61 0.61 0.61 0.69 0.69 0.69 0.69 0.69 0.69 0.69 0.69 2.29 2.29 2.08 2.08 2.70 2.08 2.08 2.29 2.46 0.74 0.74 0.74 0.74 2.46 0.74 0.74 0.74 0.74 0.74 0.74
0.70 0.70 0.70 0.70 0.70 0.70 0.70 0.70 0.71 0.71 0.71 0.71 0.71 0.71 0.71 0.71 2.37 0.71 2.37 2.37 2.37 2.37 2.37 2.15 2.15 2.04 2.15 2.15 2.15 2.54 0.95 0.95 0.65 0.65 0.65 0.95 2.15 1.96 1.96 1.96 0.61 0.61 0.61 0.90 0.61 0.61 0.61 0.90 2.41 2.04 2.04 2.04 1.97 1.94 0.90 2.04 1.01 2.29 2.29 0.69 0.69 0.69 0.69 0.69 0.69 2.08 2.70 2.08 2.08 2.08 0.69 2.29 0.74 0.74 0.74 0.74 2.46 0.74 0.74 0.74 0.74 0.74 0.74 0.74
0.70 0.70 0.70 0.70 0.70 0.70 0.70 0.70 0.71 0.71 0.71 0.71 0.71 0.71 0.71 0.71 0.71 0.71 2.37 2.37 2.37 2.37 2.37 2.37 2.15 0.95 0.65 0.65 2.15 2.54 2.54 0.95 0.65 0.65 0.65 0.95 0.95 2.15 2.04 0.95 2.41 0.61 0.61 0.61 0.61 0.61 0.61 0.61 0.90 0.61 1.86 2.04 2.41 2.41 2.41 1.86 2.29 2.29 0.69 2.29 0.69 0.69 2.08 2.08 2.08 2.08 2.30 2.08 2.08 2.29 0.69 0.69 0.74 0.74 2.46 2.46 0.74 0.74 0.74 0.74 0.74 0.74 0.74 0.74
0.70 0.70 0.70 0.70 0.70 0.70 0.70 0.70 0.71 0.71 0.71 0.71 0.71 0.71 0.71 0.71 0.71 0.71 0.71 2.37 2.37 2.37 2.37 2.37 2.15 2.15 0.95 0.65 2.15 1.96 2.54 2.04 2.15 2.15 0.65 0.65 0.95 2.04 0.95 0.95 0.61 0.61 0.61 0.61 0.61 0.61 0.61 0.61 0.90 0.61 0.61 1.86 2.41 2.41 2.41 2.41 2.70 2.29 2.29 2.08 2.29 2.29 2.08 2.70 2.08 2.30 2.30 2.70 2.70 2.08 2.17 0.69 0.74 0.74 0.74 0.74 0.74 0.74 0.74 0.74 0.74 0.74 0.74 0.74
0.70 0.70 0.70 0.70 0.70 0.70 0.70 0.70 0.71 0.71 0.71 0.71 0.71 0.71 0.71 0.71 0.71 0.71 0.71 2.37 2.37 2.37 2.37 2.37 2.15 1.96 0.65 0.65 2.15 0.95 0.95 0.65 2.15 2.15 2.15 0.95 0.65 2.04 2.15 0.95 0.61 0.61 0.61 0.61 0.61 0.61 0.61 0.61 0.61 0.90 0.90 1.86 2.41 2.04 2.04 2.04 2.29 2.29 2.70 2.08 2.08 2.08 2.08 2.08 2.29 2.70 2.70 2.70 2.70 2.08 1.01 0.69 2.46 0.74 0.74 0.74 0.74 0.74 0.74 0.74 0.74 0.74 0.74 0.74
0.70 0.70 0.70 0.70 0.70 0.70 0.70 0.70 0.71 0.71 0.71 0.71 0.71 0.71 0.71 0.71 0.71 2.37 2.37 2.37 2.37 2.37 2.37 2.37 2.15 2.15 0.65 0.65 0.65 0.65 0.65 0.65 0.65 0.65 0.65 0.95 0.65 0.95 2.15 0.65 0.61 0.61 0.61 0.61 0.61 0.61 2.04 2.04 2.04 0.90 2.41 0.61 1.86 1.86 2.04 2.41 2.29 2.29 2.08 2.08 2.29 2.08 2.08 2.70 2.29 2.08 2.08 2.70 2.08 2.29 2.29 2.29 2.46 0.74 0.74 0.74 0.74 0.74 0.74 0.74 0.74 0.74 0.74 0.74
0.70 0.70 0.70 0.70 0.70 0.70 0.70 0.70 0.71 0.71 0.71 0.71 0.71 0.71 0.71 0.71 1.04 2.15 2.37 2.15 2.15 0.71 0.71 2.37 2.15 2.15 0.64 0.64 0.64 0.64 0.64 0.64 2.54 2.54 2.54 0.64 0.64 2.15 2.15 0.64 0.61 0.61 0.61 0.61 0.61 2.04 0.61 2.04 1.97 1.97 2.41 1.86 1.86 2.41 2.04 2.04 2.29 2.29 2.29 2.08 2.70 2.70 2.70 2.70 2.29 2.30 2.29 2.08 2.29 2.29 2.29 2.29 0.74 0.74 0.74 0.74 0.74 0.74 0.74 0.74 0.74 0.74 0.74 0.74
0.70 0.70 0.70 0.70 0.70 0.70 0.70 0.70 0.71 0.71 0.71 0.71 0.71 0.71 0.71 0.71 0.71 1.04 1.04 2.15 1.04 0.71 0.71 0.71 0.64 0.64 0.64 0.64 0.64 0.64 0.64 0.64 0.64 0.64 0.95 0.64 0.64 0.64 0.95 0.64 0.61 0.61 0.61 0.61 0.61 2.04 2.04 2.04 2.04 2.04 2.41 1.86 2.41 2.41 2.04 1.86 2.29 2.29 2.29 2.29 2.30 2.30 2.70 2.70 2.70 2.08 2.29 2.29 2.29 2.08 2.29 0.69 0.74 0.74 0.74 0.74 0.74 0.74 0.74 0.74 0.74 0.74 0.74 0.74
0.73 0.73 0.73 0.73 0.73 0.73 0.73 0.73 0.75 0.75 0.75 0.75 0.75 0.75 0.75 0.75 0.75 0.75 2.27 0.75 0.75 0.75 0.75 0.75 0.70 0.70 0.70 0.70 0.70 0.70 0.70 0.70 0.70 0.70 0.70 0.70 0.70 0.70 0.70 0.70 0.67 0.67 0.67 0.67 2.03 2.24 2.24 2.24 2.24 2.64 2.03 2.24 2.24 2.24 2.24 2.24 2.34 2.34 2.13 2.77 2.77 2.34 2.77 2.77 2.77 2.77 2.34 2.13 2.13 2.13 2.34 0.70 0.76 0.76 0.76 0.76 0.76 0.76 0.76 0.76 0.76 0.76 0.76 0.76
0.73 0.73 0.73 0.73 0.73 0.73 0.73 0.73 0.75 0.75 0.75 0.75 0.75 0.75 0.75 0.75 0.75 0.75 0.75 0.75 0.75 0.75 0.75 0.75 0.70 0.70 0.70 0.70 0.70 0.70 0.70 0.70 0.70 0.70 0.70 0.70 0.70 0.70 0.70 0.70 0.67 0.67 0.67 0.98 2.03 2.03 2.03 2.03 2.03 0.67 0.67 2.03 2.24 2.24 2.24 2.24 2.34 2.34 2.34 2.77 2.77 2.77 2.77 2.77 2.77 2.77 2.34 2.34 2.13 2.13 0.70 0.70 0.76 0.76 0.76 0.76 0.76 0.76 0.76 2.52 0.76 0.76 0.76 2.52
0.73 0.73 0.73 0.73 0.73 0.73 0.73 0.73 0.75 0.75 0.75 0.75 0.75 0.75 0.75 0.75 0.75 0.75 0.75 0.75 0.75 0.75 0.75 0.75 0.70 0.70 0.70 0.70 0.70 0.70 0.70 0.70 0.70 0.70 0.70 0.70 0.70 0.70 0.70 0.70 0.67 0.67 0.67 2.23 0.98 2.03 2.12 0.98 0.67 0.67 0.67 0.67 0.67 2.64 2.23 2.23 2.34 2.34 2.34 2.34 2.77 2.77 1.03 2.77 2.77 2.13 2.13 2.34 2.13 2.13 0.70 0.70 0.76 0.76 0.76 0.76 0.76 0.76 2.52 2.52 0.76 0.76 0.76 2.52
0.73 0.73 0.73 0.73 0.73 0.73 0.73 0.73 0.75 0.75 0.75 0.75 0.75 0.75 0.75 0.75 0.75 0.75 0.75 0.75 0.75 0.75 0.75 0.75 0.70 0.70 0.70 0.70 0.70 0.70 0.70 0.70 0.70 0.70 0.70 0.70 0.70 0.70 0.70 1.02 0.67 0.67 0.67 2.23 2.23 2.64 0.67 0.67 0.67 2.64 0.67 0.67 2.12 2.64 2.23 2.23 2.34 2.34 2.34 2.77 2.77 2.77 2.13 2.13 2.13 2.13 2.13 2.13 2.13 0.70 0.70 2.13 0.76 0.76 0.76 0.76 0.76 2.52 2.52 2.52 1.11 0.76 0.76 2.52
0.73 0.73 0.73 0.73 0.73 0.73 0.73 0.73 0.75 0.75 0.75 2.50 1.10 0.75 0.75 0.75 0.75 2.50 2.50 0.75 0.75 0.75 0.75 0.75 0.70 0.70 0.70 0.70 0.70 0.70 0.70 0.70 0.70 0.70 0.70 0.70 0.70 0.70 0.70 0.70 0.67 0.67 0.67 0.67 2.23 0.67 0.67 2.64 2.64 2.64 2.64 0.67 2.64 2.64 2.25 2.23 2.34 2.34 2.77 2.77 2.77 2.77 2.34 2.77 2.13 2.13 2.13 0.70 2.34 2.23 2.77 2.34 2.97 2.52 0.76 0.76 0.76 0.76 0.76 0.76 0.76 0.76 2.52 2.52
0.73 0.73 0.73 0.73 0.73 0.73 0.73 0.73 0.75 0.75 0.75 2.50 1.10 0.75 0.75 0.75 0.75 2.50 0.75 0.75 0.75 0.75 0.75 0.75 0.70 0.70 0.70 0.70 0.70 0.70 0.70 0.70 0.70 0.70 0.70 0.70 0.70 0.70 0.70 0.70 0.67 0.67 0.67 2.23 2.23 0.67 0.98 2.64 2.64 2.64 0.67 0.67 2.64 2.12 0.98 0.98 2.34 2.34 2.34 2.13 1.03 2.13 2.34 2.77 2.34 2.13 2.13 2.13 0.70 0.70 2.23 2.77 0.76 0.76 0.76 0.76 2.29 0.76 0.76 0.76 0.76 0.76 2.52 2.52
0.73 0.73 0.73 0.73 0.73 0.73 0.73 0.73 0.75 0.75 1.10 2.50 0.75 0.75 0.75 0.75 2.50 2.50 2.50 0.75 0.75 0.75 0.75 0.75 0.70 0.70 0.70 0.70 0.70 0.70 0.70 0.70 0.70 0.70 0.70 0.70 0.70 0.70 0.70 0.70 0.67 0.67 0.67 0.67 0.67 0.67 0.67 2.64 2.64 2.64 0.67 0.67 2.23 2.23 2.23 0.98 2.34 2.34 2.34 2.34 2.77 2.77 2.34 2.34 2.34 2.13 2.77 2.34 2.77 2.34 2.34 2.34 2.29 0.76 0.76 2.29 2.52 2.29 2.29 2.52 0.76 0.76 2.52 2.52
0.73 0.73 0.73 0.73 0.73 0.73 0.73 0.73 0.75 0.75 2.50 1.10 0.75 0.75 0.75 0.75 1.10 2.50 2.50 0.75 0.75 0.75 0.75 0.75 0.70 0.70 0.70 0.70 0.70 0.70 0.70 0.70 0.70 0.70 0.70 0.70 0.70 0.70 0.70 0.70 0.67 2.64 2.64 2.64 0.67 0.67 2.64 2.64 2.64 2.64 0.98 0.67 2.64 2.23 2.23 0.98 2.13 2.13 2.34 2.34 2.34 2.77 0.83 2.77 2.34 2.13 2.34 2.34 2.34 2.13 2.13 2.34 2.52 2.97 0.76 1.11 2.97 2.97 2.29 2.29 2.29 0.76 2.52 2.52
0.73 0.73 0.73 0.73 0.73 0.73 0.73 0.73 0.75 0.75 0.75 1.10 1.10 0.75 0.75 2.50 0.75 0.75 1.10 1.10 0.75 0.75 0.75 0.75 0.70 0.70 0.70 0.70 0.70 0.70 0.70 0.70 0.70 0.70 0.70 0.70 0.70 0.70 0.70 0.70 0.67 2.64 2.64 2.64 2.64 2.64 2.64 2.64 2.64 2.64 0.67 0.67 0.98 2.23 2.23 2.23 2.34 2.13 2.13 2.34 2.77 2.34 2.34 2.77 2.34 2.34 2.34 2.34 2.34 2.34 2.34 2.34 2.52 2.97 2.29 2.97 2.97 2.52 2.97 2.97 2.29 2.97 2.97 2.52
0.73 0.73 0.73 0.73 0.73 0.73 0.73 0.73 0.75 0.75 0.75 1.10 1.10 0.75 2.37 1.10 0.75 1.10 1.10 1.10 0.75 0.75 0.75 0.75 0.70 0.70 0.70 0.70 0.70 0.70 0.70 0.70 0.70 0.70 0.70 0.70 0.70 0.70 0.70 0.70 0.67 2.64 2.64 2.64 2.64 2.64 2.64 2.64 2.64 0.67 0.67 0.98 2.23 2.23 2.23 2.23 0.70 2.13 2.77 2.77 0.83 2.77 2.34 2.34 2.34 2.34 2.34 2.34 2.34 2.34 2.34 2.34 2.39 0.76 2.29 2.97 2.97 2.97 2.97 2.97 2.97 2.97 2.97 0.89
0.73 0.73 0.73 0.73 0.73 0.73 0.73 0.73 0.75 0.75 0.75 0.75 0.75 0.75 2.50 0.75 0.75 1.10 1.10 0.75 0.75 0.75 0.75 0.75 0.70 0.70 0.70 0.70 0.70 0.70 0.70 0.70 0.70 0.70 0.70 0.70 0.70 0.70 0.70 0.70 0.67 2.64 2.64 2.64 2.64 2.64 2.64 2.64 0.67 0.67 0.67 0.98 0.98 2.23 2.23 2.23 2.34 2.34 2.34 2.77 2.77 2.77 2.77 2.77 2.77 2.77 2.34 2.34 2.34 2.34 2.34 2.34 2.39 2.52 2.52 2.52 2.97 2.97 2.97 2.97 2.97 2.48 2.48 2.97
0.73 0.73 0.73 0.73 0.73 0.73 0.73 0.73 0.75 0.75 0.75 0.75 1.10 2.50 2.37 2.37 1.10 1.10 1.10 0.75 0.75 0.75 0.75 0.75 0.70 0.70 0.70 0.70 0.70 0.70 0.70 0.70 0.70 0.70 0.70 0.70 0.70 0.70 0.70 0.70 0.67 0.67 2.64 2.12 2.12 0.67 0.67 2.23 0.67 0.67 2.03 2.03 2.03 2.03 2.64 0.98 2.34 2.34 2.34 2.13 2.77 2.34 2.77 2.34 2.34 2.34 2.34 2.13 2.34 2.34 2.34 2.34 2.52 2.29 2.97 2.97 2.97 2.97 2.97 2.97 2.97 0.89 2.48 2.48
0.73 0.73 0.73 0.73 0.73 0.73 0.73 0.73 0.75 0.75 0.75 0.75 1.10 2.50 2.50 2.50 1.10 0.75 1.10 0.75 0.75 0.75 0.75 0.75 0.70 0.70 0.70 0.70 0.70 0.70 0.70 0.70 0.70 0.70 0.70 0.70 0.70 0.70 0.70 0.70 0.67 0.67 2.64 2.64 0.67 0.67 0.67 0.67 0.67 0.67 2.23 2.03 2.03 2.23 2.23 2.23 2.34 2.34 2.34 2.77 2.77 2.77 2.77 2.77 2.34 2.34 2.77 2.13 2.34 2.34 2.34 2.34 2.29 2.29 2.97 2.97 2.29 2.97 2.97 2.97 2.97 2.97 2.97 2.48
2.87 0.73 0.73 0.73 0.73 0.73 0.73 0.73 0.75 0.75 0.75 0.75 1.10 2.50 2.50 2.50 2.50 1.10 0.75 0.75 0.75 0.75 0.75 0.75 0.70 0.70 0.70 0.70 0.70 0.70 0.70 0.70 0.70 0.70 0.70 0.70 0.70 0.70 0.70 0.70 0.67 0.67 2.64 2.64 2.23 0.67 0.67 0.67 0.67 2.23 2.23 2.23 2.03 2.03 2.23 2.23 2.34 2.34 2.34 2.77 2.34 2.77 2.34 2.77 2.77 2.77 2.34 2.77 2.77 2.34 2.34 2.34 2.29 2.97 2.97 2.97 2.29 2.97 2.97 2.97 2.48 2.97 2.97 2.97
2.87 0.73 0.73 0.73 0.73 0.73 0.73 0.73 0.75 0.75 0.75 2.37 2.50 2.50 2.50 2.27 2.37 1.10 0.75 0.75 0.75 0.75 0.75 0.75 0.70 0.70 0.70 0.70 0.70 0.70 0.70 0.70 0.70 0.70 0.70 0.70 0.70 0.70 0.70 0.70 0.67 0.67 0.67 0.67 0.67 0.67 0.67 0.67 0.98 2.03 2.03 2.03 2.23 2.23 2.23 2.23 2.34 2.34 2.34 2.34 2.77 2.77 2.77 2.77 2.77 2.13 2.13 2.34 2.34 2.34 2.34 2.34 2.97 2.97 2.97 2.97 2.52 2.29 2.29 2.97 2.48 2.97 2.97 2.97
2.87 0.73 0.73 0.73 0.73 0.73 0.73 0.73 0.75 0.75 0.75 2.37 2.50 2.50 2.37 2.37 2.27 1.10 0.75 0.75 0.75 0.75 0.75 0.75 0.70 0.70 0.70 0.70 0.70 0.70 0.70 0.70 0.70 0.70 0.70 0.70 0.70 0.70 0.70 0.70 0.67 0.67 0.67 0.67 0.67 0.67 0.67 0.67 2.23 2.03 2.23 2.23 2.23 2.23 2.23 2.23 2.34 2.77 2.77 2.77 2.77 2.77 2.13 2.77 2.77 2.13 2.34 2.13 2.34 2.34 2.13 2.13 2.52 2.97 2.97 2.97 2.29 2.29 2.29 2.97 2.97 2.97 2.97 2.52
3.14 2.42 0.80 0.80 0.80 0.80 0.80 0.80 0.83 0.83 0.83 1.21 2.62 2.62 0.83 0.83 0.83 0.83 0.83 0.83 0.83 0.83 0.83 0.83 0.74 0.74 0.74 0.74 0.74 0.74 0.74 0.74 0.74 0.74 0.74 0.74 0.74 0.74 0.74 0.74 0.79 0.79 0.79 0.79 0.79 0.79 0.79 2.62 2.62 2.62 2.62 2.62 2.62 2.38 2.62 2.62 2.87 2.87 2.87 2.43 2.21 2.21 2.21 2.87 2.87 2.43 2.43 2.43 2.21 2.21 2.21 2.43 2.58 2.58 2.58 2.35 2.35 2.35 2.35 3.05 3.05 3.05 2.58 2.58
3.14 3.14 3.14 0.80 0.80 0.80 0.80 0.80 0.83 0.83 0.83 0.83 0.83 0.83 0.83 0.83 0.83 0.83 0.83 0.83 0.83 0.83 0.83 0.83 0.74 0.74 0.74 0.74 0.74 0.74 0.74 0.74 0.74 0.74 0.74 0.74 0.74 0.74 0.74 0.74 0.79 0.79 0.79 0.79 0.79 0.79 0.79 0.79 2.62 2.38 2.62 2.62 2.62 2.62 2.62 2.62 2.87 2.21 2.43 2.21 2.43 2.21 2.21 2.43 2.87 2.87 2.43 2.43 2.43 2.21 2.21 2.43 2.58 2.58 2.58 3.05 2.58 2.35 3.05 2.58 2.52 3.05 2.58 2.35
0.80 0.80 0.80 0.80 0.80 0.80 0.80 0.80 0.83 0.83 0.83 0.83 0.83 0.83 0.83 0.83 0.83 0.83 0.83 0.83 0.83 0.83 0.83 0.83 0.74 0.74 0.74 0.74 0.74 0.74 0.74 0.74 0.74 0.74 0.74 0.74 0.74 0.74 0.74 0.74 0.79 0.79 0.79 0.79 0.79 1.15 0.79 0.79 0.79 2.62 2.62 2.62 2.62 3.09 3.09 2.62 2.43 2.43 2.43 2.43 2.43 2.21 2.43 2.43 2.87 2.87 2.87 2.43 2.43 2.43 2.43 2.43 2.58 2.58 2.58 2.58 2.58 2.35 2.58 3.05 3.05 3.05 2.58 2.58
0.80 3.14 3.14 2.42 0.80 0.80 0.80 0.80 0.83 0.83 0.83 0.83 0.83 1.21 0.83 0.83 0.83 0.83 0.83 0.83 0.83 0.83 0.83 0.83 0.74 0.74 0.74 0.74 0.74 0.74 0.74 0.74 0.74 0.74 0.74 0.74 0.74 0.74 0.74 0.74 0.79 0.79 0.79 0.79 0.79 0.79 0.79 0.79 0.79 0.79 0.79 0.79 0.79 3.09 3.09 2.62 2.43 2.43 2.43 2.43 2.43 2.43 2.43 2.21 2.87 2.87 2.87 2.43 2.21 2.21 2.43 2.43 2.58 2.58 2.58 2.58 2.58 2.58 3.05 3.05 3.05 2.58 2.35 2.35
2.66 2.42 2.66 2.42 0.80 0.80 0.80 0.80 0.83 0.83 0.83 0.83 1.21 1.21 0.83 0.83 0.83 0.83 0.83 0.83 0.83 0.83 0.83 0.83 0.74 0.74 0.74 0.74 0.74 0.74 0.74 0.74 0.74 0.74 0.74 0.74 0.74 0.74 0.74 0.74 0.79 0.79 0.79 0.79 0.79 0.79 0.79 0.79 0.79 0.79 0.79 0.79 0.79 2.38 2.62 2.62 2.43 2.43 2.43 2.21 2.43 2.43 2.21 2.21 2.87 2.87 2.87 2.21 2.31 2.21 2.21 2.87 2.58 2.58 2.58 2.58 2.58 2.35 3.05 2.52 3.05 2.58 2.35 2.35
2.66 2.66 2.52 0.80 0.80 0.80 0.80 0.80 0.83 0.83 0.83 2.62 0.83 0.83 0.83 0.83 0.83 0.83 0.83 0.83 0.83 0.83 0.83 0.83 0.74 0.74 0.74 0.74 0.74 0.74 0.74 0.74 0.74 0.74 0.74 0.74 0.74 0.74 0.74 0.74 0.79 0.79 0.79 0.79 0.79 0.79 1.15 1.15 1.15 1.15 0.79 0.79 0.79 2.38 2.62 2.62 2.43 2.43 2.43 2.43 2.43 2.87 2.87 2.43 2.21 2.87 2.87 2.43 2.43 2.21 2.87 2.87 2.58 3.05 2.58 2.58 2.35 3.05 3.05 3.05 3.05 3.05 3.05 2.58
2.42 2.42 2.66 0.80 0.80 0.80 0.80 0.80 0.83 0.83 0.83 0.83 0.83 0.83 0.83 0.83 0.83 0.83 0.83 0.83 0.83 0.83 0.83 0.83 0.74 0.74 0.74 0.74 0.74 0.74 0.74 0.74 0.74 0.74 0.74 0.74 0.74 0.74 0.74 0.74 0.79 0.79 0.79 0.79 0.79 0.79 0.79 2.62 2.62 2.62 0.79 2.62 2.62 2.62 2.62 2.62 2.43 2.43 2.43 2.87 2.87 2.43 2.43 2.43 2.21 2.87 2.87 2.31 2.87 2.87 2.21 2.43 3.05 3.05 2.58 2.58 3.05 3.05 3.05 2.58 2.58 3.05 3.05 2.58
2.42 2.42 2.42 2.42 2.42 0.80 0.80 0.80 0.83 0.83 0.83 0.83 0.83 0.83 0.83 0.83 0.83 0.83 0.83 0.83 0.83 0.83 0.83 0.83 0.74 0.74 0.74 0.74 0.74 0.74 0.74 0.74 0.74 0.74 0.74 0.74 0.74 0.74 0.74 0.74 0.79 0.79 0.79 2.62 0.79 0.79 0.79 2.62 2.62 2.62 2.62 2.62 2.62 2.62 2.62 2.62 2.43 2.43 2.21 2.87 2.87 2.43 2.43 2.43 2.43 2.21 2.87 2.43 2.21 2.21 2.21 2.21 2.58 2.35 2.58 3.05 3.05 3.05 2.35 2.58 2.58 2.58 3.05 2.35
