New_Model_Runs/7_FutureClimate_RCP85_out/post_prcessed_with_MFR/Monthly_summaries/actual_et_monthly_JAN.asc
NCOLS 700
NROWS 400
XLLCENTER 515000.000000
YLLCENTER 8409000.000000
CELLSIZE 50.000000
NODATA_value -999.000000
[rows 266 to 303 of 400, columns 168 to 251 of 700]
4.48 4.48 4.48 2.17 4.48 1.48 1.48 1.48 1.53 1.53 1.53 1.53 1.53 1.53 1.53 1.53 1.53 1.53 1.53 1.53 1.53 1.53 1.53 1.53 1.40 1.40 1.40 1.40 1.40 1.40 4.66 1.40 1.40 1.40 1.40 1.40 1.40 1.40 1.40 1.40 1.45 1.45 1.45 4.82 1.45 1.45 1.45 1.45 2.13 4.82 4.85 4.85 4.85 4.85 4.85 4.85 4.59 4.59 4.59 4.59 4.59 4.59 4.18 4.18 4.18 4.59 5.42 4.18 4.18 4.18 4.59 4.59 4.40 5.70 4.83 5.70 5.70 4.46 5.70 4.40 4.40 4.40 4.40 4.40
4.48 4.48 4.92 4.48 4.48 4.92 1.48 1.48 1.53 1.53 1.53 1.53 1.53 1.53 1.53 1.53 1.53 1.53 1.53 1.53 1.53 1.53 1.53 1.53 1.40 1.40 1.40 1.40 1.40 1.40 4.66 4.26 4.68 1.40 1.40 1.40 1.40 1.40 1.40 1.40 1.45 1.45 1.45 1.45 4.82 1.45 1.45 1.45 1.45 4.82 4.85 4.85 4.41 4.85 4.85 4.85 4.59 4.59 4.18 4.59 4.59 4.59 4.59 4.18 4.18 4.18 5.42 4.18 4.18 4.59 4.59 4.59 5.70 5.70 5.70 5.70 4.46 5.70 5.70 5.70 5.70 4.83 4.83 4.83
4.48 4.48 4.92 5.81 4.92 4.92 1.48 1.48 1.53 1.53 1.53 1.53 1.53 1.53 1.53 1.53 1.53 1.53 1.53 1.53 1.53 1.53 1.53 1.53 1.40 1.40 1.40 1.40 1.40 1.40 4.66 4.68 4.68 4.66 1.40 1.40 1.40 1.40 1.40 1.40 1.45 1.45 1.45 1.45 4.82 4.82 1.45 4.82 4.82 4.82 4.85 4.85 4.41 4.85 4.85 4.85 4.18 4.59 4.18 4.59 4.59 4.59 4.18 5.42 5.42 5.42 5.42 5.42 5.42 4.59 4.59 4.59 4.83 5.70 5.70 4.46 4.83 4.83 4.40 4.83 4.40 5.70 5.70 4.83
5.81 4.48 5.81 4.92 4.92 4.92 1.48 1.48 1.53 1.53 1.53 1.53 1.53 1.53 1.53 1.53 1.53 1.53 1.53 1.53 1.53 1.53 1.53 1.53 1.40 1.40 1.40 1.40 1.40 1.40 1.40 4.68 4.68 1.40 1.40 1.40 1.40 1.40 1.40 1.40 1.45 4.82 4.82 1.45 4.82 4.82 4.41 4.41 4.82 4.82 4.85 4.85 1.45 1.45 1.45 4.41 4.18 4.18 5.42 4.18 4.59 4.59 4.18 4.59 4.18 4.18 4.18 5.42 5.42 4.59 5.42 4.59 4.83 5.70 5.70 5.70 4.40 4.40 5.70 4.83 4.40 4.40 4.83 1.45
4.48 4.48 5.81 4.48 4.92 4.48 1.48 1.48 1.53 1.53 5.09 2.24 2.24 2.24 1.53 1.53 1.53 1.53 1.53 1.53 1.53 1.53 1.53 1.53 1.40 1.40 1.40 1.40 1.40 1.40 4.68 4.68 4.68 1.40 1.40 1.40 1.40 1.40 1.40 1.40 4.82 4.82 4.41 4.82 4.82 4.82 4.82 5.67 4.41 4.41 1.45 1.45 1.45 1.45 4.41 4.41 4.18 4.18 4.18 4.59 4.18 4.59 4.59 4.59 5.42 4.18 4.18 5.42 4.59 4.59 4.59 4.59 5.70 5.70 5.70 4.40 4.40 4.40 4.40 4.83 4.40 4.40 4.83 1.45
4.92 5.81 4.64 4.48 4.48 4.48 1.48 1.48 1.53 1.53 2.24 2.24 4.64 4.64 1.53 1.53 1.53 1.53 1.53 4.84 2.24 1.53 1.53 1.53 1.40 1.40 1.40 1.40 4.68 4.68 4.68 4.68 4.68 4.68 1.40 1.40 1.40 1.40 1.40 1.40 4.82 4.82 4.82 4.82 4.82 4.82 4.82 5.67 1.45 1.45 1.45 1.45 1.45 1.45 4.41 4.41 4.18 4.59 5.42 4.59 4.18 4.18 4.59 5.42 5.42 5.42 5.42 4.59 5.42 4.59 4.59 4.34 4.83 5.70 5.70 4.40 4.40 4.40 4.40 5.70 4.40 4.40 4.40 1.45
4.92 5.81 5.81 4.48 1.48 1.48 1.48 1.48 1.53 1.53 2.24 2.24 4.64 1.53 1.53 1.53 4.84 4.84 5.09 5.09 5.09 4.84 2.24 1.53 1.40 1.40 4.66 4.68 4.68 4.68 4.68 4.68 4.68 4.68 4.45 2.06 1.40 1.40 1.40 1.40 1.45 1.45 4.79 4.79 4.79 4.79 4.79 5.63 5.63 1.45 1.45 1.45 1.45 1.45 4.41 4.41 4.59 4.59 1.62 4.34 4.18 4.18 4.59 5.42 5.42 1.62 4.34 5.42 4.18 5.42 5.42 4.59 5.70 5.70 5.70 4.40 4.40 4.40 4.40 5.70 5.70 4.40 4.59 1.45
4.92 5.81 4.92 1.48 1.48 1.48 1.48 1.48 1.53 1.53 2.24 2.24 1.53 1.53 1.53 1.53 1.53 4.64 5.09 5.09 5.08 4.84 4.84 2.24 1.40 1.40 4.68 4.68 4.68 4.68 4.68 4.68 4.68 4.68 4.68 4.66 4.66 4.26 1.40 1.40 1.45 1.45 4.79 4.41 4.79 4.41 4.79 4.41 1.45 1.45 1.45 1.45 1.45 4.85 4.85 1.45 4.59 5.42 5.42 5.42 4.59 5.42 5.42 5.42 5.42 1.62 5.42 4.18 4.59 1.38 5.42 4.34 4.46 5.70 5.70 5.70 5.70 4.40 4.40 5.70 5.70 2.13 4.59 2.13
5.12 6.04 2.25 1.54 1.54 1.54 1.54 4.66 2.23 2.23 2.23 2.23 1.52 1.52 1.52 1.52 1.52 1.52 5.06 5.06 1.52 1.52 1.52 1.52 1.50 1.50 1.50 4.96 4.96 4.96 4.96 4.96 4.96 4.96 4.54 4.90 4.54 1.50 1.50 2.19 2.21 4.91 4.91 4.56 4.91 4.91 4.91 5.75 4.91 4.91 1.50 4.91 1.50 1.50 5.01 5.01 1.43 5.61 4.33 4.33 5.62 5.62 4.76 4.76 4.33 5.62 5.62 4.33 5.62 4.43 4.43 4.43 4.49 4.46 4.46 4.46 5.78 5.78 4.46 4.46 5.78 5.79 4.66 2.16
4.66 6.04 5.12 1.54 1.54 2.25 5.12 5.12 2.23 4.61 5.06 2.23 2.23 1.52 1.52 1.52 1.52 1.52 5.06 5.06 1.52 1.52 1.52 1.52 1.50 1.50 1.50 1.50 4.96 4.96 4.96 4.96 4.96 4.96 5.84 1.50 1.50 4.90 1.50 1.50 1.50 1.50 4.91 4.91 4.91 4.91 4.91 4.91 4.91 4.91 4.91 4.56 4.91 2.21 4.56 1.50 1.43 1.43 4.33 4.33 5.62 5.62 4.76 4.33 4.33 5.62 5.62 5.62 5.62 5.62 4.43 4.43 5.78 4.90 4.46 4.46 4.90 4.90 4.90 4.90 4.90 2.16 2.16 4.90
6.04 6.04 4.66 1.54 1.54 2.25 2.25 2.25 4.61 4.61 4.61 4.61 1.52 1.52 1.52 1.52 1.52 1.52 5.06 5.03 1.52 1.52 1.52 1.52 1.50 1.50 1.50 1.50 4.96 4.96 4.96 4.96 4.96 4.96 4.96 5.84 4.54 1.50 2.19 1.50 1.50 1.50 4.91 4.91 4.91 4.91 1.50 1.50 5.75 5.75 4.56 4.91 4.91 2.21 4.91 5.01 1.43 4.33 5.62 4.33 4.33 4.76 4.76 4.76 5.62 5.62 5.62 5.62 5.62 4.43 5.62 4.76 4.90 5.78 4.46 4.46 4.90 5.78 4.90 4.90 4.90 2.16 4.46 5.78
6.04 4.66 5.12 1.54 1.54 1.54 1.54 4.66 4.61 5.06 4.61 2.23 1.52 1.52 1.52 1.52 1.52 1.52 1.52 4.81 1.52 1.52 1.52 1.52 1.50 1.50 1.50 1.50 4.96 4.96 4.96 4.96 4.96 4.96 4.96 5.84 4.90 1.50 4.90 4.90 1.50 4.56 4.91 4.91 1.50 1.50 1.50 1.50 4.91 4.56 4.91 4.91 4.91 4.91 4.56 4.56 4.33 4.33 5.62 5.62 4.76 4.33 4.76 5.62 4.43 5.62 5.62 5.62 5.62 4.76 4.76 4.76 4.90 4.90 4.46 4.46 4.90 4.90 4.90 5.78 4.90 4.46 2.16 4.90
6.04 5.12 4.66 1.54 1.54 5.12 5.12 5.12 5.06 5.06 1.52 1.52 1.52 1.52 1.52 1.52 1.52 1.52 1.52 1.52 1.52 1.52 1.52 1.52 1.50 1.50 1.50 1.50 4.96 4.96 1.50 1.50 1.50 1.50 4.96 4.96 4.90 1.50 1.50 4.90 4.91 4.91 1.50 1.50 1.50 1.50 1.50 1.50 1.50 5.75 4.91 4.91 4.91 4.91 4.91 4.91 4.33 4.33 4.76 4.33 5.62 4.76 4.76 5.62 5.62 4.43 4.43 1.68 5.62 5.62 4.76 4.76 4.90 5.78 5.78 5.78 4.90 2.16 2.16 4.90 4.90 2.16 2.16 4.90
6.04 6.04 5.12 5.12 1.54 5.12 5.12 2.25 5.06 1.52 1.52 1.52 1.52 1.52 1.52 1.52 1.52 1.52 1.52 1.52 1.52 1.52 1.52 1.52 1.50 1.50 1.50 1.50 1.50 4.96 1.50 4.74 1.50 1.50 4.96 4.54 1.50 2.19 4.54 4.54 4.91 4.91 1.50 1.50 1.50 1.50 1.50 1.50 1.50 4.91 4.91 4.91 4.91 4.91 4.91 4.91 4.68 4.71 4.33 4.33 4.76 4.76 4.76 5.62 5.62 4.43 4.43 4.43 5.62 5.62 2.09 4.76 4.90 5.78 5.78 5.78 4.46 4.90 4.90 2.16 2.16 2.16 4.46 4.90
6.04 6.04 5.12 5.12 1.54 1.54 1.54 1.54 1.52 1.52 1.52 1.52 5.06 2.23 1.52 1.52 1.52 1.52 5.06 5.02 5.03 1.52 1.52 1.52 1.50 1.50 1.50 1.50 1.50 4.54 4.74 4.74 1.50 5.84 5.84 2.19 2.19 4.54 4.90 4.90 4.91 1.50 1.50 1.50 1.50 1.50 1.50 1.50 1.50 4.91 4.91 4.91 4.91 4.77 4.91 4.91 4.71 4.71 4.71 4.33 4.76 4.76 5.62 4.43 5.62 4.43 4.76 4.76 4.76 4.33 2.09 4.76 4.90 4.90 4.90 4.46 4.90 4.90 4.90 4.90 4.66 2.16 4.66 4.66
6.04 6.04 5.12 4.66 1.54 1.54 1.54 1.54 4.81 1.52 1.52 1.52 5.06 5.97 5.97 1.52 5.06 1.52 1.52 5.02 5.03 1.52 1.52 1.52 1.50 1.50 1.50 1.50 4.96 4.96 4.96 5.84 4.96 5.84 4.54 4.54 4.54 4.54 4.90 4.90 2.21 1.50 4.91 1.50 1.50 1.50 2.21 2.21 1.50 4.91 4.91 4.91 4.91 5.75 4.91 4.56 4.71 4.71 4.71 4.71 4.33 5.62 5.62 5.62 4.76 5.62 4.76 4.76 4.76 4.33 2.09 4.76 4.90 4.90 4.46 4.46 4.46 4.90 4.90 4.90 4.90 4.90 4.46 1.47
6.04 6.04 6.04 6.04 5.12 1.54 1.54 1.54 4.81 1.52 1.52 4.81 5.06 5.06 5.97 5.97 5.97 5.06 5.93 5.93 4.61 4.61 4.61 1.52 4.96 4.96 4.54 4.54 4.96 4.96 4.96 5.84 5.84 5.84 5.75 4.54 4.54 2.19 4.54 4.54 1.50 4.56 4.91 4.56 1.50 4.91 4.91 5.75 4.56 4.91 4.91 4.91 4.56 5.75 5.75 4.56 4.33 4.71 4.71 4.33 4.73 5.62 4.43 4.43 4.76 4.76 4.76 4.76 4.76 4.33 4.76 4.76 4.90 4.90 4.46 4.46 4.90 4.90 5.78 4.90 4.90 4.46 4.90 4.90
4.66 4.66 6.04 4.73 5.12 1.54 1.54 1.54 1.52 1.52 1.52 1.52 1.52 1.52 5.97 4.68 5.97 5.06 5.96 4.08 5.93 5.03 5.93 5.97 4.02 5.87 4.96 4.54 5.87 4.96 4.02 5.84 5.84 1.75 2.19 4.54 4.54 4.54 4.54 4.54 1.50 1.50 1.50 1.50 4.56 4.56 4.91 4.91 4.91 4.91 4.91 5.75 4.56 5.75 1.50 1.50 5.54 4.71 4.71 4.71 4.33 5.61 5.62 5.62 4.33 4.33 4.33 4.76 4.33 4.33 2.09 4.76 4.90 4.90 4.46 4.46 4.90 4.90 4.90 4.90 4.90 4.46 4.46 4.46
4.66 6.04 6.04 6.04 5.12 1.54 1.54 6.04 1.52 1.52 1.52 1.52 1.52 5.97 4.68 4.68 5.97 5.97 5.96 5.93 4.08 5.93 5.93 5.93 5.84 5.84 5.84 4.02 4.02 5.84 4.02 5.84 5.84 4.02 2.19 2.19 4.54 1.50 1.50 1.50 1.50 4.91 1.50 4.91 4.91 4.56 4.56 4.77 4.91 4.91 4.91 5.75 1.50 1.50 1.50 4.91 4.68 5.54 4.33 4.33 4.73 5.58 4.73 4.76 4.33 4.33 4.33 4.76 4.33 4.33 4.33 4.76 4.90 4.90 4.90 4.90 4.90 4.90 4.90 4.90 4.46 4.46 4.46 4.46
6.04 6.04 4.66 4.66 6.04 5.12 6.04 6.04 5.97 5.97 5.97 1.52 5.97 5.97 5.97 4.68 5.97 5.97 4.61 5.03 5.97 5.93 5.93 5.93 4.96 4.54 4.02 4.02 5.84 4.02 4.02 4.02 5.84 4.02 5.75 4.54 2.19 1.50 1.50 1.50 1.50 4.91 4.91 4.91 4.91 4.91 4.56 5.75 4.91 4.91 4.91 4.56 4.91 4.91 5.75 4.91 4.68 5.50 5.54 4.33 4.33 4.73 4.73 4.73 4.76 5.62 5.62 5.62 5.62 4.76 4.76 4.76 4.90 4.90 4.90 4.90 4.90 4.90 4.90 4.46 4.46 4.90 4.90 4.46
6.04 6.04 4.66 4.66 4.66 4.66 6.04 6.04 2.23 5.97 5.97 4.61 5.97 1.79 5.97 5.97 4.68 4.08 4.61 5.03 4.61 5.93 5.93 5.03 5.84 5.84 4.02 5.84 5.84 5.88 4.02 5.84 1.75 5.84 4.02 5.84 4.96 4.96 4.96 4.74 1.50 4.91 4.91 4.91 4.56 4.56 4.56 4.56 4.56 4.56 4.56 4.56 1.50 1.50 4.56 4.56 4.33 4.33 4.33 4.33 5.54 4.73 4.73 4.73 4.73 5.62 5.62 5.62 4.76 4.76 4.76 4.76 4.90 4.90 4.90 4.90 4.90 2.16 2.16 4.46 5.79 4.90 4.90 4.46
6.04 6.04 6.04 6.04 4.66 6.04 6.04 6.04 5.97 4.68 5.97 5.97 5.97 4.68 5.97 5.97 5.97 5.93 1.52 1.52 4.61 5.03 5.03 4.61 4.96 4.96 4.96 5.84 5.84 4.02 1.75 5.84 5.84 5.84 5.88 4.96 4.96 4.96 4.96 4.96 1.50 1.50 4.91 4.91 1.50 4.56 5.75 5.75 4.56 4.56 1.50 1.50 1.50 1.50 1.50 1.50 4.33 4.33 4.68 4.33 5.50 5.58 4.73 4.73 5.58 5.54 4.33 4.76 4.76 4.76 4.76 4.76 4.90 4.90 4.90 4.90 4.90 4.90 4.46 4.46 4.90 5.79 4.90 4.90
4.73 4.73 6.04 6.04 6.04 6.04 4.73 6.04 5.97 4.61 4.61 5.06 5.97 4.61 5.06 5.06 5.97 5.93 1.52 4.81 4.61 5.93 4.61 4.61 4.96 4.96 4.96 4.96 4.96 4.96 5.84 5.84 4.54 4.96 4.02 4.96 5.84 4.96 4.96 4.54 4.98 4.98 1.50 4.56 1.50 1.50 5.75 5.75 4.56 4.56 1.50 1.50 4.56 4.56 1.50 1.50 4.33 5.50 5.50 4.68 5.57 3.87 5.58 5.58 5.58 4.73 4.71 4.76 4.76 4.76 4.76 4.76 4.90 4.90 4.90 4.90 5.79 4.90 4.46 4.46 5.79 5.79 5.79 5.79
6.04 6.04 6.04 6.04 6.04 6.04 6.04 4.72 4.68 4.61 5.06 5.06 4.68 5.97 5.06 5.06 4.81 1.52 1.52 5.93 5.97 5.93 4.61 5.03 4.96 4.96 4.96 4.96 4.96 5.84 4.54 4.96 4.54 4.54 4.96 5.88 2.19 4.96 4.96 4.96 4.98 4.98 1.50 1.50 1.50 4.77 5.75 5.75 4.91 1.50 1.50 1.50 1.50 1.50 1.50 1.50 1.43 5.50 4.68 4.68 5.58 5.58 4.73 4.73 5.58 5.58 5.58 4.73 4.33 4.76 4.76 4.76 4.90 4.90 4.90 4.90 5.79 5.79 4.46 5.79 5.79 5.79 5.79 5.78
4.64 4.64 4.64 4.64 6.02 6.02 4.60 6.02 4.57 4.57 5.96 5.96 5.96 5.96 5.05 4.80 5.05 5.00 1.51 1.51 1.51 5.00 5.00 5.00 4.99 4.99 4.99 4.99 4.99 4.99 4.59 5.88 5.88 4.59 4.99 4.59 4.99 2.22 4.99 4.99 4.99 4.99 1.51 1.51 1.51 1.51 1.51 1.51 1.51 1.51 2.22 1.51 1.51 1.51 4.79 4.79 1.44 1.44 5.52 3.84 5.62 4.77 4.37 5.62 5.62 4.77 4.37 5.62 1.44 4.80 4.80 4.80 4.45 4.45 2.15 2.15 2.15 5.77 4.89 5.77 5.77 5.77 5.77 5.77
6.02 6.02 6.02 5.10 6.02 4.64 6.02 6.02 5.96 4.57 5.96 5.96 5.96 5.96 5.05 5.05 5.00 5.00 2.22 4.59 1.51 1.51 5.00 5.00 4.99 4.99 4.99 4.99 4.99 4.99 4.59 4.59 5.88 5.88 5.88 4.59 4.99 3.99 4.59 4.99 4.99 4.99 4.91 1.51 2.22 4.79 1.51 1.51 1.51 1.51 1.51 1.51 1.51 1.51 1.51 4.79 2.11 1.44 5.52 3.84 3.85 5.62 4.77 4.77 4.77 4.77 4.37 4.37 1.44 4.74 4.80 4.80 4.89 4.45 4.45 2.15 1.47 1.47 4.45 5.77 5.77 5.77 5.77 5.77
6.02 6.02 6.02 4.64 4.64 4.64 4.64 6.02 5.05 5.96 4.59 4.59 5.96 1.79 5.96 5.05 5.00 5.00 4.59 4.59 1.51 1.51 1.51 5.00 4.99 4.99 4.59 4.59 4.99 4.99 4.99 4.99 4.59 5.88 4.99 4.99 4.99 4.59 4.59 4.59 4.59 4.59 4.59 1.51 1.51 4.91 1.51 1.51 1.51 1.51 1.51 1.51 1.51 1.51 1.51 1.51 1.44 2.11 5.52 3.84 5.62 4.77 4.77 4.77 4.77 4.77 4.77 4.77 1.44 1.44 4.74 4.80 4.89 4.89 4.45 1.47 1.47 4.45 5.77 5.77 5.77 5.77 5.77 5.77
6.02 6.02 6.02 6.02 6.02 6.02 4.64 6.02 4.59 5.05 4.59 4.59 4.59 5.05 5.96 5.96 5.93 5.00 4.59 4.59 4.59 4.59 5.00 5.00 4.99 4.99 4.59 4.59 4.99 4.99 4.99 4.59 4.99 5.88 4.99 4.99 4.59 4.59 4.59 4.59 4.59 4.59 4.59 2.22 1.51 1.51 1.51 1.51 1.51 1.51 1.51 1.51 1.51 1.51 4.91 1.51 1.44 2.11 5.52 5.52 5.62 4.37 4.37 4.37 4.77 4.77 4.37 1.44 1.44 1.44 1.44 4.37 4.45 4.89 1.47 1.47 4.45 5.77 5.77 5.77 5.77 5.77 5.77 5.77
4.60 6.02 6.02 6.02 5.10 6.02 5.10 5.10 4.59 5.96 5.05 5.05 5.05 5.05 5.96 5.05 4.00 1.77 5.89 5.89 5.89 5.89 5.00 5.00 4.99 5.88 5.88 4.59 4.59 4.59 4.59 5.88 5.88 4.99 4.99 4.99 4.99 4.99 4.59 4.59 4.59 4.59 4.59 5.88 5.88 1.51 1.51 1.51 1.51 1.51 1.51 1.51 1.51 1.51 1.51 1.51 1.44 1.44 5.52 5.52 3.85 4.77 4.37 3.85 5.62 5.62 5.62 5.62 1.44 4.77 4.77 4.77 4.83 1.47 1.47 1.47 4.45 5.77 5.77 5.77 5.77 4.46 1.73 5.77
4.60 6.02 6.02 6.02 4.64 5.10 4.64 4.64 4.59 5.96 5.96 5.05 5.05 5.05 5.05 5.05 5.00 5.00 4.00 4.00 5.89 5.89 4.00 5.89 4.99 5.88 5.88 4.59 4.99 4.99 4.99 5.93 4.59 4.99 4.59 4.59 4.99 4.99 4.99 4.99 4.99 4.99 4.99 5.88 5.88 5.88 5.88 5.75 5.75 1.51 1.51 1.51 4.91 1.51 1.51 1.51 1.44 1.44 1.44 1.44 5.66 4.77 4.77 4.37 5.62 4.77 4.77 4.37 4.37 4.77 4.77 4.77 4.83 4.83 1.47 1.47 5.77 5.77 5.77 5.77 5.77 5.77 5.77 5.77
4.60 6.02 6.02 6.02 6.02 4.64 4.64 4.64 4.59 4.59 4.59 5.96 5.96 5.05 5.05 5.00 5.00 5.89 4.59 5.93 4.00 5.89 5.89 5.89 4.59 5.88 4.59 4.59 4.59 4.99 4.99 5.88 4.99 4.99 4.99 4.99 4.99 4.99 5.88 5.88 4.59 4.99 4.99 4.79 5.88 5.88 5.88 5.88 5.75 1.51 1.51 1.51 4.91 1.51 1.51 4.91 1.44 1.44 1.44 1.44 1.44 5.62 4.37 4.77 4.77 4.37 4.77 5.62 5.62 1.44 1.44 4.77 4.83 4.45 4.45 4.45 5.77 5.77 5.77 4.45 5.77 5.77 4.89 4.89
4.60 6.02 6.02 6.02 6.02 4.64 4.64 4.64 4.59 4.59 4.59 4.59 5.96 4.59 5.96 5.89 5.00 5.93 4.59 4.59 5.89 5.93 5.89 5.00 5.88 5.88 5.88 4.99 4.79 5.88 4.99 4.99 5.88 4.59 4.59 4.99 4.99 4.99 4.99 4.99 4.99 4.99 4.99 4.99 4.99 5.88 5.88 5.88 5.88 1.51 1.51 1.51 1.51 1.51 4.91 1.51 1.44 1.44 1.44 1.44 1.44 1.69 4.37 4.77 4.37 4.37 4.77 4.77 5.62 4.77 5.66 4.77 4.45 4.45 4.45 4.45 4.45 4.89 5.77 5.77 5.77 5.77 4.89 4.89
4.64 6.02 6.02 6.02 4.84 4.64 4.64 4.64 4.59 4.59 4.59 4.59 5.96 4.59 4.80 5.00 5.89 5.00 4.59 4.59 5.00 4.59 5.00 5.89 5.88 5.88 5.88 2.22 5.93 5.88 5.93 4.99 5.88 5.88 5.88 4.99 5.88 5.88 4.99 4.99 4.99 4.99 4.99 4.99 4.99 2.22 5.88 1.51 1.51 1.51 1.51 1.51 1.51 1.51 4.58 1.51 1.44 1.44 4.37 4.37 5.62 5.62 4.77 4.37 5.62 4.37 4.37 4.37 4.77 4.77 4.37 4.77 4.45 4.45 5.69 4.45 4.83 3.83 4.46 4.89 4.45 4.89 5.77 4.89
4.64 4.64 6.02 4.60 4.64 4.64 4.64 4.64 4.59 4.59 4.59 5.96 5.96 4.59 5.96 5.89 5.89 5.89 4.59 4.59 4.59 5.00 5.00 5.00 4.99 5.88 5.88 4.79 5.88 3.99 5.88 3.99 3.99 3.99 4.99 4.99 5.88 5.88 5.88 4.99 4.99 4.99 4.99 4.99 4.99 4.99 4.59 4.99 4.99 4.59 4.58 1.51 1.51 1.51 1.51 1.51 5.51 5.51 4.77 1.44 4.77 5.62 4.37 4.77 5.62 5.62 5.62 4.37 4.37 4.77 4.37 4.37 4.83 5.69 5.69 5.69 5.69 5.69 3.83 4.45 4.45 5.77 5.77 5.77
4.64 5.10 4.64 4.60 6.02 5.10 5.10 6.02 5.96 4.59 4.59 4.59 4.59 5.05 5.96 5.89 5.89 5.89 5.89 4.59 5.89 5.00 4.59 4.59 4.99 4.99 5.88 3.99 5.88 4.99 5.88 5.88 5.88 3.99 5.88 4.99 4.99 5.88 4.99 4.99 4.99 4.99 4.99 4.99 4.99 4.99 4.99 4.99 4.99 4.59 4.59 1.51 1.51 1.51 1.51 1.51 4.71 4.77 4.77 1.44 4.77 4.37 4.37 4.77 4.37 4.77 4.77 4.37 5.62 4.77 4.77 4.37 4.45 5.69 5.69 5.69 5.74 5.69 3.83 3.83 4.46 5.77 5.77 5.77
4.64 4.64 4.64 6.02 6.02 6.02 6.02 5.10 5.05 5.05 5.05 5.96 5.05 5.05 5.00 5.00 5.00 5.89 5.89 5.00 5.00 5.00 5.00 5.89 4.59 4.99 5.88 5.88 5.88 5.88 4.99 5.88 5.88 5.93 5.88 5.88 3.99 4.99 4.59 4.59 4.99 4.99 5.88 4.99 4.99 4.99 5.88 5.88 4.99 4.59 4.99 4.99 4.59 4.99 1.51 1.51 4.77 4.77 4.77 4.37 5.62 4.77 4.37 4.37 5.62 4.37 4.37 4.77 4.77 5.62 5.62 5.62 3.83 3.83 5.69 5.69 5.69 5.69 5.69 3.83 5.69 5.77 5.77 5.77
4.64 4.64 5.10 5.10 6.02 4.60 6.02 5.10 4.59 4.59 5.05 5.96 4.57 5.05 5.00 5.00 5.89 5.00 5.00 4.59 5.00 5.00 5.00 5.00 4.99 4.59 5.88 5.88 5.88 5.93 4.59 4.59 4.99 5.88 4.99 4.59 5.88 5.88 3.99 4.99 4.99 4.99 5.88 4.99 4.99 4.99 5.88 5.88 5.88 4.99 5.88 4.99 4.99 4.99 1.51 4.99 4.77 4.77 4.77 4.77 5.62 4.77 4.37 4.37 4.37 4.37 4.77 4.77 4.77 4.37 4.37 4.37 5.74 3.83 5.69 5.69 5.69 5.62 5.62 3.83 3.83 5.62 5.77 5.77
4.64 5.10 4.64 6.02 6.02 1.80 6.02 6.02 4.59 4.59 5.96 5.96 4.59 5.05 5.00 4.59 5.00 5.00 4.59 5.00 1.51 5.00 5.00 5.00 4.59 5.88 4.59 4.59 5.88 4.59 4.59 4.99 4.59 4.59 4.99 4.99 4.59 5.88 5.88 3.99 5.88 5.88 4.59 4.99 4.59 4.59 4.59 4.99 4.99 4.99 4.99 1.51 1.51 4.99 1.51 4.99 4.77 4.77 4.77 5.62 5.62 4.77 5.62 4.77 4.37 4.37 4.77 4.77 4.77 4.37 5.62 4.77 4.83 5.69 5.69 5.69 5.69 5.62 4.45 4.79 4.79 5.62 5.62 5.77
