New_Model_Runs/7_FutureClimate_RCP85_out/post_prcessed_with_MFR/Monthly_summaries/actual_et_monthly_DEC.asc
NCOLS 700
NROWS 400
XLLCENTER 515000.000000
YLLCENTER 8409000.000000
CELLSIZE 50.000000
NODATA_value -999.000000
[rows 304 to 341 of 400, columns 168 to 251 of 700]
4.24 4.92 4.35 4.92 4.92 4.92 4.92 4.92 4.89 4.33 4.33 4.89 4.22 4.33 4.81 4.81 4.81 4.81 5.66 4.49 5.66 1.49 1.49 4.81 4.48 4.48 4.48 5.65 5.65 4.48 4.48 4.80 4.80 4.80 4.80 4.80 4.80 5.65 5.65 5.65 4.47 2.17 4.47 4.47 5.65 5.65 4.80 5.65 5.65 4.80 5.65 5.71 4.47 1.48 4.80 5.65 5.40 5.40 5.40 5.45 5.40 4.58 4.58 4.58 4.26 4.26 4.58 4.58 4.58 5.40 5.40 5.40 5.49 5.49 4.66 5.49 3.67 5.35 5.35 4.27 4.27 4.27 4.57 4.27
4.92 4.35 4.24 4.92 4.92 4.92 4.92 4.92 4.89 4.33 4.22 4.89 4.33 4.81 4.49 4.81 4.81 5.66 5.66 5.72 4.49 1.49 4.81 4.81 4.80 5.65 5.65 5.65 5.65 4.48 4.48 1.48 1.48 1.48 4.80 1.48 4.80 5.65 4.48 2.17 2.17 4.47 2.17 4.47 5.65 5.65 5.65 5.65 3.77 5.65 5.65 5.65 5.65 4.47 5.65 5.65 5.40 5.40 5.40 5.45 5.40 5.40 4.58 4.58 4.26 4.26 4.58 4.26 4.58 5.40 5.40 4.26 4.34 5.49 4.34 4.66 3.67 5.35 4.27 4.27 4.27 4.27 4.27 4.27
4.17 4.83 4.83 4.17 4.28 4.17 3.26 3.26 4.81 4.26 4.26 4.15 4.15 4.79 4.79 4.79 4.47 4.47 5.64 5.64 4.47 1.48 4.47 4.79 4.79 4.79 5.63 5.63 4.46 5.63 5.63 1.48 1.48 1.48 1.48 1.48 1.48 1.48 1.48 2.17 2.16 4.45 4.45 4.77 4.77 5.61 5.61 5.61 4.45 5.61 5.61 5.61 5.61 3.74 5.61 5.61 3.68 5.50 5.56 3.68 1.65 5.50 4.67 4.67 4.67 4.67 5.50 5.50 3.68 5.56 5.50 4.67 4.32 4.64 4.64 4.64 4.64 4.54 4.54 4.25 4.25 5.33 5.33 4.25
4.83 4.83 4.83 3.26 4.83 4.83 4.83 3.26 4.81 4.81 4.26 4.26 4.15 4.47 4.79 4.47 4.47 4.47 4.79 4.47 4.47 4.47 4.79 4.47 4.46 5.63 5.63 4.46 4.46 5.63 1.48 1.48 1.48 1.48 1.48 1.48 1.48 1.48 1.48 1.48 1.47 5.61 4.45 4.45 4.77 4.77 4.77 5.67 4.45 4.45 4.77 5.61 5.61 5.61 3.74 5.61 3.68 5.50 5.56 4.35 5.50 5.50 5.50 5.50 5.50 4.67 5.56 5.50 5.50 5.50 4.67 4.35 4.32 5.46 5.46 5.46 5.46 4.64 5.33 5.33 5.33 5.33 5.33 4.54
4.17 4.28 4.28 4.83 4.17 4.17 4.83 1.45 3.25 4.81 4.81 4.81 4.15 4.79 4.47 4.47 4.79 4.47 4.47 4.47 4.47 4.79 4.79 4.79 4.79 4.46 4.46 4.46 4.46 1.48 1.48 1.48 4.79 4.79 4.79 1.48 1.48 1.48 1.48 5.63 5.61 5.61 5.61 4.45 4.45 4.77 4.77 4.77 4.77 4.77 5.61 5.61 3.74 3.74 5.61 5.67 5.50 4.67 4.67 4.67 4.67 4.67 4.67 4.35 4.67 4.35 4.35 4.35 4.67 4.67 4.67 4.58 5.46 4.64 4.64 5.46 5.46 5.46 5.33 5.33 5.33 5.33 4.54 4.54
4.28 4.83 4.83 4.83 4.17 4.17 4.83 4.83 3.25 4.81 4.81 4.26 4.15 4.47 4.47 4.79 4.79 4.47 4.47 4.79 5.64 4.79 4.79 4.79 4.79 4.79 5.63 5.63 4.46 1.48 1.48 1.48 4.79 4.79 4.79 4.79 4.79 1.48 1.48 5.63 4.45 4.77 4.45 4.45 4.45 4.77 4.77 4.77 4.77 4.77 4.77 5.61 3.74 1.47 5.61 4.77 4.67 4.67 4.35 4.67 4.67 4.67 4.67 4.58 4.28 4.28 4.35 4.35 4.35 1.44 1.44 4.58 5.33 4.64 4.64 4.64 4.32 5.33 5.33 4.25 5.33 5.33 5.33 5.33
4.17 4.83 4.83 4.83 4.83 4.17 4.28 4.83 4.81 4.81 4.81 4.81 4.79 4.79 4.47 4.47 1.48 1.48 1.48 4.79 4.47 4.79 4.79 5.64 4.79 4.46 5.63 5.63 4.79 1.48 1.48 1.48 4.79 4.79 4.79 4.79 4.79 5.63 5.63 1.48 1.47 1.47 4.45 4.45 1.47 4.77 4.77 4.77 4.77 4.77 4.77 4.77 4.45 1.47 1.47 1.47 4.67 1.44 4.35 4.35 4.35 4.35 4.58 4.58 5.37 5.37 4.58 4.58 4.28 1.44 4.58 4.28 4.54 4.54 4.25 4.32 4.25 1.43 1.43 1.43 4.25 4.25 4.25 4.25
4.83 4.83 4.17 4.83 4.83 4.83 4.17 4.83 4.81 3.25 3.25 4.81 4.47 4.47 4.47 4.79 4.47 4.47 1.48 4.79 4.47 5.64 5.64 5.64 4.46 4.46 5.63 4.46 4.46 4.46 1.48 1.48 1.48 4.79 1.48 1.48 1.48 4.79 1.48 1.48 1.47 1.47 1.47 1.47 1.47 4.77 4.77 4.77 4.77 4.77 4.77 4.77 4.45 1.47 1.47 1.47 4.35 1.44 1.44 4.78 4.36 4.28 4.28 4.28 4.58 4.28 4.28 4.28 4.28 1.44 4.28 4.28 1.43 1.43 4.25 4.25 4.54 1.43 1.43 4.25 4.25 4.25 4.25 4.25
4.28 4.17 4.28 4.17 3.26 4.83 4.83 4.83 4.26 4.81 3.25 4.81 5.64 4.79 4.47 4.79 4.47 4.47 4.47 4.47 4.47 5.64 5.64 4.47 4.46 4.46 4.46 4.46 4.46 4.46 1.48 1.48 4.79 1.48 1.48 1.48 1.48 1.48 1.48 1.48 1.47 2.16 1.47 1.47 1.47 4.77 4.77 4.77 4.77 4.77 4.77 4.77 1.47 1.47 1.47 1.47 4.36 4.36 1.44 4.78 4.78 4.36 4.78 4.78 5.37 5.37 4.28 1.44 1.44 4.28 4.28 4.28 1.43 4.25 4.25 4.25 1.43 4.25 4.54 4.54 4.54 4.25 4.54 4.25
4.28 4.17 4.83 4.83 4.83 4.83 4.83 4.83 4.81 4.81 4.81 4.81 5.64 4.79 4.47 4.47 4.79 4.79 4.79 4.47 4.47 5.64 4.47 4.47 5.63 5.63 4.79 4.79 4.79 4.79 4.79 4.79 4.79 1.48 1.48 1.48 1.48 1.48 1.48 4.79 4.77 4.77 4.77 4.77 4.77 4.77 4.77 4.77 4.77 4.77 4.77 4.77 4.45 2.16 1.47 1.47 4.36 4.36 1.44 5.65 5.65 5.65 5.65 5.65 5.65 5.65 1.44 1.44 1.44 5.37 4.28 4.28 4.25 4.54 4.54 1.43 1.43 1.43 4.54 4.54 4.54 5.33 4.54 4.54
4.83 4.83 4.83 4.83 4.28 4.17 4.17 4.17 4.15 4.15 4.33 4.33 5.64 1.48 4.47 4.47 4.47 5.64 5.64 4.79 4.79 5.64 4.47 4.47 4.46 4.46 4.79 4.79 4.79 4.79 4.79 4.79 4.79 1.48 1.48 4.79 4.79 4.79 4.79 1.48 1.47 1.47 4.77 4.77 4.77 4.77 4.77 4.77 4.77 4.77 4.77 4.77 4.77 4.45 4.66 1.47 1.44 1.44 1.44 5.65 5.65 5.65 5.65 5.65 5.65 5.65 1.44 5.65 5.65 1.44 4.28 1.44 1.43 4.54 4.54 4.25 1.43 1.43 1.43 4.25 4.54 4.54 4.25 4.54
4.35 5.07 4.17 4.17 4.17 4.28 4.28 4.17 4.15 4.15 4.15 4.68 5.64 4.79 4.47 4.47 4.47 5.64 5.64 4.79 5.64 5.64 4.79 4.79 4.46 4.46 4.79 4.79 4.79 4.79 4.79 4.79 4.79 4.79 4.79 4.79 4.79 4.79 4.79 4.79 4.77 4.77 4.77 4.77 4.77 4.77 4.77 4.77 4.45 4.77 4.77 4.77 4.77 4.77 1.47 1.47 4.36 1.44 1.44 1.44 1.44 1.44 1.44 1.44 1.44 1.44 1.44 5.65 5.65 1.44 1.44 2.11 2.09 4.33 4.33 4.25 4.25 4.25 4.25 4.25 4.25 4.25 4.25 4.55
4.83 4.83 4.17 4.83 4.17 4.17 4.28 4.28 4.81 4.81 4.81 5.64 5.64 4.79 5.64 4.47 5.64 4.79 4.79 5.64 3.76 4.47 4.47 5.64 5.63 4.79 4.79 4.79 4.79 4.79 4.79 4.79 4.79 4.79 2.17 4.79 4.79 4.79 4.79 4.79 4.77 4.77 4.77 4.77 4.77 4.77 4.77 4.77 4.77 5.67 5.61 4.77 4.77 1.47 1.47 1.47 4.67 4.36 1.44 1.44 1.44 1.44 1.44 1.44 1.44 1.44 1.44 1.44 1.44 5.65 5.65 5.65 2.09 1.43 4.33 4.33 5.33 4.25 4.55 4.55 4.55 4.55 4.25 4.55
4.83 4.17 4.83 4.83 4.17 4.17 4.28 4.83 4.81 4.81 4.81 5.64 5.64 5.64 4.79 5.64 5.64 5.64 4.47 5.70 5.64 4.47 4.47 4.47 5.63 4.79 4.79 4.79 4.79 4.79 4.79 4.79 4.79 1.48 1.48 1.48 1.48 4.79 1.48 1.48 1.47 1.47 4.77 4.77 4.77 4.77 4.77 4.77 4.77 4.45 4.45 4.77 1.47 1.47 1.47 1.47 4.78 1.44 2.11 1.44 1.44 1.44 1.44 1.44 1.44 1.44 1.44 1.44 1.44 1.44 1.44 5.65 5.61 2.09 4.33 4.33 4.25 4.55 4.55 4.55 4.25 4.25 4.25 4.25
4.17 4.17 4.83 4.17 4.17 4.17 4.83 4.83 4.26 4.26 4.81 3.76 4.79 5.64 5.64 5.64 5.64 4.47 4.47 5.64 4.79 4.47 4.79 4.47 4.79 4.79 4.79 4.79 1.48 4.79 4.79 4.79 4.79 1.48 1.48 1.48 1.48 1.48 1.48 1.48 1.47 4.66 4.66 4.77 4.77 4.77 4.66 4.66 4.77 4.77 4.45 1.47 1.47 4.45 4.77 2.16 1.44 1.44 1.44 1.44 1.44 1.44 1.44 1.44 1.44 1.44 1.44 1.44 1.44 1.44 1.44 1.44 5.61 1.43 1.43 1.43 4.25 4.55 4.55 4.55 4.55 4.55 4.25 4.25
4.83 4.83 3.26 4.83 4.83 4.83 4.83 4.83 4.26 4.26 4.26 4.79 5.64 5.64 5.64 5.64 5.64 4.47 3.76 5.64 5.64 4.79 4.79 4.79 4.79 4.79 1.48 1.48 1.48 4.79 4.79 4.79 4.79 1.48 1.48 1.48 1.48 1.48 5.63 4.46 4.66 4.66 4.66 1.47 1.47 1.47 4.66 4.66 4.77 4.77 5.61 5.61 4.77 4.45 4.89 2.16 1.44 1.44 1.44 1.44 1.44 1.44 4.78 4.78 1.44 1.44 1.44 1.44 1.44 1.44 1.44 2.11 1.43 1.43 1.43 1.43 1.43 4.55 4.25 4.55 4.55 4.55 4.55 4.25
4.83 4.83 4.83 4.83 4.83 4.83 4.28 4.17 4.26 4.26 4.79 4.79 5.64 1.48 5.64 5.64 4.47 5.64 3.76 5.64 5.64 5.64 4.79 4.79 4.79 4.46 1.48 1.48 4.79 4.79 4.79 4.79 4.79 1.48 1.48 4.79 4.79 1.48 4.79 4.79 4.77 4.77 4.66 1.47 2.16 4.66 4.66 4.66 4.66 5.61 4.66 5.61 1.47 2.16 1.47 1.47 1.44 1.44 1.44 1.44 1.44 1.44 4.78 1.44 1.44 1.44 1.44 1.44 1.44 1.44 1.44 1.44 1.43 1.43 1.43 1.43 1.43 4.25 4.25 4.55 4.55 4.55 4.25 4.25
4.83 1.45 4.83 4.28 4.28 4.28 4.28 4.28 4.26 4.26 5.64 4.79 4.47 1.48 5.64 5.64 5.64 5.64 5.64 5.64 1.48 4.47 4.47 4.79 4.46 4.46 4.46 4.79 4.79 4.79 4.46 4.46 4.46 4.46 4.79 4.79 4.79 4.79 4.68 4.79 4.66 4.77 4.77 5.61 5.61 5.61 5.61 5.61 5.61 4.66 1.47 1.47 1.47 1.47 1.47 1.47 2.11 1.44 1.44 1.44 1.44 2.11 2.11 1.44 1.44 1.44 1.44 1.44 1.44 1.44 1.44 1.44 1.43 1.43 4.55 4.25 4.25 4.25 4.55 1.43 4.25 4.55 4.25 4.25
3.72 3.72 3.72 2.96 3.84 3.72 2.52 3.20 4.90 4.13 4.68 4.68 4.36 3.67 5.51 5.51 5.51 4.36 5.51 1.44 1.44 4.68 4.68 4.68 4.69 4.69 4.69 4.69 4.69 4.69 4.69 4.69 1.45 4.69 4.69 4.69 4.69 4.58 4.58 4.69 4.28 4.28 4.28 5.42 5.42 5.42 5.42 4.47 4.47 4.47 5.47 4.47 5.42 1.41 1.41 1.41 1.43 1.43 1.43 1.43 1.43 1.43 1.43 1.43 1.43 1.43 1.43 1.43 1.43 1.43 1.43 1.43 1.45 1.45 1.45 4.33 4.33 4.33 4.62 1.45 1.45 1.45 1.45 1.45
3.72 3.72 3.20 3.20 2.52 3.72 3.20 3.10 4.13 4.13 4.68 4.68 4.68 5.51 5.51 5.51 5.51 4.36 5.51 1.44 1.44 4.68 4.68 4.68 4.69 4.69 4.69 4.37 4.69 4.37 1.45 1.45 1.45 4.69 4.69 4.69 2.12 4.58 4.58 2.12 2.07 4.60 4.60 4.60 4.60 4.47 4.47 4.47 4.47 4.47 4.47 5.42 5.42 1.41 1.41 1.41 1.43 1.43 1.43 1.43 1.43 1.43 4.64 4.64 1.43 1.43 1.43 1.43 2.10 4.75 1.43 1.43 1.45 1.45 1.45 1.45 4.62 4.62 4.62 4.33 1.45 1.45 1.45 1.45
3.72 2.52 2.96 2.96 3.20 3.20 3.20 3.20 4.67 4.67 4.68 4.68 4.68 5.51 5.51 5.51 5.51 5.51 5.51 5.51 4.68 4.68 4.68 4.68 4.69 4.37 4.37 4.37 4.37 1.45 1.45 1.45 1.45 1.45 4.69 4.69 2.12 2.12 4.69 4.69 4.60 4.60 4.60 4.60 4.60 4.60 4.60 4.60 2.07 2.07 4.60 5.42 5.42 1.41 1.41 1.41 1.43 1.43 1.43 1.43 1.43 1.43 1.43 1.43 1.43 4.64 4.64 4.64 4.75 4.75 1.43 1.43 1.45 1.45 1.45 4.62 4.62 4.62 4.62 4.62 4.33 1.45 1.45 1.45
3.72 3.72 3.72 2.96 2.96 2.96 2.96 3.72 4.67 5.51 4.68 4.36 4.68 5.51 5.51 5.51 5.51 5.51 5.51 5.51 5.51 5.51 4.68 4.68 4.69 4.69 4.69 4.69 4.69 4.69 1.45 1.45 1.45 4.69 4.69 2.12 4.69 4.69 4.69 4.69 4.60 4.60 1.41 4.60 1.41 1.41 4.60 4.60 4.60 4.60 4.60 5.47 4.47 5.42 5.42 1.41 1.43 1.43 1.43 1.43 1.43 1.43 1.43 1.43 1.43 4.64 4.64 4.64 4.75 4.75 1.43 1.43 1.45 1.45 1.45 4.62 4.62 1.45 1.45 4.62 4.62 1.45 1.45 1.45
0.00 3.71 3.72 3.72 3.72 3.72 3.72 3.72 4.67 5.51 4.68 4.68 4.36 5.51 5.51 4.68 5.51 4.68 5.51 5.51 4.68 5.51 4.68 4.68 4.69 4.69 4.69 4.69 1.45 1.45 1.45 1.45 1.45 1.45 2.12 2.12 2.12 4.69 4.69 4.69 1.41 1.41 1.41 1.41 1.41 1.41 1.41 4.60 4.60 4.60 4.28 4.28 2.07 5.42 1.41 1.41 1.43 1.43 1.43 1.43 1.43 1.43 1.43 1.43 1.43 4.64 4.64 4.64 4.75 1.43 1.43 1.43 1.45 1.45 4.62 4.62 1.45 4.62 4.33 1.45 4.62 4.33 4.33 4.33
0.00 0.00 3.71 3.72 3.72 3.72 3.72 3.72 4.67 5.51 5.51 5.51 5.51 4.36 5.51 4.68 5.51 5.51 5.51 4.36 4.68 4.68 4.68 4.68 4.69 4.69 4.69 4.69 4.69 1.45 1.45 1.45 1.45 1.45 1.45 1.45 4.69 4.37 4.38 1.45 1.41 1.41 1.41 1.41 1.41 1.41 1.41 4.60 4.60 4.60 4.28 5.42 4.60 4.60 1.41 1.41 1.43 1.43 1.43 1.43 1.43 1.43 1.43 1.43 1.43 1.43 0.00 1.43 1.43 1.43 1.43 1.43 1.45 2.13 4.83 4.83 1.45 1.45 1.45 4.62 4.62 4.62 4.62 4.33
0.00 0.00 0.00 0.00 0.00 0.00 0.00 0.00 4.67 5.51 5.51 5.51 4.36 4.36 4.68 4.36 4.36 4.36 5.51 4.68 1.44 4.36 4.68 4.68 4.69 4.69 4.69 4.69 4.69 1.45 1.45 1.45 1.45 1.45 1.45 4.69 1.45 1.45 1.45 1.45 1.41 1.41 1.41 1.41 1.41 1.41 1.41 1.41 1.41 2.07 4.60 5.42 4.28 2.07 1.41 1.41 1.43 1.43 1.43 1.43 1.43 1.43 1.43 1.43 1.43 0.00 0.00 0.00 1.43 1.43 0.00 0.00 0.00 1.45 2.13 4.83 4.83 4.62 1.45 4.62 4.62 4.62 4.62 4.62
0.00 0.00 0.00 0.00 0.00 0.00 0.00 0.00 0.00 0.00 5.51 5.51 5.51 5.51 4.68 4.68 4.36 4.36 4.68 5.51 4.68 4.36 4.68 4.68 4.69 4.69 4.69 1.45 1.45 1.45 1.45 1.45 1.45 1.45 1.45 1.45 1.45 1.45 1.45 1.45 4.60 4.60 1.41 1.41 1.41 1.41 1.41 1.41 1.41 1.41 2.07 2.07 4.28 1.41 1.41 1.41 1.43 1.43 1.43 1.43 1.43 1.43 1.43 1.43 1.43 0.00 0.00 0.00 0.00 0.00 0.00 0.00 0.00 0.00 0.00 1.45 4.83 1.45 1.45 4.62 4.33 4.62 4.62 4.62
0.00 0.00 0.00 0.00 0.00 0.00 0.00 0.00 0.00 0.00 5.51 5.51 5.51 4.68 1.44 4.68 4.68 4.68 2.11 2.11 2.11 2.11 4.36 4.68 4.69 4.69 4.69 1.45 1.45 1.45 1.45 1.45 1.45 1.45 1.45 1.45 1.45 1.45 1.45 1.45 1.41 1.41 4.60 1.41 1.41 1.41 1.41 1.41 1.41 2.07 1.41 1.41 4.28 1.41 1.41 1.41 1.43 1.43 1.43 1.43 1.43 1.43 1.43 1.43 1.43 1.43 1.43 0.00 0.00 0.00 0.00 0.00 0.00 0.00 0.00 0.00 0.00 2.13 1.45 4.62 4.62 4.62 4.62 4.62
0.00 0.00 0.00 0.00 0.00 0.00 0.00 0.00 0.00 0.00 0.00 0.00 5.66 5.66 1.44 1.44 4.68 4.36 2.11 2.11 1.44 1.44 4.68 4.68 4.69 4.58 2.12 1.45 1.45 1.45 1.45 1.45 1.45 1.45 1.45 1.45 1.45 1.45 1.45 1.45 1.41 1.41 4.70 1.41 1.41 1.41 1.41 1.41 1.41 2.07 2.07 1.41 4.28 4.28 1.41 1.41 1.43 1.43 1.43 1.43 1.43 1.43 1.43 1.43 1.43 1.43 1.43 0.00 0.00 0.00 0.00 0.00 0.00 0.00 0.00 0.00 1.45 5.42 4.33 4.33 4.33 4.33 4.62 4.62
0.00 0.00 0.00 0.00 0.00 0.00 0.00 0.00 0.00 0.00 0.00 0.00 0.00 5.66 1.44 1.44 4.36 4.36 1.44 1.44 5.51 1.44 5.51 4.68 4.69 4.58 4.58 1.45 1.45 1.45 1.45 1.45 1.45 1.45 1.45 1.45 1.45 1.45 1.45 1.45 1.41 1.41 1.41 1.41 1.41 1.41 1.41 1.41 1.41 2.07 1.41 1.41 4.28 4.28 4.28 1.41 1.43 1.43 1.43 1.43 1.43 1.43 1.43 0.00 0.00 0.00 0.00 0.00 0.00 0.00 0.00 0.00 0.00 0.00 0.00 0.00 1.45 4.62 4.33 4.33 4.33 1.45 1.45 4.62
0.00 0.00 0.00 0.00 0.00 0.00 0.00 0.00 0.00 0.00 0.00 0.00 0.00 0.00 5.66 5.66 4.37 4.37 1.44 5.51 5.51 5.51 5.51 4.36 1.45 4.58 1.45 1.45 1.45 1.45 1.45 1.45 1.45 1.45 1.45 1.45 1.45 1.45 1.45 1.45 1.41 1.41 1.41 1.41 1.41 1.41 1.41 1.41 1.41 1.41 1.41 1.41 4.28 4.28 4.28 1.41 1.43 1.43 1.43 1.43 1.43 1.43 0.00 0.00 0.00 0.00 0.00 0.00 0.00 0.00 0.00 0.00 0.00 0.00 0.00 0.00 5.42 5.42 5.42 4.33 4.62 1.45 1.45 4.62
0.00 0.00 0.00 0.00 0.00 0.00 0.00 0.00 0.00 0.00 0.00 0.00 0.00 0.00 0.00 5.66 5.66 5.66 1.44 4.56 5.66 5.66 1.44 1.44 1.45 1.45 1.45 1.45 1.45 1.45 1.45 1.45 1.45 1.45 1.45 1.45 1.45 1.45 1.45 1.45 1.41 1.41 1.41 1.41 1.41 1.41 1.41 1.41 1.41 1.41 1.41 1.41 1.41 4.29 4.29 1.41 1.43 1.43 1.43 1.43 1.43 0.00 0.00 0.00 0.00 0.00 0.00 0.00 0.00 0.00 0.00 0.00 0.00 0.00 0.00 0.00 0.00 5.42 5.42 5.42 4.33 1.45 1.45 1.45
0.00 0.00 0.00 0.00 0.00 0.00 0.00 0.00 0.00 0.00 0.00 0.00 0.00 0.00 0.00 0.00 0.00 5.66 5.66 5.66 5.66 5.66 1.44 1.44 1.45 1.45 1.45 1.45 1.45 1.45 1.45 1.45 1.45 1.45 0.00 0.00 0.00 0.00 0.00 0.00 0.00 0.00 0.00 0.00 0.00 0.00 1.41 1.41 1.41 1.41 1.41 1.41 1.41 4.29 4.29 1.41 1.43 1.43 1.43 1.43 1.43 0.00 0.00 0.00 0.00 0.00 0.00 0.00 0.00 0.00 0.00 0.00 0.00 0.00 0.00 0.00 0.00 0.00 0.00 0.00 0.00 1.45 2.13 1.45
0.00 0.00 0.00 0.00 0.00 0.00 0.00 0.00 0.00 0.00 0.00 0.00 0.00 0.00 0.00 0.00 0.00 0.00 0.00 0.00 0.00 0.00 5.66 1.44 1.45 1.45 1.45 1.45 1.45 1.45 1.45 1.45 1.45 0.00 0.00 0.00 0.00 0.00 0.00 0.00 0.00 0.00 0.00 0.00 0.00 0.00 0.00 0.00 0.00 1.41 1.41 1.41 1.41 1.41 4.29 1.41 1.43 1.43 1.43 1.43 1.43 0.00 0.00 0.00 0.00 0.00 0.00 0.00 0.00 0.00 0.00 0.00 0.00 0.00 0.00 0.00 0.00 0.00 0.00 0.00 0.00 1.45 2.13 1.45
0.00 0.00 0.00 0.00 0.00 0.00 0.00 0.00 0.00 0.00 0.00 0.00 0.00 0.00 0.00 0.00 0.00 0.00 0.00 0.00 0.00 0.00 0.00 5.66 1.45 1.45 1.45 1.45 1.45 1.45 1.45 1.45 0.00 0.00 0.00 0.00 0.00 0.00 0.00 0.00 0.00 0.00 0.00 0.00 0.00 0.00 0.00 0.00 0.00 0.00 1.41 1.41 1.41 1.41 4.29 4.29 1.43 1.43 1.43 1.43 1.43 0.00 0.00 0.00 0.00 0.00 0.00 0.00 0.00 0.00 0.00 0.00 0.00 0.00 0.00 0.00 0.00 0.00 0.00 0.00 0.00 1.45 1.45 2.13
0.00 0.00 0.00 0.00 0.00 0.00 0.00 0.00 0.00 0.00 0.00 0.00 0.00 0.00 0.00 0.00 0.00 0.00 0.00 0.00 0.00 0.00 0.00 0.00 0.00 0.00 0.00 0.89 0.89 0.89 0.89 0.00 0.00 0.00 0.00 0.00 0.00 0.00 0.00 0.00 0.00 0.00 0.00 0.00 0.00 0.00 0.00 0.00 0.00 0.00 0.89 0.89 0.89 0.89 2.68 2.68 0.88 0.88 0.88 0.88 0.88 2.66 0.00 0.00 0.00 0.00 0.00 0.00 0.00 0.00 0.00 0.00 0.00 0.00 0.00 0.00 0.00 0.00 0.00 0.00 0.00 0.00 3.42 0.87
0.00 0.00 0.00 0.00 0.00 0.00 0.00 0.00 0.00 0.00 0.00 0.00 0.00 0.00 0.00 0.00 0.00 0.00 0.00 0.00 0.00 0.00 0.00 0.00 0.00 0.00 0.00 0.00 0.89 0.89 0.00 0.00 0.00 0.00 0.00 0.00 0.00 0.00 0.00 0.00 0.00 0.00 0.00 0.00 0.00 0.00 0.00 0.00 0.00 0.00 0.89 0.89 0.89 0.89 0.89 2.68 1.28 0.88 2.66 0.88 0.88 0.88 0.88 0.88 0.00 0.00 0.00 0.00 0.00 0.00 0.00 0.00 0.00 0.00 0.00 0.00 0.00 0.00 0.00 0.00 0.00 0.00 0.00 0.87
0.00 0.00 0.00 0.00 0.00 0.00 0.00 0.00 0.00 0.00 0.00 0.00 0.00 0.00 0.00 0.00 0.00 0.00 0.00 0.00 0.00 0.00 0.00 0.00 0.00 0.00 0.00 0.00 0.89 0.89 0.00 0.00 0.00 0.00 0.00 0.00 0.00 0.00 0.00 0.00 0.00 0.00 0.00 0.00 0.00 0.00 0.00 0.00 0.00 0.00 0.89 0.89 0.89 0.89 0.89 0.89 2.66 2.66 2.66 0.88 0.88 0.88 0.88 0.88 0.00 0.00 0.00 0.00 0.00 0.00 0.00 0.00 0.00 0.00 0.00 0.00 0.00 0.00 0.00 0.00 0.00 0.00 0.00 0.00
0.00 0.00 0.00 0.00 0.00 0.00 0.00 0.00 0.00 0.00 0.00 0.00 0.00 0.00 0.00 0.00 0.00 0.00 0.00 0.00 0.00 0.00 0.00 0.00 0.00 0.00 0.00 0.00 3.51 0.89 0.00 0.00 0.00 0.00 0.00 0.00 0.00 0.00 0.00 0.00 0.00 0.00 0.00 0.00 0.00 0.00 0.00 0.00 0.00 0.00 0.89 0.89 0.89 0.89 0.89 0.89 0.88 2.66 0.88 0.88 0.88 0.88 0.88 2.66 0.00 0.00 0.00 0.00 0.00 0.00 0.00 0.00 0.00 0.00 0.00 0.00 0.00 0.00 0.00 0.00 0.00 0.00 0.00 0.00
