New_Model_Runs/7_FutureClimate_RCP85_out/post_prcessed_with_MFR/Monthly_summaries/actual_et_monthly_FEB.asc
NCOLS 700
NROWS 400
XLLCENTER 515000.000000
YLLCENTER 8409000.000000
CELLSIZE 50.000000
NODATA_value -999.000000
[rows 114 to 151 of 400, columns 504 to 587 of 700]
1.22 1.22 1.22 1.22 1.22 1.22 1.22 1.22 1.15 1.15 1.15 1.15 1.15 1.15 1.15 1.15 1.15 1.15 1.15 1.15 3.64 3.83 3.83 1.68 1.88 1.88 1.28 4.06 1.28 3.89 3.89 1.28 1.28 1.28 1.28 1.28 1.28 1.88 1.28 1.28 1.37 1.37 1.37 1.37 1.37 1.37 1.37 1.37 1.37 1.37 1.37 1.37 1.37 1.37 1.37 1.37 1.31 1.31 1.31 1.31 1.31 1.31 1.31 1.31 1.31 1.31 1.31 1.31 1.31 1.31 1.31 1.31 1.18 1.18 1.18 1.18 1.18 4.19 0.00 0.00 0.00 0.00 0.00 0.00
1.22 1.22 1.22 1.22 1.22 1.22 1.22 1.22 1.15 1.15 1.15 1.15 1.15 1.15 1.15 1.15 1.15 1.15 1.15 1.15 1.68 1.68 3.83 1.68 1.88 1.28 1.28 1.28 1.28 1.28 3.89 1.28 1.28 1.28 1.28 1.28 1.28 1.28 1.28 1.28 1.37 1.37 1.37 1.37 1.37 1.37 1.37 1.37 1.37 1.37 1.37 1.37 1.37 1.37 1.37 1.37 1.31 1.31 1.31 1.31 1.31 1.31 1.31 1.31 1.31 1.31 1.31 1.31 1.31 1.31 1.31 1.31 1.18 1.18 1.18 1.18 1.18 3.58 1.73 1.73 4.19 3.99 3.99 3.99
1.22 1.22 1.22 1.22 1.22 1.22 1.22 1.22 1.15 1.15 1.15 1.15 1.15 1.15 1.15 1.15 1.15 1.15 1.15 1.15 1.68 1.68 1.15 1.15 1.28 1.28 1.28 1.28 1.28 1.28 1.28 1.28 1.28 1.28 1.28 1.28 1.28 1.28 1.28 1.28 1.37 1.37 1.37 4.16 1.37 1.37 1.37 1.37 1.37 1.37 1.37 1.37 1.37 1.37 1.37 1.37 1.31 1.31 1.31 1.31 1.31 1.31 1.31 1.31 1.31 1.31 1.31 1.31 1.31 1.31 1.31 1.31 1.18 1.18 1.18 1.18 1.18 1.18 1.18 3.58 4.63 4.63 4.63 4.64
1.22 1.22 1.22 1.22 1.22 1.22 1.22 1.22 1.15 1.15 1.15 1.15 1.15 1.15 1.15 1.15 1.15 1.15 1.15 1.15 1.15 1.15 1.15 1.15 4.06 1.28 1.28 1.28 1.28 1.28 4.25 1.28 1.28 1.28 1.28 1.28 1.28 1.28 1.28 1.28 1.37 1.37 1.37 1.37 1.37 1.37 1.37 1.37 1.37 4.16 4.50 4.52 1.37 1.37 1.37 1.37 1.31 1.31 1.31 1.31 1.31 1.31 1.31 1.31 1.31 1.31 1.31 1.31 1.31 1.31 1.31 1.31 1.18 1.18 1.18 1.18 1.18 1.18 1.18 1.18 3.92 4.63 1.18 1.18
1.22 1.22 1.22 1.22 1.22 1.22 1.22 1.22 1.15 1.15 1.15 1.15 1.15 1.15 1.15 1.15 1.15 1.15 1.15 1.15 1.15 1.15 1.15 1.15 1.28 1.28 1.88 1.28 1.28 1.28 1.28 1.28 1.28 1.28 1.28 1.28 1.28 1.28 1.28 1.28 1.37 1.37 1.37 1.37 1.37 1.37 1.37 4.16 4.16 4.16 4.50 4.50 1.37 1.37 1.37 1.37 1.31 1.31 1.31 1.31 1.31 1.31 1.31 1.31 1.31 1.31 1.31 1.31 1.31 1.31 1.31 1.31 1.18 1.18 1.18 1.18 1.18 1.18 1.18 3.58 3.58 4.63 3.92 1.18
1.22 1.22 1.22 1.22 1.22 1.22 1.22 1.22 1.15 1.15 1.15 1.15 1.15 1.15 1.15 1.15 1.15 1.15 1.15 1.15 1.15 1.15 1.15 1.15 1.28 1.28 1.28 1.28 1.28 1.28 1.28 1.28 1.28 1.28 1.28 1.28 1.28 1.28 1.28 1.28 1.37 1.37 1.37 1.37 5.29 5.36 5.29 4.50 4.50 1.37 1.37 1.37 1.37 1.37 1.37 1.37 1.31 1.31 1.31 1.31 1.31 1.31 1.31 1.31 1.31 1.31 1.31 1.31 1.31 1.31 1.31 1.31 1.18 1.18 1.18 1.18 1.18 1.18 1.73 1.73 1.73 4.63 3.58 3.92
1.22 1.22 1.22 1.22 1.22 1.22 1.22 1.22 1.15 1.15 1.15 1.15 1.15 1.15 1.15 1.15 1.15 1.15 1.15 1.15 1.15 1.15 1.15 1.15 1.28 1.28 1.28 1.28 1.28 1.28 1.28 1.28 1.28 1.28 1.28 1.28 1.28 1.28 1.28 1.28 1.37 1.37 1.37 1.37 4.34 4.34 1.37 1.37 4.50 1.37 1.37 1.37 1.37 1.37 1.37 1.37 1.31 1.31 1.31 1.31 1.31 1.31 1.31 1.31 1.31 1.31 1.31 1.31 1.31 1.31 1.31 1.31 1.18 1.18 1.18 1.18 1.73 1.73 1.73 1.73 3.92 3.92 3.58 3.92
1.22 1.22 1.22 1.22 1.22 1.22 1.22 1.22 1.15 1.15 1.15 1.15 1.15 1.15 1.15 1.15 1.15 1.15 1.15 1.15 1.15 1.15 1.15 1.15 1.28 1.28 4.25 4.25 1.28 1.28 1.28 1.28 1.28 1.28 1.28 1.28 1.28 1.28 3.89 1.28 1.37 4.50 4.16 1.37 4.16 1.37 1.37 1.37 1.37 1.37 1.37 1.37 1.37 1.37 1.37 1.37 1.31 1.31 1.31 1.31 1.31 1.31 1.31 1.31 1.31 1.31 1.31 1.31 1.31 1.31 1.31 1.31 1.18 1.18 1.18 1.18 1.18 1.18 1.18 1.73 3.92 3.92 3.58 3.92
1.22 1.22 1.22 1.22 1.22 1.22 1.22 1.22 1.15 1.15 1.15 1.15 1.15 1.15 1.15 1.15 1.15 1.15 1.15 1.15 1.15 1.15 1.15 1.15 1.28 1.28 4.25 4.25 4.25 1.28 1.28 1.28 1.28 1.28 1.28 1.28 5.01 1.28 3.89 4.25 4.16 4.50 4.16 4.16 4.16 1.37 1.37 1.37 1.37 1.37 1.37 1.37 1.37 1.37 1.37 1.37 1.31 1.31 1.31 1.31 1.31 1.31 1.31 1.31 1.31 1.31 1.31 1.31 1.31 1.31 1.31 1.31 1.18 1.18 1.18 1.18 1.18 1.18 1.18 1.18 1.18 1.18 1.18 1.18
1.22 1.22 1.22 1.22 1.22 1.79 1.22 1.22 1.15 3.64 1.15 1.15 1.15 1.15 1.15 1.15 3.64 1.15 1.15 1.15 1.15 1.15 1.15 1.15 1.28 1.28 1.28 4.25 4.25 1.28 1.28 1.28 4.25 1.28 1.28 3.89 4.06 1.28 1.28 4.25 4.16 4.50 4.16 1.37 1.37 1.37 1.37 1.37 1.37 1.37 1.37 1.37 1.37 1.37 1.37 1.37 1.31 1.31 1.31 1.31 1.31 1.31 1.31 1.31 1.31 1.31 1.31 1.31 1.31 1.31 1.31 1.31 1.18 1.18 1.18 1.18 1.18 1.18 1.18 1.18 1.18 1.18 1.18 1.18
1.22 1.22 1.22 1.22 1.22 1.22 1.22 1.22 1.15 1.15 1.15 1.15 1.15 1.15 1.15 1.15 1.15 1.15 1.68 3.48 1.15 1.15 1.15 1.15 1.28 1.28 1.28 1.28 1.28 1.28 1.28 1.28 4.25 4.25 1.28 3.89 4.25 4.25 1.28 1.28 1.37 1.37 1.37 1.37 1.37 1.37 1.37 1.37 1.37 1.37 1.37 1.37 1.37 1.37 1.37 1.37 1.31 1.31 1.31 1.31 1.31 1.31 1.31 1.31 1.31 1.31 1.31 1.31 1.31 1.31 1.31 1.31 1.18 1.18 1.18 1.18 1.18 1.18 1.18 1.18 1.18 1.18 1.18 1.18
1.22 1.22 1.22 1.22 1.22 1.22 1.22 1.22 1.15 1.15 1.15 1.15 1.15 1.15 1.15 1.15 1.15 1.15 1.15 1.15 3.83 1.15 1.15 1.15 1.28 1.28 3.86 3.86 5.01 4.25 1.28 1.28 4.23 5.03 4.98 1.49 3.89 4.23 1.28 1.28 1.37 1.37 1.37 1.37 1.37 1.37 1.37 1.37 1.37 1.37 1.37 1.37 1.37 1.37 1.37 1.37 1.31 1.31 1.31 1.31 1.31 1.31 1.31 1.31 1.31 1.31 1.31 1.31 1.31 1.31 1.31 1.31 1.18 1.18 1.18 1.18 1.18 1.18 1.18 1.18 1.18 1.18 1.18 1.18
1.22 1.22 1.22 1.22 1.22 1.22 1.22 1.22 1.15 1.15 1.15 1.15 1.15 1.15 1.15 1.15 1.15 1.15 1.15 1.15 3.83 3.64 1.15 1.15 1.28 3.31 4.40 4.40 4.40 3.31 4.58 1.28 4.98 4.98 4.98 3.89 1.28 1.28 1.28 1.28 1.37 1.37 1.37 1.37 1.37 1.37 1.37 1.37 1.37 1.37 1.37 1.37 1.37 1.37 1.37 1.37 1.31 1.31 1.31 1.31 1.31 1.31 1.31 1.31 1.31 1.31 1.31 1.31 1.31 1.31 1.31 1.31 1.18 1.18 1.18 1.18 1.18 1.18 1.18 1.18 1.18 1.18 1.18 1.18
1.22 1.22 1.22 1.22 1.22 1.22 1.22 1.22 1.15 1.15 1.15 1.15 1.15 1.15 1.15 1.15 1.15 1.15 3.48 1.15 3.83 3.64 1.15 4.29 3.31 3.31 3.31 4.40 4.40 3.31 4.40 3.31 4.98 4.98 4.23 3.89 1.28 1.28 1.28 1.28 1.37 1.37 1.37 1.37 1.37 1.37 4.47 1.37 1.37 1.37 1.37 1.37 1.37 1.37 1.37 1.37 1.31 1.31 1.31 1.31 1.31 1.31 1.31 1.31 1.31 1.31 1.31 1.31 1.31 1.31 1.31 1.31 1.18 1.18 1.18 1.18 1.18 1.18 1.18 1.18 1.18 1.18 1.18 1.18
1.22 1.22 1.22 1.22 1.22 1.22 1.22 1.22 1.15 1.15 1.15 1.15 1.15 1.15 1.15 1.15 1.15 1.15 1.15 3.83 3.83 4.52 4.52 3.16 3.31 3.31 4.58 0.00 0.00 0.00 0.00 0.00 0.00 5.03 4.98 1.28 1.28 1.28 1.28 1.28 1.37 1.37 1.37 4.47 4.47 5.24 4.47 4.16 4.16 1.37 1.37 1.37 1.37 1.37 1.37 1.37 1.31 1.31 1.31 4.28 4.28 4.28 4.28 1.31 1.31 1.31 1.31 1.31 1.31 1.31 1.31 1.31 1.18 1.18 1.18 1.18 1.18 1.18 1.18 1.18 1.18 1.18 1.18 1.18
1.22 1.22 1.22 1.22 1.22 1.22 1.22 1.22 1.15 1.15 1.15 1.15 1.15 1.15 1.15 1.15 3.83 1.15 3.48 3.48 3.83 4.52 3.16 4.29 3.31 0.00 0.00 0.00 0.00 0.00 0.00 0.00 0.00 0.00 4.25 1.28 1.28 1.28 1.28 1.28 4.16 4.47 4.34 4.16 5.32 5.24 1.37 4.16 1.37 1.37 1.37 1.37 1.37 1.37 1.37 1.37 1.31 1.31 1.31 1.31 4.28 4.28 1.31 1.31 1.31 1.31 1.31 1.31 1.31 1.31 1.31 1.31 1.18 1.18 1.18 1.18 1.18 1.18 1.18 1.18 1.18 1.18 1.18 1.18
1.14 1.14 1.14 1.14 1.14 1.14 1.67 1.14 0.79 0.79 0.79 0.79 0.79 0.79 0.79 0.79 2.64 0.79 2.40 2.40 2.40 3.11 3.11 3.10 0.00 0.00 0.00 0.00 0.00 0.00 0.00 0.00 0.00 0.00 0.00 0.83 0.83 0.83 0.83 2.50 3.28 3.28 2.53 2.51 3.28 0.83 0.83 0.83 0.83 0.83 0.83 0.83 0.83 0.83 0.83 0.83 1.31 1.31 1.31 1.31 4.27 4.29 1.31 1.31 1.31 1.31 1.31 1.31 1.31 1.31 1.31 1.31 1.26 1.26 1.26 1.26 1.26 1.26 1.26 1.26 1.26 1.26 1.26 1.26
1.14 1.14 1.14 1.14 1.14 1.14 1.14 1.14 2.50 2.50 0.79 0.79 0.79 0.79 0.79 2.64 2.64 0.79 2.40 2.40 2.40 2.40 0.79 0.79 0.00 0.00 0.00 0.00 0.00 0.00 0.00 0.00 0.00 0.00 0.00 2.50 2.50 0.83 0.83 0.00 0.00 3.28 2.53 3.28 2.53 0.83 0.83 0.83 0.83 0.83 0.83 0.83 0.83 0.83 0.83 0.83 1.31 1.31 1.31 3.96 4.29 1.92 1.31 1.31 1.31 1.31 1.31 1.31 1.31 1.31 1.31 1.31 1.26 1.26 1.26 1.26 1.26 1.26 1.26 1.26 1.26 1.26 1.26 1.26
1.14 1.14 1.14 1.14 1.14 1.14 1.14 1.14 0.79 0.79 0.79 0.79 2.64 2.64 2.40 2.64 2.64 2.64 0.79 2.40 0.79 0.79 0.79 0.00 0.00 0.00 0.00 0.00 0.00 0.00 0.00 0.00 0.00 0.00 0.00 0.83 0.83 0.00 0.00 0.00 0.00 0.00 0.00 2.51 2.78 0.83 0.83 0.83 0.83 0.83 0.83 0.83 0.83 0.83 0.83 0.83 1.31 1.31 1.31 1.31 3.96 3.96 1.31 1.31 1.31 1.31 1.31 1.31 1.31 1.31 1.31 1.31 1.26 1.26 1.26 1.26 1.26 1.26 1.26 1.26 1.26 1.26 1.26 1.26
1.14 1.14 1.14 1.14 1.14 1.14 3.46 3.46 2.40 1.16 0.79 0.79 0.79 2.64 2.40 2.40 2.40 3.11 2.40 0.79 0.79 0.79 0.00 0.00 0.00 0.00 0.00 0.00 0.00 0.00 0.00 0.00 0.00 0.00 0.00 0.00 0.00 0.00 0.00 0.00 0.00 0.00 0.00 0.83 2.78 2.78 0.83 0.83 0.83 0.83 0.83 0.83 0.83 0.83 0.83 0.83 1.31 1.31 1.31 1.31 1.31 1.31 1.31 1.31 1.31 1.31 1.31 1.31 1.31 1.31 1.31 1.31 1.26 1.26 1.26 1.26 1.26 1.26 1.26 1.26 1.26 1.26 1.26 1.26
1.14 1.14 1.14 1.14 1.14 1.14 1.14 3.80 2.40 1.16 1.16 2.40 2.40 3.11 3.10 3.10 3.11 3.10 0.00 0.00 0.00 0.00 0.00 0.00 0.00 0.00 0.00 0.00 0.00 0.00 0.00 0.00 0.00 0.00 0.00 0.00 0.00 0.00 0.00 0.00 0.00 0.00 0.00 0.00 0.83 0.83 0.83 0.83 0.83 0.83 0.83 0.83 0.83 0.83 0.83 0.83 1.31 1.31 1.31 1.31 1.31 1.31 1.31 1.31 1.31 1.31 1.31 1.31 1.31 1.31 1.31 1.31 1.26 1.26 1.26 1.26 1.26 1.26 1.26 1.26 1.26 1.26 1.26 1.26
1.14 1.14 1.14 1.14 1.14 1.67 1.14 4.49 2.40 2.63 3.10 3.10 3.10 0.00 0.00 0.00 0.00 0.00 0.00 0.00 0.00 0.00 0.00 0.00 0.00 0.00 0.00 0.00 0.00 0.00 0.00 0.00 0.00 0.00 0.00 0.00 0.00 0.00 0.00 0.00 0.00 0.00 0.00 0.83 0.83 0.83 0.83 0.83 0.83 0.83 0.83 0.83 0.83 0.83 0.83 0.83 1.31 1.31 1.31 1.31 1.31 1.31 1.31 1.31 1.31 1.31 1.31 1.31 1.31 1.31 1.31 1.31 1.26 1.26 1.26 1.26 1.26 1.26 1.26 1.26 1.26 1.26 1.26 1.26
1.14 1.14 1.14 1.14 1.14 3.46 3.46 4.49 3.10 3.10 0.00 0.00 0.00 0.00 0.00 0.00 0.00 0.00 0.00 0.00 0.00 0.00 0.00 0.00 0.00 0.00 0.00 0.00 0.00 0.00 0.00 0.00 0.00 0.00 0.00 0.00 0.00 0.00 0.00 0.00 0.00 0.00 0.00 0.83 0.83 2.53 0.83 0.83 2.74 2.78 0.83 0.83 0.83 0.83 0.83 0.83 1.31 1.31 1.31 1.31 1.31 1.31 1.31 1.31 1.31 1.31 1.31 1.31 1.31 1.31 1.31 1.31 1.26 1.26 1.26 1.26 1.26 1.26 1.26 1.26 1.26 1.26 1.26 1.26
1.14 1.14 1.14 1.14 1.67 3.46 3.17 4.15 0.00 0.00 0.00 0.00 0.00 0.00 0.00 0.00 0.00 0.00 0.00 0.00 0.00 0.00 0.00 0.00 0.00 0.00 0.00 0.00 0.00 0.00 0.00 0.00 0.00 0.00 0.00 0.00 0.00 0.00 0.00 0.00 0.00 0.00 0.00 0.00 0.00 0.00 0.00 3.22 3.22 2.78 2.53 2.78 2.53 0.83 0.83 0.83 1.31 1.31 1.31 1.31 1.31 1.31 1.31 1.31 1.31 1.31 1.31 1.31 1.31 1.31 1.31 1.31 1.26 1.26 1.26 1.26 1.26 1.26 1.26 1.26 1.26 1.26 1.26 1.26
1.14 1.14 1.14 1.67 3.46 3.46 4.15 0.00 0.00 0.00 0.00 0.00 0.00 0.00 0.00 0.00 0.00 0.00 0.00 0.00 0.00 0.00 0.00 0.00 0.00 0.00 0.00 0.00 0.00 0.00 0.00 0.00 0.00 0.00 0.00 0.00 0.00 0.00 0.00 0.00 0.00 0.00 0.00 0.00 0.00 0.00 0.00 0.00 3.22 2.51 2.53 2.78 2.53 2.53 2.53 0.83 1.31 1.31 1.31 1.31 1.31 1.31 1.31 1.31 1.31 1.31 1.31 1.31 1.31 1.31 1.31 1.31 1.26 1.26 1.26 1.26 1.26 1.26 1.26 1.26 1.26 1.26 1.26 1.26
3.46 1.14 3.80 3.80 3.46 3.46 4.49 0.00 0.00 0.00 0.00 0.00 0.00 0.00 0.00 0.00 0.00 0.00 0.00 0.00 0.00 0.00 0.00 0.00 0.00 0.00 0.00 0.00 0.00 0.00 0.00 0.00 0.00 0.00 0.00 0.00 0.00 0.00 0.00 0.00 0.00 0.00 0.00 0.00 0.00 0.00 0.00 0.00 0.00 3.22 0.83 2.78 2.78 2.53 2.53 2.53 4.28 1.31 1.31 1.31 1.31 1.31 1.31 1.31 1.31 1.31 1.31 1.31 1.31 1.31 1.31 1.31 1.26 1.26 1.26 1.26 1.26 1.26 1.26 1.26 1.26 1.26 1.26 1.26
1.14 3.46 3.80 3.80 1.14 1.14 3.46 0.00 0.00 0.00 0.00 0.00 0.00 0.00 0.00 0.00 0.00 0.00 0.00 0.00 0.00 0.00 0.00 0.00 0.00 0.00 0.00 0.00 0.00 0.00 0.00 0.00 0.00 0.00 0.00 0.00 0.00 0.00 0.00 0.00 0.00 0.00 0.00 0.00 0.00 0.00 0.00 0.00 0.00 3.27 2.51 3.27 2.51 2.53 2.53 2.53 5.02 4.23 1.31 1.31 1.31 1.31 1.31 1.31 1.31 1.31 1.31 1.31 1.31 1.31 1.31 1.31 1.26 1.26 1.26 1.26 1.26 1.26 1.85 1.85 1.26 1.26 1.26 1.26
1.14 3.80 3.46 3.80 1.14 1.14 1.14 0.00 0.00 0.00 0.00 0.00 0.00 0.00 0.00 0.00 0.00 0.00 0.00 0.00 0.00 0.00 0.00 0.00 0.00 0.00 0.00 0.00 0.00 0.00 0.00 0.00 0.00 0.00 0.00 0.00 0.00 0.00 0.00 0.00 0.00 0.00 0.00 0.00 0.00 0.00 0.00 0.00 0.00 0.00 2.51 2.51 3.28 3.28 2.51 2.51 5.02 4.96 1.31 1.31 1.31 1.31 1.31 1.31 1.31 1.31 1.31 1.31 1.31 1.31 1.31 1.31 1.26 1.26 1.26 1.26 1.26 1.26 1.26 1.26 1.26 1.26 1.26 4.12
1.14 1.14 3.46 3.23 4.49 0.04 0.00 0.00 0.00 0.00 0.00 0.00 0.00 0.00 0.00 0.00 0.00 0.00 0.00 0.00 0.00 0.00 0.00 0.00 0.00 0.00 0.00 0.00 0.00 0.00 0.00 0.00 0.00 0.00 0.00 0.00 0.00 0.00 0.00 0.00 0.00 0.00 0.00 0.00 0.00 0.00 0.00 0.00 0.00 0.00 3.27 2.51 3.22 2.51 3.28 2.78 4.30 1.31 1.31 1.31 1.31 1.31 1.31 1.31 1.31 1.31 1.31 1.31 1.31 1.31 1.31 1.31 1.26 1.26 1.26 1.26 1.26 1.26 4.17 4.17 4.17 4.17 4.93 4.17
1.14 1.14 1.14 4.49 0.00 0.00 0.00 0.00 0.00 0.00 0.00 0.00 0.00 0.00 0.00 0.00 0.00 0.00 0.00 0.00 0.00 0.00 0.00 0.00 0.00 0.00 0.00 0.00 0.00 0.00 0.00 0.00 0.00 0.00 0.00 0.00 0.00 0.00 0.00 0.00 0.00 0.00 0.00 0.00 0.00 0.00 0.00 0.00 0.00 0.00 0.00 3.22 3.22 2.51 2.53 2.53 1.31 1.31 1.31 1.31 1.31 1.31 1.31 1.31 1.31 1.31 1.31 1.31 1.31 1.31 1.31 1.31 1.26 1.26 1.26 1.26 1.26 1.26 1.26 1.26 4.17 4.17 4.17 3.84
3.46 3.46 0.00 0.00 0.00 0.00 0.00 0.00 0.00 0.00 0.00 0.00 0.00 0.00 0.00 0.00 0.00 0.00 0.00 0.00 0.00 0.00 0.00 0.00 0.00 0.00 0.00 0.00 0.00 0.00 0.00 0.00 0.00 0.00 0.00 0.00 0.00 0.00 0.00 0.00 0.00 0.00 0.00 0.00 0.00 0.00 0.00 0.00 0.00 0.00 0.00 3.22 2.51 3.28 2.78 2.78 4.32 1.92 1.31 1.31 1.31 1.31 1.31 1.31 1.31 1.31 1.31 1.31 1.31 1.31 1.31 1.31 1.26 1.26 1.26 1.26 1.26 1.26 1.26 1.26 1.26 4.17 3.84 3.84
4.49 0.00 0.00 0.00 0.00 0.00 0.00 0.00 0.00 0.00 0.00 0.00 0.00 0.00 0.00 0.00 0.00 0.00 0.00 0.00 0.00 0.00 0.00 0.00 0.00 0.00 0.00 0.00 0.00 0.00 0.00 0.00 0.00 0.00 0.00 0.00 0.00 0.00 0.00 0.00 0.00 0.00 0.00 0.00 0.00 0.00 0.00 0.00 0.00 0.00 0.00 3.22 3.22 2.51 2.78 2.53 1.31 1.31 1.31 1.31 1.31 1.31 1.31 1.31 1.31 1.31 1.31 1.31 1.31 1.31 1.31 1.31 1.26 1.26 1.26 1.26 1.26 1.26 1.26 1.26 1.26 1.26 1.26 3.84
0.00 0.00 0.00 0.00 0.00 0.00 0.00 0.00 0.00 0.00 0.00 0.00 0.00 0.00 0.00 0.00 0.00 0.00 0.00 0.00 0.00 0.00 0.00 0.00 0.00 0.00 0.00 0.00 0.00 0.00 0.00 0.00 0.00 0.00 0.00 0.00 0.00 0.00 0.00 0.00 0.00 0.00 0.00 0.00 0.00 0.00 0.00 0.00 0.00 0.00 0.00 2.99 3.01 2.55 2.55 2.55 1.12 0.77 0.77 0.77 0.77 0.77 0.77 0.77 0.77 0.77 0.77 0.77 0.77 0.77 0.77 0.77 0.75 0.75 0.75 0.75 0.75 0.75 0.75 0.75 0.75 0.75 0.75 2.26
0.00 0.00 0.00 0.00 0.00 0.00 0.00 0.00 0.00 0.00 0.00 0.00 0.00 0.00 0.00 0.00 0.00 0.00 0.00 0.00 0.00 0.00 0.00 0.00 0.00 0.00 0.00 0.00 0.00 0.00 0.00 0.00 0.00 0.00 0.00 0.00 0.00 0.00 0.00 0.00 0.00 0.00 0.00 0.00 0.00 0.00 0.00 0.00 0.00 0.00 0.00 2.99 3.01 2.55 2.55 2.55 0.77 0.77 2.33 0.77 0.77 0.77 0.77 0.77 0.77 0.77 0.77 0.77 0.77 0.77 0.77 0.77 0.75 0.75 0.75 0.75 0.75 0.75 0.75 0.75 0.75 0.75 2.48 2.93
0.00 0.00 0.00 0.00 0.00 0.00 0.00 0.00 0.00 0.00 0.00 0.00 0.00 0.00 0.00 0.00 0.00 0.00 0.00 0.00 0.00 0.00 0.00 0.00 0.00 0.00 0.00 0.00 0.00 0.00 0.00 0.00 0.00 0.00 0.00 0.00 0.00 0.00 0.00 0.00 0.00 0.00 0.00 0.00 0.00 0.00 0.00 0.00 0.00 0.00 0.00 2.99 2.36 0.76 0.76 2.55 1.12 0.77 0.77 0.77 0.77 0.77 0.77 0.77 0.77 0.77 0.77 0.77 1.12 0.77 0.77 0.77 0.75 1.09 0.75 0.75 0.75 0.75 0.75 0.75 1.09 2.93 2.93 0.00
0.00 0.00 0.00 0.00 0.00 0.00 0.00 0.00 0.00 0.00 0.00 0.00 0.00 0.00 0.00 0.00 0.00 0.00 0.00 0.00 0.00 0.00 0.00 0.00 0.00 0.00 0.00 0.00 0.00 0.00 0.00 0.00 0.00 0.00 0.00 0.00 0.00 0.00 0.00 0.00 0.00 0.00 0.00 0.00 0.00 0.00 0.00 0.00 0.00 0.00 0.76 2.32 2.55 2.32 0.76 0.76 0.77 0.77 0.77 0.77 0.77 2.33 0.77 0.77 0.77 0.77 0.77 0.77 1.12 0.77 0.77 0.77 0.75 2.48 2.48 2.48 2.48 0.75 0.75 0.75 0.14 0.00 0.00 0.00
0.00 0.00 0.00 0.00 0.00 0.00 0.00 0.00 0.00 0.00 0.00 0.00 0.00 0.00 0.00 0.00 0.00 0.00 0.00 0.00 0.00 0.00 0.00 0.00 0.00 0.00 0.00 0.00 0.00 0.00 0.00 0.00 0.00 0.00 0.00 0.00 0.00 0.00 0.00 0.00 0.00 0.00 0.00 0.00 0.00 0.00 0.00 0.00 0.00 2.32 2.55 2.55 0.76 1.12 1.12 1.12 0.77 0.77 0.77 0.77 0.77 2.33 0.77 0.77 0.77 0.77 0.77 0.77 1.12 2.33 0.77 0.77 0.75 2.48 2.26 2.48 2.48 0.75 0.75 0.75 0.00 0.00 0.00 0.00
0.00 0.00 0.00 0.00 0.00 0.00 0.00 0.00 0.00 0.00 0.00 0.00 0.00 0.00 0.00 0.00 0.00 0.00 0.00 0.00 0.00 0.00 0.00 0.00 0.00 0.00 0.00 0.00 0.00 0.00 0.00 0.00 0.00 0.00 0.00 0.00 0.00 0.00 0.00 0.00 0.00 0.00 0.00 0.00 0.00 0.00 0.00 0.00 2.32 0.76 0.76 2.55 0.76 0.76 0.76 0.76 0.77 0.77 0.77 0.77 0.77 0.77 0.77 0.77 0.77 0.77 0.77 0.77 2.56 1.12 0.77 0.77 0.75 2.26 2.26 2.26 2.48 2.48 0.75 0.75 0.00 0.00 0.00 0.00
