New_Model_Runs/7_FutureClimate_RCP85_out/post_prcessed_with_MFR/Monthly_summaries/actual_et_monthly_AUG.asc
NCOLS 700
NROWS 400
XLLCENTER 515000.000000
YLLCENTER 8409000.000000
CELLSIZE 50.000000
NODATA_value -999.000000
[rows 114 to 151 of 400, columns 504 to 587 of 700]
0.85 0.85 0.85 0.85 0.85 0.85 0.85 0.85 0.80 0.80 0.80 0.80 0.80 0.80 0.80 0.80 0.80 0.80 0.80 0.80 2.53 2.67 2.67 1.17 1.37 1.37 0.93 2.96 0.93 2.83 2.83 0.93 0.93 0.93 0.93 0.93 0.93 1.37 0.93 0.93 1.01 1.01 1.01 1.01 1.01 1.01 1.01 1.01 1.01 1.01 1.01 1.01 1.01 1.01 1.01 1.01 0.96 0.96 0.96 0.96 0.96 0.96 0.96 0.96 0.96 0.96 0.96 0.96 0.96 0.96 0.96 0.96 0.84 0.84 0.84 0.84 0.84 2.91 0.00 0.00 0.00 0.00 0.00 0.00
0.85 0.85 0.85 0.85 0.85 0.85 0.85 0.85 0.80 0.80 0.80 0.80 0.80 0.80 0.80 0.80 0.80 0.80 0.80 0.80 1.17 1.17 2.67 1.17 1.37 0.93 0.93 0.93 0.93 0.93 2.83 0.93 0.93 0.93 0.93 0.93 0.93 0.93 0.93 0.93 1.01 1.01 1.01 1.01 1.01 1.01 1.01 1.01 1.01 1.01 1.01 1.01 1.01 1.01 1.01 1.01 0.96 0.96 0.96 0.96 0.96 0.96 0.96 0.96 0.96 0.96 0.96 0.96 0.96 0.96 0.96 0.96 0.84 0.84 0.84 0.84 0.84 2.08 1.19 1.19 2.91 2.74 2.74 2.74
0.85 0.85 0.85 0.85 0.85 0.85 0.85 0.85 0.80 0.80 0.80 0.80 0.80 0.80 0.80 0.80 0.80 0.80 0.80 0.80 1.17 1.17 0.80 0.80 0.93 0.93 0.93 0.93 0.93 0.93 0.93 0.93 0.93 0.93 0.93 0.93 0.93 0.93 0.93 0.93 1.01 1.01 1.01 3.08 1.01 1.01 1.01 1.01 1.01 1.01 1.01 1.01 1.01 1.01 1.01 1.01 0.96 0.96 0.96 0.96 0.96 0.96 0.96 0.96 0.96 0.96 0.96 0.96 0.96 0.96 0.96 0.96 0.84 0.84 0.84 0.84 0.84 0.84 0.84 2.08 2.58 2.58 2.58 2.78
0.85 0.85 0.85 0.85 0.85 0.85 0.85 0.85 0.80 0.80 0.80 0.80 0.80 0.80 0.80 0.80 0.80 0.80 0.80 0.80 0.80 0.80 0.80 0.80 2.96 0.93 0.93 0.93 0.93 0.93 3.11 0.93 0.93 0.93 0.93 0.93 0.93 0.93 0.93 0.93 1.01 1.01 1.01 1.01 1.01 1.01 1.01 1.01 1.01 3.08 3.38 3.38 1.01 1.01 1.01 1.01 0.96 0.96 0.96 0.96 0.96 0.96 0.96 0.96 0.96 0.96 0.96 0.96 0.96 0.96 0.96 0.96 0.84 0.84 0.84 0.84 0.84 0.84 0.84 0.84 2.18 2.58 0.84 0.84
0.85 0.85 0.85 0.85 0.85 0.85 0.85 0.85 0.80 0.80 0.80 0.80 0.80 0.80 0.80 0.80 0.80 0.80 0.80 0.80 0.80 0.80 0.80 0.80 0.93 0.93 1.37 0.93 0.93 0.93 0.93 0.93 0.93 0.93 0.93 0.93 0.93 0.93 0.93 0.93 1.01 1.01 1.01 1.01 1.01 1.01 1.01 3.08 3.08 3.08 3.38 3.38 1.01 1.01 1.01 1.01 0.96 0.96 0.96 0.96 0.96 0.96 0.96 0.96 0.96 0.96 0.96 0.96 0.96 0.96 0.96 0.96 0.84 0.84 0.84 0.84 0.84 0.84 0.84 2.08 2.08 2.58 2.18 0.84
0.85 0.85 0.85 0.85 0.85 0.85 0.85 0.85 0.80 0.80 0.80 0.80 0.80 0.80 0.80 0.80 0.80 0.80 0.80 0.80 0.80 0.80 0.80 0.80 0.93 0.93 0.93 0.93 0.93 0.93 0.93 0.93 0.93 0.93 0.93 0.93 0.93 0.93 0.93 0.93 1.01 1.01 1.01 1.01 3.99 3.99 3.99 3.38 3.38 1.01 1.01 1.01 1.01 1.01 1.01 1.01 0.96 0.96 0.96 0.96 0.96 0.96 0.96 0.96 0.96 0.96 0.96 0.96 0.96 0.96 0.96 0.96 0.84 0.84 0.84 0.84 0.84 0.84 1.15 1.15 1.19 2.58 2.08 2.18
0.85 0.85 0.85 0.85 0.85 0.85 0.85 0.85 0.80 0.80 0.80 0.80 0.80 0.80 0.80 0.80 0.80 0.80 0.80 0.80 0.80 0.80 0.80 0.80 0.93 0.93 0.93 0.93 0.93 0.93 0.93 0.93 0.93 0.93 0.93 0.93 0.93 0.93 0.93 0.93 1.01 1.01 1.01 1.01 3.21 3.21 1.01 1.01 3.38 1.01 1.01 1.01 1.01 1.01 1.01 1.01 0.96 0.96 0.96 0.96 0.96 0.96 0.96 0.96 0.96 0.96 0.96 0.96 0.96 0.96 0.96 0.96 0.84 0.84 0.84 0.84 1.19 1.19 1.19 1.15 2.18 2.18 2.08 2.18
0.85 0.85 0.85 0.85 0.85 0.85 0.85 0.85 0.80 0.80 0.80 0.80 0.80 0.80 0.80 0.80 0.80 0.80 0.80 0.80 0.80 0.80 0.80 0.80 0.93 0.93 3.11 3.11 0.93 0.93 0.93 0.93 0.93 0.93 0.93 0.93 0.93 0.93 2.83 0.93 1.01 3.38 3.08 1.01 3.08 1.01 1.01 1.01 1.01 1.01 1.01 1.01 1.01 1.01 1.01 1.01 0.96 0.96 0.96 0.96 0.96 0.96 0.96 0.96 0.96 0.96 0.96 0.96 0.96 0.96 0.96 0.96 0.84 0.84 0.84 0.84 0.84 0.84 0.84 1.15 2.18 2.18 2.08 2.18
0.85 0.85 0.85 0.85 0.85 0.85 0.85 0.85 0.80 0.80 0.80 0.80 0.80 0.80 0.80 0.80 0.80 0.80 0.80 0.80 0.80 0.80 0.80 0.80 0.93 0.93 3.11 3.11 3.11 0.93 0.93 0.93 0.93 0.93 0.93 0.93 3.67 0.93 2.83 3.11 3.08 3.38 3.08 3.08 3.08 1.01 1.01 1.01 1.01 1.01 1.01 1.01 1.01 1.01 1.01 1.01 0.96 0.96 0.96 0.96 0.96 0.96 0.96 0.96 0.96 0.96 0.96 0.96 0.96 0.96 0.96 0.96 0.84 0.84 0.84 0.84 0.84 0.84 0.84 0.84 0.84 0.84 0.84 0.84
0.85 0.85 0.85 0.85 0.85 1.25 0.85 0.85 0.80 2.53 0.80 0.80 0.80 0.80 0.80 0.80 2.53 0.80 0.80 0.80 0.80 0.80 0.80 0.80 0.93 0.93 0.93 3.11 3.11 0.93 0.93 0.93 3.11 0.93 0.93 2.83 2.96 0.93 0.93 3.11 3.08 3.38 3.08 1.01 1.01 1.01 1.01 1.01 1.01 1.01 1.01 1.01 1.01 1.01 1.01 1.01 0.96 0.96 0.96 0.96 0.96 0.96 0.96 0.96 0.96 0.96 0.96 0.96 0.96 0.96 0.96 0.96 0.84 0.84 0.84 0.84 0.84 0.84 0.84 0.84 0.84 0.84 0.84 0.84
0.85 0.85 0.85 0.85 0.85 0.85 0.85 0.85 0.80 0.80 0.80 0.80 0.80 0.80 0.80 0.80 0.80 0.80 1.17 2.43 0.80 0.80 0.80 0.80 0.93 0.93 0.93 0.93 0.93 0.93 0.93 0.93 3.11 3.11 0.93 2.83 3.11 3.11 0.93 0.93 1.01 1.01 1.01 1.01 1.01 1.01 1.01 1.01 1.01 1.01 1.01 1.01 1.01 1.01 1.01 1.01 0.96 0.96 0.96 0.96 0.96 0.96 0.96 0.96 0.96 0.96 0.96 0.96 0.96 0.96 0.96 0.96 0.84 0.84 0.84 0.84 0.84 0.84 0.84 0.84 0.84 0.84 0.84 0.84
0.85 0.85 0.85 0.85 0.85 0.85 0.85 0.85 0.80 0.80 0.80 0.80 0.80 0.80 0.80 0.80 0.80 0.80 0.80 0.80 2.67 0.80 0.80 0.80 0.93 0.93 3.04 3.04 3.67 3.11 0.93 0.93 3.11 3.67 3.67 1.10 2.83 3.11 0.93 0.93 1.01 1.01 1.01 1.01 1.01 1.01 1.01 1.01 1.01 1.01 1.01 1.01 1.01 1.01 1.01 1.01 0.96 0.96 0.96 0.96 0.96 0.96 0.96 0.96 0.96 0.96 0.96 0.96 0.96 0.96 0.96 0.96 0.84 0.84 0.84 0.84 0.84 0.84 0.84 0.84 0.84 0.84 0.84 0.84
0.85 0.85 0.85 0.85 0.85 0.85 0.85 0.85 0.80 0.80 0.80 0.80 0.80 0.80 0.80 0.80 0.80 0.80 0.80 0.80 2.67 2.53 0.80 0.80 0.93 2.75 3.56 3.56 3.56 2.75 3.64 0.93 3.67 3.67 3.67 2.83 0.93 0.93 0.93 0.93 1.01 1.01 1.01 1.01 1.01 1.01 1.01 1.01 1.01 1.01 1.01 1.01 1.01 1.01 1.01 1.01 0.96 0.96 0.96 0.96 0.96 0.96 0.96 0.96 0.96 0.96 0.96 0.96 0.96 0.96 0.96 0.96 0.84 0.84 0.84 0.84 0.84 0.84 0.84 0.84 0.84 0.84 0.84 0.84
0.85 0.85 0.85 0.85 0.85 0.85 0.85 0.85 0.80 0.80 0.80 0.80 0.80 0.80 0.80 0.80 0.80 0.80 2.43 0.80 2.67 2.53 0.80 3.15 2.75 2.75 2.75 3.56 3.56 2.75 3.56 2.75 3.67 3.67 3.11 2.83 0.93 0.93 0.93 0.93 1.01 1.01 1.01 1.01 1.01 1.01 3.38 1.01 1.01 1.01 1.01 1.01 1.01 1.01 1.01 1.01 0.96 0.96 0.96 0.96 0.96 0.96 0.96 0.96 0.96 0.96 0.96 0.96 0.96 0.96 0.96 0.96 0.84 0.84 0.84 0.84 0.84 0.84 0.84 0.84 0.84 0.84 0.84 0.84
0.85 0.85 0.85 0.85 0.85 0.85 0.85 0.85 0.80 0.80 0.80 0.80 0.80 0.80 0.80 0.80 0.80 0.80 0.80 2.67 2.67 3.15 3.15 2.47 2.75 2.75 3.64 0.00 0.00 0.00 0.00 0.00 0.00 3.67 3.67 0.93 0.93 0.93 0.93 0.93 1.01 1.01 1.01 3.38 3.38 3.99 3.38 3.08 3.08 1.01 1.01 1.01 1.01 1.01 1.01 1.01 0.96 0.96 0.96 2.44 2.44 2.44 2.44 0.96 0.96 0.96 0.96 0.96 0.96 0.96 0.96 0.96 0.84 0.84 0.84 0.84 0.84 0.84 0.84 0.84 0.84 0.84 0.84 0.84
0.85 0.85 0.85 0.85 0.85 0.85 0.85 0.85 0.80 0.80 0.80 0.80 0.80 0.80 0.80 0.80 2.67 0.80 2.43 2.43 2.67 3.15 2.47 3.15 2.75 0.00 0.00 0.00 0.00 0.00 0.00 0.00 0.00 0.00 3.11 0.93 0.93 0.93 0.93 0.93 3.08 3.38 3.21 3.08 3.99 3.99 1.01 3.08 1.01 1.01 1.01 1.01 1.01 1.01 1.01 1.01 0.96 0.96 0.96 0.96 2.44 2.44 0.96 0.96 0.96 0.96 0.96 0.96 0.96 0.96 0.96 0.96 0.84 0.84 0.84 0.84 0.84 0.84 0.84 0.84 0.84 0.84 0.84 0.84
0.77 0.77 0.77 0.77 0.77 0.77 1.13 0.77 0.56 0.56 0.56 0.56 0.56 0.56 0.56 0.56 1.87 0.56 1.70 1.70 1.70 2.21 2.21 2.21 0.00 0.00 0.00 0.00 0.00 0.00 0.00 0.00 0.00 0.00 0.00 0.57 0.57 0.57 0.57 1.74 2.27 2.27 1.75 1.95 2.27 0.58 0.58 0.58 0.58 0.58 0.58 0.58 0.58 0.58 0.58 0.58 0.95 0.95 0.95 0.95 2.42 2.41 0.95 0.95 0.95 0.95 0.95 0.95 0.95 0.95 0.95 0.95 0.91 0.91 0.91 0.91 0.91 0.91 0.91 0.91 0.91 0.91 0.91 0.91
0.77 0.77 0.77 0.77 0.77 0.77 0.77 0.77 1.78 1.78 0.56 0.56 0.56 0.56 0.56 1.87 1.87 0.56 1.70 1.70 1.70 1.70 0.56 0.56 0.00 0.00 0.00 0.00 0.00 0.00 0.00 0.00 0.00 0.00 0.00 1.74 1.74 0.57 0.57 0.00 0.00 2.27 1.75 2.27 1.75 0.58 0.58 0.58 0.58 0.58 0.58 0.58 0.58 0.58 0.58 0.58 0.95 0.95 0.95 2.30 2.41 1.26 0.95 0.95 0.95 0.95 0.95 0.95 0.95 0.95 0.95 0.95 0.91 0.91 0.91 0.91 0.91 0.91 0.91 0.91 0.91 0.91 0.91 0.91
0.77 0.77 0.77 0.77 0.77 0.77 0.77 0.77 0.56 0.56 0.56 0.56 1.87 1.87 1.70 1.87 1.87 1.87 0.56 1.70 0.56 0.56 0.56 0.00 0.00 0.00 0.00 0.00 0.00 0.00 0.00 0.00 0.00 0.00 0.00 0.57 0.57 0.00 0.00 0.00 0.00 0.00 0.00 1.95 1.92 0.58 0.58 0.58 0.58 0.58 0.58 0.58 0.58 0.58 0.58 0.58 0.95 0.95 0.95 0.95 2.31 2.31 0.95 0.95 0.95 0.95 0.95 0.95 0.95 0.95 0.95 0.95 0.91 0.91 0.91 0.91 0.91 0.91 0.91 0.91 0.91 0.91 0.91 0.91
0.77 0.77 0.77 0.77 0.77 0.77 2.33 2.33 1.70 0.82 0.56 0.56 0.56 1.87 1.70 1.70 1.70 2.21 1.70 0.56 0.56 0.56 0.00 0.00 0.00 0.00 0.00 0.00 0.00 0.00 0.00 0.00 0.00 0.00 0.00 0.00 0.00 0.00 0.00 0.00 0.00 0.00 0.00 0.58 1.92 1.92 0.58 0.58 0.58 0.58 0.58 0.58 0.58 0.58 0.58 0.58 0.95 0.95 0.95 0.95 0.95 0.95 0.95 0.95 0.95 0.95 0.95 0.95 0.95 0.95 0.95 0.95 0.91 0.91 0.91 0.91 0.91 0.91 0.91 0.91 0.91 0.91 0.91 0.91
0.77 0.77 0.77 0.77 0.77 0.77 0.77 2.57 1.70 0.82 0.82 1.70 1.70 2.21 2.21 2.21 2.21 2.21 0.00 0.00 0.00 0.00 0.00 0.00 0.00 0.00 0.00 0.00 0.00 0.00 0.00 0.00 0.00 0.00 0.00 0.00 0.00 0.00 0.00 0.00 0.00 0.00 0.00 0.00 0.58 0.58 0.58 0.58 0.58 0.58 0.58 0.58 0.58 0.58 0.58 0.58 0.95 0.95 0.95 0.95 0.95 0.95 0.95 0.95 0.95 0.95 0.95 0.95 0.95 0.95 0.95 0.95 0.91 0.91 0.91 0.91 0.91 0.91 0.91 0.91 0.91 0.91 0.91 0.91
0.77 0.77 0.77 0.77 0.77 1.13 0.77 3.03 1.70 1.87 2.21 2.21 2.21 0.00 0.00 0.00 0.00 0.00 0.00 0.00 0.00 0.00 0.00 0.00 0.00 0.00 0.00 0.00 0.00 0.00 0.00 0.00 0.00 0.00 0.00 0.00 0.00 0.00 0.00 0.00 0.00 0.00 0.00 0.58 0.58 0.58 0.58 0.58 0.58 0.58 0.58 0.58 0.58 0.58 0.58 0.58 0.95 0.95 0.95 0.95 0.95 0.95 0.95 0.95 0.95 0.95 0.95 0.95 0.95 0.95 0.95 0.95 0.91 0.91 0.91 0.91 0.91 0.91 0.91 0.91 0.91 0.91 0.91 0.91
0.77 0.77 0.77 0.77 0.77 2.33 2.33 3.03 2.21 2.21 0.00 0.00 0.00 0.00 0.00 0.00 0.00 0.00 0.00 0.00 0.00 0.00 0.00 0.00 0.00 0.00 0.00 0.00 0.00 0.00 0.00 0.00 0.00 0.00 0.00 0.00 0.00 0.00 0.00 0.00 0.00 0.00 0.00 0.58 0.58 1.75 0.58 0.58 1.92 1.92 0.58 0.58 0.58 0.58 0.58 0.58 0.95 0.95 0.95 0.95 0.95 0.95 0.95 0.95 0.95 0.95 0.95 0.95 0.95 0.95 0.95 0.95 0.91 0.91 0.91 0.91 0.91 0.91 0.91 0.91 0.91 0.91 0.91 0.91
0.77 0.77 0.77 0.77 1.13 2.33 2.40 3.02 0.00 0.00 0.00 0.00 0.00 0.00 0.00 0.00 0.00 0.00 0.00 0.00 0.00 0.00 0.00 0.00 0.00 0.00 0.00 0.00 0.00 0.00 0.00 0.00 0.00 0.00 0.00 0.00 0.00 0.00 0.00 0.00 0.00 0.00 0.00 0.00 0.00 0.00 0.00 2.27 2.27 1.92 1.75 1.92 1.75 0.58 0.58 0.58 0.95 0.95 0.95 0.95 0.95 0.95 0.95 0.95 0.95 0.95 0.95 0.95 0.95 0.95 0.95 0.95 0.91 0.91 0.91 0.91 0.91 0.91 0.91 0.91 0.91 0.91 0.91 0.91
0.77 0.77 0.77 1.13 2.33 2.33 3.02 0.00 0.00 0.00 0.00 0.00 0.00 0.00 0.00 0.00 0.00 0.00 0.00 0.00 0.00 0.00 0.00 0.00 0.00 0.00 0.00 0.00 0.00 0.00 0.00 0.00 0.00 0.00 0.00 0.00 0.00 0.00 0.00 0.00 0.00 0.00 0.00 0.00 0.00 0.00 0.00 0.00 2.27 1.95 1.75 1.92 1.75 1.75 1.75 0.58 0.95 0.95 0.95 0.95 0.95 0.95 0.95 0.95 0.95 0.95 0.95 0.95 0.95 0.95 0.95 0.95 0.91 0.91 0.91 0.91 0.91 0.91 0.91 0.91 0.91 0.91 0.91 0.91
2.33 0.77 2.57 2.57 2.33 2.33 3.03 0.00 0.00 0.00 0.00 0.00 0.00 0.00 0.00 0.00 0.00 0.00 0.00 0.00 0.00 0.00 0.00 0.00 0.00 0.00 0.00 0.00 0.00 0.00 0.00 0.00 0.00 0.00 0.00 0.00 0.00 0.00 0.00 0.00 0.00 0.00 0.00 0.00 0.00 0.00 0.00 0.00 0.00 2.27 0.58 1.92 1.92 1.75 1.75 1.75 3.17 0.95 0.95 0.95 0.95 0.95 0.95 0.95 0.95 0.95 0.95 0.95 0.95 0.95 0.95 0.95 0.91 0.91 0.91 0.91 0.91 0.91 0.91 0.91 0.91 0.91 0.91 0.91
0.77 2.33 2.57 2.57 0.77 0.77 2.33 0.00 0.00 0.00 0.00 0.00 0.00 0.00 0.00 0.00 0.00 0.00 0.00 0.00 0.00 0.00 0.00 0.00 0.00 0.00 0.00 0.00 0.00 0.00 0.00 0.00 0.00 0.00 0.00 0.00 0.00 0.00 0.00 0.00 0.00 0.00 0.00 0.00 0.00 0.00 0.00 0.00 0.00 2.27 1.95 2.27 1.95 1.75 1.75 1.75 3.74 2.43 0.95 0.95 0.95 0.95 0.95 0.95 0.95 0.95 0.95 0.95 0.95 0.95 0.95 0.95 0.91 0.91 0.91 0.91 0.91 0.91 1.25 1.25 0.91 0.91 0.91 0.91
0.77 2.57 2.33 2.57 0.77 0.77 0.77 0.00 0.00 0.00 0.00 0.00 0.00 0.00 0.00 0.00 0.00 0.00 0.00 0.00 0.00 0.00 0.00 0.00 0.00 0.00 0.00 0.00 0.00 0.00 0.00 0.00 0.00 0.00 0.00 0.00 0.00 0.00 0.00 0.00 0.00 0.00 0.00 0.00 0.00 0.00 0.00 0.00 0.00 0.00 1.95 1.95 2.27 2.27 1.95 1.95 3.74 2.89 0.95 0.95 0.95 0.95 0.95 0.95 0.95 0.95 0.95 0.95 0.95 0.95 0.95 0.95 0.91 0.91 0.91 0.91 0.91 0.91 0.91 0.91 0.91 0.91 0.91 2.35
0.77 0.77 2.33 2.40 3.03 0.00 0.00 0.00 0.00 0.00 0.00 0.00 0.00 0.00 0.00 0.00 0.00 0.00 0.00 0.00 0.00 0.00 0.00 0.00 0.00 0.00 0.00 0.00 0.00 0.00 0.00 0.00 0.00 0.00 0.00 0.00 0.00 0.00 0.00 0.00 0.00 0.00 0.00 0.00 0.00 0.00 0.00 0.00 0.00 0.00 2.27 1.95 2.27 1.95 2.27 1.92 3.17 0.95 0.95 0.95 0.95 0.95 0.95 0.95 0.95 0.95 0.95 0.95 0.95 0.95 0.95 0.95 0.91 0.91 0.91 0.91 0.91 0.91 2.33 2.33 2.33 2.33 2.76 2.33
0.77 0.77 0.77 3.03 0.00 0.00 0.00 0.00 0.00 0.00 0.00 0.00 0.00 0.00 0.00 0.00 0.00 0.00 0.00 0.00 0.00 0.00 0.00 0.00 0.00 0.00 0.00 0.00 0.00 0.00 0.00 0.00 0.00 0.00 0.00 0.00 0.00 0.00 0.00 0.00 0.00 0.00 0.00 0.00 0.00 0.00 0.00 0.00 0.00 0.00 0.00 2.27 2.27 1.95 1.75 1.75 0.95 0.95 0.95 0.95 0.95 0.95 0.95 0.95 0.95 0.95 0.95 0.95 0.95 0.95 0.95 0.95 0.91 0.91 0.91 0.91 0.91 0.91 0.91 0.91 2.33 2.33 2.33 2.22
2.33 2.33 0.00 0.00 0.00 0.00 0.00 0.00 0.00 0.00 0.00 0.00 0.00 0.00 0.00 0.00 0.00 0.00 0.00 0.00 0.00 0.00 0.00 0.00 0.00 0.00 0.00 0.00 0.00 0.00 0.00 0.00 0.00 0.00 0.00 0.00 0.00 0.00 0.00 0.00 0.00 0.00 0.00 0.00 0.00 0.00 0.00 0.00 0.00 0.00 0.00 2.27 1.95 2.27 1.92 1.92 3.17 1.26 0.95 0.95 0.95 0.95 0.95 0.95 0.95 0.95 0.95 0.95 0.95 0.95 0.95 0.95 0.91 0.91 0.91 0.91 0.91 0.91 0.91 0.91 0.91 2.33 2.22 2.22
3.03 0.00 0.00 0.00 0.00 0.00 0.00 0.00 0.00 0.00 0.00 0.00 0.00 0.00 0.00 0.00 0.00 0.00 0.00 0.00 0.00 0.00 0.00 0.00 0.00 0.00 0.00 0.00 0.00 0.00 0.00 0.00 0.00 0.00 0.00 0.00 0.00 0.00 0.00 0.00 0.00 0.00 0.00 0.00 0.00 0.00 0.00 0.00 0.00 0.00 0.00 2.27 2.27 1.95 1.92 1.75 0.95 0.95 0.95 0.95 0.95 0.95 0.95 0.95 0.95 0.95 0.95 0.95 0.95 0.95 0.95 0.95 0.91 0.91 0.91 0.91 0.91 0.91 0.91 0.91 0.91 0.91 0.91 2.22
0.00 0.00 0.00 0.00 0.00 0.00 0.00 0.00 0.00 0.00 0.00 0.00 0.00 0.00 0.00 0.00 0.00 0.00 0.00 0.00 0.00 0.00 0.00 0.00 0.00 0.00 0.00 0.00 0.00 0.00 0.00 0.00 0.00 0.00 0.00 0.00 0.00 0.00 0.00 0.00 0.00 0.00 0.00 0.00 0.00 0.00 0.00 0.00 0.00 0.00 0.00 2.08 2.08 1.76 1.76 1.76 0.77 0.52 0.52 0.52 0.52 0.52 0.52 0.52 0.52 0.52 0.52 0.52 0.52 0.52 0.52 0.52 0.51 0.51 0.51 0.51 0.51 0.51 0.51 0.51 0.51 0.51 0.51 1.42
0.00 0.00 0.00 0.00 0.00 0.00 0.00 0.00 0.00 0.00 0.00 0.00 0.00 0.00 0.00 0.00 0.00 0.00 0.00 0.00 0.00 0.00 0.00 0.00 0.00 0.00 0.00 0.00 0.00 0.00 0.00 0.00 0.00 0.00 0.00 0.00 0.00 0.00 0.00 0.00 0.00 0.00 0.00 0.00 0.00 0.00 0.00 0.00 0.00 0.00 0.00 2.08 2.08 1.76 1.76 1.76 0.52 0.52 1.44 0.52 0.52 0.52 0.52 0.52 0.52 0.52 0.52 0.52 0.52 0.52 0.52 0.52 0.51 0.51 0.51 0.51 0.51 0.51 0.51 0.51 0.51 0.51 1.48 1.71
0.00 0.00 0.00 0.00 0.00 0.00 0.00 0.00 0.00 0.00 0.00 0.00 0.00 0.00 0.00 0.00 0.00 0.00 0.00 0.00 0.00 0.00 0.00 0.00 0.00 0.00 0.00 0.00 0.00 0.00 0.00 0.00 0.00 0.00 0.00 0.00 0.00 0.00 0.00 0.00 0.00 0.00 0.00 0.00 0.00 0.00 0.00 0.00 0.00 0.00 0.00 2.08 1.81 0.53 0.53 1.76 0.77 0.52 0.52 0.52 0.52 0.52 0.52 0.52 0.52 0.52 0.52 0.52 0.77 0.52 0.52 0.52 0.51 0.75 0.51 0.51 0.51 0.51 0.51 0.51 0.75 1.71 1.71 0.00
0.00 0.00 0.00 0.00 0.00 0.00 0.00 0.00 0.00 0.00 0.00 0.00 0.00 0.00 0.00 0.00 0.00 0.00 0.00 0.00 0.00 0.00 0.00 0.00 0.00 0.00 0.00 0.00 0.00 0.00 0.00 0.00 0.00 0.00 0.00 0.00 0.00 0.00 0.00 0.00 0.00 0.00 0.00 0.00 0.00 0.00 0.00 0.00 0.00 0.00 0.53 1.60 1.76 1.60 0.53 0.53 0.52 0.52 0.52 0.52 0.52 1.45 0.52 0.52 0.52 0.52 0.52 0.52 0.77 0.52 0.52 0.52 0.51 1.48 1.48 1.48 1.48 0.51 0.51 0.51 0.00 0.00 0.00 0.00
0.00 0.00 0.00 0.00 0.00 0.00 0.00 0.00 0.00 0.00 0.00 0.00 0.00 0.00 0.00 0.00 0.00 0.00 0.00 0.00 0.00 0.00 0.00 0.00 0.00 0.00 0.00 0.00 0.00 0.00 0.00 0.00 0.00 0.00 0.00 0.00 0.00 0.00 0.00 0.00 0.00 0.00 0.00 0.00 0.00 0.00 0.00 0.00 0.00 1.60 1.76 1.76 0.53 0.77 0.77 0.77 0.52 0.52 0.52 0.52 0.52 1.43 0.52 0.52 0.52 0.52 0.52 0.52 0.77 1.44 0.52 0.52 0.51 1.48 1.42 1.48 1.48 0.51 0.51 0.51 0.00 0.00 0.00 0.00
0.00 0.00 0.00 0.00 0.00 0.00 0.00 0.00 0.00 0.00 0.00 0.00 0.00 0.00 0.00 0.00 0.00 0.00 0.00 0.00 0.00 0.00 0.00 0.00 0.00 0.00 0.00 0.00 0.00 0.00 0.00 0.00 0.00 0.00 0.00 0.00 0.00 0.00 0.00 0.00 0.00 0.00 0.00 0.00 0.00 0.00 0.00 0.00 1.60 0.53 0.53 1.76 0.53 0.53 0.53 0.53 0.52 0.52 0.52 0.52 0.52 0.52 0.52 0.52 0.52 0.52 0.52 0.52 1.51 0.77 0.52 0.52 0.51 1.41 1.42 1.42 1.48 1.48 0.51 0.51 0.00 0.00 0.00 0.00
