New_Model_Runs/7_FutureClimate_RCP85_out/post_prcessed_with_MFR/Monthly_summaries/actual_et_monthly_SEP.asc
NCOLS 700
NROWS 400
XLLCENTER 515000.000000
YLLCENTER 8409000.000000
CELLSIZE 50.000000
NODATA_value -999.000000
[rows 190 to 227 of 400, columns 252 to 335 of 700]
1.21 1.21 1.21 1.21 1.10 1.10 1.10 1.10 1.10 1.10 1.10 1.10 1.10 1.10 1.10 1.10 1.10 1.10 1.10 1.10 1.08 1.08 1.08 1.08 1.08 1.08 1.08 1.08 1.08 1.08 1.08 1.08 1.08 1.08 1.08 1.08 1.00 1.00 1.00 1.00 1.00 1.00 1.00 1.00 1.00 1.00 1.00 1.00 1.00 1.00 1.00 1.00 1.04 1.04 1.04 1.04 1.04 1.04 1.04 1.04 1.04 1.04 1.04 1.04 1.04 1.04 1.04 1.04 0.88 0.88 0.88 0.88 0.88 0.88 0.88 0.88 0.88 0.88 0.88 0.88 0.88 0.88 2.84 2.84
1.21 1.21 1.21 1.21 1.10 1.10 1.10 1.10 1.10 1.10 1.10 1.10 1.10 1.10 1.10 1.10 1.10 1.10 1.10 1.10 1.08 1.08 1.08 1.08 1.08 1.08 1.08 1.08 1.08 1.08 1.08 1.08 1.08 1.08 1.08 1.08 1.00 1.00 1.00 1.00 1.00 1.00 1.00 1.00 1.00 1.00 1.00 1.00 1.00 1.00 1.00 1.00 1.04 1.04 1.04 1.04 1.04 1.04 1.04 1.04 1.04 1.04 1.04 1.04 1.04 1.04 1.04 1.04 0.88 0.88 0.88 0.88 0.88 0.88 0.88 0.88 0.88 0.88 0.88 0.88 0.88 0.88 0.88 0.88
1.21 1.21 1.21 1.21 1.10 1.10 1.10 1.10 1.10 1.10 1.10 1.10 1.10 1.10 1.10 1.10 1.10 1.10 1.10 1.10 1.08 1.08 1.08 1.08 1.08 1.08 1.08 1.08 1.08 1.08 1.08 1.08 1.08 1.08 1.08 1.08 1.00 1.00 1.00 1.00 1.00 1.00 1.00 1.00 1.00 1.00 1.00 1.00 1.00 1.00 1.00 1.00 1.04 1.04 1.04 1.04 1.04 1.04 1.04 1.04 1.04 1.04 1.04 1.04 1.04 1.04 1.04 1.04 0.88 0.88 0.88 0.88 0.88 0.88 0.88 0.88 0.88 0.88 0.88 0.88 0.88 0.88 0.88 0.88
1.21 1.21 1.21 1.21 1.10 1.10 1.10 1.10 1.10 1.10 1.10 1.10 1.10 1.10 1.10 1.10 1.10 1.10 1.10 1.10 1.08 1.08 1.08 1.08 1.08 1.08 1.08 1.08 1.08 1.08 1.08 1.08 1.08 1.08 1.08 1.08 1.00 1.00 1.00 1.00 1.00 1.00 1.00 1.00 1.00 1.00 1.00 1.00 1.00 1.00 1.00 1.00 1.04 1.04 1.04 1.04 1.04 1.04 1.04 1.04 1.04 1.04 1.04 1.04 1.04 1.04 1.04 1.04 0.88 0.88 0.88 0.88 0.88 0.88 0.88 0.88 0.88 0.88 0.88 0.88 0.88 0.88 0.88 0.88
1.15 1.15 1.15 1.15 1.00 1.00 1.00 1.00 1.00 1.00 1.00 1.00 1.00 1.00 1.00 1.00 1.00 1.00 1.00 1.00 0.98 0.98 0.98 0.98 0.98 0.98 0.98 0.98 0.98 0.98 0.98 0.98 0.98 0.98 0.98 0.98 1.04 1.04 1.04 1.04 1.04 1.04 1.04 1.04 1.04 1.04 1.04 1.04 1.04 1.04 1.04 1.04 0.90 0.90 0.90 0.90 0.90 0.90 0.90 0.90 0.90 0.90 0.90 0.90 0.90 0.90 0.90 0.90 0.90 0.90 0.90 0.90 0.90 0.90 0.90 0.90 0.90 1.32 0.90 0.90 0.90 0.90 0.90 0.90
1.15 1.15 1.15 1.15 1.00 1.00 1.00 1.00 1.00 1.00 1.00 1.00 1.00 1.00 1.00 1.00 1.00 1.00 1.00 1.00 0.98 0.98 0.98 0.98 0.98 0.98 0.98 0.98 0.98 0.98 0.98 0.98 0.98 0.98 0.98 0.98 1.04 1.04 1.04 1.04 1.04 1.04 1.04 1.04 1.04 1.04 1.04 1.04 1.04 1.04 1.04 1.04 0.90 0.90 0.90 0.90 0.90 0.90 1.32 0.90 0.90 0.90 0.90 0.90 0.90 0.90 0.90 0.90 0.90 0.90 0.90 0.90 0.90 0.90 0.90 0.90 0.90 0.90 0.90 0.90 0.90 0.90 0.90 0.90
1.15 1.15 1.15 1.15 1.00 1.00 1.00 1.00 1.00 1.00 1.00 1.00 1.00 1.00 1.00 1.00 1.00 1.00 1.00 1.00 0.98 0.98 0.98 0.98 0.98 0.98 0.98 0.98 0.98 0.98 0.98 0.98 0.98 0.98 0.98 0.98 1.04 1.04 1.04 1.04 1.04 1.04 1.04 1.04 1.04 1.04 1.04 1.04 1.04 1.04 1.04 1.04 0.90 0.90 0.90 0.90 0.90 0.90 0.90 0.90 0.90 0.90 0.90 0.90 0.90 0.90 0.90 0.90 0.90 0.90 0.90 0.90 0.90 0.90 0.90 0.90 0.90 0.90 0.90 0.90 0.90 0.90 0.90 0.90
1.15 1.15 1.15 1.15 1.00 1.00 1.00 1.00 1.00 1.00 1.00 1.00 1.00 1.00 1.00 1.00 1.00 1.00 1.00 1.00 0.98 0.98 0.98 0.98 0.98 0.98 0.98 0.98 0.98 0.98 0.98 0.98 0.98 0.98 0.98 0.98 1.04 1.04 1.04 1.04 1.04 1.04 1.04 1.04 1.04 1.04 1.04 1.04 1.04 1.04 1.04 1.04 0.90 0.90 0.90 0.90 2.84 2.84 0.90 0.90 0.90 0.90 0.90 0.90 0.90 0.90 0.90 0.90 0.90 0.90 0.90 0.90 0.90 0.90 0.90 0.90 0.90 0.90 0.90 0.90 0.90 0.90 0.90 0.90
1.15 1.15 1.15 1.15 1.00 1.00 1.00 1.00 1.00 1.00 1.00 1.00 1.00 1.00 1.00 1.00 1.00 1.00 1.00 1.00 0.98 0.98 0.98 0.98 0.98 0.98 0.98 0.98 0.98 0.98 0.98 0.98 0.98 0.98 0.98 0.98 1.04 1.04 1.04 1.04 1.04 1.04 1.04 1.04 1.04 1.04 1.04 1.04 1.04 1.04 1.04 1.04 0.90 0.90 0.90 0.90 0.90 0.90 0.90 0.90 0.90 0.90 0.90 0.90 0.90 0.90 0.90 0.90 0.90 0.90 0.90 0.90 0.90 0.90 0.90 0.90 0.90 0.90 0.90 0.90 0.90 0.90 0.90 0.90
1.15 1.15 1.15 1.15 1.00 1.00 1.00 1.00 1.00 1.00 1.00 1.00 1.00 1.00 1.00 1.00 1.00 1.00 1.00 1.00 0.98 0.98 0.98 0.98 0.98 0.98 0.98 0.98 0.98 0.98 0.98 0.98 0.98 0.98 0.98 0.98 1.04 1.04 1.04 1.04 1.04 1.04 1.04 1.04 1.04 1.04 1.04 1.04 1.04 1.04 1.04 1.04 0.90 0.90 0.90 0.90 0.90 0.90 0.90 0.90 0.90 0.90 0.90 0.90 0.90 0.90 0.90 0.90 0.90 0.90 0.90 0.90 0.90 0.90 0.90 0.90 0.90 0.90 0.90 0.90 0.90 0.90 0.90 0.90
1.15 1.15 1.15 1.15 1.00 1.00 1.00 1.00 1.00 1.00 1.00 1.00 1.00 1.00 1.00 1.00 1.00 1.00 1.00 1.00 0.98 0.98 0.98 0.98 0.98 0.98 0.98 0.98 0.98 0.98 0.98 0.98 0.98 0.98 0.98 0.98 1.04 1.04 1.04 1.04 1.04 1.04 1.04 1.04 1.04 1.04 1.04 1.04 1.04 1.04 1.04 1.04 0.90 0.90 0.90 0.90 0.90 0.90 0.90 0.90 0.90 0.90 0.90 0.90 0.90 0.90 0.90 0.90 0.90 0.90 0.90 0.90 0.90 0.90 0.90 0.90 0.90 0.90 0.90 0.90 0.90 0.90 0.90 0.90
1.15 1.15 1.15 1.15 1.00 1.00 1.00 1.00 1.00 1.00 1.00 1.00 1.00 1.00 1.00 1.00 1.00 1.00 1.00 1.00 0.98 0.98 0.98 0.98 0.98 0.98 0.98 0.98 0.98 0.98 0.98 0.98 0.98 0.98 0.98 0.98 1.04 1.04 1.04 1.04 1.04 1.04 1.04 1.04 1.04 1.04 1.04 1.04 1.04 1.04 1.04 1.04 0.90 0.90 0.90 0.90 0.90 0.90 0.90 0.90 0.90 0.90 0.90 0.90 0.90 0.90 0.90 0.90 0.90 0.90 0.90 0.90 0.90 0.90 0.90 0.90 0.90 0.90 0.90 0.90 0.90 0.90 0.90 0.90
1.15 1.15 1.15 1.15 1.00 1.00 1.00 1.00 1.00 1.00 1.00 1.00 1.00 1.00 1.00 1.00 1.00 1.00 1.00 1.00 0.98 0.98 0.98 0.98 0.98 0.98 0.98 0.98 0.98 0.98 0.98 0.98 0.98 0.98 0.98 0.98 1.04 1.04 1.04 1.04 1.04 1.04 1.04 1.04 1.04 1.04 1.04 1.04 1.04 1.04 1.04 1.04 0.90 0.90 0.90 0.90 0.90 0.90 0.90 0.90 0.90 0.90 0.90 0.90 0.90 0.90 0.90 0.90 0.90 0.90 0.90 0.90 0.90 0.90 0.90 0.90 0.90 0.90 0.90 0.90 0.90 0.90 0.90 0.90
1.15 1.15 1.15 1.15 1.00 1.00 1.00 1.00 1.00 1.00 1.00 1.00 1.00 1.00 1.00 1.00 1.00 1.00 1.00 1.00 0.98 0.98 0.98 0.98 0.98 0.98 0.98 0.98 0.98 0.98 0.98 0.98 0.98 0.98 0.98 0.98 1.04 1.04 1.04 1.04 1.04 1.04 1.04 1.04 1.04 1.04 1.04 1.04 1.04 1.04 1.04 1.04 0.90 0.90 0.90 0.90 0.90 0.90 0.90 0.90 0.90 0.90 0.90 0.90 0.90 0.90 0.90 0.90 0.90 0.90 0.90 0.90 0.90 0.90 0.90 0.90 0.90 0.90 0.90 0.90 0.90 0.90 0.90 0.90
1.15 1.15 1.15 1.15 1.00 1.00 1.00 1.00 1.00 1.00 1.00 1.00 1.00 1.00 1.00 1.00 1.00 1.00 1.00 1.00 0.98 0.98 0.98 0.98 0.98 0.98 0.98 0.98 0.98 0.98 0.98 0.98 0.98 0.98 0.98 0.98 1.04 1.04 1.04 1.04 1.04 1.04 1.04 1.04 1.04 1.04 1.04 1.04 1.04 1.04 1.04 1.04 0.90 0.90 0.90 0.90 0.90 0.90 0.90 0.90 0.90 0.90 0.90 0.90 0.90 0.90 0.90 0.90 0.90 0.90 0.90 0.90 0.90 0.90 0.90 0.90 0.90 0.90 0.90 0.90 0.90 0.90 0.90 0.90
1.15 1.15 1.15 1.15 1.00 1.00 1.00 1.00 1.00 1.00 1.00 1.00 1.00 1.00 1.00 1.00 1.00 1.00 1.00 1.00 0.98 0.98 0.98 0.98 0.98 0.98 0.98 0.98 0.98 0.98 0.98 0.98 0.98 0.98 0.98 0.98 1.04 1.04 1.04 1.04 1.04 1.04 1.04 1.04 1.04 1.04 1.04 1.04 1.04 1.04 1.04 1.04 0.90 0.90 0.90 0.90 0.90 0.90 0.90 0.90 0.90 0.90 0.90 0.90 0.90 0.90 0.90 0.90 0.90 0.90 0.90 0.90 0.90 0.90 0.90 0.90 0.90 0.90 0.90 0.90 0.90 0.90 0.90 0.90
1.15 1.15 1.15 1.15 1.00 1.00 1.00 1.00 1.00 1.00 1.00 1.00 1.00 1.00 1.00 1.00 1.00 1.00 1.00 1.00 0.98 0.98 0.98 0.98 0.98 0.98 0.98 0.98 0.98 0.98 0.98 0.98 0.98 0.98 0.98 0.98 1.04 1.04 1.04 1.04 1.04 1.04 1.04 1.04 1.04 1.04 1.04 1.04 1.04 1.04 1.04 1.04 0.90 0.90 0.90 0.90 0.90 0.90 0.90 0.90 0.90 0.90 0.90 0.90 0.90 0.90 0.90 0.90 0.90 0.90 0.90 0.90 0.90 0.90 0.90 0.90 0.90 0.90 0.90 0.90 0.90 0.90 0.90 0.90
1.15 1.15 1.15 1.15 1.00 1.00 1.00 1.00 1.00 1.00 1.00 1.00 1.00 1.00 1.00 1.00 1.00 1.00 1.00 1.00 0.98 0.98 0.98 0.98 0.98 0.98 0.98 0.98 0.98 0.98 0.98 0.98 0.98 0.98 0.98 0.98 1.04 1.04 1.04 1.04 1.04 1.04 1.04 1.04 1.04 1.04 1.04 1.04 1.04 1.04 1.04 1.04 0.90 0.90 0.90 0.90 0.90 0.90 0.90 0.90 0.90 0.90 0.90 0.90 0.90 0.90 0.90 0.90 0.90 0.90 0.90 0.90 0.90 0.90 0.90 0.90 0.90 0.90 0.90 0.90 0.90 0.90 0.90 0.90
1.15 1.15 1.15 1.15 1.00 1.00 1.00 1.00 1.00 1.00 1.00 1.00 1.00 1.00 1.00 1.00 1.00 1.00 1.00 1.00 0.98 0.98 0.98 0.98 0.98 0.98 0.98 0.98 0.98 0.98 0.98 0.98 0.98 0.98 0.98 0.98 1.04 1.04 1.04 1.04 1.04 1.04 1.04 1.04 1.04 1.04 1.04 1.04 1.04 1.04 1.04 1.04 0.90 0.90 0.90 0.90 0.90 0.90 0.90 0.90 0.90 0.90 0.90 0.90 0.90 0.90 0.90 0.90 0.90 0.90 0.90 0.90 0.90 0.90 0.90 2.70 0.90 0.90 0.90 0.90 0.90 0.90 0.90 0.90
1.15 1.15 1.15 1.15 1.00 1.00 1.00 1.00 1.00 1.00 1.00 1.00 1.00 1.00 1.00 1.00 1.00 1.00 1.00 1.00 0.98 0.98 0.98 0.98 0.98 0.98 0.98 0.98 0.98 0.98 0.98 0.98 0.98 0.98 0.98 0.98 1.04 1.04 1.04 1.04 1.04 1.04 1.04 1.04 1.04 1.04 1.04 1.04 1.04 1.04 1.04 1.04 0.90 0.90 0.90 0.90 0.90 0.90 0.90 0.90 0.90 0.90 0.90 0.90 0.90 0.90 0.90 0.90 0.90 0.90 0.90 0.90 0.90 3.38 0.90 2.70 0.90 0.90 0.90 0.90 0.90 0.90 0.90 0.90
1.01 1.01 1.01 1.01 0.93 0.93 0.93 0.93 0.93 0.93 0.93 0.93 0.93 0.93 0.93 0.93 0.93 0.93 0.93 0.93 1.07 1.07 1.07 1.07 1.07 1.07 1.07 1.07 1.07 1.07 1.07 1.07 1.07 1.07 1.07 1.07 1.06 1.06 1.06 1.06 1.06 1.06 1.06 1.06 1.06 1.06 1.06 1.06 1.06 1.06 1.06 1.06 0.98 0.98 0.98 0.98 0.98 0.98 0.98 0.98 0.98 3.11 0.98 0.98 0.98 0.98 0.98 0.98 1.02 1.02 2.25 2.25 2.25 3.20 2.76 2.78 1.02 1.02 1.02 1.02 1.02 1.02 1.02 1.02
1.01 1.01 1.01 1.01 0.93 0.93 0.93 0.93 0.93 0.93 0.93 0.93 0.93 0.93 0.93 0.93 0.93 0.93 0.93 0.93 1.07 1.07 1.07 1.07 1.07 1.07 1.07 1.07 1.07 1.07 1.07 1.07 1.07 1.07 1.07 1.07 1.06 1.06 1.06 1.06 1.06 1.06 1.06 1.06 1.06 1.06 1.06 1.06 1.06 1.06 1.06 1.06 0.98 0.98 0.98 0.98 0.98 0.98 0.98 0.98 0.98 0.98 0.98 3.11 0.98 0.98 0.98 0.98 1.02 1.02 2.78 2.76 2.76 1.02 1.02 1.02 1.02 1.02 1.02 1.02 1.02 1.02 1.02 1.02
1.01 1.01 1.01 1.01 0.93 0.93 0.93 0.93 0.93 0.93 0.93 0.93 0.93 0.93 0.93 0.93 0.93 0.93 0.93 0.93 1.07 1.07 1.07 1.07 1.07 1.07 1.07 1.07 1.07 1.07 1.07 1.07 1.07 1.07 1.07 1.07 1.06 1.06 1.06 1.06 1.06 1.06 1.06 1.06 1.06 1.06 1.06 1.06 1.06 1.06 1.06 1.06 0.98 0.98 0.98 0.98 0.98 0.98 0.98 0.98 0.98 0.98 0.98 1.44 3.11 0.98 0.98 3.27 2.78 1.02 3.20 2.78 3.20 2.76 1.02 1.02 1.02 1.02 1.02 1.02 1.02 1.02 1.02 1.02
1.01 1.01 1.01 1.01 0.93 0.93 0.93 0.93 0.93 0.93 0.93 0.93 0.93 0.93 0.93 0.93 0.93 0.93 0.93 0.93 1.07 1.07 1.07 1.07 1.07 1.07 1.07 1.07 1.07 1.07 1.07 1.07 1.07 1.07 1.07 1.07 1.06 1.06 1.06 1.06 1.06 1.06 1.06 1.06 1.06 1.06 1.06 1.06 1.06 1.06 1.06 1.06 0.98 0.98 0.98 0.98 0.98 0.98 0.98 0.98 0.98 0.98 0.98 0.98 3.11 0.98 0.98 3.27 3.36 3.20 3.20 2.78 2.76 2.76 1.02 1.02 1.02 1.02 1.02 1.02 1.02 1.02 1.02 1.02
1.01 1.01 1.01 1.01 0.93 0.93 0.93 0.93 0.93 0.93 0.93 0.93 0.93 0.93 0.93 0.93 0.93 0.93 0.93 0.93 1.07 1.07 1.07 1.07 1.07 1.07 1.07 1.07 1.07 1.07 1.07 1.07 1.07 1.07 1.07 1.07 1.06 1.06 1.06 1.06 1.06 1.06 1.06 1.06 1.06 1.06 1.06 1.06 1.06 1.06 1.06 1.06 0.98 0.98 0.98 0.98 0.98 0.98 0.98 0.98 0.98 0.98 0.98 1.44 0.98 0.98 0.98 0.98 3.36 3.99 3.99 2.75 2.76 1.02 1.02 1.02 1.02 1.02 1.02 1.02 1.02 1.02 1.02 1.02
1.01 1.01 1.01 1.01 0.93 0.93 0.93 0.93 0.93 0.93 0.93 0.93 0.93 0.93 0.93 0.93 0.93 0.93 0.93 0.93 1.07 1.07 1.07 1.07 1.07 1.07 1.07 1.07 1.07 1.07 1.07 1.07 1.07 1.07 1.07 1.07 1.06 1.06 1.06 1.06 1.06 1.06 1.06 1.06 1.06 1.06 1.06 1.06 1.06 1.06 1.06 1.06 0.98 0.98 0.98 0.98 0.98 0.98 0.98 0.98 0.98 0.98 0.98 0.98 2.98 0.98 0.98 0.98 1.02 3.09 3.99 3.09 2.75 1.02 2.79 1.02 1.02 1.02 1.02 1.02 1.02 1.02 1.02 1.02
1.01 1.01 1.01 1.01 0.93 0.93 0.93 0.93 0.93 0.93 0.93 0.93 0.93 0.93 0.93 0.93 0.93 0.93 0.93 0.93 1.07 1.07 1.07 1.07 1.07 1.07 1.07 1.07 1.07 1.07 1.07 1.07 1.07 1.07 1.07 1.07 1.06 1.06 1.06 1.06 1.06 1.06 1.06 1.06 1.06 1.06 1.06 1.06 1.06 3.36 1.06 1.06 0.98 0.98 0.98 0.98 0.98 0.98 0.98 0.98 0.98 0.98 0.98 0.98 2.98 2.98 3.26 3.27 3.38 3.09 3.99 3.99 3.09 3.39 2.78 1.02 1.02 1.02 1.02 1.02 1.02 1.02 1.02 1.02
1.01 1.01 1.01 1.01 0.93 0.93 0.93 0.93 0.93 0.93 0.93 0.93 0.93 0.93 0.93 0.93 0.93 0.93 0.93 0.93 1.07 1.07 1.07 1.07 1.07 1.07 3.55 1.07 1.07 1.07 1.07 1.07 1.07 1.07 1.07 1.07 1.06 1.06 1.06 1.06 1.06 1.06 1.06 1.06 1.06 1.06 1.06 1.06 1.55 1.06 1.06 1.06 0.98 0.98 0.98 0.98 0.98 0.98 0.98 0.98 0.98 0.98 0.98 0.98 2.98 2.98 2.98 2.98 3.09 3.99 3.99 4.01 2.49 3.39 3.39 1.02 1.02 1.02 1.02 1.02 1.02 1.02 1.02 1.02
1.01 1.01 1.01 1.01 0.93 0.93 0.93 0.93 0.93 0.93 0.93 0.93 0.93 2.93 0.93 0.93 0.93 0.93 0.93 0.93 1.07 1.07 1.07 3.57 3.57 1.07 1.07 1.07 1.07 1.07 1.07 1.07 1.07 1.07 1.07 1.07 1.06 1.06 1.06 1.06 1.06 1.06 1.06 1.06 1.06 1.06 1.06 1.06 1.06 1.06 1.06 1.06 0.98 0.98 0.98 0.98 0.98 0.98 0.98 0.98 0.98 0.98 0.98 1.44 2.98 3.28 3.28 3.87 3.09 4.01 3.99 3.99 3.99 3.39 3.99 3.10 2.40 3.35 1.02 1.02 1.02 2.99 3.20 2.27
1.01 1.01 1.01 1.01 0.93 0.93 0.93 0.93 0.93 0.93 0.93 0.93 0.93 2.81 2.81 3.09 0.93 0.93 0.93 0.93 1.07 3.40 3.40 3.57 3.57 1.07 1.07 1.07 1.57 1.07 1.07 1.07 1.07 1.07 1.07 3.55 3.48 3.50 1.06 1.06 1.06 1.06 1.06 1.06 1.06 1.06 1.06 1.06 1.06 1.06 1.06 1.06 0.98 0.98 0.98 0.98 0.98 0.98 0.98 0.98 0.98 0.98 0.98 0.98 2.98 2.98 3.87 3.87 3.39 3.99 3.99 3.99 3.99 3.99 2.40 2.40 2.40 2.40 2.40 3.10 2.40 3.10 2.40 3.10
1.01 1.01 1.01 1.01 0.93 0.93 0.93 0.93 0.93 0.93 0.93 0.93 0.93 2.81 3.09 3.09 0.93 0.93 0.93 0.93 1.07 3.40 3.57 3.57 3.52 3.52 3.26 1.07 1.07 1.07 1.07 1.07 1.07 1.07 1.07 1.07 0.32 4.08 1.06 1.06 1.06 1.06 1.06 1.06 1.06 1.06 1.06 1.06 1.06 1.06 1.06 1.06 0.98 0.98 0.98 0.98 0.98 0.98 0.98 1.44 1.44 0.98 0.98 0.98 1.44 3.28 3.87 1.16 3.39 3.39 3.99 3.99 3.99 2.40 2.40 2.40 3.10 3.10 3.35 0.00 2.40 3.10 2.40 2.40
1.01 1.01 1.01 1.01 0.93 0.93 0.93 0.93 0.93 0.93 0.93 0.93 0.93 2.81 0.93 0.93 0.93 0.93 0.93 0.93 1.07 3.57 3.57 3.57 3.52 4.14 4.14 1.07 1.07 1.07 1.07 1.07 1.07 1.07 1.07 1.07 1.06 2.55 3.48 1.06 1.06 1.06 1.06 1.06 1.06 1.06 1.06 1.06 1.06 1.06 1.06 1.06 0.98 0.98 2.98 2.98 3.11 0.98 1.44 3.11 3.11 3.11 0.98 0.98 0.98 3.28 3.87 2.45 1.20 2.49 2.49 2.49 3.10 2.40 3.10 3.10 3.10 3.10 3.10 0.00 0.00 0.00 3.10 3.10
1.01 1.01 1.01 1.01 0.93 0.93 0.93 0.93 0.93 0.93 0.93 0.93 3.09 3.09 0.93 0.93 0.93 0.93 0.93 0.93 1.07 1.07 3.57 3.57 4.14 4.14 3.26 1.07 1.07 1.07 1.07 1.07 1.57 1.07 1.07 1.07 3.21 2.55 3.48 1.06 1.06 1.55 1.06 1.06 1.06 1.06 1.06 1.06 1.06 1.06 1.06 3.50 0.98 0.98 2.98 3.26 3.28 2.98 1.44 3.11 3.11 3.11 0.98 0.98 0.98 3.26 3.87 3.87 2.49 4.01 2.49 2.40 3.10 3.10 2.74 2.74 3.10 2.69 0.00 0.00 0.00 0.00 0.00 1.02
1.01 1.01 1.01 1.01 0.93 0.93 0.93 1.36 0.93 0.93 0.93 2.81 3.09 3.09 0.93 0.93 0.93 0.93 0.93 0.93 1.07 1.07 1.07 4.21 4.14 3.52 1.07 1.07 1.07 1.07 1.07 1.07 1.57 1.07 1.57 1.07 1.06 1.06 2.55 4.08 3.21 3.21 1.55 1.06 1.06 1.06 1.06 1.06 1.06 1.06 1.06 3.50 0.98 3.27 2.98 3.87 2.98 2.98 3.87 3.86 3.11 1.44 3.11 0.98 2.98 3.28 3.87 3.87 1.20 2.49 3.10 3.10 2.69 2.74 3.10 3.10 3.10 2.69 0.00 0.00 0.00 0.00 0.00 0.00
1.01 1.01 1.01 1.01 0.93 0.93 0.93 0.93 0.93 2.93 0.93 3.09 3.09 3.09 0.93 0.93 0.93 0.93 0.93 0.93 1.07 1.07 3.57 4.21 3.52 1.07 1.07 1.07 1.07 1.07 1.07 1.07 1.57 3.58 3.58 1.07 1.06 1.06 3.50 1.23 3.48 3.21 3.21 1.06 1.06 1.06 1.06 1.06 1.06 1.06 1.06 3.50 3.27 3.27 3.87 3.87 3.87 1.16 3.87 2.98 3.11 3.11 3.87 2.45 2.45 3.87 3.87 3.87 3.39 3.10 2.74 2.74 2.69 3.10 3.10 2.69 3.10 3.10 0.00 0.00 0.00 0.00 0.00 0.00
1.01 1.01 1.01 1.01 0.93 0.93 0.93 0.93 2.93 3.09 2.81 3.09 0.93 2.93 0.93 0.93 0.93 0.93 0.93 0.93 1.07 1.07 4.14 4.14 4.14 1.07 1.07 1.07 1.07 1.07 1.07 3.58 1.07 3.58 3.58 1.07 1.06 1.06 1.06 4.12 4.14 4.08 4.08 1.06 1.06 1.06 1.06 1.06 1.06 1.06 1.06 1.06 0.98 3.27 3.84 3.87 3.87 3.87 2.45 2.45 3.26 3.86 2.45 2.45 2.45 2.98 3.28 3.87 2.69 2.69 2.74 2.83 2.74 3.10 2.69 3.10 3.10 3.10 2.69 0.00 0.00 0.00 0.00 0.00
1.02 1.02 1.02 1.02 0.92 0.92 0.92 0.92 0.92 3.05 3.05 0.92 1.34 1.34 1.34 0.92 0.92 0.92 0.92 0.92 1.09 1.09 4.16 4.16 4.16 1.09 1.09 1.09 1.09 1.09 1.09 3.63 3.63 3.63 3.63 1.09 0.95 0.95 0.95 0.95 3.74 3.76 3.76 2.90 2.90 0.95 0.95 0.95 3.02 0.95 1.40 3.02 1.04 3.44 3.41 3.46 4.07 4.07 2.52 2.52 4.11 3.46 2.52 2.52 3.17 3.17 3.46 2.84 1.86 1.97 2.32 2.32 1.97 2.32 2.42 1.86 1.97 1.86 1.86 0.00 0.00 0.00 0.00 0.00
1.02 1.02 1.02 1.02 0.92 0.92 0.92 0.92 0.92 3.05 3.05 3.05 2.90 2.90 1.34 0.92 0.92 0.92 0.92 3.05 1.09 1.09 3.55 3.55 1.09 1.09 1.09 1.09 1.09 1.09 1.09 3.63 3.63 3.63 3.63 3.63 0.95 0.95 0.95 3.17 3.74 3.76 3.76 0.95 0.95 0.95 0.95 0.95 1.40 3.18 3.02 3.02 3.31 3.44 3.41 2.52 2.52 2.52 1.22 4.07 2.52 3.46 2.52 2.52 2.52 4.11 3.17 3.31 1.86 1.94 1.86 2.42 1.97 2.32 2.32 2.32 2.42 2.42 0.00 0.00 0.00 0.00 0.00 0.00
