New_Model_Runs/7_FutureClimate_RCP85_out/post_prcessed_with_MFR/Monthly_summaries/actual_et_monthly_APR.asc
NCOLS 700
NROWS 400
XLLCENTER 515000.000000
YLLCENTER 8409000.000000
CELLSIZE 50.000000
NODATA_value -999.000000
[rows 152 to 189 of 400, columns 336 to 419 of 700]
3.93 3.25 1.13 1.13 1.13 3.30 3.44 3.44 3.44 1.13 1.13 1.13 1.13 1.13 1.13 1.13 1.10 1.10 1.10 1.10 1.10 1.10 1.10 1.10 1.10 1.10 1.30 3.29 3.29 3.29 3.29 3.29 3.22 3.22 3.22 4.21 4.21 3.25 3.25 1.07 1.07 3.25 4.21 3.57 3.57 3.39 3.07 3.07 3.04 0.00 0.00 0.00 0.00 0.00 0.00 0.00 0.00 0.00 0.00 0.00 0.00 0.00 0.00 0.00 0.00 0.00 0.00 0.00 0.00 0.00 0.00 0.00 0.00 0.00 0.00 0.00 0.00 0.00 0.00 0.00 0.00 0.00 0.00 0.00
3.93 3.93 3.93 3.44 3.44 3.44 3.44 1.13 3.44 1.13 1.13 1.13 1.13 1.13 1.13 1.13 1.10 1.10 1.10 1.10 1.10 1.10 1.10 1.10 1.10 4.34 4.34 4.34 1.30 4.34 3.29 1.30 4.21 4.21 4.21 4.21 4.21 4.21 3.57 1.07 1.07 3.25 4.21 4.21 4.21 3.07 3.07 3.07 3.04 0.00 0.00 0.00 0.00 0.00 0.00 0.00 0.00 0.00 0.00 0.00 0.00 0.00 0.00 0.00 0.00 0.00 0.00 0.00 0.00 0.00 0.00 0.00 0.00 0.00 0.00 0.00 0.00 0.00 0.00 0.00 0.00 0.00 0.00 0.00
4.00 3.39 3.39 4.00 4.00 3.30 1.13 1.13 1.13 1.13 1.13 1.13 1.13 1.13 1.13 1.13 1.10 1.10 1.10 1.10 1.10 1.10 1.10 1.10 1.10 1.10 1.10 1.10 4.34 4.34 4.34 4.34 3.22 4.21 4.21 4.21 4.21 3.57 3.57 3.25 1.07 3.25 3.25 4.21 3.07 4.21 4.21 4.21 3.04 4.17 0.00 0.00 0.00 0.00 0.00 0.00 0.00 0.00 0.00 0.00 0.00 0.00 0.00 0.00 0.00 0.00 0.00 0.00 0.00 0.00 0.00 0.00 0.00 0.00 0.00 0.00 0.00 0.00 0.00 0.00 0.00 0.00 0.00 0.00
1.13 3.44 3.39 3.44 3.44 3.44 3.44 1.13 1.13 1.13 1.13 1.13 1.13 1.13 1.13 1.13 1.10 1.10 1.10 1.10 1.10 1.10 1.10 1.10 1.10 1.10 1.10 1.10 3.34 3.68 3.29 4.33 4.21 4.21 4.21 3.57 3.25 3.25 3.25 1.07 3.25 3.57 3.07 4.21 3.07 3.07 4.21 4.21 3.04 4.17 0.00 0.00 0.00 0.00 0.00 0.00 0.00 0.00 0.00 0.00 0.00 0.00 0.00 0.00 0.00 0.00 0.00 0.00 0.00 0.00 0.00 0.00 0.00 0.00 0.00 0.00 0.00 0.00 0.00 0.00 0.00 0.00 0.00 0.00
4.00 3.44 3.44 3.44 1.13 1.13 1.13 1.13 1.13 1.13 1.13 1.13 1.13 1.13 1.13 1.13 1.10 1.10 1.10 1.10 1.10 1.10 1.10 1.10 1.10 1.10 1.10 1.10 3.67 4.33 3.34 4.33 4.21 4.21 4.21 3.57 3.57 1.07 1.07 1.07 3.25 3.25 3.07 4.21 4.21 3.07 4.21 3.07 3.04 3.04 0.00 0.00 0.00 0.00 0.00 0.00 0.00 0.00 0.00 0.00 0.00 0.00 0.00 0.00 0.00 0.00 0.00 0.00 0.00 0.00 0.00 0.00 0.00 0.00 0.00 0.00 0.00 0.00 0.00 0.00 0.00 0.00 0.00 0.00
3.44 3.44 1.13 3.44 1.13 1.13 1.13 1.13 1.13 1.13 1.13 1.13 1.13 1.13 1.13 1.13 1.10 1.10 1.10 1.10 1.10 1.10 1.10 1.10 1.10 1.10 1.10 3.67 3.67 1.10 3.34 4.33 4.21 3.25 3.57 3.57 1.07 1.07 1.07 1.07 3.25 3.57 4.21 3.07 1.26 3.07 3.07 4.21 1.25 3.04 3.04 0.00 0.00 0.00 0.00 0.00 0.00 0.00 0.00 0.00 0.00 0.00 0.00 0.00 0.00 0.00 0.00 0.00 0.00 0.00 0.00 0.00 0.00 0.00 0.00 0.00 0.00 0.00 0.00 0.00 0.00 0.00 0.00 0.00
1.13 3.44 1.13 1.13 1.13 1.13 1.13 3.44 3.44 1.13 1.13 1.13 1.13 1.13 1.13 1.13 1.10 1.10 1.10 1.10 1.10 1.10 1.10 1.10 1.10 1.10 1.10 1.10 1.10 1.10 3.34 3.34 3.25 3.25 1.07 3.25 1.07 1.07 1.07 1.07 1.07 1.07 3.07 3.07 4.21 4.21 3.07 3.07 3.04 3.04 4.17 0.00 0.00 0.00 0.00 0.00 0.00 0.00 0.00 0.00 0.00 0.00 0.00 0.00 0.00 0.00 0.00 0.00 0.00 0.00 0.00 0.00 0.00 0.00 0.00 0.00 0.00 0.00 0.00 0.00 0.00 0.00 0.00 0.00
1.13 1.13 3.44 1.13 1.13 1.13 3.44 3.44 3.44 1.13 1.13 1.13 1.13 1.13 1.13 1.13 1.10 1.10 1.10 1.10 1.10 1.10 1.10 1.10 1.10 1.10 1.10 1.10 1.10 1.10 3.67 1.10 1.07 1.07 1.07 1.07 1.07 1.07 1.07 1.07 1.07 3.25 3.07 4.21 4.21 4.21 3.07 3.07 3.04 3.04 3.04 0.00 0.00 0.00 0.00 0.00 0.00 0.00 0.00 0.00 0.00 0.00 0.00 0.00 0.00 0.00 0.00 0.00 0.00 0.00 0.00 0.00 0.00 0.00 0.00 0.00 0.00 0.00 0.00 0.00 0.00 0.00 0.00 0.00
1.13 1.13 3.44 1.13 1.13 1.13 3.44 3.44 1.13 1.13 1.13 1.13 1.13 1.13 1.13 1.13 1.10 1.10 1.10 1.10 1.10 1.10 1.10 1.10 1.10 1.10 1.10 1.10 1.10 1.10 1.10 1.10 1.07 1.07 1.07 1.07 1.07 1.07 1.07 1.07 1.07 4.21 4.21 3.25 3.25 4.21 3.25 4.21 3.22 3.22 3.04 3.04 0.00 0.00 0.00 0.00 0.00 0.00 0.00 0.00 0.00 0.00 0.00 0.00 0.00 0.00 0.00 0.00 0.00 0.00 0.00 0.00 0.00 0.00 0.00 0.00 0.00 0.00 0.00 0.00 0.00 0.00 0.00 0.00
1.13 3.44 3.44 1.13 1.13 1.13 3.44 3.44 3.44 1.13 1.13 3.48 1.13 1.13 1.13 1.13 1.10 1.10 1.10 1.10 1.10 1.10 1.10 1.10 1.10 1.10 1.10 1.10 1.10 1.10 1.10 1.10 1.07 1.07 1.07 1.07 1.07 1.07 1.07 1.07 3.57 3.57 3.57 3.25 3.25 3.25 3.25 3.25 3.22 3.22 3.22 4.17 3.04 3.04 3.04 3.04 0.00 0.00 0.00 0.00 0.00 0.00 0.00 0.00 0.00 0.00 0.00 0.00 0.00 0.00 0.00 0.00 0.00 0.00 0.00 0.00 0.00 0.00 0.00 0.00 0.00 0.00 0.00 0.00
0.98 0.98 0.98 0.98 0.98 0.98 0.98 0.98 3.10 0.98 0.98 0.98 0.98 0.98 0.98 0.98 0.90 0.90 0.90 0.90 0.90 0.90 0.90 0.90 0.90 0.90 0.90 0.90 0.90 0.90 0.90 0.90 1.06 1.06 1.06 1.06 1.06 1.06 1.06 1.06 1.06 1.06 1.06 3.23 3.23 1.06 1.06 1.06 1.07 3.25 3.25 4.21 4.21 3.06 3.06 3.06 3.06 3.06 3.06 3.06 0.00 0.00 0.00 0.00 0.00 0.00 0.00 0.00 0.00 0.00 0.00 0.00 0.00 0.00 0.00 0.00 0.00 0.00 0.00 0.00 0.00 0.00 0.00 0.00
0.98 0.98 0.98 0.98 0.98 0.98 0.98 0.98 0.98 0.98 0.98 0.98 0.98 0.98 0.98 0.98 0.90 0.90 0.90 0.90 0.90 0.90 0.90 0.90 0.90 0.90 0.90 0.90 0.90 0.90 0.90 0.90 1.06 1.06 1.06 1.06 1.06 1.06 1.06 1.06 1.06 1.06 1.06 1.06 1.06 1.06 1.06 1.06 1.07 1.07 1.07 4.21 1.57 4.21 3.06 3.06 3.06 1.07 1.07 1.26 4.21 0.00 0.00 0.00 0.00 0.00 0.00 0.00 0.00 0.00 0.00 0.00 0.00 0.00 0.00 0.00 0.00 0.00 0.00 0.00 0.00 0.00 0.00 0.00
0.98 0.98 0.98 0.98 0.98 0.98 0.98 0.98 0.98 0.98 0.98 0.98 0.98 0.98 0.98 0.98 0.90 0.90 0.90 0.90 0.90 0.90 0.90 0.90 0.90 0.90 0.90 0.90 0.90 0.90 0.90 0.90 1.06 1.06 1.06 1.06 1.06 1.06 1.06 1.06 1.06 1.06 1.06 1.06 1.06 1.06 1.06 1.06 1.07 1.07 3.25 4.21 3.57 4.21 3.06 3.06 1.07 1.07 1.07 1.07 3.06 4.21 3.06 0.00 0.00 0.00 0.00 0.00 0.00 0.00 0.00 0.00 0.00 0.00 0.00 0.00 0.00 0.00 0.00 0.00 0.00 0.00 0.00 0.00
0.98 0.98 0.98 0.98 0.98 0.98 0.98 0.98 0.98 0.98 0.98 0.98 0.98 0.98 0.98 0.98 0.90 0.90 0.90 0.90 0.90 0.90 0.90 0.90 0.90 0.90 0.90 0.90 0.90 0.90 0.90 0.90 1.06 1.06 1.06 1.06 1.06 1.06 1.06 1.06 1.06 1.06 1.06 1.06 1.06 1.06 1.06 1.06 1.07 3.25 3.25 4.21 3.57 3.06 1.26 4.21 1.07 1.07 1.07 1.07 1.07 1.07 1.07 1.07 0.00 0.00 0.00 0.00 0.00 0.00 0.00 0.00 0.00 0.00 0.00 0.00 0.00 0.00 0.00 0.00 0.00 0.00 0.00 0.00
0.98 0.98 0.98 0.98 0.98 0.98 0.98 0.98 0.98 0.98 0.98 0.98 0.98 0.98 0.98 0.98 0.90 0.90 0.90 0.90 0.90 0.90 0.90 0.90 0.90 0.90 0.90 0.90 0.90 0.90 0.90 0.90 1.06 1.06 1.06 1.06 1.06 1.06 1.06 1.06 1.06 1.06 1.06 1.06 1.06 1.06 1.06 1.06 1.07 3.57 3.57 3.57 4.21 3.25 3.25 3.25 1.07 1.07 1.07 1.07 1.07 1.07 1.07 1.07 0.00 0.00 0.00 0.00 0.00 0.00 0.00 0.00 0.00 0.00 0.00 0.00 0.00 0.00 0.00 0.00 0.00 0.00 0.00 0.00
0.98 0.98 0.98 0.98 0.98 0.98 0.98 0.98 0.98 0.98 0.98 0.98 0.98 0.98 0.98 0.98 0.90 0.90 0.90 0.90 0.90 0.90 0.90 0.90 0.90 0.90 0.90 0.90 0.90 0.90 0.90 0.90 1.06 1.06 1.06 1.06 1.06 1.06 1.06 1.06 1.06 1.06 1.06 1.06 1.06 1.06 1.06 1.06 3.25 3.25 1.57 3.57 3.25 3.25 3.25 3.25 1.07 1.07 1.07 3.25 3.57 1.07 3.25 1.07 0.00 0.00 0.00 0.00 0.00 0.00 0.00 0.00 0.00 0.00 0.00 0.00 0.00 0.00 0.00 0.00 0.00 0.00 0.00 0.00
0.98 0.98 0.98 0.98 0.98 0.98 0.98 0.98 0.98 0.98 0.98 0.98 0.98 0.98 0.98 0.98 0.90 0.90 0.90 0.90 0.90 0.90 0.90 0.90 0.90 0.90 0.90 0.90 0.90 0.90 0.90 0.90 1.06 1.06 1.06 1.06 1.06 1.06 1.06 1.06 3.37 3.23 1.56 1.06 1.06 1.06 1.06 1.06 1.07 3.25 1.07 1.07 1.07 1.07 1.07 1.07 1.07 1.07 1.07 3.25 3.57 3.06 0.00 0.00 0.00 0.00 0.00 0.00 0.00 0.00 0.00 0.00 0.00 0.00 0.00 0.00 0.00 0.00 0.00 0.00 0.00 0.00 0.00 0.00
0.98 0.98 0.98 0.98 0.98 0.98 0.98 0.98 0.98 0.98 0.98 0.98 0.98 0.98 0.98 0.98 0.90 0.90 0.90 0.90 0.90 0.90 0.90 0.90 0.90 0.90 0.90 0.90 0.90 0.90 0.90 0.90 1.06 1.06 1.06 1.06 1.06 1.06 1.06 1.06 3.55 1.06 1.56 1.06 1.06 1.06 1.06 1.06 1.07 1.07 1.07 1.07 1.07 1.07 1.07 3.25 3.25 3.25 3.25 3.25 0.00 0.00 0.00 0.00 0.00 0.00 0.00 0.00 0.00 0.00 0.00 0.00 0.00 0.00 0.00 0.00 0.00 0.00 0.00 0.00 0.00 0.00 0.00 0.00
0.98 0.98 0.98 0.98 0.98 0.98 0.98 0.98 0.98 0.98 0.98 0.98 0.98 0.98 0.98 0.98 0.90 0.90 0.90 0.90 0.90 0.90 0.90 0.90 0.90 0.90 0.90 3.55 1.32 0.90 0.90 0.90 1.06 1.06 1.06 1.06 1.06 1.06 1.06 1.06 3.55 1.56 1.06 1.06 1.06 1.06 1.06 1.06 1.07 1.07 1.07 1.07 1.07 3.25 3.25 3.25 3.25 1.07 1.07 0.00 0.00 0.00 0.00 0.00 0.00 0.00 0.00 0.00 0.00 0.00 0.00 0.00 0.00 0.00 0.00 0.00 0.00 0.00 0.00 0.00 0.00 0.00 0.00 0.00
0.98 0.98 0.98 0.98 0.98 0.98 0.98 0.98 0.98 0.98 0.98 0.98 0.98 0.98 0.98 0.98 0.90 0.90 0.90 0.90 0.90 0.90 0.90 0.90 0.90 0.90 0.90 3.55 3.55 0.90 0.90 0.90 1.06 1.06 1.06 1.06 1.06 1.06 3.23 1.06 1.06 3.55 1.06 1.06 3.23 3.23 1.06 1.06 1.07 1.07 1.07 1.07 1.07 3.25 4.21 3.06 3.06 3.06 0.00 0.00 0.00 0.00 0.00 0.00 0.00 0.00 0.00 0.00 0.00 0.00 0.00 0.00 0.00 0.00 0.00 0.00 0.00 0.00 0.00 0.00 0.00 0.00 0.00 0.00
0.98 0.98 0.98 0.98 0.98 0.98 0.98 0.98 0.98 0.98 0.98 0.98 0.98 0.98 0.98 0.98 0.90 0.90 0.90 0.90 0.90 0.90 0.90 0.90 0.90 0.90 0.90 3.55 3.55 0.90 0.90 0.90 1.06 1.06 1.06 1.06 1.06 1.06 3.23 3.23 1.06 1.06 1.06 1.06 3.23 3.55 1.06 1.06 1.07 3.57 3.25 1.07 3.25 3.06 1.26 1.26 3.06 3.06 0.00 0.00 0.00 0.00 0.00 0.00 0.00 0.00 0.00 0.00 0.00 0.00 0.00 0.00 0.00 0.00 0.00 0.00 0.00 0.00 0.00 0.00 0.00 0.00 0.00 0.00
0.98 0.98 0.98 0.98 0.98 0.98 0.98 0.98 0.98 0.98 0.98 0.98 0.98 0.98 0.98 0.98 0.90 0.90 0.90 0.90 0.90 0.90 0.90 0.90 0.90 0.90 0.90 3.55 3.55 3.55 3.55 3.55 1.06 3.55 1.06 1.06 1.06 1.06 1.06 3.55 3.55 1.06 1.06 1.06 4.18 4.18 1.06 1.06 3.25 3.57 3.25 3.25 4.21 4.21 3.06 4.21 0.00 0.00 0.00 0.00 0.00 0.00 0.00 0.00 0.00 0.00 0.00 0.00 0.00 0.00 0.00 0.00 0.00 0.00 0.00 0.00 0.00 0.00 0.00 0.00 0.00 0.00 0.00 0.00
0.98 0.98 0.98 0.98 0.98 0.98 0.98 0.98 0.98 0.98 0.98 0.98 0.98 0.98 0.98 0.98 0.90 0.90 0.90 0.90 0.90 0.90 0.90 0.90 0.90 0.90 0.90 0.90 0.90 0.90 0.90 0.90 4.18 4.18 1.06 1.06 1.06 1.06 3.23 4.18 4.18 3.23 3.23 1.06 3.08 4.19 1.06 1.06 3.25 3.25 3.25 4.21 0.00 0.00 0.00 0.00 0.00 0.00 0.00 0.00 0.00 0.00 0.00 0.00 0.00 0.00 0.00 0.00 0.00 0.00 0.00 0.00 0.00 0.00 0.00 0.00 0.00 0.00 0.00 0.00 0.00 0.00 0.00 0.00
0.98 0.98 0.98 0.98 0.98 0.98 0.98 0.98 0.98 0.98 0.98 0.98 0.98 0.98 0.98 0.98 0.90 0.90 0.90 0.90 0.90 0.90 0.90 0.90 0.90 0.90 0.90 0.90 0.90 0.90 0.90 2.74 3.08 3.08 1.06 1.06 3.08 3.08 3.08 4.18 1.26 3.08 3.08 1.06 1.26 4.18 4.19 1.06 1.07 4.21 4.21 0.00 0.00 0.00 0.00 0.00 0.00 0.00 0.00 0.00 0.00 0.00 0.00 0.00 0.00 0.00 0.00 0.00 0.00 0.00 0.00 0.00 0.00 0.00 0.00 0.00 0.00 0.00 0.00 0.00 0.00 0.00 0.00 0.00
0.98 0.98 3.20 3.20 0.98 0.98 0.98 0.98 0.98 0.98 0.98 0.98 0.98 0.98 0.98 0.98 0.90 0.90 0.90 0.90 0.90 0.90 0.90 0.90 0.90 0.90 0.90 0.90 0.90 0.90 0.90 0.90 4.18 4.18 3.08 4.18 4.18 4.18 4.18 4.19 3.08 3.08 3.08 3.08 3.08 4.18 3.08 3.08 3.06 4.21 0.00 0.00 0.00 0.00 0.00 0.00 0.00 0.00 0.00 0.00 0.00 0.00 0.00 0.00 0.00 0.00 0.00 0.00 0.00 0.00 0.00 0.00 0.00 0.00 0.00 0.00 0.00 0.00 0.00 0.00 0.00 0.00 0.00 0.00
0.98 0.98 0.98 3.20 3.20 0.98 0.98 0.98 0.98 0.98 0.98 0.98 0.98 0.98 0.98 0.98 0.90 0.90 0.90 0.90 0.90 0.90 0.90 0.90 0.90 0.90 0.90 0.90 0.90 0.90 0.90 0.90 1.06 1.06 4.19 1.26 4.18 4.18 4.18 4.18 3.08 3.08 3.08 3.08 3.08 4.19 3.08 3.08 4.21 0.00 0.00 0.00 0.00 0.00 0.00 0.00 0.00 0.00 0.00 0.00 0.00 0.00 0.00 0.00 0.00 0.00 0.00 0.00 0.00 0.00 0.00 0.00 0.00 0.00 0.00 0.00 0.00 0.00 0.00 0.00 0.00 0.00 0.00 0.00
0.91 0.91 0.91 0.91 0.91 0.91 3.01 3.01 1.33 0.91 0.91 0.91 0.91 0.91 0.91 0.91 0.73 0.73 0.73 0.73 0.73 0.73 0.73 0.73 0.73 0.73 0.73 0.73 0.73 0.73 0.73 0.73 0.95 0.95 0.95 0.95 3.15 0.95 0.95 3.15 2.87 2.87 2.87 2.87 3.72 3.72 3.72 2.87 0.00 0.00 0.00 0.00 0.00 0.00 0.00 0.00 0.00 0.00 0.00 0.00 0.00 0.00 0.00 0.00 0.00 0.00 0.00 0.00 0.00 0.00 0.00 0.00 0.00 0.00 0.00 0.00 0.00 0.00 0.00 0.00 0.00 0.00 0.00 0.00
0.91 0.91 0.91 3.01 3.01 3.01 3.01 3.01 3.01 3.01 0.91 0.91 0.91 0.91 0.91 0.91 0.73 0.73 0.73 0.73 0.73 0.73 0.73 0.73 0.73 0.73 0.73 0.73 0.73 0.73 0.73 0.73 0.95 0.95 0.95 0.95 0.95 0.95 0.95 0.95 0.95 3.72 3.72 2.87 3.72 3.72 2.87 2.87 0.00 0.00 0.00 0.00 0.00 0.00 0.00 0.00 0.00 0.00 0.00 0.00 0.00 0.00 0.00 0.00 0.00 0.00 0.00 0.00 0.00 0.00 0.00 0.00 0.00 0.00 0.00 0.00 0.00 0.00 0.00 0.00 0.00 0.00 0.00 0.00
0.91 3.01 3.01 3.01 3.01 3.01 3.01 3.01 3.01 3.01 3.03 0.91 3.03 0.91 0.91 0.91 0.73 0.73 0.73 0.73 0.73 0.73 0.73 0.73 0.73 0.73 0.73 0.73 0.73 0.73 0.73 0.73 0.95 0.95 0.95 0.95 0.95 0.95 0.95 0.95 0.95 0.95 0.95 2.87 1.12 2.87 3.72 2.87 0.00 0.00 0.00 0.00 0.00 0.00 0.00 0.00 0.00 0.00 0.00 0.00 0.00 0.00 0.00 0.00 0.00 0.00 0.00 0.00 0.00 0.00 0.00 0.00 0.00 0.00 0.00 0.00 0.00 0.00 0.00 0.00 0.00 0.00 0.00 0.00
3.01 3.01 3.01 3.01 3.01 3.01 3.01 3.01 3.01 3.01 0.91 3.03 3.03 0.91 0.91 0.91 0.73 0.73 0.73 0.73 0.73 0.73 0.73 0.73 0.73 0.73 0.73 0.73 0.73 0.73 0.73 0.73 3.15 0.95 0.95 0.95 0.95 0.95 0.95 0.95 0.95 0.95 0.95 0.95 2.87 2.87 2.87 2.87 3.99 2.95 3.99 0.00 0.00 0.00 0.00 0.00 0.00 0.00 0.00 0.00 0.00 0.00 0.00 0.00 0.00 0.00 0.00 0.00 0.00 0.00 0.00 0.00 0.00 0.00 0.00 0.00 0.00 0.00 0.00 0.00 0.00 0.00 0.00 0.00
3.01 3.01 3.01 3.01 3.01 3.01 3.01 3.01 3.01 3.01 3.03 0.91 0.91 0.91 0.91 0.91 0.73 0.73 0.73 0.73 0.73 0.73 0.73 0.73 0.73 0.73 0.73 0.73 0.73 0.73 0.73 0.73 3.15 0.95 0.95 0.95 0.95 0.95 1.39 0.95 0.95 0.95 0.95 0.95 0.95 0.95 0.95 0.95 3.08 2.95 2.95 3.99 3.99 0.00 0.00 0.00 0.00 0.00 0.00 0.00 0.00 0.00 0.00 0.00 0.00 0.00 0.00 0.00 0.00 0.00 0.00 0.00 0.00 0.00 0.00 0.00 0.00 0.00 0.00 0.00 0.00 0.00 0.00 0.00
3.01 3.01 3.01 3.01 3.01 3.01 3.01 3.01 3.01 3.01 3.03 0.91 0.91 0.91 0.91 0.91 0.73 0.73 0.73 0.73 0.73 0.73 0.73 0.73 0.73 0.73 0.73 0.73 0.73 0.73 0.73 0.73 0.95 0.95 0.95 0.95 0.95 0.95 0.95 0.95 0.95 0.95 0.95 0.95 0.95 0.95 0.95 0.95 1.02 3.08 2.95 2.95 3.99 3.99 0.00 0.00 0.00 0.00 0.00 0.00 0.00 0.00 0.00 0.00 0.00 0.00 0.00 0.00 0.00 0.00 0.00 0.00 0.00 0.00 0.00 0.00 0.00 0.00 0.00 0.00 0.00 0.00 0.00 0.00
3.01 3.01 3.01 3.01 3.01 3.01 3.01 3.01 3.01 3.03 0.91 0.91 0.91 0.91 0.91 0.91 0.73 0.73 0.73 0.73 0.73 0.73 0.73 0.73 0.73 0.73 0.73 0.73 0.73 0.73 0.73 0.73 0.95 0.95 0.95 0.95 0.95 0.95 0.95 0.95 0.95 0.95 0.95 0.95 0.95 0.95 0.95 0.95 1.02 3.08 3.08 3.99 2.95 2.95 3.99 3.99 0.00 0.00 0.00 0.00 0.00 0.00 0.00 0.00 0.00 0.00 0.00 0.00 0.00 0.00 0.00 0.00 0.00 0.00 0.00 0.00 0.00 0.00 0.00 0.00 0.00 0.00 0.00 0.00
3.01 3.01 3.01 3.01 3.01 3.01 3.01 3.01 0.91 0.91 0.91 0.91 0.91 0.91 0.91 0.91 0.73 0.73 0.73 0.73 0.73 0.73 0.73 0.73 0.73 0.73 0.73 0.73 0.73 0.73 0.73 0.73 0.95 0.95 0.95 0.95 0.95 0.95 0.95 0.95 0.95 0.95 0.95 0.95 0.95 0.95 0.95 0.95 1.02 1.02 1.02 3.08 3.08 1.02 1.02 1.02 1.02 3.99 0.00 0.00 0.00 0.00 0.00 0.00 0.00 0.00 0.00 0.00 0.00 0.00 0.00 0.00 0.00 0.00 0.00 0.00 0.00 0.00 0.00 0.00 0.00 0.00 0.00 0.00
3.01 3.01 3.01 3.01 3.01 3.01 3.01 0.91 0.91 0.91 0.91 0.91 0.91 0.91 0.91 0.91 0.73 0.73 0.73 0.73 0.73 0.73 0.73 0.73 0.73 0.73 0.73 0.73 0.73 0.73 0.73 0.73 0.95 0.95 0.95 0.95 0.95 0.95 0.95 0.95 0.95 0.95 0.95 0.95 0.95 0.95 0.95 0.95 1.02 1.02 1.02 1.02 3.38 3.08 1.02 1.02 1.02 1.02 1.02 1.02 0.00 0.00 0.00 0.00 0.00 0.00 0.00 0.00 0.00 0.00 0.00 0.00 0.00 0.00 0.00 0.00 0.00 0.00 0.00 0.00 0.00 0.00 0.00 0.00
3.01 3.01 3.01 3.01 3.01 3.01 3.01 0.91 0.91 0.91 0.91 0.91 0.91 0.91 0.91 0.91 0.73 0.73 0.73 0.73 0.73 0.73 0.73 0.73 0.73 0.73 0.73 0.73 0.73 0.73 0.73 0.73 0.95 0.95 0.95 0.95 0.95 0.95 0.95 0.95 0.95 0.95 0.95 0.95 0.95 0.95 0.95 0.95 1.02 1.02 1.02 1.02 1.02 1.02 1.02 1.02 1.02 1.02 1.02 1.02 1.02 0.00 0.00 0.00 0.00 0.00 0.00 0.00 0.00 0.00 0.00 0.00 0.00 0.00 0.00 0.00 0.00 0.00 0.00 0.00 0.00 0.00 0.00 0.00
3.01 3.01 3.01 3.01 3.01 3.01 3.01 0.91 0.91 0.91 0.91 0.91 0.91 0.91 3.03 0.91 0.73 0.73 0.73 0.73 0.73 0.73 0.73 0.73 0.73 0.73 0.73 0.73 0.73 0.73 0.73 0.73 0.95 0.95 0.95 0.95 0.95 0.95 0.95 0.95 0.95 0.95 0.95 0.95 0.95 0.95 0.95 0.95 1.02 1.02 1.02 1.02 1.02 1.02 1.02 1.02 1.02 1.02 1.02 3.38 3.99 0.00 0.00 0.00 0.00 0.00 0.00 0.00 0.00 0.00 0.00 0.00 0.00 0.00 0.00 0.00 0.00 0.00 0.00 0.00 0.00 0.00 0.00 0.00
3.01 3.01 3.01 3.01 3.01 3.01 3.01 3.01 0.91 0.91 0.91 0.91 0.91 0.91 0.91 0.91 0.73 0.73 0.73 0.73 0.73 0.73 0.73 0.73 0.73 0.73 0.73 0.73 0.73 0.73 0.73 0.73 0.95 0.95 0.95 0.95 0.95 0.95 0.95 0.95 0.95 0.95 0.95 0.95 0.95 0.95 0.95 0.95 1.02 1.02 1.02 1.02 1.02 1.02 1.02 1.02 1.02 1.02 3.38 2.95 0.00 0.00 0.00 0.00 0.00 0.00 0.00 0.00 0.00 0.00 0.00 0.00 0.00 0.00 0.00 0.00 0.00 0.00 0.00 0.00 0.00 0.00 0.00 0.00
