New_Model_Runs/7_FutureClimate_RCP85_out/post_prcessed_with_MFR/Monthly_summaries/net_infiltration_monthly_MAR.asc
NCOLS 700
NROWS 400
XLLCENTER 515000.000000
YLLCENTER 8409000.000000
CELLSIZE 50.000000
NODATA_value -999.000000
[rows 114 to 151 of 400, columns 504 to 587 of 700]
3.43 3.43 3.43 3.43 3.29 3.78 3.29 3.29 3.16 3.16 3.16 3.16 3.16 3.16 3.16 3.16 3.20 3.20 3.20 3.20 1.79 6.67 3.04 3.55 3.04 3.04 2.86 1.54 3.27 2.61 2.61 2.84 2.83 2.83 2.83 6.46 6.48 6.89 3.07 3.07 2.68 2.68 2.68 2.68 6.34 2.71 3.12 2.71 2.68 2.68 2.68 2.68 2.62 2.62 2.62 2.62 2.67 3.52 3.52 3.52 3.71 3.71 3.54 3.54 3.54 3.68 3.68 3.54 3.60 3.47 3.47 3.47 3.81 3.99 3.81 3.81 3.94 3.90 4.08 0.00 0.00 0.00 0.00 0.00
3.43 3.43 3.43 3.43 3.29 3.29 3.29 3.29 3.16 3.16 3.16 3.16 3.16 3.16 3.16 3.16 3.20 3.20 3.20 3.20 3.55 7.18 6.67 7.18 6.67 2.86 2.86 2.86 2.84 2.84 6.24 6.47 6.46 6.46 6.46 2.83 2.85 6.48 6.70 6.70 2.68 2.68 2.68 2.68 6.34 7.12 2.71 2.71 2.68 2.68 2.68 2.68 2.62 2.62 2.62 2.62 2.67 3.52 3.52 3.52 3.71 3.87 3.54 3.54 3.54 3.54 3.54 3.54 3.47 3.47 3.47 3.47 3.81 3.81 3.99 3.99 3.94 2.51 4.10 3.88 7.08 6.68 6.89 6.66
3.27 3.27 3.27 3.74 3.68 3.21 3.21 3.21 3.20 3.20 3.20 3.20 3.24 3.24 3.24 3.24 3.25 3.25 3.25 3.25 3.56 3.56 3.26 3.26 2.86 6.49 6.49 6.49 6.49 6.49 6.49 2.86 2.87 2.87 2.87 2.87 2.89 2.89 2.89 6.52 6.30 2.67 3.08 2.43 3.08 6.30 6.30 6.30 2.66 2.66 2.66 2.66 2.62 2.62 2.62 2.62 2.65 3.48 3.48 3.48 3.47 3.47 3.47 3.47 3.48 3.48 3.48 3.48 3.48 3.48 3.48 3.48 3.86 3.86 4.04 4.04 3.96 3.96 4.12 2.51 2.18 2.63 1.95 2.06
3.27 3.27 3.27 3.27 3.21 3.21 3.21 3.21 3.20 3.20 3.20 3.20 3.24 3.24 3.24 3.24 3.25 3.25 3.25 3.25 3.26 3.26 3.26 3.26 1.54 2.86 2.86 2.86 2.86 2.86 2.71 2.86 2.87 2.87 2.87 2.87 2.89 2.89 2.89 2.89 6.30 6.30 2.67 2.67 2.67 2.67 2.67 3.08 6.29 6.06 2.53 3.91 3.02 2.62 2.62 2.62 2.65 3.48 3.48 3.48 3.47 3.47 3.47 3.47 3.48 3.48 3.48 3.48 3.48 3.48 3.48 3.48 3.86 4.04 4.04 3.86 3.96 3.96 3.96 3.96 2.94 2.40 4.24 4.24
3.27 3.27 3.27 3.27 3.21 3.21 3.21 3.21 3.20 3.20 3.20 3.20 3.24 3.24 3.24 3.24 3.25 3.25 3.25 3.25 3.26 3.26 3.26 3.26 2.86 2.86 3.05 2.86 2.86 2.86 2.86 2.86 2.87 2.87 2.87 2.87 2.89 2.89 2.89 2.89 2.67 6.30 6.30 6.30 6.30 2.67 6.53 6.06 6.06 6.06 2.53 2.53 2.62 3.02 2.62 2.62 2.65 3.48 3.48 3.48 3.47 3.47 3.47 3.61 3.48 3.61 3.48 3.48 3.48 3.48 3.48 3.48 3.86 4.04 4.04 4.04 3.96 3.96 3.96 2.28 2.96 2.64 2.72 4.01
3.27 3.27 3.27 3.27 3.21 3.21 3.21 3.21 3.20 3.20 3.20 3.20 3.24 3.24 3.24 3.24 3.25 3.25 3.25 3.25 3.26 3.26 3.26 3.26 2.86 2.86 2.86 2.86 2.86 2.86 2.86 2.86 2.87 2.87 2.87 2.87 2.89 2.89 2.89 2.89 2.67 2.67 2.67 2.67 5.84 5.50 6.13 2.75 6.15 6.29 3.07 3.41 2.62 2.62 2.62 2.62 2.65 3.48 3.48 3.48 3.47 3.47 3.61 3.47 3.48 3.48 3.48 3.48 3.48 3.48 3.48 3.48 3.86 3.86 4.23 4.04 4.15 4.16 3.68 3.68 4.14 3.09 2.96 2.27
3.26 3.26 3.26 3.26 3.33 3.33 3.33 3.33 3.32 3.32 3.32 3.32 3.32 3.32 3.32 3.32 3.32 3.32 3.32 3.32 3.31 3.31 3.31 3.31 2.93 2.93 2.93 2.93 2.92 2.92 2.92 2.92 2.93 2.93 2.93 2.93 2.93 2.93 2.93 2.93 2.69 2.69 2.69 2.69 1.41 5.03 6.29 2.67 2.53 2.64 2.64 2.64 2.59 2.59 2.59 2.98 2.62 3.45 3.45 3.45 3.46 3.46 3.46 3.46 3.52 3.52 3.52 3.52 3.55 3.55 3.55 3.55 3.87 3.87 3.87 3.87 3.84 3.66 3.66 3.68 2.49 2.94 2.29 2.27
3.26 3.26 3.26 3.26 3.33 3.33 3.33 3.33 3.32 3.32 3.32 3.32 3.32 3.32 3.32 3.32 3.32 3.32 3.32 3.32 3.31 3.31 3.31 3.31 2.93 2.93 2.71 2.71 2.92 2.92 2.92 2.92 2.93 2.93 2.93 2.93 2.93 2.93 2.61 2.93 2.69 6.15 6.06 2.69 2.43 6.29 2.67 2.67 2.64 2.64 2.64 2.64 2.59 2.59 2.59 2.59 2.62 3.45 3.45 3.45 3.46 3.46 3.46 3.46 3.52 3.52 3.52 3.52 3.55 3.55 3.55 3.55 3.87 3.87 3.87 3.87 3.96 3.96 3.96 3.68 2.27 2.27 2.29 2.27
3.26 3.26 3.26 3.26 3.33 3.33 3.33 3.33 3.32 3.32 3.32 3.32 3.32 3.32 3.32 3.32 3.32 3.32 3.32 3.32 3.31 3.31 3.31 3.31 2.93 3.54 2.71 2.71 2.71 2.92 2.92 2.92 2.93 2.93 2.93 2.93 1.32 2.93 2.61 2.71 6.06 3.15 7.42 6.06 6.06 2.67 2.67 2.67 2.64 2.64 2.64 2.64 2.59 2.59 2.59 2.59 2.74 3.45 3.45 3.45 3.46 3.46 3.46 3.46 3.52 3.52 3.52 3.52 3.55 3.55 3.55 3.55 3.87 3.87 3.87 3.87 3.96 3.96 4.15 4.15 4.02 4.19 4.22 4.02
3.26 3.26 3.26 3.26 3.33 3.64 3.33 3.33 3.32 1.79 3.79 4.00 3.80 3.32 3.32 3.32 1.79 3.32 3.32 3.32 3.31 3.31 3.31 3.31 2.93 3.54 2.93 2.71 2.71 2.92 2.92 2.92 2.71 2.93 2.93 2.61 1.54 2.93 2.93 6.34 2.43 2.75 2.66 2.69 2.67 2.67 2.67 2.67 2.64 2.64 2.64 2.64 2.59 2.59 2.59 2.59 2.62 3.45 3.45 3.45 3.46 3.46 3.46 3.46 3.52 3.52 3.52 3.52 3.55 3.55 3.55 3.55 3.87 3.87 3.87 3.87 3.96 3.96 4.15 4.15 4.22 4.22 4.18 4.02
3.37 3.37 3.37 3.37 3.41 3.41 3.91 3.41 3.34 3.34 4.43 3.34 3.35 3.35 3.35 3.82 3.83 3.36 3.92 2.98 3.36 3.36 3.36 3.36 2.97 3.60 3.60 3.20 3.20 2.97 2.97 2.97 2.71 3.16 3.82 3.07 2.71 2.71 6.57 6.57 2.70 2.70 2.70 2.70 2.70 2.70 2.70 2.70 2.66 3.43 2.66 2.66 2.58 2.58 2.58 2.58 2.62 3.45 3.45 3.45 3.49 3.49 3.49 3.63 3.69 3.70 3.56 3.56 3.58 3.58 3.58 3.86 3.89 3.89 3.89 3.89 3.92 3.92 4.11 4.12 4.31 3.92 3.92 3.92
3.37 3.37 3.37 3.37 3.41 3.41 3.41 3.41 3.34 3.82 3.34 3.34 3.35 3.35 3.35 3.35 4.05 4.05 4.05 4.28 3.45 3.36 3.36 3.36 2.97 4.05 3.82 4.72 3.97 4.06 3.20 2.97 3.33 3.35 3.73 1.68 3.30 6.51 2.94 2.94 3.48 2.70 2.70 2.70 2.70 2.70 2.70 2.70 3.44 2.66 2.66 2.66 2.58 2.58 2.58 2.58 2.62 3.45 3.45 3.45 3.49 3.63 3.65 3.49 3.56 3.56 3.72 3.70 3.58 3.73 3.73 3.58 4.19 3.89 3.89 3.89 3.92 3.92 4.08 3.92 3.92 3.92 3.92 3.92
3.37 3.37 3.37 3.37 3.41 3.41 3.41 3.41 3.34 3.34 3.34 3.34 3.35 3.35 3.35 3.35 3.36 4.05 4.48 4.51 3.45 1.79 7.21 4.28 4.28 2.02 8.06 8.28 8.51 6.10 7.49 7.28 7.23 7.68 6.78 6.93 7.73 4.23 2.94 3.38 2.70 2.70 2.70 3.27 3.27 3.27 2.70 3.27 3.23 2.66 2.66 2.66 2.58 2.58 2.58 2.58 2.62 3.45 3.45 3.45 3.49 3.49 3.49 3.49 3.56 3.56 3.56 3.56 3.73 3.58 3.58 3.58 3.89 3.89 4.21 3.89 3.92 4.08 3.92 3.92 3.92 3.92 3.92 3.92
3.37 3.37 3.37 3.37 3.41 3.41 3.41 3.41 3.34 3.34 3.34 3.34 3.35 3.83 3.83 3.35 3.36 3.36 3.46 4.73 7.53 6.62 7.91 4.34 2.24 6.10 5.19 7.61 7.61 2.02 8.06 5.42 6.68 6.78 7.18 3.47 2.94 2.94 2.94 2.94 2.70 2.70 2.70 3.27 3.27 3.27 2.69 3.42 3.23 3.23 3.23 3.05 2.58 2.58 2.58 2.58 2.73 3.45 3.45 3.45 3.49 3.49 3.49 3.49 3.56 3.56 3.56 3.69 3.58 3.58 3.58 3.58 3.89 3.89 3.89 3.89 3.92 3.92 3.92 3.92 3.92 3.92 3.92 4.08
3.43 3.43 3.43 3.43 3.44 3.44 3.44 3.44 3.34 3.34 3.34 3.34 3.35 3.35 3.35 3.35 3.36 3.36 4.06 3.90 7.86 7.20 3.49 1.87 5.87 5.42 7.27 0.00 0.00 0.00 0.00 0.00 0.00 6.30 7.32 3.40 2.93 2.93 2.93 2.93 2.73 6.36 6.94 6.55 3.14 2.88 2.69 2.81 2.81 3.22 3.22 2.65 2.59 3.33 2.98 2.97 2.65 3.48 3.48 1.97 1.97 1.97 1.97 3.48 3.49 3.63 3.49 3.49 3.52 3.52 3.52 3.52 3.83 3.99 3.83 3.99 3.85 3.85 3.85 3.85 3.85 3.85 4.00 3.85
3.43 3.43 3.43 3.43 4.18 4.18 4.18 4.18 4.03 3.34 3.34 3.34 3.35 3.35 3.35 3.35 3.04 3.36 3.23 3.69 3.68 6.35 5.27 7.74 5.19 0.00 0.00 0.00 0.00 0.00 0.00 0.00 0.00 0.00 6.56 2.95 2.93 2.93 2.93 2.93 6.06 6.32 2.27 3.34 6.60 3.27 3.52 2.40 3.36 3.22 3.22 2.65 2.59 2.59 2.59 2.59 2.76 3.48 3.48 3.48 1.97 1.97 3.48 3.48 3.49 3.49 3.49 3.49 3.52 3.52 3.52 3.52 3.83 3.83 3.83 3.83 3.85 3.85 3.85 3.85 3.85 3.99 3.85 3.85
3.51 3.51 3.51 3.51 4.27 4.27 4.14 4.27 4.26 3.60 3.60 3.60 3.61 3.61 3.61 3.61 3.59 3.62 3.58 4.25 4.02 3.54 4.19 7.96 3.85 0.00 0.00 0.00 0.00 0.00 0.00 0.00 0.00 0.00 0.00 7.38 3.31 3.31 6.94 6.80 2.86 3.02 3.65 2.13 6.88 3.45 3.63 3.23 3.72 3.17 3.56 3.17 3.10 3.10 3.10 3.10 2.59 3.40 3.40 3.40 1.88 1.80 3.54 3.52 3.41 3.41 3.41 3.41 3.44 3.44 3.44 3.44 3.64 3.64 3.64 3.64 3.66 3.66 3.66 3.96 3.65 3.65 3.65 3.65
3.51 3.51 3.51 3.51 3.52 4.27 4.27 4.27 3.34 3.34 4.26 3.60 3.61 3.61 3.61 3.44 3.59 3.62 3.58 3.81 3.79 3.79 4.51 8.14 0.00 0.00 0.00 0.00 0.00 0.00 0.00 0.00 0.00 0.00 0.00 3.39 7.02 6.94 6.94 0.00 0.00 2.79 3.65 3.92 6.99 3.79 3.23 3.23 3.17 3.56 3.17 3.55 3.10 3.10 3.10 3.10 2.59 3.40 3.40 1.81 1.80 3.08 3.53 3.39 3.41 3.54 3.41 3.41 3.44 3.44 3.44 3.44 3.64 3.64 3.64 3.79 3.80 3.66 3.66 3.66 3.65 3.65 3.65 3.65
3.53 3.53 3.53 3.53 3.53 3.53 4.28 4.28 4.29 4.29 4.29 3.62 3.44 3.59 3.79 3.59 3.59 3.82 3.61 3.58 3.60 3.60 7.23 0.00 0.00 0.00 0.00 0.00 0.00 0.00 0.00 0.00 0.00 0.00 0.00 3.51 3.30 0.00 0.00 0.00 0.00 0.00 0.00 1.45 6.97 3.75 3.60 3.19 3.16 3.16 3.16 3.16 3.14 3.14 3.14 3.14 2.64 3.48 3.48 3.48 1.88 1.88 3.42 3.42 3.36 3.36 3.36 3.36 3.39 3.39 3.39 3.39 3.60 3.60 3.60 3.60 3.63 3.63 3.63 3.63 3.65 3.65 3.65 3.65
3.53 3.53 3.53 4.03 4.04 4.04 3.36 3.63 4.02 4.54 4.29 3.62 3.62 3.59 4.25 4.25 4.49 4.64 4.71 3.61 7.23 7.23 0.00 0.00 0.00 0.00 0.00 0.00 0.00 0.00 0.00 0.00 0.00 0.00 0.00 0.00 0.00 0.00 0.00 0.00 0.00 0.00 0.00 4.67 7.19 3.11 3.89 3.75 3.70 3.16 3.16 3.16 3.14 3.14 3.14 3.14 2.64 3.48 3.62 3.48 3.42 3.42 3.42 3.42 3.36 3.36 3.36 3.36 3.39 3.39 3.39 3.39 3.60 3.74 3.60 3.60 3.63 3.63 3.80 3.80 3.83 3.83 3.83 3.83
3.53 3.53 3.53 3.53 3.53 3.53 4.04 3.43 4.02 4.54 4.31 4.02 4.02 3.43 7.76 7.50 7.37 7.94 0.00 0.00 0.00 0.00 0.00 0.00 0.00 0.00 0.00 0.00 0.00 0.00 0.00 0.00 0.00 0.00 0.00 0.00 0.00 0.00 0.00 0.00 0.00 0.00 0.00 0.00 7.60 3.75 3.75 3.75 3.70 3.70 3.16 3.16 3.14 3.14 3.14 3.14 2.64 3.48 3.48 3.48 3.42 3.42 3.42 3.42 3.36 3.36 3.36 3.36 3.39 3.39 3.39 3.39 3.60 3.90 3.60 3.60 3.63 3.63 3.78 3.97 3.83 3.83 3.83 3.83
3.53 3.53 3.53 3.53 3.53 3.83 3.76 3.29 4.92 4.65 7.50 7.50 7.50 0.00 0.00 0.00 0.00 0.00 0.00 0.00 0.00 0.00 0.00 0.00 0.00 0.00 0.00 0.00 0.00 0.00 0.00 0.00 0.00 0.00 0.00 0.00 0.00 0.00 0.00 0.00 0.00 0.00 0.00 3.77 8.21 3.42 3.42 3.19 3.16 3.16 3.16 3.16 3.14 3.14 3.14 3.14 2.64 3.48 3.48 3.48 3.58 3.58 3.58 3.42 3.36 3.36 3.36 3.36 3.39 3.39 3.39 3.39 3.60 3.88 3.74 3.60 3.63 3.63 3.63 3.63 3.65 3.65 3.83 3.83
3.52 3.52 3.52 3.52 4.26 3.41 4.08 4.20 5.04 7.99 0.00 0.00 0.00 0.00 0.00 0.00 0.00 0.00 0.00 0.00 0.00 0.00 0.00 0.00 0.00 0.00 0.00 0.00 0.00 0.00 0.00 0.00 0.00 0.00 0.00 0.00 0.00 0.00 0.00 0.00 0.00 0.00 0.00 3.18 3.42 6.87 7.05 7.05 3.68 3.20 3.20 3.20 3.20 3.20 3.20 3.20 2.70 3.73 3.73 3.73 3.67 3.67 3.67 3.67 3.36 3.36 3.36 3.36 3.32 3.32 3.32 3.44 3.56 3.56 3.56 3.56 3.63 3.63 3.63 3.63 3.68 3.68 3.68 3.68
3.52 3.52 3.52 3.52 4.14 3.63 1.91 8.07 0.00 0.00 0.00 0.00 0.00 0.00 0.00 0.00 0.00 0.00 0.00 0.00 0.00 0.00 0.00 0.00 0.00 0.00 0.00 0.00 0.00 0.00 0.00 0.00 0.00 0.00 0.00 0.00 0.00 0.00 0.00 0.00 0.00 0.00 0.00 0.00 0.00 0.00 0.00 7.10 4.60 3.65 3.24 2.98 3.02 3.20 3.20 3.20 2.70 3.73 3.73 3.73 3.67 3.67 3.67 3.67 3.51 3.51 3.36 3.36 3.32 3.32 3.32 3.44 3.56 3.56 3.56 3.56 3.63 3.63 3.63 3.63 3.68 3.68 3.68 3.68
3.52 3.52 3.52 3.82 3.14 3.63 8.03 0.00 0.00 0.00 0.00 0.00 0.00 0.00 0.00 0.00 0.00 0.00 0.00 0.00 0.00 0.00 0.00 0.00 0.00 0.00 0.00 0.00 0.00 0.00 0.00 0.00 0.00 0.00 0.00 0.00 0.00 0.00 0.00 0.00 0.00 0.00 0.00 0.00 0.00 0.00 0.00 0.00 8.12 1.82 3.47 2.98 3.02 3.20 3.02 3.20 2.70 3.73 3.73 3.73 3.67 3.67 3.67 3.67 3.51 3.51 3.36 3.36 3.32 3.32 3.44 3.32 3.56 3.56 3.56 3.56 3.63 3.63 3.63 3.63 3.68 3.68 3.68 3.68
3.58 3.74 3.20 3.20 3.14 3.63 7.15 0.00 0.00 0.00 0.00 0.00 0.00 0.00 0.00 0.00 0.00 0.00 0.00 0.00 0.00 0.00 0.00 0.00 0.00 0.00 0.00 0.00 0.00 0.00 0.00 0.00 0.00 0.00 0.00 0.00 0.00 0.00 0.00 0.00 0.00 0.00 0.00 0.00 0.00 0.00 0.00 0.00 0.00 7.12 4.21 3.11 3.43 3.43 3.20 3.20 2.92 3.73 3.73 3.73 3.67 3.67 3.67 3.67 3.51 3.51 3.36 3.36 3.32 3.32 3.32 3.32 3.56 3.56 3.56 3.56 3.63 3.63 3.63 3.63 3.68 3.68 3.68 3.86
3.50 3.14 3.20 3.20 3.50 3.73 6.77 0.00 0.00 0.00 0.00 0.00 0.00 0.00 0.00 0.00 0.00 0.00 0.00 0.00 0.00 0.00 0.00 0.00 0.00 0.00 0.00 0.00 0.00 0.00 0.00 0.00 0.00 0.00 0.00 0.00 0.00 0.00 0.00 0.00 0.00 0.00 0.00 0.00 0.00 0.00 0.00 0.00 0.00 6.68 5.22 7.35 5.30 7.28 3.65 4.56 3.30 1.99 3.77 3.77 3.68 3.68 3.68 3.68 3.32 3.32 3.32 3.32 3.25 3.25 3.25 3.25 3.54 3.54 3.54 3.54 3.65 3.65 3.34 3.34 3.69 3.69 3.69 4.05
3.50 3.20 3.14 4.01 3.73 3.50 7.13 0.00 0.00 0.00 0.00 0.00 0.00 0.00 0.00 0.00 0.00 0.00 0.00 0.00 0.00 0.00 0.00 0.00 0.00 0.00 0.00 0.00 0.00 0.00 0.00 0.00 0.00 0.00 0.00 0.00 0.00 0.00 0.00 0.00 0.00 0.00 0.00 0.00 0.00 0.00 0.00 0.00 0.00 0.00 4.99 2.17 3.92 6.87 4.85 5.76 3.53 1.75 3.77 3.77 3.68 3.68 3.68 3.68 3.47 3.45 3.61 3.44 3.25 3.25 3.25 3.25 3.54 3.54 3.54 3.82 3.65 3.65 3.65 3.65 3.69 3.69 7.32 5.82
3.50 3.50 3.59 1.40 6.25 3.63 0.00 0.00 0.00 0.00 0.00 0.00 0.00 0.00 0.00 0.00 0.00 0.00 0.00 0.00 0.00 0.00 0.00 0.00 0.00 0.00 0.00 0.00 0.00 0.00 0.00 0.00 0.00 0.00 0.00 0.00 0.00 0.00 0.00 0.00 0.00 0.00 0.00 0.00 0.00 0.00 0.00 0.00 0.00 0.00 7.35 5.45 8.01 5.98 3.25 3.11 2.69 3.77 3.94 3.94 3.68 3.68 3.68 3.51 3.47 3.47 3.47 3.47 3.25 3.25 3.25 3.25 3.54 3.54 3.54 3.68 3.65 3.65 2.18 2.00 2.00 5.63 5.16 5.63
3.50 3.50 3.96 6.69 0.00 0.00 0.00 0.00 0.00 0.00 0.00 0.00 0.00 0.00 0.00 0.00 0.00 0.00 0.00 0.00 0.00 0.00 0.00 0.00 0.00 0.00 0.00 0.00 0.00 0.00 0.00 0.00 0.00 0.00 0.00 0.00 0.00 0.00 0.00 0.00 0.00 0.00 0.00 0.00 0.00 0.00 0.00 0.00 0.00 0.00 0.00 7.35 7.58 5.67 3.70 3.60 2.73 3.60 3.60 3.60 3.64 3.51 3.51 3.51 3.32 3.32 3.32 3.32 3.25 3.25 3.25 3.25 3.66 3.68 3.54 3.54 3.65 3.65 3.65 3.65 2.00 2.00 2.00 2.23
3.59 7.44 0.00 0.00 0.00 0.00 0.00 0.00 0.00 0.00 0.00 0.00 0.00 0.00 0.00 0.00 0.00 0.00 0.00 0.00 0.00 0.00 0.00 0.00 0.00 0.00 0.00 0.00 0.00 0.00 0.00 0.00 0.00 0.00 0.00 0.00 0.00 0.00 0.00 0.00 0.00 0.00 0.00 0.00 0.00 0.00 0.00 0.00 0.00 0.00 0.00 7.35 2.04 3.54 3.20 3.20 2.50 3.15 3.52 3.52 3.37 3.37 3.37 3.37 3.28 3.28 3.28 3.28 3.28 3.28 3.28 3.28 3.53 3.67 3.53 3.53 3.64 3.64 3.64 3.64 3.70 2.00 2.01 2.23
7.05 0.00 0.00 0.00 0.00 0.00 0.00 0.00 0.00 0.00 0.00 0.00 0.00 0.00 0.00 0.00 0.00 0.00 0.00 0.00 0.00 0.00 0.00 0.00 0.00 0.00 0.00 0.00 0.00 0.00 0.00 0.00 0.00 0.00 0.00 0.00 0.00 0.00 0.00 0.00 0.00 0.00 0.00 0.00 0.00 0.00 0.00 0.00 0.00 0.00 0.00 7.78 8.23 5.49 3.43 3.47 2.67 3.52 3.66 3.52 3.37 3.37 3.37 3.37 3.40 3.28 3.28 3.28 3.28 3.28 3.28 3.28 3.53 3.53 3.53 3.53 3.64 3.64 3.64 3.64 3.70 3.70 3.70 2.01
0.00 0.00 0.00 0.00 0.00 0.00 0.00 0.00 0.00 0.00 0.00 0.00 0.00 0.00 0.00 0.00 0.00 0.00 0.00 0.00 0.00 0.00 0.00 0.00 0.00 0.00 0.00 0.00 0.00 0.00 0.00 0.00 0.00 0.00 0.00 0.00 0.00 0.00 0.00 0.00 0.00 0.00 0.00 0.00 0.00 0.00 0.00 0.00 0.00 0.00 0.00 3.59 7.66 3.61 2.93 2.93 3.49 4.02 4.02 4.02 3.99 3.88 3.88 3.88 3.78 3.78 3.78 3.78 3.78 3.78 3.78 3.78 3.98 3.98 3.98 3.98 4.09 4.09 4.24 4.24 4.15 4.15 4.15 3.50
0.00 0.00 0.00 0.00 0.00 0.00 0.00 0.00 0.00 0.00 0.00 0.00 0.00 0.00 0.00 0.00 0.00 0.00 0.00 0.00 0.00 0.00 0.00 0.00 0.00 0.00 0.00 0.00 0.00 0.00 0.00 0.00 0.00 0.00 0.00 0.00 0.00 0.00 0.00 0.00 0.00 0.00 0.00 0.00 0.00 0.00 0.00 0.00 0.00 0.00 0.00 3.13 6.85 3.16 2.93 2.93 3.11 4.02 3.09 4.02 3.88 3.88 3.88 3.88 3.78 3.78 3.78 3.78 3.78 3.78 3.78 3.78 3.98 3.98 3.98 3.98 4.09 4.09 4.09 4.09 4.15 4.15 6.93 6.61
0.00 0.00 0.00 0.00 0.00 0.00 0.00 0.00 0.00 0.00 0.00 0.00 0.00 0.00 0.00 0.00 0.00 0.00 0.00 0.00 0.00 0.00 0.00 0.00 0.00 0.00 0.00 0.00 0.00 0.00 0.00 0.00 0.00 0.00 0.00 0.00 0.00 0.00 0.00 0.00 0.00 0.00 0.00 0.00 0.00 0.00 0.00 0.00 0.00 0.00 0.00 3.60 4.98 3.49 3.04 2.93 3.41 3.85 3.85 3.85 3.78 3.78 3.78 3.78 3.83 3.83 3.83 3.83 3.87 3.88 3.88 3.88 4.00 4.01 4.00 4.00 4.06 4.06 4.06 4.06 7.68 5.69 2.06 0.00
0.00 0.00 0.00 0.00 0.00 0.00 0.00 0.00 0.00 0.00 0.00 0.00 0.00 0.00 0.00 0.00 0.00 0.00 0.00 0.00 0.00 0.00 0.00 0.00 0.00 0.00 0.00 0.00 0.00 0.00 0.00 0.00 0.00 0.00 0.00 0.00 0.00 0.00 0.00 0.00 0.00 0.00 0.00 0.00 0.00 0.00 0.00 0.00 0.00 0.00 6.71 6.89 3.46 3.47 3.04 3.04 2.98 3.85 3.85 3.95 3.78 3.09 3.90 3.90 3.83 3.83 3.83 3.83 3.87 3.88 3.88 3.88 4.00 3.08 3.08 3.08 3.08 4.06 4.06 4.06 3.63 0.00 0.00 0.00
0.00 0.00 0.00 0.00 0.00 0.00 0.00 0.00 0.00 0.00 0.00 0.00 0.00 0.00 0.00 0.00 0.00 0.00 0.00 0.00 0.00 0.00 0.00 0.00 0.00 0.00 0.00 0.00 0.00 0.00 0.00 0.00 0.00 0.00 0.00 0.00 0.00 0.00 0.00 0.00 0.00 0.00 0.00 0.00 0.00 0.00 0.00 0.00 0.00 6.66 2.93 2.93 3.04 3.43 3.43 3.90 2.98 2.98 3.85 3.85 3.78 3.11 3.90 3.90 3.83 3.83 3.83 3.83 3.87 3.09 3.88 3.88 4.00 3.08 3.28 3.08 3.08 4.06 4.06 7.69 0.00 0.00 0.00 0.00
0.00 0.00 0.00 0.00 0.00 0.00 0.00 0.00 0.00 0.00 0.00 0.00 0.00 0.00 0.00 0.00 0.00 0.00 0.00 0.00 0.00 0.00 0.00 0.00 0.00 0.00 0.00 0.00 0.00 0.00 0.00 0.00 0.00 0.00 0.00 0.00 0.00 0.00 0.00 0.00 0.00 0.00 0.00 0.00 0.00 0.00 0.00 0.00 7.18 3.08 3.08 2.93 3.04 3.04 3.04 3.04 2.98 2.98 3.85 3.85 3.78 3.90 3.90 7.53 3.83 3.83 3.83 7.46 6.75 3.87 3.88 3.88 4.00 3.28 3.28 3.28 3.08 3.08 4.06 7.69 0.00 0.00 0.00 0.00
