New_Model_Runs/7_FutureClimate_RCP85_out/post_prcessed_with_MFR/Monthly_summaries/net_infiltration_monthly_FEB.asc
NCOLS 700
NROWS 400
XLLCENTER 515000.000000
YLLCENTER 8409000.000000
CELLSIZE 50.000000
NODATA_value -999.000000
[rows 266 to 303 of 400, columns 252 to 335 of 700]
4.54 5.52 6.91 7.11 4.68 4.68 4.68 4.68 4.84 4.68 1.04 4.26 4.02 4.22 7.70 4.02 7.50 4.26 4.26 4.22 4.10 1.00 3.34 3.34 4.69 4.90 4.69 3.70 5.12 4.30 4.30 4.10 4.10 6.16 6.21 6.00 1.34 6.49 2.80 2.80 2.80 2.80 2.80 0.94 8.11 4.83 4.82 3.59 2.79 2.79 2.99 3.19 2.55 3.92 2.55 2.34 0.89 2.48 2.75 6.43 4.12 5.62 5.62 2.14 2.14 2.14 2.14 2.14 0.77 0.00 0.00 0.00 0.00 0.77 0.77 2.31 2.31 0.77 0.77 0.77 2.31 0.00 0.00 0.00
5.52 6.91 6.02 6.91 5.90 4.68 4.68 4.68 4.68 4.68 4.02 4.26 7.30 8.50 7.50 7.73 7.50 3.46 4.26 4.47 4.10 0.79 3.34 3.34 6.62 0.55 0.55 1.85 4.30 1.02 2.65 2.65 2.65 3.65 2.93 2.72 3.01 4.53 0.94 2.80 2.80 2.80 2.80 0.94 4.21 4.83 5.21 3.59 2.79 5.00 5.00 3.52 2.14 3.92 1.09 2.55 0.68 2.14 2.34 5.62 5.41 5.62 2.34 2.14 2.34 2.34 2.14 2.14 0.77 0.00 0.00 0.00 0.00 2.31 0.77 0.77 0.77 0.77 2.31 0.00 0.00 0.00 0.00 0.00
4.54 6.89 6.08 5.32 4.68 4.68 4.68 4.68 4.88 4.88 4.02 7.30 8.24 5.17 5.78 9.06 4.32 6.74 4.26 4.43 3.75 0.79 1.00 1.00 0.79 0.55 0.55 0.82 4.10 2.65 2.65 5.32 1.07 1.22 3.13 3.13 2.80 2.80 0.94 2.80 2.80 0.94 2.80 4.21 6.04 6.04 2.96 5.02 4.97 4.97 4.97 4.97 2.14 2.14 5.62 0.68 2.14 5.41 3.96 0.68 0.68 2.34 5.62 2.14 2.34 2.14 2.14 0.68 2.31 0.00 0.00 0.00 2.31 0.77 0.77 0.77 2.31 2.31 0.00 0.00 0.00 0.00 0.00 0.00
6.23 6.02 6.43 6.46 4.68 4.68 5.57 7.74 7.22 8.36 7.54 7.96 5.02 5.17 5.99 5.58 4.26 4.22 4.43 4.88 3.84 3.64 1.82 3.34 2.64 0.79 2.65 2.68 4.10 2.65 2.65 2.65 1.02 2.93 1.28 4.55 0.94 2.80 2.80 2.80 0.84 4.10 4.10 4.17 4.17 1.31 5.02 4.81 4.80 4.97 4.97 4.80 2.14 2.14 5.41 3.96 3.96 0.68 0.68 0.68 0.68 0.89 0.89 2.14 2.14 2.14 2.14 0.68 2.31 0.00 2.31 0.77 0.77 0.77 2.58 2.31 2.31 0.00 0.00 0.00 0.00 0.00 0.00 0.00
6.23 5.67 5.67 6.02 7.13 6.55 7.30 4.22 4.22 4.02 5.51 5.08 4.88 4.47 4.88 1.24 4.75 4.47 4.63 5.29 3.84 3.34 3.34 3.34 3.60 3.34 2.65 0.79 5.92 2.68 2.65 2.65 2.73 2.72 2.72 6.00 3.12 2.80 2.80 0.94 4.17 4.17 4.17 6.06 2.79 5.40 5.22 5.03 3.79 4.97 5.01 4.80 1.82 2.14 5.41 3.96 0.68 0.68 0.68 0.64 2.14 0.68 0.68 2.14 2.14 0.68 0.68 2.14 2.31 2.31 0.77 0.77 0.77 2.31 0.00 0.00 2.52 2.52 0.00 0.00 0.00 0.00 0.00 0.00
7.22 6.02 5.67 3.09 7.30 4.02 4.02 4.02 3.33 3.46 4.47 1.85 5.08 4.26 4.26 4.02 6.18 6.18 6.18 6.38 3.14 3.34 3.55 3.55 3.34 2.94 1.01 4.11 2.68 2.68 2.68 2.72 2.72 0.87 2.73 4.15 4.21 4.21 6.04 4.10 4.17 6.04 2.99 2.79 2.79 4.99 0.84 2.99 2.99 2.79 4.97 4.80 5.09 3.96 0.89 0.68 0.68 2.14 2.14 0.68 0.68 2.14 2.14 0.68 0.68 2.14 2.14 2.14 0.77 0.77 0.77 2.31 0.00 0.00 0.00 0.00 0.00 0.00 0.00 0.00 0.00 0.00 0.00 0.00
6.02 6.88 7.26 8.06 4.02 4.02 4.02 4.02 4.68 3.66 1.04 1.24 1.04 1.04 3.66 4.88 5.84 6.15 4.02 4.02 2.64 3.34 3.55 0.79 3.55 3.14 1.02 4.10 0.89 3.41 0.82 2.65 2.90 0.87 3.83 6.00 4.21 0.90 2.99 2.96 2.76 3.52 2.79 2.79 2.99 2.99 2.79 2.79 2.79 2.79 6.06 6.27 2.27 0.89 1.09 0.89 2.14 2.14 0.68 0.68 0.68 2.14 0.68 0.68 2.14 2.14 0.68 0.68 0.82 2.31 0.77 0.00 0.00 0.00 0.00 0.00 0.00 0.00 0.00 0.00 0.00 0.00 0.00 0.00
6.88 7.26 8.06 4.78 4.22 4.22 4.02 4.68 4.68 4.43 4.43 6.07 4.02 4.63 4.43 6.06 6.15 4.02 1.04 4.37 2.64 3.55 3.75 3.34 2.88 2.88 2.68 5.96 2.68 2.65 2.65 3.80 2.90 0.87 3.83 3.83 6.40 3.52 2.99 2.96 0.90 3.52 4.98 4.98 5.17 2.99 2.79 1.31 6.47 6.27 2.79 3.19 1.82 0.68 0.68 0.68 2.14 2.14 0.68 2.14 0.68 0.68 2.14 2.14 0.68 0.68 0.68 2.14 2.31 0.00 0.00 0.00 0.00 0.00 0.00 0.00 0.00 0.00 0.00 0.00 0.00 0.00 0.00 0.00
4.03 7.60 4.32 4.12 3.11 4.02 4.39 4.19 4.19 3.76 4.18 3.97 3.76 3.97 3.97 3.56 3.56 0.93 3.77 5.24 4.87 3.51 1.96 2.66 5.19 4.89 2.62 8.26 4.96 6.41 2.41 2.39 2.39 2.45 3.53 2.46 6.14 5.67 2.35 2.12 2.14 4.53 4.53 4.53 4.27 2.14 2.14 4.37 6.38 2.90 3.10 2.23 3.53 1.26 3.53 1.26 1.26 3.81 1.26 1.26 3.81 3.81 3.81 1.26 1.26 1.26 3.81 3.81 0.00 0.00 0.00 0.00 0.00 0.00 0.00 0.00 0.00 0.00 0.00 0.00 0.00 0.00 0.00 0.00
7.52 8.31 7.60 6.70 2.96 2.96 3.97 3.77 4.19 3.77 3.97 3.77 3.77 3.77 7.25 7.25 6.84 7.05 6.69 8.73 5.07 3.51 3.71 2.82 3.33 3.54 6.30 4.23 4.23 2.62 2.41 2.42 0.75 2.39 3.16 2.46 3.22 5.67 2.35 2.84 4.53 4.28 2.84 2.84 2.84 5.56 6.18 2.90 2.90 1.82 1.82 1.82 3.53 1.26 1.26 3.81 3.81 1.26 3.81 3.81 3.81 1.26 1.26 1.26 3.81 3.81 4.64 4.35 0.00 0.00 0.00 0.00 0.00 0.00 0.00 0.00 0.00 0.00 0.00 0.00 0.00 0.00 0.00 0.00
6.90 3.37 3.42 6.04 6.23 6.89 7.25 7.65 7.25 7.05 7.25 7.25 7.05 7.25 4.38 3.97 3.97 3.41 3.21 6.69 6.58 6.58 3.02 3.38 6.10 6.51 6.51 6.10 1.16 1.16 2.41 2.59 2.59 2.39 2.39 3.16 2.18 2.18 5.42 2.14 2.14 2.35 4.47 6.12 5.10 1.82 2.90 1.82 1.82 1.82 1.82 1.82 3.81 3.81 3.81 1.26 1.26 3.81 3.81 1.26 1.26 1.26 3.81 3.81 4.63 4.35 4.35 3.53 0.00 0.00 0.00 0.00 0.00 0.00 0.00 0.00 0.00 0.00 0.00 0.00 0.00 0.00 0.00 0.00
7.40 4.12 0.83 4.80 4.02 7.61 7.86 7.65 5.01 3.56 3.76 3.97 7.25 8.13 4.38 3.56 4.65 4.19 3.56 3.56 2.89 2.89 6.41 5.69 5.69 6.10 6.07 4.23 0.75 0.96 0.75 2.59 2.39 2.39 2.41 2.51 2.59 2.39 2.18 5.42 5.60 2.55 5.76 3.96 1.82 1.82 1.82 1.82 1.82 1.82 2.14 0.68 1.26 1.26 1.26 1.26 3.81 1.26 1.26 1.26 3.81 3.81 4.35 4.35 3.53 3.53 3.53 0.00 0.00 0.00 0.00 0.00 0.00 0.00 0.00 0.00 0.00 0.00 0.00 0.00 0.00 0.00 0.00 0.00
7.40 4.12 4.17 4.53 3.61 8.02 3.39 7.30 6.47 3.56 3.77 3.76 5.84 5.63 7.45 1.13 4.19 3.56 3.56 3.56 3.21 2.65 3.16 6.41 2.39 0.75 5.69 4.09 4.09 4.03 4.03 4.03 2.41 2.41 2.41 2.41 1.09 1.09 2.18 2.14 5.76 4.17 2.14 2.28 1.82 1.82 1.82 1.82 2.14 0.68 0.68 2.14 3.81 3.81 3.81 1.26 1.26 1.26 1.26 3.81 4.35 4.35 3.53 0.00 0.00 0.00 0.00 0.00 0.00 0.00 0.00 0.00 0.00 0.00 0.00 0.00 0.00 0.00 0.00 0.00 0.00 0.00 0.00 0.00
3.37 6.70 7.11 4.53 7.50 2.78 5.01 4.79 8.47 5.01 4.19 4.19 5.63 4.19 4.39 6.57 3.56 4.19 4.19 4.19 3.62 3.56 3.16 5.93 5.73 4.03 2.51 0.75 5.73 5.73 5.66 2.39 5.66 5.69 2.41 2.41 2.35 0.68 3.96 5.40 2.28 0.68 2.90 1.82 1.82 1.82 2.14 0.68 0.68 2.14 2.14 2.14 3.81 3.81 1.26 1.26 1.26 3.81 4.35 4.35 4.35 3.53 0.00 0.00 0.00 0.00 0.00 0.00 0.00 0.00 0.00 0.00 0.00 0.00 0.00 0.00 0.00 0.00 0.00 0.00 0.00 0.00 0.00 0.00
3.96 3.42 6.64 7.40 6.47 4.02 3.90 2.70 5.98 4.43 2.37 4.19 4.19 6.23 3.56 1.07 7.05 5.29 4.19 3.56 2.86 4.14 3.53 0.80 2.45 5.73 2.66 0.80 3.16 3.16 3.53 0.80 1.00 4.44 2.41 2.41 5.63 4.17 0.68 2.12 0.68 0.68 0.68 1.82 1.82 2.14 0.68 0.68 2.14 2.14 2.14 2.14 1.26 1.26 1.26 1.26 4.19 3.53 4.42 3.53 3.53 0.00 0.00 0.00 0.00 0.00 0.00 0.00 0.00 0.00 0.00 0.00 0.00 0.00 0.00 0.00 0.00 0.00 0.00 0.00 0.00 0.00 0.00 0.00
3.84 3.96 3.96 4.12 7.25 3.56 3.09 3.56 4.35 0.87 2.91 3.56 4.31 7.59 6.84 6.84 8.57 5.29 3.77 3.77 2.45 1.00 0.74 2.45 5.73 5.93 1.15 1.00 0.80 3.36 3.36 0.80 3.06 1.20 5.79 5.69 5.63 3.07 2.14 2.14 0.68 0.68 0.68 2.14 0.68 0.68 2.14 2.14 2.14 2.14 0.68 0.68 1.26 1.26 4.19 3.53 0.00 0.00 0.00 0.00 0.00 0.00 0.00 0.00 0.00 0.00 0.00 0.00 0.00 0.00 0.00 0.00 0.00 0.00 0.00 0.00 0.00 0.00 0.00 0.00 0.00 0.00 0.00 0.00
3.42 4.37 3.78 3.42 3.77 7.05 7.47 2.91 3.99 6.18 2.91 0.71 4.31 4.31 4.31 3.09 6.84 0.93 3.56 2.83 5.93 4.28 5.73 2.45 4.07 2.45 2.66 0.80 2.66 3.36 2.66 2.45 1.00 4.28 5.87 3.03 1.30 2.84 2.28 2.12 3.21 2.14 2.14 2.14 0.68 0.68 0.68 2.14 2.14 0.68 0.68 0.68 3.81 3.53 0.00 0.00 0.00 0.00 0.00 0.00 0.00 0.00 0.00 0.00 0.00 0.00 0.00 0.00 0.00 0.00 0.00 0.00 0.00 0.00 0.00 0.00 0.00 0.00 0.00 0.00 0.00 0.00 0.00 0.00
3.96 4.12 3.83 3.42 2.96 4.65 7.04 6.18 6.23 6.23 6.18 2.96 3.46 1.21 4.44 3.97 6.84 7.45 6.36 4.18 5.73 2.45 2.45 2.45 5.93 0.80 2.45 2.45 2.86 3.73 3.16 6.43 5.73 2.39 0.96 2.80 2.57 2.84 3.05 2.12 3.21 2.14 2.14 2.14 2.14 0.68 0.68 0.68 0.68 0.68 2.14 2.14 3.53 0.00 0.00 0.00 0.00 0.00 0.00 0.00 0.00 0.00 0.00 0.00 0.00 0.00 0.00 0.00 0.00 0.00 0.00 0.00 0.00 0.00 0.00 0.00 0.00 0.00 0.00 0.00 0.00 0.00 0.00 0.00
4.17 7.44 7.44 6.64 6.23 6.23 6.44 2.96 2.96 2.96 2.96 6.18 2.91 1.21 3.97 3.97 5.02 2.56 1.72 1.11 3.16 2.65 2.45 2.45 2.65 4.11 5.93 2.86 2.66 5.93 4.07 2.39 2.39 2.39 2.39 2.39 2.28 2.12 2.50 2.35 2.14 2.14 2.14 2.14 2.14 0.68 0.68 0.68 2.14 2.14 2.76 0.00 0.00 0.00 0.00 0.00 0.00 0.00 0.00 0.00 0.00 0.00 0.00 0.00 0.00 0.00 0.00 0.00 0.00 0.00 0.00 0.00 0.00 0.00 0.00 0.00 0.00 0.00 0.00 0.00 0.00 0.00 0.00 0.00
3.78 3.83 4.32 7.40 6.23 2.96 2.96 2.96 2.96 1.21 2.96 2.96 6.64 7.05 6.18 7.25 4.38 7.86 3.24 3.76 2.86 2.66 2.45 2.45 2.45 2.65 3.34 4.48 6.13 5.73 2.51 0.75 2.39 2.51 2.41 2.41 0.68 2.14 2.14 2.14 0.68 0.68 2.14 0.68 0.68 0.68 2.14 2.14 2.76 1.82 0.00 0.00 0.00 0.00 0.00 0.00 0.00 0.00 0.00 0.00 0.00 0.00 0.00 0.00 0.00 0.00 0.00 0.00 0.00 0.00 0.00 0.00 0.00 0.00 0.00 0.00 0.00 0.00 0.00 0.00 0.00 0.00 0.00 0.00
3.67 6.70 6.70 3.42 2.96 2.96 2.96 2.96 2.96 3.41 2.96 2.96 6.64 7.71 3.32 1.48 3.56 2.83 6.11 3.76 3.56 3.36 3.16 3.16 3.16 2.45 5.73 5.93 0.80 2.39 3.13 0.96 0.96 2.51 2.41 2.41 2.14 2.14 2.14 0.68 0.68 0.68 0.68 0.68 0.68 2.14 2.35 2.97 0.00 0.00 0.00 0.00 0.00 0.00 0.00 0.00 0.00 0.00 0.00 0.00 0.00 0.00 0.00 0.00 0.00 0.00 0.00 0.00 0.00 0.00 0.00 0.00 0.00 0.00 0.00 0.00 0.00 0.00 0.00 0.00 0.00 0.00 0.00 0.00
6.74 3.47 3.42 3.42 2.96 2.96 2.96 2.96 2.96 2.96 2.96 2.96 2.96 6.23 4.02 2.91 3.56 2.83 2.83 6.49 3.36 3.16 3.16 3.16 6.43 5.73 3.16 0.80 2.45 3.13 3.13 2.62 2.62 2.41 2.41 2.41 2.14 2.14 2.14 0.74 0.68 0.68 0.68 2.14 2.14 2.14 0.85 2.76 0.00 0.00 0.00 0.00 0.00 0.00 0.00 0.00 0.00 0.00 0.00 0.00 0.00 0.00 0.00 0.00 0.00 0.00 0.00 0.00 0.00 0.00 0.00 0.00 0.00 0.00 0.00 0.00 0.00 0.00 0.00 0.00 0.00 0.00 0.00 0.00
3.47 3.47 3.42 3.42 2.96 2.96 2.96 2.96 2.96 2.96 2.96 2.96 2.96 6.23 6.64 4.02 3.73 3.95 3.95 3.76 5.93 4.01 6.43 6.43 5.73 3.36 3.16 0.80 1.00 2.66 2.41 2.41 2.41 2.41 2.41 2.41 2.14 2.14 0.68 0.68 0.68 2.14 2.14 2.14 2.14 5.42 7.53 2.81 2.12 0.00 0.00 0.00 0.00 0.00 0.00 0.00 0.00 0.00 0.00 0.00 0.00 0.00 0.00 0.00 0.00 0.00 0.00 0.00 0.00 0.00 0.00 0.00 0.00 0.00 0.00 0.00 0.00 0.00 0.00 0.00 0.00 0.00 0.00 0.00
3.42 3.42 3.42 3.42 2.96 2.96 2.96 2.96 2.96 2.96 2.96 2.96 2.96 2.96 4.90 3.57 3.95 3.95 3.01 3.24 6.14 5.73 6.80 5.93 7.01 1.61 3.68 3.07 4.34 2.86 2.41 2.41 2.41 2.41 2.41 2.41 2.14 2.14 2.14 2.28 2.14 2.14 2.14 2.14 5.63 2.14 2.39 0.93 2.12 0.00 0.00 0.00 0.00 0.00 0.00 0.00 0.00 0.00 0.00 0.00 0.00 0.00 0.00 0.00 0.00 0.00 0.00 0.00 0.00 0.00 0.00 0.00 0.00 0.00 0.00 0.00 0.00 0.00 0.00 0.00 0.00 0.00 0.00 0.00
3.05 3.05 3.05 3.05 2.72 2.72 2.72 3.12 3.53 2.72 2.72 1.10 2.72 2.72 1.19 5.98 2.50 2.50 2.50 5.90 5.68 3.22 3.22 3.21 3.41 6.90 6.90 6.28 3.01 2.80 2.19 2.15 2.15 2.15 2.15 2.15 1.94 1.94 1.94 1.94 1.94 1.94 3.91 4.32 2.59 3.97 1.98 2.18 1.92 0.00 0.00 0.00 0.00 0.00 0.00 0.00 0.00 0.00 0.00 0.00 0.00 0.00 0.00 0.00 0.00 0.00 0.00 0.00 0.00 0.00 0.00 0.00 0.00 0.00 0.00 0.00 0.00 0.00 0.00 0.00 0.00 0.00 0.00 0.00
3.05 3.05 3.05 3.05 2.72 2.72 2.72 3.12 3.53 2.72 2.72 2.72 2.72 2.72 2.72 5.78 5.77 5.78 4.00 0.72 1.68 2.87 3.43 4.30 4.03 3.62 2.56 5.16 8.74 4.64 4.64 2.15 2.15 2.15 2.15 2.15 1.94 1.94 1.94 1.94 1.94 5.22 4.11 5.66 5.86 5.66 2.18 1.98 1.92 0.00 0.00 0.00 0.00 0.00 0.00 0.00 0.00 0.00 0.00 0.00 0.00 0.00 0.00 0.00 0.00 0.00 0.00 0.00 0.00 0.00 0.00 0.00 0.00 0.00 0.00 0.00 0.00 0.00 0.00 0.00 0.00 0.00 0.00 0.00
3.05 3.05 3.05 3.05 2.72 2.72 2.72 2.72 5.99 2.72 2.72 2.72 2.72 2.72 2.42 5.69 5.88 1.13 0.72 2.42 2.13 2.19 3.22 3.08 2.80 1.68 3.82 3.41 3.21 7.10 9.35 5.60 2.15 2.15 2.15 2.15 1.94 1.94 5.22 5.22 5.22 5.42 5.45 6.07 5.86 5.86 2.59 2.18 2.13 0.00 0.00 0.00 0.00 0.00 0.00 0.00 0.00 0.00 0.00 0.00 0.00 0.00 0.00 0.00 0.00 0.00 0.00 0.00 0.00 0.00 0.00 0.00 0.00 0.00 0.00 0.00 0.00 0.00 0.00 0.00 0.00 0.00 0.00 0.00
3.05 3.05 3.05 4.40 2.72 2.72 2.72 3.69 2.72 5.99 2.72 2.72 2.72 5.99 5.69 6.10 3.55 3.59 2.40 2.42 2.13 2.12 2.87 2.87 3.22 3.28 3.43 3.03 4.62 1.94 2.15 5.88 5.47 5.43 5.43 5.43 5.22 5.22 1.94 2.14 2.38 2.59 7.52 8.13 5.86 4.63 4.63 2.59 2.64 0.00 0.00 0.00 0.00 0.00 0.00 0.00 0.00 0.00 0.00 0.00 0.00 0.00 0.00 0.00 0.00 0.00 0.00 0.00 0.00 0.00 0.00 0.00 0.00 0.00 0.00 0.00 0.00 0.00 0.00 0.00 0.00 0.00 0.00 0.00
3.05 3.05 3.05 3.05 2.72 2.72 1.10 2.72 2.72 5.99 2.72 2.72 5.99 6.42 5.69 6.49 6.31 5.90 4.00 2.40 2.83 2.83 3.03 2.87 2.87 3.08 2.13 2.83 2.59 3.03 2.83 2.40 2.40 2.15 2.15 2.15 1.94 1.94 2.13 2.38 2.99 5.46 4.24 4.24 4.43 4.22 4.22 4.43 2.18 0.00 0.00 0.00 0.00 0.00 0.00 0.00 0.00 0.00 0.00 0.00 0.00 0.00 0.00 0.00 0.00 0.00 0.00 0.00 0.00 0.00 0.00 0.00 0.00 0.00 0.00 0.00 0.00 0.00 0.00 0.00 0.00 0.00 0.00 0.00
3.05 3.05 3.05 3.05 2.72 2.72 2.72 2.72 2.72 5.99 5.99 5.95 3.35 3.14 6.67 2.83 3.75 2.62 5.17 6.10 6.63 6.01 3.23 3.23 3.03 2.75 3.44 3.23 3.03 2.83 2.83 3.27 2.46 2.19 2.15 2.15 1.94 2.69 2.43 2.84 4.60 6.27 2.18 0.87 4.22 4.22 4.22 4.22 4.17 0.00 0.00 0.00 0.00 0.00 0.00 0.00 0.00 0.00 0.00 0.00 0.00 0.00 0.00 0.00 0.00 0.00 0.00 0.00 0.00 0.00 0.00 0.00 0.00 0.00 0.00 0.00 0.00 0.00 0.00 0.00 0.00 0.00 0.00 0.00
3.05 3.05 3.05 3.05 2.72 2.72 2.72 2.72 6.41 5.99 3.22 3.22 3.39 4.27 6.67 3.14 3.14 2.62 5.90 3.23 3.14 2.74 4.52 3.23 3.14 2.27 1.66 2.54 2.13 2.83 2.83 3.06 3.06 2.60 2.15 2.15 3.18 3.20 2.65 2.99 2.18 6.13 2.38 4.43 4.21 4.21 4.21 2.60 0.00 1.92 0.00 0.00 0.00 0.00 0.00 0.00 0.00 0.00 0.00 0.00 0.00 0.00 0.00 0.00 0.00 0.00 0.00 0.00 0.00 0.00 0.00 0.00 0.00 0.00 0.00 0.00 0.00 0.00 0.00 0.00 0.00 0.00 0.00 0.00
3.05 3.05 3.05 3.88 2.72 2.72 5.99 5.95 2.67 2.72 3.22 3.68 4.27 4.27 5.69 3.14 3.34 2.83 6.72 1.74 2.33 2.54 1.45 6.01 3.14 3.14 3.97 2.70 2.13 2.83 3.06 2.83 2.60 2.60 2.19 3.63 0.87 2.59 3.26 2.65 4.27 6.53 2.38 2.18 4.21 4.21 4.21 2.60 0.00 0.00 0.00 0.00 0.00 0.00 0.00 0.00 0.00 0.00 0.00 0.00 0.00 0.00 0.00 0.00 0.00 0.00 0.00 0.00 0.00 0.00 0.00 0.00 0.00 0.00 0.00 0.00 0.00 0.00 0.00 0.00 0.00 0.00 0.00 0.00
6.33 3.05 3.05 3.05 5.99 5.99 2.72 2.72 3.35 3.22 3.68 4.28 3.80 3.01 5.88 2.40 3.34 3.59 3.03 3.42 1.87 3.56 3.34 2.52 5.80 1.46 3.09 4.25 1.68 3.24 2.87 4.64 2.19 2.40 2.60 1.33 4.67 5.08 4.35 5.92 3.02 1.97 5.46 1.97 4.21 2.60 2.60 1.92 0.00 0.00 0.00 0.00 0.00 0.00 0.00 0.00 0.00 0.00 0.00 0.00 0.00 0.00 0.00 0.00 0.00 0.00 0.00 0.00 0.00 0.00 0.00 0.00 0.00 0.00 0.00 0.00 0.00 0.00 0.00 0.00 0.00 0.00 0.00 0.00
5.74 6.33 6.33 6.33 5.99 2.72 2.72 2.72 2.72 3.68 3.68 4.57 3.39 4.00 5.88 1.89 1.89 3.14 2.42 2.83 1.87 4.18 3.44 3.27 2.32 6.71 6.92 2.83 3.44 2.60 5.05 5.05 4.62 2.40 2.19 5.88 6.07 5.86 4.46 4.26 1.97 7.71 5.66 4.43 2.60 0.00 0.00 0.00 0.00 0.00 0.00 0.00 0.00 0.00 0.00 0.00 0.00 0.00 0.00 0.00 0.00 0.00 0.00 0.00 0.00 0.00 0.00 0.00 0.00 0.00 0.00 0.00 0.00 0.00 0.00 0.00 0.00 0.00 0.00 0.00 0.00 0.00 0.00 0.00
3.00 3.00 3.57 3.05 2.72 3.56 3.62 3.42 3.42 3.88 4.27 4.27 2.42 6.67 2.62 3.14 3.14 4.33 2.42 2.83 3.15 2.93 3.06 3.47 2.52 6.34 6.10 3.03 2.60 2.39 3.28 2.60 4.60 4.60 5.47 5.88 3.26 2.38 1.98 4.25 1.97 5.66 3.40 2.60 2.60 0.00 0.00 0.00 0.00 0.00 0.00 0.00 0.00 0.00 0.00 0.00 0.00 0.00 0.00 0.00 0.00 0.00 0.00 0.00 0.00 0.00 0.00 0.00 0.00 0.00 0.00 0.00 0.00 0.00 0.00 0.00 0.00 0.00 0.00 0.00 0.00 0.00 0.00 0.00
3.21 3.26 3.92 3.00 2.72 4.33 3.97 3.33 3.12 3.76 3.14 3.14 3.59 6.87 3.59 3.59 3.14 4.33 4.53 3.03 2.54 3.27 3.06 3.06 5.80 6.95 2.83 3.22 4.62 4.62 2.19 0.72 0.72 4.60 5.67 2.60 3.99 4.25 4.25 4.25 4.23 5.25 2.18 2.60 1.92 0.00 0.00 0.00 0.00 0.00 0.00 0.00 0.00 0.00 0.00 0.00 0.00 0.00 0.00 0.00 0.00 0.00 0.00 0.00 0.00 0.00 0.00 0.00 0.00 0.00 0.00 0.00 0.00 0.00 0.00 0.00 0.00 0.00 0.00 0.00 0.00 0.00 0.00 0.00
3.82 4.48 4.07 3.87 3.22 2.92 3.33 1.68 3.49 3.34 3.39 3.39 6.49 4.41 3.80 3.14 4.33 4.33 4.33 2.62 3.27 3.06 3.67 3.47 6.95 3.15 3.06 4.01 4.00 2.87 3.22 3.22 2.87 5.47 2.40 2.40 3.99 4.25 4.25 2.60 2.60 1.92 1.92 1.92 1.92 0.00 0.00 0.00 0.00 0.00 0.00 0.00 0.00 0.00 0.00 0.00 0.00 0.00 0.00 0.00 0.00 0.00 0.00 0.00 0.00 0.00 0.00 0.00 0.00 0.00 0.00 0.00 0.00 0.00 0.00 0.00 0.00 0.00 0.00 0.00 0.00 0.00 0.00 0.00
3.41 3.87 3.87 3.72 3.35 3.42 2.72 3.08 3.12 3.39 3.39 7.08 1.74 4.21 3.59 3.14 3.39 3.14 4.56 4.33 3.06 3.27 3.34 6.02 6.75 3.47 4.01 4.01 3.06 3.22 2.87 4.62 4.60 4.32 2.40 2.81 1.92 2.60 2.60 1.92 1.92 0.00 0.00 0.00 0.00 0.00 0.00 0.00 0.00 0.00 0.00 0.00 0.00 0.00 0.00 0.00 0.00 0.00 0.00 0.00 0.00 0.00 0.00 0.00 0.00 0.00 0.00 0.00 0.00 0.00 0.00 0.00 0.00 0.00 0.00 0.00 0.00 0.00 0.00 0.00 0.00 0.00 0.00 0.00
