New_Model_Runs/7_FutureClimate_RCP85_out/post_prcessed_with_MFR/Monthly_summaries/net_infiltration_monthly_MAR.asc
NCOLS 700
NROWS 400
XLLCENTER 515000.000000
YLLCENTER 8409000.000000
CELLSIZE 50.000000
NODATA_value -999.000000
[rows 148 to 184 of 400, columns 336 to 419 of 700]
7.50 7.38 7.38 7.38 7.41 7.41 7.41 7.11 7.08 7.08 7.08 7.08 7.05 7.05 7.05 7.09 6.95 7.71 6.95 6.95 6.95 6.95 6.95 6.95 7.07 7.07 10.70 12.31 12.19 9.49 1.76 5.61 9.38 5.35 0.00 0.00 0.00 5.35 5.35 5.35 5.35 5.35 5.19 5.19 8.83 8.83 10.22 5.52 10.24 5.14 5.14 6.24 6.24 0.00 0.00 0.00 0.00 0.00 0.00 0.00 0.00 0.00 0.00 0.00 0.00 0.00 0.00 0.00 0.00 0.00 0.00 0.00 0.00 0.00 0.00 0.00 0.00 0.00 0.00 0.00 0.00 0.00 0.00 0.00
7.81 7.50 7.50 7.50 7.41 7.41 7.41 7.41 7.08 7.08 7.08 7.86 7.05 7.05 7.05 7.05 6.95 6.95 6.95 6.95 6.95 6.95 6.95 6.95 7.07 7.07 7.07 10.75 11.10 5.84 5.61 5.39 5.35 5.58 5.58 5.35 5.35 5.35 1.95 8.05 11.68 10.74 10.74 9.99 9.99 9.99 10.21 10.21 5.14 5.14 0.00 0.00 0.00 0.00 0.00 0.00 0.00 0.00 0.00 0.00 0.00 0.00 0.00 0.00 0.00 0.00 0.00 0.00 0.00 0.00 0.00 0.00 0.00 0.00 0.00 0.00 0.00 0.00 0.00 0.00 0.00 0.00 0.00 0.00
7.17 7.60 7.50 7.50 7.41 7.41 7.41 7.41 7.08 7.08 7.08 7.08 7.05 7.05 7.05 7.05 6.95 8.36 6.95 6.95 6.95 6.95 6.95 6.95 7.07 7.07 10.70 10.75 5.39 2.66 6.52 5.39 5.35 5.35 1.95 5.35 1.73 1.73 2.29 11.08 11.03 7.12 10.97 10.21 9.23 6.36 6.51 5.19 5.14 5.36 1.74 0.00 0.00 0.00 0.00 0.00 0.00 0.00 0.00 0.00 0.00 0.00 0.00 0.00 0.00 0.00 0.00 0.00 0.00 0.00 0.00 0.00 0.00 0.00 0.00 0.00 0.00 0.00 0.00 0.00 0.00 0.00 0.00 0.00
7.18 7.17 7.72 7.50 7.41 7.36 7.38 7.41 7.38 7.08 7.08 7.08 7.05 7.05 7.05 7.05 6.95 6.95 6.95 6.95 6.95 6.95 6.95 6.95 7.07 10.70 11.51 1.76 5.84 6.29 2.44 6.06 5.35 5.35 10.21 10.44 1.73 11.37 11.59 7.34 6.82 7.18 10.65 10.65 10.43 4.39 5.10 5.21 5.14 0.00 0.00 0.00 0.00 0.00 0.00 0.00 0.00 0.00 0.00 0.00 0.00 0.00 0.00 0.00 0.00 0.00 0.00 0.00 0.00 0.00 0.00 0.00 0.00 0.00 0.00 0.00 0.00 0.00 0.00 0.00 0.00 0.00 0.00 0.00
7.38 8.18 8.47 7.50 7.46 7.36 7.38 7.38 7.38 7.40 7.10 7.10 7.74 7.74 6.98 6.98 6.91 6.91 7.66 6.91 7.04 7.04 7.04 7.04 7.14 10.77 5.57 5.39 5.84 5.84 6.29 5.61 5.35 5.35 5.58 6.55 6.33 12.81 7.57 7.20 7.38 10.65 9.15 10.26 10.26 8.02 1.81 1.58 5.21 0.00 0.00 0.00 0.00 0.00 0.00 0.00 0.00 0.00 0.00 0.00 0.00 0.00 0.00 0.00 0.00 0.00 0.00 0.00 0.00 0.00 0.00 0.00 0.00 0.00 0.00 0.00 0.00 0.00 0.00 0.00 0.00 0.00 0.00 0.00
7.18 7.91 6.82 7.60 7.83 7.28 7.17 8.20 7.85 7.40 7.40 7.10 6.98 6.98 6.98 6.98 6.91 6.91 6.91 6.91 7.04 7.04 7.04 7.04 7.14 6.48 10.11 10.11 5.57 10.74 5.84 5.57 10.18 10.79 9.95 9.95 10.89 7.91 7.31 7.20 7.15 10.65 9.15 5.95 9.90 1.58 1.81 1.81 5.21 0.00 0.00 0.00 0.00 0.00 0.00 0.00 0.00 0.00 0.00 0.00 0.00 0.00 0.00 0.00 0.00 0.00 0.00 0.00 0.00 0.00 0.00 0.00 0.00 0.00 0.00 0.00 0.00 0.00 0.00 0.00 0.00 0.00 0.00 0.00
7.14 8.03 7.80 6.49 6.89 8.59 7.46 7.46 7.40 7.40 7.40 7.10 6.98 6.98 6.98 7.72 6.91 6.91 6.91 6.91 7.04 7.04 7.04 7.04 12.19 12.19 12.19 13.76 10.11 10.11 10.11 10.11 5.58 10.41 9.80 10.48 7.31 11.57 6.86 6.80 7.15 11.01 11.01 5.95 5.44 6.18 6.27 6.27 5.21 6.03 0.00 0.00 0.00 0.00 0.00 0.00 0.00 0.00 0.00 0.00 0.00 0.00 0.00 0.00 0.00 0.00 0.00 0.00 0.00 0.00 0.00 0.00 0.00 0.00 0.00 0.00 0.00 0.00 0.00 0.00 0.00 0.00 0.00 0.00
7.73 7.38 7.80 7.38 7.38 7.38 7.87 7.46 7.40 7.40 7.40 7.40 7.74 6.98 6.98 6.98 6.91 6.91 6.91 6.91 7.04 7.04 7.04 7.04 10.77 7.14 7.14 7.37 7.79 11.55 5.84 6.09 9.58 9.58 9.58 11.12 11.46 7.25 7.02 7.20 6.80 10.67 5.21 5.95 5.44 1.81 6.27 6.27 5.21 9.66 0.00 0.00 0.00 0.00 0.00 0.00 0.00 0.00 0.00 0.00 0.00 0.00 0.00 0.00 0.00 0.00 0.00 0.00 0.00 0.00 0.00 0.00 0.00 0.00 0.00 0.00 0.00 0.00 0.00 0.00 0.00 0.00 0.00 0.00
6.72 7.38 7.87 7.38 7.45 7.45 7.45 7.45 7.39 7.39 7.39 7.39 8.96 7.72 6.96 6.96 6.93 6.93 6.93 6.93 7.03 7.03 7.03 10.66 7.07 7.07 7.07 7.07 6.79 6.54 12.99 6.09 6.47 9.58 9.58 6.63 6.63 7.13 7.13 7.13 10.43 7.38 5.21 5.95 9.58 5.21 6.27 1.58 1.59 5.44 0.23 0.00 0.00 0.00 0.00 0.00 0.00 0.00 0.00 0.00 0.00 0.00 0.00 0.00 0.00 0.00 0.00 0.00 0.00 0.00 0.00 0.00 0.00 0.00 0.00 0.00 0.00 0.00 0.00 0.00 0.00 0.00 0.00 0.00
7.38 7.38 7.47 7.38 7.45 7.45 7.45 7.45 7.39 8.13 7.39 7.39 7.25 7.25 6.96 6.96 6.93 6.93 6.93 6.93 7.78 7.03 7.03 10.66 7.07 7.07 7.45 6.79 6.79 7.48 11.41 9.94 9.58 10.65 6.86 6.63 7.13 7.13 7.13 7.13 6.80 6.63 8.90 5.21 5.41 5.21 1.58 6.27 1.73 5.44 2.04 0.00 0.00 0.00 0.00 0.00 0.00 0.00 0.00 0.00 0.00 0.00 0.00 0.00 0.00 0.00 0.00 0.00 0.00 0.00 0.00 0.00 0.00 0.00 0.00 0.00 0.00 0.00 0.00 0.00 0.00 0.00 0.00 0.00
7.47 7.87 7.47 7.47 7.45 7.45 7.45 7.38 7.38 7.39 7.39 7.39 7.97 7.25 6.96 6.96 6.93 6.93 6.93 7.68 7.03 7.03 10.66 7.41 7.45 7.45 7.45 7.45 7.48 7.48 10.58 7.18 6.80 6.80 7.23 6.80 7.13 7.13 7.13 7.13 7.21 7.21 5.21 5.21 9.90 9.90 1.58 1.81 1.81 5.44 10.11 0.00 0.00 0.00 0.00 0.00 0.00 0.00 0.00 0.00 0.00 0.00 0.00 0.00 0.00 0.00 0.00 0.00 0.00 0.00 0.00 0.00 0.00 0.00 0.00 0.00 0.00 0.00 0.00 0.00 0.00 0.00 0.00 0.00
7.47 7.47 7.86 7.47 7.45 7.45 7.38 7.38 7.38 7.39 7.39 7.39 7.25 7.25 7.25 6.96 6.93 6.93 6.93 6.93 7.03 11.40 11.04 7.41 7.45 7.81 7.45 7.45 7.48 7.48 6.79 7.81 7.23 7.23 7.23 7.23 7.13 7.13 7.13 7.13 7.21 6.80 5.21 9.58 9.58 9.90 5.21 5.21 5.67 5.89 5.44 0.00 0.00 0.00 0.00 0.00 0.00 0.00 0.00 0.00 0.00 0.00 0.00 0.00 0.00 0.00 0.00 0.00 0.00 0.00 0.00 0.00 0.00 0.00 0.00 0.00 0.00 0.00 0.00 0.00 0.00 0.00 0.00 0.00
7.43 7.69 7.38 7.43 7.43 7.43 7.38 7.38 7.37 7.37 7.37 7.37 7.22 7.22 7.22 7.22 6.89 6.89 7.26 7.26 7.33 10.96 7.33 7.33 7.35 7.35 7.35 7.35 7.35 7.72 7.35 7.35 7.13 7.13 7.13 7.46 7.15 7.15 7.15 7.15 7.22 9.15 5.52 7.38 11.46 6.40 7.83 9.58 7.38 7.83 6.01 5.73 0.00 0.00 0.00 0.00 0.00 0.00 0.00 0.00 0.00 0.00 0.00 0.00 0.00 0.00 0.00 0.00 0.00 0.00 0.00 0.00 0.00 0.00 0.00 0.00 0.00 0.00 0.00 0.00 0.00 0.00 0.00 0.00
7.43 8.12 8.12 7.43 7.43 7.43 7.38 7.38 7.38 7.37 7.37 4.98 7.22 7.22 7.22 7.22 7.26 7.26 7.26 7.26 10.96 7.33 7.33 7.33 7.35 8.11 7.35 7.35 7.35 8.11 7.35 7.35 7.13 7.13 7.53 7.53 7.15 7.15 7.15 7.15 7.71 6.63 7.81 6.80 7.02 7.48 7.25 6.80 6.68 7.17 11.21 10.52 5.67 5.67 5.57 5.21 0.00 0.00 0.00 0.00 0.00 0.00 0.00 0.00 0.00 0.00 0.00 0.00 0.00 0.00 0.00 0.00 0.00 0.00 0.00 0.00 0.00 0.00 0.00 0.00 0.00 0.00 0.00 0.00
8.72 9.03 8.72 8.49 8.49 8.49 8.49 8.29 8.97 8.43 8.43 8.43 8.27 8.27 8.27 8.27 7.92 8.31 7.92 7.92 7.98 7.98 7.98 7.98 8.00 8.40 8.00 8.00 8.40 8.00 9.26 8.00 7.43 7.43 7.43 7.43 7.45 7.45 7.45 7.83 7.53 7.53 7.53 7.95 7.18 7.51 7.51 7.51 7.00 6.61 7.06 10.25 9.80 5.85 2.27 5.17 5.17 5.24 5.17 5.17 0.00 0.00 0.00 0.00 0.00 0.00 0.00 0.00 0.00 0.00 0.00 0.00 0.00 0.00 0.00 0.00 0.00 0.00 0.00 0.00 0.00 0.00 0.00 0.00
8.72 8.97 8.97 8.72 8.49 8.49 8.49 8.49 8.43 8.43 8.43 8.43 8.07 8.27 8.27 8.27 7.92 7.92 7.92 7.92 7.98 7.98 7.98 7.98 8.00 8.00 8.00 8.00 8.00 8.00 8.39 8.00 7.43 7.43 7.43 7.43 7.45 7.45 7.84 7.45 7.53 7.53 7.53 7.53 7.51 7.51 7.51 7.51 7.00 7.00 7.23 10.09 11.82 6.01 5.85 5.85 5.62 8.16 8.16 5.57 8.99 0.00 0.00 0.00 0.00 0.00 0.00 0.00 0.00 0.00 0.00 0.00 0.00 0.00 0.00 0.00 0.00 0.00 0.00 0.00 0.00 0.00 0.00 0.00
8.44 8.67 8.70 8.67 8.37 8.37 8.37 8.37 8.06 8.27 8.27 8.06 8.20 8.20 8.20 7.92 7.96 7.96 7.96 7.96 8.01 8.01 8.01 8.01 8.00 8.00 8.00 8.00 7.98 7.98 7.98 7.98 7.46 7.46 7.46 7.46 7.48 7.48 7.48 7.48 7.46 7.46 7.46 7.46 7.44 7.77 7.44 7.44 6.99 6.99 6.61 5.14 10.42 6.01 2.22 6.07 8.53 6.91 6.91 7.36 5.52 8.95 5.33 3.63 0.00 0.00 0.00 0.00 0.00 0.00 0.00 0.00 0.00 0.00 0.00 0.00 0.00 0.00 0.00 0.00 0.00 0.00 0.00 0.00
8.44 8.44 8.44 8.44 8.37 8.37 8.37 8.37 8.27 8.27 8.27 8.27 8.20 8.20 8.20 7.92 7.96 7.96 7.96 7.96 8.01 8.01 8.01 8.01 8.00 8.00 8.00 8.00 7.98 7.98 7.98 7.98 7.46 7.46 7.46 7.46 7.48 7.48 7.48 7.48 7.46 7.46 7.46 7.46 7.44 7.82 7.44 7.44 6.99 6.61 6.61 5.14 6.79 5.17 5.57 5.95 6.91 6.91 6.91 6.91 7.12 10.52 6.89 10.52 0.00 0.00 0.00 0.00 0.00 0.00 0.00 0.00 0.00 0.00 0.00 0.00 0.00 0.00 0.00 0.00 0.00 0.00 0.00 0.00
8.24 8.44 8.44 8.24 8.37 8.37 8.37 8.37 8.27 8.27 8.27 8.27 8.20 8.20 8.20 7.92 7.96 7.96 7.96 7.96 8.01 8.01 8.01 8.01 8.00 8.00 8.00 8.00 7.98 7.98 7.98 7.98 7.46 7.46 7.46 7.46 7.48 7.48 7.48 7.48 7.46 7.46 7.46 7.46 7.44 7.44 7.44 7.44 6.99 6.42 6.42 6.42 6.01 7.36 7.36 7.14 6.91 6.91 6.91 6.91 6.89 10.75 7.12 6.89 0.00 0.00 0.00 0.00 0.00 0.00 0.00 0.00 0.00 0.00 0.00 0.00 0.00 0.00 0.00 0.00 0.00 0.00 0.00 0.00
8.44 8.44 8.44 8.44 8.37 8.15 8.37 8.37 8.27 8.27 8.27 8.27 8.20 8.20 7.92 7.92 7.96 7.96 7.96 7.96 8.01 8.01 8.01 8.01 8.00 8.00 8.00 8.00 7.98 7.98 7.98 7.98 7.46 7.46 7.46 7.46 7.48 7.48 7.48 7.48 7.46 7.46 7.46 7.46 7.44 7.44 7.44 7.44 6.61 6.61 7.59 6.42 7.14 7.59 7.59 7.14 6.91 6.91 7.36 6.84 6.87 8.02 6.84 10.52 0.00 0.00 0.00 0.00 0.00 0.00 0.00 0.00 0.00 0.00 0.00 0.00 0.00 0.00 0.00 0.00 0.00 0.00 0.00 0.00
8.37 8.37 8.37 8.37 8.24 8.24 8.03 8.24 8.26 8.26 8.26 8.26 8.37 8.37 8.09 8.09 8.08 8.08 8.08 8.08 8.08 8.08 8.08 8.46 8.08 8.08 8.08 8.08 8.09 8.09 8.09 8.09 7.57 7.57 7.57 7.57 7.56 7.56 7.56 7.56 4.65 7.18 8.10 7.52 7.49 7.49 7.49 7.49 6.97 7.48 6.97 6.97 6.94 6.94 6.94 6.94 6.91 6.91 7.36 7.29 7.33 5.75 0.00 0.00 0.00 0.00 0.00 0.00 0.00 0.00 0.00 0.00 0.00 0.00 0.00 0.00 0.00 0.00 0.00 0.00 0.00 0.00 0.00 0.00
8.37 8.37 8.37 8.37 8.24 8.24 8.24 8.24 8.26 8.26 8.26 8.26 8.37 8.37 8.09 8.09 8.08 8.08 8.08 8.08 8.08 8.08 8.08 8.08 8.08 8.08 8.08 8.08 8.09 8.09 8.09 8.09 7.57 7.57 7.57 7.57 7.56 7.56 7.56 7.56 7.03 7.52 8.10 7.52 7.49 7.49 7.49 7.49 6.97 6.97 6.97 6.97 6.94 6.94 6.94 6.61 6.61 6.61 6.61 6.61 0.00 0.00 0.00 0.00 0.00 0.00 0.00 0.00 0.00 0.00 0.00 0.00 0.00 0.00 0.00 0.00 0.00 0.00 0.00 0.00 0.00 0.00 0.00 0.00
8.37 8.37 8.37 8.37 8.24 8.24 8.24 8.24 8.26 8.26 8.26 8.26 8.37 8.09 8.09 8.09 8.08 8.08 8.08 8.08 8.08 8.08 8.08 8.08 8.08 8.08 8.08 4.72 9.16 8.09 8.09 8.09 7.57 7.57 7.57 7.57 7.56 7.56 7.56 8.02 7.03 8.10 7.52 7.52 7.71 7.49 7.49 7.49 6.97 6.97 6.97 6.97 6.94 6.61 6.61 6.84 6.84 6.91 6.91 3.63 0.00 0.00 0.00 0.00 0.00 0.00 0.00 0.00 0.00 0.00 0.00 0.00 0.00 0.00 0.00 0.00 0.00 0.00 0.00 0.00 0.00 0.00 0.00 0.00
8.37 8.37 8.37 8.37 8.24 8.24 8.24 8.24 8.26 8.26 8.26 8.26 8.37 8.09 8.09 8.09 8.08 8.48 8.48 9.35 8.08 8.08 8.08 8.08 8.08 8.08 8.08 4.72 4.72 8.09 8.09 8.09 7.57 7.57 7.57 7.57 7.56 7.56 7.85 8.24 7.52 7.03 7.52 7.75 7.63 7.18 7.49 7.49 6.97 6.97 6.97 6.97 6.94 6.84 5.55 6.07 5.85 5.40 0.00 0.00 0.00 0.00 0.00 0.00 0.00 0.00 0.00 0.00 0.00 0.00 0.00 0.00 0.00 0.00 0.00 0.00 0.00 0.00 0.00 0.00 0.00 0.00 0.00 0.00
8.28 8.28 8.28 8.28 8.30 8.30 8.30 8.30 8.41 8.41 8.41 8.41 8.40 8.12 8.12 9.11 8.43 8.01 8.01 8.40 8.06 8.06 8.46 8.06 8.11 8.11 8.11 4.72 4.72 8.38 10.18 10.18 9.00 7.65 7.65 7.65 7.64 7.64 7.18 7.40 7.60 7.60 7.60 7.82 8.47 8.14 7.77 7.54 7.02 6.42 6.61 7.02 6.61 5.75 6.56 3.52 3.12 1.99 0.00 0.00 0.00 0.00 0.00 0.00 0.00 0.00 0.00 0.00 0.00 0.00 0.00 0.00 0.00 0.00 0.00 0.00 0.00 0.00 0.00 0.00 0.00 0.00 0.00 0.00
8.28 8.28 8.28 8.28 8.30 8.30 8.30 8.30 8.41 8.41 8.41 8.41 8.40 8.12 8.52 8.12 8.01 8.01 8.01 8.01 8.06 8.06 8.06 8.06 8.50 8.51 8.11 4.72 4.72 6.67 8.79 11.97 9.00 7.69 9.23 9.00 7.64 7.64 7.86 7.03 7.47 7.60 7.60 7.60 7.04 7.27 7.54 7.54 6.61 6.42 6.61 7.14 9.64 5.59 2.67 6.62 0.90 0.00 0.00 0.00 0.00 0.00 0.00 0.00 0.00 0.00 0.00 0.00 0.00 0.00 0.00 0.00 0.00 0.00 0.00 0.00 0.00 0.00 0.00 0.00 0.00 0.00 0.00 0.00
8.28 8.28 8.28 8.28 8.30 8.30 8.30 8.30 8.41 8.41 8.41 8.41 8.12 10.14 8.12 8.52 8.01 8.01 8.01 8.01 8.06 8.06 8.06 8.45 8.11 8.11 8.51 8.11 8.15 8.38 8.15 12.01 12.17 7.23 9.00 9.00 8.99 7.64 11.26 10.44 10.33 7.80 7.18 7.60 2.36 6.28 8.87 7.54 6.61 6.61 7.14 7.90 0.00 0.00 0.00 0.00 0.00 0.00 0.00 0.00 0.00 0.00 0.00 0.00 0.00 0.00 0.00 0.00 0.00 0.00 0.00 0.00 0.00 0.00 0.00 0.00 0.00 0.00 0.00 0.00 0.00 0.00 0.00 0.00
8.28 8.28 8.28 8.28 8.30 8.30 8.30 8.30 8.41 8.41 8.41 8.41 8.12 8.49 8.12 8.12 8.75 8.01 8.01 8.01 8.06 8.06 8.45 8.06 8.11 8.11 8.11 8.11 8.15 8.54 8.54 8.70 5.31 5.53 9.42 9.00 5.31 5.31 1.68 10.56 5.64 5.31 5.31 12.57 2.46 6.58 6.28 9.33 7.02 9.35 9.35 0.00 0.00 0.00 0.00 0.00 0.00 0.00 0.00 0.00 0.00 0.00 0.00 0.00 0.00 0.00 0.00 0.00 0.00 0.00 0.00 0.00 0.00 0.00 0.00 0.00 0.00 0.00 0.00 0.00 0.00 0.00 0.00 0.00
8.37 8.37 8.03 8.03 8.42 8.42 8.42 8.42 8.38 8.38 8.38 8.38 7.99 7.99 7.99 7.99 8.33 7.94 7.94 7.94 8.02 8.02 8.02 8.02 8.08 8.08 8.08 8.08 8.14 8.14 8.14 8.14 6.70 6.36 5.53 11.96 7.88 6.36 7.65 9.23 5.53 5.53 5.31 5.31 5.53 10.21 5.53 5.76 5.17 9.64 0.00 0.00 0.00 0.00 0.00 0.00 0.00 0.00 0.00 0.00 0.00 0.00 0.00 0.00 0.00 0.00 0.00 0.00 0.00 0.00 0.00 0.00 0.00 0.00 0.00 0.00 0.00 0.00 0.00 0.00 0.00 0.00 0.00 0.00
8.37 8.37 8.37 8.03 8.03 8.42 8.42 8.42 8.38 8.38 10.70 8.59 8.50 8.50 7.99 7.99 7.94 7.94 7.94 7.94 8.02 8.02 8.53 8.02 8.08 8.08 8.08 8.08 8.14 8.14 8.14 8.14 7.89 9.25 5.60 6.09 8.10 8.32 7.26 10.78 5.53 5.53 5.53 5.53 2.58 6.51 1.91 5.31 8.77 0.00 0.00 0.00 0.00 0.00 0.00 0.00 0.00 0.00 0.00 0.00 0.00 0.00 0.00 0.00 0.00 0.00 0.00 0.00 0.00 0.00 0.00 0.00 0.00 0.00 0.00 0.00 0.00 0.00 0.00 0.00 0.00 0.00 0.00 0.00
9.14 9.14 9.14 9.14 9.19 9.19 8.12 8.12 10.38 9.14 9.14 8.82 8.70 8.70 8.70 8.70 8.75 8.75 8.75 8.75 8.84 8.84 8.84 8.84 8.90 8.90 8.90 8.90 8.96 8.96 8.96 8.96 7.85 8.07 8.10 11.48 8.04 8.05 8.73 8.73 6.01 5.78 5.78 6.01 7.33 8.14 7.83 5.55 0.00 0.00 0.00 0.00 0.00 0.00 0.00 0.00 0.00 0.00 0.00 0.00 0.00 0.00 0.00 0.00 0.00 0.00 0.00 0.00 0.00 0.00 0.00 0.00 0.00 0.00 0.00 0.00 0.00 0.00 0.00 0.00 0.00 0.00 0.00 0.00
9.14 9.14 9.14 8.12 8.12 8.12 8.12 8.12 8.12 8.12 9.14 8.82 8.70 8.70 8.70 8.70 8.75 8.75 8.75 8.75 8.84 8.84 8.84 8.84 8.90 8.90 8.90 8.90 8.96 8.96 8.96 8.96 7.85 7.85 7.85 7.85 7.83 7.83 7.83 7.83 8.24 7.69 7.83 2.15 7.69 7.47 5.55 1.93 0.00 0.00 0.00 0.00 0.00 0.00 0.00 0.00 0.00 0.00 0.00 0.00 0.00 0.00 0.00 0.00 0.00 0.00 0.00 0.00 0.00 0.00 0.00 0.00 0.00 0.00 0.00 0.00 0.00 0.00 0.00 0.00 0.00 0.00 0.00 0.00
9.13 8.12 8.12 8.12 8.12 8.94 8.12 8.12 8.12 8.12 8.70 8.80 8.70 8.65 8.65 8.65 8.81 8.81 8.81 8.81 8.85 8.85 8.85 8.85 8.87 8.87 9.30 9.30 8.93 8.93 8.93 8.93 7.78 8.42 7.78 7.78 7.73 7.73 7.73 7.73 7.71 8.61 7.71 8.14 2.40 2.60 8.05 5.55 0.00 0.00 0.00 0.00 0.00 0.00 0.00 0.00 0.00 0.00 0.00 0.00 0.00 0.00 0.00 0.00 0.00 0.00 0.00 0.00 0.00 0.00 0.00 0.00 0.00 0.00 0.00 0.00 0.00 0.00 0.00 0.00 0.00 0.00 0.00 0.00
8.12 8.12 8.12 8.12 8.12 8.12 8.12 8.94 8.12 8.12 11.05 8.70 9.51 8.65 8.65 8.65 8.81 8.81 8.81 8.81 8.85 8.85 8.85 8.85 8.87 8.87 9.30 8.87 8.93 8.93 8.93 9.76 7.82 7.78 7.78 7.78 7.73 7.73 7.73 7.73 7.71 7.71 8.39 7.71 8.81 8.59 8.82 9.03 9.54 5.26 6.18 0.00 0.00 0.00 0.00 0.00 0.00 0.00 0.00 0.00 0.00 0.00 0.00 0.00 0.00 0.00 0.00 0.00 0.00 0.00 0.00 0.00 0.00 0.00 0.00 0.00 0.00 0.00 0.00 0.00 0.00 0.00 0.00 0.00
8.12 8.12 8.12 8.12 8.12 8.12 8.12 8.12 8.12 8.12 8.70 8.60 8.65 8.65 8.65 8.65 8.81 8.81 8.81 8.81 8.85 8.85 8.85 8.85 8.87 8.87 8.87 8.87 8.93 8.93 9.35 8.93 7.82 7.78 8.42 7.78 7.73 7.73 8.58 7.73 7.71 7.71 7.71 7.71 7.71 7.71 7.71 7.71 7.01 5.26 5.26 6.18 6.18 0.00 0.00 0.00 0.00 0.00 0.00 0.00 0.00 0.00 0.00 0.00 0.00 0.00 0.00 0.00 0.00 0.00 0.00 0.00 0.00 0.00 0.00 0.00 0.00 0.00 0.00 0.00 0.00 0.00 0.00 0.00
8.12 8.12 8.12 8.12 8.12 8.12 8.12 8.94 8.12 8.12 8.70 8.60 8.65 8.65 8.65 8.65 8.81 8.81 8.81 8.81 8.85 8.85 8.85 8.85 8.87 8.87 8.87 8.87 8.93 8.93 8.93 8.93 7.78 7.78 7.78 7.78 7.73 7.73 8.36 7.73 7.71 7.71 7.71 7.71 7.71 7.71 8.38 7.71 7.26 6.79 5.26 5.26 9.81 6.18 0.00 0.00 0.00 0.00 0.00 0.00 0.00 0.00 0.00 0.00 0.00 0.00 0.00 0.00 0.00 0.00 0.00 0.00 0.00 0.00 0.00 0.00 0.00 0.00 0.00 0.00 0.00 0.00 0.00 0.00
8.12 8.12 8.12 8.94 8.12 8.12 8.12 8.12 8.12 8.70 8.63 9.04 8.74 8.74 8.74 8.74 8.85 8.85 8.85 8.85 8.86 9.92 9.28 9.28 9.30 10.87 8.87 8.87 8.87 8.87 9.29 9.29 8.37 7.69 7.69 7.69 8.34 7.66 7.66 7.66 7.63 8.30 7.63 7.63 7.63 7.63 7.63 7.63 6.98 6.79 7.21 5.90 5.71 5.26 8.78 8.78 0.00 0.00 0.00 0.00 0.00 0.00 0.00 0.00 0.00 0.00 0.00 0.00 0.00 0.00 0.00 0.00 0.00 0.00 0.00 0.00 0.00 0.00 0.00 0.00 0.00 0.00 0.00 0.00
