New_Model_Runs/7_FutureClimate_RCP85_out/post_prcessed_with_MFR/Monthly_summaries/net_infiltration_monthly_AUG.asc
NCOLS 700
NROWS 400
XLLCENTER 515000.000000
YLLCENTER 8409000.000000
CELLSIZE 50.000000
NODATA_value -999.000000
[rows 148 to 184 of 400, columns 332 to 414 of 700]
4.31 0.68 3.63 0.00 0.00 0.00 0.00 0.00 0.00 0.00 0.00 10.84 10.80 10.80 10.80 10.80 10.76 10.76 10.76 12.20 10.13 11.25 10.13 10.13 10.12 10.12 10.12 10.12 10.27 10.27 13.90 16.23 16.35 13.50 2.96 6.99 12.67 6.34 0.00 0.00 0.00 6.34 6.34 6.34 6.34 6.34 5.81 5.81 10.89 10.89 11.15 6.12 10.66 5.63 5.63 8.42 8.42 0.00 0.00 0.00 0.00 0.00 0.00 0.00 0.00 0.00 0.00 0.00 0.00 0.00 0.00 0.00 0.00 0.00 0.00 0.00 0.00 0.00 0.00 0.00 0.00 0.00 0.00
0.68 0.45 0.00 4.08 0.45 0.00 0.00 0.00 0.00 0.00 0.00 0.00 10.80 10.80 10.80 12.25 10.76 10.76 10.76 10.76 10.13 10.13 10.13 10.13 10.12 10.12 10.12 10.12 10.27 10.27 10.27 15.05 15.57 7.04 6.82 6.59 6.34 6.57 6.57 6.34 6.34 6.34 2.94 11.31 14.94 13.91 13.91 12.35 12.35 12.35 12.58 12.58 5.63 5.63 0.00 0.00 0.00 0.00 0.00 0.00 0.00 0.00 0.00 0.00 0.00 0.00 0.00 0.00 0.00 0.00 0.00 0.00 0.00 0.00 0.00 0.00 0.00 0.00 0.00 0.00 0.00 0.00 0.00
0.23 0.00 0.00 3.85 0.68 0.23 0.00 0.00 0.00 0.00 0.00 0.00 10.80 10.80 10.80 10.80 10.76 10.76 10.76 10.76 10.13 12.33 10.13 10.13 10.12 10.12 10.12 10.12 10.27 10.27 13.90 15.05 6.59 3.87 7.72 6.59 6.34 6.34 2.94 6.34 2.71 2.71 3.33 14.59 14.34 10.28 14.14 12.58 11.57 8.72 8.88 5.81 5.63 5.85 2.22 0.00 0.00 0.00 0.00 0.00 0.00 0.00 0.00 0.00 0.00 0.00 0.00 0.00 0.00 0.00 0.00 0.00 0.00 0.00 0.00 0.00 0.00 0.00 0.00 0.00 0.00 0.00 0.00
0.00 0.00 0.00 3.85 0.23 0.68 0.23 0.00 0.00 0.00 0.00 0.00 0.00 10.80 10.80 10.80 10.76 10.76 10.76 10.76 10.13 10.13 10.13 10.13 10.12 10.12 10.12 10.12 10.27 13.90 15.37 2.96 7.04 7.49 3.64 7.27 6.34 6.34 13.74 13.96 2.71 14.73 14.96 10.51 9.58 8.59 13.93 13.93 13.70 6.81 6.09 6.24 5.63 0.00 0.00 0.00 0.00 0.00 0.00 0.00 0.00 0.00 0.00 0.00 0.00 0.00 0.00 0.00 0.00 0.00 0.00 0.00 0.00 0.00 0.00 0.00 0.00 0.00 0.00 0.00 0.00 0.00 0.00
0.23 0.00 0.23 0.23 0.00 0.23 0.23 0.00 0.00 0.00 0.00 0.00 0.00 0.00 10.83 10.83 12.10 12.10 10.67 10.67 10.08 10.08 11.19 10.08 10.23 10.23 10.23 10.23 10.36 13.99 6.94 6.59 7.04 7.04 7.49 6.82 6.34 6.34 6.57 10.05 9.83 16.17 10.73 8.61 8.79 13.93 13.04 13.87 13.87 10.44 2.84 2.61 6.03 0.00 0.00 0.00 0.00 0.00 0.00 0.00 0.00 0.00 0.00 0.00 0.00 0.00 0.00 0.00 0.00 0.00 0.00 0.00 0.00 0.00 0.00 0.00 0.00 0.00 0.00 0.00 0.00 0.00 0.00
3.63 3.85 0.45 0.45 0.23 0.23 0.00 0.23 0.45 0.00 0.00 0.00 0.00 0.00 0.00 10.83 10.67 10.67 10.67 10.67 10.08 10.08 10.08 10.08 10.23 10.23 10.23 10.23 10.36 11.03 14.65 14.65 6.94 15.51 7.04 6.94 13.68 14.36 13.46 13.46 15.39 12.31 10.92 8.61 8.56 13.93 13.04 10.04 14.11 2.61 2.84 2.84 6.03 0.00 0.00 0.00 0.00 0.00 0.00 0.00 0.00 0.00 0.00 0.00 0.00 0.00 0.00 0.00 0.00 0.00 0.00 0.00 0.00 0.00 0.00 0.00 0.00 0.00 0.00 0.00 0.00 0.00 0.00
0.23 0.23 0.23 0.23 0.45 0.23 0.00 0.00 0.45 0.23 0.00 0.00 0.00 0.00 0.00 10.83 10.67 10.67 10.67 11.84 10.08 10.08 10.08 10.08 10.23 10.23 10.23 10.23 16.14 16.14 16.14 18.53 14.65 14.65 14.65 14.65 6.57 13.91 13.90 14.57 11.40 15.35 10.46 10.07 8.56 14.51 14.51 10.04 6.46 10.27 10.49 10.49 6.03 9.54 0.00 0.00 0.00 0.00 0.00 0.00 0.00 0.00 0.00 0.00 0.00 0.00 0.00 0.00 0.00 0.00 0.00 0.00 0.00 0.00 0.00 0.00 0.00 0.00 0.00 0.00 0.00 0.00 0.00
0.23 0.23 0.00 0.00 0.23 0.00 0.00 0.00 0.00 0.00 0.00 0.00 0.00 0.00 0.00 0.00 12.10 10.67 10.67 10.67 10.08 10.08 10.08 10.08 10.23 10.23 10.23 10.23 13.99 10.36 10.36 10.59 12.13 16.02 7.04 11.06 13.67 13.67 13.67 14.90 14.97 10.52 10.30 8.61 10.07 14.45 6.24 10.04 6.46 2.84 10.49 10.49 6.03 13.17 0.00 0.00 0.00 0.00 0.00 0.00 0.00 0.00 0.00 0.00 0.00 0.00 0.00 0.00 0.00 0.00 0.00 0.00 0.00 0.00 0.00 0.00 0.00 0.00 0.00 0.00 0.00 0.00 0.00
0.00 0.00 0.00 0.00 0.23 0.00 0.00 0.00 0.00 0.00 0.00 0.00 0.00 0.00 0.00 0.00 2.53 12.07 10.64 10.64 10.09 10.09 10.09 10.09 10.23 10.23 10.23 13.85 10.27 10.27 10.27 10.27 11.19 11.51 18.80 11.06 10.80 13.67 13.67 10.24 10.24 8.54 8.54 8.54 13.70 10.89 6.24 10.04 13.67 6.24 10.49 2.61 2.41 6.26 0.23 0.00 0.00 0.00 0.00 0.00 0.00 0.00 0.00 0.00 0.00 0.00 0.00 0.00 0.00 0.00 0.00 0.00 0.00 0.00 0.00 0.00 0.00 0.00 0.00 0.00 0.00 0.00 0.00
0.00 0.00 0.00 0.00 0.00 0.00 0.00 0.00 0.00 0.00 0.00 0.00 0.00 0.00 0.00 0.00 0.00 0.00 10.64 10.64 10.09 10.09 10.09 10.09 11.32 10.23 10.23 13.85 10.27 10.27 9.32 11.19 11.19 9.35 15.85 14.91 13.67 13.93 10.46 10.24 8.54 8.54 8.54 8.54 10.07 10.24 12.33 6.24 6.64 6.24 2.61 10.49 2.75 6.26 2.86 0.00 0.00 0.00 0.00 0.00 0.00 0.00 0.00 0.00 0.00 0.00 0.00 0.00 0.00 0.00 0.00 0.00 0.00 0.00 0.00 0.00 0.00 0.00 0.00 0.00 0.00 0.00 0.00
0.00 0.00 0.00 0.00 0.00 0.00 0.00 0.00 0.00 0.00 0.00 0.00 0.00 0.00 0.00 0.00 0.00 0.00 10.64 10.64 10.09 10.09 10.09 11.21 10.23 10.23 13.85 9.28 9.32 9.32 9.32 9.32 9.35 9.35 14.55 11.15 10.07 10.07 8.64 10.07 8.54 8.54 8.54 8.54 8.62 8.62 6.24 6.24 14.11 14.11 2.61 2.84 2.63 6.26 13.62 0.00 0.00 0.00 0.00 0.00 0.00 0.00 0.00 0.00 0.00 0.00 0.00 0.00 0.00 0.00 0.00 0.00 0.00 0.00 0.00 0.00 0.00 0.00 0.00 0.00 0.00 0.00 0.00
0.00 0.00 0.00 0.00 0.00 0.00 0.00 0.00 0.00 0.00 0.00 0.00 0.00 0.00 0.00 0.00 0.00 0.00 0.00 10.64 10.09 10.09 10.09 10.09 10.23 14.09 12.91 9.28 9.32 10.51 9.32 9.32 9.35 9.35 11.19 10.25 8.64 8.64 8.64 8.64 8.54 8.54 8.54 8.54 8.62 10.07 6.24 13.67 13.67 14.11 6.24 6.24 6.49 6.71 6.26 0.00 0.00 0.00 0.00 0.00 0.00 0.00 0.00 0.00 0.00 0.00 0.00 0.00 0.00 0.00 0.00 0.00 0.00 0.00 0.00 0.00 0.00 0.00 0.00 0.00 0.00 0.00 0.00
0.00 0.00 0.00 0.00 0.00 0.00 0.00 0.00 0.00 0.00 0.00 0.00 0.00 0.00 0.00 0.00 0.00 0.00 0.00 0.00 10.05 10.05 9.28 9.28 9.20 12.83 9.20 9.20 9.22 9.22 9.22 9.22 9.22 10.42 9.22 9.22 8.54 8.54 8.54 10.02 8.56 8.56 8.56 8.56 8.63 13.04 9.41 10.89 14.97 10.49 11.34 13.67 10.19 10.64 6.96 6.67 0.00 0.00 0.00 0.00 0.00 0.00 0.00 0.00 0.00 0.00 0.00 0.00 0.00 0.00 0.00 0.00 0.00 0.00 0.00 0.00 0.00 0.00 0.00 0.00 0.00 0.00 0.00
0.00 0.00 0.00 0.00 0.00 0.00 0.00 0.00 0.00 0.00 0.00 0.00 0.00 0.00 0.00 0.00 0.00 0.00 0.00 0.00 9.28 9.28 9.28 9.28 12.83 9.20 9.20 9.20 9.22 11.03 9.22 9.22 9.22 11.03 9.22 9.22 8.54 8.54 9.58 9.58 8.56 8.56 8.56 8.56 12.15 10.24 12.28 10.07 10.30 10.75 10.52 10.07 9.26 10.07 13.79 13.92 6.49 6.49 6.55 6.03 0.00 0.00 0.00 0.00 0.00 0.00 0.00 0.00 0.00 0.00 0.00 0.00 0.00 0.00 0.00 0.00 0.00 0.00 0.00 0.00 0.00 0.00 0.00
0.00 0.00 0.00 0.00 0.23 0.45 0.23 0.00 0.00 0.00 0.00 0.00 0.00 0.00 0.00 0.00 0.00 0.00 0.00 0.00 9.96 11.40 9.96 9.96 10.02 10.02 10.02 10.02 10.04 11.50 10.04 10.04 11.50 10.04 13.17 10.04 8.74 8.74 8.74 8.74 8.76 8.76 8.76 9.79 8.84 8.84 8.84 11.98 10.35 8.82 8.82 8.82 8.02 9.22 9.67 13.58 13.13 6.72 3.16 6.04 6.04 6.15 6.04 6.04 0.00 0.00 0.00 0.00 0.00 0.00 0.00 0.00 0.00 0.00 0.00 0.00 0.00 0.00 0.00 0.00 0.00 0.00 0.00
0.00 0.00 0.00 0.00 0.23 0.68 0.68 0.23 0.00 0.00 0.00 0.00 0.00 0.00 0.00 0.00 0.00 0.00 0.00 0.00 9.96 9.96 9.96 9.96 10.02 10.02 10.02 10.02 10.04 10.04 10.04 10.04 10.04 10.04 11.49 10.04 8.74 8.74 8.74 8.74 8.76 8.76 9.80 8.76 8.84 8.84 8.84 8.84 8.82 8.82 8.82 8.82 8.02 8.02 8.24 13.50 13.59 9.42 6.72 6.72 6.49 9.62 9.62 6.57 11.89 0.00 0.00 0.00 0.00 0.00 0.00 0.00 0.00 0.00 0.00 0.00 0.00 0.00 0.00 0.00 0.00 0.00 0.00
0.00 0.00 0.00 0.00 0.00 0.23 0.45 0.23 0.00 0.00 0.00 0.00 0.00 0.00 0.00 0.00 0.00 0.00 0.00 10.68 10.00 10.00 10.00 10.00 10.05 10.05 10.05 10.05 10.04 10.04 10.04 10.04 10.02 10.02 10.02 10.02 8.77 8.77 8.77 8.77 8.78 8.78 8.78 8.78 8.77 8.77 8.77 8.77 8.75 10.25 8.75 8.75 8.01 8.01 9.22 8.03 13.43 9.42 3.09 6.94 9.99 7.93 7.93 8.38 6.36 12.14 6.36 3.63 0.00 0.00 0.00 0.00 0.00 0.00 0.00 0.00 0.00 0.00 0.00 0.00 0.00 0.00 0.00
0.00 0.00 0.00 0.00 0.00 0.00 0.00 0.00 0.00 0.00 0.00 0.00 0.00 0.00 0.00 0.00 0.00 0.00 0.00 10.68 10.00 10.00 10.00 10.00 10.05 10.05 10.05 10.05 10.04 10.04 10.04 10.04 10.02 10.02 10.02 10.02 8.77 8.77 8.77 8.77 8.78 8.78 8.78 8.78 8.77 8.77 8.77 8.77 8.75 9.78 8.75 8.75 8.01 9.22 9.22 8.03 9.80 6.04 6.57 9.28 7.93 7.93 7.93 7.93 8.14 11.54 7.91 11.54 0.00 0.00 0.00 0.00 0.00 0.00 0.00 0.00 0.00 0.00 0.00 0.00 0.00 0.00 0.00
0.00 0.00 0.00 0.00 0.00 0.00 0.00 0.00 0.00 0.00 0.00 0.00 0.00 0.00 0.00 0.00 0.00 0.00 0.00 10.68 10.00 10.00 10.00 10.00 10.05 10.05 10.05 10.05 10.04 10.04 10.04 10.04 10.02 10.02 10.02 10.02 8.77 8.77 8.77 8.77 8.78 8.78 8.78 8.78 8.77 8.77 8.77 8.77 8.75 8.75 8.75 8.75 8.01 9.32 9.32 9.32 9.42 10.11 10.11 9.88 7.93 7.93 7.93 7.93 7.91 11.77 8.14 7.91 0.00 0.00 0.00 0.00 0.00 0.00 0.00 0.00 0.00 0.00 0.00 0.00 0.00 0.00 0.00
0.00 0.00 0.00 0.00 0.00 0.00 0.00 0.00 0.00 0.00 0.00 0.00 0.00 0.00 0.00 0.00 0.00 0.00 10.68 10.68 10.00 10.00 10.00 10.00 10.05 10.05 10.05 10.05 10.04 10.04 10.04 10.04 10.02 10.02 10.02 10.02 8.77 8.77 8.77 8.77 8.78 8.78 8.78 8.78 8.77 8.77 8.77 8.77 8.75 8.75 8.75 8.75 9.22 9.22 9.13 9.32 9.88 10.34 10.34 9.88 7.93 7.93 8.38 9.44 9.77 9.04 9.44 11.54 0.00 0.00 0.00 0.00 0.00 0.00 0.00 0.00 0.00 0.00 0.00 0.00 0.00 0.00 0.00
0.00 0.00 0.00 0.00 0.00 0.00 0.00 0.00 0.00 0.00 0.00 0.00 0.00 0.00 0.00 0.00 0.00 0.00 10.85 10.85 10.13 10.13 10.13 10.13 10.12 10.12 10.12 11.57 10.12 10.12 10.12 10.12 10.13 10.13 10.13 10.13 8.88 8.88 8.88 8.88 8.87 8.87 8.87 8.87 6.98 10.35 10.29 8.83 8.80 8.80 8.80 8.80 7.99 10.68 7.99 7.99 7.96 7.96 7.96 7.96 7.92 7.92 8.38 9.89 10.23 6.59 0.00 0.00 0.00 0.00 0.00 0.00 0.00 0.00 0.00 0.00 0.00 0.00 0.00 0.00 0.00 0.00 0.00
0.00 0.00 0.00 0.00 0.00 0.00 0.00 0.00 0.00 0.00 0.00 0.00 0.00 0.00 0.00 0.00 0.00 0.00 10.85 10.85 10.13 10.13 10.13 10.13 10.12 10.12 10.12 10.12 10.12 10.12 10.12 10.12 10.13 10.13 10.13 10.13 8.88 8.88 8.88 8.88 8.87 8.87 8.87 8.87 10.53 8.83 10.29 8.83 8.80 8.80 8.80 8.80 7.99 7.99 7.99 7.99 7.96 7.96 7.96 9.22 9.22 9.22 9.22 9.22 0.00 0.00 0.00 0.00 0.00 0.00 0.00 0.00 0.00 0.00 0.00 0.00 0.00 0.00 0.00 0.00 0.00 0.00 0.00
0.00 0.00 0.00 0.00 0.00 0.00 0.00 0.00 0.00 0.00 0.00 0.00 0.00 0.00 0.00 0.00 0.00 10.85 10.85 10.85 10.13 10.13 10.13 10.13 10.12 10.12 10.12 10.12 10.12 10.12 10.12 7.32 12.46 10.13 10.13 10.13 8.88 8.88 8.88 8.88 8.87 8.87 8.87 9.32 10.53 10.29 8.83 8.83 9.02 8.80 8.80 8.80 7.99 7.99 7.99 7.99 7.96 9.22 9.22 9.44 9.44 7.92 7.92 3.63 0.00 0.00 0.00 0.00 0.00 0.00 0.00 0.00 0.00 0.00 0.00 0.00 0.00 0.00 0.00 0.00 0.00 0.00 0.00
0.00 0.00 0.00 0.00 0.00 0.00 0.00 0.00 0.00 0.00 0.00 0.00 0.00 0.00 0.00 0.00 0.00 10.85 10.85 10.85 10.13 11.60 11.60 13.25 10.12 10.12 10.12 10.12 10.12 10.12 10.12 7.32 7.32 10.13 10.13 10.13 8.88 8.88 8.88 8.88 8.87 8.87 11.03 9.55 8.83 10.53 8.83 9.05 10.81 10.35 8.80 8.80 7.99 7.99 7.99 7.99 7.96 9.44 8.74 6.94 6.72 6.26 0.00 0.00 0.00 0.00 0.00 0.00 0.00 0.00 0.00 0.00 0.00 0.00 0.00 0.00 0.00 0.00 0.00 0.00 0.00 0.00 0.00
0.00 0.00 0.00 0.00 0.00 0.00 0.00 0.00 0.00 0.00 0.00 0.00 0.00 0.00 0.00 0.00 0.00 10.88 10.88 13.68 11.81 10.05 10.05 11.51 10.11 10.11 11.58 10.11 10.16 10.16 10.16 7.32 7.32 10.42 13.65 13.65 11.06 8.95 8.95 8.95 8.94 8.94 10.35 10.58 8.90 8.90 8.90 9.13 11.88 11.82 9.08 8.85 8.03 9.32 9.22 8.03 9.22 6.59 7.58 4.52 3.99 2.86 0.00 0.00 0.00 0.00 0.00 0.00 0.00 0.00 0.00 0.00 0.00 0.00 0.00 0.00 0.00 0.00 0.00 0.00 0.00 0.00 0.00
0.00 0.00 0.00 0.00 0.00 0.00 0.00 0.00 0.00 0.00 0.00 0.00 0.00 0.00 0.00 0.00 0.00 10.88 12.49 10.88 10.05 10.05 10.05 10.05 10.11 10.11 10.11 10.11 11.62 11.63 10.16 7.32 7.32 10.29 13.94 17.12 11.06 11.37 11.29 11.06 8.94 8.94 9.17 10.53 11.14 8.90 8.90 8.90 11.03 11.46 8.85 8.85 9.22 9.32 9.22 9.88 13.04 8.49 3.54 9.95 0.90 0.00 0.00 0.00 0.00 0.00 0.00 0.00 0.00 0.00 0.00 0.00 0.00 0.00 0.00 0.00 0.00 0.00 0.00 0.00 0.00 0.00 0.00
0.00 0.00 0.00 0.00 0.00 0.00 0.00 0.00 0.00 0.00 0.00 0.00 0.00 0.00 0.00 0.00 10.88 11.96 10.88 12.49 10.05 10.05 10.05 10.05 10.11 10.11 10.11 11.57 10.16 10.16 11.63 10.16 10.19 10.42 10.19 14.36 18.12 11.38 11.06 11.06 11.05 8.94 14.43 14.43 14.44 11.21 10.35 8.90 3.36 9.61 10.92 8.85 9.22 9.22 9.89 10.82 0.00 0.00 0.00 0.00 0.00 0.00 0.00 0.00 0.00 0.00 0.00 0.00 0.00 0.00 0.00 0.00 0.00 0.00 0.00 0.00 0.00 0.00 0.00 0.00 0.00 0.00 0.00
0.00 0.00 0.00 0.00 0.00 0.00 0.00 0.00 0.00 0.00 0.00 0.00 0.00 0.00 0.00 0.00 10.88 12.45 10.88 10.88 12.20 10.05 10.05 10.05 10.11 10.11 11.56 10.11 10.16 10.16 10.16 10.16 10.19 11.66 11.66 12.90 6.31 6.53 11.87 11.06 6.31 6.31 2.68 14.67 6.87 6.31 6.31 14.62 3.70 10.58 9.61 11.37 8.03 12.68 12.68 0.00 0.00 0.00 0.00 0.00 0.00 0.00 0.00 0.00 0.00 0.00 0.00 0.00 0.00 0.00 0.00 0.00 0.00 0.00 0.00 0.00 0.00 0.00 0.00 0.00 0.00 0.00 0.00
0.00 0.00 0.00 0.00 0.00 0.00 0.00 0.00 0.00 0.00 0.00 0.00 0.00 0.00 0.00 0.00 10.74 10.74 10.74 10.74 11.42 9.98 9.98 9.98 10.07 10.07 10.07 10.07 10.12 10.12 10.12 10.12 10.18 10.18 10.18 10.18 10.82 10.35 6.53 16.63 12.55 10.35 12.32 12.56 6.53 6.53 6.31 6.31 6.53 14.20 6.53 6.76 6.04 13.04 0.00 0.00 0.00 0.00 0.00 0.00 0.00 0.00 0.00 0.00 0.00 0.00 0.00 0.00 0.00 0.00 0.00 0.00 0.00 0.00 0.00 0.00 0.00 0.00 0.00 0.00 0.00 0.00 0.00
0.00 0.00 0.00 0.00 0.00 0.00 0.00 0.00 0.00 0.00 0.00 0.00 0.00 0.00 4.78 12.44 12.35 12.35 10.74 10.74 9.98 9.98 9.98 9.98 10.07 10.07 11.61 10.07 10.12 10.12 10.12 10.12 10.18 10.18 10.18 10.18 9.20 11.31 8.93 7.32 12.88 12.67 11.25 14.90 6.53 6.53 6.53 6.53 3.58 9.83 2.91 6.31 11.66 0.00 0.00 0.00 0.00 0.00 0.00 0.00 0.00 0.00 0.00 0.00 0.00 0.00 0.00 0.00 0.00 0.00 0.00 0.00 0.00 0.00 0.00 0.00 0.00 0.00 0.00 0.00 0.00 0.00 0.00
0.00 0.00 0.00 0.00 0.00 0.00 0.00 0.00 0.00 0.00 0.00 0.00 0.00 0.00 0.00 10.96 10.84 10.84 10.84 10.84 10.33 10.33 10.33 10.33 10.41 10.41 10.41 10.41 10.47 10.47 10.47 10.47 10.53 10.53 10.53 10.53 9.02 9.24 10.06 12.64 10.98 9.22 9.90 11.80 6.86 6.63 6.77 6.86 10.16 11.50 11.28 6.40 0.00 0.00 0.00 0.00 0.00 0.00 0.00 0.00 0.00 0.00 0.00 0.00 0.00 0.00 0.00 0.00 0.00 0.00 0.00 0.00 0.00 0.00 0.00 0.00 0.00 0.00 0.00 0.00 0.00 0.00 0.00
0.00 0.00 0.00 0.00 0.00 0.00 0.00 0.00 0.00 0.00 0.00 0.00 0.00 0.00 0.00 10.96 10.84 10.84 10.84 10.84 10.33 10.33 10.33 10.33 10.41 10.41 10.41 10.41 10.47 10.47 10.47 10.47 10.53 10.53 10.53 10.53 9.02 9.02 9.02 9.02 8.99 8.99 8.99 8.99 9.40 11.05 11.28 3.00 11.05 10.82 6.40 2.78 0.00 0.00 0.00 0.00 0.00 0.00 0.00 0.00 0.00 0.00 0.00 0.00 0.00 0.00 0.00 0.00 0.00 0.00 0.00 0.00 0.00 0.00 0.00 0.00 0.00 0.00 0.00 0.00 0.00 0.00 0.00
0.00 0.00 0.00 0.00 0.00 0.00 0.00 0.00 0.00 0.00 0.00 0.00 0.00 0.00 12.77 11.99 12.77 10.78 10.78 10.78 10.39 10.39 10.39 10.39 10.42 10.42 10.42 10.42 10.44 10.44 11.95 11.95 10.49 10.49 10.49 10.49 8.95 9.98 8.95 8.95 8.90 8.90 8.90 8.90 8.87 10.13 8.87 10.81 3.41 3.45 11.51 6.40 0.00 0.00 0.00 0.00 0.00 0.00 0.00 0.00 0.00 0.00 0.00 0.00 0.00 0.00 0.00 0.00 0.00 0.00 0.00 0.00 0.00 0.00 0.00 0.00 0.00 0.00 0.00 0.00 0.00 0.00 0.00
0.00 0.00 0.00 0.00 0.00 0.00 0.00 0.00 0.00 0.00 0.00 0.00 0.00 0.00 15.23 12.77 14.70 10.78 10.78 10.78 10.39 10.39 10.39 10.39 10.42 10.42 10.42 10.42 10.44 10.44 11.95 10.44 10.49 10.49 10.49 12.77 10.76 8.95 8.95 8.95 8.90 8.90 8.90 8.90 8.87 8.87 9.90 8.87 12.38 11.26 11.49 12.61 12.64 6.04 9.37 0.00 0.00 0.00 0.00 0.00 0.00 0.00 0.00 0.00 0.00 0.00 0.00 0.00 0.00 0.00 0.00 0.00 0.00 0.00 0.00 0.00 0.00 0.00 0.00 0.00 0.00 0.00 0.00
0.00 0.00 0.00 0.00 0.00 0.00 0.00 0.00 0.00 0.00 0.00 0.00 0.00 0.00 12.77 10.74 10.78 10.78 10.78 10.78 10.39 10.39 10.39 10.39 10.42 10.42 10.42 10.42 10.44 10.44 10.44 10.44 10.49 10.49 12.01 10.49 10.76 8.95 9.98 8.95 8.90 8.90 10.38 8.90 8.87 8.87 8.87 8.87 8.88 8.88 8.88 8.88 9.39 6.04 6.04 9.37 9.37 0.00 0.00 0.00 0.00 0.00 0.00 0.00 0.00 0.00 0.00 0.00 0.00 0.00 0.00 0.00 0.00 0.00 0.00 0.00 0.00 0.00 0.00 0.00 0.00 0.00 0.00
0.00 0.00 0.00 0.00 0.00 0.00 0.00 0.00 0.00 0.00 0.00 0.00 0.00 0.00 12.77 10.74 10.78 10.78 10.78 10.78 10.39 10.39 10.39 10.39 10.42 10.42 10.42 10.42 10.44 10.44 10.44 10.44 10.49 10.49 10.49 10.49 8.95 8.95 8.95 8.95 8.90 8.90 9.91 8.90 8.87 8.87 8.87 8.87 8.88 8.88 9.88 8.88 8.19 9.17 6.04 6.04 13.00 9.37 0.00 0.00 0.00 0.00 0.00 0.00 0.00 0.00 0.00 0.00 0.00 0.00 0.00 0.00 0.00 0.00 0.00 0.00 0.00 0.00 0.00 0.00 0.00 0.00 0.00
0.00 0.00 0.00 0.00 0.00 0.00 0.00 0.00 0.00 0.00 0.00 0.00 0.00 12.77 10.76 12.35 10.87 10.87 10.87 10.87 10.43 10.43 10.43 10.43 10.43 13.08 11.93 11.93 11.96 13.76 10.45 10.45 10.44 10.44 11.95 11.95 9.88 8.86 8.86 8.86 9.85 8.83 8.83 8.83 8.80 9.81 8.80 8.80 8.80 8.80 8.80 8.80 7.91 9.17 9.96 8.50 6.49 6.04 11.26 11.26 0.00 0.00 0.00 0.00 0.00 0.00 0.00 0.00 0.00 0.00 0.00 0.00 0.00 0.00 0.00 0.00 0.00 0.00 0.00 0.00 0.00 0.00 0.00
