New_Model_Runs/7_FutureClimate_RCP85_out/post_prcessed_with_MFR/Monthly_summaries/net_infiltration_monthly_APR.asc
NCOLS 700
NROWS 400
XLLCENTER 515000.000000
YLLCENTER 8409000.000000
CELLSIZE 50.000000
NODATA_value -999.000000
[rows 152 to 189 of 400, columns 336 to 419 of 700]
3.60 4.60 5.40 5.00 4.97 4.06 3.97 3.97 3.97 4.92 5.75 5.75 5.79 5.79 5.63 5.63 5.44 5.44 5.58 5.44 5.55 5.55 5.55 5.55 5.66 9.17 4.56 4.70 5.14 5.14 5.58 4.92 4.64 4.64 4.86 3.50 3.28 8.36 4.83 4.86 5.04 7.83 6.38 7.26 7.26 6.97 1.26 1.04 4.47 0.00 0.00 0.00 0.00 0.00 0.00 0.00 0.00 0.00 0.00 0.00 0.00 0.00 0.00 0.00 0.00 0.00 0.00 0.00 0.00 0.00 0.00 0.00 0.00 0.00 0.00 0.00 0.00 0.00 0.00 0.00 0.00 0.00 0.00 0.00
3.62 3.95 3.70 4.19 4.41 4.34 4.25 5.14 4.64 4.92 4.92 5.75 5.63 5.63 5.63 5.63 5.44 5.44 5.44 5.44 5.55 5.55 5.55 5.55 5.66 3.51 7.02 7.02 4.56 7.24 5.14 4.56 7.01 7.23 6.79 6.79 6.89 4.25 4.41 4.86 4.82 7.83 6.38 2.94 6.45 1.04 1.26 1.26 4.47 0.00 0.00 0.00 0.00 0.00 0.00 0.00 0.00 0.00 0.00 0.00 0.00 0.00 0.00 0.00 0.00 0.00 0.00 0.00 0.00 0.00 0.00 0.00 0.00 0.00 0.00 0.00 0.00 0.00 0.00 0.00 0.00 0.00 0.00 0.00
3.67 4.42 4.20 3.13 3.95 5.28 4.97 4.97 4.92 4.92 4.92 5.75 5.63 5.63 5.63 5.77 5.44 5.44 5.44 5.44 5.55 5.55 5.55 5.55 9.36 9.36 9.36 9.77 7.02 7.02 7.02 7.02 4.86 7.23 6.67 7.32 4.25 8.14 3.97 4.10 4.82 7.62 7.62 2.94 4.77 3.16 2.94 2.94 4.47 2.63 0.00 0.00 0.00 0.00 0.00 0.00 0.00 0.00 0.00 0.00 0.00 0.00 0.00 0.00 0.00 0.00 0.00 0.00 0.00 0.00 0.00 0.00 0.00 0.00 0.00 0.00 0.00 0.00 0.00 0.00 0.00 0.00 0.00 0.00
5.21 3.97 4.20 3.97 3.97 3.97 4.65 4.97 4.92 4.92 4.92 4.92 5.79 5.63 5.63 5.63 5.44 5.44 5.44 5.44 5.55 5.55 5.55 5.55 9.17 5.66 5.66 5.87 4.67 8.23 5.14 3.17 6.45 6.45 6.45 7.71 8.06 4.54 4.32 4.86 4.10 7.27 4.55 2.94 4.77 1.26 2.94 2.94 4.47 6.14 0.00 0.00 0.00 0.00 0.00 0.00 0.00 0.00 0.00 0.00 0.00 0.00 0.00 0.00 0.00 0.00 0.00 0.00 0.00 0.00 0.00 0.00 0.00 0.00 0.00 0.00 0.00 0.00 0.00 0.00 0.00 0.00 0.00 0.00
3.35 3.97 4.65 3.97 4.96 4.96 4.96 4.96 4.91 4.91 4.91 4.91 5.39 5.76 5.60 5.60 5.45 5.45 5.45 5.45 5.55 5.55 5.55 9.06 5.58 5.58 5.58 5.58 3.98 3.61 8.52 3.17 2.94 6.45 6.45 3.75 3.75 4.82 4.82 4.82 7.61 4.11 4.55 2.94 6.45 4.55 2.94 1.04 0.96 4.69 0.22 0.00 0.00 0.00 0.00 0.00 0.00 0.00 0.00 0.00 0.00 0.00 0.00 0.00 0.00 0.00 0.00 0.00 0.00 0.00 0.00 0.00 0.00 0.00 0.00 0.00 0.00 0.00 0.00 0.00 0.00 0.00 0.00 0.00
3.97 3.97 4.97 3.97 4.96 4.96 4.96 4.96 4.91 5.10 4.91 4.91 4.81 4.81 5.60 5.60 5.45 5.45 5.45 5.45 5.69 5.55 5.55 9.06 5.58 5.58 5.19 3.98 3.98 5.22 8.09 6.90 6.45 7.83 3.97 3.75 4.82 4.82 4.82 4.82 4.10 3.75 6.99 4.55 4.39 4.55 1.04 2.94 0.79 4.69 1.39 0.00 0.00 0.00 0.00 0.00 0.00 0.00 0.00 0.00 0.00 0.00 0.00 0.00 0.00 0.00 0.00 0.00 0.00 0.00 0.00 0.00 0.00 0.00 0.00 0.00 0.00 0.00 0.00 0.00 0.00 0.00 0.00 0.00
4.97 4.65 4.97 4.97 4.96 4.96 4.96 3.97 3.97 4.91 4.91 4.91 4.98 4.81 5.60 5.60 5.45 5.45 5.45 5.59 5.55 5.55 9.06 5.16 5.19 5.19 5.19 5.19 5.22 5.22 7.84 4.54 4.10 4.10 4.89 4.10 4.82 4.82 4.82 4.82 4.87 4.87 4.55 4.55 6.45 6.45 1.04 1.26 1.18 4.69 6.58 0.00 0.00 0.00 0.00 0.00 0.00 0.00 0.00 0.00 0.00 0.00 0.00 0.00 0.00 0.00 0.00 0.00 0.00 0.00 0.00 0.00 0.00 0.00 0.00 0.00 0.00 0.00 0.00 0.00 0.00 0.00 0.00 0.00
4.97 4.97 4.64 4.97 4.96 4.96 3.97 3.97 3.97 4.91 4.91 4.91 4.81 4.81 4.81 5.60 5.45 5.45 5.45 5.45 5.55 8.84 8.67 5.16 5.19 5.36 5.19 5.19 5.22 5.22 3.98 5.34 4.89 4.89 4.89 4.89 4.82 4.82 4.82 4.82 4.87 4.10 4.55 6.45 6.45 6.45 4.55 4.55 4.90 5.12 4.69 0.00 0.00 0.00 0.00 0.00 0.00 0.00 0.00 0.00 0.00 0.00 0.00 0.00 0.00 0.00 0.00 0.00 0.00 0.00 0.00 0.00 0.00 0.00 0.00 0.00 0.00 0.00 0.00 0.00 0.00 0.00 0.00 0.00
4.94 5.13 3.97 4.94 4.94 4.94 3.97 3.97 4.90 4.90 4.90 4.90 4.79 4.79 4.79 4.79 5.42 5.42 5.03 5.03 5.09 8.60 5.09 5.09 5.11 5.11 5.11 5.11 5.11 5.28 5.11 5.11 4.82 4.82 4.82 4.98 4.82 4.82 4.82 4.82 4.88 6.38 2.87 4.11 8.06 3.37 4.55 6.45 4.05 4.49 5.13 4.91 0.00 0.00 0.00 0.00 0.00 0.00 0.00 0.00 0.00 0.00 0.00 0.00 0.00 0.00 0.00 0.00 0.00 0.00 0.00 0.00 0.00 0.00 0.00 0.00 0.00 0.00 0.00 0.00 0.00 0.00 0.00 0.00
4.94 5.03 5.03 4.94 4.94 4.94 3.97 3.97 3.97 4.90 4.90 2.62 4.79 4.79 4.79 4.79 5.03 5.03 5.03 5.03 8.60 5.09 5.09 5.09 5.11 5.37 5.11 5.11 5.11 5.37 5.11 5.11 4.82 4.82 4.98 4.98 4.82 4.82 4.82 4.82 3.92 3.75 3.95 4.10 4.32 4.76 4.54 4.10 3.82 3.83 8.21 7.23 4.90 4.90 4.71 4.47 0.00 0.00 0.00 0.00 0.00 0.00 0.00 0.00 0.00 0.00 0.00 0.00 0.00 0.00 0.00 0.00 0.00 0.00 0.00 0.00 0.00 0.00 0.00 0.00 0.00 0.00 0.00 0.00
5.96 6.97 5.96 5.74 5.75 5.75 5.75 6.29 5.57 5.70 5.70 5.70 5.58 5.58 5.58 5.58 6.14 6.33 6.14 6.14 6.20 6.20 6.20 6.20 6.22 6.39 6.22 6.22 6.39 6.22 6.73 6.22 5.15 5.15 5.15 5.15 5.17 5.17 5.17 5.34 5.23 5.23 5.23 4.71 4.50 5.22 5.22 5.22 4.74 3.97 4.41 7.16 6.72 5.16 1.65 4.51 4.51 4.51 4.51 4.51 0.00 0.00 0.00 0.00 0.00 0.00 0.00 0.00 0.00 0.00 0.00 0.00 0.00 0.00 0.00 0.00 0.00 0.00 0.00 0.00 0.00 0.00 0.00 0.00
5.96 6.94 6.94 5.96 5.75 5.75 5.75 5.75 5.70 5.70 5.70 5.70 6.11 5.58 5.58 5.58 6.14 6.14 6.14 6.14 6.20 6.20 6.20 6.20 6.22 6.22 6.22 6.22 6.22 6.22 6.39 6.22 5.15 5.15 5.15 5.15 5.17 5.17 5.34 5.17 5.23 5.23 5.23 5.23 5.22 5.22 5.22 5.22 4.74 4.74 4.96 6.72 8.16 2.77 5.16 5.16 4.94 4.87 4.87 4.56 7.04 0.00 0.00 0.00 0.00 0.00 0.00 0.00 0.00 0.00 0.00 0.00 0.00 0.00 0.00 0.00 0.00 0.00 0.00 0.00 0.00 0.00 0.00 0.00
5.71 5.93 6.69 5.93 5.66 5.66 5.66 5.66 6.10 5.57 5.57 6.10 5.53 5.53 5.53 6.28 6.18 6.18 6.18 6.18 6.23 6.23 6.23 6.23 6.22 6.22 6.22 6.22 6.20 6.20 6.20 6.20 5.17 5.17 5.17 5.17 5.19 5.19 5.19 5.19 5.18 5.18 5.18 5.18 5.16 5.36 5.16 5.16 4.74 4.74 3.97 3.31 7.14 2.77 1.65 5.38 5.24 4.67 4.67 5.10 4.91 6.21 4.55 3.51 0.00 0.00 0.00 0.00 0.00 0.00 0.00 0.00 0.00 0.00 0.00 0.00 0.00 0.00 0.00 0.00 0.00 0.00 0.00 0.00
5.71 5.71 5.71 5.71 5.66 5.66 5.66 5.66 5.57 5.57 5.57 5.57 5.53 5.53 5.53 6.28 6.18 6.18 6.18 6.18 6.23 6.23 6.23 6.23 6.22 6.22 6.22 6.22 6.20 6.20 6.20 6.20 5.17 5.17 5.17 5.17 5.19 5.19 5.19 5.19 5.18 5.18 5.18 5.18 5.16 5.33 5.16 5.16 4.74 3.97 3.97 3.31 3.63 4.51 4.56 2.99 4.67 4.67 4.67 4.67 4.87 8.16 4.65 8.16 0.00 0.00 0.00 0.00 0.00 0.00 0.00 0.00 0.00 0.00 0.00 0.00 0.00 0.00 0.00 0.00 0.00 0.00 0.00 0.00
6.25 5.71 5.71 6.25 5.66 5.66 5.66 5.66 5.57 5.57 5.57 5.57 5.53 5.53 5.53 6.28 6.18 6.18 6.18 6.18 6.23 6.23 6.23 6.23 6.22 6.22 6.22 6.22 6.20 6.20 6.20 6.20 5.17 5.17 5.17 5.17 5.19 5.19 5.19 5.19 5.18 5.18 5.18 5.18 5.16 5.16 5.16 5.16 4.74 3.62 3.62 3.62 2.77 4.20 4.20 3.98 4.67 4.67 4.67 4.67 4.65 8.38 4.87 4.65 0.00 0.00 0.00 0.00 0.00 0.00 0.00 0.00 0.00 0.00 0.00 0.00 0.00 0.00 0.00 0.00 0.00 0.00 0.00 0.00
5.71 5.71 5.71 5.71 5.66 6.18 5.66 5.66 5.57 5.57 5.57 5.57 5.53 5.53 6.28 6.28 6.18 6.18 6.18 6.18 6.23 6.23 6.23 6.23 6.22 6.22 6.22 6.22 6.20 6.20 6.20 6.20 5.17 5.17 5.17 5.17 5.19 5.19 5.19 5.19 5.18 5.18 5.18 5.18 5.16 5.16 5.16 5.16 3.97 3.97 4.63 3.62 3.98 4.42 4.42 3.98 4.67 4.67 5.10 4.19 4.06 5.75 4.19 8.16 0.00 0.00 0.00 0.00 0.00 0.00 0.00 0.00 0.00 0.00 0.00 0.00 0.00 0.00 0.00 0.00 0.00 0.00 0.00 0.00
5.65 5.65 5.65 5.65 5.55 5.55 6.08 5.55 5.56 5.56 5.56 5.56 5.65 5.65 6.40 6.40 6.24 6.24 6.24 6.24 6.30 6.30 6.30 6.46 6.30 6.30 6.30 6.30 6.25 6.25 6.25 6.25 5.27 5.27 5.27 5.27 5.26 5.26 5.26 5.26 3.74 4.50 5.15 5.23 5.20 5.20 5.20 5.20 4.72 4.12 4.72 4.72 4.70 4.70 4.70 4.70 4.67 4.67 5.10 4.63 4.50 5.13 0.00 0.00 0.00 0.00 0.00 0.00 0.00 0.00 0.00 0.00 0.00 0.00 0.00 0.00 0.00 0.00 0.00 0.00 0.00 0.00 0.00 0.00
5.65 5.65 5.65 5.65 5.55 5.55 5.55 5.55 5.56 5.56 5.56 5.56 5.65 5.65 6.40 6.40 6.24 6.24 6.24 6.24 6.30 6.30 6.30 6.30 6.30 6.30 6.30 6.30 6.25 6.25 6.25 6.25 5.27 5.27 5.27 5.27 5.26 5.26 5.26 5.26 4.16 5.23 5.15 5.23 5.20 5.20 5.20 5.20 4.72 4.72 4.72 4.72 4.70 4.70 4.70 3.97 3.97 3.97 3.97 3.97 0.00 0.00 0.00 0.00 0.00 0.00 0.00 0.00 0.00 0.00 0.00 0.00 0.00 0.00 0.00 0.00 0.00 0.00 0.00 0.00 0.00 0.00 0.00 0.00
5.65 5.65 5.65 5.65 5.55 5.55 5.55 5.55 5.56 5.56 5.56 5.56 5.65 6.40 6.40 6.40 6.24 6.24 6.24 6.24 6.30 6.30 6.30 6.30 6.30 6.30 6.30 4.12 6.35 6.25 6.25 6.25 5.27 5.27 5.27 5.27 5.26 5.26 5.26 5.70 4.16 5.15 5.23 5.23 5.42 5.20 5.20 5.20 4.72 4.72 4.72 4.72 4.70 3.97 3.97 4.19 4.19 4.67 4.67 3.51 0.00 0.00 0.00 0.00 0.00 0.00 0.00 0.00 0.00 0.00 0.00 0.00 0.00 0.00 0.00 0.00 0.00 0.00 0.00 0.00 0.00 0.00 0.00 0.00
5.65 5.65 5.65 5.65 5.55 5.55 5.55 5.55 5.56 5.56 5.56 5.56 5.65 6.40 6.40 6.40 6.24 6.51 6.51 6.85 6.30 6.30 6.30 6.30 6.30 6.30 6.30 4.12 4.12 6.25 6.25 6.25 5.27 5.27 5.27 5.27 5.26 5.26 5.16 5.92 5.23 4.16 5.23 5.44 4.94 4.50 5.20 5.20 4.72 4.72 4.72 4.72 4.70 4.19 2.92 5.38 5.16 4.72 0.00 0.00 0.00 0.00 0.00 0.00 0.00 0.00 0.00 0.00 0.00 0.00 0.00 0.00 0.00 0.00 0.00 0.00 0.00 0.00 0.00 0.00 0.00 0.00 0.00 0.00
5.58 5.58 5.58 5.58 5.60 5.60 5.60 5.60 5.68 5.68 5.68 5.68 5.68 6.43 6.43 7.12 6.50 6.23 6.23 6.40 6.28 6.28 6.45 6.28 6.27 6.27 6.27 4.12 4.12 6.52 6.90 6.90 5.56 5.33 5.33 5.33 5.32 5.32 4.50 4.72 5.29 5.29 5.29 5.51 5.19 4.84 5.47 5.25 4.76 3.62 3.97 4.76 3.97 5.13 5.44 2.58 2.53 1.43 0.00 0.00 0.00 0.00 0.00 0.00 0.00 0.00 0.00 0.00 0.00 0.00 0.00 0.00 0.00 0.00 0.00 0.00 0.00 0.00 0.00 0.00 0.00 0.00 0.00 0.00
5.58 5.58 5.58 5.58 5.60 5.60 5.60 5.60 5.68 5.68 5.68 5.68 5.68 6.43 6.78 6.43 6.23 6.23 6.23 6.23 6.28 6.28 6.28 6.28 6.50 6.54 6.27 4.12 4.12 5.20 5.82 8.90 5.56 4.40 5.78 5.56 5.32 5.32 5.54 4.16 4.18 5.29 5.29 5.29 4.07 3.86 5.25 5.25 3.97 3.62 3.97 3.98 6.28 3.75 2.09 3.65 0.87 0.00 0.00 0.00 0.00 0.00 0.00 0.00 0.00 0.00 0.00 0.00 0.00 0.00 0.00 0.00 0.00 0.00 0.00 0.00 0.00 0.00 0.00 0.00 0.00 0.00 0.00 0.00
5.58 5.58 5.58 5.58 5.60 5.60 5.60 5.60 5.68 5.68 5.68 5.68 6.43 7.65 6.43 6.78 6.23 6.23 6.23 6.23 6.28 6.28 6.28 6.45 6.27 6.27 6.54 6.27 6.31 6.52 6.31 9.83 7.35 3.86 5.56 5.56 5.55 5.32 8.45 7.37 6.94 4.53 4.50 5.29 1.81 4.50 5.46 5.25 3.97 3.97 3.98 6.10 0.00 0.00 0.00 0.00 0.00 0.00 0.00 0.00 0.00 0.00 0.00 0.00 0.00 0.00 0.00 0.00 0.00 0.00 0.00 0.00 0.00 0.00 0.00 0.00 0.00 0.00 0.00 0.00 0.00 0.00 0.00 0.00
5.58 5.58 5.58 5.58 5.60 5.60 5.60 5.60 5.68 5.68 5.68 5.68 6.43 6.76 6.43 6.43 6.47 6.23 6.23 6.23 6.28 6.28 6.45 6.28 6.27 6.27 6.27 6.27 6.31 6.58 6.58 6.02 4.66 4.88 5.56 5.56 4.66 4.66 1.15 7.16 4.54 4.66 4.66 9.02 1.46 3.64 4.50 5.90 4.76 6.28 6.28 0.00 0.00 0.00 0.00 0.00 0.00 0.00 0.00 0.00 0.00 0.00 0.00 0.00 0.00 0.00 0.00 0.00 0.00 0.00 0.00 0.00 0.00 0.00 0.00 0.00 0.00 0.00 0.00 0.00 0.00 0.00 0.00 0.00
5.65 5.65 4.98 4.98 5.69 5.69 5.69 5.69 5.66 5.66 5.66 5.66 6.30 6.30 6.30 6.30 6.35 6.16 6.16 6.16 6.24 6.24 6.24 6.24 6.29 6.29 6.29 6.29 6.29 6.29 6.29 6.29 3.43 3.42 4.88 7.76 3.81 3.42 3.59 7.35 4.88 4.88 4.66 4.66 4.88 7.15 4.88 5.10 4.51 6.28 0.00 0.00 0.00 0.00 0.00 0.00 0.00 0.00 0.00 0.00 0.00 0.00 0.00 0.00 0.00 0.00 0.00 0.00 0.00 0.00 0.00 0.00 0.00 0.00 0.00 0.00 0.00 0.00 0.00 0.00 0.00 0.00 0.00 0.00
5.65 5.65 5.65 4.98 4.98 5.69 5.69 5.69 5.66 5.66 6.16 6.84 6.73 6.73 6.30 6.30 6.16 6.16 6.16 6.16 6.24 6.24 6.55 6.24 6.29 6.29 6.29 6.29 6.29 6.29 6.29 6.29 5.56 5.79 3.84 4.98 4.14 4.08 4.29 7.37 4.88 4.88 4.88 4.88 2.03 4.72 1.37 4.66 6.83 0.00 0.00 0.00 0.00 0.00 0.00 0.00 0.00 0.00 0.00 0.00 0.00 0.00 0.00 0.00 0.00 0.00 0.00 0.00 0.00 0.00 0.00 0.00 0.00 0.00 0.00 0.00 0.00 0.00 0.00 0.00 0.00 0.00 0.00 0.00
6.23 6.23 6.23 6.23 6.26 6.26 5.81 5.81 6.85 6.23 6.23 7.09 6.97 6.97 6.97 6.97 6.87 6.87 6.87 6.87 6.96 6.96 6.96 6.96 7.01 7.01 7.01 7.01 7.07 7.07 7.07 7.07 5.63 5.85 5.84 9.14 5.00 5.83 6.49 5.23 5.31 5.09 4.91 5.31 5.40 5.03 4.38 4.87 0.00 0.00 0.00 0.00 0.00 0.00 0.00 0.00 0.00 0.00 0.00 0.00 0.00 0.00 0.00 0.00 0.00 0.00 0.00 0.00 0.00 0.00 0.00 0.00 0.00 0.00 0.00 0.00 0.00 0.00 0.00 0.00 0.00 0.00 0.00 0.00
6.23 6.23 6.23 5.81 5.81 5.81 5.81 5.81 5.81 5.81 6.23 7.09 6.97 6.97 6.97 6.97 6.87 6.87 6.87 6.87 6.96 6.96 6.96 6.96 7.01 7.01 7.01 7.01 7.07 7.07 7.07 7.07 5.63 5.63 5.63 5.63 5.61 5.61 5.61 5.61 6.01 4.59 4.38 1.58 4.59 4.37 4.87 1.36 0.00 0.00 0.00 0.00 0.00 0.00 0.00 0.00 0.00 0.00 0.00 0.00 0.00 0.00 0.00 0.00 0.00 0.00 0.00 0.00 0.00 0.00 0.00 0.00 0.00 0.00 0.00 0.00 0.00 0.00 0.00 0.00 0.00 0.00 0.00 0.00
6.22 5.81 5.81 5.81 5.81 6.39 5.81 5.81 5.81 5.81 6.44 7.26 6.44 6.94 6.94 6.94 6.94 6.94 6.94 6.94 6.97 6.97 6.97 6.97 6.99 6.99 7.37 7.37 7.04 7.04 7.04 7.04 5.57 5.78 5.57 5.57 5.53 5.53 5.53 5.53 5.51 5.92 5.51 5.29 1.47 2.01 4.60 4.87 0.00 0.00 0.00 0.00 0.00 0.00 0.00 0.00 0.00 0.00 0.00 0.00 0.00 0.00 0.00 0.00 0.00 0.00 0.00 0.00 0.00 0.00 0.00 0.00 0.00 0.00 0.00 0.00 0.00 0.00 0.00 0.00 0.00 0.00 0.00 0.00
5.81 5.81 5.81 5.81 5.81 5.81 5.81 6.39 5.81 5.81 7.43 6.44 6.89 6.94 6.94 6.94 6.94 6.94 6.94 6.94 6.97 6.97 6.97 6.97 6.99 6.99 7.37 6.99 7.04 7.04 7.04 7.53 4.78 5.57 5.57 5.57 5.53 5.53 5.53 5.53 5.51 5.51 5.71 5.51 5.30 5.73 5.95 5.52 6.47 4.57 2.96 0.00 0.00 0.00 0.00 0.00 0.00 0.00 0.00 0.00 0.00 0.00 0.00 0.00 0.00 0.00 0.00 0.00 0.00 0.00 0.00 0.00 0.00 0.00 0.00 0.00 0.00 0.00 0.00 0.00 0.00 0.00 0.00 0.00
5.81 5.81 5.81 5.81 5.81 5.81 5.81 5.81 5.81 5.81 6.44 6.89 6.94 6.94 6.94 6.94 6.94 6.94 6.94 6.94 6.97 6.97 6.97 6.97 6.99 6.99 6.99 6.99 7.04 7.04 7.42 7.04 4.78 5.57 5.78 5.57 5.53 5.53 5.52 5.53 5.51 5.51 5.51 5.51 5.51 5.51 5.51 5.51 4.31 4.57 4.57 2.96 2.96 0.00 0.00 0.00 0.00 0.00 0.00 0.00 0.00 0.00 0.00 0.00 0.00 0.00 0.00 0.00 0.00 0.00 0.00 0.00 0.00 0.00 0.00 0.00 0.00 0.00 0.00 0.00 0.00 0.00 0.00 0.00
5.81 5.81 5.81 5.81 5.81 5.81 5.81 6.39 5.81 5.81 6.44 6.89 6.94 6.94 6.94 6.94 6.94 6.94 6.94 6.94 6.97 6.97 6.97 6.97 6.99 6.99 6.99 6.99 7.04 7.04 7.04 7.04 5.57 5.57 5.57 5.57 5.53 5.53 5.72 5.53 5.51 5.51 5.51 5.51 5.51 5.51 5.70 5.51 5.00 4.09 4.57 4.57 6.47 2.96 0.00 0.00 0.00 0.00 0.00 0.00 0.00 0.00 0.00 0.00 0.00 0.00 0.00 0.00 0.00 0.00 0.00 0.00 0.00 0.00 0.00 0.00 0.00 0.00 0.00 0.00 0.00 0.00 0.00 0.00
5.81 5.81 5.81 6.39 5.81 5.81 5.81 5.81 5.81 6.44 6.92 7.31 7.01 7.01 7.01 7.01 6.97 6.97 6.97 6.97 6.97 7.73 7.35 7.35 7.37 7.48 6.99 6.99 6.99 6.99 7.36 7.36 5.69 5.49 5.49 5.49 5.66 5.46 5.46 5.46 5.44 5.63 5.44 5.44 5.44 5.44 5.44 5.44 4.73 4.09 4.10 3.97 5.01 4.57 6.95 6.95 0.00 0.00 0.00 0.00 0.00 0.00 0.00 0.00 0.00 0.00 0.00 0.00 0.00 0.00 0.00 0.00 0.00 0.00 0.00 0.00 0.00 0.00 0.00 0.00 0.00 0.00 0.00 0.00
5.81 5.81 5.81 6.39 5.81 5.81 5.81 5.81 7.36 7.45 7.45 7.45 7.01 7.01 7.01 7.01 6.97 6.97 6.97 6.97 6.97 6.97 6.97 6.97 6.99 7.48 7.48 6.99 6.99 6.99 6.99 6.99 5.49 5.49 5.49 5.49 5.46 5.46 5.46 5.46 5.44 5.44 5.44 5.44 5.44 5.44 5.44 5.44 4.73 4.73 4.73 4.31 4.53 4.80 4.68 4.68 4.61 6.95 0.00 0.00 0.00 0.00 0.00 0.00 0.00 0.00 0.00 0.00 0.00 0.00 0.00 0.00 0.00 0.00 0.00 0.00 0.00 0.00 0.00 0.00 0.00 0.00 0.00 0.00
5.81 5.81 5.81 5.81 5.81 5.81 5.81 7.33 7.36 7.45 7.45 7.45 7.01 7.01 7.01 7.01 6.97 6.97 6.97 6.97 6.97 6.97 6.97 6.97 7.37 6.99 7.48 7.48 7.47 6.99 6.99 6.99 5.49 5.49 5.49 5.49 5.46 5.46 5.46 5.46 5.44 5.44 5.44 5.44 5.44 5.44 5.44 5.44 4.73 4.73 4.73 4.73 3.76 4.09 4.68 4.68 4.61 4.61 4.61 8.12 0.00 0.00 0.00 0.00 0.00 0.00 0.00 0.00 0.00 0.00 0.00 0.00 0.00 0.00 0.00 0.00 0.00 0.00 0.00 0.00 0.00 0.00 0.00 0.00
5.81 5.81 5.81 5.81 5.81 5.81 5.81 7.33 7.46 7.46 7.46 7.46 7.59 7.01 7.01 7.01 6.97 6.97 6.97 6.97 6.97 6.97 6.97 6.97 7.36 7.37 7.37 7.52 7.51 7.47 6.99 6.99 5.49 5.49 5.49 5.49 5.46 5.46 5.46 5.46 5.44 5.44 5.44 5.44 5.44 5.44 5.44 5.44 4.73 4.73 4.73 4.85 4.68 4.68 4.68 4.68 4.61 4.61 4.61 4.61 8.08 0.00 0.00 0.00 0.00 0.00 0.00 0.00 0.00 0.00 0.00 0.00 0.00 0.00 0.00 0.00 0.00 0.00 0.00 0.00 0.00 0.00 0.00 0.00
5.81 5.81 5.81 5.81 5.81 5.81 5.81 7.37 7.00 7.00 7.00 7.00 7.05 7.05 6.44 7.05 6.96 6.96 6.96 6.96 6.97 6.97 6.97 6.97 6.98 6.98 7.47 8.10 7.04 6.98 6.98 6.98 5.50 5.50 5.50 5.50 5.48 5.48 5.48 5.48 5.46 5.46 5.46 5.46 5.43 5.43 5.43 5.43 4.66 4.66 4.66 4.66 4.63 4.63 4.63 4.63 4.62 4.62 4.62 3.76 7.04 0.00 0.00 0.00 0.00 0.00 0.00 0.00 0.00 0.00 0.00 0.00 0.00 0.00 0.00 0.00 0.00 0.00 0.00 0.00 0.00 0.00 0.00 0.00
5.81 5.81 5.81 5.81 5.81 5.81 5.81 5.81 7.00 7.00 7.00 7.00 7.05 7.05 7.05 7.05 6.96 6.96 6.96 6.96 6.97 6.97 6.97 6.97 6.98 7.36 7.36 6.98 7.36 6.98 7.36 7.36 5.50 5.50 5.50 5.50 5.48 5.48 5.48 5.48 5.46 5.46 5.46 5.46 5.43 5.43 5.43 5.43 4.66 4.66 4.66 4.66 4.63 4.63 4.63 4.63 4.62 4.62 3.76 4.57 0.00 0.00 0.00 0.00 0.00 0.00 0.00 0.00 0.00 0.00 0.00 0.00 0.00 0.00 0.00 0.00 0.00 0.00 0.00 0.00 0.00 0.00 0.00 0.00
