New_Model_Runs/7_FutureClimate_RCP85_out/post_prcessed_with_MFR/Monthly_summaries/net_infiltration_monthly_JUN.asc
NCOLS 700
NROWS 400
XLLCENTER 515000.000000
YLLCENTER 8409000.000000
CELLSIZE 50.000000
NODATA_value -999.000000
[rows 180 to 215 of 400, columns 164 to 245 of 700]
11.29 11.29 11.29 11.29 11.57 11.57 11.57 0.00 0.00 0.00 0.00 0.00 0.00 0.00 0.00 0.00 0.00 0.00 0.00 8.71 11.91 0.00 0.00 0.00 0.00 0.00 0.00 0.00 0.00 0.00 0.00 12.30 12.20 12.20 12.20 12.20 12.11 12.11 12.11 12.11 13.66 12.13 12.13 12.13 12.42 12.42 12.42 12.42 15.52 14.83 15.49 14.83 0.00 0.00 0.00 0.00 0.00 13.51 12.52 12.52 13.42 12.43 12.43 12.43 0.00 0.00 0.00 0.00 0.00 0.00 0.00 0.00 0.00 0.00 0.00 0.00 0.00 0.00 12.27 9.47 9.46 9.46
11.29 11.29 11.29 11.29 11.57 11.57 11.57 0.00 0.00 0.00 0.00 0.00 0.00 0.00 7.96 7.96 0.00 0.00 0.00 11.91 11.91 0.00 0.00 0.00 0.00 0.00 11.95 11.95 12.30 12.30 14.50 12.30 12.20 12.20 14.63 12.20 12.11 12.11 12.11 12.11 12.13 12.13 12.13 12.13 12.42 12.42 12.42 15.35 15.52 12.54 13.53 12.54 14.83 12.81 11.45 0.00 14.77 12.52 12.52 12.52 12.43 13.42 12.43 12.43 12.51 0.00 0.00 0.00 0.00 0.00 0.00 0.00 0.00 0.00 0.00 0.00 0.00 0.00 12.29 9.47 9.46 9.46
11.29 11.29 12.66 11.29 11.57 12.99 11.57 0.00 0.00 0.00 0.00 0.00 0.00 0.00 11.98 11.98 0.00 11.91 11.91 11.91 11.91 14.55 0.00 0.00 0.00 14.60 11.95 11.95 12.30 12.30 13.97 12.30 12.20 12.20 12.20 13.79 12.11 12.11 12.11 12.11 13.62 12.13 12.13 12.13 12.42 12.42 12.42 15.35 12.54 13.53 12.54 12.54 15.58 15.58 15.58 16.00 14.78 12.52 12.52 12.52 12.43 12.43 12.43 12.43 12.51 0.00 0.00 0.00 0.00 0.00 0.00 0.00 0.00 0.00 0.00 0.00 12.27 12.27 12.29 12.29 9.46 9.46
11.29 11.29 11.29 11.29 11.57 11.57 11.57 0.00 0.00 0.00 0.00 0.00 0.00 0.00 11.98 11.98 11.91 11.91 13.44 11.91 11.91 14.55 14.55 14.55 14.60 14.60 11.95 11.95 12.30 12.30 13.97 12.30 12.20 12.20 12.20 12.20 13.68 12.11 12.11 12.11 14.98 12.13 12.13 12.13 12.42 12.42 12.42 12.42 12.54 12.54 12.54 12.54 15.58 15.58 16.69 13.58 12.52 12.52 12.52 12.52 12.43 12.43 12.43 12.43 12.51 0.00 0.00 0.00 0.00 0.00 0.00 0.00 0.00 0.00 0.00 13.73 12.27 12.27 12.29 12.29 9.46 9.46
11.43 11.43 11.43 11.43 11.69 11.69 11.69 0.00 0.00 0.00 0.00 0.00 0.00 0.00 12.00 12.00 11.88 11.88 11.88 11.88 11.91 14.55 14.55 14.55 14.59 11.94 11.94 11.94 12.28 12.28 12.28 12.28 12.19 12.19 12.19 12.19 12.11 12.11 12.11 12.11 12.11 12.11 12.11 12.11 12.46 12.46 12.46 12.46 12.53 12.53 12.53 12.53 15.59 15.59 15.59 12.59 13.50 12.51 13.50 12.51 12.44 12.44 12.44 12.44 12.56 0.00 0.00 0.00 0.00 0.00 0.00 0.00 0.00 12.62 13.62 12.62 12.26 12.29 12.29 12.29 9.44 9.44
11.43 11.43 11.43 11.43 11.69 11.69 11.69 14.19 0.00 0.00 0.00 0.00 0.00 12.00 12.00 12.00 11.88 11.88 11.88 11.88 11.91 14.55 14.55 14.55 14.59 14.59 11.94 11.94 12.28 12.28 12.28 12.28 12.19 12.19 12.19 12.19 12.11 12.11 12.11 12.11 12.11 12.11 12.11 12.11 12.46 12.46 12.46 12.46 12.53 12.53 12.53 12.53 15.59 15.59 18.07 12.59 12.51 12.51 12.51 13.50 12.44 12.44 12.44 12.44 12.56 0.00 0.00 0.00 0.00 0.00 0.00 0.00 12.62 12.62 14.44 12.62 12.26 12.29 13.71 12.29 12.23 9.44
11.43 11.43 11.43 11.43 11.69 11.69 14.19 14.55 0.00 0.00 0.00 0.00 0.00 12.00 12.00 12.00 11.88 11.88 11.88 11.88 13.44 11.91 17.31 14.55 15.57 14.59 11.94 11.94 12.28 12.28 12.28 12.28 12.19 12.19 12.19 12.19 12.11 12.11 12.11 12.11 13.69 12.11 12.11 12.11 12.46 12.46 12.46 13.45 12.53 12.53 12.53 12.53 15.59 15.59 16.70 15.59 12.51 12.51 12.51 12.51 12.44 12.44 12.44 12.44 12.56 13.57 0.00 0.00 0.00 0.00 0.00 0.00 14.87 12.62 13.62 12.62 12.26 12.29 13.71 12.29 12.23 9.44
11.43 13.83 13.83 11.43 11.69 11.69 14.19 14.55 14.30 0.00 0.00 14.30 14.68 12.00 13.48 12.00 11.88 11.88 11.88 11.88 11.91 11.91 14.55 14.55 17.36 13.48 11.94 11.94 12.28 12.28 13.95 12.28 12.19 12.19 12.19 12.19 13.69 13.69 12.11 12.11 12.11 12.11 12.11 12.11 12.46 12.46 12.46 13.45 12.53 12.53 12.53 12.53 13.57 13.58 15.59 15.59 12.51 12.51 12.51 12.51 12.44 12.44 12.44 12.44 12.56 12.56 12.56 0.00 0.00 0.00 0.00 12.60 12.62 12.62 12.62 12.62 12.29 12.29 12.29 12.29 12.23 9.44
14.13 14.13 14.13 14.13 11.79 11.79 12.50 14.63 14.63 14.63 12.50 14.63 14.67 11.99 11.99 11.99 13.40 13.40 11.87 11.87 11.89 11.89 14.52 15.49 11.93 11.93 11.93 11.93 12.28 12.28 12.28 12.28 12.19 12.19 12.19 12.19 12.13 12.13 12.13 12.13 12.13 12.13 12.13 12.13 12.43 12.43 12.43 12.43 12.50 12.50 12.50 12.50 12.59 12.59 12.59 15.59 12.56 12.56 12.56 12.56 12.45 12.45 12.45 12.45 12.52 12.52 12.52 0.00 0.00 0.00 0.00 12.60 12.58 12.58 12.58 12.58 12.29 12.29 13.71 12.29 12.21 12.21
14.13 14.13 14.13 14.13 14.33 14.33 12.50 14.63 14.63 14.33 15.27 14.33 14.67 14.67 14.67 11.99 11.87 11.87 11.87 11.87 11.89 11.89 11.89 17.28 14.65 11.93 11.93 11.93 12.28 13.95 13.95 13.93 12.19 12.19 12.19 12.19 12.13 12.13 12.13 12.13 12.13 13.70 12.13 12.13 12.43 12.43 13.41 12.43 12.50 12.50 12.50 12.50 12.59 13.58 12.59 15.59 12.56 12.56 12.56 12.56 12.45 12.45 12.45 12.45 12.52 13.52 12.52 0.00 0.00 0.00 0.00 12.60 12.58 12.58 12.58 12.58 12.29 12.29 12.29 12.29 12.21 12.21
14.13 14.13 14.13 14.13 14.33 14.33 12.50 12.50 12.50 14.33 15.27 14.33 14.67 14.67 11.99 11.99 13.40 11.87 11.87 11.87 11.89 11.89 11.89 11.89 11.93 15.27 13.47 11.93 12.28 12.28 12.28 13.93 12.19 12.19 12.19 12.19 13.70 12.13 12.13 12.13 12.13 12.13 12.13 12.13 12.43 12.43 12.43 12.43 12.50 12.50 12.50 12.50 12.59 12.59 12.59 15.59 12.56 12.56 12.56 13.54 12.45 12.45 12.45 12.45 12.52 12.52 12.52 15.53 15.65 15.65 16.19 12.60 12.58 12.58 12.58 12.55 12.29 12.29 12.29 12.29 12.21 12.21
14.13 14.13 14.13 14.13 14.33 14.33 15.27 14.63 14.33 14.33 14.33 14.33 14.67 11.99 11.99 11.99 11.87 13.40 11.87 11.87 11.89 13.42 11.89 11.89 11.93 11.93 11.93 11.93 12.28 12.28 12.28 12.28 12.19 12.19 12.19 12.19 12.13 15.02 12.13 12.13 12.13 13.70 13.65 12.13 12.43 12.43 12.43 12.43 12.50 12.50 12.50 12.50 12.59 12.59 12.59 15.59 13.55 12.56 12.56 12.56 12.45 12.45 12.45 12.45 12.52 12.52 12.52 12.52 15.65 15.65 15.65 12.60 12.58 12.58 12.58 12.55 12.29 12.29 14.29 12.29 13.61 12.21
11.77 14.29 14.29 14.29 14.35 15.29 14.35 14.64 14.30 14.30 14.30 14.30 11.96 11.96 11.96 11.96 11.85 13.38 11.85 11.85 11.88 11.88 11.88 11.88 11.92 11.92 11.92 11.92 12.26 12.26 12.26 12.26 13.85 12.20 12.20 12.20 12.14 12.14 12.14 12.14 12.14 13.62 12.14 12.14 12.35 14.02 14.02 12.35 12.47 12.47 12.47 12.47 12.62 12.62 15.63 15.63 14.00 13.57 12.57 14.77 12.42 12.42 12.42 12.42 12.45 13.44 12.45 12.45 12.58 15.61 15.61 15.61 12.60 12.60 12.56 12.56 12.26 12.26 13.67 13.66 12.21 12.21
11.77 11.77 11.77 14.29 14.35 14.35 11.81 14.35 18.29 11.77 11.77 11.77 11.96 11.96 11.96 11.96 11.85 11.85 11.85 11.85 11.88 11.88 11.88 11.88 11.92 11.92 11.92 11.92 12.26 12.26 12.26 12.26 12.20 12.20 12.20 12.20 12.14 12.14 12.14 12.14 12.14 12.14 12.14 12.14 12.35 12.35 12.35 12.35 12.47 12.47 12.47 12.47 12.62 12.62 12.62 12.62 16.80 12.57 12.57 12.57 12.42 12.42 12.42 12.42 14.93 12.45 12.45 12.45 12.58 12.58 15.61 15.61 12.60 12.60 13.36 12.56 12.26 12.26 12.26 12.26 12.21 14.14
12.68 12.68 12.68 12.68 19.56 12.72 12.72 12.72 14.38 12.68 12.68 12.68 13.08 13.08 13.08 13.08 12.97 12.97 12.97 12.97 13.00 17.00 13.00 13.00 13.03 14.70 13.03 13.03 13.40 13.40 13.40 13.40 13.33 15.06 15.06 13.33 13.24 13.24 13.24 13.24 13.20 16.13 13.20 13.20 13.08 14.74 13.08 13.08 13.20 13.20 13.20 13.20 13.33 13.33 13.33 15.04 16.26 16.26 13.28 13.28 12.81 12.81 12.81 12.81 12.84 12.84 12.84 12.84 12.97 12.97 16.59 16.59 12.99 12.99 12.51 12.51 12.42 12.42 12.42 12.42 12.37 12.37
12.68 12.68 12.68 12.68 12.72 12.72 12.72 12.72 12.68 14.38 12.68 12.68 13.08 13.08 13.08 13.08 12.97 12.97 12.97 12.97 13.00 13.00 13.00 13.00 13.03 13.03 13.03 13.03 13.40 13.40 13.40 13.40 13.33 13.33 13.33 13.33 13.24 16.22 13.24 13.24 13.20 13.20 13.20 13.20 16.13 14.73 13.08 13.08 13.20 13.20 13.20 13.20 13.33 13.33 13.33 13.33 13.28 13.28 13.28 13.28 12.81 12.81 12.81 12.81 12.84 12.84 12.84 12.84 12.97 12.97 16.59 16.59 23.08 12.51 12.51 12.51 12.42 12.42 12.42 12.42 12.37 12.37
12.71 12.71 12.71 15.66 12.68 12.68 12.68 12.68 12.65 12.65 12.65 12.65 13.07 13.07 13.07 13.07 12.96 12.96 12.96 12.96 14.63 14.63 12.98 12.98 13.02 13.02 13.02 14.68 13.37 13.37 13.37 13.37 13.30 13.30 13.30 13.30 13.21 13.21 13.21 13.21 13.15 13.15 13.15 13.15 13.07 13.07 13.07 13.07 13.22 13.22 13.22 14.90 13.32 13.32 13.32 13.32 13.25 13.25 14.96 13.25 12.78 12.78 12.78 12.78 12.86 12.86 12.86 12.86 13.02 13.02 16.66 16.66 24.60 14.14 12.55 12.55 12.44 12.44 12.44 12.44 12.35 12.35
12.71 14.41 12.71 12.71 12.68 12.68 12.68 12.68 12.65 12.65 12.65 12.65 14.73 13.07 13.07 13.07 12.96 12.96 12.96 12.96 12.98 12.98 12.98 12.98 13.02 13.02 13.02 13.02 15.10 13.37 13.37 13.37 13.30 13.30 13.30 13.30 13.21 13.21 13.21 13.21 13.15 13.15 13.15 13.15 14.73 13.07 13.07 13.07 13.22 13.22 13.22 13.22 13.32 13.32 13.32 13.32 13.25 13.25 13.25 13.25 12.78 12.78 12.78 12.78 12.86 12.86 12.86 12.86 13.02 13.02 16.66 16.66 13.03 12.55 12.55 14.12 14.02 12.44 12.44 12.44 12.35 12.35
12.71 12.71 12.71 12.71 12.68 12.68 12.68 12.68 12.65 12.65 12.65 12.65 13.07 13.07 13.07 14.70 12.96 12.96 12.96 12.96 12.98 12.98 12.98 12.98 13.02 16.05 13.02 13.02 13.37 13.37 13.37 13.37 13.30 15.02 15.02 13.30 13.21 14.89 13.21 14.89 13.15 13.15 13.15 13.15 13.07 13.07 13.07 13.07 13.22 13.22 13.22 13.22 13.32 13.32 13.32 13.32 13.25 13.25 13.25 13.25 12.78 12.78 12.78 12.78 12.86 12.86 12.86 12.86 13.02 13.02 16.66 21.17 12.55 12.55 12.55 12.55 12.44 12.44 12.44 12.44 12.35 12.35
12.71 12.71 12.71 12.71 12.68 14.36 12.68 12.68 12.65 12.65 12.65 12.65 13.07 13.07 14.73 14.70 12.96 12.96 12.96 12.96 15.99 12.98 12.98 12.98 13.02 13.02 14.66 13.02 15.09 13.37 13.37 13.37 13.30 14.99 13.30 13.30 13.21 13.21 13.21 13.21 13.15 13.15 13.15 13.15 13.07 13.07 13.07 13.07 13.22 13.22 13.22 13.22 13.32 13.32 13.32 13.32 14.96 14.96 13.25 13.25 12.78 12.78 12.78 12.78 12.86 12.86 12.86 12.86 13.02 13.02 13.02 13.02 12.55 12.55 12.55 12.55 12.44 12.44 12.44 12.44 12.35 12.35
12.65 14.35 14.35 12.65 12.61 12.61 12.61 12.61 12.62 12.62 14.31 12.62 13.06 13.06 13.06 13.06 12.96 12.96 12.96 12.96 14.61 12.95 12.95 12.95 12.96 12.96 12.96 16.80 13.32 13.32 13.32 13.32 13.22 14.92 13.22 13.22 13.13 15.62 13.13 13.13 14.90 13.22 13.22 13.22 13.20 13.20 13.20 13.20 13.28 13.28 13.28 13.28 13.33 13.33 13.33 13.33 13.24 13.24 13.24 13.24 12.78 12.78 12.78 12.78 12.93 12.93 12.93 12.93 13.08 13.08 13.08 13.08 12.58 14.18 12.58 12.58 12.48 12.48 12.48 12.48 12.38 12.38
12.65 12.65 12.65 12.65 12.61 12.61 12.61 12.61 12.62 12.62 12.62 16.16 16.11 13.06 13.06 13.06 14.61 12.96 12.96 12.96 12.95 12.95 14.60 12.95 12.96 12.96 12.96 14.61 15.04 13.32 13.32 13.32 13.22 13.22 13.22 13.22 13.13 13.13 14.80 13.13 13.22 13.22 13.22 13.22 13.20 13.20 13.20 13.20 13.28 13.28 13.28 13.28 13.33 13.33 13.33 13.33 13.24 13.24 13.24 14.82 12.78 12.78 12.78 12.78 12.93 12.93 12.93 14.58 13.08 13.08 13.08 14.19 12.58 12.58 14.18 14.16 15.86 14.07 12.48 12.48 12.38 12.38
12.65 12.65 12.65 12.65 14.30 12.61 12.61 12.61 12.62 12.62 12.62 12.62 13.06 13.06 13.06 13.06 12.96 12.96 12.96 12.96 14.60 12.95 12.95 12.95 12.96 12.96 12.96 12.96 13.32 15.04 15.04 13.32 13.22 13.22 13.22 13.22 13.13 13.13 13.13 13.13 13.22 13.22 13.22 13.22 13.20 13.20 13.20 13.20 13.28 13.28 13.28 13.28 13.33 13.33 13.33 15.05 13.24 13.24 14.95 13.24 12.78 12.78 12.78 12.78 12.93 12.93 12.93 12.93 13.08 13.08 13.08 12.59 12.58 12.58 12.58 12.58 12.48 12.48 14.07 15.81 13.95 12.38
12.65 12.65 12.65 14.33 12.61 12.61 12.61 14.27 12.62 12.62 12.62 12.62 13.06 13.06 13.06 13.06 12.96 12.96 12.96 12.96 12.95 12.95 14.59 12.95 12.96 12.96 14.60 12.96 13.32 13.32 13.32 15.01 13.22 13.22 13.22 13.22 13.13 13.13 13.13 13.13 13.22 13.22 13.22 13.22 13.20 13.20 13.20 13.20 13.28 13.28 13.28 13.28 13.33 13.33 13.33 13.33 13.24 14.92 13.24 13.24 15.76 12.78 12.78 12.78 12.93 12.93 12.93 12.93 13.08 13.08 13.08 12.59 12.58 12.58 12.58 12.58 12.48 14.06 12.48 14.06 12.38 13.95
12.59 12.59 12.59 12.59 12.52 12.52 12.52 12.52 12.53 12.53 12.53 12.53 13.01 13.01 13.01 13.01 12.95 12.95 12.95 12.95 12.91 12.91 12.91 14.56 12.91 12.91 14.56 12.91 15.00 13.28 15.00 13.28 14.84 13.17 13.17 13.17 13.20 13.20 13.20 13.20 13.39 13.39 13.39 13.39 13.34 13.34 13.34 13.34 13.38 13.38 13.38 13.38 13.36 13.36 13.36 13.36 13.20 13.20 13.20 13.20 12.80 12.80 12.80 12.80 13.01 13.01 13.01 13.01 13.10 13.10 15.42 15.46 14.16 12.57 12.57 12.57 12.45 12.45 12.45 12.45 12.36 13.93
14.28 12.59 12.59 12.59 12.52 14.20 12.52 12.52 12.53 12.53 12.53 12.53 13.01 13.01 13.01 14.67 14.60 12.95 12.95 12.95 12.91 12.91 12.91 14.56 12.91 12.91 12.91 14.56 13.28 13.28 13.28 13.28 13.17 13.17 13.17 13.17 13.20 13.20 13.20 13.20 13.39 13.39 13.39 13.39 13.34 13.34 13.34 13.34 13.38 13.38 13.38 13.38 13.36 13.36 15.92 13.36 13.20 13.20 13.20 13.20 12.80 12.80 12.80 12.80 13.01 13.01 13.01 13.01 13.10 14.78 12.62 12.62 12.57 12.57 15.40 12.57 12.45 12.45 12.45 12.45 12.36 12.36
12.59 12.59 12.59 12.59 12.52 12.52 12.52 12.52 14.22 12.53 12.53 12.53 13.01 13.01 13.01 13.01 12.95 14.60 12.95 12.95 12.91 12.91 12.91 12.91 12.91 12.91 12.91 12.91 16.17 13.28 13.28 13.28 14.84 13.17 13.17 13.17 13.20 13.20 13.20 13.20 15.04 14.99 13.39 13.39 15.08 13.34 13.34 13.34 13.38 13.38 13.38 15.11 16.36 15.09 15.09 13.36 13.20 13.20 13.20 13.20 12.80 12.80 12.80 12.80 13.01 13.01 13.01 13.01 13.10 13.10 15.47 12.62 12.57 12.57 12.57 12.57 12.45 12.45 12.45 12.45 12.36 12.36
14.28 14.28 12.59 12.59 12.52 12.52 12.52 12.52 12.53 12.53 12.53 12.53 13.01 13.01 13.01 13.01 12.95 14.59 12.95 12.95 12.91 12.91 12.91 12.91 12.91 12.91 12.91 12.91 13.28 13.28 13.28 13.28 14.84 13.17 13.17 13.17 13.20 14.92 13.20 13.20 13.39 13.39 13.39 13.39 13.34 13.34 13.34 13.34 13.38 13.38 13.38 13.38 13.36 13.36 13.36 13.36 13.20 13.20 13.20 13.20 12.80 12.80 12.80 12.80 13.01 13.01 13.01 13.01 13.10 12.62 12.62 12.62 12.57 12.57 12.57 12.57 14.02 12.45 12.45 14.01 12.36 12.36
12.56 12.56 12.56 12.56 12.44 12.44 12.44 12.44 12.42 12.42 12.42 12.42 12.94 14.59 12.94 14.59 12.91 12.91 12.91 12.91 12.87 12.87 12.87 12.87 12.86 15.65 12.86 12.86 13.24 14.95 13.24 13.24 13.21 13.21 13.21 16.73 13.29 13.29 13.29 13.29 13.47 13.47 13.47 13.47 13.40 13.40 13.40 13.40 15.00 13.41 15.00 13.41 14.98 13.27 13.27 13.27 13.12 13.12 13.12 13.12 12.90 12.90 12.90 12.90 13.09 13.09 13.09 13.09 13.07 12.59 14.19 12.59 12.47 12.47 12.47 12.47 12.39 12.39 13.97 12.39 12.35 12.35
12.56 12.56 14.63 12.56 12.44 12.44 12.44 12.44 12.42 12.42 12.42 15.55 12.94 12.94 12.94 12.94 12.91 12.91 12.91 12.91 12.87 12.87 15.65 16.60 16.60 12.86 12.86 12.86 13.24 13.24 13.24 13.24 13.21 13.21 15.76 13.21 13.29 13.29 13.29 13.29 13.47 13.47 13.47 13.47 13.40 13.40 15.13 15.44 13.41 13.41 13.41 13.41 13.27 13.27 13.27 13.27 13.12 13.12 14.79 13.12 12.90 12.90 12.90 12.90 13.09 13.09 13.09 13.09 13.07 17.83 12.59 12.59 12.47 12.47 12.47 12.47 12.39 12.39 14.00 13.95 12.35 13.91
13.78 13.78 13.78 13.78 13.64 13.64 13.64 13.64 13.63 15.26 13.63 15.26 13.94 13.94 13.94 15.81 15.77 13.91 15.77 17.56 13.86 13.86 18.72 18.72 24.05 15.71 13.85 13.85 14.20 14.20 15.42 14.20 14.16 14.16 15.89 17.82 14.25 14.25 14.25 14.25 18.61 14.43 14.43 16.18 15.81 14.09 14.09 14.09 14.10 14.10 14.10 14.10 13.96 13.96 13.96 13.96 13.92 13.92 13.92 13.92 13.51 13.51 13.51 13.51 13.70 13.70 16.62 15.16 13.23 13.23 14.91 13.23 13.11 13.11 14.77 13.11 12.62 12.62 12.62 12.62 12.57 12.57
13.78 13.78 15.42 13.78 13.64 13.64 13.64 13.64 13.63 13.63 13.63 13.63 13.94 13.94 13.94 13.94 13.91 13.91 13.91 15.06 13.86 20.08 20.08 18.72 14.87 13.85 13.85 13.85 16.63 14.85 20.86 20.86 19.42 14.16 14.16 14.16 14.25 14.25 14.25 16.01 14.43 14.43 14.43 14.43 14.09 14.09 14.09 14.09 14.10 14.10 15.82 14.10 13.96 13.96 13.96 13.96 13.92 15.67 13.92 13.92 13.51 13.51 13.51 15.15 15.30 15.32 15.32 13.70 13.23 13.23 13.23 13.23 13.11 14.76 13.11 13.11 12.62 12.62 12.62 12.62 12.57 12.57
13.74 13.74 13.74 13.74 13.63 13.63 13.63 13.63 13.59 13.59 13.59 13.59 13.89 13.89 13.89 13.89 13.87 13.87 17.34 13.87 13.84 18.20 20.08 20.30 18.72 13.85 13.85 14.67 14.24 20.86 20.86 20.86 19.42 18.78 19.42 14.25 14.31 14.31 14.31 14.31 14.44 14.44 14.44 14.44 14.09 15.81 14.09 14.09 14.04 14.04 14.04 14.04 13.85 13.85 13.85 13.85 13.86 13.86 13.86 13.86 13.61 13.61 13.61 13.61 13.68 13.68 13.68 13.68 13.15 13.15 13.15 13.15 13.05 13.05 13.05 13.05 12.61 12.61 12.61 12.61 12.55 12.55
13.74 13.74 13.74 15.34 13.63 13.63 13.63 13.63 13.59 13.59 13.59 13.59 13.89 13.89 13.89 13.89 13.87 13.87 18.72 18.72 18.08 22.01 20.52 20.06 20.30 20.08 18.22 13.85 20.28 22.46 20.86 20.86 19.42 19.00 19.64 17.89 14.31 14.31 14.31 14.31 14.44 14.44 14.44 16.20 14.09 14.09 14.09 14.09 14.04 14.04 14.04 14.04 13.85 13.85 13.85 13.85 13.86 13.86 13.86 13.86 13.61 13.61 13.61 13.61 13.68 13.68 13.68 15.64 14.82 13.15 13.15 13.15 13.05 13.05 13.05 13.05 12.61 12.61 12.61 12.61 12.55 12.55
13.74 13.74 13.74 15.34 13.63 13.63 13.63 13.63 13.59 13.59 13.59 13.59 13.89 13.89 13.89 13.89 18.72 22.94 22.50 20.08 19.99 20.21 20.28 19.58 20.08 20.08 18.22 20.08 20.86 20.86 20.86 20.86 20.86 19.64 19.64 18.72 14.31 14.31 14.31 14.31 14.44 14.44 14.44 14.44 14.09 14.09 14.09 14.09 14.04 14.04 15.92 14.04 13.85 15.71 15.71 13.85 13.86 13.86 13.86 13.86 13.61 13.61 13.61 13.61 13.68 13.68 13.68 17.54 13.15 13.15 13.15 13.15 13.05 13.05 13.05 13.05 12.61 12.61 12.61 12.61 12.55 12.55
15.36 13.74 13.74 13.74 13.63 13.63 13.63 13.63 13.59 13.59 13.59 13.59 13.89 13.89 13.89 29.37 18.72 18.72 20.08 20.08 21.91 5.08 20.30 19.58 19.59 18.22 18.22 19.59 20.86 20.86 20.86 20.86 20.86 20.86 19.64 17.89 14.31 14.31 14.31 14.31 14.44 14.44 14.44 14.44 14.09 14.09 14.09 14.09 14.04 14.04 14.04 14.04 13.85 13.85 13.85 13.85 13.86 13.86 13.86 13.86 13.61 13.61 13.61 13.61 13.68 13.68 16.14 13.23 13.15 13.15 14.82 13.15 13.05 13.05 14.71 13.05 12.61 12.61 12.61 12.61 12.55 12.55
