New_Model_Runs/7_FutureClimate_RCP85_out/post_prcessed_with_MFR/Monthly_summaries/net_infiltration_monthly_MAY.asc
NCOLS 700
NROWS 400
XLLCENTER 515000.000000
YLLCENTER 8409000.000000
CELLSIZE 50.000000
NODATA_value -999.000000
[rows 228 to 265 of 400, columns 252 to 335 of 700]
6.81 6.81 6.81 6.81 7.52 7.52 7.52 7.52 8.88 11.64 12.55 8.29 10.68 10.46 10.03 10.03 10.01 10.01 10.23 11.12 7.81 9.51 8.01 6.59 6.45 7.59 7.59 6.45 6.88 6.30 6.30 5.64 5.64 5.64 5.64 5.64 6.38 6.38 6.38 6.75 6.02 5.65 9.15 7.73 7.90 6.59 4.56 6.36 6.35 5.98 6.25 5.80 4.38 9.53 5.13 5.06 1.43 1.43 4.97 4.97 5.90 4.15 4.15 8.19 8.78 5.80 1.58 0.00 3.09 0.00 0.00 0.00 0.00 0.00 0.00 0.00 0.00 0.00 0.00 0.00 0.00 0.00 0.00 0.00
6.81 6.81 6.81 6.81 7.52 7.52 7.32 8.34 8.78 9.34 12.63 11.14 8.29 8.29 10.03 10.03 10.01 10.01 10.46 10.08 9.73 6.59 6.59 6.59 6.45 6.45 7.59 7.59 6.88 6.30 6.30 6.30 6.38 6.38 6.38 6.38 6.38 6.38 6.38 8.14 7.38 7.43 9.05 9.42 6.38 6.75 6.50 6.59 6.35 6.70 2.34 5.52 5.36 5.06 9.17 5.19 1.49 5.55 1.88 5.09 4.97 4.97 5.98 5.90 6.32 0.00 0.00 0.00 0.00 0.00 0.00 0.00 0.00 0.00 0.00 0.00 0.00 0.00 0.00 0.00 0.00 0.00 0.00 0.00
6.81 6.81 6.81 6.81 7.52 7.52 7.52 7.52 6.78 8.78 11.64 10.23 10.23 10.91 10.03 10.03 10.23 10.01 9.39 11.92 9.83 6.59 6.59 6.59 6.45 6.45 6.45 7.01 6.30 6.30 6.30 6.30 6.38 6.38 6.38 6.38 6.38 6.38 6.38 6.70 7.15 6.70 1.88 5.28 9.15 5.74 6.25 7.67 6.35 5.96 5.88 9.50 6.02 5.51 1.88 4.98 4.15 6.13 6.21 5.75 5.09 5.09 5.32 7.02 7.01 0.00 0.00 0.00 0.00 0.00 0.00 0.00 0.00 0.00 0.00 0.00 0.00 0.00 0.00 0.00 0.00 0.00 0.00 0.00
6.81 6.81 6.81 6.81 7.52 7.52 7.52 7.52 6.78 6.78 12.41 10.68 10.68 10.03 10.03 8.07 10.89 8.07 10.89 14.52 6.59 6.59 6.59 6.59 6.45 6.45 6.45 6.45 6.30 6.30 6.30 6.30 6.38 6.38 6.38 7.51 7.46 6.38 6.38 7.69 6.00 5.74 5.74 1.58 9.15 9.15 1.58 5.21 9.15 5.29 6.27 6.72 6.43 4.97 8.72 5.09 5.75 4.97 4.15 4.15 5.09 5.09 5.91 0.00 0.00 0.00 0.00 0.00 0.00 0.00 0.00 5.42 0.00 0.00 0.00 0.00 0.00 0.00 0.00 0.00 0.00 0.00 0.00 0.00
6.83 6.83 6.83 6.83 7.50 7.50 7.50 7.50 7.57 7.37 12.41 10.68 10.68 10.23 10.23 10.68 11.31 10.23 8.99 11.31 7.26 6.50 7.10 6.50 6.36 6.36 6.36 6.36 6.33 6.33 6.33 6.33 6.44 6.44 6.44 7.59 6.53 6.53 6.76 5.80 6.00 5.65 5.52 1.98 5.43 5.21 5.21 5.21 5.88 1.80 6.39 5.26 4.97 1.43 8.38 4.97 4.97 4.97 5.32 5.32 4.15 5.70 5.77 1.58 0.00 0.00 0.00 0.00 0.00 0.00 0.00 7.16 0.00 0.00 0.00 0.00 0.00 0.00 0.00 0.00 0.00 0.00 0.00 0.00
6.83 6.83 6.83 6.83 7.50 7.50 7.50 7.50 7.57 7.57 12.41 10.23 10.17 10.00 10.23 10.46 9.91 9.62 9.62 11.31 6.50 7.10 6.50 6.50 6.36 6.36 6.36 6.36 6.33 6.33 6.33 6.33 6.44 6.44 6.44 6.44 6.39 6.76 6.76 6.76 7.81 5.65 5.65 5.43 10.17 1.58 5.52 5.52 5.94 1.80 5.49 5.74 1.43 1.43 5.06 5.06 4.98 5.20 4.38 5.98 6.80 6.80 6.76 6.32 0.00 6.02 0.00 0.00 0.00 0.00 5.38 7.16 7.16 0.00 0.00 0.00 0.00 0.00 0.00 0.00 0.00 0.00 0.00 0.00
6.83 6.83 6.83 6.83 7.50 7.50 7.50 7.50 7.57 7.57 12.50 10.35 10.23 10.00 10.23 10.13 9.91 10.29 13.25 7.63 6.72 6.50 6.50 6.50 6.36 6.36 6.36 6.36 6.33 7.95 6.33 6.33 6.44 6.44 6.44 7.03 6.39 7.49 6.76 8.94 8.07 7.76 5.21 1.58 5.52 5.52 5.52 6.39 6.61 4.56 4.56 4.56 5.90 5.09 1.65 5.28 4.98 4.97 4.97 6.62 4.74 6.13 7.07 5.16 5.37 5.14 6.32 0.00 0.00 0.00 0.00 0.00 0.00 0.00 0.00 0.00 0.00 0.00 0.00 0.00 0.00 0.00 0.00 0.00
6.83 6.83 6.83 6.83 7.50 7.50 7.50 7.50 7.57 8.88 14.52 10.35 10.00 10.23 10.68 9.67 11.31 10.29 15.06 7.41 6.72 6.72 4.51 6.66 6.36 6.36 6.36 6.36 6.33 6.33 6.33 6.33 6.44 6.44 6.44 6.44 7.49 7.49 8.94 8.07 7.76 11.70 7.81 8.20 8.82 6.27 6.60 6.50 7.03 6.39 6.27 6.27 5.98 5.20 4.97 4.97 5.28 6.13 6.62 6.05 6.27 6.58 5.38 5.16 5.14 1.58 1.58 0.00 0.00 0.00 0.00 0.00 0.00 0.00 0.00 0.00 0.00 0.00 0.00 0.00 0.00 0.00 0.00 0.00
6.90 6.90 6.90 6.90 7.51 7.51 7.51 7.51 7.54 8.78 14.52 10.09 10.06 10.46 4.71 4.71 9.90 10.29 13.91 13.53 8.05 4.74 8.73 8.36 6.64 6.41 6.64 6.41 6.40 6.98 6.40 6.40 6.43 6.43 6.43 6.43 7.66 8.90 8.90 11.92 11.70 11.67 9.39 9.16 9.05 9.17 6.27 6.50 6.61 4.56 6.27 4.56 6.21 5.42 5.20 5.09 8.61 6.80 6.74 0.00 0.00 0.00 1.58 5.12 0.00 1.58 1.58 0.00 0.00 0.00 0.00 0.00 0.00 0.00 0.00 0.00 0.00 0.00 0.00 0.00 0.00 0.00 0.00 0.00
6.90 6.90 6.90 6.90 7.51 7.51 7.51 7.51 7.54 10.89 14.52 13.72 13.69 9.96 4.71 4.71 4.48 9.45 13.91 12.62 7.69 4.51 4.29 7.16 7.00 6.41 6.64 6.64 6.40 6.40 6.40 6.40 6.43 6.43 6.43 6.43 5.75 12.75 11.83 8.29 8.29 4.13 8.21 4.66 8.88 8.65 8.07 5.52 5.65 6.27 4.56 6.27 6.13 5.55 5.32 6.02 4.15 9.68 6.74 0.00 0.00 0.00 0.00 0.00 0.00 0.00 0.00 0.00 0.00 0.00 0.00 0.00 0.00 0.00 0.00 0.00 0.00 0.00 0.00 0.00 0.00 0.00 0.00 0.00
6.90 6.90 6.90 6.90 7.51 7.51 7.51 7.51 8.78 14.75 13.02 14.66 10.06 9.96 9.96 4.71 8.25 8.11 13.08 9.45 11.53 7.69 7.69 9.39 6.41 6.41 6.75 6.98 6.48 7.54 6.40 6.40 6.43 6.43 6.43 6.71 5.51 7.76 8.29 4.35 8.07 8.29 8.07 11.44 4.69 8.52 8.75 8.29 1.80 6.27 6.27 6.27 5.75 5.75 6.02 5.98 6.73 1.85 9.68 0.00 0.00 0.00 0.00 0.00 0.00 0.00 0.00 0.00 0.00 0.00 0.00 0.00 0.00 0.00 0.00 0.00 0.00 0.00 0.00 0.00 0.00 0.00 0.00 0.00
6.90 6.90 6.90 6.90 7.51 7.51 7.74 7.83 9.01 13.24 8.91 5.51 11.12 13.69 11.69 8.11 13.08 9.45 9.45 10.29 9.02 8.81 11.68 11.90 11.18 9.29 9.51 9.51 5.66 5.66 1.60 5.54 6.11 6.43 6.43 11.44 7.98 7.76 8.52 8.52 4.35 4.35 8.07 7.76 7.76 4.88 10.33 5.71 8.97 5.74 5.52 4.56 5.75 4.15 6.62 7.18 2.53 2.38 10.29 6.43 0.00 0.00 0.00 0.00 0.00 0.00 0.00 0.00 0.00 0.00 0.00 0.00 0.00 0.00 0.00 0.00 0.00 0.00 0.00 0.00 0.00 0.00 0.00 0.00
6.94 6.94 6.94 6.94 7.53 7.53 9.01 8.70 9.01 10.89 8.46 5.28 8.23 8.46 10.46 4.48 9.45 10.29 9.87 9.87 8.90 9.85 8.27 8.13 7.90 7.90 10.56 11.76 11.76 11.53 11.53 7.69 11.67 11.53 11.53 8.13 4.35 12.45 8.29 8.29 8.07 8.07 4.13 4.13 7.76 4.81 9.20 9.27 8.75 8.94 6.27 5.94 5.98 5.98 11.06 10.84 7.34 6.88 10.30 10.06 0.00 0.00 0.00 0.00 0.00 0.00 0.00 0.00 0.00 0.00 0.00 0.00 0.00 0.00 0.00 0.00 0.00 0.00 0.00 0.00 0.00 0.00 0.00 0.00
6.94 6.94 6.94 6.94 7.53 7.76 8.93 9.01 8.57 10.89 14.75 8.46 8.23 5.53 11.80 10.51 9.87 9.87 9.87 9.87 9.01 8.90 9.01 9.01 8.05 8.27 12.62 9.22 8.13 7.90 8.30 1.73 8.36 8.36 8.05 8.13 4.35 11.92 8.07 8.07 8.59 8.07 8.07 8.07 12.46 4.58 8.52 7.11 8.82 8.94 5.49 2.23 10.77 10.39 7.12 7.34 10.29 10.74 6.66 10.06 10.06 0.00 0.00 0.00 0.00 0.00 0.00 0.00 0.00 0.00 0.00 0.00 0.00 0.00 0.00 0.00 0.00 0.00 0.00 0.00 0.00 0.00 0.00 0.00
8.00 8.00 7.38 7.38 6.89 8.46 3.01 7.96 5.06 5.06 8.18 12.97 12.78 13.68 5.21 9.82 9.01 9.01 9.01 8.57 7.86 7.86 7.86 5.78 5.78 7.83 12.34 8.70 8.70 6.69 6.69 5.54 5.99 7.95 8.50 8.50 8.36 4.48 12.19 9.22 9.21 7.48 7.68 7.68 6.84 7.66 8.57 9.21 7.81 6.84 6.35 7.03 5.64 10.03 10.46 10.69 7.06 10.69 10.24 10.01 10.01 6.16 0.00 0.00 0.00 0.00 0.00 0.00 0.00 0.00 0.00 0.00 0.00 0.00 0.00 0.00 0.00 0.00 0.00 0.00 0.00 0.00 0.00 0.00
8.68 8.00 7.38 7.38 8.01 2.10 9.37 10.31 6.87 13.05 8.18 8.69 8.47 13.93 14.59 8.85 9.24 9.01 9.01 9.01 6.30 7.86 7.86 5.78 5.76 8.16 9.41 8.34 6.30 6.30 6.69 5.54 6.97 5.54 5.78 6.69 6.80 8.48 11.89 9.22 6.84 7.07 8.43 8.03 7.81 7.99 7.68 6.84 6.35 6.35 6.50 7.43 6.48 10.24 10.97 10.69 10.91 10.91 10.46 10.24 10.01 9.78 6.38 0.00 0.00 0.00 0.00 0.00 0.00 0.00 0.00 0.00 0.00 0.00 0.00 0.00 0.00 0.00 0.00 0.00 0.00 0.00 0.00 0.00
8.00 8.00 8.00 7.61 10.89 13.68 4.55 8.47 12.97 12.10 9.56 9.85 9.85 10.29 13.93 10.53 9.01 9.01 9.01 9.01 8.34 7.85 7.85 7.85 8.06 10.32 9.16 8.34 6.30 6.30 6.30 6.30 6.69 5.54 6.30 6.30 8.43 8.88 11.43 11.43 8.43 8.03 9.01 8.03 7.68 11.11 7.71 7.44 6.50 5.56 7.49 8.11 7.56 2.46 10.01 10.23 10.46 10.48 10.46 6.76 10.01 10.24 5.51 5.53 0.00 0.00 0.00 0.00 0.00 0.00 0.00 0.00 0.00 0.00 0.00 0.00 0.00 0.00 0.00 0.00 0.00 0.00 0.00 0.00
8.00 8.00 8.00 7.61 9.08 5.49 13.42 7.95 12.78 9.56 9.56 10.08 10.53 10.74 14.61 14.84 9.91 9.01 9.01 9.01 6.30 7.85 7.85 7.85 6.92 10.55 9.16 6.92 7.15 6.52 6.30 5.37 5.54 6.30 6.30 6.30 9.56 9.98 12.24 8.43 8.43 8.56 8.43 7.68 7.68 11.11 9.94 4.71 7.42 8.72 6.96 8.56 8.36 6.09 9.78 10.78 10.26 10.50 10.94 10.48 10.01 10.23 5.29 1.66 0.00 0.00 0.00 0.00 0.00 0.00 0.00 0.00 0.00 0.00 0.00 0.00 0.00 0.00 0.00 0.00 0.00 0.00 0.00 7.02
8.00 8.22 11.01 8.12 9.56 10.24 8.63 12.78 10.08 9.83 10.31 9.79 10.53 10.51 10.76 10.05 13.87 9.24 7.03 7.03 6.30 7.85 7.85 7.85 6.69 10.55 9.92 6.01 5.76 5.76 1.61 5.54 5.37 1.61 6.30 6.30 6.20 9.92 8.61 8.56 7.81 8.57 8.57 9.04 8.47 7.88 4.48 9.41 4.68 7.15 7.94 6.96 10.25 5.86 1.89 10.21 10.43 10.24 10.91 10.46 10.01 10.01 10.01 9.78 0.00 0.00 0.00 0.00 0.00 0.00 0.00 0.00 0.00 0.00 0.00 0.00 0.00 0.00 0.00 0.00 0.00 0.00 0.00 5.10
8.45 6.02 8.35 10.03 9.34 13.19 12.78 8.69 11.26 9.83 9.60 4.78 4.78 10.08 10.08 10.29 13.92 9.01 7.03 7.03 6.30 7.85 7.85 6.52 6.92 10.32 9.92 6.69 6.69 6.30 5.54 6.30 5.54 9.16 9.16 5.24 5.75 2.35 6.58 8.56 8.56 7.81 8.57 4.03 4.09 7.66 4.48 5.13 2.34 1.89 10.89 5.51 1.78 1.89 1.89 7.66 10.43 10.43 10.48 10.46 10.01 10.46 5.97 5.92 6.83 6.61 0.00 0.00 0.00 0.00 0.00 0.00 0.00 0.00 0.00 0.00 0.00 0.00 0.00 0.00 0.00 0.00 0.00 5.10
5.17 8.80 4.94 10.03 7.95 9.56 10.29 9.37 9.60 9.83 9.85 6.84 10.08 10.06 9.37 10.08 10.08 9.14 8.17 7.03 6.30 7.83 7.83 6.52 6.92 9.92 9.41 6.69 6.69 6.52 6.75 5.37 5.78 5.54 9.16 9.16 5.67 5.90 7.91 8.43 8.56 8.56 8.92 4.48 4.27 7.66 8.70 2.57 2.11 5.51 5.51 1.76 1.89 1.89 1.89 6.19 10.24 10.43 10.66 10.72 10.69 10.48 2.56 2.34 5.74 6.61 0.00 0.00 0.00 0.00 0.00 0.00 0.00 0.00 0.00 0.00 0.00 0.00 0.00 0.00 0.00 0.00 0.00 0.00
8.57 4.72 4.72 8.12 12.97 9.56 10.06 4.78 9.60 9.60 10.08 9.85 9.85 10.08 9.56 9.60 10.06 10.13 6.28 7.03 6.30 7.83 6.69 6.30 5.54 10.32 9.41 6.69 6.69 6.92 6.21 5.99 1.61 5.54 5.78 9.00 5.67 5.67 4.32 4.03 7.68 7.68 8.25 4.26 6.36 10.44 10.44 2.34 5.74 2.34 1.98 1.98 5.76 2.34 10.24 5.93 6.61 10.43 10.21 10.46 10.91 6.19 6.19 2.79 5.74 9.78 0.00 0.00 0.00 0.00 0.00 0.00 0.00 0.00 0.00 0.00 0.00 0.00 0.00 0.00 0.00 0.00 0.00 0.00
14.34 13.66 8.12 10.03 13.48 13.46 10.29 9.83 9.15 10.08 10.08 7.61 7.30 7.30 5.29 9.85 9.37 10.13 7.43 7.43 6.69 6.69 6.69 6.69 6.69 9.41 5.78 6.69 6.69 5.54 5.54 5.76 5.78 5.78 5.78 9.41 5.67 5.67 6.58 7.68 4.03 7.48 11.31 9.98 11.01 10.93 5.97 9.91 6.75 2.21 2.44 6.76 2.56 10.46 10.46 6.61 6.61 2.11 9.16 10.03 10.98 2.34 6.42 2.79 5.74 9.78 6.16 0.00 0.00 0.00 0.00 0.00 0.00 0.00 0.00 0.00 0.00 0.00 0.00 0.00 0.00 0.00 0.00 0.00
13.67 13.45 9.82 10.49 9.85 9.34 13.92 9.39 9.85 9.85 9.85 7.61 5.06 5.06 5.06 5.06 7.53 7.30 9.01 7.03 6.46 5.78 6.30 7.83 6.01 9.64 5.78 6.46 6.69 9.00 9.16 9.00 9.16 5.24 5.24 9.16 9.30 9.30 9.30 9.30 9.37 9.30 9.53 10.25 5.74 5.97 5.97 5.39 6.75 2.21 2.66 5.84 5.97 5.74 9.78 5.51 9.81 5.74 5.29 5.74 6.19 5.74 5.51 5.97 10.01 6.16 6.16 0.00 0.00 0.00 0.00 0.00 0.00 0.00 0.00 0.00 0.00 0.00 0.00 0.00 0.00 0.00 0.00 0.00
9.89 9.82 10.49 10.55 10.08 9.84 6.79 12.97 13.46 9.85 9.85 9.84 5.06 5.06 7.29 7.29 7.57 7.30 7.30 6.46 6.52 6.69 5.78 1.61 10.09 9.22 5.59 5.24 5.24 5.47 6.46 2.06 1.61 1.84 1.84 5.76 5.90 5.67 5.67 5.90 5.67 1.89 6.96 5.97 2.67 2.11 2.11 2.34 10.15 5.39 5.84 2.44 2.56 2.11 2.34 2.34 2.11 5.74 5.51 5.51 5.74 9.78 9.78 9.78 6.16 6.16 6.16 0.00 0.00 0.00 0.00 0.00 0.00 0.00 0.00 0.00 0.00 0.00 0.00 0.00 0.00 0.00 0.00 0.00
9.82 9.89 10.03 10.77 10.08 7.30 7.83 7.61 7.60 13.48 13.46 9.85 7.30 7.29 7.29 7.29 7.29 7.30 6.76 6.59 5.18 5.76 6.30 9.41 5.24 5.24 6.01 1.61 1.61 5.76 6.23 5.99 5.54 2.11 1.84 5.54 1.67 5.90 9.53 6.13 5.67 2.59 3.24 3.02 2.79 2.56 2.56 2.56 5.74 10.15 6.52 2.44 2.56 2.11 2.56 2.34 6.19 5.97 5.51 5.74 5.74 10.01 10.01 9.78 9.78 6.16 6.16 6.16 0.00 0.00 0.00 0.00 0.00 0.00 0.00 0.00 0.00 0.00 0.00 0.00 0.00 0.00 0.00 0.00
9.82 4.49 10.03 9.82 9.15 7.53 7.76 6.79 6.79 7.30 10.93 10.93 7.30 7.30 5.06 5.06 7.29 6.76 6.76 6.76 1.64 6.01 10.32 9.16 1.61 5.24 1.61 1.84 2.06 1.84 5.54 5.78 5.54 5.60 2.06 1.88 5.67 9.30 5.67 6.13 6.85 6.63 2.56 7.08 2.34 2.56 2.34 2.34 1.89 9.91 6.52 1.98 2.11 1.89 2.34 6.19 5.97 2.11 1.89 6.05 9.68 5.74 2.11 5.76 10.24 6.38 6.16 6.16 7.31 0.00 0.00 0.00 0.00 0.00 0.00 0.00 0.00 0.00 0.00 0.00 0.00 0.00 0.00 0.00
9.82 10.55 9.82 7.27 6.79 7.76 7.53 7.30 6.79 6.79 7.30 10.93 7.91 7.30 7.30 7.29 5.06 6.76 8.25 8.26 9.41 9.41 5.54 7.82 7.80 2.34 5.24 1.61 2.18 1.61 5.77 5.54 5.78 5.37 5.77 5.54 5.56 9.98 5.90 5.90 6.85 6.63 2.11 2.11 6.85 2.11 1.89 1.99 1.89 6.28 9.49 6.52 9.39 9.78 9.78 9.78 9.78 9.78 9.78 9.78 9.78 6.16 6.16 6.38 10.24 6.16 6.16 6.16 7.54 7.54 7.31 7.31 7.31 7.31 7.31 8.30 7.31 7.31 7.31 8.30 7.31 8.30 7.31 8.30
13.66 10.55 10.43 8.85 7.53 7.95 7.30 8.06 8.06 7.53 7.53 7.01 10.93 7.29 6.76 6.76 8.21 8.36 8.23 11.38 11.41 7.78 7.62 7.78 7.77 7.77 5.24 9.16 1.66 5.54 5.54 5.54 5.54 5.54 5.54 5.54 5.90 9.19 5.67 6.81 6.63 7.43 7.15 7.26 7.69 7.69 7.43 7.46 6.81 1.89 1.89 10.15 6.38 6.38 6.16 6.16 6.16 6.16 6.16 6.16 6.16 6.16 6.16 6.16 9.78 1.66 1.66 1.66 2.25 2.25 2.03 2.03 2.03 2.03 2.03 2.03 2.03 2.03 2.03 2.03 2.03 2.03 2.03 2.03
10.55 14.18 9.82 8.00 7.51 7.53 8.36 8.06 8.28 2.49 7.92 8.77 6.82 12.09 8.24 8.24 8.36 8.06 11.83 11.68 7.54 7.78 7.78 6.46 5.60 1.84 1.61 9.00 1.66 5.24 9.16 9.41 5.24 5.20 5.12 5.20 1.55 9.02 9.94 9.94 6.31 6.54 7.15 7.26 7.46 7.70 7.69 2.92 2.34 1.89 7.75 10.44 9.78 6.16 6.16 6.16 6.16 6.16 6.16 6.16 6.16 6.16 6.16 6.16 9.78 6.16 6.16 1.66 2.03 7.31 7.31 7.31 7.31 7.31 7.31 7.31 7.31 7.31 7.31 7.31 7.31 7.31 7.31 7.31
10.18 10.18 10.18 6.91 6.91 7.61 7.61 7.61 1.92 2.38 7.73 7.02 7.25 11.13 7.02 7.91 7.83 10.87 10.04 7.02 7.33 7.58 5.35 7.80 7.79 7.79 7.56 7.56 5.19 5.35 5.35 5.58 1.56 5.06 1.45 4.82 5.15 9.80 6.18 6.18 2.40 7.06 6.18 1.85 2.30 2.07 2.53 2.75 5.70 5.48 5.48 5.48 5.61 6.01 6.01 6.01 6.01 6.01 6.01 6.01 6.01 6.01 6.01 6.01 9.64 6.01 6.01 1.64 1.70 6.16 6.16 6.16 6.16 6.16 6.16 6.16 6.16 6.16 6.16 6.16 6.16 6.16 6.16 6.16
10.18 10.18 7.63 7.63 7.27 8.14 2.15 7.87 1.92 7.25 7.25 7.85 7.02 10.65 10.65 10.65 10.90 8.14 11.54 5.73 7.33 6.06 5.35 7.80 7.56 7.56 7.56 7.56 8.84 5.21 8.97 8.84 5.19 5.20 8.87 5.06 1.72 5.35 6.18 6.18 6.40 6.63 6.61 2.00 2.30 2.30 5.93 5.93 7.79 6.66 1.85 2.07 2.21 5.61 6.01 6.01 6.01 6.01 6.01 6.01 6.01 6.01 6.01 6.01 9.64 1.64 1.64 1.64 1.70 6.16 0.00 0.00 0.00 0.00 0.00 0.00 0.00 0.00 0.00 0.00 0.00 0.00 0.00 0.00
10.41 7.59 6.91 7.11 7.61 7.02 7.25 1.92 7.50 7.25 8.07 7.85 7.82 7.91 7.50 7.25 10.65 7.91 7.02 10.65 1.82 6.57 7.55 7.55 7.53 7.53 7.53 7.53 11.15 9.21 5.58 5.58 5.58 5.24 5.24 9.94 5.35 5.35 9.80 1.85 6.18 6.40 6.40 2.00 6.88 5.93 2.07 2.07 2.13 7.11 6.88 2.30 6.72 6.50 9.90 6.01 6.01 6.01 6.01 6.01 6.01 1.87 2.09 2.03 9.64 1.64 1.87 1.87 1.70 1.70 0.00 0.00 0.00 0.00 0.00 0.00 0.00 0.00 0.00 0.00 0.00 0.00 0.00 0.00
10.60 7.86 7.63 7.11 7.27 7.02 7.02 7.61 8.06 2.38 2.38 7.83 7.02 7.91 7.25 10.65 11.54 7.02 10.04 11.42 7.30 7.30 7.55 7.55 7.53 7.53 7.53 7.53 11.15 9.21 5.58 5.58 5.58 5.24 9.94 9.94 10.01 9.80 6.40 5.58 10.01 6.18 1.85 6.16 5.48 1.85 7.34 7.11 7.11 7.11 7.11 6.88 6.95 2.21 5.38 1.87 6.24 6.01 6.01 9.64 9.64 5.88 10.54 5.72 5.27 5.50 2.09 2.09 1.70 1.70 1.70 0.00 0.00 0.00 0.00 0.00 0.00 0.00 0.00 0.00 0.00 0.00 0.00 0.00
9.69 7.86 6.91 6.76 7.02 7.02 7.02 1.92 1.92 7.27 7.61 7.61 1.92 7.82 7.02 10.65 7.79 11.42 11.24 7.27 7.30 7.30 7.30 7.55 7.53 7.53 7.53 7.53 8.97 5.42 9.07 5.42 9.20 9.94 6.31 1.68 6.38 9.80 6.40 6.40 6.18 10.01 10.29 5.93 2.30 1.85 2.07 2.07 6.66 6.38 6.61 6.61 1.98 5.61 5.50 2.09 6.69 6.46 9.87 9.64 6.46 2.32 2.26 1.87 1.64 6.17 2.77 1.87 1.70 1.86 1.70 0.00 0.00 0.00 0.00 0.00 0.00 0.00 0.00 0.00 0.00 0.00 6.16 6.16
8.05 7.86 7.50 8.75 7.02 7.02 7.02 7.27 7.84 7.84 7.85 7.72 7.91 7.25 7.47 10.65 11.42 11.42 7.91 7.27 7.30 7.30 7.30 7.55 7.53 7.53 7.53 7.53 5.19 2.02 6.03 5.58 2.27 1.91 1.68 1.68 1.72 9.80 6.18 1.72 1.75 5.97 1.85 5.70 2.17 6.16 7.11 6.83 6.61 6.61 6.83 2.40 1.98 9.90 6.46 2.32 2.55 10.32 6.24 6.01 6.46 2.09 6.24 6.01 1.64 5.50 6.85 2.55 1.70 1.70 1.70 1.70 0.00 0.00 0.00 0.00 0.00 0.00 0.00 0.00 6.16 7.11 1.70 1.70
8.05 7.73 7.73 8.97 7.61 7.61 7.02 7.61 7.61 7.91 7.91 7.83 7.81 6.86 6.00 10.65 5.91 1.92 7.77 7.77 7.29 7.29 7.29 7.29 7.52 7.52 7.52 5.21 5.19 5.44 1.83 1.82 2.04 6.28 6.42 6.42 6.48 10.11 10.63 6.48 1.94 6.70 6.61 5.70 6.70 7.50 6.83 6.83 6.61 6.61 6.38 6.61 5.27 9.87 6.24 2.32 3.45 6.69 6.24 2.09 5.72 6.24 6.01 6.22 9.64 5.50 2.48 6.69 1.70 6.16 0.00 1.70 1.70 0.00 0.00 0.00 0.00 0.00 0.00 6.16 1.70 1.70 1.70 6.16
7.50 7.73 8.66 8.87 7.83 7.61 7.61 7.28 7.61 7.91 7.91 7.83 7.91 2.15 5.78 7.02 10.90 7.02 7.02 8.00 7.52 1.68 1.68 1.68 4.82 7.17 5.05 5.06 5.14 8.87 6.54 6.99 6.76 6.61 6.61 6.61 10.11 10.11 5.48 10.29 10.11 10.11 10.63 9.79 10.91 7.21 7.21 6.61 6.38 6.38 6.61 7.06 10.32 6.01 6.24 2.55 2.77 2.32 6.24 7.14 5.95 6.01 9.64 9.64 9.64 6.01 6.01 6.01 1.70 0.00 0.00 0.00 1.70 1.70 0.00 0.00 0.00 7.11 1.70 1.70 1.70 6.16 6.16 0.00
