New_Model_Runs/7_FutureClimate_RCP85_out/post_prcessed_with_MFR/Monthly_summaries/net_infiltration_monthly_APR.asc
NCOLS 700
NROWS 400
XLLCENTER 515000.000000
YLLCENTER 8409000.000000
CELLSIZE 50.000000
NODATA_value -999.000000
[rows 296 to 332 of 400, columns 168 to 251 of 700]
7.08 8.43 10.97 7.02 6.58 7.41 7.41 7.41 7.67 7.67 7.45 6.64 7.18 7.69 7.69 7.63 8.07 8.19 8.92 7.80 3.50 11.00 10.35 6.62 8.11 7.55 8.79 7.67 7.67 7.69 7.69 6.67 11.64 8.35 7.91 7.91 7.69 7.91 7.16 6.89 8.12 7.92 7.70 5.23 4.19 4.19 4.19 4.19 5.41 8.13 8.13 8.13 8.33 8.16 8.83 8.33 8.05 8.71 8.05 8.05 9.98 7.69 7.67 7.70 7.70 7.67 7.92 7.21 6.99 6.50 6.72 7.92 7.21 7.20 10.71 7.20 7.95 7.95 7.95 9.27 8.36 11.49 8.59 8.59
6.20 11.07 11.62 7.12 7.34 7.41 7.41 7.41 7.45 7.67 8.66 8.33 7.69 7.67 6.86 6.84 8.07 7.58 8.05 8.27 7.71 8.02 8.63 11.36 10.84 6.67 7.11 8.35 5.65 7.16 7.91 7.69 10.84 8.54 7.89 7.69 7.91 7.91 7.69 8.65 7.70 7.92 7.70 7.70 7.70 4.19 4.19 4.19 4.19 8.13 8.13 8.13 8.16 8.16 9.15 8.16 8.05 8.05 8.05 6.47 9.98 2.10 7.67 7.70 7.67 7.67 7.92 7.92 6.99 7.70 6.19 7.92 7.20 7.42 10.93 7.20 7.20 8.67 7.81 7.58 8.25 8.14 12.32 8.59
11.57 5.77 7.12 10.41 4.63 7.62 7.62 7.41 7.45 7.89 7.89 7.45 6.86 7.67 4.47 7.85 6.62 8.07 7.61 7.61 7.63 8.48 8.07 6.84 7.33 10.62 7.37 8.38 6.11 8.03 6.32 8.13 11.28 10.89 7.59 8.13 7.59 7.37 8.13 7.91 7.71 7.71 7.71 7.71 7.71 7.71 4.19 6.55 6.52 8.13 8.13 8.13 8.16 8.16 8.51 8.16 8.05 8.05 8.48 7.89 10.50 6.73 7.70 7.67 7.43 8.11 7.67 7.67 7.70 7.70 7.67 7.70 7.20 7.64 10.41 7.42 7.42 1.66 2.21 8.89 9.27 12.32 11.21 12.10
7.84 8.06 7.34 5.77 11.35 7.41 7.62 7.84 7.89 7.67 7.89 7.08 7.39 7.89 6.86 7.06 7.27 6.84 8.05 8.05 7.83 7.63 7.63 7.63 8.35 7.33 10.18 8.95 7.37 2.42 7.37 3.08 4.17 5.93 12.38 7.91 7.16 7.16 7.33 7.91 7.71 7.71 7.71 7.71 7.71 7.71 7.68 7.71 7.71 7.68 8.51 8.13 8.16 8.16 8.16 8.16 5.48 5.48 7.92 6.68 11.22 6.99 7.67 8.14 7.39 7.43 6.95 7.67 7.67 7.92 7.89 7.67 10.72 6.87 10.85 6.44 6.66 6.90 2.31 9.05 12.56 10.84 7.70 7.70
7.62 7.86 7.84 2.47 10.63 11.15 11.37 10.85 11.34 7.89 7.45 7.89 7.89 7.91 7.08 7.54 7.10 7.10 7.32 8.70 7.06 7.63 7.61 7.61 7.69 8.35 7.11 2.64 11.32 11.42 10.62 11.06 11.28 5.93 10.40 12.16 8.35 6.89 7.91 7.69 7.71 7.71 7.71 7.71 7.71 7.71 7.71 7.71 7.71 7.68 7.68 6.54 6.52 8.13 8.13 8.13 8.31 7.70 7.70 6.45 11.22 7.67 7.89 8.36 7.89 7.70 7.70 7.67 7.21 8.14 7.92 7.67 10.93 10.85 10.63 6.90 5.74 7.56 2.97 5.61 5.72 7.81 7.70 7.70
7.41 7.41 7.41 5.55 10.41 10.31 7.34 7.86 8.12 7.91 7.69 6.86 7.69 7.69 7.85 7.85 8.50 7.27 7.49 9.88 8.07 7.63 7.85 7.32 7.89 7.69 7.11 7.55 7.98 11.54 9.18 7.11 7.16 6.32 7.11 10.84 5.50 8.13 7.67 7.67 7.71 7.71 6.90 7.92 7.71 7.71 6.95 6.95 7.71 8.59 7.92 7.71 7.68 7.71 8.13 8.13 7.70 7.70 7.70 7.67 10.50 7.70 7.67 8.11 7.86 8.11 7.67 7.70 8.75 7.21 7.21 7.43 2.53 2.10 9.98 7.12 10.63 10.41 10.63 1.66 6.44 8.25 7.92 7.70
7.62 7.41 7.86 7.64 6.90 5.11 6.90 7.64 7.45 7.67 8.56 7.61 2.05 7.91 7.63 8.07 7.93 8.72 8.72 8.05 8.36 7.63 7.63 8.07 7.91 7.89 7.33 7.33 6.89 9.62 7.89 7.89 8.13 7.11 8.13 8.32 7.33 10.67 5.79 8.13 7.71 7.71 7.17 7.71 7.71 7.71 7.17 7.17 6.69 7.92 7.17 8.83 8.44 7.71 8.13 7.71 7.70 7.70 7.70 7.70 10.50 7.70 7.67 7.89 8.33 7.89 7.70 7.92 7.92 7.89 7.89 7.89 6.18 2.31 10.20 10.41 10.17 6.13 6.13 2.10 2.53 6.48 8.14 8.36
7.62 7.86 7.84 7.02 5.33 2.07 10.31 7.12 7.45 7.67 7.39 7.95 8.55 7.91 7.63 7.61 8.29 8.29 8.66 7.85 6.52 7.63 7.63 7.63 7.89 7.11 8.32 8.32 10.40 7.67 7.89 7.69 7.89 7.89 7.69 7.69 7.89 7.81 11.10 5.50 10.20 10.20 7.68 7.92 7.90 7.68 7.90 8.14 7.71 7.92 7.92 6.76 6.52 7.71 6.74 7.71 7.70 7.70 7.70 6.99 10.50 7.70 6.99 7.70 7.67 7.67 7.70 7.70 7.70 8.33 7.65 7.70 7.42 10.17 10.20 7.12 6.66 6.05 6.75 7.48 7.92 7.01 6.48 8.36
10.92 7.34 7.86 7.02 7.34 6.90 10.41 6.80 7.18 7.69 7.91 7.29 7.67 7.69 7.63 7.63 7.63 7.85 7.10 7.61 6.84 6.74 6.52 7.85 8.11 8.11 8.32 7.11 10.18 7.89 7.89 7.69 7.69 7.69 7.69 7.69 7.91 7.11 7.33 7.11 7.90 11.22 11.19 11.41 10.42 10.68 8.14 6.90 7.12 8.58 7.34 6.34 8.12 6.53 7.92 7.17 6.99 7.21 6.95 9.70 7.21 7.70 7.70 7.92 7.89 7.67 7.70 7.70 7.92 7.39 7.17 10.50 9.98 6.22 7.21 10.20 1.88 6.05 6.13 6.75 7.19 8.06 7.70 6.97
10.31 11.59 7.84 6.90 7.34 7.12 6.90 10.41 7.18 7.69 7.45 7.08 7.91 7.63 7.61 7.63 7.63 7.10 7.27 6.05 8.05 6.74 7.63 7.85 8.13 7.11 7.33 10.40 6.89 8.11 7.89 6.57 6.57 6.57 7.69 6.57 7.69 7.11 8.32 8.15 7.93 7.68 7.71 8.69 8.29 10.85 11.34 11.12 5.94 10.85 10.42 10.68 10.68 11.41 10.46 10.46 10.50 10.72 11.16 10.36 10.50 6.99 7.70 7.92 7.89 7.67 7.70 7.67 7.92 7.21 10.72 11.40 7.20 6.47 7.20 7.21 5.17 6.13 6.75 6.97 7.19 7.41 7.41 6.97
7.27 11.64 7.78 6.83 7.03 6.83 1.70 5.21 6.16 7.39 7.17 6.97 7.19 7.12 7.12 7.34 7.12 7.12 6.59 6.56 7.34 6.35 7.12 7.12 7.49 7.71 7.16 9.78 7.70 6.49 7.61 6.25 6.25 6.25 6.25 6.25 6.25 6.25 6.25 7.33 7.36 7.31 7.90 7.75 7.97 7.44 7.44 7.22 7.74 7.66 7.40 7.00 10.07 5.19 10.04 10.04 1.87 6.87 7.33 3.40 3.02 10.13 10.90 10.68 7.93 7.17 7.15 6.43 5.25 9.01 9.92 7.39 6.85 6.83 6.83 6.83 7.05 6.67 7.11 7.08 6.86 6.56 6.56 6.64
6.46 6.24 9.97 2.35 6.68 7.65 7.18 2.13 9.89 6.60 7.39 7.39 6.97 7.12 7.34 7.34 7.34 7.12 7.12 7.12 7.34 7.34 7.12 7.12 7.26 6.70 6.49 10.99 7.70 6.49 6.25 6.25 6.25 6.25 6.25 6.47 6.47 6.25 6.25 6.25 6.76 6.78 7.53 7.31 7.53 7.32 7.53 6.47 8.40 7.74 8.19 6.75 6.56 6.78 5.41 6.56 1.87 7.09 6.64 8.05 7.09 7.09 6.84 10.13 10.16 10.68 9.01 9.70 6.43 6.43 10.68 10.68 10.58 9.37 6.09 6.31 6.31 7.05 6.65 6.87 6.21 6.13 6.35 7.11
7.05 7.25 10.54 6.90 7.49 6.83 7.87 2.55 5.24 6.60 7.42 6.89 6.97 7.34 7.34 7.12 7.12 7.12 7.12 7.12 7.34 7.34 7.12 7.34 7.27 7.70 7.92 10.78 7.26 6.25 6.25 6.25 7.27 7.27 7.27 6.47 6.46 6.24 6.24 6.74 6.78 6.75 6.53 7.31 7.31 7.32 7.32 7.75 7.75 8.13 6.31 6.78 1.90 5.41 10.29 5.59 7.64 7.17 7.17 7.17 7.17 7.17 7.39 7.17 8.14 7.17 7.17 7.17 7.17 7.17 7.17 7.23 6.31 6.83 10.34 9.60 9.82 10.04 9.50 9.72 9.50 6.13 7.11 6.89
7.25 6.24 6.24 10.19 7.27 6.83 6.75 6.75 1.51 10.40 7.04 7.61 6.97 7.12 7.12 8.46 8.46 7.12 7.12 7.12 6.37 7.12 7.12 7.34 7.27 7.49 10.22 6.49 7.48 6.25 6.25 6.25 7.27 7.27 7.27 7.27 7.27 6.24 6.46 6.96 7.31 7.32 7.74 7.53 7.31 7.32 7.32 7.32 7.32 7.32 7.32 7.00 2.11 9.97 6.53 7.53 7.17 7.17 7.17 7.17 7.17 7.17 7.17 7.01 6.95 7.16 7.86 7.17 7.17 5.20 5.20 7.01 5.77 6.83 6.83 8.23 7.71 5.99 6.21 6.86 9.94 9.86 9.64 9.72
7.27 6.46 6.24 9.75 6.31 6.83 7.25 6.46 9.46 13.08 7.04 7.25 7.34 7.34 7.12 7.12 6.13 6.13 6.13 7.12 7.12 7.12 7.34 6.34 7.49 10.99 6.70 6.92 7.71 6.25 6.66 6.25 7.27 7.27 7.27 7.27 7.27 6.52 6.52 6.46 6.25 6.25 7.31 7.31 6.24 7.32 8.03 7.32 7.32 7.32 7.53 7.97 11.26 6.24 6.46 6.46 7.17 6.11 7.17 7.17 7.17 7.39 7.23 7.01 6.45 6.76 8.09 7.01 6.73 5.20 8.43 6.73 6.67 8.04 6.42 7.06 7.22 4.99 5.21 4.99 7.22 6.86 6.86 6.64
6.24 6.68 6.83 6.02 10.26 7.18 7.27 6.31 7.33 2.17 5.49 7.11 7.55 7.34 7.12 7.12 7.12 7.12 6.13 7.12 7.78 7.81 6.81 10.51 11.21 7.48 6.70 7.48 7.70 7.48 6.47 6.25 6.25 7.27 6.25 6.25 6.24 7.27 6.24 6.24 6.25 6.25 6.25 6.25 6.24 7.32 7.32 7.32 7.32 7.32 7.32 10.83 10.82 6.24 6.24 6.24 7.17 6.11 6.11 7.01 6.73 6.95 6.73 6.73 7.01 6.95 6.95 6.73 6.73 5.20 6.73 6.73 4.99 4.99 6.42 6.42 6.67 4.99 4.99 6.42 6.64 6.86 6.42 6.42
7.46 7.05 7.03 6.83 5.42 7.62 6.68 6.31 7.61 6.89 5.24 10.11 6.78 8.36 7.12 7.12 7.12 7.12 7.12 7.70 7.12 7.02 10.54 7.55 7.70 7.27 7.48 7.48 7.48 7.48 6.25 6.25 7.27 6.25 6.25 6.25 6.23 6.23 6.23 6.23 6.90 8.20 6.23 6.23 6.23 7.32 7.32 7.32 7.32 7.32 7.32 10.83 6.23 6.23 6.23 6.23 6.73 6.73 5.15 7.01 8.86 8.36 7.23 7.01 3.30 3.30 7.76 5.18 5.17 6.73 6.73 6.73 4.97 6.42 6.88 6.42 4.98 7.42 6.67 6.67 7.34 6.64 6.67 6.64
7.03 7.05 6.53 9.82 6.53 6.97 6.68 6.97 6.82 6.82 6.67 10.40 7.00 7.55 7.34 7.12 7.12 7.12 7.92 7.12 7.12 10.32 10.63 7.34 7.44 6.74 7.27 7.27 7.27 7.27 7.27 7.27 7.27 6.25 6.25 6.25 6.23 6.23 6.23 9.77 8.40 8.03 8.03 7.32 7.32 7.32 7.32 7.32 7.32 7.32 7.32 10.83 7.31 7.34 6.64 6.23 6.73 6.73 5.15 3.30 3.30 3.30 3.30 3.30 3.30 3.30 5.18 5.18 5.17 3.30 6.73 6.73 6.42 6.67 6.67 4.97 4.98 5.34 6.67 6.67 6.67 5.77 6.67 6.89
6.24 7.99 9.97 6.02 7.03 6.83 6.83 7.05 7.41 7.19 3.97 3.97 9.85 6.57 7.34 7.12 7.12 6.71 6.37 7.34 7.34 9.85 7.34 7.34 7.27 7.27 7.27 7.27 7.27 7.27 7.27 7.27 7.27 6.25 6.25 7.27 7.27 7.27 7.27 6.23 6.23 6.23 7.32 7.32 7.32 7.32 7.32 7.32 7.32 7.32 7.32 10.83 7.32 7.98 4.97 6.23 5.15 5.15 5.15 3.30 3.30 3.30 3.30 3.30 3.30 3.30 5.18 3.30 3.74 5.55 6.73 5.17 4.97 6.67 6.67 6.64 5.41 5.19 4.98 6.42 6.67 6.67 6.42 6.67
4.10 9.09 7.27 7.05 6.83 7.03 7.03 6.83 7.63 7.63 7.19 4.83 9.63 7.34 7.55 7.34 7.34 6.95 6.37 7.77 7.00 10.07 7.34 7.34 7.70 7.48 7.27 7.27 7.27 7.27 7.27 7.27 7.27 7.27 7.98 7.27 7.27 7.27 7.27 7.27 7.32 7.32 7.32 7.32 7.32 7.32 7.32 7.32 7.31 7.75 7.53 10.83 7.32 7.32 6.23 6.23 6.73 5.15 5.15 5.15 5.18 5.18 5.18 5.18 5.18 5.18 5.18 3.30 3.30 5.17 5.17 6.85 6.57 6.42 6.42 6.64 7.08 6.86 6.64 6.42 6.42 6.42 6.42 6.67
9.75 6.02 7.27 6.90 7.27 6.83 7.03 7.25 6.89 10.40 10.11 9.85 10.10 10.85 6.56 8.00 6.34 7.55 7.34 7.24 6.45 7.34 7.70 7.03 7.95 8.20 7.27 7.27 7.27 7.27 7.27 7.27 7.27 7.27 7.32 7.27 7.27 7.27 7.27 7.27 8.44 7.32 7.32 7.32 7.32 7.32 7.32 7.32 7.53 6.25 10.26 7.32 7.32 6.18 6.18 6.18 7.17 6.73 5.15 5.15 5.22 5.22 5.22 5.22 5.22 5.22 5.22 5.22 5.18 3.30 3.30 3.30 6.55 4.94 6.42 6.64 6.82 6.86 7.11 6.67 6.67 6.67 6.42 6.89
10.04 6.83 6.46 6.75 7.27 6.83 7.25 6.02 9.97 6.67 7.04 6.56 7.48 10.32 7.34 6.34 7.24 7.24 7.77 6.31 10.75 7.55 7.34 7.77 7.39 7.49 7.27 7.27 7.27 7.27 7.98 7.27 7.27 6.24 6.24 6.24 6.20 7.27 6.20 6.20 6.20 6.20 7.32 7.32 7.32 8.03 7.32 7.32 7.75 7.74 10.82 7.32 6.18 6.18 6.18 6.18 7.01 5.15 6.83 5.15 5.22 5.22 5.22 5.22 5.22 5.22 5.22 5.22 5.18 5.18 5.18 3.30 3.11 6.55 6.42 6.42 6.86 7.77 7.11 6.67 6.64 6.86 6.64 6.42
7.71 7.49 6.68 7.05 6.83 7.49 6.97 10.26 7.17 7.39 7.11 2.07 7.55 6.81 9.88 6.56 7.00 7.55 7.77 11.11 7.77 7.55 7.12 7.34 7.71 7.49 7.27 7.27 6.48 7.27 7.98 7.98 7.27 6.64 6.24 6.24 6.20 6.20 6.20 6.91 6.20 4.97 4.97 7.32 7.32 7.32 4.97 4.97 7.53 7.32 11.41 6.23 6.18 7.31 7.32 6.96 5.15 5.15 5.15 5.15 5.22 5.22 5.22 5.22 5.22 5.22 5.22 5.22 5.18 5.18 5.18 5.18 3.11 4.94 4.94 4.94 6.64 7.11 7.11 6.68 6.89 6.89 6.64 6.42
8.03 8.03 1.70 6.46 6.46 6.97 10.19 6.75 7.39 7.17 7.17 7.12 6.34 6.81 10.10 6.59 6.59 7.55 6.02 10.54 6.78 7.77 7.34 7.12 7.27 8.41 6.25 6.25 6.25 7.27 7.27 7.27 7.27 6.24 6.24 6.24 6.20 6.44 3.91 7.27 4.97 4.97 4.97 6.20 6.22 6.22 4.97 4.97 7.32 10.83 6.56 3.94 8.12 7.31 7.15 6.96 5.15 5.15 5.15 5.15 5.22 5.22 7.01 7.01 5.22 5.22 5.22 5.22 5.18 5.18 5.18 6.85 4.94 4.94 4.94 4.94 4.96 6.68 6.42 6.68 6.68 6.89 6.68 6.42
7.12 6.68 6.46 6.24 9.75 10.04 7.46 7.05 7.17 7.17 7.12 7.12 6.37 6.14 6.59 9.88 8.22 6.56 5.66 6.81 7.00 6.56 7.12 7.12 7.27 7.27 6.25 6.25 7.27 7.27 7.27 7.27 7.27 6.21 6.21 7.27 7.27 6.17 7.27 7.27 7.32 7.32 4.97 6.19 7.33 4.97 4.97 4.97 4.97 10.07 4.97 4.08 6.16 7.30 5.21 5.21 5.16 5.16 5.16 5.16 5.23 5.23 7.01 6.18 6.19 5.24 5.24 5.24 5.21 5.21 5.21 5.21 4.95 4.95 4.95 4.95 4.95 6.42 6.42 6.68 6.68 6.68 6.42 6.42
6.90 2.77 10.19 10.76 7.25 7.25 7.25 7.03 7.17 7.17 6.12 7.12 7.12 6.58 6.37 9.88 10.07 9.63 9.85 6.78 6.57 7.34 7.12 7.12 7.27 7.27 7.27 7.27 7.27 7.27 7.27 7.80 7.27 7.27 7.27 7.27 7.27 7.27 4.94 7.27 4.97 7.32 7.32 3.94 3.94 3.94 3.94 3.94 3.94 8.48 6.21 6.21 6.16 6.16 5.21 5.21 6.84 5.16 5.16 5.16 5.23 6.88 7.23 6.18 6.19 6.19 5.24 5.24 5.21 5.21 5.21 5.21 4.95 4.95 6.68 6.42 6.42 6.42 6.68 4.95 6.42 6.68 6.42 6.42
8.29 12.24 11.36 8.05 6.93 7.85 2.04 7.74 4.77 6.76 6.72 6.72 6.73 2.86 6.87 5.99 9.50 6.73 9.72 6.46 6.02 6.72 6.72 6.72 6.87 6.87 7.55 6.87 6.87 6.87 6.87 6.87 5.87 6.87 6.87 6.87 6.87 4.69 4.69 6.87 7.04 7.04 7.04 3.86 3.86 4.30 3.86 4.84 4.84 4.84 8.95 4.84 3.86 5.89 5.00 5.00 4.93 4.93 4.93 4.93 4.99 4.99 5.89 5.89 5.91 5.91 5.91 5.01 4.98 4.98 4.98 4.98 5.34 5.34 5.34 6.07 6.07 6.07 6.29 5.55 5.55 5.33 5.33 5.33
11.80 11.80 8.18 7.96 2.47 7.64 7.74 4.93 6.76 6.76 6.72 7.39 6.72 6.64 9.94 9.50 6.43 6.95 9.27 6.03 6.02 6.72 6.72 7.40 6.87 6.87 7.65 6.88 6.87 6.88 5.91 5.91 5.87 6.87 6.87 6.87 6.89 4.69 4.69 8.10 7.00 7.04 7.04 7.04 7.04 4.84 4.84 4.84 4.84 4.84 8.35 3.86 3.86 6.28 5.00 5.00 4.93 4.93 4.93 4.93 4.99 4.99 6.81 6.81 5.91 5.91 5.91 5.01 6.55 6.66 4.98 4.98 5.05 5.05 5.34 5.34 6.29 6.29 6.29 6.29 5.33 5.33 5.33 5.33
11.58 3.57 8.49 7.62 8.40 8.40 8.58 7.74 5.79 6.50 7.15 6.72 7.15 6.87 10.38 6.87 6.65 6.42 9.72 6.21 7.15 6.94 6.72 6.72 6.87 6.88 6.88 6.88 6.88 5.88 5.88 5.88 5.83 5.83 6.87 6.87 6.87 6.87 6.87 6.87 7.04 7.04 7.04 7.04 7.04 7.04 7.04 7.04 7.00 7.00 9.76 7.59 4.08 5.92 5.92 5.01 4.92 4.92 4.92 4.92 4.98 4.98 5.87 5.87 5.91 6.81 6.81 6.81 6.66 6.66 4.99 4.99 5.35 5.35 5.35 6.29 6.29 6.29 6.51 6.51 6.07 5.33 5.33 5.33
10.66 11.32 8.03 8.05 8.05 8.49 7.62 8.29 6.06 6.20 7.15 6.73 7.15 10.38 10.81 10.59 6.87 7.07 10.15 6.20 6.20 5.98 6.72 6.72 6.87 6.87 6.87 6.87 6.87 6.87 5.88 5.88 5.83 6.87 6.87 6.89 6.87 6.87 6.87 6.87 7.04 8.11 5.89 7.04 5.92 5.92 7.04 7.04 7.04 7.04 7.04 9.17 5.06 3.86 3.86 5.01 4.92 4.92 4.92 4.92 4.98 5.87 5.87 5.87 5.91 6.81 6.81 6.81 6.66 6.66 4.99 4.99 5.06 5.35 5.35 6.94 6.29 5.33 5.55 6.29 6.29 5.33 5.33 5.33
0.00 4.14 10.88 7.37 7.37 7.37 6.93 7.85 6.23 6.43 6.72 11.42 10.68 7.51 8.38 8.03 10.38 10.67 10.60 6.42 6.72 5.98 6.72 6.72 7.55 6.87 6.87 6.87 5.88 5.88 5.88 5.88 5.83 5.83 6.89 6.89 6.87 6.87 6.87 6.87 5.89 5.89 5.89 5.89 5.92 5.92 5.92 7.73 7.73 7.04 7.04 10.55 7.00 3.86 5.92 5.92 4.92 4.92 4.92 4.92 4.98 4.98 5.87 5.87 5.91 6.81 7.48 6.81 6.66 4.99 5.35 4.99 5.35 5.35 6.29 6.29 5.33 6.29 6.07 5.33 6.29 6.95 6.29 6.29
0.00 0.00 4.14 10.71 10.71 10.71 10.66 10.66 6.44 9.93 9.49 10.58 6.87 8.48 7.30 6.72 7.30 10.38 6.43 7.17 6.72 6.72 6.72 6.72 6.87 6.87 6.87 7.55 6.87 5.88 5.88 5.88 5.83 5.83 5.83 5.83 6.87 6.88 6.45 4.91 4.99 4.99 4.99 4.99 5.02 5.92 5.92 7.04 7.04 7.04 7.26 9.82 7.82 7.04 5.92 5.92 4.92 4.92 4.92 4.92 4.98 4.98 4.98 5.87 5.91 5.91 0.00 5.91 4.99 4.99 4.99 4.99 5.35 6.25 6.29 6.29 5.33 5.33 5.33 6.29 6.29 6.29 7.33 6.07
0.00 0.00 0.00 0.00 0.00 0.00 0.00 0.00 9.52 9.49 6.40 5.99 7.39 6.95 6.72 6.73 7.17 7.17 6.21 6.94 5.80 6.73 6.72 6.72 7.55 6.87 7.96 6.87 6.87 5.82 5.82 5.82 5.77 5.77 5.77 6.87 5.79 5.79 4.90 4.90 5.00 5.00 5.00 5.00 5.00 5.00 5.90 5.90 5.91 7.00 7.26 10.06 7.69 7.52 5.93 5.93 5.81 4.92 4.92 4.92 4.96 4.96 4.96 5.33 4.99 0.00 0.00 0.00 4.99 4.99 0.00 0.00 0.00 5.37 6.26 6.29 6.29 6.29 5.33 6.29 6.29 6.51 6.51 6.29
0.00 0.00 0.00 0.00 0.00 0.00 0.00 0.00 0.00 0.00 3.60 5.99 6.43 6.65 6.94 6.72 6.73 6.73 6.94 6.21 6.72 6.73 7.39 6.72 6.87 7.55 6.87 5.89 5.82 5.82 5.82 5.82 5.77 5.77 5.77 5.77 5.79 5.79 5.79 5.79 7.04 7.04 5.90 5.00 5.00 5.00 5.90 5.90 6.30 5.91 7.82 7.00 10.55 5.93 5.93 5.93 5.81 4.92 4.92 4.92 4.96 4.96 4.96 4.96 4.99 0.00 0.00 0.00 0.00 0.00 0.00 0.00 0.00 0.00 0.00 5.37 6.29 5.33 5.33 6.29 6.07 6.29 6.51 6.29
0.00 0.00 0.00 0.00 0.00 0.00 0.00 0.00 0.00 0.00 3.60 3.60 3.60 6.94 5.79 6.72 6.72 6.72 6.80 6.80 6.79 6.79 6.73 6.72 6.87 6.87 6.87 5.89 5.82 5.82 5.82 5.82 5.77 5.77 5.77 5.77 5.79 5.79 5.79 5.79 6.29 6.15 7.04 5.90 5.00 5.00 5.00 5.90 5.91 7.00 5.91 5.91 10.55 5.93 5.93 5.93 5.81 5.81 4.92 4.92 4.96 4.96 4.96 4.96 4.99 5.36 4.99 0.00 0.00 0.00 0.00 0.00 0.00 0.00 0.00 0.00 0.00 6.24 5.33 6.29 6.29 6.29 6.94 6.29
0.00 0.00 0.00 0.00 0.00 0.00 0.00 0.00 0.00 0.00 0.00 0.00 3.07 3.07 5.79 5.79 6.72 6.73 6.80 6.80 5.80 5.80 6.72 6.72 6.87 4.70 6.92 5.89 5.82 5.82 5.82 5.82 5.77 5.77 5.77 5.77 5.79 5.79 5.79 5.79 5.90 5.90 6.89 5.00 5.00 5.37 5.00 5.00 5.01 7.00 7.00 5.91 10.55 7.04 5.93 6.32 5.81 5.81 4.92 4.92 4.96 4.96 4.96 4.96 4.99 4.99 4.99 0.00 0.00 0.00 0.00 0.00 0.00 0.00 0.00 0.00 5.55 5.62 6.07 6.07 6.07 6.07 7.11 6.29
0.00 0.00 0.00 0.00 0.00 0.00 0.00 0.00 0.00 0.00 0.00 0.00 0.00 3.07 4.90 4.90 6.73 6.73 5.80 5.80 3.60 5.79 3.60 6.72 6.87 4.70 4.70 5.83 5.75 5.75 6.14 5.75 5.81 4.92 4.92 4.92 4.98 4.98 4.98 4.98 5.08 5.08 5.08 5.08 5.07 5.07 5.07 5.07 5.02 6.66 5.02 5.02 10.12 7.04 7.04 5.90 6.19 5.81 5.81 5.81 5.85 4.96 4.96 0.00 0.00 0.00 0.00 0.00 0.00 0.00 0.00 0.00 0.00 0.00 0.00 0.00 5.35 6.73 6.51 10.02 9.80 8.83 8.83 6.29
