New_Model_Runs/7_FutureClimate_RCP85_out/post_prcessed_with_MFR/Monthly_summaries/net_infiltration_monthly_JUL.asc
NCOLS 700
NROWS 400
XLLCENTER 515000.000000
YLLCENTER 8409000.000000
CELLSIZE 50.000000
NODATA_value -999.000000
[rows 76 to 113 of 400, columns 420 to 503 of 700]
0.00 0.00 0.00 0.00 0.00 0.00 0.00 0.00 0.00 0.00 0.00 0.00 0.00 0.00 0.00 0.00 0.00 0.00 0.00 0.00 0.00 0.00 0.00 0.00 0.00 0.00 0.00 0.00 0.00 0.00 0.00 0.00 0.00 0.00 0.00 0.00 0.00 0.00 0.00 0.00 0.00 0.00 0.00 0.00 0.00 0.00 0.00 0.00 0.00 0.00 0.00 0.00 0.00 0.00 0.00 0.00 0.00 0.00 0.00 0.00 0.00 0.00 0.00 0.00 0.00 0.00 0.00 0.00 0.00 0.00 0.00 0.00 0.00 0.00 0.00 0.00 0.00 0.00 0.00 0.00 0.00 0.00 0.00 0.00
0.00 0.00 0.00 0.00 0.00 0.00 0.00 0.00 0.00 0.00 0.00 0.00 0.00 0.00 0.00 0.00 0.00 0.00 0.00 0.00 0.00 0.00 0.00 0.00 0.00 0.00 0.00 0.00 0.00 0.00 0.00 0.00 0.00 0.00 0.00 0.00 0.00 0.00 0.00 0.00 0.00 0.00 0.00 0.00 0.00 0.00 0.00 0.00 0.00 0.00 0.00 0.00 0.00 0.00 0.00 0.00 0.00 0.00 0.00 0.00 0.00 0.00 0.00 0.00 0.00 0.00 0.00 0.00 0.00 0.00 0.00 0.00 0.00 0.00 0.00 0.00 0.00 0.00 0.00 0.00 0.00 0.00 0.00 0.00
0.00 0.00 0.00 0.00 0.00 0.00 0.00 0.00 0.00 0.00 0.00 2.69 0.00 0.00 0.00 0.00 0.00 0.00 0.00 0.00 0.00 0.00 0.00 0.00 0.00 0.00 0.00 0.00 0.00 0.00 0.00 0.00 0.00 0.00 0.00 0.00 0.00 0.00 0.00 0.00 0.00 0.00 0.00 0.00 0.00 0.00 0.00 0.00 0.00 0.00 0.00 0.00 0.00 0.00 0.00 0.00 0.00 0.00 0.00 0.00 0.00 0.00 0.00 0.00 0.00 0.00 0.00 0.00 0.00 0.00 0.00 0.00 0.00 0.00 0.00 0.00 0.00 0.00 0.00 0.00 0.00 0.00 0.00 0.00
0.00 0.00 0.00 0.00 0.00 0.00 0.00 0.00 0.00 0.00 0.00 3.61 0.00 0.00 0.00 0.00 0.00 0.00 0.00 0.00 0.00 0.00 0.00 0.00 0.00 0.00 0.00 0.00 0.00 0.00 0.00 0.00 0.00 0.00 0.00 0.00 0.00 0.00 0.00 0.00 0.00 0.00 0.00 0.00 0.00 0.00 0.00 0.00 0.00 0.00 0.00 0.00 0.00 0.00 0.00 0.00 0.00 0.00 0.00 0.00 0.00 0.00 0.00 0.00 0.00 0.00 0.00 0.00 0.00 0.00 0.00 0.00 0.00 0.00 0.00 0.00 0.00 0.00 0.00 0.00 0.00 0.00 0.00 0.00
0.00 0.00 0.00 0.00 0.00 0.00 0.00 0.00 0.00 0.00 2.69 3.55 0.00 0.00 0.00 0.00 0.00 0.00 0.00 0.00 0.00 0.00 0.00 0.00 0.00 0.00 0.00 0.00 0.00 0.00 0.00 0.00 0.00 0.00 0.00 0.00 0.00 0.00 0.00 0.00 0.00 0.00 0.00 0.00 0.00 0.00 0.00 0.00 0.00 0.00 0.00 0.00 0.00 0.00 0.00 0.00 0.00 0.00 0.00 0.00 0.00 0.00 0.00 0.00 0.00 0.00 0.00 0.00 0.00 0.00 0.00 0.00 0.00 0.00 0.00 0.00 0.00 0.00 0.00 0.00 0.00 0.00 0.00 0.00
0.00 0.00 0.00 0.00 0.00 0.00 0.00 0.00 0.00 2.69 3.55 3.55 2.71 0.00 0.00 0.00 0.00 0.00 0.00 0.00 0.00 0.00 0.00 0.00 0.00 0.00 0.00 0.00 0.00 0.00 0.00 0.00 0.00 0.00 0.00 0.00 0.00 0.00 0.00 0.00 0.00 0.00 0.00 0.00 0.00 0.00 0.00 0.00 0.00 0.00 0.00 0.00 0.00 0.00 0.00 0.00 0.00 0.00 0.00 0.00 0.00 0.00 0.00 0.00 0.00 0.00 0.00 0.00 0.00 0.00 0.00 0.00 0.00 0.00 0.00 0.00 0.00 0.00 0.00 0.00 0.00 0.00 0.00 0.00
3.80 3.80 0.00 0.00 0.00 0.00 0.00 3.78 3.72 4.13 3.72 3.72 3.88 0.00 0.00 0.00 0.00 0.00 0.00 0.00 0.00 0.00 0.00 0.00 0.00 0.00 0.00 0.00 0.00 0.00 0.00 0.00 0.00 0.00 0.00 0.00 0.00 0.00 0.00 0.00 0.00 0.00 0.00 0.00 0.00 0.00 0.00 0.00 0.00 0.00 0.00 0.00 0.00 0.00 0.00 0.00 2.09 0.00 0.00 0.00 0.00 0.00 0.00 0.00 0.00 0.00 0.00 0.00 0.00 0.00 0.00 0.00 0.00 0.00 0.00 0.00 0.00 0.00 0.00 0.00 0.00 0.00 0.00 0.00
3.80 3.80 3.80 0.00 0.00 0.00 4.18 4.18 3.72 4.12 3.72 3.72 2.71 0.00 0.00 0.00 0.00 0.00 0.00 0.00 0.00 0.00 0.00 0.00 0.00 0.00 0.00 0.00 0.00 0.00 0.00 0.00 0.00 0.00 0.00 0.00 0.00 0.00 0.00 0.00 0.00 0.00 0.00 0.00 0.00 0.00 0.00 0.00 0.00 0.00 0.00 0.00 0.00 0.00 0.00 0.00 3.93 0.00 0.00 0.00 0.00 0.00 0.00 0.00 0.00 0.00 0.00 0.00 0.00 2.94 1.51 0.00 0.00 0.00 0.00 0.00 0.00 0.00 0.00 0.00 0.00 0.00 0.00 0.00
4.20 3.78 3.78 3.78 3.72 3.72 3.72 3.72 3.71 3.71 3.71 3.71 2.71 0.00 0.00 0.00 0.00 0.00 0.00 0.00 0.00 0.00 0.00 0.00 0.00 0.00 0.00 0.00 0.00 0.00 0.00 0.00 0.00 0.00 0.00 0.00 0.00 0.00 0.00 0.00 0.00 0.00 0.00 0.00 0.00 0.00 0.00 0.00 0.00 0.00 0.00 0.00 0.00 0.00 0.00 0.00 3.95 3.95 0.00 0.00 0.00 0.00 0.00 0.00 0.00 0.00 0.00 0.00 3.99 3.83 3.69 0.00 0.00 0.00 0.00 0.00 0.00 0.00 0.00 0.00 0.00 0.00 0.00 0.00
3.78 3.78 3.78 3.78 3.72 3.72 3.72 3.72 3.71 3.71 3.71 3.71 2.71 0.00 0.00 0.00 0.00 0.00 0.00 0.00 0.00 0.00 0.00 0.00 0.00 0.00 0.00 2.71 2.95 2.95 0.00 0.00 0.00 0.00 0.00 0.00 0.00 0.00 0.00 0.00 0.00 0.00 0.00 0.00 0.00 0.00 0.00 0.00 0.00 0.00 0.00 0.00 0.00 0.00 0.00 0.00 3.95 3.95 0.00 0.00 0.00 0.00 0.00 0.00 0.00 0.00 0.00 2.14 4.14 3.83 3.69 1.51 0.00 0.00 0.00 0.00 0.00 0.00 0.00 0.00 0.00 0.00 0.00 0.00
3.78 4.20 3.78 3.78 4.13 3.72 3.72 3.72 3.71 3.71 3.71 3.71 3.97 0.00 0.00 0.00 0.00 0.00 0.00 0.00 0.00 0.00 0.00 0.00 0.00 0.00 0.00 3.95 3.98 3.98 0.00 0.00 0.00 0.00 0.00 0.00 0.00 0.00 0.00 0.00 0.00 0.00 0.00 0.00 0.00 2.46 2.09 0.00 0.00 0.00 0.00 0.00 0.00 0.00 0.00 0.00 3.95 3.95 2.90 0.00 0.00 0.00 0.00 0.00 0.00 0.00 0.00 3.88 3.83 3.83 3.69 3.69 1.51 0.00 0.00 0.00 0.00 0.00 0.00 0.00 0.00 3.72 3.72 0.00
3.78 3.78 4.20 3.78 3.72 3.72 3.72 3.72 3.71 3.71 3.71 3.71 3.97 0.00 0.00 0.00 0.00 0.00 0.00 0.00 0.00 0.00 0.00 0.00 0.00 0.00 4.76 3.95 3.98 3.98 0.00 0.00 0.00 0.00 0.00 0.00 0.00 0.00 0.00 0.00 0.00 0.00 0.00 0.00 0.00 2.09 2.09 2.09 0.00 0.00 0.00 0.00 0.00 0.00 0.00 0.00 2.90 3.95 3.95 3.95 3.88 0.00 0.00 3.88 3.88 3.88 0.00 4.03 3.83 3.83 3.69 3.69 3.69 0.00 0.00 0.00 0.00 0.00 0.00 0.00 3.72 3.72 3.72 3.72
3.75 4.17 4.17 3.75 3.71 3.71 3.71 3.71 3.78 3.78 3.78 3.78 4.05 0.00 0.00 0.00 0.00 0.00 0.00 0.00 0.00 0.00 0.00 0.00 0.00 2.71 3.95 3.95 3.99 0.00 0.00 0.00 0.00 0.00 0.00 0.00 0.00 0.00 0.00 0.00 0.00 0.00 0.00 0.00 0.00 4.02 4.02 4.02 2.09 2.09 0.00 0.00 0.00 0.00 0.00 0.00 4.19 4.14 3.97 3.97 3.87 3.87 3.87 3.87 3.84 3.84 4.00 4.02 3.83 3.98 3.69 3.69 3.75 0.00 0.00 0.00 0.00 0.00 0.00 3.76 3.84 3.72 3.72 3.72
3.75 3.75 3.75 3.75 3.71 4.12 3.71 3.71 3.78 3.78 3.78 3.78 4.05 0.00 0.00 0.00 0.00 0.00 0.00 0.00 0.00 0.00 2.71 0.00 0.00 4.38 3.95 3.95 3.99 0.00 0.00 0.00 0.00 0.00 0.00 0.00 0.00 0.00 0.00 0.00 0.00 0.00 0.00 0.00 0.00 4.02 4.02 4.02 4.05 4.05 0.00 0.00 0.00 0.00 0.00 0.00 4.14 3.97 3.97 3.97 3.87 3.87 4.02 3.87 4.00 3.84 3.84 3.84 3.99 3.83 3.69 3.69 3.75 3.88 0.00 0.00 0.00 0.00 3.76 3.76 3.72 3.72 3.72 3.72
3.75 3.75 3.75 3.75 3.71 3.71 3.71 3.71 3.78 3.78 3.78 3.78 4.69 0.00 0.00 0.00 0.00 0.00 0.00 0.00 3.02 4.00 4.00 4.00 3.95 3.95 3.95 3.95 0.00 0.00 0.00 0.00 0.00 0.00 0.00 0.00 0.00 0.00 0.00 0.00 0.00 0.00 0.00 0.00 2.09 4.02 4.02 4.02 4.05 4.05 0.00 0.00 0.00 0.00 0.00 0.00 0.00 3.97 3.97 3.97 3.87 3.87 3.87 3.87 3.84 3.84 3.84 3.84 3.83 3.83 3.69 3.69 3.75 3.88 3.75 3.75 0.00 3.76 3.76 3.76 3.72 3.72 3.72 3.72
3.75 3.75 3.75 3.75 3.71 3.71 3.71 3.71 3.78 3.78 3.78 3.78 4.69 4.69 0.00 0.00 0.00 0.00 0.00 4.03 4.00 4.00 4.00 4.00 4.16 4.16 3.95 3.95 0.00 0.00 0.00 0.00 0.00 0.00 0.00 0.00 0.00 0.00 0.00 0.00 0.00 0.00 0.00 0.00 0.00 4.02 4.02 4.02 4.05 0.00 0.00 0.00 0.00 0.00 0.00 0.00 3.97 3.97 3.97 3.97 3.87 3.87 3.87 3.87 3.84 3.84 3.84 3.84 3.83 3.83 3.69 3.81 3.75 3.75 3.75 3.75 3.76 3.76 3.76 3.76 3.72 3.72 3.72 3.72
3.74 3.74 3.74 3.74 3.73 3.73 3.73 3.73 3.84 3.84 3.84 4.45 4.72 4.89 0.00 0.00 0.00 0.00 0.00 4.49 3.98 3.98 4.41 4.20 4.20 4.40 3.97 0.00 0.00 0.00 0.00 0.00 0.00 0.00 0.00 0.00 0.00 0.00 0.00 0.00 0.00 0.00 0.00 0.00 0.00 4.06 4.06 4.06 0.00 0.00 0.00 0.00 0.00 0.00 0.00 0.00 4.18 3.96 3.96 3.96 3.80 3.80 3.80 3.96 3.95 3.79 3.79 3.79 3.88 3.88 3.73 3.73 3.94 3.94 3.81 3.81 3.83 3.83 3.83 3.83 3.83 3.83 3.83 3.83
3.74 3.74 3.74 4.15 3.73 3.73 3.73 3.73 3.84 3.84 4.45 4.61 4.72 4.72 5.41 0.00 0.00 0.00 0.00 4.16 3.98 3.98 3.98 3.98 3.97 3.97 3.97 0.00 0.00 0.00 0.00 0.00 0.00 0.00 0.00 0.00 0.00 0.00 0.00 0.00 0.00 0.00 0.00 0.00 0.00 0.00 4.06 4.06 0.00 0.00 0.00 0.00 0.00 0.00 0.00 2.99 4.18 3.96 3.96 3.96 3.80 3.80 3.80 3.80 3.79 3.79 3.97 3.79 3.88 3.88 3.73 3.73 3.81 3.81 3.81 3.81 3.83 3.83 3.83 3.83 3.83 3.83 3.83 3.83
3.74 3.74 3.74 3.74 3.73 3.73 3.73 3.73 4.75 3.84 4.45 5.10 4.07 4.07 4.07 4.72 4.04 4.71 4.71 4.71 3.98 3.98 3.98 3.98 3.97 3.97 3.97 0.00 0.00 0.00 0.00 0.00 0.00 0.00 0.00 0.00 0.00 0.00 0.00 0.00 0.00 0.00 0.00 0.00 0.00 0.00 4.06 4.06 4.09 4.09 0.00 0.00 0.00 0.00 4.33 4.33 4.18 3.96 4.17 4.26 3.80 3.80 3.80 3.96 3.79 3.94 3.94 3.79 3.88 3.88 3.73 3.73 3.81 3.81 3.81 4.03 3.85 3.85 7.25 3.13 3.83 3.83 0.00 0.00
3.74 4.15 3.74 3.74 3.73 3.73 3.73 4.14 3.84 3.84 3.84 3.84 4.07 4.07 4.07 4.07 4.30 4.37 4.87 4.71 3.98 3.98 3.98 3.98 3.97 3.97 3.97 0.00 0.00 0.00 0.00 0.00 0.00 0.00 0.00 0.00 0.00 0.00 0.00 0.00 0.00 0.00 0.00 0.00 0.00 0.00 4.06 3.12 4.09 4.32 4.32 4.09 4.10 4.33 4.33 4.33 4.18 3.96 3.96 4.11 3.80 3.80 3.80 3.80 3.79 3.79 3.79 3.79 3.88 3.88 3.73 3.73 3.81 3.97 2.84 4.17 6.38 7.37 0.00 0.00 0.00 0.00 0.00 0.00
3.77 3.77 4.18 3.77 3.72 3.72 3.72 3.72 3.82 3.82 3.82 3.82 4.08 4.08 4.08 4.08 4.27 4.30 4.37 4.70 3.96 3.96 3.96 3.96 4.00 4.02 4.02 0.00 0.00 0.00 0.00 0.00 0.00 0.00 0.00 0.00 0.00 0.00 0.00 0.00 0.00 0.00 0.00 0.00 0.00 0.00 3.93 2.90 4.08 4.30 4.08 4.08 4.39 4.25 4.25 4.25 3.86 3.86 3.86 4.01 3.81 3.81 3.81 3.81 3.91 3.91 3.91 3.91 4.03 4.03 3.88 3.88 4.08 4.31 4.20 6.29 5.70 0.00 0.00 0.00 0.00 0.00 0.00 0.00
4.18 3.77 3.77 3.77 3.72 3.72 3.72 3.72 3.82 3.82 3.82 3.82 4.08 4.08 4.08 4.60 4.60 4.78 4.93 4.70 3.96 3.96 3.96 3.96 4.84 4.02 4.02 0.00 0.00 0.00 0.00 0.00 0.00 0.00 0.00 0.00 0.00 0.00 0.00 0.00 0.00 0.00 0.00 0.00 0.00 4.24 4.07 2.90 4.08 4.30 4.08 4.08 4.25 4.25 4.25 4.03 3.86 3.86 3.86 3.86 3.81 3.81 3.81 3.81 3.91 3.91 3.91 3.91 4.03 4.03 3.88 3.14 3.36 3.57 4.03 6.98 0.00 0.00 0.00 0.00 0.00 0.00 0.00 0.00
4.33 4.33 4.82 4.33 4.29 4.29 4.29 4.29 4.39 4.39 4.39 4.39 4.69 4.69 5.18 5.18 5.46 5.66 6.13 5.46 4.56 4.56 4.55 4.55 4.59 5.07 4.59 0.00 0.00 0.00 0.00 0.00 0.00 0.00 0.00 0.00 0.00 0.00 0.00 0.00 0.00 0.00 0.00 0.00 4.86 4.61 4.61 4.61 4.62 4.93 4.62 4.62 4.87 4.87 4.57 4.57 4.39 4.39 4.39 4.39 4.33 4.33 4.33 4.33 4.42 4.42 4.42 4.42 4.54 4.54 4.18 4.55 4.32 4.51 7.69 3.61 0.00 0.00 0.00 0.00 0.00 0.00 0.00 0.00
4.33 4.33 4.33 4.81 4.29 4.29 4.29 4.29 4.39 4.39 4.39 4.39 4.69 5.49 5.49 5.49 5.18 5.18 5.46 5.46 4.55 4.55 4.55 4.55 4.59 4.59 4.59 0.00 0.00 0.00 0.00 0.00 0.00 0.00 0.00 0.00 0.00 0.00 0.00 0.00 0.00 0.00 0.00 0.00 4.61 4.61 3.45 4.61 4.93 4.93 4.62 4.93 4.87 4.87 4.85 4.57 4.39 4.39 4.39 4.39 4.33 4.33 4.33 4.33 4.42 4.42 4.42 4.42 4.54 4.82 8.18 8.40 7.19 7.24 0.23 0.00 0.00 0.00 0.00 0.00 0.00 0.00 0.00 0.00
4.34 4.34 4.83 4.34 4.28 4.28 4.28 4.28 4.39 4.39 4.39 4.39 4.69 5.49 5.49 5.49 5.39 5.39 6.63 4.60 4.54 4.54 4.54 4.54 4.64 4.64 0.00 0.00 0.00 0.00 0.00 0.00 0.00 0.00 0.00 0.00 0.00 0.00 0.00 0.00 0.00 0.00 0.00 5.27 4.70 4.59 3.45 4.59 4.87 4.87 4.87 4.87 4.69 4.41 4.41 4.64 4.39 4.39 4.39 4.39 4.49 4.49 4.49 4.49 4.58 4.58 4.58 4.58 4.60 7.38 7.31 3.57 1.28 6.97 0.00 0.00 0.00 0.00 0.00 0.00 0.00 0.00 0.00 0.00
5.06 4.34 4.83 4.34 4.28 4.28 4.28 4.28 4.39 4.39 4.39 4.39 5.49 5.49 5.49 5.49 5.39 5.46 6.38 4.60 4.54 4.54 4.54 4.54 4.64 4.64 0.00 0.00 0.00 0.00 0.00 0.00 0.00 0.00 0.00 5.32 5.30 5.30 0.00 0.00 5.27 5.27 5.51 5.27 4.59 3.45 3.45 3.45 4.87 4.87 4.87 4.87 4.41 4.92 4.64 4.41 4.39 4.39 4.39 4.39 4.49 4.49 4.77 4.77 4.86 4.58 4.58 3.73 7.38 2.64 1.28 1.51 1.28 1.92 8.14 0.00 0.00 0.00 0.00 0.00 0.00 0.00 0.00 0.00
4.34 4.83 4.34 4.34 4.28 4.28 4.28 4.76 4.39 4.39 4.39 5.12 5.49 5.49 5.72 5.56 5.46 5.46 5.73 4.60 4.54 4.54 4.54 4.54 4.64 4.64 0.00 0.00 0.00 0.00 0.00 0.00 0.00 0.00 0.00 5.32 5.30 5.30 5.30 5.30 5.27 5.27 5.79 5.27 3.71 3.45 3.45 4.59 4.87 4.87 4.95 4.56 4.41 4.64 4.41 4.41 4.39 4.39 4.39 4.39 4.49 4.49 4.77 4.77 4.86 4.86 8.49 7.42 2.66 1.62 1.28 1.28 1.28 4.97 2.91 5.63 0.00 0.00 0.00 0.00 0.00 0.00 0.00 0.00
4.34 4.34 4.34 4.34 4.76 4.28 4.28 4.28 4.39 4.39 4.39 5.12 5.49 5.56 5.56 5.56 5.46 5.46 5.46 4.60 4.54 4.54 4.54 4.54 4.64 4.64 0.00 0.00 0.00 0.00 0.00 0.00 0.00 0.00 0.00 5.32 5.30 5.30 5.30 5.30 5.50 5.27 5.27 5.27 4.59 4.59 4.90 4.90 4.87 4.89 4.87 4.87 4.41 4.41 4.41 4.41 4.39 4.39 4.39 4.39 4.49 4.49 4.77 4.77 3.98 7.86 4.86 4.58 4.21 1.62 1.28 1.40 1.40 4.88 5.24 2.68 7.53 0.00 0.00 0.00 0.00 0.00 0.00 0.00
4.31 4.99 4.31 4.31 4.31 4.31 4.31 4.31 4.37 4.37 4.37 4.86 5.42 5.42 5.42 5.42 5.35 5.35 5.35 4.52 4.60 4.60 4.60 4.60 4.70 4.70 0.00 0.00 0.00 0.00 0.00 0.00 0.00 0.00 5.75 4.74 4.69 4.88 5.30 5.30 5.22 5.22 5.25 5.22 4.85 4.85 4.85 4.88 4.77 4.77 4.77 4.77 4.41 4.41 4.41 4.41 4.58 4.58 4.58 4.58 4.65 4.94 4.01 7.63 7.47 5.16 2.03 4.65 4.21 1.63 1.28 1.28 1.28 4.20 1.96 5.59 8.24 5.43 0.00 0.00 0.00 0.00 0.00 0.00
4.31 4.31 4.80 4.31 4.31 4.31 4.31 4.31 4.37 4.37 5.36 4.37 6.28 5.42 5.42 5.42 5.35 5.35 4.52 4.52 4.60 4.60 4.60 4.60 4.70 4.70 4.70 0.00 0.00 0.00 0.00 0.00 0.00 0.00 5.75 4.74 5.67 5.67 5.30 5.30 5.22 5.45 5.45 5.59 4.85 4.85 4.89 4.85 4.77 4.79 4.77 4.77 4.41 4.41 4.41 4.41 4.88 4.88 4.88 4.88 4.94 4.94 4.23 7.65 4.65 4.65 4.65 2.03 4.61 1.63 1.28 1.51 1.51 3.99 7.60 7.60 3.75 4.71 3.41 7.04 4.64 0.00 0.00 0.00
4.80 4.31 4.31 4.31 4.31 4.31 4.31 4.31 6.29 5.15 4.37 4.37 4.57 4.57 4.57 5.42 5.35 4.52 4.52 4.52 4.60 4.60 4.60 4.60 4.70 4.70 8.93 5.43 0.00 0.00 0.00 0.00 0.00 4.08 1.58 4.74 4.77 5.38 5.30 5.30 5.22 5.22 5.22 5.63 4.85 4.88 4.85 4.85 4.77 4.77 4.77 4.77 4.41 4.41 4.69 4.69 4.88 4.88 4.88 4.88 4.94 4.01 8.54 4.65 4.65 4.87 4.84 4.65 2.03 4.21 3.81 7.67 7.85 7.62 3.99 4.43 4.03 4.03 4.03 4.03 3.18 3.18 6.58 0.00
4.31 4.31 4.31 4.31 4.31 4.31 4.31 4.31 4.90 4.37 4.37 4.90 5.12 4.57 4.57 4.57 4.52 4.52 4.52 4.52 4.60 4.60 4.60 5.21 4.70 5.07 9.19 6.18 6.08 3.85 5.20 5.66 5.66 1.81 5.19 4.97 5.26 5.30 5.30 5.30 5.22 5.22 5.22 5.59 4.86 4.88 4.86 4.86 4.77 4.77 5.06 5.06 4.41 4.41 4.41 4.69 4.88 4.91 4.88 4.88 7.38 7.38 3.79 4.65 4.84 7.75 8.46 8.24 7.63 8.29 7.62 4.45 3.99 4.64 4.21 4.21 4.03 4.03 4.03 4.03 3.99 4.06 3.53 3.91
4.55 4.55 4.29 4.29 4.30 4.31 4.84 4.31 4.32 4.32 4.32 4.32 4.49 5.05 4.49 4.49 4.55 4.55 4.55 4.55 4.69 4.69 4.69 4.69 5.07 9.24 5.27 6.03 2.42 2.20 6.34 5.89 1.81 4.97 4.75 5.54 4.88 5.32 5.32 5.32 5.21 5.21 5.21 5.57 4.78 5.48 4.49 4.78 4.73 4.44 4.68 4.44 4.53 4.53 4.53 4.53 4.71 4.71 4.71 5.03 7.38 3.29 3.29 4.64 7.23 4.67 4.67 4.96 4.01 4.01 4.61 4.45 4.52 4.52 4.16 4.16 3.98 4.14 3.98 3.98 4.09 4.09 3.00 3.53
5.07 5.07 5.07 5.07 5.08 4.31 4.84 4.31 4.32 4.32 4.32 4.32 5.05 5.05 4.49 4.49 4.55 4.55 4.55 4.55 4.69 4.69 4.69 4.69 5.07 9.47 5.84 5.39 5.58 2.42 2.26 8.79 4.97 4.74 4.74 4.97 4.88 5.64 5.32 5.32 5.21 5.21 5.21 5.21 4.79 4.49 4.49 4.49 4.44 4.44 4.44 4.44 4.53 4.53 4.53 4.53 4.71 4.71 4.71 3.80 7.36 3.29 3.73 3.80 7.58 4.67 4.67 4.67 4.60 4.89 4.61 4.61 4.40 4.52 4.16 4.16 4.14 3.98 3.98 3.98 4.09 4.09 4.09 4.28
5.07 5.07 5.07 5.07 5.08 5.08 4.31 4.31 4.32 4.32 4.86 4.32 4.49 5.05 4.49 4.49 4.55 4.55 4.55 4.55 4.69 4.69 4.69 4.69 5.87 5.70 5.61 5.39 5.80 2.20 4.71 9.50 4.97 4.92 4.74 4.84 5.16 4.97 5.32 5.32 5.21 5.21 5.21 5.21 4.49 4.79 4.49 4.49 4.44 4.44 4.44 4.44 4.53 4.53 4.53 4.53 4.71 4.71 3.60 7.45 3.80 3.96 4.64 6.91 4.01 4.32 3.29 4.67 4.60 4.60 4.92 4.61 4.52 4.16 4.16 4.16 3.98 3.98 3.98 3.98 4.09 4.09 4.28 4.28
5.07 5.07 5.07 5.07 5.08 5.08 4.31 4.31 4.32 4.32 4.32 4.32 4.49 4.49 4.49 4.49 4.55 4.55 4.55 4.55 4.69 4.69 4.69 4.92 5.65 5.61 8.98 5.61 5.54 4.86 8.60 5.42 5.19 4.70 4.70 5.76 5.75 4.74 5.70 5.32 5.50 5.21 5.21 5.21 4.49 4.73 4.49 4.49 4.44 4.44 4.44 4.44 4.53 4.53 4.53 4.53 4.71 4.71 3.57 7.45 4.18 3.96 3.95 7.39 4.01 4.01 3.29 3.29 4.60 4.60 4.23 5.14 5.02 4.42 4.42 4.29 3.98 3.98 3.98 3.98 4.09 4.09 4.28 4.28
5.03 5.03 5.03 5.03 5.07 5.36 5.07 4.30 4.30 4.30 4.83 4.30 4.52 4.52 4.52 4.52 4.63 4.63 4.63 4.63 4.73 4.73 4.73 4.96 5.66 5.66 5.93 9.23 5.58 5.32 8.82 5.19 5.36 4.88 5.36 5.75 5.69 5.69 6.09 5.32 5.22 5.22 5.22 5.22 4.48 4.48 4.48 4.48 4.48 4.48 4.48 4.48 4.64 4.64 4.64 4.64 4.75 4.75 7.43 7.19 3.37 3.29 3.79 5.05 3.79 3.79 3.79 3.29 3.48 4.58 4.22 4.50 4.38 4.11 4.11 4.11 3.99 3.99 3.99 3.99 4.09 4.28 4.28 4.28
5.03 5.03 5.32 5.03 5.07 5.07 5.07 4.30 4.80 4.30 5.25 4.30 4.52 4.52 4.52 4.52 4.63 4.63 4.63 4.63 4.73 4.73 4.73 5.39 5.66 5.66 5.11 8.90 5.23 5.23 9.86 6.10 5.36 5.36 5.36 5.36 5.32 5.32 5.32 5.32 5.22 5.22 5.22 5.22 4.48 4.48 4.48 4.48 4.48 4.48 4.48 4.48 4.64 4.64 4.64 4.96 4.75 3.57 7.19 3.04 4.37 4.72 4.72 4.71 3.79 3.79 3.79 3.29 3.29 5.03 4.22 4.22 4.11 4.11 4.40 4.11 3.99 3.99 3.99 3.99 4.09 4.28 4.28 4.28
