New_Model_Runs/7_FutureClimate_RCP85_out/post_prcessed_with_MFR/Monthly_summaries/net_infiltration_monthly_JAN.asc
NCOLS 700
NROWS 400
XLLCENTER 515000.000000
YLLCENTER 8409000.000000
CELLSIZE 50.000000
NODATA_value -999.000000
[rows 114 to 151 of 400, columns 504 to 587 of 700]
3.57 3.57 3.57 3.57 3.39 3.56 3.39 3.39 3.17 3.17 3.17 3.17 3.18 3.18 3.18 3.18 3.22 3.22 3.22 3.22 2.19 6.20 2.57 3.24 2.83 2.83 2.92 1.66 3.09 2.18 2.18 3.02 3.01 3.01 3.01 6.63 6.54 6.68 3.14 3.14 2.85 2.85 2.85 2.85 6.49 2.86 2.99 2.86 2.83 2.83 2.83 2.83 2.87 2.87 2.87 2.87 2.89 3.06 3.06 3.06 3.25 3.25 3.09 3.09 3.09 3.19 3.19 3.09 3.11 3.01 3.01 3.01 3.30 3.47 3.30 3.30 3.44 3.14 4.08 0.00 0.00 0.00 0.00 0.00
3.57 3.57 3.57 3.57 3.39 3.39 3.39 3.39 3.17 3.17 3.17 3.17 3.18 3.18 3.18 3.18 3.22 3.22 3.22 3.22 3.24 6.87 6.20 6.87 6.46 2.92 2.92 2.92 3.02 3.02 5.81 6.65 6.63 6.63 6.63 3.01 2.91 6.54 6.77 6.77 2.85 2.85 2.85 2.85 6.49 6.75 2.86 2.86 2.83 2.83 2.83 2.83 2.87 2.87 2.87 2.87 2.89 3.06 3.06 3.06 3.25 3.36 3.09 3.09 3.09 3.09 3.09 3.09 3.01 3.01 3.01 3.01 3.30 3.30 3.47 3.47 3.44 2.40 3.59 3.36 6.32 5.94 6.16 5.93
3.35 3.35 3.35 3.52 3.45 3.29 3.29 3.29 3.22 3.22 3.22 3.22 3.27 3.27 3.27 3.27 3.28 3.28 3.28 3.28 3.26 3.26 3.29 3.29 2.93 6.56 6.56 6.56 6.56 6.56 6.56 2.93 2.95 2.95 2.95 2.95 2.96 2.96 2.96 6.59 6.47 2.84 2.97 1.98 2.97 6.45 6.45 6.45 2.92 2.92 2.92 2.92 2.87 2.87 2.87 2.87 2.98 3.03 3.03 3.03 3.02 3.02 3.02 3.02 3.02 3.02 3.02 3.02 3.03 3.03 3.03 3.03 3.34 3.34 3.52 3.52 3.45 3.45 3.56 2.40 2.10 2.55 1.87 1.98
3.35 3.35 3.35 3.35 3.29 3.29 3.29 3.29 3.22 3.22 3.22 3.22 3.27 3.27 3.27 3.27 3.28 3.28 3.28 3.28 3.29 3.29 3.29 3.29 1.66 2.93 2.93 2.93 2.93 2.93 2.08 2.93 2.95 2.95 2.95 2.95 2.96 2.96 2.96 2.96 6.47 6.47 2.84 2.84 2.84 2.84 2.82 2.94 6.55 5.61 1.90 1.99 2.93 2.87 2.87 2.87 2.98 3.03 3.03 3.03 3.02 3.02 3.02 3.02 3.02 3.02 3.02 3.02 3.03 3.03 3.03 3.03 3.34 3.52 3.52 3.34 3.45 3.45 3.45 3.45 2.68 2.32 3.73 3.73
3.35 3.35 3.35 3.35 3.29 3.29 3.29 3.29 3.22 3.22 3.22 3.22 3.27 3.27 3.27 3.27 3.28 3.28 3.28 3.28 3.29 3.29 3.29 3.29 2.93 2.93 2.83 2.93 2.93 2.93 2.93 2.93 2.95 2.95 2.95 2.95 2.96 2.96 2.96 2.96 2.84 6.47 6.47 6.47 6.47 2.84 6.69 5.61 5.61 5.61 1.90 1.90 2.87 2.93 2.87 2.87 2.98 3.03 3.03 3.03 3.02 3.02 3.02 3.11 3.02 3.11 3.02 3.02 3.03 3.03 3.03 3.03 3.34 3.52 3.52 3.52 3.45 3.45 3.45 2.18 2.85 2.56 2.45 3.50
3.35 3.35 3.35 3.35 3.29 3.29 3.29 3.29 3.22 3.22 3.22 3.22 3.27 3.27 3.27 3.27 3.28 3.28 3.28 3.28 3.29 3.29 3.29 3.29 2.93 2.93 2.93 2.93 2.93 2.93 2.93 2.93 2.95 2.95 2.95 2.95 2.96 2.96 2.96 2.96 2.84 2.84 2.84 2.84 5.11 5.14 5.35 2.12 5.53 6.57 3.01 3.05 2.87 2.87 2.87 2.87 2.98 3.03 3.03 3.03 3.02 3.02 3.11 3.02 3.02 3.02 3.02 3.02 3.03 3.03 3.03 3.03 3.34 3.34 3.64 3.52 3.63 3.63 3.21 3.21 3.62 3.01 2.85 2.00
3.34 3.34 3.34 3.34 3.44 3.44 3.44 3.44 3.36 3.36 3.36 3.36 3.37 3.37 3.37 3.37 3.36 3.36 3.36 3.36 3.36 3.36 3.36 3.36 3.00 3.00 3.00 3.00 3.00 3.00 3.00 3.00 3.01 3.01 3.01 3.01 3.01 3.01 3.01 3.01 2.86 2.86 2.86 2.86 1.46 5.08 6.58 2.95 1.90 2.92 2.92 2.92 2.85 2.85 2.82 2.88 2.94 3.00 3.00 3.00 3.01 3.01 3.01 3.01 3.06 3.06 3.06 3.06 3.10 3.10 3.10 3.10 3.36 3.36 3.36 3.36 3.27 3.14 3.14 3.21 2.23 2.68 2.18 2.00
3.34 3.34 3.34 3.34 3.44 3.44 3.44 3.44 3.36 3.36 3.36 3.36 3.37 3.37 3.37 3.37 3.36 3.36 3.36 3.36 3.36 3.36 3.36 3.36 3.00 3.00 2.08 2.08 3.00 3.00 3.00 3.00 3.01 3.01 3.01 3.01 3.01 3.01 2.18 3.01 2.86 5.53 5.61 2.86 1.98 6.58 2.95 2.95 2.92 2.92 2.92 2.92 2.85 2.85 2.82 2.82 2.94 3.00 3.00 3.00 3.01 3.01 3.01 3.01 3.06 3.06 3.06 3.06 3.10 3.10 3.10 3.10 3.36 3.36 3.36 3.36 3.45 3.45 3.45 3.21 2.00 2.00 2.18 2.00
3.34 3.34 3.34 3.34 3.44 3.44 3.44 3.44 3.36 3.36 3.36 3.36 3.37 3.37 3.37 3.37 3.36 3.36 3.36 3.36 3.36 3.36 3.36 3.36 3.00 3.21 2.08 2.08 2.08 3.00 3.00 3.00 3.01 3.01 3.01 3.01 1.31 3.01 2.18 2.08 5.61 2.19 6.17 5.61 5.61 2.95 2.95 2.95 2.92 2.92 2.92 2.92 2.85 2.85 2.82 2.82 3.04 3.00 3.00 3.00 3.01 3.01 3.01 3.01 3.06 3.06 3.06 3.06 3.10 3.10 3.10 3.10 3.36 3.36 3.36 3.36 3.45 3.45 3.63 3.63 3.51 3.63 3.64 3.51
3.34 3.34 3.34 3.34 3.44 3.40 3.44 3.44 3.36 2.19 3.53 3.57 3.54 3.37 3.37 3.37 2.19 3.36 3.36 3.36 3.36 3.36 3.36 3.36 3.00 3.21 3.00 2.08 2.08 3.00 3.00 3.00 2.08 3.01 3.01 2.18 1.66 3.01 3.01 5.71 1.98 2.12 2.21 2.86 2.95 2.95 2.95 2.95 2.92 2.92 2.92 2.92 2.85 2.85 2.85 2.85 2.97 3.00 3.00 3.00 3.01 3.01 3.01 3.01 3.06 3.06 3.06 3.06 3.10 3.10 3.10 3.10 3.36 3.36 3.36 3.36 3.45 3.45 3.63 3.63 3.70 3.70 3.62 3.51
3.48 3.48 3.48 3.48 3.54 3.54 3.73 3.54 3.40 3.40 3.77 3.40 3.40 3.40 3.40 3.57 3.58 3.41 3.41 2.78 3.41 3.41 3.41 3.41 3.06 3.27 3.27 3.28 3.29 3.06 3.06 3.06 2.08 2.53 3.49 2.49 2.08 2.08 6.65 6.65 2.87 2.87 2.87 2.87 2.87 2.87 2.87 2.87 2.92 3.04 2.94 2.94 2.81 2.81 2.81 2.83 2.96 3.01 2.99 2.99 3.04 3.04 3.04 3.13 3.20 3.20 3.10 3.10 3.13 3.13 3.13 3.32 3.38 3.38 3.38 3.38 3.41 3.41 3.59 3.59 3.72 3.41 3.41 3.41
3.48 3.48 3.48 3.48 3.54 3.54 3.54 3.54 3.40 3.57 3.40 3.40 3.40 3.40 3.40 3.40 3.65 3.65 3.65 3.88 2.87 3.41 3.41 3.41 3.06 3.72 3.13 4.03 3.22 3.43 3.29 3.06 2.61 2.92 2.87 1.43 2.71 5.78 3.02 3.02 3.13 2.87 2.87 2.87 2.87 2.87 2.87 2.87 3.14 2.92 2.92 2.92 2.81 2.81 2.81 2.81 2.94 2.99 2.99 2.99 3.04 3.13 3.15 3.04 3.10 3.10 3.22 3.20 3.13 3.23 3.23 3.13 3.59 3.38 3.38 3.38 3.41 3.41 3.52 3.41 3.41 3.41 3.41 3.41
3.48 3.48 3.48 3.48 3.54 3.54 3.54 3.54 3.40 3.40 3.40 3.40 3.40 3.40 3.40 3.40 3.41 3.65 3.91 4.11 2.87 2.19 7.27 3.88 3.95 1.87 7.15 7.38 7.61 5.95 6.99 7.37 6.29 6.74 5.84 6.34 7.32 3.42 3.02 3.17 2.87 2.87 2.87 3.07 3.06 3.06 2.87 3.06 3.04 2.92 2.92 2.92 2.81 2.81 2.81 2.81 2.94 2.99 2.99 2.99 3.04 3.04 3.04 3.04 3.10 3.10 3.10 3.10 3.23 3.13 3.13 3.13 3.38 3.38 3.59 3.38 3.41 3.52 3.41 3.41 3.41 3.41 3.41 3.41
3.48 3.48 3.48 3.48 3.54 3.54 3.54 3.54 3.40 3.40 3.40 3.40 3.40 3.57 3.57 3.40 3.41 3.41 3.08 4.33 6.95 6.48 7.51 4.01 2.09 5.95 5.04 6.70 6.70 1.87 7.15 5.27 5.82 5.84 6.46 2.59 3.02 3.02 3.02 3.02 2.87 2.87 2.87 3.07 3.06 3.06 1.98 3.08 3.04 3.04 3.04 2.98 2.81 2.81 2.81 2.81 3.03 2.99 2.99 3.01 3.04 3.06 3.06 3.06 3.10 3.10 3.10 3.20 3.13 3.13 3.13 3.13 3.38 3.38 3.38 3.38 3.41 3.41 3.41 3.41 3.41 3.41 3.41 3.52
3.57 3.57 3.57 3.57 3.58 3.58 3.58 3.58 3.39 3.39 3.39 3.39 3.40 3.40 3.40 3.40 3.42 3.42 3.66 3.32 7.19 6.12 2.64 1.77 5.72 5.27 6.77 0.00 0.00 0.00 0.00 0.00 0.00 5.87 6.29 3.48 3.01 3.01 3.01 3.01 2.90 6.53 6.74 5.83 2.43 2.04 1.98 2.07 2.07 3.03 3.03 2.91 2.82 2.93 2.88 2.90 2.97 3.03 3.05 1.80 1.80 1.80 1.80 3.04 3.06 3.13 3.04 3.04 3.07 3.07 3.07 3.07 3.32 3.43 3.32 3.43 3.34 3.34 3.34 3.34 3.33 3.33 3.44 3.33
3.57 3.57 3.57 3.57 3.84 3.84 3.84 3.84 3.63 3.39 3.39 3.39 3.40 3.40 3.40 3.40 2.57 3.42 2.85 3.30 3.10 6.11 5.17 7.41 5.04 0.00 0.00 0.00 0.00 0.00 0.00 0.00 0.00 0.00 5.93 3.03 3.01 3.01 3.01 3.01 5.61 5.60 1.86 2.75 6.16 2.29 3.32 1.94 3.03 3.03 3.03 2.91 2.82 2.82 2.82 2.82 2.93 3.03 3.05 3.05 1.80 1.80 3.04 3.04 3.06 3.04 3.04 3.06 3.07 3.07 3.07 3.07 3.32 3.32 3.32 3.32 3.34 3.34 3.34 3.34 3.33 3.42 3.33 3.36
3.41 3.41 3.41 3.41 3.66 3.66 3.41 3.66 3.55 3.36 3.36 3.36 3.36 3.36 3.36 3.36 3.15 3.38 3.31 3.82 3.59 2.95 4.01 7.40 3.85 0.00 0.00 0.00 0.00 0.00 0.00 0.00 0.00 0.00 0.00 6.87 3.17 3.17 6.80 6.57 2.47 2.52 3.41 2.13 6.89 3.36 3.18 3.13 3.11 3.05 3.10 3.05 2.97 2.97 2.97 2.97 2.64 2.67 2.67 2.70 1.53 1.49 2.78 2.77 2.71 2.68 2.68 2.71 2.71 2.71 2.71 2.71 2.94 2.94 2.94 2.94 2.96 2.96 2.96 3.15 2.95 2.98 2.98 2.98
3.41 3.41 3.41 3.41 3.42 3.66 3.66 3.66 3.20 3.20 3.55 3.36 3.36 3.36 3.36 3.11 3.15 3.38 3.31 3.53 3.37 3.37 3.78 7.41 0.00 0.00 0.00 0.00 0.00 0.00 0.00 0.00 0.00 0.00 0.00 3.17 6.80 6.80 6.80 0.00 0.00 2.29 3.41 3.42 6.59 3.24 3.13 3.13 3.05 3.10 3.05 3.10 2.97 2.97 2.97 2.97 2.64 2.67 2.67 1.64 1.49 2.44 2.77 2.69 2.71 2.76 2.71 2.71 2.73 2.73 2.73 2.71 2.94 2.94 2.94 3.03 3.04 2.96 2.96 2.96 2.95 2.95 2.95 2.95
3.42 3.42 3.42 3.42 3.43 3.43 3.67 3.67 3.58 3.58 3.58 3.39 3.11 3.15 3.37 3.15 3.15 3.38 3.37 3.31 3.36 3.36 6.98 0.00 0.00 0.00 0.00 0.00 0.00 0.00 0.00 0.00 0.00 0.00 0.00 3.36 3.15 0.00 0.00 0.00 0.00 0.00 0.00 1.45 6.60 3.19 3.14 3.09 3.04 3.04 3.04 3.04 3.02 3.02 3.02 3.02 2.72 2.75 2.75 2.75 1.66 1.66 2.72 2.72 2.66 2.66 2.66 2.66 2.68 2.68 2.68 2.66 2.90 2.90 2.90 2.90 2.93 2.93 2.93 2.93 2.95 2.95 2.95 2.95
3.42 3.42 3.42 3.59 3.60 3.60 3.00 3.07 3.59 3.69 3.58 3.39 3.38 3.15 3.82 3.82 4.03 4.46 4.26 3.37 6.98 6.98 0.00 0.00 0.00 0.00 0.00 0.00 0.00 0.00 0.00 0.00 0.00 0.00 0.00 0.00 0.00 0.00 0.00 0.00 0.00 0.00 0.00 4.12 6.82 2.74 3.19 3.19 3.15 3.04 3.04 3.04 3.02 3.02 3.02 3.02 2.72 2.75 2.83 2.75 2.69 2.69 2.69 2.69 2.64 2.64 2.66 2.66 2.68 2.68 2.68 2.66 2.90 2.98 2.90 2.90 2.93 2.93 3.08 3.08 3.11 3.11 3.11 3.11
3.42 3.42 3.42 3.42 3.43 3.43 3.60 2.79 3.59 3.69 3.47 3.59 3.59 2.94 7.17 6.94 7.18 7.59 0.00 0.00 0.00 0.00 0.00 0.00 0.00 0.00 0.00 0.00 0.00 0.00 0.00 0.00 0.00 0.00 0.00 0.00 0.00 0.00 0.00 0.00 0.00 0.00 0.00 0.00 7.05 3.19 3.19 3.19 3.15 3.15 3.04 3.04 3.02 3.02 3.02 3.02 2.72 2.75 2.75 2.75 2.69 2.69 2.69 2.69 2.64 2.64 2.66 2.66 2.68 2.68 2.66 2.66 2.90 3.08 2.90 2.90 2.95 2.93 3.02 3.18 3.11 3.11 3.11 3.11
3.42 3.42 3.42 3.42 3.43 3.33 3.66 2.52 4.50 4.14 6.94 6.94 6.94 0.00 0.00 0.00 0.00 0.00 0.00 0.00 0.00 0.00 0.00 0.00 0.00 0.00 0.00 0.00 0.00 0.00 0.00 0.00 0.00 0.00 0.00 0.00 0.00 0.00 0.00 0.00 0.00 0.00 0.00 3.21 7.10 3.32 3.32 3.09 3.04 3.04 3.04 3.04 3.02 3.02 3.02 3.02 2.72 2.75 2.75 2.75 2.83 2.83 2.83 2.69 2.64 2.64 2.64 2.66 2.68 2.68 2.66 2.66 2.90 3.09 3.00 2.92 2.95 2.95 2.95 2.95 2.95 2.95 3.11 3.11
3.41 3.41 3.41 3.41 3.65 2.85 3.52 3.30 4.45 7.40 0.00 0.00 0.00 0.00 0.00 0.00 0.00 0.00 0.00 0.00 0.00 0.00 0.00 0.00 0.00 0.00 0.00 0.00 0.00 0.00 0.00 0.00 0.00 0.00 0.00 0.00 0.00 0.00 0.00 0.00 0.00 0.00 0.00 3.07 3.32 6.74 6.94 6.94 3.30 2.90 3.10 3.10 3.09 3.09 3.09 3.09 2.79 2.98 2.98 2.98 2.92 2.92 2.92 2.92 2.64 2.64 2.64 2.66 2.62 2.62 2.59 2.69 2.88 2.88 2.88 2.88 2.93 2.93 2.95 2.95 3.00 3.00 2.98 2.98
3.41 3.41 3.41 3.41 3.40 3.07 1.77 7.08 0.00 0.00 0.00 0.00 0.00 0.00 0.00 0.00 0.00 0.00 0.00 0.00 0.00 0.00 0.00 0.00 0.00 0.00 0.00 0.00 0.00 0.00 0.00 0.00 0.00 0.00 0.00 0.00 0.00 0.00 0.00 0.00 0.00 0.00 0.00 0.00 0.00 0.00 0.00 6.56 4.06 3.35 3.11 2.68 2.88 3.09 3.09 3.09 2.79 2.98 2.98 2.98 2.92 2.92 2.92 2.92 2.77 2.77 2.64 2.66 2.62 2.62 2.62 2.69 2.88 2.88 2.88 2.86 2.93 2.93 2.93 2.93 2.98 2.98 2.98 2.98
3.41 3.41 3.41 3.32 2.77 3.07 7.08 0.00 0.00 0.00 0.00 0.00 0.00 0.00 0.00 0.00 0.00 0.00 0.00 0.00 0.00 0.00 0.00 0.00 0.00 0.00 0.00 0.00 0.00 0.00 0.00 0.00 0.00 0.00 0.00 0.00 0.00 0.00 0.00 0.00 0.00 0.00 0.00 0.00 0.00 0.00 0.00 0.00 7.29 1.79 3.34 2.68 2.88 2.96 2.88 3.09 2.79 2.98 2.98 2.98 2.92 2.92 2.92 2.92 2.77 2.77 2.64 2.66 2.62 2.62 2.69 2.62 2.88 2.88 2.86 2.88 2.95 2.93 2.93 2.93 2.98 2.98 2.98 2.98
3.03 3.64 2.57 2.57 2.77 3.07 6.25 0.00 0.00 0.00 0.00 0.00 0.00 0.00 0.00 0.00 0.00 0.00 0.00 0.00 0.00 0.00 0.00 0.00 0.00 0.00 0.00 0.00 0.00 0.00 0.00 0.00 0.00 0.00 0.00 0.00 0.00 0.00 0.00 0.00 0.00 0.00 0.00 0.00 0.00 0.00 0.00 0.00 0.00 6.56 3.65 2.74 2.97 3.19 2.96 2.96 2.11 2.98 2.98 2.98 2.92 2.92 2.92 2.92 2.77 2.77 2.64 2.64 2.62 2.62 2.62 2.62 2.86 2.86 2.86 2.86 2.93 2.93 2.93 2.93 2.98 2.98 2.98 3.13
3.39 2.77 2.57 2.57 3.39 3.62 6.40 0.00 0.00 0.00 0.00 0.00 0.00 0.00 0.00 0.00 0.00 0.00 0.00 0.00 0.00 0.00 0.00 0.00 0.00 0.00 0.00 0.00 0.00 0.00 0.00 0.00 0.00 0.00 0.00 0.00 0.00 0.00 0.00 0.00 0.00 0.00 0.00 0.00 0.00 0.00 0.00 0.00 0.00 6.57 5.19 7.25 5.31 7.04 3.41 4.32 2.40 1.57 3.02 3.02 2.93 2.93 2.93 2.93 2.60 2.60 2.60 2.60 2.53 2.56 2.53 2.53 2.84 2.84 2.84 2.84 2.95 2.95 2.67 2.67 2.99 2.99 2.99 3.25
3.39 2.57 2.77 2.79 3.62 3.39 7.02 0.00 0.00 0.00 0.00 0.00 0.00 0.00 0.00 0.00 0.00 0.00 0.00 0.00 0.00 0.00 0.00 0.00 0.00 0.00 0.00 0.00 0.00 0.00 0.00 0.00 0.00 0.00 0.00 0.00 0.00 0.00 0.00 0.00 0.00 0.00 0.00 0.00 0.00 0.00 0.00 0.00 0.00 0.00 4.96 2.04 3.42 6.37 4.85 5.76 2.62 1.59 3.02 3.02 2.93 2.93 2.93 2.93 2.73 2.67 2.82 2.67 2.53 2.56 2.56 2.53 2.84 2.84 2.84 3.01 2.95 2.95 2.95 2.95 2.99 2.99 6.62 5.37
3.39 3.39 3.23 1.32 5.99 3.63 0.00 0.00 0.00 0.00 0.00 0.00 0.00 0.00 0.00 0.00 0.00 0.00 0.00 0.00 0.00 0.00 0.00 0.00 0.00 0.00 0.00 0.00 0.00 0.00 0.00 0.00 0.00 0.00 0.00 0.00 0.00 0.00 0.00 0.00 0.00 0.00 0.00 0.00 0.00 0.00 0.00 0.00 0.00 0.00 7.25 5.42 7.46 5.98 3.26 2.74 1.97 3.02 3.12 3.12 2.93 2.93 2.93 2.78 2.73 2.73 2.73 2.73 2.53 2.56 2.56 2.56 2.84 2.84 2.84 2.93 2.95 2.95 1.76 1.66 1.66 5.29 5.04 5.29
3.39 3.39 3.85 5.92 0.00 0.00 0.00 0.00 0.00 0.00 0.00 0.00 0.00 0.00 0.00 0.00 0.00 0.00 0.00 0.00 0.00 0.00 0.00 0.00 0.00 0.00 0.00 0.00 0.00 0.00 0.00 0.00 0.00 0.00 0.00 0.00 0.00 0.00 0.00 0.00 0.00 0.00 0.00 0.00 0.00 0.00 0.00 0.00 0.00 0.00 0.00 6.78 7.01 5.64 3.56 2.94 2.82 2.87 2.87 2.87 2.86 2.78 2.78 2.78 2.60 2.60 2.60 2.60 2.53 2.56 2.56 2.53 2.91 2.92 2.84 2.84 2.95 2.95 2.95 2.95 1.66 1.66 1.66 2.04
3.23 7.08 0.00 0.00 0.00 0.00 0.00 0.00 0.00 0.00 0.00 0.00 0.00 0.00 0.00 0.00 0.00 0.00 0.00 0.00 0.00 0.00 0.00 0.00 0.00 0.00 0.00 0.00 0.00 0.00 0.00 0.00 0.00 0.00 0.00 0.00 0.00 0.00 0.00 0.00 0.00 0.00 0.00 0.00 0.00 0.00 0.00 0.00 0.00 0.00 0.00 6.78 2.01 3.15 2.90 2.90 1.76 2.50 2.81 2.79 2.67 2.67 2.67 2.65 2.56 2.56 2.56 2.56 2.56 2.56 2.56 2.56 2.83 2.91 2.83 2.83 2.94 2.94 2.94 2.94 3.00 1.66 1.81 2.04
6.04 0.00 0.00 0.00 0.00 0.00 0.00 0.00 0.00 0.00 0.00 0.00 0.00 0.00 0.00 0.00 0.00 0.00 0.00 0.00 0.00 0.00 0.00 0.00 0.00 0.00 0.00 0.00 0.00 0.00 0.00 0.00 0.00 0.00 0.00 0.00 0.00 0.00 0.00 0.00 0.00 0.00 0.00 0.00 0.00 0.00 0.00 0.00 0.00 0.00 0.00 7.23 7.69 5.51 3.15 3.36 2.77 2.81 2.89 2.81 2.67 2.67 2.67 2.67 2.65 2.58 2.58 2.56 2.56 2.56 2.56 2.56 2.83 2.83 2.83 2.83 2.94 2.94 2.94 2.94 3.00 3.00 3.00 1.81
0.00 0.00 0.00 0.00 0.00 0.00 0.00 0.00 0.00 0.00 0.00 0.00 0.00 0.00 0.00 0.00 0.00 0.00 0.00 0.00 0.00 0.00 0.00 0.00 0.00 0.00 0.00 0.00 0.00 0.00 0.00 0.00 0.00 0.00 0.00 0.00 0.00 0.00 0.00 0.00 0.00 0.00 0.00 0.00 0.00 0.00 0.00 0.00 0.00 0.00 0.00 3.02 7.38 3.27 2.60 2.60 3.00 3.15 3.15 3.15 3.07 2.99 2.99 2.99 2.90 2.92 2.92 2.90 2.90 2.90 2.90 2.90 3.13 3.13 3.13 3.13 3.24 3.24 3.33 3.33 3.29 3.29 3.29 3.10
0.00 0.00 0.00 0.00 0.00 0.00 0.00 0.00 0.00 0.00 0.00 0.00 0.00 0.00 0.00 0.00 0.00 0.00 0.00 0.00 0.00 0.00 0.00 0.00 0.00 0.00 0.00 0.00 0.00 0.00 0.00 0.00 0.00 0.00 0.00 0.00 0.00 0.00 0.00 0.00 0.00 0.00 0.00 0.00 0.00 0.00 0.00 0.00 0.00 0.00 0.00 2.57 6.68 2.82 2.60 2.60 2.99 3.15 2.67 3.15 3.01 2.99 2.99 2.99 2.90 2.90 2.90 2.90 2.90 2.90 2.90 2.92 3.16 3.13 3.13 3.13 3.24 3.24 3.24 3.24 3.29 3.29 6.48 6.25
0.00 0.00 0.00 0.00 0.00 0.00 0.00 0.00 0.00 0.00 0.00 0.00 0.00 0.00 0.00 0.00 0.00 0.00 0.00 0.00 0.00 0.00 0.00 0.00 0.00 0.00 0.00 0.00 0.00 0.00 0.00 0.00 0.00 0.00 0.00 0.00 0.00 0.00 0.00 0.00 0.00 0.00 0.00 0.00 0.00 0.00 0.00 0.00 0.00 0.00 0.00 2.83 4.93 3.26 2.81 2.60 2.93 2.98 2.98 2.98 2.90 2.90 2.90 2.90 2.95 2.95 2.95 2.97 2.96 3.02 3.02 3.02 3.18 3.12 3.15 3.15 3.21 3.21 3.21 3.21 6.79 5.51 1.88 0.00
0.00 0.00 0.00 0.00 0.00 0.00 0.00 0.00 0.00 0.00 0.00 0.00 0.00 0.00 0.00 0.00 0.00 0.00 0.00 0.00 0.00 0.00 0.00 0.00 0.00 0.00 0.00 0.00 0.00 0.00 0.00 0.00 0.00 0.00 0.00 0.00 0.00 0.00 0.00 0.00 0.00 0.00 0.00 0.00 0.00 0.00 0.00 0.00 0.00 0.00 6.49 6.64 2.64 3.02 2.81 2.81 2.84 2.98 2.96 3.02 2.90 2.65 3.01 3.01 2.95 2.95 2.97 2.97 2.96 3.02 3.02 3.02 3.15 2.63 2.63 2.63 2.63 3.21 3.21 3.21 3.63 0.00 0.00 0.00
0.00 0.00 0.00 0.00 0.00 0.00 0.00 0.00 0.00 0.00 0.00 0.00 0.00 0.00 0.00 0.00 0.00 0.00 0.00 0.00 0.00 0.00 0.00 0.00 0.00 0.00 0.00 0.00 0.00 0.00 0.00 0.00 0.00 0.00 0.00 0.00 0.00 0.00 0.00 0.00 0.00 0.00 0.00 0.00 0.00 0.00 0.00 0.00 0.00 6.42 2.60 2.60 2.81 2.83 2.83 2.87 2.84 2.84 2.96 2.96 2.90 2.70 3.01 3.01 2.95 2.95 2.97 2.97 2.96 2.67 3.02 3.02 3.18 2.63 2.87 2.63 2.63 3.21 3.21 6.84 0.00 0.00 0.00 0.00
0.00 0.00 0.00 0.00 0.00 0.00 0.00 0.00 0.00 0.00 0.00 0.00 0.00 0.00 0.00 0.00 0.00 0.00 0.00 0.00 0.00 0.00 0.00 0.00 0.00 0.00 0.00 0.00 0.00 0.00 0.00 0.00 0.00 0.00 0.00 0.00 0.00 0.00 0.00 0.00 0.00 0.00 0.00 0.00 0.00 0.00 0.00 0.00 6.44 2.86 2.86 2.60 2.81 2.81 2.81 2.81 2.84 2.81 2.96 2.96 2.90 3.01 3.01 6.64 2.95 2.95 2.95 6.57 6.27 2.94 2.99 3.02 3.18 2.90 2.87 2.87 2.63 2.63 3.21 6.84 0.00 0.00 0.00 0.00
