New_Model_Runs/7_FutureClimate_RCP85_out/post_prcessed_with_MFR/Monthly_summaries/net_infiltration_monthly_FEB.asc
NCOLS 700
NROWS 400
XLLCENTER 515000.000000
YLLCENTER 8409000.000000
CELLSIZE 50.000000
NODATA_value -999.000000
[rows 152 to 189 of 400, columns 252 to 335 of 700]
0.00 0.00 0.00 0.00 0.00 0.00 0.00 0.00 0.00 0.00 0.00 0.00 0.00 0.00 0.00 0.00 0.00 0.00 0.00 0.00 0.00 0.00 0.00 0.00 0.00 0.00 0.00 0.00 0.00 0.00 0.00 0.00 0.00 0.00 0.00 0.00 0.00 0.00 0.00 0.00 0.00 0.00 0.00 0.00 0.00 0.00 0.00 3.35 3.29 3.32 3.29 3.29 3.01 3.01 3.01 3.01 3.01 2.97 2.97 2.97 2.99 2.99 2.99 2.99 3.08 3.08 3.08 3.08 3.55 3.55 3.55 3.55 3.61 3.61 2.12 1.30 4.43 4.63 1.15 1.15 1.15 0.95 1.15 1.15
0.00 0.00 0.00 0.00 0.00 0.00 0.00 0.00 0.00 0.00 0.00 0.00 0.00 0.00 0.00 0.00 0.00 0.00 0.00 0.00 0.00 0.00 0.00 0.00 0.00 0.00 0.00 0.00 0.00 0.00 0.00 0.00 0.00 0.00 0.00 0.00 0.00 0.00 0.00 0.00 0.00 0.00 0.00 0.00 0.00 0.00 3.35 3.35 3.29 3.29 3.29 3.29 3.01 3.01 3.01 3.01 2.97 2.97 2.97 2.97 2.99 2.99 2.99 2.99 3.08 3.08 3.08 3.08 3.55 3.55 3.61 3.55 1.71 1.92 1.36 1.36 5.25 4.50 0.95 0.95 4.22 5.58 1.30 1.30
0.00 0.00 0.00 0.00 0.00 0.00 0.00 0.00 0.00 0.00 0.00 0.00 0.00 0.00 0.00 0.00 0.00 0.00 0.00 0.00 0.00 0.00 0.00 0.00 0.00 0.00 0.00 0.00 0.00 0.00 0.00 0.00 0.00 0.00 0.00 0.00 0.00 0.00 0.00 0.00 0.00 0.00 0.00 0.00 0.00 3.38 3.35 3.35 3.29 3.29 3.29 3.29 3.01 3.01 3.01 3.01 2.97 2.97 2.97 2.97 2.99 2.99 2.99 2.99 3.08 3.08 3.08 3.08 3.55 3.61 3.61 2.10 1.74 1.77 1.56 1.76 4.50 5.04 4.84 5.38 1.92 0.61 2.31 2.31
0.00 0.00 0.00 0.00 0.00 0.00 0.00 0.00 0.00 0.00 0.00 0.00 0.00 0.00 0.00 0.00 0.00 0.00 0.00 0.00 0.00 0.00 0.00 0.00 0.00 0.00 0.00 0.00 0.00 0.00 0.00 0.00 0.00 0.00 0.00 0.00 0.00 0.00 0.00 0.00 0.00 0.00 0.00 0.00 0.00 3.35 3.35 3.35 3.29 3.29 3.29 3.29 3.01 3.01 3.01 3.01 2.97 2.97 2.97 2.97 2.99 2.99 2.99 2.99 3.08 3.08 3.08 3.08 3.55 3.61 3.61 3.61 1.74 2.15 1.36 0.82 5.04 1.56 1.30 2.10 3.82 3.82 1.71 3.12
0.00 0.00 0.00 0.00 0.00 0.00 0.00 0.00 0.00 0.00 0.00 0.00 0.00 0.00 0.00 0.00 0.00 0.00 0.00 0.00 0.00 0.00 0.00 0.00 0.00 0.00 0.00 0.00 0.00 0.00 0.00 0.00 0.00 0.00 0.00 0.00 0.00 0.00 0.00 0.00 0.00 0.00 0.00 0.00 1.67 3.33 3.33 3.33 3.32 3.32 3.32 3.32 3.08 3.08 3.08 3.08 3.06 3.06 3.06 3.06 3.06 3.06 3.06 3.06 3.08 3.08 3.12 3.08 3.59 3.61 3.61 3.61 3.67 3.67 4.08 4.30 1.56 3.81 1.10 2.10 3.59 1.71 1.71 3.59
0.00 0.00 0.00 0.00 0.00 0.00 0.00 0.00 0.00 0.00 0.00 0.00 0.00 0.00 0.00 0.00 0.00 0.00 0.00 0.00 0.00 0.00 0.00 0.00 0.00 0.00 0.00 0.00 0.00 0.00 0.00 0.00 0.00 0.00 0.00 0.00 0.00 0.00 0.00 0.00 0.00 0.00 0.00 0.00 2.44 3.33 3.33 3.33 3.32 3.32 3.32 3.32 3.08 3.08 3.08 3.08 3.06 3.06 3.06 3.06 3.06 3.06 3.06 3.10 3.08 3.08 3.08 3.08 3.55 3.55 3.61 1.74 3.67 3.88 1.36 4.43 2.35 3.67 1.71 3.61 1.71 1.71 3.59 3.59
0.00 0.00 0.00 0.00 0.00 0.00 0.00 0.00 0.00 0.00 0.00 0.00 0.00 0.00 0.00 0.00 0.00 0.00 0.00 0.00 0.00 0.00 0.00 0.00 0.00 0.00 0.00 3.17 0.00 0.00 0.00 0.00 0.00 0.00 0.00 0.00 0.00 0.00 0.00 0.00 0.00 0.00 0.00 0.00 3.33 3.33 3.33 3.33 3.32 3.32 3.32 3.32 3.08 3.08 3.08 3.08 3.06 3.06 3.06 3.06 3.06 3.06 3.06 3.06 3.08 3.08 3.08 3.08 3.55 3.55 3.61 1.74 2.10 1.36 4.63 1.15 1.36 3.67 3.61 3.61 3.59 3.59 3.59 3.59
0.00 0.00 0.00 0.00 0.00 0.00 0.00 0.00 0.00 0.00 0.00 0.00 0.00 0.00 0.00 0.00 0.00 0.00 0.00 0.00 0.00 0.00 0.00 0.00 0.00 0.00 3.18 3.17 0.00 0.00 0.00 0.00 0.00 0.00 0.00 0.00 0.00 0.00 0.00 0.00 0.00 0.00 0.00 0.00 0.00 0.00 3.33 3.33 3.32 3.32 3.32 3.32 3.08 3.08 3.08 3.08 3.06 3.06 3.06 3.06 3.06 3.14 3.06 3.06 3.08 3.08 3.08 3.08 3.55 3.55 3.61 2.10 2.31 4.63 4.64 1.36 1.36 1.74 1.74 3.61 3.59 3.59 3.59 3.59
0.00 0.00 0.00 0.00 0.00 0.00 0.00 0.00 0.00 0.00 0.00 0.00 0.00 0.00 0.00 0.00 0.00 0.00 0.00 0.00 0.00 0.00 0.00 0.00 0.00 3.18 3.18 3.18 3.16 0.00 0.00 0.00 0.00 0.00 0.00 0.00 0.00 0.00 0.00 0.00 0.00 0.00 0.00 0.00 0.00 0.00 0.00 0.00 3.40 3.40 3.40 3.40 3.17 3.17 3.17 3.17 3.15 3.15 3.15 3.15 3.11 3.11 3.11 3.11 3.08 3.08 3.08 3.08 3.52 3.52 1.74 1.74 4.22 4.43 3.68 0.41 2.31 2.10 3.86 3.80 3.56 3.56 3.56 3.56
0.00 0.00 0.00 0.00 0.00 0.00 0.00 0.00 0.00 0.00 0.00 0.00 0.00 0.00 0.00 0.00 0.00 0.00 0.00 0.00 0.00 0.00 0.00 0.00 0.00 3.18 3.18 3.18 3.16 3.16 3.16 0.00 0.00 0.00 0.00 0.00 0.00 0.00 0.00 0.00 0.00 0.00 0.00 0.00 0.00 0.00 0.00 0.00 0.00 0.00 2.23 3.89 3.21 3.17 3.17 3.17 3.15 3.15 3.15 3.15 3.11 3.11 3.11 3.11 3.13 3.08 3.08 3.08 3.52 2.10 2.10 0.95 1.56 3.89 4.22 4.22 2.10 2.10 2.31 3.66 3.56 3.56 3.56 3.56
0.00 0.00 0.00 0.00 0.00 0.00 0.00 0.00 0.00 0.00 0.00 0.00 0.00 0.00 0.00 0.00 0.00 0.00 0.00 0.00 0.00 0.00 0.00 0.00 0.00 2.74 2.75 2.74 2.73 2.73 2.73 0.00 0.00 0.00 0.00 0.00 0.00 0.00 0.00 0.00 0.00 0.00 0.00 0.00 0.00 0.00 0.00 0.00 0.00 0.00 4.05 3.33 3.02 3.02 3.02 3.02 3.00 3.00 3.00 3.00 3.01 2.96 2.96 3.01 2.97 2.93 2.93 2.93 5.05 1.78 1.78 1.78 1.78 1.43 1.78 6.24 0.60 0.81 1.98 3.55 3.46 3.46 3.46 3.46
0.00 0.00 0.00 0.00 0.00 0.00 0.00 0.00 0.00 0.00 0.00 0.00 0.00 0.00 0.00 0.00 0.00 0.00 0.00 0.00 0.00 0.00 0.00 0.00 2.74 2.74 2.74 2.74 2.73 2.73 2.73 2.73 2.73 2.73 2.73 2.73 0.00 0.00 0.00 0.00 0.00 0.00 0.00 0.00 0.00 0.00 0.00 0.00 0.00 0.00 3.78 3.53 3.22 3.22 3.02 3.02 3.00 3.00 3.00 3.04 3.01 3.05 3.01 3.01 2.93 2.97 2.97 2.93 6.69 1.77 1.78 1.43 1.98 1.63 1.43 3.88 0.60 0.81 1.01 3.55 3.46 3.51 3.46 3.46
0.00 0.00 0.00 0.00 0.00 0.00 0.00 0.00 0.00 0.00 0.00 0.00 0.00 0.00 0.00 0.00 0.00 0.00 0.00 0.00 0.00 0.00 2.77 2.77 2.72 2.70 2.70 2.70 2.68 2.68 2.68 2.21 2.73 2.73 2.73 2.73 3.08 0.00 0.00 0.00 0.00 0.00 0.00 0.00 0.00 0.00 0.00 0.00 0.00 0.00 0.00 4.25 0.80 0.96 1.62 0.90 3.12 3.12 3.12 3.12 3.06 3.06 3.06 3.02 2.94 2.94 0.86 2.94 3.38 6.65 5.05 4.67 0.81 4.29 4.23 4.49 0.81 3.54 1.63 3.54 1.40 3.46 3.46 3.46
0.00 0.00 0.00 0.00 0.00 0.00 0.00 0.00 0.00 0.00 0.00 0.00 0.00 0.00 0.00 0.00 0.00 0.00 0.00 0.00 2.77 2.77 2.77 2.77 2.70 2.70 2.70 2.70 2.68 2.69 2.68 2.69 0.69 0.74 0.69 2.73 3.08 3.08 3.08 0.00 0.00 0.00 0.00 0.00 0.00 0.00 0.00 0.00 0.00 0.00 0.00 4.39 1.78 1.00 1.21 0.59 0.39 1.21 3.12 3.12 3.06 3.06 3.06 3.02 2.94 2.94 2.94 2.94 3.38 3.38 6.65 1.40 5.05 4.67 1.36 1.83 2.01 3.48 3.48 3.48 1.83 3.46 3.46 3.46
0.00 0.00 0.00 0.00 0.00 0.00 0.00 0.00 0.00 0.00 0.00 0.00 0.00 0.00 0.00 0.00 0.00 2.62 0.00 0.00 2.77 2.77 2.77 2.77 2.72 2.72 2.70 2.70 2.69 2.68 2.68 2.69 2.73 0.74 2.73 2.73 3.08 2.65 1.34 1.34 2.66 0.00 0.00 0.00 0.00 0.00 0.00 0.00 0.00 0.00 0.00 4.80 5.26 4.28 4.69 4.69 1.41 1.21 3.12 3.12 3.06 2.47 3.05 3.02 2.94 2.94 2.98 2.94 3.38 3.43 3.38 3.38 1.40 1.40 1.98 1.01 3.54 3.48 3.48 3.48 3.46 3.46 3.46 3.46
0.00 0.00 0.00 0.00 0.00 0.00 0.00 0.00 0.00 0.00 0.00 0.00 0.00 0.00 0.00 0.00 2.62 2.62 2.62 2.62 2.77 2.79 2.80 2.77 2.70 2.70 2.70 2.70 2.68 2.68 2.68 2.68 2.73 2.73 2.73 2.73 3.08 3.08 3.08 1.34 3.11 0.00 0.00 0.00 0.00 0.00 0.00 0.00 0.00 0.00 0.00 4.67 2.39 1.98 4.28 3.87 1.10 0.86 0.86 3.07 3.02 3.02 3.02 3.02 2.94 2.94 2.98 2.94 3.38 3.38 3.38 3.38 1.40 1.40 1.77 3.46 3.48 3.48 3.48 3.48 3.46 3.46 3.51 3.46
0.00 0.00 0.00 0.00 0.00 0.00 0.00 0.00 0.00 0.00 0.00 0.00 0.00 0.00 2.62 2.62 2.60 2.60 2.60 2.60 2.73 2.73 2.73 2.73 2.64 2.64 2.64 2.64 2.69 2.67 2.67 2.67 2.76 2.76 2.76 2.76 3.13 3.13 3.34 3.34 3.38 0.00 0.00 0.00 0.00 0.00 0.00 0.00 0.00 0.00 4.41 5.41 5.87 5.46 4.48 1.72 1.31 0.86 3.09 3.09 3.05 3.05 3.05 3.05 2.96 2.96 2.96 2.96 3.34 3.34 3.34 3.34 1.45 1.40 1.40 3.39 3.44 3.44 3.44 3.44 3.45 3.45 3.45 3.45
0.00 0.00 0.00 0.00 0.00 0.00 0.00 0.00 0.00 0.00 0.00 0.00 0.00 2.62 2.62 2.62 2.60 2.60 2.60 2.60 2.73 2.73 2.73 2.73 2.67 2.66 2.64 2.64 2.67 2.67 2.67 2.67 2.76 2.76 2.76 2.76 1.38 3.17 3.58 0.97 0.41 0.00 0.00 0.00 0.00 0.00 0.00 0.00 0.00 3.58 3.18 3.38 4.75 4.36 4.07 0.59 1.31 0.86 1.39 3.29 1.06 2.49 3.05 3.05 2.96 2.96 2.96 2.96 3.34 3.34 3.34 3.34 3.39 3.39 1.40 3.39 3.44 3.44 3.44 3.44 3.45 3.51 3.45 3.51
0.00 0.00 0.00 0.00 0.00 0.00 0.00 0.00 0.00 0.00 0.00 0.00 2.62 2.62 2.62 2.62 2.60 2.60 2.60 2.60 2.73 2.73 2.73 2.73 2.66 2.64 2.66 2.64 2.67 2.67 2.67 2.67 2.76 2.76 2.76 2.76 1.38 2.67 3.99 1.32 4.46 0.00 0.00 0.00 0.00 0.00 0.00 0.00 3.78 3.18 3.18 3.18 0.86 1.18 4.48 3.87 4.69 0.90 1.10 1.51 1.06 3.05 3.05 3.05 2.96 2.96 2.96 2.96 3.34 3.34 3.34 3.34 3.39 3.39 3.39 3.39 3.44 3.44 3.44 3.44 3.45 3.45 3.45 3.45
0.00 0.00 0.00 0.00 0.00 0.00 0.00 0.00 0.00 0.00 0.00 0.00 2.62 2.62 2.62 2.62 2.60 2.60 2.61 2.60 2.73 2.73 2.73 2.73 2.64 2.64 2.64 2.64 2.67 2.67 2.67 2.67 2.76 2.76 0.69 2.76 3.17 3.08 1.09 1.09 0.97 3.84 0.00 0.00 0.00 0.00 0.00 3.99 3.63 3.18 3.18 3.18 3.08 0.86 1.15 0.80 0.80 0.39 0.19 0.55 1.47 0.86 3.05 3.09 2.96 2.96 2.96 3.02 3.39 3.34 3.34 3.34 3.39 3.39 3.39 3.50 3.44 3.44 3.44 3.44 3.45 3.45 3.45 3.45
0.00 0.00 0.00 0.00 0.00 0.00 0.00 0.00 0.00 0.00 2.64 2.64 2.62 2.61 2.61 2.61 2.55 2.56 2.55 2.55 2.65 2.65 2.65 2.65 2.64 2.64 2.64 2.64 2.76 2.76 2.76 2.76 2.84 2.84 2.84 2.84 3.18 2.90 2.90 1.38 0.97 0.71 3.99 3.78 0.00 3.78 4.19 1.32 1.18 3.18 3.18 3.18 3.06 3.06 0.90 0.39 1.62 0.90 0.39 1.31 1.27 1.06 3.10 3.06 2.99 2.99 2.99 3.04 3.32 3.36 3.32 3.32 3.37 3.32 3.37 3.37 3.39 3.39 3.39 3.39 3.38 3.38 3.38 3.38
0.00 0.00 0.00 0.00 0.00 0.00 0.00 0.00 0.00 0.00 1.64 1.64 2.61 2.61 2.62 2.61 2.55 2.55 2.55 2.55 2.65 2.65 2.65 2.65 2.64 2.64 2.64 2.64 2.76 2.76 2.76 2.76 2.84 2.84 2.84 2.84 3.18 3.22 2.70 2.70 4.05 4.39 2.14 5.41 1.73 1.73 1.32 1.98 3.43 3.22 3.18 3.18 3.06 3.06 3.06 1.18 0.90 0.90 3.32 3.32 3.11 0.86 3.06 3.06 2.99 3.03 2.99 2.99 3.32 3.32 3.32 3.32 3.32 3.32 3.32 3.32 3.39 3.39 3.39 3.39 3.38 3.38 3.38 3.38
0.00 0.00 0.00 0.00 0.00 0.00 0.00 0.00 0.00 0.00 0.00 1.64 1.61 2.61 2.61 2.61 2.55 2.55 2.55 2.55 2.65 2.65 2.65 2.65 2.64 2.64 2.64 2.64 2.76 2.76 2.76 2.76 2.84 2.84 2.84 2.84 3.18 3.18 3.22 1.54 4.17 2.00 5.21 5.62 2.33 2.23 1.57 1.37 1.76 1.76 1.76 1.76 3.06 3.06 3.06 3.06 0.86 0.86 0.90 3.12 3.11 3.06 3.06 3.06 2.99 2.99 2.99 2.99 3.32 3.32 3.32 3.32 3.32 3.32 3.32 3.32 3.39 3.39 3.39 3.39 3.38 3.38 3.38 3.38
0.00 0.00 0.00 0.00 0.00 0.00 0.00 0.00 0.00 0.00 0.00 1.64 1.61 1.61 1.61 2.61 2.55 2.55 2.55 2.55 2.65 2.65 2.65 2.65 2.64 2.64 2.64 2.64 2.76 2.76 2.76 2.76 2.84 2.84 2.84 2.84 3.18 3.18 3.22 5.03 1.96 1.18 1.38 0.93 2.16 1.96 1.76 1.37 3.22 1.37 1.76 1.34 3.06 3.06 3.06 3.06 3.07 0.86 0.90 0.90 3.11 3.11 3.06 3.06 2.99 2.99 2.99 3.04 3.32 3.32 3.32 3.32 3.32 3.32 3.32 3.32 3.39 3.39 3.39 3.39 3.38 3.38 3.38 3.38
0.00 0.00 0.00 0.00 0.00 0.00 0.00 0.00 0.00 0.00 0.00 1.64 1.61 1.61 1.61 1.61 2.51 2.51 2.51 2.51 2.65 2.64 2.64 2.64 2.73 2.73 2.74 2.74 2.88 2.88 2.84 2.84 2.89 2.89 0.85 2.92 3.25 3.25 3.25 5.03 1.76 0.57 0.77 0.72 1.34 1.76 1.76 1.37 3.22 1.37 1.37 3.22 3.04 3.04 3.04 3.04 3.02 3.02 3.07 3.07 0.90 3.07 3.07 3.03 2.97 2.97 2.97 2.97 3.28 3.28 3.28 3.28 3.28 3.28 3.28 3.28 3.35 3.35 3.35 3.35 3.36 3.36 3.36 3.36
0.00 0.00 0.00 0.00 0.00 0.00 0.00 0.00 0.00 0.00 0.00 1.64 1.61 1.61 1.61 1.61 1.54 2.52 2.51 2.51 2.67 2.64 2.64 2.64 2.73 2.74 2.74 2.74 2.88 2.88 2.84 2.84 2.89 2.92 0.85 2.92 1.54 3.45 2.37 5.65 1.57 1.37 0.77 1.15 1.34 1.76 1.76 3.20 3.18 3.18 3.22 3.18 3.04 3.04 3.04 3.04 3.02 3.02 3.02 3.02 3.03 3.03 3.03 3.03 2.97 2.97 2.97 2.97 3.28 3.28 3.28 3.28 3.28 3.28 3.28 3.28 3.35 3.35 3.35 3.42 3.36 3.36 3.36 3.36
0.00 0.00 0.00 0.00 2.00 0.00 0.00 0.00 0.00 0.00 1.99 1.99 1.96 1.96 1.96 1.96 1.89 1.89 1.89 2.93 2.95 2.95 2.95 2.95 3.05 3.09 3.09 3.09 3.23 3.23 3.23 3.23 3.28 3.28 3.28 2.71 3.55 3.75 2.61 5.69 2.21 1.63 2.00 2.00 1.63 2.00 3.48 3.48 3.46 3.46 3.46 3.46 3.53 3.53 3.58 3.53 3.51 3.51 3.51 3.51 3.51 3.51 3.51 3.51 3.50 3.45 3.45 3.45 4.02 3.96 3.96 3.96 3.96 3.96 3.96 3.96 4.04 4.04 4.04 4.04 4.04 4.04 4.04 4.04
0.00 0.00 0.00 1.80 2.00 2.00 0.00 0.00 0.00 1.99 1.99 1.99 1.96 1.96 1.96 1.96 1.89 1.89 1.89 1.89 2.95 2.95 2.95 2.95 3.05 3.09 3.09 3.09 3.23 3.23 3.23 3.23 3.28 3.28 3.28 3.23 3.49 3.55 3.20 7.03 2.00 1.63 1.63 2.00 1.63 2.00 3.48 3.48 3.46 3.46 3.46 3.46 3.53 3.53 3.58 3.53 3.51 3.51 3.51 3.56 3.51 3.51 3.51 3.51 3.45 3.45 3.45 3.45 3.96 3.96 3.96 3.96 3.96 4.03 3.96 3.96 4.04 4.04 4.04 4.04 4.04 4.04 4.04 4.04
1.81 1.81 1.81 1.81 2.00 2.00 2.01 2.01 2.01 2.01 1.55 2.01 1.98 1.98 1.98 1.98 1.92 1.92 1.92 1.92 1.94 1.94 3.00 3.00 3.08 3.12 3.12 3.12 3.24 3.24 3.24 3.24 3.30 3.30 3.25 3.25 3.50 2.00 2.21 5.11 2.21 2.21 2.00 1.63 2.00 1.63 3.49 3.54 3.44 3.49 3.49 3.44 3.48 3.48 3.48 3.48 3.39 3.39 3.39 3.39 3.36 3.36 3.36 3.36 3.37 3.32 3.32 3.38 3.98 3.92 3.99 3.99 4.05 4.05 3.98 3.98 4.00 4.00 4.00 4.00 4.03 4.10 4.03 4.03
1.81 1.81 1.81 1.81 2.00 2.00 2.00 2.00 2.01 2.01 2.01 2.01 1.98 1.98 1.98 1.98 1.92 1.92 1.92 1.92 1.94 1.94 1.94 3.00 3.08 3.08 3.12 3.12 3.24 3.24 3.24 3.24 3.25 3.25 3.25 3.25 1.63 1.63 2.00 2.00 5.48 2.21 2.00 2.00 2.00 2.00 3.49 3.49 3.44 3.44 3.44 3.44 3.48 3.48 3.54 3.54 3.44 3.39 3.39 3.39 3.36 3.36 3.36 3.36 3.32 3.32 3.32 3.32 3.92 3.92 3.99 3.92 4.05 2.75 3.98 3.98 4.00 4.00 4.00 4.08 4.03 4.03 4.03 2.75
1.81 1.81 1.81 1.81 2.00 2.00 2.00 2.00 2.01 2.01 2.01 2.01 1.98 1.98 1.98 1.98 1.92 1.92 1.92 1.92 1.94 1.94 1.94 1.94 2.00 3.08 3.12 3.12 3.19 3.19 3.19 3.19 3.25 3.25 3.25 3.30 2.00 1.63 2.00 2.00 4.07 2.00 2.00 1.61 2.00 2.00 1.61 3.49 3.44 3.44 3.44 3.44 3.48 3.48 3.48 3.48 3.39 3.39 3.39 3.39 3.36 3.36 3.36 3.36 3.32 3.32 3.32 3.37 3.92 3.92 3.92 3.92 3.98 3.98 3.98 3.98 4.00 4.00 4.00 4.08 4.03 4.03 2.75 2.76
1.81 1.81 1.81 1.81 2.00 2.00 2.00 2.00 2.01 2.01 2.01 2.01 1.98 1.98 1.98 1.98 1.92 1.92 1.92 1.92 1.94 1.94 1.94 1.94 2.00 2.00 3.08 3.08 3.19 3.19 3.19 3.19 3.25 3.25 3.25 3.30 3.50 3.50 0.98 0.79 0.79 3.50 3.50 1.61 2.00 2.00 1.63 3.49 3.44 3.44 3.44 3.44 3.53 3.48 3.48 3.48 3.39 3.39 3.39 3.39 3.36 3.36 3.36 3.36 3.32 3.32 3.32 3.32 3.92 3.92 3.92 3.92 3.98 3.98 3.98 3.98 4.00 4.00 2.75 4.08 4.03 4.03 2.75 2.75
1.79 1.79 1.80 1.79 1.99 1.99 1.99 1.99 1.99 1.99 1.99 1.99 1.98 1.99 1.98 1.98 1.95 1.95 1.95 1.95 1.97 1.97 1.97 1.97 1.97 1.97 1.97 1.97 3.16 3.16 3.16 3.16 3.24 3.24 3.29 3.29 3.54 3.49 1.64 1.87 0.79 3.55 3.50 1.61 1.61 1.61 2.00 3.54 3.44 3.44 3.39 3.39 3.35 3.35 3.35 3.35 3.27 3.27 3.27 3.27 3.29 3.29 3.29 3.29 3.32 3.32 3.32 3.32 4.00 4.00 4.00 4.00 4.04 4.04 4.04 4.04 4.08 4.01 4.09 4.09 2.75 2.75 2.75 2.75
1.79 1.79 1.79 1.79 1.99 1.99 1.99 1.99 1.99 1.99 1.99 1.99 1.98 1.98 1.98 1.99 1.95 1.95 1.95 1.95 1.97 1.97 1.97 1.97 1.97 1.97 1.97 1.97 2.07 3.16 3.16 3.16 3.24 3.29 3.29 3.24 3.49 3.49 3.49 0.79 1.63 3.56 3.50 1.61 1.61 1.61 1.61 3.54 3.44 3.39 3.39 3.39 3.35 3.35 3.35 3.35 3.27 3.27 3.27 3.27 3.29 3.29 3.29 3.29 3.32 3.32 3.32 3.32 4.00 4.00 4.00 4.00 4.04 4.04 4.04 4.04 4.01 4.08 4.01 4.01 2.75 2.75 2.75 2.75
1.79 1.79 1.79 1.79 1.99 1.99 1.99 1.99 1.99 1.99 1.99 1.99 1.98 1.98 1.98 1.98 1.95 1.95 1.95 1.95 1.97 1.97 1.97 1.98 1.97 1.97 1.97 1.97 2.07 2.07 3.16 3.16 3.28 3.29 3.29 3.34 3.54 3.49 3.55 1.63 1.63 2.00 3.50 1.61 3.48 3.53 3.48 3.48 3.39 3.39 3.39 3.39 3.35 3.35 3.35 3.39 3.27 3.27 3.27 3.27 3.29 3.29 3.29 3.29 3.32 3.32 3.32 3.32 4.00 4.00 4.00 4.00 4.04 4.04 4.04 4.04 4.01 4.01 4.01 4.01 2.75 2.75 2.75 2.75
1.79 1.79 1.79 1.79 1.99 2.00 1.99 1.99 1.99 1.99 1.99 1.99 1.98 1.98 1.98 1.98 1.95 1.95 1.95 1.95 1.97 1.97 1.97 1.97 1.97 1.97 1.97 1.97 2.07 2.07 2.07 2.07 3.24 3.29 3.24 3.29 3.49 3.49 3.55 1.63 2.00 1.63 3.56 3.55 3.48 3.48 3.48 3.48 3.39 3.39 3.43 3.39 3.35 3.40 3.40 3.42 3.27 3.27 3.27 3.27 3.29 3.29 3.29 3.29 3.32 3.32 3.32 3.32 4.00 4.00 4.00 4.00 4.04 4.11 4.04 4.04 4.01 4.01 4.01 4.01 2.75 2.75 2.75 2.75
1.76 1.76 1.76 1.77 1.96 1.96 1.97 1.96 1.95 1.95 1.95 1.95 1.91 1.91 1.91 1.91 1.88 1.88 1.88 1.88 1.95 1.95 1.95 1.95 1.97 1.97 1.97 1.97 2.03 2.04 2.03 2.03 2.08 3.18 3.22 3.18 3.44 3.44 3.49 3.44 3.46 3.51 3.51 3.46 3.45 3.40 3.40 3.45 3.26 3.26 3.26 3.26 3.31 3.31 1.59 3.31 3.36 3.31 3.31 3.31 3.38 3.38 3.38 3.38 3.42 3.42 3.42 3.42 4.08 4.08 4.08 4.08 4.07 4.07 4.07 4.07 4.05 4.05 4.05 4.05 2.75 2.75 2.75 2.75
1.76 1.76 1.76 1.76 1.96 1.97 1.96 1.96 1.95 1.95 1.95 1.95 1.91 1.91 1.91 1.91 1.88 1.88 1.89 1.88 1.95 1.95 1.95 1.95 1.97 1.97 1.97 1.97 2.03 2.03 2.03 2.03 2.08 2.08 2.08 3.18 3.44 3.44 3.44 3.44 3.46 3.46 3.46 3.46 3.40 3.40 3.40 3.40 3.26 3.26 3.26 3.26 3.31 3.31 3.31 3.31 3.31 3.31 3.31 3.31 3.38 3.38 3.38 3.38 3.42 3.42 3.42 3.42 4.08 4.08 4.08 4.08 4.07 4.14 4.07 4.07 4.05 4.05 4.05 4.05 4.00 2.75 2.75 2.75
