New_Model_Runs/7_FutureClimate_RCP85_out/post_prcessed_with_MFR/Monthly_summaries/rainfall_monthly_FEB.asc
NCOLS 700
NROWS 400
XLLCENTER 515000.000000
YLLCENTER 8409000.000000
CELLSIZE 50.000000
NODATA_value -999.000000
[rows 190 to 227 of 400, columns 252 to 335 of 700]
4.47 4.47 4.47 4.47 4.55 4.55 4.55 4.55 4.55 4.55 4.55 4.55 4.55 4.55 4.55 4.55 4.55 4.55 4.55 4.55 4.63 4.63 4.63 4.63 4.63 4.63 4.63 4.63 4.63 4.63 4.63 4.63 4.63 4.63 4.63 4.63 5.91 5.91 5.91 5.91 5.91 5.91 5.91 5.91 5.91 5.91 5.91 5.91 5.91 5.91 5.91 5.91 6.06 6.06 6.06 6.06 6.06 6.06 6.06 6.06 6.06 6.06 6.06 6.06 6.06 6.06 6.06 6.06 6.53 6.53 6.53 6.53 6.53 6.53 6.53 6.53 6.53 6.53 6.53 6.53 6.53 6.53 6.53 6.53
4.47 4.47 4.47 4.47 4.55 4.55 4.55 4.55 4.55 4.55 4.55 4.55 4.55 4.55 4.55 4.55 4.55 4.55 4.55 4.55 4.63 4.63 4.63 4.63 4.63 4.63 4.63 4.63 4.63 4.63 4.63 4.63 4.63 4.63 4.63 4.63 4.75 4.75 5.91 5.91 5.91 5.91 5.91 5.91 5.91 5.91 5.91 5.91 5.91 5.91 5.91 5.91 6.06 6.06 6.06 6.06 6.06 6.06 6.06 6.06 6.06 6.06 6.06 6.06 6.06 6.06 6.06 6.06 6.53 6.53 6.53 6.53 6.53 6.53 6.53 6.53 6.53 6.53 6.53 6.53 6.53 6.53 6.53 6.53
4.47 4.47 4.47 4.47 4.55 4.55 4.55 4.55 4.55 4.55 4.55 4.55 4.55 4.55 4.55 4.55 4.55 4.55 4.55 4.55 4.63 4.63 4.63 4.63 4.63 4.63 4.63 4.63 4.63 4.63 4.63 4.63 4.63 4.63 4.63 4.63 4.75 4.75 4.75 5.91 5.91 5.91 5.91 5.91 5.91 5.91 5.91 5.91 5.91 5.91 5.91 5.91 6.06 6.06 6.06 6.06 6.06 6.06 6.06 6.06 6.06 6.06 6.06 6.06 6.06 6.06 6.06 6.06 6.53 6.53 6.53 6.53 6.53 6.53 6.53 6.53 6.53 6.53 6.53 6.53 6.53 6.53 6.53 6.53
4.47 4.47 4.47 4.47 4.55 4.55 4.55 4.55 4.55 4.55 4.55 4.55 4.55 4.55 4.55 4.55 4.55 4.55 4.55 4.55 4.63 4.63 4.63 4.63 4.63 4.63 4.63 4.63 4.63 4.63 4.63 4.63 4.63 4.63 4.63 4.63 4.75 4.75 4.75 4.75 4.75 5.91 5.91 5.91 5.91 5.91 5.91 5.91 5.91 5.91 5.91 5.91 6.06 6.06 6.06 6.06 6.06 6.06 6.06 6.06 6.06 6.06 6.06 6.06 6.06 6.06 6.06 6.06 6.53 6.53 6.53 6.53 6.53 6.53 6.53 6.53 6.53 6.53 6.53 6.53 6.53 6.53 6.53 6.53
4.98 4.98 4.98 4.98 5.05 5.05 5.05 5.05 5.05 5.05 5.05 5.05 5.05 5.05 5.05 5.05 5.05 5.05 5.05 5.05 4.93 4.93 4.93 4.93 4.93 4.93 4.93 4.93 4.93 4.93 4.93 4.93 4.93 4.93 4.93 4.93 4.90 4.90 4.90 4.90 4.90 4.90 6.10 6.10 6.10 6.10 6.10 6.10 6.10 6.10 6.10 6.10 6.24 6.24 6.24 6.24 6.24 6.24 6.24 6.24 6.24 6.24 6.24 6.24 6.24 6.24 6.24 6.24 6.27 6.27 6.27 6.27 6.27 6.27 6.27 6.27 6.27 6.27 6.27 6.27 6.27 6.27 6.27 6.27
4.98 4.98 4.98 4.98 5.05 5.05 5.05 5.05 5.05 5.05 5.05 5.05 5.05 5.05 5.05 5.05 5.05 5.05 5.05 5.05 4.93 4.93 4.93 4.93 4.93 4.93 4.93 4.93 4.93 4.93 4.93 4.93 4.93 4.93 4.93 4.93 4.90 4.90 4.90 4.90 4.90 4.90 4.90 6.10 6.10 6.10 6.10 6.10 6.10 6.10 6.10 6.10 6.24 6.24 6.24 6.24 6.24 6.24 6.24 6.24 6.24 6.24 6.24 6.24 6.24 6.24 6.24 6.24 6.27 6.27 6.27 6.27 6.27 6.27 6.27 6.27 6.27 6.27 6.27 6.27 6.27 6.27 6.27 6.27
4.98 4.98 4.98 4.98 5.05 5.05 5.05 5.05 5.05 5.05 5.05 5.05 5.05 5.05 5.05 5.05 5.05 5.05 5.05 5.05 4.93 4.93 4.93 4.93 4.93 4.93 4.93 4.93 4.93 4.93 4.93 4.93 4.93 4.93 4.93 4.93 4.90 4.90 4.90 4.90 4.90 4.90 4.90 4.90 4.90 6.10 6.10 6.10 6.10 6.10 6.10 6.10 6.24 6.24 6.24 6.24 6.24 6.24 6.24 6.24 6.24 6.24 6.24 6.24 6.24 6.24 6.24 6.24 6.27 6.27 6.27 6.27 6.27 6.27 6.27 6.27 6.27 6.27 6.27 6.27 6.27 6.27 6.27 6.27
4.98 4.98 4.98 4.98 5.05 5.05 5.05 5.05 5.05 5.05 5.05 5.05 5.05 5.05 5.05 5.05 5.05 5.05 5.05 5.05 4.93 4.93 4.93 4.93 4.93 4.93 4.93 4.93 4.93 4.93 4.93 4.93 4.93 4.93 4.93 4.93 4.90 4.90 4.90 4.90 4.90 4.90 4.90 4.90 4.90 4.90 6.10 6.10 6.10 6.10 6.10 6.10 6.24 6.24 6.24 6.24 6.24 6.24 6.24 6.24 6.24 6.24 6.24 6.24 6.24 6.24 6.24 6.24 6.27 6.27 6.27 6.27 6.27 6.27 6.27 6.27 6.27 6.27 6.27 6.27 6.27 6.27 6.27 6.27
4.98 4.98 4.98 4.98 5.05 5.05 5.05 5.05 5.05 5.05 5.05 5.05 5.05 5.05 5.05 5.05 5.05 5.05 5.05 5.05 4.93 4.93 4.93 4.93 4.93 4.93 4.93 4.93 4.93 4.93 4.93 4.93 4.93 4.93 4.93 4.93 4.90 4.90 4.90 4.90 4.90 4.90 4.90 4.90 4.90 4.90 4.90 4.90 6.10 6.10 6.10 6.10 6.24 6.24 6.24 6.24 6.24 6.24 6.24 6.24 6.24 6.24 6.24 6.24 6.24 6.24 6.24 6.24 6.27 6.27 6.27 6.27 6.27 6.27 6.27 6.27 6.27 6.27 6.27 6.27 6.27 6.27 6.27 6.27
4.98 4.98 4.98 4.98 5.05 5.05 5.05 5.05 5.05 5.05 5.05 5.05 5.05 5.05 5.05 5.05 5.05 5.05 5.05 5.05 4.93 4.93 4.93 4.93 4.93 4.93 4.93 4.93 4.93 4.93 4.93 4.93 4.93 4.93 4.93 4.93 4.90 4.90 4.90 4.90 4.90 4.90 4.90 4.90 4.90 4.90 4.90 4.90 4.90 6.10 6.10 6.10 6.24 6.24 6.24 6.24 6.24 6.24 6.24 6.24 6.24 6.24 6.24 6.24 6.24 6.24 6.24 6.24 6.27 6.27 6.27 6.27 6.27 6.27 6.27 6.27 6.27 6.27 6.27 6.27 6.27 6.27 6.27 6.27
4.98 4.98 4.98 4.98 5.05 5.05 5.05 5.05 5.05 5.05 5.05 5.05 5.05 5.05 5.05 5.05 5.05 5.05 5.05 5.05 4.93 4.93 4.93 4.93 4.93 4.93 4.93 4.93 4.93 4.93 4.93 4.93 4.93 4.93 4.93 4.93 4.90 4.90 4.90 4.90 4.90 4.90 4.90 4.90 4.90 4.90 4.90 4.90 4.90 4.90 4.90 6.10 6.24 6.24 6.24 6.24 6.24 6.24 6.24 6.24 6.24 6.24 6.24 6.24 6.24 6.24 6.24 6.24 6.27 6.27 6.27 6.27 6.27 6.27 6.27 6.27 6.27 6.27 6.27 6.27 6.27 6.27 6.27 6.27
4.98 4.98 4.98 4.98 5.05 5.05 5.05 5.05 5.05 5.05 5.05 5.05 5.05 5.05 5.05 5.05 5.05 5.05 5.05 5.05 4.93 4.93 4.93 4.93 4.93 4.93 4.93 4.93 4.93 4.93 4.93 4.93 4.93 4.93 4.93 4.93 4.90 4.90 4.90 4.90 4.90 4.90 4.90 4.90 4.90 4.90 4.90 4.90 4.90 4.90 4.90 4.90 6.24 6.24 6.24 6.24 6.24 6.24 6.24 6.24 6.24 6.24 6.24 6.24 6.24 6.24 6.24 6.24 6.27 6.27 6.27 6.27 6.27 6.27 6.27 6.27 6.27 6.27 6.27 6.27 6.27 6.27 6.27 6.27
4.98 4.98 4.98 4.98 5.05 5.05 5.05 5.05 5.05 5.05 5.05 5.05 5.05 5.05 5.05 5.05 5.05 5.05 5.05 5.05 4.93 4.93 4.93 4.93 4.93 4.93 4.93 4.93 4.93 4.93 4.93 4.93 4.93 4.93 4.93 4.93 4.90 4.90 4.90 4.90 4.90 4.90 4.90 4.90 4.90 4.90 4.90 4.90 4.90 4.90 4.90 4.90 5.01 6.24 6.24 6.24 6.24 6.24 6.24 6.24 6.24 6.24 6.24 6.24 6.24 6.24 6.24 6.24 6.27 6.27 6.27 6.27 6.27 6.27 6.27 6.27 6.27 6.27 6.27 6.27 6.27 6.27 6.27 6.27
4.98 4.98 4.98 4.98 5.05 5.05 5.05 5.05 5.05 5.05 5.05 5.05 5.05 5.05 5.05 5.05 5.05 5.05 5.05 5.05 4.93 4.93 4.93 4.93 4.93 4.93 4.93 4.93 4.93 4.93 4.93 4.93 4.93 4.93 4.93 4.93 4.90 4.90 4.90 4.90 4.90 4.90 4.90 4.90 4.90 4.90 4.90 4.90 4.90 4.90 4.90 4.90 5.01 5.01 5.01 6.24 6.24 6.24 6.24 6.24 6.24 6.24 6.24 6.24 6.24 6.24 6.24 6.24 6.27 6.27 6.27 6.27 6.27 6.27 6.27 6.27 6.27 6.27 6.27 6.27 6.27 6.27 6.27 6.27
4.98 4.98 4.98 4.98 5.05 5.05 5.05 5.05 5.05 5.05 5.05 5.05 5.05 5.05 5.05 5.05 5.05 5.05 5.05 5.05 4.93 4.93 4.93 4.93 4.93 4.93 4.93 4.93 4.93 4.93 4.93 4.93 4.93 4.93 4.93 4.93 4.90 4.90 4.90 4.90 4.90 4.90 4.90 4.90 4.90 4.90 4.90 4.90 4.90 4.90 4.90 4.90 5.01 5.01 5.01 5.01 6.24 6.24 6.24 6.24 6.24 6.24 6.24 6.24 6.24 6.24 6.24 6.24 6.27 6.27 6.27 6.27 6.27 6.27 6.27 6.27 6.27 6.27 6.27 6.27 6.27 6.27 6.27 6.27
6.19 4.98 4.98 4.98 5.05 5.05 5.05 5.05 5.05 5.05 5.05 5.05 5.05 5.05 5.05 5.05 5.05 5.05 5.05 5.05 4.93 4.93 4.93 4.93 4.93 4.93 4.93 4.93 4.93 4.93 4.93 4.93 4.93 4.93 4.93 4.93 4.90 4.90 4.90 4.90 4.90 4.90 4.90 4.90 4.90 4.90 4.90 4.90 4.90 4.90 4.90 4.90 5.01 5.01 5.01 5.01 5.01 5.01 6.24 6.24 6.24 6.24 6.24 6.24 6.24 6.24 6.24 6.24 6.27 6.27 6.27 6.27 6.27 6.27 6.27 6.27 6.27 6.27 6.27 6.27 6.27 6.27 6.27 6.27
6.19 4.98 4.98 4.98 5.05 5.05 5.05 5.05 5.05 5.05 5.05 5.05 5.05 5.05 5.05 5.05 5.05 5.05 5.05 5.05 4.93 4.93 4.93 4.93 4.93 4.93 4.93 4.93 4.93 4.93 4.93 4.93 4.93 4.93 4.93 4.93 4.90 4.90 4.90 4.90 4.90 4.90 4.90 4.90 4.90 4.90 4.90 4.90 4.90 4.90 4.90 4.90 5.01 5.01 5.01 5.01 5.01 5.01 5.01 6.24 6.24 6.24 6.24 6.24 6.24 6.24 6.24 6.24 6.27 6.27 6.27 6.27 6.27 6.27 6.27 6.27 6.27 6.27 6.27 6.27 6.27 6.27 6.27 6.27
6.19 4.98 4.98 4.98 5.05 5.05 5.05 5.05 5.05 5.05 5.05 5.05 5.05 5.05 5.05 5.05 5.05 5.05 5.05 5.05 4.93 4.93 4.93 4.93 4.93 4.93 4.93 4.93 4.93 4.93 4.93 4.93 4.93 4.93 4.93 4.93 4.90 4.90 4.90 4.90 4.90 4.90 4.90 4.90 4.90 4.90 4.90 4.90 4.90 4.90 4.90 4.90 5.01 5.01 5.01 5.01 5.01 5.01 5.01 5.01 5.01 6.24 6.24 6.24 6.24 6.24 6.24 6.24 6.27 6.27 6.27 6.27 6.27 6.27 6.27 6.27 6.27 6.27 6.27 6.27 6.27 6.27 6.27 6.27
6.19 6.19 4.98 4.98 5.05 5.05 5.05 5.05 5.05 5.05 5.05 5.05 5.05 5.05 5.05 5.05 5.05 5.05 5.05 5.05 4.93 4.93 4.93 4.93 4.93 4.93 4.93 4.93 4.93 4.93 4.93 4.93 4.93 4.93 4.93 4.93 4.90 4.90 4.90 4.90 4.90 4.90 4.90 4.90 4.90 4.90 4.90 4.90 4.90 4.90 4.90 4.90 5.01 5.01 5.01 5.01 5.01 5.01 5.01 5.01 5.01 5.01 6.24 6.24 6.24 6.24 6.24 6.24 6.27 6.27 6.27 6.27 6.27 6.27 6.27 6.27 6.27 6.27 6.27 6.27 6.27 6.27 6.27 6.27
6.19 6.19 4.98 4.98 5.05 5.05 5.05 5.05 5.05 5.05 5.05 5.05 5.05 5.05 5.05 5.05 5.05 5.05 5.05 5.05 4.93 4.93 4.93 4.93 4.93 4.93 4.93 4.93 4.93 4.93 4.93 4.93 4.93 4.93 4.93 4.93 4.90 4.90 4.90 4.90 4.90 4.90 4.90 4.90 4.90 4.90 4.90 4.90 4.90 4.90 4.90 4.90 5.01 5.01 5.01 5.01 5.01 5.01 5.01 5.01 5.01 5.01 5.01 5.01 6.24 6.24 6.24 6.24 6.27 6.27 6.27 6.27 6.27 6.27 6.27 6.27 6.27 6.27 6.27 6.27 6.27 6.27 6.27 6.27
6.80 6.80 5.47 5.47 5.29 5.29 5.29 5.29 5.29 5.29 5.29 5.29 5.29 5.29 5.29 5.29 5.29 5.29 5.29 5.29 4.83 4.83 4.83 4.83 4.83 4.83 4.83 4.83 4.83 4.83 4.83 4.83 4.83 4.83 4.83 4.83 4.64 4.64 4.64 4.64 4.64 4.64 4.64 4.64 4.64 4.64 4.64 4.64 4.64 4.64 4.64 4.64 4.60 4.60 4.60 4.60 4.60 4.60 4.60 4.60 4.60 4.60 4.60 4.60 4.60 5.72 5.72 5.72 5.53 5.53 5.53 5.53 5.53 5.53 5.53 5.53 5.53 5.53 5.53 5.53 5.53 5.53 5.53 5.53
6.80 6.80 6.80 5.47 5.29 5.29 5.29 5.29 5.29 5.29 5.29 5.29 5.29 5.29 5.29 5.29 5.29 5.29 5.29 5.29 4.83 4.83 4.83 4.83 4.83 4.83 4.83 4.83 4.83 4.83 4.83 4.83 4.83 4.83 4.83 4.83 4.64 4.64 4.64 4.64 4.64 4.64 4.64 4.64 4.64 4.64 4.64 4.64 4.64 4.64 4.64 4.64 4.60 4.60 4.60 4.60 4.60 4.60 4.60 4.60 4.60 4.60 4.60 4.60 4.60 4.60 5.72 5.72 5.53 5.53 5.53 5.53 5.53 5.53 5.53 5.53 5.53 5.53 5.53 5.53 5.53 5.53 5.53 5.53
6.80 6.80 6.80 5.47 5.29 5.29 5.29 5.29 5.29 5.29 5.29 5.29 5.29 5.29 5.29 5.29 5.29 5.29 5.29 5.29 4.83 4.83 4.83 4.83 4.83 4.83 4.83 4.83 4.83 4.83 4.83 4.83 4.83 4.83 4.83 4.83 4.64 4.64 4.64 4.64 4.64 4.64 4.64 4.64 4.64 4.64 4.64 4.64 4.64 4.64 4.64 4.64 4.60 4.60 4.60 4.60 4.60 4.60 4.60 4.60 4.60 4.60 4.60 4.60 4.60 4.60 4.60 4.60 5.53 5.53 5.53 5.53 5.53 5.53 5.53 5.53 5.53 5.53 5.53 5.53 5.53 5.53 5.53 5.53
6.80 6.80 6.80 6.80 5.29 5.29 5.29 5.29 5.29 5.29 5.29 5.29 5.29 5.29 5.29 5.29 5.29 5.29 5.29 5.29 4.83 4.83 4.83 4.83 4.83 4.83 4.83 4.83 4.83 4.83 4.83 4.83 4.83 4.83 4.83 4.83 4.64 4.64 4.64 4.64 4.64 4.64 4.64 4.64 4.64 4.64 4.64 4.64 4.64 4.64 4.64 4.64 4.60 4.60 4.60 4.60 4.60 4.60 4.60 4.60 4.60 4.60 4.60 4.60 4.60 4.60 4.60 4.60 4.44 5.53 5.53 5.53 5.53 5.53 5.53 5.53 5.53 5.53 5.53 5.53 5.53 5.53 5.53 5.53
6.80 6.80 6.80 6.80 5.29 5.29 5.29 5.29 5.29 5.29 5.29 5.29 5.29 5.29 5.29 5.29 5.29 5.29 5.29 5.29 4.83 4.83 4.83 4.83 4.83 4.83 4.83 4.83 4.83 4.83 4.83 4.83 4.83 4.83 4.83 4.83 4.64 4.64 4.64 4.64 4.64 4.64 4.64 4.64 4.64 4.64 4.64 4.64 4.64 4.64 4.64 4.64 4.60 4.60 4.60 4.60 4.60 4.60 4.60 4.60 4.60 4.60 4.60 4.60 4.60 4.60 4.60 4.60 4.44 4.44 4.44 5.53 5.53 5.53 5.53 5.53 5.53 5.53 5.53 5.53 5.53 5.53 5.53 5.53
6.80 6.80 6.80 6.80 5.29 5.29 5.29 5.29 5.29 5.29 5.29 5.29 5.29 5.29 5.29 5.29 5.29 5.29 5.29 5.29 4.83 4.83 4.83 4.83 4.83 4.83 4.83 4.83 4.83 4.83 4.83 4.83 4.83 4.83 4.83 4.83 4.64 4.64 4.64 4.64 4.64 4.64 4.64 4.64 4.64 4.64 4.64 4.64 4.64 4.64 4.64 4.64 4.60 4.60 4.60 4.60 4.60 4.60 4.60 4.60 4.60 4.60 4.60 4.60 4.60 4.60 4.60 4.60 4.44 4.44 4.44 4.44 5.53 5.53 5.53 5.53 5.53 5.53 5.53 5.53 5.53 5.53 5.53 5.53
6.80 6.80 6.80 6.80 6.57 5.29 5.29 5.29 5.29 5.29 5.29 5.29 5.29 5.29 5.29 5.29 5.29 5.29 5.29 5.29 4.83 4.83 4.83 4.83 4.83 4.83 4.83 4.83 4.83 4.83 4.83 4.83 4.83 4.83 4.83 4.83 4.64 4.64 4.64 4.64 4.64 4.64 4.64 4.64 4.64 4.64 4.64 4.64 4.64 4.64 4.64 4.64 4.60 4.60 4.60 4.60 4.60 4.60 4.60 4.60 4.60 4.60 4.60 4.60 4.60 4.60 4.60 4.60 4.44 4.44 4.44 4.44 4.44 4.44 5.53 5.53 5.53 5.53 5.53 5.53 5.53 5.53 5.53 5.53
6.80 6.80 6.80 6.80 6.57 5.29 5.29 5.29 5.29 5.29 5.29 5.29 5.29 5.29 5.29 5.29 5.29 5.29 5.29 5.29 4.83 4.83 4.83 4.83 4.83 4.83 4.83 4.83 4.83 4.83 4.83 4.83 4.83 4.83 4.83 4.83 4.64 4.64 4.64 4.64 4.64 4.64 4.64 4.64 4.64 4.64 4.64 4.64 4.64 4.64 4.64 4.64 4.60 4.60 4.60 4.60 4.60 4.60 4.60 4.60 4.60 4.60 4.60 4.60 4.60 4.60 4.60 4.60 4.44 4.44 4.44 4.44 4.44 4.44 4.44 5.53 5.53 5.53 5.53 5.53 5.53 5.53 5.53 5.53
6.80 6.80 6.80 6.80 6.57 6.57 5.29 5.29 5.29 5.29 5.29 5.29 5.29 5.29 5.29 5.29 5.29 5.29 5.29 5.29 4.83 4.83 4.83 4.83 4.83 4.83 4.83 4.83 4.83 4.83 4.83 4.83 4.83 4.83 4.83 4.83 4.64 4.64 4.64 4.64 4.64 4.64 4.64 4.64 4.64 4.64 4.64 4.64 4.64 4.64 4.64 4.64 4.60 4.60 4.60 4.60 4.60 4.60 4.60 4.60 4.60 4.60 4.60 4.60 4.60 4.60 4.60 4.60 4.44 4.44 4.44 4.44 4.44 4.44 4.44 5.53 5.53 5.53 5.53 5.53 5.53 5.53 5.53 5.53
6.80 6.80 6.80 6.80 6.57 6.57 5.29 5.29 5.29 5.29 5.29 5.29 5.29 5.29 5.29 5.29 5.29 5.29 5.29 5.29 4.83 4.83 4.83 4.83 4.83 4.83 4.83 4.83 4.83 4.83 4.83 4.83 4.83 4.83 4.83 4.83 4.64 4.64 4.64 4.64 4.64 4.64 4.64 4.64 4.64 4.64 4.64 4.64 4.64 4.64 4.64 4.64 4.60 4.60 4.60 4.60 4.60 4.60 4.60 4.60 4.60 4.60 4.60 4.60 4.60 4.60 4.60 4.60 4.44 4.44 4.44 4.44 4.44 4.44 5.53 5.53 5.53 5.53 5.53 5.53 5.53 5.53 5.53 5.53
6.80 6.80 6.80 6.80 6.57 6.57 5.29 5.29 5.29 5.29 5.29 5.29 5.29 5.29 5.29 5.29 5.29 5.29 5.29 5.29 4.83 4.83 4.83 4.83 4.83 4.83 4.83 4.83 4.83 4.83 4.83 4.83 4.83 4.83 4.83 4.83 4.64 4.64 4.64 4.64 4.64 4.64 4.64 4.64 4.64 4.64 4.64 4.64 4.64 4.64 4.64 4.64 4.60 4.60 4.60 4.60 4.60 4.60 4.60 4.60 4.60 4.60 4.60 4.60 4.60 4.60 4.60 4.60 4.44 4.44 4.44 4.44 4.44 5.53 5.53 5.53 5.53 5.53 5.53 0.00 5.53 5.53 5.53 5.53
6.80 6.80 6.80 6.80 6.57 6.57 6.57 5.29 5.29 5.29 5.29 5.29 5.29 5.29 5.29 5.29 5.29 5.29 5.29 5.29 4.83 4.83 4.83 4.83 4.83 4.83 4.83 4.83 4.83 4.83 4.83 4.83 4.83 4.83 4.83 4.83 4.64 4.64 4.64 4.64 4.64 4.64 4.64 4.64 4.64 4.64 4.64 4.64 4.64 4.64 4.64 4.64 4.60 4.60 4.60 4.60 4.60 4.60 4.60 4.60 4.60 4.60 4.60 4.60 4.60 4.60 4.60 4.60 4.44 4.44 4.44 4.44 5.53 5.53 5.53 5.53 5.53 5.53 5.53 0.00 0.00 0.00 5.53 5.53
6.80 6.80 6.80 6.80 6.57 6.57 6.57 5.29 5.29 5.29 5.29 5.29 5.29 5.29 5.29 5.29 5.29 5.29 5.29 5.29 4.83 4.83 4.83 4.83 4.83 4.83 4.83 4.83 4.83 4.83 4.83 4.83 4.83 4.83 4.83 4.83 4.64 4.64 4.64 4.64 4.64 4.64 4.64 4.64 4.64 4.64 4.64 4.64 4.64 4.64 4.64 4.64 4.60 4.60 4.60 4.60 4.60 4.60 4.60 4.60 4.60 4.60 4.60 4.60 4.60 4.60 4.60 4.60 4.44 4.44 4.44 5.53 5.53 5.53 5.53 5.53 5.53 5.53 0.00 0.00 0.00 0.00 0.00 5.53
6.80 6.80 6.80 6.80 6.57 6.57 6.57 6.57 5.29 5.29 5.29 5.29 5.29 5.29 5.29 5.29 5.29 5.29 5.29 5.29 4.83 4.83 4.83 4.83 4.83 4.83 4.83 4.83 4.83 4.83 4.83 4.83 4.83 4.83 4.83 4.83 4.64 4.64 4.64 4.64 4.64 4.64 4.64 4.64 4.64 4.64 4.64 4.64 4.64 4.64 4.64 4.64 4.60 4.60 4.60 4.60 4.60 4.60 4.60 4.60 4.60 4.60 4.60 4.60 4.60 4.60 4.60 4.60 4.44 4.44 5.53 5.53 5.53 5.53 5.53 5.53 5.53 5.53 0.00 0.00 0.00 0.00 0.00 0.00
6.80 6.80 6.80 6.80 6.57 6.57 6.57 6.57 5.29 5.29 5.29 5.29 5.29 5.29 5.29 5.29 5.29 5.29 5.29 5.29 4.83 4.83 4.83 4.83 4.83 4.83 4.83 4.83 4.83 4.83 4.83 4.83 4.83 4.83 4.83 4.83 4.64 4.64 4.64 4.64 4.64 4.64 4.64 4.64 4.64 4.64 4.64 4.64 4.64 4.64 4.64 4.64 4.60 4.60 4.60 4.60 4.60 4.60 4.60 4.60 4.60 4.60 4.60 4.60 4.60 4.60 4.60 4.60 4.44 5.53 5.53 5.53 5.53 5.53 5.53 5.53 5.53 5.53 0.00 0.00 0.00 0.00 0.00 0.00
6.80 6.80 6.80 6.80 6.57 6.57 6.57 6.57 5.29 5.29 5.29 5.29 5.29 5.29 5.29 5.29 5.29 5.29 5.29 5.29 4.83 4.83 4.83 4.83 4.83 4.83 4.83 4.83 4.83 4.83 4.83 4.83 4.83 4.83 4.83 4.83 4.64 4.64 4.64 4.64 4.64 4.64 4.64 4.64 4.64 4.64 4.64 4.64 4.64 4.64 4.64 4.64 4.60 4.60 4.60 4.60 4.60 4.60 4.60 4.60 4.60 4.60 4.60 4.60 4.60 4.60 4.60 4.60 5.53 5.53 5.53 5.53 5.53 5.53 5.53 5.53 5.53 5.53 5.53 0.00 0.00 0.00 0.00 0.00
6.89 6.89 6.89 6.89 6.40 6.40 6.40 6.40 6.40 5.15 5.15 5.15 5.15 5.15 5.15 5.15 5.15 5.15 5.15 5.15 4.55 4.55 4.55 4.55 4.55 4.55 4.55 4.55 4.55 4.55 4.55 4.55 4.55 4.55 4.55 4.55 4.27 4.27 4.27 4.27 4.27 4.27 4.27 4.27 4.27 4.27 4.27 4.27 4.27 4.27 4.27 4.27 4.08 4.08 4.08 4.08 4.08 4.08 4.08 4.08 4.08 4.08 4.08 4.08 4.08 4.08 4.08 5.08 4.88 4.88 4.88 4.88 4.88 4.88 4.88 4.88 4.88 4.88 4.88 0.00 0.00 0.00 0.00 0.00
6.89 6.89 6.89 6.89 6.40 6.40 6.40 6.40 6.40 5.15 5.15 5.15 5.15 5.15 5.15 5.15 5.15 5.15 5.15 5.15 4.55 4.55 4.55 4.55 4.55 4.55 4.55 4.55 4.55 4.55 4.55 4.55 4.55 4.55 4.55 4.55 4.27 4.27 4.27 4.27 4.27 4.27 4.27 4.27 4.27 4.27 4.27 4.27 4.27 4.27 4.27 4.27 4.08 4.08 4.08 4.08 4.08 4.08 4.08 4.08 4.08 4.08 4.08 4.08 4.08 4.08 5.08 5.08 4.88 4.88 4.88 4.88 4.88 4.88 4.88 4.88 4.88 4.88 0.00 0.00 0.00 0.00 0.00 0.00
