New_Model_Runs/7_FutureClimate_RCP85_out/post_prcessed_with_MFR/Monthly_summaries/runoff_monthly_JUL.asc
NCOLS 700
NROWS 400
XLLCENTER 515000.000000
YLLCENTER 8409000.000000
CELLSIZE 50.000000
NODATA_value -999.000000
[rows 152 to 189 of 400, columns 252 to 335 of 700]
0.00 0.00 0.00 0.00 0.00 0.00 0.00 0.00 0.00 0.00 0.00 0.00 0.00 0.00 0.00 0.00 0.00 0.00 0.00 0.00 0.00 0.00 0.00 0.00 0.00 0.00 0.00 0.00 0.00 0.00 0.00 0.00 0.00 0.00 0.00 0.00 0.00 0.00 0.00 0.00 0.00 0.00 0.00 0.00 0.00 0.00 0.00 0.43 0.42 0.55 0.42 0.42 0.47 0.47 0.47 0.47 0.60 0.46 0.46 0.46 0.46 0.46 0.46 0.46 0.48 0.48 0.48 0.48 0.55 0.55 0.55 0.55 0.56 0.56 0.08 0.13 0.01 0.05 0.05 0.05 0.06 0.05 0.05 0.06
0.00 0.00 0.00 0.00 0.00 0.00 0.00 0.00 0.00 0.00 0.00 0.00 0.00 0.00 0.00 0.00 0.00 0.00 0.00 0.00 0.00 0.00 0.00 0.00 0.00 0.00 0.00 0.00 0.00 0.00 0.00 0.00 0.00 0.00 0.00 0.00 0.00 0.00 0.00 0.00 0.00 0.00 0.00 0.00 0.00 0.00 0.43 0.43 0.42 0.42 0.42 0.42 0.47 0.47 0.47 0.47 0.46 0.46 0.46 0.46 0.46 0.46 0.46 0.46 0.48 0.48 0.48 0.48 0.55 0.55 0.09 0.55 0.08 0.08 0.05 0.05 0.35 0.09 0.05 0.05 0.05 0.03 0.13 0.13
0.00 0.00 0.00 0.00 0.00 0.00 0.00 0.00 0.00 0.00 0.00 0.00 0.00 0.00 0.00 0.00 0.00 0.00 0.00 0.00 0.00 0.00 0.00 0.00 0.00 0.00 0.00 0.00 0.00 0.00 0.00 0.00 0.00 0.00 0.00 0.00 0.00 0.00 0.00 0.00 0.00 0.00 0.00 0.00 0.00 0.57 0.43 0.43 0.42 0.42 0.42 0.42 0.47 0.47 0.47 0.47 0.46 0.46 0.46 0.46 0.46 0.46 0.46 0.46 0.48 0.48 0.48 0.48 0.55 0.09 0.09 0.03 0.02 0.35 0.05 0.05 0.35 0.05 0.05 0.03 0.08 0.64 0.13 0.13
0.00 0.00 0.00 0.00 0.00 0.00 0.00 0.00 0.00 0.00 0.00 0.00 0.00 0.00 0.00 0.00 0.00 0.00 0.00 0.00 0.00 0.00 0.00 0.00 0.00 0.00 0.00 0.00 0.00 0.00 0.00 0.00 0.00 0.00 0.00 0.00 0.00 0.00 0.00 0.00 0.00 0.00 0.00 0.00 0.00 0.43 0.43 0.43 0.42 0.42 0.42 0.42 0.47 0.47 0.47 0.47 0.46 0.46 0.46 0.46 0.46 0.46 0.46 0.46 0.48 0.48 0.48 0.48 0.55 0.09 0.09 0.09 0.02 0.02 0.05 0.35 0.05 0.05 0.09 0.13 0.56 0.56 0.08 0.17
0.00 0.00 0.00 0.00 0.00 0.00 0.00 0.00 0.00 0.00 0.00 0.00 0.00 0.00 0.00 0.00 0.00 0.00 0.00 0.00 0.00 0.00 0.00 0.00 0.00 0.00 0.00 0.00 0.00 0.00 0.00 0.00 0.00 0.00 0.00 0.00 0.00 0.00 0.00 0.00 0.00 0.00 0.00 0.00 1.11 0.43 0.43 0.43 0.43 0.43 0.43 0.43 0.48 0.48 0.48 0.48 0.48 0.48 0.48 0.48 0.48 0.48 0.48 0.48 0.48 0.48 0.64 0.48 0.71 0.09 0.09 0.09 0.09 0.09 0.09 0.35 0.05 0.56 0.13 0.13 0.55 0.08 0.08 0.55
0.00 0.00 0.00 0.00 0.00 0.00 0.00 0.00 0.00 0.00 0.00 0.00 0.00 0.00 0.00 0.00 0.00 0.00 0.00 0.00 0.00 0.00 0.00 0.00 0.00 0.00 0.00 0.00 0.00 0.00 0.00 0.00 0.00 0.00 0.00 0.00 0.00 0.00 0.00 0.00 0.00 0.00 0.00 0.00 0.20 0.43 0.43 0.43 0.43 0.43 0.43 0.43 0.48 0.48 0.48 0.48 0.48 0.48 0.48 0.48 0.48 0.48 0.48 0.63 0.48 0.48 0.48 0.48 0.54 0.54 0.09 0.02 0.09 0.09 0.05 0.01 0.02 0.09 0.08 0.56 0.08 0.08 0.55 0.55
0.00 0.00 0.00 0.00 0.00 0.00 0.00 0.00 0.00 0.00 0.00 0.00 0.00 0.00 0.00 0.00 0.00 0.00 0.00 0.00 0.00 0.00 0.00 0.00 0.00 0.00 0.00 0.35 0.00 0.00 0.00 0.00 0.00 0.00 0.00 0.00 0.00 0.00 0.00 0.00 0.00 0.00 0.00 0.00 0.43 0.43 0.43 0.43 0.43 0.43 0.43 0.43 0.48 0.48 0.48 0.48 0.48 0.48 0.48 0.48 0.48 0.48 0.48 0.48 0.48 0.48 0.48 0.48 0.54 0.54 0.09 0.02 0.03 0.05 0.05 0.05 0.05 0.09 0.56 0.56 0.55 0.55 0.55 0.55
0.00 0.00 0.00 0.00 0.00 0.00 0.00 0.00 0.00 0.00 0.00 0.00 0.00 0.00 0.00 0.00 0.00 0.00 0.00 0.00 0.00 0.00 0.00 0.00 0.00 0.00 0.45 0.35 0.00 0.00 0.00 0.00 0.00 0.00 0.00 0.00 0.00 0.00 0.00 0.00 0.00 0.00 0.00 0.00 0.00 0.00 0.43 0.43 0.43 0.43 0.43 0.43 0.48 0.48 0.48 0.48 0.48 0.48 0.48 0.48 0.48 0.80 0.48 0.48 0.48 0.48 0.48 0.48 0.54 0.54 0.09 0.03 0.03 0.05 0.35 0.05 0.05 0.02 0.02 0.56 0.55 0.55 0.55 0.55
0.00 0.00 0.00 0.00 0.00 0.00 0.00 0.00 0.00 0.00 0.00 0.00 0.00 0.00 0.00 0.00 0.00 0.00 0.00 0.00 0.00 0.00 0.00 0.00 0.00 0.35 0.35 0.35 0.34 0.00 0.00 0.00 0.00 0.00 0.00 0.00 0.00 0.00 0.00 0.00 0.00 0.00 0.00 0.00 0.00 0.00 0.00 0.00 0.44 0.44 0.44 0.44 0.50 0.50 0.50 0.50 0.50 0.50 0.50 0.50 0.49 0.49 0.49 0.49 0.48 0.48 0.48 0.48 0.54 0.54 0.02 0.02 0.05 0.05 0.35 0.35 0.03 0.03 0.09 0.56 0.55 0.55 0.55 0.55
0.00 0.00 0.00 0.00 0.00 0.00 0.00 0.00 0.00 0.00 0.00 0.00 0.00 0.00 0.00 0.00 0.00 0.00 0.00 0.00 0.00 0.00 0.00 0.00 0.00 0.35 0.35 0.35 0.34 0.34 0.34 0.00 0.00 0.00 0.00 0.00 0.00 0.00 0.00 0.00 0.00 0.00 0.00 0.00 0.00 0.00 0.00 0.00 0.00 0.00 0.00 0.76 0.67 0.50 0.50 0.50 0.50 0.50 0.50 0.50 0.49 0.49 0.49 0.49 0.07 0.48 0.48 0.48 0.54 0.03 0.03 0.05 0.35 0.35 0.05 0.01 0.03 0.03 0.03 0.09 0.55 0.55 0.55 0.55
0.00 0.00 0.00 0.00 0.00 0.00 0.00 0.00 0.00 0.00 0.00 0.00 0.00 0.00 0.00 0.00 0.00 0.00 0.00 0.00 0.00 0.00 0.00 0.00 0.00 0.47 0.62 0.47 0.47 0.47 0.47 0.00 0.00 0.00 0.00 0.00 0.00 0.00 0.00 0.00 0.00 0.00 0.00 0.00 0.00 0.00 0.00 0.00 0.00 0.00 0.01 0.58 0.63 0.63 0.63 0.63 0.63 0.63 0.63 0.63 0.10 0.62 0.62 0.10 0.10 0.61 0.61 0.61 0.19 0.05 0.05 0.05 0.05 0.04 0.05 0.05 0.08 0.02 0.05 0.13 0.73 0.73 0.73 0.73
0.00 0.00 0.00 0.00 0.00 0.00 0.00 0.00 0.00 0.00 0.00 0.00 0.00 0.00 0.00 0.00 0.00 0.00 0.00 0.00 0.00 0.00 0.00 0.00 0.47 0.47 0.47 0.47 0.47 0.61 0.47 0.47 0.47 0.47 0.47 0.47 0.00 0.00 0.00 0.00 0.00 0.00 0.00 0.00 0.00 0.00 0.00 0.00 0.00 0.00 0.38 0.58 0.63 0.63 0.63 0.63 0.63 0.63 0.63 0.10 0.10 0.17 0.10 0.10 0.61 0.90 0.82 0.61 0.72 0.19 0.05 0.04 0.05 0.04 0.04 0.08 0.08 0.08 0.08 0.15 0.73 1.00 0.73 0.73
0.00 0.00 0.00 0.00 0.00 0.00 0.00 0.00 0.00 0.00 0.00 0.00 0.00 0.00 0.00 0.00 0.00 0.00 0.00 0.00 0.00 0.00 0.48 0.48 0.61 0.46 0.46 0.46 0.45 0.45 0.45 0.14 0.47 0.47 0.47 0.47 0.57 8.46 0.00 0.00 0.00 0.00 0.00 0.00 0.00 0.00 0.00 0.00 0.00 0.00 0.00 0.01 0.07 0.41 0.04 0.03 0.11 0.11 0.11 0.11 0.11 0.11 0.11 0.63 0.61 0.61 0.10 0.61 0.71 0.71 0.19 0.12 0.08 0.08 0.19 0.10 0.08 0.13 0.04 0.13 0.12 0.73 0.73 0.73
0.00 0.00 0.00 0.00 0.00 0.00 0.00 0.00 0.00 0.00 0.00 0.00 0.00 0.00 0.00 0.00 0.00 0.00 0.00 0.00 0.48 0.48 0.48 0.48 0.46 0.46 0.46 0.46 0.45 0.60 0.45 0.60 0.91 0.08 0.91 0.47 0.57 0.57 0.57 8.55 0.00 0.00 0.00 0.00 0.00 0.00 0.00 0.00 0.00 0.00 0.00 0.38 0.41 0.02 0.07 0.07 0.07 0.04 0.11 0.11 0.11 0.11 0.11 0.63 0.61 0.61 0.61 0.61 0.71 0.71 0.71 0.12 0.19 0.12 0.19 0.02 0.12 0.74 0.74 0.74 0.30 0.73 0.73 0.73
0.00 0.00 0.00 0.00 0.00 0.00 0.00 0.00 0.00 0.00 0.00 0.00 0.00 0.00 0.00 0.00 0.80 0.39 0.00 7.72 0.48 0.48 0.48 0.48 0.61 0.61 0.46 0.46 0.60 0.45 0.45 0.60 0.47 0.07 0.47 0.47 0.57 0.17 0.09 0.09 0.18 0.00 0.00 0.00 0.00 0.00 0.00 0.00 0.00 0.00 0.00 0.38 0.41 0.02 0.02 0.07 0.04 0.04 0.11 0.11 0.11 0.19 0.85 0.63 0.61 0.61 0.82 0.61 0.71 0.96 0.71 0.71 0.12 0.12 0.19 0.08 1.01 0.74 0.74 0.74 0.73 0.73 0.73 0.73
0.00 0.00 0.00 0.00 0.00 0.00 0.00 0.00 0.00 0.00 0.00 0.00 0.00 0.00 0.00 0.00 0.39 0.39 0.39 0.39 0.48 0.63 0.64 0.48 0.46 0.46 0.46 0.46 0.45 0.45 0.45 0.45 0.47 0.47 0.47 0.47 0.57 0.57 0.57 0.09 0.58 0.00 0.00 0.00 0.00 0.00 0.00 0.00 0.00 0.00 0.00 0.01 0.41 0.41 0.02 0.02 0.03 0.10 0.10 0.65 0.63 0.63 0.63 0.63 0.61 0.61 0.82 0.61 0.71 0.71 0.71 0.71 0.12 0.12 0.19 0.73 0.74 0.74 0.74 0.74 0.73 0.73 1.00 0.73
0.00 0.00 0.00 0.00 0.00 0.00 0.00 0.00 0.00 0.00 0.00 0.00 0.00 0.80 0.39 0.39 0.38 0.38 0.38 0.38 0.47 0.47 0.47 0.47 0.45 0.45 0.45 0.45 0.59 0.45 0.45 0.45 0.48 0.48 0.48 0.48 0.59 0.59 0.59 0.59 0.60 0.00 0.00 0.00 0.00 0.00 0.00 0.00 0.00 0.00 0.53 0.38 0.52 0.41 0.07 0.03 0.03 0.10 0.66 0.66 0.64 0.64 0.64 0.64 0.62 0.62 0.62 0.62 0.69 0.69 0.69 0.69 0.20 0.12 0.12 0.71 0.73 0.73 0.73 0.73 0.73 0.73 0.73 0.73
0.00 0.00 0.00 0.00 0.00 0.00 0.00 0.00 0.00 0.00 0.00 0.00 0.80 0.39 0.39 0.39 0.38 0.38 0.38 0.38 0.47 0.47 0.47 0.47 0.82 0.64 0.45 0.45 0.45 0.45 0.45 0.45 0.48 0.48 0.48 0.48 1.05 0.10 0.10 0.06 8.46 0.00 0.00 0.00 0.00 0.00 0.00 0.00 0.00 0.38 0.61 0.61 0.10 0.41 0.07 0.07 0.03 0.10 0.16 0.66 0.10 0.20 0.64 0.64 0.62 0.62 0.62 0.62 0.69 0.69 0.69 0.69 0.71 0.71 0.12 0.71 0.73 0.73 0.73 0.73 0.73 0.99 0.73 0.98
0.00 0.00 0.00 0.00 0.00 0.00 0.00 0.00 0.00 0.00 0.00 0.00 0.39 0.39 0.39 0.39 0.38 0.38 0.38 0.38 0.47 0.47 0.47 0.47 0.59 0.45 0.59 0.45 0.45 0.45 0.45 0.45 0.48 0.48 0.48 0.48 1.05 0.03 0.10 0.38 0.06 0.00 0.00 0.00 0.00 0.00 0.00 0.00 0.38 0.61 0.61 0.61 0.10 0.16 0.04 0.07 0.04 0.03 0.03 0.03 0.10 0.64 0.64 0.64 0.62 0.62 0.62 0.62 0.69 0.69 0.69 0.69 0.71 0.71 0.71 0.71 0.73 0.73 0.73 0.73 0.73 0.73 0.73 0.73
0.00 0.00 0.00 0.00 0.00 0.00 0.00 0.00 0.00 0.00 0.00 0.80 0.39 0.39 0.39 0.39 0.38 0.38 0.50 0.38 0.47 0.47 0.47 0.47 0.45 0.45 0.45 0.45 0.45 0.45 0.45 0.45 0.48 0.48 0.91 0.48 0.10 0.03 0.10 0.51 0.01 0.01 0.00 0.00 0.00 0.00 0.00 0.38 0.10 0.61 0.61 0.61 0.65 0.10 0.06 0.07 0.07 0.07 0.02 0.41 0.11 0.10 0.64 0.86 0.62 0.62 0.62 1.00 1.04 0.69 0.69 0.69 0.71 0.71 0.71 1.36 0.73 0.73 0.73 0.73 0.73 0.73 0.73 0.73
0.00 0.00 0.00 0.00 0.00 0.00 0.00 0.00 0.00 0.00 0.39 0.39 0.50 0.38 0.38 0.38 0.37 0.48 0.37 0.37 0.45 0.45 0.45 0.45 0.45 0.45 0.45 0.45 0.48 0.48 0.48 0.48 0.50 0.50 0.50 0.50 0.61 0.03 0.18 1.05 0.01 0.38 0.38 0.38 0.00 0.38 0.38 0.38 0.01 0.61 0.61 0.61 0.65 0.65 0.03 0.02 0.04 0.03 0.08 0.03 0.10 0.10 0.87 0.65 0.63 0.63 0.63 0.86 0.68 0.93 0.68 0.68 0.93 0.69 0.93 0.94 0.71 0.71 0.71 0.71 0.71 0.71 0.71 0.71
0.00 0.00 0.00 0.00 0.00 0.00 0.00 0.00 0.00 0.00 0.10 0.09 0.38 0.38 0.50 0.38 0.37 0.37 0.37 0.37 0.45 0.45 0.45 0.45 0.45 0.45 0.45 0.45 0.48 0.48 0.48 0.48 0.50 0.50 0.50 0.50 0.61 0.10 0.03 0.18 0.08 0.38 0.38 0.38 0.38 0.47 0.38 0.02 0.10 0.10 0.61 0.61 0.65 0.65 0.65 0.16 0.03 0.03 0.11 0.11 0.11 0.10 0.65 0.65 0.63 0.84 0.63 0.63 0.68 0.68 0.68 0.68 0.69 0.69 0.69 0.69 0.71 0.71 0.71 0.71 0.71 0.71 0.71 0.71
0.00 0.00 0.00 0.00 0.00 0.00 0.00 0.00 0.00 0.00 0.00 0.09 0.09 0.38 0.38 0.38 0.37 0.37 0.37 0.37 0.45 0.45 0.45 0.45 0.45 0.45 0.45 0.45 0.48 0.48 0.48 0.48 0.50 0.50 0.50 0.50 0.61 0.61 0.10 0.22 0.51 0.06 0.38 0.38 0.51 0.38 0.02 0.02 0.03 0.03 0.14 0.14 0.65 0.65 0.65 0.65 0.10 0.10 0.03 0.11 0.11 0.65 0.65 0.65 0.63 0.63 0.63 0.63 0.68 0.68 0.68 0.68 0.69 0.69 0.69 0.69 0.71 0.71 0.71 0.71 0.71 0.71 0.71 0.71
0.00 0.00 0.00 0.00 0.00 0.00 0.00 0.00 0.00 0.00 0.00 0.09 0.09 0.09 0.09 0.38 0.37 0.37 0.37 0.37 0.45 0.45 0.45 0.45 0.45 0.45 0.45 0.45 0.48 0.48 0.48 0.48 0.50 0.50 0.50 0.50 0.61 0.61 0.10 0.03 0.14 0.06 0.06 0.14 0.14 0.14 0.04 0.02 0.10 0.02 0.03 0.09 0.65 0.65 0.65 0.65 0.65 0.10 0.03 0.03 0.11 0.12 0.65 0.65 0.63 0.63 0.63 0.86 0.68 0.68 0.68 0.68 0.69 0.69 0.69 0.69 0.71 0.71 0.71 0.71 0.71 0.71 0.71 0.71
0.00 0.00 0.00 0.00 0.00 0.00 0.00 0.00 0.00 0.00 0.00 0.09 0.09 0.09 0.09 0.09 0.36 0.36 0.36 0.36 0.58 0.44 0.44 0.44 0.47 0.47 0.07 0.07 0.08 0.08 0.50 0.50 0.51 0.51 0.18 0.08 0.10 0.10 0.10 0.14 0.14 0.06 0.06 0.14 0.09 0.14 0.14 0.02 0.10 0.02 0.02 0.10 0.64 0.64 0.64 0.64 0.64 0.64 0.11 0.11 0.03 0.11 0.11 0.64 0.62 0.62 0.62 0.62 0.67 0.67 0.67 0.67 0.67 0.67 0.67 0.67 0.70 0.70 0.70 0.70 0.70 0.70 0.70 0.70
0.00 0.00 0.00 0.00 0.00 0.00 0.00 0.00 0.00 0.00 0.00 0.09 0.09 0.09 0.09 0.09 0.08 0.47 0.36 0.36 0.61 0.44 0.44 0.44 0.47 0.07 0.07 0.07 0.08 0.08 0.50 0.50 0.51 0.08 0.18 0.08 0.22 0.10 0.03 0.03 0.02 0.02 0.06 0.51 0.09 0.14 0.14 0.61 0.61 0.61 0.10 0.61 0.64 0.64 0.64 0.64 0.64 0.64 0.64 0.64 0.64 0.64 0.64 0.64 0.62 0.62 0.62 0.62 0.67 0.67 0.67 0.67 0.67 0.67 0.67 0.67 0.70 0.70 0.70 0.95 0.70 0.70 0.70 0.70
0.00 0.00 0.00 0.00 0.14 0.00 0.00 0.00 0.00 0.00 0.14 0.14 0.14 0.14 0.14 0.14 0.13 0.13 0.13 0.49 0.52 0.52 0.52 0.52 0.55 0.09 0.09 0.09 0.10 0.11 0.10 0.10 0.10 0.10 0.10 0.03 0.12 0.12 0.04 0.04 0.04 0.03 0.04 0.04 0.04 0.16 0.67 0.67 0.66 0.66 0.66 0.66 0.70 0.70 0.95 0.70 0.69 0.69 0.69 0.69 0.69 0.69 0.69 0.69 0.91 0.67 0.67 0.67 0.92 0.68 0.68 0.68 0.68 0.68 0.68 0.68 0.70 0.70 0.70 0.70 0.70 0.70 0.70 0.70
0.00 0.00 0.00 0.12 0.14 0.14 0.00 0.00 0.00 0.14 0.14 0.14 0.14 0.14 0.14 0.14 0.13 0.13 0.13 0.13 0.52 0.52 0.52 0.52 0.55 0.09 0.09 0.09 0.10 0.10 0.10 0.11 0.10 0.10 0.10 0.61 0.67 0.12 0.04 0.12 0.04 0.03 0.03 0.04 0.03 0.04 0.67 0.67 0.66 0.66 0.66 0.66 0.70 0.70 0.94 0.70 0.69 0.69 0.69 0.93 0.69 0.69 0.69 0.69 0.67 0.67 0.67 0.67 0.68 0.68 0.68 0.68 0.68 0.04 0.68 0.68 0.70 0.70 0.70 0.70 0.70 0.70 0.70 0.70
0.12 0.12 0.12 0.12 0.14 0.14 0.16 0.16 0.14 0.14 0.01 0.14 0.14 0.14 0.14 0.14 0.13 0.15 0.13 0.13 0.15 0.15 0.54 0.54 0.56 0.09 0.09 0.09 0.10 0.11 0.10 0.10 0.10 0.10 0.61 0.61 0.68 0.04 0.04 0.03 0.04 0.04 0.04 0.03 0.04 0.03 0.67 0.91 0.66 0.89 0.89 0.66 0.68 0.68 0.68 0.68 0.66 0.66 0.66 0.66 0.64 0.64 0.64 0.64 0.85 0.63 0.63 0.87 0.90 0.67 0.04 0.04 0.04 0.04 0.68 0.68 0.69 0.69 0.69 0.69 0.70 0.95 0.70 0.70
0.12 0.12 0.12 0.14 0.14 0.14 0.14 0.14 0.14 0.17 0.14 0.14 0.14 0.14 0.14 0.14 0.13 0.13 0.13 0.13 0.15 0.15 0.15 0.54 0.56 0.56 0.09 0.09 0.10 0.10 0.10 0.10 0.61 0.61 0.61 0.61 0.03 0.03 0.04 0.04 0.04 0.04 0.05 0.04 0.04 0.04 0.67 0.67 0.66 0.66 0.66 0.66 0.68 0.68 0.93 1.01 0.89 0.66 0.66 0.66 0.64 0.64 0.64 0.64 0.63 0.63 0.63 0.63 0.67 0.67 0.04 0.67 0.04 0.35 0.68 0.68 0.69 0.69 0.69 0.05 0.70 0.70 0.70 0.35
0.12 0.12 0.13 0.12 0.14 0.14 0.14 0.14 0.14 0.14 0.17 0.14 0.14 0.14 0.14 0.14 0.13 0.13 0.13 0.13 0.15 0.15 0.15 0.15 0.15 0.56 0.09 0.09 0.59 0.59 0.59 0.59 0.61 0.61 0.61 0.10 0.04 0.03 0.04 0.04 0.02 0.16 0.16 0.10 0.04 0.04 0.10 0.67 0.66 0.66 0.66 0.66 0.68 0.68 0.68 0.68 0.66 0.66 0.66 0.66 0.64 0.64 0.64 0.64 0.63 0.63 0.63 0.85 0.67 0.67 0.67 0.67 0.68 0.68 0.68 0.68 0.69 0.69 0.69 0.05 0.70 0.70 0.35 0.44
0.12 0.12 0.12 0.12 0.14 0.14 0.14 0.14 0.14 0.14 0.14 0.14 0.14 0.14 0.14 0.14 0.13 0.13 0.13 0.13 0.15 0.15 0.15 0.15 0.15 0.15 0.56 0.56 0.59 0.59 0.59 0.59 0.61 0.61 0.61 0.10 0.68 0.68 0.15 0.07 0.02 0.68 0.68 0.10 0.16 0.04 0.03 0.67 0.66 0.66 0.66 0.66 0.91 0.68 0.68 0.68 0.66 0.66 0.66 0.66 0.64 0.64 0.64 0.64 0.63 0.63 0.63 0.63 0.67 0.67 0.67 0.67 0.68 0.68 0.68 0.68 0.69 0.69 0.35 0.05 0.70 0.70 0.35 0.35
0.11 0.11 0.13 0.11 0.14 0.14 0.14 0.14 0.14 0.14 0.14 0.14 0.14 0.16 0.14 0.14 0.14 0.14 0.14 0.14 0.15 0.15 0.15 0.15 0.15 0.15 0.15 0.15 0.58 0.58 0.58 0.58 0.61 0.61 0.10 0.12 0.91 0.67 1.14 0.37 0.02 0.92 0.68 0.10 0.10 0.11 0.04 0.11 0.12 0.11 0.64 0.64 0.64 0.64 0.64 0.64 0.62 0.62 0.62 0.62 0.62 0.62 0.62 0.62 0.63 0.63 0.63 0.63 0.69 0.69 0.69 0.69 0.71 0.71 0.71 0.71 0.94 0.69 0.05 0.05 0.35 0.35 0.35 0.35
0.11 0.11 0.11 0.11 0.14 0.16 0.14 0.14 0.14 0.14 0.14 0.14 0.14 0.14 0.14 0.16 0.14 0.14 0.14 0.14 0.15 0.15 0.15 0.15 0.15 0.15 0.15 0.15 0.29 0.58 0.58 0.58 0.61 0.10 0.10 0.61 0.67 0.67 0.67 0.07 0.03 0.12 0.68 0.10 0.10 0.10 0.10 0.11 0.11 0.64 0.64 0.64 0.64 0.64 0.64 0.64 0.62 0.62 0.62 0.62 0.62 0.62 0.62 0.62 0.63 0.63 0.63 0.63 0.69 0.69 0.69 0.69 0.71 0.71 0.71 0.71 0.69 0.94 0.69 0.69 0.35 0.35 0.35 0.35
0.11 0.11 0.11 0.11 0.14 0.14 0.14 0.14 0.14 0.14 0.14 0.14 0.14 0.14 0.14 0.14 0.14 0.14 0.14 0.14 0.15 0.15 0.15 0.17 0.15 0.15 0.15 0.15 0.29 0.29 0.58 0.58 0.81 0.10 0.10 1.18 0.91 0.67 0.12 0.03 0.03 0.04 0.72 0.10 0.67 0.91 0.67 0.67 0.64 0.64 0.64 0.64 0.64 0.64 0.64 0.88 0.62 0.62 0.62 0.62 0.62 0.62 0.62 0.62 0.63 0.63 0.63 0.63 0.69 0.69 0.69 0.69 0.71 0.71 0.71 0.71 0.69 0.69 0.69 0.69 0.35 0.35 0.35 0.35
0.11 0.11 0.11 0.11 0.14 0.18 0.14 0.14 0.14 0.14 0.14 0.14 0.14 0.14 0.14 0.14 0.14 0.14 0.14 0.14 0.15 0.15 0.15 0.15 0.15 0.15 0.15 0.15 0.29 0.29 0.29 0.32 0.61 0.10 0.61 0.84 0.67 0.67 0.12 0.03 0.04 0.03 0.12 0.92 0.67 0.67 0.67 0.67 0.64 0.64 0.87 0.64 0.67 0.04 0.04 0.06 0.62 0.62 0.62 0.62 0.62 0.62 0.62 0.62 0.63 0.63 0.63 0.63 0.69 0.69 0.69 0.69 0.71 0.96 0.71 0.71 0.69 0.69 0.69 0.69 0.35 0.35 0.35 0.35
0.11 0.11 0.11 0.13 0.14 0.14 0.16 0.14 0.14 0.14 0.14 0.16 0.13 0.13 0.13 0.13 0.13 0.13 0.13 0.13 0.15 0.15 0.15 0.15 0.15 0.15 0.15 0.15 0.16 0.21 0.16 0.16 0.29 0.59 0.79 0.59 0.66 0.66 0.89 0.66 0.66 0.11 0.11 0.66 0.87 0.65 0.65 0.87 0.60 0.60 0.60 0.60 0.04 0.04 0.33 0.04 0.04 0.63 0.63 0.63 0.65 0.65 0.65 0.65 0.67 0.67 0.67 0.67 0.72 0.72 0.72 0.72 0.71 0.71 0.71 0.71 0.71 0.71 0.71 0.71 0.35 0.35 0.35 0.35
0.11 0.11 0.11 0.11 0.14 0.16 0.14 0.14 0.14 0.14 0.14 0.14 0.15 0.13 0.13 0.13 0.13 0.13 0.15 0.13 0.15 0.15 0.15 0.15 0.15 0.15 0.15 0.15 0.18 0.16 0.16 0.16 0.29 0.29 0.29 0.59 0.66 0.66 0.66 0.66 0.66 0.66 0.66 0.66 0.65 0.65 0.65 0.65 0.60 0.60 0.60 0.60 0.04 0.04 0.04 0.04 0.63 0.63 0.63 0.63 0.65 0.65 0.65 0.65 0.67 0.67 0.67 0.67 0.72 0.72 0.72 0.72 0.71 0.97 0.71 0.71 0.71 0.71 0.71 0.71 0.69 0.35 0.35 0.35
