New_Model_Runs/7_FutureClimate_RCP85_out/post_prcessed_with_MFR/Monthly_summaries/runoff_monthly_MAY.asc
NCOLS 700
NROWS 400
XLLCENTER 515000.000000
YLLCENTER 8409000.000000
CELLSIZE 50.000000
NODATA_value -999.000000
[rows 259 to 295 of 400, columns 168 to 251 of 700]
3.68 4.12 4.12 6.64 6.53 6.53 6.53 6.53 6.82 3.71 3.71 3.71 3.67 3.67 3.67 3.67 3.68 3.68 3.68 3.68 6.91 6.91 6.91 3.76 4.11 4.11 4.11 4.11 4.13 4.13 4.13 4.13 4.13 4.13 4.13 4.13 6.94 4.08 4.08 4.08 4.01 4.01 4.01 4.01 3.99 3.99 3.99 3.99 5.47 5.73 5.47 5.61 5.61 5.61 5.61 5.61 5.56 6.12 5.39 6.12 5.39 6.12 6.12 5.39 5.56 5.56 5.39 5.39 5.39 6.12 6.12 5.39 4.74 4.74 4.74 4.90 4.74 5.41 4.90 4.74 7.84 5.41 4.74 5.41
6.62 6.62 6.62 6.62 6.50 6.50 6.50 12.23 6.79 6.22 3.69 3.69 3.65 3.65 3.65 3.65 6.19 6.19 3.68 3.68 6.88 6.88 12.71 3.75 8.67 6.98 4.11 4.11 4.16 4.16 4.16 4.16 7.08 4.16 4.16 4.16 6.93 4.08 4.08 4.08 4.01 4.01 4.01 4.01 3.97 3.07 3.97 3.97 4.04 5.47 5.47 4.27 4.27 5.79 5.79 5.61 5.39 5.39 5.39 5.39 5.39 6.12 5.39 5.39 8.79 5.56 5.56 5.39 5.39 5.39 5.39 5.39 4.74 4.74 4.74 4.74 4.74 5.41 4.74 4.90 4.90 4.90 4.74 4.74
12.16 17.39 4.12 4.12 6.50 17.85 6.50 6.50 6.79 3.69 3.69 3.69 3.65 2.80 3.65 3.65 3.68 8.13 6.19 3.68 3.75 6.88 6.88 6.88 4.11 4.11 4.11 11.11 4.16 7.08 4.16 4.16 4.16 4.16 4.16 4.16 4.08 4.08 4.08 4.08 4.01 4.01 4.01 4.01 3.97 3.97 3.97 3.97 4.04 4.04 6.86 5.30 5.38 5.08 6.37 5.61 5.39 5.39 5.39 5.39 5.39 5.39 5.39 6.12 5.56 5.56 6.12 5.39 6.12 6.12 5.39 5.39 4.74 4.74 4.74 4.74 4.74 4.74 5.41 5.41 4.90 4.74 5.41 5.41
3.54 4.12 3.54 4.12 6.50 6.50 6.50 6.50 6.79 6.79 3.69 3.69 2.80 2.80 6.15 3.65 3.68 3.68 3.68 3.68 3.75 6.88 6.88 6.88 7.44 4.11 4.11 7.44 7.52 7.52 4.16 4.16 4.16 4.16 7.08 4.16 4.08 6.93 4.08 4.08 4.01 4.01 4.01 4.01 3.97 3.97 3.97 3.97 4.04 4.04 4.04 5.30 5.38 4.59 5.61 5.61 5.39 5.39 5.39 6.12 5.39 5.39 6.12 6.12 5.56 5.56 6.12 6.12 10.86 6.12 6.12 6.12 4.74 4.74 4.74 4.74 4.74 5.41 4.90 7.84 5.41 4.74 5.41 5.41
3.54 3.54 8.17 6.62 6.50 6.50 11.99 6.50 6.79 6.79 3.69 5.14 3.65 3.65 3.65 3.65 3.68 3.68 3.68 3.68 3.75 3.75 6.88 6.88 13.29 4.11 4.11 4.11 7.52 7.52 7.52 4.16 4.16 4.16 4.16 4.16 4.08 4.08 4.08 4.08 8.99 6.80 4.01 4.01 3.97 3.97 3.07 3.07 3.10 3.10 4.04 5.30 5.38 4.59 5.61 5.61 5.39 5.39 5.39 5.39 5.39 6.12 6.12 5.39 6.12 8.79 6.12 5.39 5.39 6.12 6.12 6.12 4.74 5.41 4.74 4.74 5.41 4.90 4.90 4.90 5.41 5.41 5.41 4.74
4.12 4.12 5.87 6.59 6.51 6.51 6.51 6.51 6.74 6.74 3.66 3.66 3.64 3.64 3.64 3.64 3.69 3.69 3.69 3.69 3.73 3.73 3.73 6.85 7.40 4.08 4.08 4.08 7.02 7.51 7.51 4.16 4.15 4.15 4.15 4.15 4.03 4.03 4.03 4.03 4.00 4.00 4.00 4.00 3.98 3.98 3.98 5.47 5.47 5.47 4.01 4.27 4.27 4.27 5.61 5.61 5.39 5.39 5.39 6.12 5.56 5.39 5.39 5.39 6.12 6.12 5.56 10.86 6.12 6.12 6.12 5.39 4.90 5.41 4.74 4.74 4.90 4.90 4.90 4.74 4.74 5.41 5.41 4.74
4.12 4.12 4.12 4.12 4.12 6.51 6.51 6.51 12.45 6.74 3.66 3.66 3.64 3.64 3.64 3.64 3.69 3.69 3.69 3.69 3.73 3.73 3.73 6.85 7.40 4.08 4.08 4.08 4.16 4.16 7.51 4.16 4.15 4.15 4.15 4.15 4.03 9.06 6.85 4.03 4.00 4.00 4.00 8.66 3.98 3.98 3.98 5.47 5.47 5.47 4.27 4.27 4.27 5.61 5.61 9.77 5.39 5.39 6.12 6.12 6.12 5.39 5.39 5.39 5.39 6.12 5.56 5.39 6.12 6.12 6.12 6.12 4.74 5.41 4.74 4.90 4.90 5.41 5.41 4.74 4.74 4.74 4.90 5.41
4.12 4.12 4.12 7.43 4.12 6.51 6.51 6.51 6.74 9.99 3.66 3.66 3.64 3.64 3.64 3.64 3.69 3.69 3.69 3.69 3.73 3.73 3.73 6.85 7.40 7.40 4.08 4.08 4.16 4.16 5.39 11.23 7.06 7.06 4.15 6.98 4.03 4.03 4.03 4.03 4.00 4.00 4.00 5.47 3.98 3.98 3.98 3.98 3.08 5.47 4.27 4.27 7.15 7.34 5.61 5.61 5.39 5.39 5.39 5.39 5.39 5.39 6.12 6.12 6.12 5.39 5.56 6.12 6.12 6.12 5.39 5.39 5.41 4.90 4.74 4.90 4.90 7.84 5.76 6.33 6.33 6.33 5.41 6.33
2.96 2.96 2.40 4.12 4.12 3.54 6.51 6.51 6.74 6.74 3.66 3.66 3.64 3.64 3.64 3.64 3.69 3.69 3.69 3.69 3.73 3.73 3.73 6.85 7.40 7.40 4.08 4.08 4.16 4.16 5.39 27.01 10.00 4.15 4.15 4.15 4.03 4.03 6.85 4.03 4.00 4.00 4.00 4.00 5.47 3.98 3.98 3.98 4.01 5.47 4.27 4.27 4.59 4.27 4.27 5.61 5.39 5.39 6.12 5.39 5.39 5.39 5.39 10.31 6.12 6.12 6.12 6.12 6.12 5.39 5.39 5.39 5.41 5.41 5.41 5.41 7.84 5.58 5.76 5.58 5.76 5.07 5.07 5.07
2.96 2.96 2.40 2.96 3.60 2.40 5.32 6.44 6.66 6.66 3.61 3.61 3.63 3.63 8.84 3.63 3.73 3.73 3.73 3.73 3.75 3.75 3.75 6.89 7.39 4.08 4.08 4.08 4.14 4.14 5.39 11.29 6.45 5.39 4.13 4.13 4.01 4.01 4.01 4.01 3.99 3.99 3.99 3.99 5.47 5.47 3.98 5.47 5.47 5.47 4.27 4.27 4.59 4.27 4.27 4.27 6.12 5.39 6.12 5.39 5.39 5.39 6.12 5.56 5.56 5.56 5.56 6.12 5.56 5.39 5.39 5.39 4.74 5.41 7.84 7.84 4.74 5.07 6.33 5.07 6.33 5.76 5.76 5.07
2.53 2.96 2.53 2.40 2.40 2.40 9.35 5.32 9.74 5.53 4.44 3.61 3.63 3.63 3.63 6.11 3.73 3.73 3.73 3.73 3.75 3.75 12.73 6.89 7.39 4.08 4.08 4.08 4.14 7.49 7.49 12.16 6.45 4.13 4.13 4.13 4.01 4.01 4.01 4.01 3.99 5.47 5.47 3.99 5.47 5.47 5.73 5.73 5.47 5.47 4.27 4.27 5.28 5.28 5.28 4.59 6.12 6.12 6.12 6.12 5.39 5.39 6.12 5.39 6.12 6.12 6.12 6.12 5.56 5.39 5.56 5.39 4.74 4.90 4.90 5.41 5.41 6.33 5.58 5.07 6.33 6.33 5.07 9.15
2.96 2.96 2.96 2.96 2.40 2.96 5.32 5.32 5.53 6.93 1.70 1.64 1.65 2.79 3.63 3.63 3.73 3.73 3.73 3.73 8.25 6.89 6.89 6.89 7.39 4.08 4.08 4.08 7.49 7.49 6.45 6.45 6.45 4.13 4.13 4.13 4.01 4.01 4.01 4.01 5.47 5.47 5.73 5.47 5.47 5.47 5.47 6.14 5.73 4.59 5.24 5.24 5.28 5.28 4.59 4.59 6.12 6.12 6.12 5.74 7.13 5.74 5.39 5.39 5.56 6.12 6.12 5.56 5.39 5.39 5.39 5.39 4.90 4.90 4.90 5.41 6.33 6.33 6.33 5.07 6.33 6.33 5.07 1.11
2.40 2.96 5.30 2.96 2.96 2.96 5.32 5.32 5.53 5.53 1.64 1.64 1.91 1.91 2.40 2.40 3.73 6.85 6.85 8.72 4.66 6.89 6.89 6.89 7.39 4.08 4.08 4.08 6.45 6.45 6.45 12.16 6.45 6.45 4.13 4.13 4.01 4.01 4.01 4.01 5.47 5.47 5.47 5.47 5.47 5.47 5.47 5.21 3.99 5.24 5.24 9.21 5.28 5.28 4.59 4.59 6.12 5.39 9.33 10.07 7.13 7.13 5.74 5.56 5.56 5.56 5.56 5.39 8.79 5.39 5.39 8.79 4.74 4.90 5.41 5.41 6.33 6.33 6.33 5.58 6.33 6.33 1.74 1.11
2.40 2.53 5.30 2.96 5.14 5.14 5.14 5.14 5.43 2.33 1.62 1.62 1.91 2.39 2.39 2.39 3.93 7.94 2.64 2.64 3.84 8.72 4.67 6.90 7.24 3.46 2.68 3.91 3.91 3.91 3.91 3.91 3.91 3.91 5.52 2.46 3.41 3.41 3.41 3.41 3.36 3.36 2.74 2.74 2.74 2.74 2.74 2.47 2.47 3.35 5.18 5.18 5.21 5.21 4.59 4.59 5.39 5.74 6.51 9.33 7.13 7.13 5.74 5.56 8.79 5.56 8.79 8.79 6.12 6.12 5.56 5.39 4.90 4.90 5.41 5.41 6.33 6.33 6.33 5.76 5.58 6.33 2.24 1.10
3.60 5.30 2.40 5.31 5.14 8.68 5.14 7.48 6.68 2.33 1.62 1.62 3.24 3.38 3.60 2.39 2.47 5.43 2.64 2.64 3.62 9.52 9.52 4.14 7.24 0.48 3.91 3.91 3.91 3.91 7.23 3.91 3.91 3.91 3.91 2.68 2.68 2.96 3.41 3.41 3.36 3.36 2.74 3.02 5.06 3.02 2.74 5.31 3.35 3.35 3.35 9.10 5.21 4.27 4.27 5.21 8.74 6.51 9.33 6.51 5.74 6.31 6.51 6.31 6.31 5.56 5.56 6.12 5.39 8.18 6.12 8.79 7.84 4.90 5.41 5.58 5.58 6.33 6.33 5.58 5.76 6.02 2.24 1.25
2.16 4.85 2.75 4.78 4.63 4.63 4.63 2.67 2.94 1.45 1.45 1.45 2.16 2.16 2.16 2.16 2.23 5.25 4.83 2.39 5.75 5.75 11.10 5.75 0.40 0.40 0.40 3.20 3.20 3.20 3.20 3.20 3.20 3.20 3.86 4.41 2.38 3.05 3.05 2.15 2.14 2.18 2.18 2.42 2.18 2.18 3.42 1.96 2.18 3.93 2.97 2.18 4.63 4.63 3.84 3.84 4.54 4.43 6.53 6.53 5.95 5.76 5.24 5.24 6.53 5.76 5.95 6.53 8.07 8.07 8.07 8.07 7.41 5.08 5.96 5.96 5.25 5.25 5.96 5.96 5.25 7.89 11.31 5.67
2.67 2.28 2.16 4.78 4.63 2.70 2.16 2.16 1.45 1.72 1.53 1.45 1.47 2.16 2.16 2.16 2.23 5.25 2.39 2.39 5.75 5.75 0.30 0.30 0.40 0.40 0.40 0.40 3.20 7.30 3.20 3.20 3.20 5.31 3.86 9.60 3.05 2.15 3.05 3.05 2.98 2.98 2.18 2.18 2.18 2.18 2.18 2.18 2.18 2.18 2.18 2.42 2.18 3.73 4.13 4.63 4.54 4.54 6.53 6.53 5.76 5.76 5.24 6.53 6.53 5.95 5.76 5.76 5.76 5.76 8.57 8.57 5.42 4.76 5.96 5.96 4.76 4.76 4.76 4.76 4.76 5.67 5.67 4.76
2.67 2.67 2.67 8.20 4.56 2.68 2.68 2.68 1.72 1.72 1.72 1.72 2.15 2.15 2.15 2.15 2.21 2.21 2.39 3.01 9.07 2.68 0.36 0.30 0.40 0.40 0.40 0.40 3.20 3.20 3.20 3.20 3.20 3.20 3.20 3.36 2.38 3.03 2.14 3.03 2.96 4.50 2.18 2.18 2.18 2.18 2.57 2.57 1.96 4.37 2.42 2.18 2.18 2.14 2.18 3.84 4.52 3.99 5.76 6.53 6.53 5.24 5.24 5.24 5.76 5.95 5.76 5.76 5.76 8.57 5.76 5.24 4.76 5.25 5.96 5.96 4.76 8.90 4.76 4.76 4.76 5.65 5.96 5.25
2.96 2.67 2.16 4.70 4.56 4.56 5.72 1.54 1.72 1.53 1.72 2.94 5.09 2.15 2.15 2.15 2.21 2.21 5.21 8.42 0.30 0.30 0.30 0.30 0.40 0.40 0.40 0.40 3.20 3.20 3.20 3.20 3.20 3.20 3.20 5.56 2.15 3.03 2.15 2.15 2.96 2.42 3.42 2.18 2.57 2.57 2.57 2.57 2.18 2.42 2.18 2.18 2.18 2.18 2.42 2.42 3.99 3.99 5.76 5.76 5.24 6.53 5.24 5.76 8.57 5.76 5.76 10.21 5.76 5.24 5.24 5.24 8.61 8.26 5.96 5.96 4.76 4.76 4.76 5.25 4.76 5.96 5.65 4.76
4.85 2.16 2.67 4.70 7.97 2.16 2.16 1.37 1.53 1.53 4.99 4.99 5.09 5.09 5.09 2.15 2.21 9.15 5.21 5.65 0.30 0.30 0.30 0.30 0.40 0.40 0.40 0.40 3.20 3.20 6.61 14.99 6.62 6.62 3.20 3.20 2.15 3.03 3.03 2.15 2.18 3.75 2.96 2.96 2.57 2.57 2.57 2.57 2.96 1.96 2.18 2.18 2.18 2.18 2.18 2.18 2.32 3.99 5.24 6.53 5.95 5.24 5.24 5.95 5.95 8.57 8.57 5.76 5.95 5.95 5.24 5.24 4.76 5.25 5.42 9.60 8.58 5.66 5.66 4.76 4.76 5.65 5.65 4.76
2.67 2.67 2.16 2.16 4.56 2.16 3.43 2.68 1.53 4.99 4.99 4.99 5.09 5.09 5.09 5.09 5.21 5.21 5.21 5.65 0.30 0.30 0.30 0.30 0.40 0.40 0.40 0.40 0.41 3.20 6.61 8.82 6.62 6.62 3.20 2.38 3.03 2.14 2.38 2.38 2.18 2.18 2.96 2.96 2.57 2.57 2.57 2.57 2.96 2.18 2.18 2.18 2.18 2.18 2.18 2.18 2.09 3.43 6.53 6.53 5.24 5.24 5.24 5.76 5.76 8.57 8.57 8.57 12.04 14.67 6.19 5.24 4.76 5.25 5.42 5.25 5.96 4.76 4.76 5.66 5.65 5.65 5.96 4.76
2.28 2.28 2.16 2.16 4.52 4.52 4.52 4.52 5.02 5.02 5.02 5.02 2.39 2.98 5.12 5.12 5.17 5.17 2.39 3.01 3.01 0.29 0.29 0.29 0.39 0.39 0.39 0.39 0.40 6.48 8.82 8.82 6.55 3.36 3.36 2.15 2.12 2.38 2.15 2.15 2.18 2.94 2.94 2.94 2.57 2.57 2.57 2.57 2.95 2.18 2.18 2.18 4.46 4.67 2.18 2.18 6.53 5.75 5.75 6.53 5.24 5.24 5.95 8.57 5.95 8.57 5.24 5.24 5.24 6.53 6.18 5.24 4.76 4.76 4.76 5.96 4.76 4.76 4.76 4.76 11.31 5.63 11.31 11.31
2.67 2.67 2.16 2.67 4.52 4.52 4.52 4.52 7.38 5.02 5.02 5.02 2.39 2.94 2.94 5.12 2.39 5.17 5.61 3.01 3.01 0.29 0.29 0.29 0.39 0.47 0.39 0.39 3.20 3.20 3.20 3.36 3.20 3.86 3.86 2.38 2.38 2.38 2.15 2.15 2.12 2.94 2.18 2.94 2.57 2.57 2.12 2.12 2.95 2.18 2.18 2.18 2.18 2.81 2.18 4.88 3.43 3.43 3.43 3.43 5.58 5.58 5.58 8.57 5.24 5.76 5.24 5.24 5.24 6.53 6.18 5.24 4.76 4.76 5.96 5.96 5.96 4.76 4.76 4.76 4.76 4.76 5.96 8.55
2.67 2.28 2.67 2.67 2.16 4.52 4.52 4.52 7.38 5.02 5.02 7.38 2.39 2.39 2.52 2.52 2.52 2.39 3.16 3.64 3.64 3.64 3.64 0.29 8.20 3.20 3.86 3.86 3.20 3.20 3.20 3.36 3.86 3.86 2.77 2.38 3.67 2.12 2.38 2.38 2.94 2.42 2.18 2.42 2.57 2.18 2.18 1.96 2.42 2.18 2.18 2.18 2.42 1.96 1.96 4.88 4.71 3.43 3.43 4.71 3.12 5.58 8.07 8.07 5.24 9.15 5.24 5.24 9.15 6.53 5.24 5.24 4.76 4.76 5.96 5.96 4.76 4.76 5.25 4.76 4.76 5.96 4.76 4.76
2.67 2.67 2.67 4.85 2.16 4.52 4.52 4.52 5.02 5.02 5.02 5.02 5.12 5.12 2.94 5.28 5.78 2.39 6.20 6.20 3.16 3.01 8.05 6.20 6.52 6.52 3.20 3.86 6.52 3.20 6.52 3.86 3.86 3.86 2.15 2.38 2.38 2.38 2.38 2.38 2.94 2.94 2.94 2.94 2.42 2.42 2.18 2.18 2.18 2.18 2.18 4.25 3.64 1.96 2.97 2.97 4.12 3.43 3.43 3.43 3.76 6.38 5.07 5.58 6.53 6.53 6.53 5.24 6.53 6.53 6.18 5.24 4.76 4.76 5.96 5.96 4.76 4.76 4.76 4.76 4.76 5.96 5.96 5.96
4.11 2.67 2.67 2.67 3.20 4.53 6.61 2.67 5.06 5.06 5.06 5.06 5.12 2.94 5.28 5.28 2.52 3.81 12.43 3.64 6.20 3.64 5.89 3.64 3.36 6.18 9.42 6.52 6.52 3.36 6.52 3.86 9.29 6.52 2.14 2.14 2.38 2.97 2.97 2.97 2.96 2.18 2.96 2.18 2.18 2.42 2.42 4.67 2.18 2.18 2.18 1.96 2.95 2.95 2.95 2.18 2.09 4.12 4.71 3.76 3.12 3.27 3.12 4.90 6.53 6.53 6.53 5.24 6.53 6.53 6.53 9.15 4.76 4.76 4.76 4.76 4.76 4.76 4.76 4.76 5.96 5.96 5.96 5.96
2.67 2.67 2.67 2.67 2.67 2.16 6.61 2.28 2.52 2.94 2.94 5.06 2.52 2.52 2.94 5.28 2.94 2.52 3.64 3.01 6.20 3.16 3.16 3.16 3.20 6.27 6.52 9.62 3.36 6.52 6.52 6.52 3.36 6.52 2.77 2.38 2.12 2.97 2.97 2.97 2.96 2.18 2.18 2.18 2.18 2.18 2.42 1.96 2.18 2.18 2.18 6.07 2.18 2.18 1.96 2.18 2.09 1.87 4.12 4.71 3.76 3.12 3.12 3.12 5.24 5.95 5.95 5.76 5.95 5.24 5.24 5.24 4.76 4.76 4.76 4.76 4.76 4.76 4.76 5.96 5.96 4.76 4.76 5.96
2.28 2.67 2.67 2.67 2.67 2.67 2.67 2.67 2.96 2.94 4.58 2.94 2.94 2.94 2.52 2.94 5.28 6.20 8.37 3.01 3.64 3.64 3.16 3.01 3.36 3.86 6.52 3.36 3.36 6.52 6.52 3.86 3.36 3.36 6.52 3.86 3.20 3.20 3.20 7.02 2.96 2.18 2.18 2.18 2.42 2.42 3.64 2.42 2.42 2.42 2.42 2.42 2.95 2.95 2.42 2.42 2.32 2.32 2.32 4.71 3.94 3.12 5.49 3.12 3.12 5.76 5.95 5.95 5.24 5.24 5.24 5.24 4.76 4.76 4.76 4.76 4.76 5.63 5.63 5.08 4.60 4.45 4.45 5.08
4.85 2.67 2.67 2.28 2.67 6.58 2.28 2.67 2.94 5.28 2.52 2.52 2.52 5.28 2.94 2.94 2.52 3.16 5.58 5.58 3.64 7.99 3.01 3.64 3.20 5.31 3.20 3.36 3.36 6.52 3.36 6.56 3.86 3.36 6.52 3.20 3.20 3.20 3.20 3.20 6.31 2.96 2.18 2.18 2.57 2.42 3.21 1.96 2.42 2.42 2.58 4.33 2.95 2.95 2.95 2.95 5.99 2.32 2.09 2.32 2.70 3.76 3.12 3.12 6.11 3.94 6.53 5.24 5.24 5.24 5.24 5.24 4.76 4.76 4.76 4.76 4.76 4.76 5.08 5.08 4.45 4.60 4.45 4.45
4.85 4.85 4.11 2.67 4.11 2.28 4.85 2.28 4.58 7.59 2.94 2.39 2.94 2.94 3.58 2.39 2.52 3.16 5.33 8.42 3.64 3.64 6.16 3.64 3.20 3.20 3.20 3.20 3.20 3.20 3.36 3.86 3.86 3.20 6.52 5.39 3.36 3.20 7.67 3.86 3.25 3.25 3.01 2.42 2.56 2.56 6.60 6.60 2.42 2.42 2.49 2.49 2.42 2.42 2.94 4.90 2.32 1.87 1.87 2.09 5.61 6.38 5.45 3.27 3.27 3.12 3.43 5.24 5.24 5.24 5.24 5.24 4.76 4.76 4.76 4.45 4.60 4.45 5.08 8.90 4.60 4.60 4.60 4.60
2.67 4.04 2.28 2.67 2.67 2.67 2.67 8.48 5.28 2.94 2.39 2.39 5.28 2.52 2.39 2.39 7.38 5.33 9.29 3.64 6.20 3.64 3.64 3.01 3.20 3.20 3.20 3.20 5.18 3.36 3.86 3.20 3.86 3.86 3.20 6.52 3.97 3.20 3.20 3.20 3.25 3.25 6.40 3.01 2.56 6.80 6.60 6.60 2.18 2.49 2.49 2.49 2.94 2.94 2.94 2.94 2.46 1.87 2.09 2.09 5.41 3.27 3.12 3.12 3.76 3.76 3.27 3.12 6.53 5.24 5.24 5.24 4.45 4.45 4.45 4.45 4.60 8.01 5.08 4.60 4.60 4.60 4.60 5.25
2.54 2.54 2.54 3.89 2.54 2.54 7.96 4.65 5.05 5.05 6.91 2.39 2.39 2.39 2.27 7.09 2.27 2.86 4.36 4.36 4.38 2.86 2.86 2.86 2.98 2.98 2.98 2.98 2.98 2.98 3.60 3.60 3.60 3.60 2.98 5.74 2.98 3.29 2.98 2.98 2.94 2.94 2.34 2.34 1.60 1.60 1.60 1.60 1.59 1.59 1.62 1.59 2.29 2.29 4.27 4.27 1.55 1.55 1.66 5.10 2.93 2.80 3.38 2.93 3.38 2.80 3.38 2.93 4.25 4.78 4.78 4.78 4.75 7.88 4.65 4.65 4.64 4.29 4.14 4.29 4.29 4.29 4.90 4.90
2.16 2.54 2.16 2.05 2.16 2.54 3.89 2.54 2.80 5.05 2.80 2.80 2.80 5.05 2.27 2.27 2.86 2.86 3.13 3.46 4.38 4.38 2.86 2.86 2.98 2.98 2.98 2.98 2.98 2.98 3.60 3.60 3.60 3.13 3.60 3.60 2.98 6.14 3.60 2.98 2.94 2.94 1.96 2.34 1.63 4.27 1.60 1.60 1.59 1.59 1.59 1.59 2.29 2.29 2.29 4.27 1.54 1.55 1.66 5.10 5.82 2.93 2.80 2.80 4.59 2.80 3.38 3.38 4.25 3.08 4.78 4.78 4.14 4.75 4.75 4.65 6.42 6.42 4.75 4.29 4.29 4.90 4.90 4.90
2.54 2.54 2.54 2.54 2.54 2.54 2.54 2.16 2.27 5.05 2.80 2.80 2.80 2.39 2.80 2.27 2.86 2.86 3.46 6.17 4.34 4.34 4.34 2.86 2.98 2.98 3.60 3.60 2.98 2.98 2.98 2.98 3.60 3.13 2.98 2.98 2.98 3.60 3.60 3.60 3.56 3.56 3.56 2.33 1.60 1.96 1.60 1.60 1.58 1.58 1.58 1.58 2.30 2.30 2.30 2.30 1.54 1.54 2.41 5.10 2.93 2.80 2.80 2.80 2.80 2.80 2.80 2.80 4.23 4.23 3.08 4.78 4.14 4.14 4.75 6.42 6.42 4.75 4.75 5.07 4.90 4.90 4.90 4.90
2.16 2.16 2.54 2.54 2.54 2.54 2.54 2.16 2.80 2.27 2.80 2.80 2.80 2.27 2.39 2.39 5.94 2.86 3.46 3.46 3.46 3.46 4.71 2.86 2.98 2.98 3.60 3.60 2.98 2.98 2.98 3.60 2.98 3.13 2.98 2.98 3.60 5.74 6.10 3.60 3.56 3.56 3.56 3.22 1.60 1.60 1.60 1.60 1.58 1.58 1.58 1.58 2.30 2.30 1.96 2.30 1.54 1.54 1.66 1.66 2.93 3.38 3.38 3.38 2.80 2.80 3.38 7.54 4.23 4.23 4.23 3.38 4.75 4.14 6.42 6.42 4.75 4.75 5.07 5.07 5.07 4.90 4.90 4.90
6.31 2.16 2.54 2.54 2.05 2.54 2.05 2.05 2.80 2.39 2.27 2.27 2.27 2.27 2.39 2.27 5.94 3.46 3.46 3.46 3.00 3.00 2.86 2.86 2.98 3.60 3.13 3.60 3.60 3.60 3.60 3.60 3.13 2.98 2.98 2.98 2.98 2.98 5.74 3.60 3.56 3.56 3.56 8.65 8.65 1.60 1.60 1.60 1.58 1.58 1.58 1.58 2.30 2.30 2.30 2.30 1.54 1.54 1.66 1.66 5.82 2.80 3.38 5.82 2.93 2.93 2.93 2.93 4.23 2.80 2.80 2.80 2.56 3.90 6.42 6.42 4.75 4.90 5.07 7.42 4.90 7.42 4.90 4.90
4.65 2.16 2.54 2.16 2.54 2.05 2.54 2.54 2.80 2.39 2.39 2.27 2.27 2.27 2.27 2.27 2.86 2.86 5.94 5.94 3.00 3.00 9.03 3.46 2.98 3.60 3.60 3.60 2.98 4.91 2.98 6.14 3.60 2.98 3.60 3.60 2.98 2.98 2.98 4.89 2.94 2.94 2.94 8.65 8.65 8.65 8.65 6.08 6.08 1.58 1.58 1.58 1.96 2.30 2.30 2.30 1.54 1.54 1.54 1.54 5.82 2.80 2.80 3.38 2.93 2.80 2.80 3.38 3.38 2.80 2.80 2.80 2.56 2.56 3.90 6.42 4.29 4.29 4.29 5.07 5.07 4.90 5.07 4.90
