New_Model_Runs/7_FutureClimate_RCP85_out/post_prcessed_with_MFR/Monthly_summaries/runoff_monthly_SEP.asc
NCOLS 700
NROWS 400
XLLCENTER 515000.000000
YLLCENTER 8409000.000000
CELLSIZE 50.000000
NODATA_value -999.000000
[rows 185 to 221 of 400, columns 168 to 251 of 700]
2.56 2.56 2.56 0.94 0.00 0.00 0.00 0.00 0.00 2.73 2.73 2.73 2.67 2.67 2.67 2.67 2.68 1.00 1.00 1.00 1.00 1.00 2.70 2.70 2.86 2.86 2.86 2.86 2.81 2.81 2.81 2.81 2.76 2.76 2.76 2.76 2.76 2.76 2.76 2.76 2.96 2.96 2.96 2.96 3.00 3.00 3.00 3.00 1.16 1.16 2.41 3.03 2.99 2.99 2.99 5.21 3.04 3.04 3.04 3.04 3.12 0.00 0.00 0.00 0.00 0.00 0.00 0.00 3.15 3.15 7.24 3.15 3.33 4.53 7.99 4.53 3.07 4.27 4.27 4.27 4.28 4.28 4.28 4.28
2.56 2.56 0.94 0.57 12.75 0.00 0.00 0.00 0.00 2.73 2.73 2.73 2.67 2.67 2.67 2.67 4.59 2.68 2.05 1.00 1.38 1.00 2.70 2.70 2.86 2.86 2.86 2.86 2.81 2.81 2.81 2.81 2.76 2.76 2.76 2.76 4.74 2.76 2.76 2.76 2.96 2.96 2.96 5.12 3.00 3.00 3.00 3.00 1.16 1.16 1.62 1.16 2.99 2.99 2.99 2.99 3.04 3.04 3.04 3.04 3.12 5.40 0.00 0.00 0.00 0.00 0.00 0.00 7.82 3.15 5.45 3.15 3.33 4.53 7.99 4.53 3.07 4.27 7.18 4.27 4.28 4.28 4.28 4.28
2.56 2.56 0.94 0.57 0.96 12.75 14.31 0.96 1.02 2.73 4.68 2.73 2.67 2.67 2.67 2.67 2.68 2.68 1.00 1.00 2.06 4.62 2.70 2.70 2.86 2.86 4.94 2.86 2.81 2.81 2.81 2.81 4.74 4.74 2.76 2.76 2.76 2.76 2.76 2.76 2.96 2.96 2.96 5.12 3.00 3.00 3.00 3.00 5.23 5.25 1.16 1.16 2.99 2.99 2.99 2.99 3.04 3.04 3.04 3.04 3.12 3.12 3.12 0.00 0.00 0.00 0.00 3.14 3.15 3.15 3.15 3.15 4.53 4.53 4.53 4.53 3.07 4.27 4.27 7.16 4.28 4.28 4.28 4.28
2.61 2.61 1.56 0.58 0.58 0.58 1.56 0.58 1.02 2.72 2.72 2.72 4.57 4.56 2.66 2.66 2.67 2.67 0.99 1.37 2.69 2.69 2.69 2.69 2.86 2.86 2.86 2.86 2.82 2.82 2.82 2.82 2.77 2.77 2.77 2.77 2.77 2.77 2.77 2.77 2.94 2.94 2.94 2.94 2.98 2.98 2.98 2.98 3.03 3.03 3.03 1.16 3.01 3.01 3.01 3.01 3.04 3.04 3.04 3.04 3.09 3.09 3.09 0.00 0.00 0.00 0.00 3.14 3.13 3.13 3.13 3.13 4.54 4.54 8.00 4.54 3.06 3.06 4.25 4.25 4.22 4.22 4.22 4.22
0.96 0.96 1.56 0.58 0.58 0.96 1.32 0.96 1.02 1.02 1.02 2.72 2.66 2.66 2.66 2.66 2.67 2.67 2.67 2.04 6.60 2.69 2.69 2.69 2.86 4.94 4.94 4.91 2.82 2.82 2.82 2.82 2.77 2.77 2.77 2.77 2.77 4.75 2.77 2.77 2.94 2.94 5.09 2.94 2.98 2.98 2.98 2.98 3.03 5.25 3.03 1.16 3.01 3.01 3.01 3.01 3.04 3.04 3.04 3.04 3.09 5.35 3.09 0.00 0.00 0.00 0.00 3.14 3.13 3.13 3.13 3.13 4.54 4.54 4.54 4.54 3.06 3.06 4.25 4.25 4.22 4.22 7.10 4.22
0.96 0.96 1.56 1.56 1.56 0.96 1.32 0.96 1.02 1.02 2.72 2.72 4.56 2.66 2.66 2.66 2.67 2.67 2.67 2.67 2.69 8.13 4.61 2.69 2.86 2.86 2.86 4.91 2.82 2.82 2.82 2.82 4.75 2.77 2.77 2.77 2.77 2.77 2.77 2.77 2.94 2.94 2.94 2.94 2.98 2.98 2.98 2.98 3.03 3.03 3.03 1.16 3.01 3.01 3.01 5.24 3.04 3.04 3.04 3.04 3.09 3.09 3.09 1.19 1.21 1.21 0.76 3.14 3.13 3.13 3.13 2.91 4.54 4.54 4.54 4.54 3.06 3.06 3.06 4.25 4.22 4.22 4.22 4.22
0.96 0.96 1.32 0.58 0.96 0.96 0.96 0.96 1.02 2.72 2.72 2.72 2.66 4.56 2.66 2.66 2.67 4.58 2.67 2.67 2.69 2.69 2.69 2.69 2.86 2.86 2.86 2.86 2.82 2.82 2.82 2.82 2.77 6.81 2.77 2.77 2.77 4.75 4.74 2.77 2.94 2.94 2.94 2.94 2.98 2.98 2.98 2.98 3.03 3.03 3.03 1.16 5.22 3.01 3.01 3.01 3.04 3.04 3.04 3.04 3.09 3.09 3.09 3.09 1.21 1.21 1.21 3.14 3.13 3.13 3.13 2.91 4.54 4.54 9.73 4.54 6.63 3.06 5.31 4.25 4.22 4.22 4.22 4.22
0.97 1.33 0.97 0.58 0.96 0.96 0.96 0.96 2.71 2.71 2.71 2.71 2.65 4.54 2.65 2.65 2.67 2.67 2.67 2.67 2.69 2.69 2.69 2.69 2.85 2.85 2.85 2.85 4.85 2.82 2.82 2.82 2.77 2.77 2.77 2.77 2.75 4.72 2.75 2.75 2.90 5.01 5.01 2.90 2.97 2.97 2.97 2.97 3.04 3.04 1.17 1.17 6.16 5.23 3.02 7.51 3.02 3.02 3.02 3.02 3.04 5.27 3.04 3.04 3.12 1.20 1.20 1.20 3.13 3.13 2.92 2.92 3.09 3.09 6.69 6.66 3.06 3.06 3.06 4.25 4.21 4.21 4.21 4.21
0.97 0.97 2.61 0.97 2.94 2.59 2.59 2.59 2.71 2.71 2.71 2.71 2.65 2.65 2.65 2.65 2.67 2.67 2.67 2.67 2.69 2.69 2.69 2.69 2.85 2.85 2.85 2.85 2.82 2.82 2.82 2.82 2.77 2.77 2.77 2.77 2.75 2.75 2.75 2.75 2.90 2.90 2.90 2.90 2.97 2.97 2.97 2.97 3.04 3.04 3.04 3.04 17.22 3.02 3.02 3.02 3.02 3.02 3.02 3.02 9.05 3.04 3.04 3.04 3.12 3.12 1.20 1.20 3.13 3.13 6.33 2.92 3.09 3.09 3.09 3.09 3.06 8.65 3.06 3.06 4.21 4.21 4.21 4.21
5.45 4.91 4.91 4.91 9.02 4.88 4.88 4.88 5.25 5.25 5.25 5.25 5.16 5.16 5.16 5.16 5.18 18.68 5.18 5.18 5.21 9.66 5.21 5.21 5.44 5.44 5.44 5.44 5.39 10.00 10.00 5.39 5.31 5.31 5.31 5.31 5.27 14.34 5.27 5.27 5.13 9.50 5.13 5.13 5.23 5.23 5.23 5.23 5.35 5.35 5.35 9.92 14.46 14.46 5.31 5.31 4.97 4.97 4.97 4.97 4.99 4.99 4.99 4.99 5.09 5.09 2.58 2.58 5.11 5.11 5.65 5.65 5.52 5.52 5.52 5.52 5.48 5.48 9.77 5.48 5.23 5.23 5.23 5.23
4.91 4.91 4.91 4.91 4.88 9.02 4.88 4.88 5.25 5.25 5.25 5.25 5.16 5.16 5.16 5.16 5.18 5.18 5.18 5.18 5.21 5.21 5.21 5.21 5.44 5.44 5.44 5.44 5.39 5.39 5.39 5.39 5.31 14.47 5.31 5.31 5.27 5.27 5.27 5.27 13.99 9.50 5.13 5.13 5.23 5.23 5.23 5.23 5.35 5.35 5.35 5.35 5.31 5.31 5.31 5.31 4.97 4.97 4.97 4.97 4.99 4.99 4.99 4.99 5.09 5.09 2.58 2.58 9.23 5.65 5.65 5.65 5.52 5.52 5.52 5.52 5.48 5.48 5.48 5.48 5.44 5.23 5.23 5.23
4.87 4.87 4.87 4.87 4.85 4.85 4.85 4.85 5.24 5.24 5.24 5.24 5.15 5.15 5.15 5.15 9.56 9.57 5.16 5.16 5.20 5.20 5.20 9.64 5.42 5.42 5.42 5.42 5.36 5.36 5.36 5.36 5.28 5.28 5.28 5.28 5.22 5.22 5.22 5.22 5.12 5.12 5.12 5.12 5.25 5.25 5.25 9.73 5.34 5.34 5.34 5.34 5.28 5.28 9.80 5.28 4.94 4.94 4.94 4.94 5.00 5.00 5.00 5.00 5.13 5.13 2.61 2.61 7.44 10.17 5.69 5.69 5.54 5.54 5.54 5.54 5.46 5.46 5.46 5.46 9.70 8.96 5.23 11.88
4.87 4.87 4.87 4.87 4.85 4.85 4.85 4.85 9.71 5.24 5.24 5.24 5.15 5.15 5.15 5.15 5.16 5.16 5.16 5.16 5.20 5.20 5.20 5.20 10.06 5.42 5.42 5.42 5.36 5.36 5.36 5.36 5.28 5.28 5.28 5.28 5.22 5.22 5.22 5.22 9.49 5.12 5.12 5.12 5.25 5.25 5.25 5.25 5.34 5.34 5.34 5.34 5.28 5.28 5.28 5.28 4.94 4.94 4.94 4.94 5.00 5.00 5.00 5.00 5.13 5.13 2.61 2.61 5.14 5.69 5.69 10.05 9.88 5.54 5.54 5.54 5.46 5.46 5.46 5.46 5.44 5.23 5.23 5.23
4.87 4.87 4.87 4.87 4.85 4.85 4.85 4.85 5.24 5.24 5.24 9.64 5.15 5.15 5.15 5.15 5.16 5.16 5.16 5.16 5.20 14.11 5.20 5.20 5.42 5.42 5.42 5.42 5.36 9.94 9.94 5.36 5.28 9.78 5.28 9.78 5.22 5.22 5.22 5.22 5.12 5.12 5.12 5.12 5.25 5.25 5.25 5.25 5.34 5.34 5.34 5.34 5.28 5.28 5.28 5.28 4.94 4.94 4.94 4.94 5.00 5.00 5.00 5.00 5.13 5.13 2.61 4.16 5.69 5.69 5.69 5.69 5.54 5.54 5.54 5.54 5.46 5.46 5.46 5.46 5.44 5.44 5.23 5.23
4.87 8.16 4.87 4.87 4.85 4.85 4.85 4.85 5.24 5.24 9.71 9.64 5.15 5.15 5.15 5.15 13.98 5.16 5.16 5.16 5.20 5.20 9.60 5.20 10.03 5.42 5.42 5.42 5.36 9.88 5.36 5.36 5.28 5.28 5.28 5.28 5.22 5.22 5.22 5.22 5.12 5.12 5.12 5.12 5.25 5.25 5.25 5.25 5.34 5.34 5.34 5.34 9.79 9.80 5.28 5.28 4.94 4.94 4.94 4.94 5.00 5.00 5.00 5.00 5.13 5.13 5.13 5.13 5.69 5.69 5.69 5.69 5.54 5.54 5.54 5.54 5.46 5.46 5.46 5.46 5.44 5.44 5.23 5.23
3.98 3.98 3.98 3.98 3.98 3.98 8.12 3.98 5.24 5.24 5.24 5.24 5.15 5.15 5.15 5.15 9.53 5.14 5.14 5.14 5.15 5.15 5.15 18.68 5.38 5.38 5.38 5.38 5.29 9.81 5.29 5.29 5.21 13.64 5.21 5.21 9.79 5.28 5.28 5.28 5.23 5.23 5.23 5.23 5.31 5.31 5.31 5.31 5.35 5.35 5.35 5.35 5.28 5.28 5.28 5.28 4.94 4.94 4.94 4.94 5.06 5.06 5.06 5.06 5.18 5.18 5.18 5.18 5.72 10.23 5.72 5.72 5.57 5.57 5.57 5.57 5.48 5.48 5.48 5.48 5.44 5.44 5.44 5.24
3.98 3.98 3.98 3.98 3.98 3.98 3.98 17.46 14.25 5.24 5.24 5.24 9.54 5.15 5.15 5.15 5.14 5.14 9.53 5.14 5.15 5.15 5.15 9.54 9.98 5.38 5.38 5.38 5.29 5.29 5.29 5.29 5.21 5.21 9.65 5.21 5.28 5.28 5.28 5.28 5.23 5.23 5.23 5.23 5.31 5.31 5.31 5.31 5.35 5.35 5.35 5.35 5.28 5.28 5.28 9.51 4.94 4.94 4.94 4.94 5.06 5.06 5.06 9.36 5.18 5.18 5.18 10.25 5.72 5.72 10.23 10.12 18.56 9.95 5.57 5.57 5.48 5.48 5.48 5.48 5.44 5.44 5.44 5.24
8.10 3.98 3.98 3.98 3.98 3.98 3.98 3.98 5.24 5.24 5.24 5.24 5.15 5.15 5.15 5.15 9.53 5.14 5.14 5.14 5.15 5.15 5.15 5.15 5.38 9.98 9.98 5.38 5.29 5.29 5.29 5.29 5.21 5.21 5.21 5.21 5.28 5.28 5.28 5.28 5.23 5.23 5.23 5.23 5.31 5.31 5.31 5.31 5.35 5.35 5.35 9.93 5.28 5.28 9.78 5.28 4.94 4.94 4.94 4.94 5.06 5.06 5.06 5.06 5.18 5.18 5.18 5.73 5.72 5.72 5.72 5.72 5.57 5.57 9.95 18.34 9.79 5.48 5.48 5.48 5.44 5.44 5.44 5.24
3.98 3.98 3.98 8.05 3.98 3.98 3.98 3.98 5.24 5.24 5.24 5.24 5.15 5.15 5.15 5.15 5.14 5.14 9.50 5.14 5.15 5.15 9.51 5.15 5.38 5.38 5.38 9.91 5.29 5.29 5.29 5.29 5.21 5.21 5.21 5.21 5.28 5.28 5.28 5.28 5.23 5.23 5.23 5.23 5.31 5.31 5.31 5.31 5.35 5.35 5.35 5.35 5.28 9.75 5.28 5.28 13.37 4.94 4.94 4.94 5.06 5.06 5.06 5.06 5.18 5.18 5.18 5.73 5.72 5.72 5.72 5.72 5.57 9.93 5.57 9.93 5.48 9.79 5.48 9.75 5.44 9.71 5.44 5.44
3.91 3.91 3.91 3.91 3.92 3.92 3.92 3.92 5.19 5.19 5.19 5.19 5.14 5.14 5.14 5.14 5.11 5.11 5.11 9.47 5.11 5.11 9.46 5.11 9.91 5.34 9.91 5.34 9.71 5.24 5.24 5.24 5.26 5.26 5.26 5.26 5.43 5.43 5.43 5.43 5.36 5.36 5.36 5.36 5.40 5.40 5.40 5.40 5.38 5.38 5.38 5.38 5.23 5.23 5.23 5.23 4.95 4.95 4.95 4.95 5.13 5.13 5.13 5.13 5.20 5.20 8.78 15.10 10.20 5.70 5.70 5.70 5.54 5.54 5.54 5.54 5.46 9.75 9.75 5.46 5.42 5.42 5.42 8.65
3.91 7.97 3.91 3.91 3.92 3.92 3.92 3.92 5.19 5.19 5.19 9.63 9.52 5.14 5.14 5.14 5.11 5.11 5.11 9.47 5.11 5.11 5.11 9.46 5.34 5.34 5.34 5.34 5.24 5.24 5.24 5.24 5.26 5.26 5.26 5.26 5.43 5.43 5.43 5.43 5.36 5.36 5.36 5.36 5.40 5.40 5.40 5.40 5.38 5.38 14.21 5.38 5.23 5.23 5.23 5.23 4.95 4.95 4.95 4.95 5.13 5.13 5.13 5.13 5.20 9.64 5.75 5.75 5.70 5.70 15.00 5.70 5.54 5.54 5.54 5.54 5.46 5.46 9.75 5.46 5.42 5.42 5.42 9.66
3.91 3.91 3.91 3.91 7.98 3.92 3.92 3.92 5.19 5.19 5.19 5.19 5.14 9.52 5.14 5.14 5.11 5.11 5.11 5.11 5.11 5.11 5.11 5.11 14.36 5.34 5.34 5.34 9.71 5.24 5.24 5.24 5.26 5.26 5.26 5.26 9.95 10.09 5.43 5.43 10.00 5.36 5.36 5.36 5.40 5.40 5.40 10.01 14.67 9.98 9.98 5.38 5.23 5.23 5.23 5.23 4.95 4.95 4.95 4.95 5.13 5.13 5.13 5.13 5.20 5.20 15.14 5.75 5.70 5.70 5.70 5.70 5.54 5.54 5.54 5.54 5.46 5.46 5.46 5.46 5.42 5.42 5.42 5.42
3.91 3.91 3.91 3.91 3.92 3.92 3.92 3.92 5.19 5.19 5.19 5.19 5.14 9.50 5.14 5.14 5.11 5.11 5.11 5.11 5.11 5.11 5.11 5.11 5.34 5.34 5.34 5.34 9.71 5.24 5.24 5.24 5.26 9.83 5.26 5.26 5.43 5.43 5.43 5.43 5.36 5.36 5.36 5.36 5.40 5.40 5.40 5.40 5.38 5.38 5.38 5.38 5.23 5.23 5.23 5.23 4.95 4.95 4.95 4.95 5.13 5.13 5.13 5.13 5.20 5.75 5.75 5.75 5.70 5.70 5.70 5.70 9.86 5.54 5.54 9.84 5.46 5.46 5.46 5.46 5.42 5.42 5.42 5.42
3.85 3.85 3.85 3.85 3.84 3.84 3.84 3.84 5.13 9.51 5.13 9.51 5.11 5.11 5.11 5.11 5.07 5.07 5.07 5.07 5.07 3.30 5.07 5.07 5.31 9.85 5.31 5.31 5.27 5.27 5.27 3.20 5.35 5.35 5.35 5.35 5.50 5.50 5.50 5.50 5.41 5.41 5.41 5.41 10.05 5.41 10.05 5.41 9.83 5.30 5.30 5.30 5.17 5.17 5.17 5.17 5.04 5.04 5.04 5.04 5.19 5.19 5.19 5.19 5.17 5.72 10.24 5.72 5.62 5.62 5.62 5.62 5.49 5.49 9.80 5.49 5.45 5.45 5.45 5.45 5.40 5.40 5.40 5.40
3.85 3.85 3.85 3.85 3.84 3.84 3.84 15.39 5.13 5.13 5.13 5.13 5.11 5.11 5.11 5.11 5.07 5.07 3.30 2.78 2.78 5.07 5.07 5.07 5.31 5.31 5.31 5.31 5.27 5.27 14.55 5.27 5.35 5.35 5.35 5.35 5.50 5.50 5.50 5.50 5.41 5.41 10.04 11.79 5.41 5.41 5.41 5.41 5.30 5.30 5.30 5.30 5.17 5.17 9.57 5.17 5.04 5.04 5.04 5.04 5.19 5.19 5.19 5.19 5.17 20.99 5.72 5.72 5.62 5.62 5.62 5.62 5.49 5.49 10.18 9.77 5.45 9.73 9.73 14.59 9.62 5.40 5.40 5.40
6.79 6.79 6.79 6.79 6.78 12.47 6.78 12.47 7.63 7.63 7.63 13.88 13.81 7.59 13.81 24.48 7.54 7.54 4.21 4.21 11.94 13.69 7.53 7.53 7.77 7.77 13.35 7.77 7.71 7.71 14.05 5.20 7.83 7.83 7.83 7.83 28.06 8.04 8.04 14.67 13.58 7.40 7.40 7.40 7.50 7.50 7.50 7.50 7.25 7.25 7.25 7.25 7.03 7.03 7.03 7.03 6.12 6.12 6.12 6.12 6.52 6.52 16.54 10.89 6.74 6.74 12.18 6.74 6.62 6.62 11.94 6.62 5.97 5.97 5.97 5.97 5.93 5.93 5.93 5.93 5.87 10.52 5.87 5.87
6.79 6.79 6.79 6.79 6.78 6.78 6.78 6.78 7.63 7.63 7.63 7.63 7.59 7.59 7.59 11.87 7.54 3.00 3.00 4.21 11.15 7.53 7.53 7.53 20.17 10.52 3.13 3.13 4.38 7.71 7.71 7.71 7.83 7.83 7.83 14.32 8.04 8.04 8.04 8.04 7.40 7.40 7.40 7.40 7.50 7.50 13.65 7.50 7.25 7.25 7.25 7.25 7.03 13.00 7.03 7.03 6.12 6.12 6.12 11.69 11.90 11.96 11.96 6.52 6.74 6.74 6.74 6.74 6.62 11.89 6.62 6.62 5.97 5.97 5.97 5.97 5.93 5.93 5.93 5.93 5.87 5.87 5.87 5.87
6.78 6.78 6.78 6.78 6.74 6.74 6.74 6.74 7.58 7.58 7.58 7.58 7.55 7.55 5.04 7.55 7.51 3.94 3.00 3.00 4.21 7.53 7.53 10.92 7.81 3.13 3.13 3.13 4.38 4.56 4.38 7.83 7.90 7.90 7.90 7.90 8.05 8.05 8.05 8.05 7.39 13.57 7.39 7.39 7.33 7.33 7.33 7.33 7.08 7.08 7.08 7.08 7.08 7.08 7.08 7.08 6.43 6.43 6.43 6.43 6.50 6.50 6.50 6.50 6.66 6.66 6.66 6.66 6.56 6.56 6.56 6.56 5.96 5.96 5.96 5.96 5.91 5.91 5.91 5.91 10.39 5.80 5.80 5.80
6.78 6.78 6.78 6.78 6.74 6.74 6.74 6.74 7.58 7.58 7.58 7.58 7.55 7.55 4.21 4.21 4.93 4.83 3.00 2.74 3.00 3.00 3.95 7.53 3.10 4.91 3.13 3.13 4.38 4.56 4.38 5.24 7.90 7.90 7.90 7.90 8.05 8.05 8.05 14.69 7.39 7.39 7.39 7.39 7.33 7.33 7.33 7.33 7.08 7.08 7.08 7.08 7.08 7.08 7.08 7.08 6.43 6.43 6.43 6.43 6.50 6.50 6.50 16.85 12.02 6.66 6.66 6.66 6.56 6.56 6.56 6.56 5.96 5.96 5.96 5.96 5.91 5.91 5.91 5.91 10.39 5.80 5.80 5.80
6.78 6.78 6.78 6.78 6.74 6.74 6.74 6.74 7.58 7.58 7.58 7.58 4.21 8.76 5.29 3.00 3.28 3.28 2.74 2.96 3.00 3.00 3.95 3.00 3.13 3.13 3.13 3.13 3.13 4.38 4.38 5.12 7.90 7.90 7.90 7.90 8.05 8.05 8.05 8.05 7.39 7.39 7.39 7.39 7.33 7.33 13.46 7.33 7.08 13.05 13.05 7.08 7.08 7.08 7.08 7.08 6.43 6.43 6.43 6.43 6.50 6.50 6.50 16.47 6.66 6.66 6.66 6.66 6.56 6.56 6.56 6.56 5.96 5.96 5.96 5.96 5.91 5.91 5.91 5.91 5.80 5.80 5.80 5.80
6.78 6.78 6.78 6.78 6.74 6.74 6.74 6.74 7.58 7.58 7.58 20.09 4.21 4.21 3.00 3.00 4.90 6.88 3.00 2.96 2.96 3.95 3.95 2.96 3.13 3.13 3.13 3.13 3.13 3.13 4.38 5.24 7.90 7.90 7.90 7.90 8.05 8.05 8.05 8.05 7.39 7.39 7.39 7.39 7.33 7.33 7.33 7.33 7.08 7.08 7.08 7.08 7.08 7.08 7.08 7.08 6.43 6.43 6.43 6.43 6.50 6.50 10.27 6.74 6.66 6.66 12.02 6.66 6.56 6.56 11.83 6.56 5.96 5.96 5.96 5.96 5.91 5.91 5.91 5.91 5.80 5.80 5.80 5.80
6.79 6.79 6.79 6.79 6.79 6.79 6.79 13.06 7.60 7.60 7.60 4.21 4.21 4.21 3.00 3.00 3.00 2.74 3.00 3.00 3.00 3.00 3.00 3.00 3.13 3.13 3.13 2.86 5.95 5.95 4.20 7.92 7.98 7.98 7.98 7.98 8.08 8.08 8.08 8.08 7.30 7.30 7.30 7.30 7.11 13.11 7.11 7.11 13.02 7.06 7.06 7.06 7.27 7.27 7.27 7.27 6.44 6.44 6.44 6.44 17.31 11.74 6.64 6.64 6.56 6.56 6.56 6.56 11.84 9.82 6.57 6.57 5.98 10.71 5.98 5.98 5.90 5.90 5.90 5.90 5.73 5.73 5.73 15.04
6.79 6.79 6.79 6.79 6.79 6.79 6.79 6.79 7.60 7.60 7.60 7.60 4.21 4.21 3.00 3.00 3.00 3.00 3.28 3.00 3.00 3.00 3.00 3.00 3.13 3.13 2.86 2.86 5.95 4.20 4.20 7.92 7.98 7.98 7.98 7.98 8.08 8.08 8.08 8.08 14.00 7.30 7.30 7.30 7.11 7.11 7.11 7.11 7.06 7.06 7.06 7.06 7.27 7.27 7.27 7.27 6.44 6.44 11.83 11.83 11.74 6.40 6.64 6.64 6.56 6.56 6.56 6.56 6.57 6.57 6.57 11.37 5.98 5.98 5.98 5.98 5.90 14.65 10.57 5.90 5.73 10.25 5.73 5.73
6.79 6.79 6.79 6.79 6.79 6.79 6.79 6.79 7.60 7.60 8.22 3.00 4.69 3.00 3.00 3.00 3.73 3.00 2.97 2.97 3.00 3.00 3.00 2.74 2.86 2.86 2.86 2.86 4.20 5.95 4.20 7.92 7.98 7.98 7.98 7.98 8.08 8.08 8.08 8.08 7.30 7.30 7.30 7.30 7.11 7.11 7.11 7.11 7.06 7.06 7.06 7.06 7.27 7.27 7.27 7.27 12.46 6.44 6.44 6.44 6.40 6.40 6.64 6.64 6.56 6.56 6.56 6.56 6.57 6.57 6.57 6.57 5.98 5.98 5.98 5.98 5.90 10.57 10.57 5.90 5.73 5.73 5.73 5.73
14.64 5.86 5.86 6.79 6.79 12.50 6.79 25.49 13.84 3.99 4.69 3.00 3.00 5.19 3.28 4.69 2.74 3.28 3.00 5.73 6.01 4.00 4.82 2.74 2.86 2.86 2.86 4.19 4.20 4.20 7.92 7.92 7.98 7.98 7.98 7.98 8.08 8.08 5.34 8.08 7.30 7.30 7.30 7.30 7.11 7.11 7.11 7.11 7.06 7.06 7.06 7.06 7.27 7.27 7.27 7.27 6.44 6.44 6.44 6.44 6.40 6.64 6.64 6.64 6.56 6.56 6.56 6.56 6.57 30.10 11.82 6.57 5.98 5.98 5.98 5.98 5.90 5.90 5.90 5.90 10.22 5.73 5.73 5.73
10.54 5.85 5.85 5.85 10.56 10.56 6.80 6.80 7.62 7.62 4.00 3.00 3.00 3.28 3.73 2.74 3.00 3.00 3.00 5.73 5.73 4.02 2.74 2.74 2.86 2.86 2.86 3.14 9.36 11.13 7.96 7.96 7.98 7.98 7.98 7.98 14.55 7.98 7.98 5.30 7.09 7.09 7.09 7.09 5.62 2.81 3.97 7.04 7.12 7.12 7.12 7.12 13.18 7.21 7.21 7.21 6.09 6.09 6.09 6.09 6.05 6.49 6.49 6.49 6.48 6.48 6.48 6.48 11.78 6.53 6.53 6.53 10.69 10.69 5.96 5.96 5.85 5.85 5.85 5.85 5.69 5.69 5.69 5.69
5.85 5.85 5.85 5.85 5.86 5.86 5.86 5.86 6.50 6.50 7.62 4.00 3.00 3.00 6.88 6.88 3.00 3.00 3.00 3.28 4.02 4.02 4.02 2.74 2.86 2.86 3.42 3.13 3.14 3.13 10.72 4.38 4.23 7.98 7.98 7.98 7.98 7.98 9.10 5.30 7.09 7.09 3.73 3.73 2.81 2.81 3.97 7.04 7.12 7.12 7.12 7.12 7.21 7.21 7.21 7.21 6.09 6.09 6.09 6.09 11.70 6.49 6.49 11.69 6.48 6.48 6.48 6.48 6.53 6.53 6.53 6.53 5.96 5.96 5.96 5.96 5.85 5.85 5.85 5.85 5.69 5.69 10.17 5.69
