New_Model_Runs/7_FutureClimate_RCP85_out/post_prcessed_with_MFR/Monthly_summaries/runoff_monthly_FEB.asc
NCOLS 700
NROWS 400
XLLCENTER 515000.000000
YLLCENTER 8409000.000000
CELLSIZE 50.000000
NODATA_value -999.000000
[rows 190 to 227 of 400, columns 252 to 335 of 700]
0.10 0.10 0.10 0.10 0.11 0.11 0.12 0.11 0.10 0.10 0.10 0.10 0.10 0.10 0.10 0.10 0.10 0.10 0.10 0.11 0.10 0.12 0.10 0.10 0.12 0.11 0.11 0.11 0.11 0.11 0.11 0.11 0.12 0.12 0.12 0.12 0.74 0.74 0.74 0.74 0.75 0.75 0.75 0.75 0.73 0.73 0.73 0.73 0.68 0.68 0.68 0.07 0.07 0.07 0.07 0.07 0.71 0.71 0.71 0.71 0.73 0.73 0.73 1.12 1.14 1.14 0.75 0.75 1.01 1.01 1.01 1.01 1.00 1.00 1.00 1.00 0.99 0.99 0.99 0.99 0.98 0.98 0.75 0.75
0.10 0.10 0.10 0.11 0.11 0.11 0.11 0.11 0.10 0.10 0.10 0.10 0.10 0.10 0.10 0.10 0.11 0.10 0.10 0.10 0.10 0.10 0.12 0.10 0.11 0.11 0.11 0.12 0.11 0.11 0.11 0.13 0.12 0.12 0.12 0.12 0.13 0.13 0.74 0.74 0.75 0.75 0.75 0.75 0.73 0.73 0.73 0.73 0.68 0.68 0.07 0.07 0.07 0.07 0.07 0.69 0.71 0.71 0.71 1.00 1.11 1.12 0.73 0.73 1.14 0.75 0.75 0.75 1.01 1.01 1.01 1.01 1.00 1.00 1.00 1.00 0.99 0.99 0.99 1.50 0.98 0.98 0.98 0.98
0.09 0.09 0.09 0.09 0.10 0.12 0.10 0.10 0.11 0.10 0.10 0.10 0.09 0.09 0.09 0.09 0.09 0.10 0.09 0.09 0.10 0.10 0.10 0.10 0.11 0.11 0.11 0.11 0.11 0.11 0.11 0.11 0.11 0.11 0.11 0.11 0.12 0.12 0.12 0.70 0.70 0.70 0.70 0.70 0.67 0.67 0.67 0.67 0.65 0.06 0.06 0.06 0.07 0.07 0.07 0.70 0.72 0.72 0.72 1.02 0.74 0.74 0.74 0.74 0.76 1.16 0.76 0.76 1.02 1.02 1.02 1.02 1.02 1.02 1.02 1.02 1.03 1.03 1.03 1.03 1.51 1.00 1.00 1.00
0.09 0.09 0.09 0.09 0.10 0.12 0.10 0.10 0.10 0.10 0.10 0.10 0.09 0.09 0.09 0.09 0.09 0.09 0.09 0.09 0.10 0.10 0.10 0.10 0.11 0.11 0.11 0.11 0.11 0.11 0.11 0.13 0.11 0.11 0.11 0.11 0.12 0.12 0.12 0.12 0.12 0.70 0.70 0.70 0.67 0.67 0.07 0.07 0.65 0.06 0.06 0.06 0.07 0.07 0.07 0.70 0.72 0.72 1.48 0.72 0.74 0.74 0.74 0.74 0.76 0.76 0.76 0.76 1.02 1.02 1.02 1.02 1.02 1.02 1.02 1.02 1.03 1.03 1.03 1.03 1.00 1.00 1.00 1.00
0.15 0.15 0.15 0.15 0.15 0.32 0.15 0.15 0.14 0.14 0.16 0.14 0.14 0.14 0.16 0.14 0.14 0.14 0.14 0.14 0.13 0.13 0.13 0.13 0.14 0.14 0.14 0.14 0.14 0.14 0.14 0.14 0.14 0.14 0.14 0.14 0.14 0.14 0.14 0.14 0.14 0.14 0.76 0.76 0.73 0.07 0.07 0.07 0.07 0.07 0.07 0.07 0.08 0.08 0.08 0.80 0.78 1.18 0.78 0.78 0.80 0.80 0.80 0.80 1.24 0.81 0.81 0.81 0.84 0.84 1.28 0.84 0.84 0.84 0.84 0.84 0.93 0.33 0.93 0.93 0.83 0.83 1.34 0.83
0.15 0.15 0.15 0.15 0.15 0.15 0.32 0.15 0.14 0.14 0.14 0.14 0.14 0.14 0.14 0.14 0.14 0.14 0.14 0.14 0.13 0.13 0.13 0.13 0.14 0.14 0.14 0.14 0.14 0.14 0.14 0.14 0.14 0.14 0.14 0.14 0.14 0.14 0.14 0.14 0.14 0.14 0.14 0.76 0.07 0.07 0.07 0.73 0.71 0.07 0.07 0.71 0.75 0.08 0.08 0.08 0.78 0.78 0.27 0.78 0.80 0.80 0.80 0.80 0.81 0.81 0.81 1.24 0.84 0.84 0.84 1.28 0.84 0.84 0.84 0.84 0.93 0.93 1.86 0.93 0.83 1.26 0.83 0.83
0.17 0.17 0.17 0.14 0.14 0.14 0.14 0.14 0.14 0.14 0.15 0.14 0.14 0.14 0.14 0.14 0.16 0.16 0.16 0.16 0.14 0.14 0.14 0.14 0.14 0.14 0.14 0.14 0.14 0.14 0.14 0.14 0.15 0.15 0.15 0.15 0.14 0.14 0.14 0.14 0.13 0.13 0.13 0.13 0.13 0.72 0.72 0.72 0.71 0.71 0.71 0.71 0.08 0.08 0.08 0.08 0.78 1.42 0.78 0.78 0.80 0.80 0.80 0.80 0.82 0.82 0.82 0.82 0.84 0.84 0.84 0.84 1.32 0.95 0.95 0.95 0.95 0.95 0.95 0.95 0.83 0.83 0.83 0.83
0.14 0.14 0.14 0.16 0.14 0.14 0.14 0.14 0.14 0.14 0.14 0.14 0.14 0.14 0.14 0.14 0.16 0.16 0.16 0.16 0.14 0.14 0.14 0.14 0.14 0.14 0.14 0.14 0.14 0.14 0.14 0.14 0.15 0.15 0.15 0.15 0.14 0.14 0.14 0.14 0.13 0.13 0.13 0.13 0.13 0.13 0.72 0.72 0.71 0.71 0.71 0.71 0.08 0.08 0.08 0.08 0.65 0.65 0.78 0.78 0.80 0.80 0.80 0.80 0.82 0.82 0.82 0.82 0.84 0.84 0.84 0.84 0.95 0.95 0.95 0.95 0.95 0.95 0.95 0.95 0.83 0.83 0.83 0.83
0.14 0.14 0.14 0.16 0.14 0.14 0.14 0.14 0.14 0.14 0.14 0.14 0.14 0.14 0.14 0.14 0.16 0.16 0.16 0.16 0.14 0.14 0.14 0.14 0.14 0.14 0.14 0.14 0.14 0.14 0.14 0.14 0.15 0.15 0.15 0.15 0.14 0.14 0.14 0.14 0.13 0.13 0.13 0.13 0.13 0.13 0.13 0.13 0.71 0.71 0.71 0.71 0.08 0.08 0.77 0.08 0.08 0.08 0.78 0.78 0.80 0.80 0.80 0.80 0.82 0.82 0.82 0.82 0.84 0.84 0.84 0.84 0.95 0.95 0.95 0.95 0.95 0.95 1.44 1.31 0.83 0.83 0.83 1.24
0.14 0.14 0.14 0.14 0.14 0.14 0.14 0.14 0.15 0.14 0.14 0.14 0.14 0.14 0.14 0.14 0.16 0.16 0.16 0.16 0.14 0.14 0.14 0.14 0.14 0.14 0.14 0.14 0.14 0.14 0.14 0.14 0.15 0.15 0.15 0.15 0.14 0.14 0.14 0.14 0.13 0.13 0.13 0.13 0.13 0.13 0.13 0.13 0.13 0.71 0.71 0.71 0.77 0.77 0.77 0.77 0.78 0.78 0.78 0.78 0.80 0.80 0.80 0.80 0.82 0.82 0.82 0.82 1.28 1.29 1.29 1.29 0.95 0.95 0.95 0.95 0.95 1.44 0.95 0.95 0.83 0.83 0.83 0.83
0.14 0.14 0.14 0.14 0.14 0.14 0.14 0.14 0.18 0.14 0.14 0.14 0.30 0.30 0.30 0.30 0.32 0.32 0.32 0.32 0.15 0.15 0.15 0.15 0.15 0.15 0.15 0.15 0.15 0.15 0.15 0.15 0.16 0.16 0.16 0.16 0.14 0.14 0.14 0.14 0.14 0.14 0.15 0.14 0.13 0.13 0.15 0.13 0.13 0.13 0.13 0.72 0.79 0.79 0.79 0.79 0.80 0.80 0.80 0.80 0.80 0.80 0.80 0.80 0.82 0.82 0.82 0.82 1.52 0.85 0.85 0.85 0.95 0.95 0.95 0.95 1.36 0.95 0.95 0.95 0.82 0.82 0.82 1.43
0.14 0.14 0.14 0.14 0.14 0.16 0.16 0.14 0.14 0.14 0.14 0.14 0.30 0.30 0.30 0.30 0.32 0.32 0.32 0.32 0.15 0.15 0.15 0.15 0.15 0.15 0.15 0.15 0.15 0.15 0.15 0.15 0.16 0.16 0.16 0.16 0.14 0.14 0.16 0.14 0.15 0.15 0.14 0.14 0.13 0.13 0.13 0.13 0.13 0.13 0.00 0.13 0.79 0.79 0.79 0.79 0.80 0.80 0.80 0.80 0.80 0.80 0.80 0.80 0.82 0.82 0.82 1.25 0.85 0.85 0.85 0.85 0.95 0.95 0.95 0.95 0.95 0.95 0.95 1.36 1.71 1.49 1.25 1.22
0.14 0.14 0.14 0.14 0.14 0.14 0.14 0.14 0.14 0.14 0.14 0.14 0.30 0.30 0.30 0.30 0.32 0.32 0.32 0.04 0.15 0.15 0.15 0.15 0.15 0.15 0.15 0.15 0.15 0.15 0.15 0.15 0.16 0.16 0.16 0.32 0.14 0.14 0.14 0.14 0.14 0.14 0.14 0.14 0.13 0.13 0.13 0.13 0.13 0.13 0.00 0.13 0.15 0.79 0.79 0.79 0.80 0.80 0.80 0.80 0.80 0.80 0.80 0.80 0.82 0.82 0.82 0.82 0.85 0.85 0.85 0.85 0.95 0.95 0.95 0.95 0.95 1.36 0.95 0.95 0.82 0.82 1.25 0.82
0.14 0.16 0.16 0.16 0.14 0.14 0.14 0.14 0.14 0.14 0.14 0.14 0.30 0.39 0.30 0.30 0.32 0.32 0.32 0.04 0.04 0.15 0.15 0.15 0.15 0.15 0.15 0.15 0.15 0.15 0.15 0.15 0.16 0.00 0.16 0.16 0.14 0.14 0.14 0.14 0.14 0.14 0.14 0.14 0.15 0.13 0.13 0.13 0.13 0.13 0.13 0.13 0.15 0.15 0.15 0.79 0.80 0.80 1.23 0.80 0.80 0.80 0.80 0.80 0.82 0.82 0.82 0.82 0.85 0.85 0.85 0.85 0.95 0.95 0.95 1.90 0.95 0.95 1.36 0.95 0.82 0.82 0.82 0.82
0.14 0.14 0.14 0.14 0.14 0.14 0.14 0.14 0.15 0.15 0.15 0.15 0.31 0.31 0.31 0.31 0.33 0.33 0.33 0.04 0.04 0.30 0.39 0.30 0.30 0.30 0.30 0.30 0.30 0.30 0.30 0.04 0.00 0.15 0.15 0.15 0.14 0.14 0.14 0.14 0.13 0.13 0.13 0.13 0.15 0.13 0.13 0.13 0.13 0.13 0.13 0.13 0.15 0.15 0.15 0.15 0.81 0.81 0.81 0.81 0.82 0.82 0.82 0.82 0.83 0.83 0.83 0.83 0.94 0.94 0.94 0.94 0.95 0.95 0.95 1.44 0.94 0.94 0.94 0.94 0.81 0.81 0.81 0.81
2.18 0.14 0.14 0.14 0.14 0.14 0.14 0.14 0.17 0.15 0.15 0.15 0.31 0.31 0.31 0.31 0.33 0.33 0.04 0.04 0.04 0.30 0.30 0.30 0.30 0.30 0.04 0.30 0.30 0.30 0.04 0.04 0.00 0.15 0.15 0.15 0.14 0.14 0.14 0.14 0.13 0.13 0.13 0.13 0.13 0.13 0.13 0.13 0.13 0.13 0.13 0.13 0.15 0.15 0.15 0.15 0.16 0.16 0.81 0.81 0.82 0.82 0.82 0.82 0.83 0.83 0.83 0.83 0.94 0.94 0.94 0.94 0.95 0.95 0.95 0.95 0.94 0.94 0.94 0.94 0.81 0.81 0.81 0.81
2.18 0.14 0.14 0.14 0.14 0.14 0.14 0.14 0.15 0.15 0.15 0.15 0.31 0.31 0.31 0.31 0.33 0.33 0.04 0.04 0.04 0.30 0.30 0.30 0.30 0.04 0.04 0.04 0.04 0.04 0.04 0.04 0.15 0.15 0.32 0.15 0.14 0.14 0.16 0.14 0.13 0.13 0.15 0.13 0.13 0.13 0.13 0.13 0.13 0.13 0.13 0.13 0.15 0.15 0.15 0.15 0.16 0.74 0.16 0.81 0.82 0.82 0.82 0.82 0.83 0.83 0.83 0.83 0.94 0.94 0.94 0.94 0.95 0.95 0.95 0.95 0.94 0.94 0.94 0.94 0.81 0.81 0.81 0.81
2.18 0.14 0.14 0.14 0.14 0.14 0.14 0.14 0.15 0.15 0.15 0.15 0.31 0.31 0.31 0.31 0.33 0.33 0.04 0.04 0.04 0.04 0.30 0.30 0.30 0.04 0.04 0.04 0.04 0.04 0.04 0.30 0.15 0.15 0.15 0.15 0.14 0.14 0.14 0.14 0.13 0.13 0.15 0.15 0.13 0.13 0.13 0.13 0.13 0.13 0.13 0.13 0.15 0.15 0.15 0.15 0.16 0.16 0.16 0.16 0.30 0.82 0.82 0.82 0.83 0.83 0.83 0.83 0.94 0.94 0.94 0.94 0.95 0.95 0.95 1.43 0.94 0.94 0.94 0.94 0.81 1.69 0.81 0.81
2.15 2.15 0.14 0.14 0.14 0.14 0.14 0.14 0.15 0.15 0.15 0.15 0.32 0.32 0.32 0.32 0.33 0.33 0.04 0.04 0.04 0.04 0.30 0.30 0.04 0.04 0.30 0.04 0.00 0.06 0.32 0.15 0.15 0.15 0.15 0.15 0.14 0.14 0.14 0.14 0.13 0.13 0.13 0.13 0.13 0.13 0.13 0.13 0.14 0.14 0.14 0.14 0.15 0.15 0.15 0.15 0.30 0.30 0.30 0.30 0.31 0.31 0.84 0.84 0.93 0.93 0.93 0.93 0.96 0.96 0.96 0.96 0.97 0.97 0.21 0.27 0.94 0.20 0.20 0.94 0.80 0.80 0.80 0.80
2.15 2.17 0.14 0.14 0.14 0.14 0.14 0.14 0.15 0.15 0.15 0.15 0.32 0.32 0.32 0.32 0.33 0.33 0.04 0.04 0.04 0.04 0.04 0.04 0.04 0.30 0.40 0.04 0.00 0.15 0.15 0.32 0.15 0.15 0.15 0.15 0.14 0.14 0.14 0.14 0.13 0.13 0.13 0.13 0.13 0.13 0.13 0.13 0.14 0.14 0.14 0.14 0.15 0.15 0.15 0.15 0.30 0.30 0.30 0.30 0.31 0.31 0.31 0.31 0.93 0.93 0.93 0.93 0.96 0.96 0.96 0.21 0.21 0.84 0.21 0.12 0.20 0.20 0.20 0.20 0.80 0.80 0.80 0.80
2.57 2.57 0.36 0.36 0.31 0.31 0.31 0.31 0.35 0.35 0.35 0.35 0.37 0.37 0.37 0.37 0.51 0.51 0.08 0.08 0.00 0.00 0.15 0.15 0.15 0.15 0.15 0.00 0.00 0.14 0.14 0.14 0.15 0.13 0.13 0.13 0.11 0.11 0.11 0.11 0.12 0.11 0.11 0.11 0.10 0.10 0.10 0.10 0.11 0.11 0.11 0.11 0.11 0.11 0.11 0.11 0.11 0.11 0.11 0.11 0.12 0.88 0.12 0.12 0.12 0.68 0.68 0.68 0.63 0.63 0.46 0.46 0.46 0.10 0.08 0.10 0.12 0.12 0.12 0.12 0.56 0.56 0.56 0.56
2.57 4.54 2.57 0.36 0.31 0.31 0.31 0.31 0.35 0.35 0.35 0.35 0.37 0.37 0.37 0.37 0.51 0.08 0.08 0.08 0.00 0.15 0.15 0.15 0.15 0.17 0.00 0.00 0.14 0.14 0.14 0.14 0.13 0.13 0.13 0.13 0.11 0.11 0.11 0.11 0.11 0.12 0.11 0.11 0.10 0.10 0.10 0.10 0.11 0.11 0.11 0.11 0.11 0.11 0.11 0.11 0.11 0.11 0.11 0.11 0.13 0.12 0.12 0.88 0.12 0.12 0.68 0.68 0.12 0.63 0.06 0.08 0.08 0.18 0.12 0.12 0.62 0.62 0.62 0.62 0.56 0.56 0.56 0.56
6.09 2.53 2.53 0.35 0.33 0.33 0.33 0.33 0.36 0.36 0.36 0.36 0.51 0.51 0.51 0.51 0.51 0.08 0.08 0.08 0.00 0.15 0.15 0.15 0.14 0.14 0.14 0.14 0.14 0.14 0.14 0.14 0.13 0.13 0.13 0.13 0.11 0.11 0.11 0.12 0.11 0.11 0.11 0.11 0.11 0.11 0.11 0.11 0.11 0.11 0.11 0.11 0.11 0.11 0.11 0.11 0.11 0.11 0.11 0.11 0.12 0.12 0.12 0.01 0.88 0.12 0.12 0.08 0.06 0.12 0.05 0.06 0.06 0.08 0.12 0.63 0.60 0.60 0.60 0.82 0.56 0.56 0.56 0.56
2.53 4.45 2.53 2.53 0.33 0.33 0.33 0.33 0.36 0.36 0.36 0.36 0.51 0.51 0.51 0.51 0.51 0.08 0.08 0.08 0.00 0.15 0.15 0.15 0.14 0.14 0.14 0.14 0.14 0.14 0.14 0.14 0.13 0.13 0.13 0.13 0.14 0.11 0.11 0.11 0.11 0.11 0.11 0.11 0.11 0.11 0.11 0.11 0.11 0.11 0.11 0.11 0.11 0.11 0.11 0.11 0.11 0.11 0.11 0.11 0.12 0.12 0.00 0.12 0.88 0.12 0.12 0.08 0.01 0.10 0.10 0.06 0.08 0.08 0.12 0.63 0.60 0.60 0.60 0.60 0.56 0.56 0.56 0.56
2.53 2.53 2.53 2.53 0.33 0.33 0.33 0.33 0.36 0.36 0.36 0.36 0.51 0.51 0.51 0.51 0.51 0.08 0.08 0.08 0.00 0.15 0.15 0.15 0.14 0.14 0.16 0.14 0.14 0.14 0.15 0.14 0.13 0.13 0.13 0.13 0.13 0.11 0.11 0.11 0.12 0.11 0.11 0.11 0.11 0.11 0.11 0.11 0.11 0.11 0.11 0.11 0.11 0.11 0.11 0.11 0.11 0.11 0.11 0.11 0.12 0.12 0.12 0.00 0.00 0.12 0.12 0.12 0.01 0.12 0.12 0.20 0.08 0.88 0.63 0.63 0.60 0.60 0.60 0.60 0.56 0.56 0.56 0.56
2.53 2.53 2.53 2.53 0.33 0.33 0.33 0.33 0.36 0.36 0.36 0.36 0.51 0.51 0.51 0.51 0.51 0.08 0.08 0.08 0.15 0.15 0.15 0.15 0.16 0.00 0.16 0.14 0.14 0.14 0.15 0.14 0.13 0.13 0.13 0.13 0.16 0.11 0.11 0.11 0.11 0.11 0.11 0.11 0.11 0.11 0.11 0.11 0.11 0.11 0.11 0.11 0.11 0.11 0.11 0.11 0.11 0.11 0.11 0.11 0.12 0.12 0.12 0.00 0.02 0.12 0.12 0.12 0.00 0.12 0.12 0.12 0.20 0.12 0.14 0.63 0.60 0.60 0.60 0.60 0.56 0.56 0.56 0.56
4.47 2.54 2.54 2.54 2.54 0.35 0.35 0.35 0.51 0.51 0.51 0.51 0.51 0.51 0.51 0.51 0.51 0.08 0.08 0.51 0.15 0.15 0.15 0.17 0.14 0.00 0.00 0.14 0.13 0.13 0.13 0.13 0.13 0.13 0.13 0.17 0.11 0.11 0.11 0.11 0.11 0.11 0.11 0.11 0.11 0.11 0.11 0.11 0.11 0.90 0.11 0.11 0.11 0.11 0.11 0.11 0.11 0.11 0.11 0.11 0.11 0.13 0.11 0.00 0.02 0.03 0.01 0.08 0.07 0.12 0.12 0.12 0.15 0.07 0.06 0.61 0.57 0.57 0.57 0.57 0.57 0.57 0.57 0.57
2.54 2.54 2.54 2.54 2.54 0.35 0.35 0.35 0.51 0.51 0.51 0.51 0.51 0.51 0.51 0.08 0.08 0.08 0.51 0.51 0.15 0.15 0.15 0.15 0.14 0.00 0.09 0.16 0.13 0.13 0.13 0.13 0.13 0.13 0.13 0.13 0.11 0.11 0.11 0.11 0.11 0.11 0.11 0.11 0.11 0.11 0.11 0.11 0.01 0.11 0.11 0.11 0.11 0.11 0.13 0.11 0.11 0.11 0.11 0.11 0.11 0.11 0.11 0.00 0.02 0.13 0.13 0.02 0.02 0.08 0.12 0.41 0.43 0.07 0.07 0.12 0.11 0.57 0.57 0.11 0.11 0.11 0.57 1.02
2.54 2.54 2.54 2.54 2.54 2.54 0.35 0.35 0.51 0.51 0.51 0.51 0.08 0.31 0.08 0.08 0.08 0.08 0.51 0.51 0.15 0.15 0.15 0.09 0.09 0.00 0.00 0.14 0.00 0.00 0.13 0.13 0.13 0.13 0.13 0.13 0.11 0.11 0.11 0.11 0.11 0.11 0.11 0.11 0.11 0.11 0.11 0.11 0.11 0.11 0.11 0.11 0.11 0.11 0.11 0.11 0.11 0.11 0.11 0.11 0.11 0.11 0.00 0.00 0.02 0.08 0.08 0.13 0.12 0.41 0.12 0.12 0.12 0.07 0.12 0.21 0.66 0.66 0.10 0.10 0.10 0.08 0.05 0.19
2.54 2.54 2.54 2.54 2.54 2.54 0.35 0.35 0.51 0.51 0.51 0.51 0.08 0.05 0.05 0.04 0.08 0.51 0.51 0.51 0.15 0.99 1.03 0.09 0.09 0.14 0.00 0.00 0.00 0.00 0.00 0.13 0.13 0.13 0.13 0.09 0.02 0.08 0.11 0.11 0.11 0.11 0.11 0.11 0.11 0.11 0.11 0.12 0.11 0.11 0.11 0.11 0.11 0.11 0.13 0.11 0.11 0.11 0.11 0.11 0.11 0.11 0.00 0.00 0.13 0.13 0.13 0.13 0.07 0.12 0.12 0.12 0.12 0.12 0.66 0.66 0.66 0.66 0.66 0.21 0.66 0.21 0.66 0.21
2.60 2.60 2.60 2.60 2.59 2.59 0.36 0.36 0.51 0.51 0.51 0.51 0.08 0.05 0.04 0.04 0.51 0.51 0.51 0.51 0.15 0.99 0.09 0.09 0.02 0.02 0.03 0.00 0.00 0.00 0.00 0.15 0.12 0.12 0.12 0.12 0.13 0.06 0.11 0.11 0.11 0.11 0.11 0.11 0.11 0.11 0.11 0.11 0.11 0.11 0.11 0.11 0.11 0.11 0.00 0.11 0.12 0.12 0.12 0.01 0.01 0.11 0.00 0.00 0.00 0.08 0.13 0.13 0.07 0.07 0.12 0.12 0.12 0.66 0.66 0.66 0.14 0.21 0.66 0.00 0.66 0.21 0.66 0.66
2.60 2.60 2.60 2.60 2.59 2.59 2.59 0.36 0.51 0.51 0.51 0.51 0.08 0.05 0.08 0.51 0.51 0.51 0.51 0.51 0.15 0.09 0.10 0.09 0.02 0.01 0.01 0.00 0.00 0.00 0.00 0.13 0.12 0.12 0.12 0.12 0.11 0.37 0.02 0.13 0.11 0.11 0.11 0.11 0.11 0.11 0.11 0.11 0.11 0.11 0.11 0.11 0.11 0.11 0.02 0.02 0.20 0.12 0.01 0.88 0.88 0.93 0.11 0.00 0.00 0.08 0.13 0.45 0.12 0.41 0.41 0.41 0.21 0.66 0.14 0.21 0.21 0.14 2.42 0.00 0.00 0.00 0.14 0.21
2.60 2.60 2.60 2.60 2.59 2.59 2.59 0.36 0.51 0.51 0.51 0.51 0.04 0.04 0.08 0.51 0.51 0.51 0.51 0.51 0.15 0.33 0.09 0.09 0.01 0.06 0.03 0.00 0.00 0.00 0.13 0.13 0.01 0.12 0.12 0.12 0.03 0.35 0.02 0.00 0.11 0.01 0.11 0.11 0.11 0.11 0.11 0.11 0.11 0.11 0.11 0.08 0.11 0.11 0.02 0.01 0.08 0.02 0.00 0.88 0.88 0.88 0.11 0.11 0.11 0.01 0.13 0.13 0.41 0.41 0.41 0.66 0.21 0.21 0.13 0.13 0.21 0.21 0.00 0.00 0.00 0.00 0.00 0.60
2.60 2.60 2.60 2.60 2.59 2.59 2.59 1.52 0.51 0.51 0.51 0.20 0.04 0.04 0.51 0.51 0.51 0.51 0.51 0.51 0.15 0.15 0.15 0.11 0.01 0.02 0.14 0.14 0.00 0.13 0.15 0.13 0.01 0.12 0.01 0.16 0.11 0.00 0.35 0.05 0.03 0.03 0.00 0.11 0.11 0.11 0.11 0.11 0.11 0.11 0.11 0.08 0.11 0.08 0.02 0.09 0.13 0.13 0.13 0.09 0.88 0.01 0.88 0.11 0.02 0.08 0.45 0.13 0.12 0.41 0.21 0.21 0.21 0.13 0.21 0.21 0.21 0.21 0.00 0.00 0.00 0.00 0.00 0.00
2.65 2.65 2.65 2.65 2.61 4.58 2.61 2.61 0.51 1.21 0.08 0.04 0.13 0.13 0.51 0.51 0.51 0.51 0.51 0.51 0.15 0.17 0.09 0.11 0.02 0.14 0.14 0.14 0.14 0.12 0.12 0.12 0.01 0.29 0.29 0.12 0.11 0.11 0.08 0.05 0.02 0.03 0.03 0.12 0.13 0.11 0.11 0.11 0.11 0.11 0.11 0.08 0.08 0.08 0.34 0.13 0.13 0.13 0.13 0.02 0.88 0.88 0.45 0.45 0.45 0.13 0.13 0.13 0.07 0.21 0.13 0.13 0.21 0.21 0.14 0.21 0.21 0.21 0.00 0.00 0.00 0.00 0.00 0.00
2.65 2.65 2.65 2.65 2.61 2.61 2.61 2.61 1.21 0.11 0.05 0.13 0.51 1.21 0.51 0.51 0.51 0.51 0.51 0.51 0.15 0.15 0.01 0.06 0.06 0.14 0.14 0.14 0.12 0.14 0.12 0.29 0.12 0.29 0.29 0.15 0.11 0.11 0.11 0.14 0.13 0.05 0.01 0.12 0.11 0.13 0.11 0.11 0.11 0.11 0.11 0.11 0.11 0.08 0.05 0.13 0.13 0.13 0.45 0.45 0.01 0.09 0.45 0.45 0.45 0.13 0.08 0.13 0.21 0.21 0.13 1.22 0.13 0.14 0.21 0.21 0.21 0.14 0.21 0.00 0.00 0.00 0.00 0.00
2.71 2.71 2.71 2.71 2.45 2.45 2.45 2.45 1.14 0.03 0.03 0.35 0.08 0.08 0.08 0.35 0.35 0.35 0.35 0.62 0.11 0.11 0.04 0.04 0.04 0.00 0.00 0.11 0.10 0.10 0.12 0.24 0.24 0.24 0.24 0.09 0.08 0.08 0.08 0.08 0.00 0.03 0.04 0.01 0.01 0.08 0.08 0.08 0.27 0.08 0.00 0.27 0.07 0.00 0.00 0.00 0.01 0.01 0.06 0.06 0.06 0.00 0.06 0.06 0.01 0.01 0.00 0.90 0.12 0.07 0.08 0.08 0.07 0.08 0.42 0.12 0.07 0.12 0.12 0.00 0.00 0.00 0.00 0.00
2.71 2.71 2.71 2.71 2.45 2.45 2.45 2.45 1.14 0.03 0.03 0.12 1.14 1.14 0.08 0.35 0.35 0.35 0.35 0.24 0.11 0.11 0.01 0.01 0.00 0.00 0.00 0.11 0.10 0.10 0.10 0.24 0.24 0.24 0.24 0.24 0.08 0.08 0.08 0.00 0.00 0.01 0.01 0.00 0.08 0.08 0.08 0.08 0.00 0.00 0.27 0.27 0.24 0.00 0.00 0.06 0.06 0.06 0.00 0.01 0.06 0.00 0.06 0.09 0.09 0.01 0.23 1.69 0.12 0.83 0.13 2.25 0.07 0.12 0.12 0.08 0.13 0.13 0.00 0.00 0.00 0.00 0.00 0.00
