New_Model_Runs/7_FutureClimate_RCP85_out/post_prcessed_with_MFR/Monthly_summaries/runoff_monthly_SEP.asc
NCOLS 700
NROWS 400
XLLCENTER 515000.000000
YLLCENTER 8409000.000000
CELLSIZE 50.000000
NODATA_value -999.000000
[rows 152 to 189 of 400, columns 252 to 335 of 700]
0.00 0.00 0.00 0.00 0.00 0.00 0.00 0.00 0.00 0.00 0.00 0.00 0.00 0.00 0.00 0.00 0.00 0.00 0.00 0.00 0.00 0.00 0.00 0.00 0.00 0.00 0.00 0.00 0.00 0.00 0.00 0.00 0.00 0.00 0.00 0.00 0.00 0.00 0.00 0.00 0.00 0.00 0.00 0.00 0.00 0.00 0.00 2.54 2.50 4.78 2.50 2.50 2.62 2.62 2.62 2.62 4.95 2.60 2.60 2.60 2.61 2.61 2.61 2.61 2.67 2.67 2.67 2.67 2.81 2.81 2.81 2.81 2.86 2.86 1.75 1.97 1.25 1.59 1.59 1.59 4.01 1.59 1.59 3.03
0.00 0.00 0.00 0.00 0.00 0.00 0.00 0.00 0.00 0.00 0.00 0.00 0.00 0.00 0.00 0.00 0.00 0.00 0.00 0.00 0.00 0.00 0.00 0.00 0.00 0.00 0.00 0.00 0.00 0.00 0.00 0.00 0.00 0.00 0.00 0.00 0.00 0.00 0.00 0.00 0.00 0.00 0.00 0.00 0.00 0.00 2.54 2.54 2.50 2.50 2.50 2.50 2.62 2.62 2.62 2.62 2.60 2.60 2.60 2.60 2.61 2.61 2.61 2.61 2.67 2.67 2.67 2.67 2.81 2.81 1.74 2.81 1.75 1.75 1.59 1.59 2.54 1.77 1.59 1.59 1.59 1.44 1.97 1.97
0.00 0.00 0.00 0.00 0.00 0.00 0.00 0.00 0.00 0.00 0.00 0.00 0.00 0.00 0.00 0.00 0.00 0.00 0.00 0.00 0.00 0.00 0.00 0.00 0.00 0.00 0.00 0.00 0.00 0.00 0.00 0.00 0.00 0.00 0.00 0.00 0.00 0.00 0.00 0.00 0.00 0.00 0.00 0.00 0.00 4.84 2.54 2.54 2.50 2.50 2.50 2.50 2.62 2.62 2.62 2.62 2.60 2.60 2.60 2.60 2.61 2.61 2.61 2.61 2.67 2.67 2.67 2.67 2.81 1.74 1.74 1.44 1.34 2.54 1.59 1.59 2.54 1.59 2.74 1.44 1.75 5.31 1.97 1.97
0.00 0.00 0.00 0.00 0.00 0.00 0.00 0.00 0.00 0.00 0.00 0.00 0.00 0.00 0.00 0.00 0.00 0.00 0.00 0.00 0.00 0.00 0.00 0.00 0.00 0.00 0.00 0.00 0.00 0.00 0.00 0.00 0.00 0.00 0.00 0.00 0.00 0.00 0.00 0.00 0.00 0.00 0.00 0.00 0.00 2.54 2.54 2.54 2.50 2.50 2.50 2.50 2.62 2.62 2.62 2.62 2.60 2.60 2.60 2.60 2.61 2.61 2.61 2.61 2.67 2.67 2.67 2.67 2.81 1.74 1.74 1.74 1.34 1.34 1.59 2.54 1.59 1.59 1.80 1.97 2.86 2.86 1.75 2.08
0.00 0.00 0.00 0.00 0.00 0.00 0.00 0.00 0.00 0.00 0.00 0.00 0.00 0.00 0.00 0.00 0.00 0.00 0.00 0.00 0.00 0.00 0.00 0.00 0.00 0.00 0.00 0.00 0.00 0.00 0.00 0.00 0.00 0.00 0.00 0.00 0.00 0.00 0.00 0.00 0.00 0.00 0.00 0.00 5.55 2.53 2.53 2.53 2.52 2.52 2.52 2.52 2.67 2.67 2.67 2.67 2.66 2.66 2.66 2.66 2.66 2.66 2.66 2.66 2.68 2.68 5.11 2.68 5.25 1.73 1.73 1.73 1.77 1.77 1.77 2.54 1.59 2.85 1.97 1.97 2.84 1.75 1.75 2.84
0.00 0.00 0.00 0.00 0.00 0.00 0.00 0.00 0.00 0.00 0.00 0.00 0.00 0.00 0.00 0.00 0.00 0.00 0.00 0.00 0.00 0.00 0.00 0.00 0.00 0.00 0.00 0.00 0.00 0.00 0.00 0.00 0.00 0.00 0.00 0.00 0.00 0.00 0.00 0.00 0.00 0.00 0.00 0.00 2.14 2.53 2.53 2.53 2.52 2.52 2.52 2.52 2.67 2.67 2.67 2.67 2.66 2.66 2.66 2.66 2.66 2.66 2.66 5.10 2.68 2.68 2.68 2.68 2.81 2.81 1.73 1.34 1.77 1.77 1.59 1.25 1.34 1.77 1.75 2.85 1.75 1.75 2.84 2.84
0.00 0.00 0.00 0.00 0.00 0.00 0.00 0.00 0.00 0.00 0.00 0.00 0.00 0.00 0.00 0.00 0.00 0.00 0.00 0.00 0.00 0.00 0.00 0.00 0.00 0.00 0.00 1.46 0.00 0.00 0.00 0.00 0.00 0.00 0.00 0.00 0.00 0.00 0.00 0.00 0.00 0.00 0.00 0.00 2.53 2.53 2.53 2.53 2.52 2.52 2.52 2.52 2.67 2.67 2.67 2.67 2.66 2.66 2.66 2.66 2.66 2.66 2.66 2.66 2.68 2.68 2.68 2.68 2.81 2.81 1.73 1.34 1.44 1.59 1.59 1.59 1.59 1.77 2.85 2.85 2.84 2.84 2.84 2.84
0.00 0.00 0.00 0.00 0.00 0.00 0.00 0.00 0.00 0.00 0.00 0.00 0.00 0.00 0.00 0.00 0.00 0.00 0.00 0.00 0.00 0.00 0.00 0.00 0.00 0.00 2.49 1.46 0.00 0.00 0.00 0.00 0.00 0.00 0.00 0.00 0.00 0.00 0.00 0.00 0.00 0.00 0.00 0.00 0.00 0.00 2.53 2.53 2.52 2.52 2.52 2.52 2.67 2.67 2.67 2.67 2.66 2.66 2.66 2.66 2.66 7.58 2.66 2.66 2.68 2.68 2.68 2.68 2.81 2.81 1.73 1.44 1.44 1.59 2.54 1.59 1.59 2.28 1.34 2.85 2.84 2.84 2.84 2.84
0.00 0.00 0.00 0.00 0.00 0.00 0.00 0.00 0.00 0.00 0.00 0.00 0.00 0.00 0.00 0.00 0.00 0.00 0.00 0.00 0.00 0.00 0.00 0.00 0.00 1.47 1.47 1.47 1.46 0.00 0.00 0.00 0.00 0.00 0.00 0.00 0.00 0.00 0.00 0.00 0.00 0.00 0.00 0.00 0.00 0.00 0.00 0.00 2.58 2.58 2.58 2.58 2.74 2.74 2.74 2.74 2.73 2.73 2.73 2.73 2.70 2.70 2.70 2.70 2.68 2.68 2.68 2.68 2.79 2.79 1.34 1.34 1.59 1.59 2.54 2.54 1.44 2.42 1.76 2.85 2.82 2.82 2.82 2.82
0.00 0.00 0.00 0.00 0.00 0.00 0.00 0.00 0.00 0.00 0.00 0.00 0.00 0.00 0.00 0.00 0.00 0.00 0.00 0.00 0.00 0.00 0.00 0.00 0.00 1.47 1.47 1.47 1.46 1.46 1.46 0.00 0.00 0.00 0.00 0.00 0.00 0.00 0.00 0.00 0.00 0.00 0.00 0.00 0.00 0.00 0.00 0.00 0.00 0.00 1.12 7.48 5.24 2.74 2.74 2.74 2.73 2.73 2.73 2.73 2.70 2.70 2.70 2.70 1.64 2.68 2.68 2.68 2.79 1.44 1.44 1.59 2.54 2.54 1.59 1.25 1.44 1.44 1.44 1.76 2.82 2.82 2.82 2.82
0.00 0.00 0.00 0.00 0.00 0.00 0.00 0.00 0.00 0.00 0.00 0.00 0.00 0.00 0.00 0.00 0.00 0.00 0.00 0.00 0.00 0.00 0.00 0.00 0.00 2.79 5.32 2.79 2.77 2.77 2.77 0.00 0.00 0.00 0.00 0.00 0.00 0.00 0.00 0.00 0.00 0.00 0.00 0.00 0.00 0.00 0.00 0.00 0.00 0.00 1.42 3.11 3.24 3.24 3.24 3.24 3.23 3.23 3.23 3.23 2.02 3.19 3.19 2.02 2.00 3.17 3.17 3.17 2.49 1.86 1.86 1.86 1.86 1.74 1.86 1.79 2.04 1.63 1.86 2.25 3.47 3.47 3.47 3.47
0.00 0.00 0.00 0.00 0.00 0.00 0.00 0.00 0.00 0.00 0.00 0.00 0.00 0.00 0.00 0.00 0.00 0.00 0.00 0.00 0.00 0.00 0.00 0.00 2.79 2.79 2.79 2.79 2.77 5.25 2.77 2.77 2.78 2.78 2.78 2.78 0.00 0.00 0.00 0.00 0.00 0.00 0.00 0.00 0.00 0.00 0.00 0.00 0.00 0.00 2.83 3.11 3.24 3.24 3.24 3.24 3.23 3.23 3.23 2.04 2.02 4.50 2.02 2.02 3.17 8.86 6.06 3.17 3.44 2.49 1.86 1.74 1.86 1.74 1.74 2.04 2.04 2.04 2.04 4.07 3.47 6.65 3.47 3.47
0.00 0.00 0.00 0.00 0.00 0.00 0.00 0.00 0.00 0.00 0.00 0.00 0.00 0.00 0.00 0.00 0.00 0.00 0.00 0.00 0.00 0.00 2.82 2.82 5.25 2.75 2.75 2.75 2.73 2.73 2.73 2.05 2.78 2.78 2.78 2.78 3.07 9.25 0.00 0.00 0.00 0.00 0.00 0.00 0.00 0.00 0.00 0.00 0.00 0.00 0.00 1.42 1.89 2.96 1.72 1.61 2.09 2.09 2.09 2.09 2.05 2.05 2.05 3.24 3.17 3.17 2.07 3.17 3.40 3.40 2.49 2.23 2.04 2.04 2.49 3.95 2.04 2.24 1.74 2.24 2.23 3.47 3.47 3.47
0.00 0.00 0.00 0.00 0.00 0.00 0.00 0.00 0.00 0.00 0.00 0.00 0.00 0.00 0.00 0.00 0.00 0.00 0.00 0.00 2.82 2.82 2.82 2.82 2.75 2.75 2.75 2.75 2.73 5.21 2.73 5.21 3.41 3.18 3.41 2.78 3.07 3.07 3.07 11.22 0.00 0.00 0.00 0.00 0.00 0.00 0.00 0.00 0.00 0.00 0.00 2.83 2.96 1.51 1.89 1.89 1.89 1.72 2.09 2.09 2.05 2.05 2.05 3.24 3.17 3.17 3.17 3.17 3.40 3.40 3.40 2.23 2.49 2.23 2.49 1.63 2.23 3.50 3.50 3.50 5.32 3.47 3.47 3.47
0.00 0.00 0.00 0.00 0.00 0.00 0.00 0.00 0.00 0.00 0.00 0.00 0.00 0.00 0.00 0.00 3.18 2.57 0.00 10.93 2.82 2.82 2.82 2.82 5.25 5.25 2.75 2.75 5.23 2.73 2.73 5.21 2.78 1.79 2.78 2.78 3.07 2.28 1.97 1.97 2.29 0.00 0.00 0.00 0.00 0.00 0.00 0.00 0.00 0.00 0.00 2.83 2.96 1.51 1.51 1.89 1.72 1.72 2.09 2.09 2.05 2.42 6.21 3.24 3.17 3.17 6.07 3.17 3.40 6.52 3.40 3.40 2.23 2.23 2.49 2.04 6.70 3.50 3.50 3.50 3.47 3.47 3.47 3.47
0.00 0.00 0.00 0.00 0.00 0.00 0.00 0.00 0.00 0.00 0.00 0.00 0.00 0.00 0.00 0.00 2.57 2.57 2.57 2.57 2.82 5.35 5.39 2.82 2.75 2.75 2.75 2.75 2.73 2.73 2.73 2.73 2.78 2.78 2.78 2.78 3.07 3.07 3.07 1.97 3.09 0.00 0.00 0.00 0.00 0.00 0.00 0.00 0.00 0.00 0.00 1.42 2.96 2.96 1.51 1.51 1.61 2.07 2.07 3.29 3.24 3.24 3.24 3.24 3.17 3.17 6.09 3.17 3.40 3.40 3.40 3.40 2.23 2.23 2.49 3.47 3.50 3.50 3.50 3.50 3.47 3.47 6.66 3.47
0.00 0.00 0.00 0.00 0.00 0.00 0.00 0.00 0.00 0.00 0.00 0.00 0.00 3.18 2.56 2.56 2.55 2.55 2.55 2.55 2.78 2.78 2.78 2.78 2.70 2.70 2.70 2.70 5.18 2.73 2.73 2.73 2.81 2.81 2.81 2.81 3.11 3.11 3.11 3.11 3.15 0.00 0.00 0.00 0.00 0.00 0.00 0.00 0.00 0.00 5.59 2.83 5.60 2.96 1.89 1.61 1.61 2.07 3.31 3.31 3.27 3.27 3.27 3.27 3.19 3.19 3.19 3.19 3.37 3.37 3.37 3.37 4.87 2.23 2.23 3.42 3.46 3.46 3.46 3.46 3.47 3.47 3.47 3.47
0.00 0.00 0.00 0.00 0.00 0.00 0.00 0.00 0.00 0.00 0.00 0.00 3.18 2.56 2.56 2.56 2.55 2.55 2.55 2.55 2.78 2.78 2.78 2.78 12.41 7.52 2.70 2.70 2.73 2.73 2.73 2.73 2.81 2.81 2.81 2.81 3.68 1.96 1.96 1.80 9.25 0.00 0.00 0.00 0.00 0.00 0.00 0.00 0.00 2.83 3.15 3.15 2.07 2.96 3.19 1.89 1.61 2.07 2.33 3.31 2.07 2.43 3.27 3.27 3.19 3.19 3.19 3.19 3.37 3.37 3.37 3.37 3.42 3.42 2.23 3.42 3.46 3.46 3.46 3.46 3.47 6.65 3.47 6.52
0.00 0.00 0.00 0.00 0.00 0.00 0.00 0.00 0.00 0.00 0.00 0.00 2.56 2.56 2.56 2.56 2.55 2.55 2.55 2.55 2.78 2.78 2.78 2.78 5.15 2.70 5.15 2.70 2.73 2.73 2.73 2.73 2.81 2.81 2.81 2.81 3.68 1.55 1.96 2.83 1.80 0.00 0.00 0.00 0.00 0.00 0.00 0.00 2.83 3.15 3.15 3.15 2.07 2.33 1.72 1.89 1.72 1.61 1.61 1.61 2.07 3.27 3.27 3.27 3.19 3.19 3.19 3.19 3.37 3.37 3.37 3.37 3.42 3.42 3.42 3.42 3.46 3.46 3.46 3.46 3.47 3.47 3.47 3.47
0.00 0.00 0.00 0.00 0.00 0.00 0.00 0.00 0.00 0.00 0.00 3.18 2.56 2.56 2.56 2.56 2.55 2.55 4.86 2.55 2.78 2.78 2.78 2.78 2.70 2.70 2.70 2.70 2.73 2.73 2.73 2.73 2.81 2.81 3.41 2.81 1.96 1.55 2.03 3.06 1.42 1.42 0.00 0.00 0.00 0.00 0.00 2.83 1.99 3.15 3.15 3.15 3.30 2.07 3.84 1.89 1.89 1.89 1.51 2.96 3.71 2.07 3.27 6.22 3.19 3.19 3.19 12.14 9.39 3.37 3.37 3.37 3.42 3.42 3.42 12.73 3.46 3.46 3.46 3.46 3.47 3.47 3.47 3.47
0.00 0.00 0.00 0.00 0.00 0.00 0.00 0.00 0.00 0.00 2.58 2.58 4.87 2.55 2.55 2.55 2.51 4.79 2.51 2.51 2.71 2.71 2.71 2.71 2.70 2.70 2.70 2.70 2.81 2.81 2.81 2.81 2.88 2.88 2.88 2.88 3.16 1.57 2.32 3.68 1.42 2.83 2.83 2.83 0.00 2.83 2.83 2.83 1.42 3.16 3.16 3.16 3.28 3.28 1.61 1.51 1.72 1.61 3.47 1.61 2.07 2.07 6.29 3.28 3.22 3.22 3.22 6.28 3.35 6.41 3.35 3.35 6.41 3.35 6.41 6.47 3.41 3.41 3.41 3.41 3.40 3.40 3.40 3.40
0.00 0.00 0.00 0.00 0.00 0.00 0.00 0.00 0.00 0.00 1.97 1.30 2.55 2.55 4.87 2.55 2.51 2.51 2.51 2.51 2.71 2.71 2.71 2.71 2.70 2.70 2.70 2.70 2.81 2.81 2.81 2.81 2.88 2.88 2.88 2.88 3.16 1.99 1.57 2.32 3.64 2.83 2.83 2.83 2.83 5.34 2.83 1.53 1.99 1.99 3.16 3.16 3.28 3.28 3.28 2.33 1.61 1.61 2.09 2.09 2.08 2.07 3.28 3.28 3.22 6.17 3.22 3.22 3.35 3.35 3.35 3.35 3.35 3.35 3.35 3.35 3.41 3.41 3.41 3.41 3.40 3.40 3.40 3.40
0.00 0.00 0.00 0.00 0.00 0.00 0.00 0.00 0.00 0.00 0.00 1.30 1.28 2.55 2.55 2.55 2.51 2.51 2.51 2.51 2.71 2.71 2.71 2.71 2.70 2.70 2.70 2.70 2.81 2.81 2.81 2.81 2.88 2.88 2.88 2.88 3.16 3.16 1.99 2.47 3.06 1.80 2.83 2.83 3.06 2.83 1.53 1.53 1.63 1.63 2.21 2.21 3.28 3.28 3.28 3.28 2.07 2.07 1.61 2.09 2.08 3.28 3.28 3.28 3.22 3.22 3.22 3.22 3.35 3.35 3.35 3.35 3.35 3.35 3.35 3.35 3.41 3.41 3.41 3.41 3.40 3.40 3.40 3.40
0.00 0.00 0.00 0.00 0.00 0.00 0.00 0.00 0.00 0.00 0.00 1.30 1.28 1.28 1.28 2.55 2.51 2.51 2.51 2.51 2.71 2.71 2.71 2.71 2.70 2.70 2.70 2.70 2.81 2.81 2.81 2.81 2.88 2.88 2.88 2.88 3.16 3.16 1.99 1.63 2.21 1.80 1.80 2.21 2.21 2.21 2.70 1.53 1.99 1.53 1.63 1.97 3.28 3.28 3.28 3.28 3.29 2.07 1.61 1.61 2.08 3.74 3.28 3.28 3.22 3.22 3.22 6.28 3.35 3.35 3.35 3.35 3.35 3.35 3.35 3.35 3.41 3.41 3.41 3.41 3.40 3.40 3.40 3.40
0.00 0.00 0.00 0.00 0.00 0.00 0.00 0.00 0.00 0.00 0.00 1.30 1.28 1.28 1.28 1.28 2.48 2.48 2.48 2.48 5.15 2.70 2.70 2.70 2.77 2.77 1.71 1.71 1.78 1.78 2.88 2.88 2.92 2.92 2.27 1.81 2.01 2.01 2.01 2.21 2.21 1.80 1.80 2.21 1.97 2.21 2.21 1.53 1.99 1.53 1.53 1.99 3.27 3.27 3.27 3.27 3.25 3.25 2.06 2.06 1.61 2.06 2.06 3.25 3.20 3.20 3.20 3.20 3.31 3.31 3.31 3.31 3.31 3.31 3.31 3.31 3.38 3.38 3.38 3.38 3.38 3.38 3.38 3.38
0.00 0.00 0.00 0.00 0.00 0.00 0.00 0.00 0.00 0.00 0.00 1.30 1.28 1.28 1.28 1.28 1.22 4.72 2.48 2.48 5.49 2.70 2.70 2.70 2.77 1.71 1.71 1.71 1.78 1.78 2.88 2.88 2.92 1.81 2.27 1.81 2.47 2.01 1.63 1.63 3.78 1.53 1.80 3.06 1.97 2.21 2.21 3.17 3.16 3.16 1.99 3.16 3.27 3.27 3.27 3.27 3.25 3.25 3.25 3.25 3.25 3.25 3.25 3.25 3.20 3.20 3.20 3.20 3.31 3.31 3.31 3.31 3.31 3.31 3.31 3.31 3.38 3.38 3.38 6.70 3.38 3.38 3.38 3.38
0.00 0.00 0.00 0.00 1.71 0.00 0.00 0.00 0.00 0.00 1.70 1.70 1.67 1.67 1.67 1.67 1.61 1.61 1.61 2.98 3.08 3.08 3.08 3.08 3.17 2.00 2.00 2.00 2.09 3.77 2.09 2.09 2.12 2.12 2.12 1.68 2.26 2.26 1.85 3.16 1.85 1.74 1.85 1.85 3.49 2.49 3.52 3.52 3.50 3.50 3.50 3.50 3.62 3.62 6.94 3.62 3.60 3.60 3.60 3.60 3.61 3.61 3.61 3.61 6.80 3.55 3.55 3.55 6.83 3.57 3.57 3.57 3.56 3.56 3.56 3.56 3.64 3.64 3.64 3.64 3.64 3.64 3.64 3.64
0.00 0.00 0.00 1.53 1.71 1.71 0.00 0.00 0.00 1.70 1.70 1.70 1.67 1.67 1.67 1.67 1.61 1.61 1.61 1.61 3.08 3.08 3.08 3.08 3.17 2.00 2.00 2.00 2.09 2.09 2.09 3.77 2.12 2.12 2.12 3.33 3.53 2.26 1.79 2.26 1.85 1.74 1.74 1.85 1.74 1.85 3.52 3.52 3.50 3.50 3.50 3.50 3.62 3.62 6.91 3.62 3.60 3.60 3.60 6.81 3.61 3.61 3.61 3.61 3.55 3.55 3.55 3.55 3.57 3.57 3.57 3.57 3.56 1.86 3.56 3.56 3.64 3.64 3.64 3.64 3.64 3.64 3.64 3.64
1.53 1.53 1.53 1.53 1.71 1.71 2.65 2.65 1.72 1.72 0.77 1.72 1.69 1.69 1.69 1.69 1.63 2.52 1.63 1.63 1.72 1.72 3.13 3.13 3.19 2.02 2.02 2.02 2.09 3.77 2.09 2.09 2.13 2.13 3.35 3.35 3.54 1.85 1.85 1.74 1.85 4.50 1.85 1.74 1.85 1.74 3.52 6.72 3.49 6.68 6.68 3.49 3.58 3.58 3.58 3.58 3.50 3.50 3.50 3.50 3.46 3.46 3.46 3.46 6.57 3.43 3.43 6.66 6.77 3.53 1.84 1.84 1.87 1.87 3.58 3.58 3.61 3.61 3.61 3.61 3.63 6.96 3.63 3.63
1.53 1.53 1.53 2.44 1.71 1.71 1.71 1.71 1.72 2.66 1.72 1.72 1.69 1.69 1.69 1.69 1.63 1.63 1.63 1.63 1.72 1.72 1.72 3.13 3.19 3.19 2.02 2.02 2.09 2.09 2.09 2.09 3.35 3.35 3.35 3.35 1.74 1.74 1.85 3.20 1.85 1.85 3.47 1.85 3.20 1.85 3.52 3.52 3.49 3.49 3.49 3.49 3.58 3.58 6.86 9.89 6.70 3.50 3.50 3.50 3.46 3.46 3.46 3.46 3.43 3.43 3.43 3.43 3.53 3.53 1.84 3.53 1.87 3.16 3.58 3.58 3.61 3.61 3.61 1.89 3.63 3.63 3.63 3.16
1.53 1.53 2.34 1.53 1.71 1.71 1.71 1.71 1.72 1.72 2.66 1.72 1.69 1.69 1.69 1.69 1.63 1.63 1.63 1.63 1.72 1.72 1.72 1.72 1.78 3.19 2.02 2.02 3.29 3.29 3.29 3.29 3.35 3.35 3.35 2.13 1.85 1.74 1.85 1.85 1.62 2.49 2.49 2.22 1.85 1.85 2.22 3.52 3.49 3.49 3.49 3.49 3.58 3.58 3.58 3.58 3.50 3.50 3.50 3.50 3.46 3.46 3.46 3.46 3.43 3.43 3.43 6.57 3.53 3.53 3.53 3.53 3.58 3.58 3.58 3.58 3.61 3.61 3.61 1.89 3.63 3.63 3.16 5.96
1.53 1.53 1.53 1.53 1.71 1.71 1.71 1.71 1.72 1.72 1.72 1.72 1.69 1.69 1.69 1.69 1.63 1.63 1.63 1.63 1.72 1.72 1.72 1.72 1.78 1.78 3.19 3.19 3.29 3.29 3.29 3.29 3.35 3.35 3.35 2.13 3.54 3.54 4.96 2.03 1.62 3.54 3.54 2.22 2.49 1.85 1.74 3.52 3.49 3.49 3.49 3.49 6.75 3.58 3.58 3.58 3.50 3.50 3.50 3.50 3.46 3.46 3.46 3.46 3.43 3.43 3.43 3.43 3.53 3.53 3.53 3.53 3.58 3.58 3.58 3.58 3.61 3.61 3.16 1.89 3.63 3.63 3.16 3.16
1.51 1.51 2.32 1.51 1.70 1.70 1.70 1.70 1.70 1.70 1.70 1.70 1.69 2.62 1.69 1.69 1.66 1.66 1.66 1.66 1.75 1.75 1.75 1.75 1.75 1.75 1.75 1.75 3.27 3.27 3.27 3.27 3.34 3.34 2.12 5.70 6.76 3.53 4.06 5.75 1.62 6.78 3.54 2.22 2.22 4.00 1.85 2.26 3.98 2.19 3.43 3.43 3.46 3.46 3.46 3.46 3.38 3.38 3.38 3.38 3.40 3.40 3.40 3.40 3.43 3.43 3.43 3.43 3.61 3.61 3.61 3.61 3.65 3.65 3.65 3.65 6.92 3.61 1.89 1.89 3.16 3.16 3.16 3.16
1.51 1.51 1.51 1.51 1.70 2.63 1.70 1.70 1.70 1.70 1.70 1.70 1.69 1.69 1.69 2.60 1.66 1.66 1.66 1.66 1.75 1.75 1.75 1.75 1.75 1.75 1.75 1.75 1.84 3.27 3.27 3.27 3.34 2.12 2.12 3.34 3.53 3.53 3.53 2.03 1.74 2.27 3.54 2.22 2.22 2.22 2.22 2.26 2.19 3.43 3.43 3.43 3.46 3.46 3.46 3.46 3.38 3.38 3.38 3.38 3.40 3.40 3.40 3.40 3.43 3.43 3.43 3.43 3.61 3.61 3.61 3.61 3.65 3.65 3.65 3.65 3.61 6.93 3.61 3.61 3.16 3.16 3.16 3.16
1.51 1.51 1.51 1.51 1.70 1.70 1.70 1.70 1.70 1.70 1.70 1.70 1.69 1.69 1.69 1.69 1.66 1.66 1.66 1.66 1.75 1.75 1.75 2.72 1.75 1.75 1.75 1.75 1.84 1.84 3.27 3.27 6.34 2.12 2.12 12.80 6.76 3.53 2.27 3.33 3.04 1.85 5.65 2.22 3.52 6.75 3.52 3.52 3.43 3.43 3.43 3.43 3.46 3.46 3.46 8.31 3.38 3.38 3.38 3.38 3.40 3.40 3.40 3.40 3.43 3.43 3.43 3.43 3.61 3.61 3.61 3.61 3.65 3.65 3.65 3.65 3.61 3.61 3.61 3.61 3.16 3.16 3.16 3.16
1.51 1.51 1.51 1.51 1.70 3.65 1.70 1.70 1.70 1.70 1.70 1.70 1.69 1.69 1.69 1.69 1.66 1.66 1.66 1.66 1.75 1.75 1.75 1.75 1.75 1.75 1.75 1.75 1.84 1.84 1.84 2.85 3.34 2.12 3.34 6.52 3.53 3.53 2.27 1.74 1.85 1.74 2.27 6.77 3.52 3.52 3.52 3.52 3.43 3.43 6.58 3.43 8.09 1.79 1.79 4.03 3.38 3.38 3.38 3.38 3.40 3.40 3.40 3.40 3.43 3.43 3.43 3.43 3.61 3.61 3.61 3.61 3.65 6.99 3.65 3.65 3.61 3.61 3.61 3.61 3.16 3.16 3.16 3.16
1.49 1.49 1.49 2.28 1.67 1.67 2.59 1.67 1.66 1.66 1.66 3.14 1.63 1.63 1.63 1.63 1.60 1.60 1.60 1.60 1.73 1.73 1.73 1.73 1.75 1.75 1.75 1.75 1.80 4.74 1.80 1.80 1.85 3.28 6.29 3.28 3.48 3.48 6.67 3.48 3.50 2.24 2.24 3.50 6.60 3.44 3.44 6.60 3.32 3.32 3.32 3.32 1.74 3.00 3.06 1.74 1.77 3.42 3.42 3.42 3.48 3.48 3.48 3.48 3.52 3.52 3.52 3.52 3.68 3.68 3.68 3.68 3.67 3.67 3.67 3.67 3.65 3.65 3.65 3.65 3.16 3.16 3.16 3.16
1.49 1.49 1.49 1.49 1.67 2.59 1.67 1.67 1.66 1.66 1.66 1.66 2.51 1.63 1.63 1.63 1.60 1.60 2.47 1.60 1.73 1.73 1.73 1.73 1.75 1.75 1.75 1.75 2.77 1.80 1.80 1.80 1.85 1.85 1.85 3.28 3.48 3.48 3.48 3.48 3.50 3.50 3.50 3.50 3.44 3.44 3.44 3.44 3.32 3.32 3.32 3.32 1.74 1.74 1.74 1.74 3.42 3.42 3.42 3.42 3.48 3.48 3.48 3.48 3.52 3.52 3.52 3.52 3.68 3.68 3.68 3.68 3.67 7.03 3.67 3.67 3.65 3.65 3.65 3.65 3.61 3.16 3.16 3.16
