New_Model_Runs/7_FutureClimate_RCP85_out/post_prcessed_with_MFR/Monthly_summaries/runoff_monthly_JUN.asc
NCOLS 700
NROWS 400
XLLCENTER 515000.000000
YLLCENTER 8409000.000000
CELLSIZE 50.000000
NODATA_value -999.000000
[rows 228 to 265 of 400, columns 252 to 335 of 700]
1.42 1.42 1.42 1.42 1.37 1.37 1.37 1.37 0.39 1.05 1.38 5.11 1.66 1.66 3.32 3.32 3.30 3.30 3.30 2.44 2.77 1.00 1.05 2.66 2.56 1.00 1.00 2.56 4.31 2.46 2.46 2.03 2.03 2.03 2.03 2.03 2.50 2.50 2.50 0.69 0.94 1.18 1.40 0.98 0.96 2.49 3.82 2.49 2.48 2.26 0.94 0.94 3.35 1.18 1.94 2.28 2.28 2.28 1.18 1.18 1.18 3.35 3.35 2.54 3.42 0.24 3.71 0.00 3.51 0.00 0.00 0.00 0.00 0.00 0.00 0.00 0.00 0.00 0.00 0.00 0.00 0.00 0.00 0.00
1.42 1.42 1.42 1.42 1.37 1.37 2.38 0.58 0.33 0.43 0.89 1.83 5.11 5.11 3.32 3.32 3.30 3.30 3.30 1.75 0.65 2.66 2.66 2.66 2.56 2.56 1.00 1.00 4.31 2.46 2.46 2.46 2.51 2.51 2.51 2.51 2.50 2.50 2.50 0.97 0.94 0.69 3.48 1.90 1.33 0.69 1.12 2.49 2.48 0.94 2.26 1.40 1.94 2.28 0.99 1.18 1.18 0.99 2.28 0.99 1.18 1.18 0.94 1.05 0.34 0.00 0.00 0.00 0.00 0.00 0.00 0.00 0.00 0.00 0.00 0.00 0.00 0.00 0.00 0.00 0.00 0.00 0.00 0.00
1.42 1.42 1.42 1.42 1.37 1.37 1.37 1.37 1.41 0.33 1.05 1.66 1.66 1.83 3.32 3.32 1.66 3.30 10.66 5.11 1.18 2.66 2.66 2.66 2.56 2.56 2.56 4.44 2.46 2.46 2.46 2.46 2.51 2.51 2.51 2.51 2.50 2.50 2.50 0.94 0.94 0.94 4.01 1.40 1.40 1.40 0.94 0.96 2.48 2.26 2.65 1.18 1.18 2.28 2.28 2.28 3.35 1.18 0.94 0.94 0.99 0.99 0.99 0.33 0.33 0.00 0.00 0.00 0.00 0.00 0.00 0.00 0.00 0.00 0.00 0.00 0.00 0.00 0.00 0.00 0.00 0.00 0.00 0.00
1.42 1.42 1.42 1.42 1.37 1.37 1.37 1.37 1.41 1.41 0.33 1.66 1.66 3.32 3.32 5.11 1.82 5.11 1.82 1.82 2.66 2.66 2.66 2.66 2.56 2.56 2.56 2.56 2.46 2.46 2.46 2.46 2.51 2.51 2.51 0.97 0.97 2.50 2.50 0.97 0.61 1.40 1.40 2.65 1.40 1.40 2.65 2.65 2.26 2.26 1.12 1.12 0.94 1.18 0.99 0.99 0.94 1.18 3.35 3.35 0.99 0.99 0.19 0.00 0.00 0.00 0.00 0.00 0.00 0.00 0.00 1.37 0.00 0.00 0.00 0.00 0.00 0.00 0.00 0.00 0.00 0.00 0.00 0.00
1.49 1.49 1.49 1.49 1.36 1.36 1.36 1.36 1.39 2.42 0.33 1.66 1.66 1.66 1.66 1.66 1.81 1.66 3.68 1.66 2.27 2.60 4.57 2.60 2.50 2.50 2.50 2.50 2.48 2.48 2.48 2.48 2.55 2.55 2.55 0.99 0.69 0.69 0.79 0.94 0.61 1.18 1.40 4.39 2.65 2.65 2.65 2.65 1.18 2.65 1.40 2.65 1.18 2.28 2.28 1.18 1.18 1.18 0.99 0.99 3.35 0.72 0.78 3.71 0.00 0.00 0.00 0.00 0.00 0.00 0.00 0.31 0.00 0.00 0.00 0.00 0.00 0.00 0.00 0.00 0.00 0.00 0.00 0.00
1.49 1.49 1.49 1.49 1.36 1.36 1.36 1.36 1.39 1.39 0.33 1.66 4.44 3.30 1.66 1.66 2.05 1.75 1.75 1.66 2.60 4.57 2.60 2.60 2.50 2.50 2.50 2.50 2.48 2.48 2.48 2.48 2.55 2.55 2.55 2.55 2.51 0.79 0.79 0.79 2.65 1.18 1.18 2.65 6.31 2.65 1.40 1.40 2.65 2.65 2.65 1.40 2.28 2.28 2.28 2.28 2.28 1.18 3.35 0.94 0.10 0.10 0.20 0.34 0.00 0.24 0.00 0.00 0.00 0.00 1.35 0.31 0.31 0.00 0.00 0.00 0.00 0.00 0.00 0.00 0.00 0.00 0.00 0.00
1.49 1.49 1.49 1.49 1.36 1.36 1.36 1.36 1.39 1.39 0.46 1.39 3.30 3.30 3.30 2.05 2.05 2.05 1.75 3.26 2.60 2.60 2.60 2.60 2.50 2.50 2.50 2.50 2.48 2.72 2.48 2.48 2.55 2.55 2.55 4.50 2.51 0.97 0.79 1.40 1.40 2.65 2.65 2.65 1.40 1.40 1.40 1.40 1.40 3.82 3.82 3.82 1.18 0.99 2.28 2.28 2.28 1.18 1.18 0.19 1.44 0.19 0.19 1.52 1.51 1.51 0.34 0.00 0.00 0.00 0.00 10.08 0.00 0.00 0.00 0.00 0.00 0.00 0.00 0.00 0.00 0.00 0.00 0.00
1.49 1.49 1.49 1.49 1.36 1.36 1.36 1.36 1.39 0.46 0.58 1.39 3.30 3.30 1.66 3.68 1.81 2.05 3.72 3.26 2.60 2.60 2.77 1.18 2.50 2.50 2.50 2.50 2.48 2.48 2.48 2.48 2.55 2.55 2.55 2.55 0.97 0.97 2.51 1.40 2.65 1.40 2.65 1.18 1.12 1.12 1.61 1.12 1.33 1.40 1.12 1.12 0.94 1.18 1.18 1.18 2.28 1.18 0.19 0.12 0.72 0.19 1.52 1.52 1.51 3.71 3.71 0.00 0.00 0.00 0.00 0.00 0.00 0.00 0.00 0.00 0.00 0.00 0.00 0.00 0.00 0.00 0.00 0.00
1.52 1.52 1.52 1.52 1.37 1.37 1.37 1.37 1.38 0.33 0.58 1.38 1.37 1.66 3.68 3.68 3.21 2.05 2.05 3.21 1.25 2.77 1.25 1.48 2.53 2.53 2.53 2.53 2.53 4.41 2.53 2.53 2.55 2.55 2.55 2.55 0.96 2.48 2.48 1.40 1.40 2.65 1.40 1.40 1.12 1.64 1.12 1.12 1.40 3.82 1.12 3.82 0.94 1.18 1.18 0.99 2.28 0.10 0.20 0.00 0.00 0.00 3.71 1.49 0.00 3.71 3.71 0.00 0.00 0.00 0.00 0.00 0.00 0.00 0.00 0.00 0.00 0.00 0.00 0.00 0.00 0.00 0.00 0.00
1.52 1.52 1.52 1.52 1.37 1.37 1.37 1.37 1.38 0.58 0.58 1.38 1.37 3.26 3.68 3.68 3.68 2.05 2.05 3.68 2.77 2.77 2.77 3.98 4.46 2.53 2.53 2.53 2.53 2.53 2.53 2.53 2.55 2.55 2.55 2.55 2.26 2.48 1.18 1.40 1.40 2.65 2.65 1.40 1.18 1.18 1.40 1.40 1.18 1.12 3.82 1.12 1.18 0.99 0.99 2.24 3.35 0.12 0.20 0.00 0.00 0.00 0.00 0.00 0.00 0.00 0.00 0.00 0.00 0.00 0.00 0.00 0.00 0.00 0.00 0.00 0.00 0.00 0.00 0.00 0.00 0.00 0.00 0.00
1.52 1.52 1.52 1.52 1.37 1.37 1.37 1.37 0.33 0.58 1.66 0.76 1.37 3.26 3.26 3.68 2.05 3.68 2.05 2.05 1.48 2.77 2.77 9.49 2.53 2.53 0.83 0.83 0.74 0.98 2.53 2.53 2.55 2.55 2.55 0.74 2.26 2.65 1.40 2.65 1.40 1.40 1.40 2.65 2.64 1.40 1.40 1.40 2.65 1.12 1.12 1.12 0.94 0.94 2.24 0.07 0.00 0.27 0.12 0.00 0.00 0.00 0.00 0.00 0.00 0.00 0.00 0.00 0.00 0.00 0.00 0.00 0.00 0.00 0.00 0.00 0.00 0.00 0.00 0.00 0.00 0.00 0.00 0.00
1.52 1.52 1.52 1.52 1.37 1.37 1.37 0.99 0.33 1.66 1.66 1.66 0.58 1.37 5.11 3.68 2.05 2.05 2.05 2.05 2.57 2.79 1.25 1.25 0.98 1.00 1.00 1.00 1.00 1.00 2.37 2.37 1.00 2.55 2.55 2.77 2.65 2.65 1.40 1.40 2.65 2.65 1.40 2.65 2.65 1.40 1.40 2.65 1.40 1.40 1.40 3.82 0.94 3.35 0.26 0.00 0.27 0.01 0.01 0.01 0.00 0.00 0.00 0.00 0.00 0.00 0.00 0.00 0.00 0.00 0.00 0.00 0.00 0.00 0.00 0.00 0.00 0.00 0.00 0.00 0.00 0.00 0.00 0.00
1.55 1.55 1.55 1.55 1.38 1.38 0.33 0.28 0.33 0.58 1.66 1.66 1.66 1.66 1.66 3.68 2.05 2.05 3.18 3.18 1.48 2.70 1.25 1.48 1.48 1.48 3.98 1.48 1.48 1.48 1.48 2.77 2.77 1.48 1.48 1.48 2.65 1.12 1.40 1.40 1.40 1.40 2.65 2.65 2.65 2.65 1.40 1.12 1.40 1.40 1.12 1.65 0.07 0.07 0.00 0.00 0.01 0.01 0.01 0.01 0.00 0.00 0.00 0.00 0.00 0.00 0.00 0.00 0.00 0.00 0.00 0.00 0.00 0.00 0.00 0.00 0.00 0.00 0.00 0.00 0.00 0.00 0.00 0.00
1.55 1.55 1.55 1.55 1.38 1.38 0.28 0.33 0.58 0.58 0.58 1.66 1.66 0.76 0.58 2.05 3.18 3.18 3.18 3.18 2.57 1.48 2.57 2.57 1.25 0.08 2.56 2.56 1.48 1.48 2.22 1.73 1.48 1.48 1.25 1.48 2.65 1.40 1.40 1.40 1.68 1.40 1.40 1.40 2.43 2.65 1.40 3.82 1.12 1.40 2.65 1.65 0.20 0.00 0.06 0.01 0.01 0.01 0.01 0.01 0.01 0.00 0.00 0.00 0.00 0.00 0.00 0.00 0.00 0.00 0.00 0.00 0.00 0.00 0.00 0.00 0.00 0.00 0.00 0.00 0.00 0.00 0.00 0.00
0.48 0.48 0.93 0.93 0.83 0.22 0.91 0.50 1.85 1.85 1.12 0.41 0.50 0.50 0.50 1.37 1.09 1.09 1.09 0.07 0.05 0.05 0.05 0.06 0.06 0.05 2.20 2.17 2.17 0.15 0.15 0.34 0.34 1.13 1.13 1.13 1.07 2.09 1.07 1.09 1.08 2.09 1.07 1.07 3.10 2.09 2.05 1.08 0.89 3.10 0.21 0.21 0.21 0.04 0.00 0.00 0.00 0.00 0.00 0.00 0.00 0.00 0.00 0.00 0.00 0.00 0.00 0.00 0.00 0.00 0.00 0.00 0.00 0.00 0.00 0.00 0.00 0.00 0.00 0.00 0.00 0.00 0.00 0.00
0.65 0.48 0.93 0.93 0.22 0.91 1.12 0.39 0.82 0.82 1.12 1.12 1.12 0.39 0.50 1.37 1.09 1.09 1.09 1.09 0.23 0.05 0.05 0.06 0.34 0.06 0.06 0.89 0.23 0.23 0.15 0.34 0.20 0.34 0.06 0.15 0.21 0.89 0.89 1.09 3.10 3.10 0.84 0.89 0.89 5.00 1.07 3.10 0.21 0.21 0.23 0.00 0.00 0.00 0.01 0.00 0.00 0.00 0.00 0.00 0.00 0.00 0.00 0.00 0.00 0.00 0.00 0.00 0.00 0.00 0.00 0.00 0.00 0.00 0.00 0.00 0.00 0.00 0.00 0.00 0.00 0.00 0.00 0.00
0.48 0.48 0.48 0.93 0.32 0.50 1.12 1.12 0.41 1.12 0.41 0.39 0.39 0.50 0.39 0.39 1.09 1.09 1.09 1.09 0.89 0.05 0.05 0.05 0.05 0.15 0.34 0.89 0.23 0.23 0.23 0.23 0.15 0.34 0.23 0.23 0.84 0.84 0.89 0.89 0.84 0.89 1.07 0.89 1.07 2.09 2.09 4.90 0.23 1.27 0.00 0.00 0.00 0.21 0.00 0.00 0.00 0.04 0.00 0.01 0.00 0.00 0.44 0.44 0.00 0.00 0.00 0.00 0.00 0.00 0.00 0.00 0.00 0.00 0.00 0.00 0.00 0.00 0.00 0.00 0.00 0.00 0.00 0.00
0.48 0.48 0.48 0.93 1.12 0.41 0.41 1.12 0.50 0.41 0.41 0.39 0.39 0.50 0.39 0.39 1.09 1.09 1.09 1.09 0.23 0.05 0.05 0.05 0.15 0.15 0.34 0.15 0.15 0.23 0.23 1.34 0.34 0.23 0.23 0.23 0.84 1.07 2.09 0.84 0.84 1.07 0.84 1.07 1.07 2.09 2.17 2.09 4.16 0.01 0.23 0.00 0.00 0.21 0.00 0.01 0.04 0.00 0.04 0.04 0.00 0.00 0.44 0.44 0.00 0.00 0.00 0.00 0.00 0.00 0.00 0.00 0.00 0.00 0.00 0.00 0.00 0.00 0.00 0.00 0.00 0.00 0.00 0.23
0.48 0.48 0.93 1.35 0.41 0.41 1.12 0.50 0.39 0.50 0.39 0.41 0.39 0.50 0.39 0.50 0.41 1.09 0.28 0.28 0.23 0.05 0.05 0.05 0.15 0.15 0.23 0.06 0.34 0.34 1.34 0.34 1.34 1.34 0.23 0.23 1.27 2.09 2.09 1.07 0.89 2.04 2.04 3.54 2.10 2.09 2.09 1.08 0.64 0.00 0.00 0.23 0.21 0.21 0.44 0.01 0.01 0.00 0.00 0.00 0.00 0.00 0.00 0.00 0.00 0.00 0.00 0.00 0.00 0.00 0.00 0.00 0.00 0.00 0.00 0.00 0.00 0.00 0.00 0.00 0.00 0.00 0.00 1.12
0.48 1.35 1.35 0.51 0.41 0.41 0.50 1.12 0.77 0.50 0.50 1.12 1.12 0.39 0.39 0.50 0.50 1.09 0.28 0.28 0.23 0.05 0.05 0.23 0.15 0.15 0.23 0.15 0.15 0.23 0.34 0.23 0.34 0.34 0.34 1.34 1.27 1.27 0.21 1.07 1.07 0.89 2.04 2.09 1.07 2.09 2.09 0.64 0.23 0.23 0.00 0.23 0.21 0.44 0.44 0.01 0.01 0.01 0.04 0.00 0.00 0.00 0.44 0.53 0.00 0.00 0.00 0.00 0.00 0.00 0.00 0.00 0.00 0.00 0.00 0.00 0.00 0.00 0.00 0.00 0.00 0.00 0.00 1.12
1.35 1.35 1.35 0.51 1.12 0.41 0.50 0.50 0.50 0.50 0.39 2.00 0.39 0.50 0.50 0.39 0.39 1.37 1.37 0.28 0.23 0.05 0.05 0.23 0.15 0.23 0.06 0.15 0.15 0.23 0.23 1.34 0.06 0.34 0.34 0.34 0.32 0.32 1.07 0.84 1.07 1.07 2.92 2.09 2.09 2.09 0.10 0.23 0.23 0.23 0.23 0.46 0.44 0.44 0.44 0.44 0.00 0.01 0.01 0.00 0.00 0.04 0.44 0.44 0.44 0.00 0.00 0.00 0.00 0.00 0.00 0.00 0.00 0.00 0.00 0.00 0.00 0.00 0.00 0.00 0.00 0.00 0.00 0.00
1.35 1.35 1.35 1.35 0.41 0.41 0.50 1.12 0.50 0.50 0.39 0.39 0.39 0.39 0.41 0.50 0.50 0.31 0.42 0.28 0.23 0.05 0.15 0.23 0.34 0.15 0.06 0.15 0.15 0.15 0.34 0.34 1.34 0.34 0.06 1.34 0.32 0.32 1.07 2.09 1.07 1.07 1.67 2.09 0.06 0.00 0.00 0.23 0.23 0.23 0.46 0.46 0.44 0.44 0.00 0.00 0.00 0.01 0.01 0.00 0.00 0.44 0.44 0.44 0.44 0.00 0.00 0.00 0.00 0.00 0.00 0.00 0.00 0.00 0.00 0.00 0.00 0.00 0.00 0.00 0.00 0.00 0.00 0.00
0.51 0.51 1.35 0.51 0.39 0.50 0.50 0.50 0.50 0.39 0.39 1.85 0.39 0.39 1.85 0.39 0.50 0.31 0.18 0.18 0.15 0.15 0.15 0.15 0.15 0.06 0.06 0.15 0.15 0.34 0.34 0.34 0.06 0.06 0.06 0.06 0.32 0.32 0.21 1.07 2.09 2.09 1.07 0.21 0.00 0.00 0.23 0.23 0.01 0.46 0.46 0.46 0.44 0.00 0.00 0.00 0.00 0.44 0.44 0.04 0.06 0.44 0.44 0.44 0.44 0.00 0.00 0.00 0.00 0.00 0.00 0.00 0.00 0.00 0.00 0.00 0.00 0.00 0.00 0.00 0.00 0.00 0.00 0.00
0.62 0.62 0.62 0.62 0.39 0.41 0.50 0.81 0.39 0.39 0.39 1.85 1.85 1.85 1.85 1.85 0.39 0.39 1.09 0.28 0.25 0.06 0.23 0.05 0.06 0.06 0.06 0.25 0.15 1.34 0.34 1.34 0.34 1.34 1.34 0.34 0.32 0.32 0.32 0.32 0.33 0.32 0.06 0.00 0.23 0.23 0.23 0.46 0.01 0.46 0.46 0.46 0.44 0.44 0.00 0.44 0.04 0.44 0.44 0.44 0.44 0.44 0.44 0.44 0.00 0.00 0.00 0.00 0.00 0.00 0.00 0.00 0.00 0.00 0.00 0.00 0.00 0.00 0.00 0.00 0.00 0.00 0.00 0.00
0.92 0.62 0.62 0.48 0.39 0.50 0.41 0.41 0.50 0.39 0.39 0.50 1.85 1.85 0.50 0.50 0.31 0.39 0.39 1.09 0.23 0.15 0.06 1.34 0.25 1.34 0.06 1.34 1.34 1.34 0.06 1.34 1.34 1.34 1.34 0.34 0.32 0.32 0.32 0.06 0.32 1.27 0.23 0.23 0.00 0.23 0.23 0.23 0.01 0.46 0.46 0.46 0.44 0.44 0.44 0.44 0.44 0.44 0.44 0.44 0.44 0.00 0.00 0.00 0.00 0.00 0.00 0.00 0.00 0.00 0.00 0.00 0.00 0.00 0.00 0.00 0.00 0.00 0.00 0.00 0.00 0.00 0.00 0.00
0.62 0.92 0.51 0.48 0.39 0.39 0.66 0.32 0.32 0.39 0.50 0.39 0.39 0.50 0.50 0.50 0.50 0.39 0.76 1.37 1.13 0.34 0.23 0.06 1.34 1.34 0.06 1.34 1.34 0.34 0.06 0.34 0.34 0.34 1.34 0.34 1.27 0.32 0.32 0.06 0.32 0.23 0.23 0.23 0.23 0.23 0.23 0.23 0.23 0.01 0.01 0.46 0.44 0.44 0.44 0.44 0.44 0.44 0.44 0.44 0.44 0.00 0.00 0.00 0.00 0.00 0.00 0.00 0.00 0.00 0.00 0.00 0.00 0.00 0.00 0.00 0.00 0.00 0.00 0.00 0.00 0.00 0.00 0.00
0.62 1.35 0.51 0.62 0.50 0.39 0.39 0.41 0.41 0.39 0.39 0.39 0.39 0.39 1.85 1.85 0.50 0.76 0.76 0.76 2.20 0.06 0.15 0.34 1.34 1.34 1.34 1.34 1.34 1.34 0.34 0.06 0.34 1.34 1.34 1.69 0.32 0.32 0.32 0.06 0.00 0.00 0.23 0.00 0.23 0.23 0.23 0.23 0.23 0.23 0.01 0.46 0.44 0.44 0.44 0.44 0.44 0.44 0.44 0.24 0.24 0.44 0.44 0.44 0.00 0.00 0.00 0.00 0.00 9.58 0.00 0.00 0.00 0.00 0.00 0.00 0.00 0.00 0.00 0.00 0.00 0.00 0.00 0.00
0.62 0.48 0.62 0.62 0.41 0.39 0.39 0.39 0.41 0.41 0.39 0.39 0.53 0.39 0.39 0.50 1.85 0.76 0.01 0.01 0.06 0.06 0.34 0.05 0.05 0.05 1.34 1.34 0.45 1.34 0.45 0.34 0.06 1.34 0.45 0.34 1.27 0.21 0.06 0.32 0.00 0.00 0.23 0.23 0.00 0.23 0.23 0.00 0.23 0.23 0.46 0.01 0.44 0.00 0.00 0.00 0.00 0.00 0.00 0.00 0.00 0.00 0.00 0.00 0.00 0.00 0.00 0.00 0.00 0.00 0.00 0.00 0.00 0.00 0.00 0.01 0.00 0.00 0.00 0.01 0.00 0.01 0.00 0.01
0.51 0.48 0.82 0.73 0.39 0.54 0.39 0.08 0.08 0.39 0.39 0.41 0.39 0.50 0.76 0.76 0.00 0.04 0.01 0.01 0.05 0.05 0.07 0.05 0.05 0.05 1.34 0.34 0.34 0.34 0.34 0.34 0.34 0.34 0.34 0.34 0.06 1.27 0.32 0.00 0.00 0.00 0.00 0.00 0.00 0.00 0.00 0.00 0.00 0.23 0.23 0.01 0.00 0.00 0.00 0.00 0.00 0.00 0.00 0.00 0.00 0.00 0.00 0.00 0.00 0.44 0.44 0.44 0.38 0.38 0.38 0.38 0.38 0.38 0.38 0.38 0.38 0.38 0.38 0.38 0.38 0.38 0.38 0.38
0.48 0.48 0.62 0.48 0.50 0.39 0.04 0.08 0.08 0.61 0.13 0.01 0.50 0.00 0.00 0.00 0.04 0.08 0.00 0.08 0.00 0.05 0.05 0.25 1.34 1.34 1.34 1.34 0.34 1.34 0.34 0.06 1.34 0.75 1.86 0.75 1.77 0.71 0.05 0.05 0.05 0.05 0.00 0.00 0.00 0.00 0.00 0.00 0.23 0.23 0.00 0.00 0.00 0.00 0.00 0.00 0.00 0.00 0.00 0.00 0.00 0.00 0.00 0.00 0.00 0.00 0.00 0.44 0.38 0.00 0.00 0.00 0.00 0.00 0.00 0.00 0.00 0.00 0.00 0.00 0.00 0.00 0.00 0.00
0.36 0.36 0.36 0.46 0.19 0.03 0.03 0.03 0.32 0.32 0.00 0.06 0.06 0.00 0.06 0.02 0.03 0.06 0.32 0.06 0.00 0.04 0.29 0.04 0.04 0.04 0.04 0.04 1.18 0.29 0.29 0.05 1.18 0.65 1.66 1.66 1.58 0.03 0.03 0.03 0.35 0.00 0.03 0.17 0.17 0.17 0.17 0.17 0.17 0.17 0.17 0.17 0.16 0.00 0.00 0.00 0.00 0.00 0.00 0.00 0.00 0.00 0.00 0.00 0.00 0.00 0.00 0.34 0.34 0.00 0.00 0.00 0.00 0.00 0.00 0.00 0.00 0.00 0.00 0.00 0.00 0.00 0.00 0.00
0.36 0.36 0.36 0.36 0.00 0.02 0.32 0.00 0.32 0.06 0.06 0.00 0.06 0.06 0.06 0.06 0.00 0.02 0.02 0.06 0.00 0.29 0.29 0.04 0.04 0.04 0.04 0.04 1.18 1.18 0.29 1.18 1.18 0.42 0.42 0.65 0.35 0.35 0.03 0.03 0.03 0.03 0.00 0.00 0.17 0.17 0.17 0.17 0.00 0.00 0.17 0.17 0.16 0.16 0.00 0.00 0.00 0.00 0.00 0.00 0.00 0.00 0.00 0.00 0.00 0.34 0.34 0.34 0.34 0.00 0.00 0.00 0.00 0.00 0.00 0.00 0.00 0.00 0.00 0.00 0.00 0.00 0.00 0.00
0.36 0.46 0.46 0.38 0.03 0.06 0.06 0.32 0.00 0.06 0.00 0.00 0.00 0.02 0.00 0.06 0.06 0.02 0.06 0.06 0.29 0.05 0.04 0.04 0.04 0.04 0.04 0.04 0.04 0.05 0.05 0.05 0.05 0.42 0.42 0.00 0.35 0.35 0.03 0.03 0.03 0.03 0.03 0.00 0.00 0.17 0.17 0.17 0.00 0.00 0.00 0.17 0.00 0.00 0.00 0.00 0.00 0.00 0.00 0.00 0.00 0.34 0.34 0.00 0.00 0.34 0.34 0.34 0.34 0.34 0.00 0.00 0.00 0.00 0.00 0.00 0.00 0.00 0.00 0.00 0.00 0.00 0.00 0.00
0.46 0.36 0.36 0.38 0.00 0.06 0.06 0.03 0.03 0.32 0.32 0.03 0.06 0.02 0.06 0.06 0.02 0.06 0.32 0.00 0.00 0.00 0.04 0.04 0.04 0.04 0.04 0.04 0.04 0.05 0.05 0.05 0.05 0.42 0.00 0.00 0.00 0.03 0.03 0.35 0.00 0.03 0.17 0.17 0.17 0.17 0.00 0.00 0.00 0.00 0.00 0.00 0.00 0.16 0.16 0.34 0.00 0.00 0.00 0.00 0.00 0.00 0.00 0.34 0.34 0.34 0.34 0.34 0.34 0.34 0.34 0.00 0.00 0.00 0.00 0.00 0.00 0.00 0.00 0.00 0.00 0.00 0.00 0.00
0.46 0.36 0.46 0.52 0.06 0.06 0.06 0.32 0.32 0.00 0.03 0.03 0.32 0.00 0.06 0.06 0.00 0.00 0.03 0.00 0.00 0.00 0.00 0.04 0.04 0.04 0.04 0.04 0.29 1.18 1.18 1.18 0.29 0.00 0.00 0.38 0.00 0.03 0.03 0.03 0.03 0.00 0.00 0.17 0.17 0.17 0.17 0.17 0.00 0.00 0.00 0.17 0.16 0.16 0.34 0.34 0.00 0.00 0.00 0.00 0.00 0.34 0.00 0.34 0.34 0.34 0.34 0.34 0.34 0.40 0.34 9.20 0.00 0.00 0.00 0.00 0.00 0.00 0.00 0.00 0.00 0.00 0.00 0.00
0.46 0.36 0.40 0.04 0.06 0.06 0.06 0.00 0.00 0.00 0.00 0.04 0.02 0.06 0.06 0.06 0.00 0.00 0.02 0.00 0.00 0.00 0.00 0.04 0.04 0.04 0.04 0.04 1.18 1.18 0.05 0.05 0.18 0.38 0.38 0.38 0.35 0.03 0.03 0.35 0.35 0.35 0.17 0.17 0.00 0.17 0.00 0.00 0.00 0.00 0.00 0.35 0.16 0.00 0.00 0.34 0.34 0.00 0.00 0.00 0.00 0.34 0.00 0.00 0.34 0.34 0.34 0.34 0.34 0.34 0.34 0.34 0.00 0.00 0.00 0.00 0.00 0.00 0.00 0.00 0.00 0.00 0.34 0.34
0.46 0.40 0.40 0.04 0.03 0.03 0.06 0.03 0.03 0.02 0.02 0.00 0.00 0.32 0.32 0.06 0.03 0.32 0.00 0.00 0.00 0.00 0.00 0.00 0.04 0.04 0.04 1.18 1.18 1.18 0.29 0.18 0.18 0.18 0.00 0.00 0.00 0.00 0.00 0.00 0.00 0.00 0.17 0.17 0.00 0.00 0.00 0.00 0.00 0.00 0.00 0.00 0.34 0.00 0.00 0.34 0.34 0.00 0.00 0.34 0.34 0.00 0.00 0.00 0.00 0.34 0.00 0.00 0.34 0.00 0.00 0.34 0.34 0.00 0.00 0.00 0.00 0.00 0.00 0.00 0.34 0.34 0.34 0.00
0.40 0.40 0.07 0.01 0.03 0.03 0.03 0.00 0.03 0.02 0.02 0.00 0.02 0.32 0.32 0.06 0.00 0.06 0.06 0.00 0.00 0.47 0.47 0.47 1.66 0.68 1.66 0.65 0.65 0.42 0.00 0.01 0.01 0.00 0.00 0.00 0.00 0.00 0.17 0.00 0.00 0.00 0.00 0.17 0.00 0.01 0.01 0.00 0.00 0.00 0.00 0.00 0.00 0.00 0.00 0.34 0.34 0.34 0.00 0.00 0.34 0.00 0.00 0.00 0.00 0.00 0.00 0.00 0.34 0.00 0.00 0.00 0.34 0.34 0.00 0.00 0.00 0.00 0.34 0.34 0.34 0.00 0.00 0.00
