New_Model_Runs/7_FutureClimate_RCP85_out/post_prcessed_with_MFR/Monthly_summaries/runoff_monthly_MAR.asc
NCOLS 700
NROWS 400
XLLCENTER 515000.000000
YLLCENTER 8409000.000000
CELLSIZE 50.000000
NODATA_value -999.000000
[rows 228 to 265 of 400, columns 168 to 251 of 700]
1.33 1.33 1.87 1.87 1.34 1.76 1.76 1.76 1.82 1.82 1.82 1.82 1.82 1.82 2.62 2.71 2.02 2.36 4.90 1.63 1.63 2.36 1.63 2.36 5.37 2.03 1.82 2.03 2.03 2.03 2.03 2.25 2.03 2.61 3.20 3.13 3.00 3.00 3.00 3.00 2.92 2.92 2.92 2.92 3.41 2.92 2.92 2.92 2.92 2.92 2.92 2.92 2.92 2.92 2.92 5.97 2.91 2.91 5.16 5.16 5.22 5.22 5.22 5.22 7.13 5.27 5.27 5.27 5.26 5.26 5.26 5.26 4.70 4.70 4.70 4.70 4.62 4.62 4.62 4.62 4.55 4.55 2.54 4.55
1.33 1.33 1.33 1.33 1.34 1.34 1.76 1.76 1.79 2.62 1.82 2.62 2.62 1.82 1.82 1.82 2.02 1.82 1.82 1.82 1.63 4.90 1.63 1.63 5.37 2.61 2.61 1.82 2.61 1.82 1.82 1.82 5.37 5.37 2.61 2.03 2.03 2.03 2.70 3.21 2.92 2.92 2.92 2.92 2.92 4.05 2.63 2.63 2.63 2.92 2.92 2.92 3.44 7.34 7.34 7.34 6.41 6.41 5.16 5.16 5.22 5.22 2.85 5.22 5.27 7.13 5.27 5.27 5.26 5.26 5.26 2.85 2.54 2.54 2.54 4.70 4.62 4.62 4.62 4.62 4.55 2.54 2.54 4.55
3.67 3.67 3.67 3.67 3.70 3.70 3.70 1.34 2.56 1.82 1.82 1.82 2.62 1.82 1.82 1.82 2.71 1.82 1.82 1.82 2.36 1.63 1.63 1.63 1.82 1.82 1.82 1.82 1.82 3.94 5.37 5.37 1.82 1.82 1.82 6.76 1.82 5.37 2.61 1.82 1.98 1.98 2.92 2.92 2.92 7.26 2.63 2.63 2.63 2.63 2.92 2.88 2.89 3.44 3.44 7.34 6.41 5.16 5.16 5.16 5.22 5.22 5.22 5.22 5.27 5.27 5.27 5.27 5.26 5.26 3.37 3.37 2.54 2.54 4.70 4.70 4.62 4.62 4.62 4.62 4.55 4.05 2.54 4.55
3.67 3.67 3.67 3.67 3.70 3.70 3.70 9.05 4.44 1.79 1.79 1.82 1.82 1.82 1.82 2.62 1.82 1.82 1.82 2.71 2.02 2.02 1.82 4.90 1.82 4.32 1.82 1.82 1.82 5.37 9.19 5.37 1.82 1.82 1.82 1.82 4.32 5.37 5.37 1.82 1.77 1.98 1.98 1.98 1.77 1.77 2.63 2.63 3.41 3.41 3.41 3.41 3.44 3.44 3.44 3.44 2.91 5.16 5.16 5.16 5.22 5.22 5.22 3.38 2.85 2.85 5.27 5.27 5.99 5.99 5.26 2.85 2.54 4.70 4.70 4.70 4.62 4.62 4.62 4.62 2.54 2.54 4.55 8.30
4.38 4.38 4.38 4.38 4.40 4.40 10.95 8.60 4.49 2.72 4.49 1.82 1.82 1.82 2.62 1.82 1.82 1.82 1.82 1.82 2.71 2.02 6.26 1.82 2.03 4.32 2.25 2.03 1.82 1.82 5.37 5.37 2.61 1.82 1.82 2.70 15.07 3.54 3.31 2.61 1.77 1.77 1.77 1.77 1.77 2.55 1.89 1.89 1.94 3.50 3.50 3.50 4.10 4.10 4.10 4.10 2.96 2.66 7.53 9.60 9.71 5.27 9.70 2.85 6.92 3.37 2.85 2.85 5.31 5.31 4.60 2.85 4.73 4.73 4.73 4.73 4.61 4.61 4.61 8.32 4.56 4.56 4.56 4.56
4.38 4.38 4.38 4.38 4.40 8.54 4.40 4.40 4.49 4.49 4.49 2.47 2.46 4.45 4.45 1.82 2.62 1.82 1.82 1.82 1.82 1.82 2.38 1.82 2.03 4.32 2.25 2.03 2.03 3.57 2.03 5.37 2.03 3.16 2.70 8.28 8.28 3.62 3.62 2.16 1.26 1.77 2.72 1.77 1.77 2.55 1.89 1.89 1.94 4.22 1.29 1.94 1.96 4.10 4.10 4.10 2.66 2.66 2.66 5.23 5.27 5.27 5.27 5.27 2.85 2.85 7.38 2.85 2.85 2.85 2.97 2.85 2.54 4.73 4.73 4.73 4.61 4.61 15.90 8.32 4.56 4.56 4.56 4.56
4.38 4.38 4.38 4.38 4.40 8.54 4.40 4.40 4.49 4.49 4.49 4.49 4.45 4.45 5.75 3.98 1.82 1.82 1.82 1.82 1.82 3.87 1.82 2.98 2.03 4.32 2.03 2.03 2.03 5.37 4.32 1.32 2.85 2.85 4.77 3.16 3.16 3.62 2.61 2.25 1.87 1.87 1.87 1.87 5.25 1.89 1.27 5.98 5.98 1.98 2.94 2.94 2.94 4.78 1.96 1.96 2.66 2.66 2.66 2.66 5.27 5.27 5.27 5.27 2.85 2.85 3.37 3.37 3.37 3.37 3.37 4.60 2.54 4.73 4.73 4.73 4.61 2.54 4.61 4.61 4.56 4.56 4.56 4.56
4.38 4.38 4.38 4.38 4.40 12.08 4.40 4.40 4.49 4.49 4.49 4.49 4.45 4.45 4.45 1.80 1.82 1.78 1.82 1.82 1.82 1.82 1.82 2.02 2.03 4.32 2.95 2.03 2.03 1.82 1.32 1.32 1.96 1.96 4.77 5.16 3.02 3.62 2.25 2.25 1.87 2.12 1.87 1.92 1.89 1.89 1.89 1.27 5.98 1.98 1.98 2.94 5.98 8.13 2.66 2.94 1.95 1.99 1.99 2.66 5.27 5.27 5.27 5.27 5.33 3.37 3.37 3.37 3.37 3.37 5.31 2.85 8.54 8.54 4.73 4.73 2.54 4.61 4.61 8.32 4.56 4.56 4.56 4.56
4.45 4.45 4.45 4.45 4.47 4.47 4.47 4.47 4.54 4.54 4.54 4.54 4.47 4.47 4.47 4.47 4.40 1.77 1.82 1.82 1.82 1.82 1.82 1.82 2.03 1.32 1.97 1.97 2.03 6.11 6.11 1.31 1.94 1.94 1.94 2.69 2.67 3.02 4.32 1.30 1.77 0.54 1.89 1.89 1.96 1.96 1.96 1.96 1.30 1.98 3.06 1.98 3.08 11.03 3.54 3.54 2.85 2.85 5.28 2.85 5.30 5.30 3.37 3.37 3.37 3.37 5.41 3.37 5.60 2.85 5.29 5.29 4.68 4.68 5.25 5.20 4.59 4.59 4.59 4.59 4.61 4.61 4.61 4.61
4.45 4.45 4.45 4.45 4.47 8.67 4.47 4.47 4.54 4.54 4.54 4.54 4.47 4.47 4.47 4.47 4.40 2.56 1.77 1.82 1.82 1.82 1.82 1.82 2.03 2.03 1.32 1.97 2.03 2.25 6.11 4.32 2.03 2.03 1.94 0.56 2.67 8.28 1.30 1.30 0.54 0.54 1.89 1.89 1.96 1.96 1.96 1.96 1.30 1.98 1.98 2.19 3.08 3.08 3.54 3.93 2.97 2.85 2.85 3.37 2.85 2.85 3.37 2.97 3.37 5.41 5.41 5.41 7.73 3.37 7.13 9.29 4.68 4.68 4.68 4.68 8.31 4.59 4.59 4.59 4.61 4.61 4.61 4.61
4.45 4.45 4.45 4.45 4.47 4.47 4.47 4.47 4.54 4.54 4.54 4.54 4.47 4.47 4.47 4.47 5.71 1.77 1.77 1.82 1.82 1.82 1.82 2.62 2.03 2.25 2.87 1.97 2.03 1.31 1.31 5.84 2.03 2.95 2.03 1.31 1.29 4.32 2.03 1.30 0.54 1.89 1.89 1.89 1.96 1.96 1.96 1.96 1.98 1.30 1.30 2.19 1.77 2.94 2.94 3.35 5.24 2.85 2.97 3.37 3.37 3.37 3.37 3.37 2.85 3.37 3.37 3.37 6.83 3.37 3.40 5.29 2.54 8.49 4.68 4.68 4.59 4.59 4.59 4.59 16.59 4.61 4.61 4.61
4.45 4.45 4.45 4.45 4.47 4.47 4.47 4.47 4.54 4.54 4.54 4.54 4.47 4.47 4.47 4.47 4.40 1.82 1.82 1.82 1.82 1.82 1.82 2.72 3.02 2.03 1.97 1.97 1.95 1.95 1.95 1.95 1.94 1.94 2.54 1.31 4.69 1.30 2.26 0.55 1.89 1.89 1.89 1.89 1.96 1.96 1.98 1.98 1.98 1.30 1.77 1.98 2.19 2.19 1.98 3.49 2.85 2.85 3.37 3.37 2.85 3.37 3.37 3.37 2.85 3.37 3.37 3.37 3.37 2.85 4.60 2.85 2.54 4.68 4.68 4.68 4.59 4.59 4.59 4.59 4.61 4.61 4.61 4.61
4.49 4.49 4.49 4.49 4.47 8.68 4.47 4.47 4.53 4.53 4.53 4.53 4.45 4.45 4.45 4.45 2.44 3.28 1.82 3.28 2.02 4.39 4.39 2.72 3.02 3.02 1.98 1.98 1.97 1.97 1.97 1.97 6.11 6.11 6.11 1.94 1.94 4.59 2.83 1.94 1.94 1.94 1.94 1.94 1.97 1.98 1.97 1.98 5.25 5.25 1.77 2.19 2.19 5.25 1.98 2.37 2.85 2.85 2.85 3.37 5.41 3.37 3.37 3.37 2.85 7.77 4.90 3.37 4.90 2.85 2.85 5.63 4.66 4.66 4.66 4.66 4.62 4.62 4.62 8.37 4.68 4.68 4.68 4.68
4.49 8.72 4.49 4.49 4.47 4.47 4.47 4.47 4.53 4.53 4.53 8.75 4.45 4.45 4.45 4.45 4.39 2.44 2.44 3.28 2.44 4.39 4.39 4.39 4.82 4.82 1.98 1.98 1.97 1.97 1.97 1.97 1.94 1.94 1.31 1.94 1.94 1.94 1.31 1.94 1.94 1.94 1.94 1.94 1.97 1.98 1.98 1.98 1.98 1.98 2.55 2.19 2.55 2.55 1.98 3.15 1.99 3.99 2.85 2.85 5.41 5.41 3.37 3.37 5.45 3.37 2.85 2.85 2.85 3.37 2.85 5.24 8.44 4.66 4.66 4.66 4.62 4.62 4.62 4.62 4.68 4.68 4.68 4.68
3.87 3.87 3.87 3.87 3.72 7.58 7.58 12.29 4.59 4.59 16.43 8.86 4.51 4.51 4.51 4.51 4.45 4.45 3.33 4.45 4.45 4.45 4.45 4.45 4.67 4.67 4.67 4.67 1.89 1.89 1.89 1.89 1.87 1.87 1.87 1.87 1.87 1.87 1.87 1.87 1.32 1.32 1.32 1.32 1.96 1.76 1.76 3.49 3.69 4.76 1.96 1.76 1.76 1.76 1.76 2.12 1.84 2.65 3.14 3.14 5.08 5.08 3.14 3.14 5.08 3.14 2.65 3.14 3.14 3.14 2.65 4.92 4.32 4.32 4.32 4.32 4.28 4.28 4.28 4.28 4.34 4.34 4.34 4.34
3.87 3.87 3.87 3.87 3.72 3.72 3.72 3.72 4.59 4.59 4.59 4.59 8.77 8.77 8.77 8.72 4.45 4.45 4.45 4.45 4.45 4.45 4.45 4.45 4.67 4.67 4.67 4.67 4.64 4.64 1.89 1.89 1.87 1.87 1.87 1.87 1.87 1.87 1.87 1.87 1.32 1.32 1.32 1.13 1.96 1.96 1.96 2.43 1.96 1.34 1.34 1.96 1.76 1.76 2.12 2.12 1.84 1.84 2.65 3.14 3.14 5.08 3.14 2.76 2.76 3.14 2.65 2.65 3.14 3.14 4.92 4.92 4.32 4.32 4.32 4.32 4.28 4.28 4.28 2.31 4.34 4.34 4.34 2.31
3.72 3.72 11.07 6.86 3.65 10.43 3.65 3.65 4.51 4.51 4.51 4.51 4.47 4.47 4.47 4.47 4.45 4.45 4.45 4.45 4.47 4.47 4.47 4.47 4.73 4.73 4.73 4.73 4.70 4.70 4.70 1.92 1.88 1.88 1.88 1.88 1.90 1.90 1.90 1.90 1.33 1.33 1.33 1.76 1.13 1.96 3.82 1.13 1.32 1.32 1.32 1.32 1.34 2.28 2.12 2.12 1.84 1.84 2.65 2.65 3.14 3.14 3.17 3.14 2.76 3.14 3.14 2.65 3.14 3.14 4.91 4.91 4.34 4.34 4.34 4.34 4.32 4.32 2.31 2.31 4.36 4.36 4.36 2.31
3.72 3.72 3.72 3.72 3.65 3.65 6.78 3.65 4.51 4.51 4.51 4.51 4.47 4.47 4.47 4.47 4.45 4.45 8.64 4.45 4.47 4.47 4.47 4.47 4.73 4.73 4.73 4.73 4.70 4.70 4.70 1.92 1.88 1.88 1.88 1.88 1.90 1.90 1.90 1.27 1.33 1.33 1.33 1.76 1.76 2.29 1.32 1.32 1.32 5.44 1.32 1.32 4.76 2.28 2.12 2.12 1.84 1.84 2.65 2.76 3.14 3.14 3.14 3.14 3.14 3.14 3.14 3.14 3.14 4.91 4.91 3.14 4.34 4.34 11.64 4.34 4.32 2.31 3.68 2.31 2.81 4.36 4.36 2.31
3.72 10.92 3.72 3.72 3.65 3.65 6.78 3.65 4.51 4.51 4.51 2.76 2.48 4.47 4.47 4.47 4.45 2.76 2.76 4.45 4.47 4.47 4.47 4.47 4.73 4.73 4.73 4.73 4.70 4.70 4.70 4.70 1.88 1.88 1.88 1.88 1.90 1.90 1.90 1.90 1.33 1.33 1.33 1.98 1.76 1.32 1.32 5.44 5.44 5.44 5.44 1.32 2.28 1.57 5.07 2.12 1.84 1.84 2.76 2.76 2.76 3.14 2.65 3.14 3.14 3.14 3.14 4.95 2.65 6.73 3.14 2.65 2.42 2.31 4.34 4.34 4.32 7.85 4.32 4.32 4.36 4.36 2.31 2.31
3.72 3.72 3.72 3.72 3.65 3.65 3.65 3.65 4.51 4.51 4.51 2.76 2.48 4.47 4.47 4.47 6.40 2.76 4.45 4.45 4.47 4.47 4.47 4.47 4.73 4.73 4.73 4.73 4.70 9.13 4.70 4.70 4.63 1.88 2.74 1.88 1.90 1.90 1.90 1.90 1.33 1.33 1.33 1.76 2.27 1.32 3.90 5.44 5.44 5.44 1.32 1.32 2.28 4.76 2.12 2.12 1.84 2.65 2.65 3.14 3.17 3.14 5.08 3.14 2.65 3.14 3.14 5.19 4.91 4.91 6.73 3.14 4.34 7.89 4.34 4.34 2.75 4.32 4.32 4.32 4.36 4.36 2.31 2.31
3.68 3.68 6.83 3.68 3.61 3.61 3.61 3.61 4.47 4.47 2.48 1.85 4.46 4.46 4.46 4.46 4.27 2.76 2.76 4.45 4.48 4.48 4.48 12.51 4.75 4.75 4.75 4.75 9.15 4.72 4.72 4.72 4.69 1.91 1.91 1.91 1.92 1.92 1.92 1.92 1.32 1.32 1.32 1.32 1.31 1.31 5.11 5.44 5.44 5.44 1.32 1.32 1.76 2.12 2.12 2.12 2.65 2.65 2.65 2.65 5.08 2.76 5.08 5.08 2.65 3.14 3.14 2.65 3.14 2.65 2.65 2.65 2.75 4.36 4.36 2.75 2.31 2.75 2.75 2.31 4.40 4.40 2.31 2.31
3.68 3.68 3.68 3.68 3.61 3.61 3.61 3.61 4.47 4.47 2.33 1.20 1.80 1.80 4.73 4.46 2.48 2.76 2.76 4.45 4.48 4.48 4.48 4.48 4.75 4.75 4.75 4.75 4.72 4.72 4.72 4.72 4.69 1.91 1.91 1.91 1.92 1.92 1.92 1.92 1.32 5.44 5.44 5.44 1.31 5.11 9.46 5.44 5.44 5.44 1.13 1.32 1.57 2.12 2.12 2.12 3.14 3.14 2.65 2.65 2.65 2.76 3.14 3.14 2.65 3.14 2.65 2.65 4.24 3.14 3.14 2.65 2.31 2.42 4.36 2.81 4.53 2.75 2.75 2.75 2.75 4.40 2.31 2.31
3.68 3.68 3.68 3.68 3.61 3.61 3.61 6.71 4.47 1.81 1.81 1.20 1.19 1.80 2.61 1.85 1.80 4.45 2.48 2.48 4.48 4.48 4.48 4.48 4.75 4.75 4.75 4.75 4.72 4.72 4.72 4.72 4.69 4.69 1.91 1.91 1.92 1.92 1.92 1.92 1.32 5.44 5.44 5.44 5.44 5.44 5.44 5.44 5.44 5.44 1.32 1.32 1.14 2.12 2.12 2.12 2.65 3.14 3.14 2.65 3.14 2.65 2.65 5.08 2.65 2.65 2.65 2.65 4.24 2.65 2.65 2.65 2.31 2.42 2.75 4.50 4.58 2.31 2.75 4.50 2.75 4.50 4.50 2.31
3.68 3.68 3.68 3.68 3.61 3.61 6.71 3.61 4.47 4.47 1.81 1.20 1.19 1.80 3.98 1.19 1.80 1.19 2.48 2.48 4.48 4.48 4.48 4.48 4.75 4.75 4.75 9.20 9.16 4.72 4.72 4.72 4.69 1.91 1.91 1.91 1.92 1.92 1.92 1.92 1.32 5.44 5.44 5.44 5.44 5.44 5.44 5.44 5.44 1.32 1.32 1.13 1.76 2.12 2.12 2.12 4.94 3.14 3.14 3.14 3.14 3.14 2.65 2.65 2.65 2.65 2.65 2.65 2.65 2.65 2.65 2.65 6.00 4.36 2.75 2.42 2.75 2.75 2.75 2.75 2.75 4.50 2.42 2.42
3.71 3.71 3.71 3.71 3.65 3.65 3.65 3.65 4.48 4.48 4.48 1.81 1.79 1.79 1.85 2.33 1.79 1.19 1.19 4.43 4.49 4.49 4.49 4.49 9.27 4.78 4.78 9.29 4.78 4.78 4.78 4.78 4.76 1.95 1.95 1.95 1.94 1.94 1.94 1.94 1.31 5.44 5.44 5.44 5.44 1.57 1.57 1.57 1.33 1.33 1.33 1.13 1.14 2.12 2.12 2.12 2.65 2.65 2.65 2.76 2.76 3.14 3.14 3.14 2.76 2.76 2.65 2.65 2.65 2.65 2.65 2.65 6.00 2.31 2.31 2.31 2.75 2.42 2.42 2.75 2.75 4.50 4.50 2.42
3.71 3.71 3.71 3.71 3.65 3.65 6.77 3.65 4.48 4.48 5.82 1.81 1.19 1.85 3.98 5.23 1.19 1.19 1.19 4.43 4.49 4.49 4.49 4.49 9.08 4.78 9.29 4.78 4.78 4.78 4.78 4.78 4.76 1.95 1.95 1.95 1.94 1.94 1.94 1.94 1.31 5.11 5.44 3.82 3.82 1.30 1.30 1.76 1.33 1.33 1.96 1.96 1.96 2.33 1.93 2.12 1.84 1.84 2.65 3.14 2.76 5.08 2.76 2.65 2.65 2.65 2.65 3.14 2.65 2.65 2.65 4.24 2.31 2.75 2.75 2.42 2.75 2.75 2.42 2.75 2.42 2.42 4.50 4.50
3.71 3.71 3.71 3.71 3.65 3.65 3.65 3.65 8.70 4.48 4.48 1.81 1.19 1.85 1.85 1.85 1.19 1.79 1.19 4.43 4.49 4.49 4.49 4.49 4.78 4.78 4.78 4.78 4.78 4.78 4.78 4.78 4.76 1.95 1.95 1.95 1.94 1.94 1.94 2.83 1.31 5.11 5.44 5.44 1.30 1.30 1.30 1.30 1.33 1.33 1.76 1.96 2.33 2.12 2.12 2.12 1.84 2.65 2.65 3.14 5.08 2.76 3.14 3.14 2.65 2.65 3.14 3.14 2.65 2.65 2.65 2.65 2.75 2.75 2.75 2.75 2.75 2.75 2.75 2.75 4.50 2.75 2.75 4.50
3.10 3.71 3.71 3.71 3.65 3.65 3.65 3.65 8.68 4.48 4.48 1.81 1.19 1.85 3.58 1.85 2.32 1.19 1.79 4.43 4.49 4.49 4.49 4.49 4.78 4.78 4.78 4.78 4.78 4.78 4.78 4.78 1.95 1.95 1.95 1.95 1.94 1.94 2.83 1.94 1.31 1.31 5.44 5.44 1.76 1.30 1.30 1.30 1.33 1.76 1.76 1.76 2.33 2.33 2.12 3.02 2.65 2.65 2.65 3.14 5.08 5.08 5.08 3.14 3.14 3.14 5.08 2.76 3.14 2.65 2.65 2.65 2.75 4.50 2.75 2.75 2.75 2.42 2.42 2.42 4.50 2.42 2.42 2.75
4.55 4.37 4.37 4.37 3.65 10.73 3.65 7.49 4.45 4.45 4.45 3.98 1.85 1.85 1.85 2.05 3.98 1.19 1.78 4.42 4.52 4.52 4.52 4.52 1.98 4.82 4.82 4.82 4.85 4.85 1.99 1.99 1.99 1.99 1.99 1.99 1.96 1.96 1.96 1.96 1.30 1.30 1.30 1.30 1.29 1.29 1.29 1.29 1.13 1.96 1.96 1.96 2.12 2.12 2.12 3.02 2.65 2.65 2.65 2.65 3.14 3.14 3.14 3.14 3.14 3.14 3.14 2.65 2.65 2.65 2.65 2.65 2.75 2.75 2.75 2.42 2.31 2.75 2.75 4.50 4.50 2.75 4.53 2.75
3.10 14.70 7.54 4.37 3.65 3.65 3.65 6.63 4.45 4.45 4.45 3.98 1.85 1.85 3.98 3.98 2.05 1.19 1.78 4.42 4.52 4.52 4.52 1.83 1.98 2.89 4.82 4.82 1.99 1.99 1.99 1.99 1.99 1.99 1.99 1.99 1.96 1.96 1.96 1.96 1.30 1.30 1.30 1.30 1.29 1.29 1.29 1.29 1.76 1.96 1.76 1.76 2.12 2.12 3.02 3.02 2.65 2.76 2.76 3.14 3.14 3.14 3.14 3.14 3.14 3.14 2.65 3.14 2.65 2.65 3.14 3.14 2.31 2.42 2.75 2.75 2.75 2.75 2.75 2.75 2.42 2.75 2.42 2.31
1.70 2.01 3.38 3.38 5.53 3.31 3.31 3.31 3.42 3.42 1.53 0.75 3.46 3.46 1.20 1.20 1.20 1.20 1.20 3.39 3.47 3.47 3.47 1.24 1.23 1.23 3.46 3.46 1.24 2.76 1.24 1.24 1.24 1.24 1.24 1.24 1.22 1.22 1.22 1.79 1.43 1.04 1.04 1.04 1.03 1.03 1.03 0.92 0.92 0.92 0.92 0.92 2.54 3.02 2.54 2.54 2.43 2.43 2.43 2.33 2.76 2.76 2.76 2.43 2.43 2.33 2.33 2.33 2.76 2.76 2.76 2.33 2.06 2.06 2.06 2.45 2.45 2.45 2.45 2.45 2.15 2.45 2.06 2.06
1.70 2.01 2.01 3.38 3.31 3.31 3.31 3.31 3.42 1.22 1.22 1.22 1.20 1.20 1.20 1.20 1.20 1.20 1.20 1.20 3.47 3.47 3.47 1.24 1.23 1.23 1.23 1.23 1.24 1.24 1.24 1.24 1.24 1.24 1.24 1.24 1.70 1.22 1.22 1.22 1.04 1.04 1.04 1.04 1.03 1.03 1.03 1.03 0.92 1.05 0.92 2.54 2.54 2.54 2.54 2.54 2.43 2.76 2.33 2.76 2.33 2.76 2.76 2.33 2.43 2.43 2.33 2.33 2.33 2.76 2.76 2.33 2.06 2.06 2.06 2.15 2.06 2.45 2.15 2.06 4.07 2.45 2.06 2.45
3.37 3.37 3.37 3.37 3.29 3.29 3.29 5.56 3.40 1.68 1.21 1.21 1.19 1.19 1.19 1.19 1.67 1.67 1.20 1.20 3.45 3.45 5.79 1.23 2.48 1.72 1.23 1.23 1.25 1.25 1.25 1.25 1.75 1.25 1.25 1.25 1.70 1.22 1.22 1.22 1.04 1.04 1.04 1.04 1.03 0.63 1.03 1.03 1.05 0.92 0.92 1.76 1.76 2.65 2.65 2.54 2.33 2.33 2.33 2.33 2.33 2.76 2.33 2.33 4.52 2.43 2.43 2.33 2.33 2.33 2.33 2.33 2.06 2.06 2.06 2.06 2.06 2.45 2.06 2.15 2.15 2.15 2.06 2.06
5.61 7.26 2.01 2.01 3.29 8.96 3.29 3.29 3.40 1.21 1.21 1.21 1.19 0.75 1.19 1.19 1.20 1.86 1.67 1.20 1.23 3.45 3.45 3.45 1.23 1.23 1.23 4.41 1.25 1.75 1.25 1.25 1.25 1.25 1.25 1.25 1.22 1.22 1.22 1.22 1.04 1.04 1.04 1.04 1.03 1.03 1.03 1.03 1.05 1.05 1.44 2.33 2.37 2.22 3.02 2.54 2.33 2.33 2.33 2.33 2.33 2.33 2.33 2.76 2.43 2.43 2.76 2.33 2.76 2.76 2.33 2.33 2.06 2.06 2.06 2.06 2.06 2.06 2.45 2.45 2.15 2.06 2.45 2.45
1.61 2.01 1.61 2.01 3.29 3.29 3.29 3.29 3.40 3.40 1.21 1.21 0.75 0.75 1.66 1.19 1.20 1.20 1.20 1.20 1.23 3.45 3.45 3.45 3.45 1.23 1.23 3.45 3.50 3.50 1.25 1.25 1.25 1.25 1.75 1.25 1.22 1.70 1.22 1.22 1.04 1.04 1.04 1.04 1.03 1.03 1.03 1.03 1.05 1.05 1.05 2.33 2.37 1.94 2.54 2.54 2.33 2.33 2.33 2.76 2.33 2.33 2.76 2.76 2.43 2.43 2.76 2.76 6.03 2.76 2.76 2.76 2.06 2.06 2.06 2.06 2.06 2.45 2.15 4.07 2.45 2.06 2.45 2.45
1.61 1.61 5.64 3.37 3.29 3.29 5.50 3.29 3.40 3.40 1.21 3.46 1.19 1.19 1.19 1.19 1.20 1.20 1.20 1.20 1.23 1.23 3.45 3.45 5.78 1.23 1.23 1.23 3.50 3.50 3.50 1.25 1.25 1.25 1.25 1.25 1.22 1.22 1.22 1.22 1.57 1.43 1.04 1.04 1.03 1.03 0.63 0.63 0.64 0.64 1.05 2.33 2.37 1.94 2.54 2.54 2.33 2.33 2.33 2.33 2.33 2.76 2.76 2.33 2.76 4.52 2.76 2.33 2.33 2.76 2.76 2.76 2.06 2.45 2.06 2.06 2.45 2.15 2.15 2.15 2.45 2.45 2.45 2.06
2.01 2.01 3.03 3.35 3.30 3.30 3.30 3.30 3.37 3.37 1.19 1.19 1.18 1.18 1.18 1.18 1.21 1.21 1.21 1.21 1.22 1.22 1.22 3.44 3.43 1.22 1.22 1.22 1.74 3.50 3.50 1.25 1.25 1.25 1.25 1.25 1.20 1.20 1.20 1.20 1.04 1.04 1.04 1.04 1.03 1.03 1.03 0.92 0.92 0.92 1.04 1.76 1.76 1.76 2.54 2.54 2.33 2.33 2.33 2.76 2.43 2.33 2.33 2.33 2.76 2.76 2.43 6.03 2.76 2.76 2.76 2.33 2.15 2.45 2.06 2.06 2.15 2.15 2.15 2.06 2.06 2.45 2.45 2.06
2.01 2.01 2.01 2.01 2.01 3.30 3.30 3.30 5.63 3.37 1.19 1.19 1.18 1.18 1.18 1.18 1.21 1.21 1.21 1.21 1.22 1.22 1.22 3.44 3.43 1.22 1.22 1.22 1.25 1.25 3.50 1.25 1.25 1.25 1.25 1.25 1.20 1.86 1.67 1.20 1.04 1.04 1.04 1.20 1.03 1.03 1.03 0.92 0.92 0.92 1.76 1.76 1.76 2.54 2.54 4.06 2.33 2.33 2.76 2.76 2.76 2.33 2.33 2.33 2.33 2.76 2.43 2.33 2.76 2.76 2.76 2.76 2.06 2.45 2.06 2.15 2.15 2.45 2.45 2.06 2.06 2.06 2.15 2.45
