New_Model_Runs/7_FutureClimate_RCP85_out/post_prcessed_with_MFR/Monthly_summaries/runoff_monthly_NOV.asc
NCOLS 700
NROWS 400
XLLCENTER 515000.000000
YLLCENTER 8409000.000000
CELLSIZE 50.000000
NODATA_value -999.000000
[rows 148 to 184 of 400, columns 336 to 419 of 700]
6.19 3.50 3.50 3.50 6.09 6.09 6.09 3.57 3.54 3.54 3.54 3.54 3.52 3.52 3.52 2.13 3.27 5.86 3.27 3.27 3.27 3.27 3.27 3.27 3.35 3.35 3.35 1.74 1.33 3.34 3.34 6.21 3.06 3.06 0.00 0.00 0.00 3.06 3.06 3.06 3.06 3.06 2.48 2.48 2.48 2.48 2.91 2.89 2.78 2.35 2.35 0.62 0.62 0.00 0.00 0.00 0.00 0.00 0.00 0.00 0.00 0.00 0.00 0.00 0.00 0.00 0.00 0.00 0.00 0.00 0.00 0.00 0.00 0.00 0.00 0.00 0.00 0.00 0.00 0.00 0.00 0.00 0.00 0.00
4.03 6.19 6.19 6.19 6.09 6.09 6.09 6.09 3.54 3.54 3.54 6.90 3.52 3.52 3.52 3.52 3.27 3.27 3.27 3.27 3.27 3.27 3.27 3.27 3.35 3.35 3.35 2.01 1.44 3.34 3.34 3.34 3.06 3.06 3.06 3.06 3.06 3.06 3.06 1.42 1.42 2.14 2.14 1.55 1.55 1.55 1.55 1.55 2.35 2.35 13.78 0.00 0.00 0.00 0.00 0.00 0.00 0.00 0.00 0.00 0.00 0.00 0.00 0.00 0.00 0.00 0.00 0.00 0.00 0.00 0.00 0.00 0.00 0.00 0.00 0.00 0.00 0.00 0.00 0.00 0.00 0.00 0.00 0.00
4.03 3.50 6.19 6.19 6.09 6.09 6.09 6.09 3.54 3.54 3.54 3.54 3.52 3.52 3.52 3.52 3.27 8.55 3.27 3.27 3.27 3.27 3.27 3.27 3.35 3.35 3.35 2.01 3.34 3.34 3.34 3.34 3.06 3.06 3.06 3.06 3.06 3.06 4.77 1.61 1.82 2.14 2.14 1.55 1.55 1.55 1.24 2.48 2.35 2.35 2.35 0.00 0.00 0.00 0.00 0.00 0.00 0.00 0.00 0.00 0.00 0.00 0.00 0.00 0.00 0.00 0.00 0.00 0.00 0.00 0.00 0.00 0.00 0.00 0.00 0.00 0.00 0.00 0.00 0.00 0.00 0.00 0.00 0.00
3.15 4.03 6.19 6.19 6.09 4.03 3.50 6.09 6.05 3.54 3.54 3.54 3.52 3.52 3.52 3.52 3.27 3.27 3.27 3.27 3.27 3.27 3.27 3.27 3.35 3.35 2.16 3.34 3.34 3.34 3.34 3.34 3.06 3.06 1.19 1.19 3.06 1.30 1.30 2.14 3.02 4.09 2.47 2.47 2.47 5.66 4.18 3.67 2.35 0.00 0.00 0.00 0.00 0.00 0.00 0.00 0.00 0.00 0.00 0.00 0.00 0.00 0.00 0.00 0.00 0.00 0.00 0.00 0.00 0.00 0.00 0.00 0.00 0.00 0.00 0.00 0.00 0.00 0.00 0.00 0.00 0.00 0.00 0.00
5.10 2.81 11.46 6.20 6.15 4.03 3.50 3.50 3.50 6.08 3.56 3.56 6.74 6.74 3.46 3.46 3.24 3.24 5.81 3.24 3.33 3.33 3.33 3.33 3.41 3.41 1.78 3.34 3.34 3.34 3.34 3.34 3.06 3.06 3.06 1.61 1.61 1.42 2.14 4.10 4.06 2.47 2.47 2.04 2.04 5.66 3.67 3.67 3.50 0.00 0.00 0.00 0.00 0.00 0.00 0.00 0.00 0.00 0.00 0.00 0.00 0.00 0.00 0.00 0.00 0.00 0.00 0.00 0.00 0.00 0.00 0.00 0.00 0.00 0.00 0.00 0.00 0.00 0.00 0.00 0.00 0.00 0.00 0.00
3.15 3.99 5.54 3.50 3.50 6.36 6.02 11.32 7.53 6.08 6.08 3.56 3.46 3.46 3.46 3.46 3.24 3.24 3.24 3.24 3.33 3.33 3.33 3.33 3.41 1.78 1.78 1.78 1.78 2.91 3.34 1.78 1.61 2.62 1.61 1.61 3.35 2.74 2.04 4.10 4.06 2.47 2.47 1.76 1.21 3.67 3.67 3.67 3.50 0.00 0.00 0.00 0.00 0.00 0.00 0.00 0.00 0.00 0.00 0.00 0.00 0.00 0.00 0.00 0.00 0.00 0.00 0.00 0.00 0.00 0.00 0.00 0.00 0.00 0.00 0.00 0.00 0.00 0.00 0.00 0.00 0.00 0.00 0.00
3.63 2.61 2.61 4.03 6.19 14.91 6.15 6.15 6.08 6.08 6.08 3.56 3.46 3.46 3.46 6.57 3.24 3.24 3.24 3.24 3.33 3.33 3.33 3.33 1.77 1.77 1.77 3.90 1.78 1.78 1.78 1.78 3.06 1.61 1.76 1.76 1.76 1.35 2.04 2.47 4.06 1.51 1.51 1.76 3.67 1.76 1.21 1.21 3.50 1.13 0.00 0.00 0.00 0.00 0.00 0.00 0.00 0.00 0.00 0.00 0.00 0.00 0.00 0.00 0.00 0.00 0.00 0.00 0.00 0.00 0.00 0.00 0.00 0.00 0.00 0.00 0.00 0.00 0.00 0.00 0.00 0.00 0.00 0.00
6.20 3.50 2.61 3.50 3.50 3.50 7.57 6.15 6.08 6.08 6.08 6.08 6.74 3.46 3.46 3.46 3.24 3.24 3.24 3.24 3.33 3.33 3.33 3.33 3.41 3.41 3.41 3.41 1.57 1.44 3.34 1.96 1.76 1.76 1.76 1.35 1.51 2.47 2.47 4.10 2.47 1.35 3.67 1.76 3.67 3.67 1.21 1.21 3.50 1.13 0.00 0.00 0.00 0.00 0.00 0.00 0.00 0.00 0.00 0.00 0.00 0.00 0.00 0.00 0.00 0.00 0.00 0.00 0.00 0.00 0.00 0.00 0.00 0.00 0.00 0.00 0.00 0.00 0.00 0.00 0.00 0.00 0.00 0.00
4.03 3.50 7.58 3.50 6.14 6.14 6.14 6.14 6.07 6.07 6.07 6.07 19.61 6.71 3.44 3.44 3.25 3.25 3.25 3.25 3.33 3.33 3.33 3.33 3.36 3.36 3.36 3.36 2.27 1.96 3.70 1.96 2.61 1.76 1.76 2.04 2.04 4.04 4.04 4.04 2.47 1.51 3.67 1.76 1.76 3.67 1.21 3.67 3.50 3.50 13.78 0.00 0.00 0.00 0.00 0.00 0.00 0.00 0.00 0.00 0.00 0.00 0.00 0.00 0.00 0.00 0.00 0.00 0.00 0.00 0.00 0.00 0.00 0.00 0.00 0.00 0.00 0.00 0.00 0.00 0.00 0.00 0.00 0.00
3.50 3.50 6.16 3.50 6.14 6.14 6.14 6.14 6.07 11.21 6.07 6.07 5.89 5.89 3.44 3.44 3.25 3.25 3.25 3.25 5.91 3.33 3.33 3.33 3.36 3.36 4.55 2.27 2.27 4.58 1.68 1.96 1.76 2.47 2.04 2.04 4.04 4.04 4.04 4.04 2.47 2.04 3.67 3.67 1.76 3.67 3.67 1.21 1.66 3.50 3.50 0.00 0.00 0.00 0.00 0.00 0.00 0.00 0.00 0.00 0.00 0.00 0.00 0.00 0.00 0.00 0.00 0.00 0.00 0.00 0.00 0.00 0.00 0.00 0.00 0.00 0.00 0.00 0.00 0.00 0.00 0.00 0.00 0.00
6.16 7.58 6.16 6.16 6.14 6.14 6.14 3.50 3.50 6.07 6.07 6.07 10.88 5.89 3.44 3.44 3.25 3.25 3.25 5.82 3.33 3.33 3.33 4.52 4.55 4.55 4.55 4.55 4.58 4.58 2.72 2.72 2.47 2.47 4.14 2.47 4.04 4.04 4.04 4.04 4.11 4.11 3.67 3.67 1.21 1.21 3.67 3.67 3.50 3.50 1.13 0.00 0.00 0.00 0.00 0.00 0.00 0.00 0.00 0.00 0.00 0.00 0.00 0.00 0.00 0.00 0.00 0.00 0.00 0.00 0.00 0.00 0.00 0.00 0.00 0.00 0.00 0.00 0.00 0.00 0.00 0.00 0.00 0.00
6.16 6.16 7.54 6.16 6.14 6.14 3.50 3.50 3.50 6.07 6.07 6.07 5.89 5.89 5.89 3.44 3.25 3.25 3.25 3.25 3.33 7.98 4.52 4.52 4.55 8.04 4.55 4.55 4.58 4.58 2.27 7.75 4.14 4.14 4.14 4.14 4.04 4.04 4.04 4.04 4.11 2.47 3.67 1.76 1.76 1.21 3.67 3.67 3.50 3.50 3.50 0.00 0.00 0.00 0.00 0.00 0.00 0.00 0.00 0.00 0.00 0.00 0.00 0.00 0.00 0.00 0.00 0.00 0.00 0.00 0.00 0.00 0.00 0.00 0.00 0.00 0.00 0.00 0.00 0.00 0.00 0.00 0.00 0.00
6.11 9.27 3.50 6.11 6.11 6.11 3.50 3.50 6.04 6.04 6.04 6.04 5.86 5.86 5.86 5.86 3.22 3.22 4.37 4.37 4.44 4.44 4.44 4.44 4.46 4.46 4.46 4.46 4.46 7.93 4.46 4.46 4.04 4.04 4.04 9.89 4.06 4.06 4.06 4.06 4.13 2.47 2.47 1.51 1.51 1.76 1.51 1.76 1.42 1.42 6.19 5.15 0.00 0.00 0.00 0.00 0.00 0.00 0.00 0.00 0.00 0.00 0.00 0.00 0.00 0.00 0.00 0.00 0.00 0.00 0.00 0.00 0.00 0.00 0.00 0.00 0.00 0.00 0.00 0.00 0.00 0.00 0.00 0.00
6.11 8.39 8.39 6.11 6.11 6.11 3.50 3.50 3.50 6.04 6.04 7.55 5.86 5.86 5.86 5.86 4.37 4.37 4.37 4.37 4.44 4.44 4.44 4.44 4.46 8.56 4.46 4.46 4.46 8.56 4.46 4.46 4.04 4.04 7.24 7.24 4.06 4.06 4.06 4.06 4.11 2.04 4.20 2.47 2.47 2.47 2.47 2.47 2.33 3.64 2.33 1.66 3.50 3.50 5.89 3.50 0.00 0.00 0.00 0.00 0.00 0.00 0.00 0.00 0.00 0.00 0.00 0.00 0.00 0.00 0.00 0.00 0.00 0.00 0.00 0.00 0.00 0.00 0.00 0.00 0.00 0.00 0.00 0.00
7.42 19.66 7.42 7.42 7.42 7.42 7.42 13.71 4.38 7.34 7.34 7.34 7.12 7.12 7.12 7.12 5.16 9.27 5.16 5.16 5.23 5.23 5.23 5.23 5.26 9.45 5.26 5.26 9.45 5.26 17.69 5.26 4.16 4.16 4.16 4.16 4.18 4.18 4.18 7.41 4.24 4.24 4.24 4.97 2.55 4.22 4.22 4.22 3.67 2.29 2.29 1.62 1.62 3.44 4.24 3.44 3.44 4.66 3.44 3.44 0.00 0.00 0.00 0.00 0.00 0.00 0.00 0.00 0.00 0.00 0.00 0.00 0.00 0.00 0.00 0.00 0.00 0.00 0.00 0.00 0.00 0.00 0.00 0.00
7.42 13.72 13.72 7.42 7.42 7.42 7.42 7.42 7.34 7.34 7.34 7.34 13.22 7.12 7.12 7.12 5.16 5.16 5.16 5.16 5.23 5.23 5.23 5.23 5.26 5.26 5.26 5.26 5.26 5.26 9.43 5.26 4.16 4.16 4.16 4.16 4.18 4.18 7.42 4.18 4.24 4.24 4.24 4.24 4.22 4.22 4.22 4.22 3.67 3.67 3.67 1.10 1.20 1.10 3.44 3.44 3.44 1.69 1.69 1.62 3.44 0.00 0.00 0.00 0.00 0.00 0.00 0.00 0.00 0.00 0.00 0.00 0.00 0.00 0.00 0.00 0.00 0.00 0.00 0.00 0.00 0.00 0.00 0.00
7.35 7.35 13.65 7.35 7.26 7.26 7.26 7.26 13.20 7.11 7.11 13.20 7.02 7.02 7.02 5.67 5.21 5.21 5.21 5.21 5.27 5.27 5.27 5.27 5.26 5.26 5.26 5.26 5.23 5.23 5.23 5.23 4.18 4.18 4.18 4.18 4.19 4.19 4.19 4.19 4.18 4.18 4.18 4.18 4.16 10.15 4.16 4.16 3.67 3.67 2.29 3.44 1.24 1.10 3.44 3.44 1.66 3.59 3.59 3.59 3.92 2.29 5.97 13.64 0.00 0.00 0.00 0.00 0.00 0.00 0.00 0.00 0.00 0.00 0.00 0.00 0.00 0.00 0.00 0.00 0.00 0.00 0.00 0.00
7.35 7.35 7.35 7.35 7.26 7.26 7.26 7.26 7.11 7.11 7.11 7.11 7.02 7.02 7.02 5.67 5.21 5.21 5.21 5.21 5.27 5.27 5.27 5.27 5.26 5.26 5.26 5.26 5.23 5.23 5.23 5.23 4.18 4.18 4.18 4.18 4.19 4.19 4.19 4.19 4.18 4.18 4.18 4.18 4.16 7.38 4.16 4.16 3.67 2.29 2.29 3.44 1.24 3.44 1.62 1.62 3.59 3.59 3.59 3.59 3.58 3.58 3.58 3.58 0.00 0.00 0.00 0.00 0.00 0.00 0.00 0.00 0.00 0.00 0.00 0.00 0.00 0.00 0.00 0.00 0.00 0.00 0.00 0.00
13.65 7.35 7.35 13.65 7.26 7.26 7.26 7.26 7.11 7.11 7.11 7.11 7.02 7.02 7.02 5.67 5.21 5.21 5.21 5.21 5.27 5.27 5.27 5.27 5.26 5.26 5.26 5.26 5.23 5.23 5.23 5.23 4.18 4.18 4.18 4.18 4.19 4.19 4.19 4.19 4.18 4.18 4.18 4.18 4.16 4.16 4.16 4.16 3.67 1.89 1.89 1.89 1.10 1.39 1.39 1.39 3.59 3.59 3.59 3.59 3.58 3.58 3.58 3.58 0.00 0.00 0.00 0.00 0.00 0.00 0.00 0.00 0.00 0.00 0.00 0.00 0.00 0.00 0.00 0.00 0.00 0.00 0.00 0.00
7.35 7.35 7.35 7.35 7.26 13.32 7.26 7.26 7.11 7.11 7.11 7.11 7.02 7.02 5.67 5.67 5.21 5.21 5.21 5.21 5.27 5.27 5.27 5.27 5.26 5.26 5.26 5.26 5.23 5.23 5.23 5.23 4.18 4.18 4.18 4.18 4.19 4.19 4.19 4.19 4.18 4.18 4.18 4.18 4.16 4.16 4.16 4.16 2.29 2.29 2.25 1.89 1.39 1.39 1.39 1.39 3.59 3.59 3.59 2.29 1.89 3.58 2.29 3.58 0.00 0.00 0.00 0.00 0.00 0.00 0.00 0.00 0.00 0.00 0.00 0.00 0.00 0.00 0.00 0.00 0.00 0.00 0.00 0.00
7.25 7.25 7.25 7.25 7.07 7.07 13.12 7.07 7.09 7.09 7.09 7.09 7.25 7.25 5.87 5.87 5.35 5.35 5.35 5.35 5.35 5.35 5.35 9.56 5.34 5.34 5.34 5.34 5.36 5.36 5.36 5.36 4.28 4.28 4.28 4.28 4.28 4.28 4.28 4.28 5.81 2.55 2.60 4.24 4.20 4.20 4.20 4.20 3.65 4.37 3.65 3.65 3.63 3.63 3.63 3.63 3.59 3.59 3.59 2.29 1.89 3.92 0.00 0.00 0.00 0.00 0.00 0.00 0.00 0.00 0.00 0.00 0.00 0.00 0.00 0.00 0.00 0.00 0.00 0.00 0.00 0.00 0.00 0.00
7.25 7.25 7.25 7.25 7.07 7.07 7.07 7.07 7.09 7.09 7.09 7.09 7.25 7.25 5.87 5.87 5.35 5.35 5.35 5.35 5.35 5.35 5.35 5.35 5.34 5.34 5.34 5.34 5.36 5.36 5.36 5.36 4.28 4.28 4.28 4.28 4.28 4.28 4.28 4.28 2.11 4.24 2.60 4.24 4.20 4.20 4.20 4.20 3.65 3.65 3.65 3.65 3.63 3.63 3.63 2.29 2.29 2.29 2.29 2.29 0.00 0.00 0.00 0.00 0.00 0.00 0.00 0.00 0.00 0.00 0.00 0.00 0.00 0.00 0.00 0.00 0.00 0.00 0.00 0.00 0.00 0.00 0.00 0.00
7.25 7.25 7.25 7.25 7.07 7.07 7.07 7.07 7.09 7.09 7.09 7.09 7.25 5.87 5.87 5.87 5.35 5.35 5.35 5.35 5.35 5.35 5.35 5.35 5.34 5.34 5.34 7.41 3.37 5.36 5.36 5.36 4.28 4.28 4.28 4.28 4.28 4.28 4.28 4.28 2.11 2.60 4.24 4.24 4.20 4.20 4.20 4.20 3.65 3.65 3.65 3.65 3.63 2.29 2.29 2.29 2.29 3.59 3.59 13.64 0.00 0.00 0.00 0.00 0.00 0.00 0.00 0.00 0.00 0.00 0.00 0.00 0.00 0.00 0.00 0.00 0.00 0.00 0.00 0.00 0.00 0.00 0.00 0.00
7.25 7.25 7.25 7.25 7.07 7.07 7.07 7.07 7.09 7.09 7.09 7.09 7.25 5.87 5.87 5.87 5.35 9.63 9.63 17.93 5.35 5.35 5.35 5.35 5.34 5.34 5.34 7.41 7.41 5.36 5.36 5.36 4.28 4.28 4.28 4.28 4.28 4.28 2.55 4.28 4.24 2.11 4.24 4.24 2.55 2.55 4.20 4.20 3.65 3.65 3.65 3.65 3.63 2.29 2.29 3.44 3.44 3.44 0.00 0.00 0.00 0.00 0.00 0.00 0.00 0.00 0.00 0.00 0.00 0.00 0.00 0.00 0.00 0.00 0.00 0.00 0.00 0.00 0.00 0.00 0.00 0.00 0.00 0.00
7.13 7.13 7.13 7.13 7.17 7.17 7.17 7.17 7.31 7.31 7.31 7.31 7.30 5.91 5.91 15.74 9.95 5.27 5.27 9.47 5.33 5.33 9.60 5.33 5.39 5.39 5.39 7.41 7.41 5.43 2.67 2.67 2.05 4.35 4.35 4.35 4.34 4.34 2.55 2.55 4.31 4.31 4.31 4.31 1.56 1.40 4.26 4.26 3.69 1.89 2.29 3.69 2.29 3.92 1.10 1.62 3.44 3.44 0.00 0.00 0.00 0.00 0.00 0.00 0.00 0.00 0.00 0.00 0.00 0.00 0.00 0.00 0.00 0.00 0.00 0.00 0.00 0.00 0.00 0.00 0.00 0.00 0.00 0.00
7.13 7.13 7.13 7.13 7.17 7.17 7.17 7.17 7.31 7.31 7.31 7.31 7.30 5.91 10.69 5.91 5.27 5.27 5.27 5.27 5.33 5.33 5.33 5.33 9.65 9.69 5.39 7.41 7.41 5.36 2.40 2.40 2.05 1.40 2.05 2.05 4.34 4.34 4.34 2.11 1.40 4.31 4.31 4.31 1.82 2.59 4.26 4.26 2.29 1.89 2.29 1.39 1.10 3.44 3.44 1.62 13.64 0.00 0.00 0.00 0.00 0.00 0.00 0.00 0.00 0.00 0.00 0.00 0.00 0.00 0.00 0.00 0.00 0.00 0.00 0.00 0.00 0.00 0.00 0.00 0.00 0.00 0.00 0.00
7.13 7.13 7.13 7.13 7.17 7.17 7.17 7.17 7.31 7.31 7.31 7.31 5.91 15.84 5.91 10.69 5.27 5.27 5.27 5.27 5.33 5.33 5.33 9.58 5.39 5.39 9.69 5.39 5.43 5.43 5.43 7.41 6.32 2.51 2.05 2.05 2.04 4.34 2.55 1.82 1.25 1.56 2.55 4.31 3.78 3.78 1.99 4.26 2.29 2.29 1.39 3.92 0.00 0.00 0.00 0.00 0.00 0.00 0.00 0.00 0.00 0.00 0.00 0.00 0.00 0.00 0.00 0.00 0.00 0.00 0.00 0.00 0.00 0.00 0.00 0.00 0.00 0.00 0.00 0.00 0.00 0.00 0.00 0.00
7.13 7.13 7.13 7.13 7.17 7.17 7.17 7.17 7.31 7.31 7.31 7.31 5.91 10.56 5.91 5.91 13.02 5.27 5.27 5.27 5.33 5.33 9.55 5.33 5.39 5.39 5.39 5.39 5.43 9.76 9.76 3.28 3.78 3.78 3.16 2.05 3.78 3.78 3.78 1.25 1.25 3.78 3.78 2.02 1.25 1.82 3.78 1.99 3.69 1.62 1.62 0.00 0.00 0.00 0.00 0.00 0.00 0.00 0.00 0.00 0.00 0.00 0.00 0.00 0.00 0.00 0.00 0.00 0.00 0.00 0.00 0.00 0.00 0.00 0.00 0.00 0.00 0.00 0.00 0.00 0.00 0.00 0.00 0.00
7.26 7.26 6.04 6.04 7.32 7.32 7.32 7.32 7.26 7.26 7.26 7.26 5.75 5.75 5.75 5.75 9.31 5.18 5.18 5.18 5.28 5.28 5.28 5.28 5.34 5.34 5.34 5.34 5.41 5.41 5.41 5.41 1.25 1.82 3.78 3.61 3.61 1.82 3.61 3.78 3.78 3.78 3.78 3.78 3.78 1.82 3.78 3.78 3.44 1.10 0.00 0.00 0.00 0.00 0.00 0.00 0.00 0.00 0.00 0.00 0.00 0.00 0.00 0.00 0.00 0.00 0.00 0.00 0.00 0.00 0.00 0.00 0.00 0.00 0.00 0.00 0.00 0.00 0.00 0.00 0.00 0.00 0.00 0.00
7.26 7.26 7.26 6.04 6.04 7.32 7.32 7.32 7.26 7.26 9.22 10.97 10.82 10.82 5.75 5.75 5.18 5.18 5.18 5.18 5.28 5.28 9.95 5.28 5.34 5.34 5.34 5.34 5.41 5.41 5.41 5.41 4.37 2.06 3.78 1.25 3.93 3.92 1.82 1.25 3.78 3.78 3.78 3.78 3.78 3.78 3.78 3.78 3.44 0.00 0.00 0.00 0.00 0.00 0.00 0.00 0.00 0.00 0.00 0.00 0.00 0.00 0.00 0.00 0.00 0.00 0.00 0.00 0.00 0.00 0.00 0.00 0.00 0.00 0.00 0.00 0.00 0.00 0.00 0.00 0.00 0.00 0.00 0.00
7.88 7.88 7.88 7.88 7.95 7.95 6.59 6.59 5.64 7.89 7.89 6.44 6.29 6.29 6.29 6.29 5.73 5.73 5.73 5.73 5.84 5.84 5.84 5.84 5.91 5.91 5.91 5.91 5.99 5.99 5.99 5.99 4.46 4.46 7.94 4.46 2.16 4.44 4.44 1.44 3.86 3.86 6.54 3.86 3.86 1.87 1.29 3.86 0.00 0.00 0.00 0.00 0.00 0.00 0.00 0.00 0.00 0.00 0.00 0.00 0.00 0.00 0.00 0.00 0.00 0.00 0.00 0.00 0.00 0.00 0.00 0.00 0.00 0.00 0.00 0.00 0.00 0.00 0.00 0.00 0.00 0.00 0.00 0.00
7.88 7.88 7.88 6.59 6.59 6.59 6.59 6.59 6.59 6.59 7.89 6.44 6.29 6.29 6.29 6.29 5.73 5.73 5.73 5.73 5.84 5.84 5.84 5.84 5.91 5.91 5.91 5.91 5.99 5.99 5.99 5.99 4.46 4.46 4.46 4.46 4.44 4.44 4.44 4.44 4.40 1.87 1.29 3.86 1.87 1.87 3.86 3.86 0.00 0.00 0.00 0.00 0.00 0.00 0.00 0.00 0.00 0.00 0.00 0.00 0.00 0.00 0.00 0.00 0.00 0.00 0.00 0.00 0.00 0.00 0.00 0.00 0.00 0.00 0.00 0.00 0.00 0.00 0.00 0.00 0.00 0.00 0.00 0.00
7.87 6.59 6.59 6.59 6.59 11.98 6.59 6.59 6.59 6.59 5.56 10.63 5.56 6.22 6.22 6.22 5.81 5.81 5.81 5.81 5.85 5.85 5.85 5.85 5.88 5.88 10.64 10.64 5.95 5.95 5.95 5.95 4.39 7.82 4.39 4.39 4.35 4.35 4.35 4.35 4.32 7.69 4.32 2.61 1.87 3.86 1.29 3.86 0.00 0.00 0.00 0.00 0.00 0.00 0.00 0.00 0.00 0.00 0.00 0.00 0.00 0.00 0.00 0.00 0.00 0.00 0.00 0.00 0.00 0.00 0.00 0.00 0.00 0.00 0.00 0.00 0.00 0.00 0.00 0.00 0.00 0.00 0.00 0.00
6.59 6.59 6.59 6.59 6.59 6.59 6.59 11.98 6.59 6.59 2.27 5.56 10.07 6.22 6.22 6.22 5.81 5.81 5.81 5.81 5.85 5.85 5.85 5.85 5.88 5.88 10.64 5.88 5.95 5.95 5.95 15.03 2.16 4.39 4.39 4.39 4.35 4.35 4.35 4.35 4.32 4.32 7.69 4.32 5.09 2.61 2.61 5.09 1.56 3.33 1.06 0.00 0.00 0.00 0.00 0.00 0.00 0.00 0.00 0.00 0.00 0.00 0.00 0.00 0.00 0.00 0.00 0.00 0.00 0.00 0.00 0.00 0.00 0.00 0.00 0.00 0.00 0.00 0.00 0.00 0.00 0.00 0.00 0.00
6.59 6.59 6.59 6.59 6.59 6.59 6.59 6.59 6.59 6.59 5.56 6.16 6.22 6.22 6.22 6.22 5.81 5.81 5.81 5.81 5.85 5.85 5.85 5.85 5.88 5.88 5.88 5.88 5.95 5.95 10.76 5.95 2.16 4.39 7.82 4.39 4.35 4.35 2.67 4.35 4.32 4.32 4.32 4.32 4.33 4.33 4.33 4.33 2.21 3.33 3.33 1.06 1.06 0.00 0.00 0.00 0.00 0.00 0.00 0.00 0.00 0.00 0.00 0.00 0.00 0.00 0.00 0.00 0.00 0.00 0.00 0.00 0.00 0.00 0.00 0.00 0.00 0.00 0.00 0.00 0.00 0.00 0.00 0.00
6.59 6.59 6.59 6.59 6.59 6.59 6.59 11.98 6.59 6.59 5.56 6.16 6.22 6.22 6.22 6.22 5.81 5.81 5.81 5.81 5.85 5.85 5.85 5.85 5.88 5.88 5.88 5.88 5.95 5.95 5.95 5.95 4.39 4.39 4.39 4.39 4.35 4.35 7.68 4.35 4.32 4.32 4.32 4.32 4.33 4.33 7.63 4.33 3.59 2.21 3.33 3.33 1.06 1.06 0.00 0.00 0.00 0.00 0.00 0.00 0.00 0.00 0.00 0.00 0.00 0.00 0.00 0.00 0.00 0.00 0.00 0.00 0.00 0.00 0.00 0.00 0.00 0.00 0.00 0.00 0.00 0.00 0.00 0.00
6.59 6.59 6.59 11.98 6.59 6.59 6.59 6.59 6.59 5.56 6.19 11.23 6.33 6.33 6.33 6.33 5.86 5.86 5.86 5.86 5.86 15.62 10.59 10.59 10.64 2.95 5.89 5.89 5.88 5.88 10.64 10.64 7.66 4.31 4.31 4.31 7.60 4.28 4.28 4.28 4.25 7.55 4.25 4.25 4.26 4.26 4.26 4.26 3.55 2.21 3.45 3.33 3.33 3.33 3.80 3.80 0.00 0.00 0.00 0.00 0.00 0.00 0.00 0.00 0.00 0.00 0.00 0.00 0.00 0.00 0.00 0.00 0.00 0.00 0.00 0.00 0.00 0.00 0.00 0.00 0.00 0.00 0.00 0.00
