New_Model_Runs/10_Future_Present_Scn3_out/post_prcessed_with_MFR/actual_et_annual.asc
NCOLS 700
NROWS 400
XLLCENTER 515000.000000
YLLCENTER 8409000.000000
CELLSIZE 50.000000
NODATA_value -999.000000
[rows 180 to 215 of 400, columns 162 to 242 of 700]
15.26 15.24 15.23 15.21 15.20 15.19 15.17 15.16 15.15 0.00 0.00 0.00 0.00 0.00 0.00 0.00 0.00 0.00 0.00 0.00 0.00 53.91 14.93 0.00 0.00 0.00 0.00 0.00 0.00 0.00 0.00 0.00 0.00 14.74 14.72 14.70 14.68 14.67 14.65 14.63 14.61 14.60 14.58 14.56 14.54 14.53 14.51 14.49 14.47 14.45 14.43 54.27 52.71 52.34 0.00 0.00 0.00 0.00 0.00 52.25 14.22 14.20 14.18 14.15 14.13 14.11 0.00 0.00 0.00 0.00 0.00 0.00 0.00 0.00 0.00 0.00 0.00 0.00 0.00 0.00 13.73
15.22 15.21 15.20 15.18 15.17 15.15 15.14 15.13 15.11 0.00 0.00 0.00 0.00 0.00 0.00 0.00 54.00 53.97 0.00 0.00 0.00 14.91 14.89 0.00 0.00 0.00 0.00 0.00 14.79 14.77 14.75 14.73 53.12 14.70 14.68 14.66 14.65 14.63 14.61 14.59 14.58 14.56 14.54 14.52 14.50 14.48 14.47 14.45 14.43 14.41 14.39 14.37 14.35 14.33 53.98 53.93 52.07 52.02 52.13 14.20 14.18 14.16 14.13 14.11 14.09 14.06 14.04 0.00 0.00 0.00 0.00 0.00 0.00 0.00 0.00 0.00 0.00 0.00 1.13 1.13 13.69
15.19 15.18 15.16 15.15 15.14 15.12 15.11 15.09 15.08 0.00 0.00 0.00 0.00 0.00 0.00 0.00 14.96 14.94 0.00 14.91 14.89 14.87 14.86 14.84 0.00 0.00 0.00 14.77 14.75 14.73 14.72 14.70 14.68 14.66 14.64 14.63 14.61 14.59 14.57 14.55 14.54 14.52 14.50 14.48 14.46 14.44 14.42 14.41 14.39 14.37 14.35 14.33 14.31 14.29 14.27 14.24 14.22 42.43 42.57 14.16 14.14 14.11 14.09 14.07 14.04 14.02 13.99 0.00 0.00 0.00 0.00 0.00 0.00 0.00 0.00 0.00 0.00 1.13 13.69 13.67 13.64
15.16 15.14 15.13 15.12 15.10 15.09 15.08 15.06 15.05 0.00 0.00 0.00 0.00 0.00 0.00 0.00 14.92 14.91 14.89 14.87 14.86 14.84 14.82 14.81 14.79 14.77 14.75 14.73 14.72 14.70 14.68 14.66 14.64 14.63 14.61 14.59 14.57 14.55 14.53 14.51 14.50 14.48 14.46 14.44 14.42 14.40 14.38 14.36 14.34 14.32 14.30 14.28 14.26 14.24 14.22 14.20 14.18 14.16 14.14 14.11 14.09 14.07 14.04 14.02 14.00 13.97 13.95 0.00 0.00 0.00 0.00 0.00 0.00 0.00 0.00 0.00 0.00 13.68 13.65 13.63 13.60
15.13 15.11 15.10 15.08 15.07 15.06 15.04 15.03 15.01 0.00 0.00 0.00 0.00 0.00 0.00 0.00 14.89 14.87 14.86 14.84 14.82 14.81 14.79 14.77 14.75 14.73 14.72 14.70 14.68 14.66 14.64 14.63 14.61 14.59 14.57 14.55 14.53 14.51 14.49 14.48 14.46 14.44 14.42 14.40 14.38 14.36 14.34 14.32 14.30 14.28 14.26 14.24 14.22 14.20 14.18 14.16 14.14 14.11 14.09 14.07 14.05 14.02 14.00 13.98 13.95 13.93 13.91 0.00 0.00 0.00 0.00 0.00 0.00 0.00 0.00 13.69 13.66 13.64 13.61 13.59 13.56
15.09 15.08 15.07 15.05 15.04 15.02 15.01 15.00 14.98 14.97 0.00 0.00 0.00 0.00 0.00 1.13 14.86 14.84 14.82 14.81 14.79 14.77 14.75 14.74 14.72 14.70 14.68 14.66 14.64 14.63 14.61 14.59 14.57 14.55 14.53 14.51 14.49 14.48 14.46 14.44 14.42 14.40 14.38 14.36 14.34 14.32 14.30 14.28 14.26 14.24 14.22 14.20 14.18 14.16 14.14 14.11 14.09 14.07 14.05 14.03 14.00 13.98 13.96 13.93 13.91 13.89 13.86 0.00 0.00 0.00 0.00 0.00 0.00 0.00 13.67 13.65 13.62 13.60 13.57 13.55 13.52
15.06 15.05 15.03 15.02 15.01 14.99 14.98 14.96 14.95 21.90 0.00 0.00 0.00 0.00 0.00 14.84 14.82 14.81 14.79 14.77 14.75 14.74 14.72 14.70 14.68 14.66 14.65 14.63 14.61 14.59 14.57 14.55 14.53 14.51 14.49 14.48 14.46 14.44 14.42 14.40 14.38 14.36 14.34 14.32 14.30 14.28 14.26 14.24 14.22 14.20 14.18 14.16 14.13 14.11 14.09 14.07 14.05 14.03 14.00 13.98 13.96 13.94 13.91 13.89 13.87 13.84 13.82 13.79 0.00 0.00 0.00 0.00 0.00 0.00 13.63 13.60 13.58 13.56 13.53 13.51 13.48
15.03 15.02 15.00 14.99 14.97 14.96 14.95 14.93 14.92 21.85 14.89 52.89 53.06 52.83 14.82 14.81 14.79 14.77 14.76 14.74 14.72 14.70 14.69 14.67 14.65 14.63 14.61 14.59 14.57 14.55 14.54 14.52 14.50 14.48 14.46 14.44 14.42 14.40 14.38 14.36 14.34 14.32 14.30 14.28 14.26 14.24 14.22 14.20 14.18 14.16 14.13 14.11 14.09 14.07 14.05 14.03 14.00 13.98 13.96 13.94 13.91 13.89 13.87 13.85 13.82 13.80 13.77 13.75 13.73 0.00 0.00 0.00 0.00 13.61 13.59 13.56 13.54 13.52 13.49 13.47 13.45
15.00 14.98 14.97 14.96 14.94 14.93 14.91 14.90 46.01 21.81 21.78 21.76 52.79 21.72 14.79 14.77 14.76 14.74 14.72 14.71 14.69 14.67 14.65 14.63 14.61 14.60 14.58 14.56 14.54 14.52 14.50 14.48 14.46 14.44 14.42 14.40 14.38 14.36 14.34 14.32 14.30 14.28 14.26 14.24 14.22 14.20 14.18 14.16 14.13 14.11 14.09 14.07 14.05 14.03 14.01 13.98 13.96 13.94 13.92 13.89 13.87 13.85 13.82 13.80 13.78 13.76 13.73 13.71 13.69 0.00 0.00 0.00 0.00 13.57 13.55 13.52 13.50 13.48 13.45 13.43 13.41
14.97 14.95 14.94 14.92 14.91 14.90 14.88 14.87 45.93 21.76 21.74 14.81 14.79 14.77 14.76 14.74 14.72 14.71 14.69 14.67 14.65 14.64 14.62 14.60 14.58 14.56 14.54 14.52 14.50 14.48 14.46 14.44 14.42 14.40 14.38 14.36 14.34 14.32 14.30 14.28 14.26 14.24 14.22 14.20 14.18 14.16 14.14 14.11 14.09 14.07 14.05 14.03 14.01 13.98 13.96 13.94 13.92 13.90 13.87 13.85 13.83 13.80 13.78 13.76 13.74 13.71 13.69 13.67 13.64 0.00 0.00 0.00 0.00 13.53 13.51 13.48 13.46 13.44 13.41 13.39 13.37
14.93 14.92 14.91 14.89 14.88 14.86 14.85 14.83 45.85 45.81 45.77 14.77 14.76 14.74 14.72 14.71 14.69 14.67 14.66 14.64 14.62 14.60 14.58 14.57 14.55 14.53 14.51 14.49 14.47 14.45 14.43 14.41 14.39 14.37 14.35 14.33 14.31 14.29 14.26 14.24 14.22 14.20 14.18 14.16 14.14 14.12 14.10 14.07 14.05 14.03 14.01 13.99 13.96 13.94 13.92 13.90 13.88 13.85 13.83 13.81 13.78 13.76 13.74 13.72 13.69 13.67 13.65 13.62 13.60 13.58 13.56 50.16 19.82 13.49 13.47 13.44 13.42 13.40 13.38 13.35 13.33
14.90 14.89 14.87 14.86 14.85 14.83 14.82 14.80 14.79 21.67 14.76 14.74 14.73 14.71 14.69 14.68 14.66 14.64 14.62 14.61 14.59 14.57 14.55 14.53 14.51 14.49 14.47 14.45 14.43 14.41 14.39 14.37 14.35 14.33 14.31 14.29 14.27 14.25 14.23 14.21 14.18 14.16 14.14 14.12 14.10 14.08 14.06 14.03 14.01 13.99 13.97 13.95 13.92 13.90 13.88 13.86 13.83 13.81 13.79 13.77 13.74 13.72 13.70 13.67 13.65 13.63 13.61 13.58 13.56 13.54 13.52 13.49 13.47 13.45 13.43 13.40 13.38 13.36 13.34 13.32 13.29
14.87 14.86 14.84 14.83 14.82 14.80 14.79 14.77 14.76 21.62 14.73 14.71 14.69 14.68 14.66 14.64 14.63 14.61 14.59 14.57 14.55 14.54 14.52 14.50 14.48 14.46 14.44 14.42 14.40 14.38 14.36 14.34 14.32 14.30 14.27 14.25 14.23 14.21 14.19 14.17 14.15 14.12 14.10 14.08 14.06 14.04 14.02 13.99 13.97 13.95 13.93 13.90 13.88 13.86 13.84 13.81 13.79 13.77 13.75 13.72 13.70 13.68 13.66 13.63 13.61 13.59 13.56 13.54 13.52 13.50 13.48 13.45 13.43 13.41 13.39 13.37 13.35 13.32 13.30 13.28 13.26
14.84 14.83 14.81 14.80 14.78 14.77 14.76 14.74 14.73 14.71 14.69 14.68 14.66 14.65 14.63 14.61 14.59 14.58 14.56 14.54 14.52 14.50 14.48 14.47 14.45 14.43 14.41 14.39 14.37 14.34 14.32 14.30 14.28 14.26 14.24 14.22 14.20 14.17 14.15 14.13 14.11 14.09 14.07 14.04 14.02 14.00 13.98 13.95 13.93 13.91 13.89 13.86 13.84 13.82 13.80 13.77 13.75 13.73 13.71 13.68 13.66 13.64 13.61 13.59 13.57 13.55 13.52 13.50 13.48 13.46 13.44 13.42 13.39 13.37 13.35 13.33 13.31 13.29 13.27 13.25 13.22
14.81 14.80 14.78 14.77 14.75 14.74 14.72 14.71 14.69 14.68 14.66 14.65 14.63 14.61 14.60 14.58 14.56 14.55 14.53 14.51 14.49 14.47 14.45 14.43 14.41 14.39 14.37 14.35 14.33 14.31 14.29 14.27 14.25 14.23 14.20 14.18 14.16 14.14 14.12 14.09 14.07 14.05 14.03 14.01 13.98 13.96 13.94 13.92 13.89 13.87 13.85 13.82 13.80 13.78 13.76 13.73 13.71 13.69 13.67 13.64 13.62 13.60 13.57 13.55 13.53 13.51 13.49 13.46 13.44 13.42 13.40 13.38 13.36 13.34 13.32 13.29 13.27 13.25 13.23 13.21 13.19
14.78 14.77 14.75 14.74 14.72 14.71 14.69 14.68 14.66 14.65 14.63 14.62 14.60 14.58 14.57 14.55 14.53 14.51 14.50 14.48 14.46 14.44 14.42 14.40 14.38 14.36 14.34 14.32 14.30 14.28 14.26 14.24 14.21 14.19 14.17 14.15 14.13 14.10 14.08 14.06 14.04 14.01 13.99 13.97 13.95 13.92 13.90 13.88 13.85 13.83 13.81 13.79 13.76 13.74 13.72 13.69 13.67 13.65 13.63 13.60 13.58 13.56 13.54 13.51 13.49 13.47 13.45 13.43 13.41 13.38 13.36 13.34 13.32 13.30 13.28 13.26 13.24 13.22 13.20 13.18 13.16
14.75 14.74 14.72 14.71 14.69 14.68 14.66 14.65 14.63 14.62 14.60 14.59 14.57 14.55 14.54 14.52 14.50 14.48 14.46 14.45 14.43 14.41 14.39 14.37 14.35 14.33 14.31 14.29 14.27 14.24 14.22 14.20 14.18 14.16 14.14 14.11 14.09 14.07 14.05 14.02 14.00 13.98 13.95 13.93 13.91 13.89 13.86 13.84 13.82 13.79 13.77 13.75 13.72 13.70 13.68 13.66 13.63 13.61 13.59 13.56 13.54 13.52 13.50 13.48 13.45 13.43 13.41 13.39 13.37 13.35 13.33 13.31 13.29 13.27 13.25 13.23 13.21 13.19 13.17 13.15 13.13
14.72 14.71 14.69 14.68 14.66 14.65 14.63 14.62 14.60 14.59 14.57 14.56 14.54 14.52 14.51 14.49 14.47 14.45 14.43 14.42 14.40 14.38 14.36 14.34 14.32 14.30 14.28 14.26 14.23 14.21 14.19 14.17 14.15 14.12 14.10 14.08 14.06 14.03 14.01 13.99 13.97 13.94 13.92 13.90 13.87 13.85 13.83 13.80 13.78 13.76 13.73 13.71 13.69 13.66 13.64 13.62 13.60 13.57 13.55 13.53 13.51 13.48 13.46 13.44 13.42 13.40 13.38 13.35 13.33 13.31 13.29 13.27 13.25 13.23 13.21 13.19 13.17 13.15 13.13 13.11 13.09
14.69 14.68 14.66 14.65 14.64 14.62 14.61 14.59 14.57 14.56 14.54 14.53 14.51 14.49 14.48 14.46 14.44 14.42 14.40 14.39 14.37 14.35 14.33 14.31 14.29 14.27 14.25 14.22 14.20 14.18 14.16 14.14 14.11 14.09 14.07 14.05 14.02 14.00 13.98 13.95 13.93 13.91 13.88 13.86 13.84 13.81 13.79 13.77 13.74 13.72 13.70 13.67 13.65 13.63 13.60 13.58 13.56 13.54 13.51 13.49 13.47 13.45 13.43 13.40 13.38 13.36 13.34 13.32 13.30 13.28 13.26 13.24 13.22 13.20 13.18 13.16 13.14 13.12 13.10 13.08 13.06
14.67 14.65 14.64 14.62 14.61 14.59 14.58 14.56 14.55 14.53 14.51 14.50 14.48 14.46 14.45 14.43 14.41 14.39 14.37 14.36 14.34 14.32 14.30 14.28 14.26 14.24 14.21 14.19 14.17 14.15 14.13 14.10 14.08 14.06 14.04 14.01 13.99 13.97 13.94 13.92 13.90 13.87 13.85 13.83 13.80 13.78 13.76 13.73 13.71 13.69 13.66 13.64 13.62 13.59 13.57 13.55 13.52 13.50 13.48 13.46 13.43 13.41 13.39 13.37 13.35 13.33 13.31 13.29 13.27 13.25 13.23 13.21 13.19 13.17 13.15 13.13 13.11 13.09 13.07 13.05 13.03
14.64 14.62 14.61 14.59 14.58 14.56 14.55 14.53 14.52 14.50 14.49 14.47 14.45 14.44 14.42 14.40 14.38 14.36 14.35 14.33 14.31 14.29 14.27 14.25 14.23 14.21 14.18 14.16 14.14 14.12 14.10 14.07 14.05 14.03 14.01 13.98 13.96 13.94 13.91 13.89 13.86 13.84 13.82 13.79 13.77 13.75 13.72 13.70 13.67 13.65 13.63 13.60 13.58 13.56 13.54 13.51 13.49 13.47 13.44 13.42 13.40 13.38 13.36 13.34 13.32 13.30 13.27 13.25 13.24 13.22 13.20 13.18 13.16 13.14 13.12 13.10 13.08 13.06 13.05 13.03 13.01
14.61 14.60 14.58 14.57 14.55 14.54 14.52 14.51 14.49 14.47 14.46 14.44 14.42 14.41 14.39 14.37 14.35 14.34 14.32 14.30 14.28 14.26 14.24 14.22 14.20 14.18 14.15 14.13 14.11 14.09 14.07 14.04 14.02 14.00 13.97 13.95 13.93 13.90 13.88 13.86 13.83 13.81 13.78 13.76 13.74 13.71 13.69 13.67 13.64 13.62 13.59 13.57 13.55 13.52 13.50 13.48 13.46 13.43 13.41 13.39 13.37 13.35 13.33 13.31 13.28 13.26 13.24 13.22 13.20 13.19 13.17 13.15 13.13 13.11 13.09 13.07 13.05 13.04 13.02 13.00 12.98
14.58 14.57 14.56 14.54 14.53 14.51 14.49 14.48 14.46 14.45 14.43 14.41 14.40 14.38 14.36 14.34 14.33 14.31 14.29 14.27 14.25 14.23 14.21 14.19 14.17 14.15 14.13 14.10 14.08 14.06 14.04 14.01 13.99 13.97 13.94 13.92 13.90 13.87 13.85 13.83 13.80 13.78 13.75 13.73 13.71 13.68 13.66 13.63 13.61 13.59 13.56 13.54 13.52 13.49 13.47 13.45 13.42 13.40 13.38 13.36 13.34 13.32 13.30 13.27 13.25 13.23 13.21 13.19 13.18 13.16 13.14 13.12 13.10 13.08 13.06 13.05 13.03 13.01 12.99 12.97 12.95
14.56 14.54 14.53 14.51 14.50 14.48 14.47 14.45 14.44 14.42 14.40 14.39 14.37 14.35 14.33 14.32 14.30 14.28 14.26 14.24 14.22 14.20 14.18 14.16 14.14 14.12 14.10 14.08 14.05 14.03 14.01 13.98 13.96 13.94 13.91 13.89 13.87 13.84 13.82 13.79 13.77 13.75 13.72 13.70 13.67 13.65 13.63 13.60 13.58 13.56 13.53 13.51 13.49 13.46 13.44 13.42 13.39 13.37 13.35 13.33 13.31 13.29 13.27 13.25 13.23 13.21 13.19 13.17 13.15 13.13 13.11 13.09 13.07 13.06 13.04 13.02 13.00 12.98 12.97 12.95 12.93
14.53 14.52 14.50 14.49 14.47 14.46 14.44 14.43 14.41 14.39 14.38 14.36 14.34 14.33 14.31 14.29 14.27 14.25 14.23 14.21 14.20 14.17 14.15 14.13 14.11 14.09 14.07 14.05 14.03 14.00 13.98 13.96 13.93 13.91 13.89 13.86 13.84 13.81 13.79 13.77 13.74 13.72 13.69 13.67 13.64 13.62 13.60 13.57 13.55 13.53 13.50 13.48 13.46 13.43 13.41 13.39 13.37 13.34 13.32 13.30 13.28 13.26 13.24 13.22 13.20 13.18 13.16 13.14 13.12 13.10 13.08 13.07 13.05 13.03 13.01 13.00 12.98 12.96 12.94 12.92 12.91
14.51 14.49 14.48 14.46 14.45 14.43 14.42 14.40 14.39 14.37 14.35 14.34 14.32 14.30 14.28 14.26 14.25 14.23 14.21 14.19 14.17 14.15 14.13 14.11 14.09 14.06 14.04 14.02 14.00 13.98 13.95 13.93 13.91 13.88 13.86 13.83 13.81 13.79 13.76 13.74 13.71 13.69 13.66 13.64 13.62 13.59 13.57 13.54 13.52 13.50 13.47 13.45 13.43 13.40 13.38 13.36 13.34 13.32 13.29 13.27 13.25 13.23 13.21 13.19 13.17 13.15 13.13 13.11 13.10 13.08 13.06 13.04 13.02 13.01 12.99 12.97 12.96 12.94 12.92 12.90 12.88
14.49 14.47 14.46 14.44 14.43 14.41 14.39 14.38 14.36 14.34 14.33 14.31 14.29 14.28 14.26 14.24 14.22 14.20 14.18 14.16 14.14 14.12 14.10 14.08 14.06 14.04 14.02 13.99 13.97 13.95 13.93 13.90 13.88 13.85 13.83 13.81 13.78 13.76 13.73 13.71 13.69 13.66 13.64 13.61 13.59 13.56 13.54 13.52 13.49 13.47 13.45 13.42 13.40 13.38 13.35 13.33 13.31 13.29 13.27 13.25 13.23 13.21 13.19 13.17 13.15 13.13 13.11 13.09 13.07 13.05 13.04 13.02 13.00 12.98 12.97 12.95 12.93 12.92 12.90 12.88 12.86
14.46 14.45 14.43 14.42 14.40 14.39 14.37 14.35 14.34 14.32 14.30 14.29 14.27 14.25 14.23 14.21 14.20 14.18 14.16 14.14 14.12 14.10 14.08 14.06 14.03 14.01 13.99 13.97 13.95 13.92 13.90 13.88 13.85 13.83 13.80 13.78 13.76 13.73 13.71 13.68 13.66 13.63 13.61 13.59 13.56 13.54 13.51 13.49 13.47 13.44 13.42 13.40 13.37 13.35 13.33 13.31 13.29 13.26 13.24 13.22 13.20 13.18 13.16 13.14 13.12 13.10 13.09 13.07 13.05 13.03 13.02 13.00 12.98 12.96 12.95 12.93 12.91 12.90 12.88 12.86 12.84
14.44 14.43 14.41 14.39 14.38 14.36 14.35 14.33 14.31 14.30 14.28 14.26 14.25 14.23 14.21 14.19 14.17 14.15 14.13 14.11 14.09 14.07 14.05 14.03 14.01 13.99 13.97 42.00 13.92 13.90 13.87 13.85 13.83 13.80 13.78 13.76 13.73 13.71 13.68 13.66 13.63 13.61 13.58 13.56 13.54 13.51 13.49 13.46 13.44 13.42 13.39 13.37 13.35 13.33 13.30 13.28 13.26 13.24 13.22 13.20 13.18 13.16 13.14 13.12 13.10 13.08 13.06 13.05 13.03 13.01 12.99 12.98 12.96 12.94 12.93 12.91 12.89 12.88 12.86 12.84 12.82
14.42 14.40 14.39 14.37 14.36 14.34 14.33 14.31 14.29 14.27 14.26 14.24 14.22 14.20 14.19 14.17 14.15 14.13 14.11 14.09 14.07 14.05 14.03 14.01 20.51 45.13 42.00 13.92 13.90 13.87 13.85 13.83 13.80 13.78 13.76 13.73 13.71 13.68 13.66 13.63 13.61 13.58 13.56 13.54 13.51 13.49 13.46 13.44 13.42 13.39 13.37 13.35 13.33 13.30 13.28 13.26 13.24 13.22 13.20 13.18 13.16 13.14 13.12 13.10 13.08 13.06 13.04 13.03 13.01 12.99 12.98 12.96 12.94 12.92 12.91 12.89 12.87 12.86 12.84 12.82 12.80
14.40 14.38 14.37 14.35 14.34 14.32 14.30 14.29 14.27 14.25 14.24 14.22 14.20 14.18 14.16 14.15 14.13 14.11 14.09 14.07 14.05 14.03 14.01 13.98 42.12 45.40 42.01 13.90 13.87 13.85 13.83 13.80 13.78 13.76 13.73 13.71 13.68 20.03 13.63 13.61 13.59 13.56 13.54 13.51 13.49 13.47 13.44 13.42 13.39 13.37 13.35 13.33 13.30 13.28 13.26 13.24 13.22 13.20 13.18 13.16 13.14 13.12 13.10 13.08 13.06 13.04 13.03 13.01 12.99 12.97 12.96 12.94 12.92 12.91 12.89 12.87 12.86 12.84 12.82 12.81 12.79
14.38 14.36 14.35 14.33 14.32 14.30 14.28 14.27 14.25 14.23 14.22 14.20 14.18 14.16 14.14 14.12 14.11 14.09 14.07 14.05 14.03 14.01 13.98 41.70 44.62 13.92 13.90 13.87 13.85 13.83 13.81 13.78 44.20 44.14 44.78 13.69 13.66 13.64 13.61 13.59 13.56 13.54 13.52 13.49 13.47 13.44 13.42 13.40 13.37 13.35 13.33 13.30 13.28 13.26 13.24 13.22 13.20 13.18 13.16 13.14 13.12 13.10 13.08 13.06 13.04 13.02 13.01 12.99 12.97 12.96 12.94 12.92 12.91 12.89 12.88 12.86 12.84 12.83 12.81 12.79 12.77
14.36 14.34 14.33 14.31 14.30 14.28 14.26 14.25 14.23 14.21 14.20 14.18 14.16 14.14 14.12 14.10 14.08 14.06 14.05 14.03 20.54 13.98 13.96 13.94 44.56 44.50 45.21 13.85 13.83 13.81 13.78 44.21 44.15 44.08 44.72 52.27 44.57 13.62 13.59 13.57 13.54 13.52 13.49 13.47 13.45 13.42 13.40 13.38 13.35 13.33 13.31 13.29 13.26 13.24 13.22 13.20 13.18 13.16 13.14 13.12 13.10 13.08 13.06 13.04 13.03 13.01 12.99 12.97 12.96 12.94 12.92 12.91 12.89 12.88 12.86 12.84 12.83 12.81 12.79 12.78 12.76
14.34 14.33 14.31 14.29 14.28 14.26 14.25 14.23 14.21 14.19 14.18 14.16 14.14 14.12 14.10 14.08 14.06 14.05 14.03 14.01 42.18 42.12 42.06 41.58 44.51 52.86 44.39 44.33 13.81 13.79 13.76 44.16 44.09 44.03 44.66 52.21 41.15 44.44 13.57 13.55 13.52 13.50 13.47 13.45 13.43 13.40 13.38 13.36 13.33 13.31 13.29 13.27 13.24 13.22 13.20 13.18 13.16 13.14 13.12 13.10 13.08 13.06 13.05 13.03 13.01 12.99 12.98 12.96 12.94 12.93 12.91 12.89 12.88 12.86 12.85 12.83 12.81 12.80 12.78 12.76 12.75
14.33 14.31 14.29 14.28 14.26 14.24 14.23 14.21 14.19 14.18 14.16 14.14 14.12 14.10 14.08 14.06 14.05 14.03 14.01 42.20 41.71 41.65 41.59 41.53 52.87 51.61 44.34 44.28 13.79 44.16 44.17 44.10 44.04 43.97 40.86 41.16 41.09 41.02 13.55 13.53 13.50 13.48 13.46 13.43 13.41 13.38 13.36 13.34 13.32 13.29 13.27 13.25 13.23 13.21 13.19 13.16 13.14 13.12 13.11 13.09 13.07 13.05 13.03 13.01 13.00 12.98 12.96 12.95 12.93 12.91 12.90 12.88 12.87 12.85 12.83 12.82 12.80 12.79 12.77 12.75 12.74
14.31 14.29 14.28 14.26 14.24 14.23 14.21 14.19 14.18 14.16 14.14 14.12 14.10 14.08 14.07 14.05 14.03 14.01 13.99 42.13 41.65 41.60 41.56 38.21 52.81 20.30 20.27 13.79 13.77 44.11 44.12 44.05 43.99 43.92 40.81 40.74 41.04 40.97 13.53 13.51 13.49 13.46 13.44 13.41 13.39 13.37 13.34 13.32 13.30 13.28 13.26 13.23 13.21 13.19 13.17 13.15 13.13 13.11 13.09 13.07 13.05 13.04 13.02 13.00 12.98 12.97 12.95 12.93 12.92 12.90 12.89 12.87 12.85 12.84 12.82 12.81 12.79 12.78 12.76 12.74 12.73
