Raw_GIS_Data/Gridded_temps/Temp_min/Year/PRISM_tmin_tutuila_30yr_normal_80mM1_14_asc.asc
ncols 381
nrows 202
xllcorner -170.851658
yllcorner -14.379175
cellsize 0.00083333333
NODATA_value -9999
[rows 72 to 107 of 202, columns 160 to 239 of 381]
2430 2422 2414 2400 2387 2377 2360 2336 2321 2314 2341 2380 2405 2422 2434 2442 2447 2449 2450 2452 2452 2453 2454 2455 2455 2455 2455 2455 2455 2454 2454 2454 2454 2453 2453 2454 2454 2454 2455 2456 2457 2457 2457 2456 2456 2456 2456 2456 2456 2456 2456 2456 2456 2456 2456 2456 2456 2456 2456 2456 2456 2456 2456 2456 2456 2454 2450 2439 2422 2407 2375 2343 2319 2294 2275 2229 2172 2170 2215 2265
2422 2408 2401 2392 2377 2364 2350 2328 2308 2307 2339 2378 2407 2427 2441 2448 2452 2452 2453 2454 2455 2455 2456 2456 2456 2456 2456 2456 2456 2456 2456 2456 2456 2456 2456 2456 2456 2456 2456 2456 2456 2457 2457 2457 2457 2456 2456 2456 2456 2456 2456 2456 2456 2456 2456 2456 2456 2456 2456 2456 2456 2456 2456 2456 2456 2452 2441 2413 2392 2381 2343 2320 2290 2248 2219 2179 2162 2173 2210 2238
2417 2402 2387 2374 2364 2352 2335 2318 2301 2306 2340 2379 2411 2431 2446 2451 2453 2453 2453 2454 2454 2454 2455 2456 2456 2456 2456 2456 2456 2456 2456 2456 2456 2456 2456 2456 2456 2456 2456 2456 2456 2456 2456 2457 2457 2457 2457 2456 2456 2456 2456 2456 2456 2456 2456 2456 2456 2456 2456 2456 2456 2457 2456 2456 2455 2448 2424 2386 2357 2342 2315 2280 2237 2204 2179 2184 2179 2182 2197 2202
2404 2395 2379 2359 2345 2337 2324 2303 2291 2309 2349 2388 2417 2436 2448 2452 2453 2452 2450 2448 2448 2450 2452 2454 2454 2454 2454 2455 2456 2456 2456 2456 2456 2456 2456 2456 2456 2456 2456 2456 2456 2456 2456 2456 2456 2457 2457 2457 2457 2456 2456 2456 2456 2456 2456 2456 2456 2456 2456 2456 2456 2456 2456 2456 2454 2441 2406 2382 2357 2337 2312 2287 2249 2218 2212 2238 2243 2223 2192 2185
2382 2378 2367 2351 2332 2316 2306 2291 2291 2321 2361 2398 2421 2436 2447 2451 2451 2448 2441 2428 2431 2435 2442 2448 2449 2448 2447 2451 2454 2455 2456 2456 2456 2456 2456 2456 2456 2456 2456 2456 2456 2456 2456 2456 2456 2456 2456 2457 2457 2457 2457 2456 2456 2456 2456 2456 2456 2456 2456 2456 2456 2456 2456 2456 2451 2433 2415 2406 2392 2380 2367 2336 2290 2280 2277 2284 2300 2262 2248 2224
2360 2357 2347 2332 2315 2296 2284 2281 2296 2326 2364 2396 2414 2431 2445 2450 2448 2440 2426 2402 2399 2406 2424 2439 2440 2435 2428 2437 2446 2451 2454 2456 2456 2456 2456 2456 2456 2456 2456 2456 2456 2456 2456 2456 2456 2456 2456 2456 2457 2457 2457 2456 2456 2456 2456 2456 2456 2456 2456 2456 2456 2456 2456 2456 2452 2441 2434 2427 2416 2403 2383 2338 2311 2311 2310 2309 2322 2309 2314 2288
2341 2337 2327 2307 2290 2282 2283 2296 2320 2343 2373 2398 2413 2433 2445 2447 2442 2431 2412 2382 2364 2383 2415 2429 2426 2417 2401 2412 2429 2440 2447 2452 2455 2456 2456 2456 2456 2456 2456 2456 2455 2455 2454 2455 2456 2456 2456 2456 2456 2456 2457 2457 2457 2456 2456 2456 2456 2456 2456 2456 2456 2456 2456 2456 2453 2446 2438 2421 2404 2389 2362 2317 2309 2329 2342 2340 2345 2346 2349 2334
2327 2316 2306 2286 2273 2281 2301 2329 2350 2374 2396 2414 2427 2438 2444 2443 2433 2419 2398 2365 2349 2379 2407 2409 2404 2393 2374 2385 2409 2423 2433 2445 2452 2455 2456 2456 2455 2453 2451 2450 2449 2450 2451 2453 2456 2456 2456 2456 2456 2456 2456 2457 2457 2457 2456 2456 2456 2456 2456 2456 2456 2456 2456 2456 2453 2445 2427 2403 2376 2356 2333 2293 2297 2333 2359 2368 2367 2370 2371 2353
2325 2299 2285 2270 2272 2292 2320 2351 2378 2399 2413 2425 2434 2440 2443 2439 2424 2403 2380 2364 2354 2372 2387 2377 2374 2364 2345 2355 2379 2399 2417 2440 2450 2453 2454 2454 2452 2446 2440 2437 2437 2444 2450 2454 2456 2456 2456 2456 2456 2456 2456 2456 2457 2457 2457 2456 2456 2456 2456 2456 2456 2456 2456 2456 2454 2446 2424 2394 2373 2353 2317 2286 2291 2330 2363 2380 2383 2389 2386 2363
2323 2290 2268 2264 2272 2290 2319 2350 2377 2397 2414 2427 2436 2440 2441 2438 2429 2414 2400 2391 2374 2369 2369 2353 2340 2335 2329 2338 2365 2401 2428 2444 2450 2451 2451 2450 2445 2433 2419 2424 2433 2445 2452 2455 2456 2456 2456 2456 2456 2456 2456 2456 2456 2456 2457 2457 2457 2456 2456 2456 2456 2456 2456 2456 2454 2449 2436 2410 2384 2351 2323 2297 2302 2340 2371 2387 2396 2407 2402 2384
2303 2286 2279 2288 2292 2300 2329 2360 2387 2404 2418 2429 2435 2437 2437 2434 2430 2424 2416 2403 2387 2369 2359 2339 2314 2313 2324 2355 2389 2417 2434 2443 2447 2448 2447 2443 2434 2416 2411 2430 2444 2450 2454 2456 2456 2456 2456 2456 2456 2456 2456 2456 2456 2456 2456 2457 2457 2457 2456 2456 2456 2456 2456 2456 2451 2445 2429 2403 2375 2353 2326 2305 2309 2340 2366 2381 2393 2413 2423 2406
2309 2297 2310 2324 2317 2318 2353 2379 2401 2414 2423 2428 2430 2428 2427 2424 2423 2420 2414 2403 2384 2374 2365 2344 2320 2321 2337 2372 2401 2414 2416 2428 2438 2439 2438 2430 2412 2399 2413 2435 2448 2452 2454 2455 2456 2456 2456 2456 2456 2456 2456 2456 2456 2456 2456 2456 2457 2457 2457 2456 2456 2456 2456 2453 2441 2424 2410 2393 2374 2348 2327 2323 2325 2349 2370 2385 2399 2415 2433 2426
2337 2320 2339 2349 2329 2321 2347 2380 2404 2415 2420 2421 2421 2413 2414 2411 2409 2405 2401 2401 2392 2378 2361 2338 2322 2331 2355 2382 2395 2391 2379 2407 2425 2425 2422 2415 2393 2388 2415 2437 2447 2451 2453 2455 2456 2456 2456 2456 2456 2456 2456 2456 2456 2456 2456 2456 2456 2457 2457 2457 2456 2456 2456 2452 2436 2401 2394 2388 2374 2354 2348 2348 2346 2366 2385 2399 2413 2424 2437 2436
2360 2342 2360 2363 2339 2325 2338 2371 2398 2409 2412 2414 2412 2401 2398 2396 2394 2380 2381 2392 2384 2366 2346 2321 2315 2327 2340 2357 2364 2361 2345 2384 2408 2401 2397 2392 2379 2388 2420 2438 2446 2448 2450 2452 2455 2456 2456 2456 2456 2456 2456 2456 2456 2456 2456 2456 2456 2456 2457 2457 2457 2456 2456 2456 2449 2434 2414 2400 2382 2369 2367 2360 2349 2363 2383 2398 2416 2432 2441 2441
2379 2367 2381 2379 2359 2347 2342 2363 2387 2399 2404 2406 2406 2395 2379 2372 2378 2361 2369 2380 2372 2358 2333 2301 2303 2316 2324 2332 2339 2340 2337 2367 2380 2363 2354 2358 2374 2405 2424 2431 2434 2435 2438 2445 2452 2455 2456 2455 2455 2456 2456 2456 2456 2456 2456 2456 2456 2456 2456 2457 2457 2457 2456 2456 2454 2447 2425 2402 2388 2381 2375 2362 2350 2365 2385 2400 2417 2431 2442 2444
2408 2401 2404 2397 2382 2366 2348 2358 2378 2388 2393 2396 2399 2395 2375 2354 2362 2350 2360 2367 2357 2344 2325 2287 2289 2302 2312 2321 2326 2326 2324 2335 2346 2334 2324 2342 2372 2393 2404 2407 2410 2408 2412 2433 2448 2453 2453 2450 2449 2454 2455 2456 2456 2456 2456 2456 2456 2456 2456 2456 2457 2457 2457 2456 2456 2450 2434 2406 2392 2390 2380 2368 2364 2373 2393 2416 2436 2445 2448 2444
2431 2423 2416 2405 2385 2362 2338 2345 2363 2375 2381 2383 2386 2391 2376 2352 2339 2329 2341 2340 2338 2313 2295 2271 2276 2292 2311 2324 2329 2323 2319 2325 2331 2326 2318 2330 2349 2364 2370 2373 2373 2374 2394 2427 2445 2449 2447 2437 2431 2444 2449 2454 2456 2456 2456 2456 2456 2456 2456 2456 2456 2457 2457 2457 2456 2451 2434 2403 2394 2395 2384 2377 2382 2381 2393 2424 2444 2449 2443 2429
2437 2424 2408 2393 2377 2352 2320 2322 2338 2356 2365 2365 2365 2381 2372 2345 2306 2288 2297 2291 2291 2262 2257 2254 2272 2295 2319 2335 2344 2334 2327 2335 2341 2337 2337 2345 2357 2363 2364 2365 2360 2369 2402 2425 2437 2439 2435 2418 2412 2425 2433 2449 2455 2456 2456 2456 2456 2456 2456 2456 2456 2456 2457 2457 2456 2453 2438 2409 2401 2398 2388 2391 2398 2391 2390 2421 2445 2450 2442 2428
2433 2416 2395 2375 2358 2329 2298 2292 2307 2327 2347 2343 2342 2370 2364 2336 2284 2241 2243 2246 2245 2243 2256 2272 2293 2318 2333 2347 2358 2349 2345 2353 2364 2356 2357 2370 2381 2380 2376 2385 2385 2383 2394 2408 2415 2418 2417 2411 2419 2440 2448 2454 2456 2456 2456 2456 2456 2456 2456 2456 2456 2456 2456 2457 2456 2453 2440 2415 2406 2399 2392 2401 2412 2404 2389 2414 2442 2451 2448 2438
2429 2418 2404 2387 2357 2313 2288 2276 2276 2303 2334 2324 2330 2359 2356 2331 2279 2229 2217 2225 2232 2249 2279 2306 2325 2345 2354 2363 2371 2368 2383 2375 2383 2375 2370 2381 2398 2405 2394 2401 2409 2402 2388 2387 2400 2418 2431 2435 2442 2451 2455 2456 2456 2456 2456 2456 2456 2456 2456 2456 2456 2456 2456 2456 2457 2455 2446 2422 2409 2403 2412 2417 2422 2412 2391 2408 2435 2450 2452 2443
2417 2413 2404 2386 2355 2317 2289 2268 2256 2292 2317 2293 2310 2341 2341 2322 2273 2226 2215 2225 2244 2267 2299 2328 2347 2355 2362 2375 2385 2394 2410 2407 2416 2417 2406 2393 2408 2427 2412 2413 2425 2421 2399 2402 2423 2441 2448 2451 2453 2456 2456 2456 2456 2456 2456 2456 2456 2456 2456 2456 2456 2456 2456 2456 2456 2456 2450 2433 2419 2420 2437 2438 2434 2414 2397 2411 2437 2452 2454 2449
2397 2399 2396 2381 2351 2316 2278 2252 2233 2261 2270 2266 2287 2319 2318 2295 2261 2240 2247 2257 2274 2298 2321 2325 2318 2313 2324 2360 2383 2395 2413 2425 2430 2435 2434 2422 2427 2439 2436 2430 2437 2435 2419 2427 2445 2452 2455 2455 2456 2456 2456 2456 2456 2456 2456 2456 2456 2456 2456 2456 2456 2456 2456 2456 2455 2452 2448 2444 2443 2447 2451 2451 2447 2431 2424 2433 2449 2455 2456 2455
2370 2379 2384 2373 2347 2318 2284 2238 2212 2233 2226 2243 2270 2289 2279 2264 2253 2257 2282 2294 2305 2319 2312 2289 2276 2277 2300 2342 2362 2371 2385 2403 2411 2428 2440 2442 2445 2449 2449 2447 2449 2449 2446 2449 2454 2456 2456 2456 2456 2456 2456 2456 2456 2456 2456 2456 2456 2456 2456 2456 2456 2456 2456 2456 2452 2442 2439 2446 2452 2455 2456 2456 2455 2451 2450 2452 2456 2456 2456 2456
2330 2348 2357 2359 2343 2321 2286 2234 2204 2213 2214 2237 2261 2266 2255 2247 2249 2259 2281 2295 2300 2308 2273 2246 2240 2250 2280 2310 2332 2345 2365 2386 2393 2416 2436 2442 2445 2447 2451 2452 2453 2454 2454 2455 2456 2456 2456 2456 2456 2456 2456 2456 2456 2456 2456 2456 2456 2456 2456 2456 2456 2456 2456 2456 2455 2452 2451 2454 2456 2457 2456 2456 2456 2456 2456 2456 2456 2456 2456 2456
2305 2306 2310 2330 2317 2295 2277 2228 2196 2195 2202 2227 2247 2243 2236 2241 2259 2274 2283 2262 2246 2248 2241 2235 2246 2260 2271 2278 2297 2326 2357 2372 2381 2402 2417 2427 2428 2431 2444 2449 2452 2454 2455 2456 2456 2456 2456 2456 2456 2456 2456 2456 2456 2456 2456 2456 2456 2456 2456 2456 2456 2456 2456 2456 2456 2456 2456 2456 2457 2457 2456 2456 2456 2456 2456 2456 2456 2456 2456 2456
2284 2254 2253 2279 2278 2253 2237 2204 2187 2187 2195 2213 2222 2209 2214 2230 2243 2226 2206 2198 2172 2184 2210 2235 2261 2282 2290 2291 2300 2314 2338 2362 2383 2396 2402 2404 2403 2401 2421 2432 2442 2446 2449 2454 2455 2456 2456 2456 2456 2456 2456 2456 2456 2456 2456 2456 2456 2456 2456 2456 2456 2456 2456 2456 2456 2456 2456 2456 2456 2457 2457 2456 2456 2456 2456 2456 2456 2456 2456 2456
2239 2219 2225 2238 2232 2209 2199 2203 2203 2206 2212 2211 2195 2180 2190 2194 2184 2154 2157 2158 2152 2177 2205 2229 2256 2288 2312 2318 2325 2331 2335 2350 2366 2380 2385 2385 2385 2382 2389 2401 2413 2421 2432 2446 2452 2453 2453 2455 2456 2456 2456 2456 2456 2456 2456 2456 2456 2456 2456 2456 2456 2456 2456 2456 2456 2456 2456 2456 2456 2457 2457 2457 2456 2456 2456 2456 2456 2456 2456 2456
2208 2210 2227 2242 2229 2219 2222 2224 2227 2231 2230 2223 2202 2182 2161 2151 2145 2130 2122 2123 2143 2172 2195 2217 2244 2277 2306 2324 2334 2348 2355 2350 2345 2352 2361 2361 2364 2362 2363 2377 2384 2393 2413 2433 2441 2444 2442 2448 2451 2455 2456 2456 2456 2456 2456 2456 2456 2456 2456 2456 2456 2456 2456 2456 2456 2456 2456 2456 2456 2456 2457 2457 2456 2456 2456 2456 2456 2456 -9999 2456
2196 2210 2233 2253 2244 2241 2250 2250 2251 2252 2241 2232 2223 2211 2150 2126 2112 2099 2112 2122 2139 2167 2186 2204 2227 2253 2278 2291 2305 2334 2360 2372 2364 2362 2365 2366 2368 2366 2365 2367 2362 2376 2394 2404 2417 2424 2417 2425 2437 2451 2455 2456 2456 2456 2456 2456 2456 2456 2456 2456 2456 2456 2456 2456 2456 2456 2456 2456 2456 2456 2456 2457 2457 2456 2456 2456 2456 -9999 -9999 -9999
2186 2210 2237 2259 2263 2266 2272 2273 2272 2266 2249 2241 2239 2245 2203 2171 2150 2108 2131 2141 2156 2190 2203 2207 2216 2244 2259 2264 2288 2317 2346 2370 2386 2388 2389 2391 2390 2392 2392 2389 2381 2379 2380 2383 2393 2401 2406 2420 2437 2451 2455 2456 2456 2456 2456 2456 2456 2456 2456 -9999 -9999 -9999 -9999 -9999 2456 2456 2456 2456 -9999 -9999 -9999 -9999 -9999 2457 -9999 -9999 -9999 -9999 -9999 -9999
2196 2221 2245 2259 2270 2281 2287 2291 2289 2276 2263 2254 2255 2269 2249 2219 2195 2149 2157 2160 2182 2221 2239 2236 2234 2259 2280 2284 2297 2312 2326 2343 2360 2378 2393 2404 2408 2414 2419 2415 2412 2403 2395 2384 2386 2393 2404 2424 2446 2454 2456 2456 2456 2456 2456 2456 -9999 -9999 -9999 -9999 -9999 -9999 -9999 -9999 -9999 -9999 -9999 -9999 -9999 -9999 -9999 -9999 -9999 -9999 -9999 -9999 -9999 -9999 -9999 -9999
2205 2220 2227 2234 2258 2279 2293 2303 2303 2291 2289 2276 2283 2292 2272 2258 2228 2194 2189 2171 2206 2240 2262 2269 2270 2281 2302 2320 2333 2339 2340 2342 2345 2355 2366 2383 2394 2413 2433 2438 2438 2430 2420 2404 2400 2405 2410 2427 2449 2455 2456 2456 2456 2456 2456 2456 -9999 -9999 -9999 -9999 -9999 -9999 -9999 -9999 -9999 -9999 -9999 -9999 -9999 -9999 -9999 -9999 -9999 -9999 -9999 -9999 -9999 -9999 -9999 -9999
2199 2205 2203 2220 2254 2280 2300 2314 2322 2316 2311 2304 2318 2313 2294 2270 2235 2220 2224 2212 2232 2257 2279 2297 2305 2314 2326 2342 2364 2373 2376 2372 2372 2370 2371 2363 2366 2392 2422 2442 2448 2446 2439 2429 2419 2424 2427 2440 2452 2456 2456 2456 2456 2456 2456 -9999 -9999 -9999 -9999 -9999 -9999 -9999 -9999 -9999 -9999 -9999 -9999 -9999 -9999 -9999 -9999 -9999 -9999 -9999 -9999 -9999 -9999 -9999 -9999 -9999
2187 2192 2195 2212 2242 2272 2297 2313 2328 2338 2337 2338 2344 2328 2302 2273 2245 2246 2249 2232 2246 2264 2279 2296 2313 2325 2337 2352 2368 2381 2397 2403 2407 2398 2398 2384 2368 2381 2407 2436 2449 2453 2452 2448 2441 2441 2443 2450 2455 2456 2456 2456 2456 2456 2456 -9999 -9999 -9999 -9999 -9999 -9999 -9999 -9999 -9999 -9999 -9999 -9999 -9999 -9999 -9999 -9999 -9999 -9999 -9999 -9999 -9999 -9999 -9999 -9999 -9999
2185 2191 2199 2215 2245 2271 2292 2305 2323 2347 2364 2366 2362 2336 2304 2276 2251 2257 2260 2247 2248 2257 2267 2278 2290 2303 2312 2326 2336 2356 2388 2412 2428 2427 2424 2408 2393 2392 2408 2429 2448 2455 2456 2455 2452 2452 2452 2455 2456 2456 2456 2456 2456 2456 -9999 -9999 -9999 -9999 -9999 -9999 -9999 -9999 -9999 -9999 -9999 -9999 -9999 -9999 -9999 -9999 -9999 -9999 -9999 -9999 -9999 -9999 -9999 -9999 -9999 -9999
2211 2212 2208 2208 2233 2267 2296 2315 2331 2350 2372 2376 2355 2335 2311 2283 2259 2263 2272 2273 2274 2281 2284 2293 2303 2314 2321 2320 2318 2336 2363 2394 2422 2438 2441 2433 2417 2424 2434 2433 2448 2455 2456 2456 2456 2455 2455 2456 2456 2456 2456 2456 2456 -9999 -9999 -9999 -9999 -9999 -9999 -9999 -9999 -9999 -9999 -9999 -9999 -9999 -9999 -9999 -9999 -9999 -9999 -9999 -9999 -9999 -9999 -9999 -9999 -9999 -9999 -9999
