Sensitivity testing/Dynamic_input/ET_Process/apr_et_clipped.asc
ncols         700
nrows         400
xllcorner     515000
yllcorner     8409000
cellsize      50
NODATA_value  -9999
[rows 248 to 278 of 400, columns 69 to 137 of 700]
4.067549 4.062338 4.057035 4.051652 4.046182 4.040618 4.034956 4.029191 4.023323 4.017349 4.011269 4.005084 3.998795 3.992405 3.985917 3.979334 3.972662 3.965905 3.959071 3.952163 3.945191 3.93816 3.931079 3.923954 3.916795 3.909609 3.902404 3.895189 3.887974 3.880765 3.873574 3.866409 3.859278 3.852191 3.845155 3.838178 3.831268 3.82443 3.817672 3.810999 3.804415 3.797924 3.791531 3.785237 3.779046 3.772958 3.766975 3.761097 3.755324 3.749654 3.744086 3.738618 3.733248 3.727974 3.722791 3.717697 3.712687 3.707758 3.702904 3.698122 3.693407 3.688753 3.684157 3.679612 3.675115 3.670659 3.666241 3.661856 3.657499
4.069606 4.06444 4.059183 4.053845 4.048421 4.042904 4.037291 4.031576 4.025758 4.019836 4.013809 4.007679 4.001446 3.995113 3.988683 3.982161 3.97555 3.968856 3.962084 3.95524 3.948332 3.941366 3.934349 3.927289 3.920193 3.913069 3.905926 3.898772 3.891615 3.884464 3.877326 3.870213 3.863131 3.856089 3.849095 3.842157 3.835281 3.828475 3.821743 3.815092 3.808525 3.802048 3.795663 3.789373 3.78318 3.777087 3.771093 3.765199 3.759405 3.75371 3.748113 3.742611 3.737203 3.731885 3.726655 3.721509 3.716444 3.711456 3.70654 3.701692 3.696907 3.692181 3.687509 3.682886 3.678307 3.673768 3.669265 3.664792 3.660345
4.071745 4.066623 4.061412 4.05612 4.050743 4.045273 4.039708 4.034043 4.028275 4.022406 4.016432 4.010357 4.00418 3.997905 3.991534 3.985071 3.978522 3.971889 3.96518 3.958401 3.951556 3.944655 3.937702 3.930706 3.923674 3.916614 3.909533 3.90244 3.895342 3.888247 3.881166 3.874104 3.867072 3.860077 3.853127 3.846229 3.839389 3.832615 3.825911 3.819284 3.812737 3.806274 3.799899 3.793615 3.787423 3.781325 3.775322 3.769414 3.763602 3.757883 3.752257 3.746723 3.741277 3.735918 3.730642 3.725446 3.720327 3.71528 3.710302 3.705388 3.700535 3.695737 3.690989 3.686288 3.681629 3.677007 3.672418 3.667858 3.663322
4.073961 4.068884 4.063717 4.058472 4.053142 4.047719 4.042202 4.036587 4.030871 4.025053 4.019133 4.013112 4.006991 4.000773 3.994462 3.988059 3.98157 3.975 3.968354 3.961637 3.954857 3.94802 3.941131 3.9342 3.927232 3.920234 3.913216 3.906183 3.899145 3.892109 3.885083 3.878075 3.871094 3.864147 3.857241 3.850384 3.843583 3.836842 3.830168 3.823566 3.81704 3.810594 3.80423 3.797953 3.791764 3.785663 3.779653 3.773733 3.767903 3.762162 3.75651 3.750944 3.745462 3.740063 3.734742 3.729497 3.724325 3.719221 3.714182 3.709204 3.704283 3.699413 3.694592 3.689813 3.685074 3.68037 3.675696 3.671048 3.666424
4.076248 4.071215 4.066095 4.060895 4.055612 4.050237 4.044769 4.039203 4.033537 4.027771 4.021905 4.015939 4.009874 4.003714 3.99746 3.991117 3.984689 3.97818 3.971596 3.964943 3.958227 3.951453 3.944629 3.937762 3.930857 3.923923 3.916967 3.909996 3.903018 3.89604 3.88907 3.882117 3.875187 3.868289 3.861429 3.854615 3.847852 3.841146 3.834504 3.827928 3.821425 3.814996 3.808647 3.802378 3.796192 3.790091 3.784075 3.778144 3.772299 3.766538 3.76086 3.755265 3.749749 3.74431 3.738946 3.733654 3.72843 3.72327 3.718172 3.71313 3.708142 3.703203 3.698308 3.693454 3.688636 3.68385 3.679092 3.674358 3.669646
4.078601 4.073613 4.068538 4.063385 4.058148 4.052821 4.047401 4.041885 4.03627 4.030556 4.024743 4.018831 4.012822 4.006718 4.000523 3.994239 3.987872 3.981425 3.974903 3.968313 3.96166 3.95495 3.94819 3.941386 3.934545 3.927674 3.92078 3.91387 3.906952 3.900033 3.893121 3.886222 3.879345 3.872497 3.865684 3.858913 3.85219 3.84552 3.83891 3.832362 3.825883 3.819474 3.813139 3.80688 3.8007 3.7946 3.788579 3.78264 3.77678 3.771001 3.7653 3.759676 3.754128 3.748652 3.743246 3.737908 3.732633 3.72742 3.722263 3.71716 3.712106 3.707098 3.702131 3.697202 3.692307 3.68744 3.6826 3.677782 3.672983
4.081015 4.076072 4.071043 4.065936 4.060745 4.055466 4.050095 4.044627 4.039063 4.033401 4.027641 4.021783 4.01583 4.009783 4.003645 3.997421 3.991113 3.984727 3.978267 3.97174 3.96515 3.958503 3.951807 3.945066 3.938288 3.93148 3.924648 3.9178 3.910942 3.904082 3.897227 3.890383 3.883559 3.876761 3.869996 3.863269 3.856587 3.849955 3.843378 3.83686 3.830405 3.824017 3.817698 3.811452 3.805279 3.79918 3.793157 3.78721 3.781339 3.775542 3.76982 3.764169 3.75859 3.753078 3.747633 3.74225 3.736927 3.731661 3.726448 3.721284 3.716167 3.711092 3.706055 3.701052 3.696081 3.691137 3.686216 3.681315 3.676431
4.083485 4.078587 4.073604 4.068542 4.063399 4.058167 4.052844 4.047426 4.041912 4.036302 4.030594 4.02479 4.018892 4.012902 4.006822 4.000656 3.994408 3.988082 3.981684 3.975218 3.968691 3.962107 3.955474 3.948796 3.942081 3.935336 3.928566 3.921779 3.914981 3.90818 3.901382 3.894594 3.887824 3.881076 3.874359 3.867677 3.861037 3.854443 3.8479 3.841412 3.834984 3.828618 3.822317 3.816083 3.809918 3.803823 3.7978 3.791847 3.785965 3.780153 3.77441 3.768736 3.763127 3.757581 3.752097 3.746672 3.741302 3.735986 3.730718 3.725496 3.720317 3.715177 3.710072 3.704998 3.699953 3.694932 3.689932 3.684951 3.679984
4.086007 4.081153 4.076215 4.0712 4.066103 4.060919 4.055644 4.050275 4.044812 4.039252 4.033597 4.027847 4.022004 4.016069 4.010047 4.003939 3.99775 3.991485 3.985148 3.978744 3.972278 3.965757 3.959186 3.952571 3.945919 3.939235 3.932528 3.925801 3.919064 3.912321 3.905581 3.898849 3.892131 3.885435 3.878766 3.87213 3.865532 3.858977 3.852469 3.846013 3.839612 3.833269 3.826986 3.820767 3.814612 3.808522 3.802499 3.796542 3.790651 3.784826 3.779064 3.773367 3.76773 3.762153 3.756633 3.751167 3.745752 3.740386 3.735066 3.729789 3.72455 3.719346 3.714175 3.709033 3.703916 3.698821 3.693745 3.688685 3.683639
4.088575 4.083766 4.078874 4.073905 4.068854 4.063717 4.05849 4.05317 4.047757 4.042249 4.036646 4.03095 4.025161 4.019282 4.013316 4.007266 4.001136 3.994931 3.988654 3.982311 3.975907 3.969447 3.962939 3.956386 3.949796 3.943174 3.936528 3.929862 3.923184 3.916501 3.909817 3.903141 3.896477 3.889832 3.883212 3.876621 3.870065 3.86355 3.857078 3.850654 3.844281 3.837962 3.831699 3.825495 3.819351 3.813268 3.807246 3.801287 3.795388 3.789551 3.783773 3.778054 3.772392 3.766785 3.76123 3.755726 3.750269 3.744856 3.739486 3.734154 3.728858 3.723594 3.718359 3.71315 3.707964 3.702798 3.697648 3.692513 3.68739
4.091186 4.086422 4.081575 4.076652 4.071647 4.066557 4.061378 4.056108 4.050744 4.045287 4.039736 4.034092 4.028358 4.022535 4.016625 4.010633 4.004561 3.998415 3.992198 3.985915 3.979572 3.973174 3.966727 3.960236 3.953708 3.947147 3.940562 3.933956 3.927338 3.920712 3.914086 3.907465 3.900854 3.894261 3.887689 3.881144 3.874632 3.868156 3.86172 3.855329 3.848984 3.84269 3.836449 3.830261 3.824129 3.818054 3.812036 3.806074 3.80017 3.794322 3.78853 3.782792 3.777106 3.77147 3.765883 3.760342 3.754844 3.749388 3.743969 3.738586 3.733234 3.727912 3.722617 3.717344 3.712092 3.706857 3.701637 3.69643 3.691232
4.093835 4.089116 4.084314 4.079436 4.074478 4.069435 4.064304 4.059082 4.053768 4.048362 4.042863 4.037272 4.031592 4.025824 4.01997 4.014034 4.00802 4.001933 3.995775 3.989552 3.98327 3.976933 3.970547 3.964117 3.95765 3.95115 3.944625 3.93808 3.93152 3.924953 3.918382 3.911816 3.905259 3.898716 3.892193 3.885694 3.879225 3.872789 3.86639 3.860031 3.853717 3.847448 3.841228 3.835058 3.828939 3.822873 3.816859 3.810898 3.804989 3.799133 3.793327 3.787571 3.781863 3.776201 3.770584 3.765008 3.759473 3.753974 3.74851 3.743077 3.737674 3.732297 3.726943 3.72161 3.716294 3.710994 3.705707 3.700431 3.695163
4.096518 4.091843 4.087087 4.082255 4.077343 4.072347 4.067264 4.06209 4.056826 4.05147 4.046023 4.040485 4.034858 4.029144 4.023346 4.017467 4.011511 4.005481 3.999383 3.99322 3.986997 3.98072 3.974395 3.968025 3.961618 3.955179 3.948714 3.942227 3.935726 3.929216 3.922702 3.91619 3.909685 3.903193 3.896718 3.890265 3.883839 3.877443 3.871081 3.864756 3.858471 3.852229 3.846031 3.839879 3.833774 3.827718 3.821709 3.81575 3.809838 3.803974 3.798157 3.792385 3.786657 3.780971 3.775326 3.769718 3.764147 3.758609 3.753101 3.747622 3.74217 3.73674 3.731331 3.725941 3.720565 3.715204 3.709853 3.704511 3.699177
4.099231 4.094601 4.08989 4.085104 4.080238 4.075289 4.070253 4.065128 4.059914 4.054608 4.049212 4.043727 4.038154 4.032494 4.026752 4.020929 4.015029 4.009058 4.003017 3.996913 3.99075 3.984532 3.978266 3.971957 3.96561 3.95923 3.952824 3.946396 3.939953 3.933499 3.92704 3.920582 3.91413 3.907688 3.901261 3.894854 3.88847 3.882114 3.875789 3.869498 3.863243 3.857027 3.850852 3.844719 3.838629 3.832583 3.826582 3.820625 3.814712 3.808842 3.803015 3.797228 3.791482 3.785774 3.780102 3.774465 3.76886 3.763285 3.757738 3.752216 3.746716 3.741238 3.735777 3.730332 3.7249 3.719481 3.71407 3.708667 3.70327
4.101972 4.097386 4.09272 4.08798 4.08316 4.078258 4.07327 4.068193 4.063028 4.057773 4.052428 4.046995 4.041475 4.03587 4.030182 4.024415 4.018572 4.012657 4.006675 4.000629 3.994524 3.988366 3.98216 3.975909 3.969621 3.9633 3.956952 3.950582 3.944196 3.937798 3.931394 3.924989 3.918588 3.912196 3.905816 3.899454 3.893113 3.886797 3.880508 3.874251 3.868026 3.861837 3.855685 3.849572 3.843498 3.837463 3.83147 3.825516 3.819603 3.813729 3.807893 3.802094 3.796332 3.790604 3.784909 3.779244 3.773608 3.767998 3.762414 3.756851 3.751308 3.745784 3.740274 3.734779 3.729295 3.72382 3.718354 3.712893 3.707438
4.104737 4.100195 4.095574 4.090879 4.086106 4.081251 4.07631 4.071282 4.066166 4.060961 4.055668 4.050287 4.044819 4.039268 4.033635 4.027924 4.022137 4.016279 4.010354 4.004365 3.998319 3.992219 3.986071 3.97988 3.97365 3.967387 3.961096 3.954783 3.948452 3.94211 3.93576 3.929407 3.923057 3.916713 3.910381 3.904063 3.897764 3.891488 3.885236 3.879011 3.872817 3.866655 3.860527 3.854433 3.848375 3.842353 3.836368 3.83042 3.824507 3.81863 3.812787 3.806978 3.801201 3.795455 3.789738 3.784048 3.778383 3.772743 3.767123 3.761523 3.75594 3.750373 3.744819 3.739276 3.733743 3.728219 3.7227 3.717187 3.711677
4.107523 4.103025 4.098449 4.0938 4.089073 4.084264 4.079371 4.074392 4.069325 4.064171 4.058928 4.053599 4.048185 4.042687 4.037108 4.031452 4.025721 4.019919 4.014051 4.00812 4.002131 3.996089 3.989999 3.983865 3.977693 3.971487 3.965253 3.958996 3.95272 3.946431 3.940134 3.933833 3.927533 3.921238 3.914951 3.908678 3.90242 3.896182 3.889967 3.883776 3.877612 3.871477 3.865372 3.859298 3.853257 3.847249 3.841273 3.83533 3.829419 3.82354 3.817692 3.811874 3.806084 3.800322 3.794585 3.788873 3.783182 3.777513 3.771861 3.766227 3.760607 3.755001 3.749405 3.74382 3.738242 3.732671 3.727105 3.721543 3.715985
4.110328 4.105875 4.101343 4.096739 4.092058 4.087296 4.082451 4.077521 4.072504 4.067399 4.062208 4.056931 4.051569 4.046124 4.0406 4.034998 4.029323 4.023577 4.017765 4.011891 4.005959 3.999974 3.993941 3.987864 3.981748 3.975598 3.96942 3.963218 3.956997 3.950761 3.944516 3.938266 3.932014 3.925766 3.919525 3.913295 3.907078 3.900878 3.894698 3.88854 3.882406 3.876298 3.870217 3.864164 3.858139 3.852144 3.846179 3.840242 3.834335 3.828455 3.822603 3.816778 3.810977 3.805201 3.799447 3.793714 3.788 3.782304 3.776624 3.770958 3.765305 3.759663 3.75403 3.748405 3.742787 3.737174 3.731565 3.725959 3.720356
4.113149 4.10874 4.104253 4.099695 4.09506 4.090346 4.085548 4.080667 4.075698 4.070644 4.065504 4.060278 4.054969 4.049578 4.044108 4.038561 4.03294 4.02725 4.021494 4.015676 4.0098 4.003872 3.997895 3.991874 3.985814 3.97972 3.973597 3.967448 3.96128 3.955097 3.948903 3.942702 3.936498 3.930296 3.924099 3.917911 3.911735 3.905573 3.899428 3.893302 3.887198 3.881116 3.875058 3.869026 3.863019 3.857038 3.851083 3.845154 3.83925 3.833371 3.827517 3.821685 3.815876 3.810087 3.804318 3.798567 3.792832 3.787113 3.781407 3.775713 3.77003 3.764356 3.75869 3.753029 3.747375 3.741724 3.736076 3.730431 3.724788
4.115982 4.111617 4.107175 4.102663 4.098074 4.093407 4.088657 4.083824 4.078906 4.073902 4.068812 4.063639 4.058383 4.053045 4.047628 4.042136 4.03657 4.030935 4.025235 4.019473 4.013653 4.00778 4.001859 3.995893 3.989888 3.983849 3.977779 3.971684 3.965568 3.959436 3.953292 3.947139 3.940983 3.934826 3.928673 3.922526 3.916389 3.910264 3.904154 3.89806 3.891985 3.885929 3.879895 3.873883 3.867894 3.861927 3.855984 3.850063 3.844164 3.838287 3.832431 3.826595 3.820778 3.814979 3.809196 3.80343 3.797677 3.791937 3.786208 3.78049 3.77478 3.769078 3.763381 3.75769 3.752003 3.746319 3.740637 3.734958 3.72928
4.118783 4.114462 4.110065 4.105598 4.101057 4.096436 4.091735 4.08695 4.082082 4.077129 4.072092 4.066971 4.061767 4.056483 4.051122 4.045684 4.040174 4.034595 4.028952 4.023246 4.017483 4.011667 4.005802 3.999893 3.993944 3.987961 3.981946 3.975905 3.969843 3.963763 3.957669 3.951567 3.945458 3.939348 3.93324 3.927135 3.921039 3.914952 3.908877 3.902817 3.896772 3.890745 3.884736 3.878746 3.872776 3.866826 3.860895 3.854984 3.849092 3.843219 3.837363 3.831525 3.825703 3.819896 3.814103 3.808322 3.802554 3.796796 3.791048 3.785307 3.779573 3.773846 3.768123 3.762404 3.756688 3.750974 3.745262 3.739552 3.733843
4.121542 4.117264 4.112912 4.10849 4.103994 4.099422 4.094768 4.090033 4.085215 4.080313 4.075327 4.07026 4.06511 4.059881 4.054574 4.049193 4.04374 4.038218 4.032631 4.026983 4.021278 4.015521 4.009714 4.003862 3.997971 3.992044 3.986086 3.980101 3.974094 3.968067 3.962027 3.955975 3.949917 3.943855 3.937792 3.931732 -9999 -9999 -9999 -9999 -9999 -9999 3.889577 3.883611 3.877662 3.871729 3.865814 3.859915 3.854032 3.848164 3.842312 3.836473 3.830648 3.824836 3.819035 3.813244 3.807462 3.801689 3.795923 3.790164 3.78441 3.77866 3.772913 3.76717 3.761428 3.755688 3.74995 3.744212 3.738477
4.124257 4.120022 4.115715 4.111338 4.106888 4.102363 4.097757 4.093071 4.088303 4.083452 4.078519 4.073504 4.068409 4.063235 4.057984 4.05266 4.047264 4.0418 4.036272 4.030683 4.025036 4.019338 4.01359 4.007797 4.001965 3.996096 3.990196 3.984267 3.978316 3.972345 3.966358 3.960359 3.954351 3.948339 3.942324 3.93631 -9999 -9999 -9999 -9999 -9999 -9999 3.894409 3.888469 3.882543 3.876631 3.870732 3.864847 3.858975 3.853116 3.847269 3.841432 3.835607 3.829791 3.823984 3.818185 3.812393 3.806608 3.800828 3.795052 3.78928 3.783511 3.777745 3.77198 3.766217 3.760455 3.754693 3.748933 3.743174
4.126932 4.122739 -9999 -9999 -9999 -9999 4.100702 4.096065 4.091347 4.086547 4.081667 4.076705 4.071664 4.066545 4.061351 4.056083 4.050745 4.04534 4.03987 4.03434 4.028754 4.023115 4.017427 4.011694 4.005921 4.000112 3.99427 3.9884 3.982505 3.97659 3.970658 3.964712 -9999 -9999 -9999 -9999 -9999 -9999 -9999 -9999 -9999 -9999 -9999 -9999 -9999 -9999 3.875642 3.869773 3.863914 3.858065 3.852225 3.846394 3.84057 3.834754 3.828943 3.823139 3.81734 3.811544 3.805753 3.799965 3.794178 3.788394 3.782611 3.776829 3.771048 3.765267 3.759486 3.753707 3.747929
4.129566 4.125416 -9999 -9999 -9999 -9999 4.103604 4.099015 4.094347 4.089598 4.08477 4.079861 4.074874 4.069811 4.064673 4.059463 4.054183 4.048836 4.043426 4.037956 4.032429 4.02685 4.021223 4.015551 4.009838 4.004088 3.998305 3.992494 3.986657 3.980798 3.974922 3.969031 -9999 -9999 -9999 -9999 -9999 -9999 -9999 -9999 -9999 -9999 -9999 -9999 -9999 -9999 3.880538 3.874686 3.868842 3.863006 3.857175 3.85135 3.845531 3.839716 3.833905 3.828098 3.822294 3.816493 3.810693 3.804895 3.799098 3.793301 3.787505 3.781709 3.775913 3.770118 3.764323 3.758528 3.752735
-9999 -9999 -9999 -9999 -9999 -9999 -9999 -9999 -9999 -9999 -9999 -9999 -9999 -9999 4.06795 4.062797 4.057575 4.052287 4.046937 4.041526 4.03606 4.030542 4.024975 4.019364 4.013711 4.008022 4.002299 3.996547 3.990768 3.984967 -9999 -9999 -9999 -9999 -9999 -9999 -9999 -9999 -9999 -9999 -9999 -9999 -9999 -9999 -9999 -9999 -9999 -9999 3.873753 3.86793 3.862111 3.856296 3.850483 3.844672 3.838864 3.833056 3.827251 3.821445 3.815641 3.809836 3.804032 3.798227 3.792421 3.786615 3.780809 3.775002 3.769196 3.763391 3.757587
-9999 -9999 -9999 -9999 -9999 -9999 -9999 -9999 -9999 -9999 -9999 -9999 -9999 -9999 4.071182 4.066086 4.060922 4.055693 4.050401 4.045051 4.039646 4.034188 4.028683 4.023132 4.01754 4.011911 4.006249 4.000556 3.994836 3.989094 -9999 -9999 -9999 -9999 -9999 -9999 -9999 -9999 -9999 -9999 -9999 -9999 -9999 -9999 -9999 -9999 -9999 -9999 3.87864 3.872833 3.867028 3.861224 3.85542 3.849616 3.843812 3.838008 3.832203 3.826398 3.820591 3.814784 3.808975 3.803164 3.797354 3.791541 3.785728 3.779915 3.774102 3.76829 3.76248
-9999 -9999 -9999 -9999 -9999 -9999 -9999 -9999 -9999 -9999 -9999 -9999 -9999 -9999 -9999 -9999 4.064223 4.059052 4.05382 4.04853 4.043185 4.037788 4.032343 4.026854 4.021323 4.015755 4.010152 4.004519 3.998859 3.993174 -9999 -9999 -9999 -9999 -9999 -9999 -9999 -9999 -9999 -9999 -9999 -9999 -9999 -9999 -9999 -9999 -9999 -9999 -9999 -9999 3.871921 3.86613 3.860338 3.854543 3.848747 3.842948 3.837147 3.831344 3.825539 3.819732 3.813922 3.80811 3.802297 3.796483 3.790667 3.784851 3.779036 3.773221 3.767409
-9999 -9999 -9999 -9999 -9999 -9999 -9999 -9999 -9999 -9999 -9999 -9999 -9999 -9999 -9999 -9999 4.067479 4.062366 4.057193 4.051963 4.046678 4.041342 4.035957 4.030529 4.025059 4.019551 4.014009 4.008436 4.002834 3.997208 -9999 -9999 -9999 -9999 -9999 -9999 -9999 -9999 -9999 -9999 -9999 -9999 -9999 -9999 -9999 -9999 -9999 -9999 -9999 -9999 3.876786 3.87101 3.865232 3.859449 3.853662 3.847872 3.842078 3.836281 3.83048 3.824676 3.81887 3.81306 3.807249 3.801435 3.795621 3.789806 3.783992 3.778179 3.772369
-9999 -9999 -9999 -9999 -9999 -9999 -9999 -9999 -9999 -9999 -9999 -9999 -9999 -9999 -9999 -9999 -9999 -9999 -9999 -9999 -9999 -9999 -9999 -9999 4.028748 4.0233 4.017818 4.012305 -9999 -9999 -9999 -9999 -9999 -9999 -9999 -9999 -9999 -9999 -9999 -9999 -9999 -9999 -9999 -9999 -9999 -9999 -9999 -9999 -9999 -9999 3.881618 3.875861 3.870098 3.86433 3.858556 3.852777 3.846993 3.841204 3.835411 3.829614 3.823813 3.81801 3.812203 3.806395 3.800586 3.794776 3.788967 3.783159 3.777355
-9999 -9999 -9999 -9999 -9999 -9999 -9999 -9999 -9999 -9999 -9999 -9999 -9999 -9999 -9999 -9999 -9999 -9999 -9999 -9999 -9999 -9999 -9999 -9999 4.032389 4.027002 4.021579 4.016125 -9999 -9999 -9999 -9999 -9999 -9999 -9999 -9999 -9999 -9999 -9999 -9999 -9999 -9999 -9999 -9999 -9999 -9999 -9999 -9999 -9999 -9999 3.886417 3.880679 3.874934 3.869183 3.863424 3.857659 3.851888 3.846111 3.840329 3.834542 3.828751 3.822956 3.817158 3.811359 3.805558 3.799757 3.793957 3.788159 3.782365
