Raw_GIS_Data/Climate_scenarios/ProcessedData/month_8_minTemp_rcp45.asc
NCOLS 50
NROWS 26
XLLCENTER 512998.000000
YLLCENTER 8407694.000000
CELLSIZE 800.000000
NODATA_value -999.000000
27.15 27.15 27.15 27.14 27.14 27.14 27.14 27.13 27.13 27.13 27.13 27.13 27.13 27.12 27.12 27.12 27.11 27.10 27.10 27.10 27.10 27.11 27.11 27.11 27.11 27.11 27.11 27.11 27.11 27.12 27.13 27.14 27.14 27.15 27.15 27.16 27.16 27.16 27.17 27.17 27.17 27.17 27.17 27.17 27.17 27.17 27.17 27.17 27.17 27.18
27.14 27.14 27.14 27.14 27.13 27.13 27.12 27.13 27.12 27.12 27.12 27.12 27.12 27.11 27.11 27.11 27.10 27.09 27.09 27.08 27.08 27.08 27.08 27.08 27.08 27.08 27.07 27.07 27.07 27.08 27.09 27.11 27.12 27.12 27.13 27.14 27.15 27.15 27.15 27.16 27.16 27.16 27.16 27.17 27.17 27.17 27.17 27.17 27.17 27.18
27.13 27.13 27.13 27.13 27.13 27.12 27.12 27.12 27.11 27.11 27.10 27.10 27.10 27.10 27.10 27.09 27.09 27.08 27.07 27.06 27.06 27.06 27.06 27.06 27.05 27.04 27.03 27.02 27.02 27.02 27.02 27.06 27.08 27.08 27.09 27.11 27.13 27.13 27.13 27.14 27.14 27.14 27.15 27.16 27.16 27.16 27.16 27.17 27.17 27.17
27.12 27.12 27.12 27.12 27.12 27.12 27.11 27.11 27.10 27.10 27.09 27.09 27.09 27.09 27.08 27.07 27.07 27.06 27.05 27.04 27.03 27.04 27.04 27.03 27.02 27.00 26.99 26.05 25.41 26.95 26.97 26.96 27.01 27.05 27.06 27.05 27.08 27.10 27.10 27.11 27.11 27.11 26.24 26.33 27.12 27.17 27.17 27.17 27.17 27.17
27.11 27.11 27.11 27.10 27.11 27.10 27.10 27.09 27.09 27.08 27.08 27.07 27.07 27.07 27.06 27.06 27.05 27.04 27.03 27.01 27.00 27.00 27.00 26.99 26.98 26.09 25.68 25.28 24.80 25.57 24.35 26.70 25.36 25.52 24.32 26.82 25.85 27.07 27.07 27.07 27.07 26.07 25.78 25.74 27.11 27.17 27.17 27.17 27.17 27.17
27.10 27.10 27.09 27.09 27.08 27.08 27.08 27.08 27.07 27.07 27.06 27.05 27.05 27.04 27.04 27.03 27.02 27.01 27.00 26.99 26.97 26.96 26.95 26.94 25.96 24.83 24.24 23.63 23.73 23.78 23.43 23.35 25.12 24.15 25.51 24.64 24.54 24.93 25.05 24.98 25.09 25.86 24.97 25.03 26.74 27.16 27.17 27.17 27.17 27.16
27.09 27.08 27.08 27.07 27.07 27.06 27.05 27.05 27.05 27.04 27.03 27.03 27.02 27.01 27.00 27.00 26.99 26.98 26.98 26.96 26.94 26.91 26.88 25.94 24.49 24.47 23.95 23.63 26.55 24.76 25.06 24.83 24.85 24.13 24.26 23.82 24.80 25.46 25.32 24.34 25.14 25.58 25.18 25.59 27.07 27.16 27.16 27.17 27.17 27.16
27.07 27.06 27.06 27.05 27.04 27.04 27.02 27.02 27.01 27.00 26.99 26.99 26.98 26.97 26.96 26.96 26.95 26.95 26.95 26.93 26.91 26.87 25.82 24.94 24.45 25.36 26.94 26.96 26.99 26.97 25.66 24.38 23.30 24.15 23.93 26.13 27.02 27.07 26.09 26.03 24.83 26.98 26.88 27.15 27.16 27.17 27.16 27.17 27.16 27.16
27.05 27.04 27.03 27.02 27.01 27.00 26.99 26.98 26.97 26.96 26.95 26.93 26.92 26.92 26.91 26.90 26.89 26.91 26.92 26.91 26.92 26.89 25.62 24.11 25.14 24.81 24.75 24.95 27.05 27.06 26.04 24.62 25.75 24.76 27.03 27.02 27.11 27.13 27.14 26.22 27.12 27.15 27.15 27.16 26.60 26.58 26.89 27.16 27.16 27.16
27.04 27.02 27.01 26.99 26.97 26.96 26.95 26.93 26.93 26.92 26.91 26.90 26.88 26.86 26.85 26.85 26.83 26.82 26.87 25.48 25.39 23.99 25.46 24.99 24.05 23.14 24.40 25.00 26.69 27.09 27.10 26.78 26.93 27.09 27.10 27.12 27.13 27.14 27.14 27.14 27.14 27.15 27.16 27.16 27.17 27.14 26.65 27.16 27.17 27.16
27.02 27.01 26.99 26.96 26.94 26.92 26.90 26.89 26.89 26.88 25.85 25.11 24.88 24.78 25.15 25.16 24.32 25.08 25.18 24.41 24.58 23.90 24.54 23.13 23.51 22.40 23.61 24.66 26.37 27.09 27.11 27.11 27.12 27.12 27.13 27.13 27.14 27.14 27.14 27.15 27.15 27.16 27.16 27.16 27.16 27.16 27.16 27.16 27.16 27.16
27.01 26.99 26.97 26.94 26.91 26.88 26.86 26.84 25.73 25.69 24.90 24.25 23.46 24.10 24.24 23.77 23.29 24.20 24.69 23.66 23.46 24.16 23.33 23.40 24.80 23.82 25.41 26.93 27.09 27.11 27.12 27.12 27.13 27.13 27.14 27.14 27.14 27.14 27.14 27.15 27.15 27.16 27.16 27.16 27.16 27.16 27.16 27.15 27.15 27.16
27.02 26.99 26.96 26.93 26.89 26.85 26.82 25.68 25.27 24.23 24.77 24.00 23.49 23.38 23.49 22.97 23.29 23.35 23.94 23.28 24.60 24.78 24.34 24.84 25.77 25.81 26.92 27.07 27.10 27.12 27.13 27.13 27.14 27.14 27.14 27.14 27.14 27.14 27.14 27.14 27.15 27.15 27.15 27.15 27.15 27.15 27.15 27.15 27.15 27.16
27.02 27.00 26.97 26.94 26.91 26.85 25.77 25.30 24.33 23.82 23.46 23.62 23.55 23.34 23.64 23.08 22.80 23.29 24.08 23.48 25.16 24.42 25.35 26.99 27.07 27.02 27.08 27.10 27.12 27.13 27.13 27.14 27.14 27.15 27.14 27.14 27.14 27.15 27.15 27.15 27.15 27.15 27.15 27.15 27.15 27.15 27.15 27.15 27.15 27.15
27.03 27.01 26.99 26.97 26.94 26.87 25.19 25.29 24.50 24.27 24.95 24.51 24.87 24.04 24.29 23.82 23.51 23.80 24.38 24.77 25.40 26.78 25.53 26.99 27.09 27.10 27.10 27.11 27.12 27.13 27.13 27.14 27.14 27.14 27.14 27.14 27.14 27.14 27.14 27.15 27.14 27.14 27.14 27.14 27.14 27.15 27.15 27.15 27.15 27.15
27.04 27.03 27.01 26.99 26.97 26.95 26.92 26.89 26.80 26.11 26.75 25.30 25.58 24.95 25.46 24.44 24.96 24.36 24.81 25.22 25.53 26.85 25.66 27.09 27.05 27.10 27.11 27.11 27.12 27.12 27.12 27.13 27.13 27.14 27.14 27.14 27.14 27.14 27.14 27.14 27.14 27.14 27.14 27.14 27.14 27.14 27.14 27.15 27.14 27.14
27.05 27.03 27.02 27.01 26.99 26.98 26.96 26.94 26.91 26.89 26.86 26.82 26.79 25.77 25.66 25.28 25.28 24.76 25.11 24.95 25.62 25.63 26.93 27.04 27.11 27.11 27.11 27.11 27.11 27.11 27.12 27.12 27.13 27.13 27.14 27.14 27.13 27.13 27.13 27.13 27.13 27.13 27.14 27.14 27.14 27.14 27.14 27.14 27.14 27.13
27.05 27.04 27.03 27.02 27.01 27.00 26.98 26.97 26.96 26.94 26.91 26.87 26.82 26.00 25.79 25.54 25.33 24.78 25.09 25.37 25.69 25.71 26.96 27.11 27.11 27.11 27.11 27.11 27.11 27.11 27.11 27.12 27.12 27.13 27.13 27.13 27.13 27.13 27.13 27.13 27.13 27.13 27.13 27.13 27.13 27.13 27.14 27.14 27.13 27.13
27.05 27.05 27.04 27.03 27.02 27.01 27.00 26.99 26.97 26.96 26.94 26.91 26.86 26.07 25.88 25.70 25.35 25.14 25.21 25.50 25.85 26.93 27.10 27.11 27.11 27.11 27.11 27.11 27.11 27.11 27.11 27.11 27.11 27.12 27.12 27.13 27.13 27.12 27.12 27.13 27.13 27.13 27.13 27.12 27.12 27.13 27.13 27.13 27.13 27.13
27.06 27.06 27.06 27.05 27.04 27.03 27.02 27.01 26.99 26.98 26.97 26.95 26.93 26.91 26.01 25.79 25.16 25.34 25.69 25.73 26.88 27.09 27.10 27.11 27.11 27.11 27.11 27.11 27.11 27.11 27.10 27.11 27.11 27.12 27.12 27.13 27.13 27.12 27.12 27.12 27.13 27.13 27.13 27.12 27.12 27.12 27.13 27.13 27.13 27.12
27.07 27.07 27.07 27.06 27.06 27.04 27.03 27.02 27.01 27.00 26.99 26.98 26.98 26.98 26.99 27.01 27.02 26.80 27.03 27.06 27.08 27.10 27.11 27.11 27.11 27.12 27.11 27.11 27.11 27.11 27.11 27.10 27.11 27.11 27.12 27.12 27.13 27.12 27.12 27.12 27.12 27.12 27.12 27.12 27.11 27.11 27.12 27.12 27.12 27.12
27.08 27.08 27.08 27.07 27.06 27.05 27.05 27.04 27.03 27.02 27.02 27.02 27.02 27.03 27.04 27.05 27.06 26.83 27.06 27.08 27.09 27.10 27.11 27.11 27.12 27.11 27.11 27.11 27.11 27.11 27.11 27.10 27.10 27.11 27.11 27.12 27.12 27.12 27.12 27.12 27.12 27.12 27.12 27.12 27.11 27.11 27.11 27.11 27.11 27.11
27.09 27.08 27.08 27.08 27.07 27.06 27.06 27.05 27.05 27.04 27.04 27.04 27.05 27.05 27.06 27.07 27.07 27.08 27.08 27.09 27.10 27.11 27.11 27.11 27.12 27.11 27.11 27.11 27.11 27.11 27.11 27.11 27.10 27.10 27.11 27.11 27.12 27.12 27.12 27.12 27.12 27.12 27.12 27.11 27.11 27.11 27.11 27.11 27.11 27.11
27.08 27.08 27.08 27.08 27.07 27.07 27.07 27.06 27.06 27.06 27.05 27.06 27.07 27.07 27.08 27.08 27.09 27.09 27.09 27.10 27.10 27.11 27.11 27.11 27.11 27.11 27.11 27.11 27.11 27.11 27.11 27.11 27.11 27.11 27.11 27.12 27.12 27.12 27.12 27.12 27.12 27.12 27.11 27.10 27.10 27.10 27.10 27.10 27.10 27.10
27.08 27.08 27.08 27.08 27.08 27.08 27.08 27.07 27.07 27.06 27.06 27.07 27.08 27.08 27.09 27.09 27.09 27.10 27.10 27.10 27.10 27.10 27.11 27.11 27.11 27.11 27.10 27.10 27.10 27.11 27.11 27.11 27.11 27.11 27.11 27.11 27.12 27.12 27.12 27.11 27.11 27.11 27.11 27.10 27.10 27.10 27.09 27.10 27.10 27.10
27.08 27.08 27.08 27.08 27.08 27.08 27.08 27.07 27.07 27.07 27.07 27.08 27.08 27.08 27.09 27.09 27.10 27.10 27.10 27.10 27.10 27.10 27.10 27.10 27.10 27.10 27.10 27.10 27.10 27.10 27.10 27.11 27.11 27.11 27.11 27.11 27.11 27.11 27.11 27.11 27.11 27.11 27.11 27.10 27.10 27.09 27.09 27.09 27.10 27.10
