Raw_GIS_Data/Climate_scenarios/ProcessedData/month_2_rainfall_rcp45.asc
NCOLS 50
NROWS 26
XLLCENTER 512998.000000
YLLCENTER 8407694.000000
CELLSIZE 800.000000
NODATA_value -999.000000
 5.07  4.99  4.84  4.72  4.71  4.74  4.73  4.68  4.65  4.67  4.73  4.77  4.81  4.90  4.98  4.96  4.86  4.82  4.91  4.99  4.92  4.80  4.73  4.67  4.60  4.54  4.47  4.37  4.34  4.44  4.61  4.76  4.92  5.04  5.12  5.21  5.24  5.20  5.07  4.94  4.90  4.87  4.75  4.57  4.44  4.37  4.34  4.34  4.34  4.29
 4.99  4.93  4.77  4.62  4.56  4.57  4.61  4.63  4.59  4.57  4.61  4.68  4.78  4.91  5.03  5.10  5.04  4.92  4.91  4.92  4.83  4.70  4.65  4.65  4.64  4.63  4.58  4.50  4.46  4.51  4.64  4.81  5.05  5.26  5.35  5.33  5.29  5.21  5.05  4.92  4.89  4.86  4.76  4.57  4.40  4.31  4.29  4.31  4.29  4.23
 4.90  4.86  4.72  4.56  4.44  4.41  4.48  4.59  4.60  4.56  4.56  4.61  4.70  4.85  5.04  5.22  5.26  5.14  5.01  4.96  4.91  4.83  4.77  4.76  4.77  4.80  4.81  4.76  4.72  4.76  4.86  4.99  5.19  5.38  5.44  5.37  5.32  5.23  5.05  4.91  4.85  4.82  4.76  4.60  4.42  4.30  4.26  4.27  4.25  4.21
 4.85  4.80  4.65  4.50  4.35  4.30  4.39  4.56  4.64  4.64  4.64  4.63  4.67  4.81  5.03  5.23  5.30  5.25  5.17  5.16  5.17  5.13  5.08  5.05  5.09  5.18  5.23  5.20  5.21  5.28  5.38  5.39  5.46  5.53  5.52  5.43  5.41  5.35  5.23  5.07  4.92  4.85  4.78  4.66  4.51  4.39  4.30  4.25  4.24  4.23
 4.82  4.76  4.61  4.46  4.31  4.26  4.36  4.52  4.64  4.74  4.79  4.76  4.73  4.83  5.00  5.11  5.15  5.21  5.31  5.41  5.48  5.50  5.53  5.60  5.71  5.85  5.94  5.94  5.96  6.08  6.23  6.04  5.83  5.81  5.80  5.71  5.71  5.70  5.58  5.36  5.11  4.95  4.87  4.76  4.63  4.53  4.42  4.32  4.28  4.25
 4.78  4.73  4.64  4.51  4.38  4.33  4.43  4.56  4.70  4.86  4.98  4.97  4.93  4.97  5.03  5.04  5.07  5.21  5.43  5.62  5.76  5.88  6.03  6.21  6.40  6.57  6.71  6.74  6.66  6.74  6.92  6.69  6.26  6.21  6.17  6.25  6.30  6.22  6.03  5.74  5.37  5.07  4.98  4.86  4.67  4.56  4.50  4.42  4.35  4.26
 4.80  4.71  4.63  4.56  4.51  4.49  4.60  4.76  4.90  5.04  5.19  5.24  5.25  5.28  5.32  5.27  5.24  5.35  5.52  5.69  5.87  6.03  6.20  6.41  6.58  6.65  6.81  6.82  6.54  6.49  6.62  6.69  6.60  6.66  6.65  6.64  6.47  6.29  6.16  5.97  5.55  5.15  4.99  4.80  4.55  4.44  4.43  4.42  4.35  4.24
 4.86  4.70  4.58  4.50  4.52  4.62  4.79  5.01  5.19  5.32  5.46  5.55  5.61  5.68  5.71  5.60  5.47  5.47  5.55  5.65  5.77  5.91  6.11  6.31  6.35  6.31  6.39  6.41  6.24  6.16  6.29  6.64  6.84  6.78  6.60  6.32  6.07  5.97  5.89  5.76  5.51  5.16  4.94  4.71  4.47  4.35  4.32  4.31  4.26  4.20
 4.90  4.75  4.61  4.47  4.48  4.66  4.93  5.21  5.45  5.64  5.75  5.82  5.89  5.98  5.98  5.81  5.64  5.62  5.69  5.77  5.88  6.00  6.20  6.50  6.53  6.50  6.45  6.35  6.17  6.03  6.07  6.26  6.29  6.18  5.95  5.73  5.63  5.60  5.53  5.43  5.27  5.06  4.90  4.72  4.51  4.36  4.28  4.24  4.23  4.20
 5.13  5.03  4.91  4.72  4.62  4.76  5.06  5.42  5.76  5.99  6.09  6.16  6.23  6.29  6.27  6.14  6.02  6.04  6.19  6.34  6.51  6.70  6.78  7.17  7.40  7.27  6.70  6.34  6.05  5.80  5.70  5.73  5.65  5.54  5.42  5.33  5.30  5.28  5.21  5.12  5.01  4.92  4.83  4.72  4.56  4.39  4.30  4.24  4.23  4.23
 5.61  5.59  5.49  5.32  5.19  5.24  5.51  5.93  6.32  6.62  6.86  7.11  7.29  7.29  7.18  7.09  6.98  6.87  7.01  7.26  7.38  7.60  7.82  8.16  8.18  7.97  6.89  6.19  5.80  5.54  5.41  5.38  5.31  5.21  5.15  5.11  5.10  5.09  5.03  4.94  4.86  4.80  4.74  4.66  4.54  4.41  4.32  4.27  4.28  4.28
 6.14  6.21  6.19  6.14  6.15  6.27  6.61  7.05  7.54  8.08  8.60  9.14  9.47  9.29  9.01  8.81  8.44  7.96  7.86  8.00  7.89  7.99  8.28  8.17  7.59  7.23  6.45  5.79  5.44  5.27  5.18  5.15  5.12  5.06  5.00  4.99  5.00  4.99  4.94  4.88  4.83  4.77  4.68  4.59  4.52  4.43  4.32  4.27  4.29  4.30
 6.65  6.74  6.83  6.99  7.25  7.65  8.18  8.82  9.60 10.33 10.78 11.26 11.55 11.30 10.91 10.60  9.84  8.95  8.49  8.29  7.78  7.65  7.70  7.32  6.67  6.28  5.84  5.40  5.13  5.03  5.00  4.99  4.99  4.99  4.93  4.91  4.95  4.95  4.88  4.84  4.84  4.80  4.71  4.61  4.52  4.44  4.32  4.23  4.22  4.24
 7.16  7.23  7.39  7.75  8.33  9.05  9.78 10.60 11.43 11.87 11.92 11.99 12.03 11.90 11.67 11.41 10.52  9.40  8.75  8.31  7.57  7.25  6.95  6.52  6.06  5.77  5.53  5.24  4.99  4.88  4.87  4.91  4.95  4.97  4.91  4.86  4.89  4.90  4.80  4.75  4.81  4.85  4.79  4.69  4.60  4.51  4.41  4.29  4.22  4.19
 7.67  7.76  7.94  8.35  8.91  9.50 10.09 10.68 11.15 11.11 10.81 10.73 10.79 10.96 11.05 10.88 10.14  9.16  8.37  7.87  7.37  6.97  6.51  6.09  5.77  5.57  5.46  5.26  4.99  4.81  4.79  4.88  4.95  4.96  4.88  4.79  4.78  4.77  4.68  4.63  4.70  4.82  4.83  4.75  4.68  4.65  4.58  4.46  4.33  4.24
 8.11  8.14  8.20  8.38  8.58  8.70  8.79  8.96  9.20  9.22  9.06  9.10  9.30  9.63  9.84  9.83  9.40  8.62  7.79  7.36  7.08  6.68  6.24  5.85  5.61  5.49  5.45  5.31  5.03  4.79  4.75  4.86  4.95  4.93  4.80  4.67  4.64  4.62  4.55  4.50  4.56  4.69  4.78  4.77  4.74  4.73  4.69  4.59  4.45  4.32
 8.19  8.15  8.07  7.94  7.80  7.67  7.59  7.65  7.81  7.96  8.01  8.11  8.33  8.61  8.81  8.95  8.81  8.28  7.57  7.06  6.65  6.29  5.97  5.64  5.41  5.32  5.31  5.24  5.04  4.82  4.75  4.82  4.91  4.89  4.72  4.56  4.51  4.49  4.44  4.40  4.45  4.56  4.67  4.73  4.73  4.73  4.71  4.62  4.49  4.36
 7.82  7.81  7.72  7.51  7.31  7.23  7.25  7.31  7.41  7.53  7.61  7.64  7.74  7.94  8.13  8.25  8.28  8.00  7.44  6.80  6.26  5.94  5.67  5.38  5.17  5.07  5.07  5.06  4.96  4.80  4.70  4.71  4.78  4.78  4.67  4.52  4.46  4.44  4.39  4.36  4.40  4.48  4.55  4.60  4.62  4.65  4.67  4.65  4.56  4.43
 7.27  7.34  7.34  7.26  7.18  7.20  7.26  7.32  7.41  7.52  7.53  7.47  7.46  7.49  7.49  7.53  7.59  7.40  6.94  6.40  5.98  5.68  5.40  5.15  5.00  4.91  4.89  4.88  4.80  4.64  4.50  4.48  4.54  4.59  4.57  4.53  4.52  4.49  4.42  4.37  4.38  4.41  4.43  4.44  4.46  4.51  4.60  4.67  4.65  4.53
 6.77  6.86  7.01  7.14  7.16  7.12  7.12  7.22  7.38  7.50  7.46  7.31  7.16  6.99  6.86  6.89  6.90  6.66  6.26  5.93  5.67  5.38  5.14  4.98  4.92  4.90  4.84  4.76  4.65  4.48  4.31  4.24  4.27  4.34  4.40  4.48  4.54  4.56  4.48  4.40  4.37  4.35  4.33  4.33  4.35  4.41  4.52  4.65  4.68  4.58
 6.41  6.48  6.74  6.99  7.05  6.92  6.86  6.95  7.11  7.22  7.14  6.89  6.62  6.45  6.41  6.47  6.38  6.10  5.77  5.53  5.32  5.06  4.89  4.81  4.81  4.81  4.74  4.64  4.54  4.39  4.21  4.10  4.07  4.10  4.19  4.31  4.44  4.51  4.48  4.40  4.36  4.33  4.30  4.29  4.32  4.39  4.50  4.63  4.67  4.59
 6.14  6.22  6.47  6.74  6.78  6.67  6.55  6.53  6.59  6.63  6.53  6.27  6.05  6.02  6.12  6.17  6.02  5.75  5.48  5.26  5.05  4.86  4.73  4.66  4.63  4.60  4.52  4.45  4.41  4.32  4.18  4.06  3.99  3.96  4.01  4.13  4.26  4.34  4.36  4.32  4.30  4.30  4.28  4.27  4.31  4.39  4.51  4.62  4.66  4.58
 5.90  5.98  6.16  6.33  6.37  6.30  6.14  6.03  6.03  6.02  5.91  5.72  5.63  5.74  5.90  5.88  5.66  5.43  5.23  5.03  4.86  4.77  4.72  4.64  4.52  4.42  4.35  4.31  4.28  4.25  4.16  4.06  3.98  3.93  3.95  4.03  4.12  4.19  4.21  4.20  4.20  4.22  4.24  4.27  4.32  4.41  4.52  4.62  4.65  4.56
 5.67  5.73  5.82  5.90  5.93  5.86  5.73  5.66  5.66  5.62  5.49  5.37  5.41  5.57  5.68  5.56  5.31  5.12  4.97  4.81  4.69  4.69  4.73  4.67  4.49  4.32  4.25  4.24  4.23  4.18  4.09  3.99  3.95  3.94  3.96  4.00  4.06  4.11  4.11  4.10  4.11  4.15  4.21  4.29  4.35  4.39  4.48  4.59  4.63  4.57
 5.46  5.49  5.51  5.56  5.62  5.59  5.53  5.51  5.49  5.37  5.19  5.15  5.29  5.43  5.42  5.24  5.01  4.83  4.72  4.60  4.52  4.57  4.66  4.63  4.45  4.25  4.17  4.17  4.19  4.12  3.98  3.86  3.86  3.91  3.94  3.97  4.01  4.05  4.05  4.07  4.09  4.12  4.18  4.28  4.34  4.36  4.41  4.53  4.59  4.55
 5.31  5.26  5.26  5.34  5.42  5.46  5.48  5.51  5.42  5.19  5.04  5.06  5.18  5.23  5.15  5.00  4.78  4.61  4.51  4.42  4.41  4.50  4.56  4.51  4.35  4.20  4.12  4.10  4.08  4.01  3.87  3.76  3.76  3.82  3.85  3.87  3.91  3.96  4.00  4.05  4.10  4.11  4.12  4.20  4.27  4.31  4.37  4.48  4.52  4.50
