Raw_GIS_Data/Climate_scenarios/ProcessedData/month_2_rainfall_present.asc
NCOLS 50
NROWS 26
XLLCENTER 512998.000000
YLLCENTER 8407694.000000
CELLSIZE 800.000000
NODATA_value -999.000000
 4.82  4.78  4.68  4.58  4.53  4.49  4.43  4.37  4.33  4.33  4.45  4.65  4.80  4.88  4.92  4.97  5.06  5.16  5.24  5.27  5.28  5.29  5.24  5.20  5.21  5.26  5.29  5.31  5.31  5.31  5.32  5.36  5.40  5.49  5.63  5.75  5.80  5.74  5.65  5.63  5.65  5.65  5.62  5.65  5.73  5.77  5.80  5.87  5.95  6.08
 4.68  4.67  4.65  4.62  4.57  4.51  4.45  4.39  4.33  4.34  4.47  4.68  4.91  5.08  5.13  5.09  5.06  5.13  5.23  5.28  5.30  5.34  5.31  5.24  5.24  5.30  5.36  5.41  5.44  5.44  5.40  5.41  5.50  5.71  5.94  6.02  5.91  5.70  5.54  5.51  5.57  5.61  5.61  5.67  5.80  5.88  5.89  5.92  5.97  6.05
 4.62  4.58  4.58  4.60  4.58  4.51  4.45  4.40  4.36  4.39  4.51  4.72  4.97  5.21  5.29  5.22  5.15  5.21  5.31  5.34  5.35  5.36  5.34  5.30  5.31  5.37  5.45  5.54  5.63  5.66  5.64  5.66  5.81  6.03  6.17  6.10  5.89  5.69  5.54  5.50  5.57  5.66  5.72  5.78  5.88  5.96  5.95  5.91  5.91  5.96
 4.67  4.60  4.54  4.54  4.54  4.49  4.45  4.44  4.44  4.48  4.59  4.78  4.99  5.18  5.30  5.31  5.31  5.41  5.50  5.50  5.50  5.51  5.50  5.49  5.53  5.64  5.76  5.87  5.99  6.05  6.13  6.17  6.25  6.30  6.23  6.01  5.85  5.81  5.74  5.68  5.72  5.81  5.89  5.91  5.91  5.94  5.92  5.87  5.84  5.87
 4.76  4.68  4.60  4.54  4.49  4.45  4.46  4.52  4.56  4.60  4.70  4.85  5.00  5.09  5.17  5.27  5.40  5.58  5.72  5.76  5.78  5.83  5.87  5.92  6.07  6.30  6.51  6.62  6.66  6.74  6.86  6.75  6.59  6.50  6.36  6.11  6.05  6.14  6.13  6.02  5.96  5.99  6.06  6.04  5.94  5.87  5.83  5.78  5.79  5.87
 4.85  4.77  4.68  4.61  4.53  4.48  4.52  4.62  4.71  4.78  4.86  4.97  5.06  5.06  5.09  5.24  5.47  5.70  5.88  5.98  6.05  6.15  6.27  6.48  6.85  7.26  7.52  7.53  7.44  7.49  7.53  7.30  6.96  6.86  6.67  6.51  6.47  6.53  6.54  6.41  6.23  6.17  6.23  6.17  5.98  5.84  5.76  5.71  5.76  5.87
 4.95  4.88  4.78  4.68  4.62  4.61  4.65  4.73  4.85  4.94  5.02  5.13  5.16  5.12  5.13  5.29  5.53  5.74  5.87  5.97  6.10  6.23  6.38  6.72  7.25  7.62  7.79  7.74  7.55  7.51  7.50  7.47  7.37  7.32  7.10  6.89  6.71  6.64  6.59  6.53  6.35  6.22  6.23  6.12  5.92  5.76  5.69  5.67  5.70  5.81
 4.98  4.96  4.87  4.77  4.75  4.77  4.81  4.89  4.99  5.07  5.15  5.23  5.24  5.18  5.19  5.31  5.51  5.68  5.76  5.84  5.98  6.14  6.32  6.64  7.00  7.19  7.30  7.36  7.30  7.30  7.46  7.72  7.78  7.54  7.19  6.84  6.60  6.47  6.35  6.28  6.19  6.07  6.01  5.92  5.77  5.64  5.58  5.58  5.59  5.66
 4.97  5.00  4.97  4.92  4.91  4.91  4.94  5.05  5.19  5.29  5.32  5.31  5.29  5.28  5.31  5.43  5.59  5.74  5.83  5.90  6.03  6.20  6.38  6.69  6.91  7.03  7.08  7.08  7.00  7.02  7.25  7.48  7.37  7.11  6.77  6.46  6.29  6.21  6.13  6.02  5.90  5.82  5.81  5.74  5.63  5.55  5.53  5.52  5.51  5.54
 5.11  5.14  5.14  5.12  5.09  5.07  5.09  5.20  5.40  5.60  5.70  5.68  5.59  5.57  5.64  5.84  6.08  6.20  6.25  6.31  6.42  6.66  6.77  7.13  7.38  7.37  6.98  6.76  6.61  6.56  6.66  6.75  6.62  6.50  6.30  6.09  5.95  5.90  5.83  5.71  5.59  5.60  5.63  5.59  5.51  5.46  5.49  5.51  5.52  5.53
 5.42  5.43  5.43  5.42  5.40  5.38  5.43  5.55  5.73  6.00  6.31  6.54  6.51  6.35  6.34  6.62  6.95  6.96  6.95  7.07  7.08  7.28  7.52  7.82  7.85  7.74  6.92  6.46  6.26  6.17  6.17  6.16  6.09  6.06  5.99  5.82  5.65  5.57  5.51  5.42  5.35  5.37  5.42  5.42  5.39  5.38  5.43  5.51  5.56  5.59
 5.78  5.81  5.86  5.92  5.98  6.05  6.16  6.32  6.49  6.75  7.15  7.71  7.98  7.76  7.63  7.79  7.89  7.70  7.67  7.82  7.61  7.55  7.75  7.68  7.29  7.10  6.55  6.11  5.94  5.88  5.80  5.71  5.71  5.77  5.76  5.61  5.40  5.29  5.30  5.28  5.23  5.22  5.23  5.25  5.26  5.27  5.34  5.46  5.55  5.61
 6.15  6.23  6.37  6.56  6.78  7.00  7.22  7.43  7.66  7.85  8.08  8.66  9.21  9.26  9.14  9.08  8.77  8.42  8.26  8.12  7.54  7.21  7.12  6.89  6.56  6.41  6.09  5.80  5.66  5.59  5.47  5.39  5.44  5.53  5.53  5.39  5.18  5.09  5.15  5.22  5.20  5.15  5.13  5.11  5.10  5.11  5.18  5.30  5.38  5.48
 6.46  6.65  6.92  7.25  7.63  7.97  8.19  8.34  8.51  8.63  8.79  9.19  9.69  9.96  9.92  9.94  9.65  9.06  8.48  7.95  7.23  6.79  6.45  6.19  5.98  5.86  5.69  5.50  5.38  5.32  5.26  5.23  5.25  5.28  5.26  5.13  4.95  4.88  4.98  5.11  5.13  5.08  5.01  4.94  4.89  4.88  4.94  5.02  5.10  5.24
 6.71  7.02  7.41  7.85  8.27  8.52  8.54  8.45  8.46  8.48  8.55  8.86  9.25  9.57  9.64  9.82  9.75  9.14  8.19  7.43  6.84  6.48  6.17  5.90  5.69  5.54  5.43  5.29  5.19  5.15  5.12  5.07  5.00  4.93  4.90  4.81  4.69  4.67  4.78  4.91  4.99  4.96  4.84  4.73  4.65  4.64  4.69  4.73  4.81  4.96
 7.02  7.41  7.82  8.20  8.41  8.40  8.21  7.94  7.77  7.70  7.76  8.08  8.41  8.68  8.85  9.08  9.10  8.67  7.83  7.07  6.57  6.30  6.12  5.89  5.66  5.48  5.34  5.21  5.12  5.05  4.98  4.86  4.69  4.56  4.54  4.55  4.54  4.56  4.61  4.70  4.77  4.77  4.69  4.55  4.46  4.46  4.53  4.58  4.62  4.72
 7.36  7.66  7.90  8.01  8.01  7.90  7.66  7.34  7.10  7.08  7.23  7.50  7.76  8.04  8.23  8.37  8.39  8.18  7.57  6.90  6.42  6.18  6.04  5.87  5.67  5.47  5.31  5.16  5.03  4.91  4.80  4.65  4.46  4.36  4.40  4.47  4.51  4.54  4.55  4.56  4.57  4.57  4.54  4.45  4.40  4.42  4.48  4.54  4.56  4.58
 7.44  7.57  7.57  7.49  7.41  7.29  7.11  6.92  6.79  6.79  6.94  7.16  7.45  7.76  7.89  7.90  7.84  7.61  7.15  6.68  6.32  6.08  5.94  5.79  5.60  5.40  5.23  5.07  4.90  4.75  4.61  4.47  4.35  4.32  4.39  4.47  4.54  4.57  4.56  4.50  4.45  4.42  4.41  4.38  4.39  4.43  4.46  4.50  4.53  4.54
 7.32  7.30  7.16  7.01  6.92  6.84  6.79  6.79  6.71  6.63  6.66  6.84  7.12  7.36  7.43  7.38  7.19  6.87  6.55  6.37  6.18  6.00  5.86  5.73  5.56  5.36  5.19  5.01  4.81  4.64  4.49  4.36  4.30  4.30  4.34  4.42  4.51  4.59  4.58  4.49  4.40  4.38  4.36  4.34  4.36  4.39  4.39  4.41  4.48  4.55
 7.14  7.04  6.88  6.75  6.69  6.67  6.71  6.74  6.64  6.49  6.46  6.57  6.71  6.78  6.77  6.69  6.52  6.27  6.08  6.06  6.03  5.93  5.81  5.70  5.56  5.40  5.23  5.03  4.80  4.61  4.47  4.37  4.32  4.27  4.25  4.31  4.42  4.53  4.57  4.50  4.44  4.42  4.40  4.37  4.35  4.35  4.35  4.38  4.45  4.57
 6.95  6.87  6.75  6.65  6.58  6.54  6.56  6.60  6.58  6.53  6.47  6.40  6.33  6.25  6.17  6.07  5.98  5.90  5.80  5.78  5.82  5.84  5.78  5.67  5.54  5.42  5.28  5.05  4.82  4.66  4.54  4.45  4.36  4.24  4.18  4.23  4.33  4.42  4.48  4.49  4.47  4.47  4.48  4.47  4.43  4.41  4.44  4.48  4.55  4.66
 6.87  6.81  6.69  6.54  6.40  6.33  6.36  6.49  6.62  6.64  6.48  6.26  6.03  5.85  5.74  5.67  5.67  5.68  5.58  5.50  5.51  5.57  5.62  5.59  5.48  5.39  5.27  5.09  4.90  4.75  4.63  4.54  4.42  4.26  4.18  4.19  4.25  4.31  4.38  4.44  4.47  4.50  4.55  4.55  4.49  4.48  4.55  4.64  4.72  4.79
 6.84  6.73  6.54  6.34  6.23  6.22  6.32  6.47  6.58  6.54  6.36  6.11  5.83  5.64  5.55  5.51  5.51  5.48  5.36  5.20  5.15  5.22  5.33  5.39  5.39  5.35  5.27  5.16  5.06  4.94  4.81  4.65  4.47  4.31  4.20  4.17  4.18  4.21  4.30  4.40  4.47  4.51  4.55  4.54  4.49  4.47  4.56  4.69  4.83  4.91
 6.60  6.49  6.34  6.22  6.20  6.27  6.34  6.38  6.37  6.31  6.18  5.96  5.73  5.61  5.58  5.54  5.45  5.32  5.13  4.95  4.88  4.95  5.07  5.18  5.31  5.36  5.27  5.15  5.09  5.03  4.95  4.79  4.57  4.37  4.25  4.19  4.17  4.16  4.23  4.36  4.48  4.50  4.47  4.44  4.41  4.41  4.49  4.63  4.81  4.94
 6.30  6.27  6.22  6.19  6.22  6.26  6.27  6.23  6.17  6.12  6.03  5.83  5.67  5.65  5.70  5.67  5.51  5.27  5.02  4.85  4.81  4.88  4.98  5.10  5.25  5.34  5.25  5.06  4.94  4.90  4.92  4.89  4.72  4.50  4.34  4.27  4.24  4.20  4.20  4.30  4.42  4.45  4.40  4.35  4.36  4.38  4.43  4.52  4.68  4.83
 6.20  6.21  6.17  6.13  6.13  6.14  6.13  6.08  6.03  6.00  5.90  5.72  5.62  5.64  5.70  5.70  5.57  5.31  5.03  4.89  4.90  4.95  5.00  5.08  5.16  5.22  5.16  4.94  4.75  4.69  4.75  4.83  4.80  4.63  4.46  4.38  4.37  4.32  4.26  4.26  4.33  4.37  4.34  4.31  4.34  4.38  4.39  4.42  4.52  4.64
