Raw_GIS_Data/Climate_scenarios/ProcessedData/month_1_maxTemp_rcp45.asc
NCOLS 50
NROWS 26
XLLCENTER 512998.000000
YLLCENTER 8407694.000000
CELLSIZE 800.000000
NODATA_value -999.000000
29.99 30.00 30.00 30.00 30.00 30.00 30.00 29.99 29.99 30.00 30.00 30.00 30.00 29.99 30.00 30.00 30.00 30.00 30.01 30.01 30.02 30.02 30.02 30.01 30.01 30.01 30.01 30.00 30.00 30.00 29.99 29.99 29.99 29.99 29.98 29.98 29.98 29.97 29.97 29.96 29.96 29.96 29.95 29.95 29.95 29.95 29.95 29.95 29.95 29.95
30.00 30.00 30.00 30.00 30.00 30.00 30.00 30.00 30.00 30.00 30.00 30.00 30.00 30.00 30.00 30.00 30.00 30.00 30.01 30.02 30.02 30.03 30.03 30.03 30.03 30.03 30.03 30.02 30.01 30.01 30.01 30.01 30.01 30.00 30.00 30.00 29.99 29.99 29.99 29.98 29.97 29.96 29.96 29.95 29.95 29.95 29.95 29.95 29.95 29.95
30.00 30.00 30.00 30.01 30.01 30.01 30.01 30.01 30.01 30.01 30.01 30.01 30.01 30.01 30.01 30.01 30.01 30.01 30.01 30.02 30.03 30.04 30.05 30.06 30.07 30.07 30.07 30.06 30.04 30.03 30.04 30.04 30.04 30.03 30.02 30.03 30.02 30.02 30.02 30.01 30.01 30.00 29.98 29.96 29.95 29.95 29.95 29.95 29.95 29.95
30.00 30.01 30.01 30.01 30.01 30.02 30.02 30.02 30.02 30.02 30.02 30.02 30.02 30.02 30.02 30.02 30.02 30.02 30.02 30.03 30.04 30.06 30.08 30.11 30.14 30.17 30.23 31.83 30.83 30.03 30.07 30.08 30.10 30.08 30.06 30.06 30.07 30.06 30.07 30.08 30.11 30.15 31.77 31.61 29.91 29.96 29.95 29.95 29.95 29.95
30.01 30.01 30.02 30.02 30.02 30.03 30.03 30.03 30.03 30.03 30.03 30.03 30.03 30.03 30.03 30.04 30.04 30.04 30.04 30.05 30.06 30.08 30.12 30.17 30.27 31.97 31.60 31.03 30.43 31.57 29.72 29.97 31.88 31.53 29.52 29.98 31.67 30.12 30.14 30.17 30.24 31.90 31.37 31.05 29.91 29.96 29.95 29.95 29.95 29.95
30.01 30.02 30.03 30.03 30.04 30.04 30.04 30.04 30.05 30.05 30.05 30.05 30.05 30.05 30.06 30.06 30.07 30.07 30.08 30.09 30.10 30.13 30.18 30.28 31.98 30.63 29.79 28.95 29.20 29.42 28.70 28.54 31.75 29.66 31.77 30.27 30.08 30.67 30.83 30.71 30.98 31.97 30.40 30.24 29.56 29.97 29.95 29.95 29.95 29.95
30.02 30.03 30.04 30.04 30.05 30.06 30.06 30.06 30.07 30.07 30.07 30.08 30.08 30.08 30.09 30.10 30.10 30.11 30.12 30.14 30.18 30.23 30.32 32.02 30.22 30.44 29.53 29.08 30.15 31.21 31.19 30.93 30.84 29.72 29.84 29.04 30.52 31.61 31.20 29.71 30.85 31.37 30.52 30.79 29.91 29.98 29.96 29.95 29.95 29.95
30.03 30.04 30.05 30.06 30.07 30.08 30.09 30.09 30.10 30.10 30.11 30.11 30.11 30.12 30.13 30.13 30.15 30.17 30.19 30.22 30.28 30.39 32.06 30.97 30.49 31.85 30.34 30.33 30.36 30.53 32.11 29.93 28.37 29.76 29.20 29.39 30.29 30.36 31.97 31.82 30.01 30.01 29.86 30.07 30.02 29.98 29.96 29.96 29.95 29.95
30.04 30.05 30.06 30.07 30.09 30.10 30.12 30.13 30.14 30.15 30.15 30.16 30.17 30.17 30.18 30.19 30.21 30.24 30.28 30.31 30.35 30.47 32.07 29.85 31.40 30.97 30.83 30.92 30.24 30.38 32.06 30.19 31.72 30.20 30.20 30.12 30.17 30.18 30.21 29.28 30.13 30.09 30.09 30.13 31.82 31.59 29.69 29.96 29.95 29.95
30.04 30.06 30.08 30.09 30.11 30.14 30.16 30.18 30.20 30.21 30.22 30.23 30.24 30.25 30.26 30.26 30.28 30.33 30.41 31.94 31.53 29.60 32.04 31.33 29.46 28.28 30.55 31.05 29.80 30.23 30.31 30.00 30.11 30.21 30.13 30.11 30.09 30.09 30.10 30.08 30.07 30.06 30.05 30.05 30.07 30.00 29.46 29.96 29.95 29.95
30.05 30.07 30.10 30.13 30.16 30.19 30.23 30.27 30.32 30.40 32.06 31.02 30.74 30.82 31.78 31.51 30.25 31.66 31.85 30.52 30.74 29.73 30.49 28.32 28.68 26.69 29.11 30.38 29.46 30.17 30.17 30.16 30.13 30.11 30.08 30.06 30.05 30.05 30.05 30.05 30.04 30.03 30.02 30.01 30.01 29.99 29.98 29.96 29.96 29.95
30.04 30.07 30.11 30.15 30.20 30.25 30.32 30.43 32.15 32.18 31.04 30.01 28.99 29.99 30.36 29.47 28.87 30.58 31.28 29.55 29.33 30.38 28.73 28.71 30.69 28.86 28.67 30.13 30.15 30.12 30.11 30.09 30.07 30.06 30.05 30.04 30.04 30.03 30.03 30.02 30.02 30.02 30.01 30.00 29.99 29.98 29.97 29.96 29.95 29.95
30.01 30.04 30.07 30.13 30.19 30.28 30.41 32.17 31.73 30.18 31.14 29.97 29.15 29.00 29.05 28.30 28.91 29.11 29.95 28.94 31.07 31.12 30.21 30.62 31.61 29.01 30.05 30.15 30.11 30.09 30.07 30.06 30.04 30.03 30.03 30.02 30.02 30.02 30.01 30.01 30.01 30.00 29.99 29.99 29.98 29.97 29.97 29.96 29.95 29.95
29.98 30.00 30.03 30.07 30.15 30.29 32.06 31.71 30.36 29.69 29.06 29.29 29.13 28.81 29.32 28.37 27.91 29.01 30.16 29.01 31.56 30.12 31.17 30.22 30.22 30.09 30.12 30.10 30.08 30.07 30.05 30.04 30.03 30.02 30.02 30.01 30.01 30.01 30.01 30.00 30.00 29.99 29.99 29.98 29.98 29.97 29.97 29.96 29.95 29.95
29.97 29.98 30.00 30.04 30.11 30.22 31.26 31.61 30.53 30.28 31.32 30.55 31.00 29.76 30.20 29.42 28.91 29.38 30.38 30.85 31.58 32.10 31.26 30.09 30.14 30.11 30.09 30.08 30.06 30.05 30.04 30.03 30.02 30.01 30.01 30.00 30.00 30.00 30.00 29.99 29.99 29.98 29.98 29.97 29.97 29.97 29.96 29.96 29.95 29.95
29.96 29.98 30.00 30.03 30.09 30.21 30.36 30.42 30.41 29.83 30.60 31.59 31.97 31.19 31.97 30.35 31.04 30.05 30.80 31.39 31.61 32.19 31.40 32.11 30.05 30.08 30.07 30.06 30.05 30.04 30.03 30.02 30.01 30.01 30.00 30.00 29.99 29.99 29.99 29.99 29.99 29.98 29.98 29.97 29.97 29.97 29.96 29.96 29.96 29.95
29.96 29.97 30.00 30.04 30.11 30.21 30.29 30.34 30.38 30.43 30.49 30.58 30.66 32.26 32.02 31.56 31.58 30.65 31.14 31.03 31.55 31.32 30.07 30.13 30.09 30.07 30.05 30.04 30.03 30.03 30.02 30.01 30.01 30.00 29.99 29.99 29.99 29.99 29.99 29.99 29.98 29.98 29.97 29.97 29.97 29.96 29.96 29.96 29.95 29.95
29.95 29.96 29.99 30.04 30.10 30.17 30.23 30.27 30.31 30.36 30.43 30.51 30.63 32.44 32.11 31.86 31.66 30.77 31.11 31.42 31.58 31.19 30.01 30.12 30.08 30.06 30.04 30.03 30.02 30.02 30.01 30.01 30.00 29.99 29.99 29.99 29.99 29.98 29.98 29.98 29.98 29.97 29.97 29.97 29.97 29.96 29.96 29.95 29.95 29.95
29.93 29.95 29.98 30.02 30.08 30.12 30.16 30.20 30.23 30.28 30.34 30.43 30.56 32.39 32.17 31.97 31.62 31.26 31.17 31.36 31.51 30.01 30.12 30.09 30.07 30.05 30.04 30.02 30.02 30.01 30.01 30.00 29.99 29.99 29.99 29.98 29.98 29.98 29.98 29.98 29.97 29.97 29.97 29.97 29.96 29.96 29.96 29.96 29.95 29.95
29.93 29.94 29.97 30.01 30.04 30.07 30.10 30.12 30.15 30.18 30.22 30.28 30.37 30.52 32.08 31.91 31.10 31.32 31.67 31.36 29.97 30.12 30.09 30.07 30.05 30.04 30.03 30.02 30.01 30.01 30.00 29.99 29.99 29.99 29.99 29.98 29.98 29.98 29.98 29.97 29.97 29.97 29.97 29.96 29.96 29.96 29.96 29.96 29.95 29.95
29.92 29.94 29.96 29.99 30.01 30.03 30.05 30.06 30.08 30.09 30.11 30.14 30.18 30.22 30.25 30.26 30.25 29.99 30.18 30.15 30.11 30.09 30.07 30.05 30.04 30.03 30.02 30.01 30.01 30.00 30.00 29.99 29.99 29.98 29.98 29.98 29.98 29.98 29.97 29.97 29.97 29.97 29.96 29.96 29.96 29.96 29.96 29.95 29.95 29.95
29.92 29.93 29.95 29.97 29.99 30.00 30.02 30.03 30.04 30.04 30.06 30.07 30.09 30.11 30.12 30.12 30.12 29.89 30.10 30.10 30.08 30.07 30.05 30.03 30.03 30.02 30.02 30.01 30.01 30.00 29.99 29.99 29.99 29.98 29.98 29.98 29.98 29.97 29.97 29.97 29.97 29.96 29.96 29.96 29.96 29.96 29.95 29.95 29.95 29.95
29.92 29.93 29.94 29.96 29.98 29.99 29.99 30.00 30.01 30.01 30.02 30.04 30.05 30.06 30.06 30.07 30.07 30.07 30.07 30.07 30.06 30.05 30.03 30.02 30.02 30.01 30.01 30.00 30.00 29.99 29.99 29.99 29.98 29.98 29.98 29.97 29.97 29.97 29.97 29.97 29.96 29.96 29.96 29.96 29.96 29.96 29.95 29.95 29.95 29.95
29.92 29.93 29.94 29.95 29.96 29.97 29.98 29.98 29.99 29.99 30.00 30.01 30.02 30.03 30.04 30.04 30.04 30.04 30.04 30.04 30.04 30.03 30.02 30.02 30.01 30.01 30.00 30.00 29.99 29.99 29.98 29.98 29.98 29.97 29.97 29.97 29.97 29.96 29.96 29.96 29.96 29.96 29.96 29.96 29.96 29.96 29.95 29.95 29.95 29.95
29.91 29.92 29.93 29.94 29.95 29.96 29.96 29.97 29.97 29.98 29.99 30.00 30.01 30.01 30.01 30.01 30.02 30.02 30.02 30.02 30.02 30.02 30.01 30.01 30.00 30.00 30.00 29.99 29.99 29.98 29.98 29.98 29.97 29.97 29.97 29.97 29.96 29.96 29.96 29.96 29.96 29.96 29.96 29.95 29.95 29.95 29.95 29.95 29.95 29.94
29.91 29.92 29.93 29.94 29.95 29.95 29.96 29.96 29.97 29.97 29.98 29.99 29.99 30.00 30.00 30.00 30.01 30.01 30.01 30.01 30.01 30.01 30.00 30.00 30.00 29.99 29.99 29.99 29.98 29.98 29.97 29.97 29.97 29.97 29.97 29.96 29.96 29.96 29.96 29.96 29.96 29.96 29.95 29.95 29.95 29.95 29.95 29.95 29.95 29.94
