Raw_GIS_Data/Climate_scenarios/ProcessedData/month_7_rainfall_rcp85.asc
NCOLS 50
NROWS 26
XLLCENTER 512998.000000
YLLCENTER 8407694.000000
CELLSIZE 800.000000
NODATA_value -999.000000
 5.91  5.88  5.81  5.82  5.88  5.95  5.96  5.94  5.90  5.90  5.94  5.98  6.02  6.01  5.97  5.94  5.96  6.10  6.27  6.32  6.30  6.29  6.37  6.53  6.69  6.85  7.06  7.29  7.48  7.65  7.82  8.00  8.13  8.14  8.12  8.14  8.20  8.33  8.53  8.68  8.70  8.66  8.61  8.50  8.33  8.19  8.17  8.25  8.40  8.59
 5.95  5.89  5.80  5.78  5.86  5.94  5.97  5.99  5.99  5.99  6.02  6.04  6.01  5.97  5.99  6.04  6.12  6.30  6.49  6.56  6.59  6.65  6.75  6.91  7.06  7.24  7.48  7.74  7.94  8.11  8.27  8.42  8.51  8.45  8.39  8.38  8.40  8.47  8.63  8.75  8.80  8.81  8.78  8.67  8.48  8.31  8.22  8.23  8.31  8.43
 5.93  5.85  5.77  5.74  5.77  5.82  5.87  5.90  5.90  5.89  5.92  5.96  5.96  5.98  6.09  6.23  6.38  6.61  6.84  7.01  7.17  7.30  7.41  7.54  7.72  7.97  8.24  8.48  8.67  8.80  8.89  8.91  8.91  8.82  8.74  8.73  8.74  8.74  8.79  8.85  8.90  8.91  8.82  8.65  8.49  8.38  8.32  8.30  8.30  8.36
 5.78  5.70  5.65  5.62  5.61  5.60  5.63  5.66  5.67  5.67  5.71  5.80  5.88  5.98  6.18  6.42  6.67  6.94  7.22  7.54  7.88  8.15  8.32  8.50  8.74  9.06  9.38  9.62  9.71  9.73  9.85  9.63  9.46  9.34  9.29  9.16  9.16  9.13  9.05  9.01  9.01  8.99  8.81  8.55  8.38  8.36  8.42  8.43  8.40  8.40
 5.60  5.53  5.49  5.48  5.43  5.37  5.37  5.45  5.53  5.59  5.67  5.76  5.87  6.02  6.25  6.58  6.91  7.21  7.58  8.05  8.57  9.00  9.34  9.68 10.05 10.52 10.95 11.16 11.14 11.25 11.43 10.94 10.40 10.22 10.01  9.78  9.74  9.64  9.49  9.35  9.24  9.14  8.95  8.58  8.32  8.33  8.46  8.50  8.47  8.41
 5.45  5.41  5.38  5.36  5.34  5.28  5.27  5.37  5.53  5.71  5.84  5.94  6.06  6.21  6.45  6.79  7.14  7.51  8.00  8.63  9.27  9.85 10.37 10.90 11.46 11.94 12.34 12.35 12.13 12.46 12.85 12.35 11.51 11.06 10.56 10.43 10.14  9.91  9.94  9.90  9.59  9.37  9.19  8.72  8.40  8.40  8.49  8.51  8.46  8.39
 5.39  5.35  5.32  5.32  5.33  5.33  5.34  5.42  5.62  5.86  6.05  6.19  6.33  6.52  6.79  7.12  7.48  7.91  8.50  9.25 10.02 10.67 11.23 11.79 12.07 12.05 12.11 11.93 11.70 12.17 12.72 12.78 12.17 11.41 10.77 10.32  9.71  9.53  9.77  9.93  9.61  9.29  9.07  8.71  8.54  8.54  8.56  8.51  8.43  8.38
 5.49  5.38  5.33  5.33  5.39  5.47  5.52  5.60  5.78  6.05  6.30  6.51  6.72  6.98  7.28  7.63  8.02  8.48  9.10  9.93 10.80 11.51 12.15 12.51 12.12 11.61 11.24 11.10 11.14 11.52 11.97 12.24 11.77 10.73 10.08  9.52  9.15  9.10  9.19  9.27  9.12  8.82  8.69  8.63  8.66  8.67  8.62  8.52  8.42  8.37
 5.78  5.60  5.48  5.46  5.53  5.69  5.84  5.97  6.16  6.46  6.78  7.09  7.40  7.73  8.08  8.48  8.91  9.38  9.97 10.85 11.89 12.79 13.46 13.84 13.27 12.27 11.18 10.70 10.47 10.50 10.65 10.54 10.00  9.64  9.26  9.10  9.03  8.95  8.93  8.80  8.49  8.34  8.41  8.55  8.68  8.74  8.69  8.53  8.43  8.38
 6.27  6.10  5.96  5.89  5.95  6.13  6.37  6.63  6.94  7.35  7.82  8.28  8.67  9.07  9.45  9.90 10.40 10.76 11.30 12.20 13.38 14.26 14.70 15.50 15.39 13.82 11.21 10.29  9.87  9.65  9.54  9.38  9.18  9.13  9.07  9.06  8.99  8.90  8.76  8.51  8.23  8.13  8.22  8.40  8.56  8.66  8.63  8.47  8.39  8.35
 6.81  6.81  6.77  6.73  6.76  6.92  7.22  7.65  8.20  8.86  9.73 10.49 10.97 11.32 11.79 12.34 12.61 12.59 12.98 13.70 14.27 14.79 15.21 15.56 15.41 14.22 11.01  9.83  9.40  9.22  9.13  9.02  8.96  8.94  8.92  8.89  8.85  8.73  8.54  8.29  8.07  7.98  8.04  8.14  8.27  8.38  8.42  8.38  8.34  8.35
 7.40  7.57  7.71  7.80  7.87  8.07  8.48  9.13  9.97 10.99 12.09 13.21 13.92 14.42 15.18 15.63 15.14 14.54 14.49 14.53 13.93 13.77 13.67 12.82 11.82 11.30  9.97  9.18  8.95  8.96  8.98  8.97  8.92  8.79  8.63  8.53  8.49  8.40  8.22  8.02  7.83  7.75  7.76  7.83  7.96  8.12  8.24  8.29  8.29  8.31
 8.15  8.41  8.71  8.98  9.17  9.45  9.98 10.86 12.01 13.02 13.95 15.12 16.22 17.18 18.13 18.51 17.32 15.77 15.01 14.30 12.68 12.04 11.53 10.62  9.88  9.64  9.19  8.90  8.78  8.77  8.82  8.94  8.95  8.72  8.42  8.21  8.10  8.04  7.94  7.79  7.62  7.53  7.55  7.63  7.80  7.99  8.12  8.17  8.17  8.18
 8.90  9.15  9.48  9.84 10.11 10.42 10.95 11.80 12.91 13.79 14.53 15.36 16.41 17.63 18.56 19.05 17.65 15.40 14.10 13.24 11.59 10.95 10.24  9.64  9.23  9.02  8.91  8.83  8.76  8.72  8.74  8.89  8.95  8.74  8.43  8.15  7.94  7.84  7.79  7.71  7.59  7.52  7.56  7.66  7.81  7.98  8.11  8.15  8.13  8.11
 9.16  9.31  9.51  9.78 10.03 10.31 10.74 11.36 12.21 12.82 13.35 14.06 14.86 15.80 16.37 16.52 15.63 14.05 12.58 11.54 10.59 10.09  9.71  9.37  9.03  8.89  8.84  8.78  8.74  8.72  8.78  8.97  9.07  8.91  8.61  8.31  8.07  7.94  7.86  7.78  7.71  7.69  7.73  7.81  7.88  7.96  8.06  8.12  8.08  8.02
 8.83  8.95  9.09  9.32  9.58  9.84 10.15 10.57 11.19 11.78 12.26 12.82 13.28 13.71 13.95 14.03 13.57 12.82 11.66 10.69 10.01  9.60  9.40  9.16  8.90  8.77  8.76  8.72  8.68  8.71  8.84  9.08  9.21  9.08  8.79  8.55  8.40  8.28  8.12  7.94  7.84  7.79  7.80  7.89  7.94  7.95  8.00  8.02  7.96  7.87
 8.56  8.75  8.95  9.20  9.52  9.83 10.01 10.19 10.56 11.05 11.51 11.89 12.11 12.26 12.41 12.49 12.30 11.89 11.07 10.34  9.72  9.36  9.17  8.99  8.80  8.65  8.60  8.58  8.60  8.68  8.80  9.01  9.18  9.11  8.90  8.75  8.66  8.54  8.33  8.10  7.94  7.84  7.81  7.89  7.99  7.99  7.99  7.99  7.92  7.83
 8.70  8.91  9.09  9.26  9.50  9.78  9.96 10.08 10.33 10.63 10.87 10.99 11.07 11.24 11.41 11.42 11.30 11.07 10.54  9.99  9.51  9.19  9.00  8.85  8.69  8.52  8.42  8.39  8.47  8.56  8.64  8.79  8.95  8.96  8.85  8.78  8.72  8.60  8.41  8.23  8.10  7.95  7.83  7.85  7.96  8.00  7.98  7.95  7.91  7.89
 8.98  9.16  9.22  9.21  9.27  9.49  9.76  9.98 10.17 10.31 10.28 10.16 10.18 10.38 10.56 10.55 10.44 10.22  9.95  9.72  9.44  9.10  8.88  8.76  8.59  8.39  8.25  8.25  8.38  8.48  8.51  8.58  8.68  8.71  8.69  8.67  8.63  8.52  8.34  8.23  8.13  7.98  7.82  7.78  7.86  7.90  7.89  7.87  7.88  7.91
 9.11  9.24  9.23  9.13  9.10  9.25  9.53  9.80  9.96 10.00  9.83  9.57  9.52  9.65  9.74  9.72  9.64  9.44  9.38  9.51  9.46  9.15  8.89  8.73  8.57  8.36  8.21  8.26  8.40  8.47  8.45  8.44  8.47  8.53  8.61  8.63  8.56  8.42  8.23  8.08  7.96  7.84  7.76  7.76  7.82  7.86  7.87  7.87  7.90  7.95
 9.08  9.17  9.22  9.19  9.16  9.21  9.38  9.58  9.70  9.66  9.45  9.23  9.15  9.14  9.09  8.96  8.88  8.85  8.96  9.31  9.49  9.28  8.96  8.72  8.55  8.40  8.29  8.31  8.39  8.41  8.37  8.32  8.33  8.43  8.55  8.60  8.53  8.42  8.26  8.08  7.89  7.79  7.74  7.74  7.78  7.86  7.95  8.01  8.03  8.03
 9.01  9.13  9.24  9.25  9.24  9.24  9.26  9.31  9.36  9.28  9.14  9.04  9.00  8.90  8.73  8.59  8.57  8.61  8.76  9.16  9.40  9.26  8.97  8.70  8.52  8.40  8.31  8.27  8.25  8.23  8.18  8.12  8.12  8.21  8.35  8.43  8.43  8.42  8.34  8.16  7.96  7.81  7.71  7.67  7.71  7.81  7.95  8.06  8.10  8.10
 8.96  9.07  9.18  9.21  9.19  9.14  9.06  9.03  9.03  9.02  8.96  8.87  8.82  8.71  8.57  8.48  8.49  8.56  8.70  8.98  9.11  9.01  8.83  8.61  8.44  8.33  8.21  8.11  8.06  8.03  7.98  7.93  7.94  8.02  8.15  8.24  8.27  8.30  8.27  8.14  7.99  7.82  7.70  7.68  7.75  7.88  8.03  8.09  8.10  8.12
 8.92  9.02  9.11  9.09  8.98  8.87  8.80  8.77  8.78  8.82  8.77  8.67  8.60  8.57  8.53  8.48  8.46  8.52  8.64  8.78  8.78  8.69  8.56  8.41  8.31  8.24  8.13  8.02  7.99  7.99  7.96  7.93  7.94  8.02  8.11  8.14  8.14  8.13  8.10  8.03  7.94  7.87  7.84  7.86  7.94  8.06  8.15  8.12  8.07  8.10
 8.92  8.99  9.04  8.94  8.78  8.67  8.60  8.58  8.62  8.68  8.64  8.54  8.52  8.57  8.55  8.47  8.41  8.46  8.58  8.65  8.60  8.55  8.45  8.33  8.29  8.28  8.16  8.02  7.99  8.03  8.05  8.05  8.08  8.14  8.18  8.15  8.11  8.06  8.01  7.96  7.93  7.92  7.96  8.03  8.11  8.17  8.17  8.12  8.10  8.13
 8.94  8.94  8.93  8.85  8.71  8.59  8.50  8.48  8.55  8.64  8.64  8.59  8.60  8.70  8.67  8.54  8.49  8.55  8.66  8.69  8.64  8.65  8.58  8.44  8.36  8.31  8.16  7.98  7.91  7.96  8.04  8.11  8.18  8.27  8.30  8.26  8.18  8.11  8.04  7.99  7.96  7.94  7.95  8.03  8.11  8.13  8.14  8.17  8.23  8.31
