Raw_GIS_Data/Climate_scenarios/ProcessedData/month_10_minTemp_rcp85.asc
NCOLS 50
NROWS 26
XLLCENTER 512998.000000
YLLCENTER 8407694.000000
CELLSIZE 800.000000
NODATA_value -999.000000
28.97 28.96 28.96 28.96 28.96 28.95 28.95 28.94 28.94 28.94 28.93 28.93 28.93 28.92 28.93 28.93 28.93 28.93 28.93 28.93 28.93 28.92 28.92 28.92 28.92 28.92 28.92 28.91 28.92 28.93 28.94 28.94 28.95 28.96 28.96 28.96 28.96 28.96 28.96 28.96 28.96 28.96 28.96 28.95 28.95 28.94 28.94 28.94 28.94 28.94
28.96 28.95 28.95 28.95 28.95 28.95 28.94 28.94 28.93 28.93 28.92 28.92 28.91 28.91 28.91 28.91 28.92 28.92 28.92 28.91 28.91 28.90 28.90 28.89 28.89 28.89 28.89 28.88 28.88 28.89 28.91 28.92 28.92 28.93 28.94 28.94 28.95 28.94 28.94 28.94 28.95 28.96 28.96 28.95 28.94 28.94 28.94 28.94 28.94 28.94
28.95 28.95 28.94 28.94 28.94 28.94 28.93 28.93 28.92 28.92 28.91 28.91 28.90 28.90 28.90 28.90 28.90 28.90 28.90 28.90 28.90 28.89 28.89 28.88 28.87 28.86 28.85 28.85 28.84 28.83 28.84 28.87 28.89 28.89 28.89 28.91 28.92 28.92 28.92 28.92 28.93 28.94 28.95 28.95 28.94 28.94 28.94 28.94 28.94 28.94
28.94 28.94 28.94 28.93 28.93 28.92 28.92 28.92 28.92 28.91 28.91 28.90 28.90 28.89 28.89 28.88 28.88 28.88 28.88 28.87 28.87 28.87 28.87 28.87 28.86 28.84 28.83 28.17 27.47 28.77 28.78 28.77 28.84 28.85 28.85 28.84 28.88 28.90 28.90 28.90 28.91 28.91 28.33 28.39 28.89 28.94 28.95 28.94 28.94 28.94
28.93 28.93 28.92 28.92 28.91 28.91 28.91 28.91 28.91 28.90 28.90 28.89 28.89 28.89 28.88 28.87 28.86 28.85 28.85 28.84 28.84 28.84 28.85 28.86 28.85 28.16 27.78 27.37 26.91 27.76 26.39 28.51 27.62 27.69 26.30 28.62 28.08 28.87 28.87 28.87 28.87 28.22 27.86 27.77 28.88 28.94 28.95 28.95 28.94 28.95
28.92 28.91 28.91 28.90 28.90 28.90 28.89 28.89 28.89 28.89 28.88 28.88 28.88 28.87 28.87 28.87 28.86 28.84 28.83 28.81 28.81 28.81 28.80 28.81 28.12 26.90 26.29 25.68 25.84 25.92 25.48 25.42 27.40 26.22 27.72 26.75 26.65 27.13 27.20 27.01 27.21 28.09 27.00 27.03 28.52 28.94 28.95 28.95 28.94 28.94
28.90 28.89 28.89 28.89 28.88 28.88 28.88 28.87 28.87 28.87 28.86 28.86 28.86 28.85 28.85 28.85 28.85 28.83 28.82 28.80 28.79 28.77 28.76 28.13 26.56 26.62 26.02 25.71 28.39 27.05 27.26 27.01 26.98 26.20 26.35 25.86 26.95 27.78 27.57 26.37 27.28 27.82 27.25 27.62 28.85 28.94 28.94 28.94 28.94 28.94
28.88 28.87 28.87 28.87 28.86 28.86 28.86 28.85 28.85 28.84 28.83 28.83 28.82 28.82 28.82 28.82 28.82 28.82 28.81 28.81 28.79 28.76 28.07 27.05 26.56 27.63 28.77 28.80 28.82 28.82 27.98 26.46 25.34 26.22 25.97 27.96 28.85 28.90 28.37 28.27 26.88 28.78 28.68 28.94 28.95 28.94 28.94 28.94 28.94 28.93
28.86 28.85 28.85 28.84 28.84 28.83 28.83 28.82 28.82 28.81 28.80 28.78 28.77 28.77 28.77 28.76 28.76 28.79 28.80 28.81 28.82 28.80 27.95 26.20 27.36 27.08 27.01 27.22 28.87 28.89 28.29 26.67 27.90 26.81 28.84 28.84 28.92 28.95 28.96 28.05 28.93 28.95 28.95 28.96 28.63 28.58 28.67 28.94 28.93 28.93
28.84 28.83 28.82 28.82 28.81 28.80 28.80 28.80 28.80 28.80 28.78 28.77 28.75 28.73 28.72 28.72 28.70 28.70 28.76 27.76 27.61 26.11 27.82 27.33 26.16 25.23 26.68 27.31 28.52 28.91 28.93 28.61 28.75 28.91 28.92 28.94 28.94 28.95 28.95 28.95 28.95 28.95 28.95 28.94 28.95 28.92 28.43 28.93 28.94 28.94
28.83 28.82 28.81 28.79 28.78 28.76 28.76 28.77 28.77 28.79 28.11 27.28 27.02 26.99 27.48 27.37 26.44 27.33 27.42 26.65 26.85 26.08 26.74 25.29 25.67 24.52 25.74 26.88 28.21 28.92 28.94 28.94 28.94 28.94 28.94 28.94 28.95 28.95 28.95 28.96 28.96 28.95 28.95 28.94 28.94 28.93 28.93 28.93 28.93 28.93
28.82 28.80 28.79 28.77 28.75 28.74 28.73 28.73 28.04 28.04 27.13 26.38 25.57 26.27 26.48 25.89 25.38 26.47 26.99 25.87 25.70 26.46 25.42 25.49 27.07 25.89 27.28 28.77 28.92 28.93 28.94 28.94 28.94 28.94 28.94 28.95 28.95 28.95 28.96 28.96 28.96 28.95 28.94 28.94 28.94 28.93 28.93 28.93 28.93 28.93
28.81 28.80 28.78 28.75 28.73 28.71 28.71 27.97 27.56 26.39 27.02 26.16 25.60 25.52 25.63 25.06 25.41 25.56 26.20 25.50 26.90 27.10 26.53 27.02 28.04 27.69 28.77 28.90 28.92 28.93 28.94 28.94 28.94 28.94 28.94 28.94 28.94 28.95 28.95 28.95 28.95 28.95 28.94 28.94 28.93 28.93 28.93 28.93 28.93 28.93
28.82 28.80 28.78 28.76 28.73 28.70 28.00 27.56 26.51 25.95 25.56 25.73 25.66 25.45 25.80 25.17 24.89 25.51 26.38 25.67 27.46 26.60 27.68 28.85 28.92 28.86 28.91 28.92 28.92 28.92 28.93 28.93 28.93 28.94 28.94 28.93 28.94 28.94 28.95 28.95 28.95 28.95 28.94 28.94 28.93 28.93 28.94 28.93 28.93 28.93
28.82 28.81 28.80 28.78 28.76 28.70 27.36 27.51 26.65 26.40 27.11 26.62 27.02 26.16 26.46 25.94 25.60 25.94 26.66 27.06 27.68 28.77 27.84 28.82 28.92 28.92 28.92 28.92 28.92 28.92 28.92 28.93 28.93 28.93 28.93 28.93 28.93 28.94 28.94 28.95 28.95 28.94 28.94 28.93 28.93 28.93 28.93 28.93 28.93 28.92
28.84 28.83 28.81 28.80 28.78 28.77 28.75 28.74 28.65 27.98 28.62 27.43 27.72 27.06 27.62 26.54 27.18 26.50 27.05 27.53 27.78 28.83 27.92 29.03 28.86 28.91 28.92 28.92 28.92 28.92 28.93 28.93 28.92 28.93 28.93 28.93 28.93 28.94 28.94 28.94 28.94 28.94 28.94 28.94 28.93 28.93 28.93 28.93 28.93 28.92
28.84 28.84 28.83 28.82 28.81 28.81 28.79 28.78 28.76 28.73 28.71 28.68 28.66 27.78 27.64 27.37 27.50 26.92 27.34 27.32 27.84 27.88 28.75 28.85 28.90 28.91 28.91 28.92 28.92 28.92 28.93 28.93 28.93 28.93 28.93 28.93 28.93 28.93 28.94 28.94 28.94 28.94 28.94 28.93 28.93 28.93 28.93 28.93 28.92 28.92
28.85 28.85 28.84 28.83 28.83 28.83 28.82 28.81 28.80 28.78 28.75 28.73 28.69 27.97 27.72 27.59 27.56 26.94 27.28 27.61 27.89 27.92 28.77 28.90 28.90 28.91 28.92 28.92 28.92 28.92 28.93 28.93 28.93 28.93 28.93 28.93 28.93 28.93 28.94 28.93 28.93 28.93 28.93 28.93 28.93 28.93 28.93 28.92 28.92 28.92
28.86 28.86 28.85 28.85 28.84 28.84 28.83 28.83 28.82 28.81 28.80 28.78 28.75 28.16 27.95 27.81 27.58 27.34 27.39 27.66 28.00 28.75 28.91 28.92 28.91 28.91 28.92 28.93 28.93 28.93 28.93 28.93 28.93 28.93 28.93 28.93 28.93 28.93 28.94 28.93 28.93 28.92 28.92 28.92 28.92 28.92 28.92 28.92 28.91 28.91
28.86 28.86 28.86 28.86 28.85 28.85 28.85 28.84 28.84 28.84 28.84 28.84 28.83 28.82 28.19 28.00 27.32 27.53 27.90 27.87 28.72 28.92 28.92 28.93 28.93 28.92 28.93 28.93 28.93 28.93 28.93 28.93 28.93 28.93 28.93 28.93 28.93 28.93 28.93 28.93 28.93 28.92 28.92 28.92 28.92 28.91 28.91 28.91 28.91 28.91
28.87 28.87 28.87 28.86 28.86 28.86 28.86 28.86 28.86 28.87 28.87 28.87 28.87 28.87 28.87 28.88 28.89 28.66 28.88 28.90 28.91 28.92 28.92 28.93 28.93 28.93 28.93 28.93 28.93 28.92 28.93 28.93 28.93 28.93 28.93 28.93 28.93 28.93 28.93 28.93 28.92 28.92 28.91 28.92 28.92 28.91 28.91 28.91 28.91 28.91
28.88 28.87 28.87 28.87 28.87 28.87 28.86 28.87 28.88 28.89 28.89 28.89 28.89 28.90 28.90 28.90 28.90 28.68 28.91 28.91 28.92 28.92 28.93 28.93 28.94 28.93 28.93 28.92 28.93 28.93 28.93 28.93 28.93 28.93 28.93 28.93 28.93 28.93 28.93 28.93 28.92 28.92 28.91 28.92 28.92 28.91 28.91 28.91 28.91 28.91
28.88 28.87 28.87 28.87 28.87 28.87 28.87 28.87 28.88 28.89 28.89 28.89 28.90 28.90 28.90 28.91 28.91 28.91 28.91 28.91 28.91 28.92 28.92 28.93 28.94 28.94 28.93 28.92 28.92 28.93 28.93 28.93 28.92 28.92 28.93 28.93 28.93 28.93 28.94 28.93 28.92 28.92 28.91 28.91 28.91 28.91 28.91 28.91 28.91 28.91
28.88 28.88 28.88 28.88 28.88 28.88 28.88 28.88 28.89 28.89 28.89 28.90 28.90 28.90 28.90 28.90 28.90 28.91 28.91 28.91 28.92 28.92 28.92 28.93 28.94 28.94 28.93 28.92 28.92 28.92 28.93 28.93 28.93 28.93 28.93 28.93 28.93 28.93 28.93 28.93 28.93 28.92 28.91 28.90 28.90 28.90 28.90 28.91 28.91 28.91
28.89 28.89 28.89 28.89 28.89 28.89 28.89 28.89 28.89 28.89 28.89 28.89 28.89 28.90 28.90 28.90 28.91 28.91 28.91 28.92 28.92 28.92 28.93 28.93 28.94 28.94 28.93 28.93 28.93 28.93 28.93 28.93 28.93 28.92 28.92 28.92 28.92 28.92 28.93 28.93 28.92 28.92 28.91 28.91 28.90 28.90 28.90 28.90 28.90 28.91
28.89 28.89 28.89 28.90 28.90 28.90 28.90 28.90 28.89 28.89 28.89 28.89 28.89 28.89 28.90 28.90 28.90 28.91 28.91 28.92 28.92 28.93 28.93 28.93 28.94 28.93 28.93 28.93 28.93 28.93 28.93 28.93 28.93 28.93 28.92 28.92 28.92 28.92 28.92 28.92 28.92 28.92 28.92 28.91 28.91 28.91 28.91 28.91 28.90 28.90
