Raw_GIS_Data/Climate_scenarios/ProcessedData/month_12_maxTemp_present.asc
NCOLS 50
NROWS 26
XLLCENTER 512998.000000
YLLCENTER 8407694.000000
CELLSIZE 800.000000
NODATA_value -999.000000
28.50 28.50 28.50 28.51 28.51 28.51 28.51 28.51 28.51 28.51 28.51 28.51 28.51 28.51 28.51 28.51 28.52 28.53 28.53 28.54 28.55 28.55 28.55 28.55 28.54 28.54 28.53 28.53 28.52 28.52 28.52 28.51 28.51 28.50 28.50 28.49 28.49 28.48 28.48 28.47 28.47 28.46 28.46 28.45 28.45 28.45 28.45 28.45 28.45 28.45
28.50 28.50 28.51 28.51 28.51 28.52 28.52 28.52 28.52 28.52 28.52 28.52 28.51 28.51 28.51 28.51 28.52 28.53 28.53 28.54 28.55 28.57 28.58 28.58 28.58 28.57 28.56 28.56 28.55 28.54 28.54 28.54 28.53 28.52 28.52 28.51 28.51 28.50 28.50 28.49 28.48 28.47 28.46 28.46 28.45 28.45 28.45 28.45 28.45 28.45
28.50 28.51 28.51 28.52 28.52 28.52 28.52 28.53 28.53 28.53 28.53 28.53 28.53 28.52 28.52 28.52 28.52 28.53 28.53 28.54 28.56 28.57 28.59 28.61 28.62 28.63 28.63 28.62 28.59 28.57 28.57 28.57 28.57 28.55 28.55 28.54 28.54 28.53 28.53 28.53 28.52 28.51 28.49 28.46 28.45 28.45 28.45 28.45 28.45 28.45
28.51 28.51 28.52 28.52 28.53 28.53 28.53 28.54 28.54 28.54 28.54 28.54 28.54 28.54 28.54 28.54 28.54 28.54 28.54 28.55 28.56 28.58 28.61 28.65 28.69 28.73 28.80 30.53 29.57 28.58 28.61 28.61 28.63 28.61 28.59 28.59 28.60 28.58 28.58 28.59 28.61 28.66 30.31 30.16 28.41 28.45 28.45 28.45 28.45 28.45
28.51 28.52 28.52 28.53 28.53 28.54 28.54 28.55 28.55 28.55 28.55 28.55 28.55 28.55 28.55 28.55 28.56 28.56 28.56 28.56 28.58 28.60 28.63 28.69 28.78 30.44 30.10 29.69 29.12 30.24 28.31 28.48 30.39 30.04 27.99 28.52 30.32 28.63 28.65 28.67 28.73 30.43 29.88 29.58 28.41 28.46 28.45 28.45 28.45 28.44
28.52 28.52 28.53 28.54 28.54 28.55 28.55 28.56 28.57 28.57 28.57 28.57 28.57 28.57 28.58 28.58 28.58 28.58 28.59 28.59 28.61 28.63 28.68 28.77 30.37 28.95 28.14 27.47 27.76 27.94 27.15 27.04 30.31 28.08 30.22 28.76 28.67 29.30 29.41 29.17 29.44 30.48 28.87 28.76 28.06 28.46 28.45 28.44 28.44 28.44
28.52 28.53 28.54 28.55 28.56 28.56 28.57 28.58 28.58 28.59 28.59 28.59 28.59 28.59 28.60 28.61 28.61 28.62 28.63 28.65 28.67 28.72 28.81 30.45 28.55 28.74 27.87 27.60 28.61 29.76 29.71 29.32 29.14 27.99 28.15 27.39 29.12 30.23 29.76 28.17 29.33 29.86 29.02 29.31 28.41 28.47 28.45 28.45 28.44 28.44
28.53 28.54 28.55 28.56 28.57 28.58 28.59 28.60 28.61 28.61 28.62 28.62 28.62 28.62 28.63 28.64 28.65 28.67 28.69 28.72 28.77 28.88 30.55 29.39 28.86 30.28 28.80 28.81 28.83 28.97 30.60 28.23 26.55 27.99 27.46 27.85 28.75 28.83 30.51 30.29 28.48 28.48 28.35 28.57 28.52 28.48 28.45 28.45 28.44 28.44
28.54 28.55 28.56 28.58 28.59 28.61 28.62 28.64 28.65 28.65 28.66 28.66 28.66 28.67 28.67 28.68 28.70 28.74 28.78 28.81 28.85 28.95 30.53 28.23 29.84 29.44 29.29 29.41 28.72 28.84 30.55 28.51 30.02 28.49 28.66 28.59 28.64 28.66 28.69 27.75 28.62 28.58 28.58 28.62 30.34 30.13 28.18 28.45 28.44 28.44
28.55 28.56 28.58 28.60 28.63 28.65 28.67 28.70 28.71 28.72 28.74 28.74 28.74 28.74 28.74 28.75 28.76 28.81 28.91 30.51 30.11 28.11 30.47 29.67 27.81 26.64 28.91 29.46 28.29 28.70 28.76 28.45 28.58 28.68 28.62 28.60 28.59 28.58 28.59 28.58 28.57 28.55 28.54 28.54 28.56 28.50 27.95 28.45 28.45 28.44
28.54 28.57 28.60 28.63 28.66 28.70 28.74 28.78 28.83 28.90 30.57 29.54 29.25 29.29 30.17 29.88 28.61 30.08 30.40 29.05 29.30 28.21 28.87 26.60 27.00 25.04 27.41 28.75 27.95 28.65 28.66 28.66 28.63 28.61 28.58 28.57 28.55 28.55 28.54 28.54 28.54 28.53 28.52 28.51 28.51 28.49 28.47 28.46 28.45 28.44
28.52 28.55 28.59 28.63 28.68 28.74 28.81 28.91 30.62 30.64 29.46 28.39 27.34 28.40 28.70 27.77 27.16 28.90 29.67 27.89 27.66 28.71 27.02 27.07 29.13 27.26 27.12 28.60 28.64 28.62 28.60 28.59 28.58 28.57 28.55 28.54 28.53 28.52 28.52 28.52 28.52 28.51 28.50 28.49 28.49 28.48 28.47 28.46 28.45 28.44
28.49 28.51 28.55 28.60 28.66 28.75 28.87 30.60 30.16 28.59 29.48 28.24 27.44 27.42 27.53 26.65 27.24 27.41 28.25 27.21 29.40 29.44 28.55 29.16 30.16 27.49 28.55 28.65 28.61 28.58 28.57 28.56 28.55 28.55 28.54 28.52 28.52 28.51 28.51 28.51 28.50 28.50 28.49 28.49 28.48 28.47 28.46 28.45 28.45 28.44
28.46 28.47 28.50 28.54 28.61 28.74 30.44 30.08 28.72 28.05 27.48 27.73 27.60 27.29 27.74 26.73 26.25 27.32 28.49 27.32 29.97 28.48 29.72 28.71 28.72 28.60 28.63 28.61 28.58 28.56 28.55 28.54 28.54 28.53 28.52 28.51 28.51 28.50 28.50 28.50 28.50 28.49 28.48 28.48 28.47 28.47 28.46 28.45 28.45 28.44
28.44 28.45 28.47 28.50 28.56 28.66 29.64 30.00 28.92 28.69 29.84 29.12 29.58 28.23 28.56 27.80 27.33 27.84 28.87 29.36 30.13 30.54 29.79 28.58 28.64 28.62 28.60 28.58 28.56 28.55 28.54 28.53 28.52 28.52 28.51 28.51 28.50 28.50 28.49 28.49 28.49 28.48 28.48 28.47 28.47 28.46 28.46 28.45 28.45 28.44
28.43 28.44 28.46 28.49 28.55 28.65 28.78 28.85 28.85 28.28 29.06 30.18 30.50 29.58 30.26 28.69 29.59 28.59 29.37 30.00 30.24 30.62 29.87 30.55 28.56 28.58 28.57 28.56 28.55 28.54 28.53 28.52 28.52 28.51 28.50 28.50 28.49 28.49 28.49 28.48 28.48 28.48 28.47 28.47 28.47 28.46 28.46 28.45 28.45 28.44
28.43 28.44 28.46 28.50 28.56 28.64 28.72 28.77 28.83 28.89 28.95 29.05 29.12 30.57 30.31 29.93 30.12 29.20 29.71 29.59 30.24 29.81 28.56 28.62 28.60 28.58 28.55 28.54 28.53 28.53 28.52 28.51 28.51 28.50 28.50 28.49 28.49 28.48 28.48 28.48 28.48 28.47 28.47 28.47 28.46 28.46 28.45 28.45 28.45 28.44
28.42 28.43 28.46 28.49 28.55 28.61 28.66 28.70 28.75 28.82 28.88 28.97 29.08 30.72 30.38 30.23 30.18 29.26 29.62 30.02 30.23 29.70 28.51 28.63 28.59 28.57 28.54 28.53 28.52 28.52 28.51 28.51 28.50 28.50 28.49 28.49 28.48 28.48 28.48 28.47 28.47 28.47 28.46 28.46 28.46 28.46 28.45 28.45 28.44 28.44
28.42 28.43 28.46 28.49 28.54 28.58 28.61 28.64 28.68 28.73 28.79 28.88 29.00 30.74 30.51 30.35 30.09 29.71 29.67 29.91 30.15 28.53 28.62 28.59 28.57 28.55 28.53 28.52 28.51 28.50 28.50 28.50 28.49 28.49 28.49 28.48 28.48 28.48 28.47 28.47 28.47 28.46 28.46 28.46 28.45 28.45 28.45 28.44 28.44 28.44
28.42 28.43 28.45 28.48 28.51 28.54 28.56 28.59 28.61 28.65 28.69 28.74 28.82 28.96 30.51 30.32 29.54 29.78 30.18 29.89 28.49 28.64 28.60 28.57 28.56 28.54 28.53 28.51 28.50 28.50 28.49 28.49 28.49 28.48 28.48 28.48 28.47 28.47 28.47 28.46 28.46 28.46 28.46 28.45 28.45 28.45 28.45 28.44 28.44 28.44
28.42 28.43 28.45 28.47 28.49 28.51 28.53 28.54 28.56 28.58 28.60 28.63 28.67 28.71 28.76 28.77 28.76 28.51 28.70 28.68 28.63 28.60 28.57 28.56 28.54 28.53 28.52 28.51 28.50 28.49 28.48 28.48 28.48 28.48 28.48 28.47 28.47 28.46 28.46 28.46 28.46 28.46 28.45 28.45 28.45 28.45 28.44 28.44 28.44 28.44
28.42 28.43 28.45 28.47 28.48 28.49 28.50 28.52 28.53 28.54 28.56 28.58 28.60 28.62 28.64 28.66 28.66 28.42 28.63 28.62 28.60 28.58 28.56 28.55 28.53 28.52 28.51 28.50 28.49 28.48 28.48 28.48 28.48 28.47 28.47 28.47 28.46 28.46 28.46 28.46 28.45 28.45 28.45 28.45 28.44 28.44 28.44 28.44 28.44 28.44
28.42 28.43 28.44 28.46 28.47 28.48 28.49 28.50 28.51 28.52 28.53 28.54 28.56 28.58 28.59 28.60 28.60 28.60 28.60 28.59 28.58 28.56 28.55 28.54 28.53 28.52 28.50 28.49 28.48 28.48 28.47 28.47 28.47 28.47 28.46 28.46 28.46 28.46 28.46 28.45 28.45 28.45 28.45 28.45 28.44 28.44 28.44 28.44 28.44 28.44
28.42 28.43 28.44 28.45 28.46 28.47 28.48 28.48 28.49 28.50 28.51 28.52 28.53 28.55 28.56 28.56 28.57 28.57 28.57 28.56 28.55 28.55 28.54 28.53 28.52 28.51 28.50 28.49 28.48 28.48 28.47 28.47 28.47 28.46 28.46 28.46 28.45 28.45 28.45 28.45 28.45 28.45 28.44 28.44 28.44 28.44 28.44 28.44 28.43 28.43
28.42 28.43 28.44 28.45 28.46 28.46 28.46 28.47 28.48 28.48 28.49 28.50 28.51 28.52 28.53 28.54 28.54 28.54 28.55 28.54 28.54 28.53 28.53 28.52 28.51 28.50 28.49 28.48 28.48 28.47 28.47 28.47 28.46 28.46 28.46 28.45 28.45 28.45 28.45 28.45 28.45 28.44 28.44 28.44 28.44 28.44 28.44 28.43 28.43 28.43
28.42 28.42 28.43 28.44 28.45 28.45 28.46 28.46 28.47 28.48 28.48 28.49 28.50 28.51 28.52 28.52 28.52 28.52 28.53 28.53 28.53 28.52 28.51 28.51 28.50 28.49 28.49 28.48 28.48 28.47 28.47 28.46 28.46 28.46 28.45 28.45 28.45 28.45 28.45 28.45 28.44 28.44 28.44 28.44 28.44 28.44 28.43 28.43 28.43 28.43
