Raw_GIS_Data/Climate_scenarios/ProcessedData/month_4_minTemp_rcp85.asc
NCOLS 50
NROWS 26
XLLCENTER 512998.000000
YLLCENTER 8407694.000000
CELLSIZE 800.000000
NODATA_value -999.000000
30.08 30.07 30.07 30.07 30.07 30.06 30.06 30.06 30.05 30.04 30.04 30.04 30.05 30.05 30.04 30.04 30.04 30.04 30.04 30.04 30.04 30.04 30.04 30.04 30.04 30.04 30.04 30.04 30.04 30.05 30.06 30.06 30.07 30.08 30.08 30.09 30.09 30.09 30.09 30.09 30.09 30.10 30.10 30.10 30.10 30.10 30.10 30.10 30.10 30.10
30.07 30.07 30.06 30.06 30.06 30.06 30.05 30.05 30.04 30.03 30.03 30.03 30.03 30.03 30.03 30.02 30.02 30.02 30.02 30.02 30.02 30.02 30.02 30.01 30.01 30.01 30.01 30.00 30.00 30.01 30.03 30.04 30.04 30.05 30.06 30.07 30.08 30.08 30.08 30.08 30.08 30.09 30.09 30.09 30.09 30.09 30.09 30.10 30.10 30.10
30.06 30.06 30.06 30.06 30.05 30.05 30.04 30.04 30.03 30.02 30.01 30.01 30.01 30.01 30.01 30.00 30.00 30.00 30.00 30.00 30.00 30.00 29.99 29.99 29.98 29.97 29.97 29.96 29.97 29.96 29.95 29.98 30.00 30.01 30.01 30.03 30.05 30.06 30.07 30.07 30.07 30.07 30.08 30.08 30.09 30.09 30.09 30.09 30.09 30.09
30.06 30.06 30.06 30.05 30.04 30.04 30.03 30.03 30.02 30.01 30.01 30.00 29.99 29.99 29.99 29.98 29.98 29.98 29.97 29.97 29.97 29.97 29.97 29.97 29.96 29.94 29.93 29.00 28.32 29.89 29.90 29.88 29.95 29.98 29.98 29.97 30.01 30.03 30.03 30.04 30.04 30.03 29.19 29.25 30.03 30.08 30.08 30.09 30.09 30.09
30.04 30.05 30.04 30.03 30.03 30.02 30.02 30.01 30.01 30.01 30.00 29.98 29.98 29.97 29.97 29.96 29.96 29.95 29.95 29.94 29.94 29.94 29.94 29.94 29.94 29.17 28.68 28.22 27.72 28.45 27.24 29.63 28.45 28.47 27.21 29.75 28.72 30.00 29.99 29.99 29.99 29.06 28.72 28.63 30.01 30.08 30.08 30.08 30.09 30.09
30.03 30.03 30.02 30.01 30.01 30.01 30.00 30.00 29.99 29.99 29.98 29.97 29.96 29.95 29.94 29.94 29.93 29.92 29.92 29.91 29.90 29.90 29.89 29.90 29.04 27.81 27.21 26.58 26.66 26.70 26.39 26.30 28.20 27.06 28.39 27.45 27.40 27.77 27.87 27.82 28.02 28.89 27.90 27.93 29.64 30.07 30.08 30.08 30.09 30.09
30.02 30.01 30.00 29.99 29.99 29.98 29.98 29.97 29.97 29.96 29.96 29.94 29.93 29.92 29.92 29.91 29.90 29.89 29.88 29.88 29.87 29.85 29.84 29.04 27.47 27.50 26.90 26.55 29.51 27.70 27.94 27.76 27.84 27.07 27.18 26.72 27.69 28.41 28.24 27.25 28.07 28.59 28.14 28.54 29.98 30.08 30.08 30.09 30.08 30.08
30.01 30.00 29.98 29.97 29.97 29.96 29.95 29.94 29.93 29.92 29.91 29.90 29.89 29.89 29.88 29.87 29.87 29.87 29.86 29.86 29.84 29.82 28.92 27.94 27.43 28.39 29.84 29.87 29.89 29.90 28.62 27.32 26.29 27.11 26.85 29.04 29.92 29.97 29.13 29.04 27.77 29.90 29.80 30.07 30.08 30.08 30.08 30.08 30.08 30.08
29.99 29.98 29.96 29.95 29.95 29.94 29.93 29.91 29.90 29.88 29.86 29.85 29.84 29.84 29.83 29.82 29.81 29.83 29.84 29.84 29.86 29.85 28.76 27.07 28.14 27.83 27.74 27.91 29.94 29.97 29.00 27.56 28.81 27.73 29.94 29.92 30.00 30.03 30.05 29.13 30.04 30.06 30.06 30.07 29.64 29.59 29.80 30.07 30.08 30.08
29.97 29.96 29.94 29.93 29.92 29.91 29.89 29.88 29.87 29.86 29.84 29.83 29.80 29.80 29.79 29.79 29.77 29.75 29.80 28.48 28.35 26.94 28.53 28.06 27.00 26.10 27.42 27.98 29.58 30.00 30.02 29.70 29.84 30.00 30.00 30.03 30.04 30.05 30.05 30.05 30.05 30.06 30.06 30.07 30.08 30.06 29.56 30.07 30.07 30.07
29.95 29.94 29.92 29.90 29.89 29.87 29.86 29.85 29.85 29.86 29.00 28.11 27.84 27.75 28.19 28.17 27.29 28.10 28.16 27.36 27.55 26.83 27.48 26.12 26.51 25.39 26.57 27.60 29.27 30.00 30.02 30.02 30.03 30.03 30.04 30.04 30.05 30.05 30.05 30.05 30.05 30.06 30.07 30.07 30.07 30.07 30.07 30.07 30.07 30.07
29.94 29.92 29.90 29.88 29.85 29.83 29.83 29.82 28.97 28.89 27.97 27.26 26.45 27.06 27.23 26.74 26.24 27.25 27.74 26.69 26.49 27.18 26.29 26.35 27.81 26.77 28.34 29.84 30.00 30.02 30.03 30.03 30.03 30.04 30.04 30.05 30.05 30.05 30.05 30.05 30.05 30.06 30.07 30.07 30.07 30.07 30.07 30.07 30.07 30.07
29.94 29.92 29.89 29.86 29.83 29.81 29.81 28.98 28.42 27.24 27.81 27.01 26.50 26.38 26.48 25.96 26.27 26.37 27.01 26.32 27.68 27.82 27.36 27.74 28.69 28.75 29.85 29.99 30.02 30.04 30.04 30.04 30.04 30.04 30.05 30.05 30.06 30.06 30.05 30.05 30.06 30.06 30.07 30.07 30.07 30.07 30.07 30.07 30.07 30.07
29.93 29.91 29.89 29.86 29.83 29.81 28.95 28.48 27.38 26.81 26.43 26.55 26.53 26.34 26.64 26.07 25.77 26.32 27.15 26.49 28.18 27.41 28.38 29.92 30.00 29.94 30.00 30.02 30.03 30.04 30.05 30.05 30.05 30.05 30.05 30.06 30.06 30.06 30.06 30.06 30.06 30.06 30.06 30.06 30.06 30.06 30.06 30.06 30.06 30.06
29.93 29.92 29.90 29.87 29.85 29.79 28.24 28.35 27.50 27.21 27.80 27.31 27.73 27.02 27.30 26.80 26.49 26.76 27.40 27.80 28.44 29.86 28.54 29.91 30.01 30.02 30.03 30.04 30.04 30.05 30.05 30.05 30.05 30.05 30.06 30.07 30.07 30.07 30.07 30.07 30.06 30.06 30.06 30.07 30.07 30.07 30.06 30.06 30.06 30.06
29.93 29.93 29.91 29.89 29.87 29.85 29.84 29.82 29.74 29.05 29.70 28.12 28.40 27.81 28.37 27.38 27.94 27.30 27.78 28.22 28.54 29.94 28.65 30.16 29.97 30.03 30.04 30.04 30.05 30.05 30.05 30.06 30.06 30.06 30.06 30.07 30.07 30.08 30.07 30.07 30.07 30.07 30.06 30.07 30.07 30.07 30.06 30.06 30.06 30.06
29.94 29.93 29.92 29.91 29.89 29.88 29.87 29.86 29.83 29.80 29.78 29.75 29.72 28.51 28.39 28.15 28.28 27.71 28.07 27.97 28.58 28.61 29.85 29.97 30.03 30.04 30.05 30.05 30.05 30.05 30.05 30.06 30.06 30.06 30.06 30.07 30.08 30.08 30.08 30.08 30.07 30.07 30.07 30.07 30.07 30.07 30.06 30.06 30.06 30.06
29.95 29.94 29.93 29.92 29.91 29.91 29.90 29.89 29.87 29.85 29.82 29.79 29.75 28.77 28.50 28.37 28.35 27.76 28.03 28.31 28.61 28.66 29.87 30.02 30.04 30.04 30.05 30.06 30.05 30.05 30.06 30.06 30.06 30.06 30.06 30.07 30.07 30.08 30.08 30.08 30.08 30.08 30.07 30.07 30.07 30.07 30.07 30.06 30.06 30.06
29.95 29.95 29.95 29.94 29.93 29.93 29.92 29.91 29.89 29.88 29.85 29.83 29.79 29.04 28.80 28.62 28.39 28.18 28.22 28.48 28.78 29.84 30.01 30.02 30.04 30.05 30.05 30.06 30.06 30.06 30.07 30.07 30.06 30.06 30.06 30.07 30.07 30.07 30.08 30.08 30.08 30.08 30.08 30.07 30.07 30.07 30.07 30.07 30.06 30.06
29.97 29.97 29.96 29.96 29.95 29.95 29.94 29.93 29.92 29.91 29.89 29.87 29.87 29.86 29.10 28.86 28.18 28.40 28.78 28.75 29.79 30.00 30.01 30.02 30.04 30.05 30.06 30.06 30.07 30.07 30.08 30.07 30.07 30.06 30.06 30.06 30.07 30.07 30.08 30.08 30.08 30.08 30.08 30.07 30.07 30.06 30.07 30.07 30.07 30.06
29.99 29.99 29.98 29.97 29.97 29.96 29.96 29.95 29.94 29.93 29.92 29.92 29.91 29.92 29.93 29.95 29.96 29.73 29.96 29.99 30.01 30.01 30.02 30.03 30.04 30.05 30.06 30.06 30.07 30.08 30.08 30.08 30.07 30.07 30.07 30.06 30.07 30.07 30.08 30.08 30.08 30.08 30.08 30.07 30.07 30.06 30.06 30.07 30.06 30.06
30.00 30.00 29.99 29.99 29.98 29.98 29.97 29.97 29.96 29.95 29.95 29.95 29.95 29.96 29.97 29.98 29.99 29.76 29.99 30.00 30.01 30.02 30.03 30.03 30.04 30.05 30.06 30.07 30.07 30.08 30.08 30.08 30.07 30.07 30.07 30.07 30.07 30.07 30.08 30.08 30.09 30.09 30.09 30.08 30.07 30.07 30.07 30.07 30.07 30.07
30.01 30.01 30.01 30.00 29.99 29.99 29.99 29.98 29.98 29.97 29.97 29.97 29.98 29.98 29.99 29.99 30.00 30.01 30.01 30.01 30.02 30.03 30.03 30.04 30.05 30.05 30.06 30.06 30.07 30.07 30.07 30.07 30.07 30.07 30.07 30.07 30.07 30.07 30.08 30.08 30.08 30.09 30.09 30.09 30.08 30.07 30.07 30.07 30.07 30.07
30.02 30.02 30.02 30.02 30.01 30.00 30.00 30.00 30.00 30.00 29.99 29.99 30.00 30.00 30.00 30.01 30.01 30.02 30.02 30.02 30.02 30.03 30.04 30.05 30.06 30.06 30.06 30.06 30.06 30.07 30.07 30.07 30.07 30.07 30.07 30.07 30.07 30.07 30.08 30.08 30.08 30.09 30.09 30.09 30.08 30.08 30.07 30.07 30.07 30.07
30.03 30.03 30.03 30.03 30.02 30.02 30.02 30.02 30.02 30.02 30.01 30.01 30.02 30.01 30.01 30.02 30.02 30.02 30.03 30.03 30.03 30.04 30.05 30.06 30.06 30.06 30.06 30.05 30.06 30.06 30.06 30.07 30.07 30.07 30.07 30.07 30.07 30.07 30.08 30.08 30.08 30.08 30.09 30.09 30.08 30.08 30.08 30.07 30.07 30.07
30.03 30.03 30.04 30.04 30.04 30.04 30.03 30.03 30.03 30.03 30.02 30.02 30.03 30.03 30.03 30.03 30.03 30.03 30.04 30.04 30.04 30.04 30.05 30.05 30.06 30.06 30.05 30.05 30.05 30.06 30.06 30.06 30.06 30.07 30.07 30.07 30.07 30.08 30.08 30.08 30.08 30.09 30.09 30.09 30.08 30.08 30.08 30.08 30.07 30.06
