Raw_GIS_Data/Climate_scenarios/ProcessedData/month_10_maxTemp_present.asc
NCOLS 50
NROWS 26
XLLCENTER 512998.000000
YLLCENTER 8407694.000000
CELLSIZE 800.000000
NODATA_value -999.000000
27.66 27.66 27.66 27.66 27.66 27.66 27.66 27.66 27.66 27.66 27.66 27.66 27.67 27.67 27.68 27.69 27.69 27.70 27.71 27.72 27.72 27.72 27.71 27.71 27.70 27.69 27.69 27.68 27.67 27.67 27.66 27.66 27.65 27.64 27.64 27.63 27.62 27.61 27.60 27.59 27.58 27.58 27.57 27.57 27.57 27.57 27.57 27.57 27.57 27.57
27.67 27.67 27.67 27.67 27.67 27.67 27.67 27.67 27.66 27.67 27.67 27.67 27.67 27.67 27.68 27.69 27.70 27.71 27.72 27.74 27.75 27.76 27.76 27.76 27.75 27.75 27.73 27.72 27.70 27.70 27.70 27.69 27.68 27.67 27.67 27.66 27.65 27.64 27.64 27.62 27.61 27.59 27.58 27.57 27.57 27.57 27.57 27.57 27.57 27.57
27.68 27.68 27.68 27.68 27.68 27.68 27.68 27.68 27.67 27.67 27.68 27.68 27.68 27.68 27.68 27.69 27.69 27.71 27.72 27.74 27.77 27.79 27.81 27.83 27.84 27.84 27.83 27.81 27.76 27.74 27.75 27.75 27.74 27.72 27.72 27.71 27.70 27.69 27.69 27.69 27.68 27.66 27.63 27.58 27.57 27.57 27.57 27.57 27.57 27.57
27.70 27.70 27.70 27.70 27.70 27.69 27.69 27.69 27.69 27.69 27.69 27.69 27.69 27.69 27.69 27.70 27.70 27.71 27.73 27.75 27.77 27.81 27.85 27.90 27.95 28.00 28.07 29.83 28.79 27.78 27.83 27.82 27.86 27.83 27.80 27.79 27.79 27.76 27.77 27.78 27.81 27.85 29.50 29.28 27.51 27.57 27.57 27.57 27.57 27.57
27.71 27.71 27.71 27.71 27.71 27.72 27.72 27.72 27.71 27.71 27.71 27.71 27.71 27.72 27.72 27.72 27.72 27.73 27.74 27.76 27.79 27.83 27.89 27.97 28.09 29.82 29.43 28.93 28.35 29.49 27.51 27.74 29.76 29.42 27.35 27.78 29.79 27.85 27.87 27.88 27.94 29.67 29.00 28.63 27.50 27.57 27.56 27.57 27.56 27.56
27.72 27.73 27.73 27.73 27.74 27.74 27.74 27.74 27.74 27.74 27.74 27.74 27.74 27.75 27.75 27.76 27.76 27.77 27.78 27.80 27.83 27.86 27.92 28.03 29.70 28.19 27.32 26.58 26.91 27.11 26.26 26.16 29.55 27.38 29.61 28.28 28.13 28.78 28.83 28.35 28.63 29.69 27.94 27.75 27.15 27.57 27.56 27.56 27.56 27.56
27.74 27.75 27.75 27.76 27.76 27.77 27.77 27.78 27.78 27.78 27.78 27.77 27.77 27.78 27.79 27.80 27.81 27.82 27.84 27.86 27.90 27.95 28.03 29.68 27.61 27.76 26.83 26.54 27.73 28.93 28.86 28.49 28.31 27.16 27.37 26.67 28.46 29.60 29.12 27.33 28.57 29.11 28.17 28.38 27.49 27.57 27.56 27.56 27.56 27.56
27.76 27.77 27.78 27.80 27.80 27.81 27.81 27.82 27.82 27.82 27.82 27.82 27.82 27.83 27.84 27.85 27.87 27.89 27.92 27.95 28.00 28.10 29.78 28.38 27.76 29.19 27.82 27.85 27.92 28.09 29.80 27.34 25.56 27.03 26.45 26.91 27.85 27.93 29.72 29.45 27.58 27.53 27.43 27.66 27.62 27.58 27.55 27.56 27.55 27.55
27.78 27.80 27.82 27.84 27.85 27.87 27.88 27.89 27.89 27.90 27.90 27.89 27.89 27.90 27.90 27.92 27.95 27.99 28.03 28.05 28.07 28.16 29.70 27.32 28.83 28.43 28.22 28.36 27.75 27.91 29.63 27.48 29.03 27.43 27.66 27.64 27.69 27.70 27.71 26.79 27.65 27.65 27.68 27.74 29.54 29.28 27.27 27.56 27.55 27.55
27.81 27.84 27.87 27.90 27.93 27.96 27.98 28.00 28.02 28.03 28.04 28.03 28.02 28.02 28.01 28.01 28.03 28.08 28.19 29.79 29.28 27.18 29.60 28.90 27.00 25.66 27.92 28.45 27.29 27.71 27.74 27.42 27.55 27.67 27.65 27.64 27.64 27.63 27.63 27.62 27.61 27.60 27.60 27.60 27.61 27.55 27.05 27.55 27.55 27.55
27.83 27.87 27.91 27.96 28.01 28.07 28.12 28.17 28.23 28.32 30.12 29.05 28.71 28.74 29.57 29.18 27.80 29.27 29.64 28.19 28.31 27.23 28.01 25.72 26.16 24.03 26.37 27.72 26.97 27.67 27.67 27.66 27.65 27.64 27.62 27.61 27.61 27.61 27.61 27.60 27.59 27.59 27.58 27.58 27.57 27.56 27.55 27.55 27.55 27.55
27.81 27.87 27.93 27.99 28.07 28.16 28.25 28.36 30.18 30.14 28.87 27.74 26.65 27.71 27.97 26.92 26.25 28.03 28.82 26.94 26.66 27.75 25.99 26.04 28.16 26.11 26.08 27.57 27.65 27.64 27.63 27.63 27.62 27.61 27.60 27.60 27.59 27.59 27.59 27.58 27.58 27.57 27.57 27.56 27.56 27.55 27.55 27.55 27.55 27.55
27.76 27.81 27.88 27.96 28.06 28.18 28.33 30.16 29.60 27.91 28.74 27.45 26.59 26.46 26.56 25.71 26.29 26.52 27.35 26.21 28.40 28.46 27.48 28.11 29.15 26.43 27.52 27.64 27.62 27.62 27.61 27.60 27.60 27.60 27.59 27.59 27.58 27.58 27.58 27.58 27.57 27.57 27.56 27.56 27.55 27.55 27.55 27.54 27.54 27.54
27.68 27.72 27.78 27.86 27.98 28.15 30.00 29.57 28.15 27.40 26.71 26.89 26.72 26.40 26.90 25.81 25.29 26.42 27.58 26.29 28.98 27.39 28.79 27.64 27.66 27.57 27.62 27.62 27.61 27.60 27.59 27.59 27.59 27.59 27.58 27.58 27.58 27.57 27.57 27.57 27.57 27.56 27.56 27.55 27.55 27.54 27.54 27.54 27.54 27.54
27.64 27.66 27.69 27.74 27.83 27.95 28.98 29.34 28.20 27.93 29.01 28.22 28.67 27.38 27.87 27.04 26.51 27.04 28.06 28.46 29.13 29.52 28.88 27.55 27.62 27.61 27.61 27.60 27.59 27.59 27.58 27.58 27.58 27.58 27.57 27.57 27.57 27.56 27.56 27.56 27.56 27.56 27.56 27.55 27.55 27.54 27.54 27.54 27.54 27.54
27.61 27.62 27.65 27.69 27.74 27.83 27.92 27.98 27.97 27.42 28.19 29.26 29.57 28.64 29.37 27.78 28.82 27.73 28.53 29.08 29.21 29.59 28.99 29.54 27.54 27.60 27.59 27.59 27.58 27.58 27.57 27.57 27.57 27.57 27.57 27.56 27.56 27.56 27.56 27.56 27.56 27.56 27.55 27.55 27.55 27.54 27.54 27.54 27.54 27.54
27.58 27.61 27.63 27.67 27.73 27.80 27.86 27.90 27.95 28.00 28.06 28.14 28.21 29.60 29.30 28.91 29.15 28.31 28.87 28.70 29.15 28.88 27.49 27.57 27.59 27.59 27.58 27.58 27.58 27.57 27.57 27.57 27.56 27.56 27.56 27.56 27.56 27.56 27.55 27.55 27.55 27.55 27.55 27.55 27.54 27.54 27.54 27.54 27.54 27.54
27.57 27.58 27.61 27.65 27.70 27.74 27.78 27.82 27.87 27.93 27.99 28.08 28.17 29.71 29.31 29.17 29.11 28.23 28.70 29.03 29.13 28.80 27.47 27.61 27.59 27.58 27.57 27.57 27.57 27.57 27.56 27.56 27.56 27.56 27.56 27.55 27.55 27.55 27.55 27.55 27.55 27.55 27.55 27.54 27.54 27.54 27.54 27.54 27.54 27.54
27.55 27.57 27.59 27.63 27.66 27.69 27.71 27.74 27.77 27.82 27.88 27.96 28.07 29.75 29.47 29.30 29.03 28.68 28.68 28.90 29.04 27.47 27.60 27.59 27.58 27.57 27.57 27.56 27.56 27.56 27.56 27.56 27.56 27.55 27.55 27.55 27.55 27.55 27.55 27.55 27.55 27.55 27.54 27.54 27.54 27.54 27.54 27.54 27.53 27.53
27.54 27.56 27.58 27.60 27.62 27.64 27.65 27.66 27.68 27.70 27.73 27.78 27.85 27.96 29.48 29.25 28.45 28.72 29.15 28.83 27.43 27.60 27.59 27.58 27.57 27.57 27.56 27.56 27.55 27.55 27.55 27.55 27.55 27.55 27.55 27.55 27.55 27.55 27.55 27.55 27.55 27.54 27.54 27.54 27.54 27.53 27.53 27.53 27.53 27.53
27.53 27.55 27.56 27.57 27.59 27.60 27.60 27.61 27.62 27.63 27.64 27.65 27.66 27.68 27.70 27.69 27.68 27.43 27.63 27.62 27.59 27.59 27.58 27.57 27.57 27.56 27.56 27.55 27.55 27.55 27.55 27.55 27.55 27.55 27.55 27.54 27.54 27.54 27.54 27.54 27.54 27.54 27.54 27.54 27.53 27.53 27.53 27.53 27.53 27.53
27.53 27.54 27.54 27.55 27.56 27.57 27.57 27.58 27.59 27.59 27.60 27.60 27.62 27.62 27.63 27.63 27.62 27.38 27.60 27.59 27.58 27.58 27.57 27.57 27.56 27.55 27.55 27.55 27.55 27.55 27.55 27.54 27.54 27.54 27.54 27.54 27.54 27.54 27.54 27.54 27.54 27.54 27.54 27.53 27.53 27.53 27.53 27.53 27.53 27.53
27.52 27.52 27.53 27.54 27.54 27.55 27.55 27.56 27.56 27.57 27.58 27.58 27.59 27.60 27.59 27.59 27.59 27.58 27.58 27.58 27.58 27.57 27.57 27.56 27.55 27.55 27.55 27.54 27.54 27.54 27.54 27.54 27.54 27.54 27.54 27.54 27.54 27.54 27.54 27.54 27.54 27.53 27.53 27.53 27.53 27.53 27.53 27.53 27.53 27.53
27.51 27.51 27.52 27.53 27.53 27.54 27.54 27.55 27.55 27.56 27.56 27.57 27.58 27.58 27.57 27.57 27.57 27.57 27.57 27.57 27.57 27.56 27.56 27.55 27.55 27.54 27.54 27.54 27.54 27.54 27.54 27.54 27.54 27.54 27.54 27.54 27.54 27.54 27.54 27.53 27.53 27.53 27.53 27.53 27.52 27.53 27.52 27.52 27.52 27.52
27.50 27.51 27.51 27.52 27.53 27.53 27.54 27.54 27.54 27.55 27.56 27.56 27.56 27.56 27.56 27.56 27.56 27.56 27.56 27.56 27.56 27.56 27.55 27.55 27.54 27.54 27.54 27.54 27.53 27.53 27.53 27.53 27.53 27.53 27.53 27.53 27.53 27.53 27.53 27.53 27.53 27.53 27.53 27.52 27.52 27.52 27.52 27.52 27.52 27.52
27.50 27.51 27.51 27.52 27.52 27.53 27.53 27.53 27.54 27.54 27.55 27.55 27.55 27.55 27.55 27.55 27.55 27.55 27.55 27.55 27.55 27.55 27.55 27.54 27.54 27.53 27.53 27.53 27.53 27.53 27.53 27.53 27.53 27.53 27.53 27.53 27.53 27.53 27.53 27.53 27.53 27.53 27.52 27.52 27.52 27.52 27.52 27.52 27.52 27.52
