Raw_GIS_Data/Climate_scenarios/ProcessedData/month_10_minTemp_present.asc
NCOLS 50
NROWS 26
XLLCENTER 512998.000000
YLLCENTER 8407694.000000
CELLSIZE 800.000000
NODATA_value -999.000000
26.34 26.34 26.34 26.34 26.34 26.34 26.34 26.33 26.32 26.32 26.32 26.31 26.31 26.31 26.31 26.31 26.30 26.30 26.30 26.30 26.30 26.29 26.29 26.29 26.28 26.28 26.28 26.28 26.28 26.29 26.30 26.30 26.31 26.32 26.33 26.34 26.34 26.34 26.34 26.35 26.35 26.36 26.36 26.36 26.36 26.37 26.37 26.37 26.37 26.37
26.33 26.33 26.33 26.34 26.34 26.34 26.33 26.33 26.32 26.32 26.31 26.31 26.30 26.30 26.30 26.29 26.30 26.29 26.29 26.28 26.27 26.27 26.27 26.26 26.26 26.25 26.25 26.25 26.24 26.25 26.26 26.28 26.29 26.29 26.31 26.32 26.33 26.33 26.33 26.34 26.34 26.35 26.36 26.36 26.36 26.37 26.37 26.37 26.37 26.37
26.33 26.33 26.33 26.33 26.33 26.33 26.33 26.32 26.31 26.31 26.31 26.31 26.29 26.28 26.28 26.28 26.28 26.28 26.27 26.26 26.25 26.25 26.25 26.24 26.23 26.23 26.21 26.21 26.21 26.20 26.20 26.23 26.26 26.26 26.26 26.29 26.30 26.31 26.32 26.32 26.33 26.34 26.35 26.36 26.37 26.37 26.36 26.37 26.37 26.37
26.33 26.32 26.32 26.32 26.32 26.32 26.32 26.31 26.31 26.31 26.30 26.30 26.29 26.28 26.27 26.27 26.26 26.26 26.25 26.24 26.23 26.23 26.22 26.22 26.21 26.19 26.18 25.23 24.58 26.13 26.15 26.13 26.19 26.22 26.23 26.22 26.26 26.28 26.29 26.29 26.30 26.30 25.43 25.52 26.32 26.37 26.37 26.37 26.37 26.37
26.32 26.31 26.31 26.31 26.31 26.30 26.30 26.30 26.30 26.30 26.29 26.28 26.28 26.27 26.26 26.25 26.24 26.24 26.23 26.22 26.20 26.20 26.19 26.19 26.19 25.22 24.81 24.45 23.97 24.74 23.50 25.87 24.56 24.67 23.47 25.99 25.11 26.26 26.26 26.25 26.26 25.28 24.95 24.90 26.30 26.36 26.37 26.37 26.37 26.37
26.30 26.30 26.29 26.29 26.29 26.29 26.29 26.29 26.28 26.27 26.27 26.26 26.26 26.25 26.25 26.24 26.23 26.22 26.21 26.20 26.18 26.17 26.15 26.16 25.14 23.92 23.38 22.78 22.89 22.94 22.61 22.53 24.28 23.31 24.67 23.83 23.77 24.18 24.25 24.11 24.29 25.07 24.12 24.17 25.94 26.36 26.36 26.37 26.37 26.37
26.28 26.28 26.27 26.27 26.27 26.27 26.26 26.26 26.25 26.25 26.24 26.24 26.23 26.23 26.23 26.22 26.21 26.20 26.19 26.18 26.16 26.14 26.11 25.19 23.68 23.65 23.09 22.79 25.78 24.01 24.29 24.03 24.02 23.30 23.43 23.00 24.03 24.77 24.64 23.56 24.42 24.93 24.42 24.80 26.27 26.37 26.37 26.36 26.36 26.36
26.26 26.26 26.25 26.25 26.25 26.24 26.23 26.23 26.22 26.21 26.21 26.20 26.20 26.19 26.19 26.19 26.18 26.18 26.17 26.16 26.14 26.11 25.10 24.15 23.64 24.57 26.16 26.19 26.20 26.19 24.97 23.60 22.48 23.33 23.09 25.34 26.23 26.28 25.49 25.42 24.12 26.19 26.08 26.35 26.36 26.37 26.36 26.36 26.36 26.36
26.24 26.24 26.23 26.23 26.22 26.21 26.20 26.19 26.19 26.18 26.17 26.16 26.15 26.14 26.14 26.13 26.12 26.14 26.15 26.15 26.16 26.13 24.96 23.30 24.36 24.07 24.03 24.21 26.25 26.27 25.37 23.85 24.98 23.97 26.24 26.23 26.31 26.33 26.35 25.43 26.33 26.35 26.36 26.36 25.89 25.85 26.10 26.36 26.36 26.36
26.23 26.22 26.21 26.20 26.19 26.17 26.16 26.16 26.16 26.15 26.14 26.14 26.11 26.10 26.09 26.09 26.06 26.05 26.09 24.71 24.61 23.20 24.78 24.27 23.23 22.31 23.67 24.26 25.89 26.29 26.31 25.99 26.14 26.30 26.31 26.33 26.33 26.34 26.35 26.35 26.34 26.35 26.36 26.36 26.37 26.35 25.85 26.36 26.36 26.36
26.22 26.21 26.19 26.17 26.16 26.14 26.12 26.12 26.12 26.13 25.15 24.36 24.08 23.99 24.37 24.31 23.45 24.26 24.33 23.60 23.80 23.10 23.76 22.37 22.76 21.63 22.83 23.90 25.57 26.29 26.31 26.31 26.32 26.33 26.34 26.34 26.34 26.35 26.35 26.35 26.35 26.36 26.36 26.37 26.37 26.37 26.36 26.36 26.36 26.36
26.21 26.19 26.17 26.15 26.12 26.10 26.08 26.07 25.08 25.02 24.16 23.47 22.66 23.28 23.42 22.92 22.42 23.40 23.92 22.90 22.70 23.44 22.55 22.61 24.11 23.06 24.63 26.15 26.29 26.30 26.31 26.32 26.33 26.34 26.34 26.35 26.35 26.35 26.35 26.35 26.35 26.36 26.36 26.37 26.37 26.36 26.36 26.36 26.36 26.36
26.21 26.19 26.17 26.13 26.10 26.07 26.06 25.01 24.61 23.49 23.99 23.18 22.69 22.58 22.69 22.15 22.48 22.57 23.20 22.53 23.87 24.06 23.59 24.08 25.08 25.05 26.15 26.29 26.30 26.31 26.31 26.32 26.33 26.34 26.34 26.34 26.35 26.35 26.35 26.35 26.35 26.36 26.36 26.36 26.36 26.36 26.36 26.36 26.36 26.36
26.22 26.20 26.18 26.15 26.11 26.08 25.08 24.62 23.63 23.07 22.66 22.79 22.74 22.54 22.87 22.29 22.00 22.55 23.37 22.74 24.43 23.68 24.65 26.22 26.30 26.24 26.30 26.31 26.31 26.32 26.32 26.33 26.33 26.34 26.34 26.35 26.35 26.35 26.36 26.35 26.35 26.36 26.36 26.36 26.36 26.36 26.36 26.36 26.36 26.36
26.23 26.22 26.20 26.18 26.15 26.08 24.48 24.58 23.76 23.49 24.10 23.64 24.01 23.26 23.54 23.04 22.72 23.03 23.69 24.06 24.66 26.08 24.84 26.20 26.30 26.31 26.32 26.32 26.33 26.33 26.34 26.34 26.34 26.34 26.35 26.35 26.35 26.35 26.36 26.35 26.35 26.35 26.35 26.35 26.35 26.35 26.35 26.36 26.36 26.36
26.24 26.23 26.22 26.20 26.18 26.15 26.12 26.10 26.01 25.32 25.96 24.47 24.73 24.11 24.62 23.64 24.22 23.61 24.11 24.53 24.80 26.15 24.95 26.37 26.25 26.31 26.32 26.33 26.34 26.35 26.35 26.35 26.34 26.35 26.35 26.35 26.35 26.35 26.35 26.35 26.35 26.35 26.35 26.35 26.35 26.35 26.36 26.36 26.36 26.35
26.25 26.24 26.23 26.21 26.20 26.19 26.17 26.15 26.13 26.10 26.07 26.03 26.00 24.77 24.65 24.41 24.54 24.00 24.40 24.26 24.90 24.90 26.13 26.24 26.30 26.32 26.33 26.34 26.35 26.36 26.35 26.35 26.35 26.35 26.35 26.35 26.35 26.35 26.36 26.35 26.35 26.35 26.35 26.35 26.35 26.35 26.35 26.36 26.36 26.35
26.25 26.24 26.24 26.23 26.21 26.20 26.20 26.18 26.17 26.15 26.12 26.08 26.03 24.98 24.74 24.63 24.60 24.01 24.33 24.67 24.98 24.98 26.15 26.30 26.31 26.32 26.33 26.35 26.36 26.36 26.36 26.36 26.36 26.36 26.36 26.35 26.35 26.35 26.35 26.35 26.35 26.35 26.35 26.34 26.35 26.35 26.35 26.35 26.35 26.35
26.26 26.25 26.25 26.24 26.23 26.22 26.22 26.21 26.19 26.17 26.15 26.12 26.08 25.23 25.01 24.86 24.62 24.40 24.44 24.74 25.09 26.12 26.29 26.31 26.32 26.33 26.34 26.35 26.36 26.36 26.36 26.36 26.36 26.36 26.35 26.35 26.35 26.35 26.35 26.35 26.35 26.35 26.35 26.35 26.35 26.35 26.35 26.35 26.35 26.35
26.26 26.26 26.25 26.25 26.25 26.24 26.23 26.23 26.21 26.20 26.20 26.18 26.17 26.16 25.29 25.08 24.39 24.58 24.93 24.95 26.07 26.28 26.30 26.31 26.33 26.34 26.34 26.35 26.36 26.36 26.37 26.36 26.36 26.35 26.35 26.34 26.34 26.34 26.34 26.34 26.34 26.35 26.35 26.35 26.35 26.36 26.35 26.35 26.35 26.35
26.27 26.27 26.26 26.26 26.26 26.25 26.25 26.24 26.23 26.23 26.23 26.22 26.22 26.22 26.22 26.23 26.24 26.01 26.24 26.26 26.27 26.29 26.30 26.32 26.33 26.34 26.34 26.35 26.36 26.36 26.36 26.36 26.35 26.35 26.35 26.34 26.34 26.34 26.34 26.34 26.34 26.35 26.35 26.35 26.35 26.35 26.35 26.35 26.35 26.35
26.28 26.28 26.27 26.27 26.27 26.26 26.26 26.26 26.25 26.26 26.26 26.25 26.24 26.25 26.25 26.26 26.27 26.04 26.27 26.28 26.29 26.30 26.31 26.32 26.33 26.34 26.34 26.35 26.36 26.36 26.36 26.36 26.35 26.35 26.34 26.34 26.34 26.34 26.34 26.34 26.34 26.34 26.34 26.34 26.35 26.35 26.35 26.35 26.35 26.35
26.28 26.28 26.28 26.28 26.27 26.27 26.26 26.27 26.27 26.27 26.27 26.26 26.26 26.26 26.26 26.27 26.27 26.28 26.28 26.29 26.30 26.30 26.31 26.32 26.33 26.33 26.34 26.35 26.35 26.35 26.35 26.35 26.35 26.34 26.34 26.34 26.34 26.34 26.34 26.34 26.34 26.34 26.34 26.34 26.35 26.35 26.35 26.35 26.35 26.34
26.28 26.28 26.29 26.29 26.28 26.27 26.27 26.27 26.27 26.27 26.27 26.27 26.27 26.26 26.27 26.27 26.28 26.29 26.29 26.30 26.31 26.31 26.31 26.32 26.32 26.33 26.33 26.34 26.34 26.34 26.34 26.34 26.34 26.34 26.34 26.34 26.34 26.34 26.34 26.34 26.34 26.34 26.35 26.35 26.35 26.35 26.35 26.35 26.34 26.34
26.29 26.29 26.29 26.29 26.28 26.28 26.28 26.29 26.29 26.28 26.28 26.28 26.27 26.27 26.27 26.28 26.28 26.29 26.30 26.31 26.31 26.31 26.32 26.32 26.32 26.33 26.33 26.33 26.34 26.34 26.34 26.34 26.34 26.34 26.34 26.34 26.33 26.34 26.34 26.34 26.34 26.34 26.35 26.35 26.35 26.35 26.35 26.35 26.34 26.34
26.29 26.29 26.29 26.29 26.29 26.29 26.29 26.30 26.30 26.29 26.28 26.28 26.28 26.27 26.28 26.28 26.29 26.30 26.31 26.32 26.32 26.32 26.33 26.33 26.32 26.33 26.33 26.33 26.34 26.34 26.34 26.34 26.34 26.34 26.33 26.33 26.33 26.33 26.33 26.33 26.34 26.34 26.34 26.35 26.35 26.35 26.35 26.35 26.34 26.34
