Raw_GIS_Data/Climate_scenarios/ProcessedData/month_3_minTemp_rcp45.asc
NCOLS 50
NROWS 26
XLLCENTER 512998.000000
YLLCENTER 8407694.000000
CELLSIZE 800.000000
NODATA_value -999.000000
28.85 28.85 28.85 28.85 28.85 28.85 28.85 28.84 28.84 28.83 28.84 28.84 28.83 28.82 28.83 28.83 28.83 28.83 28.83 28.82 28.82 28.81 28.81 28.81 28.81 28.81 28.81 28.81 28.80 28.80 28.81 28.81 28.81 28.82 28.82 28.83 28.83 28.84 28.83 28.84 28.84 28.84 28.84 28.84 28.85 28.85 28.85 28.85 28.85 28.85
28.84 28.84 28.84 28.84 28.84 28.84 28.84 28.83 28.83 28.83 28.83 28.83 28.82 28.82 28.82 28.82 28.82 28.82 28.81 28.81 28.80 28.80 28.79 28.79 28.79 28.78 28.78 28.77 28.77 28.78 28.79 28.80 28.80 28.81 28.81 28.82 28.83 28.83 28.83 28.83 28.83 28.84 28.84 28.84 28.84 28.85 28.85 28.85 28.85 28.86
28.83 28.83 28.83 28.84 28.84 28.83 28.83 28.82 28.82 28.82 28.82 28.82 28.82 28.81 28.81 28.81 28.80 28.80 28.79 28.78 28.78 28.78 28.78 28.78 28.77 28.75 28.75 28.74 28.74 28.74 28.74 28.76 28.78 28.78 28.79 28.81 28.82 28.83 28.82 28.82 28.82 28.82 28.83 28.83 28.84 28.84 28.85 28.84 28.85 28.85
28.82 28.82 28.82 28.83 28.83 28.83 28.82 28.81 28.81 28.81 28.81 28.81 28.80 28.80 28.79 28.79 28.79 28.78 28.77 28.76 28.76 28.76 28.76 28.76 28.74 28.72 28.71 27.50 26.81 28.66 28.68 28.68 28.72 28.74 28.76 28.76 28.79 28.81 28.80 28.80 28.80 28.80 27.62 27.69 28.79 28.84 28.84 28.84 28.85 28.85
28.81 28.81 28.81 28.82 28.82 28.81 28.81 28.80 28.80 28.80 28.80 28.79 28.79 28.79 28.78 28.77 28.77 28.76 28.75 28.74 28.74 28.73 28.73 28.73 28.71 27.75 27.20 26.66 26.19 26.88 25.76 28.42 26.91 26.87 25.78 28.54 27.16 28.78 28.77 28.76 28.76 27.48 27.15 27.12 28.78 28.84 28.84 28.84 28.85 28.85
28.80 28.80 28.80 28.80 28.80 28.80 28.79 28.79 28.78 28.78 28.78 28.77 28.77 28.76 28.76 28.75 28.74 28.74 28.73 28.72 28.71 28.70 28.69 28.68 27.65 26.36 25.73 25.12 25.21 25.23 24.99 24.87 26.66 25.59 26.79 25.94 25.93 26.27 26.37 26.35 26.48 27.21 26.40 26.45 28.41 28.84 28.84 28.85 28.86 28.86
28.79 28.79 28.79 28.79 28.79 28.78 28.78 28.77 28.76 28.76 28.75 28.75 28.74 28.74 28.73 28.72 28.72 28.71 28.70 28.69 28.68 28.66 28.63 27.65 26.12 26.07 25.50 25.15 28.35 26.31 26.52 26.29 26.31 25.63 25.68 25.30 26.24 26.90 26.75 25.88 26.61 27.03 26.69 27.10 28.75 28.84 28.85 28.85 28.86 28.86
28.78 28.77 28.77 28.77 28.76 28.76 28.75 28.74 28.73 28.72 28.71 28.71 28.70 28.70 28.69 28.68 28.68 28.68 28.68 28.66 28.64 28.61 27.48 26.52 26.02 26.81 28.64 28.68 28.69 28.68 27.13 25.89 24.90 25.69 25.43 27.86 28.72 28.75 27.58 27.58 26.39 28.68 28.57 28.84 28.85 28.85 28.85 28.85 28.86 28.86
28.76 28.76 28.75 28.75 28.74 28.73 28.72 28.71 28.70 28.69 28.67 28.65 28.64 28.64 28.64 28.62 28.61 28.63 28.64 28.63 28.63 28.60 27.24 25.60 26.52 26.21 26.22 26.38 28.72 28.73 27.48 26.20 27.38 26.34 28.75 28.71 28.79 28.81 28.82 27.89 28.83 28.85 28.85 28.86 28.36 28.31 28.57 28.85 28.85 28.86
28.75 28.74 28.74 28.73 28.72 28.70 28.69 28.68 28.67 28.66 28.64 28.62 28.60 28.59 28.58 28.57 28.56 28.55 28.59 26.96 26.82 25.51 26.89 26.38 25.44 24.63 25.94 26.45 28.36 28.77 28.77 28.47 28.62 28.79 28.80 28.82 28.83 28.84 28.84 28.85 28.85 28.86 28.86 28.86 28.86 28.84 28.33 28.85 28.86 28.86
28.73 28.72 28.72 28.70 28.69 28.67 28.65 28.64 28.64 28.64 27.51 26.50 26.25 26.16 26.52 26.47 25.74 26.53 26.56 25.78 25.96 25.30 25.86 24.65 25.02 24.00 25.20 26.12 28.04 28.78 28.80 28.80 28.82 28.83 28.84 28.84 28.84 28.84 28.85 28.85 28.86 28.86 28.86 28.86 28.86 28.86 28.86 28.86 28.86 28.86
28.72 28.70 28.69 28.68 28.66 28.64 28.62 28.61 27.65 27.48 26.49 25.76 24.98 25.45 25.56 25.18 24.78 25.69 26.21 25.22 25.05 25.65 24.87 24.96 26.28 25.38 27.19 28.66 28.79 28.81 28.81 28.82 28.84 28.85 28.85 28.85 28.84 28.85 28.85 28.86 28.86 28.86 28.86 28.86 28.86 28.86 28.86 28.86 28.86 28.86
28.70 28.69 28.67 28.66 28.64 28.62 28.60 27.69 27.07 25.83 26.30 25.56 25.06 24.88 24.98 24.50 24.82 24.92 25.58 24.94 26.20 26.27 25.87 26.20 27.07 27.56 28.70 28.80 28.82 28.82 28.83 28.84 28.85 28.85 28.85 28.85 28.84 28.85 28.86 28.86 28.86 28.86 28.86 28.86 28.86 28.86 28.86 28.85 28.86 28.86
28.70 28.69 28.67 28.66 28.63 28.61 27.67 27.15 26.05 25.47 25.08 25.18 25.13 24.91 25.20 24.64 24.36 24.90 25.72 25.09 26.65 25.91 26.71 28.70 28.79 28.75 28.83 28.83 28.83 28.84 28.84 28.84 28.85 28.85 28.85 28.85 28.85 28.85 28.86 28.86 28.87 28.86 28.86 28.87 28.86 28.86 28.85 28.86 28.86 28.86
28.71 28.70 28.68 28.66 28.64 28.59 26.93 26.97 26.16 25.85 26.42 25.94 26.30 25.61 25.86 25.38 25.09 25.34 25.92 26.27 26.85 28.67 26.86 28.67 28.79 28.82 28.83 28.84 28.84 28.84 28.85 28.85 28.85 28.85 28.85 28.85 28.85 28.86 28.86 28.86 28.86 28.87 28.87 28.87 28.86 28.86 28.86 28.86 28.86 28.86
28.71 28.71 28.69 28.67 28.66 28.64 28.63 28.62 28.55 27.86 28.54 26.73 26.96 26.41 26.90 25.98 26.47 25.86 26.25 26.58 26.88 28.75 26.99 28.96 28.75 28.81 28.83 28.84 28.84 28.84 28.85 28.85 28.86 28.85 28.85 28.85 28.85 28.85 28.86 28.86 28.87 28.87 28.87 28.87 28.86 28.86 28.86 28.86 28.87 28.86
28.72 28.71 28.71 28.70 28.68 28.66 28.65 28.64 28.63 28.61 28.58 28.56 28.54 27.09 26.94 26.70 26.80 26.23 26.47 26.29 26.88 26.90 28.61 28.74 28.80 28.82 28.83 28.84 28.84 28.84 28.85 28.86 28.86 28.86 28.85 28.85 28.85 28.85 28.86 28.86 28.86 28.86 28.87 28.87 28.86 28.86 28.86 28.86 28.87 28.87
28.73 28.72 28.72 28.71 28.70 28.69 28.67 28.67 28.65 28.63 28.61 28.58 28.54 27.35 27.04 26.88 26.85 26.24 26.39 26.62 26.89 26.95 28.63 28.80 28.81 28.82 28.83 28.84 28.84 28.85 28.85 28.86 28.86 28.85 28.85 28.85 28.85 28.85 28.86 28.86 28.86 28.86 28.86 28.86 28.86 28.86 28.86 28.86 28.87 28.86
28.73 28.73 28.73 28.73 28.72 28.71 28.70 28.69 28.68 28.66 28.64 28.61 28.57 27.63 27.34 27.12 26.89 26.61 26.54 26.77 27.06 28.60 28.79 28.80 28.81 28.82 28.83 28.84 28.85 28.85 28.85 28.86 28.86 28.85 28.85 28.85 28.85 28.85 28.86 28.86 28.86 28.86 28.86 28.86 28.86 28.86 28.86 28.86 28.86 28.86
28.74 28.73 28.73 28.73 28.73 28.73 28.72 28.71 28.71 28.69 28.67 28.66 28.64 28.61 27.66 27.38 26.69 26.81 27.02 27.03 28.54 28.77 28.79 28.81 28.82 28.82 28.83 28.84 28.85 28.85 28.86 28.86 28.86 28.85 28.85 28.85 28.85 28.85 28.86 28.86 28.86 28.86 28.86 28.85 28.85 28.85 28.85 28.86 28.86 28.85
28.75 28.74 28.74 28.74 28.74 28.74 28.74 28.74 28.73 28.73 28.71 28.70 28.70 28.69 28.69 28.70 28.71 28.47 28.71 28.74 28.76 28.78 28.80 28.81 28.82 28.83 28.84 28.84 28.85 28.86 28.86 28.86 28.86 28.86 28.85 28.85 28.85 28.85 28.86 28.86 28.86 28.86 28.85 28.85 28.85 28.85 28.85 28.85 28.85 28.85
28.76 28.76 28.76 28.75 28.75 28.75 28.75 28.76 28.76 28.75 28.75 28.75 28.74 28.74 28.75 28.75 28.74 28.51 28.75 28.77 28.78 28.79 28.80 28.82 28.83 28.84 28.84 28.85 28.85 28.86 28.86 28.86 28.86 28.86 28.86 28.86 28.85 28.85 28.85 28.86 28.86 28.86 28.85 28.85 28.85 28.85 28.85 28.85 28.85 28.85
28.77 28.77 28.77 28.77 28.77 28.77 28.77 28.77 28.77 28.78 28.78 28.78 28.78 28.78 28.77 28.77 28.77 28.77 28.78 28.79 28.80 28.81 28.81 28.82 28.83 28.84 28.85 28.85 28.86 28.86 28.86 28.86 28.86 28.86 28.86 28.86 28.85 28.86 28.86 28.86 28.86 28.86 28.85 28.85 28.86 28.85 28.85 28.85 28.85 28.85
28.78 28.79 28.78 28.78 28.78 28.79 28.79 28.79 28.79 28.80 28.80 28.80 28.80 28.80 28.79 28.79 28.79 28.80 28.80 28.81 28.81 28.82 28.82 28.83 28.84 28.84 28.85 28.86 28.86 28.87 28.87 28.86 28.86 28.85 28.86 28.86 28.86 28.86 28.86 28.86 28.86 28.86 28.85 28.86 28.86 28.86 28.86 28.86 28.85 28.86
28.80 28.80 28.80 28.80 28.80 28.80 28.80 28.80 28.81 28.81 28.81 28.82 28.81 28.81 28.81 28.81 28.81 28.82 28.82 28.83 28.83 28.83 28.84 28.84 28.84 28.85 28.86 28.87 28.87 28.87 28.87 28.87 28.86 28.86 28.85 28.85 28.86 28.86 28.87 28.87 28.86 28.86 28.86 28.86 28.86 28.86 28.86 28.86 28.86 28.86
28.81 28.81 28.81 28.81 28.81 28.81 28.81 28.82 28.82 28.83 28.83 28.83 28.83 28.82 28.82 28.82 28.83 28.83 28.84 28.84 28.84 28.84 28.84 28.85 28.85 28.86 28.86 28.87 28.87 28.87 28.88 28.87 28.87 28.86 28.86 28.86 28.86 28.87 28.87 28.87 28.86 28.86 28.86 28.87 28.87 28.87 28.87 28.87 28.87 28.87
