Raw_GIS_Data/Climate_scenarios/ProcessedData/month_5_rainfall_rcp45.asc
NCOLS 50
NROWS 26
XLLCENTER 512998.000000
YLLCENTER 8407694.000000
CELLSIZE 800.000000
NODATA_value -999.000000
10.05 10.09 10.17 10.24 10.32 10.38 10.51 10.70 10.87 10.96 11.02 11.12 11.27 11.45 11.67 11.82 11.91 12.03 12.15 12.27 12.40 12.55 12.68 12.68 12.62 12.63 12.65 12.65 12.68 12.71 12.62 12.48 12.43 12.51 12.61 12.78 13.08 13.36 13.42 13.34 13.23 13.18 13.22 13.33 13.39 13.26 13.01 12.86 12.85 12.82
 9.89  9.86  9.86  9.87  9.92 10.02 10.17 10.36 10.55 10.70 10.77 10.86 11.03 11.29 11.58 11.82 11.98 12.15 12.34 12.47 12.57 12.69 12.83 12.87 12.87 12.91 12.91 12.86 12.85 12.89 12.87 12.74 12.59 12.58 12.67 12.77 12.95 13.18 13.25 13.14 12.97 12.92 12.96 13.08 13.18 13.04 12.70 12.48 12.45 12.46
 9.85  9.73  9.65  9.63  9.69  9.82 10.01 10.21 10.41 10.56 10.65 10.75 10.90 11.14 11.42 11.70 11.97 12.20 12.39 12.55 12.70 12.85 12.99 13.10 13.18 13.25 13.25 13.21 13.20 13.21 13.27 13.24 13.09 12.98 13.03 13.11 13.14 13.18 13.18 13.06 12.91 12.89 12.90 12.96 13.03 12.90 12.60 12.42 12.45 12.50
 9.79  9.64  9.56  9.60  9.70  9.82 10.00 10.19 10.36 10.53 10.69 10.82 10.93 11.06 11.21 11.43 11.73 12.03 12.26 12.44 12.65 12.93 13.21 13.45 13.67 13.83 13.89 13.91 13.85 13.77 13.91 13.89 13.86 13.77 13.76 13.62 13.55 13.44 13.30 13.13 13.01 13.00 13.04 13.02 12.96 12.83 12.66 12.56 12.60 12.66
 9.69  9.63  9.63  9.75  9.85  9.94 10.07 10.23 10.38 10.53 10.72 10.89 11.01 11.10 11.17 11.29 11.51 11.78 12.07 12.31 12.58 12.94 13.37 13.85 14.38 14.88 15.15 15.19 14.98 14.95 15.05 14.78 14.66 14.76 14.53 14.14 14.00 13.85 13.65 13.42 13.23 13.19 13.33 13.24 13.02 12.87 12.80 12.73 12.71 12.76
 9.65  9.66  9.73  9.87  9.98 10.04 10.15 10.30 10.42 10.51 10.67 10.89 11.12 11.31 11.43 11.53 11.68 11.91 12.19 12.50 12.83 13.25 13.79 14.51 15.38 16.05 16.40 16.25 15.84 15.89 16.05 15.65 15.33 15.31 14.91 14.59 14.28 14.11 14.07 13.88 13.45 13.34 13.51 13.33 13.06 12.92 12.86 12.76 12.69 12.74
 9.72  9.72  9.79  9.91 10.02 10.09 10.21 10.36 10.46 10.56 10.75 11.05 11.39 11.70 11.93 12.11 12.31 12.56 12.87 13.24 13.66 14.19 14.83 15.65 16.20 16.30 16.27 15.85 15.41 15.55 15.83 15.98 15.87 15.61 15.12 14.55 13.99 13.91 14.05 13.98 13.50 13.21 13.22 13.04 12.88 12.87 12.87 12.75 12.66 12.67
 9.84  9.88  9.92  9.97 10.03 10.11 10.23 10.38 10.52 10.72 11.07 11.49 11.91 12.32 12.67 12.99 13.30 13.65 14.06 14.52 15.07 15.71 16.41 16.87 16.61 16.25 15.91 15.58 15.36 15.50 15.83 16.25 16.09 15.37 14.70 13.99 13.63 13.62 13.61 13.59 13.27 12.84 12.77 12.75 12.76 12.89 13.01 12.97 12.86 12.74
10.06 10.06 10.03 10.03 10.06 10.15 10.26 10.40 10.63 10.98 11.51 12.09 12.65 13.19 13.70 14.18 14.63 15.14 15.67 16.20 16.85 17.51 17.99 18.22 17.85 17.37 16.59 16.00 15.50 15.29 15.24 15.21 14.92 14.59 14.04 13.73 13.57 13.42 13.29 13.12 12.75 12.55 12.61 12.71 12.83 13.03 13.22 13.26 13.15 12.91
10.42 10.28 10.09 10.02 10.10 10.26 10.42 10.60 10.94 11.49 12.19 12.97 13.71 14.36 14.90 15.45 16.11 16.80 17.49 18.08 18.69 19.09 19.24 19.95 20.15 19.32 17.31 16.35 15.46 14.81 14.36 14.22 14.18 14.10 13.89 13.73 13.51 13.24 12.98 12.79 12.59 12.55 12.62 12.74 12.84 12.99 13.16 13.26 13.22 12.98
10.77 10.57 10.29 10.17 10.30 10.59 10.95 11.33 11.80 12.54 13.58 14.65 15.53 16.11 16.64 17.29 17.89 18.45 19.26 19.75 19.82 19.89 20.15 20.62 20.83 20.25 17.48 16.18 15.17 14.36 13.92 13.88 13.99 14.00 13.93 13.73 13.38 13.06 12.88 12.81 12.75 12.69 12.67 12.67 12.65 12.69 12.83 13.00 13.04 12.89
10.92 10.79 10.61 10.57 10.83 11.33 11.99 12.75 13.58 14.63 15.82 17.17 18.19 18.86 19.57 20.13 20.26 20.46 20.93 20.95 20.05 19.58 19.39 18.71 18.06 17.73 16.32 15.42 14.75 14.10 13.69 13.73 13.87 13.97 13.94 13.65 13.23 12.95 12.92 12.99 12.99 12.89 12.75 12.63 12.56 12.58 12.63 12.75 12.84 12.77
11.16 11.16 11.16 11.32 11.75 12.42 13.32 14.51 15.83 16.86 17.89 19.37 20.79 21.78 22.56 23.14 22.97 22.53 22.14 21.24 19.36 18.40 17.66 16.80 16.11 15.79 15.17 14.82 14.49 13.96 13.51 13.55 13.74 13.92 13.92 13.56 13.17 13.01 13.11 13.21 13.18 13.03 12.85 12.71 12.66 12.64 12.58 12.58 12.62 12.57
11.84 12.01 12.23 12.57 13.06 13.71 14.62 15.79 17.02 17.95 18.90 20.20 21.75 22.98 23.81 24.74 24.53 23.20 21.95 20.66 18.57 17.45 16.43 15.78 15.27 14.94 14.67 14.50 14.31 13.92 13.52 13.51 13.67 13.83 13.82 13.51 13.19 13.12 13.27 13.37 13.32 13.13 12.94 12.84 12.78 12.66 12.48 12.37 12.33 12.24
12.81 13.16 13.57 13.93 14.27 14.77 15.39 16.10 16.99 17.70 18.47 19.56 20.79 21.90 22.68 23.46 23.33 22.22 20.62 19.17 17.63 16.63 15.93 15.40 14.99 14.74 14.55 14.42 14.33 14.06 13.75 13.68 13.77 13.84 13.79 13.52 13.19 13.11 13.25 13.35 13.30 13.12 12.96 12.84 12.69 12.44 12.22 12.14 12.09 11.99
13.58 14.02 14.44 14.72 14.88 15.09 15.41 15.88 16.54 17.14 17.71 18.42 19.12 19.86 20.62 21.25 21.18 20.60 19.34 18.12 16.96 16.09 15.58 15.20 14.94 14.76 14.59 14.45 14.33 14.12 13.89 13.82 13.88 13.92 13.80 13.46 13.13 13.03 13.11 13.15 13.08 12.93 12.79 12.61 12.34 12.03 11.88 11.89 11.87 11.81
14.10 14.45 14.71 14.91 15.02 15.04 15.18 15.55 16.00 16.43 16.84 17.28 17.72 18.35 19.02 19.51 19.58 19.16 18.21 17.30 16.39 15.64 15.22 15.09 15.01 14.85 14.65 14.42 14.22 14.04 13.89 13.82 13.82 13.80 13.64 13.30 13.00 12.90 12.93 12.91 12.80 12.69 12.57 12.36 12.03 11.74 11.66 11.69 11.66 11.64
14.50 14.63 14.77 14.95 15.05 15.00 15.01 15.20 15.51 15.88 16.23 16.54 16.89 17.41 17.86 18.06 18.13 17.92 17.25 16.52 15.85 15.32 15.00 14.97 15.00 14.89 14.66 14.34 14.03 13.88 13.83 13.79 13.75 13.69 13.52 13.22 12.94 12.82 12.78 12.72 12.60 12.51 12.45 12.25 11.89 11.59 11.49 11.49 11.45 11.46
14.72 14.79 14.97 15.14 15.16 15.03 14.97 15.02 15.23 15.59 15.92 16.15 16.32 16.57 16.80 16.89 16.93 16.86 16.49 15.95 15.48 15.21 15.04 14.92 14.86 14.78 14.58 14.22 13.83 13.62 13.59 13.61 13.64 13.66 13.56 13.35 13.12 12.95 12.79 12.63 12.48 12.36 12.27 12.09 11.78 11.49 11.32 11.26 11.25 11.28
14.85 14.97 15.18 15.30 15.21 15.07 15.02 15.05 15.23 15.52 15.78 15.95 15.97 16.02 16.14 16.23 16.26 16.16 15.90 15.54 15.28 15.20 15.13 14.92 14.67 14.57 14.47 14.16 13.72 13.38 13.28 13.35 13.47 13.60 13.63 13.55 13.39 13.19 12.93 12.65 12.40 12.21 12.05 11.87 11.63 11.41 11.24 11.16 11.17 11.19
14.81 15.01 15.18 15.19 15.06 14.98 14.98 15.00 15.14 15.39 15.72 15.91 15.83 15.72 15.65 15.59 15.64 15.64 15.37 15.07 14.95 14.97 14.96 14.79 14.53 14.39 14.32 14.08 13.66 13.30 13.18 13.25 13.38 13.53 13.64 13.63 13.47 13.25 12.99 12.65 12.32 12.10 11.94 11.76 11.56 11.42 11.37 11.35 11.33 11.27
14.54 14.82 14.98 14.92 14.77 14.72 14.75 14.81 14.93 15.24 15.62 15.79 15.65 15.35 15.09 14.98 15.05 15.15 14.95 14.65 14.49 14.49 14.54 14.54 14.39 14.21 14.12 14.00 13.72 13.41 13.29 13.35 13.46 13.56 13.60 13.54 13.34 13.13 12.96 12.64 12.30 12.09 11.94 11.76 11.58 11.54 11.63 11.73 11.72 11.55
14.15 14.43 14.59 14.56 14.49 14.47 14.54 14.69 14.95 15.27 15.44 15.38 15.12 14.74 14.46 14.35 14.42 14.62 14.60 14.36 14.18 14.16 14.24 14.29 14.18 13.98 13.93 13.96 13.86 13.66 13.54 13.59 13.71 13.75 13.61 13.40 13.16 12.99 12.92 12.72 12.44 12.24 12.07 11.89 11.77 11.80 11.93 12.02 12.04 11.88
13.84 14.01 14.13 14.21 14.31 14.40 14.52 14.79 15.17 15.33 15.15 14.77 14.35 14.00 13.77 13.68 13.82 14.11 14.27 14.20 14.13 14.13 14.12 14.09 13.99 13.83 13.82 13.94 14.03 13.99 13.93 13.99 14.10 14.05 13.73 13.33 13.07 12.95 12.96 12.95 12.81 12.62 12.41 12.25 12.21 12.24 12.29 12.31 12.33 12.25
13.69 13.77 13.83 13.94 14.10 14.28 14.49 14.82 15.10 15.02 14.60 14.09 13.70 13.44 13.28 13.27 13.45 13.81 14.08 14.20 14.29 14.26 14.06 13.88 13.78 13.71 13.74 13.96 14.19 14.30 14.33 14.40 14.41 14.25 13.86 13.41 13.14 13.08 13.16 13.25 13.21 13.04 12.79 12.62 12.59 12.61 12.64 12.70 12.77 12.74
13.59 13.67 13.68 13.74 13.86 14.06 14.34 14.59 14.58 14.26 13.84 13.52 13.37 13.26 13.22 13.25 13.40 13.73 14.04 14.23 14.41 14.39 14.06 13.74 13.60 13.56 13.64 13.89 14.20 14.40 14.50 14.52 14.41 14.21 13.90 13.56 13.36 13.35 13.41 13.46 13.46 13.31 13.09 12.91 12.84 12.84 12.91 13.07 13.18 13.15
