Raw_GIS_Data/Climate_scenarios/ProcessedData/month_11_rainfall_present.asc
NCOLS 50
NROWS 26
XLLCENTER 512998.000000
YLLCENTER 8407694.000000
CELLSIZE 800.000000
NODATA_value -999.000000
 8.48  8.23  7.90  7.73  7.67  7.67  7.67  7.74  7.92  8.07  8.11  8.23  8.49  8.67  8.61  8.38  8.17  8.10  8.14  8.13  8.09  8.06  8.06  8.06  8.06  8.07  8.18  8.33  8.42  8.44  8.41  8.41  8.47  8.50  8.46  8.40  8.41  8.50  8.57  8.62  8.69  8.74  8.75  8.71  8.64  8.68  8.84  8.99  9.06  9.07
 8.41  8.20  7.89  7.65  7.55  7.58  7.64  7.72  7.87  7.94  7.91  8.00  8.29  8.58  8.62  8.45  8.31  8.32  8.41  8.44  8.41  8.36  8.32  8.32  8.30  8.29  8.35  8.46  8.59  8.70  8.71  8.68  8.68  8.67  8.61  8.52  8.44  8.43  8.47  8.53  8.58  8.62  8.62  8.61  8.60  8.69  8.93  9.11  9.13  9.06
 8.29  8.09  7.80  7.54  7.45  7.50  7.62  7.72  7.83  7.90  7.91  8.01  8.28  8.57  8.66  8.54  8.44  8.50  8.64  8.75  8.81  8.82  8.78  8.74  8.70  8.69  8.73  8.83  9.04  9.20  9.18  9.05  8.92  8.84  8.74  8.59  8.43  8.35  8.38  8.47  8.58  8.63  8.60  8.57  8.61  8.78  9.05  9.21  9.19  9.13
 8.13  7.95  7.72  7.50  7.42  7.48  7.57  7.65  7.77  7.94  8.06  8.16  8.36  8.61  8.73  8.70  8.65  8.72  8.88  9.06  9.23  9.35  9.40  9.38  9.34  9.34  9.40  9.58  9.80  9.84  9.74  9.40  9.16  8.99  8.86  8.64  8.48  8.41  8.45  8.56  8.70  8.74  8.69  8.64  8.68  8.83  9.01  9.12  9.18  9.22
 7.92  7.78  7.63  7.49  7.42  7.44  7.47  7.55  7.71  7.95  8.14  8.23  8.37  8.57  8.73  8.82  8.88  8.98  9.15  9.41  9.72 10.00 10.23 10.39 10.47 10.57 10.69 10.84 10.92 10.87 10.66 10.02  9.62  9.47  9.26  8.92  8.79  8.73  8.74  8.80  8.85  8.89  8.94  8.87  8.80  8.81  8.89  9.00  9.12  9.23
 7.77  7.70  7.61  7.49  7.39  7.37  7.41  7.53  7.72  7.97  8.18  8.30  8.44  8.63  8.83  9.03  9.16  9.29  9.50  9.83 10.27 10.72 11.16 11.55 11.88 12.13 12.29 12.20 11.93 11.87 11.78 11.12 10.56 10.34  9.88  9.64  9.42  9.26  9.29  9.28  9.11  9.09  9.20  9.08  8.90  8.81  8.80  8.91  9.05  9.12
 7.75  7.74  7.66  7.50  7.36  7.34  7.45  7.64  7.85  8.08  8.28  8.48  8.69  8.91  9.13  9.36  9.54  9.71  9.92 10.20 10.57 10.99 11.45 11.96 12.26 12.33 12.44 12.21 11.74 11.69 11.82 11.81 11.62 11.34 10.78 10.24  9.67  9.48  9.62  9.68  9.37  9.18  9.18  9.02  8.89  8.84  8.82  8.86  8.92  8.92
 7.73  7.73  7.66  7.52  7.39  7.37  7.52  7.77  8.03  8.27  8.53  8.82  9.09  9.30  9.50  9.74  9.96 10.18 10.39 10.58 10.77 11.04 11.47 11.92 11.95 11.83 11.80 11.72 11.53 11.50 11.78 12.27 12.22 11.62 10.93 10.12  9.55  9.41  9.50  9.65  9.45  9.07  8.92  8.80  8.76  8.81  8.86  8.88  8.81  8.72
 7.52  7.53  7.54  7.54  7.47  7.44  7.60  7.91  8.22  8.54  8.89  9.28  9.63  9.84 10.01 10.24 10.47 10.71 10.99 11.26 11.53 11.83 12.22 12.64 12.66 12.54 12.17 11.82 11.48 11.32 11.39 11.47 11.19 10.90 10.37  9.81  9.38  9.23  9.32  9.38  9.14  8.86  8.73  8.62  8.56  8.65  8.84  8.89  8.77  8.61
 7.35  7.36  7.46  7.58  7.60  7.59  7.79  8.18  8.62  9.01  9.42  9.89 10.34 10.64 10.78 10.96 11.20 11.44 11.81 12.31 12.91 13.33 13.50 14.14 14.40 13.88 12.53 11.79 11.23 10.86 10.58 10.33 10.11 10.05  9.82  9.47  9.13  9.02  9.05  9.00  8.78  8.65  8.62  8.57  8.48  8.54  8.77  8.86  8.73  8.58
 7.60  7.63  7.76  7.92  7.99  8.05  8.30  8.78  9.38  9.91 10.43 10.99 11.45 11.74 11.92 12.19 12.41 12.50 12.98 13.59 14.06 14.50 14.80 15.08 15.04 14.53 12.52 11.51 10.85 10.37  9.97  9.67  9.52  9.48  9.40  9.20  8.99  8.88  8.81  8.68  8.54  8.50  8.58  8.60  8.54  8.57  8.73  8.79  8.65  8.52
 8.37  8.48  8.63  8.79  8.92  9.09  9.44 10.02 10.74 11.49 12.16 12.77 13.11 13.35 13.81 14.25 14.24 14.15 14.51 14.74 14.42 14.48 14.50 13.79 13.00 12.68 11.63 10.87 10.38 10.01  9.68  9.37  9.13  9.06  9.04  8.99  8.90  8.76  8.60  8.49  8.44  8.48  8.60  8.67  8.64  8.66  8.76  8.75  8.56  8.43
 9.46  9.67  9.88 10.10 10.34 10.71 11.31 12.21 13.23 13.99 14.49 14.99 15.26 15.55 16.26 16.76 16.38 15.92 15.71 14.96 13.61 13.21 12.83 12.06 11.45 11.18 10.67 10.28  9.98  9.74  9.49  9.19  8.91  8.75  8.71  8.77  8.81  8.72  8.56  8.48  8.48  8.51  8.59  8.62  8.61  8.68  8.79  8.76  8.57  8.46
10.52 10.68 10.92 11.27 11.74 12.44 13.47 14.79 16.05 16.70 16.86 16.95 17.01 17.28 17.83 18.34 17.67 16.42 15.37 14.12 12.60 12.09 11.48 10.95 10.59 10.30  9.94  9.71  9.54  9.38  9.22  9.03  8.81  8.61  8.56  8.65  8.77  8.79  8.73  8.68  8.64  8.56  8.49  8.46  8.49  8.61  8.74  8.76  8.65  8.56
11.28 11.40 11.75 12.25 12.85 13.70 14.75 15.93 16.98 17.28 17.15 17.14 17.21 17.39 17.47 17.51 16.85 15.56 14.09 12.79 11.72 11.29 10.87 10.44 10.06  9.69  9.36  9.23  9.17  9.06  8.96  8.87  8.71  8.57  8.57  8.71  8.86  8.91  8.88  8.85  8.78  8.61  8.43  8.36  8.40  8.50  8.62  8.71  8.72  8.67
11.97 12.24 12.65 13.01 13.34 13.82 14.44 15.22 15.96 16.09 16.00 16.15 16.25 16.27 16.07 15.84 15.26 14.34 13.10 12.06 11.26 10.87 10.54 10.12  9.74  9.38  9.13  9.04  8.99  8.87  8.74  8.67  8.59  8.55  8.61  8.77  8.92  8.96  8.90  8.86  8.81  8.68  8.55  8.51  8.49  8.47  8.56  8.76  8.86  8.81
12.71 12.83 12.88 12.85 12.89 13.12 13.52 14.07 14.39 14.40 14.47 14.74 14.90 14.96 14.95 14.74 14.05 13.16 12.31 11.71 11.08 10.65 10.34  9.99  9.63  9.30  9.08  8.94  8.84  8.72  8.59  8.55  8.54  8.56  8.63  8.75  8.89  8.94  8.89  8.85  8.85  8.82  8.80  8.82  8.75  8.63  8.69  8.91  9.00  8.89
12.81 12.61 12.31 12.09 12.10 12.33 12.75 13.11 13.14 13.07 13.17 13.42 13.72 13.99 14.10 13.77 12.99 12.23 11.72 11.36 10.90 10.49 10.18  9.91  9.61  9.28  9.01  8.85  8.74  8.64  8.59  8.61  8.59  8.57  8.62  8.72  8.85  8.94  8.94  8.92  8.94  8.99  9.02  9.04  8.98  8.86  8.89  9.01  8.99  8.76
12.32 12.05 11.78 11.65 11.68 11.86 12.13 12.26 12.23 12.25 12.39 12.66 12.95 13.11 13.08 12.77 12.15 11.50 11.10 10.85 10.54 10.20  9.94  9.77  9.53  9.23  9.03  8.94  8.82  8.68  8.62  8.63  8.61  8.57  8.62  8.73  8.86  8.98  9.02  8.99  9.03  9.14  9.20  9.16  9.07  8.94  8.92  8.94  8.80  8.51
11.97 11.73 11.56 11.45 11.41 11.47 11.55 11.60 11.58 11.69 12.00 12.26 12.31 12.27 12.24 12.00 11.43 10.77 10.41 10.27 10.11  9.94  9.79  9.67  9.48  9.26  9.14  9.09  8.97  8.76  8.62  8.58  8.54  8.54  8.64  8.75  8.84  8.94  9.01  9.06  9.12  9.23  9.27  9.18  9.02  8.87  8.80  8.75  8.59  8.40
11.57 11.27 11.08 10.97 10.96 11.00 11.03 11.03 11.04 11.24 11.55 11.63 11.55 11.55 11.50 11.16 10.65 10.21  9.95  9.87  9.85  9.84  9.79  9.69  9.49  9.25  9.12  9.13  9.08  8.91  8.74  8.63  8.54  8.54  8.63  8.68  8.68  8.71  8.80  8.90  9.02  9.12  9.11  9.02  8.89  8.78  8.72  8.66  8.57  8.48
10.72 10.44 10.36 10.41 10.48 10.50 10.50 10.52 10.60 10.79 10.90 10.84 10.83 10.87 10.75 10.45 10.18  9.99  9.82  9.75  9.74  9.68  9.61  9.53  9.38  9.17  9.03  9.05  9.07  8.99  8.84  8.68  8.57  8.51  8.49  8.48  8.43  8.40  8.40  8.47  8.61  8.75  8.76  8.70  8.67  8.68  8.69  8.68  8.65  8.60
 9.91  9.81  9.85 10.00 10.08 10.08 10.14 10.23 10.29 10.37 10.41 10.38 10.37 10.31 10.16  9.97  9.93  9.98  9.88  9.71  9.56  9.39  9.27  9.20  9.10  8.97  8.90  8.91  8.91  8.87  8.75  8.58  8.44  8.32  8.24  8.22  8.21  8.15  8.08  8.07  8.19  8.35  8.40  8.40  8.46  8.57  8.62  8.63  8.62  8.57
 9.62  9.58  9.53  9.59  9.72  9.84 10.01 10.15 10.15 10.17 10.25 10.26 10.14  9.99  9.83  9.71  9.78  9.93  9.83  9.49  9.18  8.99  8.90  8.83  8.76  8.72  8.70  8.68  8.65  8.59  8.48  8.33  8.17  8.06  8.01  8.04  8.09  8.05  7.96  7.93  8.04  8.19  8.26  8.28  8.37  8.45  8.46  8.45  8.44  8.39
 9.62  9.47  9.28  9.28  9.49  9.73  9.96 10.07 10.11 10.16 10.22 10.19 10.04  9.86  9.68  9.57  9.60  9.67  9.50  9.08  8.69  8.50  8.40  8.33  8.33  8.38  8.45  8.48  8.44  8.29  8.13  7.98  7.86  7.82  7.83  7.92  8.01  7.99  7.93  7.95  8.08  8.21  8.25  8.25  8.30  8.36  8.35  8.33  8.32  8.20
 9.51  9.27  9.12  9.20  9.47  9.74  9.90  9.99 10.12 10.19 10.19 10.17 10.06  9.81  9.55  9.34  9.26  9.29  9.13  8.74  8.37  8.17  8.03  7.93  7.97  8.11  8.28  8.39  8.35  8.12  7.87  7.70  7.61  7.60  7.65  7.72  7.77  7.80  7.82  7.89  8.01  8.12  8.18  8.21  8.27  8.36  8.42  8.44  8.38  8.20
