Raw_GIS_Data/Climate_scenarios/ProcessedData/month_4_maxTemp_rcp45.asc
NCOLS 50
NROWS 26
XLLCENTER 512998.000000
YLLCENTER 8407694.000000
CELLSIZE 800.000000
NODATA_value -999.000000
30.14 30.14 30.14 30.14 30.14 30.14 30.14 30.14 30.14 30.14 30.15 30.15 30.15 30.15 30.15 30.15 30.15 30.15 30.16 30.17 30.18 30.19 30.19 30.19 30.18 30.18 30.17 30.16 30.16 30.15 30.15 30.14 30.13 30.13 30.12 30.11 30.11 30.10 30.09 30.08 30.07 30.06 30.06 30.06 30.06 30.06 30.06 30.05 30.05 30.06
30.14 30.15 30.15 30.15 30.15 30.15 30.15 30.15 30.15 30.15 30.15 30.15 30.15 30.16 30.16 30.16 30.16 30.16 30.17 30.18 30.19 30.21 30.22 30.23 30.22 30.22 30.21 30.19 30.18 30.18 30.18 30.17 30.16 30.15 30.15 30.14 30.13 30.13 30.12 30.11 30.10 30.08 30.07 30.06 30.06 30.05 30.05 30.05 30.05 30.05
30.15 30.15 30.16 30.16 30.16 30.16 30.17 30.17 30.17 30.17 30.17 30.17 30.17 30.17 30.17 30.17 30.17 30.17 30.18 30.19 30.20 30.22 30.25 30.27 30.28 30.29 30.29 30.27 30.23 30.20 30.21 30.21 30.21 30.19 30.18 30.18 30.17 30.16 30.16 30.16 30.16 30.15 30.12 30.07 30.05 30.05 30.05 30.05 30.05 30.05
30.16 30.16 30.17 30.17 30.17 30.17 30.18 30.18 30.18 30.18 30.18 30.18 30.18 30.18 30.18 30.19 30.19 30.19 30.20 30.21 30.22 30.24 30.27 30.31 30.36 30.40 30.46 31.96 30.99 30.23 30.27 30.27 30.30 30.27 30.24 30.23 30.24 30.21 30.22 30.24 30.27 30.31 31.88 31.63 30.01 30.06 30.05 30.05 30.05 30.05
30.16 30.17 30.18 30.19 30.19 30.19 30.19 30.19 30.19 30.20 30.20 30.20 30.21 30.21 30.21 30.21 30.22 30.22 30.22 30.23 30.25 30.27 30.31 30.37 30.48 32.09 31.66 31.04 30.46 31.62 29.74 30.17 32.02 31.62 29.53 30.17 31.84 30.28 30.31 30.32 30.39 32.04 31.41 31.01 30.00 30.06 30.05 30.05 30.05 30.05
30.17 30.18 30.19 30.20 30.21 30.21 30.21 30.22 30.22 30.22 30.22 30.23 30.23 30.23 30.24 30.25 30.25 30.26 30.27 30.28 30.30 30.32 30.37 30.46 32.03 30.61 29.68 28.79 29.07 29.29 28.57 28.60 31.98 29.72 31.72 30.27 30.15 30.81 30.89 30.61 30.99 32.06 30.40 30.17 29.66 30.06 30.06 30.06 30.05 30.05
30.18 30.19 30.21 30.22 30.22 30.23 30.24 30.25 30.25 30.25 30.25 30.26 30.26 30.26 30.27 30.28 30.29 30.30 30.32 30.34 30.38 30.42 30.51 32.07 30.12 30.27 29.27 28.84 30.12 31.06 31.05 30.82 30.79 29.57 29.67 28.93 30.63 31.75 31.25 29.59 30.79 31.36 30.50 30.74 30.00 30.07 30.06 30.06 30.05 30.05
30.19 30.20 30.22 30.24 30.25 30.26 30.28 30.29 30.29 30.29 30.30 30.30 30.30 30.30 30.31 30.32 30.34 30.36 30.38 30.41 30.46 30.57 32.16 30.92 30.33 31.70 30.29 30.30 30.34 30.49 31.99 29.71 28.12 29.49 28.92 29.37 30.30 30.36 31.93 31.65 29.87 30.03 29.92 30.16 30.13 30.08 30.06 30.06 30.05 30.05
30.19 30.21 30.23 30.26 30.28 30.30 30.32 30.34 30.35 30.36 30.37 30.37 30.37 30.37 30.38 30.39 30.41 30.44 30.47 30.50 30.52 30.60 32.03 29.81 31.33 30.90 30.60 30.69 30.22 30.34 31.83 29.86 31.43 29.91 30.17 30.13 30.18 30.19 30.20 29.27 30.16 30.15 30.16 30.21 31.84 31.62 29.79 30.06 30.05 30.05
30.19 30.22 30.24 30.28 30.32 30.36 30.39 30.42 30.44 30.46 30.48 30.48 30.49 30.49 30.48 30.47 30.48 30.51 30.60 32.07 31.58 29.56 31.92 31.27 29.38 28.11 30.30 30.82 29.79 30.19 30.22 29.92 30.06 30.19 30.16 30.15 30.13 30.13 30.13 30.13 30.13 30.13 30.12 30.11 30.13 30.08 29.56 30.06 30.06 30.05
30.20 30.22 30.26 30.31 30.36 30.42 30.48 30.53 30.59 30.68 32.29 31.24 30.93 30.98 31.86 31.56 30.25 31.66 31.96 30.52 30.61 29.53 30.27 28.10 28.47 26.42 28.82 30.14 29.46 30.16 30.17 30.17 30.16 30.15 30.13 30.12 30.11 30.11 30.12 30.12 30.11 30.11 30.10 30.09 30.09 30.09 30.07 30.06 30.06 30.05
30.19 30.22 30.26 30.32 30.39 30.48 30.57 30.68 32.31 32.29 31.11 30.06 28.98 30.01 30.30 29.36 28.73 30.47 31.21 29.35 29.04 30.05 28.32 28.38 30.42 28.56 28.60 30.09 30.15 30.14 30.14 30.14 30.13 30.12 30.11 30.11 30.11 30.11 30.11 30.10 30.10 30.10 30.09 30.09 30.08 30.08 30.07 30.06 30.06 30.06
30.15 30.19 30.23 30.29 30.38 30.49 30.64 32.30 31.75 30.11 31.04 29.88 29.04 28.86 28.91 28.13 28.74 28.99 29.83 28.72 30.79 30.79 29.75 30.32 31.38 28.95 30.05 30.16 30.14 30.13 30.12 30.12 30.11 30.11 30.10 30.10 30.10 30.10 30.10 30.09 30.09 30.09 30.08 30.08 30.08 30.07 30.07 30.06 30.06 30.06
30.11 30.14 30.17 30.22 30.31 30.46 32.12 31.67 30.25 29.51 28.97 29.22 29.06 28.69 29.11 28.16 27.70 28.87 30.05 28.82 31.39 29.85 31.11 30.15 30.19 30.10 30.15 30.14 30.12 30.12 30.11 30.11 30.10 30.10 30.10 30.09 30.09 30.09 30.09 30.09 30.08 30.08 30.08 30.07 30.07 30.07 30.07 30.06 30.06 30.06
30.08 30.10 30.12 30.15 30.22 30.31 31.16 31.49 30.40 30.15 31.25 30.52 30.96 29.64 30.02 29.24 28.75 29.34 30.41 30.90 31.62 31.89 31.25 30.08 30.15 30.14 30.13 30.12 30.11 30.11 30.10 30.10 30.09 30.09 30.09 30.09 30.09 30.08 30.08 30.08 30.08 30.08 30.07 30.07 30.07 30.07 30.06 30.06 30.06 30.05
30.07 30.08 30.10 30.13 30.17 30.24 30.33 30.39 30.38 29.82 30.60 31.55 31.87 30.97 31.67 30.08 30.99 30.04 30.83 31.44 31.64 31.95 31.35 31.92 30.09 30.12 30.12 30.11 30.10 30.10 30.10 30.09 30.09 30.08 30.08 30.08 30.08 30.08 30.08 30.08 30.07 30.07 30.07 30.07 30.06 30.06 30.06 30.06 30.05 30.05
30.06 30.07 30.09 30.13 30.17 30.23 30.28 30.32 30.36 30.41 30.48 30.56 30.64 31.94 31.66 31.27 31.45 30.58 31.13 31.08 31.48 31.27 30.04 30.12 30.14 30.12 30.11 30.10 30.10 30.10 30.09 30.09 30.08 30.08 30.08 30.08 30.08 30.08 30.08 30.07 30.07 30.07 30.06 30.06 30.06 30.06 30.06 30.05 30.05 30.05
30.05 30.06 30.08 30.11 30.15 30.18 30.22 30.26 30.30 30.35 30.41 30.49 30.60 32.05 31.69 31.54 31.49 30.59 31.00 31.27 31.43 31.20 30.02 30.15 30.13 30.12 30.10 30.10 30.09 30.09 30.09 30.08 30.08 30.07 30.07 30.07 30.07 30.07 30.07 30.07 30.07 30.06 30.06 30.06 30.06 30.05 30.05 30.05 30.05 30.05
30.05 30.06 30.07 30.09 30.12 30.14 30.16 30.19 30.22 30.26 30.31 30.39 30.50 32.06 31.82 31.67 31.43 31.15 31.17 31.34 31.38 30.03 30.15 30.13 30.12 30.11 30.10 30.09 30.09 30.08 30.08 30.08 30.07 30.07 30.07 30.07 30.07 30.07 30.07 30.07 30.07 30.06 30.06 30.06 30.05 30.05 30.05 30.05 30.05 30.05
30.04 30.05 30.06 30.08 30.09 30.10 30.12 30.13 30.15 30.17 30.20 30.24 30.30 30.40 31.80 31.61 30.86 31.22 31.69 31.37 29.99 30.15 30.13 30.12 30.11 30.10 30.09 30.09 30.08 30.08 30.08 30.07 30.07 30.07 30.06 30.06 30.07 30.07 30.07 30.06 30.06 30.06 30.06 30.06 30.05 30.05 30.05 30.05 30.05 30.05
30.03 30.04 30.05 30.06 30.07 30.07 30.08 30.09 30.10 30.11 30.12 30.13 30.15 30.16 30.19 30.20 30.21 29.97 30.18 30.17 30.14 30.13 30.12 30.11 30.10 30.09 30.09 30.08 30.08 30.08 30.07 30.07 30.07 30.06 30.06 30.06 30.06 30.06 30.06 30.06 30.06 30.06 30.05 30.05 30.05 30.05 30.05 30.05 30.05 30.05
30.03 30.03 30.04 30.04 30.05 30.06 30.06 30.07 30.07 30.08 30.08 30.09 30.10 30.11 30.12 30.14 30.14 29.91 30.13 30.13 30.12 30.11 30.10 30.10 30.09 30.09 30.08 30.08 30.08 30.07 30.07 30.07 30.06 30.06 30.06 30.06 30.06 30.06 30.06 30.06 30.06 30.06 30.05 30.05 30.05 30.05 30.05 30.05 30.05 30.04
30.02 30.03 30.03 30.03 30.04 30.04 30.05 30.05 30.06 30.06 30.06 30.07 30.08 30.09 30.10 30.11 30.11 30.11 30.11 30.11 30.11 30.10 30.10 30.09 30.08 30.08 30.08 30.07 30.07 30.07 30.07 30.06 30.06 30.06 30.06 30.06 30.06 30.06 30.06 30.05 30.05 30.05 30.05 30.05 30.05 30.05 30.05 30.05 30.05 30.04
30.02 30.02 30.02 30.03 30.03 30.04 30.04 30.04 30.05 30.05 30.06 30.06 30.07 30.08 30.08 30.09 30.09 30.10 30.10 30.10 30.10 30.09 30.09 30.08 30.08 30.07 30.07 30.07 30.07 30.07 30.06 30.06 30.06 30.06 30.06 30.06 30.06 30.06 30.05 30.05 30.05 30.05 30.05 30.05 30.05 30.05 30.05 30.04 30.04 30.04
30.02 30.02 30.02 30.02 30.03 30.03 30.04 30.04 30.04 30.05 30.05 30.06 30.06 30.07 30.07 30.08 30.08 30.09 30.09 30.09 30.09 30.09 30.09 30.08 30.08 30.07 30.07 30.07 30.07 30.06 30.06 30.06 30.06 30.06 30.06 30.06 30.06 30.05 30.05 30.05 30.05 30.05 30.05 30.05 30.05 30.05 30.05 30.05 30.04 30.04
30.02 30.01 30.02 30.02 30.03 30.03 30.03 30.04 30.04 30.04 30.05 30.05 30.06 30.06 30.06 30.07 30.07 30.07 30.08 30.08 30.08 30.08 30.08 30.08 30.07 30.07 30.07 30.06 30.06 30.06 30.06 30.06 30.06 30.05 30.05 30.05 30.05 30.05 30.05 30.05 30.05 30.04 30.04 30.04 30.04 30.04 30.04 30.04 30.04 30.04
