Raw_GIS_Data/Climate_scenarios/ProcessedData/month_5_rainfall_rcp85.asc
NCOLS 50
NROWS 26
XLLCENTER 512998.000000
YLLCENTER 8407694.000000
CELLSIZE 800.000000
NODATA_value -999.000000
 4.94  4.93  4.97  5.02  5.08  5.13  5.21  5.31  5.41  5.54  5.69  5.84  5.98  6.08  6.17  6.25  6.32  6.40  6.43  6.38  6.31  6.29  6.31  6.36  6.51  6.73  6.90  7.02  7.11  7.19  7.26  7.35  7.41  7.40  7.36  7.39  7.49  7.59  7.64  7.63  7.59  7.62  7.67  7.71  7.77  7.76  7.75  7.77  7.86  7.95
 5.07  5.05  5.06  5.10  5.14  5.21  5.31  5.46  5.62  5.77  5.91  6.06  6.21  6.31  6.35  6.39  6.44  6.47  6.47  6.39  6.29  6.25  6.31  6.47  6.70  6.91  7.09  7.23  7.32  7.36  7.40  7.44  7.43  7.38  7.31  7.28  7.33  7.42  7.50  7.54  7.59  7.65  7.65  7.64  7.69  7.72  7.77  7.85  7.97  8.06
 5.23  5.21  5.23  5.27  5.32  5.39  5.53  5.71  5.89  6.03  6.13  6.23  6.37  6.44  6.42  6.39  6.40  6.43  6.44  6.39  6.31  6.32  6.46  6.72  7.01  7.23  7.41  7.55  7.61  7.59  7.57  7.54  7.50  7.44  7.34  7.25  7.26  7.35  7.48  7.57  7.61  7.60  7.55  7.53  7.57  7.61  7.68  7.80  7.92  7.99
 5.36  5.34  5.37  5.45  5.54  5.64  5.79  5.96  6.11  6.20  6.23  6.25  6.31  6.37  6.37  6.33  6.34  6.40  6.46  6.47  6.48  6.58  6.79  7.11  7.48  7.79  8.04  8.22  8.23  8.06  7.92  7.72  7.65  7.60  7.50  7.29  7.26  7.33  7.46  7.59  7.63  7.56  7.48  7.46  7.48  7.49  7.50  7.58  7.68  7.73
 5.46  5.45  5.49  5.61  5.74  5.83  5.94  6.08  6.20  6.25  6.22  6.17  6.18  6.29  6.39  6.43  6.47  6.52  6.60  6.71  6.85  7.03  7.31  7.72  8.22  8.74  9.11  9.29  9.23  9.08  8.83  8.30  7.98  7.95  7.78  7.50  7.42  7.45  7.56  7.66  7.67  7.65  7.63  7.53  7.42  7.35  7.32  7.38  7.49  7.51
 5.61  5.58  5.63  5.75  5.82  5.88  5.96  6.07  6.17  6.22  6.20  6.15  6.19  6.35  6.55  6.71  6.83  6.90  7.00  7.19  7.44  7.71  8.06  8.54  9.18  9.70  9.99  9.95  9.74  9.77  9.73  9.13  8.54  8.36  8.11  7.98  7.77  7.73  7.88  7.95  7.81  7.80  7.85  7.66  7.42  7.28  7.29  7.40  7.52  7.53
 5.88  5.79  5.78  5.82  5.82  5.84  5.91  6.02  6.11  6.19  6.23  6.26  6.37  6.58  6.82  7.08  7.31  7.46  7.61  7.85  8.17  8.54  8.95  9.40  9.70  9.74  9.68  9.37  9.11  9.27  9.52  9.53  9.21  8.84  8.55  8.25  7.88  7.82  8.00  8.11  7.92  7.81  7.81  7.64  7.46  7.37  7.39  7.50  7.61  7.65
 6.15  6.00  5.90  5.85  5.82  5.83  5.89  5.99  6.11  6.23  6.35  6.51  6.72  6.94  7.18  7.48  7.78  8.02  8.27  8.62  9.03  9.50  9.98 10.17  9.85  9.56  9.27  9.00  8.84  8.92  9.22  9.62  9.50  8.93  8.47  8.06  7.83  7.76  7.80  7.93  7.86  7.69  7.64  7.57  7.52  7.47  7.46  7.52  7.60  7.69
 6.26  6.09  5.94  5.86  5.85  5.89  5.95  6.07  6.25  6.45  6.68  6.96  7.24  7.48  7.74  8.04  8.34  8.62  8.97  9.45 10.06 10.69 11.15 11.26 10.85 10.38  9.76  9.31  8.99  8.84  8.89  8.98  8.82  8.57  8.14  7.90  7.78  7.70  7.68  7.67  7.57  7.54  7.53  7.51  7.50  7.45  7.42  7.44  7.51  7.62
 6.36  6.17  6.01  5.95  5.98  6.08  6.22  6.39  6.61  6.89  7.24  7.61  7.93  8.22  8.54  8.89  9.20  9.41  9.80 10.38 11.14 11.75 12.14 12.76 12.75 11.93 10.42  9.70  9.17  8.79  8.63  8.60  8.51  8.37  8.10  7.88  7.73  7.63  7.55  7.46  7.37  7.36  7.41  7.46  7.43  7.34  7.27  7.28  7.35  7.46
 6.57  6.45  6.31  6.26  6.31  6.47  6.73  7.02  7.31  7.70  8.24  8.71  9.03  9.32  9.76 10.28 10.50 10.51 10.88 11.39 11.79 12.23 12.75 13.28 13.43 12.85 10.84  9.87  9.17  8.71  8.60  8.60  8.53  8.36  8.15  7.94  7.75  7.59  7.46  7.32  7.25  7.25  7.33  7.41  7.34  7.16  7.05  7.07  7.17  7.31
 6.83  6.88  6.83  6.79  6.85  7.07  7.45  7.91  8.39  8.96  9.55 10.12 10.54 10.98 11.65 12.16 12.06 11.86 12.04 12.15 11.81 11.86 12.07 11.87 11.57 11.30 10.28  9.51  8.92  8.59  8.51  8.49  8.40  8.26  8.12  8.00  7.82  7.60  7.42  7.29  7.25  7.28  7.34  7.38  7.28  7.08  6.96  7.01  7.15  7.31
 7.12  7.29  7.36  7.39  7.49  7.80  8.33  9.02  9.76 10.28 10.70 11.28 11.94 12.67 13.47 13.96 13.60 13.00 12.69 12.24 11.22 10.90 10.81 10.57 10.27 10.07  9.60  9.15  8.74  8.48  8.36  8.29  8.21  8.13  8.08  8.05  7.92  7.72  7.54  7.40  7.34  7.35  7.40  7.44  7.40  7.25  7.14  7.18  7.30  7.38
 7.49  7.65  7.78  7.92  8.15  8.60  9.28 10.06 10.75 11.12 11.38 11.81 12.46 13.26 14.04 14.75 14.34 13.21 12.42 11.79 10.73 10.27  9.94  9.84  9.66  9.42  9.15  8.87  8.59  8.36  8.22  8.14  8.09  8.07  8.10  8.12  8.02  7.85  7.69  7.54  7.45  7.41  7.46  7.59  7.68  7.62  7.51  7.46  7.46  7.45
 7.91  7.96  8.08  8.34  8.73  9.27  9.81 10.28 10.68 10.82 10.96 11.33 11.84 12.46 13.06 13.71 13.60 12.77 11.73 10.93 10.25  9.85  9.63  9.55  9.34  9.03  8.76  8.53  8.34  8.17  8.04  7.96  7.95  7.99  8.08  8.09  7.99  7.84  7.69  7.57  7.47  7.43  7.52  7.72  7.91  7.97  7.89  7.75  7.60  7.50
 8.31  8.29  8.38  8.67  9.09  9.48  9.72  9.85 10.02 10.11 10.20 10.49 10.87 11.37 11.89 12.37 12.49 12.19 11.32 10.52 10.01  9.68  9.48  9.33  9.10  8.72  8.41  8.20  8.05  7.93  7.85  7.79  7.77  7.82  7.89  7.88  7.78  7.68  7.58  7.50  7.42  7.42  7.55  7.77  7.97  8.10  8.11  8.00  7.83  7.67
 8.58  8.59  8.64  8.84  9.12  9.32  9.37  9.33  9.36  9.42  9.55  9.84 10.25 10.80 11.34 11.70 11.78 11.55 10.89 10.29  9.90  9.62  9.35  9.10  8.83  8.46  8.12  7.90  7.77  7.72  7.71  7.70  7.68  7.71  7.74  7.69  7.59  7.54  7.49  7.44  7.42  7.45  7.57  7.71  7.84  7.97  8.07  8.10  8.07  7.96
 8.55  8.65  8.71  8.81  8.96  9.01  8.92  8.84  8.84  8.93  9.16  9.54  9.99 10.54 11.06 11.28 11.21 10.92 10.46 10.05  9.78  9.57  9.26  8.89  8.55  8.25  7.93  7.67  7.55  7.56  7.61  7.65  7.66  7.66  7.64  7.56  7.48  7.47  7.49  7.50  7.52  7.54  7.56  7.56  7.58  7.70  7.84  8.00  8.13  8.11
 8.39  8.51  8.60  8.68  8.74  8.68  8.51  8.44  8.51  8.67  8.95  9.31  9.68 10.13 10.53 10.70 10.64 10.42 10.11  9.81  9.57  9.37  9.08  8.69  8.35  8.08  7.80  7.55  7.45  7.48  7.55  7.61  7.63  7.60  7.52  7.44  7.40  7.41  7.48  7.58  7.64  7.63  7.57  7.46  7.43  7.51  7.65  7.82  7.95  7.96
 8.21  8.30  8.44  8.54  8.51  8.40  8.29  8.27  8.35  8.52  8.76  9.08  9.39  9.62  9.79  9.97 10.05  9.92  9.69  9.49  9.28  9.04  8.75  8.46  8.21  8.01  7.77  7.54  7.44  7.47  7.54  7.60  7.61  7.58  7.51  7.44  7.38  7.37  7.44  7.56  7.66  7.68  7.65  7.58  7.54  7.59  7.67  7.73  7.76  7.74
 8.05  8.16  8.31  8.38  8.35  8.28  8.24  8.21  8.28  8.41  8.62  8.97  9.21  9.19  9.11  9.18  9.31  9.30  9.14  9.02  8.89  8.64  8.38  8.23  8.13  8.00  7.83  7.62  7.49  7.49  7.54  7.59  7.60  7.58  7.56  7.51  7.44  7.43  7.48  7.54  7.61  7.66  7.67  7.68  7.69  7.72  7.76  7.75  7.71  7.67
 7.93  8.09  8.22  8.26  8.28  8.27  8.22  8.19  8.23  8.34  8.58  8.89  8.99  8.83  8.61  8.55  8.63  8.68  8.63  8.58  8.47  8.25  8.04  8.02  8.05  8.00  7.89  7.74  7.61  7.57  7.57  7.58  7.58  7.59  7.59  7.57  7.52  7.52  7.55  7.55  7.54  7.52  7.53  7.58  7.65  7.71  7.75  7.75  7.70  7.65
 7.79  8.00  8.13  8.17  8.22  8.24  8.17  8.15  8.20  8.26  8.45  8.63  8.62  8.45  8.23  8.09  8.07  8.13  8.20  8.24  8.16  7.98  7.81  7.82  7.92  7.96  7.90  7.80  7.70  7.65  7.63  7.60  7.58  7.60  7.62  7.61  7.59  7.58  7.59  7.53  7.41  7.32  7.30  7.36  7.46  7.56  7.63  7.66  7.65  7.62
 7.75  7.96  8.05  8.03  8.03  8.04  8.01  8.04  8.10  8.15  8.19  8.20  8.15  8.06  7.94  7.82  7.74  7.77  7.88  7.99  7.97  7.85  7.71  7.69  7.78  7.85  7.83  7.75  7.68  7.64  7.63  7.61  7.61  7.62  7.64  7.64  7.63  7.61  7.57  7.46  7.29  7.17  7.14  7.18  7.27  7.37  7.43  7.47  7.53  7.56
 7.76  7.88  7.88  7.81  7.78  7.77  7.76  7.81  7.94  8.02  7.99  7.85  7.73  7.68  7.63  7.58  7.56  7.57  7.64  7.78  7.84  7.79  7.68  7.61  7.65  7.74  7.77  7.72  7.66  7.62  7.59  7.58  7.61  7.64  7.61  7.57  7.52  7.47  7.42  7.34  7.24  7.15  7.12  7.14  7.21  7.26  7.27  7.30  7.38  7.46
 7.66  7.69  7.67  7.63  7.60  7.54  7.50  7.59  7.76  7.85  7.78  7.61  7.49  7.43  7.36  7.34  7.37  7.40  7.44  7.55  7.66  7.71  7.64  7.56  7.56  7.64  7.73  7.75  7.69  7.62  7.54  7.52  7.55  7.59  7.55  7.46  7.35  7.26  7.21  7.18  7.18  7.19  7.21  7.23  7.26  7.26  7.23  7.26  7.33  7.39
