Raw_GIS_Data/Climate_scenarios/ProcessedData/month_12_rainfall_rcp85.asc
NCOLS 50
NROWS 26
XLLCENTER 512998.000000
YLLCENTER 8407694.000000
CELLSIZE 800.000000
NODATA_value -999.000000
 4.58  4.56  4.53  4.52  4.58  4.60  4.55  4.55  4.66  4.78  4.87  4.95  5.01  5.08  5.18  5.30  5.41  5.49  5.59  5.74  5.84  5.79  5.66  5.54  5.53  5.59  5.67  5.71  5.72  5.75  5.81  5.92  6.04  6.14  6.12  5.99  5.89  5.80  5.65  5.51  5.41  5.38  5.41  5.47  5.48  5.49  5.49  5.43  5.34  5.28
 4.57  4.60  4.60  4.61  4.63  4.62  4.58  4.62  4.74  4.80  4.85  4.93  5.01  5.09  5.18  5.31  5.44  5.53  5.62  5.73  5.77  5.71  5.62  5.55  5.56  5.59  5.62  5.64  5.67  5.74  5.80  5.87  5.97  6.07  6.10  6.03  5.93  5.84  5.71  5.57  5.50  5.48  5.48  5.48  5.46  5.49  5.50  5.42  5.30  5.22
 4.61  4.64  4.68  4.73  4.75  4.70  4.66  4.70  4.76  4.75  4.79  4.90  5.00  5.09  5.17  5.28  5.42  5.52  5.60  5.68  5.68  5.61  5.54  5.56  5.61  5.64  5.64  5.66  5.74  5.81  5.84  5.83  5.82  5.88  5.99  6.02  5.97  5.90  5.80  5.69  5.61  5.58  5.57  5.53  5.50  5.52  5.53  5.47  5.36  5.32
 4.67  4.69  4.77  4.85  4.85  4.79  4.71  4.69  4.69  4.70  4.77  4.89  5.02  5.12  5.18  5.24  5.35  5.49  5.62  5.75  5.79  5.74  5.73  5.82  5.94  5.99  5.98  6.04  6.14  6.13  6.05  5.91  5.82  5.84  5.98  6.04  6.01  5.98  5.94  5.82  5.68  5.64  5.66  5.66  5.65  5.65  5.65  5.57  5.50  5.51
 4.72  4.78  4.88  4.94  4.90  4.82  4.73  4.67  4.66  4.73  4.84  4.98  5.11  5.20  5.24  5.30  5.40  5.57  5.80  6.03  6.19  6.27  6.37  6.51  6.66  6.77  6.85  6.94  6.91  6.73  6.59  6.32  6.17  6.26  6.38  6.29  6.20  6.17  6.13  5.98  5.79  5.75  5.85  5.88  5.86  5.85  5.82  5.71  5.64  5.66
 4.81  4.89  4.98  5.01  4.95  4.84  4.76  4.76  4.81  4.91  5.03  5.14  5.24  5.33  5.40  5.51  5.64  5.82  6.09  6.42  6.67  6.87  7.06  7.24  7.46  7.69  7.92  7.94  7.63  7.42  7.37  7.09  6.86  6.92  6.90  6.84  6.66  6.47  6.37  6.24  6.03  5.97  6.07  6.08  6.04  6.02  5.97  5.85  5.74  5.70
 4.89  4.98  5.05  5.05  5.01  4.93  4.86  4.89  5.02  5.15  5.25  5.32  5.40  5.49  5.62  5.79  5.95  6.10  6.34  6.63  6.84  7.00  7.19  7.43  7.70  7.88  8.08  7.90  7.42  7.34  7.47  7.58  7.56  7.53  7.37  7.19  6.79  6.51  6.47  6.46  6.28  6.15  6.13  6.08  6.06  6.07  6.01  5.85  5.71  5.65
 4.93  5.00  5.04  5.04  5.05  5.04  4.98  5.00  5.14  5.33  5.45  5.52  5.61  5.72  5.86  6.03  6.19  6.33  6.50  6.67  6.77  6.86  7.11  7.40  7.53  7.55  7.52  7.28  6.97  6.98  7.27  7.71  7.85  7.61  7.32  6.96  6.58  6.37  6.33  6.41  6.37  6.18  6.03  5.93  5.93  5.94  5.86  5.67  5.54  5.49
 4.94  4.98  5.00  5.01  5.05  5.13  5.16  5.17  5.26  5.45  5.61  5.73  5.84  5.94  6.06  6.21  6.37  6.53  6.69  6.81  6.91  7.08  7.41  7.75  7.75  7.64  7.40  7.06  6.73  6.66  6.85  7.08  7.09  7.04  6.87  6.69  6.53  6.42  6.35  6.29  6.21  6.08  5.92  5.83  5.81  5.81  5.70  5.50  5.36  5.31
 5.04  5.09  5.10  5.09  5.11  5.23  5.37  5.44  5.46  5.58  5.77  5.96  6.11  6.23  6.34  6.51  6.71  6.88  7.04  7.19  7.43  7.70  7.92  8.43  8.59  8.23  7.41  6.97  6.64  6.48  6.49  6.52  6.48  6.53  6.51  6.49  6.52  6.52  6.37  6.16  5.99  5.90  5.83  5.80  5.80  5.78  5.67  5.46  5.32  5.27
 5.34  5.37  5.39  5.37  5.35  5.44  5.67  5.85  5.93  6.01  6.25  6.57  6.86  7.02  7.14  7.37  7.56  7.53  7.64  7.89  8.10  8.34  8.54  8.90  9.04  8.75  7.49  6.94  6.64  6.46  6.40  6.34  6.29  6.30  6.28  6.28  6.38  6.43  6.31  6.05  5.83  5.75  5.76  5.77  5.77  5.74  5.65  5.50  5.41  5.36
 5.65  5.68  5.73  5.76  5.78  5.89  6.19  6.56  6.87  7.13  7.45  7.90  8.32  8.53  8.75  9.03  9.03  8.73  8.68  8.85  8.71  8.58  8.52  8.27  7.97  7.85  7.21  6.77  6.57  6.45  6.35  6.25  6.18  6.13  6.08  6.07  6.12  6.18  6.13  5.94  5.76  5.69  5.69  5.69  5.67  5.65  5.57  5.50  5.51  5.51
 5.93  5.96  6.05  6.17  6.29  6.51  6.92  7.51  8.18  8.68  9.06  9.59 10.08 10.39 10.73 11.05 10.87 10.34  9.89  9.47  8.69  8.23  7.95  7.58  7.25  7.08  6.74  6.50  6.38  6.27  6.16  6.07  6.01  5.95  5.90  5.88  5.89  5.94  5.93  5.82  5.72  5.68  5.66  5.61  5.58  5.55  5.50  5.49  5.55  5.62
 6.31  6.31  6.41  6.57  6.75  7.06  7.61  8.39  9.24  9.86 10.33 10.85 11.35 11.69 11.96 12.32 12.01 11.02 10.04  9.33  8.46  8.00  7.56  7.18  6.89  6.69  6.47  6.28  6.13  6.00  5.87  5.78  5.75  5.75  5.74  5.75  5.78  5.84  5.83  5.76  5.71  5.69  5.66  5.60  5.54  5.50  5.49  5.51  5.55  5.60
 6.69  6.67  6.74  6.88  7.07  7.42  8.00  8.75  9.48  9.90 10.22 10.73 11.25 11.62 11.68 11.71 11.34 10.39  9.33  8.66  8.13  7.79  7.38  6.97  6.70  6.55  6.39  6.17  5.96  5.80  5.64  5.52  5.49  5.53  5.59  5.66  5.73  5.79  5.81  5.78  5.72  5.67  5.63  5.57  5.50  5.47  5.52  5.58  5.57  5.53
 6.82  6.76  6.78  6.91  7.14  7.46  7.92  8.47  8.98  9.26  9.42  9.77 10.17 10.50 10.49 10.29  9.93  9.49  8.77  8.15  7.80  7.55  7.19  6.80  6.56  6.40  6.24  6.04  5.85  5.68  5.50  5.37  5.34  5.39  5.49  5.60  5.69  5.78  5.81  5.78  5.69  5.58  5.50  5.44  5.40  5.43  5.54  5.65  5.66  5.57
 6.76  6.65  6.67  6.85  7.12  7.37  7.62  7.96  8.32  8.54  8.65  8.83  9.09  9.41  9.51  9.32  8.98  8.71  8.26  7.85  7.58  7.35  7.04  6.71  6.46  6.22  6.01  5.87  5.76  5.64  5.48  5.38  5.36  5.41  5.53  5.65  5.74  5.81  5.84  5.77  5.63  5.48  5.37  5.31  5.31  5.39  5.54  5.69  5.74  5.68
 6.64  6.66  6.77  6.98  7.18  7.26  7.30  7.45  7.70  7.91  8.05  8.24  8.53  8.83  8.91  8.70  8.40  8.13  7.80  7.58  7.37  7.15  6.93  6.67  6.39  6.09  5.86  5.74  5.68  5.62  5.56  5.50  5.48  5.54  5.66  5.77  5.83  5.86  5.88  5.79  5.61  5.45  5.37  5.32  5.31  5.40  5.59  5.76  5.83  5.77
 6.69  6.87  7.04  7.18  7.19  7.09  7.02  7.08  7.29  7.53  7.77  8.05  8.32  8.40  8.26  8.11  7.99  7.76  7.49  7.29  7.06  6.86  6.71  6.55  6.31  6.05  5.83  5.68  5.60  5.58  5.59  5.58  5.55  5.60  5.70  5.80  5.83  5.85  5.85  5.77  5.61  5.50  5.46  5.44  5.43  5.50  5.69  5.87  5.92  5.85
 6.82  7.02  7.18  7.24  7.12  7.00  6.98  7.08  7.32  7.61  7.86  8.03  8.00  7.72  7.47  7.52  7.59  7.36  7.13  6.95  6.74  6.54  6.38  6.28  6.16  5.99  5.82  5.68  5.58  5.53  5.54  5.55  5.55  5.55  5.61  5.68  5.71  5.69  5.70  5.67  5.59  5.53  5.52  5.52  5.53  5.58  5.71  5.87  5.93  5.89
 6.88  7.01  7.13  7.13  7.02  7.02  7.11  7.28  7.54  7.75  7.82  7.69  7.33  6.89  6.75  6.94  7.03  6.81  6.57  6.47  6.43  6.32  6.12  5.98  5.94  5.91  5.85  5.72  5.57  5.46  5.41  5.43  5.47  5.46  5.46  5.48  5.50  5.48  5.48  5.50  5.51  5.49  5.49  5.50  5.52  5.57  5.64  5.74  5.82  5.86
 6.86  6.87  6.89  6.84  6.81  6.92  7.10  7.31  7.50  7.52  7.29  6.93  6.54  6.28  6.27  6.39  6.42  6.23  6.02  5.98  6.03  6.03  5.92  5.82  5.78  5.78  5.78  5.69  5.54  5.43  5.35  5.33  5.34  5.33  5.29  5.27  5.28  5.27  5.29  5.35  5.44  5.47  5.46  5.47  5.48  5.50  5.55  5.62  5.70  5.77
 6.78  6.68  6.56  6.49  6.55  6.73  6.91  7.06  7.10  6.91  6.54  6.20  6.00  5.94  5.92  5.91  5.88  5.77  5.65  5.62  5.63  5.65  5.67  5.68  5.66  5.62  5.58  5.53  5.48  5.45  5.38  5.30  5.24  5.20  5.16  5.15  5.14  5.14  5.18  5.28  5.41  5.47  5.47  5.46  5.43  5.42  5.47  5.54  5.58  5.61
 6.65  6.51  6.33  6.27  6.39  6.54  6.63  6.67  6.55  6.29  6.02  5.88  5.81  5.73  5.66  5.60  5.54  5.50  5.51  5.48  5.41  5.40  5.43  5.49  5.53  5.47  5.39  5.36  5.38  5.41  5.39  5.30  5.23  5.21  5.19  5.16  5.13  5.11  5.14  5.25  5.36  5.43  5.45  5.44  5.39  5.34  5.37  5.42  5.44  5.46
 6.45  6.36  6.26  6.22  6.28  6.36  6.38  6.31  6.08  5.89  5.86  5.85  5.75  5.59  5.50  5.43  5.39  5.44  5.52  5.49  5.40  5.36  5.34  5.34  5.39  5.37  5.30  5.26  5.28  5.34  5.37  5.33  5.28  5.26  5.26  5.23  5.17  5.12  5.12  5.19  5.28  5.34  5.39  5.41  5.37  5.30  5.26  5.26  5.30  5.37
 6.22  6.23  6.24  6.26  6.26  6.27  6.25  6.10  5.88  5.81  5.84  5.79  5.65  5.49  5.39  5.32  5.30  5.38  5.46  5.47  5.48  5.48  5.40  5.30  5.28  5.28  5.23  5.15  5.11  5.16  5.22  5.23  5.20  5.18  5.18  5.19  5.18  5.15  5.12  5.14  5.21  5.29  5.35  5.40  5.39  5.31  5.21  5.18  5.24  5.35
