Raw_GIS_Data/Climate_scenarios/ProcessedData/month_2_minTemp_rcp45.asc
NCOLS 50
NROWS 26
XLLCENTER 512998.000000
YLLCENTER 8407694.000000
CELLSIZE 800.000000
NODATA_value -999.000000
28.73 28.73 28.73 28.72 28.71 28.71 28.70 28.70 28.70 28.69 28.69 28.69 28.69 28.69 28.68 28.69 28.69 28.68 28.68 28.68 28.68 28.68 28.67 28.67 28.67 28.67 28.67 28.67 28.67 28.67 28.68 28.68 28.68 28.68 28.69 28.69 28.69 28.70 28.70 28.71 28.71 28.71 28.71 28.71 28.70 28.70 28.71 28.71 28.70 28.70
28.73 28.72 28.72 28.71 28.70 28.70 28.70 28.69 28.69 28.68 28.68 28.68 28.68 28.67 28.67 28.67 28.67 28.67 28.66 28.66 28.66 28.66 28.65 28.65 28.65 28.65 28.64 28.64 28.64 28.64 28.65 28.66 28.66 28.67 28.68 28.68 28.68 28.69 28.69 28.70 28.70 28.71 28.71 28.71 28.71 28.71 28.71 28.71 28.71 28.71
28.72 28.71 28.71 28.70 28.70 28.70 28.69 28.69 28.68 28.67 28.67 28.67 28.67 28.67 28.66 28.66 28.65 28.65 28.64 28.64 28.64 28.63 28.63 28.63 28.62 28.62 28.61 28.60 28.59 28.59 28.58 28.61 28.63 28.63 28.64 28.66 28.67 28.67 28.67 28.68 28.69 28.70 28.70 28.70 28.71 28.72 28.72 28.72 28.72 28.71
28.70 28.70 28.70 28.69 28.69 28.69 28.68 28.68 28.67 28.66 28.66 28.65 28.65 28.65 28.64 28.64 28.64 28.63 28.62 28.62 28.61 28.61 28.60 28.60 28.59 28.58 28.57 27.35 26.61 28.50 28.51 28.51 28.56 28.58 28.59 28.59 28.62 28.64 28.65 28.65 28.66 28.68 27.47 27.50 28.66 28.72 28.72 28.73 28.72 28.72
28.68 28.68 28.68 28.69 28.68 28.68 28.67 28.66 28.65 28.65 28.64 28.64 28.63 28.62 28.62 28.61 28.61 28.60 28.59 28.59 28.58 28.58 28.58 28.57 28.57 27.61 27.05 26.46 25.99 26.68 25.58 28.24 26.78 26.70 25.59 28.37 26.91 28.60 28.60 28.60 28.62 27.31 26.98 26.89 28.65 28.72 28.73 28.73 28.73 28.72
28.66 28.66 28.66 28.67 28.67 28.66 28.65 28.64 28.63 28.63 28.62 28.62 28.61 28.60 28.59 28.58 28.58 28.57 28.56 28.55 28.55 28.54 28.54 28.54 27.51 26.18 25.55 24.92 25.01 25.04 24.81 24.68 26.40 25.34 26.54 25.73 25.72 26.05 26.19 26.19 26.31 27.03 26.22 26.26 28.28 28.72 28.73 28.73 28.73 28.73
28.64 28.64 28.64 28.65 28.64 28.64 28.63 28.62 28.61 28.60 28.60 28.59 28.58 28.57 28.56 28.55 28.54 28.53 28.52 28.51 28.50 28.50 28.48 27.52 25.96 25.84 25.30 24.95 28.25 26.18 26.40 26.19 26.13 25.43 25.50 25.10 25.98 26.66 26.55 25.71 26.45 26.83 26.51 26.95 28.63 28.73 28.73 28.72 28.73 28.73
28.62 28.62 28.62 28.62 28.62 28.61 28.59 28.58 28.57 28.56 28.56 28.55 28.54 28.53 28.51 28.50 28.50 28.50 28.49 28.48 28.47 28.46 27.39 26.35 25.80 26.58 28.53 28.57 28.57 28.57 27.05 25.73 24.74 25.52 25.25 27.73 28.58 28.61 27.38 27.47 26.21 28.57 28.45 28.73 28.72 28.73 28.72 28.72 28.72 28.73
28.60 28.60 28.59 28.59 28.58 28.57 28.56 28.55 28.53 28.52 28.51 28.49 28.48 28.48 28.47 28.45 28.43 28.45 28.46 28.46 28.47 28.45 27.08 25.40 26.30 25.95 25.97 26.15 28.58 28.60 27.34 26.05 27.27 26.19 28.63 28.58 28.66 28.67 28.69 27.77 28.72 28.73 28.73 28.73 28.24 28.19 28.44 28.72 28.72 28.72
28.58 28.57 28.57 28.56 28.55 28.54 28.53 28.52 28.50 28.49 28.47 28.46 28.43 28.43 28.42 28.41 28.39 28.38 28.41 26.81 26.63 25.32 26.69 26.15 25.23 24.40 25.70 26.23 28.21 28.63 28.64 28.34 28.49 28.66 28.66 28.68 28.70 28.70 28.71 28.72 28.72 28.73 28.73 28.73 28.74 28.71 28.19 28.72 28.72 28.72
28.57 28.55 28.54 28.53 28.51 28.50 28.49 28.48 28.47 28.46 27.44 26.35 26.05 25.94 26.35 26.33 25.60 26.33 26.37 25.54 25.73 25.09 25.68 24.45 24.83 23.83 25.00 25.95 27.90 28.64 28.65 28.66 28.67 28.68 28.69 28.70 28.71 28.71 28.71 28.72 28.72 28.72 28.72 28.72 28.73 28.73 28.73 28.73 28.73 28.72
28.55 28.53 28.51 28.49 28.48 28.46 28.45 28.45 27.57 27.39 26.35 25.58 24.79 25.23 25.35 24.99 24.62 25.52 26.02 25.03 24.85 25.48 24.69 24.76 26.12 25.22 27.07 28.52 28.65 28.66 28.67 28.68 28.69 28.70 28.70 28.71 28.71 28.71 28.71 28.72 28.73 28.73 28.73 28.72 28.73 28.73 28.73 28.73 28.73 28.73
28.53 28.51 28.49 28.47 28.45 28.43 28.43 27.58 26.97 25.68 26.14 25.36 24.86 24.68 24.77 24.33 24.63 24.74 25.40 24.77 26.07 26.13 25.69 26.02 26.87 27.44 28.57 28.66 28.67 28.67 28.68 28.68 28.69 28.70 28.70 28.71 28.71 28.72 28.72 28.73 28.73 28.73 28.73 28.73 28.73 28.73 28.74 28.73 28.73 28.73
28.53 28.50 28.48 28.45 28.43 28.42 27.54 27.03 25.89 25.28 24.88 24.97 24.93 24.71 25.01 24.47 24.18 24.72 25.53 24.92 26.49 25.71 26.55 28.57 28.65 28.62 28.69 28.69 28.69 28.68 28.69 28.69 28.70 28.70 28.71 28.71 28.72 28.72 28.73 28.73 28.74 28.74 28.74 28.74 28.74 28.74 28.74 28.74 28.74 28.74
28.52 28.50 28.48 28.45 28.44 28.40 26.76 26.78 25.97 25.68 26.27 25.77 26.14 25.43 25.70 25.21 24.92 25.15 25.71 26.07 26.61 28.59 26.67 28.54 28.66 28.68 28.70 28.70 28.70 28.69 28.70 28.70 28.71 28.71 28.72 28.72 28.73 28.73 28.74 28.74 28.74 28.74 28.75 28.74 28.74 28.74 28.74 28.74 28.74 28.74
28.52 28.51 28.49 28.47 28.45 28.44 28.44 28.43 28.36 27.69 28.38 26.55 26.86 26.37 26.91 25.86 26.30 25.67 26.04 26.36 26.59 28.68 26.79 28.91 28.63 28.67 28.69 28.70 28.70 28.70 28.71 28.71 28.72 28.72 28.73 28.73 28.73 28.73 28.74 28.74 28.74 28.74 28.74 28.74 28.74 28.74 28.74 28.74 28.74 28.74
28.52 28.51 28.49 28.48 28.47 28.46 28.45 28.44 28.43 28.43 28.41 28.39 28.38 27.29 27.09 26.66 26.58 26.02 26.23 26.06 26.62 26.67 28.48 28.63 28.69 28.69 28.70 28.70 28.71 28.71 28.71 28.72 28.73 28.73 28.73 28.74 28.74 28.74 28.74 28.74 28.74 28.74 28.74 28.74 28.74 28.74 28.74 28.74 28.74 28.73
28.53 28.51 28.50 28.49 28.49 28.48 28.48 28.47 28.46 28.45 28.43 28.41 28.38 27.66 27.32 26.93 26.62 26.02 26.17 26.41 26.67 26.76 28.51 28.68 28.69 28.70 28.70 28.71 28.71 28.72 28.72 28.73 28.73 28.74 28.74 28.74 28.74 28.74 28.75 28.75 28.74 28.74 28.74 28.74 28.74 28.73 28.74 28.73 28.73 28.73
28.53 28.52 28.51 28.51 28.51 28.51 28.50 28.49 28.49 28.48 28.46 28.44 28.41 27.70 27.39 27.05 26.60 26.33 26.29 26.52 26.82 28.47 28.66 28.68 28.69 28.70 28.71 28.71 28.72 28.72 28.73 28.74 28.74 28.75 28.75 28.75 28.74 28.75 28.75 28.75 28.74 28.74 28.74 28.73 28.73 28.73 28.74 28.74 28.73 28.73
28.54 28.53 28.53 28.53 28.53 28.53 28.52 28.52 28.51 28.51 28.50 28.49 28.47 28.46 27.52 27.16 26.41 26.50 26.72 26.77 28.41 28.64 28.67 28.69 28.70 28.71 28.72 28.72 28.72 28.73 28.73 28.74 28.75 28.75 28.75 28.75 28.75 28.75 28.75 28.75 28.75 28.75 28.74 28.74 28.74 28.74 28.73 28.74 28.74 28.74
28.56 28.56 28.56 28.56 28.55 28.55 28.55 28.54 28.54 28.55 28.54 28.54 28.53 28.53 28.53 28.55 28.57 28.33 28.56 28.61 28.64 28.66 28.68 28.69 28.70 28.71 28.72 28.72 28.73 28.74 28.74 28.75 28.76 28.76 28.75 28.76 28.76 28.75 28.75 28.75 28.75 28.75 28.75 28.75 28.75 28.74 28.74 28.74 28.74 28.75
28.58 28.58 28.58 28.58 28.58 28.58 28.58 28.57 28.57 28.58 28.58 28.58 28.57 28.57 28.58 28.59 28.60 28.37 28.62 28.64 28.66 28.68 28.69 28.70 28.71 28.72 28.72 28.73 28.74 28.74 28.75 28.75 28.76 28.76 28.76 28.76 28.76 28.75 28.74 28.74 28.75 28.75 28.75 28.76 28.76 28.75 28.74 28.74 28.75 28.76
28.60 28.60 28.60 28.60 28.60 28.60 28.60 28.60 28.60 28.61 28.61 28.61 28.61 28.61 28.61 28.62 28.63 28.64 28.65 28.67 28.68 28.69 28.70 28.71 28.72 28.72 28.72 28.73 28.74 28.74 28.75 28.75 28.76 28.76 28.76 28.76 28.76 28.75 28.75 28.75 28.75 28.76 28.76 28.76 28.76 28.76 28.76 28.76 28.76 28.76
28.61 28.61 28.61 28.61 28.62 28.62 28.62 28.62 28.63 28.63 28.63 28.63 28.63 28.63 28.64 28.64 28.65 28.66 28.67 28.69 28.70 28.71 28.72 28.72 28.73 28.73 28.73 28.73 28.74 28.75 28.75 28.75 28.76 28.76 28.76 28.76 28.75 28.75 28.75 28.76 28.76 28.76 28.76 28.77 28.77 28.77 28.77 28.77 28.76 28.76
28.63 28.63 28.62 28.62 28.63 28.63 28.63 28.64 28.64 28.65 28.65 28.64 28.64 28.65 28.66 28.66 28.67 28.67 28.69 28.70 28.72 28.73 28.73 28.73 28.73 28.73 28.73 28.74 28.75 28.75 28.75 28.76 28.76 28.76 28.76 28.76 28.76 28.75 28.75 28.76 28.76 28.76 28.76 28.77 28.77 28.77 28.77 28.77 28.77 28.77
28.64 28.64 28.64 28.64 28.64 28.65 28.65 28.65 28.65 28.66 28.67 28.66 28.66 28.67 28.68 28.68 28.68 28.69 28.70 28.72 28.73 28.74 28.74 28.74 28.74 28.74 28.74 28.74 28.75 28.75 28.75 28.76 28.76 28.77 28.77 28.76 28.76 28.76 28.76 28.76 28.76 28.77 28.76 28.77 28.77 28.77 28.77 28.77 28.77 28.77
