Raw_GIS_Data/Climate_scenarios/ProcessedData/month_12_rainfall_present.asc
NCOLS 50
NROWS 26
XLLCENTER 512998.000000
YLLCENTER 8407694.000000
CELLSIZE 800.000000
NODATA_value -999.000000
 9.48  9.83 10.10 10.23 10.35 10.33 10.16 10.06 10.05 10.10 10.29 10.44 10.43 10.39 10.37 10.30 10.23 10.17 10.07  9.96  9.91  9.95 10.05 10.19 10.31 10.36 10.46 10.71 10.88 10.85 10.75 10.66 10.54 10.41 10.45 10.64 10.86 11.09 11.17 11.02 10.78 10.61 10.44 10.31 10.37 10.68 11.11 11.49 11.81 12.02
 9.62  9.87  9.97  9.96  9.95  9.93  9.86  9.84  9.84  9.87 10.11 10.38 10.47 10.44 10.39 10.33 10.29 10.34 10.39 10.42 10.42 10.38 10.33 10.34 10.43 10.46 10.50 10.69 10.81 10.76 10.64 10.53 10.45 10.40 10.50 10.71 10.97 11.27 11.43 11.30 11.09 10.93 10.73 10.57 10.64 10.94 11.25 11.46 11.72 11.97
 9.80 10.00  9.99  9.89  9.77  9.67  9.62  9.66  9.71  9.79 10.04 10.32 10.44 10.43 10.39 10.42 10.49 10.59 10.68 10.70 10.70 10.66 10.55 10.48 10.56 10.68 10.78 10.89 10.89 10.78 10.68 10.61 10.61 10.67 10.80 11.04 11.26 11.46 11.57 11.50 11.39 11.34 11.17 10.92 10.85 10.98 11.13 11.28 11.49 11.67
10.04 10.18 10.20 10.05  9.82  9.59  9.50  9.60  9.74  9.91 10.16 10.38 10.48 10.46 10.45 10.54 10.69 10.80 10.86 10.88 10.92 10.94 10.84 10.76 10.85 11.09 11.32 11.42 11.33 11.16 11.18 11.10 11.16 11.29 11.44 11.56 11.69 11.82 11.88 11.80 11.73 11.79 11.73 11.43 11.15 11.02 10.98 11.06 11.19 11.26
10.42 10.46 10.43 10.24  9.98  9.72  9.60  9.67  9.85 10.09 10.37 10.59 10.71 10.73 10.72 10.79 10.95 11.12 11.25 11.38 11.55 11.67 11.64 11.59 11.69 12.01 12.32 12.44 12.36 12.29 12.47 12.18 12.00 12.29 12.44 12.25 12.22 12.35 12.42 12.27 12.10 12.17 12.28 12.01 11.53 11.19 11.04 11.03 11.03 11.01
10.77 10.77 10.60 10.36 10.16 10.00  9.94 10.01 10.18 10.46 10.76 11.01 11.20 11.26 11.21 11.21 11.33 11.59 11.92 12.25 12.55 12.78 12.89 12.88 12.94 13.18 13.46 13.56 13.55 13.69 13.99 13.60 13.12 13.35 13.28 13.11 12.94 12.93 13.01 12.85 12.48 12.39 12.57 12.33 11.81 11.44 11.28 11.21 11.09 10.93
10.76 10.76 10.59 10.40 10.29 10.27 10.37 10.52 10.71 10.96 11.23 11.48 11.73 11.79 11.71 11.63 11.67 11.95 12.43 12.86 13.14 13.35 13.45 13.42 13.37 13.35 13.52 13.52 13.43 13.70 14.07 14.23 14.14 14.21 13.96 13.67 13.19 12.97 13.05 13.03 12.62 12.39 12.43 12.19 11.85 11.61 11.45 11.33 11.13 10.89
10.62 10.48 10.36 10.33 10.37 10.49 10.76 11.03 11.22 11.43 11.69 11.99 12.25 12.31 12.19 12.05 12.02 12.23 12.63 12.99 13.24 13.35 13.43 13.53 13.39 13.15 13.07 13.02 12.99 13.29 13.86 14.57 14.71 14.29 13.86 13.32 12.76 12.51 12.47 12.51 12.37 12.11 11.96 11.76 11.64 11.50 11.36 11.24 11.04 10.79
10.78 10.48 10.35 10.42 10.55 10.72 11.07 11.48 11.76 11.97 12.26 12.66 12.95 12.98 12.83 12.64 12.56 12.68 12.91 13.18 13.51 13.72 13.92 14.39 14.50 14.21 13.64 13.22 12.95 13.01 13.44 13.87 13.74 13.38 12.97 12.51 12.08 11.89 11.91 11.94 11.84 11.63 11.42 11.26 11.22 11.17 11.09 11.01 10.87 10.66
11.30 11.04 10.90 10.92 10.99 11.10 11.39 11.87 12.33 12.65 13.01 13.49 13.81 13.84 13.70 13.55 13.43 13.41 13.55 13.84 14.36 14.82 14.92 15.80 16.57 16.32 14.73 13.71 13.04 12.75 12.79 12.89 12.65 12.37 12.05 11.70 11.34 11.23 11.35 11.48 11.43 11.25 11.00 10.83 10.77 10.76 10.76 10.73 10.71 10.59
11.97 11.93 11.89 11.89 11.90 11.95 12.13 12.47 12.91 13.38 13.97 14.65 15.05 14.99 14.93 15.05 14.90 14.48 14.56 15.01 15.37 15.80 16.12 16.94 17.66 17.67 15.39 13.82 12.87 12.36 12.12 11.97 11.80 11.61 11.39 11.09 10.85 10.78 10.89 11.06 11.12 10.99 10.77 10.58 10.46 10.41 10.44 10.53 10.61 10.55
12.55 12.76 12.93 13.10 13.21 13.30 13.43 13.60 13.85 14.36 15.12 16.07 16.60 16.47 16.65 17.17 16.95 16.15 15.98 16.22 15.95 16.01 16.38 16.41 16.01 15.74 14.36 13.12 12.28 11.76 11.41 11.18 11.08 11.04 10.97 10.83 10.64 10.48 10.46 10.61 10.72 10.69 10.59 10.47 10.32 10.23 10.27 10.42 10.55 10.51
13.36 13.64 13.94 14.27 14.58 14.84 15.04 15.17 15.39 15.73 16.16 16.92 17.49 17.66 18.19 19.05 18.96 18.01 17.22 16.69 15.78 15.67 15.80 15.35 14.53 13.95 13.15 12.43 11.81 11.27 10.88 10.65 10.57 10.60 10.70 10.71 10.53 10.27 10.14 10.18 10.22 10.21 10.25 10.25 10.16 10.09 10.13 10.26 10.43 10.44
14.37 14.61 14.93 15.34 15.75 16.08 16.29 16.41 16.56 16.69 16.83 17.24 17.74 18.21 18.85 19.93 19.93 18.59 17.28 16.51 15.66 15.63 15.28 14.58 13.85 13.25 12.58 11.97 11.43 10.93 10.53 10.25 10.16 10.26 10.46 10.56 10.44 10.23 10.06  9.95  9.83  9.73  9.75  9.85  9.90  9.89  9.88  9.99 10.18 10.25
14.87 15.10 15.34 15.67 16.01 16.21 16.26 16.31 16.43 16.45 16.53 17.02 17.65 18.23 18.61 19.00 18.59 17.45 16.25 15.65 15.33 15.26 14.68 13.89 13.29 12.73 12.05 11.42 10.91 10.51 10.21  9.98  9.90  9.99 10.20 10.38 10.40 10.32 10.17  9.97  9.74  9.52  9.44  9.57  9.75  9.81  9.78  9.81  9.96 10.06
14.56 14.71 14.81 14.91 15.00 14.98 15.04 15.19 15.37 15.47 15.68 16.35 16.99 17.43 17.41 17.02 16.38 15.83 15.15 14.79 14.70 14.51 13.82 13.01 12.54 12.08 11.48 10.90 10.37 10.00  9.86  9.78  9.75  9.80  9.97 10.22 10.40 10.44 10.32 10.14  9.91  9.63  9.43  9.47  9.72  9.91  9.93  9.90  9.94  9.99
13.97 13.96 13.99 13.99 13.90 13.81 13.95 14.22 14.43 14.59 14.91 15.51 15.94 16.08 15.81 15.33 14.90 14.67 14.35 14.14 13.99 13.68 12.91 12.22 11.94 11.68 11.24 10.70 10.12  9.70  9.58  9.61  9.66  9.71  9.82 10.09 10.39 10.51 10.45 10.34 10.17  9.88  9.57  9.47  9.67  9.99 10.13 10.06  9.99  9.96
13.83 13.68 13.66 13.63 13.51 13.44 13.57 13.83 14.12 14.41 14.80 15.10 15.06 14.79 14.46 14.21 14.06 13.91 13.71 13.55 13.31 12.85 12.15 11.71 11.59 11.48 11.19 10.71 10.10  9.63  9.44  9.45  9.55  9.61  9.70  9.96 10.32 10.56 10.57 10.51 10.39 10.10  9.73  9.52  9.62  9.92 10.15 10.17 10.05  9.95
14.09 13.92 13.80 13.65 13.52 13.46 13.53 13.77 14.19 14.69 14.97 14.77 14.32 13.86 13.52 13.39 13.33 13.23 13.13 13.02 12.68 12.07 11.58 11.41 11.36 11.24 11.03 10.67 10.16  9.73  9.46  9.38  9.46  9.57  9.68  9.92 10.28 10.58 10.68 10.60 10.44 10.20  9.87  9.65  9.63  9.77  9.98 10.11 10.02  9.91
14.17 14.06 13.82 13.56 13.39 13.32 13.46 13.85 14.39 14.76 14.58 14.02 13.53 13.18 12.90 12.76 12.72 12.64 12.63 12.57 12.16 11.54 11.19 11.13 11.06 10.93 10.79 10.62 10.32  9.95  9.65  9.49  9.55  9.70  9.85 10.07 10.37 10.63 10.71 10.57 10.33 10.12  9.92  9.76  9.72  9.78  9.89  9.98  9.93  9.86
13.95 13.81 13.51 13.22 13.03 13.05 13.34 13.80 14.15 14.15 13.71 13.13 12.74 12.54 12.36 12.21 12.20 12.24 12.25 12.08 11.62 11.15 10.90 10.82 10.77 10.70 10.65 10.63 10.52 10.28 10.03  9.86  9.86  9.96 10.10 10.26 10.47 10.68 10.73 10.54 10.23 10.03  9.91  9.83  9.85  9.92  9.94  9.92  9.85  9.83
13.59 13.38 13.09 12.75 12.59 12.76 13.08 13.28 13.30 13.19 12.88 12.44 12.07 11.89 11.84 11.85 11.96 12.14 12.08 11.66 11.08 10.72 10.62 10.63 10.66 10.66 10.65 10.65 10.63 10.51 10.33 10.20 10.16 10.23 10.33 10.38 10.49 10.66 10.73 10.53 10.23 10.02  9.93  9.92  9.98 10.05 10.04  9.95  9.81  9.78
13.21 12.94 12.62 12.33 12.29 12.48 12.60 12.49 12.32 12.26 12.20 11.97 11.64 11.48 11.55 11.70 11.92 12.18 12.06 11.46 10.74 10.40 10.40 10.52 10.63 10.72 10.80 10.82 10.75 10.64 10.52 10.40 10.32 10.38 10.46 10.46 10.50 10.65 10.71 10.55 10.29 10.09  9.99  9.99 10.06 10.13 10.12 10.04  9.87  9.77
12.84 12.52 12.26 12.13 12.16 12.21 12.09 11.80 11.58 11.59 11.66 11.55 11.36 11.32 11.48 11.70 11.97 12.25 12.10 11.47 10.72 10.32 10.28 10.36 10.48 10.68 10.92 11.02 10.95 10.87 10.86 10.75 10.57 10.53 10.55 10.53 10.56 10.67 10.69 10.54 10.33 10.19 10.10 10.07 10.08 10.11 10.14 10.12 10.00  9.87
12.43 12.21 12.08 12.09 12.09 12.01 11.76 11.37 11.16 11.21 11.25 11.14 11.06 11.15 11.41 11.73 12.01 12.25 12.19 11.67 10.99 10.51 10.29 10.23 10.32 10.50 10.69 10.83 10.90 11.01 11.20 11.17 10.89 10.68 10.55 10.46 10.45 10.52 10.54 10.49 10.36 10.25 10.21 10.16 10.09 10.05 10.10 10.13 10.07  9.98
12.08 12.02 12.03 12.07 12.02 11.88 11.59 11.20 11.00 11.02 10.98 10.80 10.73 10.89 11.25 11.60 11.85 12.08 12.20 11.90 11.29 10.77 10.43 10.24 10.18 10.17 10.22 10.38 10.59 10.92 11.30 11.35 11.03 10.65 10.42 10.29 10.23 10.25 10.30 10.36 10.31 10.21 10.19 10.17 10.07  9.97  9.97  9.98  9.93  9.89
