Raw_GIS_Data/Climate_scenarios/ProcessedData/month_9_minTemp_rcp45.asc
NCOLS 50
NROWS 26
XLLCENTER 512998.000000
YLLCENTER 8407694.000000
CELLSIZE 800.000000
NODATA_value -999.000000
27.43 27.43 27.43 27.44 27.43 27.43 27.43 27.43 27.42 27.42 27.43 27.43 27.42 27.42 27.41 27.40 27.40 27.39 27.38 27.38 27.37 27.37 27.37 27.37 27.38 27.38 27.37 27.37 27.38 27.38 27.38 27.39 27.39 27.40 27.40 27.41 27.41 27.42 27.42 27.42 27.43 27.43 27.44 27.44 27.44 27.44 27.45 27.45 27.45 27.45
27.43 27.42 27.43 27.43 27.43 27.42 27.42 27.41 27.41 27.42 27.41 27.41 27.41 27.40 27.40 27.39 27.38 27.37 27.37 27.36 27.36 27.35 27.34 27.34 27.34 27.34 27.34 27.33 27.33 27.33 27.35 27.36 27.37 27.37 27.38 27.39 27.40 27.41 27.41 27.41 27.41 27.42 27.43 27.44 27.44 27.44 27.44 27.44 27.44 27.44
27.42 27.42 27.41 27.41 27.41 27.41 27.41 27.40 27.40 27.40 27.40 27.40 27.39 27.38 27.38 27.37 27.36 27.35 27.35 27.34 27.34 27.33 27.32 27.32 27.31 27.30 27.29 27.29 27.29 27.27 27.27 27.31 27.33 27.34 27.34 27.37 27.39 27.39 27.39 27.39 27.39 27.40 27.41 27.43 27.43 27.43 27.43 27.43 27.44 27.44
27.41 27.41 27.40 27.40 27.40 27.40 27.40 27.39 27.39 27.39 27.39 27.38 27.38 27.37 27.36 27.35 27.34 27.33 27.32 27.32 27.31 27.30 27.30 27.30 27.28 27.27 27.26 26.42 25.77 27.21 27.22 27.20 27.27 27.29 27.30 27.29 27.34 27.36 27.35 27.35 27.36 27.35 26.62 26.71 27.38 27.43 27.43 27.43 27.44 27.44
27.40 27.39 27.39 27.39 27.39 27.39 27.38 27.38 27.37 27.37 27.37 27.36 27.36 27.35 27.34 27.33 27.32 27.31 27.30 27.29 27.28 27.27 27.27 27.27 27.26 26.38 26.02 25.66 25.19 25.98 24.71 26.94 25.69 25.87 24.64 27.06 26.24 27.32 27.32 27.31 27.31 26.44 26.14 26.10 27.36 27.42 27.43 27.43 27.44 27.43
27.38 27.38 27.38 27.38 27.38 27.37 27.37 27.36 27.36 27.35 27.35 27.34 27.33 27.32 27.31 27.31 27.30 27.29 27.28 27.27 27.25 27.24 27.23 27.24 26.29 25.18 24.60 23.99 24.11 24.17 23.79 23.71 25.45 24.48 25.88 24.98 24.89 25.28 25.40 25.31 25.47 26.26 25.30 25.37 26.99 27.41 27.42 27.43 27.43 27.43
27.37 27.37 27.36 27.36 27.36 27.35 27.34 27.34 27.33 27.33 27.32 27.31 27.31 27.29 27.28 27.28 27.27 27.27 27.26 27.24 27.23 27.20 27.18 26.32 24.85 24.85 24.29 23.97 26.81 25.14 25.46 25.23 25.21 24.49 24.62 24.17 25.14 25.82 25.74 24.69 25.55 26.04 25.55 25.95 27.32 27.41 27.42 27.42 27.43 27.43
27.37 27.36 27.34 27.34 27.33 27.32 27.32 27.31 27.30 27.29 27.28 27.27 27.26 27.26 27.24 27.24 27.24 27.24 27.24 27.23 27.21 27.17 26.23 25.31 24.82 25.79 27.19 27.21 27.22 27.21 26.04 24.74 23.64 24.50 24.27 26.37 27.26 27.32 26.58 26.52 25.22 27.24 27.14 27.41 27.42 27.42 27.41 27.42 27.42 27.42
27.35 27.34 27.32 27.31 27.30 27.29 27.28 27.28 27.27 27.25 27.24 27.22 27.21 27.20 27.19 27.18 27.18 27.20 27.21 27.22 27.23 27.20 26.11 24.48 25.59 25.28 25.22 25.40 27.28 27.30 26.47 24.97 26.14 25.11 27.26 27.26 27.35 27.38 27.40 26.49 27.38 27.41 27.41 27.41 26.96 26.92 27.14 27.42 27.42 27.43
27.33 27.32 27.30 27.28 27.27 27.25 27.25 27.24 27.23 27.22 27.20 27.19 27.16 27.14 27.13 27.14 27.12 27.12 27.17 25.93 25.81 24.38 25.96 25.48 24.42 23.50 24.85 25.44 26.93 27.33 27.35 27.03 27.17 27.33 27.34 27.37 27.38 27.39 27.39 27.40 27.40 27.41 27.41 27.41 27.42 27.39 26.90 27.41 27.42 27.42
27.31 27.29 27.27 27.25 27.23 27.21 27.20 27.19 27.19 27.20 26.28 25.53 25.29 25.22 25.59 25.53 24.68 25.52 25.63 24.89 25.04 24.32 24.98 23.55 23.94 22.78 24.00 25.07 26.63 27.34 27.35 27.35 27.36 27.36 27.37 27.38 27.38 27.39 27.40 27.40 27.40 27.41 27.41 27.41 27.41 27.41 27.41 27.42 27.42 27.42
27.30 27.28 27.26 27.23 27.20 27.18 27.16 27.14 26.12 26.08 25.31 24.64 23.85 24.53 24.68 24.15 23.64 24.66 25.18 24.12 23.91 24.64 23.72 23.78 25.27 24.20 25.70 27.20 27.35 27.36 27.36 27.37 27.37 27.37 27.38 27.38 27.39 27.39 27.40 27.40 27.40 27.41 27.41 27.41 27.41 27.41 27.41 27.42 27.42 27.43
27.29 27.27 27.25 27.22 27.18 27.15 27.13 26.00 25.64 24.62 25.19 24.40 23.88 23.80 23.91 23.35 23.68 23.79 24.40 23.71 25.07 25.26 24.78 25.28 26.24 26.11 27.21 27.35 27.37 27.37 27.37 27.37 27.38 27.38 27.38 27.39 27.39 27.39 27.40 27.40 27.40 27.41 27.41 27.41 27.41 27.42 27.41 27.42 27.42 27.43
27.29 27.28 27.25 27.23 27.19 27.14 26.10 25.64 24.72 24.20 23.84 23.97 23.94 23.73 24.06 23.47 23.16 23.74 24.56 23.92 25.64 24.86 25.87 27.28 27.36 27.30 27.37 27.38 27.38 27.38 27.38 27.38 27.38 27.38 27.38 27.39 27.39 27.39 27.39 27.40 27.40 27.40 27.41 27.41 27.41 27.41 27.41 27.42 27.42 27.42
27.30 27.29 27.27 27.25 27.23 27.15 25.54 25.65 24.86 24.62 25.28 24.83 25.22 24.43 24.73 24.22 23.89 24.22 24.86 25.25 25.87 27.13 26.05 27.27 27.37 27.38 27.38 27.38 27.38 27.38 27.38 27.38 27.38 27.38 27.39 27.39 27.39 27.39 27.39 27.39 27.39 27.40 27.40 27.41 27.41 27.41 27.41 27.42 27.42 27.42
27.32 27.31 27.29 27.27 27.25 27.22 27.19 27.16 27.07 26.38 27.02 25.62 25.91 25.29 25.84 24.82 25.43 24.79 25.29 25.71 26.00 27.20 26.13 27.43 27.32 27.37 27.38 27.38 27.38 27.39 27.39 27.39 27.39 27.39 27.39 27.39 27.40 27.40 27.39 27.39 27.39 27.40 27.40 27.40 27.40 27.40 27.41 27.42 27.42 27.42
27.33 27.32 27.31 27.29 27.27 27.26 27.24 27.22 27.19 27.16 27.13 27.09 27.06 25.96 25.86 25.62 25.75 25.19 25.59 25.48 26.09 26.09 27.21 27.31 27.38 27.38 27.38 27.38 27.39 27.39 27.40 27.39 27.39 27.39 27.39 27.40 27.40 27.40 27.40 27.39 27.39 27.39 27.39 27.39 27.39 27.40 27.41 27.41 27.41 27.41
27.34 27.33 27.32 27.31 27.29 27.28 27.27 27.26 27.25 27.22 27.19 27.14 27.09 26.15 25.94 25.82 25.78 25.20 25.53 25.86 26.18 26.17 27.23 27.37 27.38 27.38 27.38 27.39 27.39 27.39 27.40 27.40 27.40 27.40 27.40 27.40 27.40 27.40 27.39 27.39 27.39 27.39 27.39 27.39 27.39 27.40 27.40 27.41 27.41 27.41
27.34 27.33 27.33 27.32 27.31 27.30 27.30 27.29 27.27 27.25 27.23 27.19 27.15 26.35 26.16 26.04 25.81 25.59 25.66 25.95 26.30 27.21 27.37 27.38 27.38 27.38 27.38 27.39 27.39 27.40 27.40 27.40 27.40 27.40 27.40 27.40 27.39 27.39 27.39 27.39 27.39 27.39 27.39 27.39 27.39 27.39 27.40 27.40 27.40 27.41
27.34 27.34 27.33 27.32 27.32 27.32 27.31 27.30 27.29 27.28 27.27 27.26 27.25 27.23 26.41 26.22 25.59 25.79 26.16 26.16 27.16 27.36 27.37 27.38 27.38 27.38 27.38 27.39 27.39 27.40 27.41 27.41 27.40 27.40 27.40 27.40 27.39 27.39 27.39 27.39 27.40 27.40 27.40 27.39 27.40 27.40 27.40 27.40 27.40 27.41
27.34 27.34 27.33 27.33 27.33 27.32 27.32 27.32 27.31 27.31 27.31 27.31 27.30 27.30 27.31 27.32 27.33 27.10 27.33 27.35 27.36 27.37 27.37 27.38 27.38 27.38 27.39 27.39 27.40 27.41 27.41 27.41 27.40 27.40 27.40 27.39 27.39 27.39 27.39 27.40 27.40 27.40 27.40 27.40 27.40 27.40 27.40 27.40 27.40 27.40
27.35 27.34 27.34 27.34 27.34 27.34 27.33 27.33 27.33 27.33 27.33 27.33 27.34 27.34 27.34 27.35 27.36 27.13 27.36 27.37 27.37 27.38 27.38 27.38 27.38 27.38 27.39 27.39 27.40 27.41 27.41 27.40 27.40 27.40 27.40 27.39 27.39 27.40 27.40 27.40 27.40 27.40 27.40 27.40 27.40 27.40 27.40 27.40 27.40 27.40
27.34 27.34 27.34 27.35 27.35 27.35 27.35 27.35 27.35 27.35 27.35 27.35 27.36 27.36 27.36 27.37 27.37 27.37 27.37 27.37 27.37 27.37 27.38 27.38 27.39 27.39 27.39 27.40 27.40 27.40 27.40 27.40 27.40 27.39 27.40 27.40 27.40 27.40 27.40 27.40 27.40 27.40 27.40 27.40 27.40 27.40 27.40 27.40 27.40 27.40
27.35 27.35 27.35 27.35 27.35 27.36 27.36 27.36 27.36 27.36 27.36 27.36 27.36 27.37 27.37 27.38 27.38 27.38 27.38 27.37 27.37 27.37 27.38 27.39 27.39 27.39 27.39 27.40 27.40 27.40 27.40 27.40 27.40 27.40 27.40 27.40 27.40 27.40 27.40 27.40 27.39 27.39 27.39 27.39 27.39 27.39 27.39 27.40 27.40 27.40
27.35 27.35 27.35 27.36 27.36 27.37 27.37 27.37 27.37 27.37 27.37 27.37 27.37 27.37 27.38 27.38 27.38 27.38 27.38 27.38 27.38 27.38 27.38 27.38 27.39 27.39 27.40 27.40 27.40 27.40 27.41 27.41 27.40 27.40 27.39 27.40 27.40 27.40 27.40 27.40 27.39 27.39 27.39 27.39 27.39 27.39 27.39 27.39 27.39 27.39
27.35 27.36 27.36 27.37 27.37 27.38 27.38 27.38 27.38 27.38 27.37 27.37 27.37 27.37 27.38 27.38 27.38 27.38 27.38 27.38 27.38 27.38 27.38 27.38 27.39 27.39 27.40 27.40 27.41 27.41 27.41 27.40 27.40 27.40 27.39 27.40 27.40 27.40 27.40 27.40 27.39 27.39 27.39 27.39 27.38 27.38 27.39 27.39 27.39 27.39
