Raw_GIS_Data/Climate_scenarios/ProcessedData/month_8_rainfall_present.asc
NCOLS 50
NROWS 26
XLLCENTER 512998.000000
YLLCENTER 8407694.000000
CELLSIZE 800.000000
NODATA_value -999.000000
 5.92  6.04  6.15  6.12  6.03  6.00  6.04  6.05  5.96  5.85  5.84  5.89  5.93  5.88  5.83  5.88  5.97  6.03  6.05  6.09  6.20  6.37  6.54  6.67  6.76  6.83  6.94  7.09  7.22  7.32  7.42  7.51  7.61  7.72  7.80  7.84  7.85  7.84  7.86  7.95  8.07  8.06  8.02  8.10  8.21  8.21  8.12  8.01  7.84  7.64
 5.99  6.08  6.17  6.14  5.99  5.89  5.90  5.92  5.87  5.78  5.77  5.84  5.90  5.89  5.89  5.92  5.99  6.08  6.15  6.25  6.41  6.63  6.81  6.91  7.01  7.16  7.37  7.58  7.68  7.70  7.72  7.75  7.80  7.86  7.90  7.89  7.89  7.89  7.86  7.89  7.96  7.99  7.99  8.04  8.05  7.93  7.78  7.70  7.65  7.57
 5.93  6.00  6.10  6.10  5.97  5.85  5.81  5.80  5.75  5.68  5.69  5.80  5.92  5.97  5.97  5.98  6.06  6.18  6.29  6.44  6.68  6.98  7.22  7.38  7.53  7.71  7.93  8.14  8.20  8.14  8.12  8.11  8.17  8.28  8.32  8.22  8.14  8.10  8.06  8.03  8.03  8.06  8.04  7.96  7.84  7.66  7.51  7.45  7.44  7.44
 5.80  5.87  6.00  6.02  5.92  5.81  5.76  5.72  5.68  5.67  5.75  5.89  6.02  6.10  6.12  6.13  6.19  6.29  6.42  6.62  6.94  7.36  7.77  8.13  8.40  8.58  8.75  8.92  8.93  8.78  8.78  8.68  8.71  8.84  8.88  8.62  8.43  8.35  8.33  8.30  8.23  8.25  8.20  7.97  7.71  7.47  7.33  7.31  7.34  7.40
 5.75  5.82  5.93  5.93  5.85  5.79  5.73  5.67  5.65  5.73  5.91  6.08  6.21  6.34  6.43  6.47  6.50  6.56  6.70  6.92  7.27  7.76  8.37  8.94  9.38  9.75  9.99 10.04  9.86  9.73  9.84  9.59  9.36  9.45  9.32  8.90  8.67  8.64  8.70  8.69  8.54  8.47  8.49  8.19  7.75  7.44  7.29  7.31  7.40  7.49
 5.84  5.87  5.88  5.82  5.77  5.76  5.73  5.68  5.69  5.82  6.03  6.23  6.39  6.58  6.75  6.84  6.88  6.97  7.16  7.41  7.75  8.23  8.91  9.60 10.20 10.68 11.03 10.92 10.44 10.38 10.70 10.56 10.09  9.92  9.43  9.09  8.83  8.86  9.15  9.27  8.95  8.77  8.85  8.51  7.93  7.55  7.37  7.38  7.47  7.55
 5.96  5.93  5.83  5.74  5.70  5.71  5.72  5.75  5.81  5.93  6.12  6.32  6.49  6.71  6.95  7.13  7.26  7.44  7.70  8.03  8.43  8.93  9.56 10.25 10.66 10.78 10.88 10.55  9.93  9.99 10.47 10.85 10.66 10.18  9.53  9.01  8.60  8.69  9.15  9.46  9.20  8.95  8.91  8.57  8.09  7.73  7.55  7.49  7.50  7.55
 6.04  5.98  5.86  5.78  5.74  5.73  5.78  5.86  5.95  6.07  6.24  6.42  6.58  6.82  7.12  7.42  7.71  8.01  8.35  8.82  9.38  9.97 10.66 11.20 11.05 10.74 10.41 10.00  9.63  9.76 10.27 10.92 10.81  9.94  9.20  8.59  8.35  8.44  8.69  9.02  9.07  8.84  8.67  8.44  8.17  7.90  7.69  7.56  7.51  7.57
 6.17  6.11  6.03  5.99  6.00  6.03  6.06  6.13  6.25  6.43  6.63  6.80  6.97  7.20  7.51  7.89  8.34  8.82  9.28  9.85 10.64 11.47 12.24 12.76 12.37 11.59 10.62 10.00  9.61  9.54  9.76  9.95  9.59  9.19  8.62  8.32  8.24  8.20  8.31  8.55  8.63  8.57  8.43  8.27  8.13  7.93  7.73  7.58  7.56  7.66
 6.44  6.39  6.38  6.41  6.51  6.59  6.64  6.73  6.95  7.26  7.56  7.79  7.94  8.15  8.41  8.79  9.35  9.92 10.54 11.27 12.22 13.11 13.74 14.70 14.63 13.27 10.96 10.01  9.60  9.32  9.13  9.00  8.77  8.60  8.36  8.21  8.08  7.99  8.05  8.21  8.31  8.32  8.20  8.06  7.96  7.82  7.67  7.59  7.68  7.82
 6.74  6.75  6.83  6.95  7.11  7.30  7.46  7.67  8.03  8.51  9.07  9.51  9.76  9.96 10.26 10.69 11.12 11.48 12.15 12.89 13.44 14.04 14.67 15.26 15.15 14.07 11.09  9.80  9.36  9.09  8.83  8.59  8.40  8.31  8.26  8.17  8.07  8.02  8.08  8.18  8.23  8.23  8.12  7.95  7.84  7.75  7.63  7.64  7.79  7.96
 6.98  7.08  7.25  7.44  7.69  8.02  8.38  8.80  9.34 10.11 10.88 11.65 12.17 12.59 13.23 13.67 13.58 13.56 13.84 13.98 13.53 13.47 13.63 13.20 12.29 11.60 10.08  9.13  8.93  8.86  8.65  8.38  8.19  8.14  8.17  8.16  8.10  8.13  8.24  8.30  8.28  8.28  8.21  8.07  7.95  7.86  7.75  7.73  7.86  8.03
 7.38  7.50  7.64  7.84  8.15  8.58  9.13  9.85 10.74 11.65 12.58 13.63 14.50 15.21 16.04 16.62 16.14 15.37 14.82 14.09 12.70 12.11 11.73 11.10 10.30  9.80  9.13  8.77  8.72  8.64  8.42  8.18  8.03  8.02  8.05  8.01  8.03  8.16  8.31  8.33  8.29  8.30  8.31  8.24  8.11  7.98  7.86  7.83  7.93  8.08
 8.09  8.12  8.19  8.34  8.63  9.07  9.66 10.50 11.60 12.59 13.59 14.69 15.62 16.34 16.97 17.75 17.18 15.67 14.45 13.46 11.91 11.21 10.47  9.89  9.38  9.07  8.89  8.83  8.71  8.48  8.22  8.04  8.01  8.04  7.98  7.90  7.97  8.14  8.27  8.26  8.23  8.27  8.29  8.22  8.10  7.99  7.89  7.85  7.93  8.06
 8.70  8.75  8.85  9.02  9.28  9.63 10.02 10.65 11.59 12.35 13.10 14.10 14.92 15.54 15.83 16.21 15.69 14.41 13.09 12.04 10.99 10.39  9.96  9.57  9.19  9.00  8.98  8.98  8.82  8.49  8.19  8.07  8.12  8.17  8.12  8.05  8.08  8.19  8.25  8.22  8.20  8.23  8.17  8.03  7.95  7.94  7.89  7.82  7.85  7.97
 9.13  9.31  9.45  9.59  9.81 10.09 10.36 10.75 11.29 11.79 12.35 13.03 13.60 14.06 14.24 14.28 13.74 12.95 11.95 11.05 10.29  9.86  9.69  9.47  9.25  9.10  9.04  9.02  8.91  8.64  8.35  8.22  8.24  8.32  8.31  8.26  8.26  8.30  8.32  8.32  8.32  8.26  8.09  7.94  7.92  7.95  7.90  7.79  7.79  7.85
 9.49  9.70  9.79  9.89 10.11 10.37 10.65 10.85 10.96 11.14 11.52 11.97 12.42 12.85 13.08 13.02 12.68 12.16 11.32 10.51  9.85  9.52  9.39  9.30  9.19  9.07  9.01  8.99  8.93  8.72  8.44  8.26  8.23  8.32  8.38  8.37  8.39  8.41  8.43  8.45  8.42  8.31  8.12  8.02  8.05  8.08  8.00  7.84  7.73  7.72
 9.71  9.87  9.97 10.07 10.20 10.42 10.69 10.79 10.73 10.67 10.79 11.12 11.51 11.81 12.03 12.04 11.89 11.64 11.04 10.31  9.65  9.28  9.12  9.06  9.02  8.95  8.89  8.86  8.81  8.64  8.35  8.11  8.05  8.17  8.32  8.42  8.52  8.57  8.57  8.52  8.42  8.31  8.22  8.21  8.25  8.26  8.17  7.97  7.77  7.70
 9.80  9.97 10.17 10.21 10.23 10.43 10.63 10.68 10.55 10.33 10.26 10.45 10.71 10.87 10.98 11.02 11.03 11.06 10.81 10.25  9.61  9.20  9.00  8.95  8.94  8.88  8.75  8.65  8.59  8.46  8.20  7.97  7.89  7.98  8.19  8.43  8.62  8.70  8.68  8.60  8.46  8.40  8.42  8.46  8.46  8.39  8.25  8.03  7.87  7.80
 9.95 10.13 10.26 10.25 10.26 10.35 10.45 10.48 10.33 10.03  9.84  9.87 10.00 10.08 10.12 10.18 10.35 10.53 10.43 10.02  9.56  9.24  9.03  8.92  8.87  8.74  8.52  8.38  8.38  8.33  8.13  7.96  7.86  7.85  8.01  8.27  8.50  8.59  8.62  8.62  8.57  8.53  8.60  8.64  8.59  8.44  8.23  8.03  7.93  7.88
 9.98 10.02  9.99  9.94  9.94  9.98 10.04 10.11 10.02  9.74  9.47  9.42  9.45  9.50  9.59  9.67  9.85 10.05  9.96  9.65  9.44  9.29  9.06  8.84  8.71  8.55  8.34  8.22  8.25  8.24  8.11  7.98  7.87  7.79  7.83  8.03  8.26  8.39  8.46  8.52  8.50  8.48  8.60  8.67  8.61  8.45  8.28  8.15  8.09  8.04
 9.63  9.47  9.37  9.36  9.43  9.55  9.66  9.78  9.79  9.57  9.22  9.07  9.07  9.14  9.30  9.43  9.56  9.66  9.56  9.36  9.27  9.23  9.03  8.76  8.58  8.42  8.27  8.13  8.10  8.07  8.00  7.95  7.93  7.88  7.83  7.90  8.08  8.21  8.28  8.35  8.34  8.33  8.43  8.52  8.51  8.43  8.37  8.32  8.32  8.32
 9.12  8.98  8.93  8.98  9.10  9.23  9.36  9.55  9.67  9.48  9.07  8.79  8.70  8.81  9.00  9.10  9.10  9.07  9.01  8.96  9.00  9.05  8.93  8.67  8.42  8.23  8.09  7.98  7.90  7.87  7.87  7.95  8.09  8.16  8.04  7.92  7.98  8.09  8.14  8.19  8.21  8.18  8.20  8.27  8.32  8.33  8.33  8.33  8.39  8.45
 8.84  8.87  8.88  8.90  8.93  8.96  9.08  9.30  9.43  9.24  8.85  8.55  8.40  8.48  8.66  8.69  8.53  8.36  8.34  8.44  8.61  8.73  8.67  8.46  8.17  7.95  7.85  7.83  7.82  7.85  7.95  8.11  8.31  8.43  8.27  8.04  7.99  8.05  8.08  8.11  8.12  8.06  8.07  8.17  8.26  8.26  8.19  8.20  8.28  8.35
 8.80  8.93  8.89  8.76  8.65  8.64  8.80  9.07  9.16  8.94  8.63  8.41  8.26  8.26  8.34  8.36  8.16  7.89  7.89  8.06  8.25  8.36  8.34  8.20  7.96  7.78  7.76  7.83  7.91  8.00  8.15  8.32  8.46  8.52  8.40  8.16  8.01  8.00  8.03  8.04  7.99  7.95  8.05  8.25  8.37  8.31  8.12  8.05  8.13  8.19
 8.84  8.91  8.77  8.48  8.30  8.32  8.52  8.80  8.89  8.73  8.52  8.38  8.28  8.20  8.16  8.16  8.03  7.76  7.71  7.85  7.99  8.08  8.12  8.06  7.90  7.80  7.88  8.02  8.07  8.10  8.21  8.34  8.40  8.36  8.28  8.16  8.01  7.93  7.92  7.92  7.89  7.90  8.04  8.26  8.41  8.34  8.11  7.98  8.02  8.06
