Raw_GIS_Data/Climate_scenarios/ProcessedData/month_4_minTemp_rcp45.asc
NCOLS 50
NROWS 26
XLLCENTER 512998.000000
YLLCENTER 8407694.000000
CELLSIZE 800.000000
NODATA_value -999.000000
28.78 28.78 28.78 28.78 28.79 28.79 28.79 28.79 28.78 28.78 28.78 28.78 28.78 28.78 28.78 28.77 28.77 28.77 28.77 28.77 28.76 28.76 28.76 28.75 28.75 28.75 28.75 28.75 28.75 28.76 28.76 28.76 28.77 28.78 28.79 28.79 28.80 28.80 28.81 28.82 28.82 28.82 28.82 28.82 28.82 28.82 28.82 28.82 28.82 28.82
28.78 28.78 28.78 28.78 28.78 28.78 28.78 28.78 28.77 28.77 28.77 28.77 28.78 28.77 28.77 28.77 28.77 28.76 28.76 28.75 28.75 28.74 28.74 28.73 28.73 28.72 28.72 28.72 28.72 28.72 28.73 28.74 28.75 28.76 28.76 28.77 28.78 28.79 28.80 28.80 28.81 28.81 28.81 28.81 28.82 28.82 28.82 28.82 28.82 28.82
28.78 28.78 28.77 28.77 28.77 28.77 28.77 28.77 28.77 28.77 28.77 28.77 28.77 28.77 28.76 28.76 28.75 28.75 28.75 28.74 28.73 28.72 28.72 28.71 28.70 28.69 28.68 28.68 28.68 28.68 28.67 28.69 28.71 28.72 28.72 28.74 28.76 28.77 28.77 28.78 28.78 28.78 28.78 28.80 28.81 28.82 28.82 28.82 28.81 28.81
28.77 28.77 28.77 28.77 28.77 28.76 28.76 28.76 28.76 28.76 28.76 28.76 28.76 28.76 28.75 28.74 28.74 28.73 28.72 28.71 28.71 28.70 28.70 28.70 28.69 28.67 28.66 27.48 26.84 28.61 28.62 28.60 28.66 28.68 28.69 28.68 28.71 28.74 28.74 28.74 28.74 28.74 27.68 27.76 28.76 28.81 28.81 28.81 28.81 28.81
28.77 28.77 28.76 28.76 28.76 28.75 28.75 28.75 28.75 28.75 28.75 28.75 28.75 28.74 28.73 28.73 28.72 28.71 28.70 28.68 28.68 28.67 28.67 28.68 28.67 27.66 27.16 26.73 26.23 26.91 25.79 28.36 26.94 26.96 25.78 28.46 27.20 28.70 28.70 28.70 28.70 27.56 27.24 27.18 28.73 28.80 28.80 28.80 28.81 28.81
28.76 28.76 28.76 28.75 28.75 28.74 28.73 28.73 28.73 28.73 28.73 28.73 28.72 28.72 28.71 28.70 28.69 28.69 28.67 28.65 28.64 28.63 28.63 28.63 27.58 26.36 25.74 25.11 25.17 25.18 24.92 24.83 26.71 25.63 26.89 25.98 25.95 26.28 26.36 26.34 26.54 27.38 26.45 26.48 28.35 28.79 28.80 28.80 28.80 28.81
28.75 28.75 28.74 28.74 28.73 28.72 28.72 28.71 28.71 28.71 28.70 28.70 28.69 28.69 28.68 28.67 28.67 28.66 28.65 28.63 28.62 28.60 28.58 27.57 26.07 26.06 25.46 25.09 28.22 26.22 26.45 26.21 26.37 25.63 25.73 25.29 26.23 26.91 26.75 25.80 26.60 27.10 26.68 27.06 28.69 28.79 28.80 28.80 28.80 28.80
28.74 28.73 28.72 28.72 28.71 28.70 28.69 28.68 28.68 28.67 28.67 28.66 28.65 28.65 28.64 28.63 28.63 28.63 28.62 28.62 28.60 28.57 27.43 26.52 26.01 26.91 28.58 28.60 28.61 28.61 27.08 25.88 24.86 25.66 25.40 27.76 28.65 28.69 27.64 27.54 26.33 28.61 28.50 28.78 28.79 28.80 28.80 28.80 28.80 28.81
28.73 28.72 28.70 28.69 28.68 28.68 28.67 28.66 28.65 28.64 28.63 28.62 28.61 28.60 28.59 28.57 28.56 28.58 28.59 28.60 28.61 28.59 27.28 25.63 26.62 26.35 26.31 26.45 28.67 28.69 27.53 26.15 27.31 26.28 28.66 28.64 28.73 28.75 28.76 27.83 28.75 28.78 28.79 28.80 28.24 28.21 28.52 28.80 28.80 28.80
28.71 28.70 28.68 28.66 28.65 28.64 28.63 28.62 28.62 28.61 28.60 28.60 28.57 28.55 28.55 28.54 28.51 28.49 28.54 27.01 26.86 25.52 27.03 26.52 25.54 24.68 26.01 26.52 28.31 28.72 28.73 28.41 28.56 28.73 28.73 28.75 28.77 28.77 28.78 28.78 28.77 28.79 28.79 28.80 28.81 28.78 28.27 28.80 28.80 28.80
28.70 28.68 28.66 28.64 28.62 28.61 28.60 28.59 28.58 28.59 27.41 26.55 26.34 26.26 26.62 26.62 25.87 26.63 26.66 25.89 26.11 25.36 25.98 24.68 25.05 23.97 25.15 26.15 27.99 28.73 28.74 28.75 28.75 28.75 28.76 28.77 28.78 28.79 28.78 28.78 28.79 28.79 28.79 28.80 28.80 28.80 28.80 28.80 28.80 28.80
28.69 28.67 28.64 28.62 28.60 28.58 28.57 28.56 27.47 27.37 26.48 25.77 25.00 25.55 25.70 25.27 24.80 25.76 26.25 25.26 25.04 25.70 24.85 24.90 26.29 25.34 27.08 28.57 28.72 28.75 28.75 28.76 28.77 28.76 28.76 28.77 28.78 28.79 28.79 28.79 28.79 28.79 28.79 28.79 28.79 28.80 28.80 28.80 28.80 28.80
28.68 28.66 28.63 28.61 28.58 28.56 28.55 27.55 26.97 25.80 26.33 25.52 25.02 24.89 25.00 24.51 24.80 24.91 25.55 24.89 26.17 26.30 25.86 26.22 27.15 27.46 28.59 28.72 28.74 28.75 28.76 28.77 28.77 28.77 28.76 28.77 28.78 28.79 28.79 28.79 28.79 28.79 28.79 28.80 28.79 28.79 28.79 28.79 28.80 28.80
28.68 28.66 28.64 28.61 28.59 28.56 27.56 27.05 25.98 25.37 24.98 25.08 25.03 24.84 25.15 24.60 24.30 24.84 25.67 25.03 26.66 25.92 26.80 28.63 28.71 28.66 28.73 28.75 28.75 28.76 28.76 28.76 28.77 28.77 28.77 28.77 28.78 28.79 28.79 28.79 28.79 28.78 28.79 28.79 28.80 28.79 28.79 28.79 28.80 28.80
28.69 28.67 28.65 28.63 28.60 28.54 26.87 26.92 26.10 25.78 26.35 25.85 26.23 25.50 25.76 25.31 25.00 25.27 25.89 26.29 26.91 28.55 26.95 28.61 28.72 28.73 28.75 28.75 28.76 28.76 28.76 28.77 28.77 28.77 28.78 28.78 28.78 28.79 28.79 28.79 28.79 28.79 28.79 28.79 28.79 28.80 28.80 28.79 28.80 28.80
28.68 28.67 28.65 28.63 28.61 28.59 28.57 28.54 28.45 27.75 28.41 26.65 26.91 26.32 26.80 25.89 26.40 25.82 26.27 26.68 27.00 28.62 27.09 28.85 28.68 28.74 28.75 28.76 28.76 28.76 28.77 28.77 28.78 28.78 28.78 28.78 28.78 28.79 28.78 28.79 28.79 28.79 28.79 28.79 28.79 28.79 28.79 28.80 28.80 28.81
28.68 28.67 28.66 28.64 28.63 28.61 28.60 28.58 28.56 28.53 28.49 28.46 28.43 26.98 26.87 26.63 26.73 26.19 26.52 26.38 27.02 27.04 28.54 28.67 28.74 28.75 28.75 28.76 28.77 28.77 28.78 28.78 28.78 28.78 28.78 28.78 28.78 28.79 28.79 28.79 28.79 28.79 28.79 28.79 28.79 28.79 28.80 28.80 28.81 28.81
28.69 28.68 28.67 28.66 28.64 28.64 28.63 28.62 28.60 28.58 28.55 28.51 28.46 27.24 26.96 26.84 26.82 26.23 26.47 26.75 27.04 27.09 28.56 28.73 28.74 28.75 28.76 28.76 28.77 28.78 28.78 28.78 28.78 28.78 28.78 28.78 28.78 28.79 28.79 28.80 28.80 28.80 28.79 28.80 28.80 28.80 28.81 28.81 28.81 28.81
28.69 28.68 28.68 28.67 28.66 28.66 28.65 28.64 28.62 28.61 28.58 28.55 28.51 27.56 27.28 27.08 26.84 26.64 26.67 26.92 27.21 28.54 28.71 28.73 28.75 28.75 28.76 28.76 28.77 28.78 28.78 28.78 28.78 28.78 28.78 28.78 28.78 28.78 28.79 28.80 28.80 28.80 28.80 28.80 28.81 28.81 28.81 28.81 28.81 28.81
28.70 28.70 28.69 28.69 28.68 28.68 28.67 28.66 28.64 28.63 28.61 28.60 28.59 28.57 27.61 27.32 26.66 26.84 27.20 27.19 28.49 28.71 28.73 28.75 28.76 28.76 28.76 28.77 28.77 28.78 28.78 28.79 28.79 28.79 28.78 28.78 28.78 28.78 28.79 28.79 28.80 28.80 28.80 28.80 28.81 28.81 28.81 28.82 28.82 28.81
28.71 28.71 28.71 28.70 28.70 28.70 28.69 28.68 28.67 28.66 28.65 28.65 28.65 28.65 28.65 28.66 28.67 28.44 28.67 28.70 28.72 28.74 28.75 28.76 28.77 28.77 28.77 28.77 28.77 28.78 28.78 28.79 28.79 28.78 28.78 28.78 28.78 28.78 28.79 28.79 28.80 28.80 28.80 28.80 28.81 28.81 28.81 28.81 28.81 28.81
28.72 28.72 28.72 28.71 28.71 28.71 28.70 28.70 28.69 28.68 28.68 28.68 28.69 28.69 28.69 28.70 28.70 28.47 28.71 28.72 28.74 28.75 28.77 28.77 28.77 28.78 28.78 28.78 28.78 28.78 28.79 28.79 28.79 28.78 28.78 28.78 28.78 28.79 28.79 28.80 28.80 28.80 28.80 28.80 28.80 28.80 28.81 28.80 28.80 28.80
28.73 28.73 28.73 28.72 28.73 28.72 28.72 28.72 28.71 28.71 28.71 28.71 28.71 28.72 28.72 28.72 28.72 28.73 28.73 28.74 28.75 28.76 28.77 28.78 28.78 28.78 28.79 28.79 28.79 28.79 28.78 28.78 28.78 28.79 28.78 28.79 28.79 28.79 28.80 28.80 28.80 28.79 28.80 28.80 28.80 28.80 28.80 28.80 28.80 28.79
28.74 28.74 28.74 28.73 28.74 28.74 28.74 28.74 28.74 28.73 28.73 28.73 28.73 28.74 28.74 28.74 28.74 28.74 28.75 28.75 28.77 28.77 28.78 28.78 28.78 28.79 28.79 28.79 28.79 28.79 28.79 28.78 28.78 28.78 28.79 28.79 28.79 28.80 28.80 28.80 28.79 28.79 28.80 28.80 28.80 28.81 28.81 28.80 28.80 28.79
28.75 28.74 28.74 28.75 28.75 28.75 28.75 28.75 28.75 28.75 28.75 28.75 28.75 28.76 28.76 28.76 28.76 28.76 28.76 28.76 28.77 28.78 28.78 28.78 28.79 28.79 28.79 28.80 28.80 28.79 28.79 28.79 28.78 28.78 28.79 28.80 28.80 28.80 28.80 28.80 28.80 28.80 28.80 28.80 28.81 28.81 28.80 28.80 28.79 28.79
28.75 28.75 28.76 28.76 28.76 28.77 28.77 28.77 28.77 28.76 28.76 28.76 28.76 28.77 28.77 28.77 28.77 28.77 28.77 28.77 28.78 28.78 28.78 28.79 28.79 28.79 28.80 28.80 28.80 28.79 28.79 28.79 28.78 28.78 28.79 28.80 28.80 28.80 28.80 28.80 28.80 28.80 28.80 28.80 28.81 28.80 28.80 28.80 28.79 28.79
