Raw_GIS_Data/Climate_scenarios/ProcessedData/month_8_rainfall_rcp85.asc
NCOLS 50
NROWS 26
XLLCENTER 512998.000000
YLLCENTER 8407694.000000
CELLSIZE 800.000000
NODATA_value -999.000000
 8.07  8.26  8.42  8.42  8.33  8.27  8.16  7.98  7.81  7.75  7.79  7.89  7.97  8.05  8.14  8.28  8.53  8.82  9.01  9.10  9.10  9.08  9.09  9.09  9.08  9.06  9.05  9.05  9.05  9.09  9.16  9.25  9.31  9.31  9.30  9.39  9.57  9.69  9.74  9.82  9.96 10.01  9.96  9.92  9.92  9.91  9.83  9.72  9.69  9.80
 7.91  8.09  8.26  8.27  8.24  8.29  8.33  8.25  8.07  7.97  8.01  8.10  8.15  8.18  8.22  8.40  8.69  8.96  9.08  9.12  9.13  9.19  9.24  9.26  9.27  9.25  9.24  9.25  9.26  9.27  9.32  9.40  9.43  9.37  9.32  9.40  9.57  9.68  9.74  9.85  9.96  9.98  9.91  9.84  9.76  9.67  9.56  9.49  9.56  9.75
 7.68  7.80  7.93  8.00  8.07  8.24  8.41  8.41  8.24  8.12  8.17  8.26  8.32  8.35  8.41  8.61  8.87  9.05  9.11  9.16  9.27  9.46  9.64  9.79  9.90  9.94  9.92  9.89  9.85  9.79  9.78  9.78  9.76  9.67  9.64  9.65  9.69  9.76  9.84  9.96 10.04 10.03  9.97  9.89  9.76  9.57  9.41  9.36  9.46  9.66
 7.48  7.53  7.67  7.81  7.97  8.21  8.39  8.39  8.27  8.22  8.32  8.43  8.51  8.60  8.70  8.87  9.07  9.19  9.24  9.35  9.60  9.95 10.31 10.66 10.97 11.13 11.18 11.18 11.07 10.84 10.79 10.57 10.45 10.33 10.31 10.14 10.04 10.02 10.05 10.09 10.13 10.13 10.08  9.96  9.79  9.62  9.47  9.38  9.40  9.52
 7.42  7.48  7.64  7.82  8.00  8.19  8.31  8.32  8.31  8.40  8.57  8.71  8.81  8.94  9.08  9.22  9.40  9.55  9.68  9.88 10.26 10.76 11.32 11.89 12.39 12.81 13.03 13.04 12.83 12.65 12.58 12.04 11.57 11.43 11.14 10.78 10.63 10.57 10.51 10.41 10.32 10.32 10.32 10.11  9.86  9.73  9.61  9.44  9.37  9.43
 7.50  7.59  7.76  7.91  8.02  8.10  8.17  8.24  8.36  8.58  8.85  9.07  9.22  9.38  9.54  9.67  9.83 10.05 10.33 10.68 11.18 11.81 12.56 13.31 13.96 14.35 14.60 14.43 13.96 13.99 14.10 13.54 12.78 12.41 11.76 11.47 11.18 11.05 11.08 10.98 10.62 10.45 10.46 10.17  9.89  9.78  9.65  9.45  9.37  9.44
 7.59  7.65  7.77  7.86  7.90  7.92  8.02  8.19  8.41  8.69  9.02  9.30  9.53  9.76  9.98 10.13 10.28 10.56 10.98 11.51 12.16 12.94 13.81 14.61 14.84 14.64 14.51 14.04 13.39 13.48 13.87 14.08 13.74 13.07 12.30 11.69 11.07 10.95 11.12 11.12 10.65 10.29 10.17  9.93  9.81  9.77  9.64  9.47  9.43  9.49
 7.63  7.64  7.68  7.73  7.76  7.81  7.95  8.22  8.53  8.84  9.15  9.43  9.71 10.05 10.38 10.62 10.87 11.28 11.88 12.64 13.51 14.47 15.46 15.93 15.33 14.64 13.99 13.39 12.87 12.84 13.25 13.89 13.78 12.77 11.98 11.24 10.83 10.77 10.75 10.71 10.45 10.05  9.89  9.79  9.82  9.84  9.75  9.62  9.59  9.61
 7.77  7.77  7.75  7.76  7.83  7.93  8.12  8.44  8.83  9.19  9.49  9.76 10.08 10.51 11.01 11.44 11.88 12.50 13.32 14.33 15.55 16.81 17.74 18.07 17.25 16.00 14.44 13.32 12.45 12.10 12.20 12.36 12.08 11.77 11.19 10.88 10.78 10.71 10.61 10.46 10.22 10.05  9.97  9.89  9.91  9.98  9.95  9.83  9.80  9.80
 8.10  8.09  8.05  8.01  8.09  8.30  8.59  8.96  9.40  9.85 10.22 10.59 11.01 11.58 12.23 12.90 13.56 14.17 15.06 16.26 17.77 19.03 19.69 20.66 20.35 18.25 14.83 13.23 12.18 11.59 11.41 11.39 11.24 11.03 10.74 10.62 10.58 10.53 10.39 10.24 10.14 10.09 10.00  9.95  9.96 10.02 10.06 10.05 10.07 10.07
 8.54  8.49  8.46  8.47  8.60  8.92  9.36  9.83 10.37 10.98 11.72 12.42 13.09 13.75 14.59 15.55 16.10 16.27 16.96 17.99 18.91 19.78 20.43 20.83 20.45 18.79 14.72 12.99 12.06 11.48 11.26 11.17 10.99 10.71 10.54 10.45 10.39 10.31 10.20 10.09 10.04  9.99  9.94  9.94  9.97 10.04 10.15 10.28 10.36 10.40
 9.01  8.94  8.98  9.15  9.45  9.90 10.48 11.15 11.97 13.05 14.19 15.39 16.32 17.17 18.46 19.43 19.21 18.68 18.70 18.90 18.46 18.47 18.36 17.24 15.84 15.02 13.32 12.39 11.89 11.52 11.27 11.09 10.85 10.60 10.43 10.36 10.32 10.27 10.19 10.08 10.01 10.00 10.00 10.02 10.09 10.14 10.25 10.40 10.52 10.61
 9.65  9.65  9.76 10.02 10.48 11.11 11.87 12.84 14.18 15.55 16.86 18.33 19.56 20.69 22.12 23.06 22.15 20.48 19.34 18.44 16.71 16.04 15.34 14.20 13.20 12.74 12.18 11.96 11.75 11.47 11.19 10.92 10.65 10.47 10.38 10.33 10.33 10.35 10.30 10.17 10.07 10.06 10.07 10.08 10.15 10.21 10.29 10.40 10.51 10.62
10.53 10.64 10.82 11.10 11.56 12.25 13.12 14.22 15.70 17.05 18.25 19.43 20.67 21.90 23.05 24.16 23.06 20.37 18.31 17.06 15.23 14.49 13.49 12.72 12.21 11.89 11.66 11.55 11.44 11.29 11.07 10.76 10.48 10.37 10.39 10.41 10.41 10.40 10.36 10.25 10.13 10.08 10.05 10.01 10.04 10.14 10.25 10.39 10.50 10.62
11.29 11.57 11.88 12.21 12.63 13.24 13.91 14.69 15.73 16.57 17.35 18.34 19.41 20.44 20.98 21.37 20.57 18.62 16.58 15.23 14.08 13.37 12.72 12.21 11.82 11.57 11.37 11.19 11.05 10.99 10.90 10.66 10.41 10.34 10.39 10.45 10.46 10.43 10.37 10.25 10.11 10.01  9.94  9.89  9.90  9.97 10.14 10.36 10.53 10.66
11.72 12.11 12.55 12.97 13.34 13.78 14.19 14.57 15.13 15.68 16.21 16.95 17.68 18.24 18.29 18.07 17.41 16.63 15.45 14.38 13.46 12.73 12.27 11.90 11.58 11.31 11.11 10.91 10.71 10.62 10.58 10.45 10.32 10.30 10.36 10.43 10.46 10.43 10.36 10.24 10.05  9.87  9.77  9.75  9.76  9.81  9.96 10.18 10.37 10.54
11.93 12.28 12.71 13.11 13.38 13.64 13.89 14.10 14.38 14.68 15.07 15.60 16.07 16.38 16.38 16.14 15.72 15.33 14.54 13.75 12.98 12.36 11.91 11.58 11.29 11.03 10.86 10.73 10.55 10.36 10.22 10.12 10.09 10.14 10.24 10.34 10.37 10.30 10.23 10.16  9.98  9.74  9.62  9.60  9.59  9.58  9.67  9.82  9.98 10.23
11.86 12.22 12.60 12.86 12.89 12.89 13.02 13.22 13.40 13.58 13.88 14.28 14.62 14.87 15.05 15.00 14.76 14.41 13.63 12.87 12.39 11.99 11.56 11.23 11.00 10.81 10.71 10.69 10.55 10.27 10.01  9.84  9.81  9.89 10.01 10.12 10.16 10.09 10.02  9.99  9.88  9.66  9.50  9.40  9.31  9.24  9.28  9.41  9.61  9.92
11.60 12.03 12.34 12.37 12.19 12.08 12.11 12.25 12.37 12.49 12.69 12.97 13.21 13.44 13.73 13.89 13.71 13.32 12.74 12.15 11.77 11.49 11.19 10.94 10.75 10.59 10.57 10.63 10.51 10.21  9.92  9.72  9.66  9.74  9.86  9.95  9.99  9.97  9.90  9.83  9.75  9.61  9.41  9.20  9.07  9.02  9.06  9.21  9.48  9.81
11.30 11.75 11.92 11.83 11.64 11.53 11.52 11.54 11.54 11.52 11.61 11.81 11.98 12.14 12.42 12.70 12.68 12.31 11.93 11.63 11.30 11.01 10.81 10.64 10.47 10.35 10.34 10.40 10.32 10.08  9.85  9.68  9.66  9.80  9.93  9.97  9.95  9.86  9.69  9.53  9.49  9.49  9.37  9.19  9.11  9.13  9.18  9.31  9.58  9.89
10.99 11.34 11.48 11.43 11.27 11.15 11.10 11.04 10.92 10.80 10.81 10.94 11.00 11.07 11.30 11.56 11.67 11.51 11.32 11.20 10.98 10.70 10.46 10.29 10.15 10.06 10.05 10.11 10.09  9.93  9.77  9.70  9.75  9.93 10.05  9.99  9.84  9.60  9.30  9.10  9.13  9.27  9.31  9.25  9.25  9.36  9.47  9.59  9.80 10.01
10.69 10.89 11.04 11.03 10.85 10.73 10.69 10.61 10.50 10.38 10.37 10.39 10.33 10.40 10.60 10.83 11.00 11.00 10.92 10.89 10.78 10.58 10.32 10.05  9.86  9.78  9.79  9.86  9.87  9.77  9.69  9.67  9.74  9.86  9.94  9.89  9.64  9.29  8.98  8.83  8.87  9.03  9.16  9.22  9.31  9.50  9.68  9.79  9.89  9.96
10.35 10.37 10.43 10.44 10.35 10.29 10.27 10.23 10.16 10.13 10.17 10.16 10.10 10.16 10.28 10.37 10.50 10.60 10.62 10.62 10.58 10.50 10.31 10.00  9.77  9.67  9.65  9.70  9.72  9.64  9.56  9.51  9.52  9.57  9.66  9.66  9.43  9.09  8.84  8.73  8.74  8.85  8.98  9.10  9.24  9.43  9.59  9.66  9.68  9.69
10.06  9.98  9.99 10.00  9.96  9.92  9.91  9.87  9.85  9.96 10.14 10.24 10.24 10.25 10.24 10.18 10.19 10.30 10.37 10.35 10.31 10.28 10.16  9.91  9.72  9.63  9.58  9.61  9.64  9.56  9.40  9.28  9.26  9.31  9.37  9.35  9.19  8.99  8.81  8.69  8.66  8.72  8.84  8.99  9.13  9.25  9.33  9.38  9.43  9.46
10.00  9.99 10.01  9.96  9.84  9.79  9.80  9.76  9.77 10.01 10.33 10.49 10.47 10.44 10.41 10.25 10.11 10.11 10.14 10.10 10.04 10.02  9.97  9.81  9.65  9.55  9.50  9.51  9.53  9.48  9.33  9.22  9.24  9.29  9.23  9.10  9.02  8.95  8.85  8.76  8.71  8.71  8.80  8.96  9.10  9.18  9.25  9.34  9.45  9.49
10.04 10.10 10.13 10.04  9.86  9.80  9.86  9.90  9.97 10.28 10.64 10.74 10.60 10.52 10.51 10.34 10.08  9.92  9.84  9.80  9.80  9.85  9.88  9.82  9.69  9.55  9.44  9.38  9.37  9.37  9.36  9.40  9.47  9.42  9.22  9.02  8.93  8.90  8.88  8.86  8.84  8.79  8.84  9.01  9.17  9.27  9.39  9.56  9.72  9.77
