Raw_GIS_Data/Climate_scenarios/ProcessedData/month_2_rainfall_present.asc
NCOLS 50
NROWS 26
XLLCENTER 512998.000000
YLLCENTER 8407694.000000
CELLSIZE 800.000000
NODATA_value -999.000000
 8.13  8.06  7.88  7.72  7.64  7.57  7.47  7.37  7.29  7.30  7.51  7.83  8.08  8.22  8.29  8.38  8.53  8.70  8.84  8.87  8.90  8.91  8.83  8.76  8.78  8.86  8.92  8.94  8.95  8.95  8.97  9.03  9.11  9.26  9.48  9.69  9.77  9.67  9.52  9.48  9.53  9.52  9.47  9.52  9.65  9.73  9.77  9.90 10.03 10.25
 7.89  7.87  7.84  7.79  7.69  7.59  7.49  7.40  7.30  7.31  7.53  7.88  8.27  8.56  8.64  8.57  8.53  8.65  8.82  8.89  8.94  8.99  8.94  8.84  8.83  8.93  9.03  9.11  9.17  9.16  9.11  9.11  9.27  9.62 10.01 10.15  9.95  9.61  9.33  9.29  9.39  9.45  9.45  9.56  9.77  9.91  9.93  9.97 10.05 10.20
 7.79  7.71  7.71  7.76  7.71  7.60  7.50  7.41  7.35  7.40  7.61  7.95  8.38  8.77  8.92  8.80  8.68  8.79  8.95  9.00  9.01  9.04  9.01  8.94  8.94  9.04  9.18  9.33  9.49  9.54  9.51  9.54  9.78 10.16 10.39 10.28  9.93  9.59  9.34  9.27  9.39  9.54  9.64  9.73  9.90 10.04 10.03  9.97  9.96 10.04
 7.87  7.74  7.66  7.66  7.65  7.56  7.50  7.48  7.47  7.55  7.74  8.05  8.41  8.74  8.94  8.95  8.94  9.11  9.27  9.27  9.27  9.29  9.26  9.25  9.32  9.50  9.71  9.90 10.09 10.19 10.32 10.39 10.53 10.62 10.51 10.12  9.87  9.79  9.67  9.56  9.64  9.79  9.93  9.95  9.95 10.00  9.98  9.89  9.85  9.90
 8.01  7.88  7.74  7.65  7.57  7.49  7.51  7.62  7.68  7.76  7.92  8.17  8.43  8.58  8.71  8.88  9.10  9.40  9.64  9.71  9.74  9.83  9.89  9.98 10.22 10.62 10.97 11.15 11.22 11.35 11.56 11.38 11.10 10.96 10.72 10.30 10.19 10.34 10.33 10.14 10.04 10.09 10.21 10.17 10.00  9.89  9.82  9.73  9.75  9.88
 8.17  8.04  7.89  7.77  7.64  7.55  7.62  7.79  7.94  8.05  8.19  8.37  8.52  8.53  8.58  8.83  9.22  9.60  9.91 10.08 10.20 10.36 10.56 10.92 11.55 12.23 12.67 12.68 12.54 12.63 12.69 12.30 11.73 11.55 11.23 10.96 10.90 11.01 11.02 10.81 10.50 10.40 10.50 10.39 10.08  9.84  9.70  9.63  9.70  9.90
 8.34  8.22  8.05  7.88  7.79  7.77  7.83  7.98  8.16  8.32  8.46  8.64  8.70  8.62  8.64  8.91  9.31  9.67  9.89 10.06 10.27 10.50 10.75 11.32 12.21 12.84 13.13 13.04 12.72 12.65 12.64 12.59 12.42 12.33 11.96 11.61 11.31 11.19 11.10 11.00 10.71 10.48 10.49 10.32  9.97  9.71  9.58  9.55  9.61  9.79
 8.39  8.36  8.21  8.04  8.00  8.03  8.10  8.23  8.40  8.54  8.68  8.81  8.83  8.73  8.74  8.95  9.28  9.57  9.71  9.83 10.08 10.34 10.65 11.18 11.80 12.12 12.29 12.40 12.30 12.30 12.56 13.01 13.12 12.70 12.11 11.53 11.11 10.89 10.70 10.59 10.43 10.23 10.13  9.97  9.72  9.51  9.41  9.40  9.42  9.54
 8.38  8.42  8.38  8.29  8.27  8.28  8.33  8.51  8.75  8.91  8.97  8.94  8.92  8.89  8.95  9.14  9.43  9.68  9.83  9.95 10.16 10.45 10.75 11.28 11.64 11.85 11.93 11.93 11.79 11.83 12.22 12.61 12.43 11.98 11.40 10.88 10.60 10.46 10.32 10.14  9.94  9.81  9.78  9.67  9.49  9.35  9.31  9.31  9.29  9.33
 8.61  8.66  8.66  8.63  8.58  8.54  8.57  8.77  9.09  9.43  9.60  9.57  9.43  9.39  9.51  9.84 10.25 10.45 10.54 10.63 10.83 11.22 11.41 12.01 12.44 12.42 11.75 11.40 11.14 11.06 11.22 11.38 11.16 10.95 10.62 10.26 10.03  9.94  9.82  9.62  9.42  9.44  9.49  9.43  9.29  9.20  9.24  9.29  9.30  9.32
 9.13  9.14  9.15  9.14  9.09  9.06  9.14  9.35  9.66 10.11 10.64 11.02 10.96 10.70 10.68 11.15 11.71 11.72 11.71 11.92 11.93 12.26 12.68 13.18 13.22 13.04 11.65 10.89 10.55 10.39 10.40 10.37 10.26 10.21 10.09  9.80  9.52  9.38  9.29  9.12  9.01  9.05  9.13  9.14  9.09  9.06  9.15  9.29  9.38  9.43
 9.74  9.78  9.87  9.98 10.08 10.19 10.38 10.65 10.94 11.37 12.05 12.99 13.44 13.07 12.86 13.12 13.29 12.98 12.92 13.18 12.83 12.73 13.06 12.94 12.28 11.97 11.04 10.30 10.01  9.91  9.77  9.62  9.62  9.72  9.70  9.45  9.09  8.92  8.93  8.89  8.81  8.79  8.82  8.85  8.86  8.89  8.99  9.19  9.35  9.45
10.36 10.49 10.74 11.06 11.42 11.80 12.16 12.52 12.90 13.23 13.61 14.59 15.52 15.61 15.40 15.30 14.79 14.18 13.92 13.68 12.70 12.14 11.99 11.61 11.05 10.79 10.26  9.76  9.54  9.41  9.22  9.08  9.16  9.32  9.32  9.09  8.73  8.57  8.69  8.80  8.75  8.68  8.65  8.61  8.59  8.60  8.73  8.92  9.07  9.23
10.89 11.21 11.66 12.21 12.85 13.42 13.80 14.06 14.33 14.55 14.82 15.49 16.32 16.79 16.71 16.75 16.25 15.27 14.28 13.40 12.18 11.45 10.88 10.42 10.08  9.87  9.59  9.27  9.07  8.96  8.86  8.81  8.85  8.90  8.87  8.65  8.34  8.23  8.40  8.60  8.64  8.56  8.44  8.33  8.25  8.23  8.32  8.45  8.60  8.82
11.30 11.83 12.49 13.23 13.94 14.36 14.39 14.24 14.25 14.28 14.41 14.92 15.58 16.12 16.24 16.55 16.44 15.41 13.79 12.52 11.52 10.92 10.40  9.95  9.58  9.34  9.15  8.92  8.75  8.68  8.62  8.55  8.42  8.31  8.25  8.11  7.91  7.87  8.05  8.27  8.40  8.35  8.16  7.96  7.84  7.81  7.89  7.98  8.11  8.36
11.83 12.48 13.18 13.81 14.16 14.15 13.83 13.38 13.10 12.98 13.08 13.62 14.17 14.63 14.91 15.31 15.34 14.62 13.20 11.92 11.06 10.62 10.31  9.93  9.55  9.24  8.99  8.79  8.62  8.51  8.39  8.18  7.90  7.68  7.66  7.67  7.64  7.68  7.77  7.92  8.04  8.04  7.89  7.67  7.51  7.51  7.63  7.72  7.79  7.96
12.41 12.91 13.31 13.50 13.49 13.30 12.90 12.37 11.97 11.92 12.18 12.64 13.07 13.54 13.86 14.10 14.13 13.78 12.76 11.63 10.82 10.41 10.18  9.90  9.55  9.23  8.94  8.70  8.48  8.28  8.09  7.83  7.52  7.35  7.41  7.53  7.60  7.65  7.67  7.69  7.70  7.70  7.64  7.50  7.41  7.45  7.55  7.64  7.68  7.72
12.53 12.76 12.75 12.62 12.48 12.28 11.98 11.66 11.43 11.45 11.70 12.06 12.55 13.07 13.30 13.32 13.21 12.82 12.04 11.25 10.65 10.25 10.00  9.75  9.44  9.10  8.82  8.55  8.26  8.00  7.76  7.53  7.33  7.28  7.39  7.53  7.64  7.71  7.68  7.59  7.49  7.45  7.42  7.38  7.39  7.46  7.52  7.59  7.64  7.65
12.33 12.30 12.06 11.81 11.66 11.52 11.45 11.43 11.31 11.18 11.23 11.52 12.00 12.41 12.52 12.44 12.11 11.57 11.04 10.73 10.42 10.11  9.88  9.65  9.37  9.04  8.74  8.44  8.10  7.81  7.56  7.35  7.25  7.24  7.32  7.45  7.60  7.73  7.71  7.56  7.42  7.38  7.35  7.32  7.35  7.40  7.40  7.44  7.55  7.67
12.03 11.86 11.59 11.37 11.27 11.24 11.30 11.35 11.19 10.93 10.88 11.07 11.30 11.43 11.42 11.27 10.99 10.56 10.25 10.21 10.16 10.00  9.80  9.60  9.37  9.10  8.82  8.47  8.09  7.78  7.53  7.36  7.28  7.19  7.17  7.26  7.45  7.64  7.69  7.59  7.48  7.44  7.42  7.37  7.34  7.34  7.34  7.37  7.50  7.71
11.71 11.57 11.37 11.20 11.08 11.02 11.06 11.12 11.09 11.01 10.91 10.78 10.66 10.53 10.40 10.23 10.07  9.94  9.77  9.74  9.81  9.84  9.74  9.56  9.34  9.13  8.89  8.51  8.12  7.85  7.64  7.50  7.35  7.14  7.04  7.12  7.29  7.45  7.55  7.56  7.54  7.53  7.55  7.52  7.46  7.43  7.47  7.55  7.67  7.85
11.58 11.48 11.27 11.01 10.78 10.66 10.71 10.93 11.15 11.19 10.92 10.54 10.16  9.85  9.66  9.55  9.55  9.56  9.40  9.27  9.28  9.39  9.47  9.41  9.24  9.07  8.88  8.57  8.25  8.00  7.81  7.64  7.44  7.18  7.04  7.06  7.16  7.26  7.38  7.49  7.53  7.59  7.67  7.66  7.57  7.55  7.66  7.81  7.96  8.07
11.52 11.34 11.02 10.69 10.49 10.49 10.64 10.90 11.08 11.02 10.72 10.29  9.82  9.50  9.35  9.29  9.29  9.24  9.02  8.77  8.67  8.79  8.98  9.08  9.08  9.02  8.87  8.69  8.52  8.32  8.10  7.83  7.53  7.26  7.08  7.03  7.04  7.10  7.24  7.42  7.53  7.60  7.67  7.65  7.56  7.54  7.68  7.90  8.13  8.27
11.13 10.94 10.68 10.48 10.45 10.56 10.69 10.76 10.74 10.63 10.41 10.04  9.65  9.46  9.41  9.34  9.18  8.96  8.65  8.34  8.22  8.35  8.54  8.74  8.94  9.02  8.87  8.68  8.58  8.48  8.35  8.07  7.69  7.37  7.15  7.06  7.02  7.02  7.13  7.35  7.54  7.58  7.53  7.48  7.43  7.43  7.57  7.81  8.10  8.32
10.62 10.57 10.48 10.44 10.49 10.55 10.57 10.50 10.40 10.32 10.16  9.82  9.55  9.52  9.60  9.55  9.28  8.88  8.46  8.17  8.11  8.22  8.39  8.59  8.85  9.00  8.84  8.52  8.32  8.26  8.29  8.24  7.96  7.59  7.31  7.19  7.15  7.08  7.08  7.25  7.46  7.51  7.41  7.34  7.34  7.38  7.46  7.62  7.89  8.14
10.45 10.46 10.39 10.34 10.32 10.35 10.33 10.24 10.16 10.10  9.93  9.64  9.47  9.50  9.61  9.61  9.39  8.94  8.47  8.24  8.25  8.33  8.43  8.55  8.69  8.80  8.69  8.33  8.00  7.91  8.00  8.14  8.08  7.81  7.52  7.38  7.36  7.28  7.17  7.18  7.30  7.36  7.31  7.27  7.32  7.38  7.40  7.45  7.61  7.83
