Raw_GIS_Data/Climate_scenarios/ProcessedData/month_9_minTemp_present.asc
NCOLS 50
NROWS 26
XLLCENTER 512998.000000
YLLCENTER 8407694.000000
CELLSIZE 800.000000
NODATA_value -999.000000
26.13 26.13 26.13 26.13 26.13 26.14 26.14 26.14 26.13 26.12 26.12 26.12 26.11 26.11 26.11 26.10 26.10 26.09 26.09 26.08 26.08 26.08 26.08 26.07 26.07 26.08 26.08 26.09 26.09 26.09 26.10 26.11 26.11 26.12 26.12 26.13 26.13 26.13 26.14 26.14 26.15 26.15 26.15 26.15 26.14 26.14 26.14 26.14 26.15 26.14
26.13 26.12 26.12 26.12 26.12 26.13 26.13 26.13 26.12 26.12 26.11 26.11 26.10 26.10 26.09 26.09 26.08 26.08 26.07 26.06 26.06 26.05 26.05 26.04 26.04 26.03 26.04 26.04 26.04 26.05 26.07 26.09 26.09 26.09 26.10 26.11 26.12 26.12 26.13 26.13 26.14 26.14 26.14 26.14 26.14 26.14 26.13 26.13 26.14 26.14
26.12 26.12 26.11 26.11 26.11 26.11 26.12 26.11 26.11 26.10 26.10 26.09 26.09 26.08 26.08 26.07 26.06 26.05 26.04 26.04 26.03 26.03 26.02 26.01 26.00 25.99 25.98 25.98 25.99 25.99 25.99 26.02 26.05 26.05 26.06 26.08 26.10 26.10 26.11 26.11 26.12 26.12 26.13 26.13 26.13 26.13 26.13 26.13 26.13 26.13
26.11 26.10 26.10 26.10 26.10 26.10 26.10 26.10 26.09 26.09 26.09 26.08 26.07 26.06 26.06 26.05 26.04 26.03 26.02 26.01 26.00 26.00 25.99 25.98 25.97 25.95 25.93 24.93 24.29 25.90 25.91 25.90 25.97 26.00 26.01 26.00 26.05 26.07 26.07 26.07 26.07 26.07 25.16 25.25 26.08 26.13 26.13 26.13 26.13 26.13
26.09 26.09 26.08 26.08 26.08 26.08 26.08 26.07 26.07 26.07 26.06 26.06 26.05 26.04 26.04 26.03 26.02 26.00 26.00 25.98 25.97 25.96 25.95 25.95 25.94 24.93 24.53 24.16 23.68 24.41 23.21 25.62 24.08 24.33 23.19 25.76 24.71 26.03 26.02 26.02 26.02 24.97 24.67 24.63 26.06 26.12 26.13 26.13 26.13 26.13
26.07 26.07 26.07 26.06 26.06 26.06 26.05 26.05 26.05 26.04 26.04 26.03 26.02 26.01 26.01 26.00 25.99 25.98 25.97 25.95 25.93 25.91 25.90 25.90 24.79 23.67 23.09 22.47 22.59 22.62 22.31 22.19 23.81 22.98 24.32 23.47 23.41 23.75 23.88 23.81 23.96 24.75 23.84 23.91 25.69 26.12 26.12 26.13 26.13 26.13
26.06 26.05 26.05 26.04 26.04 26.03 26.02 26.02 26.02 26.01 26.01 26.00 25.99 25.98 25.97 25.96 25.96 25.95 25.93 25.91 25.89 25.87 25.84 24.82 23.38 23.33 22.79 22.50 25.48 23.57 23.93 23.68 23.66 22.98 23.11 22.69 23.64 24.27 24.23 23.25 24.08 24.56 24.11 24.52 26.02 26.11 26.12 26.12 26.13 26.13
26.05 26.04 26.03 26.02 26.01 26.00 25.99 25.98 25.98 25.97 25.96 25.95 25.94 25.93 25.92 25.92 25.92 25.91 25.90 25.89 25.87 25.83 24.72 23.85 23.33 24.21 25.88 25.89 25.91 25.89 24.46 23.27 22.20 23.01 22.78 25.07 25.96 26.01 25.10 25.07 23.80 25.95 25.84 26.10 26.11 26.12 26.12 26.12 26.12 26.12
26.03 26.02 26.01 25.99 25.98 25.96 25.95 25.94 25.93 25.92 25.90 25.88 25.87 25.87 25.87 25.86 25.84 25.86 25.88 25.87 25.88 25.86 24.60 23.00 24.04 23.72 23.68 23.84 25.98 25.99 24.97 23.53 24.67 23.66 25.97 25.96 26.05 26.08 26.10 25.19 26.09 26.11 26.11 26.11 25.56 25.53 25.85 26.12 26.12 26.12
26.01 26.00 25.98 25.96 25.94 25.92 25.91 25.90 25.89 25.89 25.87 25.85 25.83 25.81 25.80 25.81 25.78 25.77 25.83 24.36 24.30 22.89 24.40 23.89 22.93 22.01 23.28 23.87 25.63 26.03 26.05 25.73 25.88 26.04 26.05 26.07 26.08 26.09 26.10 26.11 26.11 26.11 26.12 26.12 26.13 26.10 25.61 26.12 26.12 26.12
25.99 25.98 25.96 25.93 25.90 25.88 25.87 25.86 25.85 25.86 24.78 24.04 23.77 23.69 23.98 23.93 23.13 23.93 24.04 23.29 23.49 22.77 23.44 22.05 22.43 21.37 22.50 23.56 25.32 26.04 26.06 26.06 26.07 26.07 26.08 26.09 26.09 26.10 26.11 26.11 26.11 26.11 26.12 26.12 26.13 26.12 26.12 26.12 26.12 26.12
25.98 25.96 25.93 25.90 25.87 25.84 25.82 25.81 24.58 24.52 23.78 23.14 22.35 22.97 23.07 22.62 22.11 23.02 23.57 22.55 22.35 23.04 22.22 22.29 23.77 22.75 24.36 25.88 26.04 26.06 26.06 26.07 26.08 26.08 26.09 26.09 26.10 26.10 26.10 26.10 26.11 26.11 26.12 26.12 26.12 26.12 26.12 26.12 26.12 26.12
25.97 25.95 25.92 25.88 25.85 25.81 25.79 24.45 24.09 23.12 23.61 22.88 22.39 22.28 22.38 21.85 22.13 22.20 22.81 22.18 23.50 23.69 23.29 23.77 24.76 24.77 25.89 26.03 26.06 26.07 26.07 26.08 26.09 26.09 26.09 26.09 26.10 26.10 26.10 26.10 26.11 26.11 26.12 26.12 26.11 26.11 26.12 26.12 26.12 26.12
25.97 25.95 25.92 25.90 25.86 25.81 24.58 24.12 23.22 22.74 22.37 22.49 22.46 22.25 22.57 21.98 21.67 22.19 23.00 22.40 24.09 23.38 24.30 25.95 26.03 25.98 26.05 26.06 26.07 26.08 26.08 26.09 26.09 26.09 26.09 26.09 26.10 26.10 26.10 26.10 26.11 26.11 26.12 26.11 26.11 26.11 26.11 26.12 26.12 26.12
25.98 25.96 25.94 25.92 25.89 25.82 24.05 24.14 23.39 23.15 23.74 23.33 23.72 22.98 23.24 22.75 22.42 22.71 23.35 23.74 24.36 25.79 24.50 25.94 26.04 26.06 26.06 26.07 26.08 26.08 26.09 26.09 26.09 26.09 26.09 26.09 26.10 26.10 26.10 26.11 26.11 26.11 26.11 26.11 26.11 26.11 26.11 26.11 26.12 26.12
25.99 25.98 25.97 25.95 25.93 25.90 25.87 25.85 25.75 25.05 25.70 24.12 24.41 23.79 24.32 23.33 23.91 23.30 23.78 24.22 24.51 25.87 24.61 26.10 26.01 26.06 26.07 26.08 26.08 26.08 26.08 26.09 26.09 26.09 26.09 26.09 26.10 26.10 26.10 26.11 26.11 26.10 26.10 26.10 26.11 26.11 26.11 26.11 26.11 26.11
26.00 25.99 25.98 25.97 25.95 25.94 25.91 25.90 25.87 25.83 25.81 25.77 25.74 24.48 24.38 24.12 24.25 23.70 24.10 23.91 24.62 24.58 25.89 26.00 26.06 26.07 26.08 26.08 26.08 26.08 26.09 26.09 26.09 26.09 26.09 26.09 26.10 26.10 26.10 26.10 26.10 26.10 26.10 26.10 26.11 26.11 26.11 26.11 26.11 26.11
26.01 26.00 25.99 25.98 25.97 25.96 25.95 25.93 25.92 25.89 25.86 25.82 25.77 24.68 24.47 24.35 24.29 23.73 24.05 24.38 24.70 24.68 25.91 26.06 26.07 26.07 26.08 26.08 26.08 26.09 26.09 26.09 26.09 26.09 26.09 26.10 26.10 26.10 26.10 26.10 26.10 26.10 26.10 26.10 26.10 26.11 26.11 26.11 26.11 26.11
26.01 26.00 26.00 25.99 25.99 25.98 25.97 25.96 25.95 25.93 25.90 25.86 25.82 24.89 24.71 24.58 24.34 24.12 24.18 24.47 24.82 25.89 26.06 26.06 26.07 26.07 26.07 26.08 26.08 26.09 26.09 26.09 26.09 26.10 26.10 26.10 26.10 26.10 26.10 26.10 26.10 26.10 26.10 26.10 26.10 26.10 26.11 26.11 26.11 26.11
26.02 26.01 26.00 26.00 26.00 26.00 25.99 25.98 25.97 25.96 25.94 25.93 25.91 25.89 24.95 24.77 24.13 24.31 24.66 24.68 25.84 26.05 26.06 26.07 26.07 26.07 26.08 26.08 26.08 26.08 26.09 26.09 26.09 26.09 26.10 26.10 26.10 26.10 26.09 26.09 26.10 26.10 26.10 26.10 26.10 26.10 26.11 26.11 26.11 26.11
26.02 26.02 26.01 26.01 26.01 26.01 26.00 25.99 25.99 25.98 25.98 25.97 25.96 25.96 25.97 25.99 26.00 25.76 25.99 26.02 26.04 26.05 26.06 26.07 26.07 26.08 26.08 26.08 26.08 26.09 26.09 26.09 26.09 26.09 26.10 26.09 26.10 26.09 26.09 26.09 26.10 26.10 26.10 26.10 26.10 26.11 26.11 26.11 26.11 26.11
26.03 26.02 26.02 26.02 26.02 26.02 26.01 26.01 26.00 26.00 25.99 25.99 25.99 26.00 26.01 26.01 26.02 25.79 26.02 26.03 26.04 26.05 26.06 26.07 26.07 26.08 26.08 26.08 26.08 26.09 26.09 26.09 26.09 26.09 26.10 26.10 26.10 26.09 26.09 26.10 26.10 26.10 26.10 26.10 26.10 26.10 26.10 26.10 26.11 26.11
26.03 26.02 26.02 26.02 26.02 26.02 26.02 26.01 26.01 26.01 26.01 26.01 26.01 26.01 26.02 26.03 26.03 26.03 26.03 26.04 26.04 26.05 26.06 26.07 26.07 26.07 26.07 26.08 26.08 26.09 26.09 26.09 26.09 26.10 26.10 26.10 26.10 26.10 26.09 26.09 26.10 26.10 26.10 26.10 26.10 26.10 26.10 26.10 26.10 26.10
26.03 26.03 26.02 26.02 26.02 26.02 26.02 26.02 26.02 26.02 26.02 26.02 26.02 26.03 26.03 26.03 26.03 26.03 26.04 26.04 26.05 26.06 26.06 26.06 26.06 26.06 26.07 26.08 26.08 26.08 26.08 26.09 26.09 26.09 26.09 26.10 26.10 26.10 26.09 26.09 26.09 26.10 26.10 26.10 26.10 26.10 26.10 26.10 26.11 26.11
26.04 26.03 26.03 26.03 26.02 26.02 26.02 26.03 26.03 26.03 26.03 26.03 26.03 26.04 26.04 26.04 26.03 26.04 26.04 26.04 26.05 26.06 26.06 26.06 26.06 26.06 26.07 26.08 26.08 26.08 26.08 26.08 26.08 26.09 26.09 26.10 26.10 26.10 26.10 26.09 26.09 26.09 26.09 26.09 26.10 26.10 26.10 26.10 26.11 26.11
26.05 26.04 26.04 26.03 26.03 26.03 26.03 26.03 26.04 26.04 26.04 26.04 26.05 26.04 26.04 26.04 26.04 26.04 26.04 26.04 26.05 26.06 26.06 26.07 26.07 26.06 26.07 26.07 26.07 26.07 26.07 26.08 26.08 26.08 26.09 26.09 26.10 26.10 26.09 26.09 26.09 26.09 26.09 26.09 26.09 26.09 26.10 26.11 26.11 26.11
