Raw_GIS_Data/Climate_scenarios/ProcessedData/month_12_rainfall_rcp45.asc
NCOLS 50
NROWS 26
XLLCENTER 512998.000000
YLLCENTER 8407694.000000
CELLSIZE 800.000000
NODATA_value -999.000000
14.18 14.54 14.70 14.65 14.59 14.64 14.82 15.09 15.24 15.10 14.75 14.39 14.10 13.94 14.02 14.35 14.80 15.23 15.65 16.02 16.12 16.10 16.21 16.48 16.78 16.97 16.83 16.46 16.25 16.27 16.29 16.15 16.03 16.13 16.39 16.63 16.62 16.30 15.90 15.67 15.51 15.34 15.22 15.07 14.86 14.76 14.90 15.23 15.59 15.80
14.31 14.75 14.94 14.91 14.86 14.92 15.09 15.23 15.25 15.08 14.77 14.43 14.15 14.01 14.11 14.45 14.88 15.28 15.69 16.02 16.09 16.00 15.98 16.13 16.47 16.80 16.84 16.67 16.61 16.72 16.72 16.47 16.23 16.29 16.56 16.82 16.85 16.54 16.14 15.90 15.69 15.39 15.13 15.01 14.99 15.03 15.12 15.28 15.49 15.65
14.44 14.85 15.08 15.12 15.09 15.09 15.14 15.15 15.07 14.94 14.75 14.57 14.40 14.30 14.41 14.67 15.00 15.32 15.71 16.06 16.23 16.22 16.12 16.17 16.50 16.87 17.01 16.95 16.92 16.95 16.86 16.61 16.39 16.44 16.66 16.87 16.91 16.74 16.46 16.19 15.86 15.40 15.01 14.97 15.17 15.35 15.36 15.32 15.34 15.45
14.54 14.87 15.13 15.26 15.25 15.20 15.18 15.11 14.99 14.88 14.76 14.75 14.75 14.75 14.78 14.86 15.08 15.43 15.85 16.26 16.52 16.60 16.55 16.62 16.93 17.34 17.61 17.72 17.63 17.38 17.18 16.87 16.76 16.84 16.99 16.97 16.95 16.89 16.76 16.48 16.03 15.52 15.13 15.12 15.38 15.57 15.52 15.38 15.33 15.42
14.56 14.85 15.09 15.26 15.29 15.26 15.20 15.12 14.99 14.90 14.90 14.99 15.10 15.16 15.12 15.04 15.19 15.62 16.13 16.61 16.90 16.99 17.02 17.19 17.60 18.22 18.73 18.96 18.77 18.40 18.18 17.60 17.41 17.69 17.74 17.34 17.16 17.06 16.91 16.55 16.10 15.74 15.57 15.48 15.53 15.58 15.52 15.39 15.29 15.29
14.51 14.76 14.96 15.08 15.13 15.15 15.13 15.07 14.96 14.92 15.04 15.24 15.35 15.37 15.35 15.31 15.48 15.91 16.44 16.90 17.18 17.30 17.41 17.70 18.28 19.08 19.74 19.86 19.59 19.41 19.40 18.73 18.28 18.52 18.30 17.97 17.59 17.28 17.05 16.64 16.03 15.76 15.86 15.67 15.45 15.41 15.42 15.33 15.11 14.97
14.52 14.69 14.82 14.90 15.00 15.09 15.07 15.01 14.96 14.97 15.19 15.50 15.63 15.59 15.60 15.74 15.97 16.28 16.61 16.92 17.17 17.36 17.56 17.93 18.38 18.85 19.34 19.19 18.71 18.76 18.99 18.96 18.87 19.06 18.70 18.27 17.56 17.11 16.91 16.57 15.79 15.37 15.44 15.29 15.16 15.22 15.31 15.25 14.99 14.79
14.71 14.79 14.85 14.93 15.10 15.25 15.19 15.09 15.12 15.28 15.66 16.09 16.25 16.15 16.14 16.31 16.52 16.63 16.71 16.87 17.12 17.41 17.75 18.04 18.06 18.06 18.19 18.08 17.82 18.01 18.47 19.07 19.21 18.88 18.43 17.77 17.12 16.69 16.34 16.04 15.46 14.90 14.78 14.76 14.86 15.07 15.22 15.17 14.95 14.82
15.18 15.15 15.15 15.22 15.40 15.57 15.58 15.53 15.62 15.94 16.45 16.95 17.16 17.06 16.93 16.93 17.00 17.05 17.03 17.15 17.51 17.98 18.42 18.79 18.65 18.51 18.19 17.80 17.47 17.57 17.91 18.15 17.97 17.77 17.45 17.09 16.72 16.30 15.86 15.45 14.97 14.56 14.43 14.46 14.63 14.92 15.15 15.13 15.02 14.98
15.84 15.74 15.64 15.65 15.80 15.98 16.14 16.25 16.43 16.80 17.28 17.82 18.16 18.14 17.90 17.73 17.74 17.83 17.91 18.11 18.70 19.31 19.46 20.14 20.41 19.95 18.53 17.77 17.21 17.03 17.01 16.90 16.62 16.61 16.56 16.50 16.28 15.90 15.43 15.04 14.65 14.37 14.22 14.25 14.43 14.76 15.05 15.08 15.09 15.09
16.38 16.23 16.04 16.02 16.20 16.46 16.76 17.06 17.33 17.73 18.36 19.12 19.63 19.60 19.35 19.28 19.28 19.21 19.57 20.09 20.51 20.93 21.03 21.36 21.48 21.21 18.95 17.69 16.83 16.38 16.22 16.11 16.01 16.01 16.07 16.05 15.90 15.62 15.24 14.88 14.58 14.34 14.19 14.15 14.21 14.45 14.79 14.97 15.05 15.02
16.62 16.46 16.35 16.47 16.77 17.12 17.57 18.06 18.52 19.18 20.10 21.27 21.93 21.82 21.74 21.88 21.68 21.39 21.88 22.56 22.39 22.13 21.69 20.70 19.76 19.51 18.17 17.03 16.26 15.83 15.68 15.68 15.73 15.79 15.88 15.87 15.78 15.62 15.32 14.97 14.66 14.43 14.25 14.11 14.07 14.21 14.53 14.82 14.89 14.83
16.92 16.89 16.99 17.31 17.68 18.04 18.59 19.38 20.24 21.00 21.85 23.16 24.12 24.36 24.71 25.20 24.78 24.08 23.93 23.84 22.63 21.67 20.65 19.37 18.29 17.82 17.09 16.46 15.95 15.57 15.37 15.42 15.58 15.74 15.87 15.86 15.78 15.71 15.50 15.14 14.73 14.38 14.12 13.99 13.99 14.13 14.41 14.66 14.72 14.71
17.53 17.68 17.97 18.39 18.78 19.12 19.67 20.60 21.56 22.14 22.70 23.72 24.87 25.76 26.61 27.75 27.20 25.45 24.21 23.40 21.76 20.57 19.28 18.28 17.54 17.12 16.72 16.39 16.01 15.56 15.21 15.22 15.47 15.75 15.89 15.81 15.64 15.58 15.49 15.21 14.79 14.33 13.97 13.84 13.93 14.14 14.42 14.65 14.72 14.77
18.23 18.47 18.77 19.11 19.45 19.73 20.06 20.66 21.36 21.60 21.83 22.55 23.70 24.99 26.00 26.89 26.35 24.47 22.61 21.58 20.44 19.46 18.41 17.63 17.11 16.87 16.73 16.55 16.18 15.66 15.21 15.14 15.38 15.67 15.76 15.60 15.37 15.29 15.28 15.13 14.82 14.40 14.00 13.82 13.88 14.08 14.41 14.68 14.75 14.81
18.73 18.92 19.14 19.31 19.43 19.47 19.57 19.92 20.46 20.70 20.79 21.23 21.88 22.87 23.73 24.23 23.82 22.55 20.97 20.07 19.34 18.60 17.84 17.16 16.75 16.61 16.63 16.55 16.17 15.68 15.28 15.17 15.27 15.40 15.37 15.19 15.01 14.98 14.99 14.86 14.61 14.30 14.01 13.85 13.86 13.99 14.27 14.51 14.58 14.64
19.11 19.22 19.28 19.26 19.22 19.22 19.29 19.52 19.88 20.10 20.15 20.22 20.40 20.99 21.63 22.11 21.94 21.16 20.02 19.26 18.58 17.95 17.35 16.81 16.46 16.35 16.34 16.23 15.87 15.47 15.20 15.09 15.04 14.95 14.78 14.59 14.53 14.60 14.62 14.47 14.25 14.05 13.91 13.86 13.85 13.88 14.04 14.19 14.30 14.39
19.60 19.52 19.38 19.26 19.26 19.28 19.28 19.39 19.62 19.78 19.72 19.54 19.56 19.88 20.32 20.73 20.80 20.28 19.39 18.71 18.07 17.41 16.89 16.55 16.28 16.06 15.92 15.74 15.44 15.15 14.96 14.83 14.68 14.47 14.24 14.11 14.14 14.26 14.31 14.19 14.01 13.90 13.91 13.93 13.87 13.78 13.83 13.97 14.13 14.22
19.80 19.48 19.27 19.24 19.26 19.18 19.11 19.19 19.31 19.41 19.37 19.21 19.17 19.34 19.68 19.99 19.92 19.35 18.58 18.05 17.54 16.88 16.41 16.22 16.01 15.73 15.46 15.27 15.11 14.90 14.69 14.51 14.29 14.04 13.89 13.86 13.92 14.00 14.05 14.00 13.90 13.89 14.02 14.11 14.01 13.84 13.80 13.93 14.07 14.13
19.43 19.05 18.95 18.96 18.91 18.85 18.92 19.04 19.01 19.05 19.11 19.06 19.05 19.20 19.45 19.52 19.18 18.39 17.65 17.22 16.76 16.18 15.74 15.58 15.47 15.28 15.04 14.91 14.88 14.76 14.53 14.24 13.93 13.72 13.65 13.63 13.60 13.63 13.70 13.73 13.74 13.86 14.13 14.33 14.30 14.13 14.04 14.06 14.09 14.12
18.74 18.57 18.58 18.63 18.64 18.71 18.86 18.92 18.85 18.85 18.97 19.01 19.07 19.13 19.02 18.64 18.07 17.38 16.76 16.32 15.87 15.39 15.02 14.88 14.87 14.82 14.72 14.70 14.78 14.75 14.49 14.08 13.68 13.48 13.38 13.24 13.11 13.19 13.42 13.54 13.60 13.77 14.07 14.41 14.55 14.48 14.40 14.31 14.22 14.21
18.10 18.17 18.35 18.51 18.62 18.68 18.70 18.71 18.71 18.73 18.78 18.90 18.96 18.73 18.19 17.50 16.90 16.47 16.04 15.63 15.22 14.84 14.61 14.59 14.60 14.52 14.46 14.54 14.72 14.78 14.55 14.09 13.65 13.36 13.13 12.90 12.76 12.91 13.28 13.53 13.59 13.69 13.95 14.30 14.55 14.62 14.60 14.52 14.39 14.31
17.65 17.84 18.09 18.34 18.46 18.44 18.37 18.41 18.53 18.59 18.60 18.63 18.48 17.99 17.25 16.46 15.90 15.68 15.49 15.25 14.96 14.69 14.58 14.63 14.57 14.35 14.21 14.27 14.45 14.60 14.51 14.20 13.85 13.51 13.13 12.85 12.73 12.89 13.29 13.63 13.75 13.83 13.98 14.22 14.44 14.58 14.61 14.55 14.44 14.32
17.37 17.58 17.81 18.00 18.09 18.08 18.04 18.08 18.26 18.38 18.31 18.07 17.66 17.10 16.40 15.63 15.13 15.03 15.03 15.00 14.92 14.82 14.72 14.64 14.50 14.28 14.09 14.10 14.22 14.34 14.39 14.34 14.13 13.79 13.37 13.06 12.93 13.06 13.43 13.83 14.08 14.24 14.32 14.36 14.47 14.60 14.64 14.57 14.46 14.28
17.19 17.44 17.61 17.70 17.79 17.82 17.77 17.74 17.84 17.90 17.74 17.33 16.83 16.36 15.76 15.11 14.73 14.69 14.78 14.92 15.04 15.07 14.92 14.68 14.48 14.34 14.24 14.25 14.32 14.35 14.43 14.49 14.34 14.01 13.59 13.30 13.19 13.31 13.62 14.01 14.40 14.70 14.78 14.71 14.69 14.72 14.75 14.67 14.51 14.32
17.03 17.24 17.36 17.44 17.55 17.59 17.51 17.39 17.31 17.21 16.99 16.61 16.26 15.91 15.39 14.88 14.66 14.65 14.77 14.97 15.15 15.20 15.02 14.71 14.48 14.38 14.40 14.52 14.63 14.64 14.68 14.67 14.49 14.17 13.80 13.54 13.45 13.55 13.75 14.05 14.52 14.95 15.08 14.99 14.89 14.84 14.80 14.67 14.49 14.37
