Raw_GIS_Data/Climate_scenarios/ProcessedData/month_4_rainfall_rcp85.asc
NCOLS 50
NROWS 26
XLLCENTER 512998.000000
YLLCENTER 8407694.000000
CELLSIZE 800.000000
NODATA_value -999.000000
 3.93  3.98  4.05  4.13  4.18  4.23  4.30  4.41  4.53  4.65  4.73  4.81  4.95  5.15  5.34  5.48  5.61  5.71  5.73  5.71  5.67  5.56  5.43  5.32  5.19  5.10  5.11  5.13  5.09  5.02  5.05  5.12  5.19  5.23  5.24  5.26  5.29  5.31  5.31  5.32  5.32  5.32  5.31  5.27  5.25  5.27  5.31  5.35  5.44  5.51
 3.96  3.99  4.03  4.08  4.12  4.19  4.29  4.43  4.55  4.65  4.74  4.83  4.97  5.17  5.36  5.49  5.60  5.68  5.69  5.66  5.60  5.48  5.35  5.28  5.23  5.19  5.20  5.20  5.13  5.07  5.12  5.24  5.34  5.38  5.37  5.37  5.38  5.39  5.41  5.40  5.37  5.36  5.34  5.26  5.20  5.21  5.26  5.32  5.40  5.44
 4.05  4.05  4.04  4.05  4.08  4.15  4.28  4.42  4.54  4.66  4.76  4.86  4.97  5.13  5.31  5.45  5.56  5.64  5.71  5.74  5.70  5.59  5.47  5.43  5.45  5.44  5.43  5.40  5.32  5.27  5.33  5.46  5.56  5.59  5.53  5.46  5.46  5.51  5.54  5.52  5.47  5.42  5.34  5.24  5.18  5.19  5.26  5.35  5.42  5.43
 4.15  4.10  4.06  4.07  4.11  4.17  4.26  4.35  4.47  4.62  4.78  4.90  5.01  5.14  5.29  5.45  5.57  5.66  5.78  5.91  5.96  5.91  5.85  5.84  5.88  5.89  5.88  5.85  5.77  5.72  5.81  5.86  5.91  5.91  5.84  5.71  5.69  5.71  5.68  5.61  5.55  5.49  5.41  5.34  5.30  5.30  5.34  5.44  5.52  5.50
 4.22  4.15  4.11  4.13  4.17  4.20  4.24  4.29  4.39  4.57  4.80  4.99  5.14  5.28  5.41  5.55  5.69  5.84  6.00  6.18  6.32  6.36  6.38  6.44  6.53  6.64  6.73  6.73  6.57  6.52  6.61  6.51  6.45  6.50  6.41  6.17  6.08  5.99  5.87  5.74  5.67  5.63  5.59  5.50  5.43  5.40  5.45  5.54  5.61  5.55
 4.30  4.22  4.19  4.20  4.23  4.25  4.27  4.32  4.44  4.65  4.91  5.13  5.30  5.45  5.58  5.73  5.90  6.10  6.31  6.54  6.74  6.88  6.99  7.14  7.34  7.54  7.70  7.62  7.32  7.24  7.37  7.25  7.12  7.14  6.96  6.75  6.47  6.25  6.14  6.03  5.88  5.82  5.77  5.58  5.44  5.44  5.55  5.66  5.67  5.58
 4.41  4.34  4.30  4.29  4.32  4.35  4.39  4.48  4.64  4.88  5.16  5.37  5.52  5.66  5.78  5.90  6.07  6.29  6.53  6.79  7.04  7.24  7.40  7.61  7.75  7.77  7.79  7.56  7.22  7.22  7.43  7.63  7.67  7.57  7.29  6.90  6.44  6.24  6.26  6.28  6.11  5.95  5.78  5.53  5.41  5.47  5.61  5.71  5.68  5.58
 4.53  4.48  4.44  4.41  4.41  4.47  4.58  4.73  4.92  5.17  5.42  5.61  5.75  5.89  5.97  6.02  6.16  6.38  6.63  6.91  7.20  7.46  7.72  7.88  7.74  7.57  7.43  7.23  7.11  7.22  7.53  7.89  7.84  7.39  6.95  6.51  6.21  6.11  6.13  6.25  6.16  5.90  5.68  5.48  5.42  5.49  5.58  5.63  5.61  5.56
 4.66  4.65  4.63  4.59  4.58  4.64  4.77  4.97  5.22  5.46  5.68  5.86  6.02  6.15  6.20  6.22  6.34  6.57  6.86  7.19  7.56  7.92  8.26  8.41  8.21  8.02  7.67  7.36  7.18  7.21  7.38  7.43  7.14  6.80  6.44  6.23  6.13  6.09  6.13  6.15  6.00  5.80  5.62  5.49  5.47  5.54  5.56  5.53  5.52  5.52
 4.84  4.85  4.84  4.86  4.90  4.95  5.04  5.22  5.48  5.76  6.00  6.27  6.50  6.60  6.63  6.71  6.85  7.05  7.39  7.81  8.26  8.61  8.87  9.34  9.49  9.08  8.07  7.54  7.18  7.03  7.02  6.98  6.76  6.55  6.33  6.20  6.12  6.11  6.12  6.04  5.87  5.70  5.55  5.46  5.47  5.53  5.54  5.51  5.52  5.52
 5.05  5.05  5.08  5.16  5.29  5.41  5.51  5.65  5.86  6.14  6.52  6.95  7.29  7.39  7.47  7.68  7.77  7.79  8.16  8.59  8.82  9.09  9.50 10.02 10.25  9.84  8.25  7.47  7.04  6.88  6.87  6.85  6.78  6.62  6.41  6.24  6.15  6.12  6.09  5.95  5.75  5.60  5.50  5.43  5.42  5.47  5.50  5.52  5.54  5.56
 5.33  5.34  5.40  5.53  5.73  5.97  6.21  6.43  6.61  6.88  7.29  7.84  8.28  8.49  8.80  9.12  9.00  8.75  8.88  9.04  8.79  8.83  9.16  9.21  9.01  8.65  7.68  7.07  6.83  6.84  6.87  6.85  6.80  6.65  6.42  6.25  6.16  6.13  6.06  5.88  5.70  5.60  5.53  5.44  5.39  5.41  5.45  5.51  5.57  5.61
 5.80  5.80  5.83  5.96  6.20  6.56  7.02  7.50  7.86  8.01  8.21  8.70  9.24  9.66 10.13 10.50 10.24  9.68  9.30  8.93  8.21  7.99  8.02  7.99  7.79  7.49  6.99  6.71  6.68  6.79  6.86  6.84  6.75  6.57  6.35  6.18  6.10  6.04  5.97  5.85  5.76  5.69  5.60  5.47  5.38  5.37  5.42  5.52  5.61  5.67
 6.42  6.41  6.42  6.55  6.81  7.22  7.77  8.35  8.76  8.87  8.96  9.27  9.79 10.34 10.86 11.36 10.98  9.91  9.10  8.52  7.69  7.35  7.16  7.17  7.08  6.88  6.63  6.53  6.56  6.66  6.71  6.71  6.63  6.47  6.28  6.10  5.96  5.87  5.85  5.86  5.83  5.75  5.64  5.50  5.41  5.41  5.48  5.59  5.68  5.74
 7.07  7.09  7.10  7.22  7.45  7.78  8.12  8.42  8.66  8.70  8.81  9.19  9.72 10.29 10.74 11.00 10.44  9.40  8.47  7.83  7.28  6.99  6.85  6.85  6.78  6.64  6.51  6.48  6.50  6.52  6.50  6.48  6.45  6.37  6.21  6.03  5.86  5.78  5.80  5.85  5.83  5.75  5.63  5.51  5.45  5.48  5.57  5.69  5.79  5.86
 7.59  7.58  7.53  7.54  7.62  7.71  7.82  7.98  8.19  8.34  8.57  9.00  9.42  9.71  9.85  9.80  9.38  8.82  8.08  7.53  7.16  6.92  6.76  6.69  6.64  6.56  6.52  6.53  6.55  6.52  6.40  6.30  6.29  6.28  6.19  6.02  5.85  5.78  5.78  5.78  5.75  5.69  5.59  5.50  5.48  5.53  5.65  5.78  5.91  6.01
 7.82  7.74  7.58  7.42  7.30  7.27  7.41  7.68  7.96  8.22  8.50  8.79  8.92  8.91  8.84  8.77  8.64  8.37  7.88  7.49  7.20  6.99  6.78  6.62  6.54  6.53  6.56  6.61  6.65  6.63  6.50  6.35  6.29  6.28  6.20  6.05  5.91  5.83  5.76  5.67  5.60  5.58  5.54  5.50  5.51  5.59  5.74  5.91  6.04  6.17
 7.76  7.61  7.36  7.09  6.93  6.95  7.16  7.44  7.72  8.01  8.29  8.39  8.27  8.14  8.14  8.19  8.19  8.03  7.69  7.38  7.15  6.98  6.80  6.61  6.52  6.52  6.59  6.67  6.73  6.74  6.66  6.54  6.43  6.34  6.25  6.11  6.01  5.93  5.79  5.63  5.53  5.51  5.52  5.53  5.55  5.64  5.80  5.97  6.14  6.28
 7.45  7.29  7.03  6.78  6.66  6.69  6.83  7.03  7.29  7.60  7.79  7.75  7.61  7.56  7.68  7.80  7.83  7.67  7.38  7.13  6.97  6.86  6.74  6.62  6.53  6.51  6.58  6.68  6.73  6.74  6.73  6.70  6.60  6.47  6.35  6.23  6.14  6.08  5.95  5.79  5.69  5.64  5.65  5.67  5.69  5.77  5.86  5.98  6.15  6.34
 7.04  6.94  6.71  6.48  6.34  6.32  6.45  6.68  6.93  7.10  7.11  7.06  7.07  7.13  7.24  7.37  7.44  7.32  7.06  6.85  6.77  6.75  6.71  6.63  6.53  6.47  6.51  6.59  6.61  6.60  6.62  6.65  6.63  6.56  6.47  6.35  6.25  6.20  6.12  6.02  5.96  5.92  5.89  5.89  5.90  5.94  5.98  6.04  6.17  6.33
 6.60  6.50  6.31  6.10  5.99  6.04  6.24  6.47  6.59  6.59  6.57  6.61  6.69  6.74  6.77  6.87  7.00  7.02  6.86  6.66  6.60  6.65  6.69  6.64  6.50  6.39  6.39  6.43  6.39  6.34  6.37  6.42  6.48  6.50  6.47  6.41  6.32  6.26  6.24  6.20  6.18  6.16  6.10  6.04  6.00  6.00  6.02  6.06  6.14  6.22
 6.11  6.05  5.93  5.81  5.79  5.91  6.07  6.16  6.18  6.20  6.26  6.32  6.38  6.40  6.41  6.51  6.66  6.75  6.68  6.54  6.47  6.51  6.58  6.56  6.42  6.29  6.25  6.24  6.15  6.09  6.11  6.17  6.24  6.29  6.33  6.36  6.33  6.26  6.25  6.26  6.26  6.23  6.16  6.09  6.02  5.98  5.97  5.97  5.99  6.02
 5.75  5.73  5.67  5.61  5.63  5.71  5.76  5.76  5.83  5.97  6.07  6.10  6.12  6.13  6.16  6.25  6.37  6.45  6.46  6.42  6.36  6.35  6.38  6.36  6.28  6.19  6.13  6.07  5.98  5.93  5.93  5.97  6.02  6.06  6.12  6.20  6.22  6.16  6.14  6.19  6.21  6.17  6.10  6.04  5.98  5.90  5.82  5.76  5.78  5.82
 5.49  5.47  5.45  5.42  5.42  5.42  5.42  5.47  5.62  5.78  5.88  5.90  5.91  5.89  5.93  6.03  6.12  6.18  6.25  6.29  6.27  6.23  6.21  6.17  6.13  6.09  6.03  5.97  5.92  5.86  5.81  5.81  5.83  5.86  5.90  5.96  6.00  5.98  5.97  6.02  6.05  6.00  5.89  5.81  5.78  5.72  5.63  5.57  5.60  5.67
 5.32  5.31  5.33  5.30  5.24  5.20  5.24  5.37  5.54  5.66  5.73  5.76  5.74  5.70  5.76  5.90  5.99  6.06  6.16  6.25  6.23  6.18  6.14  6.10  6.07  6.03  5.95  5.91  5.87  5.80  5.70  5.65  5.68  5.72  5.77  5.81  5.84  5.84  5.81  5.81  5.81  5.74  5.61  5.51  5.50  5.51  5.47  5.42  5.45  5.52
 5.32  5.32  5.33  5.27  5.17  5.15  5.23  5.40  5.55  5.62  5.68  5.71  5.65  5.59  5.67  5.83  5.95  6.04  6.13  6.20  6.18  6.12  6.09  6.07  6.07  6.01  5.89  5.81  5.75  5.67  5.59  5.55  5.57  5.64  5.72  5.78  5.79  5.75  5.67  5.59  5.54  5.48  5.39  5.31  5.32  5.37  5.36  5.31  5.31  5.38
