Raw_GIS_Data/Climate_scenarios/ProcessedData/month_8_rainfall_rcp45.asc
NCOLS 50
NROWS 26
XLLCENTER 512998.000000
YLLCENTER 8407694.000000
CELLSIZE 800.000000
NODATA_value -999.000000
 4.58  4.55  4.53  4.53  4.54  4.57  4.63  4.68  4.71  4.72  4.69  4.65  4.64  4.68  4.71  4.71  4.72  4.75  4.80  4.87  4.91  4.92  4.96  5.07  5.21  5.31  5.38  5.46  5.59  5.71  5.79  5.84  5.86  5.85  5.80  5.74  5.67  5.58  5.48  5.42  5.41  5.43  5.42  5.29  5.12  4.98  4.88  4.82  4.78  4.80
 4.66  4.66  4.64  4.59  4.55  4.56  4.63  4.71  4.75  4.76  4.73  4.67  4.63  4.64  4.68  4.73  4.76  4.77  4.81  4.92  5.01  5.08  5.13  5.19  5.27  5.37  5.45  5.53  5.64  5.78  5.85  5.85  5.85  5.87  5.88  5.83  5.74  5.64  5.58  5.51  5.46  5.48  5.49  5.38  5.18  4.96  4.80  4.72  4.68  4.68
 4.74  4.73  4.72  4.65  4.56  4.53  4.59  4.68  4.76  4.79  4.77  4.72  4.67  4.67  4.70  4.75  4.78  4.80  4.83  4.92  5.06  5.23  5.37  5.48  5.57  5.67  5.78  5.84  5.91  6.00  6.06  6.04  6.01  6.03  6.03  5.99  5.91  5.82  5.75  5.67  5.60  5.59  5.58  5.45  5.24  5.00  4.81  4.71  4.68  4.66
 4.77  4.76  4.79  4.75  4.65  4.57  4.58  4.66  4.75  4.82  4.84  4.82  4.78  4.76  4.79  4.83  4.87  4.90  4.93  4.99  5.13  5.36  5.61  5.86  6.09  6.28  6.46  6.57  6.57  6.54  6.58  6.48  6.41  6.38  6.36  6.22  6.12  6.02  5.91  5.81  5.73  5.71  5.65  5.49  5.27  5.05  4.86  4.73  4.68  4.68
 4.79  4.82  4.88  4.88  4.80  4.69  4.64  4.66  4.72  4.82  4.91  4.93  4.90  4.90  4.93  4.98  5.02  5.06  5.10  5.19  5.37  5.63  5.96  6.36  6.77  7.12  7.41  7.55  7.49  7.44  7.44  7.19  6.98  6.94  6.80  6.56  6.40  6.26  6.13  5.99  5.87  5.80  5.76  5.55  5.28  5.08  4.93  4.81  4.75  4.75
 4.81  4.90  4.98  4.98  4.91  4.82  4.75  4.72  4.77  4.86  4.95  4.99  4.99  5.02  5.07  5.13  5.18  5.23  5.32  5.51  5.76  6.09  6.49  6.95  7.46  7.86  8.14  8.16  7.99  8.02  8.13  7.92  7.61  7.47  7.17  6.97  6.67  6.48  6.41  6.29  6.02  5.88  5.86  5.59  5.28  5.09  5.00  4.95  4.93  4.94
 4.80  4.94  5.03  5.03  4.95  4.88  4.83  4.83  4.89  4.99  5.06  5.09  5.10  5.15  5.23  5.31  5.37  5.46  5.61  5.87  6.21  6.62  7.05  7.49  7.78  7.89  7.98  7.86  7.63  7.71  7.95  8.17  8.11  7.83  7.40  6.98  6.52  6.36  6.41  6.37  6.07  5.86  5.75  5.48  5.23  5.10  5.05  5.04  5.10  5.14
 4.82  4.94  5.04  5.06  5.01  4.95  4.92  4.94  5.02  5.13  5.22  5.28  5.32  5.39  5.52  5.65  5.77  5.91  6.09  6.37  6.76  7.24  7.73  8.04  7.90  7.71  7.54  7.40  7.30  7.42  7.71  8.13  8.14  7.58  6.98  6.43  6.10  6.05  6.06  6.06  5.94  5.70  5.53  5.34  5.20  5.13  5.07  5.06  5.14  5.20
 4.92  4.99  5.07  5.13  5.16  5.16  5.14  5.14  5.19  5.28  5.41  5.57  5.70  5.82  5.99  6.20  6.41  6.61  6.82  7.11  7.58  8.13  8.61  8.88  8.62  8.17  7.58  7.23  7.05  7.07  7.22  7.35  7.21  6.91  6.35  5.94  5.75  5.69  5.71  5.72  5.61  5.47  5.36  5.24  5.18  5.14  5.07  5.02  5.08  5.16
 4.99  5.07  5.17  5.27  5.38  5.46  5.50  5.54  5.61  5.69  5.83  6.10  6.37  6.57  6.77  7.04  7.33  7.53  7.78  8.16  8.68  9.16  9.45  9.97  9.95  9.17  7.70  7.08  6.81  6.68  6.65  6.67  6.60  6.42  6.04  5.70  5.49  5.40  5.40  5.43  5.38  5.28  5.19  5.13  5.10  5.07  5.00  4.96  5.02  5.09
 5.01  5.13  5.29  5.49  5.68  5.82  5.94  6.10  6.30  6.50  6.78  7.17  7.54  7.77  8.04  8.42  8.63  8.65  8.89  9.24  9.44  9.68  9.96 10.22 10.13  9.53  7.69  6.91  6.58  6.38  6.31  6.28  6.23  6.09  5.84  5.59  5.39  5.29  5.26  5.26  5.21  5.12  5.06  5.03  5.01  4.98  4.94  4.97  5.02  5.05
 5.13  5.30  5.50  5.76  6.03  6.25  6.48  6.78  7.17  7.65  8.12  8.68  9.13  9.44  9.89 10.22 10.05  9.79  9.79  9.80  9.43  9.31  9.26  8.79  8.16  7.83  6.99  6.50  6.27  6.14  6.07  6.02  5.96  5.85  5.67  5.51  5.37  5.27  5.20  5.13  5.07  5.02  5.01  5.00  5.00  4.98  4.98  5.04  5.09  5.11
 5.53  5.69  5.90  6.14  6.42  6.72  7.10  7.62  8.29  8.88  9.38 10.03 10.63 11.12 11.58 11.85 11.36 10.61 10.11  9.67  8.85  8.48  8.04  7.41  6.89  6.66  6.35  6.21  6.09  5.98  5.91  5.84  5.79  5.66  5.50  5.40  5.32  5.21  5.11  5.02  4.98  5.02  5.07  5.08  5.06  5.03  5.04  5.08  5.14  5.16
 6.13  6.27  6.47  6.68  6.94  7.30  7.82  8.50  9.24  9.69  9.99 10.41 11.00 11.60 12.02 12.44 11.85 10.55  9.61  9.11  8.32  7.90  7.21  6.68  6.37  6.20  6.13  6.10  6.00  5.88  5.77  5.69  5.64  5.52  5.36  5.26  5.20  5.08  4.95  4.85  4.85  4.96  5.08  5.12  5.10  5.07  5.06  5.08  5.12  5.13
 6.67  6.82  7.01  7.24  7.50  7.85  8.30  8.84  9.34  9.41  9.34  9.58 10.07 10.67 11.02 11.22 10.72  9.66  8.72  8.22  7.75  7.30  6.78  6.42  6.18  6.06  6.01  5.95  5.86  5.74  5.60  5.49  5.46  5.39  5.27  5.16  5.08  4.95  4.80  4.68  4.66  4.77  4.90  4.96  4.96  4.97  4.99  5.00  5.01  4.99
 6.93  7.14  7.42  7.70  7.88  8.00  8.23  8.57  8.82  8.77  8.67  8.84  9.14  9.53  9.73  9.68  9.24  8.70  8.11  7.71  7.33  6.93  6.54  6.22  6.00  5.85  5.75  5.67  5.62  5.54  5.38  5.26  5.24  5.23  5.19  5.10  4.98  4.86  4.72  4.60  4.54  4.61  4.70  4.73  4.72  4.74  4.78  4.82  4.85  4.83
 7.04  7.33  7.67  7.90  7.92  7.86  7.95  8.19  8.37  8.37  8.34  8.44  8.58  8.77  8.85  8.71  8.40  8.08  7.65  7.31  6.97  6.62  6.27  5.96  5.70  5.52  5.41  5.35  5.35  5.31  5.19  5.08  5.05  5.06  5.07  5.03  4.91  4.80  4.71  4.62  4.55  4.56  4.59  4.56  4.52  4.51  4.54  4.63  4.72  4.73
 7.16  7.43  7.63  7.71  7.71  7.72  7.80  7.99  8.20  8.25  8.19  8.17  8.14  8.17  8.18  8.03  7.81  7.57  7.22  6.90  6.62  6.31  5.97  5.67  5.44  5.26  5.17  5.13  5.15  5.16  5.11  5.03  4.99  4.99  5.01  4.96  4.84  4.75  4.71  4.67  4.60  4.56  4.52  4.48  4.45  4.42  4.42  4.50  4.62  4.67
 7.14  7.30  7.35  7.41  7.51  7.60  7.70  7.86  8.05  8.10  7.97  7.81  7.68  7.60  7.56  7.43  7.24  7.00  6.74  6.51  6.26  6.00  5.74  5.52  5.33  5.17  5.08  5.07  5.12  5.16  5.14  5.09  5.06  5.06  5.03  4.94  4.79  4.71  4.71  4.70  4.67  4.63  4.57  4.52  4.49  4.43  4.41  4.47  4.56  4.61
 6.98  7.11  7.17  7.23  7.30  7.37  7.45  7.58  7.71  7.73  7.59  7.41  7.26  7.12  7.03  6.91  6.75  6.51  6.29  6.15  5.96  5.74  5.58  5.44  5.31  5.19  5.11  5.11  5.16  5.21  5.21  5.19  5.15  5.11  5.04  4.91  4.77  4.69  4.71  4.75  4.78  4.77  4.73  4.68  4.63  4.54  4.51  4.53  4.55  4.57
 6.85  6.97  7.05  7.06  7.06  7.05  7.08  7.16  7.25  7.27  7.18  7.03  6.88  6.74  6.61  6.44  6.26  6.09  5.93  5.84  5.72  5.60  5.49  5.37  5.28  5.20  5.17  5.17  5.21  5.27  5.30  5.28  5.21  5.13  5.05  4.94  4.83  4.76  4.77  4.82  4.88  4.91  4.91  4.87  4.80  4.73  4.70  4.68  4.64  4.60
 6.74  6.79  6.81  6.79  6.75  6.73  6.73  6.76  6.80  6.83  6.77  6.65  6.53  6.42  6.28  6.10  5.95  5.82  5.69  5.63  5.59  5.56  5.48  5.36  5.25  5.19  5.19  5.21  5.25  5.30  5.31  5.27  5.19  5.14  5.09  5.02  4.97  4.93  4.91  4.95  5.00  5.03  5.03  4.99  4.94  4.91  4.88  4.85  4.78  4.71
 6.58  6.56  6.51  6.46  6.43  6.43  6.42  6.41  6.44  6.45  6.41  6.32  6.22  6.13  6.01  5.86  5.76  5.69  5.61  5.56  5.56  5.57  5.51  5.39  5.27  5.19  5.16  5.19  5.24  5.24  5.20  5.13  5.12  5.14  5.12  5.08  5.08  5.07  5.05  5.09  5.14  5.12  5.05  4.97  4.95  4.96  4.96  4.93  4.89  4.86
 6.33  6.31  6.25  6.19  6.15  6.12  6.10  6.12  6.18  6.20  6.17  6.09  5.97  5.87  5.79  5.70  5.65  5.65  5.61  5.58  5.58  5.57  5.50  5.41  5.31  5.21  5.16  5.17  5.19  5.18  5.12  5.10  5.16  5.23  5.21  5.14  5.09  5.09  5.07  5.10  5.13  5.07  4.97  4.89  4.88  4.90  4.91  4.91  4.92  4.95
 6.07  6.09  6.06  5.98  5.90  5.85  5.86  5.92  6.00  6.04  6.02  5.94  5.81  5.71  5.67  5.63  5.62  5.63  5.60  5.56  5.54  5.52  5.46  5.37  5.31  5.26  5.23  5.21  5.22  5.23  5.21  5.23  5.31  5.36  5.33  5.23  5.12  5.08  5.03  5.01  5.00  4.96  4.88  4.84  4.83  4.83  4.83  4.85  4.90  4.96
 5.89  5.96  5.95  5.82  5.71  5.68  5.72  5.78  5.84  5.89  5.89  5.84  5.75  5.65  5.64  5.65  5.64  5.62  5.55  5.48  5.46  5.47  5.44  5.37  5.33  5.33  5.33  5.31  5.33  5.37  5.37  5.37  5.39  5.40  5.36  5.28  5.19  5.12  5.03  4.91  4.85  4.83  4.80  4.80  4.81  4.81  4.83  4.88  4.94  4.97
