Raw_GIS_Data/Climate_scenarios/ProcessedData/month_5_rainfall_present.asc
NCOLS 50
NROWS 26
XLLCENTER 512998.000000
YLLCENTER 8407694.000000
CELLSIZE 800.000000
NODATA_value -999.000000
 6.59  6.65  6.72  6.73  6.75  6.87  7.03  7.17  7.32  7.49  7.65  7.78  7.80  7.70  7.61  7.55  7.51  7.55  7.69  7.87  7.98  8.04  8.18  8.37  8.52  8.53  8.33  8.07  8.00  8.08  8.12  8.13  8.13  8.11  8.06  7.94  7.80  7.68  7.55  7.43  7.41  7.47  7.51  7.56  7.64  7.63  7.57  7.57  7.68  7.84
 6.68  6.63  6.61  6.57  6.58  6.74  6.97  7.16  7.33  7.51  7.63  7.68  7.69  7.72  7.77  7.81  7.84  7.90  8.03  8.14  8.13  8.12  8.24  8.42  8.57  8.60  8.46  8.26  8.23  8.37  8.49  8.54  8.53  8.50  8.42  8.24  8.02  7.80  7.60  7.51  7.54  7.62  7.67  7.70  7.72  7.65  7.52  7.48  7.57  7.75
 6.90  6.76  6.64  6.58  6.58  6.73  6.95  7.12  7.29  7.45  7.53  7.56  7.63  7.78  7.96  8.06  8.12  8.18  8.29  8.37  8.37  8.39  8.51  8.66  8.76  8.79  8.75  8.69  8.72  8.85  8.97  8.97  8.90  8.83  8.74  8.54  8.27  8.02  7.87  7.84  7.88  7.94  7.94  7.89  7.80  7.65  7.49  7.44  7.52  7.63
 7.19  6.99  6.87  6.82  6.83  6.94  7.07  7.20  7.34  7.45  7.53  7.61  7.75  7.95  8.13  8.24  8.32  8.37  8.44  8.54  8.64  8.78  8.99  9.20  9.32  9.35  9.41  9.48  9.53  9.56  9.63  9.48  9.28  9.13  9.08  8.88  8.65  8.47  8.33  8.23  8.21  8.23  8.22  8.14  7.95  7.71  7.53  7.48  7.49  7.47
 7.32  7.12  7.11  7.15  7.17  7.21  7.27  7.40  7.53  7.60  7.67  7.80  7.94  8.10  8.25  8.38  8.49  8.57  8.66  8.85  9.09  9.38  9.74 10.13 10.39 10.52 10.66 10.80 10.82 10.83 10.81 10.41 10.01  9.86  9.69  9.43  9.25  9.01  8.74  8.54  8.46  8.52  8.60  8.49  8.22  7.95  7.73  7.60  7.49  7.34
 7.34  7.24  7.30  7.37  7.37  7.38  7.46  7.61  7.73  7.77  7.83  7.98  8.11  8.23  8.39  8.57  8.74  8.86  9.03  9.34  9.75 10.19 10.72 11.34 11.85 12.02 12.12 12.18 12.11 12.23 12.17 11.59 11.00 10.73 10.31 10.16  9.84  9.38  9.10  8.93  8.74  8.76  8.89  8.74  8.48  8.24  7.99  7.75  7.53  7.29
 7.44  7.43  7.48  7.49  7.49  7.53  7.66  7.83  7.93  7.93  7.99  8.14  8.24  8.37  8.62  8.92  9.15  9.29  9.48  9.84 10.32 10.83 11.44 12.22 12.76 12.72 12.55 12.28 12.05 12.18 12.24 12.13 11.75 11.29 10.83 10.44  9.79  9.34  9.27  9.27  8.99  8.79  8.77  8.62  8.46  8.32  8.15  7.94  7.66  7.38
 7.62  7.63  7.65  7.66  7.69  7.78  7.93  8.10  8.21  8.21  8.23  8.33  8.42  8.60  8.97  9.39  9.69  9.88 10.07 10.39 10.81 11.31 12.01 12.76 12.96 12.77 12.42 12.05 11.83 11.84 12.05 12.41 12.15 11.29 10.62  9.96  9.41  9.20  9.18  9.21  8.98  8.59  8.41  8.30  8.26  8.25  8.23  8.14  7.89  7.60
 7.84  7.83  7.88  7.94  8.01  8.10  8.24  8.39  8.47  8.48  8.50  8.60  8.79  9.09  9.54  9.99 10.35 10.65 10.94 11.30 11.77 12.31 12.99 13.65 13.73 13.49 12.92 12.43 12.02 11.77 11.74 11.77 11.40 10.83 10.10  9.55  9.25  9.13  9.10  9.00  8.71  8.39  8.19  8.08  8.07  8.18  8.29  8.24  8.08  7.90
 8.14  8.14  8.21  8.31  8.41  8.50  8.62  8.74  8.80  8.84  8.94  9.18  9.52  9.93 10.37 10.84 11.27 11.60 12.01 12.66 13.45 14.05 14.40 15.17 15.45 14.82 13.35 12.72 12.20 11.64 11.16 10.96 10.75 10.45  9.97  9.55  9.27  9.15  9.02  8.82  8.59  8.38  8.18  8.04  8.02  8.16  8.27  8.21  8.17  8.15
 8.43  8.42  8.50  8.63  8.81  9.01  9.18  9.29  9.37  9.53  9.95 10.49 10.99 11.33 11.68 12.25 12.66 12.77 13.22 14.03 14.82 15.41 15.92 16.39 16.40 15.75 13.57 12.73 12.12 11.35 10.76 10.57 10.52 10.31 10.00  9.64  9.36  9.21  9.06  8.83  8.62  8.47  8.34  8.20  8.13  8.20  8.26  8.25  8.29  8.32
 8.61  8.56  8.65  8.83  9.11  9.45  9.76 10.02 10.26 10.77 11.59 12.53 13.16 13.44 13.83 14.35 14.43 14.26 14.38 14.69 14.77 15.20 15.65 15.34 14.64 14.13 12.97 12.33 11.76 11.08 10.62 10.51 10.45 10.28 10.04  9.74  9.45  9.23  9.05  8.85  8.64  8.50  8.45  8.40  8.33  8.32  8.32  8.35  8.38  8.37
 8.85  8.79  8.89  9.11  9.44  9.83 10.31 10.90 11.55 12.30 13.33 14.56 15.39 15.78 16.16 16.52 16.24 15.67 15.14 14.53 13.71 13.85 13.98 13.70 13.20 12.82 12.28 11.90 11.42 10.86 10.53 10.49 10.43 10.30 10.11  9.84  9.54  9.24  8.97  8.72  8.52  8.43  8.46  8.49  8.46  8.41  8.37  8.39  8.40  8.40
 9.10  9.09  9.21  9.47  9.81 10.21 10.76 11.52 12.38 13.17 14.10 15.16 16.02 16.58 16.96 17.45 17.11 16.04 15.06 14.16 13.07 12.90 12.70 12.64 12.45 12.16 11.89 11.58 11.10 10.60 10.38 10.44 10.50 10.39 10.18  9.91  9.61  9.30  8.96  8.68  8.51  8.46  8.48  8.52  8.55  8.52  8.45  8.41  8.40  8.44
 9.29  9.39  9.53  9.75 10.00 10.30 10.67 11.20 11.86 12.34 12.92 13.75 14.53 15.20 15.60 16.02 15.93 15.20 14.19 13.31 12.59 12.34 12.16 12.10 11.92 11.64 11.42 11.17 10.80 10.41 10.27 10.41 10.55 10.43 10.13  9.85  9.62  9.37  9.09  8.85  8.72  8.64  8.60  8.64  8.68  8.66  8.57  8.49  8.45  8.47
 9.50  9.61  9.66  9.73  9.83  9.96 10.19 10.49 10.85 11.21 11.72 12.38 12.92 13.39 13.73 14.05 14.04 13.84 13.23 12.65 12.26 12.01 11.78 11.65 11.51 11.24 10.98 10.79 10.55 10.29 10.19 10.32 10.41 10.24  9.93  9.70  9.55  9.39  9.19  9.01  8.90  8.79  8.72  8.74  8.76  8.72  8.63  8.59  8.57  8.54
 9.34  9.42  9.39  9.39  9.51  9.68  9.86 10.06 10.29 10.70 11.26 11.76 12.04 12.33 12.62 12.84 12.93 12.96 12.70 12.36 11.98 11.63 11.33 11.24 11.24 11.07 10.82 10.61 10.34 10.10 10.01 10.09 10.13  9.96  9.71  9.57  9.46  9.33  9.18  9.06  8.95  8.84  8.76  8.74  8.73  8.66  8.61  8.64  8.68  8.65
 8.99  9.07  9.06  9.09  9.25  9.45  9.67  9.91 10.14 10.48 10.97 11.36 11.55 11.73 11.97 12.19 12.46 12.68 12.63 12.35 11.87 11.36 10.96 10.88 10.97 10.93 10.76 10.55 10.22  9.93  9.84  9.89  9.90  9.71  9.52  9.45  9.37  9.25  9.13  9.05  8.97  8.85  8.74  8.69  8.68  8.67  8.67  8.76  8.87  8.86
 8.81  8.85  8.87  8.93  9.09  9.30  9.57  9.83 10.01 10.26 10.62 10.92 11.06 11.16 11.35 11.70 12.10 12.31 12.40 12.25 11.84 11.36 10.94 10.75 10.71 10.62 10.50 10.37 10.14  9.91  9.80  9.82  9.80  9.63  9.44  9.34  9.25  9.15  9.05  9.01  8.98  8.87  8.75  8.68  8.69  8.79  8.91  9.03  9.17  9.18
 8.85  8.85  8.88  8.96  9.14  9.38  9.56  9.65  9.80 10.04 10.28 10.45 10.55 10.64 10.84 11.26 11.61 11.72 11.88 11.92 11.72 11.43 11.09 10.81 10.56 10.30 10.13 10.09 10.03  9.91  9.82  9.81  9.79  9.65  9.42  9.23  9.10  9.01  8.95  8.94  8.96  8.93  8.85  8.77  8.77  8.90  9.09  9.26  9.40  9.43
 9.03  9.03  9.05  9.12  9.30  9.51  9.53  9.44  9.52  9.72  9.87  9.97 10.14 10.33 10.55 10.83 11.00 11.13 11.39 11.61 11.58 11.39 11.09 10.76 10.41 10.05  9.87  9.88  9.91  9.87  9.80  9.78  9.75  9.62  9.36  9.09  8.95  8.88  8.85  8.88  8.97  9.01  8.96  8.86  8.82  8.92  9.11  9.29  9.44  9.45
 9.30  9.23  9.20  9.23  9.35  9.45  9.39  9.27  9.24  9.34  9.47  9.63  9.88 10.11 10.28 10.44 10.53 10.68 10.97 11.29 11.33 11.11 10.79 10.45 10.11  9.82  9.70  9.72  9.78  9.79  9.73  9.66  9.55  9.40  9.19  8.97  8.84  8.78  8.77  8.86  8.99  9.02  8.98  8.92  8.92  9.03  9.16  9.28  9.36  9.31
 9.43  9.29  9.21  9.22  9.28  9.27  9.16  9.06  9.02  9.09  9.24  9.39  9.52  9.64  9.77  9.88 10.00 10.21 10.54 10.90 10.96 10.70 10.34 10.04  9.75  9.58  9.59  9.63  9.64  9.62  9.57  9.45  9.23  9.05  8.97  8.87  8.78  8.73  8.72  8.80  8.92  8.97  8.97  9.01  9.11  9.25  9.33  9.33  9.24  9.09
 9.24  9.16  9.15  9.18  9.18  9.11  8.99  8.95  8.98  9.05  9.09  9.05  8.94  8.95  9.08  9.26  9.50  9.78 10.16 10.53 10.65 10.44 10.09  9.81  9.55  9.44  9.53  9.60  9.56  9.47  9.38  9.22  8.95  8.75  8.73  8.74  8.70  8.65  8.63  8.68  8.78  8.87  8.94  9.05  9.21  9.35  9.40  9.35  9.20  9.01
 8.89  8.94  9.05  9.13  9.12  9.02  8.96  9.01  9.06  9.03  8.88  8.65  8.43  8.36  8.51  8.81  9.17  9.51  9.85 10.17 10.35 10.31 10.08  9.78  9.49  9.38  9.48  9.59  9.57  9.44  9.30  9.13  8.89  8.66  8.58  8.60  8.59  8.52  8.47  8.49  8.56  8.66  8.84  9.03  9.18  9.24  9.21  9.17  9.12  9.02
 8.62  8.75  8.95  9.05  9.04  8.97  8.96  9.00  8.95  8.82  8.59  8.34  8.20  8.17  8.30  8.60  8.98  9.29  9.57  9.82 10.00 10.12 10.08  9.82  9.47  9.31  9.36  9.50  9.55  9.43  9.25  9.12  8.98  8.78  8.64  8.57  8.49  8.42  8.40  8.41  8.43  8.50  8.71  8.95  9.06  9.00  8.87  8.85  8.91  8.94
