Raw_GIS_Data/Climate_scenarios/ProcessedData/month_6_rainfall_rcp45.asc
NCOLS 50
NROWS 26
XLLCENTER 512998.000000
YLLCENTER 8407694.000000
CELLSIZE 800.000000
NODATA_value -999.000000
 4.87  4.85  4.83  4.85  4.91  4.96  4.96  4.94  4.96  5.03  5.11  5.17  5.24  5.36  5.44  5.45  5.46  5.51  5.57  5.65  5.76  5.88  6.01  6.12  6.20  6.24  6.28  6.35  6.49  6.64  6.75  6.80  6.85  6.93  7.04  7.12  7.11  7.06  7.07  7.12  7.17  7.21  7.25  7.30  7.37  7.41  7.41  7.40  7.40  7.43
 4.88  4.77  4.75  4.84  4.92  4.96  4.97  4.97  4.98  5.04  5.12  5.16  5.23  5.35  5.45  5.50  5.58  5.68  5.76  5.87  6.04  6.22  6.37  6.48  6.50  6.49  6.48  6.50  6.56  6.65  6.73  6.81  6.91  7.04  7.18  7.26  7.23  7.15  7.12  7.14  7.19  7.28  7.32  7.32  7.32  7.35  7.39  7.40  7.37  7.35
 4.97  4.82  4.76  4.81  4.88  4.90  4.91  4.99  5.06  5.11  5.17  5.20  5.26  5.36  5.45  5.54  5.67  5.81  5.94  6.11  6.35  6.58  6.77  6.89  6.93  6.94  6.95  6.97  6.96  6.92  6.94  7.00  7.07  7.15  7.28  7.34  7.29  7.24  7.20  7.19  7.23  7.33  7.38  7.31  7.25  7.27  7.33  7.32  7.22  7.15
 5.05  4.92  4.83  4.82  4.87  4.87  4.88  4.99  5.11  5.18  5.24  5.29  5.34  5.42  5.50  5.61  5.75  5.92  6.09  6.32  6.62  6.95  7.24  7.47  7.62  7.68  7.74  7.83  7.79  7.59  7.54  7.49  7.48  7.48  7.59  7.59  7.52  7.45  7.39  7.36  7.40  7.46  7.45  7.30  7.18  7.20  7.25  7.20  7.07  6.97
 5.04  4.97  4.90  4.86  4.85  4.86  4.89  5.00  5.10  5.18  5.27  5.36  5.43  5.51  5.61  5.74  5.92  6.12  6.34  6.62  6.96  7.35  7.76  8.15  8.45  8.66  8.80  8.90  8.82  8.63  8.55  8.31  8.11  8.11  8.12  8.07  7.99  7.88  7.79  7.74  7.71  7.70  7.66  7.41  7.18  7.14  7.19  7.12  6.98  6.88
 5.01  4.98  4.95  4.89  4.85  4.87  4.94  5.03  5.10  5.17  5.29  5.42  5.53  5.65  5.81  6.01  6.22  6.46  6.76  7.09  7.46  7.84  8.26  8.72  9.19  9.52  9.69  9.61  9.31  9.20  9.26  9.06  8.76  8.68  8.55  8.58  8.43  8.26  8.26  8.26  8.05  7.94  7.93  7.64  7.31  7.19  7.19  7.11  6.96  6.87
 5.05  5.01  5.00  4.97  4.93  4.92  4.98  5.07  5.14  5.22  5.34  5.52  5.68  5.86  6.10  6.38  6.65  6.93  7.27  7.67  8.08  8.43  8.75  9.21  9.64  9.85  9.87  9.50  8.96  8.84  9.06  9.30  9.25  9.10  8.91  8.73  8.40  8.25  8.34  8.41  8.16  7.98  7.97  7.76  7.51  7.37  7.32  7.23  7.11  7.01
 5.23  5.14  5.11  5.10  5.08  5.07  5.11  5.20  5.29  5.37  5.52  5.74  5.96  6.20  6.53  6.89  7.22  7.51  7.87  8.32  8.80  9.20  9.58  9.93 10.03 10.09  9.86  9.38  8.88  8.70  8.92  9.36  9.38  9.03  8.75  8.43  8.20  8.11  8.09  8.11  7.98  7.78  7.75  7.71  7.61  7.53  7.48  7.41  7.31  7.20
 5.53  5.44  5.39  5.37  5.38  5.39  5.44  5.54  5.65  5.73  5.89  6.16  6.43  6.73  7.14  7.57  7.94  8.28  8.66  9.14  9.72 10.30 10.78 11.12 11.08 10.83 10.21  9.62  9.04  8.69  8.69  8.76  8.60  8.47  8.22  8.09  8.04  7.97  7.95  7.90  7.74  7.64  7.60  7.58  7.53  7.52  7.57  7.53  7.40  7.24
 5.86  5.81  5.79  5.80  5.85  5.93  6.02  6.14  6.30  6.45  6.66  6.96  7.25  7.59  7.99  8.45  8.89  9.23  9.63 10.15 10.81 11.38 11.79 12.46 12.61 11.99 10.59  9.92  9.28  8.70  8.39  8.23  8.08  7.99  7.85  7.82  7.81  7.82  7.82  7.79  7.70  7.64  7.61  7.57  7.50  7.47  7.53  7.52  7.41  7.24
 6.15  6.15  6.18  6.27  6.37  6.50  6.67  6.91  7.20  7.50  7.91  8.34  8.67  8.94  9.33  9.84 10.18 10.33 10.69 11.17 11.50 11.82 12.23 12.65 12.82 12.46 10.75  9.93  9.26  8.64  8.27  8.08  7.93  7.78  7.65  7.59  7.62  7.67  7.68  7.68  7.67  7.64  7.62  7.58  7.51  7.45  7.44  7.47  7.44  7.35
 6.45  6.51  6.60  6.73  6.85  6.98  7.21  7.60  8.10  8.65  9.21  9.87 10.39 10.78 11.29 11.70 11.64 11.50 11.63 11.78 11.47 11.42 11.50 11.18 10.85 10.74  9.93  9.31  8.83  8.43  8.18  8.04  7.89  7.69  7.52  7.45  7.48  7.52  7.53  7.54  7.56  7.58  7.57  7.53  7.47  7.41  7.42  7.48  7.53  7.51
 6.74  6.84  6.99  7.17  7.33  7.46  7.69  8.17  8.88  9.52 10.15 10.92 11.67 12.29 12.85 13.22 12.82 12.22 11.96 11.73 10.88 10.54 10.27  9.84  9.52  9.42  9.03  8.67  8.39  8.17  8.03  7.96  7.83  7.61  7.44  7.38  7.39  7.44  7.47  7.47  7.47  7.48  7.47  7.46  7.44  7.42  7.46  7.55  7.60  7.57
 6.96  7.06  7.26  7.52  7.74  7.92  8.19  8.68  9.39 10.00 10.51 11.09 11.71 12.34 12.85 13.38 12.99 12.01 11.46 11.15 10.21  9.77  9.29  9.00  8.83  8.72  8.54  8.33  8.12  7.98  7.90  7.91  7.84  7.63  7.45  7.38  7.39  7.46  7.54  7.52  7.44  7.40  7.39  7.41  7.44  7.44  7.46  7.54  7.58  7.51
 7.23  7.33  7.54  7.82  8.07  8.29  8.56  8.94  9.45  9.79 10.00 10.35 10.73 11.19 11.60 12.03 11.90 11.25 10.53 10.01  9.35  8.93  8.63  8.47  8.37  8.31  8.24  8.11  7.96  7.85  7.79  7.80  7.81  7.69  7.54  7.47  7.47  7.54  7.62  7.58  7.46  7.37  7.36  7.39  7.40  7.37  7.33  7.36  7.41  7.36
 7.57  7.68  7.84  8.09  8.35  8.56  8.76  8.98  9.23  9.34  9.38  9.57  9.80 10.14 10.52 10.86 10.82 10.47  9.79  9.18  8.67  8.28  8.08  7.99  7.99  8.00  7.96  7.86  7.74  7.64  7.59  7.60  7.65  7.63  7.54  7.50  7.51  7.55  7.59  7.55  7.43  7.33  7.32  7.34  7.29  7.18  7.08  7.08  7.13  7.14
 7.82  7.92  8.02  8.21  8.44  8.64  8.78  8.87  8.87  8.78  8.76  8.96  9.24  9.57  9.94 10.19 10.15  9.82  9.20  8.68  8.24  7.86  7.64  7.60  7.67  7.74  7.72  7.62  7.51  7.41  7.35  7.35  7.40  7.42  7.37  7.35  7.37  7.42  7.46  7.42  7.31  7.24  7.25  7.25  7.18  7.04  6.92  6.89  6.94  6.99
 7.84  7.90  7.97  8.11  8.30  8.46  8.55  8.56  8.46  8.29  8.24  8.48  8.86  9.23  9.49  9.56  9.45  9.20  8.76  8.32  7.95  7.60  7.35  7.29  7.36  7.48  7.54  7.49  7.40  7.31  7.21  7.17  7.19  7.20  7.16  7.14  7.16  7.22  7.26  7.22  7.15  7.15  7.18  7.16  7.08  6.97  6.90  6.90  6.94  6.98
 7.64  7.70  7.74  7.83  7.98  8.13  8.21  8.18  8.07  7.94  7.90  8.06  8.42  8.76  8.91  8.84  8.71  8.59  8.32  7.97  7.66  7.41  7.18  7.08  7.11  7.23  7.34  7.37  7.33  7.27  7.18  7.12  7.13  7.11  7.03  6.98  6.98  6.99  7.01  7.00  6.99  7.03  7.07  7.06  7.03  6.99  6.98  7.00  7.03  7.05
 7.52  7.51  7.49  7.53  7.67  7.85  7.96  7.94  7.82  7.73  7.68  7.73  7.91  8.11  8.20  8.14  8.09  8.03  7.85  7.58  7.33  7.16  7.01  6.94  6.96  7.05  7.15  7.19  7.17  7.16  7.13  7.10  7.11  7.07  6.94  6.85  6.84  6.84  6.83  6.85  6.89  6.94  6.99  7.01  7.04  7.09  7.11  7.10  7.12  7.13
 7.55  7.49  7.45  7.45  7.51  7.68  7.81  7.80  7.69  7.57  7.45  7.38  7.42  7.52  7.57  7.52  7.50  7.52  7.43  7.26  7.07  6.92  6.83  6.81  6.86  6.94  6.99  7.02  6.99  6.98  6.98  6.97  6.97  6.96  6.85  6.75  6.75  6.79  6.81  6.81  6.82  6.87  6.93  6.99  7.09  7.20  7.24  7.21  7.21  7.22
 7.58  7.56  7.52  7.47  7.46  7.54  7.61  7.60  7.51  7.35  7.16  7.05  7.06  7.11  7.13  7.11  7.12  7.14  7.12  7.03  6.90  6.77  6.70  6.71  6.76  6.82  6.88  6.90  6.85  6.80  6.82  6.83  6.85  6.86  6.81  6.72  6.70  6.76  6.81  6.80  6.75  6.76  6.83  6.94  7.10  7.27  7.35  7.34  7.31  7.29
 7.51  7.52  7.51  7.48  7.45  7.40  7.33  7.28  7.23  7.11  6.94  6.84  6.85  6.89  6.88  6.89  6.92  6.95  6.96  6.93  6.84  6.74  6.69  6.70  6.72  6.76  6.82  6.83  6.75  6.66  6.68  6.75  6.81  6.85  6.84  6.75  6.70  6.76  6.82  6.81  6.72  6.67  6.71  6.83  7.00  7.18  7.31  7.35  7.33  7.27
 7.33  7.36  7.42  7.43  7.39  7.25  7.09  7.01  6.97  6.92  6.83  6.76  6.75  6.79  6.81  6.81  6.85  6.89  6.91  6.90  6.86  6.80  6.75  6.74  6.75  6.77  6.79  6.77  6.66  6.58  6.63  6.73  6.83  6.88  6.88  6.84  6.79  6.82  6.87  6.84  6.75  6.67  6.66  6.73  6.84  6.94  7.04  7.13  7.16  7.16
 7.17  7.19  7.25  7.26  7.21  7.11  6.98  6.87  6.81  6.77  6.74  6.73  6.74  6.78  6.79  6.77  6.78  6.80  6.83  6.85  6.86  6.84  6.79  6.75  6.75  6.75  6.74  6.71  6.61  6.56  6.65  6.79  6.89  6.95  6.97  6.96  6.93  6.91  6.90  6.88  6.82  6.73  6.68  6.71  6.76  6.80  6.83  6.87  6.92  6.97
 7.09  7.07  7.07  7.04  7.01  7.00  6.95  6.86  6.75  6.68  6.68  6.74  6.81  6.85  6.82  6.76  6.72  6.74  6.77  6.81  6.85  6.84  6.79  6.73  6.70  6.70  6.72  6.68  6.61  6.57  6.67  6.84  6.94  6.98  7.03  7.07  7.07  7.02  6.98  6.97  6.90  6.80  6.72  6.72  6.76  6.81  6.80  6.77  6.78  6.85
