Raw_GIS_Data/Climate_scenarios/ProcessedData/month_9_rainfall_rcp85.asc
NCOLS 50
NROWS 26
XLLCENTER 512998.000000
YLLCENTER 8407694.000000
CELLSIZE 800.000000
NODATA_value -999.000000
 7.00  6.90  6.72  6.57  6.42  6.29  6.24  6.29  6.34  6.32  6.27  6.23  6.28  6.41  6.54  6.63  6.72  6.83  6.91  6.94  6.89  6.76  6.66  6.69  6.83  7.00  7.21  7.42  7.64  7.83  7.93  7.99  8.03  8.09  8.22  8.40  8.53  8.50  8.41  8.34  8.32  8.33  8.37  8.46  8.60  8.75  8.85  8.89  8.86  8.81
 6.98  6.95  6.81  6.61  6.40  6.26  6.26  6.35  6.39  6.38  6.37  6.38  6.41  6.53  6.69  6.81  6.90  6.99  7.05  7.08  7.06  6.98  6.98  7.10  7.26  7.42  7.56  7.71  7.90  8.07  8.18  8.28  8.39  8.47  8.59  8.70  8.74  8.71  8.73  8.81  8.84  8.78  8.74  8.81  8.96  9.09  9.12  9.03  8.87  8.77
 6.96  6.88  6.73  6.53  6.36  6.30  6.35  6.43  6.44  6.41  6.40  6.42  6.49  6.64  6.82  6.99  7.12  7.26  7.37  7.47  7.55  7.61  7.73  7.88  8.01  8.17  8.29  8.36  8.47  8.56  8.64  8.78  8.92  8.98  8.99  8.97  8.92  8.90  9.03  9.23  9.28  9.14  9.00  9.03  9.16  9.21  9.18  9.08  8.95  8.90
 6.80  6.66  6.51  6.37  6.30  6.33  6.42  6.48  6.48  6.48  6.47  6.51  6.64  6.83  7.02  7.19  7.34  7.52  7.73  7.95  8.23  8.53  8.77  8.99  9.20  9.46  9.70  9.86  9.86  9.67  9.59  9.50  9.51  9.52  9.52  9.37  9.28  9.28  9.37  9.47  9.46  9.29  9.11  9.09  9.15  9.18  9.23  9.29  9.27  9.28
 6.64  6.51  6.38  6.28  6.25  6.33  6.44  6.51  6.54  6.55  6.57  6.67  6.84  7.06  7.26  7.43  7.60  7.84  8.14  8.51  8.99  9.49  9.88 10.18 10.55 11.09 11.60 11.88 11.79 11.51 11.23 10.76 10.44 10.39 10.26 10.01  9.98  9.95  9.88  9.78  9.64  9.44  9.31  9.21  9.16  9.20  9.33  9.47  9.57  9.64
 6.63  6.57  6.49  6.42  6.39  6.43  6.53  6.61  6.63  6.66  6.73  6.86  7.07  7.33  7.59  7.81  8.05  8.39  8.82  9.32  9.93 10.54 10.99 11.30 11.74 12.34 12.96 13.16 12.91 12.90 12.80 12.23 11.68 11.41 10.97 10.79 10.61 10.46 10.44 10.31  9.95  9.69  9.60  9.36  9.22  9.24  9.32  9.42  9.55  9.66
 6.74  6.74  6.75  6.75  6.72  6.73  6.80  6.85  6.86  6.93  7.06  7.24  7.46  7.72  7.98  8.27  8.63  9.09  9.63 10.26 10.92 11.52 11.91 12.18 12.36 12.50 12.77 12.71 12.47 12.79 13.16 13.19 12.77 12.13 11.49 11.01 10.47 10.34 10.53 10.59 10.20  9.85  9.67  9.38  9.26  9.27  9.23  9.21  9.27  9.36
 6.90  6.95  6.99  7.05  7.09  7.12  7.16  7.17  7.18  7.30  7.53  7.80  8.04  8.24  8.47  8.80  9.24  9.75 10.35 11.04 11.72 12.32 12.80 12.98 12.67 12.43 12.29 12.14 12.23 12.77 13.33 13.60 13.06 11.98 11.22 10.54 10.11 10.07 10.23 10.43 10.27  9.84  9.58  9.36  9.30  9.28  9.17  9.08  9.08  9.11
 7.04  7.11  7.16  7.25  7.38  7.48  7.50  7.51  7.59  7.81  8.15  8.54  8.84  9.03  9.25  9.60 10.06 10.64 11.29 12.03 12.85 13.65 14.27 14.49 14.01 13.47 12.70 12.19 12.04 12.32 12.54 12.30 11.66 11.22 10.68 10.28 10.01  9.90 10.07 10.27 10.11  9.80  9.55  9.37  9.32  9.34  9.30  9.20  9.17  9.14
 7.19  7.26  7.35  7.48  7.70  7.93  8.08  8.19  8.40  8.75  9.18  9.66 10.07 10.41 10.67 11.00 11.52 12.08 12.79 13.66 14.72 15.58 16.08 16.84 16.64 15.31 13.11 12.19 11.74 11.53 11.29 10.96 10.68 10.60 10.39 10.11  9.86  9.78  9.91 10.03  9.93  9.72  9.51  9.36  9.31  9.36  9.42  9.39  9.37  9.32
 7.41  7.51  7.66  7.88  8.21  8.62  9.06  9.49  9.91 10.42 11.07 11.72 12.28 12.75 13.20 13.69 14.05 14.24 14.80 15.58 16.21 16.81 17.35 17.77 17.50 16.28 13.28 12.08 11.46 10.97 10.60 10.36 10.25 10.20 10.11  9.90  9.73  9.65  9.65  9.62  9.55  9.44  9.32  9.23  9.18  9.20  9.29  9.39  9.46  9.49
 7.85  8.00  8.24  8.61  9.06  9.59 10.33 11.20 12.02 12.90 13.74 14.66 15.43 16.19 17.15 17.69 17.34 16.84 16.75 16.76 16.29 16.24 16.34 15.61 14.58 14.03 12.47 11.50 10.97 10.49 10.12  9.94  9.87  9.83  9.77  9.67  9.60  9.50  9.36  9.20  9.09  9.03  9.02  9.03  8.99  8.99  9.08  9.25  9.44  9.54
 8.72  9.01  9.35  9.82 10.36 10.99 11.90 13.11 14.40 15.38 16.18 17.31 18.44 19.63 20.88 21.34 20.21 18.67 17.65 16.77 15.25 14.74 14.39 13.62 12.86 12.41 11.58 10.94 10.48 10.06  9.72  9.52  9.47  9.43  9.35  9.30  9.32  9.32  9.20  9.02  8.85  8.75  8.77  8.79  8.78  8.79  8.89  9.07  9.27  9.39
 9.91 10.39 10.85 11.34 11.89 12.56 13.44 14.49 15.61 16.40 17.15 18.18 19.46 20.80 21.82 22.35 21.01 18.67 17.03 15.93 14.25 13.63 12.98 12.49 12.00 11.48 10.95 10.47 10.10  9.82  9.53  9.28  9.16  9.11  9.04  9.00  9.08  9.19  9.20  9.12  8.92  8.70  8.59  8.53  8.53  8.59  8.69  8.84  8.99  9.11
10.94 11.48 11.94 12.37 12.86 13.44 13.97 14.48 15.11 15.56 16.13 17.08 18.16 19.20 19.77 20.01 19.13 17.34 15.48 14.20 13.18 12.62 12.19 11.88 11.47 11.05 10.67 10.29 10.02  9.80  9.52  9.20  9.01  8.94  8.93  8.95  9.03  9.14  9.20  9.21  9.06  8.78  8.52  8.34  8.30  8.37  8.48  8.60  8.72  8.87
11.51 11.93 12.31 12.66 13.03 13.36 13.61 13.94 14.49 14.92 15.32 15.93 16.51 17.01 17.26 17.33 16.73 15.64 14.14 13.11 12.55 12.02 11.63 11.34 11.09 10.89 10.68 10.37 10.10  9.83  9.48  9.11  8.89  8.84  8.91  8.99  9.02  9.02  9.03  9.07  9.00  8.74  8.41  8.17  8.12  8.21  8.34  8.45  8.56  8.71
11.53 11.92 12.35 12.73 12.96 13.05 13.19 13.58 14.13 14.51 14.74 14.97 15.18 15.40 15.47 15.36 14.89 14.13 13.12 12.59 12.10 11.50 11.07 10.84 10.74 10.70 10.57 10.26  9.92  9.57  9.21  8.90  8.76  8.76  8.88  8.94  8.87  8.74  8.69  8.75  8.74  8.57  8.29  8.10  8.07  8.18  8.35  8.48  8.55  8.64
11.33 11.78 12.30 12.69 12.80 12.74 12.82 13.18 13.60 13.84 13.91 13.97 14.06 14.15 14.11 13.85 13.46 12.96 12.41 12.09 11.49 10.93 10.62 10.50 10.47 10.38 10.18  9.82  9.42  9.09  8.80  8.59  8.54  8.60  8.69  8.71  8.59  8.46  8.42  8.47  8.54  8.51  8.33  8.19  8.17  8.30  8.51  8.64  8.63  8.64
11.35 11.83 12.21 12.44 12.49 12.39 12.41 12.63 12.85 12.92 12.90 12.92 12.94 12.90 12.76 12.56 12.30 11.98 11.76 11.50 10.90 10.45 10.26 10.22 10.13  9.93  9.68  9.35  9.01  8.72  8.51  8.36  8.30  8.32  8.37  8.40  8.35  8.28  8.28  8.36  8.51  8.58  8.48  8.33  8.32  8.45  8.63  8.69  8.67  8.66
11.54 11.88 12.01 12.02 11.99 11.94 11.98 12.09 12.15 12.05 11.91 11.86 11.86 11.74 11.48 11.33 11.29 11.12 11.00 10.83 10.42 10.10  9.97  9.90  9.72  9.51  9.32  9.09  8.83  8.57  8.41  8.29  8.20  8.15  8.13  8.19  8.23  8.20  8.21  8.31  8.49  8.61  8.58  8.47  8.43  8.47  8.52  8.59  8.69  8.72
11.48 11.64 11.64 11.55 11.46 11.45 11.51 11.55 11.42 11.14 10.92 10.88 10.90 10.71 10.37 10.21 10.24 10.24 10.19 10.09  9.90  9.74  9.67  9.56  9.40  9.28  9.16  9.02  8.84  8.58  8.35  8.22  8.17  8.08  8.01  8.11  8.23  8.23  8.20  8.26  8.40  8.55  8.60  8.56  8.47  8.36  8.35  8.49  8.68  8.77
11.11 11.21 11.21 11.11 10.97 10.90 10.92 10.90 10.68 10.38 10.19 10.13 10.11  9.90  9.63  9.51  9.56  9.63  9.64  9.55  9.40  9.34  9.30  9.24  9.23  9.22  9.16  9.06  8.90  8.61  8.31  8.17  8.12  8.05  8.04  8.19  8.34  8.33  8.24  8.25  8.36  8.50  8.56  8.53  8.41  8.28  8.27  8.41  8.60  8.75
10.71 10.77 10.79 10.72 10.58 10.44 10.35 10.31 10.21 10.02  9.82  9.71  9.60  9.41  9.24  9.19  9.27  9.43  9.51  9.37  9.16  9.05  8.98  9.00  9.12  9.20  9.21  9.13  8.96  8.67  8.39  8.24  8.16  8.13  8.19  8.38  8.52  8.48  8.39  8.39  8.44  8.50  8.52  8.49  8.43  8.36  8.36  8.44  8.56  8.70
10.33 10.30 10.30 10.29 10.21 10.03  9.90  9.93  9.97  9.85  9.63  9.46  9.31  9.16  9.07  9.12  9.30  9.52  9.62  9.44  9.18  8.96  8.80  8.84  9.01  9.15  9.22  9.18  8.98  8.70  8.52  8.42  8.35  8.31  8.39  8.59  8.71  8.69  8.64  8.64  8.65  8.61  8.60  8.62  8.64  8.62  8.59  8.58  8.64  8.76
 9.88  9.79  9.78  9.81  9.79  9.72  9.70  9.75  9.73  9.57  9.36  9.21  9.10  8.99  8.94  9.05  9.30  9.59  9.70  9.50  9.21  8.94  8.74  8.73  8.86  9.00  9.10  9.06  8.84  8.61  8.55  8.56  8.54  8.50  8.57  8.74  8.88  8.93  8.95  8.98  8.95  8.84  8.82  8.87  8.92  8.90  8.80  8.70  8.70  8.77
 9.50  9.46  9.45  9.45  9.47  9.54  9.62  9.57  9.38  9.19  9.07  9.00  8.93  8.83  8.78  8.90  9.16  9.46  9.56  9.36  9.08  8.87  8.72  8.69  8.75  8.84  8.90  8.83  8.63  8.47  8.47  8.57  8.61  8.62  8.69  8.82  8.95  9.04  9.12  9.18  9.14  9.06  9.06  9.10  9.08  8.98  8.83  8.70  8.66  8.68
