Raw_GIS_Data/Climate_scenarios/ProcessedData/month_4_rainfall_rcp85.asc
NCOLS 50
NROWS 26
XLLCENTER 512998.000000
YLLCENTER 8407694.000000
CELLSIZE 800.000000
NODATA_value -999.000000
 6.63  6.70  6.83  6.96  7.05  7.12  7.24  7.43  7.64  7.83  7.97  8.10  8.35  8.69  8.99  9.23  9.45  9.62  9.65  9.62  9.56  9.37  9.15  8.96  8.74  8.60  8.61  8.65  8.57  8.47  8.50  8.63  8.75  8.81  8.83  8.87  8.91  8.94  8.95  8.96  8.96  8.97  8.95  8.89  8.85  8.88  8.94  9.02  9.17  9.28
 6.67  6.73  6.80  6.87  6.95  7.05  7.24  7.47  7.67  7.83  7.98  8.14  8.37  8.70  9.03  9.26  9.44  9.56  9.58  9.54  9.44  9.23  9.01  8.90  8.82  8.75  8.76  8.76  8.64  8.55  8.63  8.83  9.00  9.07  9.05  9.04  9.06  9.08  9.12  9.09  9.05  9.03  8.99  8.86  8.76  8.78  8.86  8.97  9.10  9.17
 6.83  6.82  6.81  6.83  6.88  7.00  7.21  7.45  7.65  7.85  8.03  8.19  8.37  8.64  8.95  9.19  9.37  9.50  9.62  9.68  9.61  9.41  9.22  9.16  9.18  9.16  9.14  9.09  8.97  8.89  8.99  9.19  9.37  9.42  9.31  9.20  9.21  9.28  9.34  9.30  9.21  9.13  9.00  8.83  8.73  8.75  8.86  9.01  9.14  9.14
 7.00  6.91  6.85  6.87  6.92  7.03  7.17  7.33  7.52  7.79  8.06  8.26  8.44  8.67  8.92  9.18  9.38  9.54  9.75  9.96 10.05  9.97  9.85  9.84  9.91  9.92  9.90  9.86  9.73  9.64  9.79  9.88  9.97  9.96  9.84  9.62  9.58  9.62  9.58  9.46  9.36  9.25  9.11  8.99  8.93  8.93  9.01  9.17  9.30  9.26
 7.12  6.99  6.93  6.96  7.02  7.07  7.14  7.23  7.39  7.71  8.09  8.40  8.66  8.89  9.11  9.35  9.59  9.84 10.11 10.42 10.64 10.72 10.75 10.85 11.00 11.19 11.34 11.33 11.07 10.98 11.13 10.97 10.87 10.95 10.80 10.40 10.24 10.10  9.90  9.68  9.55  9.48  9.42  9.27  9.14  9.10  9.18  9.34  9.45  9.36
 7.24  7.10  7.06  7.08  7.13  7.16  7.19  7.28  7.48  7.84  8.27  8.65  8.94  9.18  9.41  9.65  9.95 10.28 10.64 11.03 11.36 11.60 11.79 12.02 12.37 12.70 12.97 12.84 12.33 12.21 12.42 12.22 11.99 12.03 11.73 11.38 10.90 10.53 10.34 10.16  9.91  9.81  9.72  9.40  9.17  9.17  9.35  9.53  9.55  9.41
 7.43  7.31  7.25  7.23  7.27  7.33  7.40  7.54  7.81  8.23  8.69  9.04  9.30  9.54  9.74  9.94 10.23 10.59 11.00 11.44 11.86 12.20 12.48 12.82 13.06 13.09 13.13 12.73 12.16 12.16 12.52 12.86 12.93 12.75 12.29 11.63 10.85 10.51 10.55 10.59 10.30 10.02  9.74  9.31  9.12  9.21  9.45  9.62  9.57  9.41
 7.64  7.55  7.48  7.42  7.43  7.54  7.71  7.96  8.29  8.70  9.14  9.46  9.69  9.93 10.06 10.14 10.37 10.74 11.17 11.65 12.13 12.58 13.01 13.27 13.04 12.76 12.51 12.19 11.98 12.17 12.69 13.29 13.21 12.45 11.72 10.97 10.47 10.29 10.34 10.53 10.38  9.94  9.57  9.24  9.14  9.25  9.41  9.49  9.45  9.36
 7.85  7.84  7.79  7.73  7.72  7.81  8.03  8.38  8.80  9.19  9.56  9.88 10.15 10.36 10.44 10.49 10.69 11.08 11.56 12.12 12.73 13.35 13.91 14.17 13.84 13.52 12.93 12.40 12.09 12.14 12.43 12.51 12.03 11.45 10.85 10.49 10.33 10.26 10.33 10.36 10.12  9.77  9.47  9.25  9.22  9.34  9.38  9.32  9.30  9.30
 8.15  8.17  8.16  8.18  8.25  8.34  8.49  8.79  9.24  9.70 10.11 10.57 10.95 11.12 11.17 11.31 11.54 11.88 12.46 13.16 13.92 14.52 14.94 15.74 15.99 15.30 13.60 12.70 12.10 11.85 11.83 11.75 11.39 11.04 10.67 10.44 10.32 10.30 10.31 10.18  9.89  9.60  9.35  9.21  9.22  9.32  9.34  9.29  9.29  9.30
 8.51  8.51  8.56  8.70  8.91  9.11  9.28  9.52  9.87 10.35 10.99 11.71 12.28 12.46 12.58 12.94 13.09 13.12 13.75 14.47 14.86 15.31 16.01 16.88 17.27 16.59 13.89 12.58 11.86 11.60 11.58 11.55 11.42 11.15 10.80 10.51 10.36 10.32 10.26 10.02  9.69  9.44  9.27  9.15  9.14  9.21  9.27  9.30  9.34  9.37
 8.99  9.00  9.10  9.32  9.65 10.06 10.47 10.83 11.13 11.59 12.28 13.21 13.95 14.31 14.82 15.36 15.16 14.74 14.96 15.23 14.81 14.89 15.43 15.51 15.17 14.58 12.95 11.91 11.50 11.52 11.58 11.54 11.45 11.20 10.82 10.52 10.39 10.33 10.21  9.91  9.61  9.44  9.32  9.16  9.08  9.12  9.19  9.29  9.39  9.46
 9.77  9.77  9.83 10.05 10.45 11.06 11.83 12.63 13.24 13.50 13.83 14.66 15.57 16.28 17.07 17.70 17.26 16.31 15.67 15.05 13.83 13.46 13.52 13.45 13.13 12.63 11.78 11.30 11.25 11.44 11.56 11.53 11.37 11.06 10.70 10.42 10.27 10.19 10.05  9.86  9.71  9.59  9.43  9.21  9.06  9.04  9.14  9.31  9.46  9.55
10.82 10.80 10.81 11.03 11.47 12.16 13.08 14.06 14.76 14.94 15.11 15.63 16.49 17.43 18.30 19.15 18.50 16.70 15.34 14.36 12.97 12.39 12.07 12.09 11.94 11.59 11.18 11.00 11.05 11.22 11.31 11.31 11.18 10.91 10.58 10.27 10.04  9.90  9.87  9.88  9.83  9.70  9.50  9.27  9.12  9.11  9.23  9.42  9.57  9.67
11.92 11.95 11.96 12.16 12.55 13.11 13.68 14.18 14.59 14.65 14.85 15.48 16.38 17.34 18.10 18.54 17.59 15.85 14.27 13.20 12.27 11.77 11.54 11.54 11.43 11.19 10.98 10.91 10.95 10.99 10.95 10.91 10.87 10.73 10.47 10.16  9.87  9.74  9.77  9.85  9.83  9.69  9.48  9.28  9.19  9.23  9.38  9.59  9.76  9.87
12.78 12.78 12.69 12.70 12.84 13.00 13.17 13.44 13.80 14.06 14.44 15.17 15.87 16.36 16.60 16.50 15.81 14.87 13.61 12.68 12.07 11.66 11.39 11.27 11.19 11.06 10.98 11.00 11.03 10.99 10.79 10.62 10.60 10.59 10.44 10.14  9.86  9.74  9.74  9.74  9.69  9.60  9.42  9.27  9.23  9.32  9.52  9.75  9.95 10.12
13.17 13.04 12.77 12.50 12.30 12.24 12.48 12.95 13.41 13.84 14.32 14.82 15.03 15.01 14.89 14.77 14.56 14.11 13.28 12.62 12.13 11.77 11.43 11.15 11.02 11.01 11.06 11.14 11.21 11.17 10.95 10.69 10.59 10.58 10.45 10.19  9.96  9.82  9.71  9.56  9.44  9.40  9.33  9.27  9.29  9.43  9.68  9.95 10.19 10.39
13.08 12.82 12.40 11.94 11.67 11.71 12.06 12.54 13.01 13.50 13.97 14.13 13.94 13.72 13.72 13.80 13.80 13.53 12.95 12.43 12.05 11.77 11.45 11.14 10.98 10.99 11.10 11.23 11.34 11.36 11.23 11.02 10.83 10.69 10.52 10.30 10.13 10.00  9.76  9.49  9.32  9.28  9.30  9.32  9.36  9.51  9.77 10.06 10.34 10.58
12.55 12.29 11.85 11.42 11.23 11.27 11.51 11.84 12.28 12.81 13.12 13.06 12.82 12.74 12.93 13.15 13.19 12.92 12.43 12.01 11.74 11.57 11.36 11.15 11.00 10.97 11.09 11.25 11.35 11.36 11.35 11.29 11.12 10.90 10.70 10.50 10.35 10.25 10.02  9.76  9.59  9.51  9.52  9.55  9.58  9.71  9.88 10.08 10.37 10.68
11.87 11.69 11.31 10.92 10.68 10.65 10.87 11.26 11.68 11.97 11.98 11.90 11.91 12.02 12.20 12.42 12.54 12.33 11.90 11.54 11.40 11.38 11.31 11.17 11.00 10.89 10.96 11.11 11.14 11.12 11.16 11.21 11.18 11.06 10.90 10.70 10.54 10.45 10.31 10.14 10.05  9.98  9.93  9.92  9.94 10.01 10.08 10.17 10.40 10.66
11.12 10.96 10.63 10.28 10.09 10.17 10.52 10.90 11.10 11.10 11.06 11.13 11.27 11.36 11.41 11.57 11.80 11.83 11.55 11.22 11.12 11.21 11.27 11.19 10.96 10.76 10.76 10.83 10.76 10.68 10.73 10.82 10.91 10.95 10.91 10.80 10.65 10.55 10.51 10.45 10.41 10.38 10.28 10.18 10.12 10.11 10.15 10.22 10.35 10.48
10.30 10.19  9.99  9.79  9.76  9.96 10.23 10.38 10.41 10.45 10.55 10.65 10.74 10.78 10.81 10.97 11.23 11.37 11.25 11.01 10.90 10.97 11.08 11.06 10.82 10.60 10.54 10.51 10.37 10.26 10.29 10.39 10.51 10.60 10.67 10.72 10.66 10.55 10.52 10.55 10.54 10.49 10.39 10.26 10.14 10.07 10.05 10.05 10.09 10.14
 9.69  9.66  9.55  9.45  9.49  9.62  9.70  9.71  9.83 10.05 10.23 10.28 10.31 10.32 10.38 10.54 10.74 10.86 10.88 10.81 10.72 10.70 10.74 10.72 10.57 10.43 10.33 10.22 10.08 10.00 10.00 10.06 10.15 10.22 10.31 10.44 10.47 10.37 10.35 10.43 10.46 10.40 10.28 10.17 10.07  9.95  9.81  9.71  9.73  9.81
 9.25  9.22  9.18  9.14  9.13  9.13  9.12  9.22  9.46  9.74  9.90  9.94  9.95  9.92  9.99 10.16 10.31 10.41 10.53 10.60 10.56 10.49 10.46 10.40 10.33 10.26 10.17 10.06  9.97  9.88  9.80  9.78  9.83  9.88  9.94 10.04 10.11 10.08 10.06 10.14 10.19 10.11  9.93  9.79  9.73  9.64  9.48  9.39  9.43  9.55
 8.96  8.95  8.98  8.93  8.83  8.76  8.83  9.06  9.33  9.54  9.65  9.71  9.67  9.60  9.71  9.94 10.10 10.21 10.38 10.53 10.51 10.41 10.34 10.27 10.23 10.16 10.03  9.95  9.90  9.77  9.60  9.53  9.57  9.64  9.73  9.79  9.84  9.84  9.79  9.78  9.79  9.68  9.45  9.28  9.27  9.29  9.21  9.14  9.18  9.31
 8.96  8.97  8.99  8.88  8.72  8.67  8.82  9.09  9.34  9.47  9.57  9.61  9.51  9.42  9.55  9.82 10.03 10.18 10.33 10.45 10.42 10.32 10.26 10.23 10.22 10.13  9.93  9.78  9.69  9.56  9.41  9.35  9.39  9.50  9.64  9.74  9.75  9.68  9.56  9.43  9.34  9.24  9.08  8.95  8.97  9.05  9.03  8.94  8.94  9.07
