Raw_GIS_Data/Climate_scenarios/ProcessedData/month_12_rainfall_present.asc
NCOLS 50
NROWS 26
XLLCENTER 512998.000000
YLLCENTER 8407694.000000
CELLSIZE 800.000000
NODATA_value -999.000000
 5.63  5.84  5.99  6.07  6.14  6.13  6.03  5.97  5.96  5.99  6.11  6.19  6.19  6.17  6.15  6.11  6.07  6.04  5.98  5.91  5.88  5.91  5.96  6.05  6.12  6.15  6.21  6.35  6.45  6.44  6.38  6.32  6.25  6.18  6.20  6.31  6.45  6.58  6.63  6.54  6.40  6.29  6.19  6.12  6.15  6.34  6.59  6.82  7.01  7.13
 5.71  5.86  5.92  5.91  5.91  5.89  5.85  5.84  5.84  5.86  6.00  6.16  6.21  6.20  6.17  6.13  6.11  6.13  6.17  6.18  6.18  6.16  6.13  6.14  6.19  6.21  6.23  6.35  6.42  6.38  6.32  6.25  6.20  6.17  6.23  6.36  6.51  6.69  6.78  6.71  6.58  6.49  6.37  6.27  6.31  6.49  6.68  6.80  6.96  7.10
 5.82  5.93  5.93  5.87  5.80  5.74  5.71  5.73  5.76  5.81  5.96  6.12  6.20  6.19  6.17  6.18  6.23  6.29  6.34  6.35  6.35  6.33  6.26  6.22  6.27  6.34  6.40  6.46  6.46  6.40  6.34  6.29  6.30  6.33  6.41  6.55  6.68  6.80  6.87  6.82  6.76  6.73  6.63  6.48  6.44  6.52  6.61  6.70  6.82  6.93
 5.96  6.04  6.05  5.96  5.83  5.69  5.64  5.70  5.78  5.88  6.03  6.16  6.22  6.21  6.20  6.26  6.34  6.41  6.45  6.46  6.48  6.49  6.43  6.38  6.44  6.58  6.72  6.77  6.72  6.62  6.63  6.59  6.62  6.70  6.79  6.86  6.94  7.01  7.05  7.00  6.96  6.99  6.96  6.79  6.62  6.54  6.52  6.57  6.64  6.68
 6.18  6.21  6.19  6.08  5.92  5.77  5.70  5.74  5.85  5.99  6.15  6.28  6.35  6.37  6.36  6.41  6.50  6.60  6.68  6.76  6.85  6.93  6.91  6.88  6.94  7.13  7.31  7.38  7.34  7.29  7.40  7.23  7.12  7.29  7.38  7.27  7.25  7.33  7.37  7.28  7.18  7.22  7.29  7.13  6.84  6.64  6.55  6.55  6.55  6.53
 6.39  6.39  6.29  6.15  6.03  5.94  5.90  5.94  6.04  6.21  6.39  6.53  6.65  6.68  6.65  6.66  6.73  6.88  7.07  7.27  7.45  7.59  7.65  7.64  7.68  7.82  7.99  8.05  8.04  8.12  8.31  8.07  7.79  7.92  7.88  7.78  7.68  7.67  7.72  7.63  7.41  7.36  7.46  7.32  7.01  6.79  6.69  6.65  6.58  6.49
 6.38  6.39  6.28  6.17  6.11  6.09  6.16  6.24  6.36  6.51  6.66  6.81  6.96  7.00  6.95  6.90  6.93  7.09  7.38  7.63  7.80  7.92  7.98  7.97  7.93  7.92  8.02  8.02  7.97  8.13  8.35  8.45  8.39  8.43  8.28  8.11  7.83  7.70  7.74  7.73  7.49  7.35  7.38  7.23  7.03  6.89  6.80  6.72  6.61  6.46
 6.31  6.22  6.15  6.13  6.15  6.22  6.39  6.55  6.66  6.78  6.93  7.12  7.27  7.31  7.24  7.15  7.13  7.26  7.49  7.71  7.86  7.92  7.97  8.03  7.95  7.80  7.76  7.73  7.71  7.88  8.22  8.65  8.73  8.48  8.23  7.91  7.57  7.42  7.40  7.42  7.34  7.19  7.10  6.98  6.91  6.83  6.74  6.67  6.55  6.40
 6.40  6.22  6.14  6.19  6.26  6.36  6.57  6.81  6.98  7.10  7.28  7.52  7.68  7.71  7.61  7.50  7.46  7.52  7.66  7.82  8.02  8.14  8.26  8.54  8.60  8.43  8.10  7.85  7.69  7.72  7.97  8.23  8.15  7.94  7.70  7.42  7.17  7.05  7.07  7.09  7.03  6.90  6.78  6.68  6.66  6.63  6.58  6.54  6.45  6.33
 6.70  6.55  6.47  6.48  6.52  6.59  6.76  7.04  7.32  7.51  7.72  8.01  8.20  8.22  8.13  8.04  7.97  7.96  8.04  8.21  8.52  8.79  8.86  9.38  9.84  9.68  8.74  8.13  7.74  7.57  7.59  7.65  7.51  7.34  7.15  6.94  6.73  6.66  6.74  6.81  6.78  6.68  6.53  6.43  6.39  6.39  6.39  6.37  6.35  6.28
 7.10  7.08  7.05  7.06  7.06  7.09  7.20  7.40  7.66  7.94  8.29  8.69  8.93  8.89  8.86  8.93  8.84  8.59  8.64  8.91  9.12  9.38  9.57 10.05 10.48 10.49  9.13  8.20  7.64  7.33  7.19  7.11  7.00  6.89  6.76  6.58  6.44  6.40  6.46  6.56  6.60  6.52  6.39  6.28  6.21  6.18  6.19  6.25  6.30  6.26
 7.45  7.57  7.67  7.77  7.84  7.89  7.97  8.07  8.22  8.52  8.97  9.54  9.85  9.77  9.88 10.19 10.06  9.58  9.48  9.63  9.47  9.50  9.72  9.74  9.50  9.34  8.52  7.79  7.29  6.98  6.77  6.64  6.58  6.55  6.51  6.42  6.31  6.22  6.21  6.30  6.36  6.34  6.29  6.21  6.12  6.07  6.09  6.18  6.26  6.24
 7.93  8.09  8.28  8.47  8.65  8.80  8.92  9.00  9.13  9.33  9.59 10.04 10.38 10.48 10.80 11.31 11.25 10.69 10.22  9.91  9.36  9.30  9.38  9.11  8.63  8.28  7.80  7.38  7.01  6.69  6.46  6.32  6.27  6.29  6.35  6.36  6.25  6.10  6.02  6.04  6.06  6.06  6.08  6.09  6.03  5.99  6.01  6.09  6.19  6.19
 8.53  8.67  8.86  9.10  9.35  9.54  9.66  9.74  9.83  9.91  9.99 10.23 10.53 10.81 11.19 11.83 11.83 11.03 10.26  9.80  9.29  9.27  9.07  8.65  8.22  7.86  7.47  7.11  6.78  6.49  6.25  6.09  6.03  6.09  6.21  6.27  6.20  6.07  5.97  5.91  5.83  5.77  5.79  5.85  5.87  5.87  5.87  5.93  6.04  6.09
 8.82  8.96  9.10  9.30  9.50  9.62  9.65  9.68  9.75  9.76  9.81 10.10 10.47 10.82 11.05 11.28 11.03 10.36  9.65  9.29  9.09  9.06  8.71  8.24  7.89  7.55  7.15  6.78  6.48  6.23  6.06  5.92  5.87  5.93  6.05  6.16  6.17  6.12  6.03  5.92  5.78  5.65  5.60  5.68  5.79  5.82  5.80  5.82  5.91  5.97
 8.64  8.73  8.79  8.85  8.90  8.89  8.93  9.02  9.12  9.18  9.31  9.71 10.08 10.34 10.33 10.10  9.72  9.39  8.99  8.78  8.72  8.61  8.20  7.72  7.44  7.17  6.81  6.47  6.16  5.94  5.85  5.80  5.78  5.82  5.92  6.06  6.17  6.20  6.12  6.02  5.88  5.71  5.60  5.62  5.77  5.88  5.89  5.88  5.90  5.93
 8.29  8.28  8.30  8.30  8.25  8.20  8.28  8.44  8.57  8.66  8.85  9.21  9.46  9.54  9.38  9.10  8.84  8.70  8.52  8.39  8.30  8.12  7.66  7.26  7.09  6.93  6.67  6.35  6.01  5.76  5.68  5.70  5.73  5.76  5.83  5.99  6.17  6.24  6.20  6.13  6.04  5.86  5.68  5.62  5.74  5.93  6.01  5.97  5.93  5.91
 8.21  8.12  8.11  8.09  8.01  7.98  8.06  8.21  8.38  8.55  8.79  8.96  8.94  8.78  8.58  8.44  8.34  8.25  8.14  8.04  7.90  7.63  7.21  6.95  6.88  6.81  6.64  6.35  5.99  5.72  5.60  5.61  5.67  5.71  5.75  5.91  6.13  6.26  6.28  6.24  6.16  6.00  5.77  5.65  5.71  5.89  6.02  6.03  5.97  5.90
 8.36  8.26  8.19  8.10  8.02  7.99  8.03  8.17  8.42  8.72  8.88  8.77  8.50  8.23  8.02  7.95  7.91  7.85  7.79  7.73  7.52  7.17  6.87  6.77  6.74  6.67  6.55  6.33  6.03  5.77  5.62  5.57  5.61  5.68  5.75  5.89  6.10  6.28  6.34  6.29  6.20  6.05  5.86  5.73  5.72  5.80  5.93  6.00  5.95  5.88
 8.41  8.35  8.20  8.05  7.95  7.91  7.99  8.22  8.54  8.76  8.65  8.32  8.03  7.82  7.65  7.57  7.55  7.50  7.50  7.46  7.22  6.85  6.64  6.60  6.57  6.49  6.40  6.30  6.12  5.91  5.73  5.63  5.67  5.76  5.85  5.98  6.16  6.31  6.36  6.27  6.13  6.01  5.89  5.79  5.77  5.80  5.87  5.92  5.89  5.85
 8.28  8.19  8.02  7.84  7.74  7.74  7.92  8.19  8.40  8.40  8.13  7.79  7.56  7.44  7.33  7.25  7.24  7.26  7.27  7.17  6.89  6.62  6.47  6.42  6.39  6.35  6.32  6.31  6.24  6.10  5.95  5.85  5.85  5.91  6.00  6.09  6.21  6.34  6.37  6.25  6.07  5.95  5.88  5.83  5.85  5.89  5.90  5.89  5.85  5.83
 8.06  7.94  7.77  7.57  7.47  7.57  7.76  7.88  7.90  7.83  7.64  7.38  7.16  7.05  7.03  7.03  7.10  7.20  7.17  6.92  6.57  6.36  6.30  6.31  6.33  6.33  6.32  6.32  6.31  6.24  6.13  6.05  6.03  6.07  6.13  6.16  6.22  6.33  6.37  6.25  6.07  5.95  5.90  5.89  5.92  5.97  5.96  5.91  5.82  5.80
 7.84  7.68  7.49  7.32  7.29  7.41  7.48  7.41  7.31  7.28  7.24  7.10  6.91  6.81  6.85  6.94  7.08  7.23  7.16  6.80  6.37  6.17  6.17  6.24  6.31  6.36  6.41  6.42  6.38  6.31  6.24  6.17  6.13  6.16  6.21  6.21  6.23  6.32  6.36  6.26  6.11  5.99  5.93  5.93  5.97  6.01  6.00  5.96  5.86  5.80
 7.62  7.43  7.27  7.20  7.22  7.24  7.17  7.00  6.88  6.88  6.92  6.85  6.74  6.72  6.81  6.94  7.10  7.27  7.18  6.81  6.36  6.12  6.10  6.15  6.22  6.34  6.48  6.54  6.50  6.45  6.44  6.38  6.27  6.25  6.26  6.25  6.27  6.33  6.35  6.25  6.13  6.05  5.99  5.97  5.98  6.00  6.02  6.01  5.94  5.86
 7.37  7.24  7.17  7.17  7.18  7.13  6.98  6.75  6.62  6.65  6.68  6.61  6.56  6.61  6.77  6.96  7.13  7.27  7.23  6.93  6.52  6.24  6.11  6.07  6.12  6.23  6.34  6.43  6.47  6.54  6.65  6.63  6.47  6.34  6.26  6.21  6.20  6.24  6.26  6.22  6.15  6.08  6.06  6.03  5.99  5.97  6.00  6.01  5.98  5.92
 7.17  7.14  7.14  7.16  7.13  7.05  6.88  6.65  6.53  6.54  6.52  6.41  6.37  6.46  6.67  6.88  7.03  7.17  7.24  7.06  6.70  6.39  6.19  6.08  6.04  6.03  6.07  6.16  6.29  6.48  6.71  6.74  6.55  6.32  6.19  6.10  6.07  6.08  6.11  6.15  6.12  6.06  6.05  6.04  5.97  5.92  5.92  5.93  5.90  5.87
