Raw_GIS_Data/Climate_scenarios/ProcessedData/month_10_rainfall_rcp85.asc
NCOLS 50
NROWS 26
XLLCENTER 512998.000000
YLLCENTER 8407694.000000
CELLSIZE 800.000000
NODATA_value -999.000000
 8.00  8.07  8.18  8.25  8.38  8.67  9.03  9.33  9.54  9.70  9.85  9.94  9.91  9.80  9.71  9.78  9.95 10.09 10.16 10.17 10.18 10.19 10.22 10.25 10.31 10.40 10.48 10.56 10.63 10.66 10.71 10.81 10.93 11.07 11.26 11.43 11.50 11.50 11.42 11.38 11.37 11.20 11.01 11.00 11.11 11.21 11.30 11.34 11.32 11.32
 8.12  8.21  8.34  8.43  8.55  8.82  9.19  9.50  9.72  9.88 10.06 10.20 10.20 10.10  9.99  9.95 10.03 10.17 10.32 10.45 10.49 10.46 10.43 10.41 10.44 10.47 10.49 10.54 10.64 10.75 10.85 10.95 11.05 11.11 11.15 11.21 11.22 11.20 11.14 11.11 11.13 11.06 10.98 11.00 11.06 11.12 11.18 11.22 11.20 11.23
 8.18  8.27  8.38  8.44  8.55  8.85  9.21  9.49  9.69  9.89 10.14 10.39 10.56 10.60 10.52 10.44 10.49 10.64 10.87 11.04 11.05 10.94 10.87 10.84 10.81 10.79 10.81 10.91 11.04 11.14 11.26 11.38 11.47 11.42 11.25 11.13 11.11 11.10 11.05 11.05 11.10 11.17 11.22 11.21 11.13 11.04 11.02 11.06 11.12 11.20
 8.06  8.18  8.29  8.39  8.55  8.84  9.12  9.32  9.54  9.83 10.15 10.45 10.74 10.96 11.01 11.00 11.10 11.30 11.54 11.74 11.82 11.77 11.72 11.73 11.70 11.66 11.77 12.01 12.12 12.04 12.12 12.11 12.12 12.01 11.77 11.42 11.33 11.30 11.23 11.24 11.37 11.53 11.59 11.46 11.26 11.08 10.98 11.00 11.10 11.21
 7.94  8.07  8.22  8.39  8.59  8.82  9.01  9.20  9.50  9.87 10.21 10.50 10.86 11.21 11.40 11.47 11.63 11.83 12.06 12.34 12.66 12.89 13.01 13.11 13.20 13.37 13.64 13.87 13.82 13.69 13.65 13.28 13.05 12.99 12.63 12.07 11.88 11.74 11.60 11.67 11.86 12.02 12.06 11.80 11.47 11.23 11.07 11.03 11.09 11.17
 7.99  8.08  8.24  8.45  8.67  8.85  8.99  9.21  9.56  9.95 10.28 10.66 11.16 11.62 11.85 11.94 12.09 12.31 12.56 12.95 13.45 13.94 14.26 14.47 14.79 15.18 15.57 15.62 15.27 15.25 15.32 14.79 14.24 13.97 13.35 12.99 12.59 12.22 12.16 12.30 12.31 12.39 12.41 12.07 11.69 11.37 11.13 11.01 11.00 11.05
 8.21  8.24  8.36  8.56  8.79  9.00  9.15  9.32  9.62  9.97 10.34 10.85 11.48 12.01 12.31 12.45 12.63 12.86 13.13 13.51 14.02 14.58 15.00 15.35 15.58 15.60 15.70 15.45 14.99 15.16 15.55 15.74 15.48 14.87 14.07 13.40 12.60 12.27 12.49 12.71 12.52 12.41 12.33 12.02 11.75 11.54 11.32 11.11 10.99 10.99
 8.55  8.58  8.67  8.81  9.02  9.23  9.39  9.53  9.74 10.07 10.51 11.08 11.71 12.32 12.78 13.09 13.37 13.60 13.86 14.25 14.76 15.33 15.87 16.15 15.76 15.30 15.00 14.79 14.67 14.93 15.50 16.21 16.08 14.98 13.97 12.98 12.35 12.23 12.40 12.59 12.45 12.14 12.02 11.88 11.78 11.67 11.57 11.43 11.29 11.20
 8.94  9.06  9.16  9.25  9.39  9.50  9.64  9.82 10.05 10.41 10.91 11.52 12.20 12.92 13.57 14.05 14.40 14.66 14.95 15.48 16.23 16.98 17.51 17.63 16.98 16.32 15.51 14.98 14.60 14.55 14.83 15.01 14.64 14.09 13.28 12.70 12.41 12.32 12.39 12.36 12.12 11.93 11.85 11.78 11.74 11.71 11.72 11.71 11.65 11.49
 9.35  9.50  9.65  9.75  9.82  9.88 10.06 10.35 10.70 11.14 11.71 12.45 13.30 14.19 14.93 15.46 15.83 16.02 16.39 17.15 18.27 19.13 19.46 20.22 20.16 18.79 16.33 15.25 14.49 14.06 13.93 13.81 13.54 13.29 12.92 12.67 12.45 12.31 12.20 12.09 11.93 11.82 11.70 11.58 11.58 11.73 11.82 11.83 11.84 11.72
 9.87 10.00 10.17 10.34 10.50 10.68 10.98 11.39 11.89 12.46 13.31 14.34 15.38 16.30 17.11 17.76 17.90 17.71 18.09 18.88 19.66 20.42 21.04 21.61 21.56 20.25 16.73 15.26 14.39 13.85 13.53 13.29 13.10 12.97 12.84 12.68 12.46 12.23 12.05 11.92 11.80 11.65 11.51 11.37 11.40 11.64 11.83 11.89 11.92 11.89
10.70 10.81 10.99 11.25 11.59 12.00 12.46 13.01 13.72 14.65 15.78 17.17 18.38 19.34 20.41 21.03 20.59 19.89 19.82 19.93 19.61 19.81 19.90 19.04 18.02 17.37 15.71 14.67 14.12 13.78 13.49 13.22 13.05 13.00 12.93 12.76 12.51 12.27 12.09 11.96 11.79 11.59 11.42 11.30 11.35 11.60 11.86 11.98 12.04 12.08
11.78 11.95 12.18 12.53 12.99 13.55 14.15 14.92 15.97 17.02 18.16 19.75 21.23 22.44 23.66 24.27 23.41 22.01 20.92 19.87 18.37 17.94 17.40 16.37 15.60 15.30 14.60 14.09 13.78 13.60 13.45 13.26 13.17 13.17 13.08 12.86 12.58 12.39 12.26 12.12 11.92 11.67 11.47 11.40 11.45 11.63 11.88 12.08 12.19 12.24
12.58 12.94 13.37 13.87 14.40 14.99 15.61 16.41 17.43 18.37 19.42 20.80 22.33 23.68 24.86 25.88 24.94 22.56 20.55 19.07 17.18 16.41 15.51 14.82 14.47 14.32 13.98 13.61 13.32 13.22 13.19 13.13 13.15 13.17 13.06 12.83 12.60 12.49 12.42 12.28 12.03 11.72 11.49 11.44 11.47 11.54 11.71 11.96 12.11 12.14
12.87 13.46 14.08 14.66 15.21 15.76 16.22 16.69 17.37 17.97 18.83 20.04 21.38 22.56 23.32 23.92 23.26 21.27 19.05 17.46 16.11 15.39 14.75 14.30 14.00 13.76 13.45 13.15 12.97 12.94 12.92 12.90 12.96 13.01 12.95 12.79 12.64 12.59 12.56 12.42 12.12 11.71 11.43 11.37 11.38 11.41 11.54 11.74 11.83 11.80
12.87 13.54 14.16 14.72 15.25 15.69 15.98 16.29 16.89 17.54 18.16 18.95 19.75 20.44 20.76 20.87 20.43 19.33 17.69 16.43 15.58 15.01 14.50 14.10 13.85 13.56 13.19 12.88 12.76 12.77 12.74 12.66 12.66 12.77 12.82 12.78 12.72 12.65 12.61 12.50 12.21 11.80 11.51 11.42 11.42 11.47 11.58 11.67 11.62 11.52
12.77 13.37 13.95 14.54 15.07 15.42 15.68 16.10 16.73 17.26 17.51 17.78 18.12 18.51 18.64 18.49 18.11 17.50 16.48 15.66 15.10 14.66 14.15 13.79 13.62 13.41 13.02 12.65 12.51 12.52 12.49 12.35 12.30 12.42 12.57 12.64 12.63 12.54 12.46 12.37 12.17 11.90 11.71 11.63 11.60 11.64 11.72 11.73 11.61 11.48
12.67 13.17 13.65 14.17 14.64 15.00 15.41 15.93 16.42 16.69 16.76 16.82 16.98 17.14 17.02 16.56 16.17 15.85 15.27 14.75 14.36 14.01 13.58 13.27 13.15 12.98 12.67 12.39 12.23 12.13 12.01 11.86 11.82 11.97 12.20 12.31 12.30 12.22 12.11 12.02 11.93 11.84 11.81 11.77 11.70 11.70 11.77 11.78 11.68 11.53
12.66 13.00 13.27 13.58 13.99 14.44 14.90 15.32 15.64 15.82 15.85 15.88 15.95 15.86 15.43 14.93 14.65 14.38 14.05 13.71 13.41 13.17 12.87 12.63 12.54 12.42 12.21 12.00 11.81 11.62 11.45 11.34 11.37 11.58 11.84 11.97 11.94 11.82 11.67 11.58 11.60 11.73 11.85 11.82 11.66 11.60 11.65 11.69 11.62 11.48
12.60 12.81 12.92 13.09 13.43 13.80 14.14 14.43 14.69 14.82 14.84 14.88 14.83 14.44 13.90 13.62 13.49 13.18 12.90 12.69 12.52 12.40 12.22 12.08 12.07 12.04 11.84 11.57 11.34 11.16 11.07 11.08 11.21 11.44 11.68 11.82 11.78 11.60 11.41 11.34 11.46 11.71 11.87 11.78 11.54 11.44 11.46 11.43 11.34 11.26
12.37 12.53 12.58 12.70 12.91 13.09 13.26 13.48 13.72 13.89 13.98 13.98 13.76 13.26 12.77 12.55 12.43 12.21 11.95 11.80 11.76 11.78 11.75 11.69 11.73 11.76 11.60 11.29 11.02 10.89 10.89 11.01 11.21 11.43 11.65 11.79 11.77 11.61 11.47 11.46 11.54 11.69 11.77 11.65 11.40 11.29 11.23 11.12 11.02 10.99
11.94 12.05 12.08 12.19 12.34 12.42 12.51 12.69 12.90 13.08 13.16 13.08 12.86 12.50 12.14 11.89 11.73 11.53 11.32 11.23 11.21 11.25 11.32 11.36 11.41 11.47 11.37 11.12 10.88 10.77 10.77 10.88 11.05 11.24 11.41 11.54 11.59 11.56 11.53 11.57 11.55 11.50 11.47 11.35 11.15 10.99 10.88 10.79 10.71 10.72
11.40 11.49 11.55 11.68 11.80 11.85 11.93 12.11 12.27 12.38 12.40 12.38 12.27 12.06 11.78 11.50 11.31 11.16 11.03 10.97 10.92 10.91 11.01 11.12 11.19 11.22 11.15 10.97 10.79 10.69 10.67 10.70 10.76 10.83 10.95 11.10 11.23 11.30 11.35 11.37 11.30 11.18 11.12 11.04 10.88 10.71 10.60 10.55 10.53 10.53
11.02 11.13 11.24 11.30 11.30 11.34 11.46 11.65 11.81 11.91 12.01 12.01 11.87 11.70 11.46 11.22 11.06 10.96 10.94 10.97 10.95 10.91 10.99 11.12 11.15 11.10 11.03 10.90 10.74 10.63 10.58 10.56 10.53 10.53 10.67 10.84 10.96 11.02 11.05 11.05 11.03 11.00 10.99 10.96 10.83 10.65 10.53 10.51 10.50 10.50
10.77 10.98 11.07 11.00 10.95 11.01 11.13 11.27 11.46 11.69 11.88 11.78 11.53 11.36 11.21 11.03 10.90 10.84 10.90 11.04 11.10 11.08 11.16 11.27 11.24 11.15 11.09 11.01 10.87 10.69 10.56 10.46 10.44 10.52 10.70 10.86 10.91 10.90 10.88 10.86 10.89 10.93 10.93 10.89 10.81 10.68 10.58 10.54 10.52 10.52
10.63 10.85 10.93 10.87 10.85 10.92 10.99 11.08 11.27 11.61 11.83 11.69 11.45 11.32 11.14 10.94 10.89 10.91 10.99 11.14 11.25 11.27 11.36 11.43 11.37 11.27 11.20 11.17 11.09 10.93 10.74 10.59 10.59 10.69 10.79 10.86 10.88 10.86 10.83 10.77 10.76 10.78 10.71 10.64 10.64 10.61 10.58 10.56 10.55 10.57
