Raw_GIS_Data/Climate_scenarios/ProcessedData/month_4_minTemp_present.asc
NCOLS 50
NROWS 26
XLLCENTER 512998.000000
YLLCENTER 8407694.000000
CELLSIZE 800.000000
NODATA_value -999.000000
27.32 27.32 27.32 27.32 27.32 27.32 27.32 27.32 27.31 27.32 27.32 27.31 27.31 27.31 27.30 27.30 27.29 27.29 27.28 27.28 27.28 27.28 27.28 27.27 27.27 27.26 27.27 27.27 27.27 27.27 27.28 27.29 27.29 27.29 27.30 27.30 27.30 27.30 27.30 27.31 27.31 27.31 27.31 27.31 27.31 27.31 27.31 27.31 27.31 27.31
27.31 27.32 27.32 27.32 27.31 27.31 27.31 27.31 27.31 27.32 27.31 27.31 27.30 27.30 27.29 27.29 27.28 27.27 27.26 27.26 27.27 27.26 27.26 27.25 27.24 27.23 27.23 27.23 27.23 27.23 27.24 27.26 27.26 27.27 27.27 27.28 27.29 27.29 27.29 27.30 27.30 27.30 27.31 27.31 27.31 27.31 27.31 27.31 27.31 27.31
27.31 27.31 27.31 27.31 27.30 27.30 27.30 27.31 27.31 27.31 27.30 27.30 27.29 27.29 27.28 27.28 27.27 27.26 27.25 27.25 27.25 27.24 27.23 27.22 27.20 27.19 27.19 27.18 27.19 27.18 27.17 27.20 27.22 27.22 27.23 27.25 27.26 27.27 27.28 27.28 27.28 27.28 27.29 27.30 27.31 27.32 27.31 27.31 27.31 27.31
27.30 27.30 27.30 27.30 27.30 27.30 27.30 27.29 27.30 27.30 27.29 27.28 27.28 27.27 27.27 27.26 27.25 27.24 27.23 27.23 27.22 27.21 27.20 27.19 27.18 27.16 27.14 25.74 25.14 27.11 27.12 27.10 27.15 27.18 27.19 27.18 27.20 27.23 27.24 27.24 27.25 27.25 26.00 26.06 27.26 27.31 27.31 27.31 27.31 27.31
27.29 27.29 27.29 27.29 27.29 27.29 27.28 27.28 27.28 27.28 27.27 27.27 27.26 27.25 27.25 27.24 27.23 27.22 27.20 27.20 27.19 27.18 27.17 27.17 27.15 25.93 25.42 25.00 24.54 25.11 24.09 26.85 25.20 25.17 24.10 26.95 25.45 27.19 27.20 27.20 27.20 25.85 25.54 25.50 27.25 27.31 27.31 27.31 27.30 27.31
27.28 27.28 27.28 27.28 27.28 27.27 27.26 27.26 27.25 27.25 27.25 27.24 27.24 27.23 27.22 27.21 27.21 27.19 27.18 27.16 27.15 27.14 27.13 27.12 25.86 24.68 24.05 23.44 23.50 23.48 23.27 23.18 24.90 23.93 25.07 24.26 24.27 24.56 24.63 24.65 24.85 25.61 24.78 24.83 26.87 27.30 27.31 27.30 27.30 27.31
27.27 27.27 27.26 27.26 27.26 27.25 27.24 27.23 27.22 27.22 27.22 27.21 27.20 27.20 27.19 27.18 27.18 27.16 27.15 27.13 27.12 27.10 27.07 25.86 24.42 24.36 23.80 23.44 26.77 24.53 24.72 24.45 24.65 23.96 24.04 23.65 24.58 25.23 25.07 24.18 24.96 25.45 25.09 25.47 27.22 27.31 27.31 27.30 27.30 27.31
27.26 27.26 27.25 27.24 27.23 27.22 27.21 27.20 27.19 27.18 27.17 27.16 27.16 27.15 27.15 27.14 27.13 27.13 27.12 27.11 27.09 27.05 25.68 24.83 24.31 25.14 27.10 27.13 27.15 27.14 25.33 24.21 23.21 24.03 23.78 26.28 27.16 27.20 25.98 25.92 24.75 27.14 27.03 27.31 27.31 27.32 27.31 27.30 27.30 27.31
27.26 27.24 27.23 27.22 27.20 27.19 27.18 27.16 27.15 27.14 27.13 27.11 27.10 27.10 27.09 27.08 27.06 27.08 27.09 27.09 27.09 27.06 25.55 23.94 24.87 24.57 24.58 24.71 27.18 27.20 25.84 24.54 25.68 24.68 27.19 27.15 27.24 27.27 27.29 26.35 27.28 27.30 27.31 27.32 26.64 26.61 27.03 27.30 27.31 27.31
27.24 27.22 27.21 27.19 27.17 27.16 27.14 27.12 27.11 27.10 27.09 27.08 27.06 27.05 27.04 27.04 27.01 26.99 27.03 25.23 25.10 23.84 25.25 24.71 23.82 22.96 24.27 24.77 26.80 27.23 27.24 26.93 27.08 27.24 27.24 27.26 27.27 27.29 27.30 27.30 27.29 27.30 27.32 27.32 27.33 27.30 26.78 27.31 27.31 27.32
27.22 27.21 27.19 27.17 27.14 27.12 27.10 27.09 27.08 27.08 25.72 24.84 24.67 24.57 24.85 24.84 24.14 24.90 24.86 24.12 24.34 23.63 24.23 22.96 23.36 22.27 23.48 24.43 26.48 27.23 27.26 27.26 27.27 27.26 27.27 27.28 27.29 27.30 27.31 27.31 27.31 27.32 27.32 27.32 27.32 27.32 27.32 27.32 27.32 27.32
27.21 27.19 27.16 27.14 27.11 27.09 27.08 27.06 25.76 25.63 24.79 24.11 23.33 23.84 23.93 23.56 23.13 24.02 24.47 23.52 23.32 23.94 23.16 23.25 24.60 23.69 25.57 27.07 27.23 27.26 27.27 27.27 27.28 27.28 27.28 27.28 27.30 27.31 27.31 27.31 27.32 27.32 27.32 27.32 27.32 27.32 27.32 27.32 27.32 27.32
27.21 27.18 27.15 27.13 27.09 27.07 27.06 25.84 25.26 24.14 24.63 23.87 23.37 23.23 23.32 22.82 23.14 23.20 23.83 23.19 24.42 24.54 24.18 24.52 25.40 25.97 27.11 27.23 27.26 27.27 27.27 27.28 27.29 27.29 27.29 27.29 27.29 27.30 27.31 27.31 27.32 27.33 27.33 27.33 27.33 27.33 27.33 27.33 27.33 27.32
27.21 27.18 27.16 27.13 27.09 27.06 25.89 25.39 24.35 23.76 23.35 23.43 23.38 23.18 23.47 22.92 22.65 23.15 23.95 23.35 24.86 24.21 25.00 27.15 27.23 27.19 27.25 27.27 27.28 27.28 27.28 27.29 27.29 27.29 27.29 27.29 27.29 27.30 27.31 27.32 27.32 27.33 27.33 27.34 27.34 27.33 27.34 27.34 27.33 27.33
27.21 27.19 27.17 27.14 27.12 27.06 25.25 25.27 24.49 24.13 24.64 24.17 24.51 23.85 24.08 23.64 23.36 23.59 24.19 24.55 25.15 27.04 25.15 27.13 27.25 27.26 27.27 27.28 27.28 27.29 27.29 27.30 27.30 27.30 27.30 27.29 27.30 27.30 27.31 27.32 27.33 27.33 27.33 27.34 27.34 27.34 27.34 27.34 27.34 27.33
27.21 27.19 27.18 27.16 27.15 27.13 27.10 27.08 26.99 26.29 26.94 24.96 25.19 24.62 25.07 24.23 24.68 24.14 24.55 24.92 25.24 27.11 25.31 27.35 27.21 27.26 27.27 27.28 27.29 27.29 27.30 27.30 27.30 27.31 27.30 27.30 27.30 27.31 27.31 27.32 27.33 27.33 27.33 27.34 27.34 27.34 27.34 27.34 27.34 27.33
27.21 27.20 27.19 27.18 27.17 27.15 27.13 27.11 27.08 27.06 27.02 26.98 26.95 25.25 25.11 24.92 24.99 24.51 24.80 24.58 25.27 25.26 27.06 27.19 27.26 27.27 27.28 27.29 27.29 27.30 27.30 27.30 27.31 27.31 27.31 27.31 27.31 27.31 27.32 27.33 27.33 27.33 27.33 27.33 27.34 27.35 27.35 27.34 27.34 27.33
27.22 27.21 27.20 27.19 27.18 27.17 27.15 27.14 27.12 27.10 27.07 27.02 26.98 25.52 25.24 25.11 25.10 24.55 24.77 25.01 25.31 25.34 27.08 27.26 27.27 27.28 27.28 27.29 27.30 27.30 27.31 27.31 27.32 27.32 27.32 27.32 27.32 27.32 27.32 27.33 27.33 27.33 27.33 27.33 27.34 27.35 27.35 27.35 27.34 27.34
27.23 27.23 27.22 27.21 27.20 27.19 27.17 27.16 27.15 27.14 27.11 27.07 27.02 25.88 25.60 25.39 25.15 24.96 24.97 25.21 25.50 27.05 27.24 27.26 27.28 27.29 27.29 27.29 27.30 27.30 27.31 27.32 27.32 27.32 27.32 27.32 27.33 27.33 27.33 27.33 27.33 27.33 27.33 27.33 27.34 27.35 27.35 27.35 27.35 27.35
27.24 27.24 27.23 27.22 27.21 27.20 27.19 27.19 27.18 27.17 27.15 27.13 27.10 27.08 25.97 25.68 25.00 25.19 25.51 25.50 27.01 27.23 27.25 27.27 27.28 27.29 27.29 27.29 27.30 27.30 27.31 27.32 27.32 27.32 27.32 27.32 27.33 27.33 27.33 27.33 27.33 27.33 27.33 27.34 27.34 27.35 27.35 27.36 27.36 27.35
27.24 27.24 27.24 27.23 27.23 27.23 27.22 27.21 27.21 27.20 27.19 27.18 27.17 27.17 27.17 27.17 27.19 26.95 27.19 27.22 27.24 27.25 27.26 27.27 27.28 27.29 27.29 27.30 27.30 27.31 27.31 27.32 27.32 27.32 27.32 27.32 27.33 27.33 27.33 27.33 27.33 27.33 27.34 27.34 27.35 27.35 27.35 27.36 27.36 27.36
27.24 27.24 27.24 27.25 27.24 27.24 27.24 27.23 27.23 27.22 27.22 27.21 27.22 27.22 27.22 27.22 27.23 27.00 27.24 27.25 27.26 27.28 27.28 27.29 27.29 27.30 27.30 27.30 27.31 27.31 27.31 27.32 27.31 27.32 27.32 27.32 27.32 27.33 27.33 27.33 27.34 27.34 27.34 27.34 27.35 27.35 27.35 27.35 27.35 27.35
27.25 27.25 27.25 27.25 27.26 27.26 27.26 27.25 27.25 27.25 27.25 27.25 27.25 27.26 27.26 27.26 27.26 27.26 27.26 27.27 27.28 27.29 27.30 27.30 27.30 27.30 27.30 27.30 27.31 27.32 27.32 27.32 27.32 27.32 27.32 27.32 27.32 27.33 27.34 27.34 27.34 27.34 27.34 27.34 27.35 27.35 27.35 27.35 27.34 27.35
27.27 27.27 27.26 27.27 27.27 27.27 27.27 27.27 27.27 27.27 27.27 27.27 27.27 27.28 27.28 27.28 27.28 27.27 27.28 27.29 27.30 27.31 27.31 27.31 27.31 27.31 27.31 27.31 27.32 27.32 27.32 27.32 27.32 27.32 27.32 27.33 27.33 27.33 27.34 27.34 27.34 27.35 27.35 27.35 27.35 27.35 27.35 27.34 27.34 27.34
27.27 27.27 27.28 27.28 27.28 27.28 27.28 27.28 27.28 27.29 27.29 27.29 27.29 27.29 27.30 27.30 27.29 27.29 27.29 27.30 27.30 27.31 27.31 27.32 27.31 27.31 27.31 27.32 27.31 27.32 27.32 27.32 27.32 27.32 27.32 27.33 27.33 27.34 27.34 27.34 27.35 27.35 27.35 27.35 27.35 27.35 27.34 27.34 27.34 27.34
27.28 27.28 27.28 27.29 27.29 27.29 27.29 27.29 27.29 27.30 27.30 27.30 27.30 27.31 27.31 27.31 27.30 27.30 27.30 27.30 27.31 27.31 27.31 27.32 27.32 27.32 27.32 27.32 27.32 27.32 27.32 27.33 27.32 27.33 27.33 27.33 27.34 27.34 27.34 27.35 27.34 27.35 27.35 27.35 27.35 27.34 27.34 27.34 27.33 27.34
