Raw_GIS_Data/Climate_scenarios/ProcessedData/month_6_rainfall_present.asc
NCOLS 50
NROWS 26
XLLCENTER 512998.000000
YLLCENTER 8407694.000000
CELLSIZE 800.000000
NODATA_value -999.000000
 7.05  7.06  7.16  7.31  7.40  7.48  7.54  7.51  7.46  7.44  7.49  7.58  7.69  7.81  7.96  8.15  8.33  8.45  8.51  8.53  8.65  8.86  9.08  9.29  9.49  9.59  9.52  9.46  9.56  9.76  9.98 10.17 10.38 10.49 10.42 10.29 10.29 10.41 10.52 10.64 10.76 10.79 10.65 10.41 10.11  9.71  9.29  8.94  8.69  8.52
 6.89  6.91  7.02  7.16  7.26  7.36  7.48  7.52  7.45  7.37  7.39  7.55  7.78  8.01  8.23  8.41  8.52  8.55  8.58  8.68  8.94  9.22  9.43  9.60  9.79  9.86  9.72  9.56  9.60  9.81 10.07 10.35 10.66 10.84 10.80 10.60 10.45 10.39 10.37 10.42 10.56 10.67 10.61 10.46 10.26  9.94  9.56  9.19  8.87  8.71
 6.73  6.75  6.85  6.98  7.11  7.25  7.43  7.58  7.55  7.41  7.41  7.62  7.92  8.18  8.40  8.55  8.61  8.63  8.71  8.93  9.32  9.72  9.99 10.14 10.28 10.35 10.24 10.05  9.99 10.13 10.42 10.71 11.01 11.15 11.07 10.86 10.60 10.39 10.27 10.26 10.34 10.40 10.37 10.26 10.10  9.88  9.61  9.33  9.06  8.90
 6.70  6.63  6.69  6.83  7.02  7.25  7.49  7.68  7.67  7.57  7.65  7.90  8.15  8.35  8.51  8.61  8.70  8.80  8.98  9.31  9.77 10.26 10.67 10.95 11.13 11.26 11.28 11.16 11.02 11.01 11.26 11.39 11.53 11.53 11.41 11.10 10.78 10.49 10.31 10.25 10.24 10.20 10.09  9.97  9.82  9.69  9.55  9.39  9.21  9.03
 6.86  6.70  6.72  6.87  7.10  7.37  7.62  7.80  7.85  7.87  8.04  8.29  8.49  8.62  8.70  8.76  8.91  9.12  9.41  9.83 10.29 10.80 11.34 11.84 12.23 12.59 12.84 12.83 12.57 12.50 12.65 12.47 12.28 12.22 11.94 11.50 11.13 10.80 10.61 10.50 10.40 10.27 10.09  9.86  9.70  9.65  9.62  9.54  9.38  9.18
 7.10  6.93  6.95  7.10  7.28  7.51  7.73  7.93  8.10  8.24  8.42  8.61  8.76  8.87  8.96  9.09  9.30  9.59  9.97 10.43 10.89 11.36 11.90 12.46 13.01 13.46 13.82 13.79 13.51 13.66 13.91 13.62 13.25 13.05 12.51 12.07 11.54 11.14 11.06 11.00 10.75 10.54 10.32  9.96  9.71  9.67  9.71  9.72  9.62  9.41
 7.31  7.18  7.20  7.33  7.46  7.62  7.83  8.11  8.38  8.58  8.74  8.86  8.94  9.02  9.20  9.47  9.78 10.13 10.57 11.05 11.50 11.90 12.31 12.78 13.06 13.07 13.10 12.92 12.81 13.38 13.95 14.21 14.12 13.71 12.99 12.20 11.41 11.08 11.22 11.32 11.07 10.78 10.45 10.00  9.78  9.75  9.77  9.79  9.73  9.55
 7.43  7.32  7.33  7.45  7.60  7.79  8.05  8.39  8.69  8.87  9.04  9.18  9.26  9.34  9.57  9.96 10.38 10.80 11.25 11.74 12.22 12.64 13.05 13.31 13.02 12.57 12.18 12.03 12.21 12.93 13.71 14.26 14.17 13.36 12.42 11.56 11.01 10.83 10.96 11.17 11.09 10.78 10.42 10.06  9.93  9.88  9.83  9.79  9.76  9.66
 7.49  7.39  7.40  7.52  7.75  8.03  8.36  8.74  9.08  9.32  9.52  9.71  9.84  9.98 10.30 10.80 11.30 11.73 12.13 12.61 13.24 13.86 14.36 14.61 14.18 13.49 12.58 12.09 12.03 12.42 12.89 12.93 12.49 11.99 11.29 10.87 10.67 10.58 10.68 10.76 10.63 10.47 10.31 10.11 10.03  9.99  9.91  9.88  9.95  9.91
 7.60  7.57  7.63  7.78  8.03  8.37  8.73  9.12  9.56  9.95 10.27 10.53 10.74 10.98 11.34 11.90 12.45 12.81 13.21 13.74 14.55 15.33 15.84 16.53 16.46 15.37 13.26 12.37 12.06 12.02 11.97 11.71 11.31 11.01 10.73 10.58 10.47 10.40 10.35 10.33 10.24 10.18 10.16 10.10 10.05 10.01  9.99 10.04 10.20 10.22
 7.85  7.94  8.13  8.35  8.58  8.87  9.25  9.68 10.19 10.76 11.40 11.95 12.31 12.54 12.88 13.43 13.78 13.88 14.33 14.96 15.61 16.45 17.24 17.64 17.37 16.36 13.61 12.52 12.15 11.89 11.60 11.28 11.01 10.83 10.73 10.60 10.48 10.32 10.18 10.13 10.13 10.14 10.18 10.20 10.15 10.05 10.00 10.07 10.23 10.31
 8.21  8.39  8.70  9.02  9.28  9.59 10.04 10.61 11.29 12.11 12.99 13.87 14.41 14.71 15.20 15.57 15.39 15.16 15.41 15.84 16.01 16.70 17.03 16.17 15.04 14.31 12.89 12.25 12.05 11.83 11.51 11.22 10.98 10.85 10.77 10.64 10.47 10.30 10.21 10.19 10.19 10.17 10.19 10.25 10.24 10.10  9.95  9.92 10.00 10.12
 8.61  8.84  9.19  9.59  9.99 10.47 11.07 11.86 12.84 13.74 14.63 15.58 16.26 16.74 17.33 17.73 17.15 16.35 16.04 15.96 15.59 15.87 15.36 14.19 13.30 12.83 12.18 11.87 11.72 11.51 11.30 11.08 10.84 10.66 10.54 10.40 10.26 10.18 10.18 10.17 10.12 10.04 10.04 10.12 10.13 10.02  9.83  9.72  9.78  9.90
 9.13  9.37  9.72 10.16 10.70 11.34 12.01 12.80 13.76 14.57 15.30 16.04 16.63 17.25 17.96 18.64 17.95 16.56 15.81 15.55 14.93 14.72 13.78 12.89 12.40 12.14 11.82 11.55 11.33 11.19 11.09 10.92 10.76 10.59 10.40 10.21 10.06 10.00 10.00  9.97  9.88  9.79  9.78  9.86  9.89  9.82  9.65  9.53  9.60  9.73
 9.82 10.05 10.35 10.73 11.18 11.65 12.10 12.67 13.47 14.01 14.42 14.99 15.58 16.37 17.15 17.66 17.06 15.92 14.90 14.28 13.74 13.39 12.78 12.22 11.91 11.79 11.65 11.48 11.33 11.18 11.02 10.85 10.75 10.67 10.55 10.38 10.18 10.02  9.93  9.85  9.74  9.61  9.53  9.56  9.61  9.58  9.46  9.38  9.47  9.58
10.45 10.60 10.78 11.00 11.14 11.26 11.51 11.99 12.74 13.34 13.69 14.10 14.63 15.39 16.10 16.38 15.81 14.96 13.97 13.27 12.79 12.44 12.05 11.71 11.59 11.57 11.55 11.53 11.50 11.31 11.03 10.84 10.76 10.75 10.72 10.57 10.35 10.14 10.00  9.91  9.78  9.60  9.46  9.42  9.42  9.43  9.41  9.36  9.39  9.45
10.65 10.77 10.87 10.92 10.88 10.92 11.15 11.59 12.20 12.87 13.42 13.89 14.30 14.72 15.13 15.29 14.89 14.19 13.35 12.79 12.32 11.93 11.55 11.33 11.26 11.30 11.36 11.46 11.50 11.34 11.05 10.86 10.75 10.72 10.66 10.51 10.32 10.15 10.06 10.02  9.91  9.75  9.57  9.46  9.43  9.46  9.48  9.41  9.33  9.32
10.51 10.69 10.78 10.76 10.73 10.81 11.08 11.50 12.02 12.63 13.25 13.75 14.01 14.12 14.27 14.36 14.20 13.84 13.23 12.61 12.06 11.61 11.22 10.99 10.95 11.03 11.14 11.24 11.29 11.20 11.01 10.82 10.63 10.49 10.39 10.25 10.13 10.06 10.04 10.01  9.92  9.79  9.62  9.47  9.45  9.52  9.54  9.43  9.30  9.29
10.35 10.51 10.59 10.63 10.72 10.86 11.12 11.59 12.10 12.56 13.02 13.43 13.65 13.65 13.65 13.68 13.65 13.51 13.11 12.47 11.82 11.30 10.87 10.68 10.75 10.94 11.03 11.02 10.99 10.93 10.79 10.58 10.36 10.21 10.09  9.94  9.88  9.92  9.97  9.94  9.84  9.73  9.54  9.38  9.34  9.44  9.50  9.44  9.39  9.43
10.15 10.29 10.39 10.51 10.74 11.01 11.35 11.84 12.30 12.62 12.88 13.12 13.28 13.32 13.29 13.19 13.12 13.01 12.70 12.16 11.51 10.94 10.55 10.42 10.59 10.89 10.97 10.84 10.69 10.57 10.41 10.24 10.14 10.07  9.93  9.73  9.66  9.72  9.79  9.80  9.75  9.65  9.49  9.34  9.29  9.38  9.49  9.55  9.60  9.65
10.08 10.23 10.38 10.56 10.84 11.18 11.57 12.01 12.37 12.62 12.77 12.83 12.93 13.06 12.95 12.65 12.52 12.49 12.24 11.79 11.22 10.66 10.31 10.21 10.37 10.63 10.75 10.66 10.47 10.25 10.08 10.01 10.06 10.08  9.96  9.71  9.57  9.57  9.59  9.61  9.62  9.58  9.48  9.36  9.33  9.42  9.56  9.71  9.81  9.85
10.26 10.36 10.47 10.64 10.91 11.23 11.57 11.93 12.19 12.40 12.54 12.57 12.68 12.72 12.53 12.26 12.14 12.08 11.85 11.50 10.97 10.38 10.03 10.00 10.16 10.34 10.45 10.45 10.30 10.07  9.91  9.89 10.00 10.10 10.03  9.79  9.58  9.48  9.44  9.46  9.52  9.52  9.43  9.30  9.25  9.32  9.50  9.71  9.86  9.93
10.34 10.34 10.39 10.52 10.77 11.05 11.34 11.66 11.94 12.13 12.24 12.32 12.39 12.31 12.10 11.87 11.69 11.58 11.44 11.20 10.73 10.13  9.79  9.81  9.99 10.15 10.22 10.20 10.07  9.92  9.82  9.77  9.85  9.99  9.98  9.74  9.49  9.33  9.27  9.32  9.42  9.45  9.37  9.23  9.14  9.16  9.32  9.53  9.71  9.85
10.09 10.08 10.15 10.28 10.47 10.71 11.05 11.45 11.75 11.92 12.00 12.04 12.03 11.98 11.81 11.52 11.30 11.21 11.13 10.93 10.53 10.01  9.68  9.64  9.73  9.82  9.87  9.85  9.75  9.67  9.62  9.57  9.62  9.76  9.77  9.56  9.35  9.21  9.13  9.17  9.31  9.41  9.39  9.28  9.16  9.14  9.22  9.35  9.50  9.70
 9.76  9.76  9.81  9.90 10.06 10.32 10.73 11.19 11.52 11.69 11.77 11.73 11.68 11.69 11.60 11.37 11.18 11.11 11.03 10.79 10.40 10.00  9.67  9.49  9.47  9.48  9.48  9.43  9.35  9.28  9.24  9.26  9.35  9.50  9.53  9.41  9.30  9.19  9.09  9.09  9.24  9.39  9.42  9.32  9.19  9.15  9.17  9.23  9.36  9.58
 9.48  9.42  9.38  9.44  9.62  9.93 10.36 10.85 11.26 11.52 11.56 11.45 11.36 11.31 11.28 11.21 11.14 11.09 10.97 10.64 10.26  9.96  9.68  9.44  9.33  9.31  9.24  9.11  8.97  8.87  8.85  8.93  9.08  9.27  9.37  9.33  9.26  9.18  9.10  9.11  9.25  9.37  9.38  9.26  9.12  9.05  9.02  9.05  9.23  9.47
