Raw_GIS_Data/Climate_scenarios/ProcessedData/month_11_minTemp_present.asc
NCOLS 50
NROWS 26
XLLCENTER 512998.000000
YLLCENTER 8407694.000000
CELLSIZE 800.000000
NODATA_value -999.000000
26.83 26.83 26.83 26.83 26.82 26.82 26.81 26.81 26.81 26.81 26.80 26.80 26.80 26.80 26.79 26.79 26.79 26.79 26.78 26.78 26.77 26.77 26.77 26.77 26.77 26.77 26.77 26.77 26.77 26.77 26.78 26.79 26.79 26.80 26.80 26.81 26.81 26.82 26.82 26.82 26.83 26.83 26.83 26.83 26.83 26.82 26.82 26.81 26.80 26.80
26.82 26.82 26.82 26.82 26.82 26.81 26.80 26.80 26.80 26.79 26.79 26.79 26.79 26.78 26.78 26.78 26.78 26.77 26.77 26.76 26.76 26.75 26.75 26.75 26.75 26.74 26.74 26.74 26.73 26.74 26.75 26.76 26.77 26.77 26.78 26.79 26.80 26.80 26.81 26.81 26.81 26.82 26.82 26.82 26.82 26.82 26.81 26.81 26.81 26.80
26.81 26.81 26.81 26.81 26.80 26.80 26.80 26.79 26.79 26.78 26.78 26.78 26.78 26.77 26.77 26.77 26.76 26.76 26.75 26.75 26.74 26.73 26.73 26.72 26.72 26.72 26.70 26.70 26.70 26.69 26.68 26.71 26.73 26.73 26.74 26.76 26.78 26.78 26.79 26.79 26.79 26.79 26.80 26.81 26.81 26.81 26.81 26.80 26.80 26.80
26.80 26.80 26.79 26.79 26.79 26.79 26.79 26.78 26.78 26.77 26.77 26.77 26.77 26.76 26.76 26.75 26.74 26.73 26.73 26.73 26.72 26.71 26.71 26.70 26.69 26.68 26.67 25.56 24.92 26.61 26.62 26.62 26.67 26.69 26.70 26.69 26.72 26.75 26.75 26.75 26.76 26.76 25.70 25.78 26.76 26.80 26.80 26.80 26.80 26.80
26.79 26.78 26.78 26.78 26.78 26.78 26.78 26.77 26.77 26.77 26.76 26.76 26.76 26.75 26.74 26.74 26.72 26.71 26.71 26.70 26.69 26.68 26.68 26.67 26.66 25.55 25.11 24.75 24.29 25.02 23.84 26.35 24.77 24.88 23.80 26.46 25.27 26.70 26.71 26.71 26.72 25.51 25.22 25.17 26.74 26.80 26.80 26.80 26.80 26.80
26.78 26.77 26.77 26.77 26.76 26.76 26.77 26.76 26.76 26.75 26.74 26.74 26.74 26.73 26.72 26.71 26.70 26.69 26.68 26.67 26.66 26.65 26.64 26.63 25.45 24.17 23.69 23.15 23.22 23.23 22.96 22.84 24.55 23.57 24.84 24.02 24.00 24.36 24.46 24.36 24.48 25.22 24.40 24.47 26.36 26.79 26.80 26.80 26.80 26.80
26.77 26.76 26.75 26.75 26.74 26.75 26.75 26.74 26.73 26.72 26.72 26.71 26.71 26.70 26.69 26.69 26.68 26.67 26.66 26.64 26.63 26.61 26.58 25.56 24.04 23.90 23.41 23.13 26.29 24.35 24.63 24.33 24.25 23.57 23.68 23.29 24.27 25.00 24.85 23.89 24.70 25.18 24.77 25.14 26.70 26.79 26.79 26.80 26.80 26.80
26.75 26.74 26.74 26.73 26.72 26.72 26.72 26.71 26.70 26.69 26.68 26.67 26.66 26.66 26.65 26.65 26.65 26.64 26.63 26.62 26.60 26.57 25.44 24.48 23.94 24.75 26.62 26.65 26.66 26.65 25.37 23.93 22.82 23.60 23.37 25.80 26.67 26.72 25.72 25.70 24.48 26.64 26.52 26.79 26.78 26.79 26.79 26.79 26.79 26.79
26.73 26.72 26.71 26.70 26.70 26.69 26.68 26.67 26.66 26.65 26.63 26.62 26.61 26.60 26.60 26.58 26.57 26.59 26.60 26.60 26.60 26.58 25.27 23.62 24.57 24.25 24.24 24.40 26.70 26.71 25.70 24.21 25.26 24.29 26.70 26.67 26.75 26.77 26.80 25.88 26.79 26.80 26.80 26.80 26.29 26.25 26.51 26.79 26.79 26.79
26.72 26.70 26.69 26.68 26.67 26.66 26.65 26.64 26.63 26.62 26.61 26.59 26.56 26.54 26.53 26.53 26.51 26.50 26.55 25.02 24.90 23.55 24.98 24.44 23.53 22.64 23.87 24.40 26.34 26.75 26.77 26.46 26.61 26.76 26.76 26.77 26.78 26.79 26.80 26.81 26.80 26.81 26.81 26.81 26.81 26.78 26.27 26.78 26.78 26.79
26.70 26.69 26.68 26.66 26.64 26.62 26.61 26.60 26.59 26.60 25.57 24.67 24.38 24.22 24.56 24.50 23.69 24.50 24.59 23.84 24.04 23.37 24.00 22.67 23.09 22.02 23.11 24.04 26.01 26.75 26.77 26.78 26.78 26.78 26.79 26.79 26.79 26.79 26.80 26.80 26.81 26.81 26.81 26.80 26.80 26.80 26.79 26.79 26.79 26.79
26.69 26.67 26.66 26.64 26.61 26.59 26.57 26.56 25.54 25.45 24.51 23.80 23.00 23.51 23.64 23.18 22.70 23.61 24.11 23.15 22.95 23.66 22.86 22.95 24.39 23.44 25.09 26.59 26.75 26.77 26.78 26.79 26.79 26.79 26.79 26.79 26.79 26.79 26.80 26.80 26.81 26.81 26.80 26.80 26.80 26.79 26.79 26.79 26.80 26.80
26.68 26.66 26.64 26.62 26.59 26.56 26.54 25.53 25.04 23.86 24.27 23.47 23.03 22.89 23.01 22.49 22.73 22.78 23.40 22.78 24.07 24.23 23.86 24.33 25.30 25.51 26.62 26.74 26.77 26.78 26.79 26.80 26.79 26.79 26.79 26.79 26.79 26.79 26.80 26.80 26.80 26.80 26.80 26.80 26.79 26.79 26.79 26.79 26.80 26.80
26.68 26.66 26.64 26.62 26.58 26.55 25.52 25.07 24.02 23.46 23.05 23.13 23.12 22.92 23.24 22.66 22.33 22.79 23.59 23.00 24.58 23.87 24.80 26.69 26.77 26.71 26.77 26.77 26.78 26.79 26.80 26.80 26.80 26.79 26.79 26.79 26.79 26.79 26.79 26.79 26.79 26.79 26.79 26.79 26.79 26.79 26.79 26.79 26.79 26.79
26.68 26.67 26.65 26.63 26.61 26.54 24.83 24.88 24.11 23.84 24.43 24.01 24.37 23.63 23.90 23.43 23.10 23.36 23.92 24.28 24.83 26.60 24.99 26.66 26.77 26.78 26.78 26.78 26.78 26.80 26.80 26.81 26.81 26.80 26.80 26.80 26.79 26.79 26.79 26.79 26.79 26.78 26.78 26.78 26.79 26.79 26.79 26.78 26.78 26.79
26.69 26.68 26.66 26.64 26.63 26.60 26.58 26.57 26.49 25.79 26.45 24.80 25.03 24.40 24.88 23.99 24.54 23.93 24.35 24.72 24.97 26.68 25.14 26.91 26.73 26.78 26.79 26.79 26.79 26.80 26.81 26.81 26.81 26.81 26.80 26.80 26.79 26.79 26.79 26.79 26.78 26.78 26.79 26.79 26.79 26.78 26.78 26.79 26.78 26.79
26.68 26.68 26.67 26.67 26.65 26.63 26.62 26.60 26.57 26.54 26.52 26.49 26.46 25.00 24.87 24.67 24.81 24.28 24.58 24.42 25.09 25.09 26.61 26.73 26.79 26.79 26.79 26.79 26.79 26.80 26.81 26.81 26.81 26.81 26.81 26.80 26.80 26.79 26.79 26.79 26.79 26.79 26.79 26.79 26.79 26.78 26.78 26.78 26.79 26.79
26.69 26.69 26.68 26.68 26.67 26.66 26.65 26.63 26.61 26.59 26.55 26.51 26.46 25.19 24.93 24.84 24.83 24.27 24.52 24.85 25.18 25.18 26.63 26.79 26.79 26.79 26.80 26.80 26.80 26.80 26.81 26.82 26.82 26.81 26.81 26.81 26.80 26.80 26.80 26.79 26.79 26.79 26.79 26.79 26.79 26.78 26.78 26.78 26.79 26.79
26.69 26.70 26.70 26.70 26.69 26.68 26.67 26.65 26.63 26.61 26.59 26.55 26.50 25.50 25.25 25.09 24.83 24.59 24.61 24.92 25.30 26.60 26.78 26.79 26.80 26.80 26.80 26.81 26.81 26.81 26.81 26.82 26.82 26.81 26.81 26.81 26.81 26.80 26.80 26.80 26.79 26.79 26.79 26.79 26.79 26.79 26.78 26.78 26.79 26.78
26.70 26.70 26.71 26.71 26.70 26.70 26.69 26.67 26.66 26.65 26.63 26.61 26.59 26.57 25.59 25.32 24.63 24.76 25.05 25.13 26.55 26.77 26.79 26.80 26.81 26.81 26.81 26.82 26.82 26.81 26.81 26.81 26.81 26.81 26.81 26.81 26.81 26.80 26.80 26.80 26.80 26.80 26.80 26.79 26.79 26.79 26.80 26.79 26.79 26.79
26.71 26.71 26.71 26.71 26.71 26.71 26.70 26.69 26.68 26.67 26.66 26.65 26.65 26.65 26.67 26.69 26.70 26.47 26.70 26.74 26.77 26.78 26.79 26.81 26.81 26.82 26.82 26.82 26.82 26.81 26.81 26.81 26.81 26.81 26.81 26.81 26.81 26.80 26.80 26.80 26.80 26.80 26.80 26.80 26.80 26.80 26.80 26.80 26.80 26.79
26.73 26.73 26.72 26.72 26.72 26.72 26.72 26.71 26.70 26.69 26.68 26.68 26.69 26.70 26.72 26.73 26.74 26.51 26.75 26.77 26.78 26.80 26.81 26.81 26.82 26.82 26.82 26.82 26.82 26.82 26.81 26.82 26.82 26.82 26.81 26.81 26.81 26.81 26.80 26.80 26.80 26.80 26.80 26.80 26.80 26.80 26.81 26.80 26.80 26.80
26.74 26.74 26.73 26.73 26.73 26.73 26.73 26.72 26.72 26.72 26.71 26.72 26.73 26.73 26.75 26.75 26.75 26.76 26.77 26.78 26.80 26.81 26.81 26.82 26.82 26.82 26.82 26.82 26.82 26.82 26.82 26.82 26.82 26.82 26.81 26.81 26.81 26.81 26.80 26.80 26.80 26.80 26.80 26.80 26.80 26.81 26.81 26.81 26.81 26.81
26.75 26.74 26.74 26.74 26.75 26.75 26.74 26.74 26.73 26.74 26.74 26.74 26.75 26.75 26.76 26.77 26.77 26.77 26.78 26.79 26.80 26.81 26.81 26.82 26.82 26.82 26.82 26.82 26.82 26.82 26.82 26.82 26.82 26.82 26.81 26.81 26.81 26.80 26.81 26.81 26.80 26.80 26.80 26.80 26.80 26.81 26.81 26.81 26.81 26.81
26.75 26.75 26.75 26.75 26.76 26.76 26.75 26.75 26.74 26.75 26.75 26.75 26.76 26.77 26.78 26.78 26.78 26.79 26.79 26.80 26.80 26.81 26.81 26.81 26.82 26.82 26.82 26.83 26.82 26.82 26.82 26.82 26.82 26.82 26.82 26.81 26.81 26.81 26.81 26.81 26.81 26.81 26.80 26.80 26.80 26.81 26.81 26.81 26.81 26.81
26.76 26.76 26.76 26.76 26.77 26.77 26.76 26.76 26.75 26.75 26.76 26.77 26.78 26.79 26.79 26.79 26.79 26.79 26.80 26.80 26.80 26.81 26.81 26.81 26.82 26.82 26.83 26.83 26.83 26.83 26.83 26.83 26.83 26.83 26.83 26.82 26.81 26.81 26.81 26.81 26.80 26.80 26.80 26.80 26.80 26.81 26.81 26.81 26.81 26.81
