Raw_GIS_Data/Climate_scenarios/ProcessedData/month_12_minTemp_rcp45.asc
NCOLS 50
NROWS 26
XLLCENTER 512998.000000
YLLCENTER 8407694.000000
CELLSIZE 800.000000
NODATA_value -999.000000
28.31 28.31 28.31 28.31 28.31 28.31 28.32 28.32 28.33 28.33 28.32 28.31 28.31 28.31 28.30 28.30 28.30 28.30 28.29 28.28 28.28 28.27 28.26 28.26 28.25 28.25 28.25 28.25 28.25 28.26 28.26 28.27 28.28 28.28 28.28 28.29 28.29 28.29 28.29 28.29 28.29 28.29 28.29 28.30 28.30 28.31 28.31 28.31 28.31 28.31
28.31 28.31 28.31 28.31 28.30 28.31 28.31 28.32 28.32 28.32 28.32 28.31 28.30 28.30 28.30 28.29 28.29 28.28 28.27 28.26 28.25 28.25 28.24 28.24 28.23 28.23 28.23 28.22 28.22 28.23 28.24 28.25 28.26 28.26 28.26 28.27 28.27 28.28 28.28 28.28 28.28 28.29 28.29 28.30 28.30 28.31 28.31 28.31 28.31 28.31
28.31 28.31 28.31 28.30 28.30 28.30 28.30 28.31 28.31 28.31 28.31 28.30 28.30 28.29 28.29 28.28 28.27 28.26 28.25 28.24 28.24 28.23 28.23 28.22 28.22 28.21 28.20 28.19 28.19 28.19 28.18 28.21 28.23 28.23 28.22 28.24 28.25 28.26 28.27 28.27 28.27 28.28 28.28 28.29 28.30 28.31 28.31 28.31 28.31 28.31
28.30 28.30 28.29 28.29 28.29 28.29 28.29 28.30 28.30 28.30 28.30 28.29 28.29 28.29 28.28 28.27 28.25 28.24 28.23 28.22 28.22 28.22 28.21 28.21 28.20 28.18 28.17 27.20 26.50 28.11 28.12 28.13 28.17 28.19 28.19 28.19 28.21 28.24 28.24 28.25 28.25 28.25 27.27 27.34 28.26 28.31 28.31 28.31 28.31 28.31
28.29 28.29 28.28 28.28 28.28 28.28 28.29 28.28 28.28 28.29 28.28 28.28 28.27 28.27 28.26 28.25 28.23 28.22 28.21 28.20 28.20 28.19 28.19 28.19 28.17 27.23 26.78 26.35 25.91 26.72 25.45 27.85 26.63 26.59 25.37 27.97 26.91 28.21 28.21 28.20 28.21 27.11 26.78 26.73 28.24 28.30 28.31 28.31 28.31 28.31
28.28 28.28 28.27 28.27 28.26 28.26 28.27 28.27 28.27 28.26 28.26 28.26 28.25 28.25 28.24 28.23 28.21 28.20 28.19 28.18 28.17 28.17 28.16 28.15 27.18 25.83 25.28 24.75 24.91 24.96 24.59 24.50 26.29 25.18 26.48 25.64 25.59 26.00 26.12 25.98 26.10 26.89 25.97 26.05 27.88 28.30 28.31 28.31 28.31 28.31
28.28 28.27 28.26 28.25 28.25 28.25 28.25 28.25 28.24 28.24 28.24 28.23 28.23 28.22 28.21 28.19 28.18 28.17 28.16 28.15 28.14 28.13 28.11 27.25 25.63 25.55 25.05 24.83 27.86 26.16 26.35 26.01 25.89 25.17 25.27 24.89 25.91 26.65 26.46 25.45 26.25 26.67 26.26 26.70 28.22 28.31 28.31 28.31 28.31 28.31
28.27 28.26 28.25 28.24 28.23 28.23 28.22 28.22 28.21 28.21 28.20 28.19 28.18 28.18 28.17 28.15 28.14 28.14 28.14 28.13 28.11 28.08 27.12 26.08 25.55 26.39 28.15 28.20 28.21 28.20 27.06 25.48 24.40 25.20 24.96 27.35 28.20 28.23 27.26 27.21 25.96 28.16 28.04 28.31 28.31 28.31 28.31 28.31 28.31 28.31
28.26 28.25 28.24 28.23 28.22 28.20 28.19 28.18 28.17 28.16 28.15 28.13 28.12 28.12 28.11 28.09 28.08 28.10 28.11 28.10 28.11 28.07 26.85 25.18 26.12 25.77 25.81 26.02 28.22 28.23 27.27 25.77 26.86 25.85 28.24 28.20 28.27 28.30 28.31 27.39 28.32 28.32 28.32 28.32 27.87 27.83 28.04 28.31 28.31 28.31
28.24 28.23 28.22 28.21 28.19 28.18 28.16 28.14 28.13 28.13 28.12 28.10 28.07 28.06 28.04 28.04 28.01 28.01 28.05 26.73 26.61 25.15 26.59 25.99 25.03 24.20 25.47 26.00 27.84 28.25 28.26 27.97 28.12 28.29 28.28 28.30 28.31 28.32 28.33 28.34 28.33 28.33 28.33 28.33 28.33 28.30 27.80 28.32 28.32 28.32
28.23 28.22 28.20 28.18 28.17 28.15 28.13 28.11 28.10 28.11 27.24 26.27 25.94 25.81 26.20 26.14 25.35 26.18 26.31 25.49 25.68 25.01 25.59 24.22 24.60 23.55 24.74 25.64 27.52 28.26 28.28 28.29 28.30 28.30 28.31 28.32 28.33 28.33 28.34 28.34 28.34 28.34 28.33 28.33 28.33 28.33 28.33 28.33 28.32 28.32
28.22 28.20 28.19 28.16 28.14 28.12 28.10 28.08 27.30 27.19 26.19 25.38 24.58 25.14 25.26 24.79 24.34 25.29 25.80 24.75 24.61 25.30 24.45 24.57 25.96 25.02 26.66 28.12 28.26 28.28 28.29 28.29 28.30 28.30 28.31 28.33 28.33 28.33 28.34 28.34 28.34 28.33 28.33 28.33 28.33 28.33 28.32 28.32 28.32 28.32
28.21 28.20 28.18 28.15 28.13 28.10 28.08 27.30 26.75 25.46 25.96 25.10 24.62 24.50 24.62 24.10 24.38 24.43 25.02 24.40 25.71 25.85 25.46 25.94 26.85 27.06 28.17 28.27 28.28 28.29 28.29 28.29 28.30 28.31 28.32 28.33 28.33 28.34 28.35 28.35 28.34 28.34 28.34 28.33 28.33 28.33 28.33 28.33 28.33 28.33
28.21 28.20 28.17 28.15 28.13 28.10 27.24 26.75 25.66 25.05 24.66 24.78 24.72 24.50 24.81 24.21 23.93 24.44 25.20 24.60 26.20 25.45 26.38 28.19 28.27 28.24 28.29 28.29 28.29 28.29 28.29 28.29 28.30 28.31 28.32 28.33 28.33 28.34 28.34 28.34 28.34 28.34 28.34 28.33 28.33 28.33 28.33 28.33 28.33 28.33
28.21 28.20 28.18 28.16 28.14 28.09 26.49 26.56 25.74 25.49 26.19 25.76 26.09 25.24 25.48 24.99 24.67 24.92 25.47 25.84 26.41 28.14 26.57 28.16 28.27 28.29 28.30 28.30 28.29 28.29 28.29 28.29 28.31 28.32 28.32 28.33 28.34 28.34 28.34 28.34 28.34 28.34 28.34 28.33 28.33 28.33 28.33 28.33 28.33 28.32
28.21 28.20 28.18 28.17 28.16 28.14 28.14 28.13 28.06 27.39 28.05 26.58 26.78 26.09 26.53 25.58 26.09 25.46 25.88 26.24 26.54 28.23 26.71 28.46 28.23 28.28 28.29 28.29 28.29 28.29 28.29 28.30 28.30 28.31 28.32 28.33 28.33 28.33 28.34 28.34 28.34 28.34 28.33 28.33 28.32 28.32 28.33 28.33 28.33 28.33
28.21 28.19 28.19 28.18 28.17 28.16 28.16 28.15 28.14 28.12 28.10 28.07 28.04 26.73 26.53 26.28 26.38 25.80 26.09 25.98 26.61 26.66 28.09 28.22 28.28 28.29 28.29 28.29 28.30 28.30 28.30 28.30 28.31 28.31 28.32 28.32 28.32 28.33 28.33 28.33 28.33 28.33 28.33 28.32 28.33 28.32 28.32 28.33 28.33 28.33
28.20 28.19 28.19 28.19 28.18 28.18 28.18 28.17 28.16 28.14 28.12 28.08 28.04 26.90 26.60 26.45 26.39 25.79 26.01 26.34 26.69 26.75 28.12 28.28 28.28 28.29 28.30 28.30 28.30 28.30 28.31 28.31 28.31 28.31 28.32 28.33 28.33 28.33 28.33 28.33 28.33 28.32 28.32 28.32 28.33 28.32 28.32 28.32 28.32 28.32
28.20 28.20 28.20 28.19 28.19 28.19 28.18 28.17 28.17 28.15 28.13 28.09 28.05 27.13 26.84 26.63 26.34 26.07 26.07 26.36 26.77 28.09 28.27 28.28 28.29 28.30 28.30 28.30 28.31 28.31 28.31 28.31 28.31 28.32 28.32 28.33 28.33 28.33 28.33 28.33 28.32 28.32 28.32 28.32 28.32 28.32 28.32 28.32 28.32 28.32
28.21 28.21 28.21 28.21 28.21 28.20 28.19 28.19 28.18 28.16 28.14 28.12 28.10 28.07 27.12 26.80 26.10 26.20 26.47 26.53 28.04 28.26 28.28 28.29 28.30 28.30 28.31 28.31 28.31 28.31 28.31 28.32 28.32 28.32 28.33 28.33 28.33 28.33 28.33 28.33 28.32 28.32 28.31 28.31 28.31 28.32 28.32 28.32 28.32 28.32
28.23 28.23 28.23 28.22 28.22 28.21 28.20 28.20 28.19 28.18 28.16 28.16 28.14 28.14 28.14 28.16 28.18 27.95 28.19 28.22 28.26 28.27 28.29 28.30 28.31 28.31 28.31 28.31 28.31 28.31 28.32 28.32 28.32 28.33 28.33 28.33 28.33 28.33 28.33 28.33 28.33 28.32 28.32 28.31 28.31 28.31 28.31 28.32 28.31 28.32
28.24 28.24 28.23 28.23 28.23 28.22 28.21 28.21 28.21 28.21 28.20 28.19 28.19 28.19 28.20 28.21 28.22 28.00 28.24 28.26 28.27 28.29 28.29 28.30 28.31 28.32 28.32 28.32 28.31 28.32 28.32 28.32 28.32 28.32 28.33 28.33 28.33 28.33 28.33 28.33 28.33 28.32 28.32 28.32 28.32 28.32 28.32 28.32 28.32 28.32
28.24 28.24 28.24 28.24 28.23 28.23 28.22 28.22 28.23 28.23 28.22 28.22 28.22 28.23 28.24 28.24 28.25 28.26 28.27 28.28 28.29 28.30 28.31 28.31 28.32 28.33 28.32 28.32 28.32 28.32 28.32 28.33 28.32 28.32 28.32 28.33 28.33 28.33 28.32 28.33 28.33 28.33 28.32 28.32 28.32 28.32 28.32 28.32 28.32 28.32
28.24 28.25 28.25 28.24 28.24 28.24 28.24 28.24 28.25 28.25 28.25 28.24 28.25 28.25 28.25 28.26 28.27 28.27 28.28 28.29 28.30 28.31 28.32 28.32 28.32 28.33 28.33 28.33 28.33 28.33 28.33 28.32 28.32 28.32 28.32 28.32 28.33 28.33 28.32 28.33 28.33 28.33 28.32 28.32 28.32 28.32 28.33 28.32 28.32 28.32
28.25 28.25 28.25 28.25 28.24 28.25 28.25 28.26 28.26 28.26 28.26 28.26 28.26 28.27 28.27 28.27 28.28 28.28 28.29 28.30 28.31 28.32 28.32 28.33 28.33 28.33 28.33 28.33 28.33 28.33 28.32 28.32 28.31 28.31 28.32 28.32 28.32 28.33 28.33 28.33 28.33 28.32 28.32 28.32 28.32 28.32 28.33 28.33 28.33 28.33
28.26 28.26 28.26 28.26 28.25 28.25 28.26 28.26 28.27 28.27 28.27 28.27 28.27 28.28 28.28 28.29 28.29 28.30 28.30 28.31 28.32 28.32 28.33 28.33 28.33 28.33 28.33 28.33 28.32 28.32 28.32 28.31 28.31 28.31 28.32 28.32 28.32 28.33 28.33 28.33 28.32 28.32 28.32 28.32 28.32 28.33 28.33 28.33 28.33 28.33
