Raw_GIS_Data/Climate_scenarios/ProcessedData/month_9_maxTemp_present.asc
NCOLS 50
NROWS 26
XLLCENTER 512998.000000
YLLCENTER 8407694.000000
CELLSIZE 800.000000
NODATA_value -999.000000
27.29 27.28 27.28 27.28 27.28 27.28 27.28 27.28 27.28 27.28 27.28 27.28 27.28 27.29 27.29 27.29 27.30 27.31 27.31 27.32 27.32 27.32 27.32 27.32 27.31 27.30 27.29 27.29 27.29 27.28 27.28 27.27 27.26 27.26 27.25 27.25 27.24 27.23 27.23 27.22 27.21 27.21 27.21 27.21 27.21 27.20 27.20 27.20 27.20 27.21
27.29 27.29 27.29 27.29 27.29 27.29 27.29 27.29 27.29 27.29 27.29 27.29 27.29 27.30 27.30 27.30 27.31 27.31 27.32 27.33 27.34 27.35 27.36 27.36 27.36 27.35 27.33 27.32 27.31 27.31 27.31 27.30 27.30 27.29 27.28 27.28 27.27 27.26 27.26 27.25 27.23 27.22 27.21 27.20 27.20 27.20 27.20 27.20 27.20 27.20
27.30 27.30 27.30 27.30 27.30 27.30 27.30 27.30 27.30 27.30 27.30 27.30 27.30 27.31 27.31 27.31 27.32 27.33 27.34 27.35 27.37 27.38 27.40 27.42 27.43 27.43 27.43 27.40 27.36 27.34 27.35 27.35 27.34 27.33 27.33 27.32 27.31 27.31 27.31 27.30 27.29 27.27 27.25 27.21 27.20 27.20 27.20 27.20 27.20 27.20
27.31 27.31 27.31 27.31 27.31 27.31 27.31 27.31 27.31 27.31 27.31 27.31 27.32 27.32 27.32 27.33 27.33 27.34 27.35 27.37 27.39 27.42 27.46 27.50 27.55 27.60 27.67 29.34 28.33 27.36 27.41 27.41 27.44 27.41 27.39 27.39 27.39 27.36 27.38 27.39 27.42 27.46 29.03 28.85 27.14 27.21 27.20 27.20 27.20 27.20
27.32 27.33 27.33 27.33 27.33 27.33 27.33 27.33 27.33 27.33 27.33 27.33 27.33 27.34 27.34 27.35 27.35 27.36 27.37 27.39 27.41 27.45 27.50 27.58 27.70 29.36 28.97 28.46 27.88 29.04 27.08 27.33 29.21 28.86 26.82 27.35 29.20 27.44 27.47 27.48 27.55 29.16 28.52 28.19 27.13 27.21 27.20 27.20 27.20 27.20
27.34 27.34 27.35 27.35 27.35 27.35 27.35 27.35 27.35 27.35 27.35 27.35 27.36 27.36 27.37 27.37 27.38 27.39 27.41 27.43 27.46 27.50 27.56 27.68 29.30 27.81 26.94 26.19 26.49 26.69 25.84 25.68 28.99 26.84 29.07 27.70 27.53 28.19 28.27 27.92 28.14 29.17 27.47 27.33 26.78 27.20 27.20 27.19 27.19 27.19
27.36 27.36 27.37 27.38 27.38 27.38 27.38 27.38 27.38 27.39 27.39 27.39 27.39 27.40 27.41 27.41 27.43 27.44 27.46 27.49 27.54 27.60 27.69 29.30 27.28 27.42 26.50 26.18 27.39 28.49 28.39 27.98 27.80 26.69 26.90 26.19 27.95 29.09 28.61 26.87 28.07 28.61 27.70 27.93 27.11 27.20 27.19 27.19 27.19 27.19
27.37 27.39 27.40 27.41 27.42 27.42 27.43 27.43 27.43 27.44 27.44 27.44 27.44 27.45 27.46 27.47 27.49 27.51 27.53 27.57 27.63 27.75 29.36 28.00 27.38 28.79 27.49 27.52 27.59 27.75 29.33 26.89 25.15 26.60 26.04 26.57 27.50 27.58 29.26 28.98 27.11 27.17 27.05 27.27 27.24 27.21 27.19 27.19 27.19 27.19
27.39 27.41 27.43 27.44 27.46 27.48 27.49 27.50 27.51 27.51 27.51 27.51 27.52 27.52 27.53 27.55 27.58 27.62 27.65 27.67 27.70 27.80 29.30 26.92 28.40 27.99 27.80 27.95 27.42 27.59 29.21 27.06 28.58 27.01 27.30 27.29 27.34 27.36 27.36 26.43 27.28 27.28 27.30 27.37 29.06 28.81 26.91 27.19 27.19 27.19
27.42 27.44 27.46 27.49 27.52 27.55 27.57 27.60 27.61 27.63 27.63 27.63 27.64 27.64 27.63 27.65 27.67 27.74 27.84 29.47 28.91 26.78 29.20 28.49 26.54 25.21 27.46 28.01 26.95 27.37 27.40 27.07 27.20 27.31 27.28 27.28 27.27 27.27 27.26 27.25 27.24 27.24 27.24 27.25 27.25 27.18 26.68 27.18 27.19 27.18
27.44 27.48 27.51 27.56 27.61 27.65 27.70 27.75 27.81 27.90 29.66 28.61 28.31 28.37 29.17 28.73 27.39 29.01 29.43 27.97 28.00 26.83 27.64 25.37 25.73 23.61 25.93 27.29 26.61 27.32 27.32 27.30 27.28 27.26 27.25 27.24 27.24 27.23 27.23 27.23 27.22 27.22 27.21 27.21 27.20 27.19 27.18 27.18 27.18 27.18
27.44 27.49 27.54 27.61 27.68 27.75 27.83 27.94 29.65 29.61 28.41 27.33 26.29 27.37 27.60 26.53 25.87 27.72 28.58 26.66 26.31 27.35 25.64 25.69 27.73 25.70 25.72 27.21 27.28 27.28 27.27 27.26 27.25 27.24 27.23 27.22 27.22 27.22 27.22 27.21 27.21 27.20 27.20 27.20 27.19 27.19 27.18 27.18 27.18 27.18
27.39 27.44 27.51 27.59 27.68 27.79 27.94 29.66 29.06 27.35 28.26 27.08 26.25 26.21 26.26 25.35 25.91 26.13 26.96 25.83 27.98 28.04 27.09 27.71 28.72 26.07 27.15 27.27 27.26 27.25 27.24 27.23 27.22 27.22 27.22 27.21 27.21 27.21 27.20 27.20 27.20 27.20 27.19 27.19 27.18 27.18 27.18 27.18 27.18 27.18
27.33 27.37 27.42 27.49 27.61 27.79 29.54 29.08 27.63 26.88 26.30 26.53 26.37 26.07 26.55 25.43 24.90 26.00 27.14 25.88 28.53 26.98 28.39 27.27 27.30 27.20 27.25 27.25 27.24 27.23 27.23 27.22 27.21 27.21 27.21 27.20 27.20 27.20 27.20 27.19 27.19 27.19 27.19 27.18 27.18 27.18 27.18 27.18 27.18 27.18
27.28 27.30 27.33 27.38 27.48 27.62 28.58 28.96 27.83 27.56 28.64 27.85 28.29 26.98 27.38 26.58 26.05 26.54 27.55 27.98 28.68 29.09 28.46 27.18 27.25 27.24 27.23 27.23 27.22 27.22 27.21 27.21 27.20 27.20 27.20 27.19 27.19 27.19 27.19 27.19 27.19 27.18 27.18 27.18 27.18 27.18 27.17 27.17 27.17 27.17
27.26 27.28 27.31 27.35 27.42 27.52 27.61 27.67 27.65 27.09 27.85 28.87 29.17 28.23 28.93 27.34 28.30 27.22 28.03 28.62 28.78 29.16 28.56 29.11 27.16 27.22 27.22 27.22 27.21 27.21 27.20 27.20 27.20 27.19 27.19 27.19 27.19 27.18 27.18 27.18 27.18 27.18 27.18 27.18 27.17 27.17 27.17 27.17 27.17 27.17
27.25 27.27 27.31 27.35 27.42 27.49 27.55 27.59 27.62 27.67 27.72 27.79 27.86 29.18 28.89 28.48 28.65 27.78 28.35 28.26 28.74 28.44 27.12 27.20 27.21 27.22 27.21 27.21 27.20 27.20 27.19 27.19 27.19 27.19 27.18 27.18 27.18 27.18 27.18 27.18 27.17 27.17 27.17 27.17 27.17 27.17 27.17 27.17 27.17 27.17
27.23 27.25 27.29 27.34 27.39 27.44 27.48 27.52 27.56 27.60 27.66 27.74 27.83 29.30 28.91 28.74 28.64 27.73 28.20 28.57 28.72 28.36 27.08 27.22 27.21 27.21 27.20 27.20 27.19 27.19 27.19 27.19 27.19 27.18 27.18 27.18 27.18 27.18 27.17 27.17 27.17 27.17 27.17 27.17 27.17 27.17 27.17 27.17 27.17 27.16
27.21 27.23 27.26 27.30 27.34 27.38 27.41 27.44 27.47 27.51 27.57 27.64 27.75 29.34 29.05 28.87 28.58 28.23 28.23 28.47 28.64 27.08 27.22 27.21 27.20 27.20 27.19 27.19 27.19 27.18 27.18 27.18 27.18 27.18 27.18 27.18 27.17 27.17 27.17 27.17 27.17 27.17 27.17 27.17 27.17 27.16 27.16 27.16 27.16 27.16
27.20 27.22 27.25 27.27 27.29 27.32 27.33 27.35 27.37 27.40 27.43 27.47 27.54 27.64 29.06 28.84 28.04 28.30 28.71 28.39 27.04 27.21 27.21 27.20 27.20 27.19 27.19 27.18 27.18 27.18 27.18 27.18 27.18 27.17 27.17 27.17 27.17 27.17 27.17 27.17 27.17 27.17 27.17 27.17 27.16 27.16 27.16 27.16 27.16 27.16
27.19 27.21 27.22 27.24 27.25 27.26 27.27 27.28 27.29 27.30 27.31 27.32 27.33 27.35 27.35 27.34 27.33 27.07 27.26 27.23 27.20 27.20 27.20 27.19 27.19 27.18 27.18 27.18 27.17 27.17 27.17 27.17 27.17 27.17 27.17 27.17 27.17 27.17 27.17 27.16 27.16 27.16 27.16 27.16 27.16 27.16 27.16 27.16 27.16 27.16
27.18 27.19 27.20 27.21 27.22 27.22 27.23 27.24 27.24 27.24 27.25 27.25 27.26 27.26 27.27 27.26 27.25 27.01 27.22 27.21 27.20 27.19 27.19 27.19 27.18 27.18 27.17 27.17 27.17 27.17 27.17 27.17 27.17 27.16 27.16 27.16 27.16 27.16 27.16 27.16 27.16 27.16 27.16 27.16 27.16 27.16 27.16 27.16 27.16 27.16
27.17 27.18 27.18 27.19 27.20 27.20 27.21 27.21 27.21 27.22 27.22 27.22 27.23 27.23 27.23 27.23 27.22 27.21 27.20 27.19 27.19 27.18 27.18 27.18 27.18 27.17 27.17 27.17 27.16 27.16 27.16 27.16 27.16 27.16 27.16 27.16 27.16 27.16 27.16 27.16 27.16 27.16 27.16 27.16 27.16 27.15 27.15 27.15 27.15 27.15
27.16 27.17 27.17 27.18 27.18 27.19 27.19 27.20 27.20 27.20 27.20 27.21 27.21 27.21 27.21 27.20 27.20 27.19 27.19 27.18 27.18 27.18 27.17 27.17 27.17 27.17 27.16 27.16 27.16 27.16 27.16 27.16 27.16 27.16 27.16 27.16 27.15 27.15 27.15 27.16 27.15 27.15 27.15 27.15 27.15 27.15 27.15 27.15 27.15 27.15
27.16 27.16 27.16 27.17 27.17 27.18 27.18 27.19 27.19 27.19 27.19 27.19 27.19 27.19 27.19 27.19 27.18 27.18 27.18 27.17 27.17 27.17 27.17 27.17 27.17 27.16 27.16 27.16 27.16 27.16 27.16 27.16 27.16 27.15 27.15 27.15 27.15 27.15 27.15 27.15 27.15 27.15 27.15 27.15 27.15 27.15 27.15 27.15 27.15 27.15
27.15 27.15 27.15 27.16 27.17 27.17 27.18 27.18 27.18 27.18 27.18 27.18 27.18 27.18 27.18 27.18 27.17 27.17 27.17 27.17 27.17 27.17 27.17 27.17 27.16 27.16 27.16 27.16 27.15 27.15 27.15 27.15 27.15 27.15 27.15 27.15 27.15 27.15 27.15 27.15 27.15 27.15 27.15 27.15 27.15 27.15 27.15 27.15 27.15 27.15
