Raw_GIS_Data/Climate_scenarios/ProcessedData/month_3_rainfall_present.asc
NCOLS 50
NROWS 26
XLLCENTER 512998.000000
YLLCENTER 8407694.000000
CELLSIZE 800.000000
NODATA_value -999.000000
 9.21  9.15  9.01  8.80  8.59  8.46  8.38  8.39  8.56  8.76  8.81  8.74  8.67  8.65  8.69  8.82  8.99  8.95  8.83  8.98  9.15  9.21  9.27  9.35  9.41  9.42  9.40  9.41  9.44  9.49  9.46  9.29  9.29  9.38  9.35  9.23  9.21  9.34  9.44  9.47  9.47  9.58  9.71  9.67  9.65  9.72  9.66  9.48  9.33  9.25
 9.13  9.03  8.96  8.78  8.52  8.37  8.38  8.45  8.53  8.59  8.61  8.61  8.64  8.71  8.79  8.99  9.18  9.14  9.09  9.36  9.59  9.61  9.58  9.63  9.80  9.94  9.99  9.97  9.96 10.01  9.97  9.80  9.66  9.56  9.40  9.30  9.37  9.58  9.75  9.77  9.71  9.78  9.94 10.01 10.05  9.96  9.68  9.37  9.14  8.99
 9.16  9.03  8.97  8.84  8.58  8.39  8.39  8.48  8.52  8.49  8.50  8.54  8.65  8.78  8.90  9.15  9.43  9.47  9.50  9.80 10.02 10.04  9.96  9.99 10.23 10.48 10.51 10.46 10.52 10.58 10.50 10.36 10.19  9.95  9.73  9.66  9.77  9.98 10.15 10.19 10.08 10.03 10.10 10.16 10.20 10.07  9.78  9.43  9.10  8.85
 9.30  9.13  9.06  8.97  8.77  8.57  8.51  8.54  8.57  8.52  8.49  8.51  8.62  8.77  8.96  9.26  9.60  9.73  9.83 10.16 10.44 10.55 10.55 10.65 10.94 11.20 11.29 11.33 11.44 11.39 11.31 11.11 10.93 10.70 10.45 10.26 10.32 10.50 10.65 10.70 10.55 10.36 10.28 10.25 10.23 10.14  9.96  9.66  9.28  8.95
 9.45  9.22  9.14  9.12  9.08  8.94  8.77  8.68  8.63  8.59  8.54  8.53  8.64  8.80  9.05  9.41  9.74  9.91 10.10 10.47 10.86 11.18 11.46 11.80 12.23 12.68 13.01 13.21 13.18 12.96 12.96 12.49 11.92 11.75 11.56 11.16 11.04 11.14 11.27 11.25 11.01 10.76 10.69 10.59 10.46 10.37 10.23  9.95  9.59  9.30
 9.51  9.29  9.19  9.24  9.35  9.31  9.10  8.89  8.78  8.74  8.73  8.74  8.85  9.04  9.36  9.79 10.11 10.26 10.49 10.89 11.31 11.79 12.37 13.00 13.76 14.60 15.32 15.38 14.73 14.30 14.47 14.01 13.04 12.74 12.42 12.22 12.01 11.84 11.83 11.73 11.41 11.22 11.30 11.20 10.85 10.65 10.52 10.26  9.93  9.66
 9.55  9.39  9.31  9.38  9.56  9.60  9.45  9.26  9.12  9.08  9.13  9.17  9.27  9.48  9.87 10.36 10.67 10.73 10.86 11.17 11.50 11.95 12.60 13.36 14.16 14.85 15.49 15.30 14.17 13.62 13.80 13.97 13.69 13.47 13.15 12.98 12.45 11.95 11.91 12.02 11.78 11.58 11.66 11.50 11.03 10.74 10.63 10.46 10.15  9.84
 9.69  9.60  9.56  9.65  9.85  9.94  9.88  9.76  9.67  9.64  9.68  9.71  9.75  9.94 10.36 10.88 11.17 11.13 11.13 11.32 11.50 11.85 12.56 13.40 13.88 14.08 14.23 13.99 13.29 12.86 12.98 13.69 14.09 13.77 13.20 12.58 11.97 11.66 11.71 11.91 11.88 11.62 11.49 11.27 10.90 10.65 10.54 10.43 10.21  9.94
 9.97  9.96 10.06 10.20 10.36 10.46 10.46 10.38 10.33 10.31 10.31 10.32 10.31 10.46 10.85 11.37 11.70 11.69 11.62 11.75 11.97 12.32 13.03 14.16 14.75 14.93 14.64 14.04 13.33 12.78 12.58 12.88 12.94 12.69 12.07 11.48 11.22 11.24 11.37 11.46 11.41 11.19 11.01 10.83 10.62 10.48 10.38 10.26 10.13  9.97
10.40 10.45 10.69 10.98 11.16 11.24 11.28 11.24 11.24 11.25 11.30 11.44 11.51 11.56 11.84 12.42 12.85 12.82 12.66 12.80 13.19 13.70 14.21 15.71 16.81 16.80 15.44 14.27 13.32 12.59 12.10 11.85 11.55 11.35 11.06 10.87 10.83 10.89 10.93 10.89 10.76 10.59 10.47 10.39 10.33 10.26 10.18 10.05  9.98  9.93
11.08 11.11 11.32 11.70 12.03 12.19 12.31 12.46 12.65 12.81 13.11 13.64 13.92 13.76 13.86 14.70 15.33 14.91 14.47 14.67 14.89 15.37 16.23 17.64 18.14 17.77 15.62 13.99 12.88 12.15 11.68 11.23 10.83 10.60 10.60 10.72 10.78 10.75 10.64 10.48 10.29 10.13 10.06 10.02  9.97  9.92  9.86  9.80  9.81  9.84
11.64 11.67 11.84 12.25 12.78 13.19 13.53 14.03 14.68 15.25 15.84 16.74 17.31 17.10 17.22 18.27 18.83 17.90 17.01 16.94 16.46 16.44 17.23 17.38 16.42 15.80 14.44 13.05 12.10 11.59 11.31 10.96 10.58 10.35 10.38 10.55 10.61 10.53 10.38 10.16  9.91  9.79  9.79  9.73  9.58  9.54  9.56  9.61  9.67  9.72
11.96 12.04 12.29 12.75 13.40 14.07 14.71 15.62 16.86 17.80 18.27 19.09 19.97 20.30 20.68 21.61 21.71 20.53 19.35 18.59 16.97 16.10 15.96 15.31 14.22 13.66 12.92 12.03 11.41 11.14 11.08 10.94 10.69 10.46 10.33 10.29 10.25 10.20 10.09  9.92  9.68  9.54  9.53  9.43  9.25  9.20  9.28  9.40  9.53  9.64
12.33 12.54 12.90 13.35 13.93 14.59 15.33 16.47 17.82 18.64 18.98 19.56 20.37 21.28 22.16 23.25 23.03 21.53 20.19 19.10 16.87 15.28 14.32 13.59 12.80 12.22 11.74 11.29 10.96 10.90 10.94 10.90 10.79 10.63 10.40 10.16 10.01  9.99  9.96  9.87  9.71  9.51  9.36  9.17  9.00  8.92  8.95  9.08  9.27  9.53
12.90 13.17 13.51 13.83 14.20 14.67 15.25 16.07 16.94 17.22 17.29 17.88 18.81 20.05 21.38 22.58 22.29 20.86 19.46 18.17 16.17 14.48 13.42 12.72 12.01 11.41 11.05 10.78 10.60 10.60 10.61 10.52 10.44 10.38 10.27 10.08  9.92  9.88  9.93  9.91  9.79  9.60  9.33  9.02  8.81  8.68  8.66  8.75  8.96  9.32
13.41 13.51 13.62 13.77 13.95 14.18 14.49 14.89 15.31 15.46 15.56 16.24 17.12 18.22 19.47 20.51 20.34 19.38 18.09 16.70 15.18 13.87 12.98 12.27 11.62 11.10 10.76 10.52 10.30 10.17 10.09 10.00  9.91  9.92  9.94  9.85  9.71  9.72  9.86  9.92  9.82  9.64  9.35  8.99  8.73  8.58  8.53  8.56  8.71  9.06
13.56 13.39 13.35 13.41 13.42 13.37 13.46 13.76 14.13 14.40 14.65 15.15 15.81 16.74 17.77 18.63 18.65 17.88 16.52 15.23 14.20 13.39 12.67 12.00 11.45 10.99 10.65 10.41 10.19  9.96  9.77  9.64  9.58  9.61  9.65  9.63  9.54  9.54  9.68  9.77  9.70  9.54  9.32  9.01  8.78  8.66  8.60  8.55  8.61  8.87
13.51 13.16 12.98 12.88 12.70 12.52 12.60 12.96 13.41 13.74 14.00 14.25 14.78 15.69 16.64 17.23 17.10 16.27 15.06 14.03 13.36 12.84 12.25 11.72 11.28 10.91 10.63 10.42 10.23 10.03  9.79  9.59  9.53  9.58  9.63  9.63  9.57  9.48  9.47  9.47  9.39  9.27  9.12  8.94  8.80  8.74  8.69  8.62  8.60  8.75
13.38 12.83 12.38 12.14 11.97 11.92 12.14 12.51 12.88 13.15 13.28 13.41 13.89 14.76 15.65 16.02 15.66 14.85 13.97 13.24 12.72 12.23 11.74 11.39 11.09 10.86 10.66 10.44 10.23 10.09  9.95  9.81  9.76  9.77  9.75  9.72  9.67  9.53  9.33  9.17  9.05  8.94  8.86  8.80  8.78  8.78  8.76  8.69  8.61  8.63
12.96 12.30 11.84 11.68 11.72 11.85 12.07 12.35 12.62 12.72 12.67 12.79 13.28 14.12 14.94 15.18 14.70 13.90 13.23 12.70 12.17 11.63 11.19 10.92 10.73 10.67 10.58 10.36 10.11  9.99 10.01 10.04  9.99  9.89  9.81  9.73  9.65  9.53  9.31  9.04  8.85  8.74  8.71  8.76  8.85  8.91  8.86  8.75  8.64  8.62
12.36 11.81 11.56 11.61 11.85 12.07 12.20 12.33 12.46 12.46 12.42 12.58 13.08 13.77 14.31 14.33 13.79 13.05 12.53 12.07 11.50 11.03 10.66 10.38 10.23 10.29 10.36 10.23 10.00  9.86  9.87  9.94  9.93  9.86  9.85  9.75  9.56  9.44  9.31  9.07  8.78  8.66  8.72  8.85  8.99  9.07  8.98  8.83  8.73  8.73
11.78 11.41 11.40 11.66 12.02 12.19 12.15 12.12 12.18 12.30 12.40 12.56 12.87 13.21 13.37 13.25 12.81 12.23 11.76 11.32 10.85 10.50 10.23  9.99  9.85  9.90 10.05 10.09  9.94  9.75  9.61  9.55  9.57  9.68  9.84  9.80  9.57  9.42  9.36  9.17  8.85  8.71  8.80  8.98  9.10  9.14  9.06  8.90  8.81  8.84
11.34 11.17 11.32 11.65 11.90 11.91 11.79 11.71 11.77 12.00 12.22 12.31 12.37 12.42 12.39 12.27 11.96 11.49 11.10 10.72 10.42 10.18  9.94  9.72  9.63  9.66  9.80  9.94  9.89  9.70  9.46  9.27  9.26  9.46  9.76  9.84  9.67  9.52  9.45  9.26  8.96  8.79  8.83  8.99  9.10  9.13  9.05  8.89  8.81  8.86
11.08 11.06 11.24 11.40 11.41 11.38 11.37 11.33 11.35 11.56 11.75 11.76 11.77 11.85 11.85 11.70 11.28 10.81 10.51 10.27 10.15 10.06  9.85  9.62  9.51  9.51  9.61  9.73  9.73  9.61  9.47  9.31  9.21  9.34  9.65  9.88  9.85  9.74  9.58  9.28  8.94  8.77  8.80  8.94  9.04  9.04  8.96  8.85  8.81  8.92
10.97 11.06 11.09 11.02 10.97 11.00 11.03 11.04 11.11 11.31 11.43 11.35 11.37 11.54 11.56 11.27 10.67 10.14  9.90  9.85  9.94 10.01  9.90  9.69  9.51  9.40  9.41  9.48  9.46  9.40  9.46  9.49  9.39  9.40  9.64  9.90  9.97  9.89  9.61  9.18  8.83  8.72  8.78  8.92  9.01  9.04  9.00  8.96  8.98  9.08
11.11 11.14 10.98 10.85 10.86 10.85 10.83 10.90 11.05 11.26 11.31 11.18 11.17 11.30 11.22 10.80 10.14  9.62  9.44  9.55  9.79  9.92  9.88  9.72  9.49  9.26  9.23  9.28  9.25  9.25  9.39  9.52  9.50  9.50  9.66  9.86  9.96  9.86  9.54  9.13  8.84  8.74  8.77  8.87  9.02  9.15  9.21  9.25  9.29  9.32
