Raw_GIS_Data/Climate_scenarios/ProcessedData/month_9_maxTemp_rcp85.asc
NCOLS 50
NROWS 26
XLLCENTER 512998.000000
YLLCENTER 8407694.000000
CELLSIZE 800.000000
NODATA_value -999.000000
29.75 29.74 29.74 29.74 29.74 29.74 29.74 29.74 29.74 29.74 29.75 29.75 29.76 29.76 29.77 29.78 29.79 29.80 29.81 29.81 29.82 29.82 29.81 29.80 29.79 29.78 29.77 29.76 29.76 29.76 29.75 29.74 29.73 29.72 29.72 29.71 29.70 29.69 29.68 29.66 29.65 29.64 29.64 29.64 29.64 29.65 29.65 29.65 29.65 29.65
29.76 29.76 29.75 29.75 29.75 29.75 29.75 29.75 29.75 29.75 29.75 29.75 29.75 29.76 29.77 29.78 29.80 29.81 29.82 29.84 29.85 29.86 29.87 29.87 29.86 29.84 29.82 29.80 29.79 29.79 29.79 29.78 29.77 29.76 29.75 29.75 29.74 29.73 29.72 29.70 29.68 29.66 29.64 29.64 29.64 29.64 29.64 29.64 29.64 29.65
29.77 29.77 29.77 29.77 29.77 29.76 29.76 29.76 29.76 29.76 29.76 29.76 29.76 29.76 29.77 29.78 29.79 29.81 29.83 29.85 29.88 29.90 29.92 29.94 29.95 29.96 29.95 29.91 29.85 29.83 29.84 29.84 29.83 29.81 29.80 29.80 29.79 29.78 29.78 29.78 29.76 29.73 29.69 29.65 29.63 29.64 29.64 29.64 29.64 29.64
29.79 29.79 29.79 29.79 29.78 29.78 29.78 29.78 29.77 29.77 29.77 29.77 29.77 29.77 29.77 29.78 29.79 29.80 29.82 29.85 29.88 29.92 29.97 30.02 30.07 30.12 30.19 31.85 30.83 29.88 29.92 29.92 29.96 29.92 29.89 29.87 29.88 29.84 29.86 29.87 29.90 29.92 31.45 31.26 29.58 29.65 29.64 29.64 29.64 29.64
29.80 29.81 29.81 29.81 29.81 29.80 29.80 29.80 29.80 29.79 29.79 29.79 29.79 29.79 29.79 29.80 29.80 29.81 29.82 29.85 29.87 29.92 29.98 30.06 30.18 31.83 31.42 30.90 30.34 31.52 29.55 29.81 31.69 31.36 29.30 29.86 31.69 29.94 29.95 29.95 30.01 31.60 30.94 30.59 29.57 29.65 29.64 29.64 29.64 29.64
29.82 29.82 29.83 29.83 29.83 29.83 29.83 29.83 29.82 29.82 29.82 29.82 29.82 29.82 29.83 29.83 29.84 29.84 29.86 29.87 29.90 29.93 29.98 30.09 31.68 30.15 29.28 28.52 28.87 29.11 28.23 28.10 31.38 29.24 31.50 30.13 29.95 30.65 30.73 30.35 30.55 31.60 29.86 29.72 29.23 29.64 29.64 29.64 29.64 29.64
29.83 29.84 29.85 29.86 29.87 29.86 29.86 29.86 29.86 29.86 29.86 29.86 29.86 29.86 29.87 29.88 29.89 29.89 29.91 29.93 29.97 30.01 30.08 31.62 29.53 29.67 28.74 28.45 29.74 30.84 30.76 30.36 30.15 29.01 29.23 28.49 30.32 31.51 31.02 29.25 30.47 31.01 30.09 30.36 29.55 29.64 29.63 29.63 29.63 29.63
29.86 29.87 29.89 29.90 29.91 29.91 29.91 29.91 29.90 29.90 29.90 29.90 29.90 29.91 29.92 29.93 29.95 29.97 29.98 30.00 30.04 30.15 31.70 30.27 29.63 31.07 29.83 29.87 29.95 30.10 31.71 29.20 27.42 28.89 28.31 28.94 29.87 29.95 31.64 31.36 29.47 29.57 29.48 29.72 29.70 29.65 29.62 29.63 29.63 29.63
29.89 29.91 29.93 29.95 29.97 29.98 29.98 29.99 29.99 29.98 29.98 29.97 29.97 29.97 29.98 30.00 30.03 30.07 30.09 30.10 30.10 30.17 31.60 29.22 30.69 30.29 30.10 30.25 29.78 29.93 31.53 29.33 30.90 29.29 29.68 29.68 29.73 29.74 29.74 28.83 29.68 29.70 29.73 29.81 31.53 31.27 29.35 29.63 29.63 29.63
29.91 29.94 29.98 30.01 30.05 30.08 30.10 30.11 30.13 30.13 30.13 30.11 30.10 30.09 30.08 30.08 30.09 30.15 30.25 31.84 31.25 29.08 31.49 30.81 28.85 27.47 29.76 30.31 29.33 29.73 29.74 29.42 29.56 29.69 29.69 29.69 29.68 29.68 29.67 29.66 29.66 29.65 29.65 29.66 29.66 29.61 29.13 29.62 29.63 29.62
29.92 29.97 30.02 30.07 30.13 30.18 30.23 30.28 30.34 30.42 32.18 31.10 30.74 30.77 31.55 31.08 29.70 31.32 31.76 30.27 30.28 29.12 29.94 27.59 27.99 25.89 28.21 29.60 29.01 29.70 29.70 29.68 29.67 29.67 29.66 29.66 29.65 29.65 29.65 29.64 29.64 29.64 29.64 29.64 29.63 29.63 29.62 29.62 29.62 29.62
29.89 29.95 30.02 30.09 30.17 30.26 30.34 30.44 32.13 32.07 30.85 29.75 28.68 29.76 29.97 28.84 28.17 30.04 30.91 28.94 28.57 29.64 27.88 27.94 30.04 27.96 28.12 29.60 29.69 29.68 29.67 29.66 29.65 29.65 29.64 29.64 29.64 29.63 29.63 29.63 29.63 29.63 29.63 29.62 29.62 29.62 29.62 29.62 29.62 29.62
29.82 29.87 29.95 30.04 30.15 30.27 30.40 32.12 31.47 29.71 30.60 29.40 28.58 28.55 28.58 27.65 28.21 28.44 29.27 28.10 30.29 30.35 29.37 30.03 31.05 28.46 29.55 29.68 29.66 29.65 29.65 29.64 29.64 29.64 29.63 29.63 29.63 29.63 29.63 29.63 29.63 29.63 29.62 29.62 29.62 29.62 29.62 29.62 29.61 29.61
29.74 29.78 29.84 29.91 30.03 30.21 31.96 31.46 29.97 29.19 28.61 28.83 28.67 28.38 28.85 27.73 27.18 28.30 29.47 28.18 30.89 29.28 30.78 29.64 29.68 29.60 29.66 29.66 29.65 29.64 29.64 29.63 29.63 29.63 29.63 29.62 29.62 29.62 29.62 29.62 29.62 29.62 29.62 29.61 29.61 29.61 29.61 29.61 29.61 29.61
29.69 29.71 29.74 29.79 29.87 29.98 30.88 31.25 30.11 29.84 30.93 30.15 30.58 29.26 29.68 28.86 28.34 28.86 29.90 30.35 31.06 31.51 30.86 29.58 29.65 29.65 29.64 29.64 29.63 29.63 29.63 29.62 29.62 29.62 29.62 29.62 29.62 29.62 29.62 29.62 29.62 29.61 29.61 29.61 29.61 29.61 29.61 29.61 29.61 29.61
29.66 29.68 29.70 29.73 29.78 29.85 29.93 29.98 29.97 29.43 30.18 31.19 31.48 30.53 31.24 29.63 30.63 29.55 30.37 30.97 31.14 31.57 30.96 31.55 29.57 29.64 29.63 29.63 29.62 29.62 29.62 29.62 29.62 29.62 29.62 29.62 29.61 29.61 29.61 29.61 29.61 29.61 29.61 29.61 29.61 29.61 29.61 29.61 29.61 29.61
29.64 29.66 29.68 29.72 29.77 29.83 29.88 29.92 29.96 30.00 30.07 30.14 30.21 31.51 31.20 30.79 30.99 30.10 30.68 30.62 31.07 30.81 29.50 29.60 29.63 29.63 29.62 29.62 29.62 29.61 29.61 29.61 29.61 29.61 29.61 29.61 29.61 29.61 29.61 29.61 29.61 29.61 29.61 29.61 29.61 29.61 29.61 29.61 29.60 29.60
29.62 29.64 29.66 29.69 29.73 29.77 29.80 29.84 29.89 29.94 30.00 30.08 30.18 31.63 31.23 31.06 30.98 30.06 30.53 30.91 31.05 30.75 29.49 29.63 29.62 29.62 29.62 29.61 29.61 29.61 29.61 29.61 29.61 29.61 29.61 29.61 29.61 29.61 29.61 29.61 29.61 29.60 29.60 29.60 29.60 29.60 29.60 29.60 29.60 29.60
29.61 29.62 29.64 29.67 29.69 29.72 29.74 29.76 29.80 29.84 29.89 29.96 30.07 31.67 31.38 31.20 30.92 30.56 30.56 30.80 30.97 29.48 29.63 29.62 29.62 29.61 29.61 29.61 29.60 29.60 29.60 29.60 29.60 29.60 29.60 29.60 29.60 29.60 29.60 29.60 29.60 29.60 29.60 29.60 29.60 29.60 29.60 29.60 29.60 29.60
29.59 29.61 29.63 29.65 29.66 29.68 29.69 29.70 29.71 29.74 29.76 29.79 29.85 29.94 31.39 31.16 30.34 30.62 31.05 30.74 29.43 29.62 29.61 29.61 29.61 29.61 29.60 29.60 29.60 29.60 29.60 29.60 29.60 29.60 29.60 29.60 29.60 29.60 29.60 29.60 29.60 29.60 29.60 29.60 29.60 29.60 29.60 29.60 29.60 29.59
29.59 29.60 29.61 29.63 29.63 29.64 29.65 29.65 29.66 29.66 29.67 29.67 29.68 29.69 29.68 29.68 29.67 29.43 29.62 29.62 29.61 29.61 29.60 29.60 29.60 29.60 29.60 29.59 29.59 29.59 29.59 29.59 29.59 29.60 29.60 29.60 29.60 29.60 29.60 29.60 29.60 29.60 29.60 29.60 29.60 29.60 29.60 29.59 29.59 29.59
29.59 29.59 29.60 29.61 29.61 29.62 29.62 29.62 29.62 29.63 29.63 29.63 29.63 29.63 29.62 29.62 29.62 29.39 29.60 29.60 29.60 29.60 29.60 29.60 29.59 29.59 29.59 29.59 29.59 29.59 29.59 29.59 29.59 29.59 29.59 29.59 29.59 29.59 29.59 29.59 29.59 29.59 29.59 29.59 29.59 29.59 29.59 29.59 29.59 29.59
29.58 29.58 29.59 29.59 29.60 29.60 29.60 29.60 29.60 29.60 29.60 29.60 29.60 29.60 29.60 29.60 29.60 29.59 29.59 29.60 29.60 29.60 29.59 29.59 29.59 29.59 29.59 29.59 29.59 29.59 29.59 29.59 29.59 29.59 29.59 29.59 29.59 29.59 29.59 29.59 29.59 29.59 29.59 29.59 29.59 29.59 29.59 29.59 29.58 29.58
29.57 29.58 29.58 29.58 29.58 29.59 29.59 29.59 29.59 29.59 29.59 29.59 29.59 29.59 29.59 29.59 29.59 29.59 29.59 29.59 29.59 29.59 29.59 29.59 29.59 29.59 29.59 29.58 29.58 29.58 29.58 29.58 29.58 29.58 29.58 29.58 29.58 29.58 29.58 29.58 29.58 29.59 29.59 29.58 29.58 29.58 29.58 29.58 29.58 29.58
29.57 29.57 29.58 29.58 29.58 29.58 29.58 29.58 29.58 29.58 29.58 29.58 29.59 29.58 29.58 29.58 29.58 29.58 29.58 29.58 29.58 29.58 29.58 29.58 29.58 29.58 29.58 29.58 29.58 29.58 29.58 29.58 29.58 29.58 29.58 29.58 29.58 29.58 29.58 29.58 29.58 29.58 29.58 29.58 29.58 29.58 29.58 29.58 29.58 29.58
29.57 29.57 29.57 29.57 29.57 29.57 29.57 29.57 29.57 29.57 29.58 29.58 29.58 29.58 29.57 29.57 29.58 29.58 29.58 29.58 29.58 29.58 29.58 29.58 29.58 29.58 29.58 29.58 29.58 29.58 29.58 29.58 29.58 29.58 29.58 29.58 29.58 29.57 29.57 29.57 29.57 29.57 29.57 29.58 29.58 29.57 29.57 29.58 29.58 29.58
