Raw_GIS_Data/Climate_scenarios/ProcessedData/month_9_rainfall_rcp85.asc
NCOLS 50
NROWS 26
XLLCENTER 512998.000000
YLLCENTER 8407694.000000
CELLSIZE 800.000000
NODATA_value -999.000000
 4.15  4.09  3.99  3.90  3.81  3.73  3.70  3.73  3.76  3.75  3.72  3.70  3.72  3.80  3.88  3.93  3.99  4.06  4.10  4.12  4.09  4.01  3.95  3.97  4.05  4.15  4.28  4.41  4.54  4.65  4.71  4.74  4.76  4.80  4.88  4.99  5.06  5.04  4.99  4.95  4.93  4.94  4.96  5.02  5.10  5.19  5.25  5.28  5.26  5.23
 4.14  4.13  4.04  3.92  3.80  3.71  3.71  3.77  3.79  3.78  3.78  3.79  3.81  3.88  3.97  4.04  4.10  4.15  4.18  4.20  4.19  4.14  4.14  4.21  4.31  4.40  4.49  4.58  4.69  4.79  4.85  4.92  4.98  5.03  5.10  5.16  5.19  5.17  5.18  5.23  5.24  5.21  5.19  5.23  5.32  5.40  5.41  5.36  5.26  5.20
 4.13  4.08  3.99  3.87  3.78  3.74  3.77  3.82  3.82  3.81  3.80  3.81  3.85  3.94  4.05  4.15  4.23  4.31  4.38  4.43  4.48  4.52  4.59  4.68  4.76  4.85  4.92  4.96  5.02  5.08  5.13  5.21  5.29  5.33  5.33  5.32  5.29  5.28  5.36  5.48  5.51  5.43  5.34  5.36  5.44  5.47  5.45  5.39  5.31  5.28
 4.03  3.95  3.86  3.78  3.74  3.76  3.81  3.85  3.85  3.84  3.84  3.86  3.94  4.05  4.17  4.27  4.36  4.46  4.59  4.72  4.89  5.06  5.21  5.33  5.46  5.61  5.76  5.85  5.85  5.74  5.69  5.64  5.65  5.65  5.65  5.56  5.51  5.50  5.56  5.62  5.62  5.51  5.40  5.39  5.43  5.45  5.48  5.51  5.50  5.51
 3.94  3.86  3.79  3.73  3.71  3.75  3.82  3.86  3.88  3.89  3.90  3.96  4.06  4.19  4.31  4.41  4.51  4.65  4.83  5.05  5.34  5.63  5.86  6.04  6.26  6.58  6.88  7.05  7.00  6.83  6.67  6.39  6.20  6.17  6.09  5.94  5.92  5.91  5.87  5.80  5.72  5.60  5.52  5.46  5.44  5.46  5.54  5.62  5.68  5.72
 3.94  3.90  3.85  3.81  3.79  3.82  3.88  3.92  3.94  3.95  4.00  4.07  4.19  4.35  4.50  4.63  4.78  4.98  5.23  5.53  5.89  6.26  6.52  6.71  6.97  7.32  7.69  7.81  7.66  7.65  7.60  7.26  6.93  6.77  6.51  6.41  6.29  6.21  6.19  6.12  5.90  5.75  5.70  5.56  5.47  5.49  5.53  5.59  5.66  5.74
 4.00  4.00  4.00  4.00  3.99  4.00  4.04  4.06  4.07  4.11  4.19  4.30  4.43  4.58  4.74  4.91  5.12  5.39  5.72  6.09  6.48  6.84  7.07  7.23  7.34  7.42  7.58  7.55  7.40  7.59  7.81  7.83  7.58  7.20  6.82  6.54  6.21  6.14  6.25  6.29  6.05  5.85  5.74  5.57  5.50  5.50  5.48  5.47  5.50  5.55
 4.09  4.12  4.15  4.19  4.21  4.22  4.25  4.25  4.26  4.33  4.47  4.63  4.77  4.89  5.03  5.22  5.48  5.78  6.14  6.55  6.96  7.31  7.60  7.70  7.52  7.38  7.29  7.21  7.26  7.58  7.91  8.07  7.75  7.11  6.66  6.26  6.00  5.98  6.07  6.19  6.09  5.84  5.68  5.56  5.52  5.51  5.44  5.39  5.39  5.40
 4.18  4.22  4.25  4.30  4.38  4.44  4.45  4.46  4.50  4.63  4.84  5.07  5.24  5.36  5.49  5.69  5.97  6.31  6.70  7.14  7.63  8.10  8.47  8.60  8.31  7.99  7.54  7.23  7.15  7.31  7.44  7.30  6.92  6.66  6.34  6.10  5.94  5.87  5.98  6.10  6.00  5.81  5.67  5.56  5.53  5.54  5.52  5.46  5.44  5.42
 4.27  4.31  4.36  4.44  4.57  4.71  4.79  4.86  4.99  5.19  5.45  5.73  5.98  6.18  6.33  6.53  6.84  7.17  7.59  8.11  8.74  9.25  9.55  9.99  9.88  9.09  7.78  7.23  6.97  6.85  6.70  6.51  6.34  6.29  6.16  6.00  5.85  5.81  5.88  5.95  5.90  5.77  5.64  5.55  5.52  5.56  5.59  5.57  5.56  5.53
 4.40  4.46  4.55  4.68  4.87  5.11  5.38  5.63  5.88  6.18  6.57  6.96  7.29  7.57  7.83  8.12  8.34  8.45  8.78  9.25  9.62  9.97 10.30 10.54 10.38  9.66  7.88  7.17  6.80  6.51  6.29  6.15  6.08  6.05  6.00  5.87  5.78  5.73  5.73  5.71  5.67  5.60  5.53  5.48  5.45  5.46  5.51  5.57  5.62  5.63
 4.66  4.75  4.89  5.11  5.37  5.69  6.13  6.65  7.14  7.65  8.16  8.70  9.16  9.61 10.18 10.50 10.29  9.99  9.94  9.95  9.67  9.64  9.70  9.27  8.66  8.32  7.40  6.83  6.51  6.23  6.01  5.90  5.86  5.83  5.80  5.74  5.70  5.64  5.56  5.46  5.39  5.36  5.36  5.36  5.34  5.34  5.39  5.49  5.60  5.66
 5.17  5.35  5.55  5.83  6.15  6.52  7.06  7.78  8.54  9.13  9.60 10.27 10.95 11.65 12.39 12.67 12.00 11.08 10.48  9.95  9.05  8.75  8.54  8.08  7.63  7.36  6.87  6.49  6.22  5.97  5.77  5.65  5.62  5.60  5.55  5.52  5.53  5.53  5.46  5.36  5.25  5.19  5.20  5.22  5.21  5.22  5.27  5.38  5.50  5.58
 5.88  6.17  6.44  6.73  7.06  7.45  7.98  8.60  9.26  9.74 10.18 10.79 11.55 12.35 12.95 13.26 12.47 11.08 10.11  9.45  8.46  8.09  7.70  7.41  7.12  6.81  6.50  6.22  5.99  5.83  5.65  5.51  5.44  5.41  5.37  5.34  5.39  5.45  5.46  5.41  5.29  5.16  5.10  5.06  5.06  5.10  5.16  5.25  5.33  5.41
 6.49  6.81  7.09  7.34  7.63  7.98  8.29  8.59  8.97  9.23  9.57 10.13 10.78 11.40 11.74 11.87 11.36 10.29  9.19  8.43  7.82  7.49  7.23  7.05  6.81  6.56  6.33  6.11  5.94  5.82  5.65  5.46  5.35  5.30  5.30  5.31  5.36  5.42  5.46  5.47  5.38  5.21  5.05  4.95  4.92  4.97  5.03  5.10  5.18  5.26
 6.83  7.08  7.30  7.51  7.73  7.93  8.07  8.27  8.60  8.85  9.09  9.45  9.80 10.09 10.24 10.28  9.93  9.28  8.39  7.78  7.45  7.13  6.90  6.73  6.58  6.46  6.34  6.16  6.00  5.84  5.63  5.41  5.27  5.24  5.29  5.34  5.35  5.35  5.36  5.38  5.34  5.19  4.99  4.85  4.82  4.87  4.95  5.01  5.08  5.17
 6.84  7.07  7.33  7.56  7.69  7.74  7.83  8.06  8.39  8.61  8.75  8.88  9.01  9.14  9.18  9.12  8.84  8.39  7.79  7.47  7.18  6.83  6.57  6.43  6.37  6.35  6.28  6.09  5.89  5.68  5.47  5.28  5.20  5.20  5.27  5.30  5.26  5.19  5.16  5.19  5.19  5.09  4.92  4.81  4.79  4.85  4.96  5.03  5.07  5.12
 6.72  6.99  7.30  7.53  7.59  7.56  7.61  7.82  8.07  8.22  8.26  8.29  8.35  8.40  8.37  8.22  7.99  7.69  7.36  7.17  6.82  6.49  6.30  6.23  6.21  6.16  6.04  5.83  5.59  5.39  5.22  5.10  5.07  5.10  5.16  5.17  5.10  5.02  5.00  5.03  5.07  5.05  4.95  4.86  4.85  4.93  5.05  5.13  5.12  5.12
 6.74  7.02  7.25  7.39  7.41  7.35  7.36  7.49  7.62  7.67  7.66  7.67  7.68  7.65  7.58  7.45  7.30  7.11  6.98  6.82  6.47  6.20  6.09  6.07  6.01  5.89  5.75  5.55  5.35  5.18  5.05  4.96  4.93  4.94  4.97  4.99  4.95  4.91  4.91  4.96  5.05  5.09  5.03  4.94  4.94  5.02  5.12  5.16  5.15  5.14
 6.85  7.05  7.13  7.14  7.12  7.09  7.11  7.18  7.21  7.15  7.07  7.04  7.04  6.97  6.81  6.72  6.70  6.60  6.53  6.42  6.18  5.99  5.92  5.87  5.77  5.65  5.53  5.40  5.24  5.09  4.99  4.92  4.87  4.84  4.82  4.86  4.89  4.87  4.87  4.93  5.04  5.11  5.09  5.03  5.00  5.03  5.06  5.10  5.16  5.17
 6.81  6.91  6.91  6.85  6.80  6.79  6.83  6.86  6.78  6.61  6.48  6.46  6.47  6.36  6.16  6.06  6.07  6.08  6.05  5.99  5.87  5.78  5.74  5.67  5.58  5.50  5.44  5.35  5.25  5.09  4.95  4.88  4.85  4.79  4.75  4.82  4.89  4.88  4.86  4.90  4.99  5.08  5.10  5.08  5.03  4.96  4.95  5.04  5.15  5.20
 6.59  6.65  6.65  6.59  6.51  6.47  6.48  6.47  6.34  6.16  6.04  6.01  6.00  5.87  5.71  5.65  5.67  5.72  5.72  5.67  5.58  5.55  5.52  5.49  5.48  5.47  5.44  5.37  5.28  5.11  4.93  4.85  4.82  4.78  4.77  4.86  4.95  4.94  4.89  4.90  4.96  5.04  5.08  5.06  4.99  4.91  4.91  4.99  5.10  5.19
 6.35  6.39  6.40  6.36  6.28  6.19  6.14  6.12  6.06  5.95  5.83  5.76  5.70  5.58  5.49  5.45  5.50  5.60  5.64  5.56  5.44  5.37  5.33  5.34  5.41  5.46  5.46  5.42  5.32  5.14  4.98  4.89  4.85  4.82  4.86  4.98  5.06  5.03  4.98  4.98  5.01  5.04  5.06  5.04  5.00  4.96  4.96  5.01  5.08  5.16
 6.13  6.11  6.11  6.10  6.06  5.95  5.88  5.89  5.91  5.84  5.71  5.62  5.52  5.43  5.39  5.41  5.52  5.65  5.71  5.60  5.45  5.32  5.22  5.24  5.35  5.43  5.47  5.45  5.33  5.16  5.05  5.00  4.96  4.93  4.98  5.09  5.17  5.16  5.13  5.13  5.13  5.11  5.11  5.12  5.13  5.12  5.10  5.09  5.13  5.20
 5.86  5.81  5.81  5.82  5.81  5.77  5.76  5.79  5.77  5.68  5.56  5.47  5.40  5.33  5.31  5.37  5.52  5.69  5.76  5.64  5.46  5.31  5.19  5.18  5.26  5.34  5.40  5.38  5.25  5.11  5.07  5.08  5.07  5.05  5.09  5.19  5.27  5.30  5.31  5.33  5.31  5.25  5.23  5.27  5.30  5.28  5.22  5.16  5.17  5.20
 5.64  5.62  5.61  5.61  5.62  5.66  5.71  5.68  5.56  5.45  5.38  5.34  5.30  5.24  5.21  5.28  5.44  5.61  5.67  5.55  5.39  5.27  5.17  5.15  5.20  5.25  5.28  5.24  5.12  5.02  5.03  5.08  5.11  5.12  5.16  5.24  5.31  5.36  5.41  5.45  5.43  5.38  5.38  5.40  5.39  5.33  5.24  5.16  5.14  5.15
