Raw_GIS_Data/Climate_scenarios/ProcessedData/month_1_rainfall_rcp45.asc
NCOLS 50
NROWS 26
XLLCENTER 512998.000000
YLLCENTER 8407694.000000
CELLSIZE 800.000000
NODATA_value -999.000000
12.33 12.58 12.75 12.75 12.67 12.62 12.59 12.46 12.27 12.18 12.14 12.03 12.07 12.37 12.62 12.60 12.40 12.17 12.04 12.04 12.07 12.09 12.09 12.15 12.35 12.54 12.66 12.85 13.14 13.31 13.34 13.45 13.72 13.96 14.01 13.97 13.93 13.88 13.94 14.07 14.19 14.09 13.74 13.32 13.11 13.21 13.54 13.92 14.16 14.28
12.55 12.71 12.87 12.94 12.94 12.91 12.80 12.60 12.32 12.14 12.10 12.02 12.07 12.35 12.67 12.77 12.60 12.42 12.34 12.36 12.34 12.32 12.32 12.40 12.63 12.84 12.87 13.02 13.35 13.43 13.38 13.56 13.91 14.11 14.11 14.02 13.91 13.82 13.87 14.06 14.26 14.21 13.89 13.52 13.29 13.35 13.67 14.11 14.44 14.56
12.77 12.78 12.88 12.98 13.05 13.01 12.83 12.60 12.31 12.09 12.02 11.97 12.01 12.27 12.64 12.89 12.83 12.68 12.68 12.72 12.68 12.64 12.66 12.74 12.92 13.11 13.20 13.31 13.54 13.52 13.49 13.79 14.20 14.38 14.31 14.14 13.93 13.75 13.75 13.92 14.13 14.14 13.94 13.66 13.46 13.45 13.67 14.03 14.32 14.37
12.85 12.80 12.82 12.92 13.00 12.92 12.70 12.46 12.15 11.90 11.83 11.82 11.88 12.16 12.58 12.90 12.99 12.99 13.08 13.14 13.12 13.14 13.24 13.33 13.49 13.76 14.02 14.13 14.09 13.85 13.81 14.02 14.38 14.59 14.60 14.37 14.11 13.90 13.85 13.95 14.05 14.05 13.95 13.77 13.57 13.47 13.59 13.86 14.01 13.96
12.82 12.79 12.81 12.86 12.90 12.85 12.67 12.41 12.03 11.72 11.64 11.70 11.87 12.21 12.64 12.95 13.14 13.32 13.49 13.59 13.67 13.88 14.14 14.38 14.73 15.27 15.80 15.90 15.48 14.92 14.82 14.64 14.66 14.94 15.05 14.71 14.44 14.22 14.13 14.13 14.13 14.18 14.25 14.07 13.73 13.50 13.54 13.72 13.72 13.66
12.79 12.84 12.94 12.96 12.93 12.92 12.77 12.44 12.03 11.73 11.69 11.86 12.14 12.55 13.00 13.34 13.59 13.88 14.14 14.30 14.53 14.92 15.40 15.89 16.59 17.42 18.09 17.96 17.01 16.25 16.18 15.88 15.46 15.49 15.29 15.15 14.93 14.59 14.51 14.56 14.47 14.51 14.65 14.35 13.84 13.53 13.49 13.57 13.57 13.60
12.86 12.95 13.14 13.22 13.15 13.09 12.89 12.49 12.12 11.94 12.01 12.28 12.62 13.00 13.43 13.83 14.14 14.46 14.74 14.92 15.19 15.68 16.29 16.91 17.50 17.95 18.18 17.69 16.57 16.04 16.20 16.47 16.34 16.11 15.66 15.47 14.94 14.52 14.56 14.78 14.63 14.51 14.49 14.07 13.58 13.36 13.36 13.40 13.47 13.59
12.97 13.05 13.26 13.43 13.41 13.29 13.01 12.58 12.31 12.27 12.42 12.74 13.09 13.41 13.77 14.14 14.41 14.66 14.88 15.05 15.27 15.69 16.32 16.79 16.87 16.66 16.51 16.25 15.87 15.82 16.23 16.95 16.96 16.21 15.55 14.99 14.40 14.12 14.15 14.32 14.28 14.03 13.81 13.47 13.21 13.15 13.18 13.24 13.41 13.66
13.02 13.15 13.35 13.60 13.70 13.57 13.24 12.86 12.66 12.70 12.89 13.20 13.58 13.87 14.13 14.39 14.58 14.75 14.98 15.15 15.32 15.66 16.20 16.72 16.62 16.40 16.28 16.18 15.96 15.83 15.92 16.11 15.75 15.12 14.51 14.07 13.81 13.73 13.78 13.79 13.72 13.50 13.24 13.02 13.01 13.13 13.23 13.29 13.48 13.79
13.20 13.36 13.53 13.80 14.00 13.95 13.64 13.33 13.21 13.33 13.58 13.92 14.32 14.62 14.78 14.96 15.17 15.33 15.56 15.78 16.05 16.51 16.83 17.68 18.11 17.88 17.00 16.54 15.91 15.27 14.82 14.57 14.19 13.88 13.49 13.29 13.24 13.28 13.39 13.46 13.38 13.19 12.92 12.81 12.92 13.18 13.44 13.52 13.63 13.84
13.65 13.77 13.83 14.04 14.28 14.34 14.13 13.88 13.95 14.32 14.83 15.39 15.87 16.11 16.25 16.57 16.87 16.80 16.93 17.22 17.38 18.00 18.82 19.79 20.01 19.74 17.80 16.58 15.43 14.42 13.75 13.39 13.23 13.08 12.88 12.72 12.69 12.78 12.99 13.17 13.18 12.97 12.75 12.77 12.93 13.20 13.55 13.69 13.69 13.72
14.16 14.28 14.32 14.51 14.77 14.90 14.86 14.79 15.14 16.00 16.97 17.92 18.55 18.81 19.17 19.74 19.95 19.48 19.15 19.18 18.89 19.16 19.85 19.74 18.95 18.57 17.18 15.78 14.59 13.61 12.90 12.55 12.53 12.57 12.50 12.43 12.42 12.49 12.68 12.86 12.93 12.84 12.78 12.90 13.14 13.39 13.64 13.74 13.65 13.57
14.45 14.67 14.85 15.21 15.61 15.91 16.13 16.45 17.28 18.48 19.61 20.64 21.37 21.88 22.58 23.26 23.14 22.30 21.39 20.55 19.18 18.65 18.36 17.62 16.90 16.53 15.61 14.59 13.66 12.83 12.25 12.03 12.08 12.21 12.32 12.40 12.47 12.49 12.50 12.57 12.67 12.78 12.91 13.10 13.35 13.59 13.75 13.75 13.61 13.52
14.54 14.91 15.27 15.87 16.58 17.23 17.85 18.66 19.77 20.90 21.76 22.39 22.92 23.62 24.44 25.35 24.94 23.34 21.70 20.15 18.21 17.19 16.25 15.53 15.04 14.71 14.15 13.47 12.78 12.23 11.90 11.79 11.81 11.96 12.20 12.43 12.61 12.58 12.41 12.32 12.40 12.61 12.85 13.08 13.32 13.56 13.70 13.65 13.53 13.51
14.89 15.31 15.79 16.47 17.22 17.93 18.65 19.54 20.61 21.28 21.56 21.86 22.30 22.98 23.67 24.41 23.90 22.11 20.03 18.27 16.61 15.55 14.74 14.16 13.68 13.39 13.13 12.71 12.22 11.88 11.70 11.67 11.66 11.72 11.93 12.30 12.60 12.59 12.33 12.10 12.13 12.34 12.59 12.86 13.18 13.43 13.54 13.47 13.42 13.49
15.52 15.84 16.27 16.69 17.00 17.27 17.81 18.61 19.53 20.01 20.04 20.21 20.46 20.91 21.37 21.70 21.12 19.85 18.15 16.78 15.59 14.55 13.81 13.25 12.83 12.63 12.55 12.35 12.07 11.78 11.61 11.59 11.54 11.48 11.64 12.08 12.47 12.53 12.29 12.01 11.97 12.13 12.35 12.66 13.10 13.42 13.48 13.45 13.44 13.44
16.06 16.14 16.27 16.35 16.35 16.48 17.00 17.76 18.41 18.72 18.66 18.62 18.76 19.14 19.41 19.27 18.50 17.64 16.57 15.77 15.00 14.09 13.30 12.74 12.36 12.23 12.24 12.15 11.97 11.73 11.52 11.49 11.46 11.41 11.55 11.89 12.22 12.30 12.16 11.95 11.89 12.00 12.19 12.52 13.00 13.38 13.52 13.57 13.57 13.44
16.12 16.05 16.00 16.07 16.24 16.55 17.07 17.56 17.76 17.70 17.53 17.45 17.59 17.82 17.86 17.42 16.77 16.16 15.42 14.89 14.34 13.67 13.06 12.54 12.14 11.98 11.98 11.87 11.67 11.49 11.38 11.37 11.43 11.47 11.51 11.61 11.76 11.84 11.88 11.86 11.86 11.95 12.10 12.41 12.83 13.21 13.48 13.65 13.65 13.48
15.84 15.87 15.91 16.15 16.48 16.79 17.05 17.13 16.98 16.82 16.74 16.72 16.70 16.65 16.48 16.13 15.76 15.25 14.64 14.13 13.61 13.16 12.78 12.39 12.04 11.84 11.73 11.52 11.30 11.21 11.24 11.30 11.38 11.40 11.29 11.21 11.25 11.40 11.64 11.80 11.88 11.96 12.07 12.30 12.62 12.97 13.35 13.63 13.67 13.53
15.54 15.66 15.84 16.15 16.37 16.41 16.36 16.20 16.02 16.00 16.07 16.06 15.95 15.81 15.55 15.31 15.05 14.50 13.88 13.35 12.86 12.55 12.32 12.06 11.85 11.71 11.54 11.29 11.07 11.04 11.12 11.17 11.17 11.16 11.03 10.90 10.93 11.14 11.43 11.67 11.77 11.82 11.91 12.09 12.36 12.75 13.19 13.50 13.56 13.47
15.14 15.21 15.43 15.72 15.81 15.62 15.35 15.09 14.97 15.04 15.21 15.33 15.37 15.30 14.96 14.56 14.19 13.69 13.08 12.52 12.18 12.04 11.90 11.68 11.52 11.48 11.33 11.06 10.88 10.88 10.97 10.96 10.93 10.96 10.90 10.80 10.84 10.96 11.15 11.33 11.41 11.47 11.59 11.81 12.13 12.57 13.01 13.24 13.24 13.23
14.55 14.59 14.85 15.13 15.14 14.82 14.43 14.16 14.07 14.22 14.56 14.85 15.01 14.90 14.48 13.98 13.52 12.97 12.31 11.83 11.72 11.79 11.74 11.55 11.41 11.33 11.08 10.74 10.57 10.63 10.76 10.79 10.81 10.90 10.88 10.78 10.74 10.76 10.82 10.89 10.96 11.07 11.24 11.52 11.93 12.39 12.74 12.84 12.78 12.82
13.95 14.12 14.44 14.66 14.58 14.23 13.84 13.61 13.59 13.86 14.28 14.55 14.60 14.36 13.95 13.57 13.05 12.34 11.67 11.34 11.39 11.57 11.62 11.57 11.55 11.46 11.09 10.58 10.30 10.33 10.49 10.64 10.77 10.91 10.89 10.73 10.58 10.51 10.50 10.53 10.61 10.76 10.97 11.28 11.67 12.05 12.28 12.35 12.34 12.38
13.45 13.77 14.11 14.28 14.19 13.86 13.52 13.38 13.47 13.77 14.08 14.23 14.15 13.80 13.46 13.22 12.63 11.80 11.20 10.98 11.02 11.18 11.31 11.39 11.52 11.55 11.23 10.67 10.23 10.12 10.22 10.43 10.66 10.85 10.88 10.71 10.48 10.33 10.30 10.37 10.47 10.63 10.85 11.12 11.36 11.54 11.68 11.80 11.90 11.97
12.95 13.35 13.77 14.02 13.96 13.63 13.32 13.31 13.45 13.63 13.83 14.04 13.98 13.57 13.19 12.85 12.20 11.39 10.87 10.70 10.68 10.76 10.88 11.05 11.27 11.37 11.19 10.75 10.29 10.10 10.16 10.33 10.52 10.68 10.71 10.61 10.46 10.37 10.36 10.43 10.54 10.68 10.83 10.95 11.01 11.04 11.12 11.26 11.41 11.52
12.52 13.03 13.54 13.82 13.77 13.47 13.27 13.32 13.38 13.45 13.71 14.10 14.10 13.63 13.11 12.55 11.83 11.14 10.74 10.60 10.55 10.56 10.62 10.78 11.01 11.12 11.00 10.71 10.40 10.23 10.25 10.37 10.51 10.57 10.51 10.48 10.51 10.57 10.64 10.70 10.75 10.80 10.83 10.80 10.72 10.68 10.71 10.78 10.93 11.09
