Raw_GIS_Data/Climate_scenarios/ProcessedData/month_12_rainfall_rcp85.asc
NCOLS 50
NROWS 26
XLLCENTER 512998.000000
YLLCENTER 8407694.000000
CELLSIZE 800.000000
NODATA_value -999.000000
 7.72  7.68  7.63  7.62  7.71  7.76  7.67  7.67  7.85  8.05  8.21  8.33  8.44  8.55  8.72  8.93  9.11  9.25  9.42  9.68  9.84  9.76  9.53  9.34  9.32  9.43  9.55  9.62  9.64  9.69  9.80  9.97 10.18 10.35 10.32 10.10  9.93  9.78  9.53  9.28  9.12  9.06  9.11  9.21  9.23  9.25  9.26  9.15  9.00  8.90
 7.71  7.74  7.76  7.77  7.80  7.79  7.71  7.79  7.98  8.09  8.17  8.31  8.44  8.58  8.73  8.95  9.17  9.32  9.48  9.66  9.72  9.63  9.47  9.36  9.37  9.43  9.47  9.50  9.56  9.67  9.76  9.89 10.05 10.22 10.29 10.16  9.99  9.85  9.61  9.39  9.27  9.23  9.24  9.23  9.19  9.24  9.26  9.13  8.92  8.80
 7.77  7.81  7.88  7.97  8.00  7.92  7.84  7.92  8.01  8.01  8.07  8.26  8.43  8.58  8.72  8.89  9.13  9.31  9.44  9.57  9.58  9.45  9.34  9.36  9.45  9.51  9.51  9.53  9.67  9.79  9.84  9.82  9.81  9.91 10.09 10.15 10.06  9.94  9.77  9.59  9.46  9.40  9.38  9.32  9.26  9.30  9.33  9.21  9.04  8.97
 7.86  7.90  8.04  8.16  8.18  8.07  7.94  7.90  7.90  7.91  8.03  8.25  8.46  8.64  8.72  8.83  9.02  9.24  9.47  9.69  9.76  9.68  9.66  9.81 10.01 10.10 10.07 10.17 10.35 10.32 10.20  9.96  9.80  9.84 10.08 10.17 10.13 10.08 10.01  9.80  9.57  9.50  9.54  9.54  9.51  9.53  9.52  9.38  9.27  9.29
 7.96  8.05  8.23  8.32  8.26  8.12  7.96  7.86  7.86  7.96  8.16  8.39  8.60  8.76  8.83  8.92  9.10  9.38  9.77 10.17 10.43 10.56 10.73 10.96 11.22 11.41 11.54 11.70 11.64 11.34 11.11 10.66 10.40 10.55 10.75 10.59 10.45 10.40 10.34 10.08  9.76  9.70  9.86  9.91  9.88  9.86  9.80  9.62  9.51  9.54
 8.10  8.23  8.39  8.44  8.34  8.16  8.03  8.01  8.11  8.28  8.48  8.67  8.83  8.97  9.11  9.28  9.50  9.80 10.27 10.81 11.24 11.57 11.89 12.20 12.57 12.96 13.34 13.38 12.86 12.50 12.42 11.95 11.56 11.66 11.63 11.53 11.22 10.90 10.74 10.52 10.17 10.06 10.23 10.25 10.18 10.14 10.06  9.86  9.67  9.61
 8.24  8.39  8.50  8.50  8.44  8.31  8.19  8.25  8.45  8.68  8.85  8.97  9.09  9.26  9.48  9.75 10.02 10.29 10.68 11.17 11.53 11.80 12.11 12.52 12.97 13.29 13.61 13.31 12.51 12.36 12.59 12.77 12.74 12.69 12.41 12.12 11.44 10.97 10.90 10.88 10.58 10.36 10.34 10.25 10.21 10.22 10.13  9.86  9.62  9.51
 8.31  8.43  8.50  8.49  8.51  8.49  8.39  8.42  8.67  8.97  9.18  9.31  9.45  9.63  9.88 10.17 10.43 10.66 10.94 11.25 11.40 11.57 11.98 12.47 12.69 12.72 12.68 12.27 11.75 11.76 12.25 12.99 13.23 12.82 12.34 11.73 11.08 10.73 10.67 10.80 10.73 10.42 10.16 10.00  9.99 10.01  9.87  9.56  9.34  9.25
 8.32  8.39  8.42  8.43  8.52  8.64  8.70  8.71  8.87  9.19  9.46  9.66  9.84 10.01 10.20 10.46 10.73 11.01 11.28 11.48 11.64 11.93 12.49 13.06 13.05 12.88 12.47 11.90 11.34 11.22 11.54 11.93 11.95 11.85 11.58 11.27 11.00 10.82 10.69 10.59 10.47 10.24  9.98  9.82  9.79  9.78  9.61  9.26  9.03  8.95
 8.50  8.57  8.59  8.57  8.62  8.81  9.05  9.16  9.21  9.41  9.72 10.04 10.30 10.50 10.69 10.98 11.31 11.58 11.86 12.11 12.52 12.98 13.34 14.20 14.48 13.86 12.48 11.75 11.18 10.92 10.93 10.98 10.91 11.00 10.97 10.94 10.99 10.98 10.74 10.37 10.09  9.94  9.83  9.77  9.77  9.74  9.55  9.21  8.97  8.88
 8.99  9.05  9.08  9.05  9.01  9.16  9.55  9.86  9.99 10.12 10.52 11.07 11.55 11.83 12.03 12.43 12.73 12.68 12.87 13.30 13.66 14.05 14.40 15.00 15.23 14.74 12.62 11.70 11.18 10.89 10.78 10.68 10.60 10.62 10.57 10.57 10.74 10.84 10.63 10.20  9.83  9.69  9.71  9.73  9.72  9.68  9.52  9.27  9.12  9.04
 9.53  9.58  9.65  9.71  9.73  9.93 10.42 11.05 11.57 12.01 12.55 13.31 14.01 14.37 14.74 15.21 15.22 14.71 14.63 14.92 14.67 14.46 14.35 13.94 13.43 13.23 12.14 11.41 11.07 10.88 10.71 10.54 10.41 10.33 10.24 10.22 10.32 10.41 10.32 10.01  9.70  9.58  9.59  9.58  9.56  9.52  9.39  9.28  9.28  9.29
 9.99 10.04 10.20 10.40 10.60 10.96 11.65 12.65 13.78 14.63 15.27 16.16 16.98 17.50 18.07 18.61 18.31 17.41 16.66 15.96 14.64 13.87 13.39 12.77 12.21 11.94 11.36 10.95 10.74 10.56 10.38 10.22 10.12 10.03  9.95  9.90  9.93 10.00  9.99  9.81  9.63  9.58  9.53  9.45  9.40  9.36  9.27  9.25  9.36  9.46
10.63 10.63 10.80 11.07 11.37 11.90 12.83 14.14 15.56 16.61 17.40 18.28 19.12 19.70 20.16 20.76 20.24 18.58 16.91 15.73 14.26 13.48 12.73 12.10 11.61 11.28 10.91 10.59 10.32 10.11  9.90  9.74  9.69  9.69  9.68  9.69  9.75  9.83  9.83  9.71  9.62  9.59  9.54  9.43  9.34  9.28  9.26  9.29  9.36  9.44
11.27 11.25 11.36 11.59 11.91 12.51 13.48 14.74 15.97 16.68 17.23 18.08 18.95 19.58 19.67 19.74 19.10 17.51 15.73 14.60 13.69 13.13 12.44 11.74 11.28 11.03 10.76 10.39 10.04  9.78  9.51  9.30  9.25  9.32  9.42  9.53  9.66  9.76  9.78  9.73  9.64  9.56  9.49  9.38  9.27  9.22  9.29  9.40  9.39  9.32
11.49 11.39 11.43 11.65 12.03 12.57 13.35 14.26 15.14 15.60 15.87 16.46 17.14 17.70 17.67 17.34 16.73 15.99 14.78 13.74 13.15 12.72 12.11 11.45 11.05 10.79 10.51 10.18  9.85  9.57  9.27  9.04  8.99  9.08  9.25  9.43  9.60  9.73  9.79  9.73  9.59  9.41  9.27  9.17  9.11  9.15  9.33  9.52  9.53  9.38
11.38 11.21 11.23 11.54 12.00 12.42 12.84 13.42 14.01 14.39 14.58 14.89 15.32 15.86 16.02 15.70 15.13 14.68 13.91 13.23 12.78 12.38 11.86 11.31 10.88 10.47 10.13  9.90  9.71  9.50  9.24  9.06  9.03  9.12  9.31  9.53  9.67  9.79  9.83  9.72  9.48  9.23  9.05  8.95  8.95  9.08  9.34  9.58  9.68  9.57
11.20 11.22 11.41 11.76 12.10 12.23 12.30 12.56 12.97 13.32 13.56 13.88 14.37 14.87 15.01 14.66 14.15 13.69 13.15 12.77 12.42 12.05 11.67 11.24 10.76 10.27  9.88  9.67  9.57  9.47  9.36  9.26  9.23  9.33  9.53  9.73  9.82  9.88  9.90  9.75  9.45  9.19  9.04  8.97  8.96  9.10  9.43  9.71  9.82  9.72
11.27 11.58 11.87 12.10 12.12 11.95 11.82 11.93 12.28 12.69 13.10 13.56 14.02 14.15 13.93 13.66 13.46 13.07 12.63 12.28 11.89 11.56 11.31 11.04 10.64 10.19  9.82  9.57  9.43  9.40  9.42  9.40  9.35  9.43  9.60  9.77  9.83  9.85  9.86  9.72  9.46  9.26  9.20  9.17  9.15  9.26  9.58  9.89  9.98  9.86
11.49 11.82 12.11 12.20 11.99 11.79 11.76 11.93 12.33 12.82 13.24 13.53 13.47 13.01 12.59 12.67 12.80 12.40 12.01 11.71 11.36 11.02 10.75 10.58 10.37 10.09  9.81  9.57  9.40  9.32  9.33  9.36  9.35  9.36  9.45  9.58  9.62  9.60  9.60  9.55  9.42  9.31  9.30  9.30  9.31  9.40  9.63  9.88  9.99  9.93
11.59 11.81 12.01 12.01 11.83 11.82 11.98 12.27 12.70 13.06 13.18 12.96 12.35 11.61 11.38 11.69 11.85 11.48 11.07 10.91 10.84 10.65 10.30 10.08 10.01  9.96  9.86  9.64  9.39  9.20  9.11  9.16  9.22  9.20  9.20  9.24  9.26  9.23  9.23  9.26  9.28  9.26  9.24  9.26  9.30  9.38  9.51  9.67  9.81  9.88
11.57 11.58 11.60 11.53 11.48 11.66 11.96 12.32 12.63 12.67 12.28 11.68 11.02 10.58 10.57 10.77 10.81 10.50 10.15 10.07 10.16 10.15  9.98  9.81  9.73  9.75  9.74  9.58  9.34  9.15  9.02  8.98  9.01  8.98  8.91  8.89  8.89  8.89  8.91  9.01  9.16  9.22  9.20  9.21  9.23  9.27  9.35  9.48  9.60  9.72
11.42 11.26 11.06 10.94 11.04 11.34 11.64 11.89 11.97 11.65 11.02 10.44 10.11 10.01  9.97  9.96  9.91  9.71  9.53  9.47  9.48  9.52  9.55  9.58  9.54  9.46  9.40  9.31  9.23  9.18  9.07  8.92  8.83  8.76  8.69  8.67  8.66  8.66  8.73  8.90  9.11  9.21  9.21  9.20  9.15  9.13  9.22  9.34  9.41  9.46
11.21 10.97 10.66 10.57 10.77 11.02 11.17 11.24 11.04 10.59 10.15  9.90  9.79  9.66  9.53  9.44  9.33  9.27  9.29  9.23  9.11  9.10  9.15  9.26  9.32  9.22  9.08  9.03  9.06  9.12  9.09  8.94  8.82  8.78  8.74  8.70  8.64  8.60  8.66  8.84  9.04  9.15  9.19  9.17  9.08  9.00  9.04  9.13  9.16  9.21
10.86 10.72 10.54 10.49 10.59 10.72 10.75 10.63 10.25  9.93  9.87  9.85  9.68  9.42  9.27  9.15  9.08  9.16  9.30  9.24  9.09  9.04  8.99  9.00  9.08  9.05  8.93  8.86  8.90  9.00  9.05  8.98  8.90  8.87  8.86  8.81  8.71  8.63  8.62  8.74  8.89  9.01  9.09  9.12  9.05  8.93  8.86  8.86  8.93  9.05
10.49 10.49 10.52 10.55 10.56 10.57 10.54 10.27  9.91  9.80  9.83  9.76  9.51  9.25  9.08  8.97  8.94  9.07  9.20  9.22  9.23  9.24  9.09  8.94  8.90  8.89  8.81  8.67  8.61  8.69  8.79  8.81  8.77  8.73  8.73  8.74  8.73  8.68  8.63  8.66  8.78  8.91  9.02  9.10  9.07  8.94  8.78  8.72  8.83  9.02
