Raw_GIS_Data/Climate_scenarios/ProcessedData/month_6_minTemp_rcp85.asc
NCOLS 50
NROWS 26
XLLCENTER 512998.000000
YLLCENTER 8407694.000000
CELLSIZE 800.000000
NODATA_value -999.000000
28.95 28.95 28.95 28.95 28.94 28.94 28.94 28.93 28.93 28.92 28.92 28.92 28.91 28.91 28.90 28.90 28.90 28.89 28.89 28.88 28.88 28.88 28.87 28.87 28.87 28.87 28.88 28.88 28.88 28.89 28.90 28.90 28.91 28.91 28.92 28.93 28.93 28.94 28.94 28.94 28.94 28.94 28.94 28.95 28.95 28.95 28.96 28.96 28.96 28.96
28.94 28.94 28.94 28.93 28.93 28.93 28.93 28.92 28.92 28.91 28.91 28.91 28.90 28.90 28.89 28.88 28.88 28.88 28.87 28.86 28.86 28.86 28.85 28.85 28.85 28.84 28.84 28.84 28.84 28.84 28.86 28.87 28.88 28.89 28.90 28.91 28.92 28.92 28.93 28.93 28.93 28.93 28.94 28.95 28.95 28.96 28.96 28.96 28.96 28.96
28.93 28.93 28.92 28.92 28.92 28.92 28.91 28.91 28.91 28.90 28.90 28.89 28.89 28.88 28.88 28.87 28.87 28.86 28.85 28.85 28.84 28.84 28.83 28.82 28.82 28.81 28.80 28.80 28.80 28.79 28.79 28.82 28.85 28.85 28.86 28.88 28.89 28.90 28.90 28.91 28.91 28.92 28.93 28.94 28.95 28.95 28.96 28.96 28.96 28.96
28.92 28.92 28.91 28.91 28.91 28.91 28.90 28.90 28.89 28.89 28.88 28.88 28.87 28.87 28.86 28.86 28.85 28.84 28.83 28.82 28.82 28.81 28.81 28.81 28.80 28.79 28.78 27.90 27.26 28.74 28.76 28.73 28.79 28.82 28.82 28.80 28.85 28.87 28.87 28.87 28.88 28.88 28.14 28.22 28.91 28.95 28.96 28.96 28.96 28.96
28.91 28.91 28.90 28.90 28.90 28.89 28.89 28.88 28.88 28.87 28.87 28.86 28.85 28.85 28.84 28.83 28.83 28.82 28.81 28.80 28.79 28.79 28.79 28.79 28.79 27.94 27.56 27.16 26.69 27.47 26.21 28.50 27.39 27.42 26.15 28.59 27.76 28.85 28.85 28.84 28.84 28.02 27.69 27.62 28.89 28.95 28.96 28.96 28.96 28.96
28.89 28.89 28.88 28.87 28.87 28.87 28.87 28.86 28.85 28.85 28.84 28.84 28.83 28.82 28.82 28.81 28.81 28.80 28.79 28.77 28.76 28.76 28.75 28.75 27.88 26.72 26.10 25.47 25.58 25.65 25.26 25.22 27.26 26.06 27.49 26.52 26.41 26.84 26.92 26.86 27.04 27.87 26.84 26.90 28.53 28.94 28.96 28.96 28.96 28.96
28.88 28.87 28.86 28.85 28.85 28.84 28.84 28.83 28.83 28.82 28.82 28.81 28.80 28.79 28.79 28.78 28.78 28.78 28.77 28.75 28.74 28.73 28.71 27.88 26.35 26.44 25.82 25.49 28.30 26.74 26.93 26.74 26.84 26.04 26.19 25.67 26.72 27.48 27.33 26.23 27.09 27.58 27.05 27.44 28.85 28.94 28.95 28.96 28.96 28.96
28.86 28.85 28.84 28.83 28.83 28.82 28.81 28.81 28.80 28.79 28.78 28.77 28.76 28.75 28.75 28.74 28.74 28.75 28.75 28.75 28.74 28.71 27.80 26.88 26.40 27.50 28.73 28.75 28.76 28.74 27.67 26.26 25.15 26.06 25.81 27.91 28.81 28.86 28.17 28.10 26.72 28.77 28.67 28.93 28.94 28.95 28.95 28.96 28.96 28.96
28.84 28.83 28.82 28.81 28.80 28.79 28.78 28.77 28.76 28.75 28.74 28.72 28.71 28.71 28.70 28.69 28.68 28.71 28.73 28.74 28.76 28.74 27.71 26.04 27.19 26.93 26.83 27.02 28.83 28.84 28.04 26.47 27.69 26.64 28.79 28.80 28.88 28.91 28.93 28.02 28.91 28.93 28.94 28.94 28.42 28.39 28.68 28.95 28.95 28.96
28.83 28.81 28.79 28.78 28.76 28.75 28.74 28.73 28.73 28.73 28.72 28.71 28.69 28.68 28.67 28.67 28.64 28.63 28.69 27.48 27.34 25.88 27.59 27.12 25.97 25.03 26.50 27.11 28.48 28.87 28.88 28.56 28.71 28.87 28.88 28.90 28.90 28.91 28.93 28.93 28.93 28.93 28.94 28.94 28.96 28.93 28.44 28.95 28.95 28.95
28.81 28.79 28.77 28.75 28.72 28.70 28.69 28.68 28.69 28.70 27.71 26.93 26.76 26.74 27.21 27.13 26.24 27.14 27.25 26.42 26.62 25.84 26.50 25.02 25.40 24.23 25.54 26.67 28.16 28.87 28.89 28.90 28.90 28.90 28.91 28.91 28.92 28.92 28.93 28.93 28.94 28.94 28.94 28.95 28.96 28.95 28.95 28.95 28.95 28.95
28.80 28.78 28.76 28.73 28.70 28.67 28.65 28.64 27.66 27.64 26.80 26.13 25.34 26.05 26.26 25.69 25.16 26.27 26.81 25.66 25.45 26.21 25.20 25.26 26.79 25.67 27.21 28.72 28.87 28.89 28.90 28.91 28.92 28.92 28.91 28.91 28.92 28.93 28.93 28.93 28.93 28.94 28.95 28.96 28.96 28.95 28.95 28.95 28.95 28.95
28.80 28.78 28.76 28.73 28.69 28.65 28.63 27.65 27.23 26.12 26.74 25.89 25.38 25.29 25.40 24.84 25.19 25.33 25.99 25.27 26.65 26.84 26.30 26.76 27.76 27.61 28.72 28.86 28.88 28.89 28.90 28.91 28.92 28.92 28.92 28.92 28.92 28.93 28.93 28.93 28.94 28.94 28.95 28.95 28.96 28.95 28.95 28.95 28.95 28.95
28.81 28.79 28.77 28.74 28.70 28.66 27.75 27.30 26.23 25.68 25.30 25.45 25.40 25.20 25.54 24.93 24.64 25.25 26.12 25.43 27.18 26.39 27.43 28.79 28.87 28.82 28.87 28.88 28.89 28.90 28.91 28.91 28.91 28.91 28.92 28.92 28.93 28.93 28.94 28.94 28.94 28.95 28.95 28.95 28.95 28.95 28.95 28.95 28.95 28.95
28.82 28.81 28.79 28.77 28.75 28.68 27.16 27.31 26.41 26.12 26.76 26.26 26.66 25.89 26.17 25.68 25.35 25.67 26.37 26.77 27.43 28.58 27.58 28.79 28.89 28.90 28.89 28.89 28.90 28.90 28.91 28.91 28.91 28.91 28.91 28.92 28.92 28.93 28.94 28.94 28.95 28.95 28.95 28.95 28.95 28.95 28.95 28.95 28.95 28.95
28.83 28.82 28.81 28.80 28.78 28.76 28.73 28.70 28.60 27.90 28.53 27.11 27.38 26.76 27.31 26.29 26.89 26.25 26.78 27.25 27.56 28.65 27.67 28.89 28.85 28.90 28.90 28.90 28.91 28.91 28.91 28.91 28.91 28.91 28.91 28.91 28.92 28.92 28.93 28.94 28.95 28.95 28.95 28.95 28.95 28.95 28.95 28.95 28.95 28.95
28.84 28.84 28.83 28.82 28.81 28.80 28.78 28.75 28.72 28.69 28.67 28.62 28.59 27.52 27.39 27.11 27.24 26.69 27.11 27.03 27.63 27.65 28.75 28.85 28.91 28.91 28.91 28.91 28.92 28.91 28.91 28.90 28.91 28.91 28.91 28.92 28.92 28.92 28.93 28.94 28.94 28.95 28.95 28.94 28.95 28.95 28.95 28.95 28.94 28.94
28.85 28.85 28.85 28.84 28.83 28.82 28.81 28.80 28.78 28.76 28.73 28.69 28.64 27.76 27.52 27.37 27.32 26.75 27.09 27.41 27.70 27.71 28.77 28.91 28.91 28.91 28.92 28.92 28.92 28.91 28.91 28.91 28.91 28.91 28.92 28.92 28.92 28.92 28.93 28.94 28.94 28.95 28.95 28.95 28.95 28.95 28.95 28.95 28.95 28.94
28.86 28.86 28.86 28.85 28.84 28.83 28.83 28.82 28.81 28.80 28.78 28.75 28.70 27.95 27.75 27.61 27.39 27.16 27.21 27.50 27.82 28.75 28.91 28.91 28.91 28.91 28.92 28.93 28.92 28.91 28.91 28.91 28.91 28.91 28.91 28.91 28.92 28.92 28.93 28.94 28.94 28.95 28.94 28.94 28.94 28.94 28.95 28.95 28.95 28.95
28.86 28.86 28.86 28.86 28.86 28.85 28.85 28.85 28.84 28.82 28.81 28.80 28.79 28.77 27.96 27.83 27.18 27.37 27.73 27.70 28.71 28.90 28.91 28.92 28.92 28.92 28.93 28.93 28.93 28.92 28.91 28.91 28.91 28.91 28.91 28.92 28.92 28.93 28.94 28.94 28.94 28.94 28.94 28.94 28.93 28.94 28.95 28.95 28.95 28.96
28.87 28.86 28.87 28.87 28.87 28.87 28.86 28.86 28.85 28.85 28.84 28.84 28.83 28.82 28.83 28.84 28.85 28.63 28.86 28.89 28.90 28.91 28.92 28.92 28.93 28.93 28.93 28.93 28.93 28.93 28.92 28.92 28.91 28.91 28.91 28.92 28.92 28.93 28.94 28.94 28.94 28.94 28.94 28.94 28.94 28.95 28.95 28.95 28.96 28.96
28.87 28.87 28.88 28.88 28.88 28.88 28.87 28.87 28.87 28.87 28.86 28.86 28.86 28.86 28.85 28.86 28.87 28.65 28.89 28.90 28.91 28.92 28.92 28.93 28.93 28.93 28.93 28.93 28.93 28.93 28.92 28.92 28.92 28.91 28.91 28.92 28.92 28.92 28.93 28.93 28.94 28.94 28.95 28.94 28.95 28.95 28.95 28.95 28.96 28.96
28.88 28.89 28.89 28.89 28.89 28.89 28.88 28.88 28.88 28.88 28.87 28.87 28.87 28.87 28.87 28.87 28.88 28.89 28.90 28.91 28.92 28.92 28.92 28.93 28.93 28.93 28.93 28.93 28.94 28.93 28.93 28.93 28.93 28.92 28.92 28.92 28.92 28.92 28.93 28.93 28.93 28.94 28.94 28.95 28.95 28.95 28.95 28.96 28.96 28.96
28.89 28.89 28.89 28.90 28.90 28.90 28.89 28.89 28.88 28.88 28.87 28.87 28.87 28.87 28.88 28.88 28.89 28.89 28.90 28.91 28.92 28.92 28.92 28.93 28.93 28.93 28.93 28.93 28.94 28.94 28.93 28.93 28.93 28.93 28.93 28.93 28.94 28.93 28.93 28.93 28.94 28.94 28.94 28.94 28.95 28.95 28.95 28.95 28.95 28.95
28.90 28.90 28.90 28.90 28.90 28.90 28.90 28.90 28.89 28.88 28.88 28.87 28.87 28.88 28.88 28.89 28.89 28.89 28.90 28.91 28.92 28.92 28.92 28.93 28.93 28.93 28.93 28.93 28.93 28.94 28.94 28.93 28.93 28.93 28.94 28.94 28.94 28.94 28.94 28.94 28.94 28.94 28.94 28.95 28.95 28.95 28.95 28.95 28.95 28.95
28.91 28.91 28.90 28.90 28.90 28.90 28.90 28.90 28.90 28.89 28.89 28.88 28.88 28.88 28.89 28.89 28.89 28.90 28.90 28.91 28.92 28.93 28.93 28.93 28.93 28.94 28.94 28.94 28.94 28.94 28.94 28.94 28.93 28.93 28.94 28.94 28.93 28.93 28.94 28.94 28.94 28.94 28.94 28.94 28.95 28.95 28.95 28.95 28.95 28.95
