Raw_GIS_Data/Climate_scenarios/ProcessedData/month_1_rainfall_present.asc
NCOLS 50
NROWS 26
XLLCENTER 512998.000000
YLLCENTER 8407694.000000
CELLSIZE 800.000000
NODATA_value -999.000000
 8.42  8.55  8.64  8.84  9.05  9.15  9.20  9.30  9.45  9.55  9.63  9.71  9.80  9.87  9.83  9.70  9.56  9.58  9.87 10.22 10.40 10.38 10.33 10.28 10.20 10.28 10.54 10.70 10.68 10.55 10.54 10.71 10.90 11.00 10.96 10.91 10.92 10.94 10.90 10.94 11.16 11.54 12.02 12.34 12.38 12.18 11.86 11.59 11.38 11.04
 8.55  8.59  8.61  8.72  8.92  9.02  9.03  9.06  9.11  9.14  9.26  9.48  9.69  9.82  9.87  9.84  9.79  9.84 10.04 10.32 10.51 10.59 10.63 10.59 10.50 10.52 10.72 10.92 10.95 10.87 10.88 10.92 10.92 10.93 10.93 10.96 10.99 10.97 10.95 11.03 11.25 11.59 11.98 12.22 12.26 12.21 12.01 11.70 11.38 11.07
 8.86  8.82  8.70  8.63  8.66  8.74  8.82  8.87  8.86  8.85  9.00  9.23  9.39  9.55  9.76  9.90  9.99 10.11 10.24 10.38 10.52 10.68 10.85 10.91 10.92 11.03 11.20 11.33 11.36 11.31 11.22 11.04 10.86 10.87 10.97 11.06 11.05 11.01 11.04 11.19 11.43 11.69 11.93 12.02 12.04 12.07 11.90 11.52 11.17 10.94
 9.03  9.00  8.90  8.82  8.73  8.70  8.77  8.87  8.84  8.81  8.95  9.15  9.22  9.32  9.59  9.90 10.16 10.37 10.52 10.61 10.71 10.87 11.11 11.34 11.60 11.93 12.14 12.13 12.05 11.88 11.67 11.31 11.14 11.24 11.35 11.25 11.14 11.10 11.15 11.26 11.44 11.64 11.78 11.83 11.85 11.77 11.53 11.15 10.87 10.75
 8.94  8.97  9.02  9.12  9.14  9.05  9.03  9.07  9.03  8.96  9.06  9.23  9.31  9.36  9.60 10.00 10.44 10.80 11.01 11.14 11.24 11.42 11.73 12.18 12.71 13.27 13.60 13.55 13.22 12.82 12.72 12.25 11.91 12.05 12.15 11.76 11.44 11.34 11.35 11.36 11.37 11.45 11.68 11.88 11.81 11.51 11.20 10.89 10.68 10.62
 8.90  8.91  9.01  9.27  9.48  9.48  9.41  9.35  9.31  9.27  9.31  9.44  9.59  9.74  9.98 10.41 10.98 11.45 11.73 11.93 12.11 12.37 12.77 13.31 14.00 14.63 15.00 14.94 14.42 14.06 14.20 13.74 13.01 13.00 12.78 12.41 12.01 11.70 11.64 11.61 11.42 11.37 11.75 11.97 11.71 11.29 11.01 10.78 10.57 10.48
 9.10  9.05  9.11  9.37  9.65  9.75  9.71  9.65  9.65  9.66  9.69  9.81 10.04 10.31 10.60 11.02 11.57 12.04 12.28 12.46 12.70 13.01 13.41 13.89 14.49 14.80 15.00 14.76 14.07 14.00 14.29 14.24 13.77 13.65 13.22 12.75 12.02 11.51 11.47 11.62 11.45 11.32 11.62 11.69 11.38 11.03 10.79 10.59 10.41 10.28
 9.34  9.25  9.35  9.58  9.82  9.97 10.02 10.04 10.01 10.01 10.04 10.17 10.44 10.77 11.05 11.39 11.85 12.18 12.25 12.30 12.53 12.88 13.33 13.78 13.99 13.89 13.72 13.41 13.11 13.37 13.93 14.45 14.32 13.65 13.00 12.23 11.44 11.00 10.91 11.13 11.21 11.05 11.13 11.16 10.99 10.75 10.49 10.27 10.13 10.03
 9.52  9.36  9.46  9.72  9.96 10.18 10.38 10.46 10.37 10.30 10.33 10.43 10.65 10.92 11.21 11.62 12.08 12.26 12.14 12.12 12.46 12.95 13.38 13.87 13.89 13.73 13.34 12.91 12.69 12.84 13.20 13.59 13.31 12.69 12.00 11.39 10.93 10.60 10.48 10.62 10.70 10.61 10.66 10.70 10.64 10.51 10.25  9.93  9.78  9.76
 9.76  9.54  9.54  9.82 10.15 10.47 10.82 10.97 10.86 10.78 10.84 10.93 10.99 11.09 11.45 12.17 12.82 12.90 12.70 12.75 13.28 13.92 13.96 14.46 14.95 14.88 13.80 13.08 12.56 12.20 12.07 12.18 12.00 11.72 11.23 10.84 10.51 10.24 10.10 10.15 10.20 10.23 10.30 10.31 10.26 10.23 10.09  9.70  9.52  9.57
10.15  9.94  9.94 10.24 10.68 11.16 11.58 11.80 11.74 11.69 11.93 12.28 12.33 12.16 12.37 13.40 14.32 14.23 14.05 14.27 14.54 14.99 15.20 15.80 16.17 16.26 14.54 13.29 12.38 11.62 11.29 11.30 11.28 11.15 10.89 10.58 10.30 10.03  9.84  9.79  9.86  9.89  9.92  9.92  9.84  9.79  9.74  9.53  9.40  9.43
10.82 10.71 10.77 11.11 11.62 12.23 12.85 13.27 13.40 13.57 14.08 14.84 15.05 14.56 14.52 15.50 16.32 15.93 15.49 15.50 15.38 15.65 16.05 15.85 15.05 14.93 13.94 12.77 11.89 11.26 10.95 10.90 10.90 10.86 10.74 10.57 10.36 10.08  9.80  9.66  9.64  9.60  9.59  9.60  9.51  9.39  9.36  9.36  9.32  9.27
11.70 11.77 11.99 12.40 12.91 13.63 14.60 15.60 16.35 16.74 16.99 17.66 17.95 17.44 17.21 17.67 17.76 17.07 16.26 15.88 15.41 15.43 15.31 14.39 13.27 13.01 12.57 11.92 11.37 10.96 10.73 10.65 10.62 10.56 10.48 10.45 10.34 10.07  9.77  9.58  9.48  9.39  9.34  9.33  9.26  9.16  9.12  9.18  9.23  9.15
12.39 12.64 13.00 13.45 14.02 14.92 16.18 17.60 18.70 19.02 18.96 19.24 19.46 19.16 18.76 18.86 18.33 17.11 16.12 15.72 14.96 14.64 13.87 12.85 12.08 11.83 11.63 11.33 10.94 10.63 10.49 10.41 10.28 10.09  9.99 10.05 10.01  9.78  9.54  9.37  9.28  9.20  9.10  9.02  8.98  8.95  8.90  8.95  9.08  9.08
12.37 12.57 12.85 13.23 13.89 14.98 16.29 17.42 18.08 18.04 17.95 18.31 18.68 18.67 18.33 18.27 17.60 16.32 15.23 14.69 14.00 13.43 12.59 11.84 11.44 11.27 11.16 10.98 10.65 10.37 10.26 10.15  9.93  9.65  9.52  9.57  9.56  9.44  9.30  9.18  9.10  9.05  8.89  8.72  8.66  8.62  8.60  8.72  8.91  8.96
11.82 11.95 12.13 12.41 13.07 14.08 15.02 15.47 15.61 15.65 15.83 16.31 16.57 16.57 16.40 16.50 16.18 15.34 14.30 13.59 13.03 12.43 11.83 11.36 11.09 10.92 10.77 10.59 10.34 10.15 10.10 10.01  9.78  9.49  9.33  9.25  9.23  9.25  9.25  9.20  9.11  8.98  8.78  8.56  8.42  8.33  8.33  8.55  8.82  8.88
11.43 11.60 11.84 12.21 12.79 13.39 13.70 13.76 13.81 14.03 14.26 14.46 14.43 14.40 14.52 14.93 15.06 14.66 13.72 12.91 12.34 11.87 11.43 11.12 10.94 10.69 10.37 10.11  9.98  9.93  9.97  9.93  9.74  9.47  9.22  9.07  9.06  9.16  9.27  9.30  9.19  8.98  8.74  8.54  8.40  8.29  8.31  8.57  8.86  8.90
11.41 11.77 12.22 12.63 12.93 13.02 12.96 13.04 13.28 13.49 13.46 13.28 13.13 13.20 13.45 13.82 14.06 13.87 13.12 12.32 11.66 11.16 10.80 10.66 10.70 10.53 10.09  9.74  9.65  9.71  9.79  9.77  9.58  9.28  9.04  8.95  8.98  9.09  9.21  9.28  9.18  8.90  8.64  8.51  8.47  8.46  8.54  8.78  8.99  8.98
11.85 12.40 12.88 13.12 13.16 13.07 13.01 13.17 13.44 13.47 13.14 12.73 12.45 12.42 12.59 12.85 12.92 12.62 12.09 11.53 10.90 10.34 10.04 10.07 10.26 10.20  9.86  9.56  9.46  9.52  9.63  9.66  9.47  9.12  8.91  8.87  8.89  8.94  8.99  9.07  9.06  8.83  8.53  8.40  8.47  8.63  8.81  8.99  9.09  9.03
12.45 12.93 13.32 13.46 13.45 13.43 13.44 13.52 13.51 13.22 12.69 12.19 11.80 11.63 11.78 12.01 11.93 11.47 11.02 10.72 10.34  9.93  9.71  9.75  9.85  9.78  9.58  9.45  9.45  9.50  9.61  9.69  9.54  9.19  8.93  8.81  8.72  8.66  8.68  8.77  8.85  8.76  8.50  8.36  8.49  8.74  8.95  9.06  9.06  8.94
12.74 13.10 13.39 13.58 13.67 13.66 13.60 13.36 12.89 12.35 11.90 11.49 11.15 11.09 11.22 11.20 10.98 10.73 10.43 10.22 10.13  9.97  9.81  9.72  9.65  9.53  9.40  9.38  9.48  9.60  9.66  9.64  9.54  9.27  8.98  8.75  8.55  8.45  8.48  8.55  8.64  8.63  8.50  8.43  8.57  8.81  8.97  9.04  9.02  8.89
12.74 13.06 13.34 13.60 13.66 13.44 13.01 12.38 11.77 11.37 11.08 10.77 10.66 10.79 10.82 10.54 10.29 10.30 10.18 10.02 10.04 10.08  9.99  9.83  9.64  9.48  9.40  9.43  9.57  9.75  9.75  9.60  9.51  9.34  9.07  8.78  8.53  8.40  8.38  8.40  8.46  8.52  8.50  8.49  8.59  8.78  8.92  9.01  9.06  9.00
12.61 12.94 13.22 13.37 13.17 12.63 11.92 11.27 10.88 10.61 10.34 10.21 10.34 10.47 10.33 10.01  9.83  9.89  9.92  9.88  9.94 10.05 10.03  9.85  9.62  9.46  9.46  9.57  9.69  9.83  9.83  9.69  9.64  9.58  9.34  9.00  8.71  8.49  8.36  8.31  8.38  8.48  8.54  8.52  8.53  8.67  8.82  8.92  9.00  9.05
12.24 12.50 12.70 12.64 12.24 11.64 11.04 10.62 10.34 10.04  9.82  9.84 10.00 10.00  9.77  9.52  9.38  9.43  9.59  9.71  9.82  9.93  9.92  9.77  9.58  9.45  9.49  9.65  9.76  9.81  9.79  9.73  9.73  9.76  9.61  9.30  8.96  8.67  8.46  8.38  8.43  8.53  8.58  8.54  8.48  8.56  8.73  8.83  8.87  8.94
11.54 11.61 11.70 11.65 11.31 10.80 10.43 10.19  9.95  9.69  9.50  9.47  9.49  9.46  9.27  9.05  8.98  9.08  9.28  9.44  9.58  9.72  9.79  9.73  9.62  9.56  9.53  9.59  9.67  9.69  9.63  9.54  9.52  9.56  9.50  9.31  9.03  8.77  8.57  8.47  8.48  8.53  8.58  8.61  8.59  8.62  8.73  8.82  8.79  8.77
10.64 10.57 10.62 10.68 10.48 10.13  9.89  9.74  9.57  9.40  9.26  9.09  8.97  8.97  8.87  8.70  8.71  8.87  9.04  9.16  9.30  9.49  9.67  9.70  9.62  9.58  9.53  9.48  9.46  9.45  9.38  9.27  9.16  9.10  9.06  8.98  8.84  8.69  8.57  8.49  8.48  8.50  8.59  8.73  8.80  8.81  8.86  8.90  8.82  8.73
