Raw_GIS_Data/Climate_scenarios/ProcessedData/month_8_rainfall_present.asc
NCOLS 50
NROWS 26
XLLCENTER 512998.000000
YLLCENTER 8407694.000000
CELLSIZE 800.000000
NODATA_value -999.000000
 3.51  3.58  3.65  3.63  3.58  3.56  3.59  3.59  3.53  3.47  3.46  3.50  3.52  3.49  3.46  3.49  3.54  3.58  3.59  3.62  3.68  3.78  3.88  3.96  4.01  4.06  4.12  4.21  4.29  4.35  4.40  4.46  4.52  4.58  4.63  4.66  4.66  4.65  4.66  4.72  4.79  4.79  4.76  4.81  4.87  4.87  4.82  4.75  4.65  4.53
 3.55  3.61  3.66  3.64  3.56  3.50  3.50  3.51  3.48  3.43  3.42  3.47  3.50  3.50  3.49  3.52  3.55  3.61  3.65  3.71  3.80  3.94  4.04  4.10  4.16  4.25  4.37  4.50  4.56  4.57  4.58  4.60  4.63  4.67  4.69  4.68  4.68  4.68  4.67  4.68  4.73  4.74  4.74  4.77  4.78  4.70  4.62  4.57  4.54  4.49
 3.52  3.56  3.62  3.62  3.54  3.47  3.45  3.44  3.41  3.37  3.38  3.44  3.51  3.54  3.54  3.55  3.59  3.66  3.73  3.82  3.96  4.14  4.29  4.38  4.47  4.57  4.71  4.83  4.87  4.83  4.82  4.81  4.85  4.92  4.94  4.88  4.83  4.81  4.79  4.76  4.76  4.78  4.77  4.73  4.65  4.55  4.45  4.42  4.41  4.41
 3.44  3.48  3.56  3.58  3.51  3.45  3.42  3.40  3.37  3.37  3.41  3.49  3.57  3.62  3.63  3.64  3.68  3.74  3.81  3.93  4.12  4.37  4.61  4.83  4.98  5.09  5.20  5.30  5.30  5.21  5.21  5.15  5.17  5.24  5.27  5.12  5.01  4.96  4.95  4.92  4.89  4.89  4.87  4.73  4.57  4.44  4.35  4.34  4.36  4.39
 3.41  3.45  3.52  3.52  3.47  3.44  3.40  3.36  3.35  3.40  3.50  3.61  3.69  3.76  3.82  3.84  3.85  3.89  3.97  4.10  4.31  4.61  4.96  5.31  5.56  5.79  5.93  5.96  5.85  5.77  5.84  5.69  5.56  5.61  5.53  5.28  5.15  5.13  5.16  5.16  5.07  5.03  5.04  4.86  4.60  4.41  4.33  4.34  4.39  4.44
 3.46  3.48  3.49  3.45  3.42  3.42  3.40  3.37  3.38  3.45  3.58  3.70  3.79  3.91  4.01  4.06  4.08  4.14  4.25  4.40  4.60  4.89  5.29  5.70  6.05  6.34  6.55  6.48  6.20  6.16  6.35  6.27  5.99  5.89  5.60  5.39  5.24  5.26  5.43  5.50  5.31  5.21  5.25  5.05  4.71  4.48  4.38  4.38  4.44  4.48
 3.54  3.52  3.46  3.41  3.38  3.39  3.40  3.42  3.45  3.52  3.63  3.75  3.85  3.98  4.13  4.23  4.31  4.42  4.57  4.76  5.00  5.30  5.68  6.08  6.33  6.40  6.46  6.26  5.90  5.93  6.21  6.44  6.33  6.04  5.66  5.35  5.10  5.16  5.43  5.62  5.46  5.31  5.29  5.09  4.80  4.59  4.48  4.44  4.45  4.48
 3.59  3.55  3.48  3.43  3.40  3.40  3.43  3.48  3.53  3.60  3.70  3.81  3.91  4.05  4.23  4.40  4.58  4.75  4.95  5.23  5.57  5.92  6.32  6.64  6.56  6.37  6.18  5.93  5.72  5.79  6.10  6.48  6.41  5.90  5.46  5.10  4.95  5.01  5.16  5.35  5.38  5.25  5.15  5.01  4.85  4.69  4.57  4.49  4.46  4.49
 3.66  3.63  3.58  3.55  3.56  3.58  3.60  3.64  3.71  3.82  3.93  4.03  4.13  4.27  4.46  4.68  4.95  5.23  5.51  5.85  6.31  6.81  7.26  7.57  7.34  6.88  6.30  5.94  5.70  5.66  5.79  5.90  5.69  5.45  5.12  4.94  4.89  4.86  4.93  5.07  5.12  5.08  5.00  4.91  4.82  4.70  4.59  4.50  4.49  4.55
 3.82  3.79  3.78  3.80  3.86  3.91  3.94  4.00  4.12  4.31  4.49  4.62  4.71  4.84  4.99  5.21  5.55  5.89  6.26  6.69  7.25  7.78  8.15  8.73  8.68  7.88  6.50  5.94  5.70  5.53  5.42  5.34  5.20  5.10  4.96  4.87  4.79  4.74  4.77  4.87  4.93  4.94  4.87  4.78  4.72  4.64  4.55  4.51  4.56  4.64
 4.00  4.00  4.05  4.12  4.22  4.33  4.43  4.55  4.77  5.05  5.38  5.64  5.79  5.91  6.09  6.34  6.60  6.81  7.21  7.65  7.98  8.33  8.71  9.06  8.99  8.35  6.58  5.81  5.56  5.40  5.24  5.10  4.99  4.93  4.90  4.85  4.79  4.76  4.80  4.86  4.89  4.88  4.82  4.72  4.65  4.60  4.53  4.53  4.63  4.73
 4.14  4.20  4.30  4.42  4.56  4.76  4.97  5.22  5.54  6.00  6.46  6.91  7.22  7.47  7.85  8.12  8.06  8.05  8.21  8.30  8.03  8.00  8.09  7.83  7.29  6.89  5.98  5.42  5.30  5.26  5.13  4.97  4.86  4.83  4.85  4.84  4.81  4.82  4.89  4.92  4.91  4.91  4.87  4.79  4.72  4.66  4.60  4.59  4.67  4.76
 4.38  4.45  4.54  4.65  4.84  5.09  5.42  5.85  6.38  6.91  7.46  8.09  8.60  9.03  9.52  9.86  9.58  9.12  8.79  8.36  7.54  7.19  6.96  6.59  6.11  5.82  5.42  5.20  5.17  5.13  5.00  4.85  4.77  4.76  4.78  4.75  4.76  4.84  4.93  4.94  4.92  4.93  4.93  4.89  4.82  4.74  4.66  4.65  4.70  4.80
 4.80  4.82  4.86  4.95  5.12  5.38  5.73  6.23  6.88  7.47  8.07  8.72  9.27  9.70 10.07 10.53 10.20  9.30  8.57  7.99  7.07  6.65  6.21  5.87  5.57  5.38  5.28  5.24  5.17  5.03  4.88  4.77  4.75  4.77  4.73  4.69  4.73  4.83  4.91  4.90  4.88  4.91  4.92  4.88  4.81  4.74  4.68  4.66  4.70  4.78
 5.17  5.19  5.25  5.35  5.51  5.72  5.95  6.32  6.88  7.33  7.77  8.37  8.86  9.22  9.40  9.62  9.31  8.55  7.77  7.14  6.52  6.16  5.91  5.68  5.45  5.34  5.33  5.33  5.23  5.04  4.86  4.79  4.82  4.85  4.82  4.78  4.80  4.86  4.90  4.88  4.87  4.89  4.85  4.77  4.72  4.71  4.68  4.64  4.66  4.73
 5.42  5.52  5.61  5.69  5.82  5.99  6.15  6.38  6.70  6.99  7.33  7.73  8.07  8.35  8.45  8.48  8.16  7.69  7.09  6.56  6.11  5.85  5.75  5.62  5.49  5.40  5.37  5.36  5.29  5.13  4.96  4.88  4.89  4.94  4.93  4.90  4.90  4.93  4.94  4.94  4.94  4.90  4.80  4.71  4.70  4.72  4.69  4.62  4.62  4.66
 5.63  5.76  5.81  5.87  6.00  6.16  6.32  6.44  6.51  6.61  6.83  7.10  7.37  7.63  7.76  7.73  7.53  7.22  6.72  6.24  5.84  5.65  5.57  5.52  5.45  5.38  5.35  5.34  5.30  5.18  5.01  4.90  4.89  4.94  4.97  4.97  4.98  4.99  5.00  5.01  5.00  4.93  4.82  4.76  4.78  4.79  4.75  4.65  4.59  4.58
 5.76  5.86  5.92  5.97  6.06  6.19  6.34  6.40  6.37  6.33  6.40  6.60  6.83  7.01  7.14  7.14  7.05  6.91  6.55  6.12  5.73  5.51  5.41  5.38  5.35  5.31  5.28  5.26  5.23  5.13  4.96  4.81  4.78  4.85  4.94  5.00  5.06  5.09  5.09  5.06  5.00  4.93  4.88  4.87  4.90  4.90  4.85  4.73  4.61  4.57
 5.81  5.92  6.03  6.06  6.07  6.19  6.31  6.34  6.26  6.13  6.09  6.20  6.35  6.45  6.52  6.54  6.55  6.56  6.41  6.08  5.70  5.46  5.34  5.31  5.31  5.27  5.19  5.13  5.10  5.02  4.87  4.73  4.68  4.74  4.86  5.01  5.12  5.16  5.15  5.10  5.02  4.98  5.00  5.02  5.02  4.98  4.90  4.77  4.67  4.63
 5.90  6.01  6.09  6.08  6.09  6.14  6.20  6.22  6.13  5.95  5.84  5.86  5.93  5.98  6.01  6.04  6.14  6.25  6.19  5.95  5.68  5.49  5.36  5.29  5.26  5.19  5.06  4.97  4.98  4.94  4.83  4.72  4.66  4.66  4.76  4.91  5.04  5.10  5.12  5.12  5.08  5.06  5.10  5.13  5.10  5.01  4.89  4.76  4.71  4.67
 5.92  5.95  5.93  5.90  5.90  5.92  5.96  6.00  5.95  5.78  5.62  5.59  5.61  5.64  5.69  5.74  5.84  5.97  5.91  5.73  5.60  5.51  5.38  5.25  5.17  5.08  4.95  4.88  4.90  4.89  4.81  4.74  4.67  4.62  4.65  4.76  4.90  4.98  5.02  5.06  5.04  5.03  5.10  5.15  5.11  5.01  4.92  4.84  4.80  4.77
 5.71  5.62  5.56  5.55  5.60  5.67  5.73  5.80  5.81  5.68  5.47  5.38  5.38  5.43  5.52  5.59  5.67  5.73  5.67  5.55  5.50  5.48  5.36  5.20  5.09  5.00  4.91  4.83  4.81  4.79  4.75  4.72  4.71  4.68  4.65  4.69  4.79  4.87  4.92  4.96  4.95  4.94  5.00  5.06  5.05  5.00  4.96  4.94  4.94  4.94
 5.42  5.33  5.30  5.33  5.40  5.48  5.56  5.66  5.74  5.63  5.38  5.21  5.16  5.23  5.34  5.40  5.40  5.38  5.35  5.32  5.34  5.37  5.30  5.15  5.00  4.88  4.80  4.74  4.69  4.67  4.67  4.72  4.80  4.84  4.77  4.70  4.73  4.80  4.83  4.86  4.87  4.86  4.87  4.91  4.94  4.94  4.94  4.94  4.98  5.02
 5.25  5.26  5.27  5.28  5.30  5.31  5.39  5.52  5.60  5.48  5.25  5.08  4.98  5.03  5.14  5.16  5.06  4.96  4.95  5.01  5.11  5.18  5.14  5.02  4.85  4.72  4.66  4.65  4.64  4.66  4.72  4.82  4.93  5.00  4.91  4.77  4.74  4.78  4.80  4.82  4.82  4.78  4.79  4.85  4.90  4.90  4.86  4.86  4.91  4.95
 5.22  5.30  5.28  5.20  5.13  5.13  5.22  5.38  5.44  5.31  5.12  4.99  4.90  4.90  4.95  4.96  4.84  4.69  4.68  4.78  4.89  4.96  4.95  4.87  4.72  4.62  4.60  4.65  4.69  4.75  4.84  4.94  5.02  5.05  4.98  4.84  4.75  4.75  4.76  4.77  4.74  4.72  4.78  4.90  4.97  4.93  4.82  4.78  4.82  4.86
 5.24  5.29  5.20  5.04  4.93  4.94  5.06  5.22  5.27  5.18  5.06  4.97  4.91  4.86  4.84  4.84  4.77  4.60  4.58  4.66  4.74  4.80  4.82  4.78  4.69  4.63  4.67  4.76  4.79  4.81  4.87  4.95  4.98  4.96  4.92  4.84  4.76  4.71  4.70  4.70  4.68  4.69  4.77  4.90  4.99  4.95  4.81  4.74  4.76  4.78
