Raw_GIS_Data/Climate_scenarios/ProcessedData/month_12_rainfall_rcp45.asc
NCOLS 50
NROWS 26
XLLCENTER 512998.000000
YLLCENTER 8407694.000000
CELLSIZE 800.000000
NODATA_value -999.000000
 8.42  8.63  8.73  8.69  8.66  8.69  8.79  8.96  9.04  8.96  8.76  8.54  8.37  8.27  8.32  8.51  8.78  9.04  9.29  9.51  9.57  9.55  9.62  9.78  9.96 10.07  9.99  9.77  9.64  9.65  9.67  9.59  9.51  9.57  9.73  9.87  9.86  9.67  9.44  9.30  9.21  9.11  9.03  8.94  8.82  8.76  8.85  9.04  9.25  9.38
 8.49  8.75  8.87  8.85  8.82  8.86  8.95  9.04  9.05  8.95  8.77  8.56  8.40  8.32  8.38  8.57  8.83  9.07  9.31  9.51  9.55  9.50  9.49  9.58  9.77  9.97  9.99  9.89  9.86  9.92  9.92  9.77  9.63  9.67  9.83  9.98 10.00  9.82  9.58  9.44  9.31  9.14  8.98  8.91  8.90  8.92  8.98  9.07  9.19  9.29
 8.57  8.81  8.95  8.97  8.95  8.95  8.99  8.99  8.95  8.87  8.76  8.65  8.54  8.49  8.55  8.71  8.90  9.09  9.32  9.53  9.63  9.63  9.57  9.60  9.79 10.01 10.09 10.06 10.04 10.06 10.01  9.86  9.73  9.76  9.89 10.01 10.04  9.93  9.77  9.61  9.41  9.14  8.91  8.88  9.00  9.11  9.12  9.09  9.11  9.17
 8.63  8.82  8.98  9.06  9.05  9.02  9.01  8.97  8.90  8.83  8.76  8.75  8.75  8.75  8.77  8.82  8.95  9.16  9.41  9.65  9.81  9.85  9.82  9.86 10.05 10.29 10.45 10.51 10.46 10.32 10.20 10.01  9.95  9.99 10.08 10.07 10.06 10.03  9.94  9.78  9.52  9.21  8.98  8.97  9.13  9.24  9.21  9.13  9.10  9.15
 8.64  8.81  8.96  9.06  9.08  9.06  9.02  8.97  8.90  8.84  8.84  8.89  8.96  9.00  8.98  8.93  9.02  9.27  9.57  9.86 10.03 10.08 10.10 10.20 10.44 10.81 11.12 11.25 11.14 10.92 10.79 10.44 10.34 10.50 10.53 10.29 10.18 10.13 10.03  9.82  9.55  9.34  9.24  9.19  9.22  9.25  9.21  9.14  9.07  9.07
 8.61  8.76  8.88  8.95  8.98  8.99  8.98  8.94  8.88  8.86  8.93  9.04  9.11  9.12  9.11  9.09  9.18  9.44  9.75 10.03 10.20 10.26 10.33 10.50 10.85 11.32 11.72 11.79 11.63 11.52 11.52 11.12 10.85 10.99 10.86 10.66 10.44 10.25 10.12  9.87  9.51  9.35  9.41  9.30  9.17  9.15  9.15  9.10  8.97  8.89
 8.62  8.72  8.80  8.84  8.90  8.95  8.94  8.91  8.88  8.89  9.02  9.20  9.28  9.25  9.26  9.34  9.48  9.66  9.86 10.04 10.19 10.30 10.42 10.64 10.91 11.19 11.48 11.39 11.10 11.13 11.27 11.25 11.20 11.31 11.10 10.85 10.42 10.15 10.04  9.84  9.37  9.12  9.16  9.07  9.00  9.04  9.09  9.05  8.90  8.78
 8.73  8.77  8.81  8.86  8.96  9.05  9.01  8.96  8.97  9.07  9.29  9.55  9.64  9.59  9.58  9.68  9.80  9.87  9.92 10.01 10.16 10.33 10.53 10.70 10.72 10.72 10.80 10.73 10.57 10.69 10.96 11.32 11.40 11.20 10.94 10.54 10.16  9.90  9.70  9.52  9.17  8.84  8.77  8.76  8.82  8.94  9.03  9.00  8.87  8.79
 9.01  8.99  8.99  9.03  9.14  9.24  9.25  9.21  9.27  9.46  9.76 10.06 10.18 10.13 10.05 10.05 10.09 10.12 10.11 10.18 10.39 10.67 10.93 11.15 11.07 10.98 10.79 10.57 10.37 10.43 10.63 10.77 10.66 10.55 10.36 10.14  9.92  9.67  9.41  9.17  8.88  8.64  8.56  8.58  8.69  8.86  8.99  8.98  8.91  8.89
 9.40  9.34  9.28  9.29  9.38  9.48  9.58  9.65  9.75  9.97 10.26 10.58 10.78 10.76 10.62 10.52 10.53 10.58 10.63 10.75 11.10 11.46 11.55 11.95 12.11 11.84 10.99 10.55 10.21 10.11 10.09 10.03  9.86  9.86  9.83  9.79  9.66  9.43  9.16  8.93  8.69  8.53  8.44  8.45  8.56  8.76  8.93  8.95  8.95  8.96
 9.72  9.63  9.52  9.51  9.62  9.77  9.95 10.12 10.29 10.52 10.89 11.35 11.65 11.63 11.48 11.44 11.44 11.40 11.61 11.92 12.17 12.42 12.48 12.68 12.75 12.59 11.25 10.50  9.99  9.72  9.62  9.56  9.50  9.50  9.54  9.53  9.44  9.27  9.05  8.83  8.65  8.51  8.42  8.39  8.43  8.58  8.77  8.88  8.93  8.91
 9.87  9.77  9.70  9.77  9.95 10.16 10.43 10.72 10.99 11.38 11.93 12.62 13.02 12.95 12.90 12.99 12.87 12.69 12.98 13.39 13.29 13.13 12.87 12.29 11.73 11.58 10.79 10.11  9.65  9.40  9.30  9.31  9.33  9.37  9.42  9.42  9.37  9.27  9.09  8.88  8.70  8.57  8.46  8.38  8.35  8.43  8.63  8.79  8.83  8.80
10.04 10.02 10.08 10.28 10.49 10.71 11.04 11.50 12.01 12.46 12.97 13.75 14.31 14.46 14.67 14.95 14.71 14.29 14.20 14.15 13.43 12.86 12.25 11.50 10.86 10.58 10.14  9.77  9.46  9.24  9.12  9.15  9.24  9.34  9.42  9.41  9.36  9.32  9.20  8.99  8.74  8.53  8.38  8.30  8.30  8.39  8.55  8.70  8.74  8.73
10.40 10.49 10.66 10.91 11.15 11.35 11.68 12.23 12.80 13.14 13.47 14.08 14.76 15.29 15.79 16.47 16.14 15.10 14.37 13.89 12.91 12.21 11.44 10.85 10.41 10.16  9.92  9.73  9.50  9.23  9.03  9.03  9.18  9.34  9.43  9.38  9.28  9.25  9.19  9.03  8.78  8.50  8.29  8.22  8.26  8.39  8.56  8.69  8.74  8.76
10.82 10.96 11.14 11.34 11.54 11.71 11.91 12.26 12.68 12.82 12.95 13.38 14.07 14.83 15.43 15.96 15.64 14.52 13.42 12.81 12.13 11.55 10.93 10.46 10.15 10.01  9.93  9.82  9.60  9.29  9.03  8.98  9.13  9.30  9.35  9.26  9.12  9.07  9.07  8.98  8.79  8.55  8.31  8.20  8.24  8.36  8.55  8.71  8.75  8.79
11.11 11.23 11.36 11.46 11.53 11.56 11.61 11.82 12.14 12.28 12.34 12.60 12.99 13.57 14.08 14.38 14.13 13.39 12.45 11.91 11.48 11.04 10.59 10.18  9.94  9.86  9.87  9.82  9.60  9.30  9.07  9.00  9.06  9.14  9.12  9.02  8.91  8.89  8.89  8.82  8.67  8.49  8.31  8.22  8.23  8.30  8.47  8.61  8.65  8.69
11.34 11.41 11.44 11.43 11.41 11.41 11.45 11.58 11.80 11.93 11.96 12.00 12.11 12.46 12.83 13.12 13.02 12.56 11.88 11.43 11.03 10.66 10.29  9.98  9.77  9.70  9.70  9.63  9.42  9.18  9.02  8.96  8.93  8.87  8.77  8.66  8.62  8.66  8.68  8.59  8.46  8.34  8.26  8.23  8.22  8.24  8.33  8.42  8.48  8.54
11.63 11.59 11.50 11.43 11.43 11.44 11.44 11.51 11.64 11.74 11.70 11.60 11.61 11.80 12.06 12.30 12.34 12.04 11.51 11.10 10.73 10.33 10.02  9.82  9.66  9.53  9.45  9.34  9.16  8.99  8.88  8.80  8.71  8.58  8.45  8.38  8.39  8.47  8.49  8.42  8.31  8.25  8.25  8.27  8.23  8.18  8.21  8.29  8.39  8.44
11.75 11.56 11.44 11.42 11.43 11.38 11.34 11.39 11.46 11.52 11.50 11.40 11.38 11.48 11.68 11.86 11.82 11.48 11.03 10.71 10.41 10.02  9.74  9.63  9.50  9.33  9.18  9.06  8.97  8.84  8.72  8.61  8.48  8.33  8.24  8.23  8.26  8.31  8.34  8.31  8.25  8.24  8.32  8.38  8.31  8.21  8.19  8.26  8.35  8.38
11.53 11.31 11.24 11.26 11.23 11.18 11.23 11.30 11.28 11.31 11.34 11.31 11.31 11.40 11.54 11.59 11.38 10.91 10.47 10.22  9.95  9.60  9.34  9.25  9.18  9.07  8.93  8.85  8.83  8.76  8.62  8.45  8.27  8.14  8.10  8.09  8.07  8.09  8.13  8.15  8.15  8.23  8.38  8.51  8.48  8.39  8.33  8.34  8.36  8.38
11.12 11.02 11.03 11.05 11.06 11.10 11.19 11.23 11.18 11.19 11.26 11.28 11.32 11.35 11.29 11.06 10.73 10.31  9.95  9.69  9.42  9.13  8.91  8.83  8.83  8.80  8.74  8.73  8.77  8.76  8.60  8.35  8.12  8.00  7.94  7.86  7.78  7.83  7.96  8.03  8.07  8.17  8.35  8.55  8.63  8.60  8.55  8.49  8.44  8.43
10.74 10.78 10.89 10.99 11.05 11.09 11.10 11.11 11.11 11.12 11.15 11.22 11.25 11.12 10.80 10.39 10.03  9.77  9.52  9.28  9.03  8.81  8.67  8.66  8.66  8.61  8.58  8.63  8.73  8.77  8.64  8.36  8.10  7.93  7.79  7.66  7.57  7.66  7.88  8.03  8.07  8.13  8.28  8.49  8.64  8.68  8.67  8.62  8.54  8.49
10.48 10.59 10.73 10.89 10.96 10.94 10.90 10.92 10.99 11.03 11.04 11.05 10.97 10.68 10.24  9.77  9.43  9.31  9.19  9.05  8.88  8.72  8.66  8.68  8.64  8.51  8.43  8.47  8.58  8.66  8.61  8.42  8.22  8.02  7.79  7.62  7.55  7.65  7.89  8.09  8.16  8.21  8.30  8.44  8.57  8.65  8.67  8.64  8.57  8.50
10.31 10.43 10.57 10.68 10.73 10.73 10.71 10.73 10.84 10.91 10.87 10.73 10.48 10.15  9.74  9.28  8.98  8.92  8.92  8.90  8.86  8.79  8.74  8.69  8.61  8.47  8.36  8.37  8.44  8.51  8.54  8.51  8.38  8.18  7.93  7.75  7.68  7.75  7.97  8.21  8.36  8.45  8.50  8.52  8.59  8.67  8.69  8.65  8.58  8.47
10.20 10.35 10.45 10.50 10.56 10.58 10.55 10.53 10.59 10.62 10.53 10.28  9.99  9.71  9.35  8.97  8.74  8.72  8.77  8.85  8.93  8.94  8.86  8.71  8.59  8.51  8.45  8.46  8.50  8.51  8.57  8.60  8.51  8.32  8.07  7.89  7.83  7.90  8.09  8.31  8.54  8.72  8.77  8.73  8.72  8.74  8.75  8.71  8.61  8.50
10.11 10.23 10.30 10.35 10.41 10.44 10.39 10.32 10.27 10.21 10.08  9.86  9.65  9.44  9.13  8.83  8.70  8.70  8.76  8.88  8.99  9.02  8.92  8.73  8.60  8.53  8.54  8.62  8.68  8.69  8.71  8.71  8.60  8.41  8.19  8.04  7.98  8.04  8.16  8.34  8.62  8.87  8.95  8.90  8.84  8.81  8.79  8.71  8.60  8.53
