Raw_GIS_Data/Climate_scenarios/ProcessedData/month_6_minTemp_rcp45.asc
NCOLS 50
NROWS 26
XLLCENTER 512998.000000
YLLCENTER 8407694.000000
CELLSIZE 800.000000
NODATA_value -999.000000
27.83 27.82 27.82 27.82 27.82 27.81 27.81 27.81 27.81 27.80 27.80 27.80 27.80 27.79 27.79 27.79 27.78 27.78 27.78 27.78 27.78 27.77 27.77 27.76 27.76 27.76 27.76 27.76 27.76 27.77 27.78 27.78 27.79 27.80 27.80 27.81 27.81 27.82 27.83 27.83 27.84 27.84 27.83 27.84 27.84 27.84 27.83 27.83 27.83 27.83
27.82 27.82 27.81 27.81 27.81 27.81 27.80 27.80 27.80 27.79 27.79 27.79 27.79 27.78 27.78 27.78 27.77 27.77 27.77 27.76 27.75 27.75 27.75 27.74 27.74 27.73 27.72 27.72 27.73 27.74 27.75 27.76 27.76 27.77 27.78 27.79 27.80 27.81 27.82 27.82 27.82 27.83 27.83 27.83 27.84 27.84 27.83 27.83 27.82 27.83
27.80 27.80 27.80 27.80 27.80 27.80 27.79 27.79 27.78 27.78 27.77 27.77 27.77 27.77 27.77 27.76 27.75 27.75 27.74 27.73 27.73 27.72 27.72 27.72 27.71 27.69 27.68 27.67 27.69 27.69 27.68 27.71 27.73 27.73 27.74 27.76 27.78 27.79 27.79 27.80 27.80 27.80 27.81 27.83 27.83 27.83 27.83 27.83 27.82 27.83
27.79 27.79 27.79 27.79 27.79 27.78 27.78 27.77 27.77 27.77 27.76 27.76 27.76 27.76 27.75 27.74 27.73 27.72 27.71 27.70 27.70 27.69 27.69 27.68 27.68 27.66 27.65 26.57 25.94 27.62 27.64 27.61 27.66 27.69 27.70 27.69 27.73 27.76 27.76 27.76 27.75 27.75 26.80 26.89 27.78 27.83 27.82 27.82 27.82 27.83
27.78 27.77 27.77 27.77 27.77 27.76 27.76 27.76 27.76 27.76 27.75 27.74 27.74 27.74 27.73 27.73 27.71 27.70 27.69 27.68 27.67 27.66 27.65 27.65 27.65 26.62 26.19 25.81 25.35 26.07 24.87 27.37 25.92 26.06 24.86 27.46 26.37 27.72 27.71 27.71 27.70 26.64 26.32 26.29 27.76 27.82 27.82 27.82 27.82 27.82
27.76 27.76 27.75 27.75 27.75 27.74 27.74 27.74 27.74 27.74 27.73 27.73 27.72 27.72 27.71 27.71 27.69 27.68 27.67 27.65 27.64 27.62 27.61 27.60 26.52 25.38 24.78 24.14 24.27 24.31 23.97 23.90 25.78 24.73 26.07 25.16 25.08 25.46 25.57 25.49 25.65 26.46 25.51 25.58 27.38 27.81 27.81 27.81 27.81 27.82
27.75 27.74 27.74 27.73 27.72 27.72 27.72 27.71 27.71 27.70 27.70 27.69 27.69 27.69 27.68 27.67 27.67 27.66 27.64 27.62 27.61 27.59 27.56 26.53 25.07 25.07 24.51 24.19 27.18 25.33 25.62 25.39 25.49 24.72 24.85 24.37 25.38 26.02 25.98 24.94 25.76 26.19 25.72 26.12 27.71 27.80 27.81 27.81 27.81 27.82
27.73 27.72 27.71 27.71 27.70 27.69 27.68 27.68 27.67 27.66 27.65 27.65 27.65 27.64 27.63 27.63 27.63 27.63 27.62 27.61 27.58 27.55 26.40 25.55 25.05 26.02 27.56 27.58 27.60 27.59 26.25 24.97 23.87 24.74 24.50 26.75 27.66 27.71 26.80 26.76 25.43 27.63 27.51 27.78 27.79 27.81 27.81 27.81 27.81 27.81
27.71 27.70 27.69 27.68 27.66 27.65 27.65 27.64 27.63 27.62 27.61 27.60 27.59 27.59 27.59 27.57 27.56 27.58 27.59 27.59 27.60 27.57 26.28 24.72 25.77 25.48 25.39 25.57 27.67 27.68 26.65 25.19 26.36 25.34 27.65 27.65 27.74 27.76 27.78 26.86 27.76 27.79 27.79 27.79 27.14 27.11 27.53 27.81 27.81 27.81
27.69 27.68 27.66 27.65 27.63 27.61 27.60 27.60 27.59 27.59 27.58 27.58 27.55 27.54 27.54 27.54 27.51 27.49 27.54 26.02 25.96 24.58 26.13 25.64 24.63 23.70 25.04 25.62 27.31 27.71 27.73 27.41 27.56 27.72 27.73 27.75 27.77 27.78 27.78 27.78 27.78 27.79 27.80 27.80 27.80 27.78 27.29 27.80 27.81 27.81
27.68 27.66 27.64 27.62 27.60 27.58 27.56 27.55 27.55 27.55 26.39 25.62 25.44 25.38 25.73 25.69 24.89 25.65 25.72 25.00 25.19 24.49 25.14 23.69 24.07 22.95 24.19 25.23 26.99 27.71 27.74 27.74 27.75 27.75 27.76 27.77 27.78 27.78 27.79 27.79 27.79 27.80 27.80 27.80 27.80 27.80 27.80 27.81 27.81 27.81
27.67 27.65 27.63 27.60 27.57 27.55 27.53 27.51 26.34 26.28 25.47 24.83 24.04 24.68 24.81 24.34 23.83 24.79 25.30 24.27 24.07 24.77 23.89 23.96 25.41 24.36 26.04 27.56 27.72 27.73 27.75 27.75 27.76 27.77 27.77 27.77 27.78 27.78 27.79 27.79 27.80 27.80 27.80 27.80 27.80 27.80 27.80 27.81 27.81 27.80
27.67 27.65 27.62 27.59 27.55 27.52 27.50 26.31 25.87 24.82 25.37 24.57 24.08 23.97 24.07 23.52 23.86 23.95 24.57 23.91 25.22 25.38 24.94 25.39 26.32 26.44 27.57 27.72 27.74 27.75 27.76 27.76 27.77 27.77 27.77 27.77 27.78 27.78 27.79 27.80 27.80 27.80 27.80 27.80 27.80 27.80 27.80 27.80 27.80 27.80
27.67 27.65 27.63 27.60 27.56 27.51 26.41 25.94 24.93 24.39 24.02 24.13 24.11 23.92 24.22 23.64 23.34 23.89 24.72 24.08 25.74 24.99 25.94 27.62 27.70 27.66 27.73 27.75 27.75 27.76 27.76 27.76 27.77 27.77 27.78 27.78 27.78 27.78 27.79 27.80 27.79 27.79 27.80 27.80 27.80 27.80 27.80 27.80 27.80 27.80
27.68 27.66 27.64 27.62 27.59 27.51 25.83 25.91 25.09 24.82 25.40 24.92 25.32 24.59 24.85 24.38 24.06 24.35 24.98 25.35 25.98 27.41 26.10 27.63 27.73 27.74 27.75 27.76 27.76 27.76 27.76 27.76 27.76 27.77 27.78 27.78 27.78 27.78 27.79 27.79 27.79 27.80 27.80 27.80 27.80 27.80 27.80 27.80 27.80 27.79
27.69 27.68 27.66 27.64 27.62 27.59 27.56 27.54 27.44 26.73 27.37 25.71 26.01 25.43 25.91 24.97 25.52 24.91 25.40 25.80 26.11 27.49 26.22 27.73 27.69 27.74 27.76 27.76 27.77 27.77 27.77 27.77 27.77 27.78 27.78 27.79 27.79 27.79 27.79 27.79 27.80 27.80 27.80 27.80 27.80 27.80 27.80 27.80 27.79 27.79
27.70 27.69 27.67 27.66 27.65 27.63 27.60 27.58 27.55 27.52 27.49 27.45 27.41 26.12 26.01 25.75 25.85 25.33 25.71 25.54 26.19 26.19 27.56 27.67 27.74 27.75 27.76 27.76 27.77 27.78 27.78 27.77 27.78 27.78 27.78 27.79 27.79 27.79 27.79 27.79 27.80 27.80 27.80 27.80 27.80 27.80 27.80 27.80 27.79 27.78
27.71 27.70 27.69 27.67 27.66 27.65 27.63 27.62 27.60 27.58 27.55 27.51 27.46 26.33 26.11 25.97 25.91 25.38 25.70 25.98 26.27 26.27 27.59 27.73 27.74 27.75 27.76 27.77 27.78 27.78 27.78 27.78 27.78 27.78 27.78 27.78 27.78 27.79 27.79 27.79 27.79 27.79 27.80 27.80 27.80 27.80 27.80 27.79 27.79 27.78
27.72 27.71 27.70 27.69 27.67 27.66 27.65 27.64 27.63 27.62 27.60 27.56 27.52 26.55 26.35 26.22 26.00 25.77 25.81 26.09 26.41 27.56 27.73 27.74 27.76 27.76 27.77 27.77 27.77 27.78 27.78 27.78 27.78 27.78 27.78 27.78 27.78 27.78 27.79 27.78 27.78 27.79 27.79 27.79 27.80 27.80 27.79 27.79 27.78 27.78
27.72 27.71 27.70 27.70 27.68 27.67 27.67 27.66 27.65 27.64 27.63 27.62 27.60 27.59 26.59 26.44 25.81 25.99 26.30 26.30 27.52 27.73 27.74 27.75 27.76 27.76 27.77 27.77 27.77 27.77 27.77 27.78 27.78 27.78 27.78 27.78 27.78 27.78 27.78 27.78 27.78 27.78 27.78 27.79 27.79 27.78 27.78 27.78 27.78 27.77
27.72 27.72 27.71 27.70 27.69 27.69 27.68 27.68 27.67 27.67 27.66 27.66 27.65 27.65 27.66 27.67 27.68 27.45 27.68 27.71 27.73 27.74 27.75 27.76 27.76 27.76 27.77 27.77 27.77 27.77 27.77 27.77 27.78 27.78 27.78 27.78 27.78 27.78 27.78 27.78 27.78 27.78 27.78 27.78 27.78 27.78 27.78 27.77 27.77 27.77
27.72 27.72 27.72 27.71 27.70 27.70 27.69 27.69 27.69 27.69 27.69 27.68 27.68 27.69 27.69 27.70 27.71 27.48 27.72 27.73 27.74 27.74 27.76 27.76 27.76 27.76 27.77 27.77 27.77 27.77 27.77 27.77 27.77 27.78 27.78 27.77 27.77 27.77 27.77 27.77 27.78 27.77 27.77 27.77 27.78 27.78 27.77 27.77 27.77 27.77
27.73 27.73 27.73 27.72 27.72 27.71 27.70 27.70 27.70 27.70 27.70 27.70 27.70 27.71 27.71 27.71 27.72 27.73 27.74 27.74 27.75 27.75 27.76 27.76 27.76 27.76 27.77 27.77 27.76 27.77 27.76 27.76 27.77 27.77 27.77 27.76 27.76 27.76 27.77 27.77 27.77 27.77 27.77 27.77 27.77 27.77 27.77 27.77 27.77 27.77
27.73 27.73 27.74 27.73 27.72 27.72 27.72 27.71 27.71 27.72 27.72 27.72 27.72 27.72 27.73 27.73 27.74 27.74 27.74 27.75 27.75 27.75 27.75 27.76 27.76 27.76 27.77 27.76 27.76 27.77 27.76 27.76 27.76 27.77 27.76 27.76 27.76 27.76 27.76 27.76 27.76 27.76 27.76 27.76 27.76 27.76 27.76 27.76 27.77 27.77
27.74 27.73 27.73 27.73 27.73 27.73 27.73 27.72 27.72 27.73 27.73 27.73 27.73 27.74 27.74 27.75 27.75 27.75 27.75 27.75 27.75 27.75 27.75 27.76 27.76 27.76 27.77 27.77 27.77 27.76 27.76 27.76 27.76 27.76 27.76 27.76 27.76 27.76 27.76 27.76 27.76 27.76 27.76 27.76 27.76 27.76 27.76 27.76 27.77 27.77
27.74 27.74 27.73 27.74 27.74 27.74 27.73 27.73 27.73 27.73 27.73 27.73 27.74 27.74 27.75 27.75 27.75 27.75 27.75 27.75 27.75 27.76 27.76 27.76 27.76 27.76 27.77 27.77 27.77 27.77 27.76 27.76 27.76 27.76 27.76 27.75 27.75 27.75 27.76 27.76 27.76 27.75 27.75 27.76 27.76 27.76 27.76 27.76 27.76 27.76
