Raw_GIS_Data/Climate_scenarios/ProcessedData/month_5_rainfall_rcp85.asc
NCOLS 50
NROWS 26
XLLCENTER 512998.000000
YLLCENTER 8407694.000000
CELLSIZE 800.000000
NODATA_value -999.000000
 8.33  8.31  8.37  8.46  8.55  8.65  8.78  8.94  9.11  9.33  9.58  9.84 10.07 10.25 10.40 10.54 10.65 10.78 10.84 10.75 10.63 10.60 10.64 10.72 10.97 11.33 11.63 11.83 11.99 12.11 12.24 12.39 12.49 12.46 12.40 12.45 12.62 12.79 12.88 12.85 12.79 12.85 12.92 12.99 13.09 13.08 13.06 13.10 13.24 13.40
 8.54  8.51  8.52  8.59  8.67  8.77  8.95  9.19  9.46  9.72  9.96 10.21 10.47 10.62 10.70 10.78 10.85 10.91 10.90 10.77 10.60 10.53 10.64 10.91 11.28 11.65 11.95 12.19 12.33 12.40 12.47 12.53 12.52 12.44 12.32 12.27 12.34 12.50 12.64 12.71 12.78 12.89 12.89 12.87 12.95 13.00 13.09 13.23 13.43 13.58
 8.81  8.78  8.81  8.88  8.96  9.09  9.32  9.63  9.92 10.16 10.32 10.50 10.73 10.85 10.82 10.77 10.79 10.84 10.85 10.76 10.63 10.64 10.89 11.33 11.80 12.18 12.49 12.72 12.82 12.78 12.75 12.70 12.63 12.53 12.36 12.21 12.23 12.39 12.60 12.76 12.83 12.81 12.72 12.68 12.75 12.83 12.94 13.14 13.35 13.46
 9.03  9.00  9.06  9.18  9.34  9.51  9.75 10.04 10.30 10.45 10.50 10.53 10.63 10.74 10.73 10.66 10.68 10.78 10.88 10.89 10.92 11.08 11.44 11.99 12.60 13.13 13.54 13.85 13.86 13.59 13.35 13.01 12.89 12.81 12.63 12.29 12.24 12.35 12.58 12.79 12.85 12.75 12.61 12.57 12.60 12.63 12.63 12.77 12.95 13.02
 9.20  9.18  9.25  9.45  9.67  9.83 10.02 10.25 10.45 10.54 10.48 10.39 10.41 10.59 10.76 10.83 10.90 10.99 11.12 11.31 11.54 11.85 12.31 13.00 13.85 14.72 15.35 15.66 15.56 15.30 14.87 13.98 13.44 13.40 13.11 12.64 12.50 12.55 12.74 12.91 12.93 12.89 12.85 12.69 12.50 12.38 12.33 12.43 12.62 12.66
 9.45  9.40  9.49  9.68  9.81  9.91 10.04 10.23 10.40 10.49 10.45 10.36 10.42 10.71 11.04 11.31 11.51 11.63 11.79 12.12 12.54 12.99 13.57 14.39 15.48 16.34 16.84 16.77 16.41 16.46 16.39 15.38 14.39 14.08 13.67 13.44 13.09 13.02 13.27 13.39 13.17 13.14 13.22 12.91 12.49 12.27 12.28 12.47 12.68 12.69
 9.91  9.75  9.74  9.81  9.81  9.84  9.97 10.14 10.30 10.42 10.49 10.55 10.74 11.09 11.50 11.92 12.31 12.57 12.82 13.24 13.77 14.39 15.07 15.84 16.34 16.42 16.32 15.78 15.34 15.62 16.04 16.06 15.52 14.89 14.41 13.91 13.28 13.17 13.49 13.66 13.35 13.16 13.15 12.88 12.56 12.41 12.46 12.63 12.82 12.90
10.36 10.11  9.94  9.86  9.81  9.83  9.92 10.09 10.30 10.50 10.70 10.97 11.32 11.69 12.10 12.60 13.10 13.52 13.94 14.52 15.22 16.00 16.82 17.14 16.59 16.11 15.61 15.16 14.90 15.03 15.54 16.21 16.00 15.04 14.27 13.58 13.19 13.08 13.14 13.35 13.24 12.96 12.87 12.75 12.66 12.59 12.58 12.66 12.81 12.96
10.55 10.25 10.01  9.87  9.85  9.92 10.03 10.23 10.53 10.87 11.25 11.72 12.19 12.60 13.04 13.55 14.05 14.53 15.11 15.92 16.96 18.01 18.78 18.98 18.29 17.49 16.45 15.69 15.15 14.89 14.97 15.12 14.87 14.45 13.71 13.31 13.11 12.97 12.95 12.92 12.76 12.70 12.69 12.66 12.63 12.55 12.50 12.54 12.66 12.85
10.71 10.40 10.13 10.02 10.07 10.24 10.48 10.78 11.14 11.61 12.20 12.82 13.36 13.85 14.38 14.99 15.50 15.85 16.51 17.50 18.78 19.80 20.45 21.51 21.49 20.10 17.56 16.35 15.45 14.82 14.55 14.49 14.34 14.10 13.64 13.29 13.02 12.86 12.73 12.57 12.41 12.41 12.48 12.57 12.52 12.36 12.25 12.27 12.39 12.58
11.06 10.87 10.64 10.54 10.64 10.91 11.35 11.83 12.32 12.97 13.88 14.67 15.21 15.70 16.45 17.32 17.69 17.71 18.34 19.19 19.87 20.61 21.48 22.38 22.63 21.66 18.26 16.62 15.45 14.68 14.49 14.49 14.37 14.08 13.73 13.39 13.06 12.80 12.57 12.34 12.21 12.21 12.35 12.48 12.37 12.07 11.87 11.91 12.08 12.32
11.50 11.59 11.51 11.44 11.54 11.91 12.56 13.33 14.14 15.09 16.09 17.06 17.76 18.50 19.63 20.49 20.32 19.98 20.28 20.47 19.90 19.98 20.34 19.99 19.50 19.05 17.31 16.03 15.03 14.48 14.34 14.31 14.16 13.91 13.68 13.48 13.17 12.80 12.51 12.29 12.21 12.26 12.37 12.44 12.27 11.94 11.73 11.81 12.05 12.31
11.99 12.28 12.41 12.45 12.63 13.15 14.04 15.20 16.44 17.31 18.02 19.01 20.12 21.35 22.70 23.53 22.91 21.90 21.38 20.62 18.91 18.37 18.21 17.81 17.31 16.96 16.17 15.43 14.73 14.28 14.09 13.97 13.83 13.70 13.61 13.56 13.35 13.00 12.71 12.47 12.37 12.39 12.47 12.54 12.46 12.21 12.03 12.10 12.30 12.44
12.63 12.89 13.11 13.34 13.73 14.50 15.64 16.95 18.12 18.74 19.17 19.89 20.99 22.34 23.66 24.85 24.16 22.26 20.92 19.86 18.08 17.30 16.75 16.58 16.27 15.88 15.42 14.95 14.47 14.08 13.85 13.72 13.63 13.59 13.65 13.68 13.51 13.23 12.95 12.71 12.55 12.49 12.57 12.79 12.94 12.85 12.65 12.57 12.57 12.55
13.32 13.41 13.62 14.06 14.72 15.62 16.53 17.32 17.99 18.23 18.46 19.09 19.95 21.00 22.01 23.10 22.92 21.52 19.76 18.42 17.27 16.60 16.22 16.09 15.75 15.22 14.76 14.38 14.06 13.77 13.54 13.41 13.39 13.46 13.62 13.64 13.46 13.21 12.96 12.76 12.59 12.52 12.67 13.01 13.33 13.43 13.29 13.05 12.80 12.63
14.00 13.97 14.12 14.62 15.31 15.97 16.38 16.60 16.88 17.03 17.19 17.67 18.31 19.15 20.03 20.84 21.05 20.54 19.07 17.73 16.86 16.31 15.97 15.71 15.33 14.70 14.17 13.82 13.56 13.36 13.22 13.12 13.10 13.18 13.30 13.28 13.11 12.95 12.78 12.63 12.50 12.50 12.73 13.10 13.43 13.64 13.67 13.47 13.19 12.93
14.45 14.47 14.57 14.89 15.36 15.71 15.78 15.73 15.77 15.87 16.09 16.59 17.27 18.20 19.11 19.71 19.85 19.45 18.36 17.34 16.67 16.21 15.75 15.33 14.87 14.25 13.69 13.31 13.10 13.01 13.00 12.98 12.95 12.99 13.05 12.95 12.78 12.70 12.63 12.53 12.50 12.56 12.75 12.99 13.20 13.43 13.60 13.65 13.60 13.42
14.41 14.57 14.67 14.85 15.09 15.18 15.02 14.89 14.90 15.04 15.43 16.07 16.83 17.76 18.63 19.01 18.89 18.41 17.62 16.94 16.48 16.12 15.61 14.97 14.41 13.90 13.37 12.93 12.73 12.74 12.83 12.89 12.90 12.91 12.88 12.74 12.60 12.59 12.62 12.64 12.67 12.70 12.73 12.73 12.78 12.97 13.22 13.48 13.69 13.66
14.13 14.33 14.49 14.63 14.73 14.63 14.34 14.22 14.34 14.61 15.09 15.68 16.32 17.06 17.74 18.02 17.92 17.56 17.04 16.53 16.12 15.78 15.29 14.64 14.06 13.61 13.14 12.72 12.55 12.60 12.72 12.82 12.85 12.80 12.68 12.54 12.47 12.48 12.60 12.77 12.87 12.86 12.75 12.58 12.51 12.66 12.89 13.17 13.40 13.41
13.84 13.98 14.22 14.38 14.34 14.16 13.98 13.93 14.07 14.36 14.77 15.29 15.83 16.21 16.50 16.80 16.94 16.72 16.32 15.99 15.64 15.23 14.74 14.25 13.84 13.49 13.09 12.71 12.54 12.58 12.71 12.80 12.82 12.77 12.65 12.54 12.44 12.42 12.53 12.74 12.90 12.94 12.90 12.78 12.70 12.78 12.92 13.02 13.08 13.04
13.57 13.74 14.00 14.13 14.07 13.96 13.88 13.84 13.94 14.17 14.53 15.11 15.53 15.48 15.36 15.46 15.69 15.66 15.40 15.20 14.98 14.56 14.12 13.87 13.69 13.48 13.19 12.84 12.63 12.63 12.71 12.78 12.80 12.78 12.74 12.66 12.54 12.52 12.60 12.71 12.83 12.90 12.93 12.95 12.96 13.01 13.08 13.06 12.99 12.92
13.36 13.63 13.84 13.92 13.95 13.93 13.86 13.79 13.87 14.05 14.46 14.99 15.15 14.87 14.51 14.41 14.54 14.62 14.54 14.45 14.27 13.90 13.55 13.52 13.56 13.47 13.30 13.05 12.83 12.75 12.76 12.77 12.77 12.78 12.80 12.75 12.67 12.67 12.72 12.73 12.70 12.67 12.68 12.77 12.89 12.99 13.05 13.06 12.98 12.90
13.12 13.47 13.70 13.77 13.86 13.88 13.77 13.73 13.81 13.92 14.24 14.55 14.52 14.25 13.87 13.63 13.60 13.70 13.82 13.88 13.74 13.45 13.16 13.18 13.34 13.41 13.32 13.15 12.98 12.89 12.86 12.80 12.77 12.80 12.84 12.82 12.79 12.78 12.78 12.69 12.49 12.33 12.30 12.40 12.58 12.75 12.85 12.90 12.90 12.84
13.06 13.42 13.57 13.52 13.54 13.55 13.50 13.55 13.65 13.73 13.81 13.82 13.73 13.58 13.38 13.17 13.05 13.08 13.27 13.46 13.44 13.23 12.99 12.95 13.10 13.23 13.19 13.05 12.94 12.88 12.85 12.83 12.82 12.85 12.87 12.88 12.86 12.83 12.76 12.57 12.29 12.08 12.04 12.10 12.26 12.42 12.52 12.59 12.68 12.74
13.08 13.28 13.27 13.15 13.11 13.09 13.07 13.17 13.38 13.52 13.46 13.22 13.03 12.94 12.86 12.77 12.74 12.75 12.88 13.10 13.21 13.13 12.93 12.83 12.89 13.05 13.09 13.00 12.91 12.83 12.78 12.78 12.83 12.87 12.83 12.76 12.67 12.58 12.50 12.37 12.19 12.05 12.00 12.03 12.15 12.23 12.25 12.31 12.43 12.57
12.91 12.96 12.92 12.86 12.81 12.70 12.64 12.79 13.08 13.23 13.10 12.83 12.63 12.51 12.40 12.36 12.42 12.47 12.54 12.71 12.91 12.98 12.88 12.74 12.73 12.87 13.02 13.05 12.96 12.84 12.71 12.67 12.73 12.78 12.73 12.57 12.38 12.23 12.15 12.10 12.10 12.12 12.15 12.19 12.24 12.23 12.18 12.23 12.35 12.46
