Raw_GIS_Data/Climate_scenarios/ProcessedData/month_6_maxTemp_rcp85.asc
NCOLS 50
NROWS 26
XLLCENTER 512998.000000
YLLCENTER 8407694.000000
CELLSIZE 800.000000
NODATA_value -999.000000
30.13 30.13 30.13 30.13 30.13 30.12 30.12 30.12 30.12 30.12 30.12 30.13 30.13 30.13 30.14 30.15 30.16 30.17 30.18 30.19 30.19 30.19 30.18 30.17 30.16 30.15 30.15 30.14 30.14 30.14 30.14 30.13 30.13 30.12 30.12 30.11 30.11 30.10 30.09 30.09 30.08 30.07 30.07 30.07 30.07 30.08 30.08 30.08 30.08 30.08
30.14 30.14 30.14 30.13 30.13 30.13 30.13 30.13 30.13 30.13 30.13 30.13 30.13 30.13 30.14 30.14 30.15 30.17 30.18 30.20 30.21 30.22 30.23 30.22 30.21 30.20 30.18 30.17 30.16 30.16 30.16 30.16 30.15 30.14 30.14 30.14 30.13 30.13 30.12 30.11 30.09 30.08 30.07 30.07 30.07 30.07 30.08 30.08 30.08 30.08
30.14 30.14 30.14 30.14 30.14 30.14 30.14 30.14 30.14 30.14 30.14 30.13 30.13 30.14 30.14 30.14 30.15 30.16 30.17 30.19 30.22 30.24 30.26 30.28 30.29 30.29 30.28 30.25 30.20 30.18 30.20 30.20 30.20 30.18 30.17 30.17 30.17 30.16 30.16 30.15 30.15 30.13 30.10 30.07 30.07 30.07 30.07 30.07 30.07 30.07
30.15 30.15 30.16 30.16 30.16 30.15 30.15 30.15 30.15 30.15 30.15 30.15 30.15 30.15 30.15 30.15 30.15 30.16 30.17 30.18 30.21 30.24 30.28 30.32 30.36 30.40 30.44 31.68 30.69 30.21 30.25 30.25 30.29 30.26 30.23 30.22 30.23 30.20 30.21 30.22 30.24 30.25 31.43 31.26 30.02 30.07 30.07 30.07 30.07 30.07
30.16 30.16 30.17 30.17 30.17 30.17 30.17 30.17 30.17 30.17 30.16 30.16 30.16 30.16 30.16 30.17 30.17 30.17 30.18 30.19 30.21 30.23 30.27 30.34 30.43 31.68 31.26 30.72 30.15 31.30 29.39 30.10 31.58 31.26 29.25 30.15 31.60 30.27 30.27 30.27 30.31 31.56 30.92 30.59 30.01 30.07 30.07 30.07 30.07 30.07
30.18 30.18 30.18 30.18 30.18 30.18 30.18 30.18 30.18 30.18 30.18 30.18 30.18 30.18 30.19 30.19 30.19 30.20 30.20 30.21 30.23 30.25 30.28 30.35 31.53 30.04 29.16 28.36 28.70 28.91 28.11 28.13 31.52 29.38 31.41 29.99 29.81 30.51 30.59 30.23 30.48 31.55 29.85 29.72 29.66 30.07 30.07 30.06 30.07 30.07
30.20 30.20 30.20 30.20 30.21 30.20 30.20 30.20 30.20 30.20 30.20 30.20 30.20 30.20 30.21 30.22 30.23 30.23 30.24 30.26 30.28 30.31 30.35 31.49 29.44 29.61 28.66 28.33 29.97 30.66 30.63 30.40 30.29 29.10 29.26 28.49 30.22 31.41 30.97 29.24 30.40 30.90 30.01 30.32 29.99 30.07 30.06 30.06 30.06 30.06
30.21 30.22 30.23 30.24 30.24 30.24 30.24 30.24 30.23 30.23 30.23 30.23 30.22 30.22 30.23 30.25 30.26 30.28 30.29 30.31 30.34 30.41 31.59 30.29 29.68 31.16 30.13 30.17 30.23 30.35 31.60 29.22 27.51 28.97 28.44 29.28 30.20 30.26 31.59 31.33 29.44 29.96 29.87 30.12 30.10 30.07 30.05 30.06 30.06 30.06
30.23 30.25 30.26 30.28 30.29 30.29 30.30 30.30 30.30 30.29 30.29 30.28 30.27 30.26 30.26 30.27 30.30 30.34 30.36 30.38 30.38 30.42 31.45 29.25 30.79 30.40 30.06 30.16 30.13 30.23 31.41 29.30 30.89 29.35 30.06 30.06 30.11 30.12 30.12 29.22 30.08 30.10 30.12 30.17 31.45 31.25 29.79 30.06 30.06 30.06
30.23 30.26 30.29 30.31 30.34 30.36 30.38 30.39 30.40 30.40 30.40 30.38 30.37 30.35 30.33 30.33 30.33 30.36 30.45 31.59 31.06 28.99 31.36 30.77 28.86 27.52 29.70 30.28 29.72 30.11 30.12 29.81 29.95 30.09 30.09 30.09 30.08 30.08 30.08 30.08 30.07 30.07 30.07 30.07 30.08 30.04 29.55 30.05 30.05 30.05
30.23 30.27 30.30 30.35 30.39 30.42 30.46 30.50 30.54 30.60 31.87 30.77 30.42 30.48 31.33 30.97 29.62 31.03 31.41 29.97 30.03 29.00 29.80 27.53 27.92 25.99 28.19 29.59 29.40 30.09 30.09 30.09 30.08 30.08 30.07 30.07 30.07 30.07 30.07 30.07 30.06 30.06 30.06 30.06 30.06 30.05 30.05 30.05 30.05 30.05
30.21 30.25 30.30 30.35 30.41 30.47 30.54 30.62 31.87 31.83 30.59 29.50 28.44 29.51 29.79 28.77 28.10 29.84 30.59 28.68 28.39 29.47 27.74 27.84 29.92 27.96 28.50 29.98 30.08 30.08 30.08 30.07 30.07 30.07 30.06 30.06 30.06 30.06 30.06 30.06 30.06 30.05 30.05 30.05 30.05 30.05 30.05 30.05 30.05 30.05
30.16 30.20 30.24 30.30 30.38 30.47 30.58 31.84 31.23 29.52 30.42 29.28 28.48 28.42 28.41 27.53 28.10 28.33 29.15 28.00 30.14 30.19 29.19 29.88 30.96 28.86 29.95 30.08 30.07 30.07 30.06 30.06 30.06 30.06 30.05 30.05 30.05 30.05 30.05 30.05 30.05 30.05 30.05 30.05 30.05 30.05 30.05 30.05 30.05 30.05
30.11 30.14 30.17 30.22 30.30 30.43 31.69 31.18 29.70 28.94 28.42 28.68 28.53 28.21 28.62 27.57 27.07 28.18 29.35 28.11 30.77 29.21 30.64 30.04 30.08 30.01 30.07 30.07 30.06 30.06 30.06 30.05 30.05 30.05 30.05 30.05 30.05 30.05 30.05 30.05 30.05 30.04 30.04 30.04 30.04 30.04 30.04 30.04 30.04 30.04
30.08 30.09 30.11 30.14 30.20 30.27 30.67 31.00 29.87 29.61 30.71 29.96 30.41 29.09 29.49 28.65 28.14 28.68 29.72 30.22 31.00 31.47 30.81 29.99 30.06 30.07 30.06 30.06 30.05 30.05 30.05 30.05 30.04 30.04 30.04 30.04 30.04 30.04 30.04 30.04 30.04 30.04 30.04 30.04 30.04 30.04 30.04 30.04 30.04 30.04
30.06 30.07 30.09 30.11 30.14 30.18 30.23 30.27 30.24 29.68 30.41 31.00 31.31 30.40 31.12 29.49 30.41 29.40 30.23 30.87 31.10 31.53 30.92 31.58 30.00 30.05 30.05 30.05 30.05 30.04 30.04 30.04 30.04 30.04 30.04 30.04 30.04 30.04 30.04 30.04 30.04 30.04 30.04 30.04 30.04 30.04 30.04 30.04 30.04 30.04
30.05 30.06 30.08 30.10 30.13 30.17 30.20 30.22 30.26 30.30 30.35 30.40 30.45 31.41 31.11 30.68 30.81 30.00 30.64 30.53 30.98 30.77 29.92 30.01 30.05 30.05 30.05 30.04 30.04 30.04 30.04 30.04 30.03 30.03 30.03 30.03 30.03 30.03 30.03 30.03 30.04 30.04 30.04 30.04 30.04 30.04 30.04 30.04 30.04 30.04
30.04 30.05 30.06 30.08 30.11 30.13 30.15 30.18 30.21 30.25 30.30 30.36 30.43 31.53 31.15 30.97 30.85 30.04 30.57 30.87 30.96 30.74 29.92 30.05 30.05 30.04 30.04 30.04 30.04 30.04 30.03 30.03 30.03 30.03 30.03 30.03 30.03 30.03 30.03 30.03 30.03 30.03 30.03 30.03 30.03 30.03 30.03 30.03 30.03 30.03
30.03 30.04 30.05 30.06 30.08 30.10 30.11 30.13 30.15 30.18 30.22 30.27 30.35 31.53 31.28 31.14 30.88 30.56 30.56 30.79 30.92 29.91 30.05 30.05 30.04 30.04 30.03 30.03 30.03 30.03 30.03 30.03 30.03 30.03 30.03 30.03 30.03 30.03 30.03 30.03 30.03 30.03 30.03 30.03 30.03 30.03 30.03 30.03 30.03 30.03
30.02 30.03 30.04 30.05 30.06 30.06 30.07 30.08 30.09 30.11 30.12 30.15 30.19 30.26 31.28 31.14 30.36 30.64 31.03 30.76 29.87 30.05 30.04 30.04 30.03 30.03 30.03 30.03 30.03 30.03 30.03 30.03 30.03 30.03 30.03 30.03 30.03 30.03 30.03 30.03 30.03 30.03 30.03 30.03 30.03 30.03 30.03 30.03 30.03 30.03
30.01 30.02 30.03 30.03 30.04 30.04 30.05 30.05 30.05 30.06 30.06 30.07 30.08 30.09 30.09 30.09 30.09 29.85 30.06 30.05 30.04 30.04 30.04 30.03 30.03 30.03 30.02 30.02 30.02 30.02 30.02 30.02 30.02 30.02 30.02 30.02 30.02 30.02 30.02 30.02 30.02 30.02 30.02 30.03 30.03 30.03 30.03 30.03 30.03 30.03
30.01 30.01 30.02 30.02 30.02 30.03 30.03 30.03 30.03 30.04 30.04 30.05 30.05 30.05 30.06 30.06 30.05 29.83 30.04 30.04 30.04 30.03 30.03 30.03 30.02 30.02 30.02 30.02 30.02 30.02 30.02 30.02 30.02 30.02 30.02 30.02 30.02 30.02 30.02 30.02 30.02 30.02 30.02 30.02 30.02 30.02 30.02 30.02 30.02 30.02
30.00 30.01 30.01 30.01 30.01 30.02 30.02 30.02 30.02 30.03 30.03 30.03 30.03 30.04 30.04 30.04 30.04 30.04 30.04 30.03 30.03 30.03 30.03 30.02 30.02 30.02 30.02 30.02 30.02 30.02 30.02 30.02 30.02 30.02 30.02 30.02 30.02 30.02 30.02 30.02 30.02 30.02 30.02 30.02 30.02 30.02 30.02 30.02 30.02 30.02
30.00 30.00 30.00 30.01 30.01 30.01 30.01 30.01 30.02 30.02 30.02 30.02 30.02 30.03 30.03 30.03 30.03 30.03 30.03 30.03 30.03 30.02 30.02 30.02 30.02 30.02 30.02 30.02 30.02 30.01 30.01 30.01 30.02 30.02 30.01 30.01 30.01 30.01 30.01 30.01 30.01 30.02 30.01 30.02 30.02 30.02 30.02 30.02 30.02 30.02
30.00 30.00 30.00 30.00 30.00 30.00 30.01 30.01 30.01 30.02 30.02 30.02 30.02 30.02 30.02 30.02 30.02 30.02 30.02 30.02 30.02 30.02 30.02 30.02 30.01 30.01 30.01 30.01 30.01 30.01 30.01 30.01 30.01 30.01 30.01 30.01 30.01 30.01 30.01 30.01 30.01 30.01 30.01 30.01 30.01 30.01 30.02 30.02 30.02 30.02
29.99 29.99 29.99 29.99 30.00 30.00 30.00 30.01 30.01 30.01 30.01 30.01 30.01 30.01 30.02 30.02 30.02 30.02 30.02 30.02 30.02 30.02 30.01 30.01 30.01 30.01 30.01 30.01 30.01 30.01 30.01 30.01 30.01 30.01 30.01 30.01 30.01 30.01 30.01 30.01 30.01 30.01 30.01 30.01 30.01 30.01 30.01 30.01 30.01 30.01
