Raw_GIS_Data/Climate_scenarios/ProcessedData/month_4_rainfall_rcp45.asc
NCOLS 50
NROWS 26
XLLCENTER 512998.000000
YLLCENTER 8407694.000000
CELLSIZE 800.000000
NODATA_value -999.000000
 8.28  8.05  7.88  7.74  7.53  7.26  7.05  6.95  6.97  7.04  7.11  7.25  7.42  7.54  7.64  7.77  7.93  8.06  8.11  8.17  8.32  8.44  8.46  8.38  8.20  8.08  8.10  8.11  8.11  8.17  8.28  8.43  8.66  8.91  9.02  8.89  8.69  8.45  8.17  8.00  7.97  8.08  8.32  8.57  8.68  8.68  8.67  8.73  8.80  8.75
 8.12  7.98  7.79  7.61  7.45  7.27  7.09  6.98  7.00  7.10  7.18  7.28  7.46  7.63  7.73  7.87  8.07  8.24  8.32  8.34  8.41  8.51  8.59  8.59  8.48  8.40  8.42  8.45  8.50  8.62  8.73  8.80  8.94  9.16  9.23  9.02  8.79  8.57  8.33  8.15  8.09  8.19  8.46  8.78  8.92  8.85  8.72  8.71  8.80  8.83
 7.76  7.75  7.60  7.46  7.41  7.33  7.22  7.10  7.11  7.21  7.28  7.36  7.54  7.75  7.90  8.08  8.30  8.46  8.51  8.50  8.53  8.64  8.80  8.90  8.92  8.95  9.01  9.05  9.12  9.19  9.28  9.33  9.42  9.51  9.46  9.25  9.00  8.75  8.53  8.40  8.37  8.47  8.73  9.04  9.20  9.13  8.99  8.94  9.01  9.04
 7.41  7.39  7.29  7.22  7.25  7.28  7.28  7.24  7.25  7.31  7.31  7.31  7.49  7.76  7.98  8.22  8.47  8.65  8.69  8.66  8.71  8.89  9.12  9.33  9.54  9.73  9.89 10.01 10.03  9.93  9.95  9.93 10.01 10.01  9.87  9.62  9.39  9.08  8.79  8.68  8.71  8.83  9.05  9.29  9.42  9.45  9.40  9.35  9.30  9.22
 7.26  7.16  7.04  7.02  7.08  7.16  7.26  7.34  7.42  7.46  7.38  7.32  7.47  7.76  8.01  8.26  8.54  8.78  8.87  8.90  9.01  9.23  9.49  9.82 10.21 10.62 10.98 11.21 11.15 10.98 10.92 10.64 10.54 10.60 10.41 10.11  9.91  9.57  9.24  9.10  9.13  9.29  9.55  9.69  9.72  9.82  9.87  9.75  9.50  9.30
 7.36  7.18  7.02  7.00  7.04  7.08  7.22  7.37  7.51  7.62  7.58  7.56  7.72  7.96  8.15  8.39  8.69  8.95  9.12  9.26  9.44  9.62  9.87 10.31 10.89 11.44 11.89 12.00 11.79 11.75 11.79 11.42 11.11 11.14 10.87 10.71 10.42 10.09  9.89  9.76  9.61  9.73 10.04 10.09 10.03 10.10 10.13  9.92  9.57  9.30
 7.62  7.39  7.17  7.07  7.03  7.03  7.18  7.39  7.57  7.69  7.70  7.76  7.96  8.17  8.34  8.59  8.89  9.13  9.28  9.42  9.61  9.77  9.99 10.48 11.02 11.37 11.64 11.55 11.25 11.36 11.62 11.81 11.87 11.90 11.59 11.12 10.55 10.33 10.35 10.30  9.96  9.85 10.00 10.01  9.99 10.01 10.02  9.84  9.50  9.23
 7.88  7.59  7.31  7.12  7.03  7.04  7.17  7.38  7.60  7.73  7.74  7.80  8.00  8.23  8.47  8.74  8.99  9.17  9.25  9.33  9.53  9.81 10.15 10.54 10.72 10.80 10.87 10.89 10.88 11.08 11.59 12.32 12.59 12.30 11.76 11.04 10.57 10.48 10.48 10.38 10.01  9.65  9.58  9.57  9.62  9.66  9.70  9.60  9.33  9.06
 8.02  7.68  7.38  7.21  7.16  7.17  7.25  7.39  7.60  7.79  7.87  7.94  8.08  8.32  8.64  8.96  9.18  9.29  9.33  9.45  9.84 10.38 10.83 11.20 11.23 11.17 10.93 10.81 10.76 10.97 11.51 12.01 11.97 11.74 11.26 10.86 10.62 10.57 10.55 10.30  9.86  9.50  9.32  9.23  9.26  9.38  9.46  9.38  9.17  8.95
 8.02  7.71  7.47  7.39  7.41  7.47  7.52  7.60  7.77  8.04  8.30  8.49  8.61  8.81  9.15  9.53  9.74  9.76  9.84 10.14 10.84 11.57 11.95 12.67 13.04 12.58 11.31 10.92 10.84 10.96 11.20 11.35 11.19 10.94 10.73 10.61 10.45 10.37 10.34 10.17  9.82  9.51  9.30  9.18  9.22  9.37  9.38  9.20  9.05  8.95
 7.92  7.78  7.73  7.78  7.86  7.94  8.05  8.20  8.37  8.68  9.20  9.71  9.98 10.09 10.33 10.75 10.91 10.78 11.00 11.54 12.11 12.79 13.45 14.18 14.38 13.89 11.82 11.07 10.96 11.00 10.98 10.87 10.65 10.35 10.26 10.25 10.13 10.03 10.06 10.04  9.79  9.52  9.39  9.40  9.53  9.61  9.43  9.17  9.07  9.06
 8.05  8.03  8.17  8.34  8.44  8.55  8.80  9.15  9.47  9.89 10.58 11.43 11.97 12.16 12.46 12.79 12.69 12.46 12.75 13.16 13.10 13.42 14.02 13.84 13.12 12.58 11.31 10.67 10.73 10.90 10.82 10.58 10.27  9.98  9.87  9.93  9.91  9.85  9.92  9.97  9.75  9.50  9.48  9.65  9.90  9.96  9.68  9.38  9.27  9.24
 8.57  8.52  8.62  8.81  8.96  9.18  9.64 10.31 11.06 11.64 12.22 13.09 13.83 14.35 14.90 15.26 14.86 14.38 14.39 14.22 13.33 13.31 13.41 12.85 11.98 11.26 10.44 10.13 10.37 10.67 10.70 10.51 10.19  9.85  9.70  9.81  9.90  9.91 10.00 10.03  9.83  9.57  9.53  9.73 10.03 10.16  9.95  9.67  9.51  9.39
 9.21  9.12  9.11  9.21  9.39  9.74 10.43 11.43 12.53 13.23 13.74 14.41 15.15 15.90 16.58 17.13 16.58 15.61 15.17 14.51 13.21 12.82 12.43 11.95 11.30 10.60 10.04  9.94 10.19 10.48 10.61 10.55 10.27  9.98  9.87  9.95 10.02 10.04 10.11 10.10  9.95  9.73  9.60  9.69  9.98 10.19 10.13  9.91  9.71  9.53
 9.74  9.67  9.58  9.63  9.86 10.33 11.06 11.93 12.87 13.42 13.84 14.54 15.28 16.06 16.60 17.00 16.68 15.90 14.90 13.66 12.49 11.98 11.73 11.47 11.00 10.49 10.14 10.12 10.25 10.35 10.46 10.45 10.30 10.18 10.22 10.20 10.09 10.03 10.07 10.05  9.90  9.74  9.61  9.66  9.90 10.10 10.12  9.99  9.78  9.56
10.08 10.02  9.93  9.99 10.24 10.54 10.89 11.41 12.12 12.76 13.30 13.91 14.32 14.68 15.11 15.69 15.68 15.09 13.79 12.57 11.84 11.55 11.50 11.35 11.05 10.70 10.54 10.51 10.40 10.30 10.29 10.26 10.19 10.22 10.39 10.32 10.07  9.98 10.00  9.96  9.77  9.60  9.52  9.60  9.82  9.97  9.97  9.85  9.63  9.42
10.25 10.23 10.27 10.37 10.45 10.47 10.59 11.02 11.63 12.25 12.81 13.16 13.15 13.18 13.71 14.43 14.44 13.72 12.51 11.84 11.60 11.55 11.53 11.40 11.18 10.95 10.89 10.84 10.59 10.39 10.32 10.28 10.20 10.25 10.41 10.33 10.13 10.06 10.04  9.95  9.73  9.54  9.47  9.53  9.75  9.92  9.86  9.68  9.49  9.32
10.55 10.63 10.72 10.75 10.69 10.67 10.84 11.20 11.62 12.07 12.43 12.52 12.45 12.62 13.16 13.61 13.54 12.89 11.96 11.52 11.44 11.46 11.41 11.29 11.15 11.03 10.98 10.96 10.79 10.60 10.53 10.49 10.42 10.38 10.41 10.31 10.20 10.16 10.06  9.92  9.77  9.64  9.54  9.57  9.75  9.93  9.88  9.71  9.56  9.43
10.85 10.93 10.96 10.95 10.97 11.06 11.26 11.48 11.65 11.89 12.05 12.15 12.40 12.74 13.05 13.16 12.95 12.38 11.72 11.30 11.12 11.06 10.99 10.97 10.99 10.92 10.85 10.92 10.96 10.80 10.64 10.58 10.55 10.50 10.45 10.34 10.23 10.18 10.06  9.91  9.86  9.82  9.75  9.73  9.80  9.89  9.90  9.82  9.71  9.62
10.87 10.87 10.88 10.99 11.17 11.31 11.49 11.61 11.58 11.59 11.72 12.03 12.44 12.73 12.88 12.85 12.47 11.83 11.33 11.07 10.84 10.65 10.53 10.55 10.63 10.65 10.64 10.77 10.95 10.85 10.61 10.50 10.53 10.56 10.56 10.50 10.40 10.31 10.17 10.01  9.94  9.93  9.93  9.89  9.83  9.78  9.76  9.77  9.74  9.71
10.70 10.67 10.80 11.09 11.26 11.28 11.35 11.43 11.33 11.27 11.45 11.81 12.09 12.27 12.47 12.36 11.89 11.37 11.01 10.83 10.61 10.37 10.19 10.16 10.21 10.28 10.33 10.50 10.72 10.71 10.55 10.47 10.49 10.56 10.60 10.61 10.60 10.50 10.31 10.12  9.99  9.94  9.94  9.86  9.71  9.57  9.51  9.59  9.72  9.78
10.60 10.71 10.97 11.22 11.25 11.10 11.01 11.01 10.95 10.96 11.20 11.45 11.52 11.70 11.95 11.84 11.46 11.11 10.84 10.64 10.41 10.13  9.91  9.85  9.90  9.98 10.01 10.14 10.34 10.43 10.42 10.40 10.38 10.41 10.45 10.52 10.59 10.48 10.27 10.12 10.01  9.88  9.75  9.57  9.39  9.27  9.25  9.43  9.73  9.94
10.74 10.90 11.15 11.23 11.11 10.85 10.66 10.62 10.68 10.77 10.93 11.04 11.03 11.19 11.41 11.39 11.15 10.90 10.70 10.48 10.22  9.93  9.71  9.65  9.72  9.79  9.78  9.83  9.98 10.11 10.16 10.17 10.12 10.10 10.14 10.27 10.40 10.36 10.16 10.03  9.94  9.75  9.50  9.25  9.03  8.95  9.03  9.30  9.67  9.97
10.86 10.93 11.04 11.00 10.83 10.61 10.43 10.38 10.50 10.62 10.71 10.72 10.67 10.77 10.94 10.98 10.83 10.62 10.50 10.35 10.09  9.84  9.68  9.67  9.73  9.71  9.63  9.61  9.77  9.94  9.97  9.90  9.80  9.73  9.77  9.94 10.11 10.14  9.99  9.84  9.74  9.58  9.38  9.17  8.94  8.81  8.90  9.19  9.53  9.79
10.77 10.75 10.71 10.62 10.55 10.52 10.44 10.31 10.31 10.42 10.48 10.40 10.29 10.35 10.51 10.58 10.48 10.37 10.39 10.38 10.16  9.93  9.86  9.94 10.01  9.86  9.61  9.50  9.67  9.91  9.92  9.72  9.53  9.47  9.53  9.66  9.76  9.79  9.71  9.61  9.57  9.54  9.50  9.38  9.15  8.97  8.99  9.22  9.47  9.60
10.61 10.56 10.43 10.34 10.43 10.53 10.47 10.30 10.17 10.18 10.17 10.05  9.92  9.96 10.14 10.26 10.29 10.38 10.51 10.54 10.39 10.22 10.22 10.36 10.45 10.22  9.81  9.56  9.66  9.89  9.91  9.71  9.52  9.46  9.49  9.51  9.50  9.47  9.44  9.46  9.57  9.67  9.66  9.53  9.36  9.24  9.27  9.42  9.54  9.53
