Raw_GIS_Data/Climate_scenarios/ProcessedData/yearly_rainfall_present.asc
NCOLS 50
NROWS 26
XLLCENTER 512998.000000
YLLCENTER 8407694.000000
CELLSIZE 800.000000
NODATA_value -999.000000
89.34 89.83 90.11 90.29 90.43 90.50 90.44 90.53 91.09 92.00 93.18 94.42 95.41 96.03 96.26 96.19 96.02 95.80 95.77 96.13 96.55 96.96 97.67 98.77 100.01 101.15 102.22 103.34 104.36 105.06 105.57 106.27 107.29 108.04 108.21 108.15 108.39 109.00 109.45 109.76 110.20 110.63 110.61 110.29 110.17 110.16 109.98 109.92 110.11 110.26
89.22 89.45 89.55 89.43 89.14 89.17 89.59 90.13 90.66 91.26 92.27 93.79 95.44 96.76 97.52 97.74 97.71 97.65 97.84 98.44 99.12 99.69 100.25 101.09 102.30 103.48 104.46 105.47 106.46 107.30 107.84 108.26 108.97 109.70 110.05 109.94 109.77 109.81 109.86 109.96 110.35 110.93 111.08 110.93 110.98 110.87 110.21 109.45 109.14 109.31
89.59 89.36 89.16 88.88 88.42 88.38 89.05 89.85 90.36 90.82 91.77 93.44 95.43 97.31 98.62 99.23 99.61 100.04 100.49 101.13 102.06 103.15 104.07 105.00 106.28 107.70 108.75 109.66 110.76 111.56 111.80 111.61 111.89 112.50 112.78 112.42 111.69 111.19 111.03 111.09 111.43 111.84 111.83 111.35 111.05 110.68 109.67 108.46 107.79 107.85
90.52 89.88 89.56 89.27 88.84 88.76 89.36 90.16 90.65 91.21 92.41 94.09 95.91 97.74 99.37 100.61 101.73 102.76 103.55 104.52 106.04 107.97 109.87 111.76 113.74 115.73 117.33 118.58 119.47 119.32 119.55 117.83 117.20 117.34 117.37 115.57 114.32 113.82 113.57 113.32 113.28 113.36 113.08 111.99 110.83 109.84 108.59 107.41 106.84 106.87
91.92 91.05 90.63 90.46 90.29 90.17 90.48 91.18 91.80 92.59 94.04 95.71 97.30 98.81 100.45 102.33 104.31 106.13 107.70 109.62 112.15 115.26 118.80 122.64 126.32 130.17 133.19 134.58 133.91 133.41 134.09 129.59 125.72 125.78 124.67 120.89 118.98 118.34 118.04 117.25 116.15 115.78 116.05 114.34 111.62 109.64 108.24 107.23 106.82 106.88
93.67 92.65 91.88 91.70 91.84 91.89 92.19 92.96 93.95 95.10 96.56 98.16 99.73 101.24 103.08 105.54 108.22 110.77 113.37 116.45 120.01 124.24 129.36 135.05 141.10 146.30 150.20 150.03 146.53 146.69 148.69 143.79 137.12 135.74 131.72 128.83 125.59 123.49 123.65 123.09 120.04 118.65 119.37 116.98 112.89 110.15 108.79 107.99 107.50 107.31
95.42 94.34 93.31 92.98 93.28 93.65 94.30 95.48 96.95 98.45 99.95 101.51 103.11 104.74 106.96 109.97 113.10 115.99 118.99 122.43 126.30 130.77 135.96 142.12 147.13 149.02 150.56 148.10 142.83 143.90 147.58 149.27 147.13 144.15 138.53 133.11 126.28 123.30 124.52 125.62 122.37 119.59 119.13 116.40 112.79 110.38 109.21 108.52 107.82 107.32
96.86 95.85 95.06 94.87 95.35 96.09 97.27 98.96 100.69 102.36 104.05 105.73 107.27 108.92 111.41 114.81 118.25 121.14 123.87 127.16 131.08 135.49 141.09 146.29 146.53 144.49 142.64 140.31 137.98 139.66 144.76 151.75 151.92 144.27 136.21 128.00 121.83 119.73 120.17 121.80 120.84 117.49 115.72 113.70 111.66 110.04 109.00 108.28 107.53 107.02
98.33 97.56 97.34 97.74 98.56 99.63 101.29 103.42 105.42 107.32 109.34 111.29 112.98 114.79 117.58 121.34 125.00 127.91 130.60 134.32 139.69 145.53 151.30 156.99 156.20 152.61 146.03 140.81 137.05 136.52 139.24 141.94 138.86 133.71 126.42 120.72 117.42 115.95 116.17 116.75 115.64 113.79 112.49 111.08 109.90 109.07 108.40 107.46 106.99 106.96
100.83 100.45 100.90 101.99 103.24 104.66 106.71 109.28 111.97 114.74 117.74 120.89 123.20 125.22 127.93 132.26 136.57 138.99 141.98 147.09 154.90 162.20 165.92 175.23 178.98 171.45 151.87 141.81 135.73 132.26 130.90 129.96 126.82 123.79 119.64 116.32 113.81 112.50 111.99 111.79 110.99 110.44 109.74 108.72 107.83 107.51 107.22 106.44 106.55 107.09
104.82 104.99 106.13 107.93 109.88 112.10 114.87 118.07 121.72 126.22 132.49 138.89 142.70 143.82 146.10 151.91 156.12 155.64 158.54 164.88 169.93 175.88 181.80 188.91 190.18 182.90 154.63 140.22 132.72 127.97 125.25 123.07 120.68 118.44 116.40 114.11 111.86 110.16 109.06 108.35 107.98 107.86 107.74 107.08 106.26 105.77 105.57 105.56 106.11 106.85
109.92 110.77 112.66 115.43 118.62 122.28 126.72 131.71 137.37 144.94 154.06 164.42 170.62 171.83 175.60 181.56 181.72 177.12 177.02 179.37 175.76 176.66 180.20 175.92 166.21 160.07 144.38 133.11 127.27 123.79 121.30 119.10 116.97 115.38 114.20 112.67 110.53 108.53 107.24 106.49 106.05 106.10 106.39 106.20 105.53 104.91 104.60 104.86 105.41 105.99
116.61 118.14 120.82 124.59 129.22 134.80 141.67 150.12 159.96 168.67 176.67 187.74 196.53 200.70 205.92 211.18 206.25 196.43 189.66 183.01 169.37 165.04 162.43 154.58 145.15 139.83 132.07 126.06 122.24 119.54 117.69 116.14 114.57 113.16 112.00 110.62 108.78 106.99 105.77 104.96 104.33 104.22 104.66 104.87 104.45 103.94 103.68 103.88 104.40 105.00
124.41 126.44 129.68 134.26 140.06 146.96 155.24 165.55 176.73 184.35 190.33 198.56 206.60 212.70 217.92 224.84 218.21 201.44 188.11 177.69 161.48 154.21 146.34 139.23 133.19 128.91 124.78 121.26 118.15 115.90 114.54 113.61 112.70 111.42 109.98 108.57 107.04 105.59 104.53 103.68 102.89 102.40 102.43 102.64 102.61 102.40 102.12 102.20 102.89 103.88
130.77 133.09 136.41 141.00 146.61 152.91 159.32 166.70 174.73 178.68 182.02 189.17 196.62 203.24 207.53 211.91 205.95 191.08 175.55 163.68 151.60 143.83 136.90 131.30 126.71 123.37 120.59 117.90 115.33 113.30 112.11 111.28 110.35 109.10 107.93 106.99 105.99 104.92 103.98 103.12 102.29 101.48 100.74 100.39 100.49 100.56 100.40 100.55 101.40 102.58
134.93 137.03 139.50 142.64 146.27 149.88 153.52 157.56 162.07 165.07 168.34 174.83 180.61 185.46 188.26 189.86 185.01 176.11 163.61 152.70 143.61 136.74 131.31 126.54 123.14 120.39 117.93 115.72 113.44 111.42 110.13 109.12 107.82 106.52 105.73 105.41 105.22 104.78 104.12 103.48 102.72 101.65 100.34 99.38 99.21 99.41 99.67 100.17 100.94 101.74
136.51 137.62 138.73 140.34 142.37 144.39 146.66 149.25 151.69 154.49 158.27 163.05 166.75 169.92 171.97 172.91 170.43 164.78 154.91 145.98 138.32 132.39 127.37 123.43 120.81 118.44 116.03 113.88 111.78 109.86 108.42 107.19 105.72 104.42 103.80 104.02 104.54 104.63 104.38 104.11 103.43 102.19 100.71 99.58 99.29 99.61 100.17 100.72 101.14 101.37
135.80 136.20 136.59 137.33 138.51 140.01 142.16 144.40 146.31 148.54 151.43 154.21 156.43 158.60 160.51 161.42 160.24 155.87 148.14 140.70 134.21 128.66 123.77 120.44 118.51 116.56 114.29 112.17 110.27 108.65 107.13 105.60 104.12 102.95 102.60 103.29 104.31 104.75 104.58 104.17 103.40 102.19 100.85 99.85 99.63 100.11 100.79 101.21 101.26 101.14
134.82 135.02 135.19 135.53 136.47 138.06 140.00 141.84 143.25 144.65 146.10 147.26 148.32 149.51 151.01 152.08 150.86 146.53 140.93 135.63 130.21 124.96 120.56 118.02 116.56 114.95 112.98 111.00 109.23 107.81 106.36 104.77 103.40 102.46 102.34 103.13 104.31 104.96 104.54 103.62 102.80 101.91 100.81 99.88 99.61 100.01 100.62 100.98 101.00 100.91
134.26 134.44 134.59 134.95 136.10 137.55 138.84 139.90 140.58 140.99 141.14 141.18 141.29 141.82 142.93 143.62 142.10 137.77 133.62 130.41 126.40 122.05 118.51 116.41 115.05 113.67 112.06 110.33 108.68 107.21 105.88 104.65 103.55 102.69 102.45 102.80 103.61 104.18 103.84 102.92 102.18 101.60 100.83 100.01 99.72 99.99 100.35 100.61 100.75 100.86
133.38 133.40 133.44 133.92 134.99 135.98 136.62 136.93 136.97 136.77 136.16 135.27 134.90 135.41 135.85 135.01 133.12 130.46 127.79 125.52 122.78 119.84 117.09 115.05 113.57 112.26 111.03 109.71 108.35 106.95 105.66 104.71 103.91 103.14 102.63 102.26 102.31 102.68 102.73 102.19 101.55 101.12 100.78 100.32 100.08 100.30 100.59 100.86 101.19 101.39
131.49 131.16 131.03 131.49 132.20 132.66 132.62 132.47 132.45 132.44 131.56 130.14 129.49 129.57 129.23 128.09 126.87 125.59 123.71 121.70 119.42 117.14 115.10 113.44 112.13 110.96 110.02 109.03 107.94 106.67 105.28 104.31 103.93 103.57 102.93 101.98 101.36 101.39 101.53 101.29 100.83 100.57 100.52 100.34 100.14 100.39 100.85 101.32 101.81 102.08
128.75 128.32 128.05 128.21 128.40 128.26 127.93 127.84 128.08 128.23 127.58 126.20 124.97 124.14 123.44 122.70 122.04 121.38 120.17 118.36 116.28 114.35 112.78 111.55 110.53 109.71 109.08 108.34 107.33 106.17 104.95 103.97 103.63 103.62 103.10 101.94 101.02 100.69 100.52 100.34 100.19 100.14 100.16 100.07 99.91 100.19 100.72 101.23 101.75 102.17
125.45 125.31 125.10 124.90 124.62 124.27 124.12 124.18 124.27 124.27 123.79 122.52 120.96 119.98 119.42 118.80 118.09 117.53 116.65 115.15 113.58 112.22 110.88 109.71 108.86 108.31 107.87 107.35 106.52 105.61 104.98 104.17 103.40 103.21 102.86 101.97 101.14 100.54 99.95 99.64 99.76 100.01 100.16 100.04 99.76 99.87 100.28 100.73 101.26 101.86
122.27 122.39 122.19 121.91 121.61 121.29 121.19 121.14 121.01 120.82 120.24 118.96 117.61 117.06 116.79 116.29 115.49 114.62 113.64 112.38 111.36 110.61 109.61 108.38 107.42 106.80 106.25 105.75 105.15 104.63 104.50 104.08 103.10 102.48 102.18 101.69 101.06 100.26 99.43 99.11 99.39 99.85 100.27 100.27 99.89 99.77 99.94 100.28 100.79 101.34
119.86 119.83 119.55 119.38 119.23 118.88 118.50 118.30 118.22 118.07 117.50 116.32 115.36 114.93 114.59 114.09 113.42 112.49 111.51 110.45 109.67 109.31 108.71 107.50 106.07 105.03 104.48 104.13 103.75 103.47 103.44 103.22 102.44 101.63 101.23 100.96 100.52 99.82 99.12 98.95 99.18 99.50 99.97 100.28 100.05 99.73 99.71 99.97 100.40 100.76
