Raw_GIS_Data/Climate_scenarios/ProcessedData/yearly_rainfall_rcp45.asc
NCOLS 50
NROWS 26
XLLCENTER 512998.000000
YLLCENTER 8407694.000000
CELLSIZE 800.000000
NODATA_value -999.000000
109.06 109.08 108.93 108.71 108.71 108.95 109.53 110.50 111.38 111.80 111.78 111.64 111.89 112.93 114.32 115.41 116.15 116.98 118.02 118.92 119.29 119.78 121.04 122.48 123.51 124.26 124.73 125.45 127.01 128.87 130.33 131.19 131.93 133.03 134.21 134.92 134.94 134.19 133.23 132.96 132.92 132.28 131.29 130.52 130.06 129.98 130.32 130.93 131.41 131.47
108.66 108.68 108.56 108.51 108.71 109.04 109.55 110.18 110.64 110.85 110.97 111.01 111.49 112.80 114.68 116.58 117.97 118.96 120.04 121.11 121.72 122.34 123.45 124.78 125.96 126.99 127.63 128.56 130.26 131.85 132.95 133.58 134.22 135.28 136.26 136.38 135.90 135.04 134.01 133.41 133.19 132.74 131.86 130.95 130.22 129.89 130.07 130.70 131.23 131.20
108.64 108.45 108.27 108.33 108.64 108.93 109.28 109.78 110.16 110.36 110.74 111.26 112.11 113.63 115.78 118.20 120.10 121.36 122.56 123.84 125.08 126.34 127.74 129.27 130.82 132.36 133.57 134.67 135.81 136.33 136.98 137.66 138.26 138.79 138.96 138.54 137.70 136.58 135.44 134.61 134.21 133.93 133.06 131.71 130.57 130.02 130.00 130.39 130.69 130.49
108.67 108.28 107.97 108.06 108.30 108.52 108.91 109.54 110.09 110.53 111.20 112.16 113.41 115.15 117.38 119.75 121.92 123.91 125.83 127.61 129.46 131.59 133.95 136.54 139.32 142.05 144.41 145.99 146.03 144.65 145.15 144.62 144.99 144.92 144.48 142.43 141.06 139.48 137.92 136.84 136.33 136.17 135.26 133.32 131.51 130.62 130.27 130.17 130.10 129.90
108.52 108.29 107.96 107.87 107.92 108.16 108.84 109.72 110.46 111.22 112.24 113.52 115.10 117.22 119.60 121.79 124.05 126.80 129.93 132.88 135.65 138.77 142.53 146.97 151.86 157.11 161.30 163.13 161.65 160.20 160.72 156.89 154.26 154.69 153.04 149.04 146.88 144.58 142.39 140.65 139.61 139.55 139.49 136.73 133.38 131.72 131.07 130.55 130.01 129.72
108.76 108.78 108.61 108.28 108.00 108.24 109.23 110.42 111.44 112.55 114.08 115.92 117.93 120.44 123.14 125.53 128.01 131.32 135.48 139.78 143.85 148.11 153.21 159.44 166.84 173.36 178.12 177.78 173.60 173.50 175.66 171.13 165.25 164.13 160.06 157.81 154.11 150.24 148.44 146.82 143.44 142.45 143.22 139.58 134.89 132.57 131.77 131.07 130.34 129.98
110.01 109.99 109.83 109.38 108.96 109.16 110.19 111.61 113.05 114.69 116.96 119.54 122.12 125.02 128.16 131.11 134.00 137.48 141.70 146.36 151.21 156.24 161.61 168.34 173.70 175.89 177.52 174.19 168.22 169.25 173.55 176.31 174.76 171.81 166.42 161.42 153.96 149.85 149.72 149.59 144.96 141.93 141.51 137.93 134.14 132.33 131.70 131.17 130.68 130.41
112.15 111.77 111.51 111.16 111.00 111.31 112.16 113.66 115.65 118.04 121.20 124.64 127.79 131.03 134.59 138.04 141.15 144.36 148.06 152.41 157.41 162.73 168.79 173.71 172.88 170.41 168.32 166.03 163.64 165.38 171.07 178.79 178.79 170.76 162.93 154.87 148.76 146.09 145.09 145.03 142.38 138.19 136.34 134.08 132.31 131.65 131.45 131.09 130.88 130.86
115.11 114.44 114.18 114.24 114.64 115.23 116.08 117.72 120.22 123.38 127.34 131.60 135.41 138.92 142.73 146.50 149.85 153.13 156.77 161.34 167.53 174.28 180.50 185.42 182.90 178.06 171.00 166.46 162.92 162.49 165.16 167.08 163.10 158.38 151.85 147.16 144.35 142.35 141.18 139.81 136.84 134.17 132.56 131.08 130.56 131.20 131.67 131.17 131.05 131.20
119.38 118.64 118.33 118.83 119.86 120.94 122.28 124.60 128.07 132.26 136.98 142.31 146.93 150.74 154.24 158.27 162.34 165.59 170.03 176.12 184.66 192.33 196.26 205.85 208.37 198.87 177.50 168.14 161.69 157.49 155.25 153.30 149.72 146.94 143.67 141.62 139.80 138.29 137.03 135.85 133.70 131.94 130.44 129.44 129.34 130.43 131.24 130.74 130.74 131.08
124.66 124.24 124.01 124.93 126.73 128.70 131.20 134.93 139.98 146.09 153.83 161.86 167.98 171.16 174.28 179.32 182.48 182.92 188.07 195.50 200.98 207.29 213.32 220.10 221.14 213.55 182.24 167.22 158.27 152.04 148.29 145.83 143.48 140.95 138.95 137.39 136.04 135.02 134.34 133.68 132.30 130.70 129.58 128.93 128.74 129.09 129.66 129.93 130.34 130.81
130.77 131.08 131.59 133.38 136.16 139.36 143.70 149.55 157.30 167.45 178.40 190.36 198.87 202.66 207.57 212.17 210.10 206.04 208.12 211.72 208.10 208.90 211.11 204.49 194.27 188.70 171.36 159.12 151.99 147.10 143.71 141.71 139.91 137.89 136.11 134.91 133.97 133.42 133.13 132.67 131.52 130.27 129.46 129.08 128.87 128.75 128.95 129.56 130.24 130.82
138.00 139.18 140.94 144.09 148.28 153.04 159.27 168.38 180.92 192.88 203.69 216.96 228.31 235.44 242.18 246.80 239.44 228.38 222.34 216.39 201.45 196.21 191.56 181.71 171.67 166.19 157.51 151.20 146.79 142.97 140.20 138.76 137.43 135.84 134.44 133.45 132.96 132.74 132.55 132.09 131.10 130.06 129.41 129.23 129.25 129.16 129.23 129.67 130.28 130.85
145.68 147.71 150.61 155.05 160.72 167.09 175.10 186.25 199.91 210.47 218.84 228.78 239.62 249.17 256.67 264.58 255.86 235.70 220.88 209.75 191.38 183.20 173.80 165.92 159.34 154.65 150.17 146.61 143.25 140.16 137.93 136.84 135.89 134.72 133.53 132.59 132.17 131.99 131.69 131.12 130.39 129.64 129.16 129.09 129.22 129.28 129.45 129.78 130.21 130.68
152.43 154.98 158.51 163.54 169.44 175.89 182.92 191.56 201.65 207.05 210.86 218.39 227.60 237.39 244.05 249.71 243.07 225.49 206.32 192.22 179.04 170.94 163.66 157.97 153.18 149.87 147.13 144.28 141.41 138.76 136.70 135.61 134.90 134.06 132.99 132.01 131.30 130.79 130.30 129.58 129.03 128.75 128.57 128.49 128.52 128.54 128.77 129.23 129.72 130.20
157.80 160.36 163.81 168.16 172.22 175.58 179.40 184.87 191.66 195.69 198.17 203.34 208.95 215.38 220.46 223.83 219.19 208.66 192.48 179.85 170.58 163.36 157.88 153.26 149.89 147.44 145.43 143.10 140.41 137.80 135.68 134.47 133.70 132.89 131.90 130.88 129.98 129.26 128.60 127.72 127.07 127.18 127.49 127.62 127.54 127.42 127.61 128.14 128.73 129.25
162.04 164.39 166.97 169.36 170.86 171.97 174.28 178.48 182.91 185.94 187.89 190.45 193.35 197.74 202.15 204.55 201.76 194.66 182.60 172.94 165.03 158.72 153.85 150.03 147.19 145.16 143.55 141.58 139.11 136.70 134.72 133.47 132.54 131.57 130.43 129.12 128.13 127.55 127.00 126.15 125.51 125.77 126.41 126.73 126.71 126.60 126.73 127.17 127.78 128.33
164.56 166.41 167.74 168.52 169.06 170.13 172.39 175.35 177.89 179.29 179.74 180.50 182.62 186.64 190.45 191.25 189.19 183.99 175.12 167.05 160.13 154.58 150.18 146.87 144.41 142.59 141.14 139.43 137.41 135.51 133.92 132.73 131.84 130.82 129.34 127.63 126.48 126.13 125.92 125.34 124.90 125.16 125.68 125.87 125.85 125.85 126.08 126.68 127.39 127.91
164.25 165.47 166.21 166.89 167.72 168.92 170.68 172.41 173.58 174.05 173.75 173.89 175.53 178.39 180.56 180.52 178.41 173.52 166.87 160.75 155.09 150.25 146.49 143.83 141.76 140.03 138.54 137.05 135.57 134.06 132.66 131.69 131.02 130.16 128.70 126.92 125.62 125.30 125.35 125.09 124.78 124.87 125.18 125.19 125.04 125.08 125.55 126.51 127.41 127.81
161.77 162.45 163.28 164.37 165.20 166.00 167.14 168.10 168.61 168.95 168.93 169.11 169.87 170.83 171.31 171.13 169.15 163.71 157.83 153.77 149.80 145.91 142.91 140.81 139.11 137.72 136.34 134.91 133.67 132.36 131.08 130.16 129.59 129.00 127.90 126.38 125.14 124.74 124.81 124.67 124.35 124.37 124.73 124.91 124.78 124.87 125.56 126.55 127.17 127.37
158.14 158.56 159.50 160.66 161.32 161.73 162.15 162.51 162.98 163.62 164.01 164.14 164.13 163.66 162.70 161.22 158.79 154.69 150.04 146.95 144.34 141.72 139.54 137.85 136.50 135.55 134.51 133.29 132.16 130.99 129.82 128.71 127.85 127.30 126.54 125.39 124.45 124.18 124.27 124.02 123.63 123.68 124.18 124.68 124.90 125.30 126.15 126.83 126.95 126.95
153.73 154.32 155.28 156.21 156.75 156.88 156.68 156.67 157.23 158.08 158.67 158.84 158.42 157.26 155.61 153.57 150.98 147.86 144.33 141.79 139.80 138.12 136.82 135.73 134.63 133.71 132.75 131.75 130.82 129.86 128.83 127.64 126.69 126.15 125.43 124.43 123.70 123.56 123.72 123.48 123.01 122.97 123.38 124.00 124.74 125.68 126.67 127.20 127.22 127.11
149.35 150.09 150.95 151.60 152.05 151.97 151.47 151.56 152.50 153.51 153.94 153.64 152.59 151.26 149.89 148.08 145.48 142.80 140.29 138.29 136.77 135.76 135.23 134.68 133.68 132.58 131.51 130.42 129.45 128.63 127.77 126.94 126.57 126.35 125.51 124.35 123.57 123.37 123.46 123.35 122.93 122.63 122.71 123.26 124.24 125.47 126.51 127.10 127.35 127.30
145.50 146.45 147.44 148.12 148.46 148.19 147.70 148.10 149.39 150.28 150.04 148.83 147.22 146.07 145.19 143.61 141.25 139.05 137.25 135.86 134.92 134.38 134.05 133.56 132.67 131.62 130.60 129.68 128.84 127.95 127.13 126.82 127.04 127.10 126.32 125.09 124.18 123.77 123.66 123.68 123.54 123.17 123.00 123.41 124.16 124.98 125.83 126.53 126.96 126.95
142.50 143.85 145.10 145.85 146.16 145.92 145.52 145.82 146.64 146.84 145.87 144.44 143.19 142.33 141.47 140.00 137.94 136.15 134.90 134.12 133.71 133.37 132.77 131.98 131.09 130.21 129.55 129.21 128.84 128.07 127.34 127.22 127.49 127.52 126.83 125.78 124.90 124.33 124.13 124.30 124.52 124.35 124.04 124.08 124.47 124.89 125.53 126.30 126.67 126.64
140.35 141.86 143.07 143.72 144.00 143.90 143.61 143.54 143.30 142.55 141.60 140.92 140.43 139.72 138.77 137.51 135.85 134.36 133.41 132.96 132.92 132.64 131.72 130.58 129.65 128.90 128.52 128.56 128.59 128.33 127.98 127.86 127.81 127.53 126.85 126.06 125.34 124.82 124.66 124.94 125.40 125.34 124.78 124.34 124.46 124.98 125.74 126.48 126.73 126.70
