Raw_GIS_Data/Climate_scenarios/ProcessedData/yearly_rainfall_rcp45.asc
NCOLS 50
NROWS 26
XLLCENTER 512998.000000
YLLCENTER 8407694.000000
CELLSIZE 800.000000
NODATA_value -999.000000
64.72 64.74 64.65 64.51 64.52 64.66 65.00 65.58 66.10 66.35 66.34 66.25 66.40 67.02 67.85 68.49 68.93 69.43 70.04 70.58 70.80 71.09 71.83 72.69 73.30 73.74 74.02 74.45 75.38 76.48 77.35 77.86 78.30 78.95 79.65 80.07 80.08 79.64 79.07 78.91 78.88 78.51 77.92 77.46 77.19 77.14 77.34 77.70 77.99 78.02
64.49 64.50 64.43 64.40 64.52 64.71 65.02 65.39 65.66 65.79 65.86 65.88 66.17 66.95 68.06 69.19 70.01 70.60 71.24 71.87 72.24 72.60 73.27 74.05 74.75 75.36 75.74 76.30 77.31 78.25 78.90 79.28 79.65 80.28 80.86 80.94 80.65 80.14 79.53 79.17 79.04 78.78 78.26 77.71 77.28 77.09 77.19 77.57 77.88 77.86
64.48 64.36 64.26 64.29 64.47 64.65 64.86 65.15 65.38 65.50 65.72 66.03 66.54 67.44 68.71 70.15 71.28 72.02 72.74 73.50 74.23 74.98 75.81 76.72 77.64 78.55 79.27 79.92 80.60 80.91 81.30 81.69 82.05 82.37 82.47 82.22 81.72 81.06 80.38 79.89 79.65 79.49 78.97 78.17 77.49 77.16 77.15 77.38 77.56 77.44
64.49 64.26 64.08 64.13 64.27 64.40 64.63 65.01 65.33 65.60 65.99 66.56 67.31 68.34 69.66 71.07 72.36 73.54 74.68 75.73 76.83 78.10 79.50 81.03 82.68 84.30 85.70 86.64 86.66 85.85 86.14 85.83 86.05 86.01 85.75 84.53 83.71 82.78 81.85 81.21 80.91 80.81 80.27 79.12 78.04 77.52 77.31 77.25 77.21 77.09
64.40 64.27 64.07 64.02 64.05 64.19 64.59 65.12 65.56 66.01 66.61 67.37 68.31 69.56 70.98 72.28 73.62 75.25 77.11 78.86 80.51 82.35 84.59 87.22 90.12 93.24 95.73 96.81 95.94 95.08 95.38 93.11 91.55 91.80 90.83 88.45 87.17 85.80 84.50 83.47 82.85 82.82 82.78 81.15 79.16 78.17 77.79 77.47 77.15 76.99
64.55 64.56 64.45 64.26 64.10 64.24 64.83 65.53 66.14 66.80 67.70 68.79 69.99 71.48 73.08 74.50 75.97 77.94 80.40 82.96 85.37 87.90 90.93 94.62 99.02 102.88 105.71 105.51 103.03 102.97 104.25 101.56 98.07 97.40 94.99 93.66 91.46 89.16 88.10 87.13 85.13 84.54 84.99 82.84 80.05 78.68 78.20 77.79 77.35 77.14
65.29 65.27 65.18 64.91 64.66 64.78 65.39 66.24 67.09 68.06 69.41 70.94 72.47 74.20 76.06 77.81 79.52 81.59 84.10 86.86 89.74 92.72 95.91 99.91 103.09 104.39 105.36 103.38 99.84 100.44 103.00 104.64 103.72 101.97 98.76 95.80 91.37 88.93 88.85 88.78 86.03 84.23 83.98 81.86 79.61 78.53 78.16 77.85 77.55 77.40
66.56 66.33 66.18 65.97 65.87 66.06 66.56 67.45 68.63 70.05 71.93 73.97 75.84 77.76 79.87 81.92 83.77 85.68 87.87 90.45 93.42 96.57 100.17 103.09 102.60 101.13 99.90 98.53 97.11 98.15 101.52 106.10 106.10 101.34 96.70 91.91 88.28 86.70 86.11 86.07 84.50 82.01 80.92 79.57 78.52 78.13 78.01 77.80 77.67 77.66
68.32 67.92 67.76 67.80 68.04 68.39 68.89 69.86 71.35 73.22 75.57 78.10 80.36 82.44 84.71 86.95 88.93 90.88 93.04 95.75 99.43 103.43 107.12 110.04 108.55 105.67 101.49 98.79 96.69 96.43 98.02 99.16 96.79 94.00 90.12 87.33 85.67 84.48 83.79 82.98 81.21 79.63 78.67 77.79 77.48 77.87 78.14 77.84 77.78 77.86
70.85 70.41 70.23 70.52 71.13 71.77 72.57 73.95 76.01 78.49 81.30 84.46 87.20 89.46 91.54 93.93 96.34 98.27 100.91 104.52 109.59 114.14 116.48 122.17 123.66 118.03 105.34 99.79 95.96 93.46 92.14 90.98 88.85 87.21 85.26 84.04 82.96 82.07 81.32 80.62 79.35 78.30 77.41 76.82 76.76 77.41 77.89 77.59 77.59 77.79
73.99 73.73 73.59 74.14 75.21 76.38 77.86 80.08 83.07 86.70 91.29 96.06 99.69 101.58 103.43 106.42 108.29 108.56 111.61 116.03 119.28 123.02 126.60 130.62 131.24 126.73 108.15 99.24 93.93 90.23 88.00 86.55 85.15 83.65 82.46 81.53 80.73 80.13 79.73 79.33 78.52 77.57 76.90 76.52 76.40 76.61 76.95 77.11 77.35 77.63
77.61 77.79 78.09 79.16 80.81 82.71 85.28 88.75 93.35 99.38 105.88 112.97 118.02 120.27 123.19 125.92 124.69 122.28 123.51 125.65 123.50 123.98 125.28 121.36 115.29 111.99 101.70 94.43 90.20 87.30 85.29 84.10 83.03 81.83 80.78 80.06 79.51 79.18 79.01 78.74 78.05 77.31 76.83 76.61 76.48 76.41 76.53 76.89 77.29 77.64
81.90 82.60 83.64 85.52 88.00 90.83 94.52 99.93 107.37 114.47 120.89 128.76 135.50 139.73 143.73 146.47 142.10 135.54 131.95 128.42 119.56 116.44 113.68 107.84 101.88 98.63 93.48 89.73 87.12 84.85 83.20 82.35 81.56 80.62 79.79 79.20 78.91 78.78 78.67 78.39 77.80 77.19 76.80 76.70 76.71 76.65 76.69 76.95 77.32 77.66
86.46 87.66 89.38 92.02 95.38 99.16 103.92 110.53 118.64 124.91 129.88 135.78 142.21 147.87 152.33 157.02 151.84 139.88 131.09 124.48 113.58 108.73 103.14 98.47 94.56 91.78 89.12 87.01 85.02 83.18 81.86 81.21 80.65 79.95 79.24 78.69 78.44 78.33 78.15 77.82 77.38 76.94 76.65 76.61 76.69 76.72 76.82 77.02 77.28 77.56
90.47 91.98 94.07 97.06 100.56 104.39 108.56 113.69 119.67 122.88 125.14 129.61 135.08 140.88 144.84 148.20 144.26 133.82 122.44 114.08 106.26 101.45 97.13 93.75 90.91 88.95 87.32 85.63 83.93 82.35 81.13 80.48 80.06 79.56 78.93 78.35 77.92 77.62 77.33 76.90 76.58 76.41 76.30 76.26 76.27 76.28 76.42 76.70 76.98 77.27
93.65 95.17 97.21 99.80 102.21 104.20 106.47 109.72 113.74 116.14 117.61 120.68 124.01 127.82 130.84 132.83 130.09 123.83 114.23 106.74 101.23 96.95 93.70 90.96 88.95 87.50 86.31 84.93 83.33 81.78 80.52 79.80 79.35 78.86 78.28 77.67 77.14 76.71 76.32 75.80 75.41 75.48 75.66 75.74 75.69 75.62 75.73 76.05 76.40 76.70
96.16 97.56 99.09 100.51 101.40 102.06 103.43 105.92 108.55 110.35 111.51 113.03 114.75 117.35 119.97 121.39 119.74 115.52 108.37 102.63 97.94 94.19 91.31 89.04 87.35 86.15 85.20 84.02 82.56 81.13 79.95 79.21 78.66 78.08 77.40 76.63 76.04 75.70 75.37 74.87 74.48 74.64 75.02 75.21 75.20 75.13 75.21 75.47 75.83 76.16
97.66 98.76 99.55 100.01 100.33 100.97 102.31 104.07 105.58 106.40 106.67 107.12 108.38 110.77 113.03 113.50 112.28 109.19 103.93 99.14 95.04 91.74 89.13 87.17 85.70 84.62 83.76 82.75 81.55 80.42 79.48 78.77 78.24 77.64 76.76 75.74 75.06 74.85 74.73 74.39 74.12 74.28 74.59 74.70 74.69 74.69 74.82 75.18 75.60 75.91
97.48 98.20 98.64 99.04 99.53 100.25 101.30 102.32 103.02 103.29 103.12 103.20 104.17 105.87 107.16 107.13 105.88 102.98 99.03 95.40 92.04 89.17 86.94 85.36 84.13 83.10 82.22 81.33 80.46 79.56 78.73 78.15 77.75 77.24 76.38 75.33 74.55 74.36 74.39 74.24 74.05 74.10 74.29 74.30 74.21 74.23 74.51 75.08 75.61 75.85
96.01 96.41 96.90 97.55 98.04 98.51 99.19 99.76 100.07 100.26 100.25 100.36 100.81 101.38 101.67 101.56 100.39 97.16 93.67 91.26 88.90 86.59 84.81 83.57 82.56 81.73 80.91 80.06 79.33 78.55 77.79 77.25 76.91 76.56 75.91 75.00 74.27 74.03 74.07 73.99 73.80 73.81 74.02 74.13 74.05 74.11 74.52 75.10 75.47 75.59
93.85 94.10 94.66 95.34 95.74 95.98 96.23 96.44 96.73 97.10 97.33 97.41 97.41 97.13 96.56 95.68 94.23 91.80 89.04 87.21 85.66 84.11 82.81 81.81 81.01 80.45 79.83 79.10 78.43 77.74 77.04 76.39 75.88 75.55 75.10 74.42 73.86 73.70 73.75 73.60 73.37 73.40 73.70 73.99 74.13 74.36 74.87 75.27 75.34 75.34
91.24 91.58 92.16 92.70 93.03 93.10 92.98 92.98 93.31 93.82 94.17 94.27 94.02 93.33 92.35 91.14 89.60 87.75 85.65 84.15 82.97 81.97 81.20 80.55 79.90 79.35 78.78 78.19 77.64 77.07 76.46 75.75 75.19 74.86 74.44 73.85 73.41 73.33 73.42 73.28 73.00 72.98 73.22 73.59 74.03 74.59 75.17 75.49 75.50 75.43
88.63 89.08 89.59 89.97 90.24 90.19 89.89 89.95 90.51 91.10 91.36 91.18 90.56 89.77 88.96 87.88 86.34 84.75 83.26 82.07 81.17 80.57 80.25 79.93 79.34 78.68 78.05 77.40 76.83 76.34 75.83 75.34 75.12 74.98 74.49 73.80 73.33 73.21 73.27 73.21 72.96 72.78 72.83 73.15 73.73 74.46 75.08 75.43 75.58 75.55
86.35 86.91 87.50 87.90 88.11 87.95 87.66 87.89 88.66 89.19 89.04 88.33 87.37 86.69 86.17 85.23 83.83 82.52 81.45 80.63 80.07 79.75 79.55 79.27 78.73 78.11 77.51 76.96 76.46 75.93 75.45 75.26 75.40 75.43 74.97 74.24 73.70 73.45 73.39 73.40 73.31 73.10 73.00 73.24 73.68 74.17 74.68 75.09 75.35 75.34
84.57 85.37 86.11 86.56 86.74 86.60 86.36 86.54 87.02 87.14 86.57 85.72 84.98 84.47 83.96 83.08 81.86 80.80 80.06 79.60 79.35 79.15 78.79 78.33 77.80 77.28 76.88 76.68 76.46 76.00 75.57 75.50 75.66 75.68 75.27 74.65 74.12 73.79 73.67 73.77 73.90 73.80 73.62 73.64 73.87 74.12 74.50 74.95 75.17 75.16
83.30 84.19 84.91 85.30 85.46 85.40 85.23 85.19 85.04 84.60 84.04 83.63 83.34 82.92 82.35 81.61 80.63 79.74 79.18 78.91 78.88 78.72 78.17 77.50 76.95 76.50 76.27 76.30 76.32 76.16 75.96 75.88 75.85 75.68 75.28 74.81 74.39 74.08 73.98 74.15 74.42 74.38 74.05 73.79 73.86 74.17 74.62 75.06 75.21 75.20
