Sensitivity_testing/Dynamic_input/ET_Process/jun_et_clipped.asc
ncols         700
nrows         400
xllcorner     515000
yllcorner     8409000
cellsize      50
NODATA_value  -9999
[rows 155 to 185 of 400, columns 414 to 482 of 700]
3.194252 3.196322 3.198244 3.200053 3.201785 3.203479 3.205175 3.206802 3.208262 3.209561 3.210708 3.211711 3.212584 3.21334 3.213994 3.21456 3.215056 3.215498 3.215904 3.216293 3.21668 3.217085 3.217524 3.218015 3.218573 3.219215 3.219955 3.220808 3.221785 3.222898 3.224158 3.225573 3.227152 3.228899 3.230821 3.23292 3.235199 3.23766 3.240301 3.243124 3.246127 3.249307 3.252663 3.256193 3.259892 3.263758 3.267787 3.271975 3.276317 3.28081 3.28545 3.290231 3.295149 3.300198 3.305375 3.310673 3.316088 3.321614 3.327245 3.332976 3.338799 3.34471 3.350701 3.356766 3.362897 3.369087 3.37533 3.381616 3.387938
3.200483 3.202682 3.204726 3.206648 3.208486 3.210278 3.212064 3.213774 3.215312 3.216685 3.217901 3.218972 3.219909 3.220727 3.221442 3.222068 3.222623 3.223125 3.223591 3.22404 3.22449 3.224959 3.225465 3.226024 3.226654 3.227371 3.228189 3.229122 3.230184 3.231386 3.232738 3.234249 3.235927 3.237777 3.239804 3.242012 3.244402 3.246974 3.24973 3.252667 3.255785 3.25908 3.26255 3.266192 3.270003 3.273978 3.278113 3.282404 3.286846 3.291435 3.296165 3.301032 3.30603 3.311154 3.316399 3.321759 3.327227 3.332799 3.338468 3.344227 3.350071 3.355994 3.361986 3.368043 3.374157 3.38032 3.386524 3.392762 3.399026
3.206888 3.209221 3.211391 3.213432 3.21538 3.217274 3.219155 3.220953 3.222574 3.224025 3.225317 3.226459 3.227466 3.228352 3.229132 3.229823 3.230443 3.23101 3.231541 3.232056 3.232572 3.233109 3.233685 3.234316 3.23502 3.235813 3.236711 3.237726 3.238873 3.240163 3.241606 3.243212 3.244986 3.246937 3.249066 3.251378 3.253874 3.256554 3.259418 3.262463 3.265688 3.269091 3.272667 3.276414 3.280327 3.284402 3.288634 3.293019 3.297551 3.302226 3.307037 3.311979 3.317048 3.322236 3.327539 3.332949 3.338462 3.34407 3.349768 3.355548 3.361405 3.36733 3.373318 3.379361 3.385451 3.391581 3.397743 3.40393 3.410133
3.213469 3.215941 3.218242 3.220406 3.222469 3.224469 3.226449 3.228339 3.230047 3.231583 3.232954 3.234174 3.235256 3.236215 3.237067 3.237828 3.238518 3.239154 3.239755 3.24034 3.240928 3.241537 3.242185 3.242891 3.243672 3.244544 3.245521 3.246619 3.247851 3.249228 3.250762 3.252459 3.254329 3.256376 3.258604 3.261016 3.263613 3.266394 3.269359 3.272506 3.275832 3.279334 3.283008 3.286851 3.290857 3.295023 3.299343 3.303811 3.308423 3.313173 3.318055 3.323063 3.328192 3.333434 3.338785 3.344237 3.349785 3.355421 3.361138 3.366931 3.372792 3.378714 3.38469 3.390712 3.396773 3.402866 3.408983 3.415115 3.421255
3.220229 3.222844 3.22528 3.227571 3.229753 3.231864 3.233946 3.235933 3.237734 3.239358 3.240815 3.242118 3.24328 3.244317 3.245246 3.246083 3.246848 3.247559 3.248234 3.248893 3.249556 3.250241 3.250966 3.25175 3.252609 3.253561 3.25462 3.255801 3.257118 3.258581 3.260202 3.26199 3.263951 3.266091 3.268414 3.27092 3.273612 3.276489 3.279549 3.28279 3.286209 3.289802 3.293565 3.297495 3.301585 3.305831 3.310229 3.314771 3.319453 3.324268 3.32921 3.334274 3.339453 3.344739 3.350129 3.355613 3.361186 3.366841 3.37257 3.378368 3.384226 3.390137 3.396095 3.402092 3.408119 3.41417 3.420238 3.426313 3.432389
3.227169 3.229931 3.232506 3.234929 3.237234 3.23946 3.241649 3.243737 3.245634 3.247352 3.248899 3.25029 3.251538 3.252659 3.25367 3.254588 3.255433 3.256223 3.256978 3.257716 3.258457 3.259221 3.260026 3.26089 3.26183 3.262863 3.264004 3.265269 3.26667 3.268219 3.269926 3.271801 3.273851 3.276079 3.278491 3.281087 3.283869 3.286834 3.289981 3.293308 3.296811 3.300487 3.30433 3.308337 3.312501 3.316819 3.321283 3.325889 3.33063 3.3355 3.340493 3.345602 3.35082 3.356142 3.36156 3.367067 3.372656 3.378321 3.384054 3.389849 3.395697 3.401592 3.407526 3.413492 3.419481 3.425488 3.431503 3.43752 3.443531
3.234291 3.237203 3.239922 3.242479 3.244912 3.247257 3.249557 3.25175 3.253749 3.255565 3.257208 3.258692 3.26003 3.26124 3.262338 3.263343 3.264273 3.265147 3.265985 3.266806 3.26763 3.268476 3.269364 3.27031 3.271333 3.272449 3.273674 3.275021 3.276506 3.278138 3.27993 3.281889 3.284023 3.286336 3.288832 3.291511 3.294375 3.297421 3.300648 3.304053 3.307632 3.31138 3.315294 3.319368 3.323597 3.327975 3.332496 3.337155 3.341945 3.34686 3.351892 3.357036 3.362285 3.367631 3.373068 3.378588 3.384186 3.389853 3.395582 3.401366 3.407198 3.41307 3.418975 3.424905 3.430853 3.436812 3.442773 3.44873 3.454675
3.241597 3.244663 3.247528 3.250225 3.252788 3.255257 3.257672 3.259973 3.262078 3.263997 3.26574 3.267322 3.268756 3.27006 3.271251 3.272346 3.273366 3.274328 3.275254 3.276162 3.277073 3.278005 3.278977 3.280008 3.281116 3.282315 3.283623 3.285054 3.286621 3.288336 3.290209 3.292248 3.294462 3.296855 3.299429 3.302186 3.305125 3.308244 3.311543 3.315016 3.318661 3.322473 3.326447 3.330579 3.334862 3.33929 3.343858 3.348559 3.353388 3.358336 3.363398 3.368567 3.373835 3.379196 3.384643 3.390168 3.395765 3.401426 3.407143 3.41291 3.41872 3.424563 3.430434 3.436325 3.442227 3.448135 3.454041 3.459937 3.465816
3.249089 3.252312 3.255327 3.258166 3.260864 3.263459 3.265992 3.268407 3.270622 3.272648 3.274496 3.276181 3.277716 3.279118 3.280406 3.281597 3.282711 3.283766 3.284784 3.285782 3.286783 3.287803 3.288863 3.289981 3.291174 3.292458 3.29385 3.295363 3.297012 3.298806 3.300758 3.302875 3.305164 3.307631 3.310277 3.313103 3.31611 3.319294 3.322655 3.326188 3.32989 3.333755 3.33778 3.341959 3.346285 3.350753 3.355357 3.36009 3.364946 3.369918 3.374999 3.380182 3.385461 3.390827 3.396275 3.401796 3.407383 3.41303 3.418729 3.424472 3.430252 3.436062 3.441894 3.447741 3.453596 3.459451 3.465299 3.471134 3.476948
3.256769 3.260152 3.263319 3.266304 3.269139 3.271864 3.274519 3.27705 3.27938 3.281517 3.283475 3.285266 3.286907 3.288413 3.289802 3.291093 3.292305 3.293458 3.294571 3.295663 3.296756 3.297868 3.299017 3.300223 3.301503 3.302872 3.304348 3.305943 3.307671 3.309543 3.31157 3.31376 3.31612 3.318655 3.321366 3.324255 3.327321 3.330562 3.333976 3.337559 3.341308 3.345217 3.349282 3.353497 3.357856 3.362353 3.366982 3.371736 3.376609 3.381594 3.386684 3.391872 3.397151 3.402513 3.407952 3.41346 3.419031 3.424656 3.430329 3.436042 3.441787 3.447558 3.453347 3.459148 3.464951 3.470752 3.476542 3.482314 3.488063
3.264638 3.268183 3.271506 3.274638 3.277614 3.280472 3.283253 3.285903 3.288351 3.290604 3.292675 3.294578 3.296328 3.297942 3.299437 3.300833 3.302147 3.3034 3.304612 3.305802 3.306989 3.308194 3.309435 3.310731 3.312097 3.313552 3.31511 3.316785 3.318591 3.320538 3.322637 3.324896 3.327321 3.329917 3.332687 3.335631 3.338748 3.342037 3.345495 3.349119 3.352905 3.356848 3.360942 3.365183 3.369564 3.374079 3.378723 3.383487 3.388367 3.393354 3.398443 3.403625 3.408894 3.414243 3.419665 3.425152 3.430697 3.436294 3.441934 3.44761 3.453315 3.459043 3.464785 3.470535 3.476285 3.482029 3.48776 3.49347 3.499155
3.272699 3.276407 3.279887 3.283169 3.286289 3.289283 3.292191 3.294965 3.297534 3.299906 3.302095 3.304113 3.305977 3.307703 3.309308 3.310812 3.312232 3.313589 3.314903 3.316192 3.317477 3.318778 3.320111 3.321496 3.322951 3.32449 3.326129 3.327883 3.329764 3.331783 3.33395 3.336272 3.338757 3.341409 3.344229 3.34722 3.35038 3.353709 3.357202 3.360857 3.364669 3.368635 3.372749 3.377005 3.381397 3.38592 3.390567 3.395331 3.400207 3.405186 3.410263 3.41543 3.42068 3.426007 3.431403 3.43686 3.442373 3.447933 3.453534 3.459168 3.464828 3.470507 3.476198 3.481895 3.487589 3.493275 3.498946 3.504595 3.510216
3.28095 3.284824 3.288462 3.291897 3.295162 3.298295 3.301334 3.304234 3.306927 3.309423 3.311733 3.31387 3.315852 3.317693 3.319412 3.321027 3.322556 3.32402 3.325438 3.32683 3.328214 3.329611 3.331038 3.332514 3.334055 3.335678 3.337397 3.339227 3.34118 3.343267 3.345497 3.347878 3.350417 3.353117 3.355982 3.359012 3.362207 3.365565 3.369084 3.37276 3.37659 3.380569 3.384691 3.388952 3.393345 3.397865 3.402504 3.407258 3.412119 3.41708 3.422135 3.427277 3.432499 3.437794 3.443155 3.448575 3.454048 3.459565 3.46512 3.470706 3.476316 3.481942 3.487579 3.493219 3.498856 3.504483 3.510093 3.515681 3.52124
3.289395 3.293434 3.297233 3.300821 3.304234 3.307507 3.31068 3.313709 3.316529 3.319151 3.321585 3.323846 3.325948 3.327909 3.329744 3.331474 3.333115 3.334689 3.336214 3.337709 3.339194 3.340688 3.342209 3.343775 3.345402 3.347108 3.348905 3.350808 3.352829 3.35498 3.357268 3.359703 3.362289 3.365032 3.367933 3.370994 3.374216 3.377595 3.38113 3.384818 3.388655 3.392636 3.396757 3.401012 3.405395 3.409901 3.414523 3.419255 3.424091 3.429024 3.434048 3.439155 3.44434 3.449595 3.454913 3.460288 3.465712 3.47118 3.476683 3.482216 3.48777 3.49334 3.498919 3.504501 3.510078 3.515644 3.521193 3.52672 3.532218
3.298031 3.302237 3.306197 3.309941 3.313503 3.316918 3.320226 3.323387 3.326338 3.329088 3.33165 3.334037 3.336263 3.338345 3.340301 3.342147 3.343904 3.345589 3.347222 3.348823 3.35041 3.352001 3.353616 3.355272 3.356984 3.358769 3.360642 3.362615 3.364701 3.36691 3.369252 3.371734 3.374362 3.37714 3.38007 3.383155 3.386394 3.389786 3.393328 3.397018 3.400852 3.404826 3.408935 3.413173 3.417536 3.422018 3.426612 3.431313 3.436114 3.441009 3.445991 3.451055 3.456193 3.461399 3.466666 3.471988 3.477358 3.482769 3.488215 3.493689 3.499184 3.504694 3.510211 3.515731 3.521247 3.526751 3.532239 3.537705 3.543143
3.30686 3.311232 3.315354 3.319254 3.322966 3.326526 3.329972 3.333266 3.336349 3.339231 3.341923 3.344438 3.346792 3.348999 3.351076 3.353042 3.354915 3.356714 3.358457 3.360164 3.361853 3.363542 3.36525 3.366994 3.36879 3.370653 3.372598 3.374638 3.376785 3.379048 3.381438 3.383961 3.386623 3.389429 3.392382 3.395482 3.39873 3.402126 3.405666 3.409349 3.41317 3.417127 3.421214 3.425426 3.429758 3.434205 3.438761 3.44342 3.448176 3.453023 3.457955 3.462966 3.468049 3.473198 3.478406 3.483668 3.488976 3.494325 3.499707 3.505117 3.510548 3.515994 3.521448 3.526904 3.532356 3.537798 3.543225 3.54863 3.55401
3.315881 3.320419 3.324702 3.32876 3.332623 3.336329 3.339913 3.343342 3.34656 3.349576 3.352401 3.355047 3.357529 3.359863 3.362065 3.364153 3.366144 3.368057 3.369911 3.371725 3.373516 3.375303 3.377103 3.378934 3.38081 3.382749 3.384763 3.386866 3.389068 3.391381 3.393813 3.396371 3.399061 3.401889 3.404855 3.407963 3.411212 3.414602 3.418132 3.421798 3.425597 3.429527 3.433581 3.437757 3.442049 3.446451 3.450959 3.455566 3.460268 3.465058 3.46993 3.474879 3.479899 3.484982 3.490125 3.495319 3.500559 3.50584 3.511153 3.516495 3.521857 3.527235 3.532622 3.538012 3.543399 3.548778 3.554143 3.559489 3.56481
3.325092 3.329796 3.33424 3.338455 3.342471 3.346323 3.350047 3.353613 3.356968 3.36012 3.363079 3.365858 3.368471 3.370934 3.373262 3.375473 3.377583 3.379612 3.381577 3.383497 3.38539 3.387273 3.389164 3.39108 3.393035 3.395046 3.397125 3.399286 3.40154 3.403897 3.406365 3.408952 3.411664 3.414505 3.417478 3.420586 3.423828 3.427204 3.430714 3.434354 3.438121 3.442014 3.446027 3.450157 3.454398 3.458746 3.463196 3.467743 3.472381 3.477104 3.481908 3.486787 3.491735 3.496745 3.501814 3.506934 3.5121 3.517306 3.522546 3.527814 3.533104 3.53841 3.543727 3.549049 3.55437 3.559685 3.564988 3.570274 3.575539
3.334492 3.33936 3.343966 3.348338 3.352506 3.356505 3.360371 3.364075 3.367568 3.370856 3.373952 3.376866 3.379612 3.382204 3.38466 3.386994 3.389225 3.39137 3.393446 3.395472 3.397466 3.399444 3.401425 3.403423 3.405454 3.407533 3.409674 3.411889 3.414189 3.416584 3.419083 3.421692 3.424419 3.427267 3.430239 3.433338 3.436564 3.439919 3.443399 3.447005 3.450732 3.454578 3.458541 3.462615 3.466796 3.47108 3.475463 3.479939 3.484504 3.489153 3.49388 3.49868 3.503548 3.508479 3.513467 3.518506 3.523592 3.528718 3.533879 3.539069 3.544283 3.549515 3.554759 3.560011 3.565264 3.570513 3.575754 -9999 -9999
3.344079 3.349111 3.353877 3.358405 3.362726 3.366872 3.37088 3.374723 3.378355 3.381782 3.385015 3.388065 3.390944 3.393668 3.396251 3.39871 3.401062 3.403322 3.40551 3.407641 3.409735 3.411807 3.413873 3.415951 3.418055 3.4202 3.422398 3.424662 3.427003 3.429431 3.431954 3.43458 3.437314 3.440161 3.443125 3.446208 3.449411 3.452735 3.456178 3.45974 3.463418 3.467209 3.471111 3.47512 3.479233 3.483444 3.487751 3.492148 3.496632 3.501197 3.505839 3.510553 3.515334 3.520177 3.525078 3.53003 3.535029 3.54007 3.545147 3.550256 3.555389 3.560544 3.565713 3.570892 3.576076 3.581259 3.586437 -9999 -9999
3.353852 3.359044 3.36397 3.368654 3.373127 3.37742 3.381571 3.385553 3.389324 3.392891 3.396262 3.399449 3.402463 3.405318 3.40803 3.410614 3.413085 3.415461 3.417759 3.419995 3.422186 3.424349 3.426501 3.428655 3.430829 3.433034 3.435285 3.437594 3.43997 3.442425 3.444967 3.447602 3.450337 3.453177 3.456126 3.459185 3.462357 3.465641 3.469039 3.472548 3.476168 3.479896 3.483729 3.487665 3.491699 3.49583 3.500052 3.504362 3.508755 3.513229 3.517778 3.522398 3.527085 3.531834 3.536641 3.5415 3.546408 3.551358 3.556347 3.561369 3.56642 3.571493 3.576585 3.581689 3.586802 -9999 -9999 -9999 -9999
3.363807 3.369159 3.374241 3.379081 3.383705 3.388146 3.392438 3.396561 3.400472 3.404178 3.407688 3.411011 3.41416 3.417148 3.419988 3.422696 3.425287 3.427778 3.430184 3.432523 3.43481 3.437063 3.439295 3.441524 3.443762 3.446025 3.448324 3.450672 3.45308 3.455556 3.45811 3.460748 3.463478 3.466303 3.469229 3.472257 3.475389 3.478627 3.481971 3.48542 3.488974 3.49263 3.496386 3.500239 3.504188 3.508228 3.512357 3.516572 3.520868 3.525242 3.529691 3.53421 3.538796 3.543444 3.548151 3.552912 3.557723 3.562579 3.567475 3.572407 3.57737 3.58236 3.587372 3.5924 3.597441 -9999 -9999 -9999 -9999
3.373942 3.379451 3.384689 3.389682 3.394456 3.399044 3.403478 3.40774 3.411792 3.415637 3.419286 3.422746 3.42603 3.429149 3.432118 3.434949 3.437659 3.440263 3.442777 3.445216 3.447597 3.449935 3.452247 3.454545 3.456846 3.459161 3.461504 3.463886 3.466319 3.468811 3.471371 3.474006 3.476723 3.479527 3.482423 3.485412 3.488498 3.491683 3.494965 3.498346 3.501825 3.5054 3.509072 3.512835 3.51669 3.520633 3.524661 3.528772 3.532964 3.537231 3.541573 3.545985 3.550463 3.555005 3.559607 3.564264 3.568972 3.573729 3.578528 3.583367 3.588239 3.593143 3.598072 -9999 -9999 -9999 -9999 -9999 -9999
3.384254 3.389917 3.395309 3.400453 3.405377 3.41011 3.414685 3.419086 3.423277 3.427263 3.43105 3.434647 3.438065 3.441315 3.44441 3.447364 3.450191 3.452907 3.455526 3.458064 3.460536 3.462958 3.465344 3.467709 3.470067 3.47243 3.474812 3.477224 3.479676 3.482178 3.484738 3.487365 3.490063 3.492839 3.495697 3.498641 3.501674 3.504797 3.50801 3.511316 3.514713 3.518201 3.521779 3.525445 3.529198 3.533036 3.536957 3.540958 3.545037 3.549192 3.55342 3.557718 3.562083 3.566513 3.571003 3.575552 3.580154 3.584806 3.589505 3.594246 3.599026 3.60384 3.608684 -9999 -9999 -9999 -9999 -9999 -9999
3.394742 3.400555 3.406097 3.411391 3.416462 3.421339 3.426054 3.430594 3.434923 3.439047 3.442972 3.446705 3.450256 3.453636 3.456857 3.459932 3.462875 3.4657 3.468422 3.471056 3.473616 3.476118 3.478575 3.481003 3.483414 3.485822 3.488238 3.490674 3.49314 3.495646 3.498201 3.500812 3.503485 3.506227 3.509042 3.511934 3.514906 3.51796 3.521098 3.524321 3.527629 3.531022 3.5345 3.538062 3.541707 3.545433 3.549239 3.553123 3.557084 3.56112 3.565228 3.569407 3.573653 3.577965 3.58234 3.586775 3.591266 3.595811 3.600405 3.605046 3.609729 -9999 -9999 -9999 -9999 -9999 -9999 -9999 -9999
3.4054 3.411361 3.41705 3.422491 3.427707 3.432726 3.43758 3.442256 3.446724 3.450985 3.455045 3.458913 3.462595 3.466104 3.469449 3.472643 3.4757 3.478632 3.481455 3.484181 3.486827 3.489405 3.491931 3.494417 3.496877 3.499324 3.501769 3.504224 3.5067 3.509205 3.511748 3.514338 3.51698 3.519681 3.522447 3.52528 3.528185 3.531164 3.53422 3.537353 3.540565 3.543857 3.547229 3.55068 3.55421 3.557818 3.561503 3.565264 3.569101 3.573012 3.576995 3.581049 3.585171 3.589361 3.593616 3.597932 3.602309 3.606742 3.611229 3.615766 3.62035 -9999 -9999 -9999 -9999 -9999 -9999 -9999 -9999
3.416227 3.42233 3.428164 3.433748 3.439107 3.444266 3.449256 3.454068 3.458671 3.463068 3.467263 3.471263 3.475076 3.478711 3.482178 3.485489 3.488657 3.491694 3.494614 3.49743 3.500157 3.502809 3.505398 3.507939 3.510443 3.512925 3.515395 3.517864 3.520343 3.522842 3.525368 3.527931 3.530537 -9999 -9999 -9999 -9999 3.5444 3.547367 3.550405 3.553516 3.5567 3.559959 -9999 -9999 -9999 -9999 -9999 -9999 -9999 -9999 -9999 -9999 -9999 -9999 -9999 -9999 -9999 -9999 -9999 -9999 -9999 -9999 -9999 -9999 -9999 -9999 -9999 -9999
3.427219 3.433461 3.439435 3.445159 3.450657 3.455953 3.461078 3.466023 3.47076 3.47529 3.479618 3.483748 3.487689 3.491447 3.495034 3.49846 3.501735 3.504874 3.507889 3.510792 3.513597 3.516317 3.518966 3.521557 3.524102 3.526613 3.529103 3.531582 3.53406 3.536546 3.539051 3.541581 3.544145 -9999 -9999 -9999 -9999 3.557659 3.560532 3.563469 3.566473 3.569544 3.572685 -9999 -9999 -9999 -9999 -9999 -9999 -9999 -9999 -9999 -9999 -9999 -9999 -9999 -9999 -9999 -9999 -9999 -9999 -9999 -9999 -9999 -9999 -9999 -9999 -9999 -9999
3.438373 3.444749 3.450858 3.456719 3.462352 3.467782 3.473038 3.478113 3.482982 3.487643 3.492101 3.49636 3.500425 3.504305 3.508008 3.511545 3.514926 3.518163 3.521268 3.524254 3.527133 3.529919 3.532624 3.535261 3.537842 3.540379 3.542883 3.545366 3.547838 3.550308 3.552785 -9999 -9999 -9999 -9999 -9999 -9999 -9999 -9999 -9999 -9999 -9999 -9999 -9999 -9999 -9999 -9999 -9999 -9999 -9999 -9999 -9999 -9999 -9999 -9999 -9999 -9999 -9999 -9999 -9999 -9999 -9999 -9999 -9999 -9999 -9999 -9999 -9999 -9999
3.449684 3.456189 3.462429 3.468421 3.474186 3.479747 3.485131 3.490334 3.49533 3.50012 3.504704 3.509088 3.513275 3.517273 3.52109 3.524735 3.528218 3.531549 3.534742 3.537807 3.540756 3.543603 3.54636 3.549038 3.551651 3.554209 3.556723 3.559206 3.561667 3.564116 3.566561 -9999 -9999 -9999 -9999 -9999 -9999 -9999 -9999 -9999 -9999 -9999 -9999 -9999 -9999 -9999 -9999 -9999 -9999 -9999 -9999 -9999 -9999 -9999 -9999 -9999 -9999 -9999 -9999 -9999 -9999 -9999 -9999 -9999 -9999 -9999 -9999 -9999 -9999
-9999 -9999 -9999 -9999 -9999 -9999 -9999 -9999 -9999 3.512712 3.51742 3.521925 3.526231 3.530344 3.53427 -9999 -9999 -9999 -9999 -9999 -9999 -9999 -9999 -9999 -9999 -9999 -9999 -9999 -9999 -9999 -9999 -9999 -9999 -9999 -9999 -9999 -9999 -9999 -9999 -9999 -9999 -9999 -9999 -9999 -9999 -9999 -9999 -9999 -9999 -9999 -9999 -9999 -9999 -9999 -9999 -9999 -9999 -9999 -9999 -9999 -9999 -9999 -9999 -9999 -9999 -9999 -9999 -9999 -9999
