Sensitivity_testing/Dynamic_input/ET_Process/may_et_clipped.asc
ncols         700
nrows         400
xllcorner     515000
yllcorner     8409000
cellsize      50
NODATA_value  -9999
[rows 186 to 216 of 400, columns 138 to 206 of 700]
4.097374 4.095146 4.092812 4.090391 4.0879 4.085335 4.082689 4.079957 4.077136 4.074221 4.071209 4.068096 4.06488 4.061559 4.05813 4.054592 4.050943 4.047184 4.043312 4.039329 4.035232 4.031024 4.026704 4.022273 4.017731 4.013081 4.008322 4.003456 3.998485 3.993411 3.988234 3.982956 3.977581 3.972108 3.966541 3.960882 3.955133 3.949296 3.943374 3.937369 3.931285 3.925124 3.918891 3.912588 3.906219 3.89979 3.893303 3.886765 3.880179 3.87355 3.866885 3.860186 3.853461 3.84671 3.83994 3.833155 3.826358 3.819552 3.812742 3.80593 3.799119 3.79231 3.785511 3.778722 3.771946 3.765187 3.758448 3.751732 3.745043
4.08797 4.085621 4.083169 4.080632 4.078024 4.07534 4.072574 4.069722 4.06678 4.063745 4.060613 4.057381 4.054047 4.05061 4.047066 4.043416 4.039658 4.03579 4.031814 4.027729 4.023534 4.01923 4.014818 4.010299 4.005672 4.00094 3.996104 3.991165 3.986125 3.980984 3.975745 3.97041 3.96498 3.959458 3.953845 3.948143 3.942355 3.936483 3.930529 3.924497 3.918389 3.912208 3.905957 3.89964 3.893261 3.886824 3.880332 3.873791 3.867205 3.860579 3.853917 3.847224 3.840504 3.833762 3.827001 3.820225 3.813439 3.806644 3.799845 3.793044 3.786242 3.779447 3.772658 3.765879 3.759113 3.752363 3.745632 3.738925 3.732244
4.078597 4.076126 4.073558 4.070907 4.068182 4.065381 4.062497 4.059527 4.056467 4.053314 4.050065 4.046717 4.043269 4.039719 4.036065 4.032306 4.028441 4.024471 4.020394 4.016211 4.011922 4.007528 4.003028 3.998425 3.993719 3.988911 3.984003 3.978995 3.97389 3.968689 3.963394 3.958006 3.952528 3.94696 3.941307 3.935568 3.929747 3.923846 3.917866 3.911812 3.905685 3.899489 3.893226 3.886901 3.880516 3.874076 3.867584 3.861045 3.854464 3.847844 3.84119 3.834507 3.827797 3.821067 3.814318 3.807556 3.800784 3.794004 3.787219 3.780432 3.773645 3.766864 3.760089 3.753323 3.746568 3.73983 3.73311 3.726413 3.719741
4.069262 4.066671 4.063988 4.061224 4.058385 4.055468 4.052468 4.049382 4.046207 4.042939 4.039576 4.036116 4.032557 4.028898 4.025137 4.021274 4.017307 4.013238 4.009065 4.00479 4.000411 3.995931 3.991349 3.986667 3.981887 3.977008 3.972032 3.966962 3.961798 3.956542 3.951196 3.945761 3.94024 3.934634 3.928945 3.923175 3.917327 3.911402 3.905403 3.899333 3.893193 3.886988 3.880719 3.874391 3.868006 3.861568 3.855081 3.84855 3.841977 3.835368 3.828727 3.822057 3.815363 3.808648 3.801917 3.795172 3.788417 3.781655 3.774889 3.768118 3.761351 3.754586 3.747828 3.741077 3.734338 3.727613 3.720906 3.714222 3.707562
4.059974 4.057265 4.054469 4.051592 4.048641 4.045611 4.042498 4.039299 4.036011 4.032632 4.029159 4.025589 4.021924 4.018159 4.014296 4.010332 4.006269 4.002105 3.997841 3.993477 3.989014 3.984453 3.979795 3.975039 3.970189 3.965245 3.960208 3.95508 3.949863 3.944558 3.939167 3.933692 3.928134 3.922495 3.916777 3.910983 3.905113 3.899171 3.893159 3.887079 3.880933 3.874724 3.868455 3.862129 3.85575 3.84932 3.842844 3.836324 3.829767 3.823173 3.816549 3.809898 3.803223 3.796529 3.789818 3.783095 3.776362 3.769621 3.762877 3.756128 3.749382 3.742637 3.735898 3.729166 3.722444 3.715736 3.709046 3.702376 3.695731
4.050744 4.047918 4.045009 4.042023 4.038962 4.035821 4.032598 4.029289 4.025891 4.022404 4.018824 4.01515 4.011381 4.007516 4.003554 3.999495 3.995338 3.991085 3.986735 3.982288 3.977746 3.973109 3.968379 3.963556 3.958641 3.953637 3.948545 3.943366 3.938102 3.932753 3.927324 3.921813 3.916225 3.91056 3.90482 3.899007 3.893123 3.88717 3.88115 3.875067 3.86892 3.862714 3.856452 3.850135 3.843767 3.837351 3.830891 3.82439 3.817851 3.811279 3.804678 3.798049 3.791399 3.784729 3.778043 3.771345 3.764638 3.757923 3.751202 3.744481 3.737759 3.731038 3.724321 3.717611 3.71091 3.704221 3.697549 3.690897 3.684268
4.041581 4.03864 4.035622 4.032528 4.029359 4.02611 4.022779 4.019363 4.01586 4.012268 4.008585 4.00481 4.000942 3.99698 3.992924 3.988774 3.98453 3.980191 3.97576 3.971236 3.966619 3.961912 3.957115 3.95223 3.947258 3.9422 3.937057 3.931833 3.926527 3.921143 3.91568 3.910141 3.904529 3.898844 3.893088 3.887263 3.881371 3.875414 3.869394 3.863313 3.857173 3.850976 3.844726 3.838424 3.832074 3.825678 3.81924 3.812762 3.806249 3.799704 3.79313 3.786529 3.779907 3.773266 3.76661 3.759942 3.753265 3.74658 3.739888 3.733195 3.726501 3.719807 3.713116 3.70643 3.699752 3.693086 3.686435 3.679803 3.673194
4.032496 4.029443 4.026317 4.023118 4.019844 4.01649 4.013054 4.009535 4.005929 4.002236 3.998454 3.994582 3.99062 3.986566 3.982421 3.978184 3.973856 3.969438 3.96493 3.960333 3.955648 3.950876 3.946019 3.941077 3.936052 3.930946 3.92576 3.920496 3.915155 3.909739 3.904251 3.89869 3.89306 3.887361 3.881596 3.875766 3.869872 3.863918 3.857904 3.851832 3.845705 3.839525 3.833293 3.827013 3.820687 3.814317 3.807906 3.801459 3.794976 3.788462 3.781921 3.775354 3.768765 3.762158 3.755536 3.748902 3.742258 3.735606 3.728948 3.722287 3.715624 3.70896 3.702298 3.69564 3.688988 3.682347 3.67572 3.66911 3.662523
4.023501 4.020338 4.017106 4.013805 4.010428 4.006972 4.003436 3.999817 3.996113 3.992322 3.988446 3.984481 3.980428 3.976286 3.972056 3.967738 3.963332 3.958839 3.95426 3.949595 3.944846 3.940015 3.935102 3.930109 3.925037 3.919889 3.914665 3.909367 3.903998 3.898557 3.893049 3.887472 3.881831 3.876125 3.870357 3.864528 3.85864 3.852694 3.846693 3.840637 3.83453 3.828372 3.822165 3.815913 3.809617 3.803279 3.796903 3.79049 3.784045 3.77757 3.771065 3.764536 3.757986 3.751418 3.744834 3.738238 3.731632 3.725016 3.718396 3.711771 3.705142 3.698511 3.69188 3.685252 3.67863 3.672016 3.665415 3.658831 3.652268
4.014607 4.011336 4.008002 4.004601 4.001125 3.997571 3.993937 3.990221 3.986423 3.982539 3.978571 3.974518 3.970379 3.966154 3.961844 3.957449 3.95297 3.948407 3.943761 3.939034 3.934227 3.929342 3.924378 3.91934 3.914227 3.909042 3.903786 3.89846 3.893068 3.887609 3.882086 3.8765 3.870853 3.865147 3.859382 3.853561 3.847685 3.841754 3.835772 3.829739 3.823658 3.817528 3.811354 3.805135 3.798876 3.792576 3.78624 3.779868 3.773465 3.767032 3.760571 3.754086 3.747579 3.741054 3.734514 3.72796 3.721395 3.714821 3.708241 3.701654 3.695062 3.688467 3.681871 3.675276 3.668685 3.662102 3.65553 3.648974 3.642438
4.005827 4.002451 3.999018 3.995521 3.991949 3.988299 3.984571 3.980763 3.976873 3.972901 3.968846 3.964708 3.960488 3.956184 3.951798 3.947331 3.942783 3.938154 3.933448 3.928663 3.923803 3.918868 3.91386 3.908782 3.903633 3.898416 3.893133 3.887786 3.882376 3.876904 3.871373 3.865784 3.860138 3.854437 3.848682 3.842875 3.837016 3.831108 3.82515 3.819146 3.813097 3.807002 3.800865 3.794687 3.78847 3.782214 3.775923 3.769599 3.763243 3.756859 3.750447 3.74401 3.737552 3.731075 3.724581 3.718074 3.711554 3.705025 3.698488 3.691942 3.685391 3.678834 3.672275 3.665716 3.659159 3.652609 3.646069 3.639543 3.633036
3.997174 3.993696 3.990166 3.986576 3.982911 3.97917 3.975351 3.971454 3.967477 3.96342 3.959282 3.955065 3.950767 3.946389 3.941932 3.937397 3.932784 3.928095 3.923331 3.918495 3.913586 3.908607 3.903559 3.898445 3.893266 3.888023 3.882719 3.877355 3.871933 3.866454 3.86092 3.855333 3.849694 3.844004 3.838264 3.832476 3.826641 3.82076 3.814834 3.808865 3.802853 3.796799 3.790706 3.784574 3.778404 3.772198 3.765958 3.759686 3.753385 3.747052 3.740694 3.734311 3.727906 3.721482 3.715039 3.708582 3.702111 3.69563 3.689138 3.682637 3.676128 3.669613 3.663093 3.656572 3.650052 3.643537 3.637031 3.630538 3.624063
3.98866 3.985083 3.98146 3.97778 3.974026 3.970197 3.966291 3.962309 3.958249 3.954111 3.949894 3.945601 3.941229 3.936781 3.932257 3.927658 3.922986 3.918241 3.913425 3.90854 3.903588 3.898569 3.893486 3.888341 3.883136 3.877872 3.872551 3.867176 3.861746 3.856265 3.850734 3.845154 3.839526 3.833853 3.828134 3.822371 3.816565 3.810717 3.804827 3.798898 3.792929 3.786922 3.780877 3.774796 3.768679 3.762528 3.756345 3.75013 3.743886 3.737612 3.731311 3.724987 3.718639 3.712271 3.705885 3.699481 3.693063 3.686632 3.680189 3.673735 3.667271 3.660799 3.654321 3.64784 3.641359 3.634881 3.628412 3.621954 3.615514
3.980298 3.976627 3.972914 3.969147 3.965307 3.961393 3.957405 3.953341 3.949201 3.944986 3.940695 3.936329 3.931888 3.927374 3.922787 3.918129 3.9134 3.908603 3.90374 3.898811 3.893818 3.888764 3.883651 3.878479 3.873252 3.867971 3.862638 3.857255 3.851824 3.846345 3.840821 3.835253 3.829641 3.823989 3.818295 3.812562 3.80679 3.800979 3.795131 3.789247 3.783326 3.777369 3.771378 3.765353 3.759294 3.753202 3.747079 3.740926 3.734744 3.728533 3.722295 3.716032 3.709746 3.703438 3.69711 3.690762 3.6844 3.678022 3.671631 3.665226 3.658809 3.652383 3.645949 3.639511 3.633071 3.626633 3.620202 3.613782 3.607378
3.972101 3.968339 3.96454 3.96069 3.956768 3.952773 3.948705 3.944563 3.940348 3.936059 3.931697 3.927262 3.922756 3.918179 3.913533 3.908819 3.904039 3.899194 3.894285 3.889316 3.884287 3.879202 3.874061 3.868867 3.863622 3.858328 3.852987 3.8476 3.84217 3.836697 3.831184 3.825632 3.820041 3.814413 3.808749 3.80305 3.797316 3.791547 3.785745 3.779909 3.77404 3.768139 3.762205 3.756239 3.750242 3.744214 3.738155 3.732067 3.725951 3.719806 3.713633 3.707436 3.701214 3.694969 3.688703 3.682415 3.676111 3.669789 3.66345 3.657097 3.65073 3.644351 3.637964 3.63157 3.625173 3.618778 3.612387 3.606007 3.599642
3.964078 3.960228 3.956345 3.952415 3.948414 3.944341 3.940197 3.935981 3.931692 3.927333 3.922903 3.918404 3.913835 3.909199 3.904497 3.899731 3.894902 3.890012 3.885062 3.880056 3.874995 3.869882 3.864718 3.859505 3.854246 3.848943 3.843597 3.838211 3.832786 3.827324 3.821827 3.816294 3.810729 3.805131 3.799501 3.79384 3.788148 3.782426 3.776674 3.770892 3.765079 3.759238 3.753366 3.747464 3.741532 3.735571 3.729581 3.723562 3.717515 3.711439 3.705335 3.699206 3.693051 3.686872 3.680669 3.674443 3.668198 3.661933 3.655649 3.649348 3.643032 3.636703 3.630362 3.624014 3.617661 3.611307 3.604958 3.598618 3.592293
3.956234 3.952298 3.948335 3.944327 3.940249 3.936102 3.931884 3.927595 3.923238 3.918811 3.914316 3.909754 3.905127 3.900435 3.89568 3.890865 3.885991 3.881059 3.876073 3.871034 3.865945 3.860808 3.855624 3.850397 3.845129 3.839821 3.834476 3.829095 3.823681 3.818235 3.812757 3.807251 3.801716 3.796153 3.790562 3.784945 3.779302 3.773632 3.767935 3.762211 3.756461 3.750683 3.744878 3.739045 3.733184 3.727294 3.721376 3.715431 3.709455 3.703452 3.69742 3.69136 3.685275 3.679162 3.673023 3.666862 3.660677 3.654469 3.648241 3.641993 3.635727 3.629446 3.623152 3.616848 3.610539 3.604227 3.597919 3.591618 3.585331
3.948576 3.944558 3.940517 3.936434 3.932283 3.928062 3.923774 3.919417 3.914992 3.910501 3.905945 3.901324 3.896641 3.891897 3.887093 3.882232 3.877317 3.872348 3.867329 3.862261 3.857147 3.85199 3.846792 3.841555 3.836281 3.830973 3.825634 3.820263 3.814864 3.809439 3.803987 3.798511 3.793012 3.787489 3.781944 3.776376 3.770785 3.765172 3.759536 3.753876 3.748192 3.742483 3.736749 3.730989 3.725202 3.719388 3.713545 3.707676 3.701776 3.695847 3.689888 3.683901 3.677886 3.671842 3.665769 3.659671 3.653546 3.647397 3.641224 3.635028 3.628813 3.62258 3.616331 3.610071 3.603804 3.597533 3.591264 3.585001 3.578752
3.941112 3.937014 3.932898 3.928743 3.924521 3.920232 3.915875 3.911453 3.906965 3.902413 3.897798 3.893122 3.888386 3.883593 3.878744 3.873842 3.868888 3.863886 3.858837 3.853745 3.848611 3.843438 3.838229 3.832987 3.827713 3.82241 3.817079 3.811724 3.806345 3.800945 3.795524 3.790084 3.784625 3.779147 3.773652 3.768137 3.762605 3.757054 3.751482 3.745891 3.740278 3.734642 3.728983 3.723299 3.717589 3.711853 3.706089 3.700298 3.694476 3.688623 3.68274 3.676827 3.670883 3.664908 3.658901 3.652867 3.646803 3.640711 3.634593 3.628449 3.622283 3.616097 3.609893 3.603676 3.597449 3.591217 3.584986 3.578761 3.572548
3.933847 3.929673 3.925486 3.921262 3.916972 3.912616 3.908195 3.90371 3.899162 3.894552 3.889883 3.885155 3.88037 3.875532 3.870641 3.865701 3.860714 3.855682 3.850608 3.845495 3.840344 3.83516 3.829945 3.824701 3.819431 3.814137 3.80882 3.803485 3.798131 3.792761 3.787375 3.781975 3.776561 3.771133 3.765691 3.760236 3.754766 3.74928 3.743778 3.738258 3.73272 3.727161 3.72158 3.715976 3.710346 3.704691 3.699008 3.693297 3.687554 3.681779 3.675972 3.670133 3.664261 3.658355 3.652416 3.646444 3.640441 3.634406 3.628341 3.622249 3.616131 3.60999 3.603829 3.597653 3.591465 3.585271 3.579076 3.572886 3.566708
3.926789 3.922541 3.918285 3.913995 3.909641 3.905222 3.900739 3.896195 3.891591 3.886927 3.882205 3.877429 3.8726 3.86772 3.862791 3.857817 3.8528 3.847742 3.842646 3.837516 3.832354 3.827163 3.821945 3.816704 3.811441 3.80616 3.800863 3.795551 3.790226 3.78489 3.779544 3.774188 3.768823 3.763449 3.758066 3.752673 3.747269 3.741853 3.736424 3.73098 3.725519 3.720039 3.71454 3.709017 3.703471 3.697898 3.692297 3.686668 3.681005 3.67531 3.66958 3.663815 3.658015 3.652176 3.646304 3.640395 3.634451 3.628472 3.62246 3.616417 3.610346 3.604249 3.598129 3.591992 3.585841 3.579683 3.573522 3.567365 3.561219
3.919942 3.915625 3.911302 3.90695 3.902533 3.898055 3.893514 3.888915 3.884256 3.879542 3.874773 3.869951 3.865081 3.860162 3.8552 3.850195 3.845152 3.840072 3.834959 3.829816 3.824645 3.81945 3.814234 3.809 3.803749 3.798485 3.79321 3.787926 3.782634 3.777337 3.772034 3.766726 3.761415 3.756099 3.750777 3.74545 3.740116 3.734773 3.72942 3.724054 3.718673 3.713276 3.707859 3.702421 3.696958 3.69147 3.685953 3.680405 3.674824 3.669207 3.663554 3.657864 3.652135 3.646365 3.640557 3.63471 3.628824 3.6229 3.616939 3.610944 3.604917 3.598861 3.592781 3.58668 3.580565 3.574439 3.56831 3.562184 3.556068
3.913312 3.908928 3.904543 3.90013 3.895655 3.89112 3.886525 3.881873 3.877164 3.872402 3.867589 3.862726 3.857818 3.852865 3.847872 3.84284 3.837774 3.832676 3.827549 3.822397 3.817222 3.812027 3.806817 3.801593 3.796358 3.791115 3.785866 3.780613 3.775358 3.770102 3.764846 3.759591 3.754335 3.74908 3.743824 3.738567 3.733305 3.728037 3.722762 3.717477 3.712179 3.706865 3.701533 3.69618 3.690803 3.6854 3.679967 3.674502 3.669001 3.663464 3.657887 3.65227 3.646611 3.640909 3.635165 3.629378 3.623548 3.617676 3.611764 3.605815 3.59983 3.593814 3.587771 3.581704 3.575621 3.569526 3.563426 3.557328 3.55124
3.906905 3.902456 3.898011 3.893542 3.889012 3.884422 3.879776 3.875074 3.870319 3.865513 3.860658 3.855758 3.850815 3.845831 3.840811 3.835756 3.830671 3.825558 3.820421 3.815263 3.810087 3.804897 3.799695 3.794485 3.789269 3.78405 3.778831 3.773612 3.768398 3.763187 3.757981 3.75278 3.747585 3.742394 3.737206 3.732019 3.726833 3.721643 3.716448 3.711245 3.706031 3.700803 3.695556 3.690289 3.684998 3.67968 3.674332 3.668948 3.663528 3.658069 3.652568 3.647023 3.641433 3.635797 3.630115 3.624386 3.61861 3.612789 3.606924 3.601018 3.595073 3.589094 3.583084 3.577049 3.570995 3.564928 3.558854 3.552782 3.546717
3.900724 3.896214 3.891712 3.887189 3.882606 3.877966 3.873271 3.868523 3.863724 3.858877 3.853985 3.84905 3.844076 3.839065 3.834021 3.828946 3.823846 3.818722 3.813578 3.808417 3.803244 3.798061 3.792871 3.787678 3.782485 3.777293 3.772106 3.766926 3.761753 3.75659 3.751437 3.746294 3.741161 3.736036 3.730918 3.725806 3.720695 3.715585 3.710472 3.705353 3.700223 3.695081 3.689921 3.68474 3.679534 3.674301 3.669037 3.663735 3.658394 3.653012 3.647585 3.642111 3.636587 3.631016 3.625394 3.619721 3.613997 3.608224 3.602403 3.596537 3.59063 3.584684 3.578706 3.5727 3.566672 3.560629 3.554578 3.548527 3.542485
3.894774 3.890207 3.88565 3.881075 3.876443 3.871755 3.867014 3.862223 3.857384 3.852499 3.847572 3.842606 3.837603 3.832568 3.827503 3.822413 3.8173 3.812168 3.80702 3.801861 3.796693 3.79152 3.786346 3.781173 3.776004 3.770843 3.765691 3.760551 3.755424 3.750312 3.745214 3.74013 3.735061 3.730004 3.724958 3.71992 3.714888 3.709858 3.704828 3.699792 3.694748 3.689691 3.684618 3.679523 3.674402 3.669253 3.664071 3.65885 3.653588 3.648281 3.642926 3.637521 3.632063 3.626553 3.620988 3.615369 3.609694 3.603966 3.598187 3.592359 3.586486 3.580571 3.57462 3.568639 3.562634 3.556613 3.550582 3.54455 3.538525
3.889059 3.884437 3.879829 3.875205 3.870525 3.865793 3.861009 3.856177 3.8513 3.846381 3.841422 3.836427 3.8314 3.826344 3.821261 3.816157 3.811035 3.805898 3.80075 3.795594 3.790435 3.785276 3.780119 3.774969 3.769828 3.764699 3.759585 3.754488 3.749408 3.744348 3.739307 3.734285 3.729281 3.724294 3.719321 3.714359 3.709405 3.704456 3.699508 3.694556 3.689597 3.684626 3.679637 3.674628 3.669591 3.664525 3.659424 3.654282 3.649096 3.643862 3.638578 3.63324 3.627845 3.622394 3.616884 3.611315 3.605687 3.600002 3.594261 3.588467 3.582625 3.576738 3.570812 3.564853 3.558867 3.552864 3.546849 3.540832 3.534822
3.883584 3.878908 3.874251 3.869581 3.864856 3.860081 3.855258 3.850389 3.845476 3.840525 3.835537 3.830517 3.825468 3.820393 3.815296 3.810181 3.805053 3.799913 3.794768 3.789619 3.784471 3.779327 3.774191 3.769066 3.763955 3.758861 3.753787 3.748733 3.743703 3.738696 3.733714 3.728754 3.723817 3.7189 3.714 3.709114 3.704239 3.699371 3.694505 3.689637 3.684762 3.679874 3.67497 3.670044 3.665091 3.660105 3.655083 3.650018 3.644906 3.639744 3.634527 3.629253 3.623919 3.618524 3.613066 3.607545 3.601961 3.596315 3.590609 3.584847 3.579032 3.57317 3.567265 3.561324 3.555355 3.549366 3.543364 3.537359 3.53136
3.87835 3.873625 3.868921 3.864206 3.85944 3.854625 3.849763 3.844859 3.839914 3.834933 3.829919 3.824876 3.819807 3.814717 3.809608 3.804486 3.799353 3.794214 3.789073 3.783933 3.778799 3.773673 3.76856 3.763463 3.758384 3.753326 3.748292 3.743285 3.738305 3.733353 3.72843 3.723534 3.718663 3.713816 3.70899 3.70418 3.699383 3.694595 3.68981 3.685024 3.680231 3.675427 3.670605 3.665761 3.660888 3.655981 3.651036 3.646045 3.641005 3.635911 3.63076 3.625547 3.62027 3.614929 3.609521 3.604044 3.5985 3.592891 3.587217 3.581483 3.575693 3.569851 3.563964 3.558038 3.552082 3.546103 3.540111 3.534115 3.528124
3.873363 3.868589 3.86384 3.859084 3.854278 3.849424 3.844527 3.83959 3.834616 3.829607 3.82457 3.819506 3.81442 3.809316 3.804198 3.79907 3.793936 3.7888 3.783666 3.778538 3.773419 3.768314 3.763225 3.758157 3.753111 3.748092 3.743101 3.73814 3.733211 3.728315 3.723451 3.718618 3.713814 3.709038 3.704283 3.699549 3.694829 3.690119 3.685414 3.680708 3.675996 3.671273 3.666531 3.661766 3.656971 3.652141 3.64727 3.642351 3.63738 3.632352 3.627263 3.622108 3.616886 3.611595 3.606232 3.600798 3.595291 3.589715 3.58407 3.57836 3.572591 3.566767 3.560894 3.554981 3.549034 3.543063 3.537077 3.531086 3.5251
3.868624 3.863804 3.859013 3.854216 3.849372 3.844483 3.839553 3.834584 3.829582 3.824549 3.819489 3.814407 3.809306 3.804191 3.799066 3.793935 3.788801 3.78367 3.778545 3.77343 3.768329 3.763246 3.758183 3.753146 3.748135 3.743155 3.738207 3.733294 3.728417 3.723576 3.718772 3.714002 3.709265 3.704556 3.699874 3.695213 3.690568 3.685934 3.681307 3.676679 3.672046 3.6674 3.662736 3.658048 3.653328 3.648571 3.643772 3.638921 3.634016 3.62905 3.62402 3.618921 3.61375 3.608506 3.603187 3.59779 3.592318 3.586771 3.581152 3.575464 3.569713 3.563903 3.558042 3.552136 3.546196 3.54023 3.534247 3.528258 3.522273
