Sensitivity_testing/Dynamic_input/ET_Process/oct_et_clipped.asc
ncols         700
nrows         400
xllcorner     515000
yllcorner     8409000
cellsize      50
NODATA_value  -9999
[rows 124 to 154 of 400, columns 483 to 551 of 700]
3.955161 3.958367 3.961811 3.965499 3.969438 3.973632 3.978081 3.982783 3.987733 3.992925 3.998346 4.003985 4.009825 4.015849 4.022038 4.028373 4.034834 4.0414 4.048054 4.054777 4.061555 4.068376 4.07523 4.082109 4.089008 4.095924 4.102854 4.109799 4.116762 4.123748 4.130761 4.137809 4.144899 4.152039 4.159237 4.166501 4.173836 4.181247 4.188739 4.196313 4.203969 4.211704 4.219515 4.227407 4.235379 4.243425 4.251539 4.25971 4.267933 4.276198 4.284495 4.292816 4.301149 4.309484 4.31781 4.326115 4.334388 4.342618 4.350794 4.358903 4.366937 4.374884 4.382735 4.390481 4.398116 4.40563 4.413019 4.420278 4.427402
3.956568 3.960101 3.963885 3.967928 3.972236 3.976813 3.98166 3.986773 3.992147 3.997774 4.003642 4.009734 4.016035 4.022524 4.029181 4.035985 4.042913 4.049943 4.057055 4.064229 4.071448 4.078698 4.085966 4.093242 4.100518 4.10779 4.115053 4.122306 4.129551 4.136791 4.144029 4.151271 4.158524 4.165796 4.173093 4.180424 4.187794 4.19521 4.202676 4.210194 4.217766 4.225392 4.233072 4.240808 4.248602 4.25645 4.264345 4.272283 4.280257 4.288261 4.296288 4.30433 4.312379 4.320425 4.328459 4.336471 4.34445 4.352388 4.360273 4.368096 4.375848 4.383518 4.391098 4.39858 4.405956 4.413221 4.420368 4.427392 4.434291
3.958662 3.962522 3.966647 3.971044 3.975719 3.980677 3.985918 3.991438 3.997231 4.003288 4.009593 4.016132 4.022885 4.02983 4.036945 4.044206 4.051589 4.05907 4.066626 4.074236 4.081882 4.089544 4.09721 4.104866 4.112503 4.120113 4.127691 4.135234 4.142741 4.150214 4.157655 4.165071 4.172466 4.179847 4.187222 4.194599 4.201984 4.209384 4.216805 4.224249 4.231722 4.239224 4.246757 4.254325 4.26193 4.269568 4.277236 4.284931 4.292649 4.300386 4.308136 4.315894 4.323653 4.331405 4.339142 4.346857 4.354539 4.362182 4.369775 4.377309 4.384777 4.392168 4.399476 4.406693 4.413812 4.420826 4.427732 4.434523 4.441197
3.961467 3.965654 3.970117 3.974865 3.979904 3.985237 3.990866 3.996786 4.00299 4.009467 4.016201 4.023175 4.030367 4.037755 4.045313 4.053016 4.060838 4.068753 4.076737 4.084766 4.092818 4.100875 4.108919 4.116935 4.124912 4.13284 4.140712 4.148522 4.156269 4.163953 4.171576 4.179142 4.186656 4.194125 4.201556 4.208958 4.216337 4.223701 4.231057 4.238411 4.245768 4.253131 4.260505 4.267893 4.275298 4.282718 4.29015 4.297596 4.305052 4.312516 4.319985 4.327455 4.33492 4.342375 4.349814 4.35723 4.364614 4.37196 4.37926 4.386506 4.393689 4.400803 4.407839 4.414792 4.421655 4.428421 4.435087 4.441647 4.448099
3.965002 3.969513 3.974311 3.979405 3.984801 3.990502 3.99651 4.00282 4.009424 4.016309 4.023458 4.030853 4.038469 4.046282 4.054265 4.062391 4.070633 4.078962 4.087353 4.095779 4.104217 4.112646 4.121045 4.129399 4.137693 4.145916 4.154057 4.162111 4.170074 4.177946 4.185726 4.193419 4.201028 4.208562 4.216027 4.223431 4.230783 4.238092 4.245366 4.252612 4.259837 4.267048 4.274251 4.281449 4.288645 4.295838 4.30303 4.310221 4.31741 4.324599 4.331784 4.338964 4.346134 4.353292 4.360432 4.367548 4.374635 4.381686 4.388693 4.395652 4.402553 4.409391 4.416159 4.422851 4.42946 4.435981 4.44241 4.448743 4.454977
3.969281 3.974111 3.979238 3.98467 3.990415 3.996475 4.002851 4.009538 4.016528 4.023806 4.031354 4.039151 4.047172 4.05539 4.063777 4.072305 4.080944 4.089664 4.098437 4.107235 4.116034 4.124809 4.133539 4.142205 4.15079 4.159281 4.167667 4.17594 4.184094 4.192128 4.200041 4.207836 4.215517 4.223092 4.230567 4.237953 4.245259 4.252493 4.259667 4.266789 4.273869 4.280915 4.287935 4.294935 4.301914 4.308876 4.315821 4.322753 4.329674 4.336585 4.343485 4.350375 4.357251 4.364112 4.370955 4.377774 4.384565 4.391323 4.398042 4.404716 4.411339 4.417905 4.424408 4.430843 4.437203 4.443484 4.449682 4.455792 4.461812
3.974309 3.979453 3.984901 3.990664 3.996746 4.003152 4.009882 4.016932 4.024292 4.031946 4.039873 4.048052 4.056455 4.065055 4.073822 4.082726 4.091735 4.100819 4.109948 4.119092 4.128223 4.137317 4.146349 4.155299 4.164148 4.172881 4.181484 4.189949 4.198267 4.206437 4.214456 4.222328 4.230057 4.23765 4.245115 4.252461 4.2597 4.266843 4.273901 4.280884 4.287806 4.294675 4.301505 4.308298 4.315055 4.321779 4.328475 4.335147 4.341798 4.34843 4.355046 4.361647 4.368231 4.374797 4.381345 4.38787 4.39437 4.400839 4.407274 4.413669 4.420019 4.426318 4.432562 4.438745 4.444862 4.450909 4.456881 4.462775 4.468588
3.980088 3.985537 3.991298 3.99738 4.003788 4.010528 4.017597 4.024992 4.032702 4.04071 4.048995 4.057531 4.066291 4.075247 4.084366 4.093618 4.102969 4.112388 4.121842 4.131301 4.140736 4.150118 4.159423 4.168627 4.177711 4.186656 4.195447 4.204075 4.212531 4.220809 4.22891 4.236835 4.244587 4.252175 4.259607 4.266894 4.274048 4.281082 4.288008 4.294841 4.301592 4.308277 4.314908 4.321489 4.328019 4.334503 4.340947 4.347357 4.353738 4.360094 4.366427 4.372741 4.379036 4.385312 4.39157 4.397806 4.404018 4.410205 4.416361 4.422482 4.428566 4.434606 4.440597 4.446536 4.452417 4.458236 4.46399 4.469676 4.475288
3.986609 3.992356 3.99842 4.004809 4.011531 4.018588 4.025979 4.0337 4.041739 4.050078 4.058694 4.067561 4.07665 4.085932 4.095374 4.104943 4.114605 4.124327 4.134075 4.143816 4.153522 4.16316 4.172706 4.182133 4.19142 4.200547 4.209498 4.218261 4.226825 4.235186 4.243342 4.251294 4.259046 4.266606 4.273985 4.281194 4.288247 4.295156 4.301938 4.308607 4.31518 4.321671 4.328098 4.334463 4.340762 4.347004 4.353197 4.359345 4.365458 4.371538 4.377593 4.383623 4.389634 4.395625 4.401597 4.40755 4.413483 4.419393 4.425278 4.431134 4.436957 4.442745 4.448492 4.454194 4.459848 4.465448 4.470993 4.476477 4.481899
3.99386 3.999894 4.006249 4.012934 4.019954 4.027312 4.035007 4.043033 4.051377 4.06002 4.06894 4.078109 4.087497 4.097074 4.106806 4.11666 4.126599 4.13659 4.146598 4.156589 4.166531 4.176392 4.186145 4.195763 4.205221 4.214499 4.223579 4.232447 4.241092 4.249508 4.257693 4.265647 4.273376 4.280889 4.288195 4.295308 4.302242 4.309014 4.315639 4.322136 4.328521 4.334814 4.341032 4.347178 4.353246 4.359245 4.365186 4.371075 4.376921 4.38273 4.388509 4.394263 4.399994 4.405706 4.4114 4.417078 4.422738 4.42838 4.434001 4.4396 4.445173 4.450717 4.456228 4.461703 4.467138 4.472529 4.477873 4.483166 4.488406
4.001822 4.008131 4.014765 4.02173 4.029033 4.036674 4.044652 4.052959 4.061583 4.070503 4.079697 4.089137 4.098793 4.108632 4.118621 4.128724 4.138906 4.149131 4.159363 4.169568 4.179711 4.189761 4.199687 4.209461 4.219058 4.228455 4.237633 4.246577 4.255275 4.26372 4.271908 4.279841 4.287525 4.294969 4.302184 4.309184 4.315986 4.322608 4.329066 4.335382 4.341574 4.347664 4.353671 4.359596 4.365432 4.371191 4.376882 4.382514 4.388098 4.393641 4.39915 4.404632 4.41009 4.415531 4.420955 4.426364 4.431761 4.437143 4.442511 4.447861 4.453193 4.458504 4.463789 4.469048 4.474274 4.479465 4.484618 4.48973 4.494798
4.01047 4.01704 4.023937 4.031167 4.038734 4.046638 4.054876 4.063441 4.072318 4.081487 4.090925 4.100604 4.110494 4.120562 4.130773 4.14109 4.151479 4.161901 4.172321 4.182703 4.193011 4.203213 4.213277 4.223173 4.232876 4.24236 4.251606 4.260596 4.269319 4.277765 4.285933 4.293822 4.30144 4.308795 4.315903 4.322776 4.329433 4.335894 4.342178 4.348306 4.3543 4.360184 4.365979 4.371684 4.37729 4.38281 4.388254 4.393634 4.398961 4.404243 4.409489 4.414706 4.4199 4.425077 4.43024 4.435391 4.440533 4.445665 4.450789 4.455902 4.461003 4.466091 4.471161 4.476212 4.48124 4.486243 4.491216 4.496158 4.501065
4.019772 4.026588 4.033732 4.041208 4.049019 4.057164 4.065639 4.074436 4.083538 4.092927 4.102579 4.112465 4.122556 4.132817 4.143214 4.15371 4.164269 4.174852 4.185423 4.195944 4.206381 4.216699 4.226865 4.236849 4.246623 4.256162 4.265445 4.274453 4.283173 4.291595 4.299717 4.307541 4.315073 4.322324 4.329308 4.336041 4.342543 4.348834 4.354936 4.360872 4.366666 4.372342 4.377924 4.38341 4.38879 4.394074 4.399277 4.40441 4.409486 4.414514 4.419504 4.424465 4.429404 4.434326 4.439237 4.44414 4.449037 4.453931 4.458821 4.463707 4.468589 4.473464 4.478331 4.483186 4.488028 4.492853 4.497657 4.502439 4.507196
4.029693 4.036739 4.04411 4.051812 4.059845 4.068209 4.076896 4.085897 4.095198 4.104777 4.114611 4.124673 4.13493 4.14535 4.155898 4.166536 4.177228 4.187934 4.198618 4.209243 4.219771 4.230168 4.2404 4.250437 4.26025 4.269812 4.279101 4.288098 4.296788 4.305162 4.313217 4.320954 4.328382 4.335511 4.342358 4.34894 4.355277 4.361392 4.367307 4.373048 4.378639 4.384108 4.38948 4.394751 4.399906 4.40496 4.409927 4.41482 -9999 -9999 -9999 -9999 4.438584 4.443262 4.447931 4.452596 4.457261 4.461926 4.466594 4.471265 4.475938 4.480613 4.485288 4.489959 4.494626 4.499285 4.503933 4.508568 4.513186
4.040194 4.04745 4.05503 4.062936 4.071169 4.079725 4.088599 4.097778 4.107248 4.116988 4.126974 4.137177 4.147569 4.158113 4.168776 4.17952 4.190308 4.2011 4.211861 4.22255 4.233133 4.243573 4.253836 4.263891 4.273709 4.283262 4.292527 4.301485 4.31012 4.318421 4.326387 4.334019 4.341326 4.34832 4.355018 4.361439 4.367604 4.373537 4.379262 4.384806 4.390195 4.395458 4.400623 4.405682 4.410619 4.415449 4.420187 4.424847 -9999 -9999 -9999 -9999 4.447427 4.451872 4.45631 4.460749 4.465191 4.46964 4.474098 4.478566 4.483043 4.487529 4.492024 4.496524 4.501028 4.505533 4.510036 4.514535 4.519026
4.05123 4.058678 4.066444 4.074533 4.082941 4.091666 4.100699 4.110029 4.119639 4.12951 4.139616 4.14993 4.160421 4.171056 4.181798 4.192613 4.20346 4.214303 4.225103 4.235821 4.246422 4.256869 4.267128 4.277168 4.286957 4.29647 4.305682 4.314573 4.323127 4.331335 4.33919 4.3467 4.353871 4.360718 4.367258 4.37351 4.379498 4.385245 4.390778 4.396124 4.401313 4.406373 4.411334 4.416186 4.42091 4.425523 -9999 -9999 -9999 -9999 -9999 -9999 -9999 -9999 -9999 -9999 4.472821 4.477066 4.481326 4.485602 4.489896 4.494206 4.498532 4.502873 4.507226 4.51159 4.51596 4.520336 4.524713
4.062758 4.070375 4.078307 4.086553 4.095113 4.10398 4.113147 4.122599 4.132321 4.142292 4.152488 4.16288 4.173439 4.18413 4.194919 4.205768 4.21664 4.227497 4.2383 4.249012 4.259596 4.270015 4.280236 4.290226 4.299956 4.309398 4.318528 4.327326 4.335775 4.343866 4.351595 4.358966 4.365989 4.372678 4.379051 4.385129 4.390934 4.396494 4.401834 4.406985 4.411974 4.416835 4.421597 4.426249 4.430768 4.435171 -9999 -9999 -9999 -9999 -9999 -9999 -9999 -9999 -9999 -9999 4.480144 4.484196 4.488271 4.492369 4.496491 4.500638 4.504809 4.509003 4.513218 4.517452 4.521702 4.525966 4.530241
4.074728 4.082494 4.090568 4.098949 4.107635 4.116619 4.125891 4.135438 4.145244 4.155286 4.165541 4.17598 4.186574 4.197289 4.208089 4.21894 4.229802 4.240639 4.251412 4.262083 4.272615 4.282974 4.293124 4.303033 4.312672 4.322013 4.331034 4.339713 4.348035 4.35599 4.363575 4.370795 4.377658 4.384181 4.39038 4.396278 4.401899 4.407269 4.412417 4.417373 4.422168 4.426834 4.431403 4.435861 -9999 -9999 -9999 -9999 -9999 -9999 -9999 -9999 -9999 -9999 -9999 -9999 -9999 -9999 4.49493 4.498862 4.502826 4.506823 4.510851 4.514911 4.519 4.523117 4.527258 4.531423 4.535607
4.087092 4.094985 4.103178 4.111669 4.120455 4.12953 4.138881 4.148496 4.158356 4.16844 4.178724 4.18918 4.199778 4.210485 4.221266 4.232085 4.242905 4.253689 4.264398 4.274995 4.285445 4.29571 4.305758 4.315557 4.325076 4.334291 4.343176 4.351713 4.359886 4.367687 4.375113 4.382168 4.388862 4.395209 4.401229 4.406944 4.412379 4.41756 4.422517 4.427281 4.431885 4.436361 4.440743 4.445014 -9999 -9999 -9999 -9999 -9999 -9999 -9999 -9999 -9999 -9999 -9999 -9999 -9999 -9999 4.501303 4.505082 4.5089 4.512758 4.516656 4.520594 4.52457 4.528582 4.532628 4.536704 4.540809
4.099798 4.107796 4.116084 4.124662 4.133525 4.142663 4.152068 4.161722 4.171609 4.181707 4.191991 4.202435 4.213007 4.223675 4.234406 4.245162 4.255909 4.266608 4.277223 4.287716 4.298052 4.308195 4.318112 4.327772 4.337146 4.346208 4.354935 4.363308 4.371314 4.378944 4.386197 4.393076 4.399591 4.405757 4.411592 4.417121 4.422368 4.42736 4.432128 4.436705 4.441122 4.445414 4.449616 4.453708 -9999 -9999 -9999 -9999 -9999 -9999 -9999 -9999 -9999 -9999 -9999 -9999 -9999 -9999 -9999 -9999 -9999 -9999 4.522225 4.526053 4.529928 4.533847 4.537808 4.54181 4.545847
4.112797 4.120876 4.129238 4.137878 4.146791 4.15597 4.165401 4.175068 4.184955 4.195039 4.205296 4.215698 4.226216 4.236817 4.247468 4.258133 4.268777 4.279363 4.289855 4.300215 4.310409 4.320402 4.330162 4.339658 4.348862 4.357749 4.366297 4.374488 4.38231 4.389755 4.396821 4.403513 4.409841 4.415819 4.421466 4.426806 4.431864 4.436669 4.441251 4.445643 4.449879 4.453993 4.458022 4.461943 -9999 -9999 -9999 -9999 -9999 -9999 -9999 -9999 -9999 -9999 -9999 -9999 -9999 -9999 -9999 -9999 -9999 -9999 4.527559 4.53129 4.535075 4.538913 4.542802 4.546739 4.55072
4.126036 4.134175 4.142587 4.151266 4.160206 4.169399 4.178831 4.188487 4.198347 4.208391 4.218594 4.228929 4.239365 4.249871 4.260415 4.270962 4.281476 4.291921 4.302262 4.312463 4.32249 4.332309 4.341887 4.351197 4.36021 4.368902 4.377253 4.385245 4.392868 4.400114 4.406983 4.413478 4.419611 4.425396 -9999 -9999 -9999 -9999 -9999 -9999 -9999 -9999 -9999 -9999 -9999 -9999 -9999 -9999 -9999 -9999 -9999 -9999 -9999 -9999 -9999 -9999 -9999 -9999 -9999 -9999 -9999 -9999 4.532662 4.536307 4.540015 4.543783 4.54761 4.551494 4.55543
4.139464 4.147642 4.15608 4.164775 4.173719 4.182903 4.192312 4.201931 4.21174 4.221719 4.231843 4.242084 4.252413 4.2628 4.273211 4.283614 4.293973 4.304253 4.31442 4.324438 4.334274 4.343896 4.353273 4.362376 4.371179 4.379659 4.387796 4.395576 4.402986 4.410022 4.416684 4.422975 4.428907 4.434494 -9999 -9999 -9999 -9999 -9999 -9999 -9999 -9999 -9999 -9999 -9999 -9999 -9999 -9999 -9999 -9999 -9999 -9999 -9999 -9999 -9999 -9999 -9999 -9999 -9999 -9999 -9999 -9999 4.537539 4.541109 4.54475 4.54846 4.552236 4.556076 4.559978
4.153031 4.161226 4.16967 4.178359 4.187284 4.196434 4.205798 4.215356 4.225092 4.234982 4.245002 4.255126 4.265326 4.275569 4.285825 4.29606 4.306241 4.316334 4.326304 4.336118 4.345744 4.35515 4.364305 4.373184 4.381761 4.390014 4.397924 4.405478 4.412666 4.419482 4.425928 4.432009 -9999 -9999 -9999 -9999 -9999 -9999 -9999 -9999 -9999 -9999 -9999 -9999 -9999 -9999 -9999 -9999 -9999 -9999 -9999 -9999 -9999 -9999 -9999 -9999 -9999 -9999 -9999 -9999 -9999 -9999 4.542193 4.545701 4.549285 4.552947 4.556683 4.56049 4.564366
4.166687 4.174877 4.183306 4.191967 4.200852 4.209949 4.219244 4.228721 4.238359 4.248139 4.258034 4.26802 4.278067 4.288145 4.298224 4.308272 4.318254 4.32814 4.337895 4.347486 4.356884 4.366056 4.374975 4.383615 4.391952 4.399964 4.407636 4.414955 4.42191 4.4285 4.434723 4.440588 -9999 -9999 -9999 -9999 -9999 -9999 -9999 -9999 -9999 -9999 -9999 -9999 -9999 -9999 -9999 -9999 -9999 -9999 -9999 -9999 -9999 -9999 -9999 -9999 -9999 -9999 -9999 -9999 -9999 -9999 4.546634 4.550089 4.553628 4.557251 4.560956 4.56474 4.5686
4.180381 4.188549 4.196942 4.205556 4.214379 4.223402 4.232608 4.241982 4.251505 4.261153 4.270904 4.28073 4.290606 4.3005 4.310383 4.320224 4.329991 4.339652 4.349174 4.358528 4.367681 4.376606 4.385275 4.393663 4.401748 4.409511 4.416935 4.42401 4.430727 4.437082 -9999 -9999 -9999 -9999 -9999 -9999 -9999 -9999 -9999 -9999 -9999 -9999 -9999 -9999 -9999 -9999 -9999 -9999 -9999 -9999 -9999 -9999 -9999 -9999 -9999 -9999 -9999 -9999 -9999 -9999 4.544323 4.547551 4.55087 4.554281 4.557785 4.561378 4.565062 4.568831 4.572683
4.194068 4.202194 4.210534 4.21908 4.227824 4.236753 4.245852 4.255105 4.264491 4.27399 4.283577 4.293227 4.302913 4.312607 4.322278 4.331896 4.341432 4.350852 4.360129 4.36923 4.378127 4.386792 4.3952 4.403327 4.411151 4.418656 4.425826 4.43265 4.439122 4.44524 -9999 -9999 -9999 -9999 -9999 -9999 -9999 -9999 -9999 -9999 -9999 -9999 -9999 -9999 -9999 -9999 -9999 -9999 -9999 -9999 -9999 -9999 -9999 -9999 -9999 -9999 -9999 -9999 -9999 -9999 4.54845 4.55163 4.554909 4.558287 4.561763 4.565337 4.569007 4.57277 4.576622
4.207702 4.215768 4.224036 4.232498 4.241144 4.249962 4.258936 4.26805 4.277284 4.286617 4.296025 4.305483 4.314964 4.324441 4.333886 4.343268 4.352559 4.361728 4.370746 4.379584 4.388215 4.396612 4.40475 4.412607 4.420165 4.427405 4.434315 4.440885 4.447109 4.452986 -9999 -9999 -9999 -9999 -9999 -9999 -9999 -9999 -9999 -9999 -9999 -9999 -9999 -9999 -9999 -9999 -9999 -9999 -9999 -9999 -9999 -9999 -9999 -9999 -9999 -9999 -9999 -9999 4.546389 4.549331 4.552372 4.555516 4.558764 4.562116 4.565574 4.569136 4.572801 4.576565 4.580425
4.221239 4.229228 4.237409 4.24577 4.254302 4.262993 4.271827 4.280787 4.289854 4.299005 4.308219 4.317471 4.326735 4.335984 4.34519 4.354325 4.36336 4.372267 4.381018 4.389585 4.397941 4.406062 4.413924 4.421507 4.428792 4.435764 4.442411 4.448724 4.454698 4.460334 -9999 -9999 -9999 -9999 -9999 -9999 -9999 -9999 -9999 -9999 -9999 -9999 -9999 -9999 -9999 -9999 -9999 -9999 -9999 -9999 -9999 -9999 -9999 -9999 -9999 -9999 -9999 -9999 4.550195 4.553097 4.556104 4.559219 4.562444 4.56578 4.569227 4.572785 4.576451 4.580224 4.584098
4.234638 4.242537 4.250613 4.258859 4.267262 4.275812 4.284492 4.293284 4.30217 4.311128 4.320137 4.329171 4.338206 4.347216 4.356174 4.365052 4.373824 4.382462 4.390938 4.399227 4.407304 4.415144 4.422727 4.430032 4.437043 4.443744 4.450127 4.456182 -9999 -9999 -9999 -9999 -9999 -9999 -9999 -9999 -9999 -9999 -9999 -9999 -9999 -9999 -9999 -9999 -9999 -9999 -9999 -9999 -9999 -9999 -9999 -9999 -9999 -9999 -9999 -9999 4.54837 4.55104 4.553807 4.556678 4.559659 4.562754 4.565964 4.569291 4.572735 4.576295 4.57997 4.583756 4.587651
4.24786 4.255654 4.263614 4.27173 4.279993 4.288388 4.296901 4.305514 4.314208 4.322963 4.331755 4.340562 4.34936 4.358123 4.366825 4.375441 4.383943 4.392306 4.400504 4.408512 4.416306 4.423863 4.431164 4.43819 4.444925 4.451356 4.457474 4.463271 -9999 -9999 -9999 -9999 -9999 -9999 -9999 -9999 -9999 -9999 -9999 -9999 -9999 -9999 -9999 -9999 -9999 -9999 -9999 -9999 -9999 -9999 -9999 -9999 -9999 -9999 -9999 -9999 4.551866 4.554502 4.557241 4.56009 4.563052 4.566134 4.569336 4.572661 4.576109 4.579678 4.583367 4.587174 4.591095
