Sensitivity_testing/Temp_OutSpace/post_prcessed_no_MFR/net_infiltration_annual.asc
NCOLS 700
NROWS 400
XLLCENTER 515000.000000
YLLCENTER 8409000.000000
CELLSIZE 50.000000
NODATA_value -999.000000
[rows 210 to 244 of 400, columns 156 to 233 of 700]
124.46 124.47 124.51 124.50 124.52 152.37 124.51 124.49 122.99 122.97 122.95 122.93 121.75 121.73 121.71 121.69 121.54 135.29 121.46 135.20 121.46 121.44 121.40 135.15 134.80 121.05 134.76 145.04 120.57 120.55 173.11 173.10 208.25 134.10 120.42 120.38 120.21 120.19 127.26 120.10 119.64 119.58 133.06 148.13 120.17 120.07 119.97 119.85 147.08 121.15 121.03 134.62 135.42 121.45 121.31 121.16 121.10 120.97 120.85 120.74 120.42 120.33 120.54 120.48 119.21 119.17 119.14 119.12 120.06 120.04 120.01 119.98 121.60 121.58 142.34 133.31 121.33 121.34
124.96 124.96 124.96 124.96 124.97 124.97 125.01 124.99 123.49 123.46 137.01 123.41 122.20 122.18 122.19 122.16 122.01 121.97 121.93 121.90 121.94 121.91 121.87 121.84 121.55 121.53 121.51 129.19 121.05 184.41 184.39 173.87 127.41 120.95 120.93 120.91 138.51 124.68 184.12 184.06 173.49 120.11 120.04 119.95 120.70 120.59 120.48 134.19 121.79 121.67 121.54 121.40 122.11 121.95 121.79 121.64 121.56 121.42 134.92 121.17 119.85 119.90 120.65 120.58 119.38 131.38 119.31 119.28 120.44 120.41 120.38 132.70 133.72 133.96 133.84 121.97 121.71 121.72
125.02 125.02 125.02 125.02 124.88 124.87 124.91 124.90 123.56 123.53 123.50 123.48 122.50 122.49 122.46 122.43 122.12 122.08 122.05 122.01 122.00 121.97 121.93 121.89 121.71 121.69 149.83 121.66 121.32 154.18 184.87 187.53 174.12 121.42 121.40 126.78 121.55 184.69 184.64 184.58 173.78 172.16 174.08 121.30 121.74 121.63 121.52 121.41 122.39 122.26 122.13 121.99 122.51 136.27 122.22 122.06 121.46 121.31 121.17 121.04 120.27 120.15 120.34 120.26 120.24 120.20 120.16 120.12 120.58 120.55 121.36 121.61 121.04 121.03 122.18 122.18 121.35 121.36
125.44 125.45 125.44 137.08 125.29 125.28 138.20 138.18 123.99 123.96 123.93 136.22 122.92 122.90 122.88 122.85 122.54 122.50 122.47 122.44 122.41 122.37 122.35 122.32 122.14 122.12 174.83 174.82 168.26 201.82 190.95 190.58 188.31 185.65 155.01 121.85 168.56 197.64 185.45 185.39 174.50 175.53 176.96 149.88 122.21 122.10 121.99 121.87 122.83 122.74 122.60 135.35 122.97 122.80 122.64 122.47 121.90 121.74 121.58 121.44 119.66 119.54 120.41 120.33 120.29 120.54 120.50 120.46 120.92 120.88 120.84 120.77 121.37 121.36 121.36 137.12 132.89 121.68
125.84 125.85 125.85 125.85 125.69 125.68 125.66 125.65 124.38 124.36 124.33 136.65 123.32 123.30 123.27 123.24 122.90 122.86 122.83 122.83 122.80 122.76 122.74 122.72 175.50 203.17 204.49 186.35 183.89 186.56 193.98 169.07 186.39 186.41 155.66 186.38 186.33 186.28 186.22 186.15 186.06 177.76 177.64 168.30 122.66 122.55 122.43 122.32 123.28 123.15 123.01 122.85 123.41 123.24 123.07 122.89 122.31 122.14 135.76 121.82 120.02 133.41 133.20 119.68 120.63 120.57 120.52 120.78 121.23 121.19 121.12 121.08 121.69 121.67 121.67 156.55 122.00 122.00
127.76 126.18 126.18 126.18 126.02 126.01 125.99 125.13 137.37 124.72 124.68 124.65 123.68 123.66 123.64 123.61 123.26 123.23 123.19 123.14 123.12 122.28 122.26 248.08 176.07 176.05 187.00 187.00 202.91 52.35 189.71 169.74 169.85 155.47 155.47 169.85 187.05 187.00 186.94 186.87 186.78 186.68 178.28 151.05 122.23 122.12 122.85 122.73 122.84 122.71 123.41 123.26 123.82 123.65 123.48 123.30 122.66 122.52 122.34 122.17 120.37 120.23 120.10 120.00 119.95 120.03 119.98 120.77 121.48 121.44 121.40 121.37 121.97 121.96 145.87 123.00 122.30 122.30
126.98 127.00 127.00 137.39 124.72 124.71 124.74 124.72 124.28 124.26 124.24 124.22 124.16 124.14 124.12 123.24 123.15 123.11 123.07 136.53 122.75 122.72 122.70 176.61 176.58 176.56 187.59 190.26 238.31 107.69 190.34 187.71 187.74 187.76 187.76 187.74 187.71 187.66 187.60 189.85 162.21 162.14 157.03 122.80 123.17 123.06 122.95 122.83 123.41 123.29 123.15 123.00 123.47 123.30 123.12 122.94 121.63 135.14 121.26 121.08 134.16 120.38 120.24 120.13 121.35 121.28 121.22 121.17 121.69 121.80 121.76 121.73 143.74 134.51 122.35 122.33 121.75 121.65
137.59 127.31 127.31 127.30 126.95 126.95 126.93 126.91 124.58 124.56 124.53 124.51 124.45 123.58 123.55 123.52 123.44 123.40 123.36 123.33 123.05 123.03 123.01 122.99 177.05 177.04 188.15 190.83 236.24 188.23 185.76 188.32 188.36 188.37 188.37 188.37 188.33 188.29 190.56 190.49 162.69 157.67 157.57 123.15 123.51 123.40 123.29 123.18 123.76 123.63 123.48 123.33 136.39 122.80 123.47 123.28 121.96 121.78 121.59 121.40 120.84 120.68 120.53 120.40 121.61 121.54 121.48 121.43 121.94 121.90 135.31 135.15 134.79 121.54 122.60 122.59 121.91 121.90
127.54 127.56 127.08 127.08 127.21 127.20 127.18 126.69 126.71 126.69 137.95 123.91 123.86 123.83 123.79 123.76 123.66 123.63 123.59 123.56 123.29 123.27 175.68 188.62 201.06 188.61 188.63 193.98 232.81 191.40 171.55 171.60 188.88 188.91 188.92 191.26 191.23 233.91 191.12 191.04 158.22 163.04 158.03 123.46 123.81 123.72 123.60 123.48 124.03 123.93 123.79 123.64 123.25 123.10 122.92 123.59 122.27 122.08 121.88 121.69 121.12 120.94 120.78 120.65 121.85 121.78 121.71 121.66 135.42 122.12 122.09 122.21 121.79 121.76 122.83 122.80 122.12 122.10
127.29 127.30 127.31 127.33 126.97 126.95 126.94 126.92 126.95 126.93 126.44 137.25 142.77 126.35 126.31 123.98 123.89 137.45 123.83 151.78 137.12 157.97 201.56 189.04 189.04 199.70 186.57 209.62 242.23 189.36 189.27 163.66 216.56 158.29 210.14 191.78 191.76 234.45 191.65 158.57 158.66 158.58 123.83 123.74 124.08 123.96 123.89 123.77 124.29 124.16 152.98 123.93 123.54 123.37 123.19 123.04 122.56 122.37 122.15 121.95 121.38 121.19 121.02 120.89 122.08 122.00 121.93 121.84 122.39 122.34 122.30 122.26 122.00 122.90 123.04 122.96 122.31 122.25
157.73 167.75 157.74 167.76 157.81 157.80 129.65 126.59 137.41 126.83 126.81 137.36 137.55 126.47 126.44 126.42 137.52 137.54 124.11 124.06 123.88 123.84 158.46 189.40 189.40 189.56 185.48 239.91 192.21 189.61 189.67 163.98 164.03 159.11 192.23 192.22 234.91 234.87 192.09 173.38 181.00 182.69 124.34 124.25 124.29 124.17 124.05 123.92 137.53 123.73 123.58 152.59 122.50 122.36 123.03 122.85 165.35 185.51 174.37 121.65 122.11 121.92 121.74 121.60 135.43 121.68 121.60 121.55 121.35 121.30 121.40 121.32 120.93 121.97 121.93 121.89 121.81 121.78
157.91 157.94 157.94 157.93 168.03 158.02 158.01 137.69 126.53 126.51 126.50 126.48 126.66 126.64 126.62 126.60 126.67 126.64 126.17 126.15 125.94 125.92 123.97 158.73 189.75 192.43 171.95 209.38 189.92 189.99 190.06 187.59 159.41 159.44 159.45 192.64 235.32 192.56 187.59 190.08 173.63 189.87 128.51 178.35 159.57 124.42 124.30 124.16 124.05 123.91 167.62 152.91 122.73 122.57 156.27 156.79 186.23 185.89 174.71 121.86 122.32 122.12 121.93 121.78 121.95 121.86 121.78 121.72 121.52 121.47 121.53 121.47 131.50 122.13 122.08 133.14 121.95 121.92
158.00 158.01 158.03 158.04 158.13 158.13 126.85 126.85 126.62 126.61 137.64 126.58 126.76 126.75 126.73 126.71 126.78 126.32 137.82 126.28 126.08 126.07 126.07 157.76 170.60 189.71 191.37 231.48 190.19 190.27 190.35 187.87 187.92 159.68 190.54 190.55 233.25 195.55 193.10 203.04 160.12 190.20 190.07 159.79 159.86 159.69 159.52 202.28 153.79 127.99 153.37 153.16 122.92 187.54 199.43 186.89 186.54 186.18 174.97 122.03 122.49 122.28 122.09 121.94 122.09 122.00 121.91 121.85 121.65 121.56 121.50 135.12 122.31 131.55 122.19 137.10 122.04 122.01
158.01 158.07 158.10 158.12 158.21 158.22 126.92 126.92 137.50 133.50 126.68 126.66 129.95 158.55 126.83 126.81 137.90 126.43 126.41 126.40 126.20 126.20 130.32 187.18 199.07 189.89 188.69 228.81 190.08 190.53 190.61 190.68 188.17 190.78 190.81 246.19 238.59 190.79 193.39 190.67 208.19 190.51 190.38 173.87 190.07 189.88 159.79 201.98 189.23 188.96 201.12 188.42 200.49 187.83 187.51 187.19 186.82 186.46 122.40 122.19 135.27 143.63 135.80 135.63 122.23 122.13 122.04 121.94 121.77 121.68 121.62 121.72 122.42 122.34 122.28 122.30 122.28 122.26
157.65 157.73 157.76 157.74 158.11 158.13 158.14 158.13 158.12 158.11 158.11 175.58 158.19 158.17 158.16 126.56 126.42 126.40 126.39 126.39 137.95 126.41 158.26 158.28 187.33 190.03 195.12 240.57 192.90 187.67 187.75 187.81 187.87 190.96 226.46 244.39 186.92 190.98 203.61 190.87 160.03 159.96 204.66 187.92 173.66 190.10 189.90 189.68 189.45 189.20 188.94 188.66 188.36 188.04 187.72 187.39 156.66 156.34 122.55 126.32 121.87 121.67 121.47 121.32 121.00 120.89 120.80 124.86 120.79 120.88 120.82 121.84 131.28 121.96 121.89 122.36 122.33 122.31
157.56 157.65 157.69 157.69 158.07 158.10 158.10 158.11 158.10 158.10 172.86 168.68 158.20 158.19 158.18 158.18 158.31 169.80 158.28 158.28 158.33 158.32 158.33 158.35 187.42 187.46 198.16 103.36 195.38 190.43 187.86 187.93 187.99 202.66 230.81 188.11 191.14 191.13 191.08 191.03 190.95 190.87 190.79 188.09 190.48 190.29 190.08 189.86 189.64 189.40 189.14 188.85 188.54 188.22 187.89 187.56 210.47 203.32 198.65 186.06 185.68 185.33 185.00 184.72 187.11 189.59 184.09 163.04 120.86 120.96 120.89 121.91 131.37 122.02 124.60 125.06 122.38 122.35
157.40 157.48 157.56 157.63 157.96 158.00 170.93 158.03 158.03 158.03 168.85 158.04 158.14 158.16 158.16 158.16 158.60 158.28 158.27 158.27 158.32 158.32 158.34 187.40 187.44 184.96 192.86 198.40 231.82 190.46 187.89 187.97 188.05 190.77 190.81 230.89 190.84 190.84 188.14 159.25 191.05 190.97 190.87 190.75 190.60 190.41 190.21 189.99 189.76 189.51 189.25 188.97 188.66 188.34 188.00 187.66 199.53 186.94 186.56 186.18 185.80 200.11 185.10 184.83 194.80 192.36 184.19 159.65 175.02 121.01 120.94 121.96 122.14 122.04 121.98 125.09 122.40 122.22
126.27 126.35 126.41 157.44 157.79 157.83 157.86 157.88 157.89 157.90 157.92 157.92 158.03 158.05 158.07 158.08 158.52 167.84 169.70 158.20 158.26 187.30 187.32 184.83 184.87 187.44 187.50 190.24 240.74 235.79 161.27 241.42 188.04 190.76 185.61 193.23 233.56 190.85 200.12 188.12 188.06 187.98 187.88 188.22 193.31 193.13 190.27 190.05 189.82 189.57 189.31 189.03 188.72 200.80 188.06 187.71 187.36 186.99 186.62 186.25 188.52 188.16 185.16 184.89 187.29 189.77 186.51 159.70 183.99 160.23 131.63 121.98 122.16 172.00 121.99 121.91 122.39 122.20
126.48 126.57 126.64 126.70 126.97 127.01 127.04 158.46 158.24 158.26 158.27 158.06 158.32 158.34 168.56 169.39 158.63 187.15 187.15 187.15 187.17 187.20 187.22 187.24 187.29 187.35 199.32 203.31 193.02 231.78 98.08 243.62 235.74 229.48 235.87 226.90 95.50 190.82 195.84 193.42 190.71 190.64 193.19 187.88 195.58 191.50 205.11 208.85 189.83 189.58 189.33 189.04 188.74 188.42 188.08 187.74 155.96 189.67 191.96 194.24 193.86 185.53 185.19 184.92 187.32 187.15 184.33 159.73 154.24 154.12 120.93 122.42 122.81 122.89 122.80 122.67 122.37 123.10
126.22 126.32 126.39 126.46 126.74 126.79 126.84 126.88 126.73 158.01 158.03 158.06 158.10 158.13 158.16 158.19 158.75 158.46 186.96 186.97 158.38 198.89 187.04 198.96 198.91 187.17 187.23 187.31 184.87 187.49 190.26 238.42 243.57 58.05 238.40 233.13 95.47 249.88 252.52 238.42 247.12 240.97 240.87 238.08 92.71 100.65 191.27 194.99 192.10 189.34 194.30 207.57 188.68 188.36 188.03 187.69 187.33 197.78 199.52 196.48 198.76 193.48 185.17 184.91 154.17 121.24 121.15 121.06 121.39 121.31 120.91 122.39 122.78 122.84 171.92 122.62 123.12 122.27
126.84 126.95 126.12 126.20 126.64 126.71 126.62 126.67 126.53 126.56 126.59 126.62 126.82 126.85 126.40 126.42 126.82 126.85 126.86 158.29 167.76 186.79 186.83 186.92 198.73 187.01 187.07 187.15 200.40 187.30 187.41 187.54 229.11 238.16 200.84 206.23 198.26 198.27 238.31 238.29 198.19 270.83 98.06 52.65 195.11 240.31 234.85 93.94 237.07 55.27 193.24 191.03 191.07 185.43 187.95 187.62 187.25 49.66 234.17 236.45 236.09 190.37 185.13 168.10 168.18 154.00 153.85 121.04 121.37 120.97 120.87 122.36 122.73 122.78 122.68 122.55 123.04 122.94
126.47 126.58 126.68 126.77 126.32 126.40 126.46 126.52 126.39 126.28 126.33 126.37 126.58 126.62 126.65 126.68 126.61 126.64 126.67 141.10 126.63 157.95 157.99 186.65 186.69 186.74 186.79 198.67 186.96 187.07 187.18 200.42 184.86 184.95 238.25 68.64 208.66 175.99 195.37 203.33 70.30 213.79 107.66 57.93 197.57 200.10 194.59 231.78 204.95 210.86 100.56 236.23 193.20 190.59 190.26 189.92 191.83 234.67 234.02 236.31 199.85 154.20 153.94 153.73 154.09 153.93 153.77 153.62 154.10 120.90 122.39 122.27 122.80 122.68 122.58 148.09 171.41 171.26
126.63 126.75 126.86 126.96 126.67 126.76 137.40 126.74 126.89 126.94 127.00 127.06 126.87 126.91 126.95 126.99 127.19 127.23 145.19 137.73 126.49 175.61 126.54 186.49 186.54 186.59 198.29 186.71 186.79 186.78 186.90 187.02 200.21 184.74 170.53 238.05 235.43 210.53 230.28 235.44 235.11 240.37 208.26 100.61 225.92 237.28 234.44 195.23 134.26 191.96 217.61 232.69 233.08 232.76 235.08 234.73 232.21 228.77 162.99 197.40 155.91 155.76 155.50 155.31 155.74 155.58 155.41 155.25 155.14 151.04 125.78 132.22 132.76 123.14 132.58 171.38 193.59 165.27
126.17 126.30 126.41 126.53 126.24 126.34 126.42 126.51 126.51 126.58 126.65 126.71 127.01 127.06 126.64 126.69 126.91 137.44 126.99 127.03 126.69 126.72 126.31 153.18 152.92 125.94 125.97 186.34 197.92 186.53 186.64 186.76 186.74 186.85 212.45 192.34 187.07 162.37 184.60 187.09 187.06 217.85 232.33 55.23 192.06 179.68 155.09 165.41 165.31 168.82 168.61 191.51 175.72 189.76 164.98 186.42 191.88 185.81 154.80 197.21 155.73 159.42 166.14 155.07 154.60 155.43 155.26 155.10 151.03 150.86 151.77 122.77 123.16 122.99 122.88 122.76 171.00 176.13
125.77 125.82 125.94 126.07 126.70 126.80 126.90 126.10 126.27 126.36 126.44 126.35 126.65 126.72 126.79 126.86 126.61 137.77 126.71 126.75 126.42 126.46 126.50 126.54 126.59 126.15 129.69 211.55 186.03 186.13 186.24 186.35 186.46 213.74 192.00 197.92 186.80 162.06 186.72 186.72 186.70 160.02 164.98 215.34 167.18 169.69 126.61 176.43 218.98 211.28 179.03 182.70 155.60 155.33 155.04 154.74 161.60 160.20 166.31 185.17 184.95 182.44 171.81 171.60 174.05 127.44 154.05 153.85 150.86 150.67 151.57 151.46 123.01 122.84 122.72 122.59 170.74 175.86
125.21 125.35 125.48 125.52 126.17 126.29 126.41 126.52 126.71 126.81 126.00 126.08 126.39 126.32 126.40 126.48 126.72 145.52 126.85 126.91 126.58 126.63 126.67 126.72 126.30 126.34 126.39 157.52 185.58 157.23 185.75 185.86 185.97 186.08 186.18 183.81 186.32 162.03 197.87 186.40 186.39 191.34 169.62 169.54 156.87 156.74 126.36 162.94 174.75 210.95 182.58 182.33 157.93 161.33 154.72 179.21 157.55 157.27 154.40 165.73 184.80 224.93 224.67 171.39 49.52 126.06 151.33 173.28 168.54 184.09 181.27 151.20 122.83 122.66 122.53 122.39 122.86 167.16
125.03 125.17 125.31 125.45 125.94 126.08 126.21 126.33 126.70 126.82 126.02 126.12 126.67 126.76 126.85 126.94 127.18 126.78 126.85 126.92 126.91 126.49 126.54 126.59 126.28 126.33 126.38 126.42 126.12 156.67 185.25 185.35 185.46 185.56 185.66 185.74 185.81 169.22 157.00 157.02 185.91 143.80 143.77 168.91 156.00 155.89 155.76 153.77 153.28 216.90 160.63 169.77 192.15 175.10 155.07 154.79 155.77 155.51 155.24 155.88 166.55 155.22 191.60 224.23 220.29 230.20 172.60 175.04 182.09 176.65 122.79 171.10 122.90 122.73 167.45 167.26 169.58 209.55
124.84 124.99 125.14 125.30 125.42 125.48 125.62 125.76 126.14 135.86 126.40 126.52 126.34 126.44 126.39 126.49 126.74 138.18 126.92 127.00 126.52 126.58 126.64 126.71 125.93 125.98 126.03 126.07 126.39 166.50 156.59 184.80 184.90 184.99 185.08 185.16 185.23 185.30 168.71 156.54 185.36 182.91 143.42 161.14 185.15 185.02 156.21 173.30 153.23 121.66 209.60 166.80 174.92 171.96 154.69 154.44 155.43 156.08 155.84 155.60 168.93 157.62 154.82 178.94 217.37 217.15 207.07 216.61 177.89 179.05 176.18 167.69 173.26 170.25 169.64 176.46 166.56 89.46
124.38 124.53 124.70 124.86 125.23 125.39 125.54 125.69 125.55 135.10 125.84 125.97 126.71 126.83 126.04 126.16 126.42 126.37 126.47 126.56 126.09 126.16 126.23 126.31 125.69 125.76 125.66 125.71 129.41 156.04 156.12 184.22 184.31 184.40 184.48 196.07 184.63 182.29 165.88 156.05 184.78 167.94 167.91 183.30 184.59 195.96 184.33 167.35 162.19 163.44 186.80 166.31 171.74 154.52 154.29 154.14 155.97 155.74 155.51 155.37 157.55 168.52 165.48 178.63 182.80 175.56 175.33 171.45 230.59 218.80 171.83 169.90 167.04 166.83 169.29 166.41 211.92 163.27
123.67 123.83 124.00 124.17 124.77 124.94 124.88 125.05 125.46 125.55 134.79 125.39 126.14 126.28 126.41 126.54 125.91 126.03 126.13 126.24 125.78 125.87 125.95 126.03 126.17 125.43 125.50 125.55 126.54 183.98 184.06 184.14 184.22 184.30 184.39 174.05 174.11 184.61 156.36 156.39 156.01 156.01 155.99 155.94 155.43 155.32 162.35 166.93 125.00 168.85 191.02 170.42 154.29 154.15 153.94 153.73 155.59 155.38 181.71 186.80 189.22 170.83 182.94 154.01 180.71 183.11 182.44 172.50 173.30 170.42 207.17 206.95 172.40 169.14 168.91 168.67 214.13 162.96
122.88 123.04 123.21 123.38 124.11 124.29 124.47 124.64 125.16 125.34 125.52 125.60 125.99 126.14 126.29 126.43 126.36 136.21 126.61 125.82 126.06 126.16 126.26 126.35 126.45 126.54 126.62 126.69 150.28 166.88 183.41 167.02 181.23 126.26 126.31 173.46 173.52 173.58 156.28 156.30 155.88 155.88 155.86 155.81 142.98 142.91 142.83 154.51 154.37 219.12 195.23 153.96 155.37 155.18 154.98 154.86 155.78 181.51 155.47 186.43 56.88 54.16 185.18 177.88 185.63 161.18 182.03 185.83 170.61 170.04 172.47 166.52 197.47 216.77 173.81 176.21 218.96 53.20
122.61 122.78 122.95 123.13 123.37 123.55 123.73 123.92 124.67 124.86 125.05 125.02 125.36 135.29 125.67 125.81 125.75 125.90 126.03 126.15 125.97 125.62 125.73 134.90 125.96 126.06 126.15 126.24 125.52 149.79 149.86 166.45 150.02 125.83 125.88 125.94 126.02 126.06 155.68 155.70 155.27 155.26 155.25 155.21 154.25 154.17 165.85 153.95 153.90 153.76 165.28 153.47 154.89 154.71 154.61 154.43 155.36 181.06 180.89 180.67 183.10 185.52 179.36 180.11 176.24 178.65 181.59 197.94 179.82 177.34 177.38 179.80 59.90 65.16 221.39 218.46 221.89 172.47
123.59 123.77 123.95 122.33 123.06 123.25 123.44 123.64 123.91 124.11 124.31 124.51 125.18 125.35 125.06 125.15 125.56 135.05 135.20 142.22 125.36 125.48 146.69 134.44 125.40 125.51 125.62 125.72 125.03 125.09 165.74 125.23 125.32 125.38 125.44 125.49 125.57 125.61 125.62 125.64 154.64 154.64 154.63 154.60 153.72 153.64 153.56 153.45 153.34 153.21 153.08 152.95 154.46 154.30 154.14 153.98 178.52 183.26 183.05 199.61 207.66 155.92 179.86 179.20 178.95 178.69 178.43 179.58 179.31 169.51 171.22 173.65 159.39 67.71 180.82 169.89 190.59 204.96
122.75 122.93 123.11 123.30 122.25 131.82 122.65 122.86 123.22 123.43 123.65 123.85 124.65 124.85 125.04 125.22 125.19 125.13 125.21 125.36 125.44 125.57 125.50 125.63 133.25 133.39 133.52 133.24 124.73 124.81 124.90 124.98 125.08 125.15 124.98 125.03 125.11 125.15 125.16 125.18 125.10 125.11 154.08 154.05 153.11 153.04 152.97 152.87 152.77 152.66 152.54 152.43 153.96 153.81 153.66 166.90 180.68 177.82 180.28 185.81 177.18 153.13 155.56 179.11 178.43 178.17 179.33 179.06 178.79 178.50 171.06 165.18 175.56 166.78 172.31 170.90 168.82 204.38
121.79 121.97 122.14 122.33 122.93 123.14 123.35 131.60 123.12 123.34 123.56 123.77 123.70 123.91 140.98 132.37 124.02 137.69 124.35 124.51 123.84 123.99 124.14 124.29 123.95 124.10 124.24 124.28 124.13 124.24 124.34 124.43 124.79 124.87 124.93 124.99 125.25 125.29 125.31 125.34 125.28 125.29 125.29 154.33 153.08 153.02 152.96 152.88 153.23 153.13 153.03 152.92 153.65 153.52 153.39 179.90 164.61 177.27 156.84 163.99 152.00 151.79 154.23 154.00 151.95 171.81 178.74 178.47 178.18 177.89 168.18 170.21 172.32 169.37 144.05 163.41 210.87 163.67
