New_Model_Runs/input/Gridded_temps/prism_tmax_tutuila_30yr_normal_03.asc
ncols         700
nrows         400
xllcorner     515000
yllcorner     8409000
cellsize      50
NODATA_value  -9999
[rows 315 to 349 of 400, columns 231 to 307 of 700]
31.18 31.13 31.09 31.05 31.02 31 30.99 30.98 30.98 30.99 31.01 31.03 31.06 31.08 31.1 31.11 31.12 31.13 31.13 31.14 31.14 31.15 31.15 31.16 31.16 31.16 31.16 31.16 31.17 31.18 31.19 31.19 31.2 31.2 31.2 31.19 31.19 31.19 31.19 31.18 31.18 31.17 31.17 31.17 31.17 31.17 31.18 31.18 31.19 31.19 31.2 31.19 31.19 31.18 31.18 31.17 31.17 31.16 31.16 31.15 31.14 31.14 -9999 -9999 31.13 31.13 -9999 -9999 -9999 -9999 -9999 -9999 -9999 -9999 -9999 -9999 -9999
31.33 31.29 31.24 31.17 31.13 31.09 31.05 31.01 30.98 30.97 30.98 31 31.04 31.06 31.08 31.09 31.1 31.1 31.11 31.12 31.13 31.14 31.15 31.15 31.16 31.16 31.16 31.17 31.18 31.19 31.2 31.21 31.21 31.21 31.21 31.21 31.21 31.2 31.2 31.2 31.19 31.19 31.19 31.19 31.19 31.2 31.2 31.2 31.21 31.21 31.21 31.2 31.19 31.19 31.18 31.18 31.17 31.17 31.16 31.16 -9999 -9999 -9999 -9999 -9999 -9999 -9999 -9999 -9999 -9999 -9999 -9999 -9999 -9999 -9999 -9999 -9999
31.47 31.44 31.38 31.3 31.24 31.18 31.12 31.05 31 30.97 30.97 30.98 31.02 31.05 31.07 31.08 31.08 31.09 31.09 31.1 31.11 31.13 31.14 31.15 31.15 31.16 31.17 31.17 31.19 31.2 31.21 31.22 31.22 31.22 31.22 31.22 31.22 31.21 31.21 31.21 31.21 31.21 31.21 31.21 31.22 31.22 31.22 31.22 31.22 31.22 31.21 31.21 31.2 31.19 31.19 31.18 31.18 31.17 31.17 31.16 -9999 -9999 -9999 -9999 -9999 -9999 -9999 -9999 -9999 -9999 -9999 -9999 -9999 -9999 -9999 -9999 -9999
31.54 31.52 31.49 31.44 31.39 31.34 31.26 31.17 31.09 31.02 31 31.01 31.05 31.08 31.09 31.09 31.09 31.09 31.09 31.09 31.11 31.12 31.13 31.14 31.15 31.16 31.17 31.18 31.2 31.21 31.22 31.23 31.23 31.24 31.24 31.24 31.24 31.23 31.23 31.23 31.23 31.23 31.23 31.24 31.24 31.24 31.24 31.24 31.23 31.23 31.22 31.21 31.21 31.2 31.19 31.19 31.18 31.18 31.17 31.17 -9999 -9999 -9999 -9999 -9999 -9999 -9999 -9999 -9999 -9999 -9999 -9999 -9999 -9999 -9999 -9999 -9999
31.6 31.59 31.57 31.55 31.51 31.47 31.38 31.29 31.18 31.1 31.05 31.05 31.09 31.11 31.12 31.12 31.11 31.1 31.09 31.1 31.11 31.12 31.13 31.14 31.15 31.16 31.17 31.19 31.2 31.22 31.23 31.24 31.24 31.25 31.26 31.26 31.25 31.25 31.25 31.25 31.25 31.25 31.25 31.25 31.25 31.25 31.25 31.25 31.24 31.24 31.23 31.22 31.21 31.2 31.2 31.19 31.19 31.18 31.18 31.17 -9999 -9999 -9999 -9999 -9999 -9999 -9999 -9999 -9999 -9999 -9999 -9999 -9999 -9999 -9999 -9999 -9999
31.63 31.62 31.61 31.6 31.57 31.54 31.47 31.4 31.3 31.21 31.15 31.13 31.15 31.16 31.17 31.16 31.14 31.13 31.12 31.12 31.13 31.14 31.14 31.15 31.15 31.16 31.18 31.19 31.21 31.23 31.24 31.25 31.26 31.27 31.27 31.27 31.27 31.27 31.27 31.27 31.27 31.27 31.27 31.27 31.27 31.27 31.27 31.26 31.25 31.24 31.24 31.23 31.22 31.21 31.2 31.2 31.19 31.19 31.18 -9999 -9999 -9999 -9999 -9999 -9999 -9999 -9999 -9999 -9999 -9999 -9999 -9999 -9999 -9999 -9999 -9999 -9999
31.65 31.65 31.64 31.63 31.61 31.59 31.54 31.48 31.39 31.3 31.23 31.2 31.2 31.2 31.21 31.2 31.19 31.18 31.17 31.16 31.16 31.16 31.16 31.16 31.16 31.16 31.18 31.2 31.21 31.23 31.25 31.26 31.27 31.28 31.29 31.29 31.29 31.29 31.29 31.29 31.29 31.29 31.29 31.29 31.28 31.28 31.27 31.27 31.25 31.25 31.24 31.23 31.22 31.22 31.21 31.2 31.2 31.19 31.19 -9999 -9999 -9999 -9999 -9999 -9999 -9999 -9999 -9999 -9999 -9999 -9999 -9999 -9999 -9999 -9999 -9999 -9999
31.66 31.66 31.66 31.65 31.64 31.62 31.58 31.53 31.44 31.36 31.28 31.25 31.24 31.24 31.24 31.24 31.24 31.23 31.23 31.22 31.21 31.19 31.18 31.17 31.17 31.17 31.18 31.2 31.21 31.23 31.25 31.27 31.28 31.29 31.3 31.3 31.31 31.31 31.31 31.31 31.31 31.3 31.3 31.3 31.29 31.29 31.28 31.27 31.26 31.25 31.25 31.24 31.23 31.22 31.22 31.21 31.21 -9999 -9999 -9999 -9999 -9999 -9999 -9999 -9999 -9999 -9999 -9999 -9999 -9999 -9999 -9999 -9999 -9999 -9999 -9999 -9999
31.67 31.67 31.68 31.67 31.66 31.64 31.6 31.55 31.46 31.38 31.31 31.27 31.25 31.25 31.25 31.26 31.27 31.27 31.27 31.26 31.24 31.22 31.2 31.18 31.17 31.17 31.18 31.19 31.21 31.23 31.25 31.27 31.28 31.29 31.3 31.31 31.32 31.32 31.33 31.33 31.33 31.32 31.32 31.31 31.3 31.29 31.29 31.28 31.27 31.26 31.25 31.25 31.24 31.23 31.22 31.21 31.21 -9999 -9999 -9999 -9999 -9999 -9999 -9999 -9999 -9999 -9999 -9999 -9999 -9999 -9999 -9999 -9999 -9999 -9999 -9999 -9999
31.67 31.68 31.69 31.69 31.67 31.66 31.61 31.56 31.46 31.38 31.31 31.27 31.25 31.24 31.25 31.27 31.3 31.31 31.31 31.29 31.27 31.23 31.21 31.19 31.18 31.17 31.18 31.19 31.21 31.23 31.25 31.27 31.29 31.29 31.3 31.31 31.32 31.33 31.34 31.35 31.34 31.34 31.33 31.32 31.31 31.3 31.29 31.29 31.28 31.27 31.26 31.25 31.25 31.24 31.24 -9999 -9999 -9999 -9999 -9999 -9999 -9999 -9999 -9999 -9999 -9999 -9999 -9999 -9999 -9999 -9999 -9999 -9999 -9999 -9999 -9999 -9999
31.68 31.69 31.7 31.71 31.69 31.67 31.61 31.55 31.46 31.38 31.32 31.28 31.25 31.24 31.24 31.27 31.31 31.33 31.33 31.31 31.29 31.25 31.22 31.2 31.18 31.18 31.18 31.19 31.21 31.24 31.26 31.28 31.29 31.3 31.31 31.32 31.33 31.35 31.35 31.36 31.35 31.34 31.34 31.33 31.32 31.31 31.3 31.29 31.29 31.28 31.27 31.26 31.25 31.25 31.24 -9999 -9999 -9999 -9999 -9999 -9999 -9999 -9999 -9999 -9999 -9999 -9999 -9999 -9999 -9999 -9999 -9999 -9999 -9999 -9999 -9999 -9999
31.68 31.7 31.72 31.73 31.71 31.67 31.6 31.53 31.45 31.38 31.33 31.29 31.25 31.24 31.23 31.27 31.31 31.34 31.35 31.34 31.31 31.27 31.23 31.2 31.19 31.18 31.19 31.2 31.22 31.24 31.26 31.28 31.3 31.31 31.31 31.33 31.35 31.36 31.37 31.37 31.36 31.35 31.34 31.34 31.33 31.32 31.31 31.3 31.29 31.28 31.28 31.27 31.26 -9999 -9999 -9999 -9999 -9999 -9999 -9999 -9999 -9999 -9999 -9999 -9999 -9999 -9999 -9999 -9999 -9999 -9999 -9999 -9999 -9999 -9999 -9999 -9999
31.68 31.7 31.73 31.75 31.73 31.71 31.66 31.6 31.55 31.5 31.45 31.39 31.33 31.29 31.26 31.3 31.33 31.36 31.37 31.36 31.33 31.29 31.25 31.22 31.2 31.19 31.19 31.2 31.22 31.24 31.27 31.29 31.3 31.32 31.33 31.34 31.36 31.37 31.38 31.38 31.37 31.36 31.35 31.34 31.33 31.32 31.32 31.31 31.3 31.29 31.28 31.28 31.26 -9999 -9999 -9999 -9999 -9999 -9999 -9999 -9999 -9999 -9999 -9999 -9999 -9999 -9999 -9999 -9999 -9999 -9999 -9999 -9999 -9999 -9999 -9999 -9999
31.68 31.7 31.73 31.76 31.76 31.74 31.71 31.67 31.65 31.62 31.57 31.5 31.41 31.35 31.29 31.32 31.36 31.38 31.39 31.38 31.35 31.3 31.27 31.23 31.22 31.2 31.2 31.21 31.22 31.25 31.27 31.29 31.31 31.33 31.35 31.36 31.38 31.39 31.39 31.38 31.38 31.37 31.36 31.35 31.34 31.33 31.32 31.31 31.3 31.3 31.29 -9999 -9999 -9999 -9999 -9999 -9999 -9999 -9999 -9999 -9999 -9999 -9999 -9999 -9999 -9999 -9999 -9999 -9999 -9999 -9999 -9999 -9999 -9999 -9999 -9999 -9999
31.66 31.69 31.72 31.75 31.76 31.76 31.74 31.72 31.71 31.69 31.65 31.6 31.53 31.45 31.38 31.38 31.39 31.41 31.41 31.4 31.37 31.34 31.3 31.26 31.24 31.22 31.22 31.22 31.24 31.26 31.28 31.3 31.33 31.35 31.37 31.38 31.4 31.4 31.4 31.39 31.38 31.38 31.36 31.35 31.35 31.34 31.33 31.32 31.31 31.31 -9999 -9999 -9999 -9999 -9999 -9999 -9999 -9999 -9999 -9999 -9999 -9999 -9999 -9999 -9999 -9999 -9999 -9999 -9999 -9999 -9999 -9999 -9999 -9999 -9999 -9999 -9999
31.66 31.67 31.7 31.75 31.77 31.78 31.77 31.76 31.75 31.74 31.72 31.68 31.62 31.54 31.45 31.44 31.43 31.43 31.43 31.42 31.4 31.36 31.32 31.29 31.26 31.24 31.24 31.24 31.25 31.26 31.29 31.32 31.34 31.37 31.39 31.4 31.41 31.41 31.41 31.39 31.39 31.38 31.37 31.36 31.35 31.35 31.34 31.33 31.32 31.32 -9999 -9999 -9999 -9999 -9999 -9999 -9999 -9999 -9999 -9999 -9999 -9999 -9999 -9999 -9999 -9999 -9999 -9999 -9999 -9999 -9999 -9999 -9999 -9999 -9999 -9999 -9999
31.68 31.68 31.7 31.74 31.77 31.79 31.78 31.78 31.76 31.75 31.73 31.7 31.66 31.59 31.51 31.49 31.47 31.47 31.46 31.44 31.42 31.38 31.34 31.3 31.28 31.25 31.25 31.25 31.25 31.27 31.3 31.33 31.37 31.39 31.41 31.42 31.43 31.42 31.41 31.41 31.4 31.39 31.38 31.37 31.36 31.35 31.34 31.33 -9999 -9999 -9999 -9999 -9999 -9999 -9999 -9999 -9999 -9999 -9999 -9999 -9999 -9999 -9999 -9999 -9999 -9999 -9999 -9999 -9999 -9999 -9999 -9999 -9999 -9999 -9999 -9999 -9999
31.72 31.72 31.73 31.76 31.78 31.79 31.79 31.79 31.77 31.76 31.75 31.72 31.69 31.63 31.57 31.54 31.51 31.5 31.49 31.46 31.43 31.39 31.35 31.31 31.29 31.26 31.26 31.26 31.27 31.29 31.31 31.35 31.39 31.41 31.43 31.44 31.44 31.43 31.42 31.41 31.4 31.39 31.38 31.37 31.37 31.36 31.34 31.34 -9999 -9999 -9999 -9999 -9999 -9999 -9999 -9999 -9999 -9999 -9999 -9999 -9999 -9999 -9999 -9999 -9999 -9999 -9999 -9999 -9999 -9999 -9999 -9999 -9999 -9999 -9999 -9999 -9999
31.8 31.79 31.79 31.8 31.8 31.81 31.8 31.79 31.77 31.76 31.75 31.73 31.71 31.67 31.62 31.59 31.56 31.55 31.52 31.48 31.44 31.4 31.36 31.32 31.3 31.28 31.27 31.28 31.29 31.31 31.34 31.38 31.42 31.44 31.45 31.45 31.44 31.43 31.42 31.42 31.41 31.4 31.39 31.38 -9999 -9999 -9999 -9999 -9999 -9999 -9999 -9999 -9999 -9999 -9999 -9999 -9999 -9999 -9999 -9999 -9999 -9999 -9999 -9999 -9999 -9999 -9999 -9999 -9999 -9999 -9999 -9999 -9999 -9999 -9999 -9999 -9999
31.84 31.83 31.83 31.82 31.81 31.81 31.8 31.79 31.77 31.76 31.75 31.73 31.72 31.69 31.66 31.63 31.61 31.58 31.54 31.49 31.44 31.4 31.36 31.32 31.31 31.29 31.29 31.3 31.31 31.33 31.37 31.4 31.44 31.45 31.46 31.46 31.45 31.44 31.43 31.42 31.41 31.4 31.4 31.39 -9999 -9999 -9999 -9999 -9999 -9999 -9999 -9999 -9999 -9999 -9999 -9999 -9999 -9999 -9999 -9999 -9999 -9999 -9999 -9999 -9999 -9999 -9999 -9999 -9999 -9999 -9999 -9999 -9999 -9999 -9999 -9999 -9999
31.86 31.86 31.85 31.83 31.82 31.81 31.8 31.79 31.78 31.76 31.75 31.73 31.72 31.7 31.68 31.67 31.64 31.61 31.56 31.5 31.44 31.39 31.36 31.33 31.32 31.31 31.31 31.32 31.34 31.36 31.4 31.43 31.45 31.46 31.47 31.46 31.45 31.44 31.44 31.43 31.42 31.41 31.4 31.4 31.39 31.39 -9999 -9999 -9999 -9999 -9999 -9999 -9999 -9999 -9999 -9999 -9999 -9999 -9999 -9999 -9999 -9999 -9999 -9999 -9999 -9999 -9999 -9999 -9999 -9999 -9999 -9999 -9999 -9999 -9999 -9999 -9999
31.85 31.85 31.85 31.83 31.82 31.81 31.8 31.79 31.78 31.77 31.75 31.74 31.73 31.71 31.69 31.68 31.66 31.63 31.58 31.51 31.45 31.4 31.36 31.34 31.33 31.33 31.33 31.34 31.36 31.39 31.42 31.45 31.47 31.48 31.48 31.47 31.46 31.45 31.44 31.44 31.43 31.41 31.41 31.4 31.4 31.39 -9999 -9999 -9999 -9999 -9999 -9999 -9999 -9999 -9999 -9999 -9999 -9999 -9999 -9999 -9999 -9999 -9999 -9999 -9999 -9999 -9999 -9999 -9999 -9999 -9999 -9999 -9999 -9999 -9999 -9999 -9999
31.83 31.84 31.84 31.83 31.82 31.81 31.8 31.79 31.78 31.77 31.75 31.74 31.73 31.72 31.7 31.69 31.67 31.64 31.59 31.52 31.46 31.4 31.37 31.35 31.35 31.35 31.35 31.37 31.39 31.42 31.45 31.47 31.49 31.49 31.49 31.48 31.46 31.45 31.45 31.44 31.43 31.42 31.41 31.41 -9999 -9999 -9999 -9999 -9999 -9999 -9999 -9999 -9999 -9999 -9999 -9999 -9999 -9999 -9999 -9999 -9999 -9999 -9999 -9999 -9999 -9999 -9999 -9999 -9999 -9999 -9999 -9999 -9999 -9999 -9999 -9999 -9999
31.77 31.81 31.83 31.83 31.82 31.81 31.8 31.79 31.78 31.77 31.76 31.74 31.73 31.72 31.71 31.69 31.68 31.66 31.62 31.56 31.51 31.45 31.41 31.38 31.38 31.37 31.37 31.38 31.41 31.44 31.47 31.49 31.5 31.5 31.49 31.48 31.47 31.46 31.45 31.45 31.44 31.42 31.42 31.41 -9999 -9999 -9999 -9999 -9999 -9999 -9999 -9999 -9999 -9999 -9999 -9999 -9999 -9999 -9999 -9999 -9999 -9999 -9999 -9999 -9999 -9999 -9999 -9999 -9999 -9999 -9999 -9999 -9999 -9999 -9999 -9999 -9999
31.71 31.79 31.82 31.83 31.82 31.81 31.8 31.79 31.78 31.77 31.76 31.74 31.73 31.72 31.71 31.7 31.69 31.67 31.65 31.61 31.56 31.5 31.46 31.42 31.41 31.39 31.39 31.4 31.43 31.46 31.48 31.5 31.51 31.5 31.5 31.49 31.48 31.46 31.46 31.45 31.44 31.43 -9999 -9999 -9999 -9999 -9999 -9999 -9999 -9999 -9999 -9999 -9999 -9999 -9999 -9999 -9999 -9999 -9999 -9999 -9999 -9999 -9999 -9999 -9999 -9999 -9999 -9999 -9999 -9999 -9999 -9999 -9999 -9999 -9999 -9999 -9999
31.7 31.78 31.82 31.83 31.82 31.81 31.8 31.79 31.78 31.77 31.75 31.74 31.73 31.72 31.71 31.7 31.69 31.67 31.66 31.63 31.59 31.55 31.52 31.49 31.46 31.43 31.43 31.43 31.45 31.48 31.5 31.51 31.52 31.51 31.5 31.49 31.48 31.47 31.46 31.46 31.45 31.44 -9999 -9999 -9999 -9999 -9999 -9999 -9999 -9999 -9999 -9999 -9999 -9999 -9999 -9999 -9999 -9999 -9999 -9999 -9999 -9999 -9999 -9999 -9999 -9999 -9999 -9999 -9999 -9999 -9999 -9999 -9999 -9999 -9999 -9999 -9999
31.7 31.78 31.82 31.83 31.82 31.81 31.8 31.79 31.78 31.77 31.75 31.74 31.73 31.72 31.71 31.7 31.69 31.68 31.66 31.65 31.62 31.59 31.57 31.55 31.51 31.48 31.47 31.47 31.48 31.5 31.52 31.52 31.52 31.51 31.51 31.5 31.49 31.48 31.47 31.46 31.45 31.44 -9999 -9999 -9999 -9999 -9999 -9999 -9999 -9999 -9999 -9999 -9999 -9999 -9999 -9999 -9999 -9999 -9999 -9999 -9999 -9999 -9999 -9999 -9999 -9999 -9999 -9999 -9999 -9999 -9999 -9999 -9999 -9999 -9999 -9999 -9999
31.73 31.8 31.83 31.83 31.82 31.81 31.8 31.79 31.78 31.77 31.75 31.74 31.73 31.72 31.71 31.7 31.69 31.68 31.67 31.66 31.64 31.62 31.6 31.59 31.56 31.53 31.52 31.51 31.52 31.52 31.53 31.53 31.53 31.52 31.51 31.5 31.49 31.48 31.47 31.47 31.46 -9999 -9999 -9999 -9999 -9999 -9999 -9999 -9999 -9999 -9999 -9999 -9999 -9999 -9999 -9999 -9999 -9999 -9999 -9999 -9999 -9999 -9999 -9999 -9999 -9999 -9999 -9999 -9999 -9999 -9999 -9999 -9999 -9999 -9999 -9999 -9999
31.77 31.81 31.83 31.83 31.82 31.81 31.8 31.79 31.78 31.77 31.75 31.74 31.73 31.72 31.71 31.7 31.69 31.68 31.67 31.66 31.65 31.64 31.62 31.61 31.59 31.57 31.56 31.55 31.55 31.54 31.54 31.54 31.53 31.52 31.51 31.51 31.5 31.49 31.48 31.47 31.47 -9999 -9999 -9999 -9999 -9999 -9999 -9999 -9999 -9999 -9999 -9999 -9999 -9999 -9999 -9999 -9999 -9999 -9999 -9999 -9999 -9999 -9999 -9999 -9999 -9999 -9999 -9999 -9999 -9999 -9999 -9999 -9999 -9999 -9999 -9999 -9999
31.79 31.82 31.84 31.83 31.82 31.81 31.8 31.79 31.78 31.77 31.75 31.75 31.74 31.73 31.72 31.71 31.7 31.68 31.67 31.66 31.65 31.64 31.63 31.62 31.6 31.59 31.58 31.57 31.56 31.56 31.55 31.54 31.54 31.53 31.52 31.51 31.5 31.49 31.49 -9999 -9999 -9999 -9999 -9999 -9999 -9999 -9999 -9999 -9999 -9999 -9999 -9999 -9999 -9999 -9999 -9999 -9999 -9999 -9999 -9999 -9999 -9999 -9999 -9999 -9999 -9999 -9999 -9999 -9999 -9999 -9999 -9999 -9999 -9999 -9999 -9999 -9999
31.81 31.83 31.84 31.83 31.82 31.81 31.8 31.79 31.78 31.77 31.76 31.75 31.74 31.73 31.72 31.71 31.7 31.69 31.68 31.66 31.65 31.64 31.63 31.62 31.61 31.6 31.59 31.58 31.58 31.57 31.56 31.55 31.54 31.53 31.52 31.52 31.51 31.5 31.49 -9999 -9999 -9999 -9999 -9999 -9999 -9999 -9999 -9999 -9999 -9999 -9999 -9999 -9999 -9999 -9999 -9999 -9999 -9999 -9999 -9999 -9999 -9999 -9999 -9999 -9999 -9999 -9999 -9999 -9999 -9999 -9999 -9999 -9999 -9999 -9999 -9999 -9999
31.82 31.84 31.84 31.83 31.82 31.81 31.8 31.79 31.78 31.77 31.76 31.76 -9999 -9999 31.71 31.71 31.7 31.69 31.68 31.66 31.66 31.65 31.64 31.63 31.62 31.61 31.6 31.59 31.58 31.57 31.56 31.55 31.54 31.53 31.53 31.52 31.52 -9999 -9999 -9999 -9999 -9999 -9999 -9999 -9999 -9999 -9999 -9999 -9999 -9999 -9999 -9999 -9999 -9999 -9999 -9999 -9999 -9999 -9999 -9999 -9999 -9999 -9999 -9999 -9999 -9999 -9999 -9999 -9999 -9999 -9999 -9999 -9999 -9999 -9999 -9999 -9999
31.83 31.85 31.84 31.83 31.82 31.81 31.8 31.79 31.78 31.77 31.76 31.76 -9999 -9999 31.71 31.7 31.7 31.69 31.68 31.67 31.66 31.65 31.64 31.63 31.62 31.61 31.6 31.59 31.58 31.57 31.57 31.55 31.54 31.54 31.53 31.53 31.52 -9999 -9999 -9999 -9999 -9999 -9999 -9999 -9999 -9999 -9999 -9999 -9999 -9999 -9999 -9999 -9999 -9999 -9999 -9999 -9999 -9999 -9999 -9999 -9999 -9999 -9999 -9999 -9999 -9999 -9999 -9999 -9999 -9999 -9999 -9999 -9999 -9999 -9999 -9999 -9999
31.85 31.85 31.84 31.83 31.82 31.81 31.8 31.79 31.78 31.77 31.76 31.76 -9999 -9999 -9999 -9999 -9999 31.68 31.68 31.67 31.66 31.65 31.64 31.63 31.62 31.62 31.61 31.59 31.58 31.58 31.57 31.56 31.55 31.54 31.54 -9999 -9999 -9999 -9999 -9999 -9999 -9999 -9999 -9999 -9999 -9999 -9999 -9999 -9999 -9999 -9999 -9999 -9999 -9999 -9999 -9999 -9999 -9999 -9999 -9999 -9999 -9999 -9999 -9999 -9999 -9999 -9999 -9999 -9999 -9999 -9999 -9999 -9999 -9999 -9999 -9999 -9999
31.85 31.85 31.84 31.83 31.82 31.81 31.8 31.79 31.78 31.77 31.77 31.76 -9999 -9999 -9999 -9999 -9999 31.68 31.68 31.67 31.66 31.65 31.64 31.63 31.63 31.62 31.61 31.6 31.59 31.58 31.57 31.56 31.55 31.55 31.54 -9999 -9999 -9999 -9999 -9999 -9999 -9999 -9999 -9999 -9999 -9999 -9999 -9999 -9999 -9999 -9999 -9999 -9999 -9999 -9999 -9999 -9999 -9999 -9999 -9999 -9999 -9999 -9999 -9999 -9999 -9999 -9999 -9999 -9999 -9999 -9999 -9999 -9999 -9999 -9999 -9999 -9999
