New_Model_Runs/6_FutureClimate_RCP45_out/post_prcessed_no_MFR/net_infiltration_annual.asc
NCOLS 700
NROWS 400
XLLCENTER 515000.000000
YLLCENTER 8409000.000000
CELLSIZE 50.000000
NODATA_value -999.000000
[rows 252 to 287 of 400, columns 243 to 323 of 700]
70.90 61.40 62.82 62.80 104.07 61.33 17.47 60.18 105.42 72.83 61.22 72.31 70.67 67.10 66.30 57.29 99.11 108.92 64.27 64.23 66.08 49.29 49.24 66.35 66.29 71.70 64.38 64.29 62.57 62.41 62.85 52.80 15.41 102.87 96.41 61.03 57.91 57.85 60.45 59.35 20.25 14.86 17.45 17.37 51.81 47.49 44.60 44.37 44.92 43.91 15.87 50.03 60.59 21.00 15.07 15.01 17.61 84.25 53.83 59.09 18.96 20.74 15.35 17.94 17.87 15.14 57.79 55.06 54.99 57.59 78.23 78.06 77.88 34.99 34.82 34.65 0.00 0.00 0.00 0.00 0.00
62.76 61.31 104.01 105.42 103.97 105.38 61.51 17.44 17.43 61.14 72.79 62.51 73.23 67.00 64.89 69.57 72.38 72.23 106.87 108.73 64.05 64.60 66.29 66.22 66.15 66.08 64.23 67.77 64.02 49.62 54.33 59.37 95.20 58.02 57.97 54.64 15.14 15.08 52.96 56.51 55.20 49.65 20.15 17.31 48.96 13.51 47.07 89.56 47.40 43.73 20.84 28.52 25.79 23.06 20.34 20.27 20.21 57.54 83.88 40.96 18.90 20.68 15.28 20.54 17.80 63.11 60.38 54.99 57.58 57.51 80.69 80.50 77.67 77.49 34.61 34.44 34.27 0.00 0.00 0.00 0.00
61.24 72.34 61.20 61.18 61.16 103.45 61.11 61.09 17.40 61.03 17.38 62.40 60.94 55.10 67.45 70.08 57.03 56.98 64.63 107.30 107.25 64.47 64.41 48.91 48.84 65.95 67.75 67.72 67.68 16.28 55.26 105.15 93.93 15.25 57.91 15.14 17.74 20.34 17.61 49.91 50.79 49.47 51.56 19.92 17.42 44.47 86.95 44.00 47.23 46.53 43.66 20.48 48.59 17.68 20.28 17.55 17.49 12.10 82.83 40.78 13.51 15.29 12.56 17.81 63.12 60.38 14.93 12.20 37.92 80.40 57.38 14.59 33.37 82.60 37.05 34.22 34.06 31.98 0.00 0.00 0.00
61.15 72.27 62.54 105.24 105.22 62.77 107.83 105.14 60.96 60.93 70.44 60.87 61.62 57.04 70.02 67.32 64.62 56.87 56.81 64.47 107.13 67.65 64.29 64.21 65.90 48.62 67.70 76.87 77.08 95.28 95.15 51.19 74.58 74.30 22.27 57.80 15.03 20.70 14.90 50.83 49.52 50.39 48.71 49.94 48.61 44.67 94.68 44.62 46.27 46.37 43.51 15.10 15.04 45.57 14.90 12.18 12.70 12.04 39.91 78.91 40.38 78.41 79.27 79.06 78.84 78.63 78.41 78.20 78.00 77.80 34.89 34.70 37.18 82.39 34.18 34.01 33.84 34.44 34.29 31.48 31.33
62.49 70.57 72.18 72.16 57.91 62.74 63.59 65.34 103.58 104.98 70.35 64.18 75.85 67.30 68.12 64.56 69.24 69.19 67.07 67.02 59.23 106.95 65.93 67.77 67.74 78.85 72.14 76.64 104.74 117.00 74.24 70.89 74.14 73.93 73.87 57.75 92.89 14.99 49.77 49.56 49.35 49.13 48.90 48.67 48.44 44.91 86.97 43.67 45.40 43.55 54.94 51.00 51.94 66.04 65.92 65.77 63.02 43.61 11.91 11.84 82.91 39.25 39.03 36.16 35.94 35.72 35.50 35.29 35.08 34.88 34.68 34.49 34.31 76.85 8.94 8.88 8.83 11.10 11.05 8.34 8.29
60.98 72.12 74.76 74.74 60.89 107.67 63.49 62.23 70.33 70.30 112.98 60.66 70.77 68.97 67.16 72.74 69.14 71.75 23.24 66.48 83.88 57.85 124.62 79.21 79.18 72.10 68.43 121.45 110.93 71.19 74.18 74.14 59.53 52.97 17.70 14.98 92.44 14.94 57.50 92.11 92.99 57.29 56.67 56.12 56.53 12.39 84.63 83.78 83.57 40.64 43.10 50.84 51.76 63.28 68.94 65.70 26.86 17.25 11.85 50.18 85.50 79.13 36.19 35.97 35.75 35.52 35.30 35.09 34.87 34.67 34.47 34.29 34.10 76.64 33.76 33.59 8.76 8.37 31.25 31.11 30.98
68.84 66.16 68.80 66.12 54.98 98.86 97.64 64.10 64.07 64.03 64.00 63.96 55.59 57.90 62.08 62.03 61.99 16.07 21.37 60.89 54.14 56.73 100.72 53.90 64.94 64.01 98.99 95.38 53.38 66.56 69.53 46.32 72.09 71.89 71.83 69.11 69.05 56.40 45.08 44.87 45.53 13.42 42.34 12.36 40.95 54.04 80.23 37.30 37.10 18.43 46.15 36.50 11.20 16.45 13.73 18.98 21.57 56.24 53.51 53.44 53.37 55.51 33.73 33.51 33.28 33.06 32.84 32.62 32.42 32.22 32.03 31.84 31.67 74.22 31.34 31.19 8.26 7.72 28.90 28.77 28.65
64.16 69.49 66.07 56.11 64.10 58.61 97.55 64.02 65.91 63.95 63.91 64.46 64.42 55.79 68.13 18.73 70.57 16.04 56.82 56.76 70.28 53.95 96.58 96.50 96.40 97.66 67.28 107.23 58.69 66.51 47.51 46.17 72.04 69.18 69.12 69.06 68.99 88.17 45.23 87.42 87.50 56.08 55.70 85.76 41.72 10.68 53.33 37.16 36.95 39.41 41.87 40.47 12.04 16.40 16.33 58.98 58.91 48.23 38.88 10.66 13.25 15.39 55.37 33.32 33.09 32.87 32.65 32.43 32.22 32.03 31.84 31.65 31.48 74.03 8.31 8.25 8.20 7.66 28.74 0.00 0.00
66.78 69.42 66.00 64.05 56.00 101.35 55.94 63.94 63.90 66.53 66.20 55.45 56.59 61.95 54.29 56.90 16.02 58.14 56.72 75.12 72.43 69.87 64.87 57.67 56.22 96.17 64.50 53.23 95.82 14.25 47.78 69.10 69.05 68.76 68.70 68.64 68.57 111.19 88.33 45.41 45.20 44.98 43.11 42.88 85.32 53.35 53.28 79.72 11.04 36.60 39.05 38.85 11.99 42.42 58.99 13.55 13.48 13.71 45.44 41.13 15.85 40.89 38.01 77.84 32.91 32.68 32.46 32.24 32.04 31.84 11.13 13.73 12.05 73.86 8.25 10.86 10.81 7.61 7.57 0.00 0.00
64.05 64.03 64.01 54.76 97.45 101.27 69.22 68.45 68.42 71.04 67.00 64.29 56.49 55.61 54.20 54.14 61.70 66.96 21.27 21.24 64.09 53.72 64.76 56.19 96.15 107.19 53.21 94.93 114.23 66.13 66.09 69.05 69.00 68.71 68.65 68.58 68.52 111.13 88.17 45.24 45.03 44.81 42.94 85.38 85.17 81.46 79.78 39.52 55.74 80.63 36.24 11.11 36.80 53.69 10.90 48.70 45.77 45.50 45.22 44.94 40.72 43.38 15.19 52.50 11.49 35.16 32.28 32.06 74.57 74.38 57.48 84.66 56.34 50.96 53.57 13.46 13.42 7.56 7.52 7.48 0.00
63.98 66.62 65.87 55.87 58.54 54.62 66.48 73.70 73.66 57.12 66.92 55.27 55.25 54.16 54.11 54.05 15.96 15.94 55.20 61.40 61.32 15.83 69.70 53.41 96.02 71.60 114.27 103.34 54.18 66.08 66.03 65.98 68.94 68.65 68.59 68.53 68.46 87.34 58.79 89.86 58.65 89.16 85.43 42.51 11.47 38.59 79.63 39.36 39.16 36.29 80.26 82.57 59.03 16.24 10.85 13.44 13.36 38.56 35.78 38.22 39.99 12.54 55.18 54.22 14.09 40.30 37.42 77.26 74.40 36.81 16.34 14.66 10.91 8.19 61.50 21.40 10.71 7.52 8.34 7.43 0.00
63.92 71.15 55.82 101.17 55.76 54.54 59.82 59.78 74.31 71.33 66.84 64.04 72.49 54.07 54.01 53.95 55.24 70.00 69.96 72.34 62.39 64.62 56.04 58.60 95.89 114.27 114.22 63.99 54.04 66.03 65.98 65.93 68.89 68.60 68.54 68.47 68.40 56.14 18.68 50.23 44.69 17.99 14.23 11.49 11.41 10.47 79.47 36.55 10.26 10.34 36.38 11.00 56.31 14.00 35.97 44.16 41.39 38.49 38.27 40.70 17.36 12.48 77.54 37.92 16.69 19.28 82.62 34.38 31.52 36.66 13.63 33.65 30.83 8.14 53.47 69.39 18.64 7.47 7.43 7.39 7.36
66.51 63.76 61.07 109.08 69.06 66.37 102.46 54.38 66.85 71.25 66.67 66.62 75.06 61.60 61.54 53.85 61.41 61.34 64.76 64.68 69.70 69.49 57.73 63.73 95.76 60.89 15.57 71.24 71.19 65.86 65.81 65.75 65.69 68.48 68.42 68.35 44.77 56.09 47.00 15.82 12.68 15.27 44.46 43.31 43.10 39.32 81.83 89.19 38.70 11.55 40.94 41.82 56.25 40.30 50.93 41.44 41.20 38.31 38.09 35.20 37.64 51.59 78.03 35.08 16.63 29.87 39.74 34.22 13.70 56.35 33.67 30.85 31.54 73.27 53.43 17.07 38.14 7.44 28.11 0.00 7.33
55.73 61.03 102.53 116.35 68.99 63.64 63.60 59.06 68.57 63.98 66.59 71.43 79.83 64.18 61.45 61.39 55.04 61.24 64.66 64.57 69.64 64.39 18.34 61.02 52.91 96.87 52.66 52.53 73.80 68.47 13.08 13.03 12.97 42.15 68.58 44.41 42.43 55.39 85.84 45.52 52.20 49.34 45.01 44.80 44.59 81.88 81.67 53.90 82.72 81.04 80.83 88.17 78.79 100.82 58.58 58.43 38.36 35.47 35.25 37.69 42.78 83.41 32.48 34.91 19.24 21.83 16.44 34.07 44.52 58.97 30.88 73.44 73.29 73.15 30.30 30.17 30.05 7.40 0.00 0.00 0.00
58.32 103.67 66.45 63.30 63.96 63.93 63.89 68.54 63.81 63.76 69.44 77.15 79.78 61.43 61.36 61.29 61.22 62.01 61.05 15.74 54.58 53.12 55.67 100.94 52.78 98.03 53.88 53.75 54.91 53.59 15.69 45.79 45.62 86.64 89.12 85.17 55.39 83.86 57.06 56.99 54.26 54.18 87.45 90.01 87.14 16.59 86.83 38.58 39.84 38.16 37.94 37.73 10.76 100.71 57.85 55.66 38.22 35.30 35.08 37.51 39.94 37.86 52.41 37.41 34.53 11.14 30.69 39.25 87.11 54.65 76.13 75.98 30.46 30.32 30.20 30.08 29.96 7.37 0.00 0.00 0.00
107.77 29.04 63.73 60.58 61.01 57.85 69.29 66.59 66.54 69.43 77.14 72.22 77.08 70.00 61.27 61.20 61.12 61.03 60.95 53.20 54.46 95.71 108.20 98.14 99.30 97.89 51.45 53.60 56.12 53.44 12.98 45.63 45.47 88.02 12.47 12.41 41.16 57.07 14.28 40.89 40.69 40.48 53.58 47.13 42.61 41.50 59.63 11.07 38.21 37.99 37.77 39.02 10.71 53.35 57.73 60.60 38.00 35.12 57.45 57.33 40.95 32.37 52.36 13.89 37.04 8.43 31.32 33.79 76.34 73.51 76.02 33.15 30.36 32.89 32.77 29.99 29.88 7.35 0.00 0.00 0.00
31.69 79.54 64.05 69.20 74.63 69.12 60.40 60.35 66.47 63.61 76.95 73.84 65.90 61.25 61.18 61.10 61.02 63.59 63.50 53.09 95.70 106.75 66.58 74.45 117.05 58.15 94.01 53.45 57.27 51.12 12.93 15.53 15.48 12.76 12.42 12.36 11.70 54.35 40.92 40.72 62.63 15.04 18.18 47.98 47.76 38.68 38.46 11.01 38.04 37.82 10.79 37.38 53.37 77.10 76.86 36.58 57.84 57.19 57.08 56.96 56.84 32.20 31.99 77.15 8.44 31.37 73.90 50.97 8.20 8.14 33.19 75.77 30.26 32.80 30.02 29.91 7.83 27.88 0.00 0.00 0.00
64.92 65.46 63.85 60.92 69.24 63.74 63.70 63.79 62.03 74.84 72.12 77.37 75.75 61.16 61.08 66.83 100.00 99.31 108.77 97.04 103.24 64.17 66.46 76.98 71.53 53.59 54.75 57.27 62.16 52.40 47.30 20.72 45.15 42.35 12.64 41.33 42.78 54.29 40.75 40.55 40.35 15.53 45.36 17.50 60.14 11.10 38.30 38.08 37.86 11.29 53.18 53.11 52.35 52.27 14.80 57.88 55.06 54.77 57.00 56.88 54.28 32.04 31.83 74.35 51.11 51.05 8.27 8.21 8.16 8.11 10.72 10.67 30.17 30.05 29.94 29.83 7.81 27.81 0.00 27.62 7.20
68.10 63.83 63.80 66.42 69.18 63.68 63.63 63.72 79.55 74.77 68.42 68.35 71.90 99.90 91.11 99.45 59.30 59.21 52.96 63.64 64.73 61.95 56.51 61.70 18.04 57.63 55.96 59.78 67.33 52.26 45.33 45.16 44.99 46.37 44.64 41.17 12.29 83.50 42.23 40.38 40.18 44.38 42.53 42.31 84.81 36.81 38.13 37.91 10.83 52.51 52.44 52.36 78.43 35.48 62.94 60.42 59.37 39.73 56.91 57.66 54.17 23.46 31.69 74.21 51.07 8.29 8.23 8.18 9.19 30.47 8.03 7.98 30.09 29.97 7.86 7.82 29.66 27.75 27.65 7.21 7.19
65.38 63.77 63.74 71.68 63.42 63.61 63.56 72.15 79.52 79.26 71.96 68.27 50.88 99.52 56.72 56.63 56.54 48.39 51.96 56.74 26.15 64.48 53.71 53.58 52.09 70.79 70.74 70.68 73.29 43.97 45.17 47.66 47.49 44.65 41.50 15.45 54.66 42.25 42.05 41.85 42.78 42.57 12.13 43.78 54.70 53.70 53.63 77.92 53.21 52.45 77.24 31.96 35.53 35.30 57.54 10.46 37.31 37.10 34.22 56.72 54.07 66.03 51.15 11.03 8.31 8.25 30.83 30.67 8.09 8.04 30.24 30.12 7.91 7.87 29.79 29.69 29.59 7.26 7.23 7.20 27.42
65.32 63.72 63.68 74.29 62.89 55.32 63.50 69.71 79.19 71.95 76.63 97.63 105.93 56.72 56.63 56.53 56.43 60.50 54.49 15.51 18.13 15.43 15.38 53.78 62.30 68.35 70.41 51.49 51.33 42.58 45.01 47.50 12.60 47.15 43.96 14.19 54.17 12.52 48.75 11.25 39.83 40.48 12.07 53.50 86.11 53.65 9.90 39.16 37.46 34.58 42.46 35.59 35.36 37.79 37.58 34.70 34.49 34.27 34.06 76.57 72.23 28.18 11.05 13.65 10.93 30.88 30.72 8.10 8.06 8.01 30.16 7.92 7.88 29.83 29.72 7.77 7.74 8.10 27.54 7.18 0.00
100.85 100.82 106.34 108.96 103.35 97.51 69.13 69.64 76.78 76.62 97.63 105.93 63.13 59.28 59.19 56.43 60.49 60.38 57.92 57.80 71.55 52.22 60.06 57.26 71.13 70.41 51.49 15.09 56.98 42.40 47.51 50.00 44.50 45.34 45.15 42.30 84.83 41.91 40.07 39.86 51.05 40.28 12.01 53.30 53.06 78.96 43.20 38.98 37.29 9.62 42.28 57.60 57.50 59.83 37.41 34.54 14.42 82.15 72.55 33.70 38.82 23.04 8.35 8.29 8.23 30.78 30.62 8.07 30.33 7.98 7.94 29.97 29.86 7.82 7.79 7.75 29.47 27.58 0.00 0.00 0.00
58.78 98.47 53.06 58.66 61.28 52.91 89.79 76.92 69.73 57.96 103.40 60.60 57.85 47.41 58.20 59.21 56.45 56.34 51.36 55.11 53.77 50.98 53.50 53.36 47.89 47.75 14.08 48.65 63.76 60.17 48.58 27.77 41.82 62.89 61.45 42.01 102.72 59.68 88.26 38.57 36.85 36.64 39.02 49.97 40.09 85.47 81.85 36.67 32.45 33.59 55.34 55.23 55.13 52.41 32.54 32.33 56.58 79.74 34.12 36.55 27.85 21.49 7.82 21.16 7.71 7.66 28.75 7.56 7.52 28.37 28.25 28.15 7.36 7.33 7.29 27.77 27.68 0.00 0.00 0.00 0.00
58.72 101.22 103.84 58.41 58.36 58.30 64.44 64.41 103.48 103.25 109.56 103.23 92.33 45.02 44.91 52.81 50.04 56.22 49.79 52.32 49.53 49.39 49.25 94.49 94.34 90.32 91.37 89.01 109.08 62.77 48.42 50.91 45.05 49.00 51.47 89.89 55.96 55.89 41.27 38.40 39.92 10.24 36.26 46.32 39.93 45.76 81.70 36.51 40.11 55.36 52.85 39.43 39.20 38.98 71.48 77.40 34.44 34.20 22.78 22.59 22.40 21.38 7.78 7.73 28.94 28.80 7.58 28.53 28.41 28.30 7.41 7.37 7.34 27.89 27.80 49.65 30.95 0.00 0.00 0.00 0.00
58.67 61.10 58.61 61.01 58.30 58.24 64.22 58.29 49.89 95.19 49.30 49.62 89.05 87.64 95.39 96.87 102.07 96.62 92.39 94.91 94.78 91.97 94.49 56.95 52.93 51.32 46.30 44.75 89.96 88.49 88.32 44.93 45.54 87.43 92.57 92.39 86.87 15.78 15.71 38.24 39.18 38.97 36.09 35.88 45.94 35.07 34.87 76.41 33.49 33.28 35.74 55.06 81.76 66.36 23.44 34.52 23.04 22.84 22.65 22.46 22.29 29.30 29.15 29.00 7.64 7.60 28.58 28.46 7.46 7.42 7.39 28.02 27.93 49.61 31.09 30.99 19.57 0.00 0.00 0.00 0.00
58.61 58.38 63.66 60.95 50.11 60.83 58.29 64.14 57.94 100.57 57.76 13.90 62.66 58.00 105.68 104.74 101.95 66.64 48.33 50.85 53.37 94.50 106.74 58.25 47.46 60.90 54.73 46.97 46.80 40.29 40.12 89.09 82.13 81.95 87.09 85.39 55.84 10.40 12.99 10.26 39.01 36.14 35.93 37.23 33.04 40.25 37.39 34.53 76.06 77.17 38.25 74.53 51.39 23.50 23.30 23.10 22.91 22.72 22.53 31.16 8.15 7.77 7.72 7.66 7.61 28.64 7.52 7.48 7.44 28.17 28.07 31.33 31.23 19.77 19.69 19.61 0.00 0.00 0.00 0.00 0.00
56.27 67.60 67.02 64.33 60.82 60.75 64.14 64.09 57.86 100.48 57.67 60.43 62.78 52.58 110.90 55.31 100.27 95.08 48.20 49.27 50.58 69.30 66.58 98.16 16.64 54.73 46.98 46.82 46.65 42.34 39.25 48.18 88.74 37.56 10.54 81.42 54.13 54.06 52.99 52.92 52.85 37.49 37.28 37.06 36.85 14.44 14.37 34.39 33.20 74.84 54.15 32.59 28.76 23.37 23.17 22.98 22.79 31.41 8.23 8.17 30.88 29.12 28.97 28.83 7.59 7.54 7.50 7.46 28.22 31.50 31.38 19.90 0.00 0.00 0.00 0.00 0.00 0.00 0.00 0.00 0.00
52.83 63.76 60.86 58.15 64.26 64.13 64.09 58.05 57.77 49.13 92.15 97.37 62.68 103.18 47.34 66.66 64.32 112.22 66.27 55.48 55.34 66.58 55.05 57.56 91.82 46.99 54.43 54.26 54.10 47.50 53.52 48.02 81.37 82.69 53.20 34.73 10.35 81.94 81.74 78.95 36.02 78.53 79.84 36.90 36.69 36.33 9.00 51.65 74.43 29.31 8.72 35.00 23.44 23.25 23.05 31.67 8.32 8.26 31.12 30.95 30.79 29.04 28.89 7.61 7.56 7.52 28.39 31.67 31.55 31.44 19.95 0.00 0.00 0.00 0.00 0.00 0.00 0.00 0.00 0.00 0.00
61.07 58.18 58.13 58.07 58.01 33.88 63.91 33.71 33.62 57.78 49.34 91.53 99.97 95.39 57.57 58.44 35.75 78.43 62.37 41.12 55.21 55.06 85.94 47.17 14.10 90.77 63.68 54.11 46.33 45.85 59.68 51.50 11.54 39.82 82.35 42.11 11.28 46.73 46.53 49.76 11.02 13.61 57.93 36.75 36.53 78.90 54.33 8.89 31.58 8.75 8.68 8.61 23.32 23.13 31.75 8.34 8.28 31.20 31.03 30.86 30.70 7.68 7.63 7.59 7.54 25.00 20.31 30.48 20.10 20.00 0.00 0.00 0.00 0.00 0.00 0.00 0.00 0.00 0.00 0.00 0.00
58.34 58.30 58.05 57.99 57.93 57.85 57.77 57.88 55.94 55.82 57.57 57.46 57.14 96.55 48.38 47.66 48.10 57.10 13.00 43.18 47.50 58.87 101.50 89.74 89.57 106.41 63.59 47.55 47.38 40.37 14.27 12.01 39.85 82.38 84.86 17.56 13.89 11.16 49.03 48.83 10.96 41.64 16.15 75.31 79.10 80.55 46.07 33.00 32.80 8.70 8.64 8.57 32.02 8.44 8.37 31.46 31.28 31.11 30.94 8.08 8.03 7.66 7.61 25.21 20.48 0.00 0.00 0.00 0.00 0.00 0.00 0.00 0.00 0.00 0.00 0.00 0.00 0.00 0.00 0.00 0.00
58.26 58.02 57.97 52.44 60.50 57.76 57.87 57.59 57.49 49.24 62.79 53.91 48.87 49.61 92.19 99.42 43.49 55.06 85.91 43.04 12.19 58.79 58.70 58.61 45.92 89.25 13.66 46.18 45.97 81.44 56.93 82.59 39.70 54.08 39.33 41.80 11.18 42.92 48.87 42.52 38.17 13.51 56.16 80.31 44.22 16.91 39.46 29.32 31.33 41.15 32.29 32.10 31.91 8.40 8.34 8.28 31.19 31.02 8.11 8.05 8.00 28.82 20.67 0.00 0.00 0.00 0.00 0.00 0.00 0.00 0.00 0.00 0.00 0.00 0.00 0.00 0.00 0.00 0.00 0.00 0.00
58.18 57.94 57.88 63.14 63.07 57.67 57.78 57.68 57.58 57.47 57.16 54.21 48.75 44.15 61.72 93.36 86.08 86.29 86.14 85.62 43.11 51.26 28.99 57.64 51.87 89.09 95.45 87.88 55.42 82.79 39.90 39.72 39.54 80.43 11.25 38.99 38.80 39.53 52.12 45.86 88.38 82.04 35.00 12.35 39.91 39.53 39.32 41.78 31.21 41.01 32.18 31.99 31.81 31.62 8.31 8.25 8.19 8.14 8.08 30.63 30.48 20.74 0.00 0.00 0.00 0.00 0.00 0.00 0.00 0.00 0.00 0.00 0.00 0.00 0.00 0.00 0.00 0.00 0.00 0.00 0.00
57.89 57.85 57.79 57.73 57.65 57.76 57.67 57.58 57.47 60.02 102.62 102.49 90.93 86.74 86.60 89.12 43.59 43.44 43.28 43.12 85.32 42.44 28.84 51.88 51.71 66.97 34.84 23.35 15.30 47.59 38.16 39.57 39.39 37.54 54.93 84.22 43.97 41.12 79.21 53.60 35.27 35.06 34.86 34.66 34.46 29.49 31.48 32.88 35.11 32.26 32.08 31.89 31.71 31.53 8.28 8.22 8.16 30.87 30.71 34.08 0.00 0.00 0.00 0.00 0.00 0.00 0.00 0.00 0.00 0.00 0.00 0.00 0.00 0.00 0.00 0.00 0.00 0.00 0.00 0.00 0.00
57.80 57.75 57.69 57.62 57.74 57.66 57.37 57.27 57.36 53.80 54.09 59.45 99.38 86.61 43.75 43.60 43.45 43.30 29.34 42.98 42.82 90.69 95.85 84.67 94.27 56.70 100.46 50.99 54.54 45.09 42.26 39.42 39.24 39.06 37.17 47.21 59.06 81.92 82.34 32.85 9.79 34.92 32.21 36.04 35.85 8.81 32.72 32.53 32.35 8.55 8.49 31.80 8.37 8.31 8.25 31.11 30.95 34.34 21.84 0.00 0.00 0.00 0.00 0.00 0.00 0.00 0.00 0.00 0.00 0.00 0.00 0.00 0.00 0.00 0.00 0.00 0.00 0.00 0.00 0.00 0.00
57.69 57.64 63.72 63.68 59.26 52.07 59.76 56.98 61.51 51.58 91.35 91.22 48.36 43.76 43.62 43.46 43.31 43.15 46.23 42.83 42.67 90.54 103.64 47.12 19.14 45.90 45.69 88.23 54.38 52.61 49.77 46.93 46.75 46.56 38.73 81.27 79.31 10.92 35.38 43.41 12.41 12.34 32.07 35.92 35.73 32.79 32.61 32.43 8.58 8.52 8.46 8.40 8.34 8.28 31.20 33.70 37.10 0.00 0.00 0.00 0.00 0.00 0.00 0.00 0.00 0.00 0.00 0.00 0.00 0.00 0.00 0.00 0.00 0.00 0.00 0.00 0.00 0.00 0.00 0.00 0.00
57.58 57.53 57.47 59.22 59.14 59.73 51.82 56.85 99.45 91.49 48.63 48.36 48.21 43.62 43.47 43.32 43.17 43.01 42.85 42.68 42.52 42.35 84.90 55.29 41.48 45.75 45.53 45.36 86.97 49.80 46.96 46.78 46.60 89.13 81.31 46.05 10.93 38.04 43.46 43.27 39.03 38.84 35.99 35.80 35.61 32.69 32.51 32.33 9.70 8.49 8.43 8.37 31.46 31.29 31.13 11.95 34.37 0.00 0.00 0.00 0.00 0.00 0.00 0.00 0.00 0.00 0.00 0.00 0.00 0.00 0.00 0.00 0.00 0.00 0.00 0.00 0.00 0.00 0.00 0.00 0.00
