New_Model_Runs/11_Future_RCP4.5_Scn1_out/SUM_of_RECHARGE.asc
NCOLS        700
NROWS        400
XLLCORNER     515000.000
YLLCORNER    8409000.000
CELLSIZE         50.000
NODATA_VALUE     -9999.    
[rows 140 to 167 of 400, columns 315 to 377 of 700]
50.56 49.24 49.24 49.24 49.24 50.92 50.92 50.92 50.92 52.58 52.58 52.58 52.58 63.47 63.47 63.47 63.47 46.52 109.9 69.71 86.35 103.1 61.36 62.17 77.82 40.32 67.39 56.96 67.39 67.39 63.59 62.17 62.17 -.9900E-19 -.9900E-19 -.9900E-19 -.9900E-19 -.9900E-19 -.9900E-19 -.9900E-19 -.9900E-19 -.9900E-19 -.9900E-19 -.9900E-19 -.9900E-19 -.9900E-19 -.9900E-19 -.9900E-19 -.9900E-19 -.9900E-19 -.9900E-19 -.9900E-19 -.9900E-19 -.9900E-19 -.9900E-19 -.9900E-19 -.9900E-19 -.9900E-19 -.9900E-19 -.9900E-19 -.9900E-19 -.9900E-19 -.9900E-19
50.56 49.24 49.24 49.24 49.24 59.01 54.42 50.92 50.92 52.58 52.58 52.58 52.58 63.47 63.47 53.28 56.95 99.67 104.7 115.1 82.43 67.50 81.22 95.40 35.10 63.12 118.3 97.76 108.2 100.6 95.40 77.82 67.39 56.96 56.96 62.17 100.6 60.74 60.74 56.91 85.42 -.9900E-19 -.9900E-19 -.9900E-19 -.9900E-19 -.9900E-19 -.9900E-19 -.9900E-19 -.9900E-19 -.9900E-19 -.9900E-19 -.9900E-19 -.9900E-19 -.9900E-19 -.9900E-19 -.9900E-19 -.9900E-19 -.9900E-19 -.9900E-19 -.9900E-19 -.9900E-19 -.9900E-19 -.9900E-19
50.56 49.24 49.24 49.24 49.24 50.92 50.92 50.92 50.92 52.58 52.58 52.58 61.24 63.47 53.28 51.68 67.33 55.04 94.29 94.29 109.0 91.65 57.07 51.86 77.82 104.8 107.0 67.15 62.46 62.09 64.09 108.2 98.32 90.19 56.96 67.39 100.6 90.64 60.74 60.74 61.31 85.42 42.72 -.9900E-19 -.9900E-19 -.9900E-19 -.9900E-19 -.9900E-19 -.9900E-19 -.9900E-19 -.9900E-19 -.9900E-19 -.9900E-19 -.9900E-19 -.9900E-19 -.9900E-19 -.9900E-19 -.9900E-19 -.9900E-19 -.9900E-19 -.9900E-19 -.9900E-19 -.9900E-19
50.56 49.24 49.24 49.24 49.24 50.92 53.58 50.92 50.92 52.58 52.58 52.58 61.24 53.28 53.28 54.45 59.33 67.66 70.70 55.06 65.49 43.72 57.07 75.41 114.0 60.26 55.05 62.46 62.46 62.09 62.09 56.88 56.88 62.09 54.25 47.47 90.19 57.67 40.36 55.85 55.85 55.44 90.64 47.93 85.42 -.9900E-19 -.9900E-19 -.9900E-19 -.9900E-19 -.9900E-19 -.9900E-19 -.9900E-19 -.9900E-19 -.9900E-19 -.9900E-19 -.9900E-19 -.9900E-19 -.9900E-19 -.9900E-19 -.9900E-19 -.9900E-19 -.9900E-19 -.9900E-19
49.48 52.18 52.18 48.69 48.69 52.05 52.05 52.05 52.05 53.78 53.78 53.78 62.72 63.82 53.28 49.57 59.88 53.20 60.28 55.06 17.56 56.30 49.34 70.20 54.55 55.05 55.05 62.08 62.08 61.92 61.92 61.92 61.92 66.58 47.47 90.19 108.3 50.79 57.67 50.64 58.02 50.64 50.64 58.35 53.13 85.42 55.53 42.72 -.9900E-19 -.9900E-19 -.9900E-19 -.9900E-19 -.9900E-19 -.9900E-19 -.9900E-19 -.9900E-19 -.9900E-19 -.9900E-19 -.9900E-19 -.9900E-19 -.9900E-19 -.9900E-19 -.9900E-19
49.48 48.69 48.69 48.69 48.69 52.05 52.05 52.05 52.05 53.78 53.78 53.78 53.78 54.66 49.57 54.66 59.88 46.36 55.06 55.06 24.07 53.38 60.64 54.55 54.97 53.69 62.08 66.74 62.08 61.92 61.92 61.92 61.92 55.05 50.56 97.77 87.89 45.58 47.23 50.64 59.48 59.53 50.64 61.07 53.13 49.76 90.64 55.53 55.53 -.9900E-19 -.9900E-19 -.9900E-19 -.9900E-19 -.9900E-19 -.9900E-19 -.9900E-19 -.9900E-19 -.9900E-19 -.9900E-19 -.9900E-19 -.9900E-19 -.9900E-19 -.9900E-19
52.93 51.97 51.97 51.97 51.97 56.25 56.25 56.25 56.25 58.26 58.26 58.26 58.26 59.17 59.17 59.17 64.38 24.52 67.24 72.45 49.43 44.15 61.32 62.97 51.71 51.71 51.71 56.80 65.37 65.03 65.03 65.03 67.91 56.80 62.32 112.2 45.40 45.24 59.70 65.91 63.22 62.71 62.71 55.98 66.41 58.13 52.92 58.13 57.03 57.03 -.9900E-19 -.9900E-19 -.9900E-19 -.9900E-19 -.9900E-19 -.9900E-19 -.9900E-19 -.9900E-19 -.9900E-19 -.9900E-19 .000 13.73 -.9900E-19
52.93 51.97 51.97 51.97 51.97 56.25 56.25 56.25 56.25 58.26 58.26 58.26 58.26 55.77 55.26 55.77 52.18 67.24 72.45 29.74 86.93 60.29 62.14 70.89 55.07 51.71 56.33 65.37 65.37 65.03 65.03 65.03 67.91 56.80 62.01 70.01 56.80 55.98 55.98 63.22 63.22 62.71 62.71 62.71 55.98 61.19 98.69 106.3 95.63 57.03 57.03 57.03 57.03 -.9900E-19 -.9900E-19 -.9900E-19 -.9900E-19 -.9900E-19 -.9900E-19 61.67 13.73 13.73 13.73
52.40 53.33 53.33 53.33 53.33 58.12 58.12 58.12 58.12 59.01 59.01 59.01 59.01 60.98 54.26 62.61 110.5 72.45 62.61 58.26 59.42 57.00 51.71 58.07 51.71 56.32 56.32 56.32 65.37 65.04 65.04 65.04 65.04 64.74 64.74 64.74 56.80 62.36 66.93 62.36 62.36 62.32 62.32 62.32 62.32 63.47 63.47 106.2 119.5 112.7 90.42 14.31 58.53 88.50 56.45 -.9900E-19 -.9900E-19 -.9900E-19 56.45 56.45 56.45 56.45 56.45
52.40 53.33 53.33 53.33 53.33 58.12 58.12 58.12 58.12 59.01 55.26 55.26 58.32 52.18 57.40 24.52 94.90 29.74 24.52 53.39 112.6 62.65 57.00 57.00 57.00 56.32 56.32 56.32 56.32 65.04 65.04 65.04 69.97 64.74 64.74 64.74 64.74 62.36 62.36 62.36 62.36 62.32 62.32 62.32 62.32 63.47 63.47 63.47 98.69 101.1 67.46 62.24 57.03 56.45 61.67 61.67 56.45 56.45 56.45 18.95 68.63 111.3 97.91
52.40 53.33 53.33 53.33 53.33 58.12 58.12 58.12 58.12 59.01 55.77 55.26 59.89 46.97 24.52 62.02 95.89 56.21 58.32 46.97 94.90 61.09 56.92 57.00 57.00 56.32 56.32 56.32 56.32 65.04 65.04 65.04 65.04 64.74 64.74 64.74 64.74 62.36 70.92 62.36 62.36 62.32 62.32 62.32 62.32 63.47 63.47 106.2 98.69 57.03 35.17 83.10 57.03 56.45 56.45 18.95 56.45 13.73 13.73 24.93 116.2 96.64 55.20
52.40 53.33 53.33 53.33 53.33 58.12 58.12 63.00 63.00 63.79 63.91 61.08 60.98 65.11 72.45 98.93 98.93 46.97 51.00 59.89 94.90 48.44 56.11 62.21 57.00 56.32 52.22 51.71 56.32 56.05 65.04 65.04 65.04 64.74 64.74 64.74 64.74 62.36 62.36 62.36 62.36 62.32 62.32 62.32 62.32 63.47 106.2 108.8 14.31 67.46 77.89 29.96 72.67 56.45 56.45 91.60 93.71 13.73 98.93 113.9 60.41 60.72 59.58
53.37 54.29 54.29 54.29 54.29 58.51 58.51 58.51 58.51 59.20 55.77 65.69 54.64 94.90 100.1 56.21 56.21 55.27 46.97 58.39 54.85 44.50 61.49 66.99 57.05 51.71 52.22 51.71 51.71 51.71 56.25 65.27 65.27 68.98 68.98 64.12 64.12 61.97 61.97 66.49 61.97 63.18 63.18 63.18 63.18 64.15 106.9 57.03 57.03 67.46 67.46 77.89 62.24 56.45 56.45 61.67 51.00 45.78 117.1 65.63 59.71 64.51 102.8
53.37 54.29 54.29 54.29 54.29 58.51 58.51 59.89 58.51 55.26 60.48 61.43 57.40 105.3 80.75 46.97 46.97 89.68 107.8 54.64 58.14 48.44 52.92 48.77 45.68 62.14 55.97 55.07 60.51 60.51 56.25 56.25 65.27 64.12 64.12 64.12 64.12 61.97 61.97 61.97 61.97 63.18 63.18 63.18 63.18 64.15 47.70 90.42 90.42 57.03 100.6 67.46 57.03 93.71 103.5 88.50 90.08 109.1 78.91 68.93 59.71 59.30 102.8
53.37 54.29 54.29 54.29 54.29 58.51 68.58 59.89 59.89 58.32 57.40 62.61 67.83 77.67 110.5 120.9 93.71 49.43 20.11 60.98 60.98 50.90 48.44 43.22 40.47 52.54 69.73 56.74 56.74 56.25 56.25 56.25 65.27 64.12 64.12 64.12 68.56 61.97 61.97 61.97 61.97 63.18 63.18 63.18 63.18 115.2 115.2 115.2 128.7 90.42 90.42 90.42 90.42 61.67 98.93 93.86 109.5 77.22 119.2 58.50 54.85 59.30 100.7
53.37 54.29 54.29 54.29 54.29 58.51 68.58 68.58 59.89 58.32 57.40 61.43 24.52 110.5 62.61 54.64 55.26 64.47 64.47 55.26 55.77 45.68 40.47 54.75 40.47 40.47 51.71 60.64 56.74 56.25 56.25 56.25 56.25 68.98 64.12 64.12 64.12 61.97 61.97 61.97 61.97 63.18 63.18 63.18 63.18 106.9 64.15 64.15 69.36 61.00 100.8 67.46 50.03 88.65 88.65 88.65 108.8 111.1 65.28 60.07 59.71 54.85 98.38
54.12 54.33 54.33 58.71 54.33 62.80 68.52 68.52 68.52 59.89 59.89 57.40 72.45 62.61 60.48 49.43 55.77 55.77 55.26 60.02 58.93 45.68 40.47 45.49 52.22 52.22 52.22 51.71 56.65 56.17 56.17 56.17 56.17 68.96 68.72 63.88 63.88 62.09 62.09 62.09 62.09 63.12 63.12 63.12 105.8 63.49 63.49 63.49 63.49 56.75 60.46 105.4 51.93 50.11 88.65 88.65 43.69 54.85 59.09 59.09 59.09 97.57 55.67
58.52 54.33 54.33 54.33 54.33 58.46 58.46 68.52 58.32 58.32 65.11 63.60 94.90 62.61 69.42 60.14 59.16 55.26 55.26 58.93 55.77 51.71 51.71 56.78 51.71 56.65 56.65 56.65 56.65 56.17 60.96 56.17 56.17 54.99 54.99 63.88 63.88 62.09 62.09 62.09 62.09 67.64 63.12 63.12 105.8 63.49 63.49 62.52 55.34 55.34 62.80 108.3 95.07 88.65 91.62 58.50 53.29 59.09 59.09 59.09 59.09 54.85 53.29
54.12 54.33 54.33 54.33 54.33 58.46 58.46 58.32 58.32 58.32 61.43 100.1 52.18 57.40 59.89 59.16 59.16 58.93 55.26 58.93 55.77 51.71 60.65 51.71 56.78 56.65 56.65 56.65 51.71 51.71 56.17 56.17 56.17 59.64 54.99 63.88 63.88 62.09 62.09 62.09 66.62 63.12 63.12 105.8 62.15 62.52 62.52 62.52 62.52 62.80 62.80 99.46 61.96 54.85 54.85 60.05 54.85 59.09 59.09 59.09 59.09 59.78 43.69
54.12 54.33 54.33 54.33 54.33 58.46 58.46 68.52 58.32 63.54 100.1 89.69 57.40 57.40 56.44 58.32 59.16 58.93 58.93 58.93 58.93 56.78 56.78 60.56 56.78 56.65 56.65 51.71 51.71 57.68 56.17 56.17 56.17 54.99 54.99 54.99 63.88 62.09 62.09 62.09 62.09 63.12 108.8 104.9 62.15 62.52 66.48 62.52 62.52 62.80 62.80 55.34 66.22 60.05 60.05 60.05 60.05 59.09 59.09 59.09 59.09 59.78 43.69
54.72 54.35 54.35 54.35 54.35 58.16 58.16 58.32 46.97 89.69 94.90 56.81 14.09 65.11 48.30 52.18 64.27 58.63 58.63 58.63 58.63 56.44 57.98 51.71 56.44 56.46 56.46 51.71 51.71 55.98 55.98 55.98 55.98 54.87 54.87 54.87 54.87 61.77 61.77 60.80 60.80 61.40 104.1 61.40 61.40 61.60 61.60 61.60 61.60 61.59 65.58 61.59 61.59 59.08 59.08 59.08 64.47 59.26 59.26 59.26 59.26 59.93 86.40
54.72 63.63 54.35 54.35 54.35 58.16 68.83 59.89 46.97 52.18 62.02 93.71 89.69 59.89 59.89 52.18 69.29 58.63 58.63 58.63 58.63 56.44 63.39 63.39 56.44 56.46 56.46 51.71 51.71 51.71 55.98 55.98 35.46 54.87 54.87 54.87 54.87 60.80 60.80 60.80 60.80 104.1 61.40 61.40 61.40 61.60 67.24 61.60 61.60 61.59 67.23 61.59 61.59 59.08 59.08 63.24 63.24 59.26 59.26 59.26 59.26 60.19 53.29
70.65 70.15 59.47 43.28 59.47 103.9 66.21 64.72 66.21 64.72 64.72 64.72 93.36 59.32 64.53 71.42 66.21 63.94 63.94 63.94 63.94 71.54 85.03 71.54 66.32 66.34 66.34 66.34 72.02 66.29 65.81 65.81 65.81 64.71 64.71 64.71 64.71 70.25 74.36 70.25 70.25 70.90 70.90 70.90 70.90 71.11 75.13 71.11 71.11 75.12 71.10 80.53 71.10 61.58 61.58 61.58 61.58 61.77 61.77 61.77 65.71 62.46 62.46
70.65 59.47 66.80 64.54 59.47 106.1 61.16 66.21 64.72 69.93 69.93 64.72 93.36 50.65 55.86 61.08 69.78 63.94 69.76 63.94 63.94 71.54 87.78 87.78 71.54 66.34 66.34 66.34 66.34 65.81 65.81 65.81 65.81 70.05 64.71 64.71 64.71 70.25 70.25 70.25 70.25 70.90 70.90 70.90 70.90 71.11 71.11 71.11 71.11 71.10 71.10 75.08 71.10 61.58 61.58 61.58 61.58 61.77 61.77 65.73 61.77 62.46 62.46
60.47 59.56 59.56 43.28 59.56 62.97 105.7 103.9 103.7 55.86 103.8 100.5 115.7 55.86 76.55 69.93 66.21 60.96 63.98 63.98 63.98 65.91 71.12 82.18 71.12 65.34 65.34 65.34 65.34 69.96 64.63 64.63 69.96 64.06 64.06 64.06 71.13 70.70 70.70 70.70 70.70 71.19 71.19 71.19 71.19 71.09 71.09 71.09 71.09 70.85 70.85 70.85 70.85 61.78 61.78 61.78 61.78 61.96 61.96 61.96 61.96 61.85 61.85
60.47 59.56 59.56 59.56 59.56 62.97 62.97 105.7 60.96 103.9 103.7 68.22 81.94 80.99 64.26 64.26 61.16 71.00 63.98 63.98 63.98 65.91 65.91 65.91 65.91 65.34 65.34 65.34 65.34 64.63 64.63 64.63 64.63 64.06 64.06 64.06 71.13 70.70 70.70 70.70 70.70 71.19 71.19 71.19 71.19 71.09 71.09 71.09 71.09 70.85 70.85 70.85 70.85 61.78 61.78 61.78 61.78 61.96 61.96 61.96 61.96 61.85 61.85
60.47 59.56 59.56 64.64 59.56 62.97 68.68 62.97 62.97 60.96 60.96 66.37 61.08 70.12 64.26 64.26 64.26 61.16 63.98 63.98 63.98 71.75 65.91 65.91 71.75 65.34 65.34 65.34 65.34 64.63 64.63 64.63 64.63 64.06 64.06 64.06 71.13 70.70 70.70 70.70 70.70 71.19 71.19 71.19 71.19 71.09 71.09 71.09 71.09 70.85 70.85 70.85 70.85 61.78 61.78 61.78 61.78 61.96 61.96 61.96 61.96 61.85 61.85
60.47 59.56 59.56 64.68 59.56 62.97 62.97 62.97 62.97 60.96 60.96 61.16 63.94 64.26 64.26 64.26 64.26 61.16 63.98 69.81 63.98 65.91 65.91 65.91 65.91 65.34 70.79 65.34 65.34 64.63 64.63 64.63 64.63 64.06 64.06 71.13 71.13 70.70 70.70 70.70 70.70 71.19 71.19 71.19 71.19 71.09 71.09 71.09 71.09 70.85 70.85 70.85 70.85 61.78 61.78 61.78 61.78 61.96 61.96 61.96 61.96 61.85 61.85
