New_Model_Runs/6_FutureClimate_RCP45_out/SUM_of_RECHARGE.asc
NCOLS        700
NROWS        400
XLLCORNER     515000.000
YLLCORNER    8409000.000
CELLSIZE         50.000
NODATA_VALUE     -9999.    
[rows 84 to 111 of 400, columns 567 to 629 of 700]
-.9900E-19 -.9900E-19 -.9900E-19 -.9900E-19 -.9900E-19 -.9900E-19 -.9900E-19 -.9900E-19 -.9900E-19 -.9900E-19 -.9900E-19 -.9900E-19 -.9900E-19 -.9900E-19 -.9900E-19 -.9900E-19 -.9900E-19 -.9900E-19 -.9900E-19 -.9900E-19 -.9900E-19 -.9900E-19 -.9900E-19 -.9900E-19 -.9900E-19 -.9900E-19 -.9900E-19 -.9900E-19 -.9900E-19 -.9900E-19 -.9900E-19 -.9900E-19 -.9900E-19 -.9900E-19 -.9900E-19 -.9900E-19 -.9900E-19 -.9900E-19 -.9900E-19 -.9900E-19 -.9900E-19 -.9900E-19 -.9900E-19 79.70 122.3 126.2 118.6 118.6 75.84 76.15 76.15 90.54 2.661 .000 -.9900E-19 -.9900E-19 -.9900E-19 -.9900E-19 -.9900E-19 -.9900E-19 -.9900E-19 -.9900E-19 .000
-.9900E-19 -.9900E-19 -.9900E-19 -.9900E-19 -.9900E-19 -.9900E-19 -.9900E-19 -.9900E-19 -.9900E-19 -.9900E-19 -.9900E-19 -.9900E-19 -.9900E-19 -.9900E-19 -.9900E-19 -.9900E-19 -.9900E-19 -.9900E-19 -.9900E-19 -.9900E-19 -.9900E-19 -.9900E-19 -.9900E-19 -.9900E-19 -.9900E-19 -.9900E-19 -.9900E-19 -.9900E-19 -.9900E-19 -.9900E-19 -.9900E-19 -.9900E-19 -.9900E-19 -.9900E-19 -.9900E-19 -.9900E-19 -.9900E-19 -.9900E-19 -.9900E-19 -.9900E-19 -.9900E-19 -.9900E-19 86.80 122.3 119.7 75.87 75.87 118.6 122.3 118.9 76.18 76.15 124.9 121.5 118.9 118.9 118.9 85.45 85.45 85.45 100.8 112.4 121.8
-.9900E-19 -.9900E-19 -.9900E-19 -.9900E-19 -.9900E-19 -.9900E-19 -.9900E-19 -.9900E-19 -.9900E-19 -.9900E-19 -.9900E-19 -.9900E-19 -.9900E-19 -.9900E-19 -.9900E-19 -.9900E-19 -.9900E-19 -.9900E-19 -.9900E-19 -.9900E-19 -.9900E-19 -.9900E-19 -.9900E-19 -.9900E-19 -.9900E-19 -.9900E-19 -.9900E-19 -.9900E-19 -.9900E-19 -.9900E-19 -.9900E-19 -.9900E-19 -.9900E-19 -.9900E-19 -.9900E-19 -.9900E-19 -.9900E-19 -.9900E-19 -.9900E-19 -.9900E-19 -.9900E-19 74.96 134.6 76.99 76.99 75.84 75.87 75.87 79.54 118.9 118.9 133.3 76.15 76.16 76.16 76.16 83.86 76.71 87.79 42.73 42.73 88.91 112.4
-.9900E-19 -.9900E-19 -.9900E-19 -.9900E-19 -.9900E-19 -.9900E-19 -.9900E-19 -.9900E-19 -.9900E-19 -.9900E-19 -.9900E-19 -.9900E-19 -.9900E-19 -.9900E-19 -.9900E-19 -.9900E-19 -.9900E-19 -.9900E-19 -.9900E-19 -.9900E-19 -.9900E-19 -.9900E-19 -.9900E-19 -.9900E-19 -.9900E-19 -.9900E-19 -.9900E-19 -.9900E-19 -.9900E-19 -.9900E-19 -.9900E-19 -.9900E-19 -.9900E-19 -.9900E-19 -.9900E-19 -.9900E-19 -.9900E-19 -.9900E-19 -.9900E-19 140.7 161.9 127.4 76.99 84.71 76.99 75.84 75.87 75.87 83.35 140.3 118.9 93.22 76.15 76.16 76.16 76.16 76.16 84.46 76.71 76.71 92.29 80.96 112.4
-.9900E-19 -.9900E-19 -.9900E-19 -.9900E-19 -.9900E-19 -.9900E-19 -.9900E-19 -.9900E-19 -.9900E-19 -.9900E-19 -.9900E-19 -.9900E-19 -.9900E-19 -.9900E-19 -.9900E-19 -.9900E-19 -.9900E-19 -.9900E-19 -.9900E-19 -.9900E-19 -.9900E-19 -.9900E-19 -.9900E-19 -.9900E-19 -.9900E-19 -.9900E-19 -.9900E-19 -.9900E-19 -.9900E-19 -.9900E-19 -.9900E-19 -.9900E-19 -.9900E-19 -.9900E-19 -.9900E-19 -.9900E-19 -.9900E-19 -.9900E-19 -.9900E-19 98.72 83.45 76.47 76.47 76.47 76.47 75.48 75.48 75.48 75.45 75.59 86.56 75.61 83.16 83.14 75.57 75.57 75.57 76.92 76.92 76.92 80.96 80.96 83.62
-.9900E-19 -.9900E-19 -.9900E-19 -.9900E-19 -.9900E-19 -.9900E-19 -.9900E-19 -.9900E-19 -.9900E-19 -.9900E-19 -.9900E-19 -.9900E-19 -.9900E-19 -.9900E-19 -.9900E-19 -.9900E-19 -.9900E-19 -.9900E-19 -.9900E-19 -.9900E-19 -.9900E-19 -.9900E-19 -.9900E-19 -.9900E-19 -.9900E-19 -.9900E-19 -.9900E-19 -.9900E-19 -.9900E-19 -.9900E-19 -.9900E-19 -.9900E-19 -.9900E-19 -.9900E-19 -.9900E-19 -.9900E-19 -.9900E-19 -.9900E-19 148.5 103.9 98.72 76.47 76.47 76.47 86.70 83.01 75.48 75.48 75.45 75.59 75.61 75.61 75.61 75.59 75.57 75.57 75.57 76.92 76.92 76.92 88.17 86.25 80.96
-.9900E-19 -.9900E-19 -.9900E-19 -.9900E-19 -.9900E-19 -.9900E-19 -.9900E-19 -.9900E-19 -.9900E-19 -.9900E-19 -.9900E-19 -.9900E-19 -.9900E-19 -.9900E-19 -.9900E-19 -.9900E-19 -.9900E-19 -.9900E-19 -.9900E-19 -.9900E-19 -.9900E-19 -.9900E-19 -.9900E-19 -.9900E-19 -.9900E-19 -.9900E-19 -.9900E-19 -.9900E-19 -.9900E-19 47.97 .000 -.9900E-19 -.9900E-19 -.9900E-19 -.9900E-19 -.9900E-19 -.9900E-19 -.9900E-19 144.1 98.72 98.72 91.19 76.47 76.47 76.47 82.99 75.45 75.48 75.48 75.59 75.59 75.59 75.61 83.14 75.59 75.59 75.57 76.94 76.92 76.92 86.25 80.96 80.96
-.9900E-19 -.9900E-19 -.9900E-19 -.9900E-19 -.9900E-19 -.9900E-19 -.9900E-19 -.9900E-19 -.9900E-19 -.9900E-19 -.9900E-19 -.9900E-19 -.9900E-19 -.9900E-19 -.9900E-19 -.9900E-19 -.9900E-19 -.9900E-19 -.9900E-19 -.9900E-19 -.9900E-19 -.9900E-19 -.9900E-19 -.9900E-19 -.9900E-19 -.9900E-19 -.9900E-19 -.9900E-19 -.9900E-19 70.82 72.87 72.87 -.9900E-19 -.9900E-19 -.9900E-19 -.9900E-19 -.9900E-19 75.32 102.4 98.72 98.72 91.19 76.47 76.47 89.23 75.45 75.45 75.48 75.48 75.59 75.59 83.12 75.61 75.57 75.57 75.57 75.57 86.25 76.92 76.92 76.92 80.96 80.96
-.9900E-19 -.9900E-19 -.9900E-19 -.9900E-19 -.9900E-19 -.9900E-19 -.9900E-19 -.9900E-19 -.9900E-19 -.9900E-19 -.9900E-19 -.9900E-19 -.9900E-19 -.9900E-19 -.9900E-19 -.9900E-19 -.9900E-19 -.9900E-19 -.9900E-19 -.9900E-19 -.9900E-19 -.9900E-19 -.9900E-19 -.9900E-19 -.9900E-19 -.9900E-19 -.9900E-19 -.9900E-19 -.9900E-19 72.88 72.88 72.88 72.88 78.69 128.8 130.0 79.00 38.95 33.63 99.23 103.6 91.12 76.42 76.42 76.42 75.33 82.87 75.35 75.35 75.53 75.53 75.51 75.51 76.98 76.98 76.98 86.80 86.25 86.25 80.96 78.60 96.11 80.96
-.9900E-19 -.9900E-19 -.9900E-19 -.9900E-19 -.9900E-19 -.9900E-19 -.9900E-19 -.9900E-19 -.9900E-19 -.9900E-19 -.9900E-19 -.9900E-19 -.9900E-19 -.9900E-19 -.9900E-19 -.9900E-19 -.9900E-19 -.9900E-19 -.9900E-19 -.9900E-19 -.9900E-19 -.9900E-19 -.9900E-19 -.9900E-19 -.9900E-19 -.9900E-19 -.9900E-19 -.9900E-19 -.9900E-19 72.88 72.88 72.88 77.61 81.80 98.13 115.2 104.3 91.43 90.17 84.83 84.83 91.12 76.42 76.42 76.42 75.33 75.33 75.35 75.35 75.53 75.51 75.51 75.51 76.98 76.98 76.98 94.99 96.14 92.98 88.17 78.60 93.73 123.7
-.9900E-19 -.9900E-19 -.9900E-19 -.9900E-19 -.9900E-19 -.9900E-19 -.9900E-19 -.9900E-19 -.9900E-19 -.9900E-19 -.9900E-19 -.9900E-19 -.9900E-19 -.9900E-19 -.9900E-19 -.9900E-19 -.9900E-19 -.9900E-19 -.9900E-19 -.9900E-19 -.9900E-19 -.9900E-19 -.9900E-19 -.9900E-19 -.9900E-19 -.9900E-19 -.9900E-19 -.9900E-19 72.45 77.80 72.88 80.77 80.27 88.65 88.65 82.28 83.33 83.33 83.33 84.83 84.83 78.79 76.42 76.42 76.42 75.33 75.33 75.33 75.35 75.51 75.51 75.51 75.51 76.98 76.98 76.98 79.71 88.37 78.60 93.59 86.25 123.5 123.7
-.9900E-19 -.9900E-19 -.9900E-19 -.9900E-19 -.9900E-19 -.9900E-19 -.9900E-19 -.9900E-19 -.9900E-19 -.9900E-19 -.9900E-19 -.9900E-19 -.9900E-19 -.9900E-19 -.9900E-19 -.9900E-19 -.9900E-19 -.9900E-19 -.9900E-19 -.9900E-19 -.9900E-19 -.9900E-19 -.9900E-19 -.9900E-19 -.9900E-19 -.9900E-19 -.9900E-19 -.9900E-19 78.57 72.88 72.88 78.11 84.95 87.24 83.33 82.28 83.33 84.83 84.83 84.83 77.81 72.67 83.25 84.16 76.42 75.33 75.33 75.33 75.35 75.53 75.51 75.51 75.51 76.98 79.71 76.98 76.98 78.60 78.60 80.96 84.44 80.96 80.96
-.9900E-19 -.9900E-19 -.9900E-19 -.9900E-19 -.9900E-19 -.9900E-19 -.9900E-19 -.9900E-19 -.9900E-19 -.9900E-19 -.9900E-19 -.9900E-19 -.9900E-19 -.9900E-19 -.9900E-19 -.9900E-19 -.9900E-19 -.9900E-19 -.9900E-19 -.9900E-19 -.9900E-19 -.9900E-19 -.9900E-19 -.9900E-19 -.9900E-19 -.9900E-19 -.9900E-19 73.04 73.04 72.59 78.11 78.11 82.29 93.08 82.29 73.45 73.45 73.03 73.03 73.03 73.03 67.34 67.34 67.34 76.22 82.85 75.33 75.33 75.35 76.29 76.27 76.27 76.27 78.06 78.06 78.06 79.71 88.12 80.96 78.92 78.92 80.96 80.96
-.9900E-19 -.9900E-19 -.9900E-19 -.9900E-19 -.9900E-19 -.9900E-19 -.9900E-19 -.9900E-19 -.9900E-19 -.9900E-19 -.9900E-19 -.9900E-19 -.9900E-19 -.9900E-19 -.9900E-19 -.9900E-19 -.9900E-19 -.9900E-19 -.9900E-19 -.9900E-19 -.9900E-19 -.9900E-19 -.9900E-19 -.9900E-19 -.9900E-19 -.9900E-19 73.04 73.04 73.04 72.59 78.11 82.29 82.29 82.29 82.29 78.11 73.45 73.03 73.03 73.03 79.28 67.34 67.34 67.34 67.34 75.33 75.33 75.33 75.35 79.84 79.71 76.27 76.27 78.06 90.76 83.39 79.71 80.96 80.96 78.95 78.95 78.22 78.22
-.9900E-19 -.9900E-19 -.9900E-19 -.9900E-19 -.9900E-19 -.9900E-19 -.9900E-19 -.9900E-19 -.9900E-19 -.9900E-19 -.9900E-19 -.9900E-19 -.9900E-19 -.9900E-19 -.9900E-19 -.9900E-19 -.9900E-19 -.9900E-19 -.9900E-19 -.9900E-19 -.9900E-19 -.9900E-19 -.9900E-19 -.9900E-19 -.9900E-19 -.9900E-19 68.54 68.54 68.54 68.11 67.93 67.93 72.71 76.57 72.71 72.71 73.29 67.40 67.40 67.40 73.13 71.99 67.21 67.21 67.21 67.18 76.47 76.47 80.50 80.50 80.36 77.51 77.51 79.33 79.33 80.36 87.74 85.49 85.49 81.71 81.71 87.88 80.97
-.9900E-19 -.9900E-19 -.9900E-19 -.9900E-19 -.9900E-19 -.9900E-19 -.9900E-19 -.9900E-19 -.9900E-19 -.9900E-19 -.9900E-19 -.9900E-19 -.9900E-19 -.9900E-19 -.9900E-19 -.9900E-19 -.9900E-19 -.9900E-19 -.9900E-19 -.9900E-19 -.9900E-19 -.9900E-19 -.9900E-19 -.9900E-19 -.9900E-19 -.9900E-19 68.54 68.54 68.54 68.11 67.93 67.90 72.71 72.71 72.71 80.80 80.80 73.13 67.40 67.43 67.43 67.21 72.16 71.99 67.21 67.18 67.18 84.38 80.50 80.36 80.36 77.51 77.51 79.33 79.33 80.36 80.36 81.69 81.69 81.69 81.69 80.97 80.97
-.9900E-19 -.9900E-19 -.9900E-19 -.9900E-19 -.9900E-19 -.9900E-19 -.9900E-19 -.9900E-19 -.9900E-19 -.9900E-19 -.9900E-19 -.9900E-19 -.9900E-19 -.9900E-19 -.9900E-19 -.9900E-19 -.9900E-19 -.9900E-19 -.9900E-19 -.9900E-19 -.9900E-19 -.9900E-19 -.9900E-19 -.9900E-19 -.9900E-19 -.9900E-19 68.86 68.86 68.86 69.79 67.93 67.90 67.93 72.71 86.12 79.93 79.93 80.47 68.20 68.23 68.23 67.30 67.30 72.10 67.30 67.64 67.64 76.97 80.50 80.50 80.36 85.35 85.35 78.70 78.70 80.36 80.36 80.77 80.77 87.66 87.66 87.08 79.96
-.9900E-19 -.9900E-19 -.9900E-19 -.9900E-19 -.9900E-19 -.9900E-19 -.9900E-19 -.9900E-19 -.9900E-19 -.9900E-19 -.9900E-19 -.9900E-19 -.9900E-19 -.9900E-19 -.9900E-19 -.9900E-19 -.9900E-19 -.9900E-19 -.9900E-19 -.9900E-19 -.9900E-19 -.9900E-19 -.9900E-19 -.9900E-19 -.9900E-19 -.9900E-19 68.86 68.86 68.86 68.05 68.05 68.05 68.05 67.93 90.07 88.40 67.20 68.20 68.20 68.20 68.23 67.32 72.10 72.24 67.30 67.64 72.83 67.64 80.50 80.50 77.71 77.71 77.71 78.70 78.70 80.36 78.70 80.77 80.77 80.77 80.80 87.08 79.96
69.05 -.9900E-19 -.9900E-19 -.9900E-19 -.9900E-19 -.9900E-19 -.9900E-19 -.9900E-19 -.9900E-19 -.9900E-19 -.9900E-19 -.9900E-19 -.9900E-19 -.9900E-19 -.9900E-19 -.9900E-19 -.9900E-19 -.9900E-19 -.9900E-19 -.9900E-19 -.9900E-19 -.9900E-19 -.9900E-19 -.9900E-19 -.9900E-19 -.9900E-19 67.93 68.86 68.86 68.05 72.04 68.05 68.05 67.20 98.15 79.93 83.64 68.20 68.20 72.29 68.20 67.32 67.30 67.30 67.30 67.64 72.83 67.66 65.48 80.36 77.71 77.71 77.71 78.70 78.70 78.70 78.70 80.77 87.66 80.77 80.80 79.96 79.96
77.03 74.37 116.0 -.9900E-19 -.9900E-19 -.9900E-19 -.9900E-19 -.9900E-19 -.9900E-19 -.9900E-19 -.9900E-19 -.9900E-19 -.9900E-19 -.9900E-19 -.9900E-19 -.9900E-19 -.9900E-19 -.9900E-19 -.9900E-19 -.9900E-19 -.9900E-19 -.9900E-19 -.9900E-19 -.9900E-19 -.9900E-19 -.9900E-19 68.86 68.86 68.86 68.05 68.05 68.05 68.05 67.20 98.77 91.32 84.14 80.47 68.20 68.20 68.20 67.30 67.32 67.30 72.10 67.64 67.64 65.77 65.48 65.48 77.71 77.71 77.73 85.25 78.70 78.70 78.70 87.57 87.44 80.77 80.80 79.98 79.98
86.70 79.69 66.39 127.0 78.98 -.9900E-19 -.9900E-19 -.9900E-19 -.9900E-19 -.9900E-19 -.9900E-19 -.9900E-19 -.9900E-19 -.9900E-19 -.9900E-19 -.9900E-19 -.9900E-19 -.9900E-19 -.9900E-19 -.9900E-19 -.9900E-19 -.9900E-19 -.9900E-19 -.9900E-19 -.9900E-19 -.9900E-19 69.17 69.17 69.17 68.36 68.36 68.36 68.36 67.35 67.35 67.35 80.14 80.71 68.60 68.60 72.16 67.08 67.10 71.88 79.39 72.55 69.42 65.77 65.77 65.77 72.56 76.71 76.74 77.25 77.25 84.84 84.84 79.59 79.59 79.61 79.61 79.52 79.52
116.5 80.99 25.52 68.23 62.91 145.5 70.66 -.9900E-19 -.9900E-19 -.9900E-19 -.9900E-19 -.9900E-19 -.9900E-19 68.61 -.9900E-19 -.9900E-19 -.9900E-19 -.9900E-19 -.9900E-19 -.9900E-19 -.9900E-19 -.9900E-19 -.9900E-19 -.9900E-19 -.9900E-19 -.9900E-19 .000 67.93 73.30 68.36 68.36 68.36 68.36 67.35 67.35 67.35 67.35 68.60 73.57 68.60 68.60 67.08 67.10 67.10 67.10 72.67 67.37 42.04 42.04 67.42 67.40 67.40 76.74 77.25 89.56 77.25 77.25 86.55 79.61 79.61 79.61 79.52 79.49
126.9 68.98 90.76 78.45 84.90 70.36 70.36 81.23 39.10 .000 -.9900E-19 74.78 68.89 69.23 -.9900E-19 -.9900E-19 -.9900E-19 -.9900E-19 -.9900E-19 -.9900E-19 -.9900E-19 -.9900E-19 -.9900E-19 -.9900E-19 -.9900E-19 -.9900E-19 -.9900E-19 71.83 71.83 68.36 68.36 68.36 68.36 67.35 67.35 67.35 67.35 68.60 68.60 68.60 68.60 67.08 67.10 67.10 67.10 67.37 67.35 67.35 67.35 67.40 72.56 67.40 67.42 77.25 77.25 77.25 77.27 86.55 86.69 79.61 79.61 79.52 79.52
84.20 84.90 89.56 84.90 70.81 70.36 70.36 80.71 73.40 68.89 68.89 68.89 68.89 69.23 -.9900E-19 -.9900E-19 -.9900E-19 -.9900E-19 -.9900E-19 -.9900E-19 -.9900E-19 -.9900E-19 -.9900E-19 -.9900E-19 -.9900E-19 -.9900E-19 -.9900E-19 74.49 71.83 68.36 68.36 68.36 68.36 67.35 67.35 67.35 67.35 68.60 68.60 68.60 68.60 67.08 67.10 67.10 71.45 71.88 67.35 67.35 67.35 67.42 67.40 67.40 67.42 67.04 77.27 77.27 77.27 79.61 79.61 79.59 79.59 79.49 79.52
83.94 84.34 92.36 70.38 70.38 69.64 69.64 75.57 69.64 68.84 68.84 68.84 68.84 70.10 -.9900E-19 -.9900E-19 -.9900E-19 -.9900E-19 -.9900E-19 -.9900E-19 -.9900E-19 -.9900E-19 -.9900E-19 -.9900E-19 -.9900E-19 -.9900E-19 -.9900E-19 -.9900E-19 74.37 69.55 69.55 69.55 69.55 68.89 68.89 68.89 68.89 67.36 67.36 67.36 67.36 67.39 67.41 67.41 67.41 70.93 66.60 72.78 66.62 67.15 67.15 67.15 67.15 67.67 67.67 77.97 77.97 80.69 80.71 80.69 80.69 80.80 80.80
90.16 84.34 84.34 70.38 70.38 69.64 69.64 69.64 69.64 68.84 74.73 68.84 68.84 70.10 .000 -.9900E-19 -.9900E-19 -.9900E-19 -.9900E-19 -.9900E-19 -.9900E-19 -.9900E-19 -.9900E-19 -.9900E-19 -.9900E-19 -.9900E-19 -.9900E-19 -.9900E-19 31.78 78.54 67.90 67.90 67.90 68.89 68.89 68.89 68.89 67.36 67.36 67.36 67.36 67.39 67.41 67.41 67.39 70.91 66.60 66.60 70.91 67.15 67.15 67.15 67.13 67.65 67.67 67.65 77.97 80.69 80.69 80.71 80.69 80.80 80.80
83.94 84.34 88.95 70.38 70.38 69.64 69.64 69.64 69.64 68.84 68.84 68.84 68.84 70.10 .000 -.9900E-19 -.9900E-19 -.9900E-19 -.9900E-19 -.9900E-19 -.9900E-19 -.9900E-19 -.9900E-19 -.9900E-19 -.9900E-19 -.9900E-19 -.9900E-19 -.9900E-19 78.94 128.9 79.43 73.20 67.90 73.16 68.89 68.89 68.89 74.85 67.36 67.36 67.36 67.39 67.41 67.41 67.41 66.60 66.60 66.60 66.62 67.15 67.15 67.15 67.13 67.65 67.65 67.65 67.65 80.69 80.69 80.69 80.69 80.80 80.80
83.94 84.34 70.38 70.38 70.38 69.64 69.64 69.64 69.64 82.01 82.01 82.01 82.01 73.18 -.9900E-19 -.9900E-19 -.9900E-19 -.9900E-19 -.9900E-19 -.9900E-19 -.9900E-19 -.9900E-19 -.9900E-19 -.9900E-19 -.9900E-19 -.9900E-19 -.9900E-19 -.9900E-19 138.0 100.6 66.21 69.55 69.55 68.89 73.24 68.89 75.96 67.36 67.36 67.36 67.36 67.39 67.39 67.41 67.41 73.58 66.60 66.62 66.62 67.13 67.13 67.13 67.13 67.65 67.65 67.65 67.65 70.11 80.69 80.69 80.69 80.80 80.80
