New_Model_Runs/6_FutureClimate_RCP45_out/SUM_of_RECHARGE.asc
NCOLS        700
NROWS        400
XLLCORNER     515000.000
YLLCORNER    8409000.000
CELLSIZE         50.000
NODATA_VALUE     -9999.    
[rows 252 to 279 of 400, columns 189 to 251 of 700]
85.13 85.13 85.13 94.44 87.79 87.79 94.49 87.69 87.69 87.69 87.69 87.49 104.0 104.0 104.0 103.8 103.8 103.8 103.8 100.3 67.43 67.43 67.43 67.43 89.21 91.87 89.21 101.0 101.0 101.0 102.3 102.6 96.03 98.69 98.69 84.63 81.97 124.7 79.40 82.06 74.95 115.0 74.95 79.40 84.72 89.95 81.97 81.97 81.97 81.97 81.97 52.91 70.99 70.99 70.19 92.82 94.25 94.25 135.5 92.82 49.49 92.20 137.0
85.13 85.13 85.13 93.90 87.79 94.51 87.79 87.69 87.69 87.69 87.69 87.49 104.0 104.0 104.0 103.8 103.8 103.8 103.8 100.3 116.0 67.43 84.99 84.99 100.8 103.4 94.93 101.0 101.0 96.91 96.91 96.91 98.05 92.91 104.9 86.73 86.73 81.97 133.8 124.8 68.27 124.8 87.29 84.63 92.61 84.63 83.09 81.97 81.97 81.97 86.68 70.99 72.41 60.58 62.01 60.58 103.3 137.0 103.3 137.0 93.56 49.49 49.49
85.13 85.13 85.13 87.79 87.79 87.79 87.79 87.69 87.69 87.69 87.69 87.49 104.0 104.0 104.0 103.8 103.8 103.8 109.0 100.3 116.0 67.43 67.43 100.8 100.8 100.8 100.8 101.0 101.0 94.93 96.91 98.05 96.03 96.03 96.03 89.39 119.5 114.2 77.61 70.11 82.06 131.0 85.59 89.95 92.61 82.93 85.75 84.63 81.97 81.97 81.97 72.41 72.41 60.58 60.58 71.87 60.58 60.58 60.58 135.1 92.82 92.82 49.49
85.13 85.13 85.13 87.79 87.79 87.79 87.79 87.69 87.69 87.69 87.69 104.0 104.0 104.0 104.0 103.8 103.8 109.0 103.8 100.3 100.3 67.43 67.43 94.93 100.8 100.8 100.8 101.0 94.93 94.93 94.93 98.05 98.05 96.03 122.5 119.5 119.5 116.9 72.29 20.24 72.77 73.60 123.0 131.0 125.7 70.93 124.8 123.0 124.7 124.7 124.7 71.87 57.49 60.58 60.58 71.87 62.01 104.7 104.7 94.86 139.6 137.0 92.82
85.39 85.39 85.39 104.7 87.86 87.86 87.86 88.10 88.10 105.0 105.0 105.1 105.1 105.1 105.1 104.4 104.4 104.4 104.4 100.6 100.6 100.6 100.6 100.4 100.4 100.4 100.4 102.4 96.91 96.91 96.91 96.03 96.03 96.03 122.5 156.9 159.6 159.6 127.4 115.0 117.7 120.3 120.3 88.25 91.07 85.75 87.29 84.63 81.97 81.97 81.97 60.58 60.58 60.58 62.01 70.19 71.87 71.87 57.49 94.86 95.48 97.26 135.5
85.39 85.39 101.1 104.7 110.1 87.86 87.86 105.0 105.0 105.0 105.0 105.1 105.1 105.1 105.1 104.4 104.4 104.4 104.4 100.6 100.6 100.6 100.6 100.4 100.4 100.4 100.4 94.93 96.91 94.93 94.93 96.03 96.03 122.5 165.2 159.6 157.0 111.6 77.61 74.95 80.27 139.1 120.3 82.93 88.41 81.97 83.09 81.97 81.97 83.09 83.09 70.19 62.01 60.58 60.58 71.87 74.53 74.53 60.58 139.6 95.48 94.25 102.4
76.65 76.65 89.27 93.24 93.24 80.02 80.02 93.50 105.9 93.50 93.50 93.54 93.54 93.54 93.54 92.84 92.84 92.84 97.71 91.73 88.68 88.68 88.68 88.42 88.42 88.42 78.68 78.68 78.68 78.68 78.68 107.5 109.0 150.3 152.9 147.9 102.6 99.91 72.96 74.57 79.89 122.6 113.0 113.0 83.60 75.62 72.96 74.57 74.57 74.57 72.96 63.44 63.44 63.44 68.08 65.42 68.08 65.42 86.38 130.3 129.1 95.68 95.68
76.65 76.65 89.27 93.24 93.24 93.24 93.24 93.50 93.50 93.50 93.50 93.54 93.54 93.54 93.54 97.09 92.84 92.84 92.84 88.68 88.68 88.68 88.68 88.42 88.42 88.42 88.42 78.68 81.17 78.68 107.5 107.5 107.5 110.2 158.2 105.2 114.8 110.5 74.57 75.62 74.57 74.57 78.28 113.0 113.0 78.28 75.62 72.96 74.57 74.57 72.96 63.44 63.44 66.10 63.31 68.76 65.42 55.33 95.68 90.61 129.1 95.68 97.66
77.17 82.38 89.64 104.1 97.47 93.19 93.19 93.91 93.91 93.91 93.91 98.24 93.94 93.94 93.94 97.01 92.76 92.76 92.76 88.62 88.62 88.62 88.62 88.06 87.70 88.06 88.06 89.13 78.68 78.68 80.10 80.10 99.09 99.09 152.9 107.9 110.5 75.62 72.96 107.9 106.8 72.96 78.28 71.13 115.7 72.99 75.62 72.96 72.96 72.96 72.96 63.44 63.44 63.44 66.10 68.76 65.42 63.44 87.57 132.9 87.57 95.68 95.68
77.17 77.17 77.17 93.19 93.19 93.19 130.7 93.91 98.20 93.91 93.91 93.94 93.94 93.94 93.94 92.76 92.76 92.76 92.76 88.62 88.62 88.62 88.62 88.06 88.06 88.06 88.06 89.13 89.13 92.21 87.85 88.80 73.56 102.7 110.2 105.2 107.9 105.2 105.2 105.2 105.2 72.96 79.90 72.99 113.0 74.21 72.96 74.57 74.57 75.62 75.62 63.44 63.44 63.44 63.44 63.44 63.44 54.14 129.1 132.9 101.0 100.3 100.3
77.17 77.17 77.17 79.98 93.19 93.19 128.7 129.2 129.2 93.91 93.91 93.94 93.94 98.24 93.94 92.76 97.01 92.76 92.76 88.62 88.62 88.62 88.62 88.06 88.06 88.06 88.06 89.13 89.13 89.13 87.85 88.80 85.29 110.2 110.2 105.2 107.9 107.9 106.8 107.9 107.9 77.23 77.23 67.67 107.7 76.87 79.90 55.04 74.57 82.56 66.23 63.44 63.44 63.44 63.44 66.10 65.42 87.57 90.61 86.38 98.34 105.6 105.6
89.64 77.17 77.17 85.28 93.19 93.19 93.19 129.2 129.2 129.2 93.91 93.94 93.94 93.94 93.94 92.76 92.76 92.76 92.76 93.14 91.67 88.62 88.62 88.06 88.06 87.70 87.70 88.25 88.25 89.13 87.85 88.80 82.63 107.5 107.5 105.2 105.2 107.9 107.9 115.8 103.8 71.55 78.28 79.90 111.2 74.21 78.28 75.62 79.90 76.87 66.23 63.44 54.14 63.44 63.44 70.74 55.33 132.9 87.57 86.38 91.70 91.70 106.3
89.38 89.38 76.95 79.67 92.80 92.80 92.80 98.04 129.2 129.2 93.87 93.77 93.77 93.77 93.77 92.15 92.15 92.15 92.15 88.45 88.45 88.45 88.45 88.15 88.15 88.15 78.68 78.68 78.68 88.62 80.10 80.10 80.10 107.5 107.5 105.2 105.2 107.9 103.8 105.2 107.9 75.62 78.28 79.90 111.6 67.67 57.70 71.55 74.21 82.56 75.62 55.33 54.14 63.44 66.10 63.31 92.89 140.9 101.0 98.34 134.4 86.38 66.64
89.38 89.38 76.95 79.67 92.80 92.80 92.80 93.87 93.87 129.2 93.87 93.77 93.77 93.77 93.77 92.15 97.74 96.32 92.15 88.45 88.45 88.45 82.90 88.15 88.15 88.15 78.68 78.68 78.68 80.10 80.10 80.10 107.5 107.5 112.1 105.2 105.2 106.8 98.46 98.46 105.2 107.9 83.60 83.60 77.23 110.4 75.62 82.56 82.56 74.57 77.23 66.10 65.42 63.44 55.33 92.89 134.4 148.4 101.0 95.68 95.68 58.84 68.45
89.38 89.38 76.95 79.67 79.67 92.80 92.80 93.87 93.87 83.16 131.1 98.10 98.10 93.77 97.92 92.15 92.15 92.15 92.15 88.45 88.45 88.45 78.68 88.15 88.15 88.15 88.15 87.98 78.68 80.10 80.10 83.44 83.92 107.5 107.5 105.2 107.9 105.2 105.2 107.9 105.2 109.5 112.1 79.90 78.28 110.4 77.23 77.23 77.23 72.96 75.62 68.08 57.99 66.10 57.99 135.6 98.59 62.98 63.75 63.75 63.75 68.45 63.75
89.38 89.38 76.95 79.67 79.67 92.80 92.80 93.87 93.87 83.16 144.9 131.6 93.77 93.77 93.77 92.15 92.15 96.32 92.15 88.45 88.45 88.45 88.45 78.68 88.15 88.15 88.15 88.62 78.68 80.10 80.10 82.63 80.10 80.10 107.5 105.2 107.9 112.1 105.2 105.2 105.2 105.2 110.2 106.8 79.90 111.6 79.90 74.57 72.96 72.96 72.96 54.14 62.12 62.12 139.7 61.20 63.44 60.32 60.78 57.65 69.18 66.52 66.52
89.75 89.75 77.25 79.60 92.72 92.72 92.72 93.64 93.64 83.16 130.4 127.4 83.16 93.49 93.49 91.85 91.85 91.85 91.85 88.34 88.34 88.34 88.34 78.68 78.68 88.26 78.68 78.68 78.68 80.10 80.10 82.63 80.10 80.10 80.10 106.8 105.2 112.1 107.9 105.2 105.2 106.8 97.25 97.25 70.33 110.4 68.89 67.67 72.96 72.96 72.96 63.44 56.80 132.5 63.86 111.6 63.86 69.08 74.50 69.08 60.32 60.32 66.52
89.75 82.48 77.25 79.60 92.72 92.72 92.72 93.65 129.0 129.0 132.4 127.4 93.49 93.49 93.49 91.85 91.85 91.85 91.85 88.34 78.68 78.68 88.34 78.68 78.68 81.17 81.17 78.68 78.68 80.10 80.10 87.59 87.59 87.59 82.63 106.8 106.8 98.46 109.5 105.2 105.2 106.8 105.2 106.8 77.23 74.57 108.9 65.01 72.96 65.01 72.96 63.44 55.33 138.3 97.02 97.66 63.75 60.78 69.18 63.75 63.75 63.86 62.18
77.25 77.25 77.25 79.60 92.72 92.72 92.72 129.0 129.0 127.4 127.4 127.4 93.49 93.49 93.49 91.85 91.85 91.85 91.85 78.68 78.68 81.17 78.68 78.68 78.68 78.68 71.79 83.83 82.63 87.12 87.12 87.59 87.59 82.63 82.63 106.8 106.8 109.5 72.98 72.27 72.98 105.2 105.2 102.6 112.1 74.57 107.7 147.9 105.2 105.2 72.96 57.99 100.7 95.55 100.3 63.75 63.75 66.41 69.18 63.75 63.75 63.86 79.73
77.25 77.25 77.25 79.60 92.72 92.72 92.72 127.4 127.4 127.4 132.4 127.4 127.4 93.49 93.49 91.85 91.85 91.85 91.85 78.68 78.68 78.68 78.68 78.68 78.68 78.68 71.94 91.06 87.12 87.12 90.93 87.59 87.59 82.63 82.63 106.8 105.2 64.68 82.41 115.0 115.0 118.4 145.3 158.6 161.2 147.9 147.9 135.4 147.9 105.2 50.39 98.34 138.3 94.36 97.66 63.75 63.75 71.74 63.44 63.75 63.75 72.40 79.73
94.48 82.28 76.61 79.49 135.4 127.5 129.3 129.3 129.3 129.3 129.3 129.3 129.3 77.27 93.35 91.90 91.90 91.90 91.90 88.46 88.46 80.80 80.80 80.80 80.80 80.80 74.12 74.12 88.38 86.48 86.48 86.83 86.83 82.63 82.63 105.2 75.64 67.18 63.19 115.0 74.93 78.31 99.91 103.4 75.69 63.69 92.73 109.5 138.5 140.0 105.2 130.3 132.9 131.8 97.66 63.75 63.75 74.40 62.98 55.46 63.75 70.01 79.43
96.49 96.49 126.3 122.2 148.8 172.0 172.0 129.3 129.3 134.4 129.3 129.3 129.3 129.3 84.83 84.83 87.20 91.90 91.90 88.46 88.46 80.80 83.23 84.62 83.23 83.46 91.75 93.71 88.38 88.38 90.23 86.83 80.10 80.10 86.83 77.55 109.2 62.02 66.47 75.64 67.03 66.47 64.37 67.03 59.72 102.6 106.8 107.9 107.8 138.5 93.10 93.27 92.89 89.04 100.8 100.8 106.5 109.1 103.5 97.71 69.44 70.01 77.16
120.8 120.0 72.12 137.3 137.3 137.3 160.3 160.3 117.5 117.5 117.5 117.5 117.5 121.9 79.32 75.09 83.31 83.31 82.42 79.92 70.77 70.77 73.25 70.77 70.77 76.25 69.38 76.10 74.89 80.20 70.77 78.46 78.46 70.89 70.89 76.68 108.8 65.37 65.37 59.33 59.81 68.23 65.57 65.37 59.81 59.33 65.37 86.17 91.13 91.13 93.79 51.72 91.96 61.04 58.38 98.03 52.65 58.38 61.04 52.65 89.60 76.85 69.88
120.8 135.3 135.3 137.3 137.3 137.3 137.3 160.3 168.1 117.5 117.5 117.5 121.6 107.8 124.2 83.31 72.61 83.31 83.31 80.27 80.27 70.77 70.77 70.77 70.77 70.77 113.5 70.77 76.10 70.77 73.25 70.77 78.46 73.47 78.46 76.68 79.34 108.1 68.03 59.81 57.15 65.57 65.37 65.37 59.33 57.15 59.81 102.5 105.2 26.59 26.59 57.56 60.82 58.38 58.38 100.9 103.5 58.16 58.16 58.16 64.56 64.56 103.5
152.1 135.6 135.1 137.0 137.0 137.0 137.0 117.5 160.3 117.5 117.5 117.5 117.5 120.2 109.3 75.09 83.02 82.27 83.02 79.91 82.64 70.77 70.77 70.77 70.77 79.48 79.48 109.4 70.09 75.91 70.77 70.77 79.95 70.77 70.89 76.39 71.68 99.87 65.37 65.37 65.57 65.57 65.57 67.80 72.64 67.80 102.5 105.2 26.59 73.12 73.55 63.48 49.99 58.38 58.38 60.82 58.33 60.82 58.16 58.16 64.37 58.38 49.99
135.1 135.1 135.1 137.0 137.0 137.0 137.0 117.5 160.3 117.5 117.5 117.5 120.2 120.2 112.6 75.27 83.02 72.61 72.61 79.91 73.25 73.59 70.77 79.48 79.48 79.48 79.48 113.5 75.91 73.43 73.43 70.77 70.77 73.25 73.25 71.68 74.34 57.15 57.15 65.57 65.37 68.23 62.47 26.59 75.78 110.5 109.4 107.9 116.3 65.57 65.57 62.04 64.09 58.38 58.38 58.16 63.48 60.82 49.99 60.82 58.38 64.37 58.16
135.1 135.1 135.1 137.0 137.0 137.0 137.0 117.5 160.3 122.4 132.7 122.5 122.5 117.5 117.5 72.61 83.02 83.02 72.61 70.77 73.67 79.91 79.91 79.48 79.48 79.48 79.48 122.6 66.72 76.10 73.43 70.77 70.77 70.77 70.77 71.41 74.34 68.23 65.37 99.39 108.3 110.9 61.99 67.32 63.99 61.33 27.79 107.4 56.67 110.9 65.57 58.16 55.31 54.90 56.03 67.44 67.12 64.46 60.82 60.82 64.37 64.37 58.16
135.1 135.1 135.1 137.0 137.0 137.0 137.0 137.4 160.3 122.4 99.03 122.5 125.2 120.2 75.09 83.02 82.27 75.09 75.09 70.77 70.77 79.91 79.91 79.48 79.48 79.48 79.48 79.90 113.5 70.77 70.77 70.77 73.43 73.43 70.77 68.94 65.15 65.37 65.37 65.57 108.3 108.3 105.2 105.2 69.31 26.59 26.59 74.69 69.96 75.60 65.57 58.16 52.65 57.56 52.65 63.70 60.82 58.16 64.46 64.37 64.37 58.38 58.16
