New_Model_Runs/14_Future_RCP8.5_Scn1_out/SUM_of_RECHARGE.asc
NCOLS        700
NROWS        400
XLLCORNER     515000.000
YLLCORNER    8409000.000
CELLSIZE         50.000
NODATA_VALUE     -9999.    
[rows 84 to 111 of 400, columns 567 to 629 of 700]
-.9900E-19 -.9900E-19 -.9900E-19 -.9900E-19 -.9900E-19 -.9900E-19 -.9900E-19 -.9900E-19 -.9900E-19 -.9900E-19 -.9900E-19 -.9900E-19 -.9900E-19 -.9900E-19 -.9900E-19 -.9900E-19 -.9900E-19 -.9900E-19 -.9900E-19 -.9900E-19 -.9900E-19 -.9900E-19 -.9900E-19 -.9900E-19 -.9900E-19 -.9900E-19 -.9900E-19 -.9900E-19 -.9900E-19 -.9900E-19 -.9900E-19 -.9900E-19 -.9900E-19 -.9900E-19 -.9900E-19 -.9900E-19 -.9900E-19 -.9900E-19 -.9900E-19 -.9900E-19 -.9900E-19 -.9900E-19 -.9900E-19 69.88 112.0 117.6 111.5 111.5 68.72 69.12 69.12 75.97 5.215 .000 -.9900E-19 -.9900E-19 -.9900E-19 -.9900E-19 -.9900E-19 -.9900E-19 -.9900E-19 -.9900E-19 .000
-.9900E-19 -.9900E-19 -.9900E-19 -.9900E-19 -.9900E-19 -.9900E-19 -.9900E-19 -.9900E-19 -.9900E-19 -.9900E-19 -.9900E-19 -.9900E-19 -.9900E-19 -.9900E-19 -.9900E-19 -.9900E-19 -.9900E-19 -.9900E-19 -.9900E-19 -.9900E-19 -.9900E-19 -.9900E-19 -.9900E-19 -.9900E-19 -.9900E-19 -.9900E-19 -.9900E-19 -.9900E-19 -.9900E-19 -.9900E-19 -.9900E-19 -.9900E-19 -.9900E-19 -.9900E-19 -.9900E-19 -.9900E-19 -.9900E-19 -.9900E-19 -.9900E-19 -.9900E-19 -.9900E-19 -.9900E-19 76.05 112.0 112.5 68.74 68.74 111.5 95.64 111.9 69.14 69.88 121.3 117.0 111.8 111.8 111.8 99.13 99.13 99.13 103.2 108.4 108.4
-.9900E-19 -.9900E-19 -.9900E-19 -.9900E-19 -.9900E-19 -.9900E-19 -.9900E-19 -.9900E-19 -.9900E-19 -.9900E-19 -.9900E-19 -.9900E-19 -.9900E-19 -.9900E-19 -.9900E-19 -.9900E-19 -.9900E-19 -.9900E-19 -.9900E-19 -.9900E-19 -.9900E-19 -.9900E-19 -.9900E-19 -.9900E-19 -.9900E-19 -.9900E-19 -.9900E-19 -.9900E-19 -.9900E-19 -.9900E-19 -.9900E-19 -.9900E-19 -.9900E-19 -.9900E-19 -.9900E-19 -.9900E-19 -.9900E-19 -.9900E-19 -.9900E-19 -.9900E-19 -.9900E-19 57.04 125.1 69.77 69.77 68.72 68.74 68.74 69.32 95.93 112.7 103.0 69.12 69.12 69.12 69.12 75.29 69.83 78.63 38.30 79.92 82.23 108.4
-.9900E-19 -.9900E-19 -.9900E-19 -.9900E-19 -.9900E-19 -.9900E-19 -.9900E-19 -.9900E-19 -.9900E-19 -.9900E-19 -.9900E-19 -.9900E-19 -.9900E-19 -.9900E-19 -.9900E-19 -.9900E-19 -.9900E-19 -.9900E-19 -.9900E-19 -.9900E-19 -.9900E-19 -.9900E-19 -.9900E-19 -.9900E-19 -.9900E-19 -.9900E-19 -.9900E-19 -.9900E-19 -.9900E-19 -.9900E-19 -.9900E-19 -.9900E-19 -.9900E-19 -.9900E-19 -.9900E-19 -.9900E-19 -.9900E-19 -.9900E-19 -.9900E-19 42.72 147.8 118.8 69.77 76.08 69.77 68.72 68.74 68.74 74.78 121.7 95.93 75.00 69.12 69.12 69.12 69.12 69.12 76.03 69.83 69.83 82.92 73.14 108.4
-.9900E-19 -.9900E-19 -.9900E-19 -.9900E-19 -.9900E-19 -.9900E-19 -.9900E-19 -.9900E-19 -.9900E-19 -.9900E-19 -.9900E-19 -.9900E-19 -.9900E-19 -.9900E-19 -.9900E-19 -.9900E-19 -.9900E-19 -.9900E-19 -.9900E-19 -.9900E-19 -.9900E-19 -.9900E-19 -.9900E-19 -.9900E-19 -.9900E-19 -.9900E-19 -.9900E-19 -.9900E-19 -.9900E-19 -.9900E-19 -.9900E-19 -.9900E-19 -.9900E-19 -.9900E-19 -.9900E-19 -.9900E-19 -.9900E-19 -.9900E-19 -.9900E-19 89.10 75.95 69.41 69.41 69.41 69.41 68.38 68.38 68.38 68.35 68.48 77.25 68.50 74.92 74.91 68.46 68.46 68.46 70.04 70.04 70.04 73.14 72.48 61.62
-.9900E-19 -.9900E-19 -.9900E-19 -.9900E-19 -.9900E-19 -.9900E-19 -.9900E-19 -.9900E-19 -.9900E-19 -.9900E-19 -.9900E-19 -.9900E-19 -.9900E-19 -.9900E-19 -.9900E-19 -.9900E-19 -.9900E-19 -.9900E-19 -.9900E-19 -.9900E-19 -.9900E-19 -.9900E-19 -.9900E-19 -.9900E-19 -.9900E-19 -.9900E-19 -.9900E-19 -.9900E-19 -.9900E-19 -.9900E-19 -.9900E-19 -.9900E-19 -.9900E-19 -.9900E-19 -.9900E-19 -.9900E-19 -.9900E-19 -.9900E-19 137.7 93.43 89.10 69.41 69.41 69.41 77.40 74.79 68.38 68.38 68.35 68.48 68.50 68.50 68.50 68.48 68.46 68.46 68.46 70.04 70.04 70.04 79.14 77.01 72.48
-.9900E-19 -.9900E-19 -.9900E-19 -.9900E-19 -.9900E-19 -.9900E-19 -.9900E-19 -.9900E-19 -.9900E-19 -.9900E-19 -.9900E-19 -.9900E-19 -.9900E-19 -.9900E-19 -.9900E-19 -.9900E-19 -.9900E-19 -.9900E-19 -.9900E-19 -.9900E-19 -.9900E-19 -.9900E-19 -.9900E-19 -.9900E-19 -.9900E-19 -.9900E-19 -.9900E-19 -.9900E-19 -.9900E-19 43.87 .000 -.9900E-19 -.9900E-19 -.9900E-19 -.9900E-19 -.9900E-19 -.9900E-19 -.9900E-19 137.0 89.10 89.10 81.81 69.41 69.41 69.41 74.76 68.35 68.38 68.38 68.48 68.48 68.48 68.50 74.91 68.48 68.48 68.46 70.06 70.04 72.48 77.01 73.14 73.14
-.9900E-19 -.9900E-19 -.9900E-19 -.9900E-19 -.9900E-19 -.9900E-19 -.9900E-19 -.9900E-19 -.9900E-19 -.9900E-19 -.9900E-19 -.9900E-19 -.9900E-19 -.9900E-19 -.9900E-19 -.9900E-19 -.9900E-19 -.9900E-19 -.9900E-19 -.9900E-19 -.9900E-19 -.9900E-19 -.9900E-19 -.9900E-19 -.9900E-19 -.9900E-19 -.9900E-19 -.9900E-19 -.9900E-19 63.82 65.54 69.66 -.9900E-19 -.9900E-19 -.9900E-19 -.9900E-19 -.9900E-19 80.56 90.01 89.10 89.10 81.81 69.41 69.41 79.36 68.35 68.35 68.38 68.38 68.48 68.48 74.89 68.50 68.46 68.46 68.46 68.46 77.01 73.14 73.14 73.14 73.14 73.14
-.9900E-19 -.9900E-19 -.9900E-19 -.9900E-19 -.9900E-19 -.9900E-19 -.9900E-19 -.9900E-19 -.9900E-19 -.9900E-19 -.9900E-19 -.9900E-19 -.9900E-19 -.9900E-19 -.9900E-19 -.9900E-19 -.9900E-19 -.9900E-19 -.9900E-19 -.9900E-19 -.9900E-19 -.9900E-19 -.9900E-19 -.9900E-19 -.9900E-19 -.9900E-19 -.9900E-19 -.9900E-19 -.9900E-19 65.55 65.55 65.55 65.55 62.40 47.93 132.7 89.54 52.03 41.60 88.00 93.05 81.75 69.36 69.36 69.36 68.24 74.65 68.26 68.26 68.42 68.42 68.40 68.40 69.75 69.75 69.75 74.06 77.01 77.01 73.14 73.14 79.14 73.14
-.9900E-19 -.9900E-19 -.9900E-19 -.9900E-19 -.9900E-19 -.9900E-19 -.9900E-19 -.9900E-19 -.9900E-19 -.9900E-19 -.9900E-19 -.9900E-19 -.9900E-19 -.9900E-19 -.9900E-19 -.9900E-19 -.9900E-19 -.9900E-19 -.9900E-19 -.9900E-19 -.9900E-19 -.9900E-19 -.9900E-19 -.9900E-19 -.9900E-19 -.9900E-19 -.9900E-19 -.9900E-19 -.9900E-19 65.55 65.55 65.55 69.66 80.17 107.7 107.4 95.22 84.79 82.43 74.08 75.30 81.75 69.36 69.36 69.36 68.24 68.24 68.26 68.26 68.42 68.40 68.40 68.40 69.75 69.75 69.89 76.05 79.14 82.94 79.14 73.14 79.14 115.2
-.9900E-19 -.9900E-19 -.9900E-19 -.9900E-19 -.9900E-19 -.9900E-19 -.9900E-19 -.9900E-19 -.9900E-19 -.9900E-19 -.9900E-19 -.9900E-19 -.9900E-19 -.9900E-19 -.9900E-19 -.9900E-19 -.9900E-19 -.9900E-19 -.9900E-19 -.9900E-19 -.9900E-19 -.9900E-19 -.9900E-19 -.9900E-19 -.9900E-19 -.9900E-19 -.9900E-19 -.9900E-19 .000 69.89 65.55 74.79 64.53 84.51 84.51 72.79 74.08 74.08 72.79 74.08 75.30 68.43 69.36 69.36 69.36 68.24 68.24 68.24 68.26 68.40 68.40 68.40 68.40 69.89 69.89 69.75 69.32 73.14 73.14 81.57 77.01 115.2 115.2
-.9900E-19 -.9900E-19 -.9900E-19 -.9900E-19 -.9900E-19 -.9900E-19 -.9900E-19 -.9900E-19 -.9900E-19 -.9900E-19 -.9900E-19 -.9900E-19 -.9900E-19 -.9900E-19 -.9900E-19 -.9900E-19 -.9900E-19 -.9900E-19 -.9900E-19 -.9900E-19 -.9900E-19 -.9900E-19 -.9900E-19 -.9900E-19 -.9900E-19 -.9900E-19 -.9900E-19 -.9900E-19 69.54 65.55 69.66 69.57 78.00 75.68 72.79 72.79 77.26 75.30 75.30 75.30 69.18 62.52 73.16 75.56 69.36 68.24 68.24 68.24 68.26 68.42 68.40 68.40 68.40 69.89 69.89 69.89 69.32 73.14 73.14 73.14 76.01 73.14 73.14
-.9900E-19 -.9900E-19 -.9900E-19 -.9900E-19 -.9900E-19 -.9900E-19 -.9900E-19 -.9900E-19 -.9900E-19 -.9900E-19 -.9900E-19 -.9900E-19 -.9900E-19 -.9900E-19 -.9900E-19 -.9900E-19 -.9900E-19 -.9900E-19 -.9900E-19 -.9900E-19 -.9900E-19 -.9900E-19 -.9900E-19 -.9900E-19 -.9900E-19 -.9900E-19 -.9900E-19 65.71 65.71 65.28 69.57 69.57 72.79 80.80 72.79 64.95 64.95 64.52 64.52 64.52 64.52 58.70 58.70 58.70 69.18 74.63 68.23 68.23 68.26 70.03 69.22 69.89 69.22 70.47 70.47 69.89 69.89 79.45 73.14 73.14 73.14 73.14 73.14
-.9900E-19 -.9900E-19 -.9900E-19 -.9900E-19 -.9900E-19 -.9900E-19 -.9900E-19 -.9900E-19 -.9900E-19 -.9900E-19 -.9900E-19 -.9900E-19 -.9900E-19 -.9900E-19 -.9900E-19 -.9900E-19 -.9900E-19 -.9900E-19 -.9900E-19 -.9900E-19 -.9900E-19 -.9900E-19 -.9900E-19 -.9900E-19 -.9900E-19 -.9900E-19 65.71 65.71 65.71 65.28 69.57 72.79 72.79 72.79 72.79 69.57 64.95 64.52 64.52 64.52 71.74 58.70 58.70 58.70 58.70 68.23 68.23 68.23 70.03 70.03 69.89 69.89 69.22 70.47 81.52 76.31 69.89 73.14 73.14 73.26 71.50 70.96 70.96
-.9900E-19 -.9900E-19 -.9900E-19 -.9900E-19 -.9900E-19 -.9900E-19 -.9900E-19 -.9900E-19 -.9900E-19 -.9900E-19 -.9900E-19 -.9900E-19 -.9900E-19 -.9900E-19 -.9900E-19 -.9900E-19 -.9900E-19 -.9900E-19 -.9900E-19 -.9900E-19 -.9900E-19 -.9900E-19 -.9900E-19 -.9900E-19 -.9900E-19 -.9900E-19 62.82 62.82 62.82 62.52 59.21 59.21 63.22 66.55 63.22 63.22 66.88 61.75 61.75 61.75 66.48 64.14 59.57 59.57 59.57 59.34 69.83 69.83 71.79 71.79 71.64 71.64 70.83 72.25 71.64 71.64 77.99 76.43 76.43 76.54 74.34 80.00 73.65
-.9900E-19 -.9900E-19 -.9900E-19 -.9900E-19 -.9900E-19 -.9900E-19 -.9900E-19 -.9900E-19 -.9900E-19 -.9900E-19 -.9900E-19 -.9900E-19 -.9900E-19 -.9900E-19 -.9900E-19 -.9900E-19 -.9900E-19 -.9900E-19 -.9900E-19 -.9900E-19 -.9900E-19 -.9900E-19 -.9900E-19 -.9900E-19 -.9900E-19 -.9900E-19 62.82 62.82 62.82 59.66 59.21 59.21 63.22 63.22 63.22 72.89 72.89 66.48 61.75 61.77 61.77 59.57 66.50 64.14 59.57 59.34 59.34 76.43 71.79 71.64 71.64 70.83 70.83 72.25 71.64 71.64 71.64 76.43 74.32 74.32 74.32 73.65 73.65
-.9900E-19 -.9900E-19 -.9900E-19 -.9900E-19 -.9900E-19 -.9900E-19 -.9900E-19 -.9900E-19 -.9900E-19 -.9900E-19 -.9900E-19 -.9900E-19 -.9900E-19 -.9900E-19 -.9900E-19 -.9900E-19 -.9900E-19 -.9900E-19 -.9900E-19 -.9900E-19 -.9900E-19 -.9900E-19 -.9900E-19 -.9900E-19 -.9900E-19 -.9900E-19 59.66 63.12 63.12 63.43 59.21 59.66 59.21 63.22 77.03 72.08 72.08 71.56 61.25 61.28 61.28 59.65 59.65 64.24 59.65 59.77 59.77 70.31 71.79 71.79 71.64 81.37 77.58 71.66 71.64 71.64 71.64 73.46 73.46 79.80 79.80 79.82 72.69
-.9900E-19 -.9900E-19 -.9900E-19 -.9900E-19 -.9900E-19 -.9900E-19 -.9900E-19 -.9900E-19 -.9900E-19 -.9900E-19 -.9900E-19 -.9900E-19 -.9900E-19 -.9900E-19 -.9900E-19 -.9900E-19 -.9900E-19 -.9900E-19 -.9900E-19 -.9900E-19 -.9900E-19 -.9900E-19 -.9900E-19 -.9900E-19 -.9900E-19 -.9900E-19 59.66 59.66 63.12 62.37 59.66 62.37 59.66 59.21 75.64 72.97 59.66 61.25 61.25 61.25 61.28 59.67 64.24 68.76 59.65 59.77 63.56 59.77 71.79 71.79 71.02 71.02 71.02 71.66 71.64 71.64 71.64 73.46 73.46 73.46 73.48 79.82 72.69
71.64 -.9900E-19 -.9900E-19 -.9900E-19 -.9900E-19 -.9900E-19 -.9900E-19 -.9900E-19 -.9900E-19 -.9900E-19 -.9900E-19 -.9900E-19 -.9900E-19 -.9900E-19 -.9900E-19 -.9900E-19 -.9900E-19 -.9900E-19 -.9900E-19 -.9900E-19 -.9900E-19 -.9900E-19 -.9900E-19 -.9900E-19 -.9900E-19 -.9900E-19 59.21 63.12 63.12 62.37 67.16 62.37 62.37 61.54 83.51 64.82 75.27 61.25 61.25 65.65 61.25 59.67 59.65 59.65 59.65 59.77 61.48 57.78 57.47 71.64 71.02 71.02 71.02 71.66 71.64 71.64 71.64 73.46 79.80 73.46 73.48 72.69 72.69
87.28 82.07 109.6 -.9900E-19 -.9900E-19 -.9900E-19 -.9900E-19 -.9900E-19 -.9900E-19 -.9900E-19 -.9900E-19 -.9900E-19 -.9900E-19 -.9900E-19 -.9900E-19 -.9900E-19 -.9900E-19 -.9900E-19 -.9900E-19 -.9900E-19 -.9900E-19 -.9900E-19 -.9900E-19 -.9900E-19 -.9900E-19 -.9900E-19 63.12 63.12 63.12 62.37 62.37 62.37 62.37 61.54 84.13 74.84 75.42 71.56 61.25 61.25 61.25 59.65 59.67 59.65 64.24 59.77 57.47 57.78 57.47 57.47 71.02 71.02 71.04 77.61 71.66 71.66 71.66 79.81 79.63 73.46 73.48 72.72 72.72
77.98 92.50 66.42 114.8 68.22 -.9900E-19 -.9900E-19 -.9900E-19 -.9900E-19 -.9900E-19 -.9900E-19 -.9900E-19 -.9900E-19 -.9900E-19 -.9900E-19 -.9900E-19 -.9900E-19 -.9900E-19 -.9900E-19 -.9900E-19 -.9900E-19 -.9900E-19 -.9900E-19 -.9900E-19 -.9900E-19 -.9900E-19 63.42 63.42 63.42 62.78 62.78 62.78 62.78 61.70 61.70 61.70 72.28 71.48 61.19 61.19 65.58 59.45 59.47 64.04 72.00 62.46 62.37 57.78 57.78 57.78 63.32 70.06 70.08 70.58 70.58 77.17 77.17 72.35 72.35 72.37 72.37 72.28 72.28
109.3 71.46 30.82 73.54 63.11 111.8 68.22 -.9900E-19 -.9900E-19 -.9900E-19 -.9900E-19 -.9900E-19 -.9900E-19 .000 -.9900E-19 -.9900E-19 -.9900E-19 -.9900E-19 -.9900E-19 -.9900E-19 -.9900E-19 -.9900E-19 -.9900E-19 -.9900E-19 -.9900E-19 -.9900E-19 .000 59.21 68.34 62.78 62.78 62.78 62.78 61.70 61.70 61.70 61.70 61.19 70.10 61.19 61.19 59.45 59.47 59.47 59.47 63.50 59.53 37.54 37.54 57.78 59.55 59.55 70.09 70.58 80.79 70.58 70.58 79.25 72.37 72.37 72.37 72.28 72.26
118.1 62.92 84.42 70.43 75.92 64.27 64.27 60.58 57.56 .000 -.9900E-19 67.97 63.22 63.56 -.9900E-19 -.9900E-19 -.9900E-19 -.9900E-19 -.9900E-19 -.9900E-19 -.9900E-19 -.9900E-19 -.9900E-19 -.9900E-19 -.9900E-19 -.9900E-19 -.9900E-19 68.63 68.63 62.78 62.78 62.78 62.78 61.70 61.70 61.70 61.70 61.19 61.19 61.19 61.19 59.45 59.47 59.47 59.47 59.53 59.50 37.23 59.50 59.55 63.32 59.55 59.57 70.58 70.58 70.58 70.60 79.25 79.46 72.37 72.37 72.28 72.28
75.37 75.92 79.00 75.92 64.48 64.27 64.27 70.06 66.23 63.22 63.22 63.22 63.22 63.56 -.9900E-19 -.9900E-19 -.9900E-19 -.9900E-19 -.9900E-19 -.9900E-19 -.9900E-19 -.9900E-19 -.9900E-19 -.9900E-19 -.9900E-19 -.9900E-19 -.9900E-19 73.85 68.63 62.78 62.78 62.78 62.78 61.70 61.70 61.70 61.70 61.19 61.19 61.19 61.19 59.45 59.47 59.47 63.74 63.04 59.50 59.50 59.50 59.57 59.55 59.55 59.57 59.60 70.60 70.60 70.60 72.37 72.37 72.35 72.35 72.26 72.28
75.12 75.52 81.47 64.30 64.30 63.34 63.34 68.16 63.34 63.18 63.18 63.18 63.18 64.26 -.9900E-19 -.9900E-19 -.9900E-19 -.9900E-19 -.9900E-19 -.9900E-19 -.9900E-19 -.9900E-19 -.9900E-19 -.9900E-19 -.9900E-19 -.9900E-19 -.9900E-19 -.9900E-19 73.74 63.74 63.74 63.74 63.74 63.15 63.15 63.15 63.15 61.71 61.71 61.71 61.71 59.11 59.14 59.14 59.14 61.87 58.10 64.07 58.13 59.32 59.32 59.32 59.32 60.00 60.00 70.96 70.96 73.38 73.41 73.38 73.38 73.49 73.49
79.34 75.52 75.52 64.30 64.30 63.34 63.34 63.34 63.34 63.18 67.92 63.18 63.18 64.26 .000 -.9900E-19 -.9900E-19 -.9900E-19 -.9900E-19 -.9900E-19 -.9900E-19 -.9900E-19 -.9900E-19 -.9900E-19 -.9900E-19 -.9900E-19 -.9900E-19 -.9900E-19 33.66 66.41 59.66 59.66 59.66 63.15 63.15 63.15 63.15 61.71 61.71 61.71 61.71 59.11 59.14 59.14 59.11 61.85 58.10 58.10 61.85 59.32 59.32 59.32 59.29 59.98 60.00 59.98 70.96 73.38 73.38 73.41 73.38 73.49 73.49
75.12 75.52 78.37 64.30 64.30 63.34 63.34 63.34 63.34 63.18 63.18 63.18 63.18 64.26 .000 -.9900E-19 -.9900E-19 -.9900E-19 -.9900E-19 -.9900E-19 -.9900E-19 -.9900E-19 -.9900E-19 -.9900E-19 -.9900E-19 -.9900E-19 -.9900E-19 -.9900E-19 92.02 139.3 75.07 57.55 59.66 67.67 63.15 63.15 63.15 71.08 61.71 61.71 61.71 59.11 59.14 59.14 59.14 58.10 58.10 58.10 58.13 59.32 59.32 59.32 59.29 59.98 59.98 59.98 59.98 73.38 73.38 73.38 73.38 73.49 73.49
75.12 75.52 64.30 64.30 64.30 63.34 63.34 63.34 63.34 74.01 74.01 74.01 74.01 66.85 -.9900E-19 -.9900E-19 -.9900E-19 -.9900E-19 -.9900E-19 -.9900E-19 -.9900E-19 -.9900E-19 -.9900E-19 -.9900E-19 -.9900E-19 -.9900E-19 -.9900E-19 -.9900E-19 134.0 101.8 62.70 63.74 63.74 63.15 68.35 63.15 72.18 61.71 61.71 61.71 61.71 59.11 59.11 59.14 59.14 65.98 58.10 58.13 58.13 59.29 59.29 59.29 59.29 59.98 59.98 59.98 59.98 62.32 73.38 73.38 73.38 73.49 73.49
