New_Model_Runs/15_Future_RCP8.5_Scn2_out/post_prcessed_no_MFR/net_infiltration_annual.asc
NCOLS 700
NROWS 400
XLLCENTER 515000.000000
YLLCENTER 8409000.000000
CELLSIZE 50.000000
NODATA_value -999.000000
[rows 180 to 215 of 400, columns 162 to 242 of 700]
56.12 56.14 56.15 56.17 56.18 56.19 58.07 58.08 58.10 0.00 0.00 0.00 0.00 0.00 0.00 0.00 0.00 0.00 0.00 0.00 0.00 29.29 59.87 0.00 0.00 0.00 0.00 0.00 0.00 0.00 0.00 0.00 0.00 62.38 61.72 61.73 61.75 61.77 60.92 60.94 60.96 60.97 64.11 60.84 60.86 60.88 62.72 62.74 62.75 62.77 71.06 71.08 78.53 71.12 0.00 0.00 0.00 0.00 0.00 67.20 63.67 63.69 68.50 63.15 63.18 63.20 0.00 0.00 0.00 0.00 0.00 0.00 0.00 0.00 0.00 0.00 0.00 0.00 0.00 0.00 65.50
56.16 56.17 56.18 56.20 56.21 56.22 58.10 58.11 58.13 0.00 0.00 0.00 0.00 0.00 0.00 0.00 27.06 27.10 0.00 0.00 0.00 59.84 59.90 0.00 0.00 0.00 0.00 0.00 60.11 60.13 62.36 62.38 18.79 62.41 61.75 61.77 66.45 61.80 60.96 60.98 61.00 61.01 60.87 60.88 60.90 60.92 62.76 62.78 62.79 70.11 71.10 63.66 67.24 63.70 71.54 78.65 78.67 0.00 64.39 63.69 63.71 63.74 63.17 66.68 63.22 63.24 63.83 0.00 0.00 0.00 0.00 0.00 0.00 0.00 0.00 0.00 0.00 0.00 0.00 77.05 62.65
56.19 59.53 56.21 56.23 59.57 56.25 58.13 61.54 58.16 0.00 0.00 0.00 0.00 0.00 0.00 0.00 60.17 60.18 0.00 59.85 59.86 59.88 59.93 66.41 0.00 0.00 0.00 66.70 60.14 60.16 62.40 62.42 65.60 62.45 61.79 61.81 61.82 64.87 61.00 61.02 61.03 61.05 64.16 60.92 60.94 60.96 62.80 62.82 62.84 70.15 63.68 67.26 63.72 63.74 66.48 71.60 66.54 67.50 66.02 63.73 63.76 63.78 63.22 63.24 63.26 63.29 63.87 0.00 0.00 0.00 0.00 0.00 0.00 0.00 0.00 0.00 0.00 0.00 65.53 65.55 62.69
56.22 56.23 56.25 56.26 56.27 56.29 58.16 58.18 58.19 0.00 0.00 0.00 0.00 0.00 0.00 0.00 60.20 60.21 59.86 59.88 63.45 59.91 59.97 66.45 66.46 66.48 66.71 66.73 60.18 59.04 62.43 62.45 65.56 62.49 61.83 61.84 61.86 61.88 64.32 61.05 61.07 61.09 67.63 60.96 60.98 61.00 62.84 62.86 62.88 62.90 63.72 63.74 63.76 63.78 71.62 66.57 72.95 67.76 63.75 63.78 63.80 63.82 63.26 63.28 63.30 63.33 63.92 0.00 0.00 0.00 0.00 0.00 0.00 0.00 0.00 0.00 0.00 68.25 65.57 65.59 62.73
56.15 56.17 57.29 57.30 57.32 57.33 58.83 58.85 58.86 0.00 0.00 0.00 0.00 0.00 0.00 0.00 60.40 60.42 59.86 59.87 59.89 59.91 59.96 66.43 66.45 66.47 66.68 60.14 60.16 60.17 62.43 62.44 62.46 62.48 61.80 61.82 61.84 61.86 61.11 61.12 61.14 61.16 61.18 61.20 61.22 61.24 63.16 63.18 63.20 63.22 63.73 63.75 63.77 63.79 71.72 71.74 71.76 64.25 67.31 63.79 67.35 63.83 63.39 63.41 63.43 63.46 64.35 0.00 0.00 0.00 0.00 0.00 0.00 0.00 0.00 64.96 65.55 65.11 65.58 62.72 62.74
56.18 56.20 57.32 57.34 57.35 57.36 58.86 58.88 58.89 0.00 0.00 0.00 0.00 0.00 0.00 0.00 60.43 60.45 59.89 59.91 59.92 59.94 59.99 66.47 66.48 66.50 66.71 66.73 60.19 60.21 62.46 62.48 62.50 62.51 61.84 61.86 61.88 61.90 61.14 61.16 61.18 61.20 61.22 61.24 61.26 61.28 63.20 63.22 63.24 63.26 63.78 63.80 63.82 63.84 71.77 71.79 78.47 64.30 63.81 63.83 63.85 67.35 63.43 63.45 63.48 63.50 64.39 0.00 0.00 0.00 0.00 0.00 0.00 0.00 64.97 65.00 69.84 65.17 65.62 62.76 65.81
56.21 56.23 57.35 57.37 57.38 57.39 58.90 58.91 64.91 61.19 0.00 0.00 0.00 0.00 0.00 60.45 60.46 60.48 59.92 59.94 59.96 59.97 63.58 60.04 72.65 66.53 68.05 66.76 60.22 60.24 62.50 62.51 62.53 62.55 61.88 61.90 61.91 61.93 61.18 61.20 61.22 61.24 64.54 61.28 61.30 61.32 63.24 63.26 63.28 66.81 63.82 63.84 63.86 63.88 71.81 71.83 73.14 71.87 63.85 63.87 63.89 63.92 63.47 63.50 63.52 63.54 64.44 67.88 0.00 0.00 0.00 0.00 0.00 0.00 71.74 65.04 68.49 65.08 66.28 62.80 65.85
56.25 56.26 57.38 62.83 62.84 57.43 58.93 58.94 64.94 61.23 65.60 0.00 0.00 59.96 67.11 60.48 64.41 60.51 59.95 59.97 59.99 60.01 60.06 60.08 66.55 66.57 72.98 64.05 60.26 60.28 62.53 62.55 65.59 62.59 61.91 61.93 61.95 61.97 64.52 64.53 61.26 61.28 61.30 61.32 61.34 61.36 63.28 63.30 63.32 66.85 63.86 63.88 63.90 63.92 67.85 67.93 71.89 71.91 63.89 63.91 63.94 63.96 63.52 63.54 63.56 63.58 64.48 64.50 64.52 0.00 0.00 0.00 0.00 64.90 65.05 65.08 65.10 65.12 62.81 62.54 62.86
56.96 56.97 64.52 64.54 64.55 64.56 59.65 59.66 66.80 61.70 61.72 61.74 66.89 61.79 67.08 60.47 60.48 60.50 63.53 63.54 59.98 60.00 60.14 60.16 66.48 67.71 60.30 60.32 60.34 60.36 62.56 62.58 62.60 62.62 61.97 61.99 62.01 62.03 61.35 61.37 61.39 61.41 61.42 61.44 61.46 61.48 63.06 63.08 63.10 63.12 63.63 63.65 63.67 63.69 64.36 64.38 64.40 71.96 64.24 64.27 64.29 64.31 63.63 63.65 63.67 63.69 64.20 64.22 64.25 0.00 0.00 0.00 0.00 64.95 64.96 64.99 64.89 64.91 62.87 62.90 65.95
56.99 57.00 64.56 64.57 64.58 64.60 65.81 65.82 66.85 61.75 61.76 65.87 67.09 65.90 67.11 67.13 67.15 60.53 59.98 59.99 60.01 60.03 60.17 60.19 60.21 72.45 66.73 60.35 60.37 60.39 62.59 65.64 65.66 65.58 62.01 62.03 62.05 62.07 61.39 61.41 61.43 61.45 61.46 64.77 61.50 61.52 63.10 63.12 66.63 63.16 63.67 63.69 63.71 63.74 64.40 68.02 64.45 72.00 64.29 64.31 64.33 64.35 63.67 63.69 63.71 63.74 64.24 67.81 64.29 0.00 0.00 0.00 0.00 64.99 64.89 64.91 64.93 64.95 62.91 62.93 62.96
57.02 57.03 64.59 64.60 64.61 64.63 65.84 60.17 66.89 66.91 66.93 60.25 67.12 65.94 67.15 67.16 60.55 60.56 63.59 60.03 60.04 60.06 60.20 60.22 60.24 60.26 60.37 68.25 64.11 60.43 62.63 62.65 62.67 65.62 62.04 62.06 62.08 62.10 64.72 61.45 61.47 61.49 61.49 61.51 61.53 61.56 63.14 63.16 63.18 63.20 63.71 63.73 63.76 63.78 64.44 64.47 64.49 72.04 64.33 64.35 64.37 67.87 63.71 63.73 63.75 63.78 64.28 64.31 64.33 71.81 67.76 67.79 69.68 65.18 65.07 64.95 64.97 61.38 62.95 62.97 62.99
57.05 57.07 64.62 64.63 64.64 64.66 60.20 65.88 67.10 61.84 60.27 60.29 60.32 65.97 67.18 60.56 60.58 60.59 60.04 63.63 60.07 60.09 60.24 63.64 60.27 60.29 60.40 60.42 60.44 60.46 62.66 62.68 62.70 62.72 62.08 62.10 62.12 62.14 61.46 68.18 61.50 61.52 61.53 64.84 64.82 61.59 63.18 63.20 63.22 63.24 63.75 63.77 63.80 63.82 64.48 64.51 64.53 72.08 67.94 64.39 64.41 64.44 63.75 63.77 63.79 63.82 64.32 64.35 64.37 64.39 72.58 72.60 72.62 65.06 65.12 64.98 65.00 61.42 62.99 63.01 67.80
58.52 58.53 59.54 65.64 65.65 59.99 60.36 66.56 66.04 61.94 60.10 65.76 65.78 65.79 60.34 60.35 60.37 60.39 59.92 63.50 59.95 59.97 60.19 60.21 60.22 60.24 60.35 60.37 60.39 60.41 62.56 62.58 62.60 62.62 65.14 62.19 62.21 62.23 61.61 61.63 61.65 61.67 61.32 64.60 61.36 61.38 62.68 66.14 66.16 62.75 63.63 63.65 63.67 63.69 64.75 64.77 72.37 72.40 68.75 68.12 64.56 70.97 63.53 63.56 63.58 63.60 63.83 67.35 63.87 63.90 64.85 67.67 72.43 72.45 65.08 65.10 61.52 61.54 62.81 62.83 65.86
58.55 58.56 59.57 59.59 59.60 65.69 60.40 66.06 59.93 66.09 72.11 59.71 59.73 59.74 60.37 60.38 60.40 60.42 59.95 59.97 59.99 60.00 60.22 60.24 60.26 60.28 60.38 60.40 60.42 60.44 62.59 62.61 62.63 62.65 62.20 62.22 62.24 62.27 61.65 61.67 61.69 61.71 61.36 61.38 61.40 61.42 62.72 62.74 62.76 62.79 63.67 63.69 63.71 63.73 64.79 64.81 64.83 64.86 81.52 64.57 64.59 64.62 63.57 63.60 63.62 63.64 72.41 63.89 63.91 63.93 64.89 65.06 72.47 72.49 65.12 65.14 65.58 61.57 62.84 62.86 62.88
69.71 69.73 70.99 71.01 71.02 71.04 91.47 71.33 71.35 71.36 81.40 71.13 71.15 71.16 72.69 72.70 72.72 72.74 71.92 71.94 71.95 71.97 72.21 84.41 72.24 72.26 72.57 78.54 72.61 72.63 74.73 74.75 74.77 74.79 74.40 79.79 79.81 74.46 73.78 73.80 73.83 73.85 73.45 82.06 73.49 73.52 73.03 78.16 73.08 73.10 73.70 73.73 73.75 73.77 74.83 74.85 74.87 80.13 83.45 83.47 74.61 74.63 71.65 71.67 73.93 71.71 71.96 71.98 72.00 72.02 73.03 73.05 83.70 83.72 73.27 73.29 69.87 69.89 68.48 68.50 68.52
69.74 69.75 71.02 71.04 71.05 71.06 71.35 71.36 71.38 71.39 71.15 76.13 71.18 71.19 72.72 72.73 72.75 75.10 71.95 71.97 71.98 72.00 72.24 72.26 72.28 72.29 72.60 72.62 72.64 72.66 74.76 74.78 74.80 74.83 74.43 74.45 74.47 74.50 73.82 82.15 73.86 73.88 73.49 73.51 73.53 73.55 81.94 78.18 73.11 73.14 73.74 73.76 73.79 73.81 74.86 74.89 74.91 74.93 74.60 74.62 74.64 74.67 71.69 71.71 71.73 71.75 71.99 72.01 72.03 72.05 73.06 73.08 83.74 79.94 102.36 69.88 69.90 69.92 68.51 68.53 68.55
71.08 71.10 71.26 71.27 71.28 81.45 71.08 71.10 71.11 71.13 71.00 72.76 71.03 71.04 72.67 72.68 72.70 75.05 74.09 71.93 71.95 71.96 78.23 78.02 72.14 72.16 72.52 72.54 72.56 78.51 74.60 74.62 74.64 74.66 74.19 74.21 74.23 74.25 73.51 73.53 73.56 73.58 73.16 73.18 73.20 73.22 73.04 73.06 73.09 73.11 73.93 73.95 73.97 79.39 74.86 74.88 74.90 74.93 74.45 74.47 79.93 74.52 71.47 71.49 71.51 71.53 72.14 72.16 72.18 72.20 73.49 73.51 84.25 84.27 108.29 73.74 69.62 69.64 68.67 68.69 68.71
71.11 71.12 71.28 76.29 71.31 71.33 71.11 71.12 71.14 71.15 71.03 71.04 71.06 71.07 78.33 72.71 72.73 72.75 74.13 71.96 71.98 71.99 72.14 72.15 72.17 72.19 72.55 72.57 72.59 72.61 80.15 74.65 74.67 74.70 74.22 74.24 74.26 74.28 73.55 73.57 73.59 73.61 73.19 73.21 73.23 73.26 78.17 73.10 73.12 73.15 73.96 73.99 74.01 74.03 74.90 74.92 74.94 74.96 74.49 77.49 74.53 74.55 71.50 71.52 71.54 71.56 72.17 72.19 72.21 72.23 73.52 73.54 84.29 84.31 73.70 69.64 69.66 73.78 73.08 68.72 68.74
71.14 72.96 71.31 71.33 71.34 71.35 71.14 71.15 71.17 71.18 71.05 71.07 71.09 71.10 72.72 72.74 72.76 78.52 71.97 71.99 72.00 72.02 72.16 72.18 72.20 72.22 72.58 82.19 72.62 72.64 74.66 74.68 74.71 74.73 74.25 79.94 79.96 74.32 73.58 79.54 73.62 79.58 73.22 73.25 73.27 73.29 73.11 73.14 73.16 73.18 74.00 74.02 74.04 74.07 74.93 74.95 74.98 75.00 74.52 74.55 74.57 74.59 71.54 71.56 71.58 71.60 72.21 72.23 72.25 72.27 73.55 73.57 84.32 98.23 69.65 69.67 69.69 69.71 68.73 68.75 68.77
72.97 71.18 71.34 71.35 71.37 71.38 71.17 76.33 71.20 71.21 71.08 71.10 71.11 71.13 72.75 72.77 78.42 78.55 72.00 72.01 72.03 72.05 81.81 72.21 72.23 72.25 72.61 72.63 78.50 72.67 80.09 74.72 74.74 74.76 74.28 79.86 74.33 74.35 73.61 73.63 73.66 73.68 73.26 73.28 73.30 73.32 73.15 73.17 73.19 73.21 74.03 74.06 74.08 74.10 74.97 74.99 75.01 75.03 79.97 80.01 74.60 74.62 71.57 71.59 71.61 71.63 72.24 72.26 72.28 72.30 73.58 73.60 73.62 73.64 69.68 69.70 69.72 69.74 68.76 68.78 68.80
78.22 71.39 70.99 76.16 76.17 71.04 70.74 70.76 70.77 70.79 70.86 70.88 76.02 70.91 72.76 72.78 72.79 72.81 72.03 72.04 72.06 72.08 78.16 72.04 72.06 72.08 72.19 72.21 72.23 84.33 74.42 74.44 74.46 74.49 73.66 79.55 73.70 73.73 73.03 81.55 73.08 73.10 79.69 73.77 73.79 73.82 73.81 73.83 73.86 73.88 74.58 74.60 74.63 74.65 75.10 75.12 75.14 75.16 74.51 74.53 74.55 74.57 71.57 71.59 71.61 71.63 72.82 72.84 72.86 72.87 74.05 74.07 74.09 74.11 69.15 74.33 69.19 69.20 69.09 69.11 69.13
71.40 71.42 71.02 71.03 71.05 71.06 70.77 70.78 70.80 70.82 70.89 70.91 70.92 81.36 82.44 72.80 72.82 72.84 78.18 72.07 72.09 72.11 72.05 72.07 78.21 72.11 72.22 72.24 72.26 78.41 80.13 74.47 74.49 74.51 73.69 73.71 73.73 73.76 73.06 73.09 78.91 73.13 73.78 73.80 73.83 73.85 73.84 73.87 73.89 73.91 74.61 74.63 74.66 74.68 75.13 75.15 75.17 75.20 74.54 74.56 74.58 79.65 71.60 71.62 71.64 71.66 72.85 72.87 72.88 78.53 74.08 74.10 74.12 74.40 69.18 71.36 74.37 74.19 76.40 78.73 69.15
71.43 71.44 71.04 71.06 71.07 71.09 75.92 70.81 70.83 70.84 70.92 70.93 70.95 70.97 72.81 72.83 72.85 72.87 72.08 72.10 72.12 72.14 78.20 72.10 72.12 72.14 72.24 72.27 72.29 72.31 74.48 80.18 80.21 74.54 73.72 73.74 73.76 73.79 73.09 73.12 73.14 73.16 73.81 73.83 73.86 73.88 73.87 73.90 73.92 73.94 74.64 74.67 74.69 74.71 75.16 75.18 75.21 87.67 74.57 74.59 80.03 74.63 71.63 71.65 71.67 71.69 72.88 72.89 72.91 72.93 74.11 74.13 74.15 69.26 69.20 69.22 69.24 69.26 69.14 69.16 73.58
71.45 71.47 71.07 71.08 71.10 76.19 70.82 70.84 70.85 75.86 70.94 70.96 70.97 70.99 72.84 72.86 72.87 72.89 72.11 72.13 72.14 72.16 72.11 72.13 78.22 72.17 72.27 72.29 78.37 72.34 74.51 74.53 74.55 80.10 73.75 73.77 73.79 73.82 73.12 73.15 73.17 73.19 73.84 73.86 73.89 73.91 73.90 73.93 73.95 73.97 74.67 74.70 74.72 74.74 75.19 75.21 75.24 75.26 74.60 79.94 74.64 74.66 82.08 71.68 71.70 71.72 72.90 72.92 72.94 72.96 74.14 74.15 74.17 69.28 69.23 69.25 71.47 69.28 69.17 73.56 69.21
71.50 71.51 70.64 70.65 70.67 70.68 70.13 70.14 70.16 70.17 70.29 70.30 70.32 70.34 72.47 72.48 72.50 72.52 72.04 72.06 72.08 74.39 71.84 71.86 71.88 77.99 71.90 71.92 78.03 71.96 79.85 74.22 79.90 74.27 79.17 73.36 73.38 73.40 73.64 73.66 73.68 73.71 75.21 75.23 75.26 75.28 75.06 75.09 75.11 75.13 75.39 75.41 75.43 75.46 75.32 75.34 75.37 75.39 74.24 74.26 74.28 74.30 71.85 71.87 71.89 71.91 73.58 73.59 76.33 73.63 74.38 74.40 80.20 78.16 74.27 69.14 71.34 69.17 68.95 68.97 68.99
71.52 78.93 75.77 70.67 70.69 70.70 70.15 75.23 70.18 70.20 70.31 70.33 70.34 70.36 72.49 72.51 72.53 78.48 78.18 72.08 72.10 72.12 71.87 71.89 71.91 78.01 71.92 71.94 71.97 78.07 74.23 74.25 74.27 74.29 73.36 73.38 73.41 73.43 73.66 73.69 73.71 73.73 75.24 75.26 75.28 75.31 75.09 75.12 75.14 75.16 75.42 75.44 75.46 75.48 75.35 75.37 82.59 75.41 74.27 74.29 74.31 74.33 71.88 71.89 71.91 71.93 73.60 73.62 73.64 73.65 74.40 79.58 69.53 69.55 69.14 69.16 77.84 69.20 68.98 68.99 69.01
71.54 71.56 70.68 70.70 70.71 70.73 70.17 70.19 70.20 70.22 75.39 70.35 70.37 70.38 72.52 72.53 72.55 72.57 72.09 83.93 72.13 72.15 71.89 71.91 71.93 71.95 71.95 71.97 71.99 72.01 82.64 74.27 74.30 74.32 79.22 73.41 73.43 73.46 73.69 73.71 73.74 73.76 80.47 80.82 75.31 75.33 80.71 75.14 75.17 75.19 75.44 75.47 75.49 80.99 84.01 80.86 80.88 75.44 74.29 74.31 74.33 74.35 71.90 71.92 71.94 71.96 73.62 73.64 73.66 73.68 74.43 74.44 78.24 69.57 69.17 69.18 69.20 69.22 69.00 71.00 69.03
76.65 76.72 80.91 75.83 70.73 72.50 70.20 70.21 70.23 70.24 70.36 70.37 70.39 70.41 72.54 72.56 72.58 72.59 72.11 78.20 72.15 74.49 71.92 71.94 71.96 71.98 71.97 74.32 72.02 72.04 74.28 74.30 74.32 74.34 79.24 73.44 76.08 73.48 73.71 79.81 73.76 73.78 75.29 75.31 75.34 75.36 75.14 75.17 75.19 75.21 75.47 75.49 75.51 75.54 75.40 75.42 75.44 75.46 74.32 74.34 74.36 74.38 71.92 71.94 71.96 71.98 73.65 73.66 73.68 73.70 77.35 69.56 69.57 69.59 69.19 69.20 69.22 69.24 73.16 69.04 69.05
71.61 71.63 70.52 70.53 70.55 70.56 69.57 69.59 69.60 69.62 69.53 69.55 69.56 69.58 72.00 78.13 72.04 78.17 71.84 71.86 71.88 71.90 71.64 71.67 71.69 71.71 71.67 77.14 71.72 71.74 74.00 79.92 74.05 74.07 73.73 73.76 76.51 81.14 74.57 74.59 74.62 74.64 75.73 75.76 75.78 75.80 75.52 75.54 75.56 75.58 81.15 75.69 81.20 75.73 80.34 74.84 74.86 74.88 74.09 74.11 74.12 74.14 72.74 72.76 72.78 72.79 74.26 77.14 74.29 74.31 77.07 69.32 74.50 69.35 69.92 69.94 69.96 69.97 69.42 69.44 72.80
71.63 71.65 70.54 70.55 79.34 70.58 69.59 69.61 69.63 69.64 69.55 69.57 69.58 83.78 72.02 72.04 72.06 72.08 71.87 71.88 71.90 71.92 71.67 71.69 77.11 74.48 77.14 71.72 71.74 71.76 74.02 74.05 74.07 74.09 73.76 73.78 84.13 73.83 74.59 74.62 74.64 74.66 75.76 75.78 75.80 75.83 75.54 75.56 81.07 84.77 75.69 75.71 75.73 75.75 74.84 74.87 74.89 74.91 74.11 74.13 79.28 74.16 72.76 72.78 72.80 72.81 74.28 74.30 74.31 74.33 74.22 90.42 69.35 69.37 69.94 69.96 69.98 69.99 69.44 69.46 74.27
86.68 80.60 80.25 80.27 80.28 80.30 79.27 79.29 79.30 79.32 79.22 84.47 79.26 84.50 81.12 81.14 81.16 87.29 87.05 80.97 87.09 91.64 81.10 87.42 83.25 83.27 93.31 86.73 81.17 81.19 82.58 82.61 85.96 82.65 82.30 82.33 84.77 92.24 82.77 82.80 82.82 82.84 100.97 83.60 83.62 91.50 89.24 82.60 82.62 82.64 82.72 82.75 82.77 82.79 82.12 82.14 82.16 82.18 81.31 81.33 81.35 81.36 79.65 79.67 79.68 79.70 80.54 80.56 89.61 84.86 76.85 76.87 82.63 76.90 76.34 76.36 81.57 76.39 72.51 72.53 72.55
80.61 80.62 80.27 80.29 85.12 80.32 79.29 79.31 79.32 79.34 79.24 79.26 79.28 79.29 81.14 81.16 81.18 81.20 80.98 80.99 81.01 83.69 87.42 98.03 100.26 83.29 87.27 81.17 81.19 81.22 92.07 93.12 100.77 102.48 84.00 82.35 89.44 82.40 82.79 82.82 82.84 89.92 83.60 83.62 83.64 83.67 82.60 82.62 82.64 82.66 82.74 82.77 89.46 82.81 82.14 82.16 82.18 82.20 81.33 87.31 81.36 81.38 79.67 79.68 79.70 81.56 85.45 85.67 85.69 80.61 76.87 76.89 76.90 76.92 76.36 78.24 76.39 76.41 72.53 72.54 72.56
80.60 80.61 79.94 79.95 79.97 79.99 79.17 79.19 79.20 79.22 78.96 78.98 79.00 79.01 81.15 81.17 81.19 81.21 81.18 87.50 90.37 81.24 87.22 96.87 88.17 90.02 83.29 81.17 87.53 83.00 82.52 102.64 91.78 91.85 86.53 89.21 84.41 82.79 83.30 83.32 83.35 83.37 83.71 83.73 83.75 83.77 82.58 89.26 82.62 82.64 82.27 82.29 82.31 82.33 81.28 81.30 81.32 81.34 81.39 81.41 81.43 81.44 80.35 80.37 85.55 80.40 80.44 80.46 80.48 80.49 76.58 76.59 76.61 76.63 75.93 75.95 79.77 79.79 72.46 72.47 72.49
86.12 86.14 79.96 79.97 79.99 85.16 79.19 79.21 79.22 79.24 78.98 79.00 79.01 79.03 81.17 81.19 81.21 81.23 87.50 87.53 83.28 83.30 81.72 97.45 91.79 83.84 90.13 100.31 97.13 81.23 100.97 96.80 91.84 91.91 86.59 77.70 88.51 92.79 83.32 83.34 83.37 83.39 83.72 83.75 83.77 91.66 82.60 82.62 82.64 82.66 82.29 82.31 82.33 82.35 88.05 88.08 81.34 81.35 81.41 81.42 81.44 81.46 80.36 80.38 80.40 80.41 80.46 80.48 80.49 84.20 81.94 76.61 80.61 76.64 75.95 75.96 79.79 79.81 72.47 72.49 72.50
80.63 80.65 79.97 79.99 80.00 85.17 79.21 79.22 84.52 79.26 79.00 79.01 79.03 79.05 81.19 81.21 81.23 81.24 83.26 85.39 114.95 90.37 90.43 92.27 85.61 98.05 98.15 98.18 94.68 98.24 91.76 91.83 91.89 91.96 101.20 88.50 88.91 91.17 90.93 83.36 83.38 83.41 83.74 83.77 83.79 83.81 82.61 82.64 82.66 82.68 82.31 82.33 88.97 82.37 81.31 87.28 87.30 81.37 81.42 81.44 81.46 81.48 80.38 80.40 80.41 80.43 80.47 80.49 80.50 95.51 76.61 76.62 76.64 76.65 75.96 75.97 79.80 79.83 72.48 72.50 72.52
80.65 80.66 85.24 80.00 80.02 80.04 79.22 79.24 79.26 79.27 79.01 79.03 79.05 79.07 81.21 81.22 81.24 101.05 83.26 82.80 90.36 90.42 99.80 27.09 90.11 98.07 98.17 94.68 94.71 98.27 91.81 91.88 91.95 92.01 92.08 94.40 94.59 92.84 83.35 83.38 83.40 83.42 83.76 83.78 83.80 83.83 82.63 82.65 82.67 82.70 82.32 82.34 82.36 82.38 81.33 81.35 81.37 81.38 81.43 81.45 81.47 81.49 80.39 80.41 80.42 80.44 80.49 80.50 93.19 76.91 76.62 76.63 82.00 76.66 75.97 79.80 84.12 79.84 75.63 72.51 72.53
