New_Model_Runs/13_Future_RCP4.5_Scn3_out/post_prcessed_with_MFR/actual_et_annual.asc
NCOLS 700
NROWS 400
XLLCENTER 515000.000000
YLLCENTER 8409000.000000
CELLSIZE 50.000000
NODATA_value -999.000000
[rows 252 to 287 of 400, columns 243 to 323 of 700]
44.23 52.41 52.00 52.00 52.41 52.41 39.95 39.95 52.41 13.43 52.41 40.67 40.67 41.44 41.44 52.79 52.79 41.44 41.44 41.44 41.44 41.16 41.16 41.16 41.16 44.53 41.16 41.16 41.31 42.10 42.10 53.68 36.19 44.03 53.68 36.19 36.19 36.19 36.19 52.62 36.19 36.19 36.19 36.19 52.62 48.18 48.18 48.18 47.36 48.18 33.36 47.51 34.88 34.88 34.88 34.88 34.88 47.62 34.91 34.91 34.91 36.33 36.33 36.33 36.33 36.33 36.33 36.33 36.33 36.33 49.81 49.81 49.81 49.81 49.80 49.80 0.00 0.00 0.00 0.00 0.00
52.41 52.41 52.41 52.41 52.41 52.41 39.95 39.95 39.95 52.41 13.43 52.00 40.67 53.31 41.16 41.16 41.16 41.16 41.44 41.44 41.44 44.53 41.16 41.16 41.16 41.16 44.53 13.69 41.31 54.19 53.68 42.10 52.62 36.19 36.19 52.62 36.19 36.19 52.62 52.62 53.68 53.68 36.19 36.19 53.68 33.36 48.18 48.18 48.18 47.36 34.88 34.88 34.88 34.88 34.88 34.88 34.88 34.88 47.62 46.97 34.91 36.33 36.33 36.33 36.33 36.33 36.33 36.33 36.33 36.33 49.81 49.81 49.81 49.81 49.80 49.80 49.80 0.00 0.00 0.00 0.00
52.41 40.67 40.67 52.41 52.41 52.41 52.41 52.41 39.95 52.41 39.95 52.41 52.00 53.31 41.16 52.79 52.79 52.79 44.53 44.53 52.02 44.53 44.53 41.16 41.16 41.16 41.16 13.69 13.69 36.34 52.62 42.10 14.08 36.19 36.19 36.19 36.19 36.19 36.19 52.62 53.68 53.68 53.68 36.19 36.18 48.18 48.18 48.18 48.18 46.82 47.51 34.88 47.51 34.88 34.88 34.88 34.88 34.88 47.51 46.97 34.91 36.33 36.33 36.33 36.33 36.33 36.33 36.33 41.43 41.43 36.33 36.33 50.71 49.81 49.80 49.80 49.80 31.46 31.46 0.00 0.00
52.00 40.67 52.41 52.00 52.41 39.95 52.41 52.41 52.41 52.41 40.67 52.41 51.36 52.79 52.79 41.16 52.79 52.02 52.79 41.16 41.16 41.16 41.16 41.16 41.16 41.16 41.16 40.89 20.08 52.62 53.68 14.08 14.08 14.08 36.19 36.19 36.19 36.19 36.19 52.62 53.68 52.62 53.68 53.68 53.68 48.18 47.36 47.36 48.18 47.51 47.51 34.88 34.88 47.51 34.88 34.88 34.88 34.88 47.51 47.62 47.62 50.71 50.71 49.81 50.71 49.81 50.71 50.71 50.71 49.81 49.81 49.81 49.81 49.81 49.80 49.80 49.80 31.46 31.46 31.46 31.46
52.41 40.67 40.67 40.67 52.41 39.95 52.00 52.41 52.41 52.00 44.23 52.41 51.94 41.16 41.16 44.53 40.89 40.89 41.16 41.16 52.79 52.79 41.16 13.69 13.69 13.69 40.89 20.08 51.35 14.08 14.08 14.08 14.08 14.08 14.08 4.22 53.68 36.19 53.68 52.62 52.62 53.68 53.68 53.68 53.68 48.18 48.18 48.18 47.51 37.00 37.00 37.00 38.68 47.51 47.51 12.46 18.28 46.82 34.88 34.88 47.62 49.81 50.71 49.81 49.81 49.81 49.81 49.81 49.81 49.81 49.81 49.81 49.81 49.81 36.33 36.33 36.33 9.44 9.44 9.44 9.44
52.00 40.67 40.67 40.67 52.41 52.41 52.00 52.41 52.41 44.23 44.23 52.00 51.95 41.16 41.16 40.89 40.89 40.89 39.82 52.35 13.69 52.02 13.69 13.69 13.69 40.89 40.89 13.69 13.69 14.08 14.08 14.08 14.08 14.08 4.22 4.22 14.08 36.19 36.19 52.62 52.62 36.19 36.23 36.23 36.23 33.39 47.52 47.62 47.62 47.62 47.62 37.00 38.68 18.28 12.46 18.28 34.88 34.88 34.88 47.51 46.82 49.81 49.81 49.81 49.81 49.81 49.81 49.81 49.81 49.81 49.81 49.81 49.81 49.81 49.81 50.71 36.33 25.57 31.46 31.46 31.46
41.22 41.22 41.22 53.05 53.05 53.05 53.05 53.05 52.55 52.55 44.76 41.22 52.54 53.07 41.98 41.98 41.98 40.17 40.17 53.54 52.25 53.54 53.54 53.54 41.98 41.98 52.25 14.11 14.11 14.05 14.05 14.05 14.05 14.05 14.05 14.05 14.05 35.97 44.91 52.26 53.37 35.97 53.52 36.01 53.52 33.28 47.62 47.62 47.62 34.74 47.62 47.62 34.71 34.71 34.71 34.71 34.71 34.71 34.71 34.71 34.71 36.18 49.83 49.83 49.83 49.83 50.77 49.83 49.83 49.83 49.83 49.83 49.83 49.83 49.83 50.77 36.22 33.65 45.27 45.27 45.27
53.05 53.05 53.05 53.05 53.05 39.96 53.05 53.05 41.22 41.22 41.22 40.96 44.32 52.25 41.98 40.17 53.54 40.17 53.54 52.25 20.69 53.54 53.54 53.54 52.25 52.25 14.11 14.11 4.23 14.05 14.05 14.05 14.05 14.05 14.05 14.05 14.05 14.05 53.37 53.37 53.37 35.97 36.01 53.52 53.52 34.74 34.74 47.62 47.62 47.62 47.62 47.62 34.71 34.71 34.71 34.71 34.71 46.77 47.51 34.71 34.71 36.18 36.18 49.83 49.83 49.83 50.77 49.83 49.83 49.83 49.83 49.83 49.83 50.77 36.22 36.22 36.22 33.65 45.27 0.00 0.00
44.76 41.22 41.22 53.05 53.05 53.05 53.05 41.22 41.22 41.22 40.96 52.54 52.54 52.25 53.54 53.54 40.17 53.54 53.54 53.54 14.11 41.97 41.97 53.54 53.54 14.11 14.11 14.11 14.11 4.21 14.05 14.05 14.05 14.05 14.05 14.05 14.05 14.05 52.26 52.26 52.26 52.26 53.52 52.46 52.91 34.74 34.74 47.62 34.74 47.62 47.62 47.62 34.71 46.77 34.71 34.71 34.71 34.71 38.69 46.77 34.71 50.61 50.61 50.61 49.83 49.83 49.83 49.83 49.83 49.83 36.22 36.22 36.22 49.83 36.22 36.22 36.22 33.65 33.65 0.00 0.00
44.76 41.22 53.05 53.05 53.05 53.05 41.22 41.22 41.22 41.22 40.96 44.32 52.54 52.25 53.54 53.54 53.54 53.54 40.17 40.17 45.15 53.54 41.97 53.54 52.25 14.11 14.11 14.11 14.11 14.05 14.05 14.05 14.05 14.05 14.05 14.05 14.05 14.05 52.26 52.26 52.26 52.26 52.46 51.91 51.91 46.93 47.62 46.93 34.74 47.62 47.62 34.71 47.51 34.71 34.71 47.51 38.69 38.69 38.69 38.69 46.77 50.61 36.18 36.18 36.22 50.77 49.83 49.83 49.83 49.83 36.22 50.77 36.22 36.22 36.22 36.22 36.22 33.65 33.65 33.65 0.00
41.22 41.22 41.22 53.05 39.96 53.05 41.22 41.22 41.22 53.05 40.96 52.54 51.97 53.54 53.54 53.54 40.17 40.17 52.25 45.15 53.54 40.17 20.69 53.54 14.11 14.11 14.11 14.11 14.11 14.05 14.05 14.05 14.05 14.05 14.05 14.05 14.05 14.05 35.97 53.37 35.97 53.37 52.91 52.91 37.61 47.62 47.62 46.93 47.62 47.62 47.62 47.51 34.71 34.71 34.71 34.71 34.71 46.77 46.93 47.62 47.51 36.17 36.17 36.22 36.22 50.77 50.77 49.83 49.83 49.83 36.22 14.95 36.22 36.22 36.22 36.22 36.22 33.65 33.46 33.65 0.00
53.05 41.22 52.54 53.05 53.05 53.05 53.05 53.05 41.22 40.96 52.54 51.97 52.10 53.54 53.54 53.54 52.25 53.54 52.25 14.11 41.97 41.97 53.54 53.54 53.54 14.11 14.11 14.11 14.11 14.05 14.05 14.05 14.05 14.05 14.05 14.05 14.05 35.97 35.97 53.37 53.37 37.57 37.61 37.61 37.61 34.74 47.62 46.93 34.74 34.74 47.62 34.71 34.71 34.71 47.51 46.77 47.62 47.62 46.93 47.62 34.74 36.17 50.61 49.83 36.22 36.22 49.83 49.83 50.77 49.83 36.22 49.83 50.77 36.22 36.22 36.22 36.22 33.65 13.58 13.58 33.65
53.05 53.05 52.54 53.05 53.05 41.22 52.54 52.54 40.96 52.54 40.60 51.97 40.69 41.97 41.97 53.54 45.15 41.97 41.97 41.97 41.97 41.97 53.54 40.17 53.54 40.17 40.17 14.11 14.11 14.05 14.05 14.05 14.05 14.05 14.05 14.05 14.05 35.97 53.37 35.97 37.57 37.57 52.74 52.74 52.74 47.51 47.51 47.51 46.77 34.71 47.51 47.51 34.71 47.51 47.51 47.62 46.93 46.93 47.62 47.62 47.62 36.22 49.83 49.83 36.22 36.22 50.77 50.77 36.22 36.22 49.83 49.83 49.83 50.77 36.22 36.22 50.77 33.65 45.27 0.00 33.65
53.05 53.05 53.05 53.05 53.05 41.22 41.22 51.80 40.96 40.60 51.97 40.69 40.69 41.97 45.15 41.97 53.54 41.97 41.97 41.97 41.97 41.97 40.17 40.17 53.54 53.54 53.54 53.54 14.11 14.05 39.78 39.78 39.78 53.52 53.52 14.05 53.52 36.01 53.52 52.91 44.61 52.91 52.74 52.74 52.74 47.51 47.51 34.71 47.51 47.51 46.77 47.51 47.51 18.30 37.10 47.62 46.93 46.93 46.93 46.93 47.62 49.83 50.77 50.77 36.22 36.22 36.22 50.77 50.77 36.22 50.77 49.83 49.83 49.83 49.83 49.83 49.83 33.65 0.00 0.00 0.00
53.05 53.05 39.96 51.97 40.60 40.60 40.60 40.96 40.60 40.60 40.60 40.69 40.69 41.97 41.97 45.15 45.15 45.15 41.97 40.17 53.54 53.54 53.54 53.54 53.54 53.54 53.54 53.54 53.54 53.19 39.78 52.06 52.06 52.46 53.52 53.52 36.01 53.52 37.61 37.61 37.61 37.61 52.91 52.74 52.74 34.71 47.51 47.51 47.51 47.51 47.51 47.51 34.71 47.51 18.30 18.30 46.93 46.93 46.93 46.93 46.93 50.77 36.22 50.77 49.83 36.22 50.77 49.83 50.77 36.22 50.77 49.83 49.83 49.83 49.83 49.83 49.83 33.65 0.00 0.00 0.00
53.05 39.96 50.96 50.96 50.96 50.96 40.60 40.60 40.60 40.60 40.69 40.69 40.69 41.97 45.15 45.15 45.15 45.15 45.15 53.54 52.25 53.54 41.97 52.25 53.54 53.54 53.54 53.54 53.54 51.83 39.78 52.06 52.06 52.06 36.01 36.01 53.52 37.61 37.61 52.91 52.91 51.91 52.74 52.74 52.74 47.51 34.71 34.71 47.51 47.51 47.51 47.51 34.71 34.71 12.48 12.48 38.79 46.93 12.48 12.48 40.13 50.77 36.22 36.22 50.77 36.22 50.77 49.83 50.77 50.77 49.83 50.77 49.83 49.83 49.83 49.83 49.83 33.65 0.00 0.00 0.00
39.96 41.22 40.60 51.97 40.60 40.60 51.97 50.96 40.60 40.60 40.69 40.69 52.10 45.15 45.15 45.15 45.15 41.97 45.15 52.25 53.54 41.97 41.97 53.54 41.97 40.17 53.54 52.25 53.54 52.06 39.78 39.78 39.78 39.78 36.01 36.01 37.61 37.61 52.91 52.91 14.05 37.57 37.57 52.74 52.74 47.51 47.51 34.71 47.51 47.51 34.71 47.51 34.71 47.62 47.62 47.62 46.93 12.48 12.48 12.48 12.48 49.83 49.83 50.77 36.22 50.77 50.77 36.22 36.22 36.22 50.77 50.77 50.77 49.83 49.83 49.83 36.22 45.94 0.00 0.00 0.00
53.05 41.22 40.60 40.60 40.60 40.60 40.60 50.96 13.62 40.69 40.69 40.69 40.69 41.97 41.97 45.15 52.25 52.02 41.97 53.54 45.15 41.97 41.97 41.97 41.97 52.25 53.54 53.54 41.97 45.02 52.06 39.41 53.35 53.35 39.78 52.91 52.91 37.61 52.91 51.91 52.91 37.57 52.74 37.57 37.57 34.71 47.51 47.51 47.51 34.71 34.74 34.74 34.74 34.74 34.74 18.30 37.10 37.10 12.48 12.48 18.30 49.83 49.83 49.83 36.22 36.22 36.22 36.22 36.22 36.22 36.22 36.22 49.83 49.83 49.83 49.83 36.22 45.26 0.00 45.26 13.58
41.22 40.60 40.60 40.60 40.60 40.60 40.60 40.60 13.62 40.69 40.69 40.69 40.69 53.36 52.02 45.00 45.00 45.00 45.15 52.25 53.54 52.25 53.54 53.54 40.17 52.25 52.25 52.25 53.54 45.02 52.06 52.06 52.06 53.35 53.35 52.91 37.61 51.91 52.91 41.41 52.91 52.74 51.67 51.67 51.67 47.51 47.51 47.51 34.71 34.74 34.74 34.74 47.62 47.62 12.48 47.62 37.10 38.79 12.48 12.48 18.30 49.83 49.83 49.83 36.22 36.22 36.22 36.22 36.22 49.83 36.22 36.22 49.83 49.83 36.22 36.22 49.83 45.26 45.26 33.65 33.65
41.22 40.60 40.60 40.60 51.97 40.60 40.60 40.69 13.62 40.69 40.69 40.69 51.97 41.88 41.88 41.88 52.02 52.02 53.54 53.54 40.17 52.25 52.25 53.54 53.54 14.11 14.11 14.11 14.11 53.35 53.35 52.06 52.06 52.06 52.91 37.61 37.34 51.91 51.91 52.91 52.74 52.74 37.57 52.74 37.57 34.71 34.71 47.62 34.74 34.74 47.62 47.62 47.62 46.93 12.48 34.74 47.62 46.93 46.93 12.48 18.30 49.83 36.22 36.22 36.22 36.22 49.83 49.83 36.22 36.22 49.83 50.77 36.22 36.22 50.77 49.83 49.83 33.65 33.65 33.65 45.26
41.22 50.96 40.60 40.60 50.96 50.96 40.60 40.69 13.62 40.69 40.69 50.96 40.60 44.99 44.99 44.99 53.36 53.54 53.54 40.17 40.17 40.17 40.17 53.54 53.54 53.54 14.11 53.54 53.54 53.35 53.35 53.35 39.78 53.35 52.91 37.61 37.61 37.34 52.91 37.61 52.91 52.74 37.57 41.30 52.74 34.71 34.74 47.62 47.62 47.62 37.10 46.93 46.93 46.93 47.62 46.93 46.93 47.62 46.93 46.93 47.62 50.77 36.22 36.22 36.22 49.83 49.83 36.22 36.22 36.22 49.83 36.22 36.22 50.77 49.83 36.22 36.22 33.46 45.94 13.58 0.00
50.96 50.96 40.60 40.60 50.96 51.97 51.97 52.10 40.69 40.69 50.96 43.78 40.60 44.99 44.99 44.99 41.97 53.54 53.54 53.54 53.54 53.54 53.54 53.54 53.54 14.11 53.54 40.17 42.06 53.35 53.35 52.06 52.06 52.91 51.91 51.91 52.91 52.91 52.91 52.91 52.91 52.74 37.57 41.30 41.30 47.51 47.62 47.62 47.62 34.74 12.48 12.48 12.48 12.48 47.62 46.93 34.74 47.62 47.62 47.62 47.62 50.77 36.22 36.22 36.22 50.77 49.83 36.22 50.77 36.22 36.22 49.83 49.83 36.22 36.22 36.22 50.77 45.26 0.00 0.00 0.00
41.09 51.32 52.51 41.09 41.09 51.32 52.51 41.09 44.24 51.32 44.24 44.24 44.24 52.46 51.11 51.34 41.23 41.23 52.63 51.34 51.34 52.63 52.63 52.63 52.63 52.63 39.43 52.63 13.83 13.79 51.14 39.07 52.43 13.79 50.99 50.99 13.79 13.79 40.67 51.97 51.97 51.97 50.76 40.56 50.76 49.36 50.33 49.57 50.49 49.57 13.36 13.36 13.36 19.59 50.49 50.49 36.09 50.49 41.28 41.28 49.57 31.88 25.65 31.88 25.65 25.65 31.65 25.65 25.65 31.65 31.65 31.65 25.65 25.65 25.65 31.65 31.65 0.00 0.00 0.00 0.00
41.09 41.09 41.09 41.09 44.24 44.24 20.25 20.25 51.32 51.32 44.24 44.24 52.51 51.11 51.11 51.34 51.34 52.63 51.34 51.34 51.34 51.34 51.34 51.34 51.34 52.63 51.34 52.78 13.83 13.79 52.43 52.43 50.99 43.80 50.99 51.97 37.02 37.02 51.97 51.97 51.97 37.02 51.97 40.56 50.76 39.39 50.33 49.57 39.50 13.36 19.59 42.54 42.54 39.50 50.49 50.49 41.28 41.28 49.57 49.57 49.57 31.65 25.65 25.65 31.88 31.88 25.65 31.88 31.65 31.65 25.65 25.65 25.65 31.65 31.65 8.11 27.01 0.00 0.00 0.00 0.00
41.09 41.09 52.51 41.09 44.24 44.24 41.09 41.09 51.32 51.32 51.32 52.51 52.51 51.11 44.20 52.63 52.63 51.34 51.34 52.63 52.63 51.34 51.34 51.34 51.34 52.63 51.57 51.57 52.78 52.43 52.43 43.01 51.97 51.97 51.97 51.97 51.97 37.02 37.02 50.99 51.97 51.97 51.97 51.97 51.79 50.33 50.33 50.49 49.57 50.49 49.57 19.59 50.49 50.49 49.57 50.49 49.57 49.57 49.57 49.57 49.57 31.65 31.65 31.88 25.65 25.65 31.65 31.65 25.65 25.65 25.65 31.65 31.65 8.11 27.01 27.01 31.65 0.00 0.00 0.00 0.00
41.09 41.09 41.09 52.51 51.32 51.32 41.09 41.09 44.24 44.24 52.51 39.66 44.24 44.20 52.46 52.63 52.63 41.23 52.63 52.63 51.34 51.34 41.23 52.63 52.63 41.23 41.23 51.34 52.63 52.43 52.43 40.67 51.97 50.99 51.97 51.97 37.02 37.02 37.02 37.02 50.99 51.97 51.97 50.99 51.97 50.33 50.33 49.36 49.57 50.49 50.49 50.49 36.09 49.57 49.57 49.57 49.57 49.57 50.49 50.49 36.09 25.65 25.65 25.65 25.65 31.65 25.65 25.65 25.65 31.88 31.65 27.01 27.01 31.65 31.65 31.65 0.00 0.00 0.00 0.00 0.00
51.33 41.09 41.09 41.09 41.09 44.24 41.09 41.09 41.09 41.09 41.09 41.09 41.09 41.13 52.46 52.46 51.11 52.46 52.63 51.34 52.63 13.83 13.83 52.63 39.43 51.34 52.63 52.63 52.63 52.26 51.79 40.56 50.99 51.97 37.02 51.97 36.79 36.79 37.02 37.02 37.02 50.99 50.99 50.99 50.99 36.09 36.09 50.33 50.49 50.49 36.09 50.49 50.49 49.57 49.57 49.57 49.57 49.57 36.09 36.09 50.49 31.65 31.65 31.65 25.65 25.65 25.65 25.65 31.65 27.01 27.01 31.65 0.00 0.00 0.00 0.00 0.00 0.00 0.00 0.00 0.00
51.32 41.09 41.09 41.09 41.09 41.09 41.09 41.09 52.51 52.51 51.32 52.51 52.51 52.46 52.46 41.23 41.23 52.63 52.63 41.23 41.23 13.83 41.23 52.63 52.63 52.63 52.63 41.23 51.34 52.26 51.79 40.56 51.79 51.79 37.02 51.97 37.02 51.79 51.79 51.97 51.97 50.99 50.99 50.99 50.99 50.49 36.09 36.09 50.49 50.49 36.09 50.49 49.57 49.57 49.57 49.57 36.09 36.09 50.49 49.57 49.57 31.65 31.65 25.65 25.65 25.65 31.88 31.88 27.01 27.01 31.65 0.00 0.00 0.00 0.00 0.00 0.00 0.00 0.00 0.00 0.00
41.09 41.09 41.09 41.09 41.09 41.09 41.09 41.09 41.09 52.51 52.51 52.51 41.09 52.46 52.46 52.63 39.43 39.43 52.46 52.46 41.23 41.23 51.11 52.63 39.43 52.63 44.35 44.35 52.63 51.79 51.79 51.79 36.97 51.79 50.76 51.79 36.97 51.79 51.79 51.79 36.97 36.97 37.02 50.99 50.99 50.49 36.09 36.09 50.49 36.09 36.09 36.09 49.57 49.57 50.49 36.09 36.09 49.57 49.57 49.57 49.57 25.65 25.65 25.65 25.65 31.88 31.65 25.68 31.65 31.65 0.00 0.00 0.00 0.00 0.00 0.00 0.00 0.00 0.00 0.00 0.00
41.09 41.09 41.09 44.24 44.24 44.24 41.09 41.09 13.81 13.81 41.09 41.09 52.51 51.34 51.34 52.63 52.63 39.43 39.38 52.46 52.63 20.29 52.46 51.34 51.34 52.63 20.29 51.34 51.34 51.79 36.97 36.97 51.79 51.79 51.79 36.97 36.97 36.97 40.56 51.79 36.97 51.79 36.97 51.97 51.97 49.57 42.54 49.57 50.49 36.09 36.09 36.09 50.49 36.09 36.09 49.57 49.57 49.57 49.57 36.09 36.09 25.65 25.65 31.88 31.65 0.00 0.00 0.00 0.00 0.00 0.00 0.00 0.00 0.00 0.00 0.00 0.00 0.00 0.00 0.00 0.00
41.09 41.09 41.09 51.32 41.09 44.24 41.09 41.09 41.09 52.51 41.09 41.09 51.32 51.34 52.63 52.63 52.46 39.38 51.11 52.46 39.38 20.29 20.29 41.13 52.63 52.63 39.43 51.34 52.07 51.79 36.97 51.79 51.79 36.97 51.79 51.79 36.97 51.79 40.56 51.79 51.79 36.97 36.97 51.97 50.99 36.09 39.50 50.49 50.49 39.50 49.57 49.57 49.57 36.09 36.09 36.09 50.49 49.57 36.09 36.09 36.09 31.88 31.88 0.00 0.00 0.00 0.00 0.00 0.00 0.00 0.00 0.00 0.00 0.00 0.00 0.00 0.00 0.00 0.00 0.00 0.00
41.09 41.09 41.09 51.32 41.09 41.09 41.09 41.09 41.09 41.09 41.09 51.32 51.32 51.11 41.23 52.63 52.46 51.11 51.11 52.46 52.46 41.13 41.13 41.23 52.63 52.63 52.63 52.63 37.29 51.79 51.79 51.79 51.79 51.79 36.97 51.79 50.76 51.79 40.56 40.56 51.79 51.79 50.99 37.02 51.97 50.49 39.50 39.50 50.49 50.49 49.57 49.57 49.57 50.49 36.09 36.09 36.09 36.09 36.09 49.57 50.49 31.65 0.00 0.00 0.00 0.00 0.00 0.00 0.00 0.00 0.00 0.00 0.00 0.00 0.00 0.00 0.00 0.00 0.00 0.00 0.00
41.09 41.09 44.24 44.24 41.09 41.09 41.09 41.09 41.09 41.09 41.09 41.09 51.32 51.11 51.11 51.11 51.11 51.11 51.11 51.11 52.46 52.46 42.94 41.23 52.63 39.43 39.43 37.29 37.29 51.79 51.79 51.79 51.79 51.79 36.93 51.79 51.79 51.79 51.79 36.97 50.99 51.97 50.99 51.97 51.97 50.49 50.49 50.49 50.49 49.57 49.57 49.57 49.57 49.57 36.09 36.09 36.09 49.57 50.49 42.99 0.00 0.00 0.00 0.00 0.00 0.00 0.00 0.00 0.00 0.00 0.00 0.00 0.00 0.00 0.00 0.00 0.00 0.00 0.00 0.00 0.00
44.24 44.24 44.24 44.24 41.09 41.09 41.09 41.09 41.09 51.32 51.32 41.09 51.32 51.11 51.11 51.11 51.11 51.11 42.94 51.11 51.11 52.46 52.46 52.46 52.63 51.34 51.34 51.08 52.07 40.56 51.79 51.79 51.79 51.79 51.79 42.38 36.97 51.79 50.76 51.97 37.02 51.97 51.97 51.97 51.97 36.09 49.57 49.57 49.57 36.09 36.09 50.49 36.09 36.09 36.09 50.49 49.57 42.99 49.57 0.00 0.00 0.00 0.00 0.00 0.00 0.00 0.00 0.00 0.00 0.00 0.00 0.00 0.00 0.00 0.00 0.00 0.00 0.00 0.00 0.00 0.00
44.24 44.24 44.24 41.09 41.50 52.36 44.87 41.50 41.50 52.36 51.32 51.32 51.32 51.11 51.11 51.11 51.11 51.11 51.11 51.11 51.11 51.11 44.20 52.46 39.43 51.34 52.07 52.07 52.07 40.56 40.56 43.65 43.65 51.79 50.76 51.79 51.79 36.97 51.97 40.67 37.02 37.02 51.97 51.97 50.99 49.57 49.57 49.57 36.09 36.09 36.09 36.09 36.09 36.09 49.57 49.57 42.99 0.00 0.00 0.00 0.00 0.00 0.00 0.00 0.00 0.00 0.00 0.00 0.00 0.00 0.00 0.00 0.00 0.00 0.00 0.00 0.00 0.00 0.00 0.00 0.00
41.09 41.09 44.24 41.50 41.50 41.50 52.36 52.36 41.50 52.36 52.36 51.32 51.32 51.11 51.11 51.11 51.11 51.11 51.11 51.11 51.11 51.11 51.11 41.13 51.11 52.63 52.07 51.08 52.07 51.79 40.56 40.56 43.65 43.65 51.79 40.56 36.97 51.79 51.97 40.67 51.97 50.99 50.99 50.99 50.99 49.57 49.57 49.57 35.90 36.09 36.09 36.09 49.57 50.49 50.49 36.09 42.99 0.00 0.00 0.00 0.00 0.00 0.00 0.00 0.00 0.00 0.00 0.00 0.00 0.00 0.00 0.00 0.00 0.00 0.00 0.00 0.00 0.00 0.00 0.00 0.00
