New_Model_Runs/13_Future_RCP4.5_Scn3_out/post_prcessed_with_MFR/actual_et_annual.asc
NCOLS 700
NROWS 400
XLLCENTER 515000.000000
YLLCENTER 8409000.000000
CELLSIZE 50.000000
NODATA_value -999.000000
[rows 288 to 323 of 400, columns 162 to 242 of 700]
55.31 55.31 41.79 55.31 43.56 55.95 41.98 41.98 55.96 55.95 55.44 55.43 41.98 55.43 54.99 42.79 42.79 46.38 54.51 42.79 42.79 46.38 54.51 55.72 14.23 14.23 43.17 55.72 43.17 43.17 46.29 42.24 54.70 54.70 42.24 54.70 54.60 54.60 42.24 42.24 41.76 54.70 54.60 46.29 46.29 42.24 46.73 14.06 14.06 42.53 14.06 14.06 54.17 54.17 42.53 42.53 14.06 14.06 42.53 42.53 14.06 14.06 40.39 51.66 52.15 52.15 52.15 40.27 52.43 52.37 52.37 40.48 40.44 39.98 51.01 39.98 39.98 39.98 41.28 41.28 44.82
55.31 55.31 55.31 43.56 43.56 55.43 55.43 55.95 55.43 55.95 55.95 55.95 55.95 40.63 41.44 54.51 42.79 46.38 41.44 54.99 42.79 42.79 44.77 14.23 14.23 55.72 55.89 55.89 43.17 43.17 46.29 46.29 42.24 42.24 42.24 54.59 54.59 42.24 42.24 42.24 54.70 54.70 42.24 42.24 42.24 42.24 42.66 42.66 14.06 14.06 14.06 44.43 54.17 54.17 42.53 14.06 14.06 14.06 14.06 14.06 14.06 14.06 13.34 52.15 40.39 40.39 52.43 52.43 40.48 40.48 52.37 52.37 52.37 40.48 39.98 39.98 39.98 43.42 41.62 45.26 45.26
54.95 54.95 42.86 43.29 55.07 43.29 43.29 43.29 43.29 43.29 55.60 55.07 40.31 55.60 41.12 41.12 54.70 54.21 54.21 54.70 42.56 42.56 46.12 47.01 14.16 14.16 14.16 47.01 42.95 42.95 46.81 46.81 42.76 42.76 42.76 42.76 42.76 55.35 55.35 42.76 42.76 42.76 55.35 42.76 42.76 46.81 46.62 42.58 42.44 14.04 14.04 14.04 14.04 14.04 14.04 14.04 20.59 14.04 14.04 14.04 44.34 44.34 13.34 13.34 52.09 39.98 52.41 40.47 40.47 52.41 52.41 52.32 52.32 52.32 13.34 43.42 43.42 43.42 41.24 41.24 41.24
54.96 54.95 54.95 43.29 55.60 55.07 55.07 55.07 55.07 55.60 55.60 55.07 55.60 55.60 54.70 41.12 54.20 54.20 54.20 54.70 42.56 42.56 47.01 47.01 42.95 42.95 14.16 14.16 42.95 47.01 42.76 46.81 42.76 42.76 42.76 42.76 42.76 42.76 55.35 55.18 55.18 42.76 42.76 41.95 42.76 46.81 42.58 46.62 42.44 14.04 20.59 44.34 14.04 14.04 14.04 14.04 14.04 14.04 14.04 14.04 14.04 44.34 19.57 13.34 51.53 39.98 40.07 52.41 40.47 40.47 40.47 40.47 40.47 40.47 13.34 44.11 43.42 43.42 44.86 41.24 41.24
54.95 54.95 55.60 55.60 43.29 43.29 55.07 55.60 55.60 43.29 43.29 43.29 43.29 55.07 42.56 54.70 42.56 42.56 54.21 41.12 54.21 54.70 42.95 47.01 42.95 42.95 14.16 14.16 14.16 42.95 42.76 42.76 42.76 42.76 42.76 42.76 42.76 42.76 42.76 55.18 42.76 42.76 42.76 42.76 42.76 42.76 42.58 42.58 42.58 14.04 14.04 42.44 14.04 14.04 14.04 14.04 14.04 14.04 14.04 14.04 14.04 14.04 13.34 40.37 52.09 39.98 52.41 40.47 40.47 40.47 40.47 40.47 40.47 40.47 13.34 13.34 44.11 43.42 41.24 41.24 41.24
54.24 54.95 55.60 55.60 43.29 55.08 55.60 55.07 55.60 55.60 55.60 55.07 43.29 55.60 42.56 54.70 42.56 42.56 42.56 46.12 54.21 54.21 55.60 42.95 42.95 42.95 42.95 42.95 47.01 42.95 42.76 42.76 42.76 42.76 42.76 42.76 42.76 42.76 55.18 55.35 42.76 42.76 42.76 42.76 42.76 42.76 42.58 42.58 42.58 20.59 14.04 14.04 14.04 14.04 14.04 14.04 14.04 14.04 14.04 14.04 14.04 14.04 13.34 19.57 51.53 52.09 52.41 40.47 40.47 52.41 40.47 40.47 40.47 13.34 13.34 13.34 13.34 40.47 41.24 41.24 13.67
54.24 54.95 55.07 43.29 55.07 55.60 40.31 55.60 55.07 55.60 55.60 55.07 43.29 43.29 42.56 54.21 42.56 42.56 42.56 42.56 54.70 46.12 42.10 42.10 55.60 55.40 55.40 55.40 47.01 42.95 42.76 55.35 55.18 42.76 42.76 42.76 42.76 55.35 55.35 42.76 42.76 46.81 42.76 42.76 42.76 42.76 42.58 42.58 42.58 54.91 54.91 14.04 14.04 14.04 14.04 14.04 14.04 14.04 14.04 14.04 14.04 14.04 13.34 13.34 52.09 51.53 40.07 40.47 40.47 40.07 52.41 52.32 52.32 52.32 13.34 44.36 44.36 40.47 41.47 13.67 13.67
55.60 55.60 55.07 43.29 43.29 55.60 41.63 55.60 55.60 55.07 43.29 43.29 43.29 43.29 42.56 54.20 54.70 54.70 42.56 54.70 46.12 46.12 42.95 55.60 42.10 42.10 55.40 55.60 40.29 55.60 42.76 55.18 55.18 42.76 42.76 55.35 55.18 55.35 55.35 42.76 42.76 42.76 42.76 55.35 55.18 42.76 42.58 42.58 42.58 54.91 54.91 54.91 54.91 53.91 53.91 14.04 14.04 14.04 42.44 42.44 14.04 14.04 13.34 13.34 13.34 13.34 52.41 44.36 40.47 52.41 52.41 52.41 52.32 40.47 52.32 52.41 40.47 40.47 45.41 45.41 13.67
43.29 55.60 55.07 55.60 55.60 55.60 41.63 55.60 55.07 55.07 55.07 43.29 43.29 43.29 42.56 42.56 42.56 54.70 54.20 42.56 46.12 42.95 42.95 55.40 55.60 55.60 42.10 55.60 55.60 55.40 42.76 55.18 42.76 42.76 42.76 46.81 46.81 55.35 55.35 55.35 42.76 42.76 42.76 42.76 55.18 55.18 42.58 55.12 42.58 44.45 54.91 54.91 54.91 54.91 53.91 14.04 14.04 14.04 42.44 14.04 14.04 46.00 13.34 13.34 13.34 13.34 13.34 52.41 40.47 40.47 40.47 40.47 52.32 52.32 52.32 13.34 13.34 44.36 41.47 41.47 41.47
43.29 55.60 55.60 55.07 55.60 55.60 41.63 55.60 55.07 55.07 55.60 43.29 43.29 43.29 42.56 42.56 42.56 42.56 54.70 42.56 42.56 55.40 42.95 55.60 42.95 42.95 55.60 55.60 55.60 55.60 55.35 55.18 55.18 42.76 42.76 55.35 42.76 46.81 55.18 55.35 42.76 42.76 55.18 46.81 42.76 42.76 42.58 46.62 46.62 46.62 42.58 54.91 54.91 54.91 54.91 14.04 14.04 14.04 14.04 14.04 46.00 14.04 13.34 13.34 13.34 13.34 52.41 40.07 40.47 40.47 40.47 40.47 40.47 44.36 52.32 40.47 52.41 52.32 41.47 41.47 41.47
43.29 43.29 55.60 55.60 55.07 55.60 43.29 55.60 55.07 55.07 55.07 43.29 43.29 43.29 42.56 42.56 54.70 54.70 42.56 42.56 46.12 55.60 55.40 42.95 42.95 42.95 42.95 42.95 42.95 55.40 55.18 55.35 55.35 44.64 55.35 55.35 55.35 55.35 55.35 55.35 55.35 42.76 55.18 55.18 42.76 42.76 46.62 46.62 42.58 46.62 46.62 42.58 54.91 14.04 14.04 14.04 14.04 14.04 14.04 14.04 42.44 14.04 13.34 13.34 40.37 40.47 52.41 52.32 40.47 40.47 52.41 40.47 40.47 40.47 40.47 40.47 40.47 40.47 41.47 41.47 53.52
55.07 55.60 41.63 55.60 55.60 55.07 43.29 43.29 55.07 41.63 43.29 43.29 43.29 43.29 42.56 42.56 42.56 54.70 54.70 42.56 42.56 55.40 55.40 55.40 55.60 42.95 42.95 42.95 42.95 42.95 42.76 55.18 55.35 55.35 55.18 41.95 55.18 41.95 41.95 41.95 42.76 42.76 55.18 55.18 55.35 46.81 46.62 42.58 42.58 42.58 46.62 42.58 42.58 42.58 42.58 42.58 42.44 14.04 14.04 14.04 14.04 14.04 51.51 51.51 44.36 13.34 40.47 52.32 40.47 40.47 52.32 52.32 52.32 40.47 40.47 40.47 40.47 40.47 41.47 53.70 53.70
55.07 43.29 55.60 55.60 55.60 55.60 43.29 43.29 43.29 41.63 55.60 43.29 43.29 55.60 54.70 42.56 42.56 54.20 42.56 46.12 54.70 55.60 55.40 55.40 55.40 42.95 55.60 42.95 42.95 42.95 42.76 55.35 55.35 41.95 55.35 55.18 55.18 55.18 55.35 41.95 55.35 42.76 55.35 55.35 42.76 42.76 46.62 46.62 42.58 42.58 46.62 42.58 42.58 42.58 42.58 42.58 42.58 42.58 14.04 14.04 14.04 14.04 43.88 44.36 44.36 13.34 40.47 40.47 40.47 40.47 40.47 40.47 40.47 40.47 52.41 40.47 40.47 40.47 41.47 53.52 53.52
55.60 55.60 43.29 43.29 55.60 55.60 43.29 43.29 43.29 55.60 55.60 55.07 55.07 43.29 42.56 42.56 46.12 54.20 46.12 46.12 47.01 42.95 55.60 55.60 55.60 55.40 42.95 47.01 47.01 55.40 42.76 42.76 42.76 55.35 55.35 55.35 55.35 55.35 55.18 55.35 55.35 55.35 41.95 42.76 42.76 42.76 42.58 55.12 55.12 46.62 46.62 42.58 54.95 54.95 42.58 42.58 42.58 42.58 42.58 14.04 14.04 14.04 44.36 44.36 40.47 40.47 52.41 40.47 40.47 40.47 52.32 40.47 40.47 40.47 52.41 52.41 52.41 52.32 40.68 40.68 53.70
55.07 55.07 55.07 43.29 55.60 55.60 43.29 43.29 43.29 43.29 55.60 41.63 55.07 43.29 42.56 42.56 54.70 54.70 41.12 42.56 42.95 55.59 55.59 55.59 55.59 42.95 42.95 47.01 47.01 42.95 42.76 42.76 55.18 42.76 42.76 55.35 42.76 42.76 42.76 55.35 42.76 42.76 55.35 55.35 41.16 42.76 42.58 54.95 54.95 54.95 46.62 42.58 54.95 54.95 54.95 42.58 54.95 46.62 42.58 42.58 14.04 14.04 40.47 44.36 40.47 40.47 52.41 40.47 40.47 40.47 40.47 40.47 40.47 40.47 40.47 40.47 40.47 40.47 53.70 40.68 53.70
55.60 55.60 55.60 43.29 55.60 41.63 43.29 55.60 43.29 55.07 55.60 41.63 55.07 55.07 42.56 42.56 54.70 54.70 54.70 46.12 42.95 42.95 55.59 55.59 55.60 42.95 42.95 42.95 55.40 42.95 42.76 55.35 55.35 42.76 55.35 42.76 42.76 46.81 42.76 42.76 42.76 42.76 42.76 55.18 55.18 41.95 54.95 54.95 42.58 42.58 42.58 42.58 42.58 42.58 46.62 42.58 42.58 14.04 14.04 42.58 14.04 46.62 40.47 44.36 40.47 52.32 52.32 44.36 52.32 40.47 40.47 40.47 40.47 40.47 40.47 40.47 52.32 40.47 53.52 53.52 53.70
55.60 55.60 55.60 55.60 55.60 55.07 55.07 55.07 43.29 55.07 55.07 55.07 55.60 55.07 54.20 42.56 42.56 54.70 42.56 42.56 47.01 42.95 42.95 47.01 55.40 42.95 55.40 14.16 14.16 42.95 42.76 42.76 42.76 55.18 55.18 42.76 42.76 42.76 46.81 46.81 46.81 46.81 42.76 55.35 55.18 55.18 42.58 42.58 42.58 55.12 54.95 54.95 54.95 54.95 55.12 55.12 55.12 55.12 42.58 14.04 55.12 54.95 52.32 52.41 52.41 52.41 52.41 40.47 44.36 40.47 40.47 40.47 40.47 40.47 40.47 52.41 52.32 52.32 53.52 53.52 53.70
55.60 43.29 43.29 43.29 43.29 43.29 55.60 55.07 43.29 55.60 55.07 55.07 55.07 55.07 54.20 42.56 42.56 54.70 54.70 42.95 42.95 42.95 47.01 55.40 55.40 55.59 42.95 14.16 47.01 42.95 42.76 42.76 55.35 55.35 55.18 42.76 42.76 14.10 14.10 14.10 46.81 14.10 46.81 55.18 55.35 42.76 42.58 42.58 42.58 42.58 55.12 55.12 55.12 55.12 41.75 55.12 55.12 55.12 55.12 42.58 55.12 55.12 52.32 52.41 52.41 52.41 52.32 52.41 40.47 40.47 40.47 40.47 40.47 40.47 40.47 52.32 52.41 40.47 41.47 53.70 41.47
54.70 54.70 54.19 42.58 42.58 42.58 42.58 54.70 54.20 42.58 54.70 42.58 40.96 40.96 54.37 42.31 42.31 42.31 42.31 42.68 46.69 42.68 42.68 42.68 55.25 55.02 42.68 14.07 42.68 42.68 42.56 42.56 55.09 54.87 42.56 42.56 54.87 14.03 14.03 14.03 14.03 14.03 14.03 14.03 42.56 46.57 42.22 42.22 42.22 54.66 54.66 54.44 54.66 54.66 54.66 54.66 54.66 54.66 54.44 41.27 54.66 54.66 40.61 53.69 53.69 40.61 40.61 53.69 45.40 41.47 53.50 41.47 53.50 53.50 40.03 53.69 53.69 41.47 41.26 41.26 41.26
54.19 42.58 42.58 42.58 42.58 42.58 54.19 54.19 54.70 40.96 54.70 54.70 54.70 40.96 53.88 53.88 42.31 42.31 42.31 42.68 42.68 55.02 42.68 42.68 42.68 42.68 42.68 42.68 42.68 42.68 42.56 55.09 55.09 42.56 55.09 55.09 14.03 14.03 14.03 14.03 14.03 14.03 14.03 14.03 14.03 14.03 13.92 54.44 42.22 42.22 42.22 42.22 42.22 54.66 54.66 42.22 54.66 54.66 54.66 54.66 41.27 54.66 40.61 53.69 53.69 41.47 53.69 53.69 53.50 53.50 53.69 41.47 53.69 53.50 53.50 53.50 41.47 41.47 41.26 53.22 53.42
54.19 42.58 54.70 54.70 54.19 42.58 42.58 54.70 54.70 54.70 54.70 42.58 54.20 40.96 40.78 54.37 53.88 53.88 42.31 42.68 42.68 42.68 42.68 42.68 42.68 42.68 42.68 42.68 42.68 42.68 42.56 55.09 42.56 42.56 42.56 14.03 14.03 14.03 42.56 42.56 46.57 55.09 14.03 14.03 54.87 54.87 54.44 54.44 54.44 42.22 42.22 42.22 42.22 42.22 54.66 46.20 54.66 54.66 41.27 41.27 54.66 54.66 53.69 41.47 41.47 41.47 53.50 41.47 41.47 41.47 53.69 41.47 41.47 41.47 41.47 41.47 41.47 41.41 53.22 41.26 41.26
0.00 42.58 42.58 42.58 42.58 42.58 42.58 54.70 54.19 54.70 42.58 54.70 54.70 54.70 40.78 54.37 53.88 42.31 42.31 42.68 42.68 55.02 46.69 42.68 42.68 42.68 55.02 42.68 42.68 55.02 42.56 42.56 54.87 55.09 42.56 14.03 14.03 14.03 46.57 42.56 42.56 42.56 46.57 14.03 14.03 54.87 42.22 42.22 42.22 42.22 42.22 42.22 42.22 42.22 42.22 42.22 42.22 54.44 41.27 13.92 54.66 42.22 41.47 41.47 41.47 41.47 41.47 41.47 41.47 41.41 41.41 41.41 41.47 41.47 41.47 13.67 13.67 53.47 52.66 41.26 41.26
0.00 0.00 54.19 54.70 42.58 42.58 42.58 54.70 54.19 54.19 54.70 42.58 42.58 54.70 54.37 54.37 54.37 54.37 42.68 55.25 42.68 42.68 42.68 14.07 14.07 42.68 42.68 42.68 55.25 55.25 42.56 55.09 55.09 55.09 42.56 42.56 14.03 14.03 42.56 42.56 42.56 42.56 46.57 54.87 54.87 14.03 13.92 13.92 42.22 42.22 42.22 46.20 46.20 42.22 54.65 42.22 42.22 42.22 42.22 13.92 13.92 13.92 13.67 13.67 41.47 41.47 41.47 41.47 41.41 41.41 53.47 52.95 41.41 41.41 41.41 13.67 41.41 41.41 41.20 41.20 41.20
0.00 42.58 42.58 54.70 54.70 42.58 54.70 54.19 42.58 54.19 54.70 54.70 42.58 54.19 54.37 40.78 39.67 54.37 42.68 42.68 42.68 46.69 42.68 42.68 14.07 42.68 42.68 42.68 55.25 55.25 42.56 42.56 55.09 42.56 42.56 42.56 14.03 14.03 14.03 42.56 14.03 14.03 14.03 46.57 14.03 14.03 13.92 13.92 13.92 13.92 13.92 42.22 46.20 42.22 42.22 42.22 42.22 42.22 42.22 13.92 13.92 13.92 41.47 13.67 13.67 41.47 41.47 41.41 41.41 41.41 41.41 41.41 41.41 41.41 41.41 13.67 41.41 41.41 13.60 13.60 41.20
0.00 42.58 42.58 42.58 54.70 46.11 46.11 42.58 42.58 42.58 40.96 54.70 54.19 54.19 45.84 54.37 40.78 54.37 55.25 55.25 42.68 42.68 42.68 42.68 42.68 42.68 42.68 55.25 55.25 42.68 42.56 42.56 42.56 42.56 42.56 42.56 42.56 14.03 46.57 14.03 14.03 14.03 14.03 14.03 14.03 14.03 13.92 20.42 13.92 13.92 13.92 46.20 42.22 42.22 46.20 42.22 42.22 13.92 13.92 13.92 13.92 13.92 41.47 41.47 13.67 41.47 41.47 41.47 53.78 53.78 41.41 41.41 41.41 13.67 13.67 41.41 41.41 41.41 13.60 41.20 41.20
0.00 14.17 42.58 42.58 42.58 42.58 42.58 42.58 54.70 54.70 54.70 54.70 54.70 54.70 54.37 54.37 54.37 54.37 55.02 42.68 42.68 42.68 42.68 42.68 42.68 42.68 42.68 55.02 42.68 42.68 54.87 42.56 42.56 42.56 42.56 42.56 42.56 46.57 46.57 14.03 14.03 14.03 14.03 14.03 14.03 46.57 46.20 46.20 46.20 13.92 42.22 46.20 46.20 46.20 42.22 42.22 42.22 42.22 42.22 20.42 13.92 13.92 41.47 41.47 13.67 53.78 53.78 53.78 53.78 53.78 53.78 53.78 13.67 13.67 13.67 41.41 41.41 41.41 41.20 41.20 41.20
0.00 54.16 42.58 54.70 42.58 42.58 54.19 54.70 54.19 54.70 42.58 42.58 42.58 42.58 42.31 54.37 42.31 44.26 55.02 14.07 42.68 42.68 42.68 55.02 55.02 42.68 42.68 55.25 42.68 42.68 42.56 42.56 46.56 46.56 42.56 46.56 46.56 46.56 46.56 14.03 14.03 46.56 46.56 46.56 46.56 42.56 13.92 13.92 42.22 42.22 42.22 46.20 42.22 42.22 42.22 42.22 42.22 42.22 42.22 42.22 42.22 13.92 41.47 13.67 13.67 53.78 53.78 53.78 53.78 53.78 53.78 53.78 13.67 53.78 53.78 13.67 41.41 13.67 13.60 41.20 41.20
0.00 0.00 42.58 54.19 42.58 46.11 54.19 54.70 54.70 42.58 42.58 42.58 42.58 42.58 54.37 54.37 42.31 44.56 55.02 55.25 42.68 42.68 42.68 55.25 55.02 55.25 55.25 55.25 55.25 42.68 54.87 42.56 46.56 42.56 42.56 42.56 46.56 46.56 46.56 42.56 42.56 42.56 42.56 46.56 46.56 46.56 42.22 13.92 46.20 42.22 42.22 46.20 46.20 42.22 42.22 42.22 42.22 42.22 42.22 42.22 42.22 13.92 41.47 41.47 13.67 13.67 13.67 13.67 13.67 13.67 13.67 13.67 43.29 53.78 53.78 13.67 13.67 20.05 41.26 41.26 41.26
0.00 0.00 42.58 42.58 42.58 54.70 54.70 42.58 42.58 54.70 42.58 42.58 42.58 54.19 53.88 54.37 54.37 55.02 55.25 55.25 55.02 42.68 55.02 42.68 55.25 55.25 41.73 42.68 42.68 55.02 54.87 42.56 42.56 42.56 42.56 46.56 46.56 46.56 42.56 42.56 42.56 42.56 42.56 46.56 46.56 42.56 46.20 46.20 42.22 46.20 42.22 42.22 46.20 46.20 42.22 54.65 54.44 42.22 42.22 13.92 13.92 13.92 41.47 41.47 13.67 13.67 13.67 13.67 13.67 13.67 13.67 13.67 13.67 13.67 13.67 53.78 53.78 53.78 19.95 13.60 41.26
0.00 54.16 42.58 42.58 42.58 54.19 54.70 42.58 54.19 54.19 42.58 42.58 42.58 54.19 53.88 54.37 54.37 55.25 55.25 55.25 42.68 55.25 55.25 55.25 55.02 55.25 55.25 42.68 42.68 42.68 54.87 42.56 42.56 42.56 46.56 46.56 46.56 46.56 42.56 14.03 14.03 14.03 14.03 46.56 14.03 14.03 13.92 13.92 42.22 46.20 46.20 46.20 46.20 46.20 54.65 42.22 54.65 42.22 13.92 13.92 13.92 13.92 41.47 13.67 20.05 13.67 13.67 13.67 13.67 13.67 13.67 13.67 13.67 13.67 13.67 13.67 43.29 53.78 53.50 53.50 41.26
0.00 54.16 42.58 42.58 54.19 54.70 42.58 42.58 54.19 54.70 42.58 42.58 54.70 54.19 45.84 54.37 53.88 41.73 55.25 55.02 55.02 55.02 55.25 42.68 42.68 55.25 42.68 42.68 42.68 42.68 42.56 42.56 42.56 14.03 14.03 46.56 46.56 46.56 46.56 14.03 14.03 14.03 14.03 14.03 14.03 14.03 42.22 42.22 42.22 42.22 42.22 46.20 44.08 44.08 42.22 42.22 42.22 42.22 13.92 42.22 46.20 42.23 13.67 13.67 13.67 13.67 13.67 13.67 13.67 13.67 13.67 13.67 13.67 13.67 13.67 13.67 13.67 13.67 53.50 13.60 13.60
0.00 42.58 42.58 54.70 54.70 54.19 54.70 54.70 40.96 54.19 54.70 54.70 54.70 54.70 45.84 42.31 42.31 42.68 42.68 55.02 55.02 55.02 55.02 42.68 41.73 55.24 55.24 55.24 46.69 46.69 42.56 42.56 42.56 14.03 14.03 46.56 46.56 46.56 46.56 14.03 14.03 14.03 14.03 14.03 14.03 42.56 42.22 42.22 44.08 13.92 13.92 13.92 44.08 44.08 46.20 46.20 54.65 54.40 13.92 42.22 46.39 20.42 13.67 13.67 13.67 13.67 13.67 13.67 13.67 45.57 13.67 13.67 13.67 13.67 13.67 13.67 13.67 20.05 13.60 13.60 13.60
54.16 42.58 54.70 54.70 54.70 54.70 54.70 54.70 54.19 54.70 54.19 54.19 42.58 42.58 42.31 42.31 42.68 42.68 55.02 14.07 55.02 55.02 42.68 55.24 40.17 55.24 55.02 55.24 46.69 46.69 42.56 42.56 14.03 14.03 42.56 46.56 42.56 46.56 42.56 14.03 14.03 46.56 46.56 14.03 46.56 46.56 46.20 46.20 46.20 13.92 20.42 44.08 54.65 54.65 54.65 54.65 54.40 54.40 13.92 20.42 13.92 13.92 13.67 13.67 13.67 13.67 13.67 13.67 45.57 13.67 13.67 13.67 13.67 13.67 13.67 13.67 13.67 13.67 13.60 13.60 13.60
54.16 54.70 40.96 54.70 40.96 40.96 54.70 40.96 54.19 42.58 42.58 42.58 46.11 42.58 42.31 45.84 55.02 42.68 42.68 14.07 55.02 55.02 55.02 42.68 55.02 55.24 14.07 42.68 42.68 42.68 42.56 42.56 42.56 46.56 46.56 46.56 42.56 42.56 42.56 42.56 46.56 46.56 46.56 46.56 46.56 42.56 42.22 46.20 46.20 54.40 54.40 54.40 54.40 54.40 54.65 54.65 13.92 13.92 13.92 13.92 13.92 13.92 20.05 13.67 13.67 13.67 13.67 20.05 45.40 13.67 13.67 13.67 13.67 13.67 13.67 13.67 13.67 13.67 13.60 41.26 41.20
36.07 36.07 36.15 36.07 36.07 36.15 36.07 36.15 36.15 27.89 36.15 36.07 29.08 36.15 53.06 41.28 41.59 41.59 41.59 40.75 53.85 53.62 53.85 41.59 53.62 13.71 13.71 45.51 45.51 45.51 45.53 41.61 41.61 41.61 41.61 45.53 45.53 41.61 13.72 41.61 45.53 45.53 45.53 43.44 41.61 41.61 40.33 40.33 40.33 52.04 52.04 52.07 52.04 42.11 42.11 42.11 52.23 42.11 52.04 13.30 13.30 13.30 13.53 13.53 13.53 13.53 13.53 13.53 13.53 13.53 13.53 13.53 13.53 13.53 13.53 13.53 13.53 13.53 13.79 13.79 13.79
0.00 36.07 36.07 36.07 36.15 36.07 36.07 36.15 27.89 27.89 29.08 36.15 30.55 29.12 41.28 41.28 41.59 41.59 41.59 53.85 53.85 53.62 53.62 41.59 53.62 13.71 13.71 45.51 45.51 45.51 41.61 41.61 41.61 41.61 41.61 41.61 13.72 13.72 13.72 45.53 45.53 45.53 20.12 43.44 43.44 20.12 44.18 40.33 40.33 44.18 44.18 44.18 42.11 42.11 42.11 42.11 52.23 52.04 52.04 13.30 13.30 13.30 13.53 13.53 13.53 13.53 13.53 13.53 44.92 41.05 13.53 13.53 13.53 13.53 19.85 45.11 13.53 13.53 13.79 13.79 13.79
