New_Model_Runs/12_Future_RCP4.5_Scn2_out/SUM_of_RECHARGE.asc
NCOLS        700
NROWS        400
XLLCORNER     515000.000
YLLCORNER    8409000.000
CELLSIZE         50.000
NODATA_VALUE     -9999.    
[rows 224 to 251 of 400, columns 63 to 125 of 700]
93.58 95.44 97.17 138.1 95.39 95.62 95.62 92.64 120.2 149.0 137.3 98.32 94.60 94.04 94.04 94.04 94.04 99.89 99.89 99.89 99.89 100.3 100.3 100.3 100.3 100.5 100.5 110.6 110.6 100.3 100.3 100.3 100.3 105.8 105.8 105.8 105.8 105.4 105.4 105.4 115.9 138.0 105.3 115.8 105.3 106.1 106.1 106.1 106.1 108.3 108.3 108.3 108.3 119.9 108.1 108.1 108.1 108.6 108.6 120.3 108.6 108.9 108.9
93.58 147.0 92.14 145.0 101.0 92.64 105.6 101.7 105.6 106.3 94.60 103.2 121.6 94.04 94.04 94.04 94.04 99.89 99.89 99.89 99.89 100.3 100.3 120.2 100.3 100.5 100.5 100.5 113.4 115.4 110.4 100.3 117.9 116.4 105.8 105.8 105.8 105.4 105.4 105.4 105.4 105.3 118.6 105.3 105.3 106.1 106.1 106.1 106.1 108.3 108.3 108.3 119.9 108.1 108.1 108.1 108.1 108.6 108.6 108.6 120.3 120.6 108.9
140.2 151.8 158.8 152.3 112.5 117.1 113.2 117.1 117.1 117.9 117.9 102.1 114.9 118.0 102.3 102.3 102.3 109.5 109.5 109.5 109.5 110.0 110.0 110.0 110.0 110.2 110.2 110.2 110.2 110.0 110.0 110.0 110.0 111.6 111.6 111.6 111.6 111.3 111.3 111.3 111.3 111.2 111.2 111.2 111.2 111.9 111.9 111.9 111.9 126.3 116.4 116.4 116.4 116.3 116.3 116.3 116.3 116.7 116.7 116.7 116.7 117.0 117.0
140.2 100.3 100.3 111.0 112.5 117.1 135.4 113.2 113.2 136.5 102.1 102.1 112.8 102.3 102.3 102.3 102.3 109.5 109.5 109.5 109.5 110.0 110.0 110.0 110.0 110.2 110.2 110.2 110.2 110.0 110.0 110.0 110.0 111.6 111.6 111.6 111.6 111.3 111.3 111.3 111.3 111.2 111.2 111.2 111.2 111.9 111.9 111.9 111.9 116.4 116.4 116.4 116.4 116.3 116.3 116.3 116.3 116.7 116.7 116.7 116.7 117.0 117.0
139.4 100.6 100.6 100.6 100.6 100.4 100.4 100.4 100.4 101.3 101.3 101.3 101.3 112.6 112.7 101.9 101.9 109.1 109.1 109.1 109.1 109.3 121.5 109.3 109.3 109.4 109.4 109.4 109.4 120.5 109.3 109.3 109.3 111.6 111.6 111.6 111.6 111.6 111.6 111.6 111.6 111.4 111.4 111.4 111.4 111.0 111.0 111.0 111.0 125.5 125.8 115.1 115.1 115.6 115.6 115.6 115.6 116.0 116.0 116.0 116.0 116.3 116.3
139.4 100.6 111.3 100.6 100.6 100.4 100.4 100.4 100.4 111.9 101.3 101.3 101.3 112.6 101.9 101.9 101.9 121.3 109.1 109.1 109.1 109.3 109.3 109.3 109.3 109.4 109.4 109.4 109.4 109.3 109.3 120.5 109.3 111.6 111.6 111.6 111.6 111.6 111.6 111.6 111.6 111.4 111.4 111.4 121.4 111.0 111.0 111.0 111.0 125.5 115.1 115.1 115.1 115.6 115.6 115.6 115.6 136.0 116.0 116.0 116.0 116.3 116.3
139.4 100.6 100.6 100.6 100.6 100.4 118.7 100.4 100.4 101.3 101.3 101.3 101.3 112.6 114.6 101.9 101.9 109.1 109.1 124.2 109.1 109.3 109.3 109.3 109.3 109.4 109.4 109.4 109.4 109.3 109.3 109.3 109.3 111.6 122.6 111.6 122.3 111.6 121.3 111.6 111.6 111.4 121.1 111.4 111.4 111.0 111.0 111.0 111.0 133.7 115.1 115.1 115.1 115.6 115.6 115.6 115.6 116.0 116.0 116.0 116.0 116.3 127.5
150.9 143.3 100.6 100.6 126.3 100.4 100.4 100.4 100.4 101.3 101.3 101.3 101.3 101.9 101.9 101.9 118.7 109.1 109.1 109.1 109.1 109.3 109.3 109.3 109.3 109.4 109.4 109.4 109.4 109.3 109.3 109.3 109.3 111.6 111.6 111.6 111.6 111.6 111.6 111.6 121.3 121.0 111.4 111.4 111.4 111.0 111.0 111.0 111.0 115.1 115.1 115.1 115.1 115.6 115.6 115.6 115.6 116.0 116.0 116.0 116.0 116.3 116.3
96.70 101.1 143.8 143.8 143.8 100.8 100.8 100.8 100.8 100.9 100.9 100.9 100.9 111.7 101.0 111.7 101.0 120.5 120.5 108.4 108.4 108.3 108.3 120.4 120.4 108.2 108.2 108.2 108.2 108.1 108.1 108.1 108.1 111.2 127.8 111.2 120.6 110.8 110.8 110.8 110.8 111.3 111.3 111.3 111.3 111.0 111.0 111.0 111.0 115.3 115.3 115.3 115.3 116.0 116.0 116.0 116.0 116.0 116.0 116.0 116.0 115.7 115.7
96.70 111.8 111.8 111.8 143.8 143.5 100.8 100.8 100.8 100.9 100.9 100.9 100.9 101.0 101.0 101.0 101.0 120.5 108.4 108.4 108.4 108.3 108.3 108.3 108.3 108.2 108.2 108.2 108.2 108.1 126.9 108.1 108.1 111.2 111.2 111.2 111.2 110.8 110.8 110.8 110.8 111.3 111.3 111.3 111.3 111.0 111.0 111.0 111.0 115.3 115.3 115.3 115.3 116.0 116.0 116.0 116.0 116.0 116.0 116.0 135.7 115.7 115.7
108.9 103.8 103.8 101.1 101.1 143.5 143.5 100.8 100.8 100.9 100.9 111.5 100.9 101.0 101.0 101.0 101.0 108.4 120.5 108.4 108.4 120.4 108.3 108.3 108.3 108.2 108.2 108.2 108.2 108.1 108.1 108.1 108.1 111.2 111.2 111.2 111.2 110.8 110.8 110.8 110.8 111.3 111.3 111.3 111.3 111.0 111.0 111.0 111.0 115.3 115.3 115.3 115.3 116.0 116.0 116.0 116.0 141.8 126.9 137.3 116.0 115.7 126.4
97.78 105.0 147.7 157.1 143.8 164.3 111.4 100.8 100.8 113.2 100.9 100.9 111.6 101.0 101.0 101.0 101.0 108.4 108.4 108.4 108.4 120.1 108.3 108.3 108.3 108.2 108.2 120.0 108.2 108.1 108.1 108.1 108.1 111.2 111.2 111.2 111.2 110.8 110.8 110.8 110.8 111.3 111.3 111.3 111.3 111.0 111.0 111.0 111.0 115.3 115.3 115.3 115.3 116.0 116.0 116.0 135.8 116.0 116.0 116.0 116.0 115.7 115.7
96.85 104.5 143.5 130.8 124.7 100.7 111.9 100.0 143.5 119.0 100.6 100.6 100.6 100.8 100.8 100.8 100.8 107.7 107.7 107.7 107.7 107.1 107.1 107.1 119.1 107.1 107.1 107.1 107.1 107.0 107.0 107.0 107.0 110.8 110.8 110.8 110.8 111.6 111.6 111.6 111.6 111.5 111.5 111.5 111.5 112.1 112.1 112.1 112.1 116.2 116.2 116.2 116.2 116.3 116.3 116.3 127.2 115.8 115.8 115.8 115.8 115.6 115.6
153.2 148.8 104.3 100.8 100.8 100.7 100.7 100.7 100.7 111.3 100.6 100.6 100.6 100.8 100.8 100.8 100.8 107.7 107.7 107.7 107.7 107.1 107.1 107.1 107.1 107.1 107.1 107.1 107.1 107.0 107.0 118.9 107.0 110.8 110.8 110.8 110.8 111.6 111.6 111.6 111.6 111.5 111.5 111.5 111.5 112.1 112.1 112.1 112.1 116.2 116.2 116.2 116.2 116.3 116.3 116.3 116.3 115.8 115.8 115.8 115.8 115.6 115.6
153.0 170.6 102.6 100.8 100.8 100.7 100.7 100.7 100.7 101.4 101.4 101.4 101.4 100.8 100.8 122.0 100.8 107.7 107.7 107.7 107.7 107.1 107.1 119.1 107.1 107.1 107.1 107.1 107.1 107.0 107.0 107.0 107.0 110.8 110.8 110.8 110.8 111.6 111.6 111.6 111.6 111.5 111.5 111.5 111.5 112.1 112.1 112.1 112.1 116.2 116.2 116.2 116.2 116.3 116.3 116.3 116.3 115.8 115.8 115.8 115.8 115.6 115.6
143.6 156.2 111.7 111.7 111.9 100.7 115.4 100.7 100.7 101.4 101.4 101.4 101.4 101.5 101.5 101.5 101.5 107.7 107.7 107.7 107.7 107.1 107.1 107.1 107.1 107.1 107.1 107.1 107.1 125.7 107.0 107.0 107.0 110.8 110.8 110.8 110.8 111.6 111.6 111.6 111.6 111.5 111.5 111.5 111.5 112.1 112.1 112.1 112.1 116.2 116.2 116.2 116.2 116.3 136.6 116.3 127.2 115.8 115.8 115.8 115.8 115.6 115.6
100.6 144.4 99.92 99.92 99.92 100.3 111.3 111.3 111.3 101.3 111.4 101.3 120.0 101.3 101.3 101.3 101.3 107.6 107.6 107.6 107.1 106.7 106.7 106.7 106.7 107.1 107.1 107.1 107.1 107.4 107.4 107.4 107.4 111.6 111.6 111.6 111.6 111.9 111.9 111.9 111.9 112.4 112.4 112.4 112.4 112.9 112.9 112.9 112.9 117.0 117.0 117.0 117.0 116.2 116.2 116.2 116.2 116.0 116.0 116.0 116.0 116.0 116.0
113.7 158.4 142.6 99.92 99.92 100.3 100.3 100.3 100.3 101.3 101.3 101.3 101.3 111.4 101.3 101.3 101.3 107.6 107.6 117.7 107.6 125.2 127.5 106.7 106.7 107.1 107.1 107.1 107.1 119.4 107.4 107.4 107.4 111.6 111.6 128.2 111.6 111.9 111.9 111.9 111.9 112.4 112.4 112.4 112.4 112.9 112.9 112.9 112.9 117.0 117.0 117.0 117.0 136.6 127.3 116.2 116.2 116.0 116.0 116.0 116.0 116.0 116.0
114.8 117.0 102.4 102.4 102.4 102.7 102.7 102.7 102.7 103.9 103.9 103.9 103.9 103.9 114.1 103.9 122.3 126.5 108.0 108.0 108.0 107.6 107.6 107.6 107.6 108.1 108.1 108.0 108.0 108.4 120.3 108.4 108.4 109.4 109.4 109.4 109.4 111.1 111.1 111.1 111.1 111.1 111.1 111.1 111.1 111.7 111.7 111.7 128.6 112.0 112.0 112.0 112.0 111.1 122.4 111.1 111.1 111.2 111.2 111.2 111.2 111.3 111.3
99.95 102.4 102.4 102.4 102.4 102.7 102.7 102.7 102.7 103.9 103.9 103.9 106.8 103.9 103.9 103.9 103.9 108.0 108.0 117.5 108.0 107.6 107.6 107.6 107.6 108.1 108.1 108.1 108.1 108.4 108.4 108.4 108.4 109.4 109.4 109.4 109.4 111.1 111.1 111.1 111.1 111.1 111.1 111.1 111.1 111.7 111.7 111.7 111.7 112.0 112.0 112.0 112.0 111.1 111.1 111.1 111.1 111.2 111.2 111.2 111.2 121.8 121.8
100.2 103.3 103.3 103.3 114.0 104.2 104.2 104.2 104.2 118.4 118.4 104.8 107.2 106.7 103.7 103.7 103.7 107.6 107.6 107.6 107.6 107.8 107.8 107.8 107.8 108.5 108.5 108.5 108.5 108.6 137.2 108.6 108.6 110.1 110.1 110.1 110.1 111.7 111.7 111.7 111.7 112.0 112.0 112.0 112.0 112.5 112.5 112.5 112.5 112.0 112.0 112.0 112.0 111.2 111.2 111.2 111.2 111.2 111.2 111.2 111.2 111.4 111.4
100.2 103.3 103.3 103.3 103.3 104.2 104.2 104.2 117.6 122.0 122.0 117.4 107.2 103.7 103.7 103.7 103.7 107.6 107.6 107.6 107.6 107.8 107.8 107.8 107.8 108.5 108.5 108.5 108.5 108.6 108.6 108.6 108.6 110.6 110.6 110.6 110.1 111.7 111.7 111.7 111.7 112.0 112.0 112.0 112.0 112.5 112.5 112.5 131.2 129.3 112.0 112.0 112.0 111.2 111.2 111.2 111.2 111.2 111.2 111.2 111.2 111.4 111.4
100.2 116.5 116.5 103.3 103.3 104.2 104.2 104.2 104.2 107.2 117.4 107.2 104.8 103.7 103.7 103.7 115.1 107.6 107.6 107.6 107.6 107.8 107.8 107.8 107.8 108.5 108.5 108.5 108.5 108.6 108.6 108.6 108.6 110.6 110.6 110.6 110.6 111.0 111.0 111.0 111.7 112.0 112.0 112.0 112.0 112.5 112.5 112.5 131.2 142.0 113.6 112.0 129.3 111.2 111.2 111.2 111.2 111.2 111.2 111.2 111.2 111.4 111.4
100.2 103.3 103.3 103.3 116.5 117.6 104.2 104.2 121.6 107.2 107.2 107.2 104.8 103.7 103.7 114.3 103.7 107.6 107.6 107.6 126.3 107.8 107.8 107.8 107.8 118.1 108.5 108.5 108.5 124.1 118.3 108.6 108.6 110.6 110.6 110.6 110.6 111.0 111.0 111.0 111.0 112.2 112.2 112.0 112.0 112.5 123.6 123.4 113.4 129.1 129.1 113.6 112.0 111.2 111.2 111.2 111.2 111.2 111.2 111.2 111.2 166.2 111.4
100.8 114.9 107.4 107.4 105.0 105.4 105.4 105.4 105.4 107.4 118.8 105.0 105.0 103.5 103.5 103.5 103.5 107.4 107.4 107.4 107.4 107.9 107.9 107.9 107.9 108.6 108.6 108.6 108.6 108.7 108.7 108.7 108.7 110.6 110.6 110.6 110.6 111.3 111.3 111.3 111.3 111.5 111.5 111.5 111.5 136.9 112.5 131.2 129.1 129.1 113.6 122.8 111.7 111.0 111.0 111.0 111.0 111.2 111.2 141.5 141.5 166.4 111.0
110.6 120.3 115.4 115.4 105.0 105.4 105.4 105.4 105.4 105.0 105.0 118.8 105.0 103.5 103.5 103.5 103.5 107.4 107.4 107.4 117.0 107.9 107.9 107.9 107.9 108.6 108.6 108.6 108.6 108.7 124.2 108.7 108.7 110.6 110.6 110.6 110.6 111.3 131.0 111.3 111.3 111.5 111.5 111.5 111.5 111.5 111.5 129.9 132.1 113.6 118.2 111.7 111.7 111.0 111.0 111.0 111.0 111.2 111.2 141.5 141.5 141.7 141.7
124.0 127.8 127.8 127.8 105.0 105.4 105.4 105.4 105.4 105.0 105.0 105.0 105.0 103.5 103.5 103.5 103.5 107.4 107.4 107.4 107.4 107.9 107.9 107.9 107.9 108.6 108.6 108.6 108.6 108.7 108.7 108.7 108.7 110.6 110.6 110.6 110.6 111.3 111.3 111.3 111.3 111.5 112.2 111.5 191.1 112.3 111.5 129.9 111.5 129.4 132.3 111.3 111.3 111.0 111.0 111.0 111.0 111.2 111.2 111.2 141.5 141.7 141.7
125.7 129.9 129.6 127.8 132.9 132.9 105.4 105.4 105.4 105.0 105.0 105.0 105.0 103.5 103.5 103.5 103.5 107.4 107.4 107.4 107.4 107.9 107.9 107.9 107.9 108.6 108.6 108.6 108.6 108.7 108.7 118.4 108.7 110.6 110.6 110.6 110.6 111.3 131.0 111.3 111.3 112.2 112.2 144.4 141.5 113.3 111.5 111.5 111.5 111.3 111.3 113.4 154.5 110.2 110.2 110.2 111.0 111.2 111.2 111.2 141.5 141.7 152.8
