Sensitivity_testing/Dynamic_input/Gridded_temps/prism_tmin_tutuila_30yr_normal_08.asc
ncols         700
nrows         400
xllcorner     515000
yllcorner     8409000
cellsize      50
NODATA_value  -9999
[rows 170 to 203 of 400, columns 312 to 389 of 700]
23.53 23.43 23.3 23.13 22.92 22.69 22.54 22.4 22.32 22.25 22.23 22.29 22.46 22.62 22.78 22.73 22.66 22.72 22.8 22.97 23.04 23.03 22.94 22.81 22.54 22.26 21.98 21.77 21.71 21.7 21.75 21.8 21.87 21.96 22.07 22.24 22.4 22.55 22.68 22.79 22.89 22.98 23.03 23.08 23.13 23.18 23.23 23.25 23.25 23.31 23.4 23.37 23.35 23.4 23.42 23.38 23.35 23.31 23.32 23.34 23.43 23.51 23.57 23.59 23.52 23.51 23.53 23.58 23.63 23.6 23.56 23.47 23.41 23.41 23.45 23.54 23.63 23.72
23.52 23.43 23.29 23.12 22.92 22.71 22.55 22.4 22.29 22.2 22.13 22.2 22.39 22.55 22.7 22.6 22.5 22.59 22.7 22.87 22.95 22.95 22.87 22.76 22.5 22.23 21.96 21.76 21.7 21.69 21.74 21.83 21.92 22.04 22.17 22.34 22.51 22.67 22.8 22.91 22.98 23.04 23.08 23.12 23.19 23.25 23.31 23.35 23.38 23.46 23.55 23.54 23.53 23.57 23.61 23.6 23.57 23.51 23.46 23.42 23.49 23.57 23.67 23.7 23.62 23.59 23.6 23.66 23.72 23.7 23.65 23.54 23.47 23.48 23.55 23.66 23.76 23.85
23.5 23.4 23.27 23.1 22.91 22.71 22.53 22.36 22.23 22.11 22.03 22.07 22.26 22.39 22.5 22.43 22.35 22.45 22.58 22.75 22.84 22.83 22.76 22.64 22.41 22.18 21.97 21.82 21.8 21.81 21.86 21.95 22.06 22.18 22.32 22.47 22.61 22.72 22.8 22.86 22.89 22.91 22.95 23.01 23.13 23.23 23.31 23.38 23.43 23.52 23.61 23.63 23.65 23.69 23.72 23.73 23.72 23.67 23.61 23.55 23.6 23.66 23.75 23.79 23.73 23.7 23.69 23.73 23.8 23.78 23.74 23.63 23.57 23.59 23.67 23.78 23.86 23.94
23.46 23.37 23.25 23.09 22.9 22.71 22.5 22.3 22.15 22.02 21.92 21.94 22.1 22.19 22.25 22.23 22.21 22.32 22.45 22.63 22.72 22.71 22.62 22.5 22.31 22.12 21.99 21.92 21.95 21.99 22.04 22.12 22.22 22.35 22.49 22.61 22.71 22.75 22.75 22.72 22.7 22.68 22.73 22.81 23 23.16 23.28 23.37 23.43 23.53 23.63 23.69 23.74 23.77 23.8 23.82 23.83 23.81 23.76 23.7 23.73 23.76 23.84 23.88 23.85 23.82 23.79 23.81 23.86 23.85 23.82 23.73 23.68 23.72 23.8 23.89 23.95 24
23.4 23.33 23.22 23.06 22.89 22.71 22.51 22.31 22.11 21.94 21.82 21.82 21.96 22 22.01 22.04 22.08 22.21 22.35 22.49 22.55 22.52 22.44 22.34 22.21 22.08 22.03 22.02 22.1 22.17 22.23 22.31 22.39 22.5 22.6 22.65 22.67 22.62 22.57 22.52 22.49 22.48 22.56 22.67 22.88 23.07 23.19 23.28 23.33 23.41 23.51 23.59 23.66 23.7 23.74 23.8 23.84 23.86 23.85 23.82 23.84 23.86 23.91 23.94 23.92 23.9 23.88 23.89 23.92 23.92 23.9 23.84 23.82 23.85 23.9 23.96 24 24.04
23.34 23.28 23.18 23.04 22.88 22.71 22.53 22.33 22.08 21.86 21.72 21.7 21.81 21.82 21.78 21.86 21.96 22.11 22.25 22.36 22.38 22.33 22.25 22.17 22.1 22.05 22.07 22.13 22.26 22.36 22.43 22.49 22.55 22.64 22.7 22.66 22.59 22.47 22.37 22.29 22.28 22.28 22.4 22.54 22.77 22.97 23.08 23.16 23.21 23.28 23.35 23.45 23.55 23.59 23.65 23.75 23.83 23.89 23.92 23.93 23.94 23.96 23.98 24 23.99 23.98 23.97 23.97 23.99 23.99 23.98 23.96 23.96 23.98 24 24.02 24.04 24.06
23.2 23.18 23.11 23 22.87 22.73 22.54 22.35 22.07 21.83 21.68 21.64 21.71 21.73 21.72 21.81 21.93 22.07 22.18 22.25 22.25 22.2 22.14 22.07 22.05 22.04 22.07 22.14 22.27 22.37 22.44 22.49 22.53 22.6 22.64 22.51 22.38 22.24 22.15 22.1 22.1 22.13 22.27 22.43 22.63 22.8 22.92 23 23.07 23.15 23.25 23.36 23.46 23.5 23.56 23.68 23.77 23.86 23.9 23.93 23.95 23.96 23.98 23.99 24 24 24 24.01 24.01 24.01 24.01 24.01 24 24.02 24.03 24.04 24.05 24.06
23.05 23.06 23.03 22.95 22.84 22.72 22.54 22.35 22.06 21.81 21.64 21.57 21.62 21.64 21.65 21.76 21.89 22.02 22.12 22.14 22.13 22.07 22.03 21.99 22.01 22.03 22.09 22.16 22.27 22.36 22.42 22.45 22.47 22.51 22.53 22.34 22.17 22.04 21.96 21.93 21.96 22.01 22.16 22.32 22.48 22.63 22.75 22.85 22.93 23.04 23.16 23.27 23.37 23.41 23.48 23.6 23.72 23.82 23.88 23.92 23.94 23.95 23.96 23.98 24 24.02 24.03 24.03 24.03 24.04 24.04 24.04 24.04 24.05 24.05 24.06 24.06 24.06
22.81 22.88 22.88 22.81 22.7 22.58 22.45 22.3 22.02 21.77 21.6 21.52 21.53 21.55 21.58 21.7 21.84 21.96 22.04 22.04 22.01 21.96 21.95 21.95 22.01 22.08 22.16 22.23 22.3 22.32 22.28 22.23 22.18 22.2 22.21 22.11 22.02 21.94 21.92 21.94 22 22.07 22.17 22.27 22.36 22.45 22.56 22.68 22.81 22.95 23.11 23.2 23.29 23.34 23.41 23.53 23.64 23.73 23.78 23.83 23.84 23.85 23.87 23.9 23.95 23.99 24 24.01 24.02 24.03 24.04 24.04 24.05 24.05 24.06 24.06 24.06 24.06
22.54 22.66 22.7 22.64 22.53 22.41 22.31 22.2 21.94 21.71 21.55 21.46 21.46 21.48 21.52 21.65 21.78 21.88 21.94 21.91 21.88 21.85 21.87 21.91 22 22.09 22.14 22.18 22.21 22.17 22.06 21.96 21.86 21.87 21.89 21.88 21.87 21.86 21.9 21.98 22.06 22.14 22.2 22.26 22.29 22.35 22.44 22.56 22.71 22.87 23.04 23.14 23.22 23.28 23.36 23.47 23.56 23.64 23.69 23.74 23.74 23.75 23.76 23.8 23.88 23.93 23.96 23.98 24 24.02 24.03 24.04 24.05 24.05 24.06 24.06 24.06 24.06
22.24 22.38 22.44 22.42 22.32 22.18 22.08 21.98 21.78 21.6 21.48 21.41 21.41 21.44 21.48 21.59 21.7 21.77 21.8 21.74 21.71 21.72 21.77 21.84 21.92 21.99 21.95 21.9 21.83 21.77 21.7 21.59 21.46 21.5 21.56 21.65 21.74 21.82 21.93 22.05 22.16 22.26 22.32 22.36 22.38 22.41 22.48 22.56 22.66 22.79 22.94 23.06 23.17 23.27 23.36 23.45 23.52 23.56 23.59 23.62 23.62 23.61 23.61 23.65 23.75 23.82 23.87 23.91 23.95 23.97 23.99 24.01 24.02 24.04 24.05 24.05 24.06 24.06
22.01 22.13 22.2 22.19 22.09 21.95 21.86 21.78 21.66 21.55 21.47 21.44 21.44 21.47 21.51 21.58 21.66 21.67 21.65 21.57 21.55 21.59 21.65 21.72 21.76 21.79 21.67 21.57 21.49 21.44 21.41 21.32 21.2 21.27 21.36 21.51 21.65 21.79 21.93 22.08 22.21 22.34 22.41 22.47 22.48 22.5 22.56 22.61 22.68 22.77 22.88 23 23.12 23.23 23.33 23.41 23.46 23.49 23.5 23.51 23.5 23.5 23.48 23.51 23.6 23.68 23.74 23.8 23.85 23.89 23.92 23.94 23.97 24.01 24.03 24.04 24.05 24.06
21.85 21.94 21.97 21.94 21.84 21.71 21.64 21.59 21.57 21.56 21.53 21.53 21.55 21.57 21.6 21.63 21.64 21.57 21.5 21.42 21.4 21.46 21.5 21.53 21.5 21.46 21.31 21.2 21.19 21.19 21.18 21.14 21.09 21.2 21.32 21.48 21.63 21.76 21.91 22.05 22.21 22.37 22.49 22.59 22.62 22.65 22.69 22.74 22.77 22.82 22.86 22.96 23.06 23.15 23.24 23.32 23.37 23.4 23.4 23.4 23.4 23.4 23.38 23.39 23.45 23.51 23.57 23.63 23.7 23.74 23.79 23.83 23.89 23.95 23.99 24.02 24.03 24.04
21.8 21.88 21.9 21.85 21.77 21.66 21.63 21.6 21.62 21.63 21.63 21.65 21.67 21.69 21.7 21.69 21.67 21.57 21.47 21.37 21.33 21.33 21.32 21.32 21.27 21.21 21.07 20.98 20.97 20.97 20.98 20.99 21.01 21.15 21.29 21.44 21.58 21.71 21.85 22 22.17 22.34 22.49 22.62 22.68 22.73 22.78 22.82 22.87 22.9 22.93 22.98 23.03 23.08 23.13 23.2 23.25 23.28 23.29 23.28 23.29 23.29 23.28 23.28 23.31 23.36 23.42 23.49 23.55 23.59 23.65 23.72 23.8 23.89 23.94 23.98 24 24.01
21.81 21.89 21.91 21.84 21.78 21.72 21.72 21.73 21.74 21.75 21.76 21.78 21.81 21.81 21.8 21.77 21.73 21.62 21.51 21.39 21.29 21.2 21.14 21.09 21.06 21.01 20.91 20.84 20.8 20.78 20.79 20.86 20.96 21.11 21.26 21.39 21.52 21.65 21.79 21.93 22.1 22.28 22.44 22.59 22.69 22.77 22.82 22.89 22.96 23 23.04 23.03 23.02 23 23.01 23.06 23.1 23.14 23.15 23.14 23.16 23.18 23.17 23.16 23.17 23.22 23.3 23.35 23.39 23.44 23.5 23.6 23.71 23.81 23.88 23.93 23.95 23.96
21.84 21.94 21.96 21.91 21.86 21.82 21.84 21.87 21.88 21.88 21.89 21.91 21.93 21.91 21.88 21.83 21.78 21.7 21.61 21.52 21.36 21.15 21.03 20.94 20.89 20.83 20.75 20.69 20.69 20.71 20.74 20.82 20.93 21.08 21.23 21.35 21.47 21.58 21.71 21.85 22.01 22.17 22.33 22.47 22.56 22.64 22.71 22.8 22.91 23 23.09 23.1 23.1 23.06 23.05 23.07 23.1 23.13 23.14 23.13 23.15 23.16 23.15 23.15 23.15 23.18 23.23 23.25 23.26 23.32 23.39 23.5 23.6 23.69 23.76 23.81 23.84 23.87
21.88 22 22.03 21.98 21.96 21.94 21.98 22.02 22.02 22.02 22.02 22.03 22.04 22 21.94 21.89 21.84 21.79 21.73 21.67 21.46 21.13 20.94 20.81 20.73 20.65 20.57 20.54 20.61 20.67 20.73 20.81 20.9 21.06 21.21 21.31 21.42 21.52 21.63 21.76 21.9 22.05 22.19 22.32 22.4 22.47 22.54 22.66 22.82 22.97 23.11 23.18 23.22 23.17 23.14 23.13 23.14 23.16 23.17 23.17 23.18 23.19 23.17 23.17 23.16 23.17 23.18 23.16 23.13 23.21 23.3 23.39 23.48 23.54 23.61 23.67 23.72 23.75
21.91 22.03 22.09 22.07 22.07 22.07 22.11 22.15 22.14 22.14 22.14 22.14 22.13 22.07 21.99 21.94 21.89 21.86 21.84 21.82 21.67 21.39 21.19 21.04 20.93 20.83 20.67 20.59 20.69 20.77 20.83 20.91 20.99 21.16 21.32 21.41 21.49 21.55 21.62 21.71 21.85 22 22.11 22.21 22.26 22.33 22.43 22.57 22.73 22.89 23.04 23.15 23.23 23.25 23.26 23.26 23.27 23.28 23.29 23.29 23.29 23.3 23.3 23.3 23.29 23.29 23.29 23.26 23.22 23.25 23.29 23.34 23.39 23.43 23.48 23.54 23.59 23.63
21.94 22.06 22.13 22.16 22.18 22.2 22.23 22.26 22.26 22.26 22.26 22.24 22.21 22.13 22.04 21.99 21.95 21.94 21.94 21.98 21.88 21.65 21.46 21.28 21.16 21.03 20.79 20.67 20.79 20.88 20.94 21.01 21.1 21.27 21.45 21.52 21.58 21.6 21.63 21.68 21.8 21.96 22.05 22.12 22.15 22.21 22.34 22.49 22.65 22.81 22.96 23.1 23.22 23.31 23.37 23.39 23.4 23.41 23.42 23.42 23.42 23.42 23.43 23.44 23.44 23.43 23.41 23.37 23.33 23.32 23.31 23.3 23.31 23.32 23.36 23.42 23.46 23.51
21.98 22.07 22.14 22.19 22.24 22.28 22.31 22.34 22.36 22.36 22.36 22.32 22.27 22.19 22.11 22.06 22.02 22.02 22.03 22.1 22.04 21.88 21.71 21.54 21.41 21.27 21.02 20.88 20.96 21.01 21.04 21.13 21.24 21.43 21.62 21.71 21.77 21.76 21.77 21.78 21.89 22.03 22.14 22.24 22.26 22.31 22.41 22.52 22.64 22.75 22.86 22.97 23.08 23.17 23.25 23.31 23.36 23.42 23.46 23.49 23.5 23.52 23.54 23.56 23.58 23.57 23.55 23.53 23.5 23.46 23.43 23.41 23.38 23.35 23.36 23.39 23.43 23.47
21.98 22.05 22.12 22.2 22.26 22.33 22.37 22.41 22.44 22.46 22.45 22.41 22.33 22.27 22.2 22.15 22.1 22.11 22.14 22.22 22.2 22.08 21.94 21.79 21.65 21.5 21.25 21.09 21.13 21.14 21.14 21.24 21.37 21.58 21.78 21.88 21.94 21.93 21.92 21.91 22 22.12 22.24 22.35 22.38 22.43 22.5 22.58 22.66 22.73 22.79 22.88 22.96 23.05 23.14 23.22 23.31 23.39 23.46 23.52 23.55 23.58 23.62 23.66 23.7 23.71 23.69 23.67 23.66 23.61 23.56 23.52 23.46 23.4 23.38 23.38 23.41 23.45
21.87 21.92 22 22.11 22.22 22.32 22.38 22.45 22.49 22.52 22.52 22.48 22.42 22.38 22.34 22.28 22.22 22.25 22.29 22.35 22.32 22.21 22.1 22 21.84 21.68 21.47 21.33 21.32 21.28 21.22 21.33 21.49 21.69 21.88 21.99 22.08 22.1 22.11 22.11 22.17 22.26 22.37 22.48 22.55 22.63 22.7 22.76 22.81 22.84 22.87 22.91 22.95 23 23.05 23.12 23.18 23.25 23.33 23.42 23.46 23.52 23.6 23.68 23.76 23.8 23.81 23.81 23.8 23.75 23.71 23.65 23.59 23.51 23.47 23.46 23.49 23.52
21.76 21.81 21.91 22.06 22.19 22.31 22.4 22.48 22.54 22.59 22.6 22.58 22.52 22.49 22.47 22.41 22.36 22.41 22.45 22.48 22.44 22.33 22.24 22.14 21.98 21.81 21.64 21.52 21.51 21.45 21.36 21.46 21.63 21.8 21.97 22.1 22.2 22.26 22.29 22.3 22.35 22.41 22.5 22.61 22.7 22.8 22.88 22.94 22.97 22.99 22.99 23 23 23.02 23.05 23.08 23.13 23.18 23.24 23.31 23.36 23.42 23.54 23.65 23.77 23.85 23.89 23.9 23.91 23.87 23.83 23.78 23.71 23.63 23.58 23.55 23.57 23.6
21.64 21.72 21.85 22.03 22.18 22.32 22.42 22.52 22.59 22.66 22.69 22.69 22.65 22.62 22.59 22.55 22.51 22.59 22.63 22.61 22.55 22.45 22.33 22.21 22.03 21.86 21.75 21.67 21.68 21.65 21.57 21.65 21.78 21.92 22.07 22.19 22.31 22.39 22.45 22.49 22.53 22.58 22.66 22.73 22.83 22.92 23.03 23.11 23.16 23.18 23.19 23.18 23.16 23.17 23.17 23.18 23.19 23.21 23.2 23.19 23.23 23.27 23.41 23.54 23.7 23.81 23.9 23.94 23.96 23.94 23.92 23.88 23.82 23.76 23.71 23.66 23.67 23.7
21.56 21.66 21.8 21.98 22.14 22.3 22.42 22.53 22.61 22.69 22.74 22.77 22.76 22.75 22.73 22.7 22.69 22.76 22.78 22.73 22.64 22.53 22.39 22.25 22.07 21.91 21.85 21.82 21.84 21.81 21.73 21.79 21.89 22.01 22.13 22.24 22.35 22.45 22.53 22.59 22.64 22.69 22.76 22.83 22.91 23.01 23.12 23.21 23.27 23.31 23.34 23.33 23.33 23.33 23.33 23.31 23.3 23.3 23.26 23.2 23.19 23.21 23.33 23.46 23.62 23.76 23.89 23.95 23.99 23.99 23.98 23.95 23.92 23.87 23.82 23.77 23.78 23.8
21.53 21.62 21.75 21.92 22.08 22.25 22.39 22.51 22.61 22.69 22.77 22.83 22.87 22.88 22.87 22.87 22.88 22.92 22.92 22.83 22.72 22.58 22.43 22.27 22.11 21.97 21.96 21.96 21.98 21.94 21.85 21.88 21.96 22.07 22.17 22.26 22.35 22.44 22.53 22.62 22.69 22.76 22.82 22.89 22.97 23.07 23.16 23.24 23.3 23.37 23.44 23.47 23.5 23.52 23.51 23.47 23.45 23.45 23.4 23.32 23.25 23.21 23.3 23.4 23.55 23.7 23.85 23.94 24.01 24.02 24.03 24.01 24 23.97 23.93 23.89 23.88 23.89
21.53 21.62 21.75 21.92 22.08 22.24 22.37 22.49 22.58 22.66 22.76 22.84 22.92 22.97 23.02 23.02 23.03 23.04 23.02 22.9 22.76 22.61 22.45 22.29 22.14 22.01 22.02 22.04 22.06 22.03 21.94 21.95 21.99 22.07 22.15 22.23 22.3 22.38 22.46 22.54 22.62 22.69 22.75 22.81 22.89 22.97 23.05 23.13 23.22 23.33 23.45 23.53 23.6 23.64 23.66 23.62 23.6 23.6 23.53 23.45 23.36 23.3 23.34 23.42 23.53 23.67 23.82 23.92 24.01 24.03 24.05 24.05 24.04 24.02 24 23.97 23.96 23.96
21.54 21.63 21.76 21.94 22.09 22.24 22.35 22.46 22.54 22.62 22.72 22.84 22.96 23.06 23.16 23.17 23.17 23.16 23.1 22.96 22.8 22.63 22.47 22.31 22.16 22.04 22.07 22.1 22.12 22.09 22.02 22 22.01 22.06 22.11 22.17 22.23 22.29 22.36 22.43 22.5 22.57 22.62 22.68 22.75 22.82 22.89 22.97 23.07 23.23 23.41 23.54 23.66 23.74 23.78 23.77 23.75 23.74 23.67 23.58 23.49 23.42 23.43 23.46 23.55 23.66 23.79 23.9 24 24.03 24.06 24.06 24.06 24.06 24.04 24.03 24.02 24.02
21.58 21.62 21.72 21.88 22.05 22.21 22.36 22.49 22.58 22.67 22.76 22.86 22.98 23.1 23.21 23.23 23.24 23.17 23.08 22.95 22.81 22.66 22.5 22.35 22.2 22.08 22.11 22.15 22.18 22.18 22.14 22.13 22.13 22.18 22.22 22.26 22.3 22.36 22.41 22.48 22.54 22.61 22.65 22.7 22.73 22.77 22.79 22.86 22.97 23.12 23.29 23.44 23.58 23.7 23.79 23.82 23.84 23.84 23.78 23.72 23.63 23.56 23.57 23.61 23.68 23.75 23.81 23.9 24 24.03 24.06 24.07 24.07 24.07 24.06 24.05 24.05 24.04
21.62 21.62 21.68 21.83 22 22.19 22.35 22.51 22.62 22.71 22.8 22.89 23 23.12 23.25 23.28 23.29 23.17 23.05 22.95 22.82 22.69 22.54 22.38 22.24 22.13 22.15 22.19 22.24 22.26 22.26 22.27 22.27 22.32 22.36 22.37 22.4 22.44 22.49 22.55 22.61 22.67 22.71 22.74 22.74 22.73 22.72 22.77 22.87 23 23.15 23.32 23.49 23.64 23.77 23.86 23.91 23.93 23.9 23.85 23.76 23.7 23.73 23.78 23.84 23.85 23.84 23.91 24 24.03 24.06 24.07 24.07 24.07 24.07 24.07 24.07 24.06
21.71 21.68 21.72 21.83 21.97 22.12 22.26 22.4 22.53 22.65 22.78 22.91 23.05 23.19 23.33 23.36 23.36 23.26 23.16 23.06 22.91 22.71 22.54 22.39 22.27 22.17 22.18 22.21 22.25 22.28 22.29 22.33 22.38 22.44 22.49 22.48 22.48 22.51 22.57 22.64 22.72 22.8 22.85 22.89 22.87 22.85 22.81 22.83 22.89 22.99 23.1 23.25 23.4 23.55 23.68 23.8 23.89 23.94 23.94 23.93 23.87 23.83 23.87 23.9 23.94 23.94 23.93 23.97 24.03 24.05 24.07 24.07 24.07 24.07 24.07 24.07 24.07 24.07
21.8 21.77 21.79 21.87 21.97 22.09 22.2 22.31 22.45 22.6 22.75 22.91 23.09 23.25 23.41 23.43 23.42 23.33 23.24 23.13 22.94 22.7 22.53 22.39 22.29 22.21 22.22 22.24 22.26 22.29 22.32 22.38 22.46 22.54 22.61 22.58 22.56 22.58 22.63 22.71 22.81 22.91 22.98 23.02 23 22.97 22.92 22.91 22.93 22.99 23.07 23.2 23.34 23.47 23.6 23.75 23.87 23.96 23.99 24 23.97 23.95 23.99 24.01 24.03 24.03 24.02 24.03 24.05 24.06 24.07 24.07 24.07 24.07 24.07 24.07 24.07 24.07
21.9 21.92 21.95 22.01 22.09 22.16 22.23 22.3 22.41 22.54 22.68 22.86 23.09 23.29 23.47 23.47 23.45 23.34 23.2 23.02 22.8 22.57 22.44 22.36 22.32 22.29 22.3 22.31 22.31 22.31 22.29 22.35 22.44 22.55 22.65 22.64 22.64 22.63 22.67 22.73 22.84 22.96 23.05 23.12 23.12 23.11 23.06 23.03 23.03 23.08 23.13 23.25 23.36 23.47 23.58 23.73 23.85 23.96 24.01 24.03 24.02 24.01 24.03 24.05 24.05 24.05 24.05 24.05 24.06 24.07 24.07 24.07 24.07 24.07 24.07 24.07 24.07 24.07
22 22.07 22.12 22.17 22.23 22.28 22.31 22.34 22.44 22.55 22.67 22.86 23.12 23.33 23.52 23.51 23.47 23.32 23.15 22.93 22.71 22.47 22.38 22.34 22.34 22.35 22.38 22.39 22.37 22.33 22.29 22.34 22.43 22.56 22.68 22.7 22.71 22.7 22.71 22.74 22.85 22.98 23.09 23.19 23.22 23.22 23.19 23.16 23.14 23.17 23.22 23.31 23.41 23.48 23.58 23.71 23.84 23.96 24.02 24.06 24.06 24.06 24.07 24.07 24.07 24.07 24.07 24.07 24.07 24.07 24.07 24.07 24.07 24.07 24.07 24.07 24.07 24.07
