Sensitivity_testing/Dynamic_input/Gridded_temps/prism_tmax_tutuila_30yr_normal_10.asc
ncols         700
nrows         400
xllcorner     515000
yllcorner     8409000
cellsize      50
NODATA_value  -9999
[rows 170 to 203 of 400, columns 308 to 384 of 700]
29.67 29.61 29.55 29.47 29.38 29.28 29.13 28.94 28.68 28.38 28.21 28.06 27.96 27.88 27.85 27.93 28.13 28.33 28.52 28.46 28.38 28.44 28.53 28.73 28.83 28.81 28.71 28.57 28.25 27.91 27.57 27.32 27.26 27.26 27.31 27.38 27.44 27.56 27.7 27.9 28.09 28.27 28.43 28.56 28.67 28.78 28.84 28.89 28.96 29.02 29.08 29.1 29.1 29.18 29.28 29.25 29.21 29.28 29.31 29.27 29.23 29.18 29.19 29.22 29.33 29.44 29.5 29.52 29.44 29.43 29.47 29.53 29.59 29.55 29.5 29.4 29.33
29.58 29.56 29.52 29.45 29.37 29.26 29.11 28.91 28.67 28.41 28.23 28.06 27.93 27.81 27.73 27.81 28.05 28.24 28.41 28.3 28.19 28.28 28.4 28.61 28.72 28.71 28.62 28.5 28.19 27.87 27.55 27.31 27.24 27.24 27.31 27.4 27.51 27.66 27.82 28.02 28.22 28.41 28.58 28.72 28.8 28.85 28.89 28.94 29.02 29.1 29.16 29.21 29.25 29.35 29.46 29.44 29.43 29.49 29.53 29.53 29.49 29.41 29.35 29.3 29.39 29.5 29.61 29.66 29.56 29.52 29.54 29.61 29.69 29.66 29.62 29.48 29.4
29.47 29.46 29.45 29.4 29.34 29.23 29.08 28.88 28.66 28.42 28.2 28 27.85 27.71 27.6 27.66 27.9 28.05 28.17 28.09 28 28.12 28.26 28.48 28.6 28.59 28.49 28.35 28.09 27.8 27.56 27.38 27.36 27.38 27.45 27.55 27.66 27.82 27.98 28.17 28.34 28.47 28.57 28.65 28.68 28.68 28.74 28.8 28.94 29.07 29.17 29.25 29.31 29.41 29.53 29.55 29.57 29.62 29.66 29.68 29.66 29.6 29.53 29.44 29.51 29.59 29.71 29.76 29.69 29.65 29.64 29.7 29.77 29.75 29.71 29.57 29.5
29.33 29.35 29.36 29.33 29.29 29.19 29.05 28.86 28.64 28.41 28.16 27.91 27.75 27.6 27.47 27.5 27.71 27.82 27.87 27.84 27.82 27.95 28.12 28.35 28.46 28.45 28.34 28.18 27.96 27.74 27.58 27.49 27.53 27.59 27.65 27.75 27.86 28.01 28.18 28.33 28.45 28.49 28.5 28.47 28.44 28.41 28.48 28.57 28.79 28.98 29.13 29.24 29.31 29.42 29.55 29.62 29.68 29.71 29.75 29.78 29.79 29.77 29.71 29.63 29.66 29.71 29.8 29.85 29.82 29.79 29.76 29.79 29.84 29.83 29.8 29.67 29.61
29.17 29.2 29.24 29.24 29.22 29.13 29 28.82 28.62 28.41 28.18 27.94 27.7 27.49 27.33 27.34 27.53 27.58 27.58 27.62 27.67 27.83 28 28.18 28.26 28.21 28.11 27.98 27.83 27.68 27.62 27.61 27.72 27.81 27.88 27.96 28.06 28.18 28.31 28.37 28.4 28.34 28.28 28.21 28.18 28.16 28.27 28.4 28.65 28.87 29.02 29.12 29.18 29.28 29.39 29.49 29.59 29.62 29.67 29.75 29.8 29.82 29.8 29.77 29.79 29.82 29.88 29.92 29.91 29.89 29.86 29.88 29.92 29.91 29.9 29.81 29.78
29 29.05 29.1 29.14 29.15 29.07 28.96 28.79 28.6 28.41 28.21 27.99 27.67 27.39 27.2 27.19 27.35 27.35 27.29 27.4 27.53 27.71 27.88 28.01 28.04 27.95 27.87 27.78 27.7 27.63 27.67 27.74 27.91 28.03 28.11 28.18 28.25 28.35 28.43 28.39 28.32 28.16 28.03 27.94 27.92 27.92 28.07 28.25 28.53 28.75 28.88 28.97 29.03 29.11 29.19 29.32 29.44 29.49 29.56 29.68 29.77 29.85 29.88 29.89 29.91 29.93 29.96 29.98 29.98 29.98 29.97 29.98 30 30 29.99 29.97 29.96
28.75 28.81 28.9 28.95 28.99 28.96 28.88 28.75 28.6 28.45 28.23 27.98 27.65 27.36 27.17 27.13 27.24 27.25 27.22 27.35 27.5 27.66 27.8 27.88 27.88 27.8 27.73 27.67 27.63 27.61 27.66 27.74 27.9 28.02 28.11 28.17 28.22 28.29 28.34 28.2 28.05 27.88 27.76 27.7 27.7 27.73 27.91 28.11 28.35 28.55 28.68 28.79 28.86 28.96 29.07 29.2 29.33 29.38 29.45 29.59 29.71 29.82 29.87 29.9 29.91 29.93 29.95 29.97 29.99 30 30 30 30.01 30.02 30.02 30.01 30.01
28.52 28.58 28.68 28.75 28.8 28.82 28.78 28.69 28.57 28.44 28.22 27.97 27.63 27.33 27.13 27.06 27.13 27.15 27.15 27.29 27.45 27.6 27.72 27.75 27.73 27.65 27.6 27.57 27.58 27.61 27.67 27.75 27.9 28.01 28.08 28.12 28.14 28.19 28.21 27.99 27.79 27.62 27.52 27.5 27.53 27.58 27.78 27.98 28.17 28.34 28.48 28.6 28.69 28.82 28.96 29.1 29.22 29.26 29.34 29.5 29.64 29.77 29.84 29.89 29.9 29.91 29.93 29.96 29.98 30 30.01 30.02 30.03 30.04 30.05 30.05 30.05
28.34 28.36 28.41 28.45 28.51 28.59 28.6 28.51 28.39 28.25 28.09 27.91 27.58 27.29 27.09 26.99 27.02 27.04 27.07 27.22 27.38 27.52 27.62 27.62 27.58 27.53 27.51 27.51 27.59 27.68 27.77 27.86 27.94 27.95 27.9 27.85 27.8 27.82 27.83 27.72 27.61 27.51 27.49 27.52 27.59 27.66 27.79 27.91 28.01 28.12 28.24 28.39 28.55 28.73 28.91 29.02 29.13 29.18 29.26 29.41 29.54 29.65 29.72 29.78 29.79 29.8 29.83 29.87 29.93 29.97 29.99 30.01 30.02 30.03 30.05 30.05 30.06
28.18 28.13 28.11 28.14 28.19 28.33 28.37 28.3 28.18 28.03 27.91 27.78 27.48 27.21 27.03 26.93 26.92 26.95 26.99 27.14 27.3 27.43 27.5 27.46 27.42 27.39 27.41 27.45 27.57 27.68 27.77 27.82 27.83 27.77 27.65 27.53 27.42 27.43 27.45 27.44 27.43 27.43 27.47 27.56 27.66 27.76 27.83 27.89 27.93 27.99 28.09 28.24 28.44 28.64 28.84 28.94 29.04 29.11 29.2 29.34 29.45 29.54 29.61 29.67 29.67 29.68 29.7 29.75 29.84 29.9 29.94 29.97 30 30.02 30.03 30.04 30.05
28.06 27.91 27.78 27.79 27.84 28 28.07 28.04 27.92 27.76 27.65 27.53 27.29 27.07 26.93 26.86 26.86 26.9 26.95 27.07 27.21 27.3 27.33 27.25 27.21 27.23 27.3 27.39 27.48 27.56 27.52 27.46 27.38 27.3 27.23 27.1 26.95 26.99 27.06 27.16 27.26 27.37 27.5 27.65 27.78 27.9 27.96 28.01 28.03 28.06 28.14 28.25 28.37 28.53 28.7 28.84 28.98 29.1 29.21 29.32 29.39 29.44 29.48 29.51 29.52 29.52 29.51 29.55 29.68 29.77 29.83 29.88 29.94 29.96 29.99 30 30.02
27.85 27.67 27.5 27.51 27.56 27.71 27.78 27.76 27.64 27.48 27.37 27.28 27.13 27 26.92 26.88 26.89 26.93 26.98 27.06 27.14 27.17 27.16 27.05 27.02 27.07 27.15 27.24 27.29 27.32 27.18 27.07 26.97 26.91 26.88 26.77 26.63 26.72 26.82 26.99 27.16 27.33 27.5 27.68 27.84 27.99 28.08 28.14 28.15 28.18 28.24 28.31 28.39 28.49 28.61 28.76 28.92 29.05 29.17 29.26 29.31 29.35 29.37 29.38 29.38 29.38 29.35 29.39 29.51 29.61 29.68 29.75 29.82 29.86 29.89 29.92 29.96
27.56 27.41 27.27 27.3 27.35 27.46 27.5 27.46 27.34 27.17 27.08 27.01 27.02 27.02 26.99 26.99 27.01 27.05 27.09 27.11 27.12 27.05 26.97 26.87 26.85 26.92 26.97 27.02 26.99 26.93 26.76 26.63 26.62 26.61 26.61 26.56 26.48 26.62 26.77 26.95 27.13 27.3 27.47 27.64 27.83 28.02 28.16 28.28 28.31 28.35 28.4 28.45 28.5 28.55 28.6 28.72 28.84 28.95 29.06 29.15 29.21 29.25 29.26 29.27 29.26 29.26 29.24 29.25 29.32 29.39 29.47 29.55 29.64 29.68 29.73 29.79 29.86
27.32 27.24 27.16 27.23 27.3 27.39 27.41 27.36 27.25 27.11 27.06 27.03 27.07 27.11 27.11 27.13 27.15 27.18 27.2 27.18 27.15 27.04 26.92 26.81 26.76 26.76 26.76 26.76 26.71 26.64 26.48 26.37 26.35 26.35 26.37 26.38 26.39 26.56 26.73 26.91 27.08 27.23 27.4 27.58 27.78 27.99 28.16 28.32 28.38 28.44 28.5 28.55 28.6 28.64 28.67 28.73 28.79 28.85 28.92 29 29.06 29.11 29.12 29.12 29.13 29.13 29.11 29.11 29.15 29.21 29.3 29.37 29.45 29.5 29.56 29.65 29.75
27.12 27.11 27.12 27.22 27.32 27.42 27.43 27.35 27.27 27.19 27.19 27.21 27.22 27.24 27.25 27.28 27.31 27.32 27.31 27.27 27.22 27.09 26.96 26.83 26.71 26.6 26.53 26.48 26.44 26.39 26.29 26.2 26.14 26.13 26.14 26.22 26.34 26.52 26.7 26.85 27 27.15 27.32 27.5 27.7 27.91 28.11 28.29 28.4 28.49 28.55 28.62 28.71 28.77 28.81 28.79 28.77 28.76 28.77 28.82 28.88 28.94 28.95 28.95 28.98 28.99 28.98 28.97 28.99 29.05 29.15 29.21 29.26 29.32 29.39 29.51 29.64
27.01 27.06 27.11 27.24 27.36 27.47 27.49 27.42 27.36 27.32 27.35 27.38 27.38 27.39 27.4 27.42 27.45 27.43 27.39 27.34 27.28 27.18 27.08 26.97 26.79 26.54 26.4 26.3 26.24 26.17 26.06 26 26.01 26.04 26.08 26.17 26.3 26.48 26.66 26.8 26.93 27.07 27.23 27.4 27.58 27.78 27.96 28.14 28.24 28.33 28.4 28.51 28.65 28.76 28.87 28.88 28.88 28.83 28.81 28.83 28.87 28.92 28.93 28.93 28.96 28.97 28.96 28.95 28.96 29 29.06 29.09 29.09 29.17 29.26 29.39 29.51
26.93 27.01 27.11 27.26 27.4 27.53 27.57 27.51 27.47 27.45 27.5 27.55 27.55 27.55 27.55 27.56 27.58 27.53 27.46 27.4 27.34 27.28 27.22 27.14 26.9 26.52 26.29 26.14 26.05 25.96 25.84 25.79 25.9 25.99 26.06 26.15 26.26 26.44 26.62 26.74 26.87 27 27.14 27.29 27.45 27.62 27.79 27.95 28.03 28.11 28.19 28.34 28.54 28.72 28.89 28.97 29.03 28.97 28.92 28.91 28.92 28.95 28.96 28.97 28.98 29 28.99 28.98 28.97 28.98 29 28.98 28.94 29.04 29.14 29.27 29.37
26.86 26.98 27.11 27.26 27.42 27.56 27.62 27.61 27.6 27.6 27.65 27.69 27.69 27.69 27.69 27.68 27.67 27.6 27.51 27.45 27.39 27.36 27.33 27.32 27.14 26.81 26.59 26.4 26.28 26.16 25.96 25.87 26 26.1 26.17 26.26 26.35 26.55 26.75 26.86 26.95 27.03 27.12 27.22 27.38 27.56 27.69 27.81 27.87 27.95 28.07 28.23 28.43 28.62 28.81 28.93 29.03 29.06 29.07 29.07 29.08 29.09 29.1 29.11 29.12 29.12 29.13 29.13 29.12 29.12 29.12 29.09 29.04 29.09 29.14 29.2 29.26
26.8 26.95 27.11 27.28 27.44 27.58 27.67 27.7 27.72 27.75 27.79 27.82 27.82 27.82 27.82 27.8 27.76 27.67 27.56 27.5 27.45 27.44 27.44 27.49 27.38 27.12 26.89 26.69 26.54 26.39 26.12 25.98 26.13 26.23 26.29 26.37 26.46 26.68 26.9 26.99 27.06 27.08 27.12 27.17 27.33 27.51 27.62 27.7 27.73 27.8 27.96 28.14 28.33 28.52 28.71 28.87 29.02 29.13 29.2 29.22 29.23 29.24 29.25 29.26 29.26 29.26 29.28 29.29 29.29 29.28 29.26 29.22 29.18 29.17 29.16 29.15 29.15
26.86 27.01 27.18 27.34 27.49 27.6 27.68 27.73 27.78 27.83 27.88 27.92 27.93 27.94 27.93 27.89 27.83 27.74 27.64 27.58 27.53 27.53 27.55 27.63 27.58 27.38 27.19 26.99 26.84 26.67 26.38 26.21 26.31 26.37 26.41 26.51 26.63 26.87 27.1 27.2 27.27 27.27 27.27 27.28 27.41 27.6 27.73 27.84 27.86 27.91 28.03 28.16 28.3 28.44 28.58 28.71 28.84 28.95 29.05 29.12 29.19 29.25 29.3 29.34 29.36 29.38 29.41 29.44 29.45 29.45 29.43 29.4 29.37 29.34 29.3 29.27 29.24
26.91 27.06 27.22 27.36 27.49 27.56 27.64 27.73 27.81 27.89 27.94 27.99 28.02 28.04 28.02 27.97 27.9 27.82 27.74 27.68 27.63 27.63 27.67 27.78 27.76 27.62 27.45 27.28 27.11 26.93 26.64 26.46 26.5 26.52 26.53 26.64 26.8 27.04 27.28 27.39 27.47 27.46 27.44 27.42 27.53 27.69 27.84 27.98 28.01 28.05 28.14 28.23 28.32 28.41 28.5 28.59 28.69 28.79 28.9 29.02 29.12 29.22 29.3 29.38 29.41 29.45 29.5 29.55 29.6 29.61 29.59 29.58 29.56 29.5 29.45 29.4 29.34
26.97 27.09 27.2 27.28 27.35 27.41 27.5 27.63 27.75 27.87 27.95 28.02 28.07 28.11 28.1 28.06 27.99 27.94 27.91 27.83 27.76 27.79 27.84 27.92 27.89 27.76 27.64 27.53 27.34 27.14 26.9 26.73 26.72 26.69 26.62 26.74 26.94 27.17 27.4 27.53 27.63 27.65 27.66 27.65 27.72 27.83 27.98 28.11 28.21 28.29 28.38 28.45 28.5 28.55 28.58 28.63 28.67 28.72 28.79 28.88 28.96 29.04 29.14 29.25 29.31 29.37 29.47 29.57 29.67 29.72 29.73 29.73 29.72 29.67 29.62 29.56 29.49
26.98 27.07 27.15 27.18 27.21 27.27 27.38 27.56 27.71 27.86 27.96 28.06 28.13 28.18 28.19 28.16 28.1 28.07 28.06 27.98 27.91 27.97 28.03 28.07 28.02 27.89 27.79 27.7 27.5 27.28 27.09 26.96 26.94 26.88 26.77 26.89 27.09 27.3 27.51 27.65 27.76 27.83 27.87 27.88 27.93 28 28.13 28.26 28.38 28.49 28.59 28.66 28.7 28.71 28.73 28.73 28.73 28.75 28.78 28.83 28.89 28.94 29.02 29.11 29.18 29.25 29.38 29.52 29.68 29.77 29.82 29.83 29.84 29.81 29.76 29.71 29.63
26.94 27 27.04 27.04 27.06 27.16 27.31 27.52 27.7 27.86 27.98 28.1 28.18 28.25 28.29 28.29 28.24 28.21 28.18 28.12 28.07 28.18 28.24 28.22 28.15 28.03 27.9 27.77 27.55 27.34 27.21 27.13 27.16 27.11 27.01 27.1 27.26 27.43 27.61 27.75 27.88 27.99 28.06 28.1 28.15 28.21 28.31 28.41 28.51 28.63 28.76 28.86 28.91 28.94 28.95 28.94 28.92 28.93 28.93 28.94 28.96 28.99 28.99 28.98 29.01 29.07 29.22 29.39 29.58 29.73 29.83 29.88 29.91 29.89 29.86 29.81 29.75
26.88 26.92 26.95 26.94 26.97 27.08 27.25 27.46 27.65 27.83 27.97 28.1 28.2 28.28 28.35 28.38 28.37 28.36 28.33 28.3 28.27 28.37 28.42 28.35 28.25 28.11 27.96 27.8 27.59 27.39 27.33 27.3 27.33 27.3 27.19 27.25 27.38 27.53 27.68 27.8 27.93 28.05 28.15 28.22 28.28 28.35 28.43 28.51 28.61 28.72 28.86 28.96 29.03 29.08 29.13 29.12 29.12 29.12 29.12 29.09 29.09 29.1 29.05 28.98 28.97 28.98 29.13 29.29 29.49 29.66 29.81 29.88 29.94 29.94 29.93 29.9 29.86
26.8 26.83 26.86 26.88 26.92 27.04 27.19 27.38 27.58 27.77 27.93 28.08 28.18 28.28 28.37 28.45 28.5 28.51 28.5 28.49 28.5 28.55 28.56 28.46 28.33 28.16 27.99 27.8 27.62 27.45 27.45 27.46 27.49 27.44 27.32 27.36 27.47 27.6 27.72 27.82 27.93 28.04 28.15 28.25 28.34 28.42 28.5 28.58 28.68 28.78 28.9 28.99 29.07 29.16 29.26 29.29 29.31 29.34 29.33 29.28 29.26 29.27 29.2 29.12 29.04 28.98 29.09 29.22 29.39 29.57 29.76 29.87 29.95 29.96 29.98 29.96 29.94
26.77 26.8 26.83 26.87 26.92 27.03 27.18 27.38 27.57 27.75 27.9 28.04 28.14 28.24 28.35 28.46 28.56 28.62 28.67 28.67 28.68 28.7 28.67 28.54 28.38 28.19 28 27.82 27.65 27.5 27.52 27.55 27.57 27.53 27.42 27.44 27.5 27.59 27.69 27.77 27.86 27.96 28.06 28.16 28.25 28.33 28.4 28.47 28.57 28.67 28.76 28.86 28.96 29.1 29.26 29.34 29.42 29.48 29.5 29.45 29.43 29.44 29.36 29.26 29.16 29.09 29.14 29.23 29.37 29.54 29.72 29.84 29.94 29.97 29.99 29.99 29.99
26.75 26.78 26.82 26.87 26.94 27.05 27.2 27.4 27.58 27.74 27.88 28 28.09 28.19 28.31 28.45 28.6 28.72 28.83 28.85 28.85 28.83 28.76 28.6 28.41 28.21 28.02 27.84 27.67 27.53 27.57 27.61 27.63 27.6 27.51 27.49 27.5 27.56 27.63 27.7 27.77 27.85 27.93 28.01 28.09 28.18 28.24 28.3 28.4 28.49 28.55 28.66 28.79 28.99 29.2 29.34 29.48 29.58 29.64 29.62 29.61 29.6 29.52 29.41 29.31 29.24 29.24 29.28 29.39 29.53 29.68 29.81 29.93 29.97 30 30.01 30.02
26.9 26.92 26.94 26.95 26.98 27.03 27.14 27.33 27.52 27.72 27.89 28.04 28.14 28.24 28.35 28.48 28.62 28.75 28.88 28.91 28.91 28.82 28.72 28.58 28.42 28.24 28.06 27.88 27.71 27.57 27.61 27.65 27.7 27.69 27.65 27.64 27.65 27.7 27.75 27.8 27.85 27.92 27.99 28.06 28.14 28.22 28.27 28.32 28.37 28.42 28.44 28.53 28.66 28.84 29.04 29.22 29.39 29.54 29.65 29.69 29.71 29.71 29.65 29.56 29.46 29.39 29.41 29.46 29.54 29.62 29.69 29.8 29.92 29.97 30 30.01 30.02
27.07 27.07 27.07 27.05 27.02 27.01 27.09 27.25 27.46 27.68 27.89 28.08 28.19 28.3 28.4 28.51 28.63 28.77 28.92 28.96 28.97 28.81 28.66 28.56 28.43 28.27 28.1 27.91 27.75 27.62 27.65 27.69 27.76 27.79 27.8 27.81 27.81 27.86 27.91 27.93 27.96 28.02 28.08 28.14 28.22 28.3 28.35 28.38 28.38 28.37 28.35 28.41 28.53 28.7 28.87 29.08 29.28 29.47 29.63 29.73 29.79 29.81 29.77 29.72 29.62 29.54 29.59 29.65 29.72 29.74 29.72 29.81 29.92 29.96 30 30.01 30.02
27.27 27.27 27.27 27.19 27.12 27.08 27.13 27.25 27.41 27.59 27.77 27.93 28.08 28.22 28.37 28.53 28.68 28.85 29.02 29.05 29.05 28.93 28.81 28.69 28.52 28.29 28.1 27.92 27.78 27.66 27.68 27.71 27.76 27.8 27.83 27.88 27.94 28.01 28.07 28.05 28.06 28.1 28.16 28.25 28.34 28.44 28.5 28.55 28.53 28.51 28.46 28.49 28.56 28.68 28.8 28.99 29.18 29.35 29.51 29.65 29.75 29.82 29.82 29.81 29.74 29.7 29.75 29.79 29.84 29.85 29.84 29.88 29.95 29.98 30 30.01 30.02
27.46 27.46 27.45 27.32 27.22 27.18 27.2 27.29 27.41 27.55 27.68 27.81 27.98 28.15 28.33 28.52 28.73 28.92 29.11 29.13 29.12 29.02 28.91 28.77 28.56 28.27 28.08 27.91 27.8 27.71 27.72 27.74 27.78 27.82 27.85 27.94 28.04 28.13 28.21 28.17 28.15 28.17 28.23 28.34 28.45 28.57 28.64 28.71 28.69 28.65 28.59 28.58 28.61 28.68 28.76 28.93 29.09 29.25 29.41 29.58 29.72 29.84 29.87 29.89 29.86 29.85 29.88 29.92 29.94 29.95 29.94 29.96 29.98 29.99 30 30.01 30.01
27.62 27.61 27.58 27.43 27.33 27.35 27.39 27.46 27.55 27.63 27.71 27.79 27.92 28.06 28.24 28.46 28.73 28.96 29.17 29.18 29.15 29.03 28.87 28.64 28.38 28.09 27.96 27.88 27.83 27.8 27.81 27.83 27.83 27.83 27.82 27.89 27.99 28.13 28.24 28.23 28.23 28.23 28.27 28.35 28.48 28.63 28.73 28.82 28.82 28.8 28.75 28.72 28.73 28.78 28.84 28.98 29.11 29.24 29.38 29.55 29.7 29.84 29.89 29.92 29.91 29.91 29.93 29.96 29.97 29.97 29.97 29.98 29.99 30 30.01 30.01 30.01
27.76 27.75 27.71 27.54 27.45 27.52 27.59 27.65 27.71 27.77 27.8 27.83 27.94 28.06 28.21 28.45 28.75 29.01 29.23 29.22 29.17 29 28.8 28.54 28.26 27.97 27.87 27.85 27.86 27.87 27.9 27.91 27.89 27.85 27.81 27.87 27.97 28.13 28.27 28.3 28.32 28.3 28.31 28.36 28.49 28.66 28.78 28.9 28.93 28.93 28.9 28.87 28.85 28.89 28.94 29.06 29.17 29.25 29.37 29.53 29.68 29.84 29.91 29.95 29.95 29.96 29.97 29.98 29.99 29.99 29.99 29.99 30 30 30.01 30.01 30.01
