Sensitivity_testing/Dynamic_input/Gridded_temps/prism_tmax_tutuila_30yr_normal_04.asc
ncols         700
nrows         400
xllcorner     515000
yllcorner     8409000
cellsize      50
NODATA_value  -9999
[rows 68 to 101 of 400, columns 539 to 615 of 700]
-9999 -9999 -9999 -9999 -9999 -9999 -9999 -9999 -9999 -9999 -9999 -9999 -9999 -9999 -9999 -9999 -9999 -9999 -9999 -9999 -9999 -9999 -9999 -9999 -9999 -9999 -9999 -9999 -9999 -9999 -9999 -9999 -9999 -9999 -9999 -9999 -9999 -9999 -9999 -9999 -9999 -9999 -9999 -9999 -9999 -9999 -9999 -9999 -9999 -9999 -9999 -9999 -9999 -9999 -9999 -9999 -9999 -9999 -9999 -9999 -9999 -9999 -9999 -9999 -9999 -9999 -9999 -9999 -9999 -9999 -9999 -9999 -9999 31.23 31.23 31.23 -9999
-9999 -9999 -9999 -9999 -9999 -9999 -9999 -9999 -9999 -9999 -9999 -9999 -9999 -9999 -9999 -9999 -9999 -9999 -9999 -9999 -9999 -9999 -9999 -9999 -9999 -9999 -9999 -9999 -9999 -9999 -9999 -9999 -9999 -9999 -9999 -9999 -9999 -9999 -9999 -9999 -9999 -9999 -9999 -9999 -9999 -9999 -9999 -9999 -9999 -9999 -9999 -9999 -9999 -9999 -9999 -9999 -9999 -9999 -9999 -9999 -9999 -9999 -9999 -9999 -9999 -9999 -9999 -9999 -9999 -9999 -9999 -9999 -9999 31.23 31.23 31.23 -9999
-9999 -9999 -9999 -9999 -9999 -9999 -9999 -9999 -9999 -9999 -9999 -9999 -9999 -9999 -9999 -9999 -9999 -9999 -9999 -9999 -9999 -9999 -9999 -9999 -9999 -9999 -9999 -9999 -9999 -9999 -9999 -9999 -9999 -9999 -9999 -9999 -9999 -9999 -9999 -9999 -9999 -9999 -9999 -9999 -9999 -9999 -9999 -9999 -9999 -9999 -9999 -9999 -9999 -9999 -9999 -9999 -9999 -9999 -9999 -9999 -9999 -9999 -9999 -9999 -9999 -9999 -9999 -9999 -9999 -9999 -9999 31.23 31.23 31.23 31.23 31.23 31.23
-9999 -9999 -9999 -9999 -9999 -9999 -9999 -9999 -9999 -9999 -9999 -9999 -9999 -9999 -9999 -9999 -9999 -9999 -9999 -9999 -9999 -9999 -9999 -9999 -9999 -9999 -9999 -9999 -9999 -9999 -9999 -9999 -9999 -9999 -9999 -9999 -9999 -9999 -9999 -9999 -9999 -9999 -9999 -9999 -9999 -9999 -9999 -9999 -9999 -9999 -9999 -9999 -9999 -9999 -9999 -9999 -9999 -9999 -9999 -9999 -9999 -9999 -9999 -9999 -9999 -9999 -9999 -9999 -9999 -9999 -9999 31.23 31.23 31.23 31.23 31.23 31.23
-9999 -9999 -9999 -9999 -9999 -9999 -9999 -9999 -9999 -9999 -9999 -9999 -9999 -9999 -9999 -9999 -9999 -9999 -9999 -9999 -9999 -9999 -9999 -9999 -9999 -9999 -9999 -9999 -9999 -9999 -9999 -9999 -9999 -9999 -9999 -9999 -9999 -9999 -9999 -9999 -9999 -9999 -9999 -9999 -9999 -9999 -9999 -9999 -9999 -9999 -9999 -9999 -9999 -9999 -9999 -9999 -9999 -9999 -9999 -9999 -9999 -9999 -9999 -9999 -9999 -9999 -9999 -9999 -9999 31.23 31.23 31.23 31.23 31.23 31.23 31.23 31.23
-9999 -9999 -9999 -9999 -9999 -9999 -9999 -9999 -9999 -9999 -9999 -9999 -9999 -9999 -9999 -9999 -9999 -9999 -9999 -9999 -9999 -9999 -9999 -9999 -9999 -9999 -9999 -9999 -9999 -9999 -9999 -9999 -9999 -9999 -9999 -9999 -9999 -9999 -9999 -9999 -9999 -9999 -9999 -9999 -9999 -9999 -9999 -9999 -9999 -9999 -9999 -9999 -9999 -9999 -9999 -9999 -9999 -9999 -9999 -9999 -9999 -9999 -9999 -9999 -9999 -9999 -9999 -9999 -9999 31.23 31.23 31.23 31.23 31.23 31.23 31.23 31.23
-9999 -9999 -9999 -9999 -9999 -9999 -9999 -9999 -9999 -9999 -9999 -9999 -9999 -9999 -9999 -9999 -9999 -9999 -9999 -9999 -9999 -9999 -9999 -9999 -9999 -9999 -9999 -9999 -9999 -9999 -9999 -9999 -9999 -9999 -9999 -9999 -9999 -9999 -9999 -9999 -9999 -9999 -9999 -9999 -9999 -9999 -9999 -9999 -9999 -9999 -9999 -9999 -9999 -9999 -9999 -9999 -9999 -9999 -9999 -9999 -9999 -9999 -9999 -9999 -9999 -9999 -9999 31.23 31.23 31.23 31.23 31.23 31.23 31.23 31.23 31.23 31.23
-9999 -9999 -9999 -9999 -9999 -9999 -9999 -9999 -9999 -9999 -9999 -9999 -9999 -9999 -9999 -9999 -9999 -9999 -9999 -9999 -9999 -9999 -9999 -9999 -9999 -9999 -9999 -9999 -9999 -9999 -9999 -9999 -9999 -9999 -9999 -9999 -9999 -9999 -9999 -9999 -9999 -9999 -9999 -9999 -9999 -9999 -9999 -9999 -9999 -9999 -9999 -9999 -9999 -9999 -9999 -9999 -9999 -9999 -9999 -9999 -9999 -9999 -9999 -9999 -9999 -9999 31.22 31.23 31.23 31.23 31.23 31.23 31.23 31.23 31.23 31.23 31.23
-9999 -9999 -9999 -9999 -9999 -9999 -9999 -9999 -9999 -9999 -9999 -9999 -9999 -9999 -9999 -9999 -9999 -9999 -9999 -9999 -9999 -9999 -9999 -9999 -9999 -9999 -9999 -9999 -9999 -9999 -9999 -9999 -9999 -9999 -9999 -9999 -9999 -9999 -9999 -9999 -9999 -9999 -9999 -9999 -9999 -9999 -9999 -9999 -9999 -9999 -9999 -9999 -9999 -9999 -9999 -9999 -9999 -9999 -9999 -9999 -9999 -9999 -9999 -9999 -9999 -9999 31.22 31.23 31.23 31.23 31.23 31.23 31.23 31.23 31.23 31.23 31.23
-9999 -9999 -9999 -9999 -9999 -9999 -9999 -9999 -9999 -9999 -9999 -9999 -9999 -9999 -9999 -9999 -9999 -9999 -9999 -9999 -9999 -9999 -9999 -9999 -9999 -9999 -9999 -9999 -9999 -9999 -9999 -9999 -9999 -9999 -9999 -9999 -9999 -9999 -9999 -9999 -9999 -9999 -9999 -9999 -9999 -9999 -9999 -9999 -9999 -9999 -9999 -9999 -9999 -9999 -9999 -9999 -9999 31.22 31.22 31.22 -9999 -9999 -9999 -9999 31.22 31.22 31.22 31.23 31.23 31.23 31.23 31.23 31.23 31.23 31.23 31.23 31.23
-9999 -9999 -9999 -9999 -9999 -9999 -9999 -9999 -9999 -9999 -9999 -9999 -9999 -9999 -9999 -9999 -9999 -9999 -9999 -9999 -9999 -9999 -9999 -9999 -9999 -9999 -9999 -9999 -9999 -9999 -9999 -9999 -9999 -9999 -9999 -9999 -9999 -9999 -9999 -9999 -9999 -9999 -9999 -9999 -9999 -9999 -9999 -9999 -9999 -9999 -9999 -9999 -9999 -9999 -9999 -9999 -9999 31.22 31.22 31.22 -9999 -9999 -9999 -9999 31.22 31.22 31.22 31.23 31.23 31.23 31.23 31.23 31.23 31.22 31.22 31.22 31.23
-9999 -9999 -9999 -9999 -9999 -9999 -9999 -9999 -9999 -9999 -9999 -9999 -9999 -9999 -9999 -9999 -9999 -9999 -9999 -9999 -9999 -9999 -9999 -9999 -9999 -9999 -9999 -9999 -9999 -9999 -9999 -9999 -9999 -9999 -9999 -9999 -9999 -9999 -9999 -9999 -9999 -9999 -9999 -9999 -9999 -9999 -9999 -9999 -9999 -9999 -9999 -9999 -9999 -9999 -9999 31.22 31.22 31.22 31.22 31.22 31.22 31.22 31.22 31.22 31.22 31.22 31.22 31.22 31.22 31.23 31.23 31.22 31.21 31.19 31.2 31.2 31.21
-9999 -9999 -9999 -9999 -9999 -9999 -9999 -9999 -9999 -9999 -9999 -9999 -9999 -9999 -9999 -9999 -9999 -9999 -9999 -9999 -9999 -9999 -9999 -9999 -9999 -9999 -9999 -9999 -9999 -9999 -9999 -9999 -9999 -9999 -9999 -9999 -9999 -9999 -9999 -9999 -9999 -9999 -9999 -9999 -9999 -9999 -9999 -9999 -9999 -9999 -9999 -9999 -9999 -9999 -9999 31.22 31.22 31.22 31.22 31.22 31.22 31.22 31.22 31.22 31.22 31.22 31.22 31.22 31.22 31.23 31.22 31.21 31.18 31.13 31.14 31.16 31.19
-9999 -9999 -9999 -9999 -9999 -9999 -9999 -9999 -9999 -9999 -9999 -9999 -9999 -9999 -9999 -9999 -9999 -9999 -9999 -9999 -9999 -9999 -9999 -9999 -9999 -9999 -9999 -9999 -9999 -9999 -9999 -9999 -9999 -9999 -9999 -9999 -9999 -9999 -9999 -9999 -9999 -9999 -9999 -9999 -9999 -9999 -9999 -9999 -9999 -9999 -9999 -9999 -9999 31.22 31.22 31.22 31.22 31.22 31.22 31.22 31.22 31.22 31.22 31.22 31.22 31.22 31.22 31.22 31.22 31.22 31.21 31.19 31.12 31.02 31.04 31.07 31.14
-9999 -9999 -9999 -9999 -9999 -9999 -9999 -9999 -9999 -9999 -9999 -9999 -9999 -9999 -9999 -9999 -9999 -9999 -9999 -9999 -9999 -9999 -9999 -9999 -9999 -9999 -9999 -9999 -9999 -9999 -9999 -9999 -9999 -9999 -9999 -9999 -9999 -9999 -9999 -9999 -9999 -9999 -9999 -9999 -9999 -9999 -9999 -9999 -9999 -9999 -9999 -9999 -9999 31.22 31.22 31.22 31.22 31.22 31.22 31.22 31.22 31.22 31.22 31.22 31.22 31.22 31.22 31.22 31.22 31.22 31.2 31.17 31.07 30.94 30.95 30.98 31.06
-9999 -9999 -9999 -9999 -9999 -9999 -9999 -9999 -9999 -9999 -9999 -9999 -9999 -9999 -9999 -9999 -9999 -9999 -9999 -9999 -9999 -9999 -9999 -9999 -9999 -9999 -9999 -9999 -9999 -9999 -9999 -9999 -9999 -9999 -9999 -9999 -9999 -9999 -9999 -9999 -9999 -9999 -9999 -9999 -9999 -9999 -9999 -9999 -9999 -9999 -9999 31.22 31.22 31.22 31.22 31.22 31.22 31.22 31.22 31.22 31.22 31.22 31.22 31.22 31.22 31.22 31.22 31.22 31.22 31.21 31.19 31.15 31.02 30.87 30.85 30.87 30.98
-9999 -9999 -9999 -9999 -9999 -9999 -9999 -9999 -9999 -9999 -9999 -9999 -9999 -9999 -9999 -9999 -9999 -9999 -9999 -9999 -9999 -9999 -9999 -9999 -9999 -9999 -9999 -9999 -9999 -9999 -9999 -9999 -9999 -9999 -9999 -9999 -9999 -9999 -9999 -9999 -9999 -9999 -9999 -9999 -9999 -9999 -9999 -9999 -9999 -9999 -9999 31.22 31.22 31.22 31.22 31.22 31.22 31.22 31.22 31.22 31.22 31.22 31.22 31.22 31.22 31.22 31.22 31.21 31.2 31.19 31.15 31.09 30.95 30.77 30.75 30.75 30.86
31.22 -9999 -9999 -9999 -9999 -9999 -9999 -9999 -9999 -9999 -9999 -9999 -9999 -9999 -9999 31.22 31.22 -9999 -9999 -9999 -9999 -9999 -9999 -9999 -9999 -9999 -9999 -9999 -9999 -9999 -9999 -9999 -9999 -9999 -9999 -9999 -9999 -9999 -9999 -9999 -9999 -9999 -9999 -9999 -9999 -9999 -9999 -9999 -9999 31.22 31.22 31.22 31.22 31.22 31.22 31.22 31.22 31.22 31.22 31.22 31.22 31.22 31.22 31.22 31.22 31.22 31.22 31.2 31.18 31.16 31.1 31.02 30.86 30.66 30.63 30.63 30.73
31.22 31.22 31.22 31.22 31.22 31.22 -9999 -9999 -9999 -9999 -9999 -9999 -9999 31.22 31.22 31.22 31.22 31.22 31.22 31.22 31.22 31.22 -9999 -9999 -9999 -9999 -9999 -9999 31.22 31.22 -9999 -9999 -9999 -9999 -9999 -9999 -9999 -9999 -9999 -9999 -9999 -9999 -9999 -9999 -9999 -9999 -9999 -9999 31.22 31.22 31.22 31.22 31.22 31.22 31.22 31.22 31.22 31.22 31.22 31.22 31.22 31.22 31.22 31.22 31.22 31.21 31.2 31.16 31.11 31.04 30.97 30.88 30.74 30.57 30.55 30.55 30.66
31.22 31.22 31.22 31.22 31.22 31.22 -9999 -9999 -9999 -9999 -9999 -9999 -9999 31.22 31.22 31.22 31.22 31.22 31.22 31.22 31.22 31.22 -9999 -9999 -9999 -9999 -9999 -9999 31.22 31.22 -9999 -9999 -9999 -9999 -9999 -9999 -9999 -9999 -9999 -9999 -9999 -9999 -9999 -9999 -9999 -9999 -9999 -9999 31.22 31.22 31.22 31.22 31.22 31.22 31.22 31.22 31.22 31.22 31.22 31.22 31.22 31.22 31.22 31.22 31.22 31.2 31.18 31.11 31.03 30.92 30.82 30.73 30.62 30.49 30.47 30.47 30.59
31.22 31.22 31.22 31.22 31.22 31.22 31.22 31.22 -9999 -9999 -9999 -9999 31.22 31.22 31.22 31.22 31.22 31.22 31.22 31.22 31.22 31.22 31.22 31.22 31.22 31.22 31.22 31.22 31.22 31.22 31.22 -9999 -9999 -9999 -9999 -9999 -9999 -9999 -9999 -9999 -9999 -9999 -9999 -9999 -9999 -9999 31.22 31.22 31.22 31.22 31.22 31.22 31.22 31.22 31.22 31.22 31.22 31.21 31.21 31.22 31.22 31.22 31.22 31.22 31.21 31.19 31.15 31 30.87 30.77 30.71 30.67 30.6 30.5 30.46 30.45 30.52
31.22 31.22 31.22 31.22 31.22 31.22 31.22 31.22 -9999 -9999 -9999 -9999 31.22 31.22 31.22 31.22 31.22 31.22 31.22 31.22 31.22 31.22 31.22 31.22 31.22 31.22 31.22 31.22 31.22 31.22 31.22 -9999 -9999 -9999 -9999 -9999 -9999 -9999 -9999 -9999 -9999 -9999 -9999 -9999 -9999 -9999 31.22 31.22 31.22 31.22 31.22 31.22 31.22 31.22 31.22 31.22 31.21 31.21 31.2 31.2 31.21 31.22 31.22 31.21 31.21 31.17 31.12 30.92 30.76 30.66 30.61 30.62 30.57 30.51 30.46 30.42 30.47
31.22 31.22 31.22 31.22 31.22 31.22 31.22 31.22 31.22 31.22 31.22 31.22 31.22 31.22 31.22 31.22 31.22 31.22 31.22 31.22 31.22 31.22 31.22 31.22 31.22 31.22 31.22 31.22 31.22 31.22 31.22 31.22 31.22 -9999 -9999 -9999 -9999 -9999 -9999 -9999 -9999 -9999 -9999 -9999 31.22 31.22 31.22 31.22 31.22 31.22 31.22 31.22 31.22 31.22 31.22 31.21 31.2 31.19 31.17 31.17 31.19 31.2 31.21 31.21 31.2 31.16 31.12 30.96 30.81 30.67 30.6 30.59 30.56 30.51 30.46 30.41 30.42
31.22 31.22 31.22 31.22 31.22 31.22 31.22 31.22 31.22 31.22 31.22 31.22 31.22 31.22 31.22 31.22 31.22 31.22 31.22 31.22 31.22 31.22 31.22 31.22 31.22 31.22 31.22 31.22 31.22 31.22 31.22 31.22 31.22 -9999 -9999 -9999 -9999 -9999 -9999 -9999 -9999 -9999 -9999 -9999 31.22 31.22 31.22 31.22 31.22 31.22 31.22 31.22 31.22 31.22 31.22 31.21 31.19 31.16 31.13 31.11 31.15 31.18 31.19 31.19 31.17 31.15 31.11 30.99 30.86 30.69 30.6 30.57 30.54 30.5 30.45 30.41 30.39
31.22 31.22 31.22 31.22 31.22 31.22 31.22 31.22 31.22 31.22 31.22 31.22 31.22 31.22 31.22 31.22 31.22 31.22 31.22 31.22 31.22 31.22 31.22 31.22 31.22 31.22 31.22 31.22 31.22 31.22 31.22 31.22 31.22 31.22 31.22 31.22 31.22 -9999 -9999 -9999 31.22 31.22 -9999 -9999 31.22 31.22 31.22 31.22 31.22 31.22 31.22 31.22 31.22 31.22 31.21 31.2 31.16 31.11 31.05 31.03 31.09 31.13 31.14 31.14 31.13 31.11 31.08 31 30.89 30.72 30.61 30.55 30.51 30.48 30.44 30.4 30.37
31.22 31.22 31.22 31.22 31.22 31.22 31.22 31.22 31.22 31.22 31.22 31.22 31.22 31.22 31.22 31.22 31.22 31.22 31.22 31.22 31.22 31.22 31.22 31.22 31.22 31.22 31.22 31.22 31.22 31.22 31.22 31.22 31.22 31.22 31.22 31.22 31.22 -9999 -9999 -9999 31.22 31.22 -9999 -9999 31.22 31.22 31.22 31.22 31.22 31.22 31.22 31.22 31.22 31.22 31.21 31.19 31.13 31.06 31 30.98 31.05 31.08 31.08 31.06 31.04 31.03 31.02 30.97 30.89 30.74 30.62 30.54 30.49 30.45 30.41 30.37 30.34
31.22 31.22 31.22 31.22 31.22 31.22 31.22 31.22 31.22 31.22 31.22 31.22 31.22 31.22 31.22 31.22 31.22 31.22 31.22 31.22 31.22 31.22 31.22 31.22 31.22 31.22 31.22 31.22 31.22 31.22 31.22 31.22 31.22 31.22 31.22 31.22 31.22 31.22 31.22 31.22 31.22 31.22 31.22 31.22 31.22 31.22 31.22 31.22 31.22 31.22 31.22 31.22 31.22 31.22 31.2 31.17 31.09 31.01 30.97 30.96 31.02 31.04 31.01 30.96 30.9 30.92 30.94 30.92 30.87 30.74 30.63 30.54 30.47 30.42 30.37 30.32 30.3
31.22 31.22 31.22 31.22 31.22 31.22 31.22 31.22 31.22 31.22 31.22 31.22 31.22 31.22 31.22 31.22 31.22 31.22 31.22 31.22 31.22 31.22 31.22 31.22 31.22 31.22 31.22 31.22 31.22 31.22 31.22 31.22 31.22 31.22 31.22 31.22 31.22 31.22 31.22 31.22 31.22 31.22 31.22 31.22 31.22 31.22 31.22 31.22 31.22 31.22 31.22 31.22 31.22 31.21 31.17 31.13 31.03 30.94 30.92 30.93 30.98 30.98 30.94 30.85 30.76 30.78 30.81 30.83 30.81 30.71 30.61 30.52 30.44 30.38 30.33 30.28 30.27
31.22 31.22 31.22 31.22 31.22 31.22 31.22 31.22 31.22 31.22 31.22 31.22 31.22 31.22 31.22 31.21 31.21 31.21 31.21 31.22 31.22 31.22 31.22 31.22 31.22 31.22 31.22 31.22 31.22 31.22 31.22 31.22 31.22 31.22 31.22 31.22 31.22 31.22 31.22 31.22 31.22 31.22 31.22 31.22 31.22 31.22 31.22 31.22 31.22 31.22 31.22 31.22 31.21 31.2 31.14 31.07 30.96 30.85 30.87 30.89 30.94 30.93 30.86 30.75 30.61 30.63 30.66 30.73 30.74 30.66 30.57 30.49 30.41 30.34 30.29 30.24 30.25
31.2 31.21 31.21 31.21 31.21 31.21 31.22 31.22 31.22 31.22 31.22 31.22 31.22 31.22 31.21 31.2 31.19 31.19 31.19 31.2 31.2 31.21 31.22 31.22 31.22 31.22 31.22 31.22 31.22 31.22 31.22 31.22 31.22 31.22 31.22 31.22 31.22 31.22 31.22 31.22 31.22 31.22 31.22 31.22 31.22 31.22 31.22 31.22 31.22 31.22 31.22 31.22 31.2 31.18 31.12 31.03 30.92 30.82 30.82 30.84 30.89 30.88 30.83 30.73 30.6 30.58 30.58 30.64 30.66 30.62 30.56 30.47 30.39 30.3 30.24 30.2 30.23
31.18 31.19 31.2 31.21 31.2 31.2 31.21 31.22 31.22 31.22 31.22 31.22 31.22 31.21 31.2 31.19 31.17 31.17 31.17 31.17 31.18 31.2 31.21 31.22 31.22 31.22 31.22 31.22 31.22 31.22 31.22 31.22 31.22 31.22 31.22 31.22 31.22 31.22 31.22 31.22 31.22 31.22 31.22 31.22 31.22 31.22 31.22 31.22 31.22 31.22 31.22 31.21 31.2 31.17 31.09 30.99 30.88 30.79 30.78 30.79 30.83 30.83 30.81 30.72 30.62 30.56 30.51 30.55 30.58 30.59 30.55 30.46 30.37 30.27 30.2 30.16 30.21
31.12 31.14 31.16 31.17 31.17 31.17 31.18 31.2 31.21 31.22 31.22 31.22 31.22 31.21 31.19 31.16 31.13 31.1 31.09 31.09 31.12 31.15 31.18 31.2 31.21 31.21 31.21 31.21 31.21 31.22 31.22 31.22 31.22 31.22 31.22 31.22 31.22 31.22 31.22 31.22 31.22 31.22 31.22 31.22 31.22 31.22 31.22 31.22 31.22 31.22 31.22 31.22 31.2 31.17 31.1 31.01 30.9 30.8 30.76 30.73 30.74 30.75 30.75 30.69 30.61 30.54 30.47 30.46 30.47 30.5 30.5 30.48 30.38 30.25 30.17 30.12 30.19
31.06 31.09 31.11 31.13 31.12 31.12 31.14 31.16 31.19 31.21 31.22 31.22 31.22 31.21 31.18 31.13 31.08 31.04 31.02 31.01 31.05 31.1 31.15 31.18 31.19 31.2 31.19 31.2 31.21 31.21 31.22 31.22 31.22 31.22 31.22 31.22 31.22 31.22 31.22 31.22 31.22 31.22 31.22 31.22 31.22 31.22 31.22 31.22 31.22 31.22 31.22 31.22 31.21 31.18 31.11 31.03 30.92 30.81 30.73 30.67 30.66 30.66 30.69 30.65 30.59 30.51 30.43 30.38 30.37 30.41 30.45 30.48 30.38 30.24 30.15 30.08 30.17
31 31.05 31.06 31.07 31.04 31.03 31.06 31.11 31.16 31.19 31.21 31.22 31.22 31.2 31.16 31.1 31.05 31 30.96 30.93 30.96 31.02 31.09 31.14 31.15 31.15 31.16 31.17 31.19 31.2 31.21 31.22 31.22 31.22 31.22 31.22 31.22 31.22 31.22 31.22 31.22 31.22 31.22 31.22 31.22 31.22 31.22 31.22 31.22 31.22 31.22 31.22 31.21 31.18 31.12 31.03 30.93 30.81 30.7 30.6 30.56 30.55 30.58 30.56 30.51 30.45 30.38 30.33 30.31 30.33 30.38 30.45 30.37 30.23 30.15 30.09 30.18
