Sensitivity_testing/Dynamic_input/Gridded_temps/prism_tmin_tutuila_30yr_normal_08.asc
ncols         700
nrows         400
xllcorner     515000
yllcorner     8409000
cellsize      50
NODATA_value  -9999
[rows 168 to 195 of 400, columns 390 to 454 of 700]
35.52000 35.52000 35.49000 35.49000 35.55000 35.67000 35.82000 35.91000 35.98500 36.01500 36.04500 36.06000 36.07500 36.07500 36.07500 36.07500 36.07500 36.07500 36.07500 36.07500 36.07500 36.07500 36.07500 36.07500 36.07500 36.07500 36.07500 36.07500 36.07500 36.07500 36.07500 36.07500 36.07500 36.07500 36.04500 36.01500 35.91000 35.79000 35.58000 35.43000 35.34000 35.28000 35.22000 35.17500 35.14500 35.20500 35.28000 35.35500 35.38500 35.32500 35.20500 35.07000 35.22000 35.43000 35.65500 35.85000 35.92500 35.97000 35.95500 35.89500 35.80500 35.61000 35.37000 35.32500 35.32500
35.58000 35.64000 35.65500 35.68500 35.74500 35.82000 35.92500 35.98500 36.03000 36.04500 36.06000 36.07500 36.07500 36.07500 36.07500 36.07500 36.07500 36.07500 36.07500 36.07500 36.07500 36.07500 36.07500 36.07500 36.07500 36.07500 36.07500 36.07500 36.07500 36.07500 36.07500 36.07500 36.07500 36.07500 36.06000 36.03000 35.95500 35.83500 35.64000 35.47500 35.38500 35.31000 35.25000 35.26500 35.31000 35.35500 35.41500 35.46000 35.46000 35.38500 35.26500 35.10000 35.20500 35.37000 35.61000 35.80500 35.91000 35.95500 35.97000 35.92500 35.85000 35.64000 35.41500 35.40000 35.43000
35.68500 35.77500 35.80500 35.85000 35.89500 35.94000 36.00000 36.04500 36.06000 36.07500 36.07500 36.07500 36.07500 36.07500 36.07500 36.07500 36.07500 36.07500 36.07500 36.07500 36.07500 36.07500 36.07500 36.07500 36.07500 36.07500 36.07500 36.07500 36.07500 36.07500 36.07500 36.07500 36.07500 36.07500 36.06000 36.04500 35.98500 35.88000 35.70000 35.53500 35.43000 35.37000 35.32500 35.40000 35.49000 35.52000 35.55000 35.58000 35.55000 35.44500 35.29500 35.13000 35.22000 35.35500 35.58000 35.77500 35.89500 35.97000 35.98500 35.95500 35.89500 35.70000 35.50500 35.52000 35.58000
35.85000 35.92500 35.94000 35.97000 35.98500 36.01500 36.04500 36.06000 36.07500 36.07500 36.07500 36.07500 36.07500 36.07500 36.07500 36.07500 36.07500 36.07500 36.07500 36.07500 36.07500 36.07500 36.07500 36.07500 36.07500 36.07500 36.07500 36.07500 36.07500 36.07500 36.07500 36.07500 36.07500 36.07500 36.06000 36.06000 36.00000 35.92500 35.76000 35.62500 35.52000 35.46000 35.46000 35.56500 35.68500 35.70000 35.70000 35.68500 35.62500 35.47500 35.32500 35.17500 35.25000 35.38500 35.59500 35.79000 35.91000 35.98500 36.01500 35.98500 35.94000 35.80500 35.65500 35.73000 35.80500
35.95500 36.00000 36.03000 36.04500 36.04500 36.06000 36.07500 36.07500 36.07500 36.07500 36.07500 36.07500 36.07500 36.07500 36.07500 36.07500 36.07500 36.07500 36.07500 36.07500 36.07500 36.07500 36.07500 36.07500 36.07500 36.07500 36.07500 36.07500 36.07500 36.07500 36.07500 36.07500 36.07500 36.07500 36.06000 36.04500 36.00000 35.94000 35.83500 35.73000 35.64000 35.62500 35.64000 35.73000 35.83500 35.83500 35.83500 35.80500 35.71500 35.56500 35.43000 35.29500 35.37000 35.49000 35.68500 35.85000 35.95500 36.01500 36.03000 36.01500 35.98500 35.89500 35.79000 35.88000 35.94000
36.03000 36.04500 36.06000 36.07500 36.07500 36.09000 36.09000 36.07500 36.07500 36.07500 36.07500 36.07500 36.07500 36.07500 36.07500 36.07500 36.07500 36.07500 36.07500 36.07500 36.07500 36.07500 36.07500 36.07500 36.07500 36.07500 36.07500 36.07500 36.07500 36.07500 36.07500 36.07500 36.07500 36.06000 36.04500 36.01500 35.97000 35.94000 35.88000 35.85000 35.82000 35.83500 35.86500 35.91000 35.95500 35.95500 35.94000 35.91000 35.83500 35.70000 35.59500 35.52000 35.58000 35.67000 35.82000 35.94000 36.00000 36.04500 36.04500 36.04500 36.03000 35.98500 35.92500 35.97000 36.01500
36.06000 36.07500 36.07500 36.09000 36.09000 36.09000 36.09000 36.09000 36.07500 36.07500 36.07500 36.07500 36.07500 36.07500 36.07500 36.07500 36.07500 36.07500 36.07500 36.07500 36.07500 36.07500 36.07500 36.07500 36.07500 36.07500 36.07500 36.07500 36.07500 36.07500 36.07500 36.07500 36.06000 36.04500 36.00000 35.94000 35.91000 35.88000 35.89500 35.89500 35.91000 35.94000 35.97000 35.98500 36.01500 36.01500 36.00000 35.98500 35.92500 35.83500 35.77500 35.73000 35.77500 35.82000 35.92500 36.00000 36.03000 36.06000 36.06000 36.06000 36.04500 36.03000 36.00000 36.03000 36.04500
36.09000 36.09000 36.09000 36.09000 36.09000 36.09000 36.09000 36.09000 36.09000 36.07500 36.07500 36.07500 36.07500 36.07500 36.07500 36.07500 36.07500 36.07500 36.07500 36.07500 36.07500 36.07500 36.07500 36.07500 36.07500 36.07500 36.07500 36.07500 36.07500 36.07500 36.07500 36.06000 36.04500 36.01500 35.95500 35.88000 35.83500 35.82000 35.88000 35.92500 35.97000 36.00000 36.03000 36.04500 36.06000 36.04500 36.04500 36.04500 36.01500 35.98500 35.95500 35.94000 35.95500 35.98500 36.01500 36.04500 36.04500 36.06000 36.06000 36.06000 36.06000 36.04500 36.04500 36.04500 36.06000
36.09000 36.09000 36.09000 36.09000 36.09000 36.09000 36.09000 36.09000 36.09000 36.09000 36.07500 36.07500 36.07500 36.07500 36.07500 36.07500 36.07500 36.07500 36.07500 36.07500 36.07500 36.07500 36.07500 36.07500 36.07500 36.07500 36.07500 36.07500 36.07500 36.07500 36.07500 36.07500 36.06000 36.04500 35.98500 35.92500 35.91000 35.91000 35.94000 35.98500 36.01500 36.04500 36.06000 36.06000 36.06000 36.06000 36.04500 36.04500 36.04500 36.03000 36.01500 36.01500 36.01500 36.03000 36.04500 36.06000 36.06000 36.06000 36.06000 36.06000 36.06000 36.06000 36.04500 36.06000 36.06000
36.09000 36.09000 36.09000 36.09000 36.09000 36.09000 36.09000 36.09000 36.09000 36.09000 36.09000 36.07500 36.07500 36.07500 36.07500 36.07500 36.07500 36.07500 36.07500 36.07500 36.07500 36.07500 36.07500 36.07500 36.07500 36.07500 36.07500 36.07500 36.07500 36.07500 36.07500 36.07500 36.07500 36.06000 36.03000 36.00000 36.00000 36.00000 36.01500 36.04500 36.06000 36.06000 36.07500 36.07500 36.06000 36.06000 36.06000 36.06000 36.06000 36.06000 36.06000 36.06000 36.06000 36.06000 36.06000 36.06000 36.06000 36.06000 36.06000 36.06000 36.06000 36.06000 36.06000 36.06000 36.06000
36.09000 36.09000 36.09000 36.09000 36.09000 36.09000 36.09000 36.09000 36.09000 36.09000 36.09000 36.09000 36.07500 36.07500 36.07500 36.07500 36.07500 36.07500 36.07500 36.07500 36.07500 36.07500 36.07500 36.07500 36.07500 36.07500 36.07500 36.07500 36.07500 36.07500 36.07500 36.07500 36.07500 36.07500 36.06000 36.03000 36.03000 36.03000 36.04500 36.06000 36.06000 36.07500 36.07500 36.07500 36.07500 36.06000 36.06000 36.06000 36.06000 36.06000 36.06000 36.06000 36.06000 36.06000 36.06000 36.06000 36.06000 36.06000 36.06000 36.06000 36.06000 36.06000 36.06000 36.06000 36.06000
36.09000 36.09000 36.09000 36.09000 36.09000 36.09000 36.09000 36.09000 36.09000 36.09000 36.09000 36.09000 36.09000 36.07500 36.07500 36.07500 36.07500 36.07500 36.07500 36.07500 36.07500 36.07500 36.07500 36.07500 36.07500 36.07500 36.07500 36.07500 36.07500 36.07500 36.07500 36.07500 36.07500 36.07500 36.07500 36.06000 36.06000 36.06000 36.07500 36.07500 36.07500 36.07500 36.07500 36.07500 36.07500 36.06000 36.06000 36.06000 36.06000 36.06000 36.06000 36.06000 36.06000 36.06000 36.06000 36.06000 36.06000 36.06000 36.06000 36.06000 36.06000 36.06000 36.06000 36.06000 36.06000
36.09000 36.09000 36.09000 36.09000 36.09000 36.09000 36.09000 36.09000 36.09000 36.09000 36.09000 36.09000 36.09000 36.09000 36.07500 36.07500 36.07500 36.07500 36.07500 36.07500 36.07500 36.07500 36.07500 36.07500 36.07500 36.07500 36.07500 36.07500 36.07500 36.07500 36.07500 36.07500 36.07500 36.07500 36.07500 36.07500 36.07500 36.07500 36.07500 36.07500 36.07500 36.07500 36.07500 36.07500 36.07500 36.07500 36.07500 36.06000 36.06000 36.06000 36.06000 36.06000 36.06000 36.06000 36.06000 36.06000 36.06000 36.06000 36.06000 36.06000 36.06000 36.06000 36.06000 36.06000 36.06000
36.07500 36.07500 36.09000 36.09000 36.09000 36.09000 36.09000 36.09000 36.09000 36.09000 36.09000 36.09000 36.09000 36.09000 36.09000 36.07500 36.07500 36.07500 36.07500 36.07500 36.07500 36.07500 36.07500 36.07500 36.07500 36.07500 36.07500 36.07500 36.07500 36.07500 36.07500 36.07500 36.07500 36.07500 36.07500 36.07500 36.07500 36.07500 36.07500 36.07500 36.07500 36.07500 36.07500 36.07500 36.07500 36.07500 36.07500 36.06000 36.06000 36.06000 36.06000 36.06000 36.06000 36.06000 36.06000 36.06000 36.06000 36.06000 36.06000 36.06000 36.06000 36.06000 36.06000 36.06000 36.06000
36.06000 36.06000 36.07500 36.07500 36.09000 36.09000 36.09000 36.09000 36.09000 36.09000 36.09000 36.09000 36.09000 36.09000 36.09000 36.09000 36.07500 36.07500 36.07500 36.07500 36.07500 36.07500 36.07500 36.07500 36.07500 36.07500 36.07500 36.07500 36.07500 36.07500 36.07500 36.07500 36.07500 36.07500 36.07500 36.07500 36.07500 36.07500 36.07500 36.07500 36.07500 36.07500 36.07500 36.07500 36.07500 36.07500 36.07500 36.06000 36.06000 36.06000 36.06000 36.06000 36.06000 36.06000 36.06000 36.06000 36.06000 36.06000 36.06000 36.06000 36.06000 36.06000 36.06000 36.06000 36.06000
36.01500 36.00000 36.03000 36.04500 36.06000 36.07500 36.09000 36.09000 36.09000 36.09000 36.09000 36.09000 36.09000 36.09000 36.09000 36.09000 36.09000 36.07500 36.07500 36.07500 36.07500 36.07500 36.07500 36.07500 36.07500 36.07500 36.07500 36.07500 36.07500 36.07500 36.07500 36.07500 36.07500 36.07500 36.07500 36.07500 36.07500 36.07500 36.07500 36.07500 36.07500 36.07500 36.07500 36.07500 36.07500 36.07500 36.07500 36.06000 36.06000 36.06000 36.06000 36.06000 36.06000 36.06000 36.06000 36.06000 36.06000 36.06000 36.06000 36.06000 36.06000 36.06000 36.06000 36.06000 36.06000
35.92500 35.92500 35.97000 36.00000 36.01500 36.04500 36.07500 36.09000 36.09000 36.09000 36.09000 36.09000 36.09000 36.09000 36.09000 36.09000 36.09000 36.07500 36.07500 36.07500 36.07500 36.07500 36.07500 36.07500 36.07500 36.07500 36.07500 36.07500 36.07500 36.07500 36.07500 36.07500 36.07500 36.07500 36.07500 36.07500 36.07500 36.07500 36.07500 36.07500 36.07500 36.07500 36.07500 36.07500 36.07500 36.07500 36.07500 36.07500 36.07500 36.06000 36.06000 36.06000 36.06000 36.06000 36.06000 36.06000 36.06000 36.06000 0.00000 0.00000 36.06000 36.06000 36.06000 36.06000 36.06000
35.77500 35.76000 35.80500 35.86500 35.91000 35.97000 36.04500 36.06000 36.09000 36.09000 36.09000 36.09000 36.09000 36.09000 36.09000 36.09000 36.09000 36.07500 36.07500 36.07500 36.07500 36.07500 36.07500 36.07500 36.07500 36.07500 36.07500 36.07500 36.07500 36.07500 36.07500 36.07500 36.07500 36.07500 36.07500 36.07500 36.07500 36.07500 36.07500 36.07500 36.07500 36.07500 36.07500 36.07500 36.07500 36.07500 36.07500 36.07500 36.07500 36.06000 36.06000 36.06000 36.06000 36.06000 36.06000 36.06000 36.06000 36.06000 0.00000 0.00000 36.06000 36.06000 36.06000 36.06000 36.06000
35.58000 35.55000 35.61000 35.68500 35.79000 35.89500 36.00000 36.04500 36.07500 36.09000 36.09000 36.09000 36.09000 36.09000 36.09000 36.09000 36.09000 36.09000 36.07500 36.07500 36.07500 36.07500 36.07500 36.07500 36.07500 36.07500 36.07500 36.07500 36.07500 36.07500 36.07500 36.07500 36.07500 36.07500 36.07500 36.07500 36.07500 36.07500 36.07500 36.07500 36.07500 36.07500 36.07500 36.07500 36.07500 36.07500 36.07500 36.07500 36.07500 36.07500 36.07500 36.06000 36.06000 36.06000 36.06000 36.06000 0.00000 0.00000 0.00000 0.00000 0.00000 0.00000 36.06000 0.00000 0.00000
35.43000 35.44500 35.53500 35.64000 35.76000 35.88000 35.98500 36.04500 36.07500 36.09000 36.09000 36.09000 36.09000 36.09000 36.09000 36.09000 36.09000 36.09000 36.09000 36.07500 36.07500 36.07500 36.07500 36.07500 36.07500 36.07500 36.07500 36.07500 36.07500 36.07500 36.07500 36.07500 36.07500 36.07500 36.07500 36.07500 36.07500 36.07500 36.07500 36.07500 36.07500 36.07500 36.07500 36.07500 36.07500 36.07500 36.07500 36.07500 36.07500 36.07500 36.07500 36.06000 36.06000 36.06000 36.06000 36.06000 0.00000 0.00000 0.00000 0.00000 0.00000 0.00000 36.06000 0.00000 0.00000
35.31000 35.35500 35.47500 35.61000 35.74500 35.88000 35.98500 36.04500 36.07500 36.09000 36.09000 36.09000 36.09000 36.09000 36.09000 36.09000 36.09000 36.09000 36.09000 36.09000 36.07500 36.07500 36.07500 36.07500 0.00000 0.00000 0.00000 0.00000 0.00000 0.00000 0.00000 0.00000 0.00000 36.07500 36.07500 36.07500 36.07500 36.07500 36.07500 36.07500 0.00000 0.00000 0.00000 0.00000 0.00000 0.00000 0.00000 0.00000 0.00000 36.07500 36.07500 0.00000 0.00000 0.00000 0.00000 0.00000 0.00000 0.00000 0.00000 0.00000 0.00000 0.00000 0.00000 0.00000 0.00000
35.26500 35.35500 35.49000 35.65500 35.82000 35.94000 36.01500 36.06000 36.09000 36.09000 36.09000 36.09000 36.09000 36.09000 36.09000 36.09000 36.09000 36.09000 0.00000 0.00000 0.00000 0.00000 0.00000 0.00000 0.00000 0.00000 0.00000 0.00000 0.00000 0.00000 0.00000 0.00000 0.00000 0.00000 0.00000 0.00000 0.00000 0.00000 0.00000 0.00000 0.00000 0.00000 0.00000 0.00000 0.00000 0.00000 0.00000 0.00000 0.00000 0.00000 0.00000 0.00000 0.00000 0.00000 0.00000 0.00000 0.00000 0.00000 0.00000 0.00000 0.00000 0.00000 0.00000 0.00000 0.00000
35.25000 35.35500 35.52000 35.68500 35.86500 35.98500 36.04500 36.07500 36.09000 36.09000 36.09000 36.09000 36.09000 36.09000 36.09000 36.09000 36.09000 36.09000 0.00000 0.00000 0.00000 0.00000 0.00000 0.00000 0.00000 0.00000 0.00000 0.00000 0.00000 0.00000 0.00000 0.00000 0.00000 0.00000 0.00000 0.00000 0.00000 0.00000 0.00000 0.00000 0.00000 0.00000 0.00000 0.00000 0.00000 0.00000 0.00000 0.00000 0.00000 0.00000 0.00000 0.00000 0.00000 0.00000 0.00000 0.00000 0.00000 0.00000 0.00000 0.00000 0.00000 0.00000 0.00000 0.00000 0.00000
35.32500 35.40000 35.55000 35.71500 35.89500 36.00000 36.06000 36.07500 36.09000 36.09000 36.09000 36.09000 36.09000 36.09000 36.09000 36.09000 36.09000 36.09000 0.00000 0.00000 0.00000 0.00000 0.00000 0.00000 0.00000 0.00000 0.00000 0.00000 0.00000 0.00000 0.00000 0.00000 0.00000 0.00000 0.00000 0.00000 0.00000 0.00000 0.00000 0.00000 0.00000 0.00000 0.00000 0.00000 0.00000 0.00000 0.00000 0.00000 0.00000 0.00000 0.00000 0.00000 0.00000 0.00000 0.00000 0.00000 0.00000 0.00000 0.00000 0.00000 0.00000 0.00000 0.00000 0.00000 0.00000
35.43000 35.47500 35.61000 35.76000 35.92500 36.03000 36.07500 36.09000 36.09000 36.09000 36.09000 36.09000 36.09000 36.09000 36.09000 36.09000 36.09000 36.09000 0.00000 0.00000 0.00000 0.00000 0.00000 0.00000 0.00000 0.00000 0.00000 0.00000 0.00000 0.00000 0.00000 0.00000 0.00000 0.00000 0.00000 0.00000 0.00000 0.00000 0.00000 0.00000 0.00000 0.00000 0.00000 0.00000 0.00000 0.00000 0.00000 0.00000 0.00000 0.00000 0.00000 0.00000 0.00000 0.00000 0.00000 0.00000 0.00000 0.00000 0.00000 0.00000 0.00000 0.00000 0.00000 0.00000 0.00000
35.58000 35.62500 35.73000 35.85000 35.97000 36.04500 36.07500 36.09000 36.09000 36.09000 36.09000 36.09000 36.09000 36.09000 36.09000 36.09000 36.09000 0.00000 0.00000 0.00000 0.00000 0.00000 0.00000 0.00000 0.00000 0.00000 0.00000 0.00000 0.00000 0.00000 0.00000 0.00000 0.00000 0.00000 0.00000 0.00000 0.00000 0.00000 0.00000 0.00000 0.00000 0.00000 0.00000 0.00000 0.00000 0.00000 0.00000 0.00000 0.00000 0.00000 0.00000 0.00000 0.00000 0.00000 0.00000 0.00000 0.00000 0.00000 0.00000 0.00000 0.00000 0.00000 0.00000 0.00000 0.00000
35.71500 35.74500 35.83500 35.92500 36.01500 36.06000 36.09000 36.09000 36.09000 36.09000 36.09000 36.09000 36.09000 36.09000 36.09000 36.09000 36.09000 0.00000 0.00000 0.00000 0.00000 0.00000 0.00000 0.00000 0.00000 0.00000 0.00000 0.00000 0.00000 0.00000 0.00000 0.00000 0.00000 0.00000 0.00000 0.00000 0.00000 0.00000 0.00000 0.00000 0.00000 0.00000 0.00000 0.00000 0.00000 0.00000 0.00000 0.00000 0.00000 0.00000 0.00000 0.00000 0.00000 0.00000 0.00000 0.00000 0.00000 0.00000 0.00000 0.00000 0.00000 0.00000 0.00000 0.00000 0.00000
35.85000 35.88000 35.94000 36.00000 36.04500 36.07500 36.09000 36.09000 36.09000 36.09000 36.09000 36.09000 36.09000 36.09000 36.09000 36.09000 36.09000 0.00000 0.00000 0.00000 0.00000 0.00000 0.00000 0.00000 0.00000 0.00000 0.00000 0.00000 0.00000 0.00000 0.00000 0.00000 0.00000 0.00000 0.00000 0.00000 0.00000 0.00000 0.00000 0.00000 0.00000 0.00000 0.00000 0.00000 0.00000 0.00000 0.00000 0.00000 0.00000 0.00000 0.00000 0.00000 0.00000 0.00000 0.00000 0.00000 0.00000 0.00000 0.00000 0.00000 0.00000 0.00000 0.00000 0.00000 0.00000
