Sensitivity_testing/Dynamic_input/Gridded_temps/prism_tmax_tutuila_30yr_normal_05.asc
ncols         700
nrows         400
xllcorner     515000
yllcorner     8409000
cellsize      50
NODATA_value  -9999
[rows 136 to 169 of 400, columns 616 to 692 of 700]
30.36 30.39 30.41 30.41 30.41 30.4 30.39 30.39 30.41 30.42 30.42 30.42 30.42 30.42 30.43 30.43 30.43 30.43 30.43 30.43 30.43 30.43 30.43 30.43 30.43 30.43 30.43 30.43 30.43 30.43 -9999 -9999 -9999 -9999 -9999 -9999 -9999 -9999 -9999 -9999 -9999 -9999 -9999 -9999 -9999 -9999 -9999 -9999 -9999 -9999 -9999 -9999 -9999 -9999 -9999 -9999 -9999 -9999 -9999 -9999 -9999 -9999 -9999 -9999 -9999 -9999 -9999 -9999 -9999 -9999 -9999 -9999 -9999 -9999 -9999 -9999 -9999
30.39 30.41 30.41 30.42 30.42 30.42 30.42 30.41 30.42 30.43 30.43 30.43 30.43 30.43 30.43 30.43 30.43 30.43 30.43 30.43 30.43 30.43 30.43 30.43 30.43 30.43 30.43 30.43 30.43 30.43 -9999 -9999 -9999 -9999 -9999 -9999 -9999 -9999 -9999 -9999 -9999 -9999 -9999 -9999 -9999 -9999 -9999 -9999 -9999 -9999 -9999 -9999 -9999 -9999 -9999 -9999 -9999 -9999 -9999 -9999 -9999 -9999 -9999 -9999 -9999 -9999 -9999 -9999 -9999 -9999 -9999 -9999 -9999 -9999 -9999 -9999 -9999
30.41 30.41 30.42 30.42 30.42 30.42 30.42 30.42 30.43 30.43 30.43 30.43 30.43 30.43 30.43 30.43 30.43 30.43 30.43 30.43 30.43 30.43 30.43 30.43 30.43 30.43 30.43 30.43 -9999 -9999 -9999 -9999 -9999 -9999 -9999 -9999 -9999 -9999 -9999 -9999 -9999 -9999 -9999 -9999 30.43 30.43 30.43 30.43 30.43 30.43 30.43 -9999 -9999 -9999 -9999 -9999 -9999 -9999 -9999 -9999 -9999 -9999 -9999 -9999 -9999 -9999 -9999 -9999 -9999 -9999 -9999 -9999 -9999 -9999 -9999 -9999 -9999
30.42 30.42 30.42 30.42 30.42 30.42 30.42 30.42 30.43 30.43 30.43 30.43 30.43 30.43 30.43 30.43 30.43 30.43 30.43 30.43 30.43 30.43 30.43 30.43 30.43 30.43 30.43 30.43 -9999 -9999 -9999 -9999 -9999 -9999 -9999 -9999 -9999 -9999 -9999 -9999 -9999 -9999 -9999 -9999 30.43 30.43 30.43 30.43 30.43 30.43 30.43 -9999 -9999 -9999 -9999 -9999 -9999 -9999 -9999 -9999 -9999 -9999 -9999 -9999 -9999 -9999 -9999 -9999 -9999 -9999 -9999 -9999 -9999 -9999 -9999 -9999 -9999
30.42 30.42 30.42 30.42 30.42 30.42 30.42 30.42 30.42 30.42 30.43 30.43 30.43 30.43 30.43 30.43 30.43 30.43 30.43 30.43 30.43 30.43 30.43 30.43 30.43 30.43 -9999 -9999 -9999 -9999 -9999 -9999 -9999 -9999 -9999 -9999 -9999 30.43 30.43 30.43 30.43 30.43 30.43 30.43 30.43 30.43 30.43 30.43 30.43 30.43 30.43 30.43 30.43 -9999 -9999 30.43 30.43 -9999 -9999 -9999 -9999 -9999 -9999 -9999 -9999 -9999 -9999 -9999 -9999 -9999 -9999 -9999 -9999 -9999 -9999 -9999 -9999
30.42 30.42 30.42 30.42 30.42 30.42 30.42 30.42 30.42 30.42 30.43 30.43 30.43 30.43 30.43 30.43 30.43 30.43 30.43 30.43 30.43 30.43 30.43 30.43 30.43 30.43 -9999 -9999 -9999 -9999 -9999 -9999 -9999 -9999 -9999 -9999 -9999 30.43 30.43 30.43 30.43 30.43 30.43 30.43 30.43 30.43 30.43 30.43 30.43 30.43 30.43 30.43 30.43 -9999 -9999 30.43 30.43 -9999 -9999 -9999 -9999 -9999 -9999 -9999 -9999 -9999 -9999 -9999 -9999 -9999 -9999 -9999 -9999 -9999 -9999 -9999 -9999
30.42 30.42 30.42 30.42 30.42 30.42 30.42 30.42 30.42 30.42 30.43 30.43 30.43 30.43 30.43 30.43 30.43 30.43 30.43 30.43 30.43 30.43 30.43 30.43 -9999 -9999 -9999 -9999 -9999 -9999 -9999 -9999 -9999 -9999 -9999 30.43 30.43 30.43 30.43 30.43 30.43 30.43 30.43 30.43 30.43 30.43 30.43 30.43 30.43 30.43 30.43 30.43 30.43 30.43 30.43 30.43 30.43 30.43 30.43 30.43 -9999 -9999 -9999 -9999 -9999 -9999 -9999 -9999 -9999 -9999 -9999 -9999 -9999 -9999 -9999 -9999 -9999
30.42 30.42 30.42 30.42 30.42 30.42 30.42 30.42 30.42 30.42 30.43 30.43 30.43 30.43 30.43 30.43 30.43 30.43 30.43 30.43 30.43 30.43 30.43 30.43 -9999 -9999 -9999 -9999 -9999 -9999 -9999 -9999 -9999 -9999 -9999 30.43 30.43 30.43 30.43 30.43 30.43 30.43 30.43 30.43 30.43 30.43 30.43 30.43 30.43 30.43 30.43 30.43 30.43 30.43 30.43 30.43 30.43 30.43 30.43 30.43 -9999 -9999 -9999 -9999 -9999 -9999 -9999 -9999 -9999 -9999 -9999 -9999 -9999 -9999 -9999 -9999 -9999
30.42 30.42 30.42 30.42 30.42 30.42 30.42 30.42 30.42 30.42 30.43 30.43 30.43 30.43 30.43 30.43 30.43 30.43 30.43 30.43 30.43 30.43 30.43 -9999 -9999 -9999 -9999 -9999 -9999 -9999 -9999 -9999 -9999 30.43 30.43 30.43 30.43 30.43 30.43 30.43 30.43 30.43 30.43 30.43 30.43 30.43 30.43 30.43 30.43 30.43 30.43 30.43 30.43 30.43 30.43 30.43 30.43 30.43 30.43 30.43 30.43 30.43 -9999 -9999 -9999 -9999 -9999 -9999 -9999 -9999 -9999 -9999 -9999 -9999 -9999 -9999 -9999
30.42 30.42 30.42 30.42 30.42 30.42 30.42 30.42 30.42 30.42 30.42 30.43 30.43 30.43 30.43 30.43 30.43 30.43 30.43 30.43 30.43 30.43 30.43 -9999 -9999 -9999 -9999 -9999 -9999 -9999 -9999 -9999 -9999 30.43 30.43 30.43 30.43 30.43 30.43 30.43 30.43 30.43 30.43 30.43 30.43 30.43 30.43 30.43 30.43 30.43 30.43 30.43 30.43 30.43 30.43 30.43 30.43 30.43 30.43 30.43 30.43 30.43 -9999 -9999 -9999 -9999 -9999 -9999 -9999 -9999 -9999 -9999 -9999 -9999 -9999 -9999 -9999
30.42 30.42 30.42 30.42 30.42 30.42 30.42 30.42 30.42 30.42 30.42 30.42 30.43 30.43 30.43 30.43 30.43 30.43 30.43 30.43 30.43 -9999 -9999 -9999 -9999 -9999 -9999 -9999 -9999 -9999 -9999 -9999 30.43 30.43 30.43 30.43 30.43 30.43 30.43 30.43 30.43 30.43 30.43 30.43 30.43 30.43 30.43 30.43 30.43 30.43 30.43 30.43 30.43 30.43 30.43 30.43 30.43 30.43 30.43 30.43 30.43 30.43 30.43 30.43 -9999 -9999 -9999 -9999 -9999 -9999 -9999 -9999 -9999 -9999 -9999 -9999 -9999
30.42 30.42 30.42 -9999 -9999 30.42 30.42 30.42 -9999 -9999 30.42 30.42 30.43 30.43 -9999 -9999 -9999 -9999 -9999 -9999 -9999 -9999 -9999 -9999 -9999 -9999 -9999 -9999 -9999 -9999 30.43 30.43 30.43 30.43 30.43 30.43 30.43 30.43 30.43 30.43 30.43 30.43 30.43 30.43 30.43 30.43 30.43 30.43 30.43 30.43 30.43 30.43 30.43 30.43 30.43 30.43 30.43 30.43 30.43 30.43 30.43 30.43 30.43 30.43 30.43 30.43 -9999 -9999 -9999 -9999 -9999 -9999 -9999 -9999 -9999 -9999 -9999
30.42 30.42 30.42 -9999 -9999 30.42 30.42 30.42 -9999 -9999 30.42 30.42 30.43 30.43 -9999 -9999 -9999 -9999 -9999 -9999 -9999 -9999 -9999 -9999 -9999 -9999 -9999 -9999 -9999 -9999 30.43 30.43 30.43 30.43 30.43 30.43 30.43 30.43 30.43 30.43 30.43 30.43 30.43 30.43 30.43 30.43 30.43 30.43 30.43 30.43 30.43 30.43 30.43 30.43 30.43 30.43 30.43 30.43 30.43 30.43 30.43 30.43 30.43 30.43 30.43 30.43 -9999 -9999 -9999 -9999 -9999 -9999 -9999 -9999 -9999 -9999 -9999
30.42 -9999 -9999 -9999 -9999 -9999 -9999 -9999 -9999 -9999 -9999 -9999 -9999 -9999 -9999 -9999 -9999 -9999 -9999 -9999 -9999 -9999 -9999 -9999 -9999 -9999 -9999 -9999 30.43 30.43 30.43 30.43 30.43 30.43 30.43 30.43 30.43 30.43 30.43 30.43 30.43 30.43 30.43 30.43 30.43 30.43 30.43 30.43 30.43 30.43 30.43 30.43 30.43 30.43 30.43 30.43 30.43 30.43 30.43 30.43 30.43 30.43 30.43 30.43 30.43 30.43 30.43 -9999 -9999 -9999 -9999 -9999 -9999 -9999 -9999 -9999 -9999
30.42 -9999 -9999 -9999 -9999 -9999 -9999 -9999 -9999 -9999 -9999 -9999 -9999 -9999 -9999 -9999 -9999 -9999 -9999 -9999 -9999 -9999 -9999 -9999 -9999 -9999 -9999 -9999 30.43 30.43 30.43 30.43 30.43 30.43 30.43 30.43 30.43 30.43 30.43 30.43 30.43 30.43 30.43 30.43 30.43 30.43 30.43 30.43 30.43 30.43 30.43 30.43 30.43 30.43 30.43 30.43 30.43 30.43 30.43 30.43 30.43 30.43 30.43 30.43 30.43 30.43 30.43 -9999 -9999 -9999 -9999 -9999 -9999 -9999 -9999 -9999 -9999
-9999 -9999 -9999 -9999 -9999 -9999 -9999 -9999 -9999 -9999 -9999 -9999 -9999 -9999 -9999 -9999 -9999 -9999 -9999 -9999 -9999 -9999 -9999 -9999 -9999 -9999 30.43 30.43 30.43 30.43 30.43 30.43 30.43 30.43 30.43 30.43 30.43 30.43 30.43 30.43 30.43 30.42 30.42 30.42 30.42 30.42 30.42 30.42 30.42 30.42 30.42 30.42 30.42 30.43 30.43 30.42 30.42 30.42 30.43 30.43 30.43 30.43 30.43 30.43 30.43 30.43 30.43 30.43 30.43 -9999 -9999 -9999 -9999 -9999 -9999 -9999 -9999
-9999 -9999 -9999 -9999 -9999 -9999 -9999 -9999 -9999 -9999 -9999 -9999 -9999 -9999 -9999 -9999 -9999 -9999 -9999 -9999 -9999 -9999 -9999 -9999 -9999 -9999 30.43 30.43 30.43 30.43 30.43 30.43 30.43 30.43 30.43 30.43 30.43 30.43 30.43 30.43 30.42 30.42 30.42 30.42 30.42 30.42 30.42 30.42 30.42 30.41 30.41 30.41 30.41 30.41 30.41 30.4 30.39 30.4 30.41 30.42 30.42 30.43 30.43 30.43 30.43 30.43 30.43 30.43 30.43 -9999 -9999 -9999 -9999 -9999 -9999 -9999 -9999
-9999 -9999 -9999 -9999 -9999 -9999 -9999 -9999 -9999 -9999 -9999 -9999 -9999 -9999 -9999 -9999 -9999 -9999 -9999 -9999 -9999 -9999 -9999 -9999 30.43 30.43 30.43 30.43 30.43 30.43 30.43 30.43 30.43 30.43 30.43 30.43 30.43 30.42 30.42 30.42 30.42 30.41 30.41 30.41 30.41 30.41 30.41 30.41 30.4 30.4 30.4 30.39 30.39 30.38 30.37 30.35 30.35 30.35 30.37 30.39 30.41 30.42 30.43 30.43 30.43 30.43 30.43 30.43 30.43 30.43 30.43 -9999 -9999 -9999 -9999 -9999 -9999
-9999 -9999 -9999 -9999 -9999 -9999 -9999 -9999 -9999 -9999 -9999 -9999 -9999 -9999 -9999 -9999 -9999 -9999 -9999 -9999 -9999 -9999 -9999 -9999 30.43 30.43 30.43 30.43 30.43 30.43 30.43 30.43 30.43 30.43 30.43 30.43 30.42 30.42 30.42 30.42 30.41 30.41 30.41 30.41 30.41 30.41 30.4 30.4 30.38 30.37 30.36 30.35 30.34 30.33 30.31 30.28 30.27 30.26 30.3 30.33 30.37 30.4 30.42 30.43 30.43 30.43 30.43 30.43 30.43 30.43 30.43 -9999 -9999 -9999 -9999 -9999 -9999
-9999 -9999 -9999 -9999 -9999 -9999 -9999 -9999 -9999 -9999 -9999 -9999 -9999 -9999 -9999 -9999 -9999 -9999 -9999 -9999 -9999 -9999 -9999 30.43 30.43 30.43 30.43 30.43 30.43 30.43 30.43 30.43 30.43 30.43 30.43 30.42 30.42 30.41 30.41 30.41 30.41 30.4 30.4 30.4 30.4 30.4 30.39 30.38 30.36 30.34 30.32 30.3 30.28 30.25 30.22 30.19 30.17 30.15 30.19 30.24 30.31 30.37 30.4 30.42 30.43 30.43 30.43 30.43 30.43 30.43 30.43 30.43 30.43 -9999 -9999 -9999 -9999
-9999 -9999 -9999 -9999 -9999 -9999 -9999 -9999 -9999 -9999 -9999 -9999 -9999 -9999 -9999 -9999 -9999 -9999 -9999 -9999 -9999 -9999 -9999 30.43 30.43 30.43 30.43 30.43 30.43 30.43 30.43 30.43 30.43 30.43 30.42 30.42 30.41 30.41 30.4 30.4 30.4 30.4 30.4 30.4 30.39 30.38 30.37 30.34 30.31 30.3 30.29 30.28 30.27 30.26 30.24 30.22 30.2 30.18 30.2 30.23 30.28 30.33 30.38 30.41 30.43 30.43 30.43 30.43 30.43 30.43 30.43 30.43 30.43 -9999 -9999 -9999 -9999
-9999 -9999 -9999 -9999 -9999 -9999 -9999 -9999 -9999 -9999 -9999 -9999 -9999 -9999 -9999 -9999 -9999 -9999 -9999 -9999 -9999 30.43 30.43 30.43 30.43 30.43 30.43 30.43 30.43 30.43 30.43 30.43 30.43 30.42 30.42 30.41 30.41 30.4 30.4 30.39 30.39 30.39 30.39 30.39 30.38 30.36 30.33 30.29 30.25 30.25 30.25 30.28 30.29 30.29 30.29 30.29 30.28 30.26 30.25 30.25 30.26 30.28 30.34 30.39 30.42 30.43 30.43 30.43 30.43 30.43 30.43 30.43 30.43 30.43 30.43 -9999 -9999
-9999 -9999 -9999 -9999 -9999 -9999 -9999 -9999 -9999 -9999 -9999 -9999 -9999 -9999 -9999 -9999 -9999 -9999 -9999 30.43 30.43 30.43 30.43 30.43 30.43 30.43 30.43 30.43 30.43 30.43 30.43 30.43 30.42 30.42 30.41 30.41 30.4 30.4 30.39 30.39 30.38 30.38 30.38 30.38 30.36 30.33 30.28 30.25 30.23 30.26 30.28 30.31 30.33 30.34 30.34 30.34 30.33 30.32 30.31 30.29 30.28 30.29 30.34 30.38 30.41 30.42 30.43 30.43 30.43 30.43 30.43 30.43 30.43 30.43 30.43 -9999 -9999
-9999 -9999 -9999 -9999 -9999 -9999 -9999 -9999 -9999 -9999 -9999 -9999 -9999 -9999 -9999 -9999 -9999 -9999 -9999 30.43 30.43 30.43 30.43 30.43 30.43 30.43 30.43 30.43 30.43 30.43 30.43 30.43 30.42 30.41 30.41 30.4 30.4 30.4 30.39 30.38 30.38 30.38 30.38 30.37 30.34 30.29 30.23 30.21 30.22 30.27 30.32 30.35 30.37 30.38 30.38 30.38 30.38 30.37 30.36 30.34 30.32 30.31 30.34 30.37 30.4 30.42 30.43 30.43 30.43 30.43 30.43 30.43 30.43 30.43 30.43 30.43 -9999
-9999 -9999 -9999 -9999 -9999 -9999 -9999 -9999 -9999 -9999 -9999 -9999 -9999 -9999 -9999 -9999 -9999 -9999 -9999 30.43 30.43 30.43 30.43 30.43 30.43 30.43 30.43 30.43 30.43 30.43 30.43 30.43 30.42 30.41 30.41 30.4 30.4 30.4 30.39 30.38 30.38 30.38 30.37 30.36 30.32 30.27 30.19 30.2 30.24 30.3 30.35 30.37 30.39 30.39 30.4 30.4 30.39 30.39 30.37 30.36 30.34 30.33 30.34 30.36 30.4 30.41 30.43 30.43 30.43 30.43 30.43 30.43 30.43 30.43 30.43 30.43 -9999
-9999 -9999 -9999 -9999 -9999 -9999 -9999 -9999 -9999 -9999 -9999 -9999 -9999 -9999 -9999 -9999 -9999 -9999 -9999 30.43 30.43 30.43 30.43 30.43 30.43 30.43 30.43 30.43 30.43 30.43 30.43 30.43 30.42 30.41 30.41 30.4 30.4 30.39 30.39 30.38 30.38 30.38 30.37 30.35 30.31 30.25 30.17 30.2 30.27 30.32 30.37 30.39 30.4 30.41 30.41 30.41 30.41 30.4 30.39 30.38 30.36 30.34 30.34 30.36 30.39 30.41 30.43 30.43 30.43 30.43 30.43 30.43 30.43 30.43 30.43 30.43 -9999
-9999 -9999 -9999 -9999 -9999 -9999 -9999 -9999 -9999 -9999 -9999 -9999 -9999 -9999 -9999 -9999 -9999 -9999 -9999 30.43 30.43 30.43 30.43 30.43 30.43 30.43 30.43 30.43 30.43 30.43 30.43 30.43 30.42 30.41 30.41 30.4 30.4 30.39 30.39 30.38 30.38 30.38 30.37 30.36 30.33 30.28 30.21 30.23 30.29 30.34 30.38 30.39 30.4 30.4 30.4 30.4 30.4 30.4 30.39 30.38 30.37 30.36 30.35 30.37 30.39 30.41 30.43 30.43 30.43 30.43 30.43 30.43 30.43 30.43 30.43 30.43 30.43
-9999 -9999 -9999 -9999 -9999 -9999 -9999 -9999 -9999 -9999 -9999 -9999 -9999 -9999 -9999 -9999 -9999 -9999 -9999 30.43 30.43 30.43 30.43 30.43 30.43 30.43 30.43 30.43 30.43 30.43 30.43 30.43 30.42 30.41 30.41 30.4 30.4 30.39 30.39 30.38 30.38 30.38 30.37 30.36 30.33 30.29 30.23 30.25 30.3 30.34 30.37 30.39 30.39 30.4 30.4 30.4 30.4 30.4 30.39 30.39 30.38 30.37 30.37 30.38 30.4 30.41 30.43 30.43 30.43 30.43 30.43 30.43 30.43 30.43 30.43 30.43 30.43
-9999 -9999 -9999 -9999 -9999 -9999 -9999 -9999 -9999 -9999 -9999 -9999 -9999 -9999 -9999 -9999 -9999 -9999 -9999 30.43 30.43 30.43 30.43 30.43 30.43 30.43 30.43 30.43 30.43 30.43 30.43 30.43 30.42 30.41 30.41 30.4 30.4 30.39 30.39 30.38 30.38 30.38 30.37 30.36 30.33 30.3 30.25 30.25 30.28 30.32 30.35 30.37 30.38 30.39 30.39 30.39 30.39 30.39 30.39 30.39 30.38 30.38 30.38 30.39 30.41 30.42 30.43 30.43 30.43 30.43 30.43 30.43 30.43 30.43 30.43 30.43 -9999
-9999 -9999 -9999 -9999 -9999 -9999 -9999 -9999 -9999 -9999 -9999 -9999 -9999 -9999 -9999 -9999 -9999 -9999 -9999 30.43 30.43 30.43 30.43 30.43 30.43 30.43 30.43 30.43 30.43 30.43 30.43 30.43 30.42 30.41 30.41 30.4 30.4 30.39 30.39 30.38 30.38 30.38 30.36 30.35 30.32 30.29 30.24 30.24 30.26 30.29 30.32 30.34 30.36 30.38 30.38 30.38 30.37 30.37 30.38 30.38 30.38 30.37 30.38 30.39 30.41 30.42 30.43 30.43 30.43 30.43 30.43 30.43 30.43 30.43 30.43 30.43 -9999
-9999 -9999 -9999 -9999 -9999 -9999 -9999 -9999 -9999 -9999 -9999 -9999 -9999 -9999 -9999 -9999 -9999 -9999 -9999 30.43 30.43 30.43 30.43 30.43 30.43 30.43 30.43 30.43 30.43 30.43 30.43 30.43 30.42 30.41 30.41 30.4 30.4 30.39 30.39 30.38 30.38 30.37 30.35 30.33 30.3 30.26 30.22 30.21 30.22 30.26 30.29 30.32 30.34 30.36 30.36 30.36 30.36 30.36 30.37 30.37 30.36 30.36 30.37 30.38 30.41 30.42 30.43 30.43 30.43 30.43 30.43 30.43 30.43 30.43 30.43 30.43 -9999
-9999 -9999 -9999 -9999 -9999 -9999 -9999 -9999 -9999 -9999 -9999 -9999 -9999 -9999 -9999 -9999 -9999 -9999 -9999 30.43 30.43 30.43 30.43 30.43 30.43 30.43 30.43 30.43 30.43 30.43 30.43 30.43 30.42 30.42 30.41 30.41 30.4 30.4 30.39 30.38 30.38 30.38 30.35 30.33 30.28 30.23 30.18 30.17 30.16 30.2 30.25 30.28 30.31 30.33 30.34 30.35 30.35 30.36 30.36 30.36 30.36 30.36 30.37 30.39 30.41 30.42 30.43 30.43 30.43 30.43 30.43 30.43 30.43 30.43 30.43 30.43 -9999
-9999 -9999 -9999 -9999 -9999 -9999 -9999 -9999 -9999 -9999 -9999 -9999 -9999 -9999 -9999 -9999 -9999 -9999 -9999 -9999 -9999 30.43 30.43 30.43 30.43 30.43 30.43 30.43 30.43 30.43 30.43 30.43 30.42 30.42 30.42 30.41 30.41 30.4 30.4 30.39 30.39 30.39 30.36 30.32 30.26 30.2 30.14 30.12 30.1 30.14 30.19 30.24 30.27 30.3 30.32 30.34 30.35 30.35 30.35 30.35 30.36 30.36 30.38 30.4 30.41 30.42 30.43 30.43 30.43 30.43 30.43 30.43 30.43 30.43 30.43 -9999 -9999
-9999 -9999 -9999 -9999 -9999 -9999 -9999 -9999 -9999 -9999 -9999 -9999 -9999 -9999 -9999 -9999 -9999 -9999 -9999 -9999 -9999 30.43 30.43 30.43 30.43 30.43 30.43 30.43 30.43 30.43 30.43 30.43 30.42 30.42 30.42 30.42 30.41 30.41 30.4 30.4 30.4 30.39 30.38 30.35 30.29 30.22 30.14 30.08 30.03 30.07 30.11 30.17 30.22 30.26 30.29 30.32 30.33 30.34 30.35 30.36 30.36 30.37 30.39 30.41 30.42 30.43 30.43 30.43 30.43 30.43 30.43 30.43 30.43 30.43 30.43 -9999 -9999
