New_Model_Runs/10_Future_Present_Scn3_out/SUM_of_RECHARGE.asc
NCOLS        700
NROWS        400
XLLCORNER     515000.000
YLLCORNER    8409000.000
CELLSIZE         50.000
NODATA_VALUE     -9999.    
[rows 112 to 139 of 400, columns 504 to 566 of 700]
48.36 48.36 48.36 45.01 42.98 42.98 42.98 42.98 41.78 41.78 41.78 41.78 37.64 46.24 41.88 41.88 42.37 42.37 82.45 75.15 78.09 46.13 43.78 42.91 41.74 41.74 41.74 26.42 41.54 41.54 41.54 41.54 41.34 41.34 43.30 41.34 41.61 42.29 37.19 34.20 40.88 40.88 40.88 40.88 41.25 31.49 74.06 41.23 40.79 40.79 40.79 40.79 41.80 39.91 39.91 39.91 39.46 35.81 34.29 34.29 34.52 38.56 36.46
48.36 45.01 45.01 45.01 42.98 42.98 42.98 42.98 41.78 41.78 41.78 41.78 41.88 41.88 41.88 41.88 42.37 28.72 39.74 32.43 70.79 35.37 44.96 42.91 18.65 41.40 41.74 27.58 41.54 41.54 41.54 41.54 41.34 43.22 41.34 41.34 41.61 45.70 27.24 27.24 40.88 40.88 40.88 40.88 83.97 85.93 83.94 43.10 40.79 40.79 42.58 40.79 39.91 39.91 41.63 39.91 39.46 34.29 34.29 34.29 36.46 36.63 36.46
50.16 50.16 50.16 50.16 48.04 50.43 48.04 48.04 45.16 45.16 45.16 45.16 45.25 45.25 45.25 45.25 45.77 45.77 45.77 45.77 41.22 83.93 41.22 41.22 41.26 41.26 41.93 25.82 43.66 33.68 33.68 41.73 41.52 41.52 41.52 84.24 84.51 88.27 46.16 46.16 40.31 40.31 40.31 40.31 83.38 40.67 42.57 40.67 40.52 40.52 40.52 40.52 39.62 39.62 39.62 39.62 40.10 34.60 34.60 34.60 36.81 37.09 34.83
50.16 50.16 50.16 50.16 48.04 48.04 48.04 48.04 45.16 45.16 45.16 45.16 45.25 45.25 45.25 45.25 45.77 45.77 45.77 45.77 46.99 89.71 76.86 76.86 69.27 41.93 41.93 41.93 41.73 41.73 76.40 84.45 84.24 84.24 84.24 41.52 41.80 84.51 88.88 88.88 40.31 40.31 40.31 40.31 83.38 86.91 40.67 40.67 40.52 40.52 40.52 40.52 39.62 39.62 39.62 39.62 40.10 34.60 34.60 34.60 36.81 38.70 34.83
47.60 47.60 47.60 49.96 49.11 46.80 46.80 46.80 45.85 45.85 45.85 45.85 46.45 46.45 46.45 46.45 46.63 46.63 46.63 46.63 47.19 47.19 46.68 46.68 42.02 84.74 69.27 84.74 84.72 84.72 84.72 42.00 42.20 42.20 42.20 42.20 42.43 42.43 42.43 85.14 83.13 40.41 41.92 29.65 41.93 83.12 83.12 83.12 40.25 40.25 40.25 40.25 39.61 39.61 39.61 39.61 39.73 34.28 34.28 34.28 34.18 34.18 34.18
47.60 47.60 47.60 47.60 46.80 46.80 46.80 46.80 45.85 45.85 45.85 45.85 46.45 46.45 46.45 46.45 46.63 46.63 46.63 46.63 46.68 46.68 46.68 46.68 25.82 42.02 42.02 42.02 42.00 42.00 31.56 42.00 42.20 42.20 42.20 42.20 42.43 42.43 42.43 42.43 83.13 83.13 40.41 40.41 40.42 40.42 40.40 41.91 82.97 72.37 27.77 46.49 41.07 39.61 39.61 39.61 39.73 34.28 34.28 34.28 34.18 34.18 34.18
47.60 47.60 47.60 47.60 46.80 46.80 46.80 46.80 45.85 45.85 45.85 45.85 46.45 46.45 46.45 46.45 46.63 46.63 46.63 46.63 46.68 46.68 46.68 46.68 42.02 42.02 41.31 42.02 42.00 42.00 42.00 42.00 42.20 42.20 42.20 42.20 42.43 42.43 42.43 42.43 40.41 83.13 83.13 83.13 83.14 40.43 87.51 72.37 72.37 72.37 27.77 29.65 39.61 41.07 39.61 39.61 39.73 34.28 34.28 34.28 34.18 34.18 34.18
47.60 47.60 47.60 47.60 46.80 46.80 46.80 46.80 45.85 45.85 45.85 45.85 46.45 46.45 46.45 46.45 46.63 46.63 46.63 46.63 46.68 46.68 46.68 46.68 42.02 42.02 42.02 42.02 42.00 42.00 42.00 42.00 42.20 42.20 42.20 42.20 42.43 42.43 42.43 42.43 40.41 40.41 40.41 40.41 83.14 65.30 69.66 32.13 70.49 82.99 41.75 43.30 39.61 39.61 39.61 39.61 39.73 34.28 34.28 34.28 34.18 34.18 35.68
47.45 47.45 47.45 47.45 48.61 48.61 48.61 48.61 47.59 47.59 47.59 47.59 47.68 47.68 47.68 47.68 47.60 47.60 47.60 47.60 47.53 47.53 47.53 47.53 42.79 42.79 42.79 42.79 42.98 42.98 42.98 42.98 42.90 42.90 42.90 42.90 42.93 42.93 42.93 42.93 40.44 40.44 40.44 40.44 22.01 87.72 83.03 40.32 29.65 39.97 39.97 39.97 39.13 39.13 39.10 40.83 39.39 34.00 34.00 34.00 34.10 34.10 34.10
47.45 47.45 47.45 47.45 48.61 48.61 48.61 48.61 47.59 47.59 47.59 47.59 47.68 47.68 47.68 47.68 47.60 47.60 47.60 47.60 47.53 47.53 47.53 47.53 42.79 42.79 31.56 31.56 42.98 42.98 42.98 42.98 42.90 42.90 42.90 42.90 42.93 42.93 33.68 42.93 40.44 72.37 72.37 29.65 29.65 83.03 40.32 40.32 39.97 39.97 39.97 39.97 39.13 39.13 39.10 39.10 39.39 34.00 34.00 34.00 34.10 34.10 34.10
47.45 47.45 47.45 47.45 48.61 48.61 48.61 48.61 47.59 47.59 47.59 47.59 47.68 47.68 47.68 47.68 47.60 47.60 47.60 47.60 47.53 47.53 47.53 47.53 42.79 45.77 33.68 33.68 31.56 42.98 42.98 42.98 42.90 42.90 42.90 42.90 18.03 42.93 33.68 33.68 72.37 35.93 80.17 72.37 72.37 40.32 40.32 40.32 39.97 39.97 39.97 39.97 39.13 39.13 39.10 39.10 40.63 34.00 34.00 34.00 34.10 34.10 34.10
47.45 47.45 47.45 47.45 48.61 49.04 48.61 48.61 47.59 32.55 49.93 50.71 50.02 47.68 47.68 47.68 32.55 47.60 47.60 47.60 47.53 47.53 47.53 47.53 42.79 45.77 42.79 33.68 31.56 42.98 42.98 42.98 33.68 42.90 42.90 33.68 25.82 42.93 42.93 76.40 29.65 32.13 34.02 40.44 40.32 40.32 40.32 40.32 39.97 39.97 39.97 39.97 39.13 39.13 39.13 39.13 39.41 34.00 34.00 34.00 34.10 34.10 34.10
49.17 49.17 49.17 49.17 49.85 49.85 52.36 49.85 48.00 48.00 53.23 48.00 48.04 48.04 48.04 50.38 50.55 48.22 42.46 41.22 48.22 48.22 48.22 48.22 43.49 46.55 46.55 47.85 47.86 43.49 43.49 43.49 45.66 40.29 50.83 36.80 33.68 31.56 85.72 85.72 40.53 40.53 40.53 40.53 40.49 40.49 40.49 40.49 40.25 43.39 40.27 40.27 38.92 38.92 38.92 38.95 39.34 33.96 33.94 33.94 34.38 34.38 34.38
49.17 49.17 49.17 49.17 49.85 49.85 49.85 49.85 48.00 50.37 48.00 48.00 48.04 48.04 48.04 48.04 51.65 51.65 51.65 56.02 44.35 48.22 48.22 48.22 43.49 55.28 45.60 59.73 57.10 52.74 47.86 43.49 36.56 49.65 49.65 25.80 36.56 91.37 43.00 43.00 44.13 40.53 40.53 40.53 40.49 40.49 40.49 40.49 43.50 40.25 40.25 40.25 38.92 38.92 38.92 38.92 39.32 33.94 33.94 33.94 34.38 35.91 36.25
49.17 49.17 49.17 49.17 49.85 49.85 49.85 49.85 48.00 48.00 48.00 48.00 48.04 48.04 48.04 48.04 48.22 51.65 56.78 60.38 38.39 32.55 95.30 56.02 59.64 31.88 98.08 96.67 101.0 83.32 93.72 99.30 88.00 96.73 79.28 79.28 100.0 49.11 43.00 45.11 40.53 40.53 40.53 43.18 43.14 43.14 40.49 43.14 42.75 40.25 40.25 40.25 38.92 38.92 38.92 38.92 39.32 33.94 33.94 33.94 34.38 34.38 34.38
49.17 49.17 49.17 49.17 49.85 49.85 49.85 49.85 48.00 48.00 48.00 48.00 48.04 50.41 50.41 48.04 48.22 48.22 46.82 55.55 98.26 86.12 98.74 62.21 36.24 83.33 64.14 83.58 83.58 30.15 92.31 68.50 69.16 69.16 88.25 40.87 43.00 43.00 43.00 43.00 40.53 40.53 40.53 43.18 43.14 43.14 28.68 43.68 42.75 42.75 42.75 41.64 38.92 38.92 38.92 38.92 40.56 33.94 33.94 33.96 34.38 34.41 34.41
50.19 50.19 50.19 50.19 50.30 50.30 50.30 50.30 47.97 47.97 47.97 47.97 48.05 48.05 48.05 48.05 48.28 48.28 51.72 48.52 97.75 91.74 44.16 29.57 78.96 68.50 83.58 -.9900E-19 -.9900E-19 -.9900E-19 -.9900E-19 -.9900E-19 -.9900E-19 69.16 88.27 51.87 42.84 42.84 42.84 42.84 41.03 83.75 86.45 70.98 32.63 32.63 23.90 38.76 31.21 42.61 42.61 40.12 39.05 42.05 40.81 40.80 39.73 34.28 34.31 25.15 23.77 23.77 23.77
50.19 50.19 50.19 50.19 54.05 54.05 54.05 54.05 51.38 47.97 47.97 47.97 48.05 48.05 48.05 48.05 39.04 48.28 42.46 51.18 44.16 82.51 67.93 100.6 65.87 -.9900E-19 -.9900E-19 -.9900E-19 -.9900E-19 -.9900E-19 -.9900E-19 -.9900E-19 -.9900E-19 -.9900E-19 73.64 43.14 42.84 42.84 42.84 42.84 84.64 57.29 27.51 43.84 84.07 37.37 47.86 29.46 43.04 42.61 42.61 40.12 39.05 39.05 39.05 39.05 41.03 34.28 34.31 34.31 23.77 23.77 34.83
49.98 49.98 49.98 49.98 53.70 53.70 51.26 53.70 52.60 49.74 49.74 49.74 49.82 49.82 49.82 49.82 48.36 50.05 49.63 55.31 50.95 51.29 61.88 104.6 47.08 -.9900E-19 -.9900E-19 -.9900E-19 -.9900E-19 -.9900E-19 -.9900E-19 -.9900E-19 -.9900E-19 -.9900E-19 -.9900E-19 91.04 46.17 46.17 88.89 88.17 28.60 34.36 38.73 38.50 96.86 49.55 46.98 45.19 46.50 44.26 45.98 44.26 43.21 43.21 43.21 43.21 37.67 32.47 32.47 32.50 21.99 22.95 34.07
49.98 49.98 49.98 49.98 50.09 53.70 53.70 53.70 47.93 47.93 52.60 49.74 49.82 49.82 49.82 49.63 48.36 50.05 49.63 53.99 50.61 50.61 53.79 91.51 -.9900E-19 -.9900E-19 -.9900E-19 -.9900E-19 -.9900E-19 -.9900E-19 -.9900E-19 -.9900E-19 -.9900E-19 -.9900E-19 -.9900E-19 29.51 88.65 88.89 67.86 -.9900E-19 -.9900E-19 30.00 38.73 51.82 88.02 47.60 45.19 45.19 44.26 45.98 44.26 45.90 43.21 43.21 43.21 43.21 37.67 32.47 32.47 22.95 21.55 21.99 33.77
50.14 50.14 50.14 50.14 50.26 50.26 53.89 53.89 52.98 52.98 52.98 50.09 47.71 48.36 50.61 50.61 50.61 52.72 49.90 49.63 49.72 49.72 92.44 -.9900E-19 -.9900E-19 -.9900E-19 -.9900E-19 -.9900E-19 -.9900E-19 -.9900E-19 -.9900E-19 -.9900E-19 -.9900E-19 -.9900E-19 -.9900E-19 50.14 45.91 -.9900E-19 -.9900E-19 -.9900E-19 -.9900E-19 -.9900E-19 -.9900E-19 25.41 91.94 47.07 46.46 44.70 44.15 44.15 44.15 44.15 43.88 43.88 43.88 43.88 38.57 33.25 33.25 33.25 23.29 23.29 32.69
50.14 50.14 50.14 52.65 52.78 52.79 47.51 48.89 54.97 56.27 52.98 50.09 50.01 48.36 55.31 59.34 57.52 70.61 64.80 49.90 92.44 92.44 -.9900E-19 -.9900E-19 -.9900E-19 -.9900E-19 -.9900E-19 -.9900E-19 -.9900E-19 -.9900E-19 -.9900E-19 -.9900E-19 -.9900E-19 -.9900E-19 -.9900E-19 -.9900E-19 -.9900E-19 -.9900E-19 -.9900E-19 -.9900E-19 -.9900E-19 -.9900E-19 -.9900E-19 47.45 93.96 42.52 47.48 47.07 46.47 44.15 44.15 44.15 43.88 43.88 43.88 43.88 38.57 33.25 34.68 33.25 32.67 32.67 32.67
50.14 50.14 50.14 50.14 50.26 50.26 52.79 47.51 54.97 56.27 51.90 54.97 54.97 50.95 97.22 95.87 95.87 109.0 -.9900E-19 -.9900E-19 -.9900E-19 -.9900E-19 -.9900E-19 -.9900E-19 -.9900E-19 -.9900E-19 -.9900E-19 -.9900E-19 -.9900E-19 -.9900E-19 -.9900E-19 -.9900E-19 -.9900E-19 -.9900E-19 -.9900E-19 -.9900E-19 -.9900E-19 -.9900E-19 -.9900E-19 -.9900E-19 -.9900E-19 -.9900E-19 -.9900E-19 -.9900E-19 88.14 47.07 47.07 47.07 46.47 46.47 44.15 44.15 43.88 43.88 43.88 43.88 38.57 33.25 33.25 33.25 32.67 32.67 32.67
50.14 50.14 50.14 50.14 50.26 50.12 54.63 44.58 68.40 61.88 95.87 95.87 95.87 -.9900E-19 -.9900E-19 -.9900E-19 -.9900E-19 -.9900E-19 -.9900E-19 -.9900E-19 -.9900E-19 -.9900E-19 -.9900E-19 -.9900E-19 -.9900E-19 -.9900E-19 -.9900E-19 -.9900E-19 -.9900E-19 -.9900E-19 -.9900E-19 -.9900E-19 -.9900E-19 -.9900E-19 -.9900E-19 -.9900E-19 -.9900E-19 -.9900E-19 -.9900E-19 -.9900E-19 -.9900E-19 -.9900E-19 -.9900E-19 30.00 90.03 49.07 49.07 44.70 44.15 44.15 44.15 44.15 43.88 43.88 43.88 43.88 38.57 33.25 33.25 33.25 34.40 34.40 34.40
50.00 50.00 50.00 50.00 53.65 44.52 57.61 59.04 74.97 104.6 -.9900E-19 -.9900E-19 -.9900E-19 -.9900E-19 -.9900E-19 -.9900E-19 -.9900E-19 -.9900E-19 -.9900E-19 -.9900E-19 -.9900E-19 -.9900E-19 -.9900E-19 -.9900E-19 -.9900E-19 -.9900E-19 -.9900E-19 -.9900E-19 -.9900E-19 -.9900E-19 -.9900E-19 -.9900E-19 -.9900E-19 -.9900E-19 -.9900E-19 -.9900E-19 -.9900E-19 -.9900E-19 -.9900E-19 -.9900E-19 -.9900E-19 -.9900E-19 -.9900E-19 44.41 44.56 91.13 91.79 91.79 47.67 46.30 44.79 44.79 44.71 44.71 44.71 44.71 39.45 35.91 35.91 35.91 35.27 35.27 35.27
50.00 50.00 50.00 50.00 51.24 48.89 30.12 98.03 -.9900E-19 -.9900E-19 -.9900E-19 -.9900E-19 -.9900E-19 -.9900E-19 -.9900E-19 -.9900E-19 -.9900E-19 -.9900E-19 -.9900E-19 -.9900E-19 -.9900E-19 -.9900E-19 -.9900E-19 -.9900E-19 -.9900E-19 -.9900E-19 -.9900E-19 -.9900E-19 -.9900E-19 -.9900E-19 -.9900E-19 -.9900E-19 -.9900E-19 -.9900E-19 -.9900E-19 -.9900E-19 -.9900E-19 -.9900E-19 -.9900E-19 -.9900E-19 -.9900E-19 -.9900E-19 -.9900E-19 -.9900E-19 -.9900E-19 -.9900E-19 -.9900E-19 83.28 62.38 37.28 46.30 41.93 44.05 44.71 44.71 44.71 39.45 35.91 35.91 35.91 35.27 35.27 35.27
50.00 50.00 50.00 52.24 43.14 48.89 98.03 -.9900E-19 -.9900E-19 -.9900E-19 -.9900E-19 -.9900E-19 -.9900E-19 -.9900E-19 -.9900E-19 -.9900E-19 -.9900E-19 -.9900E-19 -.9900E-19 -.9900E-19 -.9900E-19 -.9900E-19 -.9900E-19 -.9900E-19 -.9900E-19 -.9900E-19 -.9900E-19 -.9900E-19 -.9900E-19 -.9900E-19 -.9900E-19 -.9900E-19 -.9900E-19 -.9900E-19 -.9900E-19 -.9900E-19 -.9900E-19 -.9900E-19 -.9900E-19 -.9900E-19 -.9900E-19 -.9900E-19 -.9900E-19 -.9900E-19 -.9900E-19 -.9900E-19 -.9900E-19 -.9900E-19 98.55 28.31 32.91 24.19 44.05 44.86 44.05 44.71 39.45 35.91 35.91 35.91 35.27 35.27 35.27
50.99 54.36 43.15 43.15 50.91 48.89 88.67 -.9900E-19 -.9900E-19 -.9900E-19 -.9900E-19 -.9900E-19 -.9900E-19 -.9900E-19 -.9900E-19 -.9900E-19 -.9900E-19 -.9900E-19 -.9900E-19 -.9900E-19 -.9900E-19 -.9900E-19 -.9900E-19 -.9900E-19 -.9900E-19 -.9900E-19 -.9900E-19 -.9900E-19 -.9900E-19 -.9900E-19 -.9900E-19 -.9900E-19 -.9900E-19 -.9900E-19 -.9900E-19 -.9900E-19 -.9900E-19 -.9900E-19 -.9900E-19 -.9900E-19 -.9900E-19 -.9900E-19 -.9900E-19 -.9900E-19 -.9900E-19 -.9900E-19 -.9900E-19 -.9900E-19 -.9900E-19 83.28 38.73 30.00 49.64 49.22 44.86 48.21 32.84 35.91 35.91 35.91 35.27 35.27 35.27
