New_Model_Runs/10_Future_Present_Scn3_out/SUM_of_RECHARGE.asc
NCOLS        700
NROWS        400
XLLCORNER     515000.000
YLLCORNER    8409000.000
CELLSIZE         50.000
NODATA_VALUE     -9999.    
[rows 252 to 279 of 400, columns 252 to 314 of 700]
83.36 67.06 78.68 78.66 77.75 73.36 42.56 106.2 116.0 73.23 73.19 73.14 52.39 52.33 52.28 52.21 50.10 52.07 51.98 50.13 51.80 47.33 38.93 11.63 87.58 85.53 58.56 54.14 54.08 58.38 49.20 19.90 11.10 15.40 15.33 38.87 36.44 31.84 31.60 29.78 31.13 13.63 45.77 61.19 22.78 14.00 13.95 18.26 71.93 51.42 60.09 21.68 25.20 16.41 20.72 20.66 16.23 58.89 54.47 54.41 58.71 67.71 67.55
66.98 83.32 68.77 82.93 67.27 52.55 54.64 52.48 52.45 115.8 115.8 73.03 50.23 52.21 52.15 52.08 52.01 49.89 56.24 49.99 39.27 43.26 47.07 79.87 54.25 54.20 41.04 11.37 11.31 39.95 44.65 45.77 36.82 19.70 15.27 36.11 9.564 36.01 78.48 35.53 28.93 22.91 35.94 31.52 27.10 22.68 22.63 22.57 56.50 71.57 30.09 21.63 25.15 16.36 25.03 20.60 67.62 63.19 54.40 58.71 58.65 71.89 71.72
66.88 34.89 66.82 68.63 62.79 56.82 51.05 42.29 42.24 50.26 92.94 85.67 50.11 50.05 52.03 51.96 51.88 51.80 56.19 56.15 14.78 41.63 89.64 102.3 11.48 54.14 11.37 15.68 19.98 15.55 35.75 36.86 36.63 40.76 19.57 15.90 31.69 74.17 31.22 35.35 37.10 32.56 22.80 40.91 18.33 22.63 18.21 18.16 9.374 73.77 29.94 12.84 16.37 11.94 20.61 67.62 63.20 16.05 11.63 28.85 71.38 58.53 15.76
66.78 78.44 66.71 48.32 42.30 50.99 56.69 42.17 42.99 42.07 52.15 94.82 54.17 51.98 51.91 51.83 51.75 51.67 55.92 61.21 79.96 81.27 59.62 59.57 59.32 11.37 54.03 11.26 20.53 11.13 37.94 36.67 35.16 36.21 37.98 35.74 31.51 72.42 29.49 35.16 36.97 32.41 14.03 13.97 36.20 13.86 9.440 9.383 9.325 30.89 71.01 28.09 72.38 67.81 68.47 67.37 68.07 66.94 66.73 66.52 67.32 24.43 24.26
111.2 76.29 68.68 50.86 56.67 57.69 50.19 56.52 56.48 56.46 56.41 46.18 84.46 51.86 56.23 56.21 63.42 55.89 60.95 89.07 102.0 59.29 62.15 59.19 59.01 58.95 63.07 80.06 11.14 36.93 35.41 35.20 36.26 36.03 35.80 35.56 31.33 73.81 30.86 32.65 40.77 40.60 40.42 38.38 36.05 35.86 51.66 48.55 31.13 9.215 9.153 70.62 30.34 29.27 25.58 25.38 25.18 24.98 24.78 24.59 24.41 24.24 24.07
76.24 118.9 68.36 45.99 56.59 56.55 56.47 56.43 60.75 22.70 55.25 68.57 46.89 110.8 63.73 63.70 55.86 55.77 106.0 110.0 56.42 59.24 59.19 67.97 72.27 24.72 20.34 110.4 11.09 53.74 77.96 77.76 53.54 52.81 52.74 52.67 8.749 70.46 73.07 72.87 29.95 34.12 40.29 38.24 48.81 56.08 52.93 22.38 17.95 9.163 32.72 73.14 68.53 25.61 25.41 25.20 25.00 24.80 24.60 24.41 24.23 24.06 23.89
62.89 70.50 72.75 41.77 37.05 50.19 50.15 50.11 12.48 21.19 50.20 40.78 45.69 88.33 41.16 49.60 53.88 87.38 112.0 57.25 52.04 54.86 54.81 59.12 58.94 58.88 54.46 54.39 52.55 37.84 30.24 32.14 9.576 29.72 8.845 29.25 50.41 70.39 27.47 27.27 21.21 39.97 26.68 8.570 17.24 12.82 21.49 25.80 55.37 50.95 50.89 50.82 54.39 22.77 22.57 22.37 22.17 21.32 21.78 21.59 21.42 21.25 21.09
72.74 72.71 51.96 49.86 41.04 54.47 16.84 41.55 12.45 45.79 45.11 55.35 41.21 83.85 83.76 83.08 82.99 63.19 101.5 59.88 51.99 63.97 54.75 59.06 54.52 54.47 54.40 54.34 105.8 32.40 74.91 74.69 52.24 51.58 72.03 29.07 8.318 50.97 27.32 27.12 31.29 35.45 30.89 8.525 17.20 17.14 59.80 59.74 34.57 27.27 8.118 12.42 15.99 54.28 22.40 22.20 22.00 21.14 21.61 21.42 21.25 21.08 20.92
77.03 51.92 41.62 41.57 40.96 41.56 45.87 12.43 45.75 45.69 45.61 57.71 49.62 49.54 45.28 45.18 99.77 58.61 56.97 99.64 19.19 51.66 54.47 54.42 54.17 54.11 54.05 53.98 96.60 73.30 30.39 30.18 29.98 29.37 28.52 73.23 50.99 50.93 69.89 8.093 26.77 30.94 30.74 8.481 32.13 59.81 12.67 12.62 8.192 33.06 31.06 16.73 32.76 28.18 66.31 22.03 21.83 21.63 21.44 21.26 21.08 10.41 14.72
81.32 56.21 49.74 41.48 40.88 41.47 41.41 41.35 50.01 21.09 21.07 51.10 40.98 49.44 45.15 82.28 101.3 56.96 111.8 99.59 51.66 51.61 54.42 54.36 54.11 54.05 53.99 53.92 96.55 73.14 30.23 30.02 29.82 28.58 74.38 74.20 70.74 69.95 32.03 55.13 69.34 26.42 8.492 28.12 51.10 8.321 31.91 33.29 33.09 32.89 32.68 30.70 36.95 15.82 49.74 10.73 25.35 21.47 21.28 63.81 63.64 57.44 79.98
66.28 56.13 41.44 40.92 41.43 41.37 41.31 12.37 12.35 40.52 46.71 40.95 12.26 54.82 40.67 99.95 56.96 99.63 103.7 69.02 51.61 51.56 51.51 54.31 54.06 54.00 53.93 53.87 96.49 56.65 78.75 56.52 78.31 73.33 30.42 9.064 27.28 69.80 31.28 31.04 26.47 68.98 70.87 59.83 17.06 8.274 12.58 12.52 26.77 25.54 28.79 35.05 11.47 54.12 53.46 15.04 33.90 29.32 68.20 63.66 29.50 19.04 14.87
60.46 45.76 40.89 46.08 41.34 41.28 41.22 40.55 41.08 40.42 57.62 49.39 49.31 45.01 49.27 83.15 99.63 99.59 58.42 68.97 51.56 51.51 51.45 54.25 54.00 53.94 53.88 53.81 52.29 18.24 40.22 31.28 18.61 13.50 9.079 9.018 8.139 69.64 27.40 7.955 7.898 30.47 8.401 55.42 12.65 27.42 35.71 33.63 29.05 29.74 32.97 20.30 11.42 66.00 30.48 19.35 23.65 76.96 25.33 20.03 29.36 14.63 24.69
50.09 54.87 45.17 60.30 49.76 49.70 41.12 46.72 49.52 49.44 49.37 49.29 49.20 49.25 63.57 83.02 54.77 12.02 56.63 56.58 51.41 51.35 51.30 51.24 53.89 53.83 53.77 62.83 52.24 35.90 13.76 9.899 14.21 36.97 32.41 32.21 29.05 71.56 71.36 28.08 8.471 32.41 36.58 55.38 31.82 31.62 33.67 34.34 29.78 28.66 24.07 28.21 49.13 68.88 25.96 19.30 41.05 33.36 24.43 14.69 57.35 24.71 20.20
50.47 45.14 60.27 60.21 54.04 46.76 49.56 40.95 49.42 49.35 49.27 49.18 49.10 16.48 59.17 40.17 82.77 39.92 39.79 60.89 55.72 9.979 9.933 9.885 30.40 34.57 65.64 29.81 51.60 72.10 35.10 41.89 30.35 32.46 32.26 32.05 71.61 71.41 51.26 71.00 70.80 69.90 70.41 70.21 86.65 38.15 29.13 29.82 25.26 25.06 29.22 36.76 77.66 20.97 25.11 23.61 27.91 19.12 24.28 41.55 61.68 19.40 62.81
50.40 50.35 55.83 60.13 49.60 49.54 46.61 46.55 46.79 49.25 12.17 40.48 40.38 44.64 91.60 40.04 86.99 39.78 39.64 43.87 43.91 14.30 32.70 32.55 72.25 77.11 72.55 51.60 72.13 56.31 56.26 51.84 51.78 77.08 79.18 74.61 17.35 79.98 28.33 28.12 27.93 27.73 27.53 8.199 69.84 43.68 42.92 25.29 25.10 24.90 29.05 33.21 29.75 48.96 29.32 25.47 10.41 24.33 33.66 84.14 52.91 66.35 67.06
50.33 55.80 55.75 55.69 49.52 46.60 46.53 46.46 46.39 46.31 40.47 39.85 82.97 94.99 86.05 88.74 86.85 39.64 39.50 43.72 42.59 9.890 32.56 32.41 74.96 8.955 8.894 29.44 56.32 13.55 30.43 30.24 30.45 36.51 36.30 31.74 32.94 59.96 8.450 27.97 27.77 27.57 27.37 8.149 50.80 51.08 49.97 29.05 24.94 45.13 45.01 30.19 20.86 48.91 14.86 28.95 6.007 19.83 24.82 66.56 62.03 67.10 23.38
50.26 55.73 64.40 54.36 46.58 46.51 46.44 46.37 53.50 50.57 39.26 82.96 91.48 53.02 57.35 108.6 54.61 82.21 38.94 47.93 41.44 9.844 14.16 14.11 9.693 8.900 8.839 9.248 51.91 30.46 30.27 51.07 14.02 18.32 40.51 40.30 28.42 28.21 8.401 27.81 27.60 8.221 27.20 50.82 67.39 67.17 28.61 29.34 44.92 44.80 44.69 44.57 21.41 21.21 67.37 6.025 19.89 62.42 48.57 5.807 5.760 23.41 65.99
60.07 55.65 64.32 60.25 49.35 49.28 49.24 87.08 92.71 100.4 82.95 88.64 52.15 52.91 70.25 61.40 39.06 43.72 47.93 52.16 39.04 33.15 15.58 32.33 32.15 9.591 30.85 30.67 51.86 30.30 31.26 29.91 13.97 36.18 18.21 60.87 8.476 28.05 27.84 27.64 8.232 50.26 50.19 50.13 50.07 16.01 46.86 32.72 32.51 44.72 44.60 41.58 21.27 21.08 63.62 48.70 48.64 5.873 5.822 5.773 5.728 10.05 10.01
60.00 55.58 55.51 55.44 79.17 79.77 86.83 48.39 48.31 46.01 47.68 57.45 52.50 44.12 52.71 16.21 46.99 43.17 51.76 51.99 38.91 32.28 32.13 31.97 32.33 31.81 30.69 9.154 74.17 30.14 39.31 29.75 31.86 31.67 31.49 74.02 28.09 27.89 27.68 8.244 50.27 50.21 50.14 67.26 24.33 54.03 32.63 40.94 32.68 44.64 45.26 41.47 21.13 20.95 63.49 48.66 5.890 5.838 5.788 5.742 19.87 5.656 5.617
55.57 55.50 55.43 40.12 87.80 45.00 44.92 36.79 36.70 40.11 44.36 29.42 56.75 39.18 39.49 39.35 56.21 56.16 56.10 60.41 32.51 32.35 36.35 36.18 31.65 35.08 13.52 52.46 31.31 31.14 29.78 31.89 31.69 9.447 31.28 52.04 51.09 51.03 68.14 50.28 50.22 67.51 24.58 24.37 25.10 45.22 7.121 27.89 28.68 24.13 44.44 41.37 58.90 48.74 10.33 5.908 5.855 20.19 20.05 5.711 5.668 19.67 18.63
55.49 55.43 84.47 92.48 44.10 44.02 43.94 35.97 40.10 44.35 11.96 16.29 11.89 11.85 43.71 43.57 39.06 55.87 38.76 38.60 32.36 32.19 36.38 9.553 36.03 39.28 13.48 51.78 9.638 29.81 8.885 29.42 31.53 9.398 39.48 73.63 51.05 7.640 29.62 29.41 24.84 33.47 25.33 25.14 29.31 28.15 24.56 24.37 23.16 23.99 66.52 65.27 20.13 10.34 14.65 10.24 20.24 20.09 5.726 5.682 5.641 19.59 5.565
55.42 84.46 91.85 49.67 48.38 48.30 43.85 48.74 39.99 48.60 48.47 43.98 39.49 52.44 47.94 43.43 55.87 38.76 11.58 45.81 32.20 36.39 40.41 31.52 34.94 35.88 31.36 72.75 29.84 29.65 29.45 29.25 31.36 9.348 39.32 39.13 70.33 25.30 29.46 29.25 7.401 49.67 45.30 45.20 49.26 27.99 24.42 15.69 74.45 65.52 22.61 31.14 20.00 5.944 5.891 5.839 19.30 20.00 5.697 18.85 5.615 5.577 19.42
51.00 92.11 49.32 44.87 37.81 42.26 40.25 44.75 44.64 40.94 44.19 44.07 40.55 44.78 44.64 35.76 35.62 10.64 35.30 50.85 46.94 41.31 34.89 33.23 53.00 33.10 32.94 91.13 48.12 78.79 26.95 26.74 26.54 28.39 36.30 28.03 67.37 72.38 28.05 22.91 23.32 43.22 43.11 43.01 39.77 21.70 21.50 57.84 68.19 25.51 29.68 25.20 18.37 5.459 18.03 5.358 5.311 18.22 5.223 5.183 17.87 17.77 17.67
98.01 92.03 91.96 79.36 33.53 33.44 40.16 35.69 36.58 35.46 39.71 35.22 35.10 34.97 81.92 81.78 78.19 77.13 75.87 97.87 51.24 42.15 46.34 37.63 38.90 37.32 83.36 55.29 55.23 31.34 26.78 26.95 7.913 26.18 36.16 27.89 32.77 72.22 27.91 31.19 43.24 40.20 28.59 28.41 30.20 64.28 64.08 25.76 25.56 16.69 16.53 16.37 14.37 5.426 5.376 17.76 17.61 5.239 17.33 17.91 17.81 5.087 5.054
84.85 37.69 36.65 79.27 76.16 83.02 88.15 96.76 86.91 78.07 83.28 83.14 77.69 81.92 47.80 42.83 39.69 33.18 33.03 79.91 80.51 80.34 33.12 32.30 79.20 87.75 87.57 78.65 16.83 16.77 27.61 30.78 30.58 26.02 25.82 27.81 25.19 24.99 65.53 23.23 22.41 27.23 44.19 64.53 64.34 17.26 21.23 16.92 16.75 16.59 16.43 16.27 18.74 18.59 17.82 5.301 5.257 18.08 17.96 5.137 5.101 5.067 17.56
87.60 36.66 10.97 47.55 49.04 106.3 101.1 96.64 61.77 36.21 40.44 43.25 81.93 95.12 52.94 35.33 47.61 43.09 33.98 34.68 28.91 28.74 79.52 70.50 71.20 78.86 78.68 55.19 8.056 12.36 7.938 30.98 26.07 25.86 26.75 25.46 33.77 29.21 24.26 65.81 69.35 30.80 68.96 49.22 17.31 17.14 16.97 16.81 16.65 20.55 20.37 6.060 5.415 5.367 5.320 5.275 18.13 5.191 5.153 5.116 16.94 17.60 21.34
88.35 45.55 49.82 54.08 41.25 114.9 54.63 84.16 92.73 36.08 34.99 40.16 56.55 52.13 91.15 14.92 34.14 34.86 34.69 34.52 30.58 30.13 37.77 71.22 27.45 8.179 69.79 51.36 51.30 50.67 50.61 50.55 26.97 26.79 26.61 26.43 15.60 15.54 24.51 22.33 69.22 53.66 21.75 21.55 17.20 17.03 16.87 16.71 21.40 6.133 6.081 20.10 18.57 18.44 18.31 5.251 5.210 5.170 5.133 17.74 21.49 21.38 13.04
36.57 80.16 87.81 44.98 88.76 41.56 61.79 70.40 113.7 53.41 43.83 43.69 52.14 43.41 39.56 82.12 34.87 34.70 42.65 33.52 39.15 38.70 37.64 72.35 72.17 50.85 26.92 8.019 71.44 71.25 68.87 25.96 69.56 69.38 26.48 26.29 27.15 6.776 49.43 64.91 22.00 6.543 21.62 17.26 17.09 16.93 16.77 6.208 6.155 20.34 21.01 20.86 18.50 18.37 5.271 5.229 5.189 17.17 17.05 21.54 21.44 13.08 -.9900E-19
