New_Model_Runs/8_Future_Present_Scn1_out/post_prcessed_no_MFR/net_infiltration_annual.asc
NCOLS 700
NROWS 400
XLLCENTER 515000.000000
YLLCENTER 8409000.000000
CELLSIZE 50.000000
NODATA_value -999.000000
[rows 288 to 323 of 400, columns 243 to 323 of 700]
49.13 41.91 47.07 45.83 38.06 41.62 41.52 78.92 78.80 35.97 35.84 36.34 36.21 32.12 31.98 31.83 31.69 31.53 31.38 31.22 31.06 30.90 73.46 83.33 40.44 37.43 41.32 38.54 37.66 76.76 51.32 76.78 71.06 70.89 33.22 27.84 8.30 13.46 32.54 26.09 25.93 25.77 25.61 25.45 25.28 22.42 22.27 6.42 6.37 6.32 21.66 21.51 21.37 21.23 62.99 80.98 26.44 20.00 0.00 0.00 0.00 0.00 0.00 0.00 0.00 0.00 0.00 0.00 0.00 0.00 0.00 0.00 0.00 0.00 0.00 0.00 0.00 0.00 0.00 0.00 0.00
49.01 89.71 48.90 41.65 36.36 84.20 78.89 36.06 36.57 36.46 36.33 36.20 36.07 31.98 31.84 31.69 31.54 31.39 31.23 31.07 30.91 30.75 30.59 83.17 45.91 41.34 41.18 32.47 42.73 84.93 71.25 71.09 76.06 75.98 29.22 59.00 43.19 56.26 37.63 25.99 25.83 25.67 25.51 25.35 25.19 22.33 22.18 21.31 21.15 21.73 21.59 21.44 21.30 68.29 21.04 27.30 11.80 19.96 0.00 0.00 0.00 0.00 0.00 0.00 0.00 0.00 0.00 0.00 0.00 0.00 0.00 0.00 0.00 0.00 0.00 0.00 0.00 0.00 0.00 0.00 0.00
42.36 85.02 75.80 88.02 80.87 32.85 32.75 33.41 33.30 33.19 33.06 32.93 32.80 29.17 29.02 28.88 39.16 49.43 28.42 28.26 21.00 27.94 27.78 29.42 78.21 30.25 30.09 29.93 73.44 69.41 31.86 34.05 51.64 57.10 105.12 104.95 89.15 46.26 40.88 24.92 23.74 23.58 23.43 23.27 23.12 20.46 20.81 20.17 20.03 19.90 19.76 48.40 58.79 36.26 20.47 20.12 25.22 18.25 0.00 0.00 0.00 0.00 0.00 0.00 0.00 0.00 0.00 0.00 0.00 0.00 0.00 0.00 0.00 0.00 0.00 0.00 0.00 0.00 0.00 0.00 0.00
80.98 42.16 90.03 91.22 48.43 37.91 33.37 33.27 33.16 33.04 32.92 32.78 32.65 29.02 28.87 28.73 39.01 49.17 28.27 28.11 27.95 27.79 27.63 27.47 72.86 72.27 72.66 50.38 7.61 23.83 31.74 36.82 67.97 72.87 62.28 54.62 81.64 88.87 45.32 24.97 23.64 23.49 23.34 23.19 23.04 20.38 20.24 20.10 19.97 19.83 61.75 53.60 73.84 78.92 73.34 25.29 20.16 18.21 0.00 0.00 0.00 0.00 0.00 0.00 0.00 0.00 0.00 0.00 0.00 0.00 0.00 0.00 0.00 0.00 0.00 0.00 0.00 0.00 0.00 0.00 0.00
47.28 42.01 52.37 96.26 86.55 43.74 33.22 33.12 33.01 32.89 32.76 32.63 32.49 28.86 28.72 28.57 28.42 70.99 28.11 27.96 27.80 27.64 27.49 27.57 68.58 73.64 18.09 7.62 25.23 22.64 26.28 31.49 36.57 41.46 33.77 67.22 56.63 51.26 109.46 104.08 68.40 23.40 23.25 23.10 22.96 20.31 20.17 62.75 62.62 61.83 66.90 68.71 84.22 78.63 78.53 35.89 25.33 23.39 0.00 0.00 0.00 0.00 0.00 0.00 0.00 0.00 0.00 0.00 0.00 0.00 0.00 0.00 0.00 0.00 0.00 0.00 0.00 0.00 0.00 0.00 0.00
41.90 41.85 32.58 48.38 96.23 43.59 43.49 38.17 32.85 32.73 32.60 32.47 32.33 28.71 28.56 28.42 28.27 28.11 70.68 27.80 27.65 27.49 70.05 68.59 80.46 44.12 39.34 25.25 26.77 23.83 23.69 31.38 31.24 31.31 35.97 36.06 34.40 45.24 38.77 43.93 77.65 67.08 65.88 65.74 65.59 62.95 62.82 19.97 24.41 31.43 36.50 70.71 86.22 78.82 30.54 50.57 35.54 30.39 0.00 0.00 0.00 0.00 0.00 0.00 0.00 0.00 0.00 0.00 0.00 0.00 0.00 0.00 0.00 0.00 0.00 0.00 0.00 0.00 0.00 0.00 0.00
39.66 42.93 38.44 37.78 90.84 85.53 25.33 20.08 32.68 32.56 32.44 32.31 32.17 28.55 28.40 28.26 28.11 27.96 70.52 27.65 27.50 70.06 68.59 68.44 89.15 83.78 73.20 50.25 24.96 22.39 22.25 34.94 31.14 31.01 30.64 22.93 29.09 34.17 27.75 20.95 29.63 29.57 23.08 22.94 22.80 20.17 20.04 24.48 30.88 46.73 68.73 27.95 27.81 45.47 40.19 40.12 45.27 24.98 0.00 0.00 0.00 0.00 0.00 0.00 0.00 0.00 0.00 0.00 0.00 0.00 0.00 0.00 0.00 0.00 0.00 0.00 0.00 0.00 0.00 0.00 0.00
37.60 42.76 32.26 37.32 47.94 85.74 74.82 31.99 32.51 32.39 32.27 32.14 32.00 28.38 28.24 28.09 27.95 27.80 70.37 70.05 69.89 34.26 33.83 68.29 35.86 49.09 30.34 67.70 77.98 96.28 80.50 40.06 39.93 34.59 37.22 37.08 39.43 26.36 28.75 28.62 33.71 25.71 24.12 22.87 22.73 19.49 27.57 26.37 36.66 36.53 70.75 25.83 11.36 40.24 40.17 40.10 40.04 24.95 0.00 0.00 0.00 0.00 0.00 0.00 0.00 0.00 0.00 0.00 0.00 0.00 0.00 0.00 0.00 0.00 0.00 0.00 0.00 0.00 0.00 0.00 0.00
42.18 32.14 32.08 32.00 42.35 47.66 79.85 39.57 32.34 32.22 32.10 31.97 31.83 28.22 28.07 27.93 27.79 72.01 70.21 35.34 35.20 34.42 34.28 68.15 33.45 33.33 30.21 72.78 47.28 49.57 39.02 64.93 32.18 47.69 48.16 32.48 31.63 21.06 28.67 28.55 28.42 28.30 34.47 21.79 21.65 25.25 31.74 26.41 28.24 26.04 68.37 31.00 45.59 40.06 39.99 39.93 24.28 0.00 17.98 0.00 0.00 0.00 0.00 0.00 0.00 0.00 0.00 0.00 0.00 0.00 0.00 0.00 0.00 0.00 0.00 0.00 0.00 0.00 0.00 0.00 0.00
42.01 41.94 39.02 31.70 36.82 41.93 42.15 79.54 39.30 32.04 31.92 31.79 43.99 28.05 27.91 70.49 70.19 27.48 27.34 35.20 35.06 34.28 34.15 68.01 25.15 38.43 35.30 93.52 33.45 28.61 32.34 27.39 80.01 47.59 47.45 68.17 47.18 20.97 28.59 28.96 28.35 34.54 34.40 23.80 34.11 11.60 36.81 42.00 26.24 54.16 84.37 30.96 25.62 40.04 39.98 39.91 24.25 0.00 0.00 0.00 0.00 0.00 0.00 0.00 0.00 0.00 0.00 0.00 0.00 0.00 0.00 0.00 0.00 0.00 0.00 0.00 0.00 0.00 0.00 0.00 0.00
36.39 36.96 9.50 9.45 36.61 51.05 87.26 74.14 81.85 73.90 31.75 31.62 31.49 70.60 70.31 27.61 27.47 27.15 35.19 35.06 34.28 44.58 40.94 73.08 26.46 38.31 38.72 40.25 50.54 37.87 58.31 54.35 33.37 74.56 27.24 68.92 65.26 29.14 29.67 29.91 31.97 24.03 29.11 34.19 22.73 31.66 41.97 59.44 68.91 25.94 20.36 68.19 19.82 40.02 24.44 24.33 18.11 0.00 0.00 0.00 0.00 0.00 0.00 0.00 0.00 0.00 0.00 0.00 0.00 0.00 0.00 0.00 0.00 0.00 0.00 0.00 0.00 0.00 0.00 0.00 0.00
36.19 41.92 41.85 25.04 43.72 79.01 79.27 31.91 31.11 73.71 73.58 74.16 74.03 70.43 27.58 27.45 27.31 26.99 35.05 34.92 34.14 33.46 40.80 72.95 33.63 33.51 32.87 26.22 34.78 37.84 73.85 44.90 26.66 27.95 87.27 92.37 28.68 44.21 34.80 34.66 55.22 44.48 29.01 23.67 76.70 84.75 79.41 26.14 20.80 20.43 75.78 73.37 32.83 27.50 0.00 0.00 0.00 0.00 0.00 0.00 0.00 0.00 0.00 0.00 0.00 0.00 0.00 0.00 0.00 0.00 0.00 0.00 0.00 0.00 0.00 0.00 0.00 0.00 0.00 0.00 0.00
41.81 36.50 57.27 40.62 62.44 51.98 30.38 31.49 31.62 31.51 31.39 31.27 31.14 27.55 32.63 37.54 39.43 39.31 40.12 34.13 34.01 25.15 67.73 31.80 32.99 32.88 33.28 26.11 36.43 47.80 42.46 29.71 33.19 31.65 63.81 71.44 27.52 34.76 29.04 34.59 34.45 44.23 44.16 66.34 71.43 36.76 31.43 20.60 28.05 20.06 73.67 38.13 27.58 24.49 0.00 0.00 0.00 0.00 0.00 0.00 0.00 0.00 0.00 0.00 0.00 0.00 0.00 0.00 0.00 0.00 0.00 0.00 0.00 0.00 0.00 0.00 0.00 0.00 0.00 0.00 0.00
46.79 89.42 84.14 89.22 9.22 35.84 40.98 36.53 31.44 36.31 36.43 43.52 30.97 27.21 39.70 42.59 42.64 37.09 36.95 33.44 33.33 31.91 81.57 38.73 38.62 32.77 33.17 31.23 39.77 33.44 28.11 29.08 28.97 74.28 87.12 28.64 32.25 32.13 29.83 24.02 7.19 7.15 44.13 71.49 33.87 37.44 40.82 40.75 40.69 27.89 62.97 25.58 24.57 18.30 0.00 0.00 0.00 0.00 0.00 0.00 0.00 0.00 0.00 0.00 0.00 0.00 0.00 0.00 0.00 0.00 0.00 0.00 0.00 0.00 0.00 0.00 0.00 0.00 0.00 0.00 0.00
84.07 83.98 31.19 30.48 19.58 29.98 40.57 41.08 46.19 51.29 54.70 44.15 38.82 35.23 32.31 42.42 34.07 47.36 38.64 33.32 33.21 88.46 50.83 43.83 32.78 33.17 33.06 32.94 31.01 34.97 29.64 36.93 39.84 79.41 47.00 29.06 28.95 28.83 29.76 31.82 29.54 29.43 66.33 28.72 28.61 37.41 40.80 40.73 24.97 24.86 18.55 18.46 18.37 18.28 0.00 0.00 0.00 0.00 0.00 0.00 0.00 0.00 0.00 0.00 0.00 0.00 0.00 0.00 0.00 0.00 0.00 0.00 0.00 0.00 0.00 0.00 0.00 0.00 0.00 0.00 0.00
46.34 41.03 30.76 30.27 49.04 50.91 50.79 40.24 46.00 40.68 38.89 38.78 37.88 34.14 40.18 26.61 36.91 37.00 33.31 33.20 78.02 33.50 54.26 38.00 32.68 33.07 32.46 32.84 32.73 29.66 34.23 52.48 79.44 75.56 39.53 28.99 28.87 28.76 31.87 29.59 31.63 31.51 23.56 23.45 28.04 19.00 25.16 25.05 18.71 18.61 0.00 0.00 0.00 0.00 0.00 0.00 0.00 0.00 0.00 0.00 0.00 0.00 0.00 0.00 0.00 0.00 0.00 0.00 0.00 0.00 0.00 0.00 0.00 0.00 0.00 0.00 0.00 0.00 0.00 0.00 0.00
78.47 14.33 30.15 30.73 38.44 48.77 69.53 45.76 44.70 36.02 37.94 39.38 37.73 34.94 37.22 31.89 38.87 38.51 38.41 72.80 43.42 43.32 33.29 33.18 37.79 32.47 32.37 32.27 32.64 34.79 33.07 69.04 65.16 28.64 29.02 28.91 28.80 28.69 28.58 28.03 31.57 41.89 31.34 31.22 27.99 0.00 0.00 0.00 0.00 0.00 0.00 0.00 0.00 0.00 0.00 0.00 0.00 0.00 0.00 0.00 0.00 0.00 0.00 0.00 0.00 0.00 0.00 0.00 0.00 0.00 0.00 0.00 0.00 0.00 0.00 0.00 0.00 0.00 0.00 0.00 0.00
37.99 51.76 29.95 38.35 44.93 40.07 45.92 55.06 35.29 35.18 43.00 35.64 37.58 34.79 39.90 31.74 36.60 35.40 83.21 45.59 48.53 32.78 32.68 32.58 31.15 31.05 32.28 32.18 32.54 27.67 70.28 82.42 28.67 20.80 28.47 28.84 28.73 28.62 35.90 31.62 23.67 34.00 41.72 31.17 21.28 0.00 0.00 0.00 0.00 0.00 0.00 0.00 0.00 0.00 0.00 0.00 0.00 0.00 0.00 0.00 0.00 0.00 0.00 0.00 0.00 0.00 0.00 0.00 0.00 0.00 0.00 0.00 0.00 0.00 0.00 0.00 0.00 0.00 0.00 0.00 0.00
27.11 32.24 34.67 45.03 50.16 46.47 47.52 47.67 31.94 39.25 36.96 37.38 40.07 32.15 32.05 29.17 76.16 70.84 33.23 39.76 30.44 30.34 30.24 27.48 28.85 23.54 30.40 34.97 35.41 27.08 63.52 31.14 37.23 26.70 26.61 32.26 26.93 26.83 29.66 29.55 29.44 29.33 29.23 19.63 0.00 0.00 0.00 0.00 0.00 0.00 0.00 0.00 0.00 0.00 0.00 0.00 0.00 0.00 0.00 0.00 0.00 0.00 0.00 0.00 0.00 0.00 0.00 0.00 0.00 0.00 0.00 0.00 0.00 0.00 0.00 0.00 0.00 0.00 0.00 0.00 0.00
32.12 32.03 38.97 47.85 52.76 37.01 36.91 42.02 44.41 44.31 37.81 36.39 34.71 32.02 31.92 76.95 28.10 22.78 31.09 30.43 30.34 30.24 30.15 35.27 23.54 29.87 34.99 40.64 26.86 27.00 70.25 27.42 27.32 26.64 29.56 29.46 26.36 26.77 29.60 29.50 29.39 29.28 19.68 0.00 0.00 0.00 0.00 0.00 0.00 0.00 0.00 0.00 0.00 0.00 0.00 0.00 0.00 0.00 0.00 0.00 0.00 0.00 0.00 0.00 0.00 0.00 0.00 0.00 0.00 0.00 0.00 0.00 0.00 0.00 0.00 0.00 0.00 0.00 0.00 0.00 0.00
69.42 74.55 79.68 74.52 79.65 74.62 36.74 44.36 39.04 44.16 31.47 40.31 30.86 37.11 74.51 41.12 36.39 27.88 27.78 35.55 35.46 35.37 30.06 29.97 21.96 35.00 26.97 35.34 29.51 27.51 61.51 27.34 27.24 19.02 25.51 34.61 26.31 26.71 29.55 29.44 29.34 26.30 0.00 0.00 0.00 0.00 0.00 0.00 0.00 0.00 0.00 0.00 0.00 0.00 0.00 0.00 0.00 0.00 0.00 0.00 0.00 0.00 0.00 0.00 0.00 0.00 0.00 0.00 0.00 0.00 0.00 0.00 0.00 0.00 0.00 0.00 0.00 0.00 0.00 0.00 0.00
36.85 40.13 31.98 37.12 37.05 84.60 84.50 79.18 79.45 73.76 68.43 68.75 68.66 71.13 81.45 43.60 34.51 34.42 40.75 35.45 30.15 35.83 35.19 40.86 37.51 26.99 29.61 30.05 29.43 26.86 26.78 61.31 27.16 27.06 24.06 31.56 26.26 26.65 26.55 26.45 26.35 0.00 0.00 0.00 0.00 0.00 0.00 0.00 0.00 0.00 0.00 0.00 0.00 0.00 0.00 0.00 0.00 0.00 0.00 0.00 0.00 0.00 0.00 0.00 0.00 0.00 0.00 0.00 0.00 0.00 0.00 0.00 0.00 0.00 0.00 0.00 0.00 0.00 0.00 0.00 0.00
41.31 32.71 35.66 40.80 35.50 41.14 36.76 45.65 40.34 41.73 36.43 31.13 35.77 79.13 76.10 77.21 75.68 38.09 45.88 35.36 35.28 35.74 30.43 40.77 40.15 26.90 30.06 29.97 29.36 26.80 26.72 61.94 28.35 26.99 26.89 25.09 24.99 30.35 36.93 11.35 21.51 0.00 0.00 0.00 0.00 0.00 0.00 0.00 0.00 0.00 0.00 0.00 0.00 0.00 0.00 0.00 0.00 0.00 0.00 0.00 0.00 0.00 0.00 0.00 0.00 0.00 0.00 0.00 0.00 0.00 0.00 0.00 0.00 0.00 0.00 0.00 0.00 0.00 0.00 0.00 0.00
35.66 33.98 35.51 35.43 35.35 38.89 45.60 33.50 34.98 33.31 43.65 30.52 43.45 40.70 35.38 35.60 34.67 70.28 80.61 32.59 33.98 40.86 40.77 32.22 37.34 32.03 35.20 29.90 29.80 26.74 26.65 26.57 69.74 26.92 26.82 26.72 26.62 36.95 32.07 0.00 0.00 0.00 0.00 0.00 0.00 0.00 0.00 0.00 0.00 0.00 0.00 0.00 0.00 0.00 0.00 0.00 0.00 0.00 0.00 0.00 0.00 0.00 0.00 0.00 0.00 0.00 0.00 0.00 0.00 0.00 0.00 0.00 0.00 0.00 0.00 0.00 0.00 0.00 0.00 0.00 0.00
35.51 35.44 37.07 33.69 33.61 27.15 31.30 33.36 38.49 39.97 30.92 25.17 30.28 28.01 28.45 35.18 37.44 32.67 27.36 69.99 76.61 32.31 38.10 28.44 32.04 37.17 40.34 29.82 29.73 26.68 31.81 26.52 61.72 26.86 31.98 31.88 27.11 21.98 21.60 0.00 0.00 0.00 0.00 0.00 0.00 0.00 0.00 0.00 0.00 0.00 0.00 0.00 0.00 0.00 0.00 0.00 0.00 0.00 0.00 0.00 0.00 0.00 0.00 0.00 0.00 0.00 0.00 0.00 0.00 0.00 0.00 0.00 0.00 0.00 0.00 0.00 0.00 0.00 0.00 0.00 0.00
35.37 35.30 36.93 33.56 33.48 26.04 25.52 33.24 38.36 30.96 39.74 34.43 39.54 41.98 36.66 31.35 30.68 30.60 30.52 28.68 33.82 74.94 82.61 37.27 16.89 40.36 34.55 29.75 34.88 31.83 24.33 31.68 66.87 32.01 23.81 31.82 26.51 8.74 0.00 0.00 0.00 0.00 0.00 0.00 0.00 0.00 0.00 0.00 0.00 0.00 0.00 0.00 0.00 0.00 0.00 0.00 0.00 0.00 0.00 0.00 0.00 0.00 0.00 0.00 0.00 0.00 0.00 0.00 0.00 0.00 0.00 0.00 0.00 0.00 0.00 0.00 0.00 0.00 0.00 0.00 0.00
38.85 45.60 40.31 35.01 34.93 33.27 33.19 34.68 33.03 38.15 30.22 34.30 35.90 31.44 31.34 31.24 23.62 33.97 39.11 35.03 34.96 55.74 22.13 59.61 22.08 37.02 34.48 27.97 31.54 26.56 26.49 26.41 74.26 26.74 69.36 69.27 26.46 8.70 0.00 0.00 0.00 0.00 0.00 0.00 0.00 0.00 0.00 0.00 0.00 0.00 0.00 0.00 0.00 0.00 0.00 0.00 0.00 0.00 0.00 0.00 0.00 0.00 0.00 0.00 0.00 0.00 0.00 0.00 0.00 0.00 0.00 0.00 0.00 0.00 0.00 0.00 0.00 0.00 0.00 0.00 0.00
31.35 41.72 45.39 40.10 34.81 33.15 34.64 34.55 32.91 32.82 24.88 34.19 34.09 31.32 34.96 34.88 31.03 35.11 40.25 35.49 40.10 40.02 37.20 37.11 79.75 42.16 36.86 36.77 43.48 30.74 32.17 27.98 26.28 69.40 23.09 31.71 8.74 0.00 0.00 0.00 0.00 0.00 0.00 0.00 0.00 0.00 0.00 0.00 0.00 0.00 0.00 0.00 0.00 0.00 0.00 0.00 0.00 0.00 0.00 0.00 0.00 0.00 0.00 0.00 0.00 0.00 0.00 0.00 0.00 0.00 0.00 0.00 0.00 0.00 0.00 0.00 0.00 0.00 0.00 0.00 0.00
37.89 37.03 35.87 43.61 33.11 33.03 32.96 32.88 38.01 30.07 32.62 34.07 33.98 31.22 29.65 34.78 29.49 31.23 29.75 34.89 40.03 26.78 29.96 40.31 42.17 84.81 42.01 52.36 27.15 34.67 31.60 31.52 26.24 66.62 28.24 31.69 8.70 0.00 0.00 0.00 0.00 0.00 0.00 0.00 0.00 0.00 0.00 0.00 0.00 0.00 0.00 0.00 0.00 0.00 0.00 0.00 0.00 0.00 0.00 0.00 0.00 0.00 0.00 0.00 0.00 0.00 0.00 0.00 0.00 0.00 0.00 0.00 0.00 0.00 0.00 0.00 0.00 0.00 0.00 0.00 0.00
32.55 35.82 51.39 43.50 33.00 38.14 43.27 30.12 32.68 32.60 37.73 33.97 33.87 31.11 31.02 29.48 29.40 29.75 29.68 32.08 26.78 29.97 29.90 29.82 39.67 47.24 84.66 89.80 37.93 24.18 34.53 44.88 35.64 76.47 34.48 8.73 0.00 0.00 0.00 0.00 0.00 0.00 0.00 0.00 0.00 0.00 0.00 0.00 0.00 0.00 0.00 0.00 0.00 0.00 0.00 0.00 0.00 0.00 0.00 0.00 0.00 0.00 0.00 0.00 0.00 0.00 0.00 0.00 0.00 0.00 0.00 0.00 0.00 0.00 0.00 0.00 0.00 0.00 0.00 0.00 0.00
30.25 38.31 43.46 43.39 32.89 38.03 37.95 37.87 34.12 42.93 40.18 30.36 38.99 29.55 34.69 27.92 29.32 27.00 34.83 26.79 21.50 29.91 29.83 29.75 29.68 36.75 84.60 27.14 79.23 78.52 29.26 71.90 76.50 77.23 27.16 0.00 0.00 0.00 0.00 0.00 0.00 0.00 0.00 0.00 0.00 0.00 0.00 0.00 0.00 0.00 0.00 0.00 0.00 0.00 0.00 0.00 0.00 0.00 0.00 0.00 0.00 0.00 0.00 0.00 0.00 0.00 0.00 0.00 0.00 0.00 0.00 0.00 0.00 0.00 0.00 0.00 0.00 0.00 0.00 0.00 0.00
32.30 34.56 32.92 34.41 32.78 32.71 37.85 32.56 34.02 37.61 40.78 47.88 42.58 29.47 35.83 37.51 39.67 34.37 29.55 29.48 29.41 11.62 45.41 40.12 45.26 89.84 38.19 36.53 46.88 77.22 81.80 28.59 28.70 27.18 27.13 0.00 0.00 0.00 0.00 0.00 0.00 0.00 0.00 0.00 0.00 0.00 0.00 0.00 0.00 0.00 0.00 0.00 0.00 0.00 0.00 0.00 0.00 0.00 0.00 0.00 0.00 0.00 0.00 0.00 0.00 0.00 0.00 0.00 0.00 0.00 0.00 0.00 0.00 0.00 0.00 0.00 0.00 0.00 0.00 0.00 0.00
34.51 34.45 32.81 34.30 32.68 32.60 32.53 32.46 33.91 37.52 37.44 37.36 42.49 34.60 29.31 34.45 27.73 29.08 29.49 29.42 34.56 34.50 42.07 44.53 47.14 84.56 43.35 38.07 79.12 39.10 39.04 28.72 27.20 27.15 27.10 0.00 0.00 0.00 0.00 0.00 0.00 0.00 0.00 0.00 0.00 0.00 0.00 0.00 0.00 0.00 0.00 0.00 0.00 0.00 0.00 0.00 0.00 0.00 0.00 0.00 0.00 0.00 0.00 0.00 0.00 0.00 0.00 0.00 0.00 0.00 0.00 0.00 0.00 0.00 0.00 0.00 0.00 0.00 0.00 0.00 0.00
32.84 32.78 32.71 32.65 34.12 32.51 32.43 33.89 32.28 32.21 32.13 32.05 37.19 34.52 29.23 29.16 29.08 29.01 28.93 29.36 34.51 41.98 36.80 31.51 21.95 49.53 79.22 70.31 31.85 29.15 28.74 27.48 0.00 0.00 0.00 0.00 0.00 0.00 0.00 0.00 0.00 0.00 0.00 0.00 0.00 0.00 0.00 0.00 0.00 0.00 0.00 0.00 0.00 0.00 0.00 0.00 0.00 0.00 0.00 0.00 0.00 0.00 0.00 0.00 0.00 0.00 0.00 0.00 0.00 0.00 0.00 0.00 0.00 0.00 0.00 0.00 0.00 0.00 0.00 0.00 0.00
30.55 28.92 28.86 28.80 26.80 35.41 30.13 30.05 29.97 29.89 28.36 28.29 28.22 28.10 26.63 26.57 26.50 26.43 26.36 26.92 32.07 40.16 34.87 34.80 45.16 87.81 66.87 29.44 29.39 25.69 25.64 0.00 0.00 0.00 0.00 0.00 0.00 0.00 0.00 0.00 0.00 0.00 0.00 0.00 0.00 0.00 0.00 0.00 0.00 0.00 0.00 0.00 0.00 0.00 0.00 0.00 0.00 0.00 0.00 0.00 0.00 0.00 0.00 0.00 0.00 0.00 0.00 0.00 0.00 0.00 0.00 0.00 0.00 0.00 0.00 0.00 0.00 0.00 0.00 0.00 0.00
30.45 28.84 28.78 21.55 35.39 30.11 30.03 36.95 36.92 29.80 28.28 28.22 29.56 28.72 26.57 27.86 27.77 27.69 27.61 26.86 26.80 37.73 32.45 34.75 89.07 44.58 34.10 28.83 27.48 25.65 0.00 0.00 0.00 0.00 0.00 0.00 0.00 0.00 0.00 0.00 0.00 0.00 0.00 0.00 0.00 0.00 0.00 0.00 0.00 0.00 0.00 0.00 0.00 0.00 0.00 0.00 0.00 0.00 0.00 0.00 0.00 0.00 0.00 0.00 0.00 0.00 0.00 0.00 0.00 0.00 0.00 0.00 0.00 0.00 0.00 0.00 0.00 0.00 0.00 0.00 0.00
