New_Model_Runs/11_Future_RCP4.5_Scn1_out/post_prcessed_with_MFR/Monthly_summaries/actual_et_monthly_OCT.asc
NCOLS 700
NROWS 400
XLLCENTER 515000.000000
YLLCENTER 8409000.000000
CELLSIZE 50.000000
NODATA_value -999.000000
[rows 228 to 265 of 400, columns 168 to 251 of 700]
1.12 3.74 1.12 1.12 3.74 3.74 3.74 3.74 3.86 3.86 3.86 3.86 3.86 3.86 3.86 3.86 4.56 4.56 3.52 4.56 4.56 4.56 4.56 4.56 3.29 3.54 4.18 3.54 4.18 3.54 3.54 3.22 4.18 4.18 3.54 3.54 3.54 3.54 3.54 3.54 3.37 3.37 3.37 3.37 1.01 3.37 3.37 3.98 3.37 3.37 3.37 3.37 3.37 3.98 3.37 3.20 3.67 1.11 1.11 1.11 1.11 3.21 3.21 1.11 3.37 1.11 1.11 1.11 1.11 1.11 1.11 1.11 1.18 1.18 1.18 1.18 1.18 1.18 1.18 1.18 1.18 1.18 3.50 1.18
1.12 3.74 1.12 1.12 3.74 3.74 3.74 3.74 3.51 3.86 3.86 3.86 3.86 3.86 3.86 3.86 3.86 3.86 3.86 3.86 4.56 3.52 4.56 4.56 3.29 4.18 4.18 4.18 4.18 4.18 4.18 4.18 3.29 3.29 4.18 4.18 4.18 3.54 4.18 3.54 3.37 3.37 3.37 3.37 3.37 3.37 3.98 3.98 3.98 3.98 3.37 3.37 3.37 1.01 1.01 1.01 1.11 1.11 1.11 1.11 1.11 1.11 3.36 1.11 1.11 3.37 1.11 1.11 1.11 1.11 1.11 3.36 3.50 3.50 3.50 1.18 1.18 1.18 1.18 1.18 1.18 3.50 3.50 1.18
1.12 1.12 1.12 1.12 1.12 1.12 1.12 1.12 3.86 3.86 3.86 3.86 3.86 3.86 3.86 3.86 3.86 3.86 3.86 3.86 4.56 4.56 4.56 4.56 4.18 4.18 4.18 4.18 4.18 4.18 3.29 3.29 4.18 4.18 4.18 3.17 4.18 3.29 4.18 4.18 3.98 3.37 3.37 3.37 3.37 3.15 3.98 3.98 3.98 3.98 3.37 3.07 3.07 1.01 1.01 1.01 1.11 1.11 1.11 1.11 1.11 1.11 1.11 1.11 1.11 1.11 1.11 1.11 1.11 1.11 3.21 3.21 3.50 3.50 1.18 1.18 1.18 1.18 1.18 1.18 1.18 3.50 3.50 1.18
1.12 1.12 1.12 1.12 1.12 1.12 1.12 1.12 1.16 1.16 1.16 3.86 3.86 3.86 3.86 3.86 3.86 3.86 3.86 3.86 4.56 3.86 4.56 3.52 4.18 4.18 4.18 4.18 3.29 4.18 3.17 3.29 4.18 4.18 4.18 4.18 3.22 4.18 3.29 4.18 3.98 3.37 3.98 3.98 3.98 3.98 3.98 3.98 3.98 1.01 1.01 3.07 3.07 1.01 1.01 1.01 1.11 1.11 1.11 1.11 1.11 1.11 1.11 1.63 3.36 3.39 3.36 1.11 3.36 1.11 1.11 3.36 3.50 1.18 1.18 1.18 1.18 1.18 1.18 1.18 3.50 3.50 1.18 1.18
1.12 1.12 1.12 1.12 1.12 1.12 1.12 1.12 1.16 3.86 1.16 1.16 3.86 3.86 4.56 3.51 3.86 3.86 3.86 3.86 3.86 3.86 4.56 4.56 3.54 3.22 4.18 3.54 4.18 4.18 4.18 3.29 4.18 4.18 4.18 3.22 3.22 1.56 4.18 4.18 3.98 3.98 3.98 3.98 3.98 3.98 1.01 1.01 1.01 1.01 1.01 1.01 1.01 1.01 1.01 1.01 1.11 1.11 1.11 1.11 1.11 1.11 1.11 3.36 3.36 3.39 4.02 3.36 1.11 1.11 3.55 1.11 1.18 1.18 1.18 1.18 1.18 1.18 1.18 1.18 1.18 1.18 1.18 1.18
1.12 1.12 1.12 1.12 1.12 1.12 1.12 1.12 1.16 1.16 1.16 1.70 1.70 1.16 1.16 1.16 3.86 3.86 3.86 3.86 3.86 3.86 4.56 3.86 3.54 3.22 4.18 3.54 4.18 4.18 3.54 3.29 3.54 4.18 4.18 4.18 3.22 4.18 4.18 4.18 3.98 3.98 1.01 3.98 3.98 3.98 1.01 1.01 1.01 3.20 1.48 1.01 1.01 1.01 1.01 1.01 1.11 1.11 1.11 1.11 1.11 1.11 1.11 1.11 3.36 4.07 3.39 3.36 3.55 4.27 4.27 4.02 3.50 1.18 1.18 1.18 1.18 1.18 1.18 1.18 1.18 1.18 1.18 1.18
1.12 1.12 1.12 1.12 1.12 1.12 1.12 1.12 1.16 1.16 1.16 1.16 1.16 1.16 1.16 3.86 3.86 3.86 3.86 3.86 3.86 3.86 4.56 3.86 3.54 3.54 3.54 3.54 3.54 4.18 3.22 4.18 3.22 4.18 3.22 3.22 4.18 4.18 3.22 3.22 1.01 1.01 1.01 1.01 3.98 1.01 1.48 3.98 3.98 3.37 3.37 3.37 3.98 1.01 1.01 1.01 1.11 1.11 1.11 1.11 1.11 1.11 1.11 1.11 3.36 3.39 4.07 4.07 4.07 4.27 3.36 3.36 3.50 1.18 1.18 1.18 3.50 1.18 1.18 1.18 1.18 1.18 1.18 1.18
1.12 1.12 1.12 1.12 1.12 1.12 1.12 1.12 1.16 1.16 1.16 1.16 1.16 1.16 1.16 1.16 3.86 1.16 3.86 3.86 3.86 3.86 3.86 3.86 3.54 3.22 3.54 3.54 3.54 4.18 1.56 3.22 3.22 1.06 1.06 3.22 3.54 4.18 3.22 3.22 1.01 1.01 1.01 1.48 1.01 1.01 1.01 3.98 3.98 3.37 3.37 3.37 3.16 3.98 3.07 3.37 3.21 3.21 3.21 1.11 1.11 1.11 1.11 1.11 1.11 3.39 3.93 4.07 3.24 4.02 4.02 3.36 1.18 1.18 1.18 3.50 3.50 1.18 1.18 1.18 1.18 1.18 1.18 1.18
1.12 1.12 1.12 1.12 1.12 1.12 1.12 1.12 1.16 1.16 1.16 1.16 1.16 1.16 1.16 1.16 1.16 1.16 3.86 3.86 3.86 3.86 3.86 3.86 3.54 3.22 3.22 3.22 3.54 3.22 4.18 1.56 1.06 1.06 3.22 3.22 4.18 3.54 3.22 3.22 3.98 1.01 1.01 1.01 1.01 1.01 1.01 1.01 3.98 1.01 3.07 3.37 3.98 3.98 3.98 3.98 4.27 3.55 1.11 3.36 1.11 1.11 3.21 4.02 3.36 4.07 2.76 3.24 4.07 3.55 1.11 1.11 1.18 1.18 3.50 1.18 1.18 1.18 1.18 1.18 1.18 1.18 1.18 1.18
1.12 1.12 1.12 1.12 1.12 1.12 1.12 1.12 1.16 1.16 1.16 1.16 1.16 1.16 1.16 1.16 1.16 1.16 3.51 3.86 3.86 3.86 3.86 3.86 3.54 3.54 3.22 3.22 3.54 3.22 4.18 3.36 3.54 3.54 1.06 3.22 3.22 3.22 3.22 1.56 1.01 1.01 1.01 1.01 1.01 1.01 1.01 1.01 1.48 3.98 1.01 3.07 3.98 3.98 3.98 3.95 4.27 4.27 3.55 3.36 3.36 3.55 4.16 4.16 3.36 2.76 2.76 4.07 4.07 4.27 3.36 1.11 1.18 1.18 1.18 1.18 1.18 1.18 1.18 1.18 1.18 1.18 1.18 1.18
1.12 1.12 1.12 1.12 1.12 1.12 1.12 1.12 1.16 1.16 1.16 1.16 1.16 1.16 1.16 1.16 1.16 3.86 3.51 3.86 3.86 3.86 3.86 3.86 3.54 3.54 3.22 1.06 3.54 1.06 4.18 1.06 3.54 3.54 3.54 3.22 1.06 3.36 4.18 4.18 1.01 1.01 1.01 1.01 1.01 1.01 3.37 1.01 1.01 3.07 3.07 3.07 3.98 3.37 3.37 3.29 4.27 4.27 4.27 3.55 3.36 3.36 3.36 4.27 3.55 4.16 4.07 3.93 4.07 3.55 3.21 1.63 3.50 1.18 1.18 1.18 1.18 1.18 1.18 1.18 1.18 1.18 1.18 1.18
1.12 1.12 1.12 1.12 1.12 1.12 1.12 1.12 1.16 1.16 1.16 1.16 1.16 1.16 1.16 1.16 1.16 3.86 3.86 3.86 3.86 3.86 3.86 3.86 3.54 3.54 3.22 1.06 1.06 1.06 1.06 1.06 1.06 3.54 1.06 1.56 1.06 3.54 3.54 1.06 1.01 1.01 1.01 1.01 1.01 3.37 3.37 3.98 3.37 1.48 3.98 1.01 3.98 3.98 3.37 3.87 3.55 3.55 4.27 4.16 4.27 3.36 4.27 4.27 4.27 3.24 3.93 4.07 3.39 3.55 3.36 3.36 3.50 1.18 1.18 1.18 1.18 1.18 1.18 1.18 1.18 1.18 1.18 1.18
1.12 1.12 1.12 1.12 1.12 1.12 1.12 1.12 1.16 1.16 1.16 1.16 1.16 1.16 1.16 1.16 3.51 3.51 3.86 3.51 3.51 1.16 1.16 3.86 3.54 3.54 3.22 1.06 1.06 1.06 1.06 1.06 4.18 4.18 4.18 1.06 1.06 3.54 3.54 1.06 1.01 1.01 1.01 1.01 1.01 3.37 3.07 3.37 3.16 3.16 3.98 3.98 3.98 3.98 3.37 3.00 3.55 3.55 3.55 3.36 4.27 4.27 4.27 4.27 3.55 2.71 4.07 3.39 3.55 3.55 3.36 3.36 3.50 1.18 1.18 1.18 1.18 1.18 1.18 1.18 1.18 1.18 1.18 1.18
1.12 1.12 1.12 1.12 1.12 1.12 1.12 1.12 1.16 1.16 1.16 1.16 1.16 1.16 1.16 1.16 3.51 3.51 3.51 3.51 1.70 1.16 1.16 3.86 1.06 1.06 1.06 1.06 1.06 1.06 1.06 1.06 1.06 1.06 1.56 1.06 1.06 1.06 1.56 1.06 1.01 1.01 1.01 1.01 3.07 3.37 3.37 3.37 3.37 3.98 3.98 3.07 3.98 3.98 3.37 3.00 3.21 3.55 3.55 3.55 2.82 2.82 4.27 4.27 4.27 4.27 4.07 3.39 3.55 3.55 3.36 1.11 1.18 1.18 1.18 1.18 1.18 1.18 1.18 1.18 1.18 1.18 1.18 1.18
1.18 1.18 1.18 1.18 1.18 1.18 1.18 1.18 1.22 1.22 1.22 1.22 1.22 1.22 1.22 1.22 1.22 3.69 3.69 1.22 1.22 1.22 1.22 1.22 1.16 1.16 1.16 1.16 1.16 1.16 1.16 1.16 1.16 1.16 1.16 1.16 1.16 1.16 1.16 1.16 1.11 1.11 1.11 1.11 3.37 3.70 3.70 3.70 3.70 4.37 4.37 4.37 3.70 3.70 3.70 3.21 3.28 3.64 3.64 4.36 4.36 2.88 4.36 4.36 4.36 4.26 3.47 3.45 3.45 3.45 3.43 1.15 1.22 1.22 1.22 1.22 1.22 1.22 1.22 1.22 1.22 1.22 1.22 1.22
1.18 1.18 1.18 1.18 1.18 1.18 1.18 1.18 1.22 1.22 1.22 1.22 1.22 1.22 1.22 1.22 1.22 1.22 3.69 1.22 1.22 1.22 1.22 1.22 1.16 1.16 1.16 1.16 1.16 1.16 1.16 1.16 1.16 1.16 1.16 1.16 1.16 1.16 1.16 1.16 1.11 1.11 1.11 3.37 4.37 3.70 3.37 4.37 4.37 1.11 1.11 3.37 3.70 3.70 3.21 3.21 3.28 3.28 3.64 3.64 4.36 4.36 4.36 4.26 4.26 4.36 3.64 3.64 3.45 3.45 3.45 1.15 1.22 1.22 1.22 1.22 1.22 1.22 1.22 3.57 1.22 1.22 1.22 3.57
1.18 1.18 1.18 1.18 1.18 1.18 1.18 1.18 1.22 1.22 1.22 1.22 1.22 1.22 1.22 1.22 1.22 1.22 3.69 3.69 1.22 1.22 1.22 1.22 1.16 1.16 1.16 1.16 1.16 1.16 1.16 1.16 1.16 1.16 1.16 1.16 1.16 1.16 1.16 1.16 1.11 1.11 1.11 3.70 3.37 3.37 3.37 3.37 1.11 1.11 1.11 1.11 4.37 4.37 3.21 3.21 3.28 3.28 3.64 3.64 4.36 4.26 3.45 4.26 4.36 3.45 3.64 3.64 3.45 3.45 3.45 3.45 3.63 1.22 1.22 1.22 1.22 1.22 3.57 3.57 1.22 1.22 1.22 3.57
1.18 1.18 1.18 1.18 1.18 1.18 1.18 1.18 1.22 1.22 1.22 1.22 1.22 1.22 1.22 1.22 1.22 1.22 1.22 1.22 1.22 1.22 1.22 1.22 1.16 1.16 1.16 1.16 1.16 1.16 1.16 1.16 1.16 1.16 1.16 1.16 1.16 1.16 1.16 1.70 1.11 1.11 3.70 3.70 3.70 4.37 1.11 1.11 1.11 4.37 1.11 1.11 3.39 4.37 3.21 3.21 3.28 3.28 3.64 4.36 4.36 4.26 3.45 3.45 3.45 3.45 3.45 4.36 3.45 3.45 3.45 4.36 3.63 3.81 1.22 1.22 1.22 3.57 3.57 3.57 1.78 1.22 1.22 3.57
1.18 1.18 1.18 1.18 1.18 1.18 1.18 1.18 1.22 1.22 1.22 4.06 3.69 3.69 1.22 1.22 1.22 4.06 4.06 1.22 1.22 1.22 1.22 1.22 1.16 1.16 1.16 1.16 1.16 1.16 1.16 1.16 1.16 1.16 1.16 1.16 1.16 1.16 1.16 1.16 1.11 1.11 3.37 3.70 3.70 1.11 1.11 4.37 4.37 4.37 4.37 1.11 4.37 4.37 2.70 3.21 3.28 3.28 4.26 4.26 4.26 4.36 4.36 4.36 4.26 4.26 3.45 3.45 3.45 3.45 4.36 4.36 4.57 4.57 1.22 1.22 1.22 1.22 1.22 1.22 1.22 1.22 3.57 3.57
1.18 1.18 1.18 1.18 1.18 1.18 1.18 1.18 1.22 1.22 1.22 4.06 3.69 3.69 3.69 1.22 1.22 4.06 4.06 1.22 1.22 1.22 1.22 1.22 1.16 1.16 1.16 1.16 1.16 1.16 1.16 1.16 1.16 1.16 1.16 1.16 1.16 1.16 1.16 1.16 1.11 1.11 1.11 3.70 3.70 3.37 1.63 4.37 4.37 4.37 1.11 4.37 4.37 3.39 1.63 3.06 3.28 3.64 3.64 3.45 3.45 3.45 2.88 4.36 4.26 4.36 4.26 3.45 3.45 3.45 4.36 4.26 3.63 3.63 1.22 1.22 3.42 1.22 1.22 1.22 1.22 1.22 3.57 3.57
1.18 1.18 1.18 1.18 1.18 1.18 1.18 1.18 1.22 1.22 1.79 4.06 1.22 3.69 1.22 1.22 4.06 4.06 1.22 1.22 1.22 1.22 1.22 1.22 1.16 1.16 1.16 1.16 1.16 1.16 1.16 1.16 1.16 1.16 1.16 1.16 1.16 1.16 1.16 1.16 1.11 1.11 1.11 1.11 3.37 3.70 1.11 4.37 4.37 4.37 1.11 3.70 4.37 3.21 3.21 3.06 3.64 3.64 3.64 3.64 4.36 4.36 2.88 2.88 4.36 4.36 4.26 3.64 4.36 4.36 3.64 3.64 3.63 3.42 1.22 3.42 4.57 3.42 3.42 3.57 1.22 1.22 3.57 3.57
1.18 1.18 1.18 1.18 1.18 1.18 1.18 1.18 1.22 1.22 4.79 1.79 1.22 1.22 1.22 1.22 1.79 4.06 4.79 1.22 1.22 1.22 1.22 1.22 1.16 1.16 1.16 1.16 1.16 1.16 1.16 1.16 1.16 1.16 1.16 1.16 1.16 1.16 1.16 1.16 1.11 4.37 4.37 4.37 1.11 1.11 4.37 4.37 4.37 4.37 1.63 1.11 4.37 3.21 3.21 3.06 3.45 3.64 3.64 3.64 4.36 4.26 2.88 4.36 4.26 3.64 4.36 3.64 3.64 3.64 3.64 3.64 3.81 4.27 1.22 4.27 4.57 4.57 4.57 3.42 3.42 1.22 3.57 4.27
1.18 1.18 1.18 1.18 1.18 1.18 1.18 1.18 1.22 1.22 1.22 1.79 1.79 1.22 1.22 4.06 1.22 1.22 1.79 1.79 1.22 1.22 1.22 1.22 1.16 1.16 1.16 1.16 1.16 1.16 1.16 1.16 1.16 1.16 1.16 1.16 1.16 1.16 1.16 1.16 1.11 4.37 4.37 4.37 4.37 4.37 4.37 4.37 4.37 4.37 3.37 3.37 3.37 3.21 3.21 3.21 4.26 3.45 3.64 4.36 4.36 4.36 4.36 4.36 3.64 3.64 3.64 3.64 3.64 3.64 3.64 3.64 3.81 4.11 1.22 4.27 4.57 4.57 4.57 4.57 4.27 4.27 4.27 4.57
1.18 1.18 1.18 1.18 1.18 1.18 1.18 1.18 1.22 1.22 1.22 1.79 1.79 1.22 4.06 1.79 1.22 1.79 1.79 1.79 1.22 1.22 1.22 1.22 1.16 1.16 1.16 1.16 1.16 1.16 1.16 1.16 1.16 1.16 1.16 1.16 1.16 1.16 1.16 1.16 1.11 4.37 4.37 4.37 4.37 4.37 4.37 4.37 4.37 1.11 3.37 3.37 3.70 3.21 3.21 3.84 3.45 3.64 4.36 4.36 2.88 4.36 4.36 4.36 4.26 3.64 3.64 3.64 3.64 3.64 3.64 3.64 3.57 1.22 3.42 4.11 4.44 4.57 4.57 4.57 4.57 4.57 4.44 3.00
1.18 1.18 1.18 1.18 1.18 1.18 1.18 1.18 1.22 1.22 1.22 1.22 1.22 1.22 4.06 1.22 1.22 1.79 1.79 1.22 1.22 1.22 1.22 1.22 1.16 1.16 1.16 1.16 1.16 1.16 1.16 1.16 1.16 1.16 1.16 1.16 1.16 1.16 1.16 1.16 1.11 4.37 4.37 4.37 4.37 4.37 4.37 4.37 1.11 1.11 3.37 3.37 1.63 3.21 3.21 3.21 3.64 3.64 3.64 4.36 4.36 4.36 4.36 4.26 4.26 4.26 3.64 3.64 3.64 3.64 3.64 3.64 3.42 3.57 3.57 3.81 4.57 4.44 4.44 4.57 4.57 3.00 3.00 4.57
1.18 1.18 1.18 1.18 1.18 1.18 1.18 1.18 1.22 1.22 1.22 3.69 1.79 4.06 3.69 3.69 1.79 1.79 1.79 1.22 1.22 1.22 1.22 1.22 1.16 1.16 1.16 1.16 1.16 1.16 1.16 1.16 1.16 1.16 1.16 1.16 1.16 1.16 1.16 1.16 1.11 1.11 4.37 4.37 4.37 3.37 3.37 3.37 1.11 3.37 3.37 3.70 3.37 3.84 3.84 1.63 3.28 3.28 3.64 4.36 4.36 2.88 4.36 3.64 3.64 3.64 3.64 3.64 3.64 3.64 3.64 3.64 3.57 3.42 4.57 4.57 4.57 4.57 4.57 4.57 4.57 3.00 3.00 3.00
1.18 1.18 1.18 1.18 1.18 1.18 1.18 1.18 1.22 1.22 1.22 3.69 1.79 4.06 4.06 4.06 1.79 1.22 1.79 1.22 1.22 1.22 1.22 1.22 1.16 1.16 1.16 1.16 1.16 1.16 1.16 1.16 1.16 1.16 1.16 1.16 1.16 1.16 1.16 1.16 1.11 1.11 4.37 3.37 3.37 3.37 3.37 3.37 1.11 3.37 3.70 3.70 3.21 3.21 3.21 3.21 3.28 3.64 3.64 4.36 4.36 4.26 4.36 4.36 4.36 4.36 4.36 3.64 3.64 3.64 3.64 3.64 3.57 3.57 4.57 4.57 4.57 4.44 4.57 4.57 4.57 4.57 4.57 3.00
4.63 1.18 1.18 1.18 1.18 1.18 1.18 1.18 1.22 1.22 1.22 1.22 4.79 4.06 4.06 4.06 3.69 1.79 1.22 1.22 1.22 1.22 1.22 1.22 1.16 1.16 1.16 1.16 1.16 1.16 1.16 1.16 1.16 1.16 1.16 1.16 1.16 1.16 1.16 1.16 1.11 1.11 4.37 3.37 3.70 1.11 1.11 3.37 3.37 3.70 3.70 3.70 3.21 3.21 3.21 3.55 3.64 4.36 3.64 4.36 2.88 4.36 2.88 4.36 4.36 4.36 2.88 4.26 4.36 3.64 3.64 3.64 3.63 4.57 4.57 4.57 4.57 4.57 4.44 4.57 3.00 4.57 4.57 4.57
4.63 1.18 1.18 1.18 1.18 1.18 1.18 1.18 1.22 1.22 1.22 3.69 4.06 4.06 4.06 3.69 3.69 3.69 1.22 1.22 1.22 1.22 1.22 1.22 1.16 1.16 1.16 1.16 1.16 1.16 1.16 1.16 1.16 1.16 1.16 1.16 1.16 1.16 1.16 1.16 1.11 1.11 1.11 1.11 1.11 1.11 1.11 1.11 3.37 3.37 3.70 3.37 3.21 3.21 3.21 3.55 4.36 3.64 3.64 4.26 4.36 4.26 4.36 4.36 4.36 3.64 3.64 3.64 4.36 3.64 3.64 3.64 4.57 4.57 4.57 4.57 3.81 3.63 3.63 4.57 3.00 4.57 4.57 4.57
4.63 4.63 1.18 1.18 1.18 1.18 1.18 1.18 1.22 1.22 1.22 3.69 4.06 4.06 3.69 3.69 3.69 3.69 3.69 1.22 1.22 1.22 1.22 1.22 1.16 1.16 1.16 1.16 1.16 1.16 1.16 1.16 1.16 1.16 1.16 1.16 1.16 1.16 1.16 1.16 1.11 1.11 1.11 1.11 1.11 1.11 1.11 1.11 3.70 3.70 3.70 3.70 3.21 3.21 3.55 4.26 4.36 4.26 4.36 4.36 4.26 4.36 4.36 4.36 4.26 4.36 3.64 3.64 3.64 3.64 3.64 3.64 4.57 4.57 4.57 4.44 3.63 3.63 4.57 4.57 4.57 4.44 4.57 3.81
4.94 4.94 3.81 1.26 1.26 1.26 1.26 1.26 1.30 1.30 1.30 3.94 3.94 3.94 1.30 1.30 1.30 1.30 1.30 1.30 1.30 1.30 1.30 1.30 1.18 1.18 1.18 1.18 1.18 1.18 1.18 1.18 1.18 1.18 1.18 1.18 1.18 1.18 1.18 1.18 1.27 1.27 1.27 1.27 1.27 1.27 1.27 4.21 4.21 4.21 4.21 4.21 3.94 4.71 3.94 4.71 4.35 4.46 4.46 3.72 3.54 3.72 3.54 4.35 4.46 4.46 3.72 3.72 3.54 3.72 3.54 3.72 3.84 3.84 3.84 3.84 3.67 3.67 4.61 4.61 4.61 4.61 4.61 4.48
4.94 4.94 4.94 1.26 1.26 1.26 1.26 1.26 1.30 1.30 1.30 3.94 3.94 3.94 1.30 1.30 1.30 1.30 1.30 1.30 1.30 1.30 1.30 1.30 1.18 1.18 1.18 1.18 1.18 1.18 1.18 1.18 1.18 1.18 1.18 1.18 1.18 1.18 1.18 1.18 1.27 1.27 1.27 1.27 1.27 1.27 1.27 1.27 3.84 4.21 4.21 3.94 3.94 4.71 3.94 4.71 4.46 3.54 3.72 3.72 3.72 3.54 3.54 3.72 4.35 4.46 3.72 3.72 3.72 3.54 3.72 3.72 3.84 4.48 3.84 4.61 4.61 4.61 4.61 4.61 3.02 4.61 4.61 3.84
3.81 3.81 3.81 1.26 1.26 1.26 1.26 1.26 1.30 1.30 1.30 1.30 1.30 1.30 1.30 1.30 1.30 1.30 1.30 1.30 1.30 1.30 1.30 1.30 1.18 1.18 1.18 1.18 1.18 1.18 1.18 1.18 1.18 1.18 1.18 1.18 1.18 1.18 1.18 1.18 1.27 1.27 1.27 1.27 1.27 1.86 1.27 1.27 1.27 4.21 4.21 3.52 3.52 4.59 4.71 3.94 3.72 3.72 4.35 3.72 3.72 3.72 3.72 3.72 4.46 4.46 4.46 3.72 3.72 3.72 3.72 3.72 3.84 3.84 4.48 4.48 3.84 3.84 4.61 4.61 4.61 4.61 3.84 3.84
3.81 4.94 4.94 3.81 1.26 1.26 1.26 1.26 1.30 1.30 1.30 1.30 1.30 1.91 1.30 1.30 1.30 1.30 1.30 1.30 1.30 1.30 1.30 1.30 1.18 1.18 1.18 1.18 1.18 1.18 1.18 1.18 1.18 1.18 1.18 1.18 1.18 1.18 1.18 1.18 1.27 1.27 1.27 1.27 1.27 1.27 1.27 1.27 1.27 1.27 1.27 1.27 1.27 4.20 4.59 4.71 3.72 4.35 3.72 3.72 3.72 3.72 3.72 3.72 4.35 4.35 4.46 4.46 3.54 3.72 3.72 3.72 3.84 3.84 3.84 3.84 3.84 4.61 4.61 4.61 4.61 4.61 3.84 3.67
4.19 3.81 4.19 3.81 1.26 1.26 1.26 1.26 1.30 1.30 1.30 1.30 1.91 1.91 1.30 1.30 1.30 1.30 1.30 1.30 1.30 1.30 1.30 1.30 1.18 1.18 1.18 1.18 1.18 1.18 1.18 1.18 1.18 1.18 1.18 1.18 1.18 1.18 1.18 1.18 1.27 1.27 1.27 1.27 1.27 1.27 1.27 1.27 1.27 1.27 1.27 1.27 1.27 3.35 3.94 4.71 3.72 4.35 3.72 3.72 3.72 3.72 3.54 3.54 4.35 4.35 4.46 3.72 3.72 3.54 3.54 4.46 3.84 3.84 3.84 3.84 3.84 4.61 4.61 3.02 4.61 3.84 4.48 4.61
4.19 4.19 3.81 1.26 1.26 1.26 1.26 1.26 1.30 1.30 1.30 4.12 1.30 1.30 1.30 1.30 1.30 1.30 1.30 1.30 1.30 1.30 1.30 1.30 1.18 1.18 1.18 1.18 1.18 1.18 1.18 1.18 1.18 1.18 1.18 1.18 1.18 1.18 1.18 1.18 1.27 1.27 1.27 1.27 1.27 1.27 3.84 3.84 3.84 3.84 1.27 1.27 1.27 3.35 3.94 3.94 3.72 3.72 3.72 3.72 4.46 4.46 4.35 3.72 3.72 4.46 4.46 3.72 3.72 3.54 4.46 4.35 4.61 4.48 3.84 4.61 3.84 4.48 4.61 4.61 4.61 4.61 4.61 3.84
3.81 3.81 4.19 4.94 1.26 1.26 1.26 1.26 1.30 1.30 1.30 1.30 1.30 1.30 1.30 1.30 1.30 1.30 1.30 1.30 1.30 1.30 1.30 1.30 1.18 1.18 1.18 1.18 1.18 1.18 1.18 1.18 1.18 1.18 1.18 1.18 1.18 1.18 1.18 1.18 1.27 1.27 1.27 1.27 1.27 1.27 3.84 4.21 4.21 4.21 1.27 3.52 3.52 3.52 3.94 3.94 3.72 3.72 4.46 4.46 4.46 3.72 3.72 3.72 3.72 4.46 4.46 3.72 4.35 4.46 4.46 3.72 4.48 4.61 3.84 4.61 4.61 4.61 4.61 4.61 4.48 4.48 4.48 3.69
3.81 4.19 4.19 4.94 4.94 4.94 1.26 1.26 1.30 1.30 1.30 1.30 1.30 1.30 1.30 1.30 1.30 1.30 1.30 1.30 1.30 1.30 1.30 1.30 1.18 1.18 1.18 1.18 1.18 1.18 3.58 3.58 1.18 1.18 1.18 1.18 1.18 1.18 1.18 1.18 1.27 1.27 1.27 4.21 1.27 1.27 3.84 4.21 4.21 4.21 3.52 3.52 3.52 3.94 3.94 3.94 3.72 3.72 3.72 4.35 4.46 3.72 3.72 4.46 4.35 3.54 4.46 4.46 4.46 4.46 3.72 3.72 3.84 3.84 3.84 4.61 4.61 4.61 4.61 4.61 4.61 3.84 4.26 3.69
