New_Model_Runs/11_Future_RCP4.5_Scn1_out/post_prcessed_with_MFR/Monthly_summaries/actual_et_monthly_DEC.asc
NCOLS 700
NROWS 400
XLLCENTER 515000.000000
YLLCENTER 8409000.000000
CELLSIZE 50.000000
NODATA_value -999.000000
[rows 304 to 341 of 400, columns 168 to 251 of 700]
5.32 5.10 5.32 5.10 5.10 5.10 5.32 5.10 5.09 4.47 4.47 5.30 4.47 4.47 4.78 4.78 4.78 4.78 5.63 5.68 5.63 4.46 4.46 4.78 4.75 4.75 4.75 5.60 5.60 4.43 4.43 4.75 4.75 4.75 4.75 4.75 4.75 5.66 5.60 5.60 5.59 4.42 4.42 5.65 5.65 5.59 5.59 5.59 5.65 5.65 5.65 5.65 5.65 4.42 5.65 5.65 5.36 5.41 5.41 5.41 5.41 4.54 4.54 4.54 4.54 4.54 4.54 4.54 4.54 5.36 5.41 5.36 5.50 5.50 5.50 5.45 3.69 5.39 5.31 4.53 4.53 4.53 5.31 4.24
5.32 5.10 5.10 5.32 5.10 5.10 5.32 5.10 5.09 4.47 4.47 5.30 5.30 4.78 4.78 4.78 4.78 5.63 5.63 5.68 4.46 4.46 4.78 4.78 4.75 5.60 5.66 5.66 5.60 4.43 4.43 4.43 4.43 1.47 4.75 4.75 4.75 5.60 5.66 4.43 4.42 4.42 4.42 4.74 5.65 5.65 5.65 5.65 3.77 5.65 5.65 5.65 5.65 4.42 5.65 5.65 5.36 5.41 5.41 5.41 5.36 5.41 4.54 4.54 4.54 4.54 4.54 4.22 4.54 5.36 5.41 4.54 4.62 5.50 4.62 4.62 3.69 5.39 4.53 4.24 5.39 5.31 4.24 5.31
5.24 5.24 5.02 5.24 5.24 4.42 3.40 3.40 5.25 4.43 4.43 4.27 4.27 4.75 4.75 4.75 4.43 5.60 5.65 5.60 4.75 4.43 4.43 4.75 4.75 4.75 5.65 5.59 5.65 5.59 5.59 4.43 1.46 1.46 1.46 1.46 4.43 4.43 4.43 4.43 4.40 4.40 4.40 5.62 4.72 5.56 5.62 5.62 5.62 5.62 5.62 5.62 5.56 3.75 5.62 5.62 3.70 5.53 5.53 3.70 3.70 5.53 5.53 4.64 5.47 4.64 5.47 5.47 3.70 5.53 5.53 5.53 4.62 4.62 4.62 5.50 5.50 4.53 4.53 4.53 4.24 5.39 5.31 5.31
5.02 5.02 5.24 3.40 5.24 5.24 5.24 3.40 5.25 5.03 4.43 4.43 4.43 4.75 4.75 5.60 4.43 4.43 4.75 4.75 4.75 4.43 4.75 4.43 4.43 5.65 5.65 5.65 5.65 5.65 4.43 4.43 4.43 4.43 1.46 1.46 5.59 1.46 5.59 4.43 4.40 5.56 4.72 4.72 4.72 4.72 4.72 5.62 5.62 4.40 5.62 5.62 5.62 5.62 3.75 5.62 3.70 5.47 5.53 4.33 5.53 5.53 5.47 5.47 5.53 5.53 5.53 5.47 5.47 5.47 4.64 5.53 5.50 5.45 5.50 5.50 5.50 4.62 5.31 5.39 5.39 5.39 5.39 4.53
4.27 5.24 5.24 5.24 5.24 4.27 5.02 3.40 3.41 5.25 5.03 5.03 4.43 5.60 5.60 4.43 4.75 4.43 4.43 4.75 4.75 4.75 4.75 4.75 4.75 5.65 4.75 4.43 4.43 4.43 4.43 4.43 4.75 4.75 4.75 5.65 4.43 1.46 5.59 5.59 5.56 5.56 5.56 4.40 4.40 4.72 4.72 4.72 5.62 4.72 5.62 5.62 3.75 3.75 5.62 5.62 5.53 4.64 4.64 4.64 5.47 4.64 4.64 4.64 5.53 4.64 4.64 4.33 4.64 4.64 4.64 4.55 5.45 4.62 4.62 5.50 5.50 5.50 5.39 5.39 5.31 5.39 4.53 4.53
4.42 5.24 5.02 5.24 4.27 5.24 5.02 5.24 3.41 5.25 5.25 4.43 4.43 4.75 4.75 5.60 4.75 4.43 4.43 4.75 5.60 4.75 4.75 5.60 4.75 5.65 5.65 5.59 4.43 4.43 4.43 4.43 4.75 4.75 4.75 4.75 4.75 1.46 4.43 5.59 4.40 4.72 4.40 4.72 4.40 4.72 4.72 4.72 4.72 4.72 4.72 5.56 3.75 4.40 5.62 4.72 4.64 4.64 4.64 4.64 4.64 4.64 4.64 4.55 5.41 4.26 4.33 4.33 4.64 4.26 4.26 4.55 5.31 4.62 4.62 4.62 4.62 5.31 5.31 5.31 5.39 5.39 5.39 5.31
5.02 5.24 5.02 5.24 5.24 4.27 4.42 5.24 5.25 5.25 5.25 5.25 4.75 4.75 5.65 4.75 4.43 4.43 4.43 4.75 4.75 4.75 5.65 5.65 4.75 5.65 5.65 5.65 4.75 4.43 4.43 4.43 4.75 4.75 4.75 4.75 4.75 5.59 5.59 4.43 4.40 4.40 4.40 4.40 4.40 4.72 4.72 4.72 5.62 4.72 4.72 4.72 5.62 4.40 4.40 4.40 4.33 4.33 4.33 4.33 4.64 4.33 4.55 5.34 5.41 5.34 4.55 4.55 4.55 4.26 4.55 4.55 4.53 4.53 4.24 4.30 5.39 4.24 4.24 4.24 4.53 5.31 4.24 4.24
5.24 5.02 4.42 5.02 5.24 5.24 5.02 5.02 5.25 3.41 3.41 5.25 5.65 4.75 4.75 4.75 4.75 4.43 4.43 4.75 4.43 5.65 5.65 5.65 4.43 4.43 5.65 4.43 4.75 4.43 4.43 4.43 4.75 4.75 4.43 4.43 4.43 4.75 1.46 4.43 1.45 1.45 4.40 4.40 4.72 4.72 4.72 4.72 4.72 4.72 4.72 4.72 4.40 4.40 4.40 4.40 4.33 4.33 4.33 4.75 5.62 4.26 4.26 4.55 4.55 4.55 4.55 4.55 4.26 4.26 4.55 4.26 4.24 4.24 4.24 4.24 4.53 4.24 4.24 4.24 4.53 4.24 4.53 4.24
4.42 5.24 4.42 5.24 3.40 5.24 5.02 5.02 5.03 5.25 3.41 5.25 5.65 5.65 4.43 4.75 4.43 4.75 4.75 4.75 4.43 5.65 5.65 5.65 4.75 4.43 4.75 4.43 4.43 4.75 4.43 4.43 4.75 4.43 1.46 1.46 1.46 1.46 4.43 4.43 4.40 2.13 1.45 4.40 4.72 4.72 4.72 4.72 4.72 4.72 4.72 4.72 4.40 4.40 1.45 4.40 4.33 4.33 4.33 4.75 4.75 4.33 5.62 5.62 4.26 4.26 4.26 4.26 4.26 4.26 4.26 4.26 4.24 4.24 4.24 4.24 4.24 4.24 4.53 4.53 5.31 5.31 4.53 4.53
4.42 4.42 5.24 5.24 5.24 5.24 5.24 5.24 5.25 5.25 5.25 5.25 5.60 4.75 4.75 4.75 4.75 4.75 4.75 4.43 4.43 5.60 4.43 4.75 5.59 5.65 4.75 4.75 4.75 4.75 4.75 4.75 4.75 4.43 1.46 1.46 1.46 1.46 4.43 4.75 4.72 4.72 4.72 4.72 4.72 4.72 4.72 4.72 4.72 4.72 4.72 4.72 4.72 4.40 4.40 4.40 4.75 4.33 4.33 4.33 4.33 4.33 5.62 5.62 5.62 5.62 1.43 1.43 4.26 4.26 4.26 4.26 4.24 4.53 4.53 4.24 4.24 4.24 4.53 4.53 5.31 5.39 4.53 4.53
5.24 5.24 5.02 5.24 4.42 4.27 4.27 4.27 4.27 5.25 4.27 4.27 5.65 5.65 4.75 4.75 4.75 5.60 5.60 4.75 4.75 5.65 5.60 4.75 4.75 4.43 4.75 4.75 4.75 4.75 4.75 4.75 4.75 4.43 4.43 4.75 4.75 4.75 4.75 4.43 4.40 4.40 4.72 4.72 4.72 4.72 4.72 4.72 4.72 4.72 4.72 4.72 4.72 4.72 4.40 4.40 4.33 4.33 1.43 5.62 5.62 5.62 5.62 5.62 5.62 5.62 1.43 5.62 4.33 1.43 4.26 4.26 4.24 4.53 4.53 4.53 4.24 4.24 4.24 4.24 4.53 4.53 4.24 4.53
5.02 5.24 5.24 4.27 4.42 4.42 4.42 4.27 5.25 5.25 4.27 4.43 5.65 5.65 4.75 4.43 4.43 5.65 5.60 5.65 5.65 5.65 5.65 4.75 5.59 4.75 4.75 4.75 4.75 4.75 4.75 4.75 4.75 4.75 4.75 4.75 4.75 4.75 4.75 4.75 4.72 4.72 4.72 4.72 4.72 4.72 4.72 4.72 4.72 5.62 4.72 4.72 4.72 4.72 4.40 1.45 4.33 4.33 1.43 1.43 1.43 1.43 1.43 1.43 1.43 1.43 4.52 5.62 5.62 4.33 4.33 4.33 5.59 4.31 4.73 5.31 5.31 4.24 4.24 4.24 4.53 4.24 4.24 4.53
5.24 5.24 4.27 5.24 5.24 4.42 4.42 5.02 5.25 5.25 5.25 5.60 5.65 5.65 5.60 4.43 5.60 4.75 5.65 5.60 3.77 5.65 4.75 5.60 5.59 4.75 4.75 4.75 4.75 4.75 4.75 4.75 4.75 4.75 4.43 4.75 4.75 4.75 4.75 4.75 4.72 4.72 4.72 4.72 4.72 4.72 4.72 4.72 5.62 5.62 5.62 4.72 4.72 4.40 4.40 1.45 4.64 4.33 4.33 1.43 1.43 1.43 1.43 1.43 1.43 1.43 1.43 1.43 1.43 5.62 5.62 5.62 4.31 4.31 4.73 4.31 5.39 5.39 4.53 4.53 4.53 4.53 4.53 4.53
5.24 4.27 5.02 5.02 5.24 4.27 4.42 5.02 5.25 5.25 5.25 5.65 5.65 5.65 4.75 5.65 5.65 5.65 5.60 5.65 5.65 4.75 4.43 4.43 5.59 4.75 4.75 4.75 4.75 4.75 4.75 4.75 4.75 4.43 4.43 4.43 4.75 4.75 4.75 4.43 4.40 4.40 4.72 4.72 4.72 4.72 4.72 4.72 5.62 5.56 5.62 4.72 4.40 4.40 1.45 1.45 4.75 4.75 2.09 1.43 1.43 1.43 1.43 1.43 1.43 1.43 1.43 1.43 1.43 1.43 4.52 5.62 5.58 5.59 4.31 4.31 5.39 5.39 4.53 4.53 4.53 4.53 5.39 4.53
4.27 5.24 5.02 5.24 4.27 4.42 5.24 5.02 4.43 5.25 5.03 3.77 5.60 5.60 5.65 5.60 5.65 4.75 4.43 5.65 4.75 4.75 4.75 4.75 4.75 4.75 4.75 4.75 4.75 4.75 4.75 4.75 4.75 4.75 1.46 1.46 1.46 1.46 4.43 4.43 4.40 4.40 4.40 4.72 4.72 4.72 4.61 4.40 4.72 4.72 5.62 4.40 4.40 4.72 4.72 4.41 4.33 1.43 1.43 1.43 1.43 1.43 1.43 1.43 1.43 1.43 1.43 1.43 1.43 1.43 1.43 1.43 5.58 4.31 1.42 4.73 4.53 4.53 4.53 4.53 4.53 4.53 4.53 4.24
5.24 5.24 3.40 5.02 5.24 5.24 5.24 5.24 4.43 4.43 4.43 4.75 5.60 5.60 5.65 5.60 5.60 4.43 3.77 5.65 5.65 5.65 4.75 4.75 4.75 4.75 4.43 4.43 4.43 4.75 4.75 4.75 4.75 1.46 1.46 4.75 1.46 1.46 4.43 4.43 4.40 4.40 4.40 1.45 1.45 1.45 4.61 4.61 4.72 4.72 5.62 4.40 4.72 4.72 4.83 4.41 1.43 1.43 1.43 1.43 1.43 1.43 4.75 4.75 1.43 1.43 1.43 1.43 1.43 1.43 1.43 2.09 1.42 4.31 1.42 4.31 4.24 4.53 4.24 4.53 4.53 4.53 4.53 4.24
5.24 5.24 5.02 5.24 5.02 5.24 5.02 4.27 4.43 4.43 4.75 4.75 5.60 4.43 5.60 5.60 4.43 5.65 3.73 5.65 5.60 5.65 4.75 4.75 4.75 4.43 4.43 4.43 4.75 4.75 4.75 4.75 4.75 4.43 4.75 4.75 4.75 4.43 4.75 4.75 4.72 4.72 4.72 1.45 2.13 4.61 5.62 5.62 5.62 5.62 5.56 5.56 4.40 4.40 4.41 1.45 1.43 1.43 1.43 1.43 1.43 1.43 4.75 4.64 1.43 1.43 1.43 1.43 1.43 1.43 1.43 1.43 1.42 1.42 4.31 4.24 4.24 4.53 4.24 4.53 4.53 4.53 4.53 4.24
5.24 3.40 5.24 4.42 4.42 4.42 4.42 4.42 4.43 4.43 5.60 4.75 5.60 4.43 5.60 5.60 5.60 5.65 5.65 5.65 4.43 4.43 4.43 4.75 4.43 4.43 4.43 4.75 4.75 4.75 4.43 4.43 4.43 4.43 4.75 4.75 4.75 4.75 4.43 4.75 4.72 4.72 4.72 5.56 5.56 5.56 5.56 5.56 5.62 5.62 1.45 1.45 1.45 1.45 1.45 1.45 2.09 1.43 1.43 1.43 1.43 2.09 4.64 4.64 4.64 1.43 1.43 1.43 1.43 1.43 1.43 1.43 1.42 4.31 4.53 4.53 4.53 4.53 4.53 4.24 4.53 4.53 4.24 4.53
3.83 3.86 3.86 3.24 3.86 3.83 2.63 3.86 5.15 4.34 4.65 4.65 4.33 3.71 5.53 5.48 5.53 4.33 5.48 5.48 4.33 4.65 4.65 4.65 4.67 4.35 4.67 4.67 4.67 4.67 4.67 4.67 4.35 4.67 4.67 4.67 4.67 4.35 4.35 4.67 4.24 4.24 4.24 4.24 5.37 5.37 5.37 4.43 4.43 5.42 5.42 4.43 5.37 1.40 1.40 1.40 1.42 1.42 1.42 1.42 1.42 1.42 1.42 4.63 4.63 4.31 1.42 1.42 1.42 1.42 1.42 1.42 1.45 4.40 4.32 4.32 4.61 4.61 4.61 5.48 4.32 4.32 4.32 4.32
3.86 3.86 3.24 3.24 2.63 3.86 3.86 2.98 4.34 4.34 4.65 4.65 4.65 5.53 5.53 5.53 5.48 4.33 5.53 1.43 5.48 4.65 4.65 4.65 4.67 4.67 4.67 4.35 4.67 4.35 4.67 4.35 4.35 4.67 4.67 4.67 4.35 4.35 4.35 4.35 4.24 4.56 4.56 4.56 4.56 4.56 4.43 4.43 4.43 4.43 5.42 5.37 5.37 1.40 1.40 1.40 1.42 1.42 1.42 1.42 1.42 4.73 4.63 4.63 4.63 4.63 1.42 4.31 4.31 4.73 1.42 1.42 1.45 4.32 4.32 4.32 4.61 4.61 5.48 4.32 4.32 4.32 1.45 1.45
3.86 2.63 2.98 3.24 3.24 3.24 3.24 3.24 5.15 4.94 4.65 4.65 4.65 5.48 5.48 5.53 5.48 5.53 5.53 5.48 5.53 4.65 4.65 4.65 4.67 4.35 4.67 4.67 4.35 4.35 4.35 1.44 1.44 1.44 4.67 4.67 4.35 4.35 4.67 4.67 4.56 4.56 4.56 4.56 4.56 4.56 4.56 4.56 4.56 4.24 4.56 5.42 5.37 1.40 1.40 1.40 1.42 1.42 1.42 1.42 1.42 1.42 4.31 4.31 4.63 4.63 4.63 4.63 4.73 4.73 1.42 1.42 1.45 4.32 4.32 4.61 4.61 4.61 5.41 4.61 4.61 4.32 4.32 4.32
3.82 3.86 3.86 2.98 2.98 3.24 3.24 3.83 5.15 5.48 4.65 4.65 4.65 5.53 5.53 5.53 5.48 5.48 5.48 5.48 5.48 5.48 4.65 4.65 4.67 4.67 4.67 4.67 4.67 4.67 4.35 1.44 1.44 4.67 4.67 4.35 4.67 4.67 4.67 4.67 4.56 4.56 1.40 4.56 1.40 1.40 4.56 4.56 4.56 4.56 4.56 5.42 4.24 5.37 5.37 1.40 1.42 1.42 1.42 1.42 1.42 1.42 1.42 1.42 4.63 4.63 4.63 4.63 4.73 4.73 4.73 1.42 1.45 1.45 4.32 4.61 4.61 4.32 4.32 4.61 4.61 4.32 4.32 4.32
0.00 3.82 3.86 3.83 3.83 3.83 3.83 3.86 5.15 5.53 4.65 4.65 5.53 5.53 5.53 4.65 5.53 4.65 5.53 5.53 5.48 5.48 4.65 4.65 4.67 4.67 4.67 4.67 4.67 4.35 4.35 1.44 1.44 1.44 1.44 4.35 4.35 4.67 4.67 4.67 4.24 4.24 1.40 1.40 1.40 1.40 1.40 4.56 4.56 4.56 4.24 4.24 4.24 4.24 1.40 1.40 1.42 1.42 1.42 1.42 1.42 1.42 1.42 1.42 1.42 4.63 4.63 4.63 4.73 4.31 1.42 1.42 1.45 4.40 4.61 4.61 4.32 4.61 4.32 4.32 5.48 4.61 5.41 4.32
0.00 0.00 3.82 3.86 3.86 3.86 3.86 3.83 5.15 5.53 5.53 5.53 5.53 5.53 5.53 4.65 5.53 5.48 5.48 4.65 4.65 4.65 4.65 4.65 4.67 4.67 4.67 4.67 4.67 4.35 4.35 1.44 1.44 1.44 1.44 4.67 4.67 4.35 4.36 4.36 1.40 1.40 1.40 1.40 1.40 1.40 1.40 4.56 4.56 4.56 5.37 5.37 4.56 4.56 4.24 1.40 1.42 1.42 1.42 1.42 1.42 1.42 1.42 1.42 1.42 4.31 0.00 4.31 4.31 1.42 1.42 1.42 1.45 4.40 4.82 1.45 4.32 4.32 4.32 4.61 5.48 4.61 4.61 4.61
0.00 0.00 0.00 0.00 0.00 0.00 0.00 0.00 5.15 5.48 5.48 5.53 4.65 4.65 4.65 4.65 4.33 4.33 5.48 4.65 4.33 4.65 4.65 4.65 4.67 4.67 4.67 4.67 4.35 4.35 4.35 1.44 1.44 1.44 1.44 4.67 4.35 4.35 4.36 1.44 4.66 1.40 1.40 1.40 1.40 1.40 1.40 1.40 4.24 4.24 4.56 5.37 4.24 4.24 4.24 1.40 1.42 1.42 1.42 1.42 1.42 1.42 1.42 1.42 1.42 0.00 0.00 0.00 4.31 1.42 0.00 0.00 0.00 1.45 4.40 4.82 4.82 4.61 1.45 4.61 4.61 5.48 4.61 4.61
0.00 0.00 0.00 0.00 0.00 0.00 0.00 0.00 0.00 0.00 5.48 5.48 5.53 5.53 4.65 4.65 4.33 4.33 4.65 5.48 4.33 5.53 4.65 4.65 4.67 4.67 4.67 4.35 4.35 1.44 1.44 1.44 1.44 1.44 1.44 1.44 1.44 1.44 1.44 1.44 4.56 4.56 1.40 1.40 1.40 1.40 1.40 1.40 1.40 4.24 4.24 4.24 4.24 4.24 4.24 1.40 1.42 1.42 1.42 1.42 1.42 1.42 1.42 1.42 1.42 0.00 0.00 0.00 0.00 0.00 0.00 0.00 0.00 0.00 0.00 1.45 4.82 1.45 4.61 4.61 4.61 5.48 4.61 4.61
0.00 0.00 0.00 0.00 0.00 0.00 0.00 0.00 0.00 0.00 5.48 5.48 5.48 4.33 4.65 4.65 4.65 4.65 4.33 4.33 4.33 4.33 4.65 4.65 4.67 4.67 4.35 4.35 1.44 1.44 1.44 1.44 1.44 1.44 1.44 1.44 1.44 1.44 1.44 1.44 1.40 1.40 4.56 1.40 1.40 1.40 1.40 1.40 1.40 2.05 4.24 4.24 4.24 4.24 4.24 1.40 1.42 1.42 1.42 1.42 1.42 1.42 1.42 1.42 1.42 1.42 1.42 0.00 0.00 0.00 0.00 0.00 0.00 0.00 0.00 0.00 0.00 4.32 4.32 4.61 4.61 4.61 4.61 4.61
0.00 0.00 0.00 0.00 0.00 0.00 0.00 0.00 0.00 0.00 0.00 0.00 5.62 5.62 4.33 4.33 4.65 4.65 4.33 4.33 1.43 4.33 4.65 4.65 4.67 4.35 4.35 1.44 1.44 1.44 1.44 1.44 1.44 1.44 1.44 1.44 1.44 1.44 1.44 1.44 1.40 1.40 4.66 1.40 1.40 1.40 1.40 1.40 1.40 2.05 4.24 4.24 4.24 4.24 4.24 1.40 1.42 1.42 1.42 1.42 1.42 1.42 1.42 1.42 1.42 1.42 1.42 0.00 0.00 0.00 0.00 0.00 0.00 0.00 0.00 0.00 0.00 5.41 4.32 4.61 4.32 4.61 4.61 4.61
0.00 0.00 0.00 0.00 0.00 0.00 0.00 0.00 0.00 0.00 0.00 0.00 0.00 5.62 5.62 4.33 4.33 4.33 4.33 1.43 5.48 1.43 4.33 4.65 4.67 4.55 4.55 1.44 1.44 1.44 1.44 1.44 1.44 1.44 1.44 1.44 1.44 1.44 1.44 1.44 1.40 1.40 1.40 1.40 1.40 1.40 1.40 1.40 1.40 2.05 1.40 4.24 4.24 4.24 4.24 4.24 1.42 1.42 1.42 1.42 1.42 1.42 1.42 0.00 0.00 0.00 0.00 0.00 0.00 0.00 0.00 0.00 0.00 0.00 0.00 0.00 1.45 4.61 4.32 4.32 4.32 4.32 4.61 4.61
0.00 0.00 0.00 0.00 0.00 0.00 0.00 0.00 0.00 0.00 0.00 0.00 0.00 0.00 5.62 5.62 4.33 4.33 4.33 5.48 5.48 4.33 4.33 4.33 4.35 4.55 1.44 1.44 1.44 1.44 1.44 1.44 1.44 1.44 1.44 1.44 1.44 1.44 1.44 1.44 1.40 1.40 1.40 1.40 1.40 1.40 1.40 1.40 1.40 1.40 1.40 1.40 5.50 4.24 4.24 4.24 1.42 1.42 1.42 1.42 1.42 1.42 0.00 0.00 0.00 0.00 0.00 0.00 0.00 0.00 0.00 0.00 0.00 0.00 0.00 0.00 5.41 5.41 5.48 5.48 5.41 4.32 4.32 4.61
0.00 0.00 0.00 0.00 0.00 0.00 0.00 0.00 0.00 0.00 0.00 0.00 0.00 0.00 0.00 5.62 5.62 5.62 1.43 4.53 5.62 5.62 4.33 1.43 1.44 1.44 1.44 1.44 1.44 1.44 1.44 1.44 1.44 1.44 1.44 1.44 1.44 1.44 1.44 1.44 1.40 1.40 1.40 1.40 1.40 1.40 1.40 1.40 1.40 1.40 1.40 1.40 1.40 4.24 4.24 4.24 1.42 1.42 1.42 1.42 1.42 0.00 0.00 0.00 0.00 0.00 0.00 0.00 0.00 0.00 0.00 0.00 0.00 0.00 0.00 0.00 0.00 5.41 5.41 5.41 5.41 4.32 4.32 4.32
0.00 0.00 0.00 0.00 0.00 0.00 0.00 0.00 0.00 0.00 0.00 0.00 0.00 0.00 0.00 0.00 0.00 5.62 5.62 5.62 5.62 5.62 1.43 1.43 1.44 1.44 1.44 1.44 1.44 1.44 1.44 1.44 1.44 1.44 0.00 0.00 0.00 0.00 0.00 0.00 0.00 0.00 0.00 0.00 0.00 0.00 1.40 1.40 1.40 1.40 1.40 1.40 4.24 4.24 4.24 4.24 1.42 1.42 1.42 1.42 1.42 0.00 0.00 0.00 0.00 0.00 0.00 0.00 0.00 0.00 0.00 0.00 0.00 0.00 0.00 0.00 0.00 0.00 0.00 0.00 0.00 4.32 4.32 4.32
0.00 0.00 0.00 0.00 0.00 0.00 0.00 0.00 0.00 0.00 0.00 0.00 0.00 0.00 0.00 0.00 0.00 0.00 0.00 0.00 0.00 0.00 5.62 1.43 1.44 1.44 1.44 1.44 1.44 1.44 1.44 1.44 1.44 0.00 0.00 0.00 0.00 0.00 0.00 0.00 0.00 0.00 0.00 0.00 0.00 0.00 0.00 0.00 0.00 1.40 1.40 1.40 4.24 4.24 4.24 4.24 4.31 1.42 1.42 1.42 1.42 0.00 0.00 0.00 0.00 0.00 0.00 0.00 0.00 0.00 0.00 0.00 0.00 0.00 0.00 0.00 0.00 0.00 0.00 0.00 0.00 1.45 4.32 4.32
0.00 0.00 0.00 0.00 0.00 0.00 0.00 0.00 0.00 0.00 0.00 0.00 0.00 0.00 0.00 0.00 0.00 0.00 0.00 0.00 0.00 0.00 0.00 5.62 1.44 1.44 1.44 1.44 1.44 1.44 1.44 1.44 0.00 0.00 0.00 0.00 0.00 0.00 0.00 0.00 0.00 0.00 0.00 0.00 0.00 0.00 0.00 0.00 0.00 0.00 1.40 1.40 1.40 1.40 4.24 4.24 4.31 1.42 1.42 1.42 4.31 0.00 0.00 0.00 0.00 0.00 0.00 0.00 0.00 0.00 0.00 0.00 0.00 0.00 0.00 0.00 0.00 0.00 0.00 0.00 0.00 4.32 1.45 4.32
0.00 0.00 0.00 0.00 0.00 0.00 0.00 0.00 0.00 0.00 0.00 0.00 0.00 0.00 0.00 0.00 0.00 0.00 0.00 0.00 0.00 0.00 0.00 0.00 0.00 0.00 0.00 0.92 0.92 0.92 0.92 0.00 0.00 0.00 0.00 0.00 0.00 0.00 0.00 0.00 0.00 0.00 0.00 0.00 0.00 0.00 0.00 0.00 0.00 0.00 0.91 0.91 0.91 0.91 2.77 2.77 2.74 2.74 2.74 0.90 0.90 2.74 0.00 0.00 0.00 0.00 0.00 0.00 0.00 0.00 0.00 0.00 0.00 0.00 0.00 0.00 0.00 0.00 0.00 0.00 0.00 0.00 3.53 0.90
0.00 0.00 0.00 0.00 0.00 0.00 0.00 0.00 0.00 0.00 0.00 0.00 0.00 0.00 0.00 0.00 0.00 0.00 0.00 0.00 0.00 0.00 0.00 0.00 0.00 0.00 0.00 0.00 0.92 0.92 0.00 0.00 0.00 0.00 0.00 0.00 0.00 0.00 0.00 0.00 0.00 0.00 0.00 0.00 0.00 0.00 0.00 0.00 0.00 0.00 0.91 0.91 0.91 0.91 2.77 2.77 2.74 2.74 2.74 2.74 0.90 0.90 0.90 0.90 0.00 0.00 0.00 0.00 0.00 0.00 0.00 0.00 0.00 0.00 0.00 0.00 0.00 0.00 0.00 0.00 0.00 0.00 0.00 0.90
0.00 0.00 0.00 0.00 0.00 0.00 0.00 0.00 0.00 0.00 0.00 0.00 0.00 0.00 0.00 0.00 0.00 0.00 0.00 0.00 0.00 0.00 0.00 0.00 0.00 0.00 0.00 0.00 0.92 0.92 0.00 0.00 0.00 0.00 0.00 0.00 0.00 0.00 0.00 0.00 0.00 0.00 0.00 0.00 0.00 0.00 0.00 0.00 0.00 0.00 0.91 0.91 0.91 0.91 2.77 2.77 2.74 2.74 2.74 2.74 0.90 0.90 2.74 2.74 0.00 0.00 0.00 0.00 0.00 0.00 0.00 0.00 0.00 0.00 0.00 0.00 0.00 0.00 0.00 0.00 0.00 0.00 0.00 0.00
0.00 0.00 0.00 0.00 0.00 0.00 0.00 0.00 0.00 0.00 0.00 0.00 0.00 0.00 0.00 0.00 0.00 0.00 0.00 0.00 0.00 0.00 0.00 0.00 0.00 0.00 0.00 0.00 3.61 0.00 0.00 0.00 0.00 0.00 0.00 0.00 0.00 0.00 0.00 0.00 0.00 0.00 0.00 0.00 0.00 0.00 0.00 0.00 0.00 0.00 0.91 0.91 0.91 0.91 2.77 2.77 2.74 2.74 2.74 2.74 2.74 2.74 2.74 2.74 0.00 0.00 0.00 0.00 0.00 0.00 0.00 0.00 0.00 0.00 0.00 0.00 0.00 0.00 0.00 0.00 0.00 0.00 0.00 0.00
