New_Model_Runs/11_Future_RCP4.5_Scn1_out/post_prcessed_with_MFR/Monthly_summaries/actual_et_monthly_MAR.asc
NCOLS 700
NROWS 400
XLLCENTER 515000.000000
YLLCENTER 8409000.000000
CELLSIZE 50.000000
NODATA_value -999.000000
[rows 266 to 303 of 400, columns 168 to 251 of 700]
4.02 4.02 4.02 5.21 4.02 4.02 1.32 1.32 1.37 1.37 1.37 1.37 1.37 1.37 1.37 1.37 1.37 1.37 1.37 1.37 1.37 1.37 1.37 1.37 1.25 1.25 1.25 1.25 1.25 4.18 4.18 3.80 3.80 3.80 1.25 1.25 1.25 1.25 1.25 1.25 1.33 1.33 1.33 4.43 1.33 1.33 4.03 4.03 4.03 4.43 4.42 4.42 4.42 4.42 4.43 4.43 4.19 4.19 4.19 4.19 4.19 4.19 3.82 3.82 4.19 4.95 4.95 4.95 3.82 4.19 4.19 4.19 5.22 5.22 5.22 5.22 5.22 3.95 5.22 4.42 4.42 4.42 4.02 4.02
4.41 4.41 4.41 5.21 4.42 4.42 1.32 1.32 1.37 1.37 1.37 1.37 1.37 1.37 1.37 1.37 1.37 1.37 1.37 1.37 1.37 1.37 1.37 1.37 1.25 1.25 1.25 1.25 1.25 4.18 4.18 3.80 4.18 4.18 1.25 1.25 1.25 1.25 1.25 1.25 1.33 1.33 1.33 4.43 4.43 1.33 4.03 4.03 4.03 4.43 4.42 4.42 4.42 4.42 4.42 4.43 4.19 4.19 4.95 4.19 4.19 4.19 4.19 3.82 3.82 4.19 4.95 4.95 3.82 4.19 4.19 4.19 5.22 5.22 5.22 5.22 3.95 5.20 5.20 5.20 5.20 5.20 4.42 4.42
4.02 4.02 5.21 5.21 4.41 4.41 4.40 1.32 1.37 1.37 1.37 1.37 1.37 1.37 1.37 1.37 1.37 1.37 1.37 1.37 1.37 1.37 1.37 1.37 1.25 1.25 1.25 1.25 1.25 3.80 4.18 4.18 4.18 4.18 1.25 1.25 1.25 1.25 1.25 1.25 1.33 4.43 4.43 1.33 4.43 4.43 4.03 4.43 4.43 4.43 4.42 4.42 4.42 4.42 4.42 4.42 4.19 4.19 3.82 4.19 4.19 4.19 4.19 4.95 4.95 4.95 4.95 4.95 4.95 4.19 4.19 4.19 5.22 5.22 5.22 3.95 5.22 4.42 5.22 4.42 4.02 5.20 5.20 4.42
5.21 5.15 5.21 5.21 4.41 4.41 1.32 1.32 1.37 1.37 1.37 4.16 4.16 4.16 1.37 1.37 1.37 1.37 1.37 1.37 1.37 1.37 1.37 1.37 1.25 1.25 1.25 4.93 1.25 3.80 3.80 4.18 4.18 1.25 1.25 1.25 1.25 1.25 1.25 1.25 4.03 4.43 4.43 4.43 4.43 4.43 4.43 4.43 4.43 4.43 4.42 4.42 1.33 1.33 1.33 4.03 3.82 4.19 4.95 4.95 4.19 4.19 4.19 4.19 3.82 4.95 4.95 4.95 4.95 4.19 4.95 4.19 4.42 5.22 5.22 5.22 4.02 4.02 5.20 5.22 4.02 4.42 5.20 5.20
5.21 4.02 5.21 4.41 4.41 4.41 1.32 1.32 1.37 4.16 5.28 4.16 4.16 4.16 1.37 1.37 1.37 1.37 1.37 1.37 1.37 1.37 1.37 1.37 1.25 1.25 1.25 1.25 1.25 3.80 4.18 4.18 4.18 1.25 1.25 1.25 1.25 1.25 1.25 1.25 4.43 4.43 4.03 4.43 4.43 4.43 4.43 5.22 5.22 4.03 4.03 4.03 1.33 4.03 4.03 4.03 3.82 4.19 4.19 4.19 4.19 4.19 4.19 4.19 4.95 3.82 4.95 4.95 4.19 4.19 4.95 4.19 5.22 5.22 5.22 5.22 4.02 4.02 4.42 4.42 4.02 4.02 4.42 4.02
4.41 5.21 3.99 4.02 4.41 4.02 1.32 1.32 1.37 4.16 4.16 4.16 4.16 4.16 1.37 1.37 4.16 1.37 1.37 1.37 2.01 1.37 1.37 1.37 1.25 1.25 1.25 1.25 4.18 4.18 4.18 4.18 4.18 4.18 1.25 1.25 1.25 1.25 1.25 1.25 4.43 4.43 4.43 4.43 4.43 4.43 4.43 5.22 5.22 4.03 4.03 1.33 1.33 1.33 4.42 4.42 4.19 4.19 4.95 4.19 4.19 3.82 4.19 4.95 4.95 4.95 4.95 4.95 4.95 4.95 4.95 3.86 4.42 5.22 5.22 4.02 4.02 4.02 4.02 5.22 4.02 4.02 4.02 4.02
4.41 5.21 5.21 4.02 4.02 1.32 1.32 1.32 1.37 4.16 4.16 4.16 4.16 1.37 1.37 4.16 4.16 4.16 4.56 4.56 4.57 5.39 2.01 1.37 1.25 1.25 4.02 4.16 4.16 4.16 4.16 4.16 4.16 4.16 3.80 3.80 1.25 3.80 1.25 1.25 1.33 1.33 4.20 4.20 4.20 4.20 4.20 4.87 4.87 1.33 1.33 1.33 1.33 1.33 1.33 4.42 4.19 4.19 3.86 3.86 4.95 4.95 4.19 4.95 4.95 3.86 3.86 4.95 3.82 4.95 4.95 4.95 5.22 5.22 5.22 4.02 5.20 4.02 4.02 5.20 5.20 4.02 4.02 4.02
4.41 5.21 4.41 4.02 1.32 1.32 1.32 1.32 4.16 4.16 4.16 4.16 4.16 1.37 1.37 1.37 4.16 4.56 4.56 4.56 4.49 4.34 4.34 2.01 1.25 1.25 4.16 4.16 4.16 4.16 4.16 4.16 4.16 4.16 4.16 4.02 4.02 3.80 1.25 1.25 1.33 1.33 4.20 4.20 4.20 4.20 4.20 4.87 4.01 4.01 1.33 4.03 4.03 4.42 4.42 4.03 4.19 4.95 4.95 4.95 4.95 4.95 4.95 4.95 4.95 3.86 4.95 4.95 4.19 4.95 4.95 3.86 3.95 5.22 5.22 5.20 5.20 4.02 4.02 5.20 5.22 5.22 4.02 4.02
5.38 5.38 5.38 1.39 1.39 4.22 4.22 4.22 4.15 4.15 4.15 4.15 4.15 4.15 1.37 1.37 4.15 4.15 4.51 4.51 4.46 1.37 1.37 1.37 1.34 1.34 1.34 4.39 4.39 4.39 4.39 4.39 4.39 4.39 4.39 4.19 4.19 4.19 1.34 1.97 2.01 4.25 4.25 4.25 4.25 4.25 4.25 5.07 4.91 4.25 4.25 4.25 4.16 4.55 4.55 4.55 1.30 5.11 3.94 5.11 5.10 5.10 5.10 4.33 5.10 5.11 5.11 5.11 5.11 3.90 3.90 3.90 3.93 5.28 5.26 5.26 5.26 5.28 4.07 5.28 5.26 5.28 4.07 4.07
4.22 5.38 5.38 1.39 1.39 4.22 4.51 4.22 4.15 4.15 4.39 4.15 4.15 4.15 1.37 1.37 1.37 1.37 4.51 4.51 4.46 1.37 1.37 1.37 1.34 1.34 1.34 1.34 4.39 4.39 4.39 4.39 4.39 4.39 5.24 1.34 1.34 4.19 1.34 1.34 1.37 1.37 4.25 4.25 4.25 4.25 4.25 4.25 4.25 4.25 4.25 4.25 4.25 4.16 4.55 4.16 1.30 3.94 3.94 4.33 5.11 5.10 4.33 4.33 5.11 5.10 5.11 5.11 5.11 5.11 3.90 3.90 5.28 4.47 4.07 4.07 4.47 4.47 4.47 4.47 4.47 4.07 4.07 5.26
5.25 5.38 5.38 1.39 1.39 4.22 2.04 4.22 4.15 4.15 4.15 4.15 4.15 4.15 1.37 1.37 1.37 1.37 4.51 4.46 1.37 1.37 1.37 1.37 1.34 1.34 1.34 4.08 4.39 4.39 4.39 4.39 4.39 4.39 4.39 5.16 4.03 1.34 1.34 1.34 4.25 4.09 4.25 4.25 4.25 4.25 1.37 4.09 4.91 5.07 4.25 4.25 4.25 4.09 4.25 4.55 3.94 1.30 5.11 5.11 4.33 4.33 4.33 5.11 5.11 5.10 5.11 5.11 5.11 3.90 5.11 5.11 5.28 5.26 4.07 4.47 4.47 5.28 4.47 4.47 4.47 4.07 4.07 5.26
5.47 4.55 4.55 4.22 1.39 4.22 4.51 4.20 4.15 4.39 4.15 4.15 4.15 1.37 1.37 1.37 1.37 1.37 1.37 4.34 1.37 1.37 1.37 1.37 1.34 1.34 1.34 4.08 4.39 4.39 4.39 4.39 4.39 4.39 5.24 5.24 4.19 1.34 4.19 4.19 4.09 4.09 4.25 4.25 4.09 4.09 1.37 1.37 4.25 4.91 4.25 4.25 4.25 4.25 4.25 4.09 3.94 3.94 5.11 5.11 5.11 4.33 4.33 5.11 3.90 5.11 5.10 5.11 5.11 4.33 4.33 5.10 4.47 5.28 4.07 4.47 4.47 4.47 5.28 5.26 5.26 4.07 4.07 4.47
5.38 4.55 5.38 1.39 1.39 4.51 4.51 4.42 4.39 4.39 1.37 1.37 1.37 1.37 1.37 1.37 1.37 1.37 1.37 1.37 1.37 1.37 1.37 1.37 1.34 1.34 1.34 4.08 4.08 4.39 4.08 4.08 4.08 4.08 5.24 5.24 4.19 1.34 1.34 4.19 4.25 4.25 4.25 1.37 1.37 1.37 1.37 1.37 4.09 4.91 4.25 4.25 4.25 4.25 4.25 4.25 3.91 5.11 5.11 5.11 5.11 5.11 5.11 5.11 5.11 3.90 3.90 3.90 5.10 5.10 5.10 4.33 5.28 5.28 5.28 5.26 4.47 4.07 4.07 4.47 4.47 4.07 4.07 4.47
5.25 5.38 4.55 4.51 1.39 4.51 4.51 2.04 4.39 4.47 1.37 1.37 1.37 1.37 1.37 1.37 1.37 1.37 1.37 1.37 1.37 1.37 1.37 1.37 1.34 1.34 1.34 4.08 4.08 4.39 4.08 4.26 1.34 4.08 5.24 4.03 1.34 1.97 4.03 4.19 4.25 4.25 4.09 1.37 1.37 1.37 1.37 1.37 4.09 4.25 4.25 4.25 4.25 4.25 4.25 4.25 4.08 4.16 3.94 5.10 4.33 5.11 5.11 5.11 5.11 3.90 3.90 3.90 5.10 5.10 3.94 4.33 5.26 5.26 5.26 5.26 4.47 4.47 4.47 4.07 4.07 4.07 4.07 5.28
5.25 5.38 4.55 4.55 1.39 4.22 4.22 4.51 4.15 1.37 1.37 1.37 4.47 2.01 1.37 1.37 4.47 4.15 4.47 4.39 5.32 1.37 1.37 1.37 1.34 1.34 1.34 4.08 4.08 4.08 5.24 5.24 4.08 5.16 5.24 4.03 1.97 4.03 4.19 4.19 4.25 4.09 4.09 4.09 1.37 1.37 4.09 4.09 4.25 4.25 4.25 4.25 4.25 5.07 4.25 4.25 4.16 4.16 4.16 3.94 4.33 4.33 5.11 3.90 5.11 3.90 5.11 4.33 4.33 3.94 3.94 4.33 4.47 4.47 4.47 4.47 4.47 4.47 4.47 4.47 4.07 4.07 4.07 4.07
5.38 5.38 5.38 5.38 1.39 1.39 1.39 1.39 4.34 1.37 1.37 1.37 4.51 5.33 5.28 1.37 4.47 1.37 1.37 4.39 4.46 4.15 4.15 1.37 1.34 4.08 4.08 4.08 4.39 5.16 4.39 5.24 4.39 5.16 4.08 4.03 4.03 4.03 4.19 4.19 4.09 4.09 4.25 4.09 4.09 4.09 4.25 4.09 4.91 4.25 4.25 4.25 4.25 5.07 4.91 4.34 4.16 4.16 4.16 4.16 5.11 5.11 5.11 5.11 5.11 5.10 5.10 5.10 4.33 3.94 3.94 4.33 4.47 4.47 4.07 4.07 4.07 4.47 4.47 4.47 4.47 4.47 4.07 4.07
5.25 5.25 5.25 5.38 4.51 1.39 1.39 1.39 4.34 1.37 1.37 4.34 4.51 4.51 5.21 5.33 5.33 4.15 5.23 5.32 4.46 4.15 4.15 4.15 4.40 5.24 4.08 4.39 4.39 4.39 5.24 5.24 5.16 5.24 4.86 4.03 4.03 4.03 4.03 4.03 4.09 4.09 4.25 4.09 4.09 4.25 4.25 4.91 4.09 4.25 4.25 4.25 4.09 5.07 4.91 5.05 4.16 4.16 4.16 4.16 4.27 5.11 3.90 3.90 4.33 5.10 4.33 4.33 4.33 3.94 4.33 4.33 4.47 4.47 4.07 4.07 4.47 4.47 5.26 4.47 4.47 4.07 4.47 4.47
4.22 5.25 5.38 4.05 5.38 1.39 1.39 1.39 1.37 1.37 1.37 1.37 1.37 1.37 5.21 4.02 5.33 4.51 5.32 3.49 5.23 5.32 5.33 5.33 3.46 5.24 4.39 4.39 5.24 5.24 3.46 5.25 5.25 3.45 1.97 4.03 4.03 4.03 4.03 4.03 4.09 4.09 4.09 4.09 4.09 4.09 4.25 4.25 4.25 4.25 5.07 4.91 4.09 5.07 2.01 1.37 4.98 4.98 4.16 4.16 4.27 5.09 5.11 5.11 3.94 5.10 4.33 4.33 4.33 3.94 3.94 4.33 4.47 4.47 4.07 4.07 4.47 4.47 5.26 4.47 4.47 4.07 4.47 4.07
4.22 5.39 5.26 5.26 4.55 4.22 1.39 5.32 5.33 1.37 1.37 4.15 1.37 5.21 4.02 4.02 5.33 5.21 5.33 5.32 3.49 5.33 5.34 5.33 5.25 5.25 5.25 3.46 3.46 5.25 3.46 5.25 5.26 3.46 1.97 1.97 4.19 4.03 4.03 4.03 1.37 4.25 4.25 4.25 4.25 4.25 4.09 4.91 4.25 4.25 4.25 4.91 4.09 4.09 5.07 4.25 4.08 4.98 3.94 3.94 4.27 5.09 5.09 4.33 5.11 4.33 4.33 4.33 4.33 3.94 3.94 4.33 4.47 4.47 4.47 4.47 4.47 4.47 4.47 4.47 4.07 4.07 4.47 4.07
5.39 5.26 4.56 4.22 5.39 4.51 5.32 5.25 5.33 5.21 5.21 4.15 5.33 5.34 5.34 4.02 5.22 5.22 5.33 5.33 5.33 5.25 5.25 5.33 4.40 4.41 3.46 3.46 5.18 3.46 3.46 3.46 5.25 3.46 4.03 4.03 1.97 1.34 1.34 1.34 4.09 4.25 4.25 4.25 4.25 4.25 4.09 4.91 4.25 4.25 4.25 4.25 4.25 5.07 4.91 4.25 4.08 4.74 4.98 3.94 4.27 5.09 5.09 4.27 4.33 5.11 5.10 5.11 5.11 4.33 4.33 4.33 4.47 4.47 4.47 4.47 4.47 4.47 4.47 4.07 4.07 4.47 4.47 5.28
5.39 5.26 4.22 4.22 4.22 4.22 5.32 5.38 2.01 5.21 5.33 5.34 5.34 4.02 5.34 5.22 4.02 3.50 4.15 4.47 4.47 5.25 5.25 5.33 5.25 5.18 3.46 5.18 5.18 5.25 3.46 5.25 3.46 5.25 3.46 5.25 4.40 4.40 4.40 4.24 1.37 4.25 4.25 4.25 4.09 4.09 4.09 4.09 4.09 4.09 4.09 4.09 4.09 4.09 4.09 4.09 3.91 4.08 4.08 4.98 4.98 5.09 5.09 4.27 4.27 5.11 5.11 5.11 5.10 5.11 4.33 4.33 4.47 4.47 4.47 4.47 4.47 4.47 4.07 4.07 5.28 4.48 4.48 4.48
5.39 5.39 5.26 5.39 4.22 5.17 5.39 5.26 5.21 4.02 5.34 5.34 5.34 4.02 5.34 5.22 5.22 5.25 4.15 4.15 4.15 4.47 5.25 4.15 4.40 4.40 5.25 5.18 5.18 3.46 3.46 5.18 5.25 5.25 5.25 5.25 4.40 4.40 4.40 4.40 1.37 1.37 4.25 4.25 4.09 4.09 5.07 4.91 5.07 4.09 4.09 4.09 4.09 4.25 4.09 4.09 3.91 4.74 4.08 3.91 4.74 5.09 5.09 4.27 5.09 4.86 4.33 4.33 4.33 4.33 4.33 4.33 5.28 5.28 4.46 4.46 4.46 4.46 4.07 4.48 4.48 5.28 5.28 4.48
4.05 4.05 5.39 5.39 5.26 5.26 4.05 5.26 5.34 5.34 4.51 4.51 5.22 4.51 4.51 4.51 5.22 5.25 4.15 4.15 4.15 5.25 5.25 4.47 4.40 4.40 4.40 5.25 4.40 5.25 5.25 5.18 4.40 4.40 3.46 5.25 5.18 4.40 4.40 4.40 4.47 4.47 1.37 4.09 1.37 5.07 4.09 4.90 4.09 4.09 1.37 1.37 4.25 4.09 4.09 4.09 3.91 4.74 4.88 4.88 4.88 3.37 5.09 5.09 5.03 4.27 4.16 4.33 5.10 4.33 4.33 4.33 4.46 4.46 4.46 4.48 5.28 5.28 4.07 5.28 5.28 5.28 5.28 5.28
5.26 5.39 5.26 5.39 5.39 5.39 5.39 4.05 4.02 5.22 4.51 4.51 4.02 5.34 4.51 4.51 4.15 1.37 4.15 5.25 5.33 5.33 4.47 4.47 4.40 4.40 4.40 4.40 4.40 5.18 5.18 4.40 4.08 4.08 5.25 5.25 4.40 4.40 4.40 4.40 4.47 4.47 1.37 1.37 1.37 4.30 4.09 4.90 4.25 4.09 4.09 1.37 1.37 1.37 1.37 1.37 3.91 4.88 4.08 4.08 5.09 5.09 4.27 5.09 5.03 5.03 5.03 4.27 4.33 4.33 4.33 4.33 4.48 4.48 4.48 4.48 5.28 5.28 5.28 5.28 5.28 5.28 5.28 5.26
5.15 5.30 4.19 4.19 5.30 5.15 3.96 5.30 3.95 3.95 5.28 5.28 5.28 5.28 4.46 4.14 4.46 4.44 4.14 4.14 4.14 4.44 4.44 4.44 4.44 4.44 4.44 4.44 4.44 4.44 4.14 5.31 5.31 4.14 4.44 5.31 5.31 4.14 4.44 4.44 4.45 4.45 4.07 1.37 4.07 4.07 4.07 4.07 4.07 4.07 4.07 4.07 1.37 1.37 4.28 4.28 3.91 3.91 4.87 3.27 5.10 4.27 4.27 5.10 5.10 5.02 5.02 5.02 3.95 4.34 4.34 4.34 4.04 4.04 4.04 4.04 4.04 5.24 4.44 5.24 5.24 5.24 5.21 5.21
5.15 5.15 5.15 5.30 5.30 5.15 5.30 5.30 5.28 3.95 5.14 5.14 5.14 5.28 4.46 4.46 4.44 4.44 4.14 4.14 4.14 4.14 4.44 4.44 4.44 4.44 4.44 4.44 4.44 4.44 4.14 4.14 5.31 5.31 5.22 4.44 4.44 3.46 4.44 4.44 4.45 4.45 4.22 1.37 4.07 4.07 4.07 1.37 1.37 1.37 4.07 4.07 1.37 1.37 1.37 4.28 3.91 3.91 4.71 3.27 3.34 5.02 4.27 4.27 4.27 4.27 4.27 5.02 5.10 4.15 4.34 4.34 4.44 4.04 4.04 5.24 4.04 4.04 5.24 5.24 5.24 5.21 5.21 5.21
5.15 5.30 5.30 5.15 4.48 4.19 4.19 5.15 4.46 5.28 4.14 4.14 5.14 3.95 5.14 5.28 4.44 4.44 4.14 4.14 4.14 4.14 4.14 4.44 4.44 4.44 4.44 4.14 4.44 4.44 4.44 4.44 4.14 5.31 4.44 4.44 4.44 4.44 4.44 4.14 4.45 4.45 4.16 1.37 4.07 4.07 4.07 1.37 1.37 1.37 1.37 1.37 1.37 1.37 1.37 1.37 1.30 3.91 3.91 3.27 5.10 4.27 5.10 4.27 4.27 4.27 4.27 4.27 3.95 1.30 4.15 4.34 4.44 4.44 4.04 4.04 4.04 4.04 5.24 5.21 5.21 5.21 5.21 5.21
5.30 5.15 5.30 5.30 5.30 5.15 4.19 5.30 4.46 5.28 4.46 4.14 4.14 4.46 5.14 5.14 5.31 4.44 4.14 4.14 4.14 4.14 4.44 4.44 4.44 4.44 4.44 4.14 4.44 4.44 4.44 5.22 5.31 5.31 4.44 4.44 4.14 4.14 4.14 5.22 4.45 4.16 4.16 2.01 1.37 4.22 1.37 1.37 1.37 1.37 1.37 1.37 1.37 4.07 4.22 1.37 1.30 1.91 4.71 4.87 5.10 3.95 3.95 5.10 4.27 4.27 4.27 3.95 3.95 3.95 3.95 4.27 4.04 4.44 4.04 4.04 4.04 5.24 5.24 5.24 5.21 5.21 5.21 5.21
3.96 5.30 5.15 5.30 5.30 5.15 4.48 4.48 4.14 5.14 4.46 4.46 4.46 4.46 5.28 4.46 3.46 3.46 5.31 5.31 5.22 5.22 4.44 4.44 4.44 5.31 5.22 4.14 4.44 4.44 5.22 5.31 5.31 5.22 4.44 4.44 4.44 4.44 4.44 5.31 4.16 4.16 4.16 5.21 5.21 1.37 1.37 1.37 1.37 1.37 1.37 4.07 4.07 4.07 4.07 4.07 1.30 1.30 4.87 4.71 3.34 4.27 4.27 3.34 5.10 5.02 5.02 5.02 3.95 4.27 4.27 4.27 4.34 4.34 4.04 4.44 5.24 5.21 5.24 5.24 5.24 3.86 3.86 5.21
3.96 5.30 5.30 5.15 4.19 4.48 4.48 4.48 4.14 5.14 5.28 5.28 4.46 4.46 4.46 4.46 4.44 5.31 3.46 3.46 5.22 5.31 3.46 5.31 4.44 5.22 5.31 4.44 4.44 5.31 5.22 5.31 5.31 4.44 5.31 4.14 4.44 5.31 5.22 5.31 4.45 4.45 4.45 4.16 5.21 5.21 5.21 4.87 4.87 1.37 1.37 4.07 4.22 4.22 4.07 4.22 1.30 1.30 1.30 1.30 5.10 4.27 4.27 5.10 5.10 5.10 4.27 4.27 5.02 5.10 4.27 4.27 4.34 4.34 4.04 5.24 5.24 5.24 5.24 5.24 5.21 5.24 5.24 5.21
3.96 5.30 5.15 5.15 5.15 4.19 4.19 4.19 4.14 4.14 4.14 5.28 5.14 4.46 4.46 4.44 4.44 5.22 5.31 5.31 3.46 5.31 5.31 5.22 5.22 5.22 4.14 4.44 4.14 4.44 4.44 5.31 5.31 5.31 4.44 4.44 4.44 4.44 5.22 5.22 5.32 5.32 5.32 4.16 5.21 4.16 5.21 5.21 4.87 1.37 1.37 1.37 4.22 4.22 4.22 4.22 1.30 1.30 1.30 1.30 5.10 5.10 4.27 4.27 4.27 4.27 5.10 5.02 5.10 3.95 3.95 4.27 4.34 4.04 4.04 4.04 5.24 5.24 5.24 5.24 5.24 5.24 4.43 5.21
3.96 5.30 5.15 5.15 5.30 4.19 4.19 4.19 4.14 4.14 4.14 4.14 5.28 4.14 5.28 5.22 4.44 5.31 4.14 4.14 5.31 5.31 5.31 5.31 5.31 5.22 5.22 5.31 4.14 5.31 5.22 4.44 5.31 5.31 4.44 4.44 5.22 4.44 4.44 5.22 4.45 4.45 4.45 4.45 4.45 4.16 5.21 5.21 5.21 1.37 1.37 1.37 1.37 4.22 4.22 4.22 1.30 1.30 3.91 3.95 5.10 3.34 4.27 4.27 3.95 3.95 4.27 4.27 5.02 4.27 5.10 5.02 4.34 4.04 4.04 4.04 4.04 4.44 5.24 5.24 5.24 5.24 5.24 4.43
5.30 5.30 5.15 5.15 5.15 4.19 4.19 4.19 4.14 4.14 5.28 5.28 5.14 4.14 4.14 5.31 5.22 4.44 4.14 4.14 4.44 5.31 4.44 5.31 5.31 5.31 5.31 4.14 5.31 5.31 5.31 5.31 5.31 5.31 5.31 5.22 5.22 5.22 4.44 4.44 4.45 4.45 4.45 4.45 4.45 4.16 4.16 4.16 1.37 1.37 1.37 1.37 1.37 1.37 4.07 1.37 1.30 3.91 3.91 3.95 5.10 5.02 4.27 4.27 5.10 3.95 5.02 4.27 4.27 4.27 4.27 5.02 4.34 4.04 5.11 5.10 5.19 3.37 3.87 5.24 4.04 4.43 5.24 4.43
4.19 4.19 5.15 3.96 4.19 4.19 5.30 4.19 4.14 4.14 4.14 5.28 5.28 4.46 4.14 5.22 5.22 5.31 5.31 4.44 4.44 4.44 4.44 4.44 5.31 5.22 5.31 5.31 5.31 3.46 5.31 3.46 3.46 3.46 4.44 4.44 5.22 5.22 5.31 4.44 4.45 4.45 4.45 4.45 4.45 4.45 4.16 4.45 4.45 4.45 4.07 1.37 1.37 1.37 4.07 1.37 4.71 3.91 4.27 3.95 4.27 5.02 3.95 4.27 5.02 5.02 5.02 4.27 3.95 4.27 4.27 4.27 4.34 5.19 5.19 5.10 5.11 5.19 3.37 4.44 5.24 5.24 5.21 5.24
4.48 4.48 4.48 3.96 5.30 4.48 4.48 5.30 5.28 4.46 4.46 5.14 4.46 4.46 5.28 5.31 5.22 5.22 5.22 4.44 5.31 4.44 4.14 4.44 4.44 5.31 5.31 3.46 5.31 5.31 5.22 5.31 5.31 3.46 5.31 4.45 5.31 5.31 4.44 4.44 4.45 4.45 4.45 4.45 4.45 4.45 4.45 4.45 4.45 4.45 4.16 4.45 1.37 1.37 1.37 1.37 4.07 4.27 3.95 3.95 5.10 3.95 3.95 4.27 5.02 4.27 4.27 5.10 5.10 4.27 4.27 3.95 5.19 5.11 5.11 5.19 5.19 5.19 3.37 3.37 3.87 5.24 5.21 5.21
4.48 4.48 4.19 5.30 5.30 5.15 5.15 4.48 4.46 4.46 4.46 5.14 4.46 4.46 4.44 4.44 5.31 5.31 5.31 5.22 4.44 4.44 4.44 5.22 4.44 4.44 5.22 5.31 5.31 5.31 5.31 5.31 5.22 5.31 5.31 5.31 3.46 4.44 4.14 4.14 4.45 5.32 5.32 4.45 4.45 4.45 5.23 5.23 4.45 4.16 4.45 4.45 4.45 4.45 4.07 1.37 4.27 4.27 4.27 3.95 5.10 4.27 3.95 4.27 5.02 4.27 4.27 4.27 5.10 5.10 5.10 5.02 3.37 3.37 5.19 5.11 5.19 5.11 5.19 3.37 5.19 5.24 5.21 5.21
4.19 4.19 4.48 4.48 5.30 3.96 5.15 4.48 4.14 4.46 5.28 5.28 3.95 4.46 4.44 5.31 5.31 5.31 5.31 4.44 4.44 4.44 4.44 4.44 4.44 4.44 5.22 5.31 5.22 5.31 4.44 5.22 4.44 5.31 4.44 4.14 5.31 5.31 3.46 5.31 4.45 5.23 5.23 5.23 4.45 4.45 5.23 5.23 5.23 5.23 5.23 4.45 4.45 4.45 4.07 4.45 4.27 4.27 4.27 4.27 5.10 4.27 4.27 4.27 3.95 4.27 4.27 4.27 5.10 4.27 4.27 5.10 5.19 3.37 5.19 5.19 5.19 4.91 5.04 3.37 3.37 5.04 5.24 5.24
4.19 5.30 5.30 5.15 5.30 3.96 5.15 5.15 4.14 4.46 5.28 5.28 5.28 4.46 4.44 4.44 5.31 5.31 5.31 4.44 4.14 4.44 5.22 4.44 4.14 5.31 5.31 4.14 5.31 4.14 4.14 4.44 4.44 4.14 4.44 4.44 4.14 5.22 5.22 3.46 5.32 5.23 4.45 4.45 4.45 4.16 4.16 4.45 4.45 4.45 4.45 4.16 4.16 4.45 1.37 4.45 4.27 4.27 4.27 5.02 5.02 4.27 5.02 4.27 4.27 4.27 4.27 4.27 4.27 3.95 5.02 4.27 5.10 5.19 5.19 5.19 5.19 4.91 5.04 4.21 5.04 5.04 5.04 5.24
