New_Model_Runs/11_Future_RCP4.5_Scn1_out/post_prcessed_with_MFR/Monthly_summaries/actual_et_monthly_SEP.asc
NCOLS 700
NROWS 400
XLLCENTER 515000.000000
YLLCENTER 8409000.000000
CELLSIZE 50.000000
NODATA_value -999.000000
[rows 190 to 227 of 400, columns 84 to 167 of 700]
0.00 0.00 0.00 0.00 0.00 0.00 0.00 0.00 0.00 0.00 0.00 0.00 0.00 0.00 0.00 0.00 0.00 0.00 0.00 0.00 0.00 0.00 0.00 0.00 0.00 0.78 0.78 0.78 1.18 1.18 1.18 1.18 1.18 1.18 1.18 1.18 1.18 1.18 1.18 1.18 1.18 1.18 1.18 1.18 1.12 1.12 1.12 1.12 1.12 1.12 1.12 1.12 1.12 1.12 1.12 1.12 1.12 1.12 1.12 1.12 1.10 1.10 1.10 1.10 1.10 1.10 1.10 1.10 1.10 1.10 1.10 1.10 1.10 1.10 1.10 1.10 1.12 1.12 1.12 1.12 1.12 1.12 1.12 1.12
0.00 0.00 0.00 0.00 0.00 0.00 0.00 0.00 0.00 0.00 0.00 0.00 0.00 0.00 0.00 0.00 0.00 0.00 0.00 0.00 0.00 0.00 0.00 0.00 0.00 0.78 2.38 1.15 3.59 1.18 1.18 1.18 1.18 1.18 1.18 1.18 1.18 1.18 1.18 1.18 1.18 1.18 1.18 1.18 1.12 1.12 1.12 1.12 1.12 1.12 1.12 1.12 1.12 1.12 1.12 1.12 1.12 1.12 1.12 1.12 1.10 1.10 1.10 1.10 1.10 1.10 1.10 1.10 1.10 1.10 1.10 1.10 1.10 1.10 1.10 1.10 1.12 1.12 1.12 1.12 1.12 1.12 1.12 1.12
0.00 0.00 0.00 0.00 0.00 0.00 0.00 0.00 0.00 0.00 0.00 0.00 0.00 0.00 0.00 0.00 0.00 0.00 0.00 0.00 0.00 0.00 0.00 0.00 0.00 0.00 2.38 3.08 3.59 3.59 1.18 1.18 1.18 1.18 1.18 1.18 1.18 1.18 1.18 1.18 1.18 1.18 1.18 1.18 1.12 1.12 1.12 1.12 1.12 1.12 1.12 1.12 1.12 1.12 1.12 1.12 1.12 1.12 1.12 1.12 1.10 1.10 1.10 1.10 1.10 1.10 1.10 1.10 1.10 1.10 1.10 1.10 1.10 1.10 1.10 1.10 1.12 1.12 1.12 1.12 1.12 1.12 1.12 1.12
0.00 0.00 0.00 0.00 0.00 0.00 0.00 0.00 0.00 0.00 0.00 0.00 0.00 0.00 0.00 0.00 0.00 0.00 0.00 0.00 0.00 0.00 0.00 0.00 0.00 0.00 2.48 0.78 1.18 1.18 1.18 1.18 1.18 1.18 1.18 1.18 1.18 1.18 1.18 1.18 1.18 1.18 1.18 1.18 1.12 1.12 1.12 1.12 1.12 1.12 1.12 1.12 1.12 1.12 1.12 1.12 1.12 1.12 1.12 1.12 1.10 1.10 1.10 1.10 1.10 1.10 1.10 1.10 1.10 1.10 1.10 1.10 1.10 1.10 1.10 1.10 1.12 1.12 1.12 1.12 1.12 1.12 1.12 1.12
0.00 0.00 0.00 0.00 0.00 0.00 0.00 0.00 0.00 0.00 0.00 0.00 0.00 0.00 0.00 0.00 0.00 0.00 0.00 0.00 0.00 0.00 0.00 0.00 0.00 0.00 4.72 4.00 1.12 1.12 1.12 1.12 1.12 1.12 1.12 1.12 1.12 1.12 1.12 1.12 1.12 1.12 1.12 1.12 1.05 1.05 1.05 1.05 1.05 1.05 1.05 1.05 1.05 1.05 1.05 1.05 1.05 1.05 1.05 1.05 0.99 0.99 0.99 0.99 0.99 0.99 0.99 0.99 0.99 0.99 0.99 0.99 0.99 0.99 0.99 0.99 1.06 1.06 1.06 1.06 1.06 1.06 1.06 1.06
0.00 0.00 0.00 0.00 0.00 0.00 0.00 0.00 0.00 0.00 0.00 0.00 0.00 0.00 0.00 0.00 0.00 0.00 0.00 0.00 0.00 0.00 1.20 0.00 0.00 4.71 3.48 4.00 1.12 1.12 1.12 1.12 1.12 1.12 1.12 1.12 1.12 1.12 1.12 1.12 1.12 1.12 1.12 1.12 1.05 1.05 1.05 1.05 1.05 1.05 1.05 1.05 1.05 1.05 1.05 1.05 1.05 1.05 1.05 1.05 0.99 0.99 0.99 0.99 0.99 0.99 0.99 0.99 0.99 0.99 0.99 0.99 0.99 0.99 0.99 0.99 1.06 1.06 1.06 1.06 1.06 1.06 1.06 1.06
0.00 0.00 0.00 0.00 0.00 0.00 0.00 0.00 0.00 0.00 0.00 0.00 0.00 0.00 0.00 0.00 0.00 0.00 0.00 0.00 0.00 1.20 1.20 1.20 1.20 4.72 4.72 1.20 1.12 1.12 1.12 1.12 1.12 1.12 1.12 1.12 1.12 1.12 1.12 1.12 1.12 1.12 1.12 1.12 1.05 1.05 1.05 1.05 1.05 1.05 1.05 1.05 1.05 1.05 1.05 1.05 1.05 1.05 1.05 1.05 0.99 0.99 0.99 0.99 0.99 0.99 0.99 0.99 0.99 0.99 0.99 0.99 0.99 0.99 0.99 0.99 1.06 1.06 1.06 1.06 1.06 1.06 1.06 1.06
0.00 0.00 0.00 0.00 0.00 0.00 0.00 0.00 0.00 0.00 0.00 0.00 0.00 0.00 0.00 0.00 0.00 0.00 0.00 0.00 1.20 1.20 1.20 1.20 3.99 3.99 3.64 4.72 1.12 1.12 1.12 1.12 1.12 1.12 1.12 1.12 1.12 1.12 1.12 1.12 1.12 1.12 1.12 1.12 1.05 1.05 1.05 1.05 1.05 1.05 1.05 1.05 1.05 1.05 1.05 1.05 1.05 1.05 1.05 1.05 0.99 0.99 0.99 0.99 0.99 0.99 0.99 0.99 0.99 0.99 0.99 0.99 0.99 0.99 0.99 0.99 1.06 1.06 1.06 1.06 1.06 1.06 1.06 1.06
0.00 0.00 0.00 0.00 0.00 0.00 0.00 0.00 0.00 0.00 0.00 0.00 0.00 0.00 0.00 0.00 0.00 0.00 0.00 1.20 1.20 1.20 1.20 1.76 3.64 3.64 3.99 3.99 3.73 1.12 1.12 1.12 1.12 1.12 1.12 1.12 1.12 1.12 1.12 1.12 1.12 1.12 1.12 1.12 1.05 1.05 1.05 1.05 1.05 1.05 1.05 1.05 1.05 1.05 1.05 1.05 1.05 1.05 1.05 1.05 0.99 0.99 0.99 0.99 0.99 0.99 0.99 0.99 0.99 0.99 0.99 0.99 0.99 0.99 0.99 0.99 1.06 1.06 1.06 1.06 1.06 1.06 1.06 1.06
0.00 0.00 4.70 0.00 0.00 0.00 0.00 0.00 0.00 0.00 0.00 0.00 0.00 0.00 4.72 0.00 0.00 4.72 1.20 1.20 1.20 1.20 1.20 1.20 1.20 1.20 1.20 3.64 3.40 1.12 1.12 1.12 1.12 1.12 1.12 1.12 1.12 1.12 1.12 1.12 1.12 1.12 1.12 1.12 1.05 1.05 1.05 1.05 1.05 1.05 1.05 1.05 1.05 1.05 1.05 1.05 1.05 1.05 1.05 1.05 0.99 0.99 0.99 0.99 0.99 0.99 0.99 0.99 0.99 0.99 0.99 0.99 0.99 0.99 0.99 0.99 1.06 1.06 1.06 1.06 1.06 1.06 1.06 1.06
0.00 1.20 1.20 1.20 1.20 0.00 0.00 0.00 0.00 0.00 0.00 0.00 0.00 0.00 4.72 1.20 1.20 1.20 1.20 1.20 1.20 1.20 1.20 1.20 1.20 1.20 1.20 3.64 3.40 3.40 1.12 1.12 1.12 1.12 1.12 1.12 1.12 1.12 1.12 1.12 1.12 1.12 1.12 1.12 1.05 1.05 1.05 1.05 1.05 1.05 1.05 1.05 1.05 1.05 1.05 1.05 1.05 1.05 1.05 1.05 0.99 0.99 0.99 0.99 0.99 0.99 0.99 0.99 0.99 0.99 0.99 0.99 0.99 0.99 0.99 0.99 1.06 1.06 1.06 1.06 1.06 1.06 1.06 1.06
0.00 0.00 1.20 1.20 1.20 0.00 0.00 0.00 0.00 0.00 0.00 0.00 0.00 0.00 1.20 1.20 1.20 1.20 1.20 1.20 1.20 1.20 1.20 1.20 1.20 1.20 1.20 1.20 1.12 1.12 1.12 1.12 1.12 1.12 1.12 1.12 1.12 1.12 1.12 1.12 1.12 1.12 1.12 1.12 1.05 1.05 1.05 1.05 1.05 1.05 1.05 1.05 1.05 1.05 1.05 1.05 1.05 1.05 1.05 1.05 0.99 0.99 0.99 0.99 0.99 0.99 0.99 0.99 0.99 0.99 0.99 0.99 0.99 0.99 0.99 0.99 1.06 1.06 1.06 1.06 1.06 1.06 1.06 1.06
0.00 1.20 1.20 1.20 1.20 1.20 0.00 0.00 0.00 0.00 0.00 0.00 0.00 1.20 1.20 1.20 1.20 1.20 3.64 4.00 1.20 1.20 1.20 1.20 1.20 1.20 1.20 1.20 1.12 1.12 1.12 1.12 1.12 1.12 1.12 1.12 1.12 1.12 1.12 1.12 1.12 1.12 1.12 1.12 1.05 1.05 1.05 1.05 1.05 1.05 1.05 1.05 4.11 1.05 1.05 1.05 1.05 1.05 1.05 1.05 0.99 0.99 0.99 0.99 0.99 0.99 0.99 0.99 0.99 0.99 0.99 0.99 0.99 0.99 0.99 0.99 1.06 1.06 1.06 1.06 1.06 1.06 1.06 1.06
1.20 1.20 1.20 1.20 1.20 1.20 0.00 0.00 0.00 0.00 0.00 0.00 0.00 0.00 1.20 1.20 1.20 1.20 1.20 1.20 1.20 1.20 1.20 1.20 1.20 1.20 1.20 1.20 1.12 1.12 1.12 1.12 1.12 1.12 1.12 1.12 1.12 1.12 1.12 1.12 1.12 1.12 1.12 1.12 1.05 1.05 1.05 1.05 1.05 4.11 3.17 3.48 1.05 1.05 1.05 1.05 1.05 1.05 1.05 1.05 0.99 0.99 0.99 0.99 0.99 0.99 0.99 0.99 0.99 0.99 0.99 0.99 0.99 0.99 0.99 0.99 1.06 1.06 1.06 1.06 1.06 1.06 1.06 1.06
1.20 1.20 1.20 1.20 1.20 1.20 1.20 0.00 0.00 0.00 0.00 0.00 0.00 0.00 1.20 1.20 1.20 1.20 1.20 1.20 1.20 1.20 1.20 1.20 1.20 1.20 1.20 1.20 1.12 1.12 1.12 1.12 1.12 1.12 1.12 1.12 1.12 1.12 1.12 1.12 1.12 1.12 1.12 1.12 1.05 1.05 1.05 1.05 1.05 1.05 1.05 3.17 3.48 1.05 1.05 1.05 1.05 1.05 1.05 1.05 0.99 0.99 0.99 0.99 0.99 0.99 0.99 0.99 0.99 0.99 0.99 0.99 0.99 0.99 0.99 0.99 1.06 1.06 1.06 1.06 1.06 1.06 1.06 1.06
1.20 1.20 1.20 1.20 1.20 1.20 1.20 1.20 0.00 0.00 0.00 0.00 0.00 0.00 4.71 1.20 1.20 1.20 1.20 1.20 1.20 1.20 1.20 1.20 1.20 1.20 1.20 1.20 1.12 1.12 1.12 1.12 1.12 1.12 1.12 1.12 1.12 1.12 1.12 1.12 1.12 1.12 1.12 1.12 1.05 1.05 1.05 1.05 1.05 1.05 1.05 1.05 3.17 4.11 1.05 1.05 1.05 1.05 1.05 1.05 0.99 0.99 0.99 0.99 0.99 3.90 0.99 0.99 0.99 0.99 0.99 0.99 0.99 0.99 0.99 0.99 1.06 1.06 1.06 1.06 1.06 1.06 1.06 1.06
1.20 1.20 1.20 1.20 1.20 1.20 1.20 1.20 1.20 0.00 0.00 0.00 0.00 3.64 3.64 4.71 1.20 1.20 1.20 1.20 1.20 1.20 1.20 1.20 1.20 1.20 1.20 1.20 1.12 1.12 1.12 1.12 1.12 1.12 1.12 1.12 1.12 1.12 1.12 1.12 1.12 1.12 1.12 1.12 1.05 1.05 1.05 1.05 1.05 1.05 1.05 3.31 1.05 4.11 3.17 3.17 1.05 1.05 1.05 1.05 0.99 0.99 1.45 0.99 3.14 0.99 0.99 0.99 0.99 0.99 0.99 0.99 0.99 0.99 0.99 0.99 1.06 1.06 1.06 1.06 1.06 1.06 1.06 1.06
1.20 1.20 1.20 1.20 1.20 1.20 1.20 1.20 1.76 3.65 3.65 4.73 4.72 3.76 4.00 4.71 1.20 3.80 1.20 1.20 1.20 1.20 1.20 1.20 1.20 1.20 1.20 1.20 1.12 1.12 1.12 1.12 1.12 1.12 1.12 1.12 1.12 1.12 1.12 1.12 1.12 1.12 1.12 1.12 1.05 1.05 1.05 1.05 1.05 3.31 1.05 1.05 3.48 3.48 3.48 1.05 1.05 1.05 1.05 1.05 0.99 0.99 0.99 0.99 3.14 0.99 0.99 0.99 0.99 0.99 0.99 0.99 0.99 0.99 0.99 0.99 1.06 1.06 1.06 1.06 1.06 1.06 1.06 1.06
1.20 1.20 1.20 1.20 1.20 1.20 1.20 1.20 1.20 3.65 3.65 3.65 4.72 4.72 4.00 3.64 3.64 1.20 1.20 1.20 1.20 1.20 1.20 1.20 1.20 4.00 1.20 1.20 1.12 1.12 1.12 1.12 1.12 1.12 1.12 1.12 1.12 1.12 1.12 1.12 1.12 1.12 1.12 1.12 1.05 1.05 1.05 1.05 1.05 1.05 1.05 1.05 1.05 1.05 3.48 3.48 1.05 1.05 1.05 1.05 0.99 0.99 0.99 0.99 0.99 0.99 0.99 0.99 0.99 0.99 0.99 0.99 0.99 0.99 0.99 0.99 1.06 1.06 1.06 1.06 1.06 1.06 1.06 1.06
1.20 1.20 1.20 1.20 1.20 1.20 1.20 1.20 1.20 3.81 3.65 3.65 3.64 4.72 4.00 4.00 3.64 3.64 1.20 1.20 1.20 1.20 1.20 1.20 1.20 1.20 1.20 1.20 1.12 3.73 1.12 1.12 1.12 1.12 1.12 1.12 1.12 1.12 1.12 1.12 1.12 1.12 1.12 1.12 1.05 1.05 1.05 1.05 1.05 1.05 1.05 1.05 1.05 1.05 1.05 3.48 3.48 3.48 1.05 1.05 0.99 0.99 3.01 3.01 0.99 0.99 0.99 0.99 0.99 0.99 0.99 0.99 0.99 0.99 0.99 0.99 1.06 1.06 1.06 1.06 1.06 1.06 1.06 1.06
1.17 1.17 1.17 1.17 1.17 1.17 1.17 1.17 1.17 3.71 1.17 1.17 1.05 3.50 3.50 3.50 3.50 3.50 3.18 3.18 1.05 1.05 1.05 1.05 1.05 1.05 1.05 1.05 1.11 1.11 1.11 1.11 1.11 1.11 1.11 1.11 1.11 1.11 1.11 1.11 1.11 1.11 1.11 1.11 1.04 1.04 3.45 1.04 1.04 1.04 1.04 1.04 1.04 1.04 1.04 3.45 3.45 3.45 3.45 1.04 0.98 3.27 3.27 0.98 0.98 0.98 0.98 0.98 0.98 0.98 0.98 0.98 0.98 0.98 0.98 0.98 0.99 1.45 0.99 0.99 0.99 0.99 0.99 0.99
1.17 1.17 1.17 1.17 1.17 1.17 1.17 1.17 1.17 1.17 1.17 1.17 1.05 1.05 1.05 3.18 4.13 4.13 4.13 3.18 1.05 1.05 1.05 1.05 1.05 1.05 1.05 1.05 1.11 1.11 1.11 1.11 1.11 1.11 1.11 1.11 1.11 1.11 1.11 1.11 1.11 1.11 1.11 1.11 1.04 1.04 1.04 1.04 1.04 1.04 1.04 1.04 1.04 1.04 1.04 1.04 3.45 3.14 3.45 3.14 2.98 3.27 2.98 0.98 0.98 0.98 0.98 0.98 0.98 0.98 0.98 0.98 0.98 0.98 0.98 0.98 0.99 0.99 0.99 0.99 0.99 0.99 0.99 0.99
1.17 1.17 1.17 1.17 1.17 1.17 1.17 1.17 1.17 1.17 3.71 1.17 1.05 1.05 3.18 3.18 3.18 4.13 4.13 4.13 1.05 1.05 1.05 1.05 1.05 1.05 1.05 1.05 1.11 1.11 1.11 1.11 1.11 1.11 1.11 1.11 1.11 1.11 1.11 1.11 1.11 1.11 1.11 1.11 1.04 1.04 1.04 1.04 1.04 1.04 1.04 1.04 1.04 1.04 1.04 4.07 4.07 1.04 1.04 4.07 0.98 0.98 0.98 0.98 0.98 0.98 0.98 0.98 0.98 0.98 0.98 0.98 0.98 0.98 0.98 0.98 0.99 0.99 0.99 0.99 0.99 0.99 0.99 0.99
1.17 1.17 1.17 1.17 1.17 1.17 1.17 1.17 1.17 1.17 1.17 1.17 1.05 1.05 1.54 3.18 3.18 3.18 3.50 3.18 3.50 3.18 1.05 1.05 1.05 1.05 1.05 1.05 1.11 1.11 1.11 1.11 1.11 1.11 1.11 1.11 1.11 1.11 1.11 1.11 1.11 1.11 1.11 1.11 1.04 1.04 1.04 1.04 1.04 1.04 1.04 1.04 1.04 1.04 1.04 1.04 1.04 1.04 1.04 1.04 3.86 3.86 0.98 0.98 0.98 0.98 0.98 0.98 0.98 0.98 0.98 0.98 0.98 0.98 0.98 0.98 0.99 0.99 0.99 0.99 0.99 0.99 0.99 0.99
1.17 1.17 1.17 1.17 1.17 1.17 1.17 1.17 1.17 1.17 1.17 1.17 1.05 1.05 1.05 3.18 3.18 3.18 3.18 3.18 3.50 3.18 1.05 1.05 1.05 1.05 1.05 1.05 1.11 1.11 1.11 1.11 1.11 1.11 1.11 1.11 1.11 1.11 1.11 1.11 1.11 1.11 1.11 1.11 1.04 1.04 1.04 1.04 1.04 1.04 1.04 1.04 1.04 1.04 1.04 1.04 1.04 1.04 1.04 1.04 3.86 3.86 0.98 0.98 0.98 0.98 0.98 0.98 0.98 0.98 0.98 0.98 0.98 0.98 0.98 0.98 0.99 0.99 0.99 0.99 0.99 0.99 0.99 0.99
1.17 1.17 1.17 1.17 1.17 1.17 1.17 1.17 1.17 1.17 1.17 1.17 1.05 1.05 1.05 1.05 1.05 1.05 1.05 1.05 3.50 3.50 1.05 1.05 1.05 1.05 3.50 1.05 1.11 1.11 1.11 1.11 1.11 1.11 1.11 1.11 1.11 1.11 1.11 1.11 1.11 1.11 1.11 1.11 1.04 1.04 1.04 1.04 1.04 1.04 1.04 1.04 1.04 3.45 1.04 1.04 1.04 1.04 1.04 1.04 3.86 3.86 3.86 0.98 0.98 0.98 0.98 0.98 0.98 0.98 0.98 0.98 0.98 0.98 0.98 0.98 0.99 0.99 0.99 0.99 0.99 0.99 0.99 0.99
1.17 1.17 1.17 1.17 1.17 1.17 1.17 1.17 1.17 1.17 1.17 1.17 1.05 1.05 1.05 1.05 1.05 1.05 1.05 3.32 1.05 1.05 1.05 1.05 1.05 1.05 1.05 1.05 1.11 1.11 1.11 1.11 1.11 1.11 1.11 1.11 1.11 1.11 1.11 1.11 1.11 1.11 1.11 1.11 1.04 1.04 1.04 1.04 1.04 1.04 1.04 1.04 1.04 1.04 1.04 1.04 1.04 1.04 1.04 1.04 3.27 3.27 3.86 3.86 0.98 0.98 0.98 0.98 0.98 0.98 0.98 0.98 0.98 0.98 0.98 0.98 0.99 0.99 0.99 0.99 0.99 0.99 0.99 0.99
1.17 1.17 1.17 1.17 1.17 1.17 1.17 1.17 1.17 1.17 1.17 1.17 1.05 1.05 1.05 1.05 1.05 1.05 1.05 1.05 1.05 1.05 1.05 1.05 1.05 1.05 1.05 1.05 3.69 3.69 1.11 3.36 1.11 1.11 1.11 1.11 1.11 1.11 1.11 1.11 1.11 1.11 1.11 1.11 1.04 1.04 1.04 1.04 1.04 1.04 1.04 1.04 1.04 1.04 1.04 1.04 1.04 1.04 1.04 3.45 3.27 3.27 3.86 3.27 3.11 0.98 0.98 0.98 0.98 0.98 0.98 0.98 0.98 0.98 0.98 0.98 0.99 0.99 0.99 0.99 0.99 0.99 0.99 0.99
1.17 1.17 1.17 1.17 1.17 1.17 1.17 1.17 1.17 1.17 1.17 1.17 1.05 1.05 1.05 1.05 1.05 1.05 1.05 1.05 1.05 1.05 1.05 1.05 1.05 1.05 1.05 1.05 1.11 1.11 1.11 1.11 1.11 1.11 1.11 1.11 1.11 1.11 1.11 1.11 1.11 1.11 1.11 1.11 1.04 1.04 1.04 1.04 1.04 1.04 1.04 1.04 1.04 3.45 3.45 1.04 1.04 3.45 1.04 3.45 3.27 3.27 2.98 3.86 3.27 3.27 0.98 0.98 0.98 0.98 0.98 0.98 0.98 0.98 0.98 0.98 0.99 0.99 0.99 0.99 0.99 0.99 0.99 0.99
3.56 3.56 1.17 1.17 1.17 1.17 1.17 1.17 1.17 1.17 1.17 1.17 1.05 1.05 1.05 1.05 1.05 1.05 1.05 1.05 1.05 1.05 1.05 1.05 1.05 1.05 1.05 1.05 1.11 1.11 1.11 1.11 1.11 1.11 1.11 1.11 1.11 1.11 1.11 1.11 1.11 1.11 1.11 1.11 1.04 1.04 1.04 1.04 1.04 1.04 1.04 1.04 1.04 1.04 1.04 1.04 1.04 1.04 1.04 3.14 3.27 3.27 2.98 2.98 3.27 1.44 2.98 2.98 0.98 0.98 0.98 0.98 0.98 0.98 0.98 0.98 0.99 0.99 0.99 0.99 0.99 1.45 2.99 0.99
3.56 3.56 3.91 3.91 3.91 1.17 1.17 1.17 1.17 1.17 1.17 1.17 1.05 1.05 1.05 1.05 1.05 1.05 1.05 1.05 1.05 1.05 1.05 1.05 1.05 1.05 1.05 1.05 1.11 1.11 1.11 1.11 1.11 1.11 1.11 1.11 1.11 1.11 1.11 1.11 1.11 1.11 1.11 1.11 1.04 1.04 1.04 1.04 1.04 1.04 1.04 1.04 1.04 1.04 1.04 1.04 1.04 1.04 1.04 3.14 3.27 3.27 3.27 3.27 3.27 3.27 2.98 2.98 0.98 0.98 1.44 3.27 0.98 0.98 0.98 0.98 0.99 0.99 0.99 0.99 0.99 0.99 0.99 0.99
3.91 3.56 3.91 1.17 3.91 1.17 1.17 1.17 1.17 1.17 1.17 1.17 1.05 1.05 1.05 1.05 1.05 1.05 1.05 1.05 1.05 1.05 1.05 1.05 1.05 1.05 1.05 1.05 1.11 1.11 1.11 1.11 1.11 1.11 1.11 1.11 1.11 1.11 1.11 1.11 1.11 1.11 1.11 1.11 1.04 1.04 1.04 1.04 1.04 1.04 1.04 1.04 1.04 1.04 3.45 1.04 1.04 1.04 3.45 3.14 2.98 3.27 3.27 2.98 3.86 3.27 2.98 2.98 2.98 1.44 3.27 3.27 2.98 3.27 2.98 2.98 3.29 3.29 3.29 2.99 0.99 0.99 0.99 0.99
3.91 3.91 3.91 3.56 1.17 1.17 1.17 1.17 1.17 1.17 1.17 1.17 1.05 1.05 1.05 1.05 1.05 1.05 1.05 1.05 1.05 1.05 1.05 1.05 1.05 1.05 1.05 1.05 1.11 1.11 1.11 1.11 1.11 1.11 1.11 1.11 1.11 1.11 1.11 1.11 1.11 1.11 1.11 1.11 1.04 1.04 1.04 1.04 1.04 1.04 1.04 1.04 1.04 1.04 3.45 1.04 1.04 4.07 3.45 3.14 2.98 2.98 2.98 3.86 0.98 0.98 0.98 3.86 3.86 3.86 3.27 3.27 2.98 3.86 3.86 2.98 2.99 2.99 3.88 3.88 0.99 0.99 0.99 0.99
3.56 3.56 1.17 3.56 1.17 1.17 1.17 1.17 1.17 1.17 1.17 1.17 1.05 1.05 1.05 1.05 1.05 1.05 1.05 1.05 1.05 1.05 1.05 1.05 1.05 1.05 1.05 1.05 1.11 1.11 1.11 1.11 1.11 1.11 1.11 1.11 1.11 1.11 1.11 1.11 1.11 1.11 1.11 1.11 1.04 1.04 1.04 1.04 1.04 1.04 1.04 1.04 1.04 1.04 1.04 1.04 1.04 3.45 4.07 4.07 3.86 3.86 3.86 0.98 0.98 0.98 3.86 0.98 0.98 3.86 3.86 3.86 3.27 3.27 3.86 3.86 3.88 3.88 0.99 0.99 0.99 0.99 0.99 0.99
1.17 1.17 1.17 1.17 1.17 1.17 1.17 1.17 1.17 1.17 1.17 1.17 1.05 1.05 1.05 1.05 1.05 1.05 1.05 1.05 1.05 1.05 1.05 1.05 1.05 1.05 1.05 1.05 1.11 1.11 1.11 1.11 1.11 1.11 1.11 1.11 1.11 1.11 1.11 1.11 1.11 1.11 1.11 1.11 1.04 1.04 1.04 1.04 1.04 1.04 1.04 1.04 1.04 1.04 1.04 1.04 1.04 1.04 1.04 4.07 3.86 0.98 0.98 0.98 0.98 0.98 0.98 0.98 2.98 3.86 3.86 3.27 3.86 3.86 3.86 3.86 3.88 3.88 0.99 0.99 0.99 2.99 3.29 0.99
1.17 1.17 1.17 1.17 1.17 1.17 1.17 1.17 1.17 1.17 1.17 1.17 1.05 1.05 1.05 1.05 1.05 1.05 1.05 1.05 1.05 1.05 1.05 1.05 1.05 1.05 1.05 1.05 1.11 1.11 1.11 1.11 1.11 1.11 1.11 1.11 1.11 1.11 1.11 1.11 1.11 1.11 1.11 1.11 1.04 1.04 1.04 1.04 1.04 1.04 1.04 1.04 1.04 1.04 1.04 1.04 1.04 3.45 3.45 1.04 0.98 0.98 0.98 0.98 0.98 0.98 0.98 0.98 2.98 3.86 3.27 3.27 3.27 3.27 3.86 3.86 3.88 3.88 3.88 3.88 3.88 3.88 0.99 3.29
1.08 1.08 1.08 1.08 1.08 1.08 1.08 1.08 1.08 1.08 1.08 1.08 1.03 1.03 1.03 1.03 1.03 1.03 1.03 1.03 1.03 1.03 1.03 1.03 1.03 1.03 1.03 1.03 0.99 0.99 0.99 0.99 0.99 0.99 0.99 0.99 0.99 0.99 0.99 0.99 0.99 0.99 0.99 0.99 1.01 1.01 1.01 1.01 1.01 1.01 1.01 1.01 1.01 1.01 1.01 1.01 1.01 1.01 1.01 1.01 3.89 0.99 0.99 0.99 0.99 0.99 0.99 0.99 0.99 3.89 3.00 3.00 3.29 0.99 3.89 3.89 3.24 3.82 3.82 3.82 3.82 0.97 0.97 2.95
1.08 1.08 1.08 1.08 1.08 1.08 1.08 1.08 1.08 1.08 1.08 1.08 1.03 1.03 1.03 1.03 1.03 1.03 1.03 1.03 1.03 1.03 1.03 1.03 1.03 1.03 1.03 1.03 0.99 0.99 0.99 0.99 0.99 0.99 0.99 0.99 0.99 0.99 0.99 0.99 0.99 0.99 0.99 0.99 1.01 1.01 1.01 1.01 1.01 1.01 1.01 1.01 1.01 1.01 1.01 1.01 1.01 1.01 3.36 1.01 0.99 0.99 3.89 3.29 0.99 0.99 0.99 0.99 3.89 3.89 3.00 3.29 3.29 0.99 0.99 3.29 3.24 0.97 3.24 3.24 3.08 0.97 3.08 3.82
