New_Model_Runs/11_Future_RCP4.5_Scn1_out/post_prcessed_with_MFR/Monthly_summaries/actual_et_monthly_JAN.asc
NCOLS 700
NROWS 400
XLLCENTER 515000.000000
YLLCENTER 8409000.000000
CELLSIZE 50.000000
NODATA_value -999.000000
[rows 266 to 303 of 400, columns 252 to 335 of 700]
4.36 4.36 4.36 4.36 4.97 4.97 4.97 4.97 4.97 4.97 4.65 5.86 5.86 5.86 5.86 5.86 5.86 5.86 5.86 5.86 5.87 4.62 5.87 5.87 5.87 5.87 5.87 4.65 5.87 4.16 4.16 4.16 4.16 5.86 5.85 5.85 3.77 5.13 5.13 5.13 5.13 5.13 5.13 3.77 5.13 3.96 3.96 5.13 5.13 5.13 5.13 5.13 5.60 3.97 5.60 5.60 3.97 5.60 5.57 5.60 3.97 5.60 5.60 5.57 5.60 5.57 5.57 5.57 3.62 0.00 0.00 0.00 0.00 3.62 3.62 4.93 4.93 3.62 3.62 3.62 4.93 0.00 0.00 0.00
4.36 4.36 4.36 4.36 4.52 4.97 4.97 4.97 4.97 4.97 5.86 5.86 5.86 4.52 5.86 5.86 5.86 5.86 5.86 5.86 5.87 4.62 5.87 5.87 5.87 4.65 4.65 5.87 4.16 4.16 5.86 5.86 5.86 5.85 5.85 5.85 5.13 3.77 3.77 5.12 5.13 5.13 5.13 3.77 3.77 1.30 1.30 3.96 5.13 1.30 1.30 4.35 5.60 3.97 3.97 5.60 3.97 5.60 5.57 5.60 5.60 5.60 5.60 5.57 5.57 5.57 5.57 5.57 3.62 0.00 0.00 0.00 0.00 4.93 3.62 3.62 3.62 3.62 4.93 0.00 0.00 0.00 0.00 0.00
4.36 4.36 4.79 5.65 4.97 4.97 4.97 4.97 4.97 4.97 5.86 5.86 4.52 4.52 5.86 4.52 4.65 5.86 5.86 5.86 5.87 4.62 4.62 4.62 4.62 4.65 4.65 4.16 4.16 5.86 5.86 1.49 4.16 4.16 5.85 5.85 5.13 5.13 3.77 5.13 5.13 3.77 5.13 3.77 5.13 5.13 5.13 5.13 3.96 1.30 1.30 1.30 5.57 5.57 5.60 3.97 5.60 5.60 3.97 3.97 3.97 5.60 5.60 5.60 5.57 5.57 5.57 3.97 4.93 0.00 0.00 0.00 4.93 3.62 3.62 3.62 4.93 4.93 0.00 0.00 0.00 0.00 0.00 0.00
5.65 4.79 4.79 4.79 4.97 4.97 4.97 5.86 5.86 5.86 5.86 5.86 5.86 4.52 5.86 4.97 5.86 5.86 5.86 5.86 5.87 5.87 4.62 5.87 5.87 4.62 5.86 5.86 4.16 5.86 5.82 5.86 4.16 5.85 4.16 4.16 3.77 5.13 5.13 5.13 3.77 3.76 3.76 3.76 3.76 3.76 3.96 3.96 3.96 3.96 1.30 1.91 5.57 5.57 5.57 3.97 3.97 3.97 3.97 3.97 3.97 3.97 3.97 5.57 5.57 5.57 5.57 3.97 4.93 0.00 4.93 3.62 3.62 3.62 4.93 4.93 4.93 0.00 0.00 0.00 0.00 0.00 0.00 0.00
4.36 4.79 4.79 4.36 5.86 5.86 4.97 4.97 4.97 5.86 5.86 5.86 5.86 5.86 5.86 4.65 5.86 5.86 5.86 5.86 4.98 5.87 5.87 5.87 5.87 5.87 5.86 4.16 5.82 5.86 5.86 5.86 5.85 5.81 5.85 5.81 5.13 5.13 5.13 3.77 3.76 3.76 3.76 5.13 5.13 3.96 5.13 3.96 3.96 1.31 1.31 1.91 5.57 5.57 5.57 3.97 3.97 3.97 3.97 3.97 5.57 3.97 3.97 5.60 5.57 3.97 3.97 5.57 4.93 4.93 3.62 3.62 3.62 4.93 0.00 0.00 4.93 4.93 0.00 0.00 0.00 0.00 0.00 0.00
4.36 4.36 4.79 5.65 4.97 4.97 4.97 5.86 5.86 5.86 5.86 4.65 5.86 5.86 5.86 5.86 4.97 4.52 4.52 4.52 5.87 5.87 5.87 5.87 5.87 5.86 4.16 4.16 5.82 5.82 5.86 5.85 5.85 4.16 5.85 4.16 3.77 3.77 5.13 3.76 3.76 5.13 5.13 5.13 5.13 3.96 3.76 5.13 5.13 5.13 1.31 1.91 5.57 3.97 3.97 3.97 3.97 5.60 5.57 3.97 3.97 5.57 5.60 3.97 3.97 5.60 5.57 5.57 3.62 3.62 3.62 4.93 0.00 0.00 0.00 0.00 0.00 0.00 0.00 0.00 0.00 0.00 0.00 0.00
4.36 4.36 5.65 4.79 4.97 4.97 4.97 5.86 5.86 5.86 4.65 4.65 4.65 4.65 5.86 5.86 4.52 4.52 5.86 5.86 5.87 5.87 5.87 4.62 5.87 5.86 4.16 4.16 4.16 5.86 4.16 5.86 5.85 4.16 4.94 5.85 3.77 3.76 5.13 5.13 5.13 4.35 5.13 5.13 5.13 5.13 5.13 5.13 5.13 5.13 5.13 5.13 5.60 3.97 3.97 3.97 5.57 5.57 3.97 3.97 3.97 5.57 3.97 3.97 5.60 5.57 3.97 3.97 3.62 4.93 3.62 0.00 0.00 0.00 0.00 0.00 0.00 0.00 0.00 0.00 0.00 0.00 0.00 0.00
4.36 5.65 4.79 4.79 4.97 4.97 4.97 4.97 5.86 5.86 5.86 5.86 5.86 5.86 5.86 5.86 4.52 5.86 4.65 4.97 5.87 5.87 5.87 5.87 5.86 5.82 5.82 5.86 5.86 5.86 5.86 5.86 5.85 4.16 4.94 5.81 5.13 5.13 5.13 5.13 3.76 4.35 3.96 1.31 3.96 5.13 5.13 3.76 5.13 5.13 5.13 5.13 5.60 3.97 3.97 3.97 5.60 5.57 3.97 5.60 3.97 3.97 5.57 5.57 3.97 3.97 3.97 5.60 4.93 0.00 0.00 0.00 0.00 0.00 0.00 0.00 0.00 0.00 0.00 0.00 0.00 0.00 0.00 0.00
5.75 4.87 4.87 4.87 5.76 4.88 5.76 4.88 4.88 5.76 5.76 5.76 5.76 5.76 5.76 5.76 5.76 4.56 5.76 4.44 4.45 5.78 4.55 5.78 4.45 4.45 5.73 4.45 4.45 5.76 5.76 5.76 5.76 5.72 5.75 5.72 5.55 5.59 5.56 5.59 5.56 5.59 1.42 1.42 4.32 5.59 5.59 3.98 5.59 4.51 4.51 5.56 3.48 2.90 3.48 2.90 2.90 3.48 2.90 2.90 3.48 3.48 3.48 2.90 2.90 2.90 3.48 3.48 0.00 0.00 0.00 0.00 0.00 0.00 0.00 0.00 0.00 0.00 0.00 0.00 0.00 0.00 0.00 0.00
5.75 5.75 4.87 5.75 5.76 5.76 5.76 5.76 5.76 5.76 5.76 5.76 5.76 5.76 5.76 5.76 5.76 5.76 5.76 4.44 1.47 5.78 5.78 5.76 4.87 5.73 5.76 4.09 4.09 5.76 5.76 5.76 4.09 5.76 4.86 5.72 4.32 5.59 5.56 4.72 4.32 2.09 5.59 4.72 4.72 5.59 5.59 4.51 4.51 5.56 5.56 5.56 3.48 2.90 2.90 3.48 3.48 2.90 3.48 3.48 3.48 2.90 2.90 2.90 3.48 3.48 0.88 2.95 0.00 0.00 0.00 0.00 0.00 0.00 0.00 0.00 0.00 0.00 0.00 0.00 0.00 0.00 0.00 0.00
5.75 5.75 5.75 5.75 5.76 5.76 5.76 5.76 5.76 5.76 5.76 5.76 5.76 5.76 5.76 5.76 5.76 5.76 5.76 5.76 5.78 5.78 5.78 5.76 5.76 5.76 5.76 5.76 4.09 4.09 5.73 5.76 5.76 5.76 5.76 5.75 5.59 5.59 5.59 5.56 5.59 5.56 4.32 5.59 5.59 4.32 5.59 5.56 5.56 5.56 5.56 5.56 3.48 3.48 3.48 2.90 2.90 3.48 3.48 2.90 2.90 2.90 3.48 3.48 0.88 2.95 2.95 3.48 0.00 0.00 0.00 0.00 0.00 0.00 0.00 0.00 0.00 0.00 0.00 0.00 0.00 0.00 0.00 0.00
4.87 5.75 4.59 4.87 4.88 5.76 5.76 5.76 5.76 5.76 5.76 5.76 5.76 4.44 5.76 5.76 4.88 4.88 5.76 5.76 5.78 5.78 4.87 5.76 5.76 5.76 5.76 4.09 4.09 4.09 4.09 5.73 5.76 5.76 5.73 5.76 5.59 5.59 5.55 5.59 5.59 5.59 5.59 3.98 5.56 5.56 5.56 5.56 5.56 5.59 5.59 3.98 2.90 2.90 2.90 2.90 3.48 2.90 2.90 2.90 3.48 3.48 2.95 2.95 3.48 3.48 3.48 0.00 0.00 0.00 0.00 0.00 0.00 0.00 0.00 0.00 0.00 0.00 0.00 0.00 0.00 0.00 0.00 0.00
4.87 4.87 4.87 4.87 4.88 5.76 5.76 5.76 5.76 5.76 5.76 5.76 5.76 4.44 5.76 4.56 5.76 5.76 5.76 5.76 5.78 5.75 4.86 4.87 5.76 4.09 5.76 4.09 4.09 4.09 4.09 4.09 5.73 5.73 5.73 5.73 3.98 3.98 5.59 5.59 5.59 3.98 5.59 5.59 5.56 5.56 5.56 5.56 5.59 3.98 3.98 5.59 3.48 3.48 3.48 2.90 2.90 2.90 2.90 3.48 2.95 2.95 3.48 0.00 0.00 0.00 0.00 0.00 0.00 0.00 0.00 0.00 0.00 0.00 0.00 0.00 0.00 0.00 0.00 0.00 0.00 0.00 0.00 0.00
5.75 5.75 5.75 5.75 5.76 5.76 4.88 5.76 5.76 5.76 4.88 4.88 4.44 4.88 5.76 5.76 5.76 5.76 4.88 5.76 5.78 5.75 4.86 5.75 5.75 4.09 5.76 4.09 5.75 5.75 5.76 5.76 5.76 5.73 5.73 5.73 5.59 3.98 3.98 5.59 5.59 3.98 5.59 5.56 5.56 5.56 5.59 3.98 3.98 5.59 5.56 5.56 3.48 3.48 2.90 2.90 2.90 3.48 3.48 2.95 2.95 3.48 0.00 0.00 0.00 0.00 0.00 0.00 0.00 0.00 0.00 0.00 0.00 0.00 0.00 0.00 0.00 0.00 0.00 0.00 0.00 0.00 0.00 0.00
5.75 5.75 5.75 5.75 5.76 4.88 5.76 4.56 4.56 5.76 5.76 4.88 5.76 5.76 5.76 4.56 5.76 4.88 4.88 5.76 5.75 5.75 5.75 4.09 5.75 5.72 5.75 4.09 5.75 5.75 5.75 4.09 4.09 4.09 5.73 5.73 5.59 3.98 3.98 5.59 3.98 3.98 3.98 5.56 5.56 5.59 3.98 3.98 5.56 5.56 5.56 5.56 2.90 2.90 2.90 2.90 3.48 3.48 2.80 3.48 3.48 0.00 0.00 0.00 0.00 0.00 0.00 0.00 0.00 0.00 0.00 0.00 0.00 0.00 0.00 0.00 0.00 0.00 0.00 0.00 0.00 0.00 0.00 0.00
4.43 4.43 4.43 5.75 5.76 5.76 5.76 5.76 4.56 4.56 5.76 5.76 5.76 5.76 5.76 5.76 5.76 5.76 5.76 5.76 5.75 4.09 4.09 5.75 5.75 5.75 4.09 4.09 4.09 4.86 5.75 4.09 5.75 4.09 5.76 5.76 5.59 4.72 5.56 5.59 3.98 3.98 3.98 5.59 3.98 3.98 5.56 5.56 5.56 5.56 3.98 3.98 2.90 2.90 3.48 3.48 0.00 0.00 0.00 0.00 0.00 0.00 0.00 0.00 0.00 0.00 0.00 0.00 0.00 0.00 0.00 0.00 0.00 0.00 0.00 0.00 0.00 0.00 0.00 0.00 0.00 0.00 0.00 0.00
5.75 4.43 5.75 5.75 5.76 5.76 5.76 5.76 4.56 5.76 5.76 4.56 4.44 4.44 4.44 5.76 5.76 4.56 5.76 5.74 5.75 4.09 5.75 5.75 4.09 5.75 5.75 4.09 5.75 4.86 5.75 5.75 4.09 4.09 5.76 5.73 3.98 4.72 5.59 5.59 5.59 5.56 5.56 5.56 3.98 3.98 3.98 5.59 5.59 3.98 3.98 3.98 3.48 3.48 0.00 0.00 0.00 0.00 0.00 0.00 0.00 0.00 0.00 0.00 0.00 0.00 0.00 0.00 0.00 0.00 0.00 0.00 0.00 0.00 0.00 0.00 0.00 0.00 0.00 0.00 0.00 0.00 0.00 0.00
4.87 4.87 5.75 5.75 5.76 4.44 5.76 5.76 5.76 5.76 5.76 5.76 4.44 4.44 4.44 5.76 5.76 5.76 5.76 4.11 5.75 5.75 5.75 5.72 5.75 4.09 5.75 5.72 5.75 4.86 4.86 5.75 5.75 5.73 4.09 5.76 5.59 5.56 4.72 5.59 5.59 5.56 5.56 5.56 5.59 3.98 3.98 3.98 3.98 3.98 5.59 5.59 3.48 0.00 0.00 0.00 0.00 0.00 0.00 0.00 0.00 0.00 0.00 0.00 0.00 0.00 0.00 0.00 0.00 0.00 0.00 0.00 0.00 0.00 0.00 0.00 0.00 0.00 0.00 0.00 0.00 0.00 0.00 0.00
4.87 4.87 5.75 5.75 5.76 5.76 5.76 5.76 5.76 5.76 5.76 5.76 5.76 4.44 5.76 5.76 4.56 4.56 4.11 4.11 5.75 5.75 5.75 5.75 5.75 4.09 5.75 5.75 5.75 5.75 4.09 5.73 5.76 5.73 5.73 5.76 5.59 5.59 5.59 5.59 5.59 5.56 5.56 5.56 5.56 3.98 3.98 3.98 5.59 5.59 4.75 0.00 0.00 0.00 0.00 0.00 0.00 0.00 0.00 0.00 0.00 0.00 0.00 0.00 0.00 0.00 0.00 0.00 0.00 0.00 0.00 0.00 0.00 0.00 0.00 0.00 0.00 0.00 0.00 0.00 0.00 0.00 0.00 0.00
5.75 5.75 4.87 5.75 5.76 5.76 5.76 5.76 5.76 4.63 5.76 5.76 5.76 5.76 5.76 5.76 5.76 5.76 5.71 5.74 5.72 5.75 5.75 5.75 5.75 5.75 5.75 4.09 5.75 5.72 5.76 4.09 5.76 5.76 5.76 5.76 3.98 5.56 5.56 5.56 3.98 3.98 5.59 3.98 3.98 3.98 5.59 5.56 4.75 5.56 0.00 0.00 0.00 0.00 0.00 0.00 0.00 0.00 0.00 0.00 0.00 0.00 0.00 0.00 0.00 0.00 0.00 0.00 0.00 0.00 0.00 0.00 0.00 0.00 0.00 0.00 0.00 0.00 0.00 0.00 0.00 0.00 0.00 0.00
5.75 5.75 5.75 5.75 5.76 5.76 5.76 5.76 5.76 5.76 5.76 5.76 5.76 4.88 5.76 4.56 5.76 5.74 5.74 5.74 4.86 4.86 4.86 4.86 5.75 5.72 5.75 5.75 4.09 5.76 4.87 4.09 4.09 5.76 5.76 5.73 5.56 5.56 5.56 3.98 3.98 3.98 3.98 3.98 3.98 5.59 5.56 4.75 0.00 0.00 0.00 0.00 0.00 0.00 0.00 0.00 0.00 0.00 0.00 0.00 0.00 0.00 0.00 0.00 0.00 0.00 0.00 0.00 0.00 0.00 0.00 0.00 0.00 0.00 0.00 0.00 0.00 0.00 0.00 0.00 0.00 0.00 0.00 0.00
5.75 5.75 5.75 5.75 5.76 5.76 5.76 5.76 5.76 5.76 5.76 5.76 5.76 5.76 4.88 5.76 5.76 5.71 5.71 5.74 5.75 4.86 4.86 4.86 4.86 5.75 4.86 4.09 5.75 5.76 4.87 5.76 5.73 5.73 5.73 5.73 5.56 5.56 5.56 3.97 3.98 3.98 3.98 5.56 5.59 5.59 3.98 4.75 0.00 0.00 0.00 0.00 0.00 0.00 0.00 0.00 0.00 0.00 0.00 0.00 0.00 0.00 0.00 0.00 0.00 0.00 0.00 0.00 0.00 0.00 0.00 0.00 0.00 0.00 0.00 0.00 0.00 0.00 0.00 0.00 0.00 0.00 0.00 0.00
5.75 5.75 5.75 5.75 5.76 5.76 5.76 5.76 5.76 5.76 5.76 5.76 5.76 5.76 5.76 5.76 4.44 4.44 4.85 5.74 5.75 4.09 4.86 5.75 5.75 5.75 5.75 4.09 4.09 5.75 5.73 5.73 5.73 5.73 5.73 5.73 5.56 5.56 3.98 3.98 3.98 5.56 5.56 5.56 5.56 5.59 2.09 4.75 5.55 0.00 0.00 0.00 0.00 0.00 0.00 0.00 0.00 0.00 0.00 0.00 0.00 0.00 0.00 0.00 0.00 0.00 0.00 0.00 0.00 0.00 0.00 0.00 0.00 0.00 0.00 0.00 0.00 0.00 0.00 0.00 0.00 0.00 0.00 0.00
5.75 5.75 5.75 5.75 5.76 5.76 5.76 5.76 5.76 5.76 5.76 5.76 5.76 5.76 5.76 5.76 4.44 4.44 5.74 5.74 5.72 5.75 5.75 5.72 5.75 4.09 5.75 5.75 4.45 5.75 5.73 5.73 5.73 5.73 5.73 5.73 5.56 5.56 5.59 5.59 5.56 5.56 5.56 5.56 5.59 5.56 5.59 3.97 5.55 0.00 0.00 0.00 0.00 0.00 0.00 0.00 0.00 0.00 0.00 0.00 0.00 0.00 0.00 0.00 0.00 0.00 0.00 0.00 0.00 0.00 0.00 0.00 0.00 0.00 0.00 0.00 0.00 0.00 0.00 0.00 0.00 0.00 0.00 0.00
5.74 5.74 5.74 5.74 5.80 5.80 5.80 5.80 5.80 5.80 5.80 4.67 5.80 5.80 5.80 5.73 5.77 5.77 5.77 5.76 5.72 4.83 4.43 5.67 5.67 5.72 5.72 5.72 5.72 5.72 5.67 5.69 5.69 5.69 5.69 5.69 5.42 5.42 5.42 5.42 5.42 5.42 3.89 3.89 5.44 5.44 5.41 5.41 5.41 0.00 0.00 0.00 0.00 0.00 0.00 0.00 0.00 0.00 0.00 0.00 0.00 0.00 0.00 0.00 0.00 0.00 0.00 0.00 0.00 0.00 0.00 0.00 0.00 0.00 0.00 0.00 0.00 0.00 0.00 0.00 0.00 0.00 0.00 0.00
5.74 5.74 5.74 5.74 5.80 5.80 5.80 5.80 5.80 5.80 5.80 5.80 5.80 5.80 5.80 5.73 5.73 5.77 4.09 4.09 5.66 4.83 4.83 4.83 5.72 5.72 4.05 4.05 5.72 1.46 5.72 5.69 5.69 5.69 5.69 5.69 5.42 5.42 5.42 5.42 5.42 5.44 3.89 5.44 5.44 5.41 5.41 5.44 5.41 0.00 0.00 0.00 0.00 0.00 0.00 0.00 0.00 0.00 0.00 0.00 0.00 0.00 0.00 0.00 0.00 0.00 0.00 0.00 0.00 0.00 0.00 0.00 0.00 0.00 0.00 0.00 0.00 0.00 0.00 0.00 0.00 0.00 0.00 0.00
5.74 5.74 5.74 5.74 5.80 5.80 5.80 5.80 5.80 5.80 5.80 5.80 5.80 5.80 5.72 5.76 5.76 4.09 4.09 5.76 5.71 5.72 4.83 4.83 5.72 4.05 5.72 5.72 5.72 5.72 5.72 5.72 5.69 5.69 5.69 5.69 5.42 5.42 5.42 5.42 5.44 5.44 5.44 5.44 5.41 5.41 5.44 5.44 5.41 0.00 0.00 0.00 0.00 0.00 0.00 0.00 0.00 0.00 0.00 0.00 0.00 0.00 0.00 0.00 0.00 0.00 0.00 0.00 0.00 0.00 0.00 0.00 0.00 0.00 0.00 0.00 0.00 0.00 0.00 0.00 0.00 0.00 0.00 0.00
5.74 5.74 5.74 5.74 5.80 5.80 5.80 5.80 5.80 5.80 5.80 5.80 5.80 5.80 5.76 5.72 4.87 4.47 5.76 5.72 5.66 5.66 4.83 4.83 4.83 5.72 4.83 4.82 4.43 4.05 4.05 5.67 5.67 5.69 5.69 5.69 5.42 5.42 5.42 5.44 5.44 5.44 4.20 4.20 5.44 5.41 1.39 5.41 5.44 0.00 0.00 0.00 0.00 0.00 0.00 0.00 0.00 0.00 0.00 0.00 0.00 0.00 0.00 0.00 0.00 0.00 0.00 0.00 0.00 0.00 0.00 0.00 0.00 0.00 0.00 0.00 0.00 0.00 0.00 0.00 0.00 0.00 0.00 0.00
5.74 5.74 5.74 5.74 5.80 5.80 5.80 5.80 5.80 5.80 5.80 5.80 5.80 5.76 5.76 5.76 5.76 5.76 4.09 5.76 5.71 5.71 4.82 4.83 4.83 5.72 5.66 4.82 5.71 5.66 5.71 5.67 5.72 5.69 5.69 5.69 5.42 5.42 5.44 5.41 5.41 5.44 4.20 4.20 1.39 1.39 1.39 1.39 5.41 0.00 0.00 0.00 0.00 0.00 0.00 0.00 0.00 0.00 0.00 0.00 0.00 0.00 0.00 0.00 0.00 0.00 0.00 0.00 0.00 0.00 0.00 0.00 0.00 0.00 0.00 0.00 0.00 0.00 0.00 0.00 0.00 0.00 0.00 0.00
5.74 5.74 5.74 5.74 5.80 5.80 5.80 5.80 5.80 5.80 5.80 5.80 4.91 4.87 5.76 5.76 4.87 5.76 5.76 5.76 5.71 5.71 4.82 4.82 4.82 5.71 5.71 4.82 5.71 4.82 4.82 4.82 5.71 5.72 5.69 5.69 5.44 4.20 5.44 5.44 5.44 4.20 5.44 3.88 1.39 1.39 1.39 1.39 5.41 0.00 0.00 0.00 0.00 0.00 0.00 0.00 0.00 0.00 0.00 0.00 0.00 0.00 0.00 0.00 0.00 0.00 0.00 0.00 0.00 0.00 0.00 0.00 0.00 0.00 0.00 0.00 0.00 0.00 0.00 0.00 0.00 0.00 0.00 0.00
5.74 5.74 5.74 5.74 5.80 5.80 5.80 5.80 5.80 5.80 4.47 4.47 4.47 4.47 5.76 4.87 4.87 5.76 5.76 5.72 5.66 5.66 4.05 5.71 5.71 4.05 4.05 5.71 5.71 4.82 4.82 4.82 4.82 5.72 5.72 5.72 5.42 4.59 4.59 4.20 5.44 5.41 5.44 1.39 1.39 1.39 1.39 4.62 0.00 5.41 0.00 0.00 0.00 0.00 0.00 0.00 0.00 0.00 0.00 0.00 0.00 0.00 0.00 0.00 0.00 0.00 0.00 0.00 0.00 0.00 0.00 0.00 0.00 0.00 0.00 0.00 0.00 0.00 0.00 0.00 0.00 0.00 0.00 0.00
5.74 5.74 5.74 1.46 5.80 5.80 5.80 5.80 5.80 5.80 4.47 4.47 4.47 4.47 5.76 5.76 4.87 5.76 5.76 4.09 5.66 5.71 4.05 5.71 5.71 5.71 5.71 5.71 5.71 4.82 4.43 4.82 5.72 5.72 5.68 5.72 3.88 5.44 4.59 4.59 3.88 4.59 5.44 5.44 1.39 1.39 1.39 4.62 0.00 0.00 0.00 0.00 0.00 0.00 0.00 0.00 0.00 0.00 0.00 0.00 0.00 0.00 0.00 0.00 0.00 0.00 0.00 0.00 0.00 0.00 0.00 0.00 0.00 0.00 0.00 0.00 0.00 0.00 0.00 0.00 0.00 0.00 0.00 0.00
5.74 5.74 5.74 5.74 5.80 5.80 5.80 5.80 5.80 4.47 4.47 4.47 4.47 5.76 5.76 5.72 4.87 4.47 5.76 5.76 4.05 5.71 5.66 5.66 5.71 4.05 4.05 4.82 4.43 5.72 4.83 4.43 5.72 5.72 5.72 4.05 5.44 5.44 3.88 4.59 5.44 5.41 5.41 5.41 1.39 4.62 4.62 5.41 0.00 0.00 0.00 0.00 0.00 0.00 0.00 0.00 0.00 0.00 0.00 0.00 0.00 0.00 0.00 0.00 0.00 0.00 0.00 0.00 0.00 0.00 0.00 0.00 0.00 0.00 0.00 0.00 0.00 0.00 0.00 0.00 0.00 0.00 0.00 0.00
5.74 5.74 5.74 5.74 5.80 5.80 5.80 5.80 5.80 4.47 4.47 4.47 4.87 5.76 5.76 4.47 4.47 4.87 5.72 5.76 4.05 5.71 4.82 5.71 5.66 4.82 4.82 4.82 4.82 5.72 5.72 1.46 1.46 5.68 5.68 5.68 5.44 5.44 5.44 5.44 5.41 4.20 5.41 4.20 4.20 0.00 0.00 0.00 0.00 0.00 0.00 0.00 0.00 0.00 0.00 0.00 0.00 0.00 0.00 0.00 0.00 0.00 0.00 0.00 0.00 0.00 0.00 0.00 0.00 0.00 0.00 0.00 0.00 0.00 0.00 0.00 0.00 0.00 0.00 0.00 0.00 0.00 0.00 0.00
5.74 5.74 5.74 5.74 5.80 5.80 5.80 4.91 4.91 4.47 4.47 4.47 5.76 5.76 5.72 4.87 4.87 4.47 5.72 5.72 5.71 5.71 4.43 5.66 5.71 5.71 4.82 5.66 5.68 5.68 5.72 5.72 1.46 1.46 5.72 5.72 5.44 5.44 5.41 4.20 5.41 5.44 4.20 4.20 4.62 0.00 0.00 0.00 0.00 0.00 0.00 0.00 0.00 0.00 0.00 0.00 0.00 0.00 0.00 0.00 0.00 0.00 0.00 0.00 0.00 0.00 0.00 0.00 0.00 0.00 0.00 0.00 0.00 0.00 0.00 0.00 0.00 0.00 0.00 0.00 0.00 0.00 0.00 0.00
5.74 5.74 4.87 5.74 5.80 5.80 5.80 5.80 5.80 5.80 4.87 4.87 5.72 4.47 4.47 4.47 4.87 4.47 5.72 5.76 5.66 5.66 4.82 4.82 5.71 4.82 4.82 4.43 4.43 4.83 5.68 4.05 4.05 1.46 5.68 5.72 2.03 1.39 1.39 1.39 4.20 5.41 5.44 4.62 5.41 0.00 0.00 0.00 0.00 0.00 0.00 0.00 0.00 0.00 0.00 0.00 0.00 0.00 0.00 0.00 0.00 0.00 0.00 0.00 0.00 0.00 0.00 0.00 0.00 0.00 0.00 0.00 0.00 0.00 0.00 0.00 0.00 0.00 0.00 0.00 0.00 0.00 0.00 0.00
5.74 4.43 4.43 4.43 4.47 5.80 5.80 4.55 5.80 4.87 4.87 4.87 5.76 5.76 4.47 4.87 4.47 4.47 4.47 5.72 4.43 4.43 5.71 4.43 5.71 5.71 4.43 4.43 4.43 4.83 4.43 4.83 4.83 5.68 5.68 5.68 2.03 1.39 1.39 4.62 4.62 5.41 5.41 5.41 5.41 0.00 0.00 0.00 0.00 0.00 0.00 0.00 0.00 0.00 0.00 0.00 0.00 0.00 0.00 0.00 0.00 0.00 0.00 0.00 0.00 0.00 0.00 0.00 0.00 0.00 0.00 0.00 0.00 0.00 0.00 0.00 0.00 0.00 0.00 0.00 0.00 0.00 0.00 0.00
5.74 4.43 4.43 4.87 4.91 4.47 5.80 5.80 5.80 4.87 4.87 5.76 4.09 4.47 4.87 4.87 4.47 4.87 4.47 4.47 4.43 4.82 5.71 5.71 5.66 4.43 4.43 4.43 4.43 4.43 4.83 4.43 4.43 5.68 5.72 4.86 5.41 4.62 4.62 5.41 5.41 0.00 0.00 0.00 0.00 0.00 0.00 0.00 0.00 0.00 0.00 0.00 0.00 0.00 0.00 0.00 0.00 0.00 0.00 0.00 0.00 0.00 0.00 0.00 0.00 0.00 0.00 0.00 0.00 0.00 0.00 0.00 0.00 0.00 0.00 0.00 0.00 0.00 0.00 0.00 0.00 0.00 0.00 0.00
