New_Model_Runs/11_Future_RCP4.5_Scn1_out/post_prcessed_with_MFR/Monthly_summaries/actual_et_monthly_FEB.asc
NCOLS 700
NROWS 400
XLLCENTER 515000.000000
YLLCENTER 8409000.000000
CELLSIZE 50.000000
NODATA_value -999.000000
[rows 266 to 303 of 400, columns 168 to 251 of 700]
3.90 3.90 3.90 5.05 3.90 3.90 1.28 1.28 1.33 1.33 1.33 1.33 1.33 1.33 1.33 1.33 1.33 1.33 1.33 1.33 1.33 1.33 1.33 1.33 1.23 1.23 1.23 1.23 1.23 3.99 3.99 3.73 3.73 3.73 1.23 1.23 1.23 1.23 1.23 1.23 1.28 1.28 1.28 4.11 1.28 1.28 3.89 3.89 3.89 4.11 4.10 4.10 4.10 4.10 4.26 4.26 4.05 4.05 4.05 4.05 4.05 4.05 3.69 3.69 4.05 4.79 4.79 4.78 3.69 4.05 4.05 4.05 5.03 5.04 5.03 5.04 5.04 3.52 4.93 4.14 4.14 4.14 3.89 3.86
4.28 4.28 4.28 5.05 4.25 4.21 1.28 1.28 1.33 1.33 1.33 1.33 1.33 1.33 1.33 1.33 1.33 1.33 1.33 1.33 1.33 1.33 1.33 1.33 1.23 1.23 1.23 1.23 1.23 3.99 3.99 3.73 4.09 3.99 1.23 1.23 1.23 1.23 1.23 1.23 1.28 1.28 1.28 4.11 4.11 1.28 3.89 3.89 3.89 4.11 4.10 4.10 4.10 4.10 4.10 4.26 4.05 4.05 4.79 4.05 4.05 4.05 4.05 3.69 3.69 4.05 4.79 4.79 3.69 4.05 4.05 4.05 5.04 5.04 5.03 5.04 3.52 4.87 4.87 4.87 4.87 4.87 4.14 4.14
3.90 3.90 5.05 5.05 4.28 4.28 4.28 1.28 1.33 1.33 1.33 1.33 1.33 1.33 1.33 1.33 1.33 1.33 1.33 1.33 1.33 1.33 1.33 1.33 1.23 1.23 1.23 1.23 1.23 3.73 3.99 4.09 4.09 3.99 1.23 1.23 1.23 1.23 1.23 1.23 1.28 4.11 4.11 1.28 4.11 4.11 3.89 4.11 4.11 4.11 4.10 4.10 4.10 4.10 4.10 4.10 4.05 4.05 3.69 4.05 4.05 4.05 4.05 4.79 4.78 4.79 4.79 4.79 4.78 4.05 4.05 4.05 5.04 5.04 5.04 3.52 5.03 4.14 4.93 4.14 3.86 4.87 4.87 4.14
5.05 5.05 5.05 5.05 4.28 4.28 1.28 1.28 1.33 1.33 1.33 4.04 4.04 4.04 1.33 1.33 1.33 1.33 1.33 1.33 1.33 1.33 1.33 1.33 1.23 1.23 1.23 4.76 1.23 3.73 3.73 4.09 4.09 1.23 1.23 1.23 1.23 1.23 1.23 1.23 3.89 4.11 4.11 4.11 4.11 4.11 4.11 4.11 4.11 4.11 4.10 4.10 1.28 1.28 1.28 3.83 3.69 4.05 4.78 4.78 4.05 4.05 4.05 4.05 3.69 4.78 4.78 4.78 4.79 4.05 4.78 4.05 4.25 5.03 5.04 5.04 3.89 3.86 4.87 4.93 3.86 4.14 4.87 4.87
5.05 3.90 5.05 4.28 4.28 4.28 1.28 1.28 1.33 4.05 5.25 4.05 4.05 4.04 1.33 1.33 1.33 1.33 1.33 1.33 1.33 1.33 1.33 1.33 1.23 1.23 1.23 1.23 1.23 3.73 4.09 4.09 4.09 1.23 1.23 1.23 1.23 1.23 1.23 1.23 4.11 4.11 3.89 4.11 4.11 4.11 4.11 4.79 4.90 3.83 3.83 3.83 1.28 3.83 3.83 3.83 3.69 4.05 4.05 3.96 3.96 3.96 4.05 4.05 4.78 3.69 4.78 4.79 4.05 4.05 4.78 4.05 5.04 5.04 5.04 5.03 3.86 3.86 4.14 4.14 3.86 3.86 4.14 3.87
4.28 5.05 3.87 3.90 4.28 3.90 1.28 1.28 1.33 4.05 4.05 4.05 4.05 4.05 1.33 1.33 4.04 1.33 1.33 1.33 1.96 1.33 1.33 1.33 1.23 1.23 1.23 1.23 4.09 4.09 4.09 4.09 4.09 4.09 1.23 1.23 1.23 1.23 1.23 1.23 4.11 4.11 4.11 4.11 4.11 4.11 4.11 4.79 4.79 3.83 3.83 1.28 1.28 1.28 4.10 4.10 4.05 4.05 4.71 3.96 3.96 3.68 3.96 4.78 4.79 4.79 4.78 4.79 4.79 4.78 4.78 3.40 4.25 5.04 5.03 3.89 3.86 3.86 3.86 4.93 3.86 3.86 3.87 3.87
4.28 5.05 5.05 3.90 3.90 1.28 1.28 1.28 1.33 4.05 4.05 4.05 4.05 1.33 1.33 4.05 4.05 4.05 4.45 4.45 4.35 5.19 1.96 1.33 1.23 1.23 4.10 4.10 4.10 4.10 4.10 4.10 4.10 4.10 3.73 3.73 1.23 3.73 1.23 1.23 1.28 1.28 4.27 4.27 4.27 4.27 4.27 5.04 5.04 1.28 1.28 1.28 1.28 1.28 1.28 4.10 4.05 3.96 3.38 3.38 4.71 4.66 3.96 4.78 4.79 3.40 3.40 4.79 3.69 4.78 4.78 4.79 5.03 5.04 5.04 3.89 4.87 3.86 3.86 4.87 4.87 3.86 3.87 3.87
4.28 5.05 4.28 3.90 1.28 1.28 1.28 1.28 4.05 4.05 4.05 4.05 4.05 1.33 1.33 1.33 4.05 4.45 4.45 4.45 4.45 4.22 4.22 1.96 1.23 1.23 4.10 4.10 4.10 4.10 4.10 4.10 4.10 4.10 4.10 4.10 4.10 3.73 1.23 1.23 1.28 1.28 4.27 4.27 4.27 4.27 4.27 5.04 3.89 3.89 1.28 3.83 3.83 4.10 4.10 3.83 3.96 4.66 4.71 4.71 4.71 4.66 4.66 4.66 4.71 3.40 4.79 4.79 4.05 4.78 4.78 3.40 3.52 5.03 5.03 4.87 4.87 3.86 3.86 4.87 4.93 4.93 3.87 3.87
5.25 5.25 5.25 1.33 1.33 4.05 4.05 4.05 4.02 4.02 4.02 4.02 4.02 4.02 1.33 1.33 4.02 4.02 4.42 4.42 4.42 1.33 1.33 1.33 1.31 1.31 1.31 4.38 4.38 4.38 4.38 4.38 4.38 4.38 4.38 4.36 4.36 4.36 1.31 1.93 1.95 4.42 4.42 4.42 4.42 4.42 4.42 5.24 5.22 4.42 4.42 4.42 3.96 4.24 4.24 4.24 1.27 4.81 3.82 4.87 4.82 4.82 4.82 4.10 4.82 4.87 4.87 4.87 4.98 3.50 3.50 3.50 3.57 5.14 4.96 4.96 4.96 5.01 3.93 5.01 4.96 5.01 3.93 3.93
4.05 5.25 5.25 1.33 1.33 4.05 4.45 4.05 4.02 4.02 4.40 4.02 4.02 4.02 1.33 1.33 1.33 1.33 4.42 4.42 4.42 1.33 1.33 1.33 1.31 1.31 1.31 1.31 4.38 4.38 4.38 4.38 4.38 4.38 5.16 1.31 1.31 4.36 1.31 1.31 1.33 1.33 4.42 4.42 4.42 4.42 4.42 4.42 4.42 4.42 4.42 4.42 4.42 3.96 4.24 3.96 1.27 3.78 3.82 4.10 4.87 4.82 4.10 4.10 4.87 4.82 4.87 4.87 4.87 4.87 3.46 3.46 5.01 4.22 3.93 3.93 4.22 4.22 4.22 4.22 4.22 3.93 3.93 4.96
5.25 5.25 5.25 1.33 1.33 4.05 1.96 4.05 4.02 4.02 4.02 4.02 4.02 4.02 1.33 1.33 1.33 1.33 4.42 4.42 1.33 1.33 1.33 1.33 1.31 1.31 1.31 3.98 4.38 4.38 4.38 4.38 4.38 4.38 4.38 5.16 3.98 1.31 1.31 1.31 4.42 4.04 4.42 4.42 4.42 4.42 1.33 4.04 5.22 5.24 4.42 4.42 4.42 4.04 4.42 4.24 3.78 1.27 4.87 4.87 4.10 4.10 4.10 4.87 4.87 4.82 4.87 4.87 4.87 3.46 4.87 4.87 5.01 4.96 3.93 4.22 4.22 5.01 4.22 4.22 4.22 3.93 3.93 4.96
5.25 4.45 4.45 4.05 1.33 4.05 4.45 4.05 4.02 4.40 4.02 4.02 4.02 1.33 1.33 1.33 1.33 1.33 1.33 4.20 1.33 1.33 1.33 1.33 1.31 1.31 1.31 3.98 4.38 4.38 4.38 4.38 4.38 4.38 5.16 5.16 4.36 1.31 4.36 4.36 4.04 4.04 4.42 4.42 4.04 4.04 1.33 1.33 4.42 5.22 4.42 4.42 4.42 4.42 4.42 4.04 3.78 3.78 4.87 4.87 4.87 4.10 4.10 4.87 3.46 4.87 4.82 4.87 4.87 4.10 4.10 4.82 4.22 5.01 3.93 4.22 4.22 4.22 5.01 4.96 4.96 3.93 3.93 4.22
5.25 4.45 5.25 1.33 1.33 4.45 4.45 4.43 4.40 4.40 1.33 1.33 1.33 1.33 1.33 1.33 1.33 1.33 1.33 1.33 1.33 1.33 1.33 1.33 1.31 1.31 1.31 3.98 3.98 4.38 3.98 3.98 3.98 3.98 5.16 5.16 4.36 1.31 1.31 4.36 4.42 4.42 4.42 1.33 1.33 1.33 1.33 1.33 4.04 5.22 4.42 4.42 4.42 4.42 4.42 4.42 3.84 4.81 4.87 4.87 4.87 4.87 4.87 4.87 4.87 3.46 3.46 3.46 4.82 4.82 4.82 4.10 5.01 5.01 5.01 4.96 4.22 3.93 3.93 4.22 4.22 3.93 3.93 4.22
5.25 5.25 4.45 4.45 1.33 4.45 4.45 1.96 4.40 4.42 1.33 1.33 1.33 1.33 1.33 1.33 1.33 1.33 1.33 1.33 1.33 1.33 1.33 1.33 1.31 1.31 1.31 3.98 3.98 4.38 3.98 4.16 1.31 3.98 5.16 3.98 1.31 1.93 3.98 4.36 4.42 4.42 4.04 1.33 1.33 1.33 1.33 1.33 4.04 4.42 4.42 4.42 4.42 4.42 4.42 4.42 4.21 4.22 3.82 4.82 4.10 4.87 4.87 4.87 4.87 3.46 3.46 3.46 4.82 4.82 3.82 4.10 4.96 4.96 4.96 4.96 4.22 4.22 4.22 3.93 3.93 3.93 3.93 5.01
5.25 5.25 4.45 4.45 1.33 4.05 4.05 4.45 4.02 1.33 1.33 1.33 4.42 1.95 1.33 1.33 4.42 4.02 4.42 4.42 5.22 1.33 1.33 1.33 1.31 1.31 1.31 3.98 3.98 3.98 5.16 5.16 3.98 5.16 5.16 3.98 1.93 3.98 4.36 4.36 4.42 4.04 4.04 4.04 1.33 1.33 4.04 4.04 4.42 4.42 4.42 4.42 4.42 5.24 4.42 4.42 4.22 4.22 4.22 3.82 4.10 4.10 4.87 3.46 4.87 3.46 4.87 4.10 4.10 3.82 3.82 4.10 4.22 4.22 4.22 4.22 4.22 4.22 4.22 4.22 3.93 3.93 3.93 3.93
5.25 5.25 5.25 5.25 1.33 1.33 1.33 1.33 4.20 1.33 1.33 1.33 4.42 5.22 5.22 1.33 4.42 1.33 1.33 4.42 4.42 4.02 4.02 1.33 1.31 3.98 3.98 3.98 4.38 5.16 4.38 5.16 4.38 5.16 3.98 3.98 3.98 3.98 4.36 4.36 4.04 4.04 4.42 4.04 4.04 4.04 4.42 4.04 5.22 4.42 4.42 4.42 4.42 5.24 5.22 4.44 4.22 4.22 4.22 4.22 4.91 4.95 4.95 4.87 4.87 4.82 4.82 4.82 4.10 3.82 3.82 4.10 4.22 4.22 3.93 3.93 3.93 4.22 4.22 4.22 4.22 4.22 3.93 3.93
5.25 5.25 5.25 5.25 4.45 1.33 1.33 1.33 4.20 1.33 1.33 4.20 4.42 4.42 5.22 5.22 5.22 4.02 5.22 5.22 4.42 4.02 4.02 4.02 4.38 5.16 3.98 4.38 4.38 4.38 5.16 5.16 5.16 5.16 5.15 3.98 3.98 3.98 3.98 3.98 4.04 4.04 4.42 4.04 4.04 4.42 4.42 5.22 4.04 4.42 4.42 4.42 4.04 5.24 5.22 5.24 4.22 4.22 4.22 4.22 4.22 4.95 3.49 3.49 4.10 4.82 4.10 4.10 4.10 3.82 4.10 4.10 4.22 4.22 3.93 3.93 4.22 4.22 4.96 4.22 4.22 3.93 4.22 4.22
4.05 5.25 5.25 3.98 5.25 1.33 1.33 1.33 1.33 1.33 1.33 1.33 1.33 1.33 5.22 3.96 5.22 4.42 5.22 3.50 5.22 5.22 5.22 5.22 3.48 5.16 4.38 4.38 5.16 5.16 3.48 5.16 5.16 3.48 1.93 3.98 3.98 3.98 3.98 3.98 4.04 4.04 4.04 4.04 4.04 4.04 4.42 4.42 4.42 4.42 5.24 5.22 4.04 5.24 1.95 1.33 4.98 4.98 4.22 4.22 4.22 4.98 4.95 4.95 3.82 4.82 4.10 4.10 4.10 3.82 3.82 4.10 4.22 4.22 3.93 3.93 4.22 4.22 4.96 4.22 4.22 3.93 4.22 3.93
4.05 5.25 5.25 5.25 4.45 4.05 1.33 5.25 5.22 1.33 1.33 4.02 1.33 5.22 3.96 3.96 5.22 5.22 5.22 5.22 3.50 5.22 5.22 5.22 5.16 5.16 5.16 3.48 3.48 5.16 3.48 5.16 5.16 3.48 1.93 1.93 4.36 3.98 3.98 3.98 1.33 4.42 4.42 4.42 4.42 4.42 4.04 5.22 4.42 4.42 4.42 5.22 4.04 4.04 5.24 4.42 4.21 4.98 3.84 3.84 4.22 4.98 4.98 4.16 4.87 4.10 4.10 4.10 4.10 3.82 3.82 4.10 4.22 4.22 4.22 4.22 4.22 4.22 4.22 4.22 3.93 3.93 4.22 3.93
5.25 5.25 4.45 4.05 5.25 4.45 5.25 5.25 5.22 5.22 5.22 4.02 5.22 5.22 5.22 3.96 5.22 5.22 5.22 5.22 5.22 5.22 5.22 5.22 4.38 4.38 3.48 3.48 5.16 3.48 3.48 3.48 5.16 3.48 3.98 3.98 1.93 1.31 1.31 1.31 4.04 4.42 4.42 4.42 4.42 4.42 4.04 5.22 4.42 4.42 4.42 4.42 4.42 5.24 5.22 4.42 4.21 4.97 4.98 3.84 4.22 4.98 4.98 4.22 4.10 4.87 4.82 4.87 4.87 4.10 4.10 4.10 4.22 4.22 4.22 4.22 4.22 4.22 4.22 3.93 3.93 4.22 4.22 5.01
5.25 5.25 4.05 4.05 4.05 4.05 5.25 5.25 1.95 5.22 5.22 5.22 5.22 3.96 5.22 5.22 3.96 3.50 4.02 4.42 4.42 5.22 5.22 5.22 5.16 5.16 3.48 5.16 5.16 5.16 3.48 5.16 3.48 5.16 3.48 5.16 4.38 4.38 4.38 4.16 1.33 4.42 4.42 4.42 4.04 4.04 4.04 4.04 4.04 4.04 4.04 4.04 4.04 4.04 4.04 4.04 3.84 4.21 4.21 4.98 4.98 4.98 4.98 4.22 4.22 4.87 4.87 4.87 4.82 4.87 4.10 4.10 4.22 4.22 4.22 4.22 4.22 4.22 3.93 3.97 5.06 4.29 4.29 4.29
5.25 5.25 5.25 5.25 4.05 5.25 5.25 5.25 5.22 3.96 5.22 5.22 5.22 3.96 5.22 5.22 5.22 5.22 4.02 4.02 4.02 4.42 5.22 4.02 4.38 4.38 5.16 5.16 5.16 3.48 3.48 5.16 5.16 5.16 5.16 5.16 4.38 4.38 4.38 4.38 1.33 1.33 4.42 4.42 4.04 4.04 5.24 5.22 5.24 4.04 4.04 4.04 4.04 4.42 4.04 4.04 3.84 4.97 4.21 3.84 4.97 4.98 4.98 4.22 4.98 4.98 4.10 4.10 4.10 4.10 4.10 4.10 5.01 5.01 4.22 4.22 4.22 4.22 3.97 4.29 4.29 5.06 5.06 4.29
3.98 3.98 5.25 5.25 5.25 5.25 3.98 5.25 5.22 5.22 4.42 4.42 5.22 4.42 4.42 4.42 5.22 5.22 4.02 4.02 4.02 5.22 5.22 4.42 4.38 4.38 4.38 5.16 4.38 5.16 5.16 5.16 4.38 4.38 3.48 5.16 5.16 4.38 4.38 4.38 4.44 4.44 1.33 4.04 1.33 5.24 4.04 5.22 4.04 4.04 1.33 1.33 4.42 4.04 4.04 4.04 3.84 4.97 4.98 4.98 4.98 3.36 4.98 4.98 4.98 4.22 4.22 4.10 4.82 4.10 4.10 4.10 4.22 4.22 4.22 4.29 5.06 5.06 3.97 5.06 5.06 5.06 5.06 5.06
5.25 5.25 5.25 5.25 5.25 5.25 5.25 3.75 3.96 5.22 4.42 4.42 3.96 5.22 4.42 4.42 4.02 1.33 4.02 5.22 5.22 5.22 4.42 4.42 4.38 4.38 4.38 4.38 4.38 5.16 5.16 4.38 3.98 3.98 5.16 5.16 4.38 4.38 4.38 4.38 4.44 4.44 1.33 1.33 1.33 4.22 4.04 5.22 4.42 4.04 4.04 1.33 1.33 1.33 1.33 1.33 3.84 4.98 4.21 4.21 4.98 4.98 4.22 4.98 4.98 4.98 4.98 4.22 4.10 4.10 4.10 4.10 4.29 4.29 4.29 4.29 5.06 5.06 5.06 5.06 5.06 5.06 5.06 4.96
5.18 5.18 4.00 4.00 5.18 5.18 3.70 5.18 3.91 3.91 5.16 5.16 5.16 5.16 4.37 3.98 4.37 4.37 3.98 3.98 3.98 4.37 4.37 4.37 4.41 4.41 4.41 4.41 4.41 4.41 4.01 5.20 5.20 4.01 4.41 5.20 5.20 4.01 4.41 4.41 4.46 4.46 4.06 1.34 4.06 4.06 4.06 4.06 4.06 4.06 4.06 4.06 1.34 1.34 4.23 4.23 3.89 3.89 5.04 3.39 5.04 4.27 4.27 5.04 5.04 5.04 5.04 5.04 3.89 4.14 4.14 4.14 3.96 3.96 3.96 3.96 3.96 5.05 4.28 5.05 5.05 5.05 4.95 4.95
5.18 5.18 5.18 5.18 5.18 5.18 5.18 5.18 5.16 3.91 5.16 5.16 5.16 5.16 4.37 4.37 4.37 4.37 3.98 3.98 3.98 3.98 4.37 4.37 4.41 4.41 4.41 4.41 4.41 4.41 4.01 4.01 5.20 5.20 5.20 4.41 4.41 3.47 4.41 4.41 4.46 4.46 4.43 1.34 4.06 4.06 4.06 1.34 1.34 1.34 4.06 4.06 1.34 1.34 1.34 4.23 3.89 3.89 5.03 3.39 3.39 5.04 4.27 4.27 4.27 4.27 4.27 5.04 5.04 4.27 4.14 4.14 4.28 3.96 3.96 5.05 3.96 3.96 5.09 5.05 5.05 4.95 4.95 4.95
5.18 5.18 5.18 5.18 4.39 4.00 4.00 5.18 4.37 5.16 3.98 3.98 5.16 3.91 5.16 5.16 4.37 4.37 3.98 3.98 3.98 3.98 3.98 4.37 4.41 4.41 4.41 4.01 4.41 4.41 4.41 4.41 4.01 5.21 4.41 4.41 4.41 4.41 4.41 4.01 4.46 4.46 4.06 1.34 4.06 4.06 4.06 1.34 1.34 1.34 1.34 1.34 1.34 1.34 1.34 1.34 1.28 3.89 3.89 3.39 5.04 4.27 5.04 4.27 4.27 4.27 4.27 4.27 3.89 1.28 4.27 4.14 4.28 4.28 3.96 3.96 3.96 3.96 5.09 4.95 4.95 4.95 4.95 4.95
5.18 5.18 5.18 5.18 5.18 5.18 4.00 5.18 4.37 5.16 4.37 3.98 3.98 4.37 5.16 5.16 5.16 4.37 3.98 3.98 3.98 3.98 4.37 4.37 4.41 4.41 4.41 4.01 4.41 4.41 4.41 5.21 5.21 5.21 4.41 4.41 4.01 4.01 4.01 5.21 4.46 4.06 4.06 1.96 1.34 4.43 1.34 1.34 1.34 1.34 1.34 1.34 1.34 4.06 4.43 1.34 1.28 1.88 5.03 5.04 5.04 3.89 3.89 5.04 4.27 4.27 4.27 3.89 3.89 3.89 3.89 4.27 3.96 4.28 3.96 3.96 3.96 5.09 5.00 5.00 4.95 4.95 4.95 4.95
3.70 5.18 5.18 5.18 5.18 5.18 4.39 4.39 3.98 5.16 4.37 4.37 4.37 4.37 5.16 4.37 3.44 3.44 5.16 5.16 5.16 5.16 4.37 4.37 4.41 5.21 5.21 4.01 4.41 4.41 5.21 5.21 5.21 5.21 4.41 4.41 4.41 4.41 4.41 5.21 4.06 4.06 4.06 5.26 5.26 1.34 1.34 1.34 1.34 1.34 1.34 4.06 4.06 4.06 4.06 4.06 1.28 1.28 5.04 5.03 3.39 4.27 4.27 3.39 5.04 5.04 5.04 5.04 3.89 4.27 4.27 4.27 4.35 4.35 3.96 4.28 5.05 4.95 5.00 5.00 5.00 3.53 3.53 4.95
3.93 5.18 5.18 5.18 4.00 4.39 4.39 4.39 3.98 5.16 5.16 5.16 4.37 4.37 4.37 4.37 4.37 5.16 3.44 3.44 5.16 5.16 3.38 5.16 4.41 5.21 5.21 4.41 4.41 5.21 5.21 5.21 5.21 4.41 5.21 4.01 4.41 5.21 5.21 5.21 4.46 4.46 4.46 4.06 5.26 5.26 5.26 5.23 5.23 1.34 1.34 4.06 4.43 4.43 4.06 4.43 1.28 1.28 1.28 1.28 5.04 4.27 4.27 5.04 5.04 5.04 4.27 4.27 5.04 5.04 4.27 4.27 4.35 4.35 3.96 5.05 5.05 5.05 5.09 5.00 4.95 5.00 5.00 4.95
3.93 5.18 5.18 5.18 5.18 4.00 4.00 4.00 3.98 3.98 3.98 5.16 5.16 4.37 4.37 4.37 4.37 5.16 5.16 5.16 3.44 5.16 5.16 5.16 5.21 5.21 4.01 4.41 4.01 4.41 4.41 5.21 5.21 5.21 4.41 4.41 4.41 4.41 5.21 5.21 5.26 5.26 5.26 4.06 5.26 4.06 5.26 5.26 5.23 1.34 1.34 1.34 4.43 4.43 4.43 4.43 1.28 1.28 1.28 1.28 5.04 5.04 4.27 4.27 4.27 4.27 5.04 5.04 5.04 3.89 3.89 4.27 4.35 3.96 3.96 3.96 5.05 5.05 5.05 5.05 5.00 5.00 4.21 4.95
3.93 5.18 5.18 5.18 5.18 4.00 4.00 4.00 3.98 3.98 3.98 3.98 5.16 3.98 5.16 5.16 4.37 5.16 3.98 3.98 5.16 5.16 5.16 5.16 5.21 5.21 5.21 5.21 4.01 5.21 5.21 4.41 5.21 5.21 4.41 4.41 5.21 4.41 4.41 5.21 4.46 4.46 4.46 4.46 4.46 4.06 5.26 5.26 5.26 1.34 1.34 1.34 1.34 4.43 4.43 4.43 1.28 1.28 3.89 3.89 5.04 3.39 4.27 4.27 3.89 3.89 4.27 4.27 5.04 4.27 5.04 5.04 4.35 3.96 3.96 3.96 3.96 4.28 5.09 5.09 5.09 5.00 5.00 4.21
5.18 5.18 5.18 5.18 5.18 4.00 4.00 4.00 3.98 3.98 5.16 5.16 5.16 3.98 3.98 5.16 5.16 4.37 3.98 3.98 4.37 5.16 4.37 5.16 5.21 5.21 5.21 4.01 5.21 5.21 5.21 5.21 5.21 5.21 5.21 5.21 5.21 5.21 4.41 4.41 4.46 4.46 4.46 4.46 4.46 4.06 4.06 4.06 1.34 1.34 1.34 1.34 1.34 1.34 4.06 1.34 1.28 3.89 3.89 3.89 5.04 5.04 4.27 4.27 5.04 3.89 5.04 4.27 4.27 4.27 4.27 5.04 4.35 3.96 5.13 5.13 5.13 3.40 3.55 5.09 3.96 4.21 5.00 4.21
4.00 4.00 5.18 3.93 4.00 4.00 5.18 4.00 3.98 3.98 3.98 5.16 5.16 4.37 3.98 5.16 5.16 5.16 5.16 4.37 4.37 4.37 4.37 4.37 5.21 5.21 5.21 5.21 5.21 3.47 5.21 3.47 3.47 3.47 4.41 4.41 5.21 5.21 5.21 4.41 4.46 4.46 4.46 4.46 4.46 4.46 4.06 4.46 4.46 4.46 4.06 1.34 1.34 1.34 4.06 1.34 5.03 3.89 4.27 3.89 4.27 5.04 3.89 4.27 5.04 5.04 5.04 4.27 3.89 4.27 4.27 4.27 4.35 5.13 5.13 5.13 5.13 5.13 3.40 4.28 5.09 5.00 4.95 5.00
4.39 4.39 4.39 3.93 5.18 4.39 4.39 5.18 5.16 4.37 4.37 5.16 4.37 4.37 5.16 5.16 5.16 5.16 5.16 4.37 5.16 4.37 3.98 4.37 4.41 5.21 5.21 3.47 5.21 5.21 5.21 5.21 5.21 3.47 5.21 4.41 5.21 5.21 4.41 4.41 4.46 4.46 4.46 4.46 4.46 4.46 4.46 4.46 4.46 4.46 4.06 4.46 1.34 1.34 1.34 1.34 4.26 4.27 3.89 3.89 5.04 3.89 3.89 4.27 5.04 4.27 4.27 5.04 5.04 4.27 4.27 3.89 5.13 5.13 5.13 5.13 5.13 5.13 3.40 3.40 3.55 5.05 4.95 4.95
4.39 4.39 4.00 5.18 5.18 5.18 5.18 4.39 4.37 4.37 4.37 5.16 4.37 4.37 4.37 4.37 5.16 5.16 5.16 5.16 4.37 4.37 4.37 5.16 4.41 4.41 5.21 5.21 5.21 5.21 5.21 5.21 5.21 5.21 5.21 5.21 3.47 4.41 4.01 4.01 4.46 5.26 5.26 4.46 4.46 4.46 5.26 5.26 4.46 4.06 4.46 4.46 4.46 4.46 4.06 1.34 4.27 4.27 4.27 3.89 5.04 4.27 3.89 4.27 5.04 4.27 4.27 4.27 5.04 5.04 5.04 5.04 3.40 3.40 5.13 5.13 5.13 5.13 5.13 3.40 5.13 5.09 4.95 4.95
4.00 4.00 4.39 4.39 5.18 3.93 5.18 4.39 3.98 4.37 5.16 5.16 3.91 4.37 4.37 5.16 5.16 5.16 5.16 4.37 4.37 4.37 4.37 4.37 4.41 4.41 5.21 5.21 5.21 5.21 4.41 5.21 4.41 5.21 4.41 4.01 5.21 5.21 3.40 5.21 4.46 5.26 5.26 5.26 4.46 4.46 5.26 5.26 5.26 5.26 5.26 4.46 4.46 4.46 4.06 4.46 4.27 4.27 4.27 4.27 5.04 4.27 4.27 4.27 3.89 4.27 4.27 4.27 5.04 4.27 4.27 5.04 5.13 3.40 5.13 5.13 5.13 5.13 5.13 3.40 3.40 5.13 5.00 5.00
4.00 5.18 5.18 5.18 5.18 3.93 5.18 5.18 3.98 4.37 5.16 5.16 5.16 4.37 4.37 4.37 5.16 5.16 5.16 4.37 3.98 4.37 5.16 4.37 4.01 5.21 5.21 4.01 5.21 4.01 4.01 4.41 4.41 4.01 4.41 4.41 4.01 5.21 5.21 3.47 5.26 5.26 4.46 4.46 4.46 4.06 4.06 4.46 4.46 4.46 4.46 4.06 4.06 4.46 1.34 4.46 4.27 4.27 4.27 5.04 5.04 4.27 5.04 4.27 4.27 4.27 4.27 4.27 4.27 3.89 5.04 4.27 5.13 5.13 5.13 5.13 5.13 5.13 5.13 4.35 5.13 5.13 5.13 5.00
