New_Model_Runs/11_Future_RCP4.5_Scn1_out/post_prcessed_with_MFR/Monthly_summaries/interception_monthly_JUL.asc
NCOLS 700
NROWS 400
XLLCENTER 515000.000000
YLLCENTER 8409000.000000
CELLSIZE 50.000000
NODATA_value -999.000000
[rows 152 to 189 of 400, columns 252 to 335 of 700]
0.00 0.00 0.00 0.00 0.00 0.00 0.00 0.00 0.00 0.00 0.00 0.00 0.00 0.00 0.00 0.00 0.00 0.00 0.00 0.00 0.00 0.00 0.00 0.00 0.00 0.00 0.00 0.00 0.00 0.00 0.00 0.00 0.00 0.00 0.00 0.00 0.00 0.00 0.00 0.00 0.00 0.00 0.00 0.00 0.00 0.00 0.00 1.33 1.49 1.49 1.49 1.49 1.64 1.64 1.64 1.64 1.75 1.75 1.75 1.75 1.69 1.69 1.69 1.69 1.45 1.45 1.45 1.45 1.16 1.16 1.16 1.16 1.00 0.00 0.00 0.00 0.00 0.00 0.00 0.00 0.00 0.00 0.00 0.00
0.00 0.00 0.00 0.00 0.00 0.00 0.00 0.00 0.00 0.00 0.00 0.00 0.00 0.00 0.00 0.00 0.00 0.00 0.00 0.00 0.00 0.00 0.00 0.00 0.00 0.00 0.00 0.00 0.00 0.00 0.00 0.00 0.00 0.00 0.00 0.00 0.00 0.00 0.00 0.00 0.00 0.00 0.00 0.00 0.00 0.00 1.33 1.33 1.49 1.49 1.49 1.49 1.64 1.64 1.64 1.64 1.75 1.75 1.75 1.75 1.69 1.69 1.69 1.69 1.45 1.45 1.45 1.45 1.16 1.16 0.00 1.16 0.00 0.00 0.00 0.00 0.00 0.00 0.00 0.00 0.00 0.00 0.00 0.00
0.00 0.00 0.00 0.00 0.00 0.00 0.00 0.00 0.00 0.00 0.00 0.00 0.00 0.00 0.00 0.00 0.00 0.00 0.00 0.00 0.00 0.00 0.00 0.00 0.00 0.00 0.00 0.00 0.00 0.00 0.00 0.00 0.00 0.00 0.00 0.00 0.00 0.00 0.00 0.00 0.00 0.00 0.00 0.00 0.00 1.33 1.33 1.33 1.49 1.49 1.49 1.49 1.64 1.64 1.64 1.64 1.75 1.75 1.75 1.75 1.69 1.69 1.69 1.69 1.45 1.45 1.45 1.45 1.16 1.16 0.00 0.00 0.00 0.00 0.00 0.00 0.00 0.00 0.00 0.00 0.00 0.00 0.00 0.00
0.00 0.00 0.00 0.00 0.00 0.00 0.00 0.00 0.00 0.00 0.00 0.00 0.00 0.00 0.00 0.00 0.00 0.00 0.00 0.00 0.00 0.00 0.00 0.00 0.00 0.00 0.00 0.00 0.00 0.00 0.00 0.00 0.00 0.00 0.00 0.00 0.00 0.00 0.00 0.00 0.00 0.00 0.00 0.00 0.00 1.33 1.33 1.33 1.49 1.49 1.49 1.49 1.64 1.64 1.64 1.64 1.75 1.75 1.75 1.75 1.69 1.69 1.69 1.69 1.45 1.45 1.45 1.45 1.16 1.16 1.16 0.00 0.00 0.00 0.00 0.00 0.00 0.00 0.00 0.00 0.99 0.99 0.00 0.00
0.00 0.00 0.00 0.00 0.00 0.00 0.00 0.00 0.00 0.00 0.00 0.00 0.00 0.00 0.00 0.00 0.00 0.00 0.00 0.00 0.00 0.00 0.00 0.00 0.00 0.00 0.00 0.00 0.00 0.00 0.00 0.00 0.00 0.00 0.00 0.00 0.00 0.00 0.00 0.00 0.00 0.00 0.00 0.00 0.00 1.38 1.38 1.38 1.41 1.41 1.41 1.41 1.45 1.45 1.45 1.45 1.49 1.49 1.49 1.49 1.49 1.49 1.49 1.49 1.44 1.44 1.44 1.44 1.17 1.17 1.17 1.17 0.00 0.00 0.00 0.00 0.00 0.00 0.00 0.00 0.00 0.00 0.92 1.06
0.00 0.00 0.00 0.00 0.00 0.00 0.00 0.00 0.00 0.00 0.00 0.00 0.00 0.00 0.00 0.00 0.00 0.00 0.00 0.00 0.00 0.00 0.00 0.00 0.00 0.00 0.00 0.00 0.00 0.00 0.00 0.00 0.00 0.00 0.00 0.00 0.00 0.00 0.00 0.00 0.00 0.00 0.00 0.00 0.00 1.38 1.38 1.38 1.41 1.41 1.41 1.41 1.45 1.45 1.45 1.45 1.49 1.49 1.49 1.49 1.49 1.49 1.49 1.49 1.44 1.44 1.44 1.44 1.17 1.17 1.17 0.00 0.00 0.00 0.00 0.00 0.00 1.01 0.89 1.01 0.00 0.00 1.06 0.00
0.00 0.00 0.00 0.00 0.00 0.00 0.00 0.00 0.00 0.00 0.00 0.00 0.00 0.00 0.00 0.00 0.00 0.00 0.00 0.00 0.00 0.00 0.00 0.00 0.00 0.00 0.00 1.49 0.00 0.00 0.00 0.00 0.00 0.00 0.00 0.00 0.00 0.00 0.00 0.00 0.00 0.00 0.00 0.00 1.38 1.38 1.38 1.38 1.41 1.41 1.41 1.41 1.45 1.45 1.45 1.45 1.49 1.49 1.49 1.49 1.49 1.49 1.49 1.49 1.44 1.44 1.44 1.44 1.17 1.17 0.00 0.00 0.00 0.00 0.00 0.00 0.00 0.00 1.01 1.01 1.06 0.00 1.06 0.00
0.00 0.00 0.00 0.00 0.00 0.00 0.00 0.00 0.00 0.00 0.00 0.00 0.00 0.00 0.00 0.00 0.00 0.00 0.00 0.00 0.00 0.00 0.00 0.00 0.00 0.00 1.49 1.49 0.00 0.00 0.00 0.00 0.00 0.00 0.00 0.00 0.00 0.00 0.00 0.00 0.00 0.00 0.00 0.00 0.00 0.00 0.00 1.38 1.41 1.41 1.41 1.41 1.45 1.45 1.45 1.45 1.49 1.49 1.49 1.49 1.49 1.49 1.49 1.49 1.44 1.44 1.44 1.44 1.17 1.17 1.17 0.00 0.00 0.00 0.00 0.00 0.00 0.00 0.00 1.01 1.06 1.06 1.06 1.06
0.00 0.00 0.00 0.00 0.00 0.00 0.00 0.00 0.00 0.00 0.00 0.00 0.00 0.00 0.00 0.00 0.00 0.00 0.00 0.00 0.00 0.00 0.00 0.00 0.00 1.45 1.45 1.45 1.50 0.00 0.00 0.00 0.00 0.00 0.00 0.00 0.00 0.00 0.00 0.00 0.00 0.00 0.00 0.00 0.00 0.00 0.00 0.00 1.17 1.17 0.00 0.00 1.20 1.20 1.20 1.20 1.24 1.24 1.24 1.24 1.35 1.35 1.35 1.35 1.44 1.44 1.44 1.44 1.24 1.24 0.00 0.00 0.00 0.00 0.00 0.00 0.00 0.00 0.00 1.03 1.13 1.13 1.13 1.13
0.00 0.00 0.00 0.00 0.00 0.00 0.00 0.00 0.00 0.00 0.00 0.00 0.00 0.00 0.00 0.00 0.00 0.00 0.00 0.00 0.00 0.00 0.00 0.00 0.00 1.45 1.45 1.45 1.50 1.50 1.50 0.00 0.00 0.00 0.00 0.00 0.00 0.00 0.00 0.00 0.00 0.00 0.00 0.00 0.00 0.00 0.00 0.00 0.00 0.00 0.00 0.00 1.20 1.20 1.20 1.20 1.24 1.24 1.24 1.24 1.35 1.35 1.35 1.35 1.44 1.44 1.44 1.44 1.24 1.14 0.00 0.00 0.00 0.00 0.00 0.00 0.00 0.00 0.00 1.03 1.13 1.13 1.13 1.13
0.00 0.00 0.00 0.00 0.00 0.00 0.00 0.00 0.00 0.00 0.00 0.00 0.00 0.00 0.00 0.00 0.00 0.00 0.00 0.00 0.00 0.00 0.00 0.00 0.00 1.53 1.53 1.53 1.59 1.59 1.59 0.00 0.00 0.00 0.00 0.00 0.00 0.00 0.00 0.00 0.00 0.00 0.00 0.00 0.00 0.00 0.00 0.00 0.00 0.00 0.00 1.22 1.25 1.25 1.25 1.25 1.29 1.29 1.29 1.29 1.42 1.42 1.42 1.42 1.52 1.52 0.00 1.52 0.00 0.00 0.00 0.00 0.00 0.00 0.00 0.00 0.00 0.00 0.00 0.00 1.19 1.19 1.19 1.19
0.00 0.00 0.00 0.00 0.00 0.00 0.00 0.00 0.00 0.00 0.00 0.00 0.00 0.00 0.00 0.00 0.00 0.00 0.00 0.00 0.00 0.00 0.00 0.00 1.53 1.53 1.53 1.53 1.59 1.59 1.59 1.59 1.56 0.00 1.56 0.00 0.00 0.00 0.00 0.00 0.00 0.00 0.00 0.00 0.00 0.00 0.00 0.00 0.00 0.00 0.00 1.22 1.25 1.25 1.25 1.25 1.29 1.29 1.29 1.29 1.42 1.42 1.42 1.42 1.52 1.52 1.52 1.52 1.32 0.00 0.00 0.00 0.00 0.00 0.00 0.00 0.00 0.00 0.00 0.00 1.19 1.19 1.19 1.19
0.00 0.00 0.00 0.00 0.00 0.00 0.00 0.00 0.00 0.00 0.00 0.00 0.00 0.00 0.00 0.00 0.00 0.00 0.00 0.00 0.00 0.00 1.40 1.40 1.66 1.66 1.66 1.66 1.75 1.75 1.75 1.28 1.57 1.57 0.00 0.00 1.37 0.00 0.00 0.00 0.00 0.00 0.00 0.00 0.00 0.00 0.00 0.00 0.00 0.00 0.00 0.00 0.00 0.00 0.00 0.00 1.07 1.07 1.07 1.07 1.25 1.25 1.25 1.25 1.49 1.49 0.00 1.49 1.43 1.43 0.00 0.00 0.00 0.00 0.00 0.00 0.00 1.11 0.00 0.00 0.00 1.18 1.18 1.18
0.00 0.00 0.00 0.00 0.00 0.00 0.00 0.00 0.00 0.00 0.00 0.00 0.00 0.00 0.00 0.00 0.00 0.00 0.00 0.00 1.40 1.40 1.40 1.40 1.66 1.66 1.66 1.66 1.75 1.75 1.75 1.75 0.00 0.00 0.00 0.00 1.37 1.37 1.37 0.00 0.00 0.00 0.00 0.00 0.00 0.00 0.00 0.00 0.00 0.00 0.00 0.00 0.00 0.00 0.00 0.00 0.00 0.00 0.00 1.07 1.25 0.00 0.00 1.25 1.49 1.49 1.49 1.49 1.43 1.43 1.43 0.00 0.00 0.00 0.00 0.00 0.95 1.11 1.11 0.00 0.00 1.18 1.18 1.18
0.00 0.00 0.00 0.00 0.00 0.00 0.00 0.00 0.00 0.00 0.00 0.00 0.00 0.00 0.00 0.00 0.00 1.25 0.00 0.00 1.40 1.40 1.40 1.40 1.66 1.66 1.66 1.66 1.75 1.75 1.75 1.75 1.57 0.00 1.57 1.57 1.37 1.08 0.00 0.00 1.04 0.00 0.00 0.00 0.00 0.00 0.00 0.00 0.00 0.00 0.00 0.00 0.00 0.00 0.00 0.00 0.00 0.00 0.00 1.07 1.25 1.02 1.25 1.25 1.49 1.49 1.49 1.49 1.43 1.43 1.43 1.43 0.00 0.00 0.00 0.00 1.11 1.11 1.11 1.11 0.00 1.18 1.18 1.18
0.00 0.00 0.00 0.00 0.00 0.00 0.00 0.00 0.00 0.00 0.00 0.00 0.00 0.00 0.00 0.00 1.25 1.25 1.25 1.25 1.40 1.40 1.40 1.40 1.66 1.66 1.66 1.66 1.75 1.75 1.75 1.75 1.57 1.57 1.57 1.57 1.37 0.00 1.37 0.00 1.28 0.00 0.00 0.00 0.00 0.00 0.00 0.00 0.00 0.00 0.00 0.00 0.00 0.00 0.00 0.00 0.00 0.00 0.00 1.07 1.25 1.25 1.25 1.25 1.49 1.49 1.49 1.49 1.43 1.43 1.43 1.43 0.00 0.00 0.00 1.19 1.11 1.11 1.11 1.11 0.00 1.18 1.18 1.18
0.00 0.00 0.00 0.00 0.00 0.00 0.00 0.00 0.00 0.00 0.00 0.00 0.00 0.00 1.25 1.25 1.31 1.31 1.31 1.31 1.56 1.56 1.56 1.56 1.86 1.86 1.86 1.86 1.75 1.75 1.75 1.75 1.43 1.43 1.43 1.43 1.20 1.20 1.20 1.20 1.07 0.00 0.00 0.00 0.00 0.00 0.00 0.00 0.00 0.00 0.00 0.00 0.00 0.00 0.00 0.00 0.00 0.00 1.01 1.01 1.13 1.13 1.13 1.13 1.43 1.43 1.43 1.43 1.55 1.55 1.55 1.55 0.00 0.00 0.00 1.39 1.22 1.22 1.22 1.22 0.00 1.20 1.20 1.20
0.00 0.00 0.00 0.00 0.00 0.00 0.00 0.00 0.00 0.00 0.00 0.00 0.00 1.25 1.25 1.25 1.31 1.31 1.31 1.31 1.56 1.56 1.56 1.56 1.86 1.86 1.86 1.86 1.75 1.75 1.75 1.75 1.43 1.43 1.43 1.43 0.00 1.20 1.20 0.00 0.00 0.00 0.00 0.00 0.00 0.00 0.00 0.00 0.00 0.00 1.05 1.05 0.00 0.00 0.00 0.00 0.00 0.00 0.00 1.01 0.96 0.96 1.13 1.13 1.43 1.43 1.43 1.43 1.55 1.55 1.55 1.55 1.39 1.39 0.00 1.39 1.22 1.22 1.22 1.22 1.20 1.20 1.20 1.20
0.00 0.00 0.00 0.00 0.00 0.00 0.00 0.00 0.00 0.00 0.00 0.00 1.25 1.25 1.25 1.25 1.31 1.31 1.31 1.31 1.56 1.56 1.56 1.56 1.86 1.86 1.86 1.86 1.75 1.75 1.75 1.75 1.43 1.43 1.43 1.43 0.00 0.00 0.00 0.00 0.00 0.00 0.00 0.00 0.00 0.00 0.00 0.00 0.00 1.05 1.05 1.05 0.00 0.00 0.00 0.00 0.00 0.00 0.00 0.00 0.00 1.13 1.13 1.13 1.43 1.43 1.43 1.43 1.55 1.55 1.55 1.55 1.39 1.39 1.39 1.39 1.22 1.22 1.22 1.22 1.20 1.20 1.20 1.20
0.00 0.00 0.00 0.00 0.00 0.00 0.00 0.00 0.00 0.00 0.00 0.00 1.25 1.25 1.25 1.25 1.31 1.31 1.31 1.31 1.56 1.56 1.56 1.56 1.86 1.86 1.86 1.86 1.75 1.75 1.75 1.75 1.43 1.43 0.00 1.43 1.20 0.00 0.00 0.00 0.00 0.00 0.00 0.00 0.00 0.00 0.00 0.00 1.05 1.05 1.05 1.05 1.04 0.00 0.00 0.00 0.00 0.00 0.00 0.00 0.00 0.00 1.13 1.13 1.43 1.43 1.43 1.43 1.55 1.55 1.55 1.55 1.39 1.39 1.39 1.39 1.22 1.22 1.22 1.22 1.20 1.20 1.20 1.20
0.00 0.00 0.00 0.00 0.00 0.00 0.00 0.00 0.00 0.00 1.18 1.18 1.29 1.29 1.29 1.29 1.46 1.46 1.46 1.46 1.83 1.83 1.83 1.83 1.86 1.86 1.86 1.86 1.44 1.44 1.44 1.44 1.17 1.17 1.17 1.17 1.04 0.00 0.00 0.00 0.00 0.00 0.00 0.00 0.00 0.00 0.00 0.00 0.00 1.04 1.04 1.04 1.10 1.10 0.00 0.00 0.00 0.00 0.00 0.00 0.00 0.00 1.09 1.09 1.32 1.32 1.32 1.32 1.63 1.63 1.63 1.63 1.62 1.62 1.62 1.62 1.40 1.40 1.40 1.40 1.43 1.43 1.43 1.43
0.00 0.00 0.00 0.00 0.00 0.00 0.00 0.00 0.00 0.00 1.42 1.42 1.29 1.29 1.29 1.29 1.46 1.46 1.46 1.46 1.83 1.83 1.83 1.83 1.86 1.86 1.86 1.86 1.44 1.44 1.44 1.44 1.17 1.17 1.17 1.17 1.04 1.04 0.00 0.00 0.00 0.00 0.00 0.00 0.00 0.00 0.00 0.00 0.00 1.04 0.00 0.00 1.10 1.10 1.10 0.00 0.00 0.00 1.07 1.07 1.09 0.94 1.09 1.09 1.32 1.32 1.32 1.32 1.63 1.63 1.63 1.63 1.62 1.62 1.62 1.62 1.40 1.40 1.40 1.40 1.43 1.43 1.43 1.43
0.00 0.00 0.00 0.00 0.00 0.00 0.00 0.00 0.00 0.00 0.00 1.42 1.53 1.29 1.29 1.29 1.46 1.46 1.46 1.46 1.83 1.83 1.83 1.83 1.86 1.86 1.86 1.86 1.44 1.44 1.44 1.44 1.17 1.17 1.17 1.17 1.04 1.04 1.04 0.00 0.00 0.00 0.00 0.00 0.00 0.00 0.00 0.00 0.00 0.00 0.00 0.00 1.10 1.10 1.10 1.10 0.00 0.00 0.00 1.07 1.09 1.09 1.09 1.09 1.32 1.32 1.32 1.32 1.63 1.63 1.63 1.63 1.62 1.62 1.62 1.62 1.40 1.40 1.40 1.40 1.43 1.43 1.43 1.43
0.00 0.00 0.00 0.00 0.00 0.00 0.00 0.00 0.00 0.00 0.00 1.42 1.53 1.53 1.53 1.29 1.46 1.46 1.46 1.46 1.83 1.83 1.83 1.83 1.86 1.86 1.86 1.86 1.44 1.44 1.44 1.44 1.17 1.17 1.17 1.17 1.04 1.04 0.00 0.00 0.00 0.00 0.00 0.00 0.00 0.00 0.00 0.00 0.00 0.00 0.00 0.00 1.10 1.10 1.10 1.10 1.07 0.00 0.00 0.00 0.00 1.09 1.09 1.09 1.32 1.32 1.32 1.32 1.63 1.63 1.63 1.63 1.62 1.62 1.62 1.62 1.40 1.40 1.40 1.40 1.43 1.43 1.43 1.43
0.00 0.00 0.00 0.00 0.00 0.00 0.00 0.00 0.00 0.00 0.00 1.43 1.54 1.54 1.54 1.54 1.59 1.59 1.59 1.59 1.87 1.87 1.87 1.87 1.58 1.58 1.58 1.58 1.17 1.17 1.17 1.17 1.03 1.03 0.00 1.03 0.95 0.95 0.00 0.00 0.00 0.00 0.00 0.00 0.00 0.00 0.00 0.00 1.04 0.00 0.00 1.04 1.16 1.16 1.16 1.16 1.23 1.23 1.23 1.23 0.00 1.21 1.21 1.21 1.40 1.40 1.40 1.40 1.75 1.75 1.75 1.75 1.76 1.76 1.76 1.76 1.51 1.51 1.51 1.51 1.50 1.50 1.50 1.50
0.00 0.00 0.00 0.00 0.00 0.00 0.00 0.00 0.00 0.00 0.00 1.43 1.54 1.54 1.54 1.54 1.83 1.59 1.59 1.59 1.87 1.87 1.87 1.87 1.58 1.58 1.58 1.58 1.17 1.17 1.17 1.17 1.03 1.03 0.00 1.03 0.00 0.00 0.00 0.00 0.00 0.00 0.00 0.00 0.00 0.00 0.00 0.00 1.04 0.00 0.00 1.04 1.16 1.16 1.16 1.16 1.23 1.23 1.23 1.23 1.21 1.21 1.21 1.21 1.40 1.40 1.40 1.40 1.75 1.75 1.75 1.75 1.76 1.76 1.76 1.76 1.51 1.51 1.51 1.51 1.50 1.50 1.50 1.50
0.00 0.00 0.00 0.00 1.42 0.00 0.00 0.00 0.00 0.00 0.00 1.46 1.59 1.59 1.59 1.59 1.90 1.90 1.90 1.67 1.94 1.94 1.94 1.94 1.63 1.63 1.63 1.63 1.20 1.20 1.20 1.20 1.04 1.04 1.04 0.92 0.96 0.00 0.00 0.00 0.00 0.00 0.00 0.00 0.00 0.00 0.00 0.99 1.05 1.05 1.05 1.05 1.18 1.18 1.18 1.18 1.25 1.25 1.25 1.25 1.24 1.24 1.24 1.24 1.43 1.43 1.43 1.43 1.79 1.79 1.79 1.79 1.79 1.79 1.79 1.79 1.54 1.54 1.54 1.54 1.52 1.52 1.52 1.52
0.00 0.00 0.00 1.47 1.42 1.42 0.00 0.00 0.00 1.46 1.46 1.46 1.59 1.59 1.59 1.59 1.90 1.90 1.90 1.90 1.94 1.94 1.94 1.94 1.63 1.63 1.63 1.63 1.20 1.20 1.20 1.20 1.04 1.04 1.04 1.04 0.96 0.00 0.00 0.00 0.00 0.00 0.00 0.00 0.00 0.00 0.99 0.99 1.05 1.05 1.05 1.05 1.18 1.18 1.18 1.18 1.25 1.25 1.25 1.25 1.24 1.24 1.24 1.24 1.43 1.43 1.43 1.43 1.79 1.79 1.79 1.79 1.79 1.79 1.79 1.79 1.54 1.54 1.54 1.54 1.52 1.52 1.52 1.52
1.46 1.46 1.46 1.46 1.43 1.43 1.43 1.43 1.40 1.40 1.22 1.40 1.51 1.51 1.51 1.51 1.78 1.78 1.78 1.78 2.01 2.01 1.78 1.78 1.54 1.54 1.54 1.54 1.18 1.18 1.18 1.18 1.00 1.00 1.00 1.00 0.00 0.00 0.00 0.00 0.00 0.00 0.00 0.00 0.00 0.00 0.97 0.97 1.10 1.10 1.10 1.10 1.33 1.33 1.33 1.33 1.62 1.62 1.62 1.62 1.74 1.74 1.74 1.74 1.85 1.85 1.85 1.85 1.89 1.89 1.89 1.89 1.72 1.72 1.72 1.72 1.64 1.64 1.64 1.64 1.55 1.55 1.55 1.55
1.46 1.46 1.46 1.46 1.43 1.43 1.43 1.43 1.40 1.40 1.40 1.40 1.51 1.51 1.51 1.51 1.78 1.78 1.78 1.78 2.01 2.01 2.01 1.78 1.54 1.54 1.54 1.54 1.18 1.18 1.18 1.18 1.00 1.00 1.00 1.00 0.00 0.00 0.00 0.00 0.00 0.00 0.00 0.00 0.00 0.00 0.97 0.97 1.10 1.10 1.10 1.10 1.33 1.33 1.33 1.33 1.62 1.62 1.62 1.62 1.74 1.74 1.74 1.74 1.85 1.85 1.85 1.85 1.89 1.89 1.89 1.89 1.72 0.00 1.72 1.72 1.64 1.64 1.64 1.64 1.55 1.55 1.55 0.00
1.46 1.46 1.46 1.46 1.43 1.43 1.43 1.43 1.40 1.40 1.40 1.40 1.51 1.51 1.51 1.51 1.78 1.78 1.78 1.78 2.01 2.01 2.01 2.01 1.77 1.54 1.54 1.54 1.18 1.18 1.18 1.18 1.00 1.00 1.00 0.00 0.00 0.00 0.00 0.00 0.00 0.00 0.00 0.00 0.00 0.00 0.00 0.97 1.10 1.10 1.10 1.10 1.33 1.33 1.33 1.33 1.62 1.62 1.62 1.62 1.74 1.74 1.74 1.74 1.85 1.85 1.85 1.85 1.89 1.89 1.89 1.89 1.72 1.72 1.72 1.72 1.64 1.64 1.64 1.64 1.55 1.55 0.00 0.00
1.46 1.46 1.46 1.46 1.43 1.43 1.43 1.43 1.40 1.40 1.40 1.40 1.51 1.51 1.51 1.51 1.78 1.78 1.78 1.78 2.01 2.01 2.01 2.01 1.77 1.77 1.54 1.54 1.18 1.18 1.18 1.18 1.00 1.00 1.00 0.00 0.91 0.91 0.00 0.00 0.00 0.00 0.91 0.00 0.00 0.00 0.00 0.97 1.10 1.10 1.10 1.10 1.33 1.33 1.33 1.33 1.62 1.62 1.62 1.62 1.74 1.74 1.74 1.74 1.85 1.85 1.85 1.85 1.89 1.89 1.89 1.89 1.72 1.72 1.72 1.72 1.64 1.64 0.00 0.00 1.55 1.55 0.00 0.00
1.52 1.52 1.52 1.52 1.49 1.49 1.49 1.49 1.47 1.47 1.47 1.47 1.51 1.51 1.51 1.51 1.66 1.66 1.66 1.66 1.88 1.88 1.88 1.88 1.88 1.88 1.88 1.88 1.26 1.26 1.26 1.26 1.01 1.01 1.01 1.01 0.95 0.95 0.00 0.00 0.00 0.92 0.92 0.00 0.00 0.00 0.00 0.98 1.29 1.29 1.29 1.29 1.76 1.76 1.76 1.76 2.01 2.01 2.01 2.01 1.96 1.96 1.96 1.96 1.87 1.87 1.87 1.87 1.63 1.63 1.63 1.63 1.51 1.51 1.51 1.51 1.62 1.62 1.62 1.62 0.00 0.00 0.00 0.00
1.52 1.52 1.52 1.52 1.49 1.49 1.49 1.49 1.47 1.47 1.47 1.47 1.51 1.51 1.51 1.51 1.66 1.66 1.66 1.66 1.88 1.88 1.88 1.88 1.88 1.88 1.88 1.88 1.50 1.26 1.26 1.26 1.01 1.01 1.01 1.01 0.95 0.95 0.00 0.00 0.00 0.00 0.92 0.00 0.00 0.00 0.00 0.98 1.29 1.29 1.29 1.29 1.76 1.76 1.76 1.76 2.01 2.01 2.01 2.01 1.96 1.96 1.96 1.96 1.87 1.87 1.87 1.87 1.63 1.63 1.63 1.63 1.51 1.51 1.51 1.51 1.62 1.62 1.62 1.62 0.00 0.00 0.00 0.00
1.52 1.52 1.52 1.52 1.49 1.49 1.49 1.49 1.47 1.47 1.47 1.47 1.51 1.51 1.51 1.51 1.66 1.66 1.66 1.66 1.88 1.88 1.88 1.88 1.88 1.88 1.88 1.88 1.50 1.50 1.26 1.26 1.01 1.01 1.01 1.01 0.95 0.95 0.95 0.00 0.00 0.00 0.92 0.00 0.98 0.98 0.98 0.98 1.29 1.29 1.29 1.29 1.76 1.76 1.76 1.76 2.01 2.01 2.01 2.01 1.96 1.96 1.96 1.96 1.87 1.87 1.87 1.87 1.63 1.63 1.63 1.63 1.51 1.51 1.51 1.51 1.62 1.62 1.62 1.62 0.00 0.00 0.00 0.00
1.52 1.52 1.52 1.52 1.49 1.49 1.49 1.49 1.47 1.47 1.47 1.47 1.51 1.51 1.51 1.51 1.66 1.66 1.66 1.66 1.88 1.88 1.88 1.88 1.88 1.88 1.88 1.88 1.50 1.50 1.50 1.50 1.01 1.01 1.01 1.01 0.95 0.95 0.95 0.00 0.00 0.00 0.92 0.92 0.98 0.98 0.98 0.98 1.29 1.29 1.29 1.29 1.76 1.76 1.76 1.76 2.01 2.01 2.01 2.01 1.96 1.96 1.96 1.96 1.87 1.87 1.87 1.87 1.63 1.63 1.63 1.63 1.51 1.51 1.51 1.51 1.62 1.62 1.62 1.62 0.00 0.00 0.00 0.00
1.64 1.64 1.64 1.64 1.59 1.59 1.59 1.59 1.65 1.65 1.65 1.65 1.80 1.80 1.80 1.80 1.92 1.92 1.92 1.92 1.97 1.97 1.97 1.97 1.91 1.91 1.91 1.91 1.66 1.66 1.66 1.66 1.45 1.21 1.21 1.21 1.11 1.11 1.11 1.11 0.00 1.06 1.06 1.06 1.25 1.25 1.25 1.25 1.69 1.69 1.69 1.69 2.03 2.03 0.00 2.03 1.90 1.90 1.90 1.90 1.67 1.67 1.67 1.67 1.53 1.53 1.53 1.53 1.41 1.41 1.41 1.41 1.43 1.43 1.43 1.43 1.51 1.51 1.51 1.51 0.00 0.00 0.00 0.00
1.64 1.64 1.64 1.64 1.59 1.59 1.59 1.59 1.65 1.65 1.65 1.65 1.80 1.80 1.80 1.80 1.92 1.92 1.92 1.92 1.97 1.97 1.97 1.97 1.91 1.91 1.91 1.91 1.66 1.66 1.66 1.66 1.45 1.45 1.45 1.21 1.11 1.11 1.11 1.11 1.06 1.06 1.06 1.06 1.25 1.25 1.25 1.25 1.69 1.69 1.69 1.69 2.03 2.03 2.03 2.03 1.90 1.90 1.90 1.90 1.67 1.67 1.67 1.67 1.53 1.53 1.53 1.53 1.41 1.41 1.41 1.41 1.43 1.43 1.43 1.43 1.51 1.51 1.51 1.51 1.64 0.00 0.00 0.00
