New_Model_Runs/11_Future_RCP4.5_Scn1_out/post_prcessed_with_MFR/Monthly_summaries/interception_monthly_DEC.asc
NCOLS 700
NROWS 400
XLLCENTER 515000.000000
YLLCENTER 8409000.000000
CELLSIZE 50.000000
NODATA_value -999.000000
[rows 114 to 151 of 400, columns 504 to 587 of 700]
2.20 2.20 2.20 2.20 2.78 2.78 2.78 2.78 3.04 3.04 3.04 3.04 3.01 3.01 3.01 3.01 2.87 0.00 0.00 0.00 0.00 0.00 0.00 0.00 0.00 1.90 2.62 0.00 2.67 0.00 0.00 0.00 0.00 2.73 2.73 2.73 2.65 0.00 0.00 2.65 2.38 2.38 2.38 2.38 2.28 2.28 2.28 2.28 2.40 2.40 2.40 2.40 2.65 2.65 2.65 2.65 2.83 2.58 2.58 2.58 2.51 2.51 2.51 2.51 2.50 2.50 2.50 2.50 2.72 2.72 2.72 2.72 2.49 2.49 2.49 2.49 2.11 0.00 0.00 0.00 0.00 0.00 0.00 0.00
2.20 2.20 2.20 2.20 2.78 2.78 2.78 2.78 3.04 3.04 3.04 3.04 3.01 3.01 3.01 3.01 2.87 2.87 2.87 0.00 0.00 0.00 0.00 0.00 0.00 0.00 2.62 2.62 2.67 0.00 0.00 0.00 0.00 2.73 2.73 2.73 2.65 2.65 0.00 0.00 2.38 2.38 2.38 2.38 2.28 2.28 2.28 2.28 2.40 2.40 2.40 2.40 2.65 2.65 2.65 2.65 2.83 2.58 2.58 2.58 2.51 2.51 2.51 2.51 2.50 2.50 2.50 2.50 2.72 2.72 2.72 2.72 2.49 2.49 2.49 2.49 2.11 0.00 0.00 0.00 0.00 0.00 0.00 0.00
2.90 2.90 2.90 2.90 3.12 3.12 3.12 3.12 2.85 2.85 2.85 2.85 2.68 2.68 2.68 2.68 2.63 2.63 2.63 2.63 1.90 1.90 2.61 2.61 2.59 0.00 0.00 0.00 2.59 2.59 2.59 0.00 2.54 2.54 2.54 2.54 2.48 2.48 2.48 0.00 2.44 2.44 2.44 0.00 2.43 2.43 2.43 2.43 2.47 0.00 2.47 2.47 2.65 2.65 2.65 2.65 2.93 2.68 2.68 2.68 2.71 2.71 2.71 2.71 2.70 2.70 2.70 2.70 2.68 2.68 2.68 2.68 2.37 2.37 2.37 2.37 2.08 0.00 0.00 0.00 0.00 0.00 0.00 0.00
2.90 2.90 2.90 2.90 3.12 3.12 3.12 3.12 2.85 2.85 2.85 2.85 2.68 2.68 2.68 2.68 2.63 2.63 2.63 2.63 2.61 2.61 2.61 2.61 0.00 2.59 2.59 2.59 2.59 2.59 0.00 2.59 2.54 2.54 2.54 2.54 2.48 2.48 2.48 2.48 2.44 2.44 2.44 2.44 2.43 2.43 2.43 0.00 2.47 0.00 0.00 0.00 0.00 2.65 2.65 2.65 2.93 2.68 2.68 2.68 2.71 2.71 2.71 2.71 2.70 2.70 2.70 2.70 2.68 2.68 2.68 2.68 2.37 2.37 2.37 2.37 2.08 2.08 0.00 0.00 0.00 0.00 0.00 0.00
2.90 2.90 2.90 2.90 3.12 3.12 3.12 3.12 2.85 2.85 2.85 2.85 2.68 2.68 2.68 2.68 2.63 2.63 2.63 2.63 2.61 2.61 2.61 2.61 2.59 2.59 1.89 2.59 2.59 2.59 2.59 2.59 2.54 2.54 2.54 2.54 2.48 2.48 2.48 2.48 2.44 2.44 2.44 2.44 2.43 2.43 2.43 0.00 0.00 0.00 0.00 0.00 2.65 2.65 2.65 2.65 2.93 2.68 2.68 2.68 2.71 2.71 2.71 2.71 2.70 2.70 2.70 2.70 2.68 2.68 2.68 2.68 2.37 2.37 2.37 2.37 2.08 2.08 0.00 0.00 0.00 0.00 0.00 0.00
2.90 2.90 2.90 2.90 3.12 3.12 3.12 3.12 2.85 2.85 2.85 2.85 2.68 2.68 2.68 2.68 2.63 2.63 2.63 2.63 2.61 2.61 2.61 2.61 2.59 2.59 2.59 2.59 2.59 2.59 2.59 2.59 2.54 2.54 2.54 2.54 2.48 2.48 2.48 2.48 2.44 2.44 2.44 2.44 0.00 0.00 0.00 0.00 0.00 2.47 2.47 2.47 0.00 2.65 2.65 2.65 2.93 2.68 2.68 2.68 2.71 2.71 2.71 2.71 2.70 2.70 2.70 2.70 2.68 2.68 2.68 2.68 2.37 2.37 2.37 2.37 2.08 2.08 1.59 1.59 0.00 0.00 0.00 0.00
2.95 2.95 2.95 2.95 2.63 2.63 2.63 2.63 2.36 2.36 2.36 2.36 2.34 2.34 2.34 2.34 2.36 2.36 2.36 2.36 2.38 2.38 2.38 2.38 2.32 2.32 0.00 2.32 2.33 2.33 2.33 2.33 2.29 2.29 2.29 2.29 2.28 0.00 0.00 0.00 2.35 2.35 2.35 0.00 0.00 0.97 0.00 2.46 0.00 2.56 2.56 2.56 2.79 2.79 2.79 2.79 3.02 2.77 2.77 2.77 2.73 2.73 2.73 2.73 2.58 2.58 2.58 2.58 2.48 2.48 2.48 2.48 2.33 2.33 2.33 2.33 1.58 1.58 1.58 1.58 0.00 0.00 0.00 0.00
2.95 2.95 2.95 2.95 2.63 2.63 2.63 2.63 2.36 2.36 2.36 2.36 2.34 2.34 2.34 2.34 2.36 2.36 2.36 2.36 2.38 2.38 2.38 2.38 2.32 0.00 0.00 0.00 2.33 2.33 2.33 2.33 2.29 2.29 2.29 2.29 2.28 0.00 0.00 0.00 2.35 0.00 0.00 0.00 0.00 2.46 0.00 2.46 2.56 2.56 2.56 2.56 2.79 2.79 2.79 2.79 3.02 2.77 2.77 2.77 2.73 2.73 2.73 2.73 2.58 2.58 2.58 2.58 2.48 2.48 2.48 2.48 2.33 2.33 2.33 2.33 2.07 2.07 2.07 1.58 0.00 0.00 0.00 0.00
2.95 2.95 2.95 2.95 2.63 2.63 2.63 2.63 2.36 2.36 2.36 2.36 2.34 2.34 2.34 2.34 2.36 2.36 2.36 2.36 2.38 2.38 2.38 2.38 2.32 2.32 0.00 0.00 0.00 2.33 2.33 0.00 0.00 0.00 0.00 2.29 0.00 2.28 0.00 0.00 0.00 0.00 0.00 0.00 0.00 2.46 2.46 2.46 2.56 2.56 2.56 2.56 2.79 2.79 2.79 2.79 3.02 2.77 2.77 2.77 2.73 2.73 2.73 2.73 2.58 2.58 2.58 2.58 2.48 2.48 2.48 2.48 2.33 2.33 2.33 2.33 2.07 2.07 2.07 2.07 0.00 0.00 1.90 1.90
2.95 2.95 2.95 2.95 2.63 1.91 2.63 2.63 2.36 0.00 2.36 2.36 2.34 2.34 2.34 2.34 0.00 2.36 2.36 2.36 2.38 2.38 2.38 2.38 2.32 2.32 0.00 0.00 0.00 2.33 2.33 0.00 0.00 0.00 0.00 0.00 0.00 2.28 2.28 0.00 2.09 0.00 0.00 2.35 2.46 2.46 2.46 2.46 2.56 2.56 2.56 2.56 2.79 2.79 2.79 2.79 3.02 2.77 2.77 2.77 2.73 2.73 2.73 2.73 2.58 2.58 2.58 2.58 2.48 2.48 2.48 2.48 2.33 2.33 2.33 2.33 2.07 2.07 2.07 2.07 1.90 1.90 1.90 1.90
2.47 2.47 2.47 2.47 2.29 2.29 2.29 2.29 2.25 2.25 2.25 2.25 2.24 2.24 2.24 2.24 2.18 2.18 0.00 0.00 2.18 2.18 2.18 2.18 2.13 2.13 2.13 2.13 2.12 2.12 2.12 0.00 0.00 0.00 2.15 0.00 0.00 0.00 2.26 2.26 2.33 2.33 2.33 2.33 2.34 2.34 2.34 2.34 2.48 2.48 2.48 2.48 2.84 2.84 2.84 2.84 3.04 2.79 2.79 2.79 2.65 2.65 2.65 2.65 2.46 2.46 2.46 2.46 2.38 2.38 2.38 2.38 2.27 2.27 2.27 2.27 2.18 2.18 2.18 2.18 2.18 2.18 2.18 2.18
2.47 2.47 2.47 2.47 2.29 2.29 2.29 2.29 2.25 2.25 2.25 2.25 2.24 2.24 2.24 2.24 2.18 2.18 0.00 0.00 0.00 2.18 2.18 2.18 2.13 2.13 0.00 0.00 0.00 0.00 2.12 2.12 0.00 0.00 0.00 0.00 0.00 0.00 2.26 2.26 2.33 2.33 2.33 2.33 2.34 2.34 2.34 2.34 2.48 2.48 2.48 2.48 2.84 2.84 2.84 2.84 3.04 2.79 2.79 2.79 2.65 2.65 2.65 2.65 2.46 2.46 2.46 2.46 2.38 2.38 2.38 2.38 2.27 2.27 2.27 2.27 2.18 2.18 2.18 2.18 2.18 2.18 2.18 2.18
2.47 2.47 2.47 2.47 2.29 2.29 2.29 2.29 2.25 2.25 2.25 2.25 2.24 2.24 2.24 2.24 2.18 0.00 0.00 0.00 0.00 0.00 2.18 2.18 2.13 0.00 0.00 0.00 0.00 0.00 0.00 0.00 0.00 0.00 0.00 0.00 2.26 2.26 2.26 2.26 2.33 2.33 2.33 2.33 2.34 2.34 2.34 2.34 2.48 2.48 2.48 2.48 2.84 2.84 2.84 2.84 3.04 2.79 2.79 2.79 2.65 2.65 2.65 2.65 2.46 2.46 2.46 2.46 2.38 2.38 2.38 2.38 2.27 2.27 2.27 2.27 2.18 2.18 2.18 2.18 2.18 2.18 2.18 2.18
2.47 2.47 2.47 2.47 2.29 2.29 2.29 2.29 2.25 2.25 2.25 2.25 2.24 2.24 2.24 2.24 2.18 0.00 0.00 0.00 0.00 0.00 2.18 0.00 0.00 0.00 0.00 0.00 0.00 0.00 0.00 0.00 0.00 0.00 0.00 0.00 2.26 2.26 2.26 2.26 2.33 2.33 2.33 2.33 2.34 2.34 0.00 2.34 2.48 2.48 2.48 2.48 2.84 2.84 2.84 2.84 3.04 2.79 2.79 0.00 2.65 2.65 0.00 0.00 2.46 2.46 2.46 2.46 2.38 2.38 2.38 2.38 2.27 2.27 2.27 2.27 2.18 2.18 2.18 2.18 2.18 2.18 2.18 2.18
2.19 2.19 2.19 2.19 2.16 2.16 2.16 2.16 2.25 2.25 2.25 2.25 2.23 2.23 2.23 2.23 2.17 0.00 0.00 0.00 0.00 0.00 0.00 0.00 0.00 0.00 0.00 0.00 0.00 0.00 0.00 0.00 0.00 0.00 0.00 2.22 2.31 2.31 2.31 2.31 2.19 2.19 2.19 0.00 0.00 0.00 0.00 2.01 0.00 2.51 2.51 2.51 2.81 2.81 2.81 2.81 2.93 2.68 2.68 0.00 0.00 0.00 0.00 0.00 2.65 2.65 2.65 2.65 2.57 2.57 2.57 2.57 2.43 2.43 2.43 2.43 2.39 2.39 2.39 2.39 2.40 2.40 2.40 2.40
2.19 2.19 2.19 2.19 2.16 2.16 2.16 2.16 2.25 2.25 2.25 2.25 2.23 2.23 2.23 2.23 0.00 0.00 0.00 0.00 0.00 0.00 0.00 0.00 0.00 0.00 0.00 0.00 0.00 0.00 0.00 0.00 0.00 0.00 0.00 2.22 2.31 2.31 2.31 2.31 1.96 0.00 0.00 0.00 0.00 0.00 2.25 0.00 2.51 2.51 2.51 2.51 2.81 2.81 2.81 2.81 2.93 2.68 2.68 0.00 0.00 0.00 0.00 2.70 2.65 2.65 2.65 2.65 2.57 2.57 2.57 2.57 2.43 2.43 2.43 2.43 2.39 2.39 2.39 2.39 2.40 0.00 2.40 2.40
2.18 2.18 2.18 2.18 2.14 2.14 1.66 2.14 2.22 2.22 2.22 2.22 2.20 2.20 2.20 2.20 0.00 2.14 0.00 0.00 0.00 0.00 0.00 0.00 0.00 0.00 0.00 0.00 0.00 0.00 0.00 0.00 0.00 0.00 0.00 2.19 2.28 2.28 2.28 0.00 0.00 0.00 0.00 0.00 0.00 2.22 2.22 2.22 2.48 2.48 2.48 2.48 2.76 2.76 2.76 2.76 2.87 2.62 2.62 0.00 0.00 0.00 0.00 2.64 2.59 2.59 2.59 2.59 2.52 2.52 2.52 2.52 2.39 2.39 2.39 2.39 2.35 2.35 2.35 2.35 2.35 2.35 2.35 2.35
2.18 2.18 2.18 2.18 2.14 2.14 2.14 2.14 0.00 0.00 2.22 2.22 2.20 2.20 2.20 0.00 0.00 2.14 0.00 0.00 0.00 0.00 2.14 0.00 0.00 0.00 0.00 0.00 0.00 0.00 0.00 0.00 0.00 0.00 0.00 0.00 0.00 2.28 0.00 0.00 0.00 0.00 0.00 0.00 0.00 2.22 2.22 2.22 2.48 2.48 2.48 2.48 2.76 2.76 2.76 2.76 2.87 2.62 2.62 0.00 0.00 0.00 0.00 2.64 2.59 2.59 2.59 2.59 2.52 2.52 2.52 2.52 2.39 2.39 2.39 2.39 2.35 2.35 2.35 2.35 2.35 2.35 2.35 2.35
2.13 2.13 2.13 2.13 2.10 2.10 0.00 0.00 2.13 2.13 2.13 2.13 0.00 0.00 0.00 0.00 0.00 0.00 2.18 0.00 2.23 2.23 0.00 0.00 0.00 0.00 0.00 0.00 0.00 0.00 0.00 0.00 0.00 0.00 0.00 2.39 2.35 0.00 0.00 0.00 0.00 0.00 0.00 0.00 0.00 2.35 2.35 2.35 2.51 2.51 2.51 2.51 2.58 2.58 2.58 2.58 2.63 2.38 2.38 0.00 0.00 0.00 0.00 2.56 2.73 2.73 2.73 2.73 2.67 2.67 2.67 2.67 2.51 2.51 2.51 2.51 2.42 2.42 2.42 2.42 2.35 2.35 2.35 2.35
2.13 2.13 2.13 2.13 2.10 0.00 0.00 0.00 0.00 0.00 2.13 2.13 2.15 0.00 0.00 0.00 0.00 0.00 0.00 2.18 2.23 2.23 0.00 0.00 0.00 0.00 0.00 0.00 0.00 0.00 0.00 0.00 0.00 0.00 0.00 0.00 0.00 0.00 0.00 0.00 0.00 0.00 0.00 0.00 0.00 0.00 2.35 2.35 2.51 2.51 2.51 2.51 2.58 2.58 2.58 2.58 2.63 2.38 2.38 2.38 2.56 2.56 2.56 2.56 2.73 2.73 2.73 2.73 2.67 2.67 2.67 2.67 2.51 2.51 2.51 2.51 2.42 2.42 2.42 2.42 2.35 2.35 2.35 2.35
2.13 2.13 2.13 2.13 2.10 2.10 2.10 0.00 0.00 1.65 1.65 0.00 0.00 0.00 0.00 0.00 0.00 0.00 0.00 0.00 0.00 0.00 0.00 0.00 0.00 0.00 0.00 0.00 0.00 0.00 0.00 0.00 0.00 0.00 0.00 0.00 0.00 0.00 0.00 0.00 0.00 0.00 0.00 0.00 0.00 2.35 2.35 2.35 2.51 2.51 2.51 2.51 2.58 2.58 2.58 2.58 2.63 2.38 2.38 2.38 2.56 2.56 2.56 2.56 2.73 2.73 2.73 2.73 2.67 2.67 2.67 2.67 2.51 2.51 2.51 2.51 2.42 2.42 2.42 2.42 2.35 2.35 2.35 2.35
2.13 2.13 2.13 2.13 2.10 1.64 2.10 0.00 0.00 0.00 0.00 0.00 0.00 0.00 0.00 0.00 0.00 0.00 0.00 0.00 0.00 0.00 0.00 0.00 0.00 0.00 0.00 0.00 0.00 0.00 0.00 0.00 0.00 0.00 0.00 0.00 0.00 0.00 0.00 0.00 0.00 0.00 0.00 2.29 0.00 0.00 2.35 2.35 2.51 2.51 2.51 2.51 2.58 2.58 2.58 2.58 2.63 2.38 2.38 2.38 2.56 2.56 2.56 2.56 2.73 2.73 2.73 2.73 2.67 2.67 2.67 2.67 2.51 2.51 2.51 2.51 2.42 2.42 2.42 2.42 2.35 2.35 2.35 2.35
2.17 2.17 2.17 2.17 2.15 0.00 0.00 0.00 0.00 0.00 0.00 0.00 0.00 0.00 0.00 0.00 0.00 0.00 0.00 0.00 0.00 0.00 0.00 0.00 0.00 0.00 0.00 0.00 0.00 0.00 0.00 0.00 0.00 0.00 0.00 0.00 0.00 0.00 0.00 0.00 0.00 0.00 0.00 2.43 0.00 0.00 2.35 2.35 0.00 0.00 2.33 2.33 2.35 2.35 2.35 2.35 2.39 2.14 2.14 2.14 2.32 2.32 2.32 2.32 2.73 2.73 2.73 2.73 2.88 2.88 2.88 2.88 2.62 2.62 2.62 2.62 2.43 2.43 2.43 2.43 2.28 2.28 2.28 2.28
2.17 2.17 2.17 2.17 1.67 0.00 0.00 0.00 0.00 0.00 0.00 0.00 0.00 0.00 0.00 0.00 0.00 0.00 0.00 0.00 0.00 0.00 0.00 0.00 0.00 0.00 0.00 0.00 0.00 0.00 0.00 0.00 0.00 0.00 0.00 0.00 0.00 0.00 0.00 0.00 0.00 0.00 0.00 0.00 0.00 0.00 0.00 0.00 0.00 0.00 0.00 0.00 0.00 2.35 2.35 2.35 2.39 2.14 2.14 2.14 2.32 2.32 2.32 2.32 2.73 2.73 2.73 2.73 2.88 2.88 2.88 2.88 2.62 2.62 2.62 2.62 2.43 2.43 2.43 2.43 2.28 2.28 2.28 2.28
2.17 2.17 2.17 0.00 0.00 0.00 0.00 0.00 0.00 0.00 0.00 0.00 0.00 0.00 0.00 0.00 0.00 0.00 0.00 0.00 0.00 0.00 0.00 0.00 0.00 0.00 0.00 0.00 0.00 0.00 0.00 0.00 0.00 0.00 0.00 0.00 0.00 0.00 0.00 0.00 0.00 0.00 0.00 0.00 0.00 0.00 0.00 0.00 0.00 0.00 0.00 0.00 0.00 0.00 0.00 2.35 2.39 2.14 2.14 2.14 2.32 2.32 2.32 2.32 2.73 2.73 2.73 2.73 2.88 2.88 2.88 2.88 2.62 2.62 2.62 2.62 2.43 2.43 2.43 2.43 2.28 2.28 2.28 2.28
0.00 0.00 0.00 0.00 0.00 0.00 0.00 0.00 0.00 0.00 0.00 0.00 0.00 0.00 0.00 0.00 0.00 0.00 0.00 0.00 0.00 0.00 0.00 0.00 0.00 0.00 0.00 0.00 0.00 0.00 0.00 0.00 0.00 0.00 0.00 0.00 0.00 0.00 0.00 0.00 0.00 0.00 0.00 0.00 0.00 0.00 0.00 0.00 0.00 0.00 0.00 0.00 0.00 0.00 0.00 0.00 0.00 2.14 2.14 2.14 2.32 2.32 2.32 2.32 2.73 2.73 2.73 2.73 2.88 2.88 2.88 2.88 2.62 2.62 2.62 2.62 2.43 2.43 2.43 2.43 2.28 2.28 2.28 2.28
2.22 0.00 0.00 0.00 2.22 2.22 0.00 0.00 0.00 0.00 0.00 0.00 0.00 0.00 0.00 0.00 0.00 0.00 0.00 0.00 0.00 0.00 0.00 0.00 0.00 0.00 0.00 0.00 0.00 0.00 0.00 0.00 0.00 0.00 0.00 0.00 0.00 0.00 0.00 0.00 0.00 0.00 0.00 0.00 0.00 0.00 0.00 0.00 0.00 0.00 0.00 0.00 0.00 0.00 0.00 0.00 0.00 0.00 2.04 2.04 0.00 2.29 2.29 2.29 2.85 2.85 2.85 2.85 3.06 3.06 3.06 3.06 2.67 2.67 2.67 2.67 2.37 2.37 1.74 1.74 0.00 2.25 2.25 0.00
2.22 0.00 0.00 0.00 2.22 2.22 2.22 0.00 0.00 0.00 0.00 0.00 0.00 0.00 0.00 0.00 0.00 0.00 0.00 0.00 0.00 0.00 0.00 0.00 0.00 0.00 0.00 0.00 0.00 0.00 0.00 0.00 0.00 0.00 0.00 0.00 0.00 0.00 0.00 0.00 0.00 0.00 0.00 0.00 0.00 0.00 0.00 0.00 0.00 0.00 0.00 0.00 0.00 0.00 0.00 0.00 0.00 0.00 0.00 0.00 0.00 2.29 2.29 2.29 2.85 2.85 2.85 2.85 3.06 3.06 3.06 3.06 2.67 2.67 2.67 2.67 2.37 2.37 2.37 2.37 2.25 2.25 2.25 0.00
2.22 2.22 2.00 0.00 0.00 0.00 0.00 0.00 0.00 0.00 0.00 0.00 0.00 0.00 0.00 0.00 0.00 0.00 0.00 0.00 0.00 0.00 0.00 0.00 0.00 0.00 0.00 0.00 0.00 0.00 0.00 0.00 0.00 0.00 0.00 0.00 0.00 0.00 0.00 0.00 0.00 0.00 0.00 0.00 0.00 0.00 0.00 0.00 0.00 0.00 0.00 0.00 0.00 0.00 0.00 0.00 0.00 0.00 0.00 2.04 2.29 2.29 2.29 2.29 2.85 2.85 2.85 2.85 3.06 3.06 3.06 3.06 2.67 2.67 2.67 2.67 2.37 2.37 0.00 0.00 0.00 0.00 0.00 0.00
2.22 2.22 0.00 0.00 0.00 0.00 0.00 0.00 0.00 0.00 0.00 0.00 0.00 0.00 0.00 0.00 0.00 0.00 0.00 0.00 0.00 0.00 0.00 0.00 0.00 0.00 0.00 0.00 0.00 0.00 0.00 0.00 0.00 0.00 0.00 0.00 0.00 0.00 0.00 0.00 0.00 0.00 0.00 0.00 0.00 0.00 0.00 0.00 0.00 0.00 0.00 0.00 0.00 0.00 0.00 0.00 0.00 2.04 2.04 2.04 2.29 2.29 2.29 2.29 2.85 2.85 2.85 2.85 3.06 3.06 3.06 3.06 2.67 2.67 2.67 2.67 2.37 2.37 2.37 2.37 0.00 0.00 0.00 0.00
0.00 0.00 0.00 0.00 0.00 0.00 0.00 0.00 0.00 0.00 0.00 0.00 0.00 0.00 0.00 0.00 0.00 0.00 0.00 0.00 0.00 0.00 0.00 0.00 0.00 0.00 0.00 0.00 0.00 0.00 0.00 0.00 0.00 0.00 0.00 0.00 0.00 0.00 0.00 0.00 0.00 0.00 0.00 0.00 0.00 0.00 0.00 0.00 0.00 0.00 0.00 0.00 0.00 0.00 0.00 0.00 0.00 1.69 0.00 2.28 2.70 2.70 2.70 2.70 2.99 2.99 2.99 2.99 2.99 2.99 2.99 2.99 2.71 2.71 2.71 2.71 2.38 2.38 2.38 2.38 2.22 0.00 0.00 0.00
0.00 0.00 0.00 0.00 0.00 0.00 0.00 0.00 0.00 0.00 0.00 0.00 0.00 0.00 0.00 0.00 0.00 0.00 0.00 0.00 0.00 0.00 0.00 0.00 0.00 0.00 0.00 0.00 0.00 0.00 0.00 0.00 0.00 0.00 0.00 0.00 0.00 0.00 0.00 0.00 0.00 0.00 0.00 0.00 0.00 0.00 0.00 0.00 0.00 0.00 0.00 0.00 0.00 0.00 0.00 0.00 2.53 0.00 2.28 2.28 2.70 2.70 2.70 2.70 2.99 2.99 2.99 2.99 2.99 2.99 2.99 2.99 2.71 2.71 2.71 2.71 2.38 2.38 2.38 2.38 2.22 2.22 2.22 0.00
0.00 0.00 0.00 0.00 0.00 0.00 0.00 0.00 0.00 0.00 0.00 0.00 0.00 0.00 0.00 0.00 0.00 0.00 0.00 0.00 0.00 0.00 0.00 0.00 0.00 0.00 0.00 0.00 0.00 0.00 0.00 0.00 0.00 0.00 0.00 0.00 0.00 0.00 0.00 0.00 0.00 0.00 0.00 0.00 0.00 0.00 0.00 0.00 0.00 0.00 0.00 0.00 0.00 0.00 0.00 0.00 0.00 0.00 0.00 2.24 2.65 2.65 2.65 2.65 2.93 2.93 2.93 2.93 2.93 2.93 2.93 2.93 2.65 2.65 2.65 2.65 2.33 2.33 2.33 2.33 2.17 2.17 0.00 1.93
0.00 0.00 0.00 0.00 0.00 0.00 0.00 0.00 0.00 0.00 0.00 0.00 0.00 0.00 0.00 0.00 0.00 0.00 0.00 0.00 0.00 0.00 0.00 0.00 0.00 0.00 0.00 0.00 0.00 0.00 0.00 0.00 0.00 0.00 0.00 0.00 0.00 0.00 0.00 0.00 0.00 0.00 0.00 0.00 0.00 0.00 0.00 0.00 0.00 0.00 0.00 0.00 0.00 0.00 1.73 0.00 0.00 0.00 0.00 2.24 2.65 2.65 2.65 2.65 2.93 2.93 2.93 2.93 2.93 2.93 2.93 2.93 2.65 2.65 2.65 2.65 2.33 2.33 2.33 2.33 2.17 2.17 0.00 0.00
0.00 0.00 0.00 0.00 0.00 0.00 0.00 0.00 0.00 0.00 0.00 0.00 0.00 0.00 0.00 0.00 0.00 0.00 0.00 0.00 0.00 0.00 0.00 0.00 0.00 0.00 0.00 0.00 0.00 0.00 0.00 0.00 0.00 0.00 0.00 0.00 0.00 0.00 0.00 0.00 0.00 0.00 0.00 0.00 0.00 0.00 0.00 0.00 0.00 0.00 0.00 0.00 0.00 2.64 2.64 0.00 2.08 0.00 0.00 2.74 2.94 0.00 0.00 2.94 2.78 2.78 2.78 2.78 1.87 2.64 2.64 2.64 2.58 1.84 2.58 2.58 2.42 2.42 2.42 2.42 0.00 0.00 0.00 0.00
0.00 0.00 0.00 0.00 0.00 0.00 0.00 0.00 0.00 0.00 0.00 0.00 0.00 0.00 0.00 0.00 0.00 0.00 0.00 0.00 0.00 0.00 0.00 0.00 0.00 0.00 0.00 0.00 0.00 0.00 0.00 0.00 0.00 0.00 0.00 0.00 0.00 0.00 0.00 0.00 0.00 0.00 0.00 0.00 0.00 0.00 0.00 0.00 0.00 0.00 0.00 0.00 0.00 0.00 2.64 2.64 2.98 2.74 2.74 2.74 0.00 0.00 0.00 2.94 2.78 2.78 2.78 2.78 1.87 0.00 2.64 2.64 2.58 1.84 0.00 0.00 1.76 2.42 2.42 2.42 0.00 0.00 0.00 0.00
0.00 0.00 0.00 0.00 0.00 0.00 0.00 0.00 0.00 0.00 0.00 0.00 0.00 0.00 0.00 0.00 0.00 0.00 0.00 0.00 0.00 0.00 0.00 0.00 0.00 0.00 0.00 0.00 0.00 0.00 0.00 0.00 0.00 0.00 0.00 0.00 0.00 0.00 0.00 0.00 0.00 0.00 0.00 0.00 0.00 0.00 0.00 0.00 0.00 0.00 0.00 0.00 2.64 1.90 0.00 1.90 2.98 2.98 2.74 2.74 2.94 0.00 0.00 2.94 2.78 2.78 2.78 2.78 1.87 0.00 2.64 2.64 2.58 0.00 0.00 0.00 0.00 2.42 2.42 2.42 0.00 0.00 0.00 0.00
0.00 0.00 0.00 0.00 0.00 0.00 0.00 0.00 0.00 0.00 0.00 0.00 0.00 0.00 0.00 0.00 0.00 0.00 0.00 0.00 0.00 0.00 0.00 0.00 0.00 0.00 0.00 0.00 0.00 0.00 0.00 0.00 0.00 0.00 0.00 0.00 0.00 0.00 0.00 0.00 0.00 0.00 0.00 0.00 0.00 0.00 0.00 0.00 0.00 2.46 2.46 1.82 2.64 2.64 0.00 2.64 2.98 2.98 2.74 2.74 2.94 2.94 0.00 2.94 2.78 2.78 2.78 2.78 1.87 1.87 0.00 0.00 0.00 0.00 0.00 0.00 0.00 0.00 2.42 0.00 0.00 0.00 0.00 0.00
