New_Model_Runs/11_Future_RCP4.5_Scn1_out/post_prcessed_with_MFR/Monthly_summaries/interception_monthly_JUL.asc
NCOLS 700
NROWS 400
XLLCENTER 515000.000000
YLLCENTER 8409000.000000
CELLSIZE 50.000000
NODATA_value -999.000000
[rows 190 to 227 of 400, columns 168 to 251 of 700]
1.28 1.28 0.00 0.00 0.00 1.28 1.28 1.28 1.37 1.37 1.37 1.37 1.47 1.47 1.47 1.47 1.45 1.45 1.45 1.45 1.42 1.42 1.42 1.42 1.45 1.45 1.45 1.45 1.53 1.53 1.53 1.53 1.60 1.60 1.60 1.60 1.60 1.60 1.60 1.60 1.55 1.55 1.55 1.55 1.49 1.49 1.49 1.49 1.42 1.42 1.42 1.42 1.45 1.45 1.45 1.45 1.51 1.51 1.51 1.51 1.45 1.45 1.45 1.45 1.39 1.39 1.12 1.39 1.40 1.40 1.40 1.55 1.61 1.61 1.61 1.61 1.68 1.68 1.68 1.36 1.39 1.39 1.39 1.39
1.28 1.28 1.28 1.06 1.28 1.28 1.28 1.28 1.37 1.37 1.37 1.37 1.47 1.47 1.47 1.47 1.45 1.45 1.45 1.45 1.42 1.42 1.42 1.42 1.45 1.45 1.45 1.45 1.53 1.53 1.53 1.53 1.60 1.60 1.60 1.60 1.60 1.60 1.60 1.60 1.55 1.55 1.55 1.55 1.49 1.49 1.49 1.49 1.42 1.42 1.42 1.42 1.45 1.45 1.45 1.45 1.51 1.51 1.51 1.51 1.45 1.45 1.45 1.45 1.39 1.39 1.39 1.39 1.40 1.40 1.40 1.55 1.61 1.61 1.61 1.61 1.68 1.68 1.68 1.36 1.39 1.39 1.39 1.39
1.26 1.26 1.26 1.06 1.30 1.30 1.30 1.30 1.40 1.40 1.40 1.40 1.48 1.48 1.48 1.48 1.46 1.46 1.46 1.46 1.43 1.43 1.43 1.43 1.47 1.47 1.47 1.47 1.52 1.52 1.52 1.52 1.59 1.59 1.59 1.59 1.63 1.63 1.63 1.63 1.61 1.61 1.61 1.61 1.51 1.51 1.51 1.51 1.40 1.40 1.40 1.40 1.44 1.44 1.44 1.44 1.53 1.53 1.53 1.53 1.51 1.51 1.51 1.51 1.41 1.41 1.41 1.41 1.39 1.39 1.54 1.54 1.64 1.64 1.64 1.64 1.68 1.68 1.68 1.36 1.40 1.40 1.40 1.40
1.26 1.26 1.26 1.26 1.30 1.30 1.30 1.30 1.40 1.40 1.40 1.40 1.48 1.48 1.48 1.48 1.46 1.46 1.46 1.46 1.43 1.43 1.43 1.43 1.47 1.47 1.47 1.47 1.52 1.52 1.52 1.52 1.59 1.59 1.59 1.59 1.63 1.63 1.63 1.63 1.61 1.61 1.61 1.61 1.51 1.51 1.51 1.51 1.40 1.40 1.40 1.40 1.44 1.44 1.44 1.44 1.53 1.53 1.53 1.53 1.51 1.51 1.51 1.51 1.41 1.41 1.41 1.41 1.39 1.39 1.54 1.54 1.64 1.64 1.64 1.64 1.68 1.68 1.68 1.68 1.40 1.40 1.40 1.40
1.33 1.33 1.33 1.33 1.37 1.37 1.37 1.37 1.50 1.50 1.50 1.50 1.60 1.60 1.60 1.60 1.57 1.57 1.57 1.57 1.54 1.54 1.54 1.54 1.57 1.57 1.57 1.57 1.64 1.64 1.64 1.64 1.72 1.72 1.72 1.72 1.77 1.77 1.77 1.77 1.71 1.71 1.71 1.71 1.60 1.60 1.60 1.60 1.47 1.47 1.47 1.47 1.51 1.51 1.51 1.51 1.61 1.61 1.61 1.61 1.58 1.58 1.58 1.58 1.47 1.47 1.47 1.47 1.45 1.45 1.61 1.61 1.69 1.69 1.69 1.69 1.74 1.74 1.74 1.74 1.44 1.44 1.44 1.44
1.33 1.33 1.33 1.33 1.37 1.37 1.37 1.37 1.50 1.50 1.50 1.50 1.60 1.60 1.60 1.60 1.57 1.57 1.57 1.57 1.54 1.54 1.54 1.54 1.57 1.57 1.57 1.57 1.64 1.64 1.64 1.64 1.72 1.72 1.72 1.72 1.77 1.77 1.77 1.77 1.71 1.71 1.71 1.71 1.60 1.60 1.60 1.60 1.47 1.47 1.47 1.47 1.51 1.51 1.51 1.51 1.61 1.61 1.61 1.61 1.58 1.58 1.58 1.58 1.47 1.47 1.47 1.47 1.45 1.61 1.61 1.61 1.69 1.69 1.69 1.69 1.74 1.74 1.74 1.74 1.78 1.44 1.44 1.44
1.37 1.37 1.37 1.37 1.40 1.40 1.40 1.40 1.51 1.51 1.51 1.51 1.61 1.61 1.61 1.61 1.59 1.59 1.59 1.59 1.55 1.55 1.55 1.55 1.60 1.60 1.60 1.60 1.67 1.67 1.67 1.67 1.76 1.76 1.76 1.76 1.82 1.82 1.82 1.82 1.72 1.72 1.72 1.72 1.58 1.58 1.58 1.58 1.48 1.48 1.48 1.48 1.54 1.54 1.54 1.54 1.64 1.64 1.64 1.64 1.57 1.57 1.57 1.57 1.42 1.42 1.42 1.42 1.41 1.58 1.58 1.58 1.68 1.68 1.68 1.68 1.75 1.75 1.75 1.75 1.77 1.43 1.43 1.43
1.37 1.37 1.37 1.37 1.40 1.40 1.40 1.40 1.51 1.51 1.51 1.51 1.61 1.61 1.61 1.61 1.59 1.59 1.59 1.59 1.55 1.55 1.55 1.55 1.60 1.60 1.60 1.60 1.67 1.67 1.67 1.67 1.76 1.76 1.76 1.76 1.82 1.82 1.82 1.82 1.72 1.72 1.72 1.72 1.58 1.58 1.58 1.58 1.48 1.48 1.48 1.48 1.54 1.54 1.54 1.54 1.64 1.64 1.64 1.64 1.57 1.57 1.57 1.57 1.42 1.42 1.42 1.42 1.41 1.58 1.58 1.58 1.68 1.68 1.68 1.68 1.75 1.75 1.75 1.75 1.77 1.43 1.43 1.43
1.37 1.37 1.37 1.37 1.40 1.40 1.40 1.40 1.51 1.51 1.51 1.51 1.61 1.61 1.61 1.61 1.59 1.59 1.59 1.59 1.55 1.55 1.55 1.55 1.60 1.60 1.60 1.60 1.67 1.67 1.67 1.67 1.76 1.76 1.76 1.76 1.82 1.82 1.82 1.82 1.72 1.72 1.72 1.72 1.58 1.58 1.58 1.58 1.48 1.48 1.48 1.48 1.54 1.54 1.54 1.54 1.64 1.64 1.64 1.64 1.57 1.57 1.57 1.57 1.42 1.42 1.42 1.42 1.58 1.58 1.58 1.58 1.68 1.68 1.68 1.68 1.75 1.75 1.75 1.75 1.77 1.77 1.43 1.43
1.37 1.37 1.37 1.37 1.40 1.40 1.40 1.40 1.51 1.51 1.51 1.51 1.61 1.61 1.61 1.61 1.59 1.59 1.59 1.59 1.55 1.55 1.55 1.55 1.60 1.60 1.60 1.60 1.67 1.67 1.67 1.67 1.76 1.76 1.76 1.76 1.82 1.82 1.82 1.82 1.72 1.72 1.72 1.72 1.58 1.58 1.58 1.58 1.48 1.48 1.48 1.48 1.54 1.54 1.54 1.54 1.64 1.64 1.64 1.64 1.57 1.57 1.57 1.57 1.42 1.42 1.42 1.42 1.58 1.58 1.58 1.58 1.68 1.68 1.68 1.68 1.75 1.75 1.75 1.75 1.77 1.77 1.43 1.43
1.44 1.44 1.44 1.44 1.43 1.43 1.43 1.43 1.51 1.51 1.51 1.51 1.61 1.61 1.61 1.61 1.62 1.62 1.62 1.62 1.61 1.61 1.61 1.61 1.65 1.65 1.65 1.65 1.75 1.75 1.75 1.75 1.84 1.84 1.84 1.84 1.76 1.76 1.76 1.76 1.61 1.61 1.61 1.61 1.52 1.52 1.52 1.52 1.46 1.46 1.46 1.46 1.55 1.55 1.55 1.55 1.64 1.64 1.64 1.64 1.51 1.51 1.51 1.51 1.37 1.37 1.37 1.37 1.54 1.54 1.54 1.54 1.64 1.64 1.64 1.64 1.73 1.73 1.73 1.73 1.77 1.77 1.77 1.43
1.44 1.44 1.44 1.44 1.43 1.43 1.43 1.43 1.51 1.51 1.51 1.51 1.61 1.61 1.61 1.61 1.62 1.62 1.62 1.62 1.61 1.61 1.61 1.61 1.65 1.65 1.65 1.65 1.75 1.75 1.75 1.75 1.84 1.84 1.84 1.84 1.76 1.76 1.76 1.76 1.61 1.61 1.61 1.61 1.52 1.52 1.52 1.52 1.46 1.46 1.46 1.46 1.55 1.55 1.55 1.55 1.64 1.64 1.64 1.64 1.51 1.51 1.51 1.51 1.37 1.37 1.37 1.54 1.54 1.54 1.54 1.54 1.64 1.64 1.64 1.64 1.73 1.73 1.73 1.73 1.77 1.77 1.77 1.43
1.44 1.44 1.44 1.44 1.43 1.43 1.43 1.43 1.51 1.51 1.51 1.51 1.61 1.61 1.61 1.61 1.62 1.62 1.62 1.62 1.61 1.61 1.61 1.61 1.65 1.65 1.65 1.65 1.75 1.75 1.75 1.75 1.84 1.84 1.84 1.84 1.76 1.76 1.76 1.76 1.61 1.61 1.61 1.61 1.52 1.52 1.52 1.52 1.46 1.46 1.46 1.46 1.55 1.55 1.55 1.55 1.64 1.64 1.64 1.64 1.51 1.51 1.51 1.51 1.37 1.37 1.37 1.54 1.54 1.54 1.54 1.54 1.64 1.64 1.64 1.64 1.73 1.73 1.73 1.73 1.77 1.77 1.77 1.43
1.44 1.44 1.44 1.44 1.43 1.43 1.43 1.43 1.51 1.51 1.51 1.51 1.61 1.61 1.61 1.61 1.62 1.62 1.62 1.62 1.61 1.61 1.61 1.61 1.65 1.65 1.65 1.65 1.75 1.75 1.75 1.75 1.84 1.84 1.84 1.84 1.76 1.76 1.76 1.76 1.61 1.61 1.61 1.61 1.52 1.52 1.52 1.52 1.46 1.46 1.46 1.46 1.55 1.55 1.55 1.55 1.64 1.64 1.64 1.64 1.51 1.51 1.51 1.51 1.37 1.37 1.37 1.54 1.54 1.54 1.54 1.54 1.64 1.64 1.64 1.64 1.73 1.73 1.73 1.73 1.77 1.77 1.77 1.77
1.53 1.53 1.53 1.53 1.52 1.52 1.52 1.52 1.56 1.56 1.56 1.56 1.62 1.62 1.62 1.62 1.66 1.66 1.66 1.66 1.66 1.66 1.66 1.66 1.69 1.69 1.69 1.69 1.81 1.81 1.81 1.81 1.78 1.78 1.78 1.78 1.59 1.59 1.59 1.59 1.46 1.46 1.46 1.46 1.42 1.42 1.42 1.42 1.44 1.44 1.44 1.44 1.60 1.60 1.60 1.60 1.62 1.62 1.62 1.62 1.43 1.43 1.43 1.43 1.35 1.35 1.51 1.51 1.56 1.56 1.56 1.56 1.67 1.67 1.67 1.67 1.75 1.75 1.75 1.75 1.79 1.79 1.79 1.79
1.53 1.53 1.53 1.53 1.52 1.52 1.52 1.52 1.56 1.56 1.56 1.56 1.62 1.62 1.62 1.62 1.66 1.66 1.66 1.66 1.66 1.66 1.66 1.66 1.69 1.69 1.69 1.69 1.81 1.81 1.81 1.81 1.78 1.78 1.78 1.78 1.59 1.59 1.59 1.59 1.46 1.46 1.46 1.46 1.42 1.42 1.42 1.42 1.44 1.44 1.44 1.44 1.60 1.60 1.60 1.60 1.62 1.62 1.62 1.62 1.43 1.43 1.43 1.43 1.35 1.35 1.51 1.51 1.56 1.56 1.56 1.56 1.67 1.67 1.67 1.67 1.75 1.75 1.75 1.75 1.79 1.79 1.79 1.79
1.53 1.53 1.53 1.53 1.52 1.52 1.52 1.52 1.56 1.56 1.56 1.56 1.62 1.62 1.62 1.62 1.66 1.66 1.66 1.66 1.66 1.66 1.66 1.66 1.69 1.69 1.69 1.69 1.81 1.81 1.81 1.81 1.78 1.78 1.78 1.78 1.59 1.59 1.59 1.59 1.46 1.46 1.46 1.46 1.42 1.42 1.42 1.42 1.44 1.44 1.44 1.44 1.60 1.60 1.60 1.60 1.62 1.62 1.62 1.62 1.43 1.43 1.43 1.43 1.35 1.35 1.51 1.51 1.56 1.56 1.56 1.56 1.67 1.67 1.67 1.67 1.75 1.75 1.75 1.75 1.79 1.79 1.79 1.79
1.53 1.53 1.53 1.53 1.52 1.52 1.52 1.52 1.56 1.56 1.56 1.56 1.62 1.62 1.62 1.62 1.66 1.66 1.66 1.66 1.66 0.00 1.66 1.66 1.69 1.69 1.69 1.69 1.81 1.81 1.81 1.81 1.78 1.78 1.78 1.78 1.59 1.59 1.59 1.59 1.46 1.46 1.46 1.46 1.42 1.42 1.42 1.42 1.44 1.44 1.44 1.44 1.60 1.60 1.60 1.60 1.62 1.62 1.62 1.62 1.43 1.43 1.43 1.43 1.35 1.51 1.51 1.51 1.56 1.56 1.56 1.56 1.67 1.67 1.67 1.67 1.75 1.75 1.75 1.75 1.79 1.79 1.79 1.79
1.61 1.61 1.61 1.61 1.62 1.62 1.62 1.62 1.63 1.63 1.63 1.63 1.66 1.66 1.66 1.66 1.70 1.70 1.70 1.70 1.71 0.00 1.71 1.71 1.72 1.72 1.72 1.72 1.77 1.77 1.77 0.00 0.00 1.68 1.68 1.68 1.51 1.51 1.51 1.51 1.40 1.40 1.40 1.40 1.40 1.40 1.40 1.40 1.52 1.52 1.52 1.52 1.67 1.67 1.67 1.67 1.53 1.53 1.53 1.53 1.36 1.36 1.36 1.36 1.38 1.54 1.54 1.54 1.65 1.65 1.65 1.65 1.72 1.72 1.72 1.72 1.76 1.76 1.76 1.76 1.81 1.81 1.81 1.81
1.61 1.61 1.61 1.61 1.62 1.62 1.62 1.62 1.63 1.63 1.63 1.63 1.66 1.66 1.66 1.66 1.70 0.00 0.00 0.00 0.00 0.00 1.71 1.71 1.72 1.72 1.72 1.72 1.77 1.77 1.77 0.00 0.00 1.68 1.68 1.68 1.51 1.51 1.51 1.51 1.40 1.40 1.40 1.40 1.40 1.40 1.40 1.40 1.52 1.52 1.52 1.52 1.67 1.67 1.67 1.67 1.53 1.53 1.53 1.53 1.36 1.36 1.36 1.36 1.38 1.54 1.54 1.54 1.65 1.65 1.65 1.65 1.72 1.72 1.72 1.72 1.76 1.76 1.76 1.76 1.81 1.81 1.81 1.81
1.69 1.69 1.69 1.69 1.70 1.70 1.70 1.70 1.71 1.71 1.71 1.71 1.74 1.74 1.74 1.74 0.00 0.00 0.00 0.00 0.00 1.80 1.80 1.80 1.82 1.82 1.82 1.82 1.87 1.87 1.87 1.42 1.77 1.77 1.77 1.77 1.57 1.57 1.57 1.57 1.44 1.44 1.44 1.44 1.44 1.44 1.44 1.44 1.58 1.58 1.58 1.58 1.74 1.74 1.74 1.74 1.57 1.57 1.57 1.57 1.38 1.38 1.38 1.38 1.59 1.59 1.59 1.59 1.70 1.70 1.70 1.70 1.75 1.75 1.75 1.75 1.79 1.79 1.79 1.79 1.84 1.84 1.84 1.84
1.69 1.69 1.69 1.69 1.70 1.70 1.70 1.70 1.71 1.71 1.71 1.71 1.74 1.74 1.74 1.74 0.00 0.00 0.00 1.38 1.80 1.80 1.80 1.80 1.82 1.82 0.00 0.00 0.00 1.87 1.87 1.87 1.77 1.77 1.77 1.77 1.57 1.57 1.57 1.57 1.44 1.44 1.44 1.44 1.44 1.44 1.44 1.44 1.58 1.58 1.58 1.58 1.74 1.74 1.74 1.74 1.57 1.57 1.57 1.57 1.38 1.38 1.38 1.38 1.59 1.59 1.59 1.59 1.70 1.70 1.70 1.70 1.75 1.75 1.75 1.75 1.79 1.79 1.79 1.79 1.84 1.84 1.84 1.84
1.70 1.70 1.70 1.70 1.74 1.74 1.74 1.74 1.76 1.76 1.76 1.76 1.78 0.00 0.00 0.00 0.00 1.82 0.00 0.00 0.00 1.81 1.81 1.81 1.78 0.00 0.00 0.00 0.00 0.00 0.00 0.00 1.70 1.70 1.70 1.70 1.56 1.56 1.56 1.56 1.45 1.45 1.45 1.45 1.50 1.50 1.50 1.50 1.69 1.69 1.69 1.69 1.69 1.69 1.69 1.69 1.47 1.47 1.47 1.47 1.40 1.40 1.40 1.40 1.66 1.66 1.66 1.66 1.75 1.75 1.75 1.75 1.76 1.76 1.76 1.76 1.80 1.80 1.80 1.80 1.90 1.90 1.90 1.90
1.70 1.70 1.70 1.70 1.74 1.74 1.74 1.74 1.76 1.76 1.76 1.76 0.00 0.00 0.00 0.00 0.00 0.00 0.00 0.00 0.00 0.00 1.81 1.81 1.38 0.00 0.00 0.00 0.00 0.00 0.00 0.00 1.70 1.70 1.70 1.70 1.56 1.56 1.56 1.56 1.45 1.45 1.45 1.45 1.50 1.50 1.50 1.50 1.69 1.69 1.69 1.69 1.69 1.69 1.69 1.69 1.47 1.47 1.47 1.47 1.40 1.40 1.40 1.59 1.66 1.66 1.66 1.66 1.75 1.75 1.75 1.75 1.76 1.76 1.76 1.76 1.80 1.80 1.80 1.80 1.90 1.90 1.90 1.90
1.70 1.70 1.70 1.70 1.74 1.74 1.74 1.74 1.76 1.76 1.76 1.76 0.00 0.00 0.00 0.00 0.00 0.00 0.00 0.00 0.00 0.00 1.81 0.00 0.00 0.00 0.00 0.00 0.00 0.00 0.00 0.00 0.00 1.70 1.70 1.70 1.56 1.56 1.56 1.56 1.45 1.45 1.45 1.45 1.50 1.50 1.50 1.50 1.69 1.69 1.69 1.69 1.69 1.69 1.69 1.69 1.47 1.47 1.47 1.47 1.40 1.40 1.40 1.59 1.66 1.66 1.66 1.66 1.75 1.75 1.75 1.75 1.76 1.76 1.76 1.76 1.80 1.80 1.80 1.80 1.90 1.90 1.90 1.90
0.00 0.00 1.70 1.70 1.74 1.74 1.74 1.74 1.76 1.76 1.76 0.00 0.00 1.38 1.38 0.00 0.00 0.00 0.00 0.00 1.39 1.81 0.00 0.00 0.00 0.00 0.00 0.00 0.00 0.00 0.00 0.00 0.00 1.70 1.70 1.70 1.56 1.56 1.56 1.56 1.45 1.45 1.45 1.45 1.50 1.50 1.50 1.50 1.69 1.69 1.69 1.69 1.69 1.69 1.69 1.69 1.47 1.47 1.47 1.47 1.40 1.40 1.40 1.59 1.66 1.66 1.66 1.66 1.75 1.75 1.75 1.75 1.76 1.76 1.76 1.76 1.80 1.80 1.80 1.80 1.90 1.90 1.90 1.90
0.00 0.00 1.69 0.00 1.69 0.00 1.69 0.00 0.00 1.74 1.74 0.00 0.00 1.38 0.00 0.00 0.00 0.00 0.00 0.00 0.00 0.00 0.00 0.00 0.00 0.00 0.00 0.00 0.00 0.00 0.00 0.00 1.63 1.63 1.63 1.63 1.54 1.54 1.54 1.54 1.53 1.53 1.53 1.53 1.67 1.67 1.67 1.67 1.71 1.71 1.71 1.71 1.56 1.56 1.56 1.56 1.46 1.46 1.46 1.46 1.50 1.50 1.69 1.69 1.75 1.75 1.75 1.75 1.75 0.00 1.75 1.75 1.74 1.74 1.74 1.74 1.82 1.82 1.82 1.82 1.98 1.98 1.98 1.98
1.69 0.00 1.69 0.00 1.69 1.69 0.00 0.00 1.74 1.74 1.74 0.00 0.00 0.00 0.00 0.00 0.00 0.00 0.00 0.00 0.00 0.00 0.00 0.00 0.00 0.00 0.00 0.00 0.00 1.68 1.68 1.68 1.63 1.63 1.63 1.63 1.54 1.54 1.54 1.54 1.53 1.53 1.53 1.53 1.67 1.67 1.67 1.67 1.71 1.71 1.71 1.71 1.56 1.56 1.56 1.56 1.46 1.46 1.46 1.46 1.50 1.50 1.69 1.69 1.75 1.75 1.75 1.75 1.75 1.75 1.75 1.75 1.74 1.74 1.74 1.74 1.82 1.82 1.82 1.82 1.98 1.98 1.98 1.98
1.69 0.00 0.00 0.00 1.69 1.69 0.00 0.00 0.00 1.74 1.74 0.00 0.00 0.00 0.00 1.38 0.00 0.00 0.00 0.00 0.00 0.00 0.00 0.00 0.00 0.00 0.00 0.00 1.68 0.00 1.68 1.68 1.63 1.63 1.63 1.63 1.54 1.54 1.54 1.54 1.53 1.53 1.53 1.53 1.67 1.67 1.67 1.67 1.71 1.71 1.71 1.71 1.56 1.56 1.56 1.56 1.46 1.46 1.46 1.46 1.50 1.50 1.69 1.69 1.75 1.75 1.75 1.75 1.75 1.75 1.75 1.75 1.74 1.74 1.74 1.74 1.82 1.82 1.82 1.82 1.98 1.98 1.98 1.98
1.18 0.00 0.00 0.00 1.69 1.69 0.00 0.00 1.74 1.74 0.00 0.00 0.00 1.65 0.00 1.38 0.70 0.00 0.00 0.00 0.00 0.00 0.00 0.00 0.00 0.00 0.00 0.00 0.00 1.68 1.68 1.68 1.63 1.63 1.63 1.63 1.54 1.54 1.25 1.54 1.53 1.53 1.53 1.53 1.67 1.67 1.67 1.67 1.71 1.71 1.71 1.71 1.56 1.56 1.56 1.56 1.46 1.46 1.46 1.46 1.50 1.69 1.69 1.69 1.75 1.75 1.75 1.75 1.75 1.75 1.75 1.75 1.74 1.74 1.74 1.74 1.82 1.82 1.82 1.82 1.98 1.98 1.98 1.98
1.18 1.18 1.18 1.18 0.00 0.00 0.00 0.00 1.72 1.72 1.72 0.00 0.00 0.00 0.00 0.69 1.36 1.36 0.00 0.00 0.00 1.70 0.00 0.00 0.00 0.00 0.00 0.00 0.00 0.00 1.65 1.65 1.63 1.63 1.63 1.63 1.63 1.63 1.63 1.30 1.68 1.68 1.68 1.68 1.73 0.00 0.00 1.73 1.65 1.65 1.65 1.65 1.62 1.62 1.62 1.62 1.59 1.59 1.59 1.59 1.64 1.81 1.81 1.81 1.82 1.82 1.82 1.82 1.78 1.78 1.78 1.78 1.76 1.76 1.76 1.76 1.86 1.86 1.86 1.86 2.02 2.02 2.02 2.02
1.18 1.18 1.18 1.18 1.17 1.17 1.17 0.00 1.21 1.21 1.72 1.72 0.00 0.00 0.00 0.00 0.00 0.00 0.00 0.00 0.00 0.00 1.70 0.00 0.00 0.00 0.00 0.00 0.00 0.00 1.65 0.00 1.63 1.63 1.63 1.63 1.63 1.63 1.30 1.30 1.68 1.68 1.68 0.00 0.00 0.00 0.00 1.73 1.65 1.65 1.65 1.65 1.62 1.62 1.62 1.62 1.59 1.59 1.59 1.59 1.81 1.81 1.81 1.81 1.82 1.82 1.82 1.82 1.78 1.78 1.78 1.78 1.76 1.76 1.76 1.76 1.86 1.86 1.86 1.86 2.02 2.02 2.02 2.02
1.18 1.18 1.18 1.18 1.17 1.17 1.17 0.00 0.00 1.21 1.21 1.21 0.00 0.00 0.00 0.00 0.00 0.00 0.00 0.00 0.00 0.00 0.00 0.00 0.00 0.00 0.00 0.00 0.00 0.00 0.00 0.00 0.00 1.63 1.63 0.00 1.30 1.63 1.30 1.30 0.00 0.00 0.00 0.00 0.00 0.00 0.00 1.73 1.65 1.65 1.65 1.65 1.62 1.62 1.62 1.62 1.59 1.59 1.59 1.59 1.81 1.81 1.81 1.81 1.82 1.82 1.82 0.00 0.00 1.78 1.78 1.78 1.76 1.76 1.76 1.76 1.86 1.86 1.86 1.86 2.02 2.02 2.02 2.02
1.18 1.18 1.18 1.18 1.17 1.17 0.00 0.00 0.00 1.21 1.21 0.96 0.00 0.00 0.00 0.00 0.00 0.00 0.00 0.00 0.00 0.00 0.00 0.00 0.00 0.00 0.00 0.00 0.00 0.00 0.00 0.00 0.00 0.00 1.63 0.00 0.00 0.00 0.00 0.00 0.00 0.00 0.00 0.00 0.00 0.00 1.73 1.73 1.65 1.65 1.65 1.65 1.62 1.62 1.62 1.62 1.59 1.59 1.59 1.59 1.81 1.81 1.81 0.00 0.00 0.00 0.00 0.00 0.00 0.00 0.00 0.00 0.00 0.00 1.76 1.76 1.86 1.86 1.86 1.86 2.02 2.02 2.02 2.02
1.22 0.00 1.22 1.22 1.18 1.18 0.00 1.18 1.19 1.19 1.19 1.19 0.00 0.00 0.00 0.00 0.00 0.00 0.00 0.00 0.00 0.00 0.00 0.00 0.00 0.00 0.00 0.00 0.00 0.00 0.00 0.00 0.00 0.00 0.00 0.00 0.00 0.00 0.00 0.00 0.00 0.00 0.00 0.00 0.00 1.72 1.72 1.72 1.75 1.75 1.75 1.75 1.77 1.77 1.77 1.77 1.71 1.71 1.71 1.89 1.86 1.86 1.86 0.00 0.00 0.00 0.00 0.00 0.00 0.00 0.00 0.00 1.78 1.78 1.78 1.78 1.90 1.90 1.90 1.90 1.97 1.97 1.97 1.97
0.00 1.22 1.22 1.22 0.00 1.18 0.00 1.18 1.19 0.00 0.00 1.19 0.00 0.00 0.00 0.00 0.00 0.00 0.00 0.00 0.00 0.00 0.00 0.00 0.00 0.00 0.00 0.00 0.00 0.00 0.00 0.00 0.00 0.00 0.00 0.00 0.00 0.00 0.00 0.00 0.00 0.00 0.00 0.00 0.00 0.00 0.00 0.00 0.00 0.00 0.00 0.00 0.00 0.00 0.00 1.77 1.71 1.71 1.71 1.89 1.86 1.86 1.86 0.00 0.00 0.00 0.00 1.81 1.79 0.00 1.79 1.79 1.78 1.78 1.78 1.78 1.90 1.90 1.90 1.90 1.97 1.97 1.97 1.97
0.00 0.00 1.23 0.00 0.00 0.00 0.00 1.19 0.00 1.20 0.00 0.00 0.00 0.00 0.00 0.00 0.00 0.00 0.00 0.00 0.00 0.00 0.00 0.00 0.00 0.00 0.00 0.00 0.00 0.00 0.00 0.00 0.00 0.00 0.00 0.00 0.00 0.00 0.00 0.00 0.00 0.00 0.00 0.00 0.00 0.00 0.00 0.00 0.00 0.00 0.00 0.00 0.00 0.00 0.00 0.00 1.72 1.72 1.72 1.90 1.87 1.87 1.87 0.00 0.00 1.82 1.82 1.82 0.00 0.00 0.00 0.00 1.75 1.75 1.75 1.75 1.87 1.87 1.87 1.87 1.94 1.94 1.94 1.94
0.00 1.23 1.23 0.00 0.00 0.00 0.00 0.00 1.20 0.00 0.00 0.00 0.00 0.00 0.00 0.00 0.00 0.00 0.00 0.00 0.00 0.00 0.00 0.00 0.00 0.00 0.00 0.00 0.00 0.00 0.00 0.00 0.00 0.00 0.00 0.00 0.00 0.00 0.00 0.00 0.00 0.00 0.00 0.00 0.00 0.00 0.00 0.00 0.00 0.00 0.00 0.00 0.00 0.00 0.00 0.00 0.00 0.00 1.90 1.90 1.87 0.00 1.87 1.87 0.00 1.82 1.82 1.82 0.00 1.79 1.79 1.79 1.75 1.75 1.75 1.75 1.87 1.87 1.87 1.87 1.94 1.94 1.94 1.94
