New_Model_Runs/11_Future_RCP4.5_Scn1_out/post_prcessed_with_MFR/Monthly_summaries/net_infiltration_monthly_NOV.asc
NCOLS 700
NROWS 400
XLLCENTER 515000.000000
YLLCENTER 8409000.000000
CELLSIZE 50.000000
NODATA_value -999.000000
[rows 111 to 147 of 400, columns 332 to 414 of 700]
0.00 0.00 0.00 0.00 0.00 0.00 3.72 3.72 8.87 7.77 8.37 7.77 7.61 7.61 7.61 7.61 8.15 8.15 7.58 7.58 8.47 8.48 7.87 7.87 7.92 7.92 8.53 7.92 8.55 7.94 7.94 8.54 7.92 8.24 8.24 8.24 8.39 8.39 8.39 8.39 9.27 8.37 8.37 8.37 9.27 8.38 8.38 8.38 8.32 8.32 8.32 8.32 8.29 8.29 8.29 8.29 8.37 8.37 9.24 8.37 8.36 8.36 9.95 8.36 8.36 8.36 9.24 8.36 8.21 8.21 8.21 8.21 8.24 8.24 8.24 8.10 8.12 8.12 9.07 8.12 8.08 9.80 8.08
0.00 0.00 0.00 0.00 0.00 0.00 0.00 8.42 7.67 7.67 7.67 7.67 8.14 7.55 7.55 7.55 7.55 8.13 7.55 7.55 7.84 9.10 7.84 7.84 7.90 7.90 7.90 7.90 7.91 7.91 7.91 8.52 7.88 8.19 8.19 8.19 8.35 8.35 8.35 8.35 8.33 8.33 8.33 8.33 8.29 8.29 8.29 8.29 8.21 8.21 8.21 8.21 8.20 8.20 8.20 8.20 8.25 8.25 8.25 9.12 8.26 8.26 8.26 8.26 8.27 8.27 9.15 8.27 8.09 8.09 8.09 8.09 8.11 8.11 8.11 7.98 8.00 8.00 8.00 8.97 8.92 7.96 7.96
0.00 0.00 0.00 0.00 0.00 0.00 3.72 8.50 7.67 7.67 7.67 7.67 7.55 8.13 7.55 7.55 7.55 7.55 8.22 7.55 7.84 9.23 8.44 7.84 7.90 7.90 8.72 8.57 7.91 7.91 7.91 7.91 8.54 7.88 8.19 8.19 8.35 8.35 9.28 8.35 8.33 9.22 8.33 8.33 8.29 9.22 9.63 9.20 8.21 8.21 8.21 8.21 8.20 8.20 8.20 9.07 8.25 8.25 8.25 8.25 8.26 8.26 8.26 8.26 8.27 8.27 8.27 8.27 8.09 8.09 8.09 8.09 8.11 8.99 8.11 7.98 8.00 8.00 8.00 8.00 7.96 7.96 7.96
0.00 0.00 0.00 0.00 0.00 0.00 8.50 8.50 8.33 8.33 8.99 8.33 8.21 9.40 8.85 8.21 8.21 8.21 8.21 8.21 8.19 8.84 8.84 8.19 8.26 8.26 9.32 8.26 8.27 8.27 8.27 8.27 8.23 8.88 8.53 9.45 8.57 8.57 8.57 9.49 8.55 8.55 9.47 8.55 8.52 8.52 8.52 9.41 8.43 8.43 9.33 8.43 8.29 8.29 9.17 8.29 8.33 8.33 8.33 8.33 8.35 8.35 8.35 8.35 8.36 8.36 8.36 8.36 8.44 9.31 8.44 8.44 8.46 8.46 8.46 8.36 8.38 8.38 9.36 8.38 8.34 8.34 8.34
0.00 0.00 0.00 0.00 8.50 8.50 8.50 8.50 8.33 8.33 9.52 8.33 8.21 8.21 8.21 8.85 8.21 8.85 8.21 8.21 8.19 8.19 8.82 8.19 8.26 8.89 8.26 8.26 8.27 8.27 8.92 8.27 8.23 8.23 8.53 8.53 8.57 8.57 8.57 9.46 8.55 8.55 9.47 8.55 8.52 8.52 9.40 8.52 8.43 8.62 8.43 8.43 8.29 8.29 8.29 8.29 8.33 8.33 8.33 8.33 8.35 8.35 8.35 8.35 8.36 8.36 8.36 8.36 8.44 8.44 8.44 8.44 8.46 9.33 9.33 8.36 8.38 8.38 8.38 8.38 8.34 8.34 8.34
8.71 8.07 8.07 8.07 8.23 8.23 9.13 8.23 8.11 8.11 8.11 8.11 8.10 8.10 8.10 8.10 8.14 8.77 9.48 8.14 8.13 8.13 8.13 8.13 8.16 8.16 8.16 8.80 8.15 8.15 8.15 8.15 8.13 8.76 10.34 8.43 8.47 8.47 9.37 9.78 8.43 8.43 8.43 8.43 8.38 8.38 9.27 9.42 8.46 10.61 10.61 10.61 8.44 8.44 8.44 8.44 8.49 8.49 8.49 8.49 8.48 8.48 8.48 8.48 8.47 8.47 8.47 8.47 8.49 8.49 8.49 8.49 8.45 8.45 8.35 8.35 8.30 8.30 8.30 8.30 9.62 9.19 8.24
8.07 8.07 8.71 8.07 8.23 8.23 9.13 8.23 8.11 8.11 8.11 8.11 8.10 8.10 8.10 8.10 8.14 8.14 8.14 8.77 8.13 8.13 8.13 8.13 8.16 8.16 8.16 8.80 9.33 8.15 8.15 8.15 8.13 8.13 8.13 8.43 8.47 8.47 8.47 8.47 8.43 8.43 8.43 8.43 8.38 8.38 8.38 9.27 10.61 10.61 10.61 8.46 8.44 8.44 8.44 8.44 8.49 8.49 8.49 8.49 8.48 8.48 8.48 8.48 8.47 8.47 8.47 8.47 8.49 8.49 8.49 8.49 8.45 8.45 9.32 8.35 8.30 8.30 8.30 8.30 8.24 8.24 8.24
8.79 8.71 8.07 8.07 8.23 9.13 8.23 8.23 8.11 8.11 8.11 8.11 8.10 8.10 8.10 8.10 8.14 8.14 8.77 8.14 8.13 8.13 8.13 8.13 8.16 8.16 8.16 8.80 8.15 8.15 8.15 8.78 8.13 8.13 8.13 8.13 8.47 8.47 8.47 8.47 8.43 8.43 8.43 11.03 10.49 12.42 10.49 8.38 8.46 8.46 8.46 8.46 8.44 8.44 8.44 8.44 8.49 8.49 8.49 8.49 8.48 8.48 8.48 8.48 8.47 8.47 8.47 8.47 8.49 8.49 8.49 8.49 8.45 8.45 8.35 8.35 8.30 8.30 8.30 8.30 8.24 8.24 8.24
8.07 8.79 8.07 8.07 9.13 8.23 8.83 8.23 8.11 8.11 8.11 8.11 8.10 8.10 8.10 8.10 8.14 8.14 8.14 8.14 8.13 8.13 8.13 8.77 8.16 8.16 8.16 8.16 8.15 8.15 8.15 8.78 8.13 8.13 8.38 8.13 8.47 8.47 8.47 8.47 10.20 9.43 10.56 10.56 10.49 8.38 8.38 8.38 8.46 8.46 8.46 8.46 8.44 8.44 8.44 8.44 8.49 8.49 8.49 8.49 8.48 8.48 8.48 8.48 8.47 8.47 8.47 8.47 8.49 8.49 8.49 8.49 8.45 8.45 8.35 8.35 10.61 8.30 10.61 10.61 8.24 8.24 8.24
7.71 7.71 7.71 7.71 7.99 7.99 7.99 7.99 8.08 8.08 8.08 8.70 8.14 8.14 8.14 8.14 8.18 8.18 8.82 8.18 8.17 8.17 8.17 8.81 8.78 8.15 8.15 8.78 8.13 8.13 8.13 8.13 8.75 8.12 8.62 9.02 10.62 10.62 8.47 8.66 8.69 8.69 9.74 10.66 8.62 8.62 8.62 8.62 8.78 8.78 8.78 8.78 8.71 8.71 8.71 8.71 8.73 8.73 8.73 8.73 8.69 8.69 8.69 8.69 8.67 8.67 8.67 8.67 8.68 8.68 8.68 8.68 8.59 8.48 8.48 8.48 8.37 8.37 10.71 8.37 8.37 8.37 8.37
7.71 7.71 8.51 7.71 7.99 7.99 9.13 7.99 8.08 8.08 8.08 8.08 8.77 8.14 8.77 8.78 8.18 8.18 8.18 8.18 8.17 8.17 8.17 8.17 8.15 8.15 8.15 8.15 8.13 8.13 8.13 8.13 8.12 8.12 8.12 8.12 10.03 10.62 10.62 10.62 10.66 10.66 10.66 8.50 8.62 8.62 8.62 8.62 8.78 8.78 8.78 8.78 8.71 8.71 8.71 8.71 8.73 8.73 8.73 8.73 8.69 8.69 8.69 10.51 8.67 8.67 8.67 8.67 8.68 8.68 8.68 8.68 8.59 8.48 8.48 8.48 8.37 8.37 8.37 8.37 8.37 8.37 8.37
7.71 7.71 7.71 8.33 7.99 7.99 7.99 7.99 8.08 8.08 8.08 8.08 8.14 8.14 8.14 8.14 8.18 8.18 8.18 8.18 8.17 8.17 8.17 8.17 8.15 8.15 8.15 8.15 8.13 8.13 8.13 8.13 8.12 8.12 8.12 8.12 8.18 8.47 8.47 10.62 10.66 10.66 8.50 8.50 8.62 8.62 8.62 8.62 8.78 8.78 8.78 8.78 8.71 8.71 8.71 8.71 8.73 9.38 9.86 10.56 10.51 10.51 10.51 10.51 10.48 10.48 10.48 10.48 10.41 8.68 8.68 8.68 8.59 8.48 8.48 8.48 8.37 8.37 8.37 8.37 8.37 8.37 8.37
7.71 7.71 7.71 7.71 7.99 7.99 7.99 7.99 8.08 8.08 8.08 8.08 8.14 8.14 8.14 8.14 8.18 8.18 8.18 8.18 8.17 8.17 8.17 8.17 8.15 8.15 8.15 8.15 8.13 8.13 8.13 8.13 8.12 8.12 8.12 8.12 8.18 8.47 8.47 8.47 8.50 8.50 8.50 8.50 8.62 8.62 8.62 8.62 8.78 8.78 8.78 8.78 8.71 8.71 8.71 10.53 10.56 9.86 9.86 9.86 9.86 10.51 10.51 10.51 10.48 10.48 10.48 10.48 10.41 10.41 8.68 8.68 8.59 8.48 8.48 8.48 8.37 8.37 8.37 8.37 8.37 8.37 8.37
7.75 7.75 7.75 7.75 8.28 8.28 8.28 8.28 8.34 8.34 8.34 8.34 8.35 8.35 8.35 8.35 8.38 8.38 8.38 8.38 8.34 8.34 8.34 8.34 8.32 8.32 8.32 8.32 8.28 8.28 8.28 8.28 8.28 8.28 8.28 8.28 8.38 8.38 8.66 8.66 8.70 8.70 8.70 8.70 8.80 8.80 8.80 8.80 8.88 8.88 8.88 8.88 8.75 9.38 8.75 10.59 10.60 10.72 10.72 9.86 9.86 10.58 11.01 10.58 10.56 10.56 10.56 10.09 10.50 10.50 10.50 8.74 8.54 8.54 8.54 8.54 8.48 8.48 8.48 8.48 8.52 8.52 8.52
7.75 7.75 7.75 7.75 8.28 8.28 8.28 8.28 8.34 8.34 8.34 8.34 8.35 8.35 8.35 8.35 8.38 8.38 8.38 8.38 8.34 8.34 8.34 8.34 8.32 8.32 8.32 8.32 8.28 8.28 8.28 8.28 8.28 8.28 8.28 8.28 8.38 8.38 8.66 8.66 8.70 8.70 8.70 8.70 8.80 8.80 8.80 8.80 8.88 8.88 9.31 8.88 8.75 8.75 9.86 10.09 10.09 11.57 14.43 12.00 9.64 10.07 10.92 10.50 12.43 11.38 10.56 10.09 10.50 10.50 10.50 8.74 8.54 8.54 8.54 8.54 8.48 8.48 8.48 8.48 8.52 8.52 8.52
7.75 7.75 7.75 7.75 8.28 8.28 8.28 8.28 8.34 8.34 8.34 8.34 8.35 8.35 8.35 8.35 8.38 8.38 8.38 8.38 8.34 8.34 8.34 8.34 8.32 8.32 8.32 8.32 8.28 8.28 8.28 8.28 8.28 8.28 8.28 8.28 8.38 8.38 8.66 8.66 8.70 8.70 8.70 8.70 8.80 8.80 8.80 8.80 8.88 9.74 8.50 10.91 8.75 10.59 10.09 10.72 9.21 9.64 9.75 5.81 5.38 8.46 8.89 6.23 5.81 5.81 10.50 11.38 11.36 10.93 10.50 10.50 10.54 8.54 8.54 8.54 8.48 8.48 8.48 8.48 8.52 8.52 8.52
7.75 7.75 7.75 7.75 8.28 8.28 8.28 8.39 8.39 8.34 8.34 8.34 8.35 8.35 8.35 8.35 8.38 8.38 8.38 9.93 9.89 9.89 8.34 8.34 8.32 8.32 8.32 8.32 8.28 8.28 8.28 8.28 8.28 8.28 8.28 8.28 8.38 8.38 8.38 8.66 8.70 8.70 8.70 8.70 8.80 8.80 8.80 8.80 8.88 9.43 9.92 10.30 10.52 11.57 9.64 10.07 12.72 11.86 7.17 0.00 12.29 0.00 0.00 0.00 6.75 8.03 8.03 4.52 11.29 10.87 10.93 10.50 10.54 10.54 8.54 8.54 8.48 8.48 8.48 8.48 8.52 8.52 8.52
8.07 8.07 8.07 8.07 8.48 9.15 9.15 9.15 8.39 8.39 8.39 10.05 8.48 8.48 8.48 8.39 8.49 8.49 8.31 10.06 10.00 10.00 10.00 8.43 8.40 8.40 8.40 8.40 8.37 8.37 8.37 8.37 8.38 8.38 8.38 8.38 8.48 8.48 8.48 8.75 8.78 8.78 8.78 9.92 8.82 8.82 10.37 10.00 8.99 10.07 10.74 8.08 8.35 13.15 7.17 0.00 0.00 0.00 0.00 0.00 0.00 0.00 0.00 0.00 0.00 0.00 0.00 0.00 7.84 7.84 10.01 11.29 10.57 10.57 8.57 8.57 8.55 8.55 8.55 8.55 8.58 9.34 9.34
8.07 8.07 8.07 8.07 9.58 9.58 9.15 9.15 9.15 9.15 8.86 9.15 9.15 10.08 8.86 9.15 8.39 8.39 8.86 9.15 9.03 9.03 10.00 8.43 8.40 8.40 8.40 8.40 8.37 8.37 8.37 8.37 8.38 8.38 8.38 8.38 8.48 8.48 8.48 8.48 8.78 8.78 9.60 9.60 12.01 8.93 11.29 10.93 10.07 10.07 10.07 11.59 3.51 0.00 0.00 0.00 0.00 0.00 0.00 0.00 0.00 0.00 0.00 0.00 0.00 0.00 0.00 0.00 0.00 0.00 6.56 6.74 3.23 11.14 10.29 8.57 8.66 9.29 8.55 9.67 8.58 9.29 9.29
9.83 9.83 8.29 8.85 8.92 9.04 9.04 9.04 9.93 8.92 9.04 9.78 9.47 9.47 9.90 7.36 9.35 8.62 9.04 8.92 8.31 8.31 8.31 9.58 8.03 8.03 8.03 8.31 8.31 9.50 9.50 8.01 7.59 8.01 8.01 8.31 10.00 10.00 10.00 9.78 10.60 11.63 12.06 11.20 14.59 11.17 12.46 8.25 11.08 14.15 12.45 0.00 0.00 0.00 0.00 0.00 0.00 0.00 0.00 0.00 0.00 0.00 0.00 0.00 0.00 0.00 0.00 0.00 0.00 0.00 0.00 0.00 0.00 7.67 6.81 6.39 11.98 9.94 9.14 9.51 9.51 10.02 9.11
8.53 9.71 9.83 10.34 9.35 9.04 7.79 7.79 8.74 10.36 9.47 8.73 7.79 8.22 5.38 6.24 10.79 8.22 7.79 8.62 8.40 8.31 8.74 8.40 8.83 9.96 10.39 8.40 8.40 8.31 7.97 7.97 12.34 6.70 7.97 7.97 9.95 10.43 10.00 8.46 9.80 11.17 10.23 10.32 13.74 3.54 5.25 6.97 8.76 0.00 0.00 0.00 0.00 0.00 0.00 0.00 0.00 0.00 0.00 0.00 0.00 0.00 0.00 0.00 0.00 0.00 0.00 0.00 0.00 0.00 0.00 0.00 0.00 0.00 0.00 0.00 0.00 13.81 13.38 11.13 9.44 10.30 9.87
8.96 11.63 11.63 12.79 11.73 9.07 3.67 7.79 9.35 9.47 9.47 8.74 6.93 7.79 12.16 8.89 13.44 12.59 12.16 12.24 10.21 9.78 9.78 6.55 11.49 10.64 10.64 9.26 8.83 10.03 6.70 11.48 5.69 10.64 7.97 8.40 10.64 9.32 11.33 2.84 2.41 2.68 12.45 12.45 12.45 6.62 7.48 6.62 0.00 0.00 0.00 0.00 0.00 0.00 0.00 0.00 0.00 0.00 0.00 0.00 0.00 0.00 0.00 0.00 0.00 0.00 0.00 0.00 0.00 0.00 0.00 0.00 0.00 0.00 0.00 0.00 0.00 0.00 0.00 0.00 4.80 7.24 12.52
8.96 11.63 8.55 6.40 10.44 8.22 4.09 3.24 9.47 11.30 12.16 10.87 5.46 10.44 10.87 5.46 5.89 6.75 7.18 7.79 7.13 6.70 2.18 6.12 6.55 9.78 9.78 9.78 10.21 11.49 10.64 9.35 10.21 10.64 9.78 10.21 12.40 3.70 3.70 6.35 5.92 6.19 6.19 3.11 3.11 3.11 3.11 0.00 0.00 0.00 0.00 0.00 0.00 0.00 0.00 0.00 0.00 0.00 0.00 0.00 0.00 0.00 0.00 0.00 0.00 0.00 0.00 0.00 0.00 0.00 0.00 0.00 0.00 0.00 0.00 0.00 0.00 0.00 0.00 0.00 0.00 0.00 0.00
9.59 10.13 9.39 8.85 10.87 11.81 7.79 8.46 11.30 10.87 10.44 5.46 10.01 11.39 10.01 5.46 1.95 0.00 0.00 0.00 0.00 5.69 5.26 0.00 0.00 0.00 0.00 3.51 5.69 5.69 5.69 5.26 6.12 6.55 6.55 5.69 6.78 6.35 5.92 2.84 2.84 2.68 3.11 3.97 3.54 2.68 0.00 0.00 0.00 0.00 0.00 0.00 0.00 0.00 0.00 0.00 0.00 0.00 0.00 0.00 0.00 0.00 0.00 0.00 0.00 0.00 0.00 0.00 0.00 0.00 0.00 0.00 0.00 0.00 0.00 0.00 0.00 0.00 0.00 0.00 0.00 0.00 0.00
9.61 9.59 9.28 6.83 6.93 5.89 11.30 12.16 10.44 10.44 7.88 1.95 7.88 7.88 7.88 5.46 0.00 0.00 0.00 0.00 0.00 0.00 0.00 0.00 0.00 0.00 0.00 0.00 0.00 0.00 0.00 1.08 2.18 2.18 3.04 3.47 3.27 2.84 2.41 2.84 2.84 2.41 3.11 3.54 3.11 0.00 0.00 0.00 0.00 0.00 0.00 0.00 0.00 0.00 0.00 0.00 0.00 0.00 0.00 0.00 0.00 0.00 0.00 0.00 0.00 0.00 0.00 0.00 0.00 0.00 0.00 0.00 0.00 0.00 0.00 0.00 0.00 0.00 0.00 0.00 0.00 0.00 0.00
9.61 9.18 9.71 8.96 10.44 5.46 5.46 5.89 5.89 7.88 7.88 6.50 7.88 7.88 7.88 5.46 0.00 0.00 0.00 0.00 0.00 0.00 0.00 0.00 0.00 0.00 0.00 0.00 0.00 0.00 0.00 0.00 0.00 0.00 0.43 2.61 0.00 0.00 0.00 0.00 0.00 0.00 0.00 0.00 0.00 0.00 0.00 0.00 0.00 0.00 0.00 0.00 0.00 0.00 0.00 0.00 0.00 0.00 0.00 0.00 0.00 0.00 0.00 0.00 0.00 0.00 0.00 0.00 0.00 0.00 0.00 0.00 0.00 0.00 0.00 0.00 0.00 0.00 0.00 0.00 0.00 0.00 0.00
10.04 6.79 10.73 12.16 6.93 11.82 6.93 5.89 8.74 3.24 5.19 3.91 0.00 0.00 0.00 0.00 0.00 0.00 0.00 0.00 0.00 0.00 0.00 0.00 0.00 0.00 0.00 0.00 0.00 0.00 0.00 0.00 0.00 0.00 0.00 0.00 0.00 0.00 0.00 0.00 0.00 0.00 0.00 0.00 0.00 0.00 0.00 0.00 0.00 0.00 0.00 0.00 0.00 0.00 0.00 0.00 0.00 0.00 0.00 0.00 0.00 0.00 0.00 0.00 0.00 0.00 0.00 0.00 0.00 0.00 0.00 0.00 0.00 0.00 0.00 0.00 0.00 0.00 0.00 0.00 0.00 0.00 0.00
9.67 13.18 11.16 6.36 6.93 11.82 6.93 5.46 10.87 3.67 2.81 1.60 1.27 6.73 1.95 4.68 0.00 0.00 0.00 0.00 0.00 0.00 0.00 0.00 0.00 0.00 0.00 0.00 0.00 0.00 0.00 0.00 0.00 0.00 0.00 0.00 0.00 0.00 0.00 0.00 0.00 0.00 0.00 0.00 0.00 0.00 0.00 0.00 0.00 0.00 0.00 0.00 0.00 0.00 0.00 0.00 0.00 0.00 0.00 0.00 0.00 0.00 0.00 0.00 0.00 0.00 0.00 0.00 0.00 0.00 0.00 0.00 0.00 0.00 0.00 0.00 0.00 0.00 0.00 0.00 0.00 0.00 0.00
6.79 13.96 8.93 4.11 11.22 7.87 6.50 10.01 5.89 6.32 2.38 1.95 1.17 3.91 7.88 5.11 0.00 0.00 0.00 0.00 0.00 0.00 0.00 0.00 0.00 0.00 0.00 0.00 0.00 0.00 0.00 0.00 0.00 0.00 0.00 0.00 0.00 0.00 0.00 0.00 0.00 0.00 0.00 0.00 0.00 0.00 0.00 0.00 0.00 0.00 0.00 0.00 0.00 0.00 0.00 0.00 0.00 0.00 0.00 0.00 0.00 0.00 0.00 0.00 0.00 0.00 0.00 0.00 0.00 0.00 0.00 0.00 0.00 0.00 0.00 0.00 0.00 0.00 0.00 0.00 0.00 0.00 0.00
8.81 12.02 6.62 7.99 12.99 9.07 5.89 7.18 4.09 6.32 5.46 6.32 6.32 6.12 5.89 5.89 0.00 0.00 0.00 0.00 0.00 0.00 0.00 0.00 0.00 0.00 0.00 0.00 0.00 0.00 0.00 0.00 0.00 0.00 0.00 0.00 0.00 0.00 0.00 0.00 0.00 0.00 0.00 0.00 0.00 0.00 0.00 0.00 0.00 0.00 0.00 0.00 0.00 0.00 0.00 0.00 0.00 0.00 0.00 0.00 0.00 0.00 0.00 0.00 0.00 0.00 0.00 0.00 0.00 0.00 0.00 0.00 0.00 0.00 0.00 0.00 0.00 0.00 0.00 0.00 0.00 0.00 0.00
13.18 11.59 12.45 7.84 8.55 7.58 10.44 3.67 7.79 13.94 11.59 12.44 10.87 10.44 7.18 6.32 5.46 5.46 5.89 10.87 5.69 5.69 5.49 9.35 0.00 0.00 0.00 0.00 0.00 0.00 0.00 0.00 0.00 0.00 0.00 0.00 0.00 0.00 0.00 0.00 0.00 0.00 0.00 0.00 0.00 0.00 0.00 0.00 0.00 0.00 0.00 0.00 0.00 0.00 0.00 0.00 0.00 0.00 0.00 0.00 0.00 0.00 0.00 0.00 0.00 0.00 0.00 0.00 0.00 0.00 0.00 0.00 0.00 0.00 0.00 0.00 0.00 0.00 0.00 0.00 0.00 0.00 0.00
9.01 10.73 10.73 12.50 8.43 7.70 7.27 7.18 12.11 12.09 9.10 8.43 8.38 8.56 12.44 10.46 10.01 5.46 6.32 10.87 9.78 5.69 5.69 5.79 9.35 3.51 0.00 0.00 0.00 0.00 0.00 0.00 0.00 0.00 0.00 0.00 0.00 0.00 0.00 0.00 0.00 0.00 0.00 0.00 0.00 0.00 0.00 0.00 0.00 0.00 0.00 0.00 0.00 0.00 0.00 0.00 0.00 0.00 0.00 0.00 0.00 0.00 0.00 0.00 0.00 0.00 0.00 0.00 0.00 0.00 0.00 0.00 0.00 0.00 0.00 0.00 0.00 0.00 0.00 0.00 0.00 0.00 0.00
9.47 6.71 5.42 6.28 4.50 7.70 8.89 11.75 8.50 8.08 8.43 8.43 8.38 8.38 8.17 8.17 8.60 7.87 6.50 10.01 8.02 5.44 7.87 7.87 8.31 9.78 3.94 9.35 0.00 0.00 0.00 0.00 0.00 0.00 0.00 0.00 0.00 0.00 0.00 0.00 0.00 0.00 0.00 0.00 0.00 0.00 0.00 0.00 0.00 0.00 0.00 0.00 0.00 0.00 0.00 0.00 0.00 0.00 0.00 0.00 0.00 0.00 0.00 0.00 0.00 0.00 0.00 0.00 0.00 0.00 0.00 0.00 0.00 0.00 0.00 0.00 0.00 0.00 0.00 0.00 0.00 0.00 0.00
8.54 5.85 5.42 2.34 8.80 6.75 8.46 7.18 8.08 8.08 8.38 8.38 8.34 8.34 8.34 8.34 9.03 6.50 10.01 13.30 6.30 8.02 7.45 8.60 7.45 7.45 7.12 6.70 9.35 5.26 3.51 0.00 0.00 0.00 0.00 0.00 0.00 0.00 0.00 0.00 0.00 0.00 0.00 0.00 0.00 0.00 0.00 0.00 0.00 0.00 0.00 0.00 0.00 0.00 0.00 0.00 0.00 0.00 0.00 0.00 0.00 0.00 0.00 0.00 0.00 0.00 0.00 0.00 0.00 0.00 0.00 0.00 0.00 0.00 0.00 0.00 0.00 0.00 0.00 0.00 0.00 0.00 0.00
6.79 5.42 5.42 3.04 8.59 8.35 7.18 8.54 7.15 8.38 9.05 8.38 8.34 8.34 8.34 8.34 8.08 7.88 11.59 9.61 5.87 6.16 7.45 8.01 7.95 7.45 8.30 6.70 7.38 9.78 5.26 5.26 0.00 0.00 0.00 0.00 0.00 0.00 0.00 0.00 0.00 0.00 0.00 0.00 0.00 0.00 0.00 0.00 0.00 0.00 0.00 0.00 0.00 0.00 0.00 0.00 0.00 0.00 0.00 0.00 0.00 0.00 0.00 0.00 0.00 0.00 0.00 0.00 0.00 0.00 0.00 0.00 0.00 0.00 0.00 0.00 0.00 0.00 0.00 0.00 0.00 0.00 0.00
2.92 6.43 6.86 6.73 7.63 7.75 8.14 8.67 8.67 8.67 8.38 8.75 8.71 8.71 8.71 9.54 8.38 5.94 13.46 6.24 6.12 8.83 9.30 8.49 8.43 8.43 8.19 9.05 7.39 6.97 7.39 5.47 5.47 0.00 0.00 0.00 0.00 0.00 0.00 0.00 0.00 0.00 0.00 0.00 1.90 0.00 0.00 0.00 0.00 0.00 0.00 2.27 6.47 6.90 6.47 7.48 0.00 0.00 0.00 0.00 0.00 0.00 0.00 0.00 0.00 0.00 0.00 0.00 0.00 0.00 0.00 0.00 0.00 0.00 0.00 0.00 0.00 0.00 0.00 0.00 0.00 0.00 0.00
6.43 6.86 3.35 9.81 10.18 9.53 11.06 9.65 8.67 7.38 8.75 8.75 8.71 8.71 8.71 9.54 8.38 8.81 9.88 8.38 8.19 8.19 8.49 8.49 8.43 8.43 8.43 8.19 8.62 11.70 12.69 10.48 5.47 5.47 5.47 5.47 0.00 0.00 0.00 0.00 0.00 0.00 5.84 1.90 1.90 1.90 2.27 2.27 2.27 2.27 5.78 11.49 11.00 6.19 7.91 2.25 2.25 0.00 0.00 0.00 0.00 0.00 0.00 0.00 0.00 0.00 0.00 0.00 0.00 0.00 0.00 0.00 0.00 0.00 0.00 0.00 0.00 0.00 0.00 0.00 0.00 0.00 0.00
