New_Model_Runs/11_Future_RCP4.5_Scn1_out/post_prcessed_with_MFR/Monthly_summaries/net_infiltration_monthly_JAN.asc
NCOLS 700
NROWS 400
XLLCENTER 515000.000000
YLLCENTER 8409000.000000
CELLSIZE 50.000000
NODATA_value -999.000000
[rows 228 to 265 of 400, columns 168 to 251 of 700]
10.40 9.30 10.63 10.56 9.30 9.30 9.30 9.30 9.62 9.62 9.62 9.62 9.62 9.62 9.85 11.24 9.52 13.15 7.41 13.59 12.26 12.70 12.26 12.26 7.19 10.83 10.60 11.27 10.16 10.83 11.27 11.13 10.25 10.69 12.10 11.61 9.62 9.62 9.62 9.62 9.52 9.52 9.52 9.52 10.16 9.96 10.40 8.45 10.85 9.52 9.52 9.52 9.96 9.40 9.52 8.24 8.52 9.44 9.35 9.35 9.43 8.96 8.96 9.43 6.84 9.50 9.50 9.50 9.49 9.49 9.49 9.49 8.58 8.58 8.58 8.58 8.47 8.47 8.47 8.47 8.37 8.37 7.63 8.37
10.40 9.30 10.40 10.40 9.30 9.30 9.30 9.30 9.95 9.85 9.62 9.85 9.85 9.62 9.62 9.62 9.62 9.62 10.06 14.57 13.59 4.23 12.70 11.82 7.19 14.45 14.00 13.43 15.09 13.87 13.87 13.43 6.75 8.08 10.69 10.25 9.80 10.83 7.59 9.89 9.52 9.52 9.52 9.52 9.52 10.12 10.73 8.45 8.89 8.45 9.52 9.52 9.52 8.10 8.10 8.10 7.52 7.52 9.35 9.35 9.43 9.43 8.72 9.43 9.50 6.84 9.50 9.50 9.49 9.49 9.49 8.72 7.63 7.63 7.63 8.58 8.47 8.47 8.47 8.47 8.37 7.63 7.63 8.37
9.39 9.39 9.39 9.39 9.43 9.43 9.43 10.44 9.85 9.62 9.62 9.62 9.85 9.62 9.62 9.62 9.85 9.62 9.62 9.62 12.70 12.70 9.96 10.85 11.04 10.25 14.23 14.23 10.25 14.21 7.63 3.56 9.80 14.67 13.78 6.98 13.43 4.00 11.93 9.36 9.74 10.26 9.52 9.52 9.52 2.58 13.03 11.64 11.64 9.40 9.52 9.74 9.74 10.21 10.21 8.10 7.52 9.35 9.35 9.35 9.43 9.43 9.43 9.43 9.50 9.50 9.50 9.50 9.49 9.49 8.96 8.96 7.63 7.63 8.58 8.58 8.47 8.47 8.47 8.47 8.37 7.77 7.63 8.37
9.39 9.39 9.39 9.39 9.43 9.43 9.43 9.95 9.74 10.83 10.83 9.62 9.62 9.62 9.62 9.85 9.62 9.62 9.62 10.80 8.19 9.62 13.15 6.00 12.02 11.13 9.80 11.13 4.89 14.76 8.75 4.45 10.25 10.69 9.80 13.34 14.32 14.32 8.08 13.43 9.74 11.15 9.74 9.74 10.50 13.37 11.19 11.64 11.19 10.16 10.16 9.74 9.74 10.21 10.21 10.21 9.44 9.35 9.35 9.35 9.43 9.43 9.43 9.66 8.72 8.69 8.72 9.50 9.24 9.82 9.49 8.72 7.63 8.58 8.58 8.58 8.47 8.47 8.47 8.47 7.63 7.63 8.37 8.73
9.49 9.49 9.49 9.49 9.51 9.51 10.15 10.00 9.79 9.28 9.79 11.00 9.62 9.62 8.91 9.95 9.62 9.62 9.62 9.62 9.85 9.62 10.24 13.15 14.90 15.20 12.99 14.90 12.99 13.87 13.87 8.08 13.57 14.23 12.99 13.81 10.68 11.97 11.57 14.32 12.93 12.93 14.12 13.37 13.68 13.81 12.35 14.65 11.02 10.30 10.30 10.30 10.34 10.34 10.34 10.34 9.53 10.12 9.48 9.93 9.86 9.50 9.86 8.72 9.11 8.69 7.41 8.72 9.55 9.85 8.85 9.65 8.61 8.61 8.61 8.61 8.46 8.46 8.46 8.81 8.39 8.39 8.39 8.39
9.49 9.49 9.49 9.49 9.51 9.95 9.51 9.51 9.79 9.79 9.79 10.12 10.09 9.74 9.74 10.97 9.85 9.62 9.62 9.62 9.62 9.62 10.10 10.50 10.39 10.69 9.71 10.39 9.71 9.48 14.46 4.00 11.27 9.36 8.92 12.10 13.81 9.26 9.26 10.37 10.19 9.30 11.14 8.86 10.50 10.19 11.02 14.65 11.02 9.72 10.99 11.02 11.08 10.34 10.34 10.34 10.12 10.12 10.12 9.44 9.50 9.50 9.50 9.50 8.72 8.27 10.47 9.16 9.01 8.15 8.15 7.85 7.63 8.61 8.61 8.61 8.46 8.46 9.18 8.81 8.39 8.39 8.39 8.39
9.49 9.49 9.49 9.49 9.51 9.95 9.51 9.51 9.79 9.79 9.79 9.79 9.74 9.74 9.93 10.12 9.62 9.62 9.62 9.62 9.62 12.47 9.08 10.32 10.39 10.39 10.39 10.39 10.39 9.36 11.13 12.99 10.97 9.50 10.18 10.62 13.33 12.10 10.69 10.69 10.95 10.95 10.95 10.95 9.74 11.91 10.92 11.63 11.63 10.26 9.77 9.77 8.72 10.12 11.08 11.08 10.12 10.12 10.12 10.12 9.50 9.50 9.50 9.50 8.72 9.58 7.83 11.46 11.46 11.78 9.60 10.22 7.63 8.61 8.61 8.61 7.63 8.80 8.46 8.46 8.39 8.39 8.39 8.39
9.49 9.49 9.49 9.49 9.51 10.18 9.51 9.51 9.79 9.79 9.79 9.79 9.74 9.74 9.74 10.83 9.62 10.77 9.62 9.62 9.62 9.62 9.62 9.62 10.39 10.69 10.63 10.39 10.39 9.36 11.13 10.69 10.69 11.08 9.79 10.68 10.03 12.10 10.69 10.69 11.40 11.41 10.95 11.09 11.46 11.46 11.02 8.86 11.63 13.89 13.89 9.77 3.37 9.17 10.37 10.22 9.87 9.43 8.99 10.12 9.50 9.50 9.50 9.50 9.57 9.14 11.49 7.39 9.82 8.74 8.30 8.72 8.98 8.98 8.61 7.63 7.63 8.46 8.46 8.81 8.39 8.39 8.39 8.39
9.58 9.58 9.58 9.58 9.60 9.60 9.60 9.60 9.61 9.61 9.61 9.61 9.77 9.77 9.77 9.77 9.68 10.76 9.62 9.62 9.62 9.62 9.62 9.62 10.39 10.69 10.69 10.69 10.39 10.69 8.05 11.11 11.04 11.04 10.69 10.62 9.70 13.66 10.69 11.13 9.74 11.68 11.01 11.01 11.07 11.07 11.07 11.07 8.86 11.13 11.76 13.89 13.24 11.28 9.61 10.05 9.04 9.46 9.51 8.72 9.53 9.53 9.40 7.85 9.70 11.46 2.66 9.38 8.91 9.90 9.97 9.52 8.55 8.55 7.93 9.14 8.42 8.42 8.42 8.42 8.46 8.46 8.46 8.46
9.58 9.58 9.58 9.58 9.60 9.75 9.60 9.60 9.61 9.61 9.61 9.61 9.77 9.77 9.77 9.77 9.68 11.05 9.95 9.62 9.62 9.62 9.62 9.62 10.39 10.39 10.69 10.69 10.39 10.69 8.05 9.82 10.39 10.39 11.04 10.69 10.62 10.18 14.32 11.05 11.68 11.24 11.01 11.01 11.07 11.07 11.07 11.07 11.50 9.30 11.13 10.56 12.80 12.80 11.91 13.13 8.59 8.59 9.46 9.16 9.16 8.57 8.63 9.07 9.26 6.29 3.10 7.83 7.86 7.71 9.26 9.88 8.55 8.55 8.55 8.55 8.78 8.42 8.42 8.42 8.46 8.46 8.46 8.46
9.58 9.58 9.58 9.58 9.60 9.60 9.60 9.60 9.61 9.61 9.61 9.61 9.77 9.77 9.77 9.77 9.82 9.62 9.95 9.62 9.62 9.62 9.62 9.85 10.39 10.39 11.00 11.11 10.39 11.45 8.05 12.37 10.39 10.63 10.39 10.69 11.08 10.26 9.36 8.92 11.24 11.01 11.01 11.01 11.07 11.07 10.26 11.07 11.57 11.00 10.56 10.56 8.86 10.66 10.66 9.73 12.29 11.78 7.71 9.46 9.26 9.26 9.70 7.71 12.20 7.74 7.83 8.19 8.91 9.01 8.96 9.45 7.63 8.92 8.55 8.55 8.42 8.42 8.42 8.42 9.47 8.46 8.46 8.46
9.58 9.58 9.58 9.58 9.60 9.60 9.60 9.60 9.61 9.61 9.61 9.61 9.77 9.77 9.77 9.77 9.68 9.62 9.62 9.62 9.62 9.62 9.62 9.28 10.03 10.39 10.69 11.11 11.08 11.08 11.08 11.08 11.04 10.39 11.18 11.09 9.74 10.83 10.87 11.30 11.01 11.01 11.01 11.01 11.07 10.26 10.26 9.74 11.59 11.94 8.86 11.13 9.30 9.74 10.71 9.40 9.01 8.57 10.89 11.37 7.71 9.70 8.15 8.15 11.34 8.94 7.86 8.27 10.02 9.01 9.00 8.72 7.63 8.55 8.55 8.55 8.42 8.42 8.42 8.42 8.46 8.46 8.46 8.46
9.63 9.63 9.63 9.63 9.61 9.76 9.61 9.61 9.60 9.60 9.60 9.60 9.75 9.75 9.75 9.75 9.47 9.47 9.62 9.47 9.95 9.67 9.67 9.28 10.03 10.03 10.69 11.16 11.12 11.12 11.12 11.12 8.05 8.05 8.05 11.04 11.04 11.92 10.69 11.04 11.02 11.02 11.02 11.02 11.12 10.26 10.56 11.15 4.43 3.99 10.05 9.61 10.19 10.19 10.71 11.12 8.57 8.57 9.01 9.26 12.22 12.67 9.04 9.48 13.53 3.74 9.00 9.58 9.64 8.57 8.72 8.86 7.63 8.52 8.52 8.52 8.46 8.46 8.46 8.83 8.55 8.55 8.55 8.55
9.63 9.79 9.63 9.63 9.61 9.61 9.61 9.61 9.60 9.60 9.60 9.99 9.75 9.75 9.75 9.75 9.47 9.47 9.47 9.47 10.07 9.67 9.67 9.28 9.85 9.85 11.16 11.16 11.12 11.12 11.12 11.12 11.04 11.04 11.09 11.04 11.04 11.04 11.09 11.04 11.02 11.02 11.02 11.02 10.56 10.26 10.26 10.26 10.71 9.74 9.74 11.00 9.30 9.74 10.71 10.95 8.99 8.63 9.90 10.34 4.84 5.72 13.55 13.11 12.16 9.04 8.27 8.69 8.57 8.57 8.72 9.46 8.89 8.52 8.52 8.52 8.46 8.46 8.46 8.46 8.55 8.55 8.55 8.55
9.29 9.29 9.29 9.29 9.26 9.73 9.73 10.08 9.46 9.46 10.50 9.88 9.36 9.36 9.36 9.36 9.28 8.92 8.92 9.28 9.28 9.28 9.28 9.28 9.67 9.67 9.67 9.67 10.70 10.70 10.70 10.70 10.62 10.62 10.62 10.62 10.62 10.62 10.62 10.62 10.55 10.55 10.55 10.55 9.81 9.93 9.93 9.95 10.61 8.59 8.59 8.15 9.49 9.49 9.49 9.45 8.33 8.00 9.33 8.76 9.20 6.08 10.09 8.32 11.06 10.74 8.12 8.74 8.30 8.30 8.15 8.92 7.76 7.76 7.76 7.76 7.71 7.71 7.71 7.71 7.79 7.79 7.79 7.79
9.29 9.29 9.29 9.29 9.26 9.26 9.26 9.26 9.46 9.46 9.46 9.46 9.79 9.79 9.79 9.77 9.28 9.28 8.92 9.28 9.28 9.28 9.28 9.28 9.67 9.67 9.67 9.67 9.64 9.64 10.70 10.70 10.62 10.62 10.62 10.62 10.62 10.62 10.62 10.62 10.55 10.55 10.55 10.25 9.23 9.49 10.25 8.30 8.79 10.62 11.06 10.25 9.49 9.49 9.45 9.45 8.33 8.33 8.44 8.44 9.20 10.53 8.76 8.07 7.63 10.62 8.44 8.44 8.30 8.74 8.30 8.92 7.76 7.76 7.76 7.76 7.71 7.71 7.71 6.69 7.79 7.79 7.79 6.69
9.26 9.26 10.23 9.66 9.17 9.81 9.17 9.17 9.35 9.35 9.35 9.35 9.30 9.30 9.30 9.30 9.27 9.27 8.92 8.92 9.30 9.30 9.30 9.30 9.74 9.74 9.74 9.74 9.70 9.70 9.70 10.78 10.67 10.67 10.67 10.67 10.71 10.71 10.71 10.71 10.57 10.57 10.57 9.49 9.81 9.81 9.81 9.81 10.54 10.54 10.99 10.99 8.15 8.15 9.45 9.45 8.33 8.33 8.00 8.44 8.76 8.51 8.30 7.63 11.06 8.74 8.44 8.00 8.30 8.74 8.74 8.30 6.91 7.79 7.79 7.79 7.76 7.76 6.69 6.69 7.82 7.82 7.82 6.69
9.26 9.26 9.26 9.26 9.17 9.17 9.58 9.17 9.35 9.35 9.35 9.35 9.30 9.30 9.30 9.30 9.27 9.27 9.66 9.27 9.30 9.30 9.30 9.30 9.74 9.74 9.74 9.74 9.70 9.70 9.70 10.78 10.67 10.67 10.67 10.67 10.71 10.71 10.71 10.52 10.57 10.57 9.49 9.49 9.49 9.02 10.56 10.56 10.54 7.33 10.54 10.99 3.33 8.59 9.90 9.45 8.33 8.33 8.44 7.87 7.87 7.18 8.30 8.74 12.37 8.74 8.74 6.99 8.30 8.30 8.30 7.43 7.35 6.54 8.19 7.79 7.76 6.69 6.77 6.69 7.69 7.82 7.82 6.69
9.26 10.23 9.26 9.26 9.17 9.17 9.58 9.17 9.35 9.35 9.35 8.70 8.92 8.92 9.30 9.30 9.27 8.70 8.70 9.27 9.30 9.30 9.30 9.30 9.74 9.74 9.74 9.74 9.70 9.70 9.70 9.70 10.67 10.67 10.67 10.67 10.71 10.71 10.71 10.71 10.57 10.57 9.81 9.71 9.49 10.56 10.56 7.33 7.33 7.33 7.33 10.99 9.48 9.92 3.33 9.45 8.33 8.33 7.18 8.07 8.07 6.99 7.87 11.50 10.81 7.63 8.74 8.30 8.30 8.30 6.99 7.43 5.68 5.68 7.79 7.79 7.76 7.94 7.76 7.76 7.82 7.82 6.69 6.69
9.26 9.26 9.26 9.26 9.17 9.17 9.17 9.17 9.35 9.35 9.35 8.70 8.92 8.92 8.92 9.30 9.55 8.70 8.70 9.27 9.30 9.30 9.30 9.30 9.74 9.74 9.74 9.74 9.70 9.85 9.70 9.70 9.61 10.67 10.85 10.67 10.71 10.71 10.71 10.71 10.57 10.57 10.57 9.49 9.67 9.81 11.67 7.33 7.33 7.33 10.54 9.23 8.59 3.77 10.67 9.79 8.33 8.00 8.00 8.74 8.30 8.30 2.54 11.94 7.18 6.99 7.18 8.76 8.74 8.30 6.99 7.11 6.91 7.04 7.79 7.79 7.05 7.76 7.76 7.76 7.82 7.82 6.69 6.69
9.21 9.21 9.62 9.21 9.11 9.11 9.11 9.11 9.31 9.31 9.78 9.02 9.29 8.92 9.29 9.29 9.07 8.70 10.00 9.28 9.32 9.32 9.32 10.02 9.76 9.76 9.76 9.76 9.87 9.73 9.73 9.73 9.69 10.76 10.76 10.76 10.79 10.79 10.79 10.79 10.53 10.53 10.53 10.53 9.81 9.49 11.75 7.33 7.33 7.33 10.55 9.93 9.68 10.34 9.45 9.79 8.00 8.00 8.00 8.00 7.87 7.87 2.54 6.61 7.87 7.87 7.18 8.00 7.43 6.99 8.44 8.44 6.91 7.05 7.81 7.05 8.60 7.05 7.05 6.69 7.84 7.84 6.69 7.57
9.21 9.21 9.21 9.21 9.11 9.11 9.11 9.11 9.31 9.31 8.34 10.15 10.29 10.29 11.13 9.29 9.77 9.15 7.69 9.28 9.32 9.32 9.32 9.32 9.76 9.76 9.76 9.76 9.73 9.73 9.73 9.73 9.69 10.76 10.76 10.76 10.79 10.79 10.79 10.79 10.53 7.33 7.33 7.33 10.49 11.75 8.10 7.33 7.33 7.33 10.43 10.55 9.23 10.34 9.45 9.79 8.30 8.00 8.00 8.00 7.43 8.07 2.54 11.06 7.63 8.44 6.99 8.00 8.04 8.00 8.00 8.44 6.54 5.83 7.81 6.27 9.14 12.22 8.60 7.05 7.05 7.84 6.69 6.71
9.21 9.21 9.21 9.21 9.11 9.11 9.11 9.52 9.31 10.32 10.32 10.15 10.13 10.29 10.46 9.02 10.28 9.28 9.77 9.77 9.32 9.32 9.32 9.32 9.76 9.76 9.76 9.76 9.73 9.73 9.73 9.73 9.69 9.69 10.76 10.76 10.79 10.79 10.79 10.79 10.53 7.33 7.33 7.33 7.33 7.33 7.33 7.33 7.33 7.33 9.81 9.81 10.25 9.45 9.45 9.90 11.26 8.30 8.00 6.99 7.43 7.43 7.87 11.06 8.00 8.00 8.00 8.00 8.04 8.00 8.00 8.00 6.54 5.82 7.88 6.27 13.11 8.60 12.22 8.60 5.83 5.83 5.83 9.93
9.21 9.21 9.21 9.21 9.11 9.11 9.52 9.11 9.31 9.31 10.32 10.15 10.13 10.29 9.02 10.13 10.28 10.13 9.77 9.77 9.32 9.32 9.32 9.32 9.76 9.76 9.76 9.91 9.88 9.73 9.73 9.73 9.69 10.76 10.76 10.76 10.79 10.79 10.79 10.79 10.53 7.33 7.33 7.33 7.33 7.33 7.33 7.33 7.33 10.55 9.81 9.81 9.49 9.45 9.90 9.04 12.81 11.63 6.99 7.43 2.98 7.43 6.99 11.06 7.63 8.89 8.00 8.00 8.00 8.00 8.00 8.00 6.69 7.81 7.05 5.82 12.22 8.60 8.60 12.22 8.60 8.60 8.59 8.69
9.25 9.25 9.25 9.25 9.16 9.16 9.16 9.16 9.32 9.32 9.32 10.33 10.26 10.26 9.02 10.33 10.26 10.12 10.12 9.26 9.33 9.33 9.33 9.33 9.95 9.81 9.81 9.96 9.80 9.80 9.80 9.80 9.77 10.87 10.87 10.87 10.84 10.84 10.84 10.84 10.49 7.33 7.33 7.33 8.15 8.15 9.23 8.79 10.57 10.57 9.81 9.81 10.48 9.45 9.90 9.90 8.44 8.00 11.63 7.87 8.32 7.43 10.62 7.63 8.07 8.96 9.33 8.00 8.00 8.00 8.00 8.00 7.05 6.69 6.69 6.54 8.60 8.59 8.59 12.22 8.60 4.62 8.25 12.22
9.25 9.25 9.25 9.25 9.16 9.16 9.57 9.16 9.32 9.32 9.51 9.37 10.12 9.02 9.37 9.58 10.12 10.12 10.12 9.26 9.33 9.33 9.33 9.33 9.90 9.81 9.96 9.81 9.80 9.80 9.80 9.80 9.77 10.87 10.87 10.87 10.84 10.84 10.84 10.84 10.49 11.75 7.33 8.15 8.15 9.81 10.25 9.81 10.57 9.81 9.81 9.49 9.81 8.15 8.59 10.69 8.33 8.33 8.00 11.94 11.94 6.61 11.94 8.89 8.44 9.77 8.44 8.00 8.00 8.00 8.00 8.04 6.69 7.05 5.68 5.68 5.68 9.31 12.22 9.31 12.22 8.25 4.62 4.62
9.25 9.25 9.25 9.25 9.16 9.16 9.16 9.16 9.74 9.32 9.32 9.37 10.12 9.02 9.02 9.02 10.12 10.26 10.12 9.26 9.33 9.33 9.33 9.33 9.81 9.81 9.81 9.81 9.80 9.80 9.80 9.80 9.77 10.87 10.87 10.87 10.84 10.84 10.84 11.02 10.49 11.75 7.33 9.81 9.81 9.81 9.81 9.81 10.57 9.81 9.49 9.49 9.45 9.45 9.45 9.45 8.78 11.80 10.92 7.87 7.43 8.51 13.27 9.20 8.32 8.76 8.76 8.44 8.44 8.00 8.00 8.00 6.69 6.69 5.68 5.68 5.68 5.63 5.68 5.68 12.67 8.60 8.60 4.62
8.20 9.69 9.25 9.25 9.16 9.16 9.16 9.16 9.74 9.32 9.32 10.33 7.65 9.02 9.45 9.02 9.44 10.12 10.26 9.26 9.33 9.33 9.33 9.33 9.81 9.81 9.81 9.81 9.80 9.80 9.80 9.80 10.87 10.87 10.87 10.87 10.84 10.84 11.02 10.84 10.49 10.49 7.33 9.81 9.49 10.46 10.46 9.81 9.81 9.49 9.49 9.49 9.45 9.45 9.45 11.91 11.80 10.79 11.36 6.99 2.10 7.87 7.50 11.94 13.27 12.39 7.05 12.14 11.94 11.63 11.63 11.63 6.91 5.68 5.68 5.68 5.68 5.68 9.31 9.31 8.69 12.67 12.22 8.60
8.91 9.29 9.29 9.29 9.17 10.12 9.17 9.60 9.28 9.28 9.28 9.37 9.02 9.02 9.02 9.37 9.37 9.37 10.23 9.23 9.36 9.36 9.36 9.36 10.82 9.60 9.60 9.60 9.63 9.63 10.86 10.86 10.86 10.86 10.86 10.86 10.92 10.92 10.92 10.92 10.45 10.45 10.45 10.45 10.42 10.42 10.42 10.42 9.81 9.81 9.49 9.81 9.45 9.45 9.45 11.91 13.53 14.99 14.99 11.26 10.62 11.26 11.50 11.50 9.64 9.33 8.44 8.89 7.43 8.00 8.00 8.00 5.68 5.68 5.68 5.68 6.54 6.91 6.91 5.68 8.69 9.04 9.04 12.22
7.60 8.43 9.71 9.29 9.17 9.17 9.17 9.65 9.28 9.28 9.28 9.37 9.02 9.02 9.37 9.37 9.37 9.37 9.37 9.23 9.36 9.36 9.36 10.38 10.82 11.09 9.60 9.60 10.86 10.86 10.86 10.86 10.86 10.86 10.86 10.86 10.92 10.92 10.92 10.92 10.45 10.45 10.45 10.45 10.42 10.42 10.42 10.42 9.49 9.49 9.49 9.49 9.45 9.45 11.91 14.15 13.97 15.06 10.79 7.87 7.55 8.32 12.83 11.50 8.96 7.87 8.00 8.00 8.00 8.00 8.00 8.00 5.68 5.68 5.68 5.63 6.91 7.35 6.12 5.68 12.67 8.99 8.60 9.46
6.71 6.64 7.91 8.72 8.63 8.18 8.18 8.18 8.19 8.19 9.01 7.85 7.85 7.85 8.88 8.88 8.89 8.89 8.89 8.14 8.25 8.25 8.25 9.03 9.43 9.43 8.56 8.56 9.46 10.12 9.46 9.46 9.47 9.47 9.47 9.47 9.39 9.39 9.39 9.50 8.92 8.82 8.82 8.82 8.79 8.79 8.79 7.53 7.53 7.53 7.53 7.53 9.97 8.96 13.60 13.03 13.73 9.83 9.39 6.69 7.07 7.57 11.58 10.38 10.55 7.80 7.13 6.69 7.07 6.69 7.07 6.69 5.45 5.45 5.45 5.89 5.86 6.30 4.83 7.75 11.38 11.38 7.75 7.50
6.71 6.54 7.43 8.28 8.18 8.18 8.18 8.18 8.19 8.94 8.94 7.85 7.85 7.85 8.88 8.88 8.89 8.89 8.89 8.89 8.25 8.25 8.25 9.03 9.43 9.43 9.43 9.43 9.46 9.46 9.46 9.46 9.47 9.47 9.47 9.47 9.52 9.39 9.39 9.39 8.82 8.82 8.82 8.82 8.79 8.79 8.79 8.79 7.92 7.53 7.53 9.97 9.97 8.96 10.41 13.92 10.28 11.31 10.49 6.69 7.13 7.07 7.07 7.57 10.38 10.55 7.57 7.13 6.69 7.07 6.69 6.69 5.45 4.58 5.89 6.16 5.72 4.83 4.83 7.75 7.99 11.38 7.75 8.36
7.46 7.46 11.53 8.70 8.15 8.15 8.15 8.61 8.16 9.01 8.91 8.91 8.85 8.85 8.85 8.85 8.99 8.99 8.88 8.88 8.23 8.23 8.71 9.00 10.15 9.56 9.43 9.43 9.51 9.51 9.51 9.51 9.65 9.51 9.51 9.51 9.51 9.38 9.38 9.38 8.81 8.81 8.81 8.81 8.75 8.56 8.75 8.75 8.87 7.53 7.53 7.37 7.37 9.09 8.96 14.04 10.04 10.49 6.31 6.69 10.04 9.60 6.69 7.57 7.80 10.99 7.36 7.13 6.69 6.69 6.69 6.69 5.45 5.45 4.58 5.02 6.33 5.45 4.83 7.75 11.82 7.75 8.36 8.36
7.66 7.04 10.78 7.91 8.15 8.83 8.15 8.15 8.16 8.91 8.91 8.91 8.85 8.61 8.85 8.85 8.88 9.00 8.99 8.88 9.00 8.23 8.23 8.23 9.43 9.43 9.43 12.72 9.51 9.64 9.51 9.51 9.51 9.51 9.51 9.51 9.38 9.38 9.38 9.38 8.81 8.81 8.81 8.81 8.75 8.75 8.75 8.75 8.87 8.87 8.97 8.69 8.80 6.91 9.97 9.40 9.60 9.22 9.60 9.60 9.60 9.60 6.69 7.57 7.19 10.38 7.80 6.03 7.07 6.69 7.13 7.13 5.45 5.45 5.45 5.45 5.45 4.83 4.83 11.38 11.82 8.64 8.80 9.22
7.13 7.91 10.76 7.46 8.15 8.15 8.15 8.15 8.16 8.16 8.91 8.91 8.61 8.61 8.95 8.85 8.88 8.88 8.88 8.88 9.00 8.23 8.23 8.23 8.56 9.43 9.43 12.63 12.70 12.70 9.51 9.51 9.51 9.51 9.65 9.51 9.38 9.51 9.38 9.38 8.81 8.81 8.81 8.81 8.75 8.75 8.75 8.75 8.87 8.87 8.87 8.69 8.80 8.23 10.41 9.40 9.60 9.22 10.04 9.60 10.04 10.04 7.51 7.51 6.31 9.49 8.25 7.57 6.69 7.07 8.40 6.48 5.45 5.45 5.45 5.45 5.89 4.83 7.75 7.99 7.75 8.80 8.83 9.08
7.13 7.13 7.46 11.84 8.15 8.15 8.61 8.15 8.16 8.16 8.91 7.34 8.85 8.85 8.85 8.85 8.88 8.88 8.88 8.88 9.00 9.00 8.23 8.23 9.09 9.43 9.43 9.43 12.70 12.70 12.70 9.51 9.51 9.51 9.51 9.51 9.38 9.38 9.38 9.38 8.93 8.91 8.81 8.81 8.75 8.75 7.92 7.92 7.92 7.92 8.87 8.69 8.80 7.79 9.97 9.97 9.60 9.60 10.04 10.04 10.72 10.28 7.19 7.57 7.57 10.99 7.80 7.57 7.13 7.96 8.25 6.31 4.83 4.57 5.45 4.83 6.33 4.58 11.82 7.75 7.75 8.63 8.63 10.13
7.46 7.46 7.26 9.73 8.60 8.60 8.16 8.16 8.11 8.11 8.86 8.86 8.82 8.82 8.82 8.82 8.90 8.90 8.90 8.90 8.97 8.97 8.97 8.20 8.52 9.38 9.38 9.38 9.63 12.69 12.69 9.50 9.49 9.49 9.49 9.49 9.33 9.33 9.33 9.33 8.79 8.79 8.79 8.79 8.76 8.76 7.92 7.53 7.53 7.53 8.81 7.37 7.37 7.37 9.97 9.97 9.60 9.60 9.39 10.28 10.28 10.04 7.13 7.57 7.57 10.55 6.48 7.13 7.19 7.80 7.36 7.13 4.58 4.83 5.45 5.28 6.16 8.63 13.15 8.63 7.94 12.01 7.50 5.99
7.46 7.13 7.13 9.73 6.75 6.75 8.16 8.16 8.56 8.11 8.86 8.86 8.82 8.82 8.82 8.82 8.90 8.90 8.90 8.90 8.97 8.97 8.97 8.20 8.52 9.38 9.38 9.38 9.50 9.50 12.20 8.41 9.49 9.49 9.49 9.49 9.33 9.46 9.42 9.33 8.79 8.79 8.79 7.64 8.76 8.76 7.92 7.53 7.53 7.53 7.37 7.37 7.37 9.97 9.97 10.10 9.60 9.60 9.60 9.22 9.39 9.60 10.04 7.80 7.63 7.51 10.10 6.48 7.36 7.36 6.69 7.13 5.89 5.45 5.45 4.83 8.63 12.26 12.71 8.63 7.75 8.36 5.12 5.99
