New_Model_Runs/11_Future_RCP4.5_Scn1_out/post_prcessed_with_MFR/Monthly_summaries/net_infiltration_monthly_MAY.asc
NCOLS 700
NROWS 400
XLLCENTER 515000.000000
YLLCENTER 8409000.000000
CELLSIZE 50.000000
NODATA_value -999.000000
[rows 144 to 179 of 400, columns 415 to 497 of 700]
0.00 0.00 0.00 0.00 0.00 0.00 0.00 0.00 9.07 13.64 11.87 12.82 13.58 13.13 12.69 12.50 12.50 12.06 12.06 12.06 9.96 9.73 9.73 9.73 9.73 9.63 9.63 9.63 9.63 9.81 9.81 9.81 9.71 10.16 10.16 10.70 10.70 10.70 10.70 10.70 10.70 10.11 10.11 10.11 10.11 10.00 10.00 10.00 10.00 9.97 9.97 9.97 9.97 9.96 9.96 9.96 9.96 9.96 9.96 9.96 9.96 10.06 10.06 10.06 10.06 9.53 9.53 9.53 9.53 9.46 9.46 9.46 9.46 9.53 9.53 7.34 7.34 7.43 7.43 8.37 7.39 13.49 8.10
0.00 0.00 0.00 0.00 0.00 0.00 0.00 7.81 5.95 5.51 6.40 13.64 12.32 13.13 12.69 14.67 12.50 12.06 14.12 11.19 9.96 9.73 9.73 9.73 9.73 9.63 9.63 9.63 9.63 9.81 9.81 9.81 9.71 10.16 10.16 10.16 10.70 10.17 10.70 10.17 10.70 10.11 10.11 10.11 10.11 10.00 10.00 10.00 10.00 9.97 9.97 9.97 9.97 9.96 9.96 9.96 9.96 9.96 9.96 9.96 9.96 10.06 10.06 10.06 10.06 9.53 9.53 9.53 9.53 9.46 9.46 9.46 9.46 9.53 9.53 7.34 7.34 7.43 8.07 7.43 10.25 9.65 13.93
0.00 0.00 0.00 0.00 0.00 0.00 0.00 17.72 7.73 7.28 15.42 13.65 11.00 12.37 12.37 12.37 10.31 11.66 11.66 9.69 9.69 9.47 9.47 9.47 9.47 9.34 9.34 9.34 9.34 9.52 9.52 9.52 9.44 9.58 9.58 9.58 9.58 9.59 9.59 9.59 10.01 9.54 9.54 9.54 9.54 9.42 9.42 9.42 9.42 9.15 9.15 9.15 9.15 9.14 9.14 9.14 9.14 9.14 9.14 9.14 9.14 9.23 9.23 9.23 9.23 9.10 9.10 9.10 9.10 9.03 9.03 9.03 9.03 9.10 9.10 7.04 7.04 7.13 7.13 7.13 7.13 7.21 7.21
0.00 0.00 0.00 0.00 0.00 0.00 0.00 10.03 15.43 6.84 13.21 13.58 12.44 12.63 12.37 10.31 10.31 9.69 9.69 9.69 9.69 9.47 9.47 9.47 9.47 9.61 9.34 9.34 9.34 9.52 9.52 9.52 9.44 9.58 9.58 9.58 9.58 9.59 9.59 9.59 10.01 9.54 9.54 9.54 9.54 9.42 9.42 9.42 9.42 9.15 9.15 9.15 9.15 9.14 9.14 9.14 9.14 9.14 9.14 9.14 9.14 9.23 9.23 11.03 9.23 9.10 9.10 9.10 9.10 9.03 9.03 9.03 9.03 9.10 9.10 7.04 7.68 7.77 7.77 7.13 7.13 7.21 7.21
0.00 0.00 0.00 0.00 0.00 0.00 0.00 9.14 7.28 13.21 13.56 10.34 10.34 12.25 10.22 11.51 10.22 9.55 9.55 9.55 9.55 9.51 9.51 9.51 9.51 10.98 9.51 9.51 9.51 9.65 9.65 9.65 9.56 9.67 10.96 9.67 9.67 9.64 9.64 9.64 9.64 9.52 9.52 10.50 9.52 9.38 9.38 9.38 9.38 9.11 9.11 9.11 9.11 9.14 9.14 9.14 9.14 9.24 9.24 9.24 9.24 9.38 9.38 11.22 11.22 11.05 11.05 11.05 9.26 9.17 9.17 9.17 9.17 9.06 9.06 7.01 7.01 7.03 7.03 7.03 7.03 7.16 7.16
0.00 0.00 0.00 0.00 0.00 0.00 0.00 4.07 13.65 13.65 14.18 10.34 10.34 10.22 10.22 10.22 10.22 9.55 9.55 9.55 9.55 9.51 9.51 9.51 9.51 9.77 9.77 9.51 9.51 9.65 9.65 9.65 9.56 9.67 10.96 9.67 9.67 9.64 9.64 9.64 9.64 9.52 9.52 10.49 9.52 9.38 9.38 9.38 9.38 9.11 9.11 9.11 9.11 9.14 9.14 9.14 9.14 9.24 9.24 9.24 9.24 11.22 11.22 11.22 11.22 11.05 11.05 11.05 9.26 9.17 9.17 9.17 9.17 9.06 9.06 7.01 7.01 7.03 7.03 7.03 7.03 7.16 7.16
0.00 0.00 0.00 0.00 0.00 0.00 0.00 0.00 16.84 7.73 5.96 13.39 12.07 10.22 10.22 10.22 10.22 9.55 9.55 9.55 11.08 10.54 9.51 9.51 9.51 9.77 9.77 9.51 9.51 10.53 9.65 9.65 9.56 9.67 9.67 9.67 9.67 9.64 9.64 9.64 10.63 10.49 9.52 9.52 9.52 9.38 9.38 9.38 9.38 9.11 9.11 9.11 9.11 9.14 9.14 9.14 9.14 9.24 9.24 9.24 10.18 9.38 9.38 11.22 11.22 11.05 11.05 11.05 11.05 9.17 9.17 9.17 9.17 9.06 9.06 7.01 7.01 7.03 7.03 7.03 7.03 7.16 7.16
0.00 0.00 0.00 0.00 0.00 0.00 0.00 0.00 4.51 7.35 8.09 12.77 13.18 12.25 10.22 10.22 10.22 9.55 9.55 9.55 9.55 9.51 9.51 9.51 9.51 9.77 9.77 9.51 9.51 9.65 9.65 9.56 9.56 9.67 9.67 9.67 9.67 9.64 9.64 10.63 9.64 9.52 9.52 9.52 9.52 9.38 9.38 9.38 9.38 9.11 9.11 9.11 9.11 9.14 9.14 9.14 9.14 9.24 9.24 9.24 9.24 9.38 9.38 11.22 11.22 11.53 11.53 11.49 11.49 10.48 9.17 9.17 9.17 9.06 9.06 7.01 7.01 7.03 7.03 7.03 7.03 7.16 7.16
0.00 0.00 0.00 0.00 0.00 0.00 0.00 0.00 15.07 13.21 7.29 12.32 13.36 12.64 12.09 12.09 10.11 9.50 9.50 9.50 9.50 9.56 9.56 9.56 9.56 9.79 9.79 9.79 9.52 10.54 9.66 9.57 9.57 9.71 9.71 9.71 9.71 9.63 9.63 9.63 9.63 9.45 9.45 9.45 9.45 9.38 9.38 9.38 9.38 9.12 9.12 9.12 9.12 9.11 9.11 9.11 9.11 9.24 10.18 9.24 9.24 9.41 9.41 9.41 13.39 10.15 12.27 10.60 10.63 9.71 10.60 9.23 9.23 9.11 9.11 7.05 7.05 7.01 7.01 7.01 7.01 7.09 7.09
0.00 0.00 0.00 0.00 0.00 0.00 0.00 0.00 9.14 6.40 13.21 12.67 12.74 12.27 12.09 10.11 10.11 9.50 9.50 9.50 9.50 9.56 9.56 9.56 9.56 9.79 9.79 9.79 9.52 9.66 9.66 9.57 9.57 10.71 9.71 9.71 9.71 9.63 9.63 9.63 9.63 9.45 9.45 9.45 9.45 9.38 9.38 9.38 9.38 9.12 9.12 9.12 9.12 9.11 9.11 9.11 9.11 9.24 9.24 9.24 9.24 9.41 9.41 9.41 9.41 9.77 12.63 11.43 10.63 10.54 10.12 9.68 9.23 9.11 9.11 7.05 7.05 7.01 7.01 7.01 7.01 7.09 7.09
0.00 0.00 0.00 0.00 0.00 0.00 0.00 0.00 17.25 12.01 16.82 15.46 10.24 14.02 10.11 10.11 10.11 11.26 10.74 9.50 9.50 9.56 9.56 9.56 9.56 9.79 9.79 9.79 9.79 9.66 9.66 9.57 9.57 10.87 10.96 10.72 9.71 9.63 9.63 9.63 9.63 9.45 9.45 9.45 9.45 9.38 9.38 9.38 9.38 9.12 9.12 9.12 9.12 9.11 9.11 9.11 9.11 9.24 9.24 9.24 9.24 9.41 9.41 9.41 9.41 12.90 12.90 3.63 4.07 13.34 14.22 13.75 9.23 9.11 9.11 7.05 7.05 7.01 7.01 8.84 8.84 8.74 7.09
0.00 0.00 0.00 0.00 0.00 0.00 0.00 0.00 10.29 10.24 10.24 10.24 11.51 11.35 10.11 10.11 10.11 9.50 9.50 9.50 9.50 9.56 9.56 9.56 9.56 11.23 10.81 9.79 9.79 9.66 9.66 9.57 9.57 10.95 12.51 10.16 9.71 9.63 9.63 9.63 9.63 9.45 9.45 9.45 9.45 9.38 9.38 9.38 9.38 9.12 9.12 9.12 9.12 9.11 9.11 9.11 9.11 9.24 9.24 9.24 9.24 9.41 9.41 9.41 14.74 0.00 0.00 0.00 0.00 0.00 0.00 4.07 13.34 14.91 9.11 10.68 9.73 3.63 10.17 6.79 6.34 11.88 10.52
0.00 0.00 0.00 0.00 0.00 0.00 0.00 13.85 10.22 10.14 10.14 10.14 10.14 10.04 10.04 10.04 10.04 10.75 9.51 9.51 9.51 9.58 9.58 9.58 10.81 11.22 10.81 9.77 9.77 9.65 9.65 9.56 9.56 11.84 11.24 10.53 10.14 10.81 9.57 9.57 11.01 10.36 9.40 9.40 9.40 9.40 9.40 9.40 9.40 9.14 9.14 10.05 9.14 10.01 9.09 9.09 9.09 9.22 9.22 9.22 9.22 9.37 9.82 12.35 0.00 0.00 0.00 0.00 0.00 0.00 0.00 0.00 0.00 3.63 12.70 3.63 0.00 0.00 0.00 0.00 0.00 0.00 0.00
0.00 0.00 0.00 0.00 0.00 0.00 0.00 0.00 10.22 10.14 10.14 10.14 10.14 10.04 10.04 10.04 10.04 9.51 9.51 9.51 9.51 9.58 9.58 9.58 9.58 9.77 10.81 9.77 9.77 9.92 9.65 9.56 9.56 10.19 10.97 10.97 10.71 9.57 9.57 9.57 9.57 10.73 10.59 9.40 9.40 9.40 9.40 9.40 9.40 9.14 9.14 9.14 9.14 9.09 9.09 9.09 9.09 9.22 9.22 9.22 9.22 10.46 14.49 4.07 0.00 0.00 0.00 0.00 0.00 0.00 0.00 0.00 0.00 0.00 0.00 0.00 0.00 0.00 0.00 0.00 0.00 0.00 0.00
0.00 0.00 0.00 0.00 0.00 0.00 0.00 0.00 14.13 10.58 10.14 10.14 10.14 10.04 10.04 10.04 10.04 9.51 9.51 11.05 9.51 9.58 9.58 9.58 9.58 10.99 11.05 10.81 9.77 9.92 9.65 9.56 10.56 10.95 13.27 10.53 9.75 9.57 9.57 9.57 9.57 9.40 9.40 9.40 9.40 9.40 9.40 9.40 9.40 9.14 9.14 9.14 9.14 9.09 9.09 9.09 9.09 9.22 9.22 9.22 9.66 10.42 10.42 3.63 0.00 0.00 0.00 0.00 0.00 0.00 0.00 0.00 0.00 0.00 0.00 0.00 0.00 0.00 0.00 0.00 0.00 0.00 0.00
0.00 0.00 0.00 0.00 0.00 0.00 0.00 0.00 0.00 15.90 11.91 10.14 10.14 10.04 10.04 10.04 10.04 9.51 9.51 9.51 9.51 10.83 10.83 9.58 9.58 9.77 9.77 9.77 9.77 10.81 10.81 10.56 11.26 10.38 13.71 11.76 11.89 11.59 9.57 9.57 9.57 9.40 9.40 9.40 9.40 9.40 9.40 9.40 9.40 9.14 9.14 9.14 9.14 9.09 9.09 9.09 9.09 9.22 9.22 9.66 10.86 10.42 9.37 13.00 0.00 0.00 0.00 0.00 0.00 0.00 0.00 0.00 0.00 0.00 0.00 0.00 0.00 0.00 0.00 0.00 0.00 0.00 0.00
0.00 0.00 0.00 0.00 0.00 0.00 0.00 0.00 10.95 9.88 13.16 10.15 10.15 10.03 10.03 10.03 10.03 9.53 9.53 10.77 9.53 9.57 9.57 9.57 9.57 9.74 9.74 9.74 9.74 10.81 10.81 10.56 10.61 10.95 13.71 12.61 11.89 13.04 9.50 9.50 9.50 9.35 9.35 9.35 9.35 9.38 9.38 9.38 10.95 9.16 9.16 9.16 9.16 9.13 9.13 9.13 9.13 9.17 9.17 9.17 10.46 10.42 9.30 12.93 0.00 0.00 0.00 0.00 0.00 0.00 0.00 0.00 0.00 0.00 0.00 0.00 0.00 0.00 0.00 0.00 0.00 0.00 0.00
0.00 0.00 0.00 0.00 0.00 0.00 0.00 0.00 11.70 15.02 5.37 13.39 10.15 10.03 10.03 10.03 10.03 9.53 9.53 9.53 9.53 9.57 9.57 9.57 9.57 9.74 9.74 9.74 9.74 9.90 9.90 9.54 10.56 11.39 13.27 10.53 11.89 9.50 9.50 9.50 9.50 9.35 9.35 9.35 9.35 9.38 9.38 9.38 9.38 10.09 9.16 9.16 9.16 9.13 9.13 9.13 9.13 9.17 9.17 9.17 9.17 10.42 12.93 0.00 0.00 0.00 0.00 0.00 0.00 0.00 0.00 0.00 0.00 0.00 0.00 0.00 0.00 0.00 0.00 0.00 0.00 0.00 0.00
0.00 0.00 0.00 0.00 0.00 0.00 0.00 0.00 11.42 10.32 8.49 12.97 9.90 9.79 9.79 9.79 9.79 9.46 9.46 10.61 9.46 9.50 9.50 9.50 9.50 9.67 9.67 9.67 9.67 9.82 12.43 11.00 12.51 14.58 11.36 10.47 12.37 11.55 9.20 9.20 9.20 9.06 9.06 9.06 9.06 9.08 9.08 9.08 9.08 9.08 10.39 9.08 9.08 9.05 9.05 9.05 9.05 9.09 9.09 9.09 9.09 10.89 12.84 0.00 0.00 0.00 0.00 0.00 0.00 0.00 0.00 0.00 0.00 0.00 0.00 0.00 0.00 0.00 0.00 0.00 0.00 0.00 0.00
0.00 0.00 0.00 0.00 0.00 0.00 0.00 0.00 0.00 11.42 14.83 11.23 9.90 11.01 9.79 9.79 9.79 9.46 9.46 9.46 9.46 9.50 9.50 9.50 9.50 9.67 9.67 9.67 9.67 10.26 12.76 12.81 14.66 14.58 11.80 11.08 12.54 9.20 9.20 9.20 9.20 9.06 9.06 9.06 9.06 9.94 9.08 9.08 9.08 9.08 9.08 9.08 9.08 9.05 9.90 9.05 9.05 9.09 9.09 9.09 9.09 10.89 12.84 0.00 0.00 0.00 0.00 0.00 0.00 0.00 0.00 0.00 0.00 0.00 0.00 0.00 0.00 0.00 0.00 0.00 0.00 0.00 0.00
0.00 0.00 0.00 0.00 0.00 0.00 0.00 0.00 0.00 11.42 15.05 9.87 9.87 9.75 9.75 9.75 9.75 9.43 10.59 9.43 9.43 9.50 9.50 9.50 9.50 9.65 9.65 9.65 9.65 12.19 12.89 15.55 15.22 9.68 9.68 9.24 10.12 9.10 9.10 9.96 9.10 9.05 9.05 9.05 10.22 9.09 9.09 9.09 9.09 9.11 9.11 9.11 9.11 9.07 9.07 9.07 9.07 9.08 9.08 9.08 9.08 10.89 12.77 0.00 0.00 0.00 0.00 0.00 0.00 0.00 0.00 0.00 0.00 0.00 0.00 0.00 0.00 0.00 0.00 0.00 0.00 0.00 0.00
0.00 0.00 0.00 0.00 0.00 0.00 0.00 0.00 0.00 10.32 10.32 13.50 9.87 9.75 9.75 9.75 9.75 9.43 10.58 9.43 9.43 9.50 9.50 9.50 9.50 9.65 9.65 9.65 11.40 12.87 12.23 14.97 11.03 9.68 10.12 9.24 9.24 9.10 9.10 9.10 9.10 9.05 9.05 9.90 9.05 9.09 9.09 9.09 9.09 10.89 10.89 9.45 9.11 9.07 9.07 9.07 9.07 9.08 9.08 9.08 9.08 12.77 0.00 0.00 0.00 0.00 0.00 0.00 0.00 0.00 0.00 0.00 0.00 0.00 0.00 0.00 0.00 0.00 0.00 0.00 0.00 0.00 0.00
0.00 0.00 0.00 0.00 0.00 0.00 0.00 0.00 0.00 0.00 11.86 14.83 10.31 10.95 9.75 9.75 9.75 9.43 9.43 9.43 9.43 9.50 9.50 9.50 9.50 9.65 9.65 9.65 9.65 13.21 7.12 9.87 11.92 10.28 9.24 9.24 9.24 9.10 9.10 9.10 9.10 9.05 9.05 9.05 9.05 9.09 9.09 9.09 9.09 9.11 9.11 9.97 9.11 9.07 9.07 9.07 9.07 10.89 9.08 9.08 9.08 13.24 0.00 0.00 0.00 0.00 0.00 0.00 0.00 0.00 0.00 0.00 0.00 0.00 0.00 0.00 0.00 0.00 0.00 0.00 0.00 0.00 0.00
0.00 0.00 0.00 0.00 0.00 0.00 0.00 0.00 0.00 0.00 0.00 15.49 10.31 9.75 10.95 9.75 9.75 9.43 10.58 9.43 9.43 9.50 9.50 9.50 9.50 9.65 9.65 9.65 9.65 12.72 14.00 17.63 12.23 10.57 11.80 11.48 9.24 9.10 9.10 9.10 9.10 9.05 9.05 9.05 9.05 9.09 9.09 9.09 9.09 9.11 9.11 9.66 10.41 9.07 9.07 10.89 10.41 10.25 11.34 13.68 12.71 13.24 0.00 0.00 0.00 0.00 0.00 0.00 0.00 0.00 0.00 0.00 0.00 0.00 0.00 0.00 0.00 0.00 0.00 0.00 0.00 0.00 0.00
0.00 0.00 0.00 0.00 0.00 0.00 0.00 0.00 0.00 0.00 0.00 13.41 9.79 9.70 9.70 9.70 10.83 9.47 9.47 9.47 9.47 9.53 9.53 9.53 9.53 9.59 9.59 9.59 9.59 13.81 11.78 12.67 16.62 13.57 14.46 12.25 11.04 9.06 9.06 9.06 9.06 10.92 9.09 9.09 9.09 9.12 9.57 9.57 10.46 12.72 12.72 13.68 13.68 12.70 13.24 13.24 13.81 13.24 13.68 0.00 0.00 0.00 0.00 0.00 0.00 0.00 0.00 0.00 0.00 0.00 0.00 0.00 0.00 0.00 0.00 0.00 0.00 0.00 0.00 0.00 0.00 0.00 0.00
0.00 0.00 0.00 0.00 0.00 0.00 0.00 0.00 0.00 0.00 0.00 14.39 10.23 9.70 9.70 9.70 9.70 9.47 9.47 9.47 9.47 9.53 9.53 9.53 9.53 9.59 9.59 9.59 11.48 11.48 10.13 12.67 17.51 6.55 8.77 12.69 11.04 9.92 9.06 9.06 9.50 9.98 11.55 12.88 13.33 13.57 6.11 14.98 14.10 0.00 0.00 0.00 0.00 0.00 0.00 0.00 0.00 0.00 0.00 0.00 0.00 0.00 0.00 0.00 0.00 0.00 0.00 0.00 0.00 0.00 0.00 0.00 0.00 0.00 0.00 0.00 0.00 0.00 0.00 0.00 0.00 0.00 0.00
0.00 0.00 0.00 0.00 0.00 0.00 0.00 0.00 0.00 0.00 0.00 16.11 10.67 9.70 9.70 9.70 11.77 9.47 9.47 9.47 9.47 9.53 9.53 9.53 9.53 9.59 9.59 9.59 11.48 11.48 9.68 15.86 14.00 6.55 7.88 14.95 9.14 9.06 9.06 9.06 12.24 6.99 13.13 5.67 15.87 9.74 8.41 0.00 0.00 0.00 0.00 0.00 0.00 0.00 0.00 0.00 0.00 0.00 0.00 0.00 0.00 0.00 0.00 0.00 0.00 0.00 0.00 0.00 0.00 0.00 0.00 0.00 0.00 0.00 0.00 0.00 0.00 0.00 0.00 0.00 0.00 0.00 0.00
0.00 0.00 0.00 0.00 0.00 0.00 0.00 0.00 0.00 0.00 0.00 4.07 11.64 10.14 10.21 11.77 11.77 9.47 9.47 10.73 9.92 9.53 9.53 9.53 10.71 9.59 9.59 9.59 11.40 9.69 10.13 9.42 8.54 15.77 8.85 14.58 9.14 9.06 9.06 10.91 12.24 16.31 16.31 14.98 0.00 0.00 0.00 0.00 0.00 0.00 0.00 0.00 0.00 0.00 0.00 0.00 0.00 0.00 0.00 0.00 0.00 0.00 0.00 0.00 0.00 0.00 0.00 0.00 0.00 0.00 0.00 0.00 0.00 0.00 0.00 0.00 0.00 0.00 0.00 0.00 0.00 0.00 0.00
0.00 0.00 0.00 0.00 0.00 0.00 0.00 0.00 0.00 0.00 0.00 0.00 15.27 13.10 11.87 11.77 9.72 10.43 11.34 6.24 11.76 11.34 10.44 9.56 9.56 9.56 9.56 9.56 9.56 12.72 12.23 15.86 0.00 0.00 0.00 0.00 12.68 12.70 13.25 14.10 14.54 0.00 0.00 0.00 0.00 0.00 0.00 0.00 0.00 0.00 0.00 0.00 0.00 0.00 0.00 0.00 0.00 0.00 0.00 0.00 0.00 0.00 0.00 0.00 0.00 0.00 0.00 0.00 0.00 0.00 0.00 0.00 0.00 0.00 0.00 0.00 0.00 0.00 0.00 0.00 0.00 0.00 0.00
0.00 0.00 0.00 0.00 0.00 0.00 0.00 0.00 0.00 0.00 0.00 0.00 14.83 11.64 10.60 14.23 14.23 15.42 8.54 5.80 12.67 5.35 13.12 10.89 9.56 9.56 9.56 9.56 12.28 15.41 15.86 0.00 0.00 0.00 0.00 0.00 12.68 13.83 0.00 0.00 0.00 0.00 0.00 0.00 0.00 0.00 0.00 0.00 0.00 0.00 0.00 0.00 0.00 0.00 0.00 0.00 0.00 0.00 0.00 0.00 0.00 0.00 0.00 0.00 0.00 0.00 0.00 0.00 0.00 0.00 0.00 0.00 0.00 0.00 0.00 0.00 0.00 0.00 0.00 0.00 0.00 0.00 0.00
0.00 0.00 0.00 0.00 0.00 0.00 0.00 0.00 0.00 0.00 0.00 10.91 10.22 14.23 14.39 12.56 0.00 0.00 0.00 3.63 14.53 7.65 4.91 6.68 12.67 10.89 10.90 10.00 14.71 0.00 0.00 0.00 0.00 0.00 0.00 0.00 0.00 0.00 0.00 0.00 0.00 0.00 0.00 0.00 0.00 0.00 0.00 0.00 0.00 0.00 0.00 0.00 0.00 0.00 0.00 0.00 0.00 0.00 0.00 0.00 0.00 0.00 0.00 0.00 0.00 0.00 0.00 0.00 0.00 0.00 0.00 0.00 0.00 0.00 0.00 0.00 0.00 0.00 0.00 0.00 0.00 0.00 0.00
0.00 0.00 0.00 0.00 0.00 0.00 0.00 0.00 0.00 9.71 10.15 10.76 11.77 10.98 11.42 11.67 0.00 0.00 0.00 0.00 0.00 0.00 15.63 15.86 16.30 7.65 7.65 0.00 0.00 0.00 0.00 0.00 0.00 0.00 0.00 0.00 0.00 0.00 0.00 0.00 0.00 0.00 0.00 0.00 0.00 0.00 0.00 0.00 0.00 0.00 0.00 0.00 0.00 0.00 0.00 0.00 0.00 0.00 0.00 0.00 0.00 0.00 0.00 0.00 0.00 0.00 0.00 0.00 0.00 0.00 0.00 0.00 0.00 0.00 0.00 0.00 0.00 0.00 0.00 0.00 0.00 0.00 0.00
0.00 0.00 0.00 0.00 0.00 0.00 0.00 0.00 7.92 7.92 10.14 12.21 11.77 0.00 0.00 0.00 0.00 0.00 0.00 0.00 0.00 0.00 0.00 0.00 0.00 0.00 0.00 0.00 0.00 0.00 0.00 0.00 0.00 0.00 0.00 0.00 0.00 0.00 0.00 0.00 0.00 0.00 0.00 0.00 0.00 0.00 0.00 0.00 0.00 0.00 0.00 0.00 0.00 0.00 0.00 0.00 0.00 0.00 0.00 0.00 0.00 0.00 0.00 0.00 0.00 0.00 0.00 0.00 0.00 0.00 0.00 0.00 0.00 0.00 0.00 0.00 0.00 0.00 0.00 0.00 0.00 0.00 0.00
0.00 0.00 0.00 0.00 0.00 0.00 0.00 0.00 0.00 0.00 7.92 11.77 0.00 0.00 0.00 0.00 0.00 0.00 0.00 0.00 0.00 0.00 0.00 0.00 0.00 0.00 0.00 0.00 0.00 0.00 0.00 0.00 0.00 0.00 0.00 0.00 0.00 0.00 0.00 0.00 0.00 0.00 0.00 0.00 0.00 0.00 0.00 0.00 0.00 0.00 0.00 0.00 0.00 0.00 0.00 0.00 0.00 0.00 0.00 0.00 0.00 0.00 0.00 0.00 0.00 0.00 0.00 0.00 0.00 0.00 0.00 0.00 0.00 0.00 0.00 0.00 0.00 0.00 0.00 0.00 0.00 0.00 0.00
0.00 0.00 0.00 0.00 0.00 0.00 0.00 0.00 0.00 0.00 0.00 7.74 0.00 0.00 0.00 0.00 0.00 0.00 0.00 0.00 0.00 0.00 0.00 0.00 0.00 0.00 0.00 0.00 0.00 0.00 0.00 0.00 0.00 0.00 0.00 0.00 0.00 0.00 0.00 0.00 0.00 0.00 0.00 0.00 0.00 0.00 0.00 0.00 0.00 0.00 0.00 0.00 0.00 0.00 0.00 0.00 0.00 0.00 0.00 0.00 0.00 0.00 0.00 0.00 0.00 0.00 0.00 0.00 0.00 0.00 0.00 0.00 0.00 0.00 0.00 0.00 0.00 0.00 0.00 0.00 0.00 0.00 0.00
0.00 0.00 0.00 0.00 0.00 0.00 0.00 0.00 0.00 0.00 0.00 0.00 0.00 0.00 0.00 0.00 0.00 0.00 0.00 0.00 0.00 0.00 0.00 0.00 0.00 0.00 0.00 0.00 0.00 0.00 0.00 0.00 0.00 0.00 0.00 0.00 0.00 0.00 0.00 0.00 0.00 0.00 0.00 0.00 0.00 0.00 0.00 0.00 0.00 0.00 0.00 0.00 0.00 0.00 0.00 0.00 0.00 0.00 0.00 0.00 0.00 0.00 0.00 0.00 0.00 0.00 0.00 0.00 0.00 0.00 0.00 0.00 0.00 0.00 0.00 0.00 0.00 0.00 0.00 0.00 0.00 0.00 0.00
