New_Model_Runs/11_Future_RCP4.5_Scn1_out/post_prcessed_with_MFR/Monthly_summaries/net_infiltration_monthly_OCT.asc
NCOLS 700
NROWS 400
XLLCENTER 515000.000000
YLLCENTER 8409000.000000
CELLSIZE 50.000000
NODATA_value -999.000000
[rows 111 to 147 of 400, columns 332 to 414 of 700]
0.00 0.00 0.00 0.00 0.00 0.00 3.33 3.33 7.22 7.37 6.79 7.37 7.24 7.24 7.24 7.24 6.63 6.63 7.21 7.21 7.06 7.07 7.65 7.65 7.69 7.69 7.11 7.69 7.12 7.71 7.71 7.12 7.69 8.67 8.67 8.67 8.63 8.63 8.63 8.63 9.52 8.61 8.61 8.61 9.51 8.61 8.61 8.61 8.55 8.55 8.55 8.55 8.61 8.61 8.61 8.61 8.69 8.69 9.58 8.69 8.68 8.68 9.98 8.68 8.68 8.68 9.58 8.68 8.62 8.62 8.62 8.62 8.64 8.64 8.64 4.95 4.96 4.96 5.41 4.96 4.94 5.71 4.94
0.00 0.00 0.00 0.00 0.00 0.00 0.00 6.82 7.29 7.29 7.29 7.29 6.62 7.19 7.19 7.19 7.19 6.61 7.19 7.19 7.62 7.68 7.62 7.62 7.67 7.67 7.67 7.67 7.68 7.68 7.68 7.10 7.65 8.63 8.63 8.63 8.58 8.58 8.58 8.58 8.56 8.56 8.56 8.56 8.52 8.52 8.52 8.52 8.79 8.79 8.79 8.79 8.52 8.52 8.52 8.52 8.56 8.56 8.56 9.46 8.58 8.58 8.58 8.58 8.59 8.59 9.50 8.59 8.50 8.50 8.50 8.50 8.51 8.51 8.51 4.88 4.89 4.89 4.89 5.35 5.33 4.87 4.87
0.00 0.00 0.00 0.00 0.00 0.00 3.33 6.93 7.29 7.29 7.29 7.29 7.19 6.61 7.19 7.19 7.19 7.19 6.70 7.19 7.62 7.76 7.04 7.62 7.67 7.67 7.36 7.15 7.68 7.68 7.68 7.68 7.13 7.65 8.63 8.63 8.58 8.58 9.49 8.58 8.56 9.47 8.56 8.56 8.52 9.43 9.45 9.34 8.79 8.79 8.79 8.79 8.52 8.52 8.52 9.41 8.56 8.56 8.56 8.56 8.58 8.58 8.58 8.58 8.59 8.59 8.59 8.59 8.50 8.50 8.50 8.50 8.51 9.29 8.51 4.88 4.89 4.89 4.89 4.89 4.87 4.87 4.87
0.00 0.00 0.00 0.00 0.00 0.00 6.88 6.88 6.76 6.76 7.36 6.76 7.81 7.70 7.23 7.81 7.81 7.81 7.81 7.81 7.86 7.28 7.28 7.86 6.76 6.76 7.82 6.76 6.77 6.77 6.77 6.77 6.74 7.34 8.55 9.46 8.64 8.64 8.64 9.55 8.63 8.63 9.53 8.63 8.59 8.59 8.59 9.41 8.86 8.86 9.33 8.86 8.75 8.75 9.21 8.75 8.80 8.80 8.80 8.80 8.81 8.81 8.81 8.81 8.83 8.83 8.83 8.83 8.88 9.76 8.88 8.88 8.90 8.90 8.90 5.03 5.04 5.04 5.49 5.04 5.02 5.02 5.02
0.00 0.00 0.00 0.00 6.88 6.88 6.88 6.88 6.76 6.76 7.80 6.76 7.81 7.81 7.81 7.23 7.81 7.23 7.81 7.81 7.86 7.86 7.27 7.86 6.76 7.32 6.76 6.76 6.77 6.77 7.37 6.77 6.74 6.74 8.55 8.55 8.64 8.64 8.64 9.46 8.63 8.63 9.53 8.63 8.59 8.59 9.39 8.59 8.86 9.10 8.86 8.86 8.75 8.75 8.75 8.75 8.80 8.80 8.80 8.80 8.81 8.81 8.81 8.81 8.83 8.83 8.83 8.83 8.88 8.88 8.88 8.88 8.90 9.78 5.48 5.03 5.04 5.04 5.04 5.04 5.02 5.02 5.02
7.03 7.61 7.61 7.61 7.83 7.83 7.89 7.83 7.73 7.73 7.73 7.73 7.72 7.72 7.72 7.72 7.75 7.17 7.83 7.75 7.80 7.80 7.80 7.80 7.83 7.83 7.83 7.25 7.82 7.82 7.82 7.82 7.80 7.22 9.44 8.81 8.54 8.54 9.44 9.50 8.86 8.86 8.86 8.86 8.80 8.80 9.26 9.18 8.54 10.70 10.70 10.70 8.55 8.55 8.55 8.55 8.60 8.60 8.60 8.60 8.59 8.59 8.59 8.59 8.57 8.57 8.57 8.57 8.93 8.93 8.93 8.93 8.89 8.89 5.02 5.02 4.99 4.99 4.99 4.99 6.44 5.41 4.96
7.61 7.61 7.03 7.61 7.83 7.83 7.89 7.83 7.73 7.73 7.73 7.73 7.72 7.72 7.72 7.72 7.75 7.75 7.75 7.18 7.80 7.80 7.80 7.80 7.83 7.83 7.83 7.25 7.71 7.82 7.82 7.82 7.80 7.80 7.80 8.81 8.54 8.54 8.54 8.54 8.86 8.86 8.86 8.86 8.80 8.80 8.80 9.26 10.70 10.70 10.70 8.54 8.55 8.55 8.55 8.55 8.60 8.60 8.60 8.60 8.59 8.59 8.59 8.59 8.57 8.57 8.57 8.57 8.93 8.93 8.93 8.93 8.89 8.89 5.47 5.02 4.99 4.99 4.99 4.99 4.96 4.96 4.96
7.53 7.03 7.61 7.61 7.83 7.89 7.83 7.83 7.73 7.73 7.73 7.73 7.72 7.72 7.72 7.72 7.75 7.75 7.17 7.75 7.80 7.80 7.80 7.80 7.83 7.83 7.83 7.25 7.82 7.82 7.82 7.24 7.80 7.80 7.80 7.80 8.54 8.54 8.54 8.54 8.86 8.86 8.86 11.20 10.75 12.29 10.75 8.80 8.54 8.54 8.54 8.54 8.55 8.55 8.55 8.55 8.60 8.60 8.60 8.60 8.59 8.59 8.59 8.59 8.57 8.57 8.57 8.57 8.93 8.93 8.93 8.93 8.89 8.89 5.02 5.02 4.99 4.99 4.99 4.99 4.96 4.96 4.96
7.61 7.53 7.61 7.61 7.89 7.83 7.22 7.83 7.73 7.73 7.73 7.73 7.72 7.72 7.72 7.72 7.75 7.75 7.75 7.75 7.80 7.80 7.80 7.23 7.83 7.83 7.83 7.83 7.82 7.82 7.82 7.24 7.80 7.80 6.95 7.80 8.54 8.54 8.54 8.54 9.92 9.21 10.83 10.83 10.75 8.80 8.80 8.80 8.54 8.54 8.54 8.54 8.55 8.55 8.55 8.55 8.60 8.60 8.60 8.60 8.59 8.59 8.59 8.59 8.57 8.57 8.57 8.57 8.93 8.93 8.93 8.93 8.89 8.89 5.02 5.02 8.09 4.99 8.09 8.09 4.96 4.96 4.96
7.32 7.32 7.32 7.32 7.63 7.63 7.63 7.63 7.70 7.70 7.70 7.12 7.75 7.75 7.75 7.75 7.78 7.78 7.21 7.78 7.84 7.84 7.84 7.26 7.24 7.82 7.82 7.24 7.81 7.81 7.81 7.81 7.22 7.80 8.88 7.88 10.71 10.71 8.54 8.72 8.75 8.75 9.81 10.76 8.69 8.69 8.69 8.69 8.85 8.85 8.85 8.85 8.82 8.82 8.82 8.82 8.83 8.83 8.83 8.83 8.80 8.80 8.80 8.80 8.78 8.78 8.78 8.78 9.13 9.13 9.13 9.13 9.04 5.09 5.09 5.09 5.03 5.03 8.15 5.03 5.03 5.03 5.03
7.32 7.32 6.98 7.32 7.63 7.63 7.50 7.63 7.70 7.70 7.70 7.70 7.17 7.75 7.17 7.18 7.78 7.78 7.78 7.78 7.84 7.84 7.84 7.84 7.82 7.82 7.82 7.82 7.81 7.81 7.81 7.81 7.80 7.80 7.80 7.80 10.40 10.71 10.71 10.71 10.76 10.76 10.76 8.57 8.69 8.69 8.69 8.69 8.85 8.85 8.85 8.85 8.82 8.82 8.82 8.82 8.83 8.83 8.83 8.83 8.80 8.80 8.80 10.65 8.78 8.78 8.78 8.78 9.13 9.13 9.13 9.13 9.04 5.09 5.09 5.09 5.03 5.03 5.03 5.03 5.03 5.03 5.03
7.32 7.32 7.32 6.77 7.63 7.63 7.63 7.63 7.70 7.70 7.70 7.70 7.75 7.75 7.75 7.75 7.78 7.78 7.78 7.78 7.84 7.84 7.84 7.84 7.82 7.82 7.82 7.82 7.81 7.81 7.81 7.81 7.80 7.80 7.80 7.80 7.88 8.54 8.54 10.71 10.76 10.76 8.57 8.57 8.69 8.69 8.69 8.69 8.85 8.85 8.85 8.85 8.82 8.82 8.82 8.82 8.83 9.17 9.68 10.71 10.65 10.65 10.65 10.65 10.63 10.63 10.63 10.63 10.76 9.13 9.13 9.13 9.04 5.09 5.09 5.09 5.03 5.03 5.03 5.03 5.03 5.03 5.03
7.32 7.32 7.32 7.32 7.63 7.63 7.63 7.63 7.70 7.70 7.70 7.70 7.75 7.75 7.75 7.75 7.78 7.78 7.78 7.78 7.84 7.84 7.84 7.84 7.82 7.82 7.82 7.82 7.81 7.81 7.81 7.81 7.80 7.80 7.80 7.80 7.88 8.54 8.54 8.54 8.57 8.57 8.57 8.57 8.69 8.69 8.69 8.69 8.85 8.85 8.85 8.85 8.82 8.82 8.82 10.68 10.71 9.68 9.68 9.68 9.68 10.65 10.65 10.65 10.63 10.63 10.63 10.63 10.76 10.76 9.13 9.13 9.04 5.09 5.09 5.09 5.03 5.03 5.03 5.03 5.03 5.03 5.03
7.35 7.35 7.35 7.35 7.86 7.86 7.86 7.86 6.76 6.76 6.76 6.76 6.77 6.77 6.77 6.77 6.79 6.79 6.79 6.79 6.82 6.82 6.82 6.82 6.80 6.80 6.80 6.80 6.78 6.78 6.78 6.78 6.78 6.78 6.78 6.78 6.88 6.88 8.73 8.73 8.77 8.77 8.77 8.77 8.87 8.87 8.87 8.87 8.95 8.95 8.95 8.95 8.86 9.17 8.86 10.74 10.75 10.57 10.57 9.68 9.68 10.73 11.17 10.73 10.71 10.71 10.71 9.96 10.63 10.63 10.63 8.84 5.13 5.13 5.13 5.13 5.09 5.09 5.09 5.09 5.11 5.11 5.11
7.35 7.35 7.35 7.35 7.86 7.86 7.86 7.86 6.76 6.76 6.76 6.76 6.77 6.77 6.77 6.77 6.79 6.79 6.79 6.79 6.82 6.82 6.82 6.82 6.80 6.80 6.80 6.80 6.78 6.78 6.78 6.78 6.78 6.78 6.78 6.78 6.88 6.88 8.73 8.73 8.77 8.77 8.77 8.77 8.87 8.87 8.87 8.87 8.95 8.95 9.39 8.95 8.86 8.86 9.68 9.96 9.96 11.45 14.37 11.90 9.41 9.86 10.74 10.30 12.34 11.29 10.71 9.96 10.63 10.63 10.63 8.84 5.13 5.13 5.13 5.13 5.09 5.09 5.09 5.09 5.11 5.11 5.11
7.35 7.35 7.35 7.35 7.86 7.86 7.86 7.86 6.76 6.76 6.76 6.76 6.77 6.77 6.77 6.77 6.79 6.79 6.79 6.79 6.82 6.82 6.82 6.82 6.80 6.80 6.80 6.80 6.78 6.78 6.78 6.78 6.78 6.78 6.78 6.78 6.88 6.88 8.73 8.73 8.77 8.77 8.77 8.77 8.87 8.87 8.87 8.87 8.95 9.84 8.19 10.98 8.86 10.74 9.96 10.57 8.97 9.41 9.91 5.84 5.39 8.58 9.02 6.28 5.84 5.84 10.30 11.29 11.51 11.07 10.63 10.63 7.47 5.13 5.13 5.13 5.09 5.09 5.09 5.09 5.11 5.11 5.11
7.35 7.35 7.35 7.35 7.86 7.86 7.86 7.33 7.33 6.76 6.76 6.76 6.77 6.77 6.77 6.77 6.79 6.79 6.79 8.67 8.71 8.71 6.82 6.82 6.80 6.80 6.80 6.80 6.78 6.78 6.78 6.78 6.78 6.78 6.78 6.78 6.88 6.88 6.88 8.73 8.77 8.77 8.77 8.77 8.87 8.87 8.87 8.87 8.95 9.48 9.63 10.13 10.40 11.45 9.41 9.86 12.60 11.71 7.25 0.00 12.16 0.00 0.00 0.00 6.81 8.14 8.14 4.51 11.21 10.77 11.07 10.63 7.47 7.47 5.13 5.13 5.09 5.09 5.09 5.09 5.11 5.11 5.11
7.61 7.61 7.61 7.61 6.87 8.35 8.35 8.35 7.33 7.33 7.33 8.77 6.86 6.86 6.86 7.33 6.87 6.87 7.49 8.77 8.80 8.80 8.80 6.89 6.86 6.86 6.86 6.86 6.84 6.84 6.84 6.84 6.85 6.85 6.85 6.85 6.96 6.96 6.96 8.83 8.85 8.85 8.85 9.99 8.89 8.89 10.45 9.78 9.02 9.86 10.84 7.77 8.09 13.04 7.25 0.00 0.00 0.00 0.00 0.00 0.00 0.00 0.00 0.00 0.00 0.00 0.00 0.00 7.97 7.97 9.88 11.23 7.49 7.49 5.14 5.14 5.13 5.13 5.13 5.13 5.15 6.53 6.53
7.61 7.61 7.61 7.61 8.79 8.79 8.35 8.35 8.35 8.35 8.27 8.35 8.35 9.16 8.27 8.35 7.33 7.33 8.27 8.35 8.35 8.35 8.80 6.89 6.86 6.86 6.86 6.86 6.84 6.84 6.84 6.84 6.85 6.85 6.85 6.85 6.96 6.96 6.96 6.96 8.85 8.85 9.38 9.38 11.82 8.66 11.10 10.75 9.86 9.86 9.86 11.40 3.63 0.00 0.00 0.00 0.00 0.00 0.00 0.00 0.00 0.00 0.00 0.00 0.00 0.00 0.00 0.00 0.00 0.00 6.64 5.93 2.30 8.86 7.98 5.14 5.20 6.23 5.13 6.47 5.15 6.23 6.23
8.83 8.83 6.90 8.39 8.32 8.70 8.70 8.70 8.78 8.32 8.70 9.21 9.14 9.14 9.58 6.63 8.76 8.25 8.70 8.32 8.10 8.10 8.10 8.45 7.73 7.73 7.73 8.10 8.10 9.72 9.72 7.71 7.20 7.71 7.71 8.10 10.03 10.03 10.03 9.19 10.47 11.57 12.01 11.13 14.64 10.99 12.32 8.40 11.01 14.13 12.43 0.00 0.00 0.00 0.00 0.00 0.00 0.00 0.00 0.00 0.00 0.00 0.00 0.00 0.00 0.00 0.00 0.00 0.00 0.00 0.00 0.00 0.00 6.84 5.96 5.51 8.73 6.43 5.57 6.26 6.26 6.53 5.56
8.33 9.28 8.83 9.83 8.76 8.70 7.08 7.08 8.73 9.22 9.14 8.52 7.08 7.52 5.27 6.15 10.18 7.52 7.08 8.25 8.47 8.10 8.54 8.47 8.91 10.18 10.63 8.47 8.47 8.10 8.02 8.02 12.54 6.62 8.02 8.02 9.23 10.47 10.03 7.66 9.68 10.99 10.13 10.11 13.76 3.53 5.30 7.07 8.93 0.00 0.00 0.00 0.00 0.00 0.00 0.00 0.00 0.00 0.00 0.00 0.00 0.00 0.00 0.00 0.00 0.00 0.00 0.00 0.00 0.00 0.00 0.00 0.00 0.00 0.00 0.00 0.00 10.65 10.21 8.40 6.14 7.03 6.58
8.77 11.16 11.16 12.46 11.15 8.40 3.50 7.08 8.76 9.14 9.14 8.73 6.19 7.08 11.59 8.90 12.92 12.03 11.59 12.15 10.24 9.80 9.80 6.68 11.57 10.69 10.69 9.35 8.91 9.87 6.62 11.65 5.79 10.69 8.02 8.47 10.08 8.55 11.40 2.61 2.17 2.64 12.43 12.43 12.43 6.71 7.60 6.71 0.00 0.00 0.00 0.00 0.00 0.00 0.00 0.00 0.00 0.00 0.00 0.00 0.00 0.00 0.00 0.00 0.00 0.00 0.00 0.00 0.00 0.00 0.00 0.00 0.00 0.00 0.00 0.00 0.00 0.00 0.00 0.00 4.96 6.40 9.33
8.77 11.16 7.97 5.76 9.82 7.52 3.94 3.05 9.14 10.70 11.59 10.26 5.35 9.82 10.26 5.35 5.80 6.68 7.12 7.08 7.06 6.62 2.16 6.23 6.68 9.80 9.80 9.80 10.24 11.57 10.69 9.36 10.24 10.69 9.80 10.24 11.73 3.49 3.49 6.24 5.79 6.27 6.27 3.08 3.08 3.08 3.08 0.00 0.00 0.00 0.00 0.00 0.00 0.00 0.00 0.00 0.00 0.00 0.00 0.00 0.00 0.00 0.00 0.00 0.00 0.00 0.00 0.00 0.00 0.00 0.00 0.00 0.00 0.00 0.00 0.00 0.00 0.00 0.00 0.00 0.00 0.00 0.00
10.63 9.72 9.22 8.39 10.26 11.71 7.08 8.45 10.70 10.26 9.82 5.35 9.37 11.48 9.37 5.35 1.72 0.00 0.00 0.00 0.00 5.79 5.35 0.00 0.00 0.00 0.00 3.63 5.79 5.79 5.79 5.35 6.23 6.68 6.68 5.79 6.68 6.24 5.79 2.61 2.61 2.64 3.08 3.97 3.53 2.64 0.00 0.00 0.00 0.00 0.00 0.00 0.00 0.00 0.00 0.00 0.00 0.00 0.00 0.00 0.00 0.00 0.00 0.00 0.00 0.00 0.00 0.00 0.00 0.00 0.00 0.00 0.00 0.00 0.00 0.00 0.00 0.00 0.00 0.00 0.00 0.00 0.00
10.84 10.63 8.83 6.20 6.19 5.80 10.70 11.59 9.82 9.82 7.85 1.72 7.85 7.85 7.85 5.35 0.00 0.00 0.00 0.00 0.00 0.00 0.00 0.00 0.00 0.00 0.00 0.00 0.00 0.00 0.00 1.04 2.16 2.16 3.05 3.49 3.05 2.61 2.17 2.61 2.61 2.17 3.08 3.53 3.08 0.00 0.00 0.00 0.00 0.00 0.00 0.00 0.00 0.00 0.00 0.00 0.00 0.00 0.00 0.00 0.00 0.00 0.00 0.00 0.00 0.00 0.00 0.00 0.00 0.00 0.00 0.00 0.00 0.00 0.00 0.00 0.00 0.00 0.00 0.00 0.00 0.00 0.00
10.84 10.40 9.28 8.77 9.82 5.35 5.35 5.80 5.80 7.85 7.85 5.75 7.85 7.85 7.85 5.35 0.00 0.00 0.00 0.00 0.00 0.00 0.00 0.00 0.00 0.00 0.00 0.00 0.00 0.00 0.00 0.00 0.00 0.00 0.44 2.60 0.00 0.00 0.00 0.00 0.00 0.00 0.00 0.00 0.00 0.00 0.00 0.00 0.00 0.00 0.00 0.00 0.00 0.00 0.00 0.00 0.00 0.00 0.00 0.00 0.00 0.00 0.00 0.00 0.00 0.00 0.00 0.00 0.00 0.00 0.00 0.00 0.00 0.00 0.00 0.00 0.00 0.00 0.00 0.00 0.00 0.00 0.00
11.28 8.29 12.37 12.43 6.19 11.92 6.19 5.80 8.73 3.05 4.69 3.36 0.00 0.00 0.00 0.00 0.00 0.00 0.00 0.00 0.00 0.00 0.00 0.00 0.00 0.00 0.00 0.00 0.00 0.00 0.00 0.00 0.00 0.00 0.00 0.00 0.00 0.00 0.00 0.00 0.00 0.00 0.00 0.00 0.00 0.00 0.00 0.00 0.00 0.00 0.00 0.00 0.00 0.00 0.00 0.00 0.00 0.00 0.00 0.00 0.00 0.00 0.00 0.00 0.00 0.00 0.00 0.00 0.00 0.00 0.00 0.00 0.00 0.00 0.00 0.00 0.00 0.00 0.00 0.00 0.00 0.00 0.00
10.51 14.14 12.81 7.85 6.19 11.92 6.19 5.35 10.26 3.50 2.61 1.45 1.20 6.57 1.72 4.64 0.00 0.00 0.00 0.00 0.00 0.00 0.00 0.00 0.00 0.00 0.00 0.00 0.00 0.00 0.00 0.00 0.00 0.00 0.00 0.00 0.00 0.00 0.00 0.00 0.00 0.00 0.00 0.00 0.00 0.00 0.00 0.00 0.00 0.00 0.00 0.00 0.00 0.00 0.00 0.00 0.00 0.00 0.00 0.00 0.00 0.00 0.00 0.00 0.00 0.00 0.00 0.00 0.00 0.00 0.00 0.00 0.00 0.00 0.00 0.00 0.00 0.00 0.00 0.00 0.00 0.00 0.00
8.29 15.14 10.51 4.78 10.46 7.63 5.75 9.37 5.80 6.24 2.17 1.72 1.01 3.36 7.85 5.08 0.00 0.00 0.00 0.00 0.00 0.00 0.00 0.00 0.00 0.00 0.00 0.00 0.00 0.00 0.00 0.00 0.00 0.00 0.00 0.00 0.00 0.00 0.00 0.00 0.00 0.00 0.00 0.00 0.00 0.00 0.00 0.00 0.00 0.00 0.00 0.00 0.00 0.00 0.00 0.00 0.00 0.00 0.00 0.00 0.00 0.00 0.00 0.00 0.00 0.00 0.00 0.00 0.00 0.00 0.00 0.00 0.00 0.00 0.00 0.00 0.00 0.00 0.00 0.00 0.00 0.00 0.00
9.63 13.69 7.23 8.64 14.10 8.09 5.80 7.12 3.94 6.24 5.35 6.24 6.24 5.99 5.80 5.80 0.00 0.00 0.00 0.00 0.00 0.00 0.00 0.00 0.00 0.00 0.00 0.00 0.00 0.00 0.00 0.00 0.00 0.00 0.00 0.00 0.00 0.00 0.00 0.00 0.00 0.00 0.00 0.00 0.00 0.00 0.00 0.00 0.00 0.00 0.00 0.00 0.00 0.00 0.00 0.00 0.00 0.00 0.00 0.00 0.00 0.00 0.00 0.00 0.00 0.00 0.00 0.00 0.00 0.00 0.00 0.00 0.00 0.00 0.00 0.00 0.00 0.00 0.00 0.00 0.00 0.00 0.00
14.14 13.25 14.14 8.57 10.14 8.22 9.82 3.50 7.08 12.90 11.09 11.97 10.26 9.82 7.12 6.24 5.35 5.35 5.80 10.26 5.79 5.79 5.54 9.36 0.00 0.00 0.00 0.00 0.00 0.00 0.00 0.00 0.00 0.00 0.00 0.00 0.00 0.00 0.00 0.00 0.00 0.00 0.00 0.00 0.00 0.00 0.00 0.00 0.00 0.00 0.00 0.00 0.00 0.00 0.00 0.00 0.00 0.00 0.00 0.00 0.00 0.00 0.00 0.00 0.00 0.00 0.00 0.00 0.00 0.00 0.00 0.00 0.00 0.00 0.00 0.00 0.00 0.00 0.00 0.00 0.00 0.00 0.00
10.07 12.37 12.37 14.48 9.11 9.25 8.81 7.12 11.37 10.67 7.53 6.91 6.88 7.02 11.97 9.82 9.37 5.35 6.24 10.26 9.80 5.79 5.79 5.88 9.36 3.63 0.00 0.00 0.00 0.00 0.00 0.00 0.00 0.00 0.00 0.00 0.00 0.00 0.00 0.00 0.00 0.00 0.00 0.00 0.00 0.00 0.00 0.00 0.00 0.00 0.00 0.00 0.00 0.00 0.00 0.00 0.00 0.00 0.00 0.00 0.00 0.00 0.00 0.00 0.00 0.00 0.00 0.00 0.00 0.00 0.00 0.00 0.00 0.00 0.00 0.00 0.00 0.00 0.00 0.00 0.00 0.00 0.00
10.77 7.31 5.98 6.87 5.03 9.25 10.52 11.15 7.90 7.46 6.91 6.91 6.88 6.88 7.30 7.30 7.74 7.63 5.75 9.37 7.64 5.31 7.77 7.77 8.10 9.80 4.07 9.36 0.00 0.00 0.00 0.00 0.00 0.00 0.00 0.00 0.00 0.00 0.00 0.00 0.00 0.00 0.00 0.00 0.00 0.00 0.00 0.00 0.00 0.00 0.00 0.00 0.00 0.00 0.00 0.00 0.00 0.00 0.00 0.00 0.00 0.00 0.00 0.00 0.00 0.00 0.00 0.00 0.00 0.00 0.00 0.00 0.00 0.00 0.00 0.00 0.00 0.00 0.00 0.00 0.00 0.00 0.00
9.74 6.43 5.98 2.80 10.83 8.31 10.08 8.75 7.46 7.46 6.87 6.87 6.84 6.84 6.84 6.84 7.48 5.75 9.37 12.75 6.20 7.64 7.32 8.03 7.32 7.32 7.06 6.62 9.36 5.35 3.63 0.00 0.00 0.00 0.00 0.00 0.00 0.00 0.00 0.00 0.00 0.00 0.00 0.00 0.00 0.00 0.00 0.00 0.00 0.00 0.00 0.00 0.00 0.00 0.00 0.00 0.00 0.00 0.00 0.00 0.00 0.00 0.00 0.00 0.00 0.00 0.00 0.00 0.00 0.00 0.00 0.00 0.00 0.00 0.00 0.00 0.00 0.00 0.00 0.00 0.00 0.00 0.00
8.29 5.98 5.98 3.61 9.72 10.31 8.75 9.98 9.57 6.87 7.49 6.87 6.84 6.84 6.84 6.84 7.46 7.85 11.09 8.94 5.76 6.01 7.32 7.71 7.66 7.32 8.21 6.62 7.45 9.80 5.35 5.35 0.00 0.00 0.00 0.00 0.00 0.00 0.00 0.00 0.00 0.00 0.00 0.00 0.00 0.00 0.00 0.00 0.00 0.00 0.00 0.00 0.00 0.00 0.00 0.00 0.00 0.00 0.00 0.00 0.00 0.00 0.00 0.00 0.00 0.00 0.00 0.00 0.00 0.00 0.00 0.00 0.00 0.00 0.00 0.00 0.00 0.00 0.00 0.00 0.00 0.00 0.00
3.52 7.15 7.59 8.63 8.96 9.37 9.88 10.07 10.07 10.07 7.85 7.25 7.22 7.22 7.22 8.45 7.85 5.87 13.13 5.53 5.31 8.27 8.10 6.93 6.88 6.88 7.53 8.42 6.65 6.21 6.65 5.36 5.36 0.00 0.00 0.00 0.00 0.00 0.00 0.00 0.00 0.00 0.00 0.00 1.79 0.00 0.00 0.00 0.00 0.00 0.00 2.12 6.35 6.80 6.35 6.90 0.00 0.00 0.00 0.00 0.00 0.00 0.00 0.00 0.00 0.00 0.00 0.00 0.00 0.00 0.00 0.00 0.00 0.00 0.00 0.00 0.00 0.00 0.00 0.00 0.00 0.00 0.00
7.15 7.59 3.96 11.81 12.09 10.96 13.01 10.98 10.07 8.90 7.25 7.25 7.22 7.22 7.22 8.45 7.85 8.30 9.47 7.85 7.53 7.53 6.93 6.93 6.88 6.88 6.88 7.53 7.98 11.16 12.42 9.84 5.36 5.36 5.36 5.36 0.00 0.00 0.00 0.00 0.00 0.00 5.87 1.79 1.79 1.79 2.12 2.12 2.12 2.12 5.75 11.13 10.53 6.14 7.34 2.07 2.07 0.00 0.00 0.00 0.00 0.00 0.00 0.00 0.00 0.00 0.00 0.00 0.00 0.00 0.00 0.00 0.00 0.00 0.00 0.00 0.00 0.00 0.00 0.00 0.00 0.00 0.00
