New_Model_Runs/11_Future_RCP4.5_Scn1_out/post_prcessed_with_MFR/Monthly_summaries/net_infiltration_monthly_SEP.asc
NCOLS 700
NROWS 400
XLLCENTER 515000.000000
YLLCENTER 8409000.000000
CELLSIZE 50.000000
NODATA_value -999.000000
[rows 296 to 332 of 400, columns 166 to 248 of 700]
12.13 10.93 10.00 11.79 15.71 11.34 10.48 11.16 11.16 11.16 11.92 11.92 11.49 9.10 11.28 11.63 11.63 11.74 12.60 13.52 11.75 13.03 6.18 14.40 13.12 10.94 11.44 12.30 13.45 11.73 11.59 11.73 11.73 9.18 13.55 10.47 12.16 12.16 11.73 12.16 11.37 11.01 9.82 9.40 8.97 11.31 6.45 11.31 6.45 6.45 8.56 11.89 11.89 11.89 12.23 12.23 12.97 12.23 11.50 12.08 11.50 11.50 12.25 9.87 11.00 11.00 11.00 11.00 9.17 10.70 8.74 10.90 11.33 11.43 10.10 10.04 13.55 10.04 9.74 9.74 9.74 10.59 8.80
10.07 11.36 8.29 13.58 15.28 10.91 9.64 11.16 11.16 11.16 11.49 11.92 12.81 12.28 9.96 11.92 9.53 11.37 12.60 12.60 12.46 12.89 11.32 13.46 12.60 13.12 13.98 10.58 11.44 10.47 12.45 9.61 11.37 11.73 13.98 10.90 12.16 11.73 11.37 12.16 11.73 12.26 11.43 11.86 11.43 11.43 11.43 11.31 6.45 6.45 6.45 11.89 11.89 11.89 11.93 12.23 13.05 12.23 11.50 11.50 11.84 10.90 12.25 2.62 11.00 11.00 10.90 10.90 11.43 11.43 10.27 11.00 9.17 10.70 10.10 10.47 13.98 10.04 10.04 10.31 7.75 8.18 8.61
11.34 12.73 13.58 9.64 10.91 13.99 11.34 11.59 11.59 11.16 11.49 12.35 9.96 9.10 10.93 11.92 11.92 9.60 10.94 12.60 11.61 11.61 11.74 10.89 12.60 9.60 10.47 13.55 10.04 12.88 9.61 11.33 10.04 10.04 14.84 13.55 10.47 11.79 12.22 11.79 12.59 12.16 11.43 11.43 11.43 11.43 11.43 11.31 11.31 11.31 9.61 11.89 11.89 11.89 11.93 11.93 12.32 11.93 11.50 11.84 11.84 11.33 12.25 10.27 11.00 11.00 9.59 11.75 10.27 11.00 11.00 11.00 11.00 10.27 10.10 10.90 13.71 9.49 8.44 2.40 2.33 8.18 10.77
13.58 13.58 12.01 12.44 11.34 7.43 15.53 11.16 9.21 12.01 12.35 11.92 12.35 9.96 9.96 12.48 11.92 11.80 12.23 9.60 10.03 12.60 12.17 11.74 11.74 11.74 10.47 12.22 12.69 13.12 10.04 4.04 10.04 5.33 7.47 7.55 17.02 12.16 11.37 11.37 10.47 12.16 11.43 11.43 11.43 11.43 11.43 11.43 11.31 11.43 11.43 11.43 12.32 11.89 11.93 11.93 12.32 11.93 8.30 11.84 11.43 11.33 14.51 10.27 10.90 11.86 11.55 11.13 10.70 11.00 10.90 11.43 11.43 11.00 13.61 9.29 13.23 9.49 10.20 8.86 3.69 10.74 11.69
14.01 9.64 11.70 11.70 12.13 4.35 12.73 14.78 15.21 13.15 14.33 12.48 11.63 11.71 12.48 12.06 9.96 10.46 11.37 11.37 11.80 13.89 10.03 11.74 11.61 11.74 11.73 10.47 10.04 4.47 14.41 13.12 15.31 14.41 14.84 7.55 13.12 17.85 10.47 9.61 12.16 11.73 11.43 11.43 11.43 11.43 11.43 11.43 11.43 11.43 11.43 11.43 11.31 11.43 9.61 11.89 11.89 11.89 11.73 11.00 10.90 10.90 12.25 10.90 11.33 12.29 10.70 11.00 11.00 8.74 9.17 11.86 11.43 10.90 11.95 14.57 14.14 8.86 8.44 10.15 4.97 6.77 5.84
13.15 9.21 11.27 11.27 11.16 9.21 12.30 14.42 11.34 11.70 12.48 12.06 11.63 11.28 11.63 11.63 12.17 12.17 10.89 10.46 10.89 15.46 12.60 11.74 12.17 11.80 12.16 11.73 11.44 10.90 11.75 14.84 10.92 10.04 11.37 10.04 10.04 13.98 6.69 12.59 11.59 11.59 11.43 8.97 9.40 11.86 11.43 11.43 10.64 10.64 11.43 12.50 11.86 11.43 11.43 11.43 12.32 11.89 11.00 11.00 11.00 10.90 12.25 11.00 10.90 11.86 11.98 11.86 11.00 11.00 10.30 9.17 9.17 11.13 4.12 3.26 11.52 10.63 12.80 13.71 12.80 2.40 8.44
13.15 12.73 11.59 11.16 11.70 11.27 8.79 6.15 10.48 11.27 11.49 12.06 10.82 10.39 3.59 12.06 11.74 10.03 11.75 11.32 11.32 12.60 12.67 11.74 11.74 12.60 12.16 12.16 11.87 10.47 11.37 13.12 12.16 11.37 12.59 10.04 12.59 12.88 10.47 13.12 7.50 10.04 11.43 10.64 11.07 10.64 11.43 11.43 11.07 11.07 10.30 11.07 11.07 12.66 12.32 11.43 12.32 11.43 11.00 11.00 11.00 11.00 12.25 11.00 11.00 11.43 12.18 11.43 11.00 11.43 9.17 11.43 11.43 9.17 9.29 3.69 11.95 12.37 12.37 9.01 7.65 3.26 4.12
10.07 7.86 11.59 9.21 9.64 11.34 8.79 2.64 14.42 10.91 11.49 12.06 9.96 11.67 11.24 12.06 11.74 11.74 10.46 10.46 10.49 12.17 11.61 11.74 10.94 11.74 12.02 10.04 10.47 12.88 13.12 11.59 12.02 11.73 12.16 12.02 11.73 11.73 12.02 12.65 15.73 6.69 12.48 14.15 11.43 11.86 11.86 11.31 11.73 12.29 11.43 11.86 11.86 11.73 11.31 11.43 10.04 11.43 11.00 11.00 11.00 10.27 13.78 11.00 10.27 11.00 11.00 11.00 11.00 11.00 11.00 12.18 11.55 11.00 9.77 12.37 11.95 9.29 8.86 8.90 7.65 10.81 9.36
9.21 11.34 12.30 11.34 9.21 11.34 11.34 10.48 12.30 10.91 11.28 11.63 12.06 10.39 12.06 11.63 11.74 11.74 11.74 12.17 11.37 9.18 11.37 12.03 11.61 12.17 12.59 12.59 13.02 11.79 14.45 12.02 12.02 11.73 11.73 11.73 11.73 11.73 12.16 10.04 12.22 11.79 11.07 14.82 14.82 12.91 12.91 14.58 11.50 10.73 9.82 10.68 10.25 9.82 9.82 11.31 9.40 9.40 10.27 9.17 9.17 12.68 9.17 11.00 11.00 11.43 11.43 11.00 11.00 11.00 11.43 11.55 9.59 13.78 11.52 8.01 8.01 13.28 2.83 7.65 9.01 9.96 10.81
11.59 12.01 12.73 14.85 11.34 8.79 11.34 10.91 8.79 13.99 11.28 11.63 11.63 9.96 9.53 11.74 11.74 11.74 11.74 11.37 11.88 9.60 12.46 12.03 11.74 12.17 12.59 11.44 10.47 13.12 11.01 12.45 12.02 11.59 11.59 9.89 11.73 11.73 11.73 11.44 10.47 12.45 11.73 11.31 11.31 13.11 10.69 13.76 14.19 13.76 7.49 13.76 12.91 12.91 12.91 15.25 12.48 12.48 13.78 12.68 13.53 13.96 13.78 8.74 11.00 11.43 11.43 11.00 11.00 10.90 11.43 10.70 12.68 14.94 10.10 8.01 10.10 10.10 5.91 7.65 9.96 9.92 8.51
10.63 10.63 9.32 13.75 12.71 8.46 8.46 10.69 2.97 6.48 8.81 11.54 11.11 11.03 11.46 11.15 11.15 11.58 11.05 10.02 9.15 11.20 11.58 11.47 11.05 11.15 11.70 12.13 9.82 13.65 9.69 10.90 11.52 11.16 9.58 9.58 9.58 9.58 11.16 11.16 11.16 11.16 10.92 10.92 12.72 9.53 12.31 11.95 10.38 9.96 9.53 10.81 10.81 9.53 13.75 6.11 12.61 12.61 2.92 9.15 12.45 5.92 4.63 12.66 12.23 13.98 10.53 10.47 10.53 9.71 6.15 11.80 12.23 8.72 9.82 9.82 9.82 7.80 8.23 9.68 10.54 10.97 10.11
11.05 9.32 10.78 10.35 12.83 4.25 9.75 10.13 10.18 3.82 12.75 10.89 11.54 11.54 11.11 11.15 11.58 10.78 11.47 11.05 11.15 11.15 11.58 11.47 11.15 11.05 11.16 9.69 9.27 12.78 9.69 9.27 11.16 11.16 11.16 11.16 9.58 10.00 10.90 9.58 10.48 11.16 12.13 10.67 11.45 11.02 11.45 11.02 11.45 10.38 10.81 11.78 10.38 9.53 8.67 9.10 6.54 8.67 2.92 11.00 10.39 12.11 9.58 9.58 11.00 14.08 12.23 11.80 11.80 12.92 9.71 9.71 13.98 11.80 11.74 12.57 7.80 8.23 8.23 10.25 10.45 9.60 8.31
9.92 11.05 11.05 8.89 11.97 10.18 9.75 10.63 12.85 3.82 6.58 9.67 11.58 11.21 11.11 10.78 10.78 11.05 11.15 11.05 11.05 11.15 11.58 11.58 11.15 11.58 11.27 9.69 12.56 14.67 11.16 11.16 11.16 11.16 11.27 11.27 11.27 9.27 11.59 9.57 10.48 10.90 10.67 11.09 10.67 10.92 10.92 11.02 11.02 11.88 9.53 13.03 8.67 9.10 3.03 6.54 12.61 8.67 9.05 10.47 10.47 10.47 9.71 10.47 10.90 10.47 9.16 10.47 10.47 10.40 10.47 10.47 10.47 10.74 9.49 9.82 13.33 11.31 11.74 12.17 11.40 11.83 12.68
10.69 10.69 11.12 8.89 10.35 13.26 11.48 8.46 10.78 9.32 2.64 13.18 10.53 11.97 11.11 11.15 11.15 11.82 12.65 11.05 11.05 11.15 10.35 11.15 11.15 10.78 11.27 9.27 13.21 10.90 11.59 11.16 11.16 11.16 11.27 11.27 11.27 11.27 11.27 9.57 11.59 11.33 10.92 11.02 11.78 11.45 10.92 11.02 11.02 11.02 11.02 11.02 11.02 11.09 3.46 14.86 9.10 11.45 10.47 10.47 10.47 10.47 10.47 10.47 10.47 10.31 8.34 10.68 11.30 10.40 10.47 9.82 9.82 10.31 8.74 9.82 9.82 11.58 11.15 9.17 9.60 9.60 12.25
11.12 10.69 10.48 9.32 10.05 12.40 8.46 10.63 11.12 9.32 11.60 14.34 10.53 10.96 11.58 11.58 8.72 11.15 11.05 11.05 11.05 11.15 11.15 11.15 9.15 9.15 11.70 12.78 9.69 10.12 12.13 11.16 12.11 11.16 11.27 11.27 11.27 11.27 11.27 10.48 10.48 11.59 10.92 10.92 10.92 10.92 10.92 11.02 11.87 11.02 8.67 11.02 11.45 12.31 13.04 10.92 11.35 11.35 10.40 10.40 10.40 10.40 10.47 10.83 10.74 9.35 8.77 10.64 11.56 10.31 10.31 9.82 11.51 10.31 9.68 10.79 9.25 10.21 8.45 9.25 9.68 9.25 11.22
9.32 12.38 8.89 10.90 10.69 9.92 12.83 10.18 10.78 9.92 10.53 3.93 6.83 10.10 9.58 11.58 11.15 11.15 11.15 11.05 11.05 11.15 11.80 11.31 9.58 13.95 15.53 11.59 9.69 11.59 12.13 11.59 11.59 11.16 11.27 11.27 11.16 11.16 11.16 11.27 9.57 11.16 9.36 9.36 10.92 10.92 11.02 11.02 11.02 11.02 11.02 11.02 11.02 14.53 14.43 10.92 10.92 10.92 10.40 10.40 10.40 10.28 7.91 10.25 9.82 10.31 10.31 10.74 10.74 10.31 9.82 9.82 10.31 9.82 9.25 9.25 9.25 9.25 9.68 9.25 9.25 9.25 10.11
8.89 10.69 11.55 8.89 10.69 8.46 6.91 11.03 11.21 9.92 11.21 9.67 6.58 13.18 10.01 10.01 11.05 11.15 11.05 11.15 11.15 12.02 11.05 10.01 13.52 9.58 12.13 11.16 11.70 11.59 11.59 11.70 11.16 11.16 11.27 11.16 9.57 9.57 9.55 9.55 11.16 11.16 13.62 11.82 9.50 10.92 11.02 11.02 11.02 11.02 11.02 11.02 11.02 14.53 10.92 10.92 9.50 10.92 9.82 9.82 9.82 10.28 11.48 11.19 8.34 7.91 9.82 9.82 11.83 9.82 9.82 9.82 9.82 9.82 9.25 9.25 9.83 9.25 9.25 10.12 9.68 9.68 9.42
10.63 10.69 10.69 11.12 8.89 11.97 8.89 9.75 9.75 9.75 10.10 10.10 9.24 13.18 12.06 12.01 11.58 11.15 11.15 11.15 12.02 11.05 11.05 14.72 14.56 11.58 12.92 9.27 11.27 11.27 11.27 11.27 11.27 11.27 11.27 11.16 9.57 9.57 9.55 9.55 11.16 13.56 12.20 11.87 11.87 11.02 11.02 11.02 11.02 11.02 11.02 11.02 11.02 14.53 11.02 10.92 11.84 10.92 10.28 9.82 9.82 9.82 9.82 9.82 5.01 5.01 5.01 5.01 8.28 8.28 9.82 9.82 9.82 9.82 9.25 9.68 9.68 9.25 9.25 10.12 9.68 9.68 8.74
8.89 10.69 8.89 10.56 14.29 8.46 10.69 10.63 10.63 11.05 11.88 9.24 11.03 11.03 12.66 9.58 11.58 11.15 11.15 10.77 10.35 11.58 11.58 12.66 10.78 11.58 11.27 11.16 11.27 11.27 11.27 11.27 11.27 11.27 11.27 11.16 11.16 11.27 11.27 11.27 11.27 11.16 10.92 10.92 11.02 11.02 11.02 11.02 11.02 11.02 11.02 11.02 11.02 14.53 11.02 12.07 10.92 10.92 9.82 9.82 8.24 5.01 5.01 5.01 5.01 5.01 5.01 5.01 8.28 5.01 12.75 8.62 9.82 9.82 9.25 9.68 9.68 10.11 10.11 9.68 9.25 9.25 9.68
10.63 10.69 10.35 13.26 9.32 11.05 10.69 10.69 10.69 10.63 10.10 10.10 11.46 11.05 12.24 9.15 12.01 11.47 11.47 9.61 10.35 10.01 10.44 13.09 9.15 11.58 11.33 11.70 11.27 11.27 11.27 11.27 11.27 11.27 11.27 11.27 12.15 11.27 11.27 11.27 11.27 11.27 11.02 11.02 11.02 11.02 11.02 11.02 11.02 11.02 11.02 9.53 11.45 14.53 11.02 11.02 10.92 9.50 9.82 9.82 8.24 8.24 8.28 8.28 8.28 8.28 8.28 8.28 5.09 5.01 5.01 9.82 9.82 9.82 7.45 9.25 9.64 9.17 10.03 10.11 9.68 9.25 9.68
10.69 9.32 12.40 8.46 11.48 10.18 9.32 10.69 10.69 10.35 9.67 13.18 13.18 14.29 12.66 12.66 10.87 12.41 10.45 12.01 9.15 12.06 8.70 9.15 12.02 11.63 12.61 12.58 11.27 11.27 11.27 11.27 11.27 11.27 11.27 11.27 11.16 11.27 11.27 11.27 11.27 11.27 12.07 11.02 11.02 11.02 11.02 11.02 11.02 11.02 9.10 9.96 13.04 11.02 11.02 10.92 10.92 9.43 10.47 9.82 9.82 8.24 8.33 8.33 8.33 8.33 8.33 8.33 8.33 8.33 8.28 5.01 5.01 5.01 9.25 9.25 9.64 9.68 8.88 8.31 10.54 9.68 9.68
11.12 12.40 12.40 10.63 10.78 10.78 9.32 10.63 11.12 9.92 12.32 9.24 10.53 9.58 10.76 13.09 11.58 9.15 10.44 10.44 11.63 10.44 13.95 12.01 11.47 12.33 12.19 11.70 11.27 11.27 11.27 11.27 12.15 11.27 11.27 11.16 11.16 11.16 11.27 11.27 11.27 11.16 10.92 10.92 11.02 11.02 11.02 11.87 11.02 11.02 9.53 11.09 12.18 11.02 10.92 10.92 9.43 9.43 10.28 10.28 10.08 8.24 8.33 8.33 8.33 8.33 8.33 8.33 8.33 8.33 8.28 8.28 5.09 5.01 4.69 7.45 9.25 9.25 8.31 9.60 10.54 9.68 10.11
12.40 12.40 12.34 9.75 11.21 8.89 10.63 11.98 9.75 14.29 11.11 9.24 11.64 3.47 11.20 11.20 12.24 11.20 10.44 12.01 12.33 15.13 12.44 12.01 11.15 11.58 12.13 11.70 11.27 11.27 12.15 11.27 12.15 12.15 11.27 13.25 9.56 9.56 9.51 9.51 11.16 12.07 10.92 10.92 10.92 11.02 11.02 11.02 7.39 10.92 11.45 11.02 12.60 10.92 10.92 11.02 11.02 10.30 9.82 8.24 8.24 8.24 8.33 8.33 8.33 8.33 8.33 8.33 8.33 8.33 8.28 8.28 8.28 8.28 4.69 9.25 7.86 9.64 10.11 10.54 10.54 9.68 10.11
12.83 10.48 11.41 10.98 2.97 10.48 9.32 9.75 13.26 9.32 11.54 11.11 11.11 11.15 10.45 11.20 12.66 10.78 10.78 11.90 7.84 13.52 10.01 10.01 11.58 11.15 11.27 12.36 11.16 11.16 11.16 11.27 11.27 11.27 11.27 9.56 9.56 11.27 9.51 9.90 11.16 11.16 10.92 10.92 10.92 9.46 9.49 9.49 7.39 7.39 11.02 14.53 8.67 10.92 12.07 11.02 10.82 10.30 8.24 8.24 8.24 8.24 8.33 8.33 10.28 10.28 8.33 8.33 8.33 8.33 8.28 8.28 8.28 10.11 7.86 9.25 7.86 9.25 9.25 9.68 9.25 9.68 9.68
9.75 11.03 10.60 9.75 10.48 8.89 13.86 12.40 10.48 11.05 11.11 11.11 11.15 11.15 10.35 11.05 10.78 13.86 12.84 9.58 7.34 9.58 11.73 9.58 11.15 11.15 11.27 11.16 11.16 11.16 11.27 11.27 11.27 11.27 11.27 11.16 11.27 11.27 11.27 11.16 11.27 11.27 11.02 11.02 11.02 9.45 10.95 7.39 8.67 8.67 8.67 12.18 6.23 6.84 10.92 10.92 10.30 7.81 8.26 8.26 8.26 8.26 8.35 8.35 10.28 10.47 10.05 8.36 8.36 8.36 8.32 8.32 8.32 8.32 7.87 7.87 9.25 9.25 9.25 9.68 9.25 9.68 9.68
4.25 4.25 10.18 4.25 13.26 14.63 11.12 11.12 11.12 10.69 11.11 11.11 10.35 11.15 10.35 11.90 10.35 13.86 14.72 12.24 12.66 10.01 11.90 11.47 11.05 11.15 11.16 11.16 11.16 11.27 11.27 11.27 11.16 11.84 11.16 11.16 11.27 11.27 11.27 11.27 11.16 11.27 11.02 11.02 11.02 6.23 6.23 6.23 6.23 6.23 8.67 12.18 9.47 9.47 9.40 9.40 7.81 7.81 10.10 8.26 8.26 8.26 8.35 10.16 10.47 10.47 10.47 10.05 8.36 8.36 8.32 8.32 8.32 8.32 7.87 9.25 9.68 9.68 9.68 9.68 9.68 9.25 9.68
15.12 10.92 13.75 17.00 15.28 12.95 12.20 12.89 3.57 10.49 8.18 10.25 10.28 10.28 10.22 5.00 9.82 9.49 11.61 10.22 13.43 10.48 10.65 10.28 10.28 10.28 10.64 10.57 11.45 10.64 10.64 10.64 10.64 10.64 10.57 10.64 10.64 10.64 10.64 10.57 10.57 10.64 10.65 10.65 10.65 10.65 6.17 7.46 6.17 7.28 7.28 8.53 12.04 7.28 6.17 9.98 8.32 8.32 8.01 8.01 8.01 8.01 8.09 8.09 9.68 10.04 10.04 10.00 9.70 8.11 8.07 8.07 8.07 8.07 7.57 8.77 8.77 8.77 9.15 9.15 9.15 7.47 9.19
15.28 15.12 16.14 16.14 12.95 12.52 4.43 11.34 10.49 12.01 10.25 10.25 10.28 11.05 10.28 9.82 12.47 11.61 10.35 10.65 11.61 10.32 9.92 10.28 10.28 11.10 10.64 10.64 11.45 10.57 10.64 10.57 10.64 10.57 10.57 10.64 10.64 10.64 10.57 10.57 10.57 11.44 10.65 10.73 10.73 10.73 10.73 10.73 7.28 7.28 7.28 7.28 12.04 6.17 6.17 10.92 8.32 8.32 8.01 8.01 8.01 8.01 8.09 9.86 10.04 10.04 10.04 10.04 9.70 9.45 9.45 9.86 8.07 8.07 8.12 9.59 8.77 8.77 9.15 9.15 7.04 9.19 8.77
12.20 15.97 15.71 6.58 13.73 12.10 13.38 13.38 12.73 12.10 8.18 10.37 11.13 10.28 11.13 11.21 14.72 9.82 10.78 9.39 12.04 9.92 8.96 10.71 10.28 10.28 10.64 10.57 10.64 10.64 10.57 10.57 10.57 10.09 10.02 10.02 10.64 10.64 10.57 10.57 10.64 10.64 10.73 10.73 10.73 10.73 10.73 10.73 10.73 10.73 10.73 10.65 14.25 12.47 6.60 10.02 10.02 8.35 8.00 8.00 8.00 8.00 8.07 8.07 10.00 10.00 10.04 10.04 10.04 10.04 9.86 9.86 8.09 8.09 7.58 8.77 8.77 9.15 9.15 9.15 8.56 9.58 9.15
8.74 8.74 12.25 15.71 12.63 12.87 12.87 13.81 12.10 12.74 8.18 10.35 11.13 10.28 11.13 13.33 14.19 14.19 11.21 12.06 14.72 10.35 10.35 9.63 10.28 10.28 10.64 10.64 10.64 10.64 10.64 10.64 10.57 10.09 10.02 10.64 10.64 10.57 10.64 10.64 10.64 10.64 10.73 11.73 9.98 10.73 10.03 10.03 10.73 10.73 10.73 10.73 10.73 12.47 11.08 6.17 6.17 8.35 8.00 8.00 8.00 8.00 8.07 9.65 9.65 9.65 10.04 10.04 10.04 10.04 9.86 9.86 9.86 8.09 8.45 7.58 8.77 9.86 9.15 8.77 9.19 9.15 9.15
0.00 0.00 0.00 8.31 14.86 12.46 12.46 12.46 11.61 11.77 9.04 8.96 10.28 15.21 12.47 11.53 11.91 12.85 13.33 14.64 13.76 9.39 9.20 9.92 10.28 10.28 11.45 10.64 10.64 10.64 10.64 10.57 10.57 10.09 10.02 10.02 9.38 10.57 10.57 10.64 10.64 10.64 10.65 10.65 9.98 9.98 10.03 10.03 10.03 11.53 11.53 10.73 10.65 14.16 10.65 10.65 10.02 10.02 8.00 8.00 8.00 8.00 8.07 8.07 9.65 9.65 9.71 10.04 10.78 10.04 9.86 9.45 8.15 8.09 7.58 8.77 9.15 9.15 8.77 9.15 8.77 8.77 7.04
0.00 0.00 0.00 0.00 8.31 14.00 14.00 14.00 14.43 15.55 9.47 12.90 12.04 12.85 9.82 11.53 10.67 10.28 10.67 14.72 10.35 11.13 10.28 10.28 10.28 10.28 10.64 10.64 10.64 11.45 10.64 10.57 10.57 10.09 10.02 10.02 10.02 10.64 10.64 10.57 9.97 9.97 8.32 8.32 8.32 8.32 8.36 10.03 10.03 10.73 10.73 10.73 10.42 13.93 11.73 10.73 10.65 10.02 8.00 8.00 8.00 8.00 8.07 8.07 8.07 9.65 9.71 10.00 0.00 10.00 9.45 8.09 8.09 8.09 7.58 8.77 9.11 7.87 8.77 8.77 8.77 9.15 7.04
0.00 0.00 0.00 0.00 0.00 0.00 0.00 0.00 0.00 0.00 12.12 13.43 11.30 8.10 11.56 10.71 10.28 10.28 11.08 11.08 9.92 10.71 10.22 10.28 10.28 10.28 11.45 10.64 11.64 10.64 10.57 10.57 10.57 10.00 9.92 9.92 9.92 10.64 10.57 10.57 9.97 8.29 10.54 8.33 8.33 8.33 8.33 8.33 10.00 10.00 10.65 10.65 11.16 13.93 11.52 11.34 10.65 10.04 9.55 8.00 8.00 8.00 8.05 8.05 8.05 8.12 8.09 0.00 0.00 0.00 9.45 8.08 0.00 0.00 0.00 7.61 8.77 9.11 9.11 9.15 7.57 9.15 9.15
0.00 0.00 0.00 0.00 0.00 0.00 0.00 0.00 0.00 0.00 0.00 0.00 5.79 9.49 8.96 9.39 10.71 10.28 10.22 10.22 10.71 9.92 10.22 8.10 11.05 10.28 10.64 11.64 10.64 10.57 10.57 10.00 10.00 10.00 9.92 9.92 9.92 9.92 9.95 9.95 9.95 9.95 10.73 10.73 9.99 8.33 8.33 8.33 10.00 10.00 10.96 10.65 11.52 10.65 14.16 10.65 10.65 10.04 9.55 8.00 8.00 8.00 8.05 8.05 8.05 8.05 8.09 0.00 0.00 0.00 0.00 0.00 0.00 0.00 0.00 0.00 0.00 7.61 9.11 7.57 9.15 9.15 9.15
0.00 0.00 0.00 0.00 0.00 0.00 0.00 0.00 0.00 0.00 0.00 0.00 5.79 5.79 5.79 10.65 10.28 10.28 10.28 10.28 10.22 10.22 10.22 10.22 10.28 10.28 10.64 10.64 10.57 10.57 10.00 10.00 10.00 10.00 9.92 9.92 9.92 9.92 9.95 9.95 9.95 9.95 10.94 10.54 10.73 9.99 8.33 8.33 8.33 10.00 10.01 10.69 10.65 10.65 14.16 10.65 10.65 10.04 9.55 9.55 8.00 8.00 8.05 8.05 8.05 8.05 8.09 8.16 8.09 0.00 0.00 0.00 0.00 0.00 0.00 0.00 0.00 0.00 0.00 8.77 8.77 9.15 9.15
0.00 0.00 0.00 0.00 0.00 0.00 0.00 0.00 0.00 0.00 0.00 0.00 0.00 0.00 4.84 4.84 10.22 10.22 10.28 10.28 10.22 10.22 9.87 10.22 10.28 10.28 10.64 10.57 10.57 10.11 10.00 10.00 10.00 10.00 9.92 9.92 9.92 9.92 9.95 9.95 9.95 9.95 9.99 9.99 10.54 8.33 8.33 8.42 8.33 8.33 8.35 10.69 10.65 10.65 14.16 10.65 10.65 10.65 9.55 9.55 8.00 8.00 8.05 8.05 8.05 8.05 8.09 8.09 8.09 0.00 0.00 0.00 0.00 0.00 0.00 0.00 0.00 0.00 0.43 8.56 8.77 9.15 8.77
0.00 0.00 0.00 0.00 0.00 0.00 0.00 0.00 0.00 0.00 0.00 0.00 0.00 0.00 0.00 4.84 4.84 9.65 10.22 10.22 10.22 9.88 5.79 9.87 10.22 10.28 10.64 7.17 7.17 10.01 9.90 9.90 10.83 9.90 9.99 8.31 8.31 8.31 8.40 8.40 8.40 8.40 8.43 8.43 8.43 8.43 8.42 8.42 8.42 8.42 8.35 10.26 8.35 10.06 13.57 10.65 10.65 10.65 10.44 9.55 9.55 9.55 9.62 8.05 8.05 0.00 0.00 0.00 0.00 0.00 0.00 0.00 0.00 0.00 0.00 0.00 0.00 0.00 7.59 10.01 9.62 13.13 12.70
