New_Model_Runs/11_Future_RCP4.5_Scn1_out/post_prcessed_with_MFR/Monthly_summaries/net_infiltration_monthly_FEB.asc
NCOLS 700
NROWS 400
XLLCENTER 515000.000000
YLLCENTER 8409000.000000
CELLSIZE 50.000000
NODATA_value -999.000000
[rows 111 to 147 of 400, columns 336 to 419 of 700]
0.00 0.00 3.49 3.49 7.36 7.09 7.61 7.09 7.00 7.00 7.00 7.00 7.36 7.36 6.96 6.96 7.71 7.71 7.18 7.18 7.23 7.23 7.76 7.23 7.78 7.25 7.25 7.78 7.23 6.61 6.61 6.61 6.78 6.78 6.78 6.78 7.42 6.77 6.77 6.77 7.41 6.77 6.77 6.77 6.72 6.72 6.72 6.72 6.78 6.78 6.78 6.78 6.85 6.85 7.48 6.85 6.84 6.84 8.05 6.84 6.84 6.84 7.48 6.84 6.78 6.78 6.78 6.78 6.81 6.81 6.81 7.76 7.78 7.78 8.30 7.78 7.75 8.88 7.75 7.75 7.70 7.70 7.70 7.70
0.00 0.00 0.00 7.62 7.05 7.05 7.05 7.05 7.35 6.94 6.94 6.94 6.94 7.34 6.94 6.94 7.15 7.59 7.15 7.15 7.21 7.21 7.21 7.21 7.22 7.22 7.22 7.76 7.19 6.58 6.58 6.58 6.74 6.74 6.74 6.74 6.73 6.73 6.73 6.73 6.70 6.70 6.70 6.70 6.63 6.63 6.63 6.63 6.71 6.71 6.71 6.71 6.74 6.74 6.74 7.38 6.76 6.76 6.76 6.76 6.77 6.77 7.41 6.77 6.68 6.68 6.68 6.68 6.70 6.70 6.70 7.63 7.66 7.66 7.66 8.18 8.13 7.61 7.61 7.61 7.58 7.58 7.58 7.58
0.00 0.00 3.49 7.69 7.05 7.05 7.05 7.05 6.94 7.34 6.94 6.94 6.94 6.94 7.41 6.94 7.15 7.62 7.67 7.15 7.21 7.21 7.31 7.76 7.22 7.22 7.22 7.22 7.73 7.19 6.58 6.58 6.74 6.74 7.41 6.74 6.73 7.37 6.73 6.73 6.70 7.36 7.61 7.34 6.63 6.63 6.63 6.63 6.71 6.71 6.71 7.34 6.74 6.74 6.74 6.74 6.76 6.76 6.76 6.76 6.77 6.77 6.77 6.77 6.68 6.68 6.68 6.68 6.70 7.31 6.70 7.63 7.66 7.66 7.66 7.66 7.61 7.61 7.61 7.61 7.58 7.58 7.58 7.58
0.00 0.00 7.44 7.44 7.28 7.28 7.82 7.28 7.16 7.48 7.69 7.16 7.16 7.16 7.16 7.16 7.24 7.78 7.78 7.24 7.30 7.30 8.29 7.30 7.31 7.31 7.31 7.31 7.28 7.24 6.65 7.32 6.86 6.86 6.86 7.52 6.84 6.84 7.50 6.84 6.81 6.81 6.81 7.45 6.74 6.74 7.39 6.74 6.77 6.77 7.42 6.77 6.81 6.81 6.81 6.81 6.82 6.82 6.82 6.82 6.83 6.83 6.83 6.83 6.82 7.44 6.82 6.82 6.84 6.84 6.84 7.81 7.83 7.83 8.34 7.83 7.79 7.79 7.79 7.79 7.61 7.47 7.47 7.47
7.44 7.44 7.44 7.44 7.28 7.28 7.56 7.28 7.16 7.16 7.16 7.69 7.16 7.69 7.16 7.16 7.24 7.24 7.77 7.24 7.30 7.25 7.30 7.30 7.31 7.31 7.28 7.31 7.28 7.28 6.65 6.65 6.86 6.86 6.86 7.50 6.84 6.84 7.50 6.84 6.81 6.81 7.44 6.81 6.74 6.84 6.74 6.74 6.77 6.77 6.77 6.77 6.81 6.81 6.81 6.81 6.82 6.82 6.82 6.82 6.83 6.83 6.83 6.83 6.82 6.82 6.82 6.82 6.84 7.46 8.31 7.81 7.83 7.83 7.83 7.83 7.79 7.79 7.79 8.27 7.47 7.47 7.47 7.47
7.18 7.18 7.52 7.18 7.14 7.14 7.14 7.14 7.12 7.12 7.12 7.12 7.16 7.58 7.50 7.16 7.18 7.18 7.18 7.18 7.21 7.21 7.21 7.74 7.20 7.20 7.20 7.20 7.18 7.71 8.04 6.57 6.77 6.77 7.42 7.67 6.74 6.74 6.74 6.74 6.69 6.69 7.33 7.42 6.77 8.15 8.15 8.15 6.89 6.89 6.89 6.89 6.93 6.93 6.93 6.93 6.93 6.93 6.93 6.93 6.92 6.92 6.92 6.92 6.87 6.87 6.87 6.87 6.83 6.83 7.80 7.80 7.75 7.75 7.75 7.75 8.37 8.17 7.68 7.68 7.52 7.52 7.52 7.52
7.18 7.18 7.52 7.18 7.14 7.14 7.14 7.14 7.12 7.12 7.12 7.12 7.16 7.16 7.16 7.63 7.18 7.18 7.18 7.18 7.21 7.21 7.21 7.74 7.52 7.20 7.20 7.20 7.18 7.18 7.18 6.57 6.77 6.77 6.77 6.77 6.74 6.74 6.74 6.74 6.69 6.69 6.69 7.33 8.15 8.15 8.15 6.77 6.89 6.89 6.89 6.89 6.93 6.93 6.93 6.93 6.93 6.93 6.93 6.93 6.92 6.92 6.92 6.92 6.87 6.87 6.87 6.87 6.83 6.83 8.30 7.80 7.75 7.75 7.75 7.75 7.68 7.68 7.68 7.68 7.52 7.52 7.52 7.52
7.18 7.52 7.18 7.18 7.14 7.14 7.14 7.14 7.12 7.12 7.12 7.12 7.16 7.16 7.58 7.16 7.18 7.18 7.18 7.18 7.21 7.21 7.21 7.74 7.20 7.20 7.20 7.73 7.18 7.18 7.18 7.18 6.77 6.77 6.77 6.77 6.74 6.74 6.74 8.37 8.06 9.30 8.06 6.69 6.77 6.77 6.77 6.77 6.89 6.89 6.89 6.89 6.93 6.93 6.93 6.93 6.93 6.93 6.93 6.93 6.92 6.92 6.92 6.92 6.87 6.87 6.87 6.87 6.83 6.83 7.80 7.80 7.75 7.75 7.75 7.75 7.68 7.68 7.68 7.68 7.52 7.52 7.52 7.52
7.52 7.18 7.64 7.18 7.14 7.14 7.14 7.14 7.12 7.12 7.12 7.12 7.16 7.16 7.16 7.16 7.18 7.18 7.18 7.71 7.21 7.21 7.21 7.21 7.20 7.20 7.20 7.73 7.18 7.18 7.38 7.18 6.77 6.77 6.77 6.77 8.02 7.44 8.12 8.12 8.06 6.69 6.69 6.69 6.77 6.77 6.77 6.77 6.89 6.89 6.89 6.89 6.93 6.93 6.93 6.93 6.93 6.93 6.93 6.93 6.92 6.92 6.92 6.92 6.87 6.87 6.87 6.87 6.83 6.83 7.80 7.80 8.77 7.75 8.77 8.77 7.68 7.68 7.68 7.68 7.52 7.52 7.52 7.52
7.02 7.02 7.02 7.02 7.10 7.10 7.10 7.51 7.16 7.16 7.16 7.16 7.14 7.14 7.66 7.14 7.22 7.22 7.22 7.75 7.73 7.20 7.20 7.73 7.18 7.18 7.18 7.18 7.70 7.17 7.21 7.53 8.16 8.16 6.77 6.87 6.90 6.90 7.57 8.20 6.89 6.89 6.89 6.89 7.03 7.03 7.03 7.03 7.12 7.12 7.12 7.12 7.14 7.14 7.14 7.14 7.10 7.10 7.10 7.10 7.09 7.09 7.09 7.09 7.03 7.03 7.03 7.03 6.95 7.94 7.94 7.94 7.82 7.82 8.86 7.82 7.82 7.82 7.82 7.82 7.47 7.47 7.47 7.47
7.02 7.02 7.19 7.02 7.10 7.10 7.10 7.10 7.58 7.16 7.58 7.62 7.14 7.14 7.14 7.14 7.22 7.22 7.22 7.22 7.20 7.20 7.20 7.20 7.18 7.18 7.18 7.18 7.17 7.17 7.17 7.17 8.31 8.16 8.16 8.16 8.20 8.20 8.20 6.80 6.89 6.89 6.89 6.89 7.03 7.03 7.03 7.03 7.12 7.12 7.12 7.12 7.14 7.14 7.14 7.14 7.10 7.10 7.10 8.34 7.09 7.09 7.09 7.09 7.03 7.03 7.03 7.03 6.95 7.94 7.94 7.94 7.82 7.82 7.82 7.82 7.82 7.82 7.82 7.82 7.47 7.47 7.47 7.47
7.02 7.02 7.02 7.02 7.10 7.10 7.10 7.10 7.16 7.16 7.16 7.16 7.14 7.14 7.14 7.14 7.22 7.22 7.22 7.22 7.20 7.20 7.20 7.20 7.18 7.18 7.18 7.18 7.17 7.17 7.17 7.17 7.43 6.77 6.77 8.16 8.20 8.20 6.80 6.80 6.89 6.89 6.89 6.89 7.03 7.03 7.03 7.03 7.12 7.12 7.12 7.12 7.14 6.58 6.97 8.38 8.34 8.34 8.34 8.34 8.32 8.32 8.32 8.32 8.17 7.03 7.03 7.03 6.95 7.94 7.94 7.94 7.82 7.82 7.82 7.82 7.82 7.82 7.82 7.82 7.47 7.47 7.47 7.47
7.02 7.02 7.02 7.02 7.10 7.10 7.10 7.10 7.16 7.16 7.16 7.16 7.14 7.14 7.14 7.14 7.22 7.22 7.22 7.22 7.20 7.20 7.20 7.20 7.18 7.18 7.18 7.18 7.17 7.17 7.17 7.17 7.43 6.77 6.77 6.77 6.80 6.80 6.80 6.80 6.89 6.89 6.89 6.89 7.03 7.03 7.03 7.03 7.12 7.12 7.12 8.36 8.38 6.97 6.97 6.97 6.97 8.34 8.34 8.34 8.32 8.32 8.32 8.32 8.17 8.17 7.03 7.03 6.95 7.94 7.94 7.94 7.82 7.82 7.82 7.82 7.82 7.82 7.82 7.82 7.47 7.47 7.47 7.47
7.23 7.23 7.23 7.23 7.29 7.29 7.29 7.29 7.30 7.30 7.30 7.30 7.32 7.32 7.32 7.32 7.38 7.38 7.38 7.38 7.36 7.36 7.36 7.36 7.33 7.33 7.33 7.33 7.33 7.33 7.33 7.33 7.62 7.62 6.93 6.93 6.96 6.96 6.96 6.96 7.05 7.05 7.05 7.05 7.11 7.11 7.11 7.11 7.16 6.58 7.16 8.41 8.42 7.77 7.77 6.97 6.97 8.40 8.80 8.40 8.38 8.38 8.38 7.15 8.25 8.25 8.25 7.09 8.01 8.01 8.01 8.01 7.94 7.94 7.94 7.94 7.98 7.98 7.98 7.98 7.56 7.56 7.56 7.56
7.23 7.23 7.23 7.23 7.29 7.29 7.29 7.29 7.30 7.30 7.30 7.30 7.32 7.32 7.32 7.32 7.38 7.38 7.38 7.38 7.36 7.36 7.36 7.36 7.33 7.33 7.33 7.33 7.33 7.33 7.33 7.33 7.62 7.62 6.93 6.93 6.96 6.96 6.96 6.96 7.05 7.05 7.05 7.05 7.11 7.11 7.51 7.11 7.16 7.16 6.97 7.15 7.15 8.57 11.46 8.97 6.99 7.39 8.19 7.79 9.37 8.35 8.38 7.15 8.25 8.25 8.25 7.09 8.01 8.01 8.01 8.01 7.94 7.94 7.94 7.94 7.98 7.98 7.98 7.98 7.56 7.56 7.56 7.56
7.23 7.23 7.23 7.23 7.29 7.29 7.29 7.29 7.30 7.30 7.30 7.30 7.32 7.32 7.32 7.32 7.38 7.38 7.38 7.38 7.36 7.36 7.36 7.36 7.33 7.33 7.33 7.33 7.33 7.33 7.33 7.33 7.62 7.62 6.93 6.93 6.96 6.96 6.96 6.96 7.05 7.05 7.05 7.05 7.11 7.91 5.75 8.46 7.16 8.41 7.15 7.77 6.59 6.99 8.49 4.82 4.42 7.29 7.69 5.22 4.82 4.82 7.79 8.35 9.05 8.65 8.25 8.25 8.96 8.01 8.01 8.01 7.94 7.94 7.94 7.94 7.98 7.98 7.98 7.98 7.56 7.56 6.35 6.35
7.23 7.23 7.23 6.80 6.80 7.29 7.29 7.29 7.30 7.30 7.30 7.30 7.32 7.32 7.32 8.07 8.15 8.15 7.38 7.38 7.36 7.36 7.36 7.36 7.33 7.33 7.33 7.33 7.33 7.33 7.33 7.33 7.62 7.62 7.62 6.93 6.96 6.96 6.96 6.96 7.05 7.05 7.05 7.05 7.11 7.59 6.70 7.08 7.55 8.57 6.99 7.39 9.86 9.06 6.09 0.00 9.46 0.00 0.00 0.00 5.69 6.89 6.89 3.62 8.77 8.37 8.65 8.25 8.96 8.96 8.01 8.01 7.94 7.94 7.94 7.94 7.98 7.98 7.98 7.98 8.52 8.52 6.35 6.35
7.42 7.16 7.16 7.16 6.80 6.80 6.80 8.18 7.41 7.41 7.41 6.80 7.42 7.42 6.62 8.19 8.25 8.25 8.25 7.47 7.43 7.43 7.43 7.43 7.41 7.41 7.41 7.41 7.41 7.41 7.41 7.41 7.71 7.71 7.71 7.01 7.03 7.03 7.03 7.72 7.06 7.06 8.14 6.91 7.18 6.91 8.34 5.31 5.79 10.26 6.09 0.00 0.00 0.00 0.00 0.00 0.00 0.00 0.00 0.00 0.00 0.00 0.00 0.00 6.79 6.79 7.57 8.43 8.99 8.99 8.03 8.03 8.01 8.01 8.01 8.01 8.05 7.99 7.99 7.99 6.51 6.51 9.35 6.91
7.56 7.56 7.16 7.16 7.16 7.16 6.87 7.16 7.16 7.93 6.87 7.16 6.80 6.80 6.87 7.16 7.15 7.15 8.25 7.47 7.43 7.43 7.43 7.43 7.41 7.41 7.41 7.41 7.41 7.41 7.41 7.41 7.71 7.71 7.71 7.71 7.03 7.03 6.56 6.56 9.02 6.11 8.11 7.71 6.91 6.91 6.91 8.58 3.28 0.00 0.00 0.00 0.00 0.00 0.00 0.00 0.00 0.00 0.00 0.00 0.00 0.00 0.00 0.00 0.00 0.00 5.59 6.28 3.00 9.35 8.55 8.03 8.14 8.11 8.01 8.42 8.05 8.11 8.11 8.11 8.55 6.23 6.63 6.63
6.91 6.97 6.97 6.97 7.78 6.91 6.97 7.71 7.37 7.37 7.77 6.45 7.31 6.57 6.97 6.91 6.55 6.55 6.55 7.62 6.94 6.94 6.94 6.55 6.55 7.56 7.56 6.92 6.33 6.92 6.92 6.55 8.22 8.22 8.22 7.78 7.53 8.50 8.90 8.10 11.52 7.82 9.02 7.07 8.24 10.73 9.52 0.00 0.00 0.00 0.00 0.00 0.00 0.00 0.00 0.00 0.00 0.00 0.00 0.00 0.00 0.00 0.00 0.00 0.00 0.00 0.00 0.00 0.00 6.97 6.17 5.77 9.86 9.18 8.12 7.69 7.69 8.17 8.09 7.69 10.23 4.02 9.15 4.82
7.31 6.97 6.85 6.85 6.65 8.18 7.37 6.94 6.85 7.25 4.90 5.70 9.65 7.25 6.85 6.57 6.57 6.55 6.95 6.57 6.97 7.98 8.38 6.57 6.57 6.55 6.17 6.17 10.25 5.99 6.17 6.17 7.96 8.62 8.22 7.25 7.04 7.82 7.44 7.02 10.72 2.67 4.27 5.87 7.55 0.00 0.00 0.00 0.00 0.00 0.00 0.00 0.00 0.00 0.00 0.00 0.00 0.00 0.00 0.00 0.00 0.00 0.00 0.00 0.00 0.00 0.00 0.00 0.00 0.00 0.00 0.00 0.00 12.26 11.86 8.73 8.18 8.98 8.58 3.29 11.23 0.00 6.90 8.10
10.53 8.05 3.30 6.85 7.31 7.37 7.37 6.65 6.05 6.85 10.93 8.17 12.13 11.33 10.93 10.22 9.27 8.87 8.87 6.04 10.47 9.67 9.67 7.37 6.97 8.15 5.99 9.45 5.23 9.67 6.17 6.57 8.58 8.05 9.46 2.46 2.06 1.87 9.52 9.52 9.52 5.55 6.35 5.55 0.00 0.00 0.00 0.00 0.00 0.00 0.00 0.00 0.00 0.00 0.00 0.00 0.00 0.00 0.00 0.00 0.00 0.00 0.00 0.00 0.00 0.00 0.00 0.00 0.00 0.00 0.00 0.00 0.00 0.00 0.00 0.00 4.48 6.57 11.06 4.08 0.00 0.00 0.00 10.83
9.33 7.25 3.70 2.90 7.37 10.13 10.93 9.73 4.97 9.33 9.73 4.97 5.37 6.17 6.57 6.85 6.39 5.99 1.96 5.64 6.04 8.87 8.87 8.87 9.27 10.47 9.67 8.47 9.27 9.67 8.87 9.27 10.93 3.26 3.26 5.73 5.33 5.15 5.15 2.27 2.27 2.27 2.27 0.00 0.00 0.00 0.00 0.00 0.00 0.00 0.00 0.00 0.00 0.00 0.00 0.00 0.00 0.00 0.00 0.00 0.00 0.00 0.00 0.00 0.00 0.00 0.00 0.00 0.00 0.00 0.00 0.00 0.00 0.00 0.00 0.00 0.00 0.00 0.00 0.00 0.00 0.00 0.00 0.00
9.73 9.82 6.85 7.77 10.13 9.73 9.33 4.97 8.93 9.12 8.93 4.97 1.70 0.00 0.00 0.00 0.00 5.23 4.83 0.00 0.00 0.00 0.00 3.28 5.23 5.23 5.23 4.83 5.64 6.04 6.04 5.23 6.13 5.73 5.33 2.46 2.46 1.87 2.27 3.07 2.67 1.87 0.00 0.00 0.00 0.00 0.00 0.00 0.00 0.00 0.00 0.00 0.00 0.00 0.00 0.00 0.00 0.00 0.00 0.00 0.00 0.00 0.00 0.00 0.00 0.00 0.00 0.00 0.00 0.00 0.00 0.00 0.00 0.00 0.00 0.00 0.00 0.00 0.00 0.00 0.00 0.00 0.00 0.00
6.05 5.37 10.13 10.93 9.33 9.33 5.85 1.70 5.85 5.85 5.85 4.97 0.00 0.00 0.00 0.00 0.00 0.00 0.00 0.00 0.00 0.00 0.00 0.00 0.00 0.00 0.00 1.01 1.96 1.96 2.76 3.16 2.86 2.46 2.06 2.46 2.46 2.06 2.27 2.67 2.27 0.00 0.00 0.00 0.00 0.00 0.00 0.00 0.00 0.00 0.00 0.00 0.00 0.00 0.00 0.00 0.00 0.00 0.00 0.00 0.00 0.00 0.00 0.00 0.00 0.00 0.00 0.00 0.00 0.00 0.00 0.00 0.00 0.00 0.00 0.00 0.00 0.00 0.00 0.00 0.00 0.00 0.00 0.00
9.33 4.97 4.97 5.37 5.37 5.85 5.85 5.65 5.85 5.85 5.85 4.97 0.00 0.00 0.00 0.00 0.00 0.00 0.00 0.00 0.00 0.00 0.00 0.00 0.00 0.00 0.00 0.00 0.00 0.00 0.40 2.36 0.00 0.00 0.00 0.00 0.00 0.00 0.00 0.00 0.00 0.00 0.00 0.00 0.00 0.00 0.00 0.00 0.00 0.00 0.00 0.00 0.00 0.00 0.00 0.00 0.00 0.00 0.00 0.00 0.00 0.00 0.00 0.00 0.00 0.00 0.00 0.00 0.00 0.00 0.00 0.00 0.00 0.00 0.00 0.00 0.00 0.00 0.00 0.00 0.00 0.00 0.00 0.00
6.05 9.52 6.05 5.37 6.65 2.90 5.09 3.89 0.00 0.00 0.00 0.00 0.00 0.00 0.00 0.00 0.00 0.00 0.00 0.00 0.00 0.00 0.00 0.00 0.00 0.00 0.00 0.00 0.00 0.00 0.00 0.00 0.00 0.00 0.00 0.00 0.00 0.00 0.00 0.00 0.00 0.00 0.00 0.00 0.00 0.00 0.00 0.00 0.00 0.00 0.00 0.00 0.00 0.00 0.00 0.00 0.00 0.00 0.00 0.00 0.00 0.00 0.00 0.00 0.00 0.00 0.00 0.00 0.00 0.00 0.00 0.00 0.00 0.00 0.00 0.00 0.00 0.00 0.00 0.00 0.00 0.00 0.00 0.00
6.05 9.52 6.05 4.97 9.73 3.30 2.50 1.57 1.17 6.23 1.70 4.44 0.00 0.00 0.00 0.00 0.00 0.00 0.00 0.00 0.00 0.00 0.00 0.00 0.00 0.00 0.00 0.00 0.00 0.00 0.00 0.00 0.00 0.00 0.00 0.00 0.00 0.00 0.00 0.00 0.00 0.00 0.00 0.00 0.00 0.00 0.00 0.00 0.00 0.00 0.00 0.00 0.00 0.00 0.00 0.00 0.00 0.00 0.00 0.00 0.00 0.00 0.00 0.00 0.00 0.00 0.00 0.00 0.00 0.00 0.00 0.00 0.00 0.00 0.00 0.00 0.00 0.00 0.00 0.00 0.00 0.00 0.00 0.00
9.20 6.14 5.65 8.93 5.37 5.77 2.10 1.70 1.17 3.89 5.85 4.84 0.00 0.00 0.00 0.00 0.00 0.00 0.00 0.00 0.00 0.00 0.00 0.00 0.00 0.00 0.00 0.00 0.00 0.00 0.00 0.00 0.00 0.00 0.00 0.00 0.00 0.00 0.00 0.00 0.00 0.00 0.00 0.00 0.00 0.00 0.00 0.00 0.00 0.00 0.00 0.00 0.00 0.00 0.00 0.00 0.00 0.00 0.00 0.00 0.00 0.00 0.00 0.00 0.00 0.00 0.00 0.00 0.00 0.00 0.00 0.00 0.00 0.00 0.00 0.00 0.00 0.00 0.00 0.00 0.00 0.00 0.00 0.00
10.03 6.17 5.37 6.57 3.70 5.77 4.97 5.77 5.77 5.33 5.37 5.37 0.00 0.00 0.00 0.00 0.00 0.00 0.00 0.00 0.00 0.00 0.00 0.00 0.00 0.00 0.00 0.00 0.00 0.00 0.00 0.00 0.00 0.00 0.00 0.00 0.00 0.00 0.00 0.00 0.00 0.00 0.00 0.00 0.00 0.00 0.00 0.00 0.00 0.00 0.00 0.00 0.00 0.00 0.00 0.00 0.00 0.00 0.00 0.00 0.00 0.00 0.00 0.00 0.00 0.00 0.00 0.00 0.00 0.00 0.00 0.00 0.00 0.00 0.00 0.00 0.00 0.00 0.00 0.00 0.00 0.00 0.00 0.00
7.36 6.88 9.33 3.30 6.85 11.50 9.71 10.51 9.73 9.33 6.57 5.77 4.97 4.97 5.37 9.73 5.23 5.23 4.82 8.47 0.00 0.00 0.00 0.00 0.00 0.00 0.00 0.00 0.00 0.00 0.00 0.00 0.00 0.00 0.00 0.00 0.00 0.00 0.00 0.00 0.00 0.00 0.00 0.00 0.00 0.00 0.00 0.00 0.00 0.00 0.00 0.00 0.00 0.00 0.00 0.00 0.00 0.00 0.00 0.00 0.00 0.00 0.00 0.00 0.00 0.00 0.00 0.00 0.00 0.00 0.00 0.00 0.00 0.00 0.00 0.00 0.00 0.00 0.00 0.00 0.00 0.00 0.00 0.00
7.68 6.55 6.15 6.57 10.36 10.48 7.63 7.11 7.07 7.19 10.51 9.53 8.93 4.97 5.77 9.73 8.87 5.23 5.23 5.14 8.47 3.28 0.00 0.00 0.00 0.00 0.00 0.00 0.00 0.00 0.00 0.00 0.00 0.00 0.00 0.00 0.00 0.00 0.00 0.00 0.00 0.00 0.00 0.00 0.00 0.00 0.00 0.00 0.00 0.00 0.00 0.00 0.00 0.00 0.00 0.00 0.00 0.00 0.00 0.00 0.00 0.00 0.00 0.00 0.00 0.00 0.00 0.00 0.00 0.00 0.00 0.00 0.00 0.00 0.00 0.00 0.00 0.00 0.00 0.00 0.00 0.00 0.00 0.00
4.01 6.55 7.91 10.73 6.83 6.43 7.11 7.11 7.07 7.07 6.69 6.69 7.09 6.14 5.65 8.93 6.73 5.00 6.43 6.43 6.55 8.87 3.68 8.47 0.00 0.00 0.00 0.00 0.00 0.00 0.00 0.00 0.00 0.00 0.00 0.00 0.00 0.00 0.00 0.00 0.00 0.00 0.00 0.00 0.00 0.00 0.00 0.00 0.00 0.00 0.00 0.00 0.00 0.00 0.00 0.00 0.00 0.00 0.00 0.00 0.00 0.00 0.00 0.00 0.00 0.00 0.00 0.00 0.00 0.00 0.00 0.00 0.00 0.00 0.00 0.00 0.00 0.00 0.00 0.00 0.00 0.00 0.00 0.00
6.93 5.91 7.51 6.31 6.43 6.43 7.07 7.07 7.09 7.09 7.09 7.09 7.54 5.65 8.93 10.15 5.80 6.73 6.03 6.26 6.03 6.03 6.39 5.99 8.47 4.83 3.28 0.00 0.00 0.00 0.00 0.00 0.00 0.00 0.00 0.00 0.00 0.00 0.00 0.00 0.00 0.00 0.00 0.00 0.00 0.00 0.00 0.00 0.00 0.00 0.00 0.00 0.00 0.00 0.00 0.00 0.00 0.00 0.00 0.00 0.00 0.00 0.00 0.00 0.00 0.00 0.00 0.00 0.00 0.00 0.00 0.00 0.00 0.00 0.00 0.00 0.00 0.00 0.00 0.00 0.00 0.00 0.00 0.00
6.25 7.07 6.31 6.89 7.11 7.07 7.59 7.07 7.09 7.09 7.09 7.09 6.43 5.85 9.71 8.73 5.40 5.04 6.03 6.92 6.86 6.03 6.83 5.99 5.68 8.87 4.83 4.83 0.00 0.00 0.00 0.00 0.00 0.00 0.00 0.00 0.00 0.00 0.00 0.00 0.00 0.00 0.00 0.00 0.00 0.00 0.00 0.00 0.00 0.00 0.00 0.00 0.00 0.00 0.00 0.00 0.00 0.00 0.00 0.00 0.00 0.00 0.00 0.00 0.00 0.00 0.00 0.00 0.00 0.00 0.00 0.00 0.00 0.00 0.00 0.00 0.00 0.00 0.00 0.00 0.00 0.00 0.00 0.00
5.32 6.63 6.76 6.29 6.29 6.29 6.13 7.24 7.20 7.20 7.20 7.39 6.13 5.21 10.59 4.87 4.92 6.39 7.36 7.16 7.10 7.10 6.15 6.95 5.96 5.56 5.96 4.82 4.82 0.00 0.00 0.00 0.00 0.00 0.00 0.00 0.00 0.00 0.00 0.00 1.56 0.00 0.00 0.00 0.00 0.00 0.00 1.37 5.21 5.61 5.21 4.50 0.00 0.00 0.00 0.00 0.00 0.00 0.00 0.00 0.00 0.00 0.00 0.00 0.00 0.00 0.00 0.00 0.00 0.00 0.00 0.00 0.00 0.00 0.00 0.00 0.00 0.00 0.00 0.00 0.00 0.00 0.00 0.00
7.39 7.09 8.21 6.52 6.29 7.28 7.24 7.24 7.20 7.20 7.20 7.39 6.13 6.53 7.18 6.13 6.15 6.15 7.16 7.16 7.10 7.10 7.10 6.15 6.55 9.43 10.07 8.83 4.82 4.82 4.82 4.82 0.00 0.00 0.00 0.00 0.00 0.00 5.24 1.56 1.56 1.56 1.37 1.37 1.37 1.37 4.65 8.26 7.78 5.03 4.90 1.35 1.35 0.00 0.00 0.00 0.00 0.00 0.00 0.00 0.00 0.00 0.00 0.00 0.00 0.00 0.00 0.00 0.00 0.00 0.00 0.00 0.00 0.00 0.00 0.00 0.00 0.00 0.00 0.00 0.00 0.00 0.00 0.00
