New_Model_Runs/11_Future_RCP4.5_Scn1_out/post_prcessed_with_MFR/Monthly_summaries/net_infiltration_monthly_OCT.asc
NCOLS 700
NROWS 400
XLLCENTER 515000.000000
YLLCENTER 8409000.000000
CELLSIZE 50.000000
NODATA_value -999.000000
[rows 114 to 151 of 400, columns 420 to 503 of 700]
3.52 3.83 3.52 3.83 3.55 3.55 3.55 4.77 4.76 4.76 4.76 4.76 5.64 5.02 5.02 5.02 5.15 5.15 5.15 5.15 5.28 5.28 4.67 4.67 4.74 4.74 4.67 3.94 6.05 5.61 9.71 7.08 5.08 4.77 5.38 5.38 5.33 5.33 5.33 5.33 5.24 5.24 5.24 5.24 5.04 5.04 5.04 5.04 5.05 5.05 5.05 5.05 5.21 5.21 5.21 5.99 5.00 5.00 3.96 4.96 5.08 5.08 6.03 5.25 5.22 4.38 4.88 4.38 3.10 3.10 4.99 4.70 4.58 4.58 4.58 4.58 4.46 4.46 4.46 4.46 5.43 5.75 5.75 5.43
3.52 3.52 3.52 3.52 3.55 3.55 3.55 3.55 4.76 4.76 4.76 4.76 5.02 5.02 5.02 5.02 5.15 5.15 5.15 5.15 5.28 6.32 6.68 6.32 6.34 4.67 4.67 6.78 4.07 8.98 8.38 5.05 5.60 5.74 4.74 5.38 5.33 5.33 5.33 5.33 5.24 5.24 5.24 5.24 5.04 5.04 5.04 5.04 5.05 5.05 5.05 5.49 5.21 5.21 5.21 5.21 5.00 5.00 5.45 5.45 4.98 5.08 6.03 5.25 5.22 4.38 4.38 4.38 3.10 3.10 2.15 4.70 4.58 4.58 4.58 4.58 4.46 4.46 4.46 4.46 6.22 5.74 5.43 5.43
3.62 3.62 3.62 3.62 3.64 3.64 3.64 3.64 4.86 4.86 4.86 4.86 5.09 5.09 5.09 5.09 5.14 5.14 5.14 5.14 5.22 6.24 6.24 6.24 6.27 6.27 6.27 5.24 5.34 5.34 5.16 5.23 8.38 5.60 5.16 6.21 6.18 5.35 5.35 5.35 5.28 5.28 6.08 6.08 6.56 5.08 5.08 5.08 5.07 5.07 5.07 5.07 5.63 5.65 5.19 5.97 5.09 5.00 5.00 5.00 5.26 4.98 5.99 5.22 5.18 5.93 5.93 6.16 5.75 3.10 2.15 4.67 4.98 4.56 4.56 4.56 4.43 4.43 4.43 4.43 5.58 5.27 5.27 4.44
3.62 3.62 3.62 3.62 3.64 3.64 3.64 3.64 3.61 4.86 4.86 4.86 5.09 5.09 5.09 5.09 5.14 5.14 5.14 5.14 5.22 6.24 6.24 5.22 5.24 5.24 5.24 4.37 5.34 4.52 5.16 5.86 9.67 5.60 5.16 5.08 5.08 6.18 6.18 6.18 6.08 6.08 6.08 6.08 5.83 5.08 5.52 5.08 5.07 5.51 5.07 5.07 5.19 5.19 5.19 5.97 6.09 6.09 5.29 5.29 5.99 5.99 5.84 5.22 5.18 5.18 5.18 5.93 5.82 5.82 4.67 4.67 4.56 4.56 4.56 4.56 4.43 4.84 4.43 4.43 5.27 4.44 4.44 4.44
3.62 3.62 3.62 3.62 3.64 3.64 3.64 3.64 3.61 4.86 4.86 4.86 5.09 5.09 5.09 5.09 5.76 5.77 5.14 5.14 5.22 5.22 5.22 5.22 5.24 5.24 5.24 5.24 4.52 4.77 5.08 5.52 8.55 4.31 5.16 6.21 6.18 6.43 6.18 6.42 6.08 6.08 6.08 6.08 5.83 5.08 5.08 5.08 5.07 5.51 5.07 5.07 5.19 5.19 5.65 5.65 5.29 5.29 5.29 5.29 5.70 5.99 6.12 5.67 5.18 5.18 5.18 5.62 6.55 6.05 4.67 4.67 4.56 4.56 4.56 4.56 4.43 4.84 4.43 4.43 4.44 4.84 4.44 4.44
3.62 3.62 3.62 3.62 3.64 3.64 3.64 3.64 3.61 4.86 4.86 4.86 5.09 5.09 5.09 5.09 5.14 5.14 5.14 5.14 5.22 5.22 5.22 5.22 5.24 5.88 5.24 5.24 5.34 5.77 5.37 6.20 9.84 7.50 6.21 6.21 6.18 6.18 6.18 6.18 5.28 5.28 5.28 5.28 5.08 5.69 5.52 5.08 5.07 5.07 5.07 5.07 5.19 5.19 5.19 5.19 5.29 5.29 5.29 5.29 5.22 5.99 5.99 5.22 5.80 5.62 5.18 5.18 5.09 5.82 4.67 4.67 4.56 4.56 4.56 4.56 4.43 4.43 4.43 4.43 4.44 4.44 4.44 4.78
3.75 3.75 3.75 3.75 3.75 3.75 3.75 3.75 3.72 3.72 5.00 5.00 5.19 5.19 5.19 5.19 5.13 5.13 5.13 5.13 5.11 5.11 5.11 5.11 5.18 5.18 5.18 5.18 5.33 5.36 5.36 5.08 7.94 4.31 6.14 6.21 6.15 5.33 5.33 5.33 5.26 5.26 5.26 5.26 5.11 5.72 5.55 5.11 5.10 5.10 5.10 5.55 5.14 5.14 5.14 5.98 5.19 5.19 5.19 5.19 5.14 5.14 5.14 5.14 5.07 5.07 5.07 5.07 5.00 5.42 4.58 4.58 4.53 4.53 4.53 4.53 4.39 4.39 4.39 4.76 4.34 4.71 4.34 4.71
3.75 3.75 4.91 3.75 3.75 3.75 3.75 3.75 3.72 3.72 5.00 5.00 5.19 5.19 5.19 5.19 5.13 5.13 5.13 5.13 5.11 5.11 5.75 5.11 5.18 5.18 6.19 6.19 6.37 6.19 6.19 5.08 7.94 5.52 5.96 6.21 6.96 5.33 5.33 5.33 5.26 5.26 5.26 5.26 5.55 5.55 5.11 5.11 5.10 5.10 5.55 5.10 5.14 5.14 5.14 5.14 5.19 5.65 5.19 5.19 5.14 5.14 5.58 5.99 6.01 5.51 5.07 5.07 5.00 5.00 4.58 4.58 4.94 4.53 4.94 4.53 4.39 4.39 4.39 4.39 4.34 4.34 4.34 4.34
3.75 3.75 4.91 4.91 3.75 3.75 3.75 4.10 3.72 3.72 3.72 5.00 5.19 5.19 5.19 5.19 5.13 5.13 5.13 5.13 5.11 5.11 5.11 5.11 5.18 6.19 6.19 6.19 6.37 6.19 6.33 5.45 8.78 5.16 5.16 6.21 6.15 5.33 5.33 5.33 5.26 5.72 5.26 5.26 5.11 5.11 5.11 5.11 5.10 5.55 5.10 5.10 5.14 5.14 5.14 5.14 5.19 5.19 5.19 5.19 5.14 5.14 5.14 5.14 5.51 5.07 5.07 5.07 5.00 5.42 5.21 4.58 4.53 4.53 4.53 4.53 4.39 4.39 4.39 4.39 4.34 4.34 4.34 4.34
3.75 4.91 4.91 4.91 4.90 4.90 4.90 4.73 3.59 3.72 3.72 5.00 5.19 5.19 5.19 5.19 5.13 5.13 5.13 5.13 5.11 5.11 5.11 5.11 5.18 5.18 5.18 5.18 5.33 5.36 5.36 3.87 8.78 5.08 5.16 5.08 6.15 5.33 5.33 5.33 5.26 5.26 5.26 5.26 5.11 5.11 5.11 5.11 5.10 5.10 5.55 5.10 5.14 5.14 5.14 5.97 5.19 5.19 5.19 5.19 5.14 5.14 5.14 5.55 5.07 5.07 5.07 5.07 5.00 6.41 4.58 4.99 4.53 4.53 4.53 4.53 4.39 4.39 4.39 4.39 4.34 4.34 4.34 4.34
3.78 4.95 4.26 4.95 4.96 4.96 4.96 4.68 2.74 3.59 3.59 3.79 5.28 6.32 6.32 5.28 5.22 5.22 5.22 6.24 5.11 5.11 3.79 5.11 5.11 5.11 5.11 5.11 5.27 5.31 5.31 4.74 7.20 5.08 6.52 5.08 6.13 6.13 5.31 5.31 5.27 5.27 5.27 5.27 5.16 5.16 5.16 5.16 5.11 5.11 5.11 5.11 5.09 5.09 5.09 5.54 5.12 5.12 5.12 5.12 5.02 5.45 5.02 5.02 4.96 4.96 4.96 4.96 4.92 4.92 4.51 4.51 4.50 4.50 4.50 4.50 4.40 4.40 4.40 4.40 4.41 4.41 4.41 4.41
3.81 4.26 4.95 4.26 4.96 4.23 4.68 5.73 3.62 3.62 3.62 4.68 4.74 6.32 6.32 6.32 4.67 6.24 6.24 4.67 5.92 5.11 5.11 5.11 5.11 5.11 5.11 5.11 5.27 5.31 5.31 5.31 4.74 7.20 5.08 5.08 6.13 6.13 5.31 5.31 5.27 5.27 5.27 5.27 5.16 5.61 5.16 5.16 5.11 5.11 5.11 5.11 5.09 5.09 5.09 5.09 5.12 5.12 5.12 6.27 5.02 5.45 5.02 5.02 4.96 4.96 4.96 4.96 4.92 6.33 4.51 4.51 4.50 4.50 4.50 4.50 4.40 4.40 4.40 4.40 4.41 4.41 4.41 4.41
4.26 4.26 4.23 4.68 3.18 2.74 4.96 4.96 3.62 4.51 7.25 7.69 8.81 8.30 7.12 7.12 7.12 7.57 3.50 4.67 6.10 6.10 5.11 5.11 5.11 5.11 5.11 5.11 5.27 5.31 5.31 5.31 5.81 7.82 4.77 5.08 5.16 6.13 6.13 5.31 5.27 5.27 5.27 5.72 5.16 5.16 5.16 5.16 5.11 5.11 5.11 5.11 5.09 5.09 5.09 5.09 5.12 5.12 5.12 5.56 5.48 5.45 5.02 5.02 4.96 4.96 4.96 4.96 4.92 4.92 4.51 4.51 4.50 4.50 4.50 4.50 4.40 4.40 4.40 4.40 4.41 4.41 4.41 4.41
4.26 4.68 5.08 5.12 5.40 5.40 5.56 2.74 1.26 3.62 5.34 8.75 3.73 4.67 4.67 6.32 6.68 3.94 6.24 4.67 5.05 4.74 7.16 5.11 5.11 5.11 5.11 5.11 5.27 5.62 5.31 5.31 5.34 5.34 5.34 5.38 5.08 6.37 6.13 6.13 5.27 5.27 5.27 5.27 5.16 5.16 5.16 5.16 5.11 5.11 5.11 5.11 5.53 5.53 5.09 5.09 5.12 5.12 5.12 5.12 5.02 5.44 5.02 5.02 4.96 4.96 4.96 4.96 4.92 4.92 4.51 4.51 4.50 4.50 4.50 4.50 4.40 4.40 4.40 4.40 4.41 4.41 4.41 4.41
5.39 4.07 4.07 3.62 4.95 3.48 5.84 4.51 1.26 4.26 3.62 7.25 4.83 4.67 4.74 4.74 6.28 6.28 4.93 4.67 4.67 5.94 5.49 5.14 5.06 5.06 3.75 5.06 5.18 5.21 5.21 5.21 5.31 5.31 6.12 5.38 5.08 5.08 6.40 6.15 6.91 5.78 5.31 5.64 5.96 5.96 5.96 5.18 5.12 5.12 5.12 5.12 5.06 5.50 5.06 5.06 5.03 5.03 5.03 5.03 4.96 4.96 4.96 4.96 4.99 4.99 4.99 4.99 4.98 4.98 4.57 4.57 4.56 4.56 4.56 4.56 4.46 4.46 4.46 4.46 4.48 4.48 4.48 4.48
5.40 7.11 5.78 6.22 8.14 7.11 8.14 7.25 7.25 6.81 7.25 6.81 3.29 4.42 4.74 6.70 6.28 4.74 4.67 4.74 4.94 5.94 5.14 5.14 5.06 3.75 3.75 3.75 5.21 5.21 5.21 5.21 5.31 5.31 6.12 5.16 5.08 5.08 6.15 6.15 7.49 6.12 6.12 6.12 5.96 5.96 6.40 6.71 5.88 5.57 5.12 5.12 5.06 5.06 5.06 5.06 5.03 5.03 5.03 5.03 4.96 5.37 4.96 4.96 4.99 4.99 4.99 4.99 4.98 4.98 4.57 4.57 4.56 4.56 4.56 4.56 4.46 4.46 4.46 4.46 4.48 4.48 4.48 4.48
10.26 3.58 5.30 3.14 4.91 4.03 5.30 5.88 3.97 6.27 3.53 3.53 3.19 4.27 4.45 7.08 7.15 7.70 4.41 6.08 6.09 4.98 4.98 5.60 3.49 3.49 3.49 3.49 4.51 5.39 5.86 5.39 5.48 5.48 6.31 7.14 6.34 6.34 5.99 5.50 7.14 6.31 6.31 6.31 6.30 5.49 5.96 7.10 6.22 5.43 6.27 5.43 5.36 5.36 5.36 5.36 5.34 5.34 5.79 5.34 4.92 4.92 4.92 4.92 4.95 4.95 4.95 4.95 4.94 4.94 4.54 4.54 4.53 4.53 4.53 4.53 4.48 4.48 4.89 4.48 4.50 4.50 4.50 4.50
7.65 6.18 5.74 4.41 6.18 5.74 1.81 1.62 4.59 4.41 4.95 5.26 4.30 4.30 4.41 4.41 6.08 5.08 5.71 5.08 4.98 4.98 4.98 4.98 4.04 3.49 3.49 3.49 4.51 5.39 5.39 5.39 5.48 5.48 5.48 6.31 6.34 5.50 5.50 5.50 6.31 6.31 6.31 6.31 5.49 5.49 5.49 5.49 5.43 5.43 5.43 5.43 5.36 5.36 5.36 5.36 5.34 5.34 5.34 5.34 4.92 4.92 4.92 4.92 4.95 4.95 4.95 4.95 5.33 4.94 4.54 4.54 4.53 4.53 4.53 4.53 4.48 4.48 4.48 4.48 4.50 4.50 4.50 4.50
7.21 6.63 5.35 3.95 3.97 1.81 3.97 3.53 4.90 3.97 4.54 5.25 4.83 4.83 4.30 4.41 5.67 5.04 5.04 5.04 4.92 4.92 4.92 5.33 3.49 3.49 3.49 3.49 4.51 5.32 5.32 5.32 5.42 5.42 6.24 6.24 5.42 5.42 5.42 5.42 6.25 5.43 5.43 5.43 5.45 5.45 5.45 5.45 5.40 5.40 5.40 5.40 6.19 5.34 5.34 5.34 5.33 5.33 5.33 5.33 4.97 4.97 4.97 4.97 5.01 5.01 5.01 5.01 3.11 5.00 4.59 4.59 4.59 4.59 4.59 4.59 4.52 4.52 4.52 4.52 4.86 4.54 4.54 4.54
0.44 6.33 3.58 3.51 5.38 3.53 3.08 3.97 2.25 5.42 4.54 5.24 4.30 4.77 4.83 5.73 5.04 5.04 5.04 5.04 4.92 5.54 4.92 4.92 4.24 4.04 3.49 3.49 4.51 5.32 5.32 5.32 5.42 6.24 6.24 5.42 5.42 5.42 5.42 5.42 5.43 5.91 5.43 5.43 5.45 5.45 5.45 5.45 5.40 5.40 5.40 5.40 5.34 5.34 5.34 5.34 5.33 5.33 5.33 5.33 4.97 4.97 4.97 4.97 5.01 5.01 5.01 5.01 5.00 5.00 4.59 4.59 4.59 4.59 4.59 4.59 4.52 4.52 4.52 4.52 4.54 4.54 4.54 4.54
0.00 0.00 5.40 5.74 2.70 2.25 4.86 5.30 3.97 5.69 4.11 4.11 3.89 4.83 3.46 3.46 5.04 5.04 5.04 5.04 4.92 4.92 4.92 4.92 3.49 3.49 3.49 3.49 4.51 4.51 5.32 5.32 6.25 5.42 5.42 5.42 5.42 5.42 5.42 5.42 5.43 5.43 5.43 5.43 5.45 5.45 5.92 5.45 5.40 5.40 5.86 5.40 5.34 5.34 5.34 5.34 5.33 5.33 5.33 5.33 4.97 4.97 4.97 4.97 5.01 5.01 5.01 5.01 5.00 5.00 4.59 4.59 4.59 4.59 4.59 4.59 4.52 4.52 4.52 4.52 4.54 4.54 4.54 4.54
0.00 0.00 0.00 6.91 3.58 6.18 7.65 4.41 6.59 4.11 4.11 4.11 3.46 3.46 3.46 3.46 5.04 5.04 5.04 5.04 4.92 4.92 3.49 3.49 4.04 3.49 3.49 3.49 4.51 4.51 5.32 5.32 5.08 5.42 5.42 4.51 4.51 4.51 5.42 5.42 5.43 5.43 5.91 5.43 5.45 5.91 5.45 5.45 5.40 6.39 5.86 5.40 5.34 5.34 5.34 5.34 5.33 5.33 5.33 5.33 4.97 4.97 4.97 4.97 5.01 5.01 5.01 5.01 5.00 5.00 4.59 4.59 4.59 4.59 4.59 4.59 4.52 4.52 4.52 4.52 4.54 4.54 4.54 4.54
0.00 0.00 0.00 0.00 3.58 6.77 9.81 4.59 4.07 4.07 4.07 4.07 3.74 3.74 3.74 3.74 4.94 4.94 4.94 4.94 4.83 3.49 3.49 3.49 4.04 3.49 3.49 3.49 4.51 4.51 4.51 4.51 4.51 4.51 4.51 4.51 4.51 5.38 5.90 5.38 5.41 5.41 5.41 5.41 5.42 5.42 5.42 5.42 5.39 5.39 5.39 5.39 5.35 5.35 5.35 5.35 5.35 5.35 5.35 5.35 4.97 4.97 4.97 4.97 5.00 5.00 5.00 5.00 5.02 5.02 4.60 4.60 4.64 4.64 4.64 4.64 4.54 4.54 4.54 4.54 4.53 4.53 4.53 4.53
0.00 0.00 0.00 0.00 5.88 5.88 4.15 4.53 4.38 4.07 4.07 4.38 3.69 3.74 3.74 3.74 3.67 4.94 4.94 5.34 4.83 4.83 3.49 3.49 3.49 3.49 3.49 3.49 4.51 4.51 5.58 5.08 4.51 4.51 4.51 4.51 4.51 4.51 4.51 5.38 5.41 5.41 5.41 5.41 5.42 5.42 5.42 5.42 5.39 5.39 5.39 5.39 5.35 5.35 5.35 5.35 5.35 5.35 5.35 5.35 4.97 4.97 4.97 4.97 5.00 5.00 5.00 5.00 5.02 5.02 4.60 4.60 4.64 5.06 4.64 4.64 4.54 4.54 4.54 4.54 4.53 4.53 4.85 4.53
0.00 0.00 0.00 0.00 4.07 3.97 4.05 4.09 4.38 4.07 4.07 4.07 3.74 3.69 3.74 3.74 3.67 4.94 4.94 3.49 3.49 3.49 3.49 3.49 3.49 3.49 3.49 3.49 4.51 4.51 4.51 4.51 4.51 4.51 4.51 4.51 4.51 4.51 4.51 5.38 5.41 5.41 5.41 5.41 5.42 5.42 5.42 5.42 5.85 5.39 5.85 6.24 5.35 5.35 5.35 5.81 5.35 5.35 5.35 5.35 4.97 4.97 4.97 4.97 5.00 5.00 5.00 5.00 5.02 5.02 4.60 4.60 5.05 5.27 4.64 4.64 4.54 4.54 4.54 4.54 4.85 4.53 4.53 3.75
0.00 0.00 0.00 0.00 0.00 4.59 4.09 4.09 4.07 4.07 4.07 4.07 3.74 3.74 3.74 3.74 3.07 3.07 3.49 3.49 3.49 3.49 3.49 3.49 3.49 3.49 3.49 3.49 4.51 4.51 4.62 4.51 4.51 4.51 4.51 4.51 5.38 5.38 5.38 5.38 5.88 5.41 5.41 5.41 5.88 5.42 5.42 5.42 5.39 5.39 5.39 5.39 6.47 6.20 6.20 5.35 5.35 5.35 5.35 5.35 5.44 4.97 4.97 4.97 5.00 5.42 5.00 5.00 5.02 5.02 4.60 4.60 4.64 4.64 5.06 4.64 4.54 4.54 4.54 4.54 4.53 4.85 5.06 4.95
0.00 0.00 0.00 0.00 0.00 5.38 4.06 4.06 4.03 4.03 4.03 4.03 3.68 3.68 3.68 3.68 3.57 3.57 4.80 3.49 3.49 3.49 3.49 3.49 3.49 3.49 3.49 3.79 4.51 6.57 6.30 4.51 4.51 4.51 4.51 5.37 5.40 5.40 6.26 5.88 5.38 5.38 5.38 5.38 5.41 5.41 5.41 5.41 5.85 5.39 5.39 5.39 5.36 5.36 5.36 5.36 5.38 5.38 5.38 5.38 4.95 4.95 4.95 4.95 5.37 4.95 4.95 4.95 5.01 5.01 4.59 4.59 4.68 4.68 4.68 5.09 4.51 4.51 4.51 4.51 4.52 4.52 4.52 4.52
0.00 0.00 0.00 0.00 6.24 4.94 4.06 4.37 4.03 4.04 4.03 4.03 3.68 3.68 3.68 3.68 3.57 3.57 4.80 4.80 4.77 3.49 3.49 4.77 4.85 3.49 3.49 3.79 4.51 4.51 4.51 4.51 4.51 4.51 5.37 5.37 5.40 5.40 5.40 5.40 5.38 5.38 5.86 5.38 5.41 5.41 5.41 5.41 5.39 5.39 5.39 5.39 5.36 5.36 5.36 5.36 5.38 5.38 5.38 5.38 4.95 4.95 4.95 4.95 4.95 4.95 4.95 4.95 5.42 5.01 4.59 4.59 4.68 4.68 4.68 4.68 4.51 4.51 4.51 4.51 2.24 4.52 4.52 4.52
0.00 0.00 0.00 2.25 6.77 5.38 4.06 4.06 4.04 4.50 5.14 5.14 4.82 4.82 4.82 3.68 3.57 3.57 3.57 4.80 4.77 4.77 4.77 4.77 4.85 4.85 3.49 3.79 4.51 4.51 4.51 4.51 4.51 4.51 4.51 5.37 5.40 5.40 5.40 5.40 5.38 5.38 5.38 5.38 5.41 5.41 5.87 5.41 5.39 5.39 5.39 5.39 5.36 5.36 5.36 5.36 5.38 5.38 5.38 5.38 4.95 4.95 4.95 4.95 4.95 4.95 4.95 4.95 5.42 5.01 4.59 4.59 4.68 4.68 4.68 5.56 4.51 4.51 4.51 4.51 4.52 4.52 4.52 4.52
0.00 0.00 0.00 4.96 6.50 4.37 4.06 4.04 4.50 4.50 4.50 5.23 4.82 4.82 4.82 4.82 3.57 3.57 3.57 4.80 4.77 4.77 4.77 4.77 4.85 4.85 4.85 3.79 4.51 4.51 4.51 4.51 4.51 4.51 4.51 4.51 5.40 5.40 5.40 5.40 5.38 5.38 5.38 5.38 5.41 5.41 5.41 5.41 5.85 5.39 5.39 5.39 5.36 5.81 5.36 5.36 5.38 5.38 5.38 5.38 4.95 4.95 4.95 4.95 4.95 4.95 4.95 4.95 5.01 5.01 4.59 4.59 4.68 4.68 4.68 4.28 4.18 4.51 4.51 4.51 4.52 4.52 3.76 4.52
0.00 0.00 0.00 6.47 5.74 3.97 5.24 5.39 4.95 4.50 5.13 5.13 4.77 4.77 4.77 3.64 3.54 3.54 3.54 3.54 4.85 4.85 4.85 4.85 4.96 4.96 4.96 5.00 5.46 5.46 4.51 4.51 4.51 4.51 4.51 4.51 5.43 5.43 5.43 5.43 5.35 5.35 5.35 5.35 5.39 5.39 5.39 5.39 5.38 5.38 5.38 5.38 5.38 5.38 5.38 5.38 5.44 5.44 5.44 5.44 4.99 4.99 4.99 4.99 4.95 4.95 4.95 4.95 4.99 4.99 4.58 4.58 4.66 4.66 3.82 3.38 8.18 4.26 4.56 3.67 5.17 3.76 4.20 3.75
0.00 0.00 5.44 3.58 3.14 4.03 5.74 4.41 4.95 4.50 5.85 5.13 4.77 5.47 3.93 3.64 3.54 3.54 3.54 3.54 4.85 4.85 4.85 4.85 4.96 4.96 4.96 5.00 5.46 5.46 5.46 4.51 5.46 4.51 5.46 4.51 5.43 5.43 5.43 5.43 5.35 5.35 5.35 5.35 5.39 5.39 5.39 5.39 5.38 5.38 5.38 5.38 5.38 5.38 5.38 5.38 5.44 5.44 5.44 5.44 4.99 4.99 4.99 4.99 4.95 4.95 4.95 4.95 4.99 4.99 4.58 4.58 4.66 4.99 4.66 5.99 4.63 8.63 8.63 7.74 3.67 3.67 3.82 4.96
0.00 0.00 9.87 5.37 4.93 7.57 5.80 3.14 5.06 5.06 5.06 3.99 4.61 4.61 3.54 3.54 3.46 3.46 3.46 3.46 4.70 4.70 4.70 4.70 4.80 4.80 4.80 4.82 5.03 5.03 5.03 5.03 5.03 5.03 5.03 4.06 5.00 5.00 5.00 5.00 4.93 4.93 4.93 4.93 4.66 4.66 4.66 4.66 4.65 4.65 4.65 4.65 4.65 4.65 4.65 4.65 4.71 4.71 4.71 4.71 4.64 4.64 4.64 4.64 4.60 4.60 4.60 4.60 4.64 4.64 4.30 4.30 4.38 4.38 4.38 4.38 4.59 4.59 6.63 5.07 5.64 4.19 4.63 5.64
0.00 0.00 7.67 7.57 4.48 5.35 6.05 5.09 4.49 5.06 3.99 3.99 3.54 3.54 3.54 3.54 3.46 3.46 3.46 3.46 3.52 4.70 4.70 4.70 4.80 4.80 4.80 4.82 5.03 5.03 5.03 5.03 5.03 5.03 5.03 4.06 5.00 5.00 5.00 5.00 4.93 4.93 4.93 4.93 4.66 4.66 4.66 4.66 4.65 4.65 4.65 4.65 4.65 4.65 4.65 4.65 4.71 4.71 5.37 4.71 4.64 4.64 4.64 4.64 4.60 4.60 4.60 4.60 4.64 4.64 4.30 4.66 4.73 4.73 4.38 4.38 4.59 4.59 5.75 6.37 5.52 8.26 8.26 0.00
0.00 0.00 6.78 4.93 5.35 6.05 4.00 4.00 5.01 3.95 4.25 3.95 3.50 3.50 3.50 3.50 3.48 3.48 3.48 3.48 3.85 4.79 4.79 4.79 4.88 4.88 4.88 4.90 5.09 5.38 5.09 5.09 5.07 5.07 5.07 5.07 4.99 4.99 5.41 4.99 4.90 4.90 4.90 4.90 4.64 4.64 4.64 4.64 4.65 4.65 4.65 4.65 4.71 4.71 4.71 4.71 4.80 4.80 5.48 5.48 5.39 5.39 5.39 4.75 4.68 4.68 4.68 4.68 4.62 4.62 4.27 4.27 4.29 4.29 4.29 4.29 4.54 4.54 5.69 4.63 5.52 5.07 7.78 0.00
0.00 0.00 4.07 5.80 5.80 6.85 4.00 4.00 3.95 3.95 3.95 3.95 3.50 3.50 3.50 3.50 3.48 3.48 3.48 3.48 3.58 3.58 4.79 4.79 4.88 4.88 4.88 4.90 5.09 5.38 5.09 5.09 5.07 5.07 5.07 5.07 4.99 4.99 5.41 4.99 4.90 4.90 4.90 4.90 4.64 4.64 4.64 4.64 4.65 4.65 4.65 4.65 4.71 4.71 4.71 4.71 5.48 5.48 5.48 5.48 5.39 5.39 5.39 4.75 4.68 4.68 4.68 4.68 4.62 4.62 4.27 4.27 4.29 4.29 4.29 4.29 4.54 4.54 4.37 5.07 3.78 3.34 4.07 0.00
0.00 0.00 0.00 8.98 5.37 3.60 5.31 3.98 3.95 3.95 3.95 3.95 3.50 3.50 3.50 3.90 3.71 3.48 3.48 3.48 3.58 3.58 4.79 4.79 5.48 4.88 4.88 4.90 5.09 5.09 5.09 5.09 5.07 5.07 5.07 5.50 5.41 4.99 4.99 4.99 4.90 4.90 4.90 4.90 4.64 4.64 4.64 4.64 4.65 4.65 4.65 4.65 4.71 4.71 4.71 5.11 4.80 4.80 5.48 5.48 5.39 5.39 5.39 5.39 4.68 4.68 4.68 4.68 4.62 4.62 4.27 4.27 4.29 4.29 4.29 4.29 4.54 4.54 4.60 5.52 6.44 7.97 0.00 0.00
0.00 0.00 0.00 4.51 4.69 5.51 4.91 5.02 5.01 3.95 3.95 3.95 3.50 3.50 3.50 3.50 3.48 3.48 3.48 3.48 3.58 3.58 4.79 4.79 4.88 4.88 4.90 4.90 5.09 5.09 5.09 5.09 5.07 5.07 5.50 5.07 4.99 4.99 4.99 4.99 4.90 4.90 4.90 4.90 4.64 4.64 4.64 4.64 4.65 4.65 4.65 4.65 4.71 4.71 4.71 4.71 4.80 4.80 5.48 5.48 5.15 5.15 5.84 5.84 4.41 4.68 4.68 4.68 4.62 4.62 4.27 4.27 4.29 4.29 4.29 4.29 4.54 4.54 4.54 6.28 4.22 9.55 0.00 0.00
