New_Model_Runs/11_Future_RCP4.5_Scn1_out/post_prcessed_with_MFR/Monthly_summaries/net_infiltration_monthly_SEP.asc
NCOLS 700
NROWS 400
XLLCENTER 515000.000000
YLLCENTER 8409000.000000
CELLSIZE 50.000000
NODATA_value -999.000000
[rows 228 to 265 of 400, columns 84 to 167 of 700]
6.67 7.09 6.67 6.67 6.68 6.68 6.68 6.68 7.10 6.68 6.68 6.68 7.05 7.05 7.05 7.05 6.97 6.97 6.97 6.97 6.95 6.95 6.95 6.95 7.01 7.01 7.01 7.01 7.16 7.27 7.09 7.09 7.12 7.12 7.12 7.12 7.17 7.17 7.17 7.17 7.19 7.19 7.19 7.19 7.21 7.21 7.21 7.21 7.17 7.17 7.17 7.17 7.15 7.83 7.15 7.15 7.19 7.19 7.19 7.19 7.61 7.61 9.36 9.15 9.08 9.08 9.08 9.65 9.15 9.15 9.15 9.15 8.71 7.60 7.60 7.60 8.03 8.03 8.03 9.65 8.78 9.63 9.63 8.89
6.67 6.67 6.67 6.67 6.68 6.68 6.68 6.68 6.68 6.68 7.10 6.68 7.05 7.05 7.05 7.05 6.97 6.97 6.97 6.97 6.95 6.95 6.95 7.44 7.01 7.01 7.01 7.01 7.16 7.09 7.09 7.09 7.12 7.12 7.12 7.12 7.76 7.17 7.17 7.17 7.19 7.19 7.19 7.19 7.21 7.21 7.21 7.21 7.17 7.17 7.17 7.17 7.15 7.15 7.15 7.15 7.19 7.19 7.19 7.19 7.61 7.61 9.36 9.36 9.08 8.71 7.60 9.08 9.06 9.15 9.15 9.15 8.71 7.60 7.60 7.60 8.03 8.03 8.03 8.03 8.02 9.58 9.63 9.63
6.67 6.67 6.67 6.67 6.68 6.68 6.68 6.68 6.68 6.68 6.68 6.68 7.05 7.11 7.05 7.11 6.97 7.46 6.97 6.97 6.95 7.43 6.95 6.95 7.01 7.01 7.01 7.01 7.57 7.09 7.09 7.09 7.12 7.12 7.12 7.12 7.17 7.17 7.17 7.17 7.19 7.39 7.39 7.19 7.21 7.21 7.21 7.21 7.80 7.17 7.17 7.17 7.15 7.15 7.15 7.15 7.19 7.19 7.19 7.19 7.61 7.61 7.61 7.61 7.93 8.71 9.36 9.36 7.57 7.57 9.15 9.15 8.71 7.60 7.60 7.60 8.03 8.03 8.03 8.03 8.02 8.02 8.02 8.02
6.67 6.67 6.67 6.67 6.68 6.68 6.68 6.68 6.68 6.68 6.68 6.68 7.05 7.05 7.05 7.05 6.97 6.97 6.97 7.45 7.43 6.95 6.95 6.95 7.01 7.01 7.01 7.01 7.09 7.09 7.09 7.09 7.12 7.12 7.12 7.12 7.17 7.17 7.17 7.17 7.19 7.19 7.38 7.19 7.21 7.21 7.21 7.21 7.17 7.80 7.17 7.17 7.15 7.15 7.15 7.15 7.19 7.19 7.19 7.19 7.61 7.61 7.61 7.61 7.60 7.60 9.08 7.60 7.57 7.57 9.15 8.71 8.71 8.71 7.60 7.60 8.03 8.03 8.03 8.03 8.02 8.02 8.02 8.02
6.59 6.59 7.01 7.01 6.59 6.59 6.59 6.59 6.58 6.58 6.58 6.58 6.94 6.94 6.94 7.41 6.89 6.89 6.89 6.89 6.94 6.94 6.94 6.94 7.01 7.01 7.01 7.01 7.09 7.09 7.09 7.09 7.15 7.15 7.15 7.15 7.15 7.15 7.15 7.15 7.12 7.12 7.12 7.12 7.16 7.16 7.16 7.16 7.16 7.16 7.16 7.16 7.21 7.21 7.21 7.21 7.21 7.21 7.21 7.21 7.67 7.67 7.67 7.67 7.62 7.62 7.62 7.62 7.60 7.60 8.71 7.60 7.65 7.65 7.65 7.65 8.09 8.09 8.89 8.09 8.09 8.09 8.09 8.09
6.59 6.59 6.59 6.59 6.59 6.59 6.59 6.59 6.58 7.35 6.58 6.58 6.94 6.94 6.94 6.94 6.89 6.89 6.89 6.89 6.94 6.94 6.94 6.94 7.01 7.01 7.01 7.01 7.09 7.09 7.09 7.09 7.15 7.15 7.15 7.15 7.15 7.15 7.15 7.74 7.12 7.12 7.12 7.12 7.16 7.16 7.16 7.16 7.16 7.16 7.16 7.16 7.21 7.21 7.21 7.21 7.21 7.21 7.21 7.21 7.67 7.67 9.06 7.67 7.62 7.62 7.62 7.62 8.36 7.60 7.60 7.60 7.65 7.65 7.65 7.65 8.09 8.09 8.09 8.09 8.09 8.09 8.09 8.09
7.01 6.59 6.59 6.59 6.59 6.59 6.59 6.59 6.58 6.58 6.58 6.58 6.94 6.94 6.94 6.94 6.89 6.89 6.89 6.89 6.94 6.94 6.94 6.94 7.01 7.01 7.01 7.01 7.09 7.09 7.09 7.09 7.15 7.15 7.15 7.15 8.07 7.36 7.95 7.15 7.12 7.32 7.12 7.12 7.16 7.16 7.16 7.16 7.16 7.16 7.16 7.16 7.21 7.21 7.21 7.21 7.21 7.21 7.21 7.21 7.67 7.67 7.67 9.05 7.62 7.62 7.62 7.62 7.60 7.60 7.60 7.60 7.65 7.65 7.65 7.65 8.09 8.09 8.09 8.09 8.09 8.09 8.09 8.09
7.00 6.60 6.60 6.60 6.59 6.59 6.99 6.59 6.58 6.58 6.58 6.58 6.94 6.94 6.94 6.94 6.89 6.89 6.89 6.89 6.94 6.94 6.94 6.94 7.01 7.01 7.01 7.01 7.09 7.09 7.09 7.09 7.15 7.15 7.15 7.75 7.15 7.15 7.15 7.15 7.12 7.12 7.12 7.12 7.16 7.16 7.16 7.16 7.16 7.16 7.16 7.16 7.21 7.21 7.21 7.21 7.21 7.21 7.21 7.21 7.67 7.67 7.67 7.67 7.62 7.62 7.62 7.62 7.60 7.60 7.60 7.60 7.65 7.65 7.65 7.65 8.09 8.09 8.09 8.09 8.09 8.09 8.09 8.09
6.50 6.50 6.50 6.91 6.51 6.51 6.51 6.51 6.49 6.49 6.49 6.49 6.89 6.89 6.89 6.89 6.97 6.97 6.97 6.97 7.07 7.07 7.07 7.07 7.11 7.11 7.11 7.11 7.18 7.18 7.18 7.18 7.19 7.19 7.19 7.38 7.13 7.13 7.13 7.13 7.12 7.12 7.12 7.12 7.21 7.21 7.21 7.21 7.20 7.20 7.20 7.20 7.25 7.25 7.25 7.25 7.29 7.29 7.29 7.29 7.72 7.72 7.72 8.49 7.64 8.41 7.64 7.64 7.61 7.61 7.61 7.61 7.68 7.68 7.68 7.68 8.11 8.11 8.11 8.11 8.13 8.13 8.13 8.13
6.50 6.50 6.50 6.50 6.51 6.51 6.51 6.51 6.49 6.49 6.90 6.49 6.89 6.89 6.89 6.89 6.97 6.97 6.97 6.97 7.07 7.07 7.07 7.07 7.11 7.11 7.11 7.11 7.18 7.18 7.18 7.18 7.19 7.19 7.19 7.19 7.13 7.13 7.13 7.13 7.12 7.12 7.12 7.12 7.21 7.21 7.21 7.21 7.21 7.21 7.21 7.21 7.25 7.25 7.25 7.25 7.29 7.29 7.29 7.29 7.72 7.72 7.72 7.72 7.64 7.64 7.64 7.64 7.61 7.61 7.61 7.61 7.68 7.68 7.68 7.68 8.11 8.11 8.11 8.11 8.13 8.89 8.13 8.13
6.50 6.50 6.91 6.50 6.51 6.51 6.51 6.51 6.49 6.49 6.49 6.49 6.89 6.89 6.89 6.89 6.97 6.97 6.97 6.97 7.07 7.07 7.07 7.07 7.11 7.11 7.11 7.11 7.18 7.18 7.18 7.18 7.19 7.19 7.19 7.19 7.13 7.13 7.13 7.13 7.12 7.12 7.12 7.12 7.21 7.21 7.21 7.21 7.21 7.21 7.21 7.21 7.25 7.25 7.25 7.25 7.29 7.29 7.29 7.29 7.72 7.72 7.72 7.72 7.64 7.64 7.64 8.41 7.61 7.61 7.61 7.61 7.68 7.68 7.68 7.68 8.11 8.11 8.11 8.11 8.13 8.89 8.13 8.13
6.50 6.50 6.50 6.50 6.51 6.51 6.51 6.51 7.25 6.49 6.49 6.49 6.89 6.89 6.89 6.89 6.97 6.97 6.97 6.97 7.07 7.07 7.07 7.07 7.11 7.11 7.11 7.11 7.18 7.18 7.18 7.18 7.19 7.78 7.19 7.38 7.13 7.13 7.13 7.13 7.12 7.12 7.12 7.12 7.21 7.21 7.21 7.21 7.21 7.21 7.21 7.21 7.25 7.25 7.25 7.25 7.29 7.29 7.29 7.29 7.72 7.72 8.64 7.72 7.64 8.98 7.64 7.64 7.61 7.61 7.61 7.61 7.68 7.68 7.68 7.68 8.11 8.11 8.11 8.11 8.13 8.13 8.89 8.13
6.47 6.47 6.47 6.47 6.50 6.50 6.50 6.50 6.53 6.53 6.53 6.53 6.96 6.96 6.96 6.96 7.10 7.10 7.10 7.10 7.17 7.17 7.17 7.17 7.21 7.21 7.21 7.21 7.25 7.25 7.25 7.25 7.18 7.18 7.18 7.18 7.15 7.15 7.15 7.15 7.15 7.15 7.15 7.15 7.20 7.20 7.20 7.20 7.27 7.27 7.27 7.27 7.31 7.31 7.31 7.31 7.33 7.33 7.33 7.33 7.72 7.72 7.72 8.49 8.39 7.62 7.62 7.62 7.61 7.61 7.61 7.61 7.67 7.67 7.67 7.67 8.12 8.12 8.12 8.12 8.16 8.16 8.16 8.16
7.41 7.92 6.47 6.47 6.50 6.50 6.50 6.50 6.93 6.53 6.53 6.53 6.97 6.97 6.97 6.97 7.10 7.10 7.10 7.10 7.17 7.17 7.17 7.17 7.21 7.21 7.21 7.21 7.25 7.25 7.25 7.25 7.78 7.38 7.18 7.18 7.15 7.15 7.15 7.15 7.15 7.15 7.15 7.15 7.20 7.20 7.20 7.20 7.27 7.27 7.27 7.27 7.31 7.31 7.31 7.31 7.33 7.33 7.33 7.33 7.72 7.72 7.72 7.72 7.62 7.62 7.62 7.62 7.61 7.61 7.61 7.61 7.67 7.67 7.67 7.67 8.12 8.12 8.12 8.12 8.16 8.16 8.16 8.16
6.99 6.99 6.99 6.99 7.03 7.03 6.43 6.43 6.46 6.87 6.46 6.46 6.73 6.73 6.73 6.73 6.86 6.86 6.86 6.86 6.94 6.94 6.94 6.94 6.98 6.98 6.98 6.98 7.19 7.19 7.19 7.19 7.12 7.18 7.12 7.12 7.08 7.08 7.08 7.08 7.09 7.09 7.27 7.09 7.23 7.23 7.23 7.23 7.30 7.30 7.30 7.30 7.35 7.35 7.35 7.35 7.36 7.36 7.36 7.73 7.29 7.29 7.29 7.29 7.34 7.98 7.34 7.34 7.33 7.33 7.33 7.33 7.24 7.24 7.24 7.24 7.69 7.69 7.69 7.69 7.74 7.74 7.74 7.74
6.99 6.99 6.99 6.99 7.03 7.03 7.03 7.03 7.06 6.46 6.46 6.46 6.73 6.73 6.73 6.73 6.86 6.86 6.86 6.86 6.94 6.94 6.94 6.94 6.98 6.98 6.98 6.98 7.19 7.19 7.19 7.19 7.12 7.12 7.12 7.12 7.08 7.08 7.08 7.08 7.16 7.16 7.09 7.09 7.23 7.23 7.23 7.23 7.30 7.30 7.30 7.30 7.35 7.35 7.35 7.35 7.36 7.36 7.36 7.36 7.29 7.29 7.29 7.29 7.34 7.34 7.34 7.34 7.33 7.33 7.33 7.33 7.24 7.24 7.24 7.24 7.69 8.47 7.69 7.69 7.74 7.74 7.74 7.74
7.01 7.01 7.01 7.01 7.07 7.07 7.07 7.07 7.08 8.25 7.08 7.08 6.78 6.78 6.78 6.78 6.91 6.91 6.91 6.91 7.00 7.00 7.00 7.00 7.04 7.04 7.04 7.04 7.19 7.19 7.19 7.19 7.08 7.08 7.08 7.08 7.08 7.08 7.08 7.08 7.10 7.10 7.10 7.10 7.21 7.21 7.21 7.21 7.31 7.31 7.31 7.31 7.38 7.38 7.38 7.38 7.35 7.35 7.35 7.35 7.23 7.23 7.23 7.23 7.31 7.31 7.31 7.31 7.32 7.32 7.32 7.32 7.35 7.35 7.35 7.35 7.68 7.68 7.68 8.46 7.76 7.76 7.76 7.76
7.01 7.01 7.01 7.01 7.07 7.07 7.07 7.07 7.08 7.08 7.08 7.08 7.41 7.41 7.41 6.78 6.91 6.91 6.91 6.91 7.00 7.00 7.00 7.00 7.04 7.04 7.04 7.18 7.19 7.19 7.19 7.19 7.08 7.08 7.08 7.08 7.08 7.08 7.08 7.08 7.10 7.10 7.10 7.10 7.21 7.21 7.21 7.21 7.84 7.31 7.31 7.31 7.38 7.38 7.38 5.28 7.35 7.35 7.35 7.35 7.23 7.23 7.23 7.90 7.31 7.31 7.31 7.31 7.32 7.32 7.32 7.32 7.35 7.35 7.35 7.35 7.68 8.45 7.68 7.68 8.67 7.76 7.76 7.76
7.01 7.01 7.01 7.01 7.07 7.07 7.07 7.07 7.08 7.08 7.08 7.08 7.41 7.41 7.41 7.41 7.55 7.55 7.55 6.91 7.00 7.00 7.00 7.00 7.04 7.04 7.04 6.84 7.28 6.79 7.19 6.93 7.08 7.08 7.08 7.08 7.08 7.08 7.08 7.08 7.10 7.10 7.10 7.10 7.21 7.21 7.21 7.21 7.67 7.31 7.31 7.31 7.38 7.38 7.38 7.38 7.35 7.35 7.35 7.35 7.23 7.23 7.23 7.90 7.31 7.31 7.31 7.31 7.32 7.32 7.32 7.32 7.35 7.35 7.35 7.35 7.68 7.68 7.68 7.68 7.76 7.76 7.76 7.76
7.01 7.01 7.01 7.01 7.38 7.07 7.07 7.07 7.08 7.39 7.08 7.08 7.41 7.41 7.41 7.41 7.55 7.55 7.55 7.55 7.65 7.65 7.00 7.00 7.04 7.10 6.96 6.71 6.79 6.79 6.79 7.19 7.08 7.08 7.08 7.08 7.08 7.08 7.08 7.08 8.48 7.10 7.10 7.16 7.21 7.21 7.21 7.21 7.31 7.31 7.31 7.68 7.38 7.38 7.38 7.58 7.35 7.35 7.35 7.35 7.23 7.23 7.23 7.23 7.31 7.31 7.31 7.31 7.32 7.32 7.32 7.32 7.88 7.35 7.35 7.35 7.68 7.68 7.68 7.68 7.76 7.76 7.76 7.76
7.02 7.02 7.02 7.02 7.08 7.08 7.08 7.08 7.09 7.09 7.09 7.09 7.41 7.41 7.41 7.41 7.57 7.57 7.57 7.57 7.69 7.69 7.69 7.69 8.83 7.04 6.84 6.71 6.79 6.79 7.23 7.16 7.07 7.07 7.07 7.07 7.08 7.08 7.92 7.92 8.49 7.11 7.11 7.11 7.18 7.18 7.18 7.18 7.28 7.28 7.28 7.64 7.36 7.36 7.36 7.91 7.30 7.30 7.30 7.30 7.35 7.35 7.35 7.35 7.32 7.32 7.32 7.84 7.31 7.31 7.31 7.31 7.84 7.32 7.32 7.32 7.66 7.66 7.66 7.66 7.75 7.75 7.75 8.54
7.02 7.02 7.02 7.02 7.08 7.08 7.08 7.08 7.09 7.09 7.09 7.09 7.41 7.41 7.41 7.41 7.57 8.59 7.57 7.57 7.69 7.69 7.69 7.69 7.22 7.69 7.69 7.22 6.79 4.85 7.16 7.16 7.07 7.07 7.07 7.07 7.08 7.08 7.92 7.92 7.94 7.94 7.17 7.11 7.18 7.18 7.18 7.18 7.28 7.28 7.28 7.28 7.36 7.36 7.45 7.45 7.30 7.67 7.30 7.87 7.35 7.35 7.35 7.35 7.32 7.32 7.32 7.32 7.31 7.31 7.31 7.31 7.32 7.32 7.32 7.32 7.66 7.66 7.66 7.66 7.75 7.75 7.75 7.75
7.02 7.02 7.02 7.02 7.08 7.08 7.08 7.08 7.09 7.09 7.09 7.09 7.41 7.41 7.41 7.41 7.57 7.57 7.57 7.57 7.69 7.22 7.22 8.70 7.22 7.69 7.69 7.22 7.83 8.14 7.83 7.83 7.07 7.07 7.07 7.07 7.08 7.08 7.08 7.92 7.94 7.94 7.94 7.11 7.18 7.18 7.18 7.18 7.28 7.28 7.28 7.28 7.36 7.73 7.45 7.45 7.30 7.30 7.30 7.30 7.35 7.35 7.35 7.35 7.32 7.32 7.32 7.32 7.31 7.31 7.31 7.31 7.32 7.32 7.32 7.32 7.66 7.66 7.66 7.66 7.75 7.75 7.75 8.54
7.02 7.02 7.02 7.02 7.08 7.08 7.08 7.08 7.09 7.09 7.40 7.09 7.41 7.41 7.41 7.41 7.57 8.59 7.57 7.57 7.22 7.22 7.26 7.26 7.05 7.69 7.69 7.69 7.83 7.83 8.04 10.07 7.73 7.73 7.73 7.07 7.08 7.08 7.08 7.92 7.94 8.20 7.94 7.94 7.79 7.18 7.18 7.18 7.28 7.28 7.28 7.28 7.36 7.36 7.36 8.01 7.30 7.30 7.30 7.30 7.35 7.35 7.35 7.35 7.32 8.07 8.07 7.32 7.31 7.31 7.31 7.31 7.32 7.32 7.32 7.32 7.66 7.66 7.66 7.66 7.75 7.75 7.75 8.54
7.04 7.04 7.04 7.04 7.09 7.09 7.09 7.09 7.09 7.09 7.40 7.09 7.43 7.43 7.43 7.43 7.56 7.56 7.56 7.56 7.22 7.69 7.10 7.26 7.26 8.54 8.11 7.69 8.05 7.83 7.11 7.83 7.74 7.74 7.74 7.74 8.47 8.47 7.92 7.92 7.95 8.21 8.21 7.11 7.16 7.16 7.16 7.16 7.22 7.22 7.22 7.22 7.45 7.45 7.32 8.50 7.27 7.27 7.27 7.27 7.35 7.35 7.87 7.35 7.34 7.90 7.90 7.34 7.29 7.29 7.81 7.29 7.28 7.28 7.28 7.28 7.66 7.66 7.66 7.66 7.75 7.75 7.75 7.75
7.04 7.04 7.04 7.04 7.09 7.09 7.09 7.09 7.09 7.09 7.09 7.09 7.22 7.43 7.43 7.43 7.56 7.56 7.56 7.56 7.22 8.82 9.25 8.82 8.39 4.87 4.45 3.59 7.85 7.83 7.11 7.83 7.74 7.74 7.74 7.74 7.75 7.11 7.75 8.47 8.50 8.50 7.95 7.11 7.16 7.16 7.16 7.16 7.22 7.22 7.22 7.22 7.32 7.45 7.45 8.49 7.27 7.27 7.27 7.27 7.35 8.09 7.35 7.35 7.34 7.34 7.34 7.34 7.29 7.29 7.29 7.29 7.28 7.28 7.28 7.28 7.66 7.66 7.66 7.66 7.75 7.75 7.75 8.54
7.04 7.04 7.29 6.60 7.09 7.79 7.09 7.40 7.09 7.09 7.09 7.09 7.43 7.05 7.05 7.05 7.05 7.22 7.22 7.56 8.08 5.73 5.30 9.67 8.39 11.04 11.90 11.47 7.49 7.85 8.69 7.83 7.74 7.74 7.74 7.74 7.75 7.11 7.11 7.75 8.50 8.50 8.63 8.50 9.03 7.16 7.16 7.16 7.22 7.22 7.22 7.22 7.32 7.45 7.45 8.49 7.27 7.27 7.27 7.81 8.09 8.09 8.09 8.09 7.34 7.34 7.34 7.34 7.29 7.29 7.29 7.29 7.28 7.28 7.28 7.28 7.66 7.66 7.66 7.66 7.75 7.75 7.75 7.75
7.31 6.60 6.60 6.60 7.09 7.40 7.09 7.09 7.09 7.09 7.09 7.09 7.43 7.43 7.22 7.05 7.05 7.05 7.56 7.22 8.93 5.73 7.53 10.19 0.00 0.00 0.00 0.00 0.00 10.50 3.13 8.69 7.74 7.74 7.74 7.34 7.11 7.11 7.11 7.34 7.78 8.50 7.68 7.68 9.03 8.24 8.24 8.24 7.22 7.22 7.22 7.22 7.32 7.55 7.45 7.45 7.27 7.27 7.27 7.27 8.09 8.09 5.55 8.09 7.34 7.34 7.34 7.34 7.29 7.29 7.29 7.29 7.28 7.28 7.28 7.28 7.66 7.66 7.66 7.66 7.75 7.75 7.75 7.75
7.07 6.60 6.60 6.60 7.39 7.08 7.08 7.08 7.08 7.08 7.08 7.08 7.44 7.95 7.44 7.44 7.22 7.56 7.22 7.22 11.04 7.53 0.00 0.00 0.00 0.00 0.00 0.00 0.00 0.00 10.50 8.87 7.77 7.77 7.77 7.34 7.34 7.11 7.11 7.34 7.75 8.47 8.14 7.68 8.39 9.01 8.22 8.22 8.24 8.24 8.24 7.17 7.26 8.25 7.55 7.45 7.36 7.27 7.27 7.27 7.37 8.10 7.37 7.37 7.34 7.34 7.86 7.34 7.27 7.27 7.79 8.63 7.79 7.27 7.27 7.27 7.66 7.66 7.66 7.66 7.77 7.77 7.77 7.77
6.60 7.30 6.60 6.60 6.79 7.08 7.08 6.60 7.08 7.08 7.08 7.08 7.44 7.44 7.44 7.44 7.56 7.56 7.56 11.07 0.43 0.00 0.00 0.00 0.00 0.00 0.00 0.00 0.00 0.00 0.00 13.32 9.77 7.77 7.77 7.77 7.34 7.11 7.11 7.11 7.75 7.68 7.68 7.35 8.11 8.39 8.83 8.22 8.24 8.24 8.24 8.24 8.35 8.35 8.35 7.45 7.45 7.45 7.27 7.27 8.10 7.90 7.37 7.37 7.34 7.86 7.34 8.08 7.27 7.27 7.27 7.27 7.27 7.27 7.27 7.27 7.66 7.66 7.66 7.66 7.77 7.77 7.77 8.66
7.62 7.62 7.62 7.62 7.43 7.10 7.10 7.10 7.39 7.10 7.10 7.10 7.51 7.51 7.51 7.51 7.62 7.62 10.41 0.00 0.00 0.00 0.00 0.00 0.00 0.00 0.00 0.00 0.00 0.00 0.00 4.37 9.00 8.57 8.17 7.75 8.03 7.71 7.71 7.99 7.73 7.73 8.31 8.54 7.22 7.65 7.69 7.69 7.71 7.71 7.71 7.71 7.81 7.81 7.81 6.98 6.97 9.18 7.15 7.25 6.96 6.96 6.96 6.96 6.94 6.94 6.94 6.94 7.24 7.24 7.24 7.24 7.24 7.24 7.24 7.24 7.21 7.21 7.21 7.21 7.32 7.32 7.50 7.93
7.62 7.62 7.62 7.62 7.62 7.10 7.10 7.10 7.10 7.10 7.10 7.10 7.51 8.07 8.07 9.39 8.62 10.84 0.00 0.00 0.00 0.00 0.00 0.00 0.00 0.00 0.00 0.00 0.00 0.00 0.00 0.00 7.41 5.19 9.50 8.17 7.71 7.99 7.99 7.91 7.73 7.99 8.11 8.31 7.65 7.65 7.69 7.69 7.71 7.71 7.71 7.71 7.81 7.81 7.81 6.98 7.31 6.97 6.98 7.82 8.02 6.96 6.96 6.96 7.64 6.94 7.38 6.94 7.24 7.24 7.24 7.24 7.24 7.24 7.24 7.03 7.21 7.21 7.21 7.21 7.32 7.32 7.32 7.75
7.62 7.71 7.62 7.62 7.41 7.06 7.06 7.06 7.08 7.08 7.08 7.08 8.07 8.07 8.07 9.27 13.21 0.00 0.00 0.00 0.00 0.00 0.00 0.00 0.00 0.00 0.00 0.00 0.00 0.00 0.00 0.00 7.41 9.43 9.00 8.15 7.67 7.99 7.99 7.91 7.69 7.99 7.99 8.31 7.65 7.22 7.96 8.38 7.68 7.68 7.68 7.68 7.77 7.77 7.77 6.98 5.86 7.31 7.31 7.79 8.00 7.59 7.59 8.20 7.27 7.27 7.27 7.27 7.23 7.23 7.23 7.23 7.24 7.24 7.24 7.24 7.15 7.15 7.15 7.15 7.28 7.28 7.50 7.50
7.06 7.62 7.62 7.62 7.06 7.06 7.06 7.06 7.08 7.08 7.08 7.08 8.07 8.07 8.50 12.35 11.49 0.00 0.00 0.00 0.00 0.00 0.00 0.00 0.00 0.00 0.00 0.00 0.00 0.00 0.00 0.00 7.41 9.00 8.81 8.54 7.67 7.99 7.99 7.99 7.99 7.99 7.99 8.31 7.22 7.22 7.22 8.38 7.68 7.68 7.68 7.68 7.77 7.77 7.77 7.77 1.73 8.00 7.79 8.39 8.00 7.59 10.47 7.59 8.34 7.95 7.95 7.95 7.23 7.23 7.23 7.23 7.24 7.24 7.24 7.24 7.72 7.15 7.15 7.15 7.28 8.43 8.43 7.50
7.06 7.06 7.06 7.06 7.06 7.06 7.45 7.62 7.08 7.08 7.42 7.08 8.07 8.50 11.40 10.83 0.00 0.00 0.00 0.00 0.00 0.00 0.00 0.00 0.00 0.00 0.00 0.00 0.00 0.00 0.00 0.00 11.65 8.57 9.43 8.74 8.32 7.67 7.91 7.91 7.99 7.99 7.91 8.11 6.22 7.22 7.22 8.38 7.68 7.68 7.68 8.03 8.08 7.77 7.77 7.40 6.19 7.67 7.79 7.79 8.00 7.59 8.36 7.59 7.59 7.95 7.95 7.95 7.90 7.90 7.90 7.23 7.24 7.24 7.24 7.24 7.15 7.15 7.15 7.15 7.63 7.28 7.50 7.40
7.06 7.06 7.06 7.62 8.05 7.62 7.06 7.06 7.62 7.08 7.08 7.08 8.31 7.46 11.06 0.00 0.00 0.00 0.00 0.00 0.00 0.00 0.00 0.00 0.00 0.00 0.00 0.00 0.00 0.00 0.00 0.00 6.12 12.94 8.97 8.77 7.99 7.91 7.91 7.91 7.99 7.91 7.91 8.11 8.25 7.22 7.88 7.65 7.68 7.68 7.68 8.03 7.31 7.77 7.93 2.58 9.14 8.22 8.35 7.79 7.59 8.36 7.59 7.59 7.59 7.59 9.07 7.95 8.31 7.90 7.90 7.90 7.92 7.92 7.24 7.24 7.15 7.15 7.15 7.15 7.28 7.28 7.28 7.40
7.07 7.07 7.07 7.76 8.05 8.05 7.06 7.06 7.05 7.62 7.62 8.13 8.32 11.06 0.00 0.00 0.00 0.00 0.00 0.00 0.00 0.00 0.00 0.00 0.00 0.00 0.00 0.00 0.00 0.00 0.00 0.00 0.00 9.71 10.99 7.65 7.99 8.38 7.99 7.99 7.99 7.91 7.91 7.71 6.87 7.22 7.66 7.66 7.67 7.67 7.67 7.31 6.98 7.75 8.50 4.30 9.61 7.30 7.75 7.75 7.95 7.59 7.59 8.45 7.59 7.30 7.94 7.94 7.93 7.93 7.93 7.93 7.92 7.92 7.92 7.92 8.18 8.18 7.12 7.12 7.21 7.21 7.21 7.50
10.58 10.58 10.58 7.93 8.80 8.80 7.48 7.06 7.05 7.05 7.62 8.48 11.49 0.00 0.00 0.00 0.00 0.00 0.00 0.00 0.00 0.00 0.00 0.00 0.00 0.00 0.00 0.00 0.00 0.00 0.00 0.00 0.00 7.65 11.85 8.81 7.99 7.99 7.62 7.62 7.67 7.99 11.42 7.71 6.87 8.37 8.09 7.66 7.67 7.67 7.67 7.31 6.98 8.18 10.32 5.16 6.01 9.01 8.30 7.75 7.95 7.95 7.59 7.59 8.21 7.30 7.94 7.94 7.93 7.93 7.93 7.93 7.92 7.92 7.92 7.92 8.18 8.18 8.18 8.18 8.29 7.21 7.21 7.50
