New_Model_Runs/11_Future_RCP4.5_Scn1_out/post_prcessed_with_MFR/Monthly_summaries/net_infiltration_monthly_JUL.asc
NCOLS 700
NROWS 400
XLLCENTER 515000.000000
YLLCENTER 8409000.000000
CELLSIZE 50.000000
NODATA_value -999.000000
[rows 228 to 265 of 400, columns 168 to 251 of 700]
9.01 9.05 9.44 9.76 9.05 9.05 9.05 9.05 9.25 9.25 9.25 9.25 9.25 9.25 9.79 11.67 8.72 12.34 7.17 12.79 11.46 11.90 11.46 11.46 6.84 10.08 10.23 10.52 9.78 10.08 10.52 10.16 9.09 9.53 12.12 12.57 9.41 9.41 9.41 9.41 8.87 8.87 8.87 8.87 8.25 9.31 9.75 8.92 10.20 8.87 8.87 8.87 9.31 9.03 8.87 8.03 7.63 7.37 4.31 4.31 4.34 5.66 5.66 4.34 3.62 4.36 4.36 4.36 4.36 4.36 4.36 4.36 4.87 4.87 4.87 4.87 4.82 4.82 4.82 4.82 4.77 4.77 5.04 4.77
9.01 9.05 9.01 9.01 9.05 9.05 9.05 9.05 9.35 9.79 9.25 9.79 9.79 9.25 9.25 9.25 9.25 9.25 9.69 14.20 12.79 3.99 11.90 11.02 6.84 14.36 12.99 12.27 15.52 12.71 12.71 12.27 6.40 7.73 9.53 9.09 8.64 10.08 8.43 10.06 8.87 8.87 8.87 8.87 8.87 9.30 10.35 8.92 9.37 8.92 8.87 8.87 8.87 7.02 7.02 7.02 6.27 6.27 4.31 4.31 4.34 4.34 5.75 4.34 4.36 3.62 4.36 4.36 4.36 4.36 4.36 5.75 5.04 5.04 5.04 4.87 4.82 4.82 4.82 4.82 4.77 5.04 5.04 4.77
7.04 7.04 7.04 7.04 7.07 7.07 7.07 9.04 9.79 9.25 9.25 9.25 9.79 9.25 9.25 9.25 9.79 9.25 9.25 9.25 11.90 11.90 9.16 10.05 10.67 9.09 13.86 13.86 9.09 13.44 7.28 3.21 8.64 14.30 13.41 6.75 12.27 3.66 11.56 8.20 8.31 9.09 8.87 8.87 8.87 2.72 12.65 12.11 12.11 9.03 8.87 8.97 8.97 8.29 8.29 7.02 6.27 4.31 4.31 4.31 4.34 4.34 4.34 4.34 4.36 4.36 4.36 4.36 4.36 4.36 5.66 5.66 5.04 5.04 4.87 4.87 4.82 4.82 4.82 4.82 4.77 5.62 5.04 4.77
7.04 7.04 7.04 7.04 7.07 7.07 7.07 8.42 7.19 9.23 9.23 9.25 9.25 9.25 9.25 9.79 9.25 9.25 9.25 11.23 7.39 9.25 12.34 5.76 10.86 9.97 8.64 9.97 4.54 13.60 8.52 4.10 9.09 9.53 8.64 12.97 13.35 13.16 7.73 12.27 8.31 9.97 8.31 8.31 9.68 11.94 11.67 12.11 11.67 8.25 8.25 8.97 8.97 8.29 8.29 8.29 7.37 4.31 4.31 4.31 4.34 4.34 4.34 5.41 5.75 5.75 5.75 4.36 6.70 5.01 4.36 5.75 5.04 4.87 4.87 4.87 4.82 4.82 4.82 4.82 5.04 5.04 4.77 5.32
7.10 7.10 7.10 7.10 7.11 7.11 8.99 8.21 7.22 8.72 7.22 9.44 9.25 9.25 9.01 9.35 9.25 9.25 9.25 9.25 9.79 9.25 9.86 12.34 14.15 14.23 11.83 14.15 11.83 12.72 12.72 7.73 12.99 13.86 11.83 12.57 9.91 11.27 11.74 13.16 11.49 11.49 13.31 11.94 12.87 12.38 10.14 12.44 8.90 8.36 8.36 8.36 8.40 8.40 8.40 8.40 7.44 5.78 4.52 4.66 4.69 4.36 4.69 5.75 6.89 5.75 4.38 5.75 4.39 4.83 6.37 4.70 4.89 4.89 4.89 4.89 4.82 4.82 4.82 5.35 4.78 4.78 4.78 4.78
7.10 7.10 7.10 7.10 7.11 8.18 7.11 7.11 7.22 7.22 7.22 8.64 8.62 7.19 7.19 9.41 9.79 9.25 9.25 9.25 9.25 9.25 9.47 10.13 9.64 9.72 9.34 9.64 9.34 8.57 13.71 3.66 10.52 8.17 7.73 10.91 12.57 8.62 8.62 9.46 8.75 7.87 9.47 7.42 9.68 8.75 8.81 12.44 8.90 8.01 9.28 8.90 8.94 8.40 8.40 8.40 5.78 5.78 5.78 4.34 4.36 4.36 4.36 4.36 5.75 5.26 7.59 6.19 6.19 5.26 5.26 4.82 5.04 4.89 4.89 4.89 4.82 4.82 4.42 5.35 4.78 4.78 4.78 4.78
7.10 7.10 7.10 7.10 7.11 8.18 7.11 7.11 7.22 7.22 7.22 7.22 7.19 7.19 7.62 10.45 9.25 9.25 9.25 9.25 9.25 13.75 8.27 10.26 9.64 9.64 9.64 9.64 9.64 8.20 10.16 11.83 10.35 8.74 8.94 9.39 12.69 10.91 9.72 9.72 8.76 8.76 8.76 8.76 8.31 9.69 9.23 10.12 10.12 9.09 8.61 8.61 7.43 7.47 8.94 8.94 5.78 5.78 5.78 5.78 4.36 4.36 4.36 4.36 5.75 6.63 4.82 8.45 8.45 8.89 6.63 7.19 5.04 4.89 4.89 4.89 5.04 5.21 4.82 4.82 4.78 4.78 4.78 4.78
7.10 7.10 7.10 7.10 7.11 9.02 7.11 7.11 7.22 7.22 7.22 7.22 7.19 7.19 7.19 9.24 9.25 9.20 9.25 9.25 9.25 9.25 9.25 9.25 9.64 9.72 10.20 9.64 9.64 8.20 9.83 9.72 9.72 9.35 7.29 9.91 9.10 10.91 9.72 9.72 9.21 9.47 8.76 10.03 9.25 9.25 8.81 7.42 10.12 12.71 12.71 8.61 2.98 7.87 8.92 9.05 7.22 6.77 6.33 5.78 4.36 4.36 4.36 4.36 4.39 6.19 8.84 4.38 6.54 5.71 5.26 5.75 4.21 4.21 4.89 5.04 5.04 4.82 4.82 5.35 4.78 4.78 4.78 4.78
7.15 7.15 7.15 7.15 7.16 7.16 7.16 7.16 7.26 7.26 7.26 7.26 7.21 7.21 7.21 7.21 7.16 9.19 9.25 9.25 9.25 9.25 9.25 9.25 9.64 9.72 9.72 9.72 9.64 9.72 6.79 9.82 9.32 9.32 9.72 9.39 9.06 12.73 9.72 10.16 8.31 9.93 8.80 8.80 8.93 8.93 8.93 8.93 7.42 8.98 10.97 12.71 11.94 10.34 8.31 8.76 6.15 6.63 4.37 5.75 4.38 4.38 6.10 4.82 6.54 8.45 1.76 6.10 5.61 7.08 4.82 4.37 4.86 4.86 5.79 4.53 4.80 4.80 4.80 4.80 4.82 4.82 4.82 4.82
7.15 7.15 7.15 7.15 7.16 8.24 7.16 7.16 7.26 7.26 7.26 7.26 7.21 7.21 7.21 7.21 7.16 9.72 9.35 9.25 9.25 9.25 9.25 9.25 9.64 9.64 9.72 9.72 9.64 9.72 6.79 8.43 9.64 9.64 9.32 9.72 9.39 8.94 13.35 9.78 9.93 9.49 8.80 8.80 8.93 8.93 8.93 8.93 9.77 7.87 8.98 9.17 11.50 11.50 10.61 10.12 5.71 5.71 6.63 6.19 6.19 5.75 6.10 6.54 6.10 5.38 2.20 4.82 4.80 4.82 6.10 4.61 4.86 4.86 4.86 4.86 5.33 4.80 4.80 4.80 4.82 4.82 4.82 4.82
7.15 7.15 7.15 7.15 7.16 7.16 7.16 7.16 7.26 7.26 7.26 7.26 7.21 7.21 7.21 7.21 7.39 9.25 9.35 9.25 9.25 9.25 9.25 9.79 9.64 9.64 10.65 9.37 9.64 9.58 6.79 11.36 9.64 10.20 9.64 9.72 9.73 8.87 8.20 7.76 9.49 8.80 8.80 8.80 8.93 8.93 9.09 8.93 9.42 9.62 9.17 9.17 7.42 9.49 9.49 6.70 8.92 8.89 4.82 6.63 6.10 6.10 6.54 4.82 9.37 5.21 4.82 5.41 5.61 6.19 5.66 5.09 5.04 5.40 4.86 4.86 4.80 4.80 4.80 4.80 4.46 4.82 4.82 4.82
7.15 7.15 7.15 7.15 7.16 7.16 7.16 7.16 7.26 7.26 7.26 7.26 7.21 7.21 7.21 7.21 7.16 9.25 9.25 9.25 9.25 9.25 9.25 8.72 9.10 9.64 9.72 9.37 9.35 9.35 9.35 9.35 9.32 9.64 9.82 9.81 7.24 10.08 10.44 10.04 8.80 8.80 8.80 8.80 8.93 9.09 9.09 8.31 10.41 10.21 7.42 8.98 7.87 8.31 9.53 6.65 6.19 5.75 8.01 8.84 4.82 6.54 5.26 5.26 8.45 5.66 5.21 5.26 7.08 6.19 6.37 5.75 5.04 4.86 4.86 4.86 4.80 4.80 4.80 4.80 4.82 4.82 4.82 4.82
7.18 7.18 7.18 7.18 7.17 8.24 7.17 7.17 7.25 7.25 7.25 7.25 7.20 7.20 7.20 7.20 8.60 8.60 9.25 8.60 9.35 7.15 7.15 8.72 9.10 9.10 9.72 9.41 9.38 9.38 9.38 9.38 6.79 6.79 6.79 9.32 9.32 12.59 10.58 9.32 8.90 8.90 8.90 8.90 8.97 9.09 9.17 9.97 4.00 3.56 9.24 8.80 8.75 8.75 9.53 8.27 5.75 5.75 6.19 6.10 9.33 9.78 6.15 6.59 10.70 2.75 5.97 6.63 6.75 5.75 5.75 6.29 5.04 4.84 4.84 4.84 4.82 4.82 4.82 5.36 4.86 4.86 4.86 4.86
7.18 8.26 7.18 7.18 7.17 7.17 7.17 7.17 7.25 7.25 7.25 8.32 7.20 7.20 7.20 7.20 8.60 8.60 8.60 8.60 8.60 7.15 7.15 8.72 7.32 7.32 9.41 9.41 9.38 9.38 9.38 9.38 9.32 9.32 9.80 9.32 9.32 9.32 9.80 9.32 8.90 8.90 8.90 8.90 9.17 9.09 9.09 9.09 9.53 8.31 8.31 9.62 7.87 8.31 9.53 8.32 6.33 6.18 7.08 7.52 3.97 4.86 10.66 10.22 9.26 6.15 5.26 5.75 5.75 5.75 5.75 4.35 5.38 4.84 4.84 4.84 4.82 4.82 4.82 4.82 4.86 4.86 4.86 4.86
6.71 6.71 6.71 6.71 6.70 7.83 7.83 8.64 6.72 6.72 9.03 7.70 6.69 6.69 6.69 6.69 6.64 7.74 7.74 6.64 6.64 6.64 6.64 6.64 6.73 6.73 6.73 6.73 8.49 8.49 8.49 8.49 8.43 8.43 8.43 8.43 8.43 8.43 8.43 8.43 8.20 8.20 8.20 8.20 8.27 8.60 8.60 9.06 9.79 7.12 7.12 6.68 8.16 8.16 8.16 6.61 5.94 5.39 6.72 5.90 6.34 5.22 7.23 5.46 8.20 8.26 5.39 5.77 5.33 5.33 5.39 5.09 4.50 4.50 4.50 4.50 4.48 4.48 4.48 4.48 4.52 4.52 4.52 4.52
6.71 6.71 6.71 6.71 6.70 6.70 6.70 6.70 6.72 6.72 6.72 6.72 7.65 7.65 7.65 7.63 6.64 6.64 7.74 6.64 6.64 6.64 6.64 6.64 6.73 6.73 6.73 6.73 6.71 6.71 8.49 8.49 8.43 8.43 8.43 8.43 8.43 8.43 8.43 8.43 8.20 8.20 8.20 8.72 8.26 8.16 8.72 6.96 7.82 8.24 8.69 8.72 8.16 8.16 6.61 6.61 5.94 5.94 5.84 5.84 6.34 7.67 5.90 5.75 5.30 7.75 5.84 5.84 5.33 5.77 5.33 5.09 4.50 4.50 4.50 4.50 4.48 4.48 4.48 4.60 4.52 4.52 4.52 4.60
6.70 6.70 8.50 7.67 6.67 8.12 6.67 6.67 6.68 6.68 6.68 6.68 6.66 6.66 6.66 6.66 6.64 6.64 7.74 7.74 6.66 6.66 6.66 6.66 6.74 6.74 6.74 6.74 6.73 6.73 6.73 8.54 8.47 8.47 8.47 8.47 8.50 8.50 8.50 8.50 8.21 8.21 8.21 8.16 8.27 8.27 8.27 8.27 8.19 8.19 8.64 8.64 6.68 6.68 6.61 6.61 5.94 5.94 5.39 5.84 5.90 6.19 5.33 5.30 8.20 5.77 5.84 5.39 5.33 5.77 5.77 5.33 4.57 4.52 4.52 4.52 4.51 4.51 4.60 4.60 4.53 4.53 4.53 4.60
6.70 6.70 6.70 6.70 6.67 6.67 7.62 6.67 6.68 6.68 6.68 6.68 6.66 6.66 6.66 6.66 6.64 6.64 7.09 6.64 6.66 6.66 6.66 6.66 6.74 6.74 6.74 6.74 6.73 6.73 6.73 8.54 8.47 8.47 8.47 8.47 8.50 8.50 8.50 8.82 8.21 8.21 8.16 8.16 8.16 8.24 8.20 8.20 8.19 5.79 8.19 8.64 2.89 7.12 7.05 6.61 5.94 5.94 5.84 5.01 5.01 4.86 5.33 5.77 9.40 5.77 5.77 4.13 5.33 5.33 5.33 4.57 5.01 4.59 5.41 4.52 4.51 4.60 5.15 4.60 5.47 4.53 4.53 4.60
6.70 8.50 6.70 6.70 6.67 6.67 7.62 6.67 6.68 6.68 6.68 7.81 7.74 7.74 6.66 6.66 6.64 7.81 7.81 6.64 6.66 6.66 6.66 6.66 6.74 6.74 6.74 6.74 6.73 6.73 6.73 6.73 8.47 8.47 8.47 8.47 8.50 8.50 8.50 8.50 8.21 8.21 8.27 8.57 8.16 8.20 8.20 5.79 5.79 5.79 5.79 8.64 8.00 8.45 2.36 6.61 5.94 5.94 4.86 5.75 5.75 4.13 5.01 8.64 8.49 5.30 5.77 5.33 5.33 5.33 4.13 4.57 3.40 3.40 4.52 4.52 4.51 5.03 4.51 4.51 4.53 4.53 4.60 4.60
6.70 6.70 6.70 6.70 6.67 6.67 6.67 6.67 6.68 6.68 6.68 7.81 7.74 7.74 7.74 6.66 7.00 7.81 7.81 6.64 6.66 6.66 6.66 6.66 6.74 6.74 6.74 6.74 6.73 7.73 6.73 6.73 6.70 8.47 9.14 8.47 8.50 8.50 8.50 8.50 8.21 8.21 8.21 8.16 8.89 8.27 10.38 5.79 5.79 5.79 8.20 8.26 7.12 3.33 7.03 6.69 5.94 5.39 5.39 5.77 5.33 5.33 1.68 9.08 4.86 4.13 4.86 6.27 5.77 5.33 4.13 4.64 4.57 5.09 4.52 4.52 4.57 4.51 4.51 4.51 4.53 4.53 4.60 4.60
6.69 6.69 7.65 6.69 6.64 6.64 6.64 6.64 6.66 6.66 7.87 8.26 6.65 7.74 6.65 6.65 8.50 7.81 7.20 6.64 6.66 6.66 6.66 8.43 6.76 6.76 6.76 6.76 7.74 6.74 6.74 6.74 6.74 8.53 8.53 8.53 8.54 8.54 8.54 8.54 8.19 8.19 8.19 8.19 8.27 8.16 9.82 5.79 5.79 5.79 8.20 8.60 8.71 7.50 6.61 6.69 5.39 5.39 5.39 5.39 5.01 5.01 1.68 5.75 5.01 5.01 4.86 5.39 4.57 4.13 5.84 5.84 4.57 4.57 4.53 4.57 6.32 4.57 4.57 4.60 4.56 4.56 4.60 5.48
6.69 6.69 6.69 6.69 6.64 6.64 6.64 6.64 6.66 6.66 8.38 8.71 8.42 8.42 10.24 6.65 7.86 8.25 6.65 6.64 6.66 6.66 6.66 6.66 6.76 6.76 6.76 6.76 6.74 6.74 6.74 6.74 6.74 8.53 8.53 8.53 8.54 8.54 8.54 8.54 8.19 5.79 5.79 5.79 8.16 9.82 6.81 5.79 5.79 5.79 8.48 8.20 8.26 7.50 6.61 6.69 5.33 5.39 5.39 5.39 4.57 5.75 1.68 8.20 5.30 5.84 4.13 5.39 5.98 5.39 5.39 5.84 4.59 3.40 4.53 3.85 7.00 9.95 6.32 4.57 4.57 4.56 4.60 4.29
6.69 6.69 6.69 6.69 6.64 6.64 6.64 7.59 6.66 8.43 8.43 8.71 8.70 8.42 9.09 8.26 8.41 6.64 7.86 7.86 6.66 6.66 6.66 6.66 6.76 6.76 6.76 6.76 6.74 6.74 6.74 6.74 6.74 6.74 8.53 8.53 8.54 8.54 8.54 8.54 8.19 5.79 5.79 5.79 5.79 5.79 5.79 5.79 5.79 5.79 8.27 8.27 8.72 6.61 6.61 7.05 8.93 5.33 5.39 4.13 4.57 4.57 5.01 8.20 5.39 5.39 5.39 5.39 5.99 5.39 5.39 5.39 4.59 4.07 4.67 3.85 10.76 6.32 9.95 6.32 3.40 3.40 3.40 7.65
6.69 6.69 6.69 6.69 6.64 6.64 7.59 6.64 6.66 6.66 8.43 8.71 8.70 8.42 8.26 8.70 8.41 8.70 7.86 7.86 6.66 6.66 6.66 6.66 6.76 6.76 6.76 7.76 7.74 6.74 6.74 6.74 6.74 8.53 8.53 8.53 8.54 8.54 8.54 8.54 8.19 5.79 5.79 5.79 5.79 5.79 5.79 5.79 5.79 8.20 8.27 8.27 8.16 6.61 7.05 5.81 9.84 9.02 4.13 4.57 2.12 4.57 4.13 8.20 5.30 6.28 5.39 5.39 5.39 5.39 5.39 5.39 4.60 4.53 4.57 4.07 10.56 6.32 6.32 9.95 6.32 6.32 6.94 8.01
6.69 6.69 6.69 6.69 6.66 6.66 6.66 6.66 6.66 6.66 6.66 8.44 8.40 8.40 8.26 8.81 8.39 8.69 8.69 6.63 6.67 6.67 6.67 6.67 7.78 6.78 6.78 7.79 6.77 6.77 6.77 6.77 6.76 8.60 8.60 8.60 8.58 8.58 8.58 8.58 8.16 5.79 5.79 5.79 6.68 6.68 8.26 7.82 8.21 8.21 8.27 8.27 8.51 6.61 7.05 7.05 5.84 5.39 9.02 5.01 5.46 4.57 7.75 5.30 5.75 6.63 6.72 5.39 5.39 5.39 5.39 5.39 4.57 4.60 4.60 4.59 6.32 6.94 6.94 9.95 6.32 3.94 7.56 9.95
6.69 6.69 6.69 6.69 6.66 6.66 7.62 6.66 6.66 6.66 6.90 8.39 8.69 8.26 8.39 8.83 8.69 8.69 8.69 6.63 6.67 6.67 6.67 6.67 7.75 6.78 7.79 6.78 6.77 6.77 6.77 6.77 6.76 8.60 8.60 8.60 8.58 8.58 8.58 8.58 8.16 9.82 5.79 6.68 6.68 8.27 8.72 8.27 8.21 8.27 8.27 8.16 8.27 4.92 5.37 7.04 5.94 5.94 5.39 9.08 9.08 5.75 9.08 6.28 5.84 7.17 5.84 5.39 5.39 5.39 5.39 5.99 4.60 4.57 3.40 3.40 3.40 7.03 9.95 7.03 9.95 7.56 3.94 3.94
6.69 6.69 6.69 6.69 6.66 6.66 6.66 6.66 7.62 6.66 6.66 8.39 8.69 8.26 8.26 8.26 8.69 8.39 8.69 6.63 6.67 6.67 6.67 6.67 6.78 6.78 6.78 6.78 6.77 6.77 6.77 6.77 6.76 8.60 8.60 8.60 8.58 8.58 8.58 9.27 8.16 9.82 5.79 8.27 8.27 8.27 8.27 8.27 8.21 8.27 8.16 8.16 6.61 6.61 6.61 6.61 6.38 9.20 8.31 5.01 4.57 6.19 10.41 6.34 5.46 5.90 5.90 5.84 5.84 5.39 5.39 5.39 4.60 4.60 3.40 3.40 3.40 3.82 3.40 3.40 10.39 6.32 6.32 3.94
7.67 7.13 6.69 6.69 6.66 6.66 6.66 6.66 7.62 6.66 6.66 8.44 6.62 8.26 9.15 8.26 8.85 8.69 8.39 6.63 6.67 6.67 6.67 6.67 6.78 6.78 6.78 6.78 6.77 6.77 6.77 6.77 8.60 8.60 8.60 8.60 8.58 8.58 9.27 8.58 8.16 8.16 5.79 8.27 8.16 8.14 8.14 8.27 8.27 8.16 8.16 8.16 6.61 6.61 6.61 8.92 9.20 7.93 8.75 4.13 1.24 5.01 6.64 9.08 10.41 9.53 6.19 9.82 9.08 9.02 9.02 9.02 4.57 3.40 3.40 3.40 3.40 3.40 7.65 7.03 8.01 10.39 9.95 6.32
9.56 6.71 6.71 6.71 6.67 8.40 6.67 7.62 6.64 6.64 6.64 8.39 8.26 8.26 8.26 8.39 8.39 8.39 8.37 6.62 6.69 6.69 6.69 6.69 8.66 6.81 6.81 6.81 6.82 6.82 8.68 8.68 8.68 8.68 8.68 8.68 8.63 8.63 8.63 8.63 8.13 8.13 8.13 8.13 8.11 8.11 8.11 8.11 8.27 8.27 8.16 8.27 6.61 6.61 6.61 8.92 10.67 12.38 12.38 8.93 7.75 8.93 8.64 8.64 6.78 6.72 5.84 6.28 4.57 5.39 5.39 5.39 3.40 3.40 3.40 3.40 4.59 4.57 4.57 3.40 8.01 6.76 6.69 9.95
7.01 8.62 7.72 6.71 6.67 6.67 6.67 7.46 6.64 6.64 6.64 8.39 8.26 8.26 8.39 8.39 8.39 8.39 8.39 6.62 6.69 6.69 6.69 8.48 8.66 9.36 6.81 6.81 8.68 8.68 8.68 8.68 8.68 8.68 8.68 8.68 8.63 8.63 8.63 8.63 8.13 8.13 8.13 8.13 8.11 8.11 8.11 8.11 8.16 8.16 8.16 8.16 6.61 6.61 8.92 11.15 11.11 12.73 7.93 5.01 5.08 5.46 9.97 8.64 6.63 5.01 5.39 5.39 5.39 5.39 5.39 5.39 3.40 3.40 3.40 3.82 4.57 5.01 3.85 3.40 10.39 7.18 6.32 7.50
6.59 6.40 7.14 6.56 6.95 6.06 6.06 6.06 5.94 5.94 7.79 7.12 7.12 7.12 7.39 7.39 7.40 7.40 7.40 5.92 5.98 5.98 5.98 7.50 7.61 7.61 6.09 6.09 7.63 9.07 7.63 7.63 7.63 7.63 7.63 7.63 7.58 7.58 7.58 8.20 7.63 7.14 7.14 7.14 7.12 7.12 7.12 6.76 6.76 6.76 6.76 6.76 7.79 6.51 11.42 10.58 12.21 7.49 7.04 4.88 4.84 5.76 9.36 8.85 8.20 5.46 5.32 4.88 4.84 4.88 4.84 4.88 5.15 5.15 5.15 5.59 5.19 5.64 4.09 7.00 10.63 10.63 7.00 7.51
6.59 5.78 6.67 6.12 6.06 6.06 6.06 6.06 5.94 7.44 7.44 7.12 7.12 7.12 7.39 7.39 7.40 7.40 7.40 7.40 5.98 5.98 5.98 7.50 7.61 7.61 7.61 7.61 7.63 7.63 7.63 7.63 7.63 7.63 7.63 7.63 8.13 7.58 7.58 7.58 7.14 7.14 7.14 7.14 7.12 7.12 7.12 7.12 6.92 6.76 6.76 7.79 7.79 6.51 8.23 11.46 7.93 9.09 8.68 4.88 5.32 4.84 4.84 5.76 8.85 8.20 5.76 5.32 4.88 4.84 4.88 4.88 5.15 4.59 5.59 5.41 4.97 4.09 4.09 7.00 7.77 10.63 7.00 8.06
6.70 6.70 10.77 6.55 6.05 6.05 6.05 6.91 5.93 7.95 7.41 7.41 7.37 7.37 7.37 7.37 7.94 7.94 7.40 7.40 5.97 5.97 6.85 7.48 9.18 8.16 7.61 7.61 7.66 7.66 7.66 7.66 8.23 7.66 7.66 7.66 8.13 7.58 7.58 7.58 7.13 7.13 7.13 7.13 7.09 7.32 7.09 7.09 7.17 6.76 6.76 5.48 5.48 7.20 6.51 11.86 8.24 8.68 4.78 4.88 8.24 7.79 4.88 5.76 5.46 8.64 5.01 5.32 4.88 4.88 4.88 4.88 5.15 5.15 4.59 5.04 6.04 5.15 4.09 7.00 11.07 7.00 8.06 8.06
7.36 8.19 10.66 7.14 6.05 7.64 6.05 6.05 5.93 7.41 7.41 7.41 7.37 7.59 7.37 7.37 7.40 8.09 7.93 7.40 7.48 5.97 5.97 5.97 7.61 7.61 7.61 10.51 7.66 8.22 7.66 7.66 7.66 7.66 7.66 7.66 7.58 7.58 7.58 7.58 7.13 7.13 7.13 7.13 7.09 7.09 7.09 7.09 7.17 7.17 7.67 6.10 6.16 4.32 8.09 6.95 7.79 7.69 7.79 7.79 7.79 7.79 4.88 5.76 5.66 8.85 5.46 3.69 4.84 4.88 5.32 5.32 5.15 5.15 5.15 5.15 5.15 4.09 4.09 10.63 11.07 7.89 8.51 8.55
6.69 7.14 10.32 6.70 6.05 6.05 6.05 6.05 5.93 5.93 7.41 7.41 7.59 7.59 7.91 7.37 7.40 7.40 7.40 7.40 7.48 5.97 5.97 5.97 6.09 7.61 7.61 10.20 10.24 10.24 7.66 7.66 7.66 7.66 8.23 7.66 7.58 8.13 7.58 7.58 7.13 7.13 7.13 7.13 7.09 7.09 7.09 7.09 7.17 7.17 7.17 6.10 6.16 5.97 8.23 6.95 7.79 7.69 8.24 7.79 8.24 8.24 5.28 5.28 4.78 7.96 5.90 5.76 4.88 4.84 6.17 4.13 5.15 5.15 5.15 5.15 5.59 4.09 7.00 7.77 7.00 8.51 8.84 8.33
6.69 6.69 6.70 9.74 6.05 6.05 6.93 6.05 5.93 5.93 7.41 6.19 7.37 7.37 7.37 7.37 7.40 7.40 7.40 7.40 7.48 7.48 5.97 5.97 6.96 7.61 7.61 7.61 10.24 10.24 10.24 7.66 7.66 7.66 7.66 7.66 7.58 7.58 7.58 7.58 7.77 7.63 7.13 7.13 7.09 7.09 6.92 6.92 6.92 6.92 7.17 6.10 6.16 5.53 7.79 7.79 7.79 7.79 8.24 8.24 8.37 7.93 5.66 5.76 5.76 8.64 5.46 5.76 5.32 5.73 5.90 4.78 4.09 4.43 5.15 4.09 6.04 4.59 11.07 7.00 7.00 7.89 7.89 9.84
6.70 6.70 7.25 8.97 6.49 6.49 6.05 6.05 5.90 5.90 7.38 7.38 7.35 7.35 7.35 7.35 7.41 7.41 7.41 7.41 7.46 7.46 7.46 5.96 6.07 7.58 7.58 7.58 8.21 10.24 10.24 7.66 7.65 7.65 7.65 7.65 7.53 7.53 7.53 7.53 7.12 7.12 7.12 7.12 7.10 7.10 6.92 6.76 6.76 6.76 7.13 5.48 5.48 5.48 7.79 7.79 7.79 7.79 7.04 7.93 7.93 8.24 5.32 5.76 5.76 8.20 4.13 5.32 5.66 5.46 5.01 5.32 4.59 4.09 5.15 4.53 5.41 7.89 12.40 7.89 7.95 12.02 7.51 5.60
6.70 6.69 6.69 8.97 6.59 6.59 6.05 6.05 6.77 5.90 7.38 7.38 7.35 7.35 7.35 7.35 7.41 7.41 7.41 7.41 7.46 7.46 7.46 5.96 6.07 7.58 7.58 7.58 7.66 7.66 10.93 7.33 7.65 7.65 7.65 7.65 7.53 8.23 8.07 7.53 7.12 7.12 7.12 7.33 7.10 7.10 6.92 6.76 6.76 6.76 5.48 5.48 5.48 7.79 7.79 8.36 7.79 7.79 7.79 7.69 7.04 7.79 8.24 5.46 6.11 5.28 7.76 4.13 5.01 5.01 4.88 5.32 5.59 5.15 5.15 4.09 7.89 11.51 11.96 7.89 7.00 8.06 5.06 5.60
