New_Model_Runs/11_Future_RCP4.5_Scn1_out/post_prcessed_with_MFR/Monthly_summaries/net_infiltration_monthly_AUG.asc
NCOLS 700
NROWS 400
XLLCENTER 515000.000000
YLLCENTER 8409000.000000
CELLSIZE 50.000000
NODATA_value -999.000000
[rows 114 to 151 of 400, columns 504 to 587 of 700]
5.03 5.03 5.03 5.03 4.83 5.01 4.83 4.83 4.44 4.44 4.44 4.44 4.45 4.45 4.45 4.45 4.49 4.51 4.51 4.51 4.51 7.92 4.29 4.51 3.67 4.02 4.05 3.14 4.05 3.67 3.67 3.67 3.67 4.02 4.02 7.65 7.67 7.74 3.63 4.49 3.91 3.91 3.91 3.91 7.57 3.94 4.05 3.94 3.90 3.90 3.90 3.90 3.82 3.82 3.82 3.82 3.85 3.06 3.06 3.06 3.28 3.33 3.09 3.09 3.09 3.24 3.24 3.09 3.16 3.02 3.02 3.02 3.27 3.46 3.27 3.27 3.40 4.83 4.51 0.00 0.00 0.00 0.00 0.00
5.03 5.03 5.03 5.03 4.83 4.83 4.83 4.83 4.44 4.44 4.44 4.44 4.45 4.45 4.45 4.45 4.49 4.49 4.49 4.51 4.51 8.13 7.72 7.72 6.81 3.67 4.05 4.05 4.04 3.67 7.30 6.81 7.30 7.65 7.65 4.02 4.05 7.67 7.26 7.26 3.91 3.91 3.91 3.91 7.57 7.79 3.94 3.94 3.90 3.90 3.90 3.90 3.82 3.82 3.82 3.82 3.85 3.06 3.06 3.06 3.28 3.47 3.09 3.09 3.09 3.09 3.09 3.09 3.02 3.02 3.02 3.02 3.27 3.27 3.46 3.46 3.40 3.37 3.81 3.37 7.57 7.45 7.36 7.13
4.79 4.79 4.79 4.97 4.89 4.71 4.71 4.71 4.50 4.50 4.50 4.50 4.56 4.56 4.56 4.56 4.57 4.57 4.57 4.57 4.82 4.82 4.58 4.58 4.06 6.81 6.81 6.81 7.68 7.68 7.68 3.67 4.07 4.07 4.07 4.07 4.09 4.09 4.09 6.81 7.52 3.89 3.99 3.27 3.99 7.52 7.52 7.52 3.88 3.27 3.88 3.88 3.82 3.82 3.82 3.82 3.82 3.03 3.03 3.03 3.02 3.02 3.02 3.02 3.02 3.02 3.02 3.02 3.03 3.03 3.03 3.03 3.31 3.31 3.51 3.51 3.41 2.92 2.98 3.37 3.55 3.23 3.11 3.11
4.79 4.79 4.79 4.79 4.71 4.71 4.71 4.71 4.50 4.50 4.50 4.50 4.56 4.56 4.56 4.56 4.57 4.57 4.57 4.57 4.58 4.58 4.58 4.58 3.14 4.06 4.06 4.06 4.05 4.05 3.41 4.05 4.07 4.07 4.07 4.07 4.09 4.09 4.09 4.09 7.52 7.52 3.89 3.89 3.89 3.89 3.89 3.40 7.50 6.35 2.98 3.13 3.11 3.82 3.82 3.82 3.82 3.03 3.03 3.03 3.02 3.02 3.02 3.02 3.02 3.02 3.02 3.02 3.03 3.03 3.03 3.03 3.31 3.51 3.51 3.31 3.41 3.41 2.92 2.92 3.99 3.83 3.37 3.37
4.79 4.79 4.79 4.79 4.71 4.71 4.71 4.71 4.50 4.50 4.50 4.50 4.56 4.56 4.56 4.56 4.57 4.57 4.57 4.57 4.58 4.58 4.58 4.58 4.06 4.06 4.02 4.06 4.05 4.05 4.05 4.05 4.07 4.07 4.07 4.07 4.09 4.09 4.09 4.09 3.89 7.52 7.52 7.52 7.52 3.89 7.96 6.90 6.90 6.90 2.98 2.98 3.82 3.92 3.82 3.82 3.82 3.03 3.03 3.03 3.02 3.02 3.02 3.17 3.02 3.17 3.02 3.02 3.03 3.03 3.03 3.03 3.31 3.51 3.51 3.51 3.41 3.41 2.92 2.94 3.99 4.29 3.80 2.92
4.79 4.79 4.79 4.79 4.71 4.71 4.71 4.71 4.50 4.50 4.50 4.50 4.56 4.56 4.56 4.56 4.57 4.57 4.57 4.57 4.58 4.58 4.58 4.58 4.06 4.06 4.06 4.06 4.05 4.05 4.05 4.05 4.07 4.07 4.07 4.07 4.09 4.09 4.09 4.09 3.89 3.89 3.89 3.89 6.35 6.35 6.79 3.42 6.61 7.50 3.98 3.99 3.27 3.82 3.82 3.82 3.82 3.03 3.03 3.03 3.02 3.02 3.17 3.02 3.02 3.02 3.02 3.02 3.03 3.03 3.03 3.03 3.31 3.31 3.71 3.51 3.61 3.64 3.24 3.24 3.80 5.32 3.99 2.91
4.77 4.77 4.77 4.77 4.88 4.88 4.88 4.88 4.67 4.67 4.67 4.67 4.67 4.67 4.67 4.67 4.67 4.67 4.67 4.67 4.66 4.66 4.66 4.66 4.14 4.14 3.67 4.14 4.14 4.14 4.14 4.14 4.15 4.15 4.15 4.15 4.16 3.67 3.67 3.67 3.92 3.92 3.92 3.27 2.98 7.96 6.90 3.88 2.98 3.85 3.85 3.85 3.77 3.77 3.77 3.87 3.78 3.00 3.00 3.00 3.01 3.01 3.01 3.01 3.06 3.06 3.06 3.06 3.09 3.09 3.09 3.09 3.33 3.33 3.33 3.33 3.29 3.10 3.10 3.24 3.36 4.24 2.96 2.95
4.77 4.77 4.77 4.77 4.88 4.88 4.88 4.88 4.67 4.67 4.67 4.67 4.67 4.67 4.67 4.67 4.67 4.67 4.67 4.67 4.66 4.66 4.66 4.66 4.14 3.67 3.41 3.41 4.14 4.14 4.14 4.14 4.15 4.15 4.15 4.15 4.16 3.67 3.67 3.67 3.92 6.35 6.35 3.27 3.27 7.51 3.27 3.88 3.85 3.85 3.85 3.85 3.77 3.77 3.77 3.77 3.78 3.00 3.00 3.00 3.01 3.01 3.01 3.01 3.06 3.06 3.06 3.06 3.09 3.09 3.09 3.09 3.33 3.33 3.33 3.33 3.41 3.41 3.41 3.24 2.91 2.91 2.96 2.91
4.77 4.77 4.77 4.77 4.88 4.88 4.88 4.88 4.67 4.67 4.67 4.67 4.67 4.67 4.67 4.67 4.67 4.67 4.67 4.67 4.66 4.66 4.66 4.66 4.14 4.31 3.41 3.41 3.41 4.14 4.14 3.67 3.41 3.67 3.67 4.15 2.37 4.16 3.67 3.41 6.61 3.75 6.93 6.90 6.90 3.88 3.88 3.88 3.85 3.85 3.85 3.85 3.77 3.77 3.77 3.77 3.97 3.00 3.00 3.00 3.01 3.01 3.01 3.01 3.06 3.06 3.06 3.06 3.09 3.09 3.09 3.09 3.33 3.33 3.33 3.33 3.41 3.41 3.61 3.61 2.92 2.98 3.67 3.47
4.77 4.77 4.77 4.77 4.88 4.92 4.88 4.88 4.67 3.88 4.83 4.87 4.84 4.67 4.67 4.67 3.88 4.67 4.67 4.67 4.66 4.66 4.66 4.66 4.14 4.31 3.67 3.41 3.41 4.14 4.14 3.67 3.41 3.41 3.67 3.67 3.67 4.16 4.16 7.03 3.98 3.42 3.71 3.92 3.88 3.88 3.88 3.88 3.85 3.85 3.85 3.85 3.77 3.77 3.77 3.77 3.78 3.00 3.00 3.00 3.01 3.01 3.01 3.01 3.06 3.06 3.06 3.06 3.09 3.09 3.09 3.09 3.33 3.33 3.33 3.33 3.41 3.41 3.61 3.61 3.68 3.68 3.62 3.47
4.94 4.94 4.94 4.94 5.00 5.00 5.20 5.00 4.70 4.70 5.08 4.70 4.71 4.71 4.71 4.87 4.89 4.72 4.55 4.51 4.72 4.72 4.72 4.72 4.21 4.38 4.38 4.65 4.65 4.21 4.21 3.67 3.41 4.29 4.82 3.86 3.41 3.41 7.79 7.79 3.93 3.93 3.93 3.93 3.92 3.92 3.92 3.92 3.88 4.09 3.88 3.88 3.75 3.75 3.75 3.75 3.78 2.99 2.99 2.99 3.04 3.04 3.04 3.19 3.25 3.25 3.10 3.10 3.13 3.13 3.13 3.42 3.35 3.35 3.35 3.35 3.37 3.37 3.57 3.60 3.78 3.38 3.38 3.38
4.94 4.94 4.94 4.94 5.00 5.00 5.00 5.00 4.70 4.87 4.70 4.70 4.71 4.71 4.71 4.71 4.93 4.93 4.55 4.75 4.75 4.72 4.72 4.72 4.21 5.27 4.37 6.01 6.29 5.84 4.65 4.21 4.30 5.46 5.46 2.74 4.13 6.87 4.16 4.16 4.15 3.93 3.93 3.93 3.92 3.92 3.92 3.92 4.09 3.88 3.88 3.88 3.75 3.75 3.75 3.75 3.78 2.99 2.99 2.99 3.04 3.19 3.23 3.04 3.10 3.10 3.29 3.25 3.13 3.28 3.28 3.13 3.64 3.35 3.35 3.35 3.37 3.37 3.53 3.37 3.38 3.38 3.38 3.38
4.94 4.94 4.94 4.94 5.00 5.00 5.00 5.00 4.70 4.70 4.70 4.70 4.71 4.71 4.71 4.71 4.72 4.55 4.99 5.05 4.27 3.88 8.80 5.38 5.71 3.22 9.19 9.63 10.08 7.73 8.75 8.14 8.64 9.53 7.76 7.76 8.96 4.50 4.16 4.30 3.93 3.93 3.93 4.07 4.06 4.06 3.92 4.06 4.01 3.88 3.88 3.88 3.75 3.75 3.75 3.75 3.78 2.99 2.99 2.99 3.04 3.04 3.04 3.04 3.10 3.10 3.10 3.10 3.28 3.13 3.13 3.13 3.35 3.35 3.64 3.35 3.37 3.53 3.37 3.37 3.38 3.38 3.38 3.38
4.94 4.94 4.94 4.94 5.00 5.00 5.00 5.00 4.70 4.70 4.70 4.70 4.71 4.88 4.88 4.71 4.72 4.51 4.99 5.88 9.26 8.43 9.00 6.48 3.66 7.73 5.96 8.31 8.31 3.22 9.19 6.40 7.76 7.76 8.37 4.27 4.16 4.16 4.16 4.16 3.93 3.93 3.93 4.07 4.06 4.06 2.99 4.07 4.01 4.01 4.01 3.97 3.75 3.75 3.75 3.75 3.96 2.99 2.99 2.82 3.04 3.04 2.82 2.82 3.10 3.10 3.10 3.25 3.13 3.13 3.13 3.13 3.35 3.35 3.35 3.35 3.37 3.37 3.37 3.37 3.38 3.38 3.38 3.53
5.03 5.03 5.03 5.03 5.05 5.05 5.05 5.05 4.70 4.70 4.70 4.70 4.71 4.71 4.71 4.71 4.73 4.51 4.55 5.49 9.71 7.98 5.05 3.05 7.29 6.40 8.31 0.00 0.00 0.00 0.00 0.00 0.00 7.76 8.64 5.06 4.15 4.15 4.15 4.15 3.96 7.59 7.75 6.85 3.66 3.66 2.78 3.71 3.30 4.00 4.00 3.86 3.77 3.97 3.86 3.89 3.82 3.03 3.03 2.79 2.79 2.79 2.79 2.82 3.04 3.19 3.04 3.04 3.07 3.07 3.07 3.07 3.29 3.44 3.29 3.44 3.31 3.31 3.31 3.31 3.30 3.30 3.45 3.30
5.03 5.03 5.03 5.03 5.29 5.29 5.29 5.29 4.91 4.70 4.70 4.70 4.71 4.71 4.71 4.71 4.29 4.51 4.55 5.43 5.05 8.24 6.24 9.66 5.96 0.00 0.00 0.00 0.00 0.00 0.00 0.00 0.00 0.00 7.26 4.18 4.15 4.15 4.15 4.15 7.65 6.62 3.29 4.62 8.18 4.11 4.54 3.27 4.01 4.00 4.00 3.86 3.77 3.77 3.77 3.77 4.00 3.03 3.03 2.82 2.79 2.79 2.85 3.02 3.04 3.04 3.04 3.04 3.07 3.07 3.07 3.07 3.29 3.29 3.29 3.29 3.31 3.31 3.31 3.31 3.30 2.80 3.30 3.30
4.75 4.75 4.75 4.75 4.97 4.97 4.79 4.97 4.63 4.47 4.47 4.47 4.47 4.47 4.47 4.47 4.54 4.49 4.53 5.47 5.03 5.03 5.99 9.62 4.07 0.00 0.00 0.00 0.00 0.00 0.00 0.00 0.00 0.00 0.00 7.90 4.14 4.14 7.77 7.94 4.56 4.61 4.18 3.91 9.12 4.55 4.21 4.11 4.14 4.02 4.12 4.02 3.95 3.95 3.95 3.95 3.53 2.74 2.74 2.50 2.46 2.39 2.56 2.86 2.75 2.75 2.75 2.75 2.78 2.78 2.78 2.78 2.88 2.88 2.88 2.88 2.89 2.89 2.89 3.17 2.89 2.89 2.89 2.89
4.75 4.75 4.75 4.75 4.76 4.97 4.97 4.97 4.58 4.58 4.63 4.47 4.47 4.47 4.47 4.53 4.54 4.49 4.53 5.12 4.71 4.71 4.67 8.29 0.00 0.00 0.00 0.00 0.00 0.00 0.00 0.00 0.00 0.00 0.00 0.44 8.24 7.77 3.63 0.00 0.00 3.29 4.18 6.38 7.91 4.23 4.11 4.11 4.02 4.12 4.02 4.10 3.95 3.95 3.95 3.95 3.53 2.74 2.74 2.42 2.39 2.50 2.55 2.74 2.75 2.83 2.75 2.75 2.78 2.78 2.78 2.78 2.88 2.88 2.88 3.01 3.02 2.89 2.89 2.89 2.89 2.89 2.89 2.89
4.77 4.77 4.77 4.77 4.78 4.78 4.61 4.61 4.66 4.66 4.66 4.50 4.53 4.54 4.71 4.54 4.54 4.98 4.48 4.68 4.46 4.46 8.16 0.00 0.00 0.00 0.00 0.00 0.00 0.00 0.00 0.00 0.00 0.00 0.00 4.55 4.12 0.00 0.00 0.00 0.00 0.00 0.00 2.58 8.24 4.19 4.17 4.07 4.02 4.02 4.02 4.02 3.99 3.99 3.99 3.99 3.59 2.82 2.82 2.39 2.46 2.50 2.50 2.76 2.79 2.79 2.79 2.79 2.73 2.73 2.73 2.73 2.84 2.84 2.84 2.84 2.87 2.87 2.87 2.87 2.89 2.89 2.89 2.89
4.77 4.77 4.77 4.94 4.95 4.78 5.01 5.05 5.15 5.03 4.66 4.50 4.49 4.54 5.47 5.59 5.54 6.87 6.04 4.48 8.09 8.09 0.00 0.00 0.00 0.00 0.00 0.00 0.00 0.00 0.00 0.00 0.00 0.00 0.00 0.00 0.00 0.00 0.00 0.00 0.00 0.00 0.00 1.77 8.62 4.10 4.19 4.19 4.13 4.02 4.02 4.02 3.99 3.99 3.99 3.99 3.59 2.82 2.85 2.82 2.76 2.76 2.76 2.76 2.79 2.79 2.79 2.79 2.73 2.73 2.73 2.73 2.84 2.97 2.84 2.84 2.87 2.87 3.03 3.03 3.06 3.06 3.06 3.06
4.77 4.77 4.77 4.77 4.78 4.78 4.95 4.80 5.15 5.02 4.58 5.15 5.15 5.03 9.17 8.73 8.73 10.06 0.00 0.00 0.00 0.00 0.00 0.00 0.00 0.00 0.00 0.00 0.00 0.00 0.00 0.00 0.00 0.00 0.00 0.00 0.00 0.00 0.00 0.00 0.00 0.00 0.00 0.00 8.24 4.19 4.19 4.19 4.13 4.13 4.02 4.02 3.99 3.99 3.99 3.99 3.59 2.82 2.82 2.82 2.76 2.76 2.76 2.76 2.79 2.79 2.79 2.79 2.73 2.73 2.73 2.73 2.84 3.12 2.84 2.84 2.87 2.87 3.00 3.21 3.06 3.06 3.08 3.06
4.77 4.77 4.77 4.77 4.78 4.75 5.22 5.06 6.80 5.99 8.73 8.73 8.73 0.00 0.00 0.00 0.00 0.00 0.00 0.00 0.00 0.00 0.00 0.00 0.00 0.00 0.00 0.00 0.00 0.00 0.00 0.00 0.00 0.00 0.00 0.00 0.00 0.00 0.00 0.00 0.00 0.00 0.00 4.21 8.25 4.70 4.51 4.07 4.02 4.02 4.02 4.02 3.99 3.99 3.99 3.99 3.59 2.82 2.82 2.82 2.93 2.93 2.93 2.76 2.79 2.79 2.79 2.79 2.73 2.73 2.73 2.73 2.84 3.08 2.96 2.84 2.87 2.87 2.87 2.87 2.89 2.89 3.06 3.06
4.75 4.75 4.75 4.75 4.97 4.38 5.24 6.46 7.32 9.62 0.00 0.00 0.00 0.00 0.00 0.00 0.00 0.00 0.00 0.00 0.00 0.00 0.00 0.00 0.00 0.00 0.00 0.00 0.00 0.00 0.00 0.00 0.00 0.00 0.00 0.00 0.00 0.00 0.00 0.00 0.00 0.00 0.00 4.04 4.56 8.33 8.14 8.14 4.67 4.54 4.07 4.07 4.07 4.07 4.07 4.07 3.67 3.07 3.07 3.07 3.01 3.01 3.01 3.01 2.79 2.79 2.79 2.79 2.75 2.75 2.75 2.74 2.80 2.80 2.80 2.80 2.86 2.86 2.86 2.86 2.91 2.91 2.91 2.91
4.75 4.75 4.75 4.75 5.14 5.05 3.08 9.30 0.00 0.00 0.00 0.00 0.00 0.00 0.00 0.00 0.00 0.00 0.00 0.00 0.00 0.00 0.00 0.00 0.00 0.00 0.00 0.00 0.00 0.00 0.00 0.00 0.00 0.00 0.00 0.00 0.00 0.00 0.00 0.00 0.00 0.00 0.00 0.00 0.00 0.00 0.00 8.30 6.88 5.45 4.54 4.10 4.26 4.07 4.07 4.07 3.67 3.07 3.07 3.07 3.01 3.01 3.01 3.01 2.90 2.90 2.79 2.79 2.75 2.75 2.75 2.74 2.80 2.80 2.80 2.80 2.86 2.86 2.86 2.86 2.91 2.91 2.91 2.91
4.75 4.75 4.75 4.57 4.57 5.05 9.30 0.00 0.00 0.00 0.00 0.00 0.00 0.00 0.00 0.00 0.00 0.00 0.00 0.00 0.00 0.00 0.00 0.00 0.00 0.00 0.00 0.00 0.00 0.00 0.00 0.00 0.00 0.00 0.00 0.00 0.00 0.00 0.00 0.00 0.00 0.00 0.00 0.00 0.00 0.00 0.00 0.00 9.66 3.04 4.98 4.10 4.26 4.10 4.26 4.07 3.67 3.07 3.07 3.07 3.01 3.01 3.01 3.01 2.90 2.90 2.79 2.79 2.75 2.75 2.74 2.75 2.80 2.80 2.80 2.80 2.86 2.86 2.86 2.86 2.91 2.91 2.91 2.91
5.03 4.61 4.17 4.36 4.57 5.05 8.76 0.00 0.00 0.00 0.00 0.00 0.00 0.00 0.00 0.00 0.00 0.00 0.00 0.00 0.00 0.00 0.00 0.00 0.00 0.00 0.00 0.00 0.00 0.00 0.00 0.00 0.00 0.00 0.00 0.00 0.00 0.00 0.00 0.00 0.00 0.00 0.00 0.00 0.00 0.00 0.00 0.00 0.00 8.30 5.16 4.10 4.55 4.72 4.10 4.28 3.29 3.07 3.07 3.07 3.01 3.01 3.01 3.01 2.90 2.90 2.79 2.79 2.75 2.75 2.75 2.75 2.80 2.80 2.80 2.80 2.86 2.86 2.86 2.86 2.91 2.91 2.91 3.08
4.74 4.57 4.17 4.36 4.74 5.18 7.80 0.00 0.00 0.00 0.00 0.00 0.00 0.00 0.00 0.00 0.00 0.00 0.00 0.00 0.00 0.00 0.00 0.00 0.00 0.00 0.00 0.00 0.00 0.00 0.00 0.00 0.00 0.00 0.00 0.00 0.00 0.00 0.00 0.00 0.00 0.00 0.00 0.00 0.00 0.00 0.00 0.00 0.00 7.85 6.22 9.18 6.65 8.68 5.05 6.82 4.45 2.56 3.11 3.11 2.62 3.02 3.04 3.02 2.75 2.75 2.75 2.75 2.68 2.68 2.68 2.68 2.79 2.79 2.79 2.79 2.88 2.88 2.63 2.63 2.48 2.92 2.92 2.81
4.74 4.36 4.36 4.57 5.18 4.74 8.36 0.00 0.00 0.00 0.00 0.00 0.00 0.00 0.00 0.00 0.00 0.00 0.00 0.00 0.00 0.00 0.00 0.00 0.00 0.00 0.00 0.00 0.00 0.00 0.00 0.00 0.00 0.00 0.00 0.00 0.00 0.00 0.00 0.00 0.00 0.00 0.00 0.00 0.00 0.00 0.00 0.00 0.00 0.00 5.78 3.51 6.38 8.68 5.76 7.54 4.90 2.77 2.62 2.62 2.62 3.02 3.02 3.02 2.85 2.75 2.92 2.74 2.68 2.68 2.68 2.68 2.79 2.79 2.79 3.03 2.88 2.88 2.88 2.88 2.92 2.92 6.55 6.25
4.74 4.74 5.69 2.58 8.24 3.63 0.00 0.00 0.00 0.00 0.00 0.00 0.00 0.00 0.00 0.00 0.00 0.00 0.00 0.00 0.00 0.00 0.00 0.00 0.00 0.00 0.00 0.00 0.00 0.00 0.00 0.00 0.00 0.00 0.00 0.00 0.00 0.00 0.00 0.00 0.00 0.00 0.00 0.00 0.00 0.00 0.00 0.00 0.00 0.00 9.18 6.67 10.07 7.98 5.50 4.10 3.06 2.62 2.81 3.30 3.02 3.05 3.02 2.85 2.85 2.85 2.85 2.85 2.68 2.68 2.68 2.68 2.79 2.79 2.79 2.91 2.88 2.88 2.63 2.46 2.46 6.08 5.83 6.08
4.74 4.74 5.06 8.24 0.00 0.00 0.00 0.00 0.00 0.00 0.00 0.00 0.00 0.00 0.00 0.00 0.00 0.00 0.00 0.00 0.00 0.00 0.00 0.00 0.00 0.00 0.00 0.00 0.00 0.00 0.00 0.00 0.00 0.00 0.00 0.00 0.00 0.00 0.00 0.00 0.00 0.00 0.00 0.00 0.00 0.00 0.00 0.00 0.00 0.00 0.00 8.27 9.18 7.11 5.59 4.28 3.12 2.93 2.93 2.93 2.97 2.85 2.85 2.85 2.75 2.75 2.75 2.75 2.68 2.68 2.68 2.68 2.86 2.87 2.79 2.79 2.88 2.88 2.88 2.88 2.46 2.46 2.46 2.93
5.46 9.13 0.00 0.00 0.00 0.00 0.00 0.00 0.00 0.00 0.00 0.00 0.00 0.00 0.00 0.00 0.00 0.00 0.00 0.00 0.00 0.00 0.00 0.00 0.00 0.00 0.00 0.00 0.00 0.00 0.00 0.00 0.00 0.00 0.00 0.00 0.00 0.00 0.00 0.00 0.00 0.00 0.00 0.00 0.00 0.00 0.00 0.00 0.00 0.00 0.00 8.74 3.48 5.89 4.56 4.54 2.84 2.65 2.50 2.85 2.72 2.72 2.72 2.72 2.71 2.71 2.71 2.71 2.71 2.71 2.71 2.71 2.86 2.85 2.86 2.86 2.88 2.88 2.88 2.88 2.93 2.46 2.48 2.93
8.32 0.00 0.00 0.00 0.00 0.00 0.00 0.00 0.00 0.00 0.00 0.00 0.00 0.00 0.00 0.00 0.00 0.00 0.00 0.00 0.00 0.00 0.00 0.00 0.00 0.00 0.00 0.00 0.00 0.00 0.00 0.00 0.00 0.00 0.00 0.00 0.00 0.00 0.00 0.00 0.00 0.00 0.00 0.00 0.00 0.00 0.00 0.00 0.00 0.00 0.00 9.63 10.51 7.08 5.00 4.98 3.63 2.50 2.99 2.85 2.72 2.72 2.72 2.72 2.70 2.71 2.71 2.71 2.71 2.71 2.71 2.71 2.86 2.86 2.86 2.86 2.88 2.88 2.88 2.88 2.93 2.93 2.93 2.48
0.00 0.00 0.00 0.00 0.00 0.00 0.00 0.00 0.00 0.00 0.00 0.00 0.00 0.00 0.00 0.00 0.00 0.00 0.00 0.00 0.00 0.00 0.00 0.00 0.00 0.00 0.00 0.00 0.00 0.00 0.00 0.00 0.00 0.00 0.00 0.00 0.00 0.00 0.00 0.00 0.00 0.00 0.00 0.00 0.00 0.00 0.00 0.00 0.00 0.00 0.00 4.93 9.55 5.29 3.96 3.89 4.06 2.99 2.99 3.42 3.36 3.29 3.29 3.29 3.20 3.20 3.20 3.20 3.20 3.20 3.20 3.20 3.31 3.31 3.31 3.31 3.41 3.41 3.58 3.58 3.46 3.46 2.98 3.99
0.00 0.00 0.00 0.00 0.00 0.00 0.00 0.00 0.00 0.00 0.00 0.00 0.00 0.00 0.00 0.00 0.00 0.00 0.00 0.00 0.00 0.00 0.00 0.00 0.00 0.00 0.00 0.00 0.00 0.00 0.00 0.00 0.00 0.00 0.00 0.00 0.00 0.00 0.00 0.00 0.00 0.00 0.00 0.00 0.00 0.00 0.00 0.00 0.00 0.00 0.00 4.05 8.12 4.33 4.05 3.89 4.06 2.99 2.99 3.42 3.29 3.29 3.29 3.29 3.20 3.20 3.20 3.20 3.20 3.20 3.20 3.20 3.31 3.31 3.31 3.31 3.41 3.41 3.41 3.41 3.46 3.46 6.99 7.43
0.00 0.00 0.00 0.00 0.00 0.00 0.00 0.00 0.00 0.00 0.00 0.00 0.00 0.00 0.00 0.00 0.00 0.00 0.00 0.00 0.00 0.00 0.00 0.00 0.00 0.00 0.00 0.00 0.00 0.00 0.00 0.00 0.00 0.00 0.00 0.00 0.00 0.00 0.00 0.00 0.00 0.00 0.00 0.00 0.00 0.00 0.00 0.00 0.00 0.00 0.00 4.50 5.73 4.60 3.72 3.89 3.78 2.99 2.99 3.26 3.20 2.93 2.93 3.20 3.25 3.25 3.25 3.25 3.20 3.30 3.30 3.30 3.33 3.24 3.33 3.33 3.38 3.38 3.38 3.38 6.54 6.54 0.00 0.00
0.00 0.00 0.00 0.00 0.00 0.00 0.00 0.00 0.00 0.00 0.00 0.00 0.00 0.00 0.00 0.00 0.00 0.00 0.00 0.00 0.00 0.00 0.00 0.00 0.00 0.00 0.00 0.00 0.00 0.00 0.00 0.00 0.00 0.00 0.00 0.00 0.00 0.00 0.00 0.00 0.00 0.00 0.00 0.00 0.00 0.00 0.00 0.00 0.00 0.00 7.58 8.11 4.02 4.49 3.72 3.72 3.61 3.26 3.26 3.31 2.93 2.93 3.09 3.28 3.25 3.25 3.25 3.25 3.20 2.99 3.30 3.30 3.33 3.59 2.98 2.98 3.53 3.38 3.38 3.38 3.63 0.00 0.00 0.00
0.00 0.00 0.00 0.00 0.00 0.00 0.00 0.00 0.00 0.00 0.00 0.00 0.00 0.00 0.00 0.00 0.00 0.00 0.00 0.00 0.00 0.00 0.00 0.00 0.00 0.00 0.00 0.00 0.00 0.00 0.00 0.00 0.00 0.00 0.00 0.00 0.00 0.00 0.00 0.00 0.00 0.00 0.00 0.00 0.00 0.00 0.00 0.00 0.00 7.58 4.04 3.89 3.72 3.82 4.04 3.89 3.61 3.61 3.26 3.26 3.20 3.09 3.09 3.28 3.25 3.25 3.25 3.25 3.20 2.99 3.30 3.30 3.33 2.98 2.96 2.98 2.98 3.38 3.38 7.01 0.00 0.00 0.00 0.00
0.00 0.00 0.00 0.00 0.00 0.00 0.00 0.00 0.00 0.00 0.00 0.00 0.00 0.00 0.00 0.00 0.00 0.00 0.00 0.00 0.00 0.00 0.00 0.00 0.00 0.00 0.00 0.00 0.00 0.00 0.00 0.00 0.00 0.00 0.00 0.00 0.00 0.00 0.00 0.00 0.00 0.00 0.00 0.00 0.00 0.00 0.00 0.00 7.74 3.77 3.77 4.02 3.72 3.72 4.04 3.72 3.61 3.61 3.26 3.26 3.20 3.28 3.09 6.90 3.25 3.25 3.25 6.88 7.27 3.20 2.93 2.99 3.02 3.02 2.96 2.96 2.98 2.98 3.38 6.54 0.00 0.00 0.00 0.00
