New_Model_Runs/11_Future_RCP4.5_Scn1_out/post_prcessed_with_MFR/Monthly_summaries/net_infiltration_monthly_JUN.asc
NCOLS 700
NROWS 400
XLLCENTER 515000.000000
YLLCENTER 8409000.000000
CELLSIZE 50.000000
NODATA_value -999.000000
[rows 180 to 215 of 400, columns 328 to 409 of 700]
10.74 10.74 10.74 10.74 10.77 12.65 10.77 10.77 10.85 12.80 12.80 12.80 12.80 14.93 12.80 12.80 12.80 12.80 10.98 10.07 9.32 9.14 9.14 9.14 9.19 9.19 9.19 9.19 9.22 9.22 9.22 9.22 9.24 9.24 10.44 10.44 9.27 9.27 9.27 9.27 9.29 9.41 9.29 9.29 9.25 9.25 9.25 9.25 9.23 9.78 9.23 8.59 3.10 3.96 9.76 6.18 0.00 0.00 0.00 0.00 0.00 0.00 0.00 0.00 0.00 0.00 0.00 0.00 0.00 0.00 0.00 0.00 0.00 0.00 0.00 0.00 0.00 0.00 0.00 0.00 0.00 0.00
10.74 10.74 10.74 16.30 10.77 10.77 10.77 12.69 12.80 12.80 12.80 12.80 12.80 12.80 12.80 14.93 12.80 12.80 10.98 10.98 11.46 9.14 9.14 9.14 9.19 9.19 9.19 9.19 9.22 9.22 9.22 9.22 9.24 9.24 10.44 9.24 9.27 9.27 9.27 9.67 11.46 9.29 9.29 9.29 9.25 9.25 9.25 9.25 9.23 9.23 9.35 9.23 12.90 9.44 9.87 9.60 12.47 6.20 8.96 0.00 0.00 0.00 0.00 0.00 0.00 0.00 0.00 0.00 0.00 0.00 0.00 0.00 0.00 0.00 0.00 0.00 0.00 0.00 0.00 0.00 0.00 0.00
10.74 10.74 10.74 16.30 10.77 10.77 12.69 14.78 12.80 12.80 12.80 12.80 12.80 12.80 12.80 12.80 12.80 12.80 10.98 9.11 9.14 9.14 9.14 9.14 9.19 9.19 9.19 9.19 9.22 9.22 9.22 9.22 9.24 9.24 9.24 9.24 9.27 9.27 10.48 9.27 11.46 9.29 9.41 9.29 9.25 9.25 11.54 9.25 9.23 9.23 9.23 9.23 9.23 9.23 9.23 9.23 11.07 6.20 6.20 11.76 0.00 0.00 0.00 0.00 0.00 0.00 0.00 0.00 0.00 0.00 0.00 0.00 0.00 0.00 0.00 0.00 0.00 0.00 0.00 0.00 0.00 0.00
10.74 10.74 12.69 12.69 10.77 10.77 12.69 12.69 12.80 12.80 12.80 12.80 12.80 12.80 12.80 14.93 12.80 12.80 10.98 9.11 9.14 9.14 9.14 9.14 9.19 9.19 9.19 9.19 9.22 9.22 9.22 9.22 9.24 9.24 9.24 9.24 9.27 9.27 9.27 9.27 9.29 9.29 9.29 9.29 9.25 9.25 9.36 9.25 9.23 9.23 9.23 9.23 9.23 9.23 9.33 9.23 9.09 8.34 6.20 6.20 15.27 11.76 0.00 0.00 0.00 0.00 0.00 0.00 0.00 0.00 0.00 0.00 0.00 0.00 0.00 0.00 0.00 0.00 0.00 0.00 0.00 0.00
12.62 10.74 16.31 16.31 12.69 12.69 12.69 12.69 12.80 12.80 12.80 14.93 12.80 12.80 12.80 12.80 12.80 10.98 9.13 10.33 9.21 9.21 9.21 9.21 9.22 9.22 9.22 9.22 9.22 9.82 10.42 10.42 10.44 13.44 9.24 9.24 9.23 9.23 10.44 10.44 9.34 9.21 9.21 9.21 9.31 9.18 9.18 9.18 9.16 9.28 9.16 9.16 9.16 9.16 9.16 9.16 8.61 8.68 12.02 9.81 7.06 6.20 11.85 11.85 0.00 0.00 0.00 0.00 0.00 0.00 0.00 0.00 0.00 0.00 0.00 0.00 0.00 0.00 0.00 0.00 0.00 0.00
10.74 12.62 10.74 10.74 12.69 12.69 12.69 12.69 12.80 12.80 12.80 14.93 12.80 12.80 12.80 12.80 16.23 14.63 14.63 14.63 9.65 9.21 9.21 9.21 9.22 9.22 9.22 9.22 9.22 9.22 9.22 9.22 9.24 13.44 13.44 9.24 9.23 9.23 9.23 9.23 9.21 9.21 9.21 9.21 9.18 9.18 9.18 9.18 9.16 9.16 9.16 9.16 9.16 9.16 9.16 9.16 8.61 8.61 8.61 11.07 11.50 9.54 8.56 8.56 8.48 11.85 0.00 0.00 0.00 0.00 0.00 0.00 0.00 0.00 0.00 0.00 0.00 0.00 0.00 0.00 0.00 0.00
10.74 10.74 10.74 10.74 12.69 12.69 12.69 12.69 12.80 12.80 12.80 12.80 12.80 12.80 12.80 16.18 16.23 14.63 14.63 14.63 9.21 9.66 9.21 9.21 9.22 9.22 9.22 9.22 9.22 9.22 9.22 9.22 10.44 9.24 13.44 13.44 13.44 9.23 9.23 9.23 9.21 9.21 9.21 9.21 9.18 9.18 9.18 9.18 9.16 9.16 9.16 9.16 9.16 9.16 9.16 9.16 8.61 8.61 8.61 8.61 11.00 10.65 8.56 8.56 8.48 8.48 8.48 11.99 0.00 0.00 0.00 0.00 0.00 0.00 0.00 0.00 0.00 0.00 0.00 0.00 0.00 0.00
10.74 10.74 10.74 10.74 12.69 12.69 12.69 12.69 12.80 12.80 12.80 12.80 12.80 12.80 12.80 16.18 14.63 14.63 14.63 14.63 14.80 9.21 9.21 9.21 9.22 9.22 9.22 9.22 9.22 9.22 9.22 9.22 10.43 10.44 10.44 15.13 15.13 13.44 9.23 9.23 9.21 9.21 9.21 9.21 9.18 9.18 9.18 9.18 9.16 9.16 9.16 9.16 9.16 9.16 9.16 9.16 8.61 8.61 8.61 9.57 8.56 8.56 8.56 8.56 8.48 8.48 8.48 8.48 11.85 0.00 0.00 0.00 0.00 0.00 0.00 0.00 0.00 0.00 0.00 0.00 0.00 0.00
10.79 10.79 10.79 10.79 12.69 12.69 12.69 12.69 12.80 12.80 12.80 12.80 12.80 12.80 12.80 16.25 9.20 9.20 9.20 9.20 9.24 9.24 10.98 9.24 9.21 9.21 9.21 9.21 9.22 9.22 9.22 9.22 9.23 9.23 13.43 16.45 10.89 9.23 9.23 9.23 9.22 9.22 9.22 9.22 9.20 9.20 9.20 9.20 9.18 9.18 9.18 9.18 9.15 9.15 9.15 9.15 8.54 8.54 8.54 8.54 8.51 8.51 8.51 8.51 8.50 8.50 8.50 8.34 12.47 0.00 0.00 0.00 0.00 0.00 0.00 0.00 0.00 0.00 0.00 0.00 0.00 0.00
10.79 10.79 10.79 10.79 10.74 12.69 12.69 12.69 12.80 12.80 12.80 12.80 12.80 12.80 12.80 12.80 9.20 9.20 9.20 9.20 9.24 9.24 9.24 9.24 9.21 9.21 9.21 9.21 9.22 9.22 9.22 9.22 9.23 10.43 10.43 9.23 10.43 9.23 10.43 10.43 9.22 9.22 9.22 9.22 9.20 9.20 9.20 9.20 9.18 9.18 9.18 9.18 9.15 9.15 9.15 9.15 8.54 8.54 8.54 8.54 8.51 10.65 8.51 8.51 8.50 8.50 8.34 6.20 0.00 0.00 0.00 0.00 0.00 0.00 0.00 0.00 0.00 0.00 0.00 0.00 0.00 0.00
10.79 10.79 10.79 10.79 10.74 10.74 12.69 12.69 12.80 12.80 12.80 12.80 12.80 12.80 12.80 10.98 9.20 9.20 9.20 9.20 9.24 9.24 9.24 9.24 9.21 9.21 9.21 9.21 9.22 9.22 9.22 9.22 9.23 9.23 9.23 9.23 9.23 9.23 9.23 9.23 9.93 9.22 9.22 9.74 12.34 12.34 12.34 12.34 12.31 11.46 12.31 12.31 13.30 9.15 9.15 9.15 8.54 8.54 8.54 8.54 10.65 10.65 11.00 8.93 8.50 11.95 2.69 6.20 0.00 0.00 0.00 0.00 0.00 0.00 0.00 0.00 0.00 0.00 0.00 0.00 0.00 0.00
10.79 10.79 10.79 12.67 10.74 10.74 10.74 10.74 10.71 14.93 12.80 12.80 12.80 12.80 12.80 10.98 9.20 9.20 9.20 9.20 9.24 9.24 9.24 9.24 9.21 9.21 9.21 9.21 9.22 9.22 9.22 9.22 9.23 9.23 9.23 9.23 9.23 9.23 9.23 9.23 9.22 9.22 9.22 9.22 9.20 12.34 14.13 12.34 12.74 13.04 12.72 12.72 12.62 9.15 9.15 9.15 8.54 8.54 8.54 8.54 8.51 8.51 11.00 11.00 8.50 8.96 6.20 12.47 0.00 0.00 0.00 0.00 0.00 0.00 0.00 0.00 0.00 0.00 0.00 0.00 0.00 0.00
10.89 10.89 10.89 10.89 12.68 10.82 10.82 10.82 10.78 10.78 10.78 12.80 12.80 12.80 12.80 10.98 9.23 9.23 9.23 9.23 9.28 9.28 9.28 9.28 9.24 9.24 9.24 9.24 9.25 9.25 9.25 9.25 9.25 9.25 9.25 9.25 9.24 9.24 9.24 9.24 9.21 9.21 9.21 9.34 9.21 9.21 9.21 9.21 13.04 9.76 13.04 10.62 10.62 11.46 9.23 10.93 8.57 8.57 8.57 11.00 8.53 8.53 11.00 11.00 8.53 8.96 6.20 0.00 0.00 0.00 0.00 0.00 0.00 0.00 0.00 0.00 0.00 0.00 0.00 0.00 0.00 0.00
10.89 10.89 10.89 10.89 10.82 10.82 10.82 10.82 10.78 10.78 10.78 10.78 10.76 10.76 12.80 10.98 9.23 9.23 9.23 9.23 9.28 9.28 9.28 9.28 9.24 9.24 9.24 9.24 9.25 9.25 9.25 9.25 9.25 9.25 9.25 9.25 9.24 9.24 9.24 9.24 9.21 9.21 9.21 9.21 9.21 9.21 9.21 9.21 9.24 10.19 14.99 11.48 4.82 10.19 14.00 12.60 8.57 8.57 8.57 8.57 8.53 11.00 11.00 10.65 8.53 11.85 0.00 0.00 0.00 0.00 0.00 0.00 0.00 0.00 0.00 0.00 0.00 0.00 0.00 0.00 0.00 0.00
10.07 12.89 10.07 10.07 10.00 10.00 12.09 10.00 9.60 9.60 9.60 9.60 9.58 9.58 9.10 9.10 9.17 9.17 9.17 9.17 9.22 9.22 9.22 9.22 9.28 9.28 9.28 9.28 9.29 9.29 9.29 9.29 9.29 9.29 9.29 9.29 9.28 9.28 9.28 9.28 8.89 8.89 8.89 8.89 8.89 8.89 8.89 8.89 8.92 10.20 9.65 9.92 9.06 5.98 5.12 12.19 8.82 8.39 8.39 8.39 8.78 11.55 11.17 10.74 8.35 6.15 0.00 0.00 0.00 0.00 0.00 0.00 0.00 0.00 0.00 0.00 0.00 0.00 0.00 0.00 0.00 0.00
10.07 10.07 13.16 10.07 10.00 11.72 10.00 10.00 9.60 9.60 9.60 9.60 9.58 11.73 9.10 9.10 9.17 9.17 9.17 9.17 9.22 9.22 9.22 9.22 9.28 9.28 9.28 9.28 9.29 9.29 9.29 9.29 9.41 9.29 9.29 9.29 9.28 9.28 9.28 9.28 8.89 8.89 8.89 8.89 8.89 8.89 8.89 8.89 8.92 8.92 12.06 10.77 8.12 11.20 5.55 7.34 6.75 13.32 8.82 8.39 9.21 9.67 10.10 8.78 8.35 0.00 0.00 0.00 0.00 0.00 0.00 0.00 0.00 0.00 0.00 0.00 0.00 0.00 0.00 0.00 0.00 0.00
10.13 10.13 10.13 10.13 10.02 10.02 10.02 10.02 9.61 9.61 9.61 9.61 9.61 11.76 9.13 9.13 9.16 9.28 9.16 9.16 9.20 9.20 9.20 9.20 9.39 9.27 9.27 9.27 9.27 9.27 9.27 9.27 9.28 9.28 9.28 9.28 9.32 9.32 9.32 9.32 8.93 8.93 8.93 8.93 8.90 8.90 8.90 8.90 8.91 8.91 10.78 10.77 10.77 9.92 7.77 0.00 0.00 0.00 6.15 12.32 9.67 9.67 11.59 12.32 6.15 0.00 0.00 0.00 0.00 0.00 0.00 0.00 0.00 0.00 0.00 0.00 0.00 0.00 0.00 0.00 0.00 0.00
10.13 10.13 10.13 10.13 10.02 10.02 10.02 10.02 9.61 9.61 9.61 9.61 9.61 9.13 9.13 9.13 9.16 9.16 9.16 9.16 9.20 9.20 9.32 9.20 9.27 9.39 9.27 9.27 9.27 9.27 9.79 9.27 9.28 9.28 9.40 9.28 9.32 9.32 9.32 9.43 8.93 8.93 8.93 8.93 8.90 8.90 8.90 8.90 8.91 8.91 13.55 5.55 8.20 7.34 0.00 0.00 0.00 0.00 0.00 0.00 6.58 12.33 11.90 0.00 0.00 0.00 0.00 0.00 0.00 0.00 0.00 0.00 0.00 0.00 0.00 0.00 0.00 0.00 0.00 0.00 0.00 0.00
10.13 10.13 11.88 11.83 10.02 10.02 10.02 11.61 9.61 9.61 9.61 9.61 9.61 9.13 9.13 9.13 9.16 9.16 9.16 9.16 9.20 9.20 9.20 9.20 9.27 9.27 9.27 9.27 9.27 9.27 9.27 9.27 9.28 9.28 9.28 9.28 9.32 9.32 12.73 12.84 12.78 12.69 11.80 8.93 8.90 8.90 8.90 8.90 8.91 8.91 9.34 4.08 7.77 0.00 0.00 0.00 0.00 0.00 0.00 0.00 0.00 3.51 0.00 0.00 0.00 0.00 0.00 0.00 0.00 0.00 0.00 0.00 0.00 0.00 0.00 0.00 0.00 0.00 0.00 0.00 0.00 0.00
10.13 11.88 10.13 10.13 10.02 10.02 10.02 10.02 9.61 9.61 9.61 9.61 9.61 9.13 9.13 9.13 9.16 9.16 9.16 9.16 9.20 9.20 9.20 9.20 9.27 9.27 9.27 9.27 9.27 9.27 9.27 9.27 9.28 9.28 9.39 9.39 9.42 9.43 9.32 13.27 11.21 13.64 11.39 11.39 8.90 8.90 8.90 13.12 13.55 9.77 8.91 11.39 6.30 0.00 0.00 0.00 0.00 0.00 0.00 0.00 0.00 0.00 0.00 0.00 0.00 0.00 0.00 0.00 0.00 0.00 0.00 0.00 0.00 0.00 0.00 0.00 0.00 0.00 0.00 0.00 0.00 0.00
11.85 10.11 10.11 10.11 9.99 9.99 9.99 12.34 11.24 9.60 9.60 9.60 9.13 9.25 9.13 9.13 9.17 9.17 9.17 9.17 9.19 9.19 9.19 9.19 9.27 9.27 9.27 9.27 9.24 9.24 9.24 9.24 9.23 9.23 9.23 9.23 9.29 9.29 9.81 9.72 12.92 12.06 13.98 13.12 12.69 8.94 12.69 6.92 7.77 14.29 12.41 8.90 12.81 0.00 0.00 0.00 0.00 0.00 0.00 0.00 0.00 0.00 0.00 0.00 0.00 0.00 0.00 0.00 0.00 0.00 0.00 0.00 0.00 0.00 0.00 0.00 0.00 0.00 0.00 0.00 0.00 0.00
10.11 10.11 10.11 11.85 13.04 12.54 11.70 11.57 11.24 9.60 9.60 9.60 9.13 9.13 9.25 9.13 9.17 9.17 9.17 9.17 9.19 9.19 9.19 9.19 9.27 9.27 12.44 12.44 9.24 9.24 9.24 9.24 9.23 9.23 9.23 9.23 9.29 9.29 9.29 9.72 14.07 6.83 5.55 11.21 16.63 8.94 6.49 0.00 0.00 0.00 0.00 12.81 0.00 0.00 0.00 0.00 0.00 0.00 0.00 0.00 0.00 0.00 0.00 0.00 0.00 0.00 0.00 0.00 0.00 0.00 0.00 0.00 0.00 0.00 0.00 0.00 0.00 0.00 0.00 0.00 0.00 0.00
10.11 11.85 10.11 10.11 9.99 9.99 11.70 9.99 9.60 9.60 9.60 9.60 9.13 9.13 9.13 9.13 9.17 9.17 9.68 9.17 9.19 9.19 9.19 9.19 9.40 9.27 12.44 12.44 12.39 9.24 9.24 9.24 9.23 9.23 9.23 9.23 9.29 9.29 9.29 9.29 9.39 12.49 8.31 6.92 0.00 0.00 0.00 0.00 0.00 0.00 0.00 0.00 0.00 0.00 0.00 0.00 0.00 0.00 0.00 0.00 0.00 0.00 0.00 0.00 0.00 0.00 0.00 0.00 0.00 0.00 0.00 0.00 0.00 0.00 0.00 0.00 0.00 0.00 0.00 0.00 0.00 0.00
10.11 10.11 11.85 10.11 9.99 9.99 9.99 9.99 9.60 9.60 9.60 9.60 9.13 9.13 9.13 9.13 9.17 9.17 9.17 9.17 9.19 9.19 9.19 9.19 9.27 12.44 14.23 12.44 12.39 12.39 12.39 9.24 9.23 9.23 9.23 9.23 9.29 9.29 12.47 12.47 12.28 9.73 0.00 0.00 0.00 0.00 0.00 0.00 0.00 0.00 0.00 0.00 0.00 0.00 0.00 0.00 0.00 0.00 0.00 0.00 0.00 0.00 0.00 0.00 0.00 0.00 0.00 0.00 0.00 0.00 0.00 0.00 0.00 0.00 0.00 0.00 0.00 0.00 0.00 0.00 0.00 0.00
10.08 10.08 10.08 10.08 9.95 9.95 9.95 9.95 9.59 9.59 9.59 9.11 9.11 9.11 9.11 9.11 9.16 9.16 9.16 9.16 9.19 9.19 9.19 9.19 9.26 12.42 12.42 12.42 12.42 12.42 12.42 12.42 9.25 9.25 9.25 9.25 9.27 9.27 9.27 12.43 11.77 12.81 0.00 0.00 0.00 0.00 0.00 0.00 0.00 0.00 0.00 0.00 0.00 0.00 0.00 0.00 0.00 0.00 0.00 0.00 0.00 0.00 0.00 0.00 0.00 0.00 0.00 0.00 0.00 0.00 0.00 0.00 0.00 0.00 0.00 0.00 0.00 0.00 0.00 0.00 0.00 0.00
10.08 10.08 10.08 10.08 9.95 9.95 9.95 9.95 9.59 9.59 9.59 9.11 9.11 9.11 9.11 9.11 9.16 9.16 9.16 9.16 9.19 9.19 9.19 9.19 9.26 9.26 12.42 12.42 12.42 13.59 12.42 12.42 9.25 9.25 9.25 9.25 9.27 9.27 9.27 12.43 8.91 12.81 0.00 0.00 0.00 0.00 0.00 0.00 0.00 0.00 0.00 0.00 0.00 0.00 0.00 0.00 0.00 0.00 0.00 0.00 0.00 0.00 0.00 0.00 0.00 0.00 0.00 0.00 0.00 0.00 0.00 0.00 0.00 0.00 0.00 0.00 0.00 0.00 0.00 0.00 0.00 0.00
10.08 10.08 10.08 10.08 9.95 9.95 9.95 9.95 9.59 11.23 11.23 9.11 9.11 9.23 9.11 9.11 9.16 9.16 9.16 9.16 9.31 9.19 9.19 9.19 9.26 9.26 9.26 12.42 12.42 12.42 12.42 12.42 9.25 9.25 9.25 9.25 9.27 9.27 9.27 9.27 8.91 12.81 0.00 0.00 0.00 0.00 0.00 0.00 0.00 0.00 0.00 0.00 0.00 0.00 0.00 0.00 0.00 0.00 0.00 0.00 0.00 0.00 0.00 0.00 0.00 0.00 0.00 0.00 0.00 0.00 0.00 0.00 0.00 0.00 0.00 0.00 0.00 0.00 0.00 0.00 0.00 0.00
10.08 10.08 10.08 10.08 9.95 12.98 9.95 9.95 9.59 9.59 9.11 9.11 9.11 9.11 9.11 9.11 9.16 9.16 9.16 9.16 9.19 9.19 9.19 9.19 9.26 9.26 9.26 9.26 9.26 9.26 9.26 12.42 9.25 9.25 9.25 9.25 9.27 9.70 9.27 9.27 11.82 0.00 0.00 0.00 0.00 0.00 0.00 0.00 0.00 0.00 0.00 0.00 0.00 0.00 0.00 0.00 0.00 0.00 0.00 0.00 0.00 0.00 0.00 0.00 0.00 0.00 0.00 0.00 0.00 0.00 0.00 0.00 0.00 0.00 0.00 0.00 0.00 0.00 0.00 0.00 0.00 0.00
10.08 13.94 13.94 10.08 9.92 9.92 9.92 9.92 9.58 9.58 9.09 9.09 9.11 9.11 9.11 9.11 9.16 9.16 9.16 9.16 9.20 9.20 9.20 9.20 9.25 9.25 12.39 12.39 9.27 9.27 9.27 9.27 12.45 9.29 9.29 9.29 9.28 11.48 12.33 10.13 13.24 0.00 0.00 0.00 0.00 0.00 0.00 0.00 0.00 0.00 0.00 0.00 0.00 0.00 0.00 0.00 0.00 0.00 0.00 0.00 0.00 0.00 0.00 0.00 0.00 0.00 0.00 0.00 0.00 0.00 0.00 0.00 0.00 0.00 0.00 0.00 0.00 0.00 0.00 0.00 0.00 0.00
14.49 13.94 13.94 13.94 9.92 9.92 9.92 9.92 9.58 9.58 9.09 9.09 9.11 9.11 9.11 9.11 9.16 9.16 9.16 9.16 9.20 9.20 9.20 9.20 9.25 9.25 12.39 12.39 12.42 9.27 9.27 11.59 12.84 11.59 9.29 9.29 9.28 10.13 9.60 12.25 12.81 0.00 0.00 0.00 0.00 0.00 0.00 0.00 0.00 0.00 0.00 0.00 0.00 0.00 0.00 0.00 0.00 0.00 0.00 0.00 0.00 0.00 0.00 0.00 0.00 0.00 0.00 0.00 0.00 0.00 0.00 0.00 0.00 0.00 0.00 0.00 0.00 0.00 0.00 0.00 0.00 0.00
12.59 12.44 12.44 12.44 9.10 9.10 9.10 9.10 8.81 8.23 8.23 8.23 8.25 8.25 8.25 8.25 8.30 8.30 8.30 8.30 8.33 8.33 11.04 13.66 8.55 8.55 8.55 11.22 11.24 11.24 12.16 11.27 11.31 10.80 12.17 8.58 8.57 8.57 6.62 0.00 0.00 0.00 0.00 0.00 0.00 0.00 0.00 0.00 0.00 0.00 0.00 0.00 0.00 0.00 0.00 0.00 0.00 0.00 0.00 0.00 0.00 0.00 0.00 0.00 0.00 0.00 0.00 0.00 0.00 0.00 0.00 0.00 0.00 0.00 0.00 0.00 0.00 0.00 0.00 0.00 0.00 0.00
9.18 9.18 9.18 9.18 9.10 9.10 9.10 9.10 8.81 8.23 8.23 8.23 8.25 8.25 8.25 8.25 8.30 8.30 8.30 8.30 8.33 8.33 8.33 11.04 8.55 8.55 8.55 8.55 11.24 11.24 11.24 12.16 9.01 8.08 13.88 12.09 12.45 0.00 0.00 0.00 0.00 0.00 0.00 0.00 0.00 0.00 0.00 0.00 0.00 0.00 0.00 0.00 0.00 0.00 0.00 0.00 0.00 0.00 0.00 0.00 0.00 0.00 0.00 0.00 0.00 0.00 0.00 0.00 0.00 0.00 0.00 0.00 0.00 0.00 0.00 0.00 0.00 0.00 0.00 0.00 0.00 0.00
9.10 9.10 9.10 10.56 9.09 9.09 9.09 9.09 8.85 8.27 8.27 8.27 8.27 8.27 8.27 8.27 8.30 8.30 8.30 8.30 11.04 11.04 8.33 11.04 8.53 9.48 8.53 8.53 8.55 8.55 11.23 11.23 14.77 0.00 0.00 0.00 0.00 0.00 0.00 0.00 0.00 0.00 0.00 0.00 0.00 0.00 0.00 0.00 0.00 0.00 0.00 0.00 0.00 0.00 0.00 0.00 0.00 0.00 0.00 0.00 0.00 0.00 0.00 0.00 0.00 0.00 0.00 0.00 0.00 0.00 0.00 0.00 0.00 0.00 0.00 0.00 0.00 0.00 0.00 0.00 0.00 0.00
9.10 9.10 9.10 9.10 9.09 9.09 9.09 9.09 8.85 8.27 8.27 8.27 8.27 9.22 8.27 8.27 8.30 8.30 8.30 8.30 11.04 11.04 11.04 11.04 9.48 8.53 8.53 11.19 8.55 8.55 8.98 11.23 0.00 0.00 0.00 0.00 0.00 0.00 0.00 0.00 0.00 0.00 0.00 0.00 0.00 0.00 0.00 0.00 0.00 0.00 0.00 0.00 0.00 0.00 0.00 0.00 0.00 0.00 0.00 0.00 0.00 0.00 0.00 0.00 0.00 0.00 0.00 0.00 0.00 0.00 0.00 0.00 0.00 0.00 0.00 0.00 0.00 0.00 0.00 0.00 0.00 0.00
9.10 9.10 9.10 9.10 9.09 9.09 9.09 9.09 8.27 8.27 8.27 8.27 8.27 8.27 10.95 8.27 8.30 8.30 8.30 8.30 10.24 11.04 11.04 11.04 11.19 8.53 8.53 11.19 11.23 13.37 13.88 0.00 0.00 0.00 0.00 0.00 0.00 0.00 0.00 0.00 0.00 0.00 0.00 0.00 0.00 0.00 0.00 0.00 0.00 0.00 0.00 0.00 0.00 0.00 0.00 0.00 0.00 0.00 0.00 0.00 0.00 0.00 0.00 0.00 0.00 0.00 0.00 0.00 0.00 0.00 0.00 0.00 0.00 0.00 0.00 0.00 0.00 0.00 0.00 0.00 0.00 0.00
9.10 9.10 9.10 9.10 9.09 9.09 9.09 9.09 8.27 8.27 8.27 8.27 8.27 8.27 10.95 10.95 8.30 8.30 8.30 8.30 10.41 11.13 11.33 11.04 11.19 8.53 8.53 11.19 12.17 14.74 0.00 0.00 0.00 0.00 0.00 0.00 0.00 0.00 0.00 0.00 0.00 0.00 0.00 0.00 0.00 0.00 0.00 0.00 0.00 0.00 0.00 0.00 0.00 0.00 0.00 0.00 0.00 0.00 0.00 0.00 0.00 0.00 0.00 0.00 0.00 0.00 0.00 0.00 0.00 0.00 0.00 0.00 0.00 0.00 0.00 0.00 0.00 0.00 0.00 0.00 0.00 0.00
