New_Model_Runs/11_Future_RCP4.5_Scn1_out/post_prcessed_with_MFR/Monthly_summaries/net_infiltration_monthly_AUG.asc
NCOLS 700
NROWS 400
XLLCENTER 515000.000000
YLLCENTER 8409000.000000
CELLSIZE 50.000000
NODATA_value -999.000000
[rows 111 to 147 of 400, columns 420 to 503 of 700]
8.89 8.89 8.89 8.89 8.92 8.92 5.92 5.92 5.94 5.94 5.94 5.94 6.03 6.03 6.03 6.03 6.09 6.09 6.09 6.09 6.23 6.23 6.23 6.67 9.12 9.57 10.07 9.59 9.82 6.76 9.65 9.46 9.09 8.49 8.49 8.49 10.02 8.65 8.03 5.36 5.87 5.29 5.29 5.29 4.91 5.49 4.91 4.91 4.88 4.88 4.88 4.88 4.93 4.93 4.93 4.93 5.05 6.48 7.00 12.08 7.98 7.54 6.65 13.90 7.93 7.93 6.66 6.66 5.07 5.07 8.91 11.60 11.35 9.50 9.50 9.45 8.25 8.25 8.25 8.25 8.42 8.42 9.42 9.42
8.85 8.85 8.85 8.85 8.90 10.04 8.90 5.92 5.91 5.91 6.66 5.91 6.05 6.05 6.05 6.05 6.16 6.16 6.16 6.16 6.27 6.27 6.27 8.38 9.12 9.12 7.31 12.80 7.20 6.76 9.65 8.93 5.38 7.12 5.38 8.08 8.02 8.02 9.85 5.35 5.29 5.29 5.29 5.29 4.90 4.90 4.90 4.90 4.90 4.90 4.90 4.90 5.01 5.01 5.01 5.01 6.48 6.48 11.64 10.59 6.63 6.65 7.93 9.60 7.93 7.93 7.93 3.34 3.70 5.06 8.89 9.65 9.42 8.69 8.69 8.69 8.26 8.26 8.26 8.26 8.42 9.41 9.66 9.41
8.85 8.85 9.98 8.85 8.90 8.90 8.90 5.92 6.62 5.91 7.13 5.91 6.05 6.05 6.05 6.05 6.16 6.16 6.16 6.16 6.27 6.27 7.94 9.12 9.12 9.12 6.89 10.52 9.65 7.20 13.06 7.79 5.38 5.38 5.38 5.38 5.35 5.35 5.35 5.35 5.29 5.29 5.29 5.29 4.90 4.90 4.90 4.90 4.90 4.90 4.90 4.90 5.01 5.01 5.01 7.56 5.08 7.00 10.59 6.96 9.44 7.93 7.93 6.66 7.93 7.93 6.00 3.34 3.34 6.16 8.89 8.89 8.69 8.69 9.50 8.69 8.26 8.26 8.26 8.26 8.42 9.41 9.41 9.41
8.42 9.48 8.42 9.50 8.47 8.47 8.47 5.65 5.64 5.64 5.64 5.64 6.59 5.84 5.84 5.84 5.95 5.95 5.95 5.95 6.05 6.05 8.56 8.56 8.57 8.57 8.56 6.30 6.78 9.96 11.30 11.66 8.69 7.59 5.35 5.35 5.32 5.32 5.32 5.32 5.31 5.31 5.31 5.31 5.22 5.22 5.22 5.22 5.23 5.23 5.23 5.23 5.33 5.33 5.33 8.05 8.67 8.67 5.28 6.86 8.31 8.31 8.02 5.33 5.31 6.28 7.31 6.28 3.52 3.52 10.11 9.33 9.12 9.12 9.12 9.12 8.67 8.67 8.67 8.67 9.89 10.16 10.16 9.89
8.42 8.42 8.42 8.42 8.47 8.47 8.47 8.47 5.64 5.64 5.64 5.64 5.84 5.84 5.84 5.84 5.95 5.95 5.95 5.95 6.05 8.52 9.49 8.52 8.54 8.56 8.56 8.98 6.52 11.70 9.97 9.06 8.93 10.28 7.06 5.35 5.32 5.32 5.32 5.32 5.31 5.31 5.31 5.31 5.22 5.22 5.22 5.22 5.23 5.23 5.23 5.82 5.33 5.33 5.33 5.33 8.67 8.67 9.11 9.11 8.49 8.31 8.02 5.33 5.31 6.28 6.28 6.28 3.52 3.52 7.86 9.33 9.12 9.12 9.12 9.12 8.67 8.67 8.67 8.67 10.95 10.14 9.89 9.89
8.60 8.60 8.60 8.60 8.66 8.66 8.66 8.66 5.72 5.72 5.72 5.72 5.90 5.90 5.90 5.90 5.93 5.93 5.93 5.93 6.00 8.44 8.44 8.44 8.47 8.47 8.47 6.02 6.17 6.17 8.48 5.71 9.97 8.93 8.48 8.17 8.14 5.34 5.34 5.34 5.29 5.29 8.06 8.06 9.70 5.25 5.25 5.25 5.24 5.24 5.24 5.24 5.86 5.87 5.32 8.03 8.47 8.67 8.67 8.67 10.14 8.49 7.98 5.31 5.28 7.93 7.93 9.06 8.69 3.52 7.86 9.27 9.87 9.09 9.09 9.09 8.62 8.62 8.62 8.62 9.88 9.63 9.63 8.62
8.60 8.60 8.60 8.60 8.66 8.66 8.66 8.66 8.60 5.72 5.72 5.72 5.90 5.90 5.90 5.90 5.93 5.93 5.93 5.93 6.00 8.44 8.44 6.00 6.02 6.02 6.02 7.42 6.17 7.97 8.48 10.13 13.00 8.93 8.48 8.69 8.69 8.14 8.14 8.14 8.06 8.06 8.06 8.06 7.90 5.25 5.84 5.25 5.24 5.83 5.24 5.24 5.32 5.32 5.32 8.03 8.14 8.14 5.34 5.34 7.98 7.98 8.78 5.31 5.28 5.28 5.28 7.93 7.83 7.83 9.27 9.27 9.09 9.09 9.09 9.09 8.62 9.33 8.62 8.62 9.63 8.62 8.62 8.62
8.60 8.60 8.60 8.60 8.66 8.66 8.66 8.66 8.60 5.72 5.72 5.72 5.90 5.90 5.90 5.90 6.69 6.70 5.93 5.93 6.00 6.00 6.00 6.00 6.02 6.02 6.02 6.02 7.97 7.59 8.69 9.13 10.55 5.90 8.48 8.17 8.14 9.31 8.14 9.29 8.06 8.06 8.06 8.06 7.90 5.25 5.25 5.25 5.24 5.83 5.24 5.24 5.32 5.32 5.87 5.87 5.34 5.34 5.34 5.34 5.97 7.98 10.34 5.90 5.28 5.28 5.28 5.87 9.63 8.94 9.27 9.27 9.09 9.09 9.09 9.09 8.62 9.33 8.62 8.62 8.62 9.34 8.62 8.62
8.60 8.60 8.60 8.60 8.66 8.66 8.66 8.66 8.60 5.72 5.72 5.72 5.90 5.90 5.90 5.90 5.93 5.93 5.93 5.93 6.00 6.00 6.00 6.00 6.02 6.78 6.02 6.02 6.17 8.97 5.35 8.17 11.80 9.08 8.17 8.17 8.14 8.14 8.14 8.14 5.29 5.29 5.29 5.29 5.25 6.12 5.84 5.25 5.24 5.24 5.24 5.24 5.32 5.32 5.32 5.32 5.34 5.34 5.34 5.34 5.31 7.98 7.98 5.31 6.16 5.87 5.28 5.28 5.22 7.83 9.27 9.27 9.09 9.09 9.09 9.09 8.62 8.62 8.62 8.62 8.62 8.62 8.62 9.29
8.87 8.87 8.87 8.87 8.86 8.86 8.86 8.86 8.81 8.81 5.84 5.84 5.98 5.98 5.98 5.98 5.93 5.93 5.93 5.93 5.92 5.92 5.92 5.92 5.97 5.97 5.97 5.97 6.16 5.34 5.34 8.69 9.52 5.90 10.81 8.17 8.12 5.33 5.33 5.33 5.32 5.32 5.32 5.32 5.27 6.14 5.86 5.27 5.26 5.26 5.26 5.85 5.29 5.29 5.29 6.19 5.32 5.32 5.32 5.32 5.26 5.26 5.26 5.26 5.22 5.22 5.22 5.22 5.17 5.75 9.12 9.12 9.02 9.02 9.02 9.02 8.46 8.46 8.46 9.15 8.38 9.07 8.38 9.07
8.87 8.87 10.52 8.87 8.86 8.86 8.86 8.86 8.81 8.81 5.84 5.84 5.98 5.98 5.98 5.98 5.93 5.93 5.93 5.93 5.92 5.92 6.68 5.92 5.97 5.97 8.39 8.39 8.68 8.15 8.15 8.69 9.52 9.13 12.09 8.17 10.01 5.33 5.33 5.33 5.32 5.32 5.32 5.32 5.86 5.86 5.27 5.27 5.26 5.26 5.85 5.26 5.29 5.29 5.29 5.29 5.32 5.87 5.32 5.32 5.26 5.26 5.85 6.45 6.33 5.80 5.22 5.22 5.17 5.17 9.12 9.12 9.80 9.02 9.80 9.02 8.46 8.46 8.46 8.46 8.38 8.38 8.38 8.38
8.87 8.87 10.52 10.52 8.86 8.86 8.86 9.86 8.81 8.81 8.81 5.84 5.98 5.98 5.98 5.98 5.93 5.93 5.93 5.93 5.92 5.92 5.92 5.92 5.97 8.39 8.39 8.39 8.68 8.15 8.25 10.07 12.11 8.48 8.48 8.17 8.12 5.33 5.33 5.33 5.32 5.87 5.32 5.32 5.27 5.27 5.27 5.27 5.26 5.85 5.26 5.26 5.29 5.29 5.29 5.29 5.32 5.32 5.32 5.32 5.26 5.26 5.26 5.26 5.80 5.22 5.22 5.22 5.17 5.75 10.20 9.12 9.02 9.02 9.02 9.02 8.46 8.46 8.46 8.46 8.38 8.38 8.38 8.38
8.87 10.52 10.52 10.52 10.50 10.50 10.50 10.38 9.50 8.81 8.81 5.84 5.98 5.98 5.98 5.98 5.93 5.93 5.93 5.93 5.92 5.92 5.92 5.92 5.97 5.97 5.97 5.97 6.16 5.34 5.34 5.45 12.11 8.69 8.48 8.69 8.12 5.33 5.33 5.33 5.32 5.32 5.32 5.32 5.27 5.27 5.27 5.27 5.26 5.26 5.85 5.26 5.29 5.29 5.29 6.18 5.32 5.32 5.32 5.32 5.26 5.26 5.26 5.82 5.22 5.22 5.22 5.22 5.17 6.29 9.12 9.88 9.02 9.02 9.02 9.02 8.46 8.46 8.46 8.46 8.38 8.38 8.38 8.38
8.93 10.60 9.84 10.60 10.63 10.63 10.63 10.43 8.44 9.50 9.50 8.94 6.05 8.52 8.52 6.05 6.00 6.00 6.00 8.44 5.91 5.91 7.14 5.91 5.91 5.91 5.91 5.91 6.12 5.31 5.31 7.06 8.48 8.69 12.30 8.69 8.10 8.10 5.31 5.31 5.29 5.29 5.29 5.29 5.30 5.30 5.30 5.30 5.27 5.27 5.27 5.27 5.26 5.26 5.26 5.85 5.27 5.27 5.27 5.27 5.18 5.77 5.18 5.18 5.14 5.14 5.14 5.14 5.12 5.12 9.00 9.00 8.98 8.98 8.98 8.98 8.48 8.48 8.48 8.48 8.49 8.49 8.49 8.49
9.01 9.84 10.60 9.84 10.63 9.99 10.43 11.60 9.33 9.33 9.33 10.13 8.57 8.52 8.52 8.52 8.56 8.44 8.44 8.56 8.97 5.91 5.91 5.91 5.91 5.91 5.91 5.91 6.12 5.31 5.31 5.31 7.06 8.48 8.69 8.69 8.10 8.10 5.31 5.31 5.29 5.29 5.29 5.29 5.30 5.85 5.30 5.30 5.27 5.27 5.27 5.27 5.26 5.26 5.26 5.26 5.27 5.27 5.27 6.41 5.18 5.77 5.18 5.18 5.14 5.14 5.14 5.14 5.12 6.24 9.00 9.00 8.98 8.98 8.98 8.98 8.48 8.48 8.48 8.48 8.49 8.49 8.49 8.49
9.84 9.84 9.99 10.43 8.88 8.44 10.63 10.63 9.33 10.21 12.96 13.40 12.64 12.18 9.48 9.48 9.48 9.93 5.85 8.56 8.30 8.30 5.91 5.91 5.91 5.91 5.91 5.91 6.12 5.31 5.31 5.31 5.95 10.75 7.59 8.69 8.48 8.10 8.10 5.31 5.29 5.29 5.29 5.87 5.30 5.30 5.30 5.30 5.27 5.27 5.27 5.27 5.26 5.26 5.26 5.26 5.27 5.27 5.27 5.86 5.80 5.77 5.18 5.18 5.14 5.14 5.14 5.14 5.12 5.12 9.00 9.00 8.98 8.98 8.98 8.98 8.48 8.48 8.48 8.48 8.49 8.49 8.49 8.49
9.84 10.43 10.36 10.88 11.10 11.10 11.32 8.44 2.98 9.33 7.05 14.50 9.71 8.56 8.56 8.52 8.88 6.30 8.44 8.56 9.85 8.57 10.13 5.91 5.91 5.91 5.91 5.91 6.12 6.81 5.31 5.31 5.33 5.33 5.33 10.37 8.69 9.00 8.10 8.10 5.29 5.29 5.29 5.29 5.30 5.30 5.30 5.30 5.27 5.27 5.27 5.27 5.84 5.84 5.26 5.26 5.27 5.27 5.27 5.27 5.18 5.76 5.18 5.18 5.14 5.14 5.14 5.14 5.12 5.12 9.00 9.00 8.98 8.98 8.98 8.98 8.48 8.48 8.48 8.48 8.49 8.49 8.49 8.49
11.04 9.77 9.77 9.33 10.66 5.19 11.54 10.21 2.98 9.84 9.33 12.96 10.87 8.56 8.57 8.57 8.48 8.48 9.50 8.56 8.56 9.00 7.55 5.94 5.87 5.87 6.37 5.87 6.04 5.29 5.29 5.29 5.31 5.31 8.10 10.37 8.69 8.69 9.28 8.12 9.97 5.94 5.31 7.16 8.02 8.02 8.02 5.32 5.28 5.28 5.28 5.28 5.23 5.82 5.23 5.23 5.22 5.22 5.22 5.22 5.14 5.14 5.14 5.14 5.16 5.16 5.16 5.16 5.16 5.16 9.10 9.10 9.08 9.08 9.08 9.08 8.66 8.66 8.66 8.66 8.69 8.69 8.69 8.69
11.10 8.82 7.49 7.93 13.84 8.82 13.84 12.96 12.96 12.51 12.96 12.51 9.27 10.29 8.57 9.51 8.48 8.57 8.56 8.57 9.49 9.00 5.94 5.94 5.87 6.37 6.37 6.37 5.29 5.29 5.29 5.29 5.31 5.31 8.10 8.48 8.69 8.69 8.12 8.12 11.58 8.10 8.10 8.10 8.02 8.02 10.16 9.83 7.95 5.87 5.28 5.28 5.23 5.23 5.23 5.23 5.22 5.22 5.22 5.22 5.14 5.70 5.14 5.14 5.16 5.16 5.16 5.16 5.16 5.16 9.10 9.10 9.08 9.08 9.08 9.08 8.66 8.66 8.66 8.66 8.69 8.69 8.69 8.69
16.28 5.39 11.33 4.95 6.72 5.83 11.33 7.69 10.00 12.03 9.56 9.56 8.81 9.93 8.16 10.61 10.02 11.02 8.12 8.20 8.23 5.75 5.75 6.50 6.01 6.01 6.01 6.01 6.08 5.34 5.93 5.34 5.36 5.36 8.13 10.01 8.16 8.16 6.00 5.37 10.02 8.13 8.13 8.13 8.17 5.46 6.01 10.00 8.10 5.42 6.31 5.42 5.38 5.38 5.38 5.38 5.36 5.36 5.95 5.36 5.03 5.03 5.03 5.03 5.05 5.05 5.05 5.05 5.05 5.05 8.83 8.83 8.82 8.82 8.82 8.82 8.42 8.42 8.97 8.42 8.46 8.46 8.46 8.46
9.46 12.21 11.77 10.44 12.21 11.77 3.62 3.72 10.56 10.44 10.70 10.57 9.77 9.77 8.12 8.12 8.20 5.83 6.58 5.83 5.75 5.75 5.75 5.75 6.97 6.01 6.01 6.01 6.08 5.34 5.34 5.34 5.36 5.36 5.36 8.13 8.16 5.37 5.37 5.37 8.13 8.13 8.13 8.13 5.46 5.46 5.46 5.46 5.42 5.42 5.42 5.42 5.38 5.38 5.38 5.38 5.36 5.36 5.36 5.36 5.03 5.03 5.03 5.03 5.05 5.05 5.05 5.05 6.80 5.05 8.83 8.83 8.82 8.82 8.82 8.82 8.42 8.42 8.42 8.42 8.46 8.46 8.46 8.46
9.02 12.66 7.16 8.88 10.00 3.62 10.00 9.56 11.37 10.00 10.34 10.54 10.51 10.51 9.77 8.12 6.55 5.80 5.80 5.80 5.71 5.71 5.71 6.29 6.01 6.01 6.01 6.01 6.08 5.30 5.30 5.30 5.36 5.36 8.06 8.06 5.37 5.37 5.37 5.37 8.08 5.37 5.37 5.37 5.43 5.43 5.43 5.43 5.40 5.40 5.40 5.40 6.30 5.36 5.36 5.36 5.36 5.36 5.36 5.36 5.07 5.07 5.07 5.07 5.10 5.10 5.10 5.10 3.46 5.09 8.93 8.93 8.91 8.91 8.91 8.91 8.49 8.49 8.49 8.49 8.92 8.32 8.32 8.32
0.44 8.13 5.39 8.44 10.93 9.56 9.11 10.00 4.06 11.23 10.34 10.85 9.77 10.12 10.51 6.60 5.80 5.80 5.80 5.80 5.71 6.45 5.71 5.71 7.42 6.97 6.01 6.01 6.08 5.30 5.30 5.30 5.36 8.06 8.06 5.36 5.37 5.37 5.37 5.37 5.37 5.92 5.37 5.37 5.43 5.43 5.43 5.43 5.40 5.40 5.40 5.40 5.36 5.36 5.36 5.36 5.36 5.36 5.36 5.36 5.07 5.07 5.07 5.07 5.10 5.10 5.10 5.10 5.09 5.09 8.93 8.93 8.91 8.91 8.91 8.91 8.49 8.49 8.49 8.49 8.32 8.32 8.32 8.32
0.00 0.00 5.40 11.77 4.51 4.06 10.88 11.33 10.00 10.98 8.98 8.98 10.02 10.51 8.86 8.86 5.80 5.80 5.80 5.80 5.71 5.71 5.71 5.71 6.01 6.01 6.01 6.01 6.08 6.08 5.30 5.30 6.24 5.36 5.36 5.36 5.37 5.37 5.37 5.37 5.37 5.37 5.37 5.37 5.43 5.43 5.98 5.43 5.40 5.40 5.99 5.40 5.36 5.36 5.36 5.36 5.36 5.36 5.36 5.36 5.07 5.07 5.07 5.07 5.10 5.10 5.10 5.10 5.09 5.09 8.93 8.93 8.91 8.91 8.91 8.91 8.49 8.49 8.49 8.49 8.32 8.32 8.32 8.32
0.00 0.00 0.00 8.86 5.39 12.21 9.46 10.44 11.91 8.98 8.98 8.98 8.86 8.86 8.86 8.86 5.80 5.80 5.80 5.80 5.71 5.71 6.01 6.01 6.97 6.01 6.01 6.01 6.08 6.08 5.30 5.30 7.06 5.36 5.36 6.08 6.08 6.08 5.37 5.37 5.37 5.37 5.92 5.37 5.43 5.98 5.43 5.43 5.40 6.48 5.99 5.40 5.36 5.36 5.36 5.36 5.36 5.36 5.36 5.36 5.07 5.07 5.07 5.07 5.10 5.10 5.10 5.10 5.09 5.09 8.93 8.93 8.91 8.91 8.91 8.91 8.49 8.49 8.49 8.49 8.32 8.32 8.32 8.32
0.00 0.00 0.00 0.00 5.39 8.58 15.84 10.52 8.89 8.89 8.89 8.89 8.73 8.73 8.73 8.73 5.72 5.72 5.72 5.72 5.63 6.01 6.01 6.01 6.97 6.01 6.01 6.01 6.08 6.08 6.08 6.08 6.08 6.08 6.08 6.08 6.08 5.34 5.86 5.34 5.36 5.36 5.36 5.36 5.41 5.41 5.41 5.41 5.39 5.39 5.39 5.39 5.37 5.37 5.37 5.37 5.37 5.37 5.37 5.37 5.07 5.07 5.07 5.07 5.09 5.09 5.09 5.09 5.10 5.10 8.95 8.95 9.00 9.00 9.00 9.00 8.32 8.32 8.32 8.32 8.50 8.50 8.50 8.50
0.00 0.00 0.00 0.00 7.69 7.69 10.08 9.38 9.98 8.89 8.89 9.98 9.87 8.73 8.73 8.73 8.61 5.72 5.72 6.30 5.63 5.63 6.01 6.01 6.01 6.01 6.01 6.01 6.08 6.08 7.70 7.06 6.08 6.08 6.08 6.08 6.08 6.08 6.08 5.34 5.36 5.36 5.36 5.36 5.41 5.41 5.41 5.41 5.39 5.39 5.39 5.39 5.37 5.37 5.37 5.37 5.37 5.37 5.37 5.37 5.07 5.07 5.07 5.07 5.09 5.09 5.09 5.09 5.10 5.10 8.95 8.95 10.45 9.77 9.00 9.00 8.32 8.32 8.32 8.32 8.50 8.50 8.90 8.50
0.00 0.00 0.00 0.00 4.07 10.00 10.04 8.94 9.98 8.89 8.89 8.89 8.73 9.87 8.73 8.73 8.61 5.72 5.72 6.01 6.01 6.01 6.01 6.01 6.01 6.01 6.01 6.01 6.08 6.08 6.08 6.08 6.08 6.08 6.08 6.08 6.08 6.08 6.08 5.34 5.36 5.36 5.36 5.36 5.41 5.41 5.41 5.41 5.99 5.39 5.98 6.29 5.37 5.37 5.37 5.96 5.37 5.37 5.37 5.37 5.07 5.07 5.07 5.07 5.09 5.09 5.09 5.09 5.10 5.10 8.95 8.95 9.76 10.06 9.00 9.00 8.32 8.32 8.32 8.32 8.97 8.50 8.50 8.85
0.00 0.00 0.00 0.00 0.00 10.52 8.94 8.94 8.89 8.89 8.89 8.89 8.73 8.73 8.73 8.73 8.75 8.75 6.01 6.01 6.01 6.01 6.01 6.01 6.01 6.01 6.01 6.01 6.08 6.08 6.62 6.08 6.08 6.08 6.08 6.08 5.34 5.34 5.34 5.34 5.90 5.36 5.36 5.36 6.00 5.41 5.41 5.41 5.39 5.39 5.39 5.39 6.63 6.31 6.31 5.37 5.37 5.37 5.37 5.37 5.70 5.07 5.07 5.07 5.09 5.67 5.09 5.09 5.10 5.10 8.95 8.95 9.00 9.00 9.77 9.00 8.32 8.32 8.32 8.32 8.50 8.90 9.17 9.10
0.00 0.00 0.00 0.00 0.00 10.20 8.87 8.87 8.82 8.82 8.82 8.82 8.62 8.62 8.62 8.62 8.41 8.41 5.61 6.01 6.01 6.01 6.01 6.01 6.01 6.01 6.01 5.52 6.08 9.09 8.85 6.08 6.08 6.08 6.08 5.33 5.35 5.35 6.25 5.90 5.34 5.34 5.34 5.34 5.40 5.40 5.40 5.40 5.98 5.39 5.39 5.39 5.37 5.37 5.37 5.37 5.38 5.38 5.38 5.38 5.05 5.05 5.05 5.05 5.64 5.05 5.05 5.05 5.09 5.09 8.93 8.93 9.07 9.07 9.07 9.84 8.36 8.36 8.36 8.36 8.48 8.48 8.48 8.48
0.00 0.00 0.00 0.00 8.02 9.76 8.87 9.94 8.82 9.97 8.82 8.82 8.62 8.62 8.62 8.62 8.41 8.41 5.61 5.61 5.58 6.01 6.01 5.58 5.65 6.01 6.01 5.52 6.08 6.08 6.08 6.08 6.08 6.08 5.33 5.33 5.35 5.35 5.35 5.35 5.34 5.34 5.93 5.34 5.40 5.40 5.40 5.40 5.39 5.39 5.39 5.39 5.37 5.37 5.37 5.37 5.38 5.38 5.38 5.38 5.05 5.05 5.05 5.05 5.05 5.05 5.05 5.05 5.67 5.09 8.93 8.93 9.07 9.07 9.07 9.07 8.36 8.36 8.36 8.36 7.21 8.48 8.48 8.48
0.00 0.00 0.00 4.06 8.58 10.20 8.87 8.87 9.97 10.26 10.32 10.32 10.19 10.19 10.19 8.62 8.41 8.41 8.41 5.61 5.58 5.58 5.58 5.58 5.65 5.65 6.01 5.52 6.08 6.08 6.08 6.08 6.08 6.08 6.08 5.33 5.35 5.35 5.35 5.35 5.34 5.34 5.34 5.34 5.40 5.40 5.99 5.40 5.39 5.39 5.39 5.39 5.37 5.37 5.37 5.37 5.38 5.38 5.38 5.38 5.05 5.05 5.05 5.05 5.05 5.05 5.05 5.05 5.67 5.09 8.93 8.93 9.07 9.07 9.07 10.17 8.36 8.36 8.36 8.36 8.48 8.48 8.48 8.48
0.00 0.00 0.00 4.96 11.72 9.96 8.87 9.97 10.26 10.26 10.26 10.52 10.19 10.19 10.19 10.19 8.41 8.41 8.41 5.61 5.58 5.58 5.58 5.58 5.65 5.65 5.65 5.52 6.08 6.08 6.08 6.08 6.08 6.08 6.08 6.08 5.35 5.35 5.35 5.35 5.34 5.34 5.34 5.34 5.40 5.40 5.40 5.40 5.99 5.39 5.39 5.39 5.37 5.96 5.37 5.37 5.38 5.38 5.38 5.38 5.05 5.05 5.05 5.05 5.05 5.05 5.05 5.05 5.09 5.09 8.93 8.93 9.07 9.07 9.07 10.04 9.23 8.36 8.36 8.36 8.48 8.48 8.95 8.48
0.00 0.00 0.00 8.41 11.77 10.00 10.55 11.14 10.70 10.26 10.32 10.32 10.09 10.09 10.09 8.55 8.34 8.34 8.34 8.34 5.65 5.65 5.65 5.65 5.74 5.74 5.74 5.03 5.39 5.39 6.08 6.08 6.08 6.08 6.08 6.08 5.37 5.37 5.37 5.37 5.32 5.32 5.32 5.32 5.39 5.39 5.39 5.39 5.39 5.39 5.39 5.39 5.38 5.38 5.38 5.38 5.42 5.42 5.42 5.42 5.08 5.08 5.08 5.08 5.05 5.05 5.05 5.05 5.08 5.08 8.91 8.91 9.04 9.04 9.71 9.33 13.10 9.60 9.48 8.59 9.27 8.95 9.39 8.85
0.00 0.00 7.25 5.39 4.95 5.83 11.77 10.44 10.70 10.26 11.79 10.32 10.09 11.55 9.51 8.55 8.34 8.34 8.34 8.34 5.65 5.65 5.65 5.65 5.74 5.74 5.74 5.03 5.39 5.39 5.39 6.08 5.39 6.08 5.39 6.08 5.37 5.37 5.37 5.37 5.32 5.32 5.32 5.32 5.39 5.39 5.39 5.39 5.39 5.39 5.39 5.39 5.38 5.38 5.38 5.38 5.42 5.42 5.42 5.42 5.08 5.08 5.08 5.08 5.05 5.05 5.05 5.05 5.08 5.08 8.91 8.91 9.04 9.61 9.04 10.59 9.67 13.55 13.55 12.66 8.59 8.59 9.16 9.92
0.00 0.00 15.56 7.08 6.63 13.26 11.49 8.83 9.86 9.86 9.86 8.49 9.47 9.47 8.10 8.10 7.90 7.90 7.90 7.90 5.60 5.60 5.60 5.60 5.69 5.69 5.69 4.84 5.02 5.02 5.02 5.02 5.02 5.02 5.02 5.59 5.00 5.00 5.00 5.00 4.96 4.96 4.96 4.96 6.67 6.67 6.67 6.67 6.66 6.66 6.66 6.66 6.66 6.66 6.66 6.66 4.85 4.85 4.85 4.85 6.55 6.55 6.55 6.55 6.51 6.51 6.51 6.51 6.56 6.56 8.31 8.31 8.45 8.45 8.45 8.45 8.00 8.00 10.01 9.63 7.00 8.75 9.19 7.00
0.00 0.00 9.38 13.26 6.19 11.04 10.88 9.92 9.83 9.86 8.49 8.49 8.10 8.10 8.10 8.10 7.90 7.90 7.90 7.90 8.03 5.60 5.60 5.60 5.69 5.69 5.69 4.84 5.02 5.02 5.02 5.02 5.02 5.02 5.02 5.59 5.00 5.00 5.00 5.00 4.96 4.96 4.96 4.96 6.67 6.67 6.67 6.67 6.66 6.66 6.66 6.66 6.66 6.66 6.66 6.66 4.85 4.85 7.23 4.85 6.55 6.55 6.55 6.55 6.51 6.51 6.51 6.51 6.56 6.56 8.31 8.69 8.82 8.82 8.45 8.45 8.00 8.00 9.12 10.55 10.07 12.82 12.82 0.00
