New_Model_Runs/11_Future_RCP4.5_Scn1_out/post_prcessed_with_MFR/Monthly_summaries/net_infiltration_monthly_NOV.asc
NCOLS 700
NROWS 400
XLLCENTER 515000.000000
YLLCENTER 8409000.000000
CELLSIZE 50.000000
NODATA_value -999.000000
[rows 228 to 265 of 400, columns 84 to 167 of 700]
5.65 6.23 5.65 5.65 5.66 5.66 5.66 5.66 6.24 5.65 5.65 5.65 5.87 5.87 5.87 5.87 5.82 5.82 5.82 5.82 5.81 5.81 5.81 5.81 5.85 5.85 5.85 5.85 6.63 6.68 6.03 6.03 6.06 6.06 6.06 6.06 6.10 6.10 6.10 6.10 6.12 6.12 6.12 6.12 6.24 6.24 6.24 6.24 6.20 6.20 6.20 6.20 6.18 6.86 6.18 6.18 6.22 6.22 6.22 6.22 6.46 6.46 7.50 7.34 7.64 7.64 7.64 8.02 7.34 7.34 7.34 7.34 7.05 6.46 6.46 6.46 6.75 6.75 6.75 8.04 7.08 8.02 8.02 7.13
5.65 5.65 5.65 5.65 5.66 5.66 5.66 5.66 5.65 5.65 6.24 5.65 5.87 5.87 5.87 5.87 5.82 5.82 5.82 5.82 5.81 5.81 5.81 6.41 5.85 5.85 5.85 5.85 6.63 6.03 6.03 6.03 6.06 6.06 6.06 6.06 7.31 6.10 6.10 6.10 6.12 6.12 6.12 6.12 6.24 6.24 6.24 6.24 6.20 6.20 6.20 6.20 6.18 6.18 6.18 6.18 6.22 6.22 6.22 6.22 6.46 6.46 7.50 7.50 7.64 7.05 6.45 7.64 7.62 7.34 7.34 7.34 7.05 6.46 6.46 6.46 6.75 6.75 6.75 6.75 6.74 7.91 8.02 8.02
5.65 5.65 5.65 5.65 5.66 5.66 5.66 5.66 5.65 5.65 5.65 5.65 5.87 6.50 5.87 6.48 5.82 6.42 5.82 5.82 5.81 6.40 5.81 5.81 5.85 5.85 5.85 5.85 7.19 6.03 6.03 6.03 6.06 6.06 6.06 6.06 6.10 6.10 6.10 6.10 6.12 6.77 6.77 6.12 6.24 6.24 6.24 6.24 6.87 6.20 6.20 6.20 6.18 6.18 6.18 6.18 6.22 6.22 6.22 6.22 6.46 6.46 6.46 6.46 6.67 7.05 7.50 7.50 6.43 6.43 7.34 7.34 7.05 6.46 6.46 6.46 6.75 6.75 6.75 6.75 6.74 6.74 6.74 6.74
5.65 5.65 5.65 5.65 5.66 5.66 5.66 5.66 5.65 5.65 5.65 5.65 5.87 5.87 5.87 5.87 5.82 5.82 5.82 6.41 6.40 5.81 5.81 5.81 5.85 5.85 5.85 5.85 6.03 6.03 6.03 6.03 6.06 6.06 6.06 6.06 6.10 6.10 6.10 6.10 6.12 6.12 6.76 6.12 6.24 6.24 6.24 6.24 6.20 6.87 6.20 6.20 6.18 6.18 6.18 6.18 6.22 6.22 6.22 6.22 6.46 6.46 6.46 6.46 6.45 6.45 7.64 6.45 6.43 6.43 7.34 7.05 7.05 7.05 6.46 6.46 6.75 6.75 6.75 6.75 6.74 6.74 6.74 6.74
5.59 5.59 6.17 6.17 5.58 5.58 5.58 5.58 5.58 5.58 5.58 5.58 5.80 5.80 5.80 6.38 5.76 5.76 5.76 5.76 5.81 5.81 5.81 5.81 5.86 5.86 5.86 5.86 6.04 6.04 6.04 6.04 6.09 6.09 6.09 6.09 6.09 6.09 6.09 6.09 6.06 6.06 6.06 6.06 6.19 6.19 6.19 6.19 6.20 6.20 6.20 6.20 6.24 6.24 6.24 6.24 6.28 6.28 6.28 6.28 6.51 6.51 6.51 6.51 6.47 6.47 6.47 6.47 6.45 6.45 7.05 6.45 6.49 6.49 6.49 6.49 6.79 6.79 7.54 6.79 6.80 6.80 6.80 6.80
5.59 5.59 5.59 5.59 5.58 5.58 5.58 5.58 5.58 6.64 5.58 5.58 5.80 5.80 5.80 5.80 5.76 5.76 5.76 5.76 5.81 5.81 5.81 5.81 5.86 5.86 5.86 5.86 6.04 6.04 6.04 6.04 6.09 6.09 6.09 6.09 6.09 6.09 6.09 7.30 6.06 6.06 6.06 6.06 6.19 6.19 6.19 6.19 6.20 6.20 6.20 6.20 6.24 6.24 6.24 6.24 6.28 6.28 6.28 6.28 6.51 6.51 7.83 6.51 6.47 6.47 6.47 6.47 7.16 6.45 6.45 6.45 6.49 6.49 6.49 6.49 6.79 6.79 6.79 6.79 6.80 6.80 6.80 6.80
6.17 5.59 5.59 5.59 5.58 5.58 5.58 5.58 5.58 5.58 5.58 5.58 5.80 5.80 5.80 5.80 5.76 5.76 5.76 5.76 5.81 5.81 5.81 5.81 5.86 5.86 5.86 5.86 6.04 6.04 6.04 6.04 6.09 6.09 6.09 6.09 7.79 6.74 7.27 6.09 6.06 6.72 6.06 6.06 6.19 6.19 6.19 6.19 6.20 6.20 6.20 6.20 6.24 6.24 6.24 6.24 6.28 6.28 6.28 6.28 6.51 6.51 6.51 7.82 6.47 6.47 6.47 6.47 6.45 6.45 6.45 6.45 6.49 6.49 6.49 6.49 6.79 6.79 6.79 6.79 6.80 6.80 6.80 6.80
6.15 5.59 5.59 5.59 5.58 5.58 6.15 5.58 5.58 5.58 5.58 5.58 5.80 5.80 5.80 5.80 5.76 5.76 5.76 5.76 5.81 5.81 5.81 5.81 5.86 5.86 5.86 5.86 6.04 6.04 6.04 6.04 6.09 6.09 6.09 7.30 6.09 6.09 6.09 6.09 6.06 6.06 6.06 6.06 6.19 6.19 6.19 6.19 6.20 6.20 6.20 6.20 6.24 6.24 6.24 6.24 6.28 6.28 6.28 6.28 6.51 6.51 6.51 6.51 6.47 6.47 6.47 6.47 6.45 6.45 6.45 6.45 6.49 6.49 6.49 6.49 6.79 6.79 6.79 6.79 6.80 6.80 6.80 6.80
5.52 5.52 5.52 6.09 5.52 5.52 5.52 5.52 5.51 5.51 5.51 5.51 5.76 5.76 5.76 5.76 5.82 5.82 5.82 5.82 5.88 5.88 5.88 5.88 5.92 5.92 5.92 5.92 6.11 6.11 6.11 6.11 6.12 6.12 6.12 6.77 6.07 6.07 6.07 6.07 6.06 6.06 6.06 6.06 6.24 6.24 6.24 6.24 6.28 6.28 6.28 6.28 6.32 6.32 6.32 6.32 6.35 6.35 6.35 6.35 6.55 6.55 6.55 7.27 6.49 7.20 6.49 6.49 6.46 6.46 6.46 6.46 6.52 6.52 6.52 6.52 6.81 6.81 6.81 6.81 6.83 6.83 6.83 6.83
5.52 5.52 5.52 5.52 5.52 5.52 5.52 5.52 5.51 5.51 6.08 5.51 5.76 5.76 5.76 5.76 5.82 5.82 5.82 5.82 5.88 5.88 5.88 5.88 5.92 5.92 5.92 5.92 6.11 6.11 6.11 6.11 6.12 6.12 6.12 6.12 6.07 6.07 6.07 6.07 6.06 6.06 6.06 6.06 6.24 6.24 6.24 6.24 6.28 6.28 6.28 6.28 6.32 6.32 6.32 6.32 6.35 6.35 6.35 6.35 6.55 6.55 6.55 6.55 6.49 6.49 6.49 6.49 6.46 6.46 6.46 6.46 6.52 6.52 6.52 6.52 6.81 6.81 6.81 6.81 6.83 7.59 6.83 6.83
5.52 5.52 6.09 5.52 5.52 5.52 5.52 5.52 5.51 5.51 5.51 5.51 5.76 5.76 5.76 5.76 5.82 5.82 5.82 5.82 5.88 5.88 5.88 5.88 5.92 5.92 5.92 5.92 6.11 6.11 6.11 6.11 6.12 6.12 6.12 6.12 6.07 6.07 6.07 6.07 6.06 6.06 6.06 6.06 6.24 6.24 6.24 6.24 6.28 6.28 6.28 6.28 6.32 6.32 6.32 6.32 6.35 6.35 6.35 6.35 6.55 6.55 6.55 6.55 6.49 6.49 6.49 7.20 6.46 6.46 6.46 6.46 6.52 6.52 6.52 6.52 6.81 6.81 6.81 6.81 6.83 7.59 6.83 6.83
5.52 5.52 5.52 5.52 5.52 5.52 5.52 5.52 6.57 5.51 5.51 5.51 5.76 5.76 5.76 5.76 5.82 5.82 5.82 5.82 5.88 5.88 5.88 5.88 5.92 5.92 5.92 5.92 6.11 6.11 6.11 6.11 6.12 7.34 6.12 6.77 6.07 6.07 6.07 6.07 6.06 6.06 6.06 6.06 6.24 6.24 6.24 6.24 6.28 6.28 6.28 6.28 6.32 6.32 6.32 6.32 6.35 6.35 6.35 6.35 6.55 6.55 7.89 6.55 6.49 8.34 6.49 6.49 6.46 6.46 6.46 6.46 6.52 6.52 6.52 6.52 6.81 6.81 6.81 6.81 6.83 6.83 7.59 6.83
5.49 5.49 5.49 5.49 5.52 5.52 5.52 5.52 5.54 5.54 5.54 5.54 5.82 5.82 5.82 5.82 5.91 5.91 5.91 5.91 5.96 5.96 5.96 5.96 6.00 6.00 6.00 6.00 6.16 6.16 6.16 6.16 6.11 6.11 6.11 6.11 6.08 6.08 6.08 6.08 6.09 6.09 6.09 6.09 6.27 6.27 6.27 6.27 6.33 6.33 6.33 6.33 6.37 6.37 6.37 6.37 6.38 6.38 6.38 6.38 6.55 6.55 6.55 7.26 7.18 6.47 6.47 6.47 6.46 6.46 6.46 6.46 6.51 6.51 6.51 6.51 6.82 6.82 6.82 6.82 6.85 6.85 6.85 6.85
6.54 5.67 5.49 5.49 5.52 5.52 5.52 5.52 6.11 5.54 5.54 5.54 5.82 5.82 5.82 5.82 5.91 5.91 5.91 5.91 5.96 5.96 5.96 5.96 6.00 6.00 6.00 6.00 6.16 6.16 6.16 6.16 7.34 6.77 6.11 6.11 6.08 6.08 6.08 6.08 6.09 6.09 6.09 6.09 6.27 6.27 6.27 6.27 6.33 6.33 6.33 6.33 6.37 6.37 6.37 6.37 6.38 6.38 6.38 6.38 6.55 6.55 6.55 6.55 6.47 6.47 6.47 6.47 6.46 6.46 6.46 6.46 6.51 6.51 6.51 6.51 6.82 6.82 6.82 6.82 6.85 6.85 6.85 6.85
6.06 6.06 6.06 6.06 6.09 6.09 5.63 5.63 5.65 6.22 5.65 5.65 5.71 5.71 5.71 5.71 5.81 5.81 5.81 5.81 5.85 5.85 5.85 5.85 5.89 5.89 5.89 5.89 5.80 5.80 5.80 5.80 5.77 6.36 5.77 5.77 5.74 5.74 5.74 5.74 5.75 5.75 6.40 5.75 5.93 5.93 5.93 5.93 5.98 5.98 5.98 5.98 6.02 6.02 6.02 6.02 6.03 6.03 6.03 6.69 6.17 6.17 6.17 6.17 6.09 6.82 6.09 6.09 6.08 6.08 6.08 6.08 6.13 6.13 6.13 6.13 6.51 6.51 6.51 6.51 6.54 6.54 6.54 6.54
6.06 6.06 6.06 6.06 6.09 6.09 6.09 6.09 6.11 5.65 5.65 5.65 5.71 5.71 5.71 5.71 5.81 5.81 5.81 5.81 5.85 5.85 5.85 5.85 5.89 5.89 5.89 5.89 5.80 5.80 5.80 5.80 5.77 5.77 5.77 5.77 5.74 5.74 5.74 5.74 6.34 6.34 5.75 5.75 5.93 5.93 5.93 5.93 5.98 5.98 5.98 5.98 6.02 6.02 6.02 6.02 6.03 6.03 6.03 6.03 6.17 6.17 6.17 6.17 6.09 6.09 6.09 6.09 6.08 6.08 6.08 6.08 6.13 6.13 6.13 6.13 6.51 7.23 6.51 6.51 6.54 6.54 6.54 6.54
6.07 6.07 6.07 6.07 6.12 6.12 6.12 6.12 6.13 6.25 6.13 6.13 5.75 5.75 5.75 5.75 5.85 5.85 5.85 5.85 5.90 5.90 5.90 5.90 5.93 5.93 5.93 5.93 5.81 5.81 5.81 5.81 5.74 5.74 5.74 5.74 5.74 5.74 5.74 5.74 5.75 5.75 5.75 5.75 5.92 5.92 5.92 5.92 5.99 5.99 5.99 5.99 6.04 6.04 6.04 6.04 6.02 6.02 6.02 6.02 6.12 6.12 6.12 6.12 6.06 6.06 6.06 6.06 6.07 6.07 6.07 6.07 6.10 6.10 6.10 6.10 6.49 6.49 6.49 7.22 6.56 6.56 6.56 6.56
6.07 6.07 6.07 6.07 6.12 6.12 6.12 6.12 6.13 6.13 6.13 6.13 6.21 6.21 6.21 5.75 5.85 5.85 5.85 5.85 5.90 5.90 5.90 5.90 5.93 5.93 5.93 6.49 5.81 5.81 5.81 5.81 5.74 5.74 5.74 5.74 5.74 5.74 5.74 5.74 5.75 5.75 5.75 5.75 5.92 5.92 5.92 5.92 7.17 5.99 5.99 5.99 6.04 6.04 6.04 4.43 6.02 6.02 6.02 6.02 6.12 6.12 6.12 6.78 6.06 6.06 6.06 6.06 6.07 6.07 6.07 6.07 6.10 6.10 6.10 6.10 6.49 7.21 6.49 6.49 7.90 6.56 6.56 6.56
6.07 6.07 6.07 6.07 6.12 6.12 6.12 6.12 6.13 6.13 6.13 6.13 6.21 6.21 6.21 6.21 6.30 6.30 6.30 5.85 5.90 5.90 5.90 5.90 5.93 5.93 5.93 6.14 6.22 5.88 5.81 5.97 5.74 5.74 5.74 5.74 5.74 5.74 5.74 5.74 5.75 5.75 5.75 5.75 5.92 5.92 5.92 5.92 6.63 5.99 5.99 5.99 6.04 6.04 6.04 6.04 6.02 6.02 6.02 6.02 6.12 6.12 6.12 6.78 6.06 6.06 6.06 6.06 6.07 6.07 6.07 6.07 6.10 6.10 6.10 6.10 6.49 6.49 6.49 6.49 6.56 6.56 6.56 6.56
6.07 6.07 6.07 6.07 6.74 6.12 6.12 6.12 6.13 6.75 6.13 6.13 6.21 6.21 6.21 6.21 6.30 6.30 6.30 6.30 6.38 6.38 5.90 5.90 5.93 6.58 6.12 6.07 5.88 5.88 5.88 5.81 5.74 5.74 5.74 5.74 5.74 5.74 5.74 5.74 7.78 5.75 5.75 6.35 5.92 5.92 5.92 5.92 5.99 5.99 5.99 6.65 6.04 6.04 6.04 6.70 6.02 6.02 6.02 6.02 6.12 6.12 6.12 6.12 6.06 6.06 6.06 6.06 6.07 6.07 6.07 6.07 6.77 6.10 6.10 6.10 6.49 6.49 6.49 6.49 6.56 6.56 6.56 6.56
6.08 6.08 6.08 6.08 6.13 6.13 6.13 6.13 6.13 6.13 6.13 6.13 6.21 6.21 6.21 6.21 6.32 6.32 6.32 6.32 6.41 6.41 6.41 6.41 6.13 5.93 6.14 6.07 5.88 5.88 6.41 5.78 5.73 5.73 5.73 5.73 5.74 5.74 6.74 6.74 7.79 5.76 5.76 5.76 5.89 5.89 5.89 5.89 5.97 5.97 5.97 6.61 6.03 6.03 6.03 7.24 5.99 5.99 5.99 5.99 6.09 6.09 6.09 6.09 6.07 6.07 6.07 6.73 6.06 6.06 6.06 6.06 6.73 6.07 6.07 6.07 6.48 6.48 6.48 6.48 6.55 6.55 6.55 7.28
6.08 6.08 6.08 6.08 6.13 6.13 6.13 6.13 6.13 6.13 6.13 6.13 6.21 6.21 6.21 6.21 6.32 7.56 6.32 6.32 6.41 6.41 6.41 6.41 6.84 6.41 6.41 6.84 5.88 4.20 5.78 5.78 5.73 5.73 5.73 5.73 5.74 5.74 6.74 6.74 6.76 6.76 6.35 5.76 5.89 5.89 5.89 5.89 5.97 5.97 5.97 5.97 6.03 6.03 6.17 6.17 5.99 6.64 5.99 6.66 6.09 6.09 6.09 6.09 6.07 6.07 6.07 6.07 6.06 6.06 6.06 6.06 6.07 6.07 6.07 6.07 6.48 6.48 6.48 6.48 6.55 6.55 6.55 6.55
6.08 6.08 6.08 6.08 6.13 6.13 6.13 6.13 6.13 6.13 6.13 6.13 6.21 6.21 6.21 6.21 6.32 6.32 6.32 6.32 6.41 6.84 6.84 8.96 6.84 6.41 6.41 6.84 6.27 6.90 6.27 6.27 5.73 5.73 5.73 5.73 5.74 5.74 5.74 6.74 6.76 6.76 6.76 5.76 5.89 5.89 5.89 5.89 5.97 5.97 5.97 5.97 6.03 6.69 6.17 6.17 5.99 5.99 5.99 5.99 6.09 6.09 6.09 6.09 6.07 6.07 6.07 6.07 6.06 6.06 6.06 6.06 6.07 6.07 6.07 6.07 6.48 6.48 6.48 6.48 6.55 6.55 6.55 7.28
6.08 6.08 6.08 6.08 6.13 6.13 6.13 6.13 6.13 6.13 6.76 6.13 6.21 6.21 6.21 6.21 6.32 7.56 6.32 6.32 6.84 6.84 7.00 7.00 6.79 6.41 6.41 6.41 6.27 6.27 6.39 6.76 6.20 6.20 6.20 5.73 5.74 5.74 5.74 6.74 6.76 7.08 6.76 6.76 7.08 5.89 5.89 5.89 5.97 5.97 5.97 5.97 6.03 6.03 6.03 6.53 5.99 5.99 5.99 5.99 6.09 6.09 6.09 6.09 6.07 6.72 6.72 6.07 6.06 6.06 6.06 6.06 6.07 6.07 6.07 6.07 6.48 6.48 6.48 6.48 6.55 6.55 6.55 7.28
6.10 6.10 6.10 6.10 6.13 6.13 6.13 6.13 6.13 6.13 6.75 6.13 6.22 6.22 6.22 6.22 6.31 6.31 6.31 6.31 6.84 7.43 6.80 7.00 7.00 7.26 6.83 6.40 6.39 6.28 6.61 6.28 6.21 6.21 6.21 6.21 7.21 7.21 6.74 6.74 6.77 7.08 7.08 5.76 5.88 5.88 5.88 5.88 5.92 5.92 5.92 5.92 6.17 6.17 6.00 7.28 5.96 5.96 5.96 5.96 6.09 6.09 6.76 6.09 6.09 6.39 6.39 6.09 6.05 6.05 6.71 6.05 6.04 6.04 6.04 6.04 6.48 6.48 6.48 6.48 6.55 6.55 6.55 6.55
6.10 6.10 6.10 6.10 6.13 6.13 6.13 6.13 6.13 6.13 6.13 6.13 6.84 6.22 6.22 6.22 6.31 6.31 6.31 6.31 6.84 8.51 8.94 8.51 8.09 4.78 4.35 3.50 7.45 6.28 6.61 6.28 6.21 6.21 6.21 6.21 6.22 6.61 6.22 7.21 7.24 7.24 6.77 5.76 5.88 5.88 5.88 5.88 5.92 5.92 5.92 5.92 6.00 6.17 6.17 7.26 5.96 5.96 5.96 5.96 6.09 6.74 6.09 6.09 6.09 6.09 6.09 6.09 6.05 6.05 6.05 6.05 6.04 6.04 6.04 6.04 6.48 6.48 6.48 6.48 6.55 6.55 6.55 7.28
6.10 6.10 6.32 6.74 6.13 7.31 6.13 6.75 6.13 6.13 6.13 6.13 6.22 6.79 6.79 6.79 6.79 6.84 6.84 6.31 7.70 5.64 5.21 9.37 8.29 10.74 11.60 11.17 7.38 7.45 7.13 6.28 6.21 6.21 6.21 6.21 6.22 6.61 6.61 6.22 7.24 7.24 7.50 7.24 7.38 5.88 5.88 5.88 5.92 5.92 5.92 5.92 6.00 6.17 6.17 7.26 5.96 5.96 5.96 6.55 6.74 6.74 6.74 6.74 6.09 6.09 6.09 6.09 6.05 6.05 6.05 6.05 6.04 6.04 6.04 6.04 6.48 6.48 6.48 6.48 6.55 6.55 6.55 6.55
6.82 6.74 6.74 6.74 6.13 6.75 6.13 6.13 6.13 6.13 6.13 6.13 6.22 6.22 6.84 6.79 6.79 6.79 6.31 6.84 8.55 5.64 7.44 9.88 0.00 0.00 0.00 0.00 0.00 10.11 3.01 7.13 6.21 6.21 6.21 6.67 6.61 6.61 6.61 6.67 6.24 7.24 7.00 7.00 7.38 6.35 6.35 6.35 5.92 5.92 5.92 5.92 6.00 6.24 6.17 6.17 5.96 5.96 5.96 5.96 6.74 6.74 4.56 6.74 6.09 6.09 6.09 6.09 6.05 6.05 6.05 6.05 6.04 6.04 6.04 6.04 6.48 6.48 6.48 6.48 6.55 6.55 6.55 6.55
6.12 6.74 6.74 6.74 6.75 6.12 6.12 6.12 6.12 6.12 6.12 6.12 6.23 6.87 6.23 6.23 6.84 6.31 6.84 6.84 10.74 7.44 0.00 0.00 0.00 0.00 0.00 0.00 0.00 0.00 10.11 7.47 6.23 6.23 6.23 6.67 6.67 6.61 6.61 6.67 6.22 7.22 7.14 7.00 7.03 7.37 6.34 6.34 6.36 6.36 6.36 5.88 5.95 6.50 6.24 6.17 6.07 5.96 5.96 5.96 6.11 6.74 6.11 6.11 6.08 6.08 6.75 6.08 6.03 6.03 6.69 7.48 6.69 6.03 6.03 6.03 6.48 6.48 6.48 6.48 6.57 6.57 6.57 6.57
6.74 6.33 6.74 6.74 6.79 6.12 6.12 6.74 6.12 6.12 6.12 6.12 6.23 6.23 6.23 6.23 6.31 6.31 6.31 9.82 0.43 0.00 0.00 0.00 0.00 0.00 0.00 0.00 0.00 0.00 0.00 12.05 8.51 6.23 6.23 6.23 6.67 6.61 6.61 6.61 6.22 7.00 7.00 6.82 6.89 7.03 7.01 6.34 6.36 6.36 6.36 6.36 6.43 6.43 6.43 6.17 6.17 6.17 5.96 5.96 6.74 6.39 6.11 6.11 6.08 6.75 6.08 6.73 6.03 6.03 6.03 6.03 6.03 6.03 6.03 6.03 6.48 6.48 6.48 6.48 6.57 6.57 6.57 6.99
7.06 7.06 7.06 7.06 6.27 6.07 6.07 6.07 6.65 6.07 6.07 6.07 6.10 6.10 6.10 6.10 6.18 6.18 9.60 0.00 0.00 0.00 0.00 0.00 0.00 0.00 0.00 0.00 0.00 0.00 0.00 4.37 7.91 7.48 6.52 6.09 6.23 6.06 6.06 6.87 6.08 6.08 7.16 7.54 6.39 6.57 5.90 5.90 5.91 5.91 5.91 5.91 5.98 5.98 5.98 6.20 6.20 6.97 5.51 5.82 5.61 5.61 5.61 5.61 5.59 5.59 5.59 5.59 5.54 5.54 5.54 5.54 5.54 5.54 5.54 5.54 5.88 5.88 5.88 5.88 5.97 5.97 6.14 6.57
7.06 7.06 7.06 7.06 7.06 6.07 6.07 6.07 6.07 6.07 6.07 6.07 6.10 7.29 7.29 9.30 7.81 10.03 0.00 0.00 0.00 0.00 0.00 0.00 0.00 0.00 0.00 0.00 0.00 0.00 0.00 0.00 7.08 4.86 8.13 6.52 6.06 6.87 6.87 6.86 6.08 6.87 7.04 7.16 6.57 6.57 5.90 5.90 5.91 5.91 5.91 5.91 5.98 5.98 5.98 6.20 6.28 6.20 6.20 5.99 6.09 5.61 5.61 5.61 6.66 5.59 6.17 5.59 5.54 5.54 5.54 5.54 5.54 5.54 5.54 5.67 5.88 5.88 5.88 5.88 5.97 5.97 5.97 6.40
7.06 7.32 7.06 7.06 6.26 6.04 6.04 6.04 6.05 6.05 6.05 6.05 7.29 7.29 7.29 8.47 12.41 0.00 0.00 0.00 0.00 0.00 0.00 0.00 0.00 0.00 0.00 0.00 0.00 0.00 0.00 0.00 7.08 8.34 7.91 6.50 6.03 6.87 6.87 6.86 6.05 6.87 6.87 7.16 6.57 6.39 7.18 6.79 5.89 5.89 5.89 5.89 5.95 5.95 5.95 6.20 5.73 6.46 6.28 5.97 6.07 6.45 6.45 6.31 5.57 5.57 5.57 5.57 5.53 5.53 5.53 5.53 5.54 5.54 5.54 5.54 5.84 5.84 5.84 5.84 5.94 5.94 6.14 6.14
6.04 7.06 7.06 7.06 6.04 6.04 6.04 6.04 6.05 6.05 6.05 6.05 7.29 7.29 7.72 11.56 10.70 0.00 0.00 0.00 0.00 0.00 0.00 0.00 0.00 0.00 0.00 0.00 0.00 0.00 0.00 0.00 7.08 7.91 7.92 7.47 6.03 6.87 6.87 6.87 6.87 6.87 6.87 7.16 6.39 6.39 6.39 6.79 5.89 5.89 5.89 5.89 5.95 5.95 5.95 5.95 1.55 6.78 5.97 6.60 6.07 6.45 7.87 6.45 6.65 6.04 6.04 6.04 5.53 5.53 5.53 5.53 5.54 5.54 5.54 5.54 6.44 5.84 5.84 5.84 5.94 7.15 7.15 6.14
6.04 6.04 6.04 6.04 6.04 6.04 6.62 7.06 6.05 6.05 6.26 6.05 7.00 7.72 10.86 10.29 0.00 0.00 0.00 0.00 0.00 0.00 0.00 0.00 0.00 0.00 0.00 0.00 0.00 0.00 0.00 0.00 10.56 7.48 8.34 7.59 6.91 6.03 6.86 6.86 6.87 6.87 6.86 7.04 5.98 6.39 6.39 6.79 5.89 5.89 5.89 6.47 6.51 5.95 5.95 6.63 5.59 6.79 5.97 5.97 6.07 6.45 6.67 6.45 6.45 6.04 6.04 6.04 6.01 6.01 6.01 5.53 5.54 5.54 5.54 5.54 5.84 5.84 5.84 5.84 6.56 5.94 6.14 6.06
6.04 6.04 6.04 7.06 7.49 7.06 6.04 6.04 7.06 6.05 6.05 6.05 7.61 6.92 10.27 0.00 0.00 0.00 0.00 0.00 0.00 0.00 0.00 0.00 0.00 0.00 0.00 0.00 0.00 0.00 0.00 0.00 5.80 11.85 7.90 7.55 6.87 6.86 6.86 6.86 6.87 6.86 6.86 7.04 7.14 6.39 6.74 6.57 5.89 5.89 5.89 6.47 6.28 5.95 6.42 2.41 7.78 6.40 6.57 5.97 6.45 6.67 6.45 6.45 6.45 6.45 7.21 6.04 6.63 6.01 6.01 6.01 6.02 6.02 5.54 5.54 5.84 5.84 5.84 5.84 5.94 5.94 5.94 6.06
6.04 6.04 6.04 7.06 7.49 7.49 6.03 6.03 6.03 7.06 7.06 7.68 7.77 10.27 0.00 0.00 0.00 0.00 0.00 0.00 0.00 0.00 0.00 0.00 0.00 0.00 0.00 0.00 0.00 0.00 0.00 0.00 0.00 8.59 9.90 6.02 6.87 7.20 6.87 6.87 6.87 6.86 6.86 6.62 6.25 6.39 5.88 5.88 5.88 5.88 5.88 6.28 6.20 5.94 6.93 4.12 9.02 6.68 5.94 5.94 6.04 6.45 6.45 6.72 6.45 6.38 6.03 6.03 6.03 6.03 6.03 6.03 6.02 6.02 6.02 6.02 6.29 6.29 5.81 5.81 5.88 5.88 5.88 6.14
9.56 9.56 9.56 6.90 8.04 8.04 6.46 6.03 6.03 6.03 7.06 7.92 10.70 0.00 0.00 0.00 0.00 0.00 0.00 0.00 0.00 0.00 0.00 0.00 0.00 0.00 0.00 0.00 0.00 0.00 0.00 0.00 0.00 6.02 10.76 7.63 6.87 6.87 6.00 6.00 6.04 6.87 10.37 6.62 6.25 6.78 6.31 5.88 5.88 5.88 5.88 6.28 6.20 6.37 8.51 4.98 5.83 8.40 6.54 5.94 6.04 6.04 6.45 6.45 6.19 6.38 6.03 6.03 6.03 6.03 6.03 6.03 6.02 6.02 6.02 6.02 6.29 6.29 6.29 6.29 6.36 5.88 5.88 6.14
