New_Model_Runs/11_Future_RCP4.5_Scn1_out/post_prcessed_with_MFR/Monthly_summaries/net_infiltration_monthly_JUL.asc
NCOLS 700
NROWS 400
XLLCENTER 515000.000000
YLLCENTER 8409000.000000
CELLSIZE 50.000000
NODATA_value -999.000000
[rows 180 to 215 of 400, columns 83 to 165 of 700]
0.00 0.00 0.00 0.00 0.00 0.00 0.00 0.00 0.00 0.00 0.00 0.00 0.00 0.00 0.00 0.00 0.00 0.00 0.00 0.00 0.00 0.00 0.00 0.00 0.00 0.00 0.00 0.00 0.00 0.00 0.00 0.00 0.00 0.00 0.00 0.00 0.00 0.00 0.00 0.00 0.00 0.00 0.00 0.00 0.00 0.00 7.81 7.81 7.81 7.76 7.76 7.76 7.76 7.75 7.75 7.75 7.75 7.81 0.00 0.00 0.00 0.00 0.00 0.00 0.00 0.00 0.00 0.00 8.14 8.11 8.11 8.11 8.11 8.10 8.10 8.10 8.10 8.12 8.12 8.12 8.12 8.12 8.12
0.00 0.00 0.00 0.00 0.00 0.00 0.00 0.00 0.00 0.00 0.00 0.00 0.00 0.00 0.00 0.00 0.00 0.00 0.00 0.00 0.00 0.00 0.00 0.00 0.00 0.00 0.00 0.00 0.00 0.00 0.00 0.00 0.00 0.00 0.00 0.00 0.00 0.00 0.00 0.00 0.00 0.00 0.00 0.00 0.00 0.00 0.00 7.81 7.81 7.76 7.76 7.76 7.76 7.75 7.75 8.41 7.75 7.81 0.00 0.00 0.00 0.00 0.00 0.00 0.00 0.00 0.00 8.14 8.14 8.11 8.11 8.11 8.11 8.80 8.10 8.10 8.10 8.12 8.12 8.12 8.12 8.12 8.12
0.00 0.00 0.00 0.00 0.00 0.00 0.00 0.00 0.00 0.00 0.00 0.00 0.00 0.00 0.00 0.00 0.00 0.00 0.00 0.00 0.00 0.00 0.00 0.00 0.00 0.00 0.00 0.00 0.00 0.00 0.00 0.00 0.00 0.00 0.00 5.25 7.35 5.25 0.00 0.00 5.25 7.37 0.00 0.00 0.00 0.00 0.00 7.81 7.81 7.76 7.76 8.42 7.76 7.75 7.75 8.93 7.75 7.81 8.48 0.00 7.81 8.18 8.18 0.00 0.00 0.00 8.14 9.24 8.84 8.11 8.11 9.36 8.11 8.10 8.10 8.10 8.10 8.12 8.12 8.12 8.82 8.12 8.12
0.00 0.00 0.00 0.00 0.00 0.00 0.00 0.00 0.00 0.00 0.00 0.00 0.00 0.00 0.00 0.00 0.00 0.00 0.00 0.00 0.00 0.00 0.00 0.00 0.00 0.00 0.00 0.00 0.00 0.00 0.00 0.00 0.00 0.00 0.00 7.35 7.35 7.37 7.37 7.37 7.37 7.37 7.37 0.00 0.00 0.00 7.81 8.73 7.81 7.76 7.76 7.76 7.76 7.75 7.75 7.75 7.75 7.81 7.81 7.81 7.81 8.18 8.18 8.18 8.18 8.14 8.14 9.08 8.83 8.11 8.11 8.11 8.11 8.80 8.10 8.10 8.10 8.82 8.82 8.12 8.12 8.12 8.12
0.00 0.00 0.00 0.00 0.00 0.00 0.00 0.00 0.00 0.00 0.00 0.00 0.00 0.00 0.00 0.00 0.00 0.00 0.00 0.00 0.00 0.00 0.00 0.00 0.00 0.00 0.00 0.00 0.00 0.00 5.60 7.80 7.38 7.35 7.35 7.35 7.77 7.34 7.34 7.34 8.16 7.38 7.38 7.79 7.38 7.82 8.48 7.82 8.48 7.80 7.80 7.80 8.46 7.78 7.78 7.78 7.78 7.77 7.77 7.77 9.00 8.08 8.08 8.08 8.77 8.04 8.04 8.73 8.04 8.07 8.07 8.07 8.07 8.06 8.06 8.06 8.06 8.11 8.11 8.11 8.11 8.23 8.23
0.00 0.00 0.00 0.00 0.00 0.00 0.00 0.00 0.00 0.00 0.00 0.00 0.00 0.00 0.00 0.00 0.00 0.00 0.00 0.00 0.00 0.00 0.00 0.00 0.00 0.00 0.00 0.00 0.00 0.00 7.38 7.38 7.38 7.77 7.35 7.35 7.35 7.34 7.34 7.34 7.34 7.38 7.38 7.38 7.38 7.82 7.82 8.48 7.82 7.80 7.80 7.80 7.80 7.78 7.78 7.78 8.44 7.77 7.77 7.77 7.77 8.08 8.08 8.08 8.08 8.04 8.04 8.04 8.04 8.07 8.76 8.07 8.07 8.06 8.06 8.06 8.06 8.11 8.11 8.11 8.11 8.23 8.23
0.00 0.00 0.00 0.00 0.00 0.00 0.00 0.00 0.00 0.00 0.00 0.00 0.00 0.00 0.00 0.00 0.00 0.00 0.00 0.00 0.00 0.00 0.00 0.00 0.00 0.00 0.00 0.00 0.00 0.00 7.38 7.38 7.38 7.35 7.35 7.35 7.77 7.34 7.34 7.34 7.34 7.79 7.38 7.38 7.38 7.82 7.82 7.82 7.82 7.80 7.80 7.80 7.80 8.70 8.44 7.78 7.78 7.77 7.77 7.77 7.77 8.08 8.08 8.08 8.08 8.04 8.04 8.04 8.04 8.07 8.07 8.76 8.07 9.30 8.06 8.06 8.06 8.11 8.11 8.11 8.11 8.23 8.23
0.00 0.00 0.00 0.00 0.00 0.00 0.00 0.00 0.00 0.00 0.00 0.00 0.00 0.00 0.00 0.00 0.00 0.00 0.00 0.00 0.00 0.00 0.00 0.00 5.92 0.00 0.00 0.00 0.00 0.00 0.00 7.38 7.38 7.35 7.35 7.35 7.35 7.34 7.34 7.34 7.34 7.38 7.38 7.38 7.38 7.82 7.82 7.82 8.48 7.80 7.80 7.80 7.80 7.78 8.45 7.78 7.78 8.43 7.77 7.77 7.77 8.08 8.08 8.08 8.08 8.74 8.04 8.04 8.04 8.75 8.07 8.07 8.07 8.75 8.06 8.06 8.06 8.81 8.11 8.11 8.11 8.23 10.03
0.00 0.00 0.00 0.00 0.00 0.00 0.00 0.00 0.00 0.00 0.00 0.00 0.00 0.00 0.00 0.00 0.00 0.00 0.00 0.00 0.00 0.00 0.00 0.00 7.10 7.15 0.00 0.00 0.00 7.33 7.33 7.33 7.33 7.36 7.36 7.36 7.36 7.73 7.32 7.32 7.32 7.33 7.33 7.33 7.33 7.80 7.80 7.80 7.80 7.81 7.81 7.81 7.81 7.79 7.79 7.79 7.79 7.76 8.42 7.76 7.76 8.03 8.03 8.03 8.03 8.68 8.68 7.99 7.99 8.04 8.04 8.04 8.04 8.71 8.02 8.02 8.02 8.19 8.19 8.19 8.19 10.24 10.24
0.00 0.00 0.00 0.00 0.00 0.00 0.00 0.00 0.00 0.00 0.00 0.00 0.00 0.00 0.00 0.00 0.00 0.00 0.00 0.00 0.00 0.00 0.00 0.00 0.00 7.15 7.15 7.15 7.58 7.33 7.33 7.33 7.33 7.36 7.36 7.36 7.36 7.32 8.02 7.32 7.32 7.33 7.33 7.33 7.33 7.80 7.80 7.80 7.80 7.81 7.81 7.81 7.81 7.79 7.79 7.79 7.79 7.76 7.76 7.76 7.76 8.03 8.03 8.03 8.03 7.99 7.99 7.99 7.99 8.04 8.04 8.04 8.04 8.02 8.02 8.02 8.02 8.19 8.19 8.19 8.19 10.24 10.24
0.00 0.00 0.00 0.00 0.00 0.00 0.00 0.00 0.00 0.00 0.00 0.00 0.00 0.00 0.00 0.00 0.00 0.00 0.00 0.00 0.00 0.00 0.00 0.00 0.00 0.00 7.15 7.15 7.15 7.33 7.33 7.33 7.33 7.36 7.36 7.36 7.36 7.32 7.73 7.73 7.32 7.33 7.33 7.33 7.33 7.80 7.80 7.80 7.80 7.81 8.73 8.48 7.81 7.79 7.79 7.79 7.79 7.76 7.76 7.76 7.76 8.03 8.03 8.03 8.03 7.99 7.99 7.99 7.99 8.04 8.04 8.04 8.04 8.02 8.02 8.02 8.74 8.19 8.19 8.19 8.19 10.24 10.24
0.00 0.00 0.00 0.00 0.00 0.00 0.00 0.00 0.00 0.00 0.00 0.00 0.00 0.00 0.00 0.00 0.00 0.00 0.00 0.00 0.00 0.00 0.00 0.00 0.00 0.00 7.15 8.59 8.16 8.41 7.33 7.33 7.33 7.36 7.36 7.36 7.77 7.32 7.32 7.32 7.32 7.33 7.33 7.33 7.33 7.80 7.80 7.80 7.80 7.81 7.81 8.48 7.81 7.79 8.45 7.79 7.79 7.76 8.41 7.76 7.76 8.03 8.71 8.03 8.03 7.99 7.99 7.99 7.99 8.04 8.04 8.04 8.04 8.02 8.02 8.02 8.02 8.19 8.19 8.19 8.19 10.24 10.24
0.00 0.00 0.00 0.00 0.00 0.00 0.00 0.00 0.00 0.00 0.00 0.00 0.00 0.00 0.00 0.00 0.00 0.00 0.00 0.00 0.00 0.00 0.00 0.00 0.00 0.00 0.00 11.55 8.21 10.06 8.41 7.90 7.37 7.38 7.38 7.38 7.38 7.72 7.31 7.31 7.31 7.30 7.30 7.30 7.75 7.77 7.77 7.77 7.77 8.81 7.80 7.80 7.80 7.77 7.77 7.77 7.77 7.73 7.73 8.38 7.73 8.00 8.00 8.00 8.00 7.99 7.99 7.99 7.99 8.03 8.03 8.03 9.26 8.03 8.03 8.03 8.03 8.35 8.35 8.35 8.35 8.48 10.36
0.00 0.00 0.00 0.00 0.00 0.00 0.00 0.00 0.00 0.00 0.00 0.00 0.00 0.00 0.00 0.00 0.00 0.00 0.00 0.00 0.00 0.00 0.00 0.00 0.00 0.00 0.00 3.24 8.08 7.55 7.55 7.91 7.37 7.38 7.38 7.38 7.38 7.31 7.31 7.31 7.31 7.30 7.30 7.30 7.30 7.77 7.77 7.77 7.77 7.80 8.72 7.80 7.80 7.77 7.77 7.77 7.77 7.73 7.73 7.73 7.73 8.00 8.00 8.00 8.00 7.99 7.99 7.99 7.99 8.03 8.03 8.03 8.03 8.03 9.00 8.03 8.03 8.35 8.35 8.35 8.35 8.48 8.48
0.00 0.00 0.00 0.00 0.00 0.00 0.00 0.00 0.00 0.00 0.00 0.00 0.00 0.00 0.00 0.00 0.00 0.00 0.00 0.00 0.00 0.00 0.00 0.00 0.00 0.00 0.00 9.20 9.57 8.58 8.58 8.58 9.33 9.25 8.51 8.51 8.51 8.43 8.43 8.43 9.16 8.41 8.41 8.41 8.41 9.18 9.18 9.18 9.18 9.21 9.21 9.21 9.21 9.17 9.17 9.17 9.17 9.13 9.13 9.13 9.94 9.51 9.51 9.51 11.37 9.51 9.51 9.51 9.51 10.40 10.73 9.55 9.55 9.55 9.55 9.55 9.55 9.93 9.93 9.93 9.93 10.08 10.08
0.00 0.00 0.00 0.00 0.00 0.00 0.00 0.00 0.00 0.00 0.00 0.00 0.00 0.00 0.00 0.00 0.00 0.00 0.00 0.00 0.00 0.00 0.00 7.80 0.00 0.00 14.77 7.32 9.57 8.58 8.58 8.58 8.58 8.51 8.51 8.51 8.51 8.43 8.43 8.43 8.43 8.41 9.15 8.41 8.41 9.18 9.18 9.18 9.18 9.21 9.21 9.21 9.21 9.17 9.17 9.17 9.17 9.13 9.13 9.93 9.13 9.51 9.51 9.51 9.51 9.51 9.51 9.51 9.51 9.55 9.55 9.55 9.55 9.55 9.55 9.55 9.55 9.93 9.93 9.93 9.93 10.08 10.08
0.00 0.00 0.00 0.00 0.00 0.00 0.00 0.00 0.00 0.00 0.00 0.00 0.00 0.00 0.00 0.00 0.00 0.00 0.00 0.00 0.00 0.00 7.81 8.48 9.49 10.02 8.76 13.28 11.94 8.60 8.60 8.60 8.60 8.53 8.53 9.55 9.26 8.45 8.45 8.45 8.45 8.42 8.42 8.42 8.42 9.14 9.14 9.14 9.14 9.16 9.16 9.16 9.16 9.10 9.10 9.10 9.10 9.88 9.07 9.07 9.95 9.52 9.52 9.52 9.52 9.53 9.53 9.53 9.53 9.57 9.57 9.57 9.57 9.72 9.72 9.72 9.72 10.09 10.09 10.09 10.09 10.10 10.10
0.00 0.00 0.00 0.00 0.00 0.00 0.00 0.00 0.00 0.00 0.00 0.00 0.00 0.00 0.00 0.00 0.00 0.00 0.00 0.00 0.00 7.81 12.11 11.43 9.49 9.63 10.72 10.22 11.56 8.60 8.60 8.60 8.60 8.53 8.53 8.53 9.26 8.45 9.78 8.45 8.45 8.42 8.42 8.42 8.42 9.14 9.95 9.14 9.14 9.16 9.16 9.16 9.16 9.10 9.10 9.10 9.10 9.07 9.07 9.07 9.07 9.52 9.52 9.52 9.52 9.53 9.53 9.53 9.53 9.57 9.57 9.57 9.57 9.72 9.72 9.72 9.72 10.09 10.09 10.09 10.09 10.10 10.80
0.00 0.00 0.00 0.00 0.00 0.00 0.00 0.00 0.00 0.00 0.00 0.00 0.00 0.00 0.00 0.00 0.00 0.00 0.00 0.00 7.80 7.81 11.43 11.43 9.88 9.77 10.56 9.63 9.63 14.46 8.60 8.60 8.60 8.53 8.53 8.53 8.53 8.45 8.45 8.45 8.45 8.42 8.42 8.42 8.42 9.14 9.14 9.14 9.14 9.98 9.16 9.16 9.16 9.10 9.10 9.10 9.10 9.88 9.07 9.07 9.07 9.52 9.52 9.52 9.52 11.07 9.53 9.53 9.53 9.57 9.57 9.57 9.57 9.72 9.72 9.72 9.72 10.09 10.09 10.09 10.09 10.10 10.10
0.00 0.00 0.00 4.21 0.00 0.00 0.00 0.00 0.00 0.00 0.00 0.00 0.00 0.00 0.00 4.65 0.00 0.00 5.66 7.80 7.80 11.43 7.81 7.81 13.12 13.21 13.21 13.21 14.36 14.57 10.52 10.52 10.52 10.42 8.53 8.53 8.53 8.45 8.45 8.45 8.45 8.42 8.42 8.42 8.42 9.14 9.14 9.14 9.94 9.16 9.16 9.16 9.16 9.10 9.10 9.10 9.10 9.87 9.07 9.07 9.07 9.52 9.52 9.52 10.37 9.53 9.53 9.53 10.38 10.43 9.57 9.57 9.57 9.72 9.72 9.72 9.72 10.09 10.09 10.09 10.09 10.10 10.10
0.00 0.00 6.98 6.98 6.98 7.02 0.00 0.00 0.00 0.00 0.00 0.00 0.00 0.00 0.00 4.65 7.67 7.63 8.80 8.80 8.44 11.38 7.76 7.76 9.43 10.61 9.51 9.51 10.56 10.94 11.80 10.47 11.14 10.42 9.86 9.27 8.53 8.50 8.50 8.50 8.50 8.48 8.48 8.48 8.48 9.10 9.10 9.10 9.10 10.51 9.07 9.07 10.26 9.05 9.05 9.05 10.49 9.08 9.08 9.08 9.08 9.56 9.56 9.56 10.87 9.56 9.56 9.56 11.12 10.53 9.66 9.66 9.66 9.86 9.86 9.86 9.86 10.11 10.11 11.49 10.11 10.05 10.75
0.00 0.00 0.00 6.98 6.98 7.02 0.00 0.00 0.00 0.00 0.00 0.00 0.00 0.00 0.00 7.67 11.30 11.25 11.25 11.25 11.25 12.41 7.61 7.61 9.43 11.04 9.51 9.51 11.06 10.47 10.47 8.57 8.57 9.27 8.53 8.53 8.53 8.50 8.50 9.52 9.24 8.48 8.48 8.48 8.48 9.10 9.10 9.10 9.10 9.07 9.07 9.07 9.74 11.10 9.32 9.05 9.05 9.08 9.08 9.08 9.08 10.42 10.42 9.56 9.56 9.56 10.42 10.42 10.44 9.66 9.66 9.66 9.66 9.86 9.86 9.86 9.86 10.11 10.81 10.11 10.11 10.05 10.05
0.00 0.00 8.04 6.98 6.98 7.02 7.02 0.00 0.00 0.00 0.00 0.00 0.00 0.00 7.67 7.67 11.30 7.63 7.63 12.70 15.24 7.61 7.61 7.61 9.96 10.04 12.39 10.04 9.51 10.47 10.47 8.57 8.57 8.53 8.53 8.53 8.53 8.50 8.50 8.50 8.50 8.48 9.22 8.48 8.48 9.10 9.10 9.10 11.16 11.11 11.11 11.11 11.83 9.84 11.10 9.05 9.05 9.08 9.08 9.08 9.08 10.34 9.56 9.56 9.56 10.42 9.56 9.56 9.56 9.66 9.66 9.66 9.66 9.86 9.86 9.86 9.86 10.11 10.11 10.11 10.11 10.05 10.05
8.04 6.98 8.03 8.04 6.98 7.02 8.10 0.00 0.00 0.00 0.00 0.00 0.00 0.00 0.00 7.67 12.47 7.63 7.63 7.63 8.81 9.69 7.61 7.61 7.61 10.04 7.66 7.66 7.66 10.98 10.98 8.57 8.57 8.53 8.53 8.53 8.53 8.50 8.50 8.50 9.24 8.48 8.48 8.48 8.48 9.10 9.10 9.10 9.10 11.11 11.16 12.07 11.99 11.10 11.10 9.05 9.05 9.08 9.08 9.08 9.08 9.56 9.56 9.56 9.56 9.56 9.56 9.56 9.56 9.66 9.66 9.66 9.66 9.86 9.86 9.86 9.86 10.11 10.11 10.11 10.11 10.05 10.05
7.00 6.94 6.94 6.94 6.94 7.00 7.00 7.00 0.00 0.00 0.00 0.00 0.00 0.00 0.00 7.70 7.70 12.44 7.64 7.64 7.64 7.60 8.77 7.60 7.60 8.77 7.60 7.60 7.60 8.20 8.20 8.20 8.20 8.20 8.20 8.46 8.46 8.48 8.48 8.48 8.48 8.48 8.48 9.22 8.48 9.08 9.08 9.08 9.08 9.03 11.07 11.07 12.97 11.99 11.11 9.33 9.06 10.56 9.11 9.11 9.11 9.59 9.59 9.59 9.59 11.10 10.46 9.60 9.60 9.75 9.75 9.75 9.75 9.91 9.91 9.91 10.80 10.11 10.11 10.11 10.11 10.00 10.00
7.00 6.94 6.94 6.94 6.94 7.00 7.00 7.00 7.00 0.00 0.00 0.00 0.00 0.00 0.00 8.95 7.70 11.27 11.27 7.64 7.64 7.60 7.60 7.60 7.60 7.60 7.60 7.60 7.60 8.20 8.20 8.20 8.20 8.20 8.20 8.20 8.20 8.22 8.48 8.48 8.48 8.48 8.48 8.48 8.48 9.89 9.08 9.08 9.08 9.03 11.07 11.07 11.07 12.07 11.68 11.11 9.06 9.11 9.11 9.11 9.11 9.59 9.59 9.59 9.59 9.60 11.45 9.60 9.60 9.75 9.75 9.75 9.75 9.91 9.91 10.80 9.91 10.11 10.82 10.11 11.20 10.69 10.00
7.00 6.94 6.94 6.94 6.94 7.00 7.00 7.00 7.00 7.11 0.00 0.00 0.00 0.00 9.97 9.97 9.44 8.82 11.27 7.64 8.81 7.60 7.60 7.60 7.60 7.60 7.60 7.60 8.77 8.20 8.20 9.45 8.20 8.20 8.20 8.20 8.20 8.22 8.22 8.22 8.22 8.22 8.48 8.48 8.48 9.08 9.08 9.08 9.08 11.07 11.07 11.07 10.60 11.11 11.16 12.07 12.07 9.11 9.11 9.11 10.56 9.59 9.59 11.30 10.60 8.31 9.60 9.60 9.60 9.75 9.75 9.75 9.75 10.80 9.91 9.91 9.91 10.82 10.11 10.11 10.11 10.00 10.00
7.00 6.94 6.94 6.94 6.94 7.00 7.00 7.00 7.00 8.49 8.98 8.98 7.30 9.28 2.71 9.85 9.44 10.01 10.06 11.27 7.64 7.60 7.60 7.60 7.60 7.60 7.60 7.60 7.60 8.20 8.20 8.20 8.20 8.20 8.20 8.20 8.20 8.22 9.47 8.22 8.22 8.22 8.22 8.22 8.22 9.08 9.08 9.08 11.13 11.07 10.60 11.07 11.07 11.99 11.99 11.99 11.11 9.11 9.11 9.11 9.11 9.59 9.59 10.77 9.59 8.31 9.60 9.60 9.60 9.75 9.75 9.75 11.09 9.91 9.91 9.91 9.91 11.41 10.11 10.82 10.79 10.69 10.69
6.99 6.93 6.93 6.93 6.93 6.98 10.61 6.98 6.98 7.10 8.22 8.98 9.43 8.44 8.44 10.97 9.97 9.97 7.68 11.30 7.68 7.63 7.63 7.63 7.63 7.60 9.21 7.60 7.60 8.19 8.19 8.19 8.19 8.20 8.20 8.20 8.20 8.20 8.20 9.45 8.20 8.17 8.17 8.17 8.17 8.70 11.58 11.58 11.58 11.15 11.15 11.15 11.15 11.20 11.20 11.99 11.99 11.21 11.21 9.14 9.14 9.59 10.45 9.96 9.59 9.65 9.65 9.65 9.65 9.79 9.79 10.67 9.79 9.91 9.91 9.91 9.91 10.82 10.12 10.12 10.12 9.98 9.98
8.29 6.93 6.93 6.93 6.93 10.61 10.61 11.93 6.98 7.10 6.10 8.22 8.98 9.97 7.99 10.29 9.85 9.97 9.97 11.30 11.30 7.63 7.63 7.63 7.63 7.60 7.60 7.60 7.60 8.19 10.31 8.19 8.19 8.20 8.20 8.20 8.20 9.72 8.20 8.20 8.20 8.17 8.17 8.17 9.68 16.10 12.60 11.58 11.58 8.72 8.72 8.72 9.10 11.20 11.20 11.20 11.99 11.99 12.98 11.95 9.14 9.59 11.80 13.76 11.75 9.65 9.65 9.65 9.65 9.79 9.79 11.11 9.79 9.91 9.91 9.91 9.91 10.12 10.12 10.12 10.12 9.98 9.98
7.81 7.75 7.75 8.71 12.35 11.43 7.80 7.80 11.43 7.93 5.87 9.14 7.93 8.65 10.97 12.20 11.76 11.76 11.76 11.81 16.35 8.57 8.57 8.57 8.57 8.54 8.54 8.54 8.54 9.00 9.00 9.00 9.00 9.01 9.01 9.01 9.01 9.01 9.01 9.01 9.01 10.35 8.98 8.98 8.98 9.52 12.91 13.81 9.52 9.55 9.55 9.55 9.55 9.58 9.58 9.58 13.54 13.54 13.54 13.54 10.19 10.73 14.50 14.50 10.49 10.55 10.55 10.55 10.55 11.55 10.69 10.69 10.69 10.81 10.81 10.81 10.81 11.15 13.25 11.15 11.15 11.00 11.00
9.50 11.38 11.38 11.38 7.75 7.80 7.80 7.80 11.43 7.93 7.93 7.93 7.93 8.65 8.65 8.65 11.81 10.84 11.93 9.03 11.81 15.02 11.39 8.57 8.57 8.54 8.54 8.54 8.54 9.00 9.00 9.00 9.00 9.01 9.01 9.01 9.01 9.01 9.01 9.01 9.01 8.98 8.98 8.98 8.98 9.52 9.52 9.52 9.52 9.55 9.55 9.55 9.55 9.58 12.09 9.58 16.37 13.81 13.80 13.81 13.58 14.51 14.50 14.51 10.49 10.55 10.55 10.55 10.55 10.69 10.90 10.69 10.69 10.81 10.81 10.81 10.81 11.15 11.15 11.15 11.15 11.00 11.00
7.84 11.43 11.43 7.80 7.80 7.78 7.78 7.78 11.40 11.47 11.47 9.50 11.47 12.24 9.92 10.70 10.70 11.81 10.84 11.46 10.84 15.12 11.50 11.50 11.50 8.62 8.62 8.62 8.62 9.09 9.09 9.09 9.09 9.09 9.09 9.09 9.09 9.05 9.05 9.05 9.05 9.01 9.01 9.01 9.01 9.60 9.60 9.60 9.60 9.64 9.64 11.10 9.64 11.11 9.65 9.65 12.74 12.74 13.06 13.06 10.36 13.72 13.72 10.50 10.50 10.56 10.56 10.56 10.56 10.88 10.66 10.66 10.66 10.77 10.77 10.77 10.77 11.09 11.09 11.09 11.09 10.96 10.96
11.47 11.43 11.43 7.80 7.80 7.78 7.78 7.78 7.78 9.02 7.84 7.84 7.84 12.24 12.24 12.96 10.70 10.70 11.81 11.76 13.53 15.39 11.81 11.50 11.50 8.62 8.62 8.62 8.62 9.09 9.09 9.09 9.09 9.09 9.09 9.09 9.09 9.05 9.05 9.05 9.05 9.01 9.01 9.01 9.01 9.60 9.60 9.60 9.60 9.64 9.64 9.64 9.64 9.65 9.65 9.65 13.12 9.61 9.61 9.61 9.61 14.55 14.55 10.02 10.02 10.07 10.07 14.22 10.56 10.66 10.66 10.66 10.66 10.77 10.77 10.77 10.99 11.09 11.09 11.30 11.30 10.96 10.96
7.84 7.80 7.80 7.80 9.91 7.78 7.78 7.78 7.78 9.02 7.84 7.84 7.84 8.61 12.24 8.61 10.70 12.03 14.33 14.33 14.33 11.41 12.26 11.50 14.23 8.62 8.62 8.62 8.62 9.09 9.09 9.09 9.09 9.09 9.09 9.09 9.09 9.05 9.05 9.05 9.05 9.01 9.01 9.01 9.01 9.60 9.60 9.60 9.60 9.64 9.64 9.64 9.64 11.11 9.65 9.65 9.65 9.61 9.61 9.61 9.61 14.55 14.55 13.72 10.02 10.07 11.58 10.07 10.07 10.15 10.66 10.66 10.66 10.77 10.77 10.77 10.77 11.09 11.09 11.09 11.09 10.96 10.96
11.47 7.80 7.80 7.80 7.80 9.56 8.97 7.78 7.78 7.84 7.84 7.84 7.84 8.61 12.24 12.24 12.24 12.28 8.65 8.65 8.65 11.41 10.97 8.64 8.64 8.62 9.93 10.97 8.62 9.09 9.09 9.09 9.09 9.09 9.09 9.09 9.09 9.05 9.05 9.05 9.05 9.01 9.01 9.01 9.01 9.60 9.60 9.60 9.60 9.64 9.64 9.64 9.64 11.11 16.10 11.11 9.65 9.61 9.61 11.06 10.02 14.55 11.05 11.05 10.02 10.07 10.07 10.07 11.57 10.15 10.15 10.15 10.15 10.24 10.77 10.77 10.77 11.09 11.09 11.09 11.09 11.17 10.96
