New_Model_Runs/11_Future_RCP4.5_Scn1_out/post_prcessed_with_MFR/Monthly_summaries/runoff_monthly_DEC.asc
NCOLS 700
NROWS 400
XLLCENTER 515000.000000
YLLCENTER 8409000.000000
CELLSIZE 50.000000
NODATA_value -999.000000
[rows 114 to 151 of 400, columns 420 to 503 of 700]
1.17 1.94 1.17 1.95 1.19 1.19 1.19 0.96 0.96 0.96 0.96 0.96 1.44 1.01 1.01 1.01 1.06 1.06 1.06 1.06 1.22 1.22 0.11 0.11 0.14 0.14 0.11 0.85 0.85 0.09 1.76 0.83 0.59 0.91 2.09 2.09 2.06 2.06 2.06 2.06 2.00 2.00 2.00 2.00 1.83 1.83 1.83 1.83 1.83 1.83 1.83 1.83 2.02 2.02 2.02 0.84 0.59 0.59 2.04 3.04 0.67 0.67 0.90 2.14 2.12 1.38 2.23 1.38 3.04 3.04 0.44 1.04 0.99 0.99 0.99 0.99 0.96 0.96 0.96 0.96 0.27 0.36 0.36 0.27
1.17 1.17 1.17 1.17 1.19 1.19 1.19 1.19 0.96 0.96 0.96 0.96 1.01 1.01 1.01 1.01 1.06 1.06 1.06 1.06 1.22 0.26 0.33 0.26 0.27 0.11 0.11 0.27 0.85 1.24 1.76 0.53 0.66 1.15 1.11 2.09 2.06 2.06 2.06 2.06 2.00 2.00 2.00 2.00 1.83 1.83 1.83 1.83 1.83 1.83 1.83 3.23 2.02 2.02 2.02 2.02 0.59 0.59 0.59 0.59 0.60 0.67 0.90 2.14 2.12 1.38 1.38 1.38 3.04 3.04 2.04 1.04 0.99 0.99 0.99 0.99 0.96 0.96 0.96 0.96 0.51 0.35 0.27 0.27
1.23 1.23 1.23 1.23 1.25 1.25 1.25 1.25 1.00 1.00 1.00 1.00 1.04 1.04 1.04 1.04 1.06 1.06 1.06 1.06 1.10 0.24 0.24 0.24 0.24 0.24 0.24 1.10 1.10 1.10 0.66 1.76 1.76 0.66 0.66 0.88 0.87 2.07 2.07 2.07 2.02 2.02 0.85 0.85 1.68 1.85 1.85 1.85 1.84 1.84 1.84 1.84 3.33 3.45 2.00 0.84 0.66 0.59 0.59 0.59 0.98 0.60 0.89 2.12 2.08 0.88 0.88 1.36 0.59 3.04 2.04 1.02 1.49 0.98 0.98 0.98 0.95 0.95 0.95 0.95 0.33 0.25 0.25 0.95
1.23 1.23 1.23 1.23 1.25 1.25 1.25 1.25 1.23 1.00 1.00 1.00 1.04 1.04 1.04 1.04 1.06 1.06 1.06 1.06 1.10 0.24 0.24 1.10 1.10 1.10 1.10 0.38 1.10 0.26 0.66 0.94 0.66 0.66 0.66 0.59 0.59 0.87 0.87 0.87 0.85 0.85 0.85 0.85 0.78 1.85 3.25 1.85 1.84 3.24 1.84 1.84 2.00 2.00 2.00 0.84 0.87 0.87 2.07 2.07 0.89 0.89 0.60 2.12 2.08 2.08 2.08 0.88 0.85 0.85 1.02 1.02 0.98 0.98 0.98 0.98 0.95 1.44 0.95 0.95 0.25 0.95 0.95 0.95
1.23 1.23 1.23 1.23 1.25 1.25 1.25 1.25 1.23 1.00 1.00 1.00 1.04 1.04 1.04 1.04 1.60 1.61 1.06 1.06 1.10 1.10 1.10 1.10 1.10 1.10 1.10 1.10 0.26 0.91 0.59 0.59 2.40 1.76 0.66 0.88 0.87 1.35 0.87 1.34 0.85 0.85 0.85 0.85 0.78 1.85 1.85 1.85 1.84 3.24 1.84 1.84 2.00 2.00 3.45 3.45 2.07 2.07 2.07 2.07 3.61 0.89 1.00 3.62 2.08 2.08 2.08 3.59 1.80 1.31 1.02 1.02 0.98 0.98 0.98 0.98 0.95 1.44 0.95 0.95 0.95 1.44 0.95 0.95
1.23 1.23 1.23 1.23 1.25 1.25 1.25 1.25 1.23 1.00 1.00 1.00 1.04 1.04 1.04 1.04 1.06 1.06 1.06 1.06 1.10 1.10 1.10 1.10 1.10 1.68 1.10 1.10 1.10 1.15 2.09 0.88 0.88 1.76 0.88 0.88 0.87 0.87 0.87 0.87 2.02 2.02 2.02 2.02 1.85 4.44 3.25 1.85 1.84 1.84 1.84 1.84 2.00 2.00 2.00 2.00 2.07 2.07 2.07 2.07 2.12 0.89 0.89 2.12 4.85 3.59 2.08 2.08 2.02 0.85 1.02 1.02 0.98 0.98 0.98 0.98 0.95 0.95 0.95 0.95 0.95 0.95 0.95 1.41
1.33 1.33 1.33 1.33 1.32 1.32 1.32 1.32 1.31 1.31 1.07 1.07 1.08 1.08 1.08 1.08 1.05 1.05 1.05 1.05 1.05 1.05 1.05 1.05 1.08 1.08 1.08 1.08 1.10 2.08 2.08 0.59 1.76 1.76 1.37 0.88 0.86 2.06 2.06 2.06 2.01 2.01 2.01 2.01 1.87 4.48 3.28 1.87 1.86 1.86 1.86 3.28 1.97 1.97 1.97 4.87 2.00 2.00 2.00 2.00 2.06 2.06 2.06 2.06 2.01 2.01 2.01 2.01 1.88 3.31 0.99 0.99 0.96 0.96 0.96 0.96 0.91 0.91 0.91 1.37 0.88 1.34 0.88 1.34
1.33 1.33 0.38 1.33 1.32 1.32 1.32 1.32 1.31 1.31 1.07 1.07 1.08 1.08 1.08 1.08 1.05 1.05 1.05 1.05 1.05 1.05 1.60 1.05 1.08 1.08 0.23 0.23 0.24 0.87 0.87 0.59 1.76 0.59 1.87 0.88 1.84 2.06 2.06 2.06 2.01 2.01 2.01 2.01 3.28 3.28 1.87 1.87 1.86 1.86 3.28 1.86 1.97 1.97 1.97 1.97 2.00 3.45 2.00 2.00 2.06 2.06 3.55 7.18 6.23 3.46 2.01 2.01 1.88 1.88 0.99 0.99 1.46 0.96 1.46 0.96 0.91 0.91 0.91 0.91 0.88 0.88 0.88 0.88
1.33 1.33 0.38 0.38 1.32 1.32 1.32 0.55 1.31 1.31 1.31 1.07 1.08 1.08 1.08 1.08 1.05 1.05 1.05 1.05 1.05 1.05 1.05 1.05 1.08 0.23 0.23 0.23 0.24 0.87 0.90 1.06 0.66 0.66 0.66 0.88 0.86 2.06 2.06 2.06 2.01 3.46 2.01 2.01 1.87 1.87 1.87 1.87 1.86 3.28 1.86 1.86 1.97 1.97 1.97 1.97 2.00 2.00 2.00 2.00 2.06 2.06 2.06 2.06 3.46 2.01 2.01 2.01 1.88 3.31 1.83 0.99 0.96 0.96 0.96 0.96 0.91 0.91 0.91 0.91 0.88 0.88 0.88 0.88
1.33 0.38 0.38 0.38 0.38 0.38 0.38 0.21 0.61 1.31 1.31 1.07 1.08 1.08 1.08 1.08 1.05 1.05 1.05 1.05 1.05 1.05 1.05 1.05 1.08 1.08 1.08 1.08 1.10 2.08 2.08 1.76 0.66 0.59 0.66 0.59 0.86 2.06 2.06 2.06 2.01 2.01 2.01 2.01 1.87 1.87 1.87 1.87 1.86 1.86 3.28 1.86 1.97 1.97 1.97 4.76 2.00 2.00 2.00 2.00 2.06 2.06 2.06 3.43 2.01 2.01 2.01 2.01 1.88 2.23 0.99 1.48 0.96 0.96 0.96 0.96 0.91 0.91 0.91 0.91 0.88 0.88 0.88 0.88
1.35 0.38 0.25 0.38 0.39 0.39 0.39 0.29 1.15 0.61 0.61 1.35 1.22 0.26 0.26 1.22 1.09 1.09 1.09 0.24 1.05 1.05 0.29 1.05 1.04 1.04 1.04 1.04 1.07 2.04 2.04 1.11 2.05 0.59 1.67 0.59 0.86 0.86 2.05 2.05 2.02 2.02 2.02 2.02 1.98 1.98 1.98 1.98 1.87 1.87 1.87 1.87 1.86 1.86 1.86 3.27 1.87 1.87 1.87 1.87 1.98 3.40 1.98 1.98 1.86 1.86 1.86 1.86 1.83 1.83 0.96 0.96 0.95 0.95 0.95 0.95 0.91 0.91 0.91 0.91 0.92 0.92 0.92 0.92
1.37 0.25 0.38 0.25 0.39 0.29 0.29 0.39 1.15 1.15 1.15 0.37 0.14 0.26 0.26 0.26 0.11 0.24 0.24 0.11 0.11 1.05 1.05 1.05 1.04 1.04 1.04 1.04 1.07 2.04 2.04 2.04 1.11 2.05 0.59 0.59 0.86 0.86 2.05 2.05 2.02 2.02 2.02 2.02 1.98 3.40 1.98 1.98 1.87 1.87 1.87 1.87 1.86 1.86 1.86 1.86 1.87 1.87 1.87 6.23 1.98 3.40 1.98 1.98 1.86 1.86 1.86 1.86 1.83 2.18 0.96 0.96 0.95 0.95 0.95 0.95 0.91 0.91 0.91 0.91 0.92 0.92 0.92 0.92
0.25 0.25 0.29 0.29 1.15 1.15 0.39 0.39 1.15 1.15 1.15 1.15 0.14 0.11 0.85 0.85 0.85 0.85 0.85 0.11 0.22 0.22 1.05 1.05 1.04 1.04 1.04 1.04 1.07 2.04 2.04 2.04 3.54 0.96 0.91 0.59 0.66 0.86 0.86 2.05 2.02 2.02 2.02 3.45 1.98 1.98 1.98 1.98 1.87 1.87 1.87 1.87 1.86 1.86 1.86 1.86 1.87 1.87 1.87 3.29 3.32 3.40 1.98 1.98 1.86 1.86 1.86 1.86 1.83 1.83 0.96 0.96 0.95 0.95 0.95 0.95 0.91 0.91 0.91 0.91 0.92 0.92 0.92 0.92
0.25 0.29 0.20 0.29 1.15 1.15 0.29 1.15 1.15 1.15 1.15 0.29 1.19 0.11 0.11 0.26 0.24 0.85 0.24 0.11 0.15 0.14 0.43 1.05 1.04 1.04 1.04 1.04 1.07 2.06 2.04 2.04 2.06 2.06 2.06 0.96 0.59 1.19 0.86 0.86 2.02 2.02 2.02 2.02 1.98 1.98 1.98 1.98 1.87 1.87 1.87 1.87 3.25 3.25 1.86 1.86 1.87 1.87 1.87 1.87 1.98 3.31 1.98 1.98 1.86 1.86 1.86 1.86 1.83 1.83 0.96 0.96 0.95 0.95 0.95 0.95 0.91 0.91 0.91 0.91 0.92 0.92 0.92 0.92
0.38 1.15 1.15 1.15 1.15 1.15 1.15 1.15 1.15 0.25 1.15 1.15 0.30 0.11 0.14 0.14 0.24 0.24 0.16 0.11 0.11 0.11 0.42 1.06 1.02 1.02 0.66 1.02 1.03 1.98 1.98 1.98 2.04 2.04 0.86 0.96 0.59 0.59 1.34 0.86 1.81 3.52 2.04 1.14 0.83 0.83 0.83 2.00 1.88 1.88 1.88 1.88 1.84 3.23 1.84 1.84 1.82 1.82 1.82 1.82 1.86 1.86 1.86 1.86 1.88 1.88 1.88 1.88 1.87 1.87 0.98 0.98 0.98 0.98 0.98 0.98 0.96 0.96 0.96 0.96 0.96 0.96 0.96 0.96
1.15 1.15 1.15 1.15 1.15 1.15 1.15 1.15 1.15 1.15 1.15 1.15 1.19 0.25 0.14 0.33 0.24 0.14 0.11 0.14 0.16 0.11 1.06 1.06 1.02 0.66 0.66 0.66 1.98 1.98 1.98 1.98 2.04 2.04 0.86 0.66 0.59 0.59 0.86 0.86 3.38 0.86 0.86 0.86 0.83 0.83 1.88 1.74 0.79 3.30 1.88 1.88 1.84 1.84 1.84 1.84 1.82 1.82 1.82 1.82 1.86 3.24 1.86 1.86 1.88 1.88 1.88 1.88 1.87 1.87 0.98 0.98 0.98 0.98 0.98 0.98 0.96 0.96 0.96 0.96 0.96 0.96 0.96 0.96
0.97 0.97 0.97 0.97 0.97 0.97 0.97 0.97 0.97 0.20 0.97 0.97 1.12 0.28 0.13 0.41 0.43 0.56 0.10 0.22 0.22 0.99 0.99 1.42 0.62 0.62 0.62 0.62 1.53 2.00 3.44 2.00 2.07 2.07 0.87 1.85 0.87 0.87 3.58 2.08 1.85 0.87 0.87 0.87 0.87 2.06 3.55 1.84 0.85 2.02 5.00 2.02 1.98 1.98 1.98 1.98 1.88 1.88 3.31 1.88 1.82 1.82 1.82 1.82 1.84 1.84 1.84 1.84 1.84 1.84 0.96 0.96 0.96 0.96 0.96 0.96 0.93 0.93 1.42 0.93 0.93 0.93 0.93 0.93
0.97 0.97 0.97 0.97 0.97 0.97 0.97 2.14 1.16 0.97 0.20 0.35 0.23 0.23 0.10 0.10 0.22 1.04 1.58 1.04 0.99 0.99 0.99 0.99 0.81 0.62 0.62 0.62 1.53 2.00 2.00 2.00 2.07 2.07 2.07 0.87 0.87 2.08 2.08 2.08 0.87 0.87 0.87 0.87 2.06 2.06 2.06 2.06 2.02 2.02 2.02 2.02 1.98 1.98 1.98 1.98 1.88 1.88 1.88 1.88 1.82 1.82 1.82 1.82 1.84 1.84 1.84 1.84 1.10 1.84 0.96 0.96 0.96 0.96 0.96 0.96 0.93 0.93 0.93 0.93 0.93 0.93 0.93 0.93
0.97 0.97 0.97 2.42 0.97 0.97 0.97 0.97 1.63 0.97 0.24 0.35 0.36 0.36 0.23 0.10 1.55 1.02 1.02 1.02 0.97 0.97 0.97 1.24 0.62 0.62 0.62 0.62 1.53 1.88 1.88 1.88 2.02 2.02 0.85 0.85 2.03 2.03 2.03 2.03 0.85 2.03 2.03 2.03 2.03 2.03 2.03 2.03 2.00 2.00 2.00 2.00 4.88 1.89 1.89 1.89 1.88 1.88 1.88 1.88 1.86 1.86 1.86 1.86 1.88 1.88 1.88 1.88 2.99 1.88 0.98 0.98 0.98 0.98 0.98 0.98 0.94 0.94 0.94 0.94 1.44 0.95 0.95 0.95
10.69 0.97 0.97 2.42 0.17 0.97 0.97 0.97 0.97 0.24 0.24 0.35 0.23 0.33 0.36 1.59 1.02 1.02 1.02 1.02 0.97 1.38 0.97 0.97 0.90 0.81 0.62 0.62 1.53 1.88 1.88 1.88 2.02 0.85 0.85 2.02 2.03 2.03 2.03 2.03 2.03 3.50 2.03 2.03 2.03 2.03 2.03 2.03 2.00 2.00 2.00 2.00 1.89 1.89 1.89 1.89 1.88 1.88 1.88 1.88 1.86 1.86 1.86 1.86 1.88 1.88 1.88 1.88 1.88 1.88 0.98 0.98 0.98 0.98 0.98 0.98 0.94 0.94 0.94 0.94 0.95 0.95 0.95 0.95
0.00 0.00 10.69 0.97 0.97 0.97 0.97 0.97 0.97 0.35 1.23 1.23 2.23 0.36 1.29 1.29 1.02 1.02 1.02 1.02 0.97 0.97 0.97 0.97 0.62 0.62 0.62 0.62 1.53 1.53 1.88 1.88 4.84 2.02 2.02 2.02 2.03 2.03 2.03 2.03 2.03 2.03 2.03 2.03 2.03 2.03 3.50 2.03 2.00 2.00 3.44 2.00 1.89 1.89 1.89 1.89 1.88 1.88 1.88 1.88 1.86 1.86 1.86 1.86 1.88 1.88 1.88 1.88 1.88 1.88 0.98 0.98 0.98 0.98 0.98 0.98 0.94 0.94 0.94 0.94 0.95 0.95 0.95 0.95
0.00 0.00 0.00 1.63 0.97 0.97 0.97 0.97 0.35 1.23 1.23 1.23 1.29 1.29 1.29 1.29 1.02 1.02 1.02 1.02 0.97 0.97 0.62 0.62 0.81 0.62 0.62 0.62 1.53 1.53 1.88 1.88 2.49 2.02 2.02 1.53 1.53 1.53 2.03 2.03 2.03 2.03 3.49 2.03 2.03 3.49 2.03 2.03 2.00 6.19 3.44 2.00 1.89 1.89 1.89 1.89 1.88 1.88 1.88 1.88 1.86 1.86 1.86 1.86 1.88 1.88 1.88 1.88 1.88 1.88 0.98 0.98 0.98 0.98 0.98 0.98 0.94 0.94 0.94 0.94 0.95 0.95 0.95 0.95
0.00 0.00 0.00 0.00 0.97 0.97 0.97 1.21 1.20 1.20 1.20 1.20 1.24 1.24 1.24 1.24 0.98 0.98 0.98 0.98 0.93 0.62 0.62 0.62 0.81 0.62 0.62 0.62 1.53 1.53 1.53 1.53 1.53 1.53 1.53 1.53 1.53 2.00 3.13 2.00 2.02 2.02 2.02 2.02 2.01 2.01 2.01 2.01 2.00 2.00 2.00 2.00 1.97 1.97 1.97 1.97 1.97 1.97 1.97 1.97 1.86 1.86 1.86 1.86 1.87 1.87 1.87 1.87 1.89 1.89 0.99 0.99 1.00 1.00 1.00 1.00 0.95 0.95 0.95 0.95 0.94 0.94 0.94 0.94
0.00 0.00 0.00 0.00 0.97 0.97 1.21 1.22 1.99 1.20 1.20 1.99 2.15 1.24 1.24 1.24 1.20 0.98 0.98 1.24 0.93 0.93 0.62 0.62 0.62 0.62 0.62 0.62 1.53 1.53 3.55 2.49 1.53 1.53 1.53 1.53 1.53 1.53 1.53 2.00 2.02 2.02 2.02 2.02 2.01 2.01 2.01 2.01 2.00 2.00 2.00 2.00 1.97 1.97 1.97 1.97 1.97 1.97 1.97 1.97 1.86 1.86 1.86 1.86 1.87 1.87 1.87 1.87 1.89 1.89 0.99 0.99 2.07 1.52 1.00 1.00 0.95 0.95 0.95 0.95 0.94 0.94 1.43 0.94
0.00 0.00 0.00 0.00 10.69 0.97 2.02 1.22 1.99 1.20 1.20 1.20 1.24 2.15 1.24 1.24 1.20 0.98 0.98 0.62 0.62 0.62 0.62 0.62 0.62 0.62 0.62 0.62 1.53 1.53 1.53 1.53 1.53 1.53 1.53 1.53 1.53 1.53 1.53 2.00 2.02 2.02 2.02 2.02 2.01 2.01 2.01 2.01 3.44 2.00 3.43 4.92 1.97 1.97 1.97 3.39 1.97 1.97 1.97 1.97 1.86 1.86 1.86 1.86 1.87 1.87 1.87 1.87 1.89 1.89 0.99 0.99 1.52 1.87 1.00 1.00 0.95 0.95 0.95 0.95 1.43 0.94 0.94 0.38
0.00 0.00 0.00 0.00 0.00 1.21 1.22 1.22 1.20 1.20 1.20 1.20 1.24 1.24 1.24 1.24 0.90 0.90 0.62 0.62 0.62 0.62 0.62 0.62 0.62 0.62 0.62 0.62 1.53 1.53 1.93 1.53 1.53 1.53 1.53 1.53 2.00 2.00 2.00 2.00 3.46 2.02 2.02 2.02 3.46 2.01 2.01 2.01 2.00 2.00 2.00 2.00 7.41 4.88 4.88 1.97 1.97 1.97 1.97 1.97 3.35 1.86 1.86 1.86 1.87 3.29 1.87 1.87 1.89 1.89 0.99 0.99 1.00 1.00 1.52 1.00 0.95 0.95 0.95 0.95 0.94 1.43 1.75 1.49
0.00 0.00 0.00 0.00 0.00 1.19 1.19 1.19 1.17 1.17 1.17 1.17 1.21 1.21 1.21 1.21 1.03 1.03 0.92 0.62 0.62 0.62 0.62 0.62 0.62 0.62 0.62 1.43 1.53 0.61 0.57 1.53 1.53 1.53 1.53 1.99 2.01 2.01 4.98 3.46 2.00 2.00 2.00 2.00 2.01 2.01 2.01 2.01 3.43 2.00 2.00 2.00 1.98 1.98 1.98 1.98 1.99 1.99 1.99 1.99 1.84 1.84 1.84 1.84 3.24 1.84 1.84 1.84 1.88 1.88 0.98 0.98 1.02 1.02 1.02 1.54 0.96 0.96 0.96 0.96 0.94 0.94 0.94 0.94
0.00 0.00 0.00 0.00 1.21 1.19 1.19 1.97 1.17 0.37 1.17 1.17 1.21 1.21 1.21 1.21 1.03 1.03 0.92 0.92 0.91 0.62 0.62 0.91 0.94 0.62 0.62 1.43 1.53 1.53 1.53 1.53 1.53 1.53 1.99 1.99 2.01 2.01 2.01 2.01 2.00 2.00 3.44 2.00 2.01 2.01 2.01 2.01 2.00 2.00 2.00 2.00 1.98 1.98 1.98 1.98 1.99 1.99 1.99 1.99 1.84 1.84 1.84 1.84 1.84 1.84 1.84 1.84 3.28 1.88 0.98 0.98 1.02 1.02 1.02 1.02 0.96 0.96 0.96 0.96 1.87 0.94 0.94 0.94
0.00 0.00 0.00 0.97 0.97 1.19 1.19 1.19 0.37 0.20 0.33 0.33 0.34 0.34 0.34 1.21 1.03 1.03 1.03 0.92 0.91 0.91 0.91 0.91 0.94 0.94 0.62 1.43 1.53 1.53 1.53 1.53 1.53 1.53 1.53 1.99 2.01 2.01 2.01 2.01 2.00 2.00 2.00 2.00 2.01 2.01 3.45 2.01 2.00 2.00 2.00 2.00 1.98 1.98 1.98 1.98 1.99 1.99 1.99 1.99 1.84 1.84 1.84 1.84 1.84 1.84 1.84 1.84 3.28 1.88 0.98 0.98 1.02 1.02 1.02 0.28 0.96 0.96 0.96 0.96 0.94 0.94 0.94 0.94
0.00 0.00 0.00 10.69 0.33 1.98 1.19 0.37 0.20 0.20 0.20 0.34 0.34 0.34 0.34 0.34 1.03 1.03 1.03 0.92 0.91 0.91 0.91 0.91 0.94 0.94 0.94 1.43 1.53 1.53 1.53 1.53 1.53 1.53 1.53 1.53 2.01 2.01 2.01 2.01 2.00 2.00 2.00 2.00 2.01 2.01 2.01 2.01 3.44 2.00 2.00 2.00 1.98 3.40 1.98 1.98 1.99 1.99 1.99 1.99 1.84 1.84 1.84 1.84 1.84 1.84 1.84 1.84 1.88 1.88 0.98 0.98 1.02 1.02 1.02 0.26 0.25 0.96 0.96 0.96 0.94 0.94 0.51 0.94
0.00 0.00 0.00 1.63 0.97 0.97 0.34 0.20 0.20 0.20 0.33 0.33 0.33 0.33 0.33 1.18 0.87 0.87 0.87 0.87 0.94 0.94 0.94 0.94 0.99 0.99 0.99 1.83 2.05 2.05 1.53 1.53 1.53 1.53 1.53 1.53 2.03 2.03 2.03 2.03 1.98 1.98 1.98 1.98 1.99 1.99 1.99 1.99 1.99 1.99 1.99 1.99 1.99 1.99 1.99 1.99 2.03 2.03 2.03 2.03 1.87 1.87 1.87 1.87 1.84 1.84 1.84 1.84 1.87 1.87 0.98 0.98 1.01 1.01 0.54 0.99 0.18 0.93 0.18 0.18 0.14 0.51 0.51 0.38
0.00 0.00 0.97 0.97 0.97 0.97 0.97 0.97 0.20 0.20 0.54 0.33 0.33 0.54 1.64 1.18 0.87 0.87 0.87 0.87 0.94 0.94 0.94 0.94 0.99 0.99 0.99 1.83 2.05 2.05 2.05 1.53 2.05 1.53 2.05 1.53 2.03 2.03 2.03 2.03 1.98 1.98 1.98 1.98 1.99 1.99 1.99 1.99 1.99 1.99 1.99 1.99 1.99 1.99 1.99 1.99 2.03 2.03 2.03 2.03 1.87 1.87 1.87 1.87 1.84 1.84 1.84 1.84 1.87 1.87 0.98 0.98 1.01 1.48 1.01 0.27 0.25 0.18 0.18 0.18 0.18 0.18 0.93 0.21
0.00 0.00 0.88 0.88 0.88 0.88 0.88 0.88 0.17 0.17 0.17 0.77 0.17 0.17 0.77 0.77 0.72 0.72 0.72 0.72 0.88 0.88 0.88 0.88 0.92 0.92 0.92 1.73 1.79 1.79 1.79 1.79 1.80 1.80 1.80 1.39 1.78 1.78 1.78 1.78 1.73 1.73 1.73 1.73 1.69 1.69 1.69 1.69 1.68 1.68 1.68 1.68 1.68 1.68 1.68 1.68 1.72 1.72 1.72 1.72 1.67 1.67 1.67 1.67 1.11 1.11 1.11 1.11 1.67 1.67 0.85 0.85 0.87 0.87 0.87 0.87 0.84 0.84 0.22 0.66 0.66 0.66 0.66 0.66
0.00 0.00 0.88 0.88 0.88 0.88 0.15 0.21 0.19 0.17 0.77 0.77 0.77 0.77 0.77 0.77 0.72 0.72 0.72 0.72 0.75 0.88 0.88 0.88 0.92 0.92 0.92 1.73 1.79 1.79 1.79 1.79 1.80 1.80 1.80 1.39 1.78 1.78 1.78 1.78 1.73 1.73 1.73 1.73 1.69 1.69 1.69 1.69 1.68 1.68 1.68 1.68 1.68 1.68 1.68 1.68 1.72 1.72 0.72 1.72 1.67 1.67 1.67 1.67 1.11 1.11 1.11 1.11 1.67 1.67 0.85 1.27 1.31 1.31 0.87 0.87 0.84 0.84 0.22 0.12 0.66 0.66 0.66 0.00
0.00 0.00 0.88 0.88 0.88 0.32 0.88 0.88 0.17 0.75 1.32 0.75 0.74 0.74 0.74 0.74 0.73 0.73 0.73 0.73 1.50 0.92 0.92 0.92 0.95 0.95 0.95 1.78 1.83 1.01 1.83 1.83 1.82 1.82 1.82 1.82 1.77 1.77 3.03 1.77 1.72 1.72 1.72 1.72 1.67 1.67 1.67 1.67 1.68 1.68 1.68 1.68 1.72 1.72 1.72 1.72 1.77 1.77 0.74 0.74 0.72 0.72 0.72 1.74 1.70 1.70 1.70 1.70 1.12 1.12 0.84 0.84 0.84 0.84 0.84 0.84 0.83 0.83 0.22 0.66 0.66 0.66 0.42 0.00
0.00 0.00 10.43 0.88 0.88 0.21 0.88 0.88 0.75 0.75 0.75 0.75 0.74 0.74 0.74 0.74 0.73 0.73 0.73 0.73 0.88 0.88 0.92 0.92 0.95 0.95 0.95 1.78 1.83 1.01 1.83 1.83 1.82 1.82 1.82 1.82 1.77 1.77 3.03 1.77 1.72 1.72 1.72 1.72 1.67 1.67 1.67 1.67 1.68 1.68 1.68 1.68 1.72 1.72 1.72 1.72 0.74 0.74 0.74 0.74 0.72 0.72 0.72 1.74 1.70 1.70 1.70 1.70 1.12 1.12 0.84 0.84 0.84 0.84 0.84 0.84 0.83 0.83 0.33 0.66 0.66 0.66 10.36 0.00
0.00 0.00 0.00 0.88 0.88 0.88 0.46 0.46 0.75 0.75 0.75 0.75 0.74 0.74 0.74 0.40 0.24 0.73 0.73 0.73 0.88 0.88 0.92 0.92 1.35 0.95 0.95 1.78 1.83 1.83 1.83 1.83 1.82 1.82 1.82 3.19 3.03 1.77 1.77 1.77 1.72 1.72 1.72 1.72 1.67 1.67 1.67 1.67 1.68 1.68 1.68 1.68 1.72 1.72 1.72 2.94 1.77 1.77 0.74 0.74 0.72 0.72 0.72 0.72 1.70 1.70 1.70 1.70 1.12 1.12 0.84 0.84 0.84 0.84 0.84 0.84 0.83 0.83 0.85 0.66 0.66 0.42 0.00 0.00
0.00 0.00 0.00 10.43 1.84 1.53 0.88 0.22 0.17 0.75 0.75 0.75 0.74 0.74 0.74 0.74 0.73 0.73 0.73 0.73 0.88 0.88 0.92 0.92 0.95 0.95 1.78 1.78 1.83 1.83 1.83 1.83 1.82 1.82 3.19 1.82 1.77 1.77 1.77 1.77 1.72 1.72 1.72 1.72 1.67 1.67 1.67 1.67 1.68 1.68 1.68 1.68 1.72 1.72 1.72 1.72 1.77 1.77 0.74 0.74 0.58 0.58 0.72 0.72 0.80 1.70 1.70 1.70 1.12 1.12 0.84 0.84 0.84 0.84 0.84 0.84 0.83 0.83 0.83 0.23 0.66 0.42 0.00 0.00
