New_Model_Runs/11_Future_RCP4.5_Scn1_out/post_prcessed_with_MFR/Monthly_summaries/runoff_monthly_AUG.asc
NCOLS 700
NROWS 400
XLLCENTER 515000.000000
YLLCENTER 8409000.000000
CELLSIZE 50.000000
NODATA_value -999.000000
[rows 228 to 265 of 400, columns 84 to 167 of 700]
0.24 0.28 0.24 0.24 0.24 0.24 0.24 0.24 0.28 0.24 0.24 0.24 0.28 0.28 0.28 0.28 0.27 0.27 0.27 0.27 0.26 0.26 0.26 0.26 0.27 0.27 0.27 0.27 0.46 0.50 0.37 0.37 0.38 0.38 0.38 0.38 0.38 0.38 0.38 0.38 0.39 0.39 0.39 0.39 0.48 0.48 0.48 0.48 0.47 0.47 0.47 0.47 0.47 0.59 0.47 0.47 0.47 0.47 0.47 0.47 0.57 0.57 0.06 0.04 0.06 0.06 0.06 0.06 0.04 0.04 0.04 0.04 0.13 0.57 0.57 0.57 0.73 0.73 0.73 0.08 0.41 0.07 0.07 0.11
0.24 0.24 0.24 0.24 0.24 0.24 0.24 0.24 0.24 0.24 0.28 0.24 0.28 0.28 0.28 0.28 0.27 0.27 0.27 0.27 0.26 0.26 0.26 0.31 0.27 0.27 0.27 0.27 0.46 0.37 0.37 0.37 0.38 0.38 0.38 0.38 0.66 0.38 0.38 0.38 0.39 0.39 0.39 0.39 0.48 0.48 0.48 0.48 0.47 0.47 0.47 0.47 0.47 0.47 0.47 0.47 0.47 0.47 0.47 0.47 0.57 0.57 0.06 0.06 0.06 0.13 0.56 0.06 0.06 0.04 0.04 0.04 0.13 0.57 0.57 0.57 0.73 0.73 0.73 0.73 0.73 0.02 0.07 0.07
0.24 0.24 0.24 0.24 0.24 0.24 0.24 0.24 0.24 0.24 0.24 0.24 0.28 0.32 0.28 0.32 0.27 0.31 0.27 0.27 0.26 0.31 0.26 0.26 0.27 0.27 0.27 0.27 0.56 0.37 0.37 0.37 0.38 0.38 0.38 0.38 0.38 0.38 0.38 0.38 0.39 0.53 0.53 0.39 0.48 0.48 0.48 0.48 0.60 0.47 0.47 0.47 0.47 0.47 0.47 0.47 0.47 0.47 0.47 0.47 0.57 0.57 0.57 0.57 0.64 0.13 0.06 0.06 0.56 0.56 0.04 0.04 0.13 0.57 0.57 0.57 0.73 0.73 0.73 0.73 0.73 0.73 0.73 0.73
0.24 0.24 0.24 0.24 0.24 0.24 0.24 0.24 0.24 0.24 0.24 0.24 0.28 0.28 0.28 0.28 0.27 0.27 0.27 0.31 0.31 0.26 0.26 0.26 0.27 0.27 0.27 0.27 0.37 0.37 0.37 0.37 0.38 0.38 0.38 0.38 0.38 0.38 0.38 0.38 0.39 0.39 0.53 0.39 0.48 0.48 0.48 0.48 0.47 0.60 0.47 0.47 0.47 0.47 0.47 0.47 0.47 0.47 0.47 0.47 0.57 0.57 0.57 0.57 0.56 0.56 0.06 0.56 0.56 0.56 0.04 0.13 0.13 0.13 0.57 0.57 0.73 0.73 0.73 0.73 0.73 0.73 0.73 0.73
0.23 0.23 0.27 0.27 0.23 0.23 0.23 0.23 0.23 0.23 0.23 0.23 0.26 0.26 0.26 0.31 0.26 0.26 0.26 0.26 0.26 0.26 0.26 0.26 0.27 0.27 0.27 0.27 0.37 0.37 0.37 0.37 0.38 0.38 0.38 0.38 0.38 0.38 0.38 0.38 0.38 0.38 0.38 0.38 0.47 0.47 0.47 0.47 0.47 0.47 0.47 0.47 0.48 0.48 0.48 0.48 0.49 0.49 0.49 0.49 0.58 0.58 0.58 0.58 0.57 0.57 0.57 0.57 0.56 0.56 0.13 0.56 0.57 0.57 0.57 0.57 0.82 0.82 1.13 0.82 0.82 0.82 0.82 0.82
0.23 0.23 0.23 0.23 0.23 0.23 0.23 0.23 0.23 0.31 0.23 0.23 0.26 0.26 0.26 0.26 0.26 0.26 0.26 0.26 0.26 0.26 0.26 0.26 0.27 0.27 0.27 0.27 0.37 0.37 0.37 0.37 0.38 0.38 0.38 0.38 0.38 0.38 0.38 0.65 0.38 0.38 0.38 0.38 0.47 0.47 0.47 0.47 0.47 0.47 0.47 0.47 0.48 0.48 0.48 0.48 0.49 0.49 0.49 0.49 0.58 0.58 1.15 0.58 0.57 0.57 0.57 0.57 0.84 0.56 0.56 0.56 0.57 0.57 0.57 0.57 0.82 0.82 0.82 0.82 0.82 0.82 0.82 0.82
0.27 0.23 0.23 0.23 0.23 0.23 0.23 0.23 0.23 0.23 0.23 0.23 0.26 0.26 0.26 0.26 0.26 0.26 0.26 0.26 0.26 0.26 0.26 0.26 0.27 0.27 0.27 0.27 0.37 0.37 0.37 0.37 0.38 0.38 0.38 0.38 0.76 0.52 0.59 0.38 0.38 0.51 0.38 0.38 0.47 0.47 0.47 0.47 0.47 0.47 0.47 0.47 0.48 0.48 0.48 0.48 0.49 0.49 0.49 0.49 0.58 0.58 0.58 1.14 0.57 0.57 0.57 0.57 0.56 0.56 0.56 0.56 0.57 0.57 0.57 0.57 0.82 0.82 0.82 0.82 0.82 0.82 0.82 0.82
0.27 0.23 0.23 0.23 0.23 0.23 0.27 0.23 0.23 0.23 0.23 0.23 0.26 0.26 0.26 0.26 0.26 0.26 0.26 0.26 0.26 0.26 0.26 0.26 0.27 0.27 0.27 0.27 0.37 0.37 0.37 0.37 0.38 0.38 0.38 0.65 0.38 0.38 0.38 0.38 0.38 0.38 0.38 0.38 0.47 0.47 0.47 0.47 0.47 0.47 0.47 0.47 0.48 0.48 0.48 0.48 0.49 0.49 0.49 0.49 0.58 0.58 0.58 0.58 0.57 0.57 0.57 0.57 0.56 0.56 0.56 0.56 0.57 0.57 0.57 0.57 0.82 0.82 0.82 0.82 0.82 0.82 0.82 0.82
0.22 0.22 0.22 0.26 0.22 0.22 0.22 0.22 0.22 0.22 0.22 0.22 0.26 0.26 0.26 0.26 0.27 0.27 0.27 0.27 0.28 0.28 0.28 0.28 0.28 0.28 0.28 0.28 0.39 0.39 0.39 0.39 0.39 0.39 0.39 0.53 0.38 0.38 0.38 0.38 0.38 0.38 0.38 0.38 0.48 0.48 0.48 0.48 0.49 0.49 0.49 0.49 0.50 0.50 0.50 0.50 0.50 0.50 0.50 0.50 0.59 0.59 0.59 0.98 0.57 0.86 0.57 0.57 0.57 0.57 0.57 0.57 0.58 0.58 0.58 0.58 0.82 0.82 0.82 0.82 0.83 0.83 0.83 0.83
0.22 0.22 0.22 0.22 0.22 0.22 0.22 0.22 0.22 0.22 0.26 0.22 0.26 0.26 0.26 0.26 0.27 0.27 0.27 0.27 0.28 0.28 0.28 0.28 0.28 0.28 0.28 0.28 0.39 0.39 0.39 0.39 0.39 0.39 0.39 0.39 0.38 0.38 0.38 0.38 0.38 0.38 0.38 0.38 0.48 0.48 0.48 0.48 0.49 0.49 0.49 0.49 0.50 0.50 0.50 0.50 0.50 0.50 0.50 0.50 0.59 0.59 0.59 0.59 0.57 0.57 0.57 0.57 0.57 0.57 0.57 0.57 0.58 0.58 0.58 0.58 0.82 0.82 0.82 0.82 0.83 1.19 0.83 0.83
0.22 0.22 0.26 0.22 0.22 0.22 0.22 0.22 0.22 0.22 0.22 0.22 0.26 0.26 0.26 0.26 0.27 0.27 0.27 0.27 0.28 0.28 0.28 0.28 0.28 0.28 0.28 0.28 0.39 0.39 0.39 0.39 0.39 0.39 0.39 0.39 0.38 0.38 0.38 0.38 0.38 0.38 0.38 0.38 0.48 0.48 0.48 0.48 0.49 0.49 0.49 0.49 0.50 0.50 0.50 0.50 0.50 0.50 0.50 0.50 0.59 0.59 0.59 0.59 0.57 0.57 0.57 0.86 0.57 0.57 0.57 0.57 0.58 0.58 0.58 0.58 0.82 0.82 0.82 0.82 0.83 1.19 0.83 0.83
0.22 0.22 0.22 0.22 0.22 0.22 0.22 0.22 0.29 0.22 0.22 0.22 0.26 0.26 0.26 0.26 0.27 0.27 0.27 0.27 0.28 0.28 0.28 0.28 0.28 0.28 0.28 0.28 0.39 0.39 0.39 0.39 0.39 0.66 0.39 0.53 0.38 0.38 0.38 0.38 0.38 0.38 0.38 0.38 0.48 0.48 0.48 0.48 0.49 0.49 0.49 0.49 0.50 0.50 0.50 0.50 0.50 0.50 0.50 0.50 0.59 0.59 1.17 0.59 0.57 1.33 0.57 0.57 0.57 0.57 0.57 0.57 0.58 0.58 0.58 0.58 0.82 0.82 0.82 0.82 0.83 0.83 1.19 0.83
0.22 0.22 0.22 0.22 0.22 0.22 0.22 0.22 0.22 0.22 0.22 0.22 0.27 0.27 0.27 0.27 0.28 0.28 0.28 0.28 0.29 0.29 0.29 0.29 0.30 0.30 0.30 0.30 0.40 0.40 0.40 0.40 0.39 0.39 0.39 0.39 0.38 0.38 0.38 0.38 0.38 0.38 0.38 0.38 0.49 0.49 0.49 0.49 0.50 0.50 0.50 0.50 0.51 0.51 0.51 0.51 0.51 0.51 0.51 0.51 0.59 0.59 0.59 0.97 0.85 0.57 0.57 0.57 0.57 0.57 0.57 0.57 0.58 0.58 0.58 0.58 0.82 0.82 0.82 0.82 0.84 0.84 0.84 0.84
1.82 1.18 0.22 0.22 0.22 0.22 0.22 0.22 0.26 0.22 0.22 0.22 0.27 0.27 0.27 0.27 0.28 0.28 0.28 0.28 0.29 0.29 0.29 0.29 0.30 0.30 0.30 0.30 0.40 0.40 0.40 0.40 0.66 0.52 0.39 0.39 0.38 0.38 0.38 0.38 0.38 0.38 0.38 0.38 0.49 0.49 0.49 0.49 0.50 0.50 0.50 0.50 0.51 0.51 0.51 0.51 0.51 0.51 0.51 0.51 0.59 0.59 0.59 0.59 0.57 0.57 0.57 0.57 0.57 0.57 0.57 0.57 0.58 0.58 0.58 0.58 0.82 0.82 0.82 0.82 0.84 0.84 0.84 0.84
1.19 1.19 1.19 1.19 1.21 1.21 0.23 0.23 0.23 0.27 0.23 0.23 0.24 0.24 0.24 0.24 0.26 0.26 0.26 0.26 0.26 0.26 0.26 0.26 0.27 0.27 0.27 0.27 0.26 0.26 0.26 0.26 0.25 0.30 0.25 0.25 0.25 0.25 0.25 0.25 0.25 0.25 0.31 0.25 0.28 0.28 0.28 0.28 0.29 0.29 0.29 0.29 0.29 0.29 0.29 0.29 0.30 0.30 0.30 0.46 0.41 0.41 0.41 0.41 0.40 0.58 0.40 0.40 0.39 0.39 0.39 0.39 0.41 0.41 0.41 0.41 0.54 0.54 0.54 0.54 0.55 0.55 0.55 0.55
1.19 1.19 1.19 1.19 1.21 1.21 1.21 1.21 1.21 0.23 0.23 0.23 0.24 0.24 0.24 0.24 0.26 0.26 0.26 0.26 0.26 0.26 0.26 0.26 0.27 0.27 0.27 0.27 0.26 0.26 0.26 0.26 0.25 0.25 0.25 0.25 0.25 0.25 0.25 0.25 0.29 0.29 0.25 0.25 0.28 0.28 0.28 0.28 0.29 0.29 0.29 0.29 0.29 0.29 0.29 0.29 0.30 0.30 0.30 0.30 0.41 0.41 0.41 0.41 0.40 0.40 0.40 0.40 0.39 0.39 0.39 0.39 0.41 0.41 0.41 0.41 0.54 0.74 0.54 0.54 0.55 0.55 0.55 0.55
1.20 1.20 1.20 1.20 1.22 1.22 1.22 1.22 1.22 1.91 1.22 1.22 0.25 0.25 0.25 0.25 0.26 0.26 0.26 0.26 0.27 0.27 0.27 0.27 0.28 0.28 0.28 0.28 0.26 0.26 0.26 0.26 0.25 0.25 0.25 0.25 0.25 0.25 0.25 0.25 0.25 0.25 0.25 0.25 0.28 0.28 0.28 0.28 0.29 0.29 0.29 0.29 0.30 0.30 0.30 0.30 0.29 0.29 0.29 0.29 0.40 0.40 0.40 0.40 0.39 0.39 0.39 0.39 0.39 0.39 0.39 0.39 0.40 0.40 0.40 0.40 0.54 0.54 0.54 0.74 0.56 0.56 0.56 0.56
1.20 1.20 1.20 1.20 1.22 1.22 1.22 1.22 1.22 1.22 1.22 1.22 1.26 1.26 1.26 0.25 0.26 0.26 0.26 0.26 0.27 0.27 0.27 0.27 0.28 0.28 0.28 0.03 0.26 0.26 0.26 0.26 0.25 0.25 0.25 0.25 0.25 0.25 0.25 0.25 0.25 0.25 0.25 0.25 0.28 0.28 0.28 0.28 0.51 0.29 0.29 0.29 0.30 0.30 0.30 0.92 0.29 0.29 0.29 0.29 0.40 0.40 0.40 0.55 0.39 0.39 0.39 0.39 0.39 0.39 0.39 0.39 0.40 0.40 0.40 0.40 0.54 0.73 0.54 0.54 1.09 0.56 0.56 0.56
1.20 1.20 1.20 1.20 1.22 1.22 1.22 1.22 1.22 1.22 1.22 1.22 1.26 1.26 1.26 1.26 1.30 1.30 1.30 0.26 0.27 0.27 0.27 0.27 0.28 0.28 0.28 0.07 0.04 0.03 0.26 0.07 0.25 0.25 0.25 0.25 0.25 0.25 0.25 0.25 0.25 0.25 0.25 0.25 0.28 0.28 0.28 0.28 0.38 0.29 0.29 0.29 0.30 0.30 0.30 0.30 0.29 0.29 0.29 0.29 0.40 0.40 0.40 0.55 0.39 0.39 0.39 0.39 0.39 0.39 0.39 0.39 0.40 0.40 0.40 0.40 0.54 0.54 0.54 0.54 0.56 0.56 0.56 0.56
1.20 1.20 1.20 1.20 1.89 1.22 1.22 1.22 1.22 1.90 1.22 1.22 1.26 1.26 1.26 1.26 1.30 1.30 1.30 1.30 2.09 2.09 0.27 0.27 0.28 0.32 0.28 0.04 0.03 0.03 0.03 0.26 0.25 0.25 0.25 0.25 0.25 0.25 0.25 0.25 0.01 0.25 0.25 0.30 0.28 0.28 0.28 0.28 0.29 0.29 0.29 0.38 0.30 0.30 0.30 0.46 0.29 0.29 0.29 0.29 0.40 0.40 0.40 0.40 0.39 0.39 0.39 0.39 0.39 0.39 0.39 0.39 0.54 0.40 0.40 0.40 0.54 0.54 0.54 0.54 0.56 0.56 0.56 0.56
1.20 1.20 1.20 1.20 1.22 1.22 1.22 1.22 1.22 1.22 1.22 1.22 1.26 1.26 1.26 1.26 1.31 1.31 1.31 1.31 2.11 2.11 2.11 2.11 2.13 0.28 0.07 0.04 0.03 0.03 0.30 0.26 0.25 0.25 0.25 0.25 0.25 0.25 0.01 0.01 0.01 0.25 0.25 0.25 0.27 0.27 0.27 0.27 0.29 0.29 0.29 0.37 0.30 0.30 0.30 0.52 0.29 0.29 0.29 0.29 0.40 0.40 0.40 0.40 0.39 0.39 0.39 0.53 0.39 0.39 0.39 0.39 0.53 0.39 0.39 0.39 0.53 0.53 0.53 0.53 0.55 0.55 0.55 0.76
1.20 1.20 1.20 1.20 1.22 1.22 1.22 1.22 1.22 1.22 1.22 1.22 1.26 1.26 1.26 1.26 1.31 2.88 1.31 1.31 2.11 2.11 2.11 2.11 1.12 2.11 2.11 1.12 0.03 0.87 0.26 0.26 0.25 0.25 0.25 0.25 0.25 0.25 0.01 0.01 0.01 0.01 0.30 0.25 0.27 0.27 0.27 0.27 0.29 0.29 0.29 0.29 0.30 0.30 0.04 0.04 0.29 0.38 0.29 0.39 0.40 0.40 0.40 0.40 0.39 0.39 0.39 0.39 0.39 0.39 0.39 0.39 0.39 0.39 0.39 0.39 0.53 0.53 0.53 0.53 0.55 0.55 0.55 0.55
1.20 1.20 1.20 1.20 1.22 1.22 1.22 1.22 1.22 1.22 1.22 1.22 1.26 1.26 1.26 1.26 1.31 1.31 1.31 1.31 2.11 1.12 1.12 1.98 1.12 2.11 2.11 1.12 1.30 1.16 1.30 1.30 0.25 0.25 0.25 0.25 0.25 0.25 0.25 0.01 0.01 0.01 0.01 0.25 0.27 0.27 0.27 0.27 0.29 0.29 0.29 0.29 0.30 0.46 0.04 0.04 0.29 0.29 0.29 0.29 0.40 0.40 0.40 0.40 0.39 0.39 0.39 0.39 0.39 0.39 0.39 0.39 0.39 0.39 0.39 0.39 0.53 0.53 0.53 0.53 0.55 0.55 0.55 0.76
1.20 1.20 1.20 1.20 1.22 1.22 1.22 1.22 1.22 1.22 1.91 1.22 1.26 1.26 1.26 1.26 1.31 2.87 1.31 1.31 1.12 1.12 0.55 0.55 0.90 2.11 2.11 2.11 1.30 1.30 2.11 3.93 1.27 1.27 1.27 0.25 0.25 0.25 0.25 0.01 0.01 0.01 0.01 0.01 0.41 0.27 0.27 0.27 0.29 0.29 0.29 0.29 0.30 0.30 0.30 0.04 0.29 0.29 0.29 0.29 0.40 0.40 0.40 0.40 0.39 0.09 0.09 0.39 0.39 0.39 0.39 0.39 0.39 0.39 0.39 0.39 0.53 0.53 0.53 0.53 0.55 0.55 0.55 0.76
1.21 1.21 1.21 1.21 1.22 1.22 1.22 1.22 1.22 1.22 1.90 1.22 1.26 1.26 1.26 1.26 1.31 1.31 1.31 1.31 1.12 0.55 1.75 0.55 0.55 2.11 2.11 2.11 2.11 1.30 0.88 1.30 1.27 1.27 1.27 1.27 0.40 0.40 0.01 0.01 0.01 0.01 0.01 0.25 0.27 0.27 0.27 0.27 0.28 0.28 0.28 0.28 0.04 0.04 0.29 0.05 0.28 0.28 0.28 0.28 0.40 0.40 0.54 0.40 0.40 0.08 0.08 0.40 0.39 0.39 0.53 0.39 0.39 0.39 0.39 0.39 0.53 0.53 0.53 0.53 0.55 0.55 0.55 0.55
1.21 1.21 1.21 1.21 1.22 1.22 1.22 1.22 1.22 1.22 1.22 1.22 1.12 1.26 1.26 1.26 1.31 1.31 1.31 1.31 1.12 1.75 1.75 1.75 1.75 1.75 1.75 1.75 1.73 1.30 0.88 1.30 1.27 1.27 1.27 1.27 1.27 0.88 1.27 0.40 0.40 0.40 0.01 0.25 0.27 0.27 0.27 0.27 0.28 0.28 0.28 0.28 0.29 0.04 0.04 0.05 0.28 0.28 0.28 0.28 0.40 0.09 0.40 0.40 0.40 0.40 0.40 0.40 0.39 0.39 0.39 0.39 0.39 0.39 0.39 0.39 0.53 0.53 0.53 0.53 0.55 0.55 0.55 0.76
1.21 1.21 1.30 0.88 1.22 2.66 1.22 1.90 1.22 1.22 1.22 1.22 1.26 0.90 0.90 0.90 0.90 1.12 1.12 1.31 1.12 1.75 1.75 1.75 1.75 1.75 1.75 1.75 1.73 1.73 1.30 1.30 1.27 1.27 1.27 1.27 1.27 0.88 0.88 1.27 0.40 0.40 0.52 0.40 0.88 0.27 0.27 0.27 0.28 0.28 0.28 0.28 0.29 0.04 0.04 0.05 0.28 0.28 0.28 0.03 0.09 0.09 0.09 0.09 0.40 0.40 0.40 0.40 0.39 0.39 0.39 0.39 0.39 0.39 0.39 0.39 0.53 0.53 0.53 0.53 0.55 0.55 0.55 0.55
0.59 0.88 0.88 0.88 1.22 1.90 1.22 1.22 1.22 1.22 1.22 1.22 1.26 1.26 1.12 0.90 0.90 0.90 1.31 1.12 1.12 1.75 1.75 1.75 9.41 0.00 0.00 0.00 0.00 1.73 1.73 1.30 1.27 1.27 1.27 1.10 0.88 0.88 0.88 1.10 1.28 0.40 0.61 0.61 0.88 2.09 2.09 2.09 0.28 0.28 0.28 0.28 0.29 0.07 0.04 0.04 0.28 0.28 0.28 0.28 0.09 0.09 1.20 0.09 0.40 0.40 0.40 0.40 0.39 0.39 0.39 0.39 0.39 0.39 0.39 0.39 0.53 0.53 0.53 0.53 0.55 0.55 0.55 0.55
1.22 0.88 0.88 0.88 1.90 1.22 1.22 1.22 1.22 1.22 1.22 1.22 1.27 1.98 1.27 1.27 1.12 1.30 1.12 1.12 1.75 1.75 0.00 0.00 0.00 0.00 0.00 0.00 0.00 0.00 1.73 2.81 1.28 1.28 1.28 1.10 1.10 0.88 0.88 1.10 1.27 0.40 0.99 0.61 0.65 0.87 2.09 2.09 2.10 2.10 2.10 0.27 0.28 1.31 0.07 0.04 0.30 0.28 0.28 0.28 0.40 0.09 0.40 0.40 0.39 0.39 0.54 0.39 0.38 0.38 0.52 0.70 0.52 0.38 0.38 0.38 0.53 0.53 0.53 0.53 0.56 0.56 0.56 0.56
0.88 1.30 0.88 0.88 1.10 1.22 1.22 0.88 1.22 1.22 1.22 1.22 1.27 1.27 1.27 1.27 1.30 1.30 1.30 1.30 9.41 0.00 0.00 0.00 0.00 0.00 0.00 0.00 0.00 0.00 0.00 0.41 0.40 1.28 1.28 1.28 1.10 0.88 0.88 0.88 1.27 0.61 0.61 0.54 0.57 0.65 3.61 2.09 2.10 2.10 2.10 2.10 2.14 2.14 2.14 0.04 0.04 0.04 0.28 0.28 0.09 0.08 0.40 0.40 0.39 0.54 0.39 0.09 0.38 0.38 0.38 0.38 0.38 0.38 0.38 0.38 0.53 0.53 0.53 0.53 0.56 0.56 0.56 0.20
0.78 0.78 0.78 0.78 1.16 1.09 1.09 1.09 1.67 1.09 1.09 1.09 1.10 1.10 1.10 1.10 1.13 1.13 1.79 0.00 0.00 0.00 0.00 0.00 0.00 0.00 0.00 0.00 0.00 0.00 0.00 10.18 1.51 1.51 1.10 1.10 1.52 1.09 1.09 0.94 1.10 1.10 0.51 0.67 0.47 0.54 1.13 1.13 1.14 1.14 1.14 1.14 1.17 1.17 1.17 0.78 0.78 0.79 0.22 0.23 0.24 0.24 0.24 0.24 0.24 0.24 0.24 0.24 0.23 0.23 0.23 0.23 0.23 0.23 0.23 0.23 0.28 0.28 0.28 0.28 0.29 0.29 0.07 0.07
0.78 0.78 0.78 0.78 0.78 1.09 1.09 1.09 1.09 1.09 1.09 1.09 1.10 0.53 0.53 1.10 1.79 1.79 0.00 0.00 0.00 0.00 0.00 0.00 0.00 0.00 0.00 0.00 0.00 0.00 0.00 0.00 1.51 1.51 2.86 1.10 1.09 0.94 0.94 0.75 1.10 0.94 0.45 0.51 0.54 0.54 1.13 1.13 1.14 1.14 1.14 1.14 1.17 1.17 1.17 0.78 0.98 0.78 0.78 1.17 1.23 0.24 0.24 0.24 0.35 0.24 0.27 0.24 0.23 0.23 0.23 0.23 0.23 0.23 0.23 0.03 0.28 0.28 0.28 0.28 0.29 0.29 0.29 0.29
0.78 1.06 0.78 0.78 1.16 1.08 1.08 1.08 1.08 1.08 1.08 1.08 0.53 0.53 0.53 1.54 1.54 0.00 0.00 0.00 0.00 0.00 0.00 0.00 0.00 0.00 0.00 0.00 0.00 0.00 0.00 0.00 1.51 1.51 1.51 1.09 1.08 0.94 0.94 0.75 1.09 0.94 0.94 0.51 0.54 0.47 0.76 0.34 1.13 1.13 1.13 1.13 1.15 1.15 1.15 0.78 0.83 1.07 0.98 1.16 1.23 1.05 1.05 1.78 0.23 0.23 0.23 0.23 0.23 0.23 0.23 0.23 0.23 0.23 0.23 0.23 0.27 0.27 0.27 0.27 0.29 0.29 0.07 0.07
1.08 0.78 0.78 0.78 1.08 1.08 1.08 1.08 1.08 1.08 1.08 1.08 0.53 0.53 0.53 1.54 1.54 0.00 0.00 0.00 0.00 0.00 0.00 0.00 0.00 0.00 0.00 0.00 0.00 0.00 0.00 0.00 1.51 1.51 0.62 0.45 1.08 0.94 0.94 0.94 0.94 0.94 0.94 0.51 0.47 0.47 0.47 0.34 1.13 1.13 1.13 1.13 1.15 1.15 1.15 1.15 1.81 1.48 1.16 1.84 1.23 1.05 3.43 1.05 1.10 1.21 1.21 1.21 0.23 0.23 0.23 0.23 0.23 0.23 0.23 0.23 0.03 0.27 0.27 0.27 0.29 0.09 0.09 0.07
1.08 1.08 1.08 1.08 1.08 1.08 1.66 0.78 1.08 1.08 1.16 1.08 0.33 0.53 0.40 0.64 0.00 0.00 0.00 0.00 0.00 0.00 0.00 0.00 0.00 0.00 0.00 0.00 0.00 0.00 0.00 0.00 1.51 1.51 1.51 0.51 0.32 1.08 0.75 0.75 0.94 0.94 0.75 0.45 0.40 0.47 0.47 0.34 1.13 1.13 1.13 0.53 0.54 1.15 1.15 0.78 1.81 1.21 1.16 1.16 1.23 1.05 1.10 1.05 1.05 1.21 1.21 1.21 1.20 1.20 1.20 0.23 0.23 0.23 0.23 0.23 0.27 0.27 0.27 0.27 0.37 0.29 0.07 0.04
1.08 1.08 1.08 0.78 0.78 0.78 1.08 1.08 0.78 1.08 1.08 1.08 0.46 0.40 1.54 0.00 0.00 0.00 0.00 0.00 0.00 0.00 0.00 0.00 0.00 0.00 0.00 0.00 0.00 0.00 0.00 0.00 1.51 1.51 0.45 0.78 0.94 0.75 0.75 0.75 0.94 0.75 0.75 0.45 0.66 0.47 0.69 0.54 1.13 1.13 1.13 0.53 0.98 1.15 0.52 1.81 4.36 1.16 1.80 1.16 1.05 1.10 1.05 1.05 1.05 1.05 2.64 1.21 0.57 1.20 1.20 1.20 1.21 1.21 0.23 0.23 0.27 0.27 0.27 0.27 0.29 0.29 0.29 0.04
1.08 1.08 1.08 0.98 0.78 0.78 1.07 1.07 1.07 0.78 0.78 0.47 0.40 1.54 0.00 0.00 0.00 0.00 0.00 0.00 0.00 0.00 0.00 0.00 0.00 0.00 0.00 0.00 0.00 0.00 0.00 0.00 0.00 0.94 1.75 1.08 0.94 1.34 0.94 0.94 0.94 0.75 0.75 1.51 1.56 0.47 1.13 1.13 1.13 1.13 1.13 0.98 0.78 1.15 0.54 1.81 1.81 1.56 1.15 1.15 1.21 1.05 1.05 2.04 1.05 0.84 1.21 1.21 1.21 1.21 1.21 1.21 1.21 1.21 1.21 1.21 2.08 2.08 0.27 0.27 0.28 0.28 0.28 0.07
1.08 1.08 1.08 1.08 1.15 1.15 1.07 1.07 1.07 1.07 0.78 0.78 1.54 0.00 0.00 0.00 0.00 0.00 0.00 0.00 0.00 0.00 0.00 0.00 0.00 0.00 0.00 0.00 0.00 0.00 0.00 0.00 0.00 1.08 1.75 1.34 0.94 0.94 1.07 1.07 1.08 0.94 0.75 1.51 1.56 0.34 1.13 1.13 1.13 1.13 1.13 0.98 0.78 1.15 1.15 1.81 1.81 1.56 1.78 1.15 1.21 1.21 1.05 1.05 2.01 0.84 1.21 1.21 1.21 1.21 1.21 1.21 1.21 1.21 1.21 1.21 2.08 2.08 2.08 2.08 2.13 0.28 0.28 0.07
