New_Model_Runs/11_Future_RCP4.5_Scn1_out/post_prcessed_with_MFR/Monthly_summaries/runoff_monthly_MAY.asc
NCOLS 700
NROWS 400
XLLCENTER 515000.000000
YLLCENTER 8409000.000000
CELLSIZE 50.000000
NODATA_value -999.000000
[rows 190 to 227 of 400, columns 84 to 167 of 700]
0.00 0.00 0.00 0.00 0.00 0.00 0.00 0.00 0.00 0.00 0.00 0.00 0.00 0.00 0.00 0.00 0.00 0.00 0.00 0.00 0.00 0.00 0.00 0.00 0.00 0.13 0.13 0.13 0.39 0.39 0.39 0.39 0.23 0.23 0.23 0.23 0.20 0.43 0.43 0.20 0.23 0.23 0.23 0.23 0.68 0.68 0.68 0.68 0.68 1.29 1.08 0.68 0.68 0.68 0.68 0.68 0.67 0.67 0.67 0.67 0.75 0.75 0.75 0.75 0.74 0.74 0.74 0.74 0.76 0.76 0.76 0.76 0.75 0.75 0.75 1.23 0.82 0.82 0.82 0.82 0.21 0.21 0.21 0.21
0.00 0.00 0.00 0.00 0.00 0.00 0.00 0.00 0.00 0.00 0.00 0.00 0.00 0.00 0.00 0.00 0.00 0.00 0.00 0.00 0.00 0.00 0.00 0.00 0.00 0.13 0.16 0.01 0.25 0.39 0.39 0.39 0.23 0.23 0.23 0.45 0.20 0.20 0.20 0.20 0.23 0.23 0.23 0.23 0.68 0.68 0.68 0.68 0.68 0.68 1.08 0.68 0.68 1.07 0.68 0.68 0.67 0.96 0.67 0.67 0.75 1.19 0.75 0.75 0.74 0.74 0.74 0.74 0.76 0.76 0.76 0.76 0.75 0.75 0.75 0.75 0.82 0.82 0.82 0.82 0.21 0.21 0.21 0.21
0.00 0.00 0.00 0.00 0.00 0.00 0.00 0.00 0.00 0.00 0.00 0.00 0.00 0.00 0.00 0.00 0.00 0.00 0.00 0.00 0.00 0.00 0.00 0.00 0.00 0.00 0.09 0.38 0.77 0.25 0.72 0.42 0.39 0.39 0.39 0.39 0.43 0.20 0.20 0.20 0.20 0.20 0.20 0.43 0.67 0.67 0.67 0.67 1.40 0.68 0.68 0.68 0.67 0.67 0.67 0.67 0.65 0.65 0.95 0.65 0.75 0.75 0.75 0.75 0.75 0.75 0.75 0.75 0.75 0.75 0.75 2.14 0.75 0.75 0.75 0.75 0.86 0.86 0.86 0.86 1.01 0.26 0.26 0.26
0.00 0.00 0.00 0.00 0.00 0.00 0.00 0.00 0.00 0.00 0.00 0.00 0.00 0.00 0.00 0.00 0.00 0.00 0.00 0.00 0.00 0.00 0.00 0.00 0.00 0.00 0.38 0.14 0.59 0.59 0.73 0.42 0.39 0.39 0.39 0.39 0.20 0.20 0.20 0.20 0.20 0.20 0.20 0.20 0.67 0.67 0.67 0.67 0.68 1.30 0.68 0.68 0.67 0.67 0.67 0.67 0.65 0.65 0.65 0.65 0.75 0.75 0.75 0.75 0.75 0.75 0.75 0.75 0.75 0.75 0.75 0.75 0.75 1.45 0.75 0.75 0.86 0.86 0.86 0.86 1.01 1.01 1.01 0.26
0.00 0.00 0.00 0.00 0.00 0.00 0.00 0.00 0.00 0.00 0.00 0.00 0.00 0.00 0.00 0.00 0.00 0.00 0.00 0.00 0.00 0.00 0.00 0.00 0.00 0.00 0.75 0.25 0.83 0.83 0.83 1.33 1.30 0.81 0.81 0.81 0.79 0.79 0.79 1.27 0.79 0.79 0.79 0.79 1.28 1.28 1.28 1.28 1.30 1.30 1.30 1.30 1.28 1.28 1.28 1.28 1.27 1.27 1.27 2.46 1.41 1.41 1.41 4.63 1.41 1.41 1.41 1.41 2.75 3.72 1.42 1.42 1.43 1.43 1.43 1.43 1.60 1.60 1.60 1.60 2.10 2.10 2.10 2.10
0.00 0.00 0.00 0.00 0.00 0.00 0.00 0.00 0.00 0.00 0.00 0.00 0.00 0.00 0.00 0.00 0.00 0.00 0.00 0.00 0.00 0.00 0.68 0.00 0.00 0.58 0.75 0.25 0.83 0.83 0.83 0.83 0.81 0.81 0.81 0.81 0.79 0.79 0.79 0.79 0.79 1.26 0.79 0.79 1.28 1.28 1.28 1.28 1.30 1.30 1.30 1.30 1.28 1.28 1.28 1.28 1.27 1.27 2.36 1.27 1.41 1.41 1.41 1.41 1.41 1.41 1.41 1.41 1.42 1.42 1.42 1.42 1.43 1.43 1.43 1.43 1.60 1.60 1.60 1.60 2.10 2.10 2.10 2.10
0.00 0.00 0.00 0.00 0.00 0.00 0.00 0.00 0.00 0.00 0.00 0.00 0.00 0.00 0.00 0.00 0.00 0.00 0.00 0.00 0.00 0.68 1.07 0.15 0.16 0.75 1.39 0.69 0.83 0.83 0.83 0.83 0.82 0.82 2.11 1.30 0.80 0.80 0.80 0.80 0.79 0.79 0.79 0.79 1.27 1.27 1.27 1.27 1.28 1.28 1.28 1.28 1.26 1.26 1.26 1.26 2.34 1.25 1.25 2.51 1.41 1.41 1.41 1.41 1.42 1.42 1.42 1.42 1.43 1.43 1.43 1.43 1.49 1.49 1.49 1.49 2.10 2.10 2.10 2.10 2.11 2.11 2.11 5.16
0.00 0.00 0.00 0.00 0.00 0.00 0.00 0.00 0.00 0.00 0.00 0.00 0.00 0.00 0.00 0.00 0.00 0.00 0.00 0.00 0.68 1.07 0.68 0.15 0.10 0.12 0.13 0.94 0.83 0.83 0.83 0.83 0.82 0.82 0.82 1.30 0.80 2.27 0.80 0.80 0.79 0.79 0.79 0.79 1.27 2.46 1.27 1.27 1.28 1.28 1.28 1.28 1.26 1.26 1.26 1.26 1.25 1.25 1.25 1.25 1.41 1.41 1.41 1.41 1.42 1.42 1.42 1.42 1.43 1.43 1.43 1.43 1.49 1.49 1.49 1.49 2.10 2.10 2.10 2.10 2.11 3.62 2.11 2.11
0.00 0.00 0.00 0.00 0.00 0.00 0.00 0.00 0.00 0.00 0.00 0.00 0.00 0.00 0.00 0.00 0.00 0.00 0.00 0.68 0.68 0.68 0.68 0.07 0.13 0.15 0.10 0.10 0.14 0.83 0.83 0.83 0.82 0.82 0.82 0.82 0.80 0.80 0.80 0.80 0.79 0.79 0.79 0.79 1.27 1.27 1.27 1.27 2.48 1.28 1.28 1.28 1.26 1.26 1.26 1.26 2.34 1.25 1.25 1.25 1.41 1.41 1.41 1.41 3.67 1.42 1.42 1.42 1.43 1.43 1.43 1.43 1.49 1.49 1.49 1.49 2.10 2.10 2.10 2.10 2.11 2.11 2.11 2.11
0.00 0.00 1.21 0.00 0.00 0.00 0.00 0.00 0.00 0.00 0.00 0.00 0.00 0.00 1.43 8.68 0.00 1.74 0.68 0.68 0.68 0.68 0.68 0.15 0.16 0.16 0.16 0.15 0.17 0.20 0.20 0.20 0.19 0.82 0.82 0.82 0.80 0.80 0.80 0.80 0.79 0.79 0.79 0.79 1.27 1.27 1.27 2.46 1.28 1.28 1.28 1.28 1.26 1.26 1.26 1.26 2.34 1.25 1.25 1.25 1.41 1.41 1.41 2.74 1.42 1.42 1.42 2.75 2.77 1.43 1.43 1.43 1.49 1.49 1.49 1.49 2.10 2.10 2.10 2.10 2.11 2.11 2.11 2.11
0.00 0.65 0.65 0.65 0.66 0.00 0.00 0.00 0.00 0.00 0.00 0.00 0.00 0.00 1.43 0.80 0.79 1.13 1.13 1.06 0.67 0.67 0.67 0.15 0.22 0.15 0.15 0.15 0.17 0.40 0.19 0.28 0.19 2.32 1.31 0.82 0.81 0.81 0.81 0.81 0.81 0.81 0.81 0.81 1.26 1.26 1.26 1.26 3.21 1.25 1.25 3.63 1.24 1.24 1.24 3.20 1.25 1.25 1.25 1.25 1.43 1.43 1.43 3.70 1.43 1.43 1.43 4.74 2.84 1.46 1.46 1.46 1.54 1.54 1.54 1.54 2.11 2.11 5.17 2.11 2.09 3.57 3.57 2.09
0.00 8.06 0.65 0.65 0.66 0.00 0.00 0.00 0.00 0.00 0.00 0.00 0.00 0.00 0.80 0.80 0.79 0.79 0.79 0.79 1.12 0.78 0.78 0.15 0.15 0.15 0.15 0.15 0.19 0.19 0.83 0.83 1.31 0.82 0.82 0.82 0.81 0.81 2.10 1.29 0.81 0.81 0.81 0.81 1.26 1.26 1.26 1.26 1.25 1.25 1.25 2.53 0.33 1.41 1.24 1.24 1.25 1.25 1.25 1.25 2.77 2.77 1.43 1.43 1.43 2.77 2.77 2.79 1.46 1.46 1.46 1.46 1.54 1.54 1.54 1.54 2.11 3.62 2.11 2.11 2.09 2.09 2.09 2.09
0.00 0.91 0.65 0.65 0.66 0.66 0.00 0.00 0.00 0.00 0.00 0.00 0.00 0.80 0.80 0.80 0.79 0.79 0.27 0.30 0.78 0.78 0.78 0.18 0.18 0.31 0.18 0.15 0.19 0.19 0.83 0.83 0.82 0.82 0.82 0.82 0.81 0.81 0.81 0.81 0.81 1.29 0.81 0.81 1.26 1.26 1.26 0.34 0.33 0.33 0.33 0.41 1.49 0.33 1.24 1.24 1.25 1.25 1.25 1.25 2.66 1.43 1.43 1.43 2.77 1.43 1.43 1.43 1.46 1.46 1.46 1.46 1.54 1.54 1.54 1.54 2.11 2.11 2.11 2.11 2.09 2.09 2.09 2.09
0.65 0.90 0.91 0.65 0.66 0.92 0.00 0.00 0.00 0.00 0.00 0.00 0.00 0.00 0.80 1.14 0.79 0.79 0.79 1.13 1.50 0.78 0.78 0.78 0.18 0.80 0.80 0.80 0.24 0.24 0.83 0.83 0.82 0.82 0.82 0.82 0.81 0.81 0.81 1.29 0.81 0.81 0.81 0.81 1.26 1.26 1.26 1.26 0.33 0.54 0.44 0.38 0.33 0.33 1.24 1.24 1.25 1.25 1.25 1.25 1.43 1.43 1.43 1.43 1.43 1.43 1.43 1.43 1.46 1.46 1.46 1.46 1.54 1.54 1.54 1.54 2.11 2.11 2.11 2.11 2.09 2.09 2.09 3.19
0.64 0.64 0.64 0.64 0.65 0.65 0.65 0.00 0.00 0.00 0.00 0.00 0.00 0.00 0.81 0.81 1.13 0.79 0.79 0.79 0.78 1.11 0.78 0.78 1.11 0.78 0.78 0.78 0.92 0.92 0.92 0.92 0.93 0.93 0.80 0.80 0.81 0.81 0.81 0.81 0.81 0.81 1.29 0.81 1.25 1.25 1.25 1.25 1.24 0.33 0.33 0.53 0.38 0.33 1.42 1.25 3.24 1.26 1.26 1.26 1.44 1.44 1.44 1.44 4.38 2.79 1.44 1.44 1.49 1.49 1.49 1.49 1.55 1.55 1.55 3.01 2.12 2.12 2.12 2.12 1.63 1.63 1.63 1.63
0.64 0.64 0.64 0.64 0.65 0.65 0.65 0.65 0.00 0.00 0.00 0.00 0.00 0.00 0.13 0.81 0.79 0.79 0.79 0.79 0.78 0.78 0.78 0.78 0.78 0.78 0.78 0.78 0.92 0.92 0.92 0.92 0.93 0.93 0.93 0.93 0.93 0.81 0.81 0.81 0.81 0.81 0.81 0.81 2.34 1.25 1.25 1.25 1.24 0.33 0.33 0.33 0.44 0.32 0.33 1.25 1.26 1.26 1.26 1.26 1.44 1.44 1.44 1.44 1.44 0.86 1.44 1.44 1.49 1.49 1.49 1.49 1.55 1.55 3.01 1.55 2.12 3.63 2.12 4.37 3.16 1.63 1.63 1.63
0.64 0.64 0.64 0.64 0.65 0.65 0.65 0.65 0.68 0.00 0.00 0.00 0.00 0.09 0.09 0.05 1.14 0.79 0.79 1.13 0.78 0.78 0.78 0.78 0.78 0.78 0.78 1.11 0.92 0.92 1.35 0.92 0.93 0.93 0.93 0.93 0.93 0.93 0.93 0.93 0.93 0.81 0.81 0.81 1.25 1.25 1.25 1.25 0.33 0.33 0.33 1.11 0.33 0.54 0.44 0.44 1.26 1.26 1.26 3.24 1.44 1.44 0.64 4.80 3.11 1.44 1.44 1.44 1.49 1.49 1.49 1.49 3.01 1.55 1.55 1.55 3.63 2.12 2.12 2.12 1.63 1.63 1.63 1.63
0.64 0.64 0.64 0.64 0.65 0.65 0.65 0.65 0.25 0.06 0.06 0.48 0.77 0.58 0.07 0.05 0.18 1.75 0.79 0.79 0.78 0.78 0.78 0.78 0.78 0.78 0.78 0.78 0.92 0.92 0.92 0.92 0.93 0.93 0.93 0.93 0.93 1.35 0.93 0.93 0.93 0.93 0.93 0.93 1.25 1.25 1.25 0.33 0.33 1.11 0.33 0.33 0.38 0.38 0.38 0.33 1.26 1.26 1.26 1.26 1.44 1.44 3.77 1.44 3.11 1.44 1.44 1.44 1.49 1.49 1.49 3.90 1.55 1.55 1.55 1.55 4.23 2.12 3.63 3.22 3.16 3.16 1.63 1.63
0.64 0.64 0.64 0.64 0.65 0.65 0.65 0.65 0.68 0.22 0.06 0.06 0.58 0.58 0.07 0.09 0.09 0.80 0.80 0.80 0.79 0.79 0.79 0.79 0.78 0.18 0.78 0.78 0.92 0.92 0.92 0.92 0.92 0.92 0.92 0.92 0.92 0.92 1.34 0.92 0.91 0.91 0.91 0.91 1.10 0.28 0.28 0.28 0.34 0.34 0.34 0.34 0.34 0.34 0.38 0.38 0.34 0.34 1.27 1.27 1.44 2.79 2.36 1.44 1.46 1.46 1.46 1.46 1.51 1.51 2.93 1.51 1.56 1.56 1.56 1.56 3.63 2.12 2.12 2.12 1.62 1.62 1.62 1.62
0.64 0.64 0.64 0.64 0.65 0.65 1.02 0.65 0.68 1.61 0.22 0.06 0.09 0.58 0.07 0.07 0.09 0.09 0.80 0.80 0.79 0.79 0.79 0.79 0.78 0.78 0.78 0.78 0.92 0.23 0.92 0.92 0.92 0.92 0.92 0.92 1.47 0.92 0.92 0.92 0.91 0.91 0.91 1.46 0.66 0.32 0.28 0.28 1.11 1.11 1.11 1.26 0.34 0.34 0.34 0.38 0.38 0.54 0.45 1.27 1.44 0.40 0.75 1.03 1.46 1.46 1.46 1.46 1.51 1.51 3.70 1.51 1.56 1.56 1.56 1.56 2.12 2.12 2.12 2.12 1.62 1.62 4.01 1.62
0.89 0.89 1.17 1.18 0.91 0.91 0.91 0.91 0.95 1.57 1.38 0.95 1.12 0.28 0.12 0.12 0.12 0.12 0.15 0.58 1.09 1.09 1.09 1.09 1.08 1.08 1.08 1.08 1.22 1.22 1.22 1.22 1.22 1.22 1.22 1.22 1.22 1.22 1.22 1.22 1.81 1.21 1.21 1.21 1.43 0.39 0.19 1.43 1.44 1.44 1.44 1.44 1.46 1.46 1.46 0.54 0.54 0.54 0.54 1.64 3.05 0.86 0.86 2.49 2.52 2.52 2.52 2.52 6.27 2.68 2.68 2.68 2.75 2.75 2.75 2.75 3.00 1.60 3.00 3.00 2.91 2.91 2.91 2.91
0.89 0.89 0.89 0.89 0.91 0.91 0.91 0.91 0.95 0.95 0.95 0.95 1.12 1.12 1.12 0.15 0.21 0.24 0.81 0.15 0.28 0.28 1.09 1.09 1.08 1.08 1.08 1.08 1.22 1.22 1.22 1.22 1.22 1.22 1.22 1.22 1.22 1.22 1.22 1.22 1.21 1.21 1.21 1.21 1.43 1.43 1.43 1.43 1.44 1.44 1.44 1.44 1.46 3.03 1.46 0.47 0.19 0.24 0.19 0.62 0.97 0.86 0.97 2.49 2.52 2.52 2.52 2.52 2.68 4.47 2.68 2.68 2.75 2.75 2.75 2.75 3.00 3.00 3.00 3.00 2.91 2.91 4.90 2.91
0.91 0.91 0.91 0.91 0.90 0.90 0.90 0.90 0.92 0.92 1.57 0.92 1.10 1.62 0.40 0.40 0.15 0.21 0.09 0.21 0.29 0.29 0.29 0.29 1.10 1.10 1.10 1.10 1.27 1.27 1.27 1.27 1.27 1.27 1.27 1.27 1.25 1.25 1.25 1.25 1.22 1.22 1.22 1.22 1.47 1.47 1.47 1.47 1.49 1.49 2.24 1.49 2.25 1.49 1.49 0.32 0.32 0.41 0.41 1.11 0.49 0.49 2.49 2.49 2.52 2.52 2.52 2.52 4.45 2.66 2.66 2.66 2.73 2.73 2.73 2.73 2.96 2.96 2.96 2.96 2.89 2.89 2.89 2.89
0.91 0.91 0.91 0.91 0.90 0.90 0.90 0.90 1.33 0.92 0.92 0.92 1.10 1.10 0.74 0.40 0.40 0.15 0.12 0.20 0.12 0.15 0.29 0.29 1.10 1.10 1.10 1.10 1.27 1.27 1.27 1.27 1.27 1.27 1.27 1.27 1.25 1.25 1.25 1.25 1.22 1.22 1.22 1.22 1.47 1.47 1.47 1.47 1.49 1.49 1.49 1.49 1.49 1.49 1.49 0.41 1.47 1.47 1.47 1.47 0.20 0.20 1.70 1.70 1.72 1.72 3.02 2.52 2.66 2.66 2.66 2.66 2.73 2.73 2.73 4.57 2.96 2.96 5.00 5.00 2.89 2.89 2.89 4.82
0.91 0.91 0.91 1.77 0.90 0.90 0.90 0.90 1.33 0.92 0.92 0.92 1.10 1.10 1.10 0.40 0.49 0.40 0.40 0.40 0.28 0.15 0.29 0.50 1.10 1.10 1.10 1.10 1.27 1.27 1.27 1.27 1.27 1.27 1.27 1.27 1.25 1.25 1.25 1.25 1.22 1.22 1.22 1.22 1.47 1.47 1.47 1.47 1.49 1.49 1.49 1.49 2.25 1.49 1.49 1.49 1.47 1.47 1.47 1.47 0.20 0.20 0.49 1.70 1.72 2.63 1.72 1.72 1.76 2.66 2.66 2.66 2.73 2.73 2.73 2.73 2.96 2.96 2.96 2.96 2.89 2.89 2.89 4.82
0.91 0.91 0.91 0.91 1.51 1.30 0.90 0.90 0.92 0.92 0.92 0.92 1.10 1.10 1.10 1.10 1.12 1.12 1.12 1.12 0.28 0.28 1.11 1.11 1.10 1.63 0.28 1.10 1.27 1.27 1.27 1.27 1.27 1.27 1.27 1.27 1.25 1.25 1.25 1.25 1.22 1.22 1.22 1.22 1.47 1.47 1.47 1.47 1.49 1.49 1.49 1.49 2.25 0.73 2.25 1.49 1.47 1.47 2.22 1.57 0.20 1.30 1.30 1.70 1.72 1.72 1.72 2.62 1.76 1.76 1.76 1.76 1.81 2.73 2.73 2.73 2.96 2.96 2.96 2.96 4.85 2.89 2.89 2.89
0.93 0.93 0.93 0.93 0.91 1.33 0.91 0.91 0.90 0.90 0.90 0.90 1.08 1.08 1.08 1.59 1.11 1.11 1.11 1.77 1.11 1.11 1.11 1.11 1.10 1.10 1.10 1.10 1.28 1.28 1.28 1.28 1.29 1.29 1.29 1.29 1.27 1.27 1.27 1.27 1.26 1.26 1.26 1.26 1.50 1.50 1.50 1.50 1.52 1.52 1.52 1.52 1.51 1.51 1.51 1.51 1.48 1.48 1.48 1.48 0.25 0.25 0.20 0.22 1.83 1.70 1.70 1.70 2.63 1.73 1.73 1.73 1.75 1.75 1.75 2.68 2.87 2.87 2.87 2.87 2.84 2.84 2.84 2.84
0.93 0.93 0.93 0.93 0.91 0.91 0.91 0.91 0.90 0.90 1.31 0.90 1.08 1.08 1.59 1.08 1.11 1.11 1.11 1.11 1.11 1.11 1.11 1.11 1.10 1.62 1.10 1.10 0.33 0.33 1.28 0.46 1.29 1.29 1.29 1.29 1.27 1.27 1.27 1.27 1.26 1.26 1.26 1.26 1.50 1.50 1.50 1.50 1.52 1.52 1.52 1.52 1.51 1.51 1.51 1.51 1.48 1.48 1.48 0.41 0.25 0.25 0.20 0.25 0.91 1.70 1.70 1.70 2.63 1.73 2.65 1.73 2.67 1.75 1.75 1.75 1.91 1.91 1.91 1.91 2.84 2.84 2.84 2.84
1.53 0.93 0.93 0.93 0.91 0.91 0.91 0.91 0.90 0.90 0.90 0.90 1.51 1.08 1.08 1.59 1.11 1.11 1.11 1.11 1.11 1.63 1.11 1.11 1.10 1.10 1.10 1.10 1.28 1.28 1.28 1.28 1.92 3.02 2.63 1.92 1.27 1.89 1.27 1.27 1.87 1.26 1.26 1.26 1.50 1.50 1.50 1.50 1.52 1.52 1.52 1.52 1.51 0.41 0.41 2.28 1.48 0.41 1.48 0.23 0.25 0.25 0.30 0.39 0.25 0.25 0.49 1.70 1.73 1.73 1.73 1.73 1.75 1.75 1.75 1.75 1.91 1.91 1.91 1.91 1.89 1.89 2.33 2.84
0.34 0.34 1.36 0.93 0.91 0.91 0.91 0.91 0.90 0.90 0.90 0.90 1.08 1.08 1.08 1.08 1.11 1.11 1.11 1.62 1.11 1.11 1.89 1.11 1.10 1.10 1.61 1.10 1.28 1.28 1.28 1.28 1.29 1.92 1.29 1.29 1.27 1.27 1.27 1.27 1.26 1.26 1.26 1.26 1.50 1.50 1.50 1.50 3.16 1.52 2.29 2.28 1.51 2.76 2.27 1.51 1.48 1.48 1.48 0.24 0.25 0.25 0.30 0.30 0.28 0.24 0.30 0.30 0.50 1.73 1.73 1.73 1.75 1.75 1.75 1.75 1.91 1.91 1.91 1.91 1.89 0.81 0.82 2.91
0.34 0.34 0.27 0.44 0.23 0.93 0.93 0.93 0.92 0.92 0.92 0.92 1.06 1.06 1.06 2.41 1.08 1.08 1.08 1.08 1.08 1.08 1.08 1.59 1.09 1.09 1.09 1.09 1.81 1.27 1.90 1.27 1.28 1.90 1.28 1.28 1.28 1.91 1.28 1.28 1.28 1.28 1.28 1.28 1.51 1.51 3.15 1.51 1.51 1.51 1.51 1.51 1.49 1.70 1.49 1.49 1.46 1.46 0.40 0.24 0.25 0.25 0.25 0.25 0.25 0.25 0.30 0.30 0.49 0.49 0.25 0.25 0.49 0.56 0.49 0.56 0.55 0.55 2.03 1.87 2.90 1.88 1.88 2.90
0.23 0.34 0.23 0.94 0.23 0.93 0.93 1.35 0.92 1.33 0.92 1.39 1.06 1.06 1.06 1.56 1.08 1.08 1.08 1.08 1.08 1.08 1.08 1.08 1.09 1.09 1.09 1.09 1.27 1.27 1.27 1.27 1.28 1.28 1.28 1.28 1.28 1.28 1.91 1.28 1.28 1.28 1.28 1.28 1.51 2.29 1.51 1.51 1.51 1.51 1.51 1.51 1.49 1.49 0.41 1.49 1.46 1.46 0.19 0.24 0.30 0.25 0.25 0.30 1.30 0.25 0.30 0.30 0.30 0.25 0.25 0.25 0.30 0.25 0.30 0.30 0.35 0.31 0.31 1.07 1.88 1.88 1.88 1.88
0.27 0.23 0.23 0.34 1.53 0.93 0.93 0.93 0.92 0.92 0.92 0.92 1.06 1.06 1.06 1.06 1.08 1.08 1.08 1.08 1.08 1.59 1.08 1.08 1.09 1.09 1.09 1.09 1.27 1.27 1.27 1.27 1.28 1.28 1.28 1.28 1.28 1.28 1.28 1.28 1.28 1.28 1.28 1.28 1.51 1.51 1.51 1.51 1.51 1.51 1.51 2.27 1.49 1.49 0.41 1.49 1.46 0.35 0.22 0.24 0.30 0.30 0.30 0.39 0.49 0.49 0.49 0.39 0.20 0.20 0.25 0.25 0.30 0.39 0.20 0.30 0.37 0.37 0.82 0.82 1.88 1.88 2.90 1.88
0.34 0.34 0.94 0.34 0.93 0.93 0.93 0.93 0.92 0.92 1.33 0.92 1.06 1.06 1.06 1.06 1.08 1.08 1.08 1.84 1.08 1.08 1.08 1.08 1.09 1.09 1.09 1.09 1.80 1.27 1.89 1.27 1.28 1.28 1.28 1.28 1.28 1.28 1.90 1.90 1.28 1.91 1.28 1.28 1.51 1.51 1.51 1.51 1.51 1.51 1.51 2.27 1.49 1.49 1.49 0.41 0.49 0.19 0.15 1.11 0.20 1.30 1.30 0.49 0.49 0.49 1.30 0.49 0.49 0.39 0.20 0.39 0.25 0.25 1.30 1.30 0.25 1.54 1.87 1.87 2.90 2.39 1.88 1.88
0.93 0.93 0.93 0.93 0.94 0.94 1.36 1.36 0.93 0.93 0.93 0.93 1.07 1.07 1.07 1.07 1.05 1.05 1.05 1.55 1.54 1.05 1.54 1.05 1.07 1.07 1.07 1.07 1.26 1.26 1.26 1.26 1.86 1.25 1.25 1.25 1.27 1.27 1.88 1.27 1.27 1.27 1.27 1.27 1.49 1.49 1.49 2.25 2.24 1.48 2.24 2.22 1.46 1.46 0.40 0.40 0.40 0.40 0.40 1.11 0.20 0.49 0.49 1.70 0.49 0.49 0.49 0.49 0.30 0.20 0.20 0.25 0.20 0.39 1.30 0.20 0.25 0.48 0.55 0.55 0.55 0.37 0.31 0.76
0.93 0.93 1.93 0.93 0.94 0.94 0.94 1.44 1.57 1.36 0.93 1.67 1.56 1.07 1.07 1.07 1.05 1.05 1.05 1.05 1.05 1.62 1.05 1.05 1.07 1.07 1.07 1.07 1.26 1.26 1.26 1.94 1.25 1.25 1.25 1.25 1.27 1.27 1.27 1.96 1.97 1.27 1.27 1.27 1.49 1.49 1.49 2.33 1.48 1.48 1.48 1.48 1.46 2.20 1.46 1.46 1.45 0.41 0.41 0.40 1.70 1.70 1.70 1.70 0.49 0.49 0.61 0.49 0.30 0.39 0.25 0.25 0.25 0.25 0.39 0.39 0.25 1.54 0.25 0.48 0.25 0.25 0.80 0.37
1.11 1.11 1.11 1.11 1.11 1.11 1.11 1.11 1.11 1.11 1.11 1.11 1.23 1.23 1.23 1.23 1.22 1.22 1.22 1.22 1.22 1.22 1.22 1.22 1.24 1.24 1.24 1.24 2.03 1.41 1.41 1.41 1.40 1.40 1.40 1.40 1.42 1.42 1.42 1.42 1.43 1.43 1.43 2.25 1.63 1.63 1.63 1.63 1.62 1.62 1.62 1.62 1.59 1.59 1.59 1.59 1.58 1.80 1.58 1.58 0.66 1.86 1.86 0.69 0.55 0.55 0.55 0.55 0.55 0.25 0.37 0.37 0.31 0.55 1.53 0.25 0.38 1.81 0.31 0.59 0.31 0.63 1.01 0.46
1.11 1.11 1.11 1.11 1.11 1.11 1.11 1.11 1.11 1.11 1.11 1.11 1.23 1.23 1.23 1.23 1.22 1.22 1.22 1.22 1.22 1.22 1.22 1.22 1.24 1.24 1.24 1.24 1.41 1.41 1.41 1.41 1.40 1.40 1.40 1.40 1.42 1.42 1.42 1.42 1.43 1.43 1.43 1.43 1.63 1.63 1.63 1.63 1.62 1.62 1.62 1.62 1.59 1.59 1.59 3.34 1.58 1.58 0.46 1.58 1.86 1.86 0.29 0.31 0.55 0.55 0.55 0.55 1.53 0.48 0.37 0.31 0.61 1.85 1.85 0.31 0.38 0.63 0.38 0.38 1.30 0.63 1.30 0.31
