New_Model_Runs/11_Future_RCP4.5_Scn1_out/post_prcessed_with_MFR/Monthly_summaries/runoff_monthly_FEB.asc
NCOLS 700
NROWS 400
XLLCENTER 515000.000000
YLLCENTER 8409000.000000
CELLSIZE 50.000000
NODATA_value -999.000000
[rows 114 to 151 of 400, columns 336 to 419 of 700]
0.00 0.00 1.00 1.00 0.96 0.96 1.37 0.96 0.92 2.45 1.32 0.92 0.92 0.92 0.92 0.92 0.96 1.37 1.37 0.96 0.97 0.97 4.87 0.97 0.98 0.98 0.98 0.98 0.97 1.97 1.80 3.00 1.87 1.87 1.87 3.08 1.86 1.86 3.07 1.86 1.85 1.85 1.85 3.02 1.81 1.81 2.98 1.81 1.81 1.81 2.98 1.81 1.83 1.83 1.83 1.83 1.84 1.84 1.84 1.84 1.85 1.85 1.85 1.85 1.71 2.81 1.71 1.71 1.72 1.72 1.72 1.15 1.16 1.16 1.81 1.16 1.14 1.14 1.14 1.14 0.42 0.77 0.77 0.77
1.00 1.00 1.00 1.00 0.96 0.96 2.47 0.96 0.92 0.92 0.92 1.32 0.92 1.32 0.92 0.92 0.96 0.96 1.37 0.96 0.97 1.97 0.97 0.97 0.98 0.98 1.99 0.98 0.97 0.97 1.80 1.80 1.87 1.87 1.87 3.04 1.86 1.86 3.07 1.86 1.85 1.85 3.00 1.85 1.81 2.15 1.81 1.81 1.81 1.81 1.81 1.81 1.83 1.83 1.83 1.83 1.84 1.84 1.84 1.84 1.85 1.85 1.85 1.85 1.71 1.71 1.71 1.71 1.72 2.82 1.79 1.15 1.16 1.16 1.16 1.16 1.14 1.14 1.14 1.77 0.77 0.77 0.77 0.77
0.93 0.93 0.36 0.93 0.84 0.84 0.84 0.84 0.84 0.84 0.84 0.84 0.84 1.27 2.66 0.84 0.94 0.94 0.94 0.94 0.95 0.95 0.95 1.36 0.94 0.94 0.94 0.94 0.94 1.35 1.83 1.75 1.83 1.83 3.00 3.93 1.81 1.81 1.81 1.81 1.79 1.79 2.94 3.33 1.82 0.44 0.44 0.44 1.88 1.88 1.88 1.88 1.90 1.90 1.90 1.90 1.90 1.90 1.90 1.90 1.89 1.89 1.89 1.89 1.73 1.73 1.73 1.73 1.72 1.72 1.15 1.15 1.13 1.13 1.13 1.13 0.43 1.72 1.11 1.11 0.78 0.78 0.78 0.78
0.93 0.93 0.36 0.93 0.84 0.84 0.84 0.84 0.84 0.84 0.84 0.84 0.84 0.84 0.84 1.31 0.94 0.94 0.94 0.94 0.95 0.95 0.95 1.36 2.50 0.94 0.94 0.94 0.94 0.94 0.94 1.75 1.83 1.83 1.83 1.83 1.81 1.81 1.81 1.81 1.79 1.79 1.79 2.94 0.44 0.44 0.44 1.82 1.88 1.88 1.88 1.88 1.90 1.90 1.90 1.90 1.90 1.90 1.90 1.90 1.89 1.89 1.89 1.89 1.73 1.73 1.73 1.73 1.72 1.72 1.79 1.15 1.13 1.13 1.13 1.13 1.11 1.11 1.11 1.11 0.78 0.78 0.78 0.78
0.93 0.36 0.93 0.93 0.84 0.84 0.84 0.84 0.84 0.84 0.84 0.84 0.84 0.84 1.27 0.84 0.94 0.94 0.94 0.94 0.95 0.95 0.95 1.36 0.94 0.94 0.94 1.35 0.94 0.94 0.94 0.94 1.83 1.83 1.83 1.83 1.81 1.81 1.81 0.60 0.43 0.97 0.43 1.79 1.82 1.82 1.82 1.82 1.88 1.88 1.88 1.88 1.90 1.90 1.90 1.90 1.90 1.90 1.90 1.90 1.89 1.89 1.89 1.89 1.73 1.73 1.73 1.73 1.72 1.72 1.15 1.15 1.13 1.13 1.13 1.13 1.11 1.11 1.11 1.11 0.78 0.78 0.78 0.78
0.36 0.93 1.28 0.93 0.84 0.84 0.84 0.84 0.84 0.84 0.84 0.84 0.84 0.84 0.84 0.84 0.94 0.94 0.94 1.35 0.95 0.95 0.95 0.95 0.94 0.94 0.94 1.35 0.94 0.94 1.11 0.94 1.83 1.83 1.83 1.83 4.88 3.29 0.43 0.43 0.43 1.79 1.79 1.79 1.82 1.82 1.82 1.82 1.88 1.88 1.88 1.88 1.90 1.90 1.90 1.90 1.90 1.90 1.90 1.90 1.89 1.89 1.89 1.89 1.73 1.73 1.73 1.73 1.72 1.72 1.15 1.15 0.11 1.13 0.11 0.11 1.11 1.11 1.11 1.11 0.78 0.78 0.78 0.78
0.81 0.81 0.81 0.81 0.83 0.83 0.83 1.25 0.84 0.84 0.84 0.84 0.92 0.92 1.31 0.92 0.95 0.95 0.95 1.36 1.36 0.94 0.94 1.36 0.94 0.94 0.94 0.94 1.34 0.94 0.34 0.37 0.44 0.44 1.83 2.17 2.18 2.18 0.98 0.44 1.89 1.89 1.89 1.89 1.96 1.96 1.96 1.96 2.00 2.00 2.00 2.00 2.01 2.01 2.01 2.01 1.99 1.99 1.99 1.99 1.98 1.98 1.98 1.98 1.81 1.81 1.81 1.81 1.78 1.19 1.19 1.19 1.15 1.15 0.11 1.15 1.15 1.15 1.15 1.15 1.20 1.20 1.20 1.20
0.81 0.81 2.26 0.81 0.83 0.83 0.83 0.83 1.27 0.84 1.27 1.30 0.92 0.92 0.92 0.92 0.95 0.95 0.95 0.95 0.94 0.94 0.94 0.94 0.94 0.94 0.94 0.94 0.94 0.94 0.94 0.94 0.11 0.44 0.44 0.44 0.44 0.44 0.44 1.84 1.89 1.89 1.89 1.89 1.96 1.96 1.96 1.96 2.00 2.00 2.00 2.00 2.01 2.01 2.01 2.01 1.99 1.99 1.99 0.75 1.98 1.98 1.98 1.98 1.81 1.81 1.81 1.81 1.78 1.19 1.19 1.19 1.15 1.15 1.15 1.15 1.15 1.15 1.15 1.15 1.20 1.20 1.20 1.20
0.81 0.81 0.81 0.81 0.83 0.83 0.83 0.83 0.84 0.84 0.84 0.84 0.92 0.92 0.92 0.92 0.95 0.95 0.95 0.95 0.94 0.94 0.94 0.94 0.94 0.94 0.94 0.94 0.94 0.94 0.94 0.94 0.99 1.83 1.83 0.44 0.44 0.44 1.84 1.84 1.89 1.89 1.89 1.89 1.96 1.96 1.96 1.96 2.00 2.00 2.00 2.00 2.01 0.96 0.61 0.76 0.75 0.75 0.75 0.75 0.75 0.75 0.75 0.75 0.67 1.81 1.81 1.81 1.78 1.19 1.19 1.19 1.15 1.15 1.15 1.15 1.15 1.15 1.15 1.15 1.20 1.20 1.20 1.20
0.81 0.81 0.81 0.81 0.83 0.83 0.83 0.83 0.84 0.84 0.84 0.84 0.92 0.92 0.92 0.92 0.95 0.95 0.95 0.95 0.94 0.94 0.94 0.94 0.94 0.94 0.94 0.94 0.94 0.94 0.94 0.94 0.99 1.83 1.83 1.83 1.84 1.84 1.84 1.84 1.89 1.89 1.89 1.89 1.96 1.96 1.96 1.96 2.00 2.00 2.00 0.76 0.76 0.61 0.61 0.61 0.61 0.75 0.75 0.75 0.75 0.75 0.75 0.75 0.67 0.67 1.81 1.81 1.78 1.19 1.19 1.19 1.15 1.15 1.15 1.15 1.15 1.15 1.15 1.15 1.20 1.20 1.20 1.20
0.94 0.94 0.94 0.94 0.96 0.96 0.96 0.96 0.96 0.96 0.96 0.96 0.97 0.97 0.97 0.97 1.00 1.00 1.00 1.00 0.99 0.99 0.99 0.99 0.98 0.98 0.98 0.98 0.98 0.98 0.98 0.98 1.04 1.04 1.91 1.91 1.93 1.93 1.93 1.93 1.97 1.97 1.97 1.97 2.01 2.01 2.01 2.01 2.02 0.96 2.02 0.77 0.77 0.61 0.61 0.61 0.61 0.76 0.76 0.76 0.76 0.76 0.76 0.69 0.69 0.69 0.69 1.84 1.22 1.22 1.22 1.22 1.19 1.19 1.19 1.19 1.21 1.21 1.21 1.21 1.22 1.22 1.22 1.22
0.94 0.94 0.94 0.94 0.96 0.96 0.96 0.96 0.96 0.96 0.96 0.96 0.97 0.97 0.97 0.97 1.00 1.00 1.00 1.00 0.99 0.99 0.99 0.99 0.98 0.98 0.98 0.98 0.98 0.98 0.98 0.98 1.04 1.04 1.91 1.91 1.93 1.93 1.93 1.93 1.97 1.97 1.97 1.97 2.01 2.01 2.01 2.01 2.02 2.02 0.61 0.69 0.69 0.61 1.89 0.61 1.89 1.89 1.89 1.89 0.61 0.69 0.76 0.69 0.69 0.69 0.69 1.84 1.22 1.22 1.22 1.22 1.19 1.19 1.19 1.19 1.21 1.21 1.21 1.21 1.22 1.22 1.22 1.22
0.94 0.94 0.94 0.94 0.96 0.96 0.96 0.96 0.96 0.96 0.96 0.96 0.97 0.97 0.97 0.97 1.00 1.00 1.00 1.00 0.99 0.99 0.99 0.99 0.98 0.98 0.98 0.98 0.98 0.98 0.98 0.98 1.04 1.04 1.91 1.91 1.93 1.93 1.93 1.93 1.97 1.97 1.97 1.97 2.01 2.01 2.20 0.78 2.02 0.77 0.69 0.61 1.89 1.89 1.89 1.89 1.89 1.89 1.89 1.89 1.89 1.89 1.89 0.69 0.69 0.69 0.69 0.69 0.26 1.22 1.22 1.22 1.19 1.19 1.19 1.19 1.21 1.21 1.21 1.21 1.22 1.22 0.27 0.27
0.94 0.94 0.94 0.79 0.79 0.96 0.96 0.96 0.96 0.96 0.96 0.96 0.97 0.97 0.97 0.22 0.23 0.23 1.00 1.00 0.99 0.99 0.99 0.99 0.98 0.98 0.98 0.98 0.98 0.98 0.98 0.98 1.04 1.04 1.04 1.91 1.93 1.93 1.93 1.93 1.97 1.97 1.97 1.97 2.01 2.04 0.54 0.69 0.69 0.61 1.89 1.89 1.89 1.89 1.89 0.00 1.89 0.00 0.00 0.00 1.89 1.89 1.89 1.89 1.75 1.75 0.69 0.69 0.26 0.26 1.22 1.22 1.19 1.19 1.19 1.19 1.21 1.21 1.21 1.21 0.27 0.27 0.27 0.27
0.99 0.43 0.43 0.43 0.79 0.79 0.79 0.23 0.99 0.99 0.99 0.79 1.00 1.00 0.62 0.23 0.24 0.24 0.24 1.02 1.01 1.01 1.01 1.01 1.00 1.00 1.00 1.00 1.01 1.01 1.01 1.01 1.07 1.07 1.07 1.95 1.96 1.96 1.96 1.02 1.98 1.98 1.03 0.96 2.04 0.61 0.76 1.89 1.89 1.89 1.89 0.00 0.00 0.00 0.00 0.00 0.00 0.00 0.00 0.00 0.00 0.00 0.00 0.00 1.75 1.75 1.75 0.55 0.27 0.27 1.23 1.23 1.22 1.22 1.22 1.22 1.23 0.27 0.27 0.27 0.11 0.11 0.27 0.11
0.43 0.43 0.43 0.43 0.43 0.43 0.38 0.43 0.43 0.10 0.38 0.43 0.79 0.79 0.38 0.43 0.44 0.44 0.24 1.02 1.01 1.01 1.01 1.01 1.00 1.00 1.00 1.00 1.01 1.01 1.01 1.01 1.07 1.07 1.07 1.07 1.96 1.96 1.19 1.19 2.20 1.89 0.96 0.61 0.61 0.61 0.61 1.89 1.89 0.00 0.00 0.00 0.00 0.00 0.00 0.00 0.00 0.00 0.00 0.00 0.00 0.00 0.00 0.00 0.00 0.00 1.75 0.89 0.89 0.11 0.11 1.23 1.27 0.40 1.22 0.43 1.23 0.40 0.40 0.40 0.27 0.87 0.87 0.87
0.12 0.09 0.09 0.09 0.19 0.12 0.09 0.12 0.09 0.09 0.09 0.72 0.12 0.09 0.09 0.12 0.12 0.12 0.12 0.19 0.83 0.83 0.83 0.12 0.12 0.18 0.18 0.83 0.33 0.83 0.83 0.12 0.21 0.21 0.21 0.35 0.84 0.59 0.59 0.59 1.68 0.71 0.71 1.68 1.68 0.52 1.68 0.00 0.00 0.00 0.00 0.00 0.00 0.00 0.00 0.00 0.00 0.00 0.00 0.00 0.00 0.00 0.00 0.00 0.00 0.00 0.00 0.00 0.00 0.79 0.79 0.79 0.09 0.78 1.11 0.35 0.35 0.40 1.11 1.11 0.09 0.77 0.77 0.77
0.12 0.09 0.72 0.72 0.07 0.19 0.09 0.17 0.72 0.72 0.72 0.72 0.72 0.72 0.72 0.09 0.09 0.12 0.12 0.09 0.09 0.18 0.18 0.09 0.09 0.12 0.09 0.09 0.09 0.72 0.09 0.09 0.40 0.21 0.21 1.24 1.68 0.71 1.68 0.71 1.68 1.68 1.68 1.68 1.68 0.00 0.00 0.00 0.00 0.00 0.00 0.00 0.00 0.00 0.00 0.00 0.00 0.00 0.00 0.00 0.00 0.00 0.00 0.00 0.00 0.00 0.00 0.00 0.00 0.00 0.00 0.00 0.00 0.79 0.79 0.12 0.79 0.79 0.79 0.79 0.77 0.00 0.77 0.77
0.72 0.72 0.72 0.72 0.12 0.09 0.09 0.07 0.72 0.72 0.72 0.72 0.72 0.72 0.72 0.17 0.72 0.72 0.72 0.72 0.72 0.72 0.72 0.09 0.09 0.12 0.72 0.09 0.72 0.72 0.09 0.09 0.35 1.24 0.21 1.24 1.24 1.68 1.68 1.68 1.68 1.68 1.68 1.68 0.00 0.00 0.00 0.00 0.00 0.00 0.00 0.00 0.00 0.00 0.00 0.00 0.00 0.00 0.00 0.00 0.00 0.00 0.00 0.00 0.00 0.00 0.00 0.00 0.00 0.00 0.00 0.00 0.00 0.00 0.00 0.00 0.79 0.79 0.79 10.51 0.00 0.00 0.00 0.77
0.72 0.72 0.72 0.72 0.09 0.72 0.72 0.72 0.72 0.72 0.72 0.72 0.72 0.72 0.72 0.72 0.72 0.72 0.72 0.72 0.72 0.72 0.72 0.72 0.72 0.72 0.72 0.72 0.72 0.72 0.72 0.72 1.24 1.24 1.24 1.24 1.24 1.68 1.68 1.68 1.68 1.68 1.68 0.00 0.00 0.00 0.00 0.00 0.00 0.00 0.00 0.00 0.00 0.00 0.00 0.00 0.00 0.00 0.00 0.00 0.00 0.00 0.00 0.00 0.00 0.00 0.00 0.00 0.00 0.00 0.00 0.00 0.00 0.00 0.00 0.00 0.00 0.00 0.00 0.00 0.00 0.00 0.00 0.00
0.72 0.17 0.72 0.72 0.72 0.72 0.72 0.72 0.72 0.07 0.72 0.72 0.72 0.00 0.00 0.00 0.00 0.72 0.72 0.00 0.00 0.00 0.00 10.63 0.72 0.72 0.72 0.72 0.72 0.72 0.72 0.72 1.24 1.24 1.24 1.24 1.24 1.68 1.68 1.68 1.68 1.68 0.00 0.00 0.00 0.00 0.00 0.00 0.00 0.00 0.00 0.00 0.00 0.00 0.00 0.00 0.00 0.00 0.00 0.00 0.00 0.00 0.00 0.00 0.00 0.00 0.00 0.00 0.00 0.00 0.00 0.00 0.00 0.00 0.00 0.00 0.00 0.00 0.00 0.00 0.00 0.00 0.00 0.00
0.72 0.72 0.72 0.72 0.72 0.72 0.07 0.72 0.07 0.07 0.07 0.72 0.00 0.00 0.00 0.00 0.00 0.00 0.00 0.00 0.00 0.00 0.00 0.00 0.00 0.00 0.00 1.96 0.72 0.72 0.72 0.72 1.24 1.24 1.24 1.24 1.24 1.24 1.68 1.68 1.68 10.77 0.00 0.00 0.00 0.00 0.00 0.00 0.00 0.00 0.00 0.00 0.00 0.00 0.00 0.00 0.00 0.00 0.00 0.00 0.00 0.00 0.00 0.00 0.00 0.00 0.00 0.00 0.00 0.00 0.00 0.00 0.00 0.00 0.00 0.00 0.00 0.00 0.00 0.00 0.00 0.00 0.00 0.00
0.72 0.72 0.72 0.72 0.72 0.07 0.07 0.72 0.07 0.07 0.07 0.72 0.00 0.00 0.00 0.00 0.00 0.00 0.00 0.00 0.00 0.00 0.00 0.00 0.00 0.00 0.00 0.00 0.00 0.00 10.63 0.72 0.00 0.00 0.00 0.00 0.00 0.00 0.00 0.00 0.00 0.00 0.00 0.00 0.00 0.00 0.00 0.00 0.00 0.00 0.00 0.00 0.00 0.00 0.00 0.00 0.00 0.00 0.00 0.00 0.00 0.00 0.00 0.00 0.00 0.00 0.00 0.00 0.00 0.00 0.00 0.00 0.00 0.00 0.00 0.00 0.00 0.00 0.00 0.00 0.00 0.00 0.00 0.00
0.72 0.07 0.72 0.72 0.07 0.72 1.98 1.98 10.69 0.00 0.00 0.00 0.00 0.00 0.00 0.00 0.00 0.00 0.00 0.00 0.00 0.00 0.00 0.00 0.00 0.00 0.00 0.00 0.00 0.00 0.00 0.00 0.00 0.00 0.00 0.00 0.00 0.00 0.00 0.00 0.00 0.00 0.00 0.00 0.00 0.00 0.00 0.00 0.00 0.00 0.00 0.00 0.00 0.00 0.00 0.00 0.00 0.00 0.00 0.00 0.00 0.00 0.00 0.00 0.00 0.00 0.00 0.00 0.00 0.00 0.00 0.00 0.00 0.00 0.00 0.00 0.00 0.00 0.00 0.00 0.00 0.00 0.00 0.00
0.72 0.07 0.72 0.72 0.72 0.72 0.72 1.98 4.00 10.41 0.72 1.98 0.00 0.00 0.00 0.00 0.00 0.00 0.00 0.00 0.00 0.00 0.00 0.00 0.00 0.00 0.00 0.00 0.00 0.00 0.00 0.00 0.00 0.00 0.00 0.00 0.00 0.00 0.00 0.00 0.00 0.00 0.00 0.00 0.00 0.00 0.00 0.00 0.00 0.00 0.00 0.00 0.00 0.00 0.00 0.00 0.00 0.00 0.00 0.00 0.00 0.00 0.00 0.00 0.00 0.00 0.00 0.00 0.00 0.00 0.00 0.00 0.00 0.00 0.00 0.00 0.00 0.00 0.00 0.00 0.00 0.00 0.00 0.00
1.58 0.17 0.72 0.72 0.72 0.72 0.72 0.72 1.98 1.98 0.07 1.98 0.00 0.00 0.00 0.00 0.00 0.00 0.00 0.00 0.00 0.00 0.00 0.00 0.00 0.00 0.00 0.00 0.00 0.00 0.00 0.00 0.00 0.00 0.00 0.00 0.00 0.00 0.00 0.00 0.00 0.00 0.00 0.00 0.00 0.00 0.00 0.00 0.00 0.00 0.00 0.00 0.00 0.00 0.00 0.00 0.00 0.00 0.00 0.00 0.00 0.00 0.00 0.00 0.00 0.00 0.00 0.00 0.00 0.00 0.00 0.00 0.00 0.00 0.00 0.00 0.00 0.00 0.00 0.00 0.00 0.00 0.00 0.00
0.21 1.32 0.72 0.72 0.72 0.72 0.72 0.72 0.72 1.58 0.72 0.72 0.00 0.00 0.00 0.00 0.00 0.00 0.00 0.00 0.00 0.00 0.00 0.00 0.00 0.00 0.00 0.00 0.00 0.00 0.00 0.00 0.00 0.00 0.00 0.00 0.00 0.00 0.00 0.00 0.00 0.00 0.00 0.00 0.00 0.00 0.00 0.00 0.00 0.00 0.00 0.00 0.00 0.00 0.00 0.00 0.00 0.00 0.00 0.00 0.00 0.00 0.00 0.00 0.00 0.00 0.00 0.00 0.00 0.00 0.00 0.00 0.00 0.00 0.00 0.00 0.00 0.00 0.00 0.00 0.00 0.00 0.00 0.00
0.87 0.87 0.72 0.72 0.72 0.21 0.24 0.24 0.72 0.72 0.72 0.72 0.72 0.72 0.72 0.72 0.72 0.72 1.50 0.72 0.00 0.00 0.00 0.00 0.00 0.00 0.00 0.00 0.00 0.00 0.00 0.00 0.00 0.00 0.00 0.00 0.00 0.00 0.00 0.00 0.00 0.00 0.00 0.00 0.00 0.00 0.00 0.00 0.00 0.00 0.00 0.00 0.00 0.00 0.00 0.00 0.00 0.00 0.00 0.00 0.00 0.00 0.00 0.00 0.00 0.00 0.00 0.00 0.00 0.00 0.00 0.00 0.00 0.00 0.00 0.00 0.00 0.00 0.00 0.00 0.00 0.00 0.00 0.00
0.87 0.87 0.87 0.72 0.34 0.95 1.33 0.93 0.92 0.95 0.24 0.92 0.72 0.72 0.72 0.72 0.72 0.72 0.72 1.27 0.72 10.63 0.00 0.00 0.00 0.00 0.00 0.00 0.00 0.00 0.00 0.00 0.00 0.00 0.00 0.00 0.00 0.00 0.00 0.00 0.00 0.00 0.00 0.00 0.00 0.00 0.00 0.00 0.00 0.00 0.00 0.00 0.00 0.00 0.00 0.00 0.00 0.00 0.00 0.00 0.00 0.00 0.00 0.00 0.00 0.00 0.00 0.00 0.00 0.00 0.00 0.00 0.00 0.00 0.00 0.00 0.00 0.00 0.00 0.00 0.00 0.00 0.00 0.00
0.87 0.87 1.11 0.92 0.24 0.24 0.93 0.93 0.92 0.92 0.34 0.34 0.34 0.17 0.72 0.72 0.33 0.91 0.23 0.23 0.12 0.72 10.63 0.72 0.00 0.00 0.00 0.00 0.00 0.00 0.00 0.00 0.00 0.00 0.00 0.00 0.00 0.00 0.00 0.00 0.00 0.00 0.00 0.00 0.00 0.00 0.00 0.00 0.00 0.00 0.00 0.00 0.00 0.00 0.00 0.00 0.00 0.00 0.00 0.00 0.00 0.00 0.00 0.00 0.00 0.00 0.00 0.00 0.00 0.00 0.00 0.00 0.00 0.00 0.00 0.00 0.00 0.00 0.00 0.00 0.00 0.00 0.00 0.00
1.75 1.11 1.11 1.11 0.24 0.24 0.91 0.91 0.84 0.84 0.84 0.84 1.28 0.72 0.72 0.94 0.91 0.33 0.23 0.83 0.23 0.23 0.72 0.72 0.72 0.72 10.63 0.00 0.00 0.00 0.00 0.00 0.00 0.00 0.00 0.00 0.00 0.00 0.00 0.00 0.00 0.00 0.00 0.00 0.00 0.00 0.00 0.00 0.00 0.00 0.00 0.00 0.00 0.00 0.00 0.00 0.00 0.00 0.00 0.00 0.00 0.00 0.00 0.00 0.00 0.00 0.00 0.00 0.00 0.00 0.00 0.00 0.00 0.00 0.00 0.00 0.00 0.00 0.00 0.00 0.00 0.00 0.00 0.00
0.30 1.76 1.11 0.40 0.95 0.91 1.31 0.91 0.84 0.84 0.84 0.84 0.24 0.07 0.24 0.92 0.91 1.50 0.23 0.83 0.81 0.23 0.23 0.72 0.17 0.72 0.72 0.72 0.00 0.00 0.00 0.00 0.00 0.00 0.00 0.00 0.00 0.00 0.00 0.00 0.00 0.00 0.00 0.00 0.00 0.00 0.00 0.00 0.00 0.00 0.00 0.00 0.00 0.00 0.00 0.00 0.00 0.00 0.00 0.00 0.00 0.00 0.00 0.00 0.00 0.00 0.00 0.00 0.00 0.00 0.00 0.00 0.00 0.00 0.00 0.00 0.00 0.00 0.00 0.00 0.00 0.00 0.00 0.00
0.44 1.22 1.40 0.31 0.31 0.31 0.61 0.98 0.97 0.97 0.97 0.37 0.61 1.29 1.13 1.54 1.52 0.73 0.36 0.95 0.94 0.94 0.61 0.61 1.28 1.28 1.28 1.28 1.28 0.00 0.00 0.00 0.00 0.00 0.00 0.00 0.00 0.00 0.00 10.87 1.26 0.00 0.00 0.00 0.00 0.00 0.00 1.71 2.70 2.70 2.70 1.66 0.00 0.00 0.00 0.00 0.00 0.00 0.00 0.00 0.00 0.00 0.00 0.00 0.00 0.00 0.00 0.00 0.00 0.00 0.00 0.00 0.00 0.00 0.00 0.00 0.00 0.00 0.00 0.00 0.00 0.00 0.00 0.00
0.72 0.31 0.72 0.38 0.31 1.02 0.98 0.98 0.97 0.97 0.97 0.37 0.61 0.61 0.92 0.61 0.61 0.61 0.95 0.95 0.94 0.94 0.94 0.61 0.61 0.61 0.37 1.28 1.28 1.28 1.28 1.28 0.00 0.00 0.00 0.00 0.00 0.00 1.26 1.26 1.26 1.26 1.71 1.71 1.71 1.71 1.71 1.71 1.66 1.66 1.66 1.66 1.66 0.00 0.00 0.00 0.00 0.00 0.00 0.00 0.00 0.00 0.00 0.00 0.00 0.00 0.00 0.00 0.00 0.00 0.00 0.00 0.00 0.00 0.00 0.00 0.00 0.00 0.00 0.00 0.00 0.00 0.00 0.00
1.12 0.31 1.14 0.31 1.02 1.02 1.02 0.98 0.97 0.97 0.97 0.97 0.96 0.96 0.96 0.61 0.93 1.33 0.93 0.93 0.92 0.92 0.92 0.92 0.96 0.96 0.96 0.22 0.10 1.28 1.28 2.08 1.26 1.26 0.00 0.00 0.00 1.26 1.26 1.26 1.26 1.26 1.71 1.71 1.71 1.71 2.00 2.00 1.69 1.66 1.66 1.66 1.66 0.00 0.00 0.00 0.00 0.00 0.00 0.00 0.00 0.00 0.00 0.00 0.00 0.00 0.00 0.00 0.00 0.00 0.00 0.00 0.00 0.00 0.00 0.00 0.00 0.00 0.00 0.00 0.00 0.00 0.00 0.00
0.44 1.12 1.12 1.12 1.02 1.02 1.02 1.02 0.97 0.97 0.97 1.98 0.96 0.96 0.96 0.96 0.93 0.93 0.93 0.93 0.92 0.92 0.92 0.92 0.96 0.96 0.96 0.61 0.37 1.28 1.28 1.28 1.26 1.26 1.26 1.26 1.26 1.26 1.26 0.41 0.41 0.76 0.76 1.07 1.07 1.07 1.07 2.00 1.66 1.66 1.66 0.00 0.00 0.00 0.00 0.00 0.00 0.00 0.00 0.00 0.00 0.00 0.00 0.00 0.00 0.00 0.00 0.00 0.00 0.00 0.00 0.00 0.00 0.00 0.00 0.00 0.00 0.00 0.00 0.00 0.00 0.00 0.00 0.00
0.34 0.31 1.12 1.12 1.02 1.02 1.02 1.02 0.97 0.97 0.97 0.97 0.96 0.96 0.96 0.96 0.93 2.46 0.93 0.93 0.92 0.92 0.92 0.92 0.96 0.96 0.96 0.61 1.28 1.28 1.28 1.28 1.26 1.26 1.26 1.26 1.26 1.26 1.73 0.50 1.50 0.76 0.76 1.07 2.00 1.07 0.86 1.71 1.66 1.66 1.66 0.00 0.00 0.00 0.00 0.00 0.00 0.00 0.00 0.00 0.00 0.00 0.00 0.00 0.00 0.00 0.00 0.00 0.00 0.00 0.00 0.00 0.00 0.00 0.00 0.00 0.00 0.00 0.00 0.00 0.00 0.00 0.00 0.00
0.96 1.22 1.12 1.12 1.02 0.44 0.31 1.02 1.01 0.97 0.97 0.97 0.96 0.96 0.96 0.96 0.93 0.93 0.93 0.93 0.92 0.92 0.92 0.92 0.96 0.96 0.37 1.28 1.28 1.28 1.28 1.28 1.26 1.26 0.31 1.26 1.26 1.26 0.36 0.76 0.92 1.52 1.23 2.34 1.23 3.42 2.34 2.00 1.66 0.00 0.00 0.00 0.00 0.00 0.00 0.00 0.00 0.00 0.00 0.00 0.00 0.00 0.00 0.00 0.00 0.00 0.00 0.00 0.00 0.00 0.00 0.00 0.00 0.00 0.00 0.00 0.00 0.00 0.00 0.00 0.00 0.00 0.00 0.00
