New_Model_Runs/11_Future_RCP4.5_Scn1_out/post_prcessed_with_MFR/Monthly_summaries/runoff_monthly_APR.asc
NCOLS 700
NROWS 400
XLLCENTER 515000.000000
YLLCENTER 8409000.000000
CELLSIZE 50.000000
NODATA_value -999.000000
[rows 266 to 303 of 400, columns 252 to 335 of 700]
0.19 0.19 0.00 0.00 0.00 0.00 0.00 0.00 0.00 0.00 0.04 0.04 0.04 0.04 0.04 0.04 0.04 0.04 0.04 0.04 0.03 0.06 0.00 0.00 0.18 0.18 0.18 0.18 0.18 0.22 0.22 0.22 0.22 0.22 0.11 0.11 0.10 0.10 0.10 0.10 0.10 0.10 0.10 0.10 0.10 0.00 0.01 0.01 0.01 0.01 0.01 0.01 0.20 0.20 0.20 0.20 0.20 0.20 0.01 0.20 0.20 0.20 0.20 0.01 0.20 0.01 0.01 0.01 0.20 0.00 0.00 0.00 0.00 0.20 0.20 0.00 0.20 0.20 0.20 0.20 0.20 0.00 0.00 0.00
0.19 0.00 0.00 0.00 0.00 0.00 0.00 0.00 0.00 0.00 0.04 0.00 0.04 0.00 0.00 0.09 0.04 0.04 0.04 0.04 0.00 0.06 0.00 0.00 0.00 0.18 0.18 0.18 0.22 0.22 0.22 0.22 0.22 0.11 0.11 0.11 0.10 0.10 0.10 0.00 0.10 0.10 0.10 0.10 0.10 0.00 0.03 0.01 0.01 0.03 0.03 0.01 0.20 0.20 0.20 0.20 0.20 0.20 0.01 0.20 0.20 0.20 0.20 0.01 0.01 0.01 0.01 0.01 0.20 6.74 0.00 0.00 0.00 0.00 0.20 0.20 0.20 0.20 0.20 0.00 0.00 0.00 0.00 0.00
0.19 0.00 0.00 0.15 0.00 0.00 0.00 0.00 0.00 0.00 0.00 0.04 0.00 0.00 0.00 0.00 0.04 0.04 0.00 0.04 0.00 0.06 0.06 0.06 0.06 0.18 0.18 0.22 0.22 0.22 0.22 0.03 0.11 0.11 0.11 0.11 0.10 0.10 0.10 0.10 0.10 0.10 0.10 0.10 0.21 0.21 0.21 0.01 0.01 0.03 0.03 0.03 0.01 0.01 0.20 0.20 0.20 0.20 0.20 0.20 0.20 0.20 0.20 0.20 0.01 0.01 0.01 0.20 0.20 0.00 0.00 0.00 0.00 0.20 0.20 0.20 0.20 0.20 0.00 0.00 0.00 0.00 0.00 0.00
0.15 0.00 0.00 0.00 0.00 0.00 0.00 0.00 0.03 0.04 0.04 0.04 0.09 0.00 0.04 0.00 0.00 0.04 0.04 0.04 0.00 0.00 0.09 0.06 0.06 0.06 0.22 0.22 0.22 0.22 0.01 0.22 0.11 0.11 0.11 0.11 0.10 0.10 0.10 0.10 0.10 0.21 0.21 0.21 0.21 0.21 0.01 0.01 0.01 0.01 0.03 0.00 0.01 0.01 0.01 0.20 0.20 0.20 0.20 0.20 0.20 0.20 0.20 0.01 0.01 0.01 0.01 0.20 0.00 0.00 0.00 0.20 0.20 0.20 0.20 0.20 0.00 0.00 0.00 0.00 0.00 0.00 0.00 0.00
0.00 0.00 0.00 0.00 0.15 0.15 0.02 0.02 0.02 0.04 0.09 0.04 0.00 0.04 0.04 0.04 0.00 0.00 0.00 0.04 0.00 0.00 0.00 0.00 0.06 0.06 0.22 0.22 0.01 0.22 0.22 0.22 0.11 0.00 0.11 0.00 0.10 0.10 0.10 0.10 0.21 0.21 0.21 0.21 0.21 0.01 0.21 0.02 0.01 0.03 0.03 0.00 0.01 0.01 0.01 0.20 0.20 0.20 0.20 0.20 0.01 0.20 0.20 0.20 0.01 0.20 0.20 0.01 0.00 0.20 0.20 0.20 0.20 0.20 0.00 0.00 0.20 0.20 0.00 0.00 0.00 0.00 0.00 0.00
0.00 0.00 0.00 0.44 0.02 0.02 0.02 0.03 0.15 0.04 0.04 0.04 0.00 0.00 0.04 0.04 0.00 0.00 0.00 0.00 0.06 0.06 0.00 0.00 0.00 0.22 0.22 0.27 0.01 0.01 0.22 0.11 0.11 0.11 0.11 0.11 0.10 0.10 0.21 0.21 0.21 0.21 0.21 0.21 0.01 0.01 0.21 0.21 0.01 0.01 0.03 0.00 0.28 0.20 0.20 0.20 0.20 0.20 0.01 0.20 0.20 0.01 0.20 0.20 0.20 0.20 0.01 0.01 0.20 0.20 0.20 0.20 0.00 0.00 0.00 0.00 0.00 0.00 0.00 0.00 0.00 0.00 0.00 0.00
0.00 0.00 0.13 0.09 0.02 0.02 0.02 0.15 0.04 0.04 0.04 0.04 0.04 0.04 0.04 0.04 0.00 0.00 0.04 0.04 0.06 0.06 0.06 0.06 0.06 0.22 0.22 0.22 0.27 0.22 0.22 0.22 0.11 0.11 0.00 0.11 0.10 0.21 0.21 0.21 0.21 0.01 0.21 0.21 0.21 0.21 0.01 0.01 0.21 0.21 0.01 0.21 0.20 0.20 0.20 0.20 0.01 0.01 0.20 0.20 0.20 0.01 0.20 0.20 0.20 0.01 0.20 0.20 0.24 0.20 0.20 0.00 0.00 0.00 0.00 0.00 0.00 0.00 0.00 0.00 0.00 0.00 0.00 0.00
0.00 0.13 0.09 0.09 0.02 0.02 0.02 0.00 0.04 0.04 0.04 0.04 0.04 0.04 0.04 0.04 0.00 0.04 0.04 0.00 0.06 0.06 0.00 0.00 0.22 0.01 0.01 0.22 0.22 0.22 0.22 0.22 0.11 0.11 0.00 0.00 0.10 0.21 0.21 0.21 0.21 0.01 0.01 0.03 0.01 0.21 0.01 0.21 0.21 0.21 0.21 0.21 0.20 0.20 0.20 0.20 0.20 0.01 0.20 0.20 0.20 0.20 0.01 0.01 0.20 0.20 0.20 0.20 0.20 0.00 0.00 0.00 0.00 0.00 0.00 0.00 0.00 0.00 0.00 0.00 0.00 0.00 0.00 0.00
0.03 0.02 0.02 0.02 0.13 0.02 0.00 0.00 0.00 0.03 0.00 0.00 0.03 0.03 0.03 0.03 0.03 0.03 0.03 0.00 0.00 0.01 0.06 0.06 0.01 0.01 0.01 0.01 0.01 0.21 0.21 0.21 0.21 0.00 0.10 0.00 0.00 0.10 0.01 0.21 0.01 0.21 0.03 0.03 0.01 0.21 0.21 0.21 0.21 0.12 0.12 0.28 0.20 0.20 0.20 0.20 0.20 0.01 0.20 0.20 0.01 0.01 0.20 0.20 0.20 0.20 0.20 0.20 0.00 0.00 0.00 0.00 0.00 0.00 0.00 0.00 0.00 0.00 0.00 0.00 0.00 0.00 0.00 0.00
0.03 0.15 0.02 0.15 0.02 0.02 0.00 0.00 0.03 0.00 0.00 0.00 0.00 0.00 0.00 0.00 0.03 0.00 0.06 0.00 0.00 0.06 0.06 0.21 0.01 0.01 0.21 0.21 0.21 0.21 0.21 0.21 0.21 0.21 0.00 0.00 0.00 0.10 0.01 0.01 0.01 0.00 0.21 0.01 0.01 0.21 0.21 0.12 0.12 0.28 0.28 0.28 0.28 0.20 0.20 0.20 0.20 0.20 0.20 0.01 0.20 0.20 0.20 0.20 0.20 0.01 0.02 0.04 0.00 0.00 0.00 0.00 0.00 0.00 0.00 0.00 0.00 0.00 0.00 0.00 0.00 0.00 0.00 0.00
0.03 0.03 0.15 0.15 0.13 0.13 0.03 0.03 0.03 0.00 0.03 0.03 0.00 0.00 0.00 0.00 0.03 0.00 0.00 0.06 0.06 0.06 0.01 0.21 0.21 0.21 0.21 0.21 0.21 0.21 0.01 0.21 0.21 0.21 0.21 0.10 0.10 0.10 0.21 0.01 0.21 0.01 0.01 0.21 0.21 0.01 0.21 0.28 0.28 0.01 0.28 0.28 0.01 0.20 0.20 0.20 0.20 0.01 0.01 0.20 0.20 0.20 0.20 0.01 0.02 0.04 0.04 0.28 0.00 0.00 0.00 0.00 0.00 0.00 0.00 0.00 0.00 0.00 0.00 0.00 0.00 0.00 0.00 0.00
0.02 0.15 0.15 0.02 0.02 0.13 0.03 0.03 0.03 0.03 0.03 0.00 0.00 0.00 0.03 0.03 0.00 0.00 0.03 0.03 0.06 0.06 0.01 0.21 0.21 0.21 0.21 0.21 0.21 0.21 0.21 0.02 0.21 0.21 0.01 0.21 0.10 0.10 0.00 0.21 0.21 0.21 0.21 0.21 0.28 0.28 0.28 0.28 0.28 0.21 0.21 0.21 0.20 0.20 0.20 0.20 0.01 0.20 0.20 0.20 0.20 0.20 0.04 0.04 0.28 0.28 0.28 0.00 0.00 0.00 0.00 0.00 0.00 0.00 0.00 0.00 0.00 0.00 0.00 0.00 0.00 0.00 0.00 0.00
0.02 0.02 0.02 0.02 0.02 0.13 0.13 0.02 0.13 0.03 0.00 0.00 0.00 0.00 0.03 0.03 0.00 0.03 0.03 0.03 0.03 0.10 0.00 0.01 0.21 0.21 0.21 0.25 0.25 0.21 0.21 0.21 0.01 0.01 0.01 0.01 0.21 0.21 0.10 0.21 0.21 0.21 0.21 0.21 0.28 0.28 0.28 0.28 0.21 0.21 0.21 0.21 0.01 0.01 0.01 0.20 0.20 0.20 0.20 0.20 0.04 0.04 0.28 0.00 0.00 0.00 0.00 0.00 0.00 0.00 0.00 0.00 0.00 0.00 0.00 0.00 0.00 0.00 0.00 0.00 0.00 0.00 0.00 0.00
0.15 0.03 0.15 0.15 0.13 0.13 0.00 0.03 0.03 0.03 0.00 0.00 0.00 0.00 0.03 0.03 0.03 0.03 0.00 0.00 0.03 0.10 0.00 0.10 0.10 0.21 0.21 0.21 0.10 0.10 0.21 0.21 0.21 0.01 0.01 0.01 0.21 0.21 0.21 0.21 0.21 0.21 0.21 0.28 0.28 0.28 0.21 0.21 0.21 0.21 0.01 0.01 0.01 0.01 0.20 0.20 0.20 0.20 0.20 0.04 0.04 0.28 0.00 0.00 0.00 0.00 0.00 0.00 0.00 0.00 0.00 0.00 0.00 0.00 0.00 0.00 0.00 0.00 0.00 0.00 0.00 0.00 0.00 0.00
0.15 0.15 0.15 0.15 0.13 0.02 0.03 0.03 0.03 0.13 0.13 0.00 0.00 0.02 0.03 0.03 0.03 0.00 0.00 0.03 0.10 0.10 0.10 0.10 0.10 0.00 0.10 0.10 0.10 0.10 0.10 0.10 0.10 0.21 0.01 0.01 0.21 0.21 0.21 0.21 0.21 0.21 0.21 0.28 0.28 0.21 0.21 0.21 0.01 0.01 0.01 0.01 0.20 0.20 0.20 0.20 0.20 0.28 0.12 0.28 0.28 0.00 0.00 0.00 0.00 0.00 0.00 0.00 0.00 0.00 0.00 0.00 0.00 0.00 0.00 0.00 0.00 0.00 0.00 0.00 0.00 0.00 0.00 0.00
0.04 0.04 0.04 0.15 0.00 0.00 0.03 0.03 0.03 0.13 0.13 0.03 0.03 0.13 0.00 0.00 0.03 0.00 0.00 0.00 0.10 0.10 0.10 0.10 0.10 0.10 0.10 0.10 0.10 0.00 0.10 0.10 0.10 0.10 0.21 0.21 0.21 0.01 0.01 0.21 0.21 0.21 0.21 0.21 0.21 0.21 0.01 0.01 0.01 0.01 0.21 0.21 0.20 0.20 0.20 0.28 0.00 0.00 0.00 0.00 0.00 0.00 0.00 0.00 0.00 0.00 0.00 0.00 0.00 0.00 0.00 0.00 0.00 0.00 0.00 0.00 0.00 0.00 0.00 0.00 0.00 0.00 0.00 0.00
0.15 0.04 0.03 0.03 0.00 0.03 0.03 0.13 0.13 0.13 0.13 0.13 0.04 0.04 0.04 0.03 0.03 0.03 0.00 0.11 0.10 0.10 0.10 0.10 0.10 0.10 0.10 0.10 0.10 0.00 0.10 0.10 0.10 0.10 0.21 0.01 0.21 0.01 0.21 0.21 0.21 0.01 0.01 0.01 0.21 0.21 0.21 0.21 0.21 0.21 0.21 0.21 0.20 0.20 0.00 0.00 0.00 0.00 0.00 0.00 0.00 0.00 0.00 0.00 0.00 0.00 0.00 0.00 0.00 0.00 0.00 0.00 0.00 0.00 0.00 0.00 0.00 0.00 0.00 0.00 0.00 0.00 0.00 0.00
0.02 0.02 0.03 0.03 0.02 0.00 0.03 0.13 0.02 0.02 0.13 0.13 0.04 0.04 0.00 0.03 0.03 0.03 0.03 0.11 0.10 0.10 0.10 0.00 0.10 0.10 0.10 0.00 0.10 0.00 0.00 0.10 0.10 0.01 0.21 0.21 0.25 0.01 0.01 0.21 0.21 0.01 0.01 0.01 0.21 0.21 0.21 0.21 0.21 0.21 0.21 0.21 0.28 0.00 0.00 0.00 0.00 0.00 0.00 0.00 0.00 0.00 0.00 0.00 0.00 0.00 0.00 0.00 0.00 0.00 0.00 0.00 0.00 0.00 0.00 0.00 0.00 0.00 0.00 0.00 0.00 0.00 0.00 0.00
0.02 0.02 0.03 0.03 0.02 0.13 0.02 0.02 0.02 0.02 0.02 0.13 0.13 0.04 0.00 0.03 0.03 0.03 0.11 0.11 0.10 0.10 0.10 0.10 0.10 0.12 0.10 0.10 0.10 0.10 0.10 0.01 0.21 0.02 0.02 0.21 0.21 0.21 0.25 0.21 0.21 0.01 0.01 0.01 0.01 0.21 0.21 0.21 0.21 0.21 0.04 0.00 0.00 0.00 0.00 0.00 0.00 0.00 0.00 0.00 0.00 0.00 0.00 0.00 0.00 0.00 0.00 0.00 0.00 0.00 0.00 0.00 0.00 0.00 0.00 0.00 0.00 0.00 0.00 0.00 0.00 0.00 0.00 0.00
0.03 0.03 0.02 0.03 0.02 0.02 0.02 0.02 0.02 0.69 0.02 0.02 0.13 0.13 0.13 0.03 0.00 0.00 0.00 0.11 0.00 0.10 0.10 0.10 0.10 0.10 0.10 0.10 0.10 0.00 0.21 0.21 0.21 0.21 0.21 0.21 0.21 0.01 0.01 0.01 0.21 0.21 0.21 0.21 0.21 0.21 0.21 0.01 0.04 0.28 0.00 0.00 0.00 0.00 0.00 0.00 0.00 0.00 0.00 0.00 0.00 0.00 0.00 0.00 0.00 0.00 0.00 0.00 0.00 0.00 0.00 0.00 0.00 0.00 0.00 0.00 0.00 0.00 0.00 0.00 0.00 0.00 0.00 0.00
0.02 0.03 0.03 0.03 0.02 0.02 0.02 0.02 0.02 0.03 0.02 0.02 0.02 0.02 0.13 0.03 0.03 0.11 0.11 0.11 0.00 0.00 0.00 0.00 0.10 0.00 0.10 0.10 0.10 0.21 0.01 0.21 0.21 0.21 0.21 0.01 0.01 0.01 0.01 0.21 0.21 0.21 0.21 0.21 0.21 0.21 0.01 0.04 0.00 0.00 0.00 0.00 0.00 0.00 0.00 0.00 0.00 0.00 0.00 0.00 0.00 0.00 0.00 0.00 0.00 0.00 0.00 0.00 0.00 0.00 0.00 0.00 0.00 0.00 0.00 0.00 0.00 0.00 0.00 0.00 0.00 0.00 0.00 0.00
0.02 0.02 0.03 0.03 0.02 0.02 0.02 0.02 0.02 0.02 0.02 0.02 0.02 0.13 0.02 0.02 0.03 0.00 0.00 0.11 0.10 0.00 0.00 0.00 0.00 0.10 0.00 0.10 0.10 0.21 0.01 0.21 0.01 0.01 0.01 0.01 0.01 0.01 0.01 0.25 0.21 0.21 0.21 0.01 0.21 0.21 0.21 0.04 0.00 0.00 0.00 0.00 0.00 0.00 0.00 0.00 0.00 0.00 0.00 0.00 0.00 0.00 0.00 0.00 0.00 0.00 0.00 0.00 0.00 0.00 0.00 0.00 0.00 0.00 0.00 0.00 0.00 0.00 0.00 0.00 0.00 0.00 0.00 0.00
0.02 0.02 0.03 0.03 0.02 0.02 0.02 0.02 0.02 0.02 0.02 0.02 0.02 0.02 0.13 0.13 0.14 0.00 0.00 0.11 0.10 0.10 0.00 0.10 0.10 0.10 0.10 0.10 0.10 0.10 0.01 0.01 0.01 0.01 0.01 0.01 0.01 0.01 0.21 0.21 0.21 0.01 0.01 0.01 0.01 0.21 0.00 0.00 0.05 0.00 0.00 0.00 0.00 0.00 0.00 0.00 0.00 0.00 0.00 0.00 0.00 0.00 0.00 0.00 0.00 0.00 0.00 0.00 0.00 0.00 0.00 0.00 0.00 0.00 0.00 0.00 0.00 0.00 0.00 0.00 0.00 0.00 0.00 0.00
0.03 0.03 0.03 0.03 0.02 0.02 0.02 0.02 0.02 0.02 0.02 0.02 0.02 0.02 0.13 0.02 0.00 0.00 0.11 0.11 0.00 0.10 0.10 0.00 0.10 0.10 0.10 0.10 0.00 0.10 0.01 0.01 0.01 0.01 0.01 0.01 0.01 0.01 0.21 0.21 0.01 0.01 0.01 0.01 0.21 0.01 0.10 0.10 0.05 0.00 0.00 0.00 0.00 0.00 0.00 0.00 0.00 0.00 0.00 0.00 0.00 0.00 0.00 0.00 0.00 0.00 0.00 0.00 0.00 0.00 0.00 0.00 0.00 0.00 0.00 0.00 0.00 0.00 0.00 0.00 0.00 0.00 0.00 0.00
0.02 0.02 0.02 0.02 0.02 0.02 0.02 0.02 0.02 0.02 0.02 0.65 0.02 0.02 0.02 0.00 0.10 0.10 0.10 0.35 0.10 0.00 0.00 0.00 0.00 0.10 0.10 0.10 0.10 0.10 0.00 0.00 0.00 0.00 0.00 0.00 0.00 0.01 0.00 0.00 0.00 0.00 0.20 0.20 0.10 0.10 0.00 0.00 0.05 0.00 0.00 0.00 0.00 0.00 0.00 0.00 0.00 0.00 0.00 0.00 0.00 0.00 0.00 0.00 0.00 0.00 0.00 0.00 0.00 0.00 0.00 0.00 0.00 0.00 0.00 0.00 0.00 0.00 0.00 0.00 0.00 0.00 0.00 0.00
0.02 0.02 0.02 0.02 0.02 0.02 0.02 0.02 0.11 0.02 0.02 0.02 0.02 0.02 0.02 0.00 0.00 0.10 0.35 0.35 0.09 0.00 0.00 0.00 0.10 0.10 0.10 0.10 0.10 0.00 0.10 0.00 0.00 0.00 0.00 0.00 0.00 0.00 0.00 0.00 0.00 0.20 0.20 0.10 0.10 0.00 0.00 0.10 0.05 0.00 0.00 0.00 0.00 0.00 0.00 0.00 0.00 0.00 0.00 0.00 0.00 0.00 0.00 0.00 0.00 0.00 0.00 0.00 0.00 0.00 0.00 0.00 0.00 0.00 0.00 0.00 0.00 0.00 0.00 0.00 0.00 0.00 0.00 0.00
0.02 0.02 0.02 0.02 0.02 0.02 0.02 0.02 0.02 0.02 0.02 0.02 0.02 0.02 0.08 0.35 0.35 0.35 0.35 0.35 0.34 0.10 0.00 0.00 0.10 0.10 0.10 0.10 0.10 0.10 0.10 0.12 0.00 0.00 0.00 0.00 0.00 0.00 0.00 0.00 0.20 0.20 0.10 0.10 0.00 0.00 0.10 0.10 0.05 0.00 0.00 0.00 0.00 0.00 0.00 0.00 0.00 0.00 0.00 0.00 0.00 0.00 0.00 0.00 0.00 0.00 0.00 0.00 0.00 0.00 0.00 0.00 0.00 0.00 0.00 0.00 0.00 0.00 0.00 0.00 0.00 0.00 0.00 0.00
0.02 0.02 0.02 0.02 0.02 0.02 0.02 0.02 0.02 0.02 0.02 0.02 0.02 0.02 0.35 0.08 0.05 0.13 0.35 0.08 0.08 0.08 0.00 0.00 0.00 0.10 0.00 0.05 0.13 0.10 0.10 0.00 0.00 0.00 0.00 0.00 0.00 0.00 0.00 0.20 0.10 0.10 0.00 0.00 0.10 0.00 0.00 0.00 0.10 0.00 0.00 0.00 0.00 0.00 0.00 0.00 0.00 0.00 0.00 0.00 0.00 0.00 0.00 0.00 0.00 0.00 0.00 0.00 0.00 0.00 0.00 0.00 0.00 0.00 0.00 0.00 0.00 0.00 0.00 0.00 0.00 0.00 0.00 0.00
0.02 0.02 0.02 0.02 0.02 0.02 0.02 0.02 0.02 0.02 0.02 0.02 0.02 0.35 0.35 0.35 0.35 0.35 0.35 0.35 0.34 0.34 0.05 0.00 0.00 0.10 0.08 0.05 0.44 0.08 0.34 0.00 0.10 0.00 0.00 0.00 0.00 0.00 0.20 0.00 0.00 0.10 0.00 0.00 0.00 0.00 0.00 0.00 0.00 0.00 0.00 0.00 0.00 0.00 0.00 0.00 0.00 0.00 0.00 0.00 0.00 0.00 0.00 0.00 0.00 0.00 0.00 0.00 0.00 0.00 0.00 0.00 0.00 0.00 0.00 0.00 0.00 0.00 0.00 0.00 0.00 0.00 0.00 0.00
0.02 0.02 0.02 0.02 0.02 0.02 0.02 0.02 0.02 0.02 0.11 0.11 0.01 0.05 0.35 0.35 0.05 0.35 0.35 0.35 0.34 0.34 0.05 0.05 0.05 0.34 0.34 0.05 0.34 0.05 0.05 0.05 0.36 0.10 0.00 0.00 0.20 0.01 0.10 0.10 0.10 0.00 0.10 0.10 0.00 0.00 0.00 0.00 0.00 0.00 0.00 0.00 0.00 0.00 0.00 0.00 0.00 0.00 0.00 0.00 0.00 0.00 0.00 0.00 0.00 0.00 0.00 0.00 0.00 0.00 0.00 0.00 0.00 0.00 0.00 0.00 0.00 0.00 0.00 0.00 0.00 0.00 0.00 0.00
0.02 0.02 0.02 0.02 0.02 0.02 0.02 0.02 0.02 0.02 0.03 0.03 0.13 0.13 0.35 0.05 0.05 0.35 0.35 0.08 0.08 0.08 0.34 0.34 0.34 0.34 0.34 0.34 0.34 0.05 0.05 0.05 0.05 0.10 0.20 0.20 0.00 0.00 0.00 0.00 0.10 0.00 0.10 0.00 0.00 0.00 0.00 0.00 0.00 0.05 0.00 0.00 0.00 0.00 0.00 0.00 0.00 0.00 0.00 0.00 0.00 0.00 0.00 0.00 0.00 0.00 0.00 0.00 0.00 0.00 0.00 0.00 0.00 0.00 0.00 0.00 0.00 0.00 0.00 0.00 0.00 0.00 0.00 0.00
0.02 0.02 0.02 0.21 0.02 0.02 0.02 0.11 0.02 0.02 0.03 0.03 0.13 0.13 0.35 0.35 0.05 0.35 0.35 0.35 0.08 0.34 0.34 0.34 0.34 0.34 0.34 0.34 0.34 0.05 0.13 0.05 0.10 0.10 0.00 0.10 0.10 0.10 0.00 0.00 0.10 0.00 0.10 0.10 0.00 0.00 0.00 0.00 0.00 0.00 0.00 0.00 0.00 0.00 0.00 0.00 0.00 0.00 0.00 0.00 0.00 0.00 0.00 0.00 0.00 0.00 0.00 0.00 0.00 0.00 0.00 0.00 0.00 0.00 0.00 0.00 0.00 0.00 0.00 0.00 0.00 0.00 0.00 0.00
0.13 0.02 0.02 0.02 0.02 0.11 0.02 0.02 0.11 0.03 0.03 0.13 0.13 0.35 0.35 0.09 0.05 0.13 0.35 0.35 0.34 0.34 0.08 0.08 0.34 0.34 0.34 0.05 0.13 0.10 0.00 0.00 0.10 0.10 0.10 0.10 0.10 0.10 0.10 0.00 0.10 0.00 0.00 0.00 0.00 0.00 0.00 0.05 0.00 0.00 0.00 0.00 0.00 0.00 0.00 0.00 0.00 0.00 0.00 0.00 0.00 0.00 0.00 0.00 0.00 0.00 0.00 0.00 0.00 0.00 0.00 0.00 0.00 0.00 0.00 0.00 0.00 0.00 0.00 0.00 0.00 0.00 0.00 0.00
0.13 0.13 0.02 0.02 0.02 0.02 0.02 0.02 0.11 0.03 0.03 0.13 0.05 0.35 0.35 0.13 0.13 0.05 0.08 0.35 0.34 0.34 0.05 0.34 0.08 0.05 0.05 0.05 0.05 0.10 0.10 0.00 0.00 0.00 0.00 0.00 0.10 0.10 0.10 0.10 0.00 0.00 0.00 0.00 0.00 0.00 0.00 0.00 0.00 0.00 0.00 0.00 0.00 0.00 0.00 0.00 0.00 0.00 0.00 0.00 0.00 0.00 0.00 0.00 0.00 0.00 0.00 0.00 0.00 0.00 0.00 0.00 0.00 0.00 0.00 0.00 0.00 0.00 0.00 0.00 0.00 0.00 0.00 0.00
0.02 0.02 0.02 0.02 0.02 0.02 0.11 0.01 0.01 0.03 0.13 0.13 0.35 0.35 0.08 0.05 0.05 0.13 0.08 0.08 0.34 0.34 0.13 0.08 0.34 0.34 0.05 0.08 0.00 0.00 0.10 0.10 0.00 0.00 0.10 0.10 0.10 0.10 0.00 0.00 0.00 0.10 0.00 0.00 0.00 0.00 0.00 0.00 0.00 0.00 0.00 0.00 0.00 0.00 0.00 0.00 0.00 0.00 0.00 0.00 0.00 0.00 0.00 0.00 0.00 0.00 0.00 0.00 0.00 0.00 0.00 0.00 0.00 0.00 0.00 0.00 0.00 0.00 0.00 0.00 0.00 0.00 0.00 0.00
0.03 0.02 0.02 0.02 0.11 0.03 0.11 0.02 0.11 0.11 0.05 0.05 0.08 0.13 0.13 0.13 0.05 0.13 0.08 0.35 0.08 0.08 0.05 0.05 0.34 0.05 0.05 0.00 0.00 0.00 0.00 0.10 0.10 0.00 0.00 0.10 0.00 0.00 0.00 0.00 0.00 0.00 0.10 0.00 0.05 0.00 0.00 0.00 0.00 0.00 0.00 0.00 0.00 0.00 0.00 0.00 0.00 0.00 0.00 0.00 0.00 0.00 0.00 0.00 0.00 0.00 0.00 0.00 0.00 0.00 0.00 0.00 0.00 0.00 0.00 0.00 0.00 0.00 0.00 0.00 0.00 0.00 0.00 0.00
0.13 0.04 0.04 0.04 0.03 0.02 0.11 0.11 0.11 0.05 0.05 0.05 0.35 0.35 0.13 0.05 0.13 0.13 0.13 0.08 0.13 0.13 0.34 0.13 0.34 0.34 0.13 0.13 0.13 0.00 0.00 0.00 0.00 0.00 0.00 0.00 0.00 0.00 0.00 0.00 0.00 0.05 0.05 0.05 0.05 0.00 0.00 0.00 0.00 0.00 0.00 0.00 0.00 0.00 0.00 0.00 0.00 0.00 0.00 0.00 0.00 0.00 0.00 0.00 0.00 0.00 0.00 0.00 0.00 0.00 0.00 0.00 0.00 0.00 0.00 0.00 0.00 0.00 0.00 0.00 0.00 0.00 0.00 0.00
0.13 0.04 0.04 0.02 0.01 0.03 0.11 0.11 0.02 0.05 0.05 0.35 0.35 0.13 0.05 0.05 0.13 0.05 0.13 0.13 0.13 0.05 0.34 0.34 0.08 0.13 0.13 0.13 0.13 0.00 0.00 0.00 0.00 0.00 0.10 0.00 0.05 0.00 0.00 0.05 0.05 0.00 0.00 0.00 0.00 0.00 0.00 0.00 0.00 0.00 0.00 0.00 0.00 0.00 0.00 0.00 0.00 0.00 0.00 0.00 0.00 0.00 0.00 0.00 0.00 0.00 0.00 0.00 0.00 0.00 0.00 0.00 0.00 0.00 0.00 0.00 0.00 0.00 0.00 0.00 0.00 0.00 0.00 0.00
