New_Model_Runs/11_Future_RCP4.5_Scn1_out/post_prcessed_with_MFR/Monthly_summaries/runoff_monthly_JAN.asc
NCOLS 700
NROWS 400
XLLCENTER 515000.000000
YLLCENTER 8409000.000000
CELLSIZE 50.000000
NODATA_value -999.000000
[rows 228 to 265 of 400, columns 168 to 251 of 700]
0.20 0.27 0.24 0.24 0.27 0.27 0.27 0.27 0.29 0.29 0.29 0.29 0.29 0.29 0.36 0.56 1.44 1.44 1.44 1.44 1.44 1.44 1.44 1.44 1.56 0.33 0.28 0.33 0.28 0.33 0.33 0.38 1.56 1.56 0.62 1.11 1.11 1.11 1.11 1.11 1.07 1.07 1.07 1.07 1.33 1.07 1.07 3.25 1.07 1.07 1.07 1.07 1.07 0.95 1.07 2.54 0.79 1.17 0.64 0.64 0.65 0.50 0.50 0.65 2.44 0.66 0.66 0.66 0.66 0.66 0.66 0.66 0.47 0.47 0.47 0.47 0.45 0.45 0.45 0.45 0.44 0.44 0.17 0.44
0.20 0.27 0.20 0.20 0.27 0.27 0.27 0.27 0.35 0.36 0.29 0.36 0.36 0.29 0.29 0.29 0.29 0.29 0.29 0.29 1.44 1.44 1.44 1.44 1.56 0.33 1.71 1.56 0.54 1.56 1.56 1.56 1.56 1.56 1.56 1.56 1.56 0.33 3.35 1.11 1.07 1.07 1.07 1.07 1.07 1.41 0.95 3.25 3.25 3.25 1.07 1.07 1.07 3.38 3.38 3.38 3.02 3.02 0.64 0.64 0.65 0.65 0.34 0.65 0.66 2.44 0.66 0.66 0.66 0.66 0.66 0.34 0.17 0.17 0.17 0.47 0.45 0.45 0.45 0.45 0.44 0.17 0.17 0.44
1.14 1.14 1.14 1.14 1.15 1.15 1.15 0.21 0.36 0.29 0.29 0.29 0.36 0.29 0.29 0.29 0.36 0.29 0.29 0.29 1.44 1.44 1.44 1.44 0.28 1.56 0.28 0.28 1.56 2.35 1.56 1.56 1.56 0.28 0.28 2.35 1.56 1.56 0.28 1.56 1.51 0.31 1.07 1.07 1.07 3.25 0.95 3.25 3.25 0.95 1.07 1.20 1.20 1.35 1.35 3.38 3.02 0.64 0.64 0.64 0.65 0.65 0.65 0.65 0.66 0.66 0.66 0.66 0.66 0.66 0.50 0.50 0.17 0.17 0.47 0.47 0.45 0.45 0.45 0.45 0.44 0.20 0.17 0.44
1.14 1.14 1.14 1.14 1.15 1.15 1.15 1.99 1.25 0.23 0.23 0.29 0.29 0.29 0.29 0.36 0.29 0.29 0.29 0.56 1.44 0.29 1.44 1.44 1.56 1.56 1.56 1.56 1.56 1.56 2.35 1.56 1.56 1.56 1.56 0.28 0.38 1.56 1.56 1.56 1.51 0.31 1.51 1.51 0.26 1.51 3.25 3.25 3.25 1.33 1.33 1.20 1.20 1.35 1.35 1.35 1.17 0.64 0.64 0.64 0.65 0.65 0.65 0.13 0.34 0.34 0.34 0.66 0.48 1.28 0.66 0.34 0.17 0.47 0.47 0.47 0.45 0.45 0.45 0.45 0.17 0.17 0.44 0.52
1.17 1.17 1.17 1.17 1.18 1.18 2.84 1.95 1.27 0.56 1.27 0.40 0.29 0.29 0.52 0.35 0.29 0.29 0.29 0.29 0.36 0.29 2.16 1.44 0.33 0.38 1.56 0.33 1.56 1.56 1.56 1.56 0.49 0.28 1.56 0.82 1.14 0.44 0.40 1.56 1.51 1.51 0.26 1.51 0.26 1.51 0.24 0.24 0.39 1.37 1.37 1.37 1.38 1.38 1.38 1.38 1.19 0.05 0.67 0.81 0.96 0.67 0.96 0.34 0.43 0.34 1.36 0.34 0.67 0.67 0.41 0.83 0.47 0.47 0.47 0.47 0.45 0.45 0.45 0.53 0.44 0.44 0.44 0.44
1.17 1.17 1.17 1.17 1.18 1.92 1.18 1.18 1.27 1.27 1.27 0.61 0.61 1.25 1.25 0.40 0.36 0.29 0.29 0.29 0.29 0.29 1.60 0.29 0.33 0.38 0.28 0.33 0.28 1.83 0.33 1.56 0.33 1.94 1.94 1.94 0.82 0.66 0.66 1.83 1.51 1.51 0.28 1.51 0.26 1.51 0.24 0.24 0.39 1.05 0.21 0.39 0.39 1.38 1.38 1.38 0.05 0.05 0.05 0.66 0.67 0.67 0.67 0.67 0.34 1.36 0.72 0.34 0.34 1.36 1.36 1.36 0.17 0.47 0.47 0.47 0.45 0.45 0.71 0.53 0.44 0.44 0.44 0.44
1.17 1.17 1.17 1.17 1.18 1.92 1.18 1.18 1.27 1.27 1.27 1.27 1.25 1.25 1.46 0.45 0.29 0.29 0.29 0.29 0.29 0.93 1.44 0.36 0.33 0.33 0.33 0.33 0.33 1.56 0.38 1.56 0.49 1.83 0.82 0.82 0.66 1.94 0.38 0.38 0.23 0.23 0.23 0.23 1.51 0.24 0.20 1.87 1.87 0.31 0.59 0.59 1.87 1.57 0.39 0.39 0.05 0.05 0.05 0.05 0.67 0.67 0.67 0.67 0.34 0.34 1.36 1.36 1.36 1.36 0.34 0.64 0.17 0.47 0.47 0.47 0.17 0.49 0.45 0.45 0.44 0.44 0.44 0.44
1.17 1.17 1.17 1.17 1.18 2.86 1.18 1.18 1.27 1.27 1.27 1.27 1.25 1.25 1.25 0.23 0.29 0.23 0.29 0.29 0.29 0.29 0.29 0.29 0.33 0.38 0.41 0.33 0.33 1.56 0.21 0.38 0.38 0.40 1.63 1.14 0.61 1.94 0.38 0.38 0.23 0.24 0.23 0.23 0.24 0.24 0.24 1.51 1.87 0.31 0.31 0.59 1.87 1.87 0.79 0.59 0.14 0.14 0.14 0.05 0.67 0.67 0.67 0.67 0.68 0.34 0.38 1.36 0.50 1.36 1.36 0.34 0.56 0.56 0.47 0.17 0.17 0.45 0.45 0.53 0.44 0.44 0.44 0.44
1.20 1.20 1.20 1.20 1.20 1.20 1.20 1.20 1.54 1.54 1.54 1.54 1.26 1.26 1.26 1.26 1.23 0.23 0.29 0.29 0.29 0.29 0.29 0.29 0.33 0.38 0.38 0.38 0.33 0.38 1.94 0.21 0.39 0.39 0.38 0.82 0.66 0.61 0.38 0.38 1.51 0.02 0.24 0.24 0.39 0.39 0.39 0.39 1.51 0.41 0.68 0.31 1.87 3.94 1.87 1.87 1.36 0.34 0.67 0.34 0.67 0.67 0.50 1.36 0.50 1.36 1.36 0.50 2.09 0.34 0.67 0.67 0.46 0.46 0.33 0.64 0.44 0.44 0.44 0.44 0.45 0.45 0.45 0.45
1.20 1.20 1.20 1.20 1.20 2.25 1.20 1.20 1.54 1.54 1.54 1.54 1.26 1.26 1.26 1.26 1.23 0.29 0.35 0.29 0.29 0.29 0.29 0.29 0.33 0.33 0.38 0.38 0.33 0.38 1.94 1.10 0.33 0.33 0.39 0.38 0.82 0.82 0.38 0.21 0.02 0.02 0.24 0.24 0.39 0.39 0.39 0.39 0.21 1.51 0.41 0.37 1.87 1.87 1.87 1.84 1.36 1.36 0.34 0.34 0.34 0.34 0.38 0.38 0.50 1.36 1.36 1.36 1.73 1.36 0.50 0.77 0.46 0.46 0.46 0.46 0.53 0.44 0.44 0.44 0.45 0.45 0.45 0.45
1.20 1.20 1.20 1.20 1.20 1.20 1.20 1.20 1.54 1.54 1.54 1.54 1.26 1.26 1.26 1.26 1.39 0.29 0.35 0.29 0.29 0.29 0.29 0.36 0.33 0.33 0.48 0.41 0.33 0.44 1.94 1.05 0.33 0.41 0.33 0.38 0.21 1.10 1.56 1.56 0.02 0.24 0.24 0.24 0.39 0.39 0.31 0.39 0.41 0.37 0.37 0.37 1.51 0.59 0.59 0.50 2.25 1.36 1.36 0.34 0.50 0.50 0.50 1.36 0.34 0.38 1.36 0.50 2.09 0.34 0.50 0.12 0.17 0.55 0.46 0.46 0.44 0.44 0.44 0.44 0.79 0.45 0.45 0.45
1.20 1.20 1.20 1.20 1.20 1.20 1.20 1.20 1.54 1.54 1.54 1.54 1.26 1.26 1.26 1.26 1.23 0.29 0.29 0.29 0.29 0.29 0.29 0.56 0.61 0.33 0.38 0.41 0.40 0.40 0.40 0.40 0.39 0.33 0.46 0.21 1.55 0.33 0.34 0.06 0.24 0.24 0.24 0.24 0.39 0.31 0.31 1.51 0.31 0.21 1.51 0.41 1.51 1.51 0.31 0.55 0.34 0.34 1.36 0.38 1.36 0.50 1.36 1.36 1.36 0.50 0.38 1.36 0.34 0.34 0.41 0.34 0.17 0.46 0.46 0.46 0.44 0.44 0.44 0.44 0.45 0.45 0.45 0.45
1.21 1.21 1.21 1.21 1.20 2.26 1.20 1.20 1.54 1.54 1.54 1.54 1.25 1.25 1.25 1.25 0.75 0.75 0.29 0.75 0.35 1.23 1.23 0.56 0.61 0.61 0.38 0.41 0.41 0.41 0.41 0.41 1.94 1.94 1.94 0.39 0.39 0.68 0.41 0.39 0.39 0.39 0.39 0.39 0.41 0.31 0.37 0.31 1.51 1.51 0.26 0.26 1.51 1.51 0.31 0.22 0.34 0.34 0.34 0.50 1.36 1.36 1.36 1.36 0.34 2.09 1.57 0.34 0.64 0.34 0.34 0.37 0.17 0.46 0.46 0.46 0.45 0.45 0.45 0.54 0.46 0.46 0.46 0.46
1.21 2.27 1.21 1.21 1.20 1.20 1.20 1.20 1.54 1.54 1.54 2.40 1.25 1.25 1.25 1.25 0.75 0.75 0.75 0.75 0.59 1.23 1.23 0.56 1.65 1.65 0.41 0.41 0.41 0.41 0.41 0.41 0.39 0.39 0.21 0.39 0.39 0.39 0.21 0.39 0.39 0.39 0.39 0.39 0.37 0.31 0.31 0.31 0.31 1.51 1.51 0.37 1.51 1.51 0.31 0.23 0.14 0.36 0.34 0.34 1.36 1.36 1.36 1.36 1.89 1.36 1.36 0.34 0.34 0.34 0.34 0.66 0.55 0.46 0.46 0.46 0.45 0.45 0.45 0.45 0.46 0.46 0.46 0.46
1.13 1.13 1.13 1.13 1.12 1.86 1.86 3.03 1.19 1.19 3.60 1.92 1.16 1.16 1.16 1.16 1.14 0.69 0.69 1.14 1.14 1.14 1.14 1.14 1.23 1.23 1.23 1.23 0.22 0.22 0.22 0.22 0.22 0.22 0.22 0.22 0.22 0.22 0.22 0.22 0.21 0.21 0.21 0.21 0.33 0.28 0.28 0.40 0.52 1.37 1.37 1.37 0.28 0.28 0.28 0.18 0.07 0.18 0.18 0.91 0.91 0.91 0.91 0.91 0.91 0.28 0.18 0.28 0.28 0.28 0.18 0.50 0.28 0.28 0.28 0.28 0.27 0.27 0.27 0.27 0.28 0.28 0.28 0.28
1.13 1.13 1.13 1.13 1.12 1.12 1.12 1.12 1.19 1.19 1.19 1.19 1.89 1.89 1.89 1.88 1.14 1.14 0.69 1.14 1.14 1.14 1.14 1.14 1.23 1.23 1.23 1.23 1.22 1.22 0.22 0.22 0.22 0.22 0.22 0.22 0.22 0.22 0.22 0.22 0.21 0.21 0.21 0.33 0.23 0.28 0.33 1.54 0.23 0.22 0.22 0.33 0.28 0.28 0.18 0.18 0.07 0.07 0.18 0.18 0.91 0.91 0.91 0.20 0.20 0.91 0.18 0.18 0.28 0.28 0.28 0.50 0.28 0.28 0.28 0.28 0.27 0.27 0.27 0.09 0.28 0.28 0.28 0.09
1.12 1.12 2.41 1.82 1.10 2.24 1.10 1.10 1.16 1.16 1.16 1.16 1.14 1.14 1.14 1.14 1.14 1.14 0.69 0.69 1.14 1.14 1.14 1.14 1.25 1.25 1.25 1.25 1.24 1.24 1.24 0.23 0.22 0.22 0.22 0.22 0.23 0.23 0.23 0.23 0.21 0.21 0.21 0.28 0.33 0.33 0.33 0.33 0.21 0.21 0.21 0.21 1.37 1.37 0.18 0.18 0.07 0.07 0.18 0.18 0.91 0.20 0.28 0.20 0.91 0.28 0.18 0.18 0.28 0.28 0.28 0.28 0.15 0.28 0.28 0.28 0.28 0.28 0.09 0.09 0.29 0.29 0.29 0.09
1.12 1.12 1.12 1.12 1.10 1.10 1.79 1.10 1.16 1.16 1.16 1.16 1.14 1.14 1.14 1.14 1.14 1.14 1.44 1.14 1.14 1.14 1.14 1.14 1.25 1.25 1.25 1.25 1.24 1.24 1.24 0.23 0.22 0.22 0.22 0.22 0.23 0.23 0.23 0.19 0.21 0.21 0.28 0.28 0.28 0.28 0.21 0.21 0.21 1.70 0.21 0.21 1.37 1.37 0.18 0.18 0.07 0.07 0.18 0.91 0.91 0.20 0.28 0.28 0.28 0.28 0.28 0.91 0.28 0.28 0.28 0.91 0.15 0.09 0.45 0.28 0.28 0.09 0.10 0.09 0.04 0.29 0.29 0.09
1.12 2.40 1.12 1.12 1.10 1.10 1.79 1.10 1.16 1.16 1.16 0.51 0.69 0.69 1.14 1.14 1.14 0.51 0.51 1.14 1.14 1.14 1.14 1.14 1.25 1.25 1.25 1.25 1.24 1.24 1.24 1.24 0.22 0.22 0.22 0.22 0.23 0.23 0.23 0.23 0.21 0.21 0.33 0.33 0.28 0.21 0.21 1.70 1.70 1.70 1.70 0.21 1.37 1.37 1.23 0.18 0.07 0.07 0.20 0.20 0.20 0.91 0.91 0.91 0.20 0.20 0.28 0.28 0.28 0.28 0.91 0.91 0.61 0.61 0.28 0.28 0.28 0.38 0.28 0.28 0.29 0.29 0.09 0.09
1.12 1.12 1.12 1.12 1.10 1.10 1.10 1.10 1.16 1.16 1.16 0.51 0.69 0.69 0.69 1.14 1.37 0.51 0.51 1.14 1.14 1.14 1.14 1.14 1.25 1.25 1.25 1.25 1.24 2.33 1.24 1.24 1.21 0.22 0.26 0.22 0.23 0.23 0.23 0.23 0.21 0.21 0.21 0.28 0.31 0.33 0.55 1.70 1.70 1.70 0.21 0.23 1.37 1.37 0.04 0.23 0.07 0.18 0.18 0.28 0.28 0.28 0.91 0.91 0.20 0.91 0.20 0.47 0.28 0.28 0.91 0.28 0.15 0.18 0.28 0.28 0.15 0.28 0.28 0.28 0.29 0.29 0.09 0.09
1.11 1.11 1.81 1.11 1.08 1.08 1.08 1.08 1.14 1.14 0.38 0.27 1.14 0.69 1.14 1.14 0.66 0.51 1.20 1.14 1.15 1.15 1.15 2.84 1.25 1.25 1.25 1.25 2.34 1.24 1.24 1.24 1.23 0.23 0.23 0.23 0.23 0.23 0.23 0.23 0.21 0.21 0.21 0.21 0.33 0.28 0.65 1.70 1.70 1.70 0.21 0.28 0.23 0.18 0.18 0.23 0.18 0.18 0.18 0.18 0.91 0.91 0.91 0.91 0.91 0.91 0.20 0.18 0.91 0.91 0.18 0.18 0.15 0.15 0.29 0.15 0.61 0.15 0.15 0.09 0.33 0.33 0.09 0.09
1.11 1.11 1.11 1.11 1.08 1.08 1.08 1.08 1.14 1.14 0.24 0.08 0.20 0.20 0.50 1.14 0.38 0.51 1.66 1.14 1.15 1.15 1.15 1.15 1.25 1.25 1.25 1.25 1.24 1.24 1.24 1.24 1.23 0.23 0.23 0.23 0.23 0.23 0.23 0.23 0.21 1.70 1.70 1.70 0.21 0.65 2.62 1.70 1.70 1.70 0.09 0.21 0.23 0.18 0.18 0.23 0.28 0.18 0.18 0.18 0.91 0.20 0.91 0.91 0.20 0.18 0.91 0.18 0.32 0.18 0.18 0.18 0.09 0.61 0.29 0.61 0.66 0.61 0.61 0.15 0.15 0.33 0.09 0.61
1.11 1.11 1.11 1.11 1.08 1.08 1.08 1.76 1.14 0.21 0.21 0.08 0.08 0.20 0.24 0.27 0.20 1.14 0.38 0.38 1.15 1.15 1.15 1.15 1.25 1.25 1.25 1.25 1.24 1.24 1.24 1.24 1.23 1.23 0.23 0.23 0.23 0.23 0.23 0.23 0.21 1.70 1.70 1.70 1.70 1.70 1.70 1.70 1.70 1.70 0.33 0.33 0.33 0.18 0.18 0.18 0.20 0.28 0.18 0.91 0.91 0.91 0.91 0.91 0.18 0.18 0.18 0.18 0.32 0.18 0.18 0.18 0.09 0.10 0.35 0.61 0.78 0.61 0.61 0.61 0.61 0.61 0.61 0.61
1.11 1.11 1.11 1.11 1.08 1.08 1.76 1.08 1.14 1.14 0.21 0.08 0.08 0.20 0.27 0.08 0.20 0.08 0.38 0.38 1.15 1.15 1.15 1.15 1.25 1.25 1.25 2.35 2.34 1.24 1.24 1.24 1.23 0.23 0.23 0.23 0.23 0.23 0.23 0.23 0.21 1.70 1.70 1.70 1.70 1.70 1.70 1.70 1.70 0.21 0.33 0.33 0.28 0.18 0.18 1.23 0.28 0.18 0.91 0.91 0.91 0.91 0.91 0.91 0.20 0.18 0.18 0.18 0.18 0.18 0.18 0.18 0.09 0.29 0.15 0.10 0.10 0.61 0.61 0.61 0.61 0.61 0.10 0.61
1.12 1.12 1.12 1.12 1.10 1.10 1.10 1.10 1.15 1.15 1.15 0.21 0.20 0.20 0.27 0.22 0.20 0.08 0.08 1.13 1.15 1.15 1.15 1.15 2.38 1.27 1.27 2.38 1.26 1.26 1.26 1.26 1.26 0.23 0.23 0.23 0.23 0.23 0.23 0.23 0.21 1.70 1.70 1.70 1.37 1.37 0.23 0.23 0.21 0.21 0.33 0.33 0.09 0.18 0.18 0.18 0.18 0.18 0.18 0.91 0.91 0.91 0.91 0.20 0.20 0.20 0.18 0.18 0.18 0.18 0.18 0.18 0.15 0.09 0.09 0.09 0.61 0.10 0.10 0.61 0.61 0.61 0.61 0.61
1.12 1.12 1.12 1.12 1.10 1.10 1.79 1.10 1.15 1.15 1.27 0.32 0.08 0.27 0.32 0.38 0.08 0.08 0.08 1.13 1.15 1.15 1.15 1.15 2.33 1.27 2.38 1.27 1.26 1.26 1.26 1.26 1.26 0.23 0.23 0.23 0.23 0.23 0.23 0.23 0.21 0.65 1.70 1.37 1.37 0.33 0.33 0.33 0.21 0.33 0.33 0.28 0.33 1.23 1.23 0.04 0.07 0.07 0.18 0.91 0.91 0.91 0.91 0.18 0.18 0.18 0.18 0.18 0.18 0.18 0.18 0.32 0.09 0.15 0.61 0.61 0.61 0.61 0.61 0.61 0.61 0.61 0.61 0.61
1.12 1.12 1.12 1.12 1.10 1.10 1.10 1.10 1.87 1.15 1.15 0.32 0.08 0.27 0.27 0.27 0.08 0.20 0.08 1.13 1.15 1.15 1.15 1.15 1.27 1.27 1.27 1.27 1.26 1.26 1.26 1.26 1.26 0.23 0.23 0.23 0.23 0.23 0.23 0.28 0.21 0.65 1.70 0.33 0.33 0.33 0.33 0.33 0.21 0.33 0.28 0.28 0.18 0.18 0.18 0.18 0.07 0.18 0.18 0.91 0.91 0.20 0.91 0.91 0.91 0.91 0.91 0.18 0.18 0.18 0.18 0.18 0.09 0.09 0.61 0.61 0.61 0.15 0.61 0.61 0.61 0.61 0.61 0.61
0.39 1.12 1.12 1.12 1.10 1.10 1.10 1.10 1.86 1.15 1.15 0.21 1.33 0.27 0.38 0.27 0.33 0.08 0.20 1.13 1.15 1.15 1.15 1.15 1.27 1.27 1.27 1.27 1.26 1.26 1.26 1.26 0.23 0.23 0.23 0.23 0.23 0.23 0.28 0.23 0.21 0.21 1.70 0.33 0.28 0.21 0.21 0.33 0.33 0.28 0.28 0.28 0.18 0.18 0.18 0.42 0.18 0.91 0.18 0.91 0.91 0.91 0.91 0.91 0.91 0.91 0.91 0.20 0.91 0.18 0.18 0.18 0.15 0.61 0.61 0.61 0.61 0.61 0.10 0.61 0.61 0.61 0.61 0.61
0.76 1.13 1.13 1.13 1.10 2.35 1.10 1.80 1.14 1.14 1.14 0.32 0.27 0.27 0.27 0.32 0.32 0.32 0.20 1.12 1.16 1.16 1.16 1.16 0.38 1.53 1.53 1.53 1.54 1.54 0.38 0.38 0.38 0.38 0.38 0.38 0.24 0.24 0.24 0.24 0.21 0.21 0.21 0.21 0.21 0.21 0.21 0.21 0.33 0.33 0.28 0.33 0.18 0.18 0.18 0.42 0.91 0.18 0.18 0.20 0.91 0.20 0.91 0.91 0.91 0.18 0.18 0.18 0.91 0.18 0.18 0.18 0.61 0.61 0.61 0.61 0.09 0.15 0.15 0.61 0.61 0.61 0.78 0.61
0.51 2.94 1.84 1.13 1.10 1.10 1.10 1.44 1.14 1.14 1.14 0.32 0.27 0.27 0.32 0.32 0.32 0.32 0.32 1.12 1.16 1.16 1.16 0.21 0.38 0.49 1.53 1.53 0.38 0.38 0.38 0.38 0.38 0.38 0.38 0.38 0.24 0.24 0.24 0.24 0.21 0.21 0.21 0.21 0.21 0.21 0.21 0.21 0.28 0.28 0.28 0.28 0.18 0.18 0.42 1.55 0.91 0.20 0.91 0.91 0.28 0.91 0.91 0.91 0.20 0.91 0.18 0.18 0.18 0.18 0.18 0.18 0.61 0.61 0.61 0.15 0.15 0.15 0.61 0.61 0.61 0.15 0.61 0.09
0.18 0.25 0.25 0.83 1.14 0.80 0.80 0.80 0.81 0.81 0.14 0.08 0.08 0.08 0.12 0.12 0.12 0.12 0.12 0.80 0.84 0.84 0.84 0.13 0.16 0.16 0.96 0.96 0.16 0.28 0.16 0.16 0.16 0.16 0.16 0.16 0.16 0.16 0.16 0.18 0.14 0.12 0.12 0.12 0.12 0.12 0.12 0.06 0.06 0.06 0.06 0.06 0.16 0.81 0.16 0.81 0.02 0.36 0.36 0.02 0.05 0.02 0.05 0.02 0.36 0.36 0.02 0.02 0.05 0.02 0.05 0.02 0.01 0.01 0.01 0.01 0.03 0.03 0.27 0.27 0.27 0.27 0.27 0.01
0.18 0.83 0.83 0.83 0.80 0.80 0.80 0.80 0.81 0.13 0.13 0.08 0.08 0.08 0.12 0.12 0.12 0.12 0.12 0.12 0.84 0.84 0.84 0.13 0.16 0.16 0.16 0.16 0.16 0.16 0.16 0.16 0.16 0.16 0.16 0.16 0.18 0.16 0.16 0.16 0.12 0.12 0.12 0.12 0.12 0.12 0.12 0.12 0.08 0.06 0.06 0.16 0.16 0.81 0.16 0.81 0.36 0.05 0.02 0.02 0.02 0.05 0.05 0.02 0.02 0.36 0.02 0.02 0.02 0.05 0.02 0.02 0.01 0.01 0.01 0.27 0.27 0.27 0.27 0.27 0.27 0.27 0.27 0.01
0.25 0.25 0.25 0.83 0.79 0.79 0.79 1.14 0.81 0.14 0.12 0.12 0.12 0.12 0.12 0.12 0.14 0.14 0.12 0.12 0.83 0.83 1.18 0.13 0.26 0.18 0.16 0.16 0.16 0.16 0.16 0.16 0.19 0.16 0.16 0.16 0.18 0.16 0.16 0.16 0.12 0.12 0.12 0.12 0.11 0.04 0.11 0.11 0.12 0.06 0.06 0.05 0.05 0.18 0.81 0.16 0.02 0.02 0.02 0.02 0.02 0.02 0.02 0.02 0.36 0.36 0.36 0.02 0.02 0.02 0.02 0.02 0.01 0.01 0.01 0.01 0.01 0.01 0.27 0.27 0.27 0.27 0.01 0.01
0.30 0.39 0.18 0.25 0.79 1.71 0.79 0.79 0.81 0.12 0.12 0.12 0.12 0.05 0.12 0.12 0.12 0.15 0.14 0.12 0.13 0.83 0.83 0.83 0.16 0.16 0.16 1.02 0.16 0.19 0.16 0.16 0.16 0.16 0.16 0.16 0.16 0.16 0.16 0.16 0.12 0.12 0.12 0.12 0.11 0.11 0.11 0.11 0.12 0.12 0.14 0.01 0.02 0.61 0.18 0.81 0.02 0.02 0.02 0.02 0.02 0.02 0.02 0.02 0.02 0.02 0.36 0.36 0.05 0.02 0.02 0.02 0.01 0.01 0.01 0.01 0.01 0.27 0.27 0.27 0.27 0.27 0.01 0.03
0.16 0.25 0.16 0.25 0.79 0.79 0.79 0.79 0.81 0.81 0.12 0.12 0.05 0.05 0.14 0.12 0.12 0.12 0.12 0.12 0.13 0.83 0.83 0.83 0.96 0.16 0.16 0.96 0.97 0.97 0.16 0.16 0.16 0.16 0.19 0.16 0.16 0.18 0.16 0.16 0.12 0.12 0.12 0.12 0.11 0.11 0.11 0.11 0.12 0.12 0.12 0.01 0.02 0.07 0.16 0.81 0.02 0.02 0.02 0.02 0.02 0.02 0.05 0.05 0.02 0.02 0.36 0.02 0.02 0.05 0.05 0.36 0.01 0.01 0.01 0.01 0.01 0.27 0.27 0.27 0.27 0.01 0.01 0.27
0.16 0.16 0.25 0.83 0.79 0.79 1.13 0.79 0.81 0.81 0.12 0.40 0.12 0.12 0.12 0.12 0.12 0.12 0.12 0.12 0.13 0.13 0.83 0.83 1.25 0.16 0.16 0.16 0.97 0.97 0.97 0.16 0.16 0.16 0.16 0.16 0.16 0.16 0.16 0.16 0.14 0.14 0.12 0.12 0.11 0.11 0.08 0.08 0.08 0.08 0.12 0.01 0.02 0.07 0.16 0.16 0.02 0.02 0.02 0.02 0.36 0.36 0.02 0.02 0.02 0.36 0.36 0.02 0.02 0.05 0.36 0.02 0.27 0.03 0.01 0.27 0.01 0.01 0.27 0.27 0.27 0.27 0.27 0.01
0.25 0.25 0.18 0.83 0.80 0.80 0.80 0.80 0.80 0.80 0.12 0.12 0.12 0.12 0.12 0.12 0.12 0.12 0.12 0.12 0.13 0.13 0.13 0.82 0.95 0.16 0.16 0.16 0.19 0.97 0.97 0.16 0.16 0.16 0.16 0.16 0.14 0.14 0.14 0.14 0.12 0.12 0.12 0.12 0.12 0.12 0.08 0.06 0.06 0.06 0.12 0.05 0.05 0.05 0.16 0.16 0.02 0.02 0.36 0.36 0.36 0.02 0.02 0.02 0.02 0.36 0.36 0.02 0.02 0.36 0.36 0.02 0.01 0.27 0.01 0.27 0.27 0.27 0.27 0.27 0.01 0.01 0.01 0.01
0.25 0.16 0.16 0.83 0.18 0.18 0.80 0.80 1.14 0.80 0.12 0.12 0.12 0.12 0.12 0.12 0.12 0.12 0.12 0.12 0.13 0.13 0.13 0.82 0.95 0.16 0.16 0.16 0.16 0.16 0.29 0.09 0.16 0.16 0.16 0.16 0.14 0.18 0.18 0.14 0.12 0.12 0.12 0.07 0.12 0.12 0.08 0.06 0.06 0.06 0.05 0.05 0.05 0.16 0.16 0.18 0.02 0.02 0.02 0.02 0.36 0.02 0.02 0.36 0.02 0.05 0.36 0.36 0.36 0.36 0.02 0.02 0.01 0.01 0.01 0.27 0.27 0.27 0.27 0.27 0.27 0.01 0.01 0.01
