New_Model_Runs/11_Future_RCP4.5_Scn1_out/post_prcessed_with_MFR/Monthly_summaries/runoff_monthly_AUG.asc
NCOLS 700
NROWS 400
XLLCENTER 515000.000000
YLLCENTER 8409000.000000
CELLSIZE 50.000000
NODATA_value -999.000000
[rows 259 to 295 of 400, columns 168 to 251 of 700]
0.78 2.45 2.45 2.59 2.53 2.53 2.53 2.53 2.56 0.68 0.68 0.43 0.43 0.43 0.66 0.66 0.67 0.67 0.67 0.67 2.60 2.60 2.60 0.69 0.70 0.70 0.70 0.70 0.71 0.71 0.71 0.71 0.71 0.71 0.71 0.71 0.85 0.69 0.69 0.69 0.48 0.48 0.48 0.48 0.47 0.47 0.47 0.47 0.36 0.29 0.29 2.37 2.37 4.73 2.37 4.73 4.11 2.43 2.02 2.02 2.02 2.43 2.43 2.02 2.12 4.11 2.02 2.02 2.02 2.43 2.02 2.02 1.76 1.84 1.76 3.61 3.61 3.61 3.61 3.61 3.61 3.61 3.61 1.76
1.00 1.00 1.00 2.58 2.52 2.52 2.52 4.63 2.54 0.82 0.67 0.67 0.66 0.66 0.66 0.66 0.81 0.81 0.67 0.67 2.59 2.59 4.75 0.69 1.80 0.86 0.70 0.70 0.72 0.72 0.72 0.72 0.88 0.72 0.72 0.72 0.85 0.69 0.69 0.69 0.48 0.48 0.48 0.48 0.47 0.21 0.47 0.47 0.48 0.29 0.29 1.61 1.61 2.48 4.73 2.37 2.02 2.02 2.12 2.02 2.02 2.02 2.02 2.02 4.11 4.11 4.11 2.02 2.02 2.02 2.02 2.02 1.76 1.76 1.84 1.84 1.76 1.76 3.61 3.61 3.61 3.61 1.76 1.76
1.78 2.05 0.78 1.00 2.52 6.14 2.52 2.52 2.54 0.67 0.67 0.67 0.66 0.33 0.66 0.66 0.67 0.85 0.81 0.67 0.69 2.59 2.59 2.59 0.70 0.70 0.70 2.99 0.72 0.88 0.72 0.72 0.72 0.72 0.72 0.72 0.69 0.69 0.69 0.69 0.48 0.48 0.48 0.48 0.47 0.47 0.47 0.47 0.48 0.48 0.67 2.10 2.14 4.17 2.48 4.73 2.02 2.12 2.02 2.02 2.02 2.02 2.02 2.02 2.12 2.12 4.11 4.11 2.43 2.02 2.02 2.02 1.76 1.76 1.76 1.76 1.76 3.61 3.61 3.61 3.61 3.61 1.76 2.12
0.71 1.00 0.71 1.00 2.52 2.52 2.52 2.52 2.54 2.54 0.67 0.67 0.33 0.33 0.81 0.66 0.67 0.67 0.67 0.67 0.69 2.59 2.59 2.59 2.63 0.70 0.70 2.63 2.67 2.67 0.72 0.72 0.72 0.72 0.88 0.72 0.69 0.85 0.69 0.69 0.48 0.48 0.48 0.48 0.47 0.47 0.47 0.47 0.48 0.48 0.48 2.10 2.14 1.78 2.37 4.73 2.02 2.12 2.02 2.02 2.02 2.02 2.43 2.43 2.12 2.12 4.11 2.02 2.02 2.43 2.43 4.11 1.76 1.76 1.76 1.76 1.76 3.61 3.61 3.61 3.61 1.76 1.84 3.61
0.71 0.71 1.00 2.58 2.52 2.52 4.61 2.52 2.54 2.54 0.67 1.43 0.66 0.66 0.66 0.66 0.67 0.67 0.67 0.67 0.69 0.69 2.59 2.59 4.79 0.70 0.70 0.70 2.67 2.67 2.67 0.72 0.72 0.72 0.72 0.72 0.69 0.69 0.69 0.69 0.71 0.66 0.48 0.48 0.47 0.47 0.36 0.36 0.36 0.36 0.48 2.10 2.14 1.78 2.37 2.37 2.02 2.02 2.02 2.02 4.11 4.11 2.12 2.02 2.02 4.11 4.11 2.02 2.02 2.43 4.11 2.12 3.61 2.12 1.76 3.61 1.76 1.84 3.61 3.61 3.61 3.61 3.61 1.76
1.00 1.00 1.29 2.45 2.52 2.52 2.52 2.52 2.52 2.52 0.66 0.66 0.65 0.65 0.65 0.65 0.67 0.67 0.67 0.67 0.68 0.68 0.68 2.57 2.61 0.69 0.69 0.69 0.87 2.67 2.67 0.71 0.71 0.71 0.71 0.71 0.68 0.68 0.68 0.68 0.47 0.47 0.47 0.47 0.47 0.47 0.36 0.29 0.29 0.29 0.48 1.61 1.61 1.61 2.37 2.37 2.02 2.02 4.11 4.11 4.11 2.02 2.02 2.02 2.02 4.11 4.11 2.02 2.12 4.11 4.11 2.02 1.84 3.61 1.76 3.61 3.61 3.61 3.61 3.61 1.84 1.84 1.84 1.76
1.00 0.71 0.71 2.45 0.78 0.78 2.52 2.52 4.61 2.52 0.66 0.66 0.65 0.65 0.65 0.65 0.67 0.67 0.67 0.67 0.68 0.68 0.68 2.57 2.61 0.69 0.69 0.69 0.71 0.71 1.04 0.42 0.71 0.71 0.71 0.71 0.68 0.87 0.83 0.68 0.47 0.47 0.47 0.35 0.47 0.47 0.36 0.29 0.29 0.29 1.61 1.61 1.61 2.37 2.37 3.70 2.02 2.02 2.02 2.12 4.11 2.02 2.02 4.11 2.12 2.43 4.11 4.11 4.11 4.11 2.02 2.02 1.76 1.76 1.76 3.61 3.61 3.61 3.61 3.61 3.61 1.76 1.84 1.76
1.00 1.00 1.00 3.68 1.00 1.00 2.52 2.52 2.52 2.86 0.66 0.66 0.65 0.65 0.65 0.65 0.67 0.67 0.67 0.67 0.68 0.68 0.68 2.57 2.61 2.61 0.69 0.69 0.71 0.34 0.34 1.66 0.87 0.87 0.71 0.87 0.68 0.68 0.68 0.68 0.47 0.47 0.47 0.29 0.47 0.47 0.36 0.36 0.36 0.29 1.61 1.61 2.36 2.36 2.37 2.37 2.02 2.02 2.02 2.02 2.02 2.02 2.43 2.43 2.02 4.11 4.11 2.12 2.43 2.02 2.02 2.02 1.84 3.61 1.84 3.61 3.61 3.61 3.94 1.93 1.93 1.93 2.12 2.66
4.21 4.21 4.21 2.45 0.71 0.71 2.52 2.52 2.52 2.52 0.66 0.66 0.65 0.65 0.65 0.65 0.67 0.67 0.67 0.67 0.68 0.68 0.68 2.57 2.61 2.61 0.69 0.69 0.71 0.34 0.34 2.36 1.24 0.34 0.71 0.71 0.68 0.68 0.83 0.68 0.47 0.47 0.47 0.29 0.29 0.47 0.36 0.36 0.36 0.29 1.61 1.61 1.61 1.61 1.61 2.37 2.02 2.02 4.11 2.02 2.02 2.02 2.02 3.78 2.43 2.02 4.11 4.11 2.43 2.02 2.02 2.02 3.61 3.61 1.84 3.61 3.61 2.22 2.32 2.22 2.22 2.22 1.93 1.93
4.71 4.71 6.43 6.43 7.51 4.21 4.21 2.48 2.28 2.28 0.55 0.55 0.65 0.65 1.39 0.65 0.68 0.68 0.68 0.68 0.69 0.69 0.69 2.59 2.60 0.69 0.69 0.69 0.71 0.42 0.34 1.24 0.75 0.34 0.71 0.71 0.67 0.67 0.67 0.67 0.47 0.29 0.29 0.47 0.29 0.29 0.36 0.29 0.29 0.29 1.61 1.61 1.61 1.61 1.61 1.61 2.02 2.02 2.43 2.02 2.02 2.02 2.02 4.11 2.12 4.11 4.11 4.11 2.12 2.02 2.02 2.02 3.61 3.61 3.61 3.61 1.84 1.93 3.94 1.93 2.66 2.22 2.22 1.93
6.43 4.33 6.43 6.43 4.21 4.21 11.92 6.20 11.88 6.18 1.56 0.43 0.43 0.43 0.65 0.80 0.68 0.68 0.68 0.68 0.69 0.69 4.76 2.59 2.60 0.69 0.69 2.05 0.71 1.04 1.04 1.35 0.75 0.71 0.71 0.71 0.67 0.67 0.67 0.67 0.36 0.29 0.29 0.29 0.29 0.29 0.29 0.29 0.29 0.29 1.61 1.61 2.09 2.09 2.09 1.78 2.43 2.02 2.43 2.12 2.02 2.02 2.02 2.02 2.43 2.12 2.12 2.12 4.11 2.02 2.12 2.02 1.76 1.84 3.61 3.61 2.12 2.66 2.22 3.94 2.66 1.93 2.22 2.22
6.43 4.71 6.43 4.21 4.21 4.21 6.20 6.20 6.18 7.89 6.14 3.63 3.63 0.43 0.65 0.65 0.68 0.68 0.68 0.68 1.78 2.59 2.59 2.59 2.60 0.69 0.69 0.69 2.65 1.04 0.75 0.75 0.75 0.71 0.71 0.71 0.67 0.67 0.67 0.67 0.29 0.29 0.36 0.29 0.29 0.29 0.29 0.23 1.84 1.78 1.78 1.78 2.09 1.78 1.78 1.78 2.43 2.02 2.02 2.22 2.22 2.22 2.02 2.02 2.12 2.43 2.12 4.11 2.02 2.02 2.12 2.02 3.61 3.61 3.61 1.84 2.66 2.66 1.93 1.93 2.66 2.66 1.93 0.40
4.21 6.43 6.43 4.71 4.21 4.71 6.20 6.20 6.18 4.86 3.63 3.63 3.63 3.63 4.04 4.04 0.43 2.57 2.57 2.84 1.10 2.59 2.59 2.59 2.60 0.69 0.69 0.69 0.75 0.75 0.75 1.35 0.75 0.75 0.71 0.71 0.67 0.67 0.67 0.67 0.29 0.29 0.29 0.29 0.29 0.29 0.29 0.23 0.23 1.78 1.78 3.29 2.09 2.09 1.61 1.61 2.02 2.02 4.48 3.60 2.22 3.04 2.22 2.12 4.11 4.11 2.12 4.11 4.11 2.12 2.12 4.11 1.76 3.61 2.12 2.12 2.66 2.66 2.66 3.94 2.66 2.66 0.40 0.40
4.21 6.43 6.43 4.71 4.71 6.04 6.04 6.04 6.09 3.63 3.63 3.63 3.63 4.02 4.02 3.63 3.63 4.86 4.35 4.35 0.76 2.56 1.10 2.60 4.80 2.62 2.95 3.84 3.84 3.84 3.84 3.84 3.84 3.84 3.16 3.16 2.59 3.16 2.59 2.59 2.30 2.30 2.71 2.71 2.71 2.71 2.71 2.51 2.51 2.30 2.05 2.05 2.06 2.06 2.11 1.61 2.02 2.22 4.48 4.48 4.48 2.54 2.22 2.12 4.11 4.11 4.11 4.11 2.43 2.12 2.12 4.11 1.84 3.61 3.61 2.12 2.22 2.66 2.66 2.22 2.22 2.66 0.40 0.40
7.51 6.43 4.21 4.71 6.04 9.86 6.04 9.92 7.43 3.63 3.63 3.63 6.28 6.92 7.24 4.02 3.63 7.23 4.35 4.35 3.88 7.35 7.35 4.48 4.80 0.48 3.84 3.84 3.84 3.84 6.79 3.84 3.84 3.84 3.84 2.95 2.95 3.16 2.59 2.59 2.30 2.30 2.71 2.71 4.46 2.71 2.71 4.19 2.91 2.91 2.30 2.65 1.78 1.61 1.61 1.78 3.08 2.54 4.48 4.48 4.48 2.54 2.54 2.54 4.48 4.11 4.11 4.11 2.02 2.12 2.12 4.11 3.61 1.84 1.84 2.22 2.22 2.66 2.66 2.22 3.94 3.94 0.40 0.40
5.72 5.72 5.72 5.50 5.36 4.14 4.14 4.14 4.20 3.09 3.09 3.09 3.09 3.09 3.45 3.45 3.09 4.20 6.95 3.73 3.31 4.16 7.68 4.16 0.35 0.35 0.35 3.22 3.22 3.22 3.22 3.22 3.22 3.22 3.22 4.31 2.43 2.43 2.14 1.58 1.44 2.28 2.28 2.28 2.28 2.28 3.68 4.53 2.11 4.10 2.28 2.28 1.40 1.26 1.26 1.26 1.58 3.15 2.64 3.92 2.20 2.20 2.20 1.92 2.20 3.92 3.92 3.92 3.59 3.59 3.59 3.59 3.28 3.28 1.99 1.99 1.99 3.58 2.39 3.58 1.99 3.58 2.39 2.39
4.14 5.72 5.72 5.50 5.36 4.14 3.68 4.14 3.09 3.09 2.89 3.09 3.09 3.09 3.45 3.45 3.54 5.53 3.73 3.73 3.31 4.16 0.36 0.36 0.35 0.35 0.35 0.35 3.22 8.23 3.22 3.22 3.22 5.61 5.21 5.96 2.14 2.43 2.14 2.14 1.93 1.93 2.28 2.28 2.28 2.28 2.28 2.28 2.28 2.28 2.28 2.28 2.28 1.40 1.26 1.40 1.58 1.29 2.64 1.92 3.92 2.20 1.92 1.92 3.92 2.20 3.92 3.92 3.92 3.92 3.92 3.92 3.58 1.72 2.39 2.39 1.72 1.72 1.72 1.72 1.72 2.39 2.39 1.99
3.79 5.72 5.72 10.30 5.30 4.14 4.08 4.14 3.09 3.09 3.09 3.09 3.09 3.09 3.44 3.44 3.52 3.52 3.73 3.31 6.92 2.03 0.44 0.36 0.35 0.35 0.35 1.16 3.22 3.22 3.22 3.22 3.22 3.22 3.22 3.33 2.62 2.12 2.21 2.12 2.28 3.93 2.28 2.28 2.28 2.28 1.90 2.46 2.11 6.53 2.28 2.28 2.28 2.46 2.28 1.26 1.29 1.60 3.92 3.92 1.92 1.92 1.92 3.92 3.92 2.20 3.92 3.92 3.92 3.92 3.92 3.92 3.58 1.99 2.39 1.72 1.72 4.94 1.72 1.72 1.72 2.39 2.39 1.99
9.08 3.68 3.68 4.14 5.30 4.14 6.03 3.04 3.09 2.89 3.09 4.20 4.20 3.44 3.44 3.44 3.52 3.52 5.50 6.47 0.36 0.36 0.36 0.36 0.35 0.35 0.35 1.16 3.22 3.22 3.22 3.22 3.22 3.22 5.21 7.42 2.43 2.12 2.43 2.43 2.46 2.46 3.68 2.28 2.46 2.46 1.90 1.90 2.28 2.11 2.28 2.28 2.28 2.28 2.28 2.46 1.29 1.29 3.92 3.92 3.92 1.92 1.92 3.92 3.92 3.92 2.20 6.93 3.92 1.92 1.92 2.20 3.74 6.30 2.39 1.72 1.72 1.72 3.58 1.99 1.99 2.39 2.39 1.72
5.72 3.68 5.72 5.43 9.09 3.68 3.68 2.84 2.89 2.89 5.31 5.31 5.40 5.40 5.40 3.44 3.52 10.57 5.50 4.10 0.36 0.36 0.36 0.36 0.35 0.35 0.35 1.16 3.66 3.22 3.66 8.43 3.66 3.66 5.21 5.21 2.43 2.12 2.12 2.43 2.28 3.80 2.28 1.92 1.90 1.90 1.90 1.90 2.46 2.11 2.28 2.28 2.28 2.28 2.28 2.28 1.49 3.15 3.92 3.92 3.92 3.92 3.92 3.92 3.92 3.92 3.92 3.92 2.20 2.20 2.20 1.92 3.58 3.58 3.58 3.98 2.80 2.39 2.39 1.72 1.72 2.39 2.39 1.72
3.79 5.72 3.68 3.68 5.30 3.68 6.84 4.08 2.89 3.73 5.31 5.31 5.40 5.40 5.40 5.40 5.50 5.50 5.50 4.10 0.36 0.36 0.36 0.36 0.35 0.35 0.35 1.16 1.16 3.22 3.66 6.34 4.10 3.66 5.21 2.62 2.12 1.58 2.62 2.43 2.28 2.28 2.46 1.92 1.90 1.90 1.90 1.90 2.46 2.28 2.28 2.28 2.28 2.28 2.28 2.28 1.35 2.12 2.64 2.20 1.92 3.92 3.92 3.92 3.92 3.92 3.92 3.92 4.43 4.81 2.64 1.92 1.99 1.99 2.08 1.99 1.72 1.72 1.72 2.39 2.39 2.39 2.39 3.58
3.79 5.72 3.68 3.68 5.27 4.14 4.14 3.68 4.20 5.34 5.34 5.34 3.73 4.16 5.42 5.42 3.73 4.20 3.73 3.31 5.32 0.35 0.35 0.35 0.34 0.34 0.34 1.16 1.16 7.28 5.21 5.21 3.66 3.33 5.21 2.62 1.57 2.62 2.43 2.43 2.28 2.46 2.46 2.46 1.90 1.90 2.46 2.46 2.28 2.28 2.28 2.28 5.09 4.53 2.28 2.28 4.02 3.43 3.43 2.64 1.92 1.92 3.92 3.92 3.92 3.92 3.92 1.92 1.92 2.64 2.64 1.92 1.72 1.72 1.72 1.72 1.72 1.72 1.72 1.72 2.39 2.39 2.39 2.39
5.72 5.72 5.72 5.72 5.27 5.27 5.27 5.27 6.97 5.34 5.34 5.34 3.73 5.79 5.79 5.42 3.73 5.47 4.07 3.31 3.31 1.20 1.20 0.35 0.34 1.59 1.16 1.16 3.22 3.33 3.22 5.21 3.22 3.33 3.66 2.62 2.62 2.62 2.43 2.43 2.46 2.46 2.28 2.46 2.46 2.46 2.28 2.46 2.11 2.28 2.28 2.28 2.28 4.53 2.11 3.24 2.12 2.12 2.12 2.12 1.83 3.59 3.59 3.92 3.92 2.20 2.20 2.20 1.92 2.64 2.64 1.92 1.72 1.72 2.39 2.39 2.39 1.72 1.72 1.72 1.72 1.72 2.39 2.39
3.79 3.79 3.79 5.72 3.68 5.27 5.27 5.27 6.97 5.34 5.34 6.97 3.73 3.73 3.85 5.79 5.79 4.20 3.42 5.32 3.31 3.76 3.76 1.20 7.02 5.21 3.66 3.22 3.22 3.22 5.21 5.21 3.66 5.21 2.92 2.62 4.35 2.62 2.62 2.62 2.46 2.46 2.28 2.46 2.46 2.28 2.28 2.11 2.46 2.28 2.28 2.28 2.46 4.53 2.11 3.56 2.12 2.12 2.12 2.12 1.95 3.59 3.59 3.59 1.92 4.43 1.92 1.92 3.00 2.64 1.92 1.92 1.72 1.72 2.39 2.39 1.72 1.72 1.99 1.72 1.72 2.39 1.72 1.72
4.14 3.79 5.72 5.72 5.72 5.27 5.27 5.27 5.34 5.34 5.34 5.34 5.42 5.42 4.20 5.79 14.49 3.73 5.32 5.32 3.42 5.32 14.51 5.32 5.21 5.21 3.22 3.22 5.21 5.21 5.21 5.21 5.21 5.21 1.59 2.62 2.62 2.62 2.62 2.62 2.46 2.46 2.46 2.46 2.46 2.46 2.28 2.28 2.28 2.28 4.53 3.44 5.39 4.53 1.35 1.92 4.02 4.02 2.12 2.12 1.95 3.72 3.59 3.59 2.64 2.20 1.92 1.92 1.92 2.64 2.64 1.92 1.72 1.72 2.39 2.39 1.72 1.72 1.99 1.72 1.72 2.39 1.72 2.39
7.21 5.72 3.79 3.79 6.51 4.14 10.40 5.72 5.79 5.37 5.37 4.20 5.42 4.20 5.79 5.79 5.79 6.85 10.04 5.32 5.32 5.32 10.04 5.32 5.21 8.13 11.71 5.21 5.21 5.21 5.21 5.21 9.82 5.21 1.58 1.58 2.43 2.62 2.62 2.62 1.92 2.28 2.28 2.28 2.28 2.28 2.46 2.11 2.28 2.28 2.28 2.11 2.46 2.46 4.53 2.28 1.35 4.02 2.82 2.31 1.95 3.72 3.72 1.74 3.92 1.92 1.92 1.92 1.92 2.64 2.64 3.00 1.72 1.72 1.72 1.72 1.72 1.72 1.72 1.72 2.39 2.39 1.72 2.39
5.72 3.79 3.68 4.14 5.72 3.68 9.18 3.79 5.79 3.85 4.20 4.20 5.79 5.79 5.79 5.79 3.85 3.85 5.32 5.32 5.32 3.42 3.42 5.32 3.22 7.02 5.21 8.22 3.33 5.21 5.21 5.21 5.21 5.21 2.62 2.62 1.56 2.09 2.09 2.09 2.46 2.28 2.28 2.28 2.28 2.28 2.46 2.11 2.28 2.28 2.28 6.82 2.28 4.53 2.11 2.28 1.35 1.22 4.02 2.82 1.95 3.72 3.72 1.95 1.92 3.92 2.31 3.92 3.92 1.92 1.92 1.92 1.72 1.72 1.72 1.72 1.72 1.72 1.72 2.39 2.39 1.72 1.72 3.58
5.72 3.79 4.14 4.14 4.14 4.14 5.72 5.72 4.14 4.20 9.61 5.79 5.79 5.79 5.79 4.20 5.79 5.32 6.73 3.31 3.31 3.42 3.42 5.32 5.21 3.33 5.21 3.33 3.33 5.21 5.21 5.21 5.21 5.21 5.21 5.21 3.22 3.22 3.22 5.86 1.92 2.28 2.28 2.28 2.46 2.46 3.81 2.46 2.46 2.46 2.46 2.46 2.46 2.46 2.46 2.46 1.49 1.35 1.35 4.02 4.02 3.72 7.87 1.95 1.95 3.92 3.92 3.92 2.20 3.92 1.92 1.92 1.72 1.72 1.72 1.72 1.72 1.72 2.39 1.90 1.64 1.56 1.56 1.56
5.72 5.72 4.14 5.72 4.14 11.97 5.72 3.79 3.85 5.79 5.79 5.79 5.79 5.79 5.79 4.20 3.85 3.42 3.76 3.76 3.76 7.91 3.42 3.76 3.22 5.61 5.21 3.33 3.33 5.21 5.21 5.84 5.21 5.21 5.21 5.21 3.22 3.22 3.22 3.22 3.69 1.92 2.28 2.28 2.46 2.46 6.68 2.11 4.53 2.46 2.46 3.64 2.46 2.28 2.46 2.46 3.32 1.22 1.35 1.49 1.71 3.72 3.72 1.95 5.36 2.40 1.92 1.92 1.92 1.92 1.92 1.92 3.58 3.58 1.72 1.72 1.72 1.72 1.90 1.56 1.56 1.64 1.64 1.56
5.72 5.72 10.82 5.72 8.64 3.79 5.72 3.79 9.30 14.49 3.73 3.73 3.85 3.73 6.61 3.73 3.85 3.42 3.76 3.76 3.76 3.42 5.92 3.31 3.22 3.22 3.22 5.21 3.22 5.21 5.21 3.33 3.22 3.22 5.21 8.22 3.33 3.22 8.23 3.22 3.03 3.03 1.95 2.46 1.89 4.53 2.46 4.94 2.46 2.46 1.87 1.87 2.28 2.46 2.46 3.66 1.49 1.22 3.31 3.31 3.31 3.72 7.87 3.72 2.03 1.95 2.12 1.92 2.20 1.92 1.92 1.92 1.72 1.72 1.72 1.56 1.64 1.64 1.90 2.52 1.64 1.64 1.64 1.64
3.79 9.08 3.79 5.72 5.72 5.72 5.72 10.35 5.79 3.85 3.73 3.73 5.79 5.79 3.73 3.73 4.20 4.03 6.46 3.42 5.32 5.32 3.31 3.31 3.22 3.22 3.22 3.22 4.60 3.33 3.33 3.22 3.66 3.66 5.21 5.21 3.22 3.22 3.22 3.22 3.03 3.03 3.74 1.95 1.89 7.59 2.46 4.94 2.28 2.46 2.46 1.87 1.91 1.91 1.91 1.91 1.49 3.31 1.35 1.35 4.83 3.72 1.95 3.72 2.03 2.03 2.03 1.95 1.92 1.92 1.92 1.92 1.56 1.56 1.56 1.56 1.64 2.54 1.64 1.64 1.64 1.64 1.64 1.99
3.38 5.18 3.70 7.71 5.18 3.70 9.75 5.18 5.19 5.19 9.77 5.19 5.19 5.19 3.28 3.71 3.28 1.99 2.36 2.36 2.36 1.99 1.99 1.99 1.93 1.93 1.93 1.93 1.93 1.93 2.28 3.68 3.68 2.28 1.93 5.24 3.68 2.28 1.93 1.93 1.80 1.80 1.38 1.70 1.38 1.38 1.38 1.38 1.38 1.38 1.38 1.38 1.66 1.66 2.50 2.50 1.30 1.30 2.88 2.88 3.24 1.70 1.70 3.24 3.24 1.77 1.77 1.77 2.01 1.69 1.69 1.69 1.69 2.48 1.69 1.69 1.69 1.46 1.39 1.46 1.46 1.46 1.78 1.78
3.38 3.70 3.38 5.18 5.18 3.38 9.75 5.18 5.19 5.19 3.71 3.71 3.39 5.19 3.28 3.28 1.99 1.99 2.36 2.36 2.36 2.36 1.99 1.99 1.93 1.93 1.93 1.93 1.93 1.93 2.28 2.28 3.68 3.68 2.01 1.93 1.93 3.68 1.93 1.93 1.80 1.80 1.25 1.70 1.38 1.38 1.38 1.65 1.63 1.63 1.38 1.38 1.66 1.66 1.66 2.50 1.30 1.30 1.06 2.88 3.24 1.77 1.70 1.70 2.68 1.70 1.70 1.77 3.24 1.85 1.69 1.69 1.39 1.69 1.69 1.46 1.69 1.69 2.97 1.46 1.46 1.78 1.78 1.78
3.38 5.18 5.18 3.70 3.27 3.70 3.70 3.38 3.28 5.19 3.71 3.71 3.39 5.19 3.39 5.19 1.99 1.99 2.36 5.08 2.36 2.36 2.36 1.99 1.93 1.93 1.93 2.28 1.93 1.93 1.93 1.93 2.28 3.68 1.93 1.93 1.93 1.93 1.93 2.28 1.80 1.80 2.13 1.69 1.38 1.38 1.38 1.64 1.63 1.63 1.63 1.63 1.67 1.67 1.67 1.67 1.57 1.30 1.30 2.88 3.24 1.70 3.24 1.70 1.70 1.70 1.70 1.70 2.01 3.14 1.85 1.69 1.39 1.39 1.69 1.69 1.69 1.69 2.97 1.78 1.78 1.78 1.78 1.78
5.18 3.38 5.18 5.18 5.18 3.38 3.70 5.18 3.28 5.19 3.28 3.71 3.71 3.28 3.39 3.39 3.79 1.99 2.36 2.36 2.36 2.36 4.29 1.99 1.93 1.93 1.93 2.28 1.93 1.93 1.93 2.28 3.68 3.68 1.93 1.93 2.28 3.52 3.58 2.01 1.80 2.13 2.13 2.19 1.64 1.25 1.64 1.64 1.63 1.63 1.63 1.63 1.67 1.38 1.25 1.67 1.57 1.16 1.06 2.88 3.24 2.01 2.01 3.24 1.70 1.70 1.70 3.14 2.01 2.01 2.01 1.70 1.69 1.39 1.69 1.69 1.69 2.97 3.25 3.25 1.78 1.78 1.78 1.78
9.75 5.18 3.38 5.18 5.18 3.38 3.27 3.27 3.71 3.39 3.28 3.28 3.28 3.28 5.19 3.28 3.79 3.79 3.79 3.79 2.08 2.08 1.99 1.99 1.93 3.68 2.01 2.28 1.93 1.93 2.01 3.68 3.68 2.01 1.93 1.93 1.93 1.93 3.11 3.68 2.13 2.13 2.13 4.64 4.64 1.64 1.64 1.64 1.63 1.63 1.63 1.38 1.38 1.38 1.38 1.38 1.57 1.57 2.88 1.06 3.24 1.70 1.70 3.24 3.24 1.77 1.77 1.77 2.01 1.70 1.70 1.70 1.55 1.55 1.69 1.39 1.46 1.78 3.25 3.25 3.25 3.25 3.25 1.78
5.18 5.18 5.18 3.38 3.70 3.27 3.27 3.27 3.71 3.39 5.19 5.19 3.28 3.28 3.28 3.28 1.99 3.79 3.79 3.79 2.08 3.79 8.03 3.79 1.93 2.01 3.68 1.93 1.93 5.31 2.01 3.68 3.68 1.93 3.68 2.28 1.93 3.68 2.01 5.16 1.80 1.80 1.80 2.13 4.64 4.64 4.64 3.41 3.41 1.63 1.63 1.38 1.25 1.25 1.38 1.25 1.57 1.57 1.57 1.57 3.24 1.70 1.70 3.24 3.24 3.24 1.70 1.70 1.77 3.24 1.70 1.70 1.55 1.55 1.85 1.46 1.46 1.46 2.97 3.25 1.86 3.25 3.25 1.78
