New_Model_Runs/11_Future_RCP4.5_Scn1_out/post_prcessed_with_MFR/Monthly_summaries/runoff_monthly_JUN.asc
NCOLS 700
NROWS 400
XLLCENTER 515000.000000
YLLCENTER 8409000.000000
CELLSIZE 50.000000
NODATA_value -999.000000
[rows 114 to 151 of 400, columns 504 to 587 of 700]
0.69 0.69 0.69 0.69 0.64 0.90 0.64 0.64 0.59 0.59 0.59 0.59 0.59 0.59 0.59 0.59 0.60 0.23 0.23 0.23 0.23 0.15 0.15 0.23 0.20 0.22 0.57 1.01 0.64 0.20 0.20 0.20 0.20 0.56 0.56 0.56 0.56 0.20 0.56 0.56 0.56 0.56 0.56 0.56 0.57 0.57 0.79 0.57 0.56 0.56 0.56 0.56 0.54 0.54 0.54 0.54 0.53 0.52 0.52 0.52 0.08 0.11 0.52 0.52 0.52 0.71 0.71 0.52 0.68 0.51 0.51 0.51 0.53 0.09 0.53 0.53 0.57 0.57 8.41 0.00 0.00 0.00 0.00 0.00
0.69 0.69 0.69 0.69 0.64 0.64 0.64 0.64 0.59 0.59 0.59 0.59 0.59 0.59 0.59 0.59 0.60 0.60 0.60 0.23 0.23 0.23 0.66 0.66 0.56 0.20 0.57 0.57 0.56 0.20 0.20 0.56 0.20 0.56 0.56 0.56 0.56 0.56 0.56 0.56 0.56 0.56 0.56 0.56 0.57 1.04 0.57 0.57 0.56 0.56 0.56 0.56 0.54 0.54 0.54 0.54 0.53 0.52 0.52 0.52 0.08 0.14 0.52 0.52 0.52 0.52 0.52 0.52 0.51 0.51 0.51 0.51 0.53 0.53 0.09 0.09 0.57 0.46 0.46 0.46 0.57 2.82 0.00 0.57
0.63 0.63 0.63 0.89 0.86 0.61 0.61 0.61 0.60 0.60 0.60 0.60 0.62 0.62 0.62 0.62 0.62 0.62 0.62 0.62 0.67 0.67 0.62 0.62 0.57 0.56 0.56 0.56 0.57 0.57 0.57 0.20 0.57 0.57 0.57 0.57 0.58 0.58 0.58 0.56 0.55 0.55 0.77 0.19 0.77 0.55 0.55 0.55 0.55 0.19 0.55 0.55 0.54 0.54 0.54 0.54 0.53 0.51 0.51 0.51 0.51 0.51 0.51 0.51 0.51 0.51 0.51 0.51 0.51 0.51 0.51 0.51 0.55 0.55 0.09 0.09 0.57 0.46 0.62 0.46 1.03 2.89 1.03 1.03
0.63 0.63 0.63 0.63 0.61 0.61 0.61 0.61 0.60 0.60 0.60 0.60 0.62 0.62 0.62 0.62 0.62 0.62 0.62 0.62 0.62 0.62 0.62 0.62 1.01 0.57 0.57 0.57 0.57 0.57 0.13 0.57 0.57 0.57 0.57 0.57 0.58 0.58 0.58 0.58 0.55 0.55 0.55 0.55 0.55 0.55 0.55 0.28 0.55 0.54 0.12 0.22 0.19 0.54 0.54 0.54 0.53 0.51 0.51 0.51 0.51 0.51 0.51 0.51 0.51 0.51 0.51 0.51 0.51 0.51 0.51 0.51 0.55 0.09 0.09 0.55 0.57 0.57 0.46 0.46 1.03 0.46 0.46 0.46
0.63 0.63 0.63 0.63 0.61 0.61 0.61 0.61 0.60 0.60 0.60 0.60 0.62 0.62 0.62 0.62 0.62 0.62 0.62 0.62 0.62 0.62 0.62 0.62 0.57 0.57 0.22 0.57 0.57 0.57 0.57 0.57 0.57 0.57 0.57 0.57 0.58 0.58 0.58 0.58 0.55 0.55 0.55 0.55 0.55 0.55 0.55 0.19 0.19 0.19 0.12 0.12 0.54 0.75 0.54 0.54 0.53 0.51 0.51 0.51 0.51 0.51 0.51 0.68 0.51 0.68 0.51 0.51 0.51 0.51 0.51 0.51 0.55 0.09 0.09 0.09 0.57 0.57 0.46 0.47 1.03 0.38 0.35 0.46
0.63 0.63 0.63 0.63 0.61 0.61 0.61 0.61 0.60 0.60 0.60 0.60 0.62 0.62 0.62 0.62 0.62 0.62 0.62 0.62 0.62 0.62 0.62 0.62 0.57 0.57 0.57 0.57 0.57 0.57 0.57 0.57 0.57 0.57 0.57 0.57 0.58 0.58 0.58 0.58 0.55 0.55 0.55 0.55 0.54 0.54 0.54 0.12 0.12 0.55 0.77 0.84 0.19 0.54 0.54 0.54 0.53 0.51 0.51 0.51 0.51 0.51 0.68 0.51 0.51 0.51 0.51 0.51 0.51 0.51 0.51 0.51 0.55 0.55 0.15 0.09 0.09 0.11 0.04 0.04 0.35 1.03 1.03 0.35
0.63 0.63 0.63 0.63 0.65 0.65 0.65 0.65 0.64 0.64 0.64 0.64 0.65 0.65 0.65 0.65 0.64 0.64 0.64 0.64 0.64 0.64 0.64 0.64 0.59 0.59 0.20 0.59 0.59 0.59 0.59 0.59 0.59 0.59 0.59 0.59 0.59 0.20 0.20 0.20 0.56 0.56 0.56 0.19 0.12 0.23 0.19 0.55 0.12 0.54 0.54 0.54 0.53 0.53 0.53 0.73 0.52 0.50 0.50 0.50 0.50 0.50 0.50 0.50 0.52 0.52 0.52 0.52 0.53 0.53 0.53 0.53 0.55 0.55 0.55 0.55 0.28 0.18 0.18 0.04 0.35 0.35 0.58 0.45
0.63 0.63 0.63 0.63 0.65 0.65 0.65 0.65 0.64 0.64 0.64 0.64 0.65 0.65 0.65 0.65 0.64 0.64 0.64 0.64 0.64 0.64 0.64 0.64 0.59 0.20 0.13 0.13 0.59 0.59 0.59 0.59 0.59 0.59 0.59 0.59 0.59 0.20 0.20 0.20 0.56 0.54 0.54 0.19 0.19 0.55 0.19 0.55 0.54 0.54 0.54 0.54 0.53 0.53 0.53 0.53 0.52 0.50 0.50 0.50 0.50 0.50 0.50 0.50 0.52 0.52 0.52 0.52 0.53 0.53 0.53 0.53 0.55 0.55 0.55 0.55 0.57 0.57 0.57 0.04 0.35 0.35 0.58 0.35
0.63 0.63 0.63 0.63 0.65 0.65 0.65 0.65 0.64 0.64 0.64 0.64 0.65 0.65 0.65 0.65 0.64 0.64 0.64 0.64 0.64 0.64 0.64 0.64 0.59 0.12 0.13 0.13 0.13 0.59 0.59 0.20 0.13 0.20 0.20 0.59 1.11 0.59 0.20 0.13 0.12 0.28 0.81 0.19 0.19 0.55 0.55 0.55 0.54 0.54 0.54 0.54 0.53 0.53 0.53 0.53 0.52 0.50 0.50 0.50 0.50 0.50 0.50 0.50 0.52 0.52 0.52 0.52 0.53 0.53 0.53 0.53 0.55 0.55 0.55 0.55 0.57 0.57 0.09 0.09 0.46 0.62 0.90 0.59
0.63 0.63 0.63 0.63 0.65 0.26 0.65 0.65 0.64 1.19 0.91 1.03 0.91 0.65 0.65 0.65 1.19 0.64 0.64 0.64 0.64 0.64 0.64 0.64 0.59 0.12 0.20 0.13 0.13 0.59 0.59 0.20 0.13 0.13 0.20 0.20 0.20 0.59 0.59 0.13 0.58 0.12 0.19 0.56 0.55 0.55 0.55 0.55 0.54 0.54 0.54 0.54 0.53 0.53 0.53 0.53 0.52 0.50 0.50 0.50 0.50 0.50 0.50 0.50 0.52 0.52 0.52 0.52 0.53 0.53 0.53 0.53 0.55 0.55 0.55 0.55 0.57 0.57 0.09 0.09 0.10 0.10 0.79 0.59
0.67 0.67 0.67 0.67 0.68 0.68 0.97 0.68 0.65 0.65 1.37 0.65 0.65 0.65 0.65 0.92 0.93 0.66 0.07 0.23 0.66 0.66 0.66 0.66 0.61 0.13 0.13 0.61 0.61 0.61 0.61 0.20 0.13 0.13 0.13 0.04 0.13 0.13 0.59 0.59 0.56 0.56 0.56 0.56 0.56 0.56 0.56 0.56 0.55 1.01 0.55 0.55 0.52 0.52 0.52 0.52 0.52 0.50 0.50 0.50 0.51 0.51 0.51 0.69 0.71 0.71 0.53 0.53 0.54 0.54 0.54 0.93 0.55 0.55 0.55 0.55 0.56 0.56 0.09 0.11 0.16 0.56 0.56 0.56
0.67 0.67 0.67 0.67 0.68 0.68 0.68 0.68 0.65 0.93 0.65 0.65 0.65 0.65 0.65 0.65 0.15 0.15 0.07 0.05 0.05 0.66 0.66 0.66 0.61 0.13 0.02 0.26 0.56 0.56 0.61 0.61 0.04 0.44 0.44 0.44 0.44 0.44 0.59 0.59 1.04 0.56 0.56 0.56 0.56 0.56 0.56 0.56 1.02 0.55 0.55 0.55 0.52 0.52 0.52 0.52 0.52 0.50 0.50 0.50 0.51 0.69 0.77 0.51 0.53 0.53 0.80 0.71 0.54 0.72 0.72 0.54 0.96 0.55 0.55 0.55 0.56 0.56 0.76 0.56 0.56 0.56 0.56 0.56
0.67 0.67 0.67 0.67 0.68 0.68 0.68 0.68 0.65 0.65 0.65 0.65 0.65 0.65 0.65 0.65 0.66 0.07 0.07 0.51 0.03 1.19 0.66 0.15 0.13 0.26 0.26 0.26 0.26 0.26 0.26 0.56 0.44 0.44 0.44 0.44 0.19 0.21 0.59 0.83 0.56 0.56 0.56 0.12 0.12 0.12 0.56 0.12 0.11 0.55 0.55 0.55 0.52 0.52 0.52 0.52 0.52 0.50 0.50 0.50 0.51 0.51 0.51 0.51 0.53 0.53 0.53 0.53 0.72 0.54 0.54 0.54 0.55 0.55 0.97 0.55 0.56 0.76 0.56 0.56 0.56 0.56 0.56 0.56
0.67 0.67 0.67 0.67 0.68 0.68 0.68 0.68 0.65 0.65 0.65 0.65 0.65 0.93 0.93 0.65 0.66 0.23 0.07 0.07 0.05 0.33 0.15 0.30 0.26 0.26 0.26 0.26 0.26 0.26 0.26 0.26 0.44 0.44 0.04 0.30 0.59 0.59 0.59 0.59 0.56 0.56 0.56 0.12 0.12 0.12 0.04 0.13 0.11 0.11 0.11 0.76 0.52 0.52 0.52 0.52 0.52 0.50 0.50 0.45 0.51 0.51 0.45 0.45 0.53 0.53 0.53 0.71 0.54 0.54 0.54 0.54 0.55 0.55 0.55 0.55 0.56 0.56 0.56 0.56 0.56 0.56 0.56 0.76
0.69 0.69 0.69 0.69 0.69 0.69 0.69 0.69 0.65 0.65 0.65 0.65 0.65 0.65 0.65 0.65 0.66 0.23 0.07 0.51 0.67 0.05 0.51 0.30 0.26 0.26 0.26 0.00 0.00 0.00 0.00 0.00 0.00 0.44 0.45 0.60 0.59 0.59 0.59 0.59 0.57 0.57 0.12 0.42 0.42 0.42 0.42 0.05 0.06 0.11 0.11 0.55 0.52 0.95 0.73 0.72 0.53 0.51 0.51 0.34 0.34 0.34 0.34 0.45 0.51 0.69 0.51 0.51 0.52 0.52 0.52 0.52 0.54 0.73 0.54 0.73 0.54 0.54 0.54 0.54 0.54 0.54 0.73 0.54
0.69 0.69 0.69 0.69 0.16 0.16 0.16 0.16 0.14 0.65 0.65 0.65 0.65 0.65 0.65 0.65 0.15 0.23 0.07 0.07 0.51 0.51 0.30 0.30 0.26 0.00 0.00 0.00 0.00 0.00 0.00 0.00 0.00 0.00 0.56 0.60 0.59 0.59 0.59 0.59 0.59 0.04 0.05 0.05 0.42 0.45 0.12 0.19 0.12 0.11 0.11 0.55 0.52 0.52 0.52 0.52 0.53 0.51 0.51 0.45 0.34 0.34 0.56 0.51 0.51 0.51 0.51 0.51 0.52 0.52 0.52 0.52 0.54 0.54 0.54 0.54 0.54 0.54 0.54 0.54 0.54 1.26 0.54 0.54
0.66 0.66 0.66 0.66 0.15 0.15 0.06 0.15 0.13 0.60 0.60 0.60 0.61 0.61 0.61 0.61 0.04 0.61 0.13 0.44 0.44 0.46 0.26 0.26 8.20 0.00 0.00 0.00 0.00 0.00 0.00 0.00 0.00 0.00 0.00 0.79 0.56 0.56 0.56 0.18 0.52 0.40 1.13 0.40 0.40 0.55 0.76 0.55 0.82 0.53 0.73 0.53 0.50 0.50 0.50 0.50 0.49 0.35 0.35 0.42 0.32 0.32 0.61 0.56 0.36 0.36 0.36 0.36 0.36 0.36 0.36 0.36 0.49 0.49 0.49 0.49 0.50 0.50 0.50 0.87 0.49 0.49 0.49 0.49
0.66 0.66 0.66 0.66 0.67 0.15 0.15 0.15 0.29 0.29 0.13 0.60 0.61 0.61 0.61 0.13 0.04 0.61 0.13 0.20 0.06 0.06 0.01 0.26 0.00 0.00 0.00 0.00 0.00 0.00 0.00 0.00 0.00 0.00 0.00 8.20 0.53 0.56 8.20 0.00 0.00 1.13 1.13 0.40 0.06 0.11 0.55 0.55 0.53 0.73 0.53 0.72 0.50 0.50 0.50 0.50 0.49 0.35 0.35 0.42 0.32 0.42 0.56 0.35 0.36 0.57 0.36 0.36 0.36 0.36 0.36 0.36 0.49 0.49 0.49 0.66 0.66 0.50 0.50 0.50 0.49 0.49 0.49 0.49
0.67 0.67 0.67 0.67 0.67 0.67 0.07 0.07 0.13 0.13 0.13 0.61 0.13 0.04 0.06 0.04 0.04 0.04 0.61 0.20 0.60 0.60 0.56 0.00 0.00 0.00 0.00 0.00 0.00 0.00 0.00 0.00 0.00 0.00 0.00 0.55 0.55 0.00 0.00 0.00 0.00 0.00 0.00 0.40 0.40 0.11 0.75 0.54 0.53 0.53 0.53 0.53 0.52 0.52 0.52 0.52 0.51 0.49 0.49 0.32 0.32 0.42 0.42 0.36 0.35 0.35 0.35 0.35 0.35 0.35 0.35 0.35 0.36 0.36 0.36 0.36 0.49 0.49 0.49 0.49 0.50 0.50 0.50 0.50
0.67 0.67 0.67 0.95 0.95 0.36 0.23 0.07 0.06 0.44 0.13 0.61 0.61 0.04 0.44 0.06 0.26 0.26 0.02 0.61 0.60 0.60 0.00 0.00 0.00 0.00 0.00 0.00 0.00 0.00 0.00 0.00 0.00 0.00 0.00 0.00 0.00 0.00 0.00 0.00 0.00 0.00 0.00 8.11 0.03 0.03 0.12 0.11 0.10 0.53 0.53 0.53 0.52 0.52 0.52 0.52 0.51 0.49 0.60 0.49 0.36 0.36 0.36 0.36 0.35 0.35 0.35 0.35 0.35 0.35 0.35 0.35 0.36 0.58 0.36 0.36 0.49 0.49 0.08 0.08 0.08 0.08 0.08 0.08
0.67 0.67 0.67 0.67 0.67 0.67 0.95 0.15 0.06 0.05 0.05 0.06 0.06 0.44 0.26 0.26 0.26 0.26 0.00 0.00 0.00 0.00 0.00 0.00 0.00 0.00 0.00 0.00 0.00 0.00 0.00 0.00 0.00 0.00 0.00 0.00 0.00 0.00 0.00 0.00 0.00 0.00 0.00 0.00 0.40 0.11 0.11 0.11 0.10 0.10 0.53 0.53 0.52 0.52 0.52 0.52 0.51 0.49 0.49 0.49 0.36 0.36 0.36 0.36 0.35 0.35 0.35 0.35 0.35 0.35 0.35 0.35 0.36 0.79 0.36 0.36 0.49 0.49 0.66 0.13 0.08 0.08 0.09 0.08
0.67 0.67 0.67 0.67 0.67 0.26 0.67 0.66 0.44 0.26 0.26 0.26 0.26 0.00 0.00 0.00 0.00 0.00 0.00 0.00 0.00 0.00 0.00 0.00 0.00 0.00 0.00 0.00 0.00 0.00 0.00 0.00 0.00 0.00 0.00 0.00 0.00 0.00 0.00 0.00 0.00 0.00 0.00 0.11 0.45 0.18 0.54 0.54 0.53 0.53 0.53 0.53 0.52 0.52 0.52 0.52 0.51 0.49 0.49 0.49 0.02 0.02 0.02 0.36 0.35 0.35 0.35 0.35 0.35 0.35 0.35 0.35 0.36 0.68 0.58 0.36 0.49 0.49 0.49 0.49 0.50 0.50 0.08 0.08
0.66 0.66 0.66 0.66 0.15 0.05 0.03 0.52 0.26 0.26 0.00 0.00 0.00 0.00 0.00 0.00 0.00 0.00 0.00 0.00 0.00 0.00 0.00 0.00 0.00 0.00 0.00 0.00 0.00 0.00 0.00 0.00 0.00 0.00 0.00 0.00 0.00 0.00 0.00 0.00 0.00 0.00 0.00 0.53 0.52 0.18 0.54 0.54 0.24 0.11 0.54 0.54 0.54 0.54 0.54 0.54 0.53 0.08 0.08 0.08 0.08 0.08 0.08 0.08 0.35 0.35 0.35 0.35 0.34 0.34 0.34 0.54 0.35 0.35 0.35 0.35 0.49 0.49 0.49 0.49 0.50 0.50 0.50 0.50
0.66 0.66 0.66 0.66 0.16 0.07 0.31 0.31 0.00 0.00 0.00 0.00 0.00 0.00 0.00 0.00 0.00 0.00 0.00 0.00 0.00 0.00 0.00 0.00 0.00 0.00 0.00 0.00 0.00 0.00 0.00 0.00 0.00 0.00 0.00 0.00 0.00 0.00 0.00 0.00 0.00 0.00 0.00 0.00 0.00 0.00 0.00 0.24 0.24 0.52 0.11 0.11 0.18 0.54 0.54 0.54 0.53 0.08 0.08 0.08 0.08 0.08 0.08 0.08 0.02 0.02 0.35 0.35 0.34 0.34 0.34 0.54 0.35 0.35 0.35 0.35 0.49 0.49 0.49 0.49 0.50 0.50 0.50 0.50
0.66 0.66 0.66 0.23 0.23 0.07 0.31 0.00 0.00 0.00 0.00 0.00 0.00 0.00 0.00 0.00 0.00 0.00 0.00 0.00 0.00 0.00 0.00 0.00 0.00 0.00 0.00 0.00 0.00 0.00 0.00 0.00 0.00 0.00 0.00 0.00 0.00 0.00 0.00 0.00 0.00 0.00 0.00 0.00 0.00 0.00 0.00 0.00 0.28 0.24 0.11 0.11 0.18 0.03 0.18 0.54 0.53 0.08 0.08 0.08 0.08 0.08 0.08 0.08 0.02 0.02 0.35 0.35 0.34 0.34 0.54 0.34 0.35 0.35 0.35 0.35 0.49 0.49 0.49 0.49 0.50 0.50 0.50 0.50
0.26 0.66 0.66 0.15 0.23 0.07 0.52 0.00 0.00 0.00 0.00 0.00 0.00 0.00 0.00 0.00 0.00 0.00 0.00 0.00 0.00 0.00 0.00 0.00 0.00 0.00 0.00 0.00 0.00 0.00 0.00 0.00 0.00 0.00 0.00 0.00 0.00 0.00 0.00 0.00 0.00 0.00 0.00 0.00 0.00 0.00 0.00 0.00 0.00 0.24 0.05 0.03 0.04 0.05 0.03 0.05 0.03 0.08 0.08 0.08 0.08 0.08 0.08 0.08 0.02 0.02 0.35 0.35 0.34 0.34 0.34 0.34 0.35 0.35 0.35 0.35 0.49 0.49 0.49 0.49 0.50 0.50 0.50 0.08
0.66 0.23 0.66 0.15 0.66 0.66 0.66 0.00 0.00 0.00 0.00 0.00 0.00 0.00 0.00 0.00 0.00 0.00 0.00 0.00 0.00 0.00 0.00 0.00 0.00 0.00 0.00 0.00 0.00 0.00 0.00 0.00 0.00 0.00 0.00 0.00 0.00 0.00 0.00 0.00 0.00 0.00 0.00 0.00 0.00 0.00 0.00 0.00 0.00 0.24 0.24 0.24 0.40 0.40 0.40 0.40 0.40 0.17 0.08 0.08 0.20 0.08 0.09 0.08 0.34 0.34 0.34 0.34 0.32 0.32 0.32 0.32 0.35 0.35 0.35 0.35 0.49 0.49 0.16 0.16 0.42 0.50 0.50 0.24
0.66 0.15 0.15 0.25 0.66 0.66 0.66 0.00 0.00 0.00 0.00 0.00 0.00 0.00 0.00 0.00 0.00 0.00 0.00 0.00 0.00 0.00 0.00 0.00 0.00 0.00 0.00 0.00 0.00 0.00 0.00 0.00 0.00 0.00 0.00 0.00 0.00 0.00 0.00 0.00 0.00 0.00 0.00 0.00 0.00 0.00 0.00 0.00 0.00 0.00 0.24 0.32 0.40 0.40 0.40 0.40 0.40 0.78 0.20 0.20 0.20 0.08 0.08 0.08 0.02 0.54 0.09 0.54 0.32 0.32 0.32 0.32 0.35 0.35 0.35 0.66 0.49 0.49 0.49 0.49 0.50 0.50 0.50 0.17
0.66 0.66 0.67 0.66 0.66 8.75 0.00 0.00 0.00 0.00 0.00 0.00 0.00 0.00 0.00 0.00 0.00 0.00 0.00 0.00 0.00 0.00 0.00 0.00 0.00 0.00 0.00 0.00 0.00 0.00 0.00 0.00 0.00 0.00 0.00 0.00 0.00 0.00 0.00 0.00 0.00 0.00 0.00 0.00 0.00 0.00 0.00 0.00 0.00 0.00 0.24 0.24 0.24 0.40 0.40 0.03 0.03 0.20 0.28 0.14 0.08 0.09 0.08 0.50 0.02 0.02 0.02 0.02 0.32 0.32 0.32 0.32 0.35 0.35 0.35 0.56 0.49 0.49 0.43 0.32 0.32 0.32 0.96 0.32
0.66 0.66 0.66 0.66 0.00 0.00 0.00 0.00 0.00 0.00 0.00 0.00 0.00 0.00 0.00 0.00 0.00 0.00 0.00 0.00 0.00 0.00 0.00 0.00 0.00 0.00 0.00 0.00 0.00 0.00 0.00 0.00 0.00 0.00 0.00 0.00 0.00 0.00 0.00 0.00 0.00 0.00 0.00 0.00 0.00 0.00 0.00 0.00 0.00 0.00 0.00 0.01 0.24 0.24 0.18 0.20 0.17 0.52 0.52 0.52 0.60 0.50 0.50 0.50 0.34 0.34 0.34 0.34 0.32 0.32 0.32 0.32 0.56 0.56 0.35 0.35 0.49 0.49 0.49 0.49 0.32 0.32 0.32 0.42
0.23 0.66 0.00 0.00 0.00 0.00 0.00 0.00 0.00 0.00 0.00 0.00 0.00 0.00 0.00 0.00 0.00 0.00 0.00 0.00 0.00 0.00 0.00 0.00 0.00 0.00 0.00 0.00 0.00 0.00 0.00 0.00 0.00 0.00 0.00 0.00 0.00 0.00 0.00 0.00 0.00 0.00 0.00 0.00 0.00 0.00 0.00 0.00 0.00 0.00 0.00 0.24 0.24 0.52 0.52 0.11 0.11 0.16 0.42 0.50 0.35 0.35 0.35 0.35 0.33 0.33 0.33 0.33 0.33 0.33 0.33 0.33 0.35 0.56 0.35 0.35 0.49 0.49 0.49 0.49 0.51 0.32 0.42 0.42
0.52 0.00 0.00 0.00 0.00 0.00 0.00 0.00 0.00 0.00 0.00 0.00 0.00 0.00 0.00 0.00 0.00 0.00 0.00 0.00 0.00 0.00 0.00 0.00 0.00 0.00 0.00 0.00 0.00 0.00 0.00 0.00 0.00 0.00 0.00 0.00 0.00 0.00 0.00 0.00 0.00 0.00 0.00 0.00 0.00 0.00 0.00 0.00 0.00 0.00 0.00 0.24 0.24 0.52 0.52 0.11 0.52 0.42 0.67 0.50 0.35 0.35 0.35 0.35 0.53 0.33 0.33 0.33 0.33 0.33 0.33 0.33 0.35 0.35 0.35 0.35 0.49 0.49 0.49 0.49 0.51 0.51 0.51 0.42
0.00 0.00 0.00 0.00 0.00 0.00 0.00 0.00 0.00 0.00 0.00 0.00 0.00 0.00 0.00 0.00 0.00 0.00 0.00 0.00 0.00 0.00 0.00 0.00 0.00 0.00 0.00 0.00 0.00 0.00 0.00 0.00 0.00 0.00 0.00 0.00 0.00 0.00 0.00 0.00 0.00 0.00 0.00 0.00 0.00 0.00 0.00 0.00 0.00 0.00 0.00 0.22 0.32 0.50 0.50 0.11 0.17 0.41 0.41 0.36 0.53 0.33 0.33 0.33 0.31 0.31 0.31 0.31 0.31 0.31 0.31 0.31 0.32 0.32 0.32 0.32 0.34 0.34 0.63 0.63 0.36 0.36 0.30 0.49
0.00 0.00 0.00 0.00 0.00 0.00 0.00 0.00 0.00 0.00 0.00 0.00 0.00 0.00 0.00 0.00 0.00 0.00 0.00 0.00 0.00 0.00 0.00 0.00 0.00 0.00 0.00 0.00 0.00 0.00 0.00 0.00 0.00 0.00 0.00 0.00 0.00 0.00 0.00 0.00 0.00 0.00 0.00 0.00 0.00 0.00 0.00 0.00 0.00 0.00 0.00 0.22 0.22 0.11 0.56 0.11 0.17 0.41 0.41 0.36 0.33 0.33 0.33 0.33 0.31 0.31 0.31 0.31 0.31 0.31 0.31 0.31 0.32 0.32 0.32 0.32 0.34 0.34 0.34 0.34 0.36 0.36 0.91 0.91
0.00 0.00 0.00 0.00 0.00 0.00 0.00 0.00 0.00 0.00 0.00 0.00 0.00 0.00 0.00 0.00 0.00 0.00 0.00 0.00 0.00 0.00 0.00 0.00 0.00 0.00 0.00 0.00 0.00 0.00 0.00 0.00 0.00 0.00 0.00 0.00 0.00 0.00 0.00 0.00 0.00 0.00 0.00 0.00 0.00 0.00 0.00 0.00 0.00 0.00 0.00 0.26 0.22 0.49 0.49 0.11 0.18 0.41 0.41 0.32 0.31 0.41 0.41 0.31 0.32 0.32 0.32 0.32 0.14 0.33 0.33 0.33 0.33 0.14 0.33 0.33 0.34 0.34 0.34 0.34 0.91 0.91 7.90 0.00
0.00 0.00 0.00 0.00 0.00 0.00 0.00 0.00 0.00 0.00 0.00 0.00 0.00 0.00 0.00 0.00 0.00 0.00 0.00 0.00 0.00 0.00 0.00 0.00 0.00 0.00 0.00 0.00 0.00 0.00 0.00 0.00 0.00 0.00 0.00 0.00 0.00 0.00 0.00 0.00 0.00 0.00 0.00 0.00 0.00 0.00 0.00 0.00 0.00 0.00 0.50 0.17 0.67 0.20 0.49 0.49 0.46 0.32 0.32 0.57 0.41 0.41 0.19 0.02 0.32 0.32 0.32 0.32 0.14 0.41 0.33 0.33 0.33 0.50 0.30 0.30 0.51 0.34 0.34 0.34 7.90 0.00 0.00 0.00
0.00 0.00 0.00 0.00 0.00 0.00 0.00 0.00 0.00 0.00 0.00 0.00 0.00 0.00 0.00 0.00 0.00 0.00 0.00 0.00 0.00 0.00 0.00 0.00 0.00 0.00 0.00 0.00 0.00 0.00 0.00 0.00 0.00 0.00 0.00 0.00 0.00 0.00 0.00 0.00 0.00 0.00 0.00 0.00 0.00 0.00 0.00 0.00 0.00 0.50 0.17 0.11 0.49 0.19 0.17 0.27 0.46 0.46 0.32 0.32 0.31 0.19 0.19 0.02 0.32 0.32 0.32 0.32 0.14 0.41 0.33 0.33 0.33 0.30 0.40 0.30 0.30 0.34 0.34 0.34 0.00 0.00 0.00 0.00
0.00 0.00 0.00 0.00 0.00 0.00 0.00 0.00 0.00 0.00 0.00 0.00 0.00 0.00 0.00 0.00 0.00 0.00 0.00 0.00 0.00 0.00 0.00 0.00 0.00 0.00 0.00 0.00 0.00 0.00 0.00 0.00 0.00 0.00 0.00 0.00 0.00 0.00 0.00 0.00 0.00 0.00 0.00 0.00 0.00 0.00 0.00 0.00 0.25 0.51 0.51 0.55 0.49 0.49 0.17 0.49 0.46 0.46 0.32 0.32 0.31 0.02 0.19 0.02 0.32 0.32 0.32 0.32 0.14 0.14 0.41 0.41 0.40 0.40 0.40 0.40 0.30 0.30 0.34 0.91 0.00 0.00 0.00 0.00
