New_Model_Runs/7_FutureClimate_RCP85_out/post_prcessed_no_MFR/actual_et_annual.asc
NCOLS 700
NROWS 400
XLLCENTER 515000.000000
YLLCENTER 8409000.000000
CELLSIZE 50.000000
NODATA_value -999.000000
[rows 108 to 143 of 400, columns 324 to 404 of 700]
0.00 0.00 0.00 0.00 0.00 0.00 0.00 0.00 0.00 0.00 0.00 0.00 0.00 0.00 0.00 0.00 0.00 13.31 13.29 13.27 13.25 13.24 13.22 13.21 13.19 13.18 13.17 13.15 13.14 13.13 13.11 13.10 13.09 13.08 13.07 13.06 13.05 13.04 13.03 13.03 13.02 13.01 13.00 13.00 12.99 12.98 12.98 12.97 12.97 12.96 12.96 12.95 12.95 12.95 12.94 12.94 12.94 12.93 12.93 12.92 12.92 12.92 12.91 12.91 12.91 12.90 12.90 12.90 12.89 12.89 12.88 12.88 12.88 12.87 12.87 12.87 12.86 12.86 12.86 12.85 12.85
0.00 0.00 0.00 0.00 0.00 0.00 0.00 0.00 0.00 0.00 0.00 0.00 0.00 0.00 0.00 49.84 1.13 19.47 13.25 13.24 13.22 13.21 13.19 13.18 13.16 13.15 13.13 13.12 13.11 13.10 13.08 13.07 13.06 13.05 13.04 13.03 13.02 13.01 13.01 13.00 12.99 12.98 12.98 12.97 12.96 12.96 12.95 12.95 12.94 12.94 12.94 12.93 12.93 12.92 12.92 12.92 12.91 12.91 12.91 12.91 12.90 12.90 12.90 12.89 12.89 12.88 12.88 12.88 12.87 12.87 12.87 12.86 12.86 12.86 12.85 12.85 12.85 12.84 12.84 12.84 12.83
0.00 0.00 0.00 0.00 0.00 0.00 0.00 0.00 0.00 0.00 0.00 0.00 0.00 0.00 0.00 0.00 13.26 13.24 13.22 13.20 13.19 13.17 13.16 13.14 13.13 13.11 13.10 13.09 13.08 13.06 13.05 13.04 13.03 13.02 13.01 13.00 12.99 12.99 12.98 12.97 12.96 12.96 12.95 12.94 12.94 12.93 12.93 12.92 12.92 12.92 12.91 12.91 12.91 12.90 12.90 12.90 12.89 12.89 12.89 12.89 12.88 12.88 12.88 12.87 12.87 12.87 12.86 12.86 12.86 12.85 12.85 12.85 12.84 12.84 12.84 12.83 12.83 12.83 12.83 12.82 12.82
0.00 0.00 0.00 0.00 0.00 0.00 0.00 0.00 0.00 0.00 0.00 0.00 0.00 0.00 49.70 49.64 13.22 13.20 13.19 13.17 13.15 13.14 13.12 13.11 13.09 13.08 13.07 13.06 13.04 13.03 13.02 13.01 13.00 12.99 12.98 12.97 12.96 12.96 12.95 12.94 12.93 12.93 12.92 12.92 12.91 12.91 12.90 12.90 12.90 12.89 12.89 12.89 12.88 12.88 12.88 12.88 12.87 12.87 12.87 12.87 12.86 12.86 12.86 12.86 12.85 12.85 12.85 12.84 12.84 12.84 12.83 12.83 12.83 12.83 12.82 12.82 12.82 12.81 12.81 12.81 12.80
0.00 0.00 0.00 50.24 50.16 13.44 50.01 0.00 0.00 0.00 0.00 0.00 0.00 0.00 0.00 13.21 13.19 13.17 13.15 13.14 13.12 13.10 13.09 13.07 13.06 13.05 13.03 13.02 13.01 13.00 12.99 12.98 12.97 12.96 12.95 12.94 12.93 12.93 12.92 12.91 12.91 12.90 12.90 12.89 12.89 12.88 12.88 12.87 12.87 12.87 12.87 12.86 12.86 12.86 12.86 12.86 12.85 12.85 12.85 12.85 12.84 12.84 12.84 12.84 12.83 12.83 12.83 12.83 12.82 12.82 12.82 12.82 12.81 12.81 12.81 12.80 12.80 12.80 12.79 12.79 12.79
0.00 0.00 0.00 13.46 13.43 13.40 13.38 0.00 0.00 0.00 0.00 0.00 0.00 0.00 49.50 13.17 13.15 13.13 13.12 13.10 13.08 13.07 13.05 13.04 13.03 13.01 13.00 12.99 12.98 12.97 12.95 12.94 12.94 12.93 12.92 12.91 12.90 12.90 12.89 12.88 12.88 12.87 12.87 12.86 12.86 12.86 12.85 12.85 12.85 12.84 12.84 12.84 12.84 12.84 12.84 12.83 12.83 12.83 12.83 12.83 12.83 12.82 12.82 12.82 12.82 12.81 12.81 12.81 12.81 12.80 12.80 12.80 12.80 12.79 12.79 12.79 12.79 12.78 12.78 12.78 12.77
13.51 0.00 0.00 13.42 13.40 13.37 13.34 0.00 0.00 0.00 0.00 0.00 0.00 0.00 13.16 13.14 13.12 13.10 13.08 13.06 13.05 13.03 13.02 13.00 12.99 12.98 12.96 12.95 12.94 12.93 12.92 12.91 12.90 12.89 12.89 12.88 12.87 12.86 12.86 12.85 12.85 12.84 12.84 12.84 12.83 12.83 12.83 12.82 12.82 12.82 12.82 12.82 12.82 12.82 12.81 12.81 12.81 12.81 12.81 12.81 12.81 12.80 12.80 12.80 12.80 12.80 12.79 12.79 12.79 12.79 12.79 12.78 12.78 12.78 12.78 12.77 12.77 12.77 12.77 12.76 12.76
13.48 13.45 13.42 13.39 13.36 13.33 13.31 0.00 0.00 0.00 0.00 0.00 13.16 13.14 13.12 13.10 13.08 13.06 13.04 13.03 13.01 13.00 12.98 12.97 12.95 12.94 12.93 12.92 12.91 12.90 12.89 12.88 12.87 12.86 12.85 12.85 12.84 12.83 12.83 12.82 12.82 12.81 12.81 12.81 12.80 12.80 12.80 12.80 12.80 12.80 12.79 12.79 12.79 12.79 12.79 12.79 12.79 12.79 12.79 12.79 12.79 12.79 12.78 12.78 12.78 12.78 12.78 12.78 12.77 12.77 12.77 12.77 12.77 12.76 12.76 12.76 12.76 12.75 12.75 12.75 12.75
13.44 13.41 13.38 13.36 13.33 13.30 13.27 13.25 13.22 13.20 13.17 13.15 13.13 13.10 19.19 13.06 13.04 13.02 13.01 12.99 12.97 12.96 12.94 12.93 12.92 12.90 12.89 12.88 12.87 12.86 12.85 12.84 12.83 12.83 12.82 12.81 12.81 12.80 12.80 12.79 12.79 12.78 12.78 12.78 12.78 12.77 12.77 12.77 12.77 12.77 12.77 12.77 12.77 12.77 12.77 12.77 12.77 12.77 12.77 12.77 12.77 12.77 12.77 12.76 12.76 12.76 12.76 12.76 12.76 12.76 12.75 12.75 12.75 12.75 12.75 12.74 12.74 12.74 12.74 12.73 12.73
13.41 13.38 13.35 13.32 13.29 13.27 13.24 13.21 13.19 13.16 13.14 13.11 13.09 13.07 19.13 13.03 13.01 12.99 12.97 12.95 12.94 12.92 12.91 12.89 12.88 12.87 12.85 12.84 12.83 12.82 12.81 12.81 12.80 12.79 12.78 12.78 12.77 12.77 12.76 12.76 12.76 12.75 12.75 12.75 12.75 12.75 12.75 12.75 12.75 12.75 12.75 12.75 12.75 12.75 12.75 12.75 12.75 12.75 12.75 12.75 12.75 12.75 12.75 12.75 12.75 12.74 12.74 12.74 12.74 12.74 12.74 12.74 12.74 12.73 12.73 12.73 12.73 12.73 12.72 12.72 12.72
13.38 13.35 13.32 13.29 13.26 13.23 13.20 13.18 19.29 13.12 13.10 13.08 13.05 19.11 13.01 12.99 12.97 12.95 12.93 12.91 12.90 12.88 12.87 12.85 12.84 12.83 12.82 12.81 12.79 12.79 12.78 12.77 12.76 12.75 12.75 12.74 12.74 12.73 12.73 12.73 12.72 12.72 12.72 12.72 12.72 12.72 12.72 12.72 12.72 12.72 12.72 12.72 12.72 12.72 12.72 12.73 12.73 12.73 12.73 12.73 12.73 12.73 12.73 12.73 12.73 12.73 12.73 12.73 12.72 12.72 12.72 12.72 12.72 12.72 12.72 12.72 12.71 12.71 12.71 12.71 12.71
13.34 13.31 13.28 13.25 13.23 13.20 13.17 13.14 13.11 19.20 13.06 13.04 19.09 12.99 12.97 12.95 12.93 12.91 12.89 12.87 12.86 12.84 12.83 12.81 12.80 12.79 12.78 12.77 12.76 12.75 12.74 12.73 12.72 12.72 12.71 12.71 12.70 12.70 12.70 12.69 12.69 12.69 12.69 12.69 12.69 12.69 12.69 12.69 12.69 12.69 12.69 12.70 12.70 12.70 12.70 12.70 12.70 12.71 12.71 12.71 12.71 12.71 12.71 12.71 12.71 12.71 12.71 12.71 12.71 12.71 12.71 12.71 12.71 12.70 12.70 12.70 12.70 12.70 12.70 12.70 12.69
13.31 13.28 13.25 13.22 13.19 13.16 13.13 13.11 13.08 13.05 13.03 13.00 12.98 12.95 12.93 12.91 12.89 12.87 12.85 12.84 12.82 12.80 12.79 12.77 12.76 12.75 12.74 12.73 12.72 12.71 12.70 12.69 12.69 12.68 12.67 12.67 12.67 12.66 12.66 12.66 12.66 12.66 12.66 18.56 12.66 12.66 12.66 12.66 12.66 12.67 18.58 12.67 12.67 12.68 12.68 12.68 12.68 12.68 12.69 12.69 12.69 12.69 12.69 12.69 12.69 12.69 12.69 12.69 12.69 12.69 12.69 12.69 12.69 12.69 12.69 12.69 12.69 12.69 12.68 12.68 12.68
13.28 13.25 13.22 13.19 13.16 13.13 13.10 13.07 13.04 13.01 12.99 12.96 12.94 12.92 12.89 12.87 12.85 12.83 12.81 12.80 12.78 12.76 12.75 12.73 12.72 12.71 12.70 12.69 12.68 12.67 12.66 12.65 12.65 12.64 12.64 12.63 12.63 12.63 12.63 12.62 12.62 12.62 12.62 12.63 12.63 12.63 12.63 12.63 12.64 12.64 12.64 12.65 12.65 12.65 12.65 12.66 12.66 12.66 12.66 12.67 12.67 12.67 12.67 12.67 12.67 12.67 12.68 12.68 12.68 12.68 12.68 12.68 12.68 12.68 12.68 12.68 12.67 12.67 12.67 12.67 12.67
13.24 13.21 13.18 13.15 13.12 13.09 13.06 13.03 13.00 12.98 12.95 12.93 12.90 12.88 12.85 12.83 12.81 12.79 12.77 12.76 12.74 12.72 12.71 12.69 12.68 12.67 12.66 12.65 12.64 12.63 12.62 12.61 12.61 12.60 12.60 12.60 12.59 12.59 12.59 12.59 12.59 12.59 12.59 12.59 12.60 12.60 12.60 12.60 12.61 12.61 12.62 12.62 12.62 12.63 12.63 12.63 12.64 12.64 12.64 12.65 12.65 12.65 12.65 12.65 12.66 40.36 40.11 12.66 12.66 12.66 12.66 12.66 12.66 12.66 12.66 12.66 12.66 12.66 12.66 12.66 12.66
13.20 13.18 13.15 13.12 13.08 13.05 13.02 13.00 12.97 12.94 12.91 12.89 12.86 12.84 12.82 12.79 12.77 12.75 12.73 12.71 12.70 12.68 12.67 12.65 12.64 12.63 12.62 12.61 12.60 12.59 12.58 12.57 12.57 12.56 12.56 12.56 12.55 12.55 12.55 12.55 12.55 12.56 12.56 12.56 12.56 12.57 12.57 12.57 12.58 12.58 12.59 12.59 12.60 12.60 12.61 12.61 12.61 12.62 12.62 12.62 12.63 12.63 12.63 12.64 12.64 40.06 40.07 40.07 40.08 12.65 12.65 12.65 12.65 12.65 12.65 12.65 12.65 12.65 12.65 12.65 12.65
13.17 13.13 13.11 13.08 13.05 13.02 12.99 12.96 12.93 12.90 12.88 12.85 12.82 12.80 12.78 12.75 12.73 12.71 12.69 12.67 12.66 12.64 12.62 12.61 12.60 12.58 12.57 12.56 12.55 12.55 12.54 12.53 12.53 12.52 12.52 12.52 12.52 12.52 12.52 12.52 12.52 12.52 12.52 12.53 12.53 12.53 12.54 12.54 12.55 12.55 12.56 12.56 12.57 12.58 12.58 12.59 12.59 12.59 12.60 12.60 12.61 40.23 12.61 12.62 12.62 40.02 40.03 40.03 40.04 12.63 12.63 12.64 12.64 12.64 12.64 12.64 12.64 12.64 12.64 12.64 12.64
13.13 13.10 13.08 13.04 13.01 12.98 12.95 12.92 12.89 12.86 12.84 12.81 12.78 12.76 12.74 12.71 12.69 12.67 12.65 12.63 12.61 12.60 12.58 12.57 12.55 12.54 12.53 12.52 12.51 12.50 12.50 12.49 12.49 12.48 12.48 12.48 12.48 12.48 12.48 12.48 12.48 12.48 12.49 12.49 12.50 12.50 12.51 12.51 12.52 12.52 12.53 12.54 12.54 12.55 12.56 12.56 12.57 12.57 12.58 12.58 12.59 12.59 39.95 37.51 37.52 39.98 37.54 37.55 37.56 40.01 46.44 47.71 40.02 37.58 12.63 37.59 12.63 12.63 12.63 12.63 12.63
13.10 13.07 13.03 13.01 12.98 12.95 12.91 12.88 12.85 12.83 12.80 12.77 12.74 12.72 12.69 12.67 12.65 12.63 12.61 12.59 12.57 12.55 12.54 12.52 12.51 12.50 12.49 12.48 12.47 12.46 12.45 12.45 12.44 12.44 12.44 12.44 12.44 12.44 12.44 12.44 12.44 12.45 12.45 12.46 12.46 12.47 12.48 12.48 12.49 12.50 12.50 12.51 12.52 12.52 12.53 12.54 12.54 12.55 47.84 39.91 12.57 12.57 37.45 37.47 39.92 47.61 34.67 34.68 34.69 34.69 34.69 34.70 34.70 34.70 40.00 37.56 12.62 12.62 12.62 12.62 12.62
13.06 13.03 13.00 12.97 12.94 12.91 12.88 12.85 12.82 12.79 12.76 12.73 12.70 12.68 12.65 12.63 12.61 12.59 12.57 12.55 12.53 12.51 12.50 12.48 12.47 12.46 12.44 12.43 12.43 12.42 12.41 12.41 12.40 12.40 12.40 12.40 12.40 12.40 12.40 12.40 12.41 12.41 12.42 12.42 12.43 12.44 12.44 12.45 12.46 12.47 12.47 12.48 12.49 12.50 12.50 12.51 12.52 40.07 46.26 37.40 37.37 39.83 47.51 46.28 47.55 47.56 34.65 0.00 46.34 0.00 0.00 0.00 34.68 34.68 34.69 34.69 47.55 47.55 12.61 12.61 12.61
13.03 13.00 12.96 12.93 12.90 12.87 12.84 12.81 12.78 12.75 12.72 12.69 12.66 12.64 37.62 37.55 12.57 12.54 12.52 12.50 12.48 12.47 12.45 37.21 12.42 12.41 40.24 12.39 12.38 12.37 12.37 12.36 12.36 12.36 12.36 12.36 12.36 12.36 12.36 12.36 12.37 12.37 12.38 12.39 12.39 12.40 12.41 12.42 12.43 12.44 12.44 18.26 12.46 12.47 18.30 39.96 39.98 39.76 12.51 39.81 46.17 46.19 34.59 0.00 0.00 0.00 0.00 0.00 0.00 0.00 0.00 0.00 0.00 0.00 0.00 0.00 34.46 34.46 39.85 39.86 12.61
13.00 12.96 12.93 12.90 12.86 12.83 12.80 12.77 12.74 12.71 12.68 12.65 12.62 12.60 12.57 37.43 12.52 12.50 40.31 12.46 12.44 18.22 40.10 37.00 37.04 37.00 39.94 36.86 12.34 12.33 12.32 12.32 12.32 12.31 12.31 12.31 12.32 12.32 12.32 12.33 12.33 12.34 12.34 12.35 12.36 12.37 12.38 12.39 12.40 12.40 37.24 37.27 39.81 39.60 39.87 39.65 39.68 39.70 39.73 47.39 0.00 0.00 0.00 0.00 0.00 0.00 0.00 0.00 0.00 0.00 0.00 0.00 0.00 0.00 0.00 0.00 0.00 0.00 34.45 31.91 31.91
12.96 12.93 12.89 12.86 12.83 12.79 12.77 12.73 12.70 12.67 12.64 12.61 12.58 40.53 40.46 37.31 12.48 37.18 37.12 37.06 37.01 40.02 39.97 36.87 36.83 36.80 39.81 36.74 36.69 12.28 12.28 12.28 12.27 12.27 12.27 12.27 12.27 12.28 12.28 12.29 36.77 12.30 12.31 12.31 12.32 12.33 12.34 39.83 39.42 36.79 36.82 36.85 39.29 45.65 45.68 34.16 39.41 39.43 39.46 0.00 0.00 0.00 0.00 0.00 0.00 0.00 0.00 0.00 0.00 0.00 0.00 0.00 0.00 0.00 0.00 0.00 0.00 0.00 0.00 0.00 0.00
12.93 12.89 12.86 12.82 12.79 12.74 12.71 40.96 40.87 12.63 12.60 12.57 37.42 37.34 47.24 47.16 12.44 12.41 40.06 40.00 46.79 46.73 35.11 35.08 47.35 36.67 39.68 36.61 36.56 12.24 12.23 39.53 39.52 12.23 12.23 39.52 39.53 12.24 36.54 36.55 39.58 36.59 39.63 39.65 12.29 12.30 12.31 12.32 45.39 45.42 45.46 45.50 45.53 13.67 34.11 34.13 34.14 0.00 0.00 0.00 0.00 0.00 0.00 0.00 0.00 0.00 0.00 0.00 0.00 0.00 0.00 0.00 0.00 0.00 0.00 0.00 0.00 0.00 0.00 0.00 0.00
12.89 12.86 12.82 12.79 12.75 12.71 36.68 40.85 40.76 40.67 40.58 12.53 47.29 47.20 14.13 47.02 37.00 36.93 39.93 46.71 46.64 46.58 46.52 35.00 47.19 46.38 46.34 46.30 46.22 39.43 46.17 34.77 46.93 46.15 36.38 39.40 39.40 36.40 36.42 36.44 13.87 47.04 39.52 39.54 39.54 46.34 12.28 34.87 34.90 33.96 46.62 46.66 45.46 34.04 34.07 34.09 0.00 0.00 0.00 0.00 0.00 0.00 0.00 0.00 0.00 0.00 0.00 0.00 0.00 0.00 0.00 0.00 0.00 0.00 0.00 0.00 0.00 0.00 0.00 0.00 0.00
12.86 12.82 12.79 12.75 12.70 36.67 36.59 36.51 40.65 37.46 48.20 37.28 47.16 47.85 35.28 35.23 39.94 39.87 46.64 46.56 13.95 46.43 46.37 34.91 34.88 34.86 34.84 46.15 46.07 46.04 34.69 34.68 34.68 46.00 46.00 46.01 46.02 46.03 46.05 39.33 46.10 46.13 46.16 46.20 46.19 34.76 34.79 34.81 34.84 33.91 33.93 33.96 33.98 34.00 34.03 0.00 0.00 0.00 0.00 0.00 0.00 0.00 0.00 0.00 0.00 0.00 0.00 0.00 0.00 0.00 0.00 0.00 0.00 0.00 0.00 0.00 0.00 0.00 0.00 0.00 0.00
12.82 12.79 12.75 12.72 12.67 34.67 34.59 36.42 34.43 37.35 40.35 37.17 47.02 46.92 46.83 35.15 46.65 46.57 46.49 34.97 46.34 46.28 46.22 34.83 34.80 0.00 0.00 0.00 0.00 34.61 34.60 0.00 0.00 0.00 0.00 0.32 34.61 34.62 34.63 34.64 34.66 34.68 34.70 34.73 34.67 34.70 34.73 34.75 34.78 33.86 33.89 33.91 33.94 33.96 0.00 0.00 0.00 0.00 0.00 0.00 0.00 0.00 0.00 0.00 0.00 0.00 0.00 0.00 0.00 0.00 0.00 0.00 0.00 0.00 0.00 0.00 0.00 0.00 0.00 0.00 0.00
12.79 12.75 12.72 12.68 12.63 12.60 12.56 12.53 12.49 36.17 37.14 47.04 46.88 35.18 46.69 46.59 47.27 46.42 46.34 34.88 46.19 46.13 46.07 34.74 0.00 0.00 0.00 0.00 0.00 0.00 0.00 0.00 0.00 0.00 0.00 0.00 0.00 0.00 0.00 34.57 34.59 34.61 34.63 34.66 34.61 34.64 34.66 34.69 34.72 34.75 33.84 33.87 33.89 33.92 0.00 0.00 0.00 0.00 0.00 0.00 0.00 0.00 0.00 0.00 0.00 0.00 0.00 0.00 0.00 0.00 0.00 0.00 0.00 0.00 0.00 0.00 0.00 0.00 0.00 0.00 0.00
12.75 12.72 12.68 12.64 12.60 12.56 12.52 12.49 12.46 12.42 12.40 36.93 46.75 35.10 35.04 34.99 13.91 46.27 46.19 46.11 46.04 45.97 45.91 34.65 0.00 0.00 0.00 0.00 0.00 0.00 0.00 0.00 0.00 0.00 0.00 0.00 0.00 0.00 0.00 0.00 0.00 0.00 34.56 34.59 0.00 0.00 0.00 0.00 0.00 0.00 0.00 0.00 0.00 0.00 0.00 0.00 0.00 0.00 0.00 0.00 0.00 0.00 0.00 0.00 0.00 0.00 0.00 0.00 0.00 0.00 0.00 0.00 0.00 0.00 0.00 0.00 0.00 0.00 0.00 0.00 0.00
12.72 12.68 12.64 12.61 12.56 12.52 12.49 34.24 34.16 41.54 41.45 46.77 46.61 46.50 46.40 13.89 46.21 13.84 46.04 45.96 1.05 0.00 0.00 0.00 0.00 0.00 0.00 0.00 0.00 0.00 0.00 0.00 0.00 0.00 0.00 0.00 0.00 0.00 0.00 0.00 0.00 0.00 0.00 0.00 0.00 0.00 0.00 0.00 0.00 0.00 0.00 0.00 0.00 0.00 0.00 0.00 0.00 0.00 0.00 0.00 0.00 0.00 0.00 0.00 0.00 0.00 0.00 0.00 0.00 0.00 0.00 0.00 0.00 0.00 0.00 0.00 0.00 0.00 0.00 0.00 0.00
12.68 12.65 12.61 12.57 12.52 12.49 12.45 41.62 41.53 41.44 41.36 41.27 46.47 46.36 39.47 34.82 46.06 34.72 34.67 34.62 34.58 46.34 34.50 34.47 0.00 0.00 0.00 0.00 0.00 0.00 0.00 0.00 0.00 0.00 0.00 0.00 0.00 0.00 0.00 0.00 0.00 0.00 0.00 0.00 0.00 0.00 0.00 0.00 0.00 0.00 0.00 0.00 0.00 0.00 0.00 0.00 0.00 0.00 0.00 0.00 0.00 0.00 0.00 0.00 0.00 0.00 0.00 0.00 0.00 0.00 0.00 0.00 0.00 0.00 0.00 0.00 0.00 0.00 0.00 0.00 0.00
12.65 12.61 12.57 12.53 12.49 12.45 12.41 35.98 41.43 35.81 41.26 28.62 46.33 46.22 46.12 46.01 34.68 34.63 34.58 34.53 34.49 45.51 45.44 34.38 0.00 0.00 0.00 0.00 0.00 0.00 0.00 0.00 0.00 0.00 0.00 0.00 0.00 0.00 0.00 0.00 0.00 0.00 0.00 0.00 0.00 0.00 0.00 0.00 0.00 0.00 0.00 0.00 0.00 0.00 0.00 0.00 0.00 0.00 0.00 0.00 0.00 0.00 0.00 0.00 0.00 0.00 0.00 0.00 0.00 0.00 0.00 0.00 0.00 0.00 0.00 0.00 0.00 0.00 0.00 0.00 0.00
12.61 12.57 12.54 12.50 12.45 12.41 12.37 12.34 41.34 41.25 29.06 12.32 40.91 46.75 34.71 34.65 34.60 34.54 34.49 34.44 34.40 34.36 34.32 34.29 0.00 0.00 0.00 0.00 0.00 0.00 0.00 0.00 0.00 0.00 0.00 0.00 0.00 0.00 0.00 0.00 0.00 0.00 0.00 0.00 0.00 0.00 0.00 0.00 0.00 0.00 0.00 0.00 0.00 0.00 0.00 0.00 0.00 0.00 0.00 0.00 0.00 0.00 0.00 0.00 0.00 0.00 0.00 0.00 0.00 0.00 0.00 0.00 0.00 0.00 0.00 0.00 0.00 0.00 0.00 0.00 0.00
12.58 12.54 12.50 12.46 12.41 12.37 33.97 41.34 41.24 42.99 41.06 28.95 40.82 28.82 45.83 34.57 45.62 11.97 38.89 38.82 38.60 45.20 34.23 34.20 34.17 34.15 34.13 45.60 34.02 34.01 34.00 44.83 0.00 0.00 0.00 0.00 0.00 0.00 0.00 0.00 0.00 0.00 0.00 0.00 0.00 0.00 0.00 0.00 0.00 0.00 0.00 0.00 0.00 0.00 0.00 0.00 0.00 0.00 0.00 0.00 0.00 0.00 0.00 0.00 0.00 0.00 0.00 0.00 0.00 0.00 0.00 0.00 0.00 0.00 0.00 0.00 0.00 0.00 0.00 0.00 0.00
12.54 12.50 12.46 12.41 12.38 12.34 35.80 35.71 41.15 41.06 40.97 40.90 12.22 40.64 40.56 34.48 35.81 38.84 11.90 11.88 11.85 38.55 38.50 38.45 38.26 34.06 13.44 44.78 44.71 13.41 33.92 33.93 44.71 45.43 0.00 0.00 0.00 0.00 0.00 0.00 0.00 0.00 0.00 0.00 0.00 0.00 0.00 0.00 0.00 0.00 0.00 0.00 0.00 0.00 0.00 0.00 0.00 0.00 0.00 0.00 0.00 0.00 0.00 0.00 0.00 0.00 0.00 0.00 0.00 0.00 0.00 0.00 0.00 0.00 0.00 0.00 0.00 0.00 0.00 0.00 0.00
12.51 12.47 12.43 12.38 12.34 33.89 35.72 35.99 41.54 28.94 28.88 28.83 28.75 42.35 40.93 46.24 38.79 38.71 11.86 11.83 11.81 11.79 35.28 35.24 35.20 44.69 44.66 35.05 35.10 44.78 38.14 38.15 35.04 44.61 44.64 45.37 0.00 0.00 0.00 0.00 0.00 0.00 0.00 0.00 0.00 0.00 0.00 0.00 0.00 0.00 0.00 0.00 0.00 0.00 0.00 0.00 0.00 0.00 0.00 0.00 0.00 0.00 0.00 0.00 0.00 0.00 0.00 0.00 0.00 0.00 0.00 0.00 0.00 0.00 0.00 0.00 0.00 0.00 0.00 0.00 0.00
