New_Model_Runs/7_FutureClimate_RCP85_out/post_prcessed_no_MFR/actual_et_annual.asc
NCOLS 700
NROWS 400
XLLCENTER 515000.000000
YLLCENTER 8409000.000000
CELLSIZE 50.000000
NODATA_value -999.000000
[rows 144 to 179 of 400, columns 405 to 485 of 700]
0.00 0.00 0.00 0.00 0.00 0.00 0.00 0.00 0.00 0.00 0.00 0.00 0.00 0.00 0.00 0.00 0.00 0.00 26.20 36.85 31.19 31.19 31.19 31.19 31.19 9.37 9.37 14.62 14.62 14.62 14.62 14.62 14.62 14.62 14.62 14.62 14.62 14.62 14.62 14.62 14.62 14.62 14.62 12.48 12.48 40.16 40.16 40.16 40.16 40.16 40.16 12.48 12.48 12.48 12.48 12.48 12.48 12.48 12.48 11.06 11.06 11.06 11.06 11.06 11.06 11.06 11.06 11.06 11.06 11.06 11.06 11.06 11.06 11.06 11.06 12.39 12.39 12.39 12.39 12.39 12.39
0.00 0.00 0.00 0.00 0.00 0.00 0.00 0.00 0.00 0.00 0.00 0.00 0.00 0.00 0.00 0.00 0.00 26.47 26.47 26.47 26.47 36.81 28.42 31.19 31.19 9.37 9.37 14.62 14.62 14.62 14.62 14.62 14.62 14.62 14.62 14.62 14.62 14.62 14.62 14.62 14.62 14.62 14.62 12.48 12.48 12.48 40.16 12.48 40.16 12.48 40.16 12.48 12.48 12.48 12.48 12.48 12.48 12.48 12.48 11.06 11.06 11.06 11.06 11.06 11.06 11.06 11.06 11.06 11.06 11.06 11.06 11.06 11.06 11.06 11.06 12.39 12.39 12.39 12.39 12.39 12.39
0.00 0.00 0.00 0.00 0.00 0.00 0.00 0.00 0.00 0.00 0.00 0.00 0.00 0.00 0.00 0.00 0.00 34.35 25.24 25.24 34.36 34.35 29.11 8.74 8.74 8.74 8.74 13.85 13.85 13.85 13.85 13.85 13.85 13.85 13.85 13.85 13.85 13.85 13.85 13.85 13.85 13.85 13.85 12.39 12.39 12.39 12.39 12.39 12.39 12.39 39.74 12.39 12.39 12.39 12.39 12.39 12.39 12.39 12.39 13.36 13.36 13.36 13.36 13.36 13.36 13.36 13.36 13.36 13.36 13.36 13.36 13.36 13.36 13.36 13.36 12.14 12.14 12.14 12.14 12.14 12.14
0.00 0.00 0.00 0.00 0.00 0.00 0.00 0.00 0.00 0.00 0.00 0.00 0.00 0.00 0.00 0.00 0.00 10.31 34.35 10.31 26.50 26.50 8.74 29.11 8.74 8.74 8.74 13.85 13.85 13.85 13.85 13.85 13.85 13.85 13.85 13.85 13.85 13.85 13.85 13.85 13.85 13.85 13.85 12.39 12.39 12.39 12.39 12.39 12.39 12.39 39.74 12.39 12.39 12.39 12.39 12.39 12.39 12.39 12.39 13.36 13.36 13.36 13.36 13.36 13.36 13.36 13.36 13.36 13.36 13.36 13.36 13.36 13.36 13.36 13.36 12.14 12.14 12.14 12.14 12.14 12.14
0.00 0.00 0.00 0.00 0.00 0.00 0.00 0.00 0.00 0.00 0.00 0.00 0.00 0.00 0.00 0.00 0.00 25.24 25.24 34.35 29.11 8.74 8.74 8.74 8.74 8.74 8.74 13.85 13.85 13.85 13.85 13.85 13.85 13.85 13.85 13.85 13.85 13.85 13.85 13.85 13.85 13.85 13.85 12.39 18.18 12.39 12.39 12.39 12.39 12.39 12.39 12.39 12.39 12.39 12.39 12.39 12.39 12.39 12.39 13.36 13.36 13.36 13.36 13.36 13.36 13.36 13.36 13.36 13.36 13.36 13.36 13.36 13.36 13.36 13.36 12.14 12.14 12.14 12.14 12.14 12.14
0.00 0.00 0.00 0.00 0.00 0.00 0.00 0.00 0.00 0.00 0.00 0.00 0.00 0.00 0.00 0.00 0.00 25.24 34.35 34.35 8.74 8.74 8.74 8.74 8.74 8.74 8.74 13.85 13.85 13.85 13.85 13.85 13.85 13.85 13.85 13.85 13.85 13.85 13.85 13.85 13.85 13.85 13.85 12.39 18.18 12.39 12.39 12.39 12.39 12.39 12.39 12.39 12.39 12.39 12.39 12.39 12.39 12.39 12.39 13.36 13.36 13.36 13.36 13.36 13.36 13.36 13.36 13.36 13.36 13.36 13.36 13.36 13.36 13.36 13.36 12.14 12.14 12.14 12.14 12.14 12.14
0.00 0.00 0.00 0.00 0.00 0.00 0.00 0.00 0.00 0.00 0.00 0.00 0.00 0.00 0.00 0.00 0.00 0.00 34.35 25.24 25.24 26.50 26.50 8.74 8.74 8.74 8.74 13.85 13.85 13.85 20.31 13.85 13.85 13.85 13.85 13.85 13.85 13.85 13.85 13.85 13.85 13.85 13.85 12.39 12.39 12.39 12.39 12.39 12.39 12.39 12.39 12.39 12.39 12.39 12.39 12.39 12.39 12.39 12.39 13.36 13.36 13.36 13.36 13.36 13.36 13.36 13.36 13.36 13.36 13.36 13.36 13.36 13.36 13.36 13.36 12.14 12.14 12.14 12.14 12.14 12.14
0.00 0.00 0.00 0.00 0.00 0.00 0.00 0.00 0.00 0.00 0.00 0.00 0.00 0.00 0.00 0.00 0.00 0.00 1.05 25.10 10.31 26.50 26.50 8.74 8.74 8.74 8.74 13.85 13.85 13.85 13.85 13.85 13.85 13.85 13.85 13.85 13.85 13.85 13.85 13.85 13.85 13.85 13.85 12.39 12.39 12.39 12.39 12.39 12.39 12.39 12.39 12.39 12.39 12.39 12.39 12.39 12.39 12.39 12.39 13.36 13.36 13.36 13.36 13.36 13.36 13.36 13.36 13.36 13.36 13.36 13.36 13.36 13.36 13.36 13.36 12.14 12.14 12.14 12.14 12.14 12.14
0.00 0.00 0.00 0.00 0.00 0.00 0.00 0.00 0.00 0.00 0.00 0.00 0.00 0.00 0.00 0.00 0.00 0.00 34.35 34.35 10.31 26.50 8.74 12.81 8.74 8.74 8.74 13.85 13.85 13.85 13.85 13.85 13.85 13.85 13.85 13.85 13.85 13.85 13.85 13.85 13.85 13.85 13.85 12.39 12.39 12.39 12.39 12.39 12.39 12.39 12.39 12.39 12.39 12.39 12.39 12.39 12.39 12.39 12.39 13.36 13.36 13.36 13.36 13.36 13.36 13.36 13.36 13.36 13.36 13.36 13.36 13.36 13.36 13.36 13.36 37.79 35.83 43.69 43.69 12.14 12.14
0.00 0.00 0.00 0.00 0.00 0.00 0.00 0.00 0.00 0.00 0.00 0.00 0.00 0.00 0.00 0.00 0.00 0.00 25.24 25.24 34.36 8.74 26.50 26.50 8.74 8.74 8.74 13.85 13.85 13.85 13.85 13.85 13.85 13.85 13.85 13.85 13.85 13.85 13.85 13.85 13.85 13.85 13.85 12.39 12.39 12.39 12.39 12.39 12.39 12.39 12.39 12.39 12.39 12.39 12.39 12.39 12.39 12.39 12.39 13.36 13.36 13.36 13.36 13.36 13.36 13.36 13.36 13.36 13.36 13.36 13.36 13.36 13.36 13.36 13.36 12.14 43.69 43.69 43.69 43.69 12.14
0.00 0.00 0.00 0.00 0.00 0.00 0.00 0.00 0.00 0.00 0.00 0.00 0.00 0.00 0.00 0.00 0.00 0.00 26.50 8.74 26.50 8.74 8.74 8.74 8.74 8.74 8.74 13.85 13.85 13.85 13.85 13.85 13.85 13.85 13.85 13.85 13.85 13.85 13.85 13.85 13.85 13.85 13.85 12.39 12.39 12.39 12.39 12.39 12.39 12.39 12.39 12.39 12.39 12.39 12.39 12.39 12.39 12.39 12.39 13.36 13.36 13.36 13.36 13.36 13.36 13.36 13.36 13.36 13.36 13.36 13.36 13.36 13.36 13.36 13.36 12.14 43.69 1.05 0.00 43.69 43.69
0.00 0.00 0.00 0.00 0.00 0.00 0.00 0.00 0.00 0.00 0.00 0.00 0.00 0.00 0.00 0.00 0.00 0.00 8.74 8.74 8.74 8.74 8.74 8.74 8.74 8.74 8.74 13.85 13.85 13.85 13.85 13.85 13.85 13.85 13.85 20.31 41.79 13.85 13.85 13.85 13.85 13.85 13.85 38.84 38.84 12.39 12.39 12.39 12.39 12.39 12.39 12.39 12.39 12.39 12.39 12.39 12.39 12.39 12.39 13.36 13.36 13.36 13.36 13.36 13.36 13.36 13.36 13.36 13.36 13.36 13.36 13.36 13.36 13.36 13.36 0.00 0.00 0.00 0.00 0.00 0.00
0.00 0.00 0.00 0.00 0.00 0.00 0.00 0.00 0.00 0.00 0.00 0.00 0.00 0.00 0.00 0.00 0.00 8.74 8.74 8.74 8.74 8.74 8.74 8.74 8.74 8.74 8.74 13.85 13.85 13.85 13.85 13.85 13.85 13.85 13.85 20.31 41.79 13.85 13.85 13.85 13.85 13.85 13.85 36.75 38.84 39.40 12.39 12.39 12.39 12.39 12.39 12.39 12.39 12.39 12.39 12.39 12.39 12.39 12.39 13.36 13.36 13.36 13.36 13.36 13.36 13.36 13.36 13.36 13.36 13.36 13.36 13.36 13.36 13.36 0.00 0.00 0.00 0.00 0.00 0.00 0.00
0.00 0.00 0.00 0.00 0.00 0.00 0.00 0.00 0.00 0.00 0.00 0.00 0.00 0.00 0.00 0.00 0.00 0.00 8.74 8.74 8.74 8.74 8.74 8.74 8.74 8.74 8.74 13.85 13.85 13.85 13.85 13.85 13.85 13.85 13.85 13.85 41.79 13.85 13.85 13.85 13.85 13.85 13.85 36.75 45.86 39.40 12.39 12.39 12.39 12.39 12.39 12.39 12.39 12.39 12.39 12.39 12.39 12.39 12.39 13.36 13.36 13.36 13.36 13.36 13.36 13.36 13.36 13.36 13.36 13.36 13.36 41.10 39.13 1.13 0.00 0.00 0.00 0.00 0.00 0.00 0.00
0.00 0.00 0.00 0.00 0.00 0.00 0.00 0.00 0.00 0.00 0.00 0.00 0.00 0.00 0.00 0.00 0.00 0.00 34.36 8.74 8.74 8.74 8.74 8.74 8.74 8.74 8.74 13.85 13.85 20.31 13.85 13.85 13.85 13.85 13.85 13.85 13.85 41.79 13.85 13.85 13.85 13.85 40.24 38.84 45.86 39.40 36.75 12.39 12.39 12.39 12.39 12.39 12.39 12.39 12.39 12.39 12.39 12.39 12.39 13.36 13.36 13.36 13.36 13.36 13.36 13.36 13.36 13.36 13.36 13.36 13.36 39.13 39.13 13.36 0.00 0.00 0.00 0.00 0.00 0.00 0.00
0.00 0.00 0.00 0.00 0.00 0.00 0.00 0.00 0.00 0.00 0.00 0.00 0.00 0.00 0.00 0.00 0.00 0.00 0.00 34.36 8.74 8.74 8.74 8.74 8.74 8.74 8.74 13.85 13.85 13.85 13.85 13.85 13.85 13.85 13.85 13.85 13.85 13.85 13.85 41.79 41.79 40.24 40.24 38.84 37.11 39.40 36.48 36.48 12.39 12.39 12.39 12.39 12.39 12.39 12.39 12.39 12.39 12.39 12.39 13.36 13.36 13.36 13.36 13.36 13.36 13.36 13.36 13.36 13.36 13.36 39.13 39.13 13.36 13.36 0.00 0.00 0.00 0.00 0.00 0.00 0.00
0.00 0.00 0.00 0.00 0.00 0.00 0.00 0.00 0.00 0.00 0.00 0.00 0.00 0.00 0.00 0.00 0.00 0.00 34.36 10.31 34.36 8.74 8.74 8.74 8.74 8.74 8.74 13.85 13.85 13.85 13.85 13.85 13.85 13.85 13.85 13.85 13.85 13.85 13.85 13.85 13.85 13.85 42.21 38.84 38.84 39.40 38.48 12.39 12.39 12.39 12.39 12.39 12.39 12.39 12.39 12.39 12.39 12.39 38.84 13.36 13.36 13.36 13.36 13.36 13.36 13.36 13.36 13.36 13.36 13.36 41.10 39.13 13.36 13.36 0.00 0.00 0.00 0.00 0.00 0.00 0.00
0.00 0.00 0.00 0.00 0.00 0.00 0.00 0.00 0.00 0.00 0.00 0.00 0.00 0.00 0.00 0.00 0.00 0.00 34.36 34.36 25.24 26.50 8.74 8.74 8.74 8.74 8.74 13.85 13.85 13.85 13.85 13.85 13.85 13.85 13.85 13.85 13.85 13.85 13.85 13.85 13.85 13.85 40.24 38.84 47.12 39.40 38.48 12.39 12.39 12.39 12.39 12.39 12.39 12.39 12.39 12.39 12.39 12.39 12.39 13.36 13.36 13.36 13.36 13.36 13.36 13.36 13.36 13.36 13.36 13.36 13.36 39.13 13.36 0.00 0.00 0.00 0.00 0.00 0.00 0.00 0.00
0.00 0.00 0.00 0.00 0.00 0.00 0.00 0.00 0.00 0.00 0.00 0.00 0.00 0.00 0.00 0.00 0.00 0.00 32.09 32.09 24.09 32.09 8.16 8.16 8.16 8.16 8.16 8.20 8.20 8.20 8.20 8.20 8.20 8.20 8.20 8.20 8.20 8.20 8.20 8.20 24.88 24.82 27.21 27.06 27.06 31.66 26.90 8.15 8.15 8.15 8.15 8.15 8.15 8.15 8.15 8.15 8.15 8.15 8.15 8.13 8.13 8.13 8.13 8.13 8.13 8.13 8.13 8.13 8.13 8.13 8.13 24.64 8.13 0.00 0.00 0.00 0.00 0.00 0.00 0.00 0.00
0.00 0.00 0.00 0.00 0.00 0.00 0.00 0.00 0.00 0.00 0.00 0.00 0.00 0.00 0.00 0.00 0.00 0.00 1.13 32.09 32.09 8.16 8.16 8.16 8.16 8.16 8.16 8.20 8.20 8.20 8.20 8.20 8.20 8.20 8.20 8.20 8.20 8.20 8.20 8.20 27.34 27.34 32.10 27.06 24.72 8.15 8.15 8.15 8.15 8.15 8.15 8.15 8.15 8.15 8.15 8.15 8.15 8.15 8.15 8.13 8.13 8.13 8.13 8.13 8.13 8.13 8.13 8.13 8.13 8.13 8.13 24.64 8.13 0.00 0.00 0.00 0.00 0.00 0.00 0.00 0.00
0.00 0.00 0.00 0.00 0.00 0.00 0.00 0.00 0.00 0.00 0.00 0.00 0.00 0.00 0.00 0.00 0.00 0.00 0.00 32.09 32.09 8.16 8.16 8.16 8.16 8.16 8.16 8.20 8.20 8.20 8.20 8.20 8.20 8.20 8.20 8.20 8.20 8.20 8.20 24.88 32.26 27.34 27.21 8.15 8.15 8.15 8.15 8.15 8.15 8.15 8.15 8.15 8.15 8.15 8.15 8.15 8.15 8.15 8.15 8.13 8.13 8.13 8.13 8.13 8.13 8.13 8.13 8.13 8.13 8.13 8.13 8.13 8.13 0.00 0.00 0.00 0.00 0.00 0.00 0.00 0.00
0.00 0.00 0.00 0.00 0.00 0.00 0.00 0.00 0.00 0.00 0.00 0.00 0.00 0.00 0.00 0.00 0.00 0.00 0.00 32.09 32.09 8.16 8.16 8.16 8.16 8.16 8.16 8.20 8.20 8.20 8.20 8.20 8.20 8.20 8.20 8.20 8.20 8.20 24.88 24.88 32.26 32.26 32.10 8.15 8.15 8.15 8.15 8.15 8.15 8.15 8.15 8.15 8.15 8.15 8.15 8.15 8.15 8.15 8.15 24.64 24.64 8.13 8.13 8.13 8.13 8.13 8.13 8.13 8.13 8.13 8.13 8.13 0.00 0.00 0.00 0.00 0.00 0.00 0.00 0.00 0.00
0.00 0.00 0.00 0.00 0.00 0.00 0.00 0.00 0.00 0.00 0.00 0.00 0.00 0.00 0.00 0.00 0.00 0.00 0.00 0.00 32.09 25.83 8.16 8.16 8.16 8.16 8.16 8.20 8.20 8.20 8.20 8.20 8.20 8.20 8.20 8.20 8.20 8.20 8.20 8.20 24.17 24.17 32.16 31.78 8.15 8.15 8.15 8.15 8.15 8.15 8.15 8.15 8.15 8.15 8.15 8.15 8.15 8.15 8.15 8.13 8.13 8.13 8.13 8.13 8.13 8.13 8.13 24.64 8.13 8.13 8.13 8.13 0.00 0.00 0.00 0.00 0.00 0.00 0.00 0.00 0.00
0.00 0.00 0.00 0.00 0.00 0.00 0.00 0.00 0.00 0.00 0.00 0.00 0.00 0.00 0.00 0.00 0.00 0.00 0.00 0.00 1.13 32.09 8.16 8.16 8.16 8.16 8.16 8.20 8.20 8.20 8.20 8.20 8.20 8.20 8.20 8.20 8.20 8.20 8.20 24.88 32.26 32.26 32.26 8.15 24.68 26.98 8.15 8.15 8.15 8.15 8.15 8.15 8.15 8.15 8.15 8.15 8.15 8.15 8.15 8.13 8.13 24.64 8.13 8.13 8.13 8.13 11.93 24.64 24.64 24.64 8.13 27.03 0.00 0.00 0.00 0.00 0.00 0.00 0.00 0.00 0.00
0.00 0.00 0.00 0.00 0.00 0.00 0.00 0.00 0.00 0.00 0.00 0.00 0.00 0.00 0.00 0.00 0.00 0.00 0.00 0.00 0.00 8.16 8.16 8.16 8.16 8.16 8.16 8.20 8.20 8.20 8.20 8.20 8.20 8.20 8.20 8.20 8.20 8.20 8.20 27.34 24.88 32.26 32.26 31.66 31.94 24.70 26.98 8.15 8.15 8.15 8.15 8.15 8.15 8.15 8.15 8.15 8.15 8.15 11.96 8.13 8.13 27.03 31.90 8.13 8.13 8.13 27.03 31.72 27.03 0.00 0.00 0.00 0.00 0.00 0.00 0.00 0.00 0.00 0.00 0.00 0.00
0.00 0.00 0.00 0.00 0.00 0.00 0.00 0.00 0.00 0.00 0.00 0.00 0.00 0.00 0.00 0.00 0.00 0.00 0.00 0.00 0.00 32.09 8.16 8.16 8.16 8.16 8.16 8.20 8.20 8.20 8.20 8.20 8.20 8.20 8.20 8.20 8.20 8.20 27.34 27.34 8.20 32.26 32.26 23.00 23.00 26.98 26.98 8.15 8.15 8.15 8.15 8.15 24.68 24.68 24.68 31.94 23.00 31.66 31.66 0.00 0.00 0.00 0.00 0.00 0.00 0.00 0.00 0.00 0.00 0.00 0.00 0.00 0.00 0.00 0.00 0.00 0.00 0.00 0.00 0.00 0.00
0.00 0.00 0.00 0.00 0.00 0.00 0.00 0.00 0.00 0.00 0.00 0.00 0.00 0.00 0.00 0.00 0.00 0.00 0.00 0.00 0.00 32.09 8.16 8.16 8.16 8.16 8.16 8.20 8.20 8.20 8.20 8.20 8.20 8.20 8.20 8.20 8.20 8.20 27.34 27.34 8.20 8.20 32.26 23.00 23.00 24.70 8.15 8.15 8.15 8.15 26.90 9.50 31.66 23.00 31.66 23.00 23.00 0.00 0.00 0.00 0.00 0.00 0.00 0.00 0.00 0.00 0.00 0.00 0.00 0.00 0.00 0.00 0.00 0.00 0.00 0.00 0.00 0.00 0.00 0.00 0.00
0.00 0.00 0.00 0.00 0.00 0.00 0.00 0.00 0.00 0.00 0.00 0.00 0.00 0.00 0.00 0.00 0.00 0.00 0.00 0.00 0.00 1.13 32.09 8.16 8.16 8.16 8.16 8.20 8.20 27.34 8.20 8.20 8.20 8.20 8.20 8.20 8.20 8.20 8.20 8.20 8.20 24.17 24.17 32.07 23.00 8.15 8.15 8.15 8.15 24.68 31.66 31.66 31.94 31.66 0.00 0.00 0.00 0.00 0.00 0.00 0.00 0.00 0.00 0.00 0.00 0.00 0.00 0.00 0.00 0.00 0.00 0.00 0.00 0.00 0.00 0.00 0.00 0.00 0.00 0.00 0.00
0.00 0.00 0.00 0.00 0.00 0.00 0.00 0.00 0.00 0.00 0.00 0.00 0.00 0.00 0.00 0.00 0.00 0.00 0.00 0.00 0.00 0.00 32.09 24.74 27.19 24.74 8.16 8.20 27.34 9.68 8.20 8.20 8.20 8.20 8.20 8.20 8.20 8.20 8.20 24.88 32.26 32.26 0.00 0.00 0.00 0.00 8.15 8.15 1.13 31.66 31.66 0.00 0.00 0.00 0.00 0.00 0.00 0.00 0.00 0.00 0.00 0.00 0.00 0.00 0.00 0.00 0.00 0.00 0.00 0.00 0.00 0.00 0.00 0.00 0.00 0.00 0.00 0.00 0.00 0.00 0.00
0.00 0.00 0.00 0.00 0.00 0.00 0.00 0.00 0.00 0.00 0.00 0.00 0.00 0.00 0.00 0.00 0.00 0.00 0.00 0.00 0.00 0.00 32.09 32.09 8.16 8.16 8.16 32.26 24.17 9.68 32.26 24.17 32.26 8.20 8.20 8.20 8.20 8.20 24.88 32.26 32.26 0.00 0.00 0.00 0.00 0.00 8.15 27.10 0.00 0.00 0.00 0.00 0.00 0.00 0.00 0.00 0.00 0.00 0.00 0.00 0.00 0.00 0.00 0.00 0.00 0.00 0.00 0.00 0.00 0.00 0.00 0.00 0.00 0.00 0.00 0.00 0.00 0.00 0.00 0.00 0.00
0.00 0.00 0.00 0.00 0.00 0.00 0.00 0.00 0.00 0.00 0.00 0.00 0.00 0.00 0.00 0.00 0.00 0.00 0.00 0.00 8.16 8.16 8.16 8.16 24.74 32.09 0.00 0.00 0.00 0.00 32.26 24.17 24.17 24.17 8.20 8.20 32.26 8.20 27.34 0.00 0.00 0.00 0.00 0.00 0.00 0.00 0.00 0.00 0.00 0.00 0.00 0.00 0.00 0.00 0.00 0.00 0.00 0.00 0.00 0.00 0.00 0.00 0.00 0.00 0.00 0.00 0.00 0.00 0.00 0.00 0.00 0.00 0.00 0.00 0.00 0.00 0.00 0.00 0.00 0.00 0.00
0.00 0.00 0.00 0.00 0.00 0.00 0.00 0.00 0.00 0.00 0.00 0.00 0.00 0.00 0.00 0.00 0.00 0.00 0.00 8.16 8.16 24.74 24.74 27.19 27.19 27.19 0.00 0.00 0.00 0.00 0.00 0.00 32.26 32.26 32.26 24.17 24.17 0.00 0.00 0.00 0.00 0.00 0.00 0.00 0.00 0.00 0.00 0.00 0.00 0.00 0.00 0.00 0.00 0.00 0.00 0.00 0.00 0.00 0.00 0.00 0.00 0.00 0.00 0.00 0.00 0.00 0.00 0.00 0.00 0.00 0.00 0.00 0.00 0.00 0.00 0.00 0.00 0.00 0.00 0.00 0.00
0.00 0.00 0.00 0.00 0.00 0.00 0.00 0.00 0.00 0.00 0.00 0.00 0.00 0.00 0.00 0.00 0.00 0.00 32.09 32.09 8.16 24.74 24.74 0.00 0.00 0.00 0.00 0.00 0.00 0.00 0.00 0.00 0.00 0.00 0.00 0.00 0.00 0.00 0.00 0.00 0.00 0.00 0.00 0.00 0.00 0.00 0.00 0.00 0.00 0.00 0.00 0.00 0.00 0.00 0.00 0.00 0.00 0.00 0.00 0.00 0.00 0.00 0.00 0.00 0.00 0.00 0.00 0.00 0.00 0.00 0.00 0.00 0.00 0.00 0.00 0.00 0.00 0.00 0.00 0.00 0.00
0.00 0.00 0.00 0.00 0.00 0.00 0.00 0.00 0.00 0.00 0.00 0.00 0.00 0.00 0.00 0.00 0.00 0.00 0.00 0.00 32.09 27.19 0.00 0.00 0.00 0.00 0.00 0.00 0.00 0.00 0.00 0.00 0.00 0.00 0.00 0.00 0.00 0.00 0.00 0.00 0.00 0.00 0.00 0.00 0.00 0.00 0.00 0.00 0.00 0.00 0.00 0.00 0.00 0.00 0.00 0.00 0.00 0.00 0.00 0.00 0.00 0.00 0.00 0.00 0.00 0.00 0.00 0.00 0.00 0.00 0.00 0.00 0.00 0.00 0.00 0.00 0.00 0.00 0.00 0.00 0.00
0.00 0.00 0.00 0.00 0.00 0.00 0.00 0.00 0.00 0.00 0.00 0.00 0.00 0.00 0.00 0.00 0.00 0.00 0.00 0.00 0.00 31.53 0.00 0.00 0.00 0.00 0.00 0.00 0.00 0.00 0.00 0.00 0.00 0.00 0.00 0.00 0.00 0.00 0.00 0.00 0.00 0.00 0.00 0.00 0.00 0.00 0.00 0.00 0.00 0.00 0.00 0.00 0.00 0.00 0.00 0.00 0.00 0.00 0.00 0.00 0.00 0.00 0.00 0.00 0.00 0.00 0.00 0.00 0.00 0.00 0.00 0.00 0.00 0.00 0.00 0.00 0.00 0.00 0.00 0.00 0.00
0.00 0.00 0.00 0.00 0.00 0.00 0.00 0.00 0.00 0.00 0.00 0.00 0.00 0.00 0.00 0.00 0.00 0.00 0.00 0.00 0.00 0.00 0.00 0.00 0.00 0.00 0.00 0.00 0.00 0.00 0.00 0.00 0.00 0.00 0.00 0.00 0.00 0.00 0.00 0.00 0.00 0.00 0.00 0.00 0.00 0.00 0.00 0.00 0.00 0.00 0.00 0.00 0.00 0.00 0.00 0.00 0.00 0.00 0.00 0.00 0.00 0.00 0.00 0.00 0.00 0.00 0.00 0.00 0.00 0.00 0.00 0.00 0.00 0.00 0.00 0.00 0.00 0.00 0.00 0.00 0.00
