New_Model_Runs/7_FutureClimate_RCP85_out/post_prcessed_no_MFR/runoff_annual.asc
NCOLS 700
NROWS 400
XLLCENTER 515000.000000
YLLCENTER 8409000.000000
CELLSIZE 50.000000
NODATA_value -999.000000
[rows 252 to 287 of 400, columns 243 to 323 of 700]
30.51 35.79 31.77 31.77 35.79 35.79 56.90 56.90 31.77 53.15 35.79 35.79 30.51 25.84 30.41 26.93 26.93 30.41 25.84 25.84 30.41 65.29 65.29 30.41 30.41 28.60 25.84 25.84 20.40 5.40 4.17 2.66 23.29 5.73 23.29 2.66 23.29 23.29 23.29 2.66 23.29 23.29 23.29 23.29 7.21 5.74 5.74 5.74 1.93 5.74 20.07 22.90 22.90 8.00 22.90 22.90 22.90 10.08 30.23 30.23 30.23 27.50 27.50 27.50 27.50 27.50 27.50 27.50 27.50 27.50 8.92 8.92 8.92 8.92 8.92 8.92 0.00 0.00 0.00 0.00 0.00
31.77 35.79 35.79 31.77 35.79 31.77 31.77 56.90 56.90 35.79 53.15 31.77 30.51 25.84 25.84 48.28 28.89 28.81 25.84 30.41 25.84 25.84 30.41 30.41 30.41 30.41 25.84 43.98 24.77 20.07 7.21 5.40 2.66 23.29 23.29 2.66 23.29 23.29 7.21 2.66 7.21 7.21 7.21 23.29 7.21 20.07 5.74 5.74 1.93 5.74 28.79 22.90 22.90 22.90 22.90 22.90 22.90 22.90 10.08 10.08 30.23 27.50 27.50 27.50 27.50 27.50 27.50 27.50 27.50 27.50 8.92 8.92 8.92 8.92 8.92 8.92 8.92 0.00 0.00 0.00 0.00
35.79 35.79 35.79 35.79 35.79 56.90 35.79 35.79 56.90 35.79 56.90 31.77 35.79 30.41 25.84 25.84 26.93 26.93 25.84 25.84 25.84 25.84 25.84 65.29 65.29 30.41 43.98 43.98 43.98 36.15 2.66 4.17 7.21 23.29 23.29 23.29 23.29 23.29 23.29 7.21 2.66 7.21 23.29 23.29 30.50 5.74 5.74 5.74 1.93 8.00 8.00 22.90 8.00 22.90 22.90 22.90 22.90 22.90 22.90 10.08 30.23 27.50 27.50 27.50 27.50 27.50 27.50 27.50 21.68 21.68 27.50 27.50 27.50 8.92 8.92 8.92 8.92 8.31 145.86 0.00 0.00
35.79 35.79 31.77 31.77 31.77 56.90 31.77 31.77 35.79 35.79 30.51 35.79 35.79 26.93 25.84 25.84 25.84 26.93 26.93 25.84 25.84 42.35 25.84 25.84 30.41 65.29 43.98 5.01 6.52 2.66 2.66 7.21 1.97 1.96 1.96 23.29 23.29 10.02 23.29 10.02 7.21 2.66 23.29 10.02 7.21 20.07 4.19 1.93 5.74 8.00 8.00 22.90 22.90 8.00 22.90 22.90 8.00 22.90 22.90 30.23 10.08 27.50 8.92 8.92 8.92 8.92 8.92 8.92 8.92 8.92 8.92 8.92 8.92 8.92 8.92 8.92 8.92 8.31 8.31 8.31 8.31
31.77 30.51 35.79 35.79 56.90 56.90 35.79 60.07 35.79 31.77 30.51 56.85 53.00 25.84 42.96 25.84 9.91 9.91 25.84 25.84 26.93 25.84 30.41 43.99 43.99 4.31 7.72 4.99 4.91 1.95 1.95 2.32 1.95 1.94 1.94 23.29 7.21 7.21 7.21 7.21 7.21 7.21 7.21 7.21 7.21 1.93 20.07 5.74 3.68 8.00 5.17 6.34 6.65 3.50 3.50 3.00 3.50 3.68 22.90 22.90 10.08 8.92 8.92 8.92 8.92 8.92 8.92 8.92 8.92 8.92 8.92 8.92 8.92 8.92 27.50 27.50 27.50 25.90 25.90 25.90 25.90
35.79 35.79 35.79 35.79 35.79 31.77 35.79 31.77 30.51 30.51 30.51 35.79 30.51 30.41 25.84 7.72 9.91 9.91 34.27 13.05 7.26 30.41 4.35 4.35 4.35 7.72 9.91 4.31 9.91 2.43 1.95 1.95 5.73 23.29 23.29 23.29 23.29 7.21 23.29 7.21 2.66 23.29 13.99 31.21 13.99 27.34 11.68 14.30 14.30 14.30 14.30 6.34 6.65 3.50 4.13 3.50 3.50 22.90 22.90 8.93 3.68 8.92 8.92 8.92 8.92 8.92 8.92 8.92 8.92 8.92 8.92 8.92 8.92 8.92 8.92 8.92 27.50 25.90 8.31 8.31 8.31
31.37 31.37 31.37 31.37 31.37 27.77 31.37 26.65 26.65 26.65 26.65 26.65 31.37 22.43 8.38 8.38 8.38 29.96 29.96 4.07 11.12 11.12 4.07 11.12 6.48 8.38 11.12 29.96 11.12 2.06 1.65 5.81 1.65 1.64 1.64 1.64 1.64 20.34 5.81 5.81 1.97 20.34 11.83 27.72 27.72 25.24 12.74 12.74 12.74 27.39 8.92 12.74 20.60 20.60 20.60 20.60 20.60 20.60 20.60 20.60 20.60 19.30 8.30 8.30 8.30 8.30 8.30 8.30 8.30 8.30 8.30 8.30 8.30 8.30 8.30 8.30 25.73 24.52 7.81 7.81 7.81
27.77 26.65 31.37 27.77 26.65 50.47 31.37 26.65 31.37 26.65 26.65 26.65 26.65 4.07 6.48 29.96 3.86 29.96 11.12 11.12 3.84 11.12 11.12 11.12 11.12 4.07 6.48 6.48 11.12 2.06 24.69 5.81 1.65 1.64 1.64 1.64 1.64 20.34 20.34 5.81 20.34 20.34 7.80 7.80 11.83 27.39 27.39 12.74 12.74 12.74 12.74 8.92 3.21 20.60 20.60 20.60 20.60 7.79 3.21 20.60 20.60 19.30 19.30 8.30 8.30 8.30 8.30 8.30 8.30 8.30 8.30 8.30 8.30 8.30 25.73 25.73 25.73 24.52 7.81 0.00 0.00
26.65 26.65 31.37 26.65 27.77 27.77 27.77 26.65 26.65 26.65 31.37 31.37 27.77 8.38 11.12 11.12 29.96 4.07 11.12 3.29 3.29 3.80 6.48 4.07 11.12 11.12 6.48 11.12 11.12 24.69 8.65 1.64 1.64 1.62 1.62 1.62 1.62 1.62 1.97 1.97 1.97 1.97 7.80 7.80 10.25 27.39 27.39 12.74 12.74 12.74 12.74 12.74 3.21 3.21 20.60 20.60 20.60 5.84 5.84 3.21 20.60 2.92 2.92 2.92 8.30 8.30 8.30 8.30 8.30 8.30 25.73 25.73 8.30 8.30 25.73 25.73 25.73 24.52 24.52 0.00 0.00
26.65 26.65 26.65 31.37 31.37 27.77 26.65 31.37 31.37 31.37 26.65 26.65 27.77 4.07 11.12 11.12 8.38 8.38 29.96 29.96 8.38 11.12 6.48 11.12 11.12 6.48 11.12 29.96 3.23 2.04 2.04 1.64 1.64 1.62 1.62 1.62 1.62 1.62 1.97 1.97 1.97 1.97 7.80 10.25 10.25 8.92 12.74 12.74 27.39 8.92 12.74 20.60 20.60 20.60 20.60 5.84 5.84 5.84 5.84 5.84 3.21 2.92 19.30 19.30 25.73 8.30 8.30 8.30 8.30 8.30 8.30 8.30 25.73 25.73 25.73 25.73 25.73 24.52 24.52 24.52 0.00
26.65 26.65 31.37 27.77 50.47 31.37 26.65 31.37 31.37 31.37 26.65 31.37 33.98 11.12 11.12 11.12 29.96 29.96 4.07 8.38 8.38 29.96 3.80 11.12 11.12 3.23 3.23 8.38 4.07 2.04 2.04 2.04 1.64 1.62 1.62 1.62 1.62 5.81 20.34 20.34 20.34 5.81 10.25 10.25 30.78 8.92 12.74 12.74 12.74 12.74 8.92 3.21 20.60 20.60 20.60 20.60 20.60 3.21 8.92 8.92 20.60 19.30 19.30 25.73 25.73 8.30 8.30 8.30 8.30 8.30 25.73 8.30 25.73 25.73 25.73 25.73 25.73 24.52 40.63 24.52 141.21
26.65 31.37 27.77 27.77 27.77 31.37 31.37 31.37 26.65 31.37 26.65 28.93 7.90 11.12 11.12 11.12 4.07 3.82 3.82 3.29 8.90 6.48 11.12 11.12 11.12 3.23 3.23 6.48 4.07 2.04 2.04 2.04 1.64 1.62 1.62 1.62 1.62 20.34 20.34 1.97 1.97 23.32 30.78 30.78 30.78 27.39 12.74 12.74 27.39 33.03 27.39 20.60 20.60 7.05 20.60 3.21 8.92 8.92 8.92 8.92 27.39 19.30 2.92 8.30 25.73 25.73 8.30 8.30 8.30 8.30 25.73 8.30 8.30 25.73 25.73 25.73 25.73 24.52 24.52 24.52 24.52
26.65 27.77 27.77 27.77 26.65 26.65 31.37 31.37 26.65 31.37 28.93 28.93 7.90 8.38 8.38 11.12 8.38 8.38 6.48 6.48 3.81 3.79 29.96 29.96 11.12 8.38 29.96 3.22 3.22 2.03 2.03 2.03 2.03 1.62 1.62 1.62 20.34 20.34 20.34 5.81 23.32 23.32 23.32 8.12 8.12 7.05 7.05 5.56 7.05 7.05 7.05 20.60 20.60 7.05 4.52 8.92 8.92 8.92 8.92 8.92 8.92 25.73 8.30 8.30 25.73 25.73 8.30 8.30 25.73 25.73 8.30 8.30 12.55 8.30 25.73 8.30 8.30 24.52 7.81 0.00 24.52
27.77 27.77 31.37 31.37 26.65 26.65 26.65 27.77 31.37 28.93 28.93 10.15 5.15 8.38 8.38 8.38 4.07 8.38 6.48 6.48 3.81 6.48 29.96 29.96 11.12 4.07 11.12 11.12 3.22 2.03 31.99 31.99 31.99 27.72 12.48 27.72 11.83 11.83 7.80 10.25 11.36 11.36 3.73 3.73 3.73 7.05 7.05 20.60 3.21 7.05 7.05 5.56 20.60 3.10 9.56 9.56 8.92 8.92 8.92 8.92 8.92 8.30 8.30 8.30 25.73 25.73 25.73 8.30 8.30 25.73 8.30 8.30 8.30 8.30 8.30 8.30 8.30 24.52 0.00 0.00 0.00
27.77 27.77 50.47 33.98 38.27 38.27 38.27 31.37 38.27 38.27 34.14 5.15 5.15 8.38 8.38 8.38 8.38 11.66 8.38 29.96 4.07 11.12 11.12 11.12 11.12 11.12 4.07 4.07 11.12 3.09 31.99 11.25 11.25 7.80 7.80 11.83 11.83 27.72 30.78 30.78 30.78 30.78 10.25 3.73 3.73 20.60 7.05 7.05 3.21 7.05 7.05 7.05 20.60 3.10 3.10 9.56 21.60 8.92 8.92 8.92 8.92 8.30 8.30 8.30 8.30 25.73 25.73 8.30 8.30 8.30 8.30 8.30 8.30 8.30 8.30 8.30 8.30 24.52 0.00 0.00 0.00
31.37 50.47 32.66 33.98 32.66 33.98 28.93 28.93 28.93 34.14 5.15 7.90 5.15 3.83 8.38 8.38 8.38 8.38 8.38 11.12 4.07 11.12 10.12 11.12 16.13 11.12 29.96 4.07 4.07 3.09 31.99 11.25 11.25 11.25 27.72 27.72 27.72 30.78 30.78 14.55 14.55 14.55 6.43 3.73 8.12 7.05 7.05 20.60 7.05 7.05 7.05 3.21 20.60 20.60 3.10 11.34 21.60 8.92 11.29 11.29 9.90 8.30 8.30 25.73 8.30 25.73 8.30 8.30 8.30 8.30 8.30 8.30 8.30 8.30 8.30 8.30 8.30 24.52 141.21 0.00 0.00
50.47 26.65 28.93 38.27 28.93 38.27 33.98 33.98 28.93 38.27 5.13 10.15 13.39 8.38 8.38 8.38 8.38 8.38 8.38 11.12 11.12 6.48 6.48 6.48 6.48 29.96 29.96 4.07 11.12 11.25 31.99 31.99 31.99 31.99 27.72 27.72 30.78 30.78 14.55 14.55 14.70 23.32 8.12 8.12 8.12 7.05 7.05 20.60 7.05 7.05 20.60 7.05 20.60 12.74 12.74 12.74 9.53 11.13 11.13 11.13 11.13 8.30 8.30 8.30 25.73 8.30 8.30 25.73 25.73 25.73 8.30 8.30 8.30 8.30 8.30 8.30 25.73 7.81 0.00 0.00 0.00
31.37 31.37 38.27 32.66 28.93 38.27 38.27 28.93 61.30 7.90 7.90 7.90 11.43 8.38 8.38 18.43 4.07 27.61 8.38 4.07 8.38 7.92 6.48 6.48 6.48 4.07 11.12 11.12 8.38 12.45 17.20 49.80 11.25 31.99 31.99 14.55 10.25 30.78 14.55 14.55 14.55 8.12 8.12 23.32 23.32 20.60 7.05 7.05 7.05 7.05 12.74 12.74 27.39 27.39 27.39 9.53 9.53 9.50 11.13 11.13 9.50 8.30 8.30 8.30 25.73 25.73 25.73 25.73 25.73 25.73 25.73 25.73 8.30 8.30 8.30 8.30 25.73 7.81 0.00 7.81 24.52
31.37 38.27 38.27 38.27 28.93 38.27 38.27 28.93 4.48 7.90 10.15 10.15 7.90 32.50 28.77 24.40 24.40 24.40 11.12 10.69 4.07 4.07 4.07 4.07 29.96 6.80 4.07 11.12 8.38 12.45 11.25 11.25 11.25 16.69 11.25 14.55 14.55 14.55 10.25 14.55 14.55 3.73 8.12 8.12 8.12 20.60 7.05 7.05 20.60 27.39 27.39 27.39 8.92 8.92 11.28 9.53 14.45 21.60 11.13 19.16 9.50 29.77 8.30 8.30 25.73 25.73 25.73 25.73 8.30 8.30 25.73 25.73 8.30 8.30 25.73 25.73 8.30 7.81 7.81 24.52 24.52
31.37 38.27 38.27 38.27 32.66 38.27 38.27 7.90 4.48 4.46 7.90 10.15 54.69 24.40 24.40 24.40 24.40 27.61 29.96 4.07 29.96 4.07 4.07 4.07 11.12 3.18 3.18 3.18 3.18 15.83 11.25 11.25 11.25 11.25 30.78 10.25 42.14 10.25 10.25 10.25 8.12 8.12 23.32 3.73 23.32 20.60 20.60 12.74 12.74 27.39 12.74 27.39 8.92 8.92 11.28 8.92 8.92 8.92 8.92 11.13 9.50 29.77 25.73 25.73 25.73 25.73 8.30 8.30 25.73 25.73 8.30 8.30 25.73 25.73 8.30 8.30 8.30 24.52 24.52 24.52 7.81
31.37 38.27 38.27 38.27 33.98 32.66 38.27 10.76 4.45 7.90 5.11 32.66 28.93 24.40 24.40 24.40 24.40 8.38 29.96 29.96 29.96 29.96 29.96 29.96 8.38 3.75 3.16 11.12 11.12 31.99 11.25 11.25 31.99 11.25 30.78 30.78 30.78 52.55 11.36 30.78 14.55 23.32 23.32 5.25 3.73 20.60 27.39 8.92 12.74 12.74 9.90 8.92 8.92 8.92 8.92 8.92 8.92 8.92 8.92 8.92 27.39 25.73 25.73 25.73 25.73 8.30 8.30 25.73 25.73 25.73 8.30 25.73 25.73 8.30 8.30 25.73 25.73 40.63 7.81 24.52 0.00
32.66 32.66 38.27 38.27 32.66 33.98 34.02 10.76 5.12 5.11 32.66 28.93 28.93 24.40 24.40 24.40 8.38 8.38 11.12 11.12 3.78 11.12 11.12 11.12 3.77 3.16 11.12 29.96 15.74 31.99 11.25 11.25 11.25 10.25 10.25 10.25 10.25 10.25 14.55 14.55 12.56 23.32 23.32 5.25 5.25 20.60 9.90 8.92 12.74 27.39 9.90 11.25 11.25 11.12 8.92 8.92 27.39 8.92 27.39 8.92 8.92 29.77 25.73 25.73 25.73 8.30 8.30 25.73 8.30 25.73 25.73 8.30 8.30 25.73 25.73 25.73 8.30 7.81 0.00 0.00 0.00
33.31 28.31 28.31 33.31 33.31 28.31 48.08 79.26 29.54 28.31 25.02 25.02 25.02 24.57 20.64 6.76 6.76 6.76 9.02 3.25 9.02 9.02 9.02 9.02 9.02 9.02 25.66 3.25 14.83 12.89 14.78 30.06 30.06 12.23 10.01 9.29 12.23 12.15 10.31 9.29 13.26 13.26 7.34 4.71 3.34 5.22 2.98 8.45 12.10 8.45 10.57 10.57 10.57 7.99 8.45 8.45 26.19 20.62 20.62 20.62 30.29 28.46 24.56 28.46 24.56 24.56 7.84 24.56 24.56 7.84 7.84 7.84 24.56 24.56 24.56 7.84 7.84 0.00 0.00 0.00 0.00
33.31 25.02 25.02 25.02 25.02 25.02 29.54 29.54 25.02 28.31 29.48 25.02 28.31 23.53 23.53 3.25 3.25 6.76 3.25 3.25 3.25 3.25 3.25 3.25 3.25 9.02 3.25 11.73 14.83 12.89 14.78 14.78 9.29 10.31 10.31 9.29 28.43 28.43 9.29 9.29 14.10 28.43 13.26 5.78 3.34 4.23 2.98 8.45 9.38 10.57 8.02 9.38 9.38 9.38 26.19 20.62 20.62 20.62 30.29 30.29 30.29 28.46 24.56 24.56 7.84 7.84 24.56 7.84 7.84 7.84 24.56 24.56 24.56 7.84 7.84 9.10 13.07 0.00 0.00 0.00 0.00
33.31 25.02 45.99 25.02 25.02 25.02 29.42 33.31 28.31 28.31 29.49 28.31 48.08 23.53 20.64 9.02 9.02 9.02 3.25 3.25 3.25 3.25 3.25 3.25 9.02 3.25 11.73 16.47 16.47 14.78 14.78 24.17 22.45 9.29 9.29 9.29 9.29 28.43 28.43 9.29 13.26 13.26 13.26 13.26 5.78 6.65 6.65 8.45 8.45 8.45 8.45 7.97 9.38 30.29 30.29 20.62 30.29 30.29 30.29 30.29 30.29 7.84 7.84 7.84 24.56 24.56 7.84 7.84 24.56 24.56 24.56 7.84 7.84 9.07 13.07 13.07 28.46 0.00 0.00 0.00 0.00
33.31 25.02 25.02 25.02 28.31 25.02 33.31 29.42 25.02 25.02 25.02 48.08 46.25 20.64 24.57 9.02 9.02 6.76 9.02 9.02 9.02 3.25 5.20 9.02 9.02 5.20 6.76 9.02 9.02 14.78 14.78 10.31 9.29 9.29 9.29 13.26 28.43 28.43 28.43 28.43 13.26 13.26 13.26 9.29 28.43 6.65 6.65 6.65 8.45 12.10 8.45 26.19 26.19 30.29 30.29 30.29 30.29 30.29 30.29 8.45 26.19 24.56 24.56 24.56 24.56 7.84 24.56 24.56 24.56 7.84 7.84 13.07 13.07 28.46 28.46 28.46 0.00 0.00 0.00 0.00 0.00
50.26 43.52 29.48 29.48 25.02 25.02 29.42 29.42 25.02 25.02 25.02 33.31 25.02 20.64 24.57 41.31 20.64 41.31 9.02 3.25 9.02 2.12 2.12 9.02 25.66 6.76 9.02 9.02 9.02 8.03 21.42 5.78 10.31 13.26 28.43 9.29 47.68 47.68 28.43 28.43 28.43 9.29 9.29 9.29 9.29 26.19 26.19 6.65 8.45 26.19 26.19 8.45 26.19 30.29 30.29 30.29 30.29 8.45 26.19 26.19 8.45 7.84 7.84 7.84 24.56 24.56 24.56 24.56 7.84 13.07 13.07 28.46 0.00 0.00 0.00 0.00 0.00 0.00 0.00 0.00 0.00
28.31 33.31 25.02 25.02 29.48 29.42 29.42 33.31 25.02 29.49 28.31 28.31 25.02 20.64 41.31 6.76 9.02 9.02 6.76 6.76 6.76 2.12 6.76 6.76 25.66 9.02 6.76 6.76 6.76 8.03 5.78 5.78 21.42 7.34 28.43 28.43 28.43 7.34 7.34 13.26 13.26 13.26 9.29 9.29 9.29 8.45 26.19 26.19 12.10 26.19 26.19 20.62 30.29 30.29 30.29 8.45 26.19 26.19 8.45 8.45 8.45 7.84 7.84 24.56 24.56 24.56 7.84 13.07 13.07 13.07 28.46 0.00 0.00 0.00 0.00 0.00 0.00 0.00 0.00 0.00 0.00
33.31 25.02 25.02 25.02 25.02 79.26 29.32 79.26 79.26 33.31 28.31 29.49 25.02 41.31 20.64 25.66 9.02 9.02 20.64 41.31 6.76 6.76 23.53 9.02 9.02 3.25 3.29 6.76 9.02 7.34 4.71 4.71 21.42 7.34 7.34 7.34 21.42 5.78 5.78 4.71 21.42 21.42 28.43 9.29 9.29 8.45 26.19 26.19 12.10 26.19 26.19 26.19 30.29 30.29 8.45 26.19 26.19 8.45 8.45 8.45 8.45 24.56 24.56 24.56 24.56 24.56 28.46 19.28 28.46 28.46 0.00 0.00 0.00 0.00 0.00 0.00 0.00 0.00 0.00 0.00 0.00
33.31 33.31 25.02 25.02 25.02 25.02 25.02 33.31 53.79 53.68 33.31 33.31 25.02 9.02 9.02 25.66 9.02 9.02 24.57 24.57 9.02 25.81 25.81 9.02 9.02 3.29 3.29 3.25 3.25 7.34 21.42 7.34 7.34 7.34 7.34 3.34 21.42 21.42 5.78 5.78 21.42 21.42 21.42 28.43 9.29 13.16 20.11 8.45 8.45 26.19 26.19 26.19 8.45 26.19 26.19 8.45 8.45 8.45 8.45 26.19 26.19 24.56 24.56 24.56 28.46 0.00 0.00 0.00 0.00 0.00 0.00 0.00 0.00 0.00 0.00 0.00 0.00 0.00 0.00 0.00 0.00
33.31 25.02 25.02 28.31 25.02 25.02 33.31 25.02 25.02 28.31 33.31 29.49 28.31 3.25 3.25 7.18 24.57 41.31 24.57 24.57 41.31 25.81 25.81 25.81 25.66 9.02 25.66 9.02 3.92 21.42 21.42 7.34 7.34 21.42 7.34 7.34 21.42 3.34 5.78 3.34 7.34 21.42 21.42 13.26 9.29 26.19 9.38 26.19 12.10 10.40 8.45 8.45 8.45 26.19 26.19 26.19 8.45 8.45 26.19 26.19 26.19 7.84 28.46 0.00 0.00 0.00 0.00 0.00 0.00 0.00 0.00 0.00 0.00 0.00 0.00 0.00 0.00 0.00 0.00 0.00 0.00
33.31 25.02 25.02 25.02 25.02 25.02 33.31 33.31 33.31 33.31 25.02 28.31 28.31 23.53 5.20 9.02 24.57 23.53 23.53 24.57 23.53 27.96 70.45 5.20 9.02 9.02 3.25 25.66 24.24 7.34 7.34 7.34 7.34 21.42 21.42 7.34 7.34 21.42 4.71 5.78 5.78 3.34 13.26 28.43 13.26 19.45 9.38 9.38 12.10 10.40 8.45 8.45 8.45 8.45 26.19 26.19 26.19 26.19 26.19 8.45 8.45 28.46 0.00 0.00 0.00 0.00 0.00 0.00 0.00 0.00 0.00 0.00 0.00 0.00 0.00 0.00 0.00 0.00 0.00 0.00 0.00
25.02 25.02 25.02 25.02 25.02 33.31 33.31 33.31 33.31 33.31 33.31 33.31 29.49 23.53 23.53 23.53 23.53 23.53 23.53 23.53 24.57 24.57 70.45 9.02 9.02 25.66 25.66 24.24 24.24 5.78 21.42 7.34 7.34 21.42 34.99 7.34 7.34 7.34 21.42 21.42 13.26 13.26 13.26 13.26 13.26 26.19 12.10 35.39 8.45 8.45 8.45 8.45 8.45 8.45 26.19 26.19 26.19 8.45 8.45 14.03 0.00 0.00 0.00 0.00 0.00 0.00 0.00 0.00 0.00 0.00 0.00 0.00 0.00 0.00 0.00 0.00 0.00 0.00 0.00 0.00 0.00
25.02 25.02 25.02 25.02 33.31 33.31 25.02 25.02 33.31 29.49 28.31 25.02 25.02 23.53 23.53 23.53 23.53 23.53 70.45 23.53 23.53 23.53 23.53 24.57 9.02 9.02 3.25 3.92 6.72 7.34 7.34 7.34 7.34 7.34 21.42 6.08 21.42 21.42 3.34 28.43 28.43 13.26 28.43 9.29 9.29 26.19 8.45 8.45 8.45 26.19 26.19 8.45 26.19 26.19 26.19 8.45 8.45 14.03 30.29 0.00 0.00 0.00 0.00 0.00 0.00 0.00 0.00 0.00 0.00 0.00 0.00 0.00 0.00 0.00 0.00 0.00 0.00 0.00 0.00 0.00 0.00
25.02 25.02 29.30 29.30 27.17 23.99 23.01 23.01 27.17 23.99 28.31 28.31 28.31 23.53 23.53 23.53 23.53 23.53 40.06 23.53 23.53 23.53 20.64 24.57 9.02 9.02 3.92 3.92 6.72 5.78 5.78 5.78 5.78 5.78 7.34 7.34 21.42 21.42 13.26 10.31 28.43 28.43 28.43 9.29 9.29 8.45 8.45 8.45 26.19 26.19 26.19 26.19 26.19 26.19 8.45 8.45 14.03 0.00 0.00 0.00 0.00 0.00 0.00 0.00 0.00 0.00 0.00 0.00 0.00 0.00 0.00 0.00 0.00 0.00 0.00 0.00 0.00 0.00 0.00 0.00 0.00
25.02 25.02 25.02 27.17 27.17 23.01 23.99 23.01 23.01 23.99 23.99 28.31 28.31 23.53 23.53 23.53 23.53 23.53 23.53 23.53 23.53 23.53 23.53 20.64 24.57 9.02 3.92 3.92 24.24 5.78 5.78 5.78 5.78 5.78 7.34 5.78 21.42 7.34 10.31 10.31 9.29 9.29 9.29 9.29 9.29 8.45 8.45 8.45 43.99 26.19 26.19 26.19 8.45 8.45 8.45 8.45 14.03 0.00 0.00 0.00 0.00 0.00 0.00 0.00 0.00 0.00 0.00 0.00 0.00 0.00 0.00 0.00 0.00 0.00 0.00 0.00 0.00 0.00 0.00 0.00 0.00
