New_Model_Runs/7_FutureClimate_RCP85_out/post_prcessed_no_MFR/runoff_annual.asc
NCOLS 700
NROWS 400
XLLCENTER 515000.000000
YLLCENTER 8409000.000000
CELLSIZE 50.000000
NODATA_value -999.000000
[rows 216 to 251 of 400, columns 243 to 323 of 700]
19.77 19.46 19.46 19.46 19.46 17.59 17.59 17.59 45.82 30.51 17.17 17.17 17.17 17.37 17.99 17.99 17.99 19.10 19.10 19.10 19.10 19.27 19.27 19.27 19.27 19.21 7.09 7.09 19.21 16.10 16.10 16.10 26.51 20.27 5.75 5.75 15.90 15.39 15.39 15.39 15.39 15.15 15.15 15.15 35.26 13.37 13.37 13.37 13.37 13.30 13.30 13.30 13.30 13.36 13.36 13.36 13.36 13.43 22.15 13.43 13.43 12.49 12.49 12.49 12.49 12.77 12.77 12.77 12.77 12.80 21.39 12.80 4.23 3.54 7.23 3.12 5.13 4.15 5.35 5.35 5.35
19.77 19.46 46.09 33.69 19.46 17.59 31.59 17.59 17.59 17.17 17.17 17.17 17.17 17.37 17.99 17.99 17.99 19.10 19.10 19.10 19.10 19.27 19.27 19.27 7.12 7.09 7.09 19.21 19.21 16.10 16.10 16.10 16.10 15.90 5.75 5.92 25.82 15.39 15.39 15.39 15.39 15.15 15.15 15.15 15.15 13.37 13.37 13.37 13.37 13.30 13.30 13.30 13.30 13.36 13.36 13.36 13.36 6.93 13.43 13.43 13.43 12.49 12.49 21.06 12.49 12.77 12.77 12.77 12.77 12.80 12.80 12.80 4.23 3.54 6.54 6.54 3.54 2.83 4.42 5.35 11.46
19.77 19.46 33.69 33.69 19.46 17.59 17.59 17.59 17.59 17.17 17.17 17.17 17.17 17.37 17.37 17.99 17.99 19.10 19.10 19.10 19.10 7.12 12.18 7.12 7.12 7.09 7.09 19.21 19.21 16.10 16.10 16.10 5.92 5.92 5.75 5.75 15.90 5.53 5.53 15.39 15.39 15.15 15.15 15.15 15.15 13.37 13.37 13.37 13.37 13.30 13.30 13.30 13.30 13.36 13.36 13.36 13.36 13.43 13.43 13.43 13.43 12.49 12.49 12.49 12.49 12.77 12.77 12.77 12.77 12.80 12.80 4.23 2.81 3.54 5.13 7.43 6.54 5.35 11.46 5.35 5.35
19.77 19.46 19.46 19.46 19.46 31.49 17.59 17.59 17.59 17.17 17.17 17.17 17.17 17.37 17.37 17.99 17.99 19.10 19.10 19.10 19.10 7.12 5.30 5.30 4.67 7.09 19.21 19.21 19.21 16.10 23.80 28.65 5.92 5.92 15.90 5.75 5.75 3.56 5.53 5.53 15.39 15.15 15.15 15.15 5.92 3.34 5.47 13.37 13.37 13.30 13.30 13.30 13.30 13.36 13.36 13.36 22.10 13.43 13.43 13.43 13.43 12.49 12.49 21.06 12.49 12.77 12.77 12.77 12.77 12.80 12.80 4.23 4.23 6.54 6.54 6.54 6.54 4.15 5.35 5.35 5.35
19.69 19.27 19.27 19.27 19.27 17.44 17.44 17.44 17.44 17.75 17.75 17.75 17.75 17.98 17.98 18.54 18.54 19.21 19.21 19.21 19.21 7.13 5.30 4.67 4.67 19.17 19.17 19.17 19.17 16.09 23.80 5.92 5.92 3.61 3.61 4.10 5.74 7.23 8.06 11.33 24.86 14.47 14.47 14.47 14.47 22.94 11.70 13.47 13.47 14.05 14.05 14.05 14.05 13.43 13.43 13.43 13.43 13.40 13.40 13.40 13.40 12.53 12.53 4.10 12.53 12.85 12.85 12.85 6.37 6.35 12.56 4.12 4.12 2.81 5.13 6.54 6.54 4.15 4.15 5.35 5.35
19.69 19.27 19.27 19.27 19.27 17.44 17.44 31.19 17.44 17.75 17.75 17.75 17.75 17.98 17.98 17.98 18.54 19.21 19.21 19.21 19.21 7.13 5.30 7.13 19.30 19.17 19.17 19.17 19.17 16.09 5.92 8.64 5.92 3.61 3.18 3.18 5.74 5.45 11.26 5.45 15.20 14.47 14.47 14.47 14.47 13.47 19.25 6.98 22.73 14.05 14.05 14.05 14.05 13.43 13.43 13.43 13.43 13.40 13.40 13.40 13.40 12.53 12.53 3.54 3.54 8.34 12.85 6.37 21.08 21.08 29.89 12.56 4.12 4.24 5.13 6.54 13.53 5.35 11.46 11.46 11.46
34.18 19.27 19.27 19.27 19.27 17.44 17.44 17.44 17.44 17.75 17.75 17.75 17.75 17.98 17.98 17.98 18.54 19.21 19.21 19.21 19.21 4.67 4.67 7.13 19.30 19.17 19.17 19.17 19.17 16.09 31.23 5.92 5.92 4.82 4.93 4.10 5.74 5.45 5.45 15.20 15.20 7.62 14.47 14.47 14.47 3.79 11.92 3.34 4.58 14.05 6.99 14.05 14.05 13.43 13.43 13.43 13.43 13.40 13.40 13.40 5.47 12.53 12.53 3.54 3.12 5.13 3.54 2.81 21.08 21.08 21.08 12.56 12.56 12.82 3.12 6.54 6.54 11.46 11.46 11.46 11.99
19.69 19.27 19.27 19.27 19.27 31.19 17.44 17.44 17.44 17.75 17.75 17.75 17.75 17.98 17.98 17.98 9.81 19.21 19.21 19.21 9.67 4.67 4.67 19.30 19.30 19.17 19.17 19.17 19.17 16.09 16.09 16.09 6.30 3.18 3.61 15.90 15.90 5.45 15.20 24.40 15.20 7.62 14.47 7.62 22.10 13.47 4.58 11.92 4.56 3.79 3.79 3.14 14.05 13.43 13.43 13.43 13.43 13.40 13.40 13.40 5.47 12.53 5.13 3.54 5.45 6.54 6.54 6.54 5.45 21.08 6.35 21.08 12.56 3.54 5.13 13.53 6.54 5.35 11.46 6.01 6.01
19.61 33.21 19.15 19.15 84.95 31.61 31.61 17.60 17.60 19.28 19.28 19.28 19.28 18.15 31.89 18.15 18.15 19.25 29.01 7.11 4.67 7.64 7.64 19.23 19.23 19.10 19.10 19.10 19.10 16.03 29.07 5.92 8.69 8.24 15.71 15.71 15.71 31.44 14.50 14.50 14.50 7.57 10.79 10.79 14.11 13.94 13.94 5.47 6.81 3.34 3.79 3.79 14.18 22.27 13.46 13.46 13.46 13.50 13.50 13.50 5.47 5.13 5.13 11.27 6.54 6.54 6.54 6.54 3.54 21.08 21.08 13.53 13.53 13.53 6.54 6.54 6.54 4.15 6.01 4.81 4.81
19.61 19.15 19.15 19.15 19.15 17.60 17.60 17.60 17.60 19.28 19.28 19.28 19.28 18.15 18.15 18.15 18.15 29.01 12.40 5.30 7.64 19.23 29.01 19.23 19.23 19.10 19.10 19.10 19.10 16.03 16.03 3.18 4.93 4.93 15.71 15.71 15.71 14.50 24.00 14.50 10.79 14.11 10.79 10.79 20.63 13.94 13.94 13.94 11.53 6.97 4.56 11.30 14.18 13.46 22.27 13.46 13.46 13.50 13.50 13.50 13.50 12.50 5.13 4.26 6.54 6.54 6.54 13.53 13.53 3.12 5.45 13.53 13.53 13.53 6.54 5.13 6.54 6.01 6.01 4.81 18.64
17.99 16.57 16.57 16.57 16.57 16.29 16.29 16.29 16.29 16.79 16.79 16.79 16.79 14.73 14.73 14.73 14.73 5.97 4.12 4.12 17.63 8.76 8.76 8.76 17.61 17.49 17.49 17.49 54.74 13.25 13.25 4.26 4.26 4.26 4.37 4.37 12.97 12.18 12.18 18.41 9.38 9.38 9.38 9.38 12.01 10.91 10.91 10.91 10.91 3.76 8.87 10.07 5.80 5.80 10.66 10.66 10.66 19.07 10.69 5.12 19.07 9.65 3.31 1.94 3.31 4.32 4.32 9.64 9.64 9.64 3.31 9.64 9.64 4.32 4.32 3.31 15.96 3.82 2.87 3.08 3.08
17.99 29.40 16.57 16.57 16.57 16.29 16.29 16.29 16.29 16.79 16.79 16.79 16.79 14.73 14.73 14.73 14.73 5.97 4.12 4.12 6.72 26.15 26.15 8.76 17.61 17.49 17.49 17.49 45.26 13.25 13.25 3.12 3.12 4.37 4.37 4.37 12.97 12.18 12.18 12.18 9.38 9.38 9.38 9.38 9.38 10.91 10.91 10.91 2.75 3.76 7.73 5.80 3.57 10.66 10.66 10.66 10.66 5.12 4.53 19.07 19.07 15.78 3.31 1.94 9.64 9.64 9.64 3.54 4.32 9.64 3.31 9.64 11.05 11.05 4.94 5.99 25.66 3.82 14.63 4.95 31.40
18.04 16.78 16.78 16.78 16.78 16.37 16.37 8.80 16.37 16.79 16.79 16.79 16.79 14.71 14.71 14.71 14.71 5.44 4.12 6.39 26.15 6.72 6.72 17.47 17.47 17.34 17.34 17.34 9.98 13.49 4.26 4.37 12.97 12.35 4.13 4.13 12.35 19.33 11.43 11.43 9.38 9.38 9.38 9.38 9.38 10.99 10.99 10.99 2.75 3.76 4.82 5.80 3.58 3.52 10.94 19.07 10.94 10.90 10.07 3.76 3.76 15.78 4.32 7.87 9.64 9.64 9.64 4.32 4.32 4.32 15.78 15.78 11.05 15.98 4.87 33.79 0.00 31.40 0.00 0.00 0.00
18.04 16.78 16.78 16.78 16.78 16.37 8.80 8.80 16.37 16.79 16.79 16.79 16.79 14.71 14.71 26.70 7.64 4.82 6.99 4.01 8.74 26.15 26.15 17.47 17.47 17.34 17.34 17.34 7.13 2.75 12.97 12.97 12.97 12.35 12.35 4.13 4.13 19.33 11.43 11.43 11.43 12.08 12.08 12.08 12.08 10.99 10.99 10.99 3.54 3.76 2.75 15.49 7.62 5.19 2.75 4.53 10.94 10.90 3.76 10.07 5.80 7.87 9.64 3.54 4.32 4.32 3.54 9.64 3.54 4.32 4.32 3.31 3.78 5.99 0.00 0.00 0.00 0.00 0.00 0.00 0.00
18.04 16.78 16.78 16.78 16.78 16.37 13.50 8.80 16.37 16.79 16.79 16.79 16.79 14.71 14.71 14.71 14.71 15.89 4.82 4.12 6.72 6.72 8.72 17.47 17.47 6.72 17.34 52.76 26.15 5.12 12.97 12.97 12.97 12.35 12.35 12.35 19.96 11.43 11.43 11.43 11.43 12.08 12.08 12.08 12.08 10.99 10.99 10.99 3.76 3.76 3.76 17.51 5.80 5.80 5.80 3.76 3.52 10.90 10.07 12.12 4.82 4.32 9.64 9.64 9.64 15.78 4.32 3.31 3.31 3.54 3.54 3.54 5.38 5.36 0.00 0.00 0.00 0.00 0.00 0.00 0.00
18.04 16.78 16.78 16.78 16.78 8.80 8.80 16.37 28.95 16.79 16.79 16.79 16.79 14.71 14.71 14.71 14.71 15.89 15.89 4.82 6.72 6.72 17.47 17.47 26.15 8.68 26.15 8.68 8.68 12.97 12.97 12.97 12.97 12.35 12.35 12.35 12.35 11.43 11.43 11.43 11.43 12.08 12.08 12.08 4.03 3.54 10.99 10.99 3.54 2.41 5.80 5.80 12.12 5.80 5.80 12.12 12.12 10.07 10.07 4.53 4.53 3.31 4.32 3.54 3.54 3.31 4.32 15.78 15.78 3.54 3.54 4.24 0.00 0.00 0.00 0.00 0.00 0.00 0.00 0.00 13.94
18.15 16.64 16.64 16.64 29.47 16.43 16.43 16.43 16.43 16.98 16.98 16.98 16.98 14.09 14.09 14.09 14.09 14.94 27.12 4.82 6.72 6.72 6.72 6.72 6.72 8.61 6.72 17.12 6.72 9.65 12.59 20.97 12.59 12.01 12.01 12.01 12.01 11.90 11.90 11.90 11.90 12.32 12.32 12.32 4.12 2.75 2.75 3.12 3.76 2.41 4.82 5.80 19.40 12.12 12.12 12.12 12.12 4.82 12.12 5.80 12.12 4.32 9.64 9.64 4.32 4.32 4.32 3.54 3.54 15.78 9.70 12.09 33.79 0.00 0.00 0.00 0.00 0.00 0.00 0.00 5.43
18.15 16.64 16.64 54.00 29.47 16.43 16.43 16.43 16.43 16.98 16.98 16.98 16.98 14.09 14.09 14.09 14.09 14.94 14.94 4.82 6.72 22.21 17.32 6.72 6.72 8.52 7.13 7.13 6.72 12.59 20.97 12.59 12.59 12.01 12.01 12.01 12.01 11.90 11.90 11.90 11.90 12.32 12.32 12.32 12.32 11.05 3.12 3.12 3.12 12.12 4.82 4.82 12.12 27.26 12.12 5.80 5.80 12.12 12.12 12.12 5.80 9.64 9.64 9.64 9.64 9.64 4.32 15.78 3.31 3.19 3.19 4.02 5.99 0.00 4.87 0.00 0.00 0.00 0.00 13.75 5.43
18.15 16.64 8.80 16.64 16.64 16.43 16.43 16.43 16.43 16.98 16.98 16.98 16.98 14.09 14.09 14.09 14.09 14.94 14.94 5.37 14.94 17.32 17.32 17.32 8.52 8.52 8.52 7.13 17.09 12.59 12.59 12.59 12.59 12.01 12.01 12.01 12.01 11.90 11.50 11.90 11.90 12.32 12.32 12.32 20.57 11.05 3.57 3.12 5.80 5.80 12.12 12.12 12.12 5.80 5.80 5.80 5.80 5.80 19.07 19.07 19.07 4.32 3.54 9.64 9.64 9.64 4.32 4.32 4.24 15.96 4.24 4.24 15.31 15.06 15.06 5.99 0.00 0.00 0.00 0.00 90.67
18.15 8.80 16.64 16.64 29.47 16.43 16.43 16.43 16.43 16.98 16.98 16.98 16.98 14.09 14.09 14.09 14.09 14.94 5.37 7.64 14.94 17.32 17.32 6.72 17.12 8.61 8.52 16.16 17.09 12.59 12.59 13.49 5.12 12.01 12.01 12.01 12.01 11.90 11.90 11.90 11.90 12.32 12.32 12.32 12.32 3.57 3.57 11.05 5.80 12.12 5.80 12.12 4.82 4.53 4.53 6.53 4.53 5.11 5.80 4.53 4.53 3.31 4.32 4.32 4.32 9.64 4.32 4.24 3.42 8.91 4.24 15.31 15.31 15.06 33.79 33.79 0.00 0.00 0.00 0.00 0.00
16.77 16.53 16.53 16.53 16.53 16.76 16.76 16.76 16.76 18.17 18.17 18.17 18.17 14.69 14.69 14.69 14.69 14.81 4.82 7.64 14.81 14.69 6.72 17.12 17.12 16.81 8.52 8.52 16.81 5.44 13.49 5.44 6.53 12.21 12.21 12.21 12.21 12.18 20.11 12.18 12.18 12.27 12.27 12.27 12.27 3.41 10.70 10.70 5.80 5.80 12.12 5.80 5.80 4.53 6.63 4.53 4.53 5.80 19.07 4.53 19.07 3.31 4.32 4.32 3.54 9.64 3.19 3.99 0.00 0.00 0.00 33.79 14.88 0.00 33.79 33.79 0.00 0.00 0.00 0.00 0.00
17.93 29.33 16.53 16.53 16.53 16.76 16.76 16.76 16.76 18.17 18.17 18.17 18.17 14.69 14.69 14.69 14.69 14.81 7.64 7.64 14.81 14.69 17.09 17.12 17.12 17.12 8.52 8.52 17.12 13.49 13.49 13.49 21.02 20.31 12.21 12.21 12.21 12.18 12.18 12.18 12.18 12.27 12.27 12.27 12.27 10.07 10.70 4.82 5.80 5.80 12.12 12.12 5.80 4.82 4.82 5.80 5.80 4.82 4.53 19.07 4.53 4.32 3.54 3.54 9.26 15.78 3.42 3.99 0.00 0.00 0.00 0.00 0.00 0.00 0.00 0.00 0.00 0.00 0.00 0.00 0.00
17.93 16.53 16.53 16.53 16.53 57.49 16.76 16.76 16.76 18.17 18.17 18.17 18.17 14.69 14.69 14.69 14.69 4.82 7.64 17.77 9.48 14.69 17.09 17.09 17.12 8.52 17.12 8.52 8.52 6.53 13.49 13.49 40.52 12.21 12.21 3.54 3.54 3.12 4.07 12.18 12.18 12.27 12.27 12.27 3.12 10.07 12.12 5.80 12.12 5.80 5.80 5.80 12.12 10.84 5.80 5.80 5.80 12.12 4.53 4.53 4.53 3.31 3.31 9.26 0.26 0.21 5.22 3.42 0.00 0.00 0.00 0.00 0.00 0.00 0.00 0.00 0.00 0.00 0.00 0.00 0.00
17.93 16.53 16.53 16.53 16.53 16.76 16.76 16.76 16.76 18.17 18.17 18.17 18.17 14.69 14.69 14.69 11.69 4.82 17.77 17.77 17.77 7.64 14.69 26.15 17.12 8.52 8.52 8.52 8.52 12.43 12.24 5.44 5.44 4.08 4.26 4.26 4.26 4.26 4.26 11.24 11.24 4.26 12.27 12.27 13.49 12.12 12.12 5.80 5.80 12.12 12.12 5.80 12.12 12.12 5.80 5.80 12.12 5.80 5.80 5.80 19.07 3.31 15.78 0.86 0.21 5.22 1.46 1.46 1.46 0.00 0.00 0.00 0.00 0.00 0.00 0.00 0.00 0.00 0.00 0.00 0.00
17.00 16.77 16.77 16.77 29.70 17.93 17.93 17.93 17.93 18.49 18.49 18.49 18.49 14.77 14.77 4.82 4.26 4.82 7.64 17.77 17.77 17.77 17.77 6.72 17.12 8.52 8.52 16.65 16.65 6.53 11.66 5.44 6.53 6.53 6.53 21.02 6.53 6.53 6.53 6.53 13.49 13.49 6.53 6.53 6.53 12.12 4.53 5.80 5.80 5.80 5.80 12.12 12.12 12.12 12.12 5.80 4.53 5.80 5.80 4.53 6.97 0.26 0.26 0.70 0.98 1.46 1.46 1.83 1.46 0.00 0.00 0.00 0.00 0.00 0.00 0.00 0.00 0.00 0.00 0.00 0.00
17.00 16.77 16.77 16.77 16.77 17.93 17.93 17.93 17.93 18.49 18.49 18.49 18.49 14.77 14.77 4.26 4.82 7.64 7.64 7.64 17.77 17.77 9.48 7.64 8.52 16.65 16.65 16.65 16.65 12.42 6.53 12.42 12.42 5.44 0.35 12.33 12.33 6.53 6.53 9.74 7.83 6.53 6.53 5.44 6.53 12.12 5.80 5.80 5.80 6.67 5.80 5.80 5.80 10.47 12.12 5.80 19.07 4.53 5.80 12.12 6.97 0.80 0.98 2.55 1.46 1.46 1.78 1.46 1.46 1.46 0.00 0.00 0.00 0.00 0.00 0.00 0.00 0.00 0.00 0.00 0.00
12.72 12.59 12.59 12.59 12.59 12.79 12.79 12.79 12.79 7.24 7.24 13.20 13.20 11.17 3.79 10.90 6.39 20.16 20.16 13.04 5.32 6.39 6.39 6.39 6.60 5.18 5.18 5.18 0.37 0.25 0.25 0.25 0.34 0.34 0.25 10.37 10.17 10.18 0.71 0.71 1.53 1.53 5.26 5.26 5.26 4.15 9.34 4.15 4.14 4.14 9.34 4.15 4.15 15.35 9.34 8.90 4.13 3.40 15.35 0.75 0.75 4.59 2.23 1.26 1.26 1.26 1.26 1.26 1.26 1.26 1.26 0.00 0.00 0.00 0.00 0.00 0.00 0.00 0.00 0.00 0.00
12.72 12.59 12.59 12.59 7.24 12.79 12.79 12.79 7.24 10.98 7.24 13.20 13.20 3.79 10.90 13.04 4.99 10.83 10.83 13.04 13.04 13.04 4.99 6.39 6.60 5.18 5.18 5.18 5.18 1.04 0.25 0.25 0.34 1.53 0.28 0.34 4.09 1.04 1.04 0.71 1.53 0.97 1.53 0.34 0.71 0.75 3.40 3.40 4.14 15.35 15.35 3.18 3.40 3.40 21.16 4.15 15.35 0.75 0.75 0.82 0.41 0.84 1.26 3.44 1.26 1.26 1.26 1.26 1.26 1.26 1.26 1.26 0.00 0.00 0.00 0.00 0.00 0.00 0.00 0.00 0.00
12.80 12.74 12.74 7.24 7.24 12.88 12.88 12.88 7.24 7.24 7.24 7.24 13.21 5.34 6.39 13.04 13.04 5.32 13.04 5.32 4.99 4.99 6.39 4.99 4.99 5.18 5.18 5.18 5.18 4.09 0.25 0.25 0.25 0.25 0.71 1.53 4.09 1.04 1.04 1.04 1.04 0.71 1.53 1.04 1.04 3.18 3.18 3.40 3.40 3.18 3.40 4.15 3.40 4.15 9.34 9.34 22.77 0.82 5.08 0.67 0.41 0.16 4.59 1.26 1.57 1.26 2.23 1.26 1.76 1.26 1.26 6.97 6.97 0.00 0.00 0.00 0.00 0.00 0.00 0.00 0.00
12.80 12.74 7.24 10.98 7.24 7.13 12.88 12.88 7.24 7.24 7.24 7.24 13.21 13.04 5.32 5.32 13.04 6.39 5.32 5.32 4.99 4.99 6.39 4.99 4.99 5.18 5.18 5.18 5.18 1.04 0.25 0.25 0.25 0.71 0.71 1.53 0.71 0.71 1.04 1.04 6.35 1.53 1.04 1.04 1.04 3.18 4.15 9.34 3.18 3.18 4.15 3.18 4.15 4.15 9.34 7.83 9.34 18.75 3.09 5.08 0.41 0.16 4.59 1.26 1.33 2.72 1.62 2.23 2.23 1.26 1.57 6.97 6.97 0.00 0.00 0.00 0.00 0.00 0.00 0.00 0.00
12.80 12.74 20.71 12.74 12.74 12.88 12.88 7.24 7.24 7.24 7.24 13.21 16.92 5.32 5.32 13.04 6.39 4.99 6.39 4.99 5.32 4.99 6.39 4.99 6.39 5.32 5.18 1.37 1.37 1.04 0.25 0.25 0.25 0.71 0.71 1.04 0.34 1.53 1.53 6.35 1.53 6.35 6.35 1.04 1.04 5.08 9.34 9.34 4.15 3.40 8.81 8.81 14.12 8.32 9.34 9.34 4.10 9.44 0.62 0.67 5.08 4.59 4.59 6.97 1.49 1.49 1.26 1.26 1.26 1.26 1.26 1.26 1.26 0.00 0.00 0.00 0.00 0.00 0.00 0.00 0.00
12.80 8.99 12.74 12.74 12.74 12.88 12.88 7.24 7.24 7.24 16.92 16.92 7.65 5.32 5.32 6.39 13.04 10.83 6.39 6.39 13.04 13.04 4.99 4.99 6.39 6.39 5.18 1.37 1.37 1.04 0.25 0.25 1.04 0.71 0.71 1.04 0.71 0.71 1.04 1.53 1.04 1.53 1.53 1.53 6.35 5.08 5.08 0.75 4.15 4.15 3.40 8.81 9.34 4.15 9.34 9.34 9.44 5.08 5.08 0.67 5.08 4.59 6.97 6.97 3.91 1.49 1.49 2.23 1.26 1.26 1.26 6.97 11.72 1.57 1.26 0.00 0.00 0.00 0.00 0.00 0.00
8.99 7.24 8.99 8.99 7.24 13.07 13.07 7.24 7.24 16.92 16.92 16.92 7.65 13.04 5.32 6.39 6.39 6.39 6.39 4.99 21.53 4.99 6.39 6.39 4.99 4.99 6.60 6.60 1.37 1.04 0.25 0.25 1.04 0.71 1.04 0.34 0.71 0.71 1.04 1.04 6.35 0.34 1.53 1.53 1.53 1.13 1.13 4.15 3.18 4.15 4.15 11.69 9.34 9.39 9.34 3.33 5.17 5.08 5.08 5.08 7.68 6.97 6.97 6.97 6.97 1.26 1.83 1.49 1.62 1.26 2.23 6.97 6.97 6.97 1.26 0.00 0.00 0.00 0.00 0.00 0.00
7.13 14.05 8.99 8.99 8.99 8.99 13.07 7.24 7.24 16.92 16.92 16.92 16.92 5.32 5.32 6.39 13.04 6.39 6.39 4.99 4.99 4.99 4.99 5.32 6.39 6.39 5.23 2.00 1.37 1.04 0.25 0.71 1.04 1.53 0.71 0.34 0.71 0.71 0.71 1.53 1.53 6.35 1.53 0.34 6.35 1.13 1.13 4.15 9.34 4.15 4.15 6.14 9.34 0.24 0.20 0.20 5.08 5.08 5.08 7.68 7.68 6.97 6.97 1.26 1.26 1.26 1.49 1.49 1.26 1.26 6.97 6.97 6.97 6.97 1.26 0.00 0.00 0.00 0.00 0.00 0.00
16.92 12.61 7.24 8.99 16.92 8.99 16.92 16.92 7.24 7.65 7.65 16.92 7.65 4.99 6.39 6.39 6.39 6.39 4.99 4.99 20.16 4.99 4.99 20.16 4.99 6.39 5.23 0.96 0.96 0.71 0.71 0.71 0.71 0.71 0.34 0.34 0.71 0.71 1.53 1.53 1.53 0.34 0.34 0.34 0.34 1.13 1.13 0.75 4.15 9.34 9.34 4.15 0.75 0.62 0.95 5.08 5.08 1.42 7.68 7.68 7.68 6.97 1.26 1.26 1.26 1.26 6.97 6.97 2.23 2.17 6.97 6.97 6.97 6.97 1.26 1.26 0.00 0.00 0.00 0.00 0.00
7.65 8.99 8.99 8.99 8.99 8.99 16.92 7.65 7.65 8.99 8.99 8.99 8.99 4.99 5.32 6.39 10.71 4.99 4.99 4.99 20.16 20.16 20.16 20.16 20.16 4.99 4.99 5.18 1.37 1.13 0.34 1.04 0.25 0.34 0.34 0.34 1.13 0.71 6.35 1.53 6.35 1.53 6.35 6.35 1.53 1.13 1.13 1.13 1.13 1.19 1.13 0.24 0.95 5.08 5.08 5.08 7.68 1.42 7.68 7.68 7.68 6.97 6.97 1.26 6.97 2.23 6.97 6.97 6.97 6.97 6.97 6.97 6.97 1.26 1.26 1.26 0.00 0.00 0.00 0.00 0.00
