New_Model_Runs/10_Future_Present_Scn3_out/post_prcessed_no_MFR/actual_et_annual.asc
NCOLS 700
NROWS 400
XLLCENTER 515000.000000
YLLCENTER 8409000.000000
CELLSIZE 50.000000
NODATA_value -999.000000
[rows 180 to 215 of 400, columns 81 to 161 of 700]
0.00 0.00 0.00 0.00 0.00 0.00 0.00 0.00 0.00 0.00 0.00 0.00 0.00 0.00 0.00 0.00 0.00 0.00 0.00 0.00 0.00 0.00 0.00 0.00 0.00 0.00 0.00 0.00 0.00 0.00 0.00 0.00 0.00 0.00 0.00 0.00 0.00 0.00 0.00 0.00 0.00 0.00 0.00 0.00 0.00 0.00 0.00 0.00 13.69 13.69 13.69 13.69 13.69 13.69 13.69 13.69 13.69 13.69 13.69 13.69 0.00 0.00 0.00 0.00 0.00 0.00 0.00 0.00 0.00 49.66 13.55 13.55 13.55 13.55 13.55 13.55 13.55 13.55 13.55 13.80 13.80
0.00 0.00 0.00 0.00 0.00 0.00 0.00 0.00 0.00 0.00 0.00 0.00 0.00 0.00 0.00 0.00 0.00 0.00 0.00 0.00 0.00 0.00 0.00 0.00 0.00 0.00 0.00 0.00 0.00 0.00 0.00 0.00 0.00 0.00 0.00 0.00 0.00 0.00 0.00 0.00 0.00 0.00 0.00 0.00 0.00 0.00 0.00 0.00 0.00 13.69 13.69 13.69 13.69 13.69 13.69 13.69 13.69 13.69 13.69 13.69 0.00 0.00 0.00 0.00 0.00 0.00 0.00 0.00 0.00 13.55 13.55 13.55 13.55 13.55 13.55 13.55 13.55 13.55 13.55 13.80 13.80
0.00 0.00 0.00 0.00 0.00 0.00 0.00 0.00 0.00 0.00 0.00 0.00 0.00 0.00 0.00 0.00 0.00 0.00 0.00 0.00 0.00 0.00 0.00 0.00 0.00 0.00 0.00 0.00 0.00 0.00 0.00 0.00 0.00 0.00 0.00 0.00 0.00 51.25 14.22 51.25 0.00 0.00 51.25 14.22 0.00 0.00 0.00 0.00 0.00 13.69 13.69 13.69 13.69 13.69 13.69 13.69 13.69 13.69 13.69 13.69 13.69 49.89 13.69 13.55 13.55 0.00 0.00 1.13 13.55 13.55 13.55 13.55 13.55 13.55 13.55 13.55 13.55 13.55 13.55 13.80 13.80
0.00 0.00 0.00 0.00 0.00 0.00 0.00 0.00 0.00 0.00 0.00 0.00 0.00 0.00 0.00 0.00 0.00 0.00 0.00 0.00 0.00 0.00 0.00 0.00 0.00 0.00 0.00 0.00 0.00 0.00 0.00 0.00 0.00 0.00 0.00 0.00 0.00 14.22 14.22 14.22 14.22 14.22 14.22 14.22 50.62 0.00 0.00 49.89 13.69 13.69 13.69 13.69 13.69 13.69 13.69 13.69 13.69 13.69 13.69 13.69 13.69 13.69 13.69 13.55 13.55 13.55 13.55 13.55 13.55 13.55 13.55 13.55 13.55 13.55 13.55 13.55 13.55 13.55 13.55 13.80 13.80
0.00 0.00 0.00 0.00 0.00 0.00 0.00 0.00 0.00 0.00 0.00 0.00 0.00 0.00 0.00 0.00 0.00 0.00 0.00 0.00 0.00 0.00 0.00 0.00 0.00 0.00 0.00 0.00 0.00 0.00 0.00 0.00 51.23 14.22 14.22 14.22 14.22 14.22 14.22 14.22 14.22 14.22 14.22 14.22 14.22 14.22 14.22 13.69 13.69 13.69 13.69 13.69 13.69 13.69 13.69 13.69 13.69 13.69 13.69 13.69 13.69 13.69 13.69 13.55 13.55 13.55 13.55 13.55 13.55 13.55 13.55 13.55 13.55 13.55 13.55 13.55 13.55 13.55 13.55 13.80 13.80
0.00 0.00 0.00 0.00 0.00 0.00 0.00 0.00 0.00 0.00 0.00 0.00 0.00 0.00 0.00 0.00 0.00 0.00 0.00 0.00 0.00 0.00 0.00 0.00 0.00 0.00 0.00 0.00 0.00 0.00 0.00 0.00 14.22 14.22 14.22 14.22 14.22 14.22 14.22 14.22 14.22 14.22 14.22 14.22 14.22 14.22 14.22 13.69 13.69 13.69 13.69 13.69 13.69 13.69 13.69 13.69 13.69 13.69 13.69 13.69 13.69 13.69 13.69 13.55 13.55 13.55 13.55 13.55 13.55 13.55 13.55 13.55 13.55 13.55 13.55 13.55 13.55 13.55 13.55 13.80 13.80
0.00 0.00 0.00 0.00 0.00 0.00 0.00 0.00 0.00 0.00 0.00 0.00 0.00 0.00 0.00 0.00 0.00 0.00 0.00 0.00 0.00 0.00 0.00 0.00 0.00 0.00 0.00 0.00 0.00 0.00 0.00 0.00 14.22 14.22 14.22 14.22 14.22 14.22 14.22 14.22 14.22 14.22 14.22 14.22 14.22 14.22 14.22 13.69 13.69 13.69 13.69 13.69 13.69 13.69 13.69 13.69 13.69 13.69 13.69 13.69 13.69 13.69 13.69 13.55 13.55 13.55 13.55 13.55 13.55 13.55 13.55 13.55 13.55 13.55 13.55 13.55 13.55 13.55 13.55 13.80 13.80
0.00 0.00 0.00 0.00 0.00 0.00 0.00 0.00 0.00 0.00 0.00 0.00 0.00 0.00 0.00 0.00 0.00 0.00 0.00 0.00 0.00 0.00 0.00 0.00 0.00 0.00 35.94 0.00 0.00 0.00 0.00 0.00 1.13 14.22 14.22 14.22 14.22 14.22 14.22 14.22 14.22 14.22 14.22 14.22 14.22 14.22 14.22 13.69 13.69 13.69 13.69 13.69 13.69 13.69 13.69 13.69 13.69 13.69 13.69 13.69 13.69 13.69 13.69 13.55 13.55 13.55 13.55 13.55 13.55 13.55 13.55 13.55 13.55 13.55 13.55 13.55 13.55 13.55 13.55 13.80 13.80
0.00 0.00 0.00 0.00 0.00 0.00 0.00 0.00 0.00 0.00 0.00 0.00 0.00 0.00 0.00 0.00 0.00 0.00 0.00 0.00 0.00 0.00 0.00 0.00 0.00 0.00 9.18 9.18 0.00 0.00 0.00 14.22 14.22 14.22 14.22 14.22 14.22 14.22 14.22 14.22 14.22 14.22 14.22 14.22 14.22 14.22 14.22 13.69 13.69 13.69 13.69 13.69 13.69 13.69 13.69 13.69 13.69 13.69 13.69 13.69 13.69 13.69 13.69 13.55 13.55 13.55 13.55 13.55 13.55 13.55 13.55 13.55 13.55 13.55 13.55 13.55 13.55 13.55 13.55 13.80 13.80
0.00 0.00 0.00 0.00 0.00 0.00 0.00 0.00 0.00 0.00 0.00 0.00 0.00 0.00 0.00 0.00 0.00 0.00 0.00 0.00 0.00 0.00 0.00 0.00 0.00 0.00 0.00 9.18 9.18 9.18 9.18 14.22 14.22 14.22 14.22 14.22 14.22 14.22 14.22 14.22 14.22 14.22 14.22 14.22 14.22 14.22 14.22 13.69 13.69 13.69 13.69 13.69 13.69 13.69 13.69 13.69 13.69 13.69 13.69 13.69 13.69 13.69 13.69 13.55 13.55 13.55 13.55 13.55 13.55 13.55 13.55 13.55 13.55 13.55 13.55 13.55 13.55 13.55 13.55 13.80 13.80
0.00 0.00 0.00 0.00 0.00 0.00 0.00 0.00 0.00 0.00 0.00 0.00 0.00 0.00 0.00 0.00 0.00 0.00 0.00 0.00 0.00 0.00 0.00 0.00 0.00 0.00 0.00 0.00 9.18 9.18 9.18 14.22 14.22 14.22 14.22 14.22 14.22 14.22 14.22 14.22 14.22 14.22 14.22 14.22 14.22 14.22 14.22 13.69 13.69 13.69 13.69 13.69 13.69 13.69 13.69 13.69 13.69 13.69 13.69 13.69 13.69 13.69 13.69 13.55 13.55 13.55 13.55 13.55 13.55 13.55 13.55 13.55 13.55 13.55 13.55 13.55 13.55 13.55 13.55 13.80 13.80
0.00 0.00 0.00 0.00 0.00 0.00 0.00 0.00 0.00 0.00 0.00 0.00 0.00 0.00 0.00 0.00 0.00 0.00 0.00 0.00 0.00 0.00 0.00 0.00 0.00 0.00 0.00 0.00 9.18 9.18 13.46 14.22 14.22 14.22 14.22 14.22 14.22 14.22 14.22 14.22 14.22 14.22 14.22 14.22 14.22 14.22 14.22 13.69 13.69 13.69 13.69 13.69 13.69 13.69 13.69 13.69 13.69 13.69 13.69 13.69 13.69 13.69 13.69 13.55 13.55 13.55 13.55 13.55 13.55 13.55 13.55 13.55 13.55 13.55 13.55 13.55 13.55 13.55 13.55 13.80 13.80
0.00 0.00 0.00 0.00 0.00 0.00 0.00 0.00 0.00 0.00 0.00 0.00 0.00 0.00 0.00 0.00 0.00 0.00 0.00 0.00 0.00 0.00 0.00 0.00 0.00 0.00 0.00 0.00 0.00 9.18 36.06 20.86 20.86 14.22 14.22 14.22 14.22 14.22 14.22 14.22 14.22 14.22 14.22 14.22 14.22 14.22 14.22 13.69 13.69 13.69 13.69 13.69 13.69 13.69 13.69 13.69 13.69 13.69 13.69 13.69 13.69 13.69 13.69 13.55 13.55 13.55 13.55 13.55 13.55 13.55 13.55 13.55 13.55 13.55 13.55 13.55 13.55 13.55 13.55 13.80 13.80
0.00 0.00 0.00 0.00 0.00 0.00 0.00 0.00 0.00 0.00 0.00 0.00 0.00 0.00 0.00 0.00 0.00 0.00 0.00 0.00 0.00 0.00 0.00 0.00 0.00 0.00 0.00 0.00 0.00 27.46 9.18 20.86 20.86 14.22 14.22 14.22 14.22 14.22 14.22 14.22 14.22 14.22 14.22 14.22 14.22 14.22 14.22 13.69 13.69 13.69 13.69 13.69 13.69 13.69 13.69 13.69 13.69 13.69 13.69 13.69 13.69 13.69 13.69 13.55 13.55 13.55 13.55 13.55 13.55 13.55 13.55 13.55 13.55 13.55 13.55 13.55 13.55 13.55 13.55 13.80 13.80
0.00 0.00 0.00 0.00 0.00 0.00 0.00 0.00 0.00 0.00 0.00 0.00 0.00 0.00 0.00 0.00 0.00 0.00 0.00 0.00 0.00 0.00 0.00 0.00 0.00 0.00 0.00 0.00 0.00 53.65 43.06 13.66 13.66 13.66 13.66 13.66 13.66 13.66 13.66 13.66 13.66 13.66 13.66 13.66 13.66 13.66 13.66 12.84 12.84 12.84 12.84 12.84 12.84 12.84 12.84 12.84 12.84 12.84 12.84 12.84 12.84 12.84 12.84 12.16 12.16 12.16 12.16 12.16 12.16 12.16 12.16 12.16 12.16 12.16 12.16 12.16 12.16 12.16 12.16 13.19 13.19
0.00 0.00 0.00 0.00 0.00 0.00 0.00 0.00 0.00 0.00 0.00 0.00 0.00 0.00 0.00 0.00 0.00 0.00 0.00 0.00 0.00 0.00 0.00 0.00 0.00 14.43 0.00 0.00 52.04 37.21 43.06 13.66 13.66 13.66 13.66 13.66 13.66 13.66 13.66 13.66 13.66 13.66 13.66 13.66 13.66 13.66 13.66 12.84 12.84 12.84 12.84 12.84 12.84 12.84 12.84 12.84 12.84 12.84 12.84 12.84 12.84 12.84 12.84 12.16 12.16 12.16 12.16 12.16 12.16 12.16 12.16 12.16 12.16 12.16 12.16 12.16 12.16 12.16 12.16 13.19 13.19
0.00 0.00 0.00 0.00 0.00 0.00 0.00 0.00 0.00 0.00 0.00 0.00 0.00 0.00 0.00 0.00 0.00 0.00 0.00 0.00 0.00 0.00 0.00 0.00 14.43 14.43 14.43 14.43 53.65 53.68 14.43 13.66 13.66 13.66 13.66 13.66 13.66 13.66 13.66 13.66 13.66 13.66 13.66 13.66 13.66 13.66 13.66 12.84 12.84 12.84 12.84 12.84 12.84 12.84 12.84 12.84 12.84 12.84 12.84 12.84 12.84 12.84 12.84 12.16 12.16 12.16 12.16 12.16 12.16 12.16 12.16 12.16 12.16 12.16 12.16 12.16 12.16 12.16 12.16 13.19 13.19
0.00 0.00 0.00 0.00 0.00 0.00 0.00 0.00 0.00 0.00 0.00 0.00 0.00 0.00 0.00 0.00 0.00 0.00 0.00 0.00 0.00 0.00 0.00 14.43 14.43 14.43 14.43 45.06 42.82 42.82 43.06 13.66 13.66 13.66 13.66 13.66 13.66 13.66 13.66 13.66 13.66 13.66 13.66 13.66 13.66 13.66 13.66 12.84 12.84 12.84 12.84 12.84 12.84 12.84 12.84 12.84 12.84 12.84 12.84 12.84 12.84 12.84 12.84 12.16 12.16 12.16 12.16 12.16 12.16 12.16 12.16 12.16 12.16 12.16 12.16 12.16 12.16 12.16 12.16 13.19 13.19
0.00 0.00 0.00 0.00 0.00 0.00 0.00 0.00 0.00 0.00 0.00 0.00 0.00 0.00 0.00 0.00 0.00 0.00 0.00 0.00 0.00 0.00 14.43 14.43 14.43 14.43 21.16 21.16 42.82 42.82 42.82 41.00 13.66 13.66 13.66 13.66 13.66 13.66 13.66 13.66 13.66 13.66 13.66 13.66 13.66 13.66 13.66 12.84 12.84 12.84 12.84 12.84 12.84 12.84 12.84 12.84 12.84 12.84 12.84 12.84 12.84 12.84 12.84 12.16 12.16 12.16 12.16 12.16 12.16 12.16 12.16 12.16 12.16 12.16 12.16 12.16 12.16 12.16 12.16 13.19 13.19
0.00 0.00 0.00 0.00 0.00 52.06 0.00 0.00 0.00 0.00 0.00 0.00 0.00 0.00 0.00 0.00 0.00 53.09 1.13 0.00 52.23 14.43 14.43 14.43 14.43 14.43 14.43 14.43 14.43 14.43 42.82 41.00 13.66 13.66 13.66 13.66 13.66 13.66 13.66 13.66 13.66 13.66 13.66 13.66 13.66 13.66 13.66 12.84 12.84 12.84 12.84 12.84 12.84 12.84 12.84 12.84 12.84 12.84 12.84 12.84 12.84 12.84 12.84 12.16 12.16 12.16 12.16 12.16 12.16 12.16 12.16 12.16 12.16 12.16 12.16 12.16 12.16 12.16 12.16 13.19 13.19
0.00 0.00 0.00 0.00 14.27 14.27 14.27 14.27 0.00 0.00 0.00 0.00 0.00 0.00 0.00 0.00 0.00 53.09 14.43 14.43 14.43 14.43 14.43 14.43 14.43 14.43 14.43 14.43 14.43 14.43 42.82 13.66 13.66 13.66 13.66 13.66 13.66 13.66 13.66 13.66 13.66 13.66 13.66 13.66 13.66 13.66 13.66 12.84 12.84 12.84 12.84 12.84 12.84 12.84 12.84 12.84 12.84 12.84 12.84 12.84 12.84 12.84 12.84 12.16 12.16 12.16 12.16 12.16 12.16 12.16 12.16 12.16 12.16 12.16 12.16 12.16 12.16 12.16 12.16 13.19 13.19
0.00 0.00 0.00 0.00 1.13 14.27 14.27 14.27 0.00 0.00 0.00 0.00 0.00 0.00 0.00 0.00 0.00 14.43 14.43 14.43 14.43 14.43 14.43 14.43 14.43 14.43 14.43 14.43 14.43 14.43 14.43 13.66 13.66 13.66 13.66 13.66 13.66 13.66 13.66 13.66 13.66 13.66 13.66 13.66 13.66 13.66 13.66 12.84 12.84 12.84 12.84 12.84 12.84 12.84 12.84 12.84 12.84 12.84 12.84 12.84 12.84 12.84 12.84 12.16 12.16 12.16 12.16 12.16 12.16 12.16 12.16 12.16 12.16 12.16 12.16 12.16 12.16 12.16 12.16 13.19 13.19
0.00 0.00 0.00 0.00 14.27 14.27 14.27 14.27 14.27 0.00 0.00 0.00 0.00 0.00 0.00 0.00 14.43 14.43 14.43 14.43 14.43 14.43 54.60 14.43 14.43 14.43 14.43 14.43 14.43 14.43 14.43 13.66 13.66 13.66 13.66 13.66 13.66 13.66 13.66 13.66 13.66 13.66 13.66 13.66 13.66 13.66 13.66 12.84 12.84 12.84 12.84 12.84 12.84 12.84 12.84 12.84 12.84 12.84 12.84 12.84 12.84 12.84 12.84 12.16 12.16 12.16 12.16 12.16 12.16 12.16 12.16 12.16 12.16 12.16 12.16 12.16 12.16 12.16 12.16 13.19 13.19
0.00 0.00 14.27 14.27 14.27 14.27 14.27 14.27 14.27 0.00 0.00 0.00 0.00 0.00 0.00 0.00 0.00 14.43 14.43 14.43 14.43 14.43 14.43 14.43 14.43 14.43 14.43 14.43 14.43 14.43 14.43 13.66 13.66 13.66 13.66 13.66 13.66 13.66 13.66 13.66 13.66 13.66 13.66 13.66 13.66 13.66 13.66 12.84 12.84 12.84 12.84 12.84 12.84 12.84 12.84 12.84 12.84 12.84 12.84 12.84 12.84 12.84 12.84 12.16 12.16 12.16 12.16 12.16 12.16 12.16 12.16 12.16 12.16 12.16 12.16 12.16 12.16 12.16 12.16 13.19 13.19
0.00 0.00 51.65 14.27 14.27 14.27 14.27 14.27 14.27 14.27 0.00 0.00 0.00 0.00 0.00 0.00 0.00 14.43 14.43 14.43 14.43 14.43 14.43 14.43 14.43 14.43 14.43 14.43 14.43 14.43 14.43 13.66 13.66 13.66 13.66 13.66 13.66 13.66 13.66 13.66 13.66 13.66 13.66 13.66 13.66 13.66 13.66 12.84 12.84 12.84 12.84 12.84 12.84 12.84 12.84 12.84 12.84 12.84 12.84 12.84 12.84 12.84 12.84 12.16 12.16 12.16 12.16 12.16 12.16 12.16 12.16 12.16 12.16 12.16 12.16 12.16 12.16 12.16 12.16 13.19 13.19
1.13 14.27 14.27 14.27 14.27 14.27 14.27 14.27 14.27 14.27 14.27 0.00 0.00 0.00 0.00 0.00 0.00 14.43 14.43 14.43 14.43 14.43 14.43 14.43 14.43 14.43 14.43 14.43 14.43 14.43 14.43 13.66 13.66 13.66 13.66 13.66 13.66 13.66 13.66 13.66 13.66 13.66 13.66 13.66 13.66 13.66 13.66 12.84 12.84 12.84 12.84 12.84 12.84 12.84 12.84 12.84 12.84 12.84 12.84 12.84 12.84 12.84 12.84 12.16 12.16 12.16 12.16 12.16 12.16 12.16 12.16 12.16 12.16 12.16 12.16 12.16 12.16 12.16 12.16 13.19 13.19
14.27 14.27 14.27 14.27 14.27 14.27 14.27 14.27 14.27 14.27 14.27 46.04 0.00 0.00 0.00 0.00 52.56 14.43 14.43 14.43 14.43 14.43 14.43 14.43 14.43 14.43 14.43 14.43 14.43 14.43 14.43 13.66 13.66 13.66 13.66 13.66 13.66 13.66 13.66 13.66 13.66 13.66 13.66 13.66 13.66 13.66 13.66 12.84 12.84 12.84 12.84 12.84 12.84 12.84 12.84 12.84 12.84 12.84 12.84 12.84 12.84 12.84 12.84 12.16 12.16 17.84 12.16 12.16 12.16 12.16 12.16 12.16 12.16 12.16 12.16 12.16 12.16 12.16 12.16 13.19 13.19
14.27 14.27 14.27 14.27 14.27 14.27 14.27 14.27 14.27 14.27 14.27 20.93 42.18 42.18 51.53 54.26 38.15 42.69 14.43 14.43 44.79 14.43 14.43 14.43 14.43 14.43 14.43 14.43 14.43 14.43 14.43 13.66 13.66 13.66 13.66 13.66 13.66 13.66 13.66 13.66 13.66 13.66 13.66 13.66 13.66 13.66 13.66 12.84 12.84 12.84 12.84 12.84 12.84 12.84 12.84 12.84 12.84 12.84 12.84 12.84 12.84 12.84 12.84 12.16 12.16 12.16 12.16 12.16 12.16 12.16 12.16 12.16 12.16 12.16 12.16 12.16 12.16 12.16 12.16 13.19 13.19
14.27 14.27 14.27 14.27 14.27 14.27 14.27 14.27 14.27 14.27 14.27 14.27 14.27 42.18 42.18 54.26 54.26 45.67 42.69 42.69 14.43 14.43 14.43 14.43 14.43 14.43 14.43 14.43 14.43 14.43 14.43 13.66 13.66 13.66 13.66 13.66 13.66 13.66 13.66 13.66 13.66 13.66 13.66 13.66 13.66 13.66 13.66 12.84 12.84 12.84 12.84 12.84 12.84 12.84 12.84 12.84 12.84 12.84 12.84 12.84 12.84 12.84 12.84 12.16 12.16 12.16 12.16 12.16 12.16 12.16 12.16 12.16 12.16 12.16 12.16 12.16 12.16 12.16 12.16 13.19 13.19
14.27 14.27 14.27 14.27 14.27 14.27 14.27 14.27 14.27 14.27 14.27 14.27 44.27 14.27 42.18 42.69 54.26 45.67 14.43 42.69 42.69 14.43 14.43 14.43 14.43 14.43 14.43 14.43 14.43 14.43 14.43 13.66 13.66 13.66 13.66 13.66 13.66 13.66 13.66 13.66 13.66 13.66 13.66 13.66 13.66 13.66 13.66 12.84 12.84 12.84 12.84 12.84 12.84 12.84 12.84 12.84 12.84 12.84 12.84 12.84 12.84 12.84 12.84 12.16 12.16 12.16 12.16 12.16 12.16 12.16 12.16 12.16 12.16 12.16 12.16 12.16 12.16 12.16 12.16 13.19 13.19
14.10 14.10 14.10 14.10 14.10 14.10 14.10 14.10 14.10 14.10 14.10 14.10 43.96 14.10 14.10 12.97 12.97 41.98 12.97 12.97 12.97 12.97 12.97 12.97 12.97 12.97 12.97 12.97 12.97 12.97 12.97 13.84 13.84 13.84 13.84 13.84 13.84 13.84 13.84 13.84 13.84 13.84 13.84 13.84 13.84 13.84 13.84 12.93 12.93 12.93 12.93 12.93 12.93 12.93 12.93 12.93 12.93 12.93 12.93 12.93 12.93 12.93 12.93 12.21 12.21 12.21 12.21 12.21 12.21 12.21 12.21 12.21 12.21 12.21 12.21 12.21 12.21 12.21 12.21 12.22 17.93
14.10 14.10 42.09 14.10 14.10 14.10 14.10 14.10 14.10 14.10 14.10 14.10 14.10 14.10 14.10 12.97 12.97 12.97 12.97 38.80 38.80 12.97 19.02 12.97 12.97 12.97 12.97 12.97 12.97 12.97 12.97 13.84 13.84 13.84 13.84 13.84 13.84 13.84 13.84 13.84 13.84 13.84 13.84 13.84 13.84 13.84 13.84 12.93 12.93 12.93 12.93 12.93 12.93 12.93 12.93 12.93 12.93 12.93 12.93 12.93 12.93 12.93 12.93 12.21 12.21 12.21 12.21 12.21 12.21 12.21 12.21 12.21 12.21 12.21 12.21 12.21 12.21 12.21 12.21 12.22 12.22
14.10 14.10 14.10 14.10 14.10 14.10 14.10 14.10 14.10 14.10 14.10 14.10 14.10 43.96 14.10 12.97 12.97 12.97 12.97 38.80 38.80 12.97 12.97 12.97 12.97 12.97 12.97 12.97 12.97 12.97 12.97 13.84 13.84 13.84 13.84 13.84 13.84 13.84 13.84 13.84 13.84 13.84 13.84 13.84 13.84 13.84 13.84 12.93 12.93 12.93 12.93 12.93 12.93 12.93 12.93 12.93 12.93 12.93 12.93 12.93 12.93 12.93 12.93 12.21 12.21 12.21 12.21 12.21 12.21 12.21 12.21 12.21 12.21 12.21 12.21 12.21 12.21 12.21 12.21 12.22 12.22
14.10 14.10 14.10 14.10 14.10 14.10 14.10 14.10 14.10 14.10 14.10 14.10 14.10 14.10 14.10 12.97 12.97 19.02 38.92 38.92 38.80 41.98 41.98 12.97 12.97 12.97 12.97 12.97 12.97 12.97 12.97 13.84 13.84 13.84 13.84 13.84 13.84 13.84 13.84 13.84 13.84 13.84 13.84 13.84 13.84 13.84 13.84 12.93 12.93 12.93 12.93 12.93 12.93 12.93 12.93 12.93 12.93 12.93 12.93 12.93 12.93 12.93 12.93 12.21 12.21 12.21 12.21 12.21 12.21 12.21 12.21 12.21 12.21 12.21 12.21 12.21 12.21 12.21 12.21 12.22 12.22
14.10 14.10 14.10 14.10 14.10 14.10 14.10 14.10 14.10 14.10 14.10 14.10 14.10 14.10 14.10 12.97 12.97 12.97 12.97 38.92 12.97 12.97 12.97 49.89 41.98 12.97 12.97 12.97 12.97 12.97 12.97 13.84 13.84 13.84 13.84 13.84 13.84 13.84 13.84 13.84 13.84 13.84 13.84 13.84 13.84 13.84 13.84 12.93 12.93 12.93 12.93 12.93 12.93 12.93 12.93 12.93 12.93 12.93 12.93 12.93 12.93 12.93 12.93 12.21 12.21 12.21 12.21 12.21 12.21 12.21 12.21 12.21 12.21 12.21 12.21 12.21 12.21 12.21 12.21 12.22 12.22
14.10 14.10 14.10 14.10 14.10 14.10 14.10 14.10 14.10 14.10 14.10 14.10 14.10 14.10 14.10 12.97 12.97 12.97 12.97 12.97 12.97 12.97 12.97 42.14 42.14 12.97 12.97 12.97 12.97 12.97 12.97 13.84 13.84 13.84 13.84 13.84 13.84 13.84 13.84 13.84 13.84 13.84 13.84 13.84 13.84 13.84 13.84 12.93 12.93 12.93 12.93 12.93 12.93 12.93 12.93 12.93 12.93 12.93 12.93 12.93 12.93 12.93 12.93 12.21 12.21 12.21 12.21 12.21 12.21 12.21 12.21 12.21 12.21 12.21 12.21 12.21 12.21 12.21 12.21 12.22 12.22
