New_Model_Runs/10_Future_Present_Scn3_out/post_prcessed_no_MFR/runoff_annual.asc
NCOLS 700
NROWS 400
XLLCENTER 515000.000000
YLLCENTER 8409000.000000
CELLSIZE 50.000000
NODATA_value -999.000000
[rows 180 to 215 of 400, columns 162 to 242 of 700]
24.96 24.96 24.96 24.96 24.96 24.96 27.52 27.52 27.52 0.00 0.00 0.00 0.00 0.00 0.00 0.00 0.00 0.00 0.00 0.00 0.00 72.94 29.11 0.00 0.00 0.00 0.00 0.00 0.00 0.00 0.00 0.00 0.00 32.06 30.88 30.88 30.88 30.88 30.14 30.14 30.14 30.14 53.44 30.00 30.00 30.00 32.91 32.91 32.91 32.91 13.14 31.99 9.26 58.27 0.00 0.00 0.00 0.00 0.00 108.18 33.48 33.48 58.54 32.76 32.76 32.76 0.00 0.00 0.00 0.00 0.00 0.00 0.00 0.00 0.00 0.00 0.00 0.00 0.00 0.00 34.90
24.96 24.96 24.96 24.96 24.96 24.96 27.52 27.52 27.52 0.00 0.00 0.00 0.00 0.00 0.00 0.00 47.50 47.50 0.00 0.00 0.00 29.08 29.11 146.09 0.00 0.00 0.00 0.00 29.27 29.27 32.06 32.06 134.34 32.06 30.88 30.88 74.21 30.88 30.14 30.14 30.14 30.14 30.00 30.00 30.00 30.00 32.91 32.91 32.91 12.81 13.14 33.59 60.06 33.59 31.99 31.99 58.27 58.27 76.78 33.48 33.48 33.48 32.76 58.54 32.76 32.76 33.31 0.00 0.00 0.00 0.00 0.00 0.00 0.00 0.00 0.00 0.00 0.00 158.53 158.53 33.38
24.96 44.18 24.96 24.96 44.18 24.96 27.52 47.53 27.52 0.00 0.00 0.00 0.00 0.00 0.00 0.00 29.44 29.44 0.00 29.08 29.08 29.08 29.11 11.07 0.00 0.00 0.00 11.15 29.27 29.27 32.06 32.06 56.91 32.06 30.88 30.88 30.88 54.40 30.14 30.14 30.14 30.14 53.35 30.00 30.00 30.00 32.91 32.91 32.91 12.81 33.59 60.06 33.59 33.59 13.26 13.26 13.26 11.80 20.38 33.48 33.48 33.48 32.76 32.76 32.76 32.76 33.31 0.00 0.00 0.00 0.00 0.00 0.00 0.00 0.00 0.00 0.00 155.62 34.90 34.90 33.38
24.96 24.96 24.96 24.96 24.96 24.96 27.52 27.52 27.52 143.83 0.00 0.00 0.00 0.00 0.00 0.00 29.44 29.44 29.08 29.08 50.53 29.08 29.11 11.07 11.07 11.07 11.15 11.15 29.27 29.27 32.06 32.06 56.85 32.06 30.88 30.88 30.88 30.88 53.62 30.14 30.14 30.14 76.40 30.00 30.00 30.00 32.91 32.91 32.91 32.91 33.59 33.59 33.59 33.59 13.26 13.26 20.52 60.56 33.48 33.48 33.48 33.48 32.76 32.76 32.76 32.76 33.31 0.00 0.00 0.00 0.00 0.00 0.00 0.00 0.00 0.00 0.00 61.93 34.90 34.90 33.38
24.89 24.89 26.48 26.48 26.48 26.48 28.80 28.80 28.80 0.00 0.00 0.00 0.00 0.00 0.00 0.00 29.58 29.58 28.71 28.71 28.71 28.71 29.08 11.06 11.06 11.06 11.13 29.23 29.23 29.23 31.96 31.96 31.96 31.96 30.83 30.83 30.83 30.83 30.17 30.17 30.17 30.17 30.17 30.17 30.17 30.17 33.15 33.15 33.15 33.15 33.56 33.56 33.56 33.56 13.28 13.28 13.28 33.88 59.80 33.45 59.80 33.45 32.83 32.83 32.83 32.83 33.64 0.00 0.00 0.00 0.00 0.00 0.00 0.00 0.00 33.98 61.07 33.98 34.88 33.36 33.36
24.89 24.89 26.48 26.48 26.48 26.48 28.80 28.80 28.80 10.94 0.00 0.00 0.00 0.00 0.00 146.09 29.58 29.58 28.71 28.71 28.71 28.71 29.08 11.06 11.06 11.06 11.13 11.13 29.23 29.23 31.96 31.96 31.96 31.96 30.83 30.83 30.83 30.83 30.17 30.17 30.17 30.17 30.17 30.17 30.17 30.17 33.15 33.15 33.15 33.15 33.56 33.56 33.56 33.56 13.28 13.28 30.09 33.88 33.45 33.45 33.45 59.35 32.83 32.83 32.83 32.83 33.64 0.00 0.00 0.00 0.00 0.00 0.00 0.00 33.98 33.98 83.50 33.98 34.88 33.36 59.07
24.89 24.89 26.48 26.48 26.48 26.48 28.80 28.80 10.94 6.81 143.83 0.00 0.00 0.00 0.00 29.58 29.58 29.58 28.71 28.71 28.71 28.71 50.52 29.08 24.97 11.06 16.79 11.13 29.23 29.23 31.96 31.96 31.96 31.96 30.83 30.83 30.83 30.83 30.17 30.17 30.17 30.17 53.66 30.17 30.17 30.17 33.15 33.15 33.15 59.24 33.56 33.56 33.56 33.56 13.28 13.28 20.54 13.28 33.45 33.45 33.45 33.45 32.83 32.83 32.83 32.83 33.64 60.45 0.00 0.00 0.00 0.00 0.00 0.00 88.13 33.98 61.07 33.98 34.88 33.36 59.07
24.89 24.89 26.48 9.80 9.80 26.48 28.80 28.80 10.94 6.81 11.13 48.98 91.17 48.98 11.29 29.58 52.48 29.58 28.71 28.71 28.71 28.71 29.08 29.08 11.06 11.06 25.11 51.81 29.23 29.23 31.96 31.96 56.73 31.96 30.83 30.83 30.83 30.83 53.70 53.70 30.17 30.17 30.17 30.17 30.17 30.17 33.15 33.15 33.15 59.24 33.56 33.56 33.56 33.56 60.39 60.61 13.28 13.28 33.45 33.45 33.45 33.45 32.83 32.83 32.83 32.83 33.64 33.64 33.64 0.00 0.00 0.00 0.00 33.87 33.98 33.98 33.98 33.98 33.36 33.36 33.36
25.51 25.51 10.83 10.83 10.83 10.83 29.35 29.35 19.94 6.90 6.90 6.90 48.98 6.90 11.27 29.54 29.54 29.54 50.30 50.28 28.68 28.68 28.98 28.98 11.01 16.59 29.18 29.18 29.18 29.18 31.96 31.96 31.96 31.96 30.85 30.85 30.85 30.85 30.24 30.24 30.24 30.24 30.23 30.23 30.23 30.23 32.93 32.93 32.93 32.93 33.34 33.34 33.34 33.34 33.88 33.88 33.88 13.28 33.71 33.71 33.71 33.71 32.89 32.89 32.89 32.89 33.37 33.37 33.37 0.00 0.00 0.00 0.00 33.88 33.77 33.77 33.77 33.77 33.37 33.37 59.10
25.51 25.51 10.83 10.83 10.83 10.83 11.19 11.19 19.94 6.90 6.90 11.19 16.89 11.19 11.27 11.27 11.27 29.54 28.68 28.68 28.68 28.68 28.98 28.98 28.98 24.87 74.16 29.18 29.18 29.18 31.96 56.73 56.73 56.00 30.85 30.85 30.85 30.85 30.24 30.24 30.24 30.24 30.23 53.77 30.23 30.23 32.93 32.93 58.84 32.93 33.34 33.34 33.34 33.34 33.88 60.61 33.88 13.28 33.71 33.71 33.71 33.71 32.89 32.89 32.89 32.89 33.37 59.95 33.37 0.00 0.00 0.00 0.00 33.88 33.77 33.77 33.77 33.77 33.37 33.37 33.37
25.51 25.51 10.83 10.83 10.83 10.83 11.19 11.19 19.94 19.94 19.94 11.19 16.89 11.19 11.27 11.27 29.54 29.54 50.28 28.68 28.68 28.68 28.98 28.98 28.98 28.98 29.18 92.94 51.76 29.18 31.96 31.96 31.96 56.00 30.85 30.85 30.85 30.85 53.79 30.24 30.24 30.24 30.23 30.23 30.23 30.23 32.93 32.93 32.93 32.93 33.34 33.34 33.34 33.34 33.88 33.88 33.88 13.28 33.71 33.71 33.71 59.70 32.89 32.89 32.89 32.89 33.37 33.37 33.37 13.02 13.26 57.01 8.52 33.88 33.77 33.77 33.77 32.44 33.37 33.37 33.37
25.51 25.51 10.83 10.83 10.83 10.83 11.19 11.19 16.89 6.90 11.19 11.19 11.19 11.19 11.27 29.54 29.54 29.54 28.68 50.28 28.68 28.68 28.98 50.41 28.98 28.98 29.18 29.18 29.18 29.18 31.96 31.96 31.96 31.96 30.85 30.85 30.85 30.85 30.24 76.86 30.24 30.24 30.23 53.77 53.64 30.23 32.93 32.93 32.93 32.93 33.34 33.34 33.34 33.34 33.88 33.88 33.88 13.28 60.29 33.71 33.71 33.71 32.89 32.89 32.89 32.89 33.37 33.37 33.37 33.37 13.26 13.26 13.26 33.88 33.77 33.77 33.77 32.44 33.37 33.37 81.41
28.07 28.07 29.21 11.13 11.13 11.13 11.23 16.95 11.23 6.91 11.13 11.13 11.13 11.13 29.35 29.35 29.35 29.35 28.57 50.04 28.57 28.57 28.72 28.72 28.72 28.72 29.12 29.12 29.12 29.12 31.85 31.85 31.85 31.85 54.92 30.89 30.89 30.89 30.33 30.33 30.33 30.33 30.02 53.39 30.02 30.02 32.49 57.63 57.63 32.49 33.20 33.20 33.20 33.20 34.07 34.07 13.37 13.37 71.94 60.45 33.79 85.41 32.67 32.67 32.67 32.67 32.85 59.08 32.85 32.85 33.72 13.19 13.19 13.19 33.84 33.84 32.51 32.51 33.00 33.00 58.69
28.07 28.07 29.21 29.21 29.21 11.13 11.23 11.23 29.43 11.23 32.13 29.22 29.22 29.22 29.35 29.35 29.35 29.35 28.57 28.57 28.57 28.57 28.72 28.72 28.72 28.72 29.12 29.12 29.12 29.12 31.85 31.85 31.85 31.85 30.89 30.89 30.89 30.89 30.33 30.33 30.33 30.33 30.02 30.02 30.02 30.02 32.49 32.49 32.49 32.49 33.20 33.20 33.20 33.20 34.07 34.07 34.07 34.07 169.78 33.79 33.79 33.79 32.67 32.67 32.67 32.67 96.31 32.85 32.85 32.85 33.72 33.72 13.19 13.19 33.84 33.84 58.40 32.51 33.00 33.00 33.00
43.36 43.36 44.96 44.96 44.96 44.96 42.60 45.28 45.28 45.28 79.91 44.97 44.97 44.97 45.97 45.97 45.97 45.97 44.66 44.66 44.66 44.66 45.09 155.03 45.09 45.09 45.38 80.83 45.38 45.38 48.97 48.97 48.97 48.97 48.41 85.39 85.39 48.41 47.34 47.34 47.34 47.34 46.65 121.35 46.65 46.65 47.37 84.92 47.37 47.37 48.63 48.63 48.63 48.63 49.82 49.82 49.82 89.23 129.31 129.31 49.44 49.44 45.93 45.93 45.93 45.93 46.16 46.16 46.16 46.16 47.21 47.21 20.83 20.83 47.63 47.63 43.56 43.56 42.26 42.26 42.26
43.36 43.36 44.96 44.96 44.96 44.96 45.28 45.28 45.28 45.28 44.97 79.91 44.97 44.97 45.97 45.97 45.97 45.97 44.66 44.66 44.66 44.66 45.09 45.09 45.09 45.09 45.38 45.38 45.38 45.38 48.97 48.97 48.97 48.97 48.41 48.41 48.41 48.41 47.34 122.98 47.34 47.34 46.65 46.65 46.65 46.65 122.00 84.87 47.37 47.37 48.63 48.63 48.63 48.63 49.82 49.82 49.82 49.82 49.44 49.44 49.44 49.44 45.93 45.93 45.93 45.93 46.16 46.16 46.16 46.16 47.21 47.21 20.83 20.83 73.70 43.56 43.56 43.56 42.26 42.26 42.26
45.02 45.02 45.17 45.17 45.17 118.79 44.94 44.94 44.94 44.94 44.71 44.71 44.71 44.71 45.89 45.89 45.89 45.89 44.59 44.59 44.59 44.59 79.72 79.96 44.93 44.93 45.26 45.26 45.26 80.61 48.75 48.75 48.75 48.75 48.11 48.11 48.11 48.11 46.73 46.73 46.73 46.73 46.20 46.20 46.20 46.20 47.31 47.31 47.31 47.31 48.83 48.83 48.83 87.37 49.78 49.78 49.78 49.78 49.20 49.20 88.06 49.20 45.62 45.62 45.62 45.62 46.27 46.27 46.27 46.27 47.88 47.88 21.20 21.20 59.57 77.83 43.87 43.87 42.38 42.38 42.38
45.02 45.02 45.17 80.29 45.17 45.17 44.94 44.94 44.94 44.94 44.71 44.71 44.71 44.71 81.52 45.89 45.89 45.89 44.59 44.59 44.59 44.59 44.93 44.93 44.93 44.93 45.26 45.26 45.26 45.26 86.00 48.75 48.75 48.75 48.11 48.11 48.11 48.11 46.73 46.73 46.73 46.73 46.20 46.20 46.20 46.20 84.80 47.31 47.31 47.31 48.83 48.83 48.83 48.83 49.78 49.78 49.78 49.78 49.20 49.20 49.20 49.20 45.62 45.62 45.62 45.62 46.27 46.27 46.27 46.27 47.88 47.88 21.20 21.20 47.98 43.87 43.87 76.80 75.61 42.38 42.38
45.02 45.02 45.17 45.17 45.17 45.17 44.94 44.94 44.94 44.94 44.71 44.71 44.71 44.71 45.89 45.89 45.89 80.55 44.59 44.59 44.59 44.59 44.93 44.93 44.93 44.93 45.26 118.00 45.26 45.26 48.75 48.75 48.75 48.75 48.11 84.85 84.85 48.11 46.73 82.87 46.73 82.87 46.20 46.20 46.20 46.20 47.31 47.31 47.31 47.31 48.83 48.83 48.83 48.83 49.78 49.78 49.78 49.78 49.20 49.20 49.20 49.20 45.62 45.62 45.62 45.62 46.27 46.27 46.27 46.27 47.88 47.88 21.20 33.28 43.87 43.87 43.87 43.87 42.38 42.38 42.38
45.02 45.02 45.17 45.17 45.17 45.17 44.94 79.46 44.94 44.94 44.71 44.71 44.71 44.71 45.89 45.89 81.51 80.55 44.59 44.59 44.59 44.59 116.45 44.93 44.93 44.93 45.26 45.26 80.13 45.26 85.69 48.75 48.75 48.75 48.11 84.05 48.11 48.11 46.73 46.73 46.73 46.73 46.20 46.20 46.20 46.20 47.31 47.31 47.31 47.31 48.83 48.83 48.83 48.83 49.78 49.78 49.78 49.78 87.99 88.06 49.20 49.20 45.62 45.62 45.62 45.62 46.27 46.27 46.27 46.27 47.88 47.88 47.88 47.88 43.87 43.87 43.87 43.87 42.38 42.38 42.38
119.02 45.25 44.72 79.40 79.40 44.72 44.41 44.41 44.41 44.41 44.47 44.47 78.94 44.47 45.87 45.87 45.87 45.87 44.59 44.59 44.59 44.59 79.49 44.51 44.51 44.51 44.60 44.60 44.60 154.38 48.32 48.32 48.32 48.32 47.10 83.28 47.10 47.10 46.03 112.51 46.03 46.03 82.89 46.74 46.74 46.74 48.62 48.62 48.62 48.62 49.42 49.42 49.42 49.42 49.88 49.88 49.88 49.88 49.11 49.11 49.11 49.11 45.59 45.59 45.59 45.59 46.86 46.86 46.86 46.86 48.34 48.34 48.34 48.34 44.13 78.31 44.13 44.13 42.66 42.66 42.66
45.25 45.25 44.72 44.72 44.72 44.72 44.41 44.41 44.41 44.41 44.47 44.47 44.47 143.84 119.41 45.87 45.87 45.87 79.58 44.59 44.59 44.59 44.51 44.51 79.43 44.51 44.60 44.60 44.60 79.59 85.23 48.32 48.32 48.32 47.10 47.10 47.10 47.10 46.03 46.03 81.56 46.03 46.74 46.74 46.74 46.74 48.62 48.62 48.62 48.62 49.42 49.42 49.42 49.42 49.88 49.88 49.88 49.88 49.11 49.11 49.11 84.01 45.59 45.59 45.59 45.59 46.86 46.86 46.86 82.67 48.34 48.34 48.34 78.44 44.13 44.13 78.31 77.29 142.16 76.14 42.66
45.25 45.25 44.72 44.72 44.72 44.72 78.83 44.41 44.41 44.41 44.47 44.47 44.47 44.47 45.87 45.87 45.87 45.87 44.59 44.59 44.59 44.59 79.43 44.51 44.51 44.51 44.60 44.60 44.60 44.60 48.32 85.23 85.23 48.32 47.10 47.10 47.10 47.10 46.03 46.03 46.03 46.03 46.74 46.74 46.74 46.74 48.62 48.62 48.62 48.62 49.42 49.42 49.42 49.42 49.88 49.88 49.88 89.35 49.11 49.11 87.89 49.11 45.59 45.59 45.59 45.59 46.86 46.86 46.86 46.86 48.34 48.34 48.34 44.20 44.13 44.13 44.13 44.13 42.66 42.66 76.14
45.25 45.25 44.72 44.72 44.72 79.07 44.41 44.41 44.41 78.14 44.47 44.47 44.47 44.47 45.87 45.87 45.87 45.87 44.59 44.59 44.59 44.59 44.51 44.51 79.22 44.51 44.60 44.60 79.30 44.60 48.32 48.32 48.32 84.31 47.10 47.10 47.10 47.10 46.03 46.03 46.03 46.03 46.74 46.74 46.74 46.74 48.62 48.62 48.62 48.62 49.42 49.42 49.42 49.42 49.88 49.88 49.88 49.88 49.11 87.56 49.11 49.11 118.06 45.59 45.59 45.59 46.86 46.86 46.86 46.86 48.34 48.34 48.34 44.20 44.13 44.13 44.13 44.13 42.66 75.98 42.66
45.27 45.27 44.26 44.26 44.26 44.26 43.42 43.42 43.42 43.42 43.73 43.73 43.73 43.73 45.21 45.21 45.21 45.21 44.49 44.49 44.49 44.49 44.22 44.22 44.22 78.87 44.20 44.20 78.84 44.20 84.28 47.63 84.28 47.63 82.09 46.31 46.31 46.31 46.60 46.60 46.60 46.60 48.86 48.86 48.86 48.86 49.93 49.93 49.93 49.93 50.30 50.30 50.30 50.30 50.13 50.13 50.13 50.13 48.66 48.66 48.66 48.66 45.80 45.80 45.80 45.80 47.80 47.80 47.80 47.80 48.57 48.57 70.09 115.93 78.06 44.00 44.00 44.00 42.44 42.44 42.44
45.27 109.81 78.55 44.26 44.26 44.26 43.42 77.32 43.42 43.42 43.73 43.73 43.73 43.73 45.21 45.21 45.21 80.52 79.40 44.49 44.49 44.49 44.22 44.22 44.22 78.87 44.20 44.20 44.20 78.84 47.63 47.63 47.63 47.63 46.31 46.31 46.31 46.31 46.60 46.60 46.60 46.60 48.86 48.86 48.86 48.86 49.93 49.93 49.93 49.93 50.30 50.30 50.30 50.30 50.13 50.13 124.26 50.13 48.66 48.66 48.66 48.66 45.80 45.80 45.80 45.80 47.80 47.80 47.80 47.80 48.57 85.60 44.41 44.41 44.00 44.00 115.11 44.00 42.44 42.44 42.44
45.27 45.27 44.26 44.26 44.26 44.26 43.42 43.42 43.42 43.42 77.43 43.73 43.73 43.73 45.21 45.21 45.21 45.21 44.49 79.40 44.49 44.49 44.22 44.22 44.22 44.22 44.20 44.20 44.20 44.20 121.06 47.63 47.63 47.63 82.09 46.31 46.31 46.31 46.60 46.60 46.60 46.60 84.51 86.22 48.86 48.86 88.64 49.93 49.93 49.93 50.30 50.30 50.30 90.22 132.39 89.82 89.82 50.13 48.66 48.66 48.66 48.66 45.80 45.80 45.80 45.80 47.80 47.80 47.80 47.80 48.57 48.57 116.26 44.41 44.00 44.00 44.00 44.00 42.44 42.44 42.44
80.50 79.74 78.55 78.55 44.26 44.26 43.42 43.42 43.42 43.42 43.73 43.73 43.73 43.73 45.21 45.21 45.21 45.21 44.49 79.19 44.49 44.49 44.22 44.22 44.22 44.22 44.20 44.20 44.20 44.20 47.63 47.63 47.63 47.63 82.09 46.31 46.31 46.31 46.60 83.74 46.60 46.60 48.86 48.86 48.86 48.86 49.93 49.93 49.93 49.93 50.30 50.30 50.30 50.30 50.13 50.13 50.13 50.13 48.66 48.66 48.66 48.66 45.80 45.80 45.80 45.80 47.80 47.80 47.80 47.80 48.57 44.41 44.41 44.41 44.00 44.00 44.00 44.00 75.42 42.44 42.44
45.30 45.30 44.00 44.00 44.00 44.00 42.79 42.79 42.79 42.79 42.68 42.68 42.68 42.68 44.43 79.29 44.43 79.29 44.20 44.20 44.20 44.20 43.85 43.85 43.85 43.85 43.79 27.44 43.79 43.79 47.32 83.70 47.32 47.32 46.69 46.69 46.69 53.74 48.06 48.06 48.06 48.06 49.51 49.51 49.51 49.51 50.43 50.43 50.43 50.43 91.24 50.49 91.29 50.49 88.34 49.35 49.35 49.35 47.74 47.74 47.74 47.74 46.64 46.64 46.64 46.64 48.42 48.42 48.42 48.42 48.29 44.16 78.36 44.16 43.29 43.29 43.29 43.29 42.02 42.02 74.95
45.30 45.30 44.00 44.00 93.06 44.00 42.79 42.79 42.79 42.79 42.68 42.68 42.68 131.52 44.43 44.43 44.43 44.43 44.20 44.20 44.20 44.20 43.85 43.85 26.48 22.63 27.44 43.79 43.79 43.79 47.32 47.32 47.32 47.32 46.69 46.69 118.07 46.69 48.06 48.06 48.06 48.06 49.51 49.51 49.51 49.51 50.43 50.43 90.45 103.72 50.49 50.49 50.49 50.49 49.35 49.35 49.35 49.35 47.74 47.74 85.63 47.74 46.64 46.64 46.64 46.64 48.42 48.42 48.42 48.42 48.29 164.41 44.16 44.16 43.29 43.29 43.29 43.29 42.02 42.02 79.21
63.13 63.13 61.47 61.47 61.47 61.47 59.99 59.99 59.99 59.99 59.69 108.39 59.69 108.39 62.70 62.70 62.70 113.64 113.06 62.39 113.06 196.82 61.91 61.91 39.17 32.82 98.20 112.01 61.84 61.84 64.83 64.83 107.39 64.83 64.35 64.35 117.42 41.57 66.20 66.20 66.20 66.20 227.96 68.08 68.08 123.73 120.27 65.83 65.83 65.83 65.91 65.91 65.91 65.91 64.47 64.47 64.47 64.47 62.36 62.36 62.36 62.36 57.73 57.73 57.73 57.73 60.16 60.16 149.63 100.16 55.35 55.35 100.62 55.35 54.19 54.19 98.30 54.19 48.35 48.35 48.35
63.13 63.13 61.47 61.47 111.34 61.47 59.99 59.99 59.99 59.99 59.69 59.69 59.69 59.69 62.70 62.70 62.70 62.70 62.39 62.39 62.39 95.86 61.91 24.75 22.40 64.95 89.07 61.84 61.84 61.84 159.47 84.60 23.62 23.62 34.48 64.35 64.35 64.35 66.20 66.20 66.20 120.65 68.08 68.08 68.08 68.08 65.83 65.83 65.83 65.83 65.91 65.91 120.42 65.91 64.47 64.47 64.47 64.47 62.36 113.88 62.36 62.36 57.73 57.73 57.73 106.06 108.14 109.13 109.13 60.16 55.35 55.35 55.35 55.35 54.19 97.76 54.19 54.19 48.35 48.35 48.35
62.49 62.49 60.91 60.91 60.91 60.91 59.66 59.66 59.66 59.66 59.30 59.30 59.30 59.30 62.24 62.24 62.24 62.24 62.05 62.05 39.10 62.05 61.68 29.35 22.40 22.40 32.82 61.80 61.80 86.47 65.21 23.62 23.62 23.62 34.48 36.05 34.48 66.19 66.85 66.85 66.85 66.85 68.20 68.20 68.20 68.20 65.78 120.17 65.78 65.78 65.25 65.25 65.25 65.25 63.31 63.31 63.31 63.31 63.35 63.35 63.35 63.35 58.71 58.71 58.71 58.71 59.99 59.99 59.99 59.99 54.57 54.57 54.57 54.57 53.70 53.70 53.70 53.70 48.26 48.26 48.26
113.27 113.27 60.91 60.91 60.91 109.51 59.66 59.66 59.66 59.66 59.30 59.30 59.30 59.30 62.24 62.24 62.24 62.24 62.05 62.05 39.17 39.17 39.17 38.66 22.40 57.19 22.40 22.40 29.42 61.80 33.76 36.51 23.62 23.62 34.48 36.05 41.09 34.48 66.85 66.85 66.85 66.85 68.20 68.20 68.20 123.96 65.78 65.78 65.78 65.78 65.25 65.25 65.25 65.25 63.31 63.31 63.31 63.31 63.35 63.35 63.35 63.35 58.71 58.71 58.71 58.71 59.99 59.99 59.99 139.96 99.13 54.57 54.57 54.57 53.70 53.70 53.70 53.70 48.26 48.26 48.26
62.49 62.49 60.91 60.91 60.91 109.51 59.66 59.66 59.66 59.66 59.30 59.30 59.30 59.30 62.24 62.24 62.24 62.24 65.03 77.88 45.31 24.75 24.75 24.75 57.19 20.20 22.40 22.40 29.42 22.40 23.62 23.62 23.62 23.62 26.07 41.09 41.09 41.09 66.85 66.85 66.85 66.85 68.20 68.20 68.20 68.20 65.78 65.78 65.78 65.78 65.25 65.25 119.16 65.25 63.31 114.41 114.41 63.31 63.35 63.35 63.35 63.35 58.71 58.71 58.71 58.71 59.99 59.99 59.99 134.31 54.57 54.57 54.57 54.57 53.70 53.70 53.70 53.70 48.26 48.26 48.26
62.49 62.49 110.12 60.91 60.91 60.91 59.66 59.66 59.66 59.66 59.30 59.30 59.30 59.30 62.24 62.24 62.24 223.17 65.03 39.17 24.75 24.75 53.24 57.19 57.19 21.31 21.34 29.42 29.42 22.40 23.62 23.62 23.62 23.62 26.07 26.07 41.09 41.09 66.85 66.85 66.85 66.85 68.20 68.20 68.20 68.20 65.78 65.78 65.78 65.78 65.25 65.25 65.25 65.25 63.31 63.31 63.31 63.31 63.35 63.35 63.35 63.35 58.71 58.71 58.71 58.71 59.99 59.99 88.99 55.35 54.57 54.57 99.13 54.57 53.70 53.70 97.15 53.70 48.26 48.26 48.26
