Sensitivity testing/input/ET_Process/nov_et_clipped.asc
ncols         700
nrows         400
xllcorner     515000
yllcorner     8409000
cellsize      50
NODATA_value  -9999
[rows 155 to 185 of 400, columns 621 to 689 of 700]
-9999 -9999 -9999 -9999 -9999 -9999 -9999 -9999 -9999 -9999 -9999 -9999 -9999 -9999 -9999 -9999 -9999 -9999 5.379698 5.387352 5.394962 5.402536 5.410065 5.417542 5.424969 5.432347 5.439676 5.446957 5.454191 5.46138 5.468523 5.475623 5.482681 5.489699 5.496677 5.503617 5.51052 5.517387 5.524221 5.531022 5.537791 5.54453 5.551239 5.55792 5.564574 5.571202 5.577805 5.584382 5.590936 5.597467 5.603976 5.610464 5.61693 5.623375 5.629802 5.636209 5.642597 5.648967 5.65532 5.661655 5.667974 5.674276 5.680562 5.686833 5.693089 5.699331 -9999 -9999 -9999
-9999 -9999 -9999 -9999 -9999 -9999 -9999 -9999 -9999 -9999 -9999 -9999 -9999 -9999 -9999 -9999 -9999 -9999 5.383143 5.390779 5.398371 5.40593 5.413444 5.420908 5.428325 5.435693 5.443015 5.450289 5.457519 5.464704 5.471845 5.478945 5.486003 5.493022 5.500003 5.506946 5.513854 5.520727 5.527566 5.534374 5.541151 5.547898 5.554617 5.561308 5.567972 5.574611 5.581225 5.587815 5.594382 5.600926 5.607449 5.613951 5.620432 5.626894 5.633336 5.63976 5.646165 5.652553 5.658924 5.665278 5.671616 5.677938 5.684245 5.690537 5.696814 5.703077 -9999 -9999 -9999
-9999 -9999 -9999 -9999 -9999 -9999 -9999 -9999 -9999 -9999 -9999 -9999 -9999 -9999 -9999 -9999 5.371181 5.378905 5.386573 5.39419 5.401767 5.409311 5.416812 5.424265 5.431673 5.439033 5.446348 5.453618 5.460844 5.468026 5.475167 5.482267 5.489327 5.496348 5.503332 5.51028 5.517193 5.524073 5.53092 5.537735 5.54452 5.551277 5.558005 5.564707 5.571383 5.578033 5.584659 5.591262 5.597842 5.6044 5.610938 5.617454 5.623951 5.630429 5.636888 5.643328 5.649751 5.656157 5.662546 5.668919 5.675277 5.681618 5.687945 5.694258 5.700556 5.706841 5.713112 5.71937 -9999
-9999 -9999 -9999 -9999 -9999 -9999 -9999 -9999 -9999 -9999 -9999 -9999 -9999 -9999 -9999 -9999 5.374632 5.382336 5.389985 5.397586 5.405147 5.412678 5.420167 5.427611 5.435009 5.442363 5.449672 5.456938 5.464162 5.471343 5.478484 5.485585 5.492648 5.499672 5.506661 5.513614 5.520534 5.52742 5.534275 5.541099 5.547894 5.55466 5.561399 5.568111 5.574799 5.581461 5.5881 5.594717 5.60131 5.607883 5.614435 5.620967 5.62748 5.633973 5.640449 5.646906 5.653347 5.659771 5.666179 5.67257 5.678947 5.685308 5.691655 5.697988 5.704307 5.710613 5.716906 5.723186 -9999
-9999 -9999 -9999 -9999 -9999 -9999 -9999 -9999 -9999 -9999 -9999 -9999 -9999 -9999 5.362515 5.37032 5.378062 5.385746 5.393378 5.400964 5.408512 5.416029 5.423508 5.430943 5.438334 5.445681 5.452986 5.460249 5.46747 5.474651 5.481793 5.488896 5.495962 5.502991 5.509984 5.516943 5.52387 5.530764 5.537627 5.54446 5.551265 5.558042 5.564792 5.571516 5.578215 5.58489 5.591543 5.598172 5.60478 5.611368 5.617934 5.624482 5.63101 5.63752 5.644012 5.650487 5.656945 5.663387 5.669813 5.676223 5.682619 5.689 5.695367 5.70172 5.708059 5.714386 5.720699 5.727001 5.73329
-9999 -9999 -9999 -9999 -9999 -9999 -9999 -9999 -9999 -9999 -9999 -9999 -9999 -9999 5.365971 5.373752 5.381473 5.389138 5.396753 5.404324 5.411858 5.419364 5.426833 5.434258 5.441643 5.448985 5.456286 5.463546 5.470767 5.477948 5.485091 5.492196 5.499265 5.506299 5.513298 5.520264 5.527197 5.5341 5.540972 5.547814 5.554629 5.561417 5.568178 5.574914 5.581625 5.588314 5.594979 5.601623 5.608245 5.614847 5.621429 5.627992 5.634536 5.641062 5.647571 5.654063 5.660539 5.666998 5.673442 5.679871 5.686285 5.692685 5.699071 5.705444 5.711803 5.718151 5.724485 5.730807 5.737117
-9999 -9999 -9999 -9999 -9999 -9999 -9999 -9999 -9999 -9999 -9999 -9999 -9999 -9999 5.369405 5.377162 5.384863 5.39251 5.400108 5.407665 5.415186 5.422681 5.43014 5.437558 5.444935 5.452272 5.45957 5.466828 5.474048 5.481229 5.488374 5.495482 5.502555 5.509593 5.516599 5.523571 5.530512 5.537423 5.544303 5.551156 5.557981 5.56478 5.571552 5.5783 5.585024 5.591726 5.598404 5.605062 5.611698 5.618315 5.624912 5.63149 5.63805 5.644592 5.651118 5.657627 5.664119 5.670596 5.677058 5.683505 5.689938 5.696356 5.702762 5.709153 5.715532 5.721899 5.728253 5.734596 5.740927
-9999 -9999 -9999 -9999 -9999 -9999 -9999 -9999 -9999 -9999 -9999 -9999 -9999 -9999 5.372819 5.380554 5.388234 5.395862 5.403444 5.410986 5.418496 5.425979 5.433428 5.440838 5.448209 5.455542 5.462836 5.470092 5.477311 5.484493 5.49164 5.498751 5.505828 5.512871 5.519882 5.526861 5.53381 5.540729 5.547619 5.554481 5.561316 5.568126 5.57491 5.58167 5.588406 5.59512 5.601812 5.608483 5.615134 5.621765 5.628377 5.63497 5.641546 5.648104 5.654645 5.66117 5.66768 5.674174 5.680653 5.687118 5.693568 5.700005 5.706429 5.71284 5.719237 5.725623 5.731997 5.738359 5.744709
-9999 -9999 -9999 -9999 -9999 -9999 -9999 -9999 -9999 -9999 -9999 -9999 -9999 -9999 5.376214 5.383925 5.391584 5.399195 5.406761 5.414289 5.421785 5.429258 5.436697 5.444099 5.451464 5.458792 5.466082 5.473337 5.480555 5.487738 5.494885 5.501999 5.50908 5.516129 5.523145 5.530131 5.537086 5.544014 5.550912 5.557784 5.56463 5.57145 5.578245 5.585017 5.591765 5.598492 5.605197 5.611882 5.618546 5.625191 5.631817 5.638425 5.645016 5.65159 5.658147 5.664688 5.671214 5.677724 5.68422 5.690702 5.69717 5.703624 5.710065 5.716494 5.72291 5.729315 5.735707 5.742088 5.748457
-9999 -9999 -9999 -9999 -9999 -9999 -9999 -9999 -9999 -9999 -9999 -9999 -9999 -9999 5.37959 5.387278 5.394916 5.402508 5.410058 5.417571 5.425055 5.432516 5.439946 5.44734 5.454698 5.46202 5.469307 5.476559 5.483777 5.49096 5.498109 5.505225 5.51231 5.519362 5.526384 5.533376 5.540339 5.547274 5.554181 5.561062 5.567917 5.574748 5.581553 5.588336 5.595097 5.601836 5.608553 5.615251 5.621928 5.628587 5.635227 5.64185 5.648455 5.655044 5.661616 5.668172 5.674714 5.68124 5.687752 5.69425 5.700735 5.707206 5.713664 5.72011 5.726543 5.732965 5.739376 5.745774 5.752162
-9999 -9999 -9999 -9999 -9999 -9999 -9999 -9999 -9999 -9999 -9999 -9999 -9999 -9999 -9999 -9999 5.398229 5.405802 5.413335 5.420833 5.428304 5.435753 5.443173 5.450559 5.45791 5.465227 5.47251 5.479759 5.486975 5.494157 5.501307 5.508426 5.515513 5.52257 5.529596 5.536594 5.543564 5.550506 5.557421 5.56431 5.571175 5.578014 5.584831 5.591624 5.598396 5.605146 5.611876 5.618586 5.625276 5.631948 5.638601 5.645237 5.651856 5.658458 5.665045 5.671616 5.678172 5.684714 5.691241 5.697755 5.704255 5.710742 5.717216 5.723679 5.730129 5.736567 5.742994 5.74941 -9999
-9999 -9999 -9999 -9999 -9999 -9999 -9999 -9999 -9999 -9999 -9999 -9999 -9999 -9999 -9999 -9999 5.401525 5.409078 5.416593 5.424076 5.431532 5.43897 5.44638 5.453756 5.4611 5.46841 5.475688 5.482934 5.490148 5.497329 5.504479 5.511599 5.518689 5.525748 5.532779 5.539782 5.546757 5.553706 5.560628 5.567525 5.574398 5.581246 5.588072 5.594876 5.601657 5.608418 5.615159 5.621881 5.628582 5.635266 5.641932 5.648581 5.655213 5.661829 5.668429 5.675014 5.681583 5.688139 5.694681 5.701209 5.707724 5.714226 5.720716 5.727193 5.733658 5.740112 5.746555 5.752987 -9999
-9999 -9999 -9999 -9999 -9999 -9999 -9999 -9999 -9999 -9999 -9999 -9999 -9999 -9999 -9999 -9999 -9999 -9999 5.419832 5.427299 5.434741 5.442166 5.449564 5.45693 5.464265 5.471569 5.478842 5.486083 5.493293 5.500473 5.507623 5.514743 5.521833 5.528895 5.53593 5.542936 5.549916 5.55687 5.563798 5.570703 5.577582 5.584439 5.591274 5.598086 5.604877 5.611648 5.618399 5.62513 5.631843 5.638538 5.645216 5.651876 5.65852 5.665148 5.671761 5.678358 5.684941 5.691509 5.698064 5.704606 5.711134 5.71765 5.724154 5.730645 5.737125 5.743593 5.750051 5.756497 -9999
-9999 -9999 -9999 -9999 -9999 -9999 -9999 -9999 -9999 -9999 -9999 -9999 -9999 -9999 -9999 -9999 -9999 -9999 5.423054 5.430503 5.43793 5.445341 5.452726 5.460082 5.467407 5.474703 5.481969 5.489205 5.496411 5.503588 5.510736 5.517855 5.524946 5.532009 5.539045 5.546054 5.553038 5.559996 5.56693 5.57384 5.580726 5.587589 5.594431 5.601251 5.60805 5.61483 5.62159 5.628331 5.635053 5.641758 5.648446 5.655117 5.661771 5.66841 5.675034 5.681643 5.688237 5.694818 5.701385 5.707939 5.714479 5.721007 5.727524 5.734028 5.74052 5.747002 5.753472 5.759932 -9999
-9999 -9999 -9999 -9999 -9999 -9999 -9999 -9999 -9999 -9999 -9999 -9999 -9999 -9999 -9999 -9999 -9999 -9999 -9999 -9999 5.441098 5.448494 5.455866 5.46321 5.470525 5.477811 5.485069 5.492298 5.499499 5.506672 5.513816 5.520933 5.528023 5.535086 5.542123 5.549134 5.55612 5.563081 5.570019 5.576932 5.583824 5.590693 5.59754 5.604367 5.611173 5.61796 5.624727 5.631476 5.638207 5.64492 5.651617 5.658297 5.664961 5.67161 5.678243 5.684862 5.691467 5.698058 5.704636 5.7112 5.717752 5.724291 5.730818 5.737334 5.743838 5.75033 -9999 -9999 -9999
-9999 -9999 -9999 -9999 -9999 -9999 -9999 -9999 -9999 -9999 -9999 -9999 -9999 -9999 -9999 -9999 -9999 -9999 -9999 -9999 5.444247 5.451626 5.458983 5.466314 5.473617 5.480893 5.488142 5.495363 5.502556 5.509723 5.516863 5.523977 5.531064 5.538126 5.545161 5.552173 5.559159 5.566122 5.573061 5.579978 5.586873 5.593746 5.600598 5.60743 5.614241 5.621034 5.627807 5.634562 5.6413 5.648021 5.654725 5.661412 5.668084 5.674741 5.681383 5.68801 5.694623 5.701223 5.70781 5.714384 5.720944 5.727493 5.73403 5.740555 5.747069 5.753572 -9999 -9999 -9999
-9999 -9999 -9999 -9999 -9999 -9999 -9999 -9999 -9999 -9999 -9999 -9999 -9999 -9999 -9999 -9999 -9999 -9999 -9999 -9999 -9999 -9999 5.462079 5.469394 5.476684 5.483947 5.491185 5.498397 5.505582 5.512742 5.519876 5.526984 5.534067 5.541125 5.548158 5.555168 5.562153 5.569116 5.576056 5.582974 5.58987 5.596745 5.603601 5.610435 5.61725 5.624047 5.630825 5.637585 5.644328 5.651054 5.657763 5.664457 5.671135 5.677798 5.684447 5.691081 5.697701 5.704308 5.710902 5.717483 5.724052 5.730608 5.737153 5.743686 5.750208 5.756719 -9999 -9999 -9999
-9999 -9999 -9999 -9999 -9999 -9999 -9999 -9999 -9999 -9999 -9999 -9999 -9999 -9999 -9999 -9999 -9999 -9999 -9999 -9999 -9999 -9999 5.465154 5.472453 5.479728 5.486978 5.494204 5.501404 5.508579 5.51573 5.522856 5.529958 5.537035 5.544088 5.551118 5.558124 5.565107 5.572069 5.579008 5.585925 5.592822 5.599698 5.606554 5.61339 5.620208 5.627007 5.633788 5.640552 5.647298 5.654028 5.660742 5.66744 5.674123 5.680791 5.687445 5.694085 5.700711 5.707324 5.713923 5.72051 5.727085 5.733648 5.7402 5.746739 5.753268 5.759786 -9999 -9999 -9999
-9999 -9999 -9999 -9999 -9999 -9999 -9999 -9999 -9999 -9999 -9999 -9999 -9999 -9999 -9999 -9999 -9999 -9999 -9999 -9999 -9999 -9999 -9999 -9999 5.482766 5.490002 5.497215 5.504404 5.511569 5.518712 5.52583 5.532924 5.539996 5.547044 5.55407 5.561073 5.568055 5.575014 5.581953 5.58887 5.595767 5.602644 5.609502 5.616341 5.623161 5.629964 5.636748 5.643516 5.650267 5.657001 5.66372 5.670424 5.677112 5.683786 5.690446 5.697092 5.703724 5.710344 5.71695 5.723545 5.730127 5.736697 5.743256 5.749803 -9999 -9999 -9999 -9999 -9999
-9999 -9999 -9999 -9999 -9999 -9999 -9999 -9999 -9999 -9999 -9999 -9999 -9999 -9999 -9999 -9999 -9999 -9999 -9999 -9999 -9999 -9999 -9999 -9999 5.485802 5.493024 5.500225 5.507402 5.514558 5.521691 5.528801 5.53589 5.542955 5.549999 5.557022 5.564022 5.571002 5.57796 5.584898 5.591816 5.598714 5.605593 5.612453 5.619295 5.626118 5.632925 5.639713 5.646486 5.653242 5.659982 5.666707 5.673416 5.680111 5.686792 5.693459 5.700112 5.706752 5.713379 5.719994 5.726596 5.733187 5.739766 5.746333 5.752889 -9999 -9999 -9999 -9999 -9999
-9999 -9999 -9999 -9999 -9999 -9999 -9999 -9999 -9999 -9999 -9999 -9999 -9999 -9999 -9999 -9999 -9999 -9999 -9999 -9999 -9999 -9999 -9999 -9999 -9999 -9999 5.503236 5.510403 5.517548 5.524672 5.531775 5.538857 5.545917 5.552956 5.559975 5.566973 5.57395 5.580908 5.587846 5.594765 5.601665 5.608545 5.615408 5.622253 5.629081 5.635891 5.642685 5.649463 5.656225 5.662971 5.669703 5.676419 5.683121 5.68981 5.696485 5.703146 5.709795 5.71643 5.723054 5.729665 5.736265 5.742854 -9999 -9999 -9999 -9999 -9999 -9999 -9999
-9999 -9999 -9999 -9999 -9999 -9999 -9999 -9999 -9999 -9999 -9999 -9999 -9999 -9999 -9999 -9999 -9999 -9999 -9999 -9999 -9999 -9999 -9999 -9999 -9999 -9999 5.506253 5.513408 5.520543 5.527658 5.534753 5.541828 5.548882 5.555917 5.562932 5.569928 5.576904 5.583861 5.590799 5.597719 5.60462 5.611504 5.61837 5.625218 5.632051 5.638866 5.645665 5.652449 5.659217 5.66597 5.672709 5.679433 5.686143 5.69284 5.699523 5.706194 5.712852 5.719498 5.726131 5.732753 5.739363 5.745962 -9999 -9999 -9999 -9999 -9999 -9999 -9999
-9999 -9999 -9999 -9999 -9999 -9999 -9999 -9999 -9999 -9999 -9999 -9999 -9999 -9999 -9999 -9999 -9999 -9999 -9999 -9999 -9999 -9999 -9999 -9999 -9999 -9999 -9999 -9999 5.523545 5.530651 5.537737 5.544806 5.551855 5.558886 5.565897 5.57289 5.579865 5.586822 5.59376 5.600681 5.607584 5.61447 5.62134 5.628192 5.635029 5.64185 5.648655 5.655445 5.66222 5.668981 5.675727 5.68246 5.689179 5.695885 5.702578 5.709258 5.715926 5.722581 5.729226 5.735858 -9999 -9999 -9999 -9999 -9999 -9999 -9999 -9999 -9999
-9999 -9999 -9999 -9999 -9999 -9999 -9999 -9999 -9999 -9999 -9999 -9999 -9999 -9999 -9999 -9999 -9999 -9999 -9999 -9999 -9999 -9999 -9999 -9999 -9999 -9999 -9999 -9999 5.526556 5.533653 5.540732 5.547794 5.554838 5.561863 5.568872 5.575862 5.582836 5.589792 5.596731 5.603653 5.610558 5.617447 5.62432 5.631177 5.638019 5.644845 5.651657 5.658453 5.665236 5.672004 5.678759 5.6855 5.692228 5.698944 5.705647 5.712337 5.719016 5.725683 5.732338 5.738982 -9999 -9999 -9999 -9999 -9999 -9999 -9999 -9999 -9999
-9999 -9999 -9999 -9999 -9999 -9999 -9999 -9999 -9999 -9999 -9999 -9999 -9999 -9999 -9999 -9999 -9999 -9999 -9999 -9999 -9999 -9999 -9999 -9999 -9999 -9999 -9999 -9999 -9999 -9999 5.54374 5.550794 5.557832 5.564853 5.571858 5.578846 5.585818 5.592774 5.599713 5.606637 5.613544 5.620436 5.627313 5.634174 5.641021 5.647853 5.654671 5.661475 5.668265 5.675042 5.681805 5.688556 5.695293 5.702019 5.708732 5.715434 5.722124 5.728802 -9999 -9999 -9999 -9999 -9999 -9999 -9999 -9999 -9999 -9999 -9999
-9999 -9999 -9999 -9999 -9999 -9999 -9999 -9999 -9999 -9999 -9999 -9999 -9999 -9999 -9999 -9999 -9999 -9999 -9999 -9999 -9999 -9999 -9999 -9999 -9999 -9999 -9999 -9999 -9999 -9999 5.546762 5.553809 5.560841 5.567857 5.574859 5.581844 5.588815 5.595769 5.602709 5.609634 5.616544 5.623439 5.63032 5.637186 5.644038 5.650876 5.657701 5.664512 5.671309 5.678094 5.684867 5.691627 5.698375 5.705111 5.711835 5.718547 5.725249 5.73194 -9999 -9999 -9999 -9999 -9999 -9999 -9999 -9999 -9999 -9999 -9999
-9999 -9999 -9999 -9999 -9999 -9999 -9999 -9999 -9999 -9999 -9999 -9999 -9999 -9999 -9999 -9999 -9999 -9999 -9999 -9999 -9999 -9999 -9999 -9999 -9999 -9999 -9999 -9999 -9999 -9999 -9999 -9999 5.563867 5.570878 5.577875 5.584858 5.591827 5.598781 5.605721 5.612648 5.619559 5.626457 5.633342 5.640213 5.64707 5.653914 5.660746 5.667564 5.67437 5.681164 5.687945 5.694715 5.701473 5.70822 5.714955 5.72168 -9999 -9999 -9999 -9999 -9999 -9999 -9999 -9999 -9999 -9999 -9999 -9999 -9999
-9999 -9999 -9999 -9999 -9999 -9999 -9999 -9999 -9999 -9999 -9999 -9999 -9999 -9999 -9999 -9999 -9999 -9999 -9999 -9999 -9999 -9999 -9999 -9999 -9999 -9999 -9999 -9999 -9999 -9999 -9999 -9999 5.566911 5.573917 5.58091 5.58789 5.594857 5.601811 5.608751 5.615678 5.622592 5.629493 5.636382 5.643257 5.65012 5.65697 5.663808 5.670634 5.677449 5.684251 5.691042 5.697822 5.70459 5.711348 5.718095 5.724831 -9999 -9999 -9999 -9999 -9999 -9999 -9999 -9999 -9999 -9999 -9999 -9999 -9999
-9999 -9999 -9999 -9999 -9999 -9999 -9999 -9999 -9999 -9999 -9999 -9999 -9999 -9999 -9999 -9999 -9999 -9999 -9999 -9999 -9999 -9999 -9999 -9999 -9999 -9999 -9999 -9999 -9999 -9999 -9999 -9999 5.569975 5.576976 5.583965 5.590942 5.597907 5.60486 -9999 -9999 -9999 -9999 5.63944 5.64632 5.653188 5.660045 5.66689 5.673723 5.680546 5.687357 5.694158 5.700947 5.707726 5.714495 -9999 -9999 -9999 -9999 -9999 -9999 -9999 -9999 -9999 -9999 -9999 -9999 -9999 -9999 -9999
-9999 -9999 -9999 -9999 -9999 -9999 -9999 -9999 -9999 -9999 -9999 -9999 -9999 -9999 -9999 -9999 -9999 -9999 -9999 -9999 -9999 -9999 -9999 -9999 -9999 -9999 -9999 -9999 -9999 -9999 -9999 -9999 5.573062 5.580058 5.587042 5.594016 5.600978 5.60793 -9999 -9999 -9999 -9999 5.642519 5.649403 5.656277 5.663139 5.669991 5.676832 5.683663 5.690483 5.697293 5.704093 5.710883 5.717663 -9999 -9999 -9999 -9999 -9999 -9999 -9999 -9999 -9999 -9999 -9999 -9999 -9999 -9999 -9999
-9999 -9999 -9999 -9999 -9999 -9999 -9999 -9999 -9999 -9999 -9999 -9999 -9999 -9999 -9999 -9999 -9999 -9999 -9999 -9999 -9999 -9999 -9999 -9999 -9999 -9999 -9999 -9999 -9999 -9999 -9999 -9999 -9999 -9999 -9999 -9999 -9999 -9999 -9999 -9999 -9999 -9999 -9999 -9999 -9999 -9999 5.673113 5.679962 5.686801 5.69363 -9999 -9999 -9999 -9999 -9999 -9999 -9999 -9999 -9999 -9999 -9999 -9999 -9999 -9999 -9999 -9999 -9999 -9999 -9999
