New_Model_Runs/15_Future_RCP8.5_Scn2_out/post_prcessed_with_MFR/Monthly_summaries/actual_et_monthly_MAY.asc
NCOLS 700
NROWS 400
XLLCENTER 515000.000000
YLLCENTER 8409000.000000
CELLSIZE 50.000000
NODATA_value -999.000000
[rows 190 to 227 of 400, columns 252 to 335 of 700]
1.03 1.03 1.03 1.03 0.94 0.94 0.94 0.94 0.94 0.94 0.94 0.94 0.94 0.94 0.94 0.94 0.94 0.94 0.94 0.94 0.93 0.93 0.93 0.93 0.93 0.93 0.93 0.93 0.93 0.93 0.93 0.93 0.93 0.93 0.93 0.93 0.87 0.87 0.87 0.87 0.87 0.87 0.87 0.87 0.87 0.87 0.87 0.87 0.87 0.87 0.87 0.87 0.89 0.89 0.89 0.89 0.89 0.89 0.89 0.89 0.89 0.89 0.89 0.89 0.89 0.89 0.89 0.89 0.76 0.76 0.76 0.76 0.76 0.76 0.76 0.76 0.76 0.76 1.11 1.11 0.76 0.76 2.52 2.52
1.03 1.03 1.03 1.03 0.94 0.94 0.94 0.94 0.94 0.94 0.94 0.94 0.94 0.94 0.94 0.94 0.94 0.94 0.94 0.94 0.93 0.93 0.93 0.93 0.93 0.93 0.93 0.93 0.93 0.93 0.93 0.93 0.93 0.93 0.93 0.93 0.87 0.87 0.87 0.87 0.87 0.87 0.87 0.87 0.87 0.87 0.87 0.87 0.87 0.87 0.87 0.87 0.89 0.89 0.89 0.89 0.89 0.89 0.89 0.89 0.89 0.89 0.89 0.89 0.89 0.89 0.89 0.89 0.76 0.76 0.76 0.76 0.76 0.76 0.76 0.76 0.76 0.76 0.76 0.76 0.76 0.76 0.76 0.76
1.03 1.03 1.03 1.03 0.94 0.94 0.94 0.94 0.94 0.94 0.94 0.94 0.94 0.94 0.94 0.94 0.94 0.94 0.94 0.94 0.93 0.93 0.93 0.93 0.93 0.93 0.93 0.93 0.93 0.93 0.93 0.93 0.93 0.93 0.93 0.93 0.87 0.87 0.87 0.87 0.87 0.87 0.87 0.87 0.87 0.87 0.87 0.87 0.87 0.87 0.87 0.87 0.89 0.89 0.89 0.89 0.89 0.89 0.89 0.89 0.89 0.89 0.89 0.89 0.89 0.89 0.89 0.89 0.76 0.76 0.76 0.76 0.76 0.76 0.76 0.76 0.76 0.76 0.76 0.76 0.76 0.76 0.76 0.76
1.03 1.03 1.03 1.03 0.94 0.94 0.94 0.94 0.94 0.94 0.94 0.94 0.94 0.94 0.94 0.94 0.94 0.94 0.94 0.94 0.93 0.93 0.93 0.93 0.93 0.93 0.93 0.93 0.93 0.93 0.93 0.93 0.93 0.93 0.93 0.93 0.87 0.87 0.87 0.87 0.87 0.87 0.87 0.87 0.87 0.87 0.87 0.87 0.87 0.87 0.87 0.87 0.89 0.89 0.89 0.89 0.89 0.89 0.89 0.89 0.89 0.89 0.89 0.89 0.89 0.89 0.89 0.89 0.76 0.76 0.76 0.76 0.76 0.76 0.76 0.76 0.76 1.11 0.76 0.76 0.76 0.76 0.76 0.76
0.98 0.98 0.98 0.98 0.85 0.85 0.85 0.85 0.85 0.85 0.85 0.85 0.85 0.85 0.85 0.85 0.85 0.85 0.85 0.85 0.84 0.84 0.84 0.84 0.84 0.84 0.84 0.84 0.84 0.84 0.84 0.84 0.84 0.84 0.84 0.84 0.90 0.90 0.90 0.90 0.90 0.90 0.90 0.90 0.90 0.90 0.90 0.90 0.90 0.90 0.90 0.90 0.77 0.77 0.77 0.77 0.77 1.13 1.13 1.13 0.77 0.77 0.77 0.77 0.77 0.77 0.77 0.77 0.77 0.77 0.77 0.77 0.77 0.77 0.77 0.77 1.13 1.13 0.77 1.13 0.77 0.77 1.13 0.77
1.43 0.98 0.98 0.98 0.85 0.85 0.85 0.85 0.85 0.85 0.85 0.85 0.85 0.85 0.85 0.85 0.85 0.85 0.85 0.85 0.84 0.84 0.84 0.84 0.84 0.84 0.84 0.84 0.84 0.84 0.84 0.84 0.84 0.84 0.84 0.84 0.90 0.90 0.90 0.90 0.90 0.90 0.90 0.90 0.90 0.90 0.90 0.90 0.90 0.90 0.90 0.90 0.77 0.77 0.77 0.77 0.77 1.13 1.13 1.13 0.77 0.77 0.77 0.77 0.77 0.77 0.77 0.77 0.77 0.77 0.77 0.77 0.77 0.77 0.77 1.13 0.77 0.77 0.77 0.77 0.77 0.77 0.77 0.77
0.98 0.98 0.98 0.98 0.85 0.85 0.85 0.85 0.85 0.85 0.85 0.85 0.85 0.85 0.85 0.85 0.85 0.85 0.85 0.85 0.84 0.84 0.84 0.84 0.84 0.84 0.84 0.84 0.84 0.84 0.84 0.84 0.84 0.84 0.84 0.84 0.90 0.90 0.90 0.90 0.90 0.90 0.90 0.90 0.90 0.90 0.90 0.90 0.90 0.90 0.90 0.90 0.77 0.77 0.77 0.77 1.13 0.77 1.13 1.13 0.77 0.77 0.77 0.77 0.77 0.77 0.77 0.77 0.77 0.77 0.77 0.77 0.77 0.77 1.13 0.77 1.13 0.77 0.77 0.77 0.77 0.77 0.77 1.13
0.98 0.98 0.98 0.98 0.85 0.85 0.85 0.85 0.85 0.85 0.85 0.85 0.85 0.85 0.85 0.85 0.85 0.85 0.85 0.85 0.84 0.84 0.84 0.84 0.84 0.84 0.84 0.84 0.84 0.84 0.84 0.84 0.84 0.84 0.84 0.84 0.90 0.90 0.90 0.90 0.90 0.90 0.90 0.90 0.90 0.90 0.90 0.90 0.90 0.90 0.90 0.90 0.77 0.77 0.77 0.77 2.56 2.56 0.77 0.77 0.77 0.77 0.77 0.77 0.77 0.77 0.77 0.77 0.77 0.77 0.77 0.77 0.77 0.77 0.77 0.77 0.77 0.77 0.77 0.77 0.77 0.77 0.77 0.77
0.98 0.98 0.98 0.98 0.85 0.85 0.85 0.85 0.85 0.85 0.85 0.85 0.85 0.85 0.85 0.85 0.85 0.85 0.85 0.85 0.84 0.84 0.84 0.84 0.84 0.84 0.84 0.84 0.84 0.84 0.84 0.84 0.84 0.84 0.84 0.84 0.90 0.90 0.90 0.90 0.90 0.90 0.90 0.90 0.90 0.90 0.90 0.90 1.31 0.90 0.90 0.90 0.77 0.77 0.77 0.77 0.77 2.56 0.77 0.77 0.77 0.77 0.77 0.77 0.77 0.77 0.77 0.77 0.77 0.77 0.77 0.77 0.77 0.77 0.77 0.77 0.77 0.77 0.77 0.77 0.77 0.77 0.77 0.77
0.98 0.98 0.98 0.98 0.85 0.85 0.85 0.85 0.85 0.85 0.85 0.85 0.85 0.85 0.85 0.85 0.85 0.85 0.85 0.85 0.84 0.84 0.84 0.84 0.84 0.84 0.84 0.84 0.84 0.84 0.84 0.84 0.84 0.84 0.84 0.84 0.90 0.90 0.90 0.90 0.90 0.90 0.90 0.90 0.90 0.90 0.90 0.90 0.90 1.31 0.90 0.90 0.77 0.77 0.77 0.77 0.77 0.77 0.77 0.77 0.77 1.13 0.77 0.77 0.77 0.77 0.77 0.77 0.77 0.77 0.77 0.77 0.77 0.77 0.77 0.77 0.77 0.77 0.77 0.77 0.77 0.77 0.77 0.77
0.98 0.98 0.98 0.98 0.85 0.85 0.85 0.85 0.85 0.85 0.85 0.85 0.85 0.85 0.85 0.85 0.85 0.85 0.85 0.85 0.84 0.84 0.84 0.84 0.84 0.84 0.84 0.84 0.84 0.84 0.84 0.84 0.84 0.84 0.84 0.84 0.90 0.90 0.90 0.90 0.90 0.90 0.90 0.90 0.90 0.90 0.90 0.90 0.90 0.90 0.90 0.90 0.77 0.77 0.77 0.77 0.77 0.77 0.77 0.77 0.77 0.77 0.77 0.77 0.77 0.77 0.77 0.77 0.77 0.77 0.77 0.77 0.77 0.77 0.77 0.77 0.77 0.77 0.77 0.77 0.77 0.77 0.77 0.77
0.98 0.98 0.98 0.98 0.85 0.85 0.85 0.85 0.85 0.85 0.85 0.85 0.85 0.85 0.85 0.85 0.85 0.85 0.85 0.85 0.84 0.84 0.84 0.84 0.84 0.84 0.84 0.84 0.84 0.84 0.84 0.84 0.84 0.84 0.84 0.84 0.90 0.90 1.31 1.31 0.90 0.90 0.90 0.90 0.90 0.90 0.90 0.90 0.90 0.90 0.90 0.90 0.77 0.77 0.77 0.77 0.77 0.77 0.77 0.77 0.77 0.77 0.77 0.77 0.77 0.77 0.77 0.77 0.77 0.77 0.77 0.77 0.77 0.77 0.77 0.77 0.77 0.77 0.77 0.77 0.77 0.77 0.77 0.77
0.98 0.98 0.98 0.98 0.85 0.85 0.85 0.85 0.85 0.85 0.85 0.85 0.85 0.85 0.85 0.85 0.85 0.85 0.85 0.85 0.84 0.84 0.84 0.84 0.84 0.84 0.84 0.84 0.84 0.84 0.84 0.84 0.84 0.84 0.84 0.84 0.90 0.90 0.90 0.90 0.90 0.90 0.90 0.90 0.90 0.90 0.90 0.90 0.90 1.31 0.90 0.90 0.77 0.77 0.77 0.77 0.77 0.77 0.77 0.77 0.77 0.77 0.77 0.77 0.77 0.77 0.77 0.77 0.77 0.77 0.77 0.77 0.77 0.77 0.77 0.77 0.77 0.77 0.77 0.77 0.77 0.77 0.77 0.77
1.43 0.98 0.98 0.98 0.85 0.85 0.85 0.85 0.85 0.85 0.85 0.85 0.85 0.85 0.85 0.85 0.85 0.85 0.85 0.85 0.84 0.84 0.84 0.84 0.84 0.84 0.84 0.84 0.84 0.84 0.84 0.84 0.84 0.84 0.84 0.84 0.90 0.90 0.90 0.90 0.90 0.90 0.90 0.90 0.90 0.90 0.90 0.90 0.90 0.90 0.90 0.90 0.77 0.77 0.77 0.77 0.77 0.77 0.77 0.77 0.77 0.77 0.77 0.77 0.77 0.77 0.77 0.77 0.77 0.77 0.77 0.77 0.77 0.77 0.77 0.77 0.77 0.77 0.77 0.77 0.77 0.77 0.77 0.77
0.98 0.98 0.98 0.98 0.85 0.85 0.85 0.85 0.85 0.85 0.85 0.85 0.85 0.85 0.85 0.85 0.85 0.85 0.85 0.85 0.84 0.84 0.84 0.84 0.84 0.84 0.84 0.84 0.84 0.84 1.23 0.84 0.84 0.84 0.84 0.84 0.90 0.90 0.90 0.90 0.90 0.90 0.90 0.90 0.90 0.90 0.90 0.90 0.90 0.90 0.90 0.90 0.77 0.77 0.77 0.77 0.77 0.77 0.77 0.77 0.77 0.77 0.77 0.77 0.77 0.77 0.77 0.77 0.77 0.77 0.77 0.77 0.77 0.77 0.77 0.77 0.77 0.77 0.77 0.77 0.77 0.77 0.77 0.77
0.98 0.98 0.98 0.98 0.85 0.85 0.85 0.85 0.85 0.85 0.85 0.85 0.85 0.85 0.85 0.85 0.85 1.25 0.85 0.85 0.84 0.84 0.84 0.84 0.84 0.84 1.23 0.84 0.84 0.84 0.84 0.84 0.84 0.84 0.84 0.84 0.90 0.90 0.90 0.90 0.90 0.90 0.90 0.90 0.90 0.90 0.90 0.90 0.90 0.90 0.90 0.90 0.77 0.77 0.77 0.77 0.77 0.77 0.77 0.77 0.77 0.77 0.77 0.77 0.77 0.77 0.77 0.77 0.77 0.77 0.77 0.77 0.77 0.77 0.77 0.77 0.77 0.77 0.77 0.77 0.77 0.77 0.77 0.77
0.98 0.98 0.98 0.98 0.85 0.85 0.85 0.85 0.85 0.85 0.85 0.85 0.85 0.85 0.85 0.85 0.85 0.85 0.85 0.85 0.84 0.84 0.84 0.84 0.84 1.23 0.84 0.84 1.23 1.23 1.23 0.84 1.23 0.84 0.84 0.84 0.90 0.90 0.90 0.90 0.90 0.90 0.90 0.90 0.90 0.90 0.90 0.90 0.90 0.90 0.90 0.90 0.77 0.77 0.77 0.77 0.77 0.77 0.77 0.77 0.77 0.77 0.77 0.77 0.77 0.77 0.77 0.77 0.77 0.77 0.77 0.77 0.77 0.77 0.77 0.77 0.77 0.77 0.77 0.77 0.77 0.77 0.77 0.77
0.98 0.98 0.98 0.98 0.85 0.85 0.85 0.85 0.85 0.85 0.85 0.85 0.85 0.85 0.85 0.85 0.85 0.85 0.85 0.85 0.84 0.84 0.84 0.84 0.84 0.84 0.84 0.84 1.23 1.23 1.23 0.84 0.84 0.84 0.84 0.84 0.90 0.90 0.90 0.90 0.90 0.90 0.90 0.90 0.90 0.90 0.90 0.90 0.90 0.90 0.90 0.90 0.77 0.77 0.77 0.77 0.77 0.77 0.77 0.77 0.77 0.77 0.77 0.77 0.77 0.77 0.77 0.77 0.77 0.77 0.77 0.77 0.77 0.77 0.77 0.77 0.77 0.77 0.77 0.77 0.77 0.77 0.77 0.77
0.98 0.98 0.98 0.98 0.85 0.85 0.85 0.85 0.85 0.85 0.85 0.85 0.85 0.85 0.85 0.85 0.85 0.85 0.85 0.85 0.84 0.84 0.84 0.84 0.84 0.84 0.84 1.23 1.23 0.84 0.84 0.84 0.84 0.84 0.84 0.84 0.90 0.90 0.90 0.90 0.90 0.90 0.90 0.90 0.90 0.90 0.90 0.90 0.90 0.90 0.90 0.90 0.77 0.77 0.77 0.77 0.77 0.77 0.77 0.77 0.77 0.77 0.77 0.77 0.77 0.77 0.77 0.77 0.77 0.77 0.77 0.77 0.77 0.77 0.77 0.77 0.77 0.77 0.77 0.77 0.77 0.77 0.77 0.77
0.98 0.98 0.98 0.98 0.85 0.85 0.85 0.85 0.85 0.85 0.85 0.85 0.85 0.85 0.85 0.85 0.85 0.85 0.85 0.85 0.84 0.84 0.84 0.84 0.84 0.84 0.84 1.23 0.84 0.84 0.84 0.84 0.84 0.84 0.84 0.84 0.90 0.90 0.90 0.90 0.90 0.90 0.90 0.90 0.90 0.90 0.90 0.90 0.90 0.90 0.90 0.90 0.77 0.77 0.77 0.77 0.77 0.77 0.77 0.77 0.77 0.77 1.13 0.77 0.77 0.77 0.77 0.77 0.77 0.77 1.13 0.77 0.77 0.77 0.77 0.77 0.77 0.77 0.77 0.77 0.77 0.77 0.77 0.77
0.88 0.88 0.88 0.88 0.81 0.81 0.81 0.81 0.81 0.81 0.81 0.81 0.81 0.81 0.81 0.81 0.81 0.81 0.81 0.81 0.94 0.94 0.94 0.94 1.37 0.94 1.37 2.97 0.94 0.94 0.94 0.94 0.94 0.94 0.94 0.94 0.92 0.92 0.92 0.92 0.92 0.92 0.92 0.92 0.92 0.92 0.92 0.92 0.92 0.92 0.92 0.92 0.85 0.85 0.85 0.85 0.85 0.85 0.85 0.85 1.24 1.24 0.85 0.85 0.85 0.85 0.85 1.24 0.88 0.88 0.26 0.26 0.26 3.47 0.88 0.88 0.88 0.88 0.88 0.88 0.88 0.88 0.88 0.88
0.88 0.88 0.88 0.88 0.81 0.81 0.81 0.81 0.81 0.81 0.81 0.81 0.81 0.81 0.81 0.81 0.81 0.81 0.81 0.81 0.94 0.94 0.94 0.94 0.94 0.94 0.94 0.94 0.94 0.94 0.94 0.94 0.94 0.94 0.94 0.94 0.92 0.92 0.92 0.92 0.92 0.92 0.92 0.92 0.92 0.92 0.92 0.92 0.92 0.92 0.92 0.92 0.85 1.24 0.85 0.85 0.85 0.85 0.85 0.85 0.85 0.85 0.85 1.24 0.85 0.85 1.24 0.85 0.88 0.88 1.29 0.88 0.88 0.88 0.88 0.88 0.88 0.88 0.88 0.88 0.88 0.88 0.88 0.88
0.88 0.88 0.88 0.88 0.81 0.81 0.81 0.81 0.81 0.81 0.81 0.81 0.81 0.81 0.81 0.81 0.81 0.81 0.81 0.81 0.94 0.94 0.94 1.37 0.94 0.94 0.94 0.94 0.94 0.94 0.94 0.94 1.37 0.94 0.94 0.94 0.92 0.92 0.92 0.92 0.92 0.92 0.92 0.92 0.92 0.92 0.92 0.92 0.92 0.92 0.92 0.92 0.85 0.85 0.85 0.85 0.85 0.85 0.85 0.85 0.85 0.85 0.85 1.24 1.24 0.85 0.85 0.85 0.88 1.29 0.88 0.88 0.88 0.88 0.88 0.88 0.88 0.88 0.88 0.88 0.88 0.88 0.88 0.88
0.88 0.88 0.88 0.88 0.81 0.81 0.81 0.81 0.81 0.81 0.81 0.81 0.81 0.81 0.81 0.81 0.81 0.81 0.81 0.81 0.94 0.94 0.94 0.94 1.37 0.94 0.94 0.94 0.94 0.94 0.94 0.94 0.94 0.94 0.94 0.94 0.92 0.92 0.92 0.92 0.92 0.92 0.92 0.92 0.92 0.92 0.92 0.92 0.92 0.92 0.92 0.92 0.85 0.85 0.85 0.85 0.85 0.85 0.85 0.85 0.85 0.85 0.85 1.24 1.24 1.24 0.85 0.85 1.29 0.88 0.88 0.88 2.68 0.88 0.88 0.88 0.88 0.88 0.88 0.88 0.88 0.88 0.88 0.88
0.88 0.88 0.88 0.88 0.81 0.81 0.81 0.81 0.81 0.81 0.81 0.81 0.81 0.81 0.81 0.81 0.81 0.81 0.81 0.81 0.94 0.94 0.94 0.94 1.37 0.94 0.94 0.94 0.94 0.94 0.94 0.94 0.94 0.94 0.94 0.94 0.92 0.92 0.92 0.92 0.92 0.92 0.92 0.92 0.92 0.92 0.92 0.92 0.92 0.92 0.92 0.92 0.85 0.85 0.85 0.85 0.85 0.85 0.85 0.85 0.85 0.85 1.24 1.24 1.24 1.24 1.24 0.85 0.88 0.88 3.47 2.68 2.68 0.88 0.88 0.88 0.88 0.88 0.88 0.88 0.88 0.88 0.88 0.88
0.88 0.88 0.88 0.88 0.81 0.81 0.81 0.81 0.81 0.81 0.81 0.81 0.81 0.81 0.81 0.81 0.81 0.81 0.81 0.81 0.94 0.94 0.94 0.94 0.94 0.94 0.94 0.94 0.94 0.94 0.94 0.94 0.94 0.94 0.94 0.94 0.92 0.92 0.92 0.92 0.92 0.92 0.92 0.92 0.92 0.92 0.92 0.92 0.92 1.36 0.92 0.92 0.85 0.85 0.85 0.85 0.85 0.85 0.85 0.85 0.85 0.85 0.85 1.24 1.24 0.85 0.85 0.85 0.88 0.88 3.47 2.68 0.88 0.88 0.88 0.88 0.88 0.88 0.88 0.88 0.88 0.88 0.88 0.88
0.88 0.88 0.88 0.88 0.81 0.81 0.81 0.81 0.81 0.81 0.81 0.81 0.81 0.81 0.81 0.81 0.81 0.81 0.81 0.81 0.94 0.94 0.94 0.94 0.94 0.94 0.94 0.94 0.94 0.94 0.94 0.94 0.94 0.94 0.94 0.94 0.92 0.92 0.92 0.92 0.92 0.92 0.92 0.92 0.92 0.92 0.92 1.36 0.92 1.36 0.92 0.92 0.85 0.85 0.85 0.85 0.85 0.85 0.85 0.85 0.85 0.85 0.85 0.85 1.24 2.56 0.85 0.85 0.88 0.88 3.47 3.47 3.47 2.94 0.88 0.88 0.88 0.88 0.88 0.88 0.88 0.88 0.88 0.88
0.88 0.88 0.88 0.88 0.81 0.81 0.81 0.81 0.81 0.81 0.81 0.81 0.81 0.81 0.81 0.81 0.81 0.81 0.81 0.81 0.94 0.94 1.37 1.37 0.94 0.94 0.94 0.94 0.94 0.94 0.94 0.94 0.94 0.94 0.94 0.94 0.92 0.92 0.92 0.92 0.92 0.92 0.92 0.92 0.92 0.92 0.92 1.36 1.36 1.36 0.92 0.92 0.85 0.85 1.24 0.85 0.85 0.85 0.85 0.85 0.85 0.85 0.85 0.85 1.24 2.56 2.56 2.56 2.68 2.94 3.47 3.47 1.04 2.94 2.94 0.88 0.88 0.88 0.88 0.88 0.88 0.88 0.88 0.88
0.88 0.88 0.88 0.88 0.81 0.81 0.81 0.81 0.81 0.81 0.81 0.81 0.81 2.56 0.81 1.19 0.81 0.81 0.81 0.81 0.94 1.37 1.37 0.94 0.94 0.94 0.94 0.94 0.94 0.94 0.94 0.94 0.94 0.94 0.94 0.94 0.92 0.92 0.92 0.92 0.92 0.92 0.92 0.92 0.92 0.92 0.92 1.36 0.92 0.92 0.92 0.92 0.85 0.85 0.85 0.85 0.85 0.85 1.24 0.85 0.85 0.85 0.85 1.24 1.24 2.56 2.56 3.32 2.68 2.68 2.68 3.47 3.47 2.94 3.47 3.47 1.04 0.88 1.29 0.88 0.88 0.88 0.88 0.88
0.88 0.88 0.88 0.88 0.81 0.81 0.81 0.81 0.81 0.81 0.81 0.81 0.81 1.19 1.19 0.81 0.81 0.81 0.81 0.81 2.97 2.97 0.94 0.94 0.94 0.94 0.94 0.94 1.37 0.94 0.94 0.94 0.94 0.94 0.94 0.94 0.92 0.92 0.92 0.92 0.92 0.92 0.92 0.92 0.92 0.92 0.92 0.92 0.92 0.92 0.92 0.92 0.85 0.85 0.85 0.85 0.85 0.85 0.85 0.85 0.85 0.85 0.85 1.24 1.24 2.56 3.32 3.32 2.94 3.47 3.47 3.47 3.47 3.47 2.57 2.57 2.57 2.57 0.26 0.88 0.26 3.47 2.57 3.47
0.88 0.88 0.88 0.88 0.81 0.81 0.81 0.81 0.81 0.81 0.81 0.81 0.81 0.81 0.81 1.19 0.81 0.81 0.81 0.81 1.37 1.37 3.12 0.94 2.84 0.94 0.94 0.94 0.94 0.94 0.94 0.94 0.94 0.94 0.94 0.94 0.28 0.92 0.92 0.92 0.92 0.92 0.92 0.92 0.92 0.92 0.92 0.92 0.92 0.92 0.92 0.92 0.85 0.85 0.85 0.85 0.85 1.24 1.24 1.24 1.24 1.24 0.85 1.24 1.24 2.56 3.32 1.00 2.94 2.94 3.47 3.47 3.47 1.04 1.04 2.57 3.47 3.47 3.47 0.00 1.04 3.47 2.57 2.57
0.88 0.88 0.88 0.88 0.81 0.81 0.81 0.81 0.81 0.81 0.81 0.81 0.81 0.81 0.81 0.81 0.81 0.81 0.81 0.81 1.37 0.94 3.12 3.12 3.12 3.68 0.94 0.94 0.94 0.94 0.94 0.94 0.94 0.94 0.94 0.94 0.92 0.28 0.92 0.92 0.92 0.92 0.92 0.92 0.92 0.92 0.92 0.92 0.92 1.36 0.92 0.92 0.85 0.85 0.85 1.24 0.85 1.24 1.24 1.24 2.68 2.68 1.24 1.24 1.24 2.82 3.32 1.00 1.04 2.40 2.40 2.40 3.47 2.57 3.47 3.47 3.47 3.47 3.47 0.00 0.00 0.00 0.88 0.88
0.88 0.88 0.88 0.88 0.81 0.81 0.81 0.81 1.18 0.81 0.81 0.81 0.81 0.81 0.81 0.81 0.81 0.81 0.81 0.81 1.37 1.37 0.94 3.12 3.12 3.68 0.94 0.94 0.94 1.37 0.94 1.37 1.37 0.94 0.94 0.94 0.92 1.09 0.92 0.92 0.92 1.36 1.36 0.92 0.92 0.92 0.92 0.92 0.92 0.92 0.92 0.92 0.85 0.85 0.85 2.82 2.56 2.56 1.24 1.24 2.68 1.24 0.85 0.85 0.85 0.85 3.32 3.32 2.40 3.47 1.04 1.04 3.47 3.47 2.94 2.94 3.47 2.67 0.00 0.00 0.00 0.00 0.00 0.88
0.88 0.88 0.88 0.88 0.81 0.81 0.81 1.18 1.18 0.81 0.81 0.81 2.45 1.18 0.81 0.81 0.81 0.81 0.81 0.81 1.37 0.94 0.94 3.68 3.68 0.94 0.94 0.94 0.94 1.37 1.37 1.37 1.37 0.94 1.37 0.94 1.36 0.92 2.48 3.64 1.36 1.36 1.36 1.36 1.36 0.92 0.92 0.92 0.92 1.36 0.92 0.92 1.24 0.85 2.56 3.32 2.56 2.56 3.32 1.24 1.24 1.24 1.24 0.85 0.85 0.85 3.32 3.32 1.04 1.04 3.47 3.47 2.67 2.67 3.47 3.47 3.47 3.47 0.00 0.00 0.00 0.00 0.00 0.00
0.88 0.88 0.88 0.88 0.81 0.81 1.18 0.81 0.81 0.81 0.81 0.81 0.81 0.81 0.81 0.81 0.81 0.81 0.81 0.81 0.94 0.94 0.94 3.68 0.94 0.94 0.94 0.94 0.94 0.94 1.37 1.37 1.37 1.37 3.12 1.37 1.36 0.92 0.92 1.09 3.08 2.80 1.36 1.36 1.36 0.92 0.92 0.92 0.92 0.92 0.92 0.92 0.85 2.82 2.56 3.32 3.32 1.00 3.32 2.56 1.24 1.24 1.24 0.37 2.33 3.32 3.32 3.32 2.67 3.47 2.94 2.94 2.67 3.47 3.47 2.67 3.47 3.47 0.00 0.00 0.00 0.00 0.00 0.00
0.88 0.88 0.88 0.88 0.81 0.81 0.81 0.81 2.56 2.69 2.45 0.81 1.18 1.18 0.81 0.81 0.81 0.81 0.81 0.81 0.94 0.94 0.94 3.68 0.94 0.94 0.94 0.94 0.94 0.94 0.94 3.12 3.12 3.12 3.12 1.37 0.92 0.92 0.92 0.92 0.92 3.64 0.92 0.92 0.92 0.92 0.92 0.92 0.92 0.92 1.36 0.92 0.85 2.82 3.32 3.32 3.32 3.32 2.33 1.00 1.24 0.85 0.25 2.33 2.33 2.56 2.82 3.32 2.67 2.67 2.67 2.79 2.94 3.47 2.67 3.47 2.67 3.47 3.47 0.00 0.00 0.00 0.00 0.00
0.89 0.89 0.89 0.89 0.81 0.81 1.18 0.81 0.81 2.44 0.81 0.81 1.18 1.18 1.18 0.81 0.81 0.81 0.81 0.81 0.96 0.96 0.96 3.78 0.96 0.96 0.96 0.96 0.96 0.96 0.96 3.21 3.21 3.21 3.21 3.21 0.84 0.84 0.84 0.84 0.84 3.31 0.84 0.84 1.24 1.24 0.84 0.84 1.24 0.84 1.24 1.24 0.90 0.90 3.01 3.01 3.56 3.56 2.42 2.42 3.56 3.01 2.42 2.42 2.74 2.74 3.01 2.86 1.70 1.70 1.70 2.21 1.87 2.21 2.21 1.70 1.70 1.70 2.21 0.00 0.00 0.00 0.00 0.00
0.89 0.89 0.89 0.89 0.81 0.81 0.81 0.81 0.81 1.18 0.81 1.18 1.18 2.55 1.18 1.18 0.81 0.81 0.81 0.81 0.96 0.96 0.96 0.96 0.96 0.96 0.96 0.96 0.96 0.96 0.96 3.21 3.21 3.21 3.21 3.21 0.84 0.84 0.84 0.84 3.31 3.31 0.84 0.84 0.84 0.84 0.84 0.84 1.24 1.24 1.24 2.67 2.86 0.90 3.01 2.42 2.42 2.42 2.42 3.56 2.42 2.74 2.42 2.42 0.27 3.56 3.56 1.33 0.56 1.78 2.21 2.21 2.21 2.21 2.21 2.21 2.21 2.21 0.00 0.00 0.00 0.00 0.00 0.00
