New_Model_Runs/15_Future_RCP8.5_Scn2_out/post_prcessed_with_MFR/Monthly_summaries/actual_et_monthly_NOV.asc
NCOLS 700
NROWS 400
XLLCENTER 515000.000000
YLLCENTER 8409000.000000
CELLSIZE 50.000000
NODATA_value -999.000000
[rows 114 to 151 of 400, columns 420 to 503 of 700]
1.38 1.38 1.38 1.38 1.38 1.38 1.38 1.38 1.38 1.38 1.38 1.38 1.33 1.33 1.33 1.33 1.33 1.33 1.33 1.33 1.33 1.33 1.33 1.33 1.33 1.33 1.33 5.24 4.05 5.12 3.86 1.30 1.30 1.30 1.30 1.30 1.30 1.30 1.30 1.30 1.30 1.30 1.30 1.91 1.28 1.28 1.28 1.28 1.28 1.28 1.28 1.28 1.28 1.28 1.28 1.28 1.28 1.28 3.57 3.37 1.76 1.76 1.76 1.20 1.76 3.39 1.76 1.76 1.76 1.76 1.76 1.76 1.20 1.76 1.20 1.20 1.21 1.21 1.21 1.78 1.78 1.78 1.78 1.78
1.38 1.38 1.38 1.38 1.38 1.38 1.38 1.38 1.38 1.38 1.38 1.38 1.33 1.33 1.33 1.33 1.33 1.33 1.33 1.33 1.33 1.33 1.33 1.33 1.33 1.33 1.33 1.33 1.30 5.12 3.86 3.86 1.30 1.30 1.30 1.30 1.30 1.30 1.30 1.30 1.30 1.30 1.30 1.30 1.28 1.28 1.28 1.28 1.28 1.28 1.28 1.28 1.28 1.28 1.28 1.28 1.28 3.37 3.37 3.43 3.24 1.20 1.20 1.20 1.20 1.76 1.76 1.76 1.76 1.76 1.76 1.76 1.20 1.20 1.20 1.20 1.21 1.21 1.21 1.21 1.21 1.78 1.21 1.21
2.03 1.38 1.38 1.38 1.38 1.38 1.38 1.38 1.38 1.38 1.38 1.38 1.33 1.33 1.33 1.33 1.33 1.33 1.33 1.33 1.33 1.33 1.33 1.33 1.33 1.33 1.33 1.33 1.30 1.30 3.40 2.36 1.30 1.30 1.30 1.30 1.91 1.91 1.30 1.30 1.30 1.30 1.30 1.30 1.28 1.28 1.28 1.28 1.28 1.28 1.28 1.28 1.28 1.28 1.28 1.28 1.28 1.28 1.28 1.88 1.20 1.20 1.20 1.20 1.20 1.76 1.76 1.76 1.76 1.76 1.76 1.20 1.76 1.20 1.20 1.20 1.21 1.78 1.78 1.21 1.21 1.21 1.21 1.21
1.38 1.38 1.38 1.38 1.38 1.38 1.38 1.38 1.38 1.38 1.38 1.38 1.33 1.33 1.33 1.33 1.33 1.33 1.33 1.33 1.33 1.33 1.33 1.33 1.33 1.33 1.33 1.96 1.30 1.30 1.30 1.30 1.30 1.30 1.30 1.30 1.30 1.91 1.30 1.30 1.91 1.30 1.30 1.30 1.28 1.28 1.28 1.28 1.28 1.28 1.28 1.28 1.28 1.28 1.28 1.28 1.28 1.28 1.28 1.28 1.20 1.76 1.76 1.76 1.76 1.76 1.76 1.76 1.76 1.76 1.76 1.20 1.20 1.20 1.20 1.76 1.78 1.21 1.21 1.21 1.21 1.21 1.21 1.21
1.38 1.38 1.38 1.38 1.38 1.38 1.38 1.38 1.38 1.38 1.38 1.38 1.33 1.33 1.33 1.33 1.33 1.33 1.33 1.33 1.33 1.33 1.33 1.33 1.33 1.33 1.33 1.33 1.30 1.91 1.30 1.30 1.30 1.30 1.30 1.30 1.30 1.30 1.30 1.30 1.30 1.30 1.30 1.30 1.28 1.28 1.28 1.28 1.28 1.28 1.28 1.28 1.28 1.28 1.28 1.28 1.28 1.28 1.28 1.28 1.20 1.20 1.76 1.76 1.20 1.20 1.20 1.20 1.20 1.20 1.20 1.20 1.20 1.20 1.20 1.20 1.21 1.21 1.21 1.21 1.21 1.21 1.21 1.21
1.38 1.38 1.38 2.03 1.38 1.38 1.38 1.38 1.38 1.38 1.38 1.38 1.33 1.33 1.33 1.33 1.33 1.33 1.33 1.33 1.33 1.33 1.33 1.33 1.33 1.33 1.33 1.33 1.30 1.30 1.30 1.30 1.30 1.30 1.91 1.91 1.30 1.30 1.30 1.30 1.30 1.30 1.30 1.30 1.28 1.28 1.28 1.28 1.28 1.28 1.28 1.28 1.28 1.28 1.28 1.28 1.28 1.28 1.28 1.28 1.20 1.76 1.76 1.76 1.20 1.20 1.20 1.20 1.20 1.76 1.76 1.76 1.76 1.20 1.20 1.20 1.21 1.21 1.21 1.21 1.21 1.21 1.21 1.21
1.38 2.03 1.38 1.38 1.38 1.38 1.38 1.38 1.38 1.38 1.38 1.38 1.33 1.33 1.33 1.33 1.33 1.33 1.33 1.33 1.33 1.33 1.33 1.33 1.33 1.33 1.33 1.33 1.30 1.30 1.30 1.30 1.30 1.30 1.30 1.30 1.30 1.91 1.30 1.30 1.30 1.30 1.30 1.30 1.28 1.28 1.28 1.28 1.28 1.28 1.28 1.28 1.28 1.28 1.28 1.28 1.28 1.28 1.28 1.28 1.20 1.20 1.76 1.76 1.20 1.20 1.20 1.20 1.20 1.20 1.20 1.20 1.76 1.76 1.20 1.20 1.21 1.21 1.21 1.21 1.21 1.21 1.21 1.21
1.38 2.03 1.38 1.38 1.38 1.38 1.38 1.38 1.38 1.38 1.38 1.38 1.33 1.33 1.33 1.33 1.33 1.33 1.33 1.33 1.33 1.33 1.33 1.33 1.33 1.33 1.33 1.33 1.30 1.30 1.30 1.30 3.40 1.30 1.30 1.91 1.30 1.30 1.30 1.30 1.30 1.30 1.30 1.30 1.28 1.28 1.28 1.28 1.28 1.28 1.28 1.28 1.28 1.28 1.28 1.28 1.28 1.28 1.28 1.28 1.20 1.20 1.20 1.76 1.20 1.20 1.20 1.20 1.20 1.20 1.20 1.20 1.20 1.76 1.20 1.20 1.21 1.21 1.21 1.21 1.21 1.21 1.21 1.21
1.38 2.03 1.38 1.38 1.38 1.38 1.38 2.03 1.38 1.38 1.38 1.38 1.33 1.33 1.33 1.33 1.33 1.33 1.33 1.33 1.33 1.33 1.33 1.33 1.33 1.33 1.33 1.33 1.30 1.30 1.30 1.30 3.40 1.30 1.30 1.30 1.30 1.30 1.30 1.30 1.30 1.30 1.30 1.30 1.28 1.28 1.28 1.28 1.28 1.28 1.28 1.28 1.28 1.28 1.28 1.28 1.28 1.28 1.28 1.28 1.20 1.20 1.20 1.20 1.20 1.20 1.20 1.20 1.20 1.20 1.20 1.20 1.20 1.20 1.20 1.20 1.21 1.21 1.21 1.21 1.21 1.21 1.21 1.21
1.38 1.38 1.38 1.38 1.38 1.38 1.38 2.03 1.38 1.38 1.38 1.38 1.33 1.33 1.33 1.33 1.33 1.33 1.33 1.33 1.33 1.33 1.96 1.33 1.33 1.33 1.33 1.33 1.30 1.30 1.30 1.91 3.40 1.30 1.30 1.30 1.30 1.30 1.30 1.30 1.30 1.30 1.30 1.30 1.28 1.28 1.28 1.28 1.28 1.28 1.28 1.28 1.28 1.28 1.28 1.28 1.28 1.28 1.28 1.28 1.76 1.20 1.20 1.20 1.76 1.20 1.20 1.20 1.20 1.20 1.20 1.20 1.20 1.20 1.20 1.20 1.21 1.21 1.21 1.21 1.21 1.21 1.21 1.21
1.38 1.38 1.38 1.38 1.38 1.38 1.38 1.38 1.38 2.03 1.38 2.03 1.96 1.33 1.33 1.33 1.33 1.33 1.33 1.33 1.33 1.33 1.96 1.33 1.33 1.33 1.33 1.33 1.30 1.91 1.91 1.91 3.48 3.40 3.40 1.30 1.30 1.30 1.30 1.30 1.30 1.30 1.30 1.30 1.28 1.28 1.28 1.28 1.28 1.28 1.28 1.28 1.28 1.28 1.28 1.28 1.28 1.28 1.28 1.28 1.20 1.20 1.76 1.20 1.76 1.20 1.20 1.20 1.20 1.20 1.20 1.20 1.20 1.20 1.20 1.20 1.21 1.21 1.21 1.21 1.21 1.21 1.21 1.21
1.38 1.38 1.38 1.38 1.38 1.38 2.03 1.38 1.38 5.19 5.19 1.38 1.33 1.33 1.33 1.33 1.33 1.33 1.33 1.33 1.96 1.96 1.33 1.96 1.33 1.33 1.33 1.33 1.30 1.30 1.30 1.30 1.91 3.48 1.30 1.30 1.30 1.30 1.30 1.30 1.30 1.30 1.30 1.30 1.28 1.28 1.28 1.28 1.28 1.88 1.28 1.28 1.28 1.28 1.28 1.28 1.28 1.28 1.28 1.28 1.20 1.20 1.20 1.76 1.20 1.20 1.20 1.20 1.20 1.20 1.20 1.20 1.20 1.20 1.20 1.20 1.21 1.21 1.21 1.21 1.21 1.21 1.21 1.21
1.38 4.18 1.38 1.38 1.38 1.38 1.38 1.38 1.38 4.46 5.19 4.18 1.33 1.33 1.33 1.33 1.33 1.33 1.33 1.33 1.96 1.96 1.33 1.33 1.33 1.33 1.33 1.33 1.30 1.30 1.30 1.30 1.30 1.30 1.30 1.30 1.30 1.30 1.30 1.30 1.30 1.30 1.30 1.30 1.28 1.28 1.28 1.28 1.28 1.88 1.28 1.28 1.28 1.28 1.28 1.28 1.28 1.28 1.28 1.28 1.20 1.20 1.20 1.20 1.20 1.20 1.20 1.20 1.20 1.20 1.20 1.20 1.20 1.20 1.20 1.20 1.21 1.21 1.21 1.21 1.21 1.21 1.21 1.21
1.38 2.03 1.38 1.38 4.46 5.19 1.38 4.18 3.07 5.19 1.25 4.18 4.04 4.04 1.33 1.33 1.33 1.33 1.33 1.33 1.33 1.96 1.33 1.33 1.33 1.33 1.33 1.33 1.30 1.30 1.30 1.30 1.30 1.30 1.30 1.30 1.30 1.30 1.91 1.30 1.30 1.30 1.30 1.30 1.28 1.28 1.28 1.28 1.28 1.28 1.88 1.28 1.28 1.28 1.28 1.28 1.28 1.28 1.28 1.28 1.20 1.20 1.20 1.20 1.20 1.20 1.20 1.20 1.20 1.20 1.20 1.20 1.20 1.20 1.20 1.20 1.21 1.21 1.21 1.21 1.21 1.21 1.21 1.21
2.03 1.38 5.19 5.19 5.19 1.56 4.46 4.18 3.07 4.18 4.46 4.18 1.96 1.33 1.33 1.33 1.96 1.33 1.33 1.33 4.44 1.96 1.96 1.96 1.96 1.33 4.44 1.33 1.30 1.91 1.30 1.30 1.30 1.30 1.30 1.30 1.30 1.30 1.30 1.30 1.30 1.30 1.30 1.91 1.28 1.28 1.28 1.88 1.28 1.28 1.28 1.28 1.28 1.28 1.28 1.28 1.28 1.28 1.28 1.28 1.20 1.20 1.20 1.20 1.20 1.20 1.20 1.20 1.20 1.76 1.20 1.20 1.20 1.20 1.20 1.20 1.21 1.21 1.21 1.21 1.21 1.21 1.21 1.21
1.38 0.42 1.56 1.56 5.19 1.56 5.29 4.46 5.19 4.18 5.19 4.18 4.04 1.96 1.33 1.33 1.96 1.33 1.33 1.33 1.33 1.96 1.33 1.33 1.33 4.44 4.44 4.44 1.30 1.30 1.30 1.30 1.30 1.30 1.30 1.30 1.30 1.30 1.30 1.30 1.30 1.91 1.30 1.30 1.28 1.28 1.28 1.28 1.28 1.28 1.28 1.28 1.28 1.28 1.28 1.28 1.28 1.28 1.28 1.28 1.20 1.20 1.20 1.20 1.20 1.20 1.20 1.20 1.76 1.20 1.20 1.20 1.20 1.20 1.20 1.20 1.21 1.21 1.21 1.21 1.21 1.21 1.21 1.21
3.62 1.09 3.62 2.39 2.39 2.39 2.79 1.09 3.62 3.07 0.92 0.92 1.39 1.39 1.39 1.39 1.39 2.04 1.39 1.39 1.39 2.04 2.04 1.39 4.63 4.63 4.63 4.63 3.50 1.19 1.19 1.19 1.19 1.19 1.19 1.75 1.19 1.19 1.19 1.19 1.19 1.19 1.19 1.19 1.06 1.06 1.06 1.06 1.06 1.06 1.06 1.06 1.06 1.06 1.06 1.06 1.06 1.06 1.06 1.06 1.18 1.18 1.18 1.18 1.18 1.18 1.18 1.18 1.18 1.18 1.74 1.18 1.18 1.18 1.18 1.18 1.12 1.12 1.12 1.12 1.12 1.12 1.12 1.12
1.09 3.62 3.62 3.62 3.07 3.62 2.39 2.31 3.62 2.79 0.92 0.92 1.39 1.39 1.39 1.39 1.39 1.39 1.39 1.39 1.39 1.39 1.39 1.39 4.63 4.63 4.63 4.63 3.50 1.19 1.19 1.19 1.19 1.19 1.19 1.19 1.19 1.19 1.19 1.19 1.19 1.19 1.19 1.19 1.06 1.06 1.06 1.06 1.06 1.06 1.06 1.06 1.06 1.06 1.06 1.06 1.06 1.06 1.06 1.06 1.18 1.18 1.18 1.18 1.18 1.18 1.18 1.74 1.74 1.74 1.18 1.18 1.18 1.18 1.18 1.18 1.12 1.12 1.12 1.65 1.65 1.12 1.12 1.12
2.39 3.62 1.09 3.62 3.62 2.39 3.62 3.62 3.62 2.79 0.92 0.92 1.39 1.39 1.39 1.39 1.39 1.39 1.39 1.39 1.39 1.39 1.39 4.63 4.63 4.63 4.63 4.63 3.50 1.19 1.19 1.19 1.19 1.19 1.19 1.19 1.19 1.19 1.19 1.19 1.19 1.19 1.19 1.19 1.06 1.06 1.06 1.06 1.06 1.06 1.06 1.06 1.06 1.06 1.55 1.06 1.06 1.06 1.06 1.06 1.18 1.18 1.18 1.18 1.18 1.18 1.18 1.18 1.74 1.74 1.18 1.74 1.18 1.18 1.18 1.18 1.12 1.12 1.12 1.12 1.12 1.12 1.12 1.12
3.62 1.09 1.09 3.62 3.62 3.62 3.62 3.62 2.39 0.92 0.92 0.92 1.39 1.39 1.39 1.39 1.39 1.39 1.39 1.39 1.39 1.39 1.39 1.39 4.63 4.63 4.63 4.63 3.50 1.19 1.19 1.19 1.19 1.19 1.19 1.19 1.19 1.19 1.19 1.19 1.19 1.19 1.19 1.19 1.06 1.06 1.06 1.06 1.06 1.06 1.06 1.06 1.06 1.06 1.06 1.06 1.06 1.06 1.06 1.06 1.18 1.18 1.18 1.18 1.18 1.18 1.18 1.18 1.18 1.18 1.74 1.74 1.74 1.18 1.18 1.18 1.12 1.12 1.12 1.12 1.12 1.12 1.12 1.12
0.00 0.00 0.00 3.62 1.09 1.09 3.62 3.62 0.92 0.92 0.92 0.92 1.39 1.39 1.39 1.39 1.39 1.39 1.39 1.39 1.39 1.39 1.39 1.39 4.63 4.63 4.63 4.63 3.50 3.50 1.19 1.19 1.19 1.19 1.19 1.19 1.19 1.19 1.19 1.19 1.19 1.19 1.19 1.19 1.06 1.06 1.06 1.06 1.06 1.06 1.06 1.06 1.06 1.06 1.06 1.06 1.06 1.06 1.06 1.06 1.18 1.18 1.18 1.18 1.18 1.18 1.18 1.18 1.18 1.18 1.18 1.18 1.18 1.18 1.18 1.18 1.12 1.12 1.12 1.12 1.12 1.12 1.12 1.12
0.00 0.00 0.00 2.39 2.39 3.62 1.09 3.62 0.92 0.92 0.92 0.92 1.39 1.39 1.39 1.39 1.39 1.39 1.39 1.39 1.39 1.39 4.63 4.63 4.63 4.63 4.63 4.63 3.50 3.50 1.19 1.19 3.50 1.19 1.19 3.50 3.50 3.50 1.19 1.19 1.19 1.19 1.19 1.19 1.06 1.06 1.06 1.06 1.06 1.06 1.06 1.06 1.06 1.06 1.06 1.06 1.06 1.06 1.06 1.06 1.18 1.18 1.18 1.18 1.18 1.18 1.18 1.18 1.18 1.18 1.18 1.18 1.18 1.18 1.18 1.18 1.12 1.12 1.12 1.12 1.12 1.12 1.12 1.12
0.00 0.00 0.00 0.00 2.39 1.09 0.92 0.92 0.92 0.92 0.92 0.92 1.39 1.39 1.39 1.39 1.39 1.39 1.39 1.39 1.39 4.63 4.63 4.63 4.63 4.63 4.63 4.63 3.50 3.50 3.50 3.50 3.50 3.50 3.50 3.50 3.50 1.19 1.19 1.19 1.19 1.19 1.19 1.19 1.06 1.06 1.06 1.06 1.06 1.06 1.06 1.06 1.06 1.06 1.06 1.06 1.06 1.06 1.06 1.06 1.18 1.18 1.18 1.18 1.18 1.18 1.18 1.18 1.18 1.18 1.18 1.18 1.18 1.18 1.18 1.18 1.12 1.12 1.12 1.12 1.12 1.12 1.12 1.12
0.00 0.00 0.00 0.00 2.39 1.09 0.92 0.92 0.92 0.92 0.92 0.92 1.39 1.39 1.39 1.39 1.39 1.39 1.39 1.39 1.39 4.63 4.63 4.63 4.63 4.63 4.63 4.63 3.50 3.50 3.50 3.50 3.50 3.50 3.50 3.50 3.50 3.50 3.50 1.19 1.19 1.19 1.19 1.19 1.06 1.06 1.06 1.06 1.06 1.06 1.06 1.06 1.06 1.06 1.06 1.06 1.06 1.06 1.06 1.06 1.18 1.18 1.18 1.18 1.18 1.18 1.18 1.18 1.18 1.18 1.18 1.18 1.18 1.18 1.18 1.18 1.65 1.12 1.12 1.12 1.12 1.12 1.12 1.12
0.00 0.00 0.00 0.00 0.00 3.62 0.92 0.92 0.92 0.92 0.92 0.92 1.39 1.39 1.39 1.39 2.04 1.39 1.39 4.63 4.63 4.63 4.63 4.63 4.63 4.63 4.63 4.63 3.50 3.50 3.50 3.50 3.50 3.50 3.50 3.50 3.50 3.50 3.50 1.19 1.19 1.19 1.19 1.19 1.06 1.06 1.06 1.06 1.06 1.06 1.06 1.06 1.06 1.06 1.06 1.06 1.06 1.06 1.06 1.06 1.18 1.18 1.74 1.18 1.18 1.18 1.18 1.74 1.18 1.18 1.18 1.18 1.18 1.74 1.18 1.74 1.12 1.12 1.12 1.12 1.12 1.12 1.12 1.12
0.00 0.00 0.00 0.00 0.00 0.92 0.92 0.92 0.92 0.92 0.92 0.92 1.39 1.39 1.39 1.39 4.58 4.58 4.63 4.63 4.63 4.63 4.63 4.63 4.63 4.63 4.63 4.63 3.50 3.50 3.50 3.50 3.50 3.50 3.50 3.50 1.19 1.19 1.19 1.19 1.19 1.19 1.19 1.19 1.06 1.06 1.06 1.06 1.06 1.06 1.06 1.06 1.06 1.06 1.06 1.06 1.06 1.06 1.06 1.55 1.18 1.18 1.18 1.18 1.18 1.18 1.18 1.18 1.18 1.18 1.18 1.18 1.18 1.18 1.18 1.18 1.12 1.12 1.12 1.12 1.12 1.12 1.12 1.12
0.00 0.00 0.00 0.00 0.00 0.92 0.92 0.92 0.92 0.92 0.92 0.92 1.39 1.39 1.39 1.39 2.04 1.39 1.39 4.63 4.63 4.63 4.63 4.63 4.63 4.63 4.63 3.77 3.50 3.50 1.19 3.50 3.50 3.50 3.50 3.50 1.19 1.19 1.19 1.19 1.19 1.19 1.19 1.19 1.06 1.06 1.06 1.06 1.06 1.06 1.06 1.06 1.06 1.06 1.06 1.06 1.06 1.06 1.06 1.06 1.18 1.18 1.18 1.18 1.18 1.18 1.18 1.74 1.18 1.18 1.18 1.18 1.18 1.18 1.18 1.18 1.12 1.12 1.12 1.12 1.12 1.12 1.12 1.12
0.00 0.00 0.00 0.00 0.28 0.92 0.92 0.92 0.92 0.92 0.92 0.92 1.39 1.39 1.39 1.39 1.39 1.39 1.39 1.39 1.39 4.63 4.63 1.39 1.39 4.63 4.63 3.77 3.50 3.50 3.50 3.50 3.50 3.50 1.19 1.19 1.19 1.19 1.19 1.19 1.19 1.19 1.19 1.19 1.06 1.06 1.06 1.06 1.06 1.06 1.06 1.06 1.06 1.06 1.06 1.06 1.06 1.06 1.06 1.06 1.18 1.18 1.18 1.18 1.18 1.18 1.18 1.18 1.18 1.18 1.18 1.18 1.18 1.18 1.18 1.18 1.12 1.65 1.12 1.12 1.65 1.12 1.12 1.12
0.00 0.00 0.00 2.39 0.28 0.92 0.92 0.92 0.92 0.92 0.92 0.92 1.39 1.39 1.39 1.39 1.39 1.39 1.39 1.39 1.39 1.39 1.39 1.39 1.39 1.39 4.63 3.77 3.50 3.50 3.50 3.50 3.50 3.50 3.50 1.19 1.19 1.19 1.19 1.19 1.19 1.19 1.19 1.19 1.06 1.06 1.06 1.06 1.06 1.06 1.06 1.06 1.06 1.06 1.06 1.06 1.06 1.06 1.06 1.06 1.18 1.18 1.18 1.18 1.18 1.18 1.74 1.18 1.18 1.18 1.18 1.18 1.18 1.18 1.74 1.18 1.65 1.12 1.12 1.12 1.12 1.12 1.12 1.12
0.00 0.00 0.00 0.00 1.35 0.92 0.92 0.92 0.92 0.92 0.92 0.92 1.39 1.39 1.39 1.39 1.39 1.39 1.39 1.39 1.39 1.39 1.39 1.39 1.39 1.39 1.39 3.77 3.50 3.50 3.50 3.50 3.50 3.50 3.50 3.50 1.19 1.19 1.19 1.19 1.19 1.19 1.19 1.19 1.06 1.06 1.06 1.06 1.06 1.06 1.06 1.06 1.06 1.06 1.06 1.06 1.06 1.06 1.06 1.06 1.18 1.18 1.18 1.18 1.18 1.18 1.18 1.18 1.18 1.18 1.18 1.18 1.18 1.18 1.18 1.18 1.12 1.12 1.12 1.12 1.65 1.12 1.12 1.12
0.00 0.00 0.00 2.39 0.92 0.92 0.92 2.79 2.79 0.92 0.92 0.92 1.39 1.39 2.04 1.39 1.39 1.39 1.39 1.39 1.39 1.39 1.39 1.39 1.39 1.39 1.39 1.39 1.19 1.19 3.50 3.50 3.50 3.50 3.50 3.50 1.19 1.19 1.19 1.19 1.19 1.19 1.19 1.19 1.06 1.06 1.06 1.06 1.06 1.06 1.06 1.55 1.06 1.06 1.06 1.06 1.06 1.06 1.06 1.06 1.18 1.18 1.18 1.18 1.18 1.18 1.18 1.18 1.18 1.18 1.18 1.18 1.18 1.18 1.18 1.18 1.12 1.12 1.12 1.12 1.65 1.65 1.65 1.12
0.00 0.00 1.09 1.09 1.09 1.09 3.62 2.79 0.92 0.92 0.92 0.92 1.39 1.39 1.39 1.39 1.39 1.39 1.39 1.39 1.39 1.39 1.39 1.39 1.39 1.39 1.39 1.39 1.19 1.19 3.50 3.50 1.19 3.50 3.50 3.50 1.19 1.19 1.19 1.19 1.19 1.19 1.19 1.19 1.06 1.06 1.06 1.06 1.06 1.06 1.55 1.55 1.06 1.06 1.06 1.06 1.06 1.06 1.06 1.06 1.18 1.18 1.18 1.18 1.18 1.18 1.18 1.18 1.18 1.18 1.18 1.18 1.18 1.18 1.18 1.74 1.65 1.12 1.12 4.40 3.40 3.40 3.40 3.73
0.00 0.00 3.41 1.02 1.02 3.41 3.41 0.87 0.87 0.87 0.87 0.87 1.33 1.33 1.33 1.33 1.33 1.33 1.33 1.33 1.33 1.33 1.33 1.33 1.33 1.33 1.33 1.33 1.20 1.20 1.20 1.20 1.20 1.20 1.20 3.51 1.20 1.20 1.20 1.20 1.20 1.20 1.20 1.20 1.28 1.28 1.28 1.28 1.28 1.28 1.28 1.88 1.28 1.28 1.28 1.28 1.28 1.28 1.28 1.28 1.17 1.17 1.17 1.17 1.17 1.17 1.17 1.17 1.17 1.17 1.17 1.17 1.17 1.17 1.17 1.17 1.18 1.18 0.80 0.80 0.95 3.16 2.43 2.31
0.00 0.00 1.02 3.41 1.02 2.63 1.27 0.87 0.87 0.87 0.87 0.87 1.33 1.33 1.33 1.33 1.96 1.96 1.33 1.33 1.33 1.33 1.33 1.33 1.33 1.33 1.33 1.33 1.20 1.20 1.20 1.20 1.20 1.20 1.20 3.51 1.20 1.20 1.20 1.20 1.20 1.20 1.20 1.20 1.28 1.28 1.28 1.28 1.28 1.28 1.28 1.28 1.28 1.28 1.28 1.28 1.28 1.28 1.28 1.28 1.17 1.17 1.17 1.17 1.17 1.17 1.17 1.17 1.17 1.17 1.17 1.17 1.17 1.17 1.17 1.17 0.80 1.18 0.80 0.80 3.16 3.16 2.43 0.00
0.00 0.00 2.30 1.02 3.41 0.87 0.87 0.87 0.87 0.87 0.87 0.87 1.33 1.33 1.33 1.33 1.33 1.96 1.33 1.33 1.33 1.33 1.33 1.33 1.33 1.33 1.33 1.33 1.20 1.76 1.20 1.20 1.20 1.20 1.20 1.20 1.20 1.20 1.20 1.20 1.20 1.20 1.20 1.20 1.28 1.28 1.28 1.28 1.28 1.28 1.28 1.28 1.28 1.28 1.28 1.28 1.28 1.28 1.28 1.28 1.17 1.17 1.17 1.17 1.17 1.17 1.17 1.17 1.17 1.17 1.17 1.17 1.17 1.17 1.17 1.17 0.80 0.80 0.80 0.80 3.16 2.67 3.08 0.00
0.00 0.00 0.00 3.41 3.41 1.27 0.87 0.87 0.87 0.87 0.87 0.87 1.33 1.33 1.33 1.33 1.33 1.33 1.33 1.33 1.33 1.33 1.33 1.33 1.33 1.33 1.33 1.33 1.20 1.76 1.76 1.20 1.20 1.20 1.20 1.20 1.76 1.20 1.20 1.20 1.20 1.20 1.20 1.20 1.28 1.28 1.28 1.28 1.28 1.28 1.28 1.28 1.28 1.28 1.28 1.28 1.28 1.28 1.28 1.28 1.17 1.17 1.17 1.17 1.17 1.17 1.17 1.17 1.17 1.17 1.17 1.17 1.17 1.17 1.17 1.17 0.80 0.80 0.80 0.80 0.95 2.31 0.00 0.00
0.00 0.00 0.00 3.41 1.02 0.26 0.87 1.27 1.27 0.87 1.27 1.27 1.33 1.33 1.33 1.96 1.96 1.33 1.33 1.33 1.33 1.33 1.33 1.33 1.33 1.33 1.33 1.33 1.20 1.20 1.20 1.20 1.20 1.20 1.20 1.76 1.76 1.20 1.20 1.20 1.76 1.20 1.20 1.20 1.28 1.28 1.28 1.28 1.28 1.28 1.28 1.28 1.28 1.28 1.28 1.28 1.28 1.28 1.28 1.28 1.17 1.17 1.17 1.17 1.17 1.17 1.17 1.17 1.17 1.17 1.17 1.17 1.17 1.17 1.17 1.17 0.80 0.80 0.80 0.80 0.95 0.93 0.00 0.00
0.00 0.00 0.00 0.00 2.30 1.02 2.63 1.27 0.87 0.87 0.87 0.87 1.33 1.33 1.33 1.33 1.33 1.33 1.33 1.33 1.33 1.33 1.33 1.33 1.33 1.33 1.33 1.33 1.20 1.20 1.20 1.20 1.20 1.20 1.20 1.20 1.20 1.20 1.20 1.20 1.20 1.20 1.20 1.20 1.28 1.28 1.28 1.28 1.28 1.28 1.28 1.28 1.28 1.28 1.28 1.28 1.28 1.28 1.28 1.28 1.71 1.17 1.17 1.17 1.17 1.17 1.17 1.17 1.17 1.17 1.17 1.17 1.17 1.17 1.17 1.17 0.80 0.80 0.80 0.80 0.95 3.08 0.00 0.00
