New_Model_Runs/15_Future_RCP8.5_Scn2_out/post_prcessed_with_MFR/Monthly_summaries/actual_et_monthly_DEC.asc
NCOLS 700
NROWS 400
XLLCENTER 515000.000000
YLLCENTER 8409000.000000
CELLSIZE 50.000000
NODATA_value -999.000000
[rows 114 to 151 of 400, columns 504 to 587 of 700]
1.31 1.31 1.31 1.31 1.31 1.31 1.31 1.31 1.23 1.23 1.23 1.23 1.23 1.23 1.23 1.23 1.23 1.23 1.80 1.23 1.80 3.89 1.23 1.80 2.03 2.03 1.38 4.27 1.38 2.03 1.38 1.38 2.03 1.38 1.38 2.03 1.38 2.03 1.38 1.38 2.15 1.46 1.46 1.46 1.46 1.46 1.46 1.46 1.46 1.46 1.46 1.46 1.46 1.46 1.46 1.46 1.41 1.41 1.41 1.41 1.41 1.41 1.41 1.41 1.41 2.06 2.06 1.41 1.41 1.41 1.41 1.41 1.28 1.28 1.28 1.28 1.28 1.28 0.00 0.00 0.00 0.00 0.00 0.00
1.31 1.31 1.31 1.31 1.31 1.31 1.31 1.31 1.23 1.23 1.23 1.23 1.23 1.23 1.23 1.23 1.23 1.80 1.23 1.80 1.80 1.80 1.80 1.80 2.03 2.03 1.38 1.38 2.03 1.38 1.38 1.38 1.38 2.03 2.03 1.38 1.38 1.38 1.38 1.38 1.46 1.46 1.46 1.46 1.46 1.46 1.46 1.46 1.46 1.46 1.46 1.46 1.46 1.46 1.46 1.46 1.41 1.41 1.41 1.41 1.41 1.41 1.41 1.41 1.41 1.41 1.41 1.41 1.41 1.41 1.41 1.41 1.28 1.28 1.28 1.28 1.28 1.28 1.88 1.88 4.15 4.15 4.15 4.15
1.31 1.31 1.31 1.31 1.31 1.31 1.31 1.31 1.23 1.23 1.23 1.23 1.23 1.23 1.23 1.23 1.23 1.23 1.23 1.80 1.80 1.80 1.23 1.23 2.03 2.03 2.03 2.03 1.38 1.38 1.38 2.03 1.38 1.38 1.38 1.38 1.38 1.38 1.38 1.38 1.46 1.46 1.46 1.46 1.46 1.46 1.46 1.46 1.46 1.46 1.46 1.46 1.46 1.46 1.46 1.46 1.41 1.41 1.41 1.41 1.41 1.41 1.41 1.41 1.41 1.41 1.41 1.41 1.41 1.41 1.41 1.41 1.28 1.28 1.28 1.28 1.28 1.28 1.28 1.28 4.74 4.74 4.74 4.20
1.31 1.31 1.31 1.31 1.31 1.31 1.31 1.31 1.23 1.23 1.23 1.23 1.23 1.23 1.23 1.23 1.23 1.23 1.23 1.23 1.23 1.23 1.23 1.23 2.03 2.03 1.38 1.38 1.38 1.38 1.38 1.38 1.38 1.38 1.38 1.38 1.38 1.38 1.38 1.38 1.46 1.46 1.46 1.46 1.46 1.46 1.46 2.15 1.46 1.46 4.36 1.46 1.46 1.46 1.46 1.46 1.41 1.41 1.41 1.41 1.41 1.41 1.41 1.41 1.41 1.41 1.41 1.41 1.41 1.41 1.41 1.41 1.28 1.28 1.28 1.28 1.28 1.28 1.28 1.28 1.28 4.20 1.28 1.28
1.31 1.31 1.31 1.31 1.31 1.31 1.31 1.31 1.23 1.23 1.23 1.23 1.23 1.23 1.23 1.23 1.23 1.23 1.23 1.23 1.23 1.23 1.23 1.23 2.03 2.03 2.03 1.38 1.38 1.38 1.38 1.38 1.38 1.38 2.03 1.38 1.38 1.38 1.38 1.38 1.46 1.46 1.46 1.46 1.46 1.46 1.46 2.15 2.15 2.15 1.46 1.46 1.46 1.46 1.46 1.46 1.41 1.41 1.41 1.41 1.41 1.41 1.41 1.41 1.41 1.41 1.41 1.41 1.41 1.41 1.41 1.41 1.28 1.28 1.28 1.28 1.28 1.28 1.28 1.28 3.88 4.74 3.88 1.28
1.31 1.31 1.31 1.31 1.31 1.31 1.31 1.31 1.23 1.23 1.23 1.23 1.23 1.23 1.23 1.23 1.23 1.23 1.23 1.23 1.80 1.23 1.23 1.23 1.38 1.38 1.38 1.38 1.38 1.38 1.38 1.38 1.38 1.38 1.38 1.38 1.38 1.38 1.38 1.38 1.46 1.46 1.46 1.46 1.46 1.46 1.46 4.22 4.36 1.46 1.46 1.46 1.46 1.46 1.46 1.46 1.41 1.41 1.41 1.41 1.41 1.41 1.41 1.41 1.41 1.41 1.41 1.41 1.41 1.41 1.41 1.41 1.28 1.28 1.28 1.28 1.28 1.28 1.88 1.88 1.88 4.74 3.88 3.88
1.31 1.31 1.31 1.31 1.31 1.31 1.31 1.31 1.23 1.23 1.23 1.23 1.23 1.23 1.23 1.23 1.80 1.23 1.23 1.23 1.23 1.23 1.80 1.23 1.38 1.38 1.38 1.38 1.38 1.38 1.38 1.38 1.38 1.38 1.38 1.38 1.38 1.38 1.38 1.38 1.46 1.46 1.46 1.46 1.46 2.15 2.15 1.46 1.46 1.46 1.46 1.46 1.46 1.46 1.46 1.46 1.41 1.41 1.41 1.41 1.41 1.41 1.41 1.41 1.41 1.41 1.41 1.41 1.41 1.41 1.41 1.41 1.28 1.28 1.28 1.28 1.88 1.88 1.88 1.88 4.20 3.88 3.88 1.88
1.31 1.31 1.31 1.31 1.31 1.31 1.31 1.31 1.23 1.23 1.23 1.23 1.80 1.23 1.23 1.23 1.80 1.23 1.23 1.23 1.23 1.23 1.23 1.23 1.38 1.38 1.38 1.38 1.38 1.38 1.38 1.38 1.38 1.38 1.38 1.38 1.38 1.38 1.38 1.38 1.46 1.46 1.46 1.46 1.46 1.46 1.46 1.46 1.46 1.46 1.46 1.46 1.46 1.46 1.46 1.46 1.41 1.41 1.41 1.41 1.41 1.41 1.41 1.41 1.41 1.41 1.41 1.41 1.41 1.41 1.41 1.41 1.28 1.88 1.28 1.28 1.28 1.28 1.88 1.88 1.28 1.28 1.28 1.28
1.31 1.31 1.31 1.31 1.31 1.31 1.31 1.31 1.23 1.23 1.23 1.23 1.80 1.23 1.23 1.23 1.80 1.23 1.23 1.23 1.23 1.23 1.23 1.23 1.38 1.38 1.38 4.22 1.38 1.38 1.38 1.38 1.38 1.38 2.03 1.38 1.38 1.38 1.38 1.38 1.46 4.22 4.22 1.46 1.46 1.46 1.46 1.46 1.46 1.46 1.46 1.46 1.46 1.46 1.46 1.46 1.41 1.41 1.41 1.41 1.41 1.41 1.41 1.41 1.41 1.41 1.41 1.41 1.41 1.41 1.41 1.41 1.28 1.28 1.28 1.28 1.28 1.28 1.28 1.28 1.28 1.28 1.28 1.28
1.31 1.31 1.31 1.31 1.31 1.91 1.91 1.31 1.80 1.80 1.23 1.23 1.23 1.23 1.23 1.23 1.80 1.80 1.80 1.80 1.23 1.23 1.23 1.23 1.38 1.38 2.03 1.38 1.38 1.38 1.38 1.38 1.38 1.38 2.03 1.38 1.38 1.38 2.03 1.38 1.46 1.46 1.46 1.46 1.46 1.46 1.46 1.46 1.46 1.46 1.46 1.46 1.46 1.46 1.46 1.46 1.41 1.41 1.41 1.41 1.41 1.41 1.41 1.41 1.41 1.41 1.41 1.41 1.41 1.41 1.41 1.41 1.28 1.28 1.28 1.28 1.28 1.28 1.28 1.28 1.28 1.28 1.28 1.28
1.31 1.31 1.31 1.31 1.31 1.31 1.31 1.31 1.23 1.23 1.23 1.23 1.23 1.23 1.23 1.23 1.23 1.23 1.80 1.23 1.23 1.23 1.23 1.23 1.38 1.38 1.38 1.38 1.38 1.38 1.38 1.38 1.38 1.38 1.38 1.38 4.06 1.38 1.38 1.38 1.46 1.46 1.46 2.15 1.46 1.46 1.46 1.46 1.46 1.46 1.46 1.46 1.46 1.46 1.46 1.46 1.41 1.41 1.41 1.41 1.41 1.41 1.41 1.41 1.41 1.41 1.41 1.41 1.41 1.41 1.41 1.41 1.28 1.28 1.28 1.28 1.28 1.28 1.28 1.28 1.28 1.28 1.28 1.28
1.31 1.31 1.31 1.31 1.31 1.31 1.31 1.31 1.23 1.23 1.23 1.23 1.23 1.23 1.23 1.23 1.23 1.23 1.23 1.23 1.23 1.80 1.23 1.23 1.38 1.38 1.38 1.38 1.38 1.38 1.38 1.38 1.38 4.79 1.38 1.44 4.01 1.38 1.38 1.38 1.46 1.46 1.46 1.46 1.46 1.46 1.46 1.46 1.46 1.46 1.46 1.46 1.46 1.46 1.46 1.46 1.41 1.41 1.41 1.41 1.41 1.41 1.41 1.41 1.41 1.41 1.41 1.41 1.41 1.41 1.41 1.41 1.28 1.28 1.28 1.28 1.28 1.28 1.28 1.28 1.28 1.28 1.28 1.28
1.31 1.31 1.31 1.31 1.31 1.31 1.31 1.31 1.23 1.23 1.23 1.23 1.23 1.23 1.23 1.23 1.23 1.23 1.23 1.23 1.23 1.80 1.80 1.23 1.38 0.41 4.30 3.76 4.30 1.29 1.38 1.38 1.38 4.79 4.79 1.38 1.38 1.38 1.38 1.38 1.46 1.46 1.46 1.46 1.46 1.46 1.46 1.46 1.46 1.46 1.46 1.46 1.46 1.46 1.46 1.46 1.41 1.41 1.41 1.41 1.41 1.41 1.41 1.41 1.41 1.41 1.41 1.41 1.41 1.41 1.41 1.41 1.28 1.28 1.28 1.28 1.28 1.28 1.28 1.28 1.28 1.28 1.28 1.28
1.31 1.31 1.31 1.31 1.31 1.31 1.31 1.31 1.23 1.23 1.23 1.23 1.23 1.23 1.23 1.23 1.23 1.23 1.23 1.23 1.23 3.87 1.23 1.23 0.41 3.49 3.49 4.30 4.30 3.49 4.50 3.49 4.79 4.79 4.17 1.38 1.38 1.38 1.38 1.38 1.46 1.46 1.46 1.46 1.46 1.46 1.46 2.15 1.46 1.46 2.15 1.46 1.46 1.46 1.46 1.46 1.41 1.41 1.41 1.41 1.41 1.41 1.41 1.41 1.41 1.41 1.41 1.41 1.41 1.41 1.41 1.41 1.28 1.28 1.28 1.28 1.28 1.28 1.28 1.28 1.28 1.28 1.28 1.28
1.31 1.31 1.31 1.31 1.31 1.31 1.31 1.31 1.23 1.23 1.23 1.23 1.23 1.23 1.23 1.23 1.23 1.23 1.23 1.23 3.85 1.23 1.23 3.27 3.49 3.49 0.00 0.00 0.00 0.00 0.00 0.00 0.00 0.00 1.38 1.38 1.38 1.38 1.38 1.38 1.46 1.46 1.46 1.46 1.46 1.46 1.46 2.15 2.15 1.46 1.46 1.46 1.46 2.15 1.46 1.46 2.06 1.41 1.41 1.41 1.41 1.41 1.41 1.41 1.41 1.41 1.41 1.41 1.41 1.41 1.41 1.41 1.28 1.28 1.28 1.28 1.28 1.28 1.28 1.28 1.28 1.28 1.28 1.28
1.31 1.31 1.31 1.31 1.31 1.31 1.31 1.91 1.23 1.23 1.23 1.23 1.23 1.23 1.23 1.23 1.23 1.23 1.23 3.69 3.85 1.23 3.27 3.98 3.49 0.00 0.00 0.00 0.00 0.00 0.00 0.00 0.00 0.00 1.38 1.38 1.38 1.38 1.38 1.38 1.46 1.46 4.38 4.17 4.93 1.46 1.46 1.46 1.46 1.46 1.46 1.46 1.46 1.46 1.46 1.46 1.41 1.41 1.41 1.41 1.41 1.41 1.41 1.41 1.41 1.41 1.41 1.41 1.41 1.41 1.41 1.41 1.28 1.28 1.28 1.28 1.28 1.28 1.28 1.28 1.28 1.88 1.28 1.28
1.22 1.22 1.22 1.22 1.22 1.22 1.79 1.22 1.29 1.29 0.88 0.88 0.88 0.88 0.88 0.88 0.88 0.88 0.88 2.66 2.66 3.44 0.88 0.88 0.00 0.00 0.00 0.00 0.00 0.00 0.00 0.00 0.00 0.00 0.00 0.91 0.91 0.91 0.91 0.91 3.59 3.56 3.56 1.07 0.92 1.34 0.92 0.92 0.92 0.92 0.92 0.92 0.92 0.92 0.92 0.92 1.42 1.42 1.42 1.42 1.42 2.08 1.42 1.42 1.42 1.42 1.42 1.42 1.42 1.42 1.42 1.42 1.39 1.39 1.39 1.39 1.39 1.39 1.39 1.39 1.39 1.39 1.39 1.39
1.22 1.22 1.22 1.22 1.22 1.22 1.79 1.22 1.29 2.77 0.88 0.88 0.88 0.88 0.88 0.88 0.88 0.88 0.88 0.88 0.88 0.88 0.88 0.88 0.00 0.00 0.00 0.00 0.00 0.00 0.00 0.00 0.00 0.00 0.00 0.91 0.91 0.91 1.33 0.00 0.00 3.56 3.56 3.56 0.92 0.92 0.92 0.92 0.92 0.92 0.92 0.92 0.92 0.92 0.92 0.92 1.42 1.42 1.42 1.42 4.42 2.08 1.42 1.42 1.42 1.42 1.42 1.42 1.42 1.42 1.42 1.42 1.39 1.39 1.39 1.39 1.39 1.39 1.39 1.39 1.39 1.39 1.39 1.39
1.22 1.22 1.22 1.22 1.22 1.79 1.22 1.22 0.88 0.88 0.88 0.88 0.88 0.88 0.88 2.66 2.91 0.88 0.88 0.88 0.88 0.88 1.29 0.00 0.00 0.00 0.00 0.00 0.00 0.00 0.00 0.00 0.00 0.00 0.00 0.91 0.91 0.00 0.00 0.00 0.00 0.00 0.00 1.07 0.92 0.92 0.92 0.92 0.92 0.92 0.92 0.92 0.92 0.92 0.92 0.92 1.42 1.42 1.42 1.42 1.42 2.08 1.42 1.42 1.42 1.42 1.42 1.42 1.42 1.42 1.42 1.42 1.39 1.39 1.39 1.39 1.39 1.39 1.39 1.39 1.39 1.39 1.39 1.39
1.22 1.22 1.22 1.22 1.22 1.22 1.22 1.22 0.88 1.29 0.88 0.88 0.88 0.88 2.66 2.66 2.57 3.10 0.88 0.88 1.29 0.88 0.00 0.00 0.00 0.00 0.00 0.00 0.00 0.00 0.00 0.00 0.00 0.00 0.00 0.00 0.00 0.00 0.00 0.00 0.00 0.00 0.00 0.00 0.92 0.92 0.92 0.92 0.92 0.92 0.92 0.92 0.92 0.92 0.92 0.92 1.42 1.42 1.42 1.42 1.42 1.42 1.42 1.42 2.08 1.42 1.42 1.42 1.42 1.42 1.42 1.42 1.39 1.39 1.39 1.39 1.39 1.39 1.39 1.39 1.39 1.39 1.39 1.39
1.22 1.22 1.22 1.22 1.22 1.22 1.22 3.69 2.66 1.29 1.29 0.88 0.88 3.44 3.10 3.10 3.26 3.10 0.00 0.00 0.00 0.00 0.00 0.00 0.00 0.00 0.00 0.00 0.00 0.00 0.00 0.00 0.00 0.00 0.00 0.00 0.00 0.00 0.00 0.00 0.00 0.00 0.00 0.00 0.92 0.92 1.34 0.92 1.34 1.34 0.92 0.92 0.92 0.92 0.92 0.92 1.42 1.42 1.42 1.42 1.42 1.42 1.42 1.42 1.42 1.42 1.42 1.42 1.42 1.42 1.42 1.42 1.39 1.39 1.39 1.39 1.39 1.39 1.39 1.39 1.39 1.39 1.39 1.39
1.22 1.22 1.22 1.22 1.22 1.79 1.22 1.22 2.66 2.70 3.10 3.10 3.10 0.00 0.00 0.00 0.00 0.00 0.00 0.00 0.00 0.00 0.00 0.00 0.00 0.00 0.00 0.00 0.00 0.00 0.00 0.00 0.00 0.00 0.00 0.00 0.00 0.00 0.00 0.00 0.00 0.00 0.00 0.92 0.92 0.92 0.92 0.92 0.92 0.92 0.92 0.92 0.92 0.92 0.92 0.92 1.42 1.42 1.42 1.42 1.42 1.42 1.42 1.42 1.42 1.42 1.42 1.42 1.42 1.42 1.42 1.42 1.39 1.39 1.39 1.39 1.39 1.39 1.39 1.39 1.39 1.39 1.39 1.39
1.22 1.22 1.22 1.22 1.22 1.22 1.22 4.46 3.10 3.10 0.00 0.00 0.00 0.00 0.00 0.00 0.00 0.00 0.00 0.00 0.00 0.00 0.00 0.00 0.00 0.00 0.00 0.00 0.00 0.00 0.00 0.00 0.00 0.00 0.00 0.00 0.00 0.00 0.00 0.00 0.00 0.00 0.00 0.92 2.78 0.92 0.92 0.92 0.92 0.92 0.92 0.92 0.92 0.92 0.92 0.92 1.42 1.42 1.42 1.42 1.42 1.42 1.42 1.42 1.42 1.42 1.42 1.42 1.42 1.42 1.42 1.42 1.39 1.39 1.39 1.39 1.39 1.39 1.39 1.39 1.39 1.39 1.39 1.39
1.22 1.22 1.22 1.79 1.79 1.79 1.19 3.97 0.00 0.00 0.00 0.00 0.00 0.00 0.00 0.00 0.00 0.00 0.00 0.00 0.00 0.00 0.00 0.00 0.00 0.00 0.00 0.00 0.00 0.00 0.00 0.00 0.00 0.00 0.00 0.00 0.00 0.00 0.00 0.00 0.00 0.00 0.00 0.00 0.00 0.00 0.00 3.17 3.17 0.92 2.78 0.92 0.92 0.92 0.92 0.92 1.42 1.42 1.42 1.42 1.42 1.42 1.42 1.42 1.42 1.42 1.42 1.42 1.42 1.42 1.42 1.42 1.39 1.39 1.39 1.39 1.39 1.39 1.39 1.39 1.39 1.39 1.39 1.39
1.22 1.22 1.22 1.79 1.79 3.67 3.97 0.00 0.00 0.00 0.00 0.00 0.00 0.00 0.00 0.00 0.00 0.00 0.00 0.00 0.00 0.00 0.00 0.00 0.00 0.00 0.00 0.00 0.00 0.00 0.00 0.00 0.00 0.00 0.00 0.00 0.00 0.00 0.00 0.00 0.00 0.00 0.00 0.00 0.00 0.00 0.00 0.00 3.17 2.65 0.92 2.78 2.78 0.92 0.92 0.92 1.42 1.42 1.42 1.42 1.42 1.42 1.42 1.42 1.42 1.42 1.42 1.42 1.42 1.42 1.42 1.42 1.39 1.39 1.39 1.39 1.39 1.39 1.39 1.39 1.39 1.39 1.39 1.39
1.22 1.22 1.22 1.22 1.22 1.22 0.00 0.00 0.00 0.00 0.00 0.00 0.00 0.00 0.00 0.00 0.00 0.00 0.00 0.00 0.00 0.00 0.00 0.00 0.00 0.00 0.00 0.00 0.00 0.00 0.00 0.00 0.00 0.00 0.00 0.00 0.00 0.00 0.00 0.00 0.00 0.00 0.00 0.00 0.00 0.00 0.00 0.00 0.00 0.92 1.34 0.92 3.03 0.92 0.92 0.92 1.42 1.42 1.42 1.42 1.42 1.42 1.42 1.42 1.42 1.42 1.42 1.42 1.42 1.42 1.42 1.42 1.39 1.39 1.39 1.39 1.39 1.39 1.39 1.39 1.39 1.39 1.39 1.39
1.22 1.22 1.22 1.22 1.22 1.22 1.22 0.00 0.00 0.00 0.00 0.00 0.00 0.00 0.00 0.00 0.00 0.00 0.00 0.00 0.00 0.00 0.00 0.00 0.00 0.00 0.00 0.00 0.00 0.00 0.00 0.00 0.00 0.00 0.00 0.00 0.00 0.00 0.00 0.00 0.00 0.00 0.00 0.00 0.00 0.00 0.00 0.00 0.00 0.92 0.27 0.92 2.73 0.92 2.78 2.78 4.81 1.42 1.42 1.42 1.42 1.42 1.42 1.42 1.42 1.42 1.42 1.42 1.42 1.42 1.42 1.42 1.39 1.39 1.39 1.39 2.03 1.39 2.03 2.03 1.39 1.39 1.39 1.39
1.22 1.22 3.69 1.22 1.22 1.22 1.22 0.00 0.00 0.00 0.00 0.00 0.00 0.00 0.00 0.00 0.00 0.00 0.00 0.00 0.00 0.00 0.00 0.00 0.00 0.00 0.00 0.00 0.00 0.00 0.00 0.00 0.00 0.00 0.00 0.00 0.00 0.00 0.00 0.00 0.00 0.00 0.00 0.00 0.00 0.00 0.00 0.00 0.00 0.00 2.65 0.95 3.56 3.56 2.73 2.73 4.81 1.42 1.42 1.42 1.42 1.42 1.42 1.42 1.42 1.42 1.42 1.42 1.42 1.42 1.42 1.42 1.39 1.39 1.39 1.39 1.39 1.39 1.39 2.03 2.03 1.39 1.39 1.39
1.22 1.22 1.22 0.37 1.22 0.00 0.00 0.00 0.00 0.00 0.00 0.00 0.00 0.00 0.00 0.00 0.00 0.00 0.00 0.00 0.00 0.00 0.00 0.00 0.00 0.00 0.00 0.00 0.00 0.00 0.00 0.00 0.00 0.00 0.00 0.00 0.00 0.00 0.00 0.00 0.00 0.00 0.00 0.00 0.00 0.00 0.00 0.00 0.00 0.00 3.34 2.65 3.17 1.07 2.78 2.78 1.42 1.42 1.42 1.42 1.42 1.42 1.42 1.42 1.42 1.42 1.42 1.42 1.42 1.42 1.42 1.42 1.39 1.39 1.39 1.39 1.39 1.39 1.39 1.39 1.39 1.39 1.39 1.39
1.22 1.22 1.22 4.51 0.00 0.00 0.00 0.00 0.00 0.00 0.00 0.00 0.00 0.00 0.00 0.00 0.00 0.00 0.00 0.00 0.00 0.00 0.00 0.00 0.00 0.00 0.00 0.00 0.00 0.00 0.00 0.00 0.00 0.00 0.00 0.00 0.00 0.00 0.00 0.00 0.00 0.00 0.00 0.00 0.00 0.00 0.00 0.00 0.00 0.00 0.00 3.17 3.17 0.95 2.78 2.78 1.42 1.42 1.42 1.42 2.08 1.42 1.42 1.42 1.42 1.42 1.42 2.08 1.42 1.42 1.42 1.42 1.39 1.39 1.39 1.39 1.39 1.39 1.39 1.39 1.39 4.38 4.38 2.03
1.22 1.22 0.00 0.00 0.00 0.00 0.00 0.00 0.00 0.00 0.00 0.00 0.00 0.00 0.00 0.00 0.00 0.00 0.00 0.00 0.00 0.00 0.00 0.00 0.00 0.00 0.00 0.00 0.00 0.00 0.00 0.00 0.00 0.00 0.00 0.00 0.00 0.00 0.00 0.00 0.00 0.00 0.00 0.00 0.00 0.00 0.00 0.00 0.00 0.00 0.00 3.17 2.65 3.59 3.05 2.78 1.42 2.08 2.08 1.42 1.42 1.42 1.42 1.42 2.08 1.42 1.42 1.42 1.42 1.42 1.42 1.42 1.39 1.39 1.39 1.39 1.39 1.39 1.39 1.39 1.39 1.39 4.20 2.03
4.46 0.00 0.00 0.00 0.00 0.00 0.00 0.00 0.00 0.00 0.00 0.00 0.00 0.00 0.00 0.00 0.00 0.00 0.00 0.00 0.00 0.00 0.00 0.00 0.00 0.00 0.00 0.00 0.00 0.00 0.00 0.00 0.00 0.00 0.00 0.00 0.00 0.00 0.00 0.00 0.00 0.00 0.00 0.00 0.00 0.00 0.00 0.00 0.00 0.00 0.00 3.17 3.17 1.08 3.04 0.92 1.42 2.08 1.42 1.42 1.42 1.42 1.42 1.42 1.42 2.08 1.42 1.42 1.42 1.42 1.42 1.42 1.39 1.39 1.39 1.39 1.39 1.39 1.39 1.39 1.39 1.39 1.39 1.39
0.00 0.00 0.00 0.00 0.00 0.00 0.00 0.00 0.00 0.00 0.00 0.00 0.00 0.00 0.00 0.00 0.00 0.00 0.00 0.00 0.00 0.00 0.00 0.00 0.00 0.00 0.00 0.00 0.00 0.00 0.00 0.00 0.00 0.00 0.00 0.00 0.00 0.00 0.00 0.00 0.00 0.00 0.00 0.00 0.00 0.00 0.00 0.00 0.00 0.00 0.00 3.01 3.01 2.58 2.83 0.85 1.25 0.85 1.25 0.85 0.85 0.85 0.85 0.85 0.85 0.85 0.85 0.85 0.85 0.85 0.85 0.85 0.83 0.83 0.83 0.83 0.83 0.83 0.83 0.83 0.83 0.83 0.83 0.83
0.00 0.00 0.00 0.00 0.00 0.00 0.00 0.00 0.00 0.00 0.00 0.00 0.00 0.00 0.00 0.00 0.00 0.00 0.00 0.00 0.00 0.00 0.00 0.00 0.00 0.00 0.00 0.00 0.00 0.00 0.00 0.00 0.00 0.00 0.00 0.00 0.00 0.00 0.00 0.00 0.00 0.00 0.00 0.00 0.00 0.00 0.00 0.00 0.00 0.00 0.00 3.01 2.49 0.85 0.85 0.85 0.85 0.85 0.85 0.85 0.85 0.85 0.85 0.85 0.85 0.85 0.85 0.85 0.85 0.85 0.85 0.85 0.83 0.83 0.83 0.83 0.83 0.83 0.83 0.83 1.21 0.83 0.83 3.25
0.00 0.00 0.00 0.00 0.00 0.00 0.00 0.00 0.00 0.00 0.00 0.00 0.00 0.00 0.00 0.00 0.00 0.00 0.00 0.00 0.00 0.00 0.00 0.00 0.00 0.00 0.00 0.00 0.00 0.00 0.00 0.00 0.00 0.00 0.00 0.00 0.00 0.00 0.00 0.00 0.00 0.00 0.00 0.00 0.00 0.00 0.00 0.00 0.00 0.00 0.00 0.85 0.26 0.85 0.85 1.25 1.25 0.85 0.85 0.85 0.85 0.85 0.85 0.85 0.85 0.85 0.85 0.85 1.25 0.85 0.85 0.85 0.83 1.21 0.83 0.83 0.83 0.83 0.83 1.21 1.21 0.83 0.00 0.00
0.00 0.00 0.00 0.00 0.00 0.00 0.00 0.00 0.00 0.00 0.00 0.00 0.00 0.00 0.00 0.00 0.00 0.00 0.00 0.00 0.00 0.00 0.00 0.00 0.00 0.00 0.00 0.00 0.00 0.00 0.00 0.00 0.00 0.00 0.00 0.00 0.00 0.00 0.00 0.00 0.00 0.00 0.00 0.00 0.00 0.00 0.00 0.00 0.00 0.00 0.85 0.85 0.85 0.85 0.85 1.25 0.85 0.85 0.85 0.85 0.85 0.85 0.85 0.85 0.85 0.85 0.85 0.85 1.25 1.25 0.85 0.85 0.83 0.83 0.83 0.83 0.83 0.83 0.83 0.83 0.83 0.00 0.00 0.00
0.00 0.00 0.00 0.00 0.00 0.00 0.00 0.00 0.00 0.00 0.00 0.00 0.00 0.00 0.00 0.00 0.00 0.00 0.00 0.00 0.00 0.00 0.00 0.00 0.00 0.00 0.00 0.00 0.00 0.00 0.00 0.00 0.00 0.00 0.00 0.00 0.00 0.00 0.00 0.00 0.00 0.00 0.00 0.00 0.00 0.00 0.00 0.00 0.00 0.85 0.85 0.85 0.85 1.25 1.25 1.25 1.25 0.85 0.85 0.85 0.85 0.85 0.85 0.85 0.85 0.85 0.85 0.85 1.25 1.25 0.85 0.85 0.83 0.83 2.51 2.51 0.83 0.83 0.83 0.83 0.00 0.00 0.00 0.00
0.00 0.00 0.00 0.00 0.00 0.00 0.00 0.00 0.00 0.00 0.00 0.00 0.00 0.00 0.00 0.00 0.00 0.00 0.00 0.00 0.00 0.00 0.00 0.00 0.00 0.00 0.00 0.00 0.00 0.00 0.00 0.00 0.00 0.00 0.00 0.00 0.00 0.00 0.00 0.00 0.00 0.00 0.00 0.00 0.00 0.00 0.00 0.00 0.85 0.85 0.85 0.85 0.85 0.85 1.25 1.25 0.85 0.85 0.85 0.85 0.85 0.85 0.85 0.85 0.85 0.85 0.85 0.85 1.25 1.25 0.85 0.85 0.83 0.83 2.51 2.51 2.76 0.83 1.21 0.83 0.00 0.00 0.00 0.00
