New_Model_Runs/15_Future_RCP8.5_Scn2_out/post_prcessed_with_MFR/Monthly_summaries/actual_et_monthly_JUL.asc
NCOLS 700
NROWS 400
XLLCENTER 515000.000000
YLLCENTER 8409000.000000
CELLSIZE 50.000000
NODATA_value -999.000000
[rows 152 to 189 of 400, columns 252 to 335 of 700]
0.00 0.00 0.00 0.00 0.00 0.00 0.00 0.00 0.00 0.00 0.00 0.00 0.00 0.00 0.00 0.00 0.00 0.00 0.00 0.00 0.00 0.00 0.00 0.00 0.00 0.00 0.00 0.00 0.00 0.00 0.00 0.00 0.00 0.00 0.00 0.00 0.00 0.00 0.00 0.00 0.00 0.00 0.00 0.00 0.00 0.00 0.00 0.56 0.56 0.56 0.56 0.56 0.87 0.87 0.87 0.87 0.87 0.87 0.87 0.87 0.87 0.87 0.87 0.87 0.87 0.87 0.87 0.87 0.76 0.76 0.76 0.76 0.76 0.76 0.76 3.00 0.76 0.76 0.76 2.99 2.99 2.99 2.99 2.99
0.00 0.00 0.00 0.00 0.00 0.00 0.00 0.00 0.00 0.00 0.00 0.00 0.00 0.00 0.00 0.00 0.00 0.00 0.00 0.00 0.00 0.00 0.00 0.00 0.00 0.00 0.00 0.00 0.00 0.00 0.00 0.00 0.00 0.00 0.00 0.00 0.00 0.00 0.00 0.00 0.00 0.00 0.00 0.00 0.00 0.00 0.56 0.56 0.56 0.56 0.56 0.56 0.87 0.87 0.87 0.87 0.87 0.87 0.87 0.87 0.87 0.87 0.87 0.87 0.87 0.87 0.87 0.87 0.76 0.76 0.76 0.76 0.76 0.76 2.99 2.99 0.76 0.76 0.76 2.99 2.99 2.32 3.00 3.00
0.00 0.00 0.00 0.00 0.00 0.00 0.00 0.00 0.00 0.00 0.00 0.00 0.00 0.00 0.00 0.00 0.00 0.00 0.00 0.00 0.00 0.00 0.00 0.00 0.00 0.00 0.00 0.00 0.00 0.00 0.00 0.00 0.00 0.00 0.00 0.00 0.00 0.00 0.00 0.00 0.00 0.00 0.00 0.00 0.00 0.56 0.56 0.56 0.56 0.56 0.56 0.56 0.87 0.87 0.87 0.87 0.87 0.87 0.87 0.87 0.87 0.87 0.87 0.87 0.87 0.87 0.87 0.87 0.76 0.76 1.12 0.76 0.76 2.99 2.99 2.99 0.90 2.99 2.99 2.32 0.76 0.23 2.32 1.12
0.00 0.00 0.00 0.00 0.00 0.00 0.00 0.00 0.00 0.00 0.00 0.00 0.00 0.00 0.00 0.00 0.00 0.00 0.00 0.00 0.00 0.00 0.00 0.00 0.00 0.00 0.00 0.00 0.00 0.00 0.00 0.00 0.00 0.00 0.00 0.00 0.00 0.00 0.00 0.00 0.00 0.00 0.00 0.00 0.00 0.56 0.56 0.56 0.56 0.56 0.56 0.56 0.87 0.87 0.87 0.87 0.87 0.87 0.87 0.87 0.87 0.87 0.87 0.87 0.87 0.87 0.87 0.87 0.76 0.76 0.76 0.76 0.76 0.76 2.99 0.90 2.99 0.76 2.32 0.76 0.76 0.76 0.76 1.12
0.00 0.00 0.00 0.00 0.00 0.00 0.00 0.00 0.00 0.00 0.00 0.00 0.00 0.00 0.00 0.00 0.00 0.00 0.00 0.00 0.00 0.00 0.00 0.00 0.00 0.00 0.00 0.00 0.00 0.00 0.00 0.00 0.00 0.00 0.00 0.00 0.00 0.00 0.00 0.00 0.00 0.00 0.00 0.00 2.21 0.56 0.56 0.56 0.56 0.56 0.56 0.56 0.87 0.87 0.87 0.87 0.87 0.87 0.87 0.87 0.87 0.87 0.87 0.87 0.87 0.87 0.87 0.87 0.76 0.76 0.76 0.76 0.76 0.76 0.76 2.08 0.76 0.76 0.76 0.76 0.76 0.76 0.76 1.12
0.00 0.00 0.00 0.00 0.00 0.00 0.00 0.00 0.00 0.00 0.00 0.00 0.00 0.00 0.00 0.00 0.00 0.00 0.00 0.00 0.00 0.00 0.00 0.00 0.00 0.00 0.00 0.00 0.00 0.00 0.00 0.00 0.00 0.00 0.00 0.00 0.00 0.00 0.00 0.00 0.00 0.00 0.00 0.00 0.56 0.56 0.56 0.56 0.56 0.56 0.56 0.56 0.87 0.87 0.87 0.87 0.87 0.87 0.87 0.87 0.87 0.87 0.87 0.87 0.87 0.87 0.87 0.87 0.76 0.76 0.76 0.76 0.76 0.76 0.76 2.99 0.76 0.76 0.76 0.76 0.76 0.76 0.76 1.12
0.00 0.00 0.00 0.00 0.00 0.00 0.00 0.00 0.00 0.00 0.00 0.00 0.00 0.00 0.00 0.00 0.00 0.00 0.00 0.00 0.00 0.00 0.00 0.00 0.00 0.00 0.00 2.16 0.00 0.00 0.00 0.00 0.00 0.00 0.00 0.00 0.00 0.00 0.00 0.00 0.00 0.00 0.00 0.00 0.56 0.56 0.56 0.56 0.56 0.56 0.56 0.56 0.87 0.87 0.87 0.87 0.87 0.87 0.87 0.87 0.87 0.87 0.87 0.87 0.87 0.87 0.87 0.87 0.76 0.76 0.76 0.76 0.76 0.76 0.76 2.99 0.76 0.76 0.76 0.76 0.76 0.76 0.76 0.76
0.00 0.00 0.00 0.00 0.00 0.00 0.00 0.00 0.00 0.00 0.00 0.00 0.00 0.00 0.00 0.00 0.00 0.00 0.00 0.00 0.00 0.00 0.00 0.00 0.00 0.00 0.55 0.55 0.00 0.00 0.00 0.00 0.00 0.00 0.00 0.00 0.00 0.00 0.00 0.00 0.00 0.00 0.00 0.00 0.00 0.00 0.56 0.56 0.56 0.56 0.56 0.56 0.87 0.87 0.87 0.87 0.87 0.87 0.87 0.87 0.87 0.87 0.87 0.87 0.87 0.87 0.87 0.87 0.76 0.76 0.76 0.76 2.32 2.99 2.99 2.99 2.99 0.76 0.76 0.76 0.76 0.76 0.76 0.76
0.00 0.00 0.00 0.00 0.00 0.00 0.00 0.00 0.00 0.00 0.00 0.00 0.00 0.00 0.00 0.00 0.00 0.00 0.00 0.00 0.00 0.00 0.00 0.00 0.00 0.55 0.55 0.55 0.55 0.00 0.00 0.00 0.00 0.00 0.00 0.00 0.00 0.00 0.00 0.00 0.00 0.00 0.00 0.00 0.00 0.00 0.00 0.00 0.56 0.56 0.56 0.82 0.87 0.87 0.87 0.87 0.87 0.87 0.87 0.87 0.87 0.87 0.87 0.87 0.87 0.87 0.87 0.87 0.76 0.76 0.76 0.76 2.99 2.99 0.90 0.90 2.32 0.76 0.76 0.76 0.76 0.76 0.76 0.76
0.00 0.00 0.00 0.00 0.00 0.00 0.00 0.00 0.00 0.00 0.00 0.00 0.00 0.00 0.00 0.00 0.00 0.00 0.00 0.00 0.00 0.00 0.00 0.00 0.00 0.55 0.55 0.55 0.55 0.55 0.55 0.00 0.00 0.00 0.00 0.00 0.00 0.00 0.00 0.00 0.00 0.00 0.00 0.00 0.00 0.00 0.00 0.00 0.00 0.00 0.56 0.56 0.87 0.87 0.87 0.87 0.87 0.87 0.87 0.87 0.87 0.87 0.87 0.87 0.87 0.87 0.87 0.87 0.76 0.76 2.32 2.99 2.32 2.08 2.99 0.76 1.12 2.32 0.76 0.76 0.76 0.76 0.76 0.76
0.00 0.00 0.00 0.00 0.00 0.00 0.00 0.00 0.00 0.00 0.00 0.00 0.00 0.00 0.00 0.00 0.00 0.00 0.00 0.00 0.00 0.00 0.00 0.00 0.00 0.86 0.86 0.86 0.86 0.86 0.86 0.00 0.00 0.00 0.00 0.00 0.00 0.00 0.00 0.00 0.00 0.00 0.00 0.00 0.00 0.00 0.00 0.00 0.00 0.00 0.75 0.75 0.87 0.87 0.87 0.87 0.87 0.87 0.87 0.87 0.87 0.87 0.87 0.87 0.87 0.87 1.27 0.87 0.84 0.84 2.55 2.55 2.55 2.55 0.84 0.84 3.26 2.55 0.84 0.84 0.84 0.84 0.84 0.84
0.00 0.00 0.00 0.00 0.00 0.00 0.00 0.00 0.00 0.00 0.00 0.00 0.00 0.00 0.00 0.00 0.00 0.00 0.00 0.00 0.00 0.00 0.00 0.00 0.86 0.86 0.86 0.86 0.86 0.86 1.26 1.26 0.86 0.00 0.86 0.86 0.00 0.00 0.00 0.00 0.00 0.00 0.00 0.00 0.00 0.00 0.00 0.00 0.00 0.00 0.23 0.75 0.87 0.87 1.27 0.87 0.87 0.87 0.87 0.87 0.87 0.87 0.87 0.87 0.87 0.87 0.87 0.87 0.84 0.84 2.55 2.55 2.55 2.55 0.84 0.84 3.26 3.26 0.84 0.84 0.84 0.84 0.84 0.84
0.00 0.00 0.00 0.00 0.00 0.00 0.00 0.00 0.00 0.00 0.00 0.00 0.00 0.00 0.00 0.00 0.00 0.00 0.00 0.00 0.00 0.00 0.00 0.86 0.86 0.86 0.86 0.86 0.86 0.86 0.86 1.26 1.26 1.26 0.86 0.86 0.75 0.75 0.00 0.00 0.00 0.00 0.00 0.00 0.00 0.00 0.00 0.00 0.00 0.00 0.00 2.95 0.87 0.26 0.87 0.87 1.27 0.87 0.87 0.87 0.87 0.87 0.87 0.87 0.87 0.87 0.87 0.87 0.84 0.84 2.55 2.55 2.55 3.26 0.84 0.84 0.84 0.84 0.84 0.84 0.84 0.84 0.84 0.84
0.00 0.00 0.00 0.00 0.00 0.00 0.00 0.00 0.00 0.00 0.00 0.00 0.00 0.00 0.00 0.00 0.00 0.00 0.00 0.00 0.86 0.86 0.86 0.86 0.86 0.86 0.86 0.86 0.86 0.86 0.86 0.86 2.72 0.86 2.72 0.86 0.75 0.75 0.75 0.00 0.00 0.00 0.00 0.00 0.00 0.00 0.00 0.00 0.00 0.00 0.00 2.06 2.30 3.33 3.33 0.87 0.87 1.27 1.27 0.87 0.87 0.87 0.87 0.87 0.87 0.87 0.87 0.87 0.84 0.84 0.84 0.84 2.55 2.78 3.28 0.84 0.84 0.84 0.84 0.84 0.84 0.84 1.23 0.84
0.00 0.00 0.00 0.00 0.00 0.00 0.00 0.00 0.00 0.00 0.00 0.00 0.00 0.00 0.00 0.00 3.41 0.91 0.00 0.00 0.86 0.86 0.86 0.86 0.86 0.86 0.86 0.86 0.86 0.86 0.86 0.86 0.86 0.86 0.86 0.86 0.75 1.10 1.10 2.28 1.10 0.00 0.00 0.00 0.00 0.00 0.00 0.00 0.00 0.00 0.00 2.06 2.30 3.33 3.33 3.33 2.63 2.63 0.87 0.87 0.87 1.27 1.27 0.87 0.87 0.87 0.87 0.87 0.84 0.84 0.84 0.84 0.84 2.55 2.55 0.84 0.84 0.84 0.84 0.84 0.84 0.84 0.84 0.84
0.00 0.00 0.00 0.00 0.00 0.00 0.00 0.00 0.00 0.00 0.00 0.00 0.00 0.00 0.00 0.00 0.91 0.91 0.91 0.91 0.86 0.86 0.86 1.26 1.26 0.86 0.86 0.86 0.86 0.86 0.86 0.86 0.86 0.86 0.86 0.86 0.75 1.10 1.10 1.10 1.10 0.00 0.00 0.00 0.00 0.00 0.00 0.00 0.00 0.00 0.00 0.88 2.30 1.00 3.33 3.33 2.83 2.63 0.87 0.87 1.27 1.27 1.27 1.27 0.87 0.87 0.87 0.87 0.84 0.84 0.84 0.84 0.84 2.55 2.55 0.84 0.84 0.84 0.84 1.23 1.23 0.84 0.84 0.84
0.00 0.00 0.00 0.00 0.00 0.00 0.00 0.00 0.00 0.00 0.00 0.00 0.00 3.41 0.91 3.41 0.91 0.91 0.91 0.91 0.86 0.86 0.86 0.86 0.86 0.86 0.86 0.86 0.86 0.86 0.86 0.86 0.86 0.86 0.86 0.86 0.75 0.75 1.10 1.10 1.10 0.00 0.00 0.00 0.00 0.00 0.00 0.00 0.00 0.00 0.23 0.23 2.30 1.00 3.33 2.63 2.83 2.63 0.87 0.87 0.87 0.87 0.87 0.87 0.87 0.87 0.87 0.87 0.84 0.84 0.84 0.84 0.84 0.84 0.84 0.84 0.84 0.84 0.84 0.84 1.23 1.23 0.84 0.84
0.00 0.00 0.00 0.00 0.00 0.00 0.00 0.00 0.00 0.00 0.00 0.00 3.41 0.91 0.91 0.91 0.91 0.91 0.91 0.91 0.86 0.86 0.86 0.86 0.86 0.86 0.86 0.86 0.86 0.86 0.86 0.86 0.86 0.86 0.86 1.26 1.10 1.10 1.10 0.75 0.00 0.00 0.00 0.00 0.00 0.00 0.00 0.00 0.00 0.23 0.75 0.75 0.87 3.33 3.33 3.33 2.83 2.85 0.87 0.87 0.87 1.27 0.87 0.87 0.87 0.87 0.87 0.87 0.84 0.84 0.84 0.84 0.84 0.84 0.84 0.84 0.84 0.84 0.84 1.23 0.84 0.84 0.84 0.84
0.00 0.00 0.00 0.00 0.00 0.00 0.00 0.00 0.00 0.00 0.00 0.00 0.91 0.91 1.34 0.91 0.91 0.91 0.91 1.34 1.26 0.86 0.86 0.86 0.86 0.86 0.86 0.86 0.86 0.86 0.86 0.86 0.86 1.26 1.26 1.26 1.10 1.10 0.75 0.23 2.95 0.00 0.00 0.00 0.00 0.00 0.00 0.00 0.23 0.75 0.75 0.75 0.87 2.63 2.63 3.33 1.27 2.83 2.63 2.63 0.87 0.87 0.87 0.87 0.87 0.87 0.87 0.87 0.84 0.84 0.84 0.84 0.84 0.84 0.84 0.84 0.84 0.84 0.84 0.84 0.84 0.84 0.84 0.84
0.00 0.00 0.00 0.00 0.00 0.00 0.00 0.00 0.00 0.00 0.00 3.41 0.91 0.91 1.34 0.91 0.91 0.91 0.91 0.91 0.86 0.86 0.86 0.86 0.86 0.86 0.86 0.86 0.86 0.86 0.86 0.86 1.26 1.26 1.26 1.26 1.10 1.10 2.96 0.23 2.95 2.95 0.00 0.00 0.00 0.00 0.00 0.88 0.75 0.75 0.75 0.75 0.87 0.87 2.63 3.33 3.33 3.33 2.63 0.85 2.85 0.87 0.87 0.87 0.87 0.87 0.87 0.87 0.84 0.84 0.84 0.84 0.84 0.84 0.84 0.84 0.84 0.84 0.84 0.84 0.84 0.84 0.84 0.84
0.00 0.00 0.00 0.00 0.00 0.00 0.00 0.00 0.00 0.00 0.91 0.91 0.91 0.91 1.34 0.91 0.91 0.91 0.91 0.91 0.86 0.86 0.86 0.86 0.86 0.86 0.86 0.86 0.86 0.86 0.86 0.86 0.86 1.26 0.86 0.86 0.75 1.10 1.10 1.10 1.10 2.06 2.06 2.06 0.00 0.00 0.88 2.06 0.75 0.75 0.75 0.75 0.87 0.87 0.87 3.33 2.63 2.63 0.87 0.87 0.87 0.87 0.87 0.87 0.87 0.87 0.87 0.87 0.84 0.84 0.84 0.84 0.84 0.84 0.84 0.84 0.84 0.84 0.84 0.84 0.84 0.84 0.84 0.84
0.00 0.00 0.00 0.00 0.00 0.00 0.00 0.00 0.00 0.00 0.91 0.91 0.91 0.91 0.91 0.91 0.91 0.91 0.91 0.91 0.86 0.86 0.86 0.86 0.86 0.86 0.86 0.86 0.86 0.86 0.86 0.86 0.86 0.86 0.86 0.86 0.75 0.75 1.10 1.10 2.95 0.88 0.88 2.06 2.06 0.88 0.88 0.75 1.10 0.75 1.10 0.75 0.87 0.87 0.87 0.87 0.87 0.87 0.87 0.87 0.87 0.87 0.87 0.87 0.87 0.87 0.87 0.87 0.84 0.84 0.84 0.84 0.84 0.84 0.84 0.84 0.84 0.84 0.84 0.84 0.84 0.84 0.84 0.84
0.00 0.00 0.00 0.00 0.00 0.00 0.00 0.00 0.00 0.00 0.00 0.91 0.91 0.91 0.91 0.91 0.91 0.91 0.91 0.91 0.86 0.86 0.86 0.86 0.86 0.86 0.86 0.86 0.86 0.86 0.86 0.86 0.86 0.86 0.86 0.86 0.75 1.10 0.75 1.10 0.89 2.95 0.88 2.06 0.89 2.28 2.28 2.28 0.75 1.10 2.28 0.75 0.87 0.87 0.87 0.87 0.87 0.87 0.87 0.87 0.87 1.27 0.87 0.87 0.87 0.87 0.87 0.87 0.84 0.84 0.84 0.84 0.84 0.84 0.84 0.84 0.84 0.84 0.84 0.84 0.84 0.84 0.84 0.84
0.00 0.00 0.00 0.00 0.00 0.00 0.00 0.00 0.00 0.00 0.00 0.91 0.91 0.91 0.91 0.91 0.91 0.91 0.91 0.91 0.86 0.86 0.86 0.86 0.86 0.86 0.86 0.86 0.86 0.86 0.86 0.86 0.86 0.86 0.86 0.86 0.75 0.75 1.10 0.75 2.28 2.95 2.95 2.96 2.28 2.28 2.28 0.75 0.75 0.75 2.28 0.75 0.87 0.87 0.87 0.87 0.87 0.87 0.87 0.87 0.87 0.87 0.87 0.87 0.87 0.87 0.87 0.87 0.84 0.84 0.84 0.84 0.84 0.84 0.84 0.84 0.84 0.84 0.84 0.84 0.84 0.84 0.84 0.84
0.00 0.00 0.00 0.00 0.00 0.00 0.00 0.00 0.00 0.00 0.00 0.00 0.91 0.91 0.91 0.91 0.91 0.91 0.91 0.91 0.86 0.86 0.86 0.86 0.86 0.86 0.86 0.86 0.86 0.86 0.86 0.86 0.86 0.86 1.26 0.86 0.75 0.75 0.75 0.75 2.28 2.95 2.95 2.96 2.50 2.28 2.28 0.75 0.75 0.75 0.75 0.75 0.87 0.87 0.87 0.87 0.87 0.87 0.87 0.87 0.87 0.87 0.87 0.87 0.87 0.87 0.87 0.87 0.84 0.84 0.84 0.84 0.84 0.84 0.84 0.84 0.84 0.84 0.84 0.84 0.84 0.84 0.84 0.84
0.00 0.00 0.00 0.00 0.00 0.00 0.00 0.00 0.00 0.00 0.00 0.91 0.91 0.91 0.91 0.91 0.91 0.91 0.91 0.91 0.86 0.86 0.86 0.86 0.86 0.86 0.86 0.86 0.86 0.86 0.86 0.86 0.86 1.26 1.26 0.86 2.38 1.10 0.75 2.28 2.28 2.50 2.95 2.96 2.50 2.28 0.75 0.75 0.75 0.75 0.75 0.75 0.87 0.87 0.87 0.87 0.87 0.87 0.87 0.87 0.87 0.87 0.87 0.87 0.87 0.87 0.87 0.87 0.84 0.84 0.84 0.84 0.84 0.84 0.84 0.84 0.84 0.84 0.84 0.84 0.84 0.84 0.84 0.84
0.00 0.00 0.00 0.00 0.83 0.00 0.00 0.00 0.00 0.00 0.83 0.83 0.83 0.83 0.83 0.83 0.83 0.83 0.83 0.83 0.81 0.81 0.81 0.81 0.81 0.81 0.81 0.81 0.81 0.81 0.81 1.19 0.81 0.81 1.19 1.19 1.11 0.76 0.76 0.76 2.30 2.30 2.30 2.30 2.30 0.76 0.76 0.76 0.76 0.76 0.76 0.76 0.78 0.78 0.78 0.78 0.78 0.78 0.78 0.78 0.78 0.78 0.78 0.78 0.78 0.78 0.78 0.78 0.65 0.65 0.65 0.65 0.65 2.17 0.65 0.65 0.65 0.96 0.65 0.65 0.65 0.65 0.65 0.65
0.00 0.00 0.00 0.93 0.83 0.83 0.00 0.00 0.00 1.22 1.22 0.83 0.83 0.83 0.83 0.83 0.83 0.83 0.83 0.83 0.81 0.81 0.81 0.81 0.81 0.81 0.81 0.81 0.81 0.81 0.81 0.81 0.81 0.81 1.19 0.81 0.76 1.11 1.11 0.76 2.30 2.30 2.30 2.30 2.30 2.30 0.76 0.76 0.76 0.76 0.76 0.76 0.78 0.78 0.78 0.78 0.78 0.78 0.78 0.78 0.78 0.78 0.78 0.78 0.78 0.78 0.78 0.78 0.65 0.65 0.65 0.65 0.65 2.17 0.65 0.65 0.65 0.65 0.65 0.65 0.65 0.65 0.65 0.65
0.93 0.93 0.93 1.36 0.83 0.83 0.83 0.83 0.83 1.22 1.22 0.83 0.83 0.83 0.83 0.83 0.83 0.83 0.83 0.83 0.81 0.81 0.81 0.81 0.81 0.81 0.81 0.81 0.81 0.81 0.81 0.81 0.81 0.81 0.81 0.81 0.76 0.76 0.76 0.76 2.30 2.30 2.30 2.30 2.30 2.30 0.76 0.76 0.76 0.76 0.76 0.76 0.78 0.78 0.78 0.78 0.78 0.78 0.78 0.78 0.78 0.78 0.78 0.78 0.78 0.78 0.78 0.78 0.65 0.65 2.17 0.65 0.65 0.65 0.65 0.65 0.65 0.65 0.65 0.65 0.65 0.65 0.65 0.65
0.93 0.93 0.93 0.93 0.83 0.83 0.83 0.83 0.83 1.22 0.83 1.22 0.83 0.83 0.83 0.83 0.83 0.83 0.83 0.83 0.81 0.81 0.81 0.81 0.81 0.81 0.81 0.81 0.81 0.81 0.81 0.81 0.81 0.81 0.81 0.81 0.76 2.30 2.30 2.30 2.30 2.30 2.30 2.30 2.30 2.30 0.76 0.76 0.76 0.76 0.76 0.76 0.78 0.78 0.78 0.78 0.78 0.78 0.78 0.78 0.78 0.78 0.78 0.78 0.78 0.78 0.78 0.78 0.65 0.65 0.65 0.65 0.65 2.17 0.65 0.65 0.65 0.65 0.65 0.65 0.65 0.65 0.65 2.17
0.93 0.93 0.93 0.93 0.83 0.83 0.83 0.83 0.83 0.83 1.22 1.22 0.83 0.83 0.83 0.83 0.83 0.83 0.83 0.83 0.81 0.81 0.81 0.81 0.81 0.81 0.81 0.81 0.81 0.81 0.81 0.81 0.81 0.81 0.81 0.81 0.76 0.76 0.76 2.30 2.97 1.11 0.76 0.76 2.30 2.30 0.76 1.11 0.76 0.76 0.76 0.76 0.78 0.78 0.78 0.78 0.78 0.78 0.78 0.78 0.78 0.78 0.78 0.78 0.78 0.78 0.78 0.78 0.65 0.65 0.65 0.65 0.65 0.96 0.65 0.65 0.65 0.65 0.65 0.65 0.65 0.65 2.17 2.17
0.93 0.93 0.93 0.93 0.83 0.83 0.83 0.83 0.83 0.83 0.83 0.83 0.83 1.22 0.83 0.83 0.83 0.83 0.83 0.83 0.81 0.81 0.81 0.81 0.81 0.81 0.81 0.81 0.81 0.81 0.81 0.81 0.81 0.81 0.81 0.81 0.76 0.76 0.76 2.97 0.76 0.76 0.76 0.76 2.30 2.30 0.76 1.11 0.76 0.76 0.76 0.76 0.78 0.78 0.78 0.78 0.78 0.78 0.78 0.78 0.78 0.78 0.78 0.78 0.78 0.78 0.78 0.78 0.65 0.65 0.65 0.65 0.65 0.96 0.96 0.65 0.65 0.96 2.17 0.65 0.65 0.65 2.17 2.17
0.93 0.93 0.93 0.93 0.83 0.83 0.83 0.83 0.83 0.83 0.83 1.22 0.83 1.22 1.22 0.83 0.83 0.83 0.83 0.83 0.81 0.81 0.81 0.81 0.81 0.81 0.81 0.81 0.81 0.81 0.81 0.81 0.81 0.81 0.81 0.81 0.76 0.76 1.11 2.40 0.76 0.76 0.76 0.76 2.30 2.30 0.76 0.76 0.76 0.76 0.76 0.76 0.78 0.78 0.78 0.78 0.78 0.78 0.78 0.78 0.78 0.78 0.78 0.78 0.78 0.78 0.78 0.78 0.65 0.65 0.65 0.65 0.65 0.65 0.65 0.96 0.96 0.65 0.65 0.65 2.17 2.17 2.17 2.17
0.93 0.93 0.93 0.93 0.83 0.83 0.83 0.83 0.83 0.83 0.83 1.22 1.22 0.83 0.83 0.83 0.83 0.83 0.83 0.83 0.81 0.81 0.81 0.81 0.81 0.81 0.81 0.81 0.81 0.81 0.81 0.81 0.81 0.81 0.81 0.81 0.76 0.76 0.76 2.97 0.76 0.76 0.76 0.76 2.30 0.76 0.76 0.76 0.76 0.76 0.76 0.76 0.78 0.78 0.78 0.78 0.78 0.78 0.78 0.78 0.78 0.78 0.78 0.78 0.78 0.78 0.78 0.78 0.65 0.65 0.65 0.65 0.65 0.65 0.65 0.65 0.65 0.96 0.65 0.65 2.17 2.17 2.17 2.17
0.93 0.93 0.93 0.93 0.83 0.83 0.83 0.83 0.83 0.83 0.83 0.83 0.83 0.83 0.83 0.83 0.83 0.83 0.83 0.83 0.81 0.81 0.81 0.81 0.81 0.81 0.81 0.81 0.81 0.81 0.81 0.81 0.81 0.81 0.81 0.81 0.76 0.76 0.76 0.76 0.76 0.76 0.76 0.76 0.76 0.76 0.76 0.76 0.76 0.76 0.76 0.76 0.78 0.78 0.78 0.78 0.78 0.78 0.78 0.78 0.78 0.78 0.78 0.78 0.78 0.78 0.78 0.78 0.65 0.65 0.65 0.65 0.65 0.65 0.65 0.65 0.65 0.65 0.65 0.65 2.17 2.17 2.17 2.17
0.93 0.93 0.93 0.93 0.83 0.83 0.83 0.83 0.83 0.83 0.83 0.83 0.83 0.83 0.83 0.83 0.83 0.83 0.83 0.83 0.81 0.81 0.81 0.81 0.81 0.81 0.81 0.81 0.81 0.81 0.81 0.81 0.81 0.81 0.81 0.81 0.76 0.76 0.76 0.76 0.76 0.76 0.76 0.76 0.76 0.76 0.76 0.76 0.76 0.76 0.76 0.76 0.78 0.78 0.78 0.78 0.78 0.78 0.78 0.78 0.78 0.78 0.78 0.78 0.78 0.78 0.78 0.78 0.65 0.65 0.65 0.65 0.65 0.65 0.65 0.65 0.65 0.65 0.65 0.65 2.17 2.17 2.17 2.17
0.93 0.93 0.93 0.93 0.83 0.83 0.83 0.83 0.83 0.83 0.83 0.83 0.83 0.83 0.83 0.83 0.83 0.83 0.83 0.83 0.81 0.81 0.81 0.81 0.81 0.81 0.81 0.81 0.81 0.81 0.81 0.81 0.81 0.81 0.81 0.81 0.76 0.76 0.76 0.76 0.76 0.76 0.76 0.76 0.76 0.76 0.76 0.76 0.76 0.76 0.76 0.76 0.78 0.78 2.61 0.78 0.78 0.78 0.78 0.78 0.78 0.78 0.78 0.78 0.78 0.78 0.78 0.78 0.65 0.65 0.65 0.65 0.65 0.65 0.65 0.65 0.65 0.65 0.65 0.65 2.17 2.17 2.17 2.17
0.93 0.93 0.93 0.93 0.83 0.83 0.83 0.83 0.83 0.83 0.83 0.83 0.83 0.83 0.83 0.83 0.83 0.83 0.83 0.83 0.81 0.81 0.81 0.81 0.81 0.81 0.81 0.81 0.81 0.81 0.81 0.81 0.81 0.81 0.81 0.81 0.76 0.76 0.76 0.76 0.76 0.76 0.76 0.76 0.76 0.76 0.76 0.76 0.76 0.76 0.76 0.76 0.78 0.78 0.78 0.78 0.78 0.78 0.78 0.78 0.78 0.78 0.78 0.78 0.78 0.78 0.78 0.78 0.65 0.65 0.65 0.65 0.65 0.65 0.65 0.65 0.65 0.65 0.65 0.65 0.65 2.17 2.17 2.17
