New_Model_Runs/15_Future_RCP8.5_Scn2_out/post_prcessed_with_MFR/Monthly_summaries/actual_et_monthly_JUN.asc
NCOLS 700
NROWS 400
XLLCENTER 515000.000000
YLLCENTER 8409000.000000
CELLSIZE 50.000000
NODATA_value -999.000000
[rows 114 to 151 of 400, columns 504 to 587 of 700]
0.72 0.72 0.72 0.72 0.72 0.72 0.72 0.72 0.68 0.68 0.68 0.68 0.68 0.68 0.68 0.68 0.68 0.68 1.00 0.68 1.00 2.27 0.68 1.00 1.15 1.15 0.78 2.47 0.78 1.15 0.78 0.78 1.15 0.78 0.78 1.15 0.78 1.15 0.78 0.78 1.24 0.84 0.84 0.84 0.84 0.84 0.84 0.84 0.84 0.84 0.84 0.84 0.84 0.84 0.84 0.84 0.81 0.81 0.81 0.81 0.81 0.81 0.81 0.81 0.81 1.19 1.19 0.81 0.81 0.81 0.81 0.81 0.71 0.71 0.71 0.71 0.71 0.71 0.00 0.00 0.00 0.00 0.00 0.00
0.72 0.72 0.72 0.72 0.72 0.72 0.72 0.72 0.68 0.68 0.68 0.68 0.68 0.68 0.68 0.68 0.68 1.00 0.68 1.00 1.00 1.00 1.00 1.00 1.15 1.15 0.78 0.78 1.15 0.78 0.78 0.78 0.78 1.15 1.15 0.78 0.78 0.78 0.78 0.78 0.84 0.84 0.84 0.84 0.84 0.84 0.84 0.84 0.84 0.84 0.84 0.84 0.84 0.84 0.84 0.84 0.81 0.81 0.81 0.81 0.81 0.81 0.81 0.81 0.81 0.81 0.81 0.81 0.81 0.81 0.81 0.81 0.71 0.71 0.71 0.71 0.71 0.71 1.05 1.05 2.46 2.46 2.46 2.46
0.72 0.72 0.72 0.72 0.72 0.72 0.72 0.72 0.68 0.68 0.68 0.68 0.68 0.68 0.68 0.68 0.68 0.68 0.68 1.00 1.00 1.00 0.68 0.68 1.15 1.15 1.15 1.15 0.78 0.78 0.78 1.15 0.78 0.78 0.78 0.78 0.78 0.78 0.78 0.78 0.84 0.84 0.84 0.84 0.84 0.84 0.84 0.84 0.84 0.84 0.84 0.84 0.84 0.84 0.84 0.84 0.81 0.81 0.81 0.81 0.81 0.81 0.81 0.81 0.81 0.81 0.81 0.81 0.81 0.81 0.81 0.81 0.71 0.71 0.71 0.71 0.71 0.71 0.71 0.71 2.70 2.70 2.70 2.32
0.72 0.72 0.72 0.72 0.72 0.72 0.72 0.72 0.68 0.68 0.68 0.68 0.68 0.68 0.68 0.68 0.68 0.68 0.68 0.68 0.68 0.68 0.68 0.68 1.15 1.15 0.78 0.78 0.78 0.78 0.78 0.78 0.78 0.78 0.78 0.78 0.78 0.78 0.78 0.78 0.84 0.84 0.84 0.84 0.84 0.84 0.84 1.24 0.84 0.84 2.82 0.84 0.84 0.84 0.84 0.84 0.81 0.81 0.81 0.81 0.81 0.81 0.81 0.81 0.81 0.81 0.81 0.81 0.81 0.81 0.81 0.81 0.71 0.71 0.71 0.71 0.71 0.71 0.71 0.71 0.71 2.32 0.71 0.71
0.72 0.72 0.72 0.72 0.72 0.72 0.72 0.72 0.68 0.68 0.68 0.68 0.68 0.68 0.68 0.68 0.68 0.68 0.68 0.68 0.68 0.68 0.68 0.68 1.15 1.15 1.15 0.78 0.78 0.78 0.78 0.78 0.78 0.78 1.15 0.78 0.78 0.78 0.78 0.78 0.84 0.84 0.84 0.84 0.84 0.84 0.84 1.24 1.24 1.24 0.84 0.84 0.84 0.84 0.84 0.84 0.81 0.81 0.81 0.81 0.81 0.81 0.81 0.81 0.81 0.81 0.81 0.81 0.81 0.81 0.81 0.81 0.71 0.71 0.71 0.71 0.71 0.71 0.71 0.71 2.16 2.70 2.16 0.71
0.72 0.72 0.72 0.72 0.72 0.72 0.72 0.72 0.68 0.68 0.68 0.68 0.68 0.68 0.68 0.68 0.68 0.68 0.68 0.68 1.00 0.68 0.68 0.68 0.78 0.78 0.78 0.78 0.78 0.78 0.78 0.78 0.78 0.78 0.78 0.78 0.78 0.78 0.78 0.78 0.84 0.84 0.84 0.84 0.84 0.84 0.84 2.56 2.82 0.84 0.84 0.84 0.84 0.84 0.84 0.84 0.81 0.81 0.81 0.81 0.81 0.81 0.81 0.81 0.81 0.81 0.81 0.81 0.81 0.81 0.81 0.81 0.71 0.71 0.71 0.71 0.71 0.71 1.05 1.05 1.05 2.70 2.16 2.16
0.72 0.72 0.72 0.72 0.72 0.72 0.72 0.72 0.68 0.68 0.68 0.68 0.68 0.68 0.68 0.68 1.00 0.68 0.68 0.68 0.68 0.68 1.00 0.68 0.78 0.78 0.78 0.78 0.78 0.78 0.78 0.78 0.78 0.78 0.78 0.78 0.78 0.78 0.78 0.78 0.84 0.84 0.84 0.84 0.84 1.24 1.24 0.84 0.84 0.84 0.84 0.84 0.84 0.84 0.84 0.84 0.81 0.81 0.81 0.81 0.81 0.81 0.81 0.81 0.81 0.81 0.81 0.81 0.81 0.81 0.81 0.81 0.71 0.71 0.71 0.71 1.05 1.05 1.05 1.05 2.32 2.16 2.16 1.05
0.72 0.72 0.72 0.72 0.72 0.72 0.72 0.72 0.68 0.68 0.68 0.68 1.00 0.68 0.68 0.68 1.00 0.68 0.68 0.68 0.68 0.68 0.68 0.68 0.78 0.78 0.78 0.78 0.78 0.78 0.78 0.78 0.78 0.78 0.78 0.78 0.78 0.78 0.78 0.78 0.84 0.84 0.84 0.84 0.84 0.84 0.84 0.84 0.84 0.84 0.84 0.84 0.84 0.84 0.84 0.84 0.81 0.81 0.81 0.81 0.81 0.81 0.81 0.81 0.81 0.81 0.81 0.81 0.81 0.81 0.81 0.81 0.71 1.05 0.71 0.71 0.71 0.71 1.05 1.05 0.71 0.71 0.71 0.71
0.72 0.72 0.72 0.72 0.72 0.72 0.72 0.72 0.68 0.68 0.68 0.68 1.00 0.68 0.68 0.68 1.00 0.68 0.68 0.68 0.68 0.68 0.68 0.68 0.78 0.78 0.78 2.60 0.78 0.78 0.78 0.78 0.78 0.78 1.15 0.78 0.78 0.78 0.78 0.78 0.84 2.56 2.56 0.84 0.84 0.84 0.84 0.84 0.84 0.84 0.84 0.84 0.84 0.84 0.84 0.84 0.81 0.81 0.81 0.81 0.81 0.81 0.81 0.81 0.81 0.81 0.81 0.81 0.81 0.81 0.81 0.81 0.71 0.71 0.71 0.71 0.71 0.71 0.71 0.71 0.71 0.71 0.71 0.71
0.72 0.72 0.72 0.72 0.72 1.06 1.06 0.72 1.00 1.00 0.68 0.68 0.68 0.68 0.68 0.68 1.00 1.00 1.00 1.00 0.68 0.68 0.68 0.68 0.78 0.78 1.15 0.78 0.78 0.78 0.78 0.78 0.78 0.78 1.15 0.78 0.78 0.78 1.15 0.78 0.84 0.84 0.84 0.84 0.84 0.84 0.84 0.84 0.84 0.84 0.84 0.84 0.84 0.84 0.84 0.84 0.81 0.81 0.81 0.81 0.81 0.81 0.81 0.81 0.81 0.81 0.81 0.81 0.81 0.81 0.81 0.81 0.71 0.71 0.71 0.71 0.71 0.71 0.71 0.71 0.71 0.71 0.71 0.71
0.72 0.72 0.72 0.72 0.72 0.72 0.72 0.72 0.68 0.68 0.68 0.68 0.68 0.68 0.68 0.68 0.68 0.68 1.00 0.68 0.68 0.68 0.68 0.68 0.78 0.78 0.78 0.78 0.78 0.78 0.78 0.78 0.78 0.78 0.78 0.78 2.37 0.78 0.78 0.78 0.84 0.84 0.84 1.24 0.84 0.84 0.84 0.84 0.84 0.84 0.84 0.84 0.84 0.84 0.84 0.84 0.81 0.81 0.81 0.81 0.81 0.81 0.81 0.81 0.81 0.81 0.81 0.81 0.81 0.81 0.81 0.81 0.71 0.71 0.71 0.71 0.71 0.71 0.71 0.71 0.71 0.71 0.71 0.71
0.72 0.72 0.72 0.72 0.72 0.72 0.72 0.72 0.68 0.68 0.68 0.68 0.68 0.68 0.68 0.68 0.68 0.68 0.68 0.68 0.68 1.00 0.68 0.68 0.78 0.78 0.78 0.78 0.78 0.78 0.78 0.78 0.78 3.07 0.78 0.92 2.37 0.78 0.78 0.78 0.84 0.84 0.84 0.84 0.84 0.84 0.84 0.84 0.84 0.84 0.84 0.84 0.84 0.84 0.84 0.84 0.81 0.81 0.81 0.81 0.81 0.81 0.81 0.81 0.81 0.81 0.81 0.81 0.81 0.81 0.81 0.81 0.71 0.71 0.71 0.71 0.71 0.71 0.71 0.71 0.71 0.71 0.71 0.71
0.72 0.72 0.72 0.72 0.72 0.72 0.72 0.72 0.68 0.68 0.68 0.68 0.68 0.68 0.68 0.68 0.68 0.68 0.68 0.68 0.68 1.00 1.00 0.68 0.78 0.23 3.07 2.60 3.07 0.92 0.78 0.78 0.78 3.07 3.07 0.78 0.78 0.78 0.78 0.78 0.84 0.84 0.84 0.84 0.84 0.84 0.84 0.84 0.84 0.84 0.84 0.84 0.84 0.84 0.84 0.84 0.81 0.81 0.81 0.81 0.81 0.81 0.81 0.81 0.81 0.81 0.81 0.81 0.81 0.81 0.81 0.81 0.71 0.71 0.71 0.71 0.71 0.71 0.71 0.71 0.71 0.71 0.71 0.71
0.72 0.72 0.72 0.72 0.72 0.72 0.72 0.72 0.68 0.68 0.68 0.68 0.68 0.68 0.68 0.68 0.68 0.68 0.68 0.68 0.68 2.15 0.68 0.68 0.23 2.68 2.68 3.07 3.07 2.68 3.07 2.68 3.07 3.07 2.60 0.78 0.78 0.78 0.78 0.78 0.84 0.84 0.84 0.84 0.84 0.84 0.84 1.24 0.84 0.84 1.24 0.84 0.84 0.84 0.84 0.84 0.81 0.81 0.81 0.81 0.81 0.81 0.81 0.81 0.81 0.81 0.81 0.81 0.81 0.81 0.81 0.81 0.71 0.71 0.71 0.71 0.71 0.71 0.71 0.71 0.71 0.71 0.71 0.71
0.72 0.72 0.72 0.72 0.72 0.72 0.72 0.72 0.68 0.68 0.68 0.68 0.68 0.68 0.68 0.68 0.68 0.68 0.68 0.68 2.27 0.68 0.68 2.37 2.68 2.68 0.00 0.00 0.00 0.00 0.00 0.00 0.00 0.00 0.78 0.78 0.78 0.78 0.78 0.78 0.84 0.84 0.84 0.84 0.84 0.84 0.84 1.24 1.24 0.84 0.84 0.84 0.84 1.24 0.84 0.84 1.19 0.81 0.81 0.81 0.81 0.81 0.81 0.81 0.81 0.81 0.81 0.81 0.81 0.81 0.81 0.81 0.71 0.71 0.71 0.71 0.71 0.71 0.71 0.71 0.71 0.71 0.71 0.71
0.72 0.72 0.72 0.72 0.72 0.72 0.72 1.06 0.68 0.68 0.68 0.68 0.68 0.68 0.68 0.68 0.68 0.68 0.68 2.06 2.27 0.68 2.37 2.67 2.68 0.00 0.00 0.00 0.00 0.00 0.00 0.00 0.00 0.00 0.78 0.78 0.78 0.78 0.78 0.78 0.84 0.84 2.68 2.56 3.32 0.84 0.84 0.84 0.84 0.84 0.84 0.84 0.84 0.84 0.84 0.84 0.81 0.81 0.81 0.81 0.81 0.81 0.81 0.81 0.81 0.81 0.81 0.81 0.81 0.81 0.81 0.81 0.71 0.71 0.71 0.71 0.71 0.71 0.71 0.71 0.71 1.05 0.71 0.71
0.66 0.66 0.66 0.66 0.66 0.66 0.96 0.66 0.72 0.72 0.49 0.49 0.49 0.49 0.49 0.49 0.49 0.49 0.49 1.49 1.49 1.93 0.49 0.49 0.00 0.00 0.00 0.00 0.00 0.00 0.00 0.00 0.00 0.00 0.00 0.50 0.50 0.50 0.50 0.50 1.99 1.99 1.99 0.60 0.51 0.74 0.51 0.51 0.51 0.51 0.51 0.51 0.51 0.51 0.51 0.51 0.80 0.80 0.80 0.80 0.80 1.17 0.80 0.80 0.80 0.80 0.80 0.80 0.80 0.80 0.80 0.80 0.77 0.77 0.77 0.77 0.77 0.77 0.77 0.77 0.77 0.77 0.77 0.77
0.66 0.66 0.66 0.66 0.66 0.66 0.96 0.66 0.72 1.55 0.49 0.49 0.49 0.49 0.49 0.49 0.49 0.49 0.49 0.49 0.49 0.49 0.49 0.49 0.00 0.00 0.00 0.00 0.00 0.00 0.00 0.00 0.00 0.00 0.00 0.50 0.50 0.50 0.74 0.00 0.00 1.99 1.99 1.99 0.51 0.51 0.51 0.51 0.51 0.51 0.51 0.51 0.51 0.51 0.51 0.51 0.80 0.80 0.80 0.80 2.49 1.17 0.80 0.80 0.80 0.80 0.80 0.80 0.80 0.80 0.80 0.80 0.77 0.77 0.77 0.77 0.77 0.77 0.77 0.77 0.77 0.77 0.77 0.77
0.66 0.66 0.66 0.66 0.66 0.96 0.66 0.66 0.49 0.49 0.49 0.49 0.49 0.49 0.49 1.49 1.63 0.49 0.49 0.49 0.49 0.49 0.72 0.00 0.00 0.00 0.00 0.00 0.00 0.00 0.00 0.00 0.00 0.00 0.00 0.50 0.50 0.00 0.00 0.00 0.00 0.00 0.00 0.60 0.51 0.51 0.51 0.51 0.51 0.51 0.51 0.51 0.51 0.51 0.51 0.51 0.80 0.80 0.80 0.80 0.80 1.17 0.80 0.80 0.80 0.80 0.80 0.80 0.80 0.80 0.80 0.80 0.77 0.77 0.77 0.77 0.77 0.77 0.77 0.77 0.77 0.77 0.77 0.77
0.66 0.66 0.66 0.66 0.66 0.66 0.66 0.66 0.49 0.72 0.49 0.49 0.49 0.49 1.49 1.49 1.49 1.93 0.49 0.49 0.72 0.49 0.00 0.00 0.00 0.00 0.00 0.00 0.00 0.00 0.00 0.00 0.00 0.00 0.00 0.00 0.00 0.00 0.00 0.00 0.00 0.00 0.00 0.00 0.51 0.51 0.51 0.51 0.51 0.51 0.51 0.51 0.51 0.51 0.51 0.51 0.80 0.80 0.80 0.80 0.80 0.80 0.80 0.80 1.17 0.80 0.80 0.80 0.80 0.80 0.80 0.80 0.77 0.77 0.77 0.77 0.77 0.77 0.77 0.77 0.77 0.77 0.77 0.77
0.66 0.66 0.66 0.66 0.66 0.66 0.66 1.99 1.49 0.72 0.72 0.49 0.49 1.93 1.93 1.93 1.93 1.93 0.00 0.00 0.00 0.00 0.00 0.00 0.00 0.00 0.00 0.00 0.00 0.00 0.00 0.00 0.00 0.00 0.00 0.00 0.00 0.00 0.00 0.00 0.00 0.00 0.00 0.00 0.51 0.51 0.74 0.51 0.74 0.74 0.51 0.51 0.51 0.51 0.51 0.51 0.80 0.80 0.80 0.80 0.80 0.80 0.80 0.80 0.80 0.80 0.80 0.80 0.80 0.80 0.80 0.80 0.77 0.77 0.77 0.77 0.77 0.77 0.77 0.77 0.77 0.77 0.77 0.77
0.66 0.66 0.66 0.66 0.66 0.96 0.66 0.66 1.49 1.63 1.93 1.93 1.93 0.00 0.00 0.00 0.00 0.00 0.00 0.00 0.00 0.00 0.00 0.00 0.00 0.00 0.00 0.00 0.00 0.00 0.00 0.00 0.00 0.00 0.00 0.00 0.00 0.00 0.00 0.00 0.00 0.00 0.00 0.51 0.51 0.51 0.51 0.51 0.51 0.51 0.51 0.51 0.51 0.51 0.51 0.51 0.80 0.80 0.80 0.80 0.80 0.80 0.80 0.80 0.80 0.80 0.80 0.80 0.80 0.80 0.80 0.80 0.77 0.77 0.77 0.77 0.77 0.77 0.77 0.77 0.77 0.77 0.77 0.77
0.66 0.66 0.66 0.66 0.66 0.66 0.66 2.58 1.93 1.93 0.00 0.00 0.00 0.00 0.00 0.00 0.00 0.00 0.00 0.00 0.00 0.00 0.00 0.00 0.00 0.00 0.00 0.00 0.00 0.00 0.00 0.00 0.00 0.00 0.00 0.00 0.00 0.00 0.00 0.00 0.00 0.00 0.00 0.51 1.53 0.51 0.51 0.51 0.51 0.51 0.51 0.51 0.51 0.51 0.51 0.51 0.80 0.80 0.80 0.80 0.80 0.80 0.80 0.80 0.80 0.80 0.80 0.80 0.80 0.80 0.80 0.80 0.77 0.77 0.77 0.77 0.77 0.77 0.77 0.77 0.77 0.77 0.77 0.77
0.66 0.66 0.66 0.96 0.96 0.96 0.78 2.58 0.00 0.00 0.00 0.00 0.00 0.00 0.00 0.00 0.00 0.00 0.00 0.00 0.00 0.00 0.00 0.00 0.00 0.00 0.00 0.00 0.00 0.00 0.00 0.00 0.00 0.00 0.00 0.00 0.00 0.00 0.00 0.00 0.00 0.00 0.00 0.00 0.00 0.00 0.00 1.99 1.99 0.51 1.53 0.51 0.51 0.51 0.51 0.51 0.80 0.80 0.80 0.80 0.80 0.80 0.80 0.80 0.80 0.80 0.80 0.80 0.80 0.80 0.80 0.80 0.77 0.77 0.77 0.77 0.77 0.77 0.77 0.77 0.77 0.77 0.77 0.77
0.66 0.66 0.66 0.96 0.96 1.99 2.58 0.00 0.00 0.00 0.00 0.00 0.00 0.00 0.00 0.00 0.00 0.00 0.00 0.00 0.00 0.00 0.00 0.00 0.00 0.00 0.00 0.00 0.00 0.00 0.00 0.00 0.00 0.00 0.00 0.00 0.00 0.00 0.00 0.00 0.00 0.00 0.00 0.00 0.00 0.00 0.00 0.00 1.99 1.78 0.51 1.53 1.53 0.51 0.51 0.51 0.80 0.80 0.80 0.80 0.80 0.80 0.80 0.80 0.80 0.80 0.80 0.80 0.80 0.80 0.80 0.80 0.77 0.77 0.77 0.77 0.77 0.77 0.77 0.77 0.77 0.77 0.77 0.77
0.66 0.66 0.66 0.66 0.66 0.66 0.00 0.00 0.00 0.00 0.00 0.00 0.00 0.00 0.00 0.00 0.00 0.00 0.00 0.00 0.00 0.00 0.00 0.00 0.00 0.00 0.00 0.00 0.00 0.00 0.00 0.00 0.00 0.00 0.00 0.00 0.00 0.00 0.00 0.00 0.00 0.00 0.00 0.00 0.00 0.00 0.00 0.00 0.00 0.51 0.74 0.51 1.68 0.51 0.51 0.51 0.80 0.80 0.80 0.80 0.80 0.80 0.80 0.80 0.80 0.80 0.80 0.80 0.80 0.80 0.80 0.80 0.77 0.77 0.77 0.77 0.77 0.77 0.77 0.77 0.77 0.77 0.77 0.77
0.66 0.66 0.66 0.66 0.66 0.66 0.66 0.00 0.00 0.00 0.00 0.00 0.00 0.00 0.00 0.00 0.00 0.00 0.00 0.00 0.00 0.00 0.00 0.00 0.00 0.00 0.00 0.00 0.00 0.00 0.00 0.00 0.00 0.00 0.00 0.00 0.00 0.00 0.00 0.00 0.00 0.00 0.00 0.00 0.00 0.00 0.00 0.00 0.00 0.51 0.15 0.51 1.78 0.51 1.53 1.53 3.13 0.80 0.80 0.80 0.80 0.80 0.80 0.80 0.80 0.80 0.80 0.80 0.80 0.80 0.80 0.80 0.77 0.77 0.77 0.77 1.13 0.77 1.13 1.13 0.77 0.77 0.77 0.77
0.66 0.66 1.99 0.66 0.66 0.66 0.66 0.00 0.00 0.00 0.00 0.00 0.00 0.00 0.00 0.00 0.00 0.00 0.00 0.00 0.00 0.00 0.00 0.00 0.00 0.00 0.00 0.00 0.00 0.00 0.00 0.00 0.00 0.00 0.00 0.00 0.00 0.00 0.00 0.00 0.00 0.00 0.00 0.00 0.00 0.00 0.00 0.00 0.00 0.00 1.78 0.60 1.99 1.99 1.78 1.78 3.13 0.80 0.80 0.80 0.80 0.80 0.80 0.80 0.80 0.80 0.80 0.80 0.80 0.80 0.80 0.80 0.77 0.77 0.77 0.77 0.77 0.77 0.77 1.13 1.13 0.77 0.77 0.77
0.66 0.66 0.66 0.20 0.66 0.00 0.00 0.00 0.00 0.00 0.00 0.00 0.00 0.00 0.00 0.00 0.00 0.00 0.00 0.00 0.00 0.00 0.00 0.00 0.00 0.00 0.00 0.00 0.00 0.00 0.00 0.00 0.00 0.00 0.00 0.00 0.00 0.00 0.00 0.00 0.00 0.00 0.00 0.00 0.00 0.00 0.00 0.00 0.00 0.00 1.99 1.78 1.99 0.60 1.53 1.53 0.80 0.80 0.80 0.80 0.80 0.80 0.80 0.80 0.80 0.80 0.80 0.80 0.80 0.80 0.80 0.80 0.77 0.77 0.77 0.77 0.77 0.77 0.77 0.77 0.77 0.77 0.77 0.77
0.66 0.66 0.66 2.58 0.00 0.00 0.00 0.00 0.00 0.00 0.00 0.00 0.00 0.00 0.00 0.00 0.00 0.00 0.00 0.00 0.00 0.00 0.00 0.00 0.00 0.00 0.00 0.00 0.00 0.00 0.00 0.00 0.00 0.00 0.00 0.00 0.00 0.00 0.00 0.00 0.00 0.00 0.00 0.00 0.00 0.00 0.00 0.00 0.00 0.00 0.00 1.99 1.99 0.60 1.53 1.53 0.80 0.80 0.80 0.80 1.17 0.80 0.80 0.80 0.80 0.80 0.80 1.17 0.80 0.80 0.80 0.80 0.77 0.77 0.77 0.77 0.77 0.77 0.77 0.77 0.77 2.43 2.43 1.13
0.66 0.66 0.00 0.00 0.00 0.00 0.00 0.00 0.00 0.00 0.00 0.00 0.00 0.00 0.00 0.00 0.00 0.00 0.00 0.00 0.00 0.00 0.00 0.00 0.00 0.00 0.00 0.00 0.00 0.00 0.00 0.00 0.00 0.00 0.00 0.00 0.00 0.00 0.00 0.00 0.00 0.00 0.00 0.00 0.00 0.00 0.00 0.00 0.00 0.00 0.00 1.99 1.78 1.99 1.68 1.53 0.80 1.17 1.17 0.80 0.80 0.80 0.80 0.80 1.17 0.80 0.80 0.80 0.80 0.80 0.80 0.80 0.77 0.77 0.77 0.77 0.77 0.77 0.77 0.77 0.77 0.77 2.32 1.13
2.58 0.00 0.00 0.00 0.00 0.00 0.00 0.00 0.00 0.00 0.00 0.00 0.00 0.00 0.00 0.00 0.00 0.00 0.00 0.00 0.00 0.00 0.00 0.00 0.00 0.00 0.00 0.00 0.00 0.00 0.00 0.00 0.00 0.00 0.00 0.00 0.00 0.00 0.00 0.00 0.00 0.00 0.00 0.00 0.00 0.00 0.00 0.00 0.00 0.00 0.00 1.99 1.99 0.60 1.68 0.51 0.80 1.17 0.80 0.80 0.80 0.80 0.80 0.80 0.80 1.17 0.80 0.80 0.80 0.80 0.80 0.80 0.77 0.77 0.77 0.77 0.77 0.77 0.77 0.77 0.77 0.77 0.77 0.77
0.00 0.00 0.00 0.00 0.00 0.00 0.00 0.00 0.00 0.00 0.00 0.00 0.00 0.00 0.00 0.00 0.00 0.00 0.00 0.00 0.00 0.00 0.00 0.00 0.00 0.00 0.00 0.00 0.00 0.00 0.00 0.00 0.00 0.00 0.00 0.00 0.00 0.00 0.00 0.00 0.00 0.00 0.00 0.00 0.00 0.00 0.00 0.00 0.00 0.00 0.00 1.85 1.85 1.42 1.56 0.47 0.68 0.47 0.68 0.47 0.47 0.47 0.47 0.47 0.47 0.47 0.47 0.47 0.47 0.47 0.47 0.47 0.46 0.46 0.46 0.46 0.46 0.46 0.46 0.46 0.46 0.46 0.46 0.46
0.00 0.00 0.00 0.00 0.00 0.00 0.00 0.00 0.00 0.00 0.00 0.00 0.00 0.00 0.00 0.00 0.00 0.00 0.00 0.00 0.00 0.00 0.00 0.00 0.00 0.00 0.00 0.00 0.00 0.00 0.00 0.00 0.00 0.00 0.00 0.00 0.00 0.00 0.00 0.00 0.00 0.00 0.00 0.00 0.00 0.00 0.00 0.00 0.00 0.00 0.00 1.85 1.42 0.47 0.47 0.47 0.47 0.47 0.47 0.47 0.47 0.47 0.47 0.47 0.47 0.47 0.47 0.47 0.47 0.47 0.47 0.47 0.46 0.46 0.46 0.46 0.46 0.46 0.46 0.46 0.67 0.46 0.46 1.80
0.00 0.00 0.00 0.00 0.00 0.00 0.00 0.00 0.00 0.00 0.00 0.00 0.00 0.00 0.00 0.00 0.00 0.00 0.00 0.00 0.00 0.00 0.00 0.00 0.00 0.00 0.00 0.00 0.00 0.00 0.00 0.00 0.00 0.00 0.00 0.00 0.00 0.00 0.00 0.00 0.00 0.00 0.00 0.00 0.00 0.00 0.00 0.00 0.00 0.00 0.00 0.47 0.14 0.47 0.47 0.69 0.68 0.47 0.47 0.47 0.47 0.47 0.47 0.47 0.47 0.47 0.47 0.47 0.68 0.47 0.47 0.47 0.46 0.67 0.46 0.46 0.46 0.46 0.46 0.67 0.67 0.46 0.00 0.00
0.00 0.00 0.00 0.00 0.00 0.00 0.00 0.00 0.00 0.00 0.00 0.00 0.00 0.00 0.00 0.00 0.00 0.00 0.00 0.00 0.00 0.00 0.00 0.00 0.00 0.00 0.00 0.00 0.00 0.00 0.00 0.00 0.00 0.00 0.00 0.00 0.00 0.00 0.00 0.00 0.00 0.00 0.00 0.00 0.00 0.00 0.00 0.00 0.00 0.00 0.47 0.47 0.47 0.47 0.47 0.69 0.47 0.47 0.47 0.47 0.47 0.47 0.47 0.47 0.47 0.47 0.47 0.47 0.68 0.68 0.47 0.47 0.46 0.46 0.46 0.46 0.46 0.46 0.46 0.46 0.46 0.00 0.00 0.00
0.00 0.00 0.00 0.00 0.00 0.00 0.00 0.00 0.00 0.00 0.00 0.00 0.00 0.00 0.00 0.00 0.00 0.00 0.00 0.00 0.00 0.00 0.00 0.00 0.00 0.00 0.00 0.00 0.00 0.00 0.00 0.00 0.00 0.00 0.00 0.00 0.00 0.00 0.00 0.00 0.00 0.00 0.00 0.00 0.00 0.00 0.00 0.00 0.00 0.47 0.47 0.47 0.47 0.69 0.69 0.69 0.68 0.47 0.47 0.47 0.47 0.47 0.47 0.47 0.47 0.47 0.47 0.47 0.68 0.68 0.47 0.47 0.46 0.46 1.39 1.39 0.46 0.46 0.46 0.46 0.00 0.00 0.00 0.00
0.00 0.00 0.00 0.00 0.00 0.00 0.00 0.00 0.00 0.00 0.00 0.00 0.00 0.00 0.00 0.00 0.00 0.00 0.00 0.00 0.00 0.00 0.00 0.00 0.00 0.00 0.00 0.00 0.00 0.00 0.00 0.00 0.00 0.00 0.00 0.00 0.00 0.00 0.00 0.00 0.00 0.00 0.00 0.00 0.00 0.00 0.00 0.00 0.47 0.47 0.47 0.47 0.47 0.47 0.69 0.69 0.47 0.47 0.47 0.47 0.47 0.47 0.47 0.47 0.47 0.47 0.47 0.47 0.68 0.68 0.47 0.47 0.46 0.46 1.39 1.39 1.53 0.46 0.67 0.46 0.00 0.00 0.00 0.00
