New_Model_Runs/15_Future_RCP8.5_Scn2_out/post_prcessed_with_MFR/Monthly_summaries/actual_et_monthly_MAR.asc
NCOLS 700
NROWS 400
XLLCENTER 515000.000000
YLLCENTER 8409000.000000
CELLSIZE 50.000000
NODATA_value -999.000000
[rows 76 to 113 of 400, columns 420 to 503 of 700]
0.00 0.00 0.00 0.00 0.00 0.00 0.00 0.00 0.00 0.00 0.00 0.00 0.00 0.00 0.00 0.00 0.00 0.00 0.00 0.00 0.00 0.00 0.00 0.00 0.00 0.00 0.00 0.00 0.00 0.00 0.00 0.00 0.00 0.00 0.00 0.00 0.00 0.00 0.00 0.00 0.00 0.00 0.00 0.00 0.00 0.00 0.00 0.00 0.00 0.00 0.00 0.00 0.00 0.00 0.00 0.00 0.00 0.00 0.00 0.00 0.00 0.00 0.00 0.00 0.00 0.00 0.00 0.00 0.00 0.00 0.00 0.00 0.00 0.00 0.00 0.00 0.00 0.00 0.00 0.00 0.00 0.00 0.00 0.00
0.00 0.00 0.00 0.00 0.00 0.00 0.00 0.00 0.00 0.00 0.00 0.00 0.00 0.00 0.00 0.00 0.00 0.00 0.00 0.00 0.00 0.00 0.00 0.00 0.00 0.00 0.00 0.00 0.00 0.00 0.00 0.00 0.00 0.00 0.00 0.00 0.00 0.00 0.00 0.00 0.00 0.00 0.00 0.00 0.00 0.00 0.00 0.00 0.00 0.00 0.00 0.00 0.00 0.00 0.00 0.00 0.00 0.00 0.00 0.00 0.00 0.00 0.00 0.00 0.00 0.00 0.00 0.00 0.00 0.00 0.00 0.00 0.00 0.00 0.00 0.00 0.00 0.00 0.00 0.00 0.00 0.00 0.00 0.00
0.00 0.00 0.00 0.00 0.00 0.00 0.00 0.00 0.00 0.00 0.00 3.11 0.00 0.00 0.00 0.00 0.00 0.00 0.00 0.00 0.00 0.00 0.00 0.00 0.00 0.00 0.00 0.00 0.00 0.00 0.00 0.00 0.00 0.00 0.00 0.00 0.00 0.00 0.00 0.00 0.00 0.00 0.00 0.00 0.00 0.00 0.00 0.00 0.00 0.00 0.00 0.00 0.00 0.00 0.00 0.00 0.00 0.00 0.00 0.00 0.00 0.00 0.00 0.00 0.00 0.00 0.00 0.00 0.00 0.00 0.00 0.00 0.00 0.00 0.00 0.00 0.00 0.00 0.00 0.00 0.00 0.00 0.00 0.00
0.00 0.00 0.00 0.00 0.00 0.00 0.00 0.00 0.00 0.00 0.00 2.64 0.00 0.00 0.00 0.00 0.00 0.00 0.00 0.00 0.00 0.00 0.00 0.00 0.00 0.00 0.00 0.00 0.00 0.00 0.00 0.00 0.00 0.00 0.00 0.00 0.00 0.00 0.00 0.00 0.00 0.00 0.00 0.00 0.00 0.00 0.00 0.00 0.00 0.00 0.00 0.00 0.00 0.00 0.00 0.00 0.00 0.00 0.00 0.00 0.00 0.00 0.00 0.00 0.00 0.00 0.00 0.00 0.00 0.00 0.00 0.00 0.00 0.00 0.00 0.00 0.00 0.00 0.00 0.00 0.00 0.00 0.00 0.00
0.00 0.00 0.00 0.00 0.00 0.00 0.00 0.00 0.00 0.00 3.11 0.79 0.00 0.00 0.00 0.00 0.00 0.00 0.00 0.00 0.00 0.00 0.00 0.00 0.00 0.00 0.00 0.00 0.00 0.00 0.00 0.00 0.00 0.00 0.00 0.00 0.00 0.00 0.00 0.00 0.00 0.00 0.00 0.00 0.00 0.00 0.00 0.00 0.00 0.00 0.00 0.00 0.00 0.00 0.00 0.00 0.00 0.00 0.00 0.00 0.00 0.00 0.00 0.00 0.00 0.00 0.00 0.00 0.00 0.00 0.00 0.00 0.00 0.00 0.00 0.00 0.00 0.00 0.00 0.00 0.00 0.00 0.00 0.00
0.00 0.00 0.00 0.00 0.00 0.00 0.00 0.00 0.00 3.11 0.79 0.79 3.15 0.00 0.00 0.00 0.00 0.00 0.00 0.00 0.00 0.00 0.00 0.00 0.00 0.00 0.00 0.00 0.00 0.00 0.00 0.00 0.00 0.00 0.00 0.00 0.00 0.00 0.00 0.00 0.00 0.00 0.00 0.00 0.00 0.00 0.00 0.00 0.00 0.00 0.00 0.00 0.00 0.00 0.00 0.00 0.00 0.00 0.00 0.00 0.00 0.00 0.00 0.00 0.00 0.00 0.00 0.00 0.00 0.00 0.00 0.00 0.00 0.00 0.00 0.00 0.00 0.00 0.00 0.00 0.00 0.00 0.00 0.00
1.36 1.36 0.00 0.00 0.00 0.00 0.00 1.36 1.36 1.36 1.36 1.36 1.22 0.00 0.00 0.00 0.00 0.00 0.00 0.00 0.00 0.00 0.00 0.00 0.00 0.00 0.00 0.00 0.00 0.00 0.00 0.00 0.00 0.00 0.00 0.00 0.00 0.00 0.00 0.00 0.00 0.00 0.00 0.00 0.00 0.00 0.00 0.00 0.00 0.00 0.00 0.00 0.00 0.00 0.00 0.00 4.37 0.00 0.00 0.00 0.00 0.00 0.00 0.00 0.00 0.00 0.00 0.00 0.00 0.00 0.00 0.00 0.00 0.00 0.00 0.00 0.00 0.00 0.00 0.00 0.00 0.00 0.00 0.00
1.36 1.36 1.36 0.00 0.00 0.00 1.36 1.36 1.36 1.36 1.36 1.36 4.71 0.00 0.00 0.00 0.00 0.00 0.00 0.00 0.00 0.00 0.00 0.00 0.00 0.00 0.00 0.00 0.00 0.00 0.00 0.00 0.00 0.00 0.00 0.00 0.00 0.00 0.00 0.00 0.00 0.00 0.00 0.00 0.00 0.00 0.00 0.00 0.00 0.00 0.00 0.00 0.00 0.00 0.00 0.00 1.41 0.00 0.00 0.00 0.00 0.00 0.00 0.00 0.00 0.00 0.00 0.00 0.00 1.36 3.84 0.00 0.00 0.00 0.00 0.00 0.00 0.00 0.00 0.00 0.00 0.00 0.00 0.00
1.36 1.36 1.36 1.36 1.36 1.36 1.36 1.36 1.36 1.36 1.36 1.36 4.71 0.00 0.00 0.00 0.00 0.00 0.00 0.00 0.00 0.00 0.00 0.00 0.00 0.00 0.00 0.00 0.00 0.00 0.00 0.00 0.00 0.00 0.00 0.00 0.00 0.00 0.00 0.00 0.00 0.00 0.00 0.00 0.00 0.00 0.00 0.00 0.00 0.00 0.00 0.00 0.00 0.00 0.00 0.00 1.41 1.41 0.00 0.00 0.00 0.00 0.00 0.00 0.00 0.00 0.00 0.00 1.36 1.36 1.36 0.00 0.00 0.00 0.00 0.00 0.00 0.00 0.00 0.00 0.00 0.00 0.00 0.00
1.36 1.36 1.36 1.36 1.36 1.36 1.36 1.36 1.36 1.36 1.36 1.36 4.71 0.00 0.00 0.00 0.00 0.00 0.00 0.00 0.00 0.00 0.00 0.00 0.00 0.00 0.00 4.71 0.84 3.31 0.00 0.00 0.00 0.00 0.00 0.00 0.00 0.00 0.00 0.00 0.00 0.00 0.00 0.00 0.00 0.00 0.00 0.00 0.00 0.00 0.00 0.00 0.00 0.00 0.00 0.00 1.41 1.41 0.00 0.00 0.00 0.00 0.00 0.00 0.00 0.00 0.00 4.31 1.36 1.36 1.36 3.84 0.00 0.00 0.00 0.00 0.00 0.00 0.00 0.00 0.00 0.00 0.00 0.00
1.36 1.36 1.36 1.36 2.00 1.36 1.36 1.36 1.36 1.36 1.36 1.36 1.22 0.00 0.00 0.00 0.00 0.00 0.00 0.00 0.00 0.00 0.00 0.00 0.00 0.00 0.00 1.22 0.84 0.84 0.00 0.00 0.00 0.00 0.00 0.00 0.00 0.00 0.00 0.00 0.00 0.00 0.00 0.00 0.00 4.46 4.37 0.00 0.00 0.00 0.00 0.00 0.00 0.00 0.00 0.00 1.41 1.41 1.41 0.00 0.00 0.00 0.00 0.00 0.00 0.00 0.00 1.36 1.36 1.36 1.36 1.36 3.84 0.00 0.00 0.00 0.00 0.00 0.00 0.00 0.00 1.20 1.20 0.00
1.36 1.36 1.36 1.36 1.36 1.36 1.36 1.36 1.36 1.36 1.36 1.36 1.22 0.00 0.00 0.00 0.00 0.00 0.00 0.00 0.00 0.00 0.00 0.00 0.00 0.00 1.22 1.22 0.84 0.84 0.00 0.00 0.00 0.00 0.00 0.00 0.00 0.00 0.00 0.00 0.00 0.00 0.00 0.00 0.00 1.41 4.37 4.37 0.00 0.00 0.00 0.00 0.00 0.00 0.00 0.00 1.41 1.41 1.41 1.41 1.36 0.00 1.36 1.36 1.36 1.36 0.00 1.36 1.36 1.36 1.36 1.36 1.36 0.00 0.00 0.00 0.00 0.00 0.00 0.00 1.20 1.20 1.20 1.20
1.36 1.36 1.36 1.36 1.36 1.36 1.36 1.36 1.36 1.36 1.36 1.36 1.22 0.00 0.00 0.00 0.00 0.00 0.00 0.00 0.00 0.00 0.00 0.00 0.00 4.71 1.22 1.22 0.84 0.01 0.00 0.00 0.00 0.00 0.00 0.00 0.00 0.00 0.00 0.00 0.00 0.00 0.00 0.00 0.00 1.41 1.41 1.41 4.37 4.37 0.00 0.00 0.00 0.00 0.00 0.00 1.41 1.41 1.41 1.41 1.36 1.36 1.36 1.36 1.36 1.36 1.36 1.36 1.36 1.36 1.36 1.36 1.36 0.00 0.00 0.00 0.00 0.00 0.00 1.20 1.20 1.20 1.20 1.20
1.36 1.36 1.36 1.36 1.36 1.36 1.36 1.36 1.36 1.36 1.36 1.36 1.22 0.00 0.00 0.00 0.00 0.00 0.00 0.00 0.00 0.00 4.71 0.00 0.00 1.22 1.22 1.22 0.84 0.00 0.00 0.00 0.00 0.00 0.00 0.00 0.00 0.00 0.00 0.00 0.00 0.00 0.00 0.00 0.00 1.41 1.41 1.41 1.41 1.41 0.00 0.00 0.00 0.00 0.00 0.00 1.41 1.41 1.41 1.41 1.36 1.36 1.99 1.36 1.36 1.36 1.36 1.36 1.36 1.36 1.36 1.36 1.36 1.36 0.00 0.00 0.00 0.00 1.20 1.20 1.20 1.20 1.20 1.20
1.36 1.36 1.36 1.36 1.36 1.36 1.36 1.36 1.36 1.36 1.36 1.36 1.22 0.00 0.00 0.00 0.00 0.00 0.00 0.00 4.71 1.22 1.22 1.22 1.22 1.22 1.22 1.22 0.00 0.00 0.00 0.00 0.00 0.00 0.00 0.00 0.00 0.00 0.00 0.00 0.00 0.00 0.00 0.00 4.37 1.41 1.41 1.41 1.41 1.41 0.00 0.00 0.00 0.00 0.00 0.00 0.00 1.41 1.41 1.41 1.36 1.36 1.36 1.36 1.36 1.36 1.36 1.36 1.36 1.36 1.36 1.36 1.36 1.36 1.36 1.36 0.00 1.20 1.20 1.20 1.20 1.20 1.20 1.20
1.36 1.36 1.36 1.36 1.36 1.36 1.36 1.36 1.36 1.36 1.36 1.36 1.22 1.22 0.00 0.00 0.00 0.00 0.00 1.22 1.22 1.22 1.22 1.22 1.22 1.22 1.22 1.22 0.00 0.00 0.00 0.00 0.00 0.00 0.00 0.00 0.00 0.00 0.00 0.00 0.00 0.00 0.00 0.00 0.00 1.41 1.41 1.41 1.41 0.00 0.00 0.00 0.00 0.00 0.00 0.00 1.41 1.41 1.41 1.41 1.36 1.36 1.36 1.36 1.36 1.36 1.36 1.36 1.36 1.36 1.36 1.36 1.36 1.36 1.36 1.36 1.20 1.20 1.20 1.20 1.20 1.20 1.20 1.20
1.36 1.36 1.36 1.36 1.36 1.36 1.36 1.36 1.36 1.36 1.36 1.36 1.22 1.22 0.00 0.00 0.00 0.00 0.00 1.22 1.22 1.22 1.22 1.22 1.22 1.22 1.22 0.00 0.00 0.00 0.00 0.00 0.00 0.00 0.00 0.00 0.00 0.00 0.00 0.00 0.00 0.00 0.00 0.00 0.00 1.41 1.41 1.41 0.00 0.00 0.00 0.00 0.00 0.00 0.00 0.00 1.41 1.41 1.41 1.41 1.36 1.36 1.36 1.36 1.36 1.36 1.36 1.36 1.36 1.36 1.36 1.36 1.36 1.36 1.36 1.36 1.20 1.20 1.20 1.20 1.20 1.20 1.20 1.20
1.36 1.36 1.36 1.36 1.36 1.36 1.36 1.36 1.36 1.36 1.36 1.36 1.22 1.22 1.22 0.00 0.00 0.00 0.00 1.22 1.22 1.22 1.22 1.22 1.22 1.22 1.22 0.00 0.00 0.00 0.00 0.00 0.00 0.00 0.00 0.00 0.00 0.00 0.00 0.00 0.00 0.00 0.00 0.00 0.00 0.00 1.41 1.41 0.00 0.00 0.00 0.00 0.00 0.00 0.00 1.41 1.41 1.41 1.41 1.41 1.36 1.36 1.36 1.36 1.36 1.36 1.36 1.36 1.36 1.36 1.36 1.36 1.36 1.36 1.36 1.36 1.20 1.20 1.20 1.20 1.20 1.20 1.20 1.20
1.36 1.36 1.36 1.36 1.36 1.36 1.36 1.36 1.36 1.36 1.36 1.36 1.22 1.22 1.22 1.22 4.66 1.80 1.22 1.22 1.22 1.22 1.22 1.22 1.22 1.22 1.22 0.00 0.00 0.00 0.00 0.00 0.00 0.00 0.00 0.00 0.00 0.00 0.00 0.00 0.00 0.00 0.00 0.00 0.00 0.00 1.41 1.41 1.41 1.41 0.00 0.00 0.00 0.00 1.41 1.41 1.41 1.41 1.41 1.41 1.36 1.36 1.36 1.36 1.36 1.36 1.36 1.36 1.36 1.36 1.36 1.36 1.36 1.36 1.36 1.36 1.20 1.20 1.20 1.20 1.20 0.00 0.00 0.00
1.36 1.36 1.36 1.36 1.36 1.36 1.36 1.36 1.36 1.36 1.36 1.36 1.22 1.22 1.22 1.22 3.71 3.71 1.22 1.22 1.22 1.22 1.22 1.22 1.22 1.22 1.22 0.00 0.00 0.00 0.00 0.00 0.00 0.00 0.00 0.00 0.00 0.00 0.00 0.00 0.00 0.00 0.00 0.00 0.00 0.00 1.41 4.18 1.41 1.41 1.41 1.41 1.41 1.41 1.41 1.41 1.41 1.41 1.41 1.41 1.36 1.36 1.36 1.36 1.36 1.36 1.36 1.36 1.36 1.36 1.36 1.36 1.36 1.36 1.36 1.36 2.37 2.91 0.00 0.00 0.00 0.00 0.00 0.00
1.36 1.36 1.36 1.36 1.36 1.36 1.36 1.36 1.36 1.36 1.36 1.36 1.22 1.22 1.22 1.22 4.66 3.97 1.22 1.22 1.22 1.22 1.22 1.80 1.22 1.22 1.22 0.00 0.00 0.00 0.00 0.00 0.00 0.00 0.00 0.00 0.00 0.00 0.00 0.00 0.00 0.00 0.00 0.00 0.00 0.00 2.07 4.17 1.41 1.41 1.41 1.41 1.41 1.41 1.41 1.41 1.41 1.41 1.41 1.41 1.36 1.36 1.36 1.36 1.36 1.36 1.36 1.36 1.36 1.36 1.36 1.36 1.36 1.36 1.36 2.41 0.00 0.00 0.00 0.00 0.00 0.00 0.00 0.00
1.36 1.36 1.36 1.36 1.36 1.36 1.36 1.36 1.36 1.36 1.36 1.36 1.22 1.22 1.22 1.22 1.80 1.22 1.22 1.22 1.22 1.22 1.22 1.22 1.22 1.22 1.22 0.00 0.00 0.00 0.00 0.00 0.00 0.00 0.00 0.00 0.00 0.00 0.00 0.00 0.00 0.00 0.00 0.00 0.00 1.41 1.41 4.17 1.41 1.41 1.41 1.41 1.41 1.41 1.41 1.41 1.41 1.41 1.41 1.41 1.36 1.36 1.36 1.36 1.36 1.36 1.36 1.36 1.36 1.36 1.36 1.36 1.36 1.36 2.96 2.96 0.00 0.00 0.00 0.00 0.00 0.00 0.00 0.00
1.24 1.24 1.24 1.24 1.24 1.24 1.24 1.24 1.24 1.24 1.24 1.24 1.16 1.16 1.16 1.16 1.16 1.16 1.16 1.16 1.16 1.16 1.16 1.16 1.16 1.16 1.16 0.00 0.00 0.00 0.00 0.00 0.00 0.00 0.00 0.00 0.00 0.00 0.00 0.00 0.00 0.00 0.00 0.00 1.45 1.45 1.45 1.45 1.45 1.45 1.45 1.45 1.45 1.45 1.45 1.45 1.45 1.45 1.45 1.45 1.26 1.26 1.26 1.26 1.26 1.26 1.26 1.26 1.26 1.26 1.26 1.26 1.26 1.26 3.09 0.00 0.00 0.00 0.00 0.00 0.00 0.00 0.00 0.00
1.24 1.24 1.24 1.24 1.24 1.24 1.24 1.24 1.24 1.24 1.24 1.24 1.16 1.16 1.16 1.16 1.16 1.16 1.16 1.16 1.16 1.16 1.16 1.16 1.16 1.16 1.16 0.00 0.00 0.00 0.00 0.00 0.00 0.00 0.00 0.00 0.00 0.00 0.00 0.00 0.00 0.00 0.00 0.00 1.45 2.13 4.33 1.45 1.45 1.45 1.45 1.45 1.45 1.45 1.45 1.45 1.45 1.45 1.45 1.45 1.26 1.26 1.26 1.26 1.26 1.26 1.26 1.26 1.26 1.26 1.26 1.26 4.92 3.09 0.00 0.00 0.00 0.00 0.00 0.00 0.00 0.00 0.00 0.00
1.24 1.24 1.24 1.24 1.24 1.24 1.24 1.24 1.24 1.24 1.24 1.24 1.16 1.16 1.16 1.16 1.16 1.70 1.16 1.16 1.16 1.16 1.16 1.16 1.16 1.16 0.00 0.00 0.00 0.00 0.00 0.00 0.00 0.00 0.00 0.00 0.00 0.00 0.00 0.00 0.00 0.00 0.00 1.17 2.13 1.45 4.33 4.33 1.45 1.45 1.45 1.45 1.45 1.45 1.45 1.45 1.45 1.45 1.45 1.45 1.26 1.26 1.26 1.26 1.26 1.26 1.26 1.26 1.26 1.26 1.26 4.92 4.50 4.50 0.00 0.00 0.00 0.00 0.00 0.00 0.00 0.00 0.00 0.00
1.24 1.24 1.82 1.24 1.24 1.24 1.24 1.24 1.24 1.24 1.24 1.24 1.16 1.16 1.16 1.16 1.16 1.16 1.16 1.16 1.16 1.16 1.16 1.16 1.16 1.16 0.00 0.00 0.00 0.00 0.00 0.00 0.00 0.00 0.00 1.17 1.17 1.17 0.00 0.00 1.17 1.17 1.17 1.17 1.45 4.33 4.33 4.33 1.45 1.45 1.45 1.45 1.45 1.45 1.45 1.45 1.45 1.45 1.45 1.45 1.26 1.26 1.26 1.26 1.26 1.26 1.26 1.26 1.26 4.33 4.50 4.50 4.50 0.93 3.08 0.00 0.00 0.00 0.00 0.00 0.00 0.00 0.00 0.00
1.82 1.24 1.82 1.82 1.24 1.24 1.24 1.24 1.24 1.24 1.24 1.24 1.16 1.16 1.16 1.16 1.16 1.16 1.16 1.16 1.16 1.16 1.16 1.16 1.16 1.16 0.00 0.00 0.00 0.00 0.00 0.00 0.00 0.00 0.00 1.17 1.17 1.17 1.17 1.17 1.17 1.17 1.17 1.72 4.33 4.33 4.33 4.33 1.45 1.45 1.45 1.45 1.45 1.45 1.45 1.45 1.45 1.45 1.45 1.45 1.26 1.26 1.26 1.26 1.26 1.26 1.26 1.84 3.98 4.61 4.50 4.50 4.50 3.08 2.50 0.00 0.00 0.00 0.00 0.00 0.00 0.00 0.00 0.00
1.82 1.24 1.24 1.24 1.24 1.24 1.24 1.24 1.24 1.24 1.24 1.24 1.16 1.16 1.16 1.16 1.16 1.16 1.16 1.16 1.16 1.16 1.16 1.16 1.16 1.16 0.00 0.00 0.00 0.00 0.00 0.00 0.00 0.00 0.00 1.17 1.17 1.72 1.17 1.17 1.17 1.17 1.17 1.17 4.33 1.45 1.45 1.45 1.45 1.45 1.45 1.45 1.45 1.45 1.45 1.45 1.45 1.45 1.45 1.45 1.26 1.26 1.26 1.26 1.26 1.26 1.84 4.23 4.61 4.61 4.50 4.90 4.90 3.83 3.09 2.50 0.00 0.00 0.00 0.00 0.00 0.00 0.00 0.00
1.24 1.82 1.24 1.24 1.24 1.24 1.24 1.24 1.24 1.24 1.24 1.24 1.16 1.16 1.16 1.16 1.16 1.16 1.16 1.16 1.16 1.16 1.16 1.16 1.16 1.16 1.16 0.00 0.00 0.00 0.00 0.00 0.00 0.00 1.17 1.17 1.17 1.17 1.17 1.17 1.17 1.17 1.17 1.17 1.45 1.45 1.45 1.45 1.45 1.45 1.45 1.45 1.45 1.45 1.45 1.45 1.45 1.45 1.45 1.45 1.26 1.26 1.26 1.26 1.84 1.26 4.23 4.23 4.61 4.74 4.50 4.50 4.50 3.83 1.15 1.15 3.01 0.42 0.00 0.00 0.00 0.00 0.00 0.00
1.24 1.24 1.82 1.24 1.24 1.24 1.24 1.24 1.24 1.24 1.24 1.24 1.16 1.16 1.16 1.16 1.16 1.16 1.16 1.16 1.16 1.16 1.16 1.16 1.16 1.70 1.16 0.00 0.00 0.00 0.00 0.00 0.00 0.00 4.17 1.17 1.17 1.17 1.17 1.17 1.17 1.17 1.17 1.17 1.45 1.45 1.45 1.45 1.45 1.45 1.45 1.45 1.45 1.45 1.45 1.45 1.45 1.45 1.45 2.13 1.26 1.26 1.84 4.51 1.26 1.26 1.26 4.23 4.23 4.61 4.50 4.50 4.50 3.83 3.83 1.26 1.40 1.40 1.40 1.40 0.00 0.00 0.00 0.00
1.24 1.24 1.24 1.24 1.24 1.24 1.24 1.24 1.24 1.24 1.24 1.24 1.16 1.16 1.16 1.16 1.16 1.16 1.16 1.16 1.16 1.16 1.16 1.16 1.16 1.16 1.16 2.60 0.00 0.00 0.00 0.00 0.00 0.00 3.57 3.64 1.17 1.17 1.72 1.17 1.17 1.17 1.17 1.17 1.45 1.45 1.45 1.45 1.45 1.45 1.45 1.45 1.45 1.45 1.45 1.45 1.45 1.45 1.45 1.45 1.26 1.26 1.84 1.26 1.26 1.26 1.84 1.26 4.23 4.61 4.50 3.81 1.84 1.26 1.26 1.84 2.06 1.40 1.40 1.40 1.40 1.40 1.40 0.00
1.24 1.24 1.24 1.24 1.24 1.24 1.24 1.24 1.24 1.24 1.24 1.24 1.16 1.16 1.16 1.16 1.16 1.16 1.16 1.16 1.16 1.16 1.16 1.70 1.70 1.16 3.62 3.62 2.59 3.57 4.30 3.57 3.57 3.57 3.46 1.72 1.17 1.17 1.17 1.17 1.17 1.17 1.17 1.17 1.45 1.45 1.45 1.45 1.45 1.45 1.45 1.45 1.45 1.45 1.45 1.45 1.45 1.45 1.45 1.45 1.26 4.39 1.84 1.26 1.84 1.26 1.84 1.84 1.84 1.84 1.84 1.84 1.84 1.26 1.26 1.26 1.40 1.40 1.40 1.40 1.40 1.40 1.40 3.65
1.24 1.24 1.24 1.24 1.24 1.24 1.24 1.24 1.24 1.24 1.24 1.24 1.16 1.16 1.16 1.16 1.16 1.16 1.16 1.16 1.16 1.16 1.16 1.16 1.16 1.70 3.62 3.19 2.58 2.58 3.57 3.57 1.09 3.64 1.17 1.72 1.17 1.17 1.17 1.17 1.17 1.17 1.17 1.17 1.45 1.45 1.45 1.45 1.45 1.45 1.45 1.45 1.45 1.45 1.45 1.45 1.45 1.45 1.45 1.45 1.26 3.82 3.82 1.84 1.84 1.26 1.26 1.26 1.84 1.84 1.26 1.84 1.84 1.26 1.26 1.26 1.40 1.40 1.40 1.40 1.40 1.40 1.40 1.40
1.24 1.24 1.24 1.24 1.24 1.24 1.24 1.24 1.24 1.24 1.24 1.24 1.16 1.16 1.16 1.16 1.16 1.16 1.16 1.16 1.16 1.16 1.16 1.16 1.16 1.16 3.19 3.19 3.19 2.58 3.57 4.18 3.46 3.46 3.46 1.17 1.72 1.17 1.17 1.17 1.17 1.17 1.17 1.17 1.45 1.45 1.45 1.45 1.45 1.45 1.45 1.45 1.45 1.45 1.45 1.45 1.45 1.45 1.45 1.45 3.82 3.82 3.82 3.66 3.66 1.84 1.26 1.26 1.26 1.26 1.84 1.26 1.84 1.26 1.26 1.26 1.40 1.40 1.40 1.40 1.40 2.06 1.40 1.40
1.24 1.24 1.24 1.24 1.24 1.24 1.24 1.24 1.24 1.24 1.24 1.24 1.16 1.16 1.16 1.16 1.16 1.16 1.16 1.16 1.16 1.16 1.16 1.16 1.16 0.35 3.19 3.19 3.19 1.07 4.18 3.46 3.46 3.46 3.64 1.17 1.17 1.17 1.17 1.17 1.17 1.17 1.17 1.17 1.45 1.45 1.45 1.45 1.45 1.45 1.45 1.45 1.45 1.45 1.45 1.45 1.45 1.45 1.45 4.26 4.42 3.86 1.84 3.66 1.84 1.84 1.84 1.84 1.26 1.84 1.26 1.26 1.84 1.26 1.84 1.26 1.40 1.40 1.40 1.40 1.40 2.06 2.06 2.06
1.24 1.24 1.24 1.24 1.24 1.24 1.24 1.24 1.24 1.24 1.24 1.24 1.16 1.16 1.16 1.16 1.16 1.16 1.16 1.16 1.16 1.16 1.16 1.16 1.16 1.16 3.19 3.19 3.19 3.57 3.46 3.46 1.72 3.62 1.72 1.17 1.17 1.17 1.17 1.17 1.17 1.17 1.17 1.17 1.45 1.45 1.45 1.45 1.45 1.45 1.45 1.45 1.45 1.45 1.45 1.45 1.45 1.45 1.45 4.26 3.86 3.86 3.66 3.83 1.84 3.59 1.84 1.84 1.84 1.26 1.26 1.26 1.84 1.84 1.26 1.26 1.40 1.40 1.40 1.40 1.40 1.40 2.06 1.40
1.24 1.24 1.24 1.24 1.24 1.24 1.24 1.24 1.24 1.24 1.24 1.24 1.16 1.16 1.16 1.16 1.16 1.16 1.16 1.16 1.16 1.16 1.16 1.16 1.16 1.16 1.16 3.62 3.19 3.19 3.46 1.17 1.72 1.72 1.17 1.17 1.17 1.17 1.17 1.17 1.17 1.17 1.17 1.17 1.45 1.45 1.45 1.45 1.45 1.45 1.45 1.45 1.45 1.45 1.45 1.45 1.45 1.45 1.45 1.45 1.26 1.84 1.84 1.84 3.73 1.84 1.84 3.77 1.84 1.26 1.26 1.26 1.84 1.84 1.26 1.26 1.40 1.40 1.40 1.40 2.06 1.40 1.40 1.40
1.24 1.24 1.24 1.82 1.24 1.24 1.24 1.24 1.24 1.24 1.24 1.24 1.16 1.16 1.16 1.16 1.16 1.16 1.16 1.16 1.16 1.16 1.16 1.16 1.16 1.16 1.16 3.62 3.57 3.23 3.66 1.17 1.72 1.17 1.17 1.17 1.17 1.17 1.17 1.17 1.17 1.17 1.17 1.72 1.45 1.45 1.45 1.45 1.45 1.45 1.45 1.45 1.45 1.45 1.45 1.45 1.45 1.45 1.45 4.19 1.84 1.84 1.84 1.84 1.84 3.73 1.84 3.77 3.77 1.84 1.84 1.26 1.26 1.26 1.26 1.26 1.40 1.40 1.40 1.40 1.40 2.06 2.06 2.06
