New_Model_Runs/15_Future_RCP8.5_Scn2_out/post_prcessed_with_MFR/Monthly_summaries/actual_et_monthly_APR.asc
NCOLS 700
NROWS 400
XLLCENTER 515000.000000
YLLCENTER 8409000.000000
CELLSIZE 50.000000
NODATA_value -999.000000
[rows 152 to 189 of 400, columns 252 to 335 of 700]
0.00 0.00 0.00 0.00 0.00 0.00 0.00 0.00 0.00 0.00 0.00 0.00 0.00 0.00 0.00 0.00 0.00 0.00 0.00 0.00 0.00 0.00 0.00 0.00 0.00 0.00 0.00 0.00 0.00 0.00 0.00 0.00 0.00 0.00 0.00 0.00 0.00 0.00 0.00 0.00 0.00 0.00 0.00 0.00 0.00 0.00 0.00 0.77 0.77 0.77 0.77 0.77 1.16 1.16 1.16 1.16 1.16 1.16 1.16 1.16 1.16 1.16 1.16 1.16 1.16 1.16 1.16 1.16 1.04 1.04 1.04 1.04 1.04 1.04 1.04 3.77 1.04 1.04 1.04 3.71 3.71 3.71 3.71 3.71
0.00 0.00 0.00 0.00 0.00 0.00 0.00 0.00 0.00 0.00 0.00 0.00 0.00 0.00 0.00 0.00 0.00 0.00 0.00 0.00 0.00 0.00 0.00 0.00 0.00 0.00 0.00 0.00 0.00 0.00 0.00 0.00 0.00 0.00 0.00 0.00 0.00 0.00 0.00 0.00 0.00 0.00 0.00 0.00 0.00 0.00 0.77 0.77 0.77 0.77 0.77 0.77 1.16 1.16 1.16 1.16 1.16 1.16 1.16 1.16 1.16 1.16 1.16 1.16 1.16 1.16 1.16 1.16 1.04 1.04 1.04 1.04 1.04 1.04 3.71 3.71 1.04 1.04 1.04 3.71 3.71 3.06 3.77 3.77
0.00 0.00 0.00 0.00 0.00 0.00 0.00 0.00 0.00 0.00 0.00 0.00 0.00 0.00 0.00 0.00 0.00 0.00 0.00 0.00 0.00 0.00 0.00 0.00 0.00 0.00 0.00 0.00 0.00 0.00 0.00 0.00 0.00 0.00 0.00 0.00 0.00 0.00 0.00 0.00 0.00 0.00 0.00 0.00 0.00 0.77 0.77 0.77 0.77 0.77 0.77 0.77 1.16 1.16 1.16 1.16 1.16 1.16 1.16 1.16 1.16 1.16 1.16 1.16 1.16 1.16 1.16 1.16 1.04 1.04 1.52 1.04 1.04 3.71 3.71 3.71 1.11 3.71 3.71 3.06 1.04 0.31 3.10 1.52
0.00 0.00 0.00 0.00 0.00 0.00 0.00 0.00 0.00 0.00 0.00 0.00 0.00 0.00 0.00 0.00 0.00 0.00 0.00 0.00 0.00 0.00 0.00 0.00 0.00 0.00 0.00 0.00 0.00 0.00 0.00 0.00 0.00 0.00 0.00 0.00 0.00 0.00 0.00 0.00 0.00 0.00 0.00 0.00 0.00 0.77 0.77 0.77 0.77 0.77 0.77 0.77 1.16 1.16 1.16 1.16 1.16 1.16 1.16 1.16 1.16 1.16 1.16 1.16 1.16 1.16 1.16 1.16 1.04 1.04 1.04 1.04 1.04 1.04 3.71 1.11 3.71 1.04 3.10 1.04 1.04 1.04 1.04 1.52
0.00 0.00 0.00 0.00 0.00 0.00 0.00 0.00 0.00 0.00 0.00 0.00 0.00 0.00 0.00 0.00 0.00 0.00 0.00 0.00 0.00 0.00 0.00 0.00 0.00 0.00 0.00 0.00 0.00 0.00 0.00 0.00 0.00 0.00 0.00 0.00 0.00 0.00 0.00 0.00 0.00 0.00 0.00 0.00 2.98 0.77 0.77 0.77 0.77 0.77 0.77 0.77 1.16 1.16 1.16 1.16 1.16 1.16 1.16 1.16 1.16 1.16 1.16 1.16 1.16 1.16 1.16 1.16 1.04 1.04 1.04 1.04 1.04 1.04 1.04 2.67 1.04 1.04 1.04 1.04 1.04 1.04 1.04 1.52
0.00 0.00 0.00 0.00 0.00 0.00 0.00 0.00 0.00 0.00 0.00 0.00 0.00 0.00 0.00 0.00 0.00 0.00 0.00 0.00 0.00 0.00 0.00 0.00 0.00 0.00 0.00 0.00 0.00 0.00 0.00 0.00 0.00 0.00 0.00 0.00 0.00 0.00 0.00 0.00 0.00 0.00 0.00 0.00 0.77 0.77 0.77 0.77 0.77 0.77 0.77 0.77 1.16 1.16 1.16 1.16 1.16 1.16 1.16 1.16 1.16 1.16 1.16 1.16 1.16 1.16 1.16 1.16 1.04 1.04 1.04 1.04 1.04 1.04 1.04 3.71 1.04 1.04 1.04 1.04 1.04 1.04 1.04 1.52
0.00 0.00 0.00 0.00 0.00 0.00 0.00 0.00 0.00 0.00 0.00 0.00 0.00 0.00 0.00 0.00 0.00 0.00 0.00 0.00 0.00 0.00 0.00 0.00 0.00 0.00 0.00 2.91 0.00 0.00 0.00 0.00 0.00 0.00 0.00 0.00 0.00 0.00 0.00 0.00 0.00 0.00 0.00 0.00 0.77 0.77 0.77 0.77 0.77 0.77 0.77 0.77 1.16 1.16 1.16 1.16 1.16 1.16 1.16 1.16 1.16 1.16 1.16 1.16 1.16 1.16 1.16 1.16 1.04 1.04 1.04 1.04 1.04 1.04 1.04 3.71 1.04 1.04 1.04 1.04 1.04 1.04 1.04 1.04
0.00 0.00 0.00 0.00 0.00 0.00 0.00 0.00 0.00 0.00 0.00 0.00 0.00 0.00 0.00 0.00 0.00 0.00 0.00 0.00 0.00 0.00 0.00 0.00 0.00 0.00 0.74 0.74 0.00 0.00 0.00 0.00 0.00 0.00 0.00 0.00 0.00 0.00 0.00 0.00 0.00 0.00 0.00 0.00 0.00 0.00 0.77 0.77 0.77 0.77 0.77 0.77 1.16 1.16 1.16 1.16 1.16 1.16 1.16 1.16 1.16 1.16 1.16 1.16 1.16 1.16 1.16 1.16 1.04 1.04 1.04 1.04 3.06 3.71 3.71 3.71 3.71 1.04 1.04 1.04 1.04 1.04 1.04 1.04
0.00 0.00 0.00 0.00 0.00 0.00 0.00 0.00 0.00 0.00 0.00 0.00 0.00 0.00 0.00 0.00 0.00 0.00 0.00 0.00 0.00 0.00 0.00 0.00 0.00 0.74 0.74 0.74 0.74 0.00 0.00 0.00 0.00 0.00 0.00 0.00 0.00 0.00 0.00 0.00 0.00 0.00 0.00 0.00 0.00 0.00 0.00 0.00 0.77 0.77 0.77 1.12 1.16 1.16 1.16 1.16 1.16 1.16 1.16 1.16 1.16 1.16 1.16 1.16 1.16 1.16 1.16 1.16 1.04 1.04 1.04 1.04 3.71 3.71 1.11 1.11 3.06 1.04 1.04 1.04 1.04 1.04 1.04 1.04
0.00 0.00 0.00 0.00 0.00 0.00 0.00 0.00 0.00 0.00 0.00 0.00 0.00 0.00 0.00 0.00 0.00 0.00 0.00 0.00 0.00 0.00 0.00 0.00 0.00 0.74 0.74 0.74 0.74 0.74 0.74 0.00 0.00 0.00 0.00 0.00 0.00 0.00 0.00 0.00 0.00 0.00 0.00 0.00 0.00 0.00 0.00 0.00 0.00 0.00 0.77 0.77 1.16 1.16 1.16 1.16 1.16 1.16 1.16 1.16 1.16 1.16 1.16 1.16 1.16 1.16 1.16 1.16 1.04 1.04 3.06 3.71 3.06 2.67 3.71 1.04 1.52 3.06 1.04 1.04 1.04 1.04 1.04 1.04
0.00 0.00 0.00 0.00 0.00 0.00 0.00 0.00 0.00 0.00 0.00 0.00 0.00 0.00 0.00 0.00 0.00 0.00 0.00 0.00 0.00 0.00 0.00 0.00 0.00 1.15 1.15 1.15 1.15 1.15 1.15 0.00 0.00 0.00 0.00 0.00 0.00 0.00 0.00 0.00 0.00 0.00 0.00 0.00 0.00 0.00 0.00 0.00 0.00 0.00 1.02 1.02 1.17 1.17 1.17 1.17 1.17 1.17 1.17 1.17 1.17 1.17 1.17 1.17 1.17 1.17 1.71 1.17 1.13 1.13 3.27 3.27 3.27 3.27 1.13 1.13 3.96 3.27 1.13 1.13 1.13 1.13 1.13 1.13
0.00 0.00 0.00 0.00 0.00 0.00 0.00 0.00 0.00 0.00 0.00 0.00 0.00 0.00 0.00 0.00 0.00 0.00 0.00 0.00 0.00 0.00 0.00 0.00 1.15 1.15 1.15 1.15 1.15 1.15 1.68 1.68 1.15 0.00 1.15 1.15 0.00 0.00 0.00 0.00 0.00 0.00 0.00 0.00 0.00 0.00 0.00 0.00 0.00 0.00 0.31 1.02 1.17 1.17 1.71 1.17 1.17 1.17 1.17 1.17 1.17 1.17 1.17 1.17 1.17 1.17 1.17 1.17 1.13 1.13 3.27 3.27 3.27 3.27 1.13 1.13 3.96 3.96 1.13 1.13 1.13 1.13 1.13 1.13
0.00 0.00 0.00 0.00 0.00 0.00 0.00 0.00 0.00 0.00 0.00 0.00 0.00 0.00 0.00 0.00 0.00 0.00 0.00 0.00 0.00 0.00 0.00 1.15 1.15 1.15 1.15 1.15 1.15 1.15 1.15 1.68 1.68 1.68 1.15 1.15 1.02 1.02 0.00 0.00 0.00 0.00 0.00 0.00 0.00 0.00 0.00 0.00 0.00 0.00 0.00 3.67 1.17 0.35 1.17 1.17 1.71 1.17 1.17 1.17 1.17 1.17 1.17 1.17 1.17 1.17 1.17 1.17 1.13 1.13 3.32 3.32 3.27 3.96 1.13 1.13 1.13 1.13 1.13 1.13 1.13 1.13 1.13 1.13
0.00 0.00 0.00 0.00 0.00 0.00 0.00 0.00 0.00 0.00 0.00 0.00 0.00 0.00 0.00 0.00 0.00 0.00 0.00 0.00 1.15 1.15 1.15 1.15 1.15 1.15 1.15 1.15 1.15 1.15 1.15 1.15 3.52 1.15 3.52 1.15 1.02 1.02 1.02 0.00 0.00 0.00 0.00 0.00 0.00 0.00 0.00 0.00 0.00 0.00 0.00 2.65 2.87 4.04 4.04 1.17 1.17 1.71 1.71 1.17 1.17 1.17 1.17 1.17 1.17 1.17 1.17 1.17 1.13 1.13 1.13 1.13 3.32 3.46 4.02 1.13 1.13 1.13 1.13 1.13 1.13 1.13 1.66 1.13
0.00 0.00 0.00 0.00 0.00 0.00 0.00 0.00 0.00 0.00 0.00 0.00 0.00 0.00 0.00 0.00 4.16 1.20 0.00 0.00 1.15 1.15 1.15 1.15 1.15 1.15 1.15 1.15 1.15 1.15 1.15 1.15 1.15 1.15 1.15 1.15 1.02 1.50 1.50 3.06 1.50 0.00 0.00 0.00 0.00 0.00 0.00 0.00 0.00 0.00 0.00 2.65 2.87 4.04 4.04 4.04 3.34 3.34 1.17 1.17 1.17 1.71 1.71 1.17 1.17 1.17 1.17 1.17 1.13 1.13 1.13 1.13 1.13 3.32 3.32 1.13 1.13 1.13 1.13 1.13 1.13 1.13 1.13 1.13
0.00 0.00 0.00 0.00 0.00 0.00 0.00 0.00 0.00 0.00 0.00 0.00 0.00 0.00 0.00 0.00 1.20 1.20 1.20 1.20 1.15 1.15 1.15 1.68 1.68 1.15 1.15 1.15 1.15 1.15 1.15 1.15 1.15 1.15 1.15 1.15 1.02 1.50 1.50 1.50 1.50 0.00 0.00 0.00 0.00 0.00 0.00 0.00 0.00 0.00 0.00 1.10 2.87 1.21 4.04 4.04 3.49 3.39 1.17 1.17 1.71 1.71 1.71 1.71 1.17 1.17 1.17 1.17 1.13 1.13 1.13 1.13 1.13 3.32 3.32 1.13 1.13 1.13 1.13 1.66 1.66 1.13 1.13 1.13
0.00 0.00 0.00 0.00 0.00 0.00 0.00 0.00 0.00 0.00 0.00 0.00 0.00 4.16 1.20 4.16 1.20 1.20 1.20 1.20 1.15 1.15 1.15 1.15 1.15 1.15 1.15 1.15 1.15 1.15 1.15 1.15 1.15 1.15 1.15 1.15 1.02 1.02 1.50 1.50 1.50 0.00 0.00 0.00 0.00 0.00 0.00 0.00 0.00 0.00 0.31 0.31 2.87 1.21 4.04 3.34 3.49 3.39 1.17 1.17 1.17 1.17 1.17 1.17 1.17 1.17 1.17 1.17 1.13 1.13 1.13 1.13 1.13 1.13 1.13 1.13 1.13 1.13 1.13 1.13 1.66 1.66 1.13 1.13
0.00 0.00 0.00 0.00 0.00 0.00 0.00 0.00 0.00 0.00 0.00 0.00 4.16 1.20 1.20 1.20 1.20 1.20 1.20 1.20 1.15 1.15 1.15 1.15 1.15 1.15 1.15 1.15 1.15 1.15 1.15 1.15 1.15 1.15 1.15 1.68 1.50 1.50 1.50 1.02 0.00 0.00 0.00 0.00 0.00 0.00 0.00 0.00 0.00 0.31 1.02 1.02 1.17 4.04 4.04 4.04 3.49 3.54 1.17 1.17 1.17 1.71 1.17 1.17 1.17 1.17 1.17 1.17 1.13 1.13 1.13 1.13 1.13 1.13 1.13 1.13 1.13 1.13 1.13 1.66 1.13 1.13 1.13 1.13
0.00 0.00 0.00 0.00 0.00 0.00 0.00 0.00 0.00 0.00 0.00 0.00 1.20 1.20 1.76 1.20 1.20 1.20 1.20 1.76 1.68 1.15 1.15 1.15 1.15 1.15 1.15 1.15 1.15 1.15 1.15 1.15 1.15 1.68 1.68 1.68 1.50 1.50 1.02 0.31 3.67 0.00 0.00 0.00 0.00 0.00 0.00 0.00 0.31 1.02 1.02 1.02 1.17 3.39 3.34 4.04 1.71 3.49 3.34 3.34 1.17 1.17 1.17 1.17 1.17 1.17 1.17 1.17 1.13 1.13 1.13 1.13 1.13 1.13 1.13 1.13 1.13 1.13 1.13 1.13 1.13 1.13 1.13 1.13
0.00 0.00 0.00 0.00 0.00 0.00 0.00 0.00 0.00 0.00 0.00 4.16 1.20 1.20 1.76 1.20 1.20 1.20 1.20 1.20 1.15 1.15 1.15 1.15 1.15 1.15 1.15 1.15 1.15 1.15 1.15 1.15 1.68 1.68 1.68 1.68 1.50 1.50 3.78 0.31 3.67 3.67 0.00 0.00 0.00 0.00 0.00 1.10 1.02 1.02 1.02 1.02 1.17 1.17 3.34 4.04 4.04 4.04 3.34 1.05 3.54 1.17 1.17 1.17 1.17 1.17 1.17 1.17 1.13 1.13 1.13 1.13 1.13 1.13 1.13 1.13 1.13 1.13 1.13 1.13 1.13 1.13 1.13 1.13
0.00 0.00 0.00 0.00 0.00 0.00 0.00 0.00 0.00 0.00 1.20 1.20 1.20 1.20 1.76 1.20 1.20 1.20 1.20 1.20 1.15 1.15 1.15 1.15 1.15 1.15 1.15 1.15 1.15 1.15 1.15 1.15 1.15 1.68 1.15 1.15 1.02 1.50 1.50 1.50 1.50 2.65 2.65 2.65 0.00 0.00 1.10 2.65 1.02 1.02 1.02 1.02 1.17 1.17 1.17 4.04 3.34 3.34 1.17 1.17 1.17 1.17 1.17 1.17 1.17 1.17 1.17 1.17 1.13 1.13 1.13 1.13 1.13 1.13 1.13 1.13 1.13 1.13 1.13 1.13 1.13 1.13 1.13 1.13
0.00 0.00 0.00 0.00 0.00 0.00 0.00 0.00 0.00 0.00 1.20 1.20 1.20 1.20 1.20 1.20 1.20 1.20 1.20 1.20 1.15 1.15 1.15 1.15 1.15 1.15 1.15 1.15 1.15 1.15 1.15 1.15 1.15 1.15 1.15 1.15 1.02 1.02 1.50 1.50 3.67 1.10 1.10 2.65 2.65 1.10 1.10 1.02 1.50 1.02 1.50 1.02 1.17 1.17 1.17 1.17 1.17 1.17 1.17 1.17 1.17 1.17 1.17 1.17 1.17 1.17 1.17 1.17 1.13 1.13 1.13 1.13 1.13 1.13 1.13 1.13 1.13 1.13 1.13 1.13 1.13 1.13 1.13 1.13
0.00 0.00 0.00 0.00 0.00 0.00 0.00 0.00 0.00 0.00 0.00 1.20 1.20 1.20 1.20 1.20 1.20 1.20 1.20 1.20 1.15 1.15 1.15 1.15 1.15 1.15 1.15 1.15 1.15 1.15 1.15 1.15 1.15 1.15 1.15 1.15 1.02 1.50 1.02 1.50 1.13 3.67 1.10 2.65 1.12 3.03 3.03 3.03 1.02 1.50 3.06 1.02 1.17 1.17 1.17 1.17 1.17 1.17 1.17 1.17 1.17 1.71 1.17 1.17 1.17 1.17 1.17 1.17 1.13 1.13 1.13 1.13 1.13 1.13 1.13 1.13 1.13 1.13 1.13 1.13 1.13 1.13 1.13 1.13
0.00 0.00 0.00 0.00 0.00 0.00 0.00 0.00 0.00 0.00 0.00 1.20 1.20 1.20 1.20 1.20 1.20 1.20 1.20 1.20 1.15 1.15 1.15 1.15 1.15 1.15 1.15 1.15 1.15 1.15 1.15 1.15 1.15 1.15 1.15 1.15 1.02 1.02 1.50 1.02 3.09 3.67 3.67 3.73 3.06 3.06 3.03 1.02 1.02 1.02 3.03 1.02 1.17 1.17 1.17 1.17 1.17 1.17 1.17 1.17 1.17 1.17 1.17 1.17 1.17 1.17 1.17 1.17 1.13 1.13 1.13 1.13 1.13 1.13 1.13 1.13 1.13 1.13 1.13 1.13 1.13 1.13 1.13 1.13
0.00 0.00 0.00 0.00 0.00 0.00 0.00 0.00 0.00 0.00 0.00 0.00 1.20 1.20 1.20 1.20 1.20 1.20 1.20 1.20 1.15 1.15 1.15 1.15 1.15 1.15 1.15 1.15 1.15 1.15 1.15 1.15 1.15 1.15 1.68 1.15 1.02 1.02 1.02 1.02 3.09 3.67 3.67 3.73 3.19 3.06 3.06 1.02 1.02 1.02 1.02 1.02 1.17 1.17 1.17 1.17 1.17 1.17 1.17 1.17 1.17 1.17 1.17 1.17 1.17 1.17 1.17 1.17 1.13 1.13 1.13 1.13 1.13 1.13 1.13 1.13 1.13 1.13 1.13 1.13 1.13 1.13 1.13 1.13
0.00 0.00 0.00 0.00 0.00 0.00 0.00 0.00 0.00 0.00 0.00 1.20 1.20 1.20 1.20 1.20 1.20 1.20 1.20 1.20 1.15 1.15 1.15 1.15 1.15 1.15 1.15 1.15 1.15 1.15 1.15 1.15 1.15 1.68 1.68 1.15 3.20 1.50 1.02 3.03 3.03 3.16 3.67 3.73 3.19 3.06 1.02 1.02 1.02 1.02 1.02 1.02 1.17 1.17 1.17 1.17 1.17 1.17 1.17 1.17 1.17 1.17 1.17 1.17 1.17 1.17 1.17 1.17 1.13 1.13 1.13 1.13 1.13 1.13 1.13 1.13 1.13 1.13 1.13 1.13 1.13 1.13 1.13 1.13
0.00 0.00 0.00 0.00 1.11 0.00 0.00 0.00 0.00 0.00 1.11 1.11 1.11 1.11 1.11 1.11 1.11 1.11 1.11 1.11 1.10 1.10 1.10 1.10 1.10 1.10 1.10 1.10 1.10 1.10 1.10 1.62 1.10 1.10 1.62 1.62 1.52 1.03 1.03 1.03 3.05 3.05 3.05 3.05 3.05 1.03 1.03 1.03 1.03 1.03 1.03 1.03 1.06 1.06 1.06 1.06 1.06 1.06 1.06 1.06 1.06 1.06 1.06 1.06 1.06 1.06 1.06 1.06 0.91 0.91 0.91 0.91 0.91 3.00 0.91 0.91 0.91 1.33 0.91 0.91 0.91 0.91 0.91 0.91
0.00 0.00 0.00 1.22 1.11 1.11 0.00 0.00 0.00 1.64 1.64 1.11 1.11 1.11 1.11 1.11 1.11 1.11 1.11 1.11 1.10 1.10 1.10 1.10 1.10 1.10 1.10 1.10 1.10 1.10 1.10 1.10 1.10 1.10 1.62 1.10 1.03 1.52 1.52 1.03 3.05 3.05 3.05 3.05 3.05 3.05 1.03 1.03 1.03 1.03 1.03 1.03 1.06 1.06 1.06 1.06 1.06 1.06 1.06 1.06 1.06 1.06 1.06 1.06 1.06 1.06 1.06 1.06 0.91 0.91 0.91 0.91 0.91 3.00 0.91 0.91 0.91 0.91 0.91 0.91 0.91 0.91 0.91 0.91
1.22 1.22 1.22 1.79 1.11 1.11 1.11 1.11 1.11 1.64 1.64 1.11 1.11 1.11 1.11 1.11 1.11 1.11 1.11 1.11 1.10 1.10 1.10 1.10 1.10 1.10 1.10 1.10 1.10 1.10 1.10 1.10 1.10 1.10 1.10 1.10 1.03 1.03 1.03 1.03 3.05 3.05 3.05 3.05 3.05 3.05 1.03 1.03 1.03 1.03 1.03 1.03 1.06 1.06 1.06 1.06 1.06 1.06 1.06 1.06 1.06 1.06 1.06 1.06 1.06 1.06 1.06 1.06 0.91 0.91 3.00 0.91 0.91 0.91 0.91 0.91 0.91 0.91 0.91 0.91 0.91 0.91 0.91 0.91
1.22 1.22 1.22 1.22 1.11 1.11 1.11 1.11 1.11 1.64 1.11 1.64 1.11 1.11 1.11 1.11 1.11 1.11 1.11 1.11 1.10 1.10 1.10 1.10 1.10 1.10 1.10 1.10 1.10 1.10 1.10 1.10 1.10 1.10 1.10 1.10 1.03 3.05 3.05 3.05 3.05 3.05 3.05 3.05 3.05 3.05 1.03 1.03 1.03 1.03 1.03 1.03 1.06 1.06 1.06 1.06 1.06 1.06 1.06 1.06 1.06 1.06 1.06 1.06 1.06 1.06 1.06 1.06 0.91 0.91 0.91 0.91 0.91 3.00 0.91 0.91 0.91 0.91 0.91 0.91 0.91 0.91 0.91 3.00
1.22 1.22 1.22 1.22 1.11 1.11 1.11 1.11 1.11 1.11 1.64 1.64 1.11 1.11 1.11 1.11 1.11 1.11 1.11 1.11 1.10 1.10 1.10 1.10 1.10 1.10 1.10 1.10 1.10 1.10 1.10 1.10 1.10 1.10 1.10 1.10 1.03 1.03 1.03 3.05 3.70 1.52 1.03 1.03 3.05 3.05 1.03 1.52 1.03 1.03 1.03 1.03 1.06 1.06 1.06 1.06 1.06 1.06 1.06 1.06 1.06 1.06 1.06 1.06 1.06 1.06 1.06 1.06 0.91 0.91 0.91 0.91 0.91 1.33 0.91 0.91 0.91 0.91 0.91 0.91 0.91 0.91 3.00 3.00
1.22 1.22 1.22 1.22 1.11 1.11 1.11 1.11 1.11 1.11 1.11 1.11 1.11 1.64 1.11 1.11 1.11 1.11 1.11 1.11 1.10 1.10 1.10 1.10 1.10 1.10 1.10 1.10 1.10 1.10 1.10 1.10 1.10 1.10 1.10 1.10 1.03 1.03 1.03 3.70 1.03 1.03 1.03 1.03 3.09 3.05 1.03 1.52 1.03 1.03 1.03 1.03 1.06 1.06 1.06 1.06 1.06 1.06 1.06 1.06 1.06 1.06 1.06 1.06 1.06 1.06 1.06 1.06 0.91 0.91 0.91 0.91 0.91 1.33 1.33 0.91 0.91 1.33 3.00 0.91 0.91 0.91 3.00 3.00
1.22 1.22 1.22 1.22 1.11 1.11 1.11 1.11 1.11 1.11 1.11 1.64 1.11 1.64 1.64 1.11 1.11 1.11 1.11 1.11 1.10 1.10 1.10 1.10 1.10 1.10 1.10 1.10 1.10 1.10 1.10 1.10 1.10 1.10 1.10 1.10 1.03 1.03 1.52 3.23 1.03 1.03 1.03 1.03 3.09 3.09 1.03 1.03 1.03 1.03 1.03 1.03 1.06 1.06 1.06 1.06 1.06 1.06 1.06 1.06 1.06 1.06 1.06 1.06 1.06 1.06 1.06 1.06 0.91 0.91 0.91 0.91 0.91 0.91 0.91 1.33 1.33 0.91 0.91 0.91 3.00 3.00 3.00 3.00
1.22 1.22 1.22 1.22 1.11 1.11 1.11 1.11 1.11 1.11 1.11 1.63 1.63 1.11 1.11 1.11 1.11 1.11 1.11 1.11 1.10 1.10 1.10 1.10 1.10 1.10 1.10 1.10 1.10 1.10 1.10 1.10 1.10 1.10 1.10 1.10 1.03 1.03 1.03 3.70 1.03 1.03 1.03 1.03 3.09 1.03 1.03 1.03 1.03 1.03 1.03 1.03 1.06 1.06 1.06 1.06 1.06 1.06 1.06 1.06 1.06 1.06 1.06 1.06 1.06 1.06 1.06 1.06 0.91 0.91 0.91 0.91 0.91 0.91 0.91 0.91 0.91 1.33 0.91 0.91 3.00 3.00 3.00 3.00
1.22 1.22 1.22 1.22 1.11 1.11 1.11 1.11 1.11 1.11 1.11 1.11 1.11 1.11 1.11 1.11 1.11 1.11 1.11 1.11 1.10 1.10 1.10 1.10 1.10 1.10 1.10 1.10 1.10 1.10 1.10 1.10 1.10 1.10 1.10 1.10 1.03 1.03 1.03 1.03 1.03 1.03 1.03 1.03 1.03 1.03 1.03 1.03 1.03 1.03 1.03 1.03 1.06 1.06 1.06 1.06 1.06 1.06 1.06 1.06 1.06 1.06 1.06 1.06 1.06 1.06 1.06 1.06 0.91 0.91 0.91 0.91 0.91 0.91 0.91 0.91 0.91 0.91 0.91 0.91 3.00 3.00 3.00 3.00
1.22 1.22 1.22 1.22 1.11 1.11 1.11 1.11 1.11 1.11 1.11 1.11 1.11 1.11 1.11 1.11 1.11 1.11 1.11 1.11 1.10 1.10 1.10 1.10 1.10 1.10 1.10 1.10 1.10 1.10 1.10 1.10 1.10 1.10 1.10 1.10 1.03 1.03 1.03 1.03 1.03 1.03 1.03 1.03 1.03 1.03 1.03 1.03 1.03 1.03 1.03 1.03 1.06 1.06 1.06 1.06 1.06 1.06 1.06 1.06 1.06 1.06 1.06 1.06 1.06 1.06 1.06 1.06 0.91 0.91 0.91 0.91 0.91 0.91 0.91 0.91 0.91 0.91 0.91 0.91 3.00 3.00 3.00 3.00
1.22 1.22 1.22 1.22 1.11 1.11 1.11 1.11 1.11 1.11 1.11 1.11 1.11 1.11 1.11 1.11 1.11 1.11 1.11 1.11 1.10 1.10 1.10 1.10 1.10 1.10 1.10 1.10 1.10 1.10 1.10 1.10 1.10 1.10 1.10 1.10 1.03 1.03 1.03 1.03 1.03 1.03 1.03 1.03 1.03 1.03 1.03 1.03 1.03 1.03 1.03 1.03 1.06 1.06 3.39 1.06 1.06 1.06 1.06 1.06 1.06 1.06 1.06 1.06 1.06 1.06 1.06 1.06 0.91 0.91 0.91 0.91 0.91 0.91 0.91 0.91 0.91 0.91 0.91 0.91 3.00 3.00 3.00 3.00
1.22 1.22 1.22 1.22 1.11 1.11 1.11 1.11 1.11 1.11 1.11 1.11 1.11 1.11 1.11 1.11 1.11 1.11 1.11 1.11 1.10 1.10 1.10 1.10 1.10 1.10 1.10 1.10 1.10 1.10 1.10 1.10 1.10 1.10 1.10 1.10 1.03 1.03 1.03 1.03 1.03 1.03 1.03 1.03 1.03 1.03 1.03 1.03 1.03 1.03 1.03 1.03 1.06 1.06 1.06 1.06 1.06 1.06 1.06 1.06 1.06 1.06 1.06 1.06 1.06 1.06 1.06 1.06 0.91 0.91 0.91 0.91 0.91 0.91 0.91 0.91 0.91 0.91 0.91 0.91 0.91 3.00 3.00 3.00
