New_Model_Runs/15_Future_RCP8.5_Scn2_out/post_prcessed_with_MFR/Monthly_summaries/actual_et_monthly_JUN.asc
NCOLS 700
NROWS 400
XLLCENTER 515000.000000
YLLCENTER 8409000.000000
CELLSIZE 50.000000
NODATA_value -999.000000
[rows 228 to 265 of 400, columns 252 to 335 of 700]
0.74 0.74 0.74 0.74 0.66 0.96 0.66 0.66 0.96 0.96 0.66 2.08 0.96 0.66 0.96 0.66 0.66 0.66 0.66 0.66 0.80 0.80 0.80 0.80 0.80 0.80 0.80 1.17 0.80 0.80 1.17 2.66 2.66 2.66 2.66 2.66 0.69 0.69 0.69 0.69 2.71 2.71 0.69 0.69 0.69 0.69 2.19 0.69 1.01 1.01 1.01 2.71 1.11 0.76 2.04 0.89 2.04 2.04 2.97 2.97 2.29 2.39 2.39 0.76 0.76 2.97 2.97 0.00 1.87 0.00 0.00 0.00 0.00 0.00 0.00 0.00 0.00 0.00 0.00 0.00 0.00 0.00 0.00 0.00
0.74 0.74 0.74 0.74 0.66 0.66 0.66 0.66 0.66 2.19 0.96 0.96 0.96 0.96 0.96 0.66 0.66 0.66 0.66 0.66 0.80 0.80 0.80 0.80 0.80 0.80 0.80 0.80 0.80 0.80 0.80 0.80 0.80 0.80 0.80 0.80 0.69 0.69 0.69 0.69 2.71 2.30 2.71 2.71 2.71 0.69 0.69 0.69 0.69 0.69 1.90 2.71 2.04 2.04 2.97 2.97 0.89 2.97 0.76 2.52 2.97 2.97 2.52 2.52 2.97 0.00 0.00 0.00 0.00 0.00 0.00 0.00 0.00 0.00 0.00 0.00 0.00 0.00 0.00 0.00 0.00 0.00 0.00 0.00
0.74 0.74 0.74 0.74 0.66 0.66 0.66 0.66 0.66 0.66 0.96 0.96 0.96 0.96 0.66 0.66 0.66 0.96 0.96 2.08 0.80 1.17 0.80 0.80 0.80 0.80 0.80 0.80 0.80 0.80 0.80 0.80 0.80 0.80 0.80 0.80 0.69 0.69 0.69 0.69 2.71 2.71 1.60 0.81 2.71 2.71 0.69 0.69 0.69 0.21 1.90 2.71 0.89 0.89 2.04 2.29 2.39 2.29 1.11 2.52 2.97 2.97 2.97 2.97 2.97 0.00 0.00 0.00 0.00 0.00 0.00 0.00 0.00 0.00 0.00 0.00 0.00 0.00 0.00 0.00 0.00 0.00 0.00 0.00
0.74 0.74 0.74 0.74 0.66 0.66 0.66 0.66 0.66 0.66 0.66 2.19 0.66 0.66 0.66 0.96 0.96 2.08 0.96 0.96 0.80 0.80 0.80 0.80 0.80 0.80 0.80 0.80 0.80 0.80 0.80 0.80 0.80 0.80 0.80 0.80 1.01 0.69 0.69 0.69 2.71 2.71 2.71 1.90 2.71 2.71 0.81 1.90 0.69 0.81 2.09 2.30 2.29 2.97 2.97 2.52 2.52 2.97 2.97 2.39 2.97 2.97 2.97 0.00 0.00 0.00 0.00 0.00 0.00 0.00 0.00 1.87 0.00 0.00 0.00 0.00 0.00 0.00 0.00 0.00 0.00 0.00 0.00 0.00
0.74 0.74 0.74 0.74 0.66 0.66 0.66 0.66 0.66 0.66 0.66 2.19 2.19 0.66 0.66 2.19 0.96 2.19 0.96 0.96 0.80 0.80 0.80 0.80 0.80 0.80 0.80 0.80 0.80 0.80 0.80 0.80 0.80 0.80 0.80 0.80 0.69 0.69 0.69 0.69 2.09 2.71 2.71 1.60 1.90 1.90 1.90 0.81 2.71 0.81 2.09 2.19 2.97 2.04 2.97 2.97 2.97 2.97 2.97 2.52 2.39 2.97 2.97 2.29 0.00 0.00 0.00 0.00 0.00 0.00 0.00 1.87 0.00 0.00 0.00 0.00 0.00 0.00 0.00 0.00 0.00 0.00 0.00 0.00
0.74 0.74 0.74 0.74 0.66 0.66 0.66 0.66 0.66 0.66 0.66 0.66 0.66 0.66 0.66 2.19 2.59 0.96 2.59 0.66 0.80 0.80 0.80 0.80 0.80 0.80 0.80 0.80 0.80 1.17 0.80 0.80 0.80 0.80 0.80 0.80 1.01 0.69 0.69 2.09 2.71 2.71 2.71 1.90 2.71 1.90 2.71 2.71 2.71 0.63 2.09 2.71 0.89 0.89 0.89 0.89 2.52 2.97 2.97 2.52 2.29 2.52 1.11 2.29 0.00 2.97 0.00 0.00 0.00 0.00 1.87 1.87 1.87 0.00 0.00 0.00 0.00 0.00 0.00 0.00 0.00 0.00 0.00 0.00
0.74 0.74 0.74 0.74 0.66 0.96 0.66 0.66 0.66 0.66 0.66 0.66 0.66 0.66 0.66 2.59 2.59 1.99 2.59 0.66 1.17 0.80 0.80 0.80 0.80 0.80 0.80 0.80 0.80 1.17 0.80 0.80 0.80 0.80 0.80 0.80 0.69 0.69 0.69 2.09 2.71 1.90 1.90 0.81 2.71 2.71 2.71 2.09 2.09 2.19 2.19 2.19 2.29 2.97 2.04 0.89 2.52 2.97 2.29 1.11 1.11 2.97 1.11 0.76 2.97 2.97 2.97 0.00 0.00 0.00 0.00 0.00 0.00 0.00 0.00 0.00 0.00 0.00 0.00 0.00 0.00 0.00 0.00 0.00
0.74 0.74 0.74 0.74 0.66 0.66 0.66 0.66 0.66 0.66 0.66 0.66 0.66 0.66 0.66 0.66 0.96 1.99 0.66 0.66 0.80 0.80 0.24 0.80 0.80 0.80 0.80 0.80 0.80 0.80 0.80 0.80 0.80 0.80 0.80 0.80 0.69 0.69 0.69 0.69 0.81 2.71 2.09 2.09 2.09 2.09 2.30 2.09 1.01 2.09 2.30 2.30 2.29 2.97 2.97 2.97 0.89 2.29 2.29 2.97 1.11 0.76 0.76 2.97 2.97 2.97 2.97 0.00 0.00 0.00 0.00 0.00 0.00 0.00 0.00 0.00 0.00 0.00 0.00 0.00 0.00 0.00 0.00 0.00
0.74 0.74 0.74 0.74 0.96 0.96 0.66 0.66 0.66 0.66 0.66 0.66 0.66 0.66 0.20 0.20 0.66 0.96 0.66 0.66 0.80 2.12 3.14 0.80 0.80 0.80 0.80 0.80 0.80 0.80 0.80 0.80 0.80 0.80 0.80 0.80 0.69 0.69 0.69 0.69 1.01 2.71 2.09 2.09 2.09 2.09 2.30 2.30 0.69 2.19 2.30 2.19 2.52 2.97 2.97 2.97 2.97 2.29 1.11 0.00 0.00 0.00 2.97 0.76 0.00 2.97 2.97 0.00 0.00 0.00 0.00 0.00 0.00 0.00 0.00 0.00 0.00 0.00 0.00 0.00 0.00 0.00 0.00 0.00
0.74 0.74 0.74 0.74 0.66 0.66 0.66 0.66 0.66 0.66 0.66 0.66 0.66 0.66 0.20 1.84 0.20 0.66 1.99 0.66 0.94 2.12 2.12 0.80 0.80 0.80 0.80 0.80 0.80 0.80 0.80 0.80 0.80 0.80 1.17 0.80 0.69 0.69 0.69 2.71 2.71 1.90 1.90 0.81 2.71 2.71 2.71 2.71 2.71 1.01 1.01 2.30 2.29 2.97 0.76 0.76 1.11 1.11 2.97 0.00 0.00 0.00 0.00 0.00 0.00 0.00 0.00 0.00 0.00 0.00 0.00 0.00 0.00 0.00 0.00 0.00 0.00 0.00 0.00 0.00 0.00 0.00 0.00 0.00
0.74 0.74 0.74 0.74 0.66 0.66 0.66 0.66 0.66 2.19 0.66 0.66 0.66 0.66 0.66 0.20 0.20 0.20 2.59 2.59 3.14 2.12 2.12 0.80 0.80 0.80 0.80 0.80 0.80 0.80 0.80 0.80 1.17 0.80 0.80 1.17 1.90 1.90 2.71 1.90 2.71 2.71 2.71 2.71 0.81 2.71 2.71 2.71 0.81 2.30 2.09 2.30 2.52 0.76 0.76 0.76 2.97 2.54 2.97 0.00 0.00 0.00 0.00 0.00 0.00 0.00 0.00 0.00 0.00 0.00 0.00 0.00 0.00 0.00 0.00 0.00 0.00 0.00 0.00 0.00 0.00 0.00 0.00 0.00
0.74 0.74 0.74 1.08 0.66 0.66 0.66 0.96 2.19 2.59 2.23 2.23 0.66 0.66 2.08 1.84 2.59 2.59 0.66 0.66 0.80 0.80 3.14 0.80 0.80 0.80 3.13 3.13 3.13 0.80 0.24 0.80 0.80 0.80 0.80 0.80 0.81 1.90 2.71 2.71 0.81 0.81 2.71 0.81 0.81 0.81 2.71 0.81 2.71 2.71 2.71 2.09 1.11 0.76 2.39 2.97 2.54 0.89 2.97 2.97 0.00 0.00 0.00 0.00 0.00 0.00 0.00 0.00 0.00 0.00 0.00 0.00 0.00 0.00 0.00 0.00 0.00 0.00 0.00 0.00 0.00 0.00 0.00 0.00
0.74 1.08 1.08 0.74 0.66 0.66 0.66 0.96 0.66 2.19 2.23 2.23 2.23 0.20 2.19 0.78 2.59 0.66 0.66 0.66 0.80 1.17 0.80 0.80 0.80 0.80 2.53 3.14 3.14 3.14 3.14 0.94 3.14 0.80 0.80 3.14 1.90 2.30 2.71 2.71 2.71 2.71 0.81 0.81 1.90 1.90 2.71 2.30 2.71 2.09 2.30 1.01 2.97 2.97 2.39 2.97 2.97 2.97 2.97 2.97 0.00 0.00 0.00 0.00 0.00 0.00 0.00 0.00 0.00 0.00 0.00 0.00 0.00 0.00 0.00 0.00 0.00 0.00 0.00 0.00 0.00 0.00 0.00 0.00
1.08 0.74 0.74 0.74 0.66 0.66 0.66 0.96 0.66 2.19 2.19 2.23 0.78 0.78 2.19 1.99 0.66 0.66 0.66 0.66 0.80 1.17 0.80 0.80 0.80 0.80 0.80 0.80 0.80 3.14 3.14 2.12 3.14 3.14 3.14 3.14 0.81 2.71 2.71 2.71 2.71 2.71 2.71 0.69 1.01 0.21 0.69 2.19 1.01 2.09 1.01 0.30 2.97 2.97 2.97 2.97 2.97 2.97 2.97 2.97 2.97 0.00 0.00 0.00 0.00 0.00 0.00 0.00 0.00 0.00 0.00 0.00 0.00 0.00 0.00 0.00 0.00 0.00 0.00 0.00 0.00 0.00 0.00 0.00
0.76 0.76 0.76 0.76 0.77 0.77 2.57 1.14 1.14 1.14 2.57 3.05 3.05 3.05 0.91 2.35 0.77 0.77 0.77 0.77 0.80 0.80 0.80 0.80 0.80 0.80 0.80 0.80 0.80 2.43 2.43 3.13 2.66 3.15 2.43 2.43 2.88 1.99 1.07 1.07 1.07 2.44 2.88 0.73 1.07 0.22 1.07 1.07 2.88 2.32 2.44 1.07 2.55 2.99 2.99 2.99 2.99 2.99 2.99 2.99 2.99 2.99 0.00 0.00 0.00 0.00 0.00 0.00 0.00 0.00 0.00 0.00 0.00 0.00 0.00 0.00 0.00 0.00 0.00 0.00 0.00 0.00 0.00 0.00
2.52 0.76 0.76 0.76 0.77 0.23 3.05 0.77 0.77 0.77 2.57 2.35 2.35 2.35 2.35 3.05 2.58 2.58 2.58 2.58 0.80 0.80 0.80 0.80 0.80 0.80 0.80 0.80 2.66 2.66 2.43 2.43 2.43 2.66 2.43 2.43 2.44 2.88 2.88 1.07 1.07 1.07 2.44 2.88 0.73 0.22 0.73 0.73 2.44 0.73 2.32 2.22 2.99 2.99 2.99 2.99 2.99 2.99 2.99 2.99 2.99 2.99 2.99 0.00 0.00 0.00 0.00 0.00 0.00 0.00 0.00 0.00 0.00 0.00 0.00 0.00 0.00 0.00 0.00 0.00 0.00 0.00 0.00 0.00
2.52 2.52 1.11 1.11 1.14 3.05 2.57 3.05 0.77 0.77 3.05 2.35 2.35 2.35 2.58 2.58 2.58 2.58 2.58 2.35 0.80 0.80 0.80 0.80 0.80 0.80 3.13 2.67 2.66 2.66 2.66 2.43 2.43 3.13 2.43 2.43 2.44 2.44 2.88 1.07 1.07 2.88 2.22 2.88 2.88 2.88 1.07 2.32 2.32 2.32 1.07 1.07 2.99 0.90 2.99 2.99 2.99 2.99 2.99 2.99 2.99 2.99 2.55 2.99 0.00 0.00 0.00 0.00 0.00 0.00 0.00 0.00 0.00 0.00 0.00 0.00 0.00 0.00 0.00 0.00 0.00 0.00 0.00 0.00
2.52 2.52 0.76 0.76 2.57 0.91 3.05 2.57 3.05 3.05 3.05 2.58 2.35 2.35 2.58 2.35 2.58 2.35 2.58 2.35 0.80 0.80 0.80 0.80 0.80 0.80 2.43 2.43 1.17 2.66 2.43 2.66 3.13 2.66 2.43 2.43 2.44 0.86 2.88 2.44 2.22 0.73 0.73 0.73 2.88 2.88 1.07 1.99 2.32 1.07 1.07 1.07 1.12 2.55 2.99 1.12 2.99 2.99 2.99 2.99 2.99 2.99 2.55 2.55 0.00 0.00 0.00 0.00 0.00 0.00 0.00 0.00 0.00 0.00 0.00 0.00 0.00 0.00 0.00 0.00 0.00 0.00 0.00 1.83
2.29 0.76 0.76 0.23 3.05 3.05 2.57 3.05 2.58 2.58 2.58 3.05 2.58 2.35 2.58 3.05 3.05 2.58 2.58 2.35 2.43 0.80 0.80 0.80 2.43 1.17 2.66 3.13 3.13 3.13 0.94 3.13 2.66 0.94 2.43 2.66 1.99 1.99 2.22 2.22 2.22 0.73 0.73 1.07 2.88 1.99 1.99 1.07 2.47 2.44 2.32 2.32 1.12 2.55 2.55 2.54 2.54 2.99 2.99 2.99 2.99 2.99 2.99 2.99 0.00 0.00 0.00 0.00 0.00 0.00 0.00 0.00 0.00 0.00 0.00 0.00 0.00 0.00 0.00 0.00 0.00 0.00 0.00 1.83
2.29 0.23 0.23 2.97 3.05 3.05 3.05 3.05 2.58 3.05 3.05 2.57 2.57 2.35 2.35 2.35 2.35 2.58 2.58 2.35 0.80 0.80 0.80 0.80 2.43 2.43 2.66 1.17 1.17 3.13 3.13 3.13 3.13 3.13 3.13 2.12 0.86 0.86 2.22 2.22 2.22 0.73 0.73 0.22 0.86 1.99 1.99 2.47 2.47 2.47 2.32 2.47 2.55 2.55 2.55 2.99 2.54 2.54 2.99 2.99 2.99 2.99 2.55 2.55 2.99 2.99 0.00 0.00 0.00 0.00 0.00 0.00 0.00 0.00 0.00 0.00 0.00 0.00 0.00 0.00 0.00 0.00 0.00 1.83
2.52 2.52 2.52 2.97 2.57 3.05 2.35 3.05 3.05 3.05 2.58 3.05 2.35 2.35 3.05 2.35 2.35 1.14 3.05 2.58 0.80 0.80 0.80 0.80 2.43 2.43 3.13 0.80 0.80 2.66 2.43 3.13 3.13 2.66 3.13 3.13 2.88 2.88 2.88 2.22 2.22 0.73 0.73 1.99 1.99 1.99 2.88 2.47 2.47 2.47 2.47 2.47 2.55 2.55 2.55 2.55 2.99 2.54 2.54 2.99 2.99 2.99 2.55 2.55 2.55 2.99 0.00 0.00 0.00 0.00 0.00 0.00 0.00 0.00 0.00 0.00 0.00 0.00 0.00 0.00 0.00 0.00 0.00 0.00
0.89 2.52 2.52 2.52 3.05 3.05 2.35 0.91 3.05 3.05 2.58 2.58 2.58 2.35 3.05 3.05 1.14 1.14 1.14 2.35 0.80 0.80 0.80 2.43 3.13 2.43 3.13 2.43 2.43 2.43 3.13 3.13 0.94 3.13 3.13 3.13 2.88 2.88 0.86 0.86 2.88 2.44 2.88 1.99 2.88 2.88 2.88 2.47 2.47 0.32 2.47 2.47 2.99 2.55 2.99 2.55 2.99 2.54 2.54 2.99 0.76 0.90 2.55 2.55 2.55 2.99 0.00 0.00 0.00 0.00 0.00 0.00 0.00 0.00 0.00 0.00 0.00 0.00 0.00 0.00 0.00 0.00 0.00 0.00
2.97 2.97 0.89 2.97 2.58 2.35 0.77 0.77 3.05 2.58 2.58 2.45 2.58 2.58 2.45 2.35 3.05 1.14 1.14 2.35 2.43 2.43 2.43 0.80 2.43 2.43 3.13 0.80 1.17 3.13 3.13 3.13 3.13 3.13 3.13 3.13 2.88 2.88 2.44 2.88 0.73 2.88 2.88 2.22 2.44 2.88 0.86 2.88 2.88 2.47 2.47 1.07 0.33 2.99 2.99 2.99 2.99 2.55 2.99 1.12 0.76 2.55 2.55 2.55 2.55 2.99 0.00 0.00 0.00 0.00 0.00 0.00 0.00 0.00 0.00 0.00 0.00 0.00 0.00 0.00 0.00 0.00 0.00 0.00
0.76 2.97 2.29 2.29 2.35 2.35 0.77 1.14 1.14 2.58 2.58 2.45 2.45 1.14 1.14 2.45 2.58 1.14 2.35 2.35 2.43 2.66 2.66 1.17 1.17 3.13 3.13 2.53 2.43 1.17 3.13 3.13 3.13 2.12 2.12 3.13 2.88 2.88 2.88 2.88 2.88 2.88 0.73 0.73 2.47 2.47 2.47 2.47 2.88 0.86 2.47 2.47 2.55 2.55 2.99 2.55 2.99 2.55 2.55 2.55 2.55 2.55 2.55 2.55 2.99 2.99 2.99 0.00 0.00 0.00 0.00 0.00 0.00 0.00 0.00 0.00 0.00 0.00 0.00 0.00 0.00 0.00 0.00 0.00
0.76 0.76 2.29 2.29 2.58 2.35 0.77 0.77 1.14 2.35 2.35 2.35 2.45 2.45 1.14 1.14 1.14 2.58 0.77 2.35 2.66 2.43 2.66 0.24 0.80 3.15 0.94 2.12 2.12 0.94 3.13 0.94 0.94 2.12 0.94 3.13 2.88 2.88 2.88 2.88 2.88 1.99 2.44 0.86 0.86 2.47 2.47 2.47 2.88 2.47 2.47 2.47 2.55 2.55 2.55 2.55 2.55 2.55 2.55 2.55 2.55 2.99 2.99 2.99 2.99 2.99 2.99 0.00 0.00 0.00 0.00 0.00 0.00 0.00 0.00 0.00 0.00 0.00 0.00 0.00 0.00 0.00 0.00 0.00
0.76 0.76 0.76 2.29 2.58 2.58 2.35 1.14 1.14 2.35 2.35 2.35 2.58 2.35 2.35 1.14 1.14 0.77 0.77 0.77 3.15 2.43 0.80 3.13 2.12 2.12 3.13 2.12 2.12 3.13 3.13 3.13 3.13 0.94 0.94 3.13 0.86 2.88 2.88 2.88 2.88 2.47 2.47 2.47 2.47 2.47 2.47 2.47 2.47 2.88 2.88 0.86 0.90 2.55 2.55 2.55 2.55 2.55 2.55 2.55 2.55 2.99 2.99 2.99 2.99 2.99 2.99 2.99 0.00 0.00 0.00 0.00 0.00 0.00 0.00 0.00 0.00 0.00 0.00 0.00 0.00 0.00 0.00 0.00
2.97 0.23 2.97 2.97 3.05 2.35 2.58 3.05 2.58 2.58 2.58 2.58 2.58 2.58 2.45 2.35 2.45 1.14 0.77 0.77 0.94 3.13 0.80 0.80 0.24 2.12 2.12 2.12 0.94 0.94 3.13 3.13 3.13 3.13 0.94 0.94 2.88 2.88 2.88 2.88 2.88 2.88 0.86 2.88 2.47 2.47 2.47 2.47 2.47 2.88 2.88 2.47 0.90 2.55 2.55 2.55 2.55 2.55 2.55 2.41 2.41 2.55 2.55 1.12 2.99 2.99 2.99 2.99 1.83 1.83 0.00 0.00 0.00 0.00 0.00 0.00 0.00 0.00 0.00 0.00 0.00 0.00 0.00 0.00
2.97 2.29 2.97 2.97 3.05 2.58 2.35 2.58 2.35 3.05 2.58 2.35 2.58 2.35 2.58 2.35 2.45 0.77 1.14 1.14 0.80 0.80 0.80 0.80 0.80 0.24 0.24 2.12 0.94 2.12 3.13 3.13 3.13 3.13 3.13 3.13 2.88 2.44 2.88 2.88 2.88 2.88 2.47 2.47 2.88 2.47 2.47 0.86 2.47 2.88 2.88 2.88 2.99 2.99 2.99 2.99 2.99 2.99 2.99 2.99 2.99 2.99 2.99 2.99 2.99 2.99 2.99 2.99 1.83 1.83 1.83 1.83 1.83 1.83 1.83 1.83 1.83 1.83 1.83 1.83 1.83 1.83 1.83 1.83
2.97 2.52 2.97 2.97 2.35 2.58 2.58 2.35 2.35 2.35 2.35 0.77 0.77 0.77 1.14 0.77 1.14 1.14 1.14 0.77 0.80 1.17 1.17 1.17 0.80 0.80 0.24 3.13 0.94 3.13 3.13 3.13 3.13 3.13 3.13 3.13 2.88 2.88 2.88 2.88 2.22 2.22 2.44 2.32 1.07 1.07 0.73 1.07 1.07 2.47 2.47 2.88 2.99 2.99 2.99 2.99 2.99 2.99 2.99 2.99 2.99 2.99 2.99 2.99 2.99 2.55 2.55 2.55 1.64 1.64 1.64 1.64 1.64 1.64 1.64 1.64 1.64 1.64 1.64 1.64 1.64 1.64 1.64 1.64
2.52 2.52 2.97 2.29 2.35 2.58 2.35 2.58 2.35 0.91 0.77 0.77 0.77 0.77 0.77 0.77 0.77 0.77 0.77 0.77 0.80 0.80 1.17 2.53 1.17 0.24 0.24 0.80 0.94 2.12 3.13 3.13 0.94 0.94 0.94 0.94 0.86 2.88 2.88 2.88 2.88 2.88 2.44 2.32 1.07 1.07 1.07 0.22 0.22 2.47 2.88 2.88 2.99 2.99 2.99 2.99 2.99 2.99 2.99 2.99 2.99 2.99 2.99 2.99 2.99 2.99 2.99 2.55 1.64 1.83 1.83 1.83 1.83 1.83 1.83 1.83 1.83 1.83 1.83 1.83 1.83 1.83 1.83 1.83
2.35 2.58 2.58 3.05 2.68 2.44 2.44 2.44 0.95 2.64 3.16 0.80 3.16 0.80 0.80 0.80 2.44 3.16 3.16 0.80 0.80 0.80 0.80 0.80 0.80 0.80 1.17 0.80 0.24 1.17 3.12 3.12 2.11 3.13 0.94 3.13 1.98 2.88 2.88 2.88 0.86 2.88 2.88 2.47 0.86 2.47 2.47 2.47 2.47 2.47 2.47 2.47 2.56 3.01 3.01 3.01 3.01 3.01 3.01 3.01 3.01 3.01 3.01 3.01 3.01 3.01 3.01 2.56 2.40 2.79 2.79 2.79 2.79 2.79 2.79 2.79 2.79 2.79 2.79 2.79 2.79 2.79 2.79 2.79
2.35 2.35 2.35 2.58 2.68 2.44 0.95 1.18 0.95 3.16 0.80 1.18 1.18 3.16 3.16 3.16 2.44 2.44 1.18 0.24 0.80 0.80 0.80 0.80 0.80 0.80 0.80 1.17 0.80 3.12 3.12 3.12 0.94 2.11 3.13 3.13 2.47 0.22 2.88 2.88 2.88 2.88 2.88 0.86 2.47 2.47 2.47 2.47 2.88 2.88 2.47 2.47 2.56 2.56 3.01 3.01 3.01 3.01 3.01 3.01 3.01 3.01 3.01 3.01 3.01 2.56 2.56 2.56 2.40 2.79 0.00 0.00 0.00 0.00 0.00 0.00 0.00 0.00 0.00 0.00 0.00 0.00 0.00 0.00
2.35 2.35 3.05 2.58 2.68 3.16 3.16 0.95 3.16 3.16 0.80 0.80 1.18 2.44 3.16 3.16 2.44 2.44 3.16 3.16 0.24 0.80 0.80 0.80 0.80 0.80 0.80 0.80 0.80 3.12 3.12 3.12 3.12 3.13 3.13 3.14 2.47 0.86 2.88 0.86 2.88 2.88 2.88 0.86 2.88 2.47 2.47 2.47 0.70 2.32 2.88 2.47 3.01 3.01 3.01 3.01 3.01 3.01 3.01 3.01 3.01 2.56 2.56 0.90 3.01 2.56 2.56 2.56 2.40 2.40 0.00 0.00 0.00 0.00 0.00 0.00 0.00 0.00 0.00 0.00 0.00 0.00 0.00 0.00
2.35 2.58 2.58 3.05 3.16 3.16 3.16 2.68 2.68 0.95 0.24 0.80 3.16 1.18 3.16 3.16 0.80 0.80 3.16 0.80 0.80 0.80 0.80 0.80 0.80 0.80 0.80 0.80 0.80 3.12 3.12 3.12 3.12 3.13 3.14 3.14 2.88 2.88 2.88 0.86 2.88 2.88 0.86 2.88 2.47 2.47 2.32 2.32 2.32 2.32 2.32 1.07 1.12 2.56 2.56 2.56 3.01 3.01 3.01 3.01 3.01 0.90 3.01 2.56 2.56 2.56 2.56 2.56 2.40 2.40 2.40 0.00 0.00 0.00 0.00 0.00 0.00 0.00 0.00 0.00 0.00 0.00 0.00 0.00
2.35 2.58 3.05 3.05 3.16 3.16 3.16 2.64 2.64 3.16 0.80 2.68 2.64 1.18 0.80 3.16 0.80 0.80 0.80 0.80 0.80 0.80 0.80 0.80 0.80 0.80 0.80 0.80 0.80 0.94 3.12 0.94 3.12 3.14 3.14 2.66 2.88 2.88 2.88 2.88 2.88 2.88 2.88 0.86 0.86 2.47 2.47 2.47 2.32 2.88 2.88 2.88 2.56 2.56 2.56 2.56 3.01 3.01 3.01 3.01 3.01 2.56 0.90 0.90 2.56 2.56 2.56 2.56 2.40 2.40 2.40 0.00 0.00 0.00 0.00 0.00 0.00 0.00 0.00 0.00 0.00 0.00 2.79 2.79
2.35 2.35 2.35 2.35 3.16 3.16 3.16 3.16 1.18 1.18 0.80 2.54 1.18 0.80 3.16 0.80 0.80 0.80 0.80 0.80 0.80 0.80 0.80 0.80 0.80 0.80 0.80 0.80 0.24 0.94 3.12 3.12 2.66 2.66 2.66 2.66 0.86 2.88 2.88 0.86 0.86 2.88 2.47 2.47 0.86 2.88 2.88 2.88 2.88 2.88 2.88 2.47 2.56 3.01 3.01 2.56 2.56 3.01 3.01 3.01 3.01 2.56 3.01 3.01 2.56 2.56 2.56 2.56 2.40 2.40 2.40 2.40 0.00 0.00 0.00 0.00 0.00 0.00 0.00 0.00 2.79 2.79 2.40 2.40
2.35 2.35 2.58 2.35 2.44 2.68 3.16 2.68 2.68 1.18 0.80 1.18 1.18 1.18 0.95 3.16 0.80 0.24 0.80 0.80 0.80 1.17 0.80 0.80 0.80 0.80 0.80 0.80 2.11 3.14 0.94 0.94 2.66 2.66 3.14 3.14 2.88 2.88 2.44 2.88 0.86 2.88 2.88 0.86 2.88 2.22 2.88 2.88 2.88 2.88 2.88 2.88 2.56 3.01 3.01 0.90 2.56 3.01 3.01 2.56 2.56 3.01 3.01 3.01 3.01 2.56 0.90 3.01 2.40 2.79 0.00 2.40 2.40 0.00 0.00 0.00 0.00 0.00 0.00 2.79 2.40 2.40 2.40 2.79
2.58 2.58 1.14 1.14 2.68 2.68 2.68 2.68 2.68 2.44 1.18 1.18 2.44 2.64 0.95 3.16 3.16 3.16 0.80 0.80 0.80 0.24 0.24 0.24 0.80 0.80 0.80 0.80 0.94 3.13 3.14 2.66 2.66 3.14 3.14 3.14 2.88 2.88 0.86 2.88 2.88 2.88 2.44 2.88 1.07 1.07 1.07 2.88 2.88 2.88 2.88 2.88 3.01 3.01 3.01 2.56 2.56 2.56 3.01 3.01 2.56 3.01 3.01 3.01 3.01 3.01 3.01 3.01 2.40 0.00 0.00 0.00 2.40 2.40 0.00 0.00 0.00 2.79 2.40 2.40 2.40 2.79 2.79 0.00
