New_Model_Runs/15_Future_RCP8.5_Scn2_out/post_prcessed_with_MFR/Monthly_summaries/actual_et_monthly_SEP.asc
NCOLS 700
NROWS 400
XLLCENTER 515000.000000
YLLCENTER 8409000.000000
CELLSIZE 50.000000
NODATA_value -999.000000
[rows 228 to 265 of 400, columns 252 to 335 of 700]
1.02 1.02 1.02 1.02 0.92 1.34 0.92 0.92 1.34 1.34 0.92 2.90 1.34 0.92 1.34 0.92 0.92 0.92 0.92 0.92 1.09 1.09 1.09 1.09 1.09 1.09 1.09 1.60 1.09 1.09 1.60 3.63 3.63 3.63 3.63 3.63 0.95 0.95 0.95 0.95 3.76 3.76 0.95 0.95 0.95 0.95 3.02 0.95 1.40 1.40 1.40 3.76 1.53 1.04 2.57 1.23 2.57 2.57 4.11 4.11 3.17 3.31 3.31 1.04 1.04 3.97 3.97 0.00 2.42 0.00 0.00 0.00 0.00 0.00 0.00 0.00 0.00 0.00 0.00 0.00 0.00 0.00 0.00 0.00
1.02 1.02 1.02 1.02 0.92 0.92 0.92 0.92 0.92 2.78 1.34 1.34 1.34 1.34 1.34 0.92 0.92 0.92 0.92 0.92 1.09 1.09 1.09 1.09 1.09 1.09 1.09 1.09 1.09 1.09 1.09 1.09 1.09 1.09 1.09 1.09 0.95 0.95 0.95 0.95 3.76 3.18 3.76 3.76 3.76 0.95 0.95 0.95 0.95 0.95 2.46 3.76 2.57 2.57 4.11 4.11 1.23 4.11 1.04 3.48 4.11 4.11 3.48 3.48 3.97 0.00 0.00 0.00 0.00 0.00 0.00 0.00 0.00 0.00 0.00 0.00 0.00 0.00 0.00 0.00 0.00 0.00 0.00 0.00
1.02 1.02 1.02 1.02 0.92 0.92 0.92 0.92 0.92 0.92 1.34 1.34 1.34 1.34 0.92 0.92 0.92 1.34 1.34 2.90 1.09 1.60 1.09 1.09 1.09 1.09 1.09 1.09 1.09 1.09 1.09 1.09 1.09 1.09 1.09 1.09 0.95 0.95 0.95 0.95 3.76 3.76 2.46 1.13 3.76 3.76 0.95 0.95 0.95 0.29 2.46 3.76 1.23 1.23 2.57 3.17 3.31 3.17 1.53 3.48 4.11 4.11 4.11 3.97 3.97 0.00 0.00 0.00 0.00 0.00 0.00 0.00 0.00 0.00 0.00 0.00 0.00 0.00 0.00 0.00 0.00 0.00 0.00 0.00
1.02 1.02 1.02 1.02 0.92 0.92 0.92 0.92 0.92 0.92 0.92 3.05 0.92 0.92 0.92 1.34 1.34 2.90 1.34 1.34 1.09 1.09 1.09 1.09 1.09 1.09 1.09 1.09 1.09 1.09 1.09 1.09 1.09 1.09 1.09 1.09 1.40 0.95 0.95 0.95 3.76 3.76 3.76 2.46 3.76 3.76 1.13 2.46 0.95 1.13 2.90 3.18 3.17 4.11 4.11 3.48 3.48 4.11 4.11 3.31 4.11 4.11 3.27 0.00 0.00 0.00 0.00 0.00 0.00 0.00 0.00 2.42 0.00 0.00 0.00 0.00 0.00 0.00 0.00 0.00 0.00 0.00 0.00 0.00
1.02 1.02 1.02 1.02 0.92 0.92 0.92 0.92 0.92 0.92 0.92 3.05 3.05 0.92 0.92 3.05 1.34 3.05 1.34 1.34 1.09 1.09 1.09 1.09 1.09 1.09 1.09 1.09 1.09 1.09 1.09 1.09 1.09 1.09 1.09 1.09 0.95 0.95 0.95 0.95 2.90 3.76 3.76 2.46 2.46 2.46 2.46 1.13 3.76 1.13 2.90 3.02 4.11 2.57 4.11 4.11 4.11 4.11 4.11 3.48 3.31 3.50 3.27 3.17 0.00 0.00 0.00 0.00 0.00 0.00 0.00 2.42 0.00 0.00 0.00 0.00 0.00 0.00 0.00 0.00 0.00 0.00 0.00 0.00
1.02 1.02 1.02 1.02 0.92 0.92 0.92 0.92 0.92 0.92 0.92 0.92 0.92 0.92 0.92 3.05 3.60 1.34 3.60 0.92 1.09 1.09 1.09 1.09 1.09 1.09 1.09 1.09 1.09 1.60 1.09 1.09 1.09 1.09 1.09 1.09 1.40 0.95 0.95 2.90 3.76 3.76 3.76 2.46 3.76 2.46 3.76 3.76 3.76 0.87 2.90 3.76 1.23 1.23 1.23 1.23 3.48 4.11 4.11 3.48 3.05 3.09 1.53 3.17 0.00 3.97 0.00 0.00 0.00 0.00 2.42 2.42 2.42 0.00 0.00 0.00 0.00 0.00 0.00 0.00 0.00 0.00 0.00 0.00
1.02 1.02 1.02 1.02 0.92 1.34 0.92 0.92 0.92 0.92 0.92 0.92 0.92 0.92 0.92 3.60 3.60 2.78 3.60 0.92 1.60 1.09 1.09 1.09 1.09 1.09 1.09 1.09 1.09 1.60 1.09 1.09 1.09 1.09 1.09 1.09 0.95 0.95 0.95 2.90 3.76 2.46 2.46 1.13 3.76 3.76 3.76 2.90 2.90 3.02 3.02 3.02 3.17 4.11 2.57 1.23 3.48 4.11 3.17 1.53 1.53 3.56 1.53 1.04 3.97 3.97 3.97 0.00 0.00 0.00 0.00 0.00 0.00 0.00 0.00 0.00 0.00 0.00 0.00 0.00 0.00 0.00 0.00 0.00
1.02 1.02 1.02 1.02 0.92 0.92 0.92 0.92 0.92 0.92 0.92 0.92 0.92 0.92 0.92 0.92 1.34 2.78 0.92 0.92 1.09 1.09 0.33 1.09 1.09 1.09 1.09 1.09 1.09 1.09 1.09 1.09 1.09 1.09 1.09 1.09 0.95 0.95 0.95 0.95 1.13 3.76 2.90 2.90 2.90 2.90 3.18 2.90 1.40 2.90 3.18 3.18 3.17 4.11 4.11 4.11 1.23 3.17 3.05 3.55 1.53 1.04 1.04 3.97 3.97 3.97 3.97 0.00 0.00 0.00 0.00 0.00 0.00 0.00 0.00 0.00 0.00 0.00 0.00 0.00 0.00 0.00 0.00 0.00
1.02 1.02 1.02 1.02 1.34 1.34 0.92 0.92 0.92 0.92 0.92 0.92 0.92 0.92 0.27 0.27 0.92 1.34 0.92 0.92 1.09 2.64 4.29 1.09 1.09 1.09 1.09 1.09 1.09 1.09 1.09 1.09 1.09 1.09 1.09 1.09 0.95 0.95 0.95 0.95 1.40 3.76 2.90 2.90 2.90 2.90 3.18 3.18 0.95 3.02 3.18 3.02 3.48 4.11 4.11 4.11 4.11 3.05 1.53 0.00 0.00 0.00 3.97 1.04 0.00 3.97 3.97 0.00 0.00 0.00 0.00 0.00 0.00 0.00 0.00 0.00 0.00 0.00 0.00 0.00 0.00 0.00 0.00 0.00
1.02 1.02 1.02 1.02 0.92 0.92 0.92 0.92 0.92 0.92 0.92 0.92 0.92 0.92 0.27 2.43 0.27 0.92 2.78 0.92 1.29 2.64 2.64 1.09 1.09 1.09 1.09 1.09 1.09 1.09 1.09 1.09 1.09 1.09 1.60 1.09 0.95 0.95 0.95 3.76 3.76 2.46 2.46 1.13 3.76 3.76 3.76 3.76 3.76 1.40 1.40 3.18 3.17 4.11 1.04 1.04 1.53 1.53 3.55 0.00 0.00 0.00 0.00 0.00 0.00 0.00 0.00 0.00 0.00 0.00 0.00 0.00 0.00 0.00 0.00 0.00 0.00 0.00 0.00 0.00 0.00 0.00 0.00 0.00
1.02 1.02 1.02 1.02 0.92 0.92 0.92 0.92 0.92 2.98 0.92 0.92 0.92 0.92 0.92 0.27 0.27 0.27 3.60 3.60 4.29 2.64 2.64 1.09 1.09 1.09 1.09 1.09 1.09 1.09 1.09 1.09 1.60 1.09 1.09 1.60 2.46 2.46 3.76 2.46 3.76 3.76 3.76 3.76 1.13 3.76 3.76 3.76 1.13 3.18 2.90 3.18 3.48 1.04 1.04 1.04 3.19 2.53 3.56 0.00 0.00 0.00 0.00 0.00 0.00 0.00 0.00 0.00 0.00 0.00 0.00 0.00 0.00 0.00 0.00 0.00 0.00 0.00 0.00 0.00 0.00 0.00 0.00 0.00
1.02 1.02 1.02 1.49 0.92 0.92 0.92 1.34 2.78 3.52 2.40 2.40 0.92 0.92 2.90 2.43 3.60 3.60 0.92 0.92 1.09 1.09 4.29 1.09 1.09 1.09 4.27 4.27 4.27 1.09 0.33 1.09 1.09 1.09 1.09 1.09 1.13 2.46 3.76 3.76 1.13 1.13 3.76 1.13 1.13 1.13 3.76 1.13 3.76 3.76 3.76 2.90 1.53 1.04 3.31 3.19 2.53 0.97 3.22 3.22 0.00 0.00 0.00 0.00 0.00 0.00 0.00 0.00 0.00 0.00 0.00 0.00 0.00 0.00 0.00 0.00 0.00 0.00 0.00 0.00 0.00 0.00 0.00 0.00
1.02 1.49 1.49 1.02 0.92 0.92 0.92 1.34 0.92 2.98 2.40 2.40 2.40 0.27 3.05 1.08 3.60 0.92 0.92 0.92 1.09 1.60 1.09 1.09 1.09 1.09 3.45 4.29 4.29 4.29 4.29 1.29 4.29 1.09 1.09 4.29 2.46 3.18 3.76 3.76 3.76 3.76 1.13 1.13 2.46 2.46 3.76 3.18 3.76 2.90 3.18 1.40 4.10 4.10 2.86 3.19 3.22 3.22 3.22 3.22 0.00 0.00 0.00 0.00 0.00 0.00 0.00 0.00 0.00 0.00 0.00 0.00 0.00 0.00 0.00 0.00 0.00 0.00 0.00 0.00 0.00 0.00 0.00 0.00
1.49 1.02 1.02 1.02 0.92 0.92 0.92 1.34 0.92 2.98 2.98 2.40 1.06 1.06 2.98 2.78 0.92 0.92 0.92 0.92 1.09 1.60 1.09 1.09 1.09 1.09 1.09 1.09 1.09 4.29 4.29 2.64 4.29 4.29 4.29 4.29 1.13 3.76 3.76 3.76 3.76 3.76 3.76 0.95 1.40 0.29 0.95 3.02 1.40 2.90 1.40 0.42 4.10 3.19 3.22 3.22 3.22 3.22 3.22 3.22 3.22 0.00 0.00 0.00 0.00 0.00 0.00 0.00 0.00 0.00 0.00 0.00 0.00 0.00 0.00 0.00 0.00 0.00 0.00 0.00 0.00 0.00 0.00 0.00
1.05 1.05 1.05 1.05 1.06 1.06 2.51 1.56 1.56 1.56 2.61 3.96 3.96 3.96 1.19 3.23 1.06 1.06 1.06 1.06 1.09 1.09 1.09 1.09 1.09 1.09 1.09 1.09 1.09 3.30 3.30 4.27 3.61 4.28 3.30 3.30 3.99 2.53 1.49 1.49 1.49 3.38 3.99 1.01 1.49 0.30 1.49 1.49 3.99 3.21 3.37 1.49 2.50 3.18 3.18 3.18 3.18 3.18 3.18 3.18 3.18 3.18 0.00 0.00 0.00 0.00 0.00 0.00 0.00 0.00 0.00 0.00 0.00 0.00 0.00 0.00 0.00 0.00 0.00 0.00 0.00 0.00 0.00 0.00
3.13 1.05 1.05 1.05 1.06 0.32 3.96 1.06 1.06 1.06 2.61 3.21 3.21 3.21 3.21 4.19 3.55 3.55 3.55 3.55 1.09 1.09 1.09 1.09 1.09 1.09 1.09 1.09 3.61 3.61 3.30 3.30 3.30 3.61 3.30 3.30 3.37 3.99 3.99 1.49 1.49 1.49 3.38 3.99 1.01 0.30 1.01 1.01 3.37 1.01 3.21 2.68 3.15 3.18 3.18 3.18 3.18 3.18 3.18 3.18 3.18 3.18 3.18 0.00 0.00 0.00 0.00 0.00 0.00 0.00 0.00 0.00 0.00 0.00 0.00 0.00 0.00 0.00 0.00 0.00 0.00 0.00 0.00 0.00
3.13 3.13 1.54 1.54 1.56 3.96 2.61 4.07 1.06 1.06 3.96 3.21 3.21 3.21 3.37 3.37 3.55 3.55 3.55 3.23 1.09 1.09 1.09 1.09 1.09 1.09 4.27 3.63 3.61 3.61 3.61 3.30 3.30 4.27 3.30 3.30 3.38 3.38 3.99 1.49 1.49 3.99 3.07 3.99 3.99 3.99 1.49 3.21 3.21 3.21 1.49 1.49 3.15 0.95 3.18 3.18 3.18 3.18 3.18 3.18 3.18 3.18 2.51 3.41 0.00 0.00 0.00 0.00 0.00 0.00 0.00 0.00 0.00 0.00 0.00 0.00 0.00 0.00 0.00 0.00 0.00 0.00 0.00 0.00
3.13 3.13 1.05 1.05 2.61 1.19 3.96 2.61 3.96 3.96 3.96 3.37 3.21 3.21 3.37 3.21 3.55 3.23 3.55 3.23 1.09 1.09 1.09 1.09 1.09 1.09 3.30 3.30 1.60 3.61 3.30 3.61 4.27 3.61 3.30 3.30 3.38 1.20 3.99 3.38 3.07 1.01 1.01 1.01 3.99 3.99 1.49 2.53 3.21 1.49 1.49 1.49 1.52 2.50 3.41 1.52 3.18 3.18 3.18 3.18 3.18 3.18 2.51 2.51 0.00 0.00 0.00 0.00 0.00 0.00 0.00 0.00 0.00 0.00 0.00 0.00 0.00 0.00 0.00 0.00 0.00 0.00 0.00 2.36
3.00 1.05 1.05 0.31 3.96 3.96 2.61 3.96 3.37 3.37 3.37 3.96 3.37 3.21 3.37 3.96 3.96 3.55 3.54 3.23 3.30 1.09 1.09 1.09 3.30 1.60 3.61 4.27 4.27 4.27 1.28 4.27 3.61 1.28 3.30 3.61 2.53 2.53 3.07 3.07 3.07 1.01 1.01 1.49 3.99 2.53 2.53 1.49 2.58 2.76 2.81 2.81 1.52 2.50 2.51 2.81 2.81 3.18 3.18 3.18 3.18 3.18 3.18 3.18 0.00 0.00 0.00 0.00 0.00 0.00 0.00 0.00 0.00 0.00 0.00 0.00 0.00 0.00 0.00 0.00 0.00 0.00 0.00 2.36
3.00 0.31 0.31 3.91 3.96 3.96 3.96 3.96 3.37 3.96 3.96 2.61 2.61 3.21 3.21 3.21 3.21 3.55 3.54 3.23 1.09 1.09 1.09 1.09 3.30 3.30 3.61 1.60 1.60 4.27 4.27 4.27 4.27 4.27 4.27 2.63 1.19 1.19 3.07 3.07 3.07 1.01 1.01 0.30 1.20 2.53 2.53 2.58 2.47 2.47 2.81 2.47 2.50 2.51 2.51 3.18 2.81 2.81 3.18 3.18 3.18 3.18 2.51 2.51 3.18 3.18 0.00 0.00 0.00 0.00 0.00 0.00 0.00 0.00 0.00 0.00 0.00 0.00 0.00 0.00 0.00 0.00 0.00 2.36
2.61 2.61 2.61 3.91 2.61 3.96 3.21 3.96 3.96 3.96 3.37 3.95 3.21 3.21 3.96 3.21 3.21 1.56 4.19 3.54 1.09 1.09 1.09 1.09 3.30 3.30 4.27 1.09 1.09 3.61 3.30 4.27 4.27 3.61 4.27 4.27 3.98 3.98 3.99 3.07 3.07 1.01 1.01 2.53 2.53 2.53 3.50 2.47 2.47 2.47 2.47 2.48 2.51 2.51 2.51 2.51 3.18 2.81 2.81 3.18 3.18 3.18 2.51 2.51 2.51 3.18 0.00 0.00 0.00 0.00 0.00 0.00 0.00 0.00 0.00 0.00 0.00 0.00 0.00 0.00 0.00 0.00 0.00 0.00
1.17 2.61 2.61 2.61 3.96 3.96 3.21 1.19 3.96 3.96 3.37 3.37 3.37 3.21 3.96 3.96 1.56 1.56 1.56 3.23 1.09 1.09 1.09 3.30 4.27 3.30 4.27 3.30 3.30 3.30 4.27 4.27 1.28 4.27 4.27 4.27 3.98 3.98 1.20 1.20 3.99 3.38 3.99 2.53 3.98 3.12 3.12 2.47 2.47 0.45 2.48 2.48 3.41 2.51 3.41 2.51 3.18 2.81 2.81 3.18 1.04 0.96 2.51 2.51 2.51 3.18 0.00 0.00 0.00 0.00 0.00 0.00 0.00 0.00 0.00 0.00 0.00 0.00 0.00 0.00 0.00 0.00 0.00 0.00
3.91 3.91 1.17 3.91 3.37 3.21 1.06 1.06 3.96 3.37 3.37 3.37 3.24 3.24 3.28 3.21 3.96 1.56 1.56 3.23 3.30 3.30 3.30 1.09 3.30 3.30 4.27 1.09 1.60 4.27 4.27 4.27 4.27 4.27 4.27 4.27 3.98 3.98 3.37 3.99 1.01 3.99 3.99 3.07 2.76 3.12 0.94 3.35 3.15 2.48 2.48 1.49 0.46 3.18 3.18 3.18 3.18 2.51 3.41 1.52 1.04 2.51 2.51 2.51 2.51 3.18 0.00 0.00 0.00 0.00 0.00 0.00 0.00 0.00 0.00 0.00 0.00 0.00 0.00 0.00 0.00 0.00 0.00 0.00
1.05 3.91 3.17 3.17 3.21 3.21 1.06 1.56 1.56 3.37 3.37 3.37 3.28 1.56 1.56 3.28 3.24 1.56 3.23 3.23 3.30 3.61 3.61 1.60 1.60 4.27 4.27 3.45 3.30 1.60 4.27 4.27 4.27 2.63 2.63 4.27 3.98 3.98 3.98 3.98 3.98 3.98 1.01 1.01 2.47 2.47 2.47 2.48 3.15 0.95 2.48 2.48 2.51 2.51 3.18 2.51 3.18 2.51 2.51 2.51 2.51 2.51 2.51 2.51 3.18 3.18 3.18 0.00 0.00 0.00 0.00 0.00 0.00 0.00 0.00 0.00 0.00 0.00 0.00 0.00 0.00 0.00 0.00 0.00
1.05 1.05 3.17 3.17 3.37 3.21 1.06 1.06 1.56 3.21 3.21 3.21 3.28 3.28 1.56 1.56 1.56 3.24 1.06 3.23 3.61 3.30 3.61 0.33 1.09 4.28 1.28 2.63 2.63 1.28 4.27 1.28 1.28 2.63 1.28 4.27 3.98 3.98 3.98 3.98 3.98 2.53 2.76 0.94 0.94 2.47 2.47 2.47 3.39 2.48 2.48 2.48 2.51 2.51 2.51 2.51 2.51 2.51 2.51 2.51 2.51 3.18 3.18 3.18 3.18 3.18 3.18 0.00 0.00 0.00 0.00 0.00 0.00 0.00 0.00 0.00 0.00 0.00 0.00 0.00 0.00 0.00 0.00 0.00
1.05 1.05 1.05 3.17 3.37 3.24 3.11 1.56 1.56 3.21 3.21 3.21 3.24 3.11 3.11 1.56 1.56 1.06 1.06 1.06 4.28 3.30 1.09 4.27 2.63 2.63 4.27 2.63 2.63 4.27 4.27 4.27 4.27 1.28 1.28 4.27 1.19 3.98 3.98 3.98 3.98 2.47 2.47 2.47 2.47 2.47 2.47 2.47 2.47 3.15 3.15 0.95 0.96 2.51 2.51 2.51 2.51 2.51 2.51 2.51 2.51 3.18 3.18 3.18 3.18 3.18 3.18 3.18 0.00 0.00 0.00 0.00 0.00 0.00 0.00 0.00 0.00 0.00 0.00 0.00 0.00 0.00 0.00 0.00
3.91 0.31 3.91 3.91 3.96 3.11 3.24 3.76 3.24 3.24 3.24 3.24 3.24 3.24 3.28 3.11 3.28 1.56 1.06 1.06 1.28 4.27 1.09 1.09 0.33 2.63 2.63 2.63 1.28 1.28 4.27 4.27 4.27 4.27 1.28 1.28 3.98 3.98 3.98 3.98 3.12 3.12 0.94 3.12 2.47 2.47 2.47 2.47 2.47 3.12 3.15 2.48 0.96 2.51 2.51 2.51 2.51 2.51 2.51 2.87 2.87 2.51 2.51 1.52 3.18 3.18 3.18 3.18 2.30 2.30 0.00 0.00 0.00 0.00 0.00 0.00 0.00 0.00 0.00 0.00 0.00 0.00 0.00 0.00
3.91 3.17 3.91 3.73 3.76 3.24 3.11 3.24 3.11 3.76 3.24 3.11 3.24 3.11 3.24 3.11 3.28 1.06 1.56 1.56 1.09 1.09 1.09 1.09 1.09 0.33 0.33 2.63 1.28 2.63 4.27 4.27 4.27 4.27 4.27 4.27 3.98 3.37 3.98 3.98 3.12 3.12 2.47 2.47 3.12 2.47 2.47 0.94 2.47 3.12 3.39 3.15 3.18 3.18 3.18 3.18 3.18 3.18 3.18 3.18 3.18 3.18 3.18 3.18 3.18 3.18 3.18 3.18 2.30 2.30 2.30 2.30 2.30 2.30 2.30 2.30 2.30 2.30 2.30 2.30 2.30 2.30 2.30 2.30
3.91 3.33 3.91 3.73 3.11 3.24 3.24 3.01 3.01 3.11 3.11 1.06 1.06 1.06 1.56 1.06 1.56 1.56 1.56 1.06 1.09 1.60 1.60 1.60 1.09 1.09 0.33 4.27 1.28 4.27 4.27 4.27 4.27 4.27 4.27 4.27 3.98 3.98 3.98 3.12 2.68 2.68 2.76 2.81 1.49 1.49 1.01 1.49 1.49 2.47 2.47 3.39 3.18 3.18 3.18 3.18 3.18 3.18 3.18 3.18 3.18 3.18 3.18 3.18 3.18 2.51 2.51 2.51 1.76 1.76 1.76 1.76 1.76 1.76 1.76 1.76 1.76 1.76 1.76 1.76 1.76 1.76 1.76 1.76
3.33 3.33 3.91 3.07 3.11 3.24 3.01 3.13 3.01 1.08 1.06 1.06 1.06 1.06 1.06 1.06 1.06 1.06 1.06 1.06 1.09 1.09 1.60 3.45 1.60 0.33 0.33 1.09 1.28 2.63 4.27 4.27 1.28 1.28 1.28 1.28 1.20 3.99 3.15 3.15 3.15 3.15 2.76 2.81 1.49 1.49 1.49 0.30 0.30 2.47 3.12 3.12 3.18 3.18 3.18 3.18 3.18 3.18 3.18 3.18 3.18 3.18 3.18 3.18 3.18 3.18 3.18 2.51 1.76 2.30 2.30 2.30 2.30 2.30 2.30 2.30 2.30 2.30 2.30 2.30 2.30 2.30 2.30 2.30
3.22 3.38 3.38 3.77 3.31 3.07 3.07 3.07 1.10 2.54 3.67 1.10 3.67 1.10 1.10 1.10 3.07 3.67 3.67 1.10 1.08 1.08 1.08 1.08 1.08 1.08 1.59 1.08 0.33 1.59 4.25 4.25 2.62 4.25 1.28 4.25 2.52 3.14 3.14 3.14 0.94 3.14 3.14 2.46 0.93 2.46 2.46 2.46 2.46 2.46 2.46 2.46 2.49 3.17 3.17 3.17 3.17 3.17 3.17 3.17 3.17 3.17 3.17 3.17 3.17 3.17 3.17 2.50 2.41 3.05 3.05 3.05 3.05 3.05 3.05 3.05 3.05 3.05 3.05 3.05 3.05 3.05 3.05 3.05
3.22 3.22 3.11 3.24 3.20 3.07 1.10 1.61 1.10 3.67 1.10 1.61 1.61 3.67 3.67 3.67 3.07 3.07 1.61 0.33 1.08 1.08 1.08 1.08 1.08 1.08 1.08 1.59 1.08 4.25 4.25 4.25 1.27 2.62 4.25 4.25 2.47 0.30 3.14 3.14 3.14 3.14 3.14 0.93 2.46 2.46 2.46 2.46 3.10 3.10 2.46 2.46 2.49 2.49 3.17 3.17 3.17 3.17 3.17 3.17 3.17 3.17 3.17 3.17 3.17 2.50 2.50 2.50 2.41 3.05 0.00 0.00 0.00 0.00 0.00 0.00 0.00 0.00 0.00 0.00 0.00 0.00 0.00 0.00
3.22 3.11 3.77 3.24 3.20 3.67 3.67 1.10 3.67 3.67 1.10 1.10 1.61 3.07 3.67 3.67 3.07 3.07 3.67 3.67 0.33 1.08 1.08 1.08 1.08 1.08 1.08 1.08 1.08 4.25 4.25 4.25 4.25 4.25 4.25 3.29 2.47 0.94 3.14 0.94 3.14 3.14 3.14 0.93 3.10 2.46 2.46 2.46 0.84 2.80 3.10 2.46 3.15 3.15 3.15 3.17 3.17 3.17 3.17 3.17 3.17 2.50 2.50 0.95 3.17 2.50 2.50 2.50 2.41 2.41 0.00 0.00 0.00 0.00 0.00 0.00 0.00 0.00 0.00 0.00 0.00 0.00 0.00 0.00
3.22 3.24 3.24 3.77 3.67 3.67 3.67 3.20 3.20 1.10 0.33 1.10 3.67 1.61 3.67 3.67 1.10 1.10 3.67 1.10 1.08 1.08 1.08 1.08 1.08 1.08 1.08 1.08 1.08 4.25 4.25 4.25 4.25 4.25 3.29 3.29 3.14 3.14 3.14 0.94 3.14 3.14 0.93 3.10 2.46 2.46 2.80 2.80 2.80 2.80 2.80 1.48 1.52 2.49 2.49 2.50 3.17 3.17 3.17 3.17 3.17 0.95 3.17 2.50 2.50 2.50 2.50 2.50 2.41 2.41 2.41 0.00 0.00 0.00 0.00 0.00 0.00 0.00 0.00 0.00 0.00 0.00 0.00 0.00
3.22 3.24 3.77 3.57 3.67 3.67 3.67 2.54 2.54 3.67 1.10 3.20 2.54 1.61 1.10 3.67 1.10 1.10 1.10 1.10 1.08 1.08 1.08 1.08 1.08 1.08 1.08 1.08 1.08 1.27 4.25 1.27 4.25 3.29 3.29 2.59 3.14 3.14 3.14 3.14 3.14 3.14 3.10 0.93 0.93 2.46 2.46 2.46 2.80 3.14 3.14 3.33 2.49 2.49 2.50 2.50 3.17 3.17 3.17 3.17 3.17 2.50 0.95 0.95 2.50 2.50 2.50 2.50 2.41 2.41 2.41 0.00 0.00 0.00 0.00 0.00 0.00 0.00 0.00 0.00 0.00 0.00 3.05 3.05
3.11 3.11 2.98 3.01 3.67 3.67 3.67 3.67 1.61 1.61 1.10 3.22 1.61 1.10 3.67 1.10 1.10 1.10 1.10 1.10 1.08 1.08 1.08 1.08 1.08 1.08 1.08 1.08 0.33 1.27 4.25 4.25 2.58 2.59 2.59 2.59 0.94 3.14 3.14 0.94 0.94 3.14 2.46 2.46 0.93 3.10 3.10 3.14 3.14 3.14 3.14 2.47 2.49 3.15 3.17 2.50 2.50 3.17 3.17 3.17 3.17 2.50 3.17 3.17 2.50 2.50 2.50 2.50 2.41 2.41 2.41 2.41 0.00 0.00 0.00 0.00 0.00 0.00 0.00 0.00 3.05 3.05 2.41 2.41
3.11 2.98 3.11 3.01 3.07 3.20 3.67 3.20 3.20 1.61 1.10 1.61 1.61 1.61 1.10 3.67 0.96 0.33 1.10 1.10 1.08 1.59 1.08 1.08 1.08 1.08 1.08 1.08 2.62 4.26 1.27 0.98 2.58 2.88 3.26 3.26 3.10 3.10 2.74 3.10 0.93 3.10 3.10 0.93 3.10 2.66 3.37 3.14 3.14 3.14 3.14 3.14 2.50 3.17 3.17 0.95 2.50 3.17 3.17 2.50 2.50 3.17 3.17 3.17 3.17 2.50 0.95 3.17 2.41 3.05 0.00 2.41 2.41 0.00 0.00 0.00 0.00 0.00 0.00 3.05 2.41 2.41 2.41 3.05
3.11 3.11 1.56 1.56 3.20 3.20 3.20 3.20 3.20 3.07 1.61 1.61 3.07 2.54 1.10 3.67 3.67 3.67 1.10 1.10 1.08 0.33 0.33 0.33 1.08 1.08 1.08 1.08 1.28 4.25 3.29 2.91 2.91 3.26 3.26 3.26 3.10 3.10 0.93 3.10 3.10 3.10 2.74 3.10 1.48 1.48 1.48 3.14 3.14 3.14 3.14 3.14 3.17 3.17 3.17 2.50 2.50 2.50 3.17 3.17 2.50 3.17 3.17 3.17 3.17 3.17 3.17 3.17 2.41 0.00 0.00 0.00 2.41 2.41 0.00 0.00 0.00 3.05 2.41 2.41 2.41 3.05 3.05 0.00
