New_Model_Runs/15_Future_RCP8.5_Scn2_out/post_prcessed_with_MFR/Monthly_summaries/actual_et_monthly_DEC.asc
NCOLS 700
NROWS 400
XLLCENTER 515000.000000
YLLCENTER 8409000.000000
CELLSIZE 50.000000
NODATA_value -999.000000
[rows 228 to 265 of 400, columns 168 to 251 of 700]
1.27 1.86 1.27 1.27 1.27 1.27 1.27 1.27 1.30 1.30 1.91 1.91 4.08 4.08 3.88 3.88 3.88 4.67 1.40 4.67 4.67 4.67 4.67 4.67 1.17 3.88 3.88 3.88 3.88 3.67 3.88 3.67 3.88 4.47 3.88 3.62 3.62 3.87 3.87 3.87 3.75 3.75 3.75 1.17 1.17 1.17 1.17 3.75 3.75 3.75 3.75 1.17 1.17 1.17 1.17 1.71 1.27 1.27 1.27 1.27 1.27 1.27 1.27 1.27 4.04 1.27 1.27 1.87 1.27 1.27 1.27 1.27 1.36 1.36 1.36 1.36 1.36 1.36 1.36 1.36 1.36 1.36 1.36 1.36
1.27 1.27 1.27 1.27 1.27 1.27 1.27 1.27 1.30 1.30 4.08 3.88 4.08 4.08 4.08 3.88 3.88 3.88 4.08 4.08 4.67 1.40 4.67 4.67 3.58 4.47 4.47 4.47 4.47 4.47 3.88 4.47 1.34 3.58 4.47 3.88 3.88 3.88 4.53 3.88 3.75 1.72 1.17 1.17 1.17 1.17 4.40 4.40 4.40 3.75 3.75 1.17 1.17 1.17 1.17 1.17 1.27 1.27 1.27 1.27 1.27 1.27 1.27 1.87 1.87 1.87 1.27 1.27 1.27 1.27 1.27 1.27 4.51 1.36 1.36 2.00 1.36 1.36 1.36 1.36 1.36 1.36 1.36 1.36
1.27 1.27 1.27 1.27 1.27 1.86 1.27 1.27 1.30 1.30 1.30 1.30 4.08 4.08 4.08 3.88 3.88 4.08 4.08 4.08 4.67 4.67 4.67 4.67 4.47 4.47 4.47 4.47 4.47 4.47 3.58 3.58 4.47 4.47 4.47 3.54 4.47 3.58 4.47 4.47 3.77 3.77 3.75 1.17 3.75 3.29 4.40 4.40 4.40 1.72 1.72 1.72 1.72 1.17 1.17 1.17 1.27 1.27 1.27 1.27 1.27 1.27 1.27 1.87 1.87 1.27 1.27 1.27 1.27 1.27 1.87 1.27 4.13 1.36 1.36 1.36 1.36 1.36 1.36 1.36 1.36 1.36 1.36 1.36
1.27 1.27 1.27 1.27 1.27 1.27 1.27 1.27 1.30 1.30 1.91 1.30 4.08 4.08 4.08 4.08 4.08 4.08 4.08 4.08 3.88 3.88 4.08 3.68 4.47 3.83 4.47 4.47 1.34 4.47 3.39 3.58 4.47 4.47 4.47 4.47 3.83 1.78 3.58 4.47 4.34 3.77 3.77 1.17 1.17 4.34 1.17 1.17 1.17 1.72 1.17 1.72 1.17 1.17 1.17 1.17 1.27 1.27 1.27 1.27 1.27 1.27 1.27 1.87 1.27 1.27 1.27 1.27 1.27 1.27 1.27 1.27 1.36 2.00 1.36 1.36 1.36 1.36 1.36 1.36 1.36 1.36 1.36 1.36
1.86 1.27 1.27 1.27 1.27 1.27 1.27 1.27 1.91 1.91 1.91 1.91 1.91 1.91 1.30 4.08 4.08 4.08 4.08 4.08 3.88 3.88 4.08 3.88 3.88 1.78 1.78 3.88 4.47 3.67 4.61 3.58 3.88 4.47 4.47 1.78 1.78 1.78 4.47 4.47 4.34 4.34 4.34 4.34 4.34 1.17 1.17 1.17 1.17 1.17 1.17 1.17 1.17 1.17 1.17 1.17 1.27 1.27 1.27 1.27 1.27 1.27 1.27 1.27 1.27 3.87 3.87 1.27 1.27 1.27 1.27 1.27 1.36 1.36 1.36 1.36 1.36 1.36 1.36 1.36 1.36 1.36 1.36 1.36
1.27 1.27 1.27 1.27 1.27 1.27 1.27 1.27 1.30 1.30 1.91 1.91 1.91 1.91 1.91 1.30 4.08 4.08 4.08 3.88 3.88 3.88 4.08 4.08 3.88 1.78 3.67 3.88 3.88 4.47 3.88 3.58 3.88 1.21 1.78 1.78 1.78 1.78 1.78 1.78 1.17 1.72 1.72 1.72 4.34 1.17 1.17 1.17 1.17 1.72 1.72 1.17 1.17 1.17 1.17 1.17 1.27 1.27 1.27 1.27 1.27 1.27 1.27 1.27 1.27 4.24 3.87 3.87 1.27 1.27 4.25 4.24 1.36 1.36 1.36 1.36 1.36 1.36 1.36 1.36 1.36 1.36 1.36 1.36
1.27 1.27 1.27 1.27 1.86 1.27 1.27 1.27 1.30 1.30 1.30 1.91 1.91 1.91 1.30 1.30 1.30 1.30 1.30 4.08 4.08 4.08 3.88 3.88 3.88 3.83 3.88 3.88 3.88 1.78 1.78 1.78 1.21 1.78 1.21 1.21 4.60 4.60 1.78 1.21 1.72 1.72 1.17 1.72 1.72 1.17 1.72 1.17 1.17 1.17 1.72 1.72 1.72 1.17 1.72 1.17 1.87 1.87 1.87 1.27 1.27 1.27 1.27 1.27 1.27 1.27 3.87 3.87 3.87 3.87 3.87 4.24 1.36 1.36 2.00 1.36 1.36 1.36 1.36 1.36 1.36 1.36 1.36 1.36
1.27 1.27 1.27 1.27 1.27 1.27 1.27 1.27 1.30 1.30 1.91 1.30 1.30 1.30 1.30 1.30 1.30 1.30 1.30 3.88 4.08 4.08 3.88 3.88 3.88 3.83 1.21 1.21 1.78 4.47 1.78 1.78 1.78 1.21 1.21 1.78 3.68 3.68 3.67 1.21 1.72 1.17 1.17 1.72 1.17 1.17 1.17 1.72 1.17 1.17 1.72 3.90 3.55 1.72 1.72 1.72 1.87 1.27 1.27 1.27 1.27 1.27 1.27 1.27 1.27 1.27 5.01 3.87 3.87 1.87 1.27 1.27 1.36 1.36 1.36 1.36 1.36 1.36 1.36 1.36 1.36 1.36 1.36 1.36
1.27 1.27 1.27 1.27 1.27 1.27 1.27 1.27 1.30 1.91 1.91 1.30 1.30 1.30 1.91 1.91 1.30 1.30 1.30 4.08 4.08 3.88 3.88 4.08 3.88 1.78 1.78 1.21 1.21 4.46 4.46 1.78 1.78 1.21 1.21 1.78 1.78 1.78 1.78 1.78 1.72 1.17 1.17 1.17 1.17 1.17 1.17 1.17 1.72 1.17 1.17 3.77 4.60 4.60 4.60 3.55 3.87 1.27 1.87 1.27 1.27 1.27 1.27 1.27 1.27 3.87 4.13 3.87 3.87 1.27 1.27 1.27 1.36 1.36 1.36 1.36 1.36 1.36 1.36 1.36 1.36 1.36 1.36 1.36
1.27 1.27 1.27 1.27 1.27 1.27 1.27 1.27 1.30 1.30 1.30 1.30 1.30 1.30 1.30 1.30 1.91 1.30 1.91 1.91 4.08 3.88 3.88 3.88 3.88 1.78 1.78 1.78 1.21 1.78 4.46 1.78 1.21 1.21 1.21 1.21 1.78 1.78 1.78 1.78 1.72 1.17 1.17 1.17 1.17 1.17 1.17 1.17 1.72 1.17 1.17 1.72 3.90 4.60 4.60 4.60 5.01 4.25 1.27 3.87 1.27 1.27 3.87 5.01 3.87 1.50 4.13 1.87 5.01 1.87 1.87 1.27 1.36 1.36 1.36 1.36 2.00 1.36 1.36 1.36 1.36 1.36 1.36 1.36
1.27 1.27 1.27 1.27 1.27 1.27 1.27 1.27 1.30 1.30 1.30 1.30 1.30 1.30 1.30 1.30 1.30 1.30 1.30 1.30 4.08 4.08 3.88 4.08 3.67 1.21 1.21 1.21 1.78 1.78 1.78 1.21 1.21 1.21 1.21 1.78 1.78 1.78 1.78 1.78 1.17 1.17 1.17 1.17 1.17 1.17 1.72 1.17 1.17 1.72 1.72 1.72 4.34 3.55 3.90 3.90 4.25 4.25 5.01 3.87 3.87 3.87 3.87 3.87 3.87 5.01 5.01 5.01 5.01 3.87 1.87 1.87 1.36 1.36 1.36 1.36 1.36 1.36 1.36 1.36 1.36 1.36 1.36 1.36
1.27 1.27 1.27 1.27 1.27 1.27 1.27 1.27 1.30 1.30 1.30 1.30 1.30 1.30 1.30 1.30 1.30 1.30 4.08 3.88 4.08 1.30 1.30 1.30 3.68 1.21 1.21 1.21 1.21 1.21 1.21 1.78 1.21 1.21 1.21 1.78 1.21 1.78 3.88 1.78 1.17 1.17 1.17 1.17 1.17 1.17 1.17 1.17 1.17 1.72 1.72 1.17 1.17 3.55 3.55 3.55 4.25 3.87 3.87 3.87 3.87 3.87 3.87 5.01 4.25 3.87 3.87 5.01 3.87 3.87 3.87 1.27 1.36 1.36 1.36 1.36 1.36 1.36 1.36 1.36 1.36 1.36 1.36 1.36
1.27 1.27 1.27 1.27 1.27 1.27 1.27 1.27 1.30 1.30 1.30 1.30 1.30 1.30 1.30 1.30 1.91 1.91 3.88 1.91 1.91 1.30 1.30 1.30 1.21 1.21 1.21 1.21 1.21 1.21 1.21 1.21 1.78 1.21 1.21 1.78 1.21 1.78 1.21 1.78 1.17 1.17 1.17 1.17 1.17 1.17 1.17 1.17 1.06 0.51 1.17 1.17 3.55 3.55 3.55 3.89 4.25 3.87 3.87 3.87 5.01 5.01 5.01 5.01 4.25 1.50 3.87 3.87 4.25 4.25 3.87 1.27 2.00 1.36 1.36 1.36 1.36 1.36 1.36 1.36 1.36 1.36 1.36 1.36
1.27 1.27 1.27 1.27 1.27 1.27 1.86 1.27 1.30 1.30 1.30 1.30 1.30 1.30 1.30 1.30 1.91 1.91 1.91 1.91 1.91 1.30 1.30 1.30 1.21 1.21 1.21 1.21 1.21 1.21 1.21 1.21 1.21 1.21 1.78 1.21 1.21 1.78 1.78 1.21 1.17 1.17 1.17 1.17 1.17 1.17 1.17 3.77 3.77 3.77 4.34 3.55 3.55 4.34 3.55 3.55 3.87 3.87 3.87 3.87 1.50 1.50 5.01 5.01 5.01 3.87 5.01 3.87 3.87 3.87 1.27 1.27 1.36 1.36 1.36 1.36 1.36 1.36 1.36 1.36 1.36 1.36 1.36 1.36
1.32 1.32 1.32 1.32 1.32 1.32 1.32 1.32 1.34 1.34 1.34 1.34 1.34 1.34 1.34 1.34 1.34 1.97 1.34 1.97 1.34 1.34 1.34 1.34 1.28 1.28 1.28 1.28 1.28 1.28 1.28 1.28 1.28 1.28 1.28 1.28 1.28 1.28 1.88 1.28 1.25 1.25 1.83 1.83 1.25 3.73 3.92 3.92 3.92 1.25 1.25 1.25 1.83 3.92 3.73 4.11 3.92 3.92 3.92 5.08 5.08 1.52 5.08 5.08 5.08 5.08 3.92 3.92 1.89 1.89 1.29 1.29 1.38 1.38 1.38 1.38 1.38 1.38 1.38 1.38 1.38 1.38 1.38 1.38
1.32 1.32 1.32 1.32 1.32 1.32 1.32 1.32 1.34 1.34 1.34 1.34 1.34 1.34 1.34 1.34 1.34 1.34 1.34 1.34 1.34 1.34 1.34 1.34 1.28 1.28 1.28 1.28 1.28 1.28 1.28 1.28 1.28 1.28 1.28 1.28 1.28 1.28 1.28 1.28 1.25 1.25 1.25 1.83 3.73 3.73 3.73 3.73 1.25 1.25 1.25 1.25 1.25 1.25 1.25 4.11 4.24 4.24 3.92 3.92 5.08 5.08 5.08 5.08 5.08 5.08 4.31 3.92 1.89 1.29 1.29 1.29 1.38 1.38 1.38 1.38 1.38 1.38 1.38 1.38 1.38 1.38 1.38 1.38
1.32 1.32 1.32 1.32 1.32 1.94 1.32 1.32 1.34 1.34 1.34 1.34 1.34 1.34 1.34 1.34 1.34 1.34 1.34 1.34 1.34 1.34 1.34 1.34 1.28 1.28 1.28 1.28 1.28 1.28 1.28 1.28 1.28 1.28 1.28 1.28 1.28 1.28 1.28 1.88 1.25 1.25 1.25 1.25 1.83 3.73 1.83 1.83 1.83 1.25 1.25 1.25 1.25 1.25 1.25 4.11 4.24 3.92 4.31 4.31 5.08 1.89 1.89 1.89 5.08 3.92 3.92 4.31 1.89 1.89 1.29 1.29 1.38 1.38 1.38 1.38 1.38 1.38 1.38 1.38 2.03 1.38 1.38 1.38
1.32 1.32 1.32 1.32 1.32 1.32 1.32 1.32 1.34 1.34 1.34 1.34 1.34 1.34 1.34 1.34 1.34 1.34 1.97 1.97 1.34 1.34 1.34 1.34 1.28 1.28 1.28 1.28 1.28 1.28 1.28 1.28 1.28 1.28 1.28 1.28 1.28 1.28 1.28 1.88 1.25 1.83 1.25 1.25 1.83 1.25 1.83 1.25 1.83 1.25 1.25 1.25 0.37 4.50 1.25 3.78 3.92 4.24 4.31 5.08 5.08 5.08 3.92 3.92 3.92 3.92 3.92 1.89 1.89 1.29 1.29 1.29 1.38 1.38 1.38 1.38 1.38 1.38 1.38 2.03 2.03 2.03 2.03 1.38
1.32 1.32 1.32 1.32 1.32 1.32 1.32 1.32 1.34 1.34 1.97 1.97 1.97 1.97 1.97 1.97 1.34 1.34 1.97 1.34 1.34 1.34 1.34 1.34 1.28 1.28 1.28 1.28 1.28 1.28 1.28 1.28 1.28 1.28 1.28 1.28 1.28 1.28 1.28 1.28 1.25 1.25 1.83 1.25 1.25 1.25 1.25 1.25 4.50 1.25 1.25 1.25 1.25 4.50 0.55 1.25 1.29 3.92 5.08 5.08 1.89 5.08 4.31 5.08 3.92 3.92 1.29 1.29 1.89 1.89 1.29 1.29 1.38 1.38 1.38 1.38 1.38 1.38 1.38 1.38 1.38 2.03 1.38 4.20
1.32 1.32 1.32 1.32 1.32 1.32 1.32 1.32 1.34 1.34 1.97 1.34 1.97 1.97 1.97 1.34 1.97 4.27 1.34 1.34 1.34 1.34 1.34 1.34 1.28 1.28 1.28 1.28 1.28 1.28 1.28 1.28 1.28 1.28 1.28 1.28 1.28 1.28 1.28 1.28 1.25 1.25 1.25 1.25 1.25 1.25 1.83 1.25 4.50 1.83 1.25 1.25 4.50 3.57 1.83 1.83 1.29 4.31 3.92 1.89 1.89 1.89 1.52 5.08 4.31 3.92 1.29 1.29 1.29 1.89 4.09 4.31 1.38 1.38 1.38 1.38 1.38 1.38 1.38 1.38 1.38 1.38 1.38 4.56
1.32 1.32 1.32 1.32 1.32 1.32 1.32 1.32 1.34 1.34 1.97 1.97 1.34 1.97 1.97 1.97 1.97 4.27 1.34 1.34 1.34 1.34 1.34 1.34 1.28 1.28 1.28 1.28 1.28 1.28 1.28 1.28 1.28 1.28 1.28 1.28 1.28 1.28 1.28 1.28 1.25 1.83 1.25 1.25 1.25 1.25 1.83 1.83 4.50 1.83 1.25 1.25 3.92 4.11 1.25 1.83 1.89 4.31 4.31 4.31 3.92 5.08 4.18 4.18 3.92 3.92 5.08 3.92 1.29 1.29 3.92 3.92 1.38 1.38 1.38 2.03 4.61 1.38 1.38 1.38 1.38 1.38 1.38 4.56
1.32 1.32 1.32 1.32 1.32 1.32 1.32 1.32 1.34 1.34 1.34 1.97 1.34 1.97 1.34 1.97 1.97 1.97 1.34 1.34 1.97 1.34 1.34 1.34 1.28 1.28 1.28 1.28 1.28 1.28 1.28 1.28 1.28 1.28 1.28 1.28 1.28 1.28 1.28 1.28 1.25 1.25 1.25 1.25 1.25 1.25 1.25 4.50 4.50 4.50 1.83 1.25 1.25 1.83 4.11 1.83 1.89 3.92 3.92 3.92 4.31 5.08 1.52 5.08 3.92 3.92 3.92 4.31 3.92 3.92 3.92 3.92 4.61 1.38 1.38 2.03 5.44 4.61 4.20 4.20 1.38 1.38 1.38 4.20
1.32 1.32 1.32 1.32 1.32 1.32 1.32 1.32 1.34 1.34 1.34 1.97 1.97 1.34 1.34 1.34 1.34 1.97 1.97 1.97 1.97 1.34 1.34 1.34 1.28 1.28 1.28 1.28 1.28 1.28 1.28 1.28 1.28 1.28 1.28 1.28 1.28 1.28 1.28 1.28 1.25 1.25 4.50 4.50 1.25 1.25 1.25 1.25 4.50 1.83 1.25 1.25 1.83 1.25 3.78 4.11 1.89 1.89 3.92 3.92 5.08 4.31 4.31 3.92 3.92 3.92 4.31 3.92 4.31 4.31 3.92 4.31 4.61 1.38 2.03 2.03 5.44 4.61 5.44 5.44 4.20 1.38 5.42 4.61
1.32 1.32 1.32 1.32 1.32 1.32 1.32 1.32 1.34 1.34 1.34 1.97 1.97 1.34 1.97 1.97 1.97 1.97 1.97 1.97 1.97 1.34 1.34 1.34 1.28 1.28 1.28 1.28 1.28 1.28 1.28 1.28 1.28 1.28 1.28 1.28 1.28 1.28 1.28 1.28 1.25 1.25 4.50 4.50 4.50 4.50 4.50 4.50 1.83 1.83 1.83 1.83 1.25 4.11 3.78 1.25 1.29 1.89 1.89 5.08 1.52 5.08 4.31 3.92 3.92 4.31 4.31 4.31 4.31 4.31 3.92 3.92 4.38 2.03 2.03 2.03 5.44 5.44 5.44 5.44 5.44 5.44 5.44 0.41
1.32 1.32 1.32 1.32 1.32 1.32 1.32 1.32 1.34 1.34 1.34 1.97 1.97 1.34 1.34 1.97 1.97 1.97 1.97 1.97 1.97 1.34 1.34 1.34 1.28 1.28 1.28 1.28 1.28 1.28 1.28 1.28 1.28 1.28 1.28 1.28 1.28 1.28 1.28 1.28 1.25 1.25 4.50 4.50 4.50 4.50 4.50 4.50 1.25 1.25 1.25 1.83 1.83 4.11 3.78 1.25 4.31 3.92 3.92 4.31 5.08 5.08 5.08 5.08 5.08 5.08 4.31 4.31 4.31 4.31 4.31 4.31 4.38 1.38 4.20 4.61 5.44 5.44 5.44 5.44 5.44 1.63 4.41 1.38
1.32 1.32 1.32 1.32 1.32 1.32 1.32 1.32 1.34 1.34 1.34 1.97 1.97 1.34 1.97 4.14 1.97 1.97 1.97 1.34 1.34 1.34 1.34 1.34 1.28 1.28 1.28 1.28 1.28 1.28 1.28 1.28 1.28 1.28 1.28 1.28 1.28 1.28 1.28 1.28 1.25 1.25 4.50 3.91 1.83 1.25 1.25 1.25 1.25 1.25 1.25 1.83 1.25 3.78 1.83 1.83 4.24 3.92 3.92 3.92 5.08 4.18 5.08 3.92 3.92 3.92 4.31 3.92 3.92 4.31 4.31 4.31 4.20 4.20 5.44 5.44 5.44 5.44 5.44 5.44 5.44 1.63 4.41 4.41
1.94 1.32 1.32 1.32 1.32 1.32 1.32 1.32 1.34 1.34 1.34 1.97 1.97 4.15 4.15 1.97 1.97 1.97 1.97 1.34 1.34 1.34 1.34 1.34 1.28 1.28 1.28 1.28 1.28 1.28 1.28 1.28 1.28 1.28 1.28 1.28 1.28 1.28 1.28 1.28 1.25 1.25 4.50 4.50 1.25 1.25 1.25 1.25 1.25 1.25 1.25 3.73 3.78 3.78 3.78 3.78 3.92 4.31 3.92 5.08 5.08 5.08 5.08 4.31 3.92 3.92 4.31 3.92 3.92 4.31 4.31 3.92 4.20 4.20 5.44 5.44 4.20 4.20 5.44 5.44 5.44 5.44 5.44 1.63
1.32 1.94 1.32 1.32 1.32 1.32 1.32 1.32 1.34 1.34 1.34 1.34 1.97 4.15 4.15 4.15 1.97 1.97 1.34 1.34 1.34 1.34 1.34 1.34 1.28 1.28 1.28 1.28 1.28 1.28 1.28 1.28 1.28 1.28 1.28 1.28 1.28 1.28 1.28 1.28 1.25 1.25 1.83 1.25 1.25 1.25 1.25 1.25 1.25 1.25 1.25 3.73 3.78 3.78 3.78 3.78 3.92 3.92 3.92 4.31 1.52 5.08 4.18 5.08 5.08 5.08 1.52 5.08 5.08 4.31 4.31 1.89 2.03 2.03 4.61 5.44 4.20 5.44 5.44 5.44 1.63 5.44 5.44 5.44
1.32 1.32 1.32 1.32 1.32 1.32 1.32 1.32 1.34 1.97 1.97 4.14 4.15 4.14 4.15 4.14 4.14 1.97 1.34 1.34 1.34 1.34 1.34 1.34 1.28 1.28 1.28 1.28 1.28 1.28 1.28 1.28 1.28 1.28 1.28 1.28 1.28 1.28 1.28 1.28 1.25 1.25 1.25 1.83 1.25 1.25 1.25 1.83 1.83 1.83 3.73 3.73 3.78 4.11 4.11 3.78 4.31 3.92 3.92 4.31 5.08 5.08 5.08 5.08 5.08 3.92 3.92 3.92 4.31 4.31 4.31 4.31 5.44 5.44 4.61 5.44 4.20 4.20 4.20 5.44 4.41 5.44 5.44 5.44
1.32 1.32 1.32 1.32 1.32 1.32 1.32 1.32 1.34 1.34 1.34 1.97 4.15 4.15 1.97 1.97 1.97 1.97 1.97 1.34 1.34 1.34 1.34 1.34 1.28 1.28 1.28 1.28 1.28 1.28 1.28 1.28 1.28 1.28 1.28 1.28 1.28 1.28 1.28 1.28 1.25 1.25 1.25 1.25 1.25 1.25 1.25 1.83 1.83 1.83 3.73 3.73 3.78 3.78 3.78 4.15 3.92 5.08 5.08 5.08 5.08 5.08 3.92 5.08 5.08 3.92 3.92 3.92 4.31 4.31 3.92 3.92 4.61 5.44 5.44 5.44 4.20 4.20 4.20 5.44 5.44 5.44 5.44 4.61
4.28 1.43 1.43 1.43 1.43 1.43 1.43 2.10 1.47 1.47 1.47 2.16 2.16 2.16 2.16 1.47 1.47 1.47 2.16 1.47 1.47 1.47 1.47 1.47 1.35 1.35 1.35 1.35 1.35 1.35 1.35 1.35 1.35 1.35 1.35 1.35 1.35 1.35 1.35 1.35 1.42 1.42 1.42 1.42 1.42 1.42 1.42 1.42 4.06 4.06 4.06 4.24 4.32 4.32 4.32 4.74 5.28 4.07 5.28 4.47 4.07 4.07 4.07 5.28 5.28 4.47 4.07 4.07 4.07 4.07 4.07 4.07 4.29 4.71 4.29 4.29 2.08 2.08 2.08 5.56 5.56 5.56 4.71 4.29
1.43 5.17 1.43 1.43 1.43 1.43 2.10 1.43 2.16 1.47 1.47 2.16 2.16 2.16 1.47 1.47 1.47 1.47 1.47 1.47 1.47 1.47 1.47 1.47 1.35 1.35 1.35 1.35 1.35 1.35 1.35 1.35 1.35 1.35 1.35 1.35 1.35 1.35 1.35 1.35 1.42 1.42 1.42 1.42 2.09 1.42 1.42 1.42 1.42 4.06 4.06 4.32 4.32 4.32 4.32 4.74 4.07 4.07 4.07 4.07 4.47 4.07 4.07 4.07 5.28 5.28 4.07 4.07 4.47 4.07 4.07 4.07 4.71 4.71 4.71 4.71 4.71 4.29 5.56 4.71 1.67 5.56 4.71 4.29
2.10 1.43 1.43 1.43 1.43 1.43 1.43 1.43 2.16 1.47 1.47 1.47 1.47 2.16 1.47 1.47 1.47 1.47 1.47 1.47 1.47 1.47 1.47 1.47 1.35 1.35 1.35 1.35 1.35 1.35 1.35 1.35 1.35 1.35 1.35 1.35 1.35 1.35 1.35 1.35 1.42 1.42 1.42 1.42 2.09 2.09 1.42 1.42 1.42 1.42 1.42 1.42 1.42 4.74 4.32 4.74 4.07 4.07 5.28 4.07 4.47 4.07 4.07 4.07 5.28 5.28 5.28 4.07 4.07 4.07 4.07 4.07 4.29 4.71 4.71 4.71 4.29 4.29 4.29 5.56 5.56 4.29 4.29 4.29
1.43 1.43 1.43 2.10 2.10 1.43 1.43 1.43 1.47 1.47 1.47 1.47 2.16 2.16 1.47 1.47 1.47 1.47 1.47 1.47 1.47 1.47 1.47 1.47 1.35 1.35 1.35 1.35 1.35 1.98 1.35 1.35 1.35 1.35 1.35 1.35 1.35 1.35 1.35 1.35 1.42 1.42 1.42 1.42 1.42 1.42 1.42 1.42 1.42 1.42 1.42 1.42 1.42 1.42 5.60 4.74 4.47 4.47 4.07 4.07 4.07 4.47 4.07 4.07 5.28 5.28 5.28 4.07 4.07 4.07 4.07 4.07 4.29 4.29 4.71 4.71 4.29 4.71 5.56 5.56 5.56 4.29 4.29 4.29
1.43 2.10 1.43 1.43 1.43 2.10 1.43 1.43 1.47 1.47 1.47 2.16 2.16 2.16 2.16 1.47 1.47 1.47 1.47 1.47 1.47 1.47 1.47 1.47 1.35 1.35 1.35 1.35 1.35 1.35 1.35 1.35 1.35 1.35 1.35 1.35 1.35 1.35 1.35 1.35 1.42 1.42 1.42 1.42 1.42 1.42 1.42 2.09 1.42 2.09 2.09 1.42 1.42 1.42 4.32 4.74 4.47 5.28 4.47 4.07 4.07 4.07 4.07 4.07 5.28 5.28 5.28 4.07 4.25 1.97 1.97 5.28 4.71 4.71 4.71 4.71 4.29 4.29 5.56 1.67 5.56 4.29 4.29 4.29
4.28 1.43 2.10 1.43 1.43 1.43 1.43 1.43 1.47 1.47 1.47 2.16 1.47 1.47 2.16 1.47 1.47 2.16 1.47 1.47 1.47 1.47 1.47 1.47 1.35 1.35 1.35 1.35 1.35 1.35 1.35 1.35 1.35 1.35 1.35 1.35 1.35 1.35 1.35 1.35 1.42 1.42 1.42 1.42 1.42 2.09 2.09 2.09 2.09 2.09 1.42 1.42 1.42 1.42 4.32 4.74 4.47 4.47 4.07 4.07 4.47 5.28 5.28 4.07 4.07 5.28 5.28 4.47 4.07 4.07 5.28 5.28 4.71 5.56 4.71 4.29 4.29 5.56 5.56 5.56 4.29 5.56 5.56 4.71
4.28 4.28 4.28 1.43 1.43 1.43 1.43 1.43 1.47 1.47 2.16 2.16 2.16 2.16 1.47 1.47 1.47 1.47 1.47 1.47 1.47 1.47 1.47 1.47 1.35 1.35 1.35 1.35 1.35 1.35 1.35 1.35 1.35 1.35 1.35 1.35 1.35 1.35 1.35 1.35 1.42 1.42 1.42 1.42 1.42 1.42 2.09 1.42 1.42 1.42 1.42 1.42 1.42 4.62 4.74 4.74 4.47 4.07 4.47 5.28 5.28 4.07 4.07 4.47 4.07 5.28 5.28 4.07 5.28 5.28 4.07 4.07 4.29 5.56 4.29 4.29 5.57 5.56 5.56 4.71 4.29 5.56 5.56 4.29
4.28 4.28 4.28 4.28 1.43 1.43 1.43 1.43 1.47 1.47 2.16 2.16 1.47 1.47 1.47 1.47 1.47 1.47 1.47 1.47 1.47 1.47 1.47 1.47 1.35 1.35 1.35 1.35 1.35 1.35 1.35 1.35 1.35 1.35 1.35 1.35 1.35 1.35 1.35 1.35 1.42 1.42 1.42 1.42 1.42 1.42 1.42 1.42 4.06 4.24 1.42 1.42 1.42 4.74 4.74 4.74 4.47 4.47 4.07 5.28 5.28 4.07 4.47 4.07 4.07 4.07 4.47 4.47 4.07 4.07 4.07 4.07 4.29 4.29 4.71 5.56 5.56 5.56 4.29 4.71 4.29 4.29 4.68 4.29
