New_Model_Runs/15_Future_RCP8.5_Scn2_out/post_prcessed_with_MFR/Monthly_summaries/actual_et_monthly_FEB.asc
NCOLS 700
NROWS 400
XLLCENTER 515000.000000
YLLCENTER 8409000.000000
CELLSIZE 50.000000
NODATA_value -999.000000
[rows 228 to 265 of 400, columns 84 to 167 of 700]
1.26 1.26 1.26 1.26 1.26 1.26 1.26 1.26 1.26 1.26 1.26 1.26 1.23 1.23 1.23 1.23 1.23 1.23 1.23 1.23 1.23 1.23 1.23 1.23 1.23 1.23 1.23 1.23 1.18 1.18 1.18 1.18 1.18 1.18 1.18 1.18 1.18 1.18 1.18 1.18 1.18 1.18 1.18 1.18 1.20 1.20 1.20 1.20 1.20 1.20 1.20 1.20 1.20 1.20 1.20 1.20 1.20 1.20 1.20 1.20 1.18 1.18 1.18 1.18 1.18 1.18 1.18 1.18 1.18 1.18 1.18 1.18 1.18 1.18 1.18 1.18 1.15 1.15 1.15 1.15 1.15 1.15 1.15 1.69
1.26 1.26 1.26 1.26 1.26 1.26 1.26 1.26 1.26 1.26 1.26 1.26 1.23 1.23 1.23 1.23 1.23 1.23 1.23 1.23 1.23 1.23 1.23 1.23 1.23 1.23 1.23 1.23 1.18 1.18 1.18 1.18 1.18 1.18 1.18 1.18 1.18 1.18 1.18 1.18 1.18 1.18 1.18 1.18 1.20 1.20 1.20 1.20 1.20 1.20 1.20 1.20 1.20 1.20 1.20 1.20 1.20 1.20 1.20 1.20 1.18 1.18 1.18 1.18 1.18 1.18 1.18 1.18 1.18 1.18 1.18 1.73 1.18 1.18 1.18 1.18 1.15 1.15 1.15 1.15 1.15 1.15 1.15 1.15
1.26 1.26 1.26 1.26 1.26 1.26 1.26 1.26 1.26 1.26 1.26 1.26 1.23 1.23 1.23 1.23 1.23 1.23 1.23 1.23 1.23 1.23 1.23 1.23 1.23 1.23 1.23 1.23 1.18 1.18 1.18 1.18 1.18 1.18 1.18 1.18 1.18 1.18 1.18 1.18 1.18 1.18 1.18 1.18 1.20 1.20 1.20 1.20 1.20 1.20 1.20 1.20 1.20 1.20 1.20 1.20 1.20 1.20 1.20 1.20 1.18 1.18 1.18 1.18 1.18 1.18 1.18 1.18 1.18 1.18 1.18 1.73 1.18 1.18 1.18 1.18 1.15 1.15 1.69 1.15 1.15 1.15 1.15 1.15
1.26 1.26 1.26 1.26 1.26 1.26 1.26 1.26 1.26 1.26 1.26 1.26 1.23 1.23 1.23 1.23 1.23 1.23 1.23 1.23 1.23 1.23 1.23 1.23 1.23 1.23 1.23 1.23 1.18 1.18 1.18 1.18 1.18 1.18 1.18 1.18 1.18 1.18 1.18 1.18 1.18 1.18 1.18 1.18 1.20 1.20 1.20 1.20 1.20 1.20 1.20 1.20 1.20 1.20 1.20 1.20 1.20 1.20 1.20 1.20 1.18 1.18 1.18 1.18 1.18 1.18 1.18 1.18 1.18 1.18 1.18 1.18 1.18 1.18 1.18 1.18 1.15 1.15 1.15 1.15 1.15 1.15 1.15 1.15
1.26 1.26 1.26 1.26 1.26 1.26 1.26 1.26 1.26 1.26 1.26 1.26 1.23 1.80 1.23 1.23 1.23 1.23 1.23 1.23 1.23 1.23 1.23 1.23 1.23 1.23 1.23 1.23 1.18 1.18 1.18 1.18 1.18 1.18 1.18 1.18 1.18 1.18 1.18 1.18 1.18 1.18 1.18 1.18 1.20 1.20 1.20 1.20 1.20 1.20 1.20 1.20 1.20 1.20 1.20 1.20 1.20 1.20 1.20 1.20 1.18 1.18 1.18 1.18 1.18 1.18 1.18 1.18 1.18 1.18 1.18 1.18 1.18 1.18 1.18 1.18 1.15 1.15 1.15 1.15 1.15 1.15 1.15 1.15
1.26 1.26 1.26 1.26 1.26 1.26 1.26 1.26 1.26 1.26 1.26 1.26 1.23 1.23 1.23 1.23 1.23 1.23 1.23 1.23 1.23 1.23 1.23 1.23 1.23 1.23 1.23 1.23 1.18 1.18 1.18 1.18 1.18 1.18 1.18 1.18 1.18 1.18 1.18 1.18 1.18 1.18 1.18 1.18 1.20 1.20 1.20 1.20 1.20 1.20 1.20 1.20 1.20 1.20 1.20 1.20 1.20 1.20 1.20 1.20 1.18 1.18 1.18 1.18 1.18 1.18 1.18 1.18 1.18 1.18 1.18 1.18 1.18 1.18 1.18 1.18 1.15 1.15 1.15 1.15 1.15 1.15 1.15 1.15
1.26 1.26 1.26 1.26 1.26 1.26 1.26 1.26 1.26 1.26 1.26 1.26 1.23 1.23 1.23 1.23 1.23 1.23 1.23 1.23 1.23 1.23 1.23 1.23 1.23 1.23 1.23 1.23 1.18 1.18 1.18 1.18 1.18 1.18 1.18 1.18 1.18 1.18 1.18 1.18 1.18 1.18 1.18 1.18 1.20 1.20 1.20 1.20 1.20 1.20 1.20 1.20 1.20 1.20 1.20 1.20 1.20 1.20 1.20 1.20 1.18 1.18 1.18 1.18 1.18 1.18 1.18 1.18 1.18 1.18 1.18 1.18 1.18 1.18 1.18 1.18 1.15 1.15 1.15 1.69 1.69 1.15 1.15 1.15
1.26 1.26 1.26 1.26 1.26 1.26 1.26 1.26 1.26 1.26 1.26 1.26 1.23 1.23 1.23 1.23 1.23 1.23 1.23 1.23 1.23 1.23 1.23 1.23 1.23 1.23 1.23 1.23 1.18 1.18 1.18 1.18 1.18 1.18 1.18 1.18 1.18 1.18 1.18 1.18 1.18 1.18 1.18 1.18 1.20 1.20 1.20 1.20 1.20 1.20 1.20 1.20 1.20 1.20 1.20 1.20 1.20 1.20 1.20 1.20 1.18 1.18 1.18 1.18 1.18 1.18 1.18 1.18 1.18 1.18 1.18 1.18 1.18 1.18 1.18 1.18 1.15 1.15 1.15 1.15 1.69 1.15 1.15 1.15
1.26 1.26 1.26 1.26 1.26 1.26 1.26 1.26 1.26 1.26 1.26 1.26 1.23 1.23 1.23 1.23 1.23 1.23 1.23 1.23 1.23 1.23 1.23 1.23 1.23 1.23 1.23 1.23 1.18 1.18 1.18 1.18 1.18 1.18 1.18 1.18 1.18 1.18 1.18 1.18 1.18 1.18 1.18 1.18 1.20 1.20 1.20 1.20 1.20 1.20 1.20 1.20 1.20 1.20 1.20 1.20 1.20 1.20 1.20 1.20 1.18 1.18 1.18 1.18 1.18 1.18 1.18 1.18 1.18 1.18 1.18 1.18 1.18 1.18 1.18 1.18 1.15 1.15 1.15 1.15 1.15 1.69 1.15 1.15
1.26 1.26 1.26 1.26 1.26 1.26 1.26 1.26 1.26 1.26 1.26 1.26 1.23 1.23 1.23 1.23 1.23 1.23 1.23 1.23 1.23 1.23 1.23 1.23 1.23 1.23 1.23 1.23 1.18 1.18 1.18 1.18 1.18 1.18 1.18 1.18 1.18 1.18 1.18 1.18 1.18 1.18 1.18 1.18 1.20 1.20 1.20 1.20 1.20 1.20 1.20 1.20 1.20 1.20 1.20 1.20 1.20 1.20 1.20 1.20 1.18 1.18 1.18 1.18 1.18 1.18 1.18 1.18 1.18 1.18 1.18 1.18 1.18 1.18 1.18 1.18 1.15 1.15 1.15 1.15 1.15 1.15 1.15 1.15
1.26 1.26 1.26 1.26 1.26 1.26 1.26 1.26 1.26 1.26 1.26 1.26 1.23 1.23 1.23 1.23 1.23 1.23 1.23 1.23 1.23 1.23 1.23 1.23 1.23 1.23 1.23 1.23 1.18 1.18 1.18 1.18 1.18 1.18 1.18 1.18 1.18 1.18 1.18 1.18 1.18 1.18 1.18 1.18 1.20 1.20 1.20 1.20 1.20 1.20 1.20 1.20 1.20 1.20 1.20 1.20 1.20 1.20 1.20 1.20 1.18 1.18 1.18 1.18 1.18 1.18 1.18 1.73 1.18 1.18 1.18 1.18 1.18 1.18 1.18 1.18 1.15 1.15 1.15 1.15 1.15 1.15 1.15 1.15
1.26 1.26 1.26 1.26 1.26 1.26 1.26 1.26 1.26 1.26 1.26 1.26 1.23 1.23 1.23 1.23 1.23 1.23 1.23 1.23 1.23 1.23 1.23 1.23 1.23 1.23 1.23 1.23 1.18 1.18 1.18 1.18 1.18 1.18 1.18 1.18 1.18 1.18 1.18 1.18 1.18 1.18 1.18 1.18 1.20 1.20 1.20 1.20 1.20 1.20 1.20 1.20 1.20 1.20 1.20 1.20 1.20 1.20 1.20 1.20 1.18 1.18 1.18 1.18 1.18 1.18 1.73 1.18 1.18 1.18 1.18 1.18 1.18 1.18 1.18 1.18 1.15 1.15 1.15 1.15 1.15 1.15 1.15 1.15
1.26 1.26 1.26 1.26 1.26 1.26 1.26 1.26 1.26 1.26 1.26 1.26 1.23 1.23 1.23 1.23 1.23 1.23 1.23 1.23 1.23 1.23 1.23 1.23 1.23 1.23 1.23 1.23 1.18 1.18 1.18 1.18 1.18 1.18 1.18 1.18 1.18 1.18 1.18 1.18 1.18 1.18 1.18 1.18 1.20 1.20 1.20 1.20 1.20 1.20 1.20 1.20 1.20 1.20 1.20 1.20 1.20 1.20 1.20 1.20 1.18 1.18 1.18 1.18 1.18 1.18 1.18 1.18 1.18 1.73 1.73 1.18 1.18 1.18 1.18 1.18 1.15 1.15 1.15 1.15 1.15 1.15 1.15 1.15
1.26 1.26 1.26 1.26 1.26 1.26 1.26 1.26 1.26 1.26 1.26 1.26 1.23 1.23 1.80 1.23 1.23 1.23 1.23 1.23 1.23 1.23 1.23 1.23 1.23 1.23 1.23 1.23 1.18 1.18 1.18 1.18 1.18 1.18 1.18 1.18 1.18 1.18 1.18 1.18 1.18 1.18 1.18 1.18 1.20 1.20 1.20 1.20 1.20 1.20 1.20 1.20 1.20 1.20 1.20 1.20 1.20 1.20 1.20 1.20 1.18 1.18 1.18 1.18 1.18 1.18 1.18 1.18 1.18 1.18 1.18 1.18 1.18 1.18 1.18 1.18 1.15 1.15 1.15 1.15 1.15 1.15 1.15 1.15
1.27 1.27 1.27 1.27 1.27 1.27 1.27 1.27 1.27 1.27 1.27 1.27 1.27 1.27 1.27 1.27 1.27 1.27 1.27 1.27 1.27 1.27 1.27 1.27 1.27 1.27 1.27 1.86 1.35 1.35 1.35 1.35 1.35 1.35 1.35 1.35 1.35 1.35 1.35 1.35 1.35 1.35 1.35 1.35 1.29 1.29 1.29 1.29 1.29 1.29 1.29 1.29 1.29 1.29 1.29 1.29 1.29 1.29 1.29 1.29 1.31 1.31 1.31 1.31 1.31 1.31 1.31 1.31 1.31 1.31 1.31 1.31 1.31 1.31 1.31 1.31 1.21 1.21 1.21 1.21 1.21 1.21 1.21 1.21
1.27 1.27 1.27 1.27 1.27 1.27 1.27 1.27 1.27 1.27 1.27 1.27 1.27 1.27 1.27 1.27 1.27 1.27 1.27 1.27 1.27 1.27 1.27 1.27 1.27 1.27 1.27 1.27 1.35 1.35 1.35 1.35 1.35 1.35 1.35 1.35 1.35 1.35 1.35 1.35 1.35 1.35 1.35 1.35 1.29 1.29 1.29 1.29 1.29 1.29 1.29 1.29 1.29 1.29 1.29 1.29 1.29 1.29 1.29 1.90 1.31 1.31 1.31 1.31 1.31 1.31 1.31 1.31 1.31 1.31 1.31 1.31 1.31 1.31 1.31 1.31 1.21 1.21 1.21 1.21 1.21 1.21 1.21 1.21
1.27 1.27 1.27 1.27 1.27 1.27 1.27 1.27 1.27 1.27 1.27 1.27 1.27 1.27 1.27 1.27 1.27 1.27 1.27 1.27 1.27 1.27 1.27 1.27 1.27 1.27 1.27 1.27 1.35 1.35 1.35 1.35 1.35 1.35 1.35 1.35 1.35 1.35 1.35 1.35 1.35 1.35 1.35 1.35 1.29 1.29 1.29 1.29 1.29 1.29 1.29 1.29 1.29 1.29 1.29 1.29 1.29 1.29 1.29 1.29 1.31 1.31 1.31 1.31 1.31 1.31 1.31 1.31 1.31 1.31 1.31 1.31 1.31 1.31 1.31 1.31 1.21 1.21 1.21 1.21 1.21 1.21 1.21 1.21
1.27 1.27 1.27 1.27 1.27 1.27 1.27 1.27 1.27 1.27 1.27 1.27 1.27 1.27 1.27 1.27 1.27 1.27 1.27 1.27 1.27 1.27 1.27 1.27 1.27 1.27 1.27 1.86 1.98 1.35 1.35 1.35 1.35 1.35 1.35 1.35 1.35 1.35 1.35 1.35 1.35 1.35 1.35 1.35 1.29 1.29 1.29 1.29 1.29 1.29 1.29 1.29 1.29 1.29 1.90 1.90 1.29 1.29 1.29 1.29 1.31 1.31 1.31 1.31 1.31 1.31 1.31 1.31 1.31 1.31 1.31 1.31 1.31 1.31 1.31 1.31 1.21 1.21 1.21 1.21 1.21 1.21 1.21 1.21
1.27 1.27 1.27 1.27 1.27 1.27 1.27 1.27 1.27 1.27 1.27 1.27 1.27 1.27 1.27 1.27 1.27 1.27 1.27 1.27 1.27 1.27 1.27 1.27 1.27 1.27 1.27 1.86 1.98 1.35 1.35 1.98 1.35 1.35 1.35 1.35 1.35 1.35 1.35 1.35 1.35 1.35 1.35 1.35 1.29 1.29 1.29 1.29 1.29 1.29 1.29 1.29 1.29 1.29 1.29 1.29 1.29 1.29 1.29 1.29 1.31 1.31 1.31 1.31 1.31 1.31 1.31 1.31 1.31 1.31 1.31 1.31 1.31 1.31 1.31 1.31 1.21 1.21 1.21 1.21 1.21 1.21 1.21 1.21
1.27 1.27 1.27 1.27 1.27 1.27 1.27 1.27 1.87 1.27 1.27 1.27 1.27 1.27 1.27 1.27 1.27 1.27 1.27 1.27 1.27 1.27 1.27 1.27 1.27 1.27 1.27 1.27 4.34 4.34 1.35 1.35 1.35 1.35 1.35 1.35 1.35 1.35 1.35 1.35 1.35 1.35 1.35 1.35 1.29 1.29 1.29 1.29 1.29 1.29 1.29 1.29 1.29 1.29 1.29 1.29 1.29 1.29 1.29 1.29 1.93 1.31 1.31 1.31 1.31 1.31 1.31 1.31 1.31 1.31 1.31 1.31 1.31 1.31 1.31 1.31 1.21 1.21 1.21 1.21 1.21 1.21 1.21 1.21
1.27 1.27 1.27 1.27 1.27 1.27 1.27 1.27 1.27 1.27 1.27 1.27 1.27 1.27 1.27 1.27 1.27 1.27 1.27 1.27 1.27 1.27 1.27 1.27 1.27 1.27 1.86 4.13 4.34 1.35 1.35 1.35 1.35 1.35 1.35 1.35 1.35 1.35 1.35 1.35 1.35 1.35 1.35 1.35 1.29 1.29 1.29 1.29 1.29 1.29 1.29 1.29 1.29 1.29 1.29 1.29 1.29 1.29 1.29 1.29 1.31 1.31 1.31 1.31 1.31 1.31 1.31 1.31 1.31 1.31 1.31 1.31 1.93 1.31 1.31 1.31 1.21 1.21 1.21 1.21 1.21 1.21 1.21 1.21
1.27 1.27 1.27 1.27 1.27 1.27 1.27 1.27 1.27 1.87 1.27 1.27 1.27 1.27 1.27 1.27 1.27 1.27 1.27 1.27 1.27 1.27 1.27 1.27 1.27 1.27 1.86 1.86 1.35 1.35 1.35 1.35 1.35 1.35 1.35 1.35 1.35 1.35 1.35 1.35 1.35 1.35 1.35 1.35 1.29 1.29 1.29 1.29 1.29 1.29 1.29 1.29 1.29 1.29 1.29 1.29 1.29 1.29 1.29 1.29 1.31 1.31 1.31 1.31 1.31 1.31 1.31 1.31 1.31 1.31 1.31 1.31 1.31 1.31 1.31 1.31 1.21 1.21 1.21 1.21 1.21 1.21 1.21 1.21
1.27 1.27 1.27 1.27 1.27 1.27 1.27 1.27 1.27 1.27 1.27 1.27 1.27 1.27 1.27 1.27 1.27 1.27 1.27 1.27 1.27 1.27 1.27 1.27 1.27 1.27 1.86 1.27 1.98 1.98 1.35 1.35 1.35 1.35 1.35 1.35 1.35 1.35 1.35 1.35 1.35 1.35 1.35 1.35 1.29 1.29 1.29 1.29 1.29 1.29 1.29 1.29 1.29 1.29 1.29 1.29 1.29 1.29 1.29 1.29 1.31 1.31 1.93 1.31 1.31 1.31 1.31 1.31 1.31 1.31 1.31 1.31 1.31 1.31 1.31 1.31 1.21 1.21 1.21 1.21 1.21 1.21 1.21 1.21
1.27 1.27 1.27 1.27 1.27 1.27 1.27 1.27 1.27 1.27 1.27 1.27 1.27 1.27 1.27 1.27 1.27 1.27 1.27 1.27 1.27 1.27 1.27 3.85 1.27 1.27 1.27 1.27 1.35 1.35 1.35 1.35 1.35 1.35 1.35 1.35 1.35 1.35 1.35 1.35 1.35 1.35 1.35 1.35 1.29 1.29 1.29 1.29 1.29 1.29 1.29 1.29 1.29 1.29 1.29 1.29 1.29 1.29 1.29 1.29 1.31 1.31 1.93 1.31 1.31 1.93 1.93 1.31 1.31 1.31 1.31 1.31 1.31 1.31 1.93 1.31 1.21 1.21 1.21 1.21 1.21 1.21 1.21 1.21
1.27 1.27 1.27 1.27 1.27 1.27 1.27 1.27 1.27 1.27 1.87 1.27 1.27 1.27 1.27 1.27 1.27 1.27 1.27 1.27 1.27 3.85 3.85 3.85 1.27 1.27 1.27 1.27 1.35 1.35 1.35 1.98 1.98 1.35 1.35 1.35 1.35 1.35 1.35 1.35 1.35 1.35 1.35 1.35 1.29 1.29 1.29 1.29 1.29 1.29 1.29 1.29 1.29 1.29 1.29 1.29 1.29 1.29 1.29 1.90 1.93 1.31 1.31 1.31 1.31 1.31 1.31 1.31 1.31 1.93 1.31 1.31 1.31 1.31 1.31 1.31 1.21 1.21 1.21 1.21 1.21 1.21 1.21 1.21
1.27 1.27 1.27 1.27 1.27 1.27 1.27 1.27 1.27 1.27 1.27 1.87 1.27 1.27 1.27 1.27 1.27 1.27 1.27 1.27 1.27 3.85 4.99 3.85 3.85 0.38 0.38 0.38 1.35 1.35 1.35 1.35 1.35 1.35 1.35 1.35 1.35 1.35 1.35 1.35 1.35 1.35 1.35 1.35 1.29 1.29 1.29 1.29 1.29 1.29 1.29 1.29 1.29 1.29 1.29 1.29 1.29 1.29 1.29 1.29 1.93 1.93 1.93 1.93 1.93 1.93 1.93 1.93 1.31 1.93 1.31 1.31 1.31 1.31 1.31 1.31 1.21 1.21 1.21 1.21 1.21 1.21 1.21 1.78
1.27 1.27 1.27 1.27 1.27 1.27 1.27 1.27 1.27 1.27 1.27 1.27 1.27 1.27 1.27 1.27 1.27 1.27 1.27 1.27 1.27 1.50 1.50 4.99 3.80 4.99 4.99 4.99 1.59 1.35 1.35 1.35 1.35 1.35 1.35 1.35 1.35 1.35 1.35 1.35 1.35 1.35 1.35 1.35 1.29 1.29 1.29 1.29 1.29 1.29 1.29 1.29 1.29 1.29 4.19 1.29 1.29 1.29 1.29 1.90 1.93 1.93 1.93 1.93 1.93 1.31 1.31 1.31 1.93 1.93 1.31 1.31 1.31 1.31 1.31 1.31 1.21 1.21 1.21 1.21 1.21 1.21 1.21 1.21
1.87 1.27 1.27 4.25 1.27 1.27 1.27 1.27 1.27 1.27 1.27 1.27 1.86 1.27 1.27 1.27 3.85 1.27 1.27 1.27 1.27 3.80 3.80 4.99 0.00 0.00 0.00 0.00 0.00 5.31 0.41 1.35 1.35 1.35 1.35 1.35 1.35 4.50 1.98 1.35 1.35 1.35 1.35 1.98 1.29 1.29 1.29 1.29 1.29 1.29 1.29 1.29 1.29 1.90 4.19 4.22 1.29 1.29 1.29 1.90 1.93 1.93 1.93 1.93 1.31 1.31 1.31 1.31 1.93 1.93 1.31 1.31 1.31 1.31 1.31 1.31 1.21 1.21 1.21 1.21 1.21 1.21 1.21 1.21
1.87 1.27 1.27 1.27 1.27 1.27 1.27 1.27 1.27 1.27 1.27 1.27 1.27 1.27 1.27 1.27 1.27 1.27 1.27 1.27 1.27 3.80 0.00 0.00 0.00 0.00 0.00 0.00 0.00 0.00 1.35 1.35 1.35 1.35 1.98 1.35 1.35 1.35 1.35 1.35 1.35 1.35 1.35 1.35 1.29 1.29 1.29 1.29 1.29 1.29 1.29 1.29 1.29 1.29 1.29 4.22 1.29 1.90 1.29 1.29 1.93 1.93 1.93 1.31 1.31 1.93 1.93 1.31 1.31 1.31 1.31 1.31 1.31 1.31 1.31 1.31 1.21 1.21 1.21 1.21 1.21 1.21 1.21 1.21
1.27 1.27 1.27 1.27 1.27 1.27 1.27 1.27 1.27 1.27 1.27 1.27 1.27 1.27 1.27 1.27 1.27 1.27 1.27 1.27 0.00 0.00 0.00 0.00 0.00 0.00 0.00 0.00 0.00 0.00 0.00 1.35 1.35 1.35 1.35 1.35 1.35 1.35 1.35 1.35 1.35 1.35 1.35 1.35 1.29 1.29 1.29 1.29 1.29 1.29 1.29 1.29 1.29 1.29 1.29 1.29 1.29 1.29 1.29 1.29 1.93 1.93 1.93 1.31 1.93 1.31 1.93 1.93 1.93 1.31 1.31 1.31 1.31 1.31 1.31 1.31 1.21 1.21 1.21 1.21 1.21 1.21 1.21 1.21
0.89 0.89 0.89 0.89 0.89 0.89 0.89 0.89 1.31 0.89 0.89 0.89 0.91 0.91 0.91 0.91 0.91 0.91 0.91 0.00 0.00 0.00 0.00 0.00 0.00 0.00 0.00 0.00 0.00 0.00 0.00 0.06 3.66 0.93 0.93 0.93 0.93 0.93 0.93 0.93 0.93 0.93 0.93 0.93 1.36 1.36 1.36 1.36 1.36 1.36 1.36 1.36 1.36 1.36 1.36 1.36 1.36 4.52 1.36 1.36 2.01 1.37 2.01 2.01 1.37 1.37 2.01 1.37 1.37 1.37 1.37 1.37 1.37 1.37 1.37 1.37 1.32 1.32 1.32 1.32 1.32 1.32 1.32 4.00
0.89 0.89 0.89 0.89 0.89 0.89 0.89 0.89 0.89 0.89 0.89 1.31 1.33 0.91 0.91 2.75 2.75 2.75 0.00 0.00 0.00 0.00 0.00 0.00 0.00 0.00 0.00 0.00 0.00 0.00 0.00 0.00 1.10 1.10 0.93 0.93 0.93 0.93 0.93 0.93 0.93 0.93 0.93 0.93 1.36 1.36 1.36 1.36 1.36 1.36 1.36 1.36 1.36 1.36 1.36 1.36 1.99 1.36 1.36 1.36 1.37 1.37 1.37 2.01 2.01 1.37 1.37 1.37 1.37 1.37 1.37 1.37 1.37 1.37 1.37 1.37 1.32 1.32 1.32 1.32 1.32 1.32 1.32 1.32
0.89 0.89 0.89 0.89 0.89 0.89 1.31 0.89 0.89 0.89 0.89 0.89 0.91 0.91 2.75 3.02 3.56 0.00 0.00 0.00 0.00 0.00 0.00 0.00 0.00 0.00 0.00 0.00 0.00 0.00 0.00 0.00 2.93 3.66 0.93 0.93 0.93 0.93 0.93 0.93 0.93 0.93 0.93 0.93 1.36 1.36 1.36 1.36 1.36 1.36 1.36 1.36 1.36 1.36 1.36 1.36 1.36 1.36 1.36 1.36 2.01 2.01 2.01 2.01 1.37 1.37 1.37 1.37 1.37 1.37 1.37 1.37 1.37 1.37 2.01 1.37 1.32 1.32 1.32 1.32 1.32 1.32 1.94 1.94
0.89 0.89 0.89 0.89 0.89 0.89 0.89 0.89 0.89 0.89 0.89 0.89 0.91 0.91 2.75 3.56 3.56 0.00 0.00 0.00 0.00 0.00 0.00 0.00 0.00 0.00 0.00 0.00 0.00 0.00 0.00 0.00 2.93 3.66 0.93 0.93 0.93 0.93 0.93 1.37 0.93 0.93 1.37 0.93 1.36 4.51 1.36 1.36 1.36 1.36 1.36 1.36 1.36 1.36 1.36 1.36 1.36 4.52 1.36 1.36 2.01 2.01 2.01 2.01 2.01 2.01 1.37 1.37 1.37 1.37 1.37 1.37 1.37 1.37 1.37 2.01 1.94 1.94 1.32 1.94 1.32 1.32 1.32 1.94
0.89 0.89 0.89 0.89 0.89 0.89 0.89 0.89 0.89 0.89 1.31 0.89 0.91 0.91 2.75 3.56 0.00 0.00 0.00 0.00 0.00 0.00 0.00 0.00 0.00 0.00 0.00 0.00 0.00 0.00 0.00 0.00 3.66 3.66 2.83 1.37 0.93 0.93 0.93 0.93 0.93 0.93 0.93 0.93 1.36 4.12 1.36 1.36 1.36 1.36 1.36 1.99 1.99 1.36 1.36 1.36 5.34 1.36 1.36 1.36 1.37 2.01 2.01 2.01 2.01 2.01 2.01 2.01 1.37 1.37 1.37 1.37 1.37 1.37 1.37 2.01 1.32 1.32 1.32 1.32 1.32 1.32 1.32 1.32
0.89 0.89 0.89 0.89 0.89 0.89 0.89 0.89 0.89 0.89 1.31 0.89 0.91 3.56 3.56 0.00 0.00 0.00 0.00 0.00 0.00 0.00 0.00 0.00 0.00 0.00 0.00 0.00 0.00 0.00 0.00 0.00 0.02 3.66 2.83 0.93 0.93 0.93 0.93 0.93 1.37 0.93 2.83 2.83 1.99 4.12 1.36 1.36 1.36 1.36 1.36 1.99 1.99 1.99 1.99 1.60 4.12 1.36 1.36 1.36 1.37 2.01 2.01 2.01 2.01 2.01 2.01 2.01 2.01 1.37 1.37 1.37 1.37 1.37 1.37 1.37 1.32 1.32 1.32 1.32 1.32 1.32 1.32 1.32
0.89 0.89 0.89 1.31 2.71 0.89 0.89 0.89 0.89 0.89 0.89 2.98 3.56 3.56 0.00 0.00 0.00 0.00 0.00 0.00 0.00 0.00 0.00 0.00 0.00 0.00 0.00 0.00 0.00 0.00 0.00 0.00 0.00 2.83 0.93 0.93 0.93 0.93 0.93 0.93 0.93 0.93 3.11 2.83 5.32 1.36 1.36 1.36 1.36 1.36 1.36 1.36 1.99 1.36 1.99 0.41 5.34 1.36 1.36 1.36 1.37 2.01 2.01 2.01 2.01 1.37 2.01 1.37 1.37 1.37 1.37 1.37 1.37 1.37 1.37 1.37 1.32 1.32 1.32 1.32 1.32 1.32 1.32 1.32
0.89 0.89 0.89 0.89 2.71 2.71 0.89 0.89 0.89 0.89 0.89 2.71 3.56 0.00 0.00 0.00 0.00 0.00 0.00 0.00 0.00 0.00 0.00 0.00 0.00 0.00 0.00 0.00 0.00 0.00 0.00 0.00 0.00 0.93 2.83 2.83 0.93 0.93 0.93 0.93 0.93 0.93 0.93 0.93 1.36 1.36 1.36 1.36 1.36 1.36 1.36 1.36 4.52 1.36 1.36 0.41 1.60 1.36 1.36 1.36 1.37 1.37 2.01 2.01 1.37 1.37 1.37 1.37 1.37 1.37 1.37 2.01 1.37 1.37 1.37 1.37 1.32 1.32 1.32 1.32 1.32 1.32 1.32 1.32
