New_Model_Runs/15_Future_RCP8.5_Scn2_out/post_prcessed_with_MFR/Monthly_summaries/actual_et_monthly_MAR.asc
NCOLS 700
NROWS 400
XLLCENTER 515000.000000
YLLCENTER 8409000.000000
CELLSIZE 50.000000
NODATA_value -999.000000
[rows 266 to 303 of 400, columns 252 to 335 of 700]
4.10 1.98 1.98 1.98 2.04 4.64 4.64 4.64 4.64 2.04 4.33 5.48 5.48 5.48 5.48 5.48 5.48 5.48 5.48 1.39 1.39 4.30 5.45 5.45 5.29 5.29 5.29 1.59 5.29 1.51 1.51 3.62 1.51 5.04 5.00 5.00 1.34 4.46 4.46 4.46 4.46 4.46 4.46 1.34 1.75 1.75 1.75 3.79 4.49 1.20 1.20 4.49 4.78 1.43 4.78 4.78 3.41 4.92 4.78 4.78 1.43 4.78 4.78 4.78 4.78 4.78 4.78 4.78 3.13 0.00 0.00 0.00 0.00 3.13 3.13 4.27 4.27 3.13 3.13 3.13 4.27 0.00 0.00 0.00
1.98 1.98 1.98 1.98 2.04 4.64 4.64 4.64 4.64 4.64 5.48 5.48 5.48 4.23 5.48 5.48 5.48 5.48 5.48 5.48 5.45 4.30 5.45 5.45 5.45 1.59 1.59 5.29 1.51 1.51 5.04 1.39 5.04 4.35 5.00 5.00 4.46 1.34 1.34 4.46 4.46 4.46 4.46 1.34 3.29 1.75 1.20 1.75 1.75 1.20 1.20 1.20 4.78 1.43 3.41 4.78 3.41 4.78 4.78 4.78 4.78 4.78 4.78 4.78 4.78 4.78 4.78 4.78 3.13 0.00 0.00 0.00 0.00 4.27 3.13 3.13 3.13 3.13 4.27 0.00 0.00 0.00 0.00 0.00
1.98 1.98 4.50 5.32 4.64 4.64 4.64 4.64 4.23 4.64 5.48 5.48 4.23 4.23 4.23 4.23 1.64 5.48 5.48 5.48 5.45 4.30 4.30 4.30 4.30 1.59 2.89 1.51 1.51 5.04 1.39 1.39 0.42 1.50 5.00 5.00 4.46 4.46 1.34 4.46 4.46 1.34 4.46 1.34 4.49 1.20 1.20 1.75 1.20 1.20 1.20 1.75 4.78 4.78 4.78 3.41 4.78 4.78 3.41 3.41 3.41 4.78 4.78 4.78 4.78 4.78 4.78 3.41 4.27 0.00 0.00 0.00 4.27 3.13 3.13 3.13 4.27 4.27 0.00 0.00 0.00 0.00 0.00 0.00
1.35 4.10 4.10 4.10 4.23 4.23 4.64 5.48 5.48 4.64 5.48 4.64 4.23 4.23 4.23 4.23 5.48 5.48 5.48 4.64 4.62 5.45 1.64 5.45 5.45 1.64 5.04 5.04 1.51 5.04 4.14 1.39 1.50 5.00 1.50 1.50 1.34 4.46 4.46 4.46 1.34 1.35 1.35 1.35 3.29 0.36 1.75 1.75 1.75 1.20 1.20 1.75 4.78 4.78 4.78 3.41 3.41 3.41 3.41 3.41 3.41 3.41 3.41 4.78 4.78 4.78 4.78 3.41 4.27 0.00 4.27 3.13 3.13 3.13 4.38 4.27 4.27 0.00 0.00 0.00 0.00 0.00 0.00 0.00
1.35 4.10 4.10 4.10 4.23 5.48 4.64 4.64 4.64 5.48 5.48 5.48 5.48 5.48 5.48 4.33 1.39 1.39 5.48 4.64 4.62 5.45 5.45 5.45 5.45 5.45 5.04 1.51 5.04 5.04 4.14 5.04 5.00 5.00 5.00 5.00 4.46 4.46 4.46 1.34 1.35 1.35 3.29 4.49 1.20 1.20 1.75 1.75 3.79 1.20 1.20 1.75 1.32 4.78 4.78 3.41 3.41 3.41 3.41 1.43 4.78 3.41 3.41 4.78 4.78 3.41 3.41 4.78 4.27 4.27 3.13 3.13 3.13 4.27 0.00 0.00 4.27 4.27 0.00 0.00 0.00 0.00 0.00 0.00
1.35 4.10 4.10 5.32 4.23 4.64 4.64 4.64 5.48 5.48 5.48 4.33 5.48 5.48 5.48 5.48 1.39 1.39 1.39 1.39 1.39 5.45 5.45 5.45 5.45 5.17 1.51 3.62 5.04 5.04 5.04 5.00 5.00 1.50 5.00 1.50 1.34 1.34 4.49 1.35 1.35 4.49 4.60 4.49 1.75 1.20 0.36 4.49 4.49 1.20 1.20 1.75 1.32 3.41 3.41 3.41 3.41 4.78 4.78 3.41 3.41 4.78 4.78 3.41 3.41 4.78 4.78 4.78 3.13 3.13 3.13 4.27 0.00 0.00 0.00 0.00 0.00 0.00 0.00 0.00 0.00 0.00 0.00 0.00
1.98 1.98 1.98 4.10 4.64 4.64 4.64 4.64 4.64 5.48 4.33 4.33 4.33 4.33 5.48 1.39 2.04 2.04 1.39 1.39 5.45 5.45 5.45 1.64 4.62 5.17 3.62 1.51 3.62 4.37 1.51 5.04 4.35 3.61 4.12 5.00 1.34 1.35 4.49 4.49 4.49 1.75 1.20 1.20 1.20 4.49 4.49 4.49 4.49 4.49 1.20 1.20 4.92 3.41 3.41 3.41 4.78 4.78 3.41 3.41 3.41 4.78 3.41 3.41 4.78 4.78 3.41 3.41 3.13 4.27 3.13 0.00 0.00 0.00 0.00 0.00 0.00 0.00 0.00 0.00 0.00 0.00 0.00 0.00
1.98 1.98 4.50 4.50 4.64 4.64 4.64 4.64 4.64 5.48 5.48 2.04 5.48 5.48 5.48 2.04 2.04 1.39 0.42 1.39 1.39 5.45 5.45 5.45 1.39 5.04 5.04 1.39 1.39 5.04 5.04 4.14 4.35 3.61 4.12 4.12 3.84 3.86 4.49 4.49 0.36 1.20 1.20 1.20 1.75 4.49 4.49 3.29 4.49 4.60 4.49 4.49 4.78 3.41 3.41 3.41 4.78 4.78 3.41 4.78 3.41 3.41 4.78 4.78 3.41 3.41 3.41 4.78 4.27 0.00 0.00 0.00 0.00 0.00 0.00 0.00 0.00 0.00 0.00 0.00 0.00 0.00 0.00 0.00
2.01 4.56 4.56 4.56 5.42 4.59 4.59 4.18 4.18 5.42 5.42 5.42 5.42 5.42 5.42 5.42 5.42 1.63 1.38 1.38 1.36 2.00 1.61 1.36 1.36 2.00 4.96 1.36 1.36 4.07 4.96 4.96 4.96 4.92 4.05 4.92 4.15 4.79 3.95 4.82 1.32 1.32 1.32 1.32 1.93 1.32 4.82 3.46 4.14 4.14 4.14 4.82 3.08 2.48 3.08 2.48 2.48 3.08 2.48 2.48 3.08 3.08 3.08 2.48 2.48 2.48 3.08 3.08 0.00 0.00 0.00 0.00 0.00 0.00 0.00 0.00 0.00 0.00 0.00 0.00 0.00 0.00 0.00 0.00
5.38 2.01 4.56 5.38 5.42 5.42 5.42 5.42 4.59 5.42 5.42 5.42 5.42 5.42 5.42 5.42 5.42 5.42 1.38 1.38 1.36 1.36 5.35 1.36 1.36 1.36 4.96 0.41 0.41 4.96 4.96 4.96 3.56 4.96 4.05 2.00 3.93 4.79 4.82 1.32 1.32 1.93 1.93 1.32 3.95 3.95 4.14 4.14 4.14 4.82 4.82 4.82 3.08 2.48 2.48 3.08 3.08 2.48 3.08 3.08 3.08 2.48 2.48 2.48 3.08 3.08 0.78 2.61 0.00 0.00 0.00 0.00 0.00 0.00 0.00 0.00 0.00 0.00 0.00 0.00 0.00 0.00 0.00 0.00
5.38 5.38 5.38 5.38 4.59 4.59 5.42 5.42 5.42 5.42 5.42 5.42 5.42 5.42 5.42 5.42 5.42 5.42 5.42 1.38 1.36 5.35 4.31 4.26 4.96 4.96 4.96 5.09 3.56 1.49 4.96 4.96 4.96 4.96 4.96 4.27 4.79 4.79 4.82 1.93 1.32 1.93 1.93 4.17 4.82 4.82 4.14 4.82 4.82 4.82 4.82 4.82 2.48 3.08 3.08 2.48 2.48 3.08 3.08 2.48 2.48 2.48 3.08 3.08 0.78 2.61 2.61 3.08 0.00 0.00 0.00 0.00 0.00 0.00 0.00 0.00 0.00 0.00 0.00 0.00 0.00 0.00 0.00 0.00
4.56 4.15 4.26 4.56 4.59 5.42 5.42 4.18 4.18 5.42 5.42 5.42 5.42 2.02 5.42 1.38 1.38 4.18 5.42 5.42 5.35 5.35 4.07 4.96 4.96 4.96 4.96 3.56 3.56 3.56 3.56 4.96 4.96 4.96 4.96 4.96 4.79 4.79 4.79 4.82 4.82 4.82 4.95 3.46 4.82 4.82 4.82 4.82 4.82 4.82 4.82 3.46 2.48 2.48 2.48 2.48 3.08 2.48 2.48 2.48 3.08 3.08 2.61 2.61 3.08 3.08 3.08 0.00 0.00 0.00 0.00 0.00 0.00 0.00 0.00 0.00 0.00 0.00 0.00 0.00 0.00 0.00 0.00 0.00
4.56 4.56 4.15 4.15 4.18 5.42 5.42 4.59 5.42 5.42 5.42 1.38 1.38 1.38 5.42 0.41 1.38 5.42 5.42 5.42 5.35 4.92 4.27 1.36 4.96 1.49 4.96 3.56 3.56 3.56 3.56 3.56 4.96 4.96 4.96 4.96 3.46 3.46 4.79 4.17 4.82 3.46 4.82 4.95 4.82 4.82 4.82 4.82 4.82 3.46 3.46 4.82 3.08 3.08 3.08 2.48 2.48 2.48 2.48 3.08 2.61 2.61 3.08 0.00 0.00 0.00 0.00 0.00 0.00 0.00 0.00 0.00 0.00 0.00 0.00 0.00 0.00 0.00 0.00 0.00 0.00 0.00 0.00 0.00
5.38 5.38 5.38 4.56 4.59 5.42 4.18 4.18 5.42 4.59 4.59 1.38 1.38 1.38 4.18 5.42 5.42 4.59 4.59 5.42 5.35 4.05 4.05 1.36 4.92 1.49 4.96 1.49 4.92 4.92 4.96 4.96 4.96 4.96 4.96 4.96 4.82 3.46 3.46 4.82 4.82 3.46 4.14 4.82 4.82 4.82 4.82 3.46 3.46 4.82 4.82 4.82 3.08 3.08 2.48 2.48 2.48 3.08 2.61 2.61 2.61 3.08 0.00 0.00 0.00 0.00 0.00 0.00 0.00 0.00 0.00 0.00 0.00 0.00 0.00 0.00 0.00 0.00 0.00 0.00 0.00 0.00 0.00 0.00
1.37 5.38 5.38 4.56 5.42 4.59 4.18 1.63 1.63 4.59 5.42 1.38 1.38 5.42 5.42 1.63 2.02 2.02 4.59 5.42 4.92 4.05 4.05 1.48 4.92 4.92 4.92 3.55 4.27 4.27 4.05 1.48 1.48 3.56 4.96 4.96 4.82 3.46 1.45 4.82 3.46 3.46 3.46 4.82 4.82 4.82 3.46 3.46 4.82 4.82 4.82 4.82 2.48 2.48 2.48 2.48 3.08 3.08 2.48 3.08 3.08 0.00 0.00 0.00 0.00 0.00 0.00 0.00 0.00 0.00 0.00 0.00 0.00 0.00 0.00 0.00 0.00 0.00 0.00 0.00 0.00 0.00 0.00 0.00
1.37 1.37 4.15 4.15 5.42 5.42 5.42 4.59 1.63 1.63 5.42 5.42 2.02 2.02 5.42 5.42 2.02 2.02 4.59 5.42 4.92 3.55 1.48 4.92 4.92 4.92 3.55 3.55 3.55 4.05 4.05 3.55 4.92 3.55 5.09 4.96 4.82 4.17 4.82 4.82 3.46 3.46 3.46 4.82 3.46 3.46 4.82 4.82 4.82 4.82 3.46 3.46 2.48 2.48 3.08 3.08 0.00 0.00 0.00 0.00 0.00 0.00 0.00 0.00 0.00 0.00 0.00 0.00 0.00 0.00 0.00 0.00 0.00 0.00 0.00 0.00 0.00 0.00 0.00 0.00 0.00 0.00 0.00 0.00
1.37 1.37 5.38 5.38 4.18 2.02 5.42 5.42 4.28 5.42 5.42 1.63 2.02 2.02 2.02 5.42 5.42 4.28 5.42 4.99 4.92 3.55 4.92 4.92 1.48 4.92 4.27 3.55 4.27 4.27 4.92 4.92 1.48 3.55 4.96 4.96 3.46 4.17 4.82 4.82 1.93 4.82 4.82 4.82 3.46 3.46 3.46 4.82 4.82 3.46 3.46 3.46 3.08 3.08 0.00 0.00 0.00 0.00 0.00 0.00 0.00 0.00 0.00 0.00 0.00 0.00 0.00 0.00 0.00 0.00 0.00 0.00 0.00 0.00 0.00 0.00 0.00 0.00 0.00 0.00 0.00 0.00 0.00 0.00
4.15 4.15 5.38 5.38 5.42 4.18 5.42 2.02 5.42 5.42 5.42 5.42 2.02 4.36 4.18 5.42 5.42 5.42 5.42 3.61 4.92 4.92 4.92 4.92 4.92 1.48 4.92 4.92 5.06 4.05 4.05 4.05 4.92 4.96 1.49 4.96 4.82 4.17 3.95 4.82 1.93 1.93 4.82 4.82 4.82 3.46 3.46 3.46 3.46 3.46 4.82 4.82 3.08 0.00 0.00 0.00 0.00 0.00 0.00 0.00 0.00 0.00 0.00 0.00 0.00 0.00 0.00 0.00 0.00 0.00 0.00 0.00 0.00 0.00 0.00 0.00 0.00 0.00 0.00 0.00 0.00 0.00 0.00 0.00
4.15 4.15 4.15 5.38 5.42 5.42 5.42 5.42 5.42 5.42 1.38 2.02 5.42 4.36 4.18 5.42 1.63 4.28 3.61 3.61 4.05 4.92 4.92 4.92 4.92 3.55 4.92 4.92 4.92 4.92 3.55 4.96 4.96 4.96 4.96 4.96 4.82 4.82 4.82 4.82 4.82 4.82 4.82 4.82 4.82 3.46 3.46 3.46 4.82 4.82 4.26 0.00 0.00 0.00 0.00 0.00 0.00 0.00 0.00 0.00 0.00 0.00 0.00 0.00 0.00 0.00 0.00 0.00 0.00 0.00 0.00 0.00 0.00 0.00 0.00 0.00 0.00 0.00 0.00 0.00 0.00 0.00 0.00 0.00
5.38 5.38 4.15 4.56 5.42 5.42 5.42 5.42 5.42 4.36 5.42 5.42 5.42 5.42 5.42 5.42 5.42 5.42 4.99 4.33 4.05 4.92 4.92 4.92 4.92 4.92 4.24 3.55 4.92 4.92 5.09 3.56 4.96 4.96 4.96 4.96 3.46 4.82 4.82 4.82 3.46 3.46 4.82 3.46 3.46 3.46 4.82 4.82 4.26 4.82 0.00 0.00 0.00 0.00 0.00 0.00 0.00 0.00 0.00 0.00 0.00 0.00 0.00 0.00 0.00 0.00 0.00 0.00 0.00 0.00 0.00 0.00 0.00 0.00 0.00 0.00 0.00 0.00 0.00 0.00 0.00 0.00 0.00 0.00
5.38 5.38 5.38 5.38 5.42 5.42 5.42 5.42 5.42 5.42 5.42 5.42 5.42 4.59 5.42 1.63 5.42 4.99 4.99 4.33 4.05 4.05 4.27 4.27 4.27 4.92 4.92 5.06 3.55 4.96 4.07 3.56 3.56 4.96 4.96 4.96 4.82 4.82 4.82 3.46 3.46 3.46 3.46 3.46 3.46 4.82 4.82 4.26 0.00 0.00 0.00 0.00 0.00 0.00 0.00 0.00 0.00 0.00 0.00 0.00 0.00 0.00 0.00 0.00 0.00 0.00 0.00 0.00 0.00 0.00 0.00 0.00 0.00 0.00 0.00 0.00 0.00 0.00 0.00 0.00 0.00 0.00 0.00 0.00
5.38 5.38 5.38 5.38 5.42 5.42 5.42 5.42 5.42 5.42 5.42 5.42 5.42 2.02 4.59 5.42 5.42 4.10 4.10 4.99 4.27 4.27 4.27 4.27 4.27 4.92 4.05 1.48 4.92 4.07 4.07 4.96 4.96 4.96 4.96 4.96 4.82 4.82 4.82 3.46 3.46 3.46 3.46 4.82 4.82 4.82 3.46 4.26 0.00 0.00 0.00 0.00 0.00 0.00 0.00 0.00 0.00 0.00 0.00 0.00 0.00 0.00 0.00 0.00 0.00 0.00 0.00 0.00 0.00 0.00 0.00 0.00 0.00 0.00 0.00 0.00 0.00 0.00 0.00 0.00 0.00 0.00 0.00 0.00
5.38 5.38 5.38 5.38 5.42 5.42 5.42 5.42 5.42 5.42 5.42 5.42 5.42 5.42 4.18 4.59 4.08 4.10 4.10 4.10 4.92 1.48 4.27 4.27 4.92 4.05 4.27 3.55 1.48 4.92 4.96 4.96 4.96 4.96 4.96 4.96 4.82 4.82 3.46 3.46 3.46 4.82 4.82 4.82 4.82 1.32 1.93 4.23 4.79 0.00 0.00 0.00 0.00 0.00 0.00 0.00 0.00 0.00 0.00 0.00 0.00 0.00 0.00 0.00 0.00 0.00 0.00 0.00 0.00 0.00 0.00 0.00 0.00 0.00 0.00 0.00 0.00 0.00 0.00 0.00 0.00 0.00 0.00 0.00
5.38 5.38 5.38 5.38 5.42 5.42 5.42 5.42 5.42 5.42 5.42 5.42 5.42 5.42 4.36 5.42 4.10 4.10 4.10 4.99 4.92 4.92 1.36 4.92 4.05 3.55 4.92 4.92 4.05 4.92 4.96 4.96 4.96 4.96 4.96 4.96 4.82 4.82 4.82 4.95 4.82 4.82 4.82 4.82 4.82 4.82 1.32 3.45 4.79 0.00 0.00 0.00 0.00 0.00 0.00 0.00 0.00 0.00 0.00 0.00 0.00 0.00 0.00 0.00 0.00 0.00 0.00 0.00 0.00 0.00 0.00 0.00 0.00 0.00 0.00 0.00 0.00 0.00 0.00 0.00 0.00 0.00 0.00 0.00
5.33 5.33 5.33 5.33 5.35 5.35 5.35 5.35 5.35 5.35 5.35 4.31 5.35 5.35 2.00 4.91 4.04 4.91 4.91 4.87 4.00 4.00 1.35 1.35 4.22 4.86 4.86 1.35 1.35 1.35 4.86 4.89 4.89 4.89 4.89 4.89 4.73 4.73 4.73 1.89 1.89 4.73 3.40 1.42 4.69 1.89 4.69 4.69 4.69 0.00 0.00 0.00 0.00 0.00 0.00 0.00 0.00 0.00 0.00 0.00 0.00 0.00 0.00 0.00 0.00 0.00 0.00 0.00 0.00 0.00 0.00 0.00 0.00 0.00 0.00 0.00 0.00 0.00 0.00 0.00 0.00 0.00 0.00 0.00
5.33 5.33 5.33 5.33 5.35 5.35 5.35 5.35 5.35 5.35 5.35 2.00 5.35 5.35 5.35 4.91 4.91 4.91 1.46 3.52 4.15 4.00 4.00 4.00 4.86 4.86 1.46 0.40 1.35 1.35 1.35 4.89 4.89 4.89 4.89 4.89 4.73 4.73 4.73 4.73 4.73 4.73 3.40 4.69 4.69 4.69 4.69 4.69 4.69 0.00 0.00 0.00 0.00 0.00 0.00 0.00 0.00 0.00 0.00 0.00 0.00 0.00 0.00 0.00 0.00 0.00 0.00 0.00 0.00 0.00 0.00 0.00 0.00 0.00 0.00 0.00 0.00 0.00 0.00 0.00 0.00 0.00 0.00 0.00
5.33 5.33 5.33 5.33 5.35 5.35 5.35 5.35 5.35 5.35 5.35 5.35 5.35 5.35 4.87 4.87 4.87 1.46 1.46 4.87 4.82 4.86 4.00 4.22 4.86 1.46 4.00 1.35 1.35 1.35 1.35 1.35 4.89 4.89 4.89 4.89 4.73 4.73 4.73 4.73 4.73 4.73 1.29 1.29 4.69 4.69 1.29 4.69 4.69 0.00 0.00 0.00 0.00 0.00 0.00 0.00 0.00 0.00 0.00 0.00 0.00 0.00 0.00 0.00 0.00 0.00 0.00 0.00 0.00 0.00 0.00 0.00 0.00 0.00 0.00 0.00 0.00 0.00 0.00 0.00 0.00 0.00 0.00 0.00
5.33 5.33 1.36 1.99 1.36 5.35 1.36 1.36 1.36 5.35 5.35 5.35 5.35 5.35 4.87 4.87 4.24 4.02 4.87 4.87 4.82 4.82 4.22 4.22 4.00 4.00 4.00 1.35 1.35 0.40 1.46 4.86 4.86 4.89 4.89 4.89 4.73 4.73 4.73 4.73 4.69 1.29 1.29 1.29 1.29 1.29 1.29 1.29 4.83 0.00 0.00 0.00 0.00 0.00 0.00 0.00 0.00 0.00 0.00 0.00 0.00 0.00 0.00 0.00 0.00 0.00 0.00 0.00 0.00 0.00 0.00 0.00 0.00 0.00 0.00 0.00 0.00 0.00 0.00 0.00 0.00 0.00 0.00 0.00
5.33 5.33 5.33 1.36 5.35 5.35 4.31 1.36 1.36 5.35 5.35 5.35 5.35 4.87 4.02 4.87 4.87 4.87 1.46 4.87 4.19 4.19 3.98 4.00 4.22 4.22 3.98 4.19 4.82 4.19 4.19 4.86 4.86 4.89 4.89 4.89 4.73 4.73 4.73 4.69 4.69 1.29 1.29 1.29 1.29 1.29 1.29 1.29 1.89 0.00 0.00 0.00 0.00 0.00 0.00 0.00 0.00 0.00 0.00 0.00 0.00 0.00 0.00 0.00 0.00 0.00 0.00 0.00 0.00 0.00 0.00 0.00 0.00 0.00 0.00 0.00 0.00 0.00 0.00 0.00 0.00 0.00 0.00 0.00
5.33 5.33 5.33 5.33 5.35 5.35 5.35 5.35 5.35 5.35 5.35 5.35 4.54 1.36 4.02 4.87 4.02 4.87 4.19 4.87 4.19 4.82 3.98 3.98 3.98 3.98 3.98 3.98 4.19 3.98 4.19 3.98 1.97 4.86 4.89 4.89 4.73 4.06 4.69 4.69 1.89 1.89 4.69 0.39 1.29 1.29 1.29 1.29 1.89 0.00 0.00 0.00 0.00 0.00 0.00 0.00 0.00 0.00 0.00 0.00 0.00 0.00 0.00 0.00 0.00 0.00 0.00 0.00 0.00 0.00 0.00 0.00 0.00 0.00 0.00 0.00 0.00 0.00 0.00 0.00 0.00 0.00 0.00 0.00
5.33 5.33 5.33 1.36 5.35 5.35 5.35 5.35 5.35 5.35 4.13 4.13 2.00 1.36 1.36 4.24 4.02 4.02 4.87 4.87 4.82 4.82 1.45 3.98 4.82 1.45 1.45 4.82 4.82 4.19 3.98 3.98 3.98 4.86 4.89 4.89 3.87 3.85 3.85 1.89 3.85 3.85 4.69 1.29 1.29 1.29 1.29 1.29 0.00 4.69 0.00 0.00 0.00 0.00 0.00 0.00 0.00 0.00 0.00 0.00 0.00 0.00 0.00 0.00 0.00 0.00 0.00 0.00 0.00 0.00 0.00 0.00 0.00 0.00 0.00 0.00 0.00 0.00 0.00 0.00 0.00 0.00 0.00 0.00
5.33 5.33 1.36 1.36 1.36 5.35 5.35 5.35 5.35 5.35 1.36 1.36 1.36 1.36 4.87 4.02 4.02 4.87 4.87 3.52 4.82 4.82 1.45 4.82 4.82 4.82 4.82 4.82 4.82 4.19 3.98 1.35 4.86 4.86 4.86 4.00 0.39 1.29 3.85 3.85 1.22 3.85 4.69 1.29 1.29 1.29 1.29 1.29 0.00 0.00 0.00 0.00 0.00 0.00 0.00 0.00 0.00 0.00 0.00 0.00 0.00 0.00 0.00 0.00 0.00 0.00 0.00 0.00 0.00 0.00 0.00 0.00 0.00 0.00 0.00 0.00 0.00 0.00 0.00 0.00 0.00 0.00 0.00 0.00
4.11 5.33 1.36 1.36 1.36 5.35 5.35 5.35 5.35 1.36 1.36 1.36 1.36 1.36 4.87 4.02 1.36 1.36 4.87 4.87 3.48 4.82 4.82 4.82 4.82 1.45 1.45 3.98 4.15 4.19 1.35 1.35 1.35 4.86 4.86 1.46 1.29 1.29 0.39 1.29 1.89 1.29 1.29 1.29 1.29 1.29 4.15 4.69 0.00 0.00 0.00 0.00 0.00 0.00 0.00 0.00 0.00 0.00 0.00 0.00 0.00 0.00 0.00 0.00 0.00 0.00 0.00 0.00 0.00 0.00 0.00 0.00 0.00 0.00 0.00 0.00 0.00 0.00 0.00 0.00 0.00 0.00 0.00 0.00
5.33 5.33 5.33 5.33 5.35 4.54 4.13 4.13 1.36 1.36 1.36 2.00 4.02 4.02 4.87 4.19 4.19 1.36 1.36 4.87 3.48 4.82 3.98 3.98 4.82 3.98 3.98 3.98 4.15 1.35 1.35 1.35 1.35 1.35 4.86 4.86 4.69 1.29 1.29 1.29 1.29 1.29 1.89 1.89 4.15 0.00 0.00 0.00 0.00 0.00 0.00 0.00 0.00 0.00 0.00 0.00 0.00 0.00 0.00 0.00 0.00 0.00 0.00 0.00 0.00 0.00 0.00 0.00 0.00 0.00 0.00 0.00 0.00 0.00 0.00 0.00 0.00 0.00 0.00 0.00 0.00 0.00 0.00 0.00
5.33 5.33 4.11 5.33 5.35 4.54 4.13 4.13 1.36 1.36 1.36 1.36 4.87 4.02 4.02 4.24 4.19 1.36 1.36 4.87 4.82 4.82 3.98 3.98 3.98 3.98 3.98 3.98 1.35 1.35 1.35 1.35 1.35 1.35 1.35 1.35 4.69 1.29 1.29 1.29 1.29 1.29 1.29 4.15 4.15 0.00 0.00 0.00 0.00 0.00 0.00 0.00 0.00 0.00 0.00 0.00 0.00 0.00 0.00 0.00 0.00 0.00 0.00 0.00 0.00 0.00 0.00 0.00 0.00 0.00 0.00 0.00 0.00 0.00 0.00 0.00 0.00 0.00 0.00 0.00 0.00 0.00 0.00 0.00
5.33 1.36 1.36 1.36 1.36 4.54 4.13 5.35 5.35 1.36 1.36 4.02 4.02 4.02 4.02 1.36 1.36 1.36 1.36 1.36 4.82 3.98 3.98 3.98 4.82 3.98 3.98 1.35 1.35 1.35 1.35 3.49 0.40 1.35 1.35 1.35 1.89 1.29 1.29 1.29 1.29 4.69 4.69 4.15 4.69 0.00 0.00 0.00 0.00 0.00 0.00 0.00 0.00 0.00 0.00 0.00 0.00 0.00 0.00 0.00 0.00 0.00 0.00 0.00 0.00 0.00 0.00 0.00 0.00 0.00 0.00 0.00 0.00 0.00 0.00 0.00 0.00 0.00 0.00 0.00 0.00 0.00 0.00 0.00
1.36 1.36 1.36 1.36 1.36 5.35 5.35 1.61 4.54 4.02 4.02 4.02 4.87 4.02 4.02 1.36 1.36 1.36 1.36 1.36 3.98 3.98 3.98 3.98 3.98 1.35 1.35 1.35 1.35 1.35 4.00 1.35 1.35 1.35 4.86 4.86 1.89 1.29 1.29 4.15 4.15 4.69 4.69 4.69 4.69 0.00 0.00 0.00 0.00 0.00 0.00 0.00 0.00 0.00 0.00 0.00 0.00 0.00 0.00 0.00 0.00 0.00 0.00 0.00 0.00 0.00 0.00 0.00 0.00 0.00 0.00 0.00 0.00 0.00 0.00 0.00 0.00 0.00 0.00 0.00 0.00 0.00 0.00 0.00
1.36 1.36 1.36 1.36 4.54 4.13 5.35 5.35 5.35 4.02 4.02 4.02 0.41 1.36 4.02 4.02 1.36 1.36 2.00 1.36 3.98 3.98 4.82 4.82 3.98 1.35 1.35 1.35 1.35 1.35 1.35 1.35 1.35 1.97 1.97 4.30 4.69 4.69 4.15 4.69 4.69 0.00 0.00 0.00 0.00 0.00 0.00 0.00 0.00 0.00 0.00 0.00 0.00 0.00 0.00 0.00 0.00 0.00 0.00 0.00 0.00 0.00 0.00 0.00 0.00 0.00 0.00 0.00 0.00 0.00 0.00 0.00 0.00 0.00 0.00 0.00 0.00 0.00 0.00 0.00 0.00 0.00 0.00 0.00
