New_Model_Runs/15_Future_RCP8.5_Scn2_out/post_prcessed_with_MFR/Monthly_summaries/actual_et_monthly_FEB.asc
NCOLS 700
NROWS 400
XLLCENTER 515000.000000
YLLCENTER 8409000.000000
CELLSIZE 50.000000
NODATA_value -999.000000
[rows 152 to 189 of 400, columns 252 to 335 of 700]
0.00 0.00 0.00 0.00 0.00 0.00 0.00 0.00 0.00 0.00 0.00 0.00 0.00 0.00 0.00 0.00 0.00 0.00 0.00 0.00 0.00 0.00 0.00 0.00 0.00 0.00 0.00 0.00 0.00 0.00 0.00 0.00 0.00 0.00 0.00 0.00 0.00 0.00 0.00 0.00 0.00 0.00 0.00 0.00 0.00 0.00 0.00 0.90 0.90 0.90 0.90 0.90 1.36 1.36 1.36 1.36 1.36 1.36 1.36 1.36 1.36 1.36 1.36 1.36 1.36 1.36 1.36 1.36 1.24 1.24 1.24 1.24 1.24 1.24 1.24 4.60 1.24 1.24 1.24 4.54 4.54 4.54 4.54 4.54
0.00 0.00 0.00 0.00 0.00 0.00 0.00 0.00 0.00 0.00 0.00 0.00 0.00 0.00 0.00 0.00 0.00 0.00 0.00 0.00 0.00 0.00 0.00 0.00 0.00 0.00 0.00 0.00 0.00 0.00 0.00 0.00 0.00 0.00 0.00 0.00 0.00 0.00 0.00 0.00 0.00 0.00 0.00 0.00 0.00 0.00 0.90 0.90 0.90 0.90 0.90 0.90 1.36 1.36 1.36 1.36 1.36 1.36 1.36 1.36 1.36 1.36 1.36 1.36 1.36 1.36 1.36 1.36 1.24 1.24 1.24 1.24 1.24 1.24 4.54 4.54 1.24 1.24 1.24 4.54 4.54 3.75 4.60 4.60
0.00 0.00 0.00 0.00 0.00 0.00 0.00 0.00 0.00 0.00 0.00 0.00 0.00 0.00 0.00 0.00 0.00 0.00 0.00 0.00 0.00 0.00 0.00 0.00 0.00 0.00 0.00 0.00 0.00 0.00 0.00 0.00 0.00 0.00 0.00 0.00 0.00 0.00 0.00 0.00 0.00 0.00 0.00 0.00 0.00 0.90 0.90 0.90 0.90 0.90 0.90 0.90 1.36 1.36 1.36 1.36 1.36 1.36 1.36 1.36 1.36 1.36 1.36 1.36 1.36 1.36 1.36 1.36 1.24 1.24 1.81 1.24 1.24 4.54 4.54 4.54 1.36 4.54 4.54 3.75 1.24 0.37 3.75 1.81
0.00 0.00 0.00 0.00 0.00 0.00 0.00 0.00 0.00 0.00 0.00 0.00 0.00 0.00 0.00 0.00 0.00 0.00 0.00 0.00 0.00 0.00 0.00 0.00 0.00 0.00 0.00 0.00 0.00 0.00 0.00 0.00 0.00 0.00 0.00 0.00 0.00 0.00 0.00 0.00 0.00 0.00 0.00 0.00 0.00 0.90 0.90 0.90 0.90 0.90 0.90 0.90 1.36 1.36 1.36 1.36 1.36 1.36 1.36 1.36 1.36 1.36 1.36 1.36 1.36 1.36 1.36 1.36 1.24 1.24 1.24 1.24 1.24 1.24 4.54 1.36 4.54 1.24 3.75 1.24 1.24 1.24 1.24 1.81
0.00 0.00 0.00 0.00 0.00 0.00 0.00 0.00 0.00 0.00 0.00 0.00 0.00 0.00 0.00 0.00 0.00 0.00 0.00 0.00 0.00 0.00 0.00 0.00 0.00 0.00 0.00 0.00 0.00 0.00 0.00 0.00 0.00 0.00 0.00 0.00 0.00 0.00 0.00 0.00 0.00 0.00 0.00 0.00 3.53 0.90 0.90 0.90 0.90 0.90 0.90 0.90 1.36 1.36 1.36 1.36 1.36 1.36 1.36 1.36 1.36 1.36 1.36 1.36 1.36 1.36 1.36 1.36 1.24 1.24 1.24 1.24 1.24 1.24 1.24 3.48 1.24 1.24 1.24 1.24 1.24 1.24 1.24 1.81
0.00 0.00 0.00 0.00 0.00 0.00 0.00 0.00 0.00 0.00 0.00 0.00 0.00 0.00 0.00 0.00 0.00 0.00 0.00 0.00 0.00 0.00 0.00 0.00 0.00 0.00 0.00 0.00 0.00 0.00 0.00 0.00 0.00 0.00 0.00 0.00 0.00 0.00 0.00 0.00 0.00 0.00 0.00 0.00 0.90 0.90 0.90 0.90 0.90 0.90 0.90 0.90 1.36 1.36 1.36 1.36 1.36 1.36 1.36 1.36 1.36 1.36 1.36 1.36 1.36 1.36 1.36 1.36 1.24 1.24 1.24 1.24 1.24 1.24 1.24 4.54 1.24 1.24 1.24 1.24 1.24 1.24 1.24 1.81
0.00 0.00 0.00 0.00 0.00 0.00 0.00 0.00 0.00 0.00 0.00 0.00 0.00 0.00 0.00 0.00 0.00 0.00 0.00 0.00 0.00 0.00 0.00 0.00 0.00 0.00 0.00 3.40 0.00 0.00 0.00 0.00 0.00 0.00 0.00 0.00 0.00 0.00 0.00 0.00 0.00 0.00 0.00 0.00 0.90 0.90 0.90 0.90 0.90 0.90 0.90 0.90 1.36 1.36 1.36 1.36 1.36 1.36 1.36 1.36 1.36 1.36 1.36 1.36 1.36 1.36 1.36 1.36 1.24 1.24 1.24 1.24 1.24 1.24 1.24 4.54 1.24 1.24 1.24 1.24 1.24 1.24 1.24 1.24
0.00 0.00 0.00 0.00 0.00 0.00 0.00 0.00 0.00 0.00 0.00 0.00 0.00 0.00 0.00 0.00 0.00 0.00 0.00 0.00 0.00 0.00 0.00 0.00 0.00 0.00 0.86 0.86 0.00 0.00 0.00 0.00 0.00 0.00 0.00 0.00 0.00 0.00 0.00 0.00 0.00 0.00 0.00 0.00 0.00 0.00 0.90 0.90 0.90 0.90 0.90 0.90 1.36 1.36 1.36 1.36 1.36 1.36 1.36 1.36 1.36 1.36 1.36 1.36 1.36 1.36 1.36 1.36 1.24 1.24 1.24 1.24 3.75 4.54 4.54 4.54 4.54 1.24 1.24 1.24 1.24 1.24 1.24 1.24
0.00 0.00 0.00 0.00 0.00 0.00 0.00 0.00 0.00 0.00 0.00 0.00 0.00 0.00 0.00 0.00 0.00 0.00 0.00 0.00 0.00 0.00 0.00 0.00 0.00 0.86 0.86 0.86 0.86 0.00 0.00 0.00 0.00 0.00 0.00 0.00 0.00 0.00 0.00 0.00 0.00 0.00 0.00 0.00 0.00 0.00 0.00 0.00 0.90 0.90 0.90 1.32 1.36 1.36 1.36 1.36 1.36 1.36 1.36 1.36 1.36 1.36 1.36 1.36 1.36 1.36 1.36 1.36 1.24 1.24 1.24 1.24 4.54 4.54 1.36 1.36 3.75 1.24 1.24 1.24 1.24 1.24 1.24 1.24
0.00 0.00 0.00 0.00 0.00 0.00 0.00 0.00 0.00 0.00 0.00 0.00 0.00 0.00 0.00 0.00 0.00 0.00 0.00 0.00 0.00 0.00 0.00 0.00 0.00 0.86 0.86 0.86 0.86 0.86 0.86 0.00 0.00 0.00 0.00 0.00 0.00 0.00 0.00 0.00 0.00 0.00 0.00 0.00 0.00 0.00 0.00 0.00 0.00 0.00 0.90 0.90 1.36 1.36 1.36 1.36 1.36 1.36 1.36 1.36 1.36 1.36 1.36 1.36 1.36 1.36 1.36 1.36 1.24 1.24 3.75 4.54 3.75 3.48 4.54 1.24 1.81 3.75 1.24 1.24 1.24 1.24 1.24 1.24
0.00 0.00 0.00 0.00 0.00 0.00 0.00 0.00 0.00 0.00 0.00 0.00 0.00 0.00 0.00 0.00 0.00 0.00 0.00 0.00 0.00 0.00 0.00 0.00 0.00 1.34 1.34 1.34 1.34 1.34 1.34 0.00 0.00 0.00 0.00 0.00 0.00 0.00 0.00 0.00 0.00 0.00 0.00 0.00 0.00 0.00 0.00 0.00 0.00 0.00 1.21 1.21 1.39 1.39 1.39 1.39 1.39 1.39 1.39 1.39 1.39 1.39 1.39 1.39 1.39 1.39 2.03 1.39 1.35 1.35 4.08 4.08 4.08 4.08 1.35 1.35 4.86 4.08 1.35 1.35 1.35 1.35 1.35 1.35
0.00 0.00 0.00 0.00 0.00 0.00 0.00 0.00 0.00 0.00 0.00 0.00 0.00 0.00 0.00 0.00 0.00 0.00 0.00 0.00 0.00 0.00 0.00 0.00 1.34 1.34 1.34 1.34 1.34 1.34 1.96 1.96 1.34 0.03 1.34 1.34 0.00 0.00 0.00 0.00 0.00 0.00 0.00 0.00 0.00 0.00 0.00 0.00 0.00 0.00 0.36 1.21 1.39 1.39 2.03 1.39 1.39 1.39 1.39 1.39 1.39 1.39 1.39 1.39 1.39 1.39 1.39 1.39 1.35 1.35 4.08 4.08 4.08 4.08 1.35 1.35 4.86 4.86 1.35 1.35 1.35 1.35 1.35 1.35
0.00 0.00 0.00 0.00 0.00 0.00 0.00 0.00 0.00 0.00 0.00 0.00 0.00 0.00 0.00 0.00 0.00 0.00 0.00 0.00 0.00 0.00 0.03 1.34 1.34 1.34 1.34 1.34 1.34 1.34 1.34 1.96 1.96 1.96 1.34 1.34 1.21 1.21 0.00 0.00 0.00 0.00 0.00 0.00 0.00 0.00 0.00 0.00 0.00 0.00 0.00 4.52 1.39 0.42 1.39 1.39 2.03 1.39 1.39 1.39 1.39 1.39 1.39 1.39 1.39 1.39 1.39 1.39 1.35 1.35 4.08 4.08 4.08 4.86 1.35 1.35 1.35 1.35 1.35 1.35 1.35 1.35 1.35 1.35
0.00 0.00 0.00 0.00 0.00 0.00 0.00 0.00 0.00 0.00 0.00 0.00 0.00 0.00 0.00 0.00 0.00 0.00 0.00 0.00 1.34 1.34 1.34 1.34 1.34 1.34 1.34 1.34 1.34 1.34 1.34 1.34 4.23 1.34 4.23 1.34 1.21 1.21 1.21 0.04 0.00 0.00 0.00 0.00 0.00 0.00 0.00 0.00 0.00 0.00 0.00 3.41 3.67 4.77 4.77 1.39 1.39 2.03 2.03 1.39 1.39 1.39 1.39 1.39 1.39 1.39 1.39 1.39 1.35 1.35 1.35 1.35 4.08 4.33 4.92 1.35 1.35 1.35 1.35 1.35 1.35 1.35 1.98 1.35
0.00 0.00 0.00 0.00 0.00 0.00 0.00 0.00 0.00 0.00 0.00 0.00 0.00 0.00 0.00 0.00 4.58 1.39 0.00 0.02 1.34 1.34 1.34 1.34 1.34 1.34 1.34 1.34 1.34 1.34 1.34 1.34 1.34 1.34 1.34 1.34 1.21 1.78 1.78 3.68 1.78 0.00 0.00 0.00 0.00 0.00 0.00 0.00 0.00 0.00 0.00 3.41 3.67 4.77 4.77 4.77 4.15 4.15 1.39 1.39 1.39 2.03 2.03 1.39 1.39 1.39 1.39 1.39 1.35 1.35 1.35 1.35 1.35 4.08 4.08 1.35 1.35 1.35 1.35 1.35 1.35 1.35 1.35 1.35
0.00 0.00 0.00 0.00 0.00 0.00 0.00 0.00 0.00 0.00 0.00 0.00 0.00 0.00 0.00 0.00 1.39 1.39 1.39 1.39 1.34 1.34 1.34 1.96 1.96 1.34 1.34 1.34 1.34 1.34 1.34 1.34 1.34 1.34 1.34 1.34 1.21 1.78 1.78 1.78 1.78 0.00 0.00 0.00 0.00 0.00 0.00 0.00 0.00 0.00 0.00 1.35 3.67 1.43 4.77 4.77 4.33 4.18 1.39 1.39 2.03 2.03 2.03 2.03 1.39 1.39 1.39 1.39 1.35 1.35 1.35 1.35 1.35 4.08 4.08 1.35 1.35 1.35 1.35 1.98 1.98 1.35 1.35 1.35
0.00 0.00 0.00 0.00 0.00 0.00 0.00 0.00 0.00 0.00 0.00 0.00 0.00 4.58 1.39 4.58 1.39 1.39 1.39 1.39 1.34 1.34 1.34 1.34 1.34 1.34 1.34 1.34 1.34 1.34 1.34 1.34 1.34 1.34 1.34 1.34 1.21 1.21 1.78 1.78 1.78 0.00 0.00 0.00 0.00 0.00 0.00 0.00 0.00 0.00 0.36 0.36 3.67 1.43 4.77 4.15 4.33 4.18 1.39 1.39 1.39 1.39 1.39 1.39 1.39 1.39 1.39 1.39 1.35 1.35 1.35 1.35 1.35 1.35 1.35 1.35 1.35 1.35 1.35 1.35 1.98 1.98 1.35 1.35
0.00 0.00 0.00 0.00 0.00 0.00 0.00 0.00 0.00 0.00 0.00 0.00 4.58 1.39 1.39 1.39 1.39 1.39 1.39 1.39 1.34 1.34 1.34 1.34 1.34 1.34 1.34 1.34 1.34 1.34 1.34 1.34 1.34 1.34 1.34 1.96 1.78 1.78 1.78 1.21 0.03 0.00 0.00 0.00 0.00 0.00 0.00 0.00 0.00 0.36 1.21 1.21 1.39 4.77 4.77 4.77 4.33 4.37 1.39 1.39 1.39 2.03 1.39 1.39 1.39 1.39 1.39 1.39 1.35 1.35 1.35 1.35 1.35 1.35 1.35 1.35 1.35 1.35 1.35 1.98 1.35 1.35 1.35 1.35
0.00 0.00 0.00 0.00 0.00 0.00 0.00 0.00 0.00 0.00 0.00 0.00 1.39 1.39 2.04 1.39 1.39 1.39 1.39 2.04 1.96 1.34 1.34 1.34 1.34 1.34 1.34 1.34 1.34 1.34 1.34 1.34 1.34 1.96 1.96 1.96 1.78 1.78 1.21 0.36 4.52 0.00 0.00 0.00 0.00 0.00 0.00 0.00 0.36 1.21 1.21 1.21 1.39 4.18 4.15 4.77 2.03 4.33 4.15 4.15 1.39 1.39 1.39 1.39 1.39 1.39 1.39 1.39 1.35 1.35 1.35 1.35 1.35 1.35 1.35 1.35 1.35 1.35 1.35 1.35 1.35 1.35 1.35 1.35
0.00 0.00 0.00 0.00 0.00 0.00 0.00 0.00 0.00 0.00 0.00 4.58 1.39 1.39 2.04 1.39 1.39 1.39 1.39 1.39 1.34 1.34 1.34 1.34 1.34 1.34 1.34 1.34 1.34 1.34 1.34 1.34 1.96 1.96 1.96 1.96 1.78 1.78 4.60 0.36 4.52 4.52 0.00 0.00 0.00 0.00 0.00 1.35 1.21 1.21 1.21 1.21 1.39 1.39 4.15 4.77 4.77 4.77 4.15 1.30 4.37 1.39 1.39 1.39 1.39 1.39 1.39 1.39 1.35 1.35 1.35 1.35 1.35 1.35 1.35 1.35 1.35 1.35 1.35 1.35 1.35 1.35 1.35 1.35
0.00 0.00 0.00 0.00 0.00 0.00 0.00 0.00 0.00 0.00 1.39 1.39 1.39 1.39 2.04 1.39 1.39 1.39 1.39 1.39 1.34 1.34 1.34 1.34 1.34 1.34 1.34 1.34 1.34 1.34 1.34 1.34 1.34 1.96 1.34 1.34 1.21 1.78 1.78 1.78 1.78 3.41 3.41 3.41 0.00 0.01 1.35 3.41 1.21 1.21 1.21 1.21 1.39 1.39 1.39 4.77 4.15 4.15 1.39 1.39 1.39 1.39 1.39 1.39 1.39 1.39 1.39 1.39 1.35 1.35 1.35 1.35 1.35 1.35 1.35 1.35 1.35 1.35 1.35 1.35 1.35 1.35 1.35 1.35
0.00 0.00 0.00 0.00 0.00 0.00 0.00 0.00 0.00 0.00 1.39 1.39 1.39 1.39 1.39 1.39 1.39 1.39 1.39 1.39 1.34 1.34 1.34 1.34 1.34 1.34 1.34 1.34 1.34 1.34 1.34 1.34 1.34 1.34 1.34 1.34 1.21 1.21 1.78 1.78 4.52 1.35 1.35 3.41 3.41 1.35 1.35 1.21 1.78 1.21 1.78 1.21 1.39 1.39 1.39 1.39 1.39 1.39 1.39 1.39 1.39 1.39 1.39 1.39 1.39 1.39 1.39 1.39 1.35 1.35 1.35 1.35 1.35 1.35 1.35 1.35 1.35 1.35 1.35 1.35 1.35 1.35 1.35 1.35
0.00 0.00 0.00 0.00 0.00 0.00 0.00 0.00 0.00 0.00 0.00 1.39 1.39 1.39 1.39 1.39 1.39 1.39 1.39 1.39 1.34 1.34 1.34 1.34 1.34 1.34 1.34 1.34 1.34 1.34 1.34 1.34 1.34 1.34 1.34 1.34 1.21 1.78 1.21 1.78 1.38 4.52 1.35 3.41 1.37 3.68 3.68 3.68 1.21 1.78 3.68 1.21 1.39 1.39 1.39 1.39 1.39 1.39 1.39 1.39 1.39 2.03 1.39 1.39 1.39 1.39 1.39 1.39 1.35 1.35 1.35 1.35 1.35 1.35 1.35 1.35 1.35 1.35 1.35 1.35 1.35 1.35 1.35 1.35
0.00 0.00 0.00 0.00 0.00 0.00 0.00 0.00 0.00 0.00 0.00 1.39 1.39 1.39 1.39 1.39 1.39 1.39 1.39 1.39 1.34 1.34 1.34 1.34 1.34 1.34 1.34 1.34 1.34 1.34 1.34 1.34 1.34 1.34 1.34 1.34 1.21 1.21 1.78 1.21 3.68 4.52 4.52 4.56 3.68 3.68 3.68 1.21 1.21 1.21 3.68 1.21 1.39 1.39 1.39 1.39 1.39 1.39 1.39 1.39 1.39 1.39 1.39 1.39 1.39 1.39 1.39 1.39 1.35 1.35 1.35 1.35 1.35 1.35 1.35 1.35 1.35 1.35 1.35 1.35 1.35 1.35 1.35 1.35
0.00 0.00 0.00 0.00 0.00 0.00 0.00 0.00 0.00 0.00 0.00 0.02 1.39 1.39 1.39 1.39 1.39 1.39 1.39 1.39 1.34 1.34 1.34 1.34 1.34 1.34 1.34 1.34 1.34 1.34 1.34 1.34 1.34 1.34 1.96 1.34 1.21 1.21 1.21 1.21 3.68 4.52 4.52 4.56 3.98 3.68 3.68 1.21 1.21 1.21 1.21 1.21 1.39 1.39 1.39 1.39 1.39 1.39 1.39 1.39 1.39 1.39 1.39 1.39 1.39 1.39 1.39 1.39 1.35 1.35 1.35 1.35 1.35 1.35 1.35 1.35 1.35 1.35 1.35 1.35 1.35 1.35 1.35 1.35
0.00 0.00 0.00 0.00 0.00 0.00 0.00 0.00 0.00 0.00 0.00 1.39 1.39 1.39 1.39 1.39 1.39 1.39 1.39 1.39 1.34 1.34 1.34 1.34 1.34 1.34 1.34 1.34 1.34 1.34 1.34 1.34 1.34 1.96 1.96 1.34 3.85 1.78 1.21 3.68 3.68 3.96 4.52 4.56 3.98 3.68 1.21 1.21 1.21 1.21 1.21 1.21 1.39 1.39 1.39 1.39 1.39 1.39 1.39 1.39 1.39 1.39 1.39 1.39 1.39 1.39 1.39 1.39 1.35 1.35 1.35 1.35 1.35 1.35 1.35 1.35 1.35 1.35 1.35 1.35 1.35 1.35 1.35 1.35
0.00 0.00 0.00 0.00 1.33 0.00 0.00 0.00 0.00 0.00 1.33 1.33 1.33 1.33 1.33 1.33 1.33 1.33 1.33 1.33 1.33 1.33 1.33 1.33 1.33 1.33 1.33 1.33 1.33 1.33 1.33 1.95 1.33 1.33 1.95 1.95 1.83 1.25 1.25 1.25 3.79 3.79 3.79 3.79 3.79 1.25 1.25 1.25 1.25 1.25 1.25 1.25 1.28 1.28 1.28 1.28 1.28 1.28 1.28 1.28 1.28 1.28 1.28 1.28 1.28 1.28 1.28 1.28 1.10 1.10 1.10 1.10 1.10 3.68 1.10 1.10 1.10 1.62 1.10 1.10 1.10 1.10 1.10 1.10
0.00 0.00 0.00 1.44 1.33 1.33 0.00 0.00 0.00 1.95 1.95 1.33 1.33 1.33 1.33 1.33 1.33 1.33 1.33 1.33 1.33 1.33 1.33 1.33 1.33 1.33 1.33 1.33 1.33 1.33 1.33 1.33 1.33 1.33 1.95 1.33 1.25 1.83 1.83 1.25 3.79 3.79 3.79 3.79 3.79 3.79 1.25 1.25 1.25 1.25 1.25 1.25 1.28 1.28 1.28 1.28 1.28 1.28 1.28 1.28 1.28 1.28 1.28 1.28 1.28 1.28 1.28 1.28 1.10 1.10 1.10 1.10 1.10 3.68 1.10 1.10 1.10 1.10 1.10 1.10 1.10 1.10 1.10 1.10
1.44 1.44 1.44 2.11 1.33 1.33 1.33 1.33 1.33 1.95 1.95 1.33 1.33 1.33 1.33 1.33 1.33 1.33 1.33 1.33 1.33 1.33 1.33 1.33 1.33 1.33 1.33 1.33 1.33 1.33 1.33 1.33 1.33 1.33 1.33 1.33 1.25 1.25 1.25 1.25 3.79 3.79 3.79 3.79 3.79 3.79 1.25 1.25 1.25 1.25 1.25 1.25 1.28 1.28 1.28 1.28 1.28 1.28 1.28 1.28 1.28 1.28 1.28 1.28 1.28 1.28 1.28 1.28 1.10 1.10 3.68 1.10 1.10 1.10 1.10 1.10 1.10 1.10 1.10 1.10 1.10 1.10 1.10 1.10
1.44 1.44 1.44 1.44 1.33 1.33 1.33 1.33 1.33 1.95 1.33 1.95 1.33 1.33 1.33 1.33 1.33 1.33 1.33 1.33 1.33 1.33 1.33 1.33 1.33 1.33 1.33 1.33 1.33 1.33 1.33 1.33 1.33 1.33 1.33 1.33 1.25 3.79 3.79 3.79 3.79 3.79 3.79 3.79 3.79 3.79 1.25 1.25 1.25 1.25 1.25 1.25 1.28 1.28 1.28 1.28 1.28 1.28 1.28 1.28 1.28 1.28 1.28 1.28 1.28 1.28 1.28 1.28 1.10 1.10 1.10 1.10 1.10 3.68 1.10 1.10 1.10 1.10 1.10 1.10 1.10 1.10 1.10 3.68
1.44 1.44 1.44 1.44 1.33 1.33 1.33 1.33 1.33 1.33 1.95 1.95 1.33 1.33 1.33 1.33 1.33 1.33 1.33 1.33 1.33 1.33 1.33 1.33 1.33 1.33 1.33 1.33 1.33 1.33 1.33 1.33 1.33 1.33 1.33 1.33 1.25 1.25 1.25 3.79 4.68 1.83 1.25 1.25 3.79 3.79 1.25 1.83 1.25 1.25 1.25 1.25 1.28 1.28 1.28 1.28 1.28 1.28 1.28 1.28 1.28 1.28 1.28 1.28 1.28 1.28 1.28 1.28 1.10 1.10 1.10 1.10 1.10 1.62 1.10 1.10 1.10 1.10 1.10 1.10 1.10 1.10 3.68 3.68
1.44 1.44 1.44 1.44 1.33 1.33 1.33 1.33 1.33 1.33 1.33 1.33 1.33 1.95 1.33 1.33 1.33 1.33 1.33 1.33 1.33 1.33 1.33 1.33 1.33 1.33 1.33 1.33 1.33 1.33 1.33 1.33 1.33 1.33 1.33 1.33 1.25 1.25 1.25 4.68 1.25 1.25 1.25 1.25 3.79 3.79 1.25 1.83 1.25 1.25 1.25 1.25 1.28 1.28 1.28 1.28 1.28 1.28 1.28 1.28 1.28 1.28 1.28 1.28 1.28 1.28 1.28 1.28 1.10 1.10 1.10 1.10 1.10 1.62 1.62 1.10 1.10 1.62 3.68 1.10 1.10 1.10 3.68 3.68
1.44 1.44 1.44 1.44 1.33 1.33 1.33 1.33 1.33 1.33 1.33 1.95 1.33 1.95 1.95 1.33 1.33 1.33 1.33 1.33 1.33 1.33 1.33 1.33 1.33 1.33 1.33 1.33 1.33 1.33 1.33 1.33 1.33 1.33 1.33 1.33 1.25 1.25 1.83 3.95 1.25 1.25 1.25 1.25 3.79 3.79 1.25 1.25 1.25 1.25 1.25 1.25 1.28 1.28 1.28 1.28 1.28 1.28 1.28 1.28 1.28 1.28 1.28 1.28 1.28 1.28 1.28 1.28 1.10 1.10 1.10 1.10 1.10 1.10 1.10 1.62 1.62 1.10 1.10 1.10 3.68 3.68 3.68 3.68
1.44 1.44 1.44 1.44 1.33 1.33 1.33 1.33 1.33 1.33 1.33 1.95 1.95 1.33 1.33 1.33 1.33 1.33 1.33 1.33 1.33 1.33 1.33 1.33 1.33 1.33 1.33 1.33 1.33 1.33 1.33 1.33 1.33 1.33 1.33 1.33 1.25 1.25 1.25 4.68 1.25 1.25 1.25 1.25 3.79 1.25 1.25 1.25 1.25 1.25 1.25 1.25 1.28 1.28 1.28 1.28 1.28 1.28 1.28 1.28 1.28 1.28 1.28 1.28 1.28 1.28 1.28 1.28 1.10 1.10 1.10 1.10 1.10 1.10 1.10 1.10 1.10 1.62 1.10 1.10 3.68 3.68 3.68 3.68
1.44 1.44 1.44 1.44 1.33 1.33 1.33 1.33 1.33 1.33 1.33 1.33 1.33 1.33 1.33 1.33 1.33 1.33 1.33 1.33 1.33 1.33 1.33 1.33 1.33 1.33 1.33 1.33 1.33 1.33 1.33 1.33 1.33 1.33 1.33 1.33 1.25 1.25 1.25 1.25 1.25 1.25 1.25 1.25 1.25 1.25 1.25 1.25 1.25 1.25 1.25 1.25 1.28 1.28 1.28 1.28 1.28 1.28 1.28 1.28 1.28 1.28 1.28 1.28 1.28 1.28 1.28 1.28 1.10 1.10 1.10 1.10 1.10 1.10 1.10 1.10 1.10 1.10 1.10 1.10 3.68 3.68 3.68 3.68
1.44 1.44 1.44 1.44 1.33 1.33 1.33 1.33 1.33 1.33 1.33 1.33 1.33 1.33 1.33 1.33 1.33 1.33 1.33 1.33 1.33 1.33 1.33 1.33 1.33 1.33 1.33 1.33 1.33 1.33 1.33 1.33 1.33 1.33 1.33 1.33 1.25 1.25 1.25 1.25 1.25 1.25 1.25 1.25 1.25 1.25 1.25 1.25 1.25 1.25 1.25 1.25 1.28 1.28 1.28 1.28 1.28 1.28 1.28 1.28 1.28 1.28 1.28 1.28 1.28 1.28 1.28 1.28 1.10 1.10 1.10 1.10 1.10 1.10 1.10 1.10 1.10 1.10 1.10 1.10 3.68 3.68 3.68 3.68
1.44 1.44 1.44 1.44 1.33 1.33 1.33 1.33 1.33 1.33 1.33 1.33 1.33 1.33 1.33 1.33 1.33 1.33 1.33 1.33 1.33 1.33 1.33 1.33 1.33 1.33 1.33 1.33 1.33 1.33 1.33 1.33 1.33 1.33 1.33 1.33 1.25 1.25 1.25 1.25 1.25 1.25 1.25 1.25 1.25 1.25 1.25 1.25 1.25 1.25 1.25 1.25 1.28 1.28 4.26 1.28 1.28 1.28 1.28 1.28 1.28 1.28 1.28 1.28 1.28 1.28 1.28 1.28 1.10 1.10 1.10 1.10 1.10 1.10 1.10 1.10 1.10 1.10 1.10 1.10 3.68 3.68 3.68 3.68
1.44 1.44 1.44 1.44 1.33 1.33 1.33 1.33 1.33 1.33 1.33 1.33 1.33 1.33 1.33 1.33 1.33 1.33 1.33 1.33 1.33 1.33 1.33 1.33 1.33 1.33 1.33 1.33 1.33 1.33 1.33 1.33 1.33 1.33 1.33 1.33 1.25 1.25 1.25 1.25 1.25 1.25 1.25 1.25 1.25 1.25 1.25 1.25 1.25 1.25 1.25 1.25 1.28 1.28 1.28 1.28 1.28 1.28 1.28 1.28 1.28 1.28 1.28 1.28 1.28 1.28 1.28 1.28 1.10 1.10 1.10 1.10 1.10 1.10 1.10 1.10 1.10 1.10 1.10 1.10 1.10 3.68 3.68 3.68
