New_Model_Runs/15_Future_RCP8.5_Scn2_out/post_prcessed_with_MFR/Monthly_summaries/interception_monthly_JUN.asc
NCOLS 700
NROWS 400
XLLCENTER 515000.000000
YLLCENTER 8409000.000000
CELLSIZE 50.000000
NODATA_value -999.000000
[rows 152 to 189 of 400, columns 252 to 335 of 700]
0.00 0.00 0.00 0.00 0.00 0.00 0.00 0.00 0.00 0.00 0.00 0.00 0.00 0.00 0.00 0.00 0.00 0.00 0.00 0.00 0.00 0.00 0.00 0.00 0.00 0.00 0.00 0.00 0.00 0.00 0.00 0.00 0.00 0.00 0.00 0.00 0.00 0.00 0.00 0.00 0.00 0.00 0.00 0.00 0.00 0.00 0.00 1.17 1.39 1.39 1.39 1.39 1.63 1.63 1.63 1.63 1.78 1.78 1.78 1.78 1.70 1.70 1.70 1.70 1.36 1.36 1.36 1.36 0.97 0.97 0.97 0.97 0.73 0.73 0.58 0.00 0.45 0.69 0.69 0.00 0.00 0.00 0.00 0.00
0.00 0.00 0.00 0.00 0.00 0.00 0.00 0.00 0.00 0.00 0.00 0.00 0.00 0.00 0.00 0.00 0.00 0.00 0.00 0.00 0.00 0.00 0.00 0.00 0.00 0.00 0.00 0.00 0.00 0.00 0.00 0.00 0.00 0.00 0.00 0.00 0.00 0.00 0.00 0.00 0.00 0.00 0.00 0.00 0.00 0.00 1.17 1.17 1.39 1.39 1.39 1.39 1.63 1.63 1.63 1.63 1.78 1.78 1.78 1.78 1.70 1.70 1.70 1.70 1.36 1.36 1.36 1.36 0.97 0.97 0.97 0.97 0.58 0.58 0.00 0.00 0.45 0.69 0.69 0.00 0.00 0.00 0.00 0.00
0.00 0.00 0.00 0.00 0.00 0.00 0.00 0.00 0.00 0.00 0.00 0.00 0.00 0.00 0.00 0.00 0.00 0.00 0.00 0.00 0.00 0.00 0.00 0.00 0.00 0.00 0.00 0.00 0.00 0.00 0.00 0.00 0.00 0.00 0.00 0.00 0.00 0.00 0.00 0.00 0.00 0.00 0.00 0.00 0.00 1.17 1.17 1.17 1.39 1.39 1.39 1.39 1.63 1.63 1.63 1.63 1.78 1.78 1.78 1.78 1.70 1.70 1.70 1.70 1.36 1.36 1.36 1.36 0.97 0.97 0.97 0.85 0.58 0.00 0.00 0.00 0.00 0.00 0.00 0.00 0.57 0.45 0.00 0.65
0.00 0.00 0.00 0.00 0.00 0.00 0.00 0.00 0.00 0.00 0.00 0.00 0.00 0.00 0.00 0.00 0.00 0.00 0.00 0.00 0.00 0.00 0.00 0.00 0.00 0.00 0.00 0.00 0.00 0.00 0.00 0.00 0.00 0.00 0.00 0.00 0.00 0.00 0.00 0.00 0.00 0.00 0.00 0.00 0.00 1.17 1.17 1.17 1.39 1.39 1.39 1.39 1.63 1.63 1.63 1.63 1.78 1.78 1.78 1.78 1.70 1.70 1.70 1.70 1.36 1.36 1.36 1.36 0.97 0.97 0.97 0.97 0.58 0.58 0.00 0.00 0.00 0.69 0.00 0.63 0.72 0.72 0.57 0.57
0.00 0.00 0.00 0.00 0.00 0.00 0.00 0.00 0.00 0.00 0.00 0.00 0.00 0.00 0.00 0.00 0.00 0.00 0.00 0.00 0.00 0.00 0.00 0.00 0.00 0.00 0.00 0.00 0.00 0.00 0.00 0.00 0.00 0.00 0.00 0.00 0.00 0.00 0.00 0.00 0.00 0.00 0.00 0.00 0.00 1.23 1.23 1.23 1.27 1.27 1.27 1.27 1.36 1.36 1.36 1.36 1.41 1.41 1.41 1.41 1.42 1.42 1.42 1.42 1.35 1.35 1.35 1.35 0.99 0.99 0.99 0.99 0.73 0.73 0.73 0.00 0.75 0.75 0.75 0.68 0.82 0.63 0.63 0.82
0.00 0.00 0.00 0.00 0.00 0.00 0.00 0.00 0.00 0.00 0.00 0.00 0.00 0.00 0.00 0.00 0.00 0.00 0.00 0.00 0.00 0.00 0.00 0.00 0.00 0.00 0.00 0.00 0.00 0.00 0.00 0.00 0.00 0.00 0.00 0.00 0.00 0.00 0.00 0.00 0.00 0.00 0.00 0.00 0.84 1.23 1.23 1.23 1.27 1.27 1.27 1.27 1.36 1.36 1.36 1.36 1.41 1.41 1.41 1.41 1.42 1.42 1.42 1.42 1.35 1.35 1.35 1.35 0.99 0.99 0.99 0.72 0.73 0.73 0.73 0.00 0.59 0.75 0.59 0.75 0.63 0.63 0.82 0.82
0.00 0.00 0.00 0.00 0.00 0.00 0.00 0.00 0.00 0.00 0.00 0.00 0.00 0.00 0.00 0.00 0.00 0.00 0.00 0.00 0.00 0.00 0.00 0.00 0.00 0.00 0.00 0.00 0.00 0.00 0.00 0.00 0.00 0.00 0.00 0.00 0.00 0.00 0.00 0.00 0.00 0.00 0.00 0.00 1.23 1.23 1.23 1.23 1.27 1.27 1.27 1.27 1.36 1.36 1.36 1.36 1.41 1.41 1.41 1.41 1.42 1.42 1.42 1.42 1.35 1.35 1.35 1.35 0.99 0.99 0.99 0.72 0.66 0.73 0.73 0.00 0.75 0.75 0.75 0.75 0.82 0.82 0.82 0.82
0.00 0.00 0.00 0.00 0.00 0.00 0.00 0.00 0.00 0.00 0.00 0.00 0.00 0.00 0.00 0.00 0.00 0.00 0.00 0.00 0.00 0.00 0.00 0.00 0.00 0.00 1.36 1.36 0.00 0.00 0.00 0.00 0.00 0.00 0.00 0.00 0.00 0.00 0.00 0.00 0.00 0.00 0.00 0.00 0.00 0.00 1.23 1.23 1.27 1.27 1.27 1.27 1.36 1.36 1.36 1.36 1.41 1.41 1.41 1.41 1.42 1.42 1.42 1.42 1.35 1.35 1.35 1.35 0.99 0.99 0.99 0.87 0.00 0.00 0.00 0.00 0.00 0.59 0.59 0.75 0.82 0.82 0.82 0.82
0.00 0.00 0.00 0.00 0.00 0.00 0.00 0.00 0.00 0.00 0.00 0.00 0.00 0.00 0.00 0.00 0.00 0.00 0.00 0.00 0.00 0.00 0.00 0.00 0.00 1.31 1.31 1.31 1.37 0.00 0.00 0.00 0.00 0.00 0.00 0.00 0.00 0.00 0.00 0.00 0.00 0.00 0.00 0.00 0.00 0.00 0.00 0.00 0.95 0.95 0.95 0.95 1.01 1.01 1.01 1.01 1.06 1.06 1.06 1.06 1.22 1.22 1.22 1.22 1.34 1.34 1.34 1.34 1.08 1.08 0.77 0.77 0.00 0.00 0.00 0.00 0.00 0.70 0.78 0.78 0.92 0.92 0.92 0.92
0.00 0.00 0.00 0.00 0.00 0.00 0.00 0.00 0.00 0.00 0.00 0.00 0.00 0.00 0.00 0.00 0.00 0.00 0.00 0.00 0.00 0.00 0.00 0.00 0.00 1.31 1.31 1.31 1.37 1.37 1.37 0.00 0.00 0.00 0.00 0.00 0.00 0.00 0.00 0.00 0.00 0.00 0.00 0.00 0.00 0.00 0.00 0.00 0.00 0.00 0.47 0.95 1.01 1.01 1.01 1.01 1.06 1.06 1.06 1.06 1.22 1.22 1.22 1.22 1.34 1.34 1.34 1.34 1.08 0.94 0.00 0.00 0.00 0.00 0.00 0.46 0.70 0.00 0.70 0.78 0.92 0.92 0.92 0.92
0.00 0.00 0.00 0.00 0.00 0.00 0.00 0.00 0.00 0.00 0.00 0.00 0.00 0.00 0.00 0.00 0.00 0.00 0.00 0.00 0.00 0.00 0.00 0.00 0.00 1.42 1.42 1.42 1.49 1.49 1.49 0.00 0.00 0.00 0.00 0.00 0.00 0.00 0.00 0.00 0.00 0.00 0.00 0.00 0.00 0.00 0.00 0.00 0.00 0.00 0.48 1.01 1.07 1.07 1.07 1.07 1.13 1.13 1.13 1.13 1.30 1.30 1.30 1.30 1.43 1.43 1.43 1.43 1.01 1.01 0.00 0.00 0.00 0.00 0.74 0.63 0.00 0.00 0.74 0.82 0.99 0.99 0.99 0.99
0.00 0.00 0.00 0.00 0.00 0.00 0.00 0.00 0.00 0.00 0.00 0.00 0.00 0.00 0.00 0.00 0.00 0.00 0.00 0.00 0.00 0.00 0.00 0.00 1.42 1.42 1.42 1.42 1.49 1.49 1.49 1.49 1.46 0.00 1.46 1.46 0.00 0.00 0.00 0.00 0.00 0.00 0.00 0.00 0.00 0.00 0.00 0.00 0.00 0.00 0.48 1.01 1.07 1.07 1.07 1.07 1.13 1.13 1.13 1.13 1.30 1.30 1.30 1.30 1.43 1.43 1.43 1.43 1.16 1.01 0.00 0.00 0.00 0.00 0.63 0.83 0.00 0.00 0.82 0.82 0.99 0.99 0.99 0.99
0.00 0.00 0.00 0.00 0.00 0.00 0.00 0.00 0.00 0.00 0.00 0.00 0.00 0.00 0.00 0.00 0.00 0.00 0.00 0.00 0.00 0.00 0.00 1.24 1.59 1.59 1.59 1.59 1.70 1.70 1.70 1.09 1.47 1.47 1.47 1.47 1.21 0.00 0.00 0.00 0.00 0.00 0.00 0.00 0.00 0.00 0.00 0.00 0.00 0.00 0.00 0.00 0.82 0.46 0.74 0.63 0.82 0.82 0.82 0.82 1.06 1.06 1.06 1.06 1.40 1.40 0.93 1.40 1.32 1.32 0.00 0.00 0.00 0.00 0.99 0.99 0.87 0.87 0.66 0.87 0.71 0.97 0.97 0.97
0.00 0.00 0.00 0.00 0.00 0.00 0.00 0.00 0.00 0.00 0.00 0.00 0.00 0.00 0.00 0.00 0.00 0.00 0.00 0.00 1.24 1.24 1.24 1.24 1.59 1.59 1.59 1.59 1.70 1.70 1.70 1.70 0.00 0.97 0.00 1.47 1.21 1.21 1.21 0.00 0.00 0.00 0.00 0.00 0.00 0.00 0.00 0.00 0.00 0.00 0.00 0.00 0.00 0.00 0.00 0.82 0.82 0.74 0.82 0.82 1.06 1.06 1.06 1.06 1.40 1.40 1.40 1.40 1.32 1.32 1.32 0.89 0.00 0.00 0.00 0.48 0.66 0.87 0.87 0.87 0.85 0.97 0.97 0.97
0.00 0.00 0.00 0.00 0.00 0.00 0.00 0.00 0.00 0.00 0.00 0.00 0.00 0.00 0.00 0.00 0.00 1.05 0.00 0.00 1.24 1.24 1.24 1.24 1.59 1.59 1.59 1.59 1.70 1.70 1.70 1.70 1.47 0.97 1.47 1.47 1.21 0.83 0.83 0.00 0.77 0.00 0.00 0.00 0.00 0.00 0.00 0.00 0.00 0.00 0.00 0.00 0.00 0.00 0.00 0.00 0.00 0.00 0.82 0.82 1.06 0.76 1.06 1.06 1.40 1.40 1.40 1.40 1.32 1.32 1.32 1.32 0.72 0.00 0.00 0.99 0.87 0.87 0.87 0.87 0.97 0.97 0.97 0.97
0.00 0.00 0.00 0.00 0.00 0.00 0.00 0.00 0.00 0.00 0.00 0.00 0.00 0.00 0.00 0.00 1.05 1.05 1.05 1.05 1.24 1.24 1.24 1.24 1.59 1.59 1.59 1.59 1.70 1.70 1.70 1.70 1.47 1.47 1.47 1.47 1.21 1.21 1.21 0.83 1.09 0.00 0.00 0.00 0.00 0.00 0.00 0.00 0.00 0.00 0.00 0.00 0.00 0.00 0.00 0.00 0.00 0.00 0.63 0.82 1.06 1.06 1.06 1.06 1.40 1.40 1.40 1.40 1.32 1.32 1.32 1.32 0.72 0.00 0.00 0.99 0.87 0.87 0.87 0.87 0.97 0.97 0.97 0.97
0.00 0.00 0.00 0.00 0.00 0.00 0.00 0.00 0.00 0.00 0.00 0.00 0.00 0.00 1.05 0.00 1.14 1.14 1.14 1.14 1.45 1.45 1.45 1.45 1.85 1.85 1.85 1.85 1.71 1.71 1.71 1.71 1.28 1.28 1.28 1.28 0.98 0.98 0.98 0.98 0.80 0.00 0.00 0.00 0.00 0.00 0.00 0.00 0.00 0.00 0.45 0.45 0.00 0.00 0.00 0.00 0.00 0.00 0.73 0.73 0.90 0.90 0.90 0.90 1.31 1.31 1.31 1.31 1.49 1.49 1.49 1.49 0.86 0.86 0.86 1.26 1.03 1.03 1.03 1.03 1.00 1.00 1.00 1.00
0.00 0.00 0.00 0.00 0.00 0.00 0.00 0.00 0.00 0.00 0.00 0.00 0.00 1.05 1.05 1.05 1.14 1.14 1.14 1.14 1.45 1.45 1.45 1.45 1.85 1.85 1.85 1.85 1.71 1.71 1.71 1.71 1.28 1.28 1.28 1.28 0.47 0.98 0.98 0.98 0.00 0.00 0.00 0.00 0.00 0.00 0.00 0.00 0.00 0.45 0.78 0.78 0.61 0.00 0.00 0.00 0.00 0.00 0.67 0.73 0.67 0.67 0.90 0.90 1.31 1.31 1.31 1.31 1.49 1.49 1.49 1.49 1.26 1.26 0.86 1.26 1.03 1.03 1.03 1.03 1.00 1.00 1.00 1.00
0.00 0.00 0.00 0.00 0.00 0.00 0.00 0.00 0.00 0.00 0.00 0.00 1.05 1.05 1.05 1.05 1.14 1.14 1.14 1.14 1.45 1.45 1.45 1.45 1.85 1.85 1.85 1.85 1.71 1.71 1.71 1.71 1.28 1.28 1.28 1.28 0.47 0.71 0.98 0.47 0.00 0.00 0.00 0.00 0.00 0.00 0.00 0.00 0.45 0.78 0.78 0.78 0.61 0.00 0.00 0.00 0.67 0.00 0.00 0.00 0.67 0.90 0.90 0.90 1.31 1.31 1.31 1.31 1.49 1.49 1.49 1.49 1.26 1.26 1.26 1.26 1.03 1.03 1.03 1.03 1.00 1.00 1.00 1.00
0.00 0.00 0.00 0.00 0.00 0.00 0.00 0.00 0.00 0.00 0.00 0.00 1.05 1.05 1.05 1.05 1.14 1.14 1.14 1.14 1.45 1.45 1.45 1.45 1.85 1.85 1.85 1.85 1.71 1.71 1.71 1.71 1.28 1.28 0.50 1.28 0.98 0.71 0.00 0.47 0.00 0.00 0.00 0.00 0.00 0.00 0.00 0.00 0.78 0.78 0.78 0.78 0.78 0.61 0.00 0.00 0.00 0.00 0.00 0.00 0.00 0.67 0.90 0.90 1.31 1.31 1.31 1.31 1.49 1.49 1.49 1.49 1.26 1.26 1.26 1.26 1.03 1.03 1.03 1.03 1.00 1.00 1.00 1.00
0.00 0.00 0.00 0.00 0.00 0.00 0.00 0.00 0.00 0.00 0.96 0.96 1.11 1.11 1.11 1.11 1.34 1.34 1.34 1.34 1.81 1.81 1.81 1.81 1.85 1.85 1.85 1.85 1.29 1.29 1.29 1.29 0.94 0.94 0.94 0.94 0.77 0.60 0.60 0.45 0.44 0.00 0.00 0.00 0.00 0.00 0.00 0.00 0.45 0.77 0.77 0.77 0.86 0.86 0.65 0.00 0.00 0.00 0.81 0.63 0.64 0.64 0.85 0.85 1.16 1.16 1.16 1.16 1.60 1.60 1.60 1.60 1.58 1.58 1.58 1.58 1.28 1.28 1.28 1.28 1.31 1.31 1.31 1.31
0.00 0.00 0.00 0.00 0.00 0.00 0.00 0.00 0.00 0.00 1.13 1.13 1.11 1.11 1.11 1.11 1.34 1.34 1.34 1.34 1.81 1.81 1.81 1.81 1.85 1.85 1.85 1.85 1.29 1.29 1.29 1.29 0.94 0.94 0.94 0.94 0.77 0.77 0.60 0.60 0.00 0.00 0.00 0.00 0.00 0.00 0.00 0.55 0.77 0.77 0.77 0.77 0.86 0.86 0.86 0.77 0.63 0.63 0.81 0.81 0.85 0.64 0.85 0.85 1.16 1.16 1.16 1.16 1.60 1.60 1.60 1.60 1.58 1.58 1.58 1.58 1.28 1.28 1.28 1.28 1.31 1.31 1.31 1.31
0.00 0.00 0.00 0.00 0.00 0.00 0.00 0.00 0.00 0.00 0.00 1.13 1.28 1.11 1.11 1.11 1.34 1.34 1.34 1.34 1.81 1.81 1.81 1.81 1.85 1.85 1.85 1.85 1.29 1.29 1.29 1.29 0.94 0.94 0.94 0.94 0.77 0.77 0.77 0.45 0.00 0.00 0.00 0.00 0.00 0.00 0.00 0.00 0.69 0.69 0.00 0.69 0.86 0.86 0.86 0.86 0.63 0.63 0.63 0.81 0.85 0.85 0.85 0.85 1.16 1.16 1.16 1.16 1.60 1.60 1.60 1.60 1.58 1.58 1.58 1.58 1.28 1.28 1.28 1.28 1.31 1.31 1.31 1.31
0.00 0.00 0.00 0.00 0.00 0.00 0.00 0.00 0.00 0.00 0.00 1.13 1.28 1.28 1.28 1.11 1.34 1.34 1.34 1.34 1.81 1.81 1.81 1.81 1.85 1.85 1.85 1.85 1.29 1.29 1.29 1.29 0.94 0.94 0.94 0.94 0.77 0.77 0.77 0.69 0.00 0.00 0.00 0.00 0.00 0.00 0.00 0.55 0.77 0.60 0.00 0.60 0.86 0.86 0.86 0.86 0.81 0.63 0.63 0.63 0.85 0.85 0.85 0.85 1.16 1.16 1.16 1.16 1.60 1.60 1.60 1.60 1.58 1.58 1.58 1.58 1.28 1.28 1.28 1.28 1.31 1.31 1.31 1.31
0.00 0.00 0.00 0.00 0.00 0.00 0.00 0.00 0.00 0.00 0.00 0.00 1.29 1.29 1.29 1.29 1.51 1.51 1.51 1.51 1.87 1.87 1.87 1.87 1.49 1.49 1.49 1.49 0.94 0.94 0.94 0.94 0.75 0.75 0.45 0.75 0.65 0.65 0.65 0.60 0.00 0.00 0.00 0.00 0.00 0.00 0.00 0.56 0.77 0.60 0.60 0.77 0.94 0.94 0.94 0.94 1.03 1.03 1.03 1.03 0.73 1.02 1.02 1.02 1.27 1.27 1.27 1.27 1.77 1.77 1.77 1.77 1.77 1.77 1.77 1.77 1.44 1.44 1.44 1.44 1.42 1.42 1.42 1.42
0.00 0.00 0.00 0.00 0.00 0.00 0.00 0.00 0.00 0.00 0.00 1.14 1.29 1.29 1.29 1.29 1.68 1.51 1.51 1.51 1.87 1.87 1.87 1.87 1.49 1.49 1.49 1.49 0.94 0.94 0.94 0.94 0.75 0.75 0.45 0.75 0.00 0.65 0.60 0.00 0.00 0.00 0.00 0.00 0.00 0.00 0.63 0.69 0.77 0.77 0.77 0.77 0.94 0.94 0.94 0.94 1.03 1.03 1.03 1.03 1.02 1.02 1.02 1.02 1.27 1.27 1.27 1.27 1.77 1.77 1.77 1.77 1.77 1.77 1.77 1.77 1.44 1.44 1.44 1.44 1.42 1.42 1.42 1.42
0.00 0.00 0.00 0.00 1.14 0.00 0.00 0.00 0.00 0.00 1.19 1.19 1.36 1.36 1.36 1.36 1.79 1.79 1.79 1.62 1.96 1.96 1.96 1.96 1.55 1.55 1.55 1.55 0.98 0.98 0.98 0.98 0.77 0.77 0.77 0.60 0.66 0.66 0.61 0.61 0.00 0.00 0.00 0.00 0.00 0.64 0.70 0.70 0.78 0.78 0.78 0.78 0.97 0.97 0.97 0.97 1.06 1.06 1.06 1.06 1.04 1.04 1.04 1.04 1.31 1.31 1.31 1.31 1.80 1.80 1.80 1.80 1.80 0.00 1.80 1.80 1.46 1.46 1.46 1.46 1.44 1.44 1.44 1.44
0.00 0.00 0.00 1.21 1.14 1.14 0.00 0.00 0.00 1.19 1.19 1.19 1.36 1.36 1.36 1.36 1.79 1.79 1.79 1.79 1.96 1.96 1.96 1.96 1.55 1.55 1.55 1.55 0.98 0.98 0.98 0.98 0.77 0.77 0.77 0.77 0.66 0.66 0.55 0.66 0.00 0.00 0.00 0.00 0.00 0.00 0.70 0.70 0.78 0.78 0.78 0.78 0.97 0.97 0.97 0.97 1.06 1.06 1.06 1.06 1.04 1.04 1.04 1.04 1.31 1.31 1.31 1.31 1.80 1.80 1.80 1.80 1.80 0.00 1.80 1.80 1.46 1.46 1.46 1.46 1.44 1.44 1.44 1.44
1.19 1.19 1.19 1.19 1.15 1.15 1.15 1.15 1.11 1.11 0.87 1.11 1.26 1.26 1.26 1.26 1.62 1.62 1.62 1.62 1.92 1.92 1.75 1.75 1.43 1.43 1.43 1.43 0.96 0.96 0.96 0.96 0.71 0.71 0.71 0.71 0.60 0.56 0.56 0.51 0.00 0.00 0.00 0.00 0.00 0.00 0.67 0.67 0.85 0.85 0.85 0.85 1.17 1.17 1.17 1.17 1.57 1.57 1.57 1.57 1.73 1.73 1.73 1.73 1.88 1.88 1.88 1.88 1.94 1.94 0.00 1.94 1.71 1.71 1.71 1.71 1.59 1.59 1.59 1.59 1.47 1.47 1.47 1.47
1.19 1.19 1.19 1.19 1.15 1.15 1.15 1.15 1.11 1.11 1.11 1.11 1.26 1.26 1.26 1.26 1.62 1.62 1.62 1.62 1.92 1.92 1.92 1.75 1.43 1.43 1.43 1.43 0.96 0.96 0.96 0.96 0.71 0.71 0.71 0.71 0.51 0.00 0.00 0.00 0.00 0.00 0.00 0.00 0.00 0.00 0.67 0.67 0.85 0.85 0.85 0.85 1.17 1.17 1.17 1.17 1.57 1.57 1.57 1.57 1.73 1.73 1.73 1.73 1.88 1.88 1.88 1.88 1.94 1.94 1.94 1.94 1.71 0.00 1.71 1.71 1.59 1.59 1.59 1.59 1.47 1.47 1.47 0.00
1.19 1.19 1.19 1.19 1.15 1.15 1.15 1.15 1.11 1.11 1.11 1.11 1.26 1.26 1.26 1.26 1.62 1.62 1.62 1.62 1.92 1.92 1.92 1.92 1.60 1.43 1.43 1.43 0.96 0.96 0.96 0.96 0.71 0.71 0.71 0.71 0.56 0.51 0.56 0.00 0.00 0.55 0.55 0.51 0.00 0.00 0.55 0.67 0.85 0.85 0.85 0.85 1.17 1.17 1.17 1.17 1.57 1.57 1.57 1.57 1.73 1.73 1.73 1.73 1.88 1.88 1.88 1.88 1.94 1.94 1.94 1.94 1.71 1.71 1.71 1.71 1.59 1.59 1.59 1.59 1.47 1.47 0.00 0.00
1.19 1.19 1.19 1.19 1.15 1.15 1.15 1.15 1.11 1.11 1.11 1.11 1.26 1.26 1.26 1.26 1.62 1.62 1.62 1.62 1.92 1.92 1.92 1.92 1.60 1.60 1.43 1.43 0.96 0.96 0.96 0.96 0.71 0.71 0.71 0.71 0.60 0.60 0.60 0.00 0.44 0.59 0.59 0.51 0.00 0.00 0.55 0.67 0.85 0.85 0.85 0.85 1.17 1.17 1.17 1.17 1.57 1.57 1.57 1.57 1.73 1.73 1.73 1.73 1.88 1.88 1.88 1.88 1.94 1.94 1.94 1.94 1.71 1.71 1.71 1.71 1.59 1.59 0.00 1.59 1.47 1.47 0.00 0.00
1.27 1.27 1.27 1.27 1.23 1.23 1.23 1.23 1.20 1.20 1.20 1.20 1.25 1.25 1.25 1.25 1.46 1.46 1.46 1.46 1.75 1.75 1.75 1.75 1.74 1.74 1.74 1.74 1.06 1.06 1.06 1.06 0.73 0.73 0.73 0.73 0.64 0.64 0.44 0.00 0.44 0.60 0.60 0.52 0.00 0.00 0.63 0.68 1.10 1.10 1.10 1.10 1.75 1.75 1.75 1.75 2.10 2.10 2.10 2.10 2.02 2.02 2.02 2.02 1.90 1.90 1.90 1.90 1.58 1.58 1.58 1.58 1.42 1.42 1.42 1.42 1.56 1.56 1.56 1.56 0.00 0.00 0.00 0.00
1.27 1.27 1.27 1.27 1.23 1.23 1.23 1.23 1.20 1.20 1.20 1.20 1.25 1.25 1.25 1.25 1.46 1.46 1.46 1.46 1.75 1.75 1.75 1.75 1.74 1.74 1.74 1.74 1.23 1.06 1.06 1.06 0.73 0.73 0.73 0.73 0.64 0.64 0.64 0.00 0.52 0.60 0.60 0.52 0.00 0.56 0.56 0.68 1.10 1.10 1.10 1.10 1.75 1.75 1.75 1.75 2.10 2.10 2.10 2.10 2.02 2.02 2.02 2.02 1.90 1.90 1.90 1.90 1.58 1.58 1.58 1.58 1.42 1.42 1.42 1.42 1.56 1.56 1.56 1.56 0.00 0.00 0.00 0.00
1.27 1.27 1.27 1.27 1.23 1.23 1.23 1.23 1.20 1.20 1.20 1.20 1.25 1.25 1.25 1.25 1.46 1.46 1.46 1.46 1.75 1.75 1.75 1.75 1.74 1.74 1.74 1.74 1.23 1.23 1.06 1.06 0.73 0.73 0.73 0.73 0.64 0.64 0.64 0.54 0.52 0.56 0.60 0.52 0.68 0.68 0.68 0.68 1.10 1.10 1.10 1.10 1.75 1.75 1.75 1.75 2.10 2.10 2.10 2.10 2.02 2.02 2.02 2.02 1.90 1.90 1.90 1.90 1.58 1.58 1.58 1.58 1.42 1.42 1.42 1.42 1.56 1.56 1.56 1.56 0.00 0.00 0.00 0.00
1.27 1.27 1.27 1.27 1.23 1.23 1.23 1.23 1.20 1.20 1.20 1.20 1.25 1.25 1.25 1.25 1.46 1.46 1.46 1.46 1.75 1.75 1.75 1.75 1.74 1.74 1.74 1.74 1.23 1.23 1.23 1.23 0.73 0.73 0.73 0.73 0.64 0.64 0.64 0.54 0.56 0.52 0.60 0.60 0.68 0.68 0.68 0.68 1.10 1.10 1.10 1.10 1.75 1.75 1.75 1.75 2.10 2.10 2.10 2.10 2.02 2.02 2.02 2.02 1.90 1.90 1.90 1.90 1.58 1.58 1.58 1.58 1.42 1.42 1.42 1.42 1.56 1.56 1.56 1.56 0.00 0.00 0.00 0.00
1.43 1.43 1.43 1.43 1.36 1.36 1.36 1.36 1.45 1.45 1.45 1.45 1.65 1.65 1.65 1.65 1.81 1.81 1.81 1.81 1.87 1.87 1.87 1.87 1.78 1.78 1.78 1.78 1.46 1.46 1.46 1.46 1.17 1.00 1.00 1.00 0.87 0.87 0.87 0.87 0.80 0.80 0.80 0.80 1.05 1.05 1.05 1.05 1.64 1.64 1.64 1.64 2.12 2.12 0.00 2.12 1.94 1.94 1.94 1.94 1.62 1.62 1.62 1.62 1.43 1.43 1.43 1.43 1.27 1.27 1.27 1.27 1.31 1.31 1.31 1.31 1.41 1.41 1.41 1.41 0.00 0.00 0.00 0.00
1.43 1.43 1.43 1.43 1.36 1.36 1.36 1.36 1.45 1.45 1.45 1.45 1.65 1.65 1.65 1.65 1.81 1.81 1.81 1.81 1.87 1.87 1.87 1.87 1.78 1.78 1.78 1.78 1.46 1.46 1.46 1.46 1.17 1.17 1.17 1.00 0.87 0.87 0.87 0.87 0.80 0.80 0.80 0.80 1.05 1.05 1.05 1.05 1.64 1.64 1.64 1.64 2.12 2.12 2.12 2.12 1.94 1.94 1.94 1.94 1.62 1.62 1.62 1.62 1.43 1.43 1.43 1.43 1.27 1.27 1.27 1.27 1.31 1.31 1.31 1.31 1.41 1.41 1.41 1.41 1.59 0.00 0.00 0.00
