New_Model_Runs/15_Future_RCP8.5_Scn2_out/post_prcessed_with_MFR/Monthly_summaries/interception_monthly_MAR.asc
NCOLS 700
NROWS 400
XLLCENTER 515000.000000
YLLCENTER 8409000.000000
CELLSIZE 50.000000
NODATA_value -999.000000
[rows 190 to 227 of 400, columns 168 to 251 of 700]
0.97 0.97 0.66 0.66 0.66 0.97 0.97 0.97 1.11 1.11 1.11 1.11 1.26 1.26 1.26 1.26 1.23 1.23 1.23 1.23 1.19 1.19 1.19 1.19 1.23 1.23 1.23 1.23 1.34 1.34 1.34 1.34 1.46 1.46 1.46 1.46 1.47 1.47 1.47 1.47 1.39 1.39 1.39 1.39 1.30 1.30 1.30 1.30 1.19 1.19 1.19 1.19 1.23 1.23 1.23 1.23 1.32 1.32 1.32 1.32 1.23 1.23 1.23 1.23 1.13 1.13 0.94 1.13 1.15 1.15 1.15 1.83 1.89 1.89 1.89 1.89 1.99 1.99 1.99 1.06 1.10 1.10 1.10 1.10
0.97 0.97 0.97 0.85 0.97 0.97 0.97 0.97 1.11 1.11 1.11 1.11 1.26 1.26 1.26 1.26 1.23 1.23 1.23 1.23 1.19 1.19 1.19 1.19 1.23 1.23 1.23 1.23 1.34 1.34 1.34 1.34 1.46 1.46 1.46 1.46 1.47 1.47 1.47 1.47 1.39 1.39 1.39 1.39 1.30 1.30 1.30 1.30 1.19 1.19 1.19 1.19 1.23 1.23 1.23 1.23 1.32 1.32 1.32 1.32 1.23 1.23 1.23 1.23 1.13 1.13 1.13 1.13 1.15 1.15 1.15 1.83 1.89 1.89 1.89 1.89 1.99 1.99 1.99 1.06 1.10 1.10 1.10 1.10
0.95 0.95 0.95 0.84 1.00 1.00 1.00 1.00 1.15 1.15 1.15 1.15 1.28 1.28 1.28 1.28 1.25 1.25 1.25 1.25 1.20 1.20 1.20 1.20 1.25 1.25 1.25 1.25 1.34 1.34 1.34 1.34 1.44 1.44 1.44 1.44 1.51 1.51 1.51 1.51 1.48 1.48 1.48 1.48 1.33 1.33 1.33 1.33 1.15 1.15 1.15 1.15 1.21 1.21 1.21 1.21 1.36 1.36 1.36 1.36 1.33 1.33 1.33 1.33 1.16 1.16 1.16 1.16 1.14 1.14 1.81 1.81 1.93 1.93 1.93 1.93 1.99 1.99 1.99 1.06 1.12 1.12 1.12 1.12
0.95 0.95 0.95 0.95 1.00 1.00 1.00 1.00 1.15 1.15 1.15 1.15 1.28 1.28 1.28 1.28 1.25 1.25 1.25 1.25 1.20 1.20 1.20 1.20 1.25 1.25 1.25 1.25 1.34 1.34 1.34 1.34 1.44 1.44 1.44 1.44 1.51 1.51 1.51 1.51 1.48 1.48 1.48 1.48 1.33 1.33 1.33 1.33 1.15 1.15 1.15 1.15 1.21 1.21 1.21 1.21 1.36 1.36 1.36 1.36 1.33 1.33 1.33 1.33 1.16 1.16 1.16 1.16 1.14 1.14 1.81 1.81 1.93 1.93 1.93 1.93 1.99 1.99 1.99 1.99 1.12 1.12 1.12 1.12
0.99 0.99 0.99 0.99 1.05 1.05 1.05 1.05 1.23 1.23 1.23 1.23 1.39 1.39 1.39 1.39 1.34 1.34 1.34 1.34 1.29 1.29 1.29 1.29 1.36 1.36 1.36 1.36 1.46 1.46 1.46 1.46 1.59 1.59 1.59 1.59 1.67 1.67 1.67 1.67 1.62 1.62 1.62 1.62 1.44 1.44 1.44 1.44 1.23 1.23 1.23 1.23 1.30 1.30 1.30 1.30 1.46 1.46 1.46 1.46 1.42 1.42 1.42 1.42 1.23 1.23 1.23 1.23 1.20 1.20 1.90 1.90 2.02 2.02 2.02 2.02 2.09 2.09 2.09 2.09 1.21 1.21 1.21 1.21
0.99 0.99 0.99 0.99 1.05 1.05 1.05 1.05 1.23 1.23 1.23 1.23 1.39 1.39 1.39 1.39 1.34 1.34 1.34 1.34 1.29 1.29 1.29 1.29 1.36 1.36 1.36 1.36 1.46 1.46 1.46 1.46 1.59 1.59 1.59 1.59 1.67 1.67 1.67 1.67 1.62 1.62 1.62 1.62 1.44 1.44 1.44 1.44 1.23 1.23 1.23 1.23 1.30 1.30 1.30 1.30 1.46 1.46 1.46 1.46 1.42 1.42 1.42 1.42 1.23 1.23 1.23 1.23 1.20 1.90 1.90 1.90 2.02 2.02 2.02 2.02 2.09 2.09 2.09 2.09 2.15 1.21 1.21 1.21
1.05 1.05 1.05 1.05 1.10 1.10 1.10 1.10 1.24 1.24 1.24 1.24 1.40 1.40 1.40 1.40 1.37 1.37 1.37 1.37 1.31 1.31 1.31 1.31 1.40 1.40 1.40 1.40 1.51 1.51 1.51 1.51 1.65 1.65 1.65 1.65 1.74 1.74 1.74 1.74 1.63 1.63 1.63 1.63 1.41 1.41 1.41 1.41 1.24 1.24 1.24 1.24 1.34 1.34 1.34 1.34 1.51 1.51 1.51 1.51 1.40 1.40 1.40 1.40 1.16 1.16 1.16 1.16 1.14 1.84 1.84 1.84 1.99 1.99 1.99 1.99 2.12 2.12 2.12 2.12 2.15 1.21 1.21 1.21
1.05 1.05 1.05 1.05 1.10 1.10 1.10 1.10 1.24 1.24 1.24 1.24 1.40 1.40 1.40 1.40 1.37 1.37 1.37 1.37 1.31 1.31 1.31 1.31 1.40 1.40 1.40 1.40 1.51 1.51 1.51 1.51 1.65 1.65 1.65 1.65 1.74 1.74 1.74 1.74 1.63 1.63 1.63 1.63 1.41 1.41 1.41 1.41 1.24 1.24 1.24 1.24 1.34 1.34 1.34 1.34 1.51 1.51 1.51 1.51 1.40 1.40 1.40 1.40 1.16 1.16 1.16 1.16 1.14 1.84 1.84 1.84 1.99 1.99 1.99 1.99 2.12 2.12 2.12 2.12 2.15 1.21 1.21 1.21
1.05 1.05 1.05 1.05 1.10 1.10 1.10 1.10 1.24 1.24 1.24 1.24 1.40 1.40 1.40 1.40 1.37 1.37 1.37 1.37 1.31 1.31 1.31 1.31 1.40 1.40 1.40 1.40 1.51 1.51 1.51 1.51 1.65 1.65 1.65 1.65 1.74 1.74 1.74 1.74 1.63 1.63 1.63 1.63 1.41 1.41 1.41 1.41 1.24 1.24 1.24 1.24 1.34 1.34 1.34 1.34 1.51 1.51 1.51 1.51 1.40 1.40 1.40 1.40 1.16 1.16 1.16 1.16 1.84 1.84 1.84 1.84 1.99 1.99 1.99 1.99 2.12 2.12 2.12 2.12 2.15 2.15 1.21 1.21
1.05 1.05 1.05 1.05 1.10 1.10 1.10 1.10 1.24 1.24 1.24 1.24 1.40 1.40 1.40 1.40 1.37 1.37 1.37 1.37 1.31 1.31 1.31 1.31 1.40 1.40 1.40 1.40 1.51 1.51 1.51 1.51 1.65 1.65 1.65 1.65 1.74 1.74 1.74 1.74 1.63 1.63 1.63 1.63 1.41 1.41 1.41 1.41 1.24 1.24 1.24 1.24 1.34 1.34 1.34 1.34 1.51 1.51 1.51 1.51 1.40 1.40 1.40 1.40 1.16 1.16 1.16 1.16 1.84 1.84 1.84 1.84 1.99 1.99 1.99 1.99 2.12 2.12 2.12 2.12 2.15 2.15 1.21 1.21
1.16 1.16 1.16 1.16 1.15 1.15 1.15 1.15 1.25 1.25 1.25 1.25 1.40 1.40 1.40 1.40 1.41 1.41 1.41 1.41 1.40 1.40 1.40 1.40 1.47 1.47 1.47 1.47 1.63 1.63 1.63 1.63 1.77 1.77 1.77 1.77 1.65 1.65 1.65 1.65 1.45 1.45 1.45 1.45 1.30 1.30 1.30 1.30 1.22 1.22 1.22 1.22 1.36 1.36 1.36 1.36 1.52 1.52 1.52 1.52 1.30 1.30 1.30 1.30 1.07 1.07 1.07 1.07 1.79 1.79 1.79 1.79 1.94 1.94 1.94 1.94 2.08 2.08 2.08 2.08 2.14 2.14 2.14 1.20
1.16 1.16 1.16 1.16 1.15 1.15 1.15 1.15 1.25 1.25 1.25 1.25 1.40 1.40 1.40 1.40 1.41 1.41 1.41 1.41 1.40 1.40 1.40 1.40 1.47 1.47 1.47 1.47 1.63 1.63 1.63 1.63 1.77 1.77 1.77 1.77 1.65 1.65 1.65 1.65 1.45 1.45 1.45 1.45 1.30 1.30 1.30 1.30 1.22 1.22 1.22 1.22 1.36 1.36 1.36 1.36 1.52 1.52 1.52 1.52 1.30 1.30 1.30 1.30 1.07 1.07 1.07 1.78 1.79 1.79 1.79 1.79 1.94 1.94 1.94 1.94 2.08 2.08 2.08 2.08 2.14 2.14 2.14 1.20
1.16 1.16 1.16 1.16 1.15 1.15 1.15 1.15 1.25 1.25 1.25 1.25 1.40 1.40 1.40 1.40 1.41 1.41 1.41 1.41 1.40 1.40 1.40 1.40 1.47 1.47 1.47 1.47 1.63 1.63 1.63 1.63 1.77 1.77 1.77 1.77 1.65 1.65 1.65 1.65 1.45 1.45 1.45 1.45 1.30 1.30 1.30 1.30 1.22 1.22 1.22 1.22 1.36 1.36 1.36 1.36 1.52 1.52 1.52 1.52 1.30 1.30 1.30 1.30 1.07 1.07 1.07 1.78 1.79 1.79 1.79 1.79 1.94 1.94 1.94 1.94 2.08 2.08 2.08 2.08 2.14 2.14 2.14 1.20
1.16 1.16 1.16 1.16 1.15 1.15 1.15 1.15 1.25 1.25 1.25 1.25 1.40 1.40 1.40 1.40 1.41 1.41 1.41 1.41 1.40 1.40 1.40 1.40 1.47 1.47 1.47 1.47 1.63 1.63 1.63 1.63 1.77 1.77 1.77 1.77 1.65 1.65 1.65 1.65 1.45 1.45 1.45 1.45 1.30 1.30 1.30 1.30 1.22 1.22 1.22 1.22 1.36 1.36 1.36 1.36 1.52 1.52 1.52 1.52 1.30 1.30 1.30 1.30 1.07 1.07 1.07 1.78 1.79 1.79 1.79 1.79 1.94 1.94 1.94 1.94 2.08 2.08 2.08 2.08 2.14 2.14 2.14 2.14
1.30 1.30 1.30 1.30 1.28 1.28 1.28 1.28 1.32 1.32 1.32 1.32 1.42 1.42 1.42 1.42 1.47 1.47 1.47 1.47 1.47 1.47 1.47 1.47 1.53 1.53 1.53 1.53 1.72 1.72 1.72 1.72 1.68 1.68 1.68 1.68 1.38 1.38 1.38 1.38 1.21 1.21 1.21 1.21 1.14 1.14 1.14 1.14 1.17 1.17 1.17 1.17 1.44 1.44 1.44 1.44 1.49 1.49 1.49 1.49 1.17 1.17 1.17 1.17 1.03 1.03 1.73 1.73 1.82 1.82 1.82 1.82 1.98 1.98 1.98 1.98 2.11 2.11 2.11 2.11 2.18 2.18 2.18 2.18
1.30 1.30 1.30 1.30 1.28 1.28 1.28 1.28 1.32 1.32 1.32 1.32 1.42 1.42 1.42 1.42 1.47 1.47 1.47 1.47 1.47 1.47 1.47 1.47 1.53 1.53 1.53 1.53 1.72 1.72 1.72 1.72 1.68 1.68 1.68 1.68 1.38 1.38 1.38 1.38 1.21 1.21 1.21 1.21 1.14 1.14 1.14 1.14 1.17 1.17 1.17 1.17 1.44 1.44 1.44 1.44 1.49 1.49 1.49 1.49 1.17 1.17 1.17 1.17 1.03 1.03 1.73 1.73 1.82 1.82 1.82 1.82 1.98 1.98 1.98 1.98 2.11 2.11 2.11 2.11 2.18 2.18 2.18 2.18
1.30 1.30 1.30 1.30 1.28 1.28 1.28 1.28 1.32 1.32 1.32 1.32 1.42 1.42 1.42 1.42 1.47 1.47 1.47 1.47 1.47 1.47 1.47 1.47 1.53 1.53 1.53 1.53 1.72 1.72 1.72 1.72 1.68 1.68 1.68 1.68 1.38 1.38 1.38 1.38 1.21 1.21 1.21 1.21 1.14 1.14 1.14 1.14 1.17 1.17 1.17 1.17 1.44 1.44 1.44 1.44 1.49 1.49 1.49 1.49 1.17 1.17 1.17 1.17 1.03 1.03 1.73 1.73 1.82 1.82 1.82 1.82 1.98 1.98 1.98 1.98 2.11 2.11 2.11 2.11 2.18 2.18 2.18 2.18
1.30 1.30 1.30 1.30 1.28 1.28 1.28 1.28 1.32 1.32 1.32 1.32 1.42 1.42 1.42 1.42 1.47 1.47 1.47 1.47 1.47 1.47 1.47 1.47 1.53 1.53 1.53 1.53 1.72 1.72 1.72 1.72 1.68 1.68 1.68 1.68 1.38 1.38 1.38 1.38 1.21 1.21 1.21 1.21 1.14 1.14 1.14 1.14 1.17 1.17 1.17 1.17 1.44 1.44 1.44 1.44 1.49 1.49 1.49 1.49 1.17 1.17 1.17 1.17 1.03 1.73 1.73 1.73 1.82 1.82 1.82 1.82 1.98 1.98 1.98 1.98 2.11 2.11 2.11 2.11 2.18 2.18 2.18 2.18
1.42 1.42 1.42 1.42 1.45 1.45 1.45 1.45 1.43 1.43 1.43 1.43 1.47 1.47 1.47 1.47 1.54 1.54 1.54 1.54 1.55 1.16 1.55 1.55 1.59 1.59 1.59 1.59 1.66 1.66 1.66 0.74 1.52 1.52 1.52 1.52 1.26 1.26 1.26 1.26 1.12 1.12 1.12 1.12 1.11 1.11 1.11 1.11 1.31 1.31 1.31 1.31 1.55 1.55 1.55 1.55 1.34 1.34 1.34 1.34 1.06 1.06 1.06 1.06 1.08 1.78 1.78 1.78 1.95 1.95 1.95 1.95 2.06 2.06 2.06 2.06 2.13 2.13 2.13 2.13 2.21 2.21 2.21 2.21
1.42 1.42 1.42 1.42 1.45 1.45 1.45 1.45 1.43 1.43 1.43 1.43 1.47 1.47 1.47 1.47 1.54 1.54 1.15 1.15 1.16 1.55 1.55 1.55 1.59 1.59 1.59 1.59 1.66 1.66 1.66 1.66 1.52 1.52 1.52 1.52 1.26 1.26 1.26 1.26 1.12 1.12 1.12 1.12 1.11 1.11 1.11 1.11 1.31 1.31 1.31 1.31 1.55 1.55 1.55 1.55 1.34 1.34 1.34 1.34 1.06 1.06 1.06 1.06 1.08 1.78 1.78 1.78 1.95 1.95 1.95 1.95 2.06 2.06 2.06 2.06 2.13 2.13 2.13 2.13 2.21 2.21 2.21 2.21
1.52 1.52 1.52 1.52 1.55 1.55 1.55 1.55 1.53 1.53 1.53 1.53 1.58 1.58 1.58 1.58 1.66 1.66 1.22 1.22 1.23 1.67 1.67 1.67 1.73 1.73 1.73 1.73 1.81 1.81 1.81 1.30 1.65 1.65 1.65 1.65 1.34 1.34 1.34 1.34 1.18 1.18 1.18 1.18 1.16 1.16 1.16 1.16 1.40 1.40 1.40 1.40 1.68 1.68 1.68 1.68 1.41 1.41 1.41 1.41 1.10 1.10 1.10 1.10 1.85 1.85 1.85 1.85 2.04 2.04 2.04 2.04 2.14 2.14 2.14 2.14 2.21 2.21 2.21 2.21 2.31 2.31 2.31 2.31
1.52 1.52 1.52 1.52 1.55 1.55 1.55 1.55 1.53 1.53 1.53 1.53 1.58 1.58 1.58 1.58 1.66 1.22 1.22 1.22 1.67 1.67 1.67 1.67 1.73 1.73 1.26 1.26 1.30 1.81 1.81 1.81 1.65 1.65 1.65 1.65 1.34 1.34 1.34 1.34 1.18 1.18 1.18 1.18 1.16 1.16 1.16 1.16 1.40 1.40 1.40 1.40 1.68 1.68 1.68 1.68 1.41 1.41 1.41 1.41 1.10 1.10 1.10 1.10 1.85 1.85 1.85 1.85 2.04 2.04 2.04 2.04 2.14 2.14 2.14 2.14 2.21 2.21 2.21 2.21 2.31 2.31 2.31 2.31
1.55 1.55 1.55 1.55 1.61 1.61 1.61 1.61 1.60 1.60 1.60 1.60 1.64 1.64 1.21 1.64 1.70 1.70 0.00 0.00 1.23 1.68 1.68 1.68 1.67 1.23 0.00 0.00 0.00 0.75 1.22 1.65 1.54 1.54 1.54 1.54 1.32 1.32 1.32 1.32 1.18 1.18 1.18 1.18 1.27 1.27 1.27 1.27 1.60 1.60 1.60 1.60 1.59 1.59 1.59 1.59 1.24 1.24 1.24 1.24 1.13 1.13 1.13 1.13 1.97 1.97 1.97 1.97 2.13 2.13 2.13 2.13 2.16 2.16 2.16 2.16 2.24 2.24 2.24 2.24 2.42 2.42 2.42 2.42
1.55 1.55 1.55 1.55 1.61 1.61 1.61 1.61 1.60 1.60 1.60 1.60 1.64 1.64 1.21 1.21 1.50 0.00 0.00 0.00 0.00 1.23 1.68 1.68 1.23 0.00 0.00 0.00 0.00 0.00 0.00 1.22 1.54 1.54 1.54 1.54 1.32 1.32 1.32 1.32 1.18 1.18 1.18 1.18 1.27 1.27 1.27 1.27 1.60 1.60 1.60 1.60 1.59 1.59 1.59 1.59 1.24 1.24 1.24 1.24 1.13 1.13 1.13 1.85 1.97 1.97 1.97 1.97 2.13 2.13 2.13 2.13 2.16 2.16 2.16 2.16 2.24 2.24 2.24 2.24 2.42 2.42 2.42 2.42
1.55 1.55 1.55 1.55 1.61 1.61 1.61 1.61 1.60 1.60 1.60 1.60 1.21 1.21 1.21 0.00 0.00 0.00 0.00 1.24 1.23 1.23 1.68 1.23 0.00 0.00 0.00 0.00 1.22 0.00 0.00 1.46 1.54 1.54 1.54 1.54 1.32 1.32 1.32 1.32 1.18 1.18 1.18 1.18 1.27 1.27 1.27 1.27 1.60 1.60 1.60 1.60 1.59 1.59 1.59 1.59 1.24 1.24 1.24 1.24 1.13 1.13 1.13 1.85 1.97 1.97 1.97 1.97 2.13 2.13 2.13 2.13 2.16 2.16 2.16 2.16 2.24 2.24 2.24 2.24 2.42 2.42 2.42 2.42
1.55 1.55 1.55 1.55 1.61 1.61 1.61 1.61 1.60 1.60 1.60 1.19 0.00 0.00 0.00 0.00 0.00 0.00 0.00 1.24 1.23 1.68 1.68 1.23 0.00 0.00 0.00 0.00 0.00 0.00 1.22 1.22 1.54 1.54 1.54 1.54 1.32 1.32 1.32 1.32 1.18 1.18 1.18 1.18 1.27 1.27 1.27 1.27 1.60 1.60 1.60 1.60 1.59 1.59 1.59 1.59 1.24 1.24 1.24 1.24 1.13 1.13 1.13 1.85 1.97 1.97 1.97 1.97 2.13 2.13 2.13 2.13 2.16 2.16 2.16 2.16 2.24 2.24 2.24 2.24 2.42 2.42 2.42 2.42
1.52 1.52 1.52 1.52 1.53 1.53 1.53 1.53 1.58 1.58 1.58 1.18 1.22 0.00 0.00 0.00 0.00 0.00 0.00 0.00 1.17 1.17 1.17 0.00 0.00 0.00 0.00 0.00 0.00 0.74 1.52 1.52 1.42 1.42 1.42 1.42 1.28 1.28 1.28 1.28 1.33 1.33 1.33 1.33 1.56 1.56 1.56 1.56 1.63 1.63 1.63 1.63 1.37 1.37 1.37 1.37 1.23 1.23 1.23 1.23 1.30 1.30 2.02 2.02 2.13 2.13 2.13 2.13 2.12 0.00 2.12 2.12 2.13 2.13 2.13 2.13 2.27 2.27 2.27 2.27 2.54 2.54 2.54 2.54
1.52 1.52 1.52 1.52 1.53 1.53 1.53 1.53 1.58 1.58 1.58 1.58 1.22 0.00 0.00 0.00 0.00 0.00 1.47 1.22 1.17 0.00 0.00 0.00 0.00 0.00 0.00 0.74 0.74 1.52 1.52 1.52 1.42 1.42 1.42 1.42 1.28 1.28 1.28 1.28 1.33 1.33 1.33 1.33 1.56 1.56 1.56 1.56 1.63 1.63 1.63 1.63 1.37 1.37 1.37 1.37 1.23 1.23 1.23 1.23 1.30 1.30 2.02 2.02 2.13 2.13 2.13 2.13 2.12 2.12 2.12 2.12 2.13 2.13 2.13 2.13 2.27 2.27 2.27 2.27 2.54 2.54 2.54 2.54
1.52 1.52 1.52 1.52 1.53 1.53 1.53 1.53 1.58 1.58 1.58 1.18 1.22 0.00 0.00 0.00 0.00 1.22 1.22 1.22 1.17 1.17 1.17 0.00 0.00 0.00 0.00 0.74 1.52 0.74 1.52 1.52 1.42 1.42 1.42 1.42 1.28 1.28 1.28 1.28 1.33 1.33 1.33 1.33 1.56 1.56 1.56 1.56 1.63 1.63 1.63 1.63 1.37 1.37 1.37 1.37 1.23 1.23 1.23 1.23 1.30 1.30 2.02 2.02 2.13 2.13 2.13 2.13 2.12 2.12 2.12 2.12 2.13 2.13 2.13 2.13 2.27 2.27 2.27 2.27 2.54 2.54 2.54 2.54
2.15 2.15 2.15 1.52 1.53 1.53 1.53 1.53 1.58 1.58 1.18 1.18 0.00 0.00 0.00 0.00 0.00 0.00 1.22 0.00 1.17 1.57 0.74 0.00 0.00 0.00 0.00 1.54 1.52 1.52 1.52 1.52 1.42 1.42 1.42 1.42 1.28 1.28 1.03 1.28 1.33 1.33 1.33 1.33 1.56 1.56 1.56 1.56 1.63 1.63 1.63 1.63 1.37 1.37 1.37 1.37 1.23 1.23 1.23 1.23 1.30 2.02 2.02 2.02 2.13 2.13 2.13 2.13 2.12 2.12 2.12 2.12 2.13 2.13 2.13 2.13 2.27 2.27 2.27 2.27 2.54 2.54 2.54 2.54
2.16 2.16 2.16 2.16 2.15 2.15 1.52 1.52 1.55 1.55 1.55 1.16 0.00 0.00 0.00 0.00 0.00 0.00 0.00 0.74 0.74 1.51 0.74 0.00 0.00 0.00 0.00 1.12 1.46 1.46 1.46 1.46 1.43 1.43 1.43 1.43 1.43 1.43 1.43 1.10 1.58 1.58 1.58 1.58 1.66 1.22 1.22 1.66 1.53 1.53 1.53 1.53 1.47 1.47 1.47 1.47 1.46 1.46 1.46 1.46 1.53 2.25 2.25 2.25 2.25 2.25 2.25 2.25 2.18 2.18 2.18 2.18 2.17 2.17 2.17 2.17 2.35 2.35 2.35 2.35 2.61 2.61 2.61 2.61
2.16 2.16 2.16 2.16 2.15 2.15 2.15 2.15 2.18 2.18 1.55 1.55 1.20 0.00 0.00 0.00 0.00 0.00 0.00 0.00 1.51 1.51 1.51 0.74 0.00 0.00 0.00 1.12 1.12 1.12 1.46 1.12 1.43 1.43 1.43 1.43 1.43 1.43 1.10 1.10 1.58 1.58 1.58 1.58 0.00 0.00 1.22 1.66 1.53 1.53 1.53 1.53 1.47 1.47 1.47 1.47 1.46 1.46 1.46 1.46 2.25 2.25 2.25 2.25 2.25 2.25 2.25 2.25 2.18 2.18 2.18 2.18 2.17 2.17 2.17 2.17 2.35 2.35 2.35 2.35 2.61 2.61 2.61 2.61
2.16 2.16 2.16 2.16 2.15 2.15 2.15 2.15 2.18 2.18 2.18 2.18 1.84 0.00 0.00 0.00 0.00 0.00 0.00 0.00 1.35 1.51 1.14 0.00 0.00 0.00 1.12 1.12 1.46 1.12 1.12 1.46 1.43 1.43 1.43 1.10 1.10 1.43 1.10 1.10 1.58 1.18 1.18 0.00 0.00 1.22 1.22 1.66 1.53 1.53 1.53 1.53 1.47 1.47 1.47 1.47 1.46 1.46 1.46 1.46 2.25 2.25 2.25 2.25 2.25 2.25 2.25 0.00 0.00 2.18 2.18 2.18 2.17 2.17 2.17 2.17 2.35 2.35 2.35 2.35 2.61 2.61 2.61 2.61
2.16 2.16 2.16 2.16 2.15 2.15 2.15 2.15 2.18 2.18 2.18 1.80 1.84 0.00 0.00 0.00 0.00 0.00 0.00 0.00 0.00 0.00 0.00 0.00 0.00 0.00 1.12 0.00 1.12 1.12 1.12 1.12 1.10 1.10 1.43 1.10 1.10 1.10 1.10 1.10 0.00 0.00 0.00 1.18 1.22 1.22 1.66 1.66 1.53 1.53 1.53 1.53 1.47 1.47 1.47 1.47 1.46 1.46 1.46 1.46 2.25 2.25 2.25 0.00 0.00 0.00 0.00 0.00 0.00 0.00 0.00 0.00 0.00 0.00 0.00 2.17 2.35 2.35 2.35 2.35 2.61 2.61 2.61 2.61
2.21 2.21 2.21 2.21 2.16 2.16 2.16 2.16 2.15 2.15 2.15 2.15 1.81 0.00 0.00 0.00 0.00 0.00 0.00 0.00 0.00 0.00 0.00 0.00 0.00 1.15 1.15 1.15 1.52 1.52 1.15 1.36 1.16 1.16 1.16 0.00 1.19 1.19 1.19 0.00 0.00 0.00 0.00 1.21 1.65 1.65 1.65 1.65 1.70 1.70 1.70 1.70 1.73 1.73 1.73 1.73 1.66 1.66 1.66 2.37 2.32 2.32 2.32 0.00 0.00 0.00 0.00 0.00 0.00 0.00 0.00 0.00 2.20 2.20 2.20 2.20 2.40 2.40 2.40 2.40 2.54 2.54 2.54 2.54
2.21 2.21 2.21 2.21 2.16 2.16 2.16 2.16 2.15 2.15 2.15 2.15 1.81 0.00 0.00 0.00 0.00 0.00 0.00 0.00 0.00 0.00 0.00 0.00 0.00 0.00 1.15 1.15 1.15 1.15 0.00 0.00 0.00 0.00 0.00 0.00 0.00 1.19 1.19 0.00 0.00 1.21 1.21 1.21 1.22 1.22 1.22 1.22 1.24 1.24 1.24 1.24 1.26 0.00 1.26 1.73 1.66 1.66 1.66 2.37 2.32 2.32 2.32 0.00 0.00 0.00 0.00 2.23 2.19 0.00 2.19 2.19 2.20 2.20 2.20 2.20 2.40 2.40 2.40 2.40 2.54 2.54 2.54 2.54
2.26 2.26 2.26 2.26 2.20 2.20 2.20 2.20 2.21 2.21 2.21 1.82 1.84 0.00 0.00 0.00 0.00 0.00 1.83 1.83 0.00 0.00 1.81 1.81 0.00 0.00 0.00 2.21 1.19 0.00 0.00 0.00 0.00 0.00 0.00 0.00 0.00 0.00 1.23 0.00 1.25 1.25 1.25 1.25 1.26 1.26 1.26 0.00 0.00 0.00 0.00 0.00 0.00 0.00 0.00 0.77 1.69 1.69 1.69 2.41 2.36 2.36 2.36 1.07 0.00 2.27 2.27 2.27 0.00 1.06 0.00 0.00 2.22 2.22 2.22 2.22 2.43 2.43 2.43 2.43 2.56 2.56 2.56 2.56
2.26 2.26 2.26 2.26 2.20 2.20 2.20 2.20 2.21 1.82 1.82 2.04 2.06 0.00 0.00 0.00 0.00 1.83 2.23 1.83 0.00 0.00 2.02 1.10 0.00 0.00 0.00 0.00 0.00 0.00 0.00 0.00 0.00 0.00 0.00 0.00 0.00 0.00 0.00 0.00 0.00 0.00 0.00 1.25 1.26 1.26 1.26 1.26 0.00 0.00 0.00 0.00 0.00 0.00 0.77 0.77 1.24 0.00 2.41 2.41 2.36 1.86 2.36 2.36 1.06 2.27 2.27 2.27 1.06 2.22 2.22 2.22 2.22 2.22 2.22 2.22 2.43 2.43 2.43 2.43 2.56 2.56 2.56 2.56
