New_Model_Runs/15_Future_RCP8.5_Scn2_out/post_prcessed_with_MFR/Monthly_summaries/interception_monthly_JUL.asc
NCOLS 700
NROWS 400
XLLCENTER 515000.000000
YLLCENTER 8409000.000000
CELLSIZE 50.000000
NODATA_value -999.000000
[rows 114 to 151 of 400, columns 420 to 503 of 700]
1.50 1.50 1.50 1.50 1.43 1.43 1.43 1.70 1.72 1.72 1.72 1.72 1.68 1.68 1.68 1.68 1.39 1.39 1.39 1.39 1.11 1.11 0.93 0.93 1.07 1.07 0.91 0.00 0.00 0.00 0.00 0.71 0.74 0.74 0.88 0.88 0.99 0.99 0.99 0.99 1.18 1.18 1.18 1.18 1.39 1.39 1.39 1.39 1.38 1.38 1.38 1.38 1.04 1.04 1.04 1.04 0.80 0.69 0.00 0.00 0.67 0.67 0.77 0.77 0.83 0.00 0.52 0.52 0.54 0.54 1.04 1.32 1.56 1.56 1.56 1.56 1.45 1.45 1.45 1.45 1.26 1.26 1.26 1.26
1.50 1.50 1.50 1.50 1.43 1.43 1.43 1.43 1.72 1.72 1.72 1.72 1.68 1.68 1.68 1.68 1.39 1.39 1.39 1.39 1.11 1.11 1.11 1.11 1.07 0.91 0.91 1.07 0.93 0.00 0.00 0.00 0.88 0.88 0.82 0.88 0.99 0.99 0.99 0.99 1.18 1.18 1.18 1.18 1.39 1.39 1.39 1.39 1.38 1.38 1.38 1.38 1.04 1.04 1.04 1.04 0.69 0.00 0.00 0.00 0.00 0.77 0.77 0.77 0.83 0.52 0.52 0.52 0.54 0.54 0.55 1.32 1.56 1.56 1.56 1.56 1.45 1.45 1.45 1.45 1.26 1.26 1.26 1.26
1.23 1.23 1.23 1.23 1.15 1.15 1.15 1.15 1.52 1.52 1.52 1.52 1.52 1.52 1.52 1.52 1.42 1.42 1.42 1.42 1.23 1.23 1.23 1.23 1.19 1.19 1.19 1.19 1.17 1.17 0.00 0.00 0.82 0.82 0.82 0.88 0.94 0.94 0.94 0.94 1.10 1.10 1.10 1.10 1.32 1.32 1.32 1.32 1.34 1.34 1.34 1.34 1.08 1.08 1.08 1.08 0.88 0.73 0.73 0.73 0.71 0.71 0.83 0.83 0.92 0.92 0.92 0.92 0.84 0.54 0.56 1.39 1.60 1.60 1.60 1.60 1.52 1.52 1.52 1.52 1.51 1.51 1.51 1.51
1.23 1.23 1.23 1.23 1.15 1.15 1.15 1.15 1.24 1.52 1.52 1.52 1.52 1.52 1.52 1.52 1.42 1.42 1.42 1.42 1.23 1.23 1.23 1.23 1.19 1.19 1.19 1.11 1.17 0.97 0.83 0.83 0.82 0.82 0.88 0.88 0.77 0.94 0.94 0.94 1.10 1.10 1.10 1.10 1.32 1.32 1.32 1.32 1.34 1.34 1.34 1.34 1.08 1.08 1.08 1.08 0.88 0.88 0.88 0.88 0.83 0.83 0.71 0.83 0.92 0.92 0.92 0.92 1.10 1.10 1.39 1.39 1.60 1.60 1.60 1.60 1.52 1.52 1.52 1.52 1.51 1.51 1.51 1.51
1.23 1.23 1.23 1.23 1.15 1.15 1.15 1.15 1.24 1.52 1.52 1.52 1.52 1.52 1.52 1.52 1.42 1.42 1.42 1.42 1.23 1.23 1.23 1.23 1.19 1.19 1.19 1.19 0.97 0.74 0.74 0.74 0.82 0.88 0.88 0.88 0.94 0.94 0.94 0.94 1.10 1.10 1.10 1.10 1.32 1.32 1.32 1.32 1.34 1.34 1.34 1.34 1.08 1.08 1.08 1.08 0.88 0.88 0.88 0.88 0.83 0.83 0.71 0.83 0.92 0.92 0.92 0.92 1.10 1.10 1.39 1.39 1.60 1.60 1.60 1.60 1.52 1.52 1.52 1.52 1.51 1.51 1.51 1.51
1.23 1.23 1.23 1.23 1.15 1.15 1.15 1.15 1.24 1.52 1.52 1.52 1.52 1.52 1.52 1.52 1.42 1.42 1.42 1.42 1.23 1.23 1.23 1.23 1.19 1.19 1.19 1.19 1.17 0.89 0.89 0.89 0.88 0.88 0.88 0.88 0.94 0.94 0.94 0.94 1.10 1.10 1.10 1.10 1.32 1.32 1.32 1.32 1.34 1.34 1.34 1.34 1.08 1.08 1.08 1.08 0.88 0.88 0.88 0.88 0.83 0.83 0.83 0.83 0.92 0.92 0.92 0.92 1.10 1.10 1.39 1.39 1.60 1.60 1.60 1.60 1.52 1.52 1.52 1.52 1.51 1.51 1.51 1.51
0.85 0.85 0.85 0.85 0.86 0.86 0.86 0.86 0.93 0.93 1.21 1.21 1.30 1.30 1.30 1.30 1.44 1.44 1.44 1.44 1.47 1.47 1.47 1.47 1.32 1.32 1.32 1.32 1.20 0.92 0.92 0.92 0.73 0.88 0.88 0.88 0.98 0.98 0.98 0.98 1.14 1.14 1.14 1.14 1.26 1.26 1.26 1.26 1.27 1.27 1.27 1.27 1.18 1.18 1.18 1.18 1.08 1.08 1.08 1.08 0.99 0.99 0.99 0.99 1.13 1.13 1.13 1.13 1.28 1.28 1.56 1.56 1.68 1.68 1.68 1.68 1.70 1.70 1.70 1.70 1.79 1.79 1.79 1.79
0.85 0.85 0.85 0.85 0.86 0.86 0.86 0.86 0.93 0.93 1.21 1.21 1.30 1.30 1.30 1.30 1.44 1.44 1.44 1.44 1.47 1.47 1.47 1.47 1.32 1.32 1.32 1.32 1.20 0.92 0.92 0.76 0.00 0.73 0.88 0.88 0.98 0.98 0.98 0.98 1.14 1.14 1.14 1.14 1.26 1.26 1.26 1.26 1.27 1.27 1.27 1.27 1.18 1.18 1.18 1.18 1.08 1.08 1.08 1.08 0.99 0.99 0.99 0.99 1.13 1.13 1.13 1.13 1.28 1.28 1.56 1.56 1.68 1.68 1.68 1.68 1.70 1.70 1.70 1.70 1.79 1.79 1.79 1.79
0.85 0.85 0.85 0.85 0.86 0.86 0.86 0.72 0.93 0.93 0.93 1.21 1.30 1.30 1.30 1.30 1.44 1.44 1.44 1.44 1.47 1.47 1.47 1.47 1.32 1.32 1.32 1.32 1.20 0.92 0.76 0.85 0.00 0.88 0.88 0.88 0.98 0.98 0.98 0.98 1.14 1.14 1.14 1.14 1.26 1.26 1.26 1.26 1.27 1.27 1.27 1.27 1.18 1.18 1.18 1.18 1.08 1.08 1.08 1.08 0.99 0.99 0.99 0.99 1.13 1.13 1.13 1.13 1.28 1.28 1.56 1.56 1.68 1.68 1.68 1.68 1.70 1.70 1.70 1.70 1.79 1.79 1.79 1.79
0.85 0.85 0.85 0.85 0.86 0.86 0.86 0.86 0.93 0.93 0.93 1.21 1.30 1.30 1.30 1.30 1.44 1.44 1.44 1.44 1.47 1.47 1.47 1.47 1.32 1.32 1.32 1.32 1.20 0.92 0.92 0.85 0.00 0.82 0.88 0.73 0.98 0.98 0.98 0.98 1.14 1.14 1.14 1.14 1.26 1.26 1.26 1.26 1.27 1.27 1.27 1.27 1.18 1.18 1.18 1.18 1.08 1.08 1.08 1.08 0.99 0.99 0.99 0.99 1.13 1.13 1.13 1.13 1.28 1.28 1.56 1.56 1.68 1.68 1.68 1.68 1.70 1.70 1.70 1.70 1.79 1.79 1.79 1.79
0.75 0.75 0.67 0.75 0.72 0.72 0.72 0.72 0.66 0.71 0.71 0.74 1.10 1.10 1.10 1.10 1.24 1.24 1.24 1.24 1.47 1.47 0.62 1.47 1.48 1.48 1.48 1.48 1.32 1.03 1.03 0.94 0.00 0.00 0.00 0.78 1.02 1.02 1.02 1.02 1.11 1.11 1.11 1.11 1.16 1.16 1.16 1.16 1.25 1.25 1.25 1.25 1.29 1.29 1.29 1.29 1.24 1.24 1.24 1.24 1.23 1.23 1.23 1.23 1.36 1.36 1.36 1.36 1.43 1.43 1.71 1.71 1.73 1.73 1.73 1.73 1.67 1.67 1.67 1.67 1.66 1.66 1.66 1.66
0.67 0.67 0.75 0.67 0.72 0.70 0.72 0.65 0.74 0.00 0.00 0.74 1.10 1.10 1.10 1.10 1.00 1.24 1.24 1.00 1.12 1.47 1.47 1.47 1.48 1.48 1.48 1.48 1.32 1.03 1.03 1.03 0.88 0.00 0.88 0.88 1.02 1.02 1.02 1.02 1.11 1.11 1.11 1.11 1.16 1.16 1.16 1.16 1.25 1.25 1.25 1.25 1.29 1.29 1.29 1.29 1.24 1.24 1.24 1.24 1.23 1.23 1.23 1.23 1.36 1.36 1.36 1.36 1.43 1.43 1.71 1.71 1.73 1.73 1.73 1.73 1.67 1.67 1.67 1.67 1.66 1.66 1.66 1.66
0.67 0.00 0.72 0.72 0.70 0.70 0.72 0.72 0.52 0.00 0.00 0.00 1.04 1.04 1.04 0.59 1.00 1.24 0.60 1.00 1.47 1.47 1.47 1.47 1.48 1.48 1.48 1.48 1.32 1.03 1.03 1.03 0.96 0.55 0.78 0.78 1.02 1.02 1.02 1.02 1.11 1.11 1.11 1.11 1.16 1.16 1.16 1.16 1.25 1.25 1.25 1.25 1.29 1.29 1.29 1.29 1.24 1.24 1.24 1.24 1.23 1.23 1.23 1.23 1.36 1.36 1.36 1.36 1.43 1.43 1.71 1.71 1.73 1.73 1.73 1.73 1.67 1.67 1.67 1.67 1.66 1.66 1.66 1.66
0.67 0.72 0.67 0.72 0.00 0.00 0.70 0.00 0.00 0.00 0.00 0.00 0.00 0.00 1.04 1.10 1.24 1.24 1.24 1.00 1.12 1.47 1.47 1.47 1.48 1.48 1.48 1.48 1.32 1.03 1.03 1.03 0.96 0.96 0.96 0.78 0.81 1.02 1.02 1.02 1.11 1.11 1.11 1.11 1.16 1.16 1.16 1.16 1.25 1.25 1.25 1.25 1.29 1.29 1.29 1.29 1.24 1.24 1.24 1.24 1.23 1.23 1.23 1.23 1.36 1.36 1.36 1.36 1.43 1.43 1.71 1.71 1.73 1.73 1.73 1.73 1.67 1.67 1.67 1.67 1.66 1.66 1.66 1.66
0.76 0.73 0.00 0.00 0.00 0.00 0.00 0.00 0.00 0.00 0.00 0.00 0.74 1.01 1.06 1.06 1.17 1.17 1.09 0.96 0.00 1.08 1.08 1.40 1.59 1.59 0.00 1.59 1.52 1.24 1.24 1.24 1.03 1.03 1.03 0.81 0.99 0.99 0.99 0.99 1.03 1.03 1.03 0.81 1.10 1.10 1.10 1.10 1.23 1.23 1.23 1.23 1.36 1.36 1.36 1.36 1.41 1.41 1.41 1.41 1.36 1.36 1.36 1.36 1.30 1.30 1.30 1.30 1.31 1.31 1.60 1.60 1.61 1.61 1.61 1.61 1.47 1.47 1.47 1.47 1.43 1.43 1.43 1.43
0.52 0.52 0.00 0.00 0.00 0.00 0.00 0.00 0.00 0.00 0.00 0.00 0.00 0.68 1.06 1.06 1.17 1.17 0.96 0.96 1.28 1.08 1.40 1.40 1.59 0.00 0.00 0.00 1.24 1.24 1.24 1.24 1.03 1.03 1.03 1.03 0.79 0.79 0.99 0.99 1.03 1.03 1.03 1.03 1.10 1.10 1.10 1.10 1.23 1.23 1.23 1.23 1.36 1.36 1.36 1.36 1.41 1.41 1.41 1.41 1.36 1.36 1.36 1.36 1.30 1.30 1.30 1.30 1.31 1.31 1.60 1.60 1.61 1.61 1.61 1.61 1.47 1.47 1.47 1.47 1.43 1.43 1.43 1.43
0.00 0.00 0.00 0.00 0.00 0.00 0.00 0.00 0.00 0.00 0.69 0.65 0.67 0.76 1.05 1.05 1.15 1.15 1.07 1.15 1.06 1.37 1.37 1.37 0.00 0.00 0.00 0.00 0.00 1.21 1.21 1.21 1.01 1.01 1.01 1.01 0.97 0.97 0.97 0.97 1.01 1.01 1.01 1.01 1.08 1.08 1.08 1.08 1.21 1.21 1.21 1.21 1.34 1.34 1.34 1.34 1.38 1.38 1.38 1.38 1.31 1.31 1.31 1.31 1.26 1.26 1.26 1.26 1.26 1.26 1.54 1.54 1.56 1.56 1.56 1.56 1.42 1.42 1.42 1.42 1.38 1.38 1.38 1.38
0.00 0.00 0.00 0.00 0.00 0.00 0.00 0.00 0.00 0.00 0.65 0.72 0.67 0.76 0.90 0.90 1.15 1.15 1.15 1.15 1.37 1.37 1.37 1.37 0.00 0.00 0.00 0.00 0.00 1.21 1.21 1.21 1.01 1.01 1.01 1.01 0.97 0.97 0.97 0.97 1.01 1.01 1.01 1.01 1.08 1.08 1.08 1.08 1.21 1.21 1.21 1.21 1.34 1.34 1.34 1.34 1.38 1.38 1.38 1.38 1.31 1.31 1.31 1.31 1.26 1.26 1.26 1.26 0.93 1.26 1.54 1.54 1.56 1.56 1.56 1.56 1.42 1.42 1.42 1.42 1.38 1.38 1.38 1.38
0.00 0.00 0.00 0.00 0.00 0.00 0.00 0.00 0.00 0.00 0.72 0.75 0.81 0.81 0.70 0.92 1.23 1.23 1.23 1.23 1.48 1.48 1.48 0.00 0.00 0.00 0.00 0.00 0.00 1.35 1.35 1.35 1.14 1.14 1.14 1.14 1.13 1.13 1.13 1.13 1.12 1.12 1.12 1.12 1.17 1.17 1.17 1.17 1.27 1.27 1.27 1.27 1.38 1.38 1.38 1.38 1.40 1.40 1.40 1.40 1.22 1.22 1.22 1.22 1.13 1.13 1.13 1.13 0.52 1.15 1.43 1.43 1.45 1.45 1.45 1.45 1.35 1.35 1.35 1.35 1.32 1.32 1.32 1.32
0.00 0.00 0.00 0.00 0.00 0.00 0.00 0.00 0.00 0.75 0.75 0.75 0.70 0.81 0.81 1.09 1.23 1.23 1.23 1.23 1.48 1.48 1.48 1.48 0.00 0.00 0.00 0.00 0.00 1.35 1.35 1.35 1.14 1.14 1.14 1.14 1.13 1.13 1.13 1.13 1.12 1.12 1.12 1.12 1.17 1.17 1.17 1.17 1.27 1.27 1.27 1.27 1.38 1.38 1.38 1.38 1.40 1.40 1.40 1.40 1.22 1.22 1.22 1.22 1.13 1.13 1.13 1.13 1.15 1.15 1.43 1.43 1.45 1.45 1.45 1.45 1.35 1.35 1.35 1.35 1.32 1.32 1.32 1.32
0.00 0.00 0.00 0.00 0.00 0.00 0.00 0.00 0.66 0.75 0.75 0.75 0.81 0.81 0.81 0.81 1.23 1.23 1.23 1.23 1.48 1.48 1.48 1.48 0.00 0.00 0.00 0.00 0.00 0.00 1.35 1.35 1.14 1.14 1.14 1.14 1.13 1.13 1.13 1.13 1.12 1.12 1.12 1.12 1.17 1.17 1.17 1.17 1.27 1.27 1.27 1.27 1.38 1.38 1.38 1.38 1.40 1.40 1.40 1.40 1.22 1.22 1.22 1.22 1.13 1.13 1.13 1.13 1.15 1.15 1.43 1.43 1.45 1.45 1.45 1.45 1.35 1.35 1.35 1.35 1.32 1.32 1.32 1.32
0.00 0.00 0.00 0.00 0.00 0.00 0.00 0.00 0.72 0.75 0.75 0.75 0.81 0.81 0.81 0.81 1.23 1.23 1.23 1.23 1.48 1.48 0.00 0.00 0.00 0.00 0.00 0.00 0.00 0.00 1.35 1.35 0.00 1.14 1.14 0.00 0.00 0.00 1.13 1.13 1.12 1.12 1.12 1.12 1.17 1.17 1.17 1.17 1.27 1.27 1.27 1.27 1.38 1.38 1.38 1.38 1.40 1.40 1.40 1.40 1.22 1.22 1.22 1.22 1.13 1.13 1.13 1.13 1.15 1.15 1.43 1.43 1.45 1.45 1.45 1.45 1.35 1.35 1.35 1.35 1.32 1.32 1.32 1.32
0.00 0.00 0.00 0.00 0.00 0.00 0.52 0.81 0.88 0.88 0.88 0.88 0.99 0.99 0.99 0.99 1.45 1.45 1.45 1.45 1.68 0.00 0.00 0.00 0.00 0.00 0.00 0.00 0.00 0.00 0.00 0.00 0.00 0.00 0.00 0.00 0.00 1.23 1.23 1.23 1.17 1.17 1.17 1.17 1.23 1.23 1.23 1.23 1.28 1.28 1.28 1.28 1.36 1.36 1.36 1.36 1.36 1.36 1.36 1.36 1.21 1.21 1.21 1.21 1.17 1.17 1.17 1.17 1.13 1.13 1.41 1.41 1.35 1.35 1.35 1.35 1.32 1.32 1.32 1.32 1.34 1.34 1.34 1.34
0.00 0.00 0.00 0.00 0.00 0.00 0.81 0.81 0.88 0.88 0.88 0.88 0.99 0.99 0.99 0.99 1.17 1.45 1.45 1.45 1.68 0.00 0.00 0.00 0.00 0.00 0.00 0.00 0.00 0.00 0.00 0.00 0.00 0.00 0.00 0.00 0.00 0.00 0.00 1.23 1.17 1.17 1.17 1.17 1.23 1.23 1.23 1.23 1.28 1.28 1.28 1.28 1.36 1.36 1.36 1.36 1.36 1.36 1.36 1.36 1.21 1.21 1.21 1.21 1.17 1.17 1.17 1.17 1.13 1.13 1.41 1.41 1.35 1.35 1.35 1.35 1.32 1.32 1.32 1.32 1.34 1.34 1.34 1.34
0.00 0.00 0.00 0.00 0.00 0.00 0.81 0.81 0.88 0.88 0.88 0.88 0.99 0.99 0.99 0.99 1.17 1.45 1.45 0.00 0.00 0.00 0.00 0.00 0.00 0.00 0.00 0.00 0.00 0.00 0.00 0.00 0.00 0.00 0.00 0.00 0.00 0.00 0.00 1.23 1.17 1.17 1.17 1.17 1.23 1.23 1.23 1.23 1.28 1.28 1.28 1.28 1.36 1.36 1.36 1.36 1.36 1.36 1.36 1.36 1.21 1.21 1.21 1.21 1.17 1.17 1.17 1.17 1.13 1.13 1.41 1.41 1.35 1.35 1.35 1.35 1.32 1.32 1.32 1.32 1.34 1.34 1.34 1.04
0.00 0.00 0.00 0.00 0.00 0.81 0.81 0.81 0.88 0.88 0.88 0.88 0.99 0.99 0.99 0.99 0.00 0.00 0.00 0.00 0.00 0.00 0.00 0.00 0.00 0.00 0.00 0.00 0.00 0.00 0.00 0.00 0.00 0.00 0.00 0.00 1.23 1.23 1.23 1.23 1.17 1.17 1.17 1.17 1.23 1.23 1.23 1.23 1.28 1.28 1.28 1.28 1.36 1.36 1.36 1.36 1.36 1.36 1.36 1.36 1.21 1.21 1.21 1.21 1.17 1.17 1.17 1.17 1.13 1.13 1.41 1.41 1.35 1.35 1.35 1.35 1.32 1.32 1.32 1.32 1.34 1.34 1.34 1.04
0.00 0.00 0.00 0.00 0.00 0.91 0.91 0.91 0.98 0.98 0.98 0.98 1.15 1.15 1.15 1.15 1.45 1.45 1.72 0.00 0.00 0.00 0.00 0.00 0.00 0.00 0.00 0.00 0.00 0.00 1.30 0.00 0.00 0.00 0.00 0.00 1.18 1.18 1.18 1.18 1.21 1.21 1.21 1.21 1.25 1.25 1.25 1.25 1.28 1.28 1.28 1.28 1.35 1.35 1.35 1.35 1.31 1.31 1.31 1.31 1.26 1.26 1.26 1.26 1.26 1.26 1.26 1.26 1.15 1.15 1.43 1.43 1.27 1.27 1.27 1.27 1.27 1.27 1.27 1.27 1.36 1.36 1.36 1.36
0.00 0.00 0.00 0.00 0.53 0.91 0.91 0.91 0.98 0.78 0.98 0.98 1.15 1.15 1.15 1.15 1.45 1.45 1.72 1.72 1.78 0.00 0.00 1.78 1.63 0.00 0.00 0.00 0.00 0.00 0.00 0.00 0.00 0.00 1.24 1.24 1.18 1.18 1.18 1.18 1.21 1.21 1.21 1.21 1.25 1.25 1.25 1.25 1.28 1.28 1.28 1.28 1.35 1.35 1.35 1.35 1.31 1.31 1.31 1.31 1.26 1.26 1.26 1.26 1.26 1.26 1.26 1.26 1.15 1.15 1.43 1.43 1.27 1.27 1.27 1.27 1.27 1.27 1.27 1.27 0.53 1.36 1.36 1.36
0.00 0.00 0.00 0.00 0.53 0.91 0.91 0.91 0.78 0.78 0.98 0.98 1.15 1.15 1.15 1.15 1.45 1.45 1.45 1.72 1.78 1.78 1.78 1.78 1.63 1.63 0.00 0.00 0.00 0.00 0.00 0.00 0.00 0.00 0.00 1.24 1.18 1.18 1.18 1.18 1.21 1.21 1.21 1.21 1.25 1.25 1.25 1.25 1.28 1.28 1.28 1.28 1.35 1.35 1.35 1.35 1.31 1.31 1.31 1.31 1.26 1.26 1.26 1.26 1.26 1.26 1.26 1.26 1.15 1.15 1.43 1.43 1.27 1.27 1.27 1.27 1.27 1.27 1.27 1.27 1.36 1.36 1.36 1.36
0.00 0.00 0.00 0.00 0.91 0.91 0.91 0.75 0.78 0.78 0.78 0.78 1.15 1.15 1.15 1.15 1.45 1.45 1.45 1.72 1.78 1.78 1.78 1.78 1.63 1.63 1.63 0.00 0.00 0.00 0.00 0.00 0.00 0.00 0.00 0.00 1.18 1.18 1.18 1.18 1.21 1.21 1.21 1.21 1.25 1.25 1.25 1.25 1.28 1.28 1.28 1.28 1.35 1.35 1.35 1.35 1.31 1.31 1.31 1.31 1.26 1.26 1.26 1.26 1.26 1.26 1.26 1.26 1.15 1.15 1.43 1.43 1.27 1.27 1.27 1.27 1.27 1.27 1.27 1.27 1.36 1.36 1.23 1.36
0.00 0.00 0.00 0.00 0.53 0.76 0.76 0.00 0.00 0.79 0.99 0.99 1.26 1.26 1.26 1.26 1.55 1.55 1.55 1.55 1.63 1.63 1.63 1.63 1.40 1.40 1.40 1.13 1.07 1.07 0.00 0.00 0.00 0.00 0.00 0.00 1.13 1.13 1.13 1.13 1.28 1.28 1.28 1.28 1.29 1.29 1.29 1.29 1.31 1.31 1.31 1.31 1.31 1.31 1.31 1.31 1.19 1.19 1.19 1.19 1.18 1.18 1.18 1.18 1.26 1.26 1.26 1.26 1.17 1.17 1.45 1.45 1.30 1.30 1.30 0.54 0.52 1.00 0.52 0.52 1.04 1.21 1.04 1.04
0.00 0.00 0.00 0.00 0.00 0.00 0.00 0.00 0.79 0.79 0.99 0.99 1.26 1.26 1.26 1.26 1.55 1.55 1.55 1.55 1.63 1.63 1.63 1.63 1.40 1.40 1.40 1.13 1.07 1.07 0.00 0.00 1.06 0.00 0.00 0.00 1.13 1.13 1.13 1.13 1.28 1.28 1.28 1.28 1.29 1.29 1.29 1.29 1.31 1.31 1.31 1.31 1.31 1.31 1.31 1.31 1.19 1.19 1.19 1.19 1.18 1.18 1.18 1.18 1.26 1.26 1.26 1.26 1.17 1.17 1.45 1.45 1.30 1.30 1.30 1.30 1.26 0.52 0.52 0.00 0.00 0.00 0.00 0.00
0.00 0.00 0.00 0.00 0.00 0.00 0.00 0.74 0.95 0.95 0.95 0.95 1.18 1.18 1.18 1.18 1.44 1.44 1.44 1.44 1.53 1.53 1.53 1.53 1.33 1.33 1.33 1.07 1.00 1.00 1.00 1.00 0.99 0.99 0.99 0.00 1.05 1.05 1.05 1.05 1.18 1.18 1.18 1.18 1.19 1.19 1.19 1.19 1.20 1.20 1.20 1.20 1.20 1.20 1.20 1.20 1.10 1.10 1.10 1.10 1.11 1.11 1.11 1.11 1.19 1.19 1.19 1.19 1.11 1.11 1.38 1.38 1.24 1.24 1.24 1.24 1.21 1.21 1.21 1.21 0.00 0.00 0.00 0.00
0.00 0.00 0.00 0.00 0.00 0.00 0.83 0.90 0.76 0.95 0.95 0.95 1.18 1.18 1.18 1.18 1.44 1.44 1.44 1.44 1.27 1.53 1.53 1.53 1.33 1.33 1.33 1.07 1.00 1.00 1.00 1.00 0.99 0.99 0.99 0.00 1.05 1.05 1.05 1.05 1.18 1.18 1.18 1.18 1.19 1.19 1.19 1.19 1.20 1.20 1.20 1.20 1.20 1.20 1.20 1.20 1.10 1.10 1.10 1.10 1.11 1.11 1.11 1.11 1.19 1.19 1.19 1.19 1.11 1.11 1.38 1.38 1.24 1.24 1.24 1.24 1.21 1.21 1.21 0.97 0.00 0.00 0.00 0.00
0.00 0.00 0.00 0.00 0.00 0.75 0.92 0.92 1.05 1.05 1.05 1.05 1.34 1.34 1.34 1.34 1.39 1.39 1.39 1.39 1.08 1.35 1.35 1.35 1.19 1.19 1.19 0.92 0.89 0.73 0.89 0.89 0.93 0.93 0.93 0.93 1.07 1.07 1.07 1.07 1.23 1.23 1.23 1.23 1.23 1.23 1.23 1.23 1.20 1.20 1.20 1.20 1.09 1.09 1.09 1.09 0.94 0.94 0.94 0.94 0.93 0.93 0.93 0.93 1.04 1.04 1.04 1.04 1.15 1.15 1.42 1.42 1.40 1.40 1.40 1.40 1.29 1.29 1.29 1.29 0.00 0.00 0.00 0.00
0.00 0.00 0.00 0.00 0.00 0.92 0.92 0.92 1.05 1.05 1.05 1.05 1.34 1.34 1.34 1.34 1.39 1.39 1.39 1.39 1.08 1.08 1.35 1.35 1.19 1.19 1.19 0.92 0.89 0.73 0.89 0.89 0.93 0.93 0.93 0.93 1.07 1.07 1.07 1.07 1.23 1.23 1.23 1.23 1.23 1.23 1.23 1.23 1.20 1.20 1.20 1.20 1.09 1.09 1.09 1.09 0.94 0.94 0.94 0.94 0.93 0.93 0.93 0.93 1.04 1.04 1.04 1.04 1.15 1.15 1.42 1.42 1.40 1.40 1.40 1.40 1.29 1.29 1.17 1.29 0.00 0.00 0.00 0.00
0.00 0.00 0.00 0.00 0.00 0.50 0.85 0.85 1.05 1.05 1.05 1.05 1.34 1.34 1.34 0.96 1.39 1.39 1.39 1.39 1.08 1.08 1.35 1.35 1.19 1.19 1.19 0.92 0.89 0.89 0.89 0.89 0.93 0.93 0.93 0.93 1.07 1.07 1.07 1.07 1.23 1.23 1.23 1.23 1.23 1.23 1.23 1.23 1.20 1.20 1.20 1.20 1.09 1.09 1.09 1.09 0.94 0.94 0.94 0.94 0.93 0.93 0.93 0.93 1.04 1.04 1.04 1.04 1.15 1.15 1.42 1.42 1.40 1.40 1.40 1.40 1.29 1.29 1.17 1.01 0.00 0.00 0.00 0.00
0.00 0.00 0.00 0.00 0.00 0.00 0.00 0.85 1.05 1.05 1.05 1.05 1.34 1.34 1.34 1.34 1.39 1.39 1.39 1.39 1.08 1.08 1.35 1.35 1.19 1.19 0.92 0.92 0.89 0.89 0.89 0.89 0.93 0.93 0.93 0.93 1.07 1.07 1.07 1.07 1.23 1.23 1.23 1.23 1.23 1.23 1.23 1.23 1.20 1.20 1.20 1.20 1.09 1.09 1.09 1.09 0.94 0.94 0.94 0.94 0.93 0.93 0.93 0.93 1.04 1.04 1.04 1.04 1.15 1.15 1.42 1.42 1.40 1.40 1.40 1.40 1.29 1.29 1.29 1.01 0.00 0.00 0.00 0.00
