New_Model_Runs/15_Future_RCP8.5_Scn2_out/post_prcessed_with_MFR/Monthly_summaries/interception_monthly_OCT.asc
NCOLS 700
NROWS 400
XLLCENTER 515000.000000
YLLCENTER 8409000.000000
CELLSIZE 50.000000
NODATA_value -999.000000
[rows 228 to 265 of 400, columns 84 to 167 of 700]
1.68 1.68 1.68 1.68 1.67 1.67 1.67 1.67 1.68 1.68 1.68 1.68 1.75 1.75 1.75 1.75 1.85 1.85 1.85 1.85 1.88 1.88 1.88 1.88 1.80 1.80 1.80 1.80 1.79 1.79 1.79 1.79 1.74 1.74 1.74 1.74 1.68 1.68 1.68 1.68 1.65 1.65 1.65 1.65 1.73 1.73 1.73 1.73 1.80 1.80 1.80 1.80 1.83 1.83 1.83 1.83 1.77 1.77 1.77 1.77 1.76 1.76 1.76 1.76 1.79 1.79 1.79 1.79 1.82 1.82 1.82 1.82 1.77 1.77 1.77 1.77 1.76 1.76 1.76 1.76 1.78 1.78 1.78 1.78
1.68 1.68 1.68 1.68 1.67 1.67 1.67 1.67 1.68 1.68 1.68 1.68 1.75 1.75 1.75 1.75 1.85 1.85 1.85 1.85 1.88 1.88 1.88 1.88 1.80 1.80 1.80 1.80 1.79 1.79 1.79 1.79 1.74 1.74 1.74 1.74 1.68 1.68 1.68 1.68 1.65 1.65 1.65 1.65 1.73 1.73 1.73 1.73 1.80 1.80 1.80 1.80 1.83 1.83 1.83 1.83 1.77 1.77 1.77 1.77 1.76 1.76 1.76 1.76 1.79 1.79 1.79 1.79 1.82 1.82 1.82 1.82 1.77 1.77 1.77 1.77 1.76 1.76 1.76 1.76 1.78 1.78 1.78 1.78
1.68 1.68 1.68 1.68 1.67 1.67 1.67 1.67 1.68 1.68 1.68 1.68 1.75 1.75 1.75 1.75 1.85 1.85 1.85 1.85 1.88 1.88 1.88 1.88 1.80 1.80 1.80 1.80 1.79 1.79 1.79 1.79 1.74 1.74 1.74 1.74 1.68 1.68 1.68 1.68 1.65 1.65 1.65 1.65 1.73 1.73 1.73 1.73 1.80 1.80 1.80 1.80 1.83 1.83 1.83 1.83 1.77 1.77 1.77 1.77 1.76 1.76 1.76 1.76 1.79 1.79 1.79 1.79 1.82 1.82 1.82 1.82 1.77 1.77 1.77 1.77 1.76 1.76 1.76 1.76 1.78 1.78 1.78 1.78
1.68 1.68 1.68 1.68 1.67 1.67 1.67 1.67 1.68 1.68 1.68 1.68 1.75 1.75 1.75 1.75 1.85 1.85 1.85 1.85 1.88 1.88 1.88 1.88 1.80 1.80 1.80 1.80 1.79 1.79 1.79 1.79 1.74 1.74 1.74 1.74 1.68 1.68 1.68 1.68 1.65 1.65 1.65 1.65 1.73 1.73 1.73 1.73 1.80 1.80 1.80 1.80 1.83 1.83 1.83 1.83 1.77 1.77 1.77 1.77 1.76 1.76 1.76 1.76 1.79 1.79 1.79 1.79 1.82 1.82 1.82 1.82 1.77 1.77 1.77 1.77 1.76 1.76 1.76 1.76 1.78 1.78 1.78 1.78
1.78 1.78 1.78 1.78 1.79 1.79 1.79 1.79 1.80 1.80 1.80 1.80 1.90 1.90 1.90 1.90 1.95 1.95 1.95 1.95 1.89 1.89 1.89 1.89 1.80 1.80 1.80 1.80 1.78 1.78 1.78 1.78 1.69 1.69 1.69 1.69 1.69 1.69 1.69 1.69 1.74 1.74 1.74 1.74 1.82 1.82 1.82 1.82 1.81 1.81 1.81 1.81 1.74 1.74 1.74 1.74 1.65 1.65 1.65 1.65 1.67 1.67 1.67 1.67 1.75 1.75 1.75 1.75 1.79 1.79 1.79 1.79 1.70 1.70 1.70 1.70 1.67 1.67 1.67 1.67 1.66 1.66 1.66 1.66
1.78 1.78 1.78 1.78 1.79 1.79 1.79 1.79 1.80 1.80 1.80 1.80 1.90 1.90 1.90 1.90 1.95 1.95 1.95 1.95 1.89 1.89 1.89 1.89 1.80 1.80 1.80 1.80 1.78 1.78 1.78 1.78 1.69 1.69 1.69 1.69 1.69 1.69 1.69 1.69 1.74 1.74 1.74 1.74 1.82 1.82 1.82 1.82 1.81 1.81 1.81 1.81 1.74 1.74 1.74 1.74 1.65 1.65 1.65 1.65 1.67 1.67 1.67 1.67 1.75 1.75 1.75 1.75 1.79 1.79 1.79 1.79 1.70 1.70 1.70 1.70 1.67 1.67 1.67 1.67 1.66 1.66 1.66 1.66
1.78 1.78 1.78 1.78 1.79 1.79 1.79 1.79 1.80 1.80 1.80 1.80 1.90 1.90 1.90 1.90 1.95 1.95 1.95 1.95 1.89 1.89 1.89 1.89 1.80 1.80 1.80 1.80 1.78 1.78 1.78 1.78 1.69 1.69 1.69 1.69 1.69 1.69 1.69 1.69 1.74 1.74 1.74 1.74 1.82 1.82 1.82 1.82 1.81 1.81 1.81 1.81 1.74 1.74 1.74 1.74 1.65 1.65 1.65 1.65 1.67 1.67 1.67 1.67 1.75 1.75 1.75 1.75 1.79 1.79 1.79 1.79 1.70 1.70 1.70 1.70 1.67 1.67 1.67 1.67 1.66 1.66 1.66 1.66
1.78 1.78 1.78 1.78 1.79 1.79 1.79 1.79 1.80 1.80 1.80 1.80 1.90 1.90 1.90 1.90 1.95 1.95 1.95 1.95 1.89 1.89 1.89 1.89 1.80 1.80 1.80 1.80 1.78 1.78 1.78 1.78 1.69 1.69 1.69 1.69 1.69 1.69 1.69 1.69 1.74 1.74 1.74 1.74 1.82 1.82 1.82 1.82 1.81 1.81 1.81 1.81 1.74 1.74 1.74 1.74 1.65 1.65 1.65 1.65 1.67 1.67 1.67 1.67 1.75 1.75 1.75 1.75 1.79 1.79 1.79 1.79 1.70 1.70 1.70 1.70 1.67 1.67 1.67 1.67 1.66 1.66 1.66 1.66
1.89 1.89 1.89 1.89 1.89 1.89 1.89 1.89 1.90 1.90 1.90 1.90 1.96 1.96 1.96 1.96 1.86 1.86 1.86 1.86 1.73 1.73 1.73 1.73 1.67 1.67 1.67 1.67 1.65 1.65 1.65 1.65 1.64 1.64 1.64 1.64 1.72 1.72 1.72 1.72 1.74 1.74 1.74 1.74 1.73 1.73 1.73 1.73 1.66 1.66 1.66 1.66 1.58 1.58 1.58 1.58 1.52 1.52 1.52 1.52 1.57 1.57 1.57 1.57 1.71 1.71 1.71 1.71 1.75 1.75 1.75 1.75 1.65 1.65 1.65 1.65 1.62 1.62 1.62 1.62 1.59 1.59 1.59 1.59
1.89 1.89 1.89 1.89 1.89 1.89 1.89 1.89 1.90 1.90 1.90 1.90 1.96 1.96 1.96 1.96 1.86 1.86 1.86 1.86 1.73 1.73 1.73 1.73 1.67 1.67 1.67 1.67 1.65 1.65 1.65 1.65 1.64 1.64 1.64 1.64 1.72 1.72 1.72 1.72 1.74 1.74 1.74 1.74 1.73 1.73 1.73 1.73 1.66 1.66 1.66 1.66 1.58 1.58 1.58 1.58 1.52 1.52 1.52 1.52 1.57 1.57 1.57 1.57 1.71 1.71 1.71 1.71 1.75 1.75 1.75 1.75 1.65 1.65 1.65 1.65 1.62 1.62 1.62 1.62 1.59 1.59 1.59 1.59
1.89 1.89 1.89 1.89 1.89 1.89 1.89 1.89 1.90 1.90 1.90 1.90 1.96 1.96 1.96 1.96 1.86 1.86 1.86 1.86 1.73 1.73 1.73 1.73 1.67 1.67 1.67 1.67 1.65 1.65 1.65 1.65 1.64 1.64 1.64 1.64 1.72 1.72 1.72 1.72 1.74 1.74 1.74 1.74 1.73 1.73 1.73 1.73 1.66 1.66 1.66 1.66 1.58 1.58 1.58 1.58 1.52 1.52 1.52 1.52 1.57 1.57 1.57 1.57 1.71 1.71 1.71 1.71 1.75 1.75 1.75 1.75 1.65 1.65 1.65 1.65 1.62 1.62 1.62 1.62 1.59 1.59 1.59 1.59
1.89 1.89 1.89 1.89 1.89 1.89 1.89 1.89 1.90 1.90 1.90 1.90 1.96 1.96 1.96 1.96 1.86 1.86 1.86 1.86 1.73 1.73 1.73 1.73 1.67 1.67 1.67 1.67 1.65 1.65 1.65 1.65 1.64 1.64 1.64 1.64 1.72 1.72 1.72 1.72 1.74 1.74 1.74 1.74 1.73 1.73 1.73 1.73 1.66 1.66 1.66 1.66 1.58 1.58 1.58 1.58 1.52 1.52 1.52 1.52 1.57 1.57 1.57 1.57 1.71 1.71 1.71 1.71 1.75 1.75 1.75 1.75 1.65 1.65 1.65 1.65 1.62 1.62 1.62 1.62 1.59 1.59 1.59 1.59
1.94 1.94 1.94 1.94 1.89 1.89 1.89 1.89 1.86 1.86 1.86 1.86 1.86 1.86 1.86 1.86 1.69 1.69 1.69 1.69 1.59 1.59 1.59 1.59 1.54 1.54 1.54 1.54 1.56 1.56 1.56 1.56 1.66 1.66 1.66 1.66 1.70 1.70 1.70 1.70 1.69 1.69 1.69 1.69 1.66 1.66 1.66 1.66 1.55 1.55 1.55 1.55 1.48 1.48 1.48 1.48 1.46 1.46 1.46 1.46 1.58 1.58 1.58 1.58 1.75 1.75 1.75 1.75 1.76 1.76 1.76 1.76 1.66 1.66 1.66 1.66 1.61 1.61 1.61 1.61 1.54 1.54 1.54 1.54
2.01 2.01 1.94 1.94 1.89 1.89 1.89 1.89 1.86 1.86 1.86 1.86 1.86 1.86 1.86 1.86 1.69 1.69 1.69 1.69 1.59 1.59 1.59 1.59 1.54 1.54 1.54 1.54 1.56 1.56 1.56 1.56 1.66 1.66 1.66 1.66 1.70 1.70 1.70 1.70 1.69 1.69 1.69 1.69 1.66 1.66 1.66 1.66 1.55 1.55 1.55 1.55 1.48 1.48 1.48 1.48 1.46 1.46 1.46 1.46 1.58 1.58 1.58 1.58 1.75 1.75 1.75 1.75 1.76 1.76 1.76 1.76 1.66 1.66 1.66 1.66 1.61 1.61 1.61 1.61 1.54 1.54 1.54 1.54
2.00 2.00 2.00 2.00 1.96 1.96 1.89 1.89 1.86 1.86 1.86 1.86 1.84 1.84 1.84 1.84 1.68 1.68 1.68 1.68 1.58 1.58 1.58 1.58 1.53 1.53 1.53 1.53 1.55 1.55 1.55 1.55 1.64 1.64 1.64 1.64 1.69 1.69 1.69 1.69 1.68 1.68 1.68 1.68 1.64 1.64 1.64 1.64 1.54 1.54 1.54 1.54 1.47 1.47 1.47 1.47 1.45 1.45 1.45 1.45 1.56 1.56 1.56 1.56 1.72 1.72 1.72 1.72 1.74 1.74 1.74 1.74 1.63 1.63 1.63 1.63 1.59 1.59 1.59 1.59 1.52 1.52 1.52 1.52
2.00 2.00 2.00 2.00 1.96 1.96 1.96 1.96 1.93 1.86 1.86 1.86 1.84 1.84 1.84 1.84 1.68 1.68 1.68 1.68 1.58 1.58 1.58 1.58 1.53 1.53 1.53 1.53 1.55 1.55 1.55 1.55 1.64 1.64 1.64 1.64 1.69 1.69 1.69 1.69 1.68 1.68 1.68 1.68 1.64 1.64 1.64 1.64 1.54 1.54 1.54 1.54 1.47 1.47 1.47 1.47 1.45 1.45 1.45 1.45 1.56 1.56 1.56 1.56 1.72 1.72 1.72 1.72 1.74 1.74 1.74 1.74 1.63 1.63 1.63 1.63 1.59 1.59 1.59 1.59 1.52 1.52 1.52 1.52
1.98 1.98 1.98 1.98 1.92 1.92 1.92 1.92 1.90 1.90 1.90 1.90 1.78 1.78 1.78 1.78 1.62 1.62 1.62 1.62 1.50 1.50 1.50 1.50 1.45 1.45 1.45 1.45 1.54 1.54 1.54 1.54 1.68 1.68 1.68 1.68 1.68 1.68 1.68 1.68 1.67 1.67 1.67 1.67 1.66 1.66 1.66 1.66 1.52 1.52 1.52 1.52 1.42 1.42 1.42 1.42 1.47 1.47 1.47 1.47 1.65 1.65 1.65 1.65 1.76 1.76 1.76 1.76 1.75 1.75 1.75 1.75 1.70 1.70 1.70 1.70 1.62 1.62 1.62 1.62 1.47 1.47 1.47 1.47
1.98 1.98 1.98 1.98 1.92 1.92 1.92 1.92 1.90 1.90 1.90 1.90 1.85 1.85 1.85 1.78 1.62 1.62 1.62 1.62 1.50 1.50 1.50 1.50 1.45 1.45 1.45 1.27 1.54 1.54 1.54 1.54 1.68 1.68 1.68 1.68 1.68 1.68 1.68 1.68 1.67 1.67 1.67 1.67 1.66 1.66 1.66 1.66 1.52 1.52 1.52 1.52 1.42 1.42 1.42 0.73 1.47 1.47 1.47 1.47 1.65 1.65 1.65 1.65 1.76 1.76 1.76 1.76 1.75 1.75 1.75 1.75 1.70 1.70 1.70 1.70 1.62 1.62 1.62 1.62 1.47 1.47 1.47 1.47
1.98 1.98 1.98 1.98 1.92 1.92 1.92 1.92 1.90 1.90 1.90 1.90 1.85 1.85 1.85 1.85 1.69 1.69 1.69 1.62 1.50 1.50 1.50 1.50 1.45 1.45 1.45 1.27 1.32 1.32 1.54 1.54 1.68 1.68 1.68 1.68 1.68 1.68 1.68 1.68 1.67 1.67 1.67 1.67 1.66 1.66 1.66 1.66 1.52 1.52 1.52 1.52 1.42 1.42 1.42 1.42 1.47 1.47 1.47 1.47 1.65 1.65 1.65 1.65 1.76 1.76 1.76 1.76 1.75 1.75 1.75 1.75 1.70 1.70 1.70 1.70 1.62 1.62 1.62 1.62 1.47 1.47 1.47 1.47
1.98 1.98 1.98 1.98 1.92 1.92 1.92 1.92 1.90 1.90 1.90 1.90 1.85 1.85 1.85 1.85 1.69 1.69 1.69 1.69 1.57 1.57 1.50 1.50 1.45 1.45 1.45 1.27 0.00 0.00 1.32 1.54 1.68 1.68 1.68 1.68 1.68 1.68 1.68 1.68 1.67 1.67 1.67 1.67 1.66 1.66 1.66 1.66 1.52 1.52 1.52 1.52 1.42 1.42 1.42 1.42 1.47 1.47 1.47 1.47 1.65 1.65 1.65 1.65 1.76 1.76 1.76 1.76 1.75 1.75 1.75 1.75 1.70 1.70 1.70 1.70 1.62 1.62 1.62 1.62 1.47 1.47 1.47 1.47
1.97 1.97 1.97 1.97 1.90 1.90 1.90 1.90 1.89 1.89 1.89 1.89 1.85 1.85 1.85 1.85 1.66 1.66 1.66 1.66 1.52 1.52 1.52 1.52 1.52 1.45 1.27 0.00 0.00 1.34 1.58 1.58 1.71 1.71 1.71 1.71 1.68 1.68 1.68 1.68 1.65 1.65 1.65 1.65 1.70 1.70 1.70 1.70 1.57 1.57 1.57 1.57 1.44 1.44 1.44 1.44 1.53 1.53 1.53 1.53 1.71 1.71 1.71 1.71 1.76 1.76 1.76 1.76 1.77 1.77 1.77 1.77 1.76 1.76 1.76 1.76 1.65 1.65 1.65 1.65 1.50 1.50 1.50 1.50
1.97 1.97 1.97 1.97 1.90 1.90 1.90 1.90 1.89 1.89 1.89 1.89 1.85 1.85 1.85 1.85 1.66 1.66 1.66 1.66 1.52 1.52 1.52 1.52 1.52 1.52 1.52 1.34 1.34 0.72 1.58 1.58 1.71 1.71 1.71 1.71 1.68 1.68 1.68 1.68 1.65 1.65 1.65 1.65 1.70 1.70 1.70 1.70 1.57 1.57 1.57 1.57 1.44 1.44 1.28 1.28 1.53 1.53 1.53 1.53 1.71 1.71 1.71 1.71 1.76 1.76 1.76 1.76 1.77 1.77 1.77 1.77 1.76 1.76 1.76 1.76 1.65 1.65 1.65 1.65 1.50 1.50 1.50 1.50
1.97 1.97 1.97 1.97 1.90 1.90 1.90 1.90 1.89 1.89 1.89 1.89 1.85 1.85 1.85 1.85 1.66 1.66 1.66 1.66 1.52 1.45 1.52 1.52 1.45 1.52 1.52 1.52 1.66 1.42 1.66 1.66 1.71 1.71 1.71 1.71 1.68 1.68 1.68 1.68 1.65 1.65 1.65 1.65 1.70 1.70 1.70 1.70 1.57 1.57 1.57 1.57 1.44 1.44 1.28 1.28 1.53 1.53 1.53 1.53 1.71 1.71 1.71 1.71 1.76 1.76 1.76 1.76 1.77 1.77 1.77 1.77 1.76 1.76 1.76 1.76 1.65 1.65 1.65 1.65 1.50 1.50 1.50 1.50
1.97 1.97 1.97 1.97 1.90 1.90 1.90 1.90 1.89 1.89 1.89 1.89 1.85 1.85 1.85 1.85 1.66 1.66 1.66 1.66 1.45 1.45 1.45 0.00 1.34 1.52 1.52 1.52 1.66 1.66 1.42 1.66 1.78 1.78 1.78 1.71 1.68 1.68 1.68 1.68 1.65 1.65 1.65 1.65 1.70 1.70 1.70 1.70 1.57 1.57 1.57 1.57 1.44 1.44 1.44 1.28 1.53 1.53 1.53 1.53 1.71 1.71 1.71 1.71 1.76 1.45 1.45 1.76 1.77 1.77 1.77 1.77 1.76 1.76 1.76 1.76 1.65 1.65 1.65 1.65 1.50 1.50 1.50 1.50
1.94 1.94 1.94 1.94 1.90 1.90 1.90 1.90 1.90 1.90 1.90 1.90 1.83 1.83 1.83 1.83 1.67 1.67 1.67 1.67 1.46 0.00 0.00 0.00 1.45 1.53 1.53 1.53 1.41 1.65 1.41 1.65 1.76 1.76 1.76 1.76 1.75 1.75 1.68 1.68 1.64 1.64 1.64 1.64 1.73 1.73 1.73 1.73 1.65 1.65 1.65 1.65 1.31 1.31 1.51 1.51 1.58 1.58 1.58 1.58 1.71 1.71 1.71 1.71 1.72 1.43 1.43 1.72 1.79 1.79 1.79 1.79 1.81 1.81 1.81 1.81 1.64 1.64 1.64 1.64 1.50 1.50 1.50 1.50
1.94 1.94 1.94 1.94 1.90 1.90 1.90 1.90 1.90 1.90 1.90 1.90 1.83 1.83 1.83 1.83 1.67 1.67 1.67 1.67 1.46 0.00 0.00 0.00 0.00 0.83 0.83 0.83 1.41 1.65 1.41 1.65 1.76 1.76 1.76 1.76 1.75 1.75 1.75 1.75 1.72 1.72 1.64 1.64 1.73 1.73 1.73 1.73 1.65 1.65 1.65 1.65 1.51 1.31 1.31 1.31 1.58 1.58 1.58 1.58 1.71 1.42 1.71 1.71 1.72 1.72 1.72 1.72 1.79 1.79 1.79 1.79 1.81 1.81 1.81 1.81 1.64 1.64 1.64 1.64 1.50 1.50 1.50 1.50
1.94 1.94 1.55 1.55 1.90 1.90 1.90 1.90 1.90 1.90 1.90 1.90 1.83 1.50 1.50 1.50 1.42 1.57 1.57 1.67 1.46 0.00 0.00 0.00 0.00 0.00 0.00 0.00 0.00 1.41 1.65 1.65 1.76 1.76 1.76 1.76 1.75 1.47 1.47 1.75 1.72 1.72 1.72 1.72 1.80 1.73 1.73 1.73 1.65 1.65 1.65 1.65 1.51 1.31 0.00 1.31 1.58 1.58 1.58 1.35 1.42 1.42 1.42 1.42 1.72 1.72 1.72 1.72 1.79 1.79 1.79 1.79 1.81 1.81 1.81 1.81 1.64 1.64 1.64 1.64 1.50 1.50 1.50 1.50
1.55 1.55 1.55 0.00 1.90 1.90 1.90 1.90 1.90 1.90 1.90 1.90 1.83 1.83 1.83 1.50 0.00 1.42 1.67 1.57 1.46 0.00 0.00 0.00 0.00 0.00 0.00 0.00 0.00 0.00 0.86 1.65 1.76 1.76 1.76 1.76 1.75 0.00 1.47 1.75 1.72 1.72 1.72 1.60 1.80 1.80 1.80 1.80 1.65 1.65 1.65 1.65 1.51 1.51 0.00 0.00 1.58 1.58 1.58 1.58 1.42 1.42 0.77 1.42 1.72 1.72 1.72 1.72 1.79 1.79 1.79 1.79 1.81 1.81 1.81 1.81 1.64 1.64 1.64 1.64 1.50 1.50 1.50 1.50
1.92 1.54 1.54 1.54 1.90 1.90 1.90 1.90 1.91 1.91 1.91 1.91 1.81 1.81 1.81 1.81 1.57 1.68 1.57 1.57 0.83 0.00 0.00 0.00 0.00 0.00 0.00 0.00 0.00 0.00 1.70 1.70 1.73 1.73 1.73 1.73 1.78 1.48 1.48 1.78 1.75 1.75 1.75 1.75 1.82 1.82 1.82 1.82 1.80 1.80 1.80 1.73 1.60 1.60 1.50 0.00 1.35 1.58 1.58 1.58 1.68 1.41 1.68 1.68 1.72 1.72 1.72 1.72 1.83 1.83 1.83 1.83 1.83 1.83 1.83 1.83 1.65 1.65 1.65 1.65 1.46 1.46 1.46 1.46
1.54 1.54 1.54 1.54 1.90 1.90 1.90 1.53 1.91 1.91 1.91 1.91 1.81 1.81 1.81 1.81 1.68 1.68 1.68 1.68 0.00 0.00 0.00 0.00 0.00 0.00 0.00 0.00 0.00 0.00 0.00 1.70 1.73 1.73 1.73 1.73 1.78 1.78 1.48 1.78 1.75 1.75 1.75 1.46 1.51 1.82 1.82 1.82 1.80 1.80 1.80 1.80 1.67 1.67 1.67 1.36 1.35 1.35 1.58 1.58 1.41 1.41 1.68 1.68 1.72 1.72 1.72 1.43 1.83 1.83 1.83 1.83 1.83 1.83 1.83 1.83 1.65 1.65 1.65 1.65 1.46 1.46 1.46 1.40
1.52 1.52 1.52 1.52 1.52 1.88 1.88 1.88 1.89 1.89 1.89 1.89 1.79 1.79 1.79 1.79 1.66 1.66 1.41 0.00 0.00 0.00 0.00 0.00 0.00 0.00 0.00 0.00 0.00 0.00 0.00 0.00 0.00 0.84 1.71 1.71 1.75 1.75 1.75 1.75 1.73 1.73 1.73 1.61 1.48 1.79 1.79 1.79 1.76 1.76 1.76 1.76 1.64 1.64 1.64 1.41 1.40 0.00 1.55 1.55 1.64 1.64 1.64 1.64 1.68 1.68 1.68 1.68 1.78 1.78 1.78 1.78 1.78 1.78 1.78 1.78 1.60 1.60 1.60 1.60 1.43 1.43 1.37 0.00
1.52 1.52 1.52 1.52 1.52 1.88 1.88 1.88 1.89 1.89 1.89 1.89 1.79 1.79 1.66 0.00 0.00 0.00 0.00 0.00 0.00 0.00 0.00 0.00 0.00 0.00 0.00 0.00 0.00 0.00 0.00 0.00 0.00 0.00 1.71 1.71 1.75 1.75 1.63 1.75 1.73 1.73 1.73 1.61 1.79 1.79 1.79 1.79 1.76 1.76 1.76 1.76 1.64 1.64 1.64 1.41 1.40 1.40 1.40 1.63 1.71 1.64 1.64 1.64 1.68 1.68 1.68 1.68 1.78 1.78 1.78 1.78 1.78 1.78 1.78 1.45 1.60 1.60 1.60 1.60 1.43 1.43 1.43 1.43
1.54 1.54 1.54 1.54 1.54 1.93 1.93 1.93 1.91 1.91 1.91 1.91 1.78 1.78 0.00 0.00 0.00 0.00 0.00 0.00 0.00 0.00 0.00 0.00 0.00 0.00 0.00 0.00 0.00 0.00 0.00 0.00 0.00 0.00 0.84 1.74 1.80 1.80 1.80 1.49 1.77 1.77 1.77 1.77 1.80 1.80 1.80 1.80 1.80 1.80 1.80 1.80 1.69 1.69 1.69 1.44 1.42 1.42 1.56 1.66 1.74 1.74 1.46 1.74 1.73 1.73 1.73 1.73 1.79 1.79 1.79 1.79 1.77 1.77 1.77 1.77 1.68 1.68 1.68 1.68 1.49 1.49 1.49 1.49
1.93 1.54 1.54 1.54 1.93 1.93 1.93 1.93 1.91 1.91 1.91 1.91 1.78 1.78 0.00 0.00 0.00 0.00 0.00 0.00 0.00 0.00 0.00 0.00 0.00 0.00 0.00 0.00 0.00 0.00 0.00 0.00 0.00 0.00 1.46 1.74 1.80 1.80 1.80 1.80 1.77 1.77 1.77 1.77 1.49 0.00 1.49 1.80 1.80 1.80 1.80 1.80 1.69 1.69 1.69 1.69 0.00 0.00 1.66 1.66 1.74 1.62 1.46 1.74 1.49 1.80 1.80 1.80 1.79 1.79 1.79 1.79 1.77 1.77 1.77 1.77 1.40 1.68 1.68 1.68 1.49 1.49 1.49 1.42
1.93 1.93 1.93 1.93 1.93 1.93 1.93 1.93 1.91 1.91 1.53 1.91 1.78 1.65 0.00 0.00 0.00 0.00 0.00 0.00 0.00 0.00 0.00 0.00 0.00 0.00 0.00 0.00 0.00 0.00 0.00 0.00 0.00 0.00 0.00 1.62 1.80 1.80 1.80 1.49 1.77 1.77 1.47 1.77 1.80 0.00 1.49 1.80 1.80 1.80 1.80 1.49 1.44 1.69 1.69 1.44 0.00 1.42 1.66 1.66 1.74 1.62 1.46 1.46 1.49 1.80 1.80 1.80 1.86 1.86 1.86 1.79 1.77 1.77 1.77 1.77 1.68 1.68 1.68 1.68 1.49 1.49 1.49 1.31
1.93 1.93 1.93 1.54 1.54 1.54 1.93 1.93 1.53 1.91 1.91 1.91 1.47 0.00 0.00 0.00 0.00 0.00 0.00 0.00 0.00 0.00 0.00 0.00 0.00 0.00 0.00 0.00 0.00 0.00 0.00 0.00 0.00 0.00 0.00 1.62 1.80 1.49 1.67 1.80 1.77 1.47 0.00 0.00 1.67 0.00 1.67 1.80 1.80 1.80 1.80 1.49 1.44 1.69 1.58 0.00 0.00 1.66 1.66 1.66 1.74 1.46 1.46 1.46 1.49 1.80 1.80 1.80 1.52 1.86 1.86 1.86 1.84 1.84 1.77 1.77 1.68 1.68 1.68 1.68 1.49 1.49 1.49 1.31
1.92 1.92 1.92 1.54 0.00 1.55 1.94 1.94 1.94 1.55 1.55 0.00 0.00 0.00 0.00 0.00 0.00 0.00 0.00 0.00 0.00 0.00 0.00 0.00 0.00 0.00 0.00 0.00 0.00 0.00 0.00 0.00 0.00 0.00 0.85 1.82 1.71 1.71 1.86 1.86 1.80 1.48 0.00 0.00 0.00 1.68 1.82 1.82 1.81 1.81 1.81 1.68 1.45 1.71 1.45 0.86 0.00 1.71 1.71 1.71 1.80 1.80 1.50 1.67 1.50 1.50 1.81 1.81 1.83 1.83 1.83 1.83 1.83 1.83 1.83 1.83 1.81 1.81 1.74 1.74 1.59 1.59 1.59 1.50
1.92 1.92 1.92 1.92 0.00 0.00 1.94 1.94 1.94 1.94 1.55 0.00 0.00 0.00 0.00 0.00 0.00 0.00 0.00 0.00 0.00 0.00 0.00 0.00 0.00 0.00 0.00 0.00 0.00 0.00 0.00 0.00 0.00 1.82 0.00 0.00 1.71 1.86 1.86 1.86 1.80 1.80 1.67 0.85 1.82 1.82 1.82 1.82 1.81 1.81 1.81 1.68 0.00 1.71 1.71 0.86 0.00 1.71 1.71 1.71 1.80 1.80 1.67 1.67 1.50 1.50 1.81 1.81 1.83 1.83 1.83 1.83 1.83 1.83 1.83 1.83 1.81 1.81 1.81 1.81 1.67 1.59 1.59 1.59
