New_Model_Runs/15_Future_RCP8.5_Scn2_out/post_prcessed_with_MFR/Monthly_summaries/interception_monthly_SEP.asc
NCOLS 700
NROWS 400
XLLCENTER 515000.000000
YLLCENTER 8409000.000000
CELLSIZE 50.000000
NODATA_value -999.000000
[rows 114 to 151 of 400, columns 420 to 503 of 700]
1.95 1.95 1.95 1.95 1.87 1.87 1.87 1.70 1.72 1.72 1.72 1.72 1.66 1.66 1.66 1.66 1.36 1.36 1.36 1.36 1.06 1.06 0.95 0.95 1.03 1.03 0.93 0.00 0.00 0.00 0.00 0.47 0.51 0.51 0.68 0.68 0.79 0.79 0.79 0.79 0.99 0.99 0.99 0.99 1.22 1.22 1.22 1.22 1.20 1.20 1.20 1.20 0.85 0.85 0.85 0.85 0.60 0.46 0.00 0.00 0.44 0.44 0.56 0.56 0.62 0.00 0.25 0.25 0.27 0.27 1.09 1.37 1.63 1.63 1.63 1.63 1.52 1.52 1.52 1.52 1.31 1.31 1.31 1.31
1.95 1.95 1.95 1.95 1.87 1.87 1.87 1.87 1.72 1.72 1.72 1.72 1.66 1.66 1.66 1.66 1.36 1.36 1.36 1.36 1.06 1.06 1.06 1.06 1.03 0.93 0.93 1.03 0.95 0.00 0.00 0.00 0.68 0.68 0.61 0.68 0.79 0.79 0.79 0.79 0.99 0.99 0.99 0.99 1.22 1.22 1.22 1.22 1.20 1.20 1.20 1.20 0.85 0.85 0.85 0.85 0.46 0.00 0.00 0.00 0.00 0.56 0.56 0.56 0.62 0.25 0.25 0.25 0.27 0.27 0.66 1.37 1.63 1.63 1.63 1.63 1.52 1.52 1.52 1.52 1.31 1.31 1.31 1.31
1.67 1.67 1.67 1.67 1.59 1.59 1.59 1.59 1.51 1.51 1.51 1.51 1.50 1.50 1.50 1.50 1.39 1.39 1.39 1.39 1.19 1.19 1.19 1.19 1.15 1.15 1.15 1.15 1.13 1.13 0.00 0.00 0.60 0.60 0.60 0.67 0.73 0.73 0.73 0.73 0.90 0.90 0.90 0.90 1.14 1.14 1.14 1.14 1.17 1.17 1.17 1.17 0.89 0.89 0.89 0.89 0.68 0.50 0.50 0.50 0.48 0.48 0.63 0.63 0.72 0.72 0.72 0.72 0.62 0.28 0.66 1.44 1.67 1.67 1.67 1.67 1.58 1.58 1.58 1.58 1.58 1.58 1.58 1.58
1.67 1.67 1.67 1.67 1.59 1.59 1.59 1.59 1.68 1.51 1.51 1.51 1.50 1.50 1.50 1.50 1.39 1.39 1.39 1.39 1.19 1.19 1.19 1.19 1.15 1.15 1.15 1.08 1.13 0.99 0.61 0.61 0.60 0.60 0.67 0.67 0.53 0.73 0.73 0.73 0.90 0.90 0.90 0.90 1.14 1.14 1.14 1.14 1.17 1.17 1.17 1.17 0.89 0.89 0.89 0.89 0.68 0.68 0.68 0.68 0.63 0.63 0.48 0.63 0.72 0.72 0.72 0.72 0.92 0.92 1.44 1.44 1.67 1.67 1.67 1.67 1.58 1.58 1.58 1.58 1.58 1.58 1.58 1.58
1.67 1.67 1.67 1.67 1.59 1.59 1.59 1.59 1.68 1.51 1.51 1.51 1.50 1.50 1.50 1.50 1.39 1.39 1.39 1.39 1.19 1.19 1.19 1.19 1.15 1.15 1.15 1.15 0.99 0.51 0.51 0.51 0.60 0.67 0.67 0.67 0.73 0.73 0.73 0.73 0.90 0.90 0.90 0.90 1.14 1.14 1.14 1.14 1.17 1.17 1.17 1.17 0.89 0.89 0.89 0.89 0.68 0.68 0.68 0.68 0.63 0.63 0.48 0.63 0.72 0.72 0.72 0.72 0.92 0.92 1.44 1.44 1.67 1.67 1.67 1.67 1.58 1.58 1.58 1.58 1.58 1.58 1.58 1.58
1.67 1.67 1.67 1.67 1.59 1.59 1.59 1.59 1.68 1.51 1.51 1.51 1.50 1.50 1.50 1.50 1.39 1.39 1.39 1.39 1.19 1.19 1.19 1.19 1.15 1.15 1.15 1.15 1.13 0.68 0.68 0.68 0.67 0.67 0.67 0.67 0.73 0.73 0.73 0.73 0.90 0.90 0.90 0.90 1.14 1.14 1.14 1.14 1.17 1.17 1.17 1.17 0.89 0.89 0.89 0.89 0.68 0.68 0.68 0.68 0.63 0.63 0.63 0.63 0.72 0.72 0.72 0.72 0.92 0.92 1.44 1.44 1.67 1.67 1.67 1.67 1.58 1.58 1.58 1.58 1.58 1.58 1.58 1.58
1.27 1.27 1.27 1.27 1.28 1.28 1.28 1.28 1.35 1.35 1.18 1.18 1.27 1.27 1.27 1.27 1.41 1.41 1.41 1.41 1.44 1.44 1.44 1.44 1.29 1.29 1.29 1.29 1.16 0.71 0.71 0.71 0.50 0.67 0.67 0.67 0.78 0.78 0.78 0.78 0.95 0.95 0.95 0.95 1.08 1.08 1.08 1.08 1.09 1.09 1.09 1.09 1.00 1.00 1.00 1.00 0.89 0.89 0.89 0.89 0.80 0.80 0.80 0.80 0.94 0.94 0.94 0.94 1.10 1.10 1.62 1.62 1.75 1.75 1.75 1.75 1.78 1.78 1.78 1.78 1.87 1.87 1.87 1.87
1.27 1.27 1.27 1.27 1.28 1.28 1.28 1.28 1.35 1.35 1.18 1.18 1.27 1.27 1.27 1.27 1.41 1.41 1.41 1.41 1.44 1.44 1.44 1.44 1.29 1.29 1.29 1.29 1.16 0.71 0.71 0.52 0.00 0.50 0.67 0.67 0.78 0.78 0.78 0.78 0.95 0.95 0.95 0.95 1.08 1.08 1.08 1.08 1.09 1.09 1.09 1.09 1.00 1.00 1.00 1.00 0.89 0.89 0.89 0.89 0.80 0.80 0.80 0.80 0.94 0.94 0.94 0.94 1.10 1.10 1.62 1.62 1.75 1.75 1.75 1.75 1.78 1.78 1.78 1.78 1.87 1.87 1.87 1.87
1.27 1.27 1.27 1.27 1.28 1.28 1.28 1.15 1.35 1.35 1.35 1.18 1.27 1.27 1.27 1.27 1.41 1.41 1.41 1.41 1.44 1.44 1.44 1.44 1.29 1.29 1.29 1.29 1.16 0.71 0.52 0.63 0.00 0.67 0.67 0.67 0.78 0.78 0.78 0.78 0.95 0.95 0.95 0.95 1.08 1.08 1.08 1.08 1.09 1.09 1.09 1.09 1.00 1.00 1.00 1.00 0.89 0.89 0.89 0.89 0.80 0.80 0.80 0.80 0.94 0.94 0.94 0.94 1.10 1.10 1.62 1.62 1.75 1.75 1.75 1.75 1.78 1.78 1.78 1.78 1.87 1.87 1.87 1.87
1.27 1.27 1.27 1.27 1.28 1.28 1.28 1.28 1.35 1.35 1.35 1.18 1.27 1.27 1.27 1.27 1.41 1.41 1.41 1.41 1.44 1.44 1.44 1.44 1.29 1.29 1.29 1.29 1.16 0.71 0.71 0.63 0.00 0.60 0.67 0.50 0.78 0.78 0.78 0.78 0.95 0.95 0.95 0.95 1.08 1.08 1.08 1.08 1.09 1.09 1.09 1.09 1.00 1.00 1.00 1.00 0.89 0.89 0.89 0.89 0.80 0.80 0.80 0.80 0.94 0.94 0.94 0.94 1.10 1.10 1.62 1.62 1.75 1.75 1.75 1.75 1.78 1.78 1.78 1.78 1.87 1.87 1.87 1.87
1.17 1.17 1.09 1.17 1.14 1.14 1.14 1.14 1.09 1.13 1.13 1.16 1.06 1.06 1.06 1.06 1.20 1.20 1.20 1.20 1.45 1.45 0.66 1.45 1.46 1.46 1.46 1.46 1.28 0.83 0.83 0.73 0.00 0.00 0.00 0.55 0.82 0.82 0.82 0.82 0.91 0.91 0.91 0.91 0.97 0.97 0.97 0.97 1.07 1.07 1.07 1.07 1.11 1.11 1.11 1.11 1.06 1.06 1.06 1.06 1.05 1.05 1.05 1.05 1.19 1.19 1.19 1.19 1.27 1.27 1.78 1.78 1.80 1.80 1.80 1.80 1.75 1.75 1.75 1.75 1.73 1.73 1.73 1.73
1.09 1.09 1.17 1.09 1.14 1.11 1.14 1.08 1.16 0.00 0.00 1.16 1.06 1.06 1.06 1.06 1.02 1.20 1.20 1.02 1.15 1.45 1.45 1.45 1.46 1.46 1.46 1.46 1.28 0.83 0.83 0.83 0.67 0.00 0.67 0.67 0.82 0.82 0.82 0.82 0.91 0.91 0.91 0.91 0.97 0.97 0.97 0.97 1.07 1.07 1.07 1.07 1.11 1.11 1.11 1.11 1.06 1.06 1.06 1.06 1.05 1.05 1.05 1.05 1.19 1.19 1.19 1.19 1.27 1.27 1.78 1.78 1.80 1.80 1.80 1.80 1.75 1.75 1.75 1.75 1.73 1.73 1.73 1.73
1.09 0.00 1.14 1.14 1.11 1.11 1.14 1.14 0.79 0.00 0.00 0.00 1.01 1.01 1.01 0.63 1.02 1.20 0.64 1.02 1.45 1.45 1.45 1.45 1.46 1.46 1.46 1.46 1.28 0.83 0.83 0.83 0.76 0.26 0.55 0.55 0.82 0.82 0.82 0.82 0.91 0.91 0.91 0.91 0.97 0.97 0.97 0.97 1.07 1.07 1.07 1.07 1.11 1.11 1.11 1.11 1.06 1.06 1.06 1.06 1.05 1.05 1.05 1.05 1.19 1.19 1.19 1.19 1.27 1.27 1.78 1.78 1.80 1.80 1.80 1.80 1.75 1.75 1.75 1.75 1.73 1.73 1.73 1.73
1.09 1.14 1.09 1.14 0.00 0.00 1.11 0.00 0.00 0.00 0.00 0.00 0.00 0.00 1.01 1.06 1.20 1.20 1.20 1.02 1.15 1.45 1.45 1.45 1.46 1.46 1.46 1.46 1.28 0.83 0.83 0.83 0.76 0.76 0.76 0.55 0.58 0.82 0.82 0.82 0.91 0.91 0.91 0.91 0.97 0.97 0.97 0.97 1.07 1.07 1.07 1.07 1.11 1.11 1.11 1.11 1.06 1.06 1.06 1.06 1.05 1.05 1.05 1.05 1.19 1.19 1.19 1.19 1.27 1.27 1.78 1.78 1.80 1.80 1.80 1.80 1.75 1.75 1.75 1.75 1.73 1.73 1.73 1.73
1.18 1.14 0.00 0.00 0.00 0.00 0.00 0.00 0.00 0.00 0.00 0.00 1.15 0.98 1.02 1.02 1.13 1.13 1.07 0.99 0.00 1.11 1.11 1.37 1.57 1.57 0.00 1.57 1.49 1.05 1.05 1.05 0.83 0.83 0.83 0.58 0.78 0.78 0.78 0.78 0.83 0.83 0.83 0.58 0.91 0.91 0.91 0.91 1.05 1.05 1.05 1.05 1.19 1.19 1.19 1.19 1.24 1.24 1.24 1.24 1.19 1.19 1.19 1.19 1.13 1.13 1.13 1.13 1.14 1.14 1.66 1.66 1.67 1.67 1.67 1.67 1.53 1.53 1.53 1.53 1.49 1.49 1.49 1.49
0.79 0.79 0.00 0.00 0.00 0.00 0.00 0.00 0.00 0.00 0.00 0.00 0.00 1.10 1.02 1.02 1.13 1.13 0.99 0.99 1.26 1.11 1.37 1.37 1.57 0.00 0.00 0.00 1.05 1.05 1.05 1.05 0.83 0.83 0.83 0.83 0.56 0.56 0.78 0.78 0.83 0.83 0.83 0.83 0.91 0.91 0.91 0.91 1.05 1.05 1.05 1.05 1.19 1.19 1.19 1.19 1.24 1.24 1.24 1.24 1.19 1.19 1.19 1.19 1.13 1.13 1.13 1.13 1.14 1.14 1.66 1.66 1.67 1.67 1.67 1.67 1.53 1.53 1.53 1.53 1.49 1.49 1.49 1.49
0.00 0.00 0.00 0.00 0.00 0.00 0.00 0.00 0.00 0.00 1.12 1.08 1.10 1.20 1.02 1.02 1.14 1.14 1.07 1.14 1.11 1.38 1.38 1.38 0.00 0.00 0.00 0.00 0.00 1.07 1.07 1.07 0.85 0.85 0.85 0.85 0.80 0.80 0.80 0.80 0.85 0.85 0.85 0.85 0.92 0.92 0.92 0.92 1.07 1.07 1.07 1.07 1.21 1.21 1.21 1.21 1.26 1.26 1.26 1.26 1.18 1.18 1.18 1.18 1.12 1.12 1.12 1.12 1.13 1.13 1.65 1.65 1.66 1.66 1.66 1.66 1.52 1.52 1.52 1.52 1.47 1.47 1.47 1.47
0.00 0.00 0.00 0.00 0.00 0.00 0.00 0.00 0.00 0.00 1.08 1.15 1.10 1.20 0.93 0.93 1.14 1.14 1.14 1.14 1.38 1.38 1.38 1.38 0.00 0.00 0.00 0.00 0.00 1.07 1.07 1.07 0.85 0.85 0.85 0.85 0.80 0.80 0.80 0.80 0.85 0.85 0.85 0.85 0.92 0.92 0.92 0.92 1.07 1.07 1.07 1.07 1.21 1.21 1.21 1.21 1.26 1.26 1.26 1.26 1.18 1.18 1.18 1.18 1.12 1.12 1.12 1.12 0.73 1.13 1.65 1.65 1.66 1.66 1.66 1.66 1.52 1.52 1.52 1.52 1.47 1.47 1.47 1.47
0.00 0.00 0.00 0.00 0.00 0.00 0.00 0.00 0.00 0.00 1.14 1.18 1.25 1.25 1.13 0.96 1.23 1.23 1.23 1.23 1.51 1.51 1.51 0.00 0.00 0.00 0.00 0.00 0.00 1.23 1.23 1.23 0.99 0.99 0.99 0.99 0.98 0.98 0.98 0.98 0.96 0.96 0.96 0.96 1.02 1.02 1.02 1.02 1.13 1.13 1.13 1.13 1.25 1.25 1.25 1.25 1.28 1.28 1.28 1.28 1.07 1.07 1.07 1.07 0.98 0.98 0.98 0.98 0.28 1.00 1.52 1.52 1.54 1.54 1.54 1.54 1.43 1.43 1.43 1.43 1.40 1.40 1.40 1.40
0.00 0.00 0.00 0.00 0.00 0.00 0.00 0.00 0.00 1.18 1.18 1.18 1.13 1.25 1.25 1.07 1.23 1.23 1.23 1.23 1.51 1.51 1.51 1.51 0.00 0.00 0.00 0.00 0.00 1.23 1.23 1.23 0.99 0.99 0.99 0.99 0.98 0.98 0.98 0.98 0.96 0.96 0.96 0.96 1.02 1.02 1.02 1.02 1.13 1.13 1.13 1.13 1.25 1.25 1.25 1.25 1.28 1.28 1.28 1.28 1.07 1.07 1.07 1.07 0.98 0.98 0.98 0.98 1.00 1.00 1.52 1.52 1.54 1.54 1.54 1.54 1.43 1.43 1.43 1.43 1.40 1.40 1.40 1.40
0.00 0.00 0.00 0.00 0.00 0.00 0.00 0.00 1.09 1.18 1.18 1.18 1.25 1.25 1.25 1.25 1.23 1.23 1.23 1.23 1.51 1.51 1.51 1.51 0.00 0.00 0.00 0.00 0.00 0.00 1.23 1.23 0.99 0.99 0.99 0.99 0.98 0.98 0.98 0.98 0.96 0.96 0.96 0.96 1.02 1.02 1.02 1.02 1.13 1.13 1.13 1.13 1.25 1.25 1.25 1.25 1.28 1.28 1.28 1.28 1.07 1.07 1.07 1.07 0.98 0.98 0.98 0.98 1.00 1.00 1.52 1.52 1.54 1.54 1.54 1.54 1.43 1.43 1.43 1.43 1.40 1.40 1.40 1.40
0.00 0.00 0.00 0.00 0.00 0.00 0.00 0.00 1.14 1.18 1.18 1.18 1.25 1.25 1.25 1.25 1.23 1.23 1.23 1.23 1.51 1.51 0.00 0.00 0.00 0.00 0.00 0.00 0.00 0.00 1.23 1.23 0.00 0.99 0.99 0.00 0.00 0.00 0.98 0.98 0.96 0.96 0.96 0.96 1.02 1.02 1.02 1.02 1.13 1.13 1.13 1.13 1.25 1.25 1.25 1.25 1.28 1.28 1.28 1.28 1.07 1.07 1.07 1.07 0.98 0.98 0.98 0.98 1.00 1.00 1.52 1.52 1.54 1.54 1.54 1.54 1.43 1.43 1.43 1.43 1.40 1.40 1.40 1.40
0.00 0.00 0.00 0.00 0.00 0.00 0.80 1.24 1.32 1.32 1.32 1.32 1.44 1.44 1.44 1.44 1.47 1.47 1.47 1.47 1.73 0.00 0.00 0.00 0.00 0.00 0.00 0.00 0.00 0.00 0.00 0.00 0.00 0.00 0.00 0.00 0.00 1.09 1.09 1.09 1.02 1.02 1.02 1.02 1.09 1.09 1.09 1.09 1.15 1.15 1.15 1.15 1.23 1.23 1.23 1.23 1.23 1.23 1.23 1.23 1.07 1.07 1.07 1.07 1.02 1.02 1.02 1.02 0.97 0.97 1.50 1.50 1.43 1.43 1.43 1.43 1.40 1.40 1.40 1.40 1.42 1.42 1.42 1.42
0.00 0.00 0.00 0.00 0.00 0.00 1.24 1.24 1.32 1.32 1.32 1.32 1.44 1.44 1.44 1.44 1.64 1.47 1.47 1.47 1.73 0.00 0.00 0.00 0.00 0.00 0.00 0.00 0.00 0.00 0.00 0.00 0.00 0.00 0.00 0.00 0.00 0.00 0.00 1.09 1.02 1.02 1.02 1.02 1.09 1.09 1.09 1.09 1.15 1.15 1.15 1.15 1.23 1.23 1.23 1.23 1.23 1.23 1.23 1.23 1.07 1.07 1.07 1.07 1.02 1.02 1.02 1.02 0.97 0.97 1.50 1.50 1.43 1.43 1.43 1.43 1.40 1.40 1.40 1.40 1.42 1.42 1.42 1.42
0.00 0.00 0.00 0.00 0.00 0.00 1.24 1.24 1.32 1.32 1.32 1.32 1.44 1.44 1.44 1.44 1.64 1.47 1.47 0.00 0.00 0.00 0.00 0.00 0.00 0.00 0.00 0.00 0.00 0.00 0.00 0.00 0.00 0.00 0.00 0.00 0.00 0.00 0.00 1.09 1.02 1.02 1.02 1.02 1.09 1.09 1.09 1.09 1.15 1.15 1.15 1.15 1.23 1.23 1.23 1.23 1.23 1.23 1.23 1.23 1.07 1.07 1.07 1.07 1.02 1.02 1.02 1.02 0.97 0.97 1.50 1.50 1.43 1.43 1.43 1.43 1.40 1.40 1.40 1.40 1.42 1.42 1.42 1.11
0.00 0.00 0.00 0.00 0.00 1.24 1.24 1.24 1.32 1.32 1.32 1.32 1.44 1.44 1.44 1.44 0.00 0.00 0.00 0.00 0.00 0.00 0.00 0.00 0.00 0.00 0.00 0.00 0.00 0.00 0.00 0.00 0.00 0.00 0.00 0.00 1.09 1.09 1.09 1.09 1.02 1.02 1.02 1.02 1.09 1.09 1.09 1.09 1.15 1.15 1.15 1.15 1.23 1.23 1.23 1.23 1.23 1.23 1.23 1.23 1.07 1.07 1.07 1.07 1.02 1.02 1.02 1.02 0.97 0.97 1.50 1.50 1.43 1.43 1.43 1.43 1.40 1.40 1.40 1.40 1.42 1.42 1.42 1.11
0.00 0.00 0.00 0.00 0.00 1.35 1.35 1.35 1.43 1.43 1.43 1.43 1.62 1.62 1.62 1.62 1.95 1.95 1.78 0.00 0.00 0.00 0.00 0.00 0.00 0.00 0.00 0.00 0.00 0.00 1.17 0.00 0.00 0.00 0.00 0.00 1.03 1.03 1.03 1.03 1.07 1.07 1.07 1.07 1.11 1.11 1.11 1.11 1.15 1.15 1.15 1.15 1.22 1.22 1.22 1.22 1.18 1.18 1.18 1.18 1.12 1.12 1.12 1.12 1.12 1.12 1.12 1.12 1.00 1.00 1.52 1.52 1.34 1.34 1.34 1.34 1.35 1.35 1.35 1.35 1.45 1.45 1.45 1.45
0.00 0.00 0.00 0.00 0.81 1.35 1.35 1.35 1.43 1.23 1.43 1.43 1.62 1.62 1.62 1.62 1.95 1.95 1.78 1.78 1.85 0.00 0.00 1.85 1.68 0.00 0.00 0.00 0.00 0.00 0.00 0.00 0.00 0.00 1.10 1.10 1.03 1.03 1.03 1.03 1.07 1.07 1.07 1.07 1.11 1.11 1.11 1.11 1.15 1.15 1.15 1.15 1.22 1.22 1.22 1.22 1.18 1.18 1.18 1.18 1.12 1.12 1.12 1.12 1.12 1.12 1.12 1.12 1.00 1.00 1.52 1.52 1.34 1.34 1.34 1.34 1.35 1.35 1.35 1.35 0.65 1.45 1.45 1.45
0.00 0.00 0.00 0.00 0.81 1.35 1.35 1.35 1.23 1.23 1.43 1.43 1.62 1.62 1.62 1.62 1.95 1.95 1.95 1.78 1.85 1.85 1.85 1.85 1.68 1.68 0.00 0.00 0.00 0.00 0.00 0.00 0.00 0.00 0.00 1.10 1.03 1.03 1.03 1.03 1.07 1.07 1.07 1.07 1.11 1.11 1.11 1.11 1.15 1.15 1.15 1.15 1.22 1.22 1.22 1.22 1.18 1.18 1.18 1.18 1.12 1.12 1.12 1.12 1.12 1.12 1.12 1.12 1.00 1.00 1.52 1.52 1.34 1.34 1.34 1.34 1.35 1.35 1.35 1.35 1.45 1.45 1.45 1.45
0.00 0.00 0.00 0.00 1.35 1.35 1.35 1.18 1.23 1.23 1.23 1.23 1.62 1.62 1.62 1.62 1.95 1.95 1.95 1.78 1.85 1.85 1.85 1.85 1.68 1.68 1.68 0.00 0.00 0.00 0.00 0.00 0.00 0.00 0.00 0.00 1.03 1.03 1.03 1.03 1.07 1.07 1.07 1.07 1.11 1.11 1.11 1.11 1.15 1.15 1.15 1.15 1.22 1.22 1.22 1.22 1.18 1.18 1.18 1.18 1.12 1.12 1.12 1.12 1.12 1.12 1.12 1.12 1.00 1.00 1.52 1.52 1.34 1.34 1.34 1.34 1.35 1.35 1.35 1.35 1.45 1.45 1.30 1.45
0.00 0.00 0.00 0.00 0.81 1.19 1.19 0.00 0.00 1.23 1.44 1.44 1.74 1.74 1.74 1.74 2.06 2.06 2.06 2.06 1.67 1.67 1.67 1.67 1.42 1.42 1.42 0.97 0.91 0.91 0.00 0.00 0.00 0.00 0.00 0.00 0.98 0.98 0.98 0.98 1.15 1.15 1.15 1.15 1.16 1.16 1.16 1.16 1.18 1.18 1.18 1.18 1.18 1.18 1.18 1.18 1.04 1.04 1.04 1.04 1.03 1.03 1.03 1.03 1.12 1.12 1.12 1.12 1.02 1.02 1.55 1.55 1.37 1.37 1.37 0.66 0.64 1.06 0.64 0.64 1.11 1.28 1.11 1.11
0.00 0.00 0.00 0.00 0.00 0.00 0.00 0.00 1.23 1.23 1.44 1.44 1.74 1.74 1.74 1.74 2.06 2.06 2.06 2.06 1.67 1.67 1.67 1.67 1.42 1.42 1.42 0.97 0.91 0.91 0.00 0.00 0.90 0.00 0.00 0.00 0.98 0.98 0.98 0.98 1.15 1.15 1.15 1.15 1.16 1.16 1.16 1.16 1.18 1.18 1.18 1.18 1.18 1.18 1.18 1.18 1.04 1.04 1.04 1.04 1.03 1.03 1.03 1.03 1.12 1.12 1.12 1.12 1.02 1.02 1.55 1.55 1.37 1.37 1.37 1.37 1.33 0.64 0.64 0.00 0.00 0.00 0.00 0.00
0.00 0.00 0.00 0.00 0.00 0.00 0.00 1.19 1.42 1.42 1.42 1.42 1.69 1.69 1.69 1.69 1.99 1.99 1.99 1.99 1.62 1.62 1.62 1.62 1.38 1.38 1.38 0.94 0.85 0.85 0.85 0.85 0.85 0.85 0.85 0.00 0.92 0.92 0.92 0.92 1.07 1.07 1.07 1.07 1.07 1.07 1.07 1.07 1.08 1.08 1.08 1.08 1.08 1.08 1.08 1.08 0.96 0.96 0.96 0.96 0.98 0.98 0.98 0.98 1.07 1.07 1.07 1.07 0.98 0.98 1.50 1.50 1.34 1.34 1.34 1.34 1.31 1.31 1.31 1.31 0.00 0.00 0.00 0.00
0.00 0.00 0.00 0.00 0.00 0.00 1.28 1.36 1.22 1.42 1.42 1.42 1.69 1.69 1.69 1.69 1.99 1.99 1.99 1.99 1.79 1.62 1.62 1.62 1.38 1.38 1.38 0.94 0.85 0.85 0.85 0.85 0.85 0.85 0.85 0.00 0.92 0.92 0.92 0.92 1.07 1.07 1.07 1.07 1.07 1.07 1.07 1.07 1.08 1.08 1.08 1.08 1.08 1.08 1.08 1.08 0.96 0.96 0.96 0.96 0.98 0.98 0.98 0.98 1.07 1.07 1.07 1.07 0.98 0.98 1.50 1.50 1.34 1.34 1.34 1.34 1.31 1.31 1.31 1.05 0.00 0.00 0.00 0.00
0.00 0.00 0.00 0.00 0.00 1.20 1.39 1.39 1.54 1.54 1.54 1.54 1.87 1.87 1.87 1.87 1.93 1.93 1.93 1.93 1.58 1.40 1.40 1.40 1.21 1.21 1.21 0.76 0.72 0.52 0.72 0.72 0.77 0.77 0.77 0.77 0.93 0.93 0.93 0.93 1.13 1.13 1.13 1.13 1.12 1.12 1.12 1.12 1.09 1.09 1.09 1.09 0.95 0.95 0.95 0.95 0.78 0.78 0.78 0.78 0.77 0.77 0.77 0.77 0.89 0.89 0.89 0.89 1.03 1.03 1.55 1.55 1.52 1.52 1.52 1.52 1.40 1.40 1.40 1.40 0.00 0.00 0.00 0.00
0.00 0.00 0.00 0.00 0.00 1.39 1.39 1.39 1.54 1.54 1.54 1.54 1.87 1.87 1.87 1.87 1.93 1.93 1.93 1.93 1.58 1.58 1.40 1.40 1.21 1.21 1.21 0.76 0.72 0.52 0.72 0.72 0.77 0.77 0.77 0.77 0.93 0.93 0.93 0.93 1.13 1.13 1.13 1.13 1.12 1.12 1.12 1.12 1.09 1.09 1.09 1.09 0.95 0.95 0.95 0.95 0.78 0.78 0.78 0.78 0.77 0.77 0.77 0.77 0.89 0.89 0.89 0.89 1.03 1.03 1.55 1.55 1.52 1.52 1.52 1.52 1.40 1.40 1.26 1.40 0.00 0.00 0.00 0.00
0.00 0.00 0.00 0.00 0.00 0.80 1.30 1.30 1.54 1.54 1.54 1.54 1.87 1.87 1.87 1.45 1.93 1.93 1.93 1.93 1.58 1.58 1.40 1.40 1.21 1.21 1.21 0.76 0.72 0.72 0.72 0.72 0.77 0.77 0.77 0.77 0.93 0.93 0.93 0.93 1.13 1.13 1.13 1.13 1.12 1.12 1.12 1.12 1.09 1.09 1.09 1.09 0.95 0.95 0.95 0.95 0.78 0.78 0.78 0.78 0.77 0.77 0.77 0.77 0.89 0.89 0.89 0.89 1.03 1.03 1.55 1.55 1.52 1.52 1.52 1.52 1.40 1.40 1.26 1.09 0.00 0.00 0.00 0.00
0.00 0.00 0.00 0.00 0.00 0.00 0.00 1.30 1.54 1.54 1.54 1.54 1.87 1.87 1.87 1.87 1.93 1.93 1.93 1.93 1.58 1.58 1.40 1.40 1.21 1.21 0.76 0.76 0.72 0.72 0.72 0.72 0.77 0.77 0.77 0.77 0.93 0.93 0.93 0.93 1.13 1.13 1.13 1.13 1.12 1.12 1.12 1.12 1.09 1.09 1.09 1.09 0.95 0.95 0.95 0.95 0.78 0.78 0.78 0.78 0.77 0.77 0.77 0.77 0.89 0.89 0.89 0.89 1.03 1.03 1.55 1.55 1.52 1.52 1.52 1.52 1.40 1.40 1.40 1.09 0.00 0.00 0.00 0.00
