New_Model_Runs/15_Future_RCP8.5_Scn2_out/post_prcessed_with_MFR/Monthly_summaries/interception_monthly_MAY.asc
NCOLS 700
NROWS 400
XLLCENTER 515000.000000
YLLCENTER 8409000.000000
CELLSIZE 50.000000
NODATA_value -999.000000
[rows 114 to 151 of 400, columns 420 to 503 of 700]
1.43 1.43 1.43 1.43 1.37 1.37 1.37 1.91 1.92 1.92 1.92 1.92 1.88 1.88 1.88 1.88 1.67 1.67 1.67 1.67 1.47 1.47 1.28 1.28 1.45 1.45 1.27 0.00 0.00 0.00 0.00 0.92 0.94 0.94 1.08 1.08 1.16 1.16 1.16 1.16 1.30 1.30 1.30 1.30 1.46 1.46 1.46 1.46 1.45 1.45 1.45 1.45 1.20 1.20 1.20 1.20 1.02 0.91 0.00 0.00 0.89 0.89 1.00 1.00 1.04 0.00 0.53 0.53 0.55 0.55 0.59 0.76 0.95 0.95 0.95 0.95 0.88 0.88 0.88 0.88 0.72 0.72 0.72 0.72
1.43 1.43 1.43 1.43 1.37 1.37 1.37 1.37 1.92 1.92 1.92 1.92 1.88 1.88 1.88 1.88 1.67 1.67 1.67 1.67 1.47 1.47 1.47 1.47 1.45 1.27 1.27 1.45 1.29 0.00 0.00 0.00 1.08 1.08 1.03 1.08 1.16 1.16 1.16 1.16 1.30 1.30 1.30 1.30 1.46 1.46 1.46 1.46 1.45 1.45 1.45 1.45 1.20 1.20 1.20 1.20 0.91 0.00 0.00 0.00 0.00 1.00 1.00 1.00 1.04 0.53 0.53 0.53 0.55 0.55 0.42 0.76 0.95 0.95 0.95 0.95 0.88 0.88 0.88 0.88 0.72 0.72 0.72 0.72
1.23 1.23 1.23 1.23 1.17 1.17 1.17 1.17 1.77 1.77 1.77 1.77 1.77 1.77 1.77 1.77 1.70 1.70 1.70 1.70 1.56 1.56 1.56 1.56 1.53 1.53 1.53 1.53 1.52 1.52 0.00 0.00 1.03 1.03 1.03 1.08 1.12 1.12 1.12 1.12 1.24 1.24 1.24 1.24 1.40 1.40 1.40 1.40 1.42 1.42 1.42 1.42 1.23 1.23 1.23 1.23 1.08 0.94 0.94 0.94 0.91 0.91 1.05 1.05 1.11 1.11 1.11 1.11 1.02 0.55 0.43 0.81 0.98 0.98 0.98 0.98 0.93 0.93 0.93 0.93 0.93 0.93 0.93 0.93
1.23 1.23 1.23 1.23 1.17 1.17 1.17 1.17 1.23 1.77 1.77 1.77 1.77 1.77 1.77 1.77 1.70 1.70 1.70 1.70 1.56 1.56 1.56 1.56 1.53 1.53 1.53 1.44 1.52 1.31 1.04 1.04 1.03 1.03 1.08 1.08 0.96 1.12 1.12 1.12 1.24 1.24 1.24 1.24 1.40 1.40 1.40 1.40 1.42 1.42 1.42 1.42 1.23 1.23 1.23 1.23 1.08 1.08 1.08 1.08 1.05 1.05 0.91 1.05 1.11 1.11 1.11 1.11 1.25 1.25 0.81 0.81 0.98 0.98 0.98 0.98 0.93 0.93 0.93 0.93 0.93 0.93 0.93 0.93
1.23 1.23 1.23 1.23 1.17 1.17 1.17 1.17 1.23 1.77 1.77 1.77 1.77 1.77 1.77 1.77 1.70 1.70 1.70 1.70 1.56 1.56 1.56 1.56 1.53 1.53 1.53 1.53 1.31 0.94 0.94 0.94 1.03 1.08 1.08 1.08 1.12 1.12 1.12 1.12 1.24 1.24 1.24 1.24 1.40 1.40 1.40 1.40 1.42 1.42 1.42 1.42 1.23 1.23 1.23 1.23 1.08 1.08 1.08 1.08 1.05 1.05 0.91 1.05 1.11 1.11 1.11 1.11 1.25 1.25 0.81 0.81 0.98 0.98 0.98 0.98 0.93 0.93 0.93 0.93 0.93 0.93 0.93 0.93
1.23 1.23 1.23 1.23 1.17 1.17 1.17 1.17 1.23 1.77 1.77 1.77 1.77 1.77 1.77 1.77 1.70 1.70 1.70 1.70 1.56 1.56 1.56 1.56 1.53 1.53 1.53 1.53 1.52 1.08 1.08 1.08 1.08 1.08 1.08 1.08 1.12 1.12 1.12 1.12 1.24 1.24 1.24 1.24 1.40 1.40 1.40 1.40 1.42 1.42 1.42 1.42 1.23 1.23 1.23 1.23 1.08 1.08 1.08 1.08 1.05 1.05 1.05 1.05 1.11 1.11 1.11 1.11 1.25 1.25 0.81 0.81 0.98 0.98 0.98 0.98 0.93 0.93 0.93 0.93 0.93 0.93 0.93 0.93
0.94 0.94 0.94 0.94 0.95 0.95 0.95 0.95 1.00 1.00 1.55 1.55 1.61 1.61 1.61 1.61 1.71 1.71 1.71 1.71 1.73 1.73 1.73 1.73 1.63 1.63 1.63 1.63 1.54 1.10 1.10 1.10 0.94 1.07 1.07 1.07 1.15 1.15 1.15 1.15 1.27 1.27 1.27 1.27 1.36 1.36 1.36 1.36 1.37 1.37 1.37 1.37 1.30 1.30 1.30 1.30 1.23 1.23 1.23 1.23 1.17 1.17 1.17 1.17 1.27 1.27 1.27 1.27 1.38 1.38 0.95 0.95 1.04 1.04 1.04 1.04 1.08 1.08 1.08 1.08 1.15 1.15 1.15 1.15
0.94 0.94 0.94 0.94 0.95 0.95 0.95 0.95 1.00 1.00 1.55 1.55 1.61 1.61 1.61 1.61 1.71 1.71 1.71 1.71 1.73 1.73 1.73 1.73 1.63 1.63 1.63 1.63 1.54 1.10 1.10 0.95 0.00 0.94 1.07 1.07 1.15 1.15 1.15 1.15 1.27 1.27 1.27 1.27 1.36 1.36 1.36 1.36 1.37 1.37 1.37 1.37 1.30 1.30 1.30 1.30 1.23 1.23 1.23 1.23 1.17 1.17 1.17 1.17 1.27 1.27 1.27 1.27 1.38 1.38 0.95 0.95 1.04 1.04 1.04 1.04 1.08 1.08 1.08 1.08 1.15 1.15 1.15 1.15
0.94 0.94 0.94 0.94 0.95 0.95 0.95 0.80 1.00 1.00 1.00 1.55 1.61 1.61 1.61 1.61 1.71 1.71 1.71 1.71 1.73 1.73 1.73 1.73 1.63 1.63 1.63 1.63 1.54 1.10 0.95 1.05 0.00 1.07 1.07 1.07 1.15 1.15 1.15 1.15 1.27 1.27 1.27 1.27 1.36 1.36 1.36 1.36 1.37 1.37 1.37 1.37 1.30 1.30 1.30 1.30 1.23 1.23 1.23 1.23 1.17 1.17 1.17 1.17 1.27 1.27 1.27 1.27 1.38 1.38 0.95 0.95 1.04 1.04 1.04 1.04 1.08 1.08 1.08 1.08 1.15 1.15 1.15 1.15
0.94 0.94 0.94 0.94 0.95 0.95 0.95 0.95 1.00 1.00 1.00 1.55 1.61 1.61 1.61 1.61 1.71 1.71 1.71 1.71 1.73 1.73 1.73 1.73 1.63 1.63 1.63 1.63 1.54 1.10 1.10 1.05 0.00 1.03 1.07 0.94 1.15 1.15 1.15 1.15 1.27 1.27 1.27 1.27 1.36 1.36 1.36 1.36 1.37 1.37 1.37 1.37 1.30 1.30 1.30 1.30 1.23 1.23 1.23 1.23 1.17 1.17 1.17 1.17 1.27 1.27 1.27 1.27 1.38 1.38 0.95 0.95 1.04 1.04 1.04 1.04 1.08 1.08 1.08 1.08 1.15 1.15 1.15 1.15
0.87 0.87 0.76 0.87 0.85 0.85 0.85 0.85 0.76 0.83 0.83 0.86 1.47 1.47 1.47 1.47 1.57 1.57 1.57 1.57 1.74 1.74 0.84 1.74 1.74 1.74 1.74 1.74 1.62 1.19 1.19 1.12 0.00 0.00 0.00 0.97 1.18 1.18 1.18 1.18 1.25 1.25 1.25 1.25 1.28 1.28 1.28 1.28 1.35 1.35 1.35 1.35 1.38 1.38 1.38 1.38 1.35 1.35 1.35 1.35 1.34 1.34 1.34 1.34 1.45 1.45 1.45 1.45 1.50 1.50 1.07 1.07 1.08 1.08 1.08 1.08 1.06 1.06 1.06 1.06 1.04 1.04 1.04 1.04
0.76 0.76 0.87 0.76 0.85 0.81 0.85 0.75 0.86 0.00 0.00 0.86 1.47 1.47 1.47 1.47 1.33 1.57 1.57 1.33 1.41 1.74 1.74 1.74 1.74 1.74 1.74 1.74 1.62 1.19 1.19 1.19 1.08 0.00 1.08 1.08 1.18 1.18 1.18 1.18 1.25 1.25 1.25 1.25 1.28 1.28 1.28 1.28 1.35 1.35 1.35 1.35 1.38 1.38 1.38 1.38 1.35 1.35 1.35 1.35 1.34 1.34 1.34 1.34 1.45 1.45 1.45 1.45 1.50 1.50 1.07 1.07 1.08 1.08 1.08 1.08 1.06 1.06 1.06 1.06 1.04 1.04 1.04 1.04
0.76 0.00 0.83 0.83 0.81 0.81 0.85 0.85 0.43 0.00 0.00 0.00 1.39 1.39 1.39 0.83 1.33 1.57 0.83 1.33 1.74 1.74 1.74 1.74 1.74 1.74 1.74 1.74 1.62 1.19 1.19 1.19 1.14 0.55 0.97 0.97 1.18 1.18 1.18 1.18 1.25 1.25 1.25 1.25 1.28 1.28 1.28 1.28 1.35 1.35 1.35 1.35 1.38 1.38 1.38 1.38 1.35 1.35 1.35 1.35 1.34 1.34 1.34 1.34 1.45 1.45 1.45 1.45 1.50 1.50 1.07 1.07 1.08 1.08 1.08 1.08 1.06 1.06 1.06 1.06 1.04 1.04 1.04 1.04
0.76 0.83 0.76 0.83 0.00 0.00 0.81 0.00 0.00 0.00 0.00 0.00 0.00 0.00 1.39 1.47 1.57 1.57 1.57 1.33 1.41 1.74 1.74 1.74 1.74 1.74 1.74 1.74 1.62 1.19 1.19 1.19 1.14 1.14 1.14 0.97 0.99 1.18 1.18 1.18 1.25 1.25 1.25 1.25 1.28 1.28 1.28 1.28 1.35 1.35 1.35 1.35 1.38 1.38 1.38 1.38 1.35 1.35 1.35 1.35 1.34 1.34 1.34 1.34 1.45 1.45 1.45 1.45 1.50 1.50 1.07 1.07 1.08 1.08 1.08 1.08 1.06 1.06 1.06 1.06 1.04 1.04 1.04 1.04
0.88 0.84 0.00 0.00 0.00 0.00 0.00 0.00 0.00 0.00 0.00 0.00 0.84 1.37 1.44 1.44 1.52 1.52 1.43 1.31 0.00 1.39 1.39 1.69 1.82 1.82 0.00 1.82 1.77 1.34 1.34 1.34 1.19 1.19 1.19 0.99 1.15 1.15 1.15 1.15 1.19 1.19 1.19 1.00 1.24 1.24 1.24 1.24 1.34 1.34 1.34 1.34 1.44 1.44 1.44 1.44 1.47 1.47 1.47 1.47 1.44 1.44 1.44 1.44 1.40 1.40 1.40 1.40 1.41 1.41 0.97 0.97 0.99 0.99 0.99 0.99 0.89 0.89 0.89 0.89 0.86 0.86 0.86 0.86
0.43 0.43 0.00 0.00 0.00 0.00 0.00 0.00 0.00 0.00 0.00 0.00 0.00 0.78 1.44 1.44 1.52 1.52 1.31 1.31 1.56 1.39 1.69 1.69 1.82 0.00 0.00 0.00 1.34 1.34 1.34 1.34 1.19 1.19 1.19 1.19 0.98 0.98 1.15 1.15 1.19 1.19 1.19 1.19 1.24 1.24 1.24 1.24 1.34 1.34 1.34 1.34 1.44 1.44 1.44 1.44 1.47 1.47 1.47 1.47 1.44 1.44 1.44 1.44 1.40 1.40 1.40 1.40 1.41 1.41 0.97 0.97 0.99 0.99 0.99 0.99 0.89 0.89 0.89 0.89 0.86 0.86 0.86 0.86
0.00 0.00 0.00 0.00 0.00 0.00 0.00 0.00 0.00 0.00 0.81 0.74 0.76 0.88 1.43 1.43 1.50 1.50 1.42 1.50 1.37 1.67 1.67 1.67 0.00 0.00 0.00 0.00 0.00 1.34 1.34 1.34 1.19 1.19 1.19 1.19 1.16 1.16 1.16 1.16 1.19 1.19 1.19 1.19 1.26 1.26 1.26 1.26 1.36 1.36 1.36 1.36 1.46 1.46 1.46 1.46 1.49 1.49 1.49 1.49 1.45 1.45 1.45 1.45 1.41 1.41 1.41 1.41 1.41 1.41 0.98 0.98 0.99 0.99 0.99 0.99 0.89 0.89 0.89 0.89 0.86 0.86 0.86 0.86
0.00 0.00 0.00 0.00 0.00 0.00 0.00 0.00 0.00 0.00 0.74 0.84 0.76 0.88 1.26 1.26 1.50 1.50 1.50 1.50 1.67 1.67 1.67 1.67 0.00 0.00 0.00 0.00 0.00 1.34 1.34 1.34 1.19 1.19 1.19 1.19 1.16 1.16 1.16 1.16 1.19 1.19 1.19 1.19 1.26 1.26 1.26 1.26 1.36 1.36 1.36 1.36 1.46 1.46 1.46 1.46 1.49 1.49 1.49 1.49 1.45 1.45 1.45 1.45 1.41 1.41 1.41 1.41 1.10 1.41 0.98 0.98 0.99 0.99 0.99 0.99 0.89 0.89 0.89 0.89 0.86 0.86 0.86 0.86
0.00 0.00 0.00 0.00 0.00 0.00 0.00 0.00 0.00 0.00 0.83 0.87 0.91 0.91 0.78 1.27 1.57 1.57 1.57 1.57 1.75 1.75 1.75 0.00 0.00 0.00 0.00 0.00 0.00 1.45 1.45 1.45 1.29 1.29 1.29 1.29 1.28 1.28 1.28 1.28 1.27 1.27 1.27 1.27 1.32 1.32 1.32 1.32 1.40 1.40 1.40 1.40 1.49 1.49 1.49 1.49 1.50 1.50 1.50 1.50 1.37 1.37 1.37 1.37 1.31 1.31 1.31 1.31 0.56 1.32 0.88 0.88 0.90 0.90 0.90 0.90 0.82 0.82 0.82 0.82 0.80 0.80 0.80 0.80
0.00 0.00 0.00 0.00 0.00 0.00 0.00 0.00 0.00 0.87 0.87 0.87 0.78 0.91 0.91 1.46 1.57 1.57 1.57 1.57 1.75 1.75 1.75 1.75 0.00 0.00 0.00 0.00 0.00 1.45 1.45 1.45 1.29 1.29 1.29 1.29 1.28 1.28 1.28 1.28 1.27 1.27 1.27 1.27 1.32 1.32 1.32 1.32 1.40 1.40 1.40 1.40 1.49 1.49 1.49 1.49 1.50 1.50 1.50 1.50 1.37 1.37 1.37 1.37 1.31 1.31 1.31 1.31 1.32 1.32 0.88 0.88 0.90 0.90 0.90 0.90 0.82 0.82 0.82 0.82 0.80 0.80 0.80 0.80
0.00 0.00 0.00 0.00 0.00 0.00 0.00 0.00 0.75 0.87 0.87 0.87 0.91 0.91 0.91 0.91 1.57 1.57 1.57 1.57 1.75 1.75 1.75 1.75 0.00 0.00 0.00 0.00 0.00 0.00 1.45 1.45 1.29 1.29 1.29 1.29 1.28 1.28 1.28 1.28 1.27 1.27 1.27 1.27 1.32 1.32 1.32 1.32 1.40 1.40 1.40 1.40 1.49 1.49 1.49 1.49 1.50 1.50 1.50 1.50 1.37 1.37 1.37 1.37 1.31 1.31 1.31 1.31 1.32 1.32 0.88 0.88 0.90 0.90 0.90 0.90 0.82 0.82 0.82 0.82 0.80 0.80 0.80 0.80
0.00 0.00 0.00 0.00 0.00 0.00 0.00 0.00 0.83 0.87 0.87 0.87 0.91 0.91 0.91 0.91 1.57 1.57 1.57 1.57 1.75 1.75 0.00 0.00 0.00 0.00 0.00 0.00 0.00 0.00 1.45 1.45 0.00 1.29 1.29 0.00 0.00 0.00 1.28 1.28 1.27 1.27 1.27 1.27 1.32 1.32 1.32 1.32 1.40 1.40 1.40 1.40 1.49 1.49 1.49 1.49 1.50 1.50 1.50 1.50 1.37 1.37 1.37 1.37 1.31 1.31 1.31 1.31 1.32 1.32 0.88 0.88 0.90 0.90 0.90 0.90 0.82 0.82 0.82 0.82 0.80 0.80 0.80 0.80
0.00 0.00 0.00 0.00 0.00 0.00 0.43 0.91 0.96 0.96 0.96 0.96 1.05 1.05 1.05 1.05 1.72 1.72 1.72 1.72 1.90 0.00 0.00 0.00 0.00 0.00 0.00 0.00 0.00 0.00 0.00 0.00 0.00 0.00 0.00 0.00 0.00 1.36 1.36 1.36 1.31 1.31 1.31 1.31 1.37 1.37 1.37 1.37 1.41 1.41 1.41 1.41 1.47 1.47 1.47 1.47 1.47 1.47 1.47 1.47 1.37 1.37 1.37 1.37 1.33 1.33 1.33 1.33 1.30 1.30 0.87 0.87 0.81 0.81 0.81 0.81 0.80 0.80 0.80 0.80 0.82 0.82 0.82 0.82
0.00 0.00 0.00 0.00 0.00 0.00 0.91 0.91 0.96 0.96 0.96 0.96 1.05 1.05 1.05 1.05 1.19 1.72 1.72 1.72 1.90 0.00 0.00 0.00 0.00 0.00 0.00 0.00 0.00 0.00 0.00 0.00 0.00 0.00 0.00 0.00 0.00 0.00 0.00 1.36 1.31 1.31 1.31 1.31 1.37 1.37 1.37 1.37 1.41 1.41 1.41 1.41 1.47 1.47 1.47 1.47 1.47 1.47 1.47 1.47 1.37 1.37 1.37 1.37 1.33 1.33 1.33 1.33 1.30 1.30 0.87 0.87 0.81 0.81 0.81 0.81 0.80 0.80 0.80 0.80 0.82 0.82 0.82 0.82
0.00 0.00 0.00 0.00 0.00 0.00 0.91 0.91 0.96 0.96 0.96 0.96 1.05 1.05 1.05 1.05 1.19 1.72 1.72 0.00 0.00 0.00 0.00 0.00 0.00 0.00 0.00 0.00 0.00 0.00 0.00 0.00 0.00 0.00 0.00 0.00 0.00 0.00 0.00 1.36 1.31 1.31 1.31 1.31 1.37 1.37 1.37 1.37 1.41 1.41 1.41 1.41 1.47 1.47 1.47 1.47 1.47 1.47 1.47 1.47 1.37 1.37 1.37 1.37 1.33 1.33 1.33 1.33 1.30 1.30 0.87 0.87 0.81 0.81 0.81 0.81 0.80 0.80 0.80 0.80 0.82 0.82 0.82 0.62
0.00 0.00 0.00 0.00 0.00 0.91 0.91 0.91 0.96 0.96 0.96 0.96 1.05 1.05 1.05 1.05 0.00 0.00 0.00 0.00 0.00 0.00 0.00 0.00 0.00 0.00 0.00 0.00 0.00 0.00 0.00 0.00 0.00 0.00 0.00 0.00 1.36 1.36 1.36 1.36 1.31 1.31 1.31 1.31 1.37 1.37 1.37 1.37 1.41 1.41 1.41 1.41 1.47 1.47 1.47 1.47 1.47 1.47 1.47 1.47 1.37 1.37 1.37 1.37 1.33 1.33 1.33 1.33 1.30 1.30 0.87 0.87 0.81 0.81 0.81 0.81 0.80 0.80 0.80 0.80 0.82 0.82 0.82 0.62
0.00 0.00 0.00 0.00 0.00 0.99 0.99 0.99 1.04 1.04 1.04 1.04 1.17 1.17 1.17 1.17 1.40 1.40 1.93 0.00 0.00 0.00 0.00 0.00 0.00 0.00 0.00 0.00 0.00 0.00 1.41 0.00 0.00 0.00 0.00 0.00 1.32 1.32 1.32 1.32 1.35 1.35 1.35 1.35 1.39 1.39 1.39 1.39 1.41 1.41 1.41 1.41 1.46 1.46 1.46 1.46 1.43 1.43 1.43 1.43 1.41 1.41 1.41 1.41 1.41 1.41 1.41 1.41 1.32 1.32 0.88 0.88 0.75 0.75 0.75 0.75 0.76 0.76 0.76 0.76 0.84 0.84 0.84 0.84
0.00 0.00 0.00 0.00 0.44 0.99 0.99 0.99 1.04 0.84 1.04 1.04 1.17 1.17 1.17 1.17 1.40 1.40 1.93 1.93 1.97 0.00 0.00 1.97 1.86 0.00 0.00 0.00 0.00 0.00 0.00 0.00 0.00 0.00 1.36 1.36 1.32 1.32 1.32 1.32 1.35 1.35 1.35 1.35 1.39 1.39 1.39 1.39 1.41 1.41 1.41 1.41 1.46 1.46 1.46 1.46 1.43 1.43 1.43 1.43 1.41 1.41 1.41 1.41 1.41 1.41 1.41 1.41 1.32 1.32 0.88 0.88 0.75 0.75 0.75 0.75 0.76 0.76 0.76 0.76 0.43 0.84 0.84 0.84
0.00 0.00 0.00 0.00 0.44 0.99 0.99 0.99 0.84 0.84 1.04 1.04 1.17 1.17 1.17 1.17 1.40 1.40 1.40 1.93 1.97 1.97 1.97 1.97 1.86 1.86 0.00 0.00 0.00 0.00 0.00 0.00 0.00 0.00 0.00 1.36 1.32 1.32 1.32 1.32 1.35 1.35 1.35 1.35 1.39 1.39 1.39 1.39 1.41 1.41 1.41 1.41 1.46 1.46 1.46 1.46 1.43 1.43 1.43 1.43 1.41 1.41 1.41 1.41 1.41 1.41 1.41 1.41 1.32 1.32 0.88 0.88 0.75 0.75 0.75 0.75 0.76 0.76 0.76 0.76 0.84 0.84 0.84 0.84
0.00 0.00 0.00 0.00 0.99 0.99 0.99 0.81 0.84 0.84 0.84 0.84 1.17 1.17 1.17 1.17 1.40 1.40 1.40 1.93 1.97 1.97 1.97 1.97 1.86 1.86 1.86 0.00 0.00 0.00 0.00 0.00 0.00 0.00 0.00 0.00 1.32 1.32 1.32 1.32 1.35 1.35 1.35 1.35 1.39 1.39 1.39 1.39 1.41 1.41 1.41 1.41 1.46 1.46 1.46 1.46 1.43 1.43 1.43 1.43 1.41 1.41 1.41 1.41 1.41 1.41 1.41 1.41 1.32 1.32 0.88 0.88 0.75 0.75 0.75 0.75 0.76 0.76 0.76 0.76 0.84 0.84 0.75 0.84
0.00 0.00 0.00 0.00 0.44 0.82 0.82 0.00 0.00 0.84 1.05 1.05 1.25 1.25 1.25 1.25 1.47 1.47 1.47 1.47 1.86 1.86 1.86 1.86 1.69 1.69 1.69 1.27 1.23 1.23 0.00 0.00 0.00 0.00 0.00 0.00 1.28 1.28 1.28 1.28 1.40 1.40 1.40 1.40 1.42 1.42 1.42 1.42 1.43 1.43 1.43 1.43 1.43 1.43 1.43 1.43 1.34 1.34 1.34 1.34 1.34 1.34 1.34 1.34 1.41 1.41 1.41 1.41 1.34 1.34 0.90 0.90 0.77 0.77 0.77 0.43 0.42 0.59 0.42 0.42 0.62 0.73 0.62 0.62
0.00 0.00 0.00 0.00 0.00 0.00 0.00 0.00 0.84 0.84 1.05 1.05 1.25 1.25 1.25 1.25 1.47 1.47 1.47 1.47 1.86 1.86 1.86 1.86 1.69 1.69 1.69 1.27 1.23 1.23 0.00 0.00 1.23 0.00 0.00 0.00 1.28 1.28 1.28 1.28 1.40 1.40 1.40 1.40 1.42 1.42 1.42 1.42 1.43 1.43 1.43 1.43 1.43 1.43 1.43 1.43 1.34 1.34 1.34 1.34 1.34 1.34 1.34 1.34 1.41 1.41 1.41 1.41 1.34 1.34 0.90 0.90 0.77 0.77 0.77 0.77 0.75 0.42 0.42 0.00 0.00 0.00 0.00 0.00
0.00 0.00 0.00 0.00 0.00 0.00 0.00 0.82 1.04 1.04 1.04 1.04 1.23 1.23 1.23 1.23 1.44 1.44 1.44 1.44 1.83 1.83 1.83 1.83 1.67 1.67 1.67 1.25 1.20 1.20 1.20 1.20 1.20 1.20 1.20 0.00 1.25 1.25 1.25 1.25 1.36 1.36 1.36 1.36 1.38 1.38 1.38 1.38 1.39 1.39 1.39 1.39 1.39 1.39 1.39 1.39 1.30 1.30 1.30 1.30 1.32 1.32 1.32 1.32 1.38 1.38 1.38 1.38 1.32 1.32 0.88 0.88 0.76 0.76 0.76 0.76 0.73 0.73 0.73 0.73 0.00 0.00 0.00 0.00
0.00 0.00 0.00 0.00 0.00 0.00 0.93 1.00 0.84 1.04 1.04 1.04 1.23 1.23 1.23 1.23 1.44 1.44 1.44 1.44 1.30 1.83 1.83 1.83 1.67 1.67 1.67 1.25 1.20 1.20 1.20 1.20 1.20 1.20 1.20 0.00 1.25 1.25 1.25 1.25 1.36 1.36 1.36 1.36 1.38 1.38 1.38 1.38 1.39 1.39 1.39 1.39 1.39 1.39 1.39 1.39 1.30 1.30 1.30 1.30 1.32 1.32 1.32 1.32 1.38 1.38 1.38 1.38 1.32 1.32 0.88 0.88 0.76 0.76 0.76 0.76 0.73 0.73 0.73 0.58 0.00 0.00 0.00 0.00
0.00 0.00 0.00 0.00 0.00 0.83 1.02 1.02 1.13 1.13 1.13 1.13 1.36 1.36 1.36 1.36 1.40 1.40 1.40 1.40 1.15 1.68 1.68 1.68 1.55 1.55 1.55 1.13 1.11 0.95 1.11 1.11 1.15 1.15 1.15 1.15 1.26 1.26 1.26 1.26 1.40 1.40 1.40 1.40 1.41 1.41 1.41 1.41 1.39 1.39 1.39 1.39 1.29 1.29 1.29 1.29 1.16 1.16 1.16 1.16 1.16 1.16 1.16 1.16 1.25 1.25 1.25 1.25 1.35 1.35 0.92 0.92 0.90 0.90 0.90 0.90 0.80 0.80 0.80 0.80 0.00 0.00 0.00 0.00
0.00 0.00 0.00 0.00 0.00 1.02 1.02 1.02 1.13 1.13 1.13 1.13 1.36 1.36 1.36 1.36 1.40 1.40 1.40 1.40 1.15 1.15 1.68 1.68 1.55 1.55 1.55 1.13 1.11 0.95 1.11 1.11 1.15 1.15 1.15 1.15 1.26 1.26 1.26 1.26 1.40 1.40 1.40 1.40 1.41 1.41 1.41 1.41 1.39 1.39 1.39 1.39 1.29 1.29 1.29 1.29 1.16 1.16 1.16 1.16 1.16 1.16 1.16 1.16 1.25 1.25 1.25 1.25 1.35 1.35 0.92 0.92 0.90 0.90 0.90 0.90 0.80 0.80 0.72 0.80 0.00 0.00 0.00 0.00
0.00 0.00 0.00 0.00 0.00 0.44 0.95 0.95 1.13 1.13 1.13 1.13 1.36 1.36 1.36 1.00 1.40 1.40 1.40 1.40 1.15 1.15 1.68 1.68 1.55 1.55 1.55 1.13 1.11 1.11 1.11 1.11 1.15 1.15 1.15 1.15 1.26 1.26 1.26 1.26 1.40 1.40 1.40 1.40 1.41 1.41 1.41 1.41 1.39 1.39 1.39 1.39 1.29 1.29 1.29 1.29 1.16 1.16 1.16 1.16 1.16 1.16 1.16 1.16 1.25 1.25 1.25 1.25 1.35 1.35 0.92 0.92 0.90 0.90 0.90 0.90 0.80 0.80 0.72 0.62 0.00 0.00 0.00 0.00
0.00 0.00 0.00 0.00 0.00 0.00 0.00 0.95 1.13 1.13 1.13 1.13 1.36 1.36 1.36 1.36 1.40 1.40 1.40 1.40 1.15 1.15 1.68 1.68 1.55 1.55 1.13 1.13 1.11 1.11 1.11 1.11 1.15 1.15 1.15 1.15 1.26 1.26 1.26 1.26 1.40 1.40 1.40 1.40 1.41 1.41 1.41 1.41 1.39 1.39 1.39 1.39 1.29 1.29 1.29 1.29 1.16 1.16 1.16 1.16 1.16 1.16 1.16 1.16 1.25 1.25 1.25 1.25 1.35 1.35 0.92 0.92 0.90 0.90 0.90 0.90 0.80 0.80 0.80 0.62 0.00 0.00 0.00 0.00
