New_Model_Runs/15_Future_RCP8.5_Scn2_out/post_prcessed_with_MFR/Monthly_summaries/interception_monthly_APR.asc
NCOLS 700
NROWS 400
XLLCENTER 515000.000000
YLLCENTER 8409000.000000
CELLSIZE 50.000000
NODATA_value -999.000000
[rows 76 to 113 of 400, columns 420 to 503 of 700]
0.00 0.00 0.00 0.00 0.00 0.00 0.00 0.00 0.00 0.00 0.00 0.00 0.00 0.00 0.00 0.00 0.00 0.00 0.00 0.00 0.00 0.00 0.00 0.00 0.00 0.00 0.00 0.00 0.00 0.00 0.00 0.00 0.00 0.00 0.00 0.00 0.00 0.00 0.00 0.00 0.00 0.00 0.00 0.00 0.00 0.00 0.00 0.00 0.00 0.00 0.00 0.00 0.00 0.00 0.00 0.00 0.00 0.00 0.00 0.00 0.00 0.00 0.00 0.00 0.00 0.00 0.00 0.00 0.00 0.00 0.00 0.00 0.00 0.00 0.00 0.00 0.00 0.00 0.00 0.00 0.00 0.00 0.00 0.00
0.00 0.00 0.00 0.00 0.00 0.00 0.00 0.00 0.00 0.00 0.00 0.00 0.00 0.00 0.00 0.00 0.00 0.00 0.00 0.00 0.00 0.00 0.00 0.00 0.00 0.00 0.00 0.00 0.00 0.00 0.00 0.00 0.00 0.00 0.00 0.00 0.00 0.00 0.00 0.00 0.00 0.00 0.00 0.00 0.00 0.00 0.00 0.00 0.00 0.00 0.00 0.00 0.00 0.00 0.00 0.00 0.00 0.00 0.00 0.00 0.00 0.00 0.00 0.00 0.00 0.00 0.00 0.00 0.00 0.00 0.00 0.00 0.00 0.00 0.00 0.00 0.00 0.00 0.00 0.00 0.00 0.00 0.00 0.00
0.00 0.00 0.00 0.00 0.00 0.00 0.00 0.00 0.00 0.00 0.00 0.00 0.00 0.00 0.00 0.00 0.00 0.00 0.00 0.00 0.00 0.00 0.00 0.00 0.00 0.00 0.00 0.00 0.00 0.00 0.00 0.00 0.00 0.00 0.00 0.00 0.00 0.00 0.00 0.00 0.00 0.00 0.00 0.00 0.00 0.00 0.00 0.00 0.00 0.00 0.00 0.00 0.00 0.00 0.00 0.00 0.00 0.00 0.00 0.00 0.00 0.00 0.00 0.00 0.00 0.00 0.00 0.00 0.00 0.00 0.00 0.00 0.00 0.00 0.00 0.00 0.00 0.00 0.00 0.00 0.00 0.00 0.00 0.00
0.00 0.00 0.00 0.00 0.00 0.00 0.00 0.00 0.00 0.00 0.00 0.00 0.00 0.00 0.00 0.00 0.00 0.00 0.00 0.00 0.00 0.00 0.00 0.00 0.00 0.00 0.00 0.00 0.00 0.00 0.00 0.00 0.00 0.00 0.00 0.00 0.00 0.00 0.00 0.00 0.00 0.00 0.00 0.00 0.00 0.00 0.00 0.00 0.00 0.00 0.00 0.00 0.00 0.00 0.00 0.00 0.00 0.00 0.00 0.00 0.00 0.00 0.00 0.00 0.00 0.00 0.00 0.00 0.00 0.00 0.00 0.00 0.00 0.00 0.00 0.00 0.00 0.00 0.00 0.00 0.00 0.00 0.00 0.00
0.00 0.00 0.00 0.00 0.00 0.00 0.00 0.00 0.00 0.00 0.00 1.43 0.00 0.00 0.00 0.00 0.00 0.00 0.00 0.00 0.00 0.00 0.00 0.00 0.00 0.00 0.00 0.00 0.00 0.00 0.00 0.00 0.00 0.00 0.00 0.00 0.00 0.00 0.00 0.00 0.00 0.00 0.00 0.00 0.00 0.00 0.00 0.00 0.00 0.00 0.00 0.00 0.00 0.00 0.00 0.00 0.00 0.00 0.00 0.00 0.00 0.00 0.00 0.00 0.00 0.00 0.00 0.00 0.00 0.00 0.00 0.00 0.00 0.00 0.00 0.00 0.00 0.00 0.00 0.00 0.00 0.00 0.00 0.00
0.00 0.00 0.00 0.00 0.00 0.00 0.00 0.00 0.00 0.00 1.43 1.43 0.00 0.00 0.00 0.00 0.00 0.00 0.00 0.00 0.00 0.00 0.00 0.00 0.00 0.00 0.00 0.00 0.00 0.00 0.00 0.00 0.00 0.00 0.00 0.00 0.00 0.00 0.00 0.00 0.00 0.00 0.00 0.00 0.00 0.00 0.00 0.00 0.00 0.00 0.00 0.00 0.00 0.00 0.00 0.00 0.00 0.00 0.00 0.00 0.00 0.00 0.00 0.00 0.00 0.00 0.00 0.00 0.00 0.00 0.00 0.00 0.00 0.00 0.00 0.00 0.00 0.00 0.00 0.00 0.00 0.00 0.00 0.00
1.32 1.32 0.00 0.00 0.00 0.00 0.00 1.39 1.54 1.54 1.54 1.54 1.58 0.00 0.00 0.00 0.00 0.00 0.00 0.00 0.00 0.00 0.00 0.00 0.00 0.00 0.00 0.00 0.00 0.00 0.00 0.00 0.00 0.00 0.00 0.00 0.00 0.00 0.00 0.00 0.00 0.00 0.00 0.00 0.00 0.00 0.00 0.00 0.00 0.00 0.00 0.00 0.00 0.00 0.00 0.00 0.00 0.00 0.00 0.00 0.00 0.00 0.00 0.00 0.00 0.00 0.00 0.00 0.00 0.00 0.00 0.00 0.00 0.00 0.00 0.00 0.00 0.00 0.00 0.00 0.00 0.00 0.00 0.00
1.32 1.32 1.32 0.00 0.00 0.00 1.39 1.39 1.54 1.54 1.54 1.54 0.00 0.00 0.00 0.00 0.00 0.00 0.00 0.00 0.00 0.00 0.00 0.00 0.00 0.00 0.00 0.00 0.00 0.00 0.00 0.00 0.00 0.00 0.00 0.00 0.00 0.00 0.00 0.00 0.00 0.00 0.00 0.00 0.00 0.00 0.00 0.00 0.00 0.00 0.00 0.00 0.00 0.00 0.00 0.00 1.67 0.00 0.00 0.00 0.00 0.00 0.00 0.00 0.00 0.00 0.00 0.00 0.00 1.33 0.00 0.00 0.00 0.00 0.00 0.00 0.00 0.00 0.00 0.00 0.00 0.00 0.00 0.00
1.38 1.38 1.38 1.38 1.52 1.52 1.52 1.52 1.56 1.56 1.56 1.56 0.00 0.00 0.00 0.00 0.00 0.00 0.00 0.00 0.00 0.00 0.00 0.00 0.00 0.00 0.00 0.00 0.00 0.00 0.00 0.00 0.00 0.00 0.00 0.00 0.00 0.00 0.00 0.00 0.00 0.00 0.00 0.00 0.00 0.00 0.00 0.00 0.00 0.00 0.00 0.00 0.00 0.00 0.00 0.00 1.62 1.62 0.00 0.00 0.00 0.00 0.00 0.00 0.00 0.00 0.00 0.00 1.82 1.82 1.99 0.00 0.00 0.00 0.00 0.00 0.00 0.00 0.00 0.00 0.00 0.00 0.00 0.00
1.38 1.38 1.38 1.38 1.52 1.52 1.52 1.52 1.56 1.56 1.56 1.56 0.00 0.00 0.00 0.00 0.00 0.00 0.00 0.00 0.00 0.00 0.00 0.00 0.00 0.00 0.00 0.00 0.50 0.00 0.00 0.00 0.00 0.00 0.00 0.00 0.00 0.00 0.00 0.00 0.00 0.00 0.00 0.00 0.00 0.00 0.00 0.00 0.00 0.00 0.00 0.00 0.00 0.00 0.00 0.00 1.62 1.62 0.00 0.00 0.00 0.00 0.00 0.00 0.00 0.00 0.00 0.00 1.82 1.82 1.99 0.00 0.00 0.00 0.00 0.00 0.00 0.00 0.00 0.00 0.00 0.00 0.00 0.00
1.38 1.38 1.38 1.38 1.52 1.52 1.52 1.52 1.56 1.56 1.56 1.56 1.37 0.00 0.00 0.00 0.00 0.00 0.00 0.00 0.00 0.00 0.00 0.00 0.00 0.00 0.00 1.42 1.43 1.43 0.00 0.00 0.00 0.00 0.00 0.00 0.00 0.00 0.00 0.00 0.00 0.00 0.00 0.00 0.00 0.00 0.00 0.00 0.00 0.00 0.00 0.00 0.00 0.00 0.00 0.00 1.62 1.62 1.24 0.00 0.00 0.00 0.00 0.00 0.00 0.00 0.00 1.72 1.82 1.82 1.99 1.99 0.00 0.00 0.00 0.00 0.00 0.00 0.00 0.00 0.00 1.96 1.96 0.00
1.38 1.38 1.38 1.38 1.52 1.52 1.52 1.52 1.56 1.56 1.56 1.56 1.37 0.00 0.00 0.00 0.00 0.00 0.00 0.00 0.00 0.00 0.00 0.00 0.00 0.00 1.42 1.42 1.43 1.43 0.00 0.00 0.00 0.00 0.00 0.00 0.00 0.00 0.00 0.00 0.00 0.00 0.00 0.00 0.00 0.65 0.00 0.00 0.00 0.00 0.00 0.00 0.00 0.00 0.00 0.00 1.24 1.62 1.62 1.62 1.73 0.00 0.00 1.73 1.72 1.72 0.00 1.72 1.82 1.82 1.99 1.99 1.99 0.00 0.00 0.00 0.00 0.00 0.00 0.00 1.96 1.96 1.96 1.96
1.45 1.45 1.45 1.45 1.55 1.55 1.55 1.55 1.38 1.38 1.38 1.38 1.17 0.00 0.00 0.00 0.00 0.00 0.00 0.00 0.00 0.00 0.00 0.00 0.00 0.00 1.41 1.41 1.40 0.00 0.00 0.00 0.00 0.00 0.00 0.00 0.00 0.00 0.00 0.00 0.00 0.00 0.00 0.00 0.00 1.48 1.48 1.48 0.00 0.00 0.00 0.00 0.00 0.00 0.00 0.00 1.59 1.59 1.59 1.59 1.75 1.75 1.75 1.75 1.81 1.81 1.81 1.81 1.82 1.82 1.99 1.99 1.86 0.00 0.00 0.00 0.00 0.00 0.00 1.88 1.96 1.96 1.96 1.96
1.45 1.45 1.45 1.45 1.55 1.55 1.55 1.55 1.38 1.38 1.38 1.38 1.17 0.00 0.00 0.00 0.00 0.00 0.00 0.00 0.00 0.00 0.00 0.00 0.00 1.41 1.41 1.41 1.40 0.00 0.00 0.00 0.00 0.00 0.00 0.00 0.00 0.00 0.00 0.00 0.00 0.00 0.00 0.00 0.00 1.48 1.48 1.48 1.43 1.43 0.00 0.00 0.00 0.00 0.00 0.00 1.59 1.59 1.59 1.59 1.75 1.75 1.75 1.75 1.81 1.81 1.81 1.81 1.82 1.82 1.99 1.99 1.86 1.86 0.00 0.00 0.00 0.00 1.88 1.88 1.96 1.96 1.96 1.96
1.45 1.45 1.45 1.45 1.55 1.55 1.55 1.55 1.38 1.38 1.38 1.38 1.17 0.00 0.00 0.00 0.00 0.00 0.00 0.00 0.00 1.28 1.28 1.28 1.41 1.41 1.41 1.41 0.00 0.00 0.00 0.00 0.00 0.00 0.00 0.00 0.00 0.00 0.00 0.00 0.00 0.00 0.00 0.00 0.00 1.48 1.48 1.48 1.43 1.43 0.00 0.00 0.00 0.00 0.00 0.00 0.00 1.59 1.59 1.59 1.75 1.75 1.75 1.75 1.81 1.81 1.81 1.81 1.82 1.82 1.99 1.99 1.86 1.86 1.86 1.86 0.00 1.88 1.88 1.88 1.96 1.96 1.96 1.96
1.45 1.45 1.45 1.45 1.55 1.55 1.55 1.55 1.38 1.38 1.38 1.38 1.17 1.17 0.00 0.00 0.00 0.00 0.00 1.20 1.28 1.28 1.28 1.28 1.27 1.27 1.41 1.41 0.00 0.00 0.00 0.00 0.00 0.00 0.00 0.00 0.00 0.00 0.00 0.00 0.00 0.00 0.00 0.00 0.00 1.48 1.48 1.48 1.43 0.00 0.00 0.00 0.00 0.00 0.00 0.00 1.59 1.59 1.59 1.59 1.75 1.75 1.75 1.75 1.81 1.81 1.81 1.81 1.82 1.82 1.99 1.99 1.86 1.86 1.86 1.86 1.88 1.88 1.88 1.88 1.96 1.96 1.96 1.96
1.48 1.48 1.48 1.48 1.49 1.49 1.49 1.49 1.24 1.24 1.24 1.24 1.11 1.11 0.00 0.00 0.00 0.00 0.00 1.14 1.34 1.34 1.34 1.34 1.36 1.36 1.36 0.00 0.00 0.00 0.00 0.00 0.00 0.00 0.00 0.00 0.00 0.00 0.00 0.00 0.00 0.00 0.00 0.00 0.00 1.41 1.41 1.41 0.00 0.00 0.00 0.00 0.00 0.00 0.00 0.00 1.61 1.61 1.61 1.61 1.88 1.88 1.88 1.88 1.91 1.91 1.91 1.91 1.73 1.73 1.90 1.90 1.74 1.74 1.74 1.74 1.73 1.73 1.73 1.73 1.75 1.75 1.75 1.75
1.48 1.48 1.48 1.48 1.49 1.49 1.49 1.49 1.24 1.24 1.24 1.24 1.11 1.11 1.11 0.00 0.00 0.00 0.00 1.14 1.34 1.34 1.34 1.34 1.36 1.36 1.36 0.00 0.00 0.00 0.00 0.00 0.00 0.00 0.00 0.00 0.00 0.00 0.00 0.00 0.00 0.00 0.00 0.00 0.00 0.00 1.41 1.41 0.00 0.00 0.00 0.00 0.00 0.00 0.00 1.10 1.61 1.61 1.61 1.61 1.88 1.88 1.88 1.88 1.91 1.91 1.91 1.91 1.73 1.73 1.90 1.90 1.74 1.74 1.74 1.74 1.73 1.73 1.73 1.73 1.75 1.75 1.75 1.75
1.48 1.48 1.48 1.48 1.49 1.49 1.49 1.49 1.24 1.24 1.24 1.24 1.11 1.11 1.11 1.11 0.00 1.14 1.14 1.14 1.34 1.34 1.34 1.34 1.36 1.36 1.36 0.00 0.00 0.00 0.00 0.00 0.00 0.00 0.00 0.00 0.00 0.00 0.00 0.00 0.00 0.00 0.00 0.00 0.00 0.00 1.41 1.41 1.35 1.35 0.00 0.00 0.00 0.00 1.33 1.33 1.61 1.61 1.61 1.61 1.88 1.88 1.88 1.88 1.91 1.91 1.91 1.91 1.73 1.73 1.90 1.90 1.74 1.74 1.74 1.74 1.43 1.43 1.43 1.43 1.75 0.00 0.00 0.00
1.48 1.48 1.48 1.48 1.49 1.49 1.49 1.49 1.24 1.24 1.24 1.24 1.11 1.11 1.11 1.11 0.00 0.00 1.14 1.14 1.34 1.34 1.34 1.34 1.36 1.36 1.36 0.00 0.00 0.00 0.00 0.00 0.00 0.00 0.00 0.00 0.00 0.00 0.00 0.00 0.00 0.00 0.00 0.00 0.00 0.00 1.41 0.00 1.35 1.35 1.35 1.35 1.33 1.33 1.33 1.33 1.61 1.61 1.61 1.61 1.88 1.88 1.88 1.88 1.91 1.91 1.91 1.91 1.73 1.73 1.90 1.90 1.74 1.74 1.43 0.75 0.00 0.00 0.00 0.00 0.00 0.00 0.00 0.00
1.42 1.42 1.42 1.42 1.52 1.52 1.52 1.52 1.29 1.29 1.29 1.29 1.09 1.09 1.09 1.09 0.00 0.00 1.06 1.14 1.37 1.37 1.37 1.37 1.28 1.19 1.19 0.00 0.00 0.00 0.00 0.00 0.00 0.00 0.00 0.00 0.00 0.00 0.00 0.00 0.00 0.00 0.00 0.00 0.00 0.00 1.13 0.00 1.38 1.38 1.38 1.38 1.47 1.47 1.47 1.47 1.80 1.80 1.80 1.80 1.87 1.87 1.87 1.87 1.66 1.66 1.66 1.66 1.43 1.43 1.60 1.60 1.53 1.53 1.32 0.00 0.00 0.00 0.00 0.00 0.00 0.00 0.00 0.00
1.42 1.42 1.42 1.42 1.52 1.52 1.52 1.52 1.29 1.29 1.29 1.29 1.09 1.09 1.09 1.01 1.06 1.06 1.14 1.14 1.37 1.37 1.37 1.37 1.19 1.19 1.19 0.00 0.00 0.00 0.00 0.00 0.00 0.00 0.00 0.00 0.00 0.00 0.00 0.00 0.00 0.00 0.00 0.00 0.00 1.40 1.40 0.00 1.38 1.38 1.38 1.38 1.47 1.47 1.47 1.47 1.80 1.80 1.80 1.80 1.87 1.87 1.87 1.87 1.66 1.66 1.66 1.66 1.43 1.43 1.60 1.49 1.43 1.53 0.00 0.00 0.00 0.00 0.00 0.00 0.00 0.00 0.00 0.00
1.50 1.50 1.50 1.50 1.62 1.62 1.62 1.62 1.35 1.35 1.35 1.35 1.13 1.13 1.05 1.05 1.19 1.10 1.19 1.19 1.45 1.45 1.36 1.36 1.25 1.12 1.25 0.00 0.00 0.00 0.00 0.00 0.00 0.00 0.00 0.00 0.00 0.00 0.00 0.00 0.00 0.00 0.00 0.00 1.45 1.45 1.45 1.45 1.43 1.43 1.43 1.43 1.53 1.53 1.53 1.53 1.90 1.90 1.90 1.90 1.97 1.97 1.97 1.97 1.74 1.74 1.74 1.74 1.48 1.48 1.65 1.65 1.57 0.77 0.00 0.00 0.00 0.00 0.00 0.00 0.00 0.00 0.00 0.00
1.50 1.50 1.50 1.50 1.62 1.62 1.62 1.62 1.35 1.35 1.35 1.35 1.13 1.13 1.13 1.13 1.10 1.10 1.19 1.19 1.36 1.36 1.36 1.36 1.25 1.25 1.25 0.00 0.00 0.00 0.00 0.00 0.00 0.00 0.00 0.00 0.00 0.00 0.00 0.00 0.00 0.00 0.00 0.00 1.45 1.45 0.00 1.45 1.43 1.43 1.43 1.43 1.53 1.53 1.53 1.53 1.90 1.90 1.90 1.90 1.97 1.97 1.97 1.97 1.74 1.74 1.74 1.74 1.48 1.48 1.65 1.65 0.00 0.00 0.00 0.00 0.00 0.00 0.00 0.00 0.00 0.00 0.00 0.00
1.48 1.48 1.48 1.48 1.64 1.64 1.64 1.64 1.36 1.36 1.36 1.36 1.14 1.14 1.14 1.14 1.33 1.33 1.33 1.24 1.39 1.39 1.39 1.39 1.11 1.11 0.00 0.00 0.00 0.00 0.00 0.00 0.00 0.00 0.00 0.00 0.00 0.00 0.00 0.00 0.00 0.00 0.00 1.40 1.48 1.48 0.00 0.00 1.54 1.54 1.54 1.54 1.86 1.86 1.86 1.86 1.90 1.90 1.90 1.90 1.59 1.59 1.59 1.59 1.41 1.41 1.41 1.41 1.35 1.12 0.77 0.00 0.00 0.00 0.00 0.00 0.00 0.00 0.00 0.00 0.00 0.00 0.00 0.00
1.48 1.48 1.48 1.48 1.64 1.64 1.64 1.64 1.36 1.36 1.36 1.36 1.14 1.14 1.14 1.14 1.33 1.24 1.24 1.24 1.39 1.39 1.39 1.39 1.11 1.11 0.00 0.00 0.00 0.00 0.00 0.00 0.00 0.00 0.00 1.31 1.33 1.33 0.00 0.00 1.40 1.40 1.40 1.40 1.48 0.00 0.00 0.00 1.54 1.54 1.54 1.54 1.86 1.86 1.86 1.86 1.90 1.90 1.90 1.90 1.59 1.59 1.59 1.59 1.41 1.41 1.41 1.14 1.12 0.00 0.00 0.00 0.00 0.00 0.00 0.00 0.00 0.00 0.00 0.00 0.00 0.00 0.00 0.00
1.48 1.48 1.48 1.48 1.64 1.64 1.64 1.64 1.36 1.36 1.36 1.36 1.14 1.14 1.14 1.04 1.24 1.24 1.24 1.24 1.39 1.39 1.39 1.39 1.11 1.11 0.00 0.00 0.00 0.00 0.00 0.00 0.00 0.00 0.00 1.31 1.33 1.33 1.33 1.33 1.40 1.40 1.40 1.40 0.00 0.00 0.00 0.00 1.54 1.54 1.54 1.54 1.86 1.86 1.86 1.86 1.90 1.90 1.90 1.90 1.59 1.59 1.59 1.59 1.41 1.41 1.41 0.67 0.00 0.00 0.00 0.00 0.00 0.00 0.00 0.00 0.00 0.00 0.00 0.00 0.00 0.00 0.00 0.00
1.48 1.48 1.48 1.48 1.64 1.64 1.64 1.64 1.36 1.36 1.36 1.36 1.14 1.04 1.04 1.04 1.24 1.24 1.24 1.24 1.39 1.39 1.39 1.39 1.11 1.11 0.00 0.00 0.00 0.00 0.00 0.00 0.00 0.00 0.00 1.31 1.33 1.33 1.33 1.33 1.40 1.40 1.40 1.40 0.00 1.48 1.48 1.48 1.54 1.54 1.54 1.54 1.86 1.86 1.86 1.86 1.90 1.90 1.90 1.90 1.59 1.59 1.59 1.59 1.14 1.30 1.41 0.00 0.00 0.00 0.00 0.00 0.00 0.00 0.00 0.00 0.00 0.00 0.00 0.00 0.00 0.00 0.00 0.00
1.55 1.55 1.55 1.55 1.56 1.56 1.56 1.56 1.41 1.41 1.41 1.41 1.30 1.30 1.30 1.30 1.45 1.45 1.45 1.45 1.24 1.24 1.24 1.24 0.96 0.96 0.00 0.00 0.00 0.00 0.00 0.00 0.00 0.00 1.22 1.05 1.12 1.26 1.35 1.35 1.50 1.50 1.50 1.50 1.56 1.56 1.56 1.56 1.72 1.72 1.72 1.72 1.86 1.86 1.86 1.86 1.51 1.51 1.51 1.51 1.26 1.26 1.19 1.19 0.66 1.26 0.00 0.00 0.00 0.00 0.00 0.00 0.00 0.00 0.00 0.00 0.00 0.77 0.00 0.00 0.00 0.00 0.00 0.00
1.55 1.55 1.55 1.55 1.56 1.56 1.56 1.56 1.41 1.41 1.31 1.31 1.30 1.30 1.30 1.30 1.45 1.45 1.45 1.45 1.24 1.24 1.24 1.24 0.96 0.96 0.96 0.00 0.00 0.00 0.00 0.00 0.00 0.00 0.00 1.05 1.35 1.35 1.35 1.35 1.50 1.50 1.50 1.50 1.56 1.56 1.56 1.56 1.72 1.72 1.72 1.72 1.86 1.86 1.86 1.86 1.51 1.51 1.51 1.51 1.26 1.26 1.19 0.00 1.26 1.26 1.26 0.00 0.00 0.00 0.00 0.00 0.00 0.00 0.00 1.36 1.53 1.65 1.38 1.38 0.00 0.00 0.00 0.00
1.55 1.55 1.55 1.55 1.56 1.56 1.56 1.56 1.31 1.31 1.31 1.31 1.30 1.30 1.30 1.30 1.45 1.45 1.45 1.45 1.24 1.24 1.24 1.24 0.96 0.96 0.90 0.00 0.00 0.00 0.00 0.00 0.00 0.00 0.00 0.00 1.12 1.26 1.35 1.35 1.50 1.50 1.50 1.50 1.56 1.56 1.56 1.56 1.72 1.72 1.72 1.72 1.86 1.86 1.86 1.86 1.51 1.51 1.51 1.51 1.26 1.19 1.07 1.26 1.26 1.26 1.07 1.26 0.00 0.00 0.00 0.00 1.49 1.49 1.49 1.36 1.65 1.65 1.65 1.65 1.35 1.35 0.76 0.00
1.55 1.55 1.55 1.55 1.56 1.56 1.56 1.46 1.31 1.31 1.31 1.31 1.30 1.30 1.30 1.30 1.45 1.45 1.45 1.45 1.24 1.24 1.24 0.96 0.96 0.90 0.00 0.00 0.00 0.00 0.00 0.00 0.00 0.00 0.00 1.16 1.26 1.35 1.35 1.35 1.50 1.50 1.50 1.50 1.56 1.56 1.56 1.56 1.72 1.72 1.72 1.72 1.86 1.86 1.86 1.86 1.51 1.51 1.51 1.51 1.07 0.00 0.66 1.26 1.07 0.66 1.07 1.07 1.24 1.10 1.42 1.31 1.49 1.60 1.60 1.60 1.65 1.65 1.65 1.65 1.58 1.58 1.48 0.00
1.60 1.60 1.60 1.60 1.57 1.48 1.48 1.48 1.44 1.44 1.44 1.44 1.51 1.51 1.51 1.51 1.35 1.35 1.35 1.35 0.98 0.98 0.98 0.98 0.82 0.82 0.00 0.00 0.00 0.00 0.00 0.00 0.00 0.00 1.04 1.04 1.22 1.30 1.30 1.30 1.52 1.52 1.52 1.52 1.69 1.69 1.69 1.69 1.79 1.79 1.79 1.79 1.61 1.61 1.61 1.61 1.24 1.24 1.24 1.24 1.01 0.00 0.00 1.01 0.65 1.21 1.21 1.21 1.27 1.27 1.54 1.33 1.71 1.71 1.71 1.71 1.75 1.75 1.75 1.75 1.52 1.52 1.32 1.43
1.32 1.32 1.32 1.32 1.29 1.48 1.48 1.48 1.44 1.44 1.44 1.44 1.51 1.51 1.51 1.51 1.35 1.35 1.35 1.35 0.98 0.98 0.98 0.98 0.82 0.82 0.00 0.00 0.00 0.00 0.00 0.00 0.00 0.00 0.00 1.14 1.22 1.22 1.30 1.30 1.52 1.52 1.52 1.52 1.69 1.69 1.69 1.69 1.79 1.79 1.79 1.79 1.61 1.61 1.61 1.61 1.24 1.24 1.24 1.18 0.00 0.00 0.00 0.00 0.00 1.21 1.21 1.21 1.36 1.36 1.54 1.54 1.42 1.71 1.71 1.71 1.75 1.75 1.75 1.75 1.52 1.52 1.52 1.52
1.32 1.32 1.32 1.32 1.29 1.29 1.48 1.48 1.44 1.44 1.44 1.44 1.51 1.51 1.51 1.51 1.35 1.35 1.35 1.35 0.98 0.98 0.98 0.98 0.86 0.82 0.00 0.00 0.00 0.00 0.00 0.00 0.00 0.00 0.00 1.04 1.22 1.22 1.30 1.30 1.52 1.52 1.52 1.52 1.69 1.69 1.69 1.69 1.79 1.79 1.79 1.79 1.61 1.61 1.61 1.61 1.24 1.24 1.06 0.00 0.00 0.00 1.01 0.00 1.15 0.65 0.65 1.21 1.36 1.36 1.54 1.54 1.71 1.71 1.71 1.71 1.75 1.75 1.75 1.75 1.52 1.52 1.52 1.52
1.32 1.32 1.32 1.32 1.29 1.29 1.48 1.48 1.44 1.44 1.44 1.44 1.51 1.51 1.51 1.51 1.35 1.35 1.35 1.35 0.98 0.98 0.98 0.98 0.86 0.82 0.00 0.00 0.00 0.00 0.00 0.00 1.14 0.00 0.65 1.19 1.30 1.09 1.30 1.30 1.52 1.52 1.52 1.52 1.69 1.69 1.69 1.69 1.79 1.79 1.79 1.79 1.61 1.61 1.61 1.61 1.24 1.24 1.06 0.00 0.00 0.00 0.00 0.00 1.15 0.00 0.65 0.65 1.36 1.36 1.54 1.54 1.71 1.71 1.71 1.71 1.75 1.75 1.75 1.75 1.52 1.52 1.52 1.52
1.38 1.38 1.38 1.38 1.31 1.31 1.31 1.49 1.51 1.51 1.51 1.51 1.44 1.44 1.44 1.44 1.16 1.16 1.16 1.16 0.88 0.88 0.88 0.88 0.84 0.84 0.80 0.00 0.00 0.00 0.00 1.11 1.22 1.16 1.22 1.22 1.31 1.31 1.31 1.31 1.50 1.50 1.50 1.50 1.72 1.72 1.72 1.72 1.70 1.70 1.70 1.70 1.38 1.38 1.38 1.38 1.14 1.14 1.10 1.01 0.65 0.65 0.65 1.00 0.00 0.65 0.65 0.00 0.67 1.39 1.57 1.57 1.82 1.82 1.82 1.82 1.74 1.74 1.74 1.74 1.52 1.52 1.52 1.52
1.38 1.38 1.38 1.38 1.31 1.31 1.31 1.49 1.51 1.51 1.51 1.51 1.44 1.44 1.44 1.44 1.16 1.16 1.16 1.16 0.88 0.88 0.88 0.83 0.84 0.84 0.84 0.00 0.00 0.00 0.00 1.11 1.22 1.22 1.22 1.22 1.31 1.31 1.31 1.31 1.50 1.50 1.50 1.50 1.72 1.72 1.72 1.72 1.70 1.70 1.70 1.70 1.38 1.38 1.38 1.38 1.14 1.01 1.01 0.00 0.65 1.00 1.00 1.12 0.65 0.00 0.65 0.00 0.00 1.39 1.57 1.57 1.82 1.82 1.82 1.82 1.74 1.74 1.74 1.74 1.52 1.52 1.52 1.52
