New_Model_Runs/15_Future_RCP8.5_Scn2_out/post_prcessed_with_MFR/Monthly_summaries/interception_monthly_NOV.asc
NCOLS 700
NROWS 400
XLLCENTER 515000.000000
YLLCENTER 8409000.000000
CELLSIZE 50.000000
NODATA_value -999.000000
[rows 114 to 151 of 400, columns 420 to 503 of 700]
1.66 1.66 1.66 1.66 1.57 1.57 1.57 2.08 2.09 2.09 2.09 2.09 2.01 2.01 2.01 2.01 1.68 1.68 1.68 1.68 1.37 1.37 1.25 1.25 1.33 1.33 1.22 0.00 0.00 0.00 0.00 0.70 0.74 0.74 0.92 0.92 1.03 1.03 1.03 1.03 1.25 1.25 1.25 1.25 1.50 1.50 1.50 1.50 1.49 1.49 1.49 1.49 1.10 1.10 1.10 1.10 0.83 0.69 0.00 0.00 0.67 0.67 0.80 0.80 0.87 0.00 0.51 0.51 0.53 0.53 0.87 1.11 1.41 1.41 1.41 1.41 1.30 1.30 1.30 1.30 1.06 1.06 1.06 1.06
1.66 1.66 1.66 1.66 1.57 1.57 1.57 1.57 2.09 2.09 2.09 2.09 2.01 2.01 2.01 2.01 1.68 1.68 1.68 1.68 1.37 1.37 1.37 1.37 1.33 1.22 1.22 1.33 1.25 0.00 0.00 0.00 0.92 0.92 0.84 0.92 1.03 1.03 1.03 1.03 1.25 1.25 1.25 1.25 1.50 1.50 1.50 1.50 1.49 1.49 1.49 1.49 1.10 1.10 1.10 1.10 0.69 0.00 0.00 0.00 0.00 0.80 0.80 0.80 0.87 0.51 0.51 0.51 0.53 0.53 0.64 1.11 1.41 1.41 1.41 1.41 1.30 1.30 1.30 1.30 1.06 1.06 1.06 1.06
1.35 1.35 1.35 1.35 1.26 1.26 1.26 1.26 1.86 1.86 1.86 1.86 1.83 1.83 1.83 1.83 1.72 1.72 1.72 1.72 1.50 1.50 1.50 1.50 1.46 1.46 1.46 1.46 1.44 1.44 0.00 0.00 0.83 0.83 0.83 0.91 0.97 0.97 0.97 0.97 1.15 1.15 1.15 1.15 1.42 1.42 1.42 1.42 1.45 1.45 1.45 1.45 1.14 1.14 1.14 1.14 0.92 0.74 0.74 0.74 0.71 0.71 0.87 0.87 0.98 0.98 0.98 0.98 0.88 0.53 0.65 1.20 1.45 1.45 1.45 1.45 1.38 1.38 1.38 1.38 1.37 1.37 1.37 1.37
1.35 1.35 1.35 1.35 1.26 1.26 1.26 1.26 1.36 1.86 1.86 1.86 1.83 1.83 1.83 1.83 1.72 1.72 1.72 1.72 1.50 1.50 1.50 1.50 1.46 1.46 1.46 1.39 1.44 1.28 0.84 0.84 0.83 0.83 0.91 0.91 0.77 0.97 0.97 0.97 1.15 1.15 1.15 1.15 1.42 1.42 1.42 1.42 1.45 1.45 1.45 1.45 1.14 1.14 1.14 1.14 0.92 0.92 0.92 0.92 0.87 0.87 0.71 0.87 0.98 0.98 0.98 0.98 1.19 1.19 1.20 1.20 1.45 1.45 1.45 1.45 1.38 1.38 1.38 1.38 1.37 1.37 1.37 1.37
1.35 1.35 1.35 1.35 1.26 1.26 1.26 1.26 1.36 1.86 1.86 1.86 1.83 1.83 1.83 1.83 1.72 1.72 1.72 1.72 1.50 1.50 1.50 1.50 1.46 1.46 1.46 1.46 1.28 0.74 0.74 0.74 0.83 0.91 0.91 0.91 0.97 0.97 0.97 0.97 1.15 1.15 1.15 1.15 1.42 1.42 1.42 1.42 1.45 1.45 1.45 1.45 1.14 1.14 1.14 1.14 0.92 0.92 0.92 0.92 0.87 0.87 0.71 0.87 0.98 0.98 0.98 0.98 1.19 1.19 1.20 1.20 1.45 1.45 1.45 1.45 1.38 1.38 1.38 1.38 1.37 1.37 1.37 1.37
1.35 1.35 1.35 1.35 1.26 1.26 1.26 1.26 1.36 1.86 1.86 1.86 1.83 1.83 1.83 1.83 1.72 1.72 1.72 1.72 1.50 1.50 1.50 1.50 1.46 1.46 1.46 1.46 1.44 0.92 0.92 0.92 0.91 0.91 0.91 0.91 0.97 0.97 0.97 0.97 1.15 1.15 1.15 1.15 1.42 1.42 1.42 1.42 1.45 1.45 1.45 1.45 1.14 1.14 1.14 1.14 0.92 0.92 0.92 0.92 0.87 0.87 0.87 0.87 0.98 0.98 0.98 0.98 1.19 1.19 1.20 1.20 1.45 1.45 1.45 1.45 1.38 1.38 1.38 1.38 1.37 1.37 1.37 1.37
0.89 0.89 0.89 0.89 0.91 0.91 0.91 0.91 0.99 0.99 1.50 1.50 1.59 1.59 1.59 1.59 1.74 1.74 1.74 1.74 1.77 1.77 1.77 1.77 1.61 1.61 1.61 1.61 1.47 0.95 0.95 0.95 0.73 0.91 0.91 0.91 1.02 1.02 1.02 1.02 1.20 1.20 1.20 1.20 1.35 1.35 1.35 1.35 1.37 1.37 1.37 1.37 1.26 1.26 1.26 1.26 1.14 1.14 1.14 1.14 1.06 1.06 1.06 1.06 1.22 1.22 1.22 1.22 1.40 1.40 1.41 1.41 1.54 1.54 1.54 1.54 1.60 1.60 1.60 1.60 1.71 1.71 1.71 1.71
0.89 0.89 0.89 0.89 0.91 0.91 0.91 0.91 0.99 0.99 1.50 1.50 1.59 1.59 1.59 1.59 1.74 1.74 1.74 1.74 1.77 1.77 1.77 1.77 1.61 1.61 1.61 1.61 1.47 0.95 0.95 0.76 0.00 0.73 0.91 0.91 1.02 1.02 1.02 1.02 1.20 1.20 1.20 1.20 1.35 1.35 1.35 1.35 1.37 1.37 1.37 1.37 1.26 1.26 1.26 1.26 1.14 1.14 1.14 1.14 1.06 1.06 1.06 1.06 1.22 1.22 1.22 1.22 1.40 1.40 1.41 1.41 1.54 1.54 1.54 1.54 1.60 1.60 1.60 1.60 1.71 1.71 1.71 1.71
0.89 0.89 0.89 0.89 0.91 0.91 0.91 0.76 0.99 0.99 0.99 1.50 1.59 1.59 1.59 1.59 1.74 1.74 1.74 1.74 1.77 1.77 1.77 1.77 1.61 1.61 1.61 1.61 1.47 0.95 0.76 0.87 0.00 0.91 0.91 0.91 1.02 1.02 1.02 1.02 1.20 1.20 1.20 1.20 1.35 1.35 1.35 1.35 1.37 1.37 1.37 1.37 1.26 1.26 1.26 1.26 1.14 1.14 1.14 1.14 1.06 1.06 1.06 1.06 1.22 1.22 1.22 1.22 1.40 1.40 1.41 1.41 1.54 1.54 1.54 1.54 1.60 1.60 1.60 1.60 1.71 1.71 1.71 1.71
0.89 0.89 0.89 0.89 0.91 0.91 0.91 0.91 0.99 0.99 0.99 1.50 1.59 1.59 1.59 1.59 1.74 1.74 1.74 1.74 1.77 1.77 1.77 1.77 1.61 1.61 1.61 1.61 1.47 0.95 0.95 0.87 0.00 0.83 0.91 0.73 1.02 1.02 1.02 1.02 1.20 1.20 1.20 1.20 1.35 1.35 1.35 1.35 1.37 1.37 1.37 1.37 1.26 1.26 1.26 1.26 1.14 1.14 1.14 1.14 1.06 1.06 1.06 1.06 1.22 1.22 1.22 1.22 1.40 1.40 1.41 1.41 1.54 1.54 1.54 1.54 1.60 1.60 1.60 1.60 1.71 1.71 1.71 1.71
0.79 0.79 0.70 0.79 0.75 0.75 0.75 0.75 0.69 0.74 0.74 0.77 1.36 1.36 1.36 1.36 1.52 1.52 1.52 1.52 1.78 1.78 0.79 1.78 1.79 1.79 1.79 1.79 1.60 1.08 1.08 0.97 0.00 0.00 0.00 0.78 1.07 1.07 1.07 1.07 1.17 1.17 1.17 1.17 1.23 1.23 1.23 1.23 1.34 1.34 1.34 1.34 1.38 1.38 1.38 1.38 1.33 1.33 1.33 1.33 1.34 1.34 1.34 1.34 1.50 1.50 1.50 1.50 1.58 1.58 1.58 1.58 1.61 1.61 1.61 1.61 1.57 1.57 1.57 1.57 1.55 1.55 1.55 1.55
0.70 0.70 0.79 0.70 0.75 0.72 0.75 0.68 0.77 0.00 0.00 0.77 1.36 1.36 1.36 1.36 1.32 1.52 1.52 1.32 1.45 1.78 1.78 1.78 1.79 1.79 1.79 1.79 1.60 1.08 1.08 1.08 0.91 0.00 0.91 0.91 1.07 1.07 1.07 1.07 1.17 1.17 1.17 1.17 1.23 1.23 1.23 1.23 1.34 1.34 1.34 1.34 1.38 1.38 1.38 1.38 1.33 1.33 1.33 1.33 1.34 1.34 1.34 1.34 1.50 1.50 1.50 1.50 1.58 1.58 1.58 1.58 1.61 1.61 1.61 1.61 1.57 1.57 1.57 1.57 1.55 1.55 1.55 1.55
0.70 0.00 0.75 0.75 0.72 0.72 0.75 0.75 0.54 0.00 0.00 0.00 1.31 1.31 1.31 0.76 1.32 1.52 0.77 1.32 1.78 1.78 1.78 1.78 1.79 1.79 1.79 1.79 1.60 1.08 1.08 1.08 1.00 0.53 0.78 0.78 1.07 1.07 1.07 1.07 1.17 1.17 1.17 1.17 1.23 1.23 1.23 1.23 1.34 1.34 1.34 1.34 1.38 1.38 1.38 1.38 1.33 1.33 1.33 1.33 1.34 1.34 1.34 1.34 1.50 1.50 1.50 1.50 1.58 1.58 1.58 1.58 1.61 1.61 1.61 1.61 1.57 1.57 1.57 1.57 1.55 1.55 1.55 1.55
0.70 0.75 0.70 0.75 0.00 0.00 0.72 0.00 0.00 0.00 0.00 0.00 0.00 0.00 1.31 1.36 1.52 1.52 1.52 1.32 1.45 1.78 1.78 1.78 1.79 1.79 1.79 1.79 1.60 1.08 1.08 1.08 1.00 1.00 1.00 0.78 0.81 1.07 1.07 1.07 1.17 1.17 1.17 1.17 1.23 1.23 1.23 1.23 1.34 1.34 1.34 1.34 1.38 1.38 1.38 1.38 1.33 1.33 1.33 1.33 1.34 1.34 1.34 1.34 1.50 1.50 1.50 1.50 1.58 1.58 1.58 1.58 1.61 1.61 1.61 1.61 1.57 1.57 1.57 1.57 1.55 1.55 1.55 1.55
0.80 0.75 0.00 0.00 0.00 0.00 0.00 0.00 0.00 0.00 0.00 0.00 0.76 1.28 1.32 1.32 1.44 1.44 1.37 1.28 0.00 1.42 1.42 1.70 1.91 1.91 0.00 1.91 1.82 1.31 1.31 1.31 1.08 1.08 1.08 0.82 1.03 1.03 1.03 1.03 1.08 1.08 1.08 0.82 1.17 1.17 1.17 1.17 1.32 1.32 1.32 1.32 1.47 1.47 1.47 1.47 1.52 1.52 1.52 1.52 1.49 1.49 1.49 1.49 1.42 1.42 1.42 1.42 1.44 1.44 1.44 1.44 1.46 1.46 1.46 1.46 1.32 1.32 1.32 1.32 1.27 1.27 1.27 1.27
0.55 0.55 0.00 0.00 0.00 0.00 0.00 0.00 0.00 0.00 0.00 0.00 0.00 0.71 1.32 1.32 1.44 1.44 1.28 1.28 1.57 1.42 1.70 1.70 1.91 0.00 0.00 0.00 1.31 1.31 1.31 1.31 1.08 1.08 1.08 1.08 0.80 0.80 1.03 1.03 1.08 1.08 1.08 1.08 1.17 1.17 1.17 1.17 1.32 1.32 1.32 1.32 1.47 1.47 1.47 1.47 1.52 1.52 1.52 1.52 1.49 1.49 1.49 1.49 1.42 1.42 1.42 1.42 1.44 1.44 1.44 1.44 1.46 1.46 1.46 1.46 1.32 1.32 1.32 1.32 1.27 1.27 1.27 1.27
0.00 0.00 0.00 0.00 0.00 0.00 0.00 0.00 0.00 0.00 0.72 0.68 0.71 0.81 1.32 1.32 1.45 1.45 1.38 1.45 1.42 1.71 1.71 1.71 0.00 0.00 0.00 0.00 0.00 1.34 1.34 1.34 1.10 1.10 1.10 1.10 1.05 1.05 1.05 1.05 1.10 1.10 1.10 1.10 1.19 1.19 1.19 1.19 1.35 1.35 1.35 1.35 1.50 1.50 1.50 1.50 1.56 1.56 1.56 1.56 1.50 1.50 1.50 1.50 1.43 1.43 1.43 1.43 1.44 1.44 1.45 1.45 1.46 1.46 1.46 1.46 1.31 1.31 1.31 1.31 1.26 1.26 1.26 1.26
0.00 0.00 0.00 0.00 0.00 0.00 0.00 0.00 0.00 0.00 0.68 0.75 0.71 0.81 1.22 1.22 1.45 1.45 1.45 1.45 1.71 1.71 1.71 1.71 0.00 0.00 0.00 0.00 0.00 1.34 1.34 1.34 1.10 1.10 1.10 1.10 1.05 1.05 1.05 1.05 1.10 1.10 1.10 1.10 1.19 1.19 1.19 1.19 1.35 1.35 1.35 1.35 1.50 1.50 1.50 1.50 1.56 1.56 1.56 1.56 1.50 1.50 1.50 1.50 1.43 1.43 1.43 1.43 1.01 1.44 1.45 1.45 1.46 1.46 1.46 1.46 1.31 1.31 1.31 1.31 1.26 1.26 1.26 1.26
0.00 0.00 0.00 0.00 0.00 0.00 0.00 0.00 0.00 0.00 0.75 0.79 0.86 0.86 0.74 1.25 1.55 1.55 1.55 1.55 1.85 1.85 1.85 0.00 0.00 0.00 0.00 0.00 0.00 1.51 1.51 1.51 1.25 1.25 1.25 1.25 1.24 1.24 1.24 1.24 1.22 1.22 1.22 1.22 1.29 1.29 1.29 1.29 1.41 1.41 1.41 1.41 1.55 1.55 1.55 1.55 1.57 1.57 1.57 1.57 1.38 1.38 1.38 1.38 1.27 1.27 1.27 1.27 0.54 1.29 1.30 1.30 1.32 1.32 1.32 1.32 1.21 1.21 1.21 1.21 1.17 1.17 1.17 1.17
0.00 0.00 0.00 0.00 0.00 0.00 0.00 0.00 0.00 0.79 0.79 0.79 0.74 0.86 0.86 1.38 1.55 1.55 1.55 1.55 1.85 1.85 1.85 1.85 0.00 0.00 0.00 0.00 0.00 1.51 1.51 1.51 1.25 1.25 1.25 1.25 1.24 1.24 1.24 1.24 1.22 1.22 1.22 1.22 1.29 1.29 1.29 1.29 1.41 1.41 1.41 1.41 1.55 1.55 1.55 1.55 1.57 1.57 1.57 1.57 1.38 1.38 1.38 1.38 1.27 1.27 1.27 1.27 1.29 1.29 1.30 1.30 1.32 1.32 1.32 1.32 1.21 1.21 1.21 1.21 1.17 1.17 1.17 1.17
0.00 0.00 0.00 0.00 0.00 0.00 0.00 0.00 0.70 0.79 0.79 0.79 0.86 0.86 0.86 0.86 1.55 1.55 1.55 1.55 1.85 1.85 1.85 1.85 0.00 0.00 0.00 0.00 0.00 0.00 1.51 1.51 1.25 1.25 1.25 1.25 1.24 1.24 1.24 1.24 1.22 1.22 1.22 1.22 1.29 1.29 1.29 1.29 1.41 1.41 1.41 1.41 1.55 1.55 1.55 1.55 1.57 1.57 1.57 1.57 1.38 1.38 1.38 1.38 1.27 1.27 1.27 1.27 1.29 1.29 1.30 1.30 1.32 1.32 1.32 1.32 1.21 1.21 1.21 1.21 1.17 1.17 1.17 1.17
0.00 0.00 0.00 0.00 0.00 0.00 0.00 0.00 0.75 0.79 0.79 0.79 0.86 0.86 0.86 0.86 1.55 1.55 1.55 1.55 1.85 1.85 0.00 0.00 0.00 0.00 0.00 0.00 0.00 0.00 1.51 1.51 0.00 1.25 1.25 0.00 0.00 0.00 1.24 1.24 1.22 1.22 1.22 1.22 1.29 1.29 1.29 1.29 1.41 1.41 1.41 1.41 1.55 1.55 1.55 1.55 1.57 1.57 1.57 1.57 1.38 1.38 1.38 1.38 1.27 1.27 1.27 1.27 1.29 1.29 1.30 1.30 1.32 1.32 1.32 1.32 1.21 1.21 1.21 1.21 1.17 1.17 1.17 1.17
0.00 0.00 0.00 0.00 0.00 0.00 0.55 0.86 0.95 0.95 0.95 0.95 1.08 1.08 1.08 1.08 1.81 1.81 1.81 1.81 2.09 0.00 0.00 0.00 0.00 0.00 0.00 0.00 0.00 0.00 0.00 0.00 0.00 0.00 0.00 0.00 0.00 1.36 1.36 1.36 1.28 1.28 1.28 1.28 1.37 1.37 1.37 1.37 1.43 1.43 1.43 1.43 1.52 1.52 1.52 1.52 1.53 1.53 1.53 1.53 1.37 1.37 1.37 1.37 1.31 1.31 1.31 1.31 1.27 1.27 1.27 1.27 1.19 1.19 1.19 1.19 1.18 1.18 1.18 1.18 1.19 1.19 1.19 1.19
0.00 0.00 0.00 0.00 0.00 0.00 0.86 0.86 0.95 0.95 0.95 0.95 1.08 1.08 1.08 1.08 1.30 1.81 1.81 1.81 2.09 0.00 0.00 0.00 0.00 0.00 0.00 0.00 0.00 0.00 0.00 0.00 0.00 0.00 0.00 0.00 0.00 0.00 0.00 1.36 1.28 1.28 1.28 1.28 1.37 1.37 1.37 1.37 1.43 1.43 1.43 1.43 1.52 1.52 1.52 1.52 1.53 1.53 1.53 1.53 1.37 1.37 1.37 1.37 1.31 1.31 1.31 1.31 1.27 1.27 1.27 1.27 1.19 1.19 1.19 1.19 1.18 1.18 1.18 1.18 1.19 1.19 1.19 1.19
0.00 0.00 0.00 0.00 0.00 0.00 0.86 0.86 0.95 0.95 0.95 0.95 1.08 1.08 1.08 1.08 1.30 1.81 1.81 0.00 0.00 0.00 0.00 0.00 0.00 0.00 0.00 0.00 0.00 0.00 0.00 0.00 0.00 0.00 0.00 0.00 0.00 0.00 0.00 1.36 1.28 1.28 1.28 1.28 1.37 1.37 1.37 1.37 1.43 1.43 1.43 1.43 1.52 1.52 1.52 1.52 1.53 1.53 1.53 1.53 1.37 1.37 1.37 1.37 1.31 1.31 1.31 1.31 1.27 1.27 1.27 1.27 1.19 1.19 1.19 1.19 1.18 1.18 1.18 1.18 1.19 1.19 1.19 0.91
0.00 0.00 0.00 0.00 0.00 0.86 0.86 0.86 0.95 0.95 0.95 0.95 1.08 1.08 1.08 1.08 0.00 0.00 0.00 0.00 0.00 0.00 0.00 0.00 0.00 0.00 0.00 0.00 0.00 0.00 0.00 0.00 0.00 0.00 0.00 0.00 1.36 1.36 1.36 1.36 1.28 1.28 1.28 1.28 1.37 1.37 1.37 1.37 1.43 1.43 1.43 1.43 1.52 1.52 1.52 1.52 1.53 1.53 1.53 1.53 1.37 1.37 1.37 1.37 1.31 1.31 1.31 1.31 1.27 1.27 1.27 1.27 1.19 1.19 1.19 1.19 1.18 1.18 1.18 1.18 1.19 1.19 1.19 0.91
0.00 0.00 0.00 0.00 0.00 0.98 0.98 0.98 1.08 1.08 1.08 1.08 1.28 1.28 1.28 1.28 1.64 1.64 2.14 0.00 0.00 0.00 0.00 0.00 0.00 0.00 0.00 0.00 0.00 0.00 1.44 0.00 0.00 0.00 0.00 0.00 1.30 1.30 1.30 1.30 1.34 1.34 1.34 1.34 1.40 1.40 1.40 1.40 1.43 1.43 1.43 1.43 1.51 1.51 1.51 1.51 1.47 1.47 1.47 1.47 1.43 1.43 1.43 1.43 1.43 1.43 1.43 1.43 1.29 1.29 1.30 1.30 1.10 1.10 1.10 1.10 1.11 1.11 1.11 1.11 1.22 1.22 1.22 1.22
0.00 0.00 0.00 0.00 0.56 0.98 0.98 0.98 1.08 0.85 1.08 1.08 1.28 1.28 1.28 1.28 1.64 1.64 2.14 2.14 2.22 0.00 0.00 2.22 2.03 0.00 0.00 0.00 0.00 0.00 0.00 0.00 0.00 0.00 1.37 1.37 1.30 1.30 1.30 1.30 1.34 1.34 1.34 1.34 1.40 1.40 1.40 1.40 1.43 1.43 1.43 1.43 1.51 1.51 1.51 1.51 1.47 1.47 1.47 1.47 1.43 1.43 1.43 1.43 1.43 1.43 1.43 1.43 1.29 1.29 1.30 1.30 1.10 1.10 1.10 1.10 1.11 1.11 1.11 1.11 0.65 1.22 1.22 1.22
0.00 0.00 0.00 0.00 0.56 0.98 0.98 0.98 0.85 0.85 1.08 1.08 1.28 1.28 1.28 1.28 1.64 1.64 1.64 2.14 2.22 2.22 2.22 2.22 2.03 2.03 0.00 0.00 0.00 0.00 0.00 0.00 0.00 0.00 0.00 1.37 1.30 1.30 1.30 1.30 1.34 1.34 1.34 1.34 1.40 1.40 1.40 1.40 1.43 1.43 1.43 1.43 1.51 1.51 1.51 1.51 1.47 1.47 1.47 1.47 1.43 1.43 1.43 1.43 1.43 1.43 1.43 1.43 1.29 1.29 1.30 1.30 1.10 1.10 1.10 1.10 1.11 1.11 1.11 1.11 1.22 1.22 1.22 1.22
0.00 0.00 0.00 0.00 0.98 0.98 0.98 0.80 0.85 0.85 0.85 0.85 1.28 1.28 1.28 1.28 1.64 1.64 1.64 2.14 2.22 2.22 2.22 2.22 2.03 2.03 2.03 0.00 0.00 0.00 0.00 0.00 0.00 0.00 0.00 0.00 1.30 1.30 1.30 1.30 1.34 1.34 1.34 1.34 1.40 1.40 1.40 1.40 1.43 1.43 1.43 1.43 1.51 1.51 1.51 1.51 1.47 1.47 1.47 1.47 1.43 1.43 1.43 1.43 1.43 1.43 1.43 1.43 1.29 1.29 1.30 1.30 1.10 1.10 1.10 1.10 1.11 1.11 1.11 1.11 1.22 1.22 1.09 1.22
0.00 0.00 0.00 0.00 0.57 0.81 0.81 0.00 0.00 0.85 1.09 1.09 1.41 1.41 1.41 1.41 1.76 1.76 1.76 1.76 2.03 2.03 2.03 2.03 1.76 1.76 1.76 1.24 1.16 1.16 0.00 0.00 0.00 0.00 0.00 0.00 1.24 1.24 1.24 1.24 1.42 1.42 1.42 1.42 1.45 1.45 1.45 1.45 1.47 1.47 1.47 1.47 1.47 1.47 1.47 1.47 1.32 1.32 1.32 1.32 1.33 1.33 1.33 1.33 1.43 1.43 1.43 1.43 1.32 1.32 1.33 1.33 1.13 1.13 1.13 0.65 0.64 0.85 0.64 0.64 0.91 1.07 0.91 0.91
0.00 0.00 0.00 0.00 0.00 0.00 0.00 0.00 0.85 0.85 1.09 1.09 1.41 1.41 1.41 1.41 1.76 1.76 1.76 1.76 2.03 2.03 2.03 2.03 1.76 1.76 1.76 1.24 1.16 1.16 0.00 0.00 1.15 0.00 0.00 0.00 1.24 1.24 1.24 1.24 1.42 1.42 1.42 1.42 1.45 1.45 1.45 1.45 1.47 1.47 1.47 1.47 1.47 1.47 1.47 1.47 1.32 1.32 1.32 1.32 1.33 1.33 1.33 1.33 1.43 1.43 1.43 1.43 1.32 1.32 1.33 1.33 1.13 1.13 1.13 1.13 1.09 0.64 0.64 0.00 0.00 0.00 0.00 0.00
0.00 0.00 0.00 0.00 0.00 0.00 0.00 0.81 1.08 1.08 1.08 1.08 1.38 1.38 1.38 1.38 1.72 1.72 1.72 1.72 2.00 2.00 2.00 2.00 1.73 1.73 1.73 1.22 1.12 1.12 1.12 1.12 1.12 1.12 1.12 0.00 1.19 1.19 1.19 1.19 1.36 1.36 1.36 1.36 1.37 1.37 1.37 1.37 1.39 1.39 1.39 1.39 1.39 1.39 1.39 1.39 1.25 1.25 1.25 1.25 1.28 1.28 1.28 1.28 1.37 1.37 1.37 1.37 1.27 1.27 1.28 1.28 1.10 1.10 1.10 1.10 1.06 1.06 1.06 1.06 0.00 0.00 0.00 0.00
0.00 0.00 0.00 0.00 0.00 0.00 0.92 1.00 0.85 1.08 1.08 1.08 1.38 1.38 1.38 1.38 1.72 1.72 1.72 1.72 1.50 2.00 2.00 2.00 1.73 1.73 1.73 1.22 1.12 1.12 1.12 1.12 1.12 1.12 1.12 0.00 1.19 1.19 1.19 1.19 1.36 1.36 1.36 1.36 1.37 1.37 1.37 1.37 1.39 1.39 1.39 1.39 1.39 1.39 1.39 1.39 1.25 1.25 1.25 1.25 1.28 1.28 1.28 1.28 1.37 1.37 1.37 1.37 1.27 1.27 1.28 1.28 1.10 1.10 1.10 1.10 1.06 1.06 1.06 0.84 0.00 0.00 0.00 0.00
0.00 0.00 0.00 0.00 0.00 0.82 1.03 1.03 1.21 1.21 1.21 1.21 1.59 1.59 1.59 1.59 1.66 1.66 1.66 1.66 1.25 1.76 1.76 1.76 1.54 1.54 1.54 1.02 0.98 0.77 0.98 0.98 1.03 1.03 1.03 1.03 1.21 1.21 1.21 1.21 1.43 1.43 1.43 1.43 1.43 1.43 1.43 1.43 1.40 1.40 1.40 1.40 1.24 1.24 1.24 1.24 1.04 1.04 1.04 1.04 1.03 1.03 1.03 1.03 1.18 1.18 1.18 1.18 1.33 1.33 1.34 1.34 1.31 1.31 1.31 1.31 1.16 1.16 1.16 1.16 0.00 0.00 0.00 0.00
0.00 0.00 0.00 0.00 0.00 1.03 1.03 1.03 1.21 1.21 1.21 1.21 1.59 1.59 1.59 1.59 1.66 1.66 1.66 1.66 1.25 1.25 1.76 1.76 1.54 1.54 1.54 1.02 0.98 0.77 0.98 0.98 1.03 1.03 1.03 1.03 1.21 1.21 1.21 1.21 1.43 1.43 1.43 1.43 1.43 1.43 1.43 1.43 1.40 1.40 1.40 1.40 1.24 1.24 1.24 1.24 1.04 1.04 1.04 1.04 1.03 1.03 1.03 1.03 1.18 1.18 1.18 1.18 1.33 1.33 1.34 1.34 1.31 1.31 1.31 1.31 1.16 1.16 1.04 1.16 0.00 0.00 0.00 0.00
0.00 0.00 0.00 0.00 0.00 0.57 0.94 0.94 1.21 1.21 1.21 1.21 1.59 1.59 1.59 1.11 1.66 1.66 1.66 1.66 1.25 1.25 1.76 1.76 1.54 1.54 1.54 1.02 0.98 0.98 0.98 0.98 1.03 1.03 1.03 1.03 1.21 1.21 1.21 1.21 1.43 1.43 1.43 1.43 1.43 1.43 1.43 1.43 1.40 1.40 1.40 1.40 1.24 1.24 1.24 1.24 1.04 1.04 1.04 1.04 1.03 1.03 1.03 1.03 1.18 1.18 1.18 1.18 1.33 1.33 1.34 1.34 1.31 1.31 1.31 1.31 1.16 1.16 1.04 0.89 0.00 0.00 0.00 0.00
0.00 0.00 0.00 0.00 0.00 0.00 0.00 0.94 1.21 1.21 1.21 1.21 1.59 1.59 1.59 1.59 1.66 1.66 1.66 1.66 1.25 1.25 1.76 1.76 1.54 1.54 1.02 1.02 0.98 0.98 0.98 0.98 1.03 1.03 1.03 1.03 1.21 1.21 1.21 1.21 1.43 1.43 1.43 1.43 1.43 1.43 1.43 1.43 1.40 1.40 1.40 1.40 1.24 1.24 1.24 1.24 1.04 1.04 1.04 1.04 1.03 1.03 1.03 1.03 1.18 1.18 1.18 1.18 1.33 1.33 1.34 1.34 1.31 1.31 1.31 1.31 1.16 1.16 1.16 0.89 0.00 0.00 0.00 0.00
