New_Model_Runs/15_Future_RCP8.5_Scn2_out/post_prcessed_with_MFR/Monthly_summaries/interception_monthly_JAN.asc
NCOLS 700
NROWS 400
XLLCENTER 515000.000000
YLLCENTER 8409000.000000
CELLSIZE 50.000000
NODATA_value -999.000000
[rows 114 to 151 of 400, columns 504 to 587 of 700]
1.63 1.63 1.63 1.63 1.99 1.99 1.99 1.99 2.13 2.13 2.13 2.13 2.11 2.11 2.11 2.11 2.02 2.02 2.02 2.02 0.75 0.00 1.50 1.50 1.46 1.46 1.87 0.00 1.90 1.72 1.72 1.90 1.93 1.93 1.93 1.93 1.89 1.47 1.89 1.89 1.74 1.74 1.74 1.74 1.68 1.68 1.68 1.68 1.75 1.75 1.75 1.75 1.90 1.90 1.90 1.90 2.05 1.79 1.79 1.79 1.74 1.74 1.74 1.74 1.74 1.74 1.74 1.74 1.88 1.88 1.88 1.88 1.77 1.77 1.77 1.77 1.52 0.63 0.00 0.00 0.00 0.00 0.00 0.00
1.63 1.63 1.63 1.63 1.99 1.99 1.99 1.99 2.13 2.13 2.13 2.13 2.11 2.11 2.11 2.11 2.02 2.02 2.02 2.02 1.50 1.50 1.50 1.50 1.46 1.87 1.87 1.87 1.90 1.90 1.72 1.90 1.93 1.93 1.93 1.93 1.89 1.89 1.89 1.89 1.74 1.74 1.74 1.74 1.68 1.68 1.68 1.68 1.75 1.75 1.75 1.75 1.90 1.90 1.90 1.90 2.05 1.79 1.79 1.79 1.74 1.74 1.74 1.74 1.74 1.74 1.74 1.74 1.88 1.88 1.88 1.88 1.77 1.77 1.77 1.77 1.52 1.37 1.18 1.18 0.00 0.00 0.00 0.00
2.06 2.06 2.06 2.06 2.20 2.20 2.20 2.20 2.01 2.01 2.01 2.01 1.91 1.91 1.91 1.91 1.88 1.88 1.88 1.88 1.47 1.47 1.87 1.87 1.85 1.85 1.85 1.85 1.85 1.85 1.85 1.85 1.82 1.82 1.82 1.82 1.78 1.78 1.78 1.78 1.77 1.77 1.77 1.62 1.77 1.77 1.77 1.77 1.79 1.79 1.79 1.79 1.90 1.90 1.90 1.90 2.12 1.85 1.85 1.85 1.87 1.87 1.87 1.87 1.87 1.87 1.87 1.87 1.86 1.86 1.86 1.86 1.69 1.69 1.69 1.69 1.50 1.50 1.50 1.35 0.00 0.00 0.00 0.00
2.06 2.06 2.06 2.06 2.20 2.20 2.20 2.20 2.01 2.01 2.01 2.01 1.91 1.91 1.91 1.91 1.88 1.88 1.88 1.88 1.87 1.87 1.87 1.87 0.73 1.85 1.85 1.85 1.85 1.85 1.45 1.85 1.82 1.82 1.82 1.82 1.78 1.78 1.78 1.78 1.77 1.77 1.77 1.77 1.77 1.77 1.77 1.77 1.79 1.64 0.00 1.42 1.90 1.90 1.90 1.90 2.12 1.85 1.85 1.85 1.87 1.87 1.87 1.87 1.87 1.87 1.87 1.87 1.86 1.86 1.86 1.86 1.69 1.69 1.69 1.69 1.50 1.50 1.50 1.50 1.12 0.00 1.39 1.39
2.06 2.06 2.06 2.06 2.20 2.20 2.20 2.20 2.01 2.01 2.01 2.01 1.91 1.91 1.91 1.91 1.88 1.88 1.88 1.88 1.87 1.87 1.87 1.87 1.85 1.85 1.45 1.85 1.85 1.85 1.85 1.85 1.82 1.82 1.82 1.82 1.78 1.78 1.78 1.78 1.77 1.77 1.77 1.77 1.77 1.77 1.77 1.62 1.64 1.64 1.42 1.42 1.90 1.90 1.90 1.90 2.12 1.85 1.85 1.85 1.87 1.87 1.87 1.87 1.87 1.87 1.87 1.87 1.86 1.86 1.86 1.86 1.69 1.69 1.69 1.69 1.50 1.50 1.50 1.35 0.00 0.00 0.00 1.39
2.06 2.06 2.06 2.06 2.20 2.20 2.20 2.20 2.01 2.01 2.01 2.01 1.91 1.91 1.91 1.91 1.88 1.88 1.88 1.88 1.87 1.87 1.87 1.87 1.85 1.85 1.85 1.85 1.85 1.85 1.85 1.85 1.82 1.82 1.82 1.82 1.78 1.78 1.78 1.78 1.77 1.77 1.77 1.77 1.77 0.72 0.72 0.00 0.00 1.79 1.79 1.79 1.90 1.90 1.90 1.90 2.12 1.85 1.85 1.85 1.87 1.87 1.87 1.87 1.87 1.87 1.87 1.87 1.86 1.86 1.86 1.86 1.69 1.69 1.69 1.69 1.50 1.50 1.17 1.17 1.12 0.00 0.00 0.00
2.09 2.09 2.09 2.09 1.89 1.89 1.89 1.89 1.72 1.72 1.72 1.72 1.70 1.70 1.70 1.70 1.71 1.71 1.71 1.71 1.73 1.73 1.73 1.73 1.69 1.69 1.69 1.69 1.69 1.69 1.69 1.69 1.67 1.67 1.67 1.67 1.66 1.66 1.66 1.66 1.72 1.72 1.72 1.72 0.72 0.72 1.79 1.79 1.44 1.85 1.85 1.85 1.99 1.99 1.99 1.99 2.17 1.91 1.91 1.91 1.89 1.89 1.89 1.89 1.79 1.79 1.79 1.79 1.73 1.73 1.73 1.73 1.67 1.67 1.67 1.67 1.17 1.17 1.17 1.17 0.00 0.00 0.00 1.11
2.09 2.09 2.09 2.09 1.89 1.89 1.89 1.89 1.72 1.72 1.72 1.72 1.70 1.70 1.70 1.70 1.71 1.71 1.71 1.71 1.73 1.73 1.73 1.73 1.69 1.69 1.37 1.37 1.69 1.69 1.69 1.69 1.67 1.67 1.67 1.67 1.66 1.66 1.54 1.66 1.72 1.38 1.58 1.72 1.64 1.79 1.79 1.79 1.85 1.85 1.85 1.85 1.99 1.99 1.99 1.99 2.17 1.91 1.91 1.91 1.89 1.89 1.89 1.89 1.79 1.79 1.79 1.79 1.73 1.73 1.73 1.73 1.67 1.67 1.67 1.67 1.49 1.49 1.49 1.17 1.11 1.11 1.26 1.11
2.09 2.09 2.09 2.09 1.89 1.89 1.89 1.89 1.72 1.72 1.72 1.72 1.70 1.70 1.70 1.70 1.71 1.71 1.71 1.71 1.73 1.73 1.73 1.73 1.69 1.69 1.37 0.00 1.37 1.69 1.69 1.69 1.67 1.67 1.67 1.67 0.72 1.66 1.54 1.36 1.58 0.00 0.00 1.58 1.64 1.79 1.79 1.79 1.85 1.85 1.85 1.85 1.99 1.99 1.99 1.99 2.17 1.91 1.91 1.91 1.89 1.89 1.89 1.89 1.79 1.79 1.79 1.79 1.73 1.73 1.73 1.73 1.67 1.67 1.67 1.67 1.49 1.49 1.49 1.49 1.38 1.38 1.38 1.38
2.09 2.09 2.09 2.09 1.89 1.48 1.89 1.89 1.72 0.74 1.72 1.72 1.70 1.70 1.70 1.70 0.74 1.71 1.71 1.71 1.73 1.73 1.73 1.73 1.69 1.69 1.69 1.37 1.37 1.69 1.69 1.69 1.36 1.67 1.67 1.55 0.72 1.66 1.66 1.36 1.58 1.38 1.58 1.72 1.79 1.79 1.79 1.79 1.85 1.85 1.85 1.85 1.99 1.99 1.99 1.99 2.17 1.91 1.91 1.91 1.89 1.89 1.89 1.89 1.79 1.79 1.79 1.79 1.73 1.73 1.73 1.73 1.67 1.67 1.67 1.67 1.49 1.49 1.49 1.49 1.38 1.38 1.38 1.38
1.80 1.80 1.80 1.80 1.68 1.68 1.68 1.68 1.65 1.65 1.65 1.65 1.64 1.64 1.64 1.64 1.61 1.61 1.34 1.50 1.61 1.61 1.61 1.61 1.57 1.57 1.57 1.57 1.57 1.57 1.57 1.57 1.32 1.32 1.58 1.48 0.00 1.35 1.65 1.65 1.70 1.70 1.70 1.70 1.71 1.71 1.71 1.71 1.79 1.79 1.79 1.79 2.02 2.02 2.02 2.02 2.19 1.92 1.92 1.92 1.83 1.83 1.83 1.83 1.71 1.71 1.71 1.71 1.67 1.67 1.67 1.67 1.62 1.62 1.62 1.62 1.57 1.57 1.57 1.57 1.56 1.56 1.56 1.56
1.80 1.80 1.80 1.80 1.68 1.68 1.68 1.68 1.65 1.65 1.65 1.65 1.64 1.64 1.64 1.64 1.61 1.61 1.61 1.61 1.34 1.61 1.61 1.61 1.57 1.57 1.31 1.31 1.57 1.31 1.57 1.57 1.32 0.00 1.58 0.00 0.00 1.35 1.65 1.65 1.70 1.70 1.70 1.70 1.71 1.71 1.71 1.71 1.79 1.79 1.79 1.79 2.02 2.02 2.02 2.02 2.19 1.92 1.92 1.92 1.83 1.83 1.83 1.83 1.71 1.71 1.71 1.71 1.67 1.67 1.67 1.67 1.62 1.62 1.62 1.62 1.57 1.57 1.57 1.57 1.56 1.56 1.56 1.56
1.80 1.80 1.80 1.80 1.68 1.68 1.68 1.68 1.65 1.65 1.65 1.65 1.64 1.64 1.64 1.64 1.61 1.61 1.61 1.61 1.34 0.73 1.61 1.61 1.57 0.71 0.00 0.00 0.00 0.00 0.71 1.57 0.71 0.00 0.00 1.48 1.65 1.65 1.65 1.65 1.70 1.70 1.70 1.70 1.71 1.71 1.71 1.71 1.79 1.79 1.79 1.79 2.02 2.02 2.02 2.02 2.19 1.92 1.92 1.92 1.83 1.83 1.83 1.83 1.71 1.71 1.71 1.71 1.67 1.67 1.67 1.67 1.62 1.62 1.62 1.62 1.57 1.57 1.57 1.57 1.56 1.56 1.56 1.56
1.80 1.80 1.80 1.80 1.68 1.68 1.68 1.68 1.65 1.65 1.65 1.65 1.64 1.64 1.64 1.64 1.61 1.61 1.50 1.61 1.34 0.00 1.61 0.73 0.71 0.00 0.00 0.00 0.00 0.00 0.00 0.00 0.00 0.00 0.00 1.48 1.65 1.65 1.65 1.65 1.70 1.70 1.70 1.70 1.71 1.71 1.38 1.71 1.79 1.79 1.79 1.79 2.02 2.02 2.02 2.02 2.19 1.92 1.92 1.92 1.83 1.83 1.83 1.83 1.71 1.71 1.71 1.71 1.67 1.67 1.67 1.67 1.62 1.62 1.62 1.62 1.57 1.57 1.57 1.57 1.56 1.56 1.56 1.56
1.62 1.62 1.62 1.62 1.60 1.60 1.60 1.60 1.65 1.65 1.65 1.65 1.64 1.64 1.64 1.64 1.60 1.60 1.60 1.33 0.00 1.60 0.73 0.00 0.00 0.00 0.00 0.00 0.00 0.00 0.00 0.00 0.00 0.00 0.72 1.63 1.68 1.68 1.68 1.68 1.62 1.62 1.62 1.33 1.35 1.66 1.35 1.53 1.66 1.82 1.82 1.82 1.99 1.99 1.99 1.99 2.12 1.85 1.85 1.35 1.36 1.36 1.36 1.87 1.83 1.83 1.83 1.83 1.78 1.78 1.78 1.78 1.73 1.73 1.73 1.73 1.70 1.70 1.70 1.70 1.71 1.71 1.71 1.71
1.62 1.62 1.62 1.62 1.60 1.60 1.60 1.60 1.65 1.65 1.65 1.65 1.64 1.64 1.64 1.64 1.33 1.60 1.49 0.00 0.00 0.73 0.00 0.00 0.00 0.00 0.00 0.00 0.00 0.00 0.00 0.00 0.00 0.00 1.34 1.63 1.68 1.68 1.68 1.68 1.51 1.33 0.00 0.00 0.00 1.66 1.66 1.53 1.82 1.82 1.82 1.82 1.99 1.99 1.99 1.99 2.12 1.85 1.85 1.85 1.36 1.36 1.87 1.87 1.83 1.83 1.83 1.83 1.78 1.78 1.78 1.78 1.73 1.73 1.73 1.73 1.70 1.70 1.70 1.70 1.71 1.71 1.71 1.71
1.60 1.60 1.60 1.60 1.58 1.58 1.32 1.58 1.61 1.61 1.61 1.61 1.60 1.60 1.60 1.60 1.30 1.56 1.46 0.00 0.00 0.00 0.71 1.56 0.00 0.00 0.00 0.00 0.00 0.00 0.00 0.00 0.00 0.00 0.00 1.59 1.63 1.63 1.63 1.52 0.00 0.00 0.00 0.00 0.68 1.62 1.62 1.62 1.76 1.76 1.76 1.76 1.93 1.93 1.93 1.93 2.04 1.78 1.78 1.78 1.32 1.32 1.79 1.79 1.76 1.76 1.76 1.76 1.71 1.71 1.71 1.71 1.68 1.68 1.68 1.68 1.65 1.65 1.65 1.65 1.66 1.66 1.66 1.66
1.60 1.60 1.60 1.60 1.58 1.58 1.58 1.58 0.70 0.00 1.61 1.61 1.60 1.60 1.60 1.32 1.30 1.56 1.46 1.46 1.46 1.46 1.56 1.56 0.00 0.00 0.00 0.00 0.00 0.00 0.00 0.00 0.00 0.00 0.00 1.48 1.52 1.63 1.63 0.00 0.00 0.00 0.00 0.00 1.50 1.62 1.62 1.62 1.76 1.76 1.76 1.76 1.93 1.93 1.93 1.93 2.04 1.78 1.78 1.57 0.00 1.32 1.79 1.79 1.76 1.76 1.76 1.76 1.71 1.71 1.71 1.71 1.68 1.68 1.68 1.68 1.65 1.65 1.65 1.65 1.66 1.66 1.66 1.66
1.57 1.57 1.57 1.57 1.55 1.55 1.55 1.55 1.55 1.55 1.55 1.55 1.30 1.30 1.46 0.00 0.00 1.31 1.58 1.48 1.61 1.61 1.61 0.00 0.00 0.00 0.00 0.00 0.00 0.00 0.00 0.00 0.00 0.00 0.00 1.70 1.67 0.00 0.00 0.00 0.00 0.00 0.00 0.00 1.36 1.69 1.69 1.69 1.78 1.78 1.78 1.78 1.82 1.82 1.82 1.82 1.90 1.63 1.63 1.63 1.54 1.54 1.74 1.74 1.85 1.85 1.85 1.85 1.81 1.81 1.81 1.81 1.76 1.76 1.76 1.76 1.70 1.70 1.70 1.70 1.65 1.65 1.65 1.65
1.57 1.57 1.57 1.57 1.55 1.55 1.45 1.45 1.45 1.30 1.55 1.55 1.57 1.30 0.00 0.00 0.00 0.00 1.48 1.58 1.61 1.61 0.00 0.00 0.00 0.00 0.00 0.00 0.00 0.00 0.00 0.00 0.00 0.00 0.00 0.00 0.00 0.00 0.00 0.00 0.00 0.00 0.00 0.00 1.36 1.36 1.69 1.69 1.78 1.78 1.78 1.78 1.82 1.82 1.82 1.82 1.90 1.63 1.63 1.63 1.74 1.74 1.74 1.74 1.85 1.85 1.85 1.85 1.81 1.81 1.81 1.81 1.76 1.76 1.76 1.76 1.70 1.70 1.70 1.70 1.65 1.65 1.65 1.65
1.57 1.57 1.57 1.57 1.55 1.55 1.55 0.00 0.00 1.30 1.30 1.45 1.46 0.00 0.00 0.00 0.00 0.00 0.00 0.00 0.00 0.00 0.00 0.00 0.00 0.00 0.00 0.00 0.00 0.00 0.00 0.00 0.00 0.00 0.00 0.00 0.00 0.00 0.00 0.00 0.00 0.00 0.00 0.00 1.69 1.69 1.69 1.69 1.78 1.78 1.78 1.78 1.82 1.82 1.82 1.82 1.90 1.63 1.63 1.63 1.74 1.74 1.74 1.74 1.85 1.85 1.85 1.85 1.81 1.81 1.81 1.81 1.76 1.76 1.76 1.76 1.70 1.70 1.70 1.70 1.65 1.65 1.65 1.65
1.57 1.57 1.57 1.57 1.55 1.31 1.55 1.55 0.00 0.00 0.00 0.00 0.00 0.00 0.00 0.00 0.00 0.00 0.00 0.00 0.00 0.00 0.00 0.00 0.00 0.00 0.00 0.00 0.00 0.00 0.00 0.00 0.00 0.00 0.00 0.00 0.00 0.00 0.00 0.00 0.00 0.00 0.00 1.66 1.69 1.69 1.69 1.69 1.78 1.78 1.78 1.78 1.82 1.82 1.82 1.82 1.90 1.63 1.63 1.63 1.74 1.74 1.74 1.74 1.85 1.85 1.85 1.85 1.81 1.81 1.81 1.81 1.76 1.76 1.76 1.76 1.70 1.70 1.70 1.70 1.65 1.65 1.65 1.65
1.60 1.60 1.60 1.60 1.59 1.48 1.48 0.00 0.00 0.00 0.00 0.00 0.00 0.00 0.00 0.00 0.00 0.00 0.00 0.00 0.00 0.00 0.00 0.00 0.00 0.00 0.00 0.00 0.00 0.00 0.00 0.00 0.00 0.00 0.00 0.00 0.00 0.00 0.00 0.00 0.00 0.00 0.00 1.74 0.00 1.56 1.69 1.69 1.35 1.35 1.68 1.68 1.69 1.69 1.69 1.69 1.75 1.48 1.48 1.48 1.59 1.59 1.59 1.59 1.85 1.85 1.85 1.85 1.94 1.94 1.94 1.94 1.83 1.83 1.83 1.83 1.70 1.70 1.70 1.70 1.61 1.61 1.61 1.61
1.60 1.60 1.60 1.60 1.32 1.48 0.00 0.00 0.00 0.00 0.00 0.00 0.00 0.00 0.00 0.00 0.00 0.00 0.00 0.00 0.00 0.00 0.00 0.00 0.00 0.00 0.00 0.00 0.00 0.00 0.00 0.00 0.00 0.00 0.00 0.00 0.00 0.00 0.00 0.00 0.00 0.00 0.00 0.00 0.00 0.00 0.00 0.00 0.00 1.35 0.00 1.35 1.56 1.69 1.69 1.69 1.75 1.48 1.48 1.48 1.59 1.59 1.59 1.59 1.85 1.85 1.85 1.85 1.94 1.94 1.94 1.94 1.83 1.83 1.83 1.83 1.70 1.70 1.70 1.70 1.61 1.61 1.61 1.61
1.60 1.60 1.60 1.33 1.48 0.00 0.00 0.00 0.00 0.00 0.00 0.00 0.00 0.00 0.00 0.00 0.00 0.00 0.00 0.00 0.00 0.00 0.00 0.00 0.00 0.00 0.00 0.00 0.00 0.00 0.00 0.00 0.00 0.00 0.00 0.00 0.00 0.00 0.00 0.00 0.00 0.00 0.00 0.00 0.00 0.00 0.00 0.00 0.00 0.00 1.55 0.00 0.00 1.56 1.56 1.69 1.75 1.48 1.48 1.48 1.59 1.59 1.59 1.59 1.85 1.85 1.85 1.85 1.94 1.94 1.94 1.94 1.83 1.83 1.83 1.83 1.70 1.70 1.70 1.70 1.61 1.61 1.61 1.61
1.49 1.60 1.33 1.33 1.48 1.48 0.00 0.00 0.00 0.00 0.00 0.00 0.00 0.00 0.00 0.00 0.00 0.00 0.00 0.00 0.00 0.00 0.00 0.00 0.00 0.00 0.00 0.00 0.00 0.00 0.00 0.00 0.00 0.00 0.00 0.00 0.00 0.00 0.00 0.00 0.00 0.00 0.00 0.00 0.00 0.00 0.00 0.00 0.00 0.69 1.68 1.35 0.00 1.56 1.56 1.56 1.39 1.48 1.48 1.48 1.59 1.59 1.59 1.59 1.85 1.85 1.85 1.85 1.94 1.94 1.94 1.94 1.83 1.83 1.83 1.83 1.70 1.70 1.70 1.70 1.61 1.61 1.61 1.61
1.63 1.51 1.34 1.34 1.63 1.63 1.51 0.00 0.00 0.00 0.00 0.00 0.00 0.00 0.00 0.00 0.00 0.00 0.00 0.00 0.00 0.00 0.00 0.00 0.00 0.00 0.00 0.00 0.00 0.00 0.00 0.00 0.00 0.00 0.00 0.00 0.00 0.00 0.00 0.00 0.00 0.00 0.00 0.00 0.00 0.00 0.00 0.00 0.00 0.69 0.69 0.69 0.00 1.52 0.00 0.00 0.00 1.13 1.42 1.42 1.58 1.58 1.58 1.58 1.92 1.92 1.92 1.92 2.05 2.05 2.05 2.05 1.86 1.86 1.86 1.86 1.67 1.67 1.26 1.26 1.59 1.59 1.59 1.59
1.63 1.34 0.00 1.34 1.63 1.63 1.63 0.00 0.00 0.00 0.00 0.00 0.00 0.00 0.00 0.00 0.00 0.00 0.00 0.00 0.00 0.00 0.00 0.00 0.00 0.00 0.00 0.00 0.00 0.00 0.00 0.00 0.00 0.00 0.00 0.00 0.00 0.00 0.00 0.00 0.00 0.00 0.00 0.00 0.00 0.00 0.00 0.00 0.00 0.00 0.00 0.00 0.00 0.00 0.00 0.00 0.00 1.42 1.42 1.42 1.58 1.58 1.58 1.58 1.92 1.92 1.92 1.92 2.05 2.05 2.05 2.05 1.86 1.86 1.86 1.86 1.67 1.67 1.67 1.67 1.59 1.59 1.59 1.22
1.63 1.63 1.51 0.73 0.73 0.00 0.00 0.00 0.00 0.00 0.00 0.00 0.00 0.00 0.00 0.00 0.00 0.00 0.00 0.00 0.00 0.00 0.00 0.00 0.00 0.00 0.00 0.00 0.00 0.00 0.00 0.00 0.00 0.00 0.00 0.00 0.00 0.00 0.00 0.00 0.00 0.00 0.00 0.00 0.00 0.00 0.00 0.00 0.00 0.00 0.00 0.00 0.00 0.00 0.00 0.00 1.36 1.42 1.42 1.42 1.58 1.58 1.58 1.58 1.92 1.92 1.92 1.92 2.05 2.05 2.05 2.05 1.86 1.86 1.86 1.86 1.67 1.67 1.26 1.26 1.22 1.22 1.59 1.22
1.63 1.63 1.63 0.00 0.00 0.00 0.00 0.00 0.00 0.00 0.00 0.00 0.00 0.00 0.00 0.00 0.00 0.00 0.00 0.00 0.00 0.00 0.00 0.00 0.00 0.00 0.00 0.00 0.00 0.00 0.00 0.00 0.00 0.00 0.00 0.00 0.00 0.00 0.00 0.00 0.00 0.00 0.00 0.00 0.00 0.00 0.00 0.00 0.00 0.00 0.00 0.00 0.00 0.00 0.00 0.00 1.69 1.42 1.42 1.42 1.58 1.58 1.58 1.58 1.92 1.92 1.92 1.92 2.05 2.05 2.05 2.05 1.86 1.86 1.86 1.86 1.67 1.67 1.67 1.67 1.22 0.00 0.00 1.42
1.58 1.58 0.00 0.00 0.00 0.00 0.00 0.00 0.00 0.00 0.00 0.00 0.00 0.00 0.00 0.00 0.00 0.00 0.00 0.00 0.00 0.00 0.00 0.00 0.00 0.00 0.00 0.00 0.00 0.00 0.00 0.00 0.00 0.00 0.00 0.00 0.00 0.00 0.00 0.00 0.00 0.00 0.00 0.00 0.00 0.00 0.00 0.00 0.00 0.00 0.00 0.00 0.00 0.00 0.00 0.00 1.43 1.20 1.57 1.57 1.83 1.83 1.83 1.83 2.01 2.01 2.01 2.01 2.01 2.01 2.01 2.01 1.89 1.89 1.89 1.89 1.68 1.68 1.68 1.68 1.57 1.21 0.00 1.41
0.00 0.00 0.00 0.00 0.00 0.00 0.00 0.00 0.00 0.00 0.00 0.00 0.00 0.00 0.00 0.00 0.00 0.00 0.00 0.00 0.00 0.00 0.00 0.00 0.00 0.00 0.00 0.00 0.00 0.00 0.00 0.00 0.00 0.00 0.00 0.00 0.00 0.00 0.00 0.00 0.00 0.00 0.00 0.00 0.00 0.00 0.00 0.00 0.00 0.00 0.00 0.00 0.00 0.00 0.00 1.55 1.84 1.57 1.57 1.57 1.83 1.83 1.83 1.83 2.01 2.01 2.01 2.01 2.01 2.01 2.01 2.01 1.89 1.89 1.89 1.89 1.68 1.68 1.68 1.68 1.57 1.57 1.57 1.41
0.00 0.00 0.00 0.00 0.00 0.00 0.00 0.00 0.00 0.00 0.00 0.00 0.00 0.00 0.00 0.00 0.00 0.00 0.00 0.00 0.00 0.00 0.00 0.00 0.00 0.00 0.00 0.00 0.00 0.00 0.00 0.00 0.00 0.00 0.00 0.00 0.00 0.00 0.00 0.00 0.00 0.00 0.00 0.00 0.00 0.00 0.00 0.00 0.00 0.00 0.00 0.00 0.00 0.00 0.00 1.32 1.40 1.52 1.52 1.52 1.77 1.77 1.77 1.77 1.94 1.94 1.94 1.94 1.94 1.94 1.94 1.94 1.82 1.82 1.82 1.82 1.63 1.63 1.63 1.63 1.53 1.53 1.53 1.37
0.00 0.00 0.00 0.00 0.00 0.00 0.00 0.00 0.00 0.00 0.00 0.00 0.00 0.00 0.00 0.00 0.00 0.00 0.00 0.00 0.00 0.00 0.00 0.00 0.00 0.00 0.00 0.00 0.00 0.00 0.00 0.00 0.00 0.00 0.00 0.00 0.00 0.00 0.00 0.00 0.00 0.00 0.00 0.00 0.00 0.00 0.00 0.00 0.00 0.00 0.00 0.00 0.00 1.32 1.32 1.32 1.79 1.52 1.37 1.52 1.77 1.77 1.77 1.77 1.94 1.94 1.94 1.94 1.94 1.94 1.94 1.94 1.82 1.82 1.82 1.82 1.63 1.63 1.63 1.63 1.53 1.53 1.18 0.00
0.00 0.00 0.00 0.00 0.00 0.00 0.00 0.00 0.00 0.00 0.00 0.00 0.00 0.00 0.00 0.00 0.00 0.00 0.00 0.00 0.00 0.00 0.00 0.00 0.00 0.00 0.00 0.00 0.00 0.00 0.00 0.00 0.00 0.00 0.00 0.00 0.00 0.00 0.00 0.00 0.00 0.00 0.00 0.00 0.00 0.00 0.00 0.00 0.00 0.00 0.00 1.73 0.68 1.83 1.83 1.42 1.55 1.83 1.83 1.83 1.94 1.94 1.94 1.94 1.85 1.85 1.85 1.85 1.30 1.76 1.76 1.76 1.78 1.31 1.78 1.78 1.68 1.68 1.68 1.68 1.25 0.60 0.00 0.00
0.00 0.00 0.00 0.00 0.00 0.00 0.00 0.00 0.00 0.00 0.00 0.00 0.00 0.00 0.00 0.00 0.00 0.00 0.00 0.00 0.00 0.00 0.00 0.00 0.00 0.00 0.00 0.00 0.00 0.00 0.00 0.00 0.00 0.00 0.00 0.00 0.00 0.00 0.00 0.00 0.00 0.00 0.00 0.00 0.00 0.00 0.00 0.00 0.00 0.00 1.73 1.59 1.42 1.67 1.83 1.83 2.09 1.83 1.83 1.83 1.94 1.70 1.94 1.94 1.85 1.85 1.85 1.85 1.30 1.76 1.76 1.76 1.78 1.31 1.31 1.31 1.26 1.68 1.68 1.68 0.00 0.00 0.00 0.00
0.00 0.00 0.00 0.00 0.00 0.00 0.00 0.00 0.00 0.00 0.00 0.00 0.00 0.00 0.00 0.00 0.00 0.00 0.00 0.00 0.00 0.00 0.00 0.00 0.00 0.00 0.00 0.00 0.00 0.00 0.00 0.00 0.00 0.00 0.00 0.00 0.00 0.00 0.00 0.00 0.00 0.00 0.00 0.00 0.00 0.00 0.00 0.00 0.00 1.59 1.37 1.37 1.83 1.42 1.42 1.42 2.09 2.09 1.83 1.83 1.94 1.70 1.94 1.94 1.85 1.85 1.85 1.85 1.30 1.56 1.76 1.76 1.78 1.31 0.00 0.00 1.26 1.68 1.68 1.68 0.00 0.00 0.00 0.00
0.00 0.00 0.00 0.00 0.00 0.00 0.00 0.00 0.00 0.00 0.00 0.00 0.00 0.00 0.00 0.00 0.00 0.00 0.00 0.00 0.00 0.00 0.00 0.00 0.00 0.00 0.00 0.00 0.00 0.00 0.00 0.00 0.00 0.00 0.00 0.00 0.00 0.00 0.00 0.00 0.00 0.00 0.00 0.00 0.00 0.00 0.00 0.00 1.59 1.73 1.73 1.37 1.83 1.83 1.83 1.83 2.09 2.09 1.83 1.83 1.94 1.94 1.94 1.94 1.85 1.85 1.85 1.85 1.30 1.30 1.76 1.76 1.78 1.58 0.00 0.00 0.00 1.26 1.68 1.68 0.00 0.00 0.00 0.00
