New_Model_Runs/15_Future_RCP8.5_Scn2_out/post_prcessed_with_MFR/Monthly_summaries/interception_monthly_JUL.asc
NCOLS 700
NROWS 400
XLLCENTER 515000.000000
YLLCENTER 8409000.000000
CELLSIZE 50.000000
NODATA_value -999.000000
[rows 152 to 189 of 400, columns 252 to 335 of 700]
0.00 0.00 0.00 0.00 0.00 0.00 0.00 0.00 0.00 0.00 0.00 0.00 0.00 0.00 0.00 0.00 0.00 0.00 0.00 0.00 0.00 0.00 0.00 0.00 0.00 0.00 0.00 0.00 0.00 0.00 0.00 0.00 0.00 0.00 0.00 0.00 0.00 0.00 0.00 0.00 0.00 0.00 0.00 0.00 0.00 0.00 0.00 1.03 1.11 1.11 1.11 1.11 1.20 1.20 1.20 1.20 1.25 1.25 1.25 1.25 1.22 1.22 1.22 1.22 1.10 1.10 1.10 1.10 0.96 0.96 0.96 0.96 0.87 0.87 0.81 0.00 0.45 0.85 0.85 0.00 0.00 0.00 0.00 0.00
0.00 0.00 0.00 0.00 0.00 0.00 0.00 0.00 0.00 0.00 0.00 0.00 0.00 0.00 0.00 0.00 0.00 0.00 0.00 0.00 0.00 0.00 0.00 0.00 0.00 0.00 0.00 0.00 0.00 0.00 0.00 0.00 0.00 0.00 0.00 0.00 0.00 0.00 0.00 0.00 0.00 0.00 0.00 0.00 0.00 0.00 1.03 1.03 1.11 1.11 1.11 1.11 1.20 1.20 1.20 1.20 1.25 1.25 1.25 1.25 1.22 1.22 1.22 1.22 1.10 1.10 1.10 1.10 0.96 0.96 0.96 0.96 0.81 0.81 0.00 0.00 0.45 0.85 0.85 0.00 0.00 0.00 0.00 0.00
0.00 0.00 0.00 0.00 0.00 0.00 0.00 0.00 0.00 0.00 0.00 0.00 0.00 0.00 0.00 0.00 0.00 0.00 0.00 0.00 0.00 0.00 0.00 0.00 0.00 0.00 0.00 0.00 0.00 0.00 0.00 0.00 0.00 0.00 0.00 0.00 0.00 0.00 0.00 0.00 0.00 0.00 0.00 0.00 0.00 1.03 1.03 1.03 1.11 1.11 1.11 1.11 1.20 1.20 1.20 1.20 1.25 1.25 1.25 1.25 1.22 1.22 1.22 1.22 1.10 1.10 1.10 1.10 0.96 0.96 0.96 0.91 0.81 0.00 0.00 0.00 0.00 0.00 0.00 0.00 0.81 0.45 0.00 0.84
0.00 0.00 0.00 0.00 0.00 0.00 0.00 0.00 0.00 0.00 0.00 0.00 0.00 0.00 0.00 0.00 0.00 0.00 0.00 0.00 0.00 0.00 0.00 0.00 0.00 0.00 0.00 0.00 0.00 0.00 0.00 0.00 0.00 0.00 0.00 0.00 0.00 0.00 0.00 0.00 0.00 0.00 0.00 0.00 0.00 1.03 1.03 1.03 1.11 1.11 1.11 1.11 1.20 1.20 1.20 1.20 1.25 1.25 1.25 1.25 1.22 1.22 1.22 1.22 1.10 1.10 1.10 1.10 0.96 0.96 0.96 0.96 0.81 0.81 0.00 0.00 0.00 0.85 0.00 0.83 0.86 0.86 0.81 0.81
0.00 0.00 0.00 0.00 0.00 0.00 0.00 0.00 0.00 0.00 0.00 0.00 0.00 0.00 0.00 0.00 0.00 0.00 0.00 0.00 0.00 0.00 0.00 0.00 0.00 0.00 0.00 0.00 0.00 0.00 0.00 0.00 0.00 0.00 0.00 0.00 0.00 0.00 0.00 0.00 0.00 0.00 0.00 0.00 0.00 1.05 1.05 1.05 1.06 1.06 1.06 1.06 1.10 1.10 1.10 1.10 1.12 1.12 1.12 1.12 1.12 1.12 1.12 1.12 1.10 1.10 1.10 1.10 0.96 0.96 0.96 0.96 0.87 0.87 0.87 0.00 0.87 0.87 0.87 0.85 0.90 0.83 0.83 0.90
0.00 0.00 0.00 0.00 0.00 0.00 0.00 0.00 0.00 0.00 0.00 0.00 0.00 0.00 0.00 0.00 0.00 0.00 0.00 0.00 0.00 0.00 0.00 0.00 0.00 0.00 0.00 0.00 0.00 0.00 0.00 0.00 0.00 0.00 0.00 0.00 0.00 0.00 0.00 0.00 0.00 0.00 0.00 0.00 0.90 1.05 1.05 1.05 1.06 1.06 1.06 1.06 1.10 1.10 1.10 1.10 1.12 1.12 1.12 1.12 1.12 1.12 1.12 1.12 1.10 1.10 1.10 1.10 0.96 0.96 0.96 0.86 0.87 0.87 0.87 0.00 0.81 0.87 0.81 0.87 0.83 0.83 0.90 0.90
0.00 0.00 0.00 0.00 0.00 0.00 0.00 0.00 0.00 0.00 0.00 0.00 0.00 0.00 0.00 0.00 0.00 0.00 0.00 0.00 0.00 0.00 0.00 0.00 0.00 0.00 0.00 0.00 0.00 0.00 0.00 0.00 0.00 0.00 0.00 0.00 0.00 0.00 0.00 0.00 0.00 0.00 0.00 0.00 1.05 1.05 1.05 1.05 1.06 1.06 1.06 1.06 1.10 1.10 1.10 1.10 1.12 1.12 1.12 1.12 1.12 1.12 1.12 1.12 1.10 1.10 1.10 1.10 0.96 0.96 0.96 0.86 0.84 0.87 0.87 0.00 0.87 0.87 0.87 0.87 0.90 0.90 0.90 0.90
0.00 0.00 0.00 0.00 0.00 0.00 0.00 0.00 0.00 0.00 0.00 0.00 0.00 0.00 0.00 0.00 0.00 0.00 0.00 0.00 0.00 0.00 0.00 0.00 0.00 0.00 1.09 1.09 0.00 0.00 0.00 0.00 0.00 0.00 0.00 0.00 0.00 0.00 0.00 0.00 0.00 0.00 0.00 0.00 0.00 0.00 1.05 1.05 1.06 1.06 1.06 1.06 1.10 1.10 1.10 1.10 1.12 1.12 1.12 1.12 1.12 1.12 1.12 1.12 1.10 1.10 1.10 1.10 0.96 0.96 0.96 0.92 0.00 0.00 0.00 0.00 0.00 0.81 0.81 0.87 0.90 0.90 0.90 0.90
0.00 0.00 0.00 0.00 0.00 0.00 0.00 0.00 0.00 0.00 0.00 0.00 0.00 0.00 0.00 0.00 0.00 0.00 0.00 0.00 0.00 0.00 0.00 0.00 0.00 1.07 1.07 1.07 1.09 0.00 0.00 0.00 0.00 0.00 0.00 0.00 0.00 0.00 0.00 0.00 0.00 0.00 0.00 0.00 0.00 0.00 0.00 0.00 0.95 0.95 0.95 0.95 0.97 0.97 0.97 0.97 0.99 0.99 0.99 0.99 1.05 1.05 1.05 1.05 1.09 1.09 1.09 1.09 1.00 1.00 0.88 0.88 0.00 0.00 0.00 0.00 0.00 0.86 0.89 0.89 0.94 0.94 0.94 0.94
0.00 0.00 0.00 0.00 0.00 0.00 0.00 0.00 0.00 0.00 0.00 0.00 0.00 0.00 0.00 0.00 0.00 0.00 0.00 0.00 0.00 0.00 0.00 0.00 0.00 1.07 1.07 1.07 1.09 1.09 1.09 0.00 0.00 0.00 0.00 0.00 0.00 0.00 0.00 0.00 0.00 0.00 0.00 0.00 0.00 0.00 0.00 0.00 0.00 0.00 0.45 0.95 0.97 0.97 0.97 0.97 0.99 0.99 0.99 0.99 1.05 1.05 1.05 1.05 1.09 1.09 1.09 1.09 1.00 0.94 0.00 0.00 0.00 0.00 0.00 0.45 0.86 0.00 0.86 0.89 0.94 0.94 0.94 0.94
0.00 0.00 0.00 0.00 0.00 0.00 0.00 0.00 0.00 0.00 0.00 0.00 0.00 0.00 0.00 0.00 0.00 0.00 0.00 0.00 0.00 0.00 0.00 0.00 0.00 1.12 1.12 1.12 1.14 1.14 1.14 0.00 0.00 0.00 0.00 0.00 0.00 0.00 0.00 0.00 0.00 0.00 0.00 0.00 0.00 0.00 0.00 0.00 0.00 0.00 0.46 0.97 0.99 0.99 0.99 0.99 1.02 1.02 1.02 1.02 1.08 1.08 1.08 1.08 1.13 1.13 1.13 1.13 0.97 0.97 0.00 0.00 0.00 0.00 0.87 0.83 0.00 0.00 0.87 0.91 0.97 0.97 0.97 0.97
0.00 0.00 0.00 0.00 0.00 0.00 0.00 0.00 0.00 0.00 0.00 0.00 0.00 0.00 0.00 0.00 0.00 0.00 0.00 0.00 0.00 0.00 0.00 0.00 1.12 1.12 1.12 1.12 1.14 1.14 1.14 1.14 1.13 0.00 1.13 1.13 0.00 0.00 0.00 0.00 0.00 0.00 0.00 0.00 0.00 0.00 0.00 0.00 0.00 0.00 0.46 0.97 0.99 0.99 0.99 0.99 1.02 1.02 1.02 1.02 1.08 1.08 1.08 1.08 1.13 1.13 1.13 1.13 1.03 0.97 0.00 0.00 0.00 0.00 0.83 0.91 0.00 0.00 0.91 0.91 0.97 0.97 0.97 0.97
0.00 0.00 0.00 0.00 0.00 0.00 0.00 0.00 0.00 0.00 0.00 0.00 0.00 0.00 0.00 0.00 0.00 0.00 0.00 0.00 0.00 0.00 0.00 1.05 1.18 1.18 1.18 1.18 1.22 1.22 1.22 0.99 1.13 1.13 1.13 1.13 1.05 0.00 0.00 0.00 0.00 0.00 0.00 0.00 0.00 0.00 0.00 0.00 0.00 0.00 0.00 0.00 0.90 0.46 0.87 0.83 0.90 0.90 0.90 0.90 0.99 0.99 0.99 0.99 1.12 1.12 0.94 1.12 1.09 1.09 0.00 0.00 0.00 0.00 0.97 0.97 0.92 0.92 0.84 0.92 0.86 0.96 0.96 0.96
0.00 0.00 0.00 0.00 0.00 0.00 0.00 0.00 0.00 0.00 0.00 0.00 0.00 0.00 0.00 0.00 0.00 0.00 0.00 0.00 1.05 1.05 1.05 1.05 1.18 1.18 1.18 1.18 1.22 1.22 1.22 1.22 0.00 0.94 0.00 1.13 1.05 1.05 1.05 0.00 0.00 0.00 0.00 0.00 0.00 0.00 0.00 0.00 0.00 0.00 0.00 0.00 0.00 0.00 0.00 0.90 0.90 0.87 0.90 0.90 0.99 0.99 0.99 0.99 1.12 1.12 1.12 1.12 1.09 1.09 1.09 0.93 0.00 0.00 0.00 0.48 0.84 0.92 0.92 0.92 0.92 0.96 0.96 0.96
0.00 0.00 0.00 0.00 0.00 0.00 0.00 0.00 0.00 0.00 0.00 0.00 0.00 0.00 0.00 0.00 0.00 0.97 0.00 0.00 1.05 1.05 1.05 1.05 1.18 1.18 1.18 1.18 1.22 1.22 1.22 1.22 1.13 0.94 1.13 1.13 1.05 0.90 0.90 0.00 0.88 0.00 0.00 0.00 0.00 0.00 0.00 0.00 0.00 0.00 0.00 0.00 0.00 0.00 0.00 0.00 0.00 0.00 0.90 0.90 0.99 0.87 0.99 0.99 1.12 1.12 1.12 1.12 1.09 1.09 1.09 1.09 0.86 0.00 0.00 0.97 0.92 0.92 0.92 0.92 0.96 0.96 0.96 0.96
0.00 0.00 0.00 0.00 0.00 0.00 0.00 0.00 0.00 0.00 0.00 0.00 0.00 0.00 0.00 0.00 0.97 0.97 0.97 0.97 1.05 1.05 1.05 1.05 1.18 1.18 1.18 1.18 1.22 1.22 1.22 1.22 1.13 1.13 1.13 1.13 1.05 1.05 1.05 0.90 1.00 0.00 0.00 0.00 0.00 0.00 0.00 0.00 0.00 0.00 0.00 0.00 0.00 0.00 0.00 0.00 0.00 0.00 0.83 0.90 0.99 0.99 0.99 0.99 1.12 1.12 1.12 1.12 1.09 1.09 1.09 1.09 0.86 0.00 0.00 0.97 0.92 0.92 0.92 0.92 0.96 0.96 0.96 0.96
0.00 0.00 0.00 0.00 0.00 0.00 0.00 0.00 0.00 0.00 0.00 0.00 0.00 0.00 0.97 0.00 1.00 1.00 1.00 1.00 1.13 1.13 1.13 1.13 1.28 1.28 1.28 1.28 1.22 1.22 1.22 1.22 1.07 1.07 1.07 1.07 0.96 0.96 0.96 0.96 0.89 0.00 0.00 0.00 0.00 0.00 0.00 0.00 0.00 0.00 0.46 0.46 0.00 0.00 0.00 0.00 0.00 0.00 0.87 0.87 0.93 0.93 0.93 0.93 1.08 1.08 1.08 1.08 1.15 1.15 1.15 1.15 0.91 0.91 0.91 1.07 0.98 0.98 0.98 0.98 0.97 0.97 0.97 0.97
0.00 0.00 0.00 0.00 0.00 0.00 0.00 0.00 0.00 0.00 0.00 0.00 0.00 0.97 0.97 0.97 1.00 1.00 1.00 1.00 1.13 1.13 1.13 1.13 1.28 1.28 1.28 1.28 1.22 1.22 1.22 1.22 1.07 1.07 1.07 1.07 0.46 0.96 0.96 0.96 0.00 0.00 0.00 0.00 0.00 0.00 0.00 0.00 0.00 0.46 0.89 0.89 0.82 0.00 0.00 0.00 0.00 0.00 0.84 0.87 0.84 0.84 0.93 0.93 1.08 1.08 1.08 1.08 1.15 1.15 1.15 1.15 1.07 1.07 0.91 1.07 0.98 0.98 0.98 0.98 0.97 0.97 0.97 0.97
0.00 0.00 0.00 0.00 0.00 0.00 0.00 0.00 0.00 0.00 0.00 0.00 0.97 0.97 0.97 0.97 1.00 1.00 1.00 1.00 1.13 1.13 1.13 1.13 1.28 1.28 1.28 1.28 1.22 1.22 1.22 1.22 1.07 1.07 1.07 1.07 0.46 0.86 0.96 0.46 0.00 0.00 0.00 0.00 0.00 0.00 0.00 0.00 0.46 0.89 0.89 0.89 0.82 0.00 0.00 0.00 0.84 0.00 0.00 0.00 0.84 0.93 0.93 0.93 1.08 1.08 1.08 1.08 1.15 1.15 1.15 1.15 1.07 1.07 1.07 1.07 0.98 0.98 0.98 0.98 0.97 0.97 0.97 0.97
0.00 0.00 0.00 0.00 0.00 0.00 0.00 0.00 0.00 0.00 0.00 0.00 0.97 0.97 0.97 0.97 1.00 1.00 1.00 1.00 1.13 1.13 1.13 1.13 1.28 1.28 1.28 1.28 1.22 1.22 1.22 1.22 1.07 1.07 0.46 1.07 0.96 0.86 0.00 0.46 0.00 0.00 0.00 0.00 0.00 0.00 0.00 0.00 0.89 0.89 0.89 0.89 0.89 0.82 0.00 0.00 0.00 0.00 0.00 0.00 0.00 0.84 0.93 0.93 1.08 1.08 1.08 1.08 1.15 1.15 1.15 1.15 1.07 1.07 1.07 1.07 0.98 0.98 0.98 0.98 0.97 0.97 0.97 0.97
0.00 0.00 0.00 0.00 0.00 0.00 0.00 0.00 0.00 0.00 0.94 0.94 0.99 0.99 0.99 0.99 1.07 1.07 1.07 1.07 1.26 1.26 1.26 1.26 1.28 1.28 1.28 1.28 1.07 1.07 1.07 1.07 0.94 0.94 0.94 0.94 0.88 0.82 0.82 0.46 0.45 0.00 0.00 0.00 0.00 0.00 0.00 0.00 0.46 0.88 0.88 0.88 0.92 0.92 0.84 0.00 0.00 0.00 0.90 0.83 0.83 0.83 0.91 0.91 1.03 1.03 1.03 1.03 1.19 1.19 1.19 1.19 1.19 1.19 1.19 1.19 1.07 1.07 1.07 1.07 1.09 1.09 1.09 1.09
0.00 0.00 0.00 0.00 0.00 0.00 0.00 0.00 0.00 0.00 1.17 1.17 0.99 0.99 0.99 0.99 1.07 1.07 1.07 1.07 1.26 1.26 1.26 1.26 1.28 1.28 1.28 1.28 1.07 1.07 1.07 1.07 0.94 0.94 0.94 0.94 0.88 0.88 0.82 0.82 0.00 0.00 0.00 0.00 0.00 0.00 0.00 0.80 0.88 0.88 0.88 0.88 0.92 0.92 0.92 0.88 0.83 0.83 0.90 0.90 0.91 0.83 0.91 0.91 1.03 1.03 1.03 1.03 1.19 1.19 1.19 1.19 1.19 1.19 1.19 1.19 1.07 1.07 1.07 1.07 1.09 1.09 1.09 1.09
0.00 0.00 0.00 0.00 0.00 0.00 0.00 0.00 0.00 0.00 0.00 1.17 1.22 0.99 0.99 0.99 1.07 1.07 1.07 1.07 1.26 1.26 1.26 1.26 1.28 1.28 1.28 1.28 1.07 1.07 1.07 1.07 0.94 0.94 0.94 0.94 0.88 0.88 0.88 0.46 0.00 0.00 0.00 0.00 0.00 0.00 0.00 0.00 0.85 0.85 0.00 0.85 0.92 0.92 0.92 0.92 0.83 0.83 0.83 0.90 0.91 0.91 0.91 0.91 1.03 1.03 1.03 1.03 1.19 1.19 1.19 1.19 1.19 1.19 1.19 1.19 1.07 1.07 1.07 1.07 1.09 1.09 1.09 1.09
0.00 0.00 0.00 0.00 0.00 0.00 0.00 0.00 0.00 0.00 0.00 1.17 1.22 1.22 1.22 0.99 1.07 1.07 1.07 1.07 1.26 1.26 1.26 1.26 1.28 1.28 1.28 1.28 1.07 1.07 1.07 1.07 0.94 0.94 0.94 0.94 0.88 0.88 0.88 0.85 0.00 0.00 0.00 0.00 0.00 0.00 0.00 0.80 0.88 0.82 0.00 0.82 0.92 0.92 0.92 0.92 0.90 0.83 0.83 0.83 0.91 0.91 0.91 0.91 1.03 1.03 1.03 1.03 1.19 1.19 1.19 1.19 1.19 1.19 1.19 1.19 1.07 1.07 1.07 1.07 1.09 1.09 1.09 1.09
0.00 0.00 0.00 0.00 0.00 0.00 0.00 0.00 0.00 0.00 0.00 0.00 1.23 1.23 1.23 1.23 1.13 1.13 1.13 1.13 1.28 1.28 1.28 1.28 1.14 1.14 1.14 1.14 0.94 0.94 0.94 0.94 0.87 0.87 0.45 0.87 0.84 0.84 0.84 0.82 0.00 0.00 0.00 0.00 0.00 0.00 0.00 0.80 0.88 0.82 0.82 0.88 0.95 0.95 0.95 0.95 0.98 0.98 0.98 0.98 0.87 0.97 0.97 0.97 1.07 1.07 1.07 1.07 1.26 1.26 1.26 1.26 1.26 1.26 1.26 1.26 1.13 1.13 1.13 1.13 1.13 1.13 1.13 1.13
0.00 0.00 0.00 0.00 0.00 0.00 0.00 0.00 0.00 0.00 0.00 1.18 1.23 1.23 1.23 1.23 1.36 1.13 1.13 1.13 1.28 1.28 1.28 1.28 1.14 1.14 1.14 1.14 0.94 0.94 0.94 0.94 0.87 0.87 0.45 0.87 0.00 0.84 0.82 0.00 0.00 0.00 0.00 0.00 0.00 0.00 0.83 0.85 0.88 0.88 0.88 0.88 0.95 0.95 0.95 0.95 0.98 0.98 0.98 0.98 0.97 0.97 0.97 0.97 1.07 1.07 1.07 1.07 1.26 1.26 1.26 1.26 1.26 1.26 1.26 1.26 1.13 1.13 1.13 1.13 1.13 1.13 1.13 1.13
0.00 0.00 0.00 0.00 1.19 0.00 0.00 0.00 0.00 0.00 1.21 1.21 1.27 1.27 1.27 1.27 1.42 1.42 1.42 1.19 1.32 1.32 1.32 1.32 1.17 1.17 1.17 1.17 0.96 0.96 0.96 0.96 0.88 0.88 0.88 0.82 0.84 0.84 0.82 0.82 0.00 0.00 0.00 0.00 0.00 0.83 0.86 0.86 0.89 0.89 0.89 0.89 0.96 0.96 0.96 0.96 0.99 0.99 0.99 0.99 0.98 0.98 0.98 0.98 1.08 1.08 1.08 1.08 1.26 1.26 1.26 1.26 1.26 0.00 1.26 1.26 1.14 1.14 1.14 1.14 1.13 1.13 1.13 1.13
0.00 0.00 0.00 1.20 1.19 1.19 0.00 0.00 0.00 1.21 1.21 1.21 1.27 1.27 1.27 1.27 1.42 1.42 1.42 1.42 1.32 1.32 1.32 1.32 1.17 1.17 1.17 1.17 0.96 0.96 0.96 0.96 0.88 0.88 0.88 0.88 0.84 0.84 0.80 0.84 0.00 0.00 0.00 0.00 0.00 0.00 0.86 0.86 0.89 0.89 0.89 0.89 0.96 0.96 0.96 0.96 0.99 0.99 0.99 0.99 0.98 0.98 0.98 0.98 1.08 1.08 1.08 1.08 1.26 1.26 1.26 1.26 1.26 0.00 1.26 1.26 1.14 1.14 1.14 1.14 1.13 1.13 1.13 1.13
1.20 1.20 1.20 1.20 1.19 1.19 1.19 1.19 1.18 1.18 1.08 1.18 1.23 1.23 1.23 1.23 1.36 1.36 1.36 1.36 1.48 1.48 1.24 1.24 1.13 1.13 1.13 1.13 0.95 0.95 0.95 0.95 0.86 0.86 0.86 0.86 0.82 0.81 0.81 0.79 0.00 0.00 0.00 0.00 0.00 0.00 0.85 0.85 0.91 0.91 0.91 0.91 1.03 1.03 1.03 1.03 1.18 1.18 1.18 1.18 1.23 1.23 1.23 1.23 1.29 1.29 1.29 1.29 1.31 1.31 0.00 1.31 1.23 1.23 1.23 1.23 1.18 1.18 1.18 1.18 1.14 1.14 1.14 1.14
1.20 1.20 1.20 1.20 1.19 1.19 1.19 1.19 1.18 1.18 1.18 1.18 1.23 1.23 1.23 1.23 1.36 1.36 1.36 1.36 1.48 1.48 1.48 1.24 1.13 1.13 1.13 1.13 0.95 0.95 0.95 0.95 0.86 0.86 0.86 0.86 0.79 0.00 0.00 0.00 0.00 0.00 0.00 0.00 0.00 0.00 0.85 0.85 0.91 0.91 0.91 0.91 1.03 1.03 1.03 1.03 1.18 1.18 1.18 1.18 1.23 1.23 1.23 1.23 1.29 1.29 1.29 1.29 1.31 1.31 1.31 1.31 1.23 0.00 1.23 1.23 1.18 1.18 1.18 1.18 1.14 1.14 1.14 0.00
1.20 1.20 1.20 1.20 1.19 1.19 1.19 1.19 1.18 1.18 1.18 1.18 1.23 1.23 1.23 1.23 1.36 1.36 1.36 1.36 1.48 1.48 1.48 1.48 1.36 1.13 1.13 1.13 0.95 0.95 0.95 0.95 0.86 0.86 0.86 0.86 0.81 0.79 0.81 0.00 0.00 0.80 0.80 0.79 0.00 0.00 0.80 0.85 0.91 0.91 0.91 0.91 1.03 1.03 1.03 1.03 1.18 1.18 1.18 1.18 1.23 1.23 1.23 1.23 1.29 1.29 1.29 1.29 1.31 1.31 1.31 1.31 1.23 1.23 1.23 1.23 1.18 1.18 1.18 1.18 1.14 1.14 0.00 0.00
1.20 1.20 1.20 1.20 1.19 1.19 1.19 1.19 1.18 1.18 1.18 1.18 1.23 1.23 1.23 1.23 1.36 1.36 1.36 1.36 1.48 1.48 1.48 1.48 1.36 1.36 1.13 1.13 0.95 0.95 0.95 0.95 0.86 0.86 0.86 0.86 0.82 0.82 0.82 0.00 0.46 0.82 0.82 0.79 0.00 0.00 0.80 0.85 0.91 0.91 0.91 0.91 1.03 1.03 1.03 1.03 1.18 1.18 1.18 1.18 1.23 1.23 1.23 1.23 1.29 1.29 1.29 1.29 1.31 1.31 1.31 1.31 1.23 1.23 1.23 1.23 1.18 1.18 0.00 1.18 1.14 1.14 0.00 0.00
1.23 1.23 1.23 1.23 1.22 1.22 1.22 1.22 1.21 1.21 1.21 1.21 1.23 1.23 1.23 1.23 1.30 1.30 1.30 1.30 1.42 1.42 1.42 1.42 1.41 1.41 1.41 1.41 0.99 0.99 0.99 0.99 0.87 0.87 0.87 0.87 0.84 0.84 0.46 0.00 0.46 0.82 0.82 0.79 0.00 0.00 0.83 0.85 1.00 1.00 1.00 1.00 1.24 1.24 1.24 1.24 1.37 1.37 1.37 1.37 1.34 1.34 1.34 1.34 1.30 1.30 1.30 1.30 1.18 1.18 1.18 1.18 1.12 1.12 1.12 1.12 1.18 1.18 1.18 1.18 0.00 0.00 0.00 0.00
1.23 1.23 1.23 1.23 1.22 1.22 1.22 1.22 1.21 1.21 1.21 1.21 1.23 1.23 1.23 1.23 1.30 1.30 1.30 1.30 1.42 1.42 1.42 1.42 1.41 1.41 1.41 1.41 1.23 0.99 0.99 0.99 0.87 0.87 0.87 0.87 0.84 0.84 0.84 0.00 0.79 0.82 0.82 0.79 0.00 0.80 0.80 0.85 1.00 1.00 1.00 1.00 1.24 1.24 1.24 1.24 1.37 1.37 1.37 1.37 1.34 1.34 1.34 1.34 1.30 1.30 1.30 1.30 1.18 1.18 1.18 1.18 1.12 1.12 1.12 1.12 1.18 1.18 1.18 1.18 0.00 0.00 0.00 0.00
1.23 1.23 1.23 1.23 1.22 1.22 1.22 1.22 1.21 1.21 1.21 1.21 1.23 1.23 1.23 1.23 1.30 1.30 1.30 1.30 1.42 1.42 1.42 1.42 1.41 1.41 1.41 1.41 1.23 1.23 0.99 0.99 0.87 0.87 0.87 0.87 0.84 0.84 0.84 0.80 0.79 0.81 0.82 0.79 0.85 0.85 0.85 0.85 1.00 1.00 1.00 1.00 1.24 1.24 1.24 1.24 1.37 1.37 1.37 1.37 1.34 1.34 1.34 1.34 1.30 1.30 1.30 1.30 1.18 1.18 1.18 1.18 1.12 1.12 1.12 1.12 1.18 1.18 1.18 1.18 0.00 0.00 0.00 0.00
1.23 1.23 1.23 1.23 1.22 1.22 1.22 1.22 1.21 1.21 1.21 1.21 1.23 1.23 1.23 1.23 1.30 1.30 1.30 1.30 1.42 1.42 1.42 1.42 1.41 1.41 1.41 1.41 1.23 1.23 1.23 1.23 0.87 0.87 0.87 0.87 0.84 0.84 0.84 0.80 0.81 0.79 0.82 0.82 0.85 0.85 0.85 0.85 1.00 1.00 1.00 1.00 1.24 1.24 1.24 1.24 1.37 1.37 1.37 1.37 1.34 1.34 1.34 1.34 1.30 1.30 1.30 1.30 1.18 1.18 1.18 1.18 1.12 1.12 1.12 1.12 1.18 1.18 1.18 1.18 0.00 0.00 0.00 0.00
1.29 1.29 1.29 1.29 1.27 1.27 1.27 1.27 1.30 1.30 1.30 1.30 1.37 1.37 1.37 1.37 1.43 1.43 1.43 1.43 1.46 1.46 1.46 1.46 1.43 1.43 1.43 1.43 1.31 1.31 1.31 1.31 1.20 0.97 0.97 0.97 0.92 0.92 0.92 0.92 0.89 0.89 0.89 0.89 0.99 0.99 0.99 0.99 1.21 1.21 1.21 1.21 1.38 1.38 0.00 1.38 1.31 1.31 1.31 1.31 1.20 1.20 1.20 1.20 1.13 1.13 1.13 1.13 1.07 1.07 1.07 1.07 1.08 1.08 1.08 1.08 1.12 1.12 1.12 1.12 0.00 0.00 0.00 0.00
1.29 1.29 1.29 1.29 1.27 1.27 1.27 1.27 1.30 1.30 1.30 1.30 1.37 1.37 1.37 1.37 1.43 1.43 1.43 1.43 1.46 1.46 1.46 1.46 1.43 1.43 1.43 1.43 1.31 1.31 1.31 1.31 1.20 1.20 1.20 0.97 0.92 0.92 0.92 0.92 0.89 0.89 0.89 0.89 0.99 0.99 0.99 0.99 1.21 1.21 1.21 1.21 1.38 1.38 1.38 1.38 1.31 1.31 1.31 1.31 1.20 1.20 1.20 1.20 1.13 1.13 1.13 1.13 1.07 1.07 1.07 1.07 1.08 1.08 1.08 1.08 1.12 1.12 1.12 1.12 1.19 0.00 0.00 0.00
