New_Model_Runs/15_Future_RCP8.5_Scn2_out/post_prcessed_with_MFR/Monthly_summaries/interception_monthly_AUG.asc
NCOLS 700
NROWS 400
XLLCENTER 515000.000000
YLLCENTER 8409000.000000
CELLSIZE 50.000000
NODATA_value -999.000000
[rows 190 to 227 of 400, columns 84 to 167 of 700]
0.00 0.00 0.00 0.00 0.00 0.00 0.00 0.00 0.00 0.00 0.00 0.00 0.00 0.00 0.00 0.00 0.00 0.00 0.00 0.00 0.00 0.00 0.00 0.00 0.00 0.77 0.77 0.77 0.80 0.80 0.80 0.80 0.84 0.84 0.84 0.84 0.88 0.88 0.88 0.88 0.87 0.87 0.87 0.87 0.83 0.83 0.83 0.83 0.82 0.82 0.82 0.82 0.84 0.84 0.84 0.84 0.87 0.87 0.87 0.87 0.96 0.96 0.96 0.96 0.99 0.99 0.99 0.99 0.94 0.94 0.94 0.94 0.97 0.97 0.97 0.97 0.98 0.98 0.98 0.98 0.77 0.77 0.77 0.77
0.00 0.00 0.00 0.00 0.00 0.00 0.00 0.00 0.00 0.00 0.00 0.00 0.00 0.00 0.00 0.00 0.00 0.00 0.00 0.00 0.00 0.00 0.00 0.00 0.00 0.77 0.77 0.65 0.67 0.80 0.80 0.80 0.84 0.84 0.84 0.84 0.88 0.88 0.88 0.88 0.87 0.87 0.87 0.87 0.83 0.83 0.83 0.83 0.82 0.82 0.82 0.82 0.84 0.84 0.84 0.84 0.87 0.87 0.87 0.87 0.96 0.96 0.96 0.96 0.99 0.99 0.99 0.99 0.94 0.94 0.94 0.94 0.97 0.97 0.97 0.97 0.98 0.98 0.98 0.98 0.77 0.77 0.77 0.77
0.00 0.00 0.00 0.00 0.00 0.00 0.00 0.00 0.00 0.00 0.00 0.00 0.00 0.00 0.00 0.00 0.00 0.00 0.00 0.00 0.00 0.00 0.00 0.00 0.00 0.00 0.73 0.73 0.65 0.65 0.76 0.76 0.82 0.82 0.82 0.82 0.89 0.89 0.89 0.89 0.90 0.90 0.90 0.90 0.86 0.86 0.86 0.86 0.83 0.83 0.83 0.83 0.86 0.86 0.86 0.86 0.90 0.90 0.90 0.90 0.98 0.98 0.98 0.98 0.99 0.99 0.99 0.99 0.95 0.95 0.95 0.95 0.95 0.95 0.95 0.95 0.81 0.81 0.81 0.81 0.68 0.68 0.68 0.68
0.00 0.00 0.00 0.00 0.00 0.00 0.00 0.00 0.00 0.00 0.00 0.00 0.00 0.00 0.00 0.00 0.00 0.00 0.00 0.00 0.00 0.00 0.00 0.00 0.00 0.00 0.00 0.73 0.65 0.65 0.76 0.76 0.82 0.82 0.82 0.82 0.89 0.89 0.89 0.89 0.90 0.90 0.90 0.90 0.86 0.86 0.86 0.86 0.83 0.83 0.83 0.83 0.86 0.86 0.86 0.86 0.90 0.90 0.90 0.90 0.98 0.98 0.98 0.98 0.99 0.99 0.99 0.99 0.95 0.95 0.95 0.95 0.95 0.95 0.95 0.95 0.81 0.81 0.81 0.81 0.68 0.68 0.68 0.68
0.00 0.00 0.00 0.00 0.00 0.00 0.00 0.00 0.00 0.00 0.00 0.00 0.00 0.00 0.00 0.00 0.00 0.00 0.00 0.00 0.00 0.00 0.00 0.00 0.00 0.00 0.00 0.65 0.82 0.82 0.82 0.82 0.89 0.89 0.89 0.89 0.97 0.97 0.97 0.97 0.98 0.98 0.98 0.98 0.94 0.94 0.94 0.94 0.90 0.90 0.90 0.90 0.95 0.95 0.95 0.95 0.99 0.99 0.99 0.99 1.10 1.10 1.10 1.10 1.11 1.11 1.11 1.11 1.06 1.06 1.06 1.06 1.06 1.06 1.06 1.06 0.89 0.89 0.89 0.89 0.72 0.72 0.72 0.72
0.00 0.00 0.00 0.00 0.00 0.00 0.00 0.00 0.00 0.00 0.00 0.00 0.00 0.00 0.00 0.00 0.00 0.00 0.00 0.00 0.00 0.00 0.00 0.00 0.00 0.00 0.48 0.65 0.82 0.82 0.82 0.82 0.89 0.89 0.89 0.89 0.97 0.97 0.97 0.97 0.98 0.98 0.98 0.98 0.94 0.94 0.94 0.94 0.90 0.90 0.90 0.90 0.95 0.95 0.95 0.95 0.99 0.99 0.99 0.99 1.10 1.10 1.10 1.10 1.11 1.11 1.11 1.11 1.06 1.06 1.06 1.06 1.06 1.06 1.06 1.06 0.89 0.89 0.89 0.89 0.72 0.72 0.72 0.72
0.00 0.00 0.00 0.00 0.00 0.00 0.00 0.00 0.00 0.00 0.00 0.00 0.00 0.00 0.00 0.00 0.00 0.00 0.00 0.00 0.00 0.84 0.84 0.84 0.77 0.00 0.77 0.77 0.80 0.80 0.80 0.80 0.87 0.87 0.87 0.87 0.94 0.94 0.94 0.94 0.98 0.98 0.98 0.98 0.98 0.98 0.98 0.98 0.96 0.96 0.96 0.96 1.02 1.02 1.02 1.02 1.05 1.05 1.05 1.05 1.10 1.10 1.10 1.10 1.08 1.08 1.08 1.08 1.04 1.04 1.04 1.04 0.88 0.88 0.88 0.88 0.71 0.71 0.71 0.71 0.69 0.69 0.69 0.69
0.00 0.00 0.00 0.00 0.00 0.00 0.00 0.00 0.00 0.00 0.00 0.00 0.00 0.00 0.00 0.00 0.00 0.00 0.00 0.00 0.84 0.84 0.84 0.84 0.65 0.65 0.00 0.72 0.80 0.80 0.80 0.80 0.87 0.87 0.87 0.87 0.94 0.94 0.94 0.94 0.98 0.98 0.98 0.98 0.98 0.98 0.98 0.98 0.96 0.96 0.96 0.96 1.02 1.02 1.02 1.02 1.05 1.05 1.05 1.05 1.10 1.10 1.10 1.10 1.08 1.08 1.08 1.08 1.04 1.04 1.04 1.04 0.88 0.88 0.88 0.88 0.71 0.71 0.71 0.71 0.69 0.69 0.69 0.69
0.00 0.00 0.00 0.00 0.00 0.00 0.00 0.00 0.00 0.00 0.00 0.00 0.00 0.00 0.00 0.00 0.00 0.00 0.00 0.84 0.84 0.84 0.84 0.69 0.65 0.72 0.72 0.77 0.74 0.80 0.80 0.80 0.87 0.87 0.87 0.87 0.94 0.94 0.94 0.94 0.98 0.98 0.98 0.98 0.98 0.98 0.98 0.98 0.96 0.96 0.96 0.96 1.02 1.02 1.02 1.02 1.05 1.05 1.05 1.05 1.10 1.10 1.10 1.10 1.08 1.08 1.08 1.08 1.04 1.04 1.04 1.04 0.88 0.88 0.88 0.88 0.71 0.71 0.71 0.71 0.69 0.69 0.69 0.69
0.00 0.00 0.00 0.00 0.00 0.00 0.00 0.00 0.00 0.00 0.00 0.00 0.00 0.00 0.00 0.00 0.00 0.00 0.84 0.84 0.84 0.84 0.84 0.84 0.77 0.77 0.77 0.72 0.80 0.80 0.80 0.80 0.87 0.87 0.87 0.87 0.94 0.94 0.94 0.94 0.98 0.98 0.98 0.98 0.98 0.98 0.98 0.98 0.96 0.96 0.96 0.96 1.02 1.02 1.02 1.02 1.05 1.05 1.05 1.05 1.10 1.10 1.10 1.10 1.08 1.08 1.08 1.08 1.04 1.04 1.04 1.04 0.88 0.88 0.88 0.88 0.71 0.71 0.71 0.71 0.69 0.69 0.69 0.69
0.00 1.57 1.57 1.57 0.00 0.00 0.00 0.00 0.00 0.00 0.00 0.00 0.00 0.00 0.00 1.47 1.52 1.52 1.52 0.87 0.89 0.89 0.89 0.89 0.83 0.83 0.83 0.76 0.83 0.83 0.83 0.83 0.87 0.87 0.87 0.87 0.90 0.90 0.90 0.90 0.92 0.92 0.92 0.92 1.02 1.02 1.02 1.02 1.06 1.06 1.06 1.06 1.07 1.07 1.07 1.07 1.04 1.04 1.04 1.04 1.05 1.05 1.05 1.05 1.05 1.05 1.05 1.05 0.94 0.94 0.94 0.94 0.73 0.73 0.73 0.73 0.68 0.68 0.68 0.68 0.75 0.75 0.75 0.75
0.00 0.00 1.57 1.57 1.51 0.00 0.00 0.00 0.00 0.00 0.00 0.00 0.00 0.00 1.47 1.47 1.52 1.52 1.52 1.52 1.54 1.54 1.54 0.89 0.83 0.83 0.83 0.83 0.83 0.83 0.83 0.83 0.87 0.87 0.87 0.87 0.90 0.90 0.90 0.90 0.92 0.92 0.92 0.92 1.02 1.02 1.02 1.02 1.06 1.06 1.06 1.06 1.07 1.07 1.07 1.07 1.04 1.04 1.04 1.04 1.05 1.05 1.05 1.05 1.05 1.05 1.05 1.05 0.94 0.94 0.94 0.94 0.73 0.73 0.73 0.73 0.68 0.68 0.68 0.68 0.75 0.75 0.75 0.75
0.00 0.00 1.57 1.57 1.51 1.51 0.00 0.00 0.00 0.00 0.00 0.00 0.00 1.47 1.47 1.47 1.52 1.52 1.52 1.28 1.54 1.54 1.54 1.54 1.48 1.48 1.48 0.83 0.83 0.83 0.83 0.83 0.87 0.87 0.87 0.87 0.90 0.90 0.90 0.90 0.92 0.92 0.92 0.92 1.02 1.02 1.02 1.02 1.06 1.06 1.06 1.06 1.07 1.07 1.07 1.07 1.04 1.04 1.04 1.04 1.05 1.05 1.05 1.05 1.05 1.05 1.05 1.05 0.94 0.94 0.94 0.94 0.73 0.73 0.73 0.73 0.68 0.68 0.68 0.68 0.75 0.75 0.75 0.75
1.57 1.57 1.57 1.57 1.51 1.51 0.00 0.00 0.00 0.00 0.00 0.00 0.00 0.00 1.47 1.47 1.52 1.52 1.52 1.52 1.54 1.54 1.54 1.54 1.48 1.48 1.48 1.48 1.49 1.49 0.83 0.83 0.87 0.87 0.87 0.87 0.90 0.90 0.90 0.90 0.92 0.92 0.92 0.92 1.02 1.02 1.02 1.02 1.06 1.06 1.06 1.06 1.07 1.07 1.07 1.07 1.04 1.04 1.04 1.04 1.05 1.05 1.05 1.05 1.05 1.05 1.05 1.05 0.94 0.94 0.94 0.94 0.73 0.73 0.73 0.73 0.68 0.68 0.68 0.68 0.75 0.75 0.75 0.75
1.60 1.60 1.60 1.60 1.53 1.53 1.53 0.00 0.00 0.00 0.00 0.00 0.00 0.00 1.44 1.44 1.50 1.50 1.50 1.50 1.56 1.56 1.56 1.56 1.56 1.56 1.56 1.56 1.60 1.60 1.60 1.60 1.59 1.59 0.94 0.94 0.91 0.91 0.91 0.91 0.92 0.92 0.92 0.92 1.04 1.04 1.04 1.04 1.09 1.09 1.09 1.09 1.06 1.06 1.06 1.06 1.01 1.01 1.01 1.01 1.02 1.02 1.02 1.02 1.01 1.01 1.01 1.01 0.85 0.85 0.85 0.85 0.68 0.68 0.68 0.68 0.68 0.68 0.68 0.68 0.81 0.81 0.81 0.81
1.60 1.60 1.60 1.60 1.53 1.53 1.53 1.53 0.00 0.00 0.00 0.00 0.00 0.00 1.44 1.44 1.50 1.50 1.50 1.50 1.56 1.56 1.56 1.56 1.56 1.56 1.56 1.56 1.60 1.60 1.60 1.60 1.59 1.59 1.59 1.59 1.57 0.91 0.91 0.91 0.92 0.92 0.92 0.92 1.04 1.04 1.04 1.04 1.09 1.09 1.09 1.09 1.06 1.06 1.06 1.06 1.01 1.01 1.01 1.01 1.02 1.02 1.02 1.02 1.01 1.01 1.01 1.01 0.85 0.85 0.85 0.85 0.68 0.68 0.68 0.68 0.68 0.68 0.68 0.68 0.81 0.81 0.81 0.81
1.60 1.60 1.60 1.60 1.53 1.53 1.53 1.53 0.00 0.00 0.00 0.00 0.00 0.00 1.44 1.44 1.50 1.50 1.50 1.50 1.56 1.56 1.56 1.56 1.56 1.56 1.56 1.56 1.60 1.60 1.60 1.60 1.59 1.59 1.59 1.59 1.57 1.57 1.57 1.57 1.58 0.92 0.92 0.92 1.04 1.04 1.04 1.04 1.09 1.09 1.09 1.09 1.06 1.06 1.06 1.06 1.01 1.01 1.01 1.01 1.02 1.02 0.79 1.02 1.01 1.01 1.01 1.01 0.85 0.85 0.85 0.85 0.68 0.68 0.68 0.68 0.68 0.68 0.68 0.68 0.81 0.81 0.81 0.81
1.60 1.60 1.60 1.60 1.53 1.53 1.53 1.53 1.21 1.42 0.58 0.00 0.00 0.61 1.35 1.44 1.50 0.61 1.50 1.50 1.56 1.56 1.56 1.56 1.56 1.56 1.56 1.56 1.60 1.60 1.60 1.60 1.59 1.59 1.59 1.59 1.57 1.57 1.57 1.57 1.58 1.58 1.58 1.58 1.04 1.04 1.04 1.04 1.09 1.09 1.09 1.09 1.06 1.06 1.06 1.06 1.01 1.01 1.01 1.01 1.02 1.02 1.02 1.02 1.01 1.01 1.01 1.01 0.85 0.85 0.85 0.85 0.68 0.68 0.68 0.68 0.68 0.68 0.68 0.68 0.81 0.81 0.81 0.81
1.61 1.61 1.61 1.61 1.56 1.56 1.56 1.56 1.43 1.43 1.35 1.35 0.00 0.00 1.24 1.35 1.37 1.47 1.47 1.47 1.52 1.52 1.52 1.52 1.55 1.55 1.55 1.55 1.61 1.61 1.61 1.61 1.60 1.60 1.60 1.60 1.60 1.60 1.60 1.60 1.63 1.63 1.63 1.63 1.72 1.72 1.72 1.72 1.02 1.02 1.02 1.02 0.99 0.99 0.99 0.99 0.98 0.98 0.98 0.98 1.01 1.01 1.01 1.01 0.95 0.95 0.95 0.95 0.80 0.80 0.80 0.80 0.67 0.67 0.67 0.67 0.68 0.68 0.68 0.68 0.84 0.84 0.84 0.84
1.61 1.61 1.61 1.61 1.56 1.56 1.56 1.56 1.43 0.00 1.43 1.43 0.00 0.00 1.24 1.44 1.37 1.37 1.47 1.47 1.52 1.52 1.52 1.52 1.55 1.55 1.55 1.55 1.61 1.61 1.61 1.61 1.60 1.60 1.60 1.60 1.60 1.60 1.60 1.60 1.63 1.63 1.63 1.63 1.72 1.72 1.72 1.72 1.68 1.68 1.68 1.02 0.99 0.99 0.99 0.99 0.98 0.98 0.98 0.98 1.01 1.01 1.01 1.01 0.95 0.95 0.95 0.95 0.80 0.80 0.80 0.80 0.67 0.67 0.67 0.67 0.68 0.68 0.68 0.68 0.84 0.84 0.84 0.84
1.72 1.72 1.72 1.72 1.66 1.66 1.66 1.66 1.51 0.00 1.51 1.51 1.50 1.50 1.29 1.50 1.53 1.53 1.53 1.53 1.60 1.60 1.60 1.60 1.64 1.64 1.64 1.64 1.70 1.70 1.70 1.70 1.69 1.69 1.69 1.69 1.69 1.69 1.69 1.69 1.73 1.73 1.73 1.73 1.83 1.83 1.83 1.83 1.79 1.79 1.79 1.79 1.74 1.74 1.74 1.08 1.07 1.07 1.07 1.07 1.11 1.11 1.11 1.11 1.04 1.04 1.04 1.04 0.86 0.86 0.86 0.86 0.70 0.70 0.70 0.70 0.71 0.63 0.71 0.71 0.90 0.90 0.90 0.90
1.72 1.72 1.72 1.72 1.66 1.66 1.66 1.66 1.51 1.51 1.51 1.51 1.50 1.50 1.50 1.50 1.44 1.53 1.53 1.31 1.60 1.60 1.60 1.60 1.64 1.64 1.64 1.64 1.70 1.70 1.70 1.70 1.69 1.69 1.69 1.69 1.69 1.69 1.69 1.69 1.73 1.73 1.73 1.73 1.83 1.83 1.83 1.83 1.79 1.79 1.79 1.79 1.74 1.74 1.74 1.74 1.74 1.74 1.74 1.07 1.11 1.11 1.11 1.11 1.04 1.04 1.04 1.04 0.86 0.86 0.86 0.86 0.70 0.70 0.70 0.70 0.71 0.71 0.71 0.71 0.90 0.90 0.90 0.90
1.66 1.66 1.66 1.66 1.69 1.69 1.69 1.69 1.62 1.62 0.00 1.62 1.55 1.55 1.55 1.55 1.42 1.42 1.50 1.50 1.51 1.51 1.51 1.51 1.54 1.54 1.54 1.54 1.58 1.58 1.58 1.58 1.58 1.58 1.58 1.58 1.64 1.64 1.64 1.64 1.69 1.69 1.69 1.69 1.71 1.71 1.71 1.71 1.65 1.65 1.65 1.65 1.64 1.64 1.64 1.64 1.70 1.70 1.70 1.70 1.76 1.76 1.09 1.09 1.02 1.02 1.02 1.02 0.89 0.89 0.89 0.89 0.75 0.75 0.75 0.75 0.78 0.78 0.78 0.78 0.95 0.95 0.95 0.95
1.66 1.66 1.66 1.66 1.69 1.69 1.69 1.69 1.62 1.62 1.62 1.62 1.55 1.55 1.32 1.46 1.42 1.42 1.29 1.29 1.51 1.51 1.51 1.51 1.54 1.54 1.54 1.54 1.58 1.58 1.58 1.58 1.58 1.58 1.58 1.58 1.64 1.64 1.64 1.64 1.69 1.69 1.69 1.69 1.71 1.71 1.71 1.71 1.65 1.65 1.65 1.65 1.64 1.64 1.64 1.64 1.70 1.70 1.70 1.70 1.76 1.76 1.76 1.76 1.70 1.70 1.02 1.02 0.89 0.89 0.89 0.89 0.75 0.75 0.75 0.75 0.78 0.78 0.78 0.78 0.95 0.95 0.95 0.95
1.66 1.66 1.66 1.66 1.69 1.69 1.69 1.69 1.62 1.62 1.62 1.62 1.55 1.55 1.55 1.55 1.29 1.50 1.50 1.50 1.51 1.30 1.51 1.51 1.54 1.54 1.54 1.54 1.58 1.58 1.58 1.58 1.58 1.58 1.58 1.58 1.64 1.64 1.64 1.64 1.69 1.69 1.69 1.69 1.71 1.71 1.71 1.71 1.65 1.65 1.65 1.65 1.64 1.64 1.64 1.64 1.70 1.70 1.70 1.70 1.76 1.76 1.76 1.76 1.70 1.70 1.70 1.70 1.57 0.89 0.89 0.89 0.75 0.75 0.75 0.75 0.78 0.78 0.78 0.78 0.95 0.95 0.95 0.95
1.66 1.66 1.66 1.66 1.69 1.69 1.69 1.69 1.62 1.62 1.62 1.62 1.55 1.55 1.55 1.55 1.50 1.50 1.50 1.50 1.30 1.30 1.51 1.51 1.54 1.54 1.54 1.54 1.58 1.58 1.58 1.58 1.58 1.58 1.58 1.58 1.64 1.64 1.64 1.64 1.69 1.69 1.69 1.69 1.71 1.71 1.71 1.71 1.65 1.65 1.65 1.65 1.64 1.64 1.64 1.64 1.70 1.70 1.70 1.70 1.76 1.76 1.76 1.76 1.70 1.70 1.70 1.70 1.57 1.57 1.57 1.57 1.43 0.75 0.75 0.75 0.78 0.78 0.78 0.78 0.95 0.95 0.95 0.95
1.57 1.57 1.57 1.57 1.64 1.64 1.64 1.64 1.68 1.68 1.68 1.68 1.61 1.61 1.61 1.61 1.52 1.52 1.52 1.52 1.53 1.53 1.53 1.53 1.55 1.55 1.55 1.55 1.53 1.53 1.53 1.53 1.50 1.50 1.50 1.50 1.56 1.56 1.56 1.56 1.60 1.60 1.60 1.60 1.60 1.60 1.60 1.60 1.55 1.55 1.55 1.55 1.59 1.59 1.59 1.59 1.68 1.68 1.68 1.68 1.77 1.77 1.77 1.77 1.74 1.74 1.74 1.74 1.66 1.66 1.66 1.66 1.61 1.61 1.61 1.61 1.00 1.00 1.00 1.00 1.05 1.05 1.05 1.05
1.57 1.57 1.57 1.57 1.64 1.64 1.64 1.64 1.68 1.68 1.68 1.68 1.61 1.61 1.61 1.61 1.52 1.52 1.52 1.52 1.53 1.53 1.53 1.53 1.55 1.55 1.55 1.55 1.53 1.53 1.53 1.53 1.50 1.50 1.50 1.50 1.56 1.56 1.56 1.56 1.60 1.60 1.60 1.60 1.60 1.60 1.60 1.60 1.55 1.55 1.55 1.55 1.59 1.59 1.59 1.59 1.68 1.68 1.68 1.68 1.77 1.77 1.77 1.77 1.74 1.74 1.74 1.74 1.66 1.66 1.66 1.66 1.61 1.61 1.61 1.61 1.67 1.67 1.67 1.67 1.05 1.05 1.05 1.05
1.57 1.57 1.57 1.57 1.64 1.64 1.64 1.64 1.68 1.68 1.68 1.68 1.61 1.61 1.61 1.61 1.52 1.52 1.52 1.52 1.53 1.53 1.53 1.53 1.55 1.55 1.55 1.55 1.53 1.53 1.53 1.53 1.50 1.50 1.50 1.50 1.56 1.56 1.56 1.56 1.60 1.60 1.60 1.60 1.60 1.60 1.60 1.60 1.55 1.55 1.55 1.55 1.59 1.59 1.59 1.59 1.68 1.68 1.68 1.68 1.77 1.77 1.77 1.77 1.74 1.74 1.74 1.74 1.66 1.66 1.66 1.66 1.61 1.61 1.61 1.61 1.67 1.67 1.67 1.67 1.72 1.72 1.72 1.05
1.57 1.57 1.57 1.57 1.64 1.64 1.64 1.64 1.68 1.68 1.68 1.68 1.61 1.61 1.61 1.61 1.52 1.52 1.52 1.52 1.53 1.53 1.53 1.53 1.55 1.55 1.55 1.55 1.53 1.53 1.53 1.53 1.50 1.50 1.50 1.50 1.56 1.56 1.56 1.56 1.60 1.60 1.60 1.60 1.60 1.60 1.60 1.60 1.55 1.55 1.55 1.55 1.59 1.59 1.59 1.59 1.68 1.68 1.68 1.68 1.77 1.77 1.77 1.77 1.74 1.74 1.74 1.74 1.66 1.66 1.66 1.66 1.61 1.61 1.61 1.61 1.67 1.67 1.67 1.67 1.72 1.72 1.72 1.72
1.44 1.55 1.55 1.55 1.57 1.57 1.57 1.57 1.63 1.63 1.63 1.63 1.69 1.69 1.69 1.69 1.61 1.61 1.61 1.61 1.63 1.63 1.63 1.63 1.60 1.60 1.60 1.60 1.55 1.55 1.55 1.55 1.54 1.54 1.54 1.54 1.53 1.53 1.53 1.53 1.53 1.53 1.53 1.53 1.56 1.56 1.56 1.56 1.58 1.58 1.58 1.58 1.65 1.65 1.65 1.65 1.73 1.73 1.73 1.73 1.78 1.78 1.78 1.78 1.74 1.74 1.74 1.74 1.74 1.74 1.74 1.74 1.76 1.76 1.76 1.76 1.79 1.79 1.79 1.79 1.76 1.76 1.76 1.76
0.00 1.44 1.44 1.55 1.57 1.57 1.57 1.57 1.63 1.63 1.63 1.63 1.69 1.69 1.69 1.69 1.61 1.61 1.61 1.61 1.63 1.63 1.63 1.63 1.60 1.60 1.60 1.60 1.55 1.55 1.55 1.55 1.54 1.54 1.54 1.54 1.53 1.53 1.53 1.53 1.53 1.53 1.53 1.53 1.56 1.56 1.56 1.56 1.58 1.58 1.58 1.58 1.65 1.65 1.65 1.65 1.73 1.73 1.73 1.73 1.78 1.78 1.78 1.78 1.74 1.74 1.74 1.74 1.74 1.74 1.74 1.74 1.76 1.76 1.76 1.76 1.79 1.79 1.79 1.79 1.76 1.76 1.76 1.76
1.31 1.31 1.31 1.55 1.57 1.57 1.57 1.57 1.63 1.63 1.63 1.63 1.69 1.69 1.69 1.69 1.61 1.61 1.61 1.61 1.63 1.63 1.63 1.63 1.60 1.60 1.60 1.60 1.55 1.55 1.55 1.55 1.54 1.54 1.54 1.54 1.53 1.53 1.53 1.53 1.53 1.53 1.53 1.53 1.56 1.56 1.56 1.56 1.58 1.58 1.58 1.58 1.65 1.65 1.65 1.65 1.73 1.73 1.73 1.73 1.78 1.78 1.78 1.78 1.74 1.74 1.74 1.74 1.74 1.74 1.74 1.74 1.76 1.76 1.76 1.76 1.79 1.79 1.79 1.79 1.76 1.76 1.76 1.76
1.55 1.55 1.55 1.55 1.57 1.57 1.57 1.57 1.63 1.63 1.63 1.63 1.69 1.69 1.69 1.69 1.61 1.61 1.61 1.61 1.63 1.63 1.63 1.63 1.60 1.60 1.60 1.60 1.55 1.55 1.55 1.55 1.54 1.54 1.54 1.54 1.53 1.53 1.53 1.53 1.53 1.53 1.53 1.53 1.56 1.56 1.56 1.56 1.58 1.58 1.58 1.58 1.65 1.65 1.65 1.65 1.73 1.73 1.73 1.73 1.78 1.78 1.78 1.78 1.74 1.74 1.74 1.74 1.74 1.74 1.74 1.44 1.76 1.76 1.76 1.76 1.79 1.79 1.79 1.79 1.76 1.76 1.76 1.76
1.57 1.57 1.57 1.57 1.55 1.55 1.55 1.55 1.57 1.57 1.57 1.57 1.68 1.68 1.68 1.68 1.72 1.72 1.72 1.72 1.72 1.72 1.72 1.72 1.65 1.65 1.65 1.65 1.61 1.61 1.61 1.61 1.63 1.63 1.63 1.63 1.58 1.58 1.58 1.58 1.56 1.56 1.56 1.56 1.63 1.63 1.63 1.63 1.66 1.66 1.66 1.66 1.74 1.74 1.74 1.74 1.77 1.77 1.77 1.77 1.75 1.75 1.75 1.75 1.74 1.74 1.74 1.74 1.78 1.78 1.78 1.78 1.79 1.79 1.79 1.79 1.80 1.80 1.80 1.80 1.80 1.80 1.80 1.80
1.57 1.57 1.57 1.57 1.55 1.55 1.55 1.55 1.57 1.57 1.57 1.57 1.68 1.68 1.68 1.68 1.72 1.72 1.72 1.72 1.72 1.72 1.72 1.72 1.65 1.65 1.65 1.65 1.61 1.61 1.61 1.61 1.63 1.63 1.63 1.63 1.58 1.58 1.58 1.58 1.56 1.56 1.56 1.56 1.63 1.63 1.63 1.63 1.66 1.66 1.66 1.66 1.74 1.74 1.74 1.74 1.77 1.77 1.77 1.77 1.75 1.75 1.75 1.75 1.74 1.74 1.74 1.74 1.78 1.78 1.78 1.78 1.79 1.79 1.79 1.79 1.80 1.80 1.80 1.80 1.80 1.80 1.80 1.80
1.62 1.62 1.62 1.62 1.60 1.60 1.60 1.60 1.62 1.62 1.62 1.62 1.73 1.73 1.73 1.73 1.77 1.77 1.77 1.77 1.78 1.78 1.78 1.78 1.70 1.70 1.70 1.70 1.65 1.65 1.65 1.65 1.67 1.67 1.67 1.67 1.62 1.62 1.62 1.62 1.59 1.59 1.59 1.59 1.65 1.65 1.65 1.65 1.70 1.70 1.70 1.70 1.77 1.77 1.77 1.77 1.80 1.80 1.80 1.80 1.79 1.79 1.79 1.79 1.77 1.77 1.77 1.77 1.81 1.81 1.81 1.81 1.82 1.82 1.82 1.82 1.83 1.83 1.51 1.83 1.83 1.83 1.83 1.83
1.62 1.62 1.62 1.62 1.60 1.60 1.60 1.60 1.62 1.62 1.62 1.62 1.73 1.73 1.73 1.73 1.77 1.77 1.77 1.77 1.78 1.78 1.78 1.78 1.70 1.70 1.70 1.70 1.65 1.65 1.65 1.65 1.67 1.67 1.67 1.67 1.62 1.62 1.62 1.62 1.59 1.59 1.59 1.59 1.65 1.65 1.65 1.65 1.70 1.70 1.70 1.70 1.77 1.77 1.77 1.77 1.80 1.80 1.80 1.80 1.79 1.79 1.79 1.79 1.77 1.77 1.77 1.77 1.81 1.81 1.81 1.81 1.82 1.82 1.82 1.82 1.83 1.83 1.83 1.83 1.83 1.83 1.83 1.83
