New_Model_Runs/15_Future_RCP8.5_Scn2_out/post_prcessed_with_MFR/Monthly_summaries/interception_monthly_SEP.asc
NCOLS 700
NROWS 400
XLLCENTER 515000.000000
YLLCENTER 8409000.000000
CELLSIZE 50.000000
NODATA_value -999.000000
[rows 228 to 265 of 400, columns 84 to 167 of 700]
1.88 1.88 1.88 1.88 1.87 1.87 1.87 1.87 1.87 1.87 1.87 1.87 1.94 1.94 1.94 1.94 2.03 2.03 2.03 2.03 2.05 2.05 2.05 2.05 1.99 1.99 1.99 1.99 1.98 1.98 1.98 1.98 1.93 1.93 1.93 1.93 1.88 1.88 1.88 1.88 1.85 1.85 1.85 1.85 1.93 1.93 1.93 1.93 1.99 1.99 1.99 1.99 2.01 2.01 2.01 2.01 1.96 1.96 1.96 1.96 1.96 1.96 1.96 1.96 1.98 1.98 1.98 1.98 2.01 2.01 2.01 2.01 1.97 1.97 1.97 1.97 1.97 1.97 1.97 1.97 1.99 1.99 1.99 1.99
1.88 1.88 1.88 1.88 1.87 1.87 1.87 1.87 1.87 1.87 1.87 1.87 1.94 1.94 1.94 1.94 2.03 2.03 2.03 2.03 2.05 2.05 2.05 2.05 1.99 1.99 1.99 1.99 1.98 1.98 1.98 1.98 1.93 1.93 1.93 1.93 1.88 1.88 1.88 1.88 1.85 1.85 1.85 1.85 1.93 1.93 1.93 1.93 1.99 1.99 1.99 1.99 2.01 2.01 2.01 2.01 1.96 1.96 1.96 1.96 1.96 1.96 1.96 1.96 1.98 1.98 1.98 1.98 2.01 2.01 2.01 2.01 1.97 1.97 1.97 1.97 1.97 1.97 1.97 1.97 1.99 1.99 1.99 1.99
1.88 1.88 1.88 1.88 1.87 1.87 1.87 1.87 1.87 1.87 1.87 1.87 1.94 1.94 1.94 1.94 2.03 2.03 2.03 2.03 2.05 2.05 2.05 2.05 1.99 1.99 1.99 1.99 1.98 1.98 1.98 1.98 1.93 1.93 1.93 1.93 1.88 1.88 1.88 1.88 1.85 1.85 1.85 1.85 1.93 1.93 1.93 1.93 1.99 1.99 1.99 1.99 2.01 2.01 2.01 2.01 1.96 1.96 1.96 1.96 1.96 1.96 1.96 1.96 1.98 1.98 1.98 1.98 2.01 2.01 2.01 2.01 1.97 1.97 1.97 1.97 1.97 1.97 1.97 1.97 1.99 1.99 1.99 1.99
1.88 1.88 1.88 1.88 1.87 1.87 1.87 1.87 1.87 1.87 1.87 1.87 1.94 1.94 1.94 1.94 2.03 2.03 2.03 2.03 2.05 2.05 2.05 2.05 1.99 1.99 1.99 1.99 1.98 1.98 1.98 1.98 1.93 1.93 1.93 1.93 1.88 1.88 1.88 1.88 1.85 1.85 1.85 1.85 1.93 1.93 1.93 1.93 1.99 1.99 1.99 1.99 2.01 2.01 2.01 2.01 1.96 1.96 1.96 1.96 1.96 1.96 1.96 1.96 1.98 1.98 1.98 1.98 2.01 2.01 2.01 2.01 1.97 1.97 1.97 1.97 1.97 1.97 1.97 1.97 1.99 1.99 1.99 1.99
1.96 1.96 1.96 1.96 1.97 1.97 1.97 1.97 1.98 1.98 1.98 1.98 2.07 2.07 2.07 2.07 2.12 2.12 2.12 2.12 2.06 2.06 2.06 2.06 1.99 1.99 1.99 1.99 1.97 1.97 1.97 1.97 1.89 1.89 1.89 1.89 1.89 1.89 1.89 1.89 1.93 1.93 1.93 1.93 2.00 2.00 2.00 2.00 1.99 1.99 1.99 1.99 1.93 1.93 1.93 1.93 1.86 1.86 1.86 1.86 1.89 1.89 1.89 1.89 1.95 1.95 1.95 1.95 1.98 1.98 1.98 1.98 1.91 1.91 1.91 1.91 1.89 1.89 1.89 1.89 1.88 1.88 1.88 1.88
1.96 1.96 1.96 1.96 1.97 1.97 1.97 1.97 1.98 1.98 1.98 1.98 2.07 2.07 2.07 2.07 2.12 2.12 2.12 2.12 2.06 2.06 2.06 2.06 1.99 1.99 1.99 1.99 1.97 1.97 1.97 1.97 1.89 1.89 1.89 1.89 1.89 1.89 1.89 1.89 1.93 1.93 1.93 1.93 2.00 2.00 2.00 2.00 1.99 1.99 1.99 1.99 1.93 1.93 1.93 1.93 1.86 1.86 1.86 1.86 1.89 1.89 1.89 1.89 1.95 1.95 1.95 1.95 1.98 1.98 1.98 1.98 1.91 1.91 1.91 1.91 1.89 1.89 1.89 1.89 1.88 1.88 1.88 1.88
1.96 1.96 1.96 1.96 1.97 1.97 1.97 1.97 1.98 1.98 1.98 1.98 2.07 2.07 2.07 2.07 2.12 2.12 2.12 2.12 2.06 2.06 2.06 2.06 1.99 1.99 1.99 1.99 1.97 1.97 1.97 1.97 1.89 1.89 1.89 1.89 1.89 1.89 1.89 1.89 1.93 1.93 1.93 1.93 2.00 2.00 2.00 2.00 1.99 1.99 1.99 1.99 1.93 1.93 1.93 1.93 1.86 1.86 1.86 1.86 1.89 1.89 1.89 1.89 1.95 1.95 1.95 1.95 1.98 1.98 1.98 1.98 1.91 1.91 1.91 1.91 1.89 1.89 1.89 1.89 1.88 1.88 1.88 1.88
1.96 1.96 1.96 1.96 1.97 1.97 1.97 1.97 1.98 1.98 1.98 1.98 2.07 2.07 2.07 2.07 2.12 2.12 2.12 2.12 2.06 2.06 2.06 2.06 1.99 1.99 1.99 1.99 1.97 1.97 1.97 1.97 1.89 1.89 1.89 1.89 1.89 1.89 1.89 1.89 1.93 1.93 1.93 1.93 2.00 2.00 2.00 2.00 1.99 1.99 1.99 1.99 1.93 1.93 1.93 1.93 1.86 1.86 1.86 1.86 1.89 1.89 1.89 1.89 1.95 1.95 1.95 1.95 1.98 1.98 1.98 1.98 1.91 1.91 1.91 1.91 1.89 1.89 1.89 1.89 1.88 1.88 1.88 1.88
2.06 2.06 2.06 2.06 2.05 2.05 2.05 2.05 2.07 2.07 2.07 2.07 2.12 2.12 2.12 2.12 2.03 2.03 2.03 2.03 1.92 1.92 1.92 1.92 1.87 1.87 1.87 1.87 1.85 1.85 1.85 1.85 1.85 1.85 1.85 1.85 1.92 1.92 1.92 1.92 1.93 1.93 1.93 1.93 1.92 1.92 1.92 1.92 1.86 1.86 1.86 1.86 1.80 1.80 1.80 1.80 1.75 1.75 1.75 1.75 1.80 1.80 1.80 1.80 1.92 1.92 1.92 1.92 1.96 1.96 1.96 1.96 1.87 1.87 1.87 1.87 1.86 1.86 1.86 1.86 1.83 1.83 1.83 1.83
2.06 2.06 2.06 2.06 2.05 2.05 2.05 2.05 2.07 2.07 2.07 2.07 2.12 2.12 2.12 2.12 2.03 2.03 2.03 2.03 1.92 1.92 1.92 1.92 1.87 1.87 1.87 1.87 1.85 1.85 1.85 1.85 1.85 1.85 1.85 1.85 1.92 1.92 1.92 1.92 1.93 1.93 1.93 1.93 1.92 1.92 1.92 1.92 1.86 1.86 1.86 1.86 1.80 1.80 1.80 1.80 1.75 1.75 1.75 1.75 1.80 1.80 1.80 1.80 1.92 1.92 1.92 1.92 1.96 1.96 1.96 1.96 1.87 1.87 1.87 1.87 1.86 1.86 1.86 1.86 1.83 1.83 1.83 1.83
2.06 2.06 2.06 2.06 2.05 2.05 2.05 2.05 2.07 2.07 2.07 2.07 2.12 2.12 2.12 2.12 2.03 2.03 2.03 2.03 1.92 1.92 1.92 1.92 1.87 1.87 1.87 1.87 1.85 1.85 1.85 1.85 1.85 1.85 1.85 1.85 1.92 1.92 1.92 1.92 1.93 1.93 1.93 1.93 1.92 1.92 1.92 1.92 1.86 1.86 1.86 1.86 1.80 1.80 1.80 1.80 1.75 1.75 1.75 1.75 1.80 1.80 1.80 1.80 1.92 1.92 1.92 1.92 1.96 1.96 1.96 1.96 1.87 1.87 1.87 1.87 1.86 1.86 1.86 1.86 1.83 1.83 1.83 1.83
2.06 2.06 2.06 2.06 2.05 2.05 2.05 2.05 2.07 2.07 2.07 2.07 2.12 2.12 2.12 2.12 2.03 2.03 2.03 2.03 1.92 1.92 1.92 1.92 1.87 1.87 1.87 1.87 1.85 1.85 1.85 1.85 1.85 1.85 1.85 1.85 1.92 1.92 1.92 1.92 1.93 1.93 1.93 1.93 1.92 1.92 1.92 1.92 1.86 1.86 1.86 1.86 1.80 1.80 1.80 1.80 1.75 1.75 1.75 1.75 1.80 1.80 1.80 1.80 1.92 1.92 1.92 1.92 1.96 1.96 1.96 1.96 1.87 1.87 1.87 1.87 1.86 1.86 1.86 1.86 1.83 1.83 1.83 1.83
2.10 2.10 2.10 2.10 2.06 2.06 2.06 2.06 2.03 2.03 2.03 2.03 2.04 2.04 2.04 2.04 1.89 1.89 1.89 1.89 1.80 1.80 1.80 1.80 1.76 1.76 1.76 1.76 1.78 1.78 1.78 1.78 1.86 1.86 1.86 1.86 1.90 1.90 1.90 1.90 1.89 1.89 1.89 1.89 1.87 1.87 1.87 1.87 1.78 1.78 1.78 1.78 1.72 1.72 1.72 1.72 1.70 1.70 1.70 1.70 1.81 1.81 1.81 1.81 1.95 1.95 1.95 1.95 1.96 1.96 1.96 1.96 1.87 1.87 1.87 1.87 1.85 1.85 1.85 1.85 1.78 1.78 1.78 1.78
1.84 1.84 2.10 2.10 2.06 2.06 2.06 2.06 2.03 2.03 2.03 2.03 2.04 2.04 2.04 2.04 1.89 1.89 1.89 1.89 1.80 1.80 1.80 1.80 1.76 1.76 1.76 1.76 1.78 1.78 1.78 1.78 1.86 1.86 1.86 1.86 1.90 1.90 1.90 1.90 1.89 1.89 1.89 1.89 1.87 1.87 1.87 1.87 1.78 1.78 1.78 1.78 1.72 1.72 1.72 1.72 1.70 1.70 1.70 1.70 1.81 1.81 1.81 1.81 1.95 1.95 1.95 1.95 1.96 1.96 1.96 1.96 1.87 1.87 1.87 1.87 1.85 1.85 1.85 1.85 1.78 1.78 1.78 1.78
1.81 1.81 1.81 1.81 1.77 1.77 2.03 2.03 2.00 2.00 2.00 2.00 1.99 1.99 1.99 1.99 1.85 1.85 1.85 1.85 1.77 1.77 1.77 1.77 1.73 1.73 1.73 1.73 1.75 1.75 1.75 1.75 1.82 1.82 1.82 1.82 1.86 1.86 1.86 1.86 1.85 1.85 1.85 1.85 1.83 1.83 1.83 1.83 1.74 1.74 1.74 1.74 1.69 1.69 1.69 1.69 1.67 1.67 1.67 1.67 1.77 1.77 1.77 1.77 1.90 1.90 1.90 1.90 1.92 1.92 1.92 1.92 1.83 1.83 1.83 1.83 1.81 1.81 1.81 1.81 1.75 1.75 1.75 1.75
1.81 1.81 1.81 1.81 1.77 1.77 1.77 1.77 1.75 2.00 2.00 2.00 1.99 1.99 1.99 1.99 1.85 1.85 1.85 1.85 1.77 1.77 1.77 1.77 1.73 1.73 1.73 1.73 1.75 1.75 1.75 1.75 1.82 1.82 1.82 1.82 1.86 1.86 1.86 1.86 1.85 1.85 1.85 1.85 1.83 1.83 1.83 1.83 1.74 1.74 1.74 1.74 1.69 1.69 1.69 1.69 1.67 1.67 1.67 1.67 1.77 1.77 1.77 1.77 1.90 1.90 1.90 1.90 1.92 1.92 1.92 1.92 1.83 1.83 1.83 1.83 1.81 1.81 1.81 1.81 1.75 1.75 1.75 1.75
1.79 1.79 1.79 1.79 1.74 1.74 1.74 1.74 1.73 1.73 1.73 1.73 1.94 1.94 1.94 1.94 1.81 1.81 1.81 1.81 1.70 1.70 1.70 1.70 1.66 1.66 1.66 1.66 1.74 1.74 1.74 1.74 1.86 1.86 1.86 1.86 1.86 1.86 1.86 1.86 1.85 1.85 1.85 1.85 1.84 1.84 1.84 1.84 1.73 1.73 1.73 1.73 1.65 1.65 1.65 1.65 1.69 1.69 1.69 1.69 1.85 1.85 1.85 1.85 1.94 1.94 1.94 1.94 1.93 1.93 1.93 1.93 1.89 1.89 1.89 1.89 1.83 1.83 1.83 1.83 1.71 1.71 1.71 1.71
1.79 1.79 1.79 1.79 1.74 1.74 1.74 1.74 1.73 1.73 1.73 1.73 1.68 1.68 1.68 1.94 1.81 1.81 1.81 1.81 1.70 1.70 1.70 1.70 1.66 1.66 1.66 1.42 1.74 1.74 1.74 1.74 1.86 1.86 1.86 1.86 1.86 1.86 1.86 1.86 1.85 1.85 1.85 1.85 1.84 1.84 1.84 1.84 1.73 1.73 1.73 1.73 1.65 1.65 1.65 0.79 1.69 1.69 1.69 1.69 1.85 1.85 1.85 1.85 1.94 1.94 1.94 1.94 1.93 1.93 1.93 1.93 1.89 1.89 1.89 1.89 1.83 1.83 1.83 1.83 1.71 1.71 1.71 1.71
1.79 1.79 1.79 1.79 1.74 1.74 1.74 1.74 1.73 1.73 1.73 1.73 1.68 1.68 1.68 1.68 1.54 1.54 1.54 1.81 1.70 1.70 1.70 1.70 1.66 1.66 1.66 1.42 1.46 1.46 1.74 1.74 1.86 1.86 1.86 1.86 1.86 1.86 1.86 1.86 1.85 1.85 1.85 1.85 1.84 1.84 1.84 1.84 1.73 1.73 1.73 1.73 1.65 1.65 1.65 1.65 1.69 1.69 1.69 1.69 1.85 1.85 1.85 1.85 1.94 1.94 1.94 1.94 1.93 1.93 1.93 1.93 1.89 1.89 1.89 1.89 1.83 1.83 1.83 1.83 1.71 1.71 1.71 1.71
1.79 1.79 1.79 1.79 1.74 1.74 1.74 1.74 1.73 1.73 1.73 1.73 1.68 1.68 1.68 1.68 1.54 1.54 1.54 1.54 1.44 1.44 1.70 1.70 1.66 1.66 1.66 1.42 0.00 0.00 1.46 1.74 1.86 1.86 1.86 1.86 1.86 1.86 1.86 1.86 1.85 1.85 1.85 1.85 1.84 1.84 1.84 1.84 1.73 1.73 1.73 1.73 1.65 1.65 1.65 1.65 1.69 1.69 1.69 1.69 1.85 1.85 1.85 1.85 1.94 1.94 1.94 1.94 1.93 1.93 1.93 1.93 1.89 1.89 1.89 1.89 1.83 1.83 1.83 1.83 1.71 1.71 1.71 1.71
1.78 1.78 1.78 1.78 1.73 1.73 1.73 1.73 1.72 1.72 1.72 1.72 1.68 1.68 1.68 1.68 1.52 1.52 1.52 1.52 1.39 1.39 1.39 1.39 1.39 1.66 1.41 0.00 0.00 1.48 1.78 1.78 1.88 1.88 1.88 1.88 1.86 1.86 1.86 1.86 1.84 1.84 1.84 1.84 1.88 1.88 1.88 1.88 1.77 1.77 1.77 1.77 1.67 1.67 1.67 1.67 1.74 1.74 1.74 1.74 1.90 1.90 1.90 1.90 1.94 1.94 1.94 1.94 1.94 1.94 1.94 1.94 1.93 1.93 1.93 1.93 1.85 1.85 1.85 1.85 1.73 1.73 1.73 1.73
1.78 1.78 1.78 1.78 1.73 1.73 1.73 1.73 1.72 1.72 1.72 1.72 1.68 1.68 1.68 1.68 1.52 1.52 1.52 1.52 1.39 1.39 1.39 1.39 1.39 1.39 1.39 1.22 1.48 0.79 1.78 1.78 1.88 1.88 1.88 1.88 1.86 1.86 1.86 1.86 1.84 1.84 1.84 1.84 1.88 1.88 1.88 1.88 1.77 1.77 1.77 1.77 1.67 1.67 1.43 1.43 1.74 1.74 1.74 1.74 1.90 1.90 1.90 1.90 1.94 1.94 1.94 1.94 1.94 1.94 1.94 1.94 1.93 1.93 1.93 1.93 1.85 1.85 1.85 1.85 1.73 1.73 1.73 1.73
1.78 1.78 1.78 1.78 1.73 1.73 1.73 1.73 1.72 1.72 1.72 1.72 1.68 1.68 1.68 1.68 1.52 1.52 1.52 1.52 1.39 1.32 1.39 1.39 1.32 1.39 1.39 1.39 1.51 1.29 1.51 1.51 1.88 1.88 1.88 1.88 1.86 1.86 1.86 1.86 1.84 1.84 1.84 1.84 1.88 1.88 1.88 1.88 1.77 1.77 1.77 1.77 1.67 1.67 1.43 1.43 1.74 1.74 1.74 1.74 1.90 1.90 1.90 1.90 1.94 1.94 1.94 1.94 1.94 1.94 1.94 1.94 1.93 1.93 1.93 1.93 1.85 1.85 1.85 1.85 1.73 1.73 1.73 1.73
1.78 1.78 1.78 1.78 1.73 1.73 1.73 1.73 1.72 1.72 1.72 1.72 1.68 1.68 1.68 1.68 1.52 1.52 1.52 1.52 1.32 1.32 1.32 0.00 1.22 1.39 1.39 1.39 1.51 1.51 1.29 1.51 1.61 1.61 1.61 1.88 1.86 1.86 1.86 1.86 1.84 1.84 1.84 1.84 1.88 1.88 1.88 1.88 1.77 1.77 1.77 1.77 1.67 1.67 1.67 1.43 1.74 1.74 1.74 1.74 1.90 1.90 1.90 1.90 1.94 1.58 1.58 1.94 1.94 1.94 1.94 1.94 1.93 1.93 1.93 1.93 1.85 1.85 1.85 1.85 1.73 1.73 1.73 1.73
1.76 1.76 1.76 1.76 1.72 1.72 1.72 1.72 1.72 1.72 1.72 1.72 1.66 1.66 1.66 1.66 1.53 1.53 1.53 1.53 1.33 0.00 0.00 0.00 1.33 1.40 1.40 1.40 1.28 1.50 1.28 1.50 1.60 1.60 1.60 1.60 1.59 1.59 1.86 1.86 1.83 1.83 1.83 1.83 1.90 1.90 1.90 1.90 1.84 1.84 1.84 1.84 1.46 1.46 1.72 1.72 1.78 1.78 1.78 1.78 1.89 1.89 1.89 1.89 1.90 1.56 1.56 1.90 1.96 1.96 1.96 1.96 1.98 1.98 1.98 1.98 1.85 1.85 1.85 1.85 1.73 1.73 1.73 1.73
1.76 1.76 1.76 1.76 1.72 1.72 1.72 1.72 1.72 1.72 1.72 1.72 1.66 1.66 1.66 1.66 1.53 1.53 1.53 1.53 1.33 0.00 0.00 0.00 0.00 0.65 0.65 0.65 1.28 1.50 1.28 1.50 1.60 1.60 1.60 1.60 1.59 1.59 1.59 1.59 1.56 1.56 1.83 1.83 1.90 1.90 1.90 1.90 1.84 1.84 1.84 1.84 1.72 1.46 1.46 1.46 1.78 1.78 1.78 1.78 1.89 1.55 1.89 1.89 1.90 1.90 1.90 1.90 1.96 1.96 1.96 1.96 1.98 1.98 1.98 1.98 1.85 1.85 1.85 1.85 1.73 1.73 1.73 1.73
1.76 1.76 1.40 1.40 1.72 1.72 1.72 1.72 1.72 1.72 1.72 1.72 1.66 1.36 1.36 1.36 1.29 1.42 1.42 1.53 1.33 0.00 0.00 0.00 0.00 0.00 0.00 0.00 0.00 1.28 1.50 1.50 1.60 1.60 1.60 1.60 1.59 1.33 1.33 1.59 1.56 1.56 1.56 1.56 1.63 1.90 1.90 1.90 1.84 1.84 1.84 1.84 1.72 1.46 0.00 1.46 1.78 1.78 1.78 1.49 1.55 1.55 1.55 1.55 1.90 1.90 1.90 1.90 1.96 1.96 1.96 1.96 1.98 1.98 1.98 1.98 1.85 1.85 1.85 1.85 1.73 1.73 1.73 1.73
1.40 1.40 1.40 0.00 1.72 1.72 1.72 1.72 1.72 1.72 1.72 1.72 1.66 1.66 1.66 1.36 0.00 1.29 1.53 1.42 1.33 0.00 0.00 0.00 0.00 0.00 0.00 0.00 0.00 0.00 0.68 1.50 1.60 1.60 1.60 1.60 1.59 0.00 1.33 1.59 1.56 1.56 1.56 1.45 1.63 1.63 1.63 1.63 1.84 1.84 1.84 1.84 1.72 1.72 0.00 0.00 1.78 1.78 1.78 1.78 1.55 1.55 0.83 1.55 1.90 1.90 1.90 1.90 1.96 1.96 1.96 1.96 1.98 1.98 1.98 1.98 1.85 1.85 1.85 1.85 1.73 1.73 1.73 1.73
1.74 1.39 1.39 1.39 1.73 1.73 1.73 1.73 1.73 1.73 1.73 1.73 1.65 1.65 1.65 1.65 1.43 1.53 1.43 1.43 0.64 0.00 0.00 0.00 0.00 0.00 0.00 0.00 0.00 0.00 1.54 1.54 1.57 1.57 1.57 1.57 1.61 1.34 1.34 1.61 1.59 1.59 1.59 1.59 1.65 1.65 1.65 1.65 1.63 1.63 1.63 1.90 1.79 1.79 1.68 0.00 1.49 1.78 1.78 1.78 1.87 1.54 1.87 1.87 1.91 1.91 1.91 1.91 2.00 2.00 2.00 2.00 2.00 2.00 2.00 2.00 1.86 1.86 1.86 1.86 1.70 1.70 1.70 1.70
1.39 1.39 1.39 1.39 1.73 1.73 1.73 1.39 1.73 1.73 1.73 1.73 1.65 1.65 1.65 1.65 1.53 1.53 1.53 1.53 0.00 0.00 0.00 0.00 0.00 0.00 0.00 0.00 0.00 0.00 0.00 1.54 1.57 1.57 1.57 1.57 1.61 1.61 1.34 1.61 1.59 1.59 1.59 1.33 1.36 1.65 1.65 1.65 1.63 1.63 1.63 1.63 1.52 1.52 1.52 1.49 1.49 1.49 1.78 1.78 1.54 1.54 1.87 1.87 1.91 1.91 1.91 1.56 2.00 2.00 2.00 2.00 2.00 2.00 2.00 2.00 1.86 1.86 1.86 1.86 1.70 1.70 1.70 1.62
1.37 1.37 1.37 1.37 1.36 1.70 1.70 1.70 1.70 1.70 1.70 1.70 1.62 1.62 1.62 1.62 1.51 1.51 1.28 0.00 0.00 0.00 0.00 0.00 0.00 0.00 0.00 0.00 0.00 0.00 0.00 0.00 0.00 0.64 1.55 1.55 1.58 1.58 1.58 1.58 1.56 1.56 1.56 1.45 1.33 1.61 1.61 1.61 1.59 1.59 1.59 1.59 1.49 1.49 1.49 1.28 1.27 0.00 1.74 1.74 1.81 1.81 1.81 1.81 1.85 1.85 1.85 1.85 1.93 1.93 1.93 1.93 1.93 1.93 1.93 1.93 1.79 1.79 1.79 1.79 1.65 1.65 1.57 0.00
1.37 1.37 1.37 1.37 1.36 1.70 1.70 1.70 1.70 1.70 1.70 1.70 1.62 1.62 1.49 0.00 0.00 0.00 0.00 0.00 0.00 0.00 0.00 0.00 0.00 0.00 0.00 0.00 0.00 0.00 0.00 0.00 0.00 0.00 1.55 1.55 1.58 1.58 1.47 1.58 1.56 1.56 1.56 1.45 1.61 1.61 1.61 1.61 1.59 1.59 1.59 1.59 1.49 1.49 1.49 1.28 1.27 1.27 1.27 1.48 1.54 1.81 1.81 1.81 1.85 1.85 1.85 1.85 1.93 1.93 1.93 1.93 1.93 1.93 1.93 1.56 1.79 1.79 1.79 1.79 1.65 1.65 1.65 1.65
1.38 1.38 1.38 1.38 1.38 1.73 1.73 1.73 1.72 1.72 1.72 1.72 1.61 1.61 0.00 0.00 0.00 0.00 0.00 0.00 0.00 0.00 0.00 0.00 0.00 0.00 0.00 0.00 0.00 0.00 0.00 0.00 0.00 0.00 0.64 1.57 1.62 1.62 1.62 1.34 1.60 1.60 1.60 1.60 1.62 1.62 1.62 1.62 1.62 1.62 1.62 1.62 1.53 1.53 1.53 1.29 1.28 1.28 1.40 1.50 1.57 1.57 1.32 1.57 1.89 1.89 1.89 1.89 1.93 1.93 1.93 1.93 1.92 1.92 1.92 1.92 1.85 1.85 1.85 1.85 1.70 1.70 1.70 1.70
1.73 1.38 1.38 1.38 1.73 1.73 1.73 1.73 1.72 1.72 1.72 1.72 1.61 1.61 0.00 0.00 0.00 0.00 0.00 0.00 0.00 0.00 0.00 0.00 0.00 0.00 0.00 0.00 0.00 0.00 0.00 0.00 0.00 0.00 1.31 1.57 1.62 1.62 1.62 1.62 1.60 1.60 1.60 1.60 1.34 0.00 1.34 1.62 1.62 1.62 1.62 1.62 1.53 1.53 1.53 1.53 0.00 0.00 1.50 1.50 1.57 1.46 1.32 1.57 1.34 1.62 1.62 1.62 1.93 1.93 1.93 1.93 1.92 1.92 1.92 1.92 1.52 1.85 1.85 1.85 1.70 1.70 1.70 1.60
1.73 1.73 1.73 1.73 1.73 1.73 1.73 1.73 1.72 1.72 1.37 1.72 1.61 1.48 0.00 0.00 0.00 0.00 0.00 0.00 0.00 0.00 0.00 0.00 0.00 0.00 0.00 0.00 0.00 0.00 0.00 0.00 0.00 0.00 0.00 1.46 1.62 1.62 1.62 1.34 1.60 1.60 1.32 1.60 1.62 0.00 1.34 1.62 1.62 1.62 1.62 1.34 1.29 1.53 1.53 1.29 0.00 1.28 1.50 1.50 1.57 1.46 1.32 1.32 1.34 1.62 1.62 1.62 1.67 1.67 1.67 1.93 1.92 1.92 1.92 1.92 1.85 1.85 1.85 1.85 1.70 1.70 1.70 1.45
1.73 1.73 1.73 1.38 1.38 1.38 1.73 1.73 1.37 1.72 1.72 1.72 1.33 0.00 0.00 0.00 0.00 0.00 0.00 0.00 0.00 0.00 0.00 0.00 0.00 0.00 0.00 0.00 0.00 0.00 0.00 0.00 0.00 0.00 0.00 1.46 1.62 1.34 1.50 1.62 1.60 1.32 0.00 0.00 1.50 0.00 1.50 1.62 1.62 1.62 1.62 1.34 1.29 1.53 1.43 0.00 0.00 1.50 1.50 1.50 1.57 1.32 1.32 1.32 1.34 1.62 1.62 1.62 1.37 1.67 1.67 1.67 1.65 1.65 1.92 1.92 1.85 1.85 1.85 1.85 1.70 1.70 1.70 1.45
1.73 1.73 1.73 1.38 0.00 1.39 1.74 1.74 1.75 1.39 1.39 0.00 0.00 0.00 0.00 0.00 0.00 0.00 0.00 0.00 0.00 0.00 0.00 0.00 0.00 0.00 0.00 0.00 0.00 0.00 0.00 0.00 0.00 0.00 0.65 1.64 1.53 1.53 1.67 1.67 1.62 1.33 0.00 0.00 0.00 1.51 1.63 1.63 1.63 1.63 1.63 1.50 1.30 1.55 1.30 0.67 0.00 1.55 1.55 1.55 1.62 1.62 1.34 1.50 1.35 1.35 1.63 1.63 1.64 1.64 1.64 1.64 1.65 1.65 1.65 1.65 1.62 1.62 1.90 1.90 1.78 1.78 1.78 1.67
1.73 1.73 1.73 1.73 0.00 0.00 1.74 1.74 1.75 1.75 1.39 0.00 0.00 0.00 0.00 0.00 0.00 0.00 0.00 0.00 0.00 0.00 0.00 0.00 0.00 0.00 0.00 0.00 0.00 0.00 0.00 0.00 0.00 1.64 0.00 0.00 1.53 1.67 1.67 1.67 1.62 1.62 1.50 0.64 1.63 1.63 1.63 1.63 1.63 1.63 1.63 1.50 0.00 1.55 1.55 0.67 0.00 1.55 1.55 1.55 1.62 1.62 1.50 1.50 1.35 1.35 1.63 1.63 1.64 1.64 1.64 1.64 1.65 1.65 1.65 1.65 1.62 1.62 1.62 1.62 1.50 1.78 1.78 1.78
