New_Model_Runs/15_Future_RCP8.5_Scn2_out/post_prcessed_with_MFR/Monthly_summaries/interception_monthly_AUG.asc
NCOLS 700
NROWS 400
XLLCENTER 515000.000000
YLLCENTER 8409000.000000
CELLSIZE 50.000000
NODATA_value -999.000000
[rows 228 to 265 of 400, columns 168 to 251 of 700]
2.17 2.17 2.17 2.17 2.09 1.68 1.68 1.68 1.71 1.71 1.71 1.71 0.00 0.00 0.00 0.00 0.00 0.00 0.00 0.00 0.00 0.00 0.00 0.00 0.00 0.00 0.00 0.00 0.00 0.00 0.00 0.00 0.00 0.00 0.00 0.00 0.00 0.00 0.00 0.00 0.00 0.00 0.00 1.15 1.80 1.20 1.20 0.00 0.00 0.00 0.00 1.20 1.15 1.15 1.15 0.65 1.48 1.48 2.63 2.63 2.49 2.49 2.49 2.49 0.00 2.37 2.37 2.37 2.39 2.39 2.39 2.39 2.45 2.45 2.45 2.45 2.64 2.64 2.64 2.64 2.80 2.80 2.26 2.80
2.17 2.17 2.17 2.17 2.09 2.09 1.68 1.68 2.15 1.71 0.00 0.00 0.00 0.00 0.00 0.00 0.00 0.00 0.00 0.00 0.00 0.00 0.00 0.00 0.00 0.00 0.00 0.00 0.00 0.00 0.00 0.00 0.00 0.00 0.00 0.00 0.00 0.00 0.00 0.00 0.00 1.15 1.15 1.15 1.20 1.20 0.00 0.00 0.00 0.00 0.00 1.20 1.71 1.71 1.71 1.71 1.48 1.48 2.63 2.63 2.49 2.49 2.11 2.49 2.37 1.15 2.37 2.37 2.39 2.39 2.39 2.06 0.00 2.08 2.08 2.45 2.64 2.64 2.64 2.64 2.80 2.26 2.26 2.80
2.17 2.17 2.17 2.17 2.09 2.09 2.09 2.09 2.15 1.71 1.71 1.71 0.00 0.00 0.00 0.00 0.00 0.00 0.00 0.00 0.00 0.00 0.00 0.00 0.00 0.00 0.00 0.00 0.00 0.00 0.00 0.00 0.00 0.00 0.00 0.00 0.00 0.00 0.00 0.00 0.00 0.00 0.00 1.15 0.00 0.00 0.00 0.00 0.00 0.66 1.20 1.20 1.15 1.71 1.71 1.71 1.48 2.63 2.63 2.63 2.49 2.49 2.49 2.49 2.37 2.37 2.37 2.37 2.39 2.39 2.24 2.24 0.00 2.08 2.45 2.45 2.64 2.64 2.64 2.64 2.80 2.26 2.26 2.80
2.17 2.17 2.17 2.17 2.09 2.09 2.09 2.09 2.15 2.15 2.15 1.71 0.00 0.00 0.00 0.00 0.00 0.00 0.00 0.00 0.00 0.00 0.00 0.00 0.00 0.00 0.00 0.00 0.00 0.00 0.00 0.00 0.00 0.00 0.00 0.00 0.00 1.09 0.00 0.00 0.00 0.00 0.00 1.84 1.08 0.00 0.66 0.66 1.80 1.80 1.80 1.80 1.71 1.71 1.71 1.71 1.48 2.63 2.63 2.63 2.49 2.49 2.49 2.11 2.05 2.05 2.37 2.37 2.06 2.06 2.39 2.06 2.08 2.45 2.45 2.45 2.64 2.64 2.64 2.64 2.26 2.26 2.80 2.80
1.95 1.95 1.95 1.95 1.92 1.92 1.92 1.92 2.04 1.66 2.04 1.66 1.71 1.71 1.71 0.00 0.00 0.00 0.00 0.00 0.00 0.00 0.00 0.00 0.00 1.09 2.15 0.00 0.00 0.00 0.00 0.00 0.00 0.00 0.00 1.88 1.10 1.91 0.00 0.00 0.00 0.00 0.00 0.00 0.00 2.46 2.46 2.46 2.22 1.53 1.53 1.53 1.43 1.43 1.43 1.43 1.32 2.47 2.47 2.47 2.37 2.37 2.37 2.05 1.99 0.00 0.00 1.99 2.28 2.28 2.00 2.00 2.39 2.39 2.39 2.39 2.65 2.65 2.65 2.65 2.77 2.77 2.77 2.77
1.95 1.95 1.95 1.95 1.92 1.92 1.92 1.92 2.04 2.04 2.04 1.66 1.71 2.14 2.14 1.71 0.00 0.00 0.00 0.00 0.00 0.00 0.00 0.00 0.00 1.09 0.00 0.00 0.00 0.00 0.00 0.00 0.00 1.10 1.88 1.10 1.10 2.54 2.54 1.91 1.93 1.09 2.58 1.09 0.00 2.46 2.46 2.46 2.22 1.06 1.75 2.22 2.13 1.43 1.43 1.43 2.47 2.47 2.47 2.47 2.37 2.37 2.37 2.37 1.99 0.00 0.00 0.00 2.00 2.00 0.00 0.00 2.05 2.39 2.39 2.39 2.65 2.65 2.65 2.65 2.77 2.77 2.77 2.77
1.95 1.95 1.95 1.95 1.92 1.92 1.92 1.92 2.04 2.04 2.04 2.04 2.14 2.14 2.14 1.71 1.76 1.76 1.76 0.00 0.00 0.00 0.00 0.00 0.00 0.00 0.00 0.00 0.00 1.09 1.09 1.85 2.47 2.47 2.47 1.10 0.00 0.00 2.54 2.26 2.58 2.58 2.58 2.58 1.08 2.46 1.87 1.08 1.06 1.75 1.75 1.75 1.70 2.13 2.13 2.13 2.47 2.47 2.47 2.47 2.37 2.37 2.37 2.37 1.99 1.99 0.00 0.00 0.00 0.00 0.00 0.00 2.05 2.39 2.39 2.39 2.65 2.18 2.65 2.65 2.77 2.77 2.77 2.77
1.95 1.95 1.95 1.95 1.92 1.92 1.92 1.92 2.04 2.04 2.04 2.04 2.14 2.14 2.14 2.14 1.76 2.24 1.76 0.00 0.00 0.00 0.00 0.00 0.00 0.00 1.84 1.84 1.85 0.00 1.85 1.85 2.47 2.47 2.47 1.88 0.00 0.00 0.00 2.26 2.58 2.58 2.58 1.93 2.46 2.46 2.46 1.87 1.06 1.75 1.75 0.00 0.00 1.05 1.70 1.70 2.10 2.10 2.10 2.47 2.37 2.37 2.37 2.37 2.25 2.13 0.00 0.00 0.00 2.16 2.28 2.00 2.39 2.39 2.39 2.39 2.18 2.65 2.65 2.65 2.77 2.77 2.77 2.77
1.77 1.77 1.77 1.77 1.74 1.74 1.74 1.74 1.89 1.89 1.89 1.89 2.08 2.08 2.08 2.08 2.26 2.26 1.77 0.00 0.00 0.00 0.00 0.00 0.00 1.85 2.42 2.42 1.88 0.00 0.00 1.88 2.55 2.55 2.55 1.92 1.98 1.98 1.11 1.98 1.08 2.47 2.47 2.47 2.14 2.14 2.14 2.14 1.65 2.03 1.86 0.00 0.00 0.00 0.00 0.00 0.00 2.04 2.36 2.04 2.32 2.32 2.18 2.18 2.13 0.00 0.00 0.00 0.00 2.03 2.33 2.33 2.50 2.50 2.11 2.11 2.71 2.71 2.71 2.71 2.65 2.65 2.65 2.65
1.77 1.77 1.77 1.77 1.74 1.74 1.74 1.74 1.89 1.89 1.89 1.89 2.08 2.08 2.08 2.08 2.26 2.26 2.26 1.77 0.00 0.00 0.00 0.00 0.00 1.85 1.85 2.42 1.88 2.21 0.00 1.10 1.92 1.92 2.55 2.55 1.98 1.11 1.98 1.98 2.47 2.47 2.47 2.47 2.14 2.14 2.14 2.14 1.65 2.03 2.03 1.86 0.00 0.00 0.00 0.00 0.00 0.00 2.04 0.00 2.02 2.02 0.00 0.00 0.00 0.00 0.00 1.14 0.00 2.19 1.14 2.33 2.50 2.50 2.50 2.50 2.71 2.71 2.71 2.71 2.65 2.65 2.65 2.65
1.77 1.77 1.77 1.77 1.74 1.74 1.74 1.74 1.89 1.89 1.89 1.89 2.08 2.08 2.08 2.08 2.26 2.26 2.26 1.77 0.00 0.00 0.00 0.00 0.00 2.16 2.42 2.42 1.88 1.88 1.88 2.48 1.92 1.92 1.92 1.92 2.67 1.11 1.98 1.98 2.47 2.47 2.47 2.47 2.14 2.14 2.14 2.14 2.03 1.65 1.65 1.86 0.00 0.00 0.00 0.00 0.00 0.00 0.00 0.00 0.00 0.00 0.00 0.00 0.00 0.00 0.00 0.00 0.00 0.00 2.03 2.33 2.11 2.50 2.50 2.50 2.71 2.71 2.71 2.71 2.65 2.65 2.65 2.65
1.77 1.77 1.77 1.77 1.74 1.74 1.74 1.74 1.89 1.89 1.89 1.89 2.08 2.08 2.08 2.08 2.26 1.77 0.00 0.00 0.00 1.81 1.81 1.81 0.00 1.85 2.42 2.42 2.48 2.48 2.48 2.48 2.55 2.55 2.55 1.92 2.67 1.98 0.00 2.67 2.47 2.47 2.47 2.47 2.14 2.14 1.71 1.71 1.65 1.65 1.05 2.03 1.84 0.00 0.00 0.00 0.00 0.00 0.00 0.00 0.00 0.00 0.00 0.00 0.00 0.00 0.00 0.00 0.00 0.00 0.00 2.03 2.11 2.50 2.50 2.50 2.71 2.71 2.71 2.71 2.65 2.65 2.65 2.65
1.67 1.67 1.67 1.67 1.71 1.71 1.71 1.71 1.91 1.91 1.91 1.91 2.12 2.12 2.12 2.12 1.79 2.07 0.00 2.07 2.07 2.29 2.29 1.78 1.81 1.81 2.33 2.33 2.40 2.40 2.40 2.40 1.10 1.10 1.10 2.55 2.55 1.92 1.92 2.55 2.23 2.23 2.23 2.23 2.05 1.66 2.05 1.66 0.00 1.05 1.05 1.93 0.00 0.00 0.00 0.00 0.00 0.00 0.00 0.00 0.00 0.00 0.00 0.00 0.00 0.00 0.00 0.00 0.00 0.00 0.00 2.08 2.55 2.55 2.55 2.55 2.64 2.64 2.64 2.64 2.50 2.50 2.50 2.50
1.67 1.67 1.67 1.67 1.71 1.71 1.71 1.71 1.91 1.91 1.91 1.91 2.12 2.12 2.12 2.12 2.30 1.79 1.79 2.07 1.78 2.29 2.29 2.29 2.33 2.33 2.33 2.33 2.40 2.40 2.40 2.40 2.55 2.55 1.92 2.55 2.55 2.55 1.92 2.55 2.23 2.23 2.23 2.23 2.05 1.66 1.66 0.00 0.00 0.00 0.00 0.00 0.00 0.00 0.00 0.00 0.00 0.00 0.00 0.00 0.00 0.00 0.00 0.00 0.00 0.00 0.00 0.00 0.00 0.00 2.08 2.44 2.55 2.55 2.55 2.55 2.64 2.64 2.64 2.64 2.50 2.50 2.50 2.50
1.64 1.64 1.64 1.64 1.68 1.68 1.68 1.68 1.85 1.85 1.85 1.85 2.04 2.04 2.04 2.04 2.20 2.20 1.99 2.20 2.19 2.19 2.19 2.19 2.20 2.20 2.20 2.20 2.27 2.27 2.27 2.27 2.40 2.40 2.40 2.40 2.40 2.40 2.40 2.40 2.12 2.12 2.12 2.12 1.80 0.00 0.00 0.00 0.00 1.01 1.85 1.64 1.63 0.00 0.00 0.00 0.00 0.00 0.00 0.00 0.00 0.00 0.00 0.00 0.00 0.00 0.00 0.00 2.22 2.22 2.04 2.37 2.46 2.46 2.46 2.46 2.54 2.54 2.54 2.54 2.41 2.41 2.41 2.41
1.64 1.64 1.64 1.64 1.68 1.68 1.68 1.68 1.85 1.85 1.85 1.85 2.04 2.04 2.04 2.04 2.20 2.20 2.20 2.20 2.19 2.19 2.19 2.19 2.20 2.20 2.20 2.20 2.27 2.27 2.27 2.27 2.40 2.40 2.40 2.40 2.40 2.40 2.40 2.40 2.12 2.12 2.12 1.69 0.00 0.00 0.00 0.00 1.85 2.01 2.01 1.85 1.63 1.63 2.09 0.00 0.00 0.00 0.00 0.00 0.00 0.00 0.00 0.00 0.00 0.00 0.00 0.00 2.22 2.22 2.37 2.37 2.46 2.46 2.46 2.46 2.54 2.54 2.54 2.11 2.41 2.41 2.41 2.05
1.69 1.69 1.69 1.69 1.86 1.86 1.86 1.86 2.05 2.05 2.05 2.05 2.15 2.15 2.15 2.15 2.20 2.20 2.20 2.20 2.14 2.14 2.14 2.14 2.07 2.07 2.07 2.07 2.13 2.13 2.13 2.13 2.31 2.31 2.31 2.31 2.25 2.25 2.25 2.25 2.09 2.09 2.09 1.68 1.69 0.00 1.02 1.69 2.13 2.13 2.13 2.13 2.01 2.01 2.10 0.00 0.00 0.00 0.00 0.00 0.00 2.29 2.00 2.29 0.00 0.00 0.00 0.00 2.25 2.25 2.40 2.40 2.41 2.41 2.41 2.41 2.45 2.45 2.07 2.07 2.36 2.36 2.36 2.02
1.69 1.69 1.69 1.69 1.86 1.86 1.86 1.86 2.05 2.05 2.05 2.05 2.15 2.15 2.15 2.15 2.20 2.20 2.20 2.20 2.14 2.14 2.14 2.14 2.07 2.07 2.07 2.07 2.13 2.13 2.13 2.13 2.31 2.31 2.31 2.31 2.25 2.25 2.25 1.76 2.09 2.09 2.09 1.68 1.69 1.02 2.11 2.11 2.13 1.02 2.13 2.13 1.01 0.00 2.10 0.00 0.00 0.00 0.00 0.00 0.00 0.00 0.00 0.00 0.00 0.00 0.00 2.17 2.25 2.40 2.40 2.25 2.41 2.41 2.41 2.41 2.45 2.07 2.07 2.07 2.02 2.36 2.36 2.02
1.69 1.69 1.69 1.69 1.86 1.86 1.86 1.86 2.05 2.05 2.05 1.66 1.71 2.15 2.15 2.15 2.20 1.74 1.74 2.20 2.14 2.14 2.14 2.14 2.07 2.07 2.07 2.07 2.13 2.13 2.13 2.13 2.31 2.31 2.31 2.31 2.25 2.25 2.25 2.25 2.09 2.09 2.09 2.09 1.69 2.11 2.11 1.02 0.00 1.02 1.02 2.13 2.01 0.00 1.16 2.10 2.02 0.00 0.00 0.00 1.10 0.00 0.00 0.00 0.00 0.00 2.17 2.30 2.06 1.11 2.40 2.06 1.05 2.05 2.41 2.41 2.45 2.45 2.45 2.45 2.36 2.36 2.02 0.00
1.69 1.69 1.69 1.69 1.86 1.86 1.86 1.86 2.05 2.05 2.05 1.66 1.71 2.15 2.15 2.15 2.20 0.00 2.20 2.20 2.14 2.14 2.14 2.14 2.07 2.07 2.07 2.07 2.13 2.13 2.13 2.13 2.31 2.31 2.31 2.31 2.25 2.25 2.25 2.25 2.09 2.09 2.09 1.68 1.69 2.11 1.69 1.02 0.00 1.02 2.13 2.13 0.00 0.00 2.10 2.10 2.02 0.00 0.00 2.19 2.00 2.16 0.00 0.00 0.00 0.00 2.17 2.17 2.40 2.40 0.00 0.00 2.41 2.41 2.41 2.41 2.28 2.45 2.45 2.45 2.36 2.36 2.02 0.00
1.79 1.79 1.79 1.79 1.97 1.97 1.97 1.97 2.14 2.14 1.71 1.71 2.18 2.18 2.18 2.18 1.73 0.00 1.73 2.19 2.11 2.11 2.11 2.11 2.02 2.02 2.02 2.02 2.09 2.09 2.09 2.09 2.17 2.17 2.17 2.17 2.13 2.13 2.13 2.13 2.15 2.15 2.15 2.15 2.21 2.21 2.21 1.02 0.00 1.02 2.11 2.11 0.00 0.00 2.09 2.09 2.03 0.00 0.00 0.00 0.00 0.00 0.00 0.00 0.00 0.00 0.00 0.00 2.45 2.08 0.00 0.00 2.22 2.37 2.37 2.22 0.00 2.17 2.17 2.00 2.27 2.27 1.98 0.00
1.79 1.79 1.79 1.79 1.97 1.97 1.97 1.97 2.14 2.14 1.71 1.71 2.18 2.18 2.18 2.18 1.73 1.73 1.73 2.19 2.11 2.11 2.11 2.11 2.02 2.02 2.02 2.02 2.09 2.09 2.09 2.09 2.17 2.17 2.17 2.17 2.13 2.13 2.13 2.13 2.15 1.02 1.02 1.02 2.21 2.21 1.02 0.00 0.00 0.00 1.69 2.11 1.01 2.09 0.00 2.09 2.20 0.00 0.00 0.00 0.00 0.00 0.00 0.00 0.00 0.00 0.00 0.00 0.00 0.00 0.00 0.00 0.00 1.05 2.37 2.03 0.00 0.00 0.00 0.00 2.15 2.27 1.98 0.00
1.79 1.79 1.79 1.79 1.97 1.97 1.97 1.97 2.14 2.14 2.14 1.71 1.72 2.18 2.18 1.72 2.19 2.19 1.73 1.73 2.11 2.11 2.11 2.11 2.02 2.02 2.02 2.02 2.09 2.09 2.09 2.09 2.17 2.17 2.17 2.17 2.13 2.13 2.13 2.13 2.15 1.02 0.00 0.00 1.02 1.02 1.02 1.02 0.00 1.02 2.11 2.11 1.63 2.09 0.00 0.00 2.03 2.20 0.00 0.00 0.00 0.00 0.00 0.00 0.00 0.00 0.00 0.00 0.00 0.00 0.00 0.00 0.00 1.05 2.22 1.05 0.00 0.00 0.00 0.00 0.00 1.04 0.00 0.00
1.79 1.79 1.79 1.79 1.97 1.97 1.97 1.97 2.14 2.14 2.14 1.71 1.72 2.18 1.03 1.72 2.19 1.73 1.73 1.73 2.11 2.11 2.11 2.11 2.02 2.02 2.02 2.02 2.09 2.09 2.09 2.09 2.17 2.17 2.17 2.17 2.13 2.13 2.13 2.13 2.15 1.02 0.00 0.00 0.00 0.00 0.00 0.00 1.02 2.11 2.11 1.69 1.63 0.00 0.00 2.09 2.34 2.20 2.34 0.00 0.00 0.00 0.00 0.00 0.00 0.00 0.00 0.00 0.00 0.00 0.00 0.00 0.00 2.37 2.22 1.05 0.00 0.00 0.00 0.00 0.00 0.00 0.00 1.04
1.71 1.71 1.71 1.71 1.88 1.88 1.88 1.88 2.12 2.12 2.12 2.12 2.22 2.22 1.75 2.22 2.24 1.76 1.76 2.24 2.09 2.09 2.09 2.09 1.93 1.93 1.93 1.93 1.96 1.96 1.96 1.96 2.00 2.00 2.00 2.00 2.04 2.04 2.04 2.04 2.21 1.02 0.00 0.00 0.00 0.00 0.00 0.00 2.08 2.08 2.08 1.68 1.62 0.00 0.00 2.08 0.00 0.00 0.00 0.00 0.00 0.00 0.00 0.00 0.00 0.00 0.00 0.00 0.00 0.00 0.00 0.00 0.00 2.02 0.00 0.00 0.00 0.00 0.00 0.00 0.00 0.00 0.00 1.04
1.71 1.71 1.71 1.71 1.88 1.88 1.88 1.88 2.12 2.12 2.12 2.12 1.75 1.75 1.03 0.00 1.76 1.76 1.76 2.24 2.09 2.09 2.09 2.09 1.93 1.93 1.93 1.93 1.96 1.96 1.96 1.96 2.00 2.00 2.00 2.00 2.04 2.04 2.04 2.04 2.21 2.21 0.00 0.00 1.03 2.26 2.26 1.77 2.08 2.08 1.90 1.90 1.81 0.00 1.15 2.08 0.00 0.00 0.00 0.00 0.00 0.00 0.00 0.00 0.00 0.00 0.00 0.00 0.00 0.00 0.00 0.00 0.00 0.00 0.00 0.00 0.00 0.00 0.00 0.00 0.00 0.00 0.00 0.00
1.71 1.71 1.71 1.71 1.88 1.88 1.88 1.88 2.12 2.12 2.12 2.12 1.75 0.00 0.00 1.75 1.76 2.24 1.76 2.24 2.09 2.09 2.09 2.09 1.93 1.93 1.93 1.93 1.96 1.96 1.96 1.96 2.00 2.00 2.00 2.00 2.04 2.04 2.04 2.04 2.21 2.21 0.00 0.00 2.26 2.26 2.26 2.26 2.08 2.08 1.68 0.00 0.00 0.00 0.00 0.00 0.00 0.00 0.00 0.00 0.00 0.00 0.00 0.00 0.00 0.00 0.00 0.00 0.00 0.00 0.00 0.00 0.00 0.00 0.00 0.00 0.00 0.00 0.00 0.00 0.00 0.00 0.00 0.00
1.71 1.71 1.71 1.71 1.88 1.88 1.88 1.88 2.12 2.12 2.12 2.12 1.75 0.00 0.00 0.00 1.76 1.76 2.24 2.24 2.09 2.09 2.09 2.09 1.93 1.93 1.93 1.93 1.96 1.96 1.96 1.96 2.00 2.00 2.00 2.00 2.04 2.04 2.04 2.04 2.21 2.21 1.02 1.02 1.77 2.26 2.26 2.26 2.08 1.68 1.68 0.00 0.00 0.00 0.00 0.00 0.00 0.00 0.00 0.00 0.00 0.00 0.00 0.00 0.00 0.00 0.00 0.00 0.00 0.00 0.00 2.10 2.21 1.05 0.00 0.00 0.00 0.00 0.00 0.00 0.00 0.00 0.00 0.00
0.98 1.63 1.63 1.63 1.86 1.86 1.86 1.86 2.19 2.19 2.19 0.00 0.00 0.00 0.00 0.00 0.00 1.78 2.28 2.28 2.03 2.03 2.03 2.03 1.84 1.84 1.84 1.84 1.79 1.79 1.79 1.79 1.78 1.78 1.78 1.78 1.92 1.92 1.92 1.92 2.28 2.28 2.28 2.28 2.33 2.33 2.33 2.33 1.67 1.89 0.00 0.00 0.00 0.00 0.00 0.00 0.00 0.00 0.00 0.00 0.00 0.00 0.00 0.00 0.00 0.00 0.00 0.00 0.00 0.00 0.00 0.00 0.00 0.00 0.00 0.00 0.00 0.00 0.00 0.00 0.00 0.00 0.00 0.00
1.63 1.63 1.63 1.63 1.86 1.86 1.86 1.86 2.19 2.19 2.19 1.03 0.00 0.00 1.04 1.04 2.06 1.78 2.28 2.28 2.03 2.03 2.03 2.03 1.84 1.84 1.84 1.84 1.79 1.79 1.79 1.79 1.78 1.78 1.78 1.78 1.92 1.92 1.92 1.92 2.28 2.28 2.28 2.28 2.33 2.33 2.33 2.33 1.67 1.89 0.00 0.00 0.00 0.00 0.00 0.00 0.00 0.00 0.00 0.00 0.00 0.00 0.00 0.00 0.00 0.00 0.00 0.00 0.00 0.00 0.00 0.00 0.00 0.00 0.00 0.00 0.00 0.00 0.00 0.00 0.00 0.00 0.00 0.00
0.00 1.51 1.59 1.59 1.79 1.79 1.79 1.79 2.06 2.06 2.06 1.66 0.99 0.99 2.16 2.16 2.14 2.14 2.14 2.14 1.93 1.93 1.93 1.93 1.75 1.75 1.75 1.75 1.70 1.70 1.70 1.70 1.70 1.70 1.70 1.70 1.81 1.81 1.81 1.81 2.11 2.11 2.11 2.11 2.15 2.15 2.15 1.71 0.00 0.00 0.00 0.00 0.00 0.00 0.00 0.00 0.00 0.00 0.00 0.00 0.00 0.00 0.00 0.00 0.00 0.00 0.00 0.00 0.00 0.00 0.00 0.00 0.00 0.00 0.00 0.00 2.14 2.14 2.14 0.00 0.00 0.00 0.00 0.00
0.94 0.00 1.59 1.59 1.79 1.79 1.79 1.79 2.06 2.06 2.06 2.06 2.16 2.16 2.16 2.16 2.14 2.14 2.14 2.14 1.93 1.93 1.93 1.93 1.75 1.75 1.75 1.75 1.70 1.70 1.70 1.70 1.70 1.70 1.70 1.70 1.81 1.81 1.81 1.81 2.11 2.11 2.11 2.11 2.15 2.15 2.15 2.15 1.59 0.00 0.00 0.00 0.00 0.00 0.00 0.00 0.00 0.00 0.00 0.00 0.00 0.00 0.00 0.00 0.00 0.00 0.00 0.00 0.00 0.00 0.00 0.00 0.00 0.00 0.00 0.00 0.00 0.00 0.00 0.00 0.00 0.00 0.00 0.00
1.63 1.63 1.63 1.63 1.83 1.83 1.83 1.83 2.11 2.11 2.11 2.11 2.21 2.21 2.21 2.21 2.15 2.15 2.15 2.15 1.97 1.97 1.97 1.97 1.76 1.76 1.76 1.76 1.64 1.64 1.64 1.64 1.63 1.63 1.63 1.63 1.83 1.83 1.83 1.83 2.12 2.12 2.12 2.12 2.21 1.74 2.21 2.21 2.04 1.65 1.65 2.09 2.02 0.00 0.00 0.00 0.00 0.00 0.00 0.00 0.00 0.00 0.00 0.00 0.00 0.00 0.00 0.00 0.00 0.00 0.00 0.00 0.00 0.00 0.00 0.00 0.00 0.00 0.00 0.00 0.00 0.00 0.00 0.00
1.63 0.95 1.63 1.55 1.83 1.83 1.83 1.83 2.11 2.11 2.11 2.11 2.21 1.74 2.21 2.21 2.15 2.15 2.15 2.15 1.97 1.97 1.97 1.97 1.76 1.76 1.76 1.76 1.64 1.64 1.64 1.64 1.63 1.63 1.63 1.63 1.83 1.83 1.83 1.83 2.12 2.12 2.12 2.12 2.21 2.21 2.21 2.21 2.04 2.04 2.04 2.49 2.34 2.34 0.00 0.00 0.00 0.00 0.00 0.00 0.00 0.00 0.00 0.00 0.00 0.00 0.00 0.00 0.00 0.00 0.00 0.00 0.00 0.00 0.00 0.00 0.00 0.00 0.00 0.00 0.00 0.00 0.00 0.00
1.44 1.55 1.44 1.55 1.83 1.83 1.83 1.83 2.11 2.11 2.11 2.11 1.74 1.74 2.21 2.21 2.15 2.15 2.15 2.15 1.97 1.97 1.97 1.97 1.76 1.76 1.76 1.76 1.64 1.64 1.64 1.64 1.63 1.63 1.63 1.63 1.83 1.83 1.83 1.83 2.12 2.12 2.12 2.12 2.21 2.21 2.21 2.21 2.04 2.04 2.04 2.49 2.34 2.20 0.00 0.00 0.00 0.00 0.00 0.00 0.00 0.00 0.00 0.00 0.00 0.00 0.00 0.00 0.00 2.25 2.25 0.00 0.00 0.00 0.00 0.00 0.00 0.00 0.00 0.00 0.00 0.00 0.00 0.00
0.00 1.44 0.95 1.63 1.83 1.83 1.83 1.83 2.11 2.11 2.11 0.98 2.21 2.21 2.21 2.21 2.15 2.15 2.15 2.15 1.97 1.97 1.97 1.97 1.76 1.76 1.76 1.76 1.64 1.64 1.64 1.64 1.63 1.63 1.63 1.63 1.83 1.83 1.83 1.83 2.12 2.12 2.12 2.12 2.21 2.21 1.74 1.74 1.65 1.65 2.04 2.49 2.34 2.20 0.00 0.00 0.00 0.00 0.00 0.00 0.00 0.00 0.00 0.00 0.00 0.00 0.00 0.00 0.00 0.00 0.00 0.00 0.00 0.00 0.00 0.00 0.00 0.00 0.00 0.00 0.00 0.00 0.00 0.00
0.00 0.00 0.00 1.68 1.82 1.82 1.82 1.82 2.19 2.19 2.19 2.19 2.26 2.26 2.26 2.26 2.12 2.12 2.12 2.12 2.02 2.02 2.02 2.02 1.82 1.82 1.82 1.82 1.64 1.64 1.64 1.64 1.66 1.66 1.66 1.66 1.93 1.93 1.93 1.93 2.15 2.15 2.15 2.15 2.20 2.20 2.20 1.73 1.69 1.69 2.12 2.13 2.06 0.00 0.00 0.00 0.00 0.00 0.00 0.00 0.00 0.00 0.00 0.00 0.00 0.00 0.00 0.00 0.00 0.00 0.00 0.00 0.00 0.00 0.00 0.00 0.00 0.00 0.00 0.00 0.00 0.00 0.00 0.00
0.00 0.00 0.00 0.00 1.70 1.82 1.82 1.82 2.19 2.19 2.19 2.19 2.26 2.26 2.26 2.26 2.12 2.12 2.12 2.12 2.02 2.02 2.02 2.02 1.82 1.82 1.82 1.82 1.64 1.64 1.64 1.64 1.66 1.66 1.66 1.66 1.93 1.93 1.93 1.93 2.15 2.15 2.15 1.71 2.20 2.20 2.20 1.73 0.00 0.00 2.13 2.13 2.06 0.00 0.00 0.00 0.00 0.00 0.00 0.00 0.00 0.00 0.00 0.00 0.00 0.00 0.00 0.00 0.00 0.00 0.00 0.00 0.00 0.00 0.00 0.00 0.00 0.00 0.00 0.00 0.00 0.00 0.00 0.00
