New_Model_Runs/15_Future_RCP8.5_Scn2_out/post_prcessed_with_MFR/Monthly_summaries/net_infiltration_monthly_JUN.asc
NCOLS 700
NROWS 400
XLLCENTER 515000.000000
YLLCENTER 8409000.000000
CELLSIZE 50.000000
NODATA_value -999.000000
[rows 144 to 179 of 400, columns 410 to 491 of 700]
0.00 0.00 0.00 0.00 0.00 0.00 0.00 0.00 0.00 0.00 0.00 0.00 0.00 6.64 11.24 10.54 10.24 11.09 10.94 10.22 10.08 10.08 10.00 10.00 10.65 7.41 7.25 7.25 7.25 7.25 9.72 9.72 9.72 9.72 9.89 9.89 9.89 8.02 8.43 8.43 9.95 9.95 9.95 9.95 9.95 9.95 8.40 8.40 8.40 8.40 8.33 8.33 8.33 8.33 8.36 8.36 8.36 8.36 8.35 8.35 8.35 10.92 8.35 8.35 8.35 8.35 8.41 8.41 8.41 8.41 7.96 7.96 7.96 7.96 7.92 7.92 7.92 7.92 7.96 7.96 8.13 8.13
0.00 0.00 0.00 0.00 0.00 0.00 0.00 0.00 0.00 0.00 0.00 0.00 6.80 3.87 3.72 4.02 10.85 11.23 10.36 10.22 11.48 10.08 10.00 11.40 8.05 7.41 7.25 7.25 7.25 7.25 9.72 9.72 9.72 9.72 9.89 9.89 9.89 8.02 8.43 8.43 9.95 9.95 8.43 9.95 9.95 9.95 8.40 8.40 8.40 8.40 8.33 8.33 8.33 8.33 8.36 8.36 8.36 8.36 8.35 8.35 10.92 10.92 8.35 8.35 8.35 8.35 8.41 8.41 8.41 8.41 7.96 7.96 7.96 7.96 7.92 7.92 7.92 7.92 7.96 7.96 8.13 8.13
0.00 0.00 0.00 0.00 0.00 0.00 0.00 0.00 0.00 0.00 0.00 0.00 14.29 4.39 4.25 11.22 10.64 9.95 9.79 9.79 9.79 7.35 9.60 9.60 7.15 7.15 7.00 7.00 7.00 7.00 9.31 9.31 9.31 9.31 9.48 9.48 9.48 7.79 8.00 8.00 8.00 8.00 8.00 8.00 8.00 9.34 7.97 7.97 7.97 7.97 7.90 7.90 7.90 7.90 7.67 7.67 7.67 7.67 7.67 7.67 7.67 9.85 7.67 7.67 7.67 7.67 7.72 7.72 7.72 7.72 7.59 7.59 7.59 7.59 8.14 8.14 8.14 8.14 7.59 7.59 7.60 7.60
0.00 0.00 0.00 0.00 0.00 0.00 0.00 0.00 0.00 0.00 0.00 0.00 7.46 11.22 4.10 11.26 10.92 9.83 9.93 9.79 7.35 7.35 7.15 7.15 7.15 7.15 8.44 8.44 7.00 7.00 7.10 9.31 9.31 9.31 9.48 9.48 9.48 7.79 8.00 8.00 8.00 8.00 8.00 8.00 8.00 9.34 7.97 7.97 7.97 7.97 7.90 7.90 7.90 7.90 7.67 7.67 7.67 7.67 7.67 7.67 7.67 7.67 7.67 7.67 7.67 7.67 7.72 7.72 11.07 7.72 7.59 7.59 7.59 7.59 8.14 8.14 8.14 8.14 7.59 7.59 7.60 7.88
0.00 0.00 0.00 0.00 0.00 0.00 0.00 0.00 0.00 0.00 0.00 0.00 6.64 4.25 10.49 10.23 7.37 7.37 9.71 7.30 7.95 7.30 7.06 7.06 7.06 7.06 7.03 8.47 7.03 7.03 7.84 9.47 9.47 9.47 9.60 9.60 9.60 7.86 8.05 10.57 8.05 8.05 8.03 8.03 8.03 8.03 7.96 7.96 9.17 7.96 7.87 7.87 7.87 7.87 7.65 7.65 7.65 7.65 7.66 7.66 7.66 7.66 7.73 7.73 7.73 7.73 7.81 7.81 11.23 11.23 10.96 10.96 10.96 7.69 7.63 7.63 7.63 7.63 7.57 7.57 7.57 7.57
0.00 0.00 0.00 0.00 0.00 0.00 0.00 0.00 0.00 0.00 0.00 0.00 3.66 11.48 10.64 11.13 7.37 7.37 7.30 7.30 7.30 7.30 7.06 7.06 7.06 7.06 7.03 7.03 7.03 7.03 7.20 7.20 9.47 9.47 9.60 9.60 9.60 7.86 8.05 10.57 10.46 8.05 8.03 8.03 8.03 8.03 10.31 7.96 9.17 7.96 7.87 7.87 7.87 7.87 7.65 7.65 7.65 7.65 7.66 7.66 7.66 7.66 7.73 7.73 7.73 7.73 11.23 11.23 11.23 11.23 10.96 10.96 10.96 7.69 7.63 7.63 7.63 7.63 7.57 7.57 7.57 7.57
0.00 0.00 0.00 0.00 0.00 0.00 0.00 0.00 0.00 0.00 0.00 0.00 0.00 14.84 4.39 3.90 7.85 9.02 8.86 7.30 8.86 8.86 7.06 7.06 7.06 8.78 8.47 7.03 7.03 7.03 7.20 7.20 9.47 9.47 10.54 9.60 9.60 7.86 8.05 8.05 8.05 8.05 8.03 8.03 8.03 12.79 12.65 7.96 7.96 7.96 10.17 7.87 7.87 7.87 7.65 7.65 7.65 7.65 7.66 7.66 7.66 7.66 7.73 7.73 7.73 8.91 7.81 7.81 11.23 11.23 10.96 10.96 10.96 10.96 7.63 7.63 7.63 7.63 7.57 7.57 7.57 7.57
0.00 0.00 0.00 0.00 0.00 0.00 0.00 0.00 0.00 0.00 0.00 0.00 0.00 3.80 3.69 4.61 11.12 10.76 9.71 7.30 7.30 7.30 7.06 7.06 7.06 7.06 7.03 7.03 7.03 7.03 7.20 7.20 9.47 9.47 9.60 9.60 7.86 7.86 8.05 8.05 8.05 8.05 8.03 8.03 9.25 8.03 7.96 7.96 7.96 7.96 7.87 7.87 7.87 7.87 7.65 7.65 7.65 7.65 7.66 7.66 7.66 7.66 7.73 7.73 7.73 7.73 7.81 7.81 11.23 11.23 11.85 11.11 11.11 11.11 7.63 7.63 7.63 7.63 7.57 7.57 7.57 7.57
0.00 0.00 0.00 0.00 0.00 0.00 0.00 0.00 0.00 0.00 0.00 0.00 0.00 13.41 11.33 4.25 10.24 11.62 10.56 9.60 9.60 7.22 7.02 7.02 7.02 7.02 7.06 7.06 7.06 7.06 7.22 7.22 7.22 9.48 10.55 9.61 7.87 7.87 8.08 8.08 8.08 8.08 8.03 8.03 8.03 8.03 7.92 7.92 7.92 7.92 7.87 7.87 7.87 7.87 7.66 7.66 7.66 7.66 7.64 7.64 7.64 7.64 7.73 8.91 7.73 7.73 7.83 7.83 7.83 14.23 11.45 11.52 11.47 11.17 11.07 8.98 7.67 7.67 7.60 7.60 7.61 7.61
0.00 0.00 0.00 0.00 0.00 0.00 0.00 0.00 0.00 0.00 0.00 0.00 0.00 6.64 3.95 10.49 10.27 10.53 9.70 9.60 7.22 7.22 7.02 7.02 7.02 7.02 7.06 7.06 7.06 7.06 7.22 7.22 7.22 9.48 9.61 9.61 7.87 7.87 9.26 8.08 8.08 8.08 8.03 8.03 8.03 8.03 7.92 7.92 7.92 7.92 7.87 7.87 7.87 7.87 7.66 7.66 7.66 7.66 7.64 7.64 7.64 7.64 7.73 7.73 7.73 7.73 7.83 7.83 7.83 7.83 7.88 14.14 11.03 10.89 11.36 7.96 7.82 7.67 7.60 7.60 7.61 7.61
0.00 0.00 0.00 0.00 0.00 0.00 0.00 0.00 0.00 0.00 0.00 0.00 0.00 13.64 7.90 8.82 11.79 7.31 7.86 7.22 7.22 7.22 7.91 7.67 7.02 7.02 7.06 7.06 7.06 7.06 7.22 7.22 7.22 7.22 9.61 9.61 7.87 7.87 10.49 14.65 9.30 8.08 8.03 8.03 8.03 8.03 7.92 7.92 7.92 7.92 7.87 7.87 7.87 7.87 7.66 7.66 7.66 7.66 7.64 7.64 7.64 7.64 7.73 7.73 7.73 7.73 7.83 7.83 7.83 7.83 14.54 14.25 3.51 3.66 15.01 14.87 11.47 7.67 7.60 7.60 7.61 7.61
0.00 0.00 0.00 0.00 0.00 0.00 0.00 0.00 0.00 0.00 0.00 0.00 0.00 7.34 7.31 7.31 7.31 7.95 7.85 7.22 7.22 7.22 7.02 7.02 7.02 7.02 7.06 7.06 7.06 7.06 8.89 7.27 7.22 7.22 9.61 9.61 7.87 7.87 8.14 14.01 10.64 8.08 8.03 8.03 8.03 8.03 7.92 7.92 7.92 7.92 7.87 7.87 7.87 7.87 7.66 7.66 9.84 7.66 7.64 7.64 7.64 7.64 7.73 7.73 7.73 7.73 7.83 7.83 7.83 14.78 0.00 0.00 0.00 0.00 0.00 0.00 15.44 14.76 14.45 7.60 11.12 12.07
0.00 0.00 0.00 0.00 0.00 0.00 0.00 0.00 0.00 0.00 0.00 0.00 10.81 7.30 7.24 7.24 7.24 7.24 7.18 7.18 8.70 7.18 7.68 7.03 7.03 7.03 7.08 7.08 7.08 7.08 8.88 7.26 7.20 7.20 9.61 9.61 7.86 7.86 8.39 17.08 8.57 8.21 10.09 7.99 7.99 10.43 9.09 7.89 7.89 7.89 7.88 7.88 7.88 7.88 7.66 7.66 8.34 7.66 8.80 7.64 7.64 7.64 7.71 7.71 7.71 7.71 7.81 7.95 11.32 0.00 0.00 0.00 0.00 0.00 0.00 0.00 0.00 0.00 11.72 11.08 3.51 0.00
0.00 0.00 0.00 0.00 0.00 0.00 0.00 0.00 0.00 0.00 0.00 0.00 0.00 7.30 7.24 7.24 7.24 7.24 7.18 7.18 7.18 7.18 7.03 7.03 7.03 7.03 7.08 7.08 7.08 7.08 7.20 7.26 7.20 7.20 7.30 10.99 7.86 7.86 8.24 11.33 8.72 9.29 7.99 7.99 7.99 7.99 10.13 9.94 7.89 7.89 7.88 7.88 7.88 7.88 7.66 7.66 7.66 7.66 7.64 7.64 7.64 7.64 7.71 7.71 7.71 7.71 10.22 11.50 11.98 0.00 0.00 0.00 0.00 0.00 0.00 0.00 0.00 0.00 0.00 0.00 0.00 0.00
0.00 0.00 0.00 0.00 0.00 0.00 0.00 0.00 0.00 0.00 0.00 0.00 0.00 11.05 7.39 7.24 7.24 7.24 7.18 7.18 7.18 8.70 7.03 7.03 8.76 7.03 7.08 7.08 7.08 7.08 7.85 7.88 7.26 7.20 7.30 9.61 7.86 7.90 8.13 14.40 8.57 8.10 7.99 7.99 7.99 7.99 7.89 7.89 7.89 7.89 7.88 7.88 7.88 7.88 7.66 7.66 7.66 7.66 7.64 7.64 7.64 7.64 7.71 7.71 7.71 7.86 10.14 7.85 11.32 0.00 0.00 0.00 0.00 0.00 0.00 0.00 0.00 0.00 0.00 0.00 0.00 0.00
0.00 0.00 0.00 0.00 0.00 0.00 0.00 0.00 0.00 0.00 0.00 0.00 0.00 0.00 11.34 7.83 7.24 7.24 7.18 7.18 7.18 8.70 7.03 7.03 7.03 8.47 7.73 7.73 7.08 7.08 7.20 7.20 7.20 8.70 7.34 7.34 7.90 12.86 11.26 14.55 11.90 12.52 11.58 7.99 7.99 7.99 7.89 7.89 7.89 7.89 7.88 7.88 7.88 7.88 7.66 7.66 7.66 7.66 7.64 7.64 7.64 7.64 7.71 7.71 7.86 7.92 10.14 7.81 11.32 0.00 0.00 0.00 0.00 0.00 0.00 0.00 0.00 0.00 0.00 0.00 0.00 0.00
0.00 0.00 0.00 0.00 0.00 0.00 0.00 0.00 0.00 0.00 0.00 0.00 0.00 0.15 7.19 8.42 7.25 7.25 7.17 7.17 7.17 7.17 7.04 7.04 7.69 7.04 7.07 7.07 7.07 7.07 7.18 7.18 7.18 7.18 7.29 7.29 7.85 7.94 8.12 15.07 13.11 12.52 14.26 7.95 7.95 7.95 7.86 7.86 7.86 7.86 7.87 7.87 7.87 8.03 7.68 7.68 7.68 7.68 7.66 7.66 7.66 7.66 7.69 7.69 7.69 7.84 10.08 7.76 11.27 0.00 0.00 0.00 0.00 0.00 0.00 0.00 0.00 0.00 0.00 0.00 0.00 0.00
0.00 0.00 0.00 0.00 0.00 0.00 0.00 0.00 0.00 0.00 0.00 0.00 0.00 8.85 12.66 3.39 7.75 7.25 7.17 7.17 7.17 7.17 7.04 7.04 7.04 7.04 7.07 7.07 7.07 7.07 7.18 7.18 7.18 7.18 7.29 7.29 10.15 7.89 8.27 13.84 11.70 11.88 7.95 7.95 7.95 7.95 7.86 7.86 7.86 7.86 7.87 7.87 7.87 7.87 8.85 7.68 7.68 7.68 7.66 7.66 9.84 7.66 7.69 7.69 7.69 7.69 10.08 11.27 0.00 0.00 0.00 0.00 0.00 0.00 0.00 0.00 0.00 0.00 0.00 0.00 0.00 0.00
0.00 0.00 0.00 0.00 0.00 0.00 0.00 0.00 0.00 0.00 0.00 0.00 0.00 0.00 9.12 6.72 8.18 7.12 7.08 7.08 7.08 7.08 7.24 7.24 7.51 7.24 7.27 7.27 7.27 7.27 7.17 7.17 7.17 7.17 7.27 9.86 12.33 11.31 15.21 10.44 12.15 11.59 10.99 7.79 7.79 7.79 7.70 7.70 7.70 7.70 7.72 7.72 7.72 7.72 10.27 9.44 8.20 8.20 8.18 8.18 8.18 8.18 8.21 8.21 8.21 8.21 7.75 11.21 0.00 0.00 0.00 0.00 0.00 0.00 0.00 0.00 0.00 0.00 0.00 0.00 0.00 0.00
0.00 0.00 0.00 0.00 0.00 0.00 0.00 0.00 0.00 0.00 0.00 0.00 0.00 0.00 9.12 11.21 7.56 7.12 7.63 7.08 7.08 7.08 7.24 7.24 7.24 7.24 7.27 7.27 7.27 7.27 7.17 7.17 7.17 7.17 7.42 10.08 10.00 14.29 11.91 8.21 11.16 15.30 7.79 7.79 7.79 7.79 7.70 7.70 7.70 7.70 8.86 7.72 7.72 7.72 8.20 8.20 8.20 8.20 8.18 8.67 8.18 8.18 8.21 8.21 8.21 8.21 7.75 11.21 0.00 0.00 0.00 0.00 0.00 0.00 0.00 0.00 0.00 0.00 0.00 0.00 0.00 0.00
0.00 0.00 0.00 0.00 0.00 0.00 0.00 0.00 0.00 0.00 0.00 0.00 0.00 0.00 9.12 12.63 8.60 7.09 7.05 7.05 7.05 7.05 7.22 7.50 7.22 7.22 7.27 7.27 7.27 7.27 7.16 7.16 7.16 7.16 9.83 10.35 13.21 14.38 7.96 7.96 7.82 12.28 7.73 7.73 8.87 7.73 8.29 8.29 8.29 9.38 7.72 7.72 7.72 7.72 8.22 8.22 8.22 8.22 8.19 8.19 8.19 8.19 8.20 8.20 8.20 8.20 7.66 11.17 0.00 0.00 0.00 0.00 0.00 0.00 0.00 0.00 0.00 0.00 0.00 0.00 0.00 0.00
0.00 0.00 0.00 0.00 0.00 0.00 0.00 0.00 0.00 0.00 0.00 0.00 0.00 0.00 9.12 9.12 10.60 7.09 7.05 7.05 7.05 7.05 7.22 7.49 7.22 7.22 7.27 7.27 7.27 7.27 7.16 7.16 7.16 7.22 9.98 11.08 14.21 8.55 7.96 8.97 7.82 7.82 7.73 7.73 7.73 7.73 8.29 8.29 8.77 8.29 7.72 7.72 7.72 7.72 7.70 7.70 11.98 8.22 8.19 8.19 10.25 8.19 8.20 8.20 8.20 8.20 11.17 0.00 0.00 0.00 0.00 0.00 0.00 0.00 0.00 0.00 0.00 0.00 0.00 0.00 0.00 0.00
0.00 0.00 0.00 0.00 0.00 0.00 0.00 0.00 0.00 0.00 0.00 0.00 0.00 0.00 0.00 9.26 9.79 7.24 7.59 7.05 7.05 7.05 7.22 7.22 7.22 7.22 7.27 7.27 7.27 7.27 7.16 7.16 7.16 7.16 11.43 3.70 6.92 8.84 8.26 10.06 7.82 7.82 7.73 7.73 7.73 7.73 8.29 8.29 8.29 8.29 7.72 7.72 7.72 7.72 8.22 8.22 8.71 8.22 8.19 8.19 8.19 8.19 7.69 8.20 8.20 8.20 13.33 0.00 0.00 0.00 0.00 0.00 0.00 0.00 0.00 0.00 0.00 0.00 0.00 0.00 0.00 0.00
0.00 0.00 0.00 0.00 0.00 0.00 0.00 0.00 0.00 0.00 0.00 0.00 0.00 0.00 0.00 0.00 11.06 7.24 7.05 7.59 7.05 7.05 7.22 7.49 7.22 7.22 7.27 7.27 7.27 7.27 7.16 7.16 7.16 7.16 7.73 10.84 14.35 10.50 8.26 11.71 8.07 7.82 7.73 9.93 7.73 7.73 8.29 8.29 8.29 8.29 7.72 7.72 7.72 7.72 8.22 8.22 7.85 8.85 8.19 8.19 8.19 9.99 9.87 10.01 11.35 11.71 3.51 0.00 0.00 0.00 0.00 0.00 0.00 0.00 0.00 0.00 0.00 0.00 0.00 0.00 0.00 0.00
0.00 0.00 0.00 0.00 0.00 0.00 0.00 0.00 0.00 0.00 0.00 0.00 0.00 0.00 0.00 0.00 10.58 7.07 7.19 7.19 7.19 7.47 7.25 7.25 7.25 7.25 7.26 7.26 7.26 7.26 7.30 7.30 7.30 7.30 7.97 7.83 10.40 15.64 12.61 12.90 11.18 7.90 7.70 7.70 7.70 7.70 7.72 7.72 7.72 9.92 7.74 7.89 10.10 10.18 11.72 11.72 13.00 11.66 11.71 11.71 11.71 11.28 11.51 14.30 0.00 0.00 0.00 0.00 0.00 0.00 0.00 0.00 0.00 0.00 0.00 0.00 0.00 0.00 0.00 0.00 0.00 0.00
0.00 0.00 0.00 0.00 0.00 0.00 0.00 0.00 0.00 0.00 0.00 0.00 0.00 0.00 0.00 0.00 11.05 7.22 7.19 7.19 7.19 7.19 7.25 7.25 8.62 7.25 7.26 7.26 7.26 7.26 7.30 7.30 7.30 7.28 7.32 7.33 10.64 15.94 4.60 4.62 11.33 7.90 8.84 7.70 7.70 7.85 8.02 11.00 12.66 11.59 12.67 4.46 15.39 15.09 0.00 0.00 0.00 0.00 0.00 0.00 0.00 0.00 0.00 0.00 0.00 0.00 0.00 0.00 0.00 0.00 0.00 0.00 0.00 0.00 0.00 0.00 0.00 0.00 0.00 0.00 0.00 0.00
0.00 0.00 0.00 0.00 0.00 0.00 0.00 0.00 0.00 0.00 0.00 0.00 0.00 0.00 0.00 0.00 11.76 7.37 7.19 7.19 7.19 7.19 7.25 7.25 8.62 7.25 7.26 7.26 7.26 7.26 7.30 7.30 7.30 7.28 7.32 7.18 13.63 10.84 3.89 4.33 9.83 7.76 7.70 7.70 7.70 11.87 4.75 12.46 3.59 15.68 7.97 6.81 0.00 0.00 0.00 0.00 0.00 0.00 0.00 0.00 0.00 0.00 0.00 0.00 0.00 0.00 0.00 0.00 0.00 0.00 0.00 0.00 0.00 0.00 0.00 0.00 0.00 0.00 0.00 0.00 0.00 0.00
0.00 0.00 0.00 0.00 0.00 0.00 0.00 0.00 0.00 0.00 0.00 0.00 0.00 0.00 0.00 0.00 3.66 7.51 7.34 7.46 7.19 7.19 8.62 7.25 7.54 7.40 7.26 7.26 7.26 7.60 7.30 7.30 7.30 7.30 7.18 7.33 7.36 7.00 13.78 6.96 11.71 7.76 9.89 7.70 11.27 12.17 15.82 15.82 16.26 0.00 0.00 0.00 0.00 0.00 0.00 0.00 0.00 0.00 0.00 0.00 0.00 0.00 0.00 0.00 0.00 0.00 0.00 0.00 0.00 0.00 0.00 0.00 0.00 0.00 0.00 0.00 0.00 0.00 0.00 0.00 0.00 0.00
0.00 0.00 0.00 0.00 0.00 0.00 0.00 0.00 0.00 0.00 0.00 0.00 0.00 0.00 0.00 0.00 0.00 12.68 7.53 7.20 8.59 7.03 7.56 9.95 3.86 8.00 9.76 7.57 7.28 7.28 7.28 7.28 7.28 7.28 7.64 10.49 13.76 0.00 0.00 0.00 0.00 11.80 11.23 11.89 15.09 3.80 0.00 0.00 0.00 0.00 0.00 0.00 0.00 0.00 0.00 0.00 0.00 0.00 0.00 0.00 0.00 0.00 0.00 0.00 0.00 0.00 0.00 0.00 0.00 0.00 0.00 0.00 0.00 0.00 0.00 0.00 0.00 0.00 0.00 0.00 0.00 0.00
0.00 0.00 0.00 0.00 0.00 0.00 0.00 0.00 0.00 0.00 0.00 0.00 0.00 0.00 0.00 0.00 0.00 11.00 7.47 7.32 10.83 10.83 14.59 6.48 4.03 10.18 3.70 10.55 7.72 7.28 7.28 7.28 7.28 7.47 12.88 13.76 0.00 0.00 0.00 0.00 0.00 11.80 11.39 0.00 0.00 0.00 0.00 0.00 0.00 0.00 0.00 0.00 0.00 0.00 0.00 0.00 0.00 0.00 0.00 0.00 0.00 0.00 0.00 0.00 0.00 0.00 0.00 0.00 0.00 0.00 0.00 0.00 0.00 0.00 0.00 0.00 0.00 0.00 0.00 0.00 0.00 0.00
0.00 0.00 0.00 0.00 0.00 0.00 0.00 0.00 0.00 0.00 0.00 0.00 0.00 0.00 0.00 0.00 7.31 7.31 10.83 10.74 9.85 0.00 0.00 0.00 3.51 13.33 6.70 2.97 4.14 8.16 7.72 7.73 8.84 10.93 0.00 0.00 0.00 0.00 0.00 0.00 0.00 0.00 0.00 0.00 0.00 0.00 0.00 0.00 0.00 0.00 0.00 0.00 0.00 0.00 0.00 0.00 0.00 0.00 0.00 0.00 0.00 0.00 0.00 0.00 0.00 0.00 0.00 0.00 0.00 0.00 0.00 0.00 0.00 0.00 0.00 0.00 0.00 0.00 0.00 0.00 0.00 0.00
0.00 0.00 0.00 0.00 0.00 0.00 0.00 0.00 0.00 0.00 0.00 0.00 0.00 0.00 7.19 7.34 8.73 8.59 9.12 8.31 9.79 0.00 0.00 0.00 0.00 0.00 0.00 3.66 13.76 13.91 6.19 3.80 0.00 0.00 0.00 0.00 0.00 0.00 0.00 0.00 0.00 0.00 0.00 0.00 0.00 0.00 0.00 0.00 0.00 0.00 0.00 0.00 0.00 0.00 0.00 0.00 0.00 0.00 0.00 0.00 0.00 0.00 0.00 0.00 0.00 0.00 0.00 0.00 0.00 0.00 0.00 0.00 0.00 0.00 0.00 0.00 0.00 0.00 0.00 0.00 0.00 0.00
0.00 0.00 0.00 0.00 0.00 0.00 0.00 0.00 0.00 0.00 0.00 0.00 0.00 5.44 5.44 7.33 9.26 9.12 0.00 0.00 0.00 0.00 0.00 0.00 0.00 0.00 0.00 0.00 0.00 0.00 0.00 0.00 0.00 0.00 0.00 0.00 0.00 0.00 0.00 0.00 0.00 0.00 0.00 0.00 0.00 0.00 0.00 0.00 0.00 0.00 0.00 0.00 0.00 0.00 0.00 0.00 0.00 0.00 0.00 0.00 0.00 0.00 0.00 0.00 0.00 0.00 0.00 0.00 0.00 0.00 0.00 0.00 0.00 0.00 0.00 0.00 0.00 0.00 0.00 0.00 0.00 0.00
0.00 0.00 0.00 0.00 0.00 0.00 0.00 0.00 0.00 0.00 0.00 0.00 0.00 0.00 0.00 5.44 8.16 0.00 0.00 0.00 0.00 0.00 0.00 0.00 0.00 0.00 0.00 0.00 0.00 0.00 0.00 0.00 0.00 0.00 0.00 0.00 0.00 0.00 0.00 0.00 0.00 0.00 0.00 0.00 0.00 0.00 0.00 0.00 0.00 0.00 0.00 0.00 0.00 0.00 0.00 0.00 0.00 0.00 0.00 0.00 0.00 0.00 0.00 0.00 0.00 0.00 0.00 0.00 0.00 0.00 0.00 0.00 0.00 0.00 0.00 0.00 0.00 0.00 0.00 0.00 0.00 0.00
0.00 0.00 0.00 0.00 0.00 0.00 0.00 0.00 0.00 0.00 0.00 0.00 0.00 0.00 0.00 0.00 5.44 0.00 0.00 0.00 0.00 0.00 0.00 0.00 0.00 0.00 0.00 0.00 0.00 0.00 0.00 0.00 0.00 0.00 0.00 0.00 0.00 0.00 0.00 0.00 0.00 0.00 0.00 0.00 0.00 0.00 0.00 0.00 0.00 0.00 0.00 0.00 0.00 0.00 0.00 0.00 0.00 0.00 0.00 0.00 0.00 0.00 0.00 0.00 0.00 0.00 0.00 0.00 0.00 0.00 0.00 0.00 0.00 0.00 0.00 0.00 0.00 0.00 0.00 0.00 0.00 0.00
0.00 0.00 0.00 0.00 0.00 0.00 0.00 0.00 0.00 0.00 0.00 0.00 0.00 0.00 0.00 0.00 0.00 0.00 0.00 0.00 0.00 0.00 0.00 0.00 0.00 0.00 0.00 0.00 0.00 0.00 0.00 0.00 0.00 0.00 0.00 0.00 0.00 0.00 0.00 0.00 0.00 0.00 0.00 0.00 0.00 0.00 0.00 0.00 0.00 0.00 0.00 0.00 0.00 0.00 0.00 0.00 0.00 0.00 0.00 0.00 0.00 0.00 0.00 0.00 0.00 0.00 0.00 0.00 0.00 0.00 0.00 0.00 0.00 0.00 0.00 0.00 0.00 0.00 0.00 0.00 0.00 0.00
