New_Model_Runs/15_Future_RCP8.5_Scn2_out/post_prcessed_with_MFR/Monthly_summaries/net_infiltration_monthly_JUL.asc
NCOLS 700
NROWS 400
XLLCENTER 515000.000000
YLLCENTER 8409000.000000
CELLSIZE 50.000000
NODATA_value -999.000000
[rows 228 to 265 of 400, columns 84 to 167 of 700]
4.53 5.15 4.53 4.53 4.54 4.54 4.54 4.54 5.15 4.53 4.53 4.53 4.86 4.86 4.86 4.86 4.81 4.81 4.81 4.81 4.80 4.80 4.80 4.80 4.83 4.83 4.83 4.83 5.77 5.85 5.13 5.13 5.16 5.16 5.16 5.16 5.19 5.19 5.19 5.19 5.20 5.20 5.20 5.20 5.45 5.45 5.45 5.45 5.42 5.42 5.42 5.42 5.41 6.17 5.41 5.41 5.44 5.44 5.44 5.44 5.82 5.82 7.21 7.21 7.19 7.19 7.19 7.68 7.17 7.17 7.17 7.17 5.81 5.81 5.81 5.81 6.24 6.24 6.24 7.80 7.79 7.79 7.79 7.83
4.53 4.53 4.53 4.53 4.54 4.54 4.54 4.54 4.53 4.53 5.15 4.53 4.86 4.86 4.86 4.86 4.81 4.81 4.81 4.81 4.80 4.80 4.80 5.46 4.83 4.83 4.83 4.83 5.77 5.13 5.13 5.13 5.16 5.16 5.16 5.16 6.51 5.19 5.19 5.19 5.20 5.20 5.20 5.20 5.45 5.45 5.45 5.45 5.42 5.42 5.42 5.42 5.41 5.41 5.41 5.41 5.44 5.44 5.44 5.44 5.82 5.82 7.21 7.21 7.19 5.81 5.81 7.19 7.17 7.17 7.17 7.15 5.81 5.81 5.81 5.81 6.24 6.24 6.24 6.24 6.23 7.79 7.79 7.79
4.53 4.53 4.53 4.53 4.54 4.54 4.54 4.54 4.53 4.53 4.53 4.53 4.86 5.53 4.86 5.51 4.81 5.47 4.81 4.81 4.80 5.45 4.80 4.80 4.83 4.83 4.83 4.83 6.39 5.13 5.13 5.13 5.16 5.16 5.16 5.16 5.19 5.19 5.19 5.19 5.20 5.93 5.93 5.20 5.45 5.45 5.45 5.45 6.19 5.42 5.42 5.42 5.41 5.41 5.41 5.41 5.44 5.44 5.44 5.44 5.82 5.82 5.82 5.82 6.64 5.81 7.19 7.19 5.79 5.79 7.17 7.15 5.81 5.81 5.81 5.81 6.24 6.24 7.15 6.24 6.23 6.23 6.23 6.23
4.53 4.53 4.53 4.53 4.54 4.54 4.54 4.54 4.53 4.53 4.53 4.53 4.86 4.86 4.86 4.86 4.81 4.81 4.81 5.46 5.45 4.80 4.80 4.80 4.83 4.83 4.83 4.83 5.13 5.13 5.13 5.13 5.16 5.16 5.16 5.16 5.19 5.19 5.19 5.19 5.20 5.20 5.91 5.20 5.45 5.45 5.45 5.45 5.42 6.19 5.42 5.42 5.41 5.41 5.41 5.41 5.44 5.44 5.44 5.44 5.82 5.82 5.82 5.82 5.81 5.81 7.19 5.81 5.79 5.79 7.17 5.79 5.81 5.81 5.81 5.81 6.24 6.24 6.24 6.24 6.23 6.23 6.23 6.23
4.48 4.48 5.09 5.09 4.48 4.48 4.48 4.48 4.48 4.48 4.48 4.48 4.79 5.26 4.79 5.44 4.76 4.76 4.76 4.76 4.80 4.80 4.80 4.80 4.83 4.83 4.83 4.83 5.14 5.14 5.14 5.14 5.18 5.18 5.18 5.18 5.18 5.18 5.18 5.18 5.16 5.16 5.16 5.16 5.42 5.42 5.42 5.42 5.42 5.42 5.42 5.42 5.45 5.45 5.45 5.45 5.49 5.49 5.49 5.49 5.86 5.86 5.86 5.86 5.82 5.82 5.82 5.82 5.81 5.81 5.81 5.81 5.84 5.84 5.84 5.84 6.28 6.28 7.17 6.28 6.28 6.28 6.28 6.28
4.48 4.48 4.48 4.48 4.48 4.48 4.48 4.48 4.48 5.61 4.48 4.48 4.79 4.79 4.79 4.79 4.76 4.76 4.76 4.76 4.80 4.80 4.80 4.80 4.83 4.83 4.83 4.83 5.14 5.14 5.14 5.14 5.18 5.18 5.18 5.18 5.18 5.18 5.18 6.50 5.16 5.16 5.16 5.16 5.42 5.42 5.42 5.42 5.42 5.42 5.42 5.42 5.45 5.45 5.45 5.45 5.49 5.49 5.49 5.49 5.86 5.86 7.38 5.86 5.82 5.82 5.82 5.82 6.64 5.81 5.81 5.81 5.84 5.84 5.84 5.84 6.28 6.28 6.28 6.28 6.28 6.28 6.28 6.28
5.09 4.48 4.48 4.48 4.48 4.48 4.48 4.48 4.48 4.48 4.48 4.48 4.79 4.79 4.79 4.79 4.76 4.76 4.76 4.76 4.80 4.80 4.80 4.80 4.83 4.83 4.83 4.83 5.14 5.14 5.14 5.14 5.18 5.18 5.18 5.18 7.03 5.90 6.57 5.18 5.16 5.88 5.16 5.16 5.42 5.42 5.42 5.42 5.42 5.42 5.42 5.42 5.45 5.45 5.45 5.45 5.49 5.49 5.49 5.49 5.86 5.86 5.86 7.37 5.82 5.82 5.82 5.82 5.81 5.81 5.81 5.81 5.84 5.84 5.84 5.84 6.28 6.28 6.28 7.20 7.21 6.28 6.28 6.28
5.08 4.48 4.48 4.48 4.48 4.48 5.07 4.48 4.48 4.48 4.48 4.48 4.79 4.79 4.79 4.79 4.76 4.76 4.76 4.76 4.80 4.80 4.80 4.80 4.83 4.83 4.83 4.83 5.14 5.14 5.14 5.14 5.18 5.18 5.18 6.51 5.18 5.18 5.18 5.18 5.16 5.16 5.16 5.16 5.42 5.42 5.42 5.42 5.42 5.42 5.42 5.42 5.45 5.45 5.45 5.45 5.49 5.49 5.49 5.49 5.86 5.86 5.86 5.86 5.82 5.82 5.82 5.82 5.81 5.81 5.81 5.81 5.84 5.84 5.84 5.84 6.28 6.28 6.28 6.28 7.21 6.28 6.28 6.28
4.43 4.43 4.43 5.03 4.43 4.43 4.43 4.43 4.43 4.43 4.43 4.43 4.76 4.76 4.76 4.76 4.81 4.81 4.81 4.81 4.87 4.87 4.87 4.87 4.90 4.90 4.90 4.90 5.20 5.20 5.20 5.20 5.20 5.20 5.20 5.92 5.17 5.17 5.17 5.17 5.16 5.16 5.16 5.16 5.46 5.46 5.46 5.46 5.49 5.49 5.49 5.49 5.52 5.52 5.52 5.52 5.54 5.54 5.54 5.54 5.90 5.90 5.90 6.73 5.84 6.67 5.84 5.84 5.82 5.82 5.82 5.82 5.86 5.86 5.86 5.86 6.30 6.30 6.30 6.30 6.31 7.24 6.31 6.31
4.43 4.43 4.43 4.43 4.43 4.43 4.43 4.43 4.43 4.43 5.02 4.43 4.76 4.76 4.76 4.76 4.81 4.81 4.81 4.81 4.87 4.87 4.87 4.87 4.90 4.90 4.90 4.90 5.20 5.20 5.20 5.20 5.20 5.20 5.20 5.20 5.17 5.17 5.17 5.17 5.16 5.16 5.16 5.16 5.46 5.46 5.46 5.46 5.49 5.49 5.49 5.49 5.52 5.52 5.52 5.52 5.54 5.54 5.54 5.54 5.90 5.90 5.90 5.90 5.84 5.84 5.84 5.84 5.82 5.82 5.82 5.82 5.86 5.86 5.86 5.86 6.30 6.30 6.30 6.30 6.31 7.21 6.31 6.31
4.43 4.43 5.03 4.43 4.43 4.43 4.43 4.43 4.43 4.43 4.43 4.43 4.76 4.76 4.76 4.76 4.81 4.81 4.81 4.81 4.87 4.87 4.87 4.87 4.90 4.90 4.90 4.90 5.20 5.20 5.20 5.20 5.20 5.20 5.20 5.20 5.17 5.17 5.17 5.17 5.16 5.16 5.16 5.16 5.46 5.46 5.46 5.46 5.49 5.49 5.49 5.49 5.52 5.52 5.52 5.52 5.54 5.54 5.54 5.54 5.90 5.90 5.90 5.90 5.84 5.84 5.84 7.92 5.82 5.82 5.82 5.82 5.86 5.86 5.86 5.86 6.30 6.30 6.30 6.30 6.31 7.21 6.31 6.31
4.43 4.43 4.43 4.43 4.43 4.43 4.43 4.43 5.54 4.43 4.43 4.43 4.76 4.76 4.76 4.76 4.81 4.81 4.81 4.81 4.87 4.87 4.87 4.87 4.90 4.90 4.90 4.90 5.20 5.20 5.20 5.20 5.20 6.54 5.20 5.92 5.17 5.17 5.17 5.17 5.16 5.16 5.16 5.16 5.46 5.46 5.46 5.46 5.49 5.49 5.49 5.49 5.52 5.52 5.52 5.52 5.54 5.54 5.54 5.54 5.90 5.90 7.43 5.90 5.84 7.62 6.62 5.84 5.82 5.82 5.82 5.82 5.86 5.86 5.86 5.86 6.30 6.30 6.30 6.30 6.31 6.31 7.21 6.31
4.41 4.41 4.41 4.41 4.43 4.43 4.43 4.43 4.45 4.45 4.45 4.45 4.81 4.81 4.81 4.81 4.89 4.89 4.89 4.89 4.93 4.93 4.93 4.93 4.96 4.96 4.96 4.96 5.24 5.24 5.24 5.24 5.20 5.20 5.20 5.20 5.18 5.18 5.18 5.18 5.18 5.18 5.18 5.18 5.48 5.48 5.48 5.48 5.53 5.53 5.53 5.53 5.56 5.56 5.56 5.56 5.57 5.57 5.57 5.57 5.89 5.89 5.89 6.72 6.65 5.82 5.82 5.82 5.82 6.58 6.58 5.82 5.86 5.86 5.86 5.86 6.30 6.30 6.30 6.30 6.33 6.33 6.33 6.33
5.28 5.19 4.41 4.41 4.43 4.43 4.43 4.43 5.04 4.45 4.45 4.45 4.81 4.81 5.28 4.81 4.89 4.89 4.89 4.89 4.93 4.93 4.93 4.93 4.96 4.96 4.96 4.96 5.24 5.24 5.24 5.24 6.54 5.92 5.20 5.20 5.18 5.18 5.18 5.18 5.18 5.18 5.18 5.18 5.48 5.48 5.48 5.48 5.53 5.53 5.53 5.53 5.56 5.56 5.56 5.56 5.57 5.57 5.57 5.57 5.89 5.89 5.89 5.89 5.82 5.82 5.82 5.82 5.82 5.82 5.82 5.82 5.86 5.86 5.86 5.86 6.30 6.30 6.30 6.30 6.33 6.33 6.33 6.33
4.26 4.26 4.26 4.26 4.28 4.28 4.18 4.18 4.20 4.82 4.20 4.20 4.43 4.43 4.43 4.43 4.51 4.51 4.51 4.51 4.55 4.55 4.55 4.55 4.58 4.58 4.58 5.01 4.70 4.70 4.70 4.70 4.66 5.31 4.66 4.66 4.64 4.64 4.64 4.64 4.64 4.64 5.40 4.64 4.97 4.97 4.97 4.97 5.01 5.01 5.01 5.01 5.04 5.04 5.04 5.04 5.05 5.05 5.05 5.76 5.27 5.27 5.27 5.27 5.21 6.09 5.21 5.21 5.20 5.20 5.20 5.20 5.24 5.24 5.24 5.24 5.67 5.67 5.67 5.67 5.70 5.70 5.70 5.70
4.26 4.26 4.26 4.26 4.28 4.28 4.28 4.28 4.29 4.20 4.20 4.20 4.43 4.43 4.43 4.43 4.51 4.51 4.51 4.51 4.55 4.55 4.55 4.55 4.58 4.58 4.58 4.58 4.70 4.70 4.70 4.70 4.66 4.66 4.66 4.66 4.64 4.64 4.64 4.64 5.29 5.29 4.64 4.64 4.97 4.97 4.97 4.97 5.01 5.01 5.01 5.01 5.04 5.04 5.04 5.04 5.05 5.05 5.05 5.57 5.27 5.27 5.27 5.27 5.21 5.21 5.21 5.21 5.20 5.20 5.20 5.20 5.24 5.24 5.24 5.24 5.67 6.48 5.67 5.67 5.70 5.70 5.70 5.70
4.27 4.27 4.27 4.27 4.30 4.30 4.30 4.30 4.31 5.29 4.31 4.31 4.46 4.46 4.46 4.46 4.54 4.54 4.54 4.54 4.59 4.59 4.59 4.59 4.61 4.61 4.61 4.61 4.70 4.70 4.70 4.70 4.64 4.64 4.64 4.64 4.64 4.64 4.64 4.64 4.65 4.65 4.65 4.65 4.96 4.96 4.96 4.96 5.02 5.02 5.02 5.02 5.06 5.06 5.06 5.06 5.04 5.04 5.04 5.04 5.24 5.24 5.24 5.24 5.19 5.19 5.19 5.19 5.20 5.20 5.20 5.20 5.22 5.22 5.22 5.22 5.66 5.66 5.66 6.47 5.72 5.72 5.72 5.72
4.27 4.27 4.27 4.27 4.30 4.30 4.30 4.30 4.31 4.31 4.31 4.31 4.55 4.55 4.55 4.46 4.54 4.54 4.54 4.54 4.59 4.59 4.59 4.59 4.61 4.61 4.61 5.20 5.15 4.70 4.70 4.70 4.64 4.64 4.64 4.64 4.64 4.64 4.64 4.64 4.65 4.65 4.65 4.65 4.96 4.96 4.96 4.96 6.30 5.02 5.02 5.02 5.06 5.06 5.59 6.13 5.04 5.04 5.04 5.04 5.24 5.24 5.24 5.97 5.19 5.19 5.19 5.19 5.20 5.20 5.20 5.20 5.22 5.22 5.22 5.22 5.66 6.46 5.66 5.66 7.19 5.72 5.72 5.72
4.27 4.27 4.27 4.27 4.30 4.30 4.30 4.30 4.31 4.31 4.31 4.31 4.55 4.55 4.55 4.55 4.62 4.62 4.62 4.54 4.59 4.59 4.59 4.59 4.61 4.61 4.61 5.20 5.60 4.88 4.70 5.15 4.64 4.64 4.64 4.64 4.64 4.64 4.64 4.64 4.65 4.65 4.65 4.65 4.96 4.96 4.96 4.96 5.71 5.02 5.02 5.02 5.06 5.06 5.06 5.06 5.04 5.04 5.04 5.04 5.24 5.24 5.24 5.97 5.19 5.19 5.19 5.19 5.20 5.20 5.20 5.20 5.22 5.22 5.22 5.22 5.66 5.66 5.66 5.66 5.72 5.72 5.72 5.72
4.27 4.27 4.27 4.27 4.72 4.30 4.30 4.30 4.70 4.73 4.31 4.31 4.55 4.55 4.55 4.55 4.62 4.62 4.62 4.62 4.68 4.68 4.59 4.59 4.61 5.25 5.26 4.78 4.71 4.71 4.88 4.70 4.64 4.64 4.64 4.64 4.64 4.64 4.64 4.64 6.69 4.65 4.65 5.30 4.96 4.96 4.96 4.96 5.02 5.02 5.02 5.73 5.06 5.06 5.06 5.78 5.04 5.04 5.04 5.04 5.81 5.24 5.24 5.24 5.19 5.19 5.19 5.19 5.20 5.20 5.20 5.20 5.96 5.22 5.22 5.22 5.66 5.66 5.66 5.66 5.72 5.72 5.72 5.72
4.27 4.27 4.27 4.27 4.31 4.31 4.31 4.31 4.31 4.31 4.31 4.31 4.55 4.55 4.55 4.55 4.63 4.63 4.63 4.63 4.70 4.70 4.70 4.70 5.45 4.61 5.20 4.64 4.71 4.87 5.34 4.68 4.63 4.63 4.63 4.63 4.64 4.64 5.62 5.62 6.70 4.65 4.65 4.65 4.94 4.94 4.94 4.94 5.00 5.00 5.00 5.70 5.05 5.05 5.05 6.36 5.02 5.02 5.02 5.02 5.21 5.21 5.21 5.21 5.19 5.19 5.19 5.93 5.19 5.19 5.19 5.19 6.88 5.19 5.19 5.19 5.65 5.65 5.65 5.65 5.71 5.71 5.71 6.52
4.27 4.27 4.27 4.27 4.31 4.31 4.31 4.31 4.31 4.71 4.31 4.31 4.55 4.55 4.55 4.55 4.63 5.49 4.63 4.63 4.70 4.70 4.70 4.70 4.70 4.70 5.19 5.29 4.87 5.27 4.68 4.68 4.63 4.63 4.63 4.63 4.64 4.64 5.62 5.62 5.64 5.64 5.30 4.65 4.94 4.94 4.94 4.94 5.00 5.00 5.00 5.00 5.05 5.05 5.19 5.19 5.02 5.72 5.02 5.78 5.21 5.21 5.21 5.21 5.19 5.19 5.19 5.19 5.19 5.19 5.19 5.19 5.19 5.19 5.19 5.19 5.65 5.65 5.65 5.65 5.71 5.71 5.71 5.71
4.27 4.27 4.27 4.27 4.31 4.31 4.31 4.31 4.31 4.31 4.31 4.31 4.55 4.55 4.55 4.55 4.63 4.63 4.63 4.63 4.70 4.73 4.70 7.09 4.73 4.70 5.19 4.70 5.30 5.44 4.80 4.80 4.63 4.63 4.63 4.63 4.64 4.64 4.64 5.62 5.64 5.64 5.64 4.65 4.94 4.94 4.94 4.94 5.00 5.00 5.00 5.00 5.05 5.77 5.19 5.19 5.02 5.02 5.02 5.02 5.21 5.21 5.78 5.21 5.19 5.19 5.19 5.19 5.19 5.19 5.19 5.19 5.19 5.19 5.19 5.19 5.65 5.65 5.65 5.65 5.71 5.71 5.71 6.52
4.27 4.27 4.27 4.27 4.31 4.31 4.31 4.31 4.31 4.31 4.73 4.31 4.55 4.55 4.55 4.55 4.63 5.49 4.63 4.63 4.73 4.73 5.57 5.76 4.79 4.70 4.70 4.70 4.80 4.80 4.92 6.29 4.74 4.74 4.74 4.63 4.64 4.64 4.64 5.62 5.64 5.96 5.64 5.64 6.22 4.94 4.94 4.94 5.00 5.00 5.00 5.00 5.05 5.05 5.05 5.91 5.02 5.02 5.02 5.02 5.21 5.21 5.78 5.21 5.19 5.98 5.98 5.19 5.19 5.19 5.19 5.19 5.19 5.19 5.75 5.19 5.65 5.65 5.65 5.65 5.71 5.71 5.71 6.52
4.29 4.29 4.29 4.29 4.31 4.31 4.31 4.31 4.31 4.31 5.36 4.31 4.56 4.56 4.56 4.56 4.63 4.63 4.63 4.63 4.73 5.91 6.06 5.76 5.56 5.00 4.85 4.69 4.92 4.80 4.92 5.31 5.25 4.75 4.75 4.75 5.61 5.61 5.62 5.62 5.65 5.96 5.96 4.66 4.93 4.93 4.93 4.93 4.96 4.96 4.96 4.96 5.18 5.18 5.02 5.73 4.99 4.99 4.99 5.50 5.78 5.21 5.96 5.21 5.21 5.39 5.39 5.21 5.18 5.73 5.91 5.18 5.17 5.17 5.17 5.17 5.65 5.65 5.65 5.65 5.71 5.71 5.71 5.71
4.29 4.29 4.29 4.29 4.31 4.31 4.31 4.31 4.31 4.31 4.31 4.71 4.56 4.56 4.56 4.56 4.63 4.63 4.63 4.63 4.73 6.67 6.42 6.67 6.51 2.85 2.70 2.39 6.42 4.80 4.92 4.80 4.75 4.75 4.75 4.75 4.76 4.76 4.76 5.61 5.63 5.63 5.65 4.66 4.93 4.93 4.93 4.93 4.96 4.96 4.96 4.96 5.02 5.18 5.18 5.87 4.99 4.99 4.99 4.99 5.78 5.99 5.78 5.78 5.77 5.77 5.77 5.77 5.18 5.73 5.18 5.18 5.17 5.17 5.17 5.17 5.65 5.65 5.65 5.65 5.71 5.71 5.71 7.72
4.29 4.29 4.48 4.48 4.31 5.09 4.31 4.73 4.31 4.31 4.31 4.31 4.56 4.72 4.72 4.72 4.76 4.68 4.68 4.63 5.03 2.97 2.82 6.57 6.17 9.44 9.75 9.59 6.03 6.42 5.10 4.80 4.75 4.75 4.75 4.75 4.76 4.90 4.90 4.76 5.63 5.63 5.92 5.63 5.94 4.93 4.93 4.93 4.96 4.96 4.96 4.96 5.02 5.18 5.18 5.87 4.99 4.99 4.99 5.69 5.99 5.99 5.99 5.99 5.77 5.21 5.21 5.21 5.73 5.73 5.18 5.18 5.17 5.17 5.17 5.17 5.65 5.65 5.65 5.65 5.71 5.71 5.71 5.71
4.91 4.48 4.48 5.20 4.31 4.73 4.31 4.31 4.31 4.31 4.31 4.31 5.02 4.56 4.56 4.72 5.46 4.76 4.63 4.68 5.33 2.84 5.87 9.14 0.00 0.00 0.00 0.00 0.00 9.43 2.30 5.10 4.75 4.75 4.75 4.75 4.76 5.64 5.42 4.76 4.77 5.63 5.63 5.72 5.94 5.01 5.01 5.01 4.96 4.96 4.96 4.96 5.02 5.54 5.18 5.18 4.99 4.99 4.99 5.50 5.99 5.99 6.46 5.99 5.21 5.21 5.21 5.21 5.73 5.73 5.18 5.18 5.17 5.17 5.17 5.17 5.65 5.65 5.65 5.65 5.71 5.71 5.71 5.71
4.70 4.49 4.49 4.49 4.73 4.30 4.30 4.30 4.30 4.30 4.30 4.30 4.57 4.77 4.57 4.57 4.68 4.63 4.68 4.68 10.04 5.87 0.00 0.00 0.00 0.00 0.00 0.00 0.00 0.00 9.57 5.67 4.76 4.76 5.26 4.76 4.75 4.89 4.89 4.75 4.76 5.61 6.05 5.61 5.93 5.93 5.01 5.01 5.02 5.02 5.02 4.93 4.99 6.46 5.03 5.18 5.16 5.50 4.99 4.99 5.79 6.00 5.79 5.22 5.21 5.77 6.91 5.21 5.16 5.16 5.90 6.80 5.90 5.16 5.16 5.16 5.64 5.64 5.64 5.64 5.72 5.72 5.72 5.72
4.49 4.49 4.49 4.49 4.30 4.30 4.30 4.49 4.30 4.30 4.30 4.30 4.57 4.57 4.57 4.57 4.63 4.63 4.63 8.26 0.15 0.00 0.00 0.00 0.00 0.00 0.00 0.00 0.00 0.00 0.00 9.72 6.07 4.76 4.76 4.76 4.75 4.75 4.89 4.75 4.76 5.61 5.61 5.78 6.11 5.93 5.52 5.01 5.02 5.02 5.02 5.02 5.07 5.07 5.07 5.16 5.16 5.16 4.99 4.99 6.00 6.00 5.79 5.22 5.77 5.54 5.77 5.99 5.71 5.16 5.16 5.16 5.16 5.16 5.16 5.16 5.64 5.64 5.64 5.64 5.72 5.72 5.72 5.75
4.24 4.24 4.24 4.24 4.24 4.06 4.06 4.06 5.00 4.06 4.06 4.06 4.31 4.31 4.31 4.31 4.37 4.37 8.13 0.00 0.00 0.00 0.00 0.00 0.00 0.00 0.00 0.00 0.00 0.00 0.00 3.93 6.07 6.28 4.67 4.51 5.01 4.50 4.50 4.50 4.51 4.51 5.25 5.68 5.54 5.36 4.56 4.56 4.57 4.57 4.57 4.57 4.62 4.62 4.62 4.74 4.74 7.41 4.51 4.90 5.08 4.64 5.08 5.08 4.62 4.62 5.06 4.62 4.58 4.58 4.58 4.58 4.58 4.58 4.58 4.58 4.86 4.86 4.86 4.86 4.93 4.93 4.95 5.21
4.24 4.24 4.24 4.24 4.24 4.06 4.06 4.06 4.06 4.06 4.06 4.44 4.74 4.99 5.07 7.21 5.91 9.09 0.00 0.00 0.00 0.00 0.00 0.00 0.00 0.00 0.00 0.00 0.00 0.00 0.00 0.00 5.87 2.70 7.14 4.67 4.50 4.50 4.56 4.50 4.51 4.51 5.25 5.32 5.36 5.36 4.56 4.56 4.57 4.57 4.57 4.57 4.62 4.62 4.62 4.74 5.23 4.74 4.74 4.63 4.76 4.64 4.64 5.08 6.88 4.62 5.26 4.62 4.58 4.58 4.58 4.58 4.58 4.58 4.58 4.80 4.86 4.86 4.86 4.86 4.93 4.93 4.93 5.08
4.23 4.62 4.23 4.23 4.23 4.04 4.41 4.04 4.05 4.05 4.05 4.05 5.00 5.00 5.56 6.27 9.80 0.00 0.00 0.00 0.00 0.00 0.00 0.00 0.00 0.00 0.00 0.00 0.00 0.00 0.00 0.00 5.76 6.22 6.43 4.65 4.48 4.48 4.48 4.64 4.49 4.49 4.49 5.23 5.35 5.35 6.16 5.35 4.56 4.56 4.56 4.56 4.60 4.60 4.60 4.73 4.74 5.22 4.66 4.62 5.24 5.24 5.39 5.61 4.60 4.60 4.60 4.60 4.57 4.57 4.57 4.57 4.58 4.58 5.01 4.58 4.83 4.83 4.83 4.83 4.90 4.90 5.39 5.39
4.04 4.23 4.23 4.23 4.04 4.04 4.04 4.04 4.05 4.05 4.05 4.05 5.00 5.00 5.71 9.62 9.20 0.00 0.00 0.00 0.00 0.00 0.00 0.00 0.00 0.00 0.00 0.00 0.00 0.00 0.00 0.00 5.76 6.07 5.87 5.39 4.48 4.48 4.48 4.94 4.49 4.49 4.95 5.23 5.53 5.59 5.53 5.35 4.56 4.56 4.56 4.56 4.60 4.60 4.60 4.60 1.62 5.68 4.62 4.84 5.24 5.30 6.63 5.24 5.38 5.21 4.72 4.72 4.57 4.57 4.57 4.57 4.58 4.58 4.58 5.01 5.50 5.30 4.83 5.30 4.90 5.59 5.59 5.43
4.04 4.04 4.04 4.04 4.04 4.04 4.42 4.04 4.05 4.05 4.64 4.05 5.00 5.23 9.33 8.89 0.00 0.00 0.00 0.00 0.00 0.00 0.00 0.00 0.00 0.00 0.00 0.00 0.00 0.00 0.00 0.00 9.39 5.92 6.52 5.51 5.21 4.48 4.48 4.64 4.49 4.49 4.64 5.23 5.35 5.67 5.53 5.35 4.56 4.56 4.56 5.18 5.21 4.60 4.60 4.88 5.17 5.20 4.62 4.62 4.75 5.30 5.39 5.39 5.38 5.21 5.21 5.21 4.70 4.70 4.70 4.57 4.58 4.58 4.58 5.01 4.83 4.83 4.83 4.83 5.57 4.90 4.90 5.05
4.04 4.04 4.04 4.23 4.38 4.23 4.04 4.04 4.24 4.05 4.42 4.05 5.34 5.39 9.05 0.00 0.00 0.00 0.00 0.00 0.00 0.00 0.00 0.00 0.00 0.00 0.00 0.00 0.00 0.00 0.00 0.00 3.78 9.47 6.07 6.07 4.48 4.64 4.54 4.48 4.95 4.64 5.50 5.77 5.85 5.67 5.69 5.35 4.56 4.56 4.56 5.18 5.21 5.06 5.12 1.81 6.80 4.77 5.09 4.62 4.75 5.39 5.39 5.39 5.38 5.21 5.87 5.21 5.36 4.70 4.70 4.70 4.70 4.70 4.58 4.58 4.83 4.83 4.83 4.83 4.90 4.90 4.90 5.05
4.05 4.05 4.05 4.63 5.21 4.38 4.04 4.04 4.04 4.23 4.23 5.38 5.69 9.17 0.00 0.00 0.00 0.00 0.00 0.00 0.00 0.00 0.00 0.00 0.00 0.00 0.00 0.00 0.00 0.00 0.00 0.00 0.00 6.10 8.80 4.47 4.52 4.95 4.45 4.45 4.48 4.64 5.54 5.92 5.55 5.42 4.55 4.55 4.55 4.55 4.55 4.62 5.21 4.60 5.36 2.42 6.38 5.85 4.60 4.60 4.72 5.21 5.38 5.98 5.37 4.86 5.20 4.72 4.71 4.71 4.71 4.71 4.71 4.71 4.71 4.71 4.89 4.89 4.80 4.80 4.86 4.86 4.86 4.90
7.67 7.67 7.67 4.35 5.91 5.91 4.19 4.04 4.04 4.04 4.23 5.36 9.20 0.00 0.00 0.00 0.00 0.00 0.00 0.00 0.00 0.00 0.00 0.00 0.00 0.00 0.00 0.00 0.00 0.00 0.00 0.00 0.00 4.47 9.58 6.34 4.52 4.45 4.45 4.45 4.48 4.48 8.17 5.98 5.65 5.34 4.70 4.55 4.55 4.55 4.55 4.62 5.39 4.75 5.50 2.73 3.02 6.46 5.06 4.60 4.72 4.72 5.28 5.28 4.86 4.86 4.72 4.72 4.71 4.71 4.71 5.19 4.71 4.71 4.71 4.71 4.89 4.89 4.89 4.89 4.95 4.86 4.86 4.86
