New_Model_Runs/15_Future_RCP8.5_Scn2_out/post_prcessed_with_MFR/Monthly_summaries/net_infiltration_monthly_SEP.asc
NCOLS 700
NROWS 400
XLLCENTER 515000.000000
YLLCENTER 8409000.000000
CELLSIZE 50.000000
NODATA_value -999.000000
[rows 222 to 258 of 400, columns 252 to 335 of 700]
8.90 8.90 8.90 8.90 8.82 8.82 8.82 9.49 11.69 9.62 9.62 9.62 16.43 12.92 12.84 18.29 18.27 18.27 18.27 18.27 19.18 22.63 17.54 18.73 12.31 13.74 15.39 11.67 11.28 11.52 8.61 10.23 10.40 8.53 8.53 8.53 11.06 6.34 11.34 11.25 8.45 10.19 10.00 8.45 8.40 8.40 8.40 8.40 8.39 8.39 8.39 8.56 8.40 8.40 10.98 13.88 9.71 10.94 11.49 10.30 5.91 10.30 8.41 8.41 8.57 11.24 8.74 8.74 5.56 11.72 6.08 5.83 7.72 7.72 8.55 8.55 7.72 8.32 0.00 0.00 0.00 0.00 0.00 7.95
8.90 8.90 8.90 8.90 8.82 8.82 8.82 10.84 11.69 9.62 9.62 9.64 16.06 13.41 18.29 18.29 18.27 18.27 18.27 18.27 19.18 17.47 17.47 17.95 14.16 15.32 8.77 8.77 11.28 10.23 11.41 10.23 10.40 8.53 10.40 9.50 9.94 10.95 6.01 9.88 11.48 11.33 11.46 10.00 9.93 8.40 8.40 8.40 8.39 9.92 8.39 8.56 9.93 8.52 14.01 12.25 9.56 9.85 8.88 10.30 10.30 10.10 10.44 8.55 11.01 8.53 12.25 12.25 2.42 2.42 7.72 8.01 8.47 8.32 7.72 7.72 7.72 2.65 0.00 0.00 0.00 0.00 0.00 0.00
8.96 8.96 8.96 8.96 8.86 10.04 10.71 8.86 9.62 9.79 12.82 16.42 21.85 18.34 18.28 18.28 18.25 18.25 18.25 18.25 17.45 19.30 17.53 19.37 17.97 8.72 8.72 8.72 10.57 8.53 10.12 10.12 10.37 10.37 8.73 10.06 9.96 8.42 8.57 7.35 10.58 10.57 11.36 10.03 12.16 8.41 8.41 8.41 8.41 8.41 8.41 8.57 8.51 13.22 10.65 8.88 12.25 2.77 8.88 10.50 10.30 10.30 10.44 3.24 5.72 12.25 8.88 8.88 9.06 7.72 8.55 8.99 8.62 7.72 7.97 8.62 7.86 7.72 0.00 0.00 0.00 0.00 0.00 0.00
8.96 8.96 8.96 8.96 8.86 8.86 8.86 8.86 6.92 16.35 12.55 21.86 20.36 20.57 18.28 18.28 18.25 18.25 18.25 18.25 17.45 17.60 12.28 13.59 11.61 8.87 8.72 8.72 8.53 9.90 8.53 8.73 8.73 8.73 8.73 11.50 8.42 8.42 8.42 13.11 11.98 9.44 15.26 8.47 8.41 9.75 8.41 8.41 8.41 8.41 9.95 8.41 8.39 13.22 9.59 8.74 12.25 12.40 2.35 2.62 11.32 8.68 6.11 5.72 5.72 9.56 9.86 8.88 8.47 8.32 8.32 5.41 8.70 8.27 8.32 8.01 8.62 7.97 2.65 0.00 0.00 0.00 0.00 0.00
8.70 8.70 8.70 8.70 8.51 8.51 10.24 8.51 11.40 11.92 15.85 17.94 19.93 19.93 19.93 17.93 17.91 17.91 17.91 21.51 16.99 17.13 15.09 13.05 11.18 10.88 10.74 8.26 8.07 8.07 8.97 8.07 8.07 8.07 8.07 8.07 8.01 8.01 8.01 8.16 13.87 9.81 10.91 8.11 9.46 9.36 7.99 7.99 9.82 8.00 9.58 9.82 11.33 7.93 9.01 8.46 7.51 11.02 5.43 5.43 11.02 12.26 5.72 1.92 11.90 8.39 8.46 4.93 8.74 8.74 8.74 3.50 9.12 7.82 8.07 8.88 8.74 8.74 3.65 0.00 0.00 0.00 0.00 0.00
8.70 8.70 8.70 8.70 8.51 8.51 8.51 8.51 11.40 16.27 15.85 19.94 20.06 15.32 19.93 19.85 17.91 17.91 18.05 22.44 16.99 17.13 15.05 11.10 10.88 10.74 10.74 8.26 8.07 8.07 8.07 8.07 8.07 8.07 8.07 8.07 8.01 8.01 8.01 10.65 9.24 12.47 8.05 10.35 8.14 7.99 7.99 7.99 9.58 9.58 9.82 5.70 5.33 11.44 9.01 5.43 5.43 5.43 5.43 7.51 2.06 8.83 5.72 1.81 5.38 7.31 0.86 8.41 7.68 6.07 3.63 2.77 3.94 3.79 8.22 8.22 2.77 2.77 0.00 0.00 0.00 0.00 0.00 0.00
8.70 8.70 8.70 8.70 8.50 10.24 8.50 8.50 11.86 16.25 15.73 15.47 20.20 18.13 19.81 17.90 17.88 17.88 18.02 19.77 17.32 14.40 10.88 8.26 8.12 10.52 10.52 9.53 9.24 7.97 9.32 8.07 8.07 8.07 8.07 8.07 8.03 8.03 8.03 10.67 9.09 8.31 11.57 10.51 10.59 8.17 5.70 8.02 9.38 11.25 10.74 8.94 9.41 11.20 5.57 5.76 1.92 1.92 7.51 7.51 8.39 5.18 5.18 9.74 9.47 6.29 0.86 0.00 2.62 0.00 0.00 0.00 0.00 0.00 0.00 0.00 0.00 0.00 0.00 0.00 0.00 0.00 0.00 0.00
8.70 8.70 8.70 8.70 8.50 8.50 9.65 8.64 11.48 12.71 16.25 20.07 20.20 20.20 19.81 17.90 17.88 17.88 18.17 18.39 14.75 8.26 8.26 8.26 8.12 8.12 10.52 10.52 9.24 7.97 7.97 7.97 8.05 8.05 8.05 8.05 8.03 8.03 8.03 10.76 9.97 10.41 12.84 12.61 10.00 10.66 8.31 8.17 8.01 10.87 2.71 8.31 5.72 5.43 11.32 7.66 2.25 7.81 2.83 8.45 7.51 7.51 8.60 8.43 0.86 0.00 0.00 0.00 0.00 0.00 0.00 0.00 0.00 0.00 0.00 0.00 0.00 0.00 0.00 0.00 0.00 0.00 0.00 0.00
8.70 8.70 8.70 8.70 8.50 8.50 8.50 8.50 8.59 11.48 16.25 19.92 19.91 19.91 17.90 17.90 17.97 19.77 23.75 18.98 11.88 9.73 8.26 8.26 8.12 8.12 8.12 9.36 7.97 7.97 7.97 7.97 8.05 8.05 8.05 8.05 8.03 8.03 8.03 10.91 9.82 9.53 2.51 6.00 11.82 8.45 10.59 10.45 8.01 7.18 6.07 11.96 6.35 6.06 2.21 8.53 5.18 8.53 9.33 8.45 7.79 7.79 2.46 1.16 1.16 0.00 0.00 0.00 0.00 0.00 0.00 0.00 0.00 0.00 0.00 0.00 0.00 0.00 0.00 0.00 0.00 0.00 0.00 0.00
8.70 8.70 8.70 8.70 8.50 8.50 8.50 8.50 8.59 8.59 14.99 20.01 18.27 17.90 17.90 20.05 19.89 15.32 19.89 23.40 8.26 8.26 8.26 8.26 8.12 8.12 8.12 8.12 7.97 7.97 7.97 7.97 8.05 8.05 8.05 10.41 10.48 8.03 8.03 10.47 8.94 8.45 8.45 2.12 11.82 11.82 2.49 5.63 14.27 6.19 9.11 9.52 8.83 7.51 11.02 8.45 8.45 7.51 7.51 5.18 7.79 7.79 7.20 0.00 0.00 0.00 0.00 0.00 0.00 0.00 0.00 2.62 0.00 0.00 0.00 0.00 0.00 0.00 0.00 0.00 0.00 0.00 0.00 0.00
8.73 8.73 8.73 8.73 8.49 8.49 8.49 8.49 8.56 9.71 14.97 20.01 20.01 17.96 17.96 20.01 20.15 19.71 20.04 14.71 9.60 8.17 9.47 8.17 8.03 8.03 8.03 8.03 8.00 8.00 8.00 8.00 8.11 8.11 8.11 10.50 10.53 10.53 10.43 10.35 9.96 8.31 8.31 2.66 5.78 5.63 5.63 6.00 8.45 2.64 9.11 5.70 7.51 1.92 11.02 7.51 7.51 7.51 7.93 8.60 5.18 6.32 8.06 6.98 0.00 0.00 0.00 0.00 0.00 0.00 0.00 2.62 0.00 0.00 0.00 0.00 0.00 0.00 0.00 0.00 0.00 0.00 0.00 0.00
8.73 8.73 8.73 8.73 8.49 8.49 8.49 8.49 8.56 8.56 14.97 17.97 19.38 17.87 17.96 19.86 18.99 20.04 19.09 12.79 8.17 9.47 8.17 8.17 8.03 8.03 8.03 8.03 8.00 9.37 8.00 8.00 8.11 8.11 8.11 8.11 9.44 10.43 10.43 9.96 16.97 8.60 8.60 5.78 15.75 2.12 8.31 8.31 8.75 2.88 9.25 8.45 2.25 2.25 5.76 5.76 8.60 7.66 7.66 8.60 7.72 7.93 8.31 6.98 0.00 1.01 0.00 0.00 0.00 0.00 2.62 2.62 2.62 0.00 0.00 0.00 0.00 0.00 0.00 0.00 0.00 0.00 0.00 0.00
8.73 8.73 8.73 8.73 8.49 10.21 8.49 8.49 8.56 8.56 14.83 17.36 18.02 17.87 18.02 19.14 18.99 19.47 22.60 9.32 9.74 8.17 8.17 8.17 8.03 8.03 8.03 8.03 8.00 10.71 8.00 8.00 8.11 8.11 8.11 9.40 8.05 10.35 10.43 17.77 16.97 14.29 5.63 2.49 8.31 8.31 8.31 9.11 9.25 5.70 5.70 5.70 8.39 7.51 2.06 5.91 8.60 7.51 8.39 8.15 8.81 7.03 8.43 5.79 1.01 0.86 0.86 0.00 0.00 0.00 0.00 0.00 0.00 0.00 0.00 0.00 0.00 0.00 0.00 0.00 0.00 0.00 0.00 0.00
8.73 8.73 8.73 8.73 8.49 8.49 8.49 8.49 8.56 11.32 20.83 17.36 17.87 18.02 18.26 18.54 20.15 19.47 22.85 9.17 8.31 8.31 11.51 8.61 8.03 8.03 8.03 8.03 8.00 8.00 8.00 8.00 8.11 8.11 8.11 8.11 10.35 10.35 16.71 16.71 14.66 20.48 17.77 17.77 17.77 9.11 10.36 9.25 9.57 9.11 9.23 9.23 8.53 7.66 7.51 7.51 5.91 8.53 7.57 2.10 8.16 7.66 5.94 0.86 0.86 0.86 0.86 0.00 0.00 0.00 0.00 0.00 0.00 0.00 0.00 0.00 0.00 0.00 0.00 0.00 0.00 0.00 0.00 0.00
8.80 8.80 8.80 8.80 10.23 10.23 8.50 8.50 8.53 11.44 20.82 17.19 17.16 18.09 11.64 11.64 17.77 19.70 21.34 21.28 17.17 11.17 17.67 17.09 8.23 8.08 8.23 8.08 8.07 9.33 8.07 8.07 8.10 8.10 8.10 8.10 10.42 16.66 16.66 20.32 21.55 19.38 18.06 17.91 17.91 18.79 9.23 9.37 8.18 5.70 9.23 5.70 8.75 7.81 7.66 7.79 10.05 7.72 8.29 0.00 0.00 0.00 0.86 5.75 0.00 0.86 0.86 0.00 0.00 0.00 0.00 0.00 0.00 0.00 0.00 0.00 0.00 0.00 0.00 0.00 0.00 0.00 0.00 0.00
8.80 8.80 8.80 8.80 8.50 8.50 8.50 8.50 8.53 17.31 20.82 20.70 20.67 17.83 11.64 11.32 11.49 17.77 22.98 21.60 14.65 11.02 10.88 17.31 9.37 8.08 8.23 8.23 8.07 8.07 8.07 8.07 8.10 8.10 9.50 8.10 10.90 20.32 20.52 17.11 17.11 10.78 14.58 11.45 17.41 17.56 16.97 8.31 8.31 9.55 9.81 9.23 8.53 7.81 8.09 7.55 9.25 12.32 2.10 0.00 0.00 0.00 0.00 0.00 0.00 0.00 0.00 0.00 0.00 0.00 0.00 0.00 0.00 0.00 0.00 0.00 0.00 0.00 0.00 0.00 0.00 0.00 0.00 0.00
8.80 8.80 8.80 8.80 8.50 8.50 8.50 8.50 11.44 23.05 21.29 20.89 17.16 17.83 17.83 11.64 14.90 15.00 22.21 18.70 20.42 14.24 14.24 19.99 8.08 8.08 10.59 10.74 10.75 10.45 8.07 8.07 9.50 8.10 8.10 11.08 5.93 14.29 17.11 10.93 16.97 17.11 16.97 20.48 11.61 17.26 17.41 17.11 2.64 9.23 9.11 9.23 8.45 7.73 7.55 11.48 8.61 2.21 10.63 0.00 0.00 0.00 0.00 0.00 0.00 0.00 0.00 0.00 0.00 0.00 0.00 0.00 0.00 0.00 0.00 0.00 0.00 0.00 0.00 0.00 0.00 0.00 0.00 0.00
8.80 8.80 8.80 10.64 8.50 8.50 8.65 12.36 11.88 22.13 15.05 11.69 17.44 20.67 18.84 14.68 22.21 18.70 17.77 17.83 16.80 18.04 20.74 20.82 13.97 13.97 12.61 12.61 8.96 10.45 3.32 11.21 10.78 8.10 8.10 20.82 14.81 14.29 17.26 17.26 11.30 11.30 16.97 14.66 14.66 11.59 18.43 12.18 17.55 8.45 8.31 9.11 8.98 7.94 9.67 8.90 2.65 2.74 11.82 7.78 0.00 0.00 0.00 0.00 0.00 0.00 0.00 0.00 0.00 0.00 0.00 0.00 0.00 0.00 0.00 0.00 0.00 0.00 0.00 0.00 0.00 0.00 0.00 0.00
8.85 10.71 10.71 8.85 8.52 8.52 11.58 12.51 11.56 19.40 14.76 11.54 14.61 15.05 19.86 11.67 18.70 17.81 17.74 17.74 16.87 20.43 17.31 16.94 16.77 16.77 17.71 20.57 20.57 20.42 20.42 14.65 20.71 20.28 20.28 17.06 10.93 21.40 17.11 17.11 16.97 16.97 11.15 11.15 14.29 11.22 17.70 18.18 17.41 17.77 9.23 11.59 9.11 8.84 12.52 12.31 8.37 8.07 12.12 11.29 0.00 0.00 0.00 0.00 0.00 0.00 0.00 0.00 0.00 0.00 0.00 0.00 0.00 0.00 0.00 0.00 0.00 0.00 0.00 0.00 0.00 0.00 0.00 0.00
10.71 8.85 8.85 8.85 8.52 8.66 12.24 12.02 8.78 19.40 23.05 14.76 15.12 12.04 19.98 19.61 17.74 17.74 17.74 17.74 16.79 18.31 16.79 16.79 17.17 11.78 20.28 16.92 16.92 16.91 18.01 2.50 17.20 17.20 16.91 17.06 11.30 20.62 16.97 16.97 17.90 16.97 16.97 16.61 21.45 11.46 16.89 14.36 18.18 17.77 9.96 3.77 12.99 12.02 8.37 8.37 11.82 11.91 8.31 11.67 11.67 0.00 0.00 0.00 0.00 0.00 0.00 0.00 0.00 0.00 0.00 0.00 0.00 0.00 0.00 0.00 0.00 0.00 0.00 0.00 0.00 0.00 0.00 0.00
8.31 8.31 8.17 8.17 9.01 11.32 3.07 10.73 9.61 9.61 14.41 20.88 20.56 21.15 11.62 18.30 16.98 16.98 16.98 11.88 10.87 10.87 10.87 11.48 11.48 10.83 19.85 16.28 16.28 9.80 9.80 8.72 9.73 16.45 17.07 17.07 16.46 10.84 20.83 17.44 17.44 16.93 16.02 16.07 17.71 14.51 17.19 17.43 16.02 13.78 9.15 10.66 5.71 10.98 11.13 11.28 8.11 11.28 10.98 11.18 10.84 7.52 0.00 0.00 0.00 0.00 0.00 0.00 0.00 0.00 0.00 0.00 0.00 0.00 0.00 0.00 0.00 0.00 0.00 0.00 0.00 0.00 0.00 0.00
12.85 8.31 8.17 8.17 11.02 3.33 17.63 18.10 8.98 21.15 14.41 17.75 17.60 21.40 21.84 17.41 18.12 17.98 17.98 17.98 11.16 10.87 10.87 11.48 10.98 11.17 14.99 16.45 9.44 9.44 9.80 9.80 10.13 9.44 9.80 9.80 9.44 16.46 19.83 17.44 17.72 17.86 16.93 16.43 16.47 14.82 16.06 16.47 9.15 10.67 9.28 8.85 7.85 10.98 11.24 11.62 11.76 11.76 11.47 11.32 11.18 11.03 7.67 0.00 0.00 0.00 0.00 0.00 0.00 0.00 0.00 0.00 0.00 0.00 0.00 0.00 0.00 0.00 0.00 0.00 0.00 0.00 0.00 0.00
10.38 10.38 9.95 9.94 19.46 21.15 10.90 15.63 20.35 20.35 17.51 17.60 17.60 17.89 21.73 18.36 17.98 17.98 17.98 17.86 16.45 10.86 10.86 10.86 10.97 14.48 12.23 17.13 9.44 9.44 9.44 9.80 9.80 8.72 9.80 9.80 16.93 17.22 19.53 21.22 17.41 16.43 17.17 16.17 16.02 19.53 17.86 14.36 9.28 9.28 10.13 9.59 8.43 2.75 11.18 12.81 11.47 11.28 11.13 8.30 11.18 11.32 5.52 6.19 0.00 0.00 0.00 0.00 0.00 0.00 0.00 0.00 0.00 0.00 0.00 0.00 0.00 0.00 0.00 0.00 0.00 0.00 0.00 0.00
10.38 10.38 8.31 8.32 14.99 11.86 20.85 14.26 20.56 17.51 17.51 18.07 18.04 18.18 22.17 21.99 18.56 17.86 17.98 17.86 11.16 10.86 10.86 10.86 11.11 14.62 13.31 9.95 10.78 9.59 9.80 9.44 8.72 9.44 9.80 9.80 17.66 15.85 20.27 16.93 16.87 16.12 16.22 16.04 16.02 19.53 18.26 10.99 14.48 12.38 10.43 9.88 9.67 6.01 9.71 12.15 11.37 11.37 11.57 11.28 11.18 11.81 5.37 1.86 0.00 0.00 0.00 0.00 0.00 0.00 0.00 0.00 0.00 0.00 0.00 0.00 0.00 0.00 0.00 0.00 0.00 0.00 0.00 2.53
9.96 8.46 11.68 14.81 17.51 17.95 14.70 20.56 18.07 18.36 18.22 17.66 18.36 18.04 18.51 17.63 21.15 18.12 10.43 10.80 9.80 10.86 10.86 10.86 9.80 14.14 12.95 8.86 8.86 8.86 2.61 8.72 9.44 2.61 9.80 9.44 6.35 15.53 17.60 16.87 16.87 16.04 16.04 18.95 18.07 14.21 10.84 17.56 10.68 8.69 9.05 9.05 13.49 5.86 2.00 11.43 11.57 11.32 11.42 11.47 10.84 11.18 11.18 11.03 0.00 0.00 0.00 0.00 0.00 0.00 0.00 0.00 0.00 0.00 0.00 0.00 0.00 0.00 0.00 0.00 0.00 0.00 0.00 2.53
10.25 6.44 14.95 18.27 17.36 21.02 20.56 17.19 19.09 17.49 17.34 11.04 11.04 17.75 17.75 17.89 21.40 17.98 10.43 10.80 11.16 10.86 10.86 11.30 9.95 13.31 12.95 10.48 10.48 8.72 8.72 8.72 8.72 12.23 12.23 5.80 6.35 2.98 9.64 16.87 16.87 16.46 16.04 11.00 10.87 14.06 10.84 10.98 2.46 2.16 12.12 5.67 2.06 2.00 2.00 9.45 11.57 11.57 11.28 11.13 11.18 11.13 5.81 5.94 8.20 7.81 0.00 0.00 0.00 0.00 0.00 0.00 0.00 0.00 0.00 0.00 0.00 0.00 0.00 0.00 0.00 0.00 0.00 2.53
11.38 14.90 11.24 17.91 14.26 17.19 17.89 17.19 17.34 17.49 17.92 13.58 17.75 17.75 17.19 17.75 17.75 18.32 16.97 10.43 11.14 10.83 10.83 11.29 9.95 13.31 12.23 10.96 10.94 9.59 10.09 8.72 8.72 9.44 12.23 12.23 8.48 8.62 16.17 16.87 16.87 16.10 17.31 10.84 10.75 14.06 15.59 2.64 2.31 5.67 5.67 1.95 2.00 2.00 2.00 5.96 11.32 11.80 11.72 11.92 11.62 11.28 2.44 2.30 5.66 7.81 0.00 0.00 0.00 0.00 0.00 0.00 0.00 0.00 0.00 0.00 0.00 0.00 0.00 0.00 0.00 0.00 0.00 0.00
15.24 11.09 11.09 14.46 20.56 17.51 17.75 11.47 17.34 17.34 18.07 17.92 17.92 17.75 17.51 17.34 18.93 18.93 11.33 10.80 11.14 10.83 10.97 9.80 8.72 13.31 12.50 9.80 9.80 9.95 9.16 9.01 2.61 8.72 8.72 12.23 8.48 8.48 11.02 10.87 16.02 16.93 16.86 10.70 9.00 11.87 11.87 2.46 5.82 3.29 2.10 2.10 6.34 2.30 10.00 5.66 7.81 11.57 11.43 11.13 13.48 6.25 5.96 2.59 5.66 11.03 0.00 0.00 0.00 0.00 0.00 0.00 0.00 0.00 0.00 0.00 0.00 0.00 0.00 0.00 0.00 0.00 0.00 0.00
22.22 21.42 14.95 17.91 21.43 21.11 17.96 18.04 17.05 18.07 18.07 14.26 9.39 9.39 5.83 17.60 17.19 18.93 11.47 10.80 9.80 9.80 9.80 10.97 9.80 13.31 8.99 10.96 10.46 8.72 8.72 8.86 8.72 8.99 8.99 12.50 8.48 8.48 9.30 16.02 11.14 16.02 19.53 13.01 12.35 12.07 6.24 10.72 8.08 2.25 2.39 10.06 3.30 11.47 11.47 7.47 7.47 2.15 9.71 11.84 12.18 2.30 6.10 2.59 5.66 11.03 0.00 0.00 0.00 0.00 0.00 0.00 0.00 0.00 0.00 0.00 0.00 0.00 0.00 0.00 0.00 0.00 0.00 0.00
20.47 21.42 18.45 18.45 17.60 17.60 21.47 18.80 18.97 17.92 17.92 14.26 5.69 9.60 9.60 5.69 9.54 10.27 17.86 10.80 9.80 9.44 9.44 10.35 11.14 12.65 8.99 9.57 9.80 14.50 12.23 12.23 12.23 5.80 5.80 12.23 11.99 11.99 11.99 11.99 12.33 11.99 14.54 13.10 5.82 5.97 5.97 5.47 8.08 2.56 2.54 5.76 5.81 5.66 11.03 5.52 10.84 5.66 5.37 5.66 5.96 5.66 5.52 5.81 11.18 7.52 7.52 0.00 0.00 0.00 0.00 0.00 0.00 0.00 0.00 0.00 0.00 0.00 0.00 0.00 0.00 0.00 0.00 0.00
16.79 16.79 18.45 18.45 18.07 17.60 8.18 20.35 22.34 17.60 17.60 17.60 5.69 5.69 10.13 10.13 10.25 9.39 9.05 9.20 9.59 9.80 9.44 3.44 14.99 11.29 6.36 5.80 5.80 6.27 9.43 2.91 2.61 2.44 2.76 8.86 8.62 8.48 8.48 8.48 8.48 2.40 9.13 6.24 2.88 2.31 2.31 2.46 10.03 5.47 5.76 2.39 2.44 2.15 2.30 2.30 2.15 5.66 5.52 5.52 5.66 11.03 11.03 11.03 7.52 7.52 7.52 0.00 0.00 0.00 0.00 0.00 0.00 0.00 0.00 0.00 0.00 0.00 0.00 0.00 0.00 0.00 0.00 0.00
16.79 16.79 17.44 18.60 18.07 9.39 9.88 10.31 10.29 21.11 21.11 17.60 9.39 9.04 9.04 10.13 10.10 9.05 8.82 8.20 7.64 9.95 11.13 12.50 5.80 5.80 8.86 2.29 2.29 8.86 9.29 9.01 8.72 2.91 2.76 8.72 2.54 8.62 12.14 8.88 8.48 2.66 3.04 2.89 2.75 2.60 2.60 2.60 5.82 11.44 7.93 2.71 2.74 2.15 2.44 2.30 5.96 5.81 5.52 5.66 5.66 11.18 11.18 11.03 11.03 7.52 7.52 7.52 0.00 0.00 0.00 0.00 0.00 0.00 0.00 0.00 0.00 0.00 0.00 0.00 0.00 0.00 0.00 0.00
17.91 11.29 17.91 17.91 17.05 9.19 9.69 8.58 9.39 9.39 12.91 12.91 9.39 9.39 5.69 9.04 5.69 9.98 8.82 8.82 2.39 8.86 14.47 14.32 3.44 5.80 2.29 2.44 2.91 2.76 8.72 8.72 8.72 8.86 2.91 2.90 8.48 11.99 8.48 8.62 8.27 8.12 2.88 8.41 2.46 2.60 2.46 2.46 2.16 11.63 7.93 2.10 2.45 2.00 2.30 5.96 5.81 2.15 2.00 6.80 10.31 5.66 2.15 9.20 11.32 7.67 7.52 7.52 4.85 4.85 0.00 0.00 0.00 0.00 0.00 0.00 0.00 0.00 0.00 0.00 0.00 0.00 0.00 0.00
17.91 18.45 17.91 9.44 8.58 9.69 9.19 9.39 9.04 8.90 9.39 12.55 10.56 9.04 9.39 9.04 5.69 8.82 11.33 11.53 14.99 14.99 10.81 10.81 10.79 3.24 6.95 2.29 3.02 2.29 9.10 8.72 8.99 8.72 9.10 8.72 8.48 12.66 8.48 8.62 8.27 8.12 2.31 2.31 8.27 2.31 2.16 2.44 2.16 8.12 10.03 7.93 10.84 11.03 11.03 11.03 11.03 11.03 11.03 11.03 11.03 7.52 7.52 7.67 11.32 7.52 7.52 7.52 8.59 5.00 4.85 4.85 4.85 4.85 4.85 5.28 4.85 4.85 4.85 5.28 4.85 5.28 4.85 5.28
21.78 18.83 19.06 10.59 9.19 10.56 9.39 11.00 11.00 9.19 9.19 8.32 12.56 8.92 9.98 8.82 10.96 11.12 11.31 15.84 14.28 10.28 10.63 10.28 10.75 10.75 6.95 12.23 2.61 8.72 8.72 8.72 8.72 8.72 8.72 8.72 8.48 11.99 8.48 8.36 8.85 8.85 8.69 8.61 9.48 9.48 9.48 9.33 9.98 2.16 2.16 10.03 7.67 7.67 7.52 7.52 7.52 7.52 7.52 7.52 7.52 7.52 7.52 7.52 11.03 1.86 1.86 1.86 2.38 2.38 2.23 2.23 2.23 2.23 2.23 2.23 2.23 2.23 2.23 2.23 2.23 2.23 2.23 2.23
18.83 22.34 17.91 9.89 9.19 9.54 11.00 10.79 11.14 3.36 11.74 11.72 8.97 15.06 11.40 11.40 11.51 11.72 14.87 15.23 10.43 10.77 10.28 9.57 11.14 3.59 3.44 14.98 2.61 5.80 12.23 12.23 6.13 5.94 5.94 5.94 2.38 11.43 11.08 11.08 7.57 7.72 8.69 8.61 9.33 9.20 9.48 3.42 3.47 2.16 9.86 11.87 11.03 7.52 7.52 7.52 7.52 7.52 7.52 7.52 7.52 7.52 7.52 7.52 11.03 7.52 7.52 1.86 2.23 8.45 8.45 8.45 8.45 8.45 8.45 8.45 8.45 8.45 8.45 8.45 8.45 8.45 8.45 8.45
17.56 17.88 17.88 8.54 8.58 10.00 10.00 10.00 2.78 2.66 10.02 10.48 9.41 15.01 10.43 10.57 10.15 12.92 12.77 10.39 9.88 10.21 10.21 10.35 10.34 10.34 9.71 10.19 6.78 9.69 8.17 8.17 2.16 7.62 2.28 7.62 5.43 10.61 7.10 7.10 2.57 7.54 7.10 2.04 2.58 2.19 2.48 2.62 5.70 5.55 5.55 5.55 5.59 7.04 7.04 7.04 7.04 7.04 7.04 7.04 7.04 7.04 7.04 7.04 10.55 7.04 7.04 1.75 1.74 6.94 6.94 6.94 6.94 6.94 6.94 6.94 6.94 6.94 6.94 6.94 6.94 6.94 6.94 6.94
