New_Model_Runs/15_Future_RCP8.5_Scn2_out/post_prcessed_with_MFR/Monthly_summaries/net_infiltration_monthly_DEC.asc
NCOLS 700
NROWS 400
XLLCENTER 515000.000000
YLLCENTER 8409000.000000
CELLSIZE 50.000000
NODATA_value -999.000000
[rows 152 to 189 of 400, columns 336 to 419 of 700]
4.27 5.44 4.41 4.10 4.08 4.10 4.13 4.13 4.11 4.05 4.32 4.32 4.51 4.51 4.23 4.23 4.16 4.16 4.38 4.16 4.26 4.26 4.26 4.26 4.30 7.93 4.32 4.32 4.62 4.60 4.90 4.47 4.26 4.26 4.41 2.33 2.18 7.71 4.45 4.47 4.58 7.81 7.58 6.87 6.87 6.53 1.00 0.85 4.40 0.00 0.00 0.00 0.00 0.00 0.00 0.00 0.00 0.00 0.00 0.00 0.00 0.00 0.00 0.00 0.00 0.00 0.00 0.00 0.00 0.00 0.00 0.00 0.00 0.00 0.00 0.00 0.00 0.00 0.00 0.00 0.00 0.00 0.00 0.00
4.35 5.80 6.05 4.29 4.43 5.07 4.28 4.23 4.25 4.05 4.05 4.32 4.23 4.23 4.23 4.23 4.16 4.16 4.16 4.16 4.26 4.26 4.26 4.26 4.30 4.76 8.39 8.39 4.32 6.24 4.62 4.32 5.96 6.23 5.81 5.81 6.55 3.68 5.11 4.47 4.43 8.29 6.17 2.59 6.21 0.85 1.00 1.00 4.40 0.00 0.00 0.00 0.00 0.00 0.00 0.00 0.00 0.00 0.00 0.00 0.00 0.00 0.00 0.00 0.00 0.00 0.00 0.00 0.00 0.00 0.00 0.00 0.00 0.00 0.00 0.00 0.00 0.00 0.00 0.00 0.00 0.00 0.00 0.00
4.57 4.77 4.62 3.82 5.14 6.69 4.08 4.08 4.05 4.05 4.05 4.32 4.23 4.23 4.23 4.47 4.16 4.16 4.16 4.16 4.26 4.26 4.26 4.26 8.39 8.39 8.39 9.01 8.41 5.94 5.94 5.94 4.43 6.11 6.36 6.82 3.49 7.50 4.81 4.54 4.43 8.30 7.23 2.59 4.55 2.74 2.61 2.61 4.40 2.33 0.00 0.00 0.00 0.00 0.00 0.00 0.00 0.00 0.00 0.00 0.00 0.00 0.00 0.00 0.00 0.00 0.00 0.00 0.00 0.00 0.00 0.00 0.00 0.00 0.00 0.00 0.00 0.00 0.00 0.00 0.00 0.00 0.00 0.00
4.25 4.28 4.63 4.28 4.13 4.13 4.27 4.08 4.05 4.05 4.05 4.05 4.44 4.23 4.23 4.23 4.16 4.16 4.16 4.16 4.26 4.26 4.26 4.26 7.93 4.30 4.30 4.45 4.83 6.94 4.62 2.74 6.21 6.21 6.21 7.53 7.53 4.84 4.21 4.47 4.51 7.23 4.40 2.59 4.63 1.00 2.61 2.61 4.40 5.94 0.00 0.00 0.00 0.00 0.00 0.00 0.00 0.00 0.00 0.00 0.00 0.00 0.00 0.00 0.00 0.00 0.00 0.00 0.00 0.00 0.00 0.00 0.00 0.00 0.00 0.00 0.00 0.00 0.00 0.00 0.00 0.00 0.00 0.00
4.24 4.28 5.06 4.13 4.08 4.08 4.08 4.08 4.05 4.05 4.05 4.05 4.90 4.46 4.25 4.25 4.17 4.17 4.17 4.17 4.25 4.25 4.25 7.88 4.25 4.25 4.25 4.25 4.87 5.22 7.91 2.74 2.61 6.21 6.21 3.55 4.63 4.41 4.41 4.41 7.18 3.60 4.48 3.27 6.21 4.48 2.59 0.78 0.69 4.55 0.15 0.00 0.00 0.00 0.00 0.00 0.00 0.00 0.00 0.00 0.00 0.00 0.00 0.00 0.00 0.00 0.00 0.00 0.00 0.00 0.00 0.00 0.00 0.00 0.00 0.00 0.00 0.00 0.00 0.00 0.00 0.00 0.00 0.00
4.13 4.17 4.09 4.13 4.08 4.08 4.08 4.08 4.05 4.37 4.05 4.05 3.98 3.98 4.25 4.25 4.17 4.17 4.17 4.17 4.46 4.25 4.25 7.88 4.25 4.25 4.70 4.86 4.87 4.72 7.54 6.52 6.21 7.33 4.83 4.67 4.41 4.41 4.41 4.41 4.54 3.24 6.90 4.40 4.40 4.48 0.85 2.59 0.69 4.55 0.82 0.00 0.00 0.00 0.00 0.00 0.00 0.00 0.00 0.00 0.00 0.00 0.00 0.00 0.00 0.00 0.00 0.00 0.00 0.00 0.00 0.00 0.00 0.00 0.00 0.00 0.00 0.00 0.00 0.00 0.00 0.00 0.00 0.00
4.09 4.27 4.09 4.09 4.08 4.08 4.08 4.12 4.11 4.05 4.48 4.48 4.12 3.98 4.25 4.25 4.17 4.17 4.17 4.39 4.25 4.25 7.88 4.67 4.70 4.70 4.70 4.70 4.72 4.72 8.41 4.93 4.56 4.56 4.50 4.56 4.41 4.41 4.41 4.41 4.47 4.47 4.40 4.48 6.21 6.21 0.85 1.00 0.92 4.55 6.24 0.00 0.00 0.00 0.00 0.00 0.00 0.00 0.00 0.00 0.00 0.00 0.00 0.00 0.00 0.00 0.00 0.00 0.00 0.00 0.00 0.00 0.00 0.00 0.00 0.00 0.00 0.00 0.00 0.00 0.00 0.00 0.00 0.00
4.09 4.09 4.26 4.09 4.08 4.08 4.12 4.12 4.11 4.05 4.05 4.05 3.98 3.98 3.98 4.25 4.17 4.17 4.17 4.17 4.25 8.44 8.30 4.67 4.70 4.84 4.70 4.70 4.72 4.72 4.87 4.85 4.50 4.50 4.50 4.50 4.41 4.41 4.41 4.41 4.47 4.54 4.40 6.21 6.21 6.21 4.48 4.48 4.70 4.85 4.55 0.00 0.00 0.00 0.00 0.00 0.00 0.00 0.00 0.00 0.00 0.00 0.00 0.00 0.00 0.00 0.00 0.00 0.00 0.00 0.00 0.00 0.00 0.00 0.00 0.00 0.00 0.00 0.00 0.00 0.00 0.00 0.00 0.00
4.07 4.23 4.12 4.07 4.07 4.07 4.12 4.12 4.04 4.04 4.04 4.04 3.96 3.96 3.96 3.96 4.15 4.15 4.56 4.56 4.61 8.24 4.61 4.61 4.63 4.63 4.63 4.63 4.63 4.76 4.63 4.63 4.41 4.41 4.41 4.58 4.43 4.43 4.43 4.43 4.49 8.11 2.54 3.60 7.53 2.89 3.90 6.21 3.94 3.77 4.87 4.71 0.00 0.00 0.00 0.00 0.00 0.00 0.00 0.00 0.00 0.00 0.00 0.00 0.00 0.00 0.00 0.00 0.00 0.00 0.00 0.00 0.00 0.00 0.00 0.00 0.00 0.00 0.00 0.00 0.00 0.00 0.00 0.00
4.07 4.38 4.38 4.07 4.07 4.07 4.12 4.12 4.10 4.04 4.04 2.37 3.96 3.96 3.96 3.96 4.56 4.56 4.56 4.56 8.24 4.61 4.61 4.61 4.63 4.85 4.63 4.63 4.63 4.84 4.63 4.63 4.41 4.41 4.54 4.54 4.43 4.43 4.43 4.43 4.80 4.67 3.41 3.55 3.70 4.52 4.37 4.54 3.27 3.41 7.50 6.70 4.70 4.70 4.58 4.40 0.00 0.00 0.00 0.00 0.00 0.00 0.00 0.00 0.00 0.00 0.00 0.00 0.00 0.00 0.00 0.00 0.00 0.00 0.00 0.00 0.00 0.00 0.00 0.00 0.00 0.00 0.00 0.00
4.74 5.43 4.74 4.59 4.59 4.59 4.59 4.75 4.63 4.56 4.56 4.56 4.48 4.48 4.48 4.48 5.23 5.43 5.23 5.23 5.29 5.29 5.29 5.29 5.30 5.51 5.30 5.30 5.51 5.30 5.77 5.30 4.43 4.43 4.43 4.43 4.45 3.97 3.97 4.58 4.51 4.51 4.51 4.70 4.56 4.49 4.49 4.49 4.08 4.15 3.47 6.45 6.14 4.82 1.19 4.37 4.37 5.11 5.11 3.63 0.00 0.00 0.00 0.00 0.00 0.00 0.00 0.00 0.00 0.00 0.00 0.00 0.00 0.00 0.00 0.00 0.00 0.00 0.00 0.00 0.00 0.00 0.00 0.00
4.74 5.20 5.20 4.74 4.59 4.59 4.59 4.59 4.56 4.56 4.56 4.56 4.64 4.48 4.48 4.48 5.23 5.23 5.23 5.23 5.29 5.29 5.29 5.29 5.30 5.30 5.30 5.30 5.30 5.30 5.51 5.30 4.43 4.43 4.43 4.43 4.45 4.45 4.58 4.45 4.51 4.51 4.51 4.51 4.49 4.49 4.49 4.49 4.08 4.08 4.23 6.16 7.46 2.23 4.82 4.82 5.41 4.19 4.19 5.04 6.24 0.00 0.00 0.00 0.00 0.00 0.00 0.00 0.00 0.00 0.00 0.00 0.00 0.00 0.00 0.00 0.00 0.00 0.00 0.00 0.00 0.00 0.00 0.00
4.56 4.71 5.03 4.71 4.53 4.53 4.53 4.53 4.64 4.48 4.48 4.64 4.44 4.44 4.44 5.40 5.27 5.27 5.27 5.27 5.31 5.31 5.31 5.31 5.30 5.30 5.30 5.30 5.28 5.28 5.28 5.28 4.45 4.45 4.45 4.45 4.46 4.46 4.46 4.46 4.45 4.45 4.45 4.45 4.44 4.60 4.44 4.44 4.07 4.07 4.15 3.21 6.51 2.23 1.19 5.71 4.44 4.00 4.00 4.31 5.36 7.62 5.15 3.63 0.00 0.00 0.00 0.00 0.00 0.00 0.00 0.00 0.00 0.00 0.00 0.00 0.00 0.00 0.00 0.00 0.00 0.00 0.00 0.00
4.56 4.56 4.56 4.56 4.53 4.53 4.53 4.53 4.48 4.48 4.48 4.48 4.44 4.44 4.44 5.40 5.27 5.27 5.27 5.27 5.31 5.31 5.31 5.31 5.30 5.30 5.30 5.30 5.28 5.28 5.28 5.28 4.45 3.97 4.45 4.45 4.46 4.46 4.46 4.46 4.45 4.45 4.45 4.45 4.44 4.57 4.44 4.44 4.07 4.15 3.17 2.88 2.88 4.37 4.44 4.35 4.00 4.00 4.00 4.00 4.14 7.62 3.99 7.62 0.00 0.00 0.00 0.00 0.00 0.00 0.00 0.00 0.00 0.00 0.00 0.00 0.00 0.00 0.00 0.00 0.00 0.00 0.00 0.00
4.73 4.56 4.56 4.73 4.53 4.53 4.53 4.53 4.48 4.48 4.48 4.48 4.44 4.44 4.44 5.40 5.27 5.27 5.27 5.27 5.31 5.31 5.31 5.31 5.30 5.30 5.30 5.30 5.28 5.28 5.28 5.28 4.45 4.45 4.45 4.45 4.46 4.46 4.46 4.46 4.45 4.45 4.45 4.45 4.44 4.44 4.44 4.44 4.07 4.27 2.85 2.85 3.21 3.36 3.36 4.29 4.00 4.00 4.00 4.00 3.99 7.77 4.14 3.99 0.00 0.00 0.00 0.00 0.00 0.00 0.00 0.00 0.00 0.00 0.00 0.00 0.00 0.00 0.00 0.00 0.00 0.00 0.00 0.00
4.56 4.56 4.56 4.56 4.53 4.68 4.53 4.53 4.48 4.48 4.48 4.48 4.44 4.44 5.40 5.40 5.27 5.27 5.27 5.27 5.31 5.31 5.31 5.31 5.30 5.30 5.30 5.30 5.28 5.28 5.28 5.28 4.45 4.45 4.45 4.45 4.46 4.46 4.46 4.46 3.98 3.98 4.45 4.45 4.44 4.44 4.44 4.44 4.15 3.65 3.78 4.27 4.29 4.59 4.59 4.29 4.00 4.00 4.31 4.25 4.54 4.25 4.24 7.62 0.00 0.00 0.00 0.00 0.00 0.00 0.00 0.00 0.00 0.00 0.00 0.00 0.00 0.00 0.00 0.00 0.00 0.00 0.00 0.00
4.53 4.53 4.53 4.53 4.46 4.46 4.62 4.46 4.47 4.47 4.47 4.47 4.53 4.53 5.54 5.54 5.38 5.38 5.38 5.38 5.37 5.37 5.37 5.58 5.37 5.37 5.37 5.37 5.38 5.38 5.38 5.38 4.54 4.54 4.54 4.54 4.53 4.53 4.53 4.53 4.71 4.10 4.22 4.50 4.47 4.00 4.47 4.47 4.05 3.77 3.55 4.05 4.03 4.03 4.03 4.03 4.00 4.00 4.31 3.62 4.85 5.51 0.00 0.00 0.00 0.00 0.00 0.00 0.00 0.00 0.00 0.00 0.00 0.00 0.00 0.00 0.00 0.00 0.00 0.00 0.00 0.00 0.00 0.00
4.53 4.53 4.53 4.53 4.46 4.46 4.46 4.46 4.47 4.47 4.47 4.47 4.53 4.53 5.54 5.54 5.38 5.38 5.38 5.38 5.37 5.37 5.37 5.37 5.37 5.37 5.37 5.37 5.38 5.38 5.38 5.38 4.54 4.54 4.54 4.54 4.53 4.53 4.53 4.53 4.68 4.03 4.22 4.50 4.47 4.00 4.47 4.47 4.05 4.05 4.05 4.05 4.03 4.03 4.03 4.12 4.10 4.10 3.60 3.60 0.00 0.00 0.00 0.00 0.00 0.00 0.00 0.00 0.00 0.00 0.00 0.00 0.00 0.00 0.00 0.00 0.00 0.00 0.00 0.00 0.00 0.00 0.00 0.00
4.53 4.53 4.53 4.53 4.46 4.46 4.46 4.46 4.47 4.47 4.47 4.47 4.53 5.54 5.54 5.54 5.38 5.38 5.38 5.38 5.37 5.37 5.37 5.37 5.37 5.37 5.37 5.71 5.27 5.38 5.38 5.38 4.54 4.54 4.54 4.54 4.53 4.53 4.06 4.36 4.68 4.22 4.50 4.50 4.62 4.47 4.47 4.47 4.05 4.05 4.05 4.05 4.03 4.12 3.62 3.77 4.25 4.00 4.00 8.91 0.00 0.00 0.00 0.00 0.00 0.00 0.00 0.00 0.00 0.00 0.00 0.00 0.00 0.00 0.00 0.00 0.00 0.00 0.00 0.00 0.00 0.00 0.00 0.00
4.53 4.53 4.53 4.53 4.46 4.46 4.46 4.46 4.47 4.47 4.47 4.47 4.53 5.54 5.54 5.54 5.38 5.59 5.59 5.84 5.37 5.37 5.37 5.37 5.37 5.37 5.37 5.98 5.98 5.38 5.38 5.38 4.54 4.54 4.54 4.54 4.53 4.53 5.05 4.99 4.50 4.22 4.50 4.65 4.38 4.55 4.47 4.47 4.05 4.05 4.05 4.05 4.03 3.32 2.32 4.97 4.82 4.52 0.00 0.00 0.00 0.00 0.00 0.00 0.00 0.00 0.00 0.00 0.00 0.00 0.00 0.00 0.00 0.00 0.00 0.00 0.00 0.00 0.00 0.00 0.00 0.00 0.00 0.00
5.09 4.48 4.48 4.48 4.50 5.11 4.50 4.50 4.55 4.55 4.55 4.55 4.54 5.57 5.57 6.03 5.55 5.31 5.31 5.52 5.36 5.36 5.57 5.36 5.40 5.40 5.40 5.98 5.72 5.59 5.86 5.86 4.77 4.60 4.60 4.60 4.59 4.59 4.17 4.79 4.56 4.56 4.56 4.71 5.21 5.32 4.67 4.52 4.09 4.28 3.67 4.09 3.66 4.80 5.05 1.87 1.80 0.30 0.00 0.00 0.00 0.00 0.00 0.00 0.00 0.00 0.00 0.00 0.00 0.00 0.00 0.00 0.00 0.00 0.00 0.00 0.00 0.00 0.00 0.00 0.00 0.00 0.00 0.00
4.48 4.48 4.48 4.48 4.50 4.50 4.50 4.50 4.55 4.55 4.55 4.55 4.54 5.57 5.81 5.57 5.31 5.31 5.31 5.31 5.36 5.36 5.36 5.36 5.61 5.62 5.40 5.98 5.99 6.59 6.16 9.49 4.77 5.06 4.92 4.77 4.59 4.59 4.28 4.73 4.89 4.09 4.56 4.56 5.14 5.01 4.52 4.52 4.16 3.17 3.17 3.21 7.96 2.77 1.50 2.82 0.61 0.00 0.00 0.00 0.00 0.00 0.00 0.00 0.00 0.00 0.00 0.00 0.00 0.00 0.00 0.00 0.00 0.00 0.00 0.00 0.00 0.00 0.00 0.00 0.00 0.00 0.00 0.00
4.48 4.48 4.48 4.48 4.50 4.50 4.50 4.50 4.55 4.55 4.55 4.55 5.57 7.46 5.57 5.81 5.31 5.31 5.31 5.31 5.36 5.36 5.36 5.57 5.40 5.40 5.62 5.40 5.43 5.59 5.43 9.09 8.65 5.10 4.77 4.77 4.76 4.59 8.57 6.57 6.26 4.79 4.61 4.56 2.06 5.81 4.68 4.52 4.16 3.17 3.21 6.84 0.00 0.00 0.00 0.00 0.00 0.00 0.00 0.00 0.00 0.00 0.00 0.00 0.00 0.00 0.00 0.00 0.00 0.00 0.00 0.00 0.00 0.00 0.00 0.00 0.00 0.00 0.00 0.00 0.00 0.00 0.00 0.00
4.48 4.48 4.48 4.48 4.50 4.50 4.50 4.50 4.55 4.55 4.55 4.55 5.57 5.80 5.57 5.57 5.58 5.31 5.31 5.31 5.36 5.36 5.57 5.36 5.40 5.40 5.40 5.40 5.43 5.65 5.65 5.49 4.42 5.39 4.80 4.77 5.24 5.24 0.79 6.42 4.42 4.42 5.23 8.36 1.91 2.79 5.81 4.99 4.09 7.86 5.84 0.00 0.00 0.00 0.00 0.00 0.00 0.00 0.00 0.00 0.00 0.00 0.00 0.00 0.00 0.00 0.00 0.00 0.00 0.00 0.00 0.00 0.00 0.00 0.00 0.00 0.00 0.00 0.00 0.00 0.00 0.00 0.00 0.00
4.53 4.53 3.91 3.91 4.55 4.55 4.55 4.55 4.53 4.53 4.53 4.53 5.45 5.45 5.45 5.45 5.45 5.25 5.25 5.25 5.32 5.32 5.32 5.32 5.37 5.37 5.37 5.37 5.42 5.42 5.42 5.42 5.36 2.64 4.57 8.89 2.82 2.64 2.66 6.26 4.64 4.64 4.49 5.23 4.64 6.42 4.57 5.54 4.37 5.84 0.00 0.00 0.00 0.00 0.00 0.00 0.00 0.00 0.00 0.00 0.00 0.00 0.00 0.00 0.00 0.00 0.00 0.00 0.00 0.00 0.00 0.00 0.00 0.00 0.00 0.00 0.00 0.00 0.00 0.00 0.00 0.00 0.00 0.00
4.53 4.53 4.53 3.91 3.91 4.55 4.55 4.55 4.53 4.53 5.05 5.81 5.72 5.72 5.45 5.45 5.25 5.25 5.25 5.25 5.32 5.32 5.57 5.32 5.37 5.37 5.37 5.37 5.42 5.42 5.42 5.42 4.76 4.94 5.36 4.73 3.13 3.14 3.24 6.57 4.64 4.64 4.64 4.64 1.47 3.24 1.02 4.49 5.84 0.00 0.00 0.00 0.00 0.00 0.00 0.00 0.00 0.00 0.00 0.00 0.00 0.00 0.00 0.00 0.00 0.00 0.00 0.00 0.00 0.00 0.00 0.00 0.00 0.00 0.00 0.00 0.00 0.00 0.00 0.00 0.00 0.00 0.00 0.00
4.79 4.79 4.79 4.79 4.81 4.81 4.24 4.24 5.65 4.79 4.79 5.89 5.90 5.90 5.90 5.90 5.85 5.85 5.85 5.85 5.93 5.93 5.93 5.93 5.98 5.98 5.98 5.98 6.04 6.04 6.04 6.04 4.83 4.98 4.96 8.46 5.09 4.96 5.42 5.43 5.60 4.79 4.68 4.95 3.79 3.79 3.36 4.64 0.00 0.00 0.00 0.00 0.00 0.00 0.00 0.00 0.00 0.00 0.00 0.00 0.00 0.00 0.00 0.00 0.00 0.00 0.00 0.00 0.00 0.00 0.00 0.00 0.00 0.00 0.00 0.00 0.00 0.00 0.00 0.00 0.00 0.00 0.00 0.00
4.79 4.79 4.79 4.24 4.24 4.24 4.24 4.24 4.24 4.24 4.79 5.89 5.90 5.90 5.90 5.90 5.85 5.85 5.85 5.85 5.93 5.93 5.93 5.93 5.98 5.98 5.98 5.98 6.04 6.04 6.04 6.04 4.83 4.83 4.83 4.83 4.81 4.81 4.81 4.81 5.08 5.25 5.73 1.11 3.49 3.34 4.58 0.70 0.00 0.00 0.00 0.00 0.00 0.00 0.00 0.00 0.00 0.00 0.00 0.00 0.00 0.00 0.00 0.00 0.00 0.00 0.00 0.00 0.00 0.00 0.00 0.00 0.00 0.00 0.00 0.00 0.00 0.00 0.00 0.00 0.00 0.00 0.00 0.00
4.78 4.24 4.24 4.24 4.24 5.03 4.24 4.24 4.24 4.24 4.61 5.76 4.61 5.85 5.85 5.85 5.91 5.91 5.91 5.91 5.94 5.94 5.94 5.94 5.96 5.96 6.21 6.21 6.01 6.01 6.01 6.01 4.77 4.90 4.77 4.77 4.74 4.74 4.74 4.74 4.71 5.00 4.71 4.93 1.11 1.41 3.49 4.58 0.00 0.00 0.00 0.00 0.00 0.00 0.00 0.00 0.00 0.00 0.00 0.00 0.00 0.00 0.00 0.00 0.00 0.00 0.00 0.00 0.00 0.00 0.00 0.00 0.00 0.00 0.00 0.00 0.00 0.00 0.00 0.00 0.00 0.00 0.00 0.00
4.24 4.24 4.24 4.24 4.24 4.24 4.24 5.03 4.24 4.24 4.61 4.61 4.82 5.85 5.85 5.85 5.91 5.91 5.91 5.91 5.94 5.94 5.94 5.94 5.96 5.96 6.21 5.96 6.01 6.01 6.01 6.29 4.92 4.77 4.77 4.77 4.74 4.74 4.74 4.74 4.71 4.71 4.85 4.71 4.92 5.24 5.39 5.07 7.92 4.42 2.40 0.00 0.00 0.00 0.00 0.00 0.00 0.00 0.00 0.00 0.00 0.00 0.00 0.00 0.00 0.00 0.00 0.00 0.00 0.00 0.00 0.00 0.00 0.00 0.00 0.00 0.00 0.00 0.00 0.00 0.00 0.00 0.00 0.00
4.24 4.24 4.24 4.24 4.24 4.24 4.24 4.24 4.24 4.24 4.61 5.81 5.85 5.85 5.85 5.85 5.91 5.91 5.91 5.91 5.94 5.94 5.94 5.94 5.96 5.96 5.96 5.96 6.01 6.01 6.26 6.01 4.92 4.77 4.90 4.77 4.74 4.74 4.52 4.74 4.71 4.71 4.71 4.71 4.72 4.72 4.72 4.72 3.91 4.42 4.42 2.40 2.40 0.00 0.00 0.00 0.00 0.00 0.00 0.00 0.00 0.00 0.00 0.00 0.00 0.00 0.00 0.00 0.00 0.00 0.00 0.00 0.00 0.00 0.00 0.00 0.00 0.00 0.00 0.00 0.00 0.00 0.00 0.00
4.24 4.24 4.24 4.24 4.24 4.24 4.24 5.03 4.24 4.24 4.61 5.81 5.85 5.85 5.85 5.85 5.91 5.91 5.91 5.91 5.94 5.94 5.94 5.94 5.96 5.96 5.96 5.96 6.01 6.01 6.01 6.01 4.77 4.77 4.77 4.77 4.74 4.74 4.87 4.74 4.71 4.71 4.71 4.71 4.72 4.72 4.85 4.72 4.30 4.22 4.42 4.42 6.02 2.40 0.00 0.00 0.00 0.00 0.00 0.00 0.00 0.00 0.00 0.00 0.00 0.00 0.00 0.00 0.00 0.00 0.00 0.00 0.00 0.00 0.00 0.00 0.00 0.00 0.00 0.00 0.00 0.00 0.00 0.00
4.24 4.24 4.24 5.03 4.24 4.24 4.24 4.24 4.24 4.61 5.83 6.08 5.93 5.93 5.93 5.93 5.94 5.94 5.94 5.94 5.95 6.38 6.19 6.19 6.21 6.28 5.96 5.96 5.96 5.96 6.21 6.21 4.84 4.70 4.70 4.70 4.81 4.68 4.68 4.68 4.65 4.79 4.65 4.65 4.65 4.65 4.65 4.65 4.11 4.19 4.30 2.68 4.64 5.12 8.44 8.44 0.00 0.00 0.00 0.00 0.00 0.00 0.00 0.00 0.00 0.00 0.00 0.00 0.00 0.00 0.00 0.00 0.00 0.00 0.00 0.00 0.00 0.00 0.00 0.00 0.00 0.00 0.00 0.00
4.24 4.24 4.24 5.03 4.24 4.24 4.24 4.24 6.36 6.18 5.83 5.83 6.13 5.93 5.93 5.93 5.94 5.94 5.94 5.94 5.95 5.95 5.95 5.95 5.96 6.28 6.28 5.96 5.96 5.96 5.96 5.96 4.70 4.70 4.70 4.70 4.68 4.68 4.68 4.68 4.65 4.65 4.65 4.65 4.65 4.65 4.65 4.65 4.11 4.11 4.11 4.34 3.61 4.17 4.06 4.06 3.99 8.44 0.00 0.00 0.00 0.00 0.00 0.00 0.00 0.00 0.00 0.00 0.00 0.00 0.00 0.00 0.00 0.00 0.00 0.00 0.00 0.00 0.00 0.00 0.00 0.00 0.00 0.00
4.24 4.24 4.24 4.24 4.24 4.24 4.24 6.33 6.36 6.18 6.18 5.83 5.93 6.14 5.93 5.93 5.94 5.94 5.94 5.94 5.95 5.95 5.95 5.95 6.21 5.96 6.28 6.28 6.27 5.96 5.96 5.96 4.70 4.70 4.70 4.70 4.68 4.68 4.68 4.68 4.65 4.65 4.65 4.65 4.65 4.65 4.65 4.65 4.11 4.11 4.11 4.11 4.29 4.15 4.06 4.06 3.99 3.99 3.51 7.62 0.00 0.00 0.00 0.00 0.00 0.00 0.00 0.00 0.00 0.00 0.00 0.00 0.00 0.00 0.00 0.00 0.00 0.00 0.00 0.00 0.00 0.00 0.00 0.00
4.24 4.24 4.24 4.24 4.24 4.24 4.24 6.33 5.83 5.83 5.83 5.83 5.93 5.93 5.93 5.93 5.94 5.94 5.94 5.94 5.95 5.95 5.95 5.95 6.21 6.21 6.21 6.33 6.33 6.27 5.96 5.96 4.70 4.70 4.70 4.70 4.68 4.68 4.68 4.68 4.65 4.65 4.25 4.65 4.65 4.65 4.65 4.65 4.11 4.11 4.11 4.21 4.06 4.06 4.06 4.06 3.99 3.99 3.99 3.99 7.58 0.00 0.00 0.00 0.00 0.00 0.00 0.00 0.00 0.00 0.00 0.00 0.00 0.00 0.00 0.00 0.00 0.00 0.00 0.00 0.00 0.00 0.00 0.00
4.24 4.24 4.24 4.24 4.24 4.24 4.24 4.70 5.92 5.92 5.92 5.92 5.86 5.86 4.61 5.86 5.93 5.93 5.93 5.93 5.94 5.94 5.94 5.94 5.95 5.95 6.27 6.70 6.04 5.96 5.96 5.96 4.71 4.71 4.71 4.71 4.69 4.69 4.69 4.69 4.67 4.27 4.27 4.67 4.65 4.65 4.65 4.65 4.04 4.04 4.04 4.04 4.02 4.02 4.02 4.02 4.01 4.01 4.01 3.31 6.28 0.00 0.00 0.00 0.00 0.00 0.00 0.00 0.00 0.00 0.00 0.00 0.00 0.00 0.00 0.00 0.00 0.00 0.00 0.00 0.00 0.00 0.00 0.00
4.24 4.24 4.24 4.24 4.24 4.24 4.24 4.24 5.92 5.92 5.92 5.92 5.86 5.86 5.86 5.86 5.93 5.93 5.93 5.93 5.94 5.94 5.94 5.94 5.95 6.20 6.20 5.95 6.20 5.96 6.10 6.20 4.71 4.71 4.30 4.71 4.69 4.69 4.69 4.69 4.67 4.67 4.67 4.67 4.65 4.65 4.65 4.65 4.04 4.04 4.04 4.04 4.02 4.02 4.02 4.02 4.01 4.01 4.26 4.42 0.00 0.00 0.00 0.00 0.00 0.00 0.00 0.00 0.00 0.00 0.00 0.00 0.00 0.00 0.00 0.00 0.00 0.00 0.00 0.00 0.00 0.00 0.00 0.00
