New_Model_Runs/15_Future_RCP8.5_Scn2_out/post_prcessed_with_MFR/Monthly_summaries/net_infiltration_monthly_FEB.asc
NCOLS 700
NROWS 400
XLLCENTER 515000.000000
YLLCENTER 8409000.000000
CELLSIZE 50.000000
NODATA_value -999.000000
[rows 266 to 303 of 400, columns 252 to 335 of 700]
2.19 2.98 3.14 3.28 2.51 1.62 1.62 1.62 1.62 2.50 0.38 1.16 1.16 1.29 4.71 1.16 4.57 1.16 1.16 3.02 3.45 0.39 0.80 0.80 3.28 3.41 3.28 3.28 3.28 3.56 3.56 3.45 3.43 3.92 3.94 3.80 0.44 4.09 0.54 0.54 0.54 0.54 0.54 0.16 5.05 1.77 1.77 0.85 0.53 3.04 3.18 0.80 0.61 3.38 0.61 0.47 0.27 0.57 0.75 4.30 3.51 3.75 3.75 0.34 0.34 0.34 0.34 0.34 0.16 0.00 0.00 0.00 0.00 0.16 0.16 0.39 0.39 0.16 0.16 0.16 0.39 0.00 0.00 0.00
2.98 3.14 3.03 3.14 2.51 1.62 1.62 1.62 1.62 1.62 1.16 1.16 4.43 5.00 4.57 4.57 4.57 1.16 1.16 1.29 1.11 0.26 0.79 0.80 4.08 0.00 0.00 0.00 3.56 0.29 0.50 2.19 0.50 0.93 0.66 0.53 0.68 3.71 0.16 0.54 0.54 0.54 0.54 0.16 3.48 1.77 2.22 2.40 2.40 2.07 2.07 2.39 0.34 3.38 0.40 0.61 0.13 0.34 0.47 3.75 3.61 3.75 0.47 0.34 0.47 0.47 0.34 0.34 0.16 0.00 0.00 0.00 0.00 0.39 0.16 0.16 0.16 0.16 0.39 0.00 0.00 0.00 0.00 0.00
2.87 3.13 2.49 2.00 1.62 1.62 1.62 1.62 1.86 1.75 1.16 4.43 5.00 1.86 2.27 5.55 3.62 4.43 1.16 1.43 1.06 0.26 0.39 0.39 0.26 0.00 0.00 0.15 3.43 0.50 2.19 2.19 1.07 0.43 0.80 0.80 0.54 0.54 0.16 0.54 0.54 0.16 0.54 3.44 3.80 5.35 2.21 1.91 2.06 2.06 2.06 1.47 0.34 0.34 3.75 0.13 0.34 3.61 3.41 0.13 0.13 0.47 3.75 0.34 0.47 0.34 0.34 0.13 0.39 0.00 0.00 0.00 0.39 0.16 0.16 0.16 0.39 0.39 0.00 0.00 0.00 0.00 0.00 0.00
3.72 2.33 2.60 2.47 1.72 1.72 1.70 4.57 4.80 5.17 4.56 4.89 1.72 1.86 2.41 2.13 1.16 1.29 1.43 1.75 1.25 0.80 0.47 0.80 0.79 0.24 0.50 0.50 3.43 0.50 0.86 2.19 0.29 0.66 0.43 3.71 0.16 0.54 0.54 0.54 0.16 3.44 3.44 3.44 3.47 1.19 1.91 1.77 1.76 2.06 2.06 1.76 0.34 0.34 3.61 3.41 3.41 0.13 0.13 0.13 0.13 0.27 0.27 0.34 0.34 0.34 0.34 0.13 0.39 0.00 0.39 0.16 0.16 0.16 0.54 0.39 0.39 0.00 0.00 0.00 0.00 0.00 0.00 0.00
3.72 2.33 2.33 2.33 4.91 4.39 4.87 1.73 1.73 1.16 1.29 1.70 1.57 1.29 1.57 0.52 3.68 3.68 1.57 2.03 1.25 0.79 0.80 0.80 0.79 0.79 0.50 0.15 3.78 0.50 0.86 0.50 0.53 0.53 0.53 3.80 0.54 0.54 0.54 0.16 3.44 3.44 3.47 3.80 3.04 2.35 2.04 1.91 0.98 2.06 2.06 1.76 2.72 0.34 3.61 3.41 0.13 0.13 0.13 0.10 0.34 0.13 0.13 0.34 0.34 0.13 0.13 0.34 0.39 0.39 0.16 0.16 0.16 0.39 0.00 0.00 0.53 0.53 0.00 0.00 0.00 0.00 0.00 0.00
3.52 2.33 2.33 1.65 4.91 1.60 1.60 1.60 1.11 1.16 1.29 0.93 1.70 1.16 1.16 1.16 2.87 2.87 2.87 3.01 2.49 0.79 0.92 0.94 0.79 0.72 0.29 3.45 0.50 0.50 0.50 0.53 0.53 0.16 0.53 3.43 3.44 3.44 3.80 3.44 3.44 3.80 0.65 0.53 2.40 2.07 0.91 0.66 0.66 3.04 2.06 1.76 6.00 3.41 0.27 0.13 0.13 0.34 0.34 0.13 0.13 0.34 0.34 0.13 0.13 0.34 0.34 0.34 0.16 0.16 0.16 0.39 0.00 0.00 0.00 0.00 0.00 0.00 0.00 0.00 0.00 0.00 0.00 0.00
3.01 3.12 6.67 5.47 1.60 1.60 1.60 1.60 1.62 1.29 0.38 0.52 0.38 0.38 1.29 3.21 2.48 2.27 2.86 2.86 0.86 0.80 0.94 0.24 1.39 0.85 0.31 3.43 0.17 0.78 0.15 0.50 0.79 0.19 0.86 3.80 3.44 0.16 0.66 0.66 0.53 1.77 3.04 3.04 3.18 0.66 0.53 0.53 0.53 0.53 6.32 6.32 0.43 0.27 0.40 0.27 0.34 0.34 0.13 0.13 0.13 0.34 0.13 0.13 0.34 0.34 0.13 0.13 0.17 0.39 0.16 0.00 0.00 0.00 0.00 0.00 0.00 0.00 0.00 0.00 0.00 0.00 0.00 0.00
3.12 6.67 5.44 2.17 1.73 1.73 1.60 1.62 1.62 1.43 1.43 2.63 1.16 1.57 1.43 2.62 2.27 2.86 1.06 3.04 3.15 0.94 1.07 0.80 3.25 0.64 0.50 6.39 3.11 0.50 0.50 0.86 0.79 0.19 0.86 0.86 4.08 0.80 0.66 0.66 0.91 2.39 2.07 2.07 1.60 0.66 0.53 0.47 4.08 3.93 0.53 0.80 0.30 0.13 0.13 0.13 0.34 0.34 0.13 0.34 0.13 0.13 0.34 0.34 0.13 0.13 0.13 0.34 0.39 0.00 0.00 0.00 0.00 0.00 0.00 0.00 0.00 0.00 0.00 0.00 0.00 0.00 0.00 0.00
3.31 5.08 1.80 1.66 0.99 1.59 1.46 1.42 1.42 1.02 1.16 1.16 1.02 1.16 1.16 0.88 0.88 0.26 3.22 2.53 2.28 2.13 1.02 3.10 2.15 1.75 0.56 5.29 2.00 4.06 0.42 0.42 0.42 0.44 0.78 0.44 3.90 3.77 0.84 0.34 2.73 1.77 1.77 1.77 1.41 2.72 0.34 3.68 4.04 0.63 0.77 0.57 0.88 0.41 0.88 0.41 0.41 0.91 0.41 0.41 0.91 0.91 0.91 0.41 0.41 0.41 0.91 0.91 0.00 0.00 0.00 0.00 0.00 0.00 0.00 0.00 0.00 0.00 0.00 0.00 0.00 0.00 0.00 0.00
5.01 5.91 5.08 4.46 0.85 0.85 1.02 0.88 1.33 0.88 1.02 0.88 0.88 0.88 4.30 4.30 4.16 4.16 6.48 5.95 2.42 2.69 1.20 3.20 2.42 2.56 4.11 4.29 4.29 0.56 0.42 0.42 0.15 0.42 0.78 2.18 0.70 3.77 0.48 2.06 1.77 1.42 1.42 2.06 0.70 3.98 3.91 0.63 0.63 0.30 0.30 0.30 0.88 0.41 0.41 0.91 0.91 0.41 0.91 0.91 0.91 0.41 0.41 0.41 0.91 0.91 2.09 1.40 0.00 0.00 0.00 0.00 0.00 0.00 0.00 0.00 0.00 0.00 0.00 0.00 0.00 0.00 0.00 0.00
4.59 1.18 1.19 4.46 4.60 4.60 4.43 4.71 4.43 4.16 4.30 4.30 4.16 4.30 1.29 1.16 1.02 0.83 0.83 5.94 5.82 4.20 0.95 0.84 3.97 4.24 4.24 4.06 0.43 0.40 0.42 0.56 0.56 0.42 0.42 0.70 0.36 0.36 3.62 2.00 2.72 2.14 1.55 3.88 3.58 0.30 0.63 0.30 0.30 0.30 0.30 0.30 1.53 0.91 0.91 0.41 0.41 0.91 0.91 0.41 0.41 0.41 0.91 0.91 2.09 1.40 1.40 0.88 0.00 0.00 0.00 0.00 0.00 0.00 0.00 0.00 0.00 0.00 0.00 0.00 0.00 0.00 0.00 0.00
4.94 1.70 0.35 1.78 1.59 5.09 4.84 5.24 1.96 0.88 1.02 1.16 4.30 5.58 1.43 2.53 2.74 1.42 0.88 0.88 0.65 0.65 4.06 3.70 3.70 3.97 3.97 3.57 0.15 0.29 0.15 0.56 0.42 0.42 0.42 0.42 0.63 0.50 0.36 3.62 3.75 0.61 3.85 3.41 0.30 0.30 0.30 0.30 0.30 0.30 0.34 0.13 0.41 0.41 0.41 0.41 0.91 0.41 0.41 0.41 0.91 0.91 1.40 1.40 0.88 0.88 0.88 0.00 0.00 0.00 0.00 0.00 0.00 0.00 0.00 0.00 0.00 0.00 0.00 0.00 0.00 0.00 0.00 0.00
4.94 1.66 1.83 1.97 1.35 5.36 1.54 4.87 4.68 0.88 0.88 2.68 2.67 2.53 4.57 1.10 2.73 0.88 0.88 0.88 0.70 0.44 0.70 5.56 0.42 0.13 3.70 3.43 3.43 3.43 3.43 3.43 0.42 0.42 0.42 0.42 0.41 0.41 0.36 0.61 3.75 3.55 0.34 0.44 0.30 0.30 0.30 0.30 0.34 0.13 0.13 0.34 0.91 0.91 0.91 0.41 0.41 0.41 0.41 0.91 1.40 1.40 0.88 0.00 0.00 0.00 0.00 0.00 0.00 0.00 0.00 0.00 0.00 0.00 0.00 0.00 0.00 0.00 0.00 0.00 0.00 0.00 0.00 0.00
1.18 4.45 4.73 1.94 5.01 1.13 1.96 2.24 5.25 1.87 1.33 2.74 2.53 2.74 1.55 4.30 0.88 1.33 1.33 0.88 0.97 1.05 0.78 6.20 3.72 3.40 0.42 0.13 3.72 3.72 3.70 0.42 3.70 3.70 0.42 0.42 0.48 0.13 3.41 3.62 0.34 0.13 0.63 0.30 0.30 0.30 0.34 0.13 0.13 0.34 0.34 0.34 0.91 0.91 0.41 0.41 0.41 0.91 1.40 1.40 1.40 0.88 0.00 0.00 0.00 0.00 0.00 0.00 0.00 0.00 0.00 0.00 0.00 0.00 0.00 0.00 0.00 0.00 0.00 0.00 0.00 0.00 0.00 0.00
2.62 1.18 4.45 4.94 4.68 1.59 1.96 1.36 4.64 1.87 0.85 2.74 2.73 4.13 0.88 0.26 5.92 2.15 1.33 0.88 0.71 1.19 0.78 0.13 0.44 3.72 0.58 0.16 0.70 0.70 0.78 0.13 0.27 3.70 0.42 0.42 3.75 3.55 0.10 0.34 0.13 0.13 0.13 0.30 0.30 0.34 0.13 0.13 0.34 0.34 0.34 0.34 0.41 0.41 0.41 0.41 1.38 0.88 1.53 0.88 0.88 0.00 0.00 0.00 0.00 0.00 0.00 0.00 0.00 0.00 0.00 0.00 0.00 0.00 0.00 0.00 0.00 0.00 0.00 0.00 0.00 0.00 0.00 0.00
2.56 2.62 1.70 1.70 4.43 0.88 0.88 1.33 3.54 0.26 0.85 0.88 2.11 5.39 4.16 4.16 5.43 2.15 1.33 0.88 0.44 0.30 0.13 0.44 3.72 3.85 0.44 0.30 0.16 0.92 0.92 0.16 0.71 0.44 3.79 3.70 3.75 0.61 0.34 0.34 0.13 0.13 0.13 0.34 0.13 0.13 0.34 0.34 0.34 0.34 0.13 0.13 0.41 0.41 1.38 0.88 0.00 0.00 0.00 0.00 0.00 0.00 0.00 0.00 0.00 0.00 0.00 0.00 0.00 0.00 0.00 0.00 0.00 0.00 0.00 0.00 0.00 0.00 0.00 0.00 0.00 0.00 0.00 0.00
3.02 2.90 1.45 1.19 1.42 5.92 4.16 0.85 3.54 4.13 0.85 0.26 2.11 2.11 2.11 0.88 4.16 0.30 0.88 0.56 3.72 3.58 3.72 0.44 3.41 0.44 0.84 0.16 0.84 0.84 0.58 0.44 0.27 3.58 3.83 0.83 0.54 0.61 0.34 0.34 1.22 0.34 0.34 0.34 0.13 0.13 0.13 0.34 0.34 0.13 0.13 0.13 0.91 0.88 0.00 0.00 0.00 0.00 0.00 0.00 0.00 0.00 0.00 0.00 0.00 0.00 0.00 0.00 0.00 0.00 0.00 0.00 0.00 0.00 0.00 0.00 0.00 0.00 0.00 0.00 0.00 0.00 0.00 0.00
1.70 1.70 1.46 1.18 0.86 1.55 4.30 5.24 4.14 4.14 4.13 0.86 2.03 0.48 1.42 1.16 4.16 4.43 4.16 3.48 3.72 0.44 0.44 0.44 3.72 0.13 0.44 0.44 0.68 0.92 0.78 4.06 3.72 0.42 0.26 0.69 0.61 0.61 0.84 0.34 1.22 2.00 0.34 0.34 0.34 0.13 0.13 0.13 0.13 0.13 0.34 0.34 0.88 0.00 0.00 0.00 0.00 0.00 0.00 0.00 0.00 0.00 0.00 0.00 0.00 0.00 0.00 0.00 0.00 0.00 0.00 0.00 0.00 0.00 0.00 0.00 0.00 0.00 0.00 0.00 0.00 0.00 0.00 0.00
1.83 5.11 5.11 4.45 4.13 4.14 4.28 0.86 0.86 0.86 2.85 5.23 0.85 0.48 1.69 1.16 4.09 1.40 0.75 0.34 0.78 0.44 0.44 0.44 0.44 3.44 3.85 0.71 0.58 3.72 3.44 0.42 0.42 0.42 0.42 0.42 0.34 0.34 0.48 0.48 0.34 0.34 0.34 0.34 0.34 0.13 0.13 0.13 0.34 0.34 0.55 0.00 0.00 0.00 0.00 0.00 0.00 0.00 0.00 0.00 0.00 0.00 0.00 0.00 0.00 0.00 0.00 0.00 0.00 0.00 0.00 0.00 0.00 0.00 0.00 0.00 0.00 0.00 0.00 0.00 0.00 0.00 0.00 0.00
1.45 1.45 1.83 4.94 4.13 0.86 0.86 0.86 0.86 0.48 0.86 0.86 4.40 4.68 4.13 4.43 1.43 4.71 0.83 0.96 1.05 0.58 0.44 0.44 0.44 0.44 0.71 3.71 3.85 3.72 0.51 0.15 0.42 0.42 0.42 0.42 0.13 0.34 0.34 0.34 0.13 0.13 0.34 0.13 0.13 0.13 0.34 0.34 0.55 0.30 0.00 0.00 0.00 0.00 0.00 0.00 0.00 0.00 0.00 0.00 0.00 0.00 0.00 0.00 0.00 0.00 0.00 0.00 0.00 0.00 0.00 0.00 0.00 0.00 0.00 0.00 0.00 0.00 0.00 0.00 0.00 0.00 0.00 0.00
1.15 4.45 4.46 1.19 0.86 0.86 0.86 0.86 0.86 0.92 0.86 0.86 4.41 5.14 1.13 0.54 0.88 0.56 3.84 0.96 1.05 0.92 0.70 0.70 0.70 0.44 3.72 3.82 0.16 0.42 0.78 0.29 0.29 0.42 0.42 0.42 0.34 0.34 0.34 0.13 0.13 0.13 0.13 0.13 0.13 0.34 0.48 0.69 0.00 0.00 0.00 0.00 0.00 0.00 0.00 0.00 0.00 0.00 0.00 0.00 0.00 0.00 0.00 0.00 0.00 0.00 0.00 0.00 0.00 0.00 0.00 0.00 0.00 0.00 0.00 0.00 0.00 0.00 0.00 0.00 0.00 0.00 0.00 0.00
4.29 1.01 1.19 1.19 0.86 0.86 0.86 0.86 0.86 0.86 0.86 0.86 0.86 5.85 1.59 0.85 0.88 0.91 0.91 3.97 0.84 0.70 0.70 0.70 3.98 3.72 0.78 0.13 0.44 0.78 0.78 0.56 0.56 0.42 0.42 0.42 0.34 0.34 0.34 0.14 0.13 0.13 0.13 0.34 0.34 0.34 0.27 0.55 0.00 0.00 0.00 0.00 0.00 0.00 0.00 0.00 0.00 0.00 0.00 0.00 0.00 0.00 0.00 0.00 0.00 0.00 0.00 0.00 0.00 0.00 0.00 0.00 0.00 0.00 0.00 0.00 0.00 0.00 0.00 0.00 0.00 0.00 0.00 0.00
1.01 1.01 1.19 1.19 0.86 0.86 0.86 0.86 0.86 0.86 0.86 0.86 0.86 4.14 4.90 1.59 0.90 0.91 0.91 1.05 3.85 3.41 3.98 3.98 3.72 0.92 0.70 0.16 0.27 0.58 0.42 0.42 0.42 0.42 0.42 0.42 0.34 0.34 0.13 0.13 0.13 0.34 0.34 0.34 0.34 6.00 4.68 0.56 0.36 0.00 0.00 0.00 0.00 0.00 0.00 0.00 0.00 0.00 0.00 0.00 0.00 0.00 0.00 0.00 0.00 0.00 0.00 0.00 0.00 0.00 0.00 0.00 0.00 0.00 0.00 0.00 0.00 0.00 0.00 0.00 0.00 0.00 0.00 0.00
1.19 1.19 1.19 1.19 0.86 0.86 0.86 0.86 0.86 0.86 0.86 0.86 0.86 0.86 4.03 1.27 0.91 0.91 0.91 0.83 3.99 3.72 5.37 3.85 4.19 0.71 1.26 0.85 1.33 0.71 0.42 0.42 0.42 0.42 0.42 0.42 0.34 0.34 0.34 0.44 0.34 0.34 0.34 0.34 3.75 0.34 2.86 0.28 0.36 0.00 0.00 0.00 0.00 0.00 0.00 0.00 0.00 0.00 0.00 0.00 0.00 0.00 0.00 0.00 0.00 0.00 0.00 0.00 0.00 0.00 0.00 0.00 0.00 0.00 0.00 0.00 0.00 0.00 0.00 0.00 0.00 0.00 0.00 0.00
0.94 0.94 0.94 0.94 0.72 0.72 0.72 0.99 1.27 0.72 0.72 0.38 0.72 0.72 2.46 3.87 0.79 0.46 0.46 3.89 3.97 0.69 1.93 2.51 1.44 4.59 4.59 5.64 2.36 3.16 0.36 0.34 0.34 0.34 0.34 0.34 0.28 0.28 0.28 1.86 1.86 0.28 3.39 3.63 0.71 1.28 0.30 0.43 0.30 0.00 0.00 0.00 0.00 0.00 0.00 0.00 0.00 0.00 0.00 0.00 0.00 0.00 0.00 0.00 0.00 0.00 0.00 0.00 0.00 0.00 0.00 0.00 0.00 0.00 0.00 0.00 0.00 0.00 0.00 0.00 0.00 0.00 0.00 0.00
0.94 0.94 0.94 0.94 0.72 0.72 0.72 0.98 1.27 0.72 0.72 2.40 0.72 0.72 0.72 3.73 3.73 3.73 3.42 0.15 0.33 0.69 0.83 1.65 1.59 1.32 1.34 4.64 5.63 1.81 1.81 0.34 0.34 0.34 0.34 0.34 0.28 0.28 0.28 0.28 0.28 3.56 3.53 3.85 3.98 3.85 0.43 0.30 0.30 0.00 0.00 0.00 0.00 0.00 0.00 0.00 0.00 0.00 0.00 0.00 0.00 0.00 0.00 0.00 0.00 0.00 0.00 0.00 0.00 0.00 0.00 0.00 0.00 0.00 0.00 0.00 0.00 0.00 0.00 0.00 0.00 0.00 0.00 0.00
0.94 0.94 0.94 0.94 0.72 0.72 0.72 0.72 4.00 0.72 0.72 0.72 0.72 0.72 0.48 3.75 3.89 0.42 0.14 0.48 0.38 0.36 0.69 0.76 0.77 0.79 1.79 2.64 2.49 6.18 6.04 6.02 0.34 0.34 0.34 0.34 0.28 0.28 3.56 3.56 3.56 3.69 5.03 5.44 3.98 3.98 2.02 0.43 0.43 0.00 0.00 0.00 0.00 0.00 0.00 0.00 0.00 0.00 0.00 0.00 0.00 0.00 0.00 0.00 0.00 0.00 0.00 0.00 0.00 0.00 0.00 0.00 0.00 0.00 0.00 0.00 0.00 0.00 0.00 0.00 0.00 0.00 0.00 0.00
0.94 0.94 2.91 2.20 2.74 0.72 2.74 2.23 2.74 4.00 0.72 0.72 0.72 4.00 3.75 4.02 1.01 0.92 0.47 0.48 0.38 0.38 0.62 0.62 0.69 0.97 0.83 2.07 2.09 1.64 1.07 3.91 3.64 3.62 3.62 3.62 3.56 3.56 0.28 0.42 0.57 2.98 4.89 5.30 6.25 1.88 1.88 2.98 0.69 0.00 0.00 0.00 0.00 0.00 0.00 0.00 0.00 0.00 0.00 0.00 0.00 0.00 0.00 0.00 0.00 0.00 0.00 0.00 0.00 0.00 0.00 0.00 0.00 0.00 0.00 0.00 0.00 0.00 0.00 0.00 0.00 0.00 0.00 0.00
0.94 0.94 0.94 2.91 0.72 0.72 0.38 2.74 2.74 4.00 0.72 0.72 3.99 3.75 4.06 4.30 4.16 3.89 3.42 0.47 0.64 0.64 0.82 0.69 0.62 0.76 0.69 0.64 0.65 0.77 0.64 0.50 0.50 0.34 0.34 0.34 0.28 0.28 0.42 0.57 0.98 5.98 1.62 1.62 1.74 1.61 1.61 1.74 2.00 0.00 0.00 0.00 0.00 0.00 0.00 0.00 0.00 0.00 0.00 0.00 0.00 0.00 0.00 0.00 0.00 0.00 0.00 0.00 0.00 0.00 0.00 0.00 0.00 0.00 0.00 0.00 0.00 0.00 0.00 0.00 0.00 0.00 0.00 0.00
0.94 0.94 0.94 0.94 0.72 0.72 0.72 0.72 0.72 4.00 4.00 3.99 1.16 2.14 4.06 0.75 1.19 0.61 3.67 4.02 4.73 4.07 0.96 0.96 0.82 1.10 1.10 0.96 0.77 0.69 0.64 0.82 1.28 0.36 0.34 0.34 0.28 0.58 0.43 0.71 1.69 4.38 0.43 0.91 1.61 1.61 1.61 1.61 1.41 0.00 0.00 0.00 0.00 0.00 0.00 0.00 0.00 0.00 0.00 0.00 0.00 0.00 0.00 0.00 0.00 0.00 0.00 0.00 0.00 0.00 0.00 0.00 0.00 0.00 0.00 0.00 0.00 0.00 0.00 0.00 0.00 0.00 0.00 0.00
0.94 0.94 0.94 2.91 0.72 0.72 0.72 0.72 4.04 3.99 1.18 1.18 1.47 1.87 5.24 0.73 0.78 0.92 3.89 1.02 1.06 0.79 3.80 0.96 1.06 1.21 0.80 0.66 0.38 0.64 0.69 0.69 0.69 0.63 0.34 0.34 0.78 0.78 0.65 1.11 0.78 4.06 0.57 1.75 1.60 1.60 1.60 1.89 0.00 0.30 0.00 0.00 0.00 0.00 0.00 0.00 0.00 0.00 0.00 0.00 0.00 0.00 0.00 0.00 0.00 0.00 0.00 0.00 0.00 0.00 0.00 0.00 0.00 0.00 0.00 0.00 0.00 0.00 0.00 0.00 0.00 0.00 0.00 0.00
0.94 0.94 2.91 2.48 2.74 0.72 4.00 3.99 0.71 0.71 2.30 2.22 1.87 1.87 3.75 0.78 0.92 0.75 4.43 0.84 0.52 0.65 0.66 4.07 1.06 1.06 1.61 1.06 0.38 0.64 0.69 1.93 0.63 0.63 0.36 0.97 0.91 2.98 1.06 0.65 3.58 4.33 0.57 1.75 1.60 1.60 1.60 1.89 0.00 0.00 0.00 0.00 0.00 0.00 0.00 0.00 0.00 0.00 0.00 0.00 0.00 0.00 0.00 0.00 0.00 0.00 0.00 0.00 0.00 0.00 0.00 0.00 0.00 0.00 0.00 0.00 0.00 0.00 0.00 0.00 0.00 0.00 0.00 0.00
4.71 0.94 2.91 2.91 6.02 3.99 0.72 0.72 0.71 2.30 2.22 1.88 2.24 2.28 3.89 0.78 2.27 2.10 0.88 1.16 0.95 1.34 1.20 0.65 3.93 0.66 1.76 1.64 0.33 0.76 2.08 1.81 1.79 0.50 0.63 0.52 1.90 2.17 4.32 5.19 2.00 1.61 5.98 1.61 1.60 1.89 0.50 0.30 0.00 0.00 0.00 0.00 0.00 0.00 0.00 0.00 0.00 0.00 0.00 0.00 0.00 0.00 0.00 0.00 0.00 0.00 0.00 0.00 0.00 0.00 0.00 0.00 0.00 0.00 0.00 0.00 0.00 0.00 0.00 0.00 0.00 0.00 0.00 0.00
4.21 4.21 4.21 4.21 3.99 1.16 1.18 1.18 2.74 2.22 2.22 1.63 0.78 1.19 3.89 0.39 0.39 2.13 2.76 0.75 0.95 1.75 1.10 0.82 0.52 4.37 4.51 0.69 0.74 3.02 2.08 2.08 1.79 2.88 0.36 3.91 4.12 6.25 1.76 1.63 1.61 5.02 5.41 1.13 0.50 0.00 0.00 0.00 0.00 0.00 0.00 0.00 0.00 0.00 0.00 0.00 0.00 0.00 0.00 0.00 0.00 0.00 0.00 0.00 0.00 0.00 0.00 0.00 0.00 0.00 0.00 0.00 0.00 0.00 0.00 0.00 0.00 0.00 0.00 0.00 0.00 0.00 0.00 0.00
0.93 0.93 1.43 0.93 0.71 1.29 1.45 1.32 2.43 2.35 1.87 1.87 0.47 4.06 0.92 0.73 0.39 1.86 2.76 0.75 1.06 0.93 0.69 0.96 0.96 3.96 3.96 0.82 2.07 1.93 2.35 3.02 1.78 1.78 6.02 6.16 0.71 2.84 2.57 1.62 1.61 5.16 1.99 0.50 0.50 0.00 0.00 0.00 0.00 0.00 0.00 0.00 0.00 0.00 0.00 0.00 0.00 0.00 0.00 0.00 0.00 0.00 0.00 0.00 0.00 0.00 0.00 0.00 0.00 0.00 0.00 0.00 0.00 0.00 0.00 0.00 0.00 0.00 0.00 0.00 0.00 0.00 0.00 0.00
1.07 3.04 2.67 2.47 2.74 1.52 1.59 1.13 0.99 2.69 2.14 0.78 0.92 4.20 0.92 2.10 2.13 1.86 2.00 3.17 0.66 0.82 0.69 0.69 3.93 4.37 0.69 1.91 1.80 1.80 2.75 0.14 0.82 1.78 6.16 2.06 1.28 1.62 1.62 1.62 1.61 3.57 0.43 0.50 0.30 0.00 0.00 0.00 0.00 0.00 0.00 0.00 0.00 0.00 0.00 0.00 0.00 0.00 0.00 0.00 0.00 0.00 0.00 0.00 0.00 0.00 0.00 0.00 0.00 0.00 0.00 0.00 0.00 0.00 0.00 0.00 0.00 0.00 0.00 0.00 0.00 0.00 0.00 0.00
3.02 2.88 2.61 2.47 2.29 0.85 1.13 0.90 1.70 0.92 0.78 0.78 4.30 1.47 1.05 2.13 1.86 1.86 1.86 2.90 0.82 0.69 1.10 0.96 4.37 3.26 1.77 1.68 1.67 2.08 0.69 1.90 2.07 6.02 0.50 0.50 1.28 1.62 1.62 0.50 0.50 0.30 0.30 0.30 0.30 0.00 0.00 0.00 0.00 0.00 0.00 0.00 0.00 0.00 0.00 0.00 0.00 0.00 0.00 0.00 0.00 0.00 0.00 0.00 0.00 0.00 0.00 0.00 0.00 0.00 0.00 0.00 0.00 0.00 0.00 0.00 0.00 0.00 0.00 0.00 0.00 0.00 0.00 0.00
2.75 2.47 2.47 2.53 1.16 1.32 0.72 0.98 0.99 0.78 0.78 4.33 1.51 2.51 0.92 0.78 1.96 2.13 1.62 1.86 0.69 0.82 1.20 4.07 4.24 2.04 1.68 1.68 1.77 1.90 2.08 1.80 1.78 1.42 2.01 0.55 0.30 0.30 0.50 0.30 0.30 0.00 0.00 0.00 0.00 0.00 0.00 0.00 0.00 0.00 0.00 0.00 0.00 0.00 0.00 0.00 0.00 0.00 0.00 0.00 0.00 0.00 0.00 0.00 0.00 0.00 0.00 0.00 0.00 0.00 0.00 0.00 0.00 0.00 0.00 0.00 0.00 0.00 0.00 0.00 0.00 0.00 0.00 0.00
