New_Model_Runs/15_Future_RCP8.5_Scn2_out/post_prcessed_with_MFR/Monthly_summaries/net_infiltration_monthly_AUG.asc
NCOLS 700
NROWS 400
XLLCENTER 515000.000000
YLLCENTER 8409000.000000
CELLSIZE 50.000000
NODATA_value -999.000000
[rows 222 to 258 of 400, columns 166 to 248 of 700]
13.53 11.88 11.90 11.90 11.90 11.90 11.91 11.91 13.56 11.91 14.97 12.54 12.54 16.24 17.13 17.24 14.80 18.27 15.71 15.71 15.71 15.47 14.94 14.83 15.08 15.47 19.83 16.48 16.99 17.57 15.44 15.67 15.67 16.57 16.60 16.60 15.46 12.21 14.11 11.53 14.11 14.11 13.35 15.09 16.91 15.76 15.76 15.07 10.51 10.35 10.40 10.40 10.40 10.40 10.42 10.42 10.42 10.42 10.36 10.36 10.36 11.29 9.87 11.14 9.87 11.48 9.87 9.87 11.14 9.16 8.28 9.91 9.91 9.91 9.40 9.40 9.40 10.59 9.31 9.31 9.31 9.31 9.18
11.88 11.88 12.51 15.26 11.90 11.90 13.56 11.91 11.91 11.91 12.54 14.97 16.26 16.57 17.48 17.24 16.34 19.82 17.24 15.71 15.71 15.47 15.47 15.71 15.47 21.18 20.23 16.45 15.82 16.45 17.50 15.67 15.67 16.84 16.85 15.68 15.46 16.96 15.68 15.68 17.57 15.68 17.43 15.76 15.76 15.09 15.07 15.07 10.35 10.35 12.04 13.25 16.43 12.03 10.42 10.42 10.42 10.42 10.36 10.36 10.36 10.36 9.87 9.87 9.87 8.28 8.28 8.28 8.28 8.28 8.28 8.28 8.28 8.28 7.78 7.78 7.78 9.40 9.31 9.31 9.31 9.31 10.37
15.19 17.29 15.22 15.22 15.22 11.87 11.90 11.90 11.90 11.90 13.04 12.55 16.26 16.26 16.57 17.24 17.03 20.81 17.39 17.09 17.09 17.09 17.14 15.47 19.09 19.22 16.36 15.65 17.55 15.65 15.39 15.39 17.07 16.65 16.81 15.64 15.64 16.45 15.62 15.62 15.62 16.45 15.76 15.76 15.76 15.07 15.79 14.78 10.35 14.81 10.33 10.33 10.33 10.33 10.32 10.32 10.32 11.08 10.27 10.27 10.27 9.82 11.10 9.84 9.84 8.28 8.28 8.28 8.28 8.28 8.28 8.28 8.28 8.28 11.38 11.38 11.38 9.38 10.49 9.28 9.28 12.27 9.88
17.20 16.63 15.22 15.22 15.22 15.22 15.26 16.55 15.70 15.26 16.81 16.26 16.81 16.26 16.57 17.09 17.70 9.15 17.03 17.24 17.09 17.09 17.09 18.42 20.77 17.09 16.21 16.45 15.65 15.65 15.64 15.64 16.45 16.21 16.21 16.45 16.21 16.21 16.45 15.62 15.62 16.45 15.76 15.07 15.07 16.13 19.82 16.24 17.02 15.07 15.05 15.05 15.05 15.05 15.19 16.06 15.04 17.51 10.27 10.27 10.27 9.82 11.09 9.84 9.99 8.43 8.28 8.28 8.28 12.08 12.11 9.39 11.49 9.90 10.06 11.38 9.38 9.38 9.28 9.28 9.28 9.28 9.22
17.43 16.03 16.06 16.06 16.06 16.06 16.11 16.11 16.11 16.11 16.89 16.89 16.89 17.22 17.86 17.83 18.13 18.59 20.61 17.94 17.21 17.21 17.79 17.98 17.37 20.85 19.08 19.08 18.93 17.75 16.24 17.20 17.20 16.93 17.20 17.20 17.20 16.93 16.93 17.20 16.21 17.20 15.66 16.85 15.66 15.66 17.55 15.65 15.65 16.59 16.59 18.51 16.59 16.59 16.93 17.04 16.59 17.14 15.55 10.25 10.25 9.79 9.81 9.81 9.81 13.25 8.30 12.05 9.86 9.86 8.30 13.11 8.86 8.30 8.95 8.95 8.95 8.95 8.97 8.97 8.97 8.97 8.91
16.03 16.03 16.06 16.06 16.59 16.06 16.11 18.45 17.53 16.11 16.89 17.22 17.22 17.67 17.64 17.83 17.83 17.94 21.52 21.14 17.02 22.20 17.79 17.98 17.04 17.92 22.71 19.08 18.62 18.93 18.93 18.93 18.93 16.93 17.35 17.35 17.20 17.20 17.20 17.20 17.20 16.93 16.59 19.15 16.59 15.66 15.65 15.65 15.65 15.65 16.74 16.74 16.59 16.59 16.74 16.89 15.91 17.14 15.11 11.58 11.06 9.79 9.81 12.26 9.81 9.81 13.10 9.86 9.86 12.88 13.11 9.88 9.88 9.88 8.95 8.95 8.95 8.95 9.95 8.97 8.97 8.97 8.91
16.08 16.61 16.11 16.64 16.99 17.53 16.17 16.46 16.46 16.46 17.24 17.24 17.90 17.90 17.79 17.79 17.76 18.04 18.28 20.61 9.04 20.77 21.22 20.46 20.31 20.31 9.61 19.08 19.24 19.24 19.08 19.08 19.24 19.08 19.39 18.27 19.16 18.68 16.93 17.20 17.20 17.20 16.59 16.59 16.59 15.64 15.27 15.76 15.91 17.04 17.04 16.59 16.59 15.61 15.78 15.78 15.63 17.14 14.06 14.06 9.83 9.83 9.89 9.89 9.89 9.89 8.30 9.93 9.93 12.15 9.93 9.93 9.93 9.93 8.96 8.96 8.96 8.96 9.00 9.00 9.00 9.00 8.93
16.08 16.08 16.11 16.11 16.11 16.11 16.17 16.17 16.46 16.46 16.93 18.83 17.79 17.76 17.81 17.79 17.79 17.83 17.83 17.83 17.94 21.87 20.77 5.84 21.37 21.06 8.34 22.26 22.41 22.58 22.10 21.75 23.02 22.58 9.08 8.64 18.27 19.39 19.24 19.08 17.26 19.28 16.59 16.82 15.64 15.64 15.61 16.77 17.09 16.93 17.09 17.04 16.59 15.61 15.32 10.69 10.69 10.69 10.28 10.28 9.83 9.83 9.89 9.89 10.05 12.09 12.15 13.11 9.93 9.93 9.93 9.93 9.93 10.07 12.09 9.12 9.12 10.81 9.00 9.00 9.00 9.00 8.93
12.44 12.44 12.45 12.45 12.45 12.45 12.49 14.91 12.49 16.17 18.54 17.24 17.24 17.24 17.81 17.79 17.79 17.83 17.89 17.79 17.79 17.79 20.46 21.37 18.04 18.34 19.10 19.10 22.58 22.58 19.10 21.30 8.49 4.71 18.95 22.73 22.43 7.73 22.58 4.86 18.42 17.82 18.52 18.22 16.59 15.64 16.59 3.62 20.26 20.41 20.41 17.29 16.79 16.79 16.82 15.32 15.32 10.69 10.28 9.83 9.83 9.83 9.89 9.89 9.89 12.09 12.15 9.93 9.93 9.93 9.93 9.93 12.23 9.99 11.77 9.12 8.96 8.96 9.00 9.00 9.00 9.00 8.93
12.44 12.44 12.45 12.45 12.45 12.45 12.49 12.49 12.49 12.46 12.98 16.93 17.55 17.24 17.79 17.79 17.79 17.81 17.79 17.79 17.79 17.95 17.83 17.83 21.87 5.35 19.71 16.92 18.95 18.42 6.35 22.05 8.70 5.01 19.10 19.25 18.95 22.28 19.79 23.66 8.64 22.58 17.34 18.52 18.52 17.59 18.19 21.87 19.68 19.83 19.05 16.39 15.27 16.39 15.32 15.32 15.32 15.32 14.06 9.83 9.83 9.83 9.89 9.89 9.89 12.31 10.07 10.07 9.93 9.93 11.32 11.32 9.93 10.07 9.12 10.81 8.96 8.96 9.00 9.00 9.00 9.00 9.05
12.53 12.53 15.00 12.55 12.55 12.55 12.57 12.57 13.18 13.57 15.66 15.91 15.66 17.94 17.90 17.90 18.25 17.79 17.79 17.79 17.79 17.79 17.89 17.83 18.40 21.91 22.86 23.36 22.33 22.86 22.43 23.01 18.77 8.64 22.71 21.60 21.45 20.22 16.82 19.94 18.36 21.90 21.72 21.72 21.87 21.87 20.82 20.92 17.29 20.47 17.01 15.42 15.42 15.42 15.48 15.48 15.48 15.48 14.16 13.30 10.45 11.15 11.20 9.93 11.20 10.07 11.63 13.19 13.19 10.09 9.97 10.12 11.37 10.09 8.98 8.98 8.98 8.98 8.99 8.99 8.99 9.96 8.94
12.53 12.53 12.55 12.55 12.55 12.55 12.57 13.06 12.57 12.57 13.03 13.03 15.66 15.91 15.88 15.60 15.60 17.24 17.81 17.79 17.79 17.83 17.83 17.83 18.41 18.09 18.93 19.43 18.93 18.93 18.93 18.65 22.71 4.86 19.24 14.42 16.74 20.79 20.79 16.17 16.17 20.44 17.67 18.79 19.23 18.64 17.34 17.29 16.84 20.47 17.01 18.66 18.06 17.01 17.08 15.48 15.48 15.48 13.30 13.30 13.30 9.89 9.93 9.93 9.93 9.93 10.09 13.92 16.96 13.34 10.24 10.39 13.92 13.77 9.13 8.98 8.98 8.98 8.99 8.99 11.24 9.96 8.94
12.53 12.53 12.55 12.55 12.55 12.55 15.02 13.06 12.57 12.57 13.03 13.03 13.03 15.66 15.60 15.60 13.72 18.46 17.20 17.20 17.20 17.79 17.79 19.33 18.13 18.03 18.93 16.16 18.93 18.93 18.93 19.58 19.58 22.56 18.60 19.07 13.41 14.27 20.75 20.01 18.24 17.71 17.40 17.40 16.76 17.40 18.95 17.14 17.96 21.52 21.53 17.34 16.04 16.04 16.22 13.27 17.76 17.08 14.00 14.00 14.00 13.30 9.93 9.93 9.93 9.93 10.09 10.40 13.34 16.97 16.97 17.12 13.49 15.15 9.13 8.98 10.84 8.98 8.99 9.08 8.99 8.99 8.94
12.53 12.53 12.55 12.55 12.55 12.55 12.57 12.67 12.57 12.57 13.03 13.03 15.66 13.03 12.98 12.98 12.98 16.93 17.20 16.86 17.20 17.83 17.79 17.79 17.83 17.83 18.93 16.16 18.20 18.00 18.78 18.80 18.78 18.78 18.30 17.57 13.41 16.90 17.19 20.82 18.93 17.71 17.56 18.42 16.76 19.74 16.99 16.99 16.84 17.96 21.53 20.97 21.69 17.07 4.32 16.87 16.22 16.22 14.57 13.69 13.54 13.30 9.94 9.94 9.94 9.94 9.98 10.19 16.06 13.19 13.49 12.73 10.27 10.09 10.14 10.14 8.98 8.98 9.08 8.99 8.99 9.96 8.94
12.58 12.58 12.64 12.64 12.64 12.64 12.66 12.66 12.66 12.66 13.10 15.76 15.76 13.10 13.01 13.01 15.64 15.64 12.93 16.85 17.20 17.79 17.79 17.83 17.83 17.79 18.93 18.78 18.34 17.60 17.98 13.15 13.15 18.76 18.23 17.51 17.51 16.72 16.68 20.15 19.41 18.83 18.95 16.98 16.83 16.83 17.07 17.07 17.07 17.07 18.14 17.15 18.82 21.85 20.48 18.48 16.30 17.21 13.79 10.38 12.16 10.07 9.96 9.96 10.16 10.16 10.34 16.97 3.24 13.34 14.90 10.53 10.10 9.95 8.94 8.94 10.25 10.18 8.97 8.97 8.97 8.97 8.99
12.58 12.58 12.64 12.64 12.64 12.64 12.66 13.15 12.66 12.66 13.10 13.10 13.10 13.10 13.01 13.01 13.01 13.01 15.52 17.81 17.46 17.85 17.79 17.83 17.83 17.83 18.93 18.78 18.78 18.34 17.98 18.50 13.15 19.42 17.95 17.95 17.51 17.51 16.68 17.15 22.31 18.68 17.64 16.83 16.83 16.83 17.07 17.07 17.07 17.07 18.29 17.30 17.15 17.98 21.01 20.33 19.47 18.21 12.89 14.08 10.38 13.34 10.23 10.08 13.49 12.89 13.34 7.51 3.39 13.26 16.05 12.41 13.26 11.00 8.94 8.94 8.94 8.94 12.67 8.97 8.97 8.97 8.99
12.58 12.58 12.64 12.64 12.64 12.64 12.66 12.66 12.66 12.66 13.10 13.10 13.10 13.10 13.01 13.01 13.01 13.01 13.63 16.85 16.85 17.20 17.79 17.79 17.83 17.95 18.93 17.78 17.78 17.60 18.76 18.76 18.76 19.11 17.95 18.14 17.95 18.73 16.09 19.56 18.83 18.68 16.83 16.83 16.83 16.83 17.07 17.07 17.75 17.07 17.30 18.29 18.14 17.98 17.94 16.91 17.38 15.42 19.61 17.55 13.11 13.49 13.34 13.34 13.49 13.34 16.82 12.43 12.59 12.59 14.21 13.34 12.35 12.18 9.11 10.10 8.94 8.94 8.97 8.97 8.97 8.97 11.45
13.07 12.58 12.64 12.64 12.64 12.64 12.66 12.66 12.66 12.66 13.10 13.10 13.10 13.10 13.01 13.01 13.01 13.01 12.93 17.20 17.79 17.83 17.79 17.17 17.17 13.13 17.19 18.00 17.60 17.60 17.56 17.56 17.56 18.29 17.51 17.51 18.60 18.73 13.32 18.83 18.66 18.13 16.83 16.83 16.83 16.83 17.07 17.07 17.38 17.68 17.87 18.44 18.67 17.15 17.43 18.52 18.37 14.97 13.77 13.19 16.82 16.82 13.34 13.49 13.49 12.74 17.40 13.19 13.19 12.74 13.64 13.34 15.66 10.08 9.11 8.94 8.94 8.94 8.97 8.97 8.97 8.97 8.99
12.62 12.62 12.69 12.69 12.69 12.69 12.67 13.16 12.67 12.67 13.08 13.08 13.08 13.08 12.99 12.99 12.99 12.99 15.83 15.64 17.83 15.64 17.62 12.91 12.91 13.14 13.71 13.71 17.66 17.66 17.61 17.61 17.61 17.61 19.42 18.58 18.58 18.23 17.51 21.91 18.96 18.23 17.00 17.00 17.00 17.00 17.14 17.41 17.14 17.71 6.07 6.05 18.06 17.22 18.67 18.67 18.37 17.15 13.62 13.19 13.34 13.34 16.52 16.67 13.04 13.19 17.70 4.53 15.05 13.49 15.29 13.62 13.19 10.61 10.74 8.91 8.91 8.91 9.00 9.00 9.00 9.98 8.94
12.62 12.62 12.69 13.18 12.69 12.69 12.67 12.67 15.16 12.67 13.08 13.08 13.08 12.66 12.99 12.99 12.99 12.99 15.50 15.83 15.83 15.64 15.83 12.91 12.91 12.91 13.47 13.47 17.66 17.66 17.61 17.61 17.61 17.61 17.51 17.51 18.73 17.51 17.51 18.23 18.73 17.51 17.00 17.00 17.00 17.00 17.14 17.41 17.41 18.22 18.37 18.52 17.34 18.37 18.37 17.34 18.37 18.48 14.76 13.98 13.64 13.79 4.64 4.94 16.97 16.82 17.54 13.79 12.74 13.19 13.19 13.19 10.06 9.90 10.07 8.91 8.91 8.91 9.00 9.00 9.00 9.00 8.94
11.90 11.90 11.96 11.96 11.96 11.96 11.94 12.92 12.57 12.82 12.11 12.11 13.37 12.54 12.02 12.02 12.02 12.02 11.94 14.14 12.04 14.14 11.95 11.95 11.95 11.95 12.19 12.19 12.19 12.19 15.66 15.66 15.66 15.66 15.56 15.56 15.56 15.56 15.56 15.56 16.03 15.56 15.21 15.21 15.66 15.66 15.45 16.20 16.13 18.26 17.68 16.25 15.56 15.57 16.06 15.98 16.05 14.98 13.49 12.10 12.56 11.95 12.10 4.76 12.40 11.79 13.26 14.97 12.10 12.25 11.20 11.20 9.32 9.18 8.58 8.58 8.58 8.58 8.54 8.54 8.54 8.54 8.60
11.90 11.90 11.96 11.96 11.96 11.96 11.94 11.94 11.94 11.94 12.11 12.11 12.11 12.11 12.46 12.46 12.46 12.44 11.94 11.94 11.94 11.94 11.95 11.95 11.95 11.95 12.19 12.19 12.19 12.19 12.16 12.16 15.66 15.66 15.56 15.56 15.56 15.56 15.56 15.56 15.56 15.56 15.21 15.21 15.21 16.16 16.20 16.05 16.20 17.01 15.41 15.29 15.44 15.56 15.57 15.57 13.69 14.98 13.46 13.46 12.25 12.25 12.10 12.55 11.95 12.10 11.49 14.97 12.61 12.25 11.20 9.39 9.18 9.18 8.58 8.58 8.58 8.58 8.54 8.54 8.54 8.76 8.60
11.93 11.93 11.94 11.94 12.56 12.35 11.85 16.53 11.85 11.85 12.02 12.02 12.02 12.02 11.97 11.97 11.97 11.97 11.94 11.94 11.94 11.94 11.97 11.97 11.97 11.97 12.25 12.25 12.25 12.25 12.22 12.22 12.22 15.75 15.62 15.62 15.62 15.62 15.67 15.67 15.67 16.15 15.24 15.24 15.24 15.54 16.01 16.05 16.61 16.01 15.65 15.20 15.36 15.36 15.29 15.29 13.68 14.98 13.46 13.49 12.45 12.61 11.95 11.61 11.33 11.31 15.58 12.25 12.25 12.45 11.18 11.33 9.31 9.16 8.61 8.61 8.61 8.61 8.59 8.59 8.72 8.72 9.99
11.93 11.93 11.94 11.94 11.94 11.94 11.85 11.85 13.51 11.85 12.02 12.02 12.02 12.02 11.97 11.97 11.97 11.97 11.94 11.94 15.49 14.14 11.97 11.97 11.97 11.97 12.25 12.25 12.25 12.25 12.22 12.22 12.22 15.75 15.62 15.62 15.62 15.62 15.67 15.67 15.67 16.55 15.24 15.69 15.24 15.54 16.01 16.90 15.67 15.22 15.65 16.09 15.20 15.36 5.13 15.03 13.83 14.95 13.49 13.46 12.61 11.64 11.64 11.34 12.10 12.25 15.88 12.25 12.25 11.23 11.18 9.16 9.16 9.38 8.76 8.61 9.80 8.61 8.59 8.72 9.16 10.16 10.19
11.93 11.93 11.94 12.55 11.94 11.94 11.85 11.85 13.51 11.85 12.02 12.02 14.24 14.50 14.47 14.17 14.17 14.17 11.94 12.17 14.45 11.94 11.97 11.97 11.97 11.97 12.25 12.25 12.25 12.25 12.22 12.22 12.22 12.22 15.62 15.62 15.62 15.62 15.67 15.67 15.67 15.67 15.24 15.24 15.69 16.58 15.53 15.22 15.22 16.10 11.30 16.09 16.09 15.36 15.75 15.48 4.89 13.68 12.46 13.49 11.80 11.64 12.42 11.34 12.76 15.27 15.73 12.25 9.41 9.20 11.30 12.11 9.16 9.47 9.25 8.73 8.61 8.61 8.59 9.13 8.59 8.59 8.63
11.93 11.93 11.94 11.94 11.94 11.94 11.85 11.85 11.85 11.85 12.02 12.02 14.24 12.20 14.47 14.17 14.17 11.97 15.35 15.01 11.94 11.94 11.97 11.97 11.97 11.97 12.25 12.25 12.25 12.25 12.22 12.68 12.22 12.22 12.14 15.62 16.97 15.62 15.67 15.67 15.67 15.67 15.24 15.24 15.24 15.54 16.79 15.22 17.68 16.10 11.30 16.61 15.20 15.36 15.03 4.25 14.58 14.43 12.46 12.45 12.10 11.37 11.33 11.23 3.55 15.42 12.45 12.10 9.26 10.61 9.31 11.09 7.67 12.45 8.61 9.15 8.61 8.61 8.67 8.59 8.59 8.59 8.63
11.91 12.34 11.89 11.89 12.32 11.89 11.80 11.80 11.80 11.80 11.97 11.97 14.47 16.19 11.95 14.15 14.15 14.15 15.64 15.01 12.32 11.95 11.98 11.98 11.98 12.64 12.27 12.27 12.27 12.27 12.69 12.24 12.24 12.24 12.21 15.73 15.73 15.73 15.75 15.75 15.75 15.75 15.19 15.63 15.19 15.19 15.15 15.15 16.63 16.61 11.30 16.61 15.22 15.37 16.28 15.28 13.69 14.43 11.32 12.45 12.45 12.45 12.40 11.64 3.00 6.78 12.40 12.40 11.34 12.10 9.29 9.30 12.25 12.25 8.70 8.63 8.63 10.08 19.82 8.73 8.73 8.75 8.67
11.91 11.91 11.89 11.89 11.89 11.89 11.80 11.80 11.80 11.80 11.97 11.97 16.56 16.19 15.37 15.80 17.11 14.15 14.45 14.60 12.32 11.95 14.19 11.98 11.98 11.98 12.27 12.27 12.27 12.27 12.24 12.24 12.24 12.24 12.21 15.73 15.73 15.73 15.75 15.75 15.75 15.75 15.19 16.09 16.09 16.09 15.15 16.55 17.46 11.30 11.30 11.30 16.01 15.22 16.25 14.74 14.98 14.43 11.21 12.10 12.10 12.10 12.61 12.10 3.55 15.12 12.25 12.25 12.10 12.45 13.49 12.10 12.10 12.25 10.87 9.25 8.63 10.34 19.94 23.45 19.58 10.63 8.74
11.91 12.34 11.89 11.89 11.89 11.89 11.80 11.80 11.80 13.45 11.97 15.40 15.40 16.19 16.17 15.37 16.18 15.71 15.37 14.14 14.45 14.45 14.19 11.98 11.98 11.98 12.27 12.27 12.27 12.27 12.24 12.24 12.24 12.24 12.21 12.21 15.73 15.73 15.75 15.75 15.75 15.75 15.19 16.09 11.30 11.30 16.09 16.09 16.09 16.09 11.30 16.61 15.22 15.22 16.21 13.69 14.95 15.13 15.10 11.21 12.10 12.10 11.49 12.61 12.76 15.88 12.10 12.10 12.45 12.10 13.78 12.45 12.10 12.45 10.87 9.25 10.08 11.05 23.61 19.82 22.39 18.76 10.63
11.91 12.34 11.89 11.89 11.89 11.89 11.80 11.80 13.45 11.80 11.97 11.97 15.40 16.19 16.17 15.37 16.79 16.17 15.79 16.17 14.45 14.45 14.19 11.98 11.98 11.98 12.27 12.27 12.27 12.73 12.70 12.24 12.24 12.24 12.21 15.73 15.73 15.73 15.75 15.75 15.75 15.75 15.19 16.09 11.30 11.30 11.30 11.30 11.30 11.30 16.61 15.66 15.66 16.01 15.57 14.98 15.10 13.99 13.12 14.84 11.13 11.49 3.71 11.49 12.45 15.88 12.25 12.76 12.45 12.45 12.45 12.45 12.10 12.10 6.74 9.98 10.08 10.90 22.39 18.76 18.76 22.39 18.76
11.91 11.91 11.93 11.93 11.93 11.93 11.85 11.85 11.85 11.85 11.98 11.98 11.98 15.85 15.76 15.34 15.69 16.80 15.75 16.15 16.15 14.11 14.21 11.99 11.99 11.99 12.77 12.32 12.32 12.78 12.31 12.31 12.31 12.31 12.28 15.85 15.85 15.85 15.82 15.82 15.82 15.82 15.15 16.09 11.30 11.30 11.30 15.61 15.77 15.61 15.24 15.24 15.24 16.02 16.07 14.98 15.10 13.85 12.61 12.10 15.73 12.76 11.80 11.49 14.97 11.49 11.64 12.41 12.91 12.45 12.45 12.45 12.45 12.45 6.74 8.74 10.63 10.87 18.76 18.76 19.15 22.39 18.76
11.91 15.44 11.93 11.93 11.93 11.93 11.85 11.85 13.50 11.85 11.98 11.98 12.36 15.85 16.15 15.69 16.79 14.90 16.15 16.15 16.15 11.93 11.99 11.99 11.99 11.99 12.71 12.32 12.78 12.32 12.31 12.31 12.31 12.31 12.28 15.85 15.85 15.85 15.82 15.82 15.82 15.82 15.15 18.38 11.30 13.88 16.60 15.11 15.26 15.47 15.24 15.24 15.37 15.84 15.44 14.95 15.43 14.60 13.46 13.49 12.10 16.18 15.88 6.78 15.42 12.41 12.25 12.71 12.61 12.10 12.10 12.45 12.45 13.78 10.63 10.63 9.81 9.81 9.81 13.44 22.39 13.44 22.39
11.91 11.91 14.12 11.93 11.93 11.93 11.85 11.85 11.85 11.85 12.42 11.98 11.98 15.85 16.15 15.98 15.98 16.15 16.15 15.75 16.15 11.93 11.99 11.99 11.99 11.99 12.32 12.32 12.32 12.32 12.31 12.31 12.31 12.31 12.28 15.85 15.85 15.85 15.82 15.82 15.82 17.19 15.15 18.38 11.30 11.30 15.11 15.11 15.11 15.11 15.24 15.24 15.54 16.05 14.95 14.95 14.95 14.95 13.64 21.71 21.05 11.64 11.49 12.26 15.88 13.21 12.56 12.71 13.06 12.25 12.25 12.45 12.45 12.10 10.63 10.63 9.81 9.81 10.63 10.63 9.81 9.81 22.54
11.91 11.91 12.08 14.27 11.93 11.93 11.85 11.85 11.85 11.85 12.82 11.98 11.98 15.42 16.15 15.98 18.04 15.98 17.17 16.15 15.33 11.93 11.99 11.99 11.99 11.99 12.32 12.32 12.32 12.32 12.31 12.31 12.31 12.31 15.85 15.85 15.85 15.85 15.82 15.82 17.19 15.82 15.15 15.15 16.61 16.09 15.47 15.11 15.11 15.11 15.24 15.54 15.54 16.05 14.95 14.95 14.95 22.30 21.35 21.35 21.20 12.45 3.40 11.64 7.08 15.42 15.88 15.57 7.48 15.42 15.42 16.08 16.08 14.90 10.09 10.90 10.87 9.81 10.63 9.81 13.83 13.83 15.67
11.94 11.94 12.95 11.96 11.96 11.96 11.86 12.47 11.86 12.31 11.95 14.15 14.15 13.82 15.98 13.82 15.98 13.82 13.82 16.13 15.30 11.91 12.02 12.02 12.02 12.02 15.96 12.36 12.36 12.36 12.38 12.38 16.00 16.00 16.00 16.00 16.00 16.00 15.90 15.90 15.90 15.90 15.09 15.09 15.09 15.53 15.06 15.06 15.06 15.49 16.03 15.85 16.05 16.05 14.95 14.98 14.98 22.30 25.03 24.83 24.83 16.23 14.97 15.12 15.27 15.27 12.25 12.56 12.25 12.41 12.61 12.45 12.45 12.45 9.81 9.81 10.87 9.81 10.63 10.63 10.63 9.81 15.21
11.94 11.98 11.96 13.38 12.40 11.96 11.86 11.86 11.86 12.94 11.95 11.95 11.95 16.79 15.98 15.98 16.78 16.78 15.90 16.13 15.72 11.91 12.02 12.02 12.02 15.48 15.96 17.35 12.36 12.36 16.00 16.00 16.00 16.00 16.00 16.00 16.00 16.00 15.90 15.90 15.90 15.90 15.09 15.09 15.09 15.09 15.06 15.06 15.06 15.49 16.03 15.85 16.05 16.05 14.95 14.95 22.30 26.38 24.83 24.37 21.05 11.64 11.49 11.80 16.49 15.27 11.95 12.41 12.10 12.10 12.45 12.45 12.10 12.10 10.87 9.81 9.81 9.81 10.63 10.78 10.78 9.81 22.54
12.19 12.69 12.69 12.37 12.32 12.32 12.56 12.05 12.05 13.44 11.88 11.88 14.03 14.49 14.76 14.76 14.03 14.09 14.11 14.11 14.05 11.83 11.96 11.96 11.96 14.29 14.38 14.38 12.05 12.05 14.41 17.26 14.41 14.41 14.42 14.42 14.42 14.42 14.32 14.32 14.32 14.79 13.59 13.45 13.45 13.45 13.42 13.42 13.42 13.80 13.34 13.34 13.34 13.16 20.00 20.00 23.63 24.05 23.02 20.02 19.48 11.03 10.77 11.08 14.70 13.92 13.92 11.63 10.92 10.77 10.77 10.77 10.77 10.77 9.83 10.01 9.83 9.98 9.47 9.62 9.47 17.95 21.58
