New_Model_Runs/15_Future_RCP8.5_Scn2_out/post_prcessed_with_MFR/Monthly_summaries/net_infiltration_monthly_MAR.asc
NCOLS 700
NROWS 400
XLLCENTER 515000.000000
YLLCENTER 8409000.000000
CELLSIZE 50.000000
NODATA_value -999.000000
[rows 148 to 184 of 400, columns 336 to 419 of 700]
7.50 7.60 7.60 7.60 7.41 7.41 7.41 7.11 7.08 7.08 7.08 7.08 7.05 7.05 7.05 7.39 6.95 7.71 6.95 6.95 6.95 6.95 6.95 6.95 7.07 7.07 10.70 12.24 12.19 9.49 1.76 5.46 9.95 3.63 0.00 0.00 0.00 5.35 5.35 5.35 5.35 5.35 5.19 5.19 12.11 12.46 10.50 6.11 10.38 6.20 5.40 5.91 6.24 0.00 0.00 0.00 0.00 0.00 0.00 0.00 0.00 0.00 0.00 0.00 0.00 0.00 0.00 0.00 0.00 0.00 0.00 0.00 0.00 0.00 0.00 0.00 0.00 0.00 0.00 0.00 0.00 0.00 0.00 0.00
7.84 7.50 7.50 7.50 7.41 7.41 7.41 7.41 7.08 7.08 7.08 7.86 7.05 7.05 7.05 7.05 6.95 6.95 6.95 6.95 6.95 6.95 6.95 6.95 7.07 7.55 7.07 11.01 11.10 5.69 5.72 5.39 5.35 5.51 5.51 5.35 5.35 5.35 1.88 7.90 11.53 10.74 10.74 9.99 9.99 10.12 10.64 10.64 6.20 5.14 5.91 0.00 0.00 0.00 0.00 0.00 0.00 0.00 0.00 0.00 0.00 0.00 0.00 0.00 0.00 0.00 0.00 0.00 0.00 0.00 0.00 0.00 0.00 0.00 0.00 0.00 0.00 0.00 0.00 0.00 0.00 0.00 0.00 0.00
6.95 7.75 7.50 7.50 7.41 7.41 7.41 7.41 7.08 7.08 7.08 7.08 7.05 7.05 7.05 7.05 6.95 8.36 6.95 6.95 6.95 6.95 6.95 6.95 7.55 7.55 10.70 11.01 5.57 2.36 6.14 5.39 5.35 5.35 1.88 5.35 1.73 1.73 2.62 10.71 11.11 6.97 10.75 10.64 9.23 6.36 6.51 5.19 5.14 5.55 1.92 0.00 0.00 0.00 0.00 0.00 0.00 0.00 0.00 0.00 0.00 0.00 0.00 0.00 0.00 0.00 0.00 0.00 0.00 0.00 0.00 0.00 0.00 0.00 0.00 0.00 0.00 0.00 0.00 0.00 0.00 0.00 0.00 0.00
7.11 8.52 7.65 7.50 7.41 7.47 7.56 7.41 7.38 7.08 7.08 7.08 7.05 7.05 7.05 7.05 6.95 6.95 6.95 6.95 7.41 6.95 6.95 6.95 7.07 11.18 11.51 1.76 5.87 6.18 2.21 5.84 5.35 5.35 10.21 10.36 1.73 11.53 11.37 7.19 6.82 7.18 11.45 11.45 10.43 4.39 5.10 5.21 5.14 0.00 0.00 0.00 0.00 0.00 0.00 0.00 0.00 0.00 0.00 0.00 0.00 0.00 0.00 0.00 0.00 0.00 0.00 0.00 0.00 0.00 0.00 0.00 0.00 0.00 0.00 0.00 0.00 0.00 0.00 0.00 0.00 0.00 0.00 0.00
7.58 9.21 8.40 7.50 7.46 7.51 7.58 7.58 7.55 7.40 7.10 7.10 7.74 7.74 6.98 6.98 6.91 6.91 7.66 6.91 7.04 7.04 7.04 7.04 7.14 10.77 5.57 5.57 5.87 5.69 5.99 5.72 5.35 5.35 5.51 6.48 6.33 13.73 7.28 7.20 7.30 11.42 11.16 10.26 10.26 8.02 1.73 1.58 5.21 0.00 0.00 0.00 0.00 0.00 0.00 0.00 0.00 0.00 0.00 0.00 0.00 0.00 0.00 0.00 0.00 0.00 0.00 0.00 0.00 0.00 0.00 0.00 0.00 0.00 0.00 0.00 0.00 0.00 0.00 0.00 0.00 0.00 0.00 0.00
7.11 10.00 10.48 7.75 7.89 7.88 7.37 8.20 8.28 7.40 7.40 7.10 6.98 6.98 6.98 6.98 6.91 6.91 6.91 6.91 7.04 7.04 7.04 7.04 7.14 8.56 12.19 12.19 5.57 10.75 5.87 5.57 10.10 10.64 9.95 9.95 10.74 8.09 7.85 7.20 7.15 11.03 9.15 5.95 9.58 1.58 1.73 1.73 5.21 0.00 0.00 0.00 0.00 0.00 0.00 0.00 0.00 0.00 0.00 0.00 0.00 0.00 0.00 0.00 0.00 0.00 0.00 0.00 0.00 0.00 0.00 0.00 0.00 0.00 0.00 0.00 0.00 0.00 0.00 0.00 0.00 0.00 0.00 0.00
8.25 7.95 7.80 6.49 8.00 9.60 7.46 7.46 7.40 7.40 7.40 7.10 6.98 6.98 6.98 7.72 6.91 6.91 6.91 6.91 7.04 7.04 7.04 7.04 12.19 12.19 12.19 13.68 12.21 10.11 10.11 10.11 5.68 10.26 9.73 10.18 6.86 11.27 7.55 7.28 7.15 12.12 11.01 5.95 5.56 6.10 6.27 6.27 5.21 6.03 0.00 0.00 0.00 0.00 0.00 0.00 0.00 0.00 0.00 0.00 0.00 0.00 0.00 0.00 0.00 0.00 0.00 0.00 0.00 0.00 0.00 0.00 0.00 0.00 0.00 0.00 0.00 0.00 0.00 0.00 0.00 0.00 0.00 0.00
7.65 7.38 7.95 7.38 7.58 7.58 8.32 7.46 7.40 7.40 7.40 7.40 8.60 6.98 6.98 6.98 6.91 6.91 6.91 6.91 7.04 7.04 7.04 7.04 10.77 7.14 7.14 7.30 8.70 11.40 5.87 6.09 9.58 9.58 9.58 11.31 11.31 7.58 7.83 7.20 7.25 11.01 5.41 5.95 5.36 1.73 6.27 6.27 5.21 9.39 0.00 0.00 0.00 0.00 0.00 0.00 0.00 0.00 0.00 0.00 0.00 0.00 0.00 0.00 0.00 0.00 0.00 0.00 0.00 0.00 0.00 0.00 0.00 0.00 0.00 0.00 0.00 0.00 0.00 0.00 0.00 0.00 0.00 0.00
7.62 7.38 7.87 7.59 7.45 7.45 7.45 7.45 7.39 7.39 7.39 7.39 8.96 7.72 6.96 6.96 6.93 6.93 6.93 6.93 7.03 7.03 7.03 10.66 7.07 7.07 7.07 7.07 7.62 9.10 12.84 6.09 6.47 9.58 9.58 6.80 7.36 7.13 7.13 7.13 10.43 7.38 5.21 7.04 9.58 5.21 5.95 1.79 1.73 5.37 0.15 0.00 0.00 0.00 0.00 0.00 0.00 0.00 0.00 0.00 0.00 0.00 0.00 0.00 0.00 0.00 0.00 0.00 0.00 0.00 0.00 0.00 0.00 0.00 0.00 0.00 0.00 0.00 0.00 0.00 0.00 0.00 0.00 0.00
7.59 7.36 7.47 7.59 7.45 7.45 7.45 7.45 7.39 7.75 7.39 7.39 7.25 7.25 6.96 6.96 6.93 6.93 6.93 6.93 7.78 7.03 7.03 10.66 7.07 7.07 7.45 7.61 7.62 7.48 11.34 9.87 9.58 10.58 7.57 7.41 7.13 7.13 7.13 7.13 7.29 6.63 10.67 5.41 5.41 5.21 1.58 5.95 1.73 5.37 1.25 0.00 0.00 0.00 0.00 0.00 0.00 0.00 0.00 0.00 0.00 0.00 0.00 0.00 0.00 0.00 0.00 0.00 0.00 0.00 0.00 0.00 0.00 0.00 0.00 0.00 0.00 0.00 0.00 0.00 0.00 0.00 0.00 0.00
7.47 7.36 7.47 7.47 7.45 7.45 7.45 7.58 7.55 7.39 7.95 7.95 7.97 7.25 6.96 6.96 6.93 6.93 6.93 7.68 7.03 7.03 10.66 7.41 7.45 7.45 7.45 7.45 7.48 7.48 11.17 7.69 7.31 7.31 7.23 7.31 7.13 7.13 7.13 7.13 7.21 7.21 5.41 5.21 9.58 9.58 1.58 1.73 1.74 5.37 9.69 0.00 0.00 0.00 0.00 0.00 0.00 0.00 0.00 0.00 0.00 0.00 0.00 0.00 0.00 0.00 0.00 0.00 0.00 0.00 0.00 0.00 0.00 0.00 0.00 0.00 0.00 0.00 0.00 0.00 0.00 0.00 0.00 0.00
7.47 7.47 8.31 7.47 7.45 7.45 7.58 7.58 7.55 7.39 7.39 7.39 7.25 7.25 7.25 6.96 6.93 6.93 6.93 6.93 7.03 11.40 11.04 7.41 7.45 7.81 7.45 7.45 7.48 7.48 7.62 7.81 7.23 7.23 7.23 7.23 7.13 7.13 7.13 7.13 7.21 7.29 5.41 9.58 9.58 9.58 5.21 5.21 5.52 5.67 5.37 0.00 0.00 0.00 0.00 0.00 0.00 0.00 0.00 0.00 0.00 0.00 0.00 0.00 0.00 0.00 0.00 0.00 0.00 0.00 0.00 0.00 0.00 0.00 0.00 0.00 0.00 0.00 0.00 0.00 0.00 0.00 0.00 0.00
7.43 8.18 7.56 7.43 7.43 7.43 7.57 7.57 7.37 7.37 7.37 7.37 7.22 7.22 7.22 7.22 6.89 6.89 7.26 7.26 7.33 10.96 7.33 7.33 7.35 7.35 7.35 7.35 7.35 7.72 7.35 7.35 7.13 7.13 7.13 7.46 7.15 7.15 7.15 7.15 7.22 10.85 5.52 7.38 11.31 6.25 7.68 9.58 8.15 7.61 5.83 5.58 0.00 0.00 0.00 0.00 0.00 0.00 0.00 0.00 0.00 0.00 0.00 0.00 0.00 0.00 0.00 0.00 0.00 0.00 0.00 0.00 0.00 0.00 0.00 0.00 0.00 0.00 0.00 0.00 0.00 0.00 0.00 0.00
7.43 7.47 7.47 7.43 7.43 7.43 7.57 7.57 7.54 7.37 7.37 4.98 7.22 7.22 7.22 7.22 7.26 7.26 7.26 7.26 10.96 7.33 7.33 7.33 7.35 8.11 7.35 7.35 7.35 8.11 7.35 7.35 7.13 7.13 7.53 7.53 7.15 7.15 7.15 7.15 7.75 7.41 7.81 6.80 6.95 8.14 7.99 7.28 6.68 7.51 10.91 10.15 5.52 5.52 5.50 5.21 0.00 0.00 0.00 0.00 0.00 0.00 0.00 0.00 0.00 0.00 0.00 0.00 0.00 0.00 0.00 0.00 0.00 0.00 0.00 0.00 0.00 0.00 0.00 0.00 0.00 0.00 0.00 0.00
8.64 8.88 8.64 8.49 8.49 8.49 8.49 8.29 8.60 8.43 8.43 8.43 8.27 8.27 8.27 8.27 7.92 8.31 7.92 7.92 7.98 7.98 7.98 7.98 8.00 8.40 8.00 8.00 8.40 8.00 9.26 8.00 7.43 7.43 7.43 7.43 7.45 7.89 7.89 7.83 7.53 7.53 7.53 7.98 7.59 7.51 7.51 7.51 7.00 7.09 6.91 9.95 9.65 5.62 2.04 5.17 5.17 6.41 6.30 3.63 0.00 0.00 0.00 0.00 0.00 0.00 0.00 0.00 0.00 0.00 0.00 0.00 0.00 0.00 0.00 0.00 0.00 0.00 0.00 0.00 0.00 0.00 0.00 0.00
8.64 8.74 8.74 8.64 8.49 8.49 8.49 8.49 8.43 8.43 8.43 8.43 8.07 8.27 8.27 8.27 7.92 7.92 7.92 7.92 7.98 7.98 7.98 7.98 8.00 8.00 8.00 8.00 8.00 8.00 8.39 8.00 7.43 7.43 7.43 7.43 7.45 7.45 7.84 7.45 7.53 7.53 7.53 7.53 7.51 7.51 7.51 7.51 7.00 7.00 7.15 9.94 11.82 6.01 5.62 5.62 6.60 8.16 8.16 6.23 8.92 0.00 0.00 0.00 0.00 0.00 0.00 0.00 0.00 0.00 0.00 0.00 0.00 0.00 0.00 0.00 0.00 0.00 0.00 0.00 0.00 0.00 0.00 0.00
8.44 8.59 8.55 8.59 8.37 8.37 8.37 8.37 8.06 8.27 8.27 8.06 8.20 8.20 8.20 7.92 7.96 7.96 7.96 7.96 8.01 8.01 8.01 8.01 8.00 8.00 8.00 8.00 7.98 7.98 7.98 7.98 7.46 7.46 7.46 7.46 7.48 7.48 7.48 7.48 7.46 7.46 7.46 7.46 7.44 7.77 7.44 7.44 6.99 6.99 7.08 7.14 10.42 6.01 2.00 6.91 8.38 6.91 6.91 7.21 6.22 10.52 6.58 3.63 0.00 0.00 0.00 0.00 0.00 0.00 0.00 0.00 0.00 0.00 0.00 0.00 0.00 0.00 0.00 0.00 0.00 0.00 0.00 0.00
8.44 8.44 8.44 8.44 8.37 8.37 8.37 8.37 8.27 8.27 8.27 8.27 8.20 8.20 8.20 7.92 7.96 7.96 7.96 7.96 8.01 8.01 8.01 8.01 8.00 8.00 8.00 8.00 7.98 7.98 7.98 7.98 7.46 7.89 7.46 7.46 7.48 7.48 7.48 7.48 7.46 7.46 7.46 7.46 7.44 7.82 7.44 7.44 6.99 7.08 6.61 6.79 6.79 5.17 5.50 8.33 6.91 6.91 6.91 6.91 7.04 10.52 6.89 10.52 0.00 0.00 0.00 0.00 0.00 0.00 0.00 0.00 0.00 0.00 0.00 0.00 0.00 0.00 0.00 0.00 0.00 0.00 0.00 0.00
8.24 8.44 8.44 8.24 8.37 8.37 8.37 8.37 8.27 8.27 8.27 8.27 8.20 8.20 8.20 7.92 7.96 7.96 7.96 7.96 8.01 8.01 8.01 8.01 8.00 8.00 8.00 8.00 7.98 7.98 7.98 7.98 7.46 7.46 7.46 7.46 7.48 7.48 7.48 7.48 7.46 7.46 7.46 7.46 7.44 7.44 7.44 7.44 6.99 7.21 6.42 6.42 7.14 7.29 7.29 8.29 6.91 6.91 6.91 6.91 6.89 10.67 7.04 6.89 0.00 0.00 0.00 0.00 0.00 0.00 0.00 0.00 0.00 0.00 0.00 0.00 0.00 0.00 0.00 0.00 0.00 0.00 0.00 0.00
8.44 8.44 8.44 8.44 8.37 8.15 8.37 8.37 8.27 8.27 8.27 8.27 8.20 8.20 7.92 7.92 7.96 7.96 7.96 7.96 8.01 8.01 8.01 8.01 8.00 8.00 8.00 8.00 7.98 7.98 7.98 7.98 7.46 7.46 7.46 7.46 7.48 7.48 7.48 7.48 7.90 7.90 7.46 7.46 7.44 7.44 7.44 7.44 7.08 7.45 7.59 7.21 8.29 8.59 8.59 8.29 6.91 6.91 7.21 7.17 7.46 7.98 7.16 10.52 0.00 0.00 0.00 0.00 0.00 0.00 0.00 0.00 0.00 0.00 0.00 0.00 0.00 0.00 0.00 0.00 0.00 0.00 0.00 0.00
8.37 8.37 8.37 8.37 8.24 8.24 8.03 8.24 8.26 8.26 8.26 8.26 8.37 8.37 8.09 8.09 8.08 8.08 8.08 8.08 8.08 8.08 8.08 8.46 8.08 8.08 8.08 8.08 8.09 8.09 8.09 8.09 7.57 7.57 7.57 7.57 7.56 7.56 7.56 7.56 8.52 8.06 8.10 7.52 7.49 7.92 7.49 7.49 6.97 8.23 7.32 6.97 6.94 6.94 6.94 6.94 6.91 6.91 7.21 7.06 7.78 6.37 0.00 0.00 0.00 0.00 0.00 0.00 0.00 0.00 0.00 0.00 0.00 0.00 0.00 0.00 0.00 0.00 0.00 0.00 0.00 0.00 0.00 0.00
8.37 8.37 8.37 8.37 8.24 8.24 8.24 8.24 8.26 8.26 8.26 8.26 8.37 8.37 8.09 8.09 8.08 8.08 8.08 8.08 8.08 8.08 8.08 8.08 8.08 8.08 8.08 8.08 8.09 8.09 8.09 8.09 7.57 7.57 7.57 7.57 7.56 7.56 7.56 7.56 7.53 7.96 8.10 7.52 7.49 7.92 7.49 7.49 6.97 6.97 6.97 6.97 6.94 6.94 6.94 7.05 7.02 7.02 7.37 7.37 0.00 0.00 0.00 0.00 0.00 0.00 0.00 0.00 0.00 0.00 0.00 0.00 0.00 0.00 0.00 0.00 0.00 0.00 0.00 0.00 0.00 0.00 0.00 0.00
8.37 8.37 8.37 8.37 8.24 8.24 8.24 8.24 8.26 8.26 8.26 8.26 8.37 8.09 8.09 8.09 8.08 8.08 8.08 8.08 8.08 8.08 8.08 8.08 8.08 8.08 8.08 9.56 9.16 8.09 8.09 8.09 7.57 7.57 7.57 7.57 7.56 7.56 8.02 8.32 7.53 8.10 7.52 7.52 7.64 7.49 7.49 7.49 6.97 6.97 6.97 6.97 6.94 7.05 7.40 7.55 7.17 6.91 6.91 11.56 0.00 0.00 0.00 0.00 0.00 0.00 0.00 0.00 0.00 0.00 0.00 0.00 0.00 0.00 0.00 0.00 0.00 0.00 0.00 0.00 0.00 0.00 0.00 0.00
8.37 8.37 8.37 8.37 8.24 8.24 8.24 8.24 8.26 8.26 8.26 8.26 8.37 8.09 8.09 8.09 8.08 8.48 8.48 9.35 8.08 8.08 8.08 8.08 8.08 8.08 8.08 8.60 8.61 8.09 8.09 8.09 7.57 7.57 7.57 7.57 7.56 7.56 8.09 8.02 7.52 8.10 7.52 7.67 8.33 7.57 7.49 7.49 6.97 6.97 6.97 6.97 6.94 6.76 5.48 5.78 5.62 5.32 0.00 0.00 0.00 0.00 0.00 0.00 0.00 0.00 0.00 0.00 0.00 0.00 0.00 0.00 0.00 0.00 0.00 0.00 0.00 0.00 0.00 0.00 0.00 0.00 0.00 0.00
9.04 8.28 8.28 8.28 8.30 9.08 8.30 8.30 8.41 8.41 8.41 8.41 8.40 8.12 8.12 9.11 8.43 8.01 8.01 8.40 8.06 8.06 8.46 8.06 8.11 8.11 8.11 8.61 9.56 8.30 10.11 10.11 9.00 7.65 7.65 7.65 7.64 7.64 8.08 7.66 7.60 7.60 7.60 7.75 9.42 9.49 7.70 7.54 7.02 7.22 7.47 7.02 7.45 5.53 6.19 2.93 2.60 0.30 0.00 0.00 0.00 0.00 0.00 0.00 0.00 0.00 0.00 0.00 0.00 0.00 0.00 0.00 0.00 0.00 0.00 0.00 0.00 0.00 0.00 0.00 0.00 0.00 0.00 0.00
8.28 8.28 8.28 8.28 8.30 8.30 8.30 8.30 8.41 8.41 8.41 8.41 8.40 8.12 8.52 8.12 8.01 8.01 8.01 8.01 8.06 8.06 8.06 8.06 8.50 8.51 8.11 8.61 8.61 10.80 10.41 13.74 9.00 9.25 9.15 9.00 7.64 7.64 8.25 7.59 9.07 8.06 7.60 7.60 9.33 9.60 7.54 7.54 7.10 6.61 6.61 7.14 12.27 5.44 2.30 6.33 0.61 0.00 0.00 0.00 0.00 0.00 0.00 0.00 0.00 0.00 0.00 0.00 0.00 0.00 0.00 0.00 0.00 0.00 0.00 0.00 0.00 0.00 0.00 0.00 0.00 0.00 0.00 0.00
8.28 8.28 8.28 8.28 8.30 8.30 8.30 8.30 8.41 8.41 8.41 8.41 8.12 10.14 8.12 8.52 8.01 8.01 8.01 8.01 8.06 8.06 8.06 8.45 8.11 8.11 8.51 8.11 8.15 8.30 8.15 12.05 13.93 9.78 9.00 9.00 8.99 7.64 11.44 10.29 9.99 9.02 7.66 7.60 3.29 9.92 8.87 7.54 7.10 6.61 7.14 10.77 0.00 0.00 0.00 0.00 0.00 0.00 0.00 0.00 0.00 0.00 0.00 0.00 0.00 0.00 0.00 0.00 0.00 0.00 0.00 0.00 0.00 0.00 0.00 0.00 0.00 0.00 0.00 0.00 0.00 0.00 0.00 0.00
8.28 8.28 8.28 8.28 8.30 8.30 8.30 8.30 8.41 8.41 8.41 8.41 8.12 8.49 8.12 8.12 8.75 8.01 8.01 8.01 8.06 8.06 8.45 8.06 8.11 8.11 8.11 8.11 8.15 8.54 8.54 8.20 5.54 6.62 9.42 9.00 6.47 6.47 1.91 10.14 5.64 5.54 6.47 12.57 3.14 6.51 9.92 9.18 7.02 11.84 9.35 0.00 0.00 0.00 0.00 0.00 0.00 0.00 0.00 0.00 0.00 0.00 0.00 0.00 0.00 0.00 0.00 0.00 0.00 0.00 0.00 0.00 0.00 0.00 0.00 0.00 0.00 0.00 0.00 0.00 0.00 0.00 0.00 0.00
8.37 8.37 8.03 8.03 8.42 8.42 8.42 8.42 8.38 8.38 8.38 8.38 7.99 7.99 7.99 7.99 8.33 7.94 7.94 7.94 8.02 8.02 8.02 8.02 8.08 8.08 8.08 8.08 8.14 8.14 8.14 8.14 9.47 6.36 5.69 13.54 7.13 6.36 6.91 9.99 5.46 5.46 5.31 6.47 5.46 10.14 5.69 6.77 5.17 9.35 0.00 0.00 0.00 0.00 0.00 0.00 0.00 0.00 0.00 0.00 0.00 0.00 0.00 0.00 0.00 0.00 0.00 0.00 0.00 0.00 0.00 0.00 0.00 0.00 0.00 0.00 0.00 0.00 0.00 0.00 0.00 0.00 0.00 0.00
8.37 8.37 8.37 8.03 8.03 8.42 8.42 8.42 8.38 8.38 10.70 8.59 8.50 8.50 7.99 7.99 7.94 7.94 7.94 7.94 8.02 8.02 8.53 8.02 8.08 8.08 8.08 8.08 8.14 8.14 8.14 8.14 7.82 9.18 9.47 5.94 7.96 8.10 6.96 10.29 5.46 5.46 5.46 5.46 2.29 6.96 1.83 5.31 9.35 0.00 0.00 0.00 0.00 0.00 0.00 0.00 0.00 0.00 0.00 0.00 0.00 0.00 0.00 0.00 0.00 0.00 0.00 0.00 0.00 0.00 0.00 0.00 0.00 0.00 0.00 0.00 0.00 0.00 0.00 0.00 0.00 0.00 0.00 0.00
9.14 9.14 9.14 9.14 9.19 9.19 8.12 8.12 10.38 9.14 9.14 8.82 8.70 8.70 8.70 8.70 8.75 8.75 8.75 8.75 8.84 8.84 8.84 8.84 8.90 8.90 8.90 8.90 8.96 8.96 8.96 8.96 7.85 8.00 8.10 11.48 8.05 7.98 8.43 9.83 6.89 5.71 5.78 5.86 7.85 7.85 7.75 5.55 0.00 0.00 0.00 0.00 0.00 0.00 0.00 0.00 0.00 0.00 0.00 0.00 0.00 0.00 0.00 0.00 0.00 0.00 0.00 0.00 0.00 0.00 0.00 0.00 0.00 0.00 0.00 0.00 0.00 0.00 0.00 0.00 0.00 0.00 0.00 0.00
9.14 9.14 9.14 8.12 8.12 8.12 8.12 8.12 8.12 8.12 9.14 8.82 8.70 8.70 8.70 8.70 8.75 8.75 8.75 8.75 8.84 8.84 8.84 8.84 8.90 8.90 8.90 8.90 8.96 8.96 8.96 8.96 7.85 7.85 7.85 7.85 7.83 7.83 7.83 7.83 8.09 9.62 10.00 2.32 7.54 7.39 5.80 1.16 0.00 0.00 0.00 0.00 0.00 0.00 0.00 0.00 0.00 0.00 0.00 0.00 0.00 0.00 0.00 0.00 0.00 0.00 0.00 0.00 0.00 0.00 0.00 0.00 0.00 0.00 0.00 0.00 0.00 0.00 0.00 0.00 0.00 0.00 0.00 0.00
9.13 8.12 8.12 8.12 8.12 8.94 8.12 8.12 8.12 8.12 8.70 8.80 8.70 8.65 8.65 8.65 8.81 8.81 8.81 8.81 8.85 8.85 8.85 8.85 8.87 8.87 9.30 9.30 8.93 8.93 8.93 8.93 7.78 8.42 7.78 7.78 7.73 7.73 7.73 7.73 7.71 8.54 7.71 7.93 2.32 2.63 7.54 5.80 0.00 0.00 0.00 0.00 0.00 0.00 0.00 0.00 0.00 0.00 0.00 0.00 0.00 0.00 0.00 0.00 0.00 0.00 0.00 0.00 0.00 0.00 0.00 0.00 0.00 0.00 0.00 0.00 0.00 0.00 0.00 0.00 0.00 0.00 0.00 0.00
8.12 8.12 8.12 8.12 8.12 8.12 8.12 8.94 8.12 8.12 8.70 8.70 9.51 8.65 8.65 8.65 8.81 8.81 8.81 8.81 8.85 8.85 8.85 8.85 8.87 8.87 9.30 8.87 8.93 8.93 8.93 9.76 7.88 7.78 7.78 7.78 7.73 7.73 7.73 7.73 7.71 7.71 8.39 7.71 8.42 8.24 8.39 8.57 11.85 5.26 6.18 0.00 0.00 0.00 0.00 0.00 0.00 0.00 0.00 0.00 0.00 0.00 0.00 0.00 0.00 0.00 0.00 0.00 0.00 0.00 0.00 0.00 0.00 0.00 0.00 0.00 0.00 0.00 0.00 0.00 0.00 0.00 0.00 0.00
8.12 8.12 8.12 8.12 8.12 8.12 8.12 8.12 8.12 8.12 8.70 8.60 8.65 8.65 8.65 8.65 8.81 8.81 8.81 8.81 8.85 8.85 8.85 8.85 8.87 8.87 8.87 8.87 8.93 8.93 9.35 8.93 7.88 7.78 8.42 7.78 7.73 7.73 8.58 7.73 7.71 7.71 7.71 7.71 7.71 7.71 7.71 7.71 7.65 5.26 5.26 6.18 6.18 0.00 0.00 0.00 0.00 0.00 0.00 0.00 0.00 0.00 0.00 0.00 0.00 0.00 0.00 0.00 0.00 0.00 0.00 0.00 0.00 0.00 0.00 0.00 0.00 0.00 0.00 0.00 0.00 0.00 0.00 0.00
8.12 8.12 8.12 8.12 8.12 8.12 8.12 8.94 8.12 8.12 8.70 8.60 8.65 8.65 8.65 8.65 8.81 8.81 8.81 8.81 8.85 8.85 8.85 8.85 8.87 8.87 8.87 8.87 8.93 8.93 8.93 8.93 7.78 7.78 7.78 7.78 7.73 7.73 8.36 7.73 7.71 7.71 7.71 7.71 7.71 7.71 8.38 7.71 7.19 7.11 5.26 5.26 9.81 6.18 0.00 0.00 0.00 0.00 0.00 0.00 0.00 0.00 0.00 0.00 0.00 0.00 0.00 0.00 0.00 0.00 0.00 0.00 0.00 0.00 0.00 0.00 0.00 0.00 0.00 0.00 0.00 0.00 0.00 0.00
8.12 8.12 8.12 8.94 8.12 8.12 8.12 8.12 8.12 8.70 8.63 9.04 8.74 8.74 8.74 8.74 8.85 8.85 8.85 8.85 8.86 9.92 9.28 9.28 9.30 10.87 8.87 8.87 8.87 8.87 9.29 9.29 8.37 7.69 7.69 7.69 8.34 7.66 7.66 7.66 7.63 8.30 7.63 7.63 7.63 7.63 7.63 7.63 6.98 7.07 7.42 6.21 5.70 6.29 11.23 11.23 0.00 0.00 0.00 0.00 0.00 0.00 0.00 0.00 0.00 0.00 0.00 0.00 0.00 0.00 0.00 0.00 0.00 0.00 0.00 0.00 0.00 0.00 0.00 0.00 0.00 0.00 0.00 0.00
