New_Model_Runs/15_Future_RCP8.5_Scn2_out/post_prcessed_with_MFR/Monthly_summaries/net_infiltration_monthly_JUN.asc
NCOLS 700
NROWS 400
XLLCENTER 515000.000000
YLLCENTER 8409000.000000
CELLSIZE 50.000000
NODATA_value -999.000000
[rows 76 to 113 of 400, columns 420 to 503 of 700]
0.00 0.00 0.00 0.00 0.00 0.00 0.00 0.00 0.00 0.00 0.00 0.00 0.00 0.00 0.00 0.00 0.00 0.00 0.00 0.00 0.00 0.00 0.00 0.00 0.00 0.00 0.00 0.00 0.00 0.00 0.00 0.00 0.00 0.00 0.00 0.00 0.00 0.00 0.00 0.00 0.00 0.00 0.00 0.00 0.00 0.00 0.00 0.00 0.00 0.00 0.00 0.00 0.00 0.00 0.00 0.00 0.00 0.00 0.00 0.00 0.00 0.00 0.00 0.00 0.00 0.00 0.00 0.00 0.00 0.00 0.00 0.00 0.00 0.00 0.00 0.00 0.00 0.00 0.00 0.00 0.00 0.00 0.00 0.00
0.00 0.00 0.00 0.00 0.00 0.00 0.00 0.00 0.00 0.00 0.00 0.00 0.00 0.00 0.00 0.00 0.00 0.00 0.00 0.00 0.00 0.00 0.00 0.00 0.00 0.00 0.00 0.00 0.00 0.00 0.00 0.00 0.00 0.00 0.00 0.00 0.00 0.00 0.00 0.00 0.00 0.00 0.00 0.00 0.00 0.00 0.00 0.00 0.00 0.00 0.00 0.00 0.00 0.00 0.00 0.00 0.00 0.00 0.00 0.00 0.00 0.00 0.00 0.00 0.00 0.00 0.00 0.00 0.00 0.00 0.00 0.00 0.00 0.00 0.00 0.00 0.00 0.00 0.00 0.00 0.00 0.00 0.00 0.00
0.00 0.00 0.00 0.00 0.00 0.00 0.00 0.00 0.00 0.00 0.00 3.63 0.00 0.00 0.00 0.00 0.00 0.00 0.00 0.00 0.00 0.00 0.00 0.00 0.00 0.00 0.00 0.00 0.00 0.00 0.00 0.00 0.00 0.00 0.00 0.00 0.00 0.00 0.00 0.00 0.00 0.00 0.00 0.00 0.00 0.00 0.00 0.00 0.00 0.00 0.00 0.00 0.00 0.00 0.00 0.00 0.00 0.00 0.00 0.00 0.00 0.00 0.00 0.00 0.00 0.00 0.00 0.00 0.00 0.00 0.00 0.00 0.00 0.00 0.00 0.00 0.00 0.00 0.00 0.00 0.00 0.00 0.00 0.00
0.00 0.00 0.00 0.00 0.00 0.00 0.00 0.00 0.00 0.00 0.00 5.21 0.00 0.00 0.00 0.00 0.00 0.00 0.00 0.00 0.00 0.00 0.00 0.00 0.00 0.00 0.00 0.00 0.00 0.00 0.00 0.00 0.00 0.00 0.00 0.00 0.00 0.00 0.00 0.00 0.00 0.00 0.00 0.00 0.00 0.00 0.00 0.00 0.00 0.00 0.00 0.00 0.00 0.00 0.00 0.00 0.00 0.00 0.00 0.00 0.00 0.00 0.00 0.00 0.00 0.00 0.00 0.00 0.00 0.00 0.00 0.00 0.00 0.00 0.00 0.00 0.00 0.00 0.00 0.00 0.00 0.00 0.00 0.00
0.00 0.00 0.00 0.00 0.00 0.00 0.00 0.00 0.00 0.00 3.63 4.81 0.00 0.00 0.00 0.00 0.00 0.00 0.00 0.00 0.00 0.00 0.00 0.00 0.00 0.00 0.00 0.00 0.00 0.00 0.00 0.00 0.00 0.00 0.00 0.00 0.00 0.00 0.00 0.00 0.00 0.00 0.00 0.00 0.00 0.00 0.00 0.00 0.00 0.00 0.00 0.00 0.00 0.00 0.00 0.00 0.00 0.00 0.00 0.00 0.00 0.00 0.00 0.00 0.00 0.00 0.00 0.00 0.00 0.00 0.00 0.00 0.00 0.00 0.00 0.00 0.00 0.00 0.00 0.00 0.00 0.00 0.00 0.00
0.00 0.00 0.00 0.00 0.00 0.00 0.00 0.00 0.00 3.63 4.81 4.81 3.70 0.00 0.00 0.00 0.00 0.00 0.00 0.00 0.00 0.00 0.00 0.00 0.00 0.00 0.00 0.00 0.00 0.00 0.00 0.00 0.00 0.00 0.00 0.00 0.00 0.00 0.00 0.00 0.00 0.00 0.00 0.00 0.00 0.00 0.00 0.00 0.00 0.00 0.00 0.00 0.00 0.00 0.00 0.00 0.00 0.00 0.00 0.00 0.00 0.00 0.00 0.00 0.00 0.00 0.00 0.00 0.00 0.00 0.00 0.00 0.00 0.00 0.00 0.00 0.00 0.00 0.00 0.00 0.00 0.00 0.00 0.00
5.03 5.03 0.00 0.00 0.00 0.00 0.00 4.99 4.92 5.24 4.92 4.92 5.09 0.00 0.00 0.00 0.00 0.00 0.00 0.00 0.00 0.00 0.00 0.00 0.00 0.00 0.00 0.00 0.00 0.00 0.00 0.00 0.00 0.00 0.00 0.00 0.00 0.00 0.00 0.00 0.00 0.00 0.00 0.00 0.00 0.00 0.00 0.00 0.00 0.00 0.00 0.00 0.00 0.00 0.00 0.00 3.59 0.00 0.00 0.00 0.00 0.00 0.00 0.00 0.00 0.00 0.00 0.00 0.00 0.00 0.00 0.00 0.00 0.00 0.00 0.00 0.00 0.00 0.00 0.00 0.00 0.00 0.00 0.00
5.03 5.03 5.03 0.00 0.00 0.00 5.32 5.31 4.92 5.24 4.92 4.92 3.07 0.00 0.00 0.00 0.00 0.00 0.00 0.00 0.00 0.00 0.00 0.00 0.00 0.00 0.00 0.00 0.00 0.00 0.00 0.00 0.00 0.00 0.00 0.00 0.00 0.00 0.00 0.00 0.00 0.00 0.00 0.00 0.00 0.00 0.00 0.00 0.00 0.00 0.00 0.00 0.00 0.00 0.00 0.00 6.48 0.00 0.00 0.00 0.00 0.00 0.00 0.00 0.00 0.00 0.00 0.00 0.00 6.69 4.29 0.00 0.00 0.00 0.00 0.00 0.00 0.00 0.00 0.00 0.00 0.00 0.00 0.00
5.33 5.00 5.00 5.00 4.93 4.93 4.93 4.93 4.91 4.91 4.91 4.91 3.07 0.00 0.00 0.00 0.00 0.00 0.00 0.00 0.00 0.00 0.00 0.00 0.00 0.00 0.00 0.00 0.00 0.00 0.00 0.00 0.00 0.00 0.00 0.00 0.00 0.00 0.00 0.00 0.00 0.00 0.00 0.00 0.00 0.00 0.00 0.00 0.00 0.00 0.00 0.00 0.00 0.00 0.00 0.00 6.51 6.51 0.00 0.00 0.00 0.00 0.00 0.00 0.00 0.00 0.00 0.00 6.87 6.37 6.37 0.00 0.00 0.00 0.00 0.00 0.00 0.00 0.00 0.00 0.00 0.00 0.00 0.00
5.00 5.00 5.00 5.00 4.93 4.93 4.93 4.93 4.91 4.91 4.91 4.91 3.07 0.00 0.00 0.00 0.00 0.00 0.00 0.00 0.00 0.00 0.00 0.00 0.00 0.00 0.00 3.07 6.00 3.95 0.00 0.00 0.00 0.00 0.00 0.00 0.00 0.00 0.00 0.00 0.00 0.00 0.00 0.00 0.00 0.00 0.00 0.00 0.00 0.00 0.00 0.00 0.00 0.00 0.00 0.00 6.51 6.51 0.00 0.00 0.00 0.00 0.00 0.00 0.00 0.00 0.00 3.69 7.10 6.37 6.37 4.29 0.00 0.00 0.00 0.00 0.00 0.00 0.00 0.00 0.00 0.00 0.00 0.00
5.00 5.33 5.00 5.00 5.92 4.93 4.93 4.93 4.91 4.91 4.91 4.91 5.20 0.00 0.00 0.00 0.00 0.00 0.00 0.00 0.00 0.00 0.00 0.00 0.00 0.00 0.00 5.18 5.28 5.28 0.00 0.00 0.00 0.00 0.00 0.00 0.00 0.00 0.00 0.00 0.00 0.00 0.00 0.00 0.00 3.72 3.59 0.00 0.00 0.00 0.00 0.00 0.00 0.00 0.00 0.00 6.51 6.51 6.76 0.00 0.00 0.00 0.00 0.00 0.00 0.00 0.00 6.43 6.37 6.37 6.37 6.37 4.29 0.00 0.00 0.00 0.00 0.00 0.00 0.00 0.00 6.34 6.34 0.00
5.00 5.00 5.33 5.00 4.93 4.93 4.93 4.93 4.91 4.91 4.91 4.91 5.20 0.00 0.00 0.00 0.00 0.00 0.00 0.00 0.00 0.00 0.00 0.00 0.00 0.00 5.62 5.18 5.28 5.28 0.00 0.00 0.00 0.00 0.00 0.00 0.00 0.00 0.00 0.00 0.00 0.00 0.00 0.00 0.00 6.97 3.59 3.59 0.00 0.00 0.00 0.00 0.00 0.00 0.00 0.00 6.76 6.51 6.51 6.51 6.43 0.00 6.73 6.43 6.43 6.43 0.00 6.93 6.37 6.37 6.37 6.37 6.37 0.00 0.00 0.00 0.00 0.00 0.00 0.00 6.34 6.34 6.34 6.34
4.96 5.29 5.29 4.96 4.91 4.91 4.91 4.91 5.00 5.00 5.00 5.00 5.31 0.00 0.00 0.00 0.00 0.00 0.00 0.00 0.00 0.00 0.00 0.00 0.00 3.07 5.18 5.18 5.29 0.00 0.00 0.00 0.00 0.00 0.00 0.00 0.00 0.00 0.00 0.00 0.00 0.00 0.00 0.00 0.00 6.60 6.60 6.60 3.59 3.59 0.00 0.00 0.00 0.00 0.00 0.00 7.08 7.06 6.53 6.53 6.42 6.42 6.42 6.42 6.38 6.38 6.87 6.89 6.37 7.16 6.37 6.37 6.46 0.00 0.00 0.00 0.00 0.00 0.00 6.39 6.76 6.33 6.33 6.33
4.96 4.96 4.96 4.96 4.91 5.24 4.91 4.91 5.00 5.00 5.00 5.00 5.31 0.00 0.00 0.00 0.00 0.00 0.00 0.00 0.00 0.00 3.07 0.00 0.00 5.51 5.18 5.18 5.29 0.00 0.00 0.00 0.00 0.00 0.00 0.00 0.00 0.00 0.00 0.00 0.00 0.00 0.00 0.00 0.00 6.60 6.60 6.60 6.64 6.64 0.00 0.00 0.00 0.00 0.00 0.00 7.06 6.53 6.53 6.53 6.42 6.42 7.54 6.42 6.87 6.38 6.38 6.38 6.87 6.37 6.37 6.37 6.46 6.91 0.00 0.00 0.00 0.00 6.39 6.39 6.33 6.33 6.33 6.33
4.96 4.96 4.96 4.96 4.91 4.91 4.91 4.91 5.00 5.00 5.00 5.00 6.51 0.00 0.00 0.00 0.00 0.00 0.00 0.00 3.13 5.25 5.25 5.25 5.18 5.18 5.18 5.18 0.00 0.00 0.00 0.00 0.00 0.00 0.00 0.00 0.00 0.00 0.00 0.00 0.00 0.00 0.00 0.00 3.59 6.60 6.60 6.60 6.64 6.64 0.00 0.00 0.00 0.00 0.00 0.00 0.00 6.53 6.53 6.53 6.42 6.42 6.42 6.42 6.38 6.38 6.38 6.38 6.37 6.37 6.37 6.37 6.46 6.91 6.46 6.46 0.00 6.39 6.39 6.39 6.33 6.33 6.33 6.33
4.96 4.96 4.96 4.96 4.91 4.91 4.91 4.91 5.00 5.00 5.00 5.00 6.51 6.51 0.00 0.00 0.00 0.00 0.00 5.29 5.25 5.25 5.25 5.25 5.30 5.30 5.18 5.18 0.00 0.00 0.00 0.00 0.00 0.00 0.00 0.00 0.00 0.00 0.00 0.00 0.00 0.00 0.00 0.00 0.00 6.60 6.60 6.60 6.64 0.00 0.00 0.00 0.00 0.00 0.00 0.00 6.53 6.53 6.53 6.53 6.42 6.42 6.42 6.42 6.38 6.38 6.38 6.38 6.37 6.37 6.37 6.80 6.46 6.46 6.46 6.46 6.39 6.39 6.39 6.39 6.33 6.33 6.33 6.33
4.95 4.95 4.95 4.95 4.94 4.94 4.94 4.94 5.07 5.07 5.07 6.25 6.55 6.99 0.00 0.00 0.00 0.00 0.00 5.65 5.22 5.22 5.55 5.36 5.35 5.54 5.21 0.00 0.00 0.00 0.00 0.00 0.00 0.00 0.00 0.00 0.00 0.00 0.00 0.00 0.00 0.00 0.00 0.00 0.00 6.65 6.65 6.65 0.00 0.00 0.00 0.00 0.00 0.00 0.00 0.00 7.42 6.52 6.52 6.52 6.33 6.33 6.33 6.82 6.80 6.31 6.31 6.31 6.43 6.43 6.43 6.43 6.98 7.00 6.54 6.54 6.49 6.49 6.49 6.49 6.49 6.49 6.49 6.49
4.95 4.95 4.95 5.27 4.94 4.94 4.94 4.94 5.07 5.07 6.25 6.68 6.55 6.55 7.35 0.00 0.00 0.00 0.00 5.46 5.22 5.22 5.22 5.22 5.21 5.21 5.21 0.00 0.00 0.00 0.00 0.00 0.00 0.00 0.00 0.00 0.00 0.00 0.00 0.00 0.00 0.00 0.00 0.00 0.00 0.00 6.65 6.65 0.00 0.00 0.00 0.00 0.00 0.00 0.00 7.83 7.42 6.52 6.52 6.52 6.33 6.33 6.33 6.33 6.31 6.31 6.82 6.31 6.43 6.43 6.43 6.43 6.54 6.54 6.54 6.54 6.49 6.49 6.49 6.49 6.49 6.49 6.49 6.49
4.95 4.95 4.95 4.95 4.94 4.94 4.94 4.94 5.59 5.07 6.25 7.06 5.34 5.34 5.34 6.55 5.59 6.53 6.53 6.53 5.22 5.22 5.22 5.22 5.21 5.21 5.21 0.00 0.00 0.00 0.00 0.00 0.00 0.00 0.00 0.00 0.00 0.00 0.00 0.00 0.00 0.00 0.00 0.00 0.00 0.00 6.65 6.65 6.68 6.68 0.00 0.00 0.00 0.00 7.64 7.64 7.42 6.52 7.05 7.15 6.33 6.33 6.33 6.82 6.31 6.80 6.80 6.31 6.43 6.43 6.43 6.43 6.54 6.54 6.54 6.69 7.90 7.90 11.26 6.82 6.49 0.00 0.00 0.00
4.95 5.27 4.95 4.95 4.94 4.94 4.94 5.27 5.07 5.07 5.07 5.07 5.34 5.34 5.34 5.34 6.23 6.23 6.96 6.53 5.22 5.22 5.22 5.22 5.21 5.21 5.21 0.00 0.00 0.00 0.00 0.00 0.00 0.00 0.00 0.00 0.00 0.00 0.00 0.00 0.00 0.00 0.00 0.00 0.00 0.00 6.65 6.20 6.68 7.63 7.63 6.68 6.70 7.64 7.64 7.64 7.42 6.52 6.52 7.00 6.33 6.33 6.33 6.33 6.31 6.31 6.31 6.31 6.43 6.43 6.43 6.43 6.54 7.17 7.53 9.22 6.60 10.86 0.00 0.00 0.00 0.00 0.00 0.00
4.98 4.98 5.31 4.98 4.93 4.93 4.93 4.93 5.05 5.05 5.05 5.05 5.35 5.35 5.35 5.35 5.73 6.31 6.63 6.53 5.20 5.20 5.20 5.65 5.25 6.04 6.04 0.00 0.00 0.00 0.00 0.00 0.00 0.00 0.00 0.00 0.00 0.00 0.00 0.00 0.00 0.00 0.00 0.00 0.00 0.00 7.25 5.79 6.67 7.61 6.67 6.67 7.29 7.53 7.53 7.53 6.39 6.39 6.39 6.88 6.34 6.34 6.34 6.34 6.47 6.47 6.47 6.47 6.62 6.62 6.65 6.65 7.35 7.49 8.49 6.53 4.24 0.00 0.00 0.00 0.00 0.00 0.00 0.00
5.31 4.98 4.98 4.98 4.93 4.93 4.93 4.93 5.05 5.05 5.05 5.05 5.35 5.35 5.35 6.81 6.78 7.21 6.67 6.53 5.20 5.20 5.20 5.20 8.46 6.04 6.04 0.00 0.00 0.00 0.00 0.00 0.00 0.00 0.00 0.00 0.00 0.00 0.00 0.00 0.00 0.00 0.00 0.00 0.00 7.14 6.66 5.79 6.67 7.61 6.67 6.67 7.53 7.53 7.53 6.61 6.39 6.39 6.39 6.39 6.34 6.34 6.34 6.34 6.47 6.47 6.47 6.47 6.62 6.62 6.65 7.40 7.59 8.11 7.74 10.81 0.00 0.00 0.00 0.00 0.00 0.00 0.00 0.00
5.41 5.41 5.68 5.41 5.35 5.35 5.35 5.35 5.48 5.48 5.48 5.48 5.81 5.81 7.22 7.22 7.09 7.77 7.99 7.09 5.65 5.65 6.47 6.47 6.52 6.61 6.52 0.00 0.00 0.00 0.00 0.00 0.00 0.00 0.00 0.00 0.00 0.00 0.00 0.00 0.00 0.00 0.00 0.00 6.67 6.96 6.96 6.96 6.97 8.13 6.97 6.97 8.05 8.05 6.91 6.91 6.81 6.81 6.81 6.81 6.73 6.73 6.73 6.73 6.87 6.87 6.87 6.87 6.97 6.97 7.08 7.78 8.58 9.64 11.53 0.15 0.00 0.00 0.00 0.00 0.00 0.00 0.00 0.00
5.41 5.41 5.41 5.68 5.35 5.35 5.35 5.35 5.48 5.48 5.48 5.48 5.81 7.12 7.12 7.12 7.20 7.20 7.09 7.09 6.47 6.47 6.47 6.47 6.52 6.52 6.52 0.00 0.00 0.00 0.00 0.00 0.00 0.00 0.00 0.00 0.00 0.00 0.00 0.00 0.00 0.00 0.00 0.00 6.96 7.52 6.06 6.96 8.13 8.13 6.97 8.13 8.05 8.05 6.78 6.91 6.81 6.81 6.81 6.81 6.73 6.73 6.73 6.73 6.87 6.87 6.87 6.87 6.97 8.02 11.29 11.44 10.23 11.24 0.15 0.00 0.00 0.00 0.00 0.00 0.00 0.00 0.00 0.00
5.42 5.42 5.69 5.42 5.34 5.34 5.34 5.34 5.48 5.48 5.48 5.48 5.80 7.12 7.12 7.12 7.00 7.06 9.40 6.53 6.45 6.45 6.45 6.45 6.60 6.60 0.00 0.00 0.00 0.00 0.00 0.00 0.00 0.00 0.00 0.00 0.00 0.00 0.00 0.00 0.00 0.00 0.00 6.81 7.77 6.94 6.06 6.06 8.04 8.04 8.04 8.04 7.81 6.83 6.83 7.27 6.80 6.80 6.80 6.80 6.91 6.91 6.91 6.91 7.02 7.02 7.02 7.02 6.99 11.79 11.83 6.77 3.06 6.72 0.00 0.00 0.00 0.00 0.00 0.00 0.00 0.00 0.00 0.00
6.65 5.42 6.55 5.42 5.34 5.34 5.34 5.34 5.48 5.48 5.48 5.48 7.12 7.12 7.12 7.12 7.00 7.78 8.82 6.53 6.45 6.45 6.45 6.45 6.60 6.60 0.00 0.00 0.00 0.00 0.00 0.00 0.00 0.00 0.00 6.86 6.85 6.85 0.00 0.00 6.81 6.81 7.12 6.81 6.94 6.06 6.06 6.06 8.04 8.04 8.04 8.04 6.83 7.04 7.02 6.83 6.80 6.80 6.80 6.80 6.91 6.91 7.93 7.93 8.07 7.02 7.02 7.10 11.79 3.70 3.06 3.21 3.06 2.27 9.84 0.00 0.00 0.00 0.00 0.00 0.00 0.00 0.00 0.00
5.91 5.69 5.91 5.91 5.34 5.34 5.34 5.61 5.48 5.48 5.48 6.72 7.12 7.12 7.55 7.91 7.78 7.78 8.20 6.53 6.45 6.45 6.45 6.45 6.60 6.60 0.00 0.00 0.00 0.00 0.00 0.00 0.00 0.00 0.00 6.86 6.85 6.85 6.85 6.85 6.81 6.81 7.84 7.67 6.59 6.06 6.06 6.06 8.04 8.04 8.79 6.90 6.83 7.02 6.83 6.83 6.80 6.80 6.80 6.80 6.91 6.91 7.93 7.93 8.07 8.07 11.58 11.97 3.20 1.61 3.06 3.06 3.06 6.33 3.21 4.10 0.00 0.00 0.00 0.00 0.00 0.00 0.00 0.00
5.91 5.42 5.42 5.42 5.61 5.34 5.34 5.34 5.48 5.48 5.48 6.72 7.12 7.91 7.91 7.91 7.78 7.78 7.78 6.53 6.45 6.45 6.45 6.45 6.60 6.60 0.00 0.00 0.00 0.00 0.00 0.00 0.00 0.00 0.00 6.86 6.85 7.71 6.85 6.85 7.19 6.81 6.81 6.81 6.06 6.94 8.09 8.09 8.04 8.34 8.04 8.04 6.83 6.83 6.83 6.83 6.80 6.80 6.80 6.80 6.91 6.91 7.93 7.93 8.41 11.80 7.95 2.34 1.61 1.61 3.06 3.40 3.40 5.37 8.30 3.06 4.10 0.00 0.00 0.00 0.00 0.00 0.00 0.00
5.39 6.58 5.39 5.39 5.38 5.38 5.38 5.38 5.45 5.45 5.45 5.73 7.73 7.73 7.73 7.73 7.63 7.63 7.63 6.41 6.53 6.53 6.53 6.53 6.68 6.68 7.80 0.00 0.00 0.00 0.00 0.00 0.00 0.00 8.40 8.51 6.95 6.89 6.84 6.84 7.32 7.32 7.53 7.32 8.03 8.03 8.03 8.32 7.91 7.91 7.91 7.91 6.83 6.83 6.83 6.83 6.92 6.92 6.92 6.92 7.04 8.18 8.23 11.74 12.13 8.32 2.34 2.34 1.61 1.93 3.06 3.06 3.06 4.93 1.98 5.49 11.54 6.64 0.00 0.00 0.00 0.00 0.00 0.00
5.39 5.39 6.50 5.39 5.38 5.38 5.38 5.38 5.45 5.45 8.82 6.28 8.70 7.73 7.73 7.73 7.63 7.63 6.41 6.41 6.53 6.53 6.53 6.53 6.68 7.35 6.68 0.00 0.00 0.00 0.00 0.00 0.00 0.00 4.21 8.51 8.31 8.31 6.84 6.84 7.32 7.15 7.15 8.62 8.03 8.03 8.43 8.03 7.91 8.19 7.91 7.91 6.83 6.83 6.83 6.83 8.07 8.07 8.07 7.90 8.18 8.18 8.27 9.70 7.03 7.03 7.03 2.34 2.34 1.61 3.06 3.21 3.21 4.64 8.30 11.76 7.76 7.14 7.26 10.77 3.66 0.00 0.00 0.00
5.66 5.39 5.39 5.39 5.38 5.38 5.38 5.38 10.52 6.97 6.28 6.28 6.50 6.50 6.50 7.73 7.63 6.41 6.41 6.41 6.53 6.53 6.53 6.53 6.68 6.68 10.39 5.88 0.00 0.00 0.00 0.00 0.00 3.80 2.16 8.22 9.14 8.87 7.70 6.84 7.32 7.32 7.32 8.99 8.03 8.32 8.03 8.03 7.91 7.91 7.91 7.91 6.83 6.83 7.81 7.81 8.07 8.07 8.07 8.07 8.18 8.23 11.88 7.04 7.03 7.18 7.93 7.03 2.34 1.61 3.06 10.48 11.42 11.44 7.93 7.94 6.87 6.70 6.70 6.70 7.14 7.14 11.93 0.00
5.39 5.39 5.39 5.39 5.38 5.38 5.38 6.20 6.75 6.28 6.28 6.75 7.01 6.50 6.50 6.50 6.41 6.41 6.41 6.41 6.53 6.53 6.53 7.41 7.35 6.73 11.43 8.52 6.30 10.91 7.15 5.96 5.96 2.31 8.46 8.51 7.35 6.84 6.84 6.84 7.32 7.32 7.32 8.62 8.03 8.31 8.03 8.03 7.91 7.91 8.81 8.75 6.83 6.83 6.83 7.81 8.07 8.37 8.07 8.07 11.83 10.29 8.47 7.04 7.93 10.83 11.44 11.29 11.59 11.70 11.33 7.98 7.76 8.02 7.12 7.12 6.70 6.70 6.70 6.70 7.22 6.74 7.65 7.42
7.81 7.81 5.36 5.36 5.38 6.19 6.68 6.19 6.21 6.21 6.21 6.21 6.38 6.90 6.38 6.38 6.47 6.47 6.47 6.47 6.67 6.67 6.67 6.67 6.78 11.81 7.62 8.67 2.75 2.60 6.40 6.11 2.76 8.37 8.83 8.60 6.91 6.87 6.87 6.87 7.31 7.31 7.31 8.60 7.93 9.77 6.88 7.93 7.85 6.82 7.10 6.82 6.86 6.86 6.86 6.86 7.00 7.00 7.00 8.25 11.87 4.66 4.66 7.82 11.68 7.06 7.06 8.21 8.06 8.06 7.87 7.96 7.56 7.74 7.04 7.04 6.63 7.09 6.63 6.63 6.78 6.78 7.70 7.68
6.36 6.36 6.36 6.36 6.38 6.19 6.68 6.19 6.21 6.21 6.21 6.21 6.90 6.90 6.38 6.38 6.47 6.47 6.47 6.47 6.67 6.67 6.67 6.67 6.78 11.89 8.52 8.23 8.29 2.75 2.60 11.68 8.46 8.32 8.32 8.46 7.79 7.94 6.87 6.87 7.31 7.31 7.31 7.31 7.34 6.88 6.88 6.88 6.82 6.82 6.82 6.82 6.86 6.86 6.86 6.86 7.00 7.00 7.00 8.30 8.17 4.66 4.66 7.21 10.51 7.67 7.06 7.06 6.98 8.10 7.70 7.87 7.89 7.74 7.04 7.04 7.09 6.63 6.63 6.63 6.78 6.97 6.78 7.45
6.36 6.36 6.36 6.36 6.38 6.38 6.19 6.19 6.21 6.21 6.70 6.21 6.38 6.90 6.38 6.38 6.47 6.47 6.47 6.47 6.67 6.67 6.67 6.67 8.18 6.23 8.38 8.23 8.44 2.76 7.88 12.79 8.32 9.32 8.22 9.02 11.03 8.40 6.87 6.87 7.31 7.31 7.31 7.31 6.88 6.83 6.88 6.88 6.82 6.82 6.82 6.82 6.86 6.86 6.86 6.86 7.00 7.00 8.39 10.91 6.66 7.19 7.82 10.51 8.15 8.68 7.99 7.67 6.98 7.57 9.45 7.87 7.56 7.04 7.29 7.04 6.63 6.63 6.63 6.63 6.78 6.97 7.22 7.31
6.36 6.36 6.36 6.36 6.38 6.38 6.19 6.19 6.21 6.21 6.21 6.21 6.38 6.38 6.38 6.38 6.47 6.47 6.47 6.47 6.67 6.67 6.67 6.81 8.03 8.23 11.74 8.38 8.29 7.39 11.98 8.61 8.67 7.27 8.77 8.42 8.82 8.48 8.34 6.87 7.13 7.31 7.31 7.31 6.88 7.16 6.88 6.88 6.82 6.82 6.82 6.82 6.86 6.86 6.86 6.86 7.00 7.00 7.11 10.91 7.34 7.19 7.00 11.22 8.15 7.55 7.99 7.99 7.57 6.98 7.16 9.00 8.08 7.98 7.52 7.49 6.63 6.63 6.63 6.63 6.78 6.78 7.22 7.45
6.33 6.33 6.33 6.33 6.37 5.58 6.37 6.18 6.17 6.17 6.66 6.17 6.42 6.42 6.42 6.42 6.57 6.57 6.57 6.57 6.72 6.72 6.72 6.87 8.04 8.04 8.68 12.10 8.29 8.15 11.98 8.63 7.79 7.83 6.91 8.40 8.33 8.33 9.53 6.86 7.33 7.33 7.33 7.33 6.86 6.86 6.86 6.86 6.87 6.87 6.87 6.87 7.00 7.00 7.00 7.00 7.06 7.06 11.87 10.65 7.28 8.00 8.48 8.82 6.60 8.48 8.48 4.66 8.13 7.02 7.13 7.64 7.90 7.21 6.97 6.97 6.64 6.64 6.64 6.64 6.97 7.44 7.63 7.44
6.33 6.33 6.64 7.14 6.37 6.37 6.37 6.18 6.63 6.17 7.00 6.17 6.42 6.42 6.42 6.42 6.57 6.57 6.57 6.57 6.72 6.72 6.72 8.07 8.04 8.04 8.19 11.14 7.54 8.17 13.41 9.21 7.79 6.91 6.91 6.91 6.86 6.86 6.86 6.86 7.33 7.33 7.33 8.08 6.86 6.86 6.86 6.86 6.87 6.87 6.87 6.87 7.00 7.00 7.00 8.17 7.06 7.14 10.65 4.38 10.52 8.28 8.28 7.74 8.48 6.60 8.48 4.66 4.66 7.93 7.40 7.13 6.97 6.97 7.49 6.97 6.64 6.64 6.64 6.64 6.78 7.22 7.22 7.22
