New_Model_Runs/15_Future_RCP8.5_Scn2_out/post_prcessed_with_MFR/Monthly_summaries/net_infiltration_monthly_JAN.asc
NCOLS 700
NROWS 400
XLLCENTER 515000.000000
YLLCENTER 8409000.000000
CELLSIZE 50.000000
NODATA_value -999.000000
[rows 114 to 151 of 400, columns 420 to 503 of 700]
3.94 4.17 3.94 4.18 3.97 3.97 3.97 3.21 3.20 3.20 3.20 3.20 3.84 3.33 3.33 3.33 3.43 3.43 3.43 3.43 3.52 3.52 4.55 4.55 4.48 4.48 4.56 3.66 4.97 4.01 7.13 5.87 5.25 4.96 4.89 4.89 4.84 4.84 4.84 4.84 4.74 4.74 4.74 4.45 4.52 4.52 4.52 4.52 4.53 4.53 4.53 4.53 4.70 4.70 4.70 4.96 5.10 5.16 3.38 3.76 4.65 4.65 4.59 4.80 4.50 3.51 4.85 4.85 4.78 4.78 3.76 3.57 3.73 3.44 3.73 3.73 3.52 3.52 3.52 3.21 3.40 3.41 3.44 3.40
3.94 3.94 3.94 3.94 3.97 3.97 3.97 3.97 3.20 3.20 3.20 3.20 3.33 3.33 3.33 3.33 3.42 3.42 3.42 3.42 3.52 4.46 4.77 4.46 4.48 4.56 4.56 4.63 4.74 8.49 6.67 2.89 5.32 5.43 4.92 4.89 4.84 4.84 4.84 4.84 4.74 4.74 4.74 4.74 4.52 4.52 4.52 4.52 4.53 4.53 4.53 4.71 4.70 4.70 4.70 4.70 5.16 3.60 3.76 3.43 3.69 5.07 5.07 4.80 4.77 4.85 4.85 4.85 4.78 4.78 4.30 3.57 3.73 3.73 3.73 3.73 3.52 3.52 3.52 3.52 4.13 3.44 3.89 3.89
3.76 4.06 4.06 4.06 4.10 4.10 4.10 4.10 3.27 3.27 3.27 3.27 3.38 3.38 3.38 3.38 3.41 3.41 3.41 3.41 3.48 4.41 4.41 4.41 4.43 4.43 4.43 3.49 3.53 3.53 3.72 4.68 9.14 5.36 5.21 5.17 4.64 4.58 4.86 4.86 4.78 4.78 5.05 5.05 5.01 4.56 4.56 4.56 4.55 4.55 4.55 4.55 4.86 4.88 4.68 4.94 5.06 5.14 5.14 4.64 5.10 5.10 5.03 4.77 4.72 4.50 4.50 4.50 4.54 4.78 4.30 3.82 3.66 3.71 3.71 3.71 3.49 3.17 3.17 3.49 3.77 3.74 3.74 3.49
4.06 4.06 4.06 4.06 4.10 4.10 4.10 4.10 4.06 3.27 3.27 3.27 3.38 3.38 3.38 3.38 3.41 3.41 3.41 3.41 3.48 4.41 4.41 3.48 3.49 3.49 3.49 3.83 3.53 3.61 5.20 5.36 9.14 5.36 5.17 5.17 5.23 4.64 5.14 5.14 4.55 5.05 5.05 5.05 4.80 4.56 4.74 4.56 4.55 4.73 4.55 4.55 4.68 4.68 4.68 4.94 5.06 5.06 4.79 4.79 5.03 4.55 4.63 4.50 4.45 4.45 4.45 4.50 4.39 4.39 3.53 3.82 3.71 3.71 3.71 3.41 3.17 3.53 3.49 3.49 3.74 3.49 3.49 3.49
4.06 4.06 4.06 4.06 4.10 4.10 4.10 4.10 4.06 3.27 3.27 3.27 3.38 3.38 3.38 3.38 3.93 3.94 3.41 3.41 3.48 3.48 3.48 3.48 3.49 3.49 3.49 3.49 3.61 4.69 5.25 5.40 9.15 5.32 5.17 5.17 5.14 5.15 5.14 5.15 5.05 5.05 5.05 5.05 4.80 4.56 4.56 4.56 4.55 4.73 4.55 4.55 4.68 4.68 4.88 4.88 4.79 4.79 4.79 4.79 4.97 5.03 4.63 4.72 4.72 4.72 4.72 4.91 5.08 4.86 3.82 3.82 3.71 3.71 3.71 3.71 3.49 3.67 3.49 3.49 3.49 3.67 3.49 3.49
4.06 4.06 4.06 3.76 4.10 4.10 4.10 4.10 4.06 3.27 3.27 3.27 3.38 3.38 3.38 3.38 3.41 3.41 3.41 3.41 3.48 3.48 3.48 3.48 3.49 4.01 3.49 3.49 3.53 5.97 4.89 5.17 8.80 8.80 4.67 4.67 5.14 5.14 5.14 5.14 4.78 4.78 4.78 4.78 4.56 4.77 4.74 4.56 4.55 4.55 4.55 4.55 4.68 4.68 4.68 4.68 4.79 4.79 4.79 4.79 4.77 4.55 4.55 4.50 4.94 4.91 4.72 4.72 4.62 4.39 3.53 3.53 3.41 3.71 3.71 3.71 3.49 3.49 3.49 3.49 3.49 3.49 3.49 3.66
4.25 3.97 4.25 4.25 4.24 4.24 4.24 4.24 4.21 4.21 3.37 3.37 3.45 3.45 3.45 3.45 3.41 3.41 3.41 3.41 3.40 3.40 3.40 3.40 3.45 3.45 3.45 3.45 3.52 4.87 4.87 5.15 9.03 5.33 5.18 5.17 5.12 4.56 4.84 4.84 4.76 4.76 4.76 4.76 4.59 4.80 4.77 4.59 4.58 4.58 4.58 4.77 4.63 4.63 4.63 5.01 4.68 4.68 4.68 4.68 4.68 4.68 4.41 4.41 4.61 4.61 4.61 4.61 4.52 4.70 3.73 3.73 3.37 3.37 3.67 3.67 3.39 3.39 3.39 3.56 3.34 3.51 3.34 3.51
4.25 3.97 4.61 4.25 4.24 4.24 4.24 4.24 4.21 4.21 3.37 3.37 3.45 3.45 3.45 3.45 3.41 3.41 3.41 3.41 3.40 3.40 3.92 3.40 3.45 3.45 4.37 4.37 4.46 5.15 5.15 5.24 7.50 5.40 5.19 4.67 5.37 4.84 4.84 4.84 4.76 4.76 4.76 4.76 4.77 4.77 4.59 4.59 4.58 4.58 4.77 4.58 4.63 4.63 4.63 4.63 4.68 4.88 4.68 4.68 4.68 4.68 4.87 4.69 5.00 4.79 4.61 4.61 4.52 4.52 3.73 3.73 3.87 3.37 3.87 3.67 3.39 3.39 3.39 3.39 3.34 3.34 3.34 3.34
4.25 3.97 4.61 4.61 4.24 4.24 4.24 4.03 4.21 4.21 4.21 3.37 3.45 3.45 3.45 3.45 3.41 3.41 3.41 3.41 3.40 3.40 3.40 3.40 3.45 4.37 4.37 4.37 4.46 5.15 5.24 5.20 7.35 5.17 5.17 5.17 5.12 4.84 4.84 4.84 4.76 4.96 4.76 4.76 4.59 4.59 4.59 4.59 4.58 4.77 4.58 4.58 4.63 4.63 4.63 4.63 4.68 4.68 4.68 4.68 4.68 4.68 4.68 4.68 4.79 4.61 4.61 4.61 4.52 4.70 3.99 3.73 3.67 3.67 3.67 3.67 3.39 3.39 3.39 3.39 3.34 3.34 3.34 3.34
4.25 4.61 4.61 4.61 4.61 4.61 4.61 4.05 4.21 4.21 4.21 3.37 3.45 3.45 3.45 3.45 3.41 3.41 3.41 3.41 3.40 3.40 3.69 3.40 3.45 3.45 3.45 3.45 3.52 4.87 4.87 4.69 7.35 5.21 5.17 5.25 5.12 4.84 4.84 4.84 4.76 4.76 4.76 4.76 4.59 4.59 4.59 4.59 4.58 4.58 4.77 4.58 4.63 4.63 4.63 5.00 4.68 4.68 4.68 4.68 4.41 4.68 4.68 4.70 4.33 4.61 4.61 4.61 4.52 4.81 3.73 3.92 3.67 3.67 3.67 3.67 3.39 3.39 3.39 3.39 3.34 3.34 3.34 3.34
4.29 4.67 4.74 4.67 4.68 4.68 4.68 4.83 4.74 4.04 4.32 4.02 3.83 4.47 4.47 3.52 3.47 3.47 3.47 4.40 3.40 3.40 4.24 3.40 3.39 3.39 3.39 3.39 3.48 4.53 4.53 4.58 7.30 3.72 3.74 5.23 5.09 5.09 4.82 4.82 4.78 4.78 4.78 4.78 4.64 4.64 4.64 4.64 4.60 4.60 4.60 4.60 4.57 4.57 4.57 4.76 4.60 4.60 4.60 4.60 4.55 4.57 4.26 4.55 4.18 4.48 4.48 4.48 4.44 4.44 3.65 3.65 3.64 3.64 3.64 3.64 3.40 3.40 3.40 3.40 3.41 3.41 3.41 3.41
4.36 4.74 4.67 4.74 4.68 4.70 4.28 5.05 4.97 2.31 2.31 4.97 4.47 4.47 4.47 4.47 4.52 4.40 4.40 4.52 4.25 3.69 3.40 3.69 3.39 3.39 3.39 3.39 3.48 4.81 4.81 4.81 4.61 7.30 5.17 5.17 5.09 5.09 4.82 4.82 4.78 4.78 4.78 4.78 4.64 4.83 4.64 4.64 4.60 4.29 4.60 4.60 4.57 4.57 4.57 4.57 4.60 4.60 4.60 5.15 4.55 4.73 4.55 4.26 4.48 4.48 4.48 4.48 4.44 4.72 3.65 3.65 3.64 3.64 3.64 3.64 3.40 3.40 3.40 3.40 3.41 3.41 3.41 3.41
4.74 2.70 4.69 4.84 4.86 4.70 4.68 4.68 5.18 3.11 5.94 6.78 8.28 8.13 8.13 8.53 8.15 8.18 4.89 4.52 4.09 4.09 3.40 3.40 3.39 3.39 3.39 3.39 3.48 4.81 4.81 4.81 5.06 8.80 4.94 5.23 5.09 5.09 5.09 4.82 4.78 4.78 4.78 4.97 4.64 4.64 4.64 4.64 4.60 4.29 4.60 4.60 4.57 4.57 4.57 4.57 4.60 4.60 4.60 4.79 4.74 4.73 4.55 4.55 4.48 4.48 4.48 4.48 4.44 4.44 3.65 3.65 3.64 3.64 3.64 3.64 3.40 3.40 3.40 3.40 3.41 3.41 3.41 3.41
4.74 4.28 5.04 4.99 3.42 2.92 5.16 2.70 0.75 2.31 4.74 6.63 3.23 3.94 4.50 4.47 4.55 4.55 4.40 4.52 4.62 4.09 5.19 3.40 3.39 3.39 3.39 3.39 3.48 5.84 4.81 4.81 4.85 4.85 4.85 5.23 5.21 5.10 4.59 5.09 4.78 4.78 4.78 4.78 4.64 4.64 4.64 4.64 4.60 4.60 4.29 4.60 4.75 4.75 4.57 4.57 4.60 4.60 4.60 4.60 4.55 4.72 4.55 4.55 4.48 4.48 4.48 4.48 4.44 4.44 3.65 3.65 3.64 3.64 3.64 3.64 3.40 3.40 3.40 3.40 3.41 3.41 3.41 3.41
4.26 5.14 2.46 2.31 2.77 1.51 3.57 3.30 0.75 2.70 2.81 6.63 4.45 4.51 4.48 4.48 4.23 4.43 4.79 4.53 3.93 4.27 3.85 3.72 3.65 3.36 3.17 3.36 3.41 4.42 4.71 4.71 4.82 4.82 5.09 5.21 5.11 5.11 5.12 5.11 5.33 5.02 4.82 4.65 4.93 4.93 4.93 4.37 4.60 4.60 4.60 4.60 4.54 4.72 4.54 4.54 4.51 4.51 4.51 4.51 4.48 4.48 4.48 4.48 4.51 4.51 4.51 4.51 4.51 4.22 3.71 3.71 3.71 3.71 3.71 3.71 3.51 3.51 3.51 3.51 3.53 3.53 3.53 3.53
5.78 6.00 4.69 4.84 6.24 5.14 6.24 6.44 5.94 6.48 5.94 6.48 3.08 4.33 4.48 4.64 4.23 4.43 4.53 4.53 4.56 4.27 3.42 3.42 3.36 3.17 3.17 3.17 4.71 4.71 4.71 4.71 4.82 4.82 5.09 5.09 5.22 5.22 5.11 5.11 5.38 4.58 5.09 5.09 4.93 4.93 4.94 5.15 4.85 4.79 4.60 4.60 4.54 4.54 4.54 4.54 4.51 4.51 4.51 4.51 4.48 4.63 4.48 4.48 4.51 4.51 4.51 4.51 4.22 4.51 3.71 3.71 3.71 3.71 3.71 3.71 3.51 3.51 3.51 3.51 3.53 3.53 3.53 3.53
7.52 1.71 3.43 1.64 2.24 1.94 4.18 4.89 2.98 3.79 4.82 4.86 4.53 4.32 4.07 4.80 4.86 5.28 4.07 4.03 4.07 3.38 3.38 3.59 2.83 2.83 2.83 2.83 3.39 4.65 4.84 4.65 4.76 4.76 5.01 4.78 5.04 5.04 4.97 4.78 5.24 5.01 5.01 5.01 5.12 4.86 5.06 5.35 5.04 4.79 5.17 4.79 4.72 4.72 4.72 4.72 4.70 4.70 4.88 4.70 4.35 4.35 4.35 4.35 4.38 4.38 4.38 4.38 4.37 4.37 3.29 3.59 3.58 3.58 3.58 3.58 3.35 3.35 3.54 3.35 3.37 3.37 3.37 3.37
5.49 3.74 3.59 3.13 4.24 3.59 1.18 1.04 3.13 3.87 4.86 4.65 4.38 4.32 4.15 4.15 4.03 3.18 3.67 3.18 3.11 3.11 3.11 3.11 3.26 2.83 2.83 2.83 3.39 4.65 4.65 4.65 4.76 4.76 4.76 5.01 5.04 4.78 4.78 4.78 5.01 5.01 5.01 5.01 4.86 4.86 4.86 4.86 4.79 4.79 4.79 4.79 4.72 4.72 4.72 4.72 4.70 4.70 4.70 4.70 4.35 4.35 4.35 4.35 4.38 4.38 4.38 4.08 4.28 4.07 3.59 3.59 3.58 3.58 3.58 3.58 3.35 3.35 3.35 3.05 3.08 3.37 3.37 3.37
5.42 3.89 2.32 2.68 2.98 1.18 2.98 2.83 3.14 3.72 4.66 4.63 4.30 4.30 4.37 4.14 3.64 3.15 3.15 3.15 3.07 3.07 3.07 3.26 2.83 2.83 2.83 2.83 3.39 4.58 4.58 4.58 4.69 4.69 4.94 4.94 4.69 4.69 4.69 4.69 4.95 4.70 4.70 4.70 4.82 4.82 4.82 4.82 4.76 4.76 4.76 4.76 5.06 4.70 4.47 4.70 4.69 4.69 4.69 4.69 4.40 4.40 4.40 4.40 4.45 4.45 4.45 4.45 4.63 4.14 3.65 3.35 3.64 3.64 3.64 3.64 3.39 3.39 3.39 3.39 3.58 3.41 3.41 3.41
2.83 5.04 1.71 2.53 2.99 2.83 2.68 2.98 1.33 4.93 4.63 4.66 4.37 4.32 4.30 3.69 3.15 3.15 3.15 3.15 3.07 3.55 3.07 3.07 3.43 3.26 2.83 2.83 3.39 4.58 4.58 4.58 4.69 4.94 4.94 4.69 4.69 4.69 4.69 4.69 4.70 4.89 4.70 4.70 4.82 4.82 4.82 4.82 4.76 4.76 4.76 4.76 4.70 4.70 4.70 4.70 4.69 4.69 4.69 4.69 4.40 4.40 4.40 4.40 4.45 4.45 4.45 4.45 4.44 4.44 3.35 3.35 3.34 3.64 3.64 3.64 3.39 3.39 3.39 3.39 3.41 3.41 3.41 3.41
0.00 0.00 4.23 3.59 1.41 1.26 3.28 3.43 5.01 4.78 4.33 4.33 4.22 4.30 3.98 3.98 3.15 3.15 3.15 3.15 3.07 3.07 3.07 3.07 2.83 2.83 2.83 2.83 3.39 3.39 4.58 4.58 5.04 4.69 4.69 4.69 4.69 4.69 4.69 4.69 4.70 4.70 4.70 4.70 4.82 4.82 5.01 4.82 4.76 4.76 4.95 4.76 4.70 4.70 4.70 4.70 4.69 4.69 4.69 4.69 4.40 4.40 4.40 4.40 4.45 4.45 4.45 4.45 4.44 4.44 3.65 3.65 3.64 3.64 3.64 3.64 3.39 3.39 3.39 3.39 3.41 3.41 3.41 3.41
0.00 0.00 0.00 5.27 1.79 3.74 5.49 3.13 5.11 4.33 4.33 4.33 3.98 3.98 3.98 3.98 3.15 3.15 3.15 3.15 3.07 3.07 2.83 2.83 3.26 2.83 2.83 2.83 3.39 3.39 4.58 4.58 3.46 4.69 4.69 3.39 3.39 3.39 4.69 4.69 4.70 4.70 4.89 4.70 4.82 5.00 4.82 4.82 4.76 5.16 4.95 4.76 4.70 4.70 4.70 4.70 4.69 4.69 4.69 4.69 4.40 4.40 4.40 4.40 4.45 4.45 4.45 4.45 4.44 4.44 3.65 3.65 3.64 3.64 3.64 3.64 3.39 3.39 3.39 3.39 3.41 3.41 3.41 3.41
0.00 0.00 0.00 0.00 1.79 5.19 9.52 4.91 4.27 4.27 4.27 4.27 3.89 3.89 3.89 3.89 3.08 3.08 3.08 3.08 3.01 2.83 2.83 2.83 3.26 2.83 2.83 2.83 3.39 3.39 3.39 3.39 3.39 3.39 3.39 3.39 3.39 4.64 4.70 4.64 4.68 4.68 4.68 4.68 4.78 4.78 4.78 4.78 4.75 4.75 4.75 4.75 4.71 4.71 4.71 4.71 4.71 4.71 4.71 4.71 4.40 4.40 4.40 4.40 4.43 4.43 4.43 4.43 4.45 4.45 3.66 3.66 3.70 3.70 3.70 3.70 3.41 3.41 3.41 3.41 3.40 3.40 3.40 3.40
0.00 0.00 0.00 0.00 4.96 4.89 4.76 4.45 4.49 4.27 4.27 4.49 4.13 3.89 3.89 3.89 3.81 3.08 3.08 3.40 3.01 2.83 2.83 2.83 2.83 2.83 2.83 2.83 3.39 3.39 3.52 3.46 3.39 3.39 3.39 3.39 3.39 3.39 3.39 4.64 4.68 4.68 4.68 4.68 4.78 4.78 4.78 4.78 4.75 4.75 4.75 4.75 4.71 4.71 4.71 4.71 4.71 4.71 4.71 4.71 4.40 4.40 4.40 4.40 4.43 4.43 4.43 4.43 4.45 4.45 3.66 3.66 4.07 3.89 3.70 3.70 3.11 3.41 3.41 3.41 3.40 3.40 3.57 3.40
0.00 0.00 0.00 0.00 3.78 2.98 4.53 4.30 4.49 4.27 4.27 4.27 3.89 4.13 3.89 3.89 3.47 3.08 3.08 2.83 2.83 2.83 2.83 2.83 2.83 2.83 2.83 2.83 3.39 3.39 3.39 3.39 3.39 3.39 3.39 3.39 3.39 3.39 3.39 4.64 4.68 4.68 4.68 4.68 4.78 4.78 4.78 4.78 4.94 4.75 4.94 5.12 4.71 4.71 4.71 4.89 4.71 4.71 4.71 4.71 4.40 4.40 4.10 4.40 4.43 4.43 4.43 4.13 4.45 4.45 3.66 3.66 3.89 3.72 3.70 3.40 3.41 3.41 3.41 3.41 3.57 3.40 3.40 3.60
0.00 0.00 0.00 0.00 0.00 4.91 4.30 4.30 4.27 4.27 4.27 4.27 3.89 3.89 3.89 3.89 1.96 1.96 2.83 2.83 2.83 2.83 2.83 2.83 2.83 2.83 2.83 2.83 3.39 3.39 3.39 3.39 3.39 3.39 3.39 3.39 4.64 4.64 4.64 4.64 4.86 4.68 4.68 4.68 4.97 4.78 4.78 4.78 4.75 4.75 4.75 4.75 5.13 5.07 5.07 4.71 4.71 4.71 4.71 4.48 4.42 4.40 4.40 4.40 4.43 4.59 4.43 4.43 4.45 4.45 3.66 3.66 3.70 3.70 3.89 3.70 3.41 3.41 3.41 3.41 3.40 3.57 3.62 3.77
0.00 0.00 0.00 0.00 0.00 4.71 4.25 4.25 4.22 4.22 4.22 4.22 3.82 3.82 3.82 3.82 3.33 3.68 2.99 2.83 2.83 2.83 2.83 2.83 2.83 2.83 2.83 2.60 3.39 3.39 4.82 3.39 3.39 3.39 3.39 3.39 4.67 4.67 5.04 4.85 4.65 4.65 4.65 4.65 4.77 4.77 4.77 4.77 4.94 4.75 4.75 4.75 4.72 4.72 4.72 4.72 4.74 4.74 4.74 4.74 4.38 4.38 4.38 4.38 4.54 4.38 4.38 4.08 4.44 4.44 3.65 3.65 3.74 3.74 3.74 3.93 3.43 3.43 3.43 3.43 3.39 3.39 3.39 3.39
0.00 0.00 0.00 0.00 5.59 4.56 4.25 4.47 4.22 4.34 4.22 4.22 3.82 3.82 3.82 3.82 3.68 3.68 2.99 2.99 2.97 2.83 2.83 2.97 3.02 2.83 2.83 2.60 3.39 3.39 3.39 3.39 3.39 3.39 4.64 4.64 4.67 4.67 4.67 4.67 4.65 4.65 4.84 4.65 4.77 4.77 4.77 4.77 4.75 4.75 4.75 4.75 4.72 4.72 4.72 4.72 4.74 4.74 4.74 4.74 4.38 4.38 4.38 4.38 4.38 4.38 4.38 4.38 4.60 4.44 3.65 3.65 3.74 3.74 3.74 3.74 3.43 3.14 3.43 3.43 3.89 3.39 3.39 3.39
0.00 0.00 0.00 1.33 5.83 4.71 4.25 4.25 4.34 4.64 4.50 4.50 4.12 4.12 4.12 3.82 3.68 3.68 3.68 2.99 2.97 2.97 2.97 2.97 3.02 3.02 2.83 2.60 3.39 3.39 3.39 3.39 3.39 3.39 3.39 4.64 4.67 4.67 4.67 4.67 4.65 4.65 4.65 4.65 4.77 4.77 4.96 4.77 4.75 4.75 4.75 4.75 4.72 4.72 4.72 4.72 4.74 4.74 4.74 4.74 4.38 4.38 4.38 4.38 4.38 4.38 4.08 4.38 4.60 4.44 3.65 3.65 3.74 3.74 3.44 4.01 3.14 3.43 3.43 3.43 3.39 3.39 3.39 3.39
0.00 0.00 0.00 4.08 4.57 4.47 4.25 4.36 4.64 4.64 4.64 4.64 4.12 4.12 4.12 4.12 3.68 3.68 3.68 2.99 2.97 2.97 2.97 2.97 3.02 3.02 3.02 2.60 3.39 3.39 3.39 3.39 3.39 3.39 3.39 3.39 4.67 4.67 4.67 4.67 4.65 4.65 4.65 4.65 4.77 4.77 4.77 4.77 4.94 4.75 4.75 4.75 4.72 4.90 4.72 4.72 4.74 4.74 4.74 4.74 4.38 4.38 4.38 4.38 4.38 4.38 4.38 4.38 4.44 4.44 3.65 3.65 3.74 3.74 3.74 4.01 3.67 3.43 3.43 3.43 3.09 3.39 3.48 3.39
0.00 0.00 0.00 5.12 5.74 4.96 4.65 3.72 3.57 4.64 4.50 4.50 4.06 4.06 3.50 3.77 3.64 3.64 3.64 3.64 3.03 3.03 3.03 3.03 3.10 3.10 3.10 4.25 4.73 4.73 3.39 3.39 3.39 3.39 3.39 3.39 4.70 4.70 4.70 4.70 4.62 4.62 4.62 4.62 4.75 4.75 4.75 4.75 4.74 4.74 4.74 4.51 4.74 4.74 4.74 4.74 4.80 4.80 4.80 4.80 4.42 4.42 4.42 4.42 4.38 4.38 4.38 4.38 4.43 4.43 3.64 3.64 3.72 3.72 3.72 4.90 8.37 4.33 4.74 4.44 3.40 3.20 3.47 3.60
0.00 0.00 4.73 1.71 1.56 1.86 3.59 3.87 4.79 4.64 4.66 4.50 4.06 4.28 3.95 3.77 3.64 3.64 3.64 3.64 3.03 3.03 3.03 3.03 3.10 3.10 3.10 4.25 4.73 4.73 3.39 3.39 4.73 3.39 3.39 3.39 4.70 4.70 4.70 4.70 4.62 4.62 4.62 4.62 4.75 4.75 4.75 4.75 4.74 4.74 4.51 4.51 4.74 4.74 4.74 4.74 4.80 4.80 4.80 4.80 4.42 4.42 4.42 4.42 4.38 4.38 4.38 4.38 4.43 4.43 3.64 3.64 3.72 3.87 3.72 3.67 3.38 8.52 8.52 5.95 2.85 2.85 3.15 2.94
0.00 0.00 7.20 2.27 2.12 4.03 3.42 4.34 4.20 4.20 4.20 4.01 3.70 3.70 3.45 3.45 3.39 3.39 3.39 3.39 2.79 2.79 2.79 2.79 2.87 2.87 2.87 3.89 4.18 4.18 4.18 4.18 4.19 4.19 4.19 2.79 4.15 4.15 4.15 4.15 4.08 4.08 4.08 4.08 3.93 3.93 3.93 3.93 3.92 3.92 3.92 3.56 3.92 3.92 3.92 3.92 3.98 3.98 3.98 3.98 3.85 3.85 3.85 3.85 3.81 3.81 3.81 3.81 3.86 3.86 3.11 3.11 3.19 3.19 3.19 3.19 3.14 3.14 3.95 3.95 4.72 2.78 3.56 4.80
0.00 0.00 5.44 4.03 1.97 3.96 4.16 4.22 4.32 4.20 4.01 4.01 3.45 3.45 3.45 3.45 2.96 2.96 3.39 3.39 3.48 2.79 2.79 2.79 2.87 2.87 2.87 3.89 4.18 4.18 4.18 4.18 4.19 4.19 4.19 2.79 4.15 4.15 4.15 4.15 4.08 4.08 4.08 4.08 3.93 3.93 3.93 3.93 3.92 3.92 3.92 3.92 3.92 3.92 3.92 3.92 3.98 3.98 4.16 3.98 3.85 3.85 3.85 3.85 3.81 3.81 3.81 3.81 3.86 3.86 3.11 3.26 3.33 3.33 3.19 3.19 3.40 3.14 3.64 4.27 3.23 6.56 7.19 0.00
0.00 0.00 5.22 2.12 3.27 4.64 3.97 3.97 4.14 3.96 4.03 3.96 3.44 3.44 3.44 3.44 3.42 2.99 3.42 3.42 3.63 2.86 2.86 2.86 2.92 2.92 2.92 3.97 4.25 4.02 4.25 4.25 4.22 4.22 4.22 4.22 4.15 4.15 4.29 4.15 4.05 4.05 4.05 4.05 3.91 3.91 3.91 3.91 3.92 3.92 3.92 3.92 3.99 3.99 3.99 3.99 4.08 4.08 4.26 4.26 4.13 4.13 4.13 3.96 3.90 3.90 3.90 3.90 3.83 3.83 3.09 3.09 3.10 3.10 3.10 3.10 3.36 3.36 3.60 3.75 3.23 3.50 6.61 0.00
0.00 0.00 3.78 3.43 3.42 4.41 3.97 3.97 3.96 3.96 3.96 3.96 3.44 3.44 3.44 3.44 3.42 3.42 3.42 3.42 3.50 3.50 2.86 2.86 2.92 2.92 2.92 3.97 4.25 4.02 3.94 4.25 4.22 4.22 4.22 4.22 3.83 4.15 4.29 4.15 4.05 4.05 4.05 4.05 3.91 3.91 3.91 3.91 3.92 3.92 3.92 3.92 3.99 3.99 3.99 3.99 4.26 4.26 4.26 4.26 4.13 4.13 4.13 3.96 3.90 3.90 3.90 3.90 3.83 3.83 3.09 3.09 3.10 3.10 3.10 3.10 3.36 3.36 3.44 3.90 1.70 1.63 3.78 0.00
0.00 0.00 0.00 6.91 2.27 2.26 4.46 3.78 3.69 3.96 3.69 3.69 3.44 3.44 3.44 3.20 2.99 3.42 3.42 3.42 3.50 3.50 2.86 2.86 3.36 2.92 2.92 3.97 4.25 4.25 4.25 4.25 4.22 4.22 4.22 4.08 3.99 4.15 4.15 4.15 3.73 4.05 4.05 4.05 3.91 3.91 3.91 3.91 3.92 3.92 3.92 3.92 3.99 3.99 3.99 4.12 4.08 4.08 4.26 4.26 4.13 4.13 4.13 4.13 3.90 3.90 3.90 3.90 3.83 3.83 3.09 3.09 3.10 3.10 3.10 3.10 3.36 3.36 3.44 4.27 2.60 5.58 0.00 0.00
0.00 0.00 0.00 3.93 2.05 2.27 3.81 4.00 4.14 3.96 3.96 3.96 3.44 3.44 3.44 3.44 3.42 3.42 3.42 3.42 3.50 3.50 2.86 2.86 2.92 2.92 3.97 3.97 4.25 4.25 4.25 4.25 4.22 4.22 4.37 4.22 4.15 4.15 4.15 4.15 4.05 4.05 4.05 4.05 3.91 3.91 3.91 3.91 3.92 3.92 3.92 3.92 3.99 3.99 3.99 3.99 4.08 4.08 4.26 4.26 3.82 4.28 4.28 4.28 3.90 3.90 3.90 3.90 3.83 3.83 3.09 3.09 3.10 3.10 3.10 3.10 3.36 3.36 3.36 3.97 1.85 7.21 0.00 0.00
