New_Model_Runs/15_Future_RCP8.5_Scn2_out/post_prcessed_with_MFR/Monthly_summaries/net_infiltration_monthly_JUL.asc
NCOLS 700
NROWS 400
XLLCENTER 515000.000000
YLLCENTER 8409000.000000
CELLSIZE 50.000000
NODATA_value -999.000000
[rows 76 to 113 of 400, columns 420 to 503 of 700]
0.00 0.00 0.00 0.00 0.00 0.00 0.00 0.00 0.00 0.00 0.00 0.00 0.00 0.00 0.00 0.00 0.00 0.00 0.00 0.00 0.00 0.00 0.00 0.00 0.00 0.00 0.00 0.00 0.00 0.00 0.00 0.00 0.00 0.00 0.00 0.00 0.00 0.00 0.00 0.00 0.00 0.00 0.00 0.00 0.00 0.00 0.00 0.00 0.00 0.00 0.00 0.00 0.00 0.00 0.00 0.00 0.00 0.00 0.00 0.00 0.00 0.00 0.00 0.00 0.00 0.00 0.00 0.00 0.00 0.00 0.00 0.00 0.00 0.00 0.00 0.00 0.00 0.00 0.00 0.00 0.00 0.00 0.00 0.00
0.00 0.00 0.00 0.00 0.00 0.00 0.00 0.00 0.00 0.00 0.00 0.00 0.00 0.00 0.00 0.00 0.00 0.00 0.00 0.00 0.00 0.00 0.00 0.00 0.00 0.00 0.00 0.00 0.00 0.00 0.00 0.00 0.00 0.00 0.00 0.00 0.00 0.00 0.00 0.00 0.00 0.00 0.00 0.00 0.00 0.00 0.00 0.00 0.00 0.00 0.00 0.00 0.00 0.00 0.00 0.00 0.00 0.00 0.00 0.00 0.00 0.00 0.00 0.00 0.00 0.00 0.00 0.00 0.00 0.00 0.00 0.00 0.00 0.00 0.00 0.00 0.00 0.00 0.00 0.00 0.00 0.00 0.00 0.00
0.00 0.00 0.00 0.00 0.00 0.00 0.00 0.00 0.00 0.00 0.00 4.78 0.00 0.00 0.00 0.00 0.00 0.00 0.00 0.00 0.00 0.00 0.00 0.00 0.00 0.00 0.00 0.00 0.00 0.00 0.00 0.00 0.00 0.00 0.00 0.00 0.00 0.00 0.00 0.00 0.00 0.00 0.00 0.00 0.00 0.00 0.00 0.00 0.00 0.00 0.00 0.00 0.00 0.00 0.00 0.00 0.00 0.00 0.00 0.00 0.00 0.00 0.00 0.00 0.00 0.00 0.00 0.00 0.00 0.00 0.00 0.00 0.00 0.00 0.00 0.00 0.00 0.00 0.00 0.00 0.00 0.00 0.00 0.00
0.00 0.00 0.00 0.00 0.00 0.00 0.00 0.00 0.00 0.00 0.00 6.73 0.00 0.00 0.00 0.00 0.00 0.00 0.00 0.00 0.00 0.00 0.00 0.00 0.00 0.00 0.00 0.00 0.00 0.00 0.00 0.00 0.00 0.00 0.00 0.00 0.00 0.00 0.00 0.00 0.00 0.00 0.00 0.00 0.00 0.00 0.00 0.00 0.00 0.00 0.00 0.00 0.00 0.00 0.00 0.00 0.00 0.00 0.00 0.00 0.00 0.00 0.00 0.00 0.00 0.00 0.00 0.00 0.00 0.00 0.00 0.00 0.00 0.00 0.00 0.00 0.00 0.00 0.00 0.00 0.00 0.00 0.00 0.00
0.00 0.00 0.00 0.00 0.00 0.00 0.00 0.00 0.00 0.00 4.78 5.95 0.00 0.00 0.00 0.00 0.00 0.00 0.00 0.00 0.00 0.00 0.00 0.00 0.00 0.00 0.00 0.00 0.00 0.00 0.00 0.00 0.00 0.00 0.00 0.00 0.00 0.00 0.00 0.00 0.00 0.00 0.00 0.00 0.00 0.00 0.00 0.00 0.00 0.00 0.00 0.00 0.00 0.00 0.00 0.00 0.00 0.00 0.00 0.00 0.00 0.00 0.00 0.00 0.00 0.00 0.00 0.00 0.00 0.00 0.00 0.00 0.00 0.00 0.00 0.00 0.00 0.00 0.00 0.00 0.00 0.00 0.00 0.00
0.00 0.00 0.00 0.00 0.00 0.00 0.00 0.00 0.00 4.78 5.95 5.95 4.81 0.00 0.00 0.00 0.00 0.00 0.00 0.00 0.00 0.00 0.00 0.00 0.00 0.00 0.00 0.00 0.00 0.00 0.00 0.00 0.00 0.00 0.00 0.00 0.00 0.00 0.00 0.00 0.00 0.00 0.00 0.00 0.00 0.00 0.00 0.00 0.00 0.00 0.00 0.00 0.00 0.00 0.00 0.00 0.00 0.00 0.00 0.00 0.00 0.00 0.00 0.00 0.00 0.00 0.00 0.00 0.00 0.00 0.00 0.00 0.00 0.00 0.00 0.00 0.00 0.00 0.00 0.00 0.00 0.00 0.00 0.00
6.54 6.54 0.00 0.00 0.00 0.00 0.00 6.50 6.42 7.25 6.42 6.42 6.61 0.00 0.00 0.00 0.00 0.00 0.00 0.00 0.00 0.00 0.00 0.00 0.00 0.00 0.00 0.00 0.00 0.00 0.00 0.00 0.00 0.00 0.00 0.00 0.00 0.00 0.00 0.00 0.00 0.00 0.00 0.00 0.00 0.00 0.00 0.00 0.00 0.00 0.00 0.00 0.00 0.00 0.00 0.00 4.36 0.00 0.00 0.00 0.00 0.00 0.00 0.00 0.00 0.00 0.00 0.00 0.00 0.00 0.00 0.00 0.00 0.00 0.00 0.00 0.00 0.00 0.00 0.00 0.00 0.00 0.00 0.00
6.54 6.54 6.54 0.00 0.00 0.00 7.33 7.33 6.42 7.25 6.42 6.42 4.55 0.00 0.00 0.00 0.00 0.00 0.00 0.00 0.00 0.00 0.00 0.00 0.00 0.00 0.00 0.00 0.00 0.00 0.00 0.00 0.00 0.00 0.00 0.00 0.00 0.00 0.00 0.00 0.00 0.00 0.00 0.00 0.00 0.00 0.00 0.00 0.00 0.00 0.00 0.00 0.00 0.00 0.00 0.00 7.03 0.00 0.00 0.00 0.00 0.00 0.00 0.00 0.00 0.00 0.00 0.00 0.00 7.19 3.80 0.00 0.00 0.00 0.00 0.00 0.00 0.00 0.00 0.00 0.00 0.00 0.00 0.00
7.36 6.51 6.51 6.51 6.43 6.43 6.43 6.43 6.40 6.40 6.40 6.40 4.55 0.00 0.00 0.00 0.00 0.00 0.00 0.00 0.00 0.00 0.00 0.00 0.00 0.00 0.00 0.00 0.00 0.00 0.00 0.00 0.00 0.00 0.00 0.00 0.00 0.00 0.00 0.00 0.00 0.00 0.00 0.00 0.00 0.00 0.00 0.00 0.00 0.00 0.00 0.00 0.00 0.00 0.00 0.00 7.06 7.06 0.00 0.00 0.00 0.00 0.00 0.00 0.00 0.00 0.00 0.00 7.47 6.86 5.86 0.00 0.00 0.00 0.00 0.00 0.00 0.00 0.00 0.00 0.00 0.00 0.00 0.00
6.51 6.51 6.51 6.51 6.43 6.43 6.43 6.43 6.40 6.40 6.40 6.40 4.55 0.00 0.00 0.00 0.00 0.00 0.00 0.00 0.00 0.00 0.00 0.00 0.00 0.00 0.00 4.55 7.39 5.27 0.00 0.00 0.00 0.00 0.00 0.00 0.00 0.00 0.00 0.00 0.00 0.00 0.00 0.00 0.00 0.00 0.00 0.00 0.00 0.00 0.00 0.00 0.00 0.00 0.00 0.00 7.06 7.06 0.00 0.00 0.00 0.00 0.00 0.00 0.00 0.00 0.00 4.47 7.73 6.86 5.86 3.80 0.00 0.00 0.00 0.00 0.00 0.00 0.00 0.00 0.00 0.00 0.00 0.00
6.51 7.36 6.51 6.51 8.44 6.43 6.43 6.43 6.40 6.40 6.40 6.40 6.73 0.00 0.00 0.00 0.00 0.00 0.00 0.00 0.00 0.00 0.00 0.00 0.00 0.00 0.00 6.70 6.66 6.66 0.00 0.00 0.00 0.00 0.00 0.00 0.00 0.00 0.00 0.00 0.00 0.00 0.00 0.00 0.00 3.70 4.36 0.00 0.00 0.00 0.00 0.00 0.00 0.00 0.00 0.00 7.06 7.06 7.32 0.00 0.00 0.00 0.00 0.00 0.00 0.00 0.00 6.92 6.86 6.86 5.86 5.86 3.80 0.00 0.00 0.00 0.00 0.00 0.00 0.00 0.00 5.88 5.88 0.00
6.51 6.51 7.36 6.51 6.43 6.43 6.43 6.43 6.40 6.40 6.40 6.40 6.73 0.00 0.00 0.00 0.00 0.00 0.00 0.00 0.00 0.00 0.00 0.00 0.00 0.00 8.28 6.70 6.66 6.66 0.00 0.00 0.00 0.00 0.00 0.00 0.00 0.00 0.00 0.00 0.00 0.00 0.00 0.00 0.00 7.64 4.36 4.36 0.00 0.00 0.00 0.00 0.00 0.00 0.00 0.00 7.32 7.06 7.06 7.06 6.92 0.00 7.98 6.92 6.92 6.92 0.00 7.54 6.86 6.86 5.86 5.86 5.87 0.00 0.00 0.00 0.00 0.00 0.00 0.00 5.88 5.88 5.88 5.88
6.47 7.31 7.31 6.47 6.41 6.41 6.41 6.41 6.51 6.51 6.51 6.51 6.85 0.00 0.00 0.00 0.00 0.00 0.00 0.00 0.00 0.00 0.00 0.00 0.00 4.55 6.71 6.71 6.68 0.00 0.00 0.00 0.00 0.00 0.00 0.00 0.00 0.00 0.00 0.00 0.00 0.00 0.00 0.00 0.00 7.16 7.16 7.16 4.36 4.36 0.00 0.00 0.00 0.00 0.00 0.00 7.68 7.75 7.09 7.09 6.91 6.91 6.91 6.91 6.86 6.86 7.48 7.69 6.86 8.34 5.87 5.87 5.95 0.00 0.00 0.00 0.00 0.00 0.00 5.93 6.31 5.88 5.88 5.88
6.47 6.47 6.47 6.47 6.41 7.25 6.41 6.41 6.51 6.51 6.51 6.51 6.85 0.00 0.00 0.00 0.00 0.00 0.00 0.00 0.00 0.00 4.55 0.00 0.00 7.57 6.71 6.71 6.68 0.00 0.00 0.00 0.00 0.00 0.00 0.00 0.00 0.00 0.00 0.00 0.00 0.00 0.00 0.00 0.00 7.16 7.16 7.16 7.20 7.20 0.00 0.00 0.00 0.00 0.00 0.00 7.75 7.09 7.09 7.09 6.91 6.91 7.95 6.91 7.48 6.86 6.86 6.86 7.47 6.86 5.87 5.87 5.95 6.41 0.00 0.00 0.00 0.00 5.93 5.93 5.88 5.88 5.88 5.88
6.47 6.47 6.47 6.47 6.41 6.41 6.41 6.41 6.51 6.51 6.51 6.51 8.40 0.00 0.00 0.00 0.00 0.00 0.00 0.00 5.12 6.78 6.78 6.78 6.71 6.71 6.71 6.71 0.00 0.00 0.00 0.00 0.00 0.00 0.00 0.00 0.00 0.00 0.00 0.00 0.00 0.00 0.00 0.00 4.36 7.16 7.16 7.16 7.20 7.20 0.00 0.00 0.00 0.00 0.00 0.00 0.00 7.09 7.09 7.09 6.91 6.91 6.91 6.91 6.86 6.86 6.86 6.86 6.86 6.86 5.87 5.87 5.95 6.41 5.95 5.95 0.00 5.93 5.93 5.93 5.88 5.88 5.88 5.88
6.47 6.47 6.47 6.47 6.41 6.41 6.41 6.41 6.51 6.51 6.51 6.51 8.40 8.40 0.00 0.00 0.00 0.00 0.00 6.83 6.78 6.78 6.78 6.78 6.83 6.83 6.71 6.71 0.00 0.00 0.00 0.00 0.00 0.00 0.00 0.00 0.00 0.00 0.00 0.00 0.00 0.00 0.00 0.00 0.00 7.16 7.16 7.16 7.20 0.00 0.00 0.00 0.00 0.00 0.00 0.00 7.09 7.09 7.09 7.09 6.91 6.91 6.91 6.91 6.86 6.86 6.86 6.86 6.86 6.86 5.87 6.31 5.95 5.95 5.95 5.95 5.93 5.93 5.93 5.93 5.88 5.88 5.88 5.88
6.45 6.45 6.45 6.45 6.44 6.44 6.44 6.44 6.60 6.60 6.60 8.09 8.45 9.02 0.00 0.00 0.00 0.00 0.00 7.72 6.75 6.75 7.62 6.90 6.89 7.60 6.74 0.00 0.00 0.00 0.00 0.00 0.00 0.00 0.00 0.00 0.00 0.00 0.00 0.00 0.00 0.00 0.00 0.00 0.00 7.21 7.21 7.21 0.00 0.00 0.00 0.00 0.00 0.00 0.00 0.00 7.94 7.08 7.08 7.08 6.81 6.81 6.81 7.42 7.40 6.79 6.79 6.79 6.92 6.92 5.92 5.92 6.47 6.49 6.02 6.02 6.02 6.02 6.02 6.02 6.01 6.01 6.01 6.01
6.45 6.45 6.45 7.29 6.44 6.44 6.44 6.44 6.60 6.60 8.09 8.63 8.45 8.45 10.05 0.00 0.00 0.00 0.00 7.18 6.75 6.75 6.75 6.75 6.74 6.74 6.74 0.00 0.00 0.00 0.00 0.00 0.00 0.00 0.00 0.00 0.00 0.00 0.00 0.00 0.00 0.00 0.00 0.00 0.00 0.00 7.21 7.21 0.00 0.00 0.00 0.00 0.00 0.00 0.00 8.37 7.94 7.08 7.08 7.08 6.81 6.81 6.81 6.81 6.79 6.79 7.60 6.79 6.92 6.92 5.92 5.92 6.02 6.02 6.02 6.02 6.02 6.02 6.02 6.02 6.01 6.01 6.01 6.01
6.45 6.45 6.45 6.45 6.44 6.44 6.44 6.44 8.43 6.60 8.09 9.63 6.89 6.89 6.89 8.45 7.49 8.43 8.42 8.42 6.75 6.75 6.75 6.75 6.74 6.74 6.74 0.00 0.00 0.00 0.00 0.00 0.00 0.00 0.00 0.00 0.00 0.00 0.00 0.00 0.00 0.00 0.00 0.00 0.00 0.00 7.21 7.21 7.26 7.26 0.00 0.00 0.00 0.00 8.19 8.19 7.94 7.08 7.94 7.90 6.81 6.81 6.81 7.42 6.79 7.39 7.39 6.79 6.92 6.92 5.92 5.92 6.02 6.02 6.02 6.17 7.76 7.76 11.24 6.30 6.01 0.00 0.00 0.00
6.45 7.29 6.45 6.45 6.44 6.44 6.44 7.28 6.60 6.60 6.60 6.60 6.89 6.89 6.89 6.89 8.38 8.38 9.00 8.42 6.75 6.75 6.75 6.75 6.74 6.74 6.74 0.00 0.00 0.00 0.00 0.00 0.00 0.00 0.00 0.00 0.00 0.00 0.00 0.00 0.00 0.00 0.00 0.00 0.00 0.00 7.21 6.97 7.26 8.17 8.17 7.26 7.27 8.19 8.19 8.19 7.94 7.08 7.08 7.67 6.81 6.81 6.81 6.81 6.79 6.79 6.79 6.79 6.92 6.92 5.92 5.92 6.02 7.01 7.34 8.93 6.70 10.63 0.00 0.00 0.00 0.00 0.00 0.00
6.49 6.49 7.33 6.49 6.43 6.43 6.43 6.43 6.57 6.57 6.57 6.57 6.90 6.90 6.90 6.90 7.64 8.22 8.53 8.42 6.73 6.73 6.73 7.53 6.78 5.98 5.98 0.00 0.00 0.00 0.00 0.00 0.00 0.00 0.00 0.00 0.00 0.00 0.00 0.00 0.00 0.00 0.00 0.00 0.00 0.00 7.70 6.39 7.24 8.14 7.24 7.24 8.16 8.06 8.06 8.06 6.93 6.93 6.93 7.54 6.82 6.82 6.82 6.82 6.97 6.97 6.97 6.97 7.14 7.14 6.11 6.11 7.18 7.33 8.34 6.60 4.39 0.00 0.00 0.00 0.00 0.00 0.00 0.00
7.33 6.49 6.49 6.49 6.43 6.43 6.43 6.43 6.57 6.57 6.57 6.57 6.90 6.90 6.90 8.71 8.69 9.25 8.57 8.42 6.73 6.73 6.73 6.73 8.30 5.98 5.98 0.00 0.00 0.00 0.00 0.00 0.00 0.00 0.00 0.00 0.00 0.00 0.00 0.00 0.00 0.00 0.00 0.00 0.00 7.62 7.23 6.39 7.24 8.14 7.24 7.24 8.06 8.06 8.06 7.17 6.93 6.93 6.93 6.93 6.82 6.82 6.82 6.82 6.97 6.97 6.97 6.97 7.14 7.14 6.11 7.24 7.43 8.48 7.33 10.50 0.00 0.00 0.00 0.00 0.00 0.00 0.00 0.00
7.25 7.25 8.19 7.25 7.18 7.18 7.18 7.18 7.33 7.33 7.33 7.33 7.73 7.73 9.71 9.71 9.56 10.53 11.08 9.56 7.55 7.55 6.61 6.61 6.65 6.73 6.65 0.00 0.00 0.00 0.00 0.00 0.00 0.00 0.00 0.00 0.00 0.00 0.00 0.00 0.00 0.00 0.00 0.00 7.37 7.73 7.73 7.73 7.74 8.96 7.74 7.74 8.88 8.88 7.68 7.68 7.70 7.70 7.70 7.70 7.51 7.51 7.51 7.51 7.67 7.67 7.67 7.67 7.85 7.85 6.75 7.89 8.71 10.28 11.70 0.15 0.00 0.00 0.00 0.00 0.00 0.00 0.00 0.00
7.25 7.25 7.25 8.18 7.18 7.18 7.18 7.18 7.33 7.33 7.33 7.33 7.73 9.61 9.61 9.61 9.67 9.67 9.56 9.56 6.61 6.61 6.61 6.61 6.65 6.65 6.65 0.00 0.00 0.00 0.00 0.00 0.00 0.00 0.00 0.00 0.00 0.00 0.00 0.00 0.00 0.00 0.00 0.00 7.73 8.25 7.10 7.73 8.96 8.96 7.74 8.96 8.88 8.88 7.45 7.68 7.70 7.70 7.70 7.70 7.51 7.51 7.51 7.51 7.67 7.67 7.67 7.67 7.85 8.86 11.52 11.67 10.42 11.40 0.15 0.00 0.00 0.00 0.00 0.00 0.00 0.00 0.00 0.00
7.26 7.26 8.21 7.26 7.17 7.17 7.17 7.17 7.33 7.33 7.33 7.33 7.73 9.60 9.60 9.60 9.44 9.56 13.29 6.66 6.59 6.59 6.59 6.59 6.71 6.71 0.00 0.00 0.00 0.00 0.00 0.00 0.00 0.00 0.00 0.00 0.00 0.00 0.00 0.00 0.00 0.00 0.00 8.54 8.09 7.71 7.10 7.10 8.87 8.87 8.87 8.87 8.75 7.73 7.73 8.16 7.69 7.69 7.69 7.69 7.77 7.77 7.77 7.77 7.90 7.90 7.90 7.90 7.93 12.62 12.60 6.85 2.81 6.59 0.00 0.00 0.00 0.00 0.00 0.00 0.00 0.00 0.00 0.00
8.97 7.26 9.75 7.26 7.17 7.17 7.17 7.17 7.33 7.33 7.33 7.33 9.60 9.60 9.60 9.60 9.44 8.80 10.72 6.66 6.59 6.59 6.59 6.59 6.71 6.71 0.00 0.00 0.00 0.00 0.00 0.00 0.00 0.00 0.00 8.60 8.59 8.59 0.00 0.00 8.54 8.54 7.77 8.54 7.71 7.11 7.11 7.11 8.87 8.87 8.87 8.87 7.73 7.68 8.16 7.73 7.69 7.69 7.69 7.69 7.77 7.77 8.76 8.76 8.92 7.90 7.90 7.78 12.62 4.92 2.81 2.96 2.81 2.30 10.03 0.00 0.00 0.00 0.00 0.00 0.00 0.00 0.00 0.00
8.22 8.21 8.22 8.22 7.17 7.17 7.17 8.10 7.33 7.33 7.33 9.06 9.60 9.60 10.32 8.94 8.80 8.80 9.67 6.66 6.59 6.59 6.59 6.59 6.71 6.71 0.00 0.00 0.00 0.00 0.00 0.00 0.00 0.00 0.00 8.60 8.59 8.59 8.59 8.59 8.54 8.54 7.42 9.31 7.08 7.11 7.11 7.11 8.87 8.87 9.08 7.67 7.73 8.16 7.73 7.73 7.69 7.69 7.69 7.69 7.77 7.77 8.76 8.76 8.92 8.92 12.55 12.71 4.53 2.67 2.81 2.81 2.81 6.40 3.31 4.23 0.00 0.00 0.00 0.00 0.00 0.00 0.00 0.00
8.22 7.26 7.26 7.26 8.10 7.17 7.17 7.17 7.33 7.33 7.33 9.06 9.60 8.94 8.94 8.94 8.80 8.80 8.80 6.66 6.59 6.59 6.59 6.59 6.71 6.71 0.00 0.00 0.00 0.00 0.00 0.00 0.00 0.00 0.00 8.60 8.59 9.36 8.59 8.59 8.15 8.54 8.54 8.54 7.11 7.71 8.92 8.92 8.87 9.20 8.87 8.87 7.73 7.73 7.73 7.73 7.69 7.69 7.69 7.69 7.77 7.77 8.76 8.76 9.12 12.79 8.70 3.54 2.67 2.67 2.81 3.50 3.50 5.35 8.37 3.15 4.23 0.00 0.00 0.00 0.00 0.00 0.00 0.00
7.22 9.49 7.22 7.22 7.21 7.21 7.21 7.21 7.30 7.30 7.30 8.25 8.76 8.76 8.76 8.76 8.65 8.65 8.65 6.56 6.66 6.66 6.66 6.66 6.78 6.78 7.51 0.00 0.00 0.00 0.00 0.00 0.00 0.00 10.09 10.22 8.72 8.64 8.58 8.58 8.47 8.47 7.63 8.47 8.85 8.85 8.85 9.19 8.87 8.87 8.87 8.87 7.72 7.72 7.72 7.72 7.69 7.69 7.69 7.69 7.99 9.05 8.94 12.57 12.85 9.19 3.54 3.54 2.67 1.88 2.81 2.81 2.81 4.89 1.98 5.61 11.61 6.91 0.00 0.00 0.00 0.00 0.00 0.00
7.22 7.22 9.68 7.22 7.21 7.21 7.21 7.21 7.30 7.30 9.09 6.40 10.56 8.76 8.76 8.76 8.65 8.65 6.56 6.56 6.66 6.66 6.66 6.66 6.78 8.18 6.78 0.00 0.00 0.00 0.00 0.00 0.00 0.00 4.77 10.22 9.98 9.98 8.58 8.58 8.47 8.09 8.09 9.85 8.85 8.85 8.61 8.85 8.87 8.94 8.87 8.87 7.72 7.72 7.72 7.72 8.90 8.90 8.90 8.67 9.05 9.05 8.94 10.89 7.99 7.99 7.99 3.54 3.54 2.67 2.81 2.96 2.96 4.59 8.37 11.99 7.79 6.76 6.86 10.49 3.78 0.00 0.00 0.00
8.16 7.22 7.22 7.22 7.21 7.21 7.21 7.21 10.40 7.66 6.40 6.40 6.63 6.63 6.63 8.76 8.65 6.56 6.56 6.56 6.66 6.66 6.66 6.66 6.78 6.78 10.60 6.06 0.00 0.00 0.00 0.00 0.00 3.93 2.36 8.96 10.32 9.87 9.35 8.58 8.47 8.47 8.47 9.51 8.85 9.19 8.85 8.85 8.87 8.87 8.87 8.87 7.72 7.72 8.74 8.74 8.90 8.90 8.90 8.90 9.05 8.94 12.65 7.99 7.99 8.14 8.56 7.99 3.54 2.67 2.81 10.83 11.74 11.68 8.05 8.13 6.68 6.31 6.31 6.31 6.73 6.73 11.92 0.00
7.22 7.22 7.22 7.22 7.21 7.21 7.21 6.33 7.24 6.40 6.40 7.24 7.48 6.63 6.63 6.63 6.56 6.56 6.56 6.56 6.66 6.66 6.66 8.25 8.18 6.82 12.66 9.87 6.54 12.01 7.82 6.29 6.29 2.51 9.23 10.09 8.24 8.58 8.58 8.58 8.47 8.47 8.47 9.85 8.85 9.08 8.85 8.85 8.87 8.87 9.78 9.76 7.72 7.72 7.72 8.74 8.90 9.24 8.90 8.90 12.65 11.03 9.07 7.99 8.56 12.64 12.18 12.03 12.48 12.47 11.65 8.17 7.96 8.29 6.79 6.79 6.31 6.31 6.31 6.31 6.86 6.35 7.68 7.35
8.41 8.41 7.19 7.19 7.21 6.33 7.17 6.33 6.34 6.34 6.34 6.34 6.54 7.40 6.54 6.54 6.61 6.61 6.61 6.61 6.77 6.77 6.77 6.77 6.86 13.24 8.73 9.76 2.81 2.66 6.75 6.44 2.99 9.11 9.70 10.18 8.66 8.61 8.61 8.61 8.46 8.46 8.46 9.82 8.90 9.11 7.84 8.90 8.81 7.77 8.22 7.77 7.62 7.62 7.62 7.62 7.86 7.86 7.86 9.12 12.70 5.96 5.96 8.45 12.38 8.02 8.02 9.08 8.82 8.82 7.98 8.15 7.75 7.85 6.72 6.72 6.25 6.74 6.25 6.25 6.38 6.38 7.70 7.71
8.28 8.28 8.28 8.28 8.31 6.33 7.17 6.33 6.34 6.34 6.34 6.34 7.40 7.40 6.54 6.54 6.61 6.61 6.61 6.61 6.77 6.77 6.77 6.77 6.86 13.04 9.61 9.31 9.24 2.81 2.81 12.44 9.23 9.08 9.08 10.17 9.45 7.52 8.61 8.61 8.46 8.46 8.46 8.46 7.33 7.84 7.84 7.84 7.77 7.77 7.77 7.77 7.62 7.62 7.62 7.62 7.86 7.86 7.86 9.18 9.59 5.96 5.96 7.63 11.52 8.50 8.02 8.02 7.92 8.96 7.89 7.98 8.08 7.85 6.72 6.72 6.74 6.25 6.25 6.25 6.38 6.77 6.38 7.46
8.28 8.28 8.28 8.28 8.31 8.31 6.33 6.33 6.34 6.34 7.19 6.34 6.54 7.40 6.54 6.54 6.61 6.61 6.61 6.61 6.77 6.77 6.77 6.77 9.22 6.66 9.46 9.31 9.40 3.07 8.51 13.90 9.08 10.34 8.96 10.03 10.39 10.09 8.61 8.61 8.46 8.46 8.46 8.46 7.84 7.39 7.84 7.84 7.77 7.77 7.77 7.77 7.62 7.62 7.62 7.62 7.86 7.86 9.26 11.70 7.43 7.96 8.45 11.52 8.82 9.14 8.60 8.50 7.92 8.38 9.27 7.98 7.75 6.72 7.21 6.72 6.25 6.25 6.25 6.25 6.38 6.77 7.29 7.58
8.28 8.28 8.28 8.28 8.31 8.31 6.33 6.33 6.34 6.34 6.34 6.34 6.54 6.54 6.54 6.54 6.61 6.61 6.61 6.61 6.77 6.77 6.77 6.92 9.07 9.26 12.94 9.46 9.24 8.38 12.86 9.39 10.26 7.95 10.36 10.12 9.68 10.18 10.02 8.61 8.08 8.46 8.46 8.46 7.84 8.29 7.84 7.84 7.77 7.77 7.77 7.77 7.62 7.62 7.62 7.62 7.86 7.86 7.97 11.70 8.11 7.96 7.89 11.84 8.82 8.25 8.60 8.60 8.38 7.92 6.82 9.41 8.81 8.03 7.24 7.20 6.25 6.25 6.25 6.25 6.38 6.38 7.29 7.46
8.24 8.24 8.24 8.24 8.29 7.92 8.29 6.32 6.31 6.31 7.15 6.31 6.57 6.57 6.57 6.57 6.69 6.69 6.69 6.69 6.82 6.82 6.82 6.97 9.08 9.08 10.17 13.84 9.24 9.09 12.86 10.34 9.46 9.51 8.67 10.10 10.01 10.01 10.53 8.60 8.48 8.48 8.48 8.48 7.83 7.83 7.83 7.83 7.84 7.84 7.84 7.84 7.78 7.78 7.78 7.78 7.93 7.93 12.87 11.63 8.01 8.60 9.08 8.99 7.56 9.08 9.08 5.96 9.57 7.90 6.80 7.34 7.96 7.13 6.65 6.65 6.26 6.26 6.26 6.26 6.77 7.46 7.80 7.46
8.24 8.24 7.50 8.91 8.29 8.29 8.29 6.32 7.12 6.31 7.73 6.31 6.57 6.57 6.57 6.57 6.69 6.69 6.69 6.69 6.82 6.82 6.82 9.10 9.08 9.08 9.23 12.36 8.53 9.27 14.81 10.95 9.46 8.67 8.67 8.67 8.60 8.60 8.60 8.60 8.48 8.48 8.48 9.22 7.83 7.83 7.83 7.83 7.84 7.84 7.84 7.84 7.78 7.78 7.78 9.01 7.93 8.00 11.63 5.71 10.56 8.93 8.93 8.38 9.08 7.56 9.08 5.96 5.96 9.35 7.31 6.80 6.65 6.65 7.21 6.65 6.26 6.26 6.26 6.26 6.38 7.29 7.29 7.29
