New_Model_Runs/15_Future_RCP8.5_Scn2_out/post_prcessed_with_MFR/Monthly_summaries/net_infiltration_monthly_MAY.asc
NCOLS 700
NROWS 400
XLLCENTER 515000.000000
YLLCENTER 8409000.000000
CELLSIZE 50.000000
NODATA_value -999.000000
[rows 152 to 189 of 400, columns 336 to 419 of 700]
7.34 8.60 8.18 7.59 7.55 7.60 7.70 7.70 7.67 7.49 7.08 7.08 7.70 7.70 6.96 6.96 6.62 6.62 7.30 6.62 6.73 6.73 6.73 6.73 6.83 10.46 5.50 5.50 5.81 5.73 6.03 5.66 5.32 5.32 5.47 5.95 5.80 10.97 6.69 6.80 6.91 10.60 10.35 10.29 10.29 9.53 2.05 1.90 5.42 0.00 0.00 0.00 0.00 0.00 0.00 0.00 0.00 0.00 0.00 0.00 0.00 0.00 0.00 0.00 0.00 0.00 0.00 0.00 0.00 0.00 0.00 0.00 0.00 0.00 0.00 0.00 0.00 0.00 0.00 0.00 0.00 0.00 0.00 0.00
7.31 9.14 9.24 7.87 8.00 8.46 8.15 7.97 8.09 7.49 7.49 7.08 6.96 6.96 6.96 6.96 6.62 6.62 6.62 6.62 6.73 6.73 6.73 6.73 6.83 7.84 11.46 11.46 5.50 10.32 5.81 5.50 9.58 9.90 9.43 9.43 10.16 7.60 7.47 6.80 6.76 10.63 9.70 6.16 9.79 1.90 2.05 2.05 5.42 0.00 0.00 0.00 0.00 0.00 0.00 0.00 0.00 0.00 0.00 0.00 0.00 0.00 0.00 0.00 0.00 0.00 0.00 0.00 0.00 0.00 0.00 0.00 0.00 0.00 0.00 0.00 0.00 0.00 0.00 0.00 0.00 0.00 0.00 0.00
8.23 7.92 7.77 6.94 8.86 9.92 7.55 7.55 7.49 7.49 7.49 7.08 6.96 6.96 6.96 7.63 6.62 6.62 6.62 6.62 6.73 6.73 6.73 6.73 11.46 11.46 11.46 12.70 11.49 9.88 9.88 9.88 5.52 9.73 9.94 10.39 7.07 10.96 7.17 6.88 6.76 10.94 10.61 6.16 5.63 6.31 6.20 6.20 5.42 5.80 0.00 0.00 0.00 0.00 0.00 0.00 0.00 0.00 0.00 0.00 0.00 0.00 0.00 0.00 0.00 0.00 0.00 0.00 0.00 0.00 0.00 0.00 0.00 0.00 0.00 0.00 0.00 0.00 0.00 0.00 0.00 0.00 0.00 0.00
7.74 7.60 8.00 7.60 7.70 7.70 8.13 7.55 7.49 7.49 7.49 7.49 8.37 6.96 6.96 6.96 6.62 6.62 6.62 6.62 6.73 6.73 6.73 6.73 10.46 6.83 6.83 6.99 7.90 10.87 5.81 6.63 9.79 9.79 9.79 10.92 10.92 7.19 7.01 6.80 6.85 10.61 5.48 6.16 5.68 2.05 6.20 6.20 5.42 9.39 0.00 0.00 0.00 0.00 0.00 0.00 0.00 0.00 0.00 0.00 0.00 0.00 0.00 0.00 0.00 0.00 0.00 0.00 0.00 0.00 0.00 0.00 0.00 0.00 0.00 0.00 0.00 0.00 0.00 0.00 0.00 0.00 0.00 0.00
7.70 7.60 8.46 7.70 7.54 7.54 7.54 7.54 7.48 7.48 7.48 7.48 8.83 7.68 6.94 6.94 6.63 6.63 6.63 6.63 6.73 6.73 6.73 10.36 6.76 6.76 6.76 6.76 7.53 8.23 12.04 6.63 6.21 9.79 9.79 6.87 6.98 6.73 6.73 6.73 10.50 6.99 5.53 6.73 9.79 5.53 6.16 1.85 1.73 5.57 0.15 0.00 0.00 0.00 0.00 0.00 0.00 0.00 0.00 0.00 0.00 0.00 0.00 0.00 0.00 0.00 0.00 0.00 0.00 0.00 0.00 0.00 0.00 0.00 0.00 0.00 0.00 0.00 0.00 0.00 0.00 0.00 0.00 0.00
7.70 7.73 7.55 7.70 7.54 7.54 7.54 7.54 7.48 7.60 7.48 7.48 7.33 7.33 6.94 6.94 6.63 6.63 6.63 6.63 7.41 6.73 6.73 10.36 6.76 6.76 7.35 7.51 7.53 7.38 11.27 10.41 9.79 10.65 7.19 7.04 6.73 6.73 6.73 6.73 6.89 6.66 10.35 5.48 5.48 5.53 1.90 6.16 1.73 5.57 1.71 0.00 0.00 0.00 0.00 0.00 0.00 0.00 0.00 0.00 0.00 0.00 0.00 0.00 0.00 0.00 0.00 0.00 0.00 0.00 0.00 0.00 0.00 0.00 0.00 0.00 0.00 0.00 0.00 0.00 0.00 0.00 0.00 0.00
7.55 8.13 7.55 7.55 7.54 7.54 7.54 7.69 7.67 7.48 7.73 7.73 7.83 7.33 6.94 6.94 6.63 6.63 6.63 7.31 6.73 6.73 10.36 7.31 7.35 7.35 7.35 7.35 7.38 7.38 11.07 7.59 6.91 6.91 6.84 6.91 6.73 6.73 6.73 6.73 6.81 6.81 5.48 5.53 9.79 9.79 1.90 2.05 1.94 5.57 9.69 0.00 0.00 0.00 0.00 0.00 0.00 0.00 0.00 0.00 0.00 0.00 0.00 0.00 0.00 0.00 0.00 0.00 0.00 0.00 0.00 0.00 0.00 0.00 0.00 0.00 0.00 0.00 0.00 0.00 0.00 0.00 0.00 0.00
7.55 7.55 8.13 7.55 7.54 7.54 7.69 7.69 7.67 7.48 7.48 7.48 7.33 7.33 7.33 6.94 6.63 6.63 6.63 6.63 6.73 11.34 10.94 7.31 7.35 7.76 7.35 7.35 7.38 7.38 7.53 7.73 6.84 6.84 6.84 6.84 6.73 6.73 6.73 6.73 6.81 6.89 5.48 9.79 9.79 9.79 5.53 5.53 5.72 5.87 5.57 0.00 0.00 0.00 0.00 0.00 0.00 0.00 0.00 0.00 0.00 0.00 0.00 0.00 0.00 0.00 0.00 0.00 0.00 0.00 0.00 0.00 0.00 0.00 0.00 0.00 0.00 0.00 0.00 0.00 0.00 0.00 0.00 0.00
7.51 7.96 7.68 7.51 7.51 7.51 7.68 7.68 7.45 7.45 7.45 7.45 7.30 7.30 7.30 7.30 6.60 6.60 7.16 7.16 7.22 10.85 7.22 7.22 7.25 7.25 7.25 7.25 7.25 7.66 7.25 7.25 6.73 6.73 6.73 7.22 6.75 6.75 6.75 6.75 6.83 10.46 6.07 6.99 10.92 6.46 7.29 9.79 6.72 7.03 5.92 5.75 0.00 0.00 0.00 0.00 0.00 0.00 0.00 0.00 0.00 0.00 0.00 0.00 0.00 0.00 0.00 0.00 0.00 0.00 0.00 0.00 0.00 0.00 0.00 0.00 0.00 0.00 0.00 0.00 0.00 0.00 0.00 0.00
7.51 8.48 8.48 7.51 7.51 7.51 7.68 7.68 7.65 7.45 7.45 6.02 7.30 7.30 7.30 7.30 7.16 7.16 7.16 7.16 10.85 7.22 7.22 7.22 7.25 7.82 7.25 7.25 7.25 7.82 7.25 7.25 6.73 6.73 7.15 7.15 6.75 6.75 6.75 6.75 7.39 7.03 7.24 6.87 7.03 7.32 7.16 6.89 6.48 6.96 10.71 10.15 5.72 5.72 5.66 5.42 0.00 0.00 0.00 0.00 0.00 0.00 0.00 0.00 0.00 0.00 0.00 0.00 0.00 0.00 0.00 0.00 0.00 0.00 0.00 0.00 0.00 0.00 0.00 0.00 0.00 0.00 0.00 0.00
8.94 10.31 8.94 8.79 8.79 8.79 8.79 9.65 8.93 8.73 8.73 8.73 8.57 8.57 8.57 8.57 8.55 9.08 8.55 8.55 8.63 8.63 8.63 8.63 8.65 9.19 8.65 8.65 9.19 8.65 8.60 8.65 7.27 7.27 7.27 7.27 7.29 7.32 7.32 7.70 7.37 7.37 7.37 7.86 7.43 7.35 7.35 7.35 6.73 6.82 7.12 10.34 10.03 5.97 2.34 5.51 5.51 6.06 6.04 3.63 0.00 0.00 0.00 0.00 0.00 0.00 0.00 0.00 0.00 0.00 0.00 0.00 0.00 0.00 0.00 0.00 0.00 0.00 0.00 0.00 0.00 0.00 0.00 0.00
8.94 10.11 10.11 8.94 8.79 8.79 8.79 8.79 8.73 8.73 8.73 8.73 9.40 8.57 8.57 8.57 8.55 8.55 8.55 8.55 8.63 8.63 8.63 8.63 8.65 8.65 8.65 8.65 8.65 8.65 9.18 8.65 7.27 7.27 7.27 7.27 7.29 7.29 7.71 7.29 7.37 7.37 7.37 7.37 7.35 7.35 7.35 7.35 6.73 6.73 6.88 10.08 10.72 6.15 5.97 5.97 6.34 7.15 7.15 5.92 10.06 0.00 0.00 0.00 0.00 0.00 0.00 0.00 0.00 0.00 0.00 0.00 0.00 0.00 0.00 0.00 0.00 0.00 0.00 0.00 0.00 0.00 0.00 0.00
8.74 8.89 9.91 8.89 8.67 8.67 8.67 8.67 9.39 8.56 8.56 9.39 8.49 8.49 8.49 9.05 8.60 8.60 8.60 8.60 8.66 8.66 8.66 8.66 8.65 8.65 8.65 8.65 8.62 8.62 8.62 8.62 7.30 7.30 7.30 7.30 7.32 7.32 7.32 7.32 7.30 7.30 7.30 7.30 7.28 7.82 7.28 7.28 6.72 6.72 6.81 6.93 10.30 6.15 2.34 6.65 7.38 6.63 6.63 6.94 6.19 10.25 6.18 3.63 0.00 0.00 0.00 0.00 0.00 0.00 0.00 0.00 0.00 0.00 0.00 0.00 0.00 0.00 0.00 0.00 0.00 0.00 0.00 0.00
8.74 8.74 8.74 8.74 8.67 8.67 8.67 8.67 8.56 8.56 8.56 8.56 8.49 8.49 8.49 9.05 8.60 8.60 8.60 8.60 8.66 8.66 8.66 8.66 8.65 8.65 8.65 8.65 8.62 8.62 8.62 8.62 7.30 7.32 7.30 7.30 7.32 7.32 7.32 7.32 7.30 7.30 7.30 7.30 7.28 7.69 7.28 7.28 6.72 6.81 6.82 6.67 6.67 5.51 5.61 7.32 6.63 6.63 6.63 6.63 6.77 10.25 6.62 10.25 0.00 0.00 0.00 0.00 0.00 0.00 0.00 0.00 0.00 0.00 0.00 0.00 0.00 0.00 0.00 0.00 0.00 0.00 0.00 0.00
9.60 8.74 8.74 9.60 8.67 8.67 8.67 8.67 8.56 8.56 8.56 8.56 8.49 8.49 8.49 9.05 8.60 8.60 8.60 8.60 8.66 8.66 8.66 8.66 8.65 8.65 8.65 8.65 8.62 8.62 8.62 8.62 7.30 7.30 7.30 7.30 7.32 7.32 7.32 7.32 7.30 7.30 7.30 7.30 7.28 7.28 7.28 7.28 6.72 6.96 6.61 6.61 6.93 7.08 7.08 7.27 6.63 6.63 6.63 6.63 6.62 10.40 6.77 6.62 0.00 0.00 0.00 0.00 0.00 0.00 0.00 0.00 0.00 0.00 0.00 0.00 0.00 0.00 0.00 0.00 0.00 0.00 0.00 0.00
8.74 8.74 8.74 8.74 8.67 9.49 8.67 8.67 8.56 8.56 8.56 8.56 8.49 8.49 9.05 9.05 8.60 8.60 8.60 8.60 8.66 8.66 8.66 8.66 8.65 8.65 8.65 8.65 8.62 8.62 8.62 8.62 7.30 7.30 7.30 7.30 7.32 7.32 7.32 7.32 7.33 7.33 7.30 7.30 7.28 7.28 7.28 7.28 6.81 6.78 6.93 6.96 7.27 7.57 7.57 7.27 6.63 6.63 6.94 6.89 7.21 7.33 6.88 10.25 0.00 0.00 0.00 0.00 0.00 0.00 0.00 0.00 0.00 0.00 0.00 0.00 0.00 0.00 0.00 0.00 0.00 0.00 0.00 0.00
8.67 8.67 8.67 8.67 8.53 8.53 9.35 8.53 8.54 8.54 8.54 8.54 8.66 8.66 9.25 9.25 8.75 8.75 8.75 8.75 8.75 8.75 8.75 9.28 8.74 8.74 8.74 8.74 8.76 8.76 8.76 8.76 7.42 7.42 7.42 7.42 7.41 7.41 7.41 7.41 8.18 7.48 7.60 7.36 7.33 7.35 7.33 7.33 6.70 7.21 6.66 6.70 6.67 6.67 6.67 6.67 6.63 6.63 6.94 7.27 7.53 6.34 0.00 0.00 0.00 0.00 0.00 0.00 0.00 0.00 0.00 0.00 0.00 0.00 0.00 0.00 0.00 0.00 0.00 0.00 0.00 0.00 0.00 0.00
8.67 8.67 8.67 8.67 8.53 8.53 8.53 8.53 8.54 8.54 8.54 8.54 8.66 8.66 9.25 9.25 8.75 8.75 8.75 8.75 8.75 8.75 8.75 8.75 8.74 8.74 8.74 8.74 8.76 8.76 8.76 8.76 7.42 7.42 7.42 7.42 7.41 7.41 7.41 7.41 7.55 7.39 7.60 7.36 7.33 7.35 7.33 7.33 6.70 6.70 6.70 6.70 6.67 6.67 6.67 6.77 6.74 6.74 6.70 6.70 0.00 0.00 0.00 0.00 0.00 0.00 0.00 0.00 0.00 0.00 0.00 0.00 0.00 0.00 0.00 0.00 0.00 0.00 0.00 0.00 0.00 0.00 0.00 0.00
8.67 8.67 8.67 8.67 8.53 8.53 8.53 8.53 8.54 8.54 8.54 8.54 8.66 9.25 9.25 9.25 8.75 8.75 8.75 8.75 8.75 8.75 8.75 8.75 8.74 8.74 8.74 9.72 9.20 8.76 8.76 8.76 7.42 7.42 7.42 7.42 7.41 7.41 7.44 7.75 7.55 7.60 7.36 7.36 7.48 7.33 7.33 7.33 6.70 6.70 6.70 6.70 6.67 6.77 6.74 6.89 6.89 6.63 6.63 11.76 0.00 0.00 0.00 0.00 0.00 0.00 0.00 0.00 0.00 0.00 0.00 0.00 0.00 0.00 0.00 0.00 0.00 0.00 0.00 0.00 0.00 0.00 0.00 0.00
8.67 8.67 8.67 8.67 8.53 8.53 8.53 8.53 8.54 8.54 8.54 8.54 8.66 9.25 9.25 9.25 8.75 9.30 9.30 8.69 8.75 8.75 8.75 8.75 8.74 8.74 8.74 9.42 9.42 8.76 8.76 8.76 7.42 7.42 7.42 7.42 7.41 7.41 7.93 7.86 7.36 7.60 7.36 7.51 7.75 7.41 7.33 7.33 6.70 6.70 6.70 6.70 6.67 6.97 6.17 6.12 5.97 5.66 0.00 0.00 0.00 0.00 0.00 0.00 0.00 0.00 0.00 0.00 0.00 0.00 0.00 0.00 0.00 0.00 0.00 0.00 0.00 0.00 0.00 0.00 0.00 0.00 0.00 0.00
9.19 8.57 8.57 8.57 8.60 9.22 8.60 8.60 8.71 8.71 8.71 8.71 8.70 9.29 9.29 9.15 9.30 8.67 8.67 9.20 8.73 8.73 9.27 8.73 8.79 8.79 8.79 9.43 9.72 8.98 9.72 9.72 8.05 7.50 7.50 7.50 7.49 7.49 7.58 7.69 7.44 7.44 7.44 7.59 8.46 8.58 7.54 7.39 6.75 6.97 6.80 6.75 6.79 5.93 6.23 3.04 2.94 0.30 0.00 0.00 0.00 0.00 0.00 0.00 0.00 0.00 0.00 0.00 0.00 0.00 0.00 0.00 0.00 0.00 0.00 0.00 0.00 0.00 0.00 0.00 0.00 0.00 0.00 0.00
8.57 8.57 8.57 8.57 8.60 8.60 8.60 8.60 8.71 8.71 8.71 8.71 8.70 9.29 8.81 9.29 8.67 8.67 8.67 8.67 8.73 8.73 8.73 8.73 9.33 9.34 8.79 9.43 9.43 10.52 10.02 13.35 8.05 8.34 8.20 8.05 7.49 7.49 7.68 7.61 8.16 7.48 7.44 7.44 8.38 8.33 7.39 7.39 6.83 6.82 6.82 6.93 11.32 6.59 2.64 6.71 0.61 0.00 0.00 0.00 0.00 0.00 0.00 0.00 0.00 0.00 0.00 0.00 0.00 0.00 0.00 0.00 0.00 0.00 0.00 0.00 0.00 0.00 0.00 0.00 0.00 0.00 0.00 0.00
8.57 8.57 8.57 8.57 8.60 8.60 8.60 8.60 8.71 8.71 8.71 8.71 9.29 8.92 9.29 8.81 8.67 8.67 8.67 8.67 8.73 8.73 8.73 9.27 8.79 8.79 9.34 8.79 8.83 8.98 8.83 12.57 12.15 8.46 8.05 8.05 8.04 7.49 11.47 10.76 10.46 8.06 7.50 7.44 3.06 9.15 7.93 7.39 6.83 6.82 6.93 10.56 0.00 0.00 0.00 0.00 0.00 0.00 0.00 0.00 0.00 0.00 0.00 0.00 0.00 0.00 0.00 0.00 0.00 0.00 0.00 0.00 0.00 0.00 0.00 0.00 0.00 0.00 0.00 0.00 0.00 0.00 0.00 0.00
8.57 8.57 8.57 8.57 8.60 8.60 8.60 8.60 8.71 8.71 8.71 8.71 9.29 8.79 9.29 9.29 9.37 8.67 8.67 8.67 8.73 8.73 9.26 8.73 8.79 8.79 8.79 8.79 8.83 9.38 9.38 8.89 5.68 6.39 8.15 8.05 6.24 6.24 2.05 10.61 5.69 5.68 6.24 11.62 2.91 6.98 9.15 8.23 6.75 10.83 9.73 0.00 0.00 0.00 0.00 0.00 0.00 0.00 0.00 0.00 0.00 0.00 0.00 0.00 0.00 0.00 0.00 0.00 0.00 0.00 0.00 0.00 0.00 0.00 0.00 0.00 0.00 0.00 0.00 0.00 0.00 0.00 0.00 0.00
8.67 8.67 8.87 8.87 8.72 8.72 8.72 8.72 8.67 8.67 8.67 8.67 9.12 9.12 9.12 9.12 9.10 8.57 8.57 8.57 8.68 8.68 8.68 8.68 8.74 8.74 8.74 8.74 8.81 8.81 8.81 8.81 8.71 6.83 5.83 12.22 7.09 6.83 6.89 10.46 5.87 5.87 5.72 6.24 5.87 10.61 5.83 6.54 5.51 9.73 0.00 0.00 0.00 0.00 0.00 0.00 0.00 0.00 0.00 0.00 0.00 0.00 0.00 0.00 0.00 0.00 0.00 0.00 0.00 0.00 0.00 0.00 0.00 0.00 0.00 0.00 0.00 0.00 0.00 0.00 0.00 0.00 0.00 0.00
8.67 8.67 8.67 8.87 8.87 8.72 8.72 8.72 8.67 8.67 9.81 8.82 8.70 8.70 9.12 9.12 8.57 8.57 8.57 8.57 8.68 8.68 8.30 8.68 8.74 8.74 8.74 8.74 8.81 8.81 8.81 8.81 7.67 8.22 8.71 6.00 7.34 7.82 7.43 10.76 5.87 5.87 5.87 5.87 2.69 7.43 2.24 5.72 9.73 0.00 0.00 0.00 0.00 0.00 0.00 0.00 0.00 0.00 0.00 0.00 0.00 0.00 0.00 0.00 0.00 0.00 0.00 0.00 0.00 0.00 0.00 0.00 0.00 0.00 0.00 0.00 0.00 0.00 0.00 0.00 0.00 0.00 0.00 0.00
9.18 9.18 9.18 9.18 9.23 9.23 9.59 9.59 10.22 9.18 9.18 8.91 9.70 9.70 9.70 9.70 9.42 9.42 9.42 9.42 9.53 9.53 9.53 9.53 9.60 9.60 9.60 9.60 9.67 9.67 9.67 9.67 7.96 8.11 8.43 11.59 8.21 8.08 8.54 8.98 6.69 6.10 5.82 6.25 8.24 8.24 7.84 5.95 0.00 0.00 0.00 0.00 0.00 0.00 0.00 0.00 0.00 0.00 0.00 0.00 0.00 0.00 0.00 0.00 0.00 0.00 0.00 0.00 0.00 0.00 0.00 0.00 0.00 0.00 0.00 0.00 0.00 0.00 0.00 0.00 0.00 0.00 0.00 0.00
9.18 9.18 9.18 9.59 9.59 9.59 9.59 9.59 9.59 9.59 9.18 8.91 9.70 9.70 9.70 9.70 9.42 9.42 9.42 9.42 9.53 9.53 9.53 9.53 9.60 9.60 9.60 9.60 9.67 9.67 9.67 9.67 7.96 7.96 7.96 7.96 7.93 7.93 7.93 7.93 8.19 8.79 9.34 2.44 7.93 7.78 5.92 1.86 0.00 0.00 0.00 0.00 0.00 0.00 0.00 0.00 0.00 0.00 0.00 0.00 0.00 0.00 0.00 0.00 0.00 0.00 0.00 0.00 0.00 0.00 0.00 0.00 0.00 0.00 0.00 0.00 0.00 0.00 0.00 0.00 0.00 0.00 0.00 0.00
9.17 9.59 9.59 9.59 9.59 10.41 9.59 9.59 9.59 9.59 9.39 9.09 9.39 9.63 9.63 9.63 9.50 9.50 9.50 9.50 9.54 9.54 9.54 9.54 9.57 9.57 9.08 9.08 9.63 9.63 9.63 9.63 7.88 8.34 7.88 7.88 7.83 7.83 7.83 7.83 7.80 8.40 7.80 8.03 2.44 2.74 7.93 5.92 0.00 0.00 0.00 0.00 0.00 0.00 0.00 0.00 0.00 0.00 0.00 0.00 0.00 0.00 0.00 0.00 0.00 0.00 0.00 0.00 0.00 0.00 0.00 0.00 0.00 0.00 0.00 0.00 0.00 0.00 0.00 0.00 0.00 0.00 0.00 0.00
9.59 9.59 9.59 9.59 9.59 9.59 9.59 10.41 9.59 9.59 9.39 9.39 9.94 9.63 9.63 9.63 9.50 9.50 9.50 9.50 9.54 9.54 9.54 9.54 9.57 9.57 9.08 9.57 9.63 9.63 9.63 9.47 8.04 7.88 7.88 7.88 7.83 7.83 7.83 7.83 7.80 7.80 8.25 7.80 8.33 8.34 8.49 8.48 11.06 5.61 6.48 0.00 0.00 0.00 0.00 0.00 0.00 0.00 0.00 0.00 0.00 0.00 0.00 0.00 0.00 0.00 0.00 0.00 0.00 0.00 0.00 0.00 0.00 0.00 0.00 0.00 0.00 0.00 0.00 0.00 0.00 0.00 0.00 0.00
9.59 9.59 9.59 9.59 9.59 9.59 9.59 9.59 9.59 9.59 9.39 9.57 9.63 9.63 9.63 9.63 9.50 9.50 9.50 9.50 9.54 9.54 9.54 9.54 9.57 9.57 9.57 9.57 9.63 9.63 9.14 9.63 8.04 7.88 8.34 7.88 7.83 7.83 8.15 7.83 7.80 7.80 7.80 7.80 7.80 7.80 7.80 7.80 7.19 5.61 5.61 6.48 6.48 0.00 0.00 0.00 0.00 0.00 0.00 0.00 0.00 0.00 0.00 0.00 0.00 0.00 0.00 0.00 0.00 0.00 0.00 0.00 0.00 0.00 0.00 0.00 0.00 0.00 0.00 0.00 0.00 0.00 0.00 0.00
9.59 9.59 9.59 9.59 9.59 9.59 9.59 10.41 9.59 9.59 9.39 9.57 9.63 9.63 9.63 9.63 9.50 9.50 9.50 9.50 9.54 9.54 9.54 9.54 9.57 9.57 9.57 9.57 9.63 9.63 9.63 9.63 7.88 7.88 7.88 7.88 7.83 7.83 8.27 7.83 7.80 7.80 7.80 7.80 7.80 7.80 8.24 7.80 7.11 7.04 5.61 5.61 10.11 6.48 0.00 0.00 0.00 0.00 0.00 0.00 0.00 0.00 0.00 0.00 0.00 0.00 0.00 0.00 0.00 0.00 0.00 0.00 0.00 0.00 0.00 0.00 0.00 0.00 0.00 0.00 0.00 0.00 0.00 0.00
9.59 9.59 9.59 10.41 9.59 9.59 9.59 9.59 9.59 9.39 9.60 9.11 8.82 8.82 8.82 8.82 9.55 9.55 9.55 9.55 9.55 9.42 9.06 9.06 9.09 10.41 9.57 9.57 9.57 9.57 9.08 9.08 8.24 7.79 7.79 7.79 8.19 7.75 7.75 7.75 7.72 8.16 7.72 7.72 7.72 7.72 7.72 7.72 6.90 6.99 7.37 6.74 5.86 6.10 11.34 11.34 0.00 0.00 0.00 0.00 0.00 0.00 0.00 0.00 0.00 0.00 0.00 0.00 0.00 0.00 0.00 0.00 0.00 0.00 0.00 0.00 0.00 0.00 0.00 0.00 0.00 0.00 0.00 0.00
9.59 9.59 9.59 10.41 9.59 9.59 9.59 9.59 10.48 10.60 9.60 9.60 9.23 8.82 8.82 8.82 9.55 9.55 9.55 9.55 9.55 9.55 9.55 9.55 9.57 10.41 10.41 9.57 9.57 9.57 9.57 9.57 7.79 7.79 7.79 7.79 7.75 7.75 7.75 7.75 7.72 7.72 7.72 7.72 7.72 7.72 7.72 7.72 6.90 6.90 6.90 7.14 7.42 7.20 6.84 6.84 6.74 11.34 0.00 0.00 0.00 0.00 0.00 0.00 0.00 0.00 0.00 0.00 0.00 0.00 0.00 0.00 0.00 0.00 0.00 0.00 0.00 0.00 0.00 0.00 0.00 0.00 0.00 0.00
9.59 9.59 9.59 9.59 9.59 9.59 9.59 10.44 10.48 10.60 10.60 9.60 8.82 9.42 8.82 8.82 9.55 9.55 9.55 9.55 9.55 9.55 9.55 9.55 9.08 9.57 10.41 10.41 10.40 9.57 9.57 9.57 7.79 7.79 7.79 7.79 7.75 7.75 7.75 7.75 7.72 7.72 7.72 7.72 7.72 7.72 7.72 7.72 6.90 6.90 6.90 6.90 7.10 6.94 6.84 6.84 6.74 6.74 6.72 10.37 0.00 0.00 0.00 0.00 0.00 0.00 0.00 0.00 0.00 0.00 0.00 0.00 0.00 0.00 0.00 0.00 0.00 0.00 0.00 0.00 0.00 0.00 0.00 0.00
9.59 9.59 9.59 9.59 9.59 9.59 9.59 10.44 9.60 9.60 9.60 9.60 8.82 8.82 8.82 8.82 9.55 9.55 9.55 9.55 9.55 9.55 9.55 9.55 9.08 9.08 9.08 10.59 10.59 10.40 9.57 9.57 7.79 7.79 7.79 7.79 7.75 7.75 7.75 7.75 7.72 7.72 7.82 7.72 7.72 7.72 7.72 7.72 6.90 6.90 6.90 7.26 6.84 6.84 6.84 6.84 6.74 6.74 6.74 6.74 10.32 0.00 0.00 0.00 0.00 0.00 0.00 0.00 0.00 0.00 0.00 0.00 0.00 0.00 0.00 0.00 0.00 0.00 0.00 0.00 0.00 0.00 0.00 0.00
9.59 9.59 9.59 9.59 9.59 9.59 9.59 8.99 8.82 8.82 8.82 8.82 8.88 8.88 9.39 8.88 9.53 9.53 9.53 9.53 9.54 9.54 9.54 9.54 9.56 9.56 10.39 11.29 9.12 9.56 9.56 9.56 7.79 7.79 7.79 7.79 7.77 7.77 7.77 7.77 7.75 7.85 7.85 7.75 7.71 7.71 7.71 7.71 6.81 6.81 6.81 6.81 6.78 6.78 6.78 6.78 6.76 6.76 6.76 7.12 10.24 0.00 0.00 0.00 0.00 0.00 0.00 0.00 0.00 0.00 0.00 0.00 0.00 0.00 0.00 0.00 0.00 0.00 0.00 0.00 0.00 0.00 0.00 0.00
9.59 9.59 9.59 9.59 9.59 9.59 9.59 9.59 8.82 8.82 8.82 8.82 8.88 8.88 8.88 8.88 9.53 9.53 9.53 9.53 9.54 9.54 9.54 9.54 9.56 9.07 9.07 9.56 9.08 9.56 9.92 9.08 7.79 7.79 7.90 7.79 7.77 7.77 7.77 7.77 7.75 7.75 7.75 7.75 7.71 7.71 7.71 7.71 6.81 6.81 6.81 6.81 6.78 6.78 6.78 6.78 6.76 6.76 7.07 5.61 0.00 0.00 0.00 0.00 0.00 0.00 0.00 0.00 0.00 0.00 0.00 0.00 0.00 0.00 0.00 0.00 0.00 0.00 0.00 0.00 0.00 0.00 0.00 0.00
