New_Model_Runs/15_Future_RCP8.5_Scn2_out/post_prcessed_with_MFR/Monthly_summaries/net_infiltration_monthly_OCT.asc
NCOLS 700
NROWS 400
XLLCENTER 515000.000000
YLLCENTER 8409000.000000
CELLSIZE 50.000000
NODATA_value -999.000000
[rows 152 to 189 of 400, columns 336 to 419 of 700]
4.88 7.70 7.59 7.14 7.10 7.14 7.29 7.29 7.26 7.04 6.72 6.72 7.10 7.10 6.60 6.60 6.28 6.28 6.74 6.28 6.40 6.40 6.40 6.40 6.50 10.13 5.26 5.26 5.57 5.51 5.81 5.41 5.14 5.14 5.29 5.24 5.09 10.50 6.42 5.45 5.56 9.02 8.79 8.38 8.38 7.07 1.41 1.26 4.82 0.00 0.00 0.00 0.00 0.00 0.00 0.00 0.00 0.00 0.00 0.00 0.00 0.00 0.00 0.00 0.00 0.00 0.00 0.00 0.00 0.00 0.00 0.00 0.00 0.00 0.00 0.00 0.00 0.00 0.00 0.00 0.00 0.00 0.00 0.00
5.00 8.28 7.83 7.46 7.59 6.04 7.37 7.39 7.32 7.04 7.04 6.72 6.60 6.60 6.60 6.60 6.28 6.28 6.28 6.28 6.40 6.40 6.40 6.40 6.50 7.15 10.77 10.77 5.26 9.38 5.57 5.26 8.87 9.10 8.72 8.72 8.41 5.93 6.05 5.45 5.40 9.26 7.74 4.33 7.96 1.26 1.41 1.41 4.82 0.00 0.00 0.00 0.00 0.00 0.00 0.00 0.00 0.00 0.00 0.00 0.00 0.00 0.00 0.00 0.00 0.00 0.00 0.00 0.00 0.00 0.00 0.00 0.00 0.00 0.00 0.00 0.00 0.00 0.00 0.00 0.00 0.00 0.00 0.00
7.85 5.92 5.77 4.72 6.65 7.95 7.10 7.10 7.04 7.04 7.04 6.72 6.60 6.60 6.60 7.04 6.28 6.28 6.28 6.28 6.40 6.40 6.40 6.40 10.77 10.77 10.77 11.62 10.80 9.08 9.08 9.08 5.31 9.02 8.11 8.57 5.24 9.17 5.75 5.51 5.40 9.70 8.68 4.33 5.08 4.49 4.41 4.41 4.82 4.16 0.00 0.00 0.00 0.00 0.00 0.00 0.00 0.00 0.00 0.00 0.00 0.00 0.00 0.00 0.00 0.00 0.00 0.00 0.00 0.00 0.00 0.00 0.00 0.00 0.00 0.00 0.00 0.00 0.00 0.00 0.00 0.00 0.00 0.00
7.29 5.67 6.11 5.67 7.29 7.29 7.36 7.10 7.04 7.04 7.04 7.04 7.32 6.60 6.60 6.60 6.28 6.28 6.28 6.28 6.40 6.40 6.40 6.40 10.13 6.50 6.50 6.65 7.24 10.02 5.57 4.69 7.96 7.96 7.96 8.99 8.99 5.82 5.43 5.45 5.48 8.68 4.93 4.33 5.04 1.41 4.41 4.41 4.82 7.71 0.00 0.00 0.00 0.00 0.00 0.00 0.00 0.00 0.00 0.00 0.00 0.00 0.00 0.00 0.00 0.00 0.00 0.00 0.00 0.00 0.00 0.00 0.00 0.00 0.00 0.00 0.00 0.00 0.00 0.00 0.00 0.00 0.00 0.00
7.26 5.67 6.04 7.29 7.09 7.09 7.09 7.09 7.03 7.03 7.03 7.03 7.58 7.07 6.57 6.57 6.29 6.29 6.29 6.29 6.39 6.39 6.39 10.02 6.43 6.43 6.43 6.43 5.87 6.84 10.25 4.69 4.44 7.96 7.96 4.79 5.57 5.38 5.38 5.38 8.42 5.06 4.89 4.94 7.96 4.89 4.33 1.30 1.23 4.97 0.15 0.00 0.00 0.00 0.00 0.00 0.00 0.00 0.00 0.00 0.00 0.00 0.00 0.00 0.00 0.00 0.00 0.00 0.00 0.00 0.00 0.00 0.00 0.00 0.00 0.00 0.00 0.00 0.00 0.00 0.00 0.00 0.00 0.00
7.29 5.98 7.11 7.29 7.09 7.09 7.09 7.09 7.03 7.07 7.03 7.03 6.87 6.87 6.57 6.57 6.29 6.29 6.29 6.29 6.85 6.39 6.39 10.02 6.43 6.43 5.74 5.86 5.87 5.77 9.22 8.47 7.96 8.57 5.77 5.62 5.38 5.38 5.38 5.38 5.52 4.75 8.56 4.93 4.93 4.89 1.26 4.33 1.23 4.97 1.08 0.00 0.00 0.00 0.00 0.00 0.00 0.00 0.00 0.00 0.00 0.00 0.00 0.00 0.00 0.00 0.00 0.00 0.00 0.00 0.00 0.00 0.00 0.00 0.00 0.00 0.00 0.00 0.00 0.00 0.00 0.00 0.00 0.00
7.11 7.36 7.11 7.11 7.09 7.09 7.09 7.29 7.25 7.03 6.81 6.81 7.15 6.87 6.57 6.57 6.29 6.29 6.29 6.75 6.39 6.39 10.02 5.70 5.74 5.74 5.74 5.74 5.77 5.77 9.44 5.97 5.54 5.54 5.48 5.54 5.38 5.38 5.38 5.38 5.45 5.45 4.93 4.89 7.96 7.96 1.26 1.41 1.34 4.97 8.02 0.00 0.00 0.00 0.00 0.00 0.00 0.00 0.00 0.00 0.00 0.00 0.00 0.00 0.00 0.00 0.00 0.00 0.00 0.00 0.00 0.00 0.00 0.00 0.00 0.00 0.00 0.00 0.00 0.00 0.00 0.00 0.00 0.00
7.11 7.11 7.36 7.11 7.09 7.09 7.29 7.29 7.25 7.03 7.03 7.03 6.87 6.87 6.87 6.57 6.29 6.29 6.29 6.29 6.39 9.81 9.33 5.70 5.74 6.22 5.74 5.74 5.77 5.77 5.87 6.19 5.48 5.48 5.48 5.48 5.38 5.38 5.38 5.38 5.45 5.52 4.93 7.96 7.96 7.96 4.89 4.89 5.12 5.28 4.97 0.00 0.00 0.00 0.00 0.00 0.00 0.00 0.00 0.00 0.00 0.00 0.00 0.00 0.00 0.00 0.00 0.00 0.00 0.00 0.00 0.00 0.00 0.00 0.00 0.00 0.00 0.00 0.00 0.00 0.00 0.00 0.00 0.00
7.06 7.36 7.27 7.06 7.06 7.06 7.27 7.27 7.00 7.00 7.00 7.00 6.84 6.84 6.84 6.84 6.26 6.26 5.67 5.67 5.73 9.36 5.73 5.73 5.75 5.75 5.75 5.75 5.75 6.14 5.75 5.75 5.38 5.38 5.38 6.00 5.40 5.40 5.40 5.40 5.47 9.10 4.11 5.06 8.99 4.64 5.36 7.96 5.39 5.24 5.35 5.17 0.00 0.00 0.00 0.00 0.00 0.00 0.00 0.00 0.00 0.00 0.00 0.00 0.00 0.00 0.00 0.00 0.00 0.00 0.00 0.00 0.00 0.00 0.00 0.00 0.00 0.00 0.00 0.00 0.00 0.00 0.00 0.00
7.06 7.86 7.86 7.06 7.06 7.06 7.27 7.27 7.24 7.00 7.00 4.71 6.84 6.84 6.84 6.84 5.67 5.67 5.67 5.67 9.36 5.73 5.73 5.73 5.75 6.42 5.75 5.75 5.75 6.42 5.75 5.75 5.38 5.38 5.88 5.88 5.40 5.40 5.40 5.40 6.05 5.61 5.57 4.79 4.94 5.74 5.59 5.52 4.54 5.14 8.77 8.47 5.12 5.12 5.10 4.82 0.00 0.00 0.00 0.00 0.00 0.00 0.00 0.00 0.00 0.00 0.00 0.00 0.00 0.00 0.00 0.00 0.00 0.00 0.00 0.00 0.00 0.00 0.00 0.00 0.00 0.00 0.00 0.00
8.30 8.99 8.30 8.15 8.15 8.15 8.15 8.49 8.31 8.37 8.37 8.37 8.22 8.22 8.22 8.22 6.95 7.65 6.95 6.95 7.01 7.01 7.01 7.01 7.04 6.54 7.04 7.04 6.54 7.03 7.25 7.03 5.76 5.76 5.76 5.76 5.78 5.58 5.58 6.16 5.75 5.75 5.75 6.37 5.79 5.73 5.73 5.73 5.32 5.39 4.98 8.45 8.15 5.31 1.69 4.86 4.86 5.59 5.56 3.63 0.00 0.00 0.00 0.00 0.00 0.00 0.00 0.00 0.00 0.00 0.00 0.00 0.00 0.00 0.00 0.00 0.00 0.00 0.00 0.00 0.00 0.00 0.00 0.00
8.30 8.95 8.95 8.30 8.15 8.15 8.15 8.15 8.37 8.37 8.37 8.37 8.41 8.22 8.22 8.22 6.95 6.95 6.95 6.95 7.01 7.01 7.01 7.01 7.04 7.04 7.04 7.04 7.03 7.03 6.53 7.03 5.76 5.76 5.76 5.76 5.78 5.78 6.17 5.78 5.75 5.75 5.75 5.75 5.73 5.73 5.73 5.73 5.32 5.32 5.47 8.22 9.13 4.29 5.31 5.31 5.86 5.85 5.85 5.53 7.88 0.00 0.00 0.00 0.00 0.00 0.00 0.00 0.00 0.00 0.00 0.00 0.00 0.00 0.00 0.00 0.00 0.00 0.00 0.00 0.00 0.00 0.00 0.00
8.39 8.54 8.75 8.54 8.31 8.31 8.31 8.31 8.40 8.21 8.21 8.40 8.13 8.13 8.13 7.28 6.99 6.99 6.99 6.99 7.04 7.04 7.04 7.04 7.03 7.03 7.03 7.03 7.01 7.01 7.01 7.01 5.78 5.78 5.78 5.78 5.80 5.80 5.80 5.80 5.79 5.79 5.79 5.79 5.77 6.43 5.77 5.77 5.31 5.31 5.39 4.93 8.44 4.29 1.68 6.16 6.08 5.23 5.23 5.53 5.67 8.85 5.73 3.63 0.00 0.00 0.00 0.00 0.00 0.00 0.00 0.00 0.00 0.00 0.00 0.00 0.00 0.00 0.00 0.00 0.00 0.00 0.00 0.00
8.39 8.39 8.39 8.39 8.31 8.31 8.31 8.31 8.21 8.21 8.21 8.21 8.13 8.13 8.13 7.28 6.99 6.99 6.99 6.99 7.04 7.04 7.04 7.04 7.03 7.03 7.03 7.03 7.01 7.01 7.01 7.01 5.78 5.58 5.78 5.78 5.80 5.80 5.80 5.80 5.79 5.79 5.79 5.79 5.77 6.25 5.77 5.77 5.31 5.39 4.67 4.81 4.81 4.86 5.04 6.02 5.23 5.23 5.23 5.23 5.37 8.85 5.22 8.85 0.00 0.00 0.00 0.00 0.00 0.00 0.00 0.00 0.00 0.00 0.00 0.00 0.00 0.00 0.00 0.00 0.00 0.00 0.00 0.00
8.44 8.39 8.39 8.44 8.31 8.31 8.31 8.31 8.21 8.21 8.21 8.21 8.13 8.13 8.13 7.28 6.99 6.99 6.99 6.99 7.04 7.04 7.04 7.04 7.03 7.03 7.03 7.03 7.01 7.01 7.01 7.01 5.78 5.78 5.78 5.78 5.80 5.80 5.80 5.80 5.79 5.79 5.79 5.79 5.77 5.77 5.77 5.77 5.31 5.48 4.63 4.63 4.93 5.08 5.08 5.95 5.23 5.23 5.23 5.23 5.22 9.00 5.37 5.22 0.00 0.00 0.00 0.00 0.00 0.00 0.00 0.00 0.00 0.00 0.00 0.00 0.00 0.00 0.00 0.00 0.00 0.00 0.00 0.00
8.39 8.39 8.39 8.39 8.31 8.51 8.31 8.31 8.21 8.21 8.21 8.21 8.13 8.13 7.28 7.28 6.99 6.99 6.99 6.99 7.04 7.04 7.04 7.04 7.03 7.03 7.03 7.03 7.01 7.01 7.01 7.01 5.78 5.78 5.78 5.78 5.80 5.80 5.80 5.80 5.59 5.59 5.79 5.79 5.77 5.77 5.77 5.77 5.39 5.13 5.24 5.48 5.95 6.26 6.26 5.95 5.23 5.23 5.53 5.47 5.73 5.70 5.46 8.85 0.00 0.00 0.00 0.00 0.00 0.00 0.00 0.00 0.00 0.00 0.00 0.00 0.00 0.00 0.00 0.00 0.00 0.00 0.00 0.00
8.30 8.30 8.30 8.30 8.18 8.18 8.71 8.18 8.19 8.19 8.19 8.19 8.30 8.30 7.46 7.46 7.12 7.12 7.12 7.12 7.11 7.11 7.11 6.60 7.11 7.11 7.11 7.11 7.12 7.12 7.12 7.12 5.79 5.79 5.79 5.79 5.78 5.78 5.78 5.78 6.11 5.70 5.79 5.74 5.81 5.62 5.81 5.81 5.29 5.68 5.03 5.29 5.27 5.27 5.27 5.27 5.23 5.23 5.53 5.13 6.05 5.82 0.00 0.00 0.00 0.00 0.00 0.00 0.00 0.00 0.00 0.00 0.00 0.00 0.00 0.00 0.00 0.00 0.00 0.00 0.00 0.00 0.00 0.00
8.30 8.30 8.30 8.30 8.18 8.18 8.18 8.18 8.19 8.19 8.19 8.19 8.30 8.30 7.46 7.46 7.12 7.12 7.12 7.12 7.11 7.11 7.11 7.11 7.11 7.11 7.11 7.11 7.12 7.12 7.12 7.12 5.79 5.79 5.79 5.79 5.78 5.78 5.78 5.78 5.88 5.62 5.79 5.74 5.81 5.62 5.81 5.81 5.29 5.29 5.29 5.29 5.27 5.27 5.27 5.35 5.32 5.32 5.06 5.06 0.00 0.00 0.00 0.00 0.00 0.00 0.00 0.00 0.00 0.00 0.00 0.00 0.00 0.00 0.00 0.00 0.00 0.00 0.00 0.00 0.00 0.00 0.00 0.00
8.30 8.30 8.30 8.30 8.18 8.18 8.18 8.18 8.19 8.19 8.19 8.19 8.30 7.46 7.46 7.46 7.12 7.12 7.12 7.12 7.11 7.11 7.11 7.11 7.11 7.11 7.11 7.67 7.40 7.12 7.12 7.12 5.79 5.79 5.79 5.79 5.78 5.78 5.67 5.97 5.88 5.79 5.74 5.74 5.96 5.81 5.81 5.81 5.29 5.29 5.29 5.29 5.27 5.35 5.09 5.25 5.47 5.23 5.23 9.79 0.00 0.00 0.00 0.00 0.00 0.00 0.00 0.00 0.00 0.00 0.00 0.00 0.00 0.00 0.00 0.00 0.00 0.00 0.00 0.00 0.00 0.00 0.00 0.00
8.30 8.30 8.30 8.30 8.18 8.18 8.18 8.18 8.19 8.19 8.19 8.19 8.30 7.46 7.46 7.46 7.12 6.62 6.62 7.32 7.11 7.11 7.11 7.11 7.11 7.11 7.11 7.51 7.52 7.12 7.12 7.12 5.79 5.79 5.79 5.79 5.78 5.78 6.29 6.23 5.74 5.79 5.74 5.89 5.97 5.78 5.81 5.81 5.29 5.29 5.29 5.29 5.27 4.82 4.15 5.46 5.31 5.01 0.00 0.00 0.00 0.00 0.00 0.00 0.00 0.00 0.00 0.00 0.00 0.00 0.00 0.00 0.00 0.00 0.00 0.00 0.00 0.00 0.00 0.00 0.00 0.00 0.00 0.00
8.36 8.22 8.22 8.22 8.23 8.39 8.23 8.23 8.35 8.35 8.35 8.35 8.34 7.49 7.49 7.42 6.63 7.05 7.05 6.55 7.10 7.10 6.60 7.10 7.15 7.15 7.15 7.52 7.68 7.34 8.36 8.36 6.63 5.85 5.85 5.85 5.84 5.84 5.80 6.04 5.81 5.81 5.81 5.96 7.04 7.13 5.91 5.76 5.34 5.49 5.15 5.34 5.14 5.24 5.67 2.48 2.29 0.30 0.00 0.00 0.00 0.00 0.00 0.00 0.00 0.00 0.00 0.00 0.00 0.00 0.00 0.00 0.00 0.00 0.00 0.00 0.00 0.00 0.00 0.00 0.00 0.00 0.00 0.00
8.22 8.22 8.22 8.22 8.23 8.23 8.23 8.23 8.35 8.35 8.35 8.35 8.34 7.49 6.96 7.49 7.05 7.05 7.05 7.05 7.10 7.10 7.10 7.10 6.64 6.65 7.15 7.52 7.52 8.89 8.66 11.99 6.63 6.89 6.78 6.63 5.84 5.84 5.90 5.94 6.71 5.71 5.81 5.81 6.97 6.98 5.76 5.76 5.40 4.67 4.67 4.93 9.47 4.40 1.99 4.82 0.61 0.00 0.00 0.00 0.00 0.00 0.00 0.00 0.00 0.00 0.00 0.00 0.00 0.00 0.00 0.00 0.00 0.00 0.00 0.00 0.00 0.00 0.00 0.00 0.00 0.00 0.00 0.00
8.22 8.22 8.22 8.22 8.23 8.23 8.23 8.23 8.35 8.35 8.35 8.35 7.49 7.91 7.49 6.96 7.05 7.05 7.05 7.05 7.10 7.10 7.10 6.60 7.15 7.15 6.65 7.15 7.19 7.34 7.19 10.98 10.95 7.10 6.63 6.63 6.61 5.84 9.82 8.70 8.40 6.63 5.86 5.81 2.55 7.45 6.51 5.76 5.40 4.67 4.93 8.56 0.00 0.00 0.00 0.00 0.00 0.00 0.00 0.00 0.00 0.00 0.00 0.00 0.00 0.00 0.00 0.00 0.00 0.00 0.00 0.00 0.00 0.00 0.00 0.00 0.00 0.00 0.00 0.00 0.00 0.00 0.00 0.00
8.22 8.22 8.22 8.22 8.23 8.23 8.23 8.23 8.35 8.35 8.35 8.35 7.49 6.94 7.49 7.49 6.89 7.05 7.05 7.05 7.10 7.10 6.59 7.10 7.15 7.15 7.15 7.15 7.19 6.68 6.68 7.23 5.06 5.88 6.79 6.63 5.73 5.73 1.43 8.55 5.09 5.06 5.72 10.20 2.40 4.92 7.45 6.82 5.34 9.53 7.84 0.00 0.00 0.00 0.00 0.00 0.00 0.00 0.00 0.00 0.00 0.00 0.00 0.00 0.00 0.00 0.00 0.00 0.00 0.00 0.00 0.00 0.00 0.00 0.00 0.00 0.00 0.00 0.00 0.00 0.00 0.00 0.00 0.00
8.31 8.31 7.31 7.31 8.36 8.36 8.36 8.36 8.31 8.31 8.31 8.31 7.35 7.35 7.35 7.35 6.47 6.97 6.97 6.97 7.06 7.06 7.06 7.06 7.11 7.11 7.11 7.11 7.17 7.17 7.17 7.17 6.99 4.77 5.21 10.84 5.11 4.77 4.89 8.40 5.16 5.16 5.00 5.72 5.16 8.55 5.21 6.03 4.86 7.84 0.00 0.00 0.00 0.00 0.00 0.00 0.00 0.00 0.00 0.00 0.00 0.00 0.00 0.00 0.00 0.00 0.00 0.00 0.00 0.00 0.00 0.00 0.00 0.00 0.00 0.00 0.00 0.00 0.00 0.00 0.00 0.00 0.00 0.00
8.31 8.31 8.31 7.31 7.31 8.36 8.36 8.36 8.31 8.31 8.67 7.18 7.09 7.09 7.35 7.35 6.97 6.97 6.97 6.97 7.06 7.06 6.65 7.06 7.11 7.11 7.11 7.11 7.17 7.17 7.17 7.17 6.02 6.80 6.99 5.39 5.99 5.44 5.37 8.70 5.16 5.16 5.16 5.16 1.98 5.37 1.53 5.00 7.84 0.00 0.00 0.00 0.00 0.00 0.00 0.00 0.00 0.00 0.00 0.00 0.00 0.00 0.00 0.00 0.00 0.00 0.00 0.00 0.00 0.00 0.00 0.00 0.00 0.00 0.00 0.00 0.00 0.00 0.00 0.00 0.00 0.00 0.00 0.00
8.51 8.51 8.51 8.51 8.56 8.56 8.33 8.33 9.25 8.51 8.51 7.00 6.90 6.90 6.90 6.90 7.86 7.86 7.86 7.86 7.95 7.95 7.95 7.95 8.01 8.01 8.01 8.01 8.07 8.07 8.07 8.07 6.26 6.41 6.87 9.89 6.48 6.39 6.84 7.46 6.16 5.31 5.30 5.47 5.92 5.92 5.56 5.16 0.00 0.00 0.00 0.00 0.00 0.00 0.00 0.00 0.00 0.00 0.00 0.00 0.00 0.00 0.00 0.00 0.00 0.00 0.00 0.00 0.00 0.00 0.00 0.00 0.00 0.00 0.00 0.00 0.00 0.00 0.00 0.00 0.00 0.00 0.00 0.00
8.51 8.51 8.51 8.33 8.33 8.33 8.33 8.33 8.33 8.33 8.51 7.00 6.90 6.90 6.90 6.90 7.86 7.86 7.86 7.86 7.95 7.95 7.95 7.95 8.01 8.01 8.01 8.01 8.07 8.07 8.07 8.07 6.26 6.26 6.26 6.26 6.24 6.24 6.24 6.24 6.50 7.30 7.57 1.74 5.61 5.46 5.22 1.04 0.00 0.00 0.00 0.00 0.00 0.00 0.00 0.00 0.00 0.00 0.00 0.00 0.00 0.00 0.00 0.00 0.00 0.00 0.00 0.00 0.00 0.00 0.00 0.00 0.00 0.00 0.00 0.00 0.00 0.00 0.00 0.00 0.00 0.00 0.00 0.00
8.50 8.33 8.33 8.33 8.33 8.27 8.33 8.33 8.33 8.33 6.50 7.33 6.50 6.85 6.85 6.85 7.92 7.92 7.92 7.92 7.96 7.96 7.96 7.96 7.98 7.98 7.45 7.45 8.04 8.04 8.04 8.04 6.20 6.79 6.20 6.20 6.15 6.15 6.15 6.15 6.13 6.87 6.13 6.34 1.74 2.05 5.61 5.22 0.00 0.00 0.00 0.00 0.00 0.00 0.00 0.00 0.00 0.00 0.00 0.00 0.00 0.00 0.00 0.00 0.00 0.00 0.00 0.00 0.00 0.00 0.00 0.00 0.00 0.00 0.00 0.00 0.00 0.00 0.00 0.00 0.00 0.00 0.00 0.00
8.33 8.33 8.33 8.33 8.33 8.33 8.33 8.27 8.33 8.33 6.50 6.50 7.32 6.85 6.85 6.85 7.92 7.92 7.92 7.92 7.96 7.96 7.96 7.96 7.98 7.98 7.45 7.98 8.04 8.04 8.04 7.88 6.31 6.20 6.20 6.20 6.15 6.15 6.15 6.15 6.13 6.13 6.72 6.13 6.78 6.65 6.80 6.93 9.66 4.90 4.43 0.00 0.00 0.00 0.00 0.00 0.00 0.00 0.00 0.00 0.00 0.00 0.00 0.00 0.00 0.00 0.00 0.00 0.00 0.00 0.00 0.00 0.00 0.00 0.00 0.00 0.00 0.00 0.00 0.00 0.00 0.00 0.00 0.00
8.33 8.33 8.33 8.33 8.33 8.33 8.33 8.33 8.33 8.33 6.50 6.81 6.85 6.85 6.85 6.85 7.92 7.92 7.92 7.92 7.96 7.96 7.96 7.96 7.98 7.98 7.98 7.98 8.04 8.04 7.50 8.04 6.31 6.20 6.79 6.20 6.15 6.15 6.24 6.15 6.13 6.13 6.13 6.13 6.13 6.13 6.13 6.13 5.43 4.90 4.90 4.43 4.43 0.00 0.00 0.00 0.00 0.00 0.00 0.00 0.00 0.00 0.00 0.00 0.00 0.00 0.00 0.00 0.00 0.00 0.00 0.00 0.00 0.00 0.00 0.00 0.00 0.00 0.00 0.00 0.00 0.00 0.00 0.00
8.33 8.33 8.33 8.33 8.33 8.33 8.33 8.27 8.33 8.33 6.50 6.81 6.85 6.85 6.85 6.85 7.92 7.92 7.92 7.92 7.96 7.96 7.96 7.96 7.98 7.98 7.98 7.98 8.04 8.04 8.04 8.04 6.20 6.20 6.20 6.20 6.15 6.15 6.73 6.15 6.13 6.13 6.13 6.13 6.13 6.13 6.71 6.13 5.61 5.52 4.90 4.90 8.06 4.43 0.00 0.00 0.00 0.00 0.00 0.00 0.00 0.00 0.00 0.00 0.00 0.00 0.00 0.00 0.00 0.00 0.00 0.00 0.00 0.00 0.00 0.00 0.00 0.00 0.00 0.00 0.00 0.00 0.00 0.00
8.33 8.33 8.33 8.27 8.33 8.33 8.33 8.33 8.33 6.50 6.83 7.56 6.93 6.93 6.93 6.93 7.97 7.97 7.97 7.97 7.97 7.90 7.44 7.44 7.45 9.14 7.99 7.99 7.98 7.98 7.45 7.45 6.70 6.11 6.11 6.11 6.67 6.08 6.08 6.08 6.06 6.64 6.06 6.06 6.06 6.06 6.06 6.06 5.40 5.48 5.92 4.66 5.24 5.58 9.53 9.53 0.00 0.00 0.00 0.00 0.00 0.00 0.00 0.00 0.00 0.00 0.00 0.00 0.00 0.00 0.00 0.00 0.00 0.00 0.00 0.00 0.00 0.00 0.00 0.00 0.00 0.00 0.00 0.00
8.33 8.33 8.33 8.27 8.33 8.33 8.33 8.33 9.53 8.78 6.83 6.83 7.65 6.93 6.93 6.93 7.97 7.97 7.97 7.97 7.97 7.97 7.97 7.97 7.99 9.14 9.14 7.99 7.98 7.98 7.98 7.98 6.11 6.11 6.11 6.11 6.08 6.08 6.08 6.08 6.06 6.06 6.06 6.06 6.06 6.06 6.06 6.06 5.40 5.40 5.40 5.63 5.10 5.77 5.35 5.35 5.27 9.53 0.00 0.00 0.00 0.00 0.00 0.00 0.00 0.00 0.00 0.00 0.00 0.00 0.00 0.00 0.00 0.00 0.00 0.00 0.00 0.00 0.00 0.00 0.00 0.00 0.00 0.00
8.33 8.33 8.33 8.33 8.33 8.33 8.33 9.55 9.53 8.78 8.78 6.83 6.93 7.67 6.93 6.93 7.97 7.97 7.97 7.97 7.97 7.97 7.97 7.97 7.45 7.99 9.14 9.14 9.13 7.98 7.98 7.98 6.11 6.11 6.11 6.11 6.08 6.08 6.08 6.08 6.06 6.06 6.06 6.06 6.06 6.06 6.06 6.06 5.40 5.40 5.40 5.40 5.55 5.44 5.35 5.35 5.27 5.27 4.98 8.89 0.00 0.00 0.00 0.00 0.00 0.00 0.00 0.00 0.00 0.00 0.00 0.00 0.00 0.00 0.00 0.00 0.00 0.00 0.00 0.00 0.00 0.00 0.00 0.00
8.33 8.33 8.33 8.33 8.33 8.33 8.33 9.55 6.83 6.83 6.83 6.83 6.93 6.93 6.93 6.93 7.97 7.97 7.97 7.97 7.97 7.97 7.97 7.97 7.45 7.45 7.45 8.64 8.64 9.13 7.98 7.98 6.11 6.11 6.11 6.11 6.08 6.08 6.08 6.08 6.06 6.06 5.97 6.06 6.06 6.06 6.06 6.06 5.40 5.40 5.40 5.82 5.35 5.35 5.35 5.35 5.27 5.27 5.27 5.27 8.85 0.00 0.00 0.00 0.00 0.00 0.00 0.00 0.00 0.00 0.00 0.00 0.00 0.00 0.00 0.00 0.00 0.00 0.00 0.00 0.00 0.00 0.00 0.00
8.33 8.33 8.33 8.33 8.33 8.33 8.33 8.32 6.93 6.93 6.93 6.93 6.98 6.98 6.50 6.98 7.95 7.95 7.95 7.95 7.96 7.96 7.96 7.96 7.98 7.98 9.12 10.26 7.47 7.98 7.98 7.98 6.12 6.12 6.12 6.12 6.10 6.10 6.10 6.10 6.08 6.00 6.00 6.08 6.05 6.05 6.05 6.05 5.33 5.33 5.33 5.33 5.30 5.30 5.30 5.30 5.29 5.29 5.29 4.80 7.88 0.00 0.00 0.00 0.00 0.00 0.00 0.00 0.00 0.00 0.00 0.00 0.00 0.00 0.00 0.00 0.00 0.00 0.00 0.00 0.00 0.00 0.00 0.00
8.33 8.33 8.33 8.33 8.33 8.33 8.33 8.33 6.93 6.93 6.93 6.93 6.98 6.98 6.98 6.98 7.95 7.95 7.95 7.95 7.96 7.96 7.96 7.96 7.98 7.45 7.45 7.98 7.45 7.98 8.30 7.45 6.12 6.12 6.04 6.12 6.10 6.10 6.10 6.10 6.08 6.08 6.08 6.08 6.05 6.05 6.05 6.05 5.33 5.33 5.33 5.33 5.30 5.30 5.30 5.30 5.29 5.29 5.51 4.90 0.00 0.00 0.00 0.00 0.00 0.00 0.00 0.00 0.00 0.00 0.00 0.00 0.00 0.00 0.00 0.00 0.00 0.00 0.00 0.00 0.00 0.00 0.00 0.00
