New_Model_Runs/15_Future_RCP8.5_Scn2_out/post_prcessed_with_MFR/Monthly_summaries/net_infiltration_monthly_NOV.asc
NCOLS 700
NROWS 400
XLLCENTER 515000.000000
YLLCENTER 8409000.000000
CELLSIZE 50.000000
NODATA_value -999.000000
[rows 190 to 227 of 400, columns 84 to 167 of 700]
0.00 0.00 0.00 0.00 0.00 0.00 0.00 0.00 0.00 0.00 0.00 0.00 0.00 0.00 0.00 0.00 0.00 0.00 0.00 0.00 0.00 0.00 0.00 0.00 0.00 4.87 4.87 4.87 4.69 4.69 4.69 4.69 4.69 4.69 4.69 4.69 4.65 5.03 5.03 4.65 4.67 4.67 4.67 4.67 5.05 5.05 5.05 5.05 5.06 5.71 5.56 5.06 5.05 5.05 5.05 5.05 5.01 5.01 5.01 5.01 5.18 5.18 5.18 5.18 5.15 5.15 5.15 5.15 5.20 5.20 5.20 5.20 5.13 5.18 5.18 5.71 5.28 5.28 5.28 5.28 6.17 6.17 6.17 6.17
0.00 0.00 0.00 0.00 0.00 0.00 0.00 0.00 0.00 0.00 0.00 0.00 0.00 0.00 0.00 0.00 0.00 0.00 0.00 0.00 0.00 0.00 0.00 0.00 0.00 4.87 4.87 4.97 4.72 4.69 4.69 4.69 4.69 4.69 4.69 5.07 4.65 4.65 4.65 4.65 4.67 4.67 4.67 4.67 5.05 5.05 5.05 5.05 5.06 5.06 5.56 5.06 5.05 5.54 5.05 5.05 5.01 5.50 5.01 5.01 5.18 5.70 5.18 5.18 5.15 5.15 5.15 5.15 5.20 5.20 5.20 5.20 5.18 5.18 5.18 5.18 5.28 5.28 5.28 5.28 6.17 6.17 6.17 6.17
0.00 0.00 0.00 0.00 0.00 0.00 0.00 0.00 0.00 0.00 0.00 0.00 0.00 0.00 0.00 0.00 0.00 0.00 0.00 0.00 0.00 0.00 0.00 0.00 0.00 0.00 6.38 5.10 5.07 4.74 5.14 4.72 4.70 4.70 4.52 4.70 5.03 4.65 4.65 4.65 4.64 4.64 4.64 5.02 5.03 5.03 5.03 5.03 5.77 5.05 5.05 5.05 5.02 5.02 5.02 5.02 4.99 4.99 5.48 4.99 5.16 5.16 5.16 5.16 5.16 5.16 5.16 5.16 5.19 5.19 5.19 5.85 5.19 5.19 5.19 5.19 5.41 5.41 5.41 5.41 5.52 6.26 6.26 5.77
0.00 0.00 0.00 0.00 0.00 0.00 0.00 0.00 0.00 0.00 0.00 0.00 0.00 0.00 0.00 0.00 0.00 0.00 0.00 0.00 0.00 0.00 0.00 0.00 0.00 0.00 1.42 5.20 4.74 4.74 5.18 4.72 4.70 4.70 4.70 4.70 4.65 4.65 4.65 4.65 4.64 4.64 4.64 4.64 5.03 5.03 5.03 5.03 5.05 5.73 5.05 5.05 5.02 5.02 5.02 5.02 4.99 4.99 4.99 4.99 5.16 5.16 5.16 5.16 5.16 5.16 5.16 5.16 5.19 5.19 5.19 5.15 5.19 5.92 5.19 5.19 5.41 5.41 5.41 5.41 5.52 5.52 5.52 6.26
0.00 0.00 0.00 0.00 0.00 0.00 0.00 0.00 0.00 0.00 0.00 0.00 0.00 0.00 0.00 0.00 0.00 0.00 0.00 0.00 0.00 0.00 0.00 0.00 0.00 0.00 3.68 5.33 5.49 5.49 5.49 6.06 5.99 5.43 5.43 5.43 5.37 5.37 5.37 5.92 5.36 5.36 5.36 5.36 5.94 5.94 5.94 5.94 5.96 5.96 5.96 5.96 5.93 5.93 5.93 5.93 5.90 5.90 5.90 6.52 6.24 6.24 6.24 7.84 6.23 6.23 6.23 6.23 6.72 7.03 6.27 6.27 6.27 6.27 6.27 6.27 6.32 6.32 6.32 6.32 6.43 6.43 6.43 6.43
0.00 0.00 0.00 0.00 0.00 0.00 0.00 0.00 0.00 0.00 0.00 0.00 0.00 0.00 0.00 0.00 0.00 0.00 0.00 0.00 0.00 0.00 0.00 0.00 0.00 7.07 5.85 5.33 5.49 5.49 5.49 5.49 5.43 5.43 5.43 5.43 5.37 5.37 5.37 5.37 5.36 5.91 5.36 5.36 5.94 5.94 5.94 5.94 5.96 5.96 5.96 5.96 5.93 5.93 5.93 5.93 5.90 5.90 6.09 5.90 6.24 6.24 6.24 6.24 6.23 6.23 6.23 6.23 6.27 6.27 6.27 6.27 6.27 6.27 6.27 6.27 6.32 6.32 6.32 6.32 6.43 6.43 6.43 6.43
0.00 0.00 0.00 0.00 0.00 0.00 0.00 0.00 0.00 0.00 0.00 0.00 0.00 0.00 0.00 0.00 0.00 0.00 0.00 0.00 0.00 4.99 5.13 5.63 5.84 3.47 10.19 8.70 5.50 5.50 5.50 5.50 5.45 5.45 6.19 6.00 5.39 5.39 5.39 5.39 5.36 5.36 5.36 5.36 5.91 5.91 5.91 5.91 5.92 5.92 5.92 5.92 5.87 5.87 5.87 5.87 6.48 5.85 5.95 6.86 6.24 6.24 6.24 6.24 6.25 6.25 6.25 6.25 6.28 6.28 6.28 6.28 6.40 6.40 6.40 6.40 6.44 6.44 6.44 6.44 6.45 6.45 6.45 7.93
0.00 0.00 0.00 0.00 0.00 0.00 0.00 0.00 0.00 0.00 0.00 0.00 0.00 0.00 0.00 0.00 0.00 0.00 0.00 0.00 4.99 9.00 8.40 5.63 5.86 6.03 4.27 8.76 5.50 5.50 5.50 5.50 5.45 5.45 5.45 6.00 5.39 6.46 5.39 5.39 5.36 5.36 5.36 5.36 5.91 6.53 5.91 5.91 5.92 5.92 5.92 5.92 5.87 5.87 5.87 5.87 5.85 5.85 5.85 5.85 6.24 6.24 6.24 6.24 6.25 6.25 6.25 6.25 6.28 6.28 6.28 6.28 6.40 6.40 6.40 6.40 6.44 6.44 6.44 6.44 6.45 7.24 6.45 6.45
0.00 0.00 0.00 0.00 0.00 0.00 0.00 0.00 0.00 0.00 0.00 0.00 0.00 0.00 0.00 0.00 0.00 0.00 0.00 4.99 4.99 8.50 8.50 5.28 5.31 5.79 5.77 5.70 9.82 5.50 5.50 5.50 5.45 5.45 5.45 5.45 5.39 5.39 5.39 5.39 5.36 5.36 5.36 5.36 5.91 5.91 5.91 5.91 6.56 5.92 5.92 5.92 5.87 5.87 5.87 5.87 6.48 5.85 5.85 5.85 6.24 6.24 6.24 6.24 7.31 6.25 6.25 6.25 6.28 6.28 6.28 6.28 6.40 6.40 6.40 6.40 6.44 6.44 6.44 6.78 6.45 6.45 6.45 6.45
0.00 0.00 1.94 0.00 0.00 0.00 0.00 0.00 0.00 0.00 0.00 0.00 0.00 0.00 2.21 0.00 0.00 1.69 4.99 4.99 8.40 4.99 4.99 9.14 8.65 9.21 9.21 9.39 9.75 6.24 6.24 6.24 6.17 5.45 5.45 5.45 5.39 5.39 5.39 5.39 5.36 5.36 5.36 5.36 5.91 5.91 5.91 6.53 5.92 5.92 5.92 5.92 5.87 5.87 5.87 5.87 6.47 5.85 5.85 5.85 6.24 6.24 6.24 6.70 6.25 6.25 6.25 6.71 6.75 6.28 6.28 6.28 6.40 6.40 6.40 6.40 6.44 6.44 6.78 6.44 6.45 6.45 6.45 6.45
0.00 4.34 4.34 4.34 0.00 0.00 0.00 0.00 0.00 0.00 0.00 0.00 0.00 0.00 2.21 4.72 4.68 5.15 5.15 5.46 8.46 4.84 4.95 5.58 5.84 5.64 5.64 5.82 6.21 6.34 6.21 6.34 6.17 6.54 6.01 5.44 5.42 5.42 5.42 5.42 5.41 5.41 5.41 5.41 5.88 5.88 5.88 5.88 6.82 5.85 5.85 6.60 5.84 5.84 5.84 6.81 5.86 5.86 5.86 5.86 6.28 6.28 6.28 7.34 6.28 6.28 6.28 8.51 6.83 6.35 6.35 6.35 6.31 6.31 6.31 6.31 6.46 6.80 7.50 6.46 6.41 7.20 7.20 6.41
0.00 0.00 4.34 4.34 4.38 0.00 0.00 0.00 0.00 0.00 0.00 0.00 0.00 0.00 4.72 8.40 8.20 8.20 8.20 8.20 9.02 4.67 4.67 5.58 5.93 5.64 5.64 5.94 6.21 6.21 5.48 5.48 6.01 5.44 5.44 5.44 5.42 5.42 6.17 5.98 5.41 5.41 5.41 5.41 5.88 5.88 5.88 5.88 5.85 5.85 5.85 5.96 6.64 5.95 5.84 5.84 5.86 5.86 5.86 5.86 6.74 6.74 6.28 6.28 6.28 6.74 6.74 6.76 6.35 6.35 6.35 6.35 6.31 6.31 6.31 6.31 6.46 7.25 6.46 6.46 6.41 6.41 6.41 6.41
0.00 0.00 4.34 4.34 4.38 4.38 0.00 0.00 0.00 0.00 0.00 0.00 0.00 4.72 4.72 8.23 4.68 4.85 8.20 8.81 4.67 4.67 4.67 5.38 5.44 6.18 5.44 5.64 6.21 6.21 5.48 5.48 5.44 5.44 5.44 5.44 5.42 5.42 5.42 5.42 5.41 5.96 5.41 5.41 5.88 5.88 5.88 6.69 6.66 6.66 6.66 6.81 6.64 6.64 5.84 5.84 5.86 5.86 5.86 5.86 6.67 6.28 6.28 6.28 6.74 6.28 6.28 6.48 6.35 6.35 6.35 6.35 6.31 6.31 6.31 6.31 6.80 6.46 6.46 6.46 6.41 6.41 6.41 6.41
4.34 4.75 4.75 4.34 4.38 4.80 0.00 0.00 0.00 0.00 0.00 0.00 0.00 0.00 4.72 8.69 4.68 4.85 4.68 5.15 5.53 4.67 4.67 4.67 5.44 4.71 4.71 4.71 5.90 5.90 5.48 5.48 5.44 5.44 5.44 5.44 5.42 5.42 5.42 5.98 5.41 5.41 5.41 5.41 5.88 5.88 5.88 5.88 6.66 6.66 6.66 6.66 6.64 6.64 5.84 5.84 5.86 5.86 5.86 5.86 6.28 6.28 6.28 6.28 6.28 6.28 6.28 6.28 6.35 6.35 6.35 6.35 6.31 6.31 6.31 6.64 6.46 6.46 6.46 6.46 6.41 6.41 6.41 7.19
4.31 4.31 4.31 4.31 4.36 4.36 4.36 0.00 0.00 0.00 0.00 0.00 0.00 0.00 4.74 4.74 8.39 4.70 4.70 4.70 4.66 5.12 4.66 4.66 5.12 4.66 4.66 4.66 5.02 5.02 5.02 5.02 5.02 5.02 5.39 5.39 5.41 5.41 5.41 5.41 5.41 5.41 5.96 5.41 5.86 5.86 5.86 5.86 5.82 6.62 6.62 6.77 6.65 6.65 5.95 5.85 6.86 5.88 5.88 5.88 6.29 6.29 6.29 6.29 7.93 6.77 6.30 6.30 6.42 6.42 6.42 6.42 6.35 6.35 6.35 7.11 6.46 6.46 6.46 6.46 6.37 6.37 6.37 6.37
4.31 4.31 4.31 4.31 4.36 4.36 4.36 4.36 0.00 0.00 0.00 0.00 0.00 0.00 5.47 4.74 8.21 8.21 4.70 4.70 4.66 4.66 4.66 4.66 4.66 4.66 4.66 4.66 5.02 5.02 5.02 5.02 5.02 5.02 5.02 5.02 5.03 5.41 5.41 5.41 5.41 5.41 5.41 5.41 6.48 5.86 5.86 5.86 5.82 6.62 6.62 6.62 6.65 6.65 6.65 5.85 5.88 5.88 5.88 5.88 6.29 6.29 6.29 6.29 6.30 6.30 6.30 6.30 6.42 6.42 6.42 6.42 6.35 6.35 7.11 6.68 6.46 7.25 6.46 7.52 7.15 6.37 6.37 6.37
4.31 4.31 4.31 4.31 4.36 4.36 4.36 4.36 3.63 0.00 0.00 0.00 0.00 0.00 5.47 5.47 5.16 8.21 4.70 5.15 4.66 4.66 4.66 4.66 4.66 4.66 4.66 5.12 5.02 5.02 5.52 5.02 5.02 5.02 5.02 5.02 5.03 5.03 5.03 5.03 5.03 5.41 5.41 5.41 5.86 5.86 5.86 5.86 6.62 6.62 6.62 6.62 6.65 6.65 6.65 6.65 5.88 5.88 5.88 6.86 6.29 6.29 6.75 7.36 6.30 6.30 6.30 6.30 6.42 6.42 6.42 6.42 7.11 6.35 6.35 6.35 7.92 6.46 6.46 6.46 6.37 6.37 6.37 6.37
4.31 4.31 4.31 4.31 4.36 4.36 4.36 4.36 4.73 4.82 5.66 4.52 4.58 1.95 5.52 5.47 5.42 9.57 8.21 4.70 4.66 4.66 4.66 4.66 4.66 4.66 4.66 4.66 5.02 5.02 5.02 5.02 5.02 5.02 5.02 5.02 5.03 5.54 5.03 5.03 5.03 5.03 5.03 5.03 5.86 5.86 5.86 6.67 6.62 6.62 6.62 6.62 6.65 6.65 6.65 6.65 5.88 5.88 5.88 5.88 6.29 6.29 7.07 6.29 6.30 6.30 6.30 6.30 6.42 6.42 6.42 7.53 6.35 6.68 6.68 6.68 7.59 6.46 7.25 7.23 7.79 7.15 6.37 6.70
4.31 4.31 4.31 4.31 4.35 7.86 4.35 4.35 4.56 4.56 4.86 5.29 4.09 3.93 5.99 5.52 5.23 4.90 8.24 4.72 4.69 4.69 4.69 4.69 4.66 4.66 4.66 4.66 5.01 5.01 5.01 5.01 5.02 5.02 5.02 5.02 5.02 5.02 5.52 5.02 4.99 4.99 4.99 4.99 5.41 6.29 6.29 6.29 6.69 6.69 6.69 6.69 6.72 6.72 6.72 6.72 6.72 6.72 5.90 5.90 6.30 6.77 6.46 6.51 6.35 6.35 6.35 6.35 6.45 6.45 6.94 6.45 6.35 6.35 6.69 6.69 7.92 6.46 6.46 6.46 6.35 6.35 6.35 6.35
4.31 4.31 4.31 4.31 7.86 7.86 8.45 4.35 4.56 3.13 4.56 5.09 4.75 4.68 5.77 5.47 5.23 5.23 8.24 8.24 4.69 4.69 4.69 4.69 4.66 4.66 4.66 4.66 5.01 5.01 5.01 5.01 5.02 5.02 5.02 5.02 5.67 5.02 5.02 5.02 4.99 4.99 4.99 5.64 7.74 6.65 6.29 6.29 5.43 5.43 5.43 5.87 6.72 6.72 6.72 6.72 6.72 7.06 7.06 5.90 6.30 7.21 7.60 6.30 6.35 6.35 6.35 6.35 6.45 6.45 7.21 6.45 6.35 6.35 6.35 6.35 6.46 6.46 6.46 6.46 6.35 6.35 7.37 6.35
5.16 5.16 5.53 9.05 8.72 5.21 5.21 8.72 5.63 3.74 6.46 5.32 5.64 5.64 6.90 6.59 6.56 6.56 6.56 10.14 5.57 5.57 5.57 5.57 5.54 5.54 5.54 5.54 5.72 5.72 5.72 5.72 5.73 5.73 5.73 5.73 5.73 5.73 5.73 5.73 6.29 5.70 5.70 5.70 6.08 7.17 7.17 6.08 6.10 6.10 6.10 6.10 6.13 6.13 6.13 7.61 7.61 7.61 7.61 6.48 7.15 8.18 8.18 6.93 6.97 6.97 6.97 6.97 8.69 7.08 7.08 7.08 7.18 7.18 7.18 7.18 8.10 8.19 8.10 7.48 7.36 7.36 7.36 7.36
8.68 8.68 8.68 5.16 5.21 5.21 5.21 8.72 5.32 5.32 5.32 5.32 5.64 5.64 5.64 6.59 6.63 6.57 6.56 6.55 10.02 6.51 5.57 5.57 5.54 5.54 5.54 5.54 5.72 5.72 5.72 5.72 5.73 5.73 5.73 5.73 5.73 5.73 5.73 5.73 5.70 5.70 5.70 5.70 6.08 6.08 6.08 6.08 6.10 6.10 6.10 6.10 6.13 7.37 6.13 7.96 7.24 7.24 7.24 7.61 8.18 8.18 8.18 6.93 6.97 6.97 6.97 6.97 7.08 7.95 7.08 7.08 7.18 7.18 7.18 7.18 7.48 7.48 7.48 7.48 7.36 7.36 8.28 7.36
8.72 9.01 5.21 5.21 5.19 5.19 5.19 8.70 9.05 8.75 7.25 8.75 9.50 6.19 5.98 5.61 6.65 6.47 6.41 6.59 10.09 6.58 6.58 6.58 5.61 5.61 5.61 5.61 5.80 5.80 5.80 5.80 5.80 5.80 5.80 5.80 5.76 5.76 5.76 5.76 5.73 5.73 5.73 5.73 6.15 6.15 6.15 6.15 6.19 6.19 6.86 6.19 6.87 6.19 6.19 7.32 7.27 7.27 7.27 7.27 7.76 7.76 6.94 6.94 6.98 6.98 6.98 6.98 7.93 7.06 7.06 7.06 7.15 7.15 7.15 7.15 7.43 7.43 7.43 7.43 7.33 7.33 7.33 7.33
8.72 8.72 5.21 5.21 5.19 5.19 5.19 5.19 5.77 5.24 5.24 5.24 9.12 9.12 7.00 6.04 6.07 6.65 6.75 7.72 10.09 6.58 6.58 6.58 5.61 5.61 5.61 5.61 5.80 5.80 5.80 5.80 5.80 5.80 5.80 5.80 5.76 5.76 5.76 5.76 5.73 5.73 5.73 5.73 6.15 6.15 6.15 6.15 6.19 6.19 6.19 6.19 6.19 6.19 6.19 7.32 6.16 6.16 6.16 6.16 7.76 7.76 6.54 6.54 6.58 6.58 8.79 6.98 7.06 7.06 7.06 7.06 7.15 7.15 7.69 7.52 7.43 7.43 8.36 8.36 7.33 7.33 7.33 8.22
5.21 5.21 5.21 6.20 5.19 5.19 5.19 5.19 5.77 5.24 5.24 5.24 5.61 9.12 5.61 5.98 6.53 9.15 9.15 9.15 5.78 6.89 6.58 7.55 5.61 5.61 5.61 5.61 5.80 5.80 5.80 5.80 5.80 5.80 5.80 5.80 5.76 5.76 5.76 5.76 5.73 5.73 5.73 5.73 6.15 6.15 6.15 6.15 6.19 6.19 6.19 6.19 6.87 6.19 6.19 6.19 6.16 6.16 6.16 6.16 7.76 7.76 7.76 6.54 6.58 7.31 6.58 6.58 6.66 7.06 7.06 7.06 7.15 7.15 7.15 7.15 7.43 7.43 7.43 7.43 7.33 7.33 7.33 8.22
5.21 5.21 5.21 5.21 5.93 5.72 5.19 5.19 5.24 5.24 5.24 5.24 5.61 9.12 9.50 9.12 9.15 6.02 5.64 5.64 5.91 5.77 6.01 5.63 5.61 6.19 5.61 5.61 5.80 5.80 5.80 5.80 5.80 5.80 5.80 5.80 5.76 5.76 5.76 5.76 5.73 5.73 5.73 5.73 6.15 6.15 6.15 6.15 6.19 6.19 6.19 6.19 6.87 7.71 6.87 6.19 6.16 6.16 6.83 6.37 7.76 7.76 7.76 6.54 6.58 6.58 6.58 7.30 6.66 6.66 6.66 6.66 6.74 7.15 7.15 7.15 7.43 7.43 7.43 7.43 8.23 7.33 7.33 7.33
8.79 5.28 5.28 5.28 5.23 5.76 5.23 5.23 5.20 5.20 5.20 5.20 5.56 5.56 9.07 9.65 5.62 5.62 5.62 6.01 5.62 5.62 5.62 6.00 5.60 5.60 5.60 5.60 5.82 5.82 5.82 5.82 5.83 5.83 5.83 5.83 5.80 5.80 5.80 5.80 5.79 5.79 5.79 5.79 6.22 6.22 6.22 6.22 6.24 6.24 6.24 6.24 6.22 6.22 6.22 6.22 6.17 6.17 6.17 6.17 7.76 7.76 7.76 8.15 6.76 6.55 6.55 6.55 7.32 6.60 6.60 6.60 6.63 6.63 6.63 7.37 7.30 7.30 7.30 7.30 7.27 7.27 7.84 7.27
8.79 5.28 5.28 5.28 5.23 5.23 5.23 5.23 5.20 5.20 5.73 5.20 5.56 5.56 6.13 5.56 5.62 5.62 5.62 6.01 5.62 6.00 5.62 6.00 5.60 6.19 5.60 5.60 5.82 5.82 5.82 5.82 5.83 5.83 5.83 5.83 5.80 5.80 5.80 5.80 5.79 5.79 5.79 5.79 6.22 6.22 6.22 6.22 6.24 6.24 6.24 6.24 6.22 6.22 6.22 6.22 6.17 6.17 6.17 6.17 7.76 7.76 7.76 7.76 7.65 6.55 6.55 6.55 7.32 6.60 7.33 6.60 7.36 6.63 6.63 6.63 6.88 6.88 6.88 6.88 7.27 7.27 7.27 7.27
9.80 5.28 5.28 5.28 5.23 5.23 5.23 5.23 5.20 5.20 5.20 5.20 6.08 5.56 5.56 6.13 5.62 5.62 5.62 5.62 5.62 6.20 5.62 5.62 5.60 5.60 5.60 5.60 5.82 5.82 5.82 5.82 6.47 7.22 7.01 6.47 5.80 6.43 5.80 5.80 6.38 5.79 5.79 5.79 6.22 6.22 6.22 6.22 6.24 6.24 6.24 6.24 6.22 6.22 6.22 6.91 6.17 6.17 6.17 7.69 7.76 7.76 7.76 7.76 7.78 7.78 7.78 6.55 6.60 6.60 6.60 6.60 6.63 6.63 6.63 6.63 6.88 6.88 6.88 6.88 6.85 6.85 7.62 7.84
5.28 5.28 5.82 5.28 5.23 5.23 5.23 5.23 5.20 5.20 5.20 5.20 5.56 5.56 5.56 5.56 5.62 5.62 5.62 6.19 5.62 5.62 6.42 5.62 5.60 5.60 6.18 5.60 5.82 5.82 5.82 5.82 5.83 6.46 5.83 5.83 5.80 5.80 5.80 5.80 5.79 5.79 5.79 5.79 6.22 6.22 6.22 6.22 7.51 6.24 6.93 6.91 6.22 7.99 6.90 6.22 6.17 6.17 6.17 7.29 7.76 7.76 7.76 7.76 8.17 7.78 7.78 7.78 7.84 6.60 6.60 6.60 6.63 6.63 6.63 6.63 6.88 6.88 6.88 6.88 6.85 6.85 6.85 7.61
5.67 5.29 5.85 6.31 5.28 5.28 5.28 5.28 5.23 5.23 5.23 5.23 5.51 5.51 5.51 6.76 5.93 5.56 5.56 5.56 5.55 5.55 5.55 6.13 5.57 5.57 5.57 5.57 6.36 5.80 6.43 5.80 5.81 6.44 5.81 5.81 5.82 6.45 5.82 5.82 5.81 5.81 5.81 5.81 6.24 6.24 7.49 6.24 6.23 6.23 6.23 6.23 6.19 6.86 6.19 6.19 6.14 6.14 7.25 7.25 7.75 7.75 7.75 7.75 7.78 7.78 7.78 7.78 7.78 7.78 7.78 7.78 7.77 8.16 7.77 8.16 8.12 8.12 7.03 6.81 7.59 6.83 6.83 7.59
5.32 5.67 5.35 5.29 5.28 5.28 5.28 5.81 5.23 5.77 5.23 5.81 5.51 5.51 5.51 6.08 5.56 5.93 5.56 5.56 5.55 5.55 5.55 5.55 5.57 5.57 5.57 5.57 5.80 5.80 5.80 5.80 5.81 5.81 5.81 5.81 5.82 5.82 6.45 5.82 5.81 5.81 5.81 5.81 6.24 6.92 6.24 6.24 6.23 6.23 6.23 6.23 6.19 6.19 6.19 6.19 6.14 6.14 7.25 7.25 7.75 7.75 7.75 7.75 7.78 7.78 7.78 7.78 7.78 7.78 7.78 7.78 7.77 7.77 7.77 7.77 8.51 8.12 8.12 7.57 6.83 6.83 6.83 6.83
6.03 5.46 5.46 5.29 6.30 5.28 5.28 5.28 5.23 5.23 5.23 5.23 5.51 5.51 5.51 5.51 5.56 5.93 5.56 5.56 5.55 6.13 5.55 5.55 5.57 5.57 5.57 5.57 5.80 5.80 5.80 5.80 5.81 5.81 5.81 5.81 5.82 5.82 5.82 5.82 5.81 6.25 5.81 5.81 6.24 6.24 6.24 6.24 6.23 6.23 6.23 6.90 6.19 6.19 6.19 6.19 6.14 7.60 7.60 7.25 7.75 7.75 7.75 7.75 7.78 7.78 7.78 7.78 7.78 7.78 7.78 7.65 7.77 7.77 7.64 7.77 8.12 8.12 6.81 6.81 6.83 6.83 7.59 6.83
5.29 5.29 5.29 5.29 5.28 5.28 5.28 5.28 5.23 5.23 5.77 5.23 5.51 5.51 5.51 5.51 5.56 5.56 5.56 6.35 5.55 5.55 5.55 5.55 5.57 5.57 5.57 5.57 6.35 5.80 6.41 5.80 5.81 5.81 5.81 5.81 5.82 5.82 6.43 6.44 5.81 6.07 5.81 5.81 6.24 6.24 6.24 6.24 6.23 6.23 6.23 6.90 6.19 6.19 6.19 7.31 7.59 7.25 7.25 7.25 7.75 7.75 7.75 7.75 7.78 7.78 7.78 7.78 7.78 7.78 7.78 7.86 7.77 7.77 7.77 7.77 8.12 8.12 6.81 6.81 7.59 7.25 6.83 6.83
5.28 5.28 5.28 5.28 5.29 5.29 5.84 5.84 5.28 5.28 5.28 5.28 5.52 5.52 5.52 5.52 5.49 5.49 5.49 6.05 6.68 5.49 6.05 5.49 5.54 5.54 5.54 5.54 5.78 5.78 5.78 5.78 6.36 5.77 5.77 5.77 5.80 5.80 6.39 5.80 5.80 5.80 5.80 5.80 6.20 6.20 6.20 6.87 6.85 6.18 6.85 6.84 6.13 6.13 7.24 7.24 7.22 7.22 7.22 7.22 7.77 7.77 7.77 6.55 7.79 7.79 7.79 7.79 7.75 7.75 7.62 7.75 7.75 7.75 7.75 7.75 8.12 8.12 8.12 8.12 8.12 8.12 8.12 8.77
5.28 5.28 6.45 5.28 5.29 5.29 5.29 6.01 6.04 5.82 5.28 6.09 6.08 5.52 5.52 5.52 5.49 5.49 5.49 5.49 5.49 6.21 5.49 5.49 5.54 5.54 5.54 5.54 5.78 5.78 5.78 6.51 5.77 5.77 5.77 5.77 5.80 5.80 5.80 6.54 6.55 5.80 5.80 5.80 6.20 6.20 6.20 6.98 6.18 6.18 6.18 6.18 6.13 6.80 6.13 6.13 6.12 6.12 6.12 7.22 6.55 6.55 6.55 6.55 7.79 7.79 8.18 7.79 7.75 7.75 7.75 7.75 7.75 7.75 7.75 7.75 8.12 8.12 8.12 8.12 8.12 8.12 8.76 8.60
6.07 6.07 6.07 6.07 6.09 6.09 6.09 6.09 6.07 6.07 6.07 6.07 6.19 6.19 6.19 6.19 6.17 6.17 6.17 6.17 6.16 6.16 6.16 6.16 6.22 6.22 6.22 6.22 7.11 6.44 6.44 6.44 6.43 6.43 6.43 6.43 6.46 6.46 6.46 6.46 6.48 6.48 6.48 7.24 6.67 6.67 6.67 6.67 6.64 6.64 6.64 6.64 6.60 6.60 6.60 6.60 6.58 7.21 6.58 6.58 6.89 6.89 6.89 8.67 8.24 8.24 8.24 8.24 8.21 8.10 8.21 8.21 8.20 8.20 8.20 8.20 8.58 8.58 8.73 8.58 8.58 8.58 9.05 8.58
6.07 6.07 6.07 6.07 6.09 6.09 6.09 6.09 6.07 6.07 6.07 6.07 6.19 6.19 6.19 6.19 6.17 6.17 6.17 6.17 6.16 6.16 6.16 6.16 6.22 6.22 6.22 6.22 6.44 6.44 6.44 6.44 6.43 6.43 6.43 6.43 6.46 6.46 6.46 6.46 6.48 6.48 6.48 6.48 6.67 6.67 6.67 6.67 6.64 6.64 6.64 6.64 6.60 6.60 6.60 7.94 6.58 6.58 6.58 6.58 6.89 6.89 8.66 8.23 8.24 8.24 8.24 8.24 8.21 8.21 8.21 8.21 6.87 6.87 6.87 8.20 8.58 8.58 8.58 8.58 8.58 8.58 8.58 8.58
