New_Model_Runs/15_Future_RCP8.5_Scn2_out/post_prcessed_with_MFR/Monthly_summaries/net_infiltration_monthly_NOV.asc
NCOLS 700
NROWS 400
XLLCENTER 515000.000000
YLLCENTER 8409000.000000
CELLSIZE 50.000000
NODATA_value -999.000000
[rows 185 to 221 of 400, columns 249 to 331 of 700]
8.71 8.71 8.71 8.74 8.74 8.74 8.74 9.15 10.39 9.15 9.15 9.16 9.16 9.16 10.93 10.90 9.14 9.14 10.36 9.07 9.07 9.07 9.07 9.24 9.24 9.24 9.24 9.24 9.24 9.24 9.24 9.41 8.18 8.18 8.18 8.27 11.36 11.36 8.27 8.52 8.52 8.52 10.32 11.78 11.74 8.53 8.56 10.00 8.55 8.55 11.71 11.53 8.40 8.40 8.40 8.35 8.35 8.35 8.35 8.26 8.26 8.26 8.26 8.28 8.28 8.28 8.28 8.31 8.31 8.31 8.31 8.68 8.68 8.68 8.68 8.72 8.72 8.72 8.72 8.68 12.71 8.68 8.68
8.71 8.71 8.71 8.74 8.74 8.74 8.74 9.15 9.15 9.15 9.15 9.16 9.16 9.16 9.16 9.14 9.14 9.14 9.14 9.07 9.07 9.07 9.07 9.24 9.24 9.24 10.50 9.24 9.24 9.24 9.24 9.41 9.41 8.18 8.18 9.30 11.36 11.36 10.56 9.61 8.52 11.73 12.87 12.88 11.76 9.64 8.56 8.51 9.60 8.51 8.51 8.40 8.40 8.40 8.40 8.35 8.35 8.35 10.23 8.26 8.26 8.26 8.26 8.28 8.28 8.28 8.28 8.31 8.31 8.31 8.31 8.68 8.68 8.68 8.68 8.72 8.72 8.72 8.72 8.68 8.68 8.68 8.68
8.71 8.71 8.71 8.74 8.74 8.74 8.74 9.15 11.39 9.15 9.15 9.16 9.16 9.16 9.16 9.14 9.14 9.14 9.14 9.07 9.07 9.07 9.07 9.24 9.24 9.24 9.24 9.24 9.24 9.24 9.24 9.41 9.41 9.41 10.69 8.27 11.36 8.27 9.37 8.52 8.52 11.73 11.77 11.76 11.78 11.74 9.62 8.51 8.51 8.51 8.51 8.40 8.40 9.47 8.40 9.62 8.35 8.35 9.10 8.26 8.26 8.26 8.26 8.28 8.28 8.28 8.28 8.31 8.31 8.31 8.31 8.68 8.68 8.68 8.68 8.72 9.83 8.72 8.72 8.68 8.68 8.68 8.68
8.66 8.66 8.66 8.69 8.69 8.69 9.86 9.10 9.10 10.34 9.10 9.07 9.07 9.07 10.81 9.00 9.00 9.00 9.00 8.95 8.95 8.95 8.95 9.20 9.20 9.20 9.20 9.23 9.23 9.23 9.23 9.34 12.11 9.34 9.34 9.43 8.20 9.24 8.20 8.46 8.46 9.54 8.46 8.48 11.66 11.66 8.48 9.48 8.41 8.41 9.48 8.25 8.25 8.25 8.25 8.25 13.27 8.81 12.23 8.30 8.30 8.30 8.30 8.39 8.39 8.39 8.39 8.44 8.44 8.44 8.44 8.76 8.76 8.76 8.76 8.75 8.75 8.75 8.75 8.73 8.73 8.73 8.73
8.66 9.83 8.66 8.69 8.69 8.69 8.69 9.10 10.34 9.10 9.10 9.07 9.07 9.07 9.07 10.22 9.00 9.00 9.00 8.95 8.95 10.16 8.95 9.20 9.20 9.20 9.20 9.23 9.23 9.23 9.23 10.59 9.34 9.34 9.34 9.43 9.43 9.43 8.20 8.46 8.46 8.46 8.46 8.48 8.48 8.48 8.48 8.41 8.41 8.41 8.41 8.25 8.25 8.25 8.25 8.25 12.23 12.23 12.23 8.30 8.30 8.30 8.30 8.39 8.39 8.39 8.39 8.44 8.44 8.44 8.44 8.76 8.76 8.76 8.76 8.75 9.87 8.75 8.75 8.73 8.73 8.73 8.73
8.66 8.66 8.66 8.69 8.69 8.69 8.69 9.10 9.10 10.34 9.10 9.07 9.07 9.07 9.07 9.00 9.00 9.00 9.00 8.95 8.95 8.95 10.16 9.20 11.00 9.20 9.20 10.49 9.23 9.23 9.23 9.34 9.34 9.34 9.34 9.43 9.43 9.43 9.43 8.46 8.46 8.46 8.46 8.48 8.48 8.48 8.48 8.41 8.41 8.41 8.41 8.25 8.25 8.25 8.25 12.23 12.23 8.25 8.25 8.30 8.30 8.30 8.30 8.39 8.39 8.39 9.46 9.52 9.52 8.44 8.44 8.76 8.76 8.76 8.76 8.75 8.75 8.75 8.75 8.73 8.73 10.81 10.81
8.66 8.66 8.66 8.69 8.69 8.69 9.84 9.10 9.10 9.10 9.10 9.07 9.07 9.07 9.07 9.00 9.00 9.00 9.00 10.13 8.95 8.95 8.95 9.20 9.20 10.45 9.20 9.23 9.23 9.23 10.49 9.34 9.34 9.34 10.60 9.43 9.43 9.43 9.43 9.74 9.74 8.46 8.46 8.48 8.48 8.48 8.48 8.41 8.41 8.41 8.41 8.25 8.25 8.25 12.20 12.23 12.23 8.25 8.25 8.30 8.30 8.30 9.36 9.43 9.47 8.39 8.39 9.51 8.44 8.44 8.44 8.76 8.76 8.76 8.76 8.75 8.75 8.75 8.75 8.73 8.73 8.73 9.28
8.65 8.65 8.65 8.63 8.63 8.63 8.63 9.00 10.85 9.00 9.00 10.11 8.91 8.91 8.91 8.82 8.82 8.82 8.82 8.86 10.05 8.86 8.86 9.19 9.19 9.19 9.19 9.24 9.24 9.24 9.24 9.26 9.26 9.26 9.26 9.28 9.28 9.28 9.28 9.57 9.57 9.57 8.32 8.31 8.31 8.31 8.31 8.22 8.22 8.22 8.22 8.14 8.14 12.02 12.02 12.29 12.29 8.28 8.28 8.35 8.35 8.35 9.42 8.41 8.41 8.41 8.41 8.47 9.56 8.47 8.47 8.79 8.79 8.79 8.79 8.81 8.81 8.81 8.81 8.82 8.82 8.82 8.82
8.65 8.65 8.65 8.63 8.63 8.63 8.63 9.00 10.45 9.00 9.00 8.91 8.91 8.91 8.91 8.82 8.82 8.82 8.82 8.86 8.86 8.86 8.86 9.19 9.19 9.19 9.19 9.24 9.24 9.24 9.24 9.26 9.26 9.26 10.64 9.28 9.28 9.28 9.28 9.57 9.57 9.57 9.57 9.56 8.31 8.31 8.31 8.22 8.22 8.22 8.22 8.14 8.14 12.02 12.02 12.29 12.29 8.28 8.28 8.35 8.35 9.26 8.35 8.41 8.41 8.41 8.41 8.47 8.47 8.47 8.47 8.79 8.79 8.79 8.79 8.81 8.81 8.81 8.81 8.82 10.95 8.82 8.82
9.50 9.50 9.50 9.49 9.49 9.49 9.49 9.78 11.13 9.78 9.78 9.67 9.67 11.00 9.67 9.58 9.58 10.90 9.58 9.62 9.62 9.62 9.62 9.64 9.64 9.64 9.64 9.69 9.69 9.69 9.69 9.71 9.71 9.71 9.71 9.74 9.74 9.74 9.74 9.66 9.66 9.66 9.66 9.65 9.65 8.38 8.38 8.29 8.29 12.31 8.29 8.21 12.16 12.16 8.21 8.26 12.17 8.26 8.52 8.34 12.11 10.25 10.25 8.40 8.40 8.40 8.40 9.50 8.46 8.46 8.46 8.22 8.22 9.24 8.22 8.24 8.24 8.24 8.24 10.13 10.24 8.25 10.13
9.50 9.50 9.50 11.38 9.49 9.49 9.49 9.78 9.78 11.09 9.78 9.67 9.67 9.67 9.67 9.58 9.58 9.58 9.58 9.62 9.62 9.62 9.62 9.64 9.64 9.64 9.64 9.69 9.69 9.69 9.69 9.71 9.71 9.71 9.71 9.74 9.74 9.74 9.74 9.66 9.66 9.66 9.66 9.65 9.65 9.65 8.38 8.29 12.31 8.29 8.29 8.21 8.21 8.21 8.21 8.26 12.17 12.17 8.26 8.34 10.25 10.49 10.25 8.40 8.40 8.40 8.40 8.46 8.46 8.46 9.52 8.22 8.22 8.22 9.24 8.24 8.24 8.24 10.11 8.25 8.25 10.09 8.25
10.83 9.50 11.39 10.79 10.79 10.79 9.47 9.65 9.65 9.65 9.65 9.55 9.55 10.86 9.55 9.66 9.66 9.66 9.66 9.82 9.82 9.82 9.82 9.78 9.78 9.78 9.78 9.78 9.78 9.78 9.78 9.79 9.79 9.79 9.79 9.79 9.79 9.79 9.79 9.64 9.64 9.64 9.64 9.56 9.56 9.56 9.56 9.49 8.25 8.25 8.25 8.23 8.23 8.23 8.23 8.31 12.25 12.25 8.31 10.28 9.64 10.28 10.28 8.40 8.40 8.40 8.40 8.46 8.46 8.46 8.46 8.24 8.24 8.24 8.24 9.32 8.30 10.20 8.30 10.21 8.31 8.31 8.31
9.50 9.50 9.50 9.47 9.47 9.47 10.81 9.65 9.65 9.65 9.65 9.55 9.55 9.55 9.55 9.66 9.66 9.66 9.66 9.82 9.82 9.82 9.82 9.78 9.78 9.78 9.78 9.78 9.78 9.78 9.78 9.79 9.79 9.79 9.79 9.79 9.79 9.79 9.79 9.64 9.64 9.64 9.64 9.56 9.56 9.56 9.56 9.49 9.49 8.25 8.25 8.23 8.23 8.23 8.23 12.25 12.25 12.25 12.25 9.00 9.00 8.36 8.36 8.40 8.40 8.40 8.40 8.46 8.46 8.46 8.46 8.24 8.24 8.24 8.24 8.30 8.30 8.30 8.30 8.31 8.31 8.31 8.31
7.95 9.50 9.50 9.47 9.47 9.47 10.81 9.65 9.65 9.65 9.65 9.55 9.55 9.55 9.55 9.66 9.66 9.66 9.66 9.82 9.82 9.82 9.82 9.78 9.78 9.78 9.78 9.78 9.78 9.78 9.78 9.79 9.79 9.79 9.79 9.79 9.79 9.79 9.79 9.64 9.64 9.64 9.64 9.56 9.56 9.56 9.56 9.49 9.49 9.49 9.49 10.09 8.23 8.23 8.23 8.31 8.31 8.31 8.31 8.36 9.00 8.36 8.36 8.40 8.40 8.40 8.40 8.46 8.46 8.46 8.46 8.24 8.24 8.24 8.24 8.30 8.30 8.30 8.30 8.31 8.31 9.35 9.31
7.95 9.50 9.50 9.47 9.47 9.47 9.47 9.65 9.65 9.65 9.65 10.86 9.55 9.55 9.55 9.66 9.66 9.66 9.66 9.82 9.82 9.82 9.82 9.78 9.78 9.78 9.78 9.78 9.78 9.78 9.78 9.79 9.79 9.79 9.79 9.79 9.79 9.79 9.79 9.64 9.64 9.64 9.64 9.56 9.56 9.56 9.56 9.49 9.49 9.49 9.49 9.47 10.09 8.23 8.23 8.31 8.31 8.31 8.31 8.36 8.36 8.36 8.36 8.40 10.34 8.40 8.40 8.46 8.46 8.46 8.46 9.33 9.26 9.26 9.26 8.30 8.30 8.30 8.30 8.31 9.35 8.31 8.31
7.95 7.95 9.51 9.43 9.43 9.43 9.43 9.58 9.58 9.58 9.58 12.01 9.62 9.62 9.62 9.85 9.85 9.85 9.85 9.98 9.98 9.98 9.98 9.90 9.90 9.90 9.90 9.88 9.88 9.88 9.88 9.92 9.92 9.92 9.92 9.92 9.92 9.92 9.92 9.71 9.71 9.71 9.71 9.59 9.59 10.92 9.59 9.50 9.50 10.81 9.50 9.49 9.49 9.49 8.25 8.38 8.38 8.38 8.38 8.42 8.42 8.42 8.42 8.43 8.43 8.43 8.43 8.46 8.46 8.46 8.46 9.79 8.24 8.24 8.24 8.30 8.30 8.30 8.30 9.32 8.29 8.29 8.29
7.95 7.95 9.51 9.43 9.43 9.43 9.43 9.58 10.89 10.89 9.58 9.62 9.62 9.62 9.62 9.85 9.85 9.85 9.85 9.98 9.98 9.98 9.98 9.90 9.90 9.90 9.90 9.88 9.88 9.88 9.88 9.92 9.92 9.92 9.92 9.92 9.92 9.92 9.92 9.71 9.71 13.94 11.68 10.92 10.92 9.59 9.59 9.50 9.50 9.50 9.50 9.49 9.49 9.49 9.49 8.38 8.38 8.38 8.38 8.42 8.42 8.42 8.42 8.43 8.43 8.43 8.43 8.46 8.46 8.46 9.53 8.24 8.24 8.24 8.24 8.30 8.30 8.30 8.30 8.29 8.29 8.29 9.32
7.95 7.95 9.51 9.43 9.43 9.43 9.43 9.58 9.58 9.58 9.58 9.62 9.62 9.62 9.62 9.85 9.85 9.85 9.85 9.98 9.98 9.98 13.16 9.90 9.90 9.90 9.90 9.88 9.88 9.88 9.88 9.92 9.92 9.92 9.92 9.92 9.92 9.92 11.25 9.71 9.71 9.71 9.71 9.59 9.59 9.59 9.59 9.50 9.50 9.50 9.50 9.49 11.38 9.49 9.49 9.62 8.38 8.38 8.38 8.42 8.42 8.42 8.42 8.43 8.43 8.43 8.43 8.46 8.46 8.46 8.46 8.24 8.24 8.24 8.24 8.30 8.30 8.30 8.30 8.29 9.32 8.29 8.29
8.45 7.95 7.95 11.30 10.74 10.74 10.75 9.58 9.58 9.58 9.58 9.62 9.62 9.62 9.62 9.85 11.25 9.85 9.85 9.98 9.98 9.98 13.16 15.72 9.90 9.90 9.90 9.88 9.88 9.88 9.88 9.92 9.92 9.92 9.92 9.92 13.06 9.92 9.92 9.71 9.71 9.71 9.71 9.59 9.59 9.59 9.59 10.81 9.50 9.50 9.50 9.49 9.49 9.49 9.49 9.62 9.62 9.62 8.38 8.42 8.42 9.48 8.42 8.43 8.43 8.43 8.43 8.46 8.46 8.46 8.46 8.24 8.24 8.24 8.24 8.30 8.30 8.30 10.15 8.29 8.29 9.32 8.29
7.93 7.93 11.96 9.40 9.40 9.40 9.40 9.56 9.56 9.56 9.56 9.69 9.69 9.69 9.69 9.93 9.93 9.93 9.93 10.02 10.02 10.02 13.22 13.12 9.96 11.35 9.96 9.96 9.96 9.96 9.96 9.97 9.97 12.04 13.14 13.04 10.41 9.91 9.91 9.67 9.67 9.67 9.67 9.57 9.57 9.57 9.57 10.80 9.49 9.49 9.49 9.55 9.55 9.55 9.55 9.66 9.66 9.66 9.66 8.46 8.46 8.46 8.46 8.48 8.48 8.48 8.48 8.51 8.51 8.51 8.51 8.27 8.27 8.27 8.27 8.30 8.30 8.30 9.34 8.26 8.26 8.26 8.26
7.93 7.93 8.43 7.84 9.40 9.40 9.40 9.56 9.56 9.56 9.56 11.03 9.69 9.69 9.69 9.93 9.93 9.93 9.93 10.02 12.10 13.22 13.22 14.28 9.96 9.96 9.96 9.96 9.96 13.71 9.96 9.97 9.97 13.14 13.14 14.17 9.91 9.91 9.91 9.67 9.67 9.67 9.67 9.57 9.57 9.57 9.57 9.49 9.49 9.49 9.49 9.55 9.55 9.55 9.55 9.66 9.66 9.66 9.66 9.71 9.71 8.46 8.46 8.48 8.48 8.48 8.48 8.51 8.51 8.51 8.51 8.27 8.27 8.27 8.27 8.30 8.30 8.30 8.30 8.26 8.26 8.26 8.26
7.93 7.93 7.93 7.84 9.40 9.40 9.40 9.56 9.56 9.56 9.56 9.69 9.69 9.69 9.69 9.93 9.93 9.93 9.93 10.02 10.02 13.22 13.22 13.12 9.96 9.96 9.96 9.96 13.71 13.12 13.12 13.72 13.72 13.72 13.14 11.95 9.91 11.28 9.91 9.67 9.67 11.01 9.67 9.57 9.57 10.89 9.57 9.49 9.49 9.49 9.49 9.55 9.55 9.55 9.55 9.66 9.66 9.66 9.66 9.71 11.82 9.71 8.46 8.48 8.48 8.48 8.48 8.51 8.51 8.51 8.51 8.27 8.27 8.27 8.27 8.30 8.30 8.30 8.30 8.26 8.26 8.26 8.26
7.93 7.93 7.93 7.84 9.40 9.40 9.40 9.56 9.56 9.56 9.56 9.69 9.69 9.69 9.69 9.93 9.93 9.93 9.93 10.02 10.02 13.22 13.22 13.12 13.12 9.96 9.96 9.96 13.12 13.12 13.12 13.72 13.72 14.68 9.97 9.91 9.91 9.91 9.91 9.67 9.67 9.67 9.67 9.57 9.57 10.89 10.87 9.49 9.49 9.49 9.49 9.55 9.55 9.55 9.55 9.66 9.66 9.66 9.66 9.71 9.71 9.71 9.71 9.75 8.48 8.48 8.48 8.51 8.51 8.51 8.51 8.27 8.27 8.27 8.27 8.30 8.30 8.30 9.48 8.26 8.26 8.26 8.26
7.91 7.91 7.91 7.78 7.78 9.35 9.35 9.57 9.57 9.57 9.57 9.81 9.81 9.81 9.81 9.98 9.98 9.98 9.98 10.04 10.04 13.24 13.24 13.17 13.17 10.00 10.00 13.16 13.16 18.65 13.75 13.62 17.11 11.29 9.91 9.79 9.79 9.79 9.79 9.63 9.63 9.63 9.63 9.55 9.55 9.55 9.55 9.52 9.52 9.52 9.52 9.60 9.60 9.60 9.60 9.67 9.67 9.67 9.67 9.75 9.75 9.75 9.75 9.81 9.81 8.53 8.53 8.56 8.56 8.56 8.56 8.32 8.32 8.32 8.32 8.34 8.34 11.53 8.52 8.26 11.26 11.26 8.26
7.91 7.91 7.91 7.78 10.57 9.35 9.35 9.57 9.57 9.57 9.57 9.81 9.81 9.81 9.81 9.98 9.98 9.98 9.98 10.04 10.04 13.24 13.24 13.17 13.17 13.17 13.17 13.16 18.65 20.04 13.75 13.04 9.91 9.91 11.81 9.79 9.79 9.79 9.79 9.63 9.63 9.63 9.63 9.55 9.55 9.55 9.55 9.52 9.52 9.52 9.52 9.60 9.60 9.60 9.60 9.67 9.67 9.67 9.67 9.75 9.75 9.75 9.75 9.81 9.81 11.80 9.81 8.56 8.56 8.56 8.56 8.32 8.32 10.38 11.65 11.68 11.81 11.53 11.44 11.26 11.26 11.26 11.26
9.23 8.58 8.58 8.57 8.57 10.15 10.15 10.04 10.04 10.04 10.04 10.29 10.29 10.29 10.29 10.46 10.46 10.46 10.46 10.51 10.51 13.96 13.96 12.99 15.10 18.51 18.51 20.53 18.50 20.53 10.97 12.86 9.77 9.77 9.77 10.99 9.65 9.65 9.65 9.18 9.18 9.18 9.18 10.34 9.10 9.10 9.10 9.08 9.08 9.08 9.08 9.15 9.15 9.15 9.15 8.87 8.87 8.87 8.87 8.94 8.94 8.94 8.94 10.70 11.01 8.99 8.99 9.02 7.87 7.87 9.59 7.51 7.66 3.53 3.53 3.39 8.78 10.34 11.85 10.06 10.06 10.06 10.06
8.58 8.58 10.09 8.57 9.02 8.57 10.15 10.04 10.04 10.04 10.04 10.29 10.29 10.29 10.29 10.46 10.46 10.46 10.46 10.51 13.96 13.96 13.96 12.99 18.51 18.51 18.51 18.50 19.88 12.98 12.98 9.77 9.77 9.77 9.77 9.65 9.65 9.65 9.65 9.18 9.18 9.18 9.18 9.10 10.34 9.10 9.10 9.08 9.08 9.08 9.08 9.15 9.15 9.15 9.15 8.87 10.53 8.87 8.87 8.94 8.94 8.94 8.94 9.57 8.99 8.99 11.01 9.02 9.02 9.59 7.87 10.15 7.51 10.96 13.69 13.71 11.86 10.32 10.18 7.45 7.45 7.45 7.45
8.63 8.63 8.63 9.20 8.49 8.49 10.07 10.14 10.14 10.14 10.14 10.42 10.42 10.42 10.42 10.50 10.50 10.50 10.50 10.53 13.98 13.98 13.98 12.99 18.51 18.51 20.53 18.46 18.46 9.80 9.80 9.68 9.68 9.68 9.68 11.55 9.61 9.61 9.61 9.17 9.17 9.17 10.40 9.11 9.11 9.11 9.11 9.13 9.13 9.13 9.13 9.19 9.19 9.19 9.19 8.90 8.90 8.90 8.90 8.94 8.94 8.94 8.94 8.99 8.99 8.99 10.82 11.01 9.03 9.03 9.10 10.21 10.74 10.60 13.87 11.38 10.30 10.11 7.48 7.37 7.37 7.37 8.25
8.63 8.63 8.63 8.49 8.94 8.49 8.49 10.14 10.14 10.14 10.14 10.42 10.42 10.42 10.42 10.50 10.50 10.50 10.50 10.53 13.98 13.98 13.98 12.99 18.51 18.51 18.51 20.47 9.80 9.80 9.80 9.68 9.68 9.68 9.68 9.61 9.61 9.61 9.61 11.56 9.17 9.17 9.17 9.11 9.11 9.11 9.11 9.13 9.13 9.13 9.13 9.19 9.19 9.19 9.19 8.90 8.90 8.90 8.90 8.94 8.94 8.94 8.94 8.99 8.99 11.65 10.70 11.01 10.75 9.03 9.10 11.51 10.29 10.29 13.72 9.85 10.44 10.11 7.48 7.37 7.37 7.37 7.37
8.63 8.63 8.63 8.49 8.49 8.49 8.49 10.14 10.14 10.14 10.14 10.42 10.42 10.42 10.42 10.50 10.50 10.50 10.50 10.53 13.98 13.98 13.98 12.99 18.51 18.51 18.51 20.47 9.80 11.17 9.80 9.68 9.68 11.02 9.68 9.61 9.61 9.61 9.61 10.56 9.17 9.17 9.17 10.34 9.11 9.11 9.11 9.13 9.13 9.13 9.13 9.19 9.19 9.19 9.19 8.90 8.90 8.90 8.90 8.94 8.94 8.94 8.94 8.99 8.99 10.70 12.22 12.14 10.75 10.75 9.03 11.15 8.60 9.31 12.02 9.85 8.55 7.48 7.48 7.37 7.37 7.37 7.37
8.63 8.63 8.63 8.49 8.49 8.49 8.49 10.14 10.14 10.14 10.14 10.42 10.42 10.42 10.42 10.50 10.50 10.50 10.50 10.53 13.98 13.98 13.98 18.51 18.51 18.51 18.51 19.83 12.92 11.17 9.80 9.68 9.68 11.02 9.68 9.61 9.61 9.61 9.61 12.42 9.17 9.17 9.17 9.11 9.11 9.11 9.11 9.13 9.13 9.13 9.13 9.19 10.97 9.19 9.19 8.90 8.90 8.90 8.90 8.94 8.94 8.94 8.94 8.99 8.99 8.99 14.91 12.99 9.03 9.03 9.03 11.07 8.62 9.31 9.99 11.02 10.11 7.54 7.48 7.37 7.37 7.37 7.37
8.58 8.58 9.48 8.96 8.51 8.51 8.51 8.72 10.29 10.29 10.29 10.51 10.51 10.51 10.51 10.54 10.54 10.54 10.54 10.53 13.99 13.99 19.19 18.49 18.49 18.49 19.87 18.93 12.88 12.88 9.78 9.65 9.65 9.65 9.65 9.59 9.59 9.59 12.01 9.17 9.17 9.17 9.17 9.16 9.16 9.16 9.16 9.17 9.17 9.17 10.94 9.18 11.46 9.18 9.18 8.93 8.93 8.93 8.93 8.95 8.95 8.95 8.95 8.96 10.16 8.96 11.61 12.16 14.59 11.95 9.24 8.63 9.03 9.46 9.31 16.16 10.50 10.14 7.42 7.35 7.35 7.35 7.35
9.04 8.58 8.58 8.51 8.51 8.51 8.51 8.72 10.29 10.29 10.29 10.51 10.51 10.51 10.51 10.54 10.54 10.54 14.01 13.99 13.99 19.19 19.19 18.49 18.49 20.51 20.51 18.44 12.88 9.86 11.11 9.65 9.65 9.65 9.65 9.59 9.59 9.59 9.59 9.17 9.17 9.17 9.17 9.16 9.16 9.16 9.16 9.17 9.17 9.17 10.94 11.19 10.96 9.18 9.18 8.93 8.93 12.60 8.93 8.95 8.95 8.95 8.95 8.96 8.96 8.96 11.61 12.16 10.70 10.84 11.94 11.12 10.64 9.46 12.82 3.47 10.50 10.20 10.16 10.06 7.35 7.35 9.91
8.58 8.58 8.58 8.51 8.51 8.51 8.51 8.72 8.72 10.29 10.29 10.51 10.51 10.51 10.51 14.01 12.06 14.01 14.69 13.99 13.99 19.19 19.19 18.49 20.51 20.51 18.55 18.52 12.88 12.88 9.78 12.69 12.69 9.65 9.65 9.59 9.59 9.59 9.59 9.17 9.17 9.17 9.17 9.16 9.16 9.16 9.16 9.17 9.17 9.17 10.94 9.18 9.18 9.18 9.18 8.93 8.93 8.93 8.93 8.95 8.95 10.65 8.95 8.96 8.96 11.61 12.19 12.16 10.70 11.77 10.04 9.99 9.99 9.99 13.26 9.60 10.20 9.46 9.39 2.92 13.34 11.05 11.29
8.58 8.58 8.58 8.51 8.51 8.51 8.51 8.72 8.72 10.29 10.29 10.51 10.51 10.51 10.51 14.01 14.73 14.73 14.08 13.99 19.19 19.19 19.19 16.07 16.07 20.08 18.55 18.52 18.44 12.88 12.88 13.46 12.69 12.69 9.65 9.59 9.59 9.59 9.77 12.21 9.49 9.17 9.17 9.16 9.16 9.16 9.16 9.17 9.17 9.17 9.77 9.18 9.18 9.18 9.18 8.93 8.93 10.12 8.93 8.95 8.95 8.95 8.95 8.96 8.96 11.61 12.02 10.77 10.70 10.04 10.04 10.35 9.46 9.46 12.97 9.31 9.31 2.55 6.20 6.06 6.06 6.68 13.21
8.55 8.55 8.55 8.59 8.59 8.59 8.59 8.71 8.71 10.39 10.39 10.53 10.53 10.53 10.53 14.01 14.04 14.08 14.78 19.18 19.18 19.18 19.18 20.50 20.73 20.72 18.54 13.03 13.01 12.94 12.88 13.34 13.71 15.25 10.94 9.51 9.51 9.51 9.51 3.31 16.65 9.20 9.20 9.24 9.24 9.24 9.24 9.18 9.18 9.18 9.18 9.18 9.18 9.18 9.18 8.94 8.94 11.57 8.94 8.97 10.68 10.68 10.81 10.79 10.64 11.59 12.00 12.20 10.70 10.04 3.01 10.20 10.35 9.46 12.97 9.31 6.29 6.43 2.55 9.25 9.25 4.34 0.00
8.55 9.00 8.55 8.59 8.59 8.59 8.59 8.71 8.71 8.71 10.39 10.53 10.53 10.53 10.53 17.52 14.04 14.01 19.21 19.18 19.18 19.18 19.18 20.50 18.54 23.55 20.72 13.15 13.02 17.04 13.03 12.62 15.22 12.62 9.61 9.51 9.51 9.51 9.51 9.20 7.99 14.64 10.46 9.24 9.24 9.24 9.24 9.18 9.18 9.18 9.18 9.18 10.95 9.18 9.18 8.94 8.94 11.65 12.07 12.02 10.68 10.81 11.00 6.92 7.33 10.64 12.00 12.18 11.11 10.04 3.01 2.79 2.63 2.78 5.85 12.76 6.20 9.39 9.25 9.25 9.44 4.34 0.00
