New_Model_Runs/15_Future_RCP8.5_Scn2_out/post_prcessed_with_MFR/Monthly_summaries/net_infiltration_monthly_AUG.asc
NCOLS 700
NROWS 400
XLLCENTER 515000.000000
YLLCENTER 8409000.000000
CELLSIZE 50.000000
NODATA_value -999.000000
[rows 114 to 151 of 400, columns 420 to 503 of 700]
5.24 5.69 5.24 5.70 5.27 5.27 5.27 4.86 4.86 4.86 4.86 4.86 4.68 4.88 4.88 4.88 5.00 5.00 5.00 5.00 5.11 5.11 5.70 5.70 6.14 6.14 5.71 4.53 5.28 5.00 9.91 7.46 6.46 5.13 5.04 5.04 5.01 5.01 5.01 5.01 4.94 4.94 4.94 5.61 4.77 4.77 4.77 4.77 4.77 4.77 4.77 4.77 4.90 4.90 4.90 6.12 6.25 6.34 5.67 6.49 6.07 6.07 5.98 4.82 5.43 4.87 6.50 6.24 5.70 5.70 5.37 5.23 5.24 5.08 5.24 5.24 4.90 4.90 4.90 4.70 4.87 4.88 4.89 4.87
5.24 5.24 5.24 5.24 5.27 5.27 5.27 5.27 4.86 4.86 4.86 4.86 4.88 4.88 4.88 4.88 5.00 5.00 5.00 5.00 5.11 6.12 5.88 6.12 6.14 5.71 5.71 6.29 5.96 9.38 9.46 5.68 6.50 7.74 5.08 5.04 5.01 5.01 5.01 5.01 4.94 4.94 4.94 4.94 4.77 4.77 4.77 4.77 4.77 4.77 4.77 5.50 4.90 4.90 4.90 4.90 6.34 5.84 5.99 6.04 5.59 5.99 5.99 4.82 4.80 6.24 6.24 6.24 5.70 5.70 5.84 5.23 5.24 5.24 5.24 5.24 4.90 4.90 4.90 4.90 5.48 4.89 5.25 5.25
5.55 5.37 5.37 5.37 5.40 5.40 5.40 5.40 4.77 4.77 4.77 4.77 4.94 4.94 4.94 4.94 4.98 4.98 4.98 4.98 5.06 6.05 6.05 6.05 6.07 6.07 6.07 5.07 5.18 5.18 5.97 5.21 10.32 6.54 6.39 6.35 6.31 5.73 5.03 5.03 4.97 4.97 6.24 6.24 7.22 4.80 4.80 4.80 4.79 4.79 4.79 4.79 5.59 5.62 4.88 6.10 6.21 6.32 6.32 6.32 6.48 6.06 5.96 4.80 4.76 5.89 5.89 6.13 5.97 5.70 5.84 5.34 5.31 5.22 5.22 5.22 4.86 4.66 4.66 4.86 5.11 5.09 5.09 4.86
5.37 5.37 5.37 5.37 5.40 5.40 5.40 5.40 5.36 4.77 4.77 4.77 4.94 4.94 4.94 4.94 4.98 4.98 4.98 4.98 5.06 6.05 6.05 5.06 5.07 5.07 5.07 5.57 5.18 4.63 6.39 7.04 10.32 6.54 6.35 6.35 6.44 6.31 6.32 6.32 6.22 6.24 6.24 6.24 5.98 4.80 5.52 4.80 4.79 5.51 4.79 4.79 4.88 4.88 4.88 6.10 6.21 6.21 4.96 4.96 5.96 5.94 6.05 5.43 5.39 5.39 5.39 5.89 5.78 5.78 5.19 5.34 5.22 5.22 5.22 5.05 4.66 4.89 4.86 4.86 5.09 4.86 4.86 4.86
5.37 5.37 5.37 5.37 5.40 5.40 5.40 5.40 5.36 4.77 4.77 4.77 4.94 4.94 4.94 4.94 4.77 4.78 4.98 4.98 5.06 5.06 5.06 5.06 5.07 5.07 5.07 5.07 4.63 5.86 6.46 6.61 10.81 6.50 6.35 6.35 6.32 6.80 6.32 6.79 6.24 6.24 6.24 6.24 5.98 4.80 4.80 4.80 4.79 5.51 4.79 4.79 4.88 4.88 5.62 5.62 4.96 4.96 4.96 4.96 5.57 5.96 6.30 6.53 4.76 4.76 4.76 5.47 7.01 6.01 5.34 5.34 5.22 5.22 5.22 5.22 4.86 5.05 4.86 4.86 4.86 5.05 4.86 4.86
5.37 5.37 5.37 5.55 5.40 5.40 5.40 5.40 5.36 4.77 4.77 4.77 4.94 4.94 4.94 4.94 4.98 4.98 4.98 4.98 5.06 5.06 5.06 5.06 5.07 4.86 5.07 5.07 5.18 6.57 5.04 6.34 9.98 9.98 6.34 6.34 6.32 6.32 6.32 6.32 4.97 4.97 4.97 4.97 4.80 5.88 5.52 4.80 4.79 4.79 4.79 4.79 4.88 4.88 4.88 4.88 4.96 4.96 4.96 4.96 4.80 5.94 5.94 5.43 5.82 5.47 4.76 4.76 4.70 5.78 5.19 5.19 5.05 5.22 5.22 5.22 4.86 4.86 4.86 4.86 4.86 4.86 4.86 5.04
5.55 5.77 5.55 5.55 5.54 5.54 5.54 5.54 5.51 5.51 4.89 4.89 5.03 5.03 5.03 5.03 4.97 4.97 4.97 4.97 4.96 4.96 4.96 4.96 5.02 5.02 5.02 5.02 5.16 5.03 5.03 6.33 10.24 6.50 6.84 6.35 6.30 5.71 5.01 5.01 4.95 4.95 4.95 4.95 4.82 5.90 5.54 4.82 4.81 4.81 4.81 5.54 4.85 4.85 4.85 6.18 4.88 4.88 4.88 4.88 4.74 4.74 5.35 5.35 4.69 4.69 4.69 4.69 4.63 5.31 5.24 5.24 5.00 5.00 5.17 5.17 4.75 4.75 4.75 4.93 4.70 4.87 4.70 4.87
5.55 5.77 6.20 5.55 5.54 5.54 5.54 5.54 5.51 5.51 4.89 4.89 5.03 5.03 5.03 5.03 4.97 4.97 4.97 4.97 4.96 4.96 4.76 4.96 5.02 5.02 6.00 6.00 6.19 6.33 6.33 6.45 9.75 6.61 7.56 6.34 7.66 5.01 5.01 5.01 4.95 4.95 4.95 4.95 5.54 5.54 4.82 4.82 4.81 4.81 5.54 4.81 4.85 4.85 4.85 4.85 4.88 5.62 4.88 4.88 4.74 4.74 5.44 7.89 6.25 5.38 4.69 4.69 4.63 4.63 5.24 5.24 5.38 5.00 5.38 5.17 4.75 4.75 4.75 4.75 4.70 4.70 4.70 4.70
5.55 5.77 6.20 6.20 5.54 5.54 5.54 5.84 5.51 5.51 5.51 4.89 5.03 5.03 5.03 5.03 4.97 4.97 4.97 4.97 4.96 4.96 4.96 4.96 5.02 6.00 6.00 6.00 6.19 6.33 6.45 6.86 9.60 6.35 6.35 6.35 6.30 5.01 5.01 5.01 4.95 5.71 4.95 4.95 4.82 4.82 4.82 4.82 4.81 5.54 4.81 4.81 4.85 4.85 4.85 4.85 4.88 4.88 4.88 4.88 4.74 4.74 4.74 4.74 5.38 4.69 4.69 4.69 4.63 5.31 5.51 5.24 5.17 5.17 5.17 5.17 4.75 4.75 4.75 4.75 4.70 4.70 4.70 4.70
5.55 6.20 6.20 6.20 6.19 6.19 6.19 5.95 5.51 5.51 5.51 4.89 5.03 5.03 5.03 5.03 4.97 4.97 4.97 4.97 4.96 4.96 5.39 4.96 5.02 5.02 5.02 5.02 5.16 5.03 5.03 6.37 9.60 6.39 6.35 6.46 6.30 5.01 5.01 5.01 4.95 4.95 4.95 4.95 4.82 4.82 4.82 4.82 4.81 4.81 5.54 4.81 4.85 4.85 4.85 6.17 4.88 4.88 4.88 4.88 5.35 4.74 4.74 5.05 5.28 4.69 4.69 4.69 4.63 4.72 5.24 5.45 5.17 5.17 5.17 5.17 4.75 4.75 4.75 4.75 4.70 4.70 4.70 4.70
5.59 6.25 6.31 6.25 6.27 6.27 6.27 6.42 6.31 5.84 5.61 5.82 5.57 6.12 6.12 5.11 5.05 5.05 5.05 6.05 4.96 4.96 5.28 4.96 4.96 4.96 4.96 4.96 5.12 5.68 5.68 5.74 9.10 5.97 6.98 6.44 6.28 6.28 5.00 5.00 4.96 4.96 4.96 4.96 4.86 4.86 4.86 4.86 4.82 4.82 4.82 4.82 4.81 4.81 4.81 5.53 4.83 4.83 4.83 4.83 4.65 4.98 5.23 4.65 5.16 4.60 4.60 4.60 4.57 4.57 5.15 5.15 5.14 5.14 5.14 5.14 4.77 4.77 4.77 4.77 4.78 4.78 4.78 4.78
5.64 6.31 6.25 6.31 6.27 6.28 6.18 6.62 6.56 4.91 4.91 6.56 6.12 6.12 6.12 6.12 6.18 6.05 6.05 6.18 6.01 5.38 4.96 5.38 4.96 4.96 4.96 4.96 5.12 4.99 4.99 4.99 5.77 9.10 6.36 6.36 6.28 6.28 5.00 5.00 4.96 4.96 4.96 4.96 4.86 5.59 4.86 4.86 4.82 5.46 4.82 4.82 4.81 4.81 4.81 4.81 4.83 4.83 4.83 6.66 4.65 5.33 4.65 5.23 4.60 4.60 4.60 4.60 4.57 4.66 5.15 5.15 5.14 5.14 5.14 5.14 4.77 4.77 4.77 4.77 4.78 4.78 4.78 4.78
6.31 5.47 6.27 6.42 6.44 6.28 6.27 6.27 6.86 5.85 8.54 9.55 9.94 9.79 9.79 9.53 9.81 9.82 5.90 6.18 5.80 5.80 4.96 4.96 4.96 4.96 4.96 4.96 5.12 4.99 4.99 4.99 5.77 8.92 5.12 6.44 6.28 6.28 6.28 5.00 4.96 4.96 4.96 5.68 4.86 4.86 4.86 4.86 4.82 5.46 4.82 4.82 4.81 4.81 4.81 4.81 4.83 4.83 4.83 5.55 5.40 5.33 4.65 4.65 4.60 4.60 4.60 4.60 4.57 4.57 5.15 5.15 5.14 5.14 5.14 5.14 4.77 4.77 4.77 4.77 4.78 4.78 4.78 4.78
6.31 6.18 6.61 6.57 6.16 5.52 6.74 5.47 1.57 4.91 5.57 9.40 6.07 5.16 6.16 6.12 6.20 6.20 6.05 6.18 5.74 5.80 6.21 4.96 4.96 4.96 4.96 4.96 5.12 6.45 4.99 4.99 5.02 5.02 5.02 6.91 6.42 6.76 6.26 6.28 4.96 4.96 4.96 4.96 4.86 4.86 4.86 4.86 4.82 4.82 5.46 4.82 5.52 5.52 4.81 4.81 4.83 4.83 4.83 4.83 4.65 5.32 4.65 4.65 4.60 4.60 4.60 4.60 4.57 4.57 5.15 5.15 5.14 5.14 5.14 5.14 4.77 4.77 4.77 4.77 4.78 4.78 4.78 4.78
6.16 6.72 5.06 4.91 5.37 2.29 6.31 6.07 1.57 5.47 5.55 9.40 6.43 6.17 6.14 6.14 5.98 6.08 5.89 6.20 5.02 6.03 5.59 5.42 5.32 4.91 4.10 4.91 5.04 5.58 4.92 4.92 4.99 4.99 6.27 6.89 6.29 6.29 6.77 6.29 7.61 5.75 4.99 5.82 6.09 6.09 6.09 5.53 4.83 4.83 4.83 4.83 4.78 5.50 4.78 4.78 4.76 4.76 4.76 4.76 4.60 4.60 4.60 4.60 4.62 4.62 4.62 4.62 4.62 5.19 5.22 5.22 5.22 5.22 5.22 5.22 4.89 4.89 4.89 4.89 4.91 4.91 4.91 4.91
7.46 6.50 5.46 5.62 8.84 5.92 8.95 9.18 8.54 9.25 8.54 9.25 5.91 6.32 6.14 5.77 5.98 6.08 6.20 6.20 5.67 6.03 4.99 4.99 4.91 4.10 4.10 4.10 4.92 4.92 4.92 4.92 4.99 4.99 6.27 6.27 6.43 6.43 6.29 6.29 8.59 6.26 6.27 6.27 6.09 6.09 6.90 7.36 6.02 5.56 4.83 4.83 4.78 4.78 4.78 4.78 4.76 4.76 4.76 4.76 4.60 5.25 4.60 4.60 4.62 4.62 4.62 4.62 5.19 4.62 5.22 5.22 5.22 5.22 5.22 5.22 4.89 4.89 4.89 4.89 4.91 4.91 4.91 4.91
10.32 2.55 6.23 2.40 3.00 2.70 6.65 5.72 5.78 6.38 6.38 6.44 6.32 6.10 5.79 6.18 6.02 6.86 5.78 5.74 5.79 5.07 5.07 4.52 3.70 3.70 3.70 3.70 5.02 4.93 5.67 4.93 5.00 5.00 6.25 7.79 6.28 6.28 5.77 5.02 7.59 6.25 6.25 6.25 6.24 5.02 5.76 7.54 6.17 4.97 6.31 4.97 4.93 4.93 4.93 4.93 4.91 4.91 5.63 4.91 4.52 4.52 4.52 4.52 4.54 4.54 4.54 4.54 4.54 4.54 4.93 5.10 5.09 5.09 5.09 5.09 4.81 4.81 5.00 4.81 4.83 4.83 4.83 4.83
6.33 6.54 6.38 5.93 6.83 6.38 1.94 1.81 5.94 6.35 6.44 6.21 6.16 6.10 5.88 5.88 5.74 4.81 4.60 4.81 4.72 4.72 4.72 4.72 4.20 3.70 3.70 3.70 5.02 4.93 4.93 4.93 5.00 5.00 5.00 6.25 6.28 5.02 5.02 5.02 6.25 6.25 6.25 6.25 5.02 5.02 5.02 5.02 4.97 4.97 4.97 4.97 4.93 4.93 4.93 4.93 4.91 4.91 4.91 4.91 4.52 4.52 4.52 4.52 4.54 4.54 4.54 5.09 5.30 5.09 5.10 5.10 5.09 5.09 5.09 5.09 4.81 4.81 4.81 4.64 4.66 4.83 4.83 4.83
6.18 6.69 3.16 4.92 5.78 1.94 5.78 5.63 5.95 6.20 6.22 6.19 6.08 6.08 6.15 5.87 4.57 4.77 4.77 4.77 4.85 4.85 4.85 4.20 3.70 3.70 3.70 3.70 5.02 4.88 4.88 4.88 4.96 4.96 6.18 6.18 4.96 4.96 4.96 4.96 6.20 4.97 4.97 4.97 4.99 4.99 4.99 4.99 4.95 4.95 4.95 4.95 6.23 4.91 5.59 4.91 4.90 4.90 4.90 4.90 4.56 4.56 4.56 4.56 4.59 4.59 4.59 4.59 5.59 5.15 5.17 5.01 5.16 5.16 5.16 5.16 4.86 4.86 4.86 4.86 5.05 4.87 4.87 4.87
5.63 5.88 2.55 4.76 5.82 5.63 5.48 5.78 2.09 6.49 6.19 6.28 6.15 6.17 6.08 4.62 4.77 4.77 4.77 4.77 4.85 4.37 4.85 4.85 4.42 4.20 3.70 3.70 5.02 4.88 4.88 4.88 4.96 6.18 6.18 4.96 4.96 4.96 4.96 4.96 4.97 5.71 4.97 4.97 4.99 4.99 4.99 4.99 4.95 4.95 4.95 4.95 4.91 4.91 4.91 4.91 4.90 4.90 4.90 4.90 4.56 4.56 4.56 4.56 4.59 4.59 4.59 4.59 4.58 4.58 5.01 5.01 5.00 5.16 5.16 5.16 4.86 4.86 4.86 4.86 4.87 4.87 4.87 4.87
0.00 0.00 4.23 6.38 2.25 2.10 6.08 6.23 6.58 6.34 5.60 5.60 5.95 6.08 5.45 5.45 4.77 4.77 4.77 4.77 4.85 4.85 4.85 4.85 3.70 3.70 3.70 3.70 5.02 5.02 4.88 4.88 6.27 4.96 4.96 4.96 4.96 4.96 4.96 4.96 4.97 4.97 4.97 4.97 4.99 4.99 5.72 4.99 4.95 4.95 5.68 4.95 4.91 4.91 4.91 4.91 4.90 4.90 4.90 4.90 4.56 4.56 4.56 4.56 4.59 4.59 4.59 4.59 4.58 4.58 5.17 5.17 5.16 5.16 5.16 5.16 4.86 4.86 4.86 4.86 4.87 4.87 4.87 4.87
0.00 0.00 0.00 6.03 2.55 6.54 6.33 5.93 6.67 5.60 5.60 5.60 5.45 5.45 5.45 5.45 4.77 4.77 4.77 4.77 4.85 4.85 3.70 3.70 4.20 3.70 3.70 3.70 5.02 5.02 4.88 4.88 5.73 4.96 4.96 5.02 5.02 5.02 4.96 4.96 4.97 4.97 5.70 4.97 4.99 5.72 4.99 4.99 4.95 6.58 5.68 4.95 4.91 4.91 4.91 4.91 4.90 4.90 4.90 4.90 4.56 4.56 4.56 4.56 4.59 4.59 4.59 4.59 4.58 4.58 5.17 5.17 5.16 5.16 5.16 5.16 4.86 4.86 4.86 4.86 4.87 4.87 4.87 4.87
0.00 0.00 0.00 0.00 2.55 6.03 11.26 6.17 5.53 5.53 5.53 5.53 5.36 5.36 5.36 5.36 4.86 4.86 4.86 4.86 4.76 3.70 3.70 3.70 4.20 3.70 3.70 3.70 5.02 5.02 5.02 5.02 5.02 5.02 5.02 5.02 5.02 4.93 5.43 4.93 4.95 4.95 4.95 4.95 4.97 4.97 4.97 4.97 4.95 4.95 4.95 4.95 4.92 4.92 4.92 4.92 4.92 4.92 4.92 4.92 4.56 4.56 4.56 4.56 4.58 4.58 4.58 4.58 4.59 4.59 5.18 5.18 5.22 5.22 5.22 5.22 4.87 4.87 4.87 4.87 4.86 4.86 4.86 4.86
0.00 0.00 0.00 0.00 5.72 5.72 6.02 5.72 5.99 5.53 5.53 5.99 5.85 5.36 5.36 5.36 5.28 4.86 4.86 4.64 4.76 3.70 3.70 3.70 3.70 3.70 3.70 3.70 5.02 5.02 6.37 5.73 5.02 5.02 5.02 5.02 5.02 5.02 5.02 4.93 4.95 4.95 4.95 4.95 4.97 4.97 4.97 4.97 4.95 4.95 4.95 4.95 4.92 4.92 4.92 4.92 4.92 4.92 4.92 4.92 4.56 4.56 4.56 4.56 4.58 4.58 4.58 4.58 4.59 4.59 5.18 5.18 5.64 5.44 5.22 5.22 4.70 4.87 4.87 4.87 4.86 4.86 5.04 4.86
0.00 0.00 0.00 0.00 3.78 5.78 6.03 5.57 5.99 5.53 5.53 5.53 5.36 5.85 5.36 5.36 5.44 4.86 4.86 3.70 3.70 3.70 3.70 3.70 3.70 3.70 3.70 3.70 5.02 5.02 5.02 5.02 5.02 5.02 5.02 5.02 5.02 5.02 5.02 4.93 4.95 4.95 4.95 4.95 4.97 4.97 4.97 4.97 5.68 4.95 5.67 6.26 4.92 4.92 4.92 5.64 4.92 4.92 4.92 4.92 4.56 4.56 5.12 4.56 4.58 4.58 4.58 5.14 4.59 4.59 5.18 5.18 5.43 5.38 5.22 5.07 4.87 4.87 4.87 4.87 5.04 4.86 4.86 5.01
0.00 0.00 0.00 0.00 0.00 6.17 5.57 5.57 5.53 5.53 5.53 5.53 5.36 5.36 5.36 5.36 4.70 4.70 3.70 3.70 3.70 3.70 3.70 3.70 3.70 3.70 3.70 3.70 5.02 5.02 5.22 5.02 5.02 5.02 5.02 5.02 4.93 4.93 4.93 4.93 5.68 4.95 4.95 4.95 5.69 4.97 4.97 4.97 4.95 4.95 4.95 4.95 6.84 6.24 6.24 4.92 4.92 4.92 4.92 5.60 4.93 4.56 4.56 4.56 4.58 5.25 4.58 4.58 4.59 4.59 5.18 5.18 5.22 5.22 5.44 5.22 4.87 4.87 4.87 4.87 4.86 5.04 5.08 5.19
0.00 0.00 0.00 0.00 0.00 5.97 5.52 5.52 5.48 5.48 5.48 5.48 5.29 5.29 5.29 5.29 5.28 5.15 4.74 3.70 3.70 3.70 3.70 3.70 3.70 3.70 3.70 4.49 5.02 5.02 6.36 5.02 5.02 5.02 5.02 5.02 4.94 4.94 6.29 5.68 4.93 4.93 4.93 4.93 4.96 4.96 4.96 4.96 5.67 4.95 4.95 4.95 4.92 4.92 4.92 4.92 4.94 4.94 4.94 4.94 4.54 4.54 4.54 4.54 5.21 4.54 4.54 5.09 4.58 4.58 5.17 5.17 5.27 5.27 5.27 5.48 4.90 4.90 4.90 4.90 4.85 4.85 4.85 4.85
0.00 0.00 0.00 0.00 6.02 5.82 5.52 5.97 5.48 5.62 5.48 5.48 5.29 5.29 5.29 5.29 5.15 5.15 4.74 4.74 4.71 3.70 3.70 4.71 4.78 3.70 3.70 4.49 5.02 5.02 5.02 5.02 5.02 5.02 4.92 4.92 4.94 4.94 4.94 4.94 4.93 4.93 5.67 4.93 4.96 4.96 4.96 4.96 4.95 4.95 4.95 4.95 4.92 4.92 4.92 4.92 4.94 4.94 4.94 4.94 4.54 4.54 4.54 4.54 4.54 4.54 4.54 4.54 5.24 4.59 5.17 5.17 5.27 5.27 5.27 5.27 4.90 4.74 4.90 4.90 5.35 4.85 4.85 4.85
0.00 0.00 0.00 2.09 6.35 5.97 5.52 5.52 5.62 6.21 6.04 6.04 5.87 5.87 5.87 5.29 5.15 5.15 5.15 4.74 4.71 4.71 4.71 4.71 4.78 4.78 3.70 4.49 5.02 5.02 5.02 5.02 5.02 5.02 5.02 4.92 4.94 4.94 4.94 4.94 4.93 4.93 4.93 4.93 4.96 4.96 5.69 4.96 4.95 4.95 4.95 4.95 4.92 4.92 4.92 4.92 4.94 4.94 4.94 4.94 4.54 4.54 4.54 4.54 4.54 4.54 5.09 4.54 5.24 4.59 5.17 5.17 5.27 5.27 5.11 5.54 4.74 4.90 4.90 4.90 4.85 4.85 4.85 4.85
0.00 0.00 0.00 4.08 6.40 5.98 5.52 5.64 6.21 6.21 6.21 6.21 5.87 5.87 5.87 5.87 5.15 5.15 5.15 4.74 4.71 4.71 4.71 4.71 4.78 4.78 4.78 4.49 5.02 5.02 5.02 5.02 5.02 5.02 5.02 5.02 4.94 4.94 4.94 4.94 4.93 4.93 4.93 4.93 4.96 4.96 4.96 4.96 5.68 4.95 4.95 4.95 4.92 5.64 4.92 4.92 4.94 4.94 4.94 4.94 4.54 4.54 4.54 4.54 4.54 4.54 4.54 4.54 4.59 4.59 5.17 5.17 5.27 5.27 5.27 5.54 5.12 4.90 4.90 4.90 4.68 4.85 4.92 4.85
0.00 0.00 0.00 5.90 7.47 6.53 6.22 6.20 6.05 6.21 6.04 6.04 5.81 5.81 5.55 5.24 5.10 5.10 5.10 5.10 4.78 4.78 4.78 4.78 4.71 4.71 4.71 4.62 4.99 4.99 5.02 5.02 5.02 5.02 5.02 5.02 4.96 4.96 4.96 4.96 4.91 4.91 4.91 4.91 4.94 4.94 4.94 4.94 4.94 4.94 4.94 5.63 4.94 4.94 4.94 4.94 4.98 4.98 4.98 4.98 4.57 4.57 4.57 4.57 4.54 4.54 4.54 4.54 4.58 4.58 5.16 5.16 5.25 5.25 5.25 6.29 9.68 5.72 6.05 5.75 4.90 4.76 5.00 5.01
0.00 0.00 5.57 2.55 2.40 2.70 6.38 6.35 6.36 6.21 6.55 6.04 5.81 6.31 5.61 5.24 5.10 5.10 5.10 5.10 4.78 4.78 4.78 4.78 4.71 4.71 4.71 4.62 4.99 4.99 5.02 5.02 4.99 5.02 5.02 5.02 4.96 4.96 4.96 4.96 4.91 4.91 4.91 4.91 4.94 4.94 4.94 4.94 4.94 4.94 5.63 5.63 4.94 4.94 4.94 4.94 4.98 4.98 4.98 4.98 4.57 4.57 4.57 4.57 4.54 4.54 4.54 4.54 4.58 4.58 5.16 5.16 5.25 5.42 5.25 5.31 4.94 9.83 9.83 7.86 4.77 4.77 5.08 4.85
0.00 0.00 9.90 3.08 2.93 6.73 6.12 5.87 5.69 5.69 5.69 5.20 5.34 5.34 4.86 4.86 4.73 4.73 4.73 4.73 4.44 4.44 4.44 4.44 4.53 4.53 4.53 4.33 4.50 4.50 4.50 4.50 4.50 4.50 4.50 4.41 4.48 4.48 4.48 4.48 4.43 4.43 4.43 4.43 4.26 4.26 4.26 4.26 4.26 4.26 4.26 4.71 4.26 4.26 4.26 4.26 4.30 4.30 4.30 4.30 4.25 4.25 4.25 4.25 4.22 4.22 4.22 4.22 4.26 4.26 4.67 4.67 4.76 4.76 4.76 4.76 4.64 4.64 5.37 5.37 5.28 4.65 5.29 5.40
0.00 0.00 6.25 6.73 2.78 6.35 5.93 5.73 5.85 5.69 5.20 5.20 4.86 4.86 4.86 4.86 4.80 4.80 4.73 4.73 4.81 4.44 4.44 4.44 4.53 4.53 4.53 4.33 4.50 4.50 4.50 4.50 4.50 4.50 4.50 4.41 4.48 4.48 4.48 4.48 4.43 4.43 4.43 4.43 4.26 4.26 4.26 4.26 4.26 4.26 4.26 4.26 4.26 4.26 4.26 4.26 4.30 4.30 5.27 4.30 4.25 4.25 4.25 4.25 4.22 4.22 4.22 4.22 4.26 4.26 4.67 4.84 4.92 4.92 4.76 4.76 4.73 4.64 5.07 5.68 5.10 8.43 8.92 0.00
0.00 0.00 5.96 2.93 5.97 6.17 5.21 5.21 5.63 5.14 5.53 5.14 4.78 4.78 4.78 4.78 4.75 4.83 4.75 4.75 5.27 4.53 4.53 4.53 4.60 4.60 4.60 4.39 4.54 5.21 4.54 4.54 4.53 4.53 4.53 4.53 4.47 4.47 5.13 4.47 4.41 4.41 4.41 4.41 4.25 4.25 4.25 4.25 4.26 4.26 4.26 4.26 4.31 4.31 4.31 4.31 4.37 4.37 5.37 5.37 5.29 5.29 5.29 4.33 4.29 4.29 4.29 4.29 4.24 4.24 4.64 4.64 4.66 4.66 4.66 4.66 4.69 4.69 5.02 5.17 5.10 5.28 8.13 0.00
0.00 0.00 3.78 6.15 6.12 6.17 5.21 5.21 5.14 5.14 5.14 5.14 4.78 4.78 4.78 4.78 4.75 4.75 4.75 4.75 4.91 4.91 4.53 4.53 4.60 4.60 4.60 4.39 4.54 5.21 5.10 4.54 4.53 4.53 4.53 4.53 5.00 4.47 5.12 4.47 4.41 4.41 4.41 4.41 4.25 4.25 4.25 4.25 4.26 4.26 4.26 4.26 4.31 4.31 4.31 4.31 5.37 5.37 5.37 5.37 5.29 5.29 5.29 4.33 4.29 4.29 4.29 4.29 4.24 4.24 4.64 4.64 4.66 4.66 4.66 4.66 4.69 4.69 4.75 5.32 2.26 2.22 3.78 0.00
0.00 0.00 0.00 9.63 3.08 2.77 5.71 5.48 5.36 5.14 5.36 5.36 4.78 4.78 4.78 5.10 4.83 4.75 4.75 4.75 4.91 4.91 4.53 4.53 5.03 4.60 4.60 4.39 4.54 4.54 4.54 4.54 4.53 4.53 4.53 6.09 5.99 4.47 4.47 4.47 4.91 4.41 4.41 4.41 4.25 4.25 4.25 4.25 4.26 4.26 4.26 4.26 4.31 4.31 4.31 4.94 4.37 4.37 5.37 5.37 5.29 5.29 5.29 5.29 4.29 4.29 4.29 4.29 4.24 4.24 4.64 4.64 4.66 4.66 4.66 4.66 4.69 4.69 4.75 5.66 3.17 6.04 0.00 0.00
0.00 0.00 0.00 3.93 2.79 3.08 6.20 5.76 5.63 5.14 5.14 5.14 4.78 4.78 4.78 4.78 4.75 4.75 4.75 4.75 4.91 4.91 4.53 4.53 4.60 4.60 4.39 4.39 4.54 4.54 4.54 4.54 4.53 4.53 5.19 4.53 4.47 4.47 4.47 4.47 4.41 4.41 4.41 4.41 4.25 4.25 4.25 4.25 4.26 4.26 4.26 4.26 4.31 4.31 4.31 4.31 4.37 4.37 5.37 5.37 5.38 5.44 5.44 5.44 4.29 4.29 4.29 4.29 4.24 4.24 4.64 4.64 4.66 4.66 4.66 4.66 4.69 4.69 4.69 5.35 2.41 8.74 0.00 0.00
