New_Model_Runs/15_Future_RCP8.5_Scn2_out/post_prcessed_with_MFR/Monthly_summaries/net_infiltration_monthly_DEC.asc
NCOLS 700
NROWS 400
XLLCENTER 515000.000000
YLLCENTER 8409000.000000
CELLSIZE 50.000000
NODATA_value -999.000000
[rows 185 to 221 of 400, columns 252 to 335 of 700]
8.32 8.32 8.32 8.32 8.67 9.44 8.67 8.67 8.68 8.68 8.68 8.67 8.64 8.66 8.66 9.42 8.56 8.56 8.56 8.56 8.69 8.69 8.69 8.69 8.69 8.69 8.69 8.69 8.92 5.66 5.66 5.66 5.71 8.50 8.50 5.71 5.90 5.90 5.90 8.12 8.84 8.81 5.91 5.92 7.48 5.92 5.92 8.79 8.65 5.82 5.82 5.82 5.79 5.79 5.79 5.79 5.73 5.73 5.73 5.73 5.75 5.75 5.75 5.75 5.77 5.77 5.77 5.77 6.12 6.12 6.12 6.12 6.15 6.15 6.15 6.15 6.13 10.14 6.13 6.13 6.97 6.97 6.97 6.97
8.32 8.32 8.32 8.32 8.67 8.67 8.67 8.67 8.68 8.68 8.68 8.68 8.66 8.66 8.66 8.66 8.56 8.56 8.56 8.56 8.69 8.69 8.69 9.47 8.69 8.69 8.69 8.69 8.92 8.92 5.66 5.66 6.77 8.50 8.50 8.07 7.01 5.90 8.80 10.02 10.04 8.82 7.02 5.92 5.90 7.00 5.90 5.90 5.82 5.82 5.82 5.82 5.79 5.79 5.79 7.66 5.73 5.73 5.73 5.73 5.75 5.75 5.75 5.75 5.77 5.77 5.77 5.77 6.12 6.12 6.12 6.12 6.15 6.15 6.15 6.15 6.13 6.13 6.13 6.13 6.97 6.97 6.97 6.97
8.32 8.32 8.32 8.32 8.67 8.47 8.67 8.67 8.68 8.68 8.68 8.68 8.66 8.66 8.66 8.66 8.56 8.56 8.56 8.56 8.69 8.69 8.69 8.69 8.69 8.69 8.69 8.69 8.92 8.92 8.92 9.71 5.71 8.50 5.71 6.83 5.90 5.90 8.80 8.83 8.82 8.84 8.81 7.01 5.90 5.90 5.90 5.90 5.82 5.82 6.91 5.82 7.16 5.79 5.79 6.63 5.73 5.73 5.73 5.73 5.75 5.75 5.75 5.75 5.77 5.77 5.77 5.77 6.12 6.12 6.12 6.12 6.15 7.28 6.15 6.15 6.13 6.13 6.13 6.13 6.97 6.97 6.97 6.97
8.25 8.25 8.25 8.74 8.61 8.61 9.38 8.61 8.57 8.57 8.57 9.62 8.47 8.47 8.47 8.47 8.57 8.57 8.57 8.57 8.63 8.63 8.63 8.63 8.67 8.67 8.67 8.67 8.82 8.77 8.82 8.82 8.95 5.67 6.74 5.67 5.86 5.86 6.96 5.86 5.88 8.75 8.75 5.88 6.93 5.83 5.83 6.93 5.73 5.73 5.73 5.73 5.73 10.25 6.54 9.26 5.76 5.76 5.76 5.76 5.82 5.82 5.82 5.82 5.85 5.85 5.85 5.85 6.17 6.17 6.17 6.17 6.17 6.17 6.17 6.17 6.15 6.15 6.15 6.15 6.97 6.97 6.97 6.97
8.25 8.25 8.25 8.25 8.61 9.38 8.61 8.61 8.57 8.57 8.57 8.57 9.22 8.47 8.47 8.47 8.57 8.57 9.08 8.57 8.63 8.63 8.63 8.63 8.67 8.67 8.67 8.67 9.59 8.82 8.82 8.82 8.95 8.95 8.95 5.67 5.86 5.86 5.86 5.86 5.88 5.88 5.88 5.88 5.83 5.83 5.83 5.83 5.73 5.73 5.73 5.73 5.73 9.26 9.26 9.26 5.76 5.76 5.76 5.76 5.82 5.82 5.82 5.82 5.85 5.85 5.85 5.85 6.17 6.17 6.17 6.17 6.17 7.30 6.17 6.17 6.15 6.15 6.15 6.15 6.12 6.97 6.97 6.97
8.25 8.25 8.25 8.25 8.61 8.61 9.38 8.61 8.57 8.57 8.57 8.57 8.47 8.47 8.47 8.47 8.57 8.57 8.57 9.08 8.63 9.73 8.63 8.63 9.45 8.67 8.67 8.67 8.82 8.82 8.82 8.82 8.95 8.95 8.95 8.95 5.86 5.86 5.86 5.86 5.88 5.88 5.88 5.88 5.83 5.83 5.83 5.83 5.73 5.73 5.73 5.73 9.26 9.26 5.73 5.73 5.76 5.76 5.76 5.76 5.82 5.82 5.82 6.91 6.95 6.95 5.85 5.85 6.17 6.17 6.17 6.17 6.17 6.17 6.17 6.17 6.15 6.15 8.06 8.06 6.12 6.12 6.97 6.97
8.25 8.25 8.25 8.72 8.61 8.61 8.61 8.61 8.57 8.57 8.57 8.57 8.47 8.47 8.47 8.47 9.06 8.57 8.57 8.57 8.63 8.63 9.41 8.63 8.67 8.67 8.67 9.45 8.82 8.82 8.82 9.60 8.95 8.95 8.95 8.95 9.42 9.42 5.86 5.86 5.88 5.88 5.88 5.88 5.83 5.83 5.83 5.83 5.73 5.73 5.73 9.23 9.26 9.26 5.73 5.73 5.76 5.76 5.76 6.84 6.89 6.91 5.82 5.82 6.94 5.85 5.85 5.85 6.17 6.17 6.17 6.17 6.17 6.17 6.17 6.17 6.15 6.15 6.15 6.82 6.12 6.12 6.12 6.12
8.17 8.17 8.17 8.17 8.47 9.64 8.47 8.47 9.01 8.51 8.51 8.51 8.39 8.39 8.39 8.39 8.45 8.94 8.45 8.45 8.62 8.62 8.62 8.62 8.69 8.69 8.69 8.69 8.72 8.72 8.72 8.72 8.75 8.75 8.75 8.75 9.19 9.19 9.19 5.77 5.77 5.77 5.77 5.77 5.72 5.72 5.72 5.72 5.66 5.66 9.09 9.09 9.30 9.30 5.75 5.75 5.79 5.79 5.79 6.88 5.83 5.83 5.83 5.83 5.87 6.97 5.87 5.87 6.19 6.19 6.19 6.19 6.20 6.20 6.20 6.20 6.21 6.21 6.21 6.21 7.28 6.17 6.17 6.17
8.17 8.17 8.17 8.17 8.47 9.60 8.47 8.47 8.51 8.51 8.51 8.51 8.39 8.39 8.39 8.39 8.45 8.45 8.45 8.45 8.62 8.62 8.62 8.62 8.69 8.69 8.69 8.69 8.72 8.72 8.72 9.79 8.75 8.75 8.75 8.75 9.19 9.19 9.19 9.19 9.19 5.77 5.77 5.77 5.72 5.72 5.72 5.72 5.66 5.66 9.09 9.09 9.30 9.30 5.75 5.75 5.79 5.79 6.93 5.79 5.83 5.83 5.83 5.83 5.87 5.87 5.87 5.87 6.19 6.19 6.19 6.19 6.20 6.20 6.20 6.20 6.21 8.16 6.21 6.21 6.17 6.17 6.17 6.17
9.17 9.17 9.17 9.17 9.56 10.54 9.56 9.56 9.42 9.42 10.39 9.42 9.30 9.30 10.25 9.30 9.36 9.36 9.36 9.36 9.32 9.32 9.32 9.32 9.39 9.39 9.39 9.39 9.42 9.42 9.42 9.42 9.45 9.45 9.45 9.45 9.24 9.24 9.24 9.24 9.24 9.24 5.86 5.86 5.80 5.80 9.42 5.80 5.75 9.31 9.31 5.75 5.85 9.38 5.85 6.18 5.90 9.66 7.63 7.63 5.93 5.93 5.93 5.93 7.05 5.97 5.97 5.97 5.89 5.89 6.97 5.89 5.90 5.90 5.90 5.90 7.65 7.73 5.91 7.65 5.87 5.87 9.83 5.87
9.36 9.17 9.17 9.17 9.56 9.56 10.51 9.56 9.42 9.42 9.42 9.42 9.30 9.30 9.30 9.30 9.36 9.36 9.36 9.36 9.32 9.32 9.32 9.32 9.39 9.39 9.39 9.39 9.42 9.42 9.42 9.42 9.45 9.45 9.45 9.45 9.24 9.24 9.24 9.24 9.24 9.24 9.24 5.86 5.80 9.42 5.80 5.80 5.75 5.75 5.75 5.75 5.85 9.38 9.38 5.85 5.90 7.63 7.81 7.63 5.93 5.93 5.93 5.93 5.97 5.97 5.97 7.07 5.89 5.89 5.89 6.97 5.90 5.90 5.90 7.64 5.91 5.91 7.79 5.91 5.87 6.95 5.87 5.87
10.11 10.11 10.11 9.15 9.39 9.39 9.39 9.39 9.45 9.45 10.10 9.45 9.41 9.41 9.41 9.41 9.62 9.62 9.62 9.62 9.50 9.50 9.50 9.50 9.51 9.51 9.51 9.51 9.51 9.51 9.51 9.51 9.52 9.52 9.52 9.52 9.23 9.23 9.23 9.23 9.30 9.30 9.30 9.30 9.22 5.78 5.78 5.78 5.76 5.76 5.76 5.76 5.88 9.44 9.44 5.88 7.65 7.37 7.65 7.65 5.94 5.94 5.94 5.94 5.97 5.97 5.97 5.97 5.90 5.90 5.90 5.90 7.01 5.94 7.70 5.94 7.71 5.94 5.94 5.94 5.87 5.87 5.87 7.60
9.15 9.15 9.15 10.12 9.39 9.39 9.39 9.39 9.45 9.45 9.45 9.45 9.41 9.41 9.41 9.41 9.62 9.62 9.62 9.62 9.50 9.50 9.50 9.50 9.51 9.51 9.51 9.51 9.51 9.51 9.51 9.51 9.52 9.52 9.52 9.52 9.23 9.23 9.23 9.23 9.30 9.30 9.30 9.30 9.22 9.22 5.78 5.78 5.76 5.76 5.76 5.76 9.44 9.44 9.44 9.44 6.68 6.68 5.91 5.91 5.94 5.94 5.94 5.94 5.97 5.97 5.97 5.97 5.90 5.90 5.90 5.90 5.94 5.94 5.94 5.94 5.94 5.94 5.94 5.94 5.87 5.87 5.87 5.87
9.15 9.15 9.15 10.12 9.39 9.39 9.39 9.39 9.45 9.45 9.45 9.45 9.41 9.41 9.41 9.41 9.62 9.62 9.62 9.62 9.50 9.50 9.50 9.50 9.51 9.51 9.51 9.51 9.51 9.51 9.51 9.51 9.52 9.52 9.52 9.52 9.23 9.23 9.23 9.23 9.30 9.30 9.30 9.30 9.22 9.22 9.22 9.22 7.44 5.76 5.76 5.76 5.88 5.88 5.88 5.88 5.91 6.68 5.91 5.91 5.94 5.94 5.94 5.94 5.97 5.97 5.97 5.97 5.90 5.90 5.90 5.90 5.94 5.94 5.94 5.94 5.94 5.94 7.04 7.01 5.87 5.87 5.87 6.87
9.15 9.15 9.15 9.15 9.39 9.39 9.39 9.39 10.10 9.45 9.45 9.45 9.41 9.41 9.41 9.41 9.62 9.62 9.62 9.62 9.50 9.50 9.50 9.50 9.51 9.51 9.51 9.51 9.51 9.51 9.51 9.51 9.52 9.52 9.52 9.52 9.23 9.23 9.23 9.23 9.30 9.30 9.30 9.30 9.22 9.22 9.22 9.22 9.18 7.44 5.76 5.76 5.88 5.88 5.88 5.88 5.91 5.91 5.91 5.91 5.94 7.70 5.94 5.94 5.97 5.97 5.97 5.97 7.02 6.98 6.98 6.98 5.94 5.94 5.94 5.94 5.94 7.04 5.94 5.94 5.87 5.87 5.87 5.87
9.09 9.09 9.09 9.09 9.30 9.30 9.30 9.30 9.34 9.35 9.35 9.35 9.66 9.66 9.66 9.66 9.83 9.83 9.83 9.83 9.66 9.66 9.66 9.66 9.64 9.64 9.64 9.64 9.68 9.68 9.68 9.68 9.69 9.69 9.69 9.69 9.31 9.31 9.31 9.31 9.35 9.35 9.99 9.35 9.23 9.23 10.07 9.23 9.21 9.21 9.21 5.78 5.92 5.92 5.92 5.92 5.95 5.95 5.95 5.95 5.95 5.95 5.95 5.95 5.97 5.97 5.97 5.97 7.59 5.90 5.90 5.90 5.94 5.94 5.94 5.94 7.02 5.93 5.93 5.93 5.85 5.85 5.85 7.36
9.09 9.09 9.09 9.09 9.30 10.25 10.25 9.30 9.35 9.35 9.35 9.35 9.66 9.66 9.66 9.66 9.83 9.83 9.83 9.83 9.66 9.66 9.66 9.66 9.64 9.64 9.64 9.64 9.68 9.68 9.68 9.68 9.69 9.69 9.69 9.69 9.31 9.31 10.99 9.58 9.99 9.99 9.35 9.35 9.23 9.23 9.23 9.23 9.21 9.21 9.21 9.21 5.92 5.92 5.92 5.92 5.95 5.95 5.95 5.95 5.95 5.95 5.95 5.95 5.97 5.97 5.97 7.07 5.90 5.90 5.90 5.90 5.94 5.94 5.94 5.94 5.93 5.93 5.93 7.02 7.73 7.48 6.93 6.85
9.09 9.09 9.09 9.09 9.30 9.30 9.30 9.30 9.35 9.35 9.35 9.35 9.66 9.66 9.66 9.66 9.83 9.83 9.83 11.39 9.66 9.66 9.66 9.66 9.64 9.64 9.64 9.64 9.68 9.68 9.68 9.68 9.69 9.69 9.69 10.64 9.31 9.31 9.31 9.31 9.35 9.35 9.35 9.35 9.23 9.23 9.23 9.23 9.21 9.32 9.21 9.21 9.50 5.92 5.92 5.92 5.95 5.95 5.95 5.95 5.95 5.95 5.95 5.95 5.97 5.97 5.97 5.97 5.90 5.90 5.90 5.90 5.94 5.94 5.94 5.94 5.93 7.02 5.93 5.93 5.85 5.85 6.93 5.85
9.27 10.05 10.05 10.05 9.30 9.30 9.30 9.30 9.35 9.35 9.35 9.35 9.66 10.68 9.66 9.66 9.83 9.83 9.83 11.39 12.78 9.66 9.66 9.66 9.64 9.64 9.64 9.64 9.68 9.68 9.68 9.68 9.69 11.21 9.69 9.69 9.31 9.31 9.31 9.31 9.35 9.35 9.35 9.35 10.07 9.23 9.23 9.23 9.21 9.21 9.21 9.21 9.50 9.50 9.50 5.92 5.95 5.95 7.04 5.95 5.95 5.95 5.95 5.95 5.97 5.97 5.97 5.97 5.90 5.90 5.90 5.90 5.94 5.94 5.94 7.83 5.93 5.93 7.02 5.93 5.85 5.85 5.85 5.85
9.24 9.24 9.24 9.24 9.46 9.46 9.46 9.46 9.45 9.45 9.45 9.45 9.76 9.76 9.76 9.76 9.88 9.88 9.88 11.45 11.27 9.74 10.75 9.74 9.74 9.74 9.74 9.74 9.75 9.75 10.16 11.29 11.18 9.96 9.67 9.67 9.26 9.26 9.26 9.26 9.32 9.32 9.32 9.32 10.05 9.22 9.22 9.22 9.29 9.29 9.29 9.29 9.56 9.56 9.56 9.56 5.97 5.97 5.97 5.97 5.99 5.99 5.99 5.99 6.00 6.00 6.00 6.00 5.92 5.92 5.92 5.92 5.94 5.94 5.94 7.03 5.91 5.91 5.91 5.91 5.83 5.83 5.83 5.83
8.71 9.24 9.24 9.24 9.46 9.46 9.46 9.46 10.42 9.45 9.45 9.45 9.76 9.76 9.76 9.76 9.88 10.30 11.45 11.45 11.77 9.74 9.74 9.74 9.74 9.74 10.76 9.74 9.75 9.75 11.29 11.29 11.65 9.67 9.67 9.67 9.26 9.26 9.26 9.26 9.32 9.32 9.32 9.32 9.22 9.22 9.22 9.22 9.29 9.29 9.29 9.29 9.56 9.56 9.56 9.56 9.44 9.44 5.97 5.97 5.99 5.99 5.99 5.99 6.00 6.00 6.00 6.00 5.92 5.92 5.92 5.92 5.94 5.94 5.94 5.94 5.91 5.91 5.91 5.91 5.83 5.83 5.83 5.83
8.71 9.24 9.24 9.24 9.46 9.46 9.46 9.46 9.45 9.45 9.45 9.45 9.76 9.76 9.76 9.76 9.88 9.88 11.45 11.45 11.27 9.74 9.74 9.74 9.74 10.76 11.27 11.27 10.78 10.78 10.78 11.29 10.06 9.67 10.67 9.67 9.26 9.26 10.22 9.26 9.32 9.32 9.97 9.32 9.22 9.22 9.22 9.22 9.29 9.29 9.29 9.29 9.56 9.56 9.56 9.56 9.44 11.86 9.44 5.97 5.99 5.99 5.99 5.99 6.00 6.00 6.00 6.00 5.92 5.92 5.92 5.92 5.94 5.94 5.94 5.94 5.91 5.91 5.91 5.91 5.83 5.83 5.83 5.83
8.71 9.24 9.24 9.24 9.46 9.46 9.46 9.46 9.45 9.45 9.45 9.45 9.76 9.76 9.76 9.76 9.88 9.88 11.45 11.45 11.27 11.27 9.74 9.74 9.74 11.27 11.27 11.27 10.78 10.78 11.04 9.75 9.67 9.67 9.67 9.67 9.26 9.26 9.26 9.26 9.32 9.32 9.97 9.95 9.22 9.22 9.22 9.22 9.29 9.29 9.29 9.29 9.56 9.56 9.56 9.56 9.44 9.44 9.44 9.44 9.48 5.99 5.99 5.99 6.00 6.00 6.00 6.00 5.92 5.92 5.92 5.92 5.94 5.94 5.94 7.17 5.91 5.91 5.91 5.91 5.83 7.70 5.83 5.83
8.64 8.64 9.16 9.16 9.29 9.29 9.29 9.29 9.61 9.61 9.61 9.61 9.83 9.83 9.83 9.83 9.90 9.90 11.48 11.48 11.33 11.33 9.78 9.78 11.32 11.32 18.73 10.81 10.67 12.12 10.67 9.67 9.52 9.52 9.52 9.52 9.39 9.39 9.39 9.39 9.29 9.29 9.29 9.29 9.25 9.25 9.25 9.25 9.36 9.36 9.36 9.36 9.58 9.58 9.58 9.58 9.48 9.48 9.48 9.48 9.56 9.56 6.02 6.02 6.04 6.04 6.04 6.04 5.95 5.95 5.95 5.95 5.96 5.96 8.98 6.14 5.91 8.73 8.73 5.91 5.82 5.82 5.82 5.82
8.64 9.25 9.16 9.16 9.29 9.29 9.29 9.29 9.61 9.61 9.61 9.61 9.83 9.83 9.83 9.83 9.90 9.90 11.48 11.48 11.33 11.33 11.33 11.33 11.32 18.73 19.74 10.81 11.19 9.67 9.67 9.34 9.52 9.52 9.52 9.52 9.39 9.39 9.39 9.39 9.29 9.29 9.29 9.29 9.25 9.25 9.25 9.25 9.36 9.36 9.36 9.36 9.58 9.58 9.58 9.58 9.48 9.48 9.48 9.48 9.56 9.56 9.96 9.56 6.04 6.04 6.04 6.04 5.95 5.95 7.88 9.11 9.13 9.28 8.98 8.87 8.73 8.73 8.73 8.73 5.82 5.82 5.82 5.82
10.00 10.00 10.49 10.49 10.06 10.06 10.06 10.06 10.40 10.40 10.40 10.40 10.63 10.63 10.63 10.63 10.71 10.71 12.49 12.49 11.14 12.09 18.55 18.55 18.85 18.54 18.85 7.78 11.00 9.49 9.49 9.49 10.31 9.33 9.33 9.33 8.92 8.92 8.92 8.92 9.61 8.82 8.82 8.82 8.78 8.78 8.78 8.78 8.89 8.89 8.89 8.89 8.74 8.74 8.74 8.74 8.84 8.84 8.84 8.84 8.99 9.50 8.91 8.91 8.96 5.69 5.69 7.32 5.51 5.66 2.93 2.93 2.78 7.50 8.26 10.05 8.00 8.00 8.00 8.00 5.38 5.38 5.38 5.38
10.00 11.01 10.00 10.49 10.06 10.06 10.06 10.06 10.40 10.40 10.40 10.40 10.63 10.63 10.63 10.63 10.71 12.49 12.49 12.49 11.14 18.55 18.55 18.55 18.54 19.55 11.13 11.13 9.49 9.49 9.49 9.49 9.33 9.33 9.33 9.33 8.92 8.92 8.92 8.92 8.82 9.61 8.82 8.82 8.78 8.78 8.78 8.78 8.89 8.89 8.89 8.89 8.74 8.78 8.74 8.74 8.84 8.84 8.84 8.84 9.22 8.91 8.91 9.50 8.96 8.96 7.32 5.69 8.07 5.51 8.78 11.72 11.74 10.03 8.24 8.09 5.47 5.47 5.47 5.47 5.38 5.38 5.38 5.38
11.28 9.95 9.95 10.38 10.21 10.21 10.21 10.21 10.58 10.58 10.58 10.58 10.69 10.69 10.69 10.69 10.72 12.51 12.51 12.51 11.13 18.54 18.54 18.86 18.48 18.48 9.54 9.54 9.37 9.37 9.37 9.37 9.53 9.29 9.29 9.29 8.91 8.91 8.91 9.70 8.83 8.83 8.83 8.83 8.86 8.86 8.86 8.86 8.94 8.94 8.94 8.94 8.79 8.79 8.79 8.79 8.84 8.84 8.84 8.84 8.91 8.91 8.91 9.15 9.50 8.96 8.96 9.08 8.12 8.56 8.54 11.90 9.44 8.22 8.04 5.49 5.42 5.42 5.42 6.42 5.37 5.37 5.37 5.37
9.95 10.86 9.95 9.95 10.21 10.21 10.21 10.21 10.58 10.58 10.58 10.58 10.69 10.69 10.69 10.69 10.72 12.51 12.51 12.51 11.13 18.54 18.54 18.54 18.78 9.54 9.54 9.54 9.37 9.37 9.37 9.37 9.29 9.29 9.29 9.29 8.95 8.91 8.91 8.91 8.83 8.83 8.83 8.83 8.86 8.86 8.86 8.86 8.94 8.94 8.94 8.94 8.79 8.79 8.79 8.79 8.84 8.84 8.84 8.84 8.91 8.91 10.07 8.99 9.50 9.05 8.96 9.08 8.98 8.22 8.22 11.75 8.11 8.37 8.04 5.49 5.42 5.42 5.42 5.42 5.37 5.37 5.37 5.37
9.95 9.95 9.95 9.95 10.21 10.21 10.21 10.21 10.58 10.58 10.58 10.58 10.69 10.69 10.69 10.69 10.72 12.51 12.51 12.51 11.13 18.54 18.54 18.54 18.78 9.54 10.54 9.54 9.37 9.37 10.35 9.37 9.29 9.29 9.29 9.29 9.99 8.91 8.91 8.91 9.62 8.83 8.83 8.83 8.86 8.86 8.86 8.86 8.94 8.94 8.94 8.94 8.79 8.79 8.79 8.79 8.84 8.84 8.84 8.84 8.91 8.91 8.99 9.60 9.49 9.05 9.05 8.96 9.67 8.66 5.52 10.39 8.11 6.68 5.49 5.49 5.42 5.42 5.42 5.42 5.37 5.37 5.37 5.37
9.95 9.95 9.95 9.95 10.21 10.21 10.21 10.21 10.58 10.58 10.58 10.58 10.69 10.69 10.69 10.69 10.72 12.51 12.51 12.51 18.54 18.54 18.54 18.54 19.49 11.05 10.54 9.54 9.37 9.37 10.35 9.37 9.29 9.29 9.29 9.29 9.03 8.91 8.91 8.91 8.83 8.83 8.83 8.83 8.86 8.86 8.86 8.86 8.94 8.98 8.94 8.94 8.79 8.79 8.79 8.79 8.84 8.84 8.84 8.84 8.91 8.91 8.91 10.79 9.73 8.96 8.96 8.96 9.65 8.52 5.52 6.83 9.14 8.04 5.53 5.49 5.42 5.42 5.42 5.42 5.37 5.37 5.37 5.37
10.88 9.97 9.97 9.97 9.95 10.41 10.41 10.41 10.70 10.70 10.70 10.70 10.75 10.75 10.75 10.75 10.73 12.51 12.51 19.68 18.52 18.52 18.52 19.53 18.74 11.02 11.02 9.51 9.34 9.34 9.34 9.34 9.26 9.26 9.26 9.25 8.91 8.91 8.91 8.91 8.90 8.90 8.90 8.90 8.91 8.91 8.91 8.94 8.93 9.70 8.93 8.93 8.83 8.83 8.83 8.83 8.86 8.86 8.86 8.86 8.87 9.65 8.87 10.02 9.52 9.35 10.40 9.21 8.55 9.10 5.67 5.52 12.15 6.96 8.06 5.45 5.41 5.41 5.41 5.41 5.40 5.40 5.40 5.40
9.97 9.97 9.97 9.97 9.95 10.41 10.41 10.41 10.70 10.70 10.70 10.70 10.75 10.75 10.75 12.54 12.51 12.51 19.68 19.68 18.52 18.52 18.83 18.83 18.46 11.02 9.63 10.47 9.34 9.34 9.34 9.34 9.26 9.26 9.26 9.26 8.91 8.91 8.91 8.91 8.90 8.90 8.90 8.90 8.91 8.91 8.91 8.94 9.26 8.97 8.93 8.93 8.83 8.83 10.00 8.83 8.86 8.86 8.86 8.86 8.87 8.87 8.87 10.02 9.52 7.52 7.67 8.13 7.42 7.11 5.67 9.14 2.20 6.96 6.65 8.12 8.04 5.41 5.41 7.89 7.87 7.87 5.40 7.78
9.97 9.97 9.97 9.97 9.95 9.95 10.41 10.41 10.70 10.70 10.70 10.70 12.54 9.51 12.54 12.15 12.51 12.51 19.68 19.68 18.52 18.83 18.83 18.61 18.58 11.02 11.02 9.51 10.81 10.81 9.34 9.34 9.26 9.26 9.26 9.26 8.91 8.91 8.91 8.91 8.90 8.90 8.90 8.90 8.91 8.91 8.91 8.94 8.93 8.93 8.93 8.93 8.83 8.83 8.83 8.83 8.86 8.86 8.93 8.86 8.87 8.87 10.02 9.57 9.52 7.52 8.01 6.19 6.83 6.83 6.83 9.60 5.82 6.65 5.67 6.01 1.91 8.33 7.85 7.97 7.95 7.95 8.22 9.03
9.97 9.97 9.97 9.97 9.95 9.95 10.41 10.41 10.70 10.70 10.70 10.70 12.54 12.19 12.19 12.63 12.51 19.68 19.68 19.68 14.51 14.51 19.93 18.61 18.58 18.46 11.02 11.02 10.46 10.81 10.81 9.34 9.26 9.26 9.26 9.51 10.40 9.32 8.91 8.91 8.90 8.90 8.90 8.90 8.91 8.91 8.91 9.22 8.93 8.93 8.93 8.93 8.83 8.83 9.60 8.83 8.86 8.86 8.86 8.86 8.87 8.87 10.02 9.37 9.08 7.52 6.19 6.19 6.81 5.67 5.67 9.29 5.52 5.52 1.44 5.22 5.07 5.07 5.70 9.81 5.70 5.86 1.44 5.86
10.06 10.06 10.06 10.06 10.07 10.07 10.53 10.53 10.73 10.73 10.73 10.73 12.55 12.58 12.64 12.25 19.67 19.67 19.67 19.67 18.82 19.30 17.02 18.61 8.81 11.17 11.08 11.02 10.96 11.18 12.30 10.24 9.16 9.16 9.16 9.16 3.15 11.36 8.95 8.95 9.01 9.01 9.01 9.01 8.93 8.93 8.93 8.93 8.92 8.92 8.92 8.92 8.84 8.84 9.98 8.84 8.89 8.96 8.96 9.14 9.11 8.92 10.00 9.35 9.57 7.52 6.19 1.86 6.65 6.81 5.67 9.29 5.52 5.38 5.54 1.44 5.86 5.86 1.41 0.00 4.05 9.48 5.07 5.07
10.06 10.06 10.06 10.06 10.07 10.07 10.07 10.53 10.73 10.73 10.73 10.73 16.17 12.58 12.55 19.70 19.67 19.67 19.67 19.67 18.82 18.61 17.46 17.02 8.66 7.86 15.47 11.17 10.73 12.28 10.73 9.28 9.16 9.16 9.16 9.16 8.95 7.26 11.69 9.77 9.01 9.01 9.01 9.01 8.93 8.93 8.93 8.93 8.92 8.96 8.92 8.92 8.84 8.84 10.07 9.42 10.58 8.96 9.14 9.50 5.25 5.48 8.92 9.35 9.53 7.51 6.19 1.86 1.65 1.86 2.01 5.18 9.48 5.22 6.01 5.86 5.86 6.12 1.41 0.00 0.00 0.00 6.92 9.81
