New_Model_Runs/15_Future_RCP8.5_Scn2_out/post_prcessed_with_MFR/Monthly_summaries/net_infiltration_monthly_FEB.asc
NCOLS 700
NROWS 400
XLLCENTER 515000.000000
YLLCENTER 8409000.000000
CELLSIZE 50.000000
NODATA_value -999.000000
[rows 190 to 227 of 400, columns 168 to 251 of 700]
6.19 5.71 6.35 6.35 6.35 5.71 6.45 6.19 6.09 6.09 5.34 5.34 5.53 5.27 5.27 5.27 5.28 5.28 5.28 5.28 5.30 6.07 5.57 5.30 5.37 5.37 5.37 5.82 5.32 5.32 5.32 5.32 5.64 5.38 5.38 5.38 5.37 5.37 5.37 5.37 5.48 5.48 5.48 5.48 5.52 5.52 5.52 5.52 5.58 5.58 5.58 6.45 5.56 5.56 5.56 5.94 5.33 5.33 5.33 5.33 5.37 5.37 5.37 6.13 5.64 5.64 5.83 5.27 5.26 5.29 5.29 4.96 4.80 4.80 4.80 5.02 4.76 4.76 4.76 4.50 4.48 4.48 4.48 4.48
5.71 6.19 6.45 5.83 5.71 5.71 5.71 6.19 6.09 5.34 5.34 5.34 5.27 5.53 5.27 5.27 5.28 5.54 5.28 5.28 5.30 5.30 5.30 5.30 5.37 5.37 5.37 5.37 5.32 5.32 5.32 5.32 5.38 5.96 5.38 5.38 5.37 5.64 5.64 5.37 5.48 5.48 5.48 5.48 5.52 5.52 5.52 5.52 5.58 5.58 5.58 6.45 6.02 5.56 5.56 5.56 5.33 5.33 5.33 5.33 5.37 5.37 5.37 5.37 6.14 6.14 6.14 5.30 5.26 5.29 5.29 4.96 4.80 4.80 5.54 4.80 5.26 4.76 4.83 4.50 4.48 4.48 4.48 4.48
5.73 6.36 6.20 5.83 5.69 6.17 6.17 6.17 5.32 5.32 5.32 5.32 5.25 5.52 5.25 5.25 5.27 5.27 5.27 5.27 5.30 5.30 5.30 5.30 5.36 5.36 5.36 5.36 5.77 5.32 5.32 5.32 5.39 5.39 5.39 5.39 5.35 5.62 5.35 5.35 5.43 5.88 5.88 5.43 5.51 5.51 5.51 5.51 5.60 5.60 6.47 6.47 6.15 6.03 5.57 6.25 5.31 5.31 5.31 5.31 5.32 5.59 5.32 5.32 5.28 5.62 6.12 6.12 5.30 5.30 4.97 4.97 4.79 4.79 5.29 5.28 4.76 4.76 4.76 4.50 4.47 4.47 4.47 4.47
5.73 6.20 5.45 6.20 6.91 5.42 5.42 5.42 5.32 5.32 5.32 5.32 5.25 5.25 5.25 5.25 5.27 5.27 5.27 5.27 5.30 5.30 5.30 5.30 5.36 5.36 5.36 5.36 5.32 5.32 5.32 5.32 5.39 5.39 5.39 5.39 5.35 5.35 5.35 5.35 5.43 5.43 5.43 5.43 5.51 5.51 5.51 5.51 5.60 5.60 5.60 5.60 6.91 5.57 5.57 5.57 5.31 5.31 5.31 5.31 6.04 5.32 5.32 5.32 5.28 5.25 6.12 6.12 5.30 5.30 5.48 4.97 4.79 4.79 4.79 4.79 4.76 5.09 4.97 4.76 4.47 4.47 4.47 4.47
8.40 6.35 6.35 6.35 7.40 6.33 6.33 6.33 6.17 6.17 6.17 6.17 6.10 6.10 6.10 6.10 6.12 7.37 6.12 6.12 6.14 6.65 6.14 6.14 6.40 6.40 6.40 6.40 6.35 6.87 6.87 6.35 6.29 6.29 6.29 6.29 6.25 7.17 6.25 6.25 6.36 6.89 6.36 6.36 6.45 6.45 6.45 6.45 6.55 6.55 6.55 7.08 7.46 7.46 6.51 6.51 6.00 6.00 6.12 6.00 6.02 6.02 6.02 6.02 6.11 6.11 7.11 7.11 6.12 6.12 5.68 5.68 5.45 5.45 5.45 5.45 5.42 5.79 6.78 5.42 5.28 5.28 5.28 5.28
6.35 6.35 6.35 6.35 6.33 6.85 6.33 6.33 6.17 6.17 6.17 6.34 6.10 6.10 6.10 6.10 6.12 6.12 6.12 6.12 6.14 6.14 6.14 6.14 6.40 6.40 6.40 6.40 6.35 6.35 6.35 6.35 6.29 7.21 6.29 6.29 6.25 6.25 6.25 6.25 7.28 6.88 6.36 6.36 6.45 6.45 6.45 6.45 6.55 6.55 6.55 6.55 6.51 6.51 6.51 6.51 6.00 6.00 6.00 6.00 6.02 6.02 6.02 6.02 6.11 6.11 7.11 6.70 8.89 5.68 5.68 5.68 5.45 5.45 5.45 5.45 5.42 5.42 5.42 5.42 5.40 5.28 5.28 5.28
6.32 6.32 6.32 6.32 6.30 6.50 6.30 6.30 6.16 6.16 6.16 6.33 6.24 6.09 6.09 6.09 6.61 6.61 6.10 6.10 6.13 6.13 6.13 6.64 6.38 6.38 6.38 6.38 6.33 6.33 6.33 6.33 6.26 6.26 6.26 6.26 6.22 6.22 6.22 6.22 6.36 6.36 6.36 6.36 6.46 6.46 6.46 6.99 6.54 6.54 6.54 6.54 6.49 6.49 7.03 6.49 5.98 5.98 5.98 5.98 6.03 6.03 6.03 6.03 6.14 6.14 7.15 7.15 10.54 6.27 5.70 5.70 5.46 5.46 5.46 5.46 5.41 5.41 5.41 5.41 5.94 5.40 5.28 5.42
6.32 6.32 6.32 6.32 6.30 6.30 6.30 6.30 6.68 6.16 6.16 6.16 6.24 6.09 6.09 6.09 6.10 6.10 6.10 6.10 6.13 6.13 6.13 6.13 6.90 6.38 6.38 6.38 6.33 6.33 6.33 6.33 6.26 6.26 6.26 6.26 6.22 6.22 6.22 6.22 6.88 6.36 6.36 6.36 6.46 6.46 6.46 6.46 6.54 6.54 6.54 6.54 6.49 6.75 6.49 6.49 5.98 5.98 5.98 5.98 6.03 6.03 6.03 6.03 6.14 6.14 7.15 7.15 6.15 5.70 5.70 6.24 6.01 5.46 5.46 5.46 5.41 5.41 5.41 5.41 5.40 5.28 5.28 5.28
6.32 6.32 6.32 6.32 6.30 6.30 6.30 6.30 6.16 6.16 6.16 6.67 6.09 6.09 6.09 6.09 6.10 6.10 6.10 6.10 6.13 7.04 6.13 6.13 6.38 6.38 6.38 6.38 6.33 6.85 6.85 6.33 6.26 6.77 6.26 6.77 6.22 6.22 6.22 6.22 6.36 6.36 6.36 6.36 6.46 6.46 6.46 6.46 6.54 6.54 6.54 6.54 6.49 6.49 6.49 6.49 5.98 5.98 5.98 5.98 6.03 6.03 6.03 6.03 6.14 6.14 7.15 9.55 5.70 5.70 5.70 5.70 5.46 5.46 5.46 5.46 5.41 5.41 5.41 5.41 5.40 5.40 5.28 5.28
6.32 6.84 6.32 6.32 6.30 6.30 6.30 6.30 6.16 6.16 6.68 6.67 6.09 6.09 6.09 6.09 7.01 6.10 6.10 6.10 6.13 6.13 6.64 6.13 6.90 6.38 6.38 6.38 6.33 6.84 6.33 6.33 6.26 6.26 6.26 6.26 6.22 6.22 6.22 6.22 6.36 6.36 6.36 6.36 6.46 6.46 6.46 6.46 6.54 6.54 6.54 6.54 7.03 7.03 6.49 6.49 5.98 5.98 5.98 5.98 6.03 6.03 6.03 6.03 6.14 6.14 6.14 6.14 5.70 5.70 5.70 5.70 5.46 5.46 5.46 5.46 5.41 5.41 5.41 5.41 5.40 5.40 5.28 5.28
6.28 6.28 6.28 6.28 6.28 6.28 6.80 6.28 6.16 6.16 6.16 6.16 6.09 6.09 6.09 6.09 6.59 6.08 6.08 6.08 6.09 6.09 6.09 7.22 6.34 6.34 6.34 6.34 6.27 6.78 6.27 6.27 6.20 6.94 6.20 6.20 6.78 6.26 6.26 6.26 6.45 6.45 6.45 6.45 6.51 6.51 6.51 6.51 6.55 6.55 6.55 6.55 6.49 6.49 6.49 6.49 5.98 5.98 5.98 5.98 6.08 6.08 6.08 6.08 6.18 6.18 6.18 6.18 5.72 6.29 5.72 5.72 5.48 5.48 5.48 5.48 5.43 5.80 5.43 5.43 5.40 5.40 5.40 5.28
6.28 6.28 6.28 6.28 6.28 6.28 6.28 7.22 7.08 6.16 6.16 6.16 6.60 6.09 6.09 6.09 6.08 6.08 6.59 6.08 6.09 6.09 6.09 6.60 6.87 6.34 6.34 6.34 6.27 6.27 6.27 6.27 6.20 6.20 6.71 6.20 6.26 6.26 6.26 6.26 6.45 6.45 6.45 6.45 6.51 6.51 6.51 6.51 6.55 6.55 6.55 6.55 6.49 6.49 6.49 6.97 5.98 5.98 5.98 5.98 6.08 6.08 6.08 6.59 6.18 6.18 6.18 6.29 5.72 6.17 6.29 6.26 6.40 6.87 5.48 5.48 5.43 5.43 5.43 5.43 5.40 5.40 5.40 5.28
6.80 6.28 6.28 6.28 6.28 6.28 6.28 6.28 6.16 6.16 6.16 6.16 6.09 6.09 6.09 6.09 6.59 6.08 6.08 6.08 6.09 6.09 6.09 6.09 6.34 6.87 6.87 6.34 6.27 6.27 6.27 6.27 6.20 6.20 6.20 6.20 6.26 6.26 6.26 6.26 6.45 6.45 6.45 6.45 6.51 6.51 6.51 6.51 6.55 6.55 6.55 7.71 6.49 6.49 7.02 6.49 5.98 5.98 5.98 5.98 6.08 6.08 6.08 6.08 6.18 6.18 6.18 5.73 5.72 5.72 5.72 5.72 5.48 5.48 6.03 6.65 5.97 5.43 5.43 5.43 5.40 5.40 5.40 5.28
6.28 6.28 6.28 6.79 6.28 6.28 6.28 6.28 6.16 6.16 6.16 6.16 6.09 6.09 6.09 6.09 6.08 6.08 6.59 6.08 6.09 6.09 6.59 6.09 6.34 6.34 6.34 6.85 6.27 6.27 6.27 6.27 6.20 6.20 6.20 6.20 6.26 6.26 6.26 6.26 6.45 6.45 6.45 6.45 6.51 6.51 6.51 6.51 6.55 6.55 6.55 6.55 6.49 7.01 6.49 6.49 6.88 5.98 5.98 5.98 6.08 6.08 6.08 6.08 6.18 6.18 6.18 5.73 5.72 5.72 6.17 5.72 5.48 6.03 5.48 6.03 5.43 5.97 5.43 5.97 5.40 5.94 5.40 5.40
6.21 6.21 6.21 6.21 6.22 6.22 6.22 6.22 6.13 6.13 6.13 6.13 6.08 6.08 6.08 6.23 6.06 6.06 6.06 6.56 6.06 6.06 6.56 6.06 6.83 6.31 6.83 6.31 6.74 6.23 6.23 6.23 6.25 6.25 6.25 6.25 6.39 6.39 6.39 6.39 6.55 6.55 6.55 6.55 6.59 6.59 6.59 6.59 6.57 6.57 6.57 6.57 6.45 6.45 6.45 6.45 5.99 5.99 5.99 5.99 6.13 6.13 6.28 6.13 6.20 6.20 7.25 6.74 6.28 5.71 6.16 5.71 5.47 5.47 5.47 5.47 5.41 5.96 5.96 5.41 5.39 5.39 5.39 5.75
6.21 6.73 6.21 6.21 6.22 6.22 6.22 6.22 6.13 6.13 6.13 6.64 6.59 6.08 6.08 6.08 6.06 6.06 6.06 6.56 6.06 6.06 6.06 6.56 6.31 6.31 6.31 6.31 6.23 6.23 6.23 6.23 6.25 6.25 6.25 6.25 6.39 6.39 6.39 6.39 6.55 6.55 6.55 6.55 6.59 6.59 6.59 6.59 6.57 6.57 7.34 6.57 6.45 6.45 6.45 6.45 5.99 5.99 5.99 5.99 6.13 6.13 6.13 6.13 6.20 6.72 5.75 5.75 5.71 5.71 6.71 5.71 5.47 5.47 5.47 5.47 5.41 5.41 5.96 5.41 5.39 5.39 5.39 5.93
6.21 6.21 6.21 6.21 6.74 6.22 6.22 6.22 6.13 6.13 6.13 6.13 6.08 7.07 6.08 6.08 6.06 6.06 6.06 6.06 6.06 6.06 6.06 6.06 7.22 6.31 6.31 6.31 6.74 6.23 6.23 6.23 6.25 6.25 6.25 6.25 6.89 6.91 6.39 6.39 7.07 6.55 6.55 6.55 6.59 6.59 6.59 7.13 7.53 7.11 7.11 6.57 6.45 6.45 6.45 6.45 5.99 5.99 5.99 5.99 6.13 6.13 6.13 6.13 6.20 6.20 6.72 5.75 5.71 5.71 5.71 5.71 5.47 5.85 5.47 5.47 5.41 5.41 5.41 5.41 5.39 5.39 5.39 5.39
6.21 6.21 6.21 6.21 6.22 6.22 6.22 6.22 6.13 6.13 6.13 6.13 6.08 6.59 6.08 6.23 6.06 6.06 6.06 6.06 6.06 6.20 6.06 6.06 6.31 6.31 6.31 6.31 6.74 6.23 6.43 6.23 6.25 6.77 6.25 6.25 6.39 6.39 6.39 6.39 6.55 6.55 6.55 6.55 6.59 6.59 6.59 6.59 6.57 6.57 6.57 6.57 6.45 6.45 6.45 6.45 5.99 5.99 5.99 5.99 6.13 6.13 6.13 6.13 6.36 5.75 5.75 5.75 5.71 5.71 5.71 5.71 6.01 5.47 5.47 6.01 5.41 5.41 5.41 5.41 5.39 5.39 5.39 5.39
6.15 6.15 6.15 6.15 6.14 6.14 6.14 6.14 6.08 6.58 6.08 6.58 6.06 6.06 6.06 6.06 6.03 6.03 6.03 6.03 6.02 6.44 6.02 6.02 6.29 6.81 6.29 6.29 6.26 6.26 6.46 7.13 6.32 6.32 6.32 6.32 6.44 6.44 6.44 6.44 6.60 6.60 6.60 6.60 7.14 6.60 7.14 6.60 7.04 6.51 6.51 6.51 6.40 6.40 6.40 6.40 6.06 6.06 6.06 6.06 6.19 6.34 6.19 6.19 6.33 5.72 6.29 5.72 5.66 5.66 5.66 5.66 5.43 5.43 5.98 5.43 5.41 5.41 5.41 5.41 5.37 5.37 5.37 5.37
6.15 6.15 6.15 6.15 6.14 6.14 6.14 7.14 6.08 6.08 6.08 6.08 6.06 6.06 6.06 6.06 6.03 6.03 6.44 6.27 6.44 6.02 6.02 6.02 6.29 6.29 6.29 6.29 6.26 6.26 7.05 6.26 6.32 6.32 6.32 6.32 6.44 6.44 6.44 6.44 6.60 6.60 7.14 7.30 6.60 6.60 6.60 6.60 6.51 6.51 6.51 6.51 6.40 6.40 6.92 6.40 6.06 6.06 6.06 6.06 6.19 6.19 6.19 6.19 6.17 8.77 5.72 5.72 5.66 5.66 5.66 5.66 5.43 5.43 6.13 5.97 5.41 5.95 5.95 6.49 5.91 5.37 5.37 5.37
7.52 7.52 7.52 7.52 7.50 8.13 7.50 8.13 7.42 7.42 7.42 8.04 8.01 7.40 8.01 8.33 7.37 7.78 7.64 7.64 8.49 7.97 7.36 7.36 7.59 7.59 7.93 7.59 7.55 7.55 7.85 8.36 7.62 7.62 7.62 7.62 9.08 7.76 7.76 8.38 8.29 7.67 7.67 7.67 7.67 7.67 7.67 7.67 7.57 7.57 7.57 7.57 7.45 7.45 7.45 7.45 7.06 7.06 7.06 7.06 7.20 7.20 8.16 7.68 6.33 6.33 7.06 6.33 6.26 6.26 6.98 6.26 6.08 6.08 6.08 6.08 6.06 6.06 6.06 6.06 6.02 6.44 6.02 6.02
7.52 7.52 7.52 7.52 7.50 7.50 7.50 7.50 7.42 7.42 7.42 7.42 7.40 7.40 7.40 7.71 7.78 8.71 8.94 7.64 8.00 7.36 7.36 7.36 8.42 8.34 9.03 9.22 7.85 7.55 8.02 7.55 7.62 7.62 7.62 8.24 7.76 7.76 7.76 7.76 7.67 7.67 7.67 7.67 7.67 7.67 8.30 7.67 7.57 7.57 7.57 7.57 7.45 8.07 7.45 7.45 7.06 7.06 7.06 7.35 7.79 7.80 7.80 7.20 6.33 6.33 6.33 6.33 6.26 6.64 6.26 6.26 6.08 6.08 6.08 6.08 6.06 6.06 6.06 6.06 6.02 6.02 6.02 6.59
7.50 7.50 7.50 7.50 7.48 7.48 7.48 7.48 7.39 7.39 7.39 7.39 7.38 7.80 8.10 7.38 7.76 8.60 7.89 8.02 7.63 7.36 7.77 7.57 7.61 9.24 8.33 8.33 7.96 8.38 7.89 7.62 7.67 7.67 7.67 7.67 7.77 7.77 7.77 7.77 7.67 8.29 7.67 7.67 7.63 7.63 7.63 7.63 7.48 7.48 7.48 7.48 7.49 7.49 7.49 7.49 7.14 7.14 7.50 7.14 7.19 7.19 7.19 7.19 6.29 6.29 6.29 6.29 6.23 6.23 6.98 6.98 6.08 6.08 6.08 6.08 6.04 6.04 6.04 6.04 6.62 5.98 5.98 5.98
7.50 7.50 7.50 7.50 7.48 7.48 7.48 7.48 7.39 7.39 7.39 7.39 7.80 7.80 7.64 7.64 7.47 8.74 8.16 7.36 8.02 8.94 8.61 7.36 9.05 8.75 8.33 8.33 7.96 7.15 8.09 8.41 7.67 7.67 7.67 7.67 7.77 7.77 7.77 8.39 7.67 7.67 7.67 7.67 7.63 7.63 7.63 7.63 7.92 7.92 7.48 7.48 7.49 7.49 7.49 7.49 7.14 7.14 7.14 7.14 7.19 7.19 7.19 7.39 7.01 6.29 7.06 6.29 6.23 6.23 6.98 6.98 6.08 6.08 6.08 6.08 6.04 6.04 6.04 6.04 6.62 5.98 5.98 5.98
7.50 7.50 7.94 7.50 7.48 7.48 7.48 7.48 7.39 7.39 7.39 7.39 7.64 7.93 10.18 8.18 8.18 8.31 7.49 8.70 8.71 8.71 8.37 8.71 8.33 8.33 8.33 8.33 9.05 8.09 8.20 8.23 8.16 7.67 7.67 7.67 7.77 7.77 7.77 7.77 7.67 7.67 7.67 7.67 7.63 7.63 8.24 7.63 7.48 8.10 8.10 7.48 7.49 7.49 7.49 7.49 7.14 7.14 7.14 7.14 7.19 7.19 7.19 8.88 6.29 6.29 6.29 6.29 6.23 6.23 6.98 6.98 6.08 6.08 6.08 6.08 6.04 6.04 6.04 6.04 5.98 5.98 5.98 5.98
7.50 7.50 7.50 7.50 7.48 7.48 7.48 7.48 7.39 7.39 7.39 9.11 7.66 7.53 8.18 8.18 8.92 2.36 8.02 8.70 8.71 8.37 8.37 8.71 8.33 8.33 8.33 8.33 8.33 8.60 8.54 8.41 7.67 7.67 7.67 7.67 7.77 7.77 7.77 7.77 7.67 7.67 7.67 7.67 7.63 7.63 7.63 7.63 7.48 7.48 7.48 7.48 7.49 7.49 7.49 7.49 7.14 7.14 7.14 7.14 7.19 7.19 9.31 6.33 6.29 6.29 7.01 6.29 6.23 6.98 7.72 6.98 6.66 6.08 6.08 6.08 6.04 6.04 6.04 6.04 5.98 5.98 5.98 5.98
7.52 7.52 7.52 7.52 7.51 7.51 7.96 8.98 7.40 7.40 7.40 7.66 7.64 7.53 7.89 8.02 11.58 5.85 8.02 7.89 8.74 8.97 8.97 7.89 8.33 8.33 8.33 7.71 7.62 9.69 8.81 8.18 7.72 7.72 7.72 7.72 7.79 7.79 7.79 7.79 7.60 7.60 7.60 7.60 7.50 8.12 7.50 7.50 8.09 7.47 7.47 7.47 7.58 7.58 7.58 7.58 7.15 7.15 7.15 7.15 8.17 7.71 6.27 6.27 6.23 6.23 6.23 6.23 6.62 3.84 6.99 6.99 6.09 6.51 6.09 6.09 6.61 6.03 6.03 6.03 5.94 5.94 5.94 6.79
7.96 7.52 7.52 7.52 7.51 7.51 7.51 7.51 7.83 7.83 7.40 7.40 7.64 7.53 7.89 8.02 11.44 6.32 8.52 8.71 8.97 7.89 7.89 7.89 8.33 8.33 7.71 9.85 9.85 8.81 8.81 7.68 7.72 7.72 7.72 7.72 7.79 7.79 7.79 7.79 8.23 7.60 7.60 8.06 7.94 7.50 7.50 7.50 7.47 7.47 7.47 7.47 7.58 7.58 7.58 7.58 7.15 7.15 7.74 8.51 7.71 7.12 6.27 6.27 6.23 6.23 6.23 6.23 6.23 6.23 6.23 6.83 6.09 6.09 6.09 6.09 6.03 6.81 6.46 6.03 5.94 6.55 5.94 5.94
7.52 7.52 7.52 7.52 7.51 7.95 7.51 7.95 7.83 7.40 9.60 8.97 9.30 8.18 8.18 8.16 10.63 8.85 8.71 8.71 8.97 8.97 8.74 7.22 7.71 11.61 7.71 9.85 8.81 9.69 9.01 7.68 7.72 8.22 7.72 7.72 7.79 7.79 7.79 8.30 8.06 7.60 7.60 7.60 7.50 7.50 7.50 7.50 7.47 7.47 7.47 7.47 7.58 7.58 7.58 7.58 7.80 7.15 7.15 7.15 7.12 7.12 6.27 6.27 6.23 6.23 6.23 6.23 6.23 6.23 6.23 6.23 6.09 6.09 6.09 6.09 6.03 6.46 6.46 6.03 5.94 5.94 5.94 5.94
7.06 6.11 6.11 7.52 7.51 8.13 7.51 8.43 7.70 8.67 9.46 8.97 8.18 8.61 8.18 8.75 10.91 8.31 8.71 7.22 9.71 8.67 10.03 7.22 7.71 10.98 7.71 8.99 9.01 9.01 7.68 7.68 7.72 7.72 7.72 7.72 7.79 7.79 8.50 8.30 7.60 8.06 7.60 7.60 7.50 7.50 7.50 7.50 7.47 7.47 7.47 7.47 7.58 7.58 7.58 7.58 7.15 7.15 7.15 7.15 7.12 6.27 6.27 6.27 6.23 6.23 6.23 6.23 6.23 8.11 6.94 6.23 6.09 6.09 6.09 6.09 6.03 6.03 6.03 6.03 6.55 5.94 5.94 5.94
6.76 6.11 6.11 6.11 6.77 6.77 7.52 7.52 7.42 7.84 8.69 8.97 8.18 8.31 7.08 10.49 8.31 7.89 7.89 9.35 9.36 8.71 9.57 7.22 10.98 10.98 7.71 9.11 9.81 9.88 7.71 7.71 7.72 7.72 7.72 7.72 9.30 8.22 8.22 8.46 7.93 7.49 7.49 7.49 8.90 8.82 7.72 7.46 7.51 7.96 7.51 7.51 8.15 7.54 7.54 7.54 7.04 7.04 7.04 7.04 7.01 6.19 6.19 6.19 6.19 6.19 6.19 6.19 6.92 6.21 6.21 6.21 6.50 6.50 6.07 6.07 6.00 6.00 6.00 6.00 5.91 5.91 5.91 5.91
6.11 6.11 6.11 6.11 6.11 6.11 6.11 6.11 7.06 6.04 7.84 8.69 8.96 8.02 7.62 10.63 8.18 7.89 7.89 8.18 8.71 8.71 8.71 9.57 10.98 7.71 8.60 9.11 9.11 9.30 7.94 7.93 8.86 7.72 7.72 7.72 8.22 8.22 9.03 8.46 7.93 7.93 8.78 8.54 7.98 7.98 7.72 7.46 7.51 7.51 7.51 7.51 7.54 7.54 7.54 7.54 7.04 7.04 7.04 7.04 6.90 6.19 6.19 6.90 6.19 6.19 6.19 6.19 6.21 6.21 6.21 6.21 6.07 6.07 6.07 6.07 6.00 6.00 6.00 6.00 5.91 5.91 6.52 5.91
6.11 6.11 6.11 6.11 6.11 6.11 6.77 6.11 7.06 6.04 6.04 7.88 8.27 7.92 7.35 10.49 7.89 7.89 7.89 8.18 8.82 8.71 8.99 8.18 11.88 7.84 9.24 9.80 9.04 9.30 9.30 8.84 8.86 8.86 9.05 8.32 8.46 7.96 8.46 8.46 7.93 9.07 9.57 7.98 7.98 9.05 7.72 7.46 7.51 7.51 7.51 7.51 7.54 7.54 7.54 7.54 7.04 7.04 7.04 7.63 6.19 6.90 6.19 7.32 6.19 6.19 6.89 4.62 3.84 6.21 6.21 6.21 6.07 6.07 6.07 6.49 6.00 6.00 6.00 6.00 5.91 5.91 5.91 5.91
6.38 7.97 6.11 6.11 6.77 6.11 6.11 6.11 6.04 7.06 7.66 8.07 8.62 7.92 7.31 10.45 7.92 7.89 7.89 8.18 8.18 7.89 8.18 11.61 11.75 8.33 9.43 8.33 9.78 9.30 9.30 9.11 9.12 9.30 9.05 9.63 9.30 9.30 9.81 9.30 8.39 7.98 7.98 9.07 9.05 9.05 7.46 7.46 8.13 8.59 8.99 8.13 7.54 7.54 7.54 7.54 7.04 7.04 7.04 7.04 6.19 6.19 6.19 3.84 3.84 3.84 3.84 3.84 3.84 3.84 3.84 3.84 3.47 3.47 3.47 6.07 6.00 6.00 6.00 6.00 6.52 5.91 5.91 5.91
7.95 7.95 7.95 6.09 6.11 6.11 6.11 6.11 6.70 6.05 7.89 7.89 8.07 7.92 7.72 11.13 8.06 7.78 7.78 7.78 7.87 8.18 10.30 11.80 8.74 9.28 9.79 9.28 9.00 9.00 9.65 8.92 9.09 9.27 9.27 8.33 9.26 9.26 9.26 8.33 7.98 7.98 7.98 9.06 8.50 8.74 7.46 8.32 7.44 7.44 7.44 7.44 7.42 7.42 7.42 7.65 6.96 6.96 6.96 6.14 6.86 6.16 6.16 3.84 3.84 3.84 3.84 3.84 3.84 3.84 3.84 3.84 6.64 6.64 6.64 6.06 6.63 5.98 5.98 7.43 6.25 6.25 5.94 5.94
7.95 7.95 7.95 7.95 7.97 8.69 8.18 7.97 8.09 7.89 8.09 7.89 8.07 7.78 8.33 6.03 7.72 7.92 7.78 7.78 7.78 8.68 11.15 7.78 8.60 8.33 9.28 9.28 9.28 9.28 8.33 8.60 8.60 8.33 8.60 8.60 8.33 9.26 9.26 8.33 7.98 9.06 9.06 8.83 9.78 9.35 9.65 9.05 9.04 9.04 9.04 9.04 9.17 8.26 9.03 8.94 6.96 6.96 6.96 6.14 6.94 6.16 6.30 3.97 3.84 3.84 3.84 6.94 6.96 4.66 7.43 6.21 6.39 6.64 6.06 6.06 5.98 5.98 5.98 5.98 5.94 6.48 6.48 6.48
8.73 8.73 8.73 8.73 8.76 8.76 8.76 8.76 8.60 8.60 8.60 8.78 9.07 8.65 8.93 9.34 11.33 8.72 8.77 8.77 8.59 8.79 8.92 12.06 9.08 9.12 8.94 8.86 10.21 9.40 9.40 9.65 9.40 9.40 9.40 9.65 9.65 9.40 10.19 9.40 10.00 9.88 10.00 10.00 10.57 9.99 9.99 9.26 9.26 9.87 9.26 9.26 9.08 9.67 9.26 10.49 9.05 7.38 7.38 6.48 6.50 6.50 6.50 8.09 4.15 7.37 6.53 6.53 4.15 7.95 4.65 4.15 5.92 5.92 5.92 5.92 6.04 6.04 6.04 6.04 5.99 5.99 5.99 5.99
8.73 8.73 9.03 8.73 8.76 10.17 9.56 8.76 8.60 8.78 8.78 8.97 8.96 8.65 8.65 8.72 11.95 12.32 8.73 12.86 8.59 8.79 8.68 9.32 12.35 9.08 9.83 8.94 8.94 8.94 8.94 9.65 9.53 9.53 9.40 9.40 9.40 9.40 9.40 9.65 9.26 9.98 9.26 10.00 9.99 9.99 9.99 9.99 9.40 9.40 9.26 9.26 9.40 9.53 10.59 10.49 8.74 7.19 7.23 6.48 6.50 7.55 6.50 6.50 7.95 6.53 6.53 8.64 7.95 6.55 6.55 6.55 5.92 5.92 5.92 5.92 6.46 6.04 6.04 6.04 5.99 5.99 5.99 5.99
