New_Model_Runs/15_Future_RCP8.5_Scn2_out/post_prcessed_with_MFR/Monthly_summaries/net_infiltration_monthly_JAN.asc
NCOLS 700
NROWS 400
XLLCENTER 515000.000000
YLLCENTER 8409000.000000
CELLSIZE 50.000000
NODATA_value -999.000000
[rows 185 to 221 of 400, columns 252 to 335 of 700]
7.22 7.22 7.22 7.22 7.83 8.34 7.83 7.83 7.85 7.85 7.85 7.83 7.80 7.82 7.82 8.32 7.73 7.73 7.73 7.73 7.90 7.90 7.90 7.90 7.91 7.91 7.91 7.91 8.14 6.38 6.38 6.38 6.48 8.28 8.28 6.48 6.66 6.66 6.66 6.19 8.76 8.61 6.67 6.81 6.66 6.79 6.79 8.58 8.42 6.62 6.62 6.62 6.54 6.54 6.54 6.54 6.43 6.43 6.43 6.43 6.46 6.46 6.46 6.46 6.49 6.49 6.49 6.49 7.03 7.03 7.03 7.03 7.08 7.08 7.08 7.08 7.04 9.29 7.04 7.04 6.73 6.73 6.73 6.73
7.22 7.22 7.22 7.22 7.83 7.83 7.83 7.83 7.85 7.85 7.85 7.85 7.82 7.82 7.82 7.82 7.73 7.73 7.73 7.73 7.90 7.90 7.90 8.42 7.91 7.91 7.91 7.91 8.14 8.14 6.38 6.38 6.95 8.28 8.28 7.71 7.32 6.66 8.60 9.53 9.54 8.63 7.34 6.81 6.65 7.31 6.65 6.65 6.62 6.62 6.62 6.62 6.54 6.54 6.54 7.41 6.43 6.43 6.43 6.43 6.46 6.46 6.46 6.46 6.49 6.49 6.49 6.49 7.03 7.03 7.03 7.03 7.08 7.08 7.08 7.08 7.04 7.04 7.04 7.04 6.73 6.73 6.73 6.73
7.22 7.22 7.22 7.22 7.83 8.75 7.83 7.83 7.85 7.85 7.85 7.85 7.82 7.82 7.82 7.82 7.73 7.73 7.73 7.73 7.90 7.90 7.90 7.90 7.91 7.91 7.91 7.91 8.14 8.14 8.14 8.65 6.48 8.28 6.48 7.05 6.66 6.66 8.60 8.75 8.63 8.76 8.61 7.33 6.65 6.65 6.65 6.65 6.62 6.62 7.10 6.62 7.19 6.54 6.54 7.03 6.43 6.43 6.43 6.43 6.46 6.46 6.46 6.46 6.49 6.49 6.49 6.49 7.03 7.03 7.03 7.03 7.08 7.76 7.08 7.08 7.04 7.04 7.04 7.04 6.73 6.73 6.73 6.73
7.14 7.14 7.14 7.61 7.77 7.77 8.27 7.77 7.73 7.73 7.73 8.44 7.64 7.64 7.64 7.64 7.57 7.57 7.57 7.57 7.85 7.85 7.85 7.85 7.89 7.89 7.89 7.89 8.04 9.17 8.04 8.04 8.17 6.40 6.88 6.40 6.59 6.59 7.25 6.59 6.61 8.53 8.53 6.61 7.12 6.63 6.63 7.12 6.45 6.45 6.45 6.45 6.43 9.32 5.72 8.63 6.48 6.48 6.48 6.48 6.58 6.58 6.58 6.58 6.54 6.54 6.54 6.54 7.12 7.12 7.12 7.12 7.11 7.11 7.11 7.11 7.08 7.08 7.08 7.08 6.73 6.73 6.73 6.73
7.14 7.14 7.14 7.14 7.77 8.27 7.77 7.77 7.73 7.73 7.73 7.73 8.13 7.64 7.64 7.64 7.57 7.57 8.06 7.57 7.85 7.85 7.85 7.85 7.89 7.89 7.89 7.89 8.54 8.04 8.04 8.04 8.17 8.17 8.17 6.40 6.59 6.59 6.59 6.59 6.61 6.61 6.61 6.61 6.63 6.63 6.63 6.63 6.45 6.45 6.45 6.45 6.43 8.63 8.63 8.63 6.48 6.48 6.48 6.48 6.58 6.58 6.58 6.58 6.54 6.54 6.54 6.54 7.12 7.12 7.12 7.12 7.11 7.80 7.11 7.11 7.08 7.08 7.08 7.08 7.03 6.73 6.73 6.73
7.14 7.14 7.14 7.14 7.77 7.77 8.27 7.77 7.73 7.73 7.73 7.73 7.64 7.64 7.64 7.64 7.57 7.57 7.57 8.06 7.85 8.59 7.85 7.85 8.40 7.89 7.89 7.89 8.04 8.04 8.04 8.04 8.17 8.17 8.17 8.17 6.59 6.59 6.59 6.59 6.61 6.61 6.61 6.61 6.63 6.63 6.63 6.63 6.45 6.45 6.45 6.45 8.63 8.63 6.43 6.43 6.48 6.48 6.48 6.48 6.58 6.58 6.58 7.07 7.19 7.19 6.54 6.54 7.12 7.12 7.12 7.12 7.11 7.11 7.11 7.11 7.08 7.08 8.03 8.03 7.03 7.03 6.73 6.73
7.14 7.14 7.14 7.60 7.77 7.77 7.77 7.77 7.73 7.73 7.73 7.73 7.64 7.64 7.64 7.64 8.04 7.57 7.57 7.57 7.85 7.85 8.36 7.85 7.89 7.89 7.89 8.40 8.04 8.04 8.04 8.54 8.17 8.17 8.17 8.17 8.54 8.54 6.59 6.59 6.61 6.61 6.61 6.61 6.63 6.63 6.63 6.63 6.45 6.45 6.45 8.65 8.63 8.63 6.43 6.43 6.48 6.48 6.48 6.97 7.05 7.07 6.58 6.58 7.12 6.54 6.54 6.54 7.12 7.12 7.12 7.12 7.11 7.11 7.11 7.11 7.08 7.08 7.08 7.44 7.03 7.03 7.03 7.03
7.08 7.08 7.08 7.08 7.64 8.40 7.64 7.64 7.99 7.51 7.51 7.51 7.40 7.40 7.40 7.40 7.45 7.93 7.45 7.45 7.84 7.84 7.84 7.84 7.91 7.91 7.91 7.91 7.93 7.93 7.93 7.93 7.96 7.96 7.96 7.96 8.31 8.31 8.31 6.53 6.52 6.52 6.52 6.52 6.42 6.42 6.42 6.42 6.33 6.33 8.48 8.48 8.68 8.68 6.46 6.46 6.54 6.54 6.54 7.03 6.61 6.61 6.61 6.61 6.58 7.24 6.58 6.58 7.15 7.15 7.15 7.15 7.18 7.18 7.18 7.18 7.19 7.19 7.19 7.19 7.78 7.12 7.12 7.12
7.08 7.08 7.08 7.08 7.64 8.23 7.64 7.64 7.51 7.51 7.51 7.51 7.40 7.40 7.40 7.40 7.45 7.45 7.45 7.45 7.84 7.84 7.84 7.84 7.91 7.91 7.91 7.91 7.93 7.93 7.93 8.51 7.96 7.96 7.96 7.96 8.31 8.31 8.31 8.31 8.31 6.52 6.52 6.52 6.42 6.42 6.42 6.42 6.33 6.33 8.48 8.48 8.68 8.68 6.46 6.46 6.54 6.54 7.19 6.54 6.61 6.61 6.61 6.61 6.58 6.58 6.58 6.58 7.15 7.15 7.15 7.15 7.18 7.18 7.18 7.18 7.19 8.17 7.19 7.19 7.12 7.12 7.12 7.12
8.18 8.18 8.18 8.18 8.68 9.23 8.68 8.68 8.54 8.54 9.08 8.54 8.42 8.42 8.95 8.42 8.47 8.47 8.47 8.47 8.54 8.54 8.54 8.54 8.62 8.62 8.62 8.62 8.64 8.64 8.64 8.64 8.67 8.67 8.67 8.67 8.68 8.68 8.68 8.68 8.68 8.68 6.67 6.67 6.57 6.57 8.98 6.57 6.57 8.85 8.85 6.57 6.78 9.20 6.78 6.99 6.86 9.04 7.74 7.74 6.93 6.93 6.93 6.93 7.66 7.00 7.00 7.00 6.87 6.87 7.54 6.87 6.89 6.89 6.89 6.89 7.82 8.03 6.91 7.82 6.84 6.84 9.09 6.84
8.18 8.18 8.18 8.18 8.68 8.68 9.21 8.68 8.54 8.54 8.54 8.54 8.42 8.42 8.42 8.42 8.47 8.47 8.47 8.47 8.54 8.54 8.54 8.54 8.62 8.62 8.62 8.62 8.64 8.64 8.64 8.64 8.67 8.67 8.67 8.67 8.68 8.68 8.68 8.68 8.68 8.68 8.68 6.67 6.57 8.98 6.57 6.57 6.57 6.57 6.57 6.57 6.78 9.20 9.20 6.78 6.86 7.74 8.10 7.74 6.93 6.93 6.93 6.93 7.00 7.00 7.00 7.67 6.87 6.87 6.87 7.54 6.89 6.89 6.89 7.79 6.91 6.91 8.05 6.91 6.84 7.50 6.84 6.84
8.70 8.70 8.70 8.16 8.51 8.51 8.51 8.51 8.38 8.38 8.91 8.38 8.53 8.53 8.53 8.53 8.73 8.73 8.73 8.73 8.73 8.73 8.73 8.73 8.74 8.74 8.74 8.74 8.74 8.74 8.74 8.74 8.75 8.75 8.75 8.75 8.67 8.67 8.67 8.67 8.55 8.55 8.55 8.55 8.47 6.53 6.53 6.53 6.60 6.60 6.60 6.60 6.83 9.27 9.27 6.83 7.77 7.70 7.77 7.77 6.93 6.93 6.93 6.93 7.00 7.00 7.00 7.00 6.89 6.89 6.89 6.89 7.62 6.97 7.89 6.97 7.90 6.97 6.97 6.97 6.85 6.85 6.85 7.74
8.16 8.16 8.16 8.71 8.51 8.51 8.51 8.51 8.38 8.38 8.38 8.38 8.53 8.53 8.53 8.53 8.73 8.73 8.73 8.73 8.73 8.73 8.73 8.73 8.74 8.74 8.74 8.74 8.74 8.74 8.74 8.74 8.75 8.75 8.75 8.75 8.67 8.67 8.67 8.67 8.55 8.55 8.55 8.55 8.47 8.47 6.53 6.53 6.60 6.60 6.60 6.60 9.27 9.27 9.27 9.27 6.52 6.52 6.88 6.88 6.93 6.93 6.93 6.93 7.00 7.00 7.00 7.00 6.89 6.89 6.89 6.89 6.97 6.97 6.97 6.97 6.97 6.97 6.97 6.97 6.85 6.85 6.85 6.85
8.16 8.16 8.16 8.71 8.51 8.51 8.51 8.51 8.38 8.38 8.38 8.38 8.53 8.53 8.53 8.53 8.73 8.73 8.73 8.73 8.73 8.73 8.73 8.73 8.74 8.74 8.74 8.74 8.74 8.74 8.74 8.74 8.75 8.75 8.75 8.75 8.67 8.67 8.67 8.67 8.55 8.55 8.55 8.55 8.47 8.47 8.47 8.47 7.28 6.60 6.60 6.60 6.83 6.83 6.83 6.83 6.88 6.52 6.88 6.88 6.93 6.93 6.93 6.93 7.00 7.00 7.00 7.00 6.89 6.89 6.89 6.89 6.97 6.97 6.97 6.97 6.97 6.97 7.65 7.63 6.85 6.85 6.85 7.37
8.16 8.16 8.16 8.16 8.51 8.51 8.51 8.51 8.91 8.38 8.38 8.38 8.53 8.53 8.53 8.53 8.73 8.73 8.73 8.73 8.73 8.73 8.73 8.73 8.74 8.74 8.74 8.74 8.74 8.74 8.74 8.74 8.75 8.75 8.75 8.75 8.67 8.67 8.67 8.67 8.55 8.55 8.55 8.55 8.47 8.47 8.47 8.47 8.43 7.28 6.60 6.60 6.83 6.83 6.83 6.83 6.88 6.88 6.88 6.88 6.93 7.84 6.93 6.93 7.00 7.00 7.00 7.00 7.58 7.56 7.56 7.56 6.97 6.97 6.97 6.97 6.97 7.65 6.97 6.97 6.85 6.85 6.85 6.85
8.11 8.11 8.11 8.11 8.41 8.41 8.41 8.41 9.46 8.47 8.47 8.47 8.78 8.78 8.78 8.78 8.94 8.94 8.94 8.94 8.89 8.89 8.89 8.89 8.87 8.87 8.87 8.87 8.92 8.92 8.92 8.92 8.91 8.91 8.91 8.91 8.75 8.75 8.75 8.75 8.60 8.60 9.15 8.60 8.48 8.48 9.03 8.48 8.46 8.46 8.46 6.52 6.90 6.90 6.90 6.90 6.95 6.95 6.95 6.95 6.96 6.96 6.96 6.96 7.00 7.00 7.00 7.00 7.88 6.90 6.90 6.90 6.97 6.97 6.97 6.97 7.62 6.95 6.95 6.95 6.82 6.82 6.82 7.57
8.11 8.11 8.11 8.11 8.41 8.95 8.95 8.41 8.47 8.47 8.47 8.47 8.78 8.78 8.78 8.78 8.94 8.94 8.94 8.94 8.89 8.89 8.89 8.89 8.87 8.87 8.87 8.87 8.92 8.92 8.92 8.92 8.91 8.91 8.91 8.91 8.75 8.75 9.76 8.86 9.15 9.15 8.60 8.60 8.48 8.48 8.48 8.48 8.46 8.46 8.46 8.46 6.90 6.90 6.90 6.90 6.95 6.95 6.95 6.95 6.96 6.96 6.96 6.96 7.00 7.00 7.00 7.67 6.90 6.90 6.90 6.90 6.97 6.97 6.97 6.97 6.95 6.95 6.95 7.62 7.94 7.76 7.47 7.33
8.11 8.11 8.11 8.11 8.41 8.41 8.41 8.41 8.47 8.47 8.47 8.47 8.78 8.78 8.78 8.78 8.94 8.94 8.94 9.98 8.89 8.89 8.89 8.89 8.87 8.87 8.87 8.87 8.92 8.92 8.92 8.92 8.91 8.91 8.91 9.47 8.75 8.75 8.75 8.75 8.60 8.60 8.60 8.60 8.48 8.48 8.48 8.48 8.46 8.53 8.46 8.46 8.93 6.90 6.90 6.90 6.95 6.95 6.95 6.95 6.96 6.96 6.96 6.96 7.00 7.00 7.00 7.00 6.90 6.90 6.90 6.90 6.97 6.97 6.97 6.97 6.95 7.62 6.95 6.95 6.82 6.82 7.47 6.82
8.10 8.64 8.64 8.65 8.41 8.41 8.41 8.41 8.47 8.47 8.47 8.47 8.78 9.36 8.78 8.78 8.94 8.94 8.94 9.98 10.94 8.89 8.89 8.89 8.87 8.87 8.87 8.87 8.92 8.92 8.92 8.92 8.91 9.95 8.91 8.91 8.75 8.75 8.75 8.75 8.60 8.60 8.60 8.60 9.03 8.48 8.48 8.48 8.46 8.46 8.46 8.46 8.93 8.93 8.93 6.90 6.95 6.95 7.63 6.95 6.96 6.96 6.96 6.96 7.00 7.00 7.00 7.00 6.90 6.90 6.90 6.90 6.97 6.97 6.97 8.11 6.95 6.95 7.62 6.95 6.82 6.82 6.82 6.82
8.07 8.07 8.07 8.07 8.38 8.38 8.38 8.38 8.56 8.56 8.56 8.56 8.88 8.88 8.88 8.88 8.99 8.99 8.99 10.05 10.01 8.96 9.55 8.96 8.96 8.96 8.96 8.96 8.98 8.98 9.15 10.03 9.93 9.09 8.90 8.90 8.70 8.70 8.70 8.70 8.57 8.57 8.57 8.57 9.01 8.47 8.47 8.47 8.54 8.54 8.54 8.54 9.00 9.00 9.00 9.00 7.00 7.00 7.00 7.00 7.03 7.03 7.03 7.03 7.06 7.06 7.06 7.06 6.93 6.93 6.93 6.93 6.97 6.97 6.97 7.64 6.92 6.92 6.92 6.92 6.78 6.78 6.78 6.78
8.90 8.07 8.07 8.07 8.38 8.38 8.38 8.38 9.11 8.56 8.56 8.56 8.88 8.88 8.88 8.88 8.99 9.16 10.05 10.05 10.37 8.96 8.96 8.96 8.96 8.96 9.60 8.96 8.98 8.98 10.03 10.03 10.28 8.90 8.90 8.90 8.70 8.70 8.70 8.70 8.57 8.57 8.57 8.57 8.47 8.47 8.47 8.47 8.54 8.54 8.54 8.54 9.00 9.00 9.00 9.00 9.06 9.06 7.00 7.00 7.03 7.03 7.03 7.03 7.06 7.06 7.06 7.06 6.93 6.93 6.93 6.93 6.97 6.97 6.97 6.97 6.92 6.92 6.92 6.92 6.78 6.78 6.78 6.78
8.90 8.07 8.07 8.07 8.38 8.38 8.38 8.38 8.56 8.56 8.56 8.56 8.88 8.88 8.88 8.88 8.99 8.99 10.05 10.05 10.01 8.96 8.96 8.96 8.96 9.60 10.01 10.01 9.62 9.62 9.62 10.03 9.06 8.90 9.46 8.90 8.70 8.70 9.27 8.70 8.57 8.57 9.12 8.57 8.47 8.47 8.47 8.47 8.54 8.54 8.54 8.54 9.00 9.00 9.00 9.00 9.06 11.63 9.06 7.00 7.03 7.03 7.03 7.03 7.06 7.06 7.06 7.06 6.93 6.93 6.93 6.93 6.97 6.97 6.97 6.97 6.92 6.92 6.92 6.92 6.78 6.78 6.78 6.78
8.90 8.07 8.07 8.07 8.38 8.38 8.38 8.38 8.56 8.56 8.56 8.56 8.88 8.88 8.88 8.88 8.99 8.99 10.05 10.05 10.01 10.01 8.96 8.96 8.96 10.01 10.01 10.01 9.62 9.62 9.86 8.98 8.90 8.90 8.90 8.90 8.70 8.70 8.70 8.70 8.57 8.57 9.12 9.11 8.47 8.47 8.47 8.47 8.54 8.54 8.54 8.54 9.00 9.00 9.00 9.00 9.06 9.06 9.06 9.06 9.10 7.03 7.03 7.03 7.06 7.06 7.06 7.06 6.93 6.93 6.93 6.93 6.97 6.97 6.97 7.78 6.92 6.92 6.92 6.92 6.78 7.90 6.78 6.78
8.82 8.82 7.99 7.99 8.40 8.40 8.40 8.40 8.73 8.73 8.73 8.73 8.94 8.94 8.94 8.94 9.01 9.01 10.07 10.07 10.06 10.06 9.01 9.01 10.06 10.06 17.90 9.65 9.52 11.52 9.47 8.91 8.74 8.74 8.74 8.74 8.64 8.64 8.64 8.64 8.54 8.54 8.54 8.54 8.50 8.50 8.50 8.50 8.61 8.61 8.61 8.61 9.01 9.01 9.01 9.01 9.10 9.10 9.10 9.10 9.14 9.14 7.08 7.08 7.11 7.11 7.11 7.11 6.99 6.99 6.99 6.99 7.01 7.01 9.17 7.30 6.92 8.89 8.89 6.92 6.75 6.75 6.75 6.75
8.82 9.47 7.99 7.99 8.40 8.40 8.40 8.40 8.73 8.73 8.73 8.73 8.94 8.94 8.94 8.94 9.01 9.01 10.07 10.07 10.06 10.06 10.06 10.06 10.06 17.90 18.50 9.65 9.93 8.91 8.91 9.66 8.74 8.74 8.74 8.74 8.64 8.64 8.64 8.64 8.54 8.54 8.54 8.54 8.50 8.50 8.50 8.50 8.61 8.61 8.61 8.61 9.01 9.01 9.01 9.01 9.10 9.10 9.10 9.10 9.14 9.14 9.42 9.14 7.11 7.11 7.11 7.11 6.99 6.99 8.07 9.29 9.32 9.88 9.17 9.17 8.89 8.89 8.89 8.89 6.75 6.75 6.75 6.75
9.61 9.61 8.90 8.90 8.79 8.79 8.79 8.79 9.08 9.08 9.08 9.08 9.31 9.31 9.31 9.31 9.28 9.28 10.52 10.52 9.59 10.30 17.50 17.50 17.56 17.49 17.56 6.77 9.46 8.48 8.48 8.48 8.86 8.32 8.32 8.32 8.11 8.11 8.11 8.11 8.52 8.01 8.01 8.01 7.97 7.97 7.97 7.97 8.08 8.08 8.08 8.08 8.18 8.18 8.18 8.18 8.28 8.28 8.28 8.28 8.43 9.30 8.35 8.35 8.40 6.59 6.59 7.30 6.22 6.37 3.01 3.01 2.85 5.69 8.11 9.37 7.80 7.80 7.80 7.80 6.49 6.49 6.49 6.49
9.61 9.91 9.61 8.90 8.79 8.79 8.79 8.79 9.08 9.08 9.08 9.08 9.31 9.31 9.31 9.31 9.28 10.52 10.52 10.52 9.59 17.50 17.50 17.50 17.49 18.05 9.58 9.58 8.48 8.48 8.48 8.48 8.32 8.32 8.32 8.32 8.11 8.11 8.11 8.11 8.01 8.52 8.01 8.01 7.97 7.97 7.97 7.97 8.08 8.08 8.08 8.08 8.18 8.24 8.18 8.18 8.28 8.28 8.28 8.28 8.60 8.35 8.35 9.30 8.40 8.40 7.30 6.59 7.89 6.22 8.24 11.57 11.59 9.30 8.07 7.91 6.14 6.14 6.14 6.14 6.49 6.49 6.49 6.49
9.71 9.50 9.50 8.81 8.94 8.94 8.94 8.94 9.25 9.25 9.25 9.25 9.26 9.26 9.26 9.26 9.29 10.54 10.54 10.54 9.58 17.49 17.49 17.56 17.43 17.43 8.53 8.53 8.36 8.36 8.36 8.36 8.31 8.28 8.28 8.28 8.10 8.10 8.10 8.61 8.02 8.02 8.02 8.02 8.04 8.04 8.04 8.04 8.13 8.13 8.13 8.13 8.23 8.23 8.23 8.23 8.28 8.28 8.28 8.28 8.35 8.35 8.35 8.62 9.30 8.41 8.41 8.55 8.07 7.89 8.81 11.85 9.36 8.06 7.85 6.19 6.06 6.06 6.06 6.53 6.47 6.47 6.47 6.47
9.50 9.79 9.50 9.50 8.94 8.94 8.94 8.94 9.25 9.25 9.25 9.25 9.26 9.26 9.26 9.26 9.29 10.54 10.54 10.54 9.58 17.49 17.49 17.49 17.50 8.53 8.53 8.53 8.36 8.36 8.36 8.36 8.28 8.28 8.28 8.28 9.07 8.10 8.10 8.10 8.02 8.02 8.02 8.02 8.04 8.04 8.04 8.04 8.13 8.13 8.13 8.13 8.23 8.23 8.23 8.23 8.28 8.28 8.28 8.28 8.35 8.35 9.29 8.43 9.30 8.49 8.41 8.55 8.40 8.04 8.04 11.70 6.93 8.22 7.85 6.19 6.06 6.06 6.06 6.06 6.47 6.47 6.47 6.47
9.50 9.50 9.50 9.50 8.94 8.94 8.94 8.94 9.25 9.25 9.25 9.25 9.26 9.26 9.26 9.26 9.29 10.54 10.54 10.54 9.58 17.49 17.49 17.49 17.50 8.53 9.08 8.53 8.36 8.36 8.91 8.36 8.28 8.28 8.28 8.28 8.64 8.10 8.10 8.10 8.53 8.02 8.02 8.02 8.04 8.04 8.04 8.04 8.13 8.13 8.13 8.13 8.23 8.23 8.23 8.23 8.28 8.28 8.28 8.28 8.35 8.35 8.43 9.05 8.91 8.49 8.49 8.41 8.85 7.84 6.16 9.63 6.93 6.89 6.19 6.19 6.06 6.06 6.06 6.06 6.47 6.47 6.47 6.47
9.50 9.50 9.50 9.50 8.94 8.94 8.94 8.94 9.25 9.25 9.25 9.25 9.26 9.26 9.26 9.26 9.29 10.54 10.54 10.54 17.49 17.49 17.49 17.49 17.99 9.51 9.08 8.53 8.36 8.36 8.91 8.36 8.28 8.28 8.28 8.28 9.44 8.10 8.10 8.10 8.02 8.02 8.02 8.02 8.04 8.04 8.04 8.04 8.13 8.14 8.13 8.13 8.23 8.23 8.23 8.23 8.28 8.28 8.28 8.28 8.35 8.35 8.35 9.93 9.19 8.41 8.41 8.41 8.72 7.88 6.16 7.42 9.84 7.85 6.37 6.19 6.06 6.06 6.06 6.06 6.47 6.47 6.47 6.47
9.82 9.53 9.53 9.53 9.85 9.09 9.09 9.09 9.27 9.27 9.27 9.27 9.32 9.32 9.32 9.32 9.30 10.55 10.55 18.20 17.47 17.47 17.47 18.03 17.59 9.48 9.48 8.50 8.33 8.33 8.33 8.33 8.25 8.25 8.25 9.23 8.10 8.10 8.10 8.10 8.09 8.09 8.09 8.09 8.10 8.10 8.10 8.11 8.12 9.22 8.12 8.12 8.27 8.27 8.27 8.27 8.30 8.30 8.30 8.30 8.31 8.84 8.31 9.24 8.95 8.59 9.65 8.69 7.95 8.28 6.31 6.16 11.25 7.44 8.01 6.11 6.55 6.55 6.55 6.55 6.53 6.53 6.53 6.53
9.53 9.53 9.53 9.53 9.85 9.09 9.09 9.09 9.27 9.27 9.27 9.27 9.32 9.32 9.32 10.57 10.55 10.55 18.20 18.20 17.47 17.47 17.54 17.54 17.40 9.48 8.66 9.03 8.33 8.33 8.33 8.33 8.25 8.25 8.25 8.25 8.10 8.10 8.10 8.10 8.09 8.09 8.09 8.09 8.10 8.10 8.10 8.11 8.44 8.14 8.12 8.12 8.27 8.27 9.17 8.27 8.30 8.30 8.30 8.30 8.31 8.31 8.31 9.24 8.95 7.29 7.44 8.01 7.91 7.59 6.31 9.79 2.39 7.44 7.14 7.91 8.18 6.55 6.55 8.03 8.01 8.01 6.53 7.46
9.53 9.53 9.53 9.53 9.85 9.85 9.09 9.09 9.27 9.27 9.27 9.27 10.57 8.02 10.57 10.22 10.55 10.55 18.20 18.20 17.47 17.54 17.54 17.59 17.56 9.48 9.48 8.50 9.28 9.28 8.33 8.33 8.25 8.25 8.25 8.25 8.10 8.10 8.10 8.10 8.09 8.09 8.09 8.09 8.10 8.10 8.10 8.11 8.12 8.12 8.12 8.12 8.27 8.27 8.27 8.27 8.30 8.30 8.38 8.30 8.31 8.31 9.24 9.02 8.95 7.29 7.80 6.04 7.42 7.42 7.42 10.24 6.46 7.14 6.31 6.38 2.02 8.78 8.11 8.34 8.32 8.32 8.49 8.85
9.53 9.53 9.53 9.53 9.85 9.85 9.09 9.09 9.27 9.27 9.27 9.27 10.57 10.26 10.26 10.68 10.55 18.20 18.20 18.20 14.05 14.05 18.65 17.59 17.56 17.40 9.48 9.48 9.08 9.28 9.28 8.33 8.25 8.25 8.25 8.54 9.34 8.54 8.10 8.10 8.09 8.09 8.09 8.09 8.10 8.10 8.10 8.33 8.12 8.12 8.12 8.12 8.27 8.27 8.79 8.27 8.30 8.30 8.30 8.30 8.31 8.31 9.24 8.80 8.50 7.29 6.04 6.04 7.29 6.31 6.31 9.94 6.16 6.16 1.64 5.42 5.27 5.27 5.91 10.55 5.91 6.23 1.64 6.23
9.68 9.68 9.68 9.68 9.98 9.98 9.21 9.21 9.30 9.30 9.30 9.30 10.58 10.62 10.69 10.34 18.19 18.19 18.19 18.19 17.53 18.30 15.90 17.59 7.77 9.65 9.54 9.48 9.41 9.54 10.17 8.80 8.15 8.15 8.15 8.15 2.75 10.99 8.14 8.14 8.20 8.20 8.20 8.20 8.12 8.12 8.12 8.12 8.11 8.11 8.11 8.11 8.28 8.28 9.20 8.28 8.33 8.41 8.41 8.61 8.59 8.37 9.22 8.78 9.02 7.29 6.04 1.81 7.14 7.29 6.31 9.94 6.16 5.50 5.65 1.64 6.23 6.23 2.18 0.00 4.28 9.86 5.27 5.27
9.68 9.68 9.68 9.68 9.98 9.98 9.98 9.21 9.30 9.30 9.30 9.30 14.20 10.62 10.58 18.23 18.19 18.19 18.19 18.19 17.53 17.59 16.56 15.90 7.56 6.89 14.27 9.63 9.21 10.16 9.21 8.27 8.15 8.15 8.15 8.15 8.14 6.95 10.28 8.67 8.20 8.20 8.20 8.20 8.12 8.12 8.12 8.12 8.11 8.12 8.11 8.11 8.28 8.28 9.30 8.86 10.18 8.41 8.61 9.30 5.32 5.39 8.37 8.78 8.96 7.25 6.04 1.81 1.85 2.09 2.25 5.42 9.86 5.42 6.38 6.23 6.23 6.43 2.18 0.00 0.00 0.00 7.60 10.55
