New_Model_Runs/15_Future_RCP8.5_Scn2_out/post_prcessed_with_MFR/Monthly_summaries/net_infiltration_monthly_APR.asc
NCOLS 700
NROWS 400
XLLCENTER 515000.000000
YLLCENTER 8409000.000000
CELLSIZE 50.000000
NODATA_value -999.000000
[rows 190 to 227 of 400, columns 168 to 251 of 700]
4.77 4.40 4.99 4.99 4.99 4.40 4.87 4.77 4.69 4.69 4.23 4.23 4.49 4.17 4.17 4.17 4.18 4.18 4.18 4.18 4.20 4.84 4.52 4.20 4.39 4.39 4.39 4.72 4.34 4.34 4.34 4.34 4.61 4.28 4.28 4.28 4.28 4.28 4.28 4.28 4.48 4.48 4.48 4.48 4.52 4.52 4.52 4.52 4.56 4.56 4.56 5.05 4.55 4.55 4.55 4.89 4.41 4.41 4.41 4.41 4.45 4.45 4.45 4.93 4.60 4.60 4.73 4.43 4.42 4.48 4.48 4.89 5.09 5.09 5.09 4.62 5.04 5.04 5.04 5.16 5.14 5.14 5.14 5.14
4.40 4.77 4.87 4.49 4.40 4.40 4.40 4.77 4.69 4.23 4.23 4.23 4.17 4.49 4.17 4.17 4.18 4.50 4.18 4.18 4.20 4.20 4.20 4.20 4.39 4.39 4.39 4.39 4.34 4.34 4.34 4.34 4.28 4.83 4.28 4.28 4.28 4.61 4.61 4.28 4.48 4.48 4.48 4.48 4.52 4.52 4.52 4.52 4.57 4.57 4.57 5.05 4.90 4.55 4.55 4.55 4.41 4.41 4.41 4.41 4.45 4.45 4.45 4.45 4.99 4.99 4.99 4.49 4.42 4.48 4.48 4.89 5.09 5.09 5.23 5.09 5.15 5.04 5.44 5.16 5.14 5.14 5.14 5.14
4.41 4.82 4.77 4.49 4.38 4.75 4.75 4.75 4.22 4.22 4.22 4.22 4.16 4.48 4.16 4.16 4.17 4.17 4.17 4.17 4.19 4.19 4.19 4.19 4.38 4.38 4.38 4.38 4.68 4.34 4.34 4.34 4.29 4.29 4.29 4.29 4.26 4.59 4.26 4.26 4.44 4.77 4.77 4.44 4.50 4.50 4.50 4.50 4.58 4.58 5.07 5.07 4.97 4.91 4.56 5.11 4.39 4.39 4.39 4.39 4.41 4.75 4.41 4.41 4.48 4.58 4.97 4.97 4.49 4.49 4.90 4.90 5.07 5.07 5.18 5.18 5.04 5.04 5.04 5.16 5.13 5.13 5.13 5.13
4.41 4.77 4.32 4.77 5.10 4.30 4.30 4.30 4.22 4.22 4.22 4.22 4.16 4.16 4.16 4.16 4.17 4.17 4.17 4.17 4.19 4.19 4.19 4.19 4.38 4.38 4.38 4.38 4.34 4.34 4.34 4.34 4.29 4.29 4.29 4.29 4.26 4.26 4.26 4.26 4.44 4.44 4.44 4.44 4.50 4.50 4.50 4.50 4.58 4.58 4.58 4.58 5.91 4.56 4.56 4.56 4.39 4.39 4.39 4.39 5.05 4.41 4.41 4.41 4.48 4.41 4.97 4.97 4.49 4.49 4.97 4.90 5.07 5.07 5.07 5.07 5.04 5.06 4.57 5.04 5.13 5.13 5.13 5.13
6.43 5.21 5.21 5.21 5.66 5.19 5.19 5.19 5.32 5.32 5.32 5.32 5.26 5.26 5.26 5.26 5.27 5.37 5.27 5.27 5.30 5.60 5.30 5.30 5.59 5.59 5.59 5.59 5.55 5.87 5.87 5.55 5.50 5.50 5.50 5.50 5.46 5.54 5.46 5.46 5.44 5.74 5.44 5.44 5.51 5.51 5.51 5.51 5.60 5.60 5.60 5.91 5.65 5.65 5.57 5.57 5.17 5.17 5.09 5.17 5.19 5.19 5.19 5.19 5.27 5.27 5.89 5.89 5.28 5.28 5.75 5.75 5.76 5.76 5.76 5.76 5.72 5.32 5.43 5.72 5.75 5.75 5.75 5.75
5.21 5.21 5.21 5.21 5.19 5.48 5.19 5.19 5.32 5.32 5.32 5.26 5.26 5.26 5.26 5.26 5.27 5.27 5.27 5.27 5.30 5.30 5.30 5.30 5.59 5.59 5.59 5.59 5.55 5.55 5.55 5.55 5.50 5.58 5.50 5.50 5.46 5.46 5.46 5.46 5.52 5.74 5.44 5.44 5.51 5.51 5.51 5.51 5.60 5.60 5.60 5.60 5.57 5.57 5.57 5.57 5.17 5.17 5.17 5.17 5.19 5.19 5.19 5.19 5.27 5.27 5.89 5.42 6.47 5.75 5.75 5.75 5.76 5.76 5.76 5.76 5.72 5.72 5.72 5.72 5.69 5.75 5.75 5.75
5.18 5.18 5.18 5.18 5.17 5.09 5.17 5.17 5.32 5.32 5.32 5.26 5.18 5.25 5.25 5.25 5.56 5.56 5.26 5.26 5.29 5.29 5.29 5.59 5.58 5.58 5.58 5.58 5.53 5.53 5.53 5.53 5.47 5.47 5.47 5.47 5.43 5.43 5.43 5.43 5.43 5.43 5.43 5.43 5.52 5.52 5.52 5.83 5.60 5.60 5.60 5.60 5.55 5.55 5.86 5.55 5.15 5.15 5.15 5.15 5.20 5.20 5.20 5.20 5.30 5.30 5.93 5.93 6.77 5.82 5.79 5.79 5.77 5.77 5.77 5.77 5.70 5.70 5.70 5.70 5.72 6.11 5.75 6.25
5.18 5.18 5.18 5.18 5.17 5.17 5.17 5.17 5.62 5.32 5.32 5.32 5.18 5.25 5.25 5.25 5.26 5.26 5.26 5.26 5.29 5.29 5.29 5.29 5.89 5.58 5.58 5.58 5.53 5.53 5.53 5.53 5.47 5.47 5.47 5.47 5.43 5.43 5.43 5.43 5.73 5.43 5.43 5.43 5.52 5.52 5.52 5.52 5.60 5.60 5.60 5.60 5.55 5.57 5.55 5.55 5.15 5.15 5.15 5.15 5.20 5.20 5.20 5.20 5.30 5.30 5.93 5.93 5.31 5.79 5.79 5.82 5.80 5.77 5.77 5.77 5.70 5.70 5.70 5.70 5.69 5.75 5.75 5.75
5.18 5.18 5.18 5.18 5.17 5.17 5.17 5.17 5.32 5.32 5.32 5.61 5.25 5.25 5.25 5.25 5.26 5.26 5.26 5.26 5.29 5.36 5.29 5.29 5.58 5.58 5.58 5.58 5.53 5.84 5.84 5.53 5.47 5.78 5.47 5.78 5.43 5.43 5.43 5.43 5.43 5.43 5.43 5.43 5.52 5.52 5.52 5.52 5.60 5.60 5.60 5.60 5.55 5.55 5.55 5.55 5.15 5.15 5.15 5.15 5.20 5.20 5.20 5.20 5.30 5.30 5.93 6.12 5.79 5.79 5.79 5.79 5.77 5.77 5.77 5.77 5.70 5.70 5.70 5.70 5.69 5.69 5.75 5.75
5.18 5.47 5.18 5.18 5.17 5.17 5.17 5.17 5.32 5.32 5.62 5.61 5.25 5.25 5.25 5.25 5.33 5.26 5.26 5.26 5.29 5.29 5.58 5.29 5.89 5.58 5.58 5.58 5.53 5.83 5.53 5.53 5.47 5.47 5.47 5.47 5.43 5.43 5.43 5.43 5.43 5.43 5.43 5.43 5.52 5.52 5.52 5.52 5.60 5.60 5.60 5.60 5.86 5.86 5.55 5.55 5.15 5.15 5.15 5.15 5.20 5.20 5.20 5.20 5.30 5.30 5.30 5.30 5.79 5.79 5.79 5.79 5.77 5.77 5.77 5.77 5.70 5.70 5.70 5.70 5.69 5.69 5.75 5.75
5.14 5.14 5.14 5.14 5.15 5.15 5.44 5.15 5.31 5.31 5.31 5.31 5.25 5.25 5.25 5.25 5.54 5.24 5.24 5.24 5.25 5.25 5.25 5.57 5.55 5.55 5.55 5.55 5.48 5.79 5.48 5.48 5.42 5.98 5.42 5.42 5.78 5.47 5.47 5.47 5.51 5.51 5.51 5.51 5.57 5.57 5.57 5.57 5.60 5.60 5.60 5.60 5.55 5.55 5.55 5.55 5.15 5.15 5.15 5.15 5.24 5.24 5.24 5.24 5.33 5.33 5.33 5.33 5.81 5.85 5.81 5.81 5.80 5.80 5.80 5.80 5.72 5.32 5.72 5.72 5.69 5.69 5.69 5.76
5.14 5.14 5.14 5.14 5.15 5.15 5.15 6.13 5.39 5.31 5.31 5.31 5.55 5.25 5.25 5.25 5.24 5.24 5.54 5.24 5.25 5.25 5.25 5.55 5.86 5.55 5.55 5.55 5.48 5.48 5.48 5.48 5.42 5.42 5.72 5.42 5.47 5.47 5.47 5.47 5.51 5.51 5.51 5.51 5.57 5.57 5.57 5.57 5.60 5.60 5.60 5.60 5.55 5.55 5.55 5.82 5.15 5.15 5.15 5.15 5.24 5.24 5.24 5.54 5.33 5.33 5.33 5.85 5.81 5.44 5.85 5.85 5.90 5.52 5.80 5.80 5.72 5.72 5.72 5.72 5.69 5.69 5.69 5.76
5.43 5.14 5.14 5.14 5.15 5.15 5.15 5.15 5.31 5.31 5.31 5.31 5.25 5.25 5.25 5.25 5.54 5.24 5.24 5.24 5.25 5.25 5.25 5.25 5.55 5.86 5.86 5.55 5.48 5.48 5.48 5.48 5.42 5.42 5.42 5.42 5.47 5.47 5.47 5.47 5.51 5.51 5.51 5.51 5.57 5.57 5.57 5.57 5.60 5.60 5.60 6.22 5.55 5.55 5.86 5.55 5.15 5.15 5.15 5.15 5.24 5.24 5.24 5.24 5.33 5.33 5.33 5.82 5.81 5.81 5.81 5.81 5.80 5.80 5.83 5.96 5.76 5.72 5.72 5.72 5.69 5.69 5.69 5.76
5.14 5.14 5.14 5.43 5.15 5.15 5.15 5.15 5.31 5.31 5.31 5.31 5.25 5.25 5.25 5.25 5.24 5.24 5.54 5.24 5.25 5.25 5.54 5.25 5.55 5.55 5.55 5.85 5.48 5.48 5.48 5.48 5.42 5.42 5.42 5.42 5.47 5.47 5.47 5.47 5.51 5.51 5.51 5.51 5.57 5.57 5.57 5.57 5.60 5.60 5.60 5.60 5.55 5.85 5.55 5.55 5.81 5.15 5.15 5.15 5.24 5.24 5.24 5.24 5.33 5.33 5.33 5.82 5.81 5.81 5.44 5.81 5.80 5.83 5.80 5.83 5.72 5.76 5.72 5.76 5.69 5.72 5.69 5.69
5.09 5.09 5.09 5.09 5.10 5.10 5.10 5.10 5.28 5.28 5.28 5.28 5.24 5.24 5.24 5.17 5.22 5.22 5.22 5.52 5.22 5.22 5.52 5.22 5.83 5.52 5.83 5.52 5.75 5.44 5.44 5.44 5.46 5.46 5.46 5.46 5.59 5.59 5.59 5.59 5.61 5.61 5.61 5.61 5.63 5.63 5.63 5.63 5.62 5.62 5.62 5.62 5.51 5.51 5.51 5.51 5.16 5.16 5.16 5.16 5.29 5.29 5.23 5.29 5.35 5.35 6.70 5.93 5.83 5.80 5.42 5.80 5.77 5.77 5.77 5.77 5.71 5.74 5.74 5.71 5.67 5.67 5.67 5.40
5.09 5.39 5.09 5.09 5.10 5.10 5.10 5.10 5.28 5.28 5.28 5.58 5.54 5.24 5.24 5.24 5.22 5.22 5.22 5.52 5.22 5.22 5.22 5.52 5.52 5.52 5.52 5.52 5.44 5.44 5.44 5.44 5.46 5.46 5.46 5.46 5.59 5.59 5.59 5.59 5.61 5.61 5.61 5.61 5.63 5.63 5.63 5.63 5.62 5.62 5.62 5.62 5.51 5.51 5.51 5.51 5.16 5.16 5.16 5.16 5.29 5.29 5.29 5.29 5.35 5.66 5.84 5.84 5.80 5.80 5.89 5.80 5.77 5.77 5.77 5.77 5.71 5.71 5.74 5.71 5.67 5.67 5.67 5.71
5.09 5.09 5.09 5.09 5.40 5.10 5.10 5.10 5.28 5.28 5.28 5.28 5.24 5.73 5.24 5.24 5.22 5.22 5.22 5.22 5.22 5.22 5.22 5.22 5.58 5.52 5.52 5.52 5.75 5.44 5.44 5.44 5.46 5.46 5.46 5.46 5.88 5.90 5.59 5.59 5.92 5.61 5.61 5.61 5.63 5.63 5.63 5.95 5.71 5.94 5.94 5.62 5.51 5.51 5.51 5.51 5.16 5.16 5.16 5.16 5.29 5.29 5.29 5.29 5.35 5.35 5.93 5.84 5.80 5.80 5.80 5.80 5.77 5.38 5.77 5.77 5.71 5.71 5.71 5.71 5.67 5.67 5.67 5.67
5.09 5.09 5.09 5.09 5.10 5.10 5.10 5.10 5.28 5.28 5.28 5.28 5.24 5.54 5.24 5.17 5.22 5.22 5.22 5.22 5.22 5.15 5.22 5.22 5.52 5.52 5.52 5.52 5.75 5.44 5.43 5.44 5.46 5.78 5.46 5.46 5.59 5.59 5.59 5.59 5.61 5.61 5.61 5.61 5.63 5.63 5.63 5.63 5.62 5.62 5.62 5.62 5.51 5.51 5.51 5.51 5.16 5.16 5.16 5.16 5.29 5.29 5.29 5.29 5.29 5.84 5.84 5.84 5.80 5.80 5.80 5.80 5.81 5.77 5.77 5.81 5.71 5.71 5.71 5.71 5.67 5.67 5.67 5.67
5.04 5.04 5.04 5.04 5.03 5.03 5.03 5.03 5.24 5.54 5.24 5.54 5.22 5.22 5.22 5.22 5.19 5.19 5.19 5.19 5.19 5.41 5.19 5.19 5.50 5.80 5.50 5.50 5.47 5.47 5.46 6.44 5.53 5.53 5.53 5.53 5.63 5.63 5.63 5.63 5.64 5.64 5.64 5.64 5.96 5.65 5.96 5.65 5.87 5.56 5.56 5.56 5.46 5.46 5.46 5.46 5.22 5.22 5.22 5.22 5.34 5.28 5.34 5.34 5.27 5.81 5.85 5.81 5.73 5.73 5.73 5.73 5.73 5.73 5.77 5.73 5.70 5.70 5.70 5.70 5.65 5.65 5.65 5.65
5.04 5.04 5.04 5.04 5.03 5.03 5.03 5.98 5.24 5.24 5.24 5.24 5.22 5.22 5.22 5.22 5.19 5.19 5.41 5.46 5.41 5.19 5.19 5.19 5.50 5.50 5.50 5.50 5.47 5.47 6.20 5.47 5.53 5.53 5.53 5.53 5.63 5.63 5.63 5.63 5.64 5.64 5.96 5.65 5.65 5.65 5.65 5.65 5.56 5.56 5.56 5.56 5.46 5.46 5.77 5.46 5.22 5.22 5.22 5.22 5.34 5.34 5.34 5.34 5.33 7.21 5.81 5.81 5.73 5.73 5.73 5.73 5.73 5.73 5.92 5.76 5.70 5.73 5.73 5.91 5.69 5.65 5.65 5.65
5.98 5.98 5.98 5.98 5.97 5.75 5.97 5.75 5.83 5.83 5.83 6.14 6.12 5.81 6.12 6.44 5.78 6.02 6.04 6.04 6.65 6.09 5.78 5.78 6.05 6.05 6.17 6.05 6.02 6.02 6.09 6.60 6.08 6.08 6.08 6.08 6.83 6.03 6.03 6.62 6.37 6.03 6.03 6.03 6.03 6.03 6.03 6.03 5.95 5.95 5.95 5.95 5.86 5.86 5.86 5.86 6.02 6.02 6.02 6.02 5.69 5.69 6.21 5.84 6.46 6.46 6.79 6.46 6.37 6.37 6.70 6.37 6.02 6.02 6.02 6.02 5.99 5.99 5.99 5.99 5.94 6.20 5.94 5.94
5.98 5.98 5.98 5.98 5.97 5.97 5.97 5.97 5.83 5.83 5.83 5.83 5.81 5.81 5.81 5.89 6.02 6.77 7.05 6.04 6.12 5.78 5.78 5.78 6.62 6.52 7.15 7.36 6.16 6.02 6.33 6.02 6.08 6.08 6.08 6.43 6.03 6.03 6.03 6.03 6.03 6.03 6.03 6.03 6.03 6.03 6.38 6.03 5.95 5.95 5.95 5.95 5.86 6.19 5.86 5.86 6.02 6.02 6.02 5.56 5.91 5.98 5.98 5.69 6.46 6.46 6.46 6.46 6.37 6.47 6.37 6.37 6.02 6.02 6.02 6.02 5.99 5.99 5.99 5.99 5.94 5.94 5.94 5.72
5.97 5.97 5.97 5.97 5.95 5.95 5.95 5.95 5.80 5.80 5.80 5.80 5.79 6.03 6.33 5.79 6.00 6.72 6.12 6.27 6.04 5.78 6.01 5.79 6.07 7.37 6.57 6.57 6.27 6.76 6.19 6.08 6.12 6.12 6.12 6.12 6.03 6.03 6.03 6.03 6.02 6.37 6.02 6.02 5.99 5.99 5.99 5.99 5.88 5.88 5.88 5.88 5.88 5.88 5.88 5.88 6.09 6.09 6.18 6.09 5.68 5.68 5.68 5.68 6.40 6.40 6.40 6.40 6.33 6.33 6.21 6.21 6.01 6.01 6.01 6.01 5.97 5.97 5.97 5.97 6.09 5.97 5.97 5.97
5.97 5.97 5.97 5.97 5.95 5.95 5.95 5.95 5.80 5.80 5.80 5.80 6.03 6.03 6.05 6.05 5.87 6.78 6.41 5.92 6.27 7.04 6.73 5.78 7.17 6.88 6.57 6.57 6.27 5.78 6.41 6.64 6.12 6.12 6.12 6.12 6.03 6.03 6.03 6.63 6.02 6.02 6.02 6.02 5.99 5.99 5.99 5.99 6.15 6.15 5.88 5.88 5.88 5.88 5.88 5.88 6.09 6.09 6.09 6.09 5.68 5.68 5.68 6.90 6.73 6.40 6.29 6.40 6.33 6.33 6.21 6.21 6.01 6.01 6.01 6.01 5.97 5.97 5.97 5.97 6.09 5.97 5.97 5.97
5.97 5.97 6.05 5.97 5.95 5.95 5.95 5.95 5.80 5.80 5.80 5.80 6.05 6.10 7.96 6.31 6.31 6.46 6.07 6.76 6.77 6.77 6.44 6.77 6.57 6.57 6.57 6.57 7.17 6.41 6.52 6.47 6.45 6.12 6.12 6.12 6.03 6.03 6.03 6.03 6.02 6.02 6.02 6.02 5.99 5.99 6.33 5.99 5.88 6.21 6.21 5.88 5.88 5.88 5.88 5.88 6.09 6.09 6.09 6.09 5.68 5.68 5.68 8.28 6.40 6.40 6.40 6.40 6.33 6.33 6.21 6.21 6.01 6.01 6.01 6.01 5.97 5.97 5.97 5.97 5.97 5.97 5.97 5.97
5.97 5.97 5.97 5.97 5.95 5.95 5.95 5.95 5.80 5.80 5.80 6.76 5.90 5.84 6.31 6.31 7.00 1.96 6.27 6.76 6.77 6.44 6.44 6.77 6.57 6.57 6.57 6.57 6.57 6.82 6.78 6.64 6.12 6.12 6.12 6.12 6.03 6.03 6.03 6.03 6.02 6.02 6.02 6.02 5.99 5.99 5.99 5.99 5.88 5.88 5.88 5.88 5.88 5.88 5.88 5.88 6.09 6.09 6.09 6.09 5.68 5.68 6.16 6.46 6.40 6.40 6.73 6.40 6.33 6.21 6.34 6.21 5.80 6.01 6.01 6.01 5.97 5.97 5.97 5.97 5.97 5.97 5.97 5.97
5.98 5.98 5.98 5.98 5.98 5.98 6.06 6.45 5.81 5.81 5.81 5.91 6.05 5.84 6.12 6.27 10.07 5.68 6.27 6.12 6.78 7.03 7.03 6.12 6.57 6.57 6.57 6.20 5.99 7.84 6.93 6.46 6.00 6.00 6.00 6.00 6.05 6.05 6.05 6.05 5.97 5.97 5.97 5.97 5.89 6.23 5.89 5.89 6.19 5.88 5.88 5.88 5.96 5.96 5.96 5.96 6.10 6.10 6.10 6.10 6.15 5.84 6.38 6.38 6.33 6.33 6.33 6.33 6.43 5.33 6.21 6.21 6.03 6.29 6.03 6.03 5.75 5.96 5.96 5.96 5.91 5.91 5.91 6.17
6.06 5.98 5.98 5.98 5.98 5.98 5.98 5.98 6.06 6.06 5.81 5.81 6.05 5.84 6.12 6.27 9.92 4.96 6.58 6.77 7.03 6.12 6.12 6.12 6.57 6.57 6.20 8.03 8.03 6.93 6.93 6.13 6.00 6.00 6.00 6.00 6.05 6.05 6.05 6.05 6.43 5.97 5.97 6.27 6.17 5.89 5.89 5.89 5.88 5.88 5.88 5.88 5.96 5.96 5.96 5.96 6.10 6.10 5.87 6.36 5.84 6.07 6.38 6.38 6.33 6.33 6.33 6.33 6.34 6.34 6.34 6.59 6.03 6.03 6.03 6.03 5.96 6.30 6.22 5.96 5.91 6.03 5.91 5.91
5.98 5.98 5.98 5.98 5.98 6.06 5.98 6.06 6.06 5.81 7.46 7.03 7.28 6.31 6.31 6.41 9.51 6.92 6.77 6.77 7.03 7.03 6.78 5.78 6.20 10.08 6.20 8.03 6.93 7.84 7.17 6.13 6.00 6.43 6.00 6.00 6.05 6.05 6.05 6.49 6.27 5.97 5.97 5.97 5.89 5.89 5.89 5.89 5.88 5.88 5.88 5.88 5.96 5.96 5.96 5.96 6.00 6.10 6.10 6.10 6.07 6.07 6.38 6.38 6.33 6.33 6.33 6.33 6.34 6.34 6.34 6.34 6.03 6.03 6.03 6.03 5.96 6.22 6.22 5.96 5.91 5.91 5.91 5.91
5.31 4.85 4.85 5.98 5.98 5.75 5.98 6.19 5.88 6.77 7.41 7.03 6.31 6.63 6.31 6.89 9.73 6.46 6.77 5.53 7.56 6.77 8.00 5.78 6.20 9.71 6.20 7.16 7.17 7.17 6.13 6.13 6.00 6.00 6.00 6.00 6.05 6.05 6.71 6.49 5.97 6.27 5.97 5.97 5.89 5.89 5.89 5.89 5.88 5.88 5.88 5.88 5.96 5.96 5.96 5.96 6.10 6.10 6.10 6.10 6.07 6.38 6.38 6.38 6.33 6.33 6.33 6.33 6.34 7.33 6.66 6.34 6.03 6.03 6.03 6.03 5.96 5.96 5.96 5.96 6.03 5.91 5.91 5.91
5.17 4.84 4.84 4.84 5.18 5.18 5.98 5.98 5.82 6.07 6.78 7.04 6.31 6.46 5.71 9.37 6.46 6.12 6.12 7.43 7.44 6.80 7.67 5.78 9.71 9.71 6.20 7.22 7.72 7.80 5.99 5.99 6.00 6.00 6.00 6.00 7.40 6.43 6.43 6.68 6.16 5.88 5.88 5.88 6.85 6.87 5.98 5.87 5.90 6.18 5.90 5.90 6.26 5.92 5.92 5.92 6.00 6.00 6.00 6.00 5.97 6.28 6.28 6.28 6.28 6.28 6.28 6.28 6.63 6.31 6.31 6.31 6.27 6.27 6.01 6.01 5.93 5.93 5.93 5.93 5.88 5.88 5.88 5.88
4.84 4.84 4.84 4.84 4.85 4.85 4.85 4.85 5.46 5.11 6.07 6.78 7.06 6.27 6.30 9.51 6.31 6.12 6.12 6.31 6.80 6.80 6.80 7.67 9.71 6.20 6.82 7.22 7.22 7.42 6.18 6.21 6.95 6.00 6.00 6.00 6.43 6.43 7.16 6.68 6.16 6.16 6.88 6.60 6.21 6.21 5.98 5.87 5.90 5.90 5.90 5.90 5.92 5.92 5.92 5.92 6.00 6.00 6.00 6.00 6.60 6.28 6.28 6.60 6.28 6.28 6.28 6.28 6.31 6.31 6.31 6.31 6.01 6.01 6.01 6.01 5.93 5.93 5.93 5.93 5.88 5.88 6.00 5.88
4.84 4.84 4.84 4.84 4.85 4.85 5.18 4.85 5.46 5.11 5.11 6.18 6.38 5.96 6.00 9.37 6.12 6.12 6.12 6.32 6.92 6.80 7.05 6.32 10.33 6.34 7.36 7.82 7.15 7.42 7.42 6.94 6.95 6.95 7.16 6.55 6.68 6.19 6.68 6.68 6.16 7.13 7.51 6.21 6.21 7.11 5.98 5.87 5.90 5.90 5.90 5.90 5.92 5.92 5.92 5.92 6.00 6.00 6.00 5.78 6.28 6.60 6.28 6.99 6.28 6.28 6.60 5.87 5.33 6.31 6.31 6.31 6.01 6.01 6.01 6.26 5.93 5.93 5.93 5.93 5.88 5.88 5.88 5.88
4.97 5.85 4.84 4.84 5.18 4.85 4.85 4.85 5.11 5.46 5.78 6.49 6.78 5.96 5.43 8.80 5.96 6.12 6.12 6.32 6.32 6.12 6.32 9.96 10.22 6.57 7.56 6.57 7.77 7.42 7.42 7.22 7.23 7.42 7.16 7.67 7.42 7.42 7.82 7.42 6.51 6.21 6.21 7.13 7.11 7.11 5.87 5.87 6.22 6.31 6.90 6.22 5.92 5.92 5.92 5.92 6.00 6.00 6.00 6.00 6.28 6.28 6.28 5.33 5.33 5.33 5.33 5.33 5.33 5.33 5.33 5.33 4.95 4.95 4.95 6.01 5.93 5.93 5.93 5.93 6.00 5.88 5.88 5.88
5.83 5.83 5.83 4.83 4.84 4.84 4.84 4.84 5.47 5.12 6.19 6.19 6.49 5.96 5.59 9.25 6.10 5.81 5.81 5.81 6.02 6.32 7.59 9.89 6.97 7.41 7.81 7.41 7.16 7.16 7.68 7.04 7.20 7.40 7.40 6.57 7.39 7.39 7.39 6.57 6.21 6.21 6.21 7.12 6.57 6.84 5.87 6.40 5.86 5.86 5.86 5.86 5.85 5.85 5.85 5.87 5.92 5.92 5.92 6.23 6.56 6.25 6.25 5.33 5.33 5.33 5.33 5.33 5.33 5.33 5.33 5.33 5.78 5.78 5.78 5.99 6.16 5.90 5.90 6.56 5.97 5.97 5.91 5.91
5.83 5.83 5.83 5.83 5.85 6.23 5.72 5.85 6.08 6.19 6.08 6.19 6.49 5.81 6.40 5.74 5.59 5.96 5.81 5.81 5.81 6.39 9.53 5.81 6.82 6.57 7.41 7.41 7.40 7.40 6.57 6.82 6.82 6.57 6.82 6.82 6.57 7.39 7.39 6.57 6.21 7.12 7.12 6.88 7.59 7.32 7.56 7.12 7.11 7.11 7.11 7.11 7.24 6.51 7.10 6.87 5.92 5.92 5.92 6.23 6.58 6.25 6.39 5.48 5.33 5.33 5.33 6.16 6.18 5.73 7.05 6.31 6.06 5.78 5.99 5.99 5.90 5.90 5.90 5.90 5.91 5.63 5.63 5.63
6.33 6.33 6.33 6.33 6.36 6.36 6.36 6.36 6.70 6.70 6.70 7.01 6.93 6.57 6.87 7.31 9.47 6.52 7.00 7.00 6.38 6.72 7.16 10.52 7.16 7.33 7.01 7.14 8.10 7.39 7.39 7.62 7.39 7.39 7.39 7.62 7.62 7.39 8.08 7.39 7.81 7.66 7.81 7.81 8.24 7.81 7.81 7.17 7.17 7.66 7.17 7.17 7.12 7.61 7.17 8.32 7.25 6.10 6.10 6.42 6.44 6.44 6.44 7.58 5.55 6.38 6.48 6.48 5.55 7.43 5.81 5.55 5.89 5.89 5.89 5.89 5.90 5.90 5.90 5.90 5.84 5.84 5.84 5.84
6.33 6.33 6.24 6.33 6.36 6.84 6.75 6.36 6.70 7.01 7.01 6.75 6.73 6.57 6.57 6.52 9.83 10.81 6.84 10.92 6.38 6.72 6.82 7.70 10.67 7.16 7.51 7.01 7.01 7.01 7.01 7.62 7.53 7.53 7.39 7.39 7.39 7.39 7.39 7.62 7.17 7.71 7.17 7.81 7.81 7.81 7.81 7.81 7.32 7.32 7.17 7.17 7.32 7.47 8.46 8.32 6.58 5.38 6.76 6.42 6.44 6.72 6.44 6.44 7.43 6.48 6.48 7.79 7.43 6.50 6.50 6.50 5.89 5.89 5.89 5.89 5.94 5.90 5.90 5.90 5.84 5.84 5.84 5.84
