New_Model_Runs/15_Future_RCP8.5_Scn2_out/post_prcessed_with_MFR/Monthly_summaries/runoff_monthly_NOV.asc
NCOLS 700
NROWS 400
XLLCENTER 515000.000000
YLLCENTER 8409000.000000
CELLSIZE 50.000000
NODATA_value -999.000000
[rows 185 to 221 of 400, columns 252 to 335 of 700]
4.91 4.91 4.91 4.91 5.31 9.36 5.31 5.31 5.32 5.32 5.32 3.18 3.16 5.30 5.30 9.28 5.21 5.21 5.21 5.21 5.42 5.42 5.42 5.42 5.42 5.42 5.42 5.42 5.64 7.27 7.27 7.27 7.44 4.34 4.34 7.44 7.78 7.78 7.78 4.06 4.62 4.59 7.80 7.84 5.11 7.82 7.82 4.56 4.42 7.55 7.55 7.55 7.51 7.51 7.51 7.51 7.34 7.34 7.34 7.34 7.38 7.38 7.38 7.38 7.44 7.44 7.44 7.44 7.86 7.86 7.86 7.86 7.94 7.94 7.94 7.94 7.87 11.34 7.87 7.87 6.63 6.63 6.63 6.63
4.91 4.91 4.91 4.91 5.31 5.31 5.31 5.31 5.32 5.32 5.32 5.32 5.30 5.30 5.30 5.30 5.21 5.21 5.21 5.21 5.42 5.42 5.42 9.57 5.42 5.42 5.42 5.42 5.64 5.64 7.27 7.27 13.67 4.34 4.34 26.93 14.47 7.78 4.58 8.09 8.12 4.60 14.54 7.84 7.76 14.43 7.76 7.76 7.55 7.55 7.55 7.55 7.51 7.51 7.51 20.49 7.34 7.34 7.34 7.34 7.38 7.38 7.38 7.38 7.44 7.44 7.44 7.44 7.86 7.86 7.86 7.86 7.94 7.94 7.94 7.94 7.87 7.87 7.87 7.87 6.63 6.63 6.63 6.63
4.91 4.91 4.91 4.91 5.31 13.61 5.31 5.31 5.32 5.32 5.32 5.32 5.30 5.30 5.30 5.30 5.21 5.21 5.21 5.21 5.42 5.42 5.42 5.42 5.42 5.42 5.42 5.42 5.64 5.64 5.64 9.91 7.44 4.34 7.44 14.01 7.78 7.78 4.58 4.61 4.60 4.62 4.59 14.47 7.76 7.76 7.76 7.76 7.55 7.55 14.04 7.55 19.42 7.51 7.51 13.17 7.34 7.34 7.34 7.34 7.38 7.38 7.38 7.38 7.44 7.44 7.44 7.44 7.86 7.86 7.86 7.86 7.94 14.77 7.94 7.94 7.87 7.87 7.87 7.87 6.63 6.63 6.63 6.63
4.84 4.84 4.84 8.51 5.25 5.25 9.26 5.25 5.22 5.22 5.22 12.52 5.13 5.13 5.13 5.13 5.07 5.07 5.07 5.07 5.37 5.37 5.37 5.37 5.41 5.41 5.41 5.41 5.54 18.01 5.54 5.54 5.67 7.30 13.56 7.30 7.67 7.67 14.26 7.67 7.70 4.52 4.52 7.70 14.08 7.58 7.58 14.08 7.29 7.29 7.29 7.29 7.33 5.66 6.40 3.35 7.42 7.42 7.42 7.42 7.58 7.58 7.58 7.58 7.67 7.67 7.67 7.67 8.01 8.01 8.01 8.01 8.00 8.00 8.00 8.00 7.95 7.95 7.95 7.95 6.63 6.63 6.63 6.63
4.84 4.84 4.84 4.84 5.25 9.26 5.25 5.25 5.22 5.22 5.22 5.22 9.04 5.13 5.13 5.13 5.07 5.07 8.92 5.07 5.37 5.37 5.37 5.37 5.41 5.41 5.41 5.41 9.70 5.54 5.54 5.54 5.67 5.67 5.67 7.30 7.67 7.67 7.67 7.67 7.70 7.70 7.70 7.70 7.58 7.58 7.58 7.58 7.29 7.29 7.29 7.29 7.33 3.35 3.35 3.35 7.42 7.42 7.42 7.42 7.58 7.58 7.58 7.58 7.67 7.67 7.67 7.67 8.01 8.01 8.01 8.01 8.00 14.88 8.00 8.00 7.95 7.95 7.95 7.95 7.86 6.63 6.63 6.63
4.84 4.84 4.84 4.84 5.25 5.25 9.26 5.25 5.22 5.22 5.22 5.22 5.13 5.13 5.13 5.13 5.07 5.07 5.07 8.92 5.37 13.05 5.37 5.37 9.55 5.41 5.41 5.41 5.54 5.54 5.54 5.54 5.67 5.67 5.67 5.67 7.67 7.67 7.67 7.67 7.70 7.70 7.70 7.70 7.58 7.58 7.58 7.58 7.29 7.29 7.29 7.29 3.35 3.35 7.33 7.33 7.42 7.42 7.42 7.42 7.58 7.58 7.58 14.08 14.26 14.26 7.67 7.67 8.01 8.01 8.01 8.01 8.00 8.00 8.00 8.00 7.95 7.95 5.50 5.50 7.86 7.86 6.63 6.63
4.84 4.84 4.84 8.46 5.25 5.25 5.25 5.25 5.22 5.22 5.22 5.22 5.13 5.13 5.13 5.13 8.84 5.07 5.07 5.07 5.37 5.37 9.48 5.37 5.41 5.41 5.41 9.55 5.54 5.54 5.54 9.73 5.67 5.67 5.67 5.67 5.98 5.98 7.67 7.67 7.70 7.70 7.70 7.70 7.58 7.58 7.58 7.58 7.29 7.29 7.29 3.33 3.35 3.35 7.33 7.33 7.42 7.42 7.42 13.79 13.95 14.12 7.58 7.58 14.22 7.67 7.67 7.67 8.01 8.01 8.01 8.01 8.00 8.00 8.00 8.00 7.95 7.95 7.95 12.89 7.86 7.86 7.86 7.86
4.78 4.78 4.78 4.78 5.13 12.96 5.13 5.13 8.82 5.01 5.01 5.01 4.91 4.91 4.91 4.91 4.96 8.72 4.96 4.96 5.36 5.36 5.36 5.36 5.42 5.42 5.42 5.42 5.45 5.45 5.45 5.45 5.47 5.47 5.47 5.47 5.76 5.76 5.76 7.41 7.41 7.41 7.41 7.41 7.25 7.25 7.25 7.25 7.10 7.10 3.22 3.22 3.38 3.38 7.39 7.39 7.51 7.51 7.51 13.96 7.62 7.62 7.62 7.62 7.73 14.38 7.73 7.73 8.06 8.06 8.06 8.06 8.10 8.10 8.10 8.10 8.13 8.13 8.13 8.13 14.77 8.00 8.00 8.00
4.78 4.78 4.78 4.78 5.13 9.69 5.13 5.13 5.01 5.01 5.01 5.01 4.91 4.91 4.91 4.91 4.96 4.96 4.96 4.96 5.36 5.36 5.36 5.36 5.42 5.42 5.42 5.42 5.45 5.45 5.45 9.97 5.47 5.47 5.47 5.47 5.76 5.76 5.76 5.76 5.76 7.41 7.41 7.41 7.25 7.25 7.25 7.25 7.10 7.10 3.22 3.22 3.38 3.38 7.39 7.39 7.51 7.51 16.60 7.51 7.62 7.62 7.62 7.62 7.73 7.73 7.73 7.73 8.06 8.06 8.06 8.06 8.10 8.10 8.10 8.10 8.13 5.64 8.13 8.13 8.00 8.00 8.00 8.00
5.77 5.77 5.77 5.77 6.00 10.65 6.00 6.00 5.87 5.87 10.40 5.87 5.75 5.75 10.19 5.75 5.80 5.80 5.80 5.80 5.81 5.81 5.81 5.81 5.88 5.88 5.88 5.88 5.91 5.91 5.91 5.91 5.94 5.94 5.94 5.94 5.90 5.90 5.90 5.90 5.90 5.90 7.57 7.57 7.41 7.41 3.40 7.41 7.26 3.31 3.31 7.26 7.16 3.26 7.16 10.16 7.29 10.41 4.99 4.99 7.39 7.39 7.39 7.39 13.84 7.50 7.50 7.50 7.08 7.08 13.14 7.08 7.11 7.11 7.11 7.11 4.88 4.98 7.14 4.88 7.03 7.03 10.70 7.03
3.49 5.77 5.77 5.77 6.00 6.00 10.53 6.00 5.87 5.87 5.87 5.87 5.75 5.75 5.75 5.75 5.80 5.80 5.80 5.80 5.81 5.81 5.81 5.81 5.88 5.88 5.88 5.88 5.91 5.91 5.91 5.91 5.94 5.94 5.94 5.94 5.90 5.90 5.90 5.90 5.90 5.90 5.90 7.57 7.41 3.40 7.41 7.41 7.26 7.26 7.26 7.26 7.16 3.26 3.26 7.16 7.29 4.99 5.22 4.99 7.39 7.39 7.39 7.39 7.50 7.50 7.50 13.93 7.08 7.08 7.08 13.14 7.11 7.11 7.11 4.86 7.14 7.14 19.59 7.14 7.03 13.04 7.03 7.03
10.19 10.19 10.19 5.75 5.84 5.84 5.84 5.84 5.72 5.72 10.12 5.72 5.86 5.86 5.86 5.86 6.06 6.06 6.06 6.06 5.99 5.99 5.99 5.99 6.00 6.00 6.00 6.00 6.00 6.00 6.00 6.00 6.01 6.01 6.01 6.01 5.89 5.89 5.89 5.89 5.78 5.78 5.78 5.78 5.70 7.33 7.33 7.33 7.29 7.29 7.29 7.29 7.24 3.30 3.30 7.24 5.02 18.43 5.02 5.02 7.40 7.40 7.40 7.40 7.51 7.51 7.51 7.51 7.12 7.12 7.12 7.12 13.32 7.22 4.95 7.22 4.95 7.24 7.24 7.24 7.05 7.05 7.05 4.81
5.75 5.75 5.75 10.25 5.84 5.84 5.84 5.84 5.72 5.72 5.72 5.72 5.86 5.86 5.86 5.86 6.06 6.06 6.06 6.06 5.99 5.99 5.99 5.99 6.00 6.00 6.00 6.00 6.00 6.00 6.00 6.00 6.01 6.01 6.01 6.01 5.89 5.89 5.89 5.89 5.78 5.78 5.78 5.78 5.70 5.70 7.33 7.33 7.29 7.29 7.29 7.29 3.30 3.30 3.30 3.30 6.20 6.20 7.32 7.32 7.40 7.40 7.40 7.40 7.51 7.51 7.51 7.51 7.12 7.12 7.12 7.12 7.22 7.22 7.22 7.22 7.24 7.24 7.24 7.24 7.05 7.05 7.05 7.05
5.75 5.75 5.75 10.25 5.84 5.84 5.84 5.84 5.72 5.72 5.72 5.72 5.86 5.86 5.86 5.86 6.06 6.06 6.06 6.06 5.99 5.99 5.99 5.99 6.00 6.00 6.00 6.00 6.00 6.00 6.00 6.00 6.01 6.01 6.01 6.01 5.89 5.89 5.89 5.89 5.78 5.78 5.78 5.78 5.70 5.70 5.70 5.70 5.00 7.29 7.29 7.29 7.24 7.24 7.24 7.24 7.32 6.20 7.32 7.32 7.40 7.40 7.40 7.40 7.51 7.51 7.51 7.51 7.12 7.12 7.12 7.12 7.22 7.22 7.22 7.22 7.24 7.24 13.43 13.28 7.05 7.05 7.05 12.45
5.75 5.75 5.75 5.75 5.84 5.84 5.84 5.84 10.12 5.72 5.72 5.72 5.86 5.86 5.86 5.86 6.06 6.06 6.06 6.06 5.99 5.99 5.99 5.99 6.00 6.00 6.00 6.00 6.00 6.00 6.00 6.00 6.01 6.01 6.01 6.01 5.89 5.89 5.89 5.89 5.78 5.78 5.78 5.78 5.70 5.70 5.70 5.70 5.66 5.00 7.29 7.29 7.24 7.24 7.24 7.24 7.32 7.32 7.32 7.32 7.40 5.08 7.40 7.40 7.51 7.51 7.51 7.51 13.53 13.20 13.20 13.20 7.22 7.22 7.22 7.22 7.24 13.43 7.24 7.24 7.05 7.05 7.05 7.05
5.70 5.70 5.70 5.70 5.75 5.75 5.75 5.75 15.01 5.80 5.80 5.80 6.11 6.11 6.11 6.11 6.27 6.27 6.27 6.27 6.15 6.15 6.15 6.15 6.13 6.13 6.13 6.13 6.18 6.18 6.18 6.18 6.18 6.18 6.18 6.18 5.97 5.97 5.97 5.97 5.82 5.82 10.31 5.82 5.71 5.71 10.11 5.71 5.69 5.69 5.69 7.33 7.36 7.36 7.36 7.36 7.44 7.44 7.44 7.44 7.44 7.44 7.44 7.44 7.51 7.51 7.51 7.51 19.53 7.13 7.13 7.13 7.22 7.22 7.22 7.22 13.37 7.20 7.20 7.20 7.00 7.00 7.00 17.34
5.70 5.70 5.70 5.70 5.75 10.18 10.18 5.75 5.80 5.80 5.80 5.80 6.11 6.11 6.11 6.11 6.27 6.27 6.27 6.27 6.15 6.15 6.15 6.15 6.13 6.13 6.13 6.13 6.18 6.18 6.18 6.18 6.18 6.18 6.18 6.18 5.97 5.97 7.33 3.62 10.31 10.31 5.82 5.82 5.71 5.71 5.71 5.71 5.69 5.69 5.69 5.69 7.36 7.36 7.36 7.36 7.44 7.44 7.44 7.44 7.44 7.44 7.44 7.44 7.51 7.51 7.51 13.94 7.13 7.13 7.13 7.13 7.22 7.22 7.22 7.22 7.20 7.20 7.20 13.37 19.18 18.54 12.98 12.37
5.70 5.70 5.70 5.70 5.75 5.75 5.75 5.75 5.80 5.80 5.80 5.80 6.11 6.11 6.11 6.11 6.27 6.27 6.27 3.10 6.15 6.15 6.15 6.15 6.13 6.13 6.13 6.13 6.18 6.18 6.18 6.18 6.18 6.18 6.18 10.83 5.97 5.97 5.97 5.97 5.82 5.82 5.82 5.82 5.71 5.71 5.71 5.71 5.69 3.43 5.69 5.69 5.71 7.36 7.36 7.36 7.44 7.44 7.44 7.44 7.44 7.44 7.44 7.44 7.51 7.51 7.51 7.51 7.13 7.13 7.13 7.13 7.22 7.22 7.22 7.22 7.20 13.37 7.20 7.20 7.00 7.00 12.98 7.00
3.44 10.09 10.09 10.13 5.75 5.75 5.75 5.75 5.80 5.80 5.80 5.80 6.11 10.92 6.11 6.11 6.27 6.27 6.27 3.10 6.49 6.15 6.15 6.15 6.13 6.13 6.13 6.13 6.18 6.18 6.18 6.18 6.18 3.05 6.18 6.18 5.97 5.97 5.97 5.97 5.82 5.82 5.82 5.82 10.11 5.71 5.71 5.71 5.69 5.69 5.69 5.69 5.71 5.71 5.71 7.36 7.44 7.44 13.81 7.44 7.44 7.44 7.44 7.44 7.51 7.51 7.51 7.51 7.13 7.13 7.13 7.13 7.22 7.22 7.22 19.80 7.20 7.20 13.37 7.20 7.00 7.00 7.00 7.00
5.66 5.66 5.66 5.66 5.72 5.72 5.72 5.72 5.89 5.89 5.89 5.89 6.20 6.20 6.20 6.20 6.33 6.33 6.33 3.13 3.07 6.23 11.08 6.23 6.24 6.24 6.24 6.24 6.25 6.25 3.82 3.08 3.03 8.71 6.16 6.16 5.92 5.92 5.92 5.92 5.79 5.79 5.79 5.79 10.08 5.69 5.69 5.69 5.76 5.76 5.76 5.76 5.77 5.77 5.77 5.77 7.50 7.50 7.50 7.50 7.55 7.55 7.55 7.55 7.60 7.60 7.60 7.60 7.17 7.17 7.17 7.17 7.23 7.23 7.23 13.42 7.16 7.16 7.16 7.16 6.94 6.94 6.94 6.94
6.65 5.66 5.66 5.66 5.72 5.72 5.72 5.72 10.45 5.89 5.89 5.89 6.20 6.20 6.20 6.20 6.33 3.87 3.13 3.13 5.04 6.23 6.23 6.23 6.24 6.24 2.13 6.24 6.25 6.25 3.08 3.08 4.94 6.16 6.16 6.16 5.92 5.92 5.92 5.92 5.79 5.79 5.79 5.79 5.69 5.69 5.69 5.69 5.76 5.76 5.76 5.76 5.77 5.77 5.77 5.77 5.84 5.84 7.50 7.50 7.55 7.55 7.55 7.55 7.60 7.60 7.60 7.60 7.17 7.17 7.17 7.17 7.23 7.23 7.23 7.23 7.16 7.16 7.16 7.16 6.94 6.94 6.94 6.94
6.65 5.66 5.66 5.66 5.72 5.72 5.72 5.72 5.89 5.89 5.89 5.89 6.20 6.20 6.20 6.20 6.33 6.33 3.13 3.13 3.07 6.23 6.23 6.23 6.24 2.13 3.08 3.08 2.13 2.13 2.13 3.08 3.76 6.16 10.95 6.16 5.92 5.92 10.50 5.92 5.79 5.79 10.27 5.79 5.69 5.69 5.69 5.69 5.76 5.76 5.76 5.76 5.77 5.77 5.77 5.77 5.84 11.23 5.84 7.50 7.55 7.55 7.55 7.55 7.60 7.60 7.60 7.60 7.17 7.17 7.17 7.17 7.23 7.23 7.23 7.23 7.16 7.16 7.16 7.16 6.94 6.94 6.94 6.94
6.65 5.66 5.66 5.66 5.72 5.72 5.72 5.72 5.89 5.89 5.89 5.89 6.20 6.20 6.20 6.20 6.33 6.33 3.13 3.13 3.07 3.07 6.23 6.23 6.24 3.08 3.08 3.08 2.13 2.13 3.31 6.25 6.16 6.16 6.16 6.16 5.92 5.92 5.92 5.92 5.79 5.79 10.27 10.19 5.69 5.69 5.69 5.69 5.76 5.76 5.76 5.76 5.77 5.77 5.77 5.77 5.84 5.84 5.84 5.84 5.88 7.55 7.55 7.55 7.60 7.60 7.60 7.60 7.17 7.17 7.17 7.17 7.23 7.23 7.23 13.36 7.16 7.16 7.16 7.16 6.94 19.01 6.94 6.94
6.58 6.58 5.59 5.59 5.74 5.74 5.74 5.74 6.05 6.05 6.05 6.05 6.28 6.28 6.28 6.28 6.35 6.35 3.14 3.14 3.10 3.10 6.28 6.28 3.10 3.10 6.27 2.14 2.10 9.92 10.96 6.17 6.01 6.01 6.01 6.01 5.86 5.86 5.86 5.86 5.76 5.76 5.76 5.76 5.73 5.73 5.73 5.73 5.83 5.83 5.83 5.83 5.79 5.79 5.79 5.79 5.88 5.88 5.88 5.88 5.96 5.96 7.64 7.64 7.69 7.69 7.69 7.69 7.26 7.26 7.26 7.26 7.29 7.29 4.25 7.35 7.15 4.15 4.15 7.15 6.90 6.90 6.90 6.90
6.58 9.38 5.59 5.59 5.74 5.74 5.74 5.74 6.05 6.05 6.05 6.05 6.28 6.28 6.28 6.28 6.35 6.35 3.14 3.14 3.10 3.10 3.10 3.10 3.10 6.27 11.15 2.14 3.03 6.17 6.17 14.78 6.01 6.01 6.01 6.01 5.86 5.86 5.86 5.86 5.76 5.76 5.76 5.76 5.73 5.73 5.73 5.73 5.83 5.83 5.83 5.83 5.79 5.79 5.79 5.79 5.88 5.88 5.88 5.88 5.96 5.96 3.62 5.96 7.69 7.69 7.69 7.69 7.26 7.26 4.98 4.23 4.25 4.32 4.25 4.29 4.15 4.15 4.15 4.15 6.90 6.90 6.90 6.90
7.54 7.54 6.51 6.51 6.28 6.28 6.28 6.28 6.62 6.62 6.62 6.62 6.86 6.86 6.86 6.86 6.94 6.94 3.49 3.49 3.05 7.14 6.20 6.20 3.78 6.19 3.78 4.23 2.99 6.08 6.08 6.08 10.51 5.93 5.93 5.93 5.33 5.33 5.33 5.33 9.24 5.24 5.24 5.24 5.21 5.21 5.21 5.21 5.30 5.30 5.30 5.30 4.90 4.90 4.90 4.90 4.98 4.98 4.98 4.98 2.99 3.13 5.05 5.05 5.08 6.62 6.62 4.49 6.09 6.09 3.52 3.52 3.52 3.06 3.47 8.70 3.38 3.38 3.38 3.38 5.77 5.77 5.77 5.77
7.54 14.63 7.54 6.51 6.28 6.28 6.28 6.28 6.62 6.62 6.62 6.62 6.86 6.86 6.86 6.86 6.94 3.49 3.49 3.49 3.05 6.20 6.20 6.20 6.19 11.00 3.05 3.05 6.08 6.08 6.08 6.08 5.93 5.93 5.93 5.93 5.33 5.33 5.33 5.33 5.24 9.24 5.24 5.24 5.21 5.21 5.21 5.21 5.30 5.30 5.30 5.30 4.90 2.89 4.90 4.90 4.98 4.98 4.98 4.98 7.46 5.05 5.05 3.13 5.08 5.08 4.49 6.62 3.44 6.09 2.60 3.46 3.47 8.43 3.46 3.46 5.99 5.99 5.99 5.99 5.77 5.77 5.77 5.77
21.15 7.44 7.44 6.40 6.42 6.42 6.42 6.42 6.80 6.80 6.80 6.80 6.92 6.92 6.92 6.92 6.96 3.50 3.50 3.50 3.05 6.19 6.19 3.78 6.13 6.13 6.13 6.13 5.97 5.97 5.97 5.97 3.56 5.88 5.88 5.88 5.32 5.32 5.32 9.34 5.24 5.24 5.24 5.24 5.27 5.27 5.27 5.27 5.34 5.34 5.34 5.34 4.94 4.94 4.94 4.94 4.99 4.99 4.99 4.99 5.05 5.05 5.05 3.06 3.13 5.09 5.09 5.17 3.48 2.56 3.52 3.48 6.06 3.44 3.41 6.04 5.87 5.87 5.87 10.74 5.75 5.75 5.75 5.75
7.44 14.42 7.44 7.44 6.42 6.42 6.42 6.42 6.80 6.80 6.80 6.80 6.92 6.92 6.92 6.92 6.96 3.50 3.50 3.50 3.05 6.19 6.19 6.19 3.74 6.13 6.13 6.13 5.97 5.97 5.97 5.97 5.88 5.88 5.88 5.88 14.14 5.32 5.32 5.32 5.24 5.24 5.24 5.24 5.27 5.27 5.27 5.27 5.34 5.34 5.34 5.34 4.94 4.94 4.94 4.94 4.99 4.99 4.99 4.99 5.05 5.05 2.39 2.99 3.13 3.02 5.09 5.17 1.47 3.44 3.44 3.48 2.73 3.44 3.41 6.04 5.87 5.87 5.87 5.87 5.75 5.75 5.75 5.75
7.44 7.44 7.44 7.44 6.42 6.42 6.42 6.42 6.80 6.80 6.80 6.80 6.92 6.92 6.92 6.92 6.96 3.50 3.50 3.50 3.05 6.19 6.19 6.19 3.74 6.13 10.89 6.13 5.97 5.97 10.59 5.97 5.88 5.88 5.88 5.88 9.81 5.32 5.32 5.32 9.25 5.24 5.24 5.24 5.27 5.27 5.27 5.27 5.34 5.34 5.34 5.34 4.94 4.94 4.94 4.94 4.99 4.99 4.99 4.99 5.05 5.05 2.99 1.66 1.64 3.02 3.02 5.09 2.18 4.62 2.57 3.92 2.73 11.17 6.04 6.04 5.87 5.87 5.87 5.87 5.75 5.75 5.75 5.75
7.44 7.44 7.44 7.44 6.42 6.42 6.42 6.42 6.80 6.80 6.80 6.80 6.92 6.92 6.92 6.92 6.96 3.50 3.50 3.50 6.19 6.19 6.19 6.19 10.89 3.01 10.89 6.13 5.97 5.97 10.59 5.97 5.88 5.88 5.88 5.88 18.60 5.32 5.32 5.32 5.24 5.24 5.24 5.24 5.27 5.27 5.27 5.27 5.34 3.20 5.34 5.34 4.94 4.94 4.94 4.94 4.99 4.99 4.99 4.99 5.05 5.05 5.05 3.83 2.52 5.09 5.09 5.09 2.15 4.65 2.57 2.57 6.08 3.41 6.13 6.04 5.87 5.87 5.87 5.87 5.75 5.75 5.75 5.75
14.46 7.47 7.47 7.47 7.66 6.63 6.63 6.63 6.93 6.93 6.93 6.93 6.98 6.98 6.98 6.98 6.96 3.51 3.51 6.96 6.17 6.17 6.17 10.97 8.62 3.00 3.00 6.10 5.94 5.94 5.94 5.94 5.86 5.86 5.86 15.19 5.32 5.32 5.32 5.32 5.31 5.31 5.31 5.31 5.32 5.32 5.32 3.18 5.34 3.46 5.34 5.34 4.97 4.97 4.97 4.97 5.00 5.00 5.00 5.00 5.01 8.82 5.01 2.37 1.64 4.09 2.45 5.16 4.65 4.61 2.57 2.57 7.48 2.13 3.43 5.94 5.84 5.84 5.84 5.84 5.82 5.82 5.82 5.82
7.47 7.47 7.47 7.47 7.66 6.63 6.63 6.63 6.93 6.93 6.93 6.93 6.98 6.98 6.98 3.52 3.51 3.51 6.96 6.96 6.17 6.17 3.76 3.76 6.10 3.00 6.21 10.71 5.94 5.94 5.94 5.94 5.86 5.86 5.86 5.86 5.32 5.32 5.32 5.32 5.31 5.31 5.31 5.31 5.32 5.32 5.32 3.18 3.33 3.19 5.34 5.34 4.97 4.97 5.93 4.97 5.00 5.00 5.00 5.00 5.01 5.01 5.01 2.37 1.64 2.90 2.90 1.81 1.58 2.13 2.57 2.57 3.92 2.13 2.13 3.35 3.28 5.84 5.84 3.28 3.27 3.27 5.82 4.62
7.47 7.47 7.47 7.47 7.66 7.66 6.63 6.63 6.93 6.93 6.93 6.93 3.52 4.81 3.52 2.46 3.51 3.51 6.96 6.96 6.17 3.76 3.76 6.24 6.21 3.00 3.00 6.10 2.90 2.90 5.94 5.94 5.86 5.86 5.86 5.86 5.32 5.32 5.32 5.32 5.31 5.31 5.31 5.31 5.32 5.32 5.32 3.18 5.34 5.34 5.34 5.34 4.97 4.97 4.97 4.97 5.00 5.00 2.96 5.00 5.01 5.01 2.37 1.65 1.64 2.90 4.72 2.90 2.57 2.57 2.57 2.57 2.57 2.13 2.57 1.01 1.01 5.65 0.39 0.74 0.74 0.74 3.50 2.29
7.47 7.47 7.47 7.47 7.66 7.66 6.63 6.63 6.93 6.93 6.93 6.93 3.52 2.48 2.48 3.56 3.51 6.96 6.96 6.96 7.81 7.81 11.19 6.24 6.21 6.10 3.00 3.00 2.08 2.90 2.90 5.94 5.86 5.86 5.86 6.08 2.66 5.53 5.32 5.32 5.31 5.31 5.31 5.31 5.32 5.32 5.32 7.89 5.34 5.34 5.34 5.34 4.97 4.97 8.75 4.97 5.00 5.00 5.00 5.00 5.01 5.01 2.37 1.60 3.04 2.90 2.90 2.90 2.13 2.57 2.57 2.57 2.57 2.57 2.25 2.25 2.25 2.25 2.57 2.32 2.57 1.01 2.25 1.01
7.62 7.62 7.62 7.62 7.89 7.89 6.76 6.76 6.96 6.96 6.96 6.96 3.52 3.54 3.56 2.49 6.95 6.95 6.95 6.95 3.76 3.87 3.01 6.24 2.28 3.06 3.02 3.00 4.22 4.67 6.17 10.41 5.76 5.76 5.76 5.76 9.75 8.93 5.35 5.35 5.41 5.41 5.41 5.41 5.34 5.34 5.34 5.34 5.33 5.33 5.33 5.33 4.98 4.98 2.35 4.98 5.03 2.98 2.98 3.06 3.04 2.96 2.36 1.60 1.65 2.90 2.90 2.90 2.13 2.13 2.57 2.57 2.57 1.01 1.01 2.25 1.01 1.01 5.93 0.00 5.93 1.01 2.25 2.25
7.62 7.62 7.62 7.62 7.89 7.89 7.89 6.76 6.96 6.96 6.96 6.96 3.52 3.54 3.52 6.99 6.95 6.95 6.95 6.95 3.76 6.24 6.42 3.01 2.07 1.87 3.12 3.00 2.86 6.13 2.86 5.88 5.76 5.76 5.76 5.76 5.35 5.74 5.62 9.50 5.41 5.41 5.41 5.41 5.34 5.34 5.34 5.34 5.33 3.19 5.33 5.33 4.98 4.98 2.38 1.62 2.50 2.98 3.06 3.13 6.59 9.14 2.96 1.60 1.61 2.41 2.90 2.90 2.57 4.38 4.38 4.38 1.01 2.25 1.01 1.01 1.01 0.81 5.93 0.00 0.00 0.00 2.57 2.33
