New_Model_Runs/15_Future_RCP8.5_Scn2_out/post_prcessed_with_MFR/Monthly_summaries/runoff_monthly_JUL.asc
NCOLS 700
NROWS 400
XLLCENTER 515000.000000
YLLCENTER 8409000.000000
CELLSIZE 50.000000
NODATA_value -999.000000
[rows 190 to 227 of 400, columns 84 to 167 of 700]
0.00 0.00 0.00 0.00 0.00 0.00 0.00 0.00 0.00 0.00 0.00 0.00 0.00 0.00 0.00 0.00 0.00 0.00 0.00 0.00 0.00 0.00 0.00 0.00 0.00 0.11 0.11 0.11 0.33 0.33 0.33 0.33 0.33 0.33 0.33 0.33 0.32 0.50 0.50 0.32 0.32 0.32 0.32 0.32 0.39 0.39 0.39 0.39 0.39 0.78 0.62 0.39 0.39 0.39 0.39 0.39 0.39 0.39 0.39 0.39 0.42 0.42 0.42 0.42 0.41 0.41 0.41 0.41 0.42 0.42 0.42 0.42 0.18 0.42 0.42 0.68 0.45 0.45 0.45 0.45 0.20 0.20 0.20 0.20
0.00 0.00 0.00 0.00 0.00 0.00 0.00 0.00 0.00 0.00 0.00 0.00 0.00 0.00 0.00 0.00 0.00 0.00 0.00 0.00 0.00 0.00 0.00 0.00 0.00 0.11 0.11 0.02 0.15 0.33 0.33 0.33 0.33 0.33 0.33 0.51 0.32 0.32 0.32 0.32 0.32 0.32 0.32 0.32 0.39 0.39 0.39 0.39 0.39 0.39 0.62 0.39 0.39 0.62 0.39 0.39 0.39 0.61 0.39 0.39 0.42 0.66 0.42 0.42 0.41 0.41 0.41 0.41 0.42 0.42 0.42 0.42 0.42 0.42 0.42 0.42 0.45 0.45 0.45 0.45 0.20 0.20 0.20 0.20
0.00 0.00 0.00 0.00 0.00 0.00 0.00 0.00 0.00 0.00 0.00 0.00 0.00 0.00 0.00 0.00 0.00 0.00 0.00 0.00 0.00 0.00 0.00 0.00 0.00 0.00 0.02 0.00 0.28 0.15 0.26 0.34 0.33 0.33 0.14 0.33 0.50 0.32 0.32 0.32 0.32 0.32 0.32 0.50 0.39 0.39 0.39 0.39 0.88 0.39 0.39 0.39 0.39 0.39 0.39 0.39 0.38 0.38 0.60 0.38 0.41 0.41 0.41 0.41 0.41 0.41 0.41 0.41 0.42 0.42 0.42 0.80 0.42 0.42 0.42 0.42 0.47 0.47 0.47 0.47 0.65 0.20 0.20 0.11
0.00 0.00 0.00 0.00 0.00 0.00 0.00 0.00 0.00 0.00 0.00 0.00 0.00 0.00 0.00 0.00 0.00 0.00 0.00 0.00 0.00 0.00 0.00 0.00 0.00 0.00 0.08 0.11 0.15 0.15 0.53 0.34 0.33 0.33 0.33 0.33 0.32 0.32 0.32 0.32 0.32 0.32 0.32 0.32 0.39 0.39 0.39 0.39 0.39 0.78 0.39 0.39 0.39 0.39 0.39 0.39 0.38 0.38 0.38 0.38 0.41 0.41 0.41 0.41 0.41 0.41 0.41 0.41 0.42 0.42 0.42 0.18 0.42 0.84 0.42 0.42 0.47 0.47 0.47 0.47 0.65 0.65 0.65 0.20
0.00 0.00 0.00 0.00 0.00 0.00 0.00 0.00 0.00 0.00 0.00 0.00 0.00 0.00 0.00 0.00 0.00 0.00 0.00 0.00 0.00 0.00 0.00 0.00 0.00 0.00 0.08 0.46 0.72 0.72 0.72 1.14 1.12 0.71 0.71 0.71 0.69 0.69 0.69 1.09 0.69 0.69 0.69 0.69 0.84 0.84 0.84 0.84 0.85 0.85 0.85 0.85 0.84 0.84 0.84 0.84 0.83 0.83 0.83 1.33 0.91 0.91 0.91 2.75 0.91 0.91 0.91 0.91 1.47 1.91 0.92 0.92 0.92 0.92 0.92 0.92 1.03 1.03 1.03 1.03 1.06 1.06 1.06 1.06
0.00 0.00 0.00 0.00 0.00 0.00 0.00 0.00 0.00 0.00 0.00 0.00 0.00 0.00 0.00 0.00 0.00 0.00 0.00 0.00 0.00 0.00 6.52 0.00 0.00 0.25 0.20 0.46 0.72 0.72 0.72 0.72 0.71 0.71 0.71 0.71 0.69 0.69 0.69 0.69 0.69 1.09 0.69 0.69 0.84 0.84 0.84 0.84 0.85 0.85 0.85 0.85 0.84 0.84 0.84 0.84 0.83 0.83 1.07 0.83 0.91 0.91 0.91 0.91 0.91 0.91 0.91 0.91 0.92 0.92 0.92 0.92 0.92 0.92 0.92 0.92 1.03 1.03 1.03 1.03 1.06 1.06 1.06 1.06
0.00 0.00 0.00 0.00 0.00 0.00 0.00 0.00 0.00 0.00 0.00 0.00 0.00 0.00 0.00 0.00 0.00 0.00 0.00 0.00 0.00 0.43 0.56 0.14 0.14 0.16 0.28 0.44 0.72 0.72 0.72 0.72 0.71 0.71 1.40 1.12 0.70 0.70 0.70 0.70 0.69 0.69 0.69 0.69 0.84 0.84 0.84 0.84 0.84 0.84 0.84 0.84 0.83 0.83 0.83 0.83 1.31 0.82 0.38 0.73 0.91 0.91 0.91 0.91 0.91 0.91 0.91 0.91 0.92 0.92 0.92 0.92 0.96 0.96 0.96 0.96 1.06 1.06 1.06 1.06 1.07 1.07 1.07 2.51
0.00 0.00 0.00 0.00 0.00 0.00 0.00 0.00 0.00 0.00 0.00 0.00 0.00 0.00 0.00 0.00 0.00 0.00 0.00 0.00 0.43 0.69 0.19 0.14 0.15 0.18 0.12 0.45 0.72 0.72 0.72 0.72 0.71 0.71 0.71 1.12 0.70 1.55 0.70 0.70 0.69 0.69 0.69 0.69 0.84 1.34 0.84 0.84 0.84 0.84 0.84 0.84 0.83 0.83 0.83 0.83 0.82 0.82 0.82 0.82 0.91 0.91 0.91 0.91 0.91 0.91 0.91 0.91 0.92 0.92 0.92 0.92 0.96 0.96 0.96 0.96 1.06 1.06 1.06 1.06 1.07 1.77 1.07 1.07
0.00 0.00 0.00 0.00 0.00 0.00 0.00 0.00 0.00 0.00 0.00 0.00 0.00 0.00 0.00 0.00 0.00 0.00 0.00 0.43 0.43 0.43 0.43 0.09 0.09 0.17 0.15 0.14 0.24 0.72 0.72 0.72 0.71 0.71 0.71 0.71 0.70 0.70 0.70 0.70 0.69 0.69 0.69 0.69 0.84 0.84 0.84 0.84 1.34 0.84 0.84 0.84 0.83 0.83 0.83 0.83 1.31 0.82 0.82 0.82 0.91 0.91 0.91 0.91 2.11 0.91 0.91 0.91 0.92 0.92 0.92 0.92 0.96 0.96 0.96 0.96 1.06 1.06 1.06 0.51 1.07 1.07 1.07 1.07
0.00 0.00 1.31 0.00 0.00 0.00 0.00 0.00 0.00 0.00 0.00 0.00 0.00 0.00 1.56 6.52 0.00 1.02 0.43 0.43 0.19 0.43 0.43 0.14 0.08 0.14 0.14 0.21 0.23 0.23 0.23 0.23 0.23 0.71 0.71 0.71 0.70 0.70 0.70 0.70 0.69 0.69 0.69 0.69 0.84 0.84 0.84 1.33 0.84 0.84 0.84 0.84 0.83 0.83 0.83 0.83 1.31 0.82 0.82 0.82 0.91 0.91 0.91 1.46 0.91 0.91 0.91 1.47 1.48 0.92 0.92 0.92 0.96 0.96 0.96 0.96 1.06 1.06 0.51 1.06 1.07 1.07 1.07 1.07
0.00 0.74 0.74 0.74 5.92 0.00 0.00 0.00 0.00 0.00 0.00 0.00 0.00 0.00 1.56 0.96 0.94 1.39 1.39 0.68 0.43 0.19 0.43 0.14 0.24 0.14 0.14 0.19 0.23 0.31 0.23 0.30 0.23 1.58 1.12 0.71 0.71 0.71 0.71 0.71 0.70 0.70 0.70 0.70 0.83 0.83 0.83 0.83 1.86 0.82 0.82 1.64 0.82 0.82 0.82 1.84 0.82 0.82 0.82 0.82 0.92 0.92 0.92 2.13 0.92 0.92 0.92 1.58 1.52 0.94 0.94 0.94 0.99 0.99 0.99 0.99 1.07 0.51 2.15 1.07 1.06 1.75 1.75 1.06
0.00 5.92 0.74 0.74 0.76 0.00 0.00 0.00 0.00 0.00 0.00 0.00 0.00 0.00 0.96 0.38 0.94 0.94 0.94 0.94 0.60 0.94 0.94 0.14 0.14 0.14 0.14 0.14 0.23 0.23 0.72 0.72 1.12 0.71 0.71 0.71 0.71 0.71 1.40 1.11 0.70 0.70 0.70 0.70 0.83 0.83 0.83 0.83 0.82 0.82 0.82 0.99 0.27 0.99 0.82 0.82 0.82 0.82 0.82 0.82 1.48 1.48 0.92 0.92 0.92 1.48 1.48 1.49 0.94 0.94 0.94 0.94 0.99 0.99 0.99 0.99 1.07 1.78 1.07 1.07 1.06 1.06 1.06 1.06
0.00 6.66 0.74 0.74 0.76 0.76 0.00 0.00 0.00 0.00 0.00 0.00 0.00 0.96 0.96 0.96 0.94 0.37 0.94 1.44 0.94 0.94 0.94 0.24 0.24 0.43 0.24 0.14 0.23 0.23 0.72 0.72 0.71 0.71 0.71 0.71 0.71 0.71 0.71 0.71 0.70 1.11 0.70 0.70 0.83 0.83 0.83 0.28 0.27 0.27 0.27 0.36 0.27 0.27 0.82 0.82 0.82 0.82 0.82 0.82 1.42 0.92 0.92 0.92 1.48 0.92 0.92 0.43 0.94 0.94 0.94 0.94 0.99 0.99 0.99 0.99 0.51 1.07 1.07 1.07 1.06 1.06 1.06 1.06
0.74 1.06 1.06 0.74 0.76 1.09 0.00 0.00 0.00 0.00 0.00 0.00 0.00 0.00 0.96 1.40 0.94 0.37 0.94 1.39 1.88 0.94 0.94 0.94 0.24 0.95 0.95 0.95 0.32 0.32 0.72 0.72 0.71 0.71 0.71 0.71 0.71 0.71 0.71 1.11 0.70 0.70 0.70 0.70 0.83 0.83 0.83 0.83 0.27 0.27 0.27 0.27 0.27 0.27 0.82 0.82 0.82 0.82 0.82 0.82 0.92 0.92 0.92 0.92 0.92 0.92 0.92 0.92 0.94 0.94 0.94 0.94 0.99 0.99 0.99 0.47 1.07 1.07 1.07 1.07 1.06 1.06 1.06 1.74
0.73 0.73 0.73 0.73 0.75 0.75 0.75 0.00 0.00 0.00 0.00 0.00 0.00 0.00 0.97 0.97 1.12 0.95 0.95 0.95 0.93 1.37 0.93 0.93 1.37 0.93 0.93 0.93 1.14 1.14 1.14 1.14 1.14 1.14 0.70 0.70 0.70 0.70 0.70 0.70 0.70 0.70 1.11 0.70 0.82 0.82 0.82 0.82 0.81 0.27 0.27 0.36 0.27 0.27 0.99 0.82 1.90 0.83 0.83 0.83 0.93 0.93 0.93 0.93 2.81 1.49 0.93 0.93 0.96 0.96 0.96 0.96 1.00 1.00 1.00 1.65 1.07 1.07 1.07 1.07 1.04 1.04 1.04 1.04
0.73 0.73 0.73 0.73 0.75 0.75 0.75 0.75 0.00 0.00 0.00 0.00 0.00 0.00 0.25 0.97 0.95 0.95 0.95 0.95 0.93 0.93 0.93 0.93 0.93 0.93 0.93 0.93 1.14 1.14 1.14 1.14 1.14 1.14 1.14 1.14 1.15 0.70 0.70 0.70 0.70 0.70 0.70 0.70 1.32 0.82 0.82 0.82 0.81 0.27 0.27 0.27 0.27 0.27 0.27 0.82 0.83 0.83 0.83 0.83 0.93 0.93 0.93 0.93 0.93 0.93 0.93 0.93 0.96 0.96 0.96 0.96 1.00 1.00 1.65 0.47 1.07 1.78 1.07 2.25 1.73 1.04 1.04 1.04
0.73 0.73 0.73 0.73 0.75 0.75 0.75 0.75 0.43 0.00 0.00 0.00 0.00 6.52 0.25 0.25 1.39 0.95 0.95 1.39 0.93 0.93 0.93 0.93 0.93 0.93 0.93 1.37 1.14 1.14 1.71 1.14 1.14 1.14 1.14 1.14 1.15 1.15 1.15 1.15 1.14 0.70 0.70 0.70 0.82 0.82 0.82 0.82 0.27 0.27 0.27 0.27 0.27 0.27 0.27 0.27 0.83 0.83 0.83 1.90 0.93 0.93 0.46 2.14 0.93 0.93 0.93 0.93 0.96 0.96 0.96 0.96 1.65 1.00 1.00 1.00 0.97 1.07 1.07 1.07 1.04 1.04 1.04 1.04
0.73 0.73 0.73 0.73 0.75 0.75 0.75 0.75 0.31 0.07 0.20 0.09 0.28 0.27 0.25 0.25 0.24 0.66 0.95 0.95 0.93 0.93 0.93 0.93 0.93 0.93 0.93 0.93 1.14 1.14 1.14 1.14 1.14 1.14 1.14 1.14 1.15 1.72 1.15 1.15 1.14 1.14 1.14 1.14 0.82 0.82 0.82 0.27 0.27 0.27 0.27 0.27 0.27 0.27 0.27 0.27 0.83 0.83 0.83 0.83 0.93 0.93 1.93 0.93 0.93 0.93 0.93 0.93 0.96 0.96 0.96 2.24 1.00 0.47 0.47 0.47 0.97 1.07 1.78 1.76 0.94 1.73 1.04 0.50
0.73 0.73 0.73 0.73 0.74 0.74 0.74 0.74 0.29 0.29 0.07 0.19 0.18 0.69 0.31 0.25 0.11 0.38 0.96 0.96 0.94 0.94 0.94 0.94 0.93 0.93 0.93 0.93 1.13 1.13 1.13 1.13 1.14 1.14 1.14 1.14 1.14 1.14 1.71 1.14 1.13 1.13 1.13 1.13 1.33 0.39 0.39 0.39 0.27 0.27 0.27 0.27 0.28 0.28 0.28 0.28 0.28 0.28 0.84 0.84 0.93 1.49 1.25 0.43 0.94 0.94 0.94 0.94 0.97 0.97 1.60 0.97 1.00 1.00 0.47 0.47 0.97 1.07 1.07 1.07 1.04 1.04 1.04 1.04
0.73 0.73 0.73 0.73 0.74 0.74 1.23 0.74 0.29 1.47 0.29 0.18 0.13 0.10 0.26 0.25 0.11 0.11 0.96 0.96 0.94 0.94 0.94 0.94 0.93 0.93 0.93 0.93 1.13 1.13 1.13 1.13 1.14 1.14 1.14 1.14 1.90 1.14 1.14 1.14 1.13 1.13 1.13 1.88 0.97 0.51 0.39 0.39 1.34 1.34 1.34 0.83 0.28 0.28 0.28 0.28 0.28 0.41 0.41 0.84 0.93 0.32 0.48 0.93 0.94 0.94 0.94 0.94 0.97 0.97 1.81 0.97 1.00 1.00 1.00 1.00 1.07 1.07 1.07 1.07 1.04 1.04 2.27 1.04
1.08 1.08 1.44 1.45 1.10 1.10 1.10 1.10 0.47 1.71 0.79 1.15 1.37 1.37 0.42 0.40 0.39 0.39 0.39 0.86 1.33 1.33 1.33 1.33 1.32 1.32 1.32 1.32 1.51 1.51 1.51 1.51 1.51 1.51 1.51 1.51 1.51 1.51 1.51 1.51 2.32 1.50 1.50 1.50 1.73 0.55 0.55 1.73 1.75 1.75 1.75 1.75 1.76 1.76 1.76 0.38 0.38 0.38 0.38 1.09 1.61 0.45 0.45 1.25 1.27 1.27 1.27 1.27 3.75 1.35 1.35 1.35 1.85 1.85 1.85 1.85 1.17 1.19 1.17 2.04 1.99 1.99 1.99 1.99
1.08 1.08 1.08 1.08 1.10 1.10 1.10 1.10 1.15 1.15 1.15 1.15 1.37 1.37 1.37 0.40 0.40 0.22 0.39 0.20 0.39 0.39 1.33 1.33 1.32 1.32 1.32 1.32 1.51 1.51 1.51 1.51 1.51 1.51 1.51 1.51 1.51 1.51 1.51 1.51 1.50 1.50 1.50 1.50 1.73 1.73 1.73 1.73 1.75 1.75 1.75 1.75 1.76 3.91 1.76 0.71 0.56 0.56 0.56 0.38 0.45 0.45 0.45 1.25 1.27 1.27 1.27 1.27 1.35 2.78 1.35 1.35 1.85 1.85 1.85 1.85 2.04 2.04 2.04 2.04 1.99 1.99 3.52 1.99
1.10 0.45 1.10 1.10 1.09 1.09 1.09 1.09 0.46 1.11 1.71 1.11 0.58 2.07 0.58 1.35 0.41 0.20 0.19 0.40 0.40 0.40 0.40 0.40 1.35 1.35 1.35 1.35 1.55 1.55 1.55 1.55 1.55 1.55 1.55 1.55 1.53 1.53 1.53 1.53 1.51 1.51 1.51 1.51 1.78 1.78 1.78 1.78 1.80 1.80 2.84 1.80 2.84 1.80 1.80 0.57 0.57 0.57 0.57 0.57 0.67 0.67 1.26 1.26 1.27 1.27 1.27 1.27 2.77 1.35 1.35 1.35 1.83 1.83 1.83 1.83 2.02 2.02 2.02 2.02 1.97 1.97 1.97 1.97
1.10 1.10 1.10 1.10 1.09 1.09 1.09 1.09 1.66 1.11 1.11 1.11 1.35 1.35 1.02 0.59 0.60 0.41 0.42 0.74 0.40 0.40 0.40 0.40 1.35 1.35 1.35 1.35 1.55 1.55 1.55 1.55 1.55 1.55 1.55 1.55 1.53 1.53 1.53 1.53 1.51 1.51 1.51 1.51 1.78 1.78 1.78 1.78 1.80 1.80 1.80 1.80 1.80 1.80 1.80 0.57 1.78 1.78 1.78 1.78 0.67 0.67 2.02 2.02 2.05 2.05 1.51 1.27 1.35 1.35 1.35 1.35 1.83 1.83 1.03 2.65 2.02 2.02 3.58 3.58 1.97 1.97 1.97 3.46
1.10 1.10 1.10 2.26 1.09 1.09 1.09 1.09 1.66 1.11 1.11 1.11 1.35 1.35 1.35 0.58 0.78 1.37 1.37 1.37 1.36 0.41 0.40 0.72 1.35 1.35 1.35 1.35 1.55 1.55 1.55 1.55 1.55 1.55 1.55 1.55 1.53 1.53 1.53 1.53 1.51 1.51 1.51 1.51 1.78 1.78 1.78 1.78 1.80 1.80 1.80 1.80 2.84 1.80 1.80 1.80 1.78 1.78 1.78 1.78 0.67 0.67 0.67 2.02 2.05 3.27 2.05 2.05 2.09 1.35 1.35 1.35 1.83 1.83 1.83 1.83 2.02 2.02 2.02 2.02 1.97 1.97 1.97 3.46
1.10 1.10 1.10 1.10 1.93 1.63 1.09 1.09 1.11 1.11 1.11 1.11 1.35 1.35 0.58 1.35 1.37 0.59 1.37 1.37 1.41 1.41 0.58 1.36 1.35 2.07 1.35 1.35 1.55 1.55 1.55 1.55 1.55 1.55 1.55 1.55 1.53 1.53 1.53 1.53 1.51 1.51 1.51 1.51 1.78 1.78 1.78 1.78 1.80 1.80 1.80 1.80 2.84 1.45 2.84 1.80 1.78 1.78 2.80 2.16 0.67 0.67 0.67 2.02 2.05 2.05 2.05 3.26 2.09 2.09 2.09 2.09 2.15 1.83 1.83 1.83 2.02 2.02 2.02 2.02 3.48 1.97 1.97 1.97
1.13 1.13 1.13 1.13 1.11 1.66 1.11 1.11 1.10 1.10 1.10 1.10 1.33 1.33 1.33 2.03 1.36 1.36 1.36 0.58 1.36 1.36 1.36 0.58 1.35 1.35 1.35 1.35 1.56 1.56 1.56 1.56 1.57 1.57 1.57 1.57 1.55 1.55 1.55 1.55 1.54 1.54 1.54 1.54 1.82 1.82 1.82 1.82 1.83 1.83 1.83 1.83 1.82 1.82 1.82 1.82 1.79 1.79 1.79 1.79 0.67 0.67 0.67 0.86 2.43 2.03 2.03 2.03 3.28 2.06 2.06 2.06 2.08 2.08 2.08 3.33 1.96 1.96 1.96 1.96 1.94 1.94 1.11 1.94
1.13 1.13 1.13 1.13 1.11 1.11 1.11 1.11 1.10 1.10 1.64 1.10 1.33 1.33 2.03 1.33 1.36 1.36 1.36 0.58 1.36 0.58 1.36 0.58 1.35 2.06 1.35 1.35 1.56 1.56 1.56 1.56 1.57 1.57 1.57 1.57 1.55 1.55 1.55 1.55 1.54 1.54 1.54 1.54 1.82 1.82 1.82 1.82 1.83 1.83 1.83 1.83 1.82 1.82 1.82 1.82 1.79 1.79 1.79 1.79 0.67 0.67 0.67 0.67 0.36 2.03 2.03 2.03 3.28 2.06 3.29 2.06 3.32 2.08 2.08 2.08 2.31 2.31 2.31 2.31 1.94 1.94 1.94 1.94
2.33 1.13 1.13 1.13 1.11 1.11 1.11 1.11 1.10 1.10 1.10 1.10 1.90 1.33 1.33 2.03 1.36 1.36 1.36 1.36 1.36 2.07 1.36 1.36 1.35 1.35 1.35 1.35 1.56 1.56 1.56 1.56 2.45 4.02 3.43 2.45 1.55 2.41 1.55 1.55 2.39 1.54 1.54 1.54 1.82 1.82 1.82 1.82 1.83 1.83 1.83 1.83 1.82 1.82 1.82 2.87 1.79 1.79 1.79 0.75 0.67 0.67 0.67 0.67 0.67 0.67 0.67 2.03 2.06 2.06 2.06 2.06 2.08 2.08 2.08 2.08 2.31 2.31 2.31 2.31 2.29 2.29 3.70 1.11
1.13 1.13 1.69 1.13 1.11 1.11 1.11 1.11 1.10 1.10 1.10 1.10 1.33 1.33 1.33 1.33 1.36 1.36 1.36 2.06 1.36 1.36 2.48 1.36 1.35 1.35 2.05 1.35 1.56 1.56 1.56 1.56 1.57 2.44 1.57 1.57 1.55 1.55 1.55 1.55 1.54 1.54 1.54 1.54 1.82 1.82 1.82 1.82 4.08 1.83 2.89 2.87 1.82 5.31 2.86 1.82 1.79 1.79 1.79 0.57 0.67 0.67 0.67 0.67 0.86 0.67 0.67 0.67 0.68 2.06 2.06 2.06 2.08 2.08 2.08 2.08 2.31 2.31 2.31 2.31 2.29 2.29 2.29 3.69
0.48 1.14 1.72 2.34 1.13 1.13 1.13 1.13 1.11 1.11 1.11 1.11 1.31 1.31 1.31 3.20 0.57 1.33 1.33 1.33 1.33 1.33 1.33 2.03 1.33 1.33 1.33 1.33 2.29 1.56 2.42 1.56 1.56 2.42 1.56 1.56 1.56 2.43 1.56 1.56 1.56 1.56 1.56 1.56 1.83 1.83 4.06 1.83 1.82 1.82 1.82 1.82 1.80 2.84 1.80 1.80 1.77 1.77 0.56 0.56 0.67 0.67 0.67 0.67 0.67 0.67 0.67 0.67 0.67 0.67 0.67 0.67 0.67 0.86 0.67 0.86 0.77 0.77 2.74 2.26 3.68 2.27 2.27 3.68
0.43 0.48 1.16 1.14 1.13 1.13 1.13 1.68 1.11 1.66 1.11 1.77 1.31 1.31 1.31 1.99 1.33 0.57 1.33 1.33 1.33 1.33 1.33 1.33 1.33 1.33 1.33 1.33 1.56 1.56 1.56 1.56 1.56 1.56 1.56 1.56 1.56 1.56 2.43 1.56 1.56 1.56 1.56 1.56 1.83 2.88 1.83 1.83 1.82 1.82 1.82 1.82 1.80 1.80 1.80 1.80 1.77 1.77 0.56 0.56 0.67 0.67 0.67 0.67 0.67 0.67 0.67 0.67 0.67 0.67 0.67 0.67 0.67 0.67 0.67 0.67 0.98 0.77 0.77 3.66 2.27 2.27 2.27 2.27
1.79 1.19 1.19 1.14 2.33 1.13 1.13 1.13 1.11 1.11 1.11 1.11 1.31 1.31 1.31 1.31 1.33 0.57 1.33 1.33 1.33 2.02 1.33 1.33 1.33 1.33 1.33 1.33 1.56 1.56 1.56 1.56 1.56 1.56 1.56 1.56 1.56 1.56 1.56 1.56 1.56 0.69 1.56 1.56 1.83 1.83 1.83 1.83 1.82 1.82 1.82 2.86 1.80 1.80 1.80 1.80 1.77 0.71 0.71 0.56 0.67 0.67 0.67 0.67 0.67 0.67 0.67 0.67 0.67 0.67 0.67 0.36 0.67 0.67 0.36 0.67 0.77 0.77 2.26 2.26 2.27 2.27 3.68 2.27
1.14 1.14 1.14 1.14 1.13 1.13 1.13 1.13 1.11 1.11 1.66 1.11 1.31 1.31 1.31 1.31 1.33 1.33 1.33 2.41 1.33 1.33 1.33 1.33 1.33 1.33 1.33 1.33 2.28 1.56 2.41 1.56 1.56 1.56 1.56 1.56 1.56 1.56 2.42 2.43 1.56 1.94 1.56 1.56 1.83 1.83 1.83 1.83 1.82 1.82 1.82 2.86 1.80 1.80 1.80 0.57 0.71 0.56 0.56 0.56 0.67 0.67 0.67 0.67 0.67 0.67 0.67 0.67 0.67 0.67 0.67 0.39 0.67 0.67 0.67 0.67 0.77 0.77 2.26 2.26 3.67 3.25 2.27 2.27
1.13 1.13 1.13 1.13 1.14 1.14 1.70 1.70 1.13 1.13 1.13 1.13 1.31 1.31 1.31 1.31 1.30 1.30 1.30 1.97 0.93 1.29 1.97 1.29 1.32 1.32 1.32 1.32 1.54 1.54 1.54 1.54 2.37 1.53 1.53 1.53 1.55 1.55 2.40 1.55 1.55 1.55 1.55 1.55 1.80 1.80 1.80 2.84 2.82 1.79 2.82 2.81 1.77 1.77 0.56 0.56 0.56 0.56 0.56 0.56 0.67 0.67 0.67 2.03 0.67 0.67 0.67 0.67 0.67 0.67 0.36 0.67 0.67 0.67 0.67 0.67 0.77 0.77 0.77 0.77 0.77 0.77 0.77 1.12
1.13 1.13 2.43 1.13 1.14 1.14 1.14 1.80 2.01 1.69 1.13 2.18 1.99 1.31 1.31 1.31 1.30 1.30 1.30 1.30 1.29 2.05 1.29 1.29 1.32 1.32 1.32 1.32 1.54 1.54 1.54 2.45 1.53 1.53 1.53 1.53 1.55 1.55 1.55 2.47 2.49 1.55 1.55 1.55 1.80 1.80 1.80 2.88 1.79 1.79 1.79 1.79 1.77 2.78 1.77 1.77 1.76 1.76 1.76 0.56 2.03 2.03 2.03 2.03 0.67 0.67 0.87 0.67 0.67 0.67 0.67 0.67 0.67 0.67 0.67 0.67 0.77 0.77 0.77 0.77 0.77 0.77 1.11 1.02
1.31 1.31 1.31 1.31 1.31 1.31 1.31 1.31 1.31 1.31 1.31 1.31 1.46 1.46 1.46 1.46 1.45 1.45 1.45 1.45 1.45 1.45 1.45 1.45 1.48 1.48 1.48 1.48 2.49 1.66 1.66 1.66 1.66 1.66 1.66 1.66 1.67 1.67 1.67 1.67 1.68 1.68 1.68 2.74 1.86 1.86 1.86 1.86 1.85 1.85 1.85 1.85 1.82 1.82 1.82 1.82 1.81 2.83 1.81 1.81 2.08 2.08 2.08 0.89 0.69 0.69 0.69 0.69 0.69 0.37 0.69 0.69 0.69 0.69 0.69 0.69 0.82 0.82 0.49 0.82 0.82 0.82 1.08 0.82
1.31 1.31 1.31 1.31 1.31 1.31 1.31 1.31 1.31 1.31 1.31 1.31 1.46 1.46 1.46 1.46 1.45 1.45 1.45 1.45 1.45 1.45 1.45 1.45 1.48 1.48 1.48 1.48 1.66 1.66 1.66 1.66 1.66 1.66 1.66 1.66 1.67 1.67 1.67 1.67 1.68 1.68 1.68 1.68 1.86 1.86 1.86 1.86 1.85 1.85 1.85 1.85 1.82 1.82 1.82 4.05 1.81 1.81 1.81 1.81 2.08 2.08 0.89 0.69 0.69 0.69 0.69 0.69 0.69 0.69 0.69 0.69 2.06 2.06 2.06 0.69 0.82 0.82 0.82 0.82 0.82 0.82 0.82 0.82
