New_Model_Runs/15_Future_RCP8.5_Scn2_out/post_prcessed_with_MFR/Monthly_summaries/runoff_monthly_NOV.asc
NCOLS 700
NROWS 400
XLLCENTER 515000.000000
YLLCENTER 8409000.000000
CELLSIZE 50.000000
NODATA_value -999.000000
[rows 304 to 341 of 400, columns 168 to 251 of 700]
0.60 0.60 0.60 0.60 0.60 0.48 0.60 0.60 0.60 0.60 0.44 0.60 0.60 0.44 0.26 0.36 0.26 0.26 0.36 0.36 0.82 0.82 0.82 0.88 0.36 0.36 0.36 0.36 0.36 0.36 0.36 0.93 0.93 0.26 0.26 0.26 0.36 0.36 0.36 0.36 0.33 0.34 0.35 0.35 0.35 0.35 0.26 0.35 0.26 0.26 0.35 0.98 0.83 0.80 0.87 0.35 0.31 0.25 0.31 0.31 0.31 0.23 0.23 0.23 0.31 0.31 0.31 0.31 0.31 0.31 0.31 0.31 0.18 0.26 0.18 0.18 0.66 0.30 0.30 0.38 0.38 0.38 0.38 0.38
0.60 0.44 0.60 0.48 0.48 0.48 0.48 0.48 0.48 0.44 0.60 0.60 0.44 0.26 0.36 0.36 0.26 0.28 0.36 0.36 0.33 0.82 0.35 0.36 0.36 0.83 0.83 0.36 0.36 0.36 0.86 0.83 0.83 0.83 0.93 0.83 0.93 0.83 0.34 0.37 0.34 0.33 0.34 0.41 0.35 0.35 0.35 0.35 0.88 0.35 0.35 0.35 0.35 0.33 0.28 0.28 0.25 0.25 0.31 0.31 0.31 0.25 0.31 0.31 0.31 0.31 0.31 0.31 0.31 0.31 0.31 0.31 0.26 0.26 0.26 0.18 0.66 0.30 0.38 0.38 0.38 0.38 0.38 0.38
0.52 0.61 0.70 0.52 0.38 0.52 1.23 1.23 0.52 0.52 0.52 0.52 0.52 0.29 0.22 0.29 0.28 0.31 0.31 0.31 0.71 0.69 0.71 0.31 0.31 0.75 0.85 0.31 0.31 0.28 1.20 0.70 0.70 0.28 0.28 0.70 0.70 0.70 0.70 0.30 0.29 0.28 0.34 0.22 0.22 0.30 0.30 0.30 0.30 0.30 0.30 0.30 0.24 0.77 0.30 0.30 0.68 0.26 0.32 0.26 0.20 0.26 0.19 0.26 0.25 0.19 0.27 0.26 0.33 0.26 0.26 0.26 0.21 0.21 0.21 0.15 0.15 0.18 0.31 0.31 0.31 0.25 0.25 0.31
0.52 0.52 0.52 0.52 0.52 0.71 0.52 1.23 0.52 0.52 0.52 0.52 0.52 0.31 0.22 0.31 0.31 0.31 0.31 0.31 0.31 0.71 0.74 0.31 0.31 0.31 0.31 0.31 0.29 0.70 0.70 0.70 0.70 0.70 0.70 0.70 0.70 0.70 0.70 0.70 0.35 0.30 0.30 0.30 0.30 0.30 0.30 0.30 0.30 0.30 0.22 0.30 0.30 0.24 0.30 0.30 0.68 0.26 0.33 0.26 0.68 0.20 0.26 0.26 0.26 0.26 0.26 0.26 0.26 0.20 0.26 0.26 0.21 0.21 0.16 0.21 0.16 0.21 0.23 0.25 0.25 0.25 0.25 0.31
0.52 0.38 0.38 0.52 0.52 0.52 1.31 1.23 0.52 0.52 0.68 0.41 0.52 0.31 0.31 0.31 0.22 0.31 0.31 0.31 0.31 0.22 0.22 0.31 0.31 0.31 0.31 0.31 0.72 0.70 0.70 0.70 0.75 0.75 0.75 0.70 0.70 0.70 0.70 0.84 0.81 0.30 0.30 0.30 0.30 0.30 0.22 0.22 0.30 0.26 0.22 0.30 0.30 0.77 0.30 0.30 0.39 0.26 0.26 0.26 0.19 0.26 0.19 0.26 0.26 0.26 0.26 0.26 0.26 0.64 0.64 1.17 0.16 0.21 0.21 0.21 0.21 0.21 0.23 0.25 0.25 0.25 0.31 0.18
0.38 0.52 0.52 0.52 0.52 0.52 0.52 0.52 1.23 0.52 0.52 0.52 0.52 0.31 0.31 0.49 1.08 0.71 0.71 0.31 0.31 0.22 0.22 0.22 0.23 0.31 0.31 0.31 0.72 0.70 0.70 0.70 0.75 0.31 0.23 0.31 0.75 0.70 0.70 0.84 0.69 0.72 0.69 0.30 0.30 0.30 0.22 0.30 0.30 0.30 0.22 0.30 0.77 0.67 0.67 0.22 0.26 0.26 0.26 0.26 0.26 0.26 0.26 0.39 0.39 0.39 0.36 0.26 0.62 1.09 1.09 1.17 0.18 0.21 0.15 0.32 0.26 0.25 1.08 0.63 0.25 0.25 0.25 0.25
0.52 0.52 0.52 0.52 0.41 0.52 0.52 0.52 0.91 1.62 0.52 0.52 0.22 0.22 0.31 0.71 0.68 0.68 0.68 0.74 0.31 0.31 0.22 0.31 0.31 0.31 0.31 0.23 0.75 0.70 1.04 0.70 0.75 0.75 0.75 0.75 0.75 0.84 0.84 0.70 0.67 0.67 0.28 0.69 0.67 0.22 0.26 0.22 0.30 0.22 0.22 0.30 0.69 0.67 0.67 0.67 0.64 0.59 0.61 0.26 0.26 0.26 0.39 0.39 0.31 0.39 0.52 0.39 1.13 1.09 1.86 0.39 1.01 0.46 0.31 0.21 0.76 0.60 0.60 0.60 0.46 0.31 0.31 0.31
0.52 0.52 0.52 0.52 0.52 0.52 0.52 0.41 0.52 1.23 2.45 0.52 0.31 0.31 0.31 0.22 0.31 0.71 0.68 0.74 0.39 0.46 0.24 0.31 0.29 0.31 0.31 0.31 0.31 0.72 0.70 0.70 0.70 0.75 0.28 0.28 0.70 0.75 0.70 0.70 0.67 0.67 0.27 0.67 0.67 0.22 0.22 0.22 0.22 0.30 0.30 0.72 0.69 0.67 0.67 0.67 0.61 0.59 0.59 1.17 0.39 0.39 0.39 0.39 0.39 0.39 0.39 0.39 1.13 1.09 1.13 1.13 0.60 0.60 0.63 0.31 1.01 0.60 0.60 0.63 0.31 0.31 0.31 0.31
0.38 0.52 0.52 0.52 1.23 0.41 0.52 0.41 0.38 1.23 1.23 0.52 0.31 0.29 0.31 0.31 0.31 0.31 0.31 0.50 0.31 0.31 0.31 0.31 0.31 0.31 0.31 0.31 0.31 0.31 0.70 0.70 0.75 0.70 0.70 0.70 0.69 0.69 0.69 0.69 1.21 0.37 0.67 0.67 0.66 0.22 0.22 0.30 0.22 0.22 0.30 0.72 0.67 0.26 0.26 0.67 1.11 0.32 1.07 0.39 2.56 0.87 0.22 1.72 1.72 1.25 1.80 0.31 1.08 1.12 0.39 1.12 0.60 0.62 0.70 0.62 0.10 0.42 1.01 0.18 0.21 0.31 0.31 0.31
0.52 0.52 0.52 0.52 0.38 0.52 0.52 0.52 0.52 0.52 0.41 0.52 0.31 0.74 0.31 0.31 0.31 0.31 0.39 0.31 0.31 0.31 0.31 0.31 0.40 0.31 0.23 0.31 0.31 0.31 0.23 0.23 0.75 0.70 0.70 0.70 0.69 0.69 0.28 1.41 1.29 1.08 1.08 0.72 0.72 0.22 0.22 0.22 0.22 0.30 0.30 0.72 0.69 0.29 0.44 0.67 1.11 0.32 1.07 1.24 1.72 1.72 1.72 1.72 1.72 1.25 1.09 1.09 1.08 1.25 0.39 1.12 0.62 0.18 0.31 0.60 0.60 1.26 1.01 0.18 0.31 0.31 0.31 0.18
0.52 0.71 0.52 0.52 0.52 0.52 0.52 0.52 0.52 0.52 0.57 2.01 0.68 0.68 0.31 0.31 0.31 0.39 0.31 0.22 0.31 0.31 0.31 0.31 0.31 0.31 0.23 0.23 0.23 0.23 0.23 0.23 0.23 0.70 0.70 0.75 0.75 0.75 0.75 0.28 0.67 0.67 0.72 0.30 0.22 0.22 0.22 0.30 0.30 0.30 0.30 0.30 0.30 0.36 1.34 0.67 1.07 1.07 1.07 1.24 1.25 1.72 1.72 1.72 1.72 0.37 0.31 1.25 2.04 1.75 1.12 1.08 0.60 1.01 0.31 0.62 0.60 0.60 0.60 0.62 0.31 0.31 0.31 0.31
0.57 0.52 0.52 0.52 0.52 0.52 0.38 0.52 0.52 0.52 0.50 1.36 0.31 0.74 0.31 0.31 0.31 0.39 0.31 0.22 0.31 0.31 0.22 0.31 0.31 0.31 0.23 0.23 0.23 0.23 0.23 0.23 0.23 0.31 1.13 0.31 0.31 0.23 0.23 0.23 0.72 0.72 0.72 0.30 0.22 0.22 0.22 0.30 0.30 0.30 0.30 0.30 0.22 0.72 0.67 0.67 1.11 1.07 1.07 1.07 1.09 1.09 1.09 1.09 1.09 1.09 0.31 1.72 1.25 1.08 0.31 0.34 0.29 0.62 0.31 0.31 0.31 0.62 0.62 0.62 0.31 0.31 0.31 0.18
0.52 0.52 0.52 0.52 0.52 0.52 0.38 0.38 0.52 0.52 0.52 0.31 0.24 0.31 0.31 0.39 0.31 0.31 0.22 0.31 0.31 0.31 0.39 0.24 0.32 0.37 0.23 0.23 0.23 0.23 0.23 0.23 0.31 0.75 0.30 0.75 0.23 0.23 0.23 0.74 1.05 0.22 0.22 0.22 0.22 0.22 0.22 0.22 0.22 0.30 0.30 0.30 0.71 0.65 0.65 0.65 0.64 1.11 1.07 1.07 1.10 1.10 1.10 1.10 1.10 1.10 1.10 1.10 1.09 1.25 1.72 0.37 0.28 0.59 0.62 0.31 0.33 0.62 1.01 1.01 0.18 0.18 0.31 0.31
0.52 0.52 0.52 0.52 0.52 0.52 0.52 0.52 0.52 0.52 0.52 0.31 0.31 0.24 0.22 0.31 0.31 0.31 0.31 0.31 0.22 0.31 0.31 0.31 0.31 0.23 0.23 0.23 0.75 0.23 0.28 0.23 0.75 0.70 0.70 0.70 0.69 0.74 0.69 0.69 0.66 0.26 0.72 0.22 0.22 0.37 0.22 0.22 0.72 0.30 0.30 0.72 0.65 0.65 0.65 0.65 0.34 1.07 0.34 0.31 1.10 1.10 1.10 1.10 1.10 1.10 1.10 1.10 1.09 1.09 0.31 1.25 0.31 0.28 0.62 0.31 0.10 0.18 0.31 0.18 0.31 0.31 0.31 0.31
0.52 0.52 0.52 0.52 0.52 0.52 0.41 0.41 0.38 0.38 0.41 0.78 0.22 0.24 0.31 0.31 0.31 0.31 0.31 0.37 0.31 0.31 0.22 0.31 0.23 0.23 0.75 0.75 0.81 0.75 0.28 0.39 0.75 1.04 0.70 0.70 0.69 0.69 0.69 1.26 0.66 1.34 1.34 0.29 0.72 0.72 0.32 0.32 0.72 1.34 0.33 0.26 0.65 0.68 0.71 0.38 1.07 1.07 1.07 1.07 1.10 1.10 1.10 1.10 1.10 1.10 1.10 1.10 1.09 1.09 1.09 1.09 1.08 0.59 0.59 0.59 0.62 0.31 0.18 0.18 0.31 0.31 0.31 0.31
0.71 0.71 0.52 0.52 0.52 0.52 0.52 0.52 0.38 0.52 0.52 0.31 0.31 0.31 0.31 0.31 0.31 0.31 0.78 0.31 0.31 0.22 0.22 0.22 0.23 1.10 0.70 0.70 0.70 0.30 0.23 0.23 0.75 0.70 0.70 0.70 0.69 1.05 0.84 1.38 1.34 1.34 1.34 0.66 0.66 0.26 0.32 0.32 0.72 0.22 1.34 0.81 0.86 0.68 1.28 0.38 1.07 1.07 1.07 1.07 0.32 0.32 1.17 1.17 1.10 1.10 1.10 1.10 1.09 1.09 1.09 0.34 0.09 0.09 0.59 0.09 0.60 0.31 0.31 0.18 0.18 0.31 0.31 0.31
0.52 0.52 0.52 0.52 0.52 0.52 0.38 0.52 0.38 0.52 0.22 0.31 0.83 0.69 0.83 0.31 0.39 0.31 0.39 0.31 0.69 0.31 0.22 0.22 0.31 0.31 0.70 0.70 0.75 0.75 0.31 0.23 0.74 0.69 0.69 0.74 0.74 0.68 0.74 0.23 0.22 0.22 0.81 0.66 0.29 0.32 0.32 0.32 1.34 0.24 0.81 1.14 0.26 0.28 1.18 1.18 0.31 0.31 0.31 1.08 0.32 0.32 0.35 0.61 0.61 1.11 1.11 1.11 1.10 1.10 1.10 0.32 0.59 0.59 0.59 0.59 0.59 0.62 0.62 0.31 0.18 0.18 0.31 0.31
0.52 0.52 0.52 0.52 0.52 0.38 0.38 0.52 0.38 1.26 0.68 0.22 0.71 0.69 0.83 0.24 0.31 0.31 0.31 0.69 0.69 0.71 0.28 0.30 0.31 0.31 0.72 0.75 0.23 0.23 0.31 0.36 0.71 0.71 0.23 0.23 0.23 0.74 0.33 0.23 1.34 0.22 0.29 0.81 1.46 1.46 1.46 1.46 1.34 1.34 0.26 0.66 0.65 0.65 0.35 1.18 0.34 1.08 0.31 1.08 0.32 0.35 0.26 0.61 0.61 0.61 1.11 1.11 1.10 1.10 1.10 1.10 0.59 0.59 1.01 0.62 0.31 0.31 1.01 0.59 0.62 1.00 0.62 0.62
0.35 0.45 0.35 0.45 0.45 0.35 1.09 0.32 1.10 0.33 0.27 0.19 0.27 0.27 0.21 0.21 0.21 0.27 0.27 0.61 0.61 0.65 0.19 0.19 0.19 0.26 0.24 0.27 0.19 0.19 0.19 0.65 0.60 0.65 0.19 0.19 0.64 1.22 1.22 0.25 0.24 0.24 0.23 1.10 1.19 2.10 0.66 1.10 0.26 1.10 0.26 0.26 0.66 0.55 1.02 1.02 0.10 0.60 0.60 0.60 0.62 0.62 0.26 0.26 0.26 0.26 0.26 0.62 0.61 0.61 0.61 0.61 0.53 0.53 0.53 0.55 0.27 0.27 0.27 0.53 0.53 0.53 0.53 0.08
0.35 0.35 0.45 0.32 1.09 0.35 0.32 1.81 0.45 0.45 0.27 0.23 0.27 0.27 0.27 0.21 0.21 0.27 0.61 0.61 0.61 0.19 0.19 0.23 0.19 0.27 0.33 0.27 0.27 0.25 0.61 0.61 0.60 0.65 0.19 0.19 0.25 1.22 1.22 0.53 0.24 0.17 0.17 0.61 0.24 0.26 1.10 0.26 0.26 0.26 0.26 0.66 0.66 0.81 1.02 1.02 0.10 0.10 0.60 0.60 0.10 0.62 0.56 0.56 0.26 0.26 0.26 0.62 0.29 1.03 0.61 0.61 0.74 0.74 0.53 0.53 0.58 0.27 0.27 0.27 0.53 0.53 0.53 0.08
0.35 0.45 0.45 0.45 0.45 0.32 0.61 1.11 1.04 0.45 0.27 0.19 0.27 0.27 0.21 0.21 0.21 0.27 0.27 0.70 0.19 0.19 0.19 0.19 0.19 0.27 0.27 0.27 0.24 0.60 0.60 0.60 0.59 0.59 0.19 0.25 0.25 0.25 0.19 0.19 0.24 0.61 0.61 0.17 0.61 0.61 0.17 0.61 0.24 0.24 0.47 1.19 0.66 0.56 0.56 1.03 0.60 0.10 0.60 0.60 0.61 0.61 0.26 0.26 0.26 0.56 0.56 0.56 1.03 1.03 0.62 0.62 0.53 0.53 0.53 0.58 0.58 0.58 0.58 0.58 0.55 0.53 0.53 0.08
0.45 0.45 0.45 1.06 1.06 0.45 0.45 2.56 1.22 0.27 0.27 0.27 0.27 0.27 0.27 0.27 0.27 0.27 0.27 0.27 0.27 0.27 0.19 0.19 0.19 0.27 0.27 0.19 0.19 0.65 0.60 0.60 0.59 0.64 0.64 0.25 0.25 0.19 0.19 0.19 0.17 0.87 0.55 0.61 0.56 0.56 0.61 0.17 0.17 0.17 0.17 0.26 0.26 0.66 0.66 1.03 0.60 0.10 0.60 0.60 0.61 0.26 0.26 0.06 0.26 0.56 0.56 0.56 0.18 1.03 0.62 0.62 0.75 0.53 0.53 0.82 0.58 0.53 0.53 0.58 0.58 0.53 0.53 0.53
0.00 1.95 0.45 1.02 1.03 0.45 0.45 0.45 0.45 0.27 0.27 0.41 0.27 0.27 0.31 0.19 0.27 0.19 0.21 0.27 0.65 0.61 0.19 0.19 0.31 0.19 0.19 0.65 0.60 0.60 0.60 0.60 0.59 0.59 0.25 0.25 0.25 0.19 0.19 0.64 0.21 0.55 0.55 0.55 0.56 0.56 0.22 0.29 0.21 0.24 0.24 0.24 0.24 0.66 0.56 0.56 0.60 0.10 0.60 0.60 0.61 0.61 0.26 0.26 0.26 0.56 0.26 0.56 1.03 0.62 1.30 0.62 0.53 0.53 0.09 0.58 0.53 0.58 0.55 0.53 0.58 0.39 0.55 0.08
0.00 0.00 1.95 0.35 0.35 0.35 0.45 0.45 0.45 0.27 0.27 0.33 0.27 0.27 0.19 0.27 0.27 0.21 0.21 0.63 0.65 0.65 0.19 0.19 0.27 0.19 0.27 0.97 0.65 0.60 0.60 0.60 0.59 0.59 0.59 0.59 0.25 0.24 0.32 1.07 1.02 1.02 1.02 1.02 1.03 0.56 0.56 0.61 0.17 0.24 0.24 0.24 0.22 0.61 0.56 0.56 0.60 0.60 0.60 0.60 0.61 0.61 0.61 0.26 0.26 0.26 0.00 0.26 0.62 0.62 0.62 0.62 0.53 0.09 0.16 0.58 0.53 0.53 0.53 0.58 0.16 0.27 0.40 0.08
0.00 0.00 0.00 0.00 0.00 0.00 0.00 0.00 0.45 0.27 0.33 0.27 0.27 0.27 0.27 0.27 0.27 0.27 0.28 0.65 0.61 0.27 0.27 0.19 0.33 0.27 0.42 0.65 0.64 0.59 0.59 0.59 0.58 0.58 0.22 0.25 0.22 0.58 1.07 1.07 1.02 1.02 1.02 1.02 1.03 1.03 0.56 0.56 0.56 0.24 0.24 0.19 0.30 0.40 0.56 0.56 0.25 0.60 0.60 0.60 0.61 0.61 0.61 1.29 0.62 0.00 0.00 0.00 0.62 0.62 0.00 0.00 0.00 0.54 0.09 0.58 0.58 0.58 0.53 0.58 0.16 0.27 0.16 0.27
0.00 0.00 0.00 0.00 0.00 0.00 0.00 0.00 0.00 0.00 1.33 0.27 0.21 0.27 0.19 0.19 0.27 0.27 0.27 0.70 0.26 0.27 0.31 0.19 0.27 0.33 0.65 0.60 0.59 0.59 0.59 0.59 0.58 0.58 0.58 0.58 0.58 0.58 0.58 0.58 0.61 0.61 0.55 1.02 1.03 1.03 0.56 0.56 0.82 0.21 0.30 0.24 0.23 0.56 0.56 0.56 0.25 0.60 0.60 0.60 0.61 0.61 0.61 0.61 0.62 0.00 0.00 0.00 0.00 0.00 0.00 0.00 0.00 0.00 0.00 0.27 0.58 0.08 0.53 0.58 0.55 0.27 0.27 0.27
0.00 0.00 0.00 0.00 0.00 0.00 0.00 0.00 0.00 0.00 1.33 1.33 1.33 0.65 0.61 0.65 0.65 0.27 0.26 0.26 0.26 0.26 0.25 0.27 0.26 0.19 0.26 0.60 0.59 0.59 0.59 0.59 0.58 0.58 0.58 0.58 0.58 0.58 0.58 0.58 0.81 1.04 0.61 0.55 1.03 1.03 1.03 0.56 0.21 0.24 0.21 0.56 0.58 0.56 0.56 0.56 0.25 0.25 0.60 0.60 0.61 0.61 0.61 0.61 0.62 1.30 0.62 0.00 0.00 0.00 0.00 0.00 0.00 0.00 0.00 0.00 0.00 0.09 0.53 0.58 0.58 0.58 0.35 0.16
0.00 0.00 0.00 0.00 0.00 0.00 0.00 0.00 0.00 0.00 0.00 0.00 1.73 1.73 0.61 0.61 0.65 0.63 0.26 0.26 0.24 0.24 0.65 0.19 0.19 0.28 0.26 0.60 0.59 0.59 0.59 0.59 0.58 0.58 0.58 0.58 0.58 0.58 0.58 0.58 0.55 0.55 1.11 1.02 1.03 1.65 1.03 1.03 1.03 0.24 0.24 0.21 0.58 0.58 0.56 0.82 0.25 0.25 0.60 0.60 0.61 0.61 0.61 0.61 0.62 0.62 0.62 0.00 0.00 0.00 0.00 0.00 0.00 0.00 0.00 0.00 0.27 0.27 0.27 0.27 0.27 0.27 0.70 0.58
0.00 0.00 0.00 0.00 0.00 0.00 0.00 0.00 0.00 0.00 0.00 0.00 0.00 1.73 1.73 1.11 0.27 0.63 0.61 0.61 0.70 0.61 0.70 0.65 0.64 1.22 1.22 0.23 0.57 0.57 0.84 0.57 0.58 1.07 1.07 1.07 1.10 1.10 1.10 1.10 1.05 1.05 1.05 1.05 1.05 1.05 1.05 1.05 1.03 0.32 0.29 0.29 1.06 0.58 0.58 0.55 0.33 0.25 0.25 0.25 0.26 0.61 0.61 0.00 8.31 0.00 0.00 0.00 0.00 0.00 0.00 0.00 0.00 0.00 0.00 0.00 0.53 0.16 0.27 0.27 0.27 0.53 0.53 0.58
0.00 0.00 0.00 0.00 0.00 0.00 0.00 0.00 0.00 0.00 0.00 0.00 0.00 0.00 2.85 1.73 0.40 1.14 1.11 1.33 1.33 0.70 0.70 0.63 0.59 0.28 0.59 0.59 0.57 0.57 0.57 0.57 1.07 1.07 0.31 1.07 1.10 1.10 1.10 1.10 1.05 1.05 1.05 1.05 1.05 1.05 1.05 1.05 1.03 0.29 1.03 1.03 1.06 1.06 1.06 0.55 0.25 0.25 0.25 0.25 0.26 0.26 0.00 0.00 0.00 0.00 0.00 0.00 0.00 0.00 0.00 0.00 0.00 0.00 0.00 0.00 1.23 1.23 0.22 0.27 0.16 0.53 0.53 0.58
0.00 0.00 0.00 0.00 0.00 0.00 0.00 0.00 0.00 0.00 0.00 0.00 0.00 0.00 0.00 1.73 1.73 1.73 1.80 2.10 1.73 1.26 1.11 1.11 1.08 1.08 0.59 0.86 0.57 0.57 0.57 0.57 1.07 1.07 1.07 1.07 1.10 1.10 1.10 1.10 1.05 1.05 1.05 1.05 1.05 1.05 1.05 1.05 1.03 0.29 1.03 1.03 1.02 0.30 1.06 1.02 0.25 0.25 0.25 0.25 0.26 0.00 0.00 0.00 0.00 0.00 0.00 0.00 0.00 0.00 0.00 0.00 0.00 0.00 0.00 0.00 0.00 2.01 1.23 1.23 0.27 0.08 0.53 0.53
0.00 0.00 0.00 0.00 0.00 0.00 0.00 0.00 0.00 0.00 0.00 0.00 0.00 0.00 0.00 0.00 0.00 1.73 1.73 1.73 1.73 1.73 1.11 1.11 1.08 1.08 0.59 0.59 0.57 0.57 0.57 1.05 1.07 1.07 0.00 0.00 0.00 0.00 0.00 0.00 0.00 0.00 0.00 0.00 0.00 0.00 1.05 1.05 1.03 0.29 1.03 1.03 1.02 0.30 1.06 1.02 0.25 0.25 0.25 0.33 0.26 0.00 0.00 0.00 0.00 0.00 0.00 0.00 0.00 0.00 0.00 0.00 0.00 0.00 0.00 0.00 0.00 0.00 0.00 0.00 0.00 0.53 0.09 0.53
0.00 0.00 0.00 0.00 0.00 0.00 0.00 0.00 0.00 0.00 0.00 0.00 0.00 0.00 0.00 0.00 0.00 0.00 0.00 0.00 0.00 0.00 1.73 1.10 1.07 1.07 1.07 0.58 0.58 0.58 1.07 1.07 1.09 0.00 0.00 0.00 0.00 0.00 0.00 0.00 0.00 0.00 0.00 0.00 0.00 0.00 0.00 0.00 0.00 1.68 1.05 1.05 0.65 0.65 1.05 0.65 0.58 0.24 0.24 0.24 0.25 0.00 0.00 0.00 0.00 0.00 0.00 0.00 0.00 0.00 0.00 0.00 0.00 0.00 0.00 0.00 0.00 0.00 0.00 0.00 0.00 0.52 0.09 0.08
0.00 0.00 0.00 0.00 0.00 0.00 0.00 0.00 0.00 0.00 0.00 0.00 0.00 0.00 0.00 0.00 0.00 0.00 0.00 0.00 0.00 0.00 0.00 1.73 1.07 1.07 1.07 1.07 1.07 1.07 1.07 1.07 0.00 0.00 0.00 0.00 0.00 0.00 0.00 0.00 0.00 0.00 0.00 0.00 0.00 0.00 0.00 0.00 0.00 0.00 1.05 1.05 0.65 0.65 1.05 0.30 0.82 0.58 0.58 0.58 0.60 1.66 0.00 0.00 0.00 0.00 0.00 0.00 0.00 0.00 0.00 0.00 0.00 0.00 0.00 0.00 0.00 0.00 0.00 0.00 0.00 0.39 0.52 0.09
0.00 0.00 0.00 0.00 0.00 0.00 0.00 0.00 0.00 0.00 0.00 0.00 0.00 0.00 0.00 0.00 0.00 0.00 0.00 0.00 0.00 0.00 0.00 0.00 0.00 0.00 0.00 0.60 0.60 0.60 0.60 0.00 0.00 0.00 0.00 0.00 0.00 0.00 0.00 0.00 0.00 0.00 0.00 0.00 0.00 0.00 0.00 0.00 0.00 0.00 0.81 0.57 0.55 0.55 0.57 0.57 0.50 0.07 0.50 0.50 0.52 0.54 0.00 0.00 0.00 0.00 0.00 0.00 0.00 0.00 0.00 0.00 0.00 0.00 0.00 0.00 0.00 0.00 0.00 0.00 0.00 0.00 1.14 0.47
0.00 0.00 0.00 0.00 0.00 0.00 0.00 0.00 0.00 0.00 0.00 0.00 0.00 0.00 0.00 0.00 0.00 0.00 0.00 0.00 0.00 0.00 0.00 0.00 0.00 0.00 0.00 0.00 0.60 0.60 8.41 0.00 0.00 0.00 0.00 0.00 0.00 0.00 0.00 0.00 0.00 0.00 0.00 0.00 0.00 0.00 0.00 0.00 0.00 0.00 0.57 0.57 0.55 0.55 0.08 0.09 0.09 0.50 0.53 0.50 0.52 0.52 0.52 0.52 0.00 0.00 0.00 0.00 0.00 0.00 0.00 0.00 0.00 0.00 0.00 0.00 0.00 0.00 0.00 0.00 0.00 0.00 0.00 0.07
0.00 0.00 0.00 0.00 0.00 0.00 0.00 0.00 0.00 0.00 0.00 0.00 0.00 0.00 0.00 0.00 0.00 0.00 0.00 0.00 0.00 0.00 0.00 0.00 0.00 0.00 0.00 0.00 0.62 0.62 0.00 0.00 0.00 0.00 0.00 0.00 0.00 0.00 0.00 0.00 0.00 0.00 0.00 0.00 0.00 0.00 0.00 0.00 0.00 0.00 0.57 0.57 0.54 0.54 0.08 0.08 0.52 0.52 0.52 0.49 0.51 0.51 0.08 0.51 0.00 0.00 0.00 0.00 0.00 0.00 0.00 0.00 0.00 0.00 0.00 0.00 0.00 0.00 0.00 0.00 0.00 0.00 0.00 7.57
0.00 0.00 0.00 0.00 0.00 0.00 0.00 0.00 0.00 0.00 0.00 0.00 0.00 0.00 0.00 0.00 0.00 0.00 0.00 0.00 0.00 0.00 0.00 0.00 0.00 0.00 0.00 0.00 1.86 8.41 0.00 0.00 0.00 0.00 0.00 0.00 0.00 0.00 0.00 0.00 0.00 0.00 0.00 0.00 0.00 0.00 0.00 0.00 0.00 0.00 0.57 0.57 0.54 0.54 0.54 0.54 0.49 0.52 0.49 0.49 0.51 0.51 0.51 0.54 0.00 0.00 0.00 0.00 0.00 0.00 0.00 0.00 0.00 0.00 0.00 0.00 0.00 0.00 0.00 0.00 0.00 0.00 0.00 0.00
