New_Model_Runs/15_Future_RCP8.5_Scn2_out/post_prcessed_with_MFR/Monthly_summaries/runoff_monthly_AUG.asc
NCOLS 700
NROWS 400
XLLCENTER 515000.000000
YLLCENTER 8409000.000000
CELLSIZE 50.000000
NODATA_value -999.000000
[rows 111 to 147 of 400, columns 336 to 419 of 700]
0.00 0.00 3.82 3.82 4.50 2.05 3.37 2.05 1.97 1.97 1.97 1.97 3.19 3.19 1.95 1.95 3.42 3.43 2.09 2.09 2.12 2.12 3.47 2.12 3.49 2.13 2.13 3.48 2.12 4.54 4.54 4.54 4.66 4.66 4.66 4.66 8.41 4.64 4.64 4.64 8.38 4.64 4.64 4.64 4.59 4.59 4.59 4.59 4.50 4.50 4.50 4.50 4.56 4.56 8.18 4.56 4.56 4.56 12.06 4.56 4.56 4.56 8.20 4.56 2.79 4.37 4.37 4.37 4.39 4.39 4.39 2.46 2.47 2.47 3.65 2.47 2.45 4.96 2.45 2.45 2.38 2.38 2.38 2.38
0.00 0.00 0.00 5.15 2.00 2.00 2.00 2.00 3.19 1.94 1.94 1.94 1.94 3.17 1.94 1.94 2.07 5.47 2.07 2.07 2.10 2.10 2.10 2.10 2.11 2.11 2.11 3.47 2.09 4.51 4.51 4.51 4.61 4.61 4.61 4.61 4.60 4.60 2.95 4.60 4.56 4.56 4.56 4.56 4.49 4.49 4.49 4.49 4.41 4.41 4.41 4.41 4.45 4.45 4.45 8.06 4.47 4.47 4.47 4.47 4.48 4.48 8.11 4.48 4.26 4.26 4.26 4.26 4.28 4.28 4.28 2.37 2.39 2.39 2.39 3.56 3.51 2.36 2.36 2.36 2.31 2.31 2.31 2.31
0.00 0.00 3.82 3.76 2.00 2.00 2.00 2.00 1.94 3.17 1.94 1.94 1.94 1.94 3.54 1.94 2.07 5.62 3.40 2.07 2.10 2.10 4.55 3.74 2.11 2.11 2.11 2.11 3.71 2.09 4.51 2.89 4.61 4.61 8.33 4.61 4.60 7.14 2.95 4.60 4.56 8.24 11.49 8.18 4.49 4.49 4.49 4.49 4.41 4.41 4.41 7.99 4.45 4.45 4.45 4.45 4.47 4.47 4.47 4.47 4.48 4.48 4.48 4.48 4.26 4.26 4.26 4.26 4.28 7.52 4.28 2.37 2.39 2.39 2.39 2.39 2.36 2.36 2.36 2.36 2.31 2.31 2.31 2.31
0.00 0.00 2.69 1.18 2.58 2.58 4.00 2.58 2.51 5.41 3.87 2.51 2.51 2.51 2.51 2.51 2.16 3.56 3.56 2.16 2.49 2.49 5.87 2.49 2.50 2.50 2.50 2.50 2.48 3.82 4.65 8.37 4.57 4.57 4.57 8.28 4.55 4.55 8.25 4.55 4.52 2.90 4.52 8.13 4.45 4.45 8.05 4.45 4.23 4.23 7.64 4.23 4.26 4.26 4.26 4.26 4.28 4.28 4.28 4.28 4.29 4.29 4.29 4.29 3.99 7.20 3.99 3.99 4.00 4.00 4.00 2.18 2.19 2.19 3.23 2.19 0.86 0.86 2.17 2.17 0.93 2.14 2.14 2.14
2.69 2.69 1.18 1.18 2.58 2.58 5.41 2.58 2.51 2.51 2.51 3.87 2.51 3.87 2.51 2.51 2.16 2.16 3.54 2.16 2.49 3.59 2.49 2.49 2.50 2.50 3.86 2.50 2.48 2.48 4.65 4.65 4.57 4.57 4.57 8.18 4.55 4.55 8.25 4.55 4.52 4.52 8.09 4.52 4.45 8.07 4.45 4.45 4.23 4.23 4.23 4.23 4.26 4.26 4.26 4.26 4.28 4.28 4.28 4.28 4.29 4.29 4.29 4.29 3.99 3.99 3.99 3.99 4.00 7.22 3.21 2.18 2.19 2.19 2.19 2.19 0.86 2.17 2.17 3.16 2.14 2.14 2.14 2.14
2.52 2.52 1.18 2.52 2.16 2.16 2.16 2.16 2.15 2.15 2.15 2.15 2.47 3.80 6.15 2.47 2.12 2.12 2.12 2.12 2.14 2.14 2.14 3.53 2.13 2.13 2.13 2.13 2.12 3.49 4.41 4.56 4.48 4.48 8.11 11.38 4.44 4.44 4.44 4.44 4.40 4.40 7.96 11.81 4.47 4.47 4.47 4.47 4.35 4.35 4.35 4.35 2.81 4.39 4.39 4.39 4.39 4.39 4.39 4.39 4.38 4.38 4.38 4.38 4.03 4.03 4.03 4.03 4.00 4.00 2.17 2.17 2.14 2.14 2.14 2.14 0.91 2.49 2.10 2.10 2.16 0.86 2.16 2.16
2.52 1.09 1.18 2.52 2.16 2.16 2.16 2.16 2.15 2.15 2.15 2.15 2.47 2.47 2.47 3.55 2.12 2.12 2.12 2.12 2.14 2.14 2.14 3.53 4.73 2.13 2.13 2.13 2.12 2.12 2.12 4.56 4.48 4.48 4.48 4.48 4.44 4.44 4.44 4.44 4.40 4.40 4.40 7.96 4.47 4.47 4.47 4.47 4.35 4.35 4.35 4.35 4.39 4.39 4.39 4.39 4.39 4.39 4.39 4.39 4.38 4.38 4.38 4.38 4.03 4.03 4.03 4.03 4.00 4.00 3.20 2.17 2.14 2.14 2.14 2.14 2.10 0.83 2.10 2.10 2.16 2.16 2.16 2.16
1.09 1.18 2.52 2.52 2.16 2.16 2.16 2.16 2.15 2.15 2.15 2.15 2.47 2.47 3.80 2.47 2.12 2.12 2.12 2.12 2.14 2.14 2.14 3.53 2.13 2.13 2.13 3.51 2.12 2.12 2.12 2.12 4.48 4.48 4.48 4.48 2.84 2.84 4.44 6.01 4.40 7.96 4.40 4.40 4.47 4.47 4.47 4.47 4.35 4.35 4.35 4.35 4.39 4.39 4.39 4.39 4.39 4.39 4.39 4.39 4.38 4.38 4.38 4.38 4.03 4.03 4.03 4.03 4.00 4.00 2.17 2.17 2.14 2.14 2.14 2.14 2.10 0.83 2.10 2.10 0.86 2.16 2.16 2.16
1.18 2.52 3.59 2.52 2.16 2.16 2.16 2.16 2.15 2.15 2.15 2.15 2.47 2.47 2.47 2.47 2.12 2.12 2.12 3.50 2.14 2.14 2.14 2.14 2.13 2.13 2.13 3.51 2.12 2.12 3.04 2.12 4.48 4.48 4.48 4.48 15.43 8.84 4.44 1.78 1.76 4.40 4.40 4.40 4.47 4.47 4.47 4.47 4.35 4.35 4.35 4.35 4.39 4.39 4.39 4.39 4.39 4.39 4.39 2.80 4.38 4.38 4.38 4.38 4.03 4.03 4.03 4.03 4.00 4.00 2.17 2.17 2.14 2.14 2.14 2.14 2.10 2.10 2.10 2.10 2.16 2.16 2.16 2.16
2.09 2.09 2.09 2.09 2.14 2.14 2.14 3.51 2.47 2.47 2.47 2.47 2.49 2.49 3.84 2.49 2.15 2.15 2.15 2.87 2.86 2.14 2.14 3.51 2.13 2.13 2.13 2.13 1.65 0.83 0.83 1.13 2.87 2.87 4.48 8.11 8.16 8.16 3.05 4.51 4.61 4.61 4.61 4.61 4.75 4.75 4.75 4.75 4.59 4.59 4.59 4.59 4.60 4.60 4.60 2.96 4.57 4.57 4.57 4.57 4.55 4.55 4.55 4.55 4.18 4.18 4.18 4.18 4.11 2.26 0.90 2.26 2.18 2.18 2.18 2.18 2.19 2.19 2.19 2.19 2.33 2.33 2.33 2.33
2.09 2.09 3.90 2.09 0.84 2.14 2.14 2.14 3.80 2.47 3.80 3.81 1.08 2.49 2.49 2.49 2.15 0.84 0.84 2.15 0.84 0.84 2.14 2.14 2.13 2.13 2.13 0.83 2.12 2.12 2.12 2.12 2.07 4.48 4.48 4.48 4.51 4.51 4.51 4.51 4.61 4.61 4.61 4.61 4.75 4.75 4.75 4.75 4.59 4.59 4.59 4.59 4.60 4.60 4.60 4.60 4.57 4.57 4.57 2.43 4.55 4.55 4.55 4.55 4.18 4.18 4.18 4.18 4.11 2.26 2.26 2.26 2.18 2.18 2.18 2.18 2.19 2.19 2.19 2.19 2.33 2.33 2.33 2.33
2.09 2.09 2.09 0.82 2.14 2.14 2.14 2.14 2.47 2.47 2.47 1.07 2.49 2.49 2.49 2.49 2.15 2.15 2.15 2.15 2.14 2.14 2.14 2.14 0.83 0.83 2.13 2.13 2.12 2.12 2.12 2.12 2.07 4.48 4.48 4.48 2.89 4.51 4.51 4.51 4.61 4.61 4.61 4.61 4.75 4.75 4.75 4.75 4.59 4.59 4.59 4.59 4.60 4.67 2.49 2.45 2.43 2.43 2.43 2.43 2.42 1.76 2.42 2.42 2.19 4.18 4.18 4.18 4.11 2.26 2.26 2.26 2.18 2.18 2.18 2.18 2.19 2.19 2.19 2.19 2.33 2.33 2.33 2.33
2.09 2.09 2.09 2.09 2.14 2.14 2.14 2.14 2.47 2.47 2.47 2.47 2.49 2.49 2.49 2.49 2.15 2.15 2.15 2.15 2.14 2.14 2.14 2.14 2.13 2.13 2.13 2.13 2.12 2.12 2.12 2.12 2.07 4.48 4.48 4.48 4.51 4.51 4.51 4.51 4.61 4.61 4.61 4.61 3.06 4.75 4.75 4.75 4.59 4.59 4.59 2.44 2.45 2.49 1.93 1.93 2.48 2.43 2.43 2.43 2.42 2.42 2.42 2.42 2.19 2.19 4.18 4.18 4.11 2.26 2.26 2.26 2.18 2.18 2.18 2.18 2.19 2.19 2.19 2.19 2.33 2.33 2.33 2.33
2.55 2.55 2.55 2.55 2.59 2.59 2.59 2.59 2.60 2.60 2.60 2.60 2.61 2.61 2.61 2.61 2.55 2.55 2.55 2.55 2.53 2.53 2.53 2.53 2.51 2.51 2.51 2.51 2.51 2.51 2.51 2.51 2.48 2.48 4.64 4.64 4.68 4.68 4.68 4.68 4.77 4.77 4.77 4.77 4.85 4.85 4.85 4.85 4.63 4.68 4.63 2.47 2.47 2.50 1.77 1.93 2.50 2.46 2.46 2.46 2.45 2.45 2.45 2.45 2.23 2.23 2.23 4.24 2.30 2.30 2.30 2.30 2.26 2.26 2.26 2.26 2.28 2.28 2.28 2.28 2.38 2.38 2.38 2.38
2.55 2.55 2.55 2.55 2.59 2.59 2.59 2.59 2.60 2.60 2.60 2.60 2.61 2.61 2.61 2.61 2.55 2.55 2.55 2.55 2.53 2.53 2.53 2.53 2.51 2.51 2.51 2.51 2.51 2.51 2.51 2.51 2.48 2.48 4.64 4.64 4.68 4.68 4.68 4.68 4.77 4.77 4.77 4.77 4.85 4.85 4.85 3.13 4.63 2.97 2.50 2.48 1.93 1.93 1.93 1.93 1.93 2.50 2.46 2.53 2.49 2.47 2.45 2.47 2.23 2.23 2.23 4.24 2.30 2.30 2.30 2.30 2.26 2.26 2.26 2.26 2.28 2.28 2.28 2.28 0.97 2.38 0.97 0.97
2.55 2.55 2.55 2.55 2.59 2.59 2.59 2.59 2.60 2.60 2.60 2.60 2.61 2.61 2.61 2.61 2.55 2.55 2.55 2.55 2.53 2.53 2.53 2.53 2.51 2.51 2.51 2.51 2.51 2.51 2.51 2.51 2.48 2.48 4.64 4.64 4.68 4.68 4.68 4.68 4.77 4.77 4.77 4.77 4.85 3.13 4.98 2.64 4.63 2.47 2.48 2.48 1.93 2.18 3.96 2.18 2.18 3.96 2.18 2.18 2.18 3.96 1.77 2.47 2.23 2.23 2.23 2.23 0.60 2.30 2.30 2.30 2.26 2.26 2.26 2.26 2.28 2.28 2.28 2.28 2.38 2.38 2.44 2.44
2.55 2.55 2.55 2.55 2.59 2.59 2.59 2.59 2.60 2.60 2.60 2.60 2.61 2.61 2.61 0.79 0.76 0.76 2.55 2.55 2.53 2.53 2.53 2.53 2.51 2.51 2.51 2.51 2.51 2.51 2.51 2.51 2.48 2.48 1.07 4.64 4.68 4.68 3.01 3.01 4.77 4.77 4.77 4.77 4.85 4.91 2.68 2.62 2.48 2.50 1.93 2.18 2.18 2.18 3.96 0.00 2.18 0.00 0.00 0.00 14.04 3.96 3.96 2.18 2.32 2.32 2.23 2.23 0.60 0.60 2.30 2.30 2.26 2.26 2.26 2.26 2.28 2.28 2.28 2.28 0.27 0.63 2.44 0.84
2.68 0.81 0.42 0.82 2.67 2.67 2.67 0.81 2.67 2.67 2.67 1.19 1.18 2.68 2.76 0.81 0.78 0.78 0.78 2.60 2.58 2.58 2.58 2.58 2.56 2.56 2.56 2.56 2.57 2.57 2.57 2.57 2.54 2.54 2.54 4.73 4.75 4.75 4.75 3.15 4.79 4.79 3.16 4.89 4.90 2.64 2.59 2.64 2.18 2.18 3.96 0.00 0.00 0.00 0.00 0.00 0.00 0.00 0.00 0.00 0.00 0.00 0.00 0.00 3.67 3.67 2.26 2.26 0.61 0.61 2.31 2.31 2.30 2.30 2.30 0.93 0.94 2.39 2.39 2.39 0.64 0.66 0.64 0.29
0.81 0.81 0.81 0.82 0.81 0.81 0.84 0.81 0.81 0.43 0.43 0.50 2.71 1.11 0.50 0.83 0.78 0.78 0.78 2.60 2.58 2.58 2.58 2.58 2.56 2.56 2.56 2.56 2.57 2.57 2.57 2.57 2.54 2.54 2.54 2.54 4.75 4.75 3.10 3.10 4.89 2.63 2.59 2.05 2.05 1.89 1.89 4.18 14.04 0.00 0.00 0.00 0.00 0.00 0.00 0.00 0.00 0.00 0.00 0.00 0.00 0.00 0.00 0.00 0.00 0.00 3.67 1.66 1.66 0.63 0.63 2.31 2.38 0.94 0.93 0.93 2.32 0.95 0.95 0.95 0.64 0.66 0.64 0.64
0.88 0.92 0.92 0.90 0.88 0.90 0.58 0.90 0.90 0.58 0.58 0.58 0.58 0.58 0.49 0.58 0.79 0.78 0.78 0.78 2.58 2.58 2.58 0.77 0.77 0.77 0.77 2.56 2.61 2.57 2.57 0.77 0.52 0.52 0.52 0.72 4.60 1.92 1.92 1.92 1.76 2.16 2.16 3.94 1.76 1.76 1.76 0.00 0.00 0.00 0.00 0.00 0.00 0.00 0.00 0.00 0.00 0.00 0.00 0.00 0.00 0.00 0.00 0.00 0.00 0.00 0.00 0.00 0.00 12.87 0.59 0.59 0.54 2.12 0.85 0.87 0.86 0.88 0.85 2.14 0.23 0.55 0.37 0.37
0.90 0.58 0.75 2.33 0.88 0.88 0.92 0.49 0.75 0.75 0.75 2.33 0.75 0.58 0.49 0.58 0.48 0.78 0.78 0.81 0.81 0.77 0.77 0.81 0.80 0.77 0.78 0.48 0.48 0.78 0.80 0.80 0.52 0.52 0.52 0.22 1.73 2.16 2.16 1.76 2.16 2.16 3.94 3.94 3.94 0.00 0.00 0.00 0.00 0.00 0.00 0.00 0.00 0.00 0.00 0.00 0.00 0.00 0.00 0.00 0.00 0.00 0.00 0.00 0.00 0.00 0.00 0.00 0.00 0.00 0.00 0.00 0.00 0.54 0.54 0.22 0.27 0.23 0.54 0.59 0.37 0.00 0.37 1.52
0.90 0.75 0.75 0.75 0.91 0.91 0.58 0.75 0.75 0.75 0.75 0.75 0.75 0.75 0.75 0.75 0.62 0.81 0.84 2.00 0.62 0.78 0.48 0.48 0.40 0.48 0.48 0.48 0.62 0.48 0.48 0.48 0.72 0.52 0.52 0.75 1.81 2.16 1.76 2.16 2.16 3.94 3.94 3.94 0.00 0.00 0.00 0.00 0.00 0.00 0.00 0.00 0.00 0.00 0.00 0.00 0.00 0.00 0.00 0.00 0.00 0.00 0.00 0.00 0.00 0.00 0.00 0.00 0.00 0.00 0.00 0.00 0.00 0.00 0.00 0.00 12.87 12.87 0.38 0.38 0.00 0.00 0.00 0.37
0.75 0.75 2.33 2.33 0.58 0.49 0.75 0.75 0.75 0.75 0.75 2.33 2.33 0.75 0.75 0.75 0.62 0.62 2.00 0.62 2.00 0.43 0.62 0.62 0.62 0.62 0.62 0.40 0.62 0.62 0.62 0.62 0.54 0.34 0.75 1.81 1.81 3.94 3.94 3.94 3.94 3.94 3.94 0.00 0.00 0.00 0.00 0.00 0.00 0.00 0.00 0.00 0.00 0.00 0.00 0.00 0.00 0.00 0.00 0.00 0.00 0.00 0.00 0.00 0.00 0.00 0.00 0.00 0.00 0.00 0.00 0.00 0.00 0.00 0.00 0.00 0.00 0.00 0.00 0.00 0.00 0.00 0.00 0.00
0.75 0.75 0.75 0.75 0.75 0.75 0.40 2.33 0.40 0.40 0.40 2.33 15.33 0.00 0.00 0.00 0.00 14.64 14.64 0.00 0.00 0.00 0.00 14.64 2.00 2.00 2.00 2.00 2.00 2.00 2.00 2.00 1.81 1.81 1.81 1.81 1.81 3.94 3.94 3.94 3.94 3.94 0.00 0.00 0.00 0.00 0.00 0.00 0.00 0.00 0.00 0.00 0.00 0.00 0.00 0.00 0.00 0.00 0.00 0.00 0.00 0.00 0.00 0.00 0.00 0.00 0.00 0.00 0.00 0.00 0.00 0.00 0.00 0.00 0.00 0.00 0.00 0.00 0.00 0.00 0.00 0.00 0.00 0.00
0.75 0.75 0.75 0.75 0.75 0.40 0.40 2.33 0.40 0.40 0.40 2.33 0.00 0.00 0.00 0.00 0.00 0.00 0.00 0.00 0.00 0.00 0.00 0.00 0.00 0.00 0.00 4.45 2.00 2.00 2.00 2.00 1.81 1.81 1.81 1.81 1.81 1.81 13.99 3.94 3.94 13.99 0.00 0.00 0.00 0.00 0.00 0.00 0.00 0.00 0.00 0.00 0.00 0.00 0.00 0.00 0.00 0.00 0.00 0.00 0.00 0.00 0.00 0.00 0.00 0.00 0.00 0.00 0.00 0.00 0.00 0.00 0.00 0.00 0.00 0.00 0.00 0.00 0.00 0.00 0.00 0.00 0.00 0.00
0.75 0.75 2.33 2.33 0.40 0.40 0.40 0.40 0.40 0.40 0.40 2.33 0.00 0.00 0.00 0.00 0.00 0.00 0.00 0.00 0.00 0.00 0.00 0.00 0.00 0.00 0.00 0.00 0.00 0.00 2.00 2.00 0.00 0.00 0.00 0.00 0.00 0.00 0.00 0.00 0.00 0.00 0.00 0.00 0.00 0.00 0.00 0.00 0.00 0.00 0.00 0.00 0.00 0.00 0.00 0.00 0.00 0.00 0.00 0.00 0.00 0.00 0.00 0.00 0.00 0.00 0.00 0.00 0.00 0.00 0.00 0.00 0.00 0.00 0.00 0.00 0.00 0.00 0.00 0.00 0.00 0.00 0.00 0.00
0.75 0.75 0.75 0.40 0.40 0.75 5.06 5.06 15.33 0.00 0.00 0.00 0.00 0.00 0.00 0.00 0.00 0.00 0.00 0.00 0.00 0.00 0.00 0.00 0.00 0.00 0.00 0.00 0.00 0.00 0.00 0.00 0.00 0.00 0.00 0.00 0.00 0.00 0.00 0.00 0.00 0.00 0.00 0.00 0.00 0.00 0.00 0.00 0.00 0.00 0.00 0.00 0.00 0.00 0.00 0.00 0.00 0.00 0.00 0.00 0.00 0.00 0.00 0.00 0.00 0.00 0.00 0.00 0.00 0.00 0.00 0.00 0.00 0.00 0.00 0.00 0.00 0.00 0.00 0.00 0.00 0.00 0.00 0.00
0.75 0.49 0.49 2.33 0.40 2.33 2.33 5.06 8.67 16.76 2.33 5.06 0.00 0.00 0.00 0.00 0.00 0.00 0.00 0.00 0.00 0.00 0.00 0.00 0.00 0.00 0.00 0.00 0.00 0.00 0.00 0.00 0.00 0.00 0.00 0.00 0.00 0.00 0.00 0.00 0.00 0.00 0.00 0.00 0.00 0.00 0.00 0.00 0.00 0.00 0.00 0.00 0.00 0.00 0.00 0.00 0.00 0.00 0.00 0.00 0.00 0.00 0.00 0.00 0.00 0.00 0.00 0.00 0.00 0.00 0.00 0.00 0.00 0.00 0.00 0.00 0.00 0.00 0.00 0.00 0.00 0.00 0.00 0.00
0.94 0.75 0.75 0.75 2.33 2.33 2.33 5.06 5.06 5.06 0.40 5.06 0.00 0.00 0.00 0.00 0.00 0.00 0.00 0.00 0.00 0.00 0.00 0.00 0.00 0.00 0.00 0.00 0.00 0.00 0.00 0.00 0.00 0.00 0.00 0.00 0.00 0.00 0.00 0.00 0.00 0.00 0.00 0.00 0.00 0.00 0.00 0.00 0.00 0.00 0.00 0.00 0.00 0.00 0.00 0.00 0.00 0.00 0.00 0.00 0.00 0.00 0.00 0.00 0.00 0.00 0.00 0.00 0.00 0.00 0.00 0.00 0.00 0.00 0.00 0.00 0.00 0.00 0.00 0.00 0.00 0.00 0.00 0.00
0.00 0.75 2.33 2.33 0.75 2.33 2.33 2.33 2.33 2.70 2.33 2.33 0.00 0.00 0.00 0.00 0.00 0.00 0.00 0.00 0.00 0.00 0.00 0.00 0.00 0.00 0.00 0.00 0.00 0.00 0.00 0.00 0.00 0.00 0.00 0.00 0.00 0.00 0.00 0.00 0.00 0.00 0.00 0.00 0.00 0.00 0.00 0.00 0.00 0.00 0.00 0.00 0.00 0.00 0.00 0.00 0.00 0.00 0.00 0.00 0.00 0.00 0.00 0.00 0.00 0.00 0.00 0.00 0.00 0.00 0.00 0.00 0.00 0.00 0.00 0.00 0.00 0.00 0.00 0.00 0.00 0.00 0.00 0.00
0.00 0.00 0.75 0.75 0.90 0.90 2.96 0.95 0.92 0.75 2.33 0.95 0.95 0.95 2.33 0.75 2.00 2.00 3.03 0.62 0.00 0.00 0.00 0.00 0.00 0.00 0.00 0.00 0.00 0.00 0.00 0.00 0.00 0.00 0.00 0.00 0.00 0.00 0.00 0.00 0.00 0.00 0.00 0.00 0.00 0.00 0.00 0.00 0.00 0.00 0.00 0.00 0.00 0.00 0.00 0.00 0.00 0.00 0.00 0.00 0.00 0.00 0.00 0.00 0.00 0.00 0.00 0.00 0.00 0.00 0.00 0.00 0.00 0.00 0.00 0.00 0.00 0.00 0.00 0.00 0.00 0.00 0.00 0.00
0.00 0.00 0.00 2.33 1.27 2.96 4.68 2.89 2.86 2.94 2.94 2.94 0.92 0.95 0.75 0.75 0.62 0.62 2.00 2.51 0.62 14.64 0.00 0.00 0.00 0.00 0.00 0.00 0.00 0.00 0.00 0.00 0.00 0.00 0.00 0.00 0.00 0.00 0.00 0.00 0.00 0.00 0.00 0.00 0.00 0.00 0.00 0.00 0.00 0.00 0.00 0.00 0.00 0.00 0.00 0.00 0.00 0.00 0.00 0.00 0.00 0.00 0.00 0.00 0.00 0.00 0.00 0.00 0.00 0.00 0.00 0.00 0.00 0.00 0.00 0.00 0.00 0.00 0.00 0.00 0.00 0.00 0.00 0.00
0.00 0.00 0.00 1.27 0.95 2.96 2.89 2.89 2.86 2.86 2.90 2.90 2.89 0.75 0.75 0.58 1.15 1.07 1.07 1.07 0.48 0.62 14.64 2.00 0.00 0.00 0.00 0.00 0.00 0.00 0.00 0.00 0.00 0.00 0.00 0.00 0.00 0.00 0.00 0.00 0.00 0.00 0.00 0.00 0.00 0.00 0.00 0.00 0.00 0.00 0.00 0.00 0.00 0.00 0.00 0.00 0.00 0.00 0.00 0.00 0.00 0.00 0.00 0.00 0.00 0.00 0.00 0.00 0.00 0.00 0.00 0.00 0.00 0.00 0.00 0.00 0.00 0.00 0.00 0.00 0.00 0.00 0.00 0.00
0.00 0.00 0.00 0.00 0.95 2.94 2.86 2.86 2.83 2.83 2.83 2.83 3.58 0.95 0.75 1.98 0.79 1.07 0.79 3.30 2.64 1.07 0.62 0.62 0.62 2.00 14.64 0.00 0.00 0.00 0.00 0.00 0.00 0.00 0.00 0.00 0.00 0.00 0.00 0.00 0.00 0.00 0.00 0.00 0.00 0.00 0.00 0.00 0.00 0.00 0.00 0.00 0.00 0.00 0.00 0.00 0.00 0.00 0.00 0.00 0.00 0.00 0.00 0.00 0.00 0.00 0.00 0.00 0.00 0.00 0.00 0.00 0.00 0.00 0.00 0.00 0.00 0.00 0.00 0.00 0.00 0.00 0.00 0.00
0.00 0.00 0.00 0.00 0.00 2.86 4.63 2.86 2.83 2.83 2.83 1.26 2.94 0.49 0.95 1.27 1.07 1.44 1.17 1.12 2.53 2.64 1.07 0.62 0.62 0.62 2.00 2.00 0.00 0.00 0.00 0.00 0.00 0.00 0.00 0.00 0.00 0.00 0.00 0.00 0.00 0.00 0.00 0.00 0.00 0.00 0.00 0.00 0.00 0.00 0.00 0.00 0.00 0.00 0.00 0.00 0.00 0.00 0.00 0.00 0.00 0.00 0.00 0.00 0.00 0.00 0.00 0.00 0.00 0.00 0.00 0.00 0.00 0.00 0.00 0.00 0.00 0.00 0.00 0.00 0.00 0.00 0.00 0.00
0.00 0.00 0.00 0.00 0.00 0.00 3.86 3.75 3.72 3.72 3.72 1.82 3.86 1.18 2.34 1.88 1.41 4.20 1.45 3.06 3.02 3.02 3.15 1.06 0.84 0.84 0.84 2.55 2.55 0.00 0.00 0.00 0.00 0.00 0.00 0.00 0.00 0.00 0.00 14.44 1.94 0.00 0.00 0.00 0.00 0.00 0.00 4.14 5.51 5.51 5.27 3.64 0.00 0.00 0.00 0.00 0.00 0.00 0.00 0.00 0.00 0.00 0.00 0.00 0.00 0.00 0.00 0.00 0.00 0.00 0.00 0.00 0.00 0.00 0.00 0.00 0.00 0.00 0.00 0.00 0.00 0.00 0.00 0.00
0.00 0.00 0.00 0.00 0.00 0.00 3.75 3.75 3.72 3.72 3.72 1.82 3.86 3.86 6.13 1.45 3.17 3.17 3.06 3.06 3.02 3.02 3.02 3.08 3.17 3.17 1.01 0.96 1.06 2.55 2.55 2.55 0.00 0.00 0.00 0.00 0.00 0.00 1.94 1.94 1.94 1.94 4.14 4.14 4.14 4.14 2.65 2.65 2.29 2.29 1.97 1.97 3.64 0.00 0.00 0.00 0.00 0.00 0.00 0.00 0.00 0.00 0.00 0.00 0.00 0.00 0.00 0.00 0.00 0.00 0.00 0.00 0.00 0.00 0.00 0.00 0.00 0.00 0.00 0.00 0.00 0.00 0.00 0.00
