New_Model_Runs/15_Future_RCP8.5_Scn2_out/post_prcessed_with_MFR/Monthly_summaries/runoff_monthly_APR.asc
NCOLS 700
NROWS 400
XLLCENTER 515000.000000
YLLCENTER 8409000.000000
CELLSIZE 50.000000
NODATA_value -999.000000
[rows 228 to 265 of 400, columns 168 to 251 of 700]
3.78 2.92 6.10 6.72 3.80 3.92 3.92 3.92 4.25 4.25 3.31 3.31 3.48 3.48 6.18 6.34 3.73 4.12 4.12 4.12 3.23 4.12 4.12 4.12 3.77 3.77 3.77 3.77 3.77 4.04 3.77 4.04 3.77 4.46 6.79 4.37 3.01 2.73 2.73 2.73 2.54 2.54 2.54 3.61 2.87 3.59 3.59 2.54 2.54 2.54 2.54 3.59 3.61 3.61 3.61 2.64 2.39 2.39 2.78 2.78 2.82 2.82 2.82 2.82 4.50 2.86 2.86 1.31 2.85 2.85 2.85 2.85 2.36 2.36 2.36 2.36 2.31 2.31 2.31 2.31 2.26 2.26 2.41 2.26
3.78 3.78 3.78 3.78 3.80 3.80 3.92 3.92 4.11 7.61 3.48 6.18 5.85 3.48 3.48 3.73 3.73 3.73 3.48 3.48 4.12 3.23 3.23 3.23 7.17 5.86 5.86 3.51 5.86 4.46 3.77 3.51 4.46 7.17 4.46 3.77 3.77 3.77 2.47 5.14 2.54 2.52 3.61 3.61 3.59 5.00 2.30 2.30 2.30 2.54 2.54 3.59 2.89 5.85 5.85 5.85 4.99 4.99 2.78 2.78 2.82 2.82 2.94 1.29 1.31 1.41 2.86 2.86 2.85 2.85 2.85 2.95 0.82 2.46 2.46 1.05 2.31 2.31 2.31 2.31 2.26 2.41 2.41 2.26
6.18 6.18 6.18 6.18 6.22 4.41 6.22 3.80 7.46 4.25 4.25 4.25 5.85 3.48 3.48 3.73 6.34 3.48 3.48 3.48 4.12 3.23 3.23 3.23 3.51 3.51 3.51 3.51 3.51 7.72 7.17 7.17 3.51 3.51 3.51 10.29 3.51 7.17 4.46 4.46 3.54 3.54 2.54 3.61 2.54 6.17 2.30 2.30 2.30 2.63 2.50 2.50 2.52 2.89 2.89 5.85 4.99 2.78 2.78 2.78 2.82 2.82 2.82 1.29 1.31 2.86 2.86 2.86 2.85 2.85 1.33 2.90 1.08 2.46 2.36 2.36 2.31 2.31 2.31 2.31 2.26 3.81 2.41 2.26
6.18 6.18 6.18 6.18 6.22 6.22 6.22 15.29 6.66 4.11 3.20 4.25 3.48 3.48 3.48 5.85 3.48 3.48 3.48 6.00 3.73 3.73 3.48 6.65 3.51 6.22 3.51 4.46 3.51 4.46 13.21 7.17 3.51 3.51 3.51 3.51 6.22 3.88 7.17 3.51 4.20 3.54 3.54 4.28 4.72 3.30 3.77 3.77 2.87 1.98 2.87 1.98 2.89 2.89 2.89 2.89 2.39 2.78 2.78 2.78 2.82 2.82 2.82 1.35 2.95 2.95 2.86 2.86 4.67 4.67 2.85 2.95 2.46 1.05 2.36 2.36 2.31 2.31 2.31 2.31 2.41 2.41 2.26 3.58
4.46 6.28 6.28 6.28 6.29 6.29 17.41 10.66 4.80 4.93 4.80 3.33 3.31 3.31 6.93 3.48 3.48 3.48 3.48 3.48 6.34 3.73 6.00 3.73 3.77 3.88 3.66 3.77 3.51 4.04 7.17 7.17 3.77 4.46 4.46 5.58 10.45 7.25 8.19 4.46 3.30 3.30 3.30 3.30 4.20 4.09 4.09 4.09 4.16 2.94 2.94 2.94 2.97 2.97 2.97 2.97 2.43 0.93 3.45 4.49 4.55 2.86 4.55 2.96 5.73 1.35 1.35 2.97 2.89 2.89 4.75 2.97 2.37 2.37 2.37 2.37 2.30 2.30 2.30 3.61 2.27 2.27 2.27 2.27
6.28 6.28 6.28 6.28 6.29 11.83 6.29 6.29 6.71 6.71 4.80 4.93 4.91 4.76 4.76 4.25 5.85 3.48 3.48 3.73 3.73 3.73 5.85 3.48 3.77 3.88 4.04 3.77 3.77 6.10 3.77 7.17 3.77 8.08 5.58 5.78 5.78 4.99 4.99 6.19 4.25 3.65 6.00 3.65 4.20 4.09 4.09 4.09 4.16 3.66 3.36 4.16 4.20 2.97 2.97 2.97 0.93 0.93 0.93 2.83 2.86 2.86 2.86 2.86 2.97 1.04 3.23 1.35 2.97 2.97 1.04 1.04 2.47 2.37 2.37 2.37 2.30 2.30 6.07 3.61 2.27 2.27 2.27 2.27
6.28 6.28 6.28 6.28 4.47 11.83 6.29 6.29 6.71 6.71 6.71 4.80 4.76 4.76 10.59 12.60 4.23 4.23 4.23 3.48 3.48 10.59 3.73 6.38 3.77 6.22 3.77 3.77 3.77 3.88 3.88 3.74 7.08 6.48 6.99 8.08 5.05 5.53 3.37 4.69 3.15 3.15 4.05 3.15 3.65 4.09 3.33 4.72 4.73 4.31 4.98 4.98 4.99 6.78 3.27 4.20 0.53 0.53 0.53 0.93 2.86 2.86 2.86 2.86 2.97 2.97 1.35 1.35 1.35 1.35 1.35 1.40 2.47 2.37 1.06 2.37 2.30 2.43 2.30 2.30 2.27 2.27 2.27 2.27
6.28 6.28 6.28 6.28 6.29 16.03 6.29 6.29 6.71 6.71 4.80 6.71 6.67 6.67 6.67 4.12 4.23 4.09 4.23 3.73 3.48 3.48 3.73 3.73 3.77 6.22 8.55 4.83 3.74 3.51 3.74 3.74 3.39 4.34 6.99 10.06 5.53 5.53 4.04 4.69 3.15 7.27 4.05 6.21 4.09 4.09 4.09 3.33 4.73 4.31 3.36 4.62 7.35 5.49 4.99 4.99 0.56 0.97 0.97 0.93 2.86 2.86 2.86 2.86 2.90 2.93 1.35 1.35 1.35 1.35 2.89 2.97 3.73 3.73 2.37 2.37 2.43 2.30 2.30 3.61 2.27 2.27 2.27 2.27
6.36 6.36 6.36 6.36 6.37 6.37 6.37 6.37 6.78 4.85 4.85 6.78 6.70 6.70 4.78 4.78 6.61 4.08 4.23 3.48 3.48 3.73 3.73 3.48 3.77 3.74 3.41 4.36 4.82 7.81 7.81 3.73 3.37 4.32 4.32 5.56 5.54 5.54 3.88 3.70 3.65 4.09 4.09 4.09 4.19 4.19 4.19 4.19 3.39 4.23 7.62 3.54 4.76 15.38 5.22 5.22 1.35 2.96 1.31 2.96 2.88 2.88 2.91 2.91 2.93 1.35 2.90 1.35 2.00 2.96 2.87 2.87 2.34 2.34 3.82 3.79 2.28 2.28 2.28 2.28 2.30 2.30 2.30 2.30
6.36 6.36 6.36 6.36 6.37 11.98 6.37 6.37 6.78 6.78 6.78 6.78 6.70 6.70 6.70 6.70 4.72 6.62 3.17 3.30 3.48 3.73 3.73 3.73 3.77 3.74 3.74 3.41 4.82 3.64 7.81 3.88 4.80 4.80 4.32 4.32 5.54 5.77 3.70 3.70 3.18 4.09 4.09 4.09 4.19 4.19 4.19 4.19 3.39 4.23 4.23 3.34 4.62 4.76 5.22 2.31 1.35 1.04 2.96 1.35 2.96 2.96 1.35 1.35 1.35 1.35 2.90 1.42 3.22 1.34 1.42 4.28 2.34 2.34 2.34 2.34 1.84 2.28 2.28 2.28 2.30 2.30 2.30 2.30
6.36 6.36 6.36 6.36 6.37 6.37 6.37 6.37 6.78 6.78 6.78 6.78 6.70 6.70 6.70 6.70 10.38 4.08 4.08 4.23 3.48 3.48 3.73 6.00 4.04 4.72 7.82 4.36 3.73 3.73 3.73 10.21 4.80 8.50 4.80 3.72 4.94 3.88 3.70 3.70 4.09 4.09 4.09 4.09 4.19 4.19 3.26 4.19 4.23 3.39 3.39 3.34 3.30 5.22 4.62 1.85 1.84 1.04 1.11 1.35 1.35 1.35 1.35 1.35 1.35 1.35 1.35 1.35 2.02 1.35 1.37 1.32 2.45 3.70 2.34 2.34 2.28 2.28 2.28 2.28 6.65 2.30 2.30 2.30
6.36 6.36 6.36 6.36 6.37 6.37 6.37 6.37 6.78 6.78 6.78 6.78 6.70 6.70 6.70 6.70 6.61 4.23 3.48 3.73 3.48 4.22 4.22 6.81 5.53 4.83 4.36 4.36 4.34 4.34 4.34 3.39 4.32 4.32 7.19 3.72 6.90 3.70 6.16 3.34 4.09 4.09 4.09 4.09 4.19 4.19 4.33 4.33 4.34 3.39 3.66 4.23 4.28 3.80 3.80 2.31 1.04 1.35 1.35 1.35 1.35 1.35 1.35 1.35 1.04 1.35 1.35 1.35 1.35 1.35 2.56 2.96 2.45 2.34 2.34 2.34 2.28 2.28 2.28 2.28 2.30 2.30 2.30 2.30
6.40 6.40 6.40 6.40 6.38 11.99 6.38 6.38 6.77 6.77 6.77 6.77 6.68 6.68 6.68 6.68 4.88 4.78 3.73 4.78 3.22 6.60 6.60 6.82 7.84 7.84 4.67 4.67 4.36 4.36 4.36 4.36 3.88 4.99 4.99 3.37 4.32 11.30 7.54 3.37 4.16 4.16 4.16 4.16 4.22 4.34 4.22 4.34 3.80 3.66 4.73 4.26 3.80 3.80 3.80 1.14 1.04 1.35 1.35 1.35 1.35 1.35 1.35 1.35 1.04 1.78 2.00 1.35 1.58 1.04 1.35 3.62 1.03 2.33 2.33 2.33 2.30 2.30 2.30 3.63 2.34 2.34 2.34 2.34
6.40 12.03 6.40 6.40 6.38 6.38 4.54 6.38 6.77 6.77 6.77 12.66 6.68 6.68 6.68 6.68 4.71 4.88 4.88 4.78 4.88 6.60 6.60 6.60 7.59 7.59 4.67 4.67 4.36 4.36 4.36 4.36 4.32 4.32 3.72 4.32 4.32 3.37 3.72 4.32 4.16 4.16 4.16 4.16 4.22 4.34 4.34 3.54 3.54 3.54 4.20 3.80 3.80 4.20 3.80 2.57 0.68 1.60 1.35 1.35 1.35 1.35 1.35 1.35 1.83 1.35 1.35 1.35 1.35 1.35 2.94 2.84 3.67 2.33 2.33 2.33 2.30 2.30 2.30 2.30 2.34 2.34 2.34 2.34
6.35 6.35 6.35 6.35 6.33 10.47 11.95 18.33 6.66 6.66 24.23 12.46 6.57 6.57 6.57 6.57 6.50 4.63 6.59 4.63 6.50 6.50 6.50 6.50 6.73 6.73 6.73 6.73 4.14 4.14 4.14 4.14 4.10 4.10 4.10 4.10 4.10 4.10 3.18 4.10 3.83 3.83 2.97 2.97 3.94 3.48 3.24 8.02 6.10 4.35 3.92 3.99 3.10 3.24 3.48 0.73 0.58 1.16 1.16 1.16 1.16 1.16 1.16 1.16 2.53 1.16 1.16 1.16 1.17 1.17 2.65 2.55 1.76 1.76 1.76 1.76 1.74 1.74 1.74 1.74 1.77 1.77 1.77 1.77
6.35 6.35 6.35 6.35 6.33 6.33 6.33 6.33 6.66 6.66 6.66 6.66 12.36 12.36 12.36 12.30 6.50 6.50 6.50 6.50 6.50 6.50 6.50 6.50 6.73 6.73 6.73 6.73 6.70 6.70 4.14 4.14 4.10 4.10 4.10 4.10 4.10 4.10 4.10 4.10 3.83 3.83 3.83 3.08 3.48 3.48 3.48 5.71 3.92 3.87 3.87 3.92 3.99 3.99 1.11 0.73 0.50 0.50 1.16 1.16 1.16 1.16 1.16 0.95 1.16 1.16 0.89 1.16 1.17 2.59 2.55 2.55 1.76 1.76 1.76 1.76 1.74 1.74 1.74 2.07 1.77 1.77 1.77 2.09
6.33 6.33 17.69 11.83 6.25 14.09 6.25 6.25 6.57 6.57 6.57 6.57 6.52 6.52 6.52 6.52 6.49 6.49 6.49 6.49 6.52 6.52 6.52 6.52 6.79 6.79 6.79 6.79 6.76 6.76 6.76 4.19 4.13 4.13 4.13 4.13 4.15 4.15 4.15 3.23 3.84 3.84 3.84 3.98 3.08 3.48 3.34 3.08 2.96 3.83 3.83 3.83 3.87 3.87 1.11 0.73 0.50 0.58 0.89 0.89 1.16 1.16 1.21 1.16 0.95 1.16 1.16 0.89 1.17 1.17 2.54 2.54 1.77 1.77 1.77 1.77 1.76 1.76 2.08 2.08 0.77 1.78 1.78 2.12
6.33 6.33 6.33 6.33 6.25 6.25 11.74 6.25 6.57 6.57 6.57 6.57 6.52 6.52 6.52 6.52 6.49 6.49 9.69 4.63 6.52 6.52 6.52 6.52 6.79 6.79 6.79 6.79 6.76 6.76 6.76 4.19 4.13 4.13 4.13 4.13 4.15 4.15 4.15 3.36 3.84 2.98 3.84 3.98 3.08 6.82 2.97 3.84 2.96 4.35 3.83 3.83 4.35 3.85 1.11 0.84 0.58 0.50 0.89 1.16 1.16 1.16 1.16 1.16 1.16 1.16 1.16 1.18 1.17 2.54 2.54 2.59 1.77 1.77 4.17 1.77 1.76 2.08 2.65 0.92 0.92 0.77 0.77 2.12
6.33 17.65 6.33 6.33 6.25 6.25 11.74 6.25 6.57 6.57 4.68 4.83 4.81 4.65 4.65 4.65 6.49 6.71 4.80 6.49 6.52 6.52 6.52 6.52 6.79 6.79 6.79 6.79 6.76 6.76 6.76 6.76 4.13 4.13 4.13 4.13 4.15 4.15 4.15 4.15 3.84 3.84 2.98 6.95 3.97 3.84 3.84 4.35 6.84 4.35 4.35 3.83 3.87 3.85 0.67 1.11 0.86 0.58 0.95 1.16 1.25 1.16 0.89 1.16 1.16 1.16 2.61 2.57 1.20 1.25 2.54 2.64 2.22 2.09 1.77 1.77 1.76 3.00 1.76 1.76 1.78 0.77 2.12 0.91
6.33 6.33 6.33 6.33 6.25 6.25 6.25 6.25 6.57 6.57 4.68 6.75 4.81 4.65 4.65 6.52 8.14 4.45 6.49 6.49 6.52 6.52 6.52 6.52 6.79 6.79 6.79 6.79 6.76 12.73 6.76 6.76 6.68 4.13 7.38 4.13 4.15 4.15 4.15 4.15 3.84 3.84 3.84 3.98 6.97 3.84 5.95 4.35 6.84 3.34 3.83 3.83 3.85 6.27 0.64 0.64 0.86 0.89 1.16 1.18 1.21 1.18 1.16 1.16 0.89 1.16 2.61 4.15 2.54 1.14 4.00 0.89 1.77 3.02 1.77 1.77 1.80 1.76 1.76 1.76 1.78 1.78 2.12 0.69
6.28 6.28 11.81 6.28 6.20 6.20 6.20 6.20 6.52 6.52 4.81 3.24 6.51 4.63 4.63 4.63 8.33 4.45 6.72 6.50 6.54 6.54 6.54 18.45 6.82 6.82 6.82 6.82 12.75 6.78 6.78 6.78 6.75 4.17 4.17 4.17 4.19 4.19 4.19 4.19 3.82 2.96 3.82 3.82 3.80 3.80 5.20 3.34 6.84 3.34 3.83 3.83 3.24 0.73 1.11 0.64 1.20 0.89 0.89 0.89 1.16 1.16 2.53 2.53 1.16 1.16 1.16 1.16 2.53 2.63 1.16 1.16 1.82 1.78 1.78 0.78 0.69 1.83 1.83 2.13 1.81 1.81 2.13 0.69
6.28 6.28 6.28 6.28 6.20 6.20 6.20 6.20 6.52 6.52 6.76 3.24 4.00 3.11 7.59 4.63 4.80 4.80 6.72 6.50 4.66 6.54 6.54 6.54 6.82 6.82 6.82 6.82 6.78 6.78 6.78 6.78 6.75 4.17 4.17 4.17 4.19 4.19 4.19 4.19 3.82 4.35 4.35 4.35 3.80 7.01 7.65 6.84 6.84 6.84 3.08 3.83 4.35 0.64 0.73 0.64 1.17 1.16 1.16 1.16 0.89 0.95 1.16 1.16 1.16 1.16 1.16 0.89 1.62 1.16 1.16 1.16 0.69 2.22 1.78 0.92 1.21 0.69 0.91 0.91 1.84 1.81 2.13 0.91
6.28 6.28 6.28 6.28 6.20 6.20 6.20 11.65 6.52 4.02 4.02 3.24 3.23 4.00 6.49 4.15 4.00 4.63 4.80 4.80 4.66 6.54 6.54 6.54 6.82 6.82 6.82 6.82 6.78 6.78 6.78 6.78 6.75 6.75 4.17 4.17 4.19 4.19 4.19 4.19 3.82 4.35 6.84 6.84 4.35 4.35 4.35 4.35 6.84 3.34 3.83 3.83 3.10 1.11 0.84 0.73 1.20 1.17 1.16 1.16 1.16 0.89 0.89 1.16 1.16 1.16 0.89 1.16 1.19 0.89 1.16 0.89 0.69 2.22 0.78 0.97 1.25 0.69 0.91 0.91 0.91 2.22 2.05 0.69
6.28 6.28 6.28 6.28 6.20 6.20 11.65 6.20 6.52 6.52 4.02 3.24 3.23 4.00 3.52 3.23 3.10 3.23 4.80 4.80 4.66 6.54 6.54 6.54 6.82 6.82 6.82 12.80 12.77 6.78 6.78 6.78 6.75 4.17 4.17 4.17 4.19 4.19 4.19 4.19 3.82 4.35 6.84 6.84 6.84 6.84 6.84 6.84 3.34 2.97 2.97 3.08 3.99 0.73 0.84 1.11 2.56 1.17 1.15 1.16 1.16 1.16 0.89 1.16 1.16 0.89 0.89 0.89 0.89 0.89 1.16 1.16 3.31 0.77 0.78 0.97 0.91 0.91 0.91 0.91 0.91 0.91 0.74 2.22
6.32 6.32 6.32 6.32 6.24 6.24 6.24 6.24 6.53 6.53 6.53 3.12 3.10 3.99 4.14 5.40 3.09 3.22 3.22 4.61 4.67 6.55 6.55 6.55 12.88 6.86 6.86 12.91 6.85 6.85 6.85 6.85 6.83 4.23 4.23 4.23 4.22 4.22 4.22 4.22 3.80 4.35 6.84 6.84 6.84 3.01 3.01 3.01 3.84 3.84 3.84 3.09 3.10 0.73 0.84 1.11 0.89 1.16 1.16 0.89 1.16 1.16 1.16 1.16 1.16 0.95 0.89 0.89 0.89 0.89 0.89 0.89 3.31 2.12 0.91 0.69 0.91 0.91 0.74 0.91 0.91 0.91 2.05 2.22
6.32 6.32 6.32 6.32 6.24 6.24 11.73 6.24 6.53 6.53 9.45 3.12 3.23 4.14 3.52 9.20 3.22 3.22 3.22 6.48 6.55 6.55 6.55 6.55 12.65 6.86 12.92 6.86 6.85 6.85 6.85 6.85 6.83 4.23 4.23 4.23 4.22 4.22 4.22 4.22 3.80 8.50 6.84 5.42 3.34 3.79 3.79 3.95 3.84 3.84 3.90 3.02 3.93 0.84 0.67 0.65 0.50 0.58 1.16 1.16 0.95 2.53 1.16 1.16 1.16 1.16 0.89 1.16 1.16 0.89 0.89 1.19 0.91 0.91 0.91 0.91 0.91 0.91 0.91 0.91 0.91 0.91 2.05 2.05
4.49 6.32 6.32 6.32 6.24 6.24 6.24 6.24 12.29 6.53 6.53 3.12 3.23 3.41 3.41 3.23 3.22 3.09 3.22 6.48 6.55 6.55 6.55 6.55 6.86 6.86 6.86 6.86 6.85 6.85 6.85 6.85 6.83 4.23 4.23 4.23 4.22 4.22 4.22 7.54 3.80 8.50 6.84 6.84 3.79 3.79 3.79 3.79 3.84 3.84 3.98 3.48 0.84 0.84 0.84 0.84 0.58 0.89 1.16 1.16 1.16 0.95 1.16 0.89 1.16 1.16 0.89 1.16 1.16 0.89 0.89 1.16 0.91 0.91 0.91 0.91 0.91 0.91 0.91 0.91 0.91 0.91 0.91 0.91
6.32 4.49 6.32 6.32 6.24 6.24 6.24 6.24 10.76 6.53 6.53 4.02 3.23 3.41 8.25 3.41 5.54 3.22 3.98 6.48 6.55 6.55 6.55 6.55 6.86 6.86 6.86 6.86 6.85 6.85 6.85 6.85 4.23 4.23 4.23 4.23 4.22 4.22 7.54 4.22 3.80 3.80 3.34 4.35 3.95 3.79 3.79 3.79 3.84 3.98 3.98 3.48 0.84 0.84 0.84 1.63 1.16 1.16 1.16 0.89 1.16 1.16 2.53 1.16 1.16 1.16 1.16 1.16 1.16 0.89 0.89 1.19 0.78 0.97 0.69 0.91 0.91 0.91 0.74 0.74 0.91 0.91 0.91 0.91
12.71 6.36 6.36 6.36 6.25 17.41 6.25 11.96 6.50 4.63 4.63 5.67 3.41 5.67 3.41 5.67 5.67 3.22 3.97 6.46 6.57 6.57 6.57 6.57 4.28 6.90 6.90 6.90 6.93 6.93 4.30 4.30 4.30 4.30 4.30 4.30 4.26 4.26 4.26 4.26 3.78 3.78 3.78 2.92 3.76 3.76 3.76 2.91 3.09 3.03 3.48 3.48 0.84 0.73 0.73 1.63 0.89 1.16 1.16 0.89 1.16 1.16 1.16 1.16 1.16 1.16 1.16 1.16 0.89 0.89 0.89 0.89 0.91 0.91 0.69 0.91 0.91 0.91 0.91 0.91 2.05 0.91 1.24 0.91
6.36 23.60 11.95 6.36 6.25 6.25 6.25 11.31 6.50 6.50 6.50 3.52 3.41 3.41 3.51 3.51 3.14 3.22 3.08 6.46 6.57 6.57 6.57 4.05 4.28 7.67 6.90 6.90 4.30 4.30 4.30 4.30 4.30 4.30 4.30 4.30 4.26 4.26 4.26 4.26 3.78 3.78 3.78 3.78 3.76 3.76 3.76 2.91 3.09 3.03 3.48 3.48 0.84 0.84 1.63 1.26 1.16 1.16 0.95 1.16 1.16 1.16 1.16 1.16 1.16 1.16 1.16 1.16 0.89 0.89 1.16 1.16 0.69 0.91 0.91 0.91 0.91 0.91 0.91 0.91 0.91 0.91 0.74 0.69
4.28 5.88 5.84 5.84 10.41 5.31 5.31 3.70 5.74 5.74 5.65 2.77 2.87 2.87 2.64 3.43 3.44 3.44 2.64 5.70 5.80 5.80 5.80 3.51 3.54 3.54 5.83 5.83 3.55 10.45 3.55 3.55 3.55 3.55 3.55 3.55 3.51 3.51 3.51 7.81 5.14 2.89 2.89 2.89 2.88 2.88 2.88 3.01 2.88 2.88 2.88 2.67 1.15 1.15 1.15 0.88 1.00 1.00 0.81 0.76 1.00 1.00 1.00 1.00 1.00 0.76 1.00 1.00 1.00 1.00 1.00 1.00 0.81 0.61 0.81 0.81 0.70 0.70 0.70 0.81 0.81 0.81 0.61 0.81
6.01 4.28 5.84 5.84 5.31 5.31 3.70 5.31 4.04 3.47 3.47 2.67 2.64 2.64 3.43 3.43 3.44 3.44 3.44 3.44 5.80 5.80 5.80 3.51 3.54 3.54 3.54 3.54 3.55 3.55 3.55 3.55 3.55 3.55 3.55 3.55 6.23 3.51 3.51 3.51 2.89 2.89 2.89 2.89 2.21 2.88 2.88 2.88 3.05 2.88 2.88 1.15 1.15 1.15 1.15 0.88 1.00 1.00 1.00 1.00 0.76 1.00 1.00 1.00 0.81 0.81 1.00 1.00 0.76 1.00 1.00 1.00 0.61 0.61 0.61 0.61 0.61 0.81 0.81 0.61 0.81 0.81 0.61 0.81
3.76 5.38 5.38 5.38 5.29 5.29 5.29 9.37 4.02 6.11 3.45 3.45 3.13 2.40 3.13 3.13 6.09 6.09 3.44 3.44 5.78 5.78 10.84 3.50 7.71 6.26 3.53 3.53 3.57 3.57 3.57 3.57 6.35 3.58 3.58 3.58 6.22 3.51 3.51 3.51 2.89 2.89 2.89 2.89 2.19 2.31 2.86 2.86 2.92 3.03 3.03 0.84 0.85 0.88 1.15 0.88 1.00 1.00 1.00 1.00 0.76 1.00 1.00 1.00 1.00 1.00 1.00 1.00 1.00 1.00 1.00 1.00 0.81 0.61 0.61 0.61 0.81 0.81 0.81 0.81 0.66 0.81 0.81 0.81
9.23 17.98 5.38 4.13 3.69 15.16 5.29 5.29 5.71 3.45 3.45 3.45 2.40 2.75 3.13 3.13 3.44 8.37 6.08 3.44 3.50 5.78 5.78 5.78 3.53 3.53 3.53 9.07 3.57 5.21 3.57 3.57 3.58 3.58 3.58 3.58 3.51 3.51 3.51 3.51 2.89 2.89 2.89 2.89 2.86 2.86 2.86 2.86 2.92 2.92 4.69 0.79 0.81 0.81 1.15 0.88 0.76 0.76 1.00 1.00 1.00 0.76 1.00 1.00 1.00 1.00 1.00 1.00 1.00 1.00 1.00 1.00 0.81 0.81 0.61 0.61 0.81 0.61 0.81 0.81 0.81 0.81 0.81 0.81
5.91 4.13 5.91 5.86 5.29 3.69 5.29 5.29 5.71 5.71 3.45 2.65 2.75 2.75 4.83 3.13 3.44 3.44 3.44 3.44 3.50 5.78 5.78 5.78 5.83 3.53 3.53 5.83 5.89 5.89 3.57 3.57 3.58 3.58 6.35 3.58 3.51 6.22 3.51 3.51 2.89 2.89 2.89 2.89 2.86 2.86 2.86 2.19 2.92 2.23 2.23 0.79 0.81 0.83 1.15 0.88 0.76 1.00 0.76 1.00 1.00 1.00 1.00 1.00 0.81 1.00 1.00 1.00 3.57 0.99 0.99 1.00 0.61 0.61 0.61 0.61 0.81 0.81 0.81 0.81 0.81 0.81 0.81 0.81
4.28 5.91 4.24 5.38 5.29 5.29 10.37 5.29 5.71 5.71 3.45 2.87 3.13 3.13 2.40 3.13 3.44 2.64 3.44 3.44 3.50 3.50 5.78 5.78 10.88 3.53 3.53 3.53 5.89 5.89 5.89 3.57 3.58 3.58 3.58 3.58 3.51 3.51 3.51 3.51 7.41 5.13 2.89 2.89 2.86 2.19 2.31 2.31 2.33 2.33 2.92 0.79 0.81 0.83 1.15 0.88 0.76 0.76 1.00 1.00 0.76 1.00 1.00 1.00 1.00 1.00 1.00 0.76 1.00 1.00 1.00 1.00 0.61 0.81 0.61 0.81 0.81 0.66 0.81 0.81 0.81 0.81 0.81 0.61
4.28 4.28 8.77 5.36 5.30 5.30 5.30 5.30 5.24 5.24 2.41 2.41 2.39 2.39 3.11 3.11 3.45 3.45 3.45 3.45 3.48 3.48 3.48 5.76 5.80 3.51 3.51 3.51 6.29 5.89 5.89 3.57 3.57 3.57 3.57 3.57 3.47 3.47 3.47 3.47 2.88 2.88 2.88 2.88 2.87 2.87 2.20 3.01 3.02 3.02 2.89 0.84 0.85 0.50 0.88 0.88 0.76 1.00 0.76 1.00 1.00 1.00 1.00 0.76 1.00 1.00 0.81 1.00 1.00 1.00 1.00 1.00 0.81 0.81 0.81 0.81 1.86 0.66 0.81 0.61 0.81 0.81 0.81 0.81
4.28 4.28 4.28 4.28 5.35 5.30 5.30 5.30 10.27 5.24 2.41 2.41 3.11 3.11 3.11 3.11 3.45 3.45 3.45 3.45 3.48 3.48 3.48 5.76 5.80 3.51 3.51 3.51 3.57 3.57 5.89 3.57 3.57 3.57 3.57 3.57 3.47 8.47 6.15 3.47 2.88 2.88 2.88 5.57 2.87 2.87 2.87 3.01 2.88 2.67 0.84 0.84 0.85 0.88 0.88 1.19 0.76 0.76 1.00 1.00 1.00 1.00 0.76 1.00 1.00 1.00 0.76 0.76 1.00 1.00 1.00 1.00 0.81 0.81 0.61 0.81 0.81 0.81 0.81 0.61 0.81 0.81 0.61 0.81
