New_Model_Runs/15_Future_RCP8.5_Scn2_out/post_prcessed_with_MFR/Monthly_summaries/runoff_monthly_MAR.asc
NCOLS 700
NROWS 400
XLLCENTER 515000.000000
YLLCENTER 8409000.000000
CELLSIZE 50.000000
NODATA_value -999.000000
[rows 114 to 151 of 400, columns 504 to 587 of 700]
1.03 1.03 1.03 1.03 0.96 1.43 0.96 0.96 0.86 0.86 0.86 0.86 0.86 0.86 0.86 0.86 0.88 0.88 0.35 0.88 0.44 0.27 0.97 0.40 0.34 0.34 0.79 1.33 1.15 0.32 0.81 0.78 0.30 0.78 0.78 0.30 0.79 0.34 0.79 0.79 0.29 0.75 0.75 0.75 0.76 0.76 1.11 0.76 0.75 0.75 0.75 0.75 0.73 0.73 0.73 0.73 0.72 0.17 0.17 0.17 0.00 0.00 0.17 0.17 0.17 0.02 0.02 0.17 0.19 0.16 0.16 0.16 0.18 0.00 0.18 0.18 0.20 0.00 6.36 0.00 0.00 0.00 0.00 0.00
1.03 1.03 1.03 1.03 0.96 0.96 0.96 0.96 0.86 0.86 0.86 0.86 0.86 0.86 0.86 0.86 0.88 0.35 0.88 0.35 0.40 0.40 0.40 0.40 0.34 0.31 0.79 0.79 0.31 0.78 0.81 0.78 0.78 0.30 0.30 0.78 0.79 0.79 0.79 0.79 0.75 0.75 0.75 0.75 0.76 1.50 0.76 0.76 0.75 0.75 0.75 0.75 0.73 0.73 0.73 0.73 0.72 0.17 0.17 0.17 0.00 0.00 0.17 0.17 0.17 0.17 0.17 0.17 0.16 0.16 0.16 0.16 0.18 0.18 0.00 0.00 0.20 0.21 0.02 0.02 0.00 0.21 0.00 0.00
0.94 0.94 0.94 1.41 1.36 0.92 0.92 0.92 0.88 0.88 0.88 0.88 0.90 0.90 0.90 0.90 0.90 0.90 0.90 0.37 0.40 0.40 0.91 0.91 0.31 0.31 0.31 0.31 0.79 0.79 0.79 0.31 0.80 0.80 0.80 0.80 0.81 0.81 0.81 0.81 0.75 0.75 1.09 0.77 1.09 0.75 0.75 0.75 0.74 0.74 0.74 0.74 0.73 0.73 0.73 0.73 0.71 0.16 0.16 0.16 0.16 0.16 0.16 0.16 0.16 0.16 0.16 0.16 0.16 0.16 0.16 0.16 0.19 0.19 0.00 0.00 0.20 0.20 0.23 0.21 0.02 0.02 0.02 0.00
0.94 0.94 0.94 0.94 0.92 0.92 0.92 0.92 0.88 0.88 0.88 0.88 0.90 0.90 0.90 0.90 0.90 0.90 0.90 0.90 0.91 0.91 0.91 0.91 0.37 0.31 0.79 0.79 0.79 0.79 0.86 0.79 0.80 0.80 0.80 0.80 0.81 0.81 0.81 0.81 0.75 0.75 0.75 0.75 0.75 0.75 0.75 0.47 0.74 0.77 0.21 1.71 1.05 0.73 0.73 0.73 0.71 0.16 0.16 0.16 0.16 0.16 0.16 0.16 0.16 0.16 0.16 0.16 0.16 0.16 0.16 0.16 0.19 0.00 0.00 0.19 0.20 0.20 0.20 0.20 0.23 0.00 0.21 0.21
0.94 0.94 0.94 0.94 0.92 0.92 0.92 0.92 0.88 0.88 0.88 0.88 0.90 0.90 0.90 0.90 0.90 0.90 0.90 0.90 0.91 0.91 0.91 0.91 0.31 0.31 0.34 0.79 0.79 0.79 0.79 0.79 0.80 0.80 0.31 0.80 0.81 0.81 0.81 0.81 0.75 0.75 0.75 0.75 0.75 0.75 0.75 0.30 0.30 0.30 0.80 0.80 0.73 1.05 0.73 0.73 0.71 0.16 0.16 0.16 0.16 0.16 0.16 0.19 0.16 0.19 0.16 0.16 0.16 0.16 0.16 0.16 0.19 0.00 0.00 0.00 0.20 0.20 0.20 0.21 0.02 0.01 0.02 0.21
0.94 0.94 0.94 0.94 0.92 0.92 0.92 0.92 0.88 0.88 0.88 0.88 0.90 0.90 0.90 0.90 0.90 0.90 0.90 0.90 0.37 0.91 0.91 0.91 0.79 0.79 0.79 0.79 0.79 0.79 0.79 0.79 0.80 0.80 0.80 0.80 0.81 0.81 0.81 0.81 0.75 0.75 0.75 0.75 0.75 0.86 0.86 0.29 0.21 0.74 1.08 1.43 0.73 0.73 0.73 0.73 0.71 0.16 0.16 0.16 0.16 0.16 0.19 0.16 0.16 0.16 0.16 0.16 0.16 0.16 0.16 0.16 0.19 0.19 0.01 0.00 0.00 0.00 0.00 0.00 0.03 0.01 0.02 0.02
0.94 0.94 0.94 0.94 0.98 0.98 0.98 0.98 0.93 0.93 0.93 0.93 0.94 0.94 0.94 0.94 0.38 0.93 0.93 0.93 0.93 0.93 0.38 0.93 0.82 0.82 0.82 0.82 0.82 0.82 0.82 0.82 0.83 0.83 0.83 0.83 0.83 0.83 0.83 0.83 0.76 0.76 0.76 0.76 0.86 0.34 0.29 0.75 0.80 0.74 0.74 0.74 0.71 0.71 0.71 1.02 0.70 0.16 0.16 0.16 0.16 0.16 0.16 0.16 0.17 0.17 0.17 0.17 0.17 0.17 0.17 0.17 0.19 0.19 0.19 0.19 0.03 0.02 0.02 0.00 0.00 0.02 0.02 0.04
0.94 0.94 0.94 0.94 0.98 0.98 0.98 0.98 0.93 0.93 0.93 0.93 0.38 0.94 0.94 0.94 0.38 0.93 0.93 0.93 0.93 0.93 0.93 0.93 0.82 0.82 0.87 0.87 0.82 0.82 0.82 0.82 0.83 0.83 0.83 0.83 0.83 0.83 0.85 0.83 0.76 0.81 0.78 0.76 0.77 0.75 0.75 0.75 0.74 0.74 0.74 0.74 0.71 0.71 0.71 0.71 0.70 0.16 0.16 0.16 0.16 0.16 0.16 0.16 0.17 0.17 0.17 0.17 0.17 0.17 0.17 0.17 0.19 0.02 0.19 0.19 0.20 0.20 0.02 0.00 0.23 0.23 0.26 0.23
0.94 0.94 0.94 0.94 0.98 0.98 0.98 0.98 0.93 0.93 0.93 0.93 0.38 0.94 0.94 0.94 0.38 0.93 0.93 0.93 0.93 0.93 0.93 0.93 0.82 0.21 0.87 0.23 0.87 0.82 0.82 0.82 0.83 0.83 0.33 0.83 0.92 0.83 0.85 0.88 0.78 0.69 0.67 0.78 0.77 0.75 0.75 0.75 0.74 0.74 0.74 0.74 0.71 0.71 0.71 0.71 0.70 0.16 0.16 0.16 0.16 0.16 0.16 0.16 0.17 0.17 0.17 0.17 0.17 0.17 0.17 0.17 0.19 0.19 0.19 0.19 0.20 0.20 0.00 0.00 0.21 0.24 0.25 0.21
0.94 0.94 0.94 0.94 0.98 0.44 0.40 0.98 0.38 0.44 1.39 1.65 1.40 0.94 0.94 0.94 0.44 0.38 0.38 0.38 0.93 0.93 0.93 0.93 0.82 0.21 0.32 0.87 0.87 0.82 0.82 0.82 0.87 0.83 0.33 0.85 0.92 0.83 0.33 0.88 0.78 0.81 0.78 0.76 0.75 0.75 0.75 0.75 0.74 0.74 0.74 0.74 0.71 0.71 0.71 0.71 0.70 0.16 0.16 0.16 0.16 0.16 0.16 0.16 0.17 0.17 0.17 0.17 0.17 0.17 0.17 0.17 0.19 0.19 0.19 0.19 0.20 0.20 0.00 0.00 0.00 0.00 0.24 0.21
0.99 0.99 0.99 0.99 1.02 1.02 1.53 1.02 0.95 0.95 2.22 0.95 0.95 0.95 0.95 1.41 1.42 0.95 0.12 0.97 0.95 0.95 0.95 0.95 0.84 0.22 0.22 0.84 0.84 0.84 0.84 0.84 0.88 0.88 0.21 0.22 0.32 0.88 0.83 0.83 0.76 0.76 0.76 0.29 0.76 0.76 0.76 0.76 0.74 1.45 0.74 0.74 0.71 0.71 0.71 0.71 0.70 0.16 0.16 0.16 0.16 0.16 0.16 0.19 0.20 0.20 0.17 0.17 0.17 0.17 0.17 0.23 0.19 0.19 0.19 0.19 0.20 0.20 0.00 0.00 0.01 0.20 0.20 0.20
0.99 0.99 0.99 0.99 1.02 1.02 1.02 1.02 0.95 1.41 0.95 0.95 0.95 0.95 0.95 0.95 0.26 0.26 0.26 0.26 0.28 0.39 0.95 0.95 0.84 0.22 0.01 0.01 0.84 0.88 0.84 0.84 0.23 0.07 0.21 0.17 0.12 0.23 0.83 0.83 1.49 0.76 0.76 0.76 0.76 0.76 0.76 0.76 1.47 0.74 0.74 0.74 0.71 0.71 0.71 0.71 0.70 0.16 0.16 0.16 0.16 0.19 0.19 0.16 0.17 0.17 0.20 0.20 0.17 0.20 0.20 0.17 0.26 0.19 0.19 0.19 0.20 0.20 0.23 0.20 0.20 0.20 0.20 0.20
0.99 0.99 0.99 0.99 1.02 1.02 1.02 1.02 0.95 0.95 0.95 0.95 0.95 0.95 0.95 0.95 0.95 0.26 0.31 0.26 0.28 0.44 0.39 0.26 0.22 0.01 0.02 0.03 0.02 0.04 0.01 0.84 0.24 0.07 0.17 0.22 0.23 0.37 0.83 1.22 0.76 0.76 0.76 0.18 0.18 0.18 0.76 0.18 0.18 0.74 0.74 0.74 0.71 0.71 0.71 0.71 0.70 0.16 0.16 0.16 0.16 0.16 0.16 0.16 0.17 0.17 0.17 0.17 0.20 0.17 0.17 0.17 0.19 0.19 0.26 0.19 0.20 0.23 0.20 0.20 0.20 0.20 0.20 0.20
0.99 0.99 0.99 0.99 1.02 1.02 1.02 1.02 0.95 0.95 0.95 0.95 0.95 1.42 1.42 0.95 0.95 0.95 0.27 0.26 0.28 0.52 0.26 0.02 0.01 0.41 0.41 0.02 0.02 0.41 0.41 0.41 0.17 0.17 0.10 1.25 0.83 0.83 0.83 0.83 0.76 0.76 0.76 0.18 0.18 0.18 0.20 0.09 0.18 0.18 0.07 1.06 0.71 0.71 0.71 0.71 0.70 0.16 0.16 0.16 0.16 0.16 0.16 0.16 0.17 0.17 0.17 0.20 0.17 0.17 0.17 0.17 0.19 0.19 0.19 0.19 0.20 0.20 0.20 0.20 0.20 0.20 0.20 0.23
1.03 1.03 1.03 1.03 1.03 1.03 1.03 1.03 0.95 0.95 0.95 0.95 0.95 0.95 0.95 0.95 0.96 0.96 0.26 0.28 0.15 0.37 0.29 0.48 0.41 0.41 6.37 0.00 0.00 0.00 0.00 0.00 0.00 6.37 0.27 0.83 0.82 0.82 0.82 0.82 0.77 0.77 0.19 0.21 0.20 0.19 0.20 0.10 0.09 0.18 0.18 0.74 0.71 0.63 1.03 1.02 0.27 0.16 0.16 0.19 0.19 0.19 0.19 0.16 0.16 0.19 0.16 0.16 0.17 0.17 0.17 0.17 0.19 0.22 0.19 0.22 0.19 0.19 0.19 0.19 0.19 0.19 0.22 0.19
1.03 1.03 1.03 1.03 0.29 0.29 0.29 0.13 0.25 0.95 0.95 0.95 0.95 0.95 0.95 0.95 1.00 0.96 0.27 0.15 0.12 0.29 0.48 0.06 0.41 0.00 0.00 0.00 0.00 0.00 0.00 0.00 0.00 0.00 0.88 0.83 0.82 0.82 0.82 0.82 0.79 0.21 0.41 0.11 0.15 0.22 0.19 0.79 0.21 0.18 0.18 0.74 0.71 0.71 0.71 0.71 0.71 0.16 0.16 0.16 0.19 0.19 0.17 0.16 0.16 0.16 0.16 0.16 0.17 0.17 0.17 0.17 0.19 0.19 0.19 0.19 0.19 0.19 0.19 0.19 0.19 0.02 0.19 0.19
1.03 1.03 1.03 1.03 0.29 0.29 0.14 0.29 0.10 0.36 0.89 0.89 0.89 0.89 0.89 0.89 0.25 0.90 0.92 0.14 0.14 0.23 0.02 0.01 6.19 0.00 0.00 0.00 0.00 0.00 0.00 0.00 0.00 0.00 0.00 1.14 0.78 0.78 0.78 0.80 0.28 0.14 1.41 0.14 0.21 0.29 1.08 0.74 1.20 0.72 1.04 0.72 0.69 0.69 0.69 0.69 0.68 0.15 0.15 0.15 0.18 0.02 0.18 0.18 0.15 0.15 0.15 0.15 0.16 0.16 0.16 0.16 0.17 0.17 0.17 0.17 0.18 0.18 0.18 0.24 0.18 0.18 0.18 0.18
1.03 1.03 1.03 1.03 1.03 0.29 0.13 0.29 0.12 0.48 0.23 0.89 0.89 0.89 0.89 0.94 0.25 0.90 0.92 0.92 0.24 0.24 0.01 0.01 0.00 0.00 0.00 0.00 0.00 0.00 0.00 0.00 0.00 0.00 0.00 0.80 0.80 0.78 0.30 0.00 0.00 1.41 1.41 0.14 0.22 0.18 0.74 0.74 0.72 1.04 0.72 1.02 0.69 0.69 0.69 0.69 0.68 0.15 0.15 0.17 0.00 0.02 0.18 0.15 0.15 0.18 0.15 0.15 0.16 0.16 0.16 0.16 0.17 0.17 0.17 0.20 0.20 0.18 0.18 0.18 0.18 0.18 0.18 0.18
1.03 1.03 1.03 1.03 1.04 0.44 0.29 0.29 0.24 0.24 0.24 0.90 0.94 0.25 0.24 0.14 0.11 0.25 0.89 0.91 0.89 0.89 0.36 0.00 0.00 0.00 0.00 0.00 0.00 0.00 0.00 0.00 0.00 0.00 0.00 0.76 0.77 0.00 0.00 0.00 0.00 0.00 0.00 0.14 0.19 0.17 1.06 0.73 0.71 0.71 0.71 0.71 0.71 0.71 0.71 0.71 0.71 0.16 0.16 0.16 0.17 0.01 0.16 0.16 0.15 0.15 0.15 0.15 0.15 0.15 0.15 0.15 0.17 0.17 0.17 0.17 0.17 0.17 0.17 0.17 0.18 0.18 0.18 0.18
1.03 1.03 1.03 1.56 1.56 1.56 1.06 0.30 0.24 0.11 0.24 0.90 0.90 0.25 0.14 0.14 0.03 0.05 0.01 0.89 0.36 0.89 0.00 0.00 0.00 0.00 0.00 0.00 0.00 0.00 0.00 0.00 0.00 0.00 0.00 0.00 0.00 0.00 0.00 0.00 0.00 0.00 0.00 6.06 0.19 0.19 0.21 0.17 0.17 0.71 0.71 0.71 0.71 0.71 0.71 0.71 0.71 0.16 0.19 0.16 0.16 0.16 0.16 0.16 0.01 0.15 0.15 0.15 0.15 0.15 0.15 0.15 0.17 0.20 0.17 0.17 0.17 0.17 0.00 0.00 0.00 0.00 0.00 0.00
1.03 1.03 1.03 1.03 1.04 1.04 1.56 0.42 0.14 0.11 0.11 0.24 0.24 0.19 0.02 0.05 0.45 0.05 0.00 0.00 0.00 0.00 0.00 0.00 0.00 0.00 0.00 0.00 0.00 0.00 0.00 0.00 0.00 0.00 0.00 0.00 0.00 0.00 0.00 0.00 0.00 0.00 0.00 0.00 0.17 0.17 0.07 0.17 0.06 0.06 0.71 0.71 0.71 0.71 0.71 0.71 0.71 0.16 0.16 0.16 0.16 0.16 0.16 0.16 0.15 0.15 0.15 0.15 0.15 0.15 0.15 0.15 0.17 0.23 0.17 0.17 0.17 0.17 0.20 0.00 0.00 0.00 0.00 0.00
1.03 1.03 1.03 1.03 1.04 0.46 1.04 1.04 0.14 0.04 0.05 0.05 0.05 0.00 0.00 0.00 0.00 0.00 0.00 0.00 0.00 0.00 0.00 0.00 0.00 0.00 0.00 0.00 0.00 0.00 0.00 0.00 0.00 0.00 0.00 0.00 0.00 0.00 0.00 0.00 0.00 0.00 0.00 0.18 0.30 0.73 0.73 0.73 0.71 0.71 0.71 0.71 0.71 0.71 0.71 0.71 0.71 0.16 0.16 0.16 0.00 0.00 0.00 0.16 0.15 0.15 0.15 0.15 0.15 0.15 0.15 0.15 0.17 0.22 0.20 0.17 0.17 0.17 0.17 0.17 0.18 0.18 0.00 0.00
1.03 1.03 1.03 1.03 0.29 0.29 0.29 0.23 0.02 0.02 0.00 0.00 0.00 0.00 0.00 0.00 0.00 0.00 0.00 0.00 0.00 0.00 0.00 0.00 0.00 0.00 0.00 0.00 0.00 0.00 0.00 0.00 0.00 0.00 0.00 0.00 0.00 0.00 0.00 0.00 0.00 0.00 0.00 0.72 0.28 0.75 0.73 0.73 0.01 0.78 0.73 0.73 0.73 0.73 0.73 0.73 0.73 0.00 0.00 0.00 0.00 0.00 0.00 0.00 0.15 0.15 0.15 0.15 0.14 0.14 0.14 0.17 0.17 0.17 0.17 0.17 0.17 0.17 0.17 0.17 0.18 0.18 0.18 0.18
1.03 1.03 1.03 0.43 0.14 0.13 0.07 0.07 0.00 0.00 0.00 0.00 0.00 0.00 0.00 0.00 0.00 0.00 0.00 0.00 0.00 0.00 0.00 0.00 0.00 0.00 0.00 0.00 0.00 0.00 0.00 0.00 0.00 0.00 0.00 0.00 0.00 0.00 0.00 0.00 0.00 0.00 0.00 0.00 0.00 0.00 0.00 0.03 0.03 0.78 0.28 0.78 0.75 0.73 0.73 0.73 0.73 0.00 0.00 0.00 0.00 0.00 0.00 0.00 0.00 0.00 0.15 0.15 0.14 0.14 0.14 0.17 0.17 0.17 0.17 0.17 0.17 0.17 0.17 0.17 0.18 0.18 0.18 0.18
1.03 1.03 1.03 0.46 0.44 0.17 0.07 0.00 0.00 0.00 0.00 0.00 0.00 0.00 0.00 0.00 0.00 0.00 0.00 0.00 0.00 0.00 0.00 0.00 0.00 0.00 0.00 0.00 0.00 0.00 0.00 0.00 0.00 0.00 0.00 0.00 0.00 0.00 0.00 0.00 0.00 0.00 0.00 0.00 0.00 0.00 0.00 0.00 0.06 0.36 0.75 0.28 0.28 0.18 0.75 0.73 0.73 0.00 0.00 0.00 0.00 0.00 0.00 0.00 0.00 0.00 0.15 0.15 0.14 0.14 0.17 0.14 0.17 0.17 0.17 0.17 0.17 0.17 0.17 0.17 0.18 0.18 0.18 0.18
1.60 1.03 1.08 1.08 1.05 0.29 7.01 0.00 0.00 0.00 0.00 0.00 0.00 0.00 0.00 0.00 0.00 0.00 0.00 0.00 0.00 0.00 0.00 0.00 0.00 0.00 0.00 0.00 0.00 0.00 0.00 0.00 0.00 0.00 0.00 0.00 0.00 0.00 0.00 0.00 0.00 0.00 0.00 0.00 0.00 0.00 0.00 0.00 0.00 0.01 0.07 0.19 0.10 0.18 0.18 0.18 0.20 0.00 0.00 0.00 0.00 0.00 0.00 0.00 0.00 0.00 0.15 0.15 0.14 0.14 0.14 0.14 0.17 0.17 0.17 0.17 0.17 0.17 0.17 0.17 0.18 0.18 0.18 0.00
1.02 1.04 1.07 1.07 1.02 1.02 1.04 0.00 0.00 0.00 0.00 0.00 0.00 0.00 0.00 0.00 0.00 0.00 0.00 0.00 0.00 0.00 0.00 0.00 0.00 0.00 0.00 0.00 0.00 0.00 0.00 0.00 0.00 0.00 0.00 0.00 0.00 0.00 0.00 0.00 0.00 0.00 0.00 0.00 0.00 0.00 0.00 0.00 0.00 0.01 0.01 0.01 0.58 0.18 0.10 0.10 0.15 0.00 0.00 0.00 0.00 0.00 0.00 0.00 0.14 0.14 0.14 0.14 0.14 0.14 0.14 0.14 0.16 0.16 0.16 0.16 0.02 0.18 0.02 0.02 0.18 0.18 0.18 0.00
1.02 1.07 0.42 1.60 1.02 1.02 1.02 0.00 0.00 0.00 0.00 0.00 0.00 0.00 0.00 0.00 0.00 0.00 0.00 0.00 0.00 0.00 0.00 0.00 0.00 0.00 0.00 0.00 0.00 0.00 0.00 0.00 0.00 0.00 0.00 0.00 0.00 0.00 0.00 0.00 0.00 0.00 0.00 0.00 0.00 0.00 0.00 0.00 0.00 0.00 0.36 0.07 0.14 0.14 0.58 0.58 0.15 0.00 0.00 0.00 0.00 0.00 0.00 0.00 0.00 0.17 0.00 0.17 0.14 0.14 0.14 0.14 0.16 0.16 0.16 0.22 0.18 0.18 0.18 0.02 0.02 0.18 0.18 0.00
1.02 1.02 1.04 1.12 1.12 7.01 0.00 0.00 0.00 0.00 0.00 0.00 0.00 0.00 0.00 0.00 0.00 0.00 0.00 0.00 0.00 0.00 0.00 0.00 0.00 0.00 0.00 0.00 0.00 0.00 0.00 0.00 0.00 0.00 0.00 0.00 0.00 0.00 0.00 0.00 0.00 0.00 0.00 0.00 0.00 0.00 0.00 0.00 0.00 0.00 0.36 0.36 0.03 0.14 0.10 0.10 0.20 0.00 0.00 0.00 0.00 0.00 0.00 0.17 0.00 0.00 0.00 0.00 0.14 0.14 0.14 0.14 0.16 0.16 0.16 0.19 0.18 0.18 0.23 0.20 0.21 0.21 0.18 0.21
1.02 1.02 1.02 0.42 0.00 0.00 0.00 0.00 0.00 0.00 0.00 0.00 0.00 0.00 0.00 0.00 0.00 0.00 0.00 0.00 0.00 0.00 0.00 0.00 0.00 0.00 0.00 0.00 0.00 0.00 0.00 0.00 0.00 0.00 0.00 0.00 0.00 0.00 0.00 0.00 0.00 0.00 0.00 0.00 0.00 0.00 0.00 0.00 0.00 0.00 0.00 0.01 0.01 0.03 0.28 0.45 0.74 0.18 0.18 0.18 0.02 0.17 0.17 0.17 0.14 0.14 0.14 0.01 0.14 0.14 0.14 0.14 0.19 0.19 0.16 0.16 0.18 0.18 0.18 0.18 0.21 0.00 0.00 0.02
1.03 1.03 0.00 0.00 0.00 0.00 0.00 0.00 0.00 0.00 0.00 0.00 0.00 0.00 0.00 0.00 0.00 0.00 0.00 0.00 0.00 0.00 0.00 0.00 0.00 0.00 0.00 0.00 0.00 0.00 0.00 0.00 0.00 0.00 0.00 0.00 0.00 0.00 0.00 0.00 0.00 0.00 0.00 0.00 0.00 0.00 0.00 0.00 0.00 0.00 0.00 0.01 0.36 0.28 0.20 0.28 0.78 0.02 0.01 0.17 0.15 0.15 0.15 0.15 0.01 0.14 0.14 0.14 0.14 0.14 0.14 0.14 0.16 0.19 0.16 0.16 0.17 0.17 0.17 0.17 0.18 0.21 0.02 0.02
0.11 0.00 0.00 0.00 0.00 0.00 0.00 0.00 0.00 0.00 0.00 0.00 0.00 0.00 0.00 0.00 0.00 0.00 0.00 0.00 0.00 0.00 0.00 0.00 0.00 0.00 0.00 0.00 0.00 0.00 0.00 0.00 0.00 0.00 0.00 0.00 0.00 0.00 0.00 0.00 0.00 0.00 0.00 0.00 0.00 0.00 0.00 0.00 0.00 0.00 0.00 0.03 0.03 0.28 0.20 0.75 0.72 0.01 0.19 0.17 0.15 0.15 0.15 0.15 0.14 0.01 0.14 0.14 0.14 0.14 0.14 0.14 0.16 0.16 0.16 0.16 0.17 0.17 0.17 0.17 0.18 0.18 0.18 0.19
0.00 0.00 0.00 0.00 0.00 0.00 0.00 0.00 0.00 0.00 0.00 0.00 0.00 0.00 0.00 0.00 0.00 0.00 0.00 0.00 0.00 0.00 0.00 0.00 0.00 0.00 0.00 0.00 0.00 0.00 0.00 0.00 0.00 0.00 0.00 0.00 0.00 0.00 0.00 0.00 0.00 0.00 0.00 0.00 0.00 0.00 0.00 0.00 0.00 0.00 0.00 0.03 0.04 0.25 0.17 0.72 0.28 0.15 0.01 0.15 0.15 0.13 0.13 0.13 0.12 0.12 0.12 0.12 0.12 0.12 0.12 0.12 0.14 0.14 0.14 0.14 0.15 0.15 0.18 0.18 0.16 0.16 0.16 0.17
0.00 0.00 0.00 0.00 0.00 0.00 0.00 0.00 0.00 0.00 0.00 0.00 0.00 0.00 0.00 0.00 0.00 0.00 0.00 0.00 0.00 0.00 0.00 0.00 0.00 0.00 0.00 0.00 0.00 0.00 0.00 0.00 0.00 0.00 0.00 0.00 0.00 0.00 0.00 0.00 0.00 0.00 0.00 0.00 0.00 0.00 0.00 0.00 0.00 0.00 0.00 0.03 0.01 0.72 0.72 0.72 0.67 0.15 0.16 0.15 0.13 0.13 0.13 0.13 0.12 0.12 0.12 0.12 0.12 0.12 0.12 0.12 0.14 0.14 0.14 0.14 0.15 0.15 0.15 0.15 0.01 0.16 0.18 0.01
0.00 0.00 0.00 0.00 0.00 0.00 0.00 0.00 0.00 0.00 0.00 0.00 0.00 0.00 0.00 0.00 0.00 0.00 0.00 0.00 0.00 0.00 0.00 0.00 0.00 0.00 0.00 0.00 0.00 0.00 0.00 0.00 0.00 0.00 0.00 0.00 0.00 0.00 0.00 0.00 0.00 0.00 0.00 0.00 0.00 0.00 0.00 0.00 0.00 0.00 0.00 0.01 0.01 0.64 0.64 0.26 0.26 0.13 0.13 0.13 0.12 0.12 0.12 0.12 0.13 0.13 0.13 0.13 0.01 0.13 0.13 0.13 0.14 0.01 0.14 0.14 0.15 0.15 0.15 0.01 0.02 0.20 6.00 0.00
0.00 0.00 0.00 0.00 0.00 0.00 0.00 0.00 0.00 0.00 0.00 0.00 0.00 0.00 0.00 0.00 0.00 0.00 0.00 0.00 0.00 0.00 0.00 0.00 0.00 0.00 0.00 0.00 0.00 0.00 0.00 0.00 0.00 0.00 0.00 0.00 0.00 0.00 0.00 0.00 0.00 0.00 0.00 0.00 0.00 0.00 0.00 0.00 0.00 0.00 0.66 0.68 0.98 0.78 0.64 0.23 0.62 0.13 0.13 0.15 0.12 0.14 0.00 0.00 0.13 0.13 0.13 0.13 0.01 0.01 0.13 0.13 0.14 0.17 0.17 0.17 0.17 0.15 0.15 0.15 0.24 0.00 0.00 0.00
0.00 0.00 0.00 0.00 0.00 0.00 0.00 0.00 0.00 0.00 0.00 0.00 0.00 0.00 0.00 0.00 0.00 0.00 0.00 0.00 0.00 0.00 0.00 0.00 0.00 0.00 0.00 0.00 0.00 0.00 0.00 0.00 0.00 0.00 0.00 0.00 0.00 0.00 0.00 0.00 0.00 0.00 0.00 0.00 0.00 0.00 0.00 0.00 0.00 0.68 0.71 0.71 0.64 0.26 0.26 0.41 0.22 0.62 0.13 0.13 0.12 0.00 0.00 0.00 0.13 0.13 0.13 0.13 0.01 0.01 0.13 0.13 0.14 0.17 0.01 0.01 0.17 0.15 0.15 0.15 0.00 0.00 0.00 0.00
0.00 0.00 0.00 0.00 0.00 0.00 0.00 0.00 0.00 0.00 0.00 0.00 0.00 0.00 0.00 0.00 0.00 0.00 0.00 0.00 0.00 0.00 0.00 0.00 0.00 0.00 0.00 0.00 0.00 0.00 0.00 0.00 0.00 0.00 0.00 0.00 0.00 0.00 0.00 0.00 0.00 0.00 0.00 0.00 0.00 0.00 0.00 0.00 0.97 0.66 0.66 0.71 0.64 0.64 0.23 0.23 0.62 0.62 0.13 0.13 0.12 0.00 0.00 0.00 0.13 0.13 0.13 0.13 0.01 0.01 0.13 0.13 0.14 0.15 0.01 0.01 0.00 0.17 0.01 0.15 0.00 0.00 0.00 0.00
