New_Model_Runs/15_Future_RCP8.5_Scn2_out/post_prcessed_with_MFR/Monthly_summaries/runoff_monthly_OCT.asc
NCOLS 700
NROWS 400
XLLCENTER 515000.000000
YLLCENTER 8409000.000000
CELLSIZE 50.000000
NODATA_value -999.000000
[rows 304 to 341 of 400, columns 168 to 251 of 700]
0.41 0.41 0.41 0.41 0.41 0.33 0.41 0.41 0.41 0.41 0.31 0.41 0.41 0.31 0.12 0.18 0.12 0.12 0.18 0.18 0.40 0.40 0.40 0.43 0.16 0.16 0.16 0.16 0.16 0.16 0.16 0.41 0.41 0.11 0.11 0.11 0.16 0.16 0.16 0.16 0.08 0.13 0.15 0.15 0.15 0.15 0.10 0.15 0.10 0.10 0.15 0.47 0.26 0.25 0.38 0.15 0.14 0.10 0.14 0.14 0.14 0.09 0.09 0.09 0.14 0.14 0.14 0.14 0.14 0.14 0.14 0.14 0.08 0.12 0.08 0.08 0.39 0.15 0.15 0.20 0.20 0.20 0.20 0.20
0.41 0.31 0.41 0.33 0.33 0.33 0.33 0.33 0.33 0.31 0.41 0.41 0.31 0.12 0.18 0.18 0.12 0.13 0.18 0.18 0.14 0.40 0.15 0.18 0.16 0.37 0.37 0.16 0.16 0.16 0.39 0.37 0.37 0.37 0.41 0.37 0.41 0.37 0.13 0.14 0.13 0.08 0.13 0.17 0.13 0.15 0.15 0.15 0.47 0.15 0.15 0.15 0.15 0.08 0.11 0.11 0.10 0.10 0.14 0.14 0.14 0.10 0.14 0.14 0.14 0.14 0.14 0.14 0.14 0.14 0.14 0.14 0.12 0.12 0.12 0.08 0.39 0.15 0.20 0.20 0.20 0.20 0.20 0.20
0.30 0.35 0.40 0.30 0.23 0.30 0.68 0.68 0.28 0.28 0.28 0.28 0.28 0.07 0.08 0.07 0.06 0.13 0.13 0.13 0.23 0.17 0.23 0.13 0.12 0.17 0.19 0.12 0.12 0.05 0.32 0.16 0.16 0.05 0.05 0.16 0.16 0.16 0.16 0.05 0.05 0.04 0.05 0.07 0.07 0.11 0.11 0.11 0.11 0.11 0.11 0.11 0.08 0.35 0.11 0.11 0.31 0.10 0.12 0.10 0.07 0.10 0.07 0.10 0.08 0.07 0.09 0.10 0.12 0.10 0.10 0.10 0.09 0.09 0.09 0.06 0.06 0.08 0.15 0.15 0.15 0.12 0.12 0.15
0.30 0.30 0.30 0.30 0.30 0.40 0.30 0.68 0.28 0.28 0.28 0.28 0.28 0.13 0.08 0.13 0.13 0.13 0.13 0.13 0.13 0.23 0.25 0.13 0.12 0.12 0.12 0.12 0.05 0.16 0.16 0.16 0.16 0.16 0.16 0.16 0.16 0.16 0.16 0.16 0.05 0.11 0.11 0.11 0.11 0.11 0.11 0.11 0.11 0.11 0.07 0.11 0.11 0.08 0.11 0.11 0.31 0.10 0.12 0.10 0.31 0.07 0.10 0.10 0.10 0.10 0.10 0.10 0.10 0.07 0.10 0.10 0.09 0.09 0.07 0.09 0.07 0.09 0.10 0.12 0.12 0.12 0.12 0.15
0.30 0.23 0.23 0.30 0.30 0.30 0.52 0.68 0.28 0.28 0.36 0.23 0.28 0.13 0.13 0.13 0.08 0.13 0.13 0.13 0.13 0.08 0.08 0.13 0.12 0.12 0.12 0.12 0.17 0.16 0.16 0.16 0.17 0.17 0.17 0.16 0.16 0.16 0.16 0.26 0.24 0.11 0.11 0.11 0.11 0.11 0.07 0.07 0.11 0.08 0.07 0.11 0.11 0.35 0.11 0.11 0.13 0.10 0.10 0.10 0.07 0.10 0.07 0.10 0.09 0.10 0.10 0.10 0.10 0.16 0.16 0.37 0.07 0.09 0.09 0.09 0.09 0.09 0.10 0.12 0.12 0.12 0.15 0.08
0.23 0.30 0.30 0.30 0.30 0.30 0.30 0.30 0.64 0.28 0.28 0.28 0.28 0.13 0.13 0.16 0.31 0.23 0.23 0.13 0.13 0.08 0.08 0.08 0.07 0.12 0.12 0.12 0.17 0.16 0.16 0.16 0.17 0.12 0.07 0.12 0.17 0.16 0.16 0.26 0.16 0.16 0.16 0.11 0.11 0.11 0.07 0.11 0.11 0.11 0.07 0.11 0.35 0.15 0.15 0.07 0.10 0.10 0.10 0.10 0.10 0.10 0.10 0.16 0.16 0.16 0.13 0.10 0.15 0.34 0.34 0.37 0.08 0.09 0.06 0.13 0.11 0.12 0.47 0.33 0.12 0.12 0.12 0.12
0.30 0.30 0.30 0.30 0.24 0.30 0.30 0.30 0.40 0.53 0.28 0.28 0.08 0.08 0.13 0.23 0.17 0.17 0.17 0.25 0.13 0.13 0.08 0.13 0.12 0.12 0.12 0.07 0.17 0.16 0.21 0.16 0.17 0.17 0.17 0.17 0.17 0.26 0.26 0.16 0.15 0.15 0.04 0.16 0.15 0.07 0.08 0.07 0.11 0.07 0.07 0.11 0.15 0.15 0.15 0.15 0.16 0.14 0.15 0.10 0.10 0.10 0.16 0.16 0.12 0.16 0.20 0.16 0.35 0.34 0.52 0.16 0.35 0.21 0.15 0.09 0.39 0.26 0.26 0.26 0.22 0.15 0.15 0.15
0.30 0.30 0.30 0.30 0.30 0.30 0.30 0.24 0.28 0.64 0.98 0.28 0.13 0.13 0.13 0.08 0.13 0.23 0.17 0.25 0.15 0.17 0.09 0.13 0.05 0.12 0.12 0.12 0.12 0.17 0.16 0.16 0.16 0.17 0.05 0.05 0.16 0.17 0.16 0.16 0.15 0.15 0.04 0.15 0.15 0.07 0.07 0.07 0.07 0.11 0.11 0.16 0.15 0.15 0.15 0.15 0.15 0.14 0.14 0.36 0.16 0.16 0.16 0.16 0.16 0.16 0.16 0.16 0.35 0.34 0.35 0.35 0.26 0.26 0.33 0.15 0.35 0.26 0.26 0.33 0.15 0.15 0.15 0.15
0.23 0.30 0.30 0.30 0.68 0.24 0.30 0.24 0.21 0.64 0.64 0.28 0.13 0.10 0.13 0.13 0.13 0.13 0.13 0.17 0.13 0.13 0.13 0.13 0.12 0.12 0.12 0.12 0.12 0.12 0.16 0.16 0.17 0.16 0.16 0.16 0.16 0.16 0.16 0.16 0.22 0.05 0.15 0.15 0.15 0.07 0.07 0.11 0.07 0.07 0.11 0.16 0.15 0.04 0.04 0.15 0.34 0.06 0.33 0.16 1.31 0.36 0.08 0.94 0.94 0.53 0.49 0.06 0.33 0.35 0.16 0.35 0.26 0.33 0.36 0.33 0.04 0.10 0.34 0.08 0.09 0.15 0.15 0.15
0.30 0.30 0.30 0.30 0.23 0.30 0.30 0.30 0.28 0.28 0.23 0.28 0.13 0.25 0.13 0.13 0.13 0.13 0.15 0.13 0.13 0.13 0.13 0.13 0.14 0.12 0.07 0.12 0.12 0.12 0.07 0.07 0.17 0.16 0.16 0.16 0.16 0.16 0.05 0.25 0.24 0.22 0.22 0.16 0.16 0.07 0.07 0.07 0.07 0.11 0.11 0.16 0.15 0.05 0.06 0.15 0.34 0.06 0.33 0.53 0.94 0.94 0.94 0.94 0.94 0.53 0.33 0.33 0.33 0.53 0.16 0.35 0.33 0.08 0.15 0.26 0.26 0.42 0.34 0.08 0.15 0.15 0.15 0.08
0.30 0.40 0.30 0.30 0.30 0.30 0.30 0.30 0.28 0.28 0.29 1.12 0.17 0.17 0.13 0.13 0.13 0.15 0.13 0.08 0.13 0.13 0.13 0.13 0.12 0.12 0.07 0.07 0.07 0.07 0.07 0.07 0.07 0.16 0.16 0.17 0.17 0.17 0.17 0.05 0.15 0.15 0.16 0.11 0.07 0.07 0.07 0.11 0.11 0.11 0.11 0.11 0.11 0.05 0.69 0.15 0.33 0.33 0.33 0.53 0.53 0.94 0.94 0.94 0.94 0.10 0.06 0.53 0.89 0.48 0.35 0.33 0.26 0.34 0.15 0.33 0.26 0.26 0.26 0.33 0.15 0.15 0.15 0.15
0.31 0.30 0.30 0.30 0.30 0.30 0.23 0.30 0.28 0.28 0.06 0.78 0.13 0.25 0.13 0.13 0.13 0.15 0.13 0.08 0.13 0.13 0.08 0.13 0.12 0.12 0.07 0.07 0.07 0.07 0.07 0.07 0.07 0.12 0.23 0.12 0.12 0.07 0.07 0.07 0.16 0.16 0.16 0.11 0.07 0.07 0.07 0.11 0.11 0.11 0.11 0.11 0.07 0.16 0.15 0.15 0.34 0.33 0.33 0.33 0.33 0.33 0.33 0.33 0.33 0.33 0.06 0.94 0.53 0.33 0.06 0.07 0.06 0.33 0.15 0.15 0.15 0.33 0.33 0.33 0.15 0.15 0.15 0.08
0.30 0.30 0.30 0.30 0.30 0.30 0.23 0.23 0.28 0.28 0.28 0.13 0.09 0.13 0.13 0.15 0.13 0.13 0.08 0.13 0.13 0.13 0.15 0.09 0.10 0.13 0.07 0.07 0.07 0.07 0.07 0.07 0.12 0.17 0.05 0.17 0.07 0.07 0.07 0.17 0.21 0.07 0.07 0.07 0.07 0.07 0.07 0.07 0.07 0.11 0.11 0.11 0.16 0.14 0.14 0.14 0.15 0.34 0.33 0.33 0.34 0.34 0.34 0.34 0.34 0.34 0.34 0.34 0.33 0.53 0.94 0.10 0.06 0.25 0.32 0.15 0.15 0.33 0.34 0.34 0.08 0.08 0.15 0.15
0.30 0.30 0.30 0.30 0.30 0.30 0.30 0.30 0.28 0.28 0.28 0.13 0.11 0.09 0.08 0.13 0.13 0.13 0.13 0.13 0.08 0.13 0.13 0.13 0.12 0.07 0.07 0.07 0.17 0.07 0.09 0.07 0.17 0.16 0.16 0.16 0.16 0.17 0.16 0.16 0.15 0.04 0.16 0.07 0.07 0.09 0.07 0.07 0.16 0.11 0.11 0.16 0.14 0.14 0.14 0.14 0.07 0.33 0.07 0.06 0.34 0.34 0.34 0.34 0.34 0.34 0.34 0.34 0.33 0.33 0.06 0.53 0.09 0.06 0.32 0.15 0.06 0.08 0.15 0.08 0.15 0.15 0.15 0.15
0.30 0.30 0.30 0.30 0.30 0.30 0.24 0.24 0.21 0.21 0.23 0.40 0.08 0.09 0.13 0.13 0.13 0.13 0.13 0.14 0.13 0.13 0.08 0.13 0.07 0.07 0.17 0.17 0.18 0.17 0.09 0.10 0.17 0.21 0.16 0.16 0.16 0.16 0.16 0.30 0.15 0.69 0.69 0.05 0.16 0.16 0.06 0.06 0.16 0.69 0.05 0.04 0.14 0.15 0.16 0.07 0.33 0.33 0.33 0.33 0.34 0.34 0.34 0.34 0.34 0.34 0.34 0.34 0.33 0.33 0.33 0.33 0.47 0.25 0.25 0.25 0.33 0.15 0.08 0.08 0.15 0.15 0.15 0.15
0.40 0.40 0.30 0.30 0.30 0.30 0.30 0.30 0.21 0.28 0.28 0.13 0.13 0.13 0.13 0.13 0.13 0.13 0.40 0.13 0.13 0.08 0.08 0.08 0.07 0.23 0.16 0.16 0.16 0.05 0.07 0.07 0.17 0.16 0.16 0.16 0.16 0.21 0.26 0.72 0.69 0.69 0.69 0.15 0.15 0.04 0.06 0.06 0.16 0.07 0.69 0.24 0.18 0.15 0.38 0.07 0.33 0.33 0.33 0.33 0.06 0.06 0.37 0.37 0.34 0.34 0.34 0.34 0.33 0.33 0.33 0.07 0.04 0.04 0.25 0.04 0.25 0.15 0.15 0.08 0.08 0.15 0.15 0.15
0.30 0.30 0.30 0.30 0.30 0.30 0.23 0.30 0.21 0.28 0.08 0.13 0.37 0.17 0.37 0.13 0.15 0.13 0.15 0.13 0.17 0.13 0.08 0.08 0.12 0.12 0.16 0.16 0.17 0.17 0.12 0.07 0.17 0.16 0.16 0.17 0.17 0.15 0.17 0.07 0.07 0.07 0.24 0.15 0.05 0.06 0.06 0.06 0.69 0.08 0.24 0.30 0.04 0.05 0.34 0.34 0.06 0.06 0.06 0.33 0.06 0.06 0.07 0.14 0.15 0.34 0.34 0.34 0.34 0.34 0.34 0.06 0.25 0.25 0.25 0.25 0.25 0.32 0.32 0.15 0.08 0.08 0.15 0.15
0.30 0.30 0.30 0.30 0.30 0.23 0.23 0.30 0.21 0.41 0.17 0.08 0.23 0.17 0.37 0.09 0.13 0.13 0.13 0.17 0.17 0.23 0.06 0.07 0.12 0.12 0.17 0.17 0.07 0.07 0.12 0.12 0.16 0.16 0.07 0.07 0.07 0.17 0.07 0.07 0.69 0.07 0.05 0.24 0.77 0.77 0.77 0.77 0.69 0.69 0.04 0.15 0.14 0.14 0.06 0.34 0.07 0.33 0.06 0.33 0.06 0.07 0.04 0.14 0.15 0.15 0.34 0.34 0.34 0.34 0.34 0.34 0.25 0.25 0.34 0.32 0.15 0.15 0.34 0.25 0.32 0.34 0.32 0.32
0.19 0.24 0.19 0.24 0.24 0.19 0.56 0.18 0.33 0.06 0.09 0.06 0.09 0.09 0.07 0.07 0.07 0.09 0.09 0.10 0.09 0.14 0.06 0.06 0.03 0.04 0.04 0.05 0.03 0.03 0.03 0.13 0.09 0.13 0.03 0.03 0.13 0.42 0.42 0.04 0.05 0.05 0.02 0.41 0.46 0.91 0.15 0.41 0.04 0.41 0.04 0.04 0.15 0.08 0.22 0.22 0.03 0.21 0.21 0.21 0.22 0.22 0.08 0.08 0.08 0.08 0.08 0.22 0.22 0.22 0.22 0.22 0.20 0.20 0.20 0.21 0.08 0.08 0.08 0.20 0.20 0.20 0.20 0.03
0.19 0.19 0.24 0.18 0.56 0.19 0.18 0.98 0.10 0.10 0.09 0.07 0.09 0.09 0.09 0.07 0.07 0.09 0.10 0.10 0.09 0.06 0.06 0.06 0.03 0.05 0.06 0.05 0.05 0.02 0.09 0.09 0.09 0.13 0.03 0.03 0.04 0.42 0.42 0.08 0.02 0.03 0.03 0.09 0.02 0.04 0.41 0.04 0.04 0.04 0.04 0.15 0.15 0.11 0.22 0.22 0.03 0.03 0.21 0.21 0.03 0.22 0.09 0.09 0.08 0.08 0.08 0.22 0.04 0.24 0.22 0.22 0.27 0.27 0.20 0.20 0.22 0.08 0.08 0.08 0.20 0.20 0.20 0.03
0.19 0.24 0.24 0.24 0.24 0.18 0.22 0.24 0.19 0.10 0.09 0.06 0.09 0.09 0.07 0.07 0.07 0.09 0.09 0.21 0.06 0.06 0.06 0.06 0.03 0.05 0.05 0.05 0.02 0.09 0.09 0.09 0.09 0.09 0.03 0.02 0.02 0.02 0.03 0.03 0.02 0.09 0.09 0.03 0.09 0.09 0.03 0.09 0.02 0.02 0.10 0.46 0.15 0.08 0.08 0.22 0.21 0.03 0.21 0.21 0.22 0.22 0.08 0.08 0.08 0.09 0.09 0.09 0.24 0.24 0.22 0.22 0.20 0.20 0.20 0.22 0.22 0.22 0.22 0.22 0.21 0.20 0.20 0.03
0.24 0.24 0.24 0.22 0.22 0.24 0.24 1.12 0.25 0.09 0.09 0.09 0.09 0.09 0.09 0.09 0.09 0.09 0.09 0.09 0.09 0.09 0.06 0.06 0.03 0.05 0.05 0.03 0.03 0.13 0.09 0.09 0.09 0.10 0.10 0.02 0.02 0.03 0.03 0.03 0.03 0.12 0.08 0.09 0.08 0.08 0.09 0.03 0.03 0.03 0.03 0.04 0.04 0.15 0.15 0.22 0.21 0.03 0.21 0.21 0.22 0.08 0.08 0.02 0.08 0.09 0.09 0.09 0.03 0.24 0.22 0.22 0.27 0.20 0.20 0.30 0.22 0.20 0.20 0.22 0.22 0.20 0.20 0.20
0.00 1.07 0.24 0.21 0.21 0.24 0.24 0.24 0.10 0.09 0.09 0.12 0.09 0.09 0.10 0.06 0.09 0.06 0.07 0.09 0.14 0.09 0.06 0.06 0.06 0.03 0.03 0.13 0.09 0.09 0.09 0.09 0.09 0.09 0.02 0.02 0.02 0.03 0.03 0.10 0.02 0.08 0.08 0.08 0.08 0.08 0.02 0.04 0.03 0.05 0.05 0.05 0.02 0.15 0.08 0.08 0.21 0.03 0.21 0.21 0.22 0.22 0.08 0.08 0.08 0.09 0.04 0.09 0.24 0.22 0.30 0.22 0.20 0.20 0.03 0.22 0.20 0.22 0.21 0.20 0.22 0.11 0.21 0.03
0.00 0.00 1.07 0.19 0.19 0.19 0.24 0.24 0.10 0.09 0.09 0.11 0.09 0.09 0.06 0.09 0.09 0.07 0.07 0.14 0.14 0.14 0.06 0.06 0.05 0.03 0.05 0.18 0.13 0.09 0.09 0.09 0.09 0.09 0.09 0.09 0.02 0.02 0.04 0.22 0.22 0.22 0.22 0.22 0.22 0.08 0.08 0.09 0.03 0.05 0.05 0.05 0.03 0.09 0.08 0.08 0.21 0.21 0.21 0.21 0.22 0.22 0.22 0.08 0.08 0.08 0.00 0.08 0.22 0.22 0.22 0.22 0.20 0.03 0.03 0.22 0.20 0.20 0.20 0.22 0.03 0.08 0.11 0.03
0.00 0.00 0.00 0.00 0.00 0.00 0.00 0.00 0.10 0.09 0.11 0.09 0.09 0.09 0.09 0.09 0.09 0.09 0.05 0.14 0.09 0.09 0.09 0.06 0.06 0.05 0.06 0.13 0.10 0.08 0.08 0.08 0.08 0.08 0.02 0.02 0.02 0.08 0.22 0.22 0.22 0.22 0.22 0.22 0.22 0.22 0.08 0.08 0.08 0.02 0.05 0.03 0.05 0.04 0.08 0.08 0.08 0.21 0.21 0.21 0.21 0.21 0.21 0.30 0.22 0.00 0.00 0.00 0.22 0.22 0.00 0.00 0.00 0.20 0.03 0.22 0.22 0.22 0.20 0.22 0.03 0.08 0.03 0.08
0.00 0.00 0.00 0.00 0.00 0.00 0.00 0.00 0.00 0.00 0.61 0.09 0.07 0.09 0.06 0.06 0.09 0.09 0.09 0.21 0.04 0.09 0.10 0.06 0.05 0.06 0.13 0.09 0.08 0.08 0.08 0.08 0.08 0.08 0.08 0.08 0.08 0.08 0.08 0.08 0.09 0.09 0.08 0.22 0.22 0.22 0.08 0.08 0.11 0.02 0.03 0.02 0.02 0.08 0.08 0.08 0.08 0.21 0.21 0.21 0.21 0.21 0.21 0.21 0.22 0.00 0.00 0.00 0.00 0.00 0.00 0.00 0.00 0.00 0.00 0.08 0.22 0.03 0.20 0.22 0.21 0.08 0.08 0.08
0.00 0.00 0.00 0.00 0.00 0.00 0.00 0.00 0.00 0.00 0.61 0.61 0.61 0.14 0.09 0.14 0.14 0.09 0.04 0.04 0.04 0.04 0.04 0.09 0.04 0.03 0.04 0.09 0.08 0.08 0.08 0.08 0.08 0.08 0.08 0.08 0.08 0.08 0.08 0.08 0.11 0.14 0.09 0.08 0.22 0.22 0.22 0.08 0.02 0.02 0.02 0.08 0.09 0.08 0.08 0.08 0.08 0.08 0.21 0.21 0.21 0.21 0.21 0.21 0.22 0.30 0.22 0.00 0.00 0.00 0.00 0.00 0.00 0.00 0.00 0.00 0.00 0.03 0.20 0.22 0.22 0.22 0.09 0.03
0.00 0.00 0.00 0.00 0.00 0.00 0.00 0.00 0.00 0.00 0.00 0.00 0.85 0.85 0.09 0.09 0.14 0.13 0.04 0.04 0.02 0.02 0.14 0.06 0.03 0.05 0.04 0.09 0.08 0.08 0.08 0.08 0.08 0.08 0.08 0.08 0.08 0.08 0.08 0.08 0.08 0.08 0.25 0.22 0.22 0.31 0.22 0.22 0.22 0.02 0.02 0.02 0.09 0.09 0.08 0.11 0.08 0.08 0.21 0.21 0.21 0.21 0.21 0.21 0.22 0.22 0.22 0.00 0.00 0.00 0.00 0.00 0.00 0.00 0.00 0.00 0.08 0.08 0.08 0.08 0.08 0.08 0.25 0.22
0.00 0.00 0.00 0.00 0.00 0.00 0.00 0.00 0.00 0.00 0.00 0.00 0.00 0.85 0.85 0.25 0.09 0.13 0.09 0.09 0.21 0.09 0.21 0.14 0.10 0.42 0.42 0.02 0.08 0.08 0.11 0.08 0.08 0.23 0.23 0.23 0.23 0.23 0.23 0.23 0.23 0.23 0.23 0.23 0.23 0.23 0.23 0.23 0.22 0.04 0.03 0.03 0.23 0.09 0.09 0.08 0.10 0.08 0.08 0.08 0.08 0.21 0.21 0.00 7.82 0.00 0.00 0.00 0.00 0.00 0.00 0.00 0.00 0.00 0.00 0.00 0.20 0.03 0.08 0.08 0.08 0.19 0.19 0.22
0.00 0.00 0.00 0.00 0.00 0.00 0.00 0.00 0.00 0.00 0.00 0.00 0.00 0.00 1.34 0.85 0.15 0.32 0.25 0.61 0.61 0.21 0.21 0.13 0.09 0.05 0.09 0.09 0.08 0.08 0.08 0.08 0.23 0.23 0.03 0.23 0.23 0.23 0.23 0.23 0.23 0.23 0.23 0.23 0.23 0.23 0.23 0.23 0.22 0.03 0.22 0.22 0.23 0.23 0.23 0.08 0.08 0.08 0.08 0.08 0.08 0.08 0.00 0.00 0.00 0.00 0.00 0.00 0.00 0.00 0.00 0.00 0.00 0.00 0.00 0.00 0.59 0.59 0.05 0.08 0.03 0.19 0.19 0.22
0.00 0.00 0.00 0.00 0.00 0.00 0.00 0.00 0.00 0.00 0.00 0.00 0.00 0.00 0.00 0.85 0.85 0.85 0.41 1.07 0.85 0.46 0.25 0.25 0.23 0.23 0.09 0.11 0.08 0.08 0.08 0.08 0.23 0.23 0.23 0.23 0.23 0.23 0.23 0.23 0.23 0.23 0.23 0.23 0.23 0.23 0.23 0.23 0.22 0.03 0.22 0.22 0.22 0.03 0.23 0.22 0.08 0.08 0.08 0.08 0.08 0.00 0.00 0.00 0.00 0.00 0.00 0.00 0.00 0.00 0.00 0.00 0.00 0.00 0.00 0.00 0.00 1.02 0.59 0.59 0.08 0.03 0.19 0.19
0.00 0.00 0.00 0.00 0.00 0.00 0.00 0.00 0.00 0.00 0.00 0.00 0.00 0.00 0.00 0.00 0.00 0.85 0.85 0.85 0.85 0.85 0.25 0.25 0.23 0.23 0.09 0.09 0.08 0.08 0.08 0.22 0.23 0.23 0.00 0.00 0.00 0.00 0.00 0.00 0.00 0.00 0.00 0.00 0.00 0.00 0.23 0.23 0.22 0.03 0.22 0.22 0.22 0.03 0.23 0.22 0.08 0.08 0.08 0.10 0.08 0.00 0.00 0.00 0.00 0.00 0.00 0.00 0.00 0.00 0.00 0.00 0.00 0.00 0.00 0.00 0.00 0.00 0.00 0.00 0.00 0.19 0.03 0.19
0.00 0.00 0.00 0.00 0.00 0.00 0.00 0.00 0.00 0.00 0.00 0.00 0.00 0.00 0.00 0.00 0.00 0.00 0.00 0.00 0.00 0.00 0.85 0.25 0.22 0.22 0.22 0.08 0.08 0.08 0.22 0.22 0.23 0.00 0.00 0.00 0.00 0.00 0.00 0.00 0.00 0.00 0.00 0.00 0.00 0.00 0.00 0.00 0.00 0.31 0.23 0.23 0.22 0.22 0.23 0.22 0.20 0.08 0.08 0.08 0.08 0.00 0.00 0.00 0.00 0.00 0.00 0.00 0.00 0.00 0.00 0.00 0.00 0.00 0.00 0.00 0.00 0.00 0.00 0.00 0.00 0.19 0.03 0.03
0.00 0.00 0.00 0.00 0.00 0.00 0.00 0.00 0.00 0.00 0.00 0.00 0.00 0.00 0.00 0.00 0.00 0.00 0.00 0.00 0.00 0.00 0.00 0.85 0.22 0.22 0.22 0.22 0.22 0.22 0.22 0.22 0.00 0.00 0.00 0.00 0.00 0.00 0.00 0.00 0.00 0.00 0.00 0.00 0.00 0.00 0.00 0.00 0.00 0.00 0.23 0.23 0.22 0.22 0.23 0.03 0.27 0.20 0.20 0.20 0.21 0.65 0.00 0.00 0.00 0.00 0.00 0.00 0.00 0.00 0.00 0.00 0.00 0.00 0.00 0.00 0.00 0.00 0.00 0.00 0.00 0.11 0.19 0.03
0.00 0.00 0.00 0.00 0.00 0.00 0.00 0.00 0.00 0.00 0.00 0.00 0.00 0.00 0.00 0.00 0.00 0.00 0.00 0.00 0.00 0.00 0.00 0.00 0.00 0.00 0.00 0.18 0.11 0.11 0.11 0.00 0.00 0.00 0.00 0.00 0.00 0.00 0.00 0.00 0.00 0.00 0.00 0.00 0.00 0.00 0.00 0.00 0.00 0.00 0.25 0.18 0.10 0.10 0.18 0.18 0.10 0.00 0.10 0.10 0.10 0.11 0.00 0.00 0.00 0.00 0.00 0.00 0.00 0.00 0.00 0.00 0.00 0.00 0.00 0.00 0.00 0.00 0.00 0.00 0.00 0.00 0.39 0.09
0.00 0.00 0.00 0.00 0.00 0.00 0.00 0.00 0.00 0.00 0.00 0.00 0.00 0.00 0.00 0.00 0.00 0.00 0.00 0.00 0.00 0.00 0.00 0.00 0.00 0.00 0.00 0.00 0.11 0.11 7.45 0.00 0.00 0.00 0.00 0.00 0.00 0.00 0.00 0.00 0.00 0.00 0.00 0.00 0.00 0.00 0.00 0.00 0.00 0.00 0.18 0.18 0.10 0.10 0.00 0.03 0.03 0.10 0.11 0.10 0.10 0.10 0.10 0.10 0.00 0.00 0.00 0.00 0.00 0.00 0.00 0.00 0.00 0.00 0.00 0.00 0.00 0.00 0.00 0.00 0.00 0.00 0.00 0.00
0.00 0.00 0.00 0.00 0.00 0.00 0.00 0.00 0.00 0.00 0.00 0.00 0.00 0.00 0.00 0.00 0.00 0.00 0.00 0.00 0.00 0.00 0.00 0.00 0.00 0.00 0.00 0.00 0.18 0.18 0.00 0.00 0.00 0.00 0.00 0.00 0.00 0.00 0.00 0.00 0.00 0.00 0.00 0.00 0.00 0.00 0.00 0.00 0.00 0.00 0.18 0.18 0.10 0.10 0.00 0.00 0.10 0.10 0.10 0.10 0.10 0.10 0.00 0.10 0.00 0.00 0.00 0.00 0.00 0.00 0.00 0.00 0.00 0.00 0.00 0.00 0.00 0.00 0.00 0.00 0.00 0.00 0.00 7.09
0.00 0.00 0.00 0.00 0.00 0.00 0.00 0.00 0.00 0.00 0.00 0.00 0.00 0.00 0.00 0.00 0.00 0.00 0.00 0.00 0.00 0.00 0.00 0.00 0.00 0.00 0.00 0.00 0.62 7.45 0.00 0.00 0.00 0.00 0.00 0.00 0.00 0.00 0.00 0.00 0.00 0.00 0.00 0.00 0.00 0.00 0.00 0.00 0.00 0.00 0.18 0.18 0.10 0.10 0.10 0.10 0.10 0.10 0.10 0.10 0.10 0.10 0.10 0.11 0.00 0.00 0.00 0.00 0.00 0.00 0.00 0.00 0.00 0.00 0.00 0.00 0.00 0.00 0.00 0.00 0.00 0.00 0.00 0.00
