New_Model_Runs/15_Future_RCP8.5_Scn2_out/post_prcessed_with_MFR/Monthly_summaries/runoff_monthly_SEP.asc
NCOLS 700
NROWS 400
XLLCENTER 515000.000000
YLLCENTER 8409000.000000
CELLSIZE 50.000000
NODATA_value -999.000000
[rows 185 to 221 of 400, columns 84 to 167 of 700]
0.00 0.00 0.00 0.00 0.00 0.00 0.00 0.00 0.00 0.00 0.00 0.00 0.00 0.00 0.00 0.00 0.00 0.00 0.00 0.00 0.00 0.00 0.00 0.00 0.00 0.00 0.00 0.00 0.00 1.00 1.00 1.00 1.92 0.99 0.99 0.99 0.98 0.98 0.98 0.98 0.99 0.99 0.99 0.99 2.08 2.08 3.45 2.08 2.07 2.07 2.07 2.07 2.06 2.06 2.06 3.41 2.06 2.06 2.06 2.06 2.24 2.24 2.24 2.24 2.21 2.21 2.21 2.21 2.23 3.71 2.23 2.23 2.22 2.22 2.22 2.22 2.32 2.32 2.32 2.32 2.39 2.39 2.39 2.39
0.00 0.00 0.00 0.00 0.00 0.00 0.00 0.00 0.00 0.00 0.00 0.00 0.00 0.00 0.00 0.00 0.00 0.00 0.00 0.00 0.00 0.00 0.00 0.00 0.00 0.00 0.00 0.00 0.00 1.00 1.00 1.00 0.99 0.99 0.99 1.92 0.98 0.98 0.98 0.98 1.94 0.99 0.99 0.99 2.08 2.08 2.08 2.08 2.07 2.07 2.07 2.07 4.48 3.41 2.06 2.06 2.06 2.06 2.06 2.06 2.24 2.24 2.24 2.24 2.21 2.21 2.21 2.21 2.23 2.23 3.71 2.23 5.40 2.22 2.22 2.22 2.32 2.32 2.32 2.32 2.39 2.39 2.39 2.39
0.00 0.00 0.00 0.00 0.00 0.00 0.00 0.00 0.00 0.00 0.00 0.00 0.00 0.00 0.00 0.00 0.00 0.00 0.00 0.00 0.00 0.00 0.00 2.69 0.00 0.00 0.00 0.00 0.00 12.07 1.00 1.00 0.99 0.99 0.99 0.99 0.98 0.98 0.98 0.98 0.99 0.99 0.99 0.99 2.08 2.08 2.08 3.45 2.07 2.07 2.07 2.07 2.06 3.42 2.06 2.06 3.40 2.06 2.06 2.06 2.24 2.24 2.24 2.24 3.70 2.21 2.21 2.21 3.70 2.23 2.23 2.23 3.70 2.22 1.10 2.22 3.88 2.32 2.32 2.32 2.39 0.88 0.88 2.39
0.00 0.00 0.00 0.00 0.00 0.00 0.00 0.00 0.00 0.00 0.00 0.00 0.00 0.00 0.00 0.00 0.00 0.00 0.00 0.00 0.00 0.00 0.00 0.85 0.87 0.00 0.00 0.00 1.00 1.00 1.00 1.00 0.99 0.99 0.99 0.99 1.90 0.97 0.97 0.97 0.98 0.98 0.98 0.98 2.07 2.07 2.07 2.07 2.08 2.08 2.08 2.08 2.07 2.07 2.07 2.07 2.05 3.39 2.05 2.05 2.21 2.21 2.21 2.21 3.64 3.63 2.18 2.18 2.21 2.21 2.21 2.21 3.67 2.20 2.20 2.20 2.37 2.37 2.37 2.37 0.93 0.93 0.93 0.93
0.00 0.00 0.00 0.00 0.00 0.00 0.00 0.00 0.00 0.00 0.00 0.00 0.00 0.00 0.00 0.00 0.00 0.00 0.00 0.00 0.00 0.00 0.00 0.00 0.87 0.87 0.87 1.23 1.00 1.00 1.00 1.00 0.99 0.99 0.99 0.99 0.97 2.51 0.97 0.97 0.98 0.98 0.98 0.98 2.07 2.07 2.07 2.07 2.08 2.08 2.08 2.08 2.07 2.07 2.07 2.07 2.05 2.05 2.05 2.05 2.21 2.21 2.21 2.21 2.18 2.18 2.18 2.18 2.21 2.21 2.21 2.21 2.20 2.20 2.20 2.20 2.37 2.37 2.37 2.37 0.93 0.93 0.93 0.93
0.00 0.00 0.00 0.00 0.00 0.00 0.00 0.00 0.00 0.00 0.00 0.00 0.00 0.00 0.00 0.00 0.00 0.00 0.00 0.00 0.00 0.00 0.00 0.00 0.00 0.87 0.87 0.87 1.00 1.00 1.00 1.00 0.99 0.99 0.99 0.99 0.97 1.90 1.90 0.97 0.98 0.98 0.98 0.98 2.07 2.07 2.07 2.07 2.08 4.53 3.44 2.08 2.07 2.07 2.07 2.07 2.05 2.05 2.05 2.05 2.21 2.21 2.21 2.21 2.18 2.18 2.18 2.18 2.21 2.21 2.21 2.21 1.08 2.20 2.20 3.77 2.37 2.37 2.37 2.37 0.93 0.93 0.93 0.93
0.00 0.00 0.00 0.00 0.00 0.00 0.00 0.00 0.00 0.00 0.00 0.00 0.00 0.00 0.00 0.00 0.00 0.00 0.00 0.00 0.00 0.00 0.00 0.00 0.00 0.87 0.87 0.30 0.65 1.00 1.00 1.00 0.99 0.99 0.99 1.92 0.97 0.97 0.97 0.97 0.98 0.98 0.98 0.98 2.07 2.07 2.07 2.07 2.08 2.08 3.44 2.08 2.07 3.42 2.07 2.07 2.05 3.38 2.05 2.05 2.21 3.66 2.21 2.21 2.18 2.18 2.18 2.18 2.21 2.21 2.21 2.21 2.20 2.20 2.20 2.20 2.37 2.37 2.37 2.37 0.93 0.93 0.93 0.93
0.00 0.00 0.00 0.00 0.00 0.00 0.00 0.00 0.00 0.00 0.00 0.00 0.00 0.00 0.00 0.00 0.00 0.00 0.00 0.00 0.00 0.00 0.00 0.00 0.00 0.00 0.56 0.11 1.20 0.65 0.93 1.15 1.00 1.00 0.34 1.00 1.90 0.97 0.97 0.97 0.97 0.97 0.97 1.86 2.06 2.06 2.06 2.06 5.05 2.08 2.08 2.08 2.06 2.06 2.06 2.06 2.04 2.04 3.36 2.04 2.19 2.19 2.19 2.19 2.19 2.19 2.19 2.19 2.21 2.21 2.21 4.58 2.21 2.21 2.21 2.21 2.51 2.51 2.51 2.51 2.59 0.96 0.96 0.56
0.00 0.00 0.00 0.00 0.00 0.00 0.00 0.00 0.00 0.00 0.00 0.00 0.00 0.00 0.00 0.00 0.00 0.00 0.00 0.00 0.00 0.00 0.00 0.00 0.00 0.00 0.48 0.89 0.65 0.65 2.05 1.15 1.00 1.00 1.00 1.00 0.97 0.97 0.97 0.97 0.97 0.97 0.97 0.97 2.06 2.06 2.06 2.06 2.08 4.15 2.08 2.08 2.06 2.06 2.06 2.06 2.04 2.04 2.04 2.04 2.19 2.19 2.19 2.19 2.19 2.19 2.19 2.19 2.21 2.21 2.21 1.09 2.21 4.59 2.21 2.21 2.51 2.51 2.51 2.51 2.59 2.59 2.59 0.96
0.00 0.00 0.00 0.00 0.00 0.00 0.00 0.00 0.00 0.00 0.00 0.00 0.00 0.00 0.00 0.00 0.00 0.00 0.00 0.00 0.00 0.00 0.00 0.00 0.00 0.00 0.50 2.66 2.89 2.89 2.89 5.00 4.90 2.84 2.84 2.84 2.79 2.79 2.79 4.80 2.78 2.78 2.78 2.78 3.20 3.20 3.20 3.20 3.23 3.23 3.23 3.23 3.20 3.20 3.20 3.20 3.17 3.17 3.17 5.49 3.42 3.42 3.42 11.33 3.42 3.42 3.42 3.42 6.00 8.02 3.45 3.45 3.45 3.45 3.45 3.45 3.91 3.91 3.91 3.91 4.88 4.88 4.88 4.88
0.00 0.00 0.00 0.00 0.00 0.00 0.00 0.00 0.00 0.00 0.00 0.00 0.00 0.00 0.00 0.00 0.00 0.00 0.00 0.00 0.00 0.00 12.90 0.00 0.00 1.53 1.02 2.66 2.89 2.89 2.89 2.89 2.84 2.84 2.84 2.84 2.79 2.79 2.79 2.79 2.78 4.78 2.78 2.78 3.20 3.20 3.20 3.20 3.23 3.23 3.23 3.23 3.20 3.20 3.20 3.20 3.17 3.17 4.29 3.17 3.42 3.42 3.42 3.42 3.42 3.42 3.42 3.42 3.45 3.45 3.45 3.45 3.45 3.45 3.45 3.45 3.91 3.91 3.91 3.91 4.88 4.88 4.88 4.88
0.00 0.00 0.00 0.00 0.00 0.00 0.00 0.00 0.00 0.00 0.00 0.00 0.00 0.00 0.00 0.00 0.00 0.00 0.00 0.00 0.00 2.54 3.39 0.93 0.95 0.82 1.89 2.59 2.91 2.91 2.91 2.91 2.86 2.86 6.47 4.90 2.81 2.81 2.81 2.81 2.78 2.78 2.78 2.78 3.18 3.18 3.18 3.18 3.19 3.19 3.19 3.19 3.15 3.15 3.15 3.15 5.43 3.13 1.61 3.32 3.42 3.42 3.42 3.42 3.44 3.44 3.44 3.44 3.46 3.46 3.46 3.46 3.58 3.58 3.58 3.58 4.88 4.88 4.88 4.88 4.90 4.90 4.90 13.25
0.00 0.00 0.00 0.00 0.00 0.00 0.00 0.00 0.00 0.00 0.00 0.00 0.00 0.00 0.00 0.00 0.00 0.00 0.00 0.00 2.54 4.21 1.27 0.93 0.99 1.21 0.67 2.62 2.91 2.91 2.91 2.91 2.86 2.86 2.86 4.90 2.81 6.92 2.81 2.81 2.78 2.78 2.78 2.78 3.18 5.51 3.18 3.18 3.19 3.19 3.19 3.19 3.15 3.15 3.15 3.15 3.13 3.13 3.13 3.13 3.42 3.42 3.42 3.42 3.44 3.44 3.44 3.44 3.46 3.46 3.46 3.46 3.58 3.58 3.58 3.58 4.88 4.88 4.88 4.88 4.90 9.05 4.90 4.90
0.00 0.00 0.00 0.00 0.00 0.00 0.00 0.00 0.00 0.00 0.00 0.00 0.00 0.00 0.00 0.00 0.00 0.00 0.00 2.54 2.54 2.54 2.54 0.58 0.58 1.18 0.97 0.95 1.12 2.91 2.91 2.91 2.86 2.86 2.86 2.86 2.81 2.81 2.81 2.81 2.78 2.78 2.78 2.78 3.18 3.18 3.18 3.18 5.54 3.19 3.19 3.19 3.15 3.15 3.15 3.15 5.43 3.13 3.13 3.13 3.42 3.42 3.42 3.42 8.62 3.44 3.44 3.44 3.46 3.46 3.46 3.46 3.58 3.58 3.58 3.58 4.88 4.88 4.88 3.02 4.90 4.90 4.90 4.90
0.00 0.00 3.45 0.00 0.00 0.00 0.00 0.00 0.00 0.00 0.00 0.00 0.00 0.00 3.88 12.90 0.00 3.96 2.54 2.54 1.27 2.54 2.54 0.93 0.56 0.95 0.95 1.48 1.10 1.10 1.10 1.10 1.08 2.86 2.86 2.86 2.81 2.81 2.81 2.81 2.78 2.78 2.78 2.78 3.18 3.18 3.18 5.49 3.19 3.19 3.19 3.19 3.15 3.15 3.15 3.15 5.42 3.13 3.13 3.13 3.42 3.42 3.42 5.97 3.44 3.44 3.44 5.99 6.05 3.46 3.46 3.46 3.58 3.58 3.58 3.58 4.88 4.88 3.02 4.88 4.90 4.90 4.90 4.90
0.00 2.00 2.00 2.00 12.02 0.00 0.00 0.00 0.00 0.00 0.00 0.00 0.00 0.00 3.88 2.43 2.40 4.05 4.05 4.16 2.51 1.25 2.51 0.92 1.67 0.93 0.93 1.32 1.09 1.52 1.09 1.51 1.08 7.05 4.93 2.86 2.84 2.84 2.84 2.84 2.82 2.82 2.82 2.82 3.15 3.15 3.15 3.15 7.78 3.12 3.12 7.05 3.12 3.12 3.12 7.74 3.13 3.13 3.13 3.13 3.46 3.46 3.46 8.68 3.46 3.46 3.46 7.32 6.18 3.53 3.53 3.53 3.68 3.68 3.68 3.68 4.91 3.04 11.79 4.91 4.85 8.97 8.97 4.85
0.00 12.02 2.00 2.00 2.03 0.00 0.00 0.00 0.00 0.00 0.00 0.00 0.00 0.00 2.43 1.28 2.40 2.40 2.40 2.40 2.40 2.39 2.39 0.92 1.02 0.93 0.93 1.03 1.09 1.09 2.88 2.88 4.93 2.86 2.86 2.86 2.84 2.84 6.44 4.88 2.82 2.82 2.82 2.82 3.15 3.15 3.15 3.15 3.12 3.12 3.12 3.97 1.20 3.96 3.12 3.12 3.13 3.13 3.13 3.13 6.04 6.04 3.46 3.46 3.46 6.04 6.04 6.09 3.53 3.53 3.53 3.53 3.68 3.68 3.68 3.68 4.91 9.07 4.91 4.91 4.85 4.85 4.85 4.85
0.00 14.02 2.00 2.00 2.03 2.03 0.00 0.00 0.00 0.00 0.00 0.00 0.00 2.43 2.43 2.43 2.40 1.26 2.40 4.57 2.39 2.39 2.39 0.94 0.96 2.21 0.96 0.93 1.09 1.09 2.88 2.88 2.86 2.86 2.86 2.86 2.84 2.84 2.84 2.84 2.82 4.86 2.82 2.82 3.15 3.15 3.15 1.21 1.20 1.20 1.20 1.68 1.20 1.20 3.12 3.12 3.13 3.13 3.13 3.13 5.81 3.46 3.46 3.46 6.04 3.46 3.46 1.81 3.53 3.53 3.53 3.53 3.68 3.68 3.68 3.68 3.04 4.91 4.91 4.91 4.85 4.85 4.85 4.85
2.00 3.33 3.34 2.00 2.03 3.40 0.00 0.00 0.00 0.00 0.00 0.00 0.00 0.00 2.43 4.48 2.40 1.26 2.40 4.06 6.30 2.39 2.39 2.39 0.96 2.43 2.43 2.43 1.12 1.12 2.88 2.88 2.86 2.86 2.86 2.86 2.84 2.84 2.84 4.88 2.82 2.82 2.82 2.82 3.15 3.15 3.15 3.15 1.20 1.20 1.20 1.20 1.20 1.20 3.12 3.12 3.13 3.13 3.13 3.13 3.46 3.46 3.46 3.46 3.46 3.46 3.46 3.46 3.53 3.53 3.53 3.53 3.68 3.68 3.68 1.95 4.91 4.91 4.91 4.91 4.85 4.85 4.85 8.13
1.98 1.98 1.98 1.98 2.02 2.02 2.02 0.00 0.00 0.00 0.00 0.00 0.00 0.00 2.45 2.45 3.30 2.41 2.41 2.41 2.38 4.01 2.38 2.38 4.01 2.38 2.38 2.38 2.67 2.67 2.67 2.67 2.68 2.68 2.81 2.81 2.83 2.83 2.83 2.83 2.82 2.82 4.86 2.82 3.13 3.13 3.13 3.13 3.10 1.19 1.19 1.67 1.20 1.20 3.97 3.12 7.84 3.15 3.15 3.15 3.48 3.48 3.48 3.48 11.56 6.08 3.48 3.48 3.60 3.60 3.60 3.60 3.72 3.72 3.72 6.53 4.91 4.91 4.91 4.91 3.96 3.96 3.96 3.96
1.98 1.98 1.98 1.98 2.02 2.02 2.02 2.02 0.00 0.00 0.00 0.00 0.00 0.00 0.97 2.45 2.41 2.41 2.41 2.41 2.38 2.38 2.38 2.38 2.38 2.38 2.38 2.38 2.67 2.67 2.67 2.67 2.68 2.68 2.68 2.68 2.69 2.83 2.83 2.83 2.82 2.82 2.82 2.82 5.43 3.13 3.13 3.13 3.10 1.19 1.19 1.19 1.20 1.20 1.20 3.12 3.15 3.15 3.15 3.15 3.48 3.48 3.48 3.48 3.48 3.48 3.48 3.48 3.60 3.60 3.60 3.60 3.72 3.72 6.53 1.97 4.91 9.07 4.91 11.86 8.08 3.96 3.96 3.96
1.98 1.98 1.98 1.98 2.02 2.02 2.02 2.02 1.60 0.00 0.00 0.00 0.00 12.90 0.97 0.97 4.07 2.41 2.41 4.05 2.38 2.38 2.38 2.38 2.38 2.38 2.38 4.01 2.67 2.67 4.97 2.67 2.68 2.68 2.68 2.68 2.69 2.69 2.69 2.69 2.69 2.82 2.82 2.82 3.13 3.13 3.13 3.13 1.19 1.19 1.19 1.19 1.20 1.20 1.20 1.20 3.15 3.15 3.15 7.84 3.48 3.48 1.92 8.74 3.48 3.48 3.48 3.48 3.60 3.60 3.60 3.60 6.53 3.72 3.72 3.72 6.38 4.91 4.91 4.91 3.96 3.96 3.96 3.96
1.98 1.98 1.98 1.98 2.02 2.02 2.02 2.02 1.12 0.49 0.89 0.61 1.88 1.06 0.99 0.97 0.95 2.91 2.41 2.41 2.38 2.38 2.38 2.38 2.38 2.38 2.38 2.38 2.67 2.67 2.67 2.67 2.68 2.68 2.68 2.68 2.69 4.99 2.69 2.69 2.69 2.69 2.69 2.69 3.13 3.13 3.13 1.21 1.19 1.19 1.19 1.19 1.20 1.20 1.20 1.20 3.15 3.15 3.15 3.15 3.48 3.48 8.12 3.48 3.48 3.48 3.48 3.48 3.60 3.60 3.60 9.09 3.72 1.97 1.97 1.97 5.75 4.91 9.08 8.19 5.50 8.08 3.96 2.12
1.97 1.97 1.97 1.97 2.00 2.00 2.00 2.00 1.07 1.07 0.49 0.82 0.88 2.15 1.44 0.99 0.60 1.28 2.44 2.44 2.40 2.40 2.40 2.40 2.38 2.38 2.38 2.38 2.66 2.66 2.66 2.66 2.67 2.67 2.67 2.67 2.67 2.67 4.97 2.67 2.65 2.65 2.65 2.65 3.02 1.24 1.24 1.24 1.21 1.21 1.21 1.21 1.22 1.22 1.22 1.22 1.23 1.23 3.17 3.17 3.48 6.08 5.67 1.82 3.53 3.53 3.53 3.53 3.63 3.63 6.36 3.63 3.72 3.72 1.97 1.97 6.38 4.91 4.91 4.91 3.94 3.94 3.94 3.94
1.97 1.97 1.97 1.97 2.00 2.00 3.97 2.00 1.07 4.92 1.07 0.81 0.73 0.64 1.01 0.97 0.60 0.60 2.44 2.44 2.40 2.40 2.40 2.40 2.38 2.38 2.38 2.38 2.66 2.66 2.66 2.66 2.67 2.67 2.67 2.67 6.09 2.67 2.67 2.67 2.65 2.65 2.65 6.03 4.90 2.47 1.24 1.24 3.05 3.05 3.05 3.15 1.22 1.22 1.22 1.22 1.23 2.39 2.39 3.17 3.48 1.38 2.74 3.48 3.53 3.53 3.53 3.53 3.63 3.63 9.35 3.63 3.72 3.72 3.72 3.72 4.91 4.91 4.91 4.91 3.94 3.94 10.41 3.94
2.82 2.82 4.72 4.74 2.93 2.93 2.93 2.93 1.64 4.92 3.55 3.04 3.94 3.94 1.80 1.74 1.45 1.45 1.45 3.57 3.39 3.39 3.39 3.39 3.36 3.36 3.36 3.36 4.16 4.16 4.16 4.16 4.18 4.18 4.18 4.18 4.18 4.18 4.18 4.18 7.28 4.14 4.14 4.14 4.61 2.11 2.11 4.61 4.65 4.65 4.65 4.65 4.68 4.68 4.68 2.62 2.62 2.62 2.62 5.15 8.65 3.00 3.00 5.87 5.93 5.93 5.93 5.93 16.38 6.09 6.09 6.09 6.45 6.45 6.45 6.45 4.55 4.61 4.55 7.11 6.93 6.93 6.93 6.93
2.82 2.82 2.82 2.82 2.93 2.93 2.93 2.93 3.04 3.04 3.04 3.04 3.94 3.94 3.94 1.74 1.76 1.55 1.45 1.16 1.43 1.43 3.39 3.39 3.36 3.36 3.36 3.36 4.16 4.16 4.16 4.16 4.18 4.18 4.18 4.18 4.18 4.18 4.18 4.18 4.14 4.14 4.14 4.14 4.61 4.61 4.61 4.61 4.65 4.65 4.65 4.65 4.68 12.18 4.68 3.72 2.15 2.15 2.15 2.62 3.00 3.00 3.00 5.87 5.93 5.93 5.93 5.93 6.09 11.29 6.09 6.09 6.45 6.45 6.45 6.45 7.11 7.11 7.11 7.11 6.93 6.93 12.78 6.93
2.93 1.57 2.93 2.93 2.85 2.85 2.85 2.85 1.59 2.96 4.92 2.96 1.88 6.48 1.88 3.42 1.77 1.15 1.13 1.74 1.46 1.46 1.46 1.46 3.43 3.43 3.43 3.43 4.26 4.26 4.26 4.26 4.26 4.26 4.26 4.26 4.22 4.22 4.22 4.22 4.18 4.18 4.18 4.18 4.71 4.71 4.71 4.71 4.76 4.76 8.44 4.76 8.45 4.76 4.76 2.19 2.17 2.17 2.17 2.17 2.46 2.46 5.88 5.88 5.94 5.94 5.94 5.94 11.26 6.06 6.06 6.06 6.18 6.18 6.18 6.18 7.04 7.04 7.04 7.04 6.89 6.89 6.89 6.89
2.93 2.93 2.93 2.93 2.85 2.85 2.85 2.85 5.44 2.96 2.96 2.96 3.42 3.42 4.22 2.25 2.27 1.77 1.80 3.72 1.46 1.46 1.46 1.46 3.43 3.43 3.43 3.43 4.26 4.26 4.26 4.26 4.26 4.26 4.26 4.26 4.22 4.22 4.22 4.22 4.18 4.18 4.18 4.18 4.71 4.71 4.71 4.71 4.76 4.76 4.76 4.76 4.76 4.76 4.76 2.19 4.72 4.72 4.72 4.72 2.46 2.46 5.22 5.22 5.28 5.28 8.68 5.94 6.06 6.06 6.06 6.06 6.18 6.18 3.89 9.71 7.04 7.04 12.99 12.99 6.89 6.89 6.89 12.59
2.93 2.93 2.93 7.72 2.85 2.85 2.85 2.85 5.44 2.96 2.96 2.96 3.42 3.42 3.42 1.88 3.38 3.94 3.94 3.94 3.45 1.80 1.46 3.39 3.43 3.43 3.43 3.43 4.26 4.26 4.26 4.26 4.26 4.26 4.26 4.26 4.22 4.22 4.22 4.22 4.18 4.18 4.18 4.18 4.71 4.71 4.71 4.71 4.76 4.76 4.76 4.76 8.45 4.76 4.76 4.76 4.72 4.72 4.72 4.72 2.46 2.46 2.46 5.22 5.28 9.43 5.28 5.28 5.39 6.06 6.06 6.06 6.18 6.18 6.18 6.18 7.04 7.04 7.04 7.04 6.89 6.89 6.89 12.59
2.93 2.93 2.93 2.93 7.44 5.37 2.85 2.85 2.96 2.96 2.96 2.96 3.42 3.42 1.88 3.42 3.94 2.23 3.94 3.94 4.05 4.05 1.89 3.45 3.43 6.49 3.43 3.43 4.26 4.26 4.26 4.26 4.26 4.26 4.26 4.26 4.22 4.22 4.22 4.22 4.18 4.18 4.18 4.18 4.71 4.71 4.71 4.71 4.76 4.76 4.76 4.76 8.45 5.59 8.45 4.76 4.72 4.72 8.36 6.67 2.46 2.46 2.46 5.22 5.28 5.28 5.28 9.39 5.39 5.39 5.39 5.39 5.50 6.18 6.18 6.18 7.04 7.04 7.04 7.04 12.65 6.89 6.89 6.89
3.00 3.00 3.00 3.00 2.95 5.47 2.95 2.95 2.92 2.92 2.92 2.92 3.38 3.38 3.38 6.39 3.44 3.44 3.44 1.89 3.44 3.44 3.44 1.88 3.42 3.42 3.42 3.42 4.30 4.30 4.30 4.30 4.32 4.32 4.32 4.32 4.28 4.28 4.28 4.28 4.25 4.25 4.25 4.25 4.80 4.80 4.80 4.80 4.83 4.83 4.83 4.83 4.81 4.81 4.81 4.81 4.73 4.73 4.73 4.73 2.45 2.45 2.45 3.78 7.22 5.24 5.24 5.24 9.42 5.31 5.31 5.31 5.35 5.35 5.35 9.56 6.84 6.84 6.84 6.84 6.80 6.80 4.32 6.80
3.00 3.00 3.00 3.00 2.95 2.95 2.95 2.95 2.92 2.92 5.42 2.92 3.38 3.38 6.39 3.38 3.44 3.44 3.44 1.89 3.44 1.88 3.44 1.88 3.42 6.48 3.42 3.42 4.30 4.30 4.30 4.30 4.32 4.32 4.32 4.32 4.28 4.28 4.28 4.28 4.25 4.25 4.25 4.25 4.80 4.80 4.80 4.80 4.83 4.83 4.83 4.83 4.81 4.81 4.81 4.81 4.73 4.73 4.73 4.73 2.45 2.45 2.45 2.45 1.65 5.24 5.24 5.24 9.42 5.31 9.47 5.31 9.53 5.35 5.35 5.35 5.90 5.90 5.90 5.90 6.80 6.80 6.80 6.80
7.96 3.00 3.00 3.00 2.95 2.95 2.95 2.95 2.92 2.92 2.92 2.92 6.04 3.38 3.38 6.39 3.44 3.44 3.44 3.44 3.44 6.50 3.44 3.44 3.42 3.42 3.42 3.42 4.30 4.30 4.30 4.30 7.62 14.08 11.18 7.62 4.28 7.54 4.28 4.28 7.48 4.25 4.25 4.25 4.80 4.80 4.80 4.80 4.83 4.83 4.83 4.83 4.81 4.81 4.81 8.53 4.73 4.73 4.73 3.47 2.45 2.45 2.45 2.45 2.46 2.46 2.46 5.24 5.31 5.31 5.31 5.31 5.35 5.35 5.35 5.35 5.90 5.90 5.90 5.90 5.86 5.86 10.56 4.32
3.00 3.00 5.57 3.00 2.95 2.95 2.95 2.95 2.92 2.92 2.92 2.92 3.38 3.38 3.38 3.38 3.44 3.44 3.44 6.47 3.44 3.44 8.94 3.44 3.42 3.42 6.45 3.42 4.30 4.30 4.30 4.30 4.32 7.60 4.32 4.32 4.28 4.28 4.28 4.28 4.25 4.25 4.25 4.25 4.80 4.80 4.80 4.80 12.60 4.83 8.58 8.52 4.81 16.65 8.50 4.81 4.73 4.73 4.73 2.18 2.45 2.45 2.45 2.45 3.81 2.46 2.46 2.46 2.50 5.31 5.31 5.31 5.35 5.35 5.35 5.35 5.90 5.90 5.90 5.90 5.86 5.86 5.86 10.53
1.65 3.01 5.64 7.99 3.00 3.00 3.00 3.00 2.96 2.96 2.96 2.96 3.32 3.32 3.32 11.50 1.85 3.38 3.38 3.38 3.37 3.37 3.37 6.38 3.38 3.38 3.38 3.38 6.87 4.28 7.55 4.28 4.29 7.57 4.29 4.29 4.30 7.58 4.30 4.30 4.30 4.30 4.30 4.30 4.83 4.83 12.54 4.83 4.81 4.81 4.81 4.81 4.76 8.44 4.76 4.76 4.69 4.69 2.16 2.16 2.45 2.45 2.45 2.45 2.47 2.47 2.47 2.47 2.47 2.47 2.47 2.47 2.46 3.79 2.46 3.79 2.79 2.79 8.09 5.81 10.47 5.83 5.83 10.47
1.97 1.65 3.06 3.01 3.00 3.00 3.00 5.54 2.96 5.49 2.96 5.76 3.32 3.32 3.32 6.28 3.38 1.85 3.38 3.38 3.37 3.37 3.37 3.37 3.38 3.38 3.38 3.38 4.28 4.28 4.28 4.28 4.29 4.29 4.29 4.29 4.30 4.30 7.58 4.30 4.30 4.30 4.30 4.30 4.83 8.57 4.83 4.83 4.81 4.81 4.81 4.81 4.76 4.76 4.76 4.76 4.69 4.69 2.16 2.16 2.45 2.45 2.45 2.45 2.47 2.47 2.47 2.47 2.47 2.47 2.47 2.47 2.46 2.46 2.46 2.46 4.17 2.79 2.79 10.42 5.83 5.83 5.83 5.83
