New_Model_Runs/15_Future_RCP8.5_Scn2_out/post_prcessed_with_MFR/Monthly_summaries/runoff_monthly_FEB.asc
NCOLS 700
NROWS 400
XLLCENTER 515000.000000
YLLCENTER 8409000.000000
CELLSIZE 50.000000
NODATA_value -999.000000
[rows 76 to 113 of 400, columns 336 to 419 of 700]
0.00 0.00 0.00 0.00 0.00 0.00 0.00 0.00 0.00 0.00 0.00 0.00 0.00 0.00 0.00 0.00 0.00 0.00 0.00 0.00 0.00 0.00 0.00 0.00 0.00 0.00 0.00 0.00 0.00 0.00 0.00 0.00 0.00 0.00 0.00 0.00 0.00 0.00 0.00 0.00 0.00 0.00 0.00 0.00 0.00 0.00 0.00 0.00 1.38 0.46 0.00 0.00 0.00 0.00 0.00 0.00 0.00 0.97 0.78 0.14 0.45 0.45 0.07 0.07 0.53 0.10 0.10 0.10 0.10 0.12 0.10 0.00 0.00 0.00 0.00 0.00 0.00 0.00 0.00 0.00 0.00 0.00 0.00 0.00
0.00 0.00 0.00 0.00 0.00 0.00 0.00 0.00 0.00 0.00 0.00 0.00 0.00 0.00 0.00 0.00 0.00 0.00 0.00 0.00 0.00 0.00 0.00 0.00 0.00 0.00 0.00 0.00 0.00 0.00 0.00 0.00 0.00 0.00 0.00 0.00 0.00 0.00 0.00 0.00 0.00 0.00 0.00 0.00 0.00 0.00 0.00 0.00 0.57 0.49 0.49 0.00 0.00 0.00 8.27 0.48 0.45 0.45 0.97 0.45 0.45 0.07 0.07 0.07 0.10 0.03 0.04 0.12 0.12 0.63 0.00 0.00 0.00 0.00 0.00 0.00 0.00 0.00 0.00 0.00 0.00 0.00 0.00 0.00
0.00 0.00 0.00 0.00 0.00 0.00 0.00 0.00 0.00 0.00 0.00 0.00 0.00 0.00 0.00 0.00 0.00 0.00 0.00 0.00 0.00 0.00 0.00 0.00 0.00 0.00 0.00 0.00 0.00 0.00 0.00 0.00 0.00 0.00 0.00 0.00 0.00 0.00 0.00 0.00 0.00 0.00 0.00 0.00 0.00 0.00 0.00 0.00 0.49 0.49 0.49 0.49 0.48 0.48 0.48 0.48 0.45 0.33 0.78 0.45 0.45 0.08 0.08 0.02 0.10 1.61 1.61 1.61 0.17 0.00 0.00 0.00 0.00 0.00 0.00 0.00 0.00 0.00 0.00 0.00 0.00 0.00 0.00 0.00
0.00 0.00 0.00 0.00 0.00 0.00 0.00 0.00 0.00 0.00 0.00 0.00 0.00 0.00 0.00 0.00 0.00 0.00 0.00 0.00 0.00 0.00 0.00 0.00 0.00 0.00 0.00 0.00 0.00 0.00 0.00 0.00 0.00 0.00 0.00 0.00 0.00 0.00 0.00 0.00 0.00 0.00 0.00 0.00 0.00 0.00 0.00 1.26 0.49 0.49 0.49 0.49 0.48 0.15 0.48 0.48 0.45 0.46 0.45 0.45 0.48 0.48 0.07 0.10 0.10 1.61 1.61 1.61 0.00 0.00 0.00 0.00 0.00 0.00 0.00 0.00 0.00 0.00 0.00 0.00 0.00 0.00 0.00 0.00
0.00 0.00 0.00 0.00 0.00 0.00 0.00 0.00 0.00 0.00 0.00 0.00 0.00 0.00 0.00 0.00 0.00 0.00 0.00 0.00 0.00 0.00 0.00 0.00 0.00 0.00 0.00 0.00 0.00 0.00 0.00 0.00 0.00 0.00 0.00 0.00 0.00 0.00 0.00 0.00 0.00 0.00 0.00 0.00 0.00 0.00 0.00 0.45 0.48 0.48 0.48 0.48 0.45 0.14 0.45 0.45 0.46 0.46 0.46 0.46 0.50 0.53 0.50 0.10 1.61 0.17 8.59 0.00 0.00 0.00 0.00 0.00 0.00 0.00 0.00 0.00 0.00 0.00 0.00 0.00 0.00 0.00 0.00 0.00
0.00 0.00 0.00 0.00 0.00 0.00 0.00 0.00 0.00 0.00 0.00 0.00 0.00 0.00 0.00 0.00 0.00 0.00 0.00 0.00 0.00 0.00 0.00 0.00 0.00 0.00 0.00 0.00 0.00 0.00 0.00 0.00 0.00 0.00 0.00 0.00 0.00 0.00 1.58 0.00 0.00 0.00 0.00 0.00 0.00 0.00 0.00 0.45 0.48 0.48 0.48 0.48 0.45 0.85 0.45 0.45 0.89 0.46 0.46 0.46 0.50 0.15 0.50 0.39 0.63 0.63 0.00 0.00 0.00 0.00 0.00 0.00 0.00 0.00 0.00 0.00 0.00 0.00 0.00 0.00 0.00 0.00 0.00 0.00
0.00 0.00 0.00 0.00 0.00 0.00 0.00 0.00 0.00 0.00 0.00 0.00 0.00 0.00 0.00 0.00 0.00 0.00 0.00 0.00 0.00 0.00 0.00 0.00 0.00 0.00 0.00 0.00 0.00 0.00 0.00 0.00 0.00 0.00 0.00 0.00 0.00 1.22 1.22 1.22 1.22 0.00 0.00 0.00 0.00 0.00 0.00 0.66 0.65 0.65 0.65 0.65 0.59 0.59 0.59 0.59 0.58 0.58 0.60 0.20 0.22 0.67 0.23 1.81 0.75 0.00 0.00 0.00 0.00 0.00 0.00 0.00 0.00 0.00 0.00 0.00 0.00 0.00 0.00 0.00 0.00 0.00 0.00 0.74
0.00 0.00 0.00 0.00 0.00 0.00 0.00 0.00 0.00 0.00 0.00 0.00 0.00 0.00 0.00 0.00 0.00 0.00 0.00 0.00 0.00 0.00 0.00 0.00 0.00 0.00 0.00 0.00 0.00 0.00 0.00 0.00 0.00 0.00 0.00 0.00 1.22 1.22 1.22 1.22 1.96 0.41 0.41 1.19 0.91 0.66 0.66 0.66 0.65 0.65 0.65 0.65 0.59 0.58 0.59 0.59 0.60 0.60 0.60 0.20 0.13 0.23 0.15 1.81 1.87 0.00 0.00 0.00 0.00 0.00 0.00 0.00 0.00 0.00 0.00 0.00 0.00 0.00 0.00 0.00 0.74 1.63 0.74 0.74
0.00 0.00 0.00 0.00 0.00 0.00 0.00 0.00 0.00 0.00 0.00 0.00 0.00 0.00 0.00 0.00 0.00 0.00 0.00 0.00 0.00 0.00 0.00 0.00 0.00 0.00 0.00 0.00 0.00 0.00 0.00 0.00 0.00 0.00 2.88 1.23 1.20 1.20 1.20 1.20 1.21 0.59 0.41 0.41 1.19 0.61 0.61 1.07 0.60 0.60 0.60 0.60 0.60 0.60 0.60 0.60 0.68 0.68 0.68 0.68 0.23 0.15 0.37 0.20 19.57 0.00 0.00 0.00 0.00 0.00 0.00 0.00 0.00 0.00 0.00 0.00 0.00 0.00 0.00 0.90 0.74 0.74 0.74 0.74
0.00 0.00 0.00 0.00 0.00 0.00 0.00 0.00 0.00 0.00 0.00 0.00 0.00 0.00 0.00 0.00 0.00 0.00 0.00 0.00 0.00 0.00 0.00 0.00 0.00 0.00 0.00 0.00 0.00 0.00 0.00 0.00 10.32 1.23 1.23 1.23 1.20 1.20 1.20 1.20 1.21 0.41 0.41 0.41 1.19 1.92 0.61 0.61 0.60 0.60 0.60 0.60 0.60 0.60 0.60 0.60 0.13 0.13 0.13 0.23 0.15 0.26 0.26 0.73 9.32 0.00 0.00 0.00 0.00 0.00 0.00 0.00 0.00 0.00 0.00 0.00 0.00 0.00 0.00 0.90 0.74 0.96 0.74 0.74
0.00 0.00 0.00 0.00 0.00 0.00 0.00 0.00 0.00 0.00 0.00 0.00 0.00 0.00 0.00 0.00 0.00 0.00 0.00 0.00 0.00 0.00 0.00 0.00 0.00 0.00 0.00 0.00 0.00 0.00 0.00 0.00 0.00 1.97 1.23 1.23 1.20 1.20 1.94 1.20 1.21 0.41 0.41 0.83 1.19 1.19 1.19 0.61 0.60 1.39 0.60 0.60 0.60 0.20 0.60 0.60 0.13 0.04 0.23 0.12 0.37 0.37 0.37 0.20 0.00 0.00 0.00 0.00 0.00 0.00 0.00 0.00 0.00 0.00 0.00 0.00 0.00 0.00 0.90 0.36 0.74 0.74 0.74 0.74
0.00 0.00 0.00 0.00 0.00 0.00 0.00 0.00 0.00 0.00 0.00 0.00 0.00 0.00 0.00 0.00 0.00 0.00 0.00 0.00 0.00 0.00 0.00 0.00 0.00 0.00 0.00 0.00 0.00 0.00 0.00 0.00 0.00 1.23 1.23 1.23 1.20 1.20 1.20 1.20 1.21 1.94 0.41 0.41 1.19 1.19 1.19 1.19 0.60 1.20 0.60 0.58 0.60 0.60 0.60 0.60 0.68 0.11 0.23 0.15 0.15 0.37 0.37 0.73 0.00 0.00 0.00 0.00 0.00 0.00 0.00 0.00 0.00 0.00 0.00 0.00 0.00 0.92 0.90 0.90 0.74 0.74 1.27 0.74
0.00 0.00 0.00 0.00 0.00 0.00 0.00 0.00 0.00 0.00 0.00 0.00 0.00 0.00 0.00 0.00 0.00 0.00 0.00 0.00 0.00 0.00 0.00 0.00 0.00 0.00 0.00 0.00 0.00 0.00 0.00 0.00 0.00 0.00 1.26 1.26 1.22 1.22 1.22 1.22 1.19 1.19 0.41 0.41 0.40 1.17 0.83 0.83 1.29 0.88 0.58 0.64 0.22 0.67 0.67 0.67 0.89 0.89 0.11 0.11 0.12 0.15 0.37 0.73 0.00 0.00 0.00 0.00 0.00 0.00 0.00 0.00 0.00 0.00 0.00 0.00 0.95 0.91 0.91 0.91 1.27 0.75 0.75 0.75
0.00 0.00 0.00 0.00 0.00 0.00 0.00 0.00 0.00 0.00 0.00 0.00 0.00 0.00 0.00 0.00 0.00 0.00 0.00 0.00 0.00 0.00 0.00 0.00 0.00 0.00 0.00 0.00 0.00 0.00 0.00 0.00 0.00 0.00 0.00 1.26 1.22 1.22 1.22 1.22 1.19 1.19 1.19 1.93 0.40 1.17 0.83 0.83 0.85 0.61 0.21 0.64 0.67 0.67 0.67 0.67 0.89 0.23 0.11 0.15 0.12 0.12 0.91 0.73 0.75 0.00 0.00 0.00 0.00 0.00 0.00 0.00 0.00 0.00 0.00 0.93 1.35 0.91 0.91 0.91 0.75 0.75 1.27 0.75
0.00 0.00 0.00 0.00 0.00 0.00 0.00 0.00 0.00 0.00 0.00 0.00 0.00 0.00 0.00 0.00 0.00 0.00 0.00 0.00 0.00 0.00 0.00 1.93 0.00 0.00 0.00 0.00 0.00 0.00 0.00 0.00 0.00 0.00 0.00 2.01 1.22 1.22 1.97 1.22 1.19 1.19 1.19 1.19 1.17 1.17 1.15 0.59 1.21 0.61 1.21 0.64 0.67 0.13 0.13 0.13 0.23 0.23 0.23 0.20 0.20 0.26 0.37 0.20 1.87 0.21 0.75 10.08 0.00 0.00 0.00 0.00 9.32 2.87 0.96 0.93 0.91 0.91 0.91 0.91 0.75 0.75 0.75 0.75
0.00 0.00 0.00 0.00 0.00 0.00 0.00 0.00 0.00 0.00 0.00 0.00 0.00 0.00 0.00 0.00 0.00 0.00 0.00 0.00 0.00 0.00 0.00 1.18 1.18 1.18 0.00 0.00 0.00 0.00 0.00 0.00 0.00 0.00 0.00 0.00 1.22 1.22 1.22 1.22 1.19 1.19 1.19 2.47 1.17 1.17 1.17 1.17 0.57 1.21 1.21 1.21 0.13 0.13 0.13 0.11 0.25 0.89 0.23 0.73 0.37 0.37 0.37 0.22 1.87 0.75 0.75 0.85 0.24 0.24 0.47 0.38 0.49 0.38 0.96 0.93 0.91 0.91 0.91 0.91 0.75 0.75 0.75 0.75
0.00 0.00 0.00 0.00 0.00 0.00 0.00 0.00 0.00 0.00 0.00 0.00 0.00 0.00 0.00 0.00 0.00 0.00 0.00 0.00 0.00 0.00 0.00 1.19 1.18 1.18 1.18 0.00 0.00 0.00 0.00 0.00 0.00 0.00 0.00 0.00 1.24 1.24 1.24 1.24 1.18 1.18 1.18 1.91 1.91 1.18 1.18 1.18 1.25 1.25 1.25 1.25 1.27 1.32 0.68 0.68 0.89 0.89 0.89 0.12 0.37 0.37 0.11 0.11 0.38 0.16 0.21 0.28 0.25 2.87 0.30 0.46 0.38 2.49 1.56 0.95 0.95 0.37 0.38 0.93 0.76 0.76 0.76 0.76
0.00 0.00 0.00 0.00 0.00 0.00 0.00 0.00 0.00 0.00 0.00 0.00 0.00 0.00 0.00 0.00 0.00 0.00 0.00 0.00 0.00 0.00 0.00 1.19 1.18 1.18 1.18 1.91 0.00 0.00 0.00 0.00 0.00 0.00 0.00 0.00 0.00 1.24 1.24 1.24 1.18 1.18 1.18 1.18 1.18 1.18 1.18 1.91 1.25 2.85 1.25 2.85 1.27 1.27 0.68 0.68 0.89 0.89 0.92 0.24 0.11 0.17 0.20 0.36 0.68 0.21 0.16 1.07 0.37 1.87 0.28 0.28 0.38 0.46 0.96 0.25 0.37 0.38 0.12 0.24 0.26 0.76 0.76 0.76
0.00 0.00 0.00 0.00 0.00 0.00 0.00 0.00 0.00 0.00 0.00 0.00 0.00 0.00 0.00 0.00 0.00 0.00 0.00 0.00 0.00 0.00 0.45 1.19 1.18 1.18 1.18 1.18 1.20 0.00 0.00 0.00 0.00 0.00 0.00 0.00 0.00 1.24 1.24 1.24 1.18 1.18 1.18 1.18 1.91 1.18 1.18 1.18 1.25 1.25 2.02 1.25 1.27 1.27 1.27 0.68 0.89 0.89 0.11 0.11 0.29 0.90 0.61 0.35 0.94 0.16 0.36 0.25 0.93 0.24 0.24 0.93 0.94 0.38 0.28 0.16 0.16 0.11 0.11 0.24 0.26 0.76 0.76 1.28
0.00 0.00 0.00 0.00 0.00 0.00 0.00 0.00 0.00 0.00 0.00 0.00 0.00 0.00 0.00 0.00 0.00 0.00 0.00 0.00 0.00 0.00 0.66 1.19 1.18 1.18 1.18 1.18 1.92 1.20 0.00 0.00 0.00 0.00 0.00 0.00 1.24 1.24 1.24 1.24 1.91 1.18 1.18 1.18 1.92 1.18 1.18 1.18 1.25 1.25 1.25 1.25 1.27 1.27 1.27 1.27 0.89 0.23 0.10 0.24 0.71 0.35 0.35 0.90 0.94 0.11 0.49 0.94 0.94 0.11 0.24 0.93 0.37 0.38 0.49 0.16 0.11 0.11 0.11 0.11 0.76 0.76 0.76 0.76
0.00 0.00 0.00 0.00 0.00 0.00 0.00 0.00 0.00 0.00 0.00 0.00 0.00 0.00 0.00 0.00 0.45 8.91 9.36 0.45 0.45 0.45 0.45 0.45 1.17 1.17 1.17 1.17 1.19 1.19 1.19 0.00 0.00 0.00 0.00 0.00 1.23 1.23 1.23 1.23 1.20 1.20 1.20 1.20 1.20 1.20 1.20 1.20 1.24 1.24 1.24 1.24 1.26 1.26 1.26 1.26 1.30 0.26 0.23 0.24 0.95 0.89 0.90 0.89 0.94 0.11 0.24 0.92 0.94 0.25 0.26 0.31 0.38 0.38 0.38 0.25 0.25 0.12 0.12 0.25 0.42 0.39 0.39 0.99
0.00 0.00 0.00 0.00 0.00 0.00 0.00 8.73 0.21 0.21 0.00 0.00 8.73 0.22 0.22 0.79 0.45 0.45 0.45 0.82 0.45 0.45 0.45 0.45 1.17 3.15 1.17 1.17 1.19 1.19 1.19 1.19 1.26 1.26 1.26 1.26 1.23 1.23 1.23 1.23 1.20 1.20 1.20 1.20 1.20 1.20 1.20 1.94 3.10 1.24 1.24 1.24 1.26 1.26 1.26 1.26 1.30 0.26 0.45 0.67 0.89 0.89 0.90 0.92 0.38 0.12 0.36 0.92 0.94 0.29 0.12 0.13 0.25 0.95 0.12 0.25 0.12 0.11 0.11 0.11 0.13 0.41 0.39 1.31
0.00 0.00 0.00 0.00 0.00 0.00 0.00 0.94 0.93 0.93 0.93 0.93 0.93 0.93 0.93 1.34 0.99 0.99 0.99 0.99 2.01 2.01 0.99 0.99 1.82 2.99 1.82 1.82 3.02 1.85 1.85 1.85 1.85 1.85 1.85 3.05 1.81 1.81 1.81 1.81 1.78 1.78 2.91 1.78 1.78 1.78 2.92 1.78 2.79 1.70 1.70 1.70 1.72 1.72 1.72 1.72 2.89 1.35 0.68 1.78 1.27 1.27 1.31 1.31 0.97 0.34 0.85 0.51 1.23 0.40 0.27 0.33 0.87 0.27 0.18 0.36 0.18 0.36 0.18 0.18 0.19 0.18 2.08 1.28
0.00 0.00 0.00 0.00 0.00 0.00 0.00 0.00 0.93 0.93 0.93 0.93 1.33 1.33 0.93 0.93 2.02 0.99 0.99 0.99 0.99 2.01 0.99 0.99 1.91 1.82 1.82 1.82 1.85 1.85 1.85 1.85 1.85 1.85 1.85 1.85 1.81 1.81 1.81 2.96 2.91 1.78 1.78 1.78 1.78 1.78 2.92 1.78 1.70 1.70 1.70 1.70 1.72 1.72 1.72 1.72 1.78 0.66 0.41 1.78 0.88 1.27 1.27 0.53 1.22 1.22 3.17 1.22 1.23 0.52 0.18 0.33 0.36 0.18 0.18 0.36 0.18 0.33 0.28 0.23 0.19 0.18 1.28 1.28
0.00 0.00 0.00 0.00 0.00 0.00 0.00 0.00 1.33 0.93 0.93 0.93 0.91 0.91 0.91 1.31 0.98 1.99 0.98 0.98 0.98 2.00 0.98 0.98 0.97 1.81 2.97 1.81 1.82 1.82 1.82 1.82 2.98 2.97 1.81 1.81 1.80 1.80 1.80 5.13 1.79 1.79 1.79 1.79 1.78 1.78 1.78 1.78 1.69 1.69 1.69 1.69 1.72 1.72 1.72 1.72 1.76 1.76 1.76 1.76 1.75 1.75 1.25 1.25 0.50 1.95 1.95 1.21 1.23 1.23 0.18 0.42 0.36 0.21 0.18 1.25 0.18 0.25 0.18 0.27 0.32 0.29 0.18 0.37
0.00 0.00 0.00 0.00 0.00 0.00 0.00 0.00 0.93 0.93 0.93 0.93 0.91 0.91 0.91 0.91 0.98 0.98 1.99 0.98 0.98 2.00 0.98 0.98 0.97 1.81 1.81 1.81 1.82 1.82 1.82 1.82 1.81 1.81 1.81 1.81 1.80 1.80 1.80 1.80 2.94 1.79 2.94 1.79 1.78 1.78 1.78 1.78 1.69 1.69 1.69 1.69 1.72 2.82 1.72 1.72 1.76 1.76 2.89 1.76 1.75 1.75 1.75 1.25 1.21 1.21 1.21 1.21 1.23 1.23 0.27 0.17 0.36 0.18 0.27 1.25 0.18 0.18 0.27 0.18 0.18 0.18 0.29 0.37
0.00 0.00 0.00 0.00 0.00 0.00 0.00 11.89 1.33 2.16 1.33 0.93 0.91 0.91 0.91 0.91 0.98 0.98 0.98 0.98 0.98 0.98 2.00 0.98 0.97 0.97 1.81 2.97 1.82 1.82 1.82 2.99 3.88 1.81 1.81 1.81 2.95 1.80 1.80 1.80 1.79 1.79 1.79 1.79 1.78 1.78 1.78 1.78 1.69 1.69 1.69 1.69 1.72 1.72 1.72 1.72 1.76 1.76 5.02 1.76 1.75 1.75 1.75 1.75 1.21 1.21 1.21 1.21 1.23 1.23 0.26 0.17 0.18 0.36 0.41 0.37 1.24 0.18 0.18 0.18 0.37 1.27 0.53 1.27
0.00 0.00 0.00 0.00 0.00 0.00 10.93 0.96 0.93 0.93 1.32 1.32 0.91 0.91 0.91 0.91 0.98 0.98 0.98 2.87 0.98 0.98 0.98 0.98 0.97 0.97 1.81 1.81 1.82 1.82 1.82 1.82 2.97 4.65 1.81 1.81 1.80 1.80 1.80 4.18 1.79 1.79 1.79 1.79 1.78 1.78 1.78 1.78 2.76 1.69 1.69 1.69 1.72 1.72 1.72 1.72 1.76 2.88 2.88 1.76 1.75 1.75 1.75 1.75 1.69 1.21 1.21 1.21 1.23 0.51 0.51 0.35 0.18 0.36 0.18 0.21 0.52 1.24 0.18 0.27 0.37 1.27 1.27 1.27
0.00 0.00 0.00 0.00 0.00 10.93 0.96 0.96 0.92 0.92 0.92 0.92 1.27 0.84 0.84 0.84 0.96 0.96 0.96 1.39 0.97 0.97 0.97 0.97 0.97 0.97 1.80 1.80 1.80 1.80 1.80 1.80 2.95 1.79 3.84 2.94 1.78 1.78 1.78 1.78 1.79 1.79 1.79 1.79 1.77 1.77 2.91 2.85 2.75 1.68 1.68 1.68 1.72 1.72 1.72 1.72 1.74 1.74 1.74 1.74 1.73 1.73 1.73 1.73 1.67 1.67 2.12 1.19 1.21 1.21 1.96 1.21 1.23 0.51 0.18 0.18 0.18 1.22 1.97 1.22 0.35 1.23 1.23 1.23
0.00 0.00 0.00 0.00 0.00 2.48 0.96 0.96 0.92 0.92 0.92 0.92 0.84 0.84 0.84 0.84 1.34 0.96 0.96 1.39 1.98 0.97 0.97 2.77 1.98 0.97 0.97 1.80 1.80 1.80 1.80 1.80 1.79 1.79 1.79 1.79 1.78 1.78 1.78 1.78 1.79 1.79 1.79 1.79 1.77 1.77 1.77 1.77 1.68 1.68 1.68 1.68 1.72 1.72 1.72 1.72 2.84 1.74 2.85 1.74 1.73 1.73 0.89 1.73 1.67 1.67 1.67 1.19 1.21 1.21 1.21 1.96 1.23 1.23 0.70 0.40 0.68 1.22 1.22 0.51 1.23 2.00 1.23 1.23
0.00 0.00 0.00 0.00 0.00 2.48 1.38 0.96 0.92 1.32 0.92 0.92 0.84 0.84 0.84 0.84 0.96 0.96 0.96 0.96 0.97 1.98 0.97 0.97 0.97 0.97 0.97 1.80 4.89 1.80 1.80 4.22 2.94 1.79 1.79 1.79 1.78 1.78 1.78 1.78 1.79 1.79 1.79 1.79 1.77 2.91 1.77 1.77 1.68 1.68 1.68 1.68 2.80 1.72 1.72 1.72 1.74 1.74 1.74 1.74 1.73 1.73 2.54 4.87 1.67 1.67 2.74 1.67 1.21 1.21 1.21 1.21 1.23 1.23 1.23 0.35 0.34 1.22 1.22 1.22 1.23 1.23 1.23 1.23
0.00 0.00 0.00 0.00 0.00 0.96 1.38 0.96 0.92 0.92 0.92 0.92 0.84 1.27 0.84 0.84 0.96 0.96 0.96 0.96 0.97 0.97 0.97 0.97 0.97 0.97 0.97 0.97 2.96 1.80 1.80 1.80 1.79 2.94 1.79 1.79 1.78 1.78 1.78 1.78 1.79 1.79 2.93 1.79 1.77 1.77 1.77 1.77 1.68 1.68 1.68 1.68 2.79 1.72 1.72 1.72 1.74 2.85 1.74 1.74 2.81 1.73 1.73 2.81 1.67 1.67 1.67 1.67 1.70 1.21 1.21 1.21 1.96 1.23 2.66 1.23 0.34 1.22 1.22 1.22 1.23 1.23 1.23 1.23
0.00 0.00 0.00 0.00 0.00 0.34 0.95 0.95 0.85 0.85 0.85 0.85 0.84 0.84 1.26 0.84 0.96 0.96 0.96 0.96 0.97 0.97 1.98 0.97 0.97 1.99 0.97 0.97 1.80 4.60 1.80 1.80 1.78 1.78 2.93 1.78 1.78 1.78 1.78 1.78 1.78 1.78 2.92 1.78 1.75 1.75 2.87 1.75 1.67 1.67 1.67 1.67 1.70 1.70 1.70 1.70 1.70 1.70 1.70 1.70 1.70 1.70 1.70 1.70 1.64 1.64 2.69 2.70 1.66 1.66 0.49 1.17 1.18 1.18 1.18 1.18 1.17 1.17 1.17 1.27 1.19 1.19 1.19 1.19
0.00 0.00 0.00 2.48 10.93 1.09 1.37 0.95 0.85 0.30 0.85 0.85 0.84 0.84 0.84 0.84 0.96 0.96 0.96 0.96 0.97 0.97 0.97 0.97 0.97 1.99 0.97 0.97 1.80 2.61 2.96 1.80 1.78 1.78 5.10 1.78 2.91 1.78 1.78 1.78 2.92 1.78 2.92 1.78 1.75 1.75 1.75 1.75 1.67 1.67 1.67 3.87 1.70 2.78 1.70 2.78 1.70 1.70 1.70 1.70 1.70 1.70 1.70 1.70 1.64 1.64 2.69 1.64 1.66 1.66 0.81 1.17 1.18 1.18 1.25 0.68 0.68 0.68 0.68 0.68 1.01 1.01 1.69 1.01
0.00 0.00 0.00 0.00 2.48 0.34 0.95 0.95 0.85 0.85 0.85 0.85 0.84 0.84 0.84 0.84 3.46 0.96 0.96 0.96 0.97 0.97 2.57 0.97 0.97 0.97 1.99 0.97 0.97 1.80 1.80 1.80 1.78 2.93 1.78 2.93 2.91 1.78 1.78 1.78 2.92 1.78 1.78 1.78 1.75 1.75 1.75 2.82 1.67 1.67 1.67 1.67 1.70 1.70 1.70 1.70 1.70 1.70 1.70 1.70 1.70 1.70 1.70 1.70 2.72 1.64 1.64 2.69 1.66 1.66 1.66 1.66 0.68 0.68 0.68 0.68 0.68 0.68 0.68 0.68 1.01 1.69 1.01 1.01
0.00 0.00 2.48 2.48 2.51 0.95 1.37 0.95 0.85 0.85 0.85 0.85 1.26 1.26 0.84 0.84 1.37 1.37 0.96 0.96 0.97 0.97 1.97 0.97 1.98 0.97 0.97 1.98 0.97 1.80 1.80 1.80 1.78 1.78 1.78 1.78 2.91 1.78 1.78 1.78 2.90 1.78 1.78 1.78 1.75 1.75 1.75 1.75 1.67 1.67 1.67 1.67 1.70 1.70 2.75 1.70 1.70 1.70 3.92 1.70 1.70 1.70 2.75 1.70 0.81 1.64 1.64 1.64 1.66 1.66 1.66 0.68 0.68 0.68 1.32 0.68 0.68 1.55 0.68 0.68 1.01 1.01 1.01 1.01
0.00 0.00 0.00 3.24 0.93 0.93 0.93 0.93 1.26 0.83 0.83 0.83 0.83 1.25 0.83 0.83 0.95 2.80 0.95 0.95 0.96 0.96 0.96 0.96 0.97 0.97 0.97 1.97 0.96 1.78 1.78 1.78 1.76 1.76 1.76 1.76 1.76 1.76 0.87 1.76 1.74 1.74 1.74 1.74 1.71 1.71 1.71 1.71 1.63 1.63 1.63 1.63 1.65 1.65 1.65 2.69 1.65 1.65 1.65 1.65 1.66 1.66 2.71 1.66 1.60 1.60 1.60 1.60 1.60 1.60 1.60 0.65 0.65 0.65 0.65 0.93 0.91 0.64 0.64 0.64 0.66 0.66 0.66 0.66
0.00 0.00 2.48 2.09 0.93 0.93 0.93 0.93 0.83 1.25 0.83 0.83 0.83 0.83 1.37 0.83 0.95 3.63 1.36 0.95 0.96 0.96 2.82 2.07 0.97 0.97 0.97 0.97 2.04 0.96 1.78 0.88 1.76 1.76 3.00 1.76 1.76 2.37 0.87 1.76 1.74 2.96 3.91 2.94 1.71 1.71 1.71 1.71 1.63 1.63 1.63 2.66 1.65 1.65 1.65 1.65 1.65 1.65 1.65 1.65 1.66 1.66 1.66 1.66 1.60 1.60 1.60 1.60 1.60 2.61 1.60 0.65 0.65 0.65 0.65 0.65 0.64 0.64 0.64 0.64 0.66 0.66 0.66 0.66
