New_Model_Runs/15_Future_RCP8.5_Scn2_out/post_prcessed_with_MFR/Monthly_summaries/runoff_monthly_MAY.asc
NCOLS 700
NROWS 400
XLLCENTER 515000.000000
YLLCENTER 8409000.000000
CELLSIZE 50.000000
NODATA_value -999.000000
[rows 74 to 110 of 400, columns 420 to 503 of 700]
0.00 0.00 0.00 0.00 0.00 0.00 0.00 0.00 0.00 0.00 0.00 0.00 0.00 0.00 0.00 0.00 0.00 0.00 0.00 0.00 0.00 0.00 0.00 0.00 0.00 0.00 0.00 0.00 0.00 0.00 0.00 0.00 0.00 0.00 0.00 0.00 0.00 0.00 0.00 0.00 0.00 0.00 0.00 0.00 0.00 0.00 0.00 0.00 0.00 0.00 0.00 0.00 0.00 0.00 0.00 0.00 0.00 0.00 0.00 0.00 0.00 0.00 0.00 0.00 0.00 0.00 0.00 0.00 0.00 0.00 0.00 0.00 0.00 0.00 0.00 0.00 0.00 0.00 0.00 0.00 0.00 0.00 0.00 0.00
0.00 0.00 0.00 0.00 0.00 0.00 0.00 0.00 0.00 0.00 0.00 0.00 0.00 0.00 0.00 0.00 0.00 0.00 0.00 0.00 0.00 0.00 0.00 0.00 0.00 0.00 0.00 0.00 0.00 0.00 0.00 0.00 0.00 0.00 0.00 0.00 0.00 0.00 0.00 0.00 0.00 0.00 0.00 0.00 0.00 0.00 0.00 0.00 0.00 0.00 0.00 0.00 0.00 0.00 0.00 0.00 0.00 0.00 0.00 0.00 0.00 0.00 0.00 0.00 0.00 0.00 0.00 0.00 0.00 0.00 0.00 0.00 0.00 0.00 0.00 0.00 0.00 0.00 0.00 0.00 0.00 0.00 0.00 0.00
0.00 0.00 0.00 0.00 0.00 0.00 0.00 0.00 0.00 0.00 0.00 0.00 0.00 0.00 0.00 0.00 0.00 0.00 0.00 0.00 0.00 0.00 0.00 0.00 0.00 0.00 0.00 0.00 0.00 0.00 0.00 0.00 0.00 0.00 0.00 0.00 0.00 0.00 0.00 0.00 0.00 0.00 0.00 0.00 0.00 0.00 0.00 0.00 0.00 0.00 0.00 0.00 0.00 0.00 0.00 0.00 0.00 0.00 0.00 0.00 0.00 0.00 0.00 0.00 0.00 0.00 0.00 0.00 0.00 0.00 0.00 0.00 0.00 0.00 0.00 0.00 0.00 0.00 0.00 0.00 0.00 0.00 0.00 0.00
0.00 0.00 0.00 0.00 0.00 0.00 0.00 0.00 0.00 0.00 0.00 0.00 0.00 0.00 0.00 0.00 0.00 0.00 0.00 0.00 0.00 0.00 0.00 0.00 0.00 0.00 0.00 0.00 0.00 0.00 0.00 0.00 0.00 0.00 0.00 0.00 0.00 0.00 0.00 0.00 0.00 0.00 0.00 0.00 0.00 0.00 0.00 0.00 0.00 0.00 0.00 0.00 0.00 0.00 0.00 0.00 0.00 0.00 0.00 0.00 0.00 0.00 0.00 0.00 0.00 0.00 0.00 0.00 0.00 0.00 0.00 0.00 0.00 0.00 0.00 0.00 0.00 0.00 0.00 0.00 0.00 0.00 0.00 0.00
0.00 0.00 0.00 0.00 0.00 0.00 0.00 0.00 0.00 0.00 0.00 5.26 0.00 0.00 0.00 0.00 0.00 0.00 0.00 0.00 0.00 0.00 0.00 0.00 0.00 0.00 0.00 0.00 0.00 0.00 0.00 0.00 0.00 0.00 0.00 0.00 0.00 0.00 0.00 0.00 0.00 0.00 0.00 0.00 0.00 0.00 0.00 0.00 0.00 0.00 0.00 0.00 0.00 0.00 0.00 0.00 0.00 0.00 0.00 0.00 0.00 0.00 0.00 0.00 0.00 0.00 0.00 0.00 0.00 0.00 0.00 0.00 0.00 0.00 0.00 0.00 0.00 0.00 0.00 0.00 0.00 0.00 0.00 0.00
0.00 0.00 0.00 0.00 0.00 0.00 0.00 0.00 0.00 0.00 0.00 3.33 0.00 0.00 0.00 0.00 0.00 0.00 0.00 0.00 0.00 0.00 0.00 0.00 0.00 0.00 0.00 0.00 0.00 0.00 0.00 0.00 0.00 0.00 0.00 0.00 0.00 0.00 0.00 0.00 0.00 0.00 0.00 0.00 0.00 0.00 0.00 0.00 0.00 0.00 0.00 0.00 0.00 0.00 0.00 0.00 0.00 0.00 0.00 0.00 0.00 0.00 0.00 0.00 0.00 0.00 0.00 0.00 0.00 0.00 0.00 0.00 0.00 0.00 0.00 0.00 0.00 0.00 0.00 0.00 0.00 0.00 0.00 0.00
0.00 0.00 0.00 0.00 0.00 0.00 0.00 0.00 0.00 0.00 5.26 3.48 0.00 0.00 0.00 0.00 0.00 0.00 0.00 0.00 0.00 0.00 0.00 0.00 0.00 0.00 0.00 0.00 0.00 0.00 0.00 0.00 0.00 0.00 0.00 0.00 0.00 0.00 0.00 0.00 0.00 0.00 0.00 0.00 0.00 0.00 0.00 0.00 0.00 0.00 0.00 0.00 0.00 0.00 0.00 0.00 0.00 0.00 0.00 0.00 0.00 0.00 0.00 0.00 0.00 0.00 0.00 0.00 0.00 0.00 0.00 0.00 0.00 0.00 0.00 0.00 0.00 0.00 0.00 0.00 0.00 0.00 0.00 0.00
0.00 0.00 0.00 0.00 0.00 0.00 0.00 0.00 0.00 5.26 3.48 3.48 5.13 0.00 0.00 0.00 0.00 0.00 0.00 0.00 0.00 0.00 0.00 0.00 0.00 0.00 0.00 0.00 0.00 0.00 0.00 0.00 0.00 0.00 0.00 0.00 0.00 0.00 0.00 0.00 0.00 0.00 0.00 0.00 0.00 0.00 0.00 0.00 0.00 0.00 0.00 0.00 0.00 0.00 0.00 0.00 0.00 0.00 0.00 0.00 0.00 0.00 0.00 0.00 0.00 0.00 0.00 0.00 0.00 0.00 0.00 0.00 0.00 0.00 0.00 0.00 0.00 0.00 0.00 0.00 0.00 0.00 0.00 0.00
4.63 4.63 0.00 0.00 0.00 0.00 0.00 4.58 4.49 8.38 4.49 4.49 4.02 0.00 0.00 0.00 0.00 0.00 0.00 0.00 0.00 0.00 0.00 0.00 0.00 0.00 0.00 0.00 0.00 0.00 0.00 0.00 0.00 0.00 0.00 0.00 0.00 0.00 0.00 0.00 0.00 0.00 0.00 0.00 0.00 0.00 0.00 0.00 0.00 0.00 0.00 0.00 0.00 0.00 0.00 0.00 4.03 13.44 0.00 0.00 0.00 0.00 0.00 0.00 0.00 0.00 0.00 0.00 0.00 0.00 0.00 0.00 0.00 0.00 0.00 0.00 0.00 0.00 0.00 0.00 0.00 0.00 0.00 0.00
4.63 4.63 4.63 0.00 0.00 0.00 8.49 8.47 4.49 8.37 4.49 4.49 5.96 0.00 0.00 0.00 0.00 0.00 0.00 0.00 0.00 0.00 0.00 0.00 0.00 0.00 0.00 0.00 0.00 0.00 0.00 0.00 0.00 0.00 0.00 0.00 0.00 0.00 0.00 0.00 0.00 0.00 0.00 0.00 0.00 0.00 0.00 0.00 0.00 0.00 0.00 0.00 0.00 0.00 0.00 0.00 2.52 13.44 0.00 0.00 0.00 0.00 0.00 0.00 0.00 0.00 0.00 0.00 0.00 2.65 6.27 0.00 0.00 0.00 0.00 0.00 0.00 0.00 0.00 0.00 0.00 0.00 0.00 0.00
8.58 4.59 4.59 4.59 4.49 4.49 4.49 4.49 4.47 4.47 4.47 4.47 5.96 0.00 0.00 0.00 0.00 0.00 0.00 0.00 0.00 0.00 0.00 0.00 0.00 0.00 0.00 0.00 0.00 0.00 0.00 0.00 0.00 0.00 0.00 0.00 0.00 0.00 0.00 0.00 0.00 0.00 0.00 0.00 0.00 0.00 0.00 0.00 0.00 0.00 0.00 0.00 0.00 0.00 0.00 0.00 2.54 2.54 0.00 0.00 0.00 0.00 0.00 0.00 0.00 0.00 0.00 0.00 4.13 2.44 4.55 0.00 0.00 0.00 0.00 0.00 0.00 0.00 0.00 0.00 0.00 0.00 0.00 0.00
4.59 4.59 4.59 4.59 4.49 4.49 4.49 4.49 4.47 4.47 4.47 4.47 5.96 0.00 0.00 0.00 0.00 0.00 0.00 0.00 0.00 0.00 0.00 0.00 0.00 0.00 0.00 5.96 4.36 5.47 0.00 0.00 0.00 0.00 0.00 0.00 0.00 0.00 0.00 0.00 0.00 0.00 0.00 0.00 0.00 0.00 0.00 0.00 0.00 0.00 0.00 0.00 0.00 0.00 0.00 0.00 2.54 2.54 0.00 0.00 0.00 0.00 0.00 0.00 0.00 0.00 0.00 4.01 5.91 2.44 4.55 6.27 0.00 0.00 0.00 0.00 0.00 0.00 0.00 0.00 0.00 0.00 0.00 0.00
4.59 8.58 4.59 4.59 6.58 4.49 4.49 4.49 4.47 4.47 4.47 4.47 4.41 0.00 0.00 0.00 0.00 0.00 0.00 0.00 0.00 0.00 0.00 0.00 0.00 0.00 0.00 4.38 3.74 3.74 0.00 0.00 0.00 0.00 0.00 0.00 0.00 0.00 0.00 0.00 0.00 0.00 0.00 0.00 0.00 7.63 4.03 0.00 0.00 0.00 0.00 0.00 0.00 0.00 0.00 0.00 2.54 2.54 2.70 0.00 0.00 0.00 0.00 0.00 0.00 0.00 0.00 2.49 2.44 2.44 4.55 4.55 6.27 0.00 0.00 0.00 0.00 0.00 0.00 0.00 0.00 4.32 4.32 13.11
4.59 4.59 8.58 4.59 4.49 4.49 4.49 4.49 4.47 4.47 4.47 4.47 4.41 0.00 0.00 0.00 0.00 0.00 0.00 0.00 0.00 0.00 0.00 0.00 0.00 0.00 12.16 4.38 3.74 3.74 0.00 0.00 0.00 0.00 0.00 0.00 0.00 0.00 0.00 0.00 0.00 0.00 0.00 0.00 0.00 2.85 4.03 4.03 0.00 0.00 0.00 0.00 0.00 0.00 0.00 0.00 2.70 2.54 2.54 2.54 2.48 0.00 3.05 2.48 2.49 2.49 13.40 4.17 2.44 2.44 4.55 4.55 4.55 0.00 0.00 0.00 0.00 0.00 0.00 0.00 4.32 4.32 4.32 4.32
4.54 8.49 8.49 4.54 4.48 4.48 4.48 4.48 4.59 4.59 4.59 4.59 4.54 0.00 0.00 0.00 0.00 0.00 0.00 0.00 0.00 0.00 0.00 0.00 0.00 5.96 4.39 4.39 3.76 13.98 0.00 0.00 0.00 0.00 0.00 0.00 0.00 0.00 0.00 0.00 0.00 0.00 0.00 0.00 0.00 2.61 2.61 2.61 4.03 4.03 0.00 0.00 0.00 0.00 0.00 0.00 5.82 4.33 2.56 2.56 2.47 2.47 2.47 2.47 2.45 2.45 4.13 5.55 2.44 4.88 4.55 4.55 4.64 0.00 0.00 0.00 0.00 0.00 0.00 4.38 8.25 4.32 4.32 4.32
4.54 4.54 4.54 4.54 4.48 8.37 4.48 4.48 4.59 4.59 4.59 4.59 4.54 14.87 0.00 0.00 0.00 0.00 0.00 0.00 0.00 0.00 5.96 0.00 0.00 8.19 4.39 4.39 3.76 0.00 0.00 0.00 0.00 0.00 0.00 0.00 0.00 0.00 0.00 0.00 0.00 0.00 0.00 0.00 0.00 2.61 2.61 2.61 2.63 2.63 0.00 0.00 0.00 0.00 0.00 0.00 4.33 2.56 2.56 2.56 2.47 2.47 2.63 2.47 4.13 2.45 2.45 2.45 4.13 2.44 4.55 4.55 4.64 8.71 13.40 0.00 0.00 0.00 4.38 4.38 4.32 4.32 4.32 4.32
4.54 4.54 4.54 4.54 4.48 4.48 4.48 4.48 4.59 4.59 4.59 4.59 2.72 14.87 0.00 0.00 0.00 0.00 0.00 0.00 10.35 4.47 4.47 4.47 4.39 4.39 4.39 4.39 0.00 0.00 0.00 0.00 0.00 0.00 0.00 0.00 0.00 0.00 0.00 0.00 0.00 0.00 0.00 0.00 4.03 2.61 2.61 2.61 2.63 2.63 0.00 0.00 0.00 0.00 0.00 0.00 0.00 2.56 2.56 2.56 2.47 2.47 2.47 2.47 2.45 2.45 2.45 2.45 2.44 2.44 4.55 4.55 4.64 8.71 4.64 4.64 0.00 4.38 4.38 4.38 4.32 4.32 4.32 4.32
4.54 4.54 4.54 4.54 4.48 4.48 4.48 4.48 4.59 4.59 4.59 4.59 2.72 2.72 0.00 0.00 0.00 0.00 0.00 4.52 4.47 4.47 4.47 4.47 4.47 4.47 4.39 4.39 0.00 0.00 0.00 0.00 0.00 0.00 0.00 0.00 0.00 0.00 0.00 0.00 0.00 0.00 0.00 0.00 0.00 2.61 2.61 2.61 2.63 0.00 0.00 0.00 0.00 0.00 0.00 0.00 2.56 2.56 2.56 2.56 2.47 2.47 2.47 2.47 2.45 2.45 2.45 2.45 2.44 2.44 4.55 8.54 4.64 4.64 4.64 4.64 4.38 4.38 4.38 4.38 4.32 4.32 4.32 4.32
4.52 4.52 4.52 4.52 4.52 4.52 4.52 4.52 4.69 4.69 4.69 2.82 2.75 4.89 0.00 0.00 0.00 0.00 0.00 8.42 4.43 4.43 8.28 4.43 4.42 8.26 4.42 0.00 0.00 0.00 0.00 0.00 0.00 0.00 0.00 0.00 0.00 0.00 0.00 0.00 0.00 0.00 0.00 0.00 0.00 2.64 2.64 2.64 0.00 0.00 0.00 0.00 0.00 0.00 0.00 0.00 1.06 2.55 2.55 2.55 2.41 2.41 2.41 4.08 4.06 2.40 2.40 2.40 2.48 2.48 4.62 4.62 8.78 8.87 4.73 4.73 4.57 4.57 4.57 4.57 4.57 4.57 4.57 4.57
4.52 4.52 4.52 8.45 4.52 4.52 4.52 4.52 4.69 4.69 2.82 5.02 2.75 2.75 6.05 0.00 0.00 0.00 0.00 7.08 4.43 4.43 4.43 4.43 4.42 4.42 4.42 0.00 0.00 0.00 0.00 0.00 0.00 0.00 0.00 0.00 0.00 0.00 0.00 0.00 0.00 0.00 0.00 0.00 0.00 0.00 2.64 2.64 0.00 0.00 0.00 0.00 0.00 0.00 0.00 1.16 1.06 2.55 2.55 2.55 2.41 2.41 2.41 2.41 2.40 2.40 5.44 2.40 2.48 2.48 4.62 4.62 4.73 4.73 4.73 4.73 4.57 4.57 4.57 4.57 4.57 4.57 4.57 4.57
4.52 4.52 4.52 4.52 4.52 4.52 4.52 4.52 16.65 4.69 2.82 6.20 4.58 4.58 4.58 2.75 2.56 2.11 2.73 2.73 4.43 4.43 4.43 4.43 4.42 4.42 4.42 0.00 0.00 0.00 0.00 0.00 0.00 0.00 0.00 0.00 0.00 0.00 0.00 0.00 0.00 0.00 0.00 0.00 0.00 0.00 2.64 2.64 2.67 2.67 0.00 0.00 0.00 0.00 1.12 1.12 1.06 2.55 5.73 6.01 2.41 2.41 2.41 4.08 2.40 4.05 4.05 2.40 2.48 2.48 4.62 4.62 4.73 4.73 4.73 4.73 2.78 2.78 2.78 4.78 4.57 13.11 0.00 0.00
4.52 8.45 4.52 4.52 4.52 4.52 4.52 8.42 4.69 4.69 4.69 4.69 4.58 4.58 4.58 4.58 2.32 2.32 4.86 2.73 4.43 4.43 4.43 4.43 4.42 4.42 4.42 0.00 0.00 0.00 0.00 0.00 0.00 0.00 0.00 0.00 0.00 0.00 0.00 0.00 0.00 0.00 0.00 0.00 0.00 0.00 2.64 3.50 2.67 1.11 1.11 2.67 2.68 1.12 1.12 1.12 1.06 2.55 2.55 4.23 2.41 2.41 2.41 2.41 2.40 2.40 2.40 2.40 2.48 2.48 4.62 4.62 4.73 2.74 2.89 3.01 3.55 1.61 0.00 0.00 0.00 0.00 0.00 0.00
4.56 4.56 8.53 4.56 4.49 4.49 4.49 4.49 4.65 4.65 4.65 4.65 4.59 4.59 4.59 4.59 2.56 2.16 2.77 2.73 4.41 4.41 4.41 3.07 4.47 2.50 2.50 0.00 0.00 0.00 0.00 0.00 0.00 0.00 0.00 0.00 0.00 0.00 0.00 0.00 0.00 0.00 0.00 0.00 0.00 0.00 1.49 1.94 2.66 1.11 2.66 2.66 6.41 1.09 1.09 1.09 2.46 2.46 2.46 4.13 2.42 2.42 2.42 2.42 2.51 2.51 2.51 2.51 2.62 2.62 4.83 4.83 2.84 2.84 2.94 3.68 13.11 0.00 0.00 0.00 0.00 0.00 0.00 0.00
8.53 4.56 4.56 4.56 4.49 4.49 4.49 4.49 4.65 4.65 4.65 4.65 4.59 4.59 4.59 2.79 2.14 4.90 2.73 2.73 4.41 4.41 4.41 4.41 4.49 2.50 2.50 0.00 0.00 0.00 0.00 0.00 0.00 0.00 0.00 0.00 0.00 0.00 0.00 0.00 0.00 0.00 0.00 0.00 0.00 4.49 2.65 1.94 2.66 1.11 2.66 2.66 1.09 1.09 1.09 2.61 2.46 2.46 2.46 2.46 2.42 2.42 2.42 2.42 2.51 2.51 2.51 2.51 2.62 2.62 4.83 2.86 2.89 0.67 0.71 0.71 0.00 0.00 0.00 0.00 0.00 0.00 0.00 0.00
5.08 5.08 9.56 5.08 5.01 5.01 5.01 5.01 5.18 5.18 5.18 5.18 5.30 5.30 3.27 3.27 3.21 5.80 8.48 3.21 5.09 5.09 2.98 2.98 3.20 3.26 3.20 0.00 0.00 0.00 0.00 0.00 0.00 0.00 0.00 0.00 0.00 0.00 0.00 0.00 0.00 0.00 0.00 0.00 5.09 3.00 3.00 3.00 3.01 1.28 3.01 3.01 1.25 1.25 2.96 2.96 2.78 2.78 2.78 2.78 2.64 2.64 2.64 2.64 2.75 2.75 2.75 2.75 2.87 2.87 5.19 3.06 3.09 0.83 0.80 14.08 0.00 0.00 0.00 0.00 0.00 0.00 0.00 0.00
5.08 5.08 5.08 9.50 5.01 5.01 5.01 5.01 5.18 5.18 5.18 5.18 5.30 3.24 3.24 3.24 3.25 3.25 3.21 3.21 2.98 2.98 2.98 2.98 3.20 3.20 3.20 0.00 0.00 0.00 0.00 0.00 0.00 0.00 0.00 0.00 0.00 0.00 0.00 0.00 0.00 0.00 0.00 0.00 3.00 1.64 2.20 3.00 1.28 1.28 3.01 1.28 1.25 1.25 6.56 2.96 2.78 2.78 2.78 2.78 2.64 2.64 2.64 2.64 2.75 2.75 2.75 2.75 2.87 1.21 3.06 3.06 3.86 0.80 14.08 0.00 0.00 0.00 0.00 0.00 0.00 0.00 0.00 0.00
5.10 5.10 9.59 5.10 4.99 4.99 4.99 4.99 5.18 5.18 5.18 5.18 5.30 3.23 3.23 3.23 3.14 2.45 4.00 3.20 2.96 2.96 2.96 2.96 3.27 3.27 16.39 0.00 0.00 0.00 0.00 0.00 0.00 0.00 0.00 0.00 0.00 0.00 0.00 0.00 0.00 0.00 0.00 3.40 2.94 2.98 2.20 2.20 1.25 1.25 1.25 1.25 1.18 2.80 2.80 4.74 2.78 2.78 2.78 2.78 2.82 2.82 2.82 2.82 2.90 2.90 2.90 2.90 2.93 1.28 3.29 3.74 9.09 9.09 0.00 0.00 0.00 0.00 0.00 0.00 0.00 0.00 0.00 0.00
3.09 5.10 7.54 5.10 4.99 4.99 4.99 4.99 5.18 5.18 5.18 5.18 3.23 3.23 3.23 3.23 3.14 1.15 2.23 3.20 2.96 2.96 2.96 2.96 3.27 3.27 0.00 0.00 0.00 0.00 0.00 0.00 0.00 0.00 0.00 3.45 3.44 3.44 0.00 0.00 3.40 3.40 4.89 3.40 2.98 2.20 2.20 2.20 1.25 1.25 1.25 1.25 2.80 9.02 4.75 2.80 2.78 2.78 2.78 2.78 2.82 2.82 1.19 1.19 1.23 2.90 2.90 3.01 1.28 4.61 9.09 9.09 9.09 5.39 5.39 0.00 0.00 0.00 0.00 0.00 0.00 0.00 0.00 0.00
3.59 9.59 3.59 3.59 4.99 4.99 4.99 9.39 5.18 5.18 5.18 3.15 3.23 3.23 5.80 1.20 1.15 1.15 1.53 3.20 2.96 2.96 2.96 2.96 3.27 3.27 16.39 0.00 0.00 0.00 0.00 0.00 0.00 0.00 0.00 3.45 3.44 3.44 3.44 3.44 3.40 3.40 8.97 1.89 3.99 2.20 2.20 2.20 1.25 1.25 3.70 2.95 2.80 4.75 2.80 2.80 2.78 2.78 2.78 2.78 2.82 2.82 1.19 1.19 1.23 1.23 1.23 0.88 5.89 7.26 9.09 9.09 9.09 5.39 3.98 14.08 0.00 0.00 0.00 0.00 0.00 0.00 0.00 0.00
3.59 5.10 5.10 5.10 9.39 4.99 4.99 4.99 5.18 5.18 5.18 3.15 3.23 1.20 1.20 1.20 1.15 1.15 1.15 3.20 2.96 2.96 2.96 2.96 3.27 3.27 16.39 0.00 0.00 0.00 0.00 0.00 0.00 0.00 0.00 3.45 3.44 1.91 3.44 3.44 5.77 3.40 3.40 3.40 2.20 2.98 1.27 1.27 1.25 2.00 1.25 1.25 2.80 2.80 2.80 2.80 2.78 2.78 2.78 2.78 2.82 2.82 1.19 1.19 1.28 1.25 0.82 6.30 7.26 7.26 9.09 18.31 18.31 6.94 1.85 3.98 13.67 0.00 0.00 0.00 0.00 0.00 0.00 0.00
5.05 9.96 5.05 5.05 5.04 5.04 5.04 5.04 5.14 5.14 5.14 9.68 1.06 1.06 1.06 1.06 1.03 1.03 1.03 2.93 3.20 3.20 3.20 3.20 3.35 3.35 5.07 0.00 0.00 0.00 0.00 0.00 0.00 0.00 1.52 1.56 3.54 3.48 3.43 3.43 3.35 3.35 4.54 3.35 1.25 1.25 1.25 1.99 1.21 1.21 1.21 1.21 2.80 2.80 2.80 2.80 2.97 2.97 2.97 2.97 2.97 1.26 1.28 1.28 0.89 1.26 6.30 6.30 7.26 13.47 9.09 9.09 9.09 6.94 6.94 6.94 1.38 0.77 0.00 0.00 0.00 0.00 0.00 0.00
5.05 5.05 7.46 5.05 5.04 5.04 5.04 5.04 5.14 5.14 5.74 3.02 2.16 1.06 1.06 1.06 1.03 1.03 2.93 2.93 3.20 3.20 3.20 3.20 3.35 1.65 3.35 0.00 0.00 0.00 0.00 0.00 0.00 0.00 5.36 1.56 1.49 1.49 3.43 3.43 3.35 5.72 5.72 1.45 1.25 1.25 2.53 1.25 1.21 1.93 1.21 1.21 2.80 2.80 2.80 2.80 1.26 1.26 1.26 0.84 1.26 1.26 0.85 2.45 2.97 2.97 2.97 6.30 6.30 7.26 9.09 9.09 9.09 6.94 6.94 3.19 2.95 4.96 5.14 5.14 13.67 0.00 0.00 0.00
9.50 5.05 5.05 5.05 5.04 5.04 5.04 5.04 10.76 6.59 3.02 3.02 3.01 3.01 3.01 1.06 1.03 2.93 2.93 2.93 3.20 3.20 3.20 3.20 3.35 3.35 3.54 3.85 0.00 0.00 0.00 0.00 0.00 18.28 2.90 1.03 3.29 2.62 1.91 3.43 3.35 3.35 3.35 2.33 1.25 1.99 1.25 1.25 1.21 1.21 1.21 1.21 2.80 2.80 1.18 1.18 1.26 1.26 1.26 1.26 1.26 1.28 0.86 2.97 2.97 2.97 1.66 2.97 6.30 7.26 9.09 4.23 2.39 3.13 3.13 2.44 3.41 4.96 4.96 4.96 5.16 5.16 3.13 0.00
5.05 5.05 5.05 5.05 5.04 5.04 5.04 2.95 5.07 3.02 3.02 5.07 5.02 3.01 3.01 3.01 2.93 2.93 2.93 2.93 3.20 3.20 3.20 1.75 1.65 3.54 1.81 1.24 3.29 0.95 2.90 2.90 2.90 2.90 1.14 1.03 5.94 3.43 3.43 3.43 3.35 3.35 3.35 1.45 1.25 1.97 1.25 1.25 1.21 1.21 2.57 2.55 2.80 2.80 2.80 1.18 1.26 2.01 1.26 1.26 1.30 1.10 0.89 2.97 1.66 5.21 1.66 1.66 0.84 0.86 2.42 2.46 2.39 5.39 5.23 5.23 4.96 4.96 4.96 4.96 9.44 5.01 2.98 2.31
6.46 6.46 5.01 5.01 5.04 2.94 4.96 2.94 2.96 2.96 2.96 2.96 2.91 4.90 2.91 2.91 2.98 2.98 2.98 2.98 3.34 3.34 3.34 3.34 3.58 0.76 1.81 1.55 2.60 2.60 2.90 2.90 1.03 1.03 2.25 1.05 3.50 3.46 3.46 3.46 3.34 3.34 3.34 1.45 1.22 6.12 2.88 1.22 1.19 2.83 4.81 2.83 2.92 2.92 2.92 2.92 3.09 3.09 3.09 1.32 1.31 4.12 4.12 1.68 3.93 2.99 2.99 1.27 0.84 0.84 3.11 2.46 2.31 3.03 5.15 5.15 4.90 9.20 4.90 4.90 5.05 5.05 3.05 3.00
3.20 3.20 3.20 3.20 3.22 2.94 4.96 2.94 2.96 2.96 2.96 2.96 4.90 4.90 2.91 2.91 2.98 2.98 2.98 2.98 3.34 3.34 3.34 3.34 3.58 1.32 1.55 1.55 0.76 2.60 2.90 1.33 1.14 1.14 1.14 1.55 1.95 9.17 3.46 3.46 3.34 3.34 3.34 3.34 5.19 2.88 2.88 2.88 2.83 2.83 2.83 2.83 2.92 2.92 2.92 2.92 3.09 3.09 3.09 1.34 4.12 4.12 4.12 2.58 1.57 1.63 2.99 2.99 2.92 1.24 2.38 3.11 2.42 3.03 5.15 5.15 9.20 4.90 4.90 4.90 5.05 3.48 5.05 2.96
3.20 3.20 3.20 3.20 3.22 3.22 2.94 2.94 2.96 2.96 5.00 2.96 2.91 4.90 2.91 2.91 2.98 2.98 2.98 2.98 3.34 3.34 3.34 3.34 1.31 1.32 1.55 1.55 0.76 0.95 1.33 1.76 1.14 2.38 1.03 2.70 7.31 1.52 3.46 3.46 3.34 3.34 3.34 3.34 2.88 6.58 2.88 2.88 2.83 2.83 2.83 2.83 2.92 2.92 2.92 2.92 3.09 3.09 1.36 0.89 1.57 1.28 1.68 1.57 0.86 1.68 1.71 1.63 2.92 1.59 3.58 3.11 2.31 5.15 3.55 5.15 4.90 4.90 4.90 4.90 5.05 3.48 2.26 3.73
