New_Model_Runs/15_Future_RCP8.5_Scn2_out/post_prcessed_with_MFR/Monthly_summaries/runoff_monthly_AUG.asc
NCOLS 700
NROWS 400
XLLCENTER 515000.000000
YLLCENTER 8409000.000000
CELLSIZE 50.000000
NODATA_value -999.000000
[rows 114 to 151 of 400, columns 504 to 587 of 700]
0.25 0.25 0.25 0.25 0.23 0.28 0.23 0.23 0.18 0.18 0.18 0.18 0.19 0.19 0.19 0.19 0.19 0.19 0.03 0.19 0.05 0.02 0.22 0.04 0.03 0.03 0.17 0.44 0.20 0.03 0.17 0.17 0.02 0.16 0.16 0.02 0.17 0.03 0.17 0.17 0.03 0.17 0.17 0.17 0.17 0.17 0.21 0.17 0.17 0.17 0.17 0.17 0.15 0.15 0.15 0.15 0.15 0.24 0.24 0.24 0.04 0.05 0.25 0.25 0.25 0.11 0.11 0.25 0.32 0.24 0.24 0.24 0.25 0.04 0.25 0.25 0.26 0.00 6.60 0.00 0.00 0.00 0.00 0.00
0.25 0.25 0.25 0.25 0.23 0.23 0.23 0.23 0.18 0.18 0.18 0.18 0.19 0.19 0.19 0.19 0.19 0.03 0.19 0.03 0.04 0.04 0.04 0.04 0.03 0.02 0.17 0.17 0.02 0.17 0.17 0.17 0.16 0.02 0.02 0.16 0.17 0.17 0.17 0.17 0.17 0.17 0.17 0.17 0.17 0.25 0.17 0.17 0.17 0.17 0.17 0.17 0.15 0.15 0.15 0.15 0.15 0.24 0.24 0.24 0.04 0.07 0.25 0.25 0.25 0.25 0.25 0.25 0.24 0.24 0.24 0.24 0.25 0.25 0.04 0.04 0.26 0.27 0.08 0.08 0.01 0.34 0.01 0.01
0.22 0.22 0.22 0.27 0.26 0.22 0.22 0.22 0.19 0.19 0.19 0.19 0.20 0.20 0.20 0.20 0.20 0.20 0.20 0.03 0.04 0.04 0.20 0.20 0.03 0.03 0.03 0.03 0.17 0.17 0.17 0.03 0.17 0.17 0.17 0.17 0.17 0.17 0.17 0.17 0.17 0.17 0.20 0.17 0.20 0.17 0.17 0.17 0.17 0.17 0.17 0.17 0.15 0.15 0.15 0.15 0.15 0.24 0.24 0.24 0.24 0.24 0.24 0.24 0.24 0.24 0.24 0.24 0.24 0.24 0.24 0.24 0.25 0.25 0.04 0.04 0.27 0.27 0.36 0.28 0.08 0.08 0.08 0.06
0.22 0.22 0.22 0.22 0.22 0.22 0.22 0.22 0.19 0.19 0.19 0.19 0.20 0.20 0.20 0.20 0.20 0.20 0.20 0.20 0.20 0.20 0.20 0.20 0.04 0.03 0.17 0.17 0.17 0.17 0.19 0.17 0.17 0.17 0.17 0.17 0.17 0.17 0.17 0.17 0.17 0.17 0.17 0.17 0.17 0.17 0.17 0.04 0.17 0.17 0.01 0.26 0.19 0.15 0.15 0.15 0.15 0.24 0.24 0.24 0.24 0.24 0.24 0.24 0.24 0.24 0.24 0.24 0.24 0.24 0.24 0.24 0.25 0.04 0.04 0.25 0.27 0.27 0.27 0.27 0.29 0.06 0.27 0.27
0.22 0.22 0.22 0.22 0.22 0.22 0.22 0.22 0.19 0.19 0.19 0.19 0.20 0.20 0.20 0.20 0.20 0.20 0.20 0.20 0.20 0.20 0.20 0.20 0.03 0.03 0.03 0.17 0.17 0.17 0.17 0.17 0.17 0.17 0.03 0.17 0.17 0.17 0.17 0.17 0.17 0.17 0.17 0.17 0.17 0.17 0.17 0.03 0.03 0.03 0.18 0.18 0.15 0.19 0.15 0.15 0.15 0.24 0.24 0.24 0.24 0.24 0.24 0.32 0.24 0.32 0.24 0.24 0.24 0.24 0.24 0.24 0.25 0.04 0.04 0.04 0.27 0.27 0.27 0.29 0.08 0.06 0.08 0.27
0.22 0.22 0.22 0.22 0.22 0.22 0.22 0.22 0.19 0.19 0.19 0.19 0.20 0.20 0.20 0.20 0.20 0.20 0.20 0.20 0.03 0.20 0.20 0.20 0.17 0.17 0.17 0.17 0.17 0.17 0.17 0.17 0.17 0.17 0.17 0.17 0.17 0.17 0.17 0.17 0.17 0.17 0.17 0.17 0.17 0.22 0.22 0.03 0.01 0.17 0.20 0.23 0.15 0.15 0.15 0.15 0.15 0.24 0.24 0.24 0.24 0.24 0.32 0.24 0.24 0.24 0.24 0.24 0.24 0.24 0.24 0.24 0.25 0.25 0.07 0.04 0.04 0.05 0.02 0.02 0.08 0.06 0.08 0.08
0.22 0.22 0.22 0.22 0.24 0.24 0.24 0.24 0.21 0.21 0.21 0.21 0.21 0.21 0.21 0.21 0.04 0.21 0.21 0.21 0.21 0.21 0.04 0.21 0.18 0.18 0.18 0.18 0.18 0.18 0.18 0.18 0.18 0.18 0.18 0.18 0.18 0.18 0.18 0.18 0.17 0.17 0.17 0.17 0.22 0.04 0.02 0.17 0.18 0.15 0.15 0.15 0.14 0.14 0.14 0.18 0.14 0.24 0.24 0.24 0.24 0.24 0.24 0.24 0.24 0.24 0.24 0.24 0.25 0.25 0.25 0.25 0.25 0.25 0.25 0.25 0.13 0.08 0.08 0.02 0.06 0.08 0.10 0.14
0.22 0.22 0.22 0.22 0.24 0.24 0.24 0.24 0.21 0.21 0.21 0.21 0.04 0.21 0.21 0.21 0.04 0.21 0.21 0.21 0.21 0.21 0.21 0.21 0.18 0.18 0.19 0.19 0.18 0.18 0.18 0.18 0.18 0.18 0.18 0.18 0.18 0.18 0.18 0.18 0.17 0.19 0.18 0.17 0.17 0.17 0.17 0.17 0.15 0.15 0.15 0.15 0.14 0.14 0.14 0.14 0.14 0.24 0.24 0.24 0.24 0.24 0.24 0.24 0.24 0.24 0.24 0.24 0.25 0.25 0.25 0.25 0.25 0.07 0.25 0.25 0.27 0.27 0.07 0.02 0.29 0.29 0.39 0.29
0.22 0.22 0.22 0.22 0.24 0.24 0.24 0.24 0.21 0.21 0.21 0.21 0.04 0.21 0.21 0.21 0.04 0.21 0.21 0.21 0.21 0.21 0.21 0.21 0.18 0.01 0.19 0.01 0.19 0.18 0.18 0.18 0.18 0.18 0.03 0.18 0.23 0.18 0.18 0.20 0.18 0.05 0.05 0.18 0.17 0.17 0.17 0.17 0.15 0.15 0.15 0.15 0.14 0.14 0.14 0.14 0.18 0.24 0.24 0.24 0.24 0.24 0.24 0.24 0.24 0.24 0.24 0.24 0.25 0.25 0.25 0.25 0.25 0.25 0.25 0.25 0.27 0.27 0.04 0.04 0.27 0.37 0.42 0.27
0.22 0.22 0.22 0.22 0.24 0.05 0.04 0.24 0.04 0.05 0.26 0.27 0.26 0.21 0.21 0.21 0.05 0.04 0.04 0.04 0.21 0.21 0.21 0.21 0.18 0.01 0.03 0.19 0.19 0.18 0.18 0.18 0.20 0.18 0.03 0.18 0.23 0.18 0.03 0.20 0.18 0.19 0.18 0.17 0.17 0.17 0.17 0.17 0.15 0.15 0.15 0.15 0.14 0.14 0.14 0.14 0.14 0.24 0.24 0.24 0.24 0.24 0.24 0.24 0.24 0.24 0.24 0.24 0.25 0.25 0.25 0.25 0.25 0.25 0.25 0.25 0.27 0.27 0.04 0.04 0.05 0.05 0.37 0.27
0.24 0.24 0.24 0.24 0.25 0.25 0.31 0.25 0.22 0.22 0.33 0.22 0.22 0.22 0.22 0.26 0.26 0.22 0.00 0.22 0.22 0.22 0.22 0.22 0.18 0.01 0.01 0.18 0.18 0.18 0.18 0.18 0.20 0.20 0.01 0.01 0.03 0.20 0.18 0.18 0.17 0.17 0.17 0.03 0.17 0.17 0.17 0.17 0.17 0.23 0.17 0.17 0.14 0.14 0.14 0.14 0.14 0.24 0.24 0.24 0.24 0.24 0.24 0.33 0.33 0.34 0.25 0.25 0.25 0.25 0.25 0.44 0.26 0.26 0.26 0.26 0.26 0.26 0.04 0.05 0.08 0.26 0.26 0.26
0.24 0.24 0.24 0.24 0.25 0.25 0.25 0.25 0.22 0.26 0.22 0.22 0.22 0.22 0.22 0.22 0.01 0.01 0.01 0.01 0.01 0.04 0.22 0.22 0.18 0.01 0.00 0.00 0.18 0.20 0.18 0.18 0.01 0.00 0.01 0.00 0.00 0.01 0.18 0.18 0.24 0.17 0.17 0.17 0.17 0.17 0.17 0.17 0.24 0.17 0.17 0.17 0.14 0.14 0.14 0.14 0.14 0.24 0.24 0.24 0.24 0.33 0.37 0.24 0.25 0.25 0.38 0.34 0.25 0.34 0.34 0.25 0.45 0.26 0.26 0.26 0.26 0.26 0.35 0.26 0.26 0.26 0.26 0.26
0.24 0.24 0.24 0.24 0.25 0.25 0.25 0.25 0.22 0.22 0.22 0.22 0.22 0.22 0.22 0.22 0.22 0.01 0.01 0.01 0.01 0.05 0.04 0.01 0.01 0.00 0.00 0.00 0.00 0.00 0.00 0.18 0.01 0.00 0.00 0.01 0.01 0.01 0.18 0.22 0.17 0.17 0.17 0.01 0.01 0.01 0.17 0.01 0.01 0.17 0.17 0.17 0.14 0.14 0.14 0.14 0.14 0.24 0.24 0.24 0.24 0.24 0.24 0.24 0.25 0.25 0.25 0.25 0.34 0.25 0.25 0.25 0.26 0.26 0.45 0.26 0.26 0.35 0.26 0.26 0.26 0.26 0.26 0.26
0.24 0.24 0.24 0.24 0.25 0.25 0.25 0.25 0.22 0.22 0.22 0.22 0.22 0.26 0.26 0.22 0.22 0.22 0.01 0.01 0.01 0.08 0.01 0.00 0.00 0.05 0.05 0.00 0.00 0.05 0.05 0.05 0.00 0.00 0.00 0.23 0.18 0.18 0.18 0.18 0.17 0.17 0.17 0.01 0.01 0.01 0.01 0.00 0.01 0.01 0.00 0.19 0.14 0.14 0.14 0.14 0.18 0.24 0.24 0.24 0.24 0.24 0.24 0.24 0.25 0.25 0.25 0.34 0.25 0.25 0.25 0.25 0.26 0.26 0.26 0.26 0.26 0.26 0.26 0.26 0.26 0.26 0.26 0.35
0.25 0.25 0.25 0.25 0.25 0.25 0.25 0.25 0.22 0.22 0.22 0.22 0.22 0.22 0.22 0.22 0.22 0.22 0.01 0.01 0.00 0.02 0.02 0.07 0.05 0.05 6.57 0.00 0.00 0.00 0.00 0.00 0.00 6.57 0.01 0.18 0.18 0.18 0.18 0.18 0.17 0.17 0.01 0.01 0.01 0.01 0.01 0.00 0.00 0.01 0.01 0.16 0.14 0.04 0.18 0.19 0.02 0.24 0.24 0.27 0.27 0.27 0.27 0.24 0.24 0.33 0.24 0.24 0.25 0.25 0.25 0.25 0.25 0.34 0.25 0.34 0.25 0.25 0.25 0.25 0.25 0.25 0.34 0.25
0.25 0.25 0.25 0.25 0.02 0.02 0.02 0.00 0.01 0.22 0.22 0.22 0.22 0.22 0.22 0.22 0.23 0.22 0.01 0.00 0.00 0.02 0.07 0.00 0.05 0.00 0.00 0.00 0.00 0.00 0.00 0.00 0.00 0.00 0.20 0.18 0.18 0.18 0.18 0.18 0.18 0.01 0.06 0.00 0.00 0.01 0.01 0.18 0.01 0.01 0.01 0.16 0.14 0.14 0.14 0.14 0.19 0.24 0.24 0.24 0.27 0.27 0.27 0.24 0.24 0.24 0.24 0.24 0.25 0.25 0.25 0.25 0.25 0.25 0.25 0.25 0.25 0.25 0.25 0.25 0.25 0.11 0.25 0.25
0.23 0.23 0.23 0.23 0.01 0.01 0.00 0.01 0.00 0.03 0.19 0.19 0.19 0.19 0.19 0.19 0.01 0.19 0.20 0.00 0.00 0.01 0.00 0.00 6.43 0.00 0.00 0.00 0.00 0.00 0.00 0.00 0.00 0.00 0.00 0.20 0.17 0.17 0.17 0.17 0.03 0.00 0.53 0.00 0.01 0.02 0.20 0.16 0.19 0.14 0.18 0.14 0.14 0.14 0.14 0.14 0.13 0.22 0.22 0.22 0.25 0.07 0.33 0.29 0.22 0.22 0.22 0.22 0.22 0.22 0.22 0.22 0.23 0.23 0.23 0.23 0.23 0.23 0.23 0.40 0.23 0.23 0.23 0.23
0.23 0.23 0.23 0.23 0.24 0.01 0.00 0.01 0.00 0.07 0.01 0.19 0.19 0.19 0.19 0.21 0.01 0.19 0.20 0.20 0.01 0.01 0.00 0.00 0.00 0.00 0.00 0.00 0.00 0.00 0.00 0.00 0.00 0.00 0.00 0.17 0.17 0.17 0.02 0.00 0.00 0.53 0.53 0.00 0.01 0.01 0.16 0.16 0.14 0.18 0.14 0.18 0.14 0.14 0.14 0.14 0.13 0.22 0.22 0.23 0.05 0.07 0.30 0.22 0.22 0.30 0.22 0.22 0.22 0.22 0.22 0.22 0.23 0.23 0.23 0.30 0.31 0.23 0.23 0.23 0.23 0.23 0.23 0.23
0.24 0.24 0.24 0.24 0.24 0.04 0.02 0.02 0.01 0.01 0.01 0.19 0.21 0.01 0.01 0.00 0.00 0.01 0.19 0.20 0.19 0.19 0.03 0.00 0.00 0.00 0.00 0.00 0.00 0.00 0.00 0.00 0.00 0.00 0.00 0.15 0.16 0.00 0.00 0.00 0.00 0.00 0.00 0.00 0.01 0.01 0.19 0.15 0.14 0.14 0.14 0.14 0.14 0.14 0.14 0.14 0.14 0.23 0.23 0.23 0.24 0.06 0.22 0.22 0.22 0.22 0.22 0.22 0.22 0.22 0.22 0.22 0.22 0.22 0.22 0.22 0.22 0.22 0.22 0.22 0.23 0.23 0.23 0.23
0.24 0.24 0.24 0.29 0.29 0.29 0.24 0.02 0.01 0.00 0.01 0.19 0.19 0.01 0.00 0.00 0.00 0.00 0.00 0.19 0.03 0.19 0.00 0.00 0.00 0.00 0.00 0.00 0.00 0.00 0.00 0.00 0.00 0.00 0.00 0.00 0.00 0.00 0.00 0.00 0.00 0.00 0.00 6.39 0.01 0.01 0.01 0.01 0.00 0.14 0.14 0.14 0.14 0.14 0.14 0.14 0.14 0.23 0.31 0.23 0.22 0.22 0.22 0.22 0.06 0.22 0.22 0.22 0.22 0.22 0.22 0.22 0.22 0.30 0.22 0.22 0.22 0.22 0.04 0.04 0.04 0.04 0.04 0.04
0.24 0.24 0.24 0.24 0.24 0.24 0.29 0.05 0.00 0.00 0.00 0.01 0.01 0.01 0.00 0.00 0.06 0.00 0.00 0.00 0.00 0.00 0.00 0.00 0.00 0.00 0.00 0.00 0.00 0.00 0.00 0.00 0.00 0.00 0.00 0.00 0.00 0.00 0.00 0.00 0.00 0.00 0.00 0.00 0.01 0.01 0.00 0.01 0.00 0.00 0.14 0.14 0.14 0.14 0.14 0.14 0.14 0.23 0.23 0.23 0.22 0.22 0.22 0.22 0.22 0.22 0.22 0.22 0.22 0.22 0.22 0.22 0.22 0.42 0.22 0.22 0.22 0.22 0.30 0.06 0.04 0.04 0.04 0.04
0.24 0.24 0.24 0.24 0.24 0.05 0.24 0.24 0.00 0.00 0.00 0.00 0.00 0.00 0.00 0.00 0.00 0.00 0.00 0.00 0.00 0.00 0.00 0.00 0.00 0.00 0.00 0.00 0.00 0.00 0.00 0.00 0.00 0.00 0.00 0.00 0.00 0.00 0.00 0.00 0.00 0.00 0.00 0.01 0.01 0.15 0.15 0.15 0.14 0.14 0.14 0.14 0.14 0.14 0.14 0.14 0.14 0.23 0.23 0.23 0.03 0.03 0.03 0.22 0.22 0.22 0.22 0.22 0.22 0.22 0.22 0.22 0.22 0.38 0.29 0.22 0.22 0.22 0.22 0.22 0.23 0.23 0.04 0.04
0.23 0.23 0.23 0.23 0.01 0.02 0.02 0.01 0.00 0.00 0.00 0.00 0.00 0.00 0.00 0.00 0.00 0.00 0.00 0.00 0.00 0.00 0.00 0.00 0.00 0.00 0.00 0.00 0.00 0.00 0.00 0.00 0.00 0.00 0.00 0.00 0.00 0.00 0.00 0.00 0.00 0.00 0.00 0.15 0.03 0.17 0.15 0.15 0.00 0.18 0.15 0.15 0.15 0.15 0.15 0.15 0.15 0.04 0.04 0.04 0.04 0.04 0.04 0.04 0.22 0.22 0.22 0.22 0.21 0.21 0.21 0.28 0.22 0.22 0.22 0.22 0.22 0.22 0.22 0.22 0.23 0.23 0.23 0.23
0.23 0.23 0.23 0.04 0.00 0.00 0.00 0.00 0.00 0.00 0.00 0.00 0.00 0.00 0.00 0.00 0.00 0.00 0.00 0.00 0.00 0.00 0.00 0.00 0.00 0.00 0.00 0.00 0.00 0.00 0.00 0.00 0.00 0.00 0.00 0.00 0.00 0.00 0.00 0.00 0.00 0.00 0.00 0.00 0.00 0.00 0.00 0.00 0.00 0.18 0.03 0.18 0.17 0.15 0.15 0.15 0.15 0.04 0.04 0.04 0.04 0.04 0.04 0.04 0.03 0.03 0.22 0.22 0.21 0.21 0.21 0.28 0.22 0.22 0.22 0.22 0.22 0.22 0.22 0.22 0.23 0.23 0.23 0.23
0.23 0.23 0.23 0.05 0.05 0.00 0.00 0.00 0.00 0.00 0.00 0.00 0.00 0.00 0.00 0.00 0.00 0.00 0.00 0.00 0.00 0.00 0.00 0.00 0.00 0.00 0.00 0.00 0.00 0.00 0.00 0.00 0.00 0.00 0.00 0.00 0.00 0.00 0.00 0.00 0.00 0.00 0.00 0.00 0.00 0.00 0.00 0.00 0.00 0.05 0.17 0.03 0.03 0.01 0.17 0.15 0.15 0.04 0.04 0.04 0.04 0.04 0.04 0.04 0.03 0.03 0.22 0.22 0.21 0.21 0.28 0.21 0.22 0.22 0.22 0.22 0.22 0.22 0.22 0.22 0.23 0.23 0.23 0.23
0.30 0.23 0.25 0.25 0.24 0.02 7.11 0.00 0.00 0.00 0.00 0.00 0.00 0.00 0.00 0.00 0.00 0.00 0.00 0.00 0.00 0.00 0.00 0.00 0.00 0.00 0.00 0.00 0.00 0.00 0.00 0.00 0.00 0.00 0.00 0.00 0.00 0.00 0.00 0.00 0.00 0.00 0.00 0.00 0.00 0.00 0.00 0.00 0.00 0.00 0.00 0.01 0.00 0.01 0.01 0.01 0.01 0.04 0.04 0.04 0.04 0.04 0.04 0.04 0.03 0.03 0.22 0.22 0.21 0.21 0.21 0.21 0.22 0.22 0.22 0.22 0.22 0.22 0.22 0.22 0.23 0.23 0.23 0.04
0.23 0.24 0.25 0.25 0.23 0.23 0.24 0.00 0.00 0.00 0.00 0.00 0.00 0.00 0.00 0.00 0.00 0.00 0.00 0.00 0.00 0.00 0.00 0.00 0.00 0.00 0.00 0.00 0.00 0.00 0.00 0.00 0.00 0.00 0.00 0.00 0.00 0.00 0.00 0.00 0.00 0.00 0.00 0.00 0.00 0.00 0.00 0.00 0.00 0.00 0.00 0.00 0.12 0.01 0.00 0.00 0.00 0.04 0.04 0.04 0.04 0.04 0.04 0.04 0.21 0.21 0.21 0.21 0.20 0.20 0.20 0.20 0.21 0.21 0.21 0.21 0.06 0.23 0.07 0.07 0.23 0.23 0.23 0.06
0.23 0.25 0.05 0.30 0.23 0.23 0.23 0.00 0.00 0.00 0.00 0.00 0.00 0.00 0.00 0.00 0.00 0.00 0.00 0.00 0.00 0.00 0.00 0.00 0.00 0.00 0.00 0.00 0.00 0.00 0.00 0.00 0.00 0.00 0.00 0.00 0.00 0.00 0.00 0.00 0.00 0.00 0.00 0.00 0.00 0.00 0.00 0.00 0.00 0.00 0.05 0.00 0.00 0.00 0.12 0.12 0.00 0.04 0.04 0.04 0.04 0.04 0.04 0.04 0.03 0.28 0.06 0.28 0.20 0.20 0.20 0.20 0.21 0.21 0.21 0.37 0.23 0.23 0.23 0.06 0.06 0.23 0.23 0.04
0.23 0.23 0.24 0.28 0.28 7.11 0.00 0.00 0.00 0.00 0.00 0.00 0.00 0.00 0.00 0.00 0.00 0.00 0.00 0.00 0.00 0.00 0.00 0.00 0.00 0.00 0.00 0.00 0.00 0.00 0.00 0.00 0.00 0.00 0.00 0.00 0.00 0.00 0.00 0.00 0.00 0.00 0.00 0.00 0.00 0.00 0.00 0.00 0.00 0.00 0.05 0.05 0.00 0.00 0.00 0.00 0.01 0.04 0.07 0.07 0.04 0.04 0.04 0.23 0.03 0.03 0.03 0.03 0.20 0.20 0.20 0.20 0.21 0.21 0.21 0.29 0.23 0.23 0.33 0.25 0.26 0.26 0.23 0.26
0.23 0.23 0.23 0.05 0.00 0.00 0.00 0.00 0.00 0.00 0.00 0.00 0.00 0.00 0.00 0.00 0.00 0.00 0.00 0.00 0.00 0.00 0.00 0.00 0.00 0.00 0.00 0.00 0.00 0.00 0.00 0.00 0.00 0.00 0.00 0.00 0.00 0.00 0.00 0.00 0.00 0.00 0.00 0.00 0.00 0.00 0.00 0.00 0.00 0.00 0.00 0.00 0.00 0.00 0.03 0.04 0.15 0.24 0.24 0.24 0.10 0.23 0.23 0.23 0.21 0.21 0.21 0.06 0.20 0.20 0.20 0.20 0.28 0.29 0.21 0.21 0.23 0.23 0.23 0.23 0.26 0.05 0.05 0.07
0.24 0.24 0.00 0.00 0.00 0.00 0.00 0.00 0.00 0.00 0.00 0.00 0.00 0.00 0.00 0.00 0.00 0.00 0.00 0.00 0.00 0.00 0.00 0.00 0.00 0.00 0.00 0.00 0.00 0.00 0.00 0.00 0.00 0.00 0.00 0.00 0.00 0.00 0.00 0.00 0.00 0.00 0.00 0.00 0.00 0.00 0.00 0.00 0.00 0.00 0.00 0.00 0.05 0.03 0.01 0.03 0.17 0.07 0.06 0.23 0.22 0.22 0.22 0.22 0.05 0.20 0.20 0.20 0.20 0.20 0.20 0.20 0.21 0.28 0.21 0.21 0.23 0.23 0.23 0.23 0.23 0.26 0.07 0.07
0.00 0.00 0.00 0.00 0.00 0.00 0.00 0.00 0.00 0.00 0.00 0.00 0.00 0.00 0.00 0.00 0.00 0.00 0.00 0.00 0.00 0.00 0.00 0.00 0.00 0.00 0.00 0.00 0.00 0.00 0.00 0.00 0.00 0.00 0.00 0.00 0.00 0.00 0.00 0.00 0.00 0.00 0.00 0.00 0.00 0.00 0.00 0.00 0.00 0.00 0.00 0.00 0.00 0.03 0.01 0.17 0.14 0.06 0.32 0.23 0.22 0.22 0.22 0.22 0.23 0.05 0.20 0.20 0.20 0.20 0.20 0.20 0.21 0.21 0.21 0.21 0.23 0.23 0.23 0.23 0.23 0.23 0.23 0.24
0.00 0.00 0.00 0.00 0.00 0.00 0.00 0.00 0.00 0.00 0.00 0.00 0.00 0.00 0.00 0.00 0.00 0.00 0.00 0.00 0.00 0.00 0.00 0.00 0.00 0.00 0.00 0.00 0.00 0.00 0.00 0.00 0.00 0.00 0.00 0.00 0.00 0.00 0.00 0.00 0.00 0.00 0.00 0.00 0.00 0.00 0.00 0.00 0.00 0.00 0.00 0.00 0.00 0.03 0.01 0.17 0.02 0.23 0.06 0.23 0.28 0.21 0.21 0.21 0.20 0.20 0.20 0.20 0.20 0.20 0.20 0.20 0.20 0.20 0.20 0.20 0.21 0.21 0.29 0.29 0.22 0.22 0.22 0.23
0.00 0.00 0.00 0.00 0.00 0.00 0.00 0.00 0.00 0.00 0.00 0.00 0.00 0.00 0.00 0.00 0.00 0.00 0.00 0.00 0.00 0.00 0.00 0.00 0.00 0.00 0.00 0.00 0.00 0.00 0.00 0.00 0.00 0.00 0.00 0.00 0.00 0.00 0.00 0.00 0.00 0.00 0.00 0.00 0.00 0.00 0.00 0.00 0.00 0.00 0.00 0.00 0.00 0.17 0.17 0.17 0.14 0.23 0.24 0.23 0.21 0.21 0.21 0.21 0.20 0.20 0.20 0.20 0.20 0.20 0.20 0.20 0.20 0.20 0.20 0.20 0.21 0.21 0.21 0.21 0.06 0.22 0.24 0.07
0.00 0.00 0.00 0.00 0.00 0.00 0.00 0.00 0.00 0.00 0.00 0.00 0.00 0.00 0.00 0.00 0.00 0.00 0.00 0.00 0.00 0.00 0.00 0.00 0.00 0.00 0.00 0.00 0.00 0.00 0.00 0.00 0.00 0.00 0.00 0.00 0.00 0.00 0.00 0.00 0.00 0.00 0.00 0.00 0.00 0.00 0.00 0.00 0.00 0.00 0.00 0.00 0.00 0.14 0.14 0.03 0.02 0.21 0.21 0.21 0.20 0.20 0.20 0.20 0.20 0.20 0.20 0.20 0.07 0.21 0.21 0.21 0.20 0.06 0.20 0.20 0.21 0.21 0.21 0.05 0.06 0.26 6.21 0.00
0.00 0.00 0.00 0.00 0.00 0.00 0.00 0.00 0.00 0.00 0.00 0.00 0.00 0.00 0.00 0.00 0.00 0.00 0.00 0.00 0.00 0.00 0.00 0.00 0.00 0.00 0.00 0.00 0.00 0.00 0.00 0.00 0.00 0.00 0.00 0.00 0.00 0.00 0.00 0.00 0.00 0.00 0.00 0.00 0.00 0.00 0.00 0.00 0.00 0.00 0.14 0.15 0.20 0.15 0.14 0.02 0.12 0.21 0.21 0.27 0.20 0.21 0.03 0.03 0.20 0.20 0.20 0.20 0.07 0.06 0.21 0.21 0.20 0.23 0.23 0.23 0.24 0.21 0.21 0.21 0.32 0.00 0.00 0.00
0.00 0.00 0.00 0.00 0.00 0.00 0.00 0.00 0.00 0.00 0.00 0.00 0.00 0.00 0.00 0.00 0.00 0.00 0.00 0.00 0.00 0.00 0.00 0.00 0.00 0.00 0.00 0.00 0.00 0.00 0.00 0.00 0.00 0.00 0.00 0.00 0.00 0.00 0.00 0.00 0.00 0.00 0.00 0.00 0.00 0.00 0.00 0.00 0.00 0.15 0.17 0.17 0.14 0.03 0.03 0.03 0.02 0.12 0.21 0.21 0.20 0.03 0.03 0.03 0.20 0.20 0.20 0.20 0.07 0.06 0.21 0.21 0.20 0.23 0.07 0.07 0.24 0.21 0.21 0.21 0.00 0.00 0.00 0.00
0.00 0.00 0.00 0.00 0.00 0.00 0.00 0.00 0.00 0.00 0.00 0.00 0.00 0.00 0.00 0.00 0.00 0.00 0.00 0.00 0.00 0.00 0.00 0.00 0.00 0.00 0.00 0.00 0.00 0.00 0.00 0.00 0.00 0.00 0.00 0.00 0.00 0.00 0.00 0.00 0.00 0.00 0.00 0.00 0.00 0.00 0.00 0.00 0.19 0.14 0.14 0.17 0.14 0.14 0.02 0.02 0.12 0.12 0.21 0.21 0.20 0.03 0.03 0.03 0.20 0.20 0.20 0.20 0.07 0.07 0.21 0.21 0.20 0.22 0.07 0.07 0.05 0.24 0.05 0.21 0.00 0.00 0.00 0.00
