New_Model_Runs/15_Future_RCP8.5_Scn2_out/post_prcessed_with_MFR/actual_et_annual.asc
NCOLS 700
NROWS 400
XLLCENTER 515000.000000
YLLCENTER 8409000.000000
CELLSIZE 50.000000
NODATA_value -999.000000
[rows 216 to 251 of 400, columns 162 to 242 of 700]
12.46 12.46 12.46 12.46 18.28 12.46 12.46 12.46 12.46 12.46 12.46 12.46 18.28 18.28 12.43 12.43 12.43 12.43 12.43 40.97 40.52 40.52 40.52 14.20 40.52 40.52 18.23 12.43 12.43 40.52 38.57 38.57 38.57 45.19 37.07 17.23 17.23 17.23 11.75 11.75 11.75 11.75 11.75 11.75 11.75 11.75 12.31 12.31 12.31 12.31 12.31 12.31 12.31 12.31 12.31 12.31 12.31 12.31 12.31 12.31 12.31 12.31 12.54 12.54 12.54 12.54 12.54 12.54 12.54 12.54 12.54 12.54 12.54 12.54 12.54 39.47 18.40 18.40 13.07 13.07 13.07
12.46 12.46 12.46 12.46 12.46 12.46 18.28 12.46 12.46 12.46 12.46 12.46 12.46 12.46 18.23 18.23 12.43 12.43 12.43 40.97 40.52 40.52 40.52 48.10 18.23 18.23 12.43 40.52 40.52 40.52 38.57 38.57 45.19 11.75 11.75 17.23 17.23 11.75 11.75 11.75 11.75 11.75 11.75 11.75 11.75 11.75 12.31 12.31 12.31 18.05 18.05 12.31 12.31 12.31 12.31 12.31 12.31 12.31 12.31 12.31 12.31 12.31 12.54 12.54 12.54 18.40 12.54 12.54 12.54 12.54 12.54 12.54 12.54 12.54 12.54 12.54 12.54 12.54 13.07 13.07 13.07
12.46 12.46 12.46 12.46 12.46 18.28 12.46 12.46 12.46 12.46 12.46 18.28 12.46 18.28 18.23 12.43 12.43 12.43 12.43 37.46 37.46 40.52 47.34 18.23 18.23 18.23 12.43 12.43 18.23 47.34 45.19 38.57 45.19 11.75 17.23 17.23 11.75 11.75 11.75 17.23 11.75 11.75 11.75 11.75 11.75 17.23 18.05 12.31 12.31 12.31 12.31 12.31 12.31 12.31 12.31 12.31 12.31 12.31 12.31 12.31 12.31 12.31 12.54 12.54 12.54 12.54 12.54 12.54 12.54 12.54 12.54 12.54 12.54 12.54 12.54 12.54 12.54 12.54 13.07 13.07 13.07
12.46 12.46 12.46 12.46 12.46 12.46 12.46 12.46 12.46 12.46 12.46 12.46 12.46 12.46 12.43 12.43 12.43 12.43 37.46 37.46 37.46 40.53 47.34 37.46 18.23 39.12 18.23 12.43 12.43 47.34 45.19 45.19 45.19 11.75 11.75 11.75 11.75 11.75 11.75 11.75 11.75 11.75 11.75 11.75 17.23 17.23 12.31 18.05 12.31 12.31 12.31 12.31 12.31 12.31 12.31 12.31 12.31 12.31 12.31 12.31 12.31 12.31 12.54 12.54 12.54 12.54 12.54 12.54 12.54 12.54 12.54 12.54 12.54 12.54 12.54 12.54 12.54 12.54 13.07 13.07 13.07
12.46 12.46 12.46 12.46 12.46 12.46 12.46 12.46 12.46 12.46 12.46 12.46 12.46 12.46 12.43 18.23 12.43 12.43 37.46 37.46 47.34 47.34 37.46 40.52 40.52 18.23 18.23 12.43 12.43 47.34 45.19 45.19 45.19 17.23 11.75 11.75 11.75 11.75 11.75 11.75 11.75 11.75 17.23 17.23 17.23 17.23 18.05 12.31 12.31 12.31 18.05 18.05 12.31 12.31 12.31 18.05 12.31 12.31 12.31 12.31 12.31 12.31 12.54 12.54 12.54 12.54 12.54 12.54 12.54 12.54 12.54 12.54 12.54 12.54 12.54 12.54 12.54 12.54 13.07 13.07 13.07
12.46 12.46 12.46 12.46 12.46 12.46 12.46 12.46 12.46 12.46 12.46 12.46 12.46 12.46 18.23 12.43 18.23 12.43 12.43 40.52 47.34 47.34 37.46 40.52 40.52 37.46 12.43 12.43 12.43 12.43 45.19 45.19 35.50 17.23 17.23 11.75 11.75 11.75 17.23 11.75 11.75 11.75 17.23 17.23 17.23 17.23 18.05 18.05 12.31 18.05 40.15 40.15 12.31 12.31 12.31 12.31 12.31 12.31 12.31 12.31 12.31 12.31 12.54 12.54 12.54 12.54 12.54 12.54 12.54 12.54 12.54 12.54 12.54 12.54 12.54 12.54 12.54 12.54 13.07 13.07 13.07
12.46 12.46 12.46 12.46 12.46 12.46 12.46 12.46 12.46 12.46 12.46 12.46 12.46 12.46 18.23 12.43 12.43 12.43 18.23 40.43 47.34 47.34 40.52 40.52 40.52 37.46 12.43 12.43 12.43 37.46 35.50 45.19 17.23 11.75 11.75 11.75 11.75 17.23 17.23 17.23 11.75 11.75 17.23 11.75 17.23 17.23 18.05 12.31 12.31 40.15 40.15 12.31 12.31 12.31 12.31 12.31 12.31 12.31 12.31 12.31 12.31 12.31 12.54 12.54 12.54 12.54 12.54 12.54 12.54 12.54 12.54 12.54 12.54 39.47 39.47 12.54 12.54 12.54 13.07 13.07 13.07
12.46 12.46 12.46 12.46 12.46 12.46 12.46 12.46 12.46 12.46 12.46 12.46 12.46 12.46 12.43 18.23 18.23 12.43 12.43 40.43 47.28 47.28 40.43 40.52 40.52 37.46 37.46 40.52 37.46 40.53 38.56 38.56 11.75 38.56 11.75 11.75 11.75 17.23 17.23 11.75 11.75 11.75 11.75 11.75 11.75 11.75 40.15 40.15 40.15 12.31 12.31 12.31 12.31 12.31 12.31 12.31 18.05 12.31 12.31 12.31 12.31 12.31 12.54 12.54 12.54 12.54 12.54 12.54 12.54 39.47 39.47 39.47 39.47 39.47 39.47 39.47 39.47 39.47 41.01 41.01 41.01
12.46 12.46 12.46 12.46 12.46 12.46 12.46 12.46 12.46 12.46 12.46 12.46 12.46 12.46 12.43 12.43 12.43 12.43 12.43 40.43 47.28 47.28 40.43 40.43 40.43 40.43 37.34 37.46 40.62 47.48 35.50 11.75 11.75 11.75 11.75 11.75 11.75 17.23 17.23 11.75 11.75 38.56 11.75 11.75 11.75 38.56 40.15 40.15 40.15 12.31 18.05 12.31 12.31 18.05 12.31 12.31 12.31 12.31 12.31 12.31 12.31 12.31 12.54 12.54 12.54 12.54 12.54 12.54 12.54 39.47 39.47 39.47 39.47 39.47 39.47 39.47 39.47 39.47 19.17 19.17 19.17
12.46 12.46 12.46 12.46 12.46 12.46 12.46 12.46 12.46 12.46 12.46 12.46 18.28 12.46 18.23 12.43 18.23 12.43 12.43 40.43 40.43 14.18 47.28 40.43 40.43 40.43 40.43 40.43 37.34 40.43 35.50 38.56 11.75 11.75 11.75 11.75 38.56 35.50 35.50 38.56 35.50 35.50 38.56 11.75 11.75 38.56 40.15 12.31 12.31 18.05 18.05 12.31 12.31 12.31 12.31 12.31 12.31 12.31 12.31 40.15 12.31 18.05 12.54 12.54 12.54 12.54 12.54 12.54 12.54 39.47 39.47 39.47 39.47 18.40 18.40 39.47 12.54 12.54 13.07 19.17 13.07
18.01 12.28 12.28 12.28 12.28 12.28 12.28 12.28 12.28 12.28 12.28 12.28 12.28 12.28 12.60 12.60 12.60 12.60 18.48 37.90 37.90 37.90 48.00 41.04 12.60 12.60 41.04 37.90 12.60 12.60 38.24 35.18 38.24 11.66 11.66 38.39 38.39 35.29 38.39 38.39 38.39 35.29 35.29 38.39 11.66 38.39 11.20 16.43 11.20 11.20 11.20 11.20 11.20 36.95 36.95 36.95 36.95 36.95 43.43 36.95 36.95 16.43 12.38 12.38 12.38 12.38 12.38 12.38 12.38 18.15 38.97 18.15 12.38 12.38 38.97 18.15 38.97 38.97 13.22 13.22 13.22
12.28 12.28 12.28 12.28 12.28 12.28 12.28 12.28 18.01 12.28 12.28 18.01 12.28 12.28 12.60 12.60 12.60 18.48 18.48 37.90 37.90 41.04 48.00 12.60 12.60 12.60 41.04 37.90 12.60 12.60 38.24 38.24 38.24 38.24 38.24 38.24 38.24 35.29 38.39 38.39 38.39 38.39 38.39 38.39 38.39 35.29 36.95 36.95 36.95 11.20 11.20 11.20 11.20 11.20 36.95 36.95 36.95 36.95 36.95 36.95 11.20 16.43 18.15 38.99 12.38 12.38 12.38 18.15 12.38 12.38 18.15 12.38 12.38 12.38 18.15 12.38 12.38 12.38 13.22 13.22 13.22
12.28 12.28 12.28 12.28 12.28 18.01 12.28 18.01 12.28 12.28 12.28 12.28 12.28 12.28 12.60 12.60 18.48 18.48 41.04 41.04 37.90 37.90 37.90 48.00 14.40 48.00 48.00 48.00 48.00 48.00 11.47 38.24 38.24 38.24 38.24 35.18 38.24 35.18 38.24 44.79 38.24 35.29 35.29 38.39 38.39 38.39 36.95 36.95 36.95 11.20 11.20 11.20 11.20 36.95 36.95 36.95 36.95 11.20 11.20 11.20 11.20 16.43 12.38 12.38 12.38 12.38 12.38 12.38 12.38 12.38 38.97 12.38 12.38 18.15 12.38 12.38 12.38 12.38 13.22 13.22 13.22
12.28 12.28 12.28 12.28 12.28 12.28 12.28 12.28 12.28 12.28 12.28 12.28 12.28 12.28 12.60 12.60 41.04 37.90 41.04 41.04 41.04 37.90 37.90 37.90 41.04 41.04 48.00 14.40 48.00 48.00 35.36 44.79 44.79 44.79 44.79 44.79 38.24 44.79 13.44 35.36 44.79 38.24 38.24 38.24 45.08 38.48 36.95 16.43 11.20 11.20 11.20 11.20 43.43 43.43 43.43 36.95 36.95 11.20 11.20 11.20 11.20 11.20 12.38 12.38 12.38 12.38 12.38 12.38 12.38 18.15 18.15 18.15 12.38 12.38 12.38 12.38 12.38 12.38 42.90 13.22 13.22
18.01 12.28 12.28 12.28 12.28 12.28 12.28 12.28 12.28 12.28 12.28 18.01 12.28 12.28 12.60 12.60 12.60 12.60 41.04 41.04 41.04 37.90 37.90 41.04 41.04 41.04 48.00 48.00 48.00 48.00 44.79 44.79 44.79 44.79 44.79 44.79 35.36 35.36 44.79 44.79 44.79 35.24 44.79 35.36 44.79 44.79 36.81 36.81 36.95 11.20 36.95 33.05 43.43 43.43 43.43 16.43 16.43 16.43 16.43 11.20 11.20 11.20 12.38 12.38 12.38 12.38 12.38 12.38 12.38 18.15 18.15 12.38 12.38 12.38 12.38 12.38 18.15 12.38 39.64 13.22 13.22
12.28 12.28 12.28 12.28 12.28 12.28 12.28 12.28 12.28 12.28 12.28 12.28 12.28 12.28 12.60 12.60 18.48 12.60 41.04 41.04 41.04 41.04 41.04 41.04 41.04 41.04 37.90 37.90 41.04 37.27 44.79 36.75 44.79 44.79 13.44 44.79 34.95 35.36 44.79 44.79 44.79 44.79 36.75 17.10 35.36 44.79 43.14 36.81 36.81 11.20 11.20 43.14 11.20 11.20 11.20 16.43 11.20 16.43 11.20 11.20 11.20 11.20 12.38 12.38 12.38 12.38 12.38 12.38 12.38 18.15 12.38 12.38 12.38 12.38 12.38 12.38 12.38 12.38 13.22 19.39 13.22
12.28 12.28 12.28 12.28 12.28 12.28 18.01 12.28 12.28 12.28 12.28 12.28 12.28 12.28 18.48 18.48 18.48 18.48 18.48 18.48 12.60 41.04 41.04 41.04 41.04 41.04 37.90 37.90 41.04 37.90 38.24 17.10 17.10 38.24 44.79 35.18 45.27 35.36 38.24 44.79 44.79 17.10 17.10 17.10 44.79 44.79 43.14 43.14 43.14 43.14 43.14 11.20 11.20 11.20 11.20 11.20 11.20 11.20 11.20 11.20 11.20 11.20 12.38 12.38 12.38 12.38 12.38 12.38 12.38 12.38 12.38 37.35 37.28 12.38 12.38 12.38 12.38 12.38 13.22 13.22 13.22
12.28 12.28 12.28 12.28 12.28 12.28 12.28 12.28 12.28 12.28 12.28 12.28 12.28 12.28 12.60 12.60 18.48 18.48 18.48 18.48 18.48 12.60 41.04 41.04 41.04 37.90 37.90 37.90 41.04 41.04 38.24 17.10 35.18 38.24 38.24 44.79 38.24 35.36 38.24 11.66 17.10 17.10 17.10 17.10 17.10 17.10 11.20 16.43 16.43 16.43 43.14 11.20 11.20 11.20 11.20 16.43 16.43 11.20 11.20 11.20 11.20 11.20 12.38 12.38 12.38 12.38 12.38 12.38 12.38 12.38 12.38 40.57 37.35 37.27 12.38 12.38 40.97 40.47 13.22 13.22 13.22
12.28 18.01 18.01 12.28 12.28 12.28 12.28 12.28 12.28 12.28 18.01 12.28 12.28 12.28 12.60 12.60 12.60 18.48 18.48 18.48 12.60 12.60 12.60 12.60 12.60 41.04 41.04 41.04 37.90 37.90 38.24 36.75 38.24 38.24 38.24 17.10 17.10 17.10 11.66 17.10 11.66 11.66 45.25 45.25 17.10 11.66 16.43 16.43 11.20 16.43 16.43 11.20 16.43 11.20 11.20 11.20 16.43 16.43 16.43 11.20 16.43 11.20 18.15 18.15 18.15 12.38 12.38 12.38 12.38 12.38 12.38 12.38 37.35 37.35 37.35 37.53 37.27 40.47 13.22 13.22 19.39
12.28 12.28 18.01 12.28 12.28 12.28 12.28 12.28 12.28 12.28 12.28 12.28 12.28 12.28 12.60 12.60 18.48 12.60 12.60 12.60 12.60 12.60 12.60 12.60 12.60 37.90 41.04 41.04 37.90 37.90 38.24 36.75 11.66 11.66 17.10 44.79 17.10 17.10 17.10 11.66 11.66 17.10 35.31 35.31 35.18 11.66 16.43 11.20 11.20 16.43 11.20 11.20 11.20 16.43 11.20 11.20 16.43 37.27 34.39 16.43 16.43 16.43 18.15 12.38 12.38 12.38 12.38 12.38 12.38 12.38 12.38 12.38 47.64 37.35 37.35 18.15 12.38 12.38 13.22 13.22 13.22
12.28 12.28 12.28 18.01 12.28 12.28 12.28 12.28 12.28 12.28 12.28 12.28 12.28 12.28 12.60 18.48 18.48 12.60 12.60 12.60 18.48 18.48 12.60 12.60 12.60 41.04 41.04 37.90 37.90 41.04 38.24 17.10 17.10 11.66 11.66 44.79 44.79 17.10 17.10 11.66 11.66 17.10 17.10 17.10 17.10 17.10 16.43 11.20 11.20 11.20 11.20 11.20 11.20 11.20 16.43 11.20 11.20 36.81 43.96 43.96 43.96 33.98 37.53 12.38 18.15 12.38 12.38 12.38 12.38 12.38 12.38 37.35 37.52 37.35 37.35 12.38 12.38 12.38 13.22 13.22 13.22
12.28 12.28 12.28 12.28 12.28 12.28 12.28 12.28 12.28 12.28 12.28 12.28 12.28 12.28 12.60 12.60 12.60 12.60 12.60 12.60 12.60 12.60 18.48 12.60 18.48 18.48 41.04 37.90 37.90 37.90 38.24 17.10 17.10 17.10 11.66 17.10 44.79 17.10 11.66 11.66 11.66 11.66 17.10 17.10 17.10 17.10 16.43 11.20 11.20 11.20 11.20 11.20 11.20 11.20 16.43 11.20 11.20 16.43 37.27 43.96 43.96 43.92 48.28 40.97 12.38 37.27 12.38 12.38 37.53 48.28 37.53 14.29 37.52 18.15 47.64 18.15 18.15 12.38 13.22 13.22 13.22
12.28 12.28 12.28 12.28 12.28 12.28 12.28 12.28 12.28 12.28 12.28 12.28 12.28 12.28 12.60 12.60 12.60 12.60 12.60 12.60 12.60 12.60 12.60 12.60 12.60 12.60 41.04 41.04 37.90 41.04 35.18 11.66 11.66 11.66 17.10 17.10 17.10 11.66 11.66 11.66 11.66 17.10 17.10 17.10 17.10 17.10 11.20 11.20 11.20 11.20 11.20 11.20 16.43 11.20 11.20 16.43 16.43 16.43 43.14 33.98 37.27 37.22 40.97 40.97 48.28 37.53 37.53 37.53 37.53 37.53 37.53 48.28 47.64 47.64 47.64 37.53 18.15 18.15 13.22 13.22 13.22
12.28 12.28 12.28 12.28 12.28 12.28 12.28 12.28 12.28 12.28 12.28 12.28 12.28 12.28 12.60 12.60 12.60 12.60 12.60 12.60 12.60 12.60 12.60 12.60 41.04 37.90 41.04 12.60 12.60 12.60 35.31 11.66 11.66 11.66 11.66 11.66 11.66 17.10 11.66 11.66 11.66 17.10 11.66 17.10 38.24 17.10 11.20 11.20 11.20 11.20 11.20 11.20 11.20 11.20 11.20 16.43 16.43 11.20 11.20 33.82 33.82 33.98 40.97 37.53 37.53 37.53 37.53 37.53 37.53 48.28 40.97 37.35 37.35 47.64 37.35 37.53 37.27 12.38 13.22 13.22 13.22
12.28 12.28 12.28 12.28 12.28 12.28 12.28 12.28 12.28 12.28 12.28 12.28 12.28 12.28 12.60 12.60 12.60 12.60 12.60 12.60 12.60 12.60 18.48 18.48 37.90 18.48 18.48 12.60 12.60 12.60 11.66 11.66 11.66 11.66 11.66 11.66 11.66 11.66 17.10 11.66 11.66 17.10 11.66 17.10 11.66 17.10 11.20 11.20 11.20 11.20 11.20 11.20 11.20 11.20 10.15 4.93 11.20 11.20 33.82 33.82 33.82 36.54 40.97 37.53 37.53 37.53 48.28 48.28 48.28 48.28 40.97 14.29 37.35 37.35 40.97 40.97 37.27 12.38 19.39 13.22 13.22
12.28 12.28 12.28 12.28 12.28 12.28 12.28 12.28 12.28 12.28 12.28 12.28 18.01 12.28 12.60 12.60 12.60 12.60 12.60 12.60 12.60 12.60 18.48 18.48 18.48 18.48 18.48 12.60 12.60 12.60 11.66 11.66 11.66 11.66 11.66 11.66 11.66 11.66 11.66 11.66 17.10 11.66 11.66 17.10 17.10 11.66 11.20 11.20 11.20 11.20 11.20 11.20 11.20 36.81 36.81 36.81 43.14 33.82 33.82 43.14 33.82 33.64 36.94 37.53 37.53 37.53 14.48 14.48 48.28 48.28 48.28 37.53 47.64 37.35 37.53 37.53 12.38 12.38 13.22 13.22 13.22
12.88 12.88 12.88 12.88 12.88 12.88 12.88 12.88 12.88 12.88 12.88 12.88 12.88 12.88 13.18 13.18 13.18 13.18 13.18 13.18 13.18 13.18 13.18 19.33 13.18 19.33 13.18 13.18 13.18 13.18 12.48 12.48 12.48 12.48 12.48 12.48 12.48 12.48 12.48 12.48 12.48 12.48 12.48 12.48 18.31 12.48 12.06 12.06 17.69 17.69 12.06 36.31 39.36 39.36 39.36 12.06 12.06 12.06 17.69 39.36 36.31 39.08 37.44 38.11 38.11 48.93 48.93 14.68 48.93 48.93 49.23 48.93 37.88 38.11 18.44 18.44 12.57 12.57 13.49 13.49 13.49
12.88 12.88 12.88 12.88 12.88 12.88 12.88 12.88 12.88 12.88 12.88 12.88 12.88 12.88 13.18 13.18 13.18 13.18 13.18 13.18 13.18 13.18 13.18 13.18 13.18 13.18 13.18 13.18 13.18 13.18 12.48 12.48 12.48 12.48 12.48 12.48 12.48 12.48 12.48 12.48 12.48 12.48 12.48 12.48 12.48 12.48 12.06 12.06 12.06 17.69 36.31 36.31 36.31 36.31 12.06 12.06 12.06 12.06 12.06 12.06 12.06 39.08 40.50 40.50 38.11 38.11 48.93 48.93 48.93 48.93 48.93 48.93 41.56 38.11 18.44 12.57 12.57 12.57 13.49 13.49 13.49
12.88 12.88 12.88 12.88 12.88 12.88 12.88 12.88 12.88 12.88 12.88 18.89 12.88 12.88 13.18 13.18 13.18 13.18 13.18 13.18 13.18 13.18 13.18 13.18 13.18 13.18 13.18 13.18 13.18 13.18 12.48 12.48 12.48 12.48 12.48 12.48 12.48 12.48 12.48 12.48 12.48 12.48 12.48 12.48 12.48 18.31 12.06 12.06 12.06 12.06 17.69 36.31 17.69 17.69 17.69 12.06 12.06 12.06 12.06 12.06 12.06 39.08 40.50 37.44 41.56 41.56 48.93 18.44 18.44 18.44 48.93 38.11 38.11 41.56 18.44 18.44 12.57 12.57 13.49 13.49 13.49
12.88 12.88 12.88 12.88 12.88 12.88 12.88 12.88 12.88 12.88 12.88 12.88 12.88 12.88 13.18 13.18 13.18 13.18 13.18 13.18 13.18 13.18 13.18 13.18 19.33 19.33 13.18 13.18 13.18 13.18 12.48 12.48 12.48 12.48 12.48 12.48 12.48 12.48 12.48 12.48 12.48 12.48 12.48 12.48 12.48 18.31 12.06 17.69 12.06 12.06 17.69 12.06 17.69 12.06 17.69 12.06 12.06 12.06 3.62 46.05 12.06 36.03 37.44 40.50 41.56 48.93 48.93 48.93 38.11 38.11 38.11 38.11 38.11 18.44 18.44 12.57 12.57 12.57 13.49 13.49 13.49
12.88 12.88 12.88 12.88 12.88 12.88 12.88 12.88 12.88 12.88 12.88 12.88 12.88 12.88 13.18 13.18 19.33 19.33 19.33 19.33 19.33 19.33 13.18 13.18 19.33 13.18 13.18 13.18 13.18 13.18 12.48 12.48 12.48 12.48 12.48 12.48 12.48 12.48 12.48 12.48 12.48 12.48 12.48 12.48 12.48 12.48 12.06 12.06 17.69 12.06 12.06 12.06 12.06 12.06 46.05 12.06 12.06 12.06 12.06 46.05 5.31 12.06 12.57 37.44 48.93 48.93 18.44 48.93 41.56 48.93 38.11 38.11 12.57 12.57 18.44 18.44 12.57 12.57 13.49 13.49 13.49
12.88 12.88 12.88 12.88 12.88 12.88 12.88 12.88 12.88 12.88 12.88 12.88 12.88 12.88 13.18 13.18 19.33 13.18 19.33 19.33 19.33 13.18 19.33 43.12 13.18 13.18 13.18 13.18 13.18 13.18 12.48 12.48 12.48 12.48 12.48 12.48 12.48 12.48 12.48 12.48 12.48 12.48 12.48 12.48 12.48 12.48 12.06 12.06 12.06 12.06 12.06 12.06 17.69 12.06 46.05 17.69 12.06 12.06 46.05 35.95 17.69 17.69 12.57 41.56 38.11 18.44 18.44 18.44 14.68 48.93 41.56 38.11 12.57 12.57 12.57 18.44 39.81 41.56 13.49 13.49 13.49
12.88 12.88 12.88 12.88 12.88 12.88 12.88 12.88 12.88 12.88 12.88 12.88 12.88 12.88 13.18 13.18 19.33 19.33 13.18 19.33 19.33 19.33 19.33 43.12 13.18 13.18 13.18 13.18 13.18 13.18 12.48 12.48 12.48 12.48 12.48 12.48 12.48 12.48 12.48 12.48 12.48 12.48 12.48 12.48 12.48 12.48 12.06 17.69 12.06 12.06 12.06 12.06 17.69 17.69 46.05 17.69 12.06 12.06 39.36 39.08 12.06 17.69 18.44 41.56 41.56 41.56 38.11 48.93 37.89 37.89 38.11 38.11 48.93 38.11 12.57 12.57 38.11 38.11 13.49 13.49 13.49
12.88 12.88 12.88 12.88 12.88 12.88 12.88 12.88 12.88 12.88 12.88 12.88 12.88 12.88 13.18 13.18 13.18 19.33 13.18 19.33 13.18 19.33 19.33 19.33 13.18 13.18 19.33 13.18 13.18 13.18 12.48 12.48 12.48 12.48 12.48 12.48 12.48 12.48 12.48 12.48 12.48 12.48 12.48 12.48 12.48 12.48 12.06 12.06 12.06 12.06 12.06 12.06 12.06 46.05 46.05 46.05 17.69 12.06 12.06 17.69 39.08 17.69 18.44 38.11 38.11 38.11 41.56 48.93 14.68 48.93 38.11 38.11 38.11 41.56 38.11 38.11 38.11 38.11 44.32 13.49 13.49
12.88 12.88 12.88 12.88 12.88 12.88 12.88 12.88 12.88 12.88 12.88 12.88 12.88 12.88 13.18 13.18 13.18 19.33 19.33 13.18 13.18 13.18 13.18 19.33 19.33 19.33 19.33 13.18 13.18 13.18 12.48 12.48 12.48 12.48 12.48 12.48 12.48 12.48 12.48 12.48 12.48 12.48 12.48 12.48 12.48 12.48 12.06 12.06 46.05 46.05 12.06 12.06 12.06 12.06 46.05 17.69 12.06 12.06 17.69 12.06 36.03 39.08 18.44 18.44 38.11 38.11 48.93 41.56 41.56 38.11 38.11 38.11 41.56 38.11 41.56 41.56 38.11 41.56 44.32 13.49 19.79
12.88 12.88 12.88 12.88 12.88 12.88 12.88 12.88 12.88 12.88 12.88 12.88 12.88 12.88 13.18 13.18 13.18 19.33 19.33 13.18 19.33 19.33 19.33 19.33 19.33 19.33 19.33 13.18 13.18 13.18 12.48 12.48 12.48 12.48 12.48 12.48 12.48 12.48 12.48 12.48 12.48 12.48 12.48 12.48 12.48 12.48 12.06 12.06 46.05 46.05 46.05 46.05 46.05 46.05 17.69 17.69 17.69 17.69 12.06 39.08 36.03 12.06 12.57 18.44 18.44 48.93 14.68 48.93 41.56 38.11 38.11 41.56 41.56 41.56 41.56 41.56 38.11 38.11 42.17 19.79 19.79
