New_Model_Runs/15_Future_RCP8.5_Scn2_out/post_prcessed_with_MFR/actual_et_annual.asc
NCOLS 700
NROWS 400
XLLCENTER 515000.000000
YLLCENTER 8409000.000000
CELLSIZE 50.000000
NODATA_value -999.000000
[rows 216 to 251 of 400, columns 81 to 161 of 700]
14.56 14.56 14.56 14.56 14.56 14.56 14.56 14.56 14.56 14.56 14.56 14.56 14.56 14.56 14.56 13.39 13.39 13.39 13.39 13.39 13.39 13.39 19.64 13.39 13.39 13.39 19.64 13.39 13.39 13.39 13.39 14.13 14.13 14.13 14.13 14.13 14.13 14.13 14.13 14.13 14.13 14.13 14.13 14.13 14.13 14.13 14.13 13.21 13.21 13.21 13.21 13.21 13.21 13.21 13.21 13.21 13.21 13.21 13.21 13.21 13.21 13.21 13.21 12.50 12.50 12.50 12.50 12.50 12.50 12.50 12.50 12.50 12.50 12.50 12.50 12.50 12.50 12.50 12.50 12.46 12.46
14.56 14.56 14.56 14.56 14.56 14.56 14.56 14.56 14.56 14.56 14.56 14.56 14.56 14.56 14.56 13.39 13.39 13.39 13.39 13.39 13.39 13.39 19.64 13.39 19.64 13.39 19.64 13.39 13.39 13.39 13.39 14.13 14.13 14.13 14.13 14.13 14.13 14.13 14.13 14.13 14.13 14.13 14.13 14.13 14.13 14.13 14.13 13.21 13.21 13.21 13.21 13.21 13.21 13.21 13.21 13.21 13.21 13.21 13.21 13.21 13.21 13.21 13.21 12.50 12.50 12.50 12.50 18.34 12.50 12.50 12.50 12.50 12.50 12.50 12.50 12.50 12.50 12.50 12.50 12.46 12.46
14.56 21.35 14.56 14.56 14.56 14.56 14.56 14.56 14.56 14.56 14.56 14.56 14.56 14.56 14.56 13.39 13.39 13.39 13.39 13.39 13.39 13.39 13.39 13.39 13.39 13.39 13.39 13.39 13.39 13.39 13.39 14.13 14.13 14.13 14.13 14.13 14.13 14.13 14.13 14.13 14.13 14.13 14.13 14.13 14.13 14.13 14.13 13.21 13.21 13.21 13.21 13.21 13.21 13.21 13.21 13.21 13.21 13.21 13.21 13.21 13.21 13.21 13.21 12.50 12.50 12.50 12.50 12.50 12.50 12.50 12.50 12.50 12.50 12.50 12.50 12.50 12.50 12.50 12.50 12.46 12.46
21.35 14.56 14.56 14.56 14.56 14.56 14.56 14.56 14.56 14.56 14.56 14.56 14.56 14.56 14.56 13.39 13.39 13.39 13.39 13.39 13.39 13.39 13.39 13.39 13.39 13.39 13.39 13.39 13.39 13.39 13.39 14.13 14.13 14.13 14.13 14.13 14.13 14.13 14.13 14.13 14.13 14.13 14.13 14.13 14.13 14.13 14.13 13.21 13.21 13.21 13.21 13.21 13.21 13.21 13.21 13.21 13.21 13.21 13.21 13.21 13.21 13.21 13.21 12.50 12.50 12.50 12.50 12.50 12.50 12.50 12.50 12.50 12.50 12.50 12.50 12.50 12.50 12.50 12.50 12.46 12.46
14.56 55.88 14.56 21.35 14.56 14.56 14.56 14.56 14.56 14.56 14.56 14.56 14.56 14.56 14.56 13.39 13.39 13.39 13.39 19.64 13.39 13.39 13.39 13.39 13.39 13.39 13.39 13.39 13.39 13.39 13.39 14.13 14.13 14.13 14.13 14.13 14.13 14.13 14.13 14.13 14.13 14.13 14.13 14.13 14.13 14.13 14.13 13.21 13.21 13.21 13.21 13.21 13.21 13.21 13.21 13.21 13.21 13.21 13.21 13.21 13.21 13.21 13.21 12.50 12.50 12.50 12.50 12.50 12.50 12.50 12.50 12.50 12.50 12.50 12.50 12.50 12.50 12.50 12.50 12.46 12.46
14.56 43.91 43.91 43.91 21.35 14.56 14.56 14.56 14.56 14.56 14.56 14.56 14.56 14.56 14.56 13.39 13.39 13.39 13.39 13.39 19.64 13.39 13.39 13.39 13.39 13.39 13.39 13.39 13.39 13.39 13.39 14.13 14.13 14.13 14.13 14.13 14.13 14.13 14.13 14.13 14.13 14.13 14.13 14.13 14.13 14.13 14.13 13.21 13.21 13.21 13.21 13.21 13.21 13.21 13.21 13.21 13.21 13.21 13.21 13.21 13.21 13.21 13.21 12.50 12.50 12.50 12.50 12.50 12.50 12.50 12.50 12.50 12.50 12.50 12.50 12.50 12.50 12.50 12.50 12.46 12.46
14.56 14.56 43.91 14.56 14.56 14.56 14.56 14.56 14.56 14.56 14.56 14.56 14.56 14.56 14.56 13.39 13.39 13.39 13.39 13.39 19.64 13.39 13.39 13.39 13.39 13.39 13.39 13.39 13.39 13.39 13.39 14.13 14.13 14.13 14.13 14.13 14.13 14.13 14.13 14.13 14.13 14.13 14.13 14.13 20.72 14.13 14.13 13.21 13.21 13.21 13.21 13.21 13.21 13.21 13.21 13.21 13.21 13.21 13.21 13.21 13.21 13.21 13.21 12.50 12.50 12.50 12.50 12.50 12.50 12.50 12.50 12.50 12.50 12.50 18.34 12.50 12.50 18.34 12.50 12.46 12.46
14.56 14.56 14.56 14.56 14.56 14.56 14.56 14.56 14.56 14.56 14.56 14.56 14.56 14.56 14.56 13.39 13.39 13.39 13.39 13.39 13.39 13.39 13.39 13.39 13.39 13.39 13.39 13.39 13.39 13.39 13.39 14.13 14.13 14.13 14.13 14.13 14.13 14.13 14.13 14.13 14.13 14.13 14.13 14.13 14.13 14.13 14.13 13.21 13.21 13.21 13.21 13.21 13.21 13.21 13.21 13.21 13.21 13.21 13.21 13.21 13.21 13.21 13.21 12.50 12.50 12.50 12.50 12.50 12.50 12.50 12.50 12.50 12.50 12.50 18.34 12.50 12.50 12.50 12.50 12.46 12.46
14.56 14.56 14.56 14.56 14.56 14.56 14.56 14.56 14.56 14.56 14.56 14.56 14.56 14.56 14.56 13.39 13.39 13.39 13.39 13.39 13.39 13.39 13.39 19.64 13.39 13.39 13.39 13.39 13.39 13.39 13.39 14.13 14.13 14.13 14.13 14.13 14.13 14.13 14.13 14.13 14.13 14.13 14.13 14.13 14.13 14.13 14.13 13.21 13.21 13.21 13.21 13.21 13.21 13.21 13.21 13.21 13.21 13.21 13.21 13.21 13.21 13.21 13.21 12.50 12.50 12.50 12.50 12.50 12.50 12.50 12.50 12.50 12.50 18.34 12.50 12.50 12.50 12.50 12.50 12.46 12.46
14.56 14.56 14.56 14.56 14.56 14.56 14.56 14.56 14.56 14.56 14.56 14.56 14.56 14.56 14.56 13.39 13.39 13.39 13.39 13.39 13.39 13.39 13.39 13.39 13.39 13.39 13.39 13.39 13.39 13.39 13.39 14.13 14.13 14.13 14.13 14.13 14.13 14.13 14.13 14.13 14.13 14.13 14.13 14.13 14.13 14.13 14.13 13.21 13.21 13.21 13.21 13.21 13.21 13.21 13.21 13.21 13.21 13.21 13.21 13.21 13.21 13.21 13.21 12.50 12.50 12.50 12.50 12.50 12.50 12.50 12.50 12.50 12.50 12.50 12.50 12.50 12.50 12.50 12.50 12.46 12.46
13.54 13.54 13.54 13.54 13.54 13.54 13.54 13.54 13.54 13.54 13.54 13.54 13.54 13.54 13.54 13.05 13.05 13.05 13.05 13.05 13.05 13.05 13.05 13.05 13.05 13.05 13.05 13.05 13.05 13.05 13.05 12.58 12.58 12.58 12.58 12.58 12.58 12.58 12.58 12.58 12.58 12.58 12.58 12.58 12.58 12.58 12.58 12.77 12.77 12.77 12.77 12.77 12.77 12.77 12.77 12.77 12.77 12.77 12.77 12.77 12.77 12.77 12.77 12.56 12.56 12.56 12.56 12.56 12.56 12.56 12.56 12.56 18.42 12.56 12.56 12.56 12.56 12.56 12.56 12.28 12.28
13.54 13.54 13.54 13.54 13.54 13.54 13.54 13.54 13.54 13.54 13.54 13.54 13.54 13.54 13.54 13.05 13.05 13.05 13.05 13.05 13.05 13.05 13.05 13.05 13.05 13.05 13.05 13.05 13.05 13.05 13.05 12.58 12.58 12.58 12.58 12.58 12.58 12.58 12.58 12.58 12.58 12.58 12.58 12.58 12.58 12.58 12.58 12.77 12.77 12.77 12.77 12.77 12.77 12.77 12.77 12.77 12.77 12.77 12.77 12.77 12.77 12.77 12.77 12.56 12.56 12.56 12.56 12.56 12.56 12.56 12.56 12.56 12.56 12.56 12.56 12.56 12.56 12.56 12.56 12.28 12.28
13.54 13.54 13.54 13.54 13.54 13.54 13.54 13.54 13.54 13.54 13.54 13.54 13.54 13.54 13.54 13.05 13.05 13.05 13.05 13.05 13.05 13.05 13.05 13.05 13.05 13.05 13.05 13.05 13.05 13.05 13.05 12.58 12.58 12.58 12.58 12.58 12.58 12.58 12.58 12.58 12.58 12.58 12.58 12.58 12.58 12.58 12.58 12.77 12.77 12.77 12.77 12.77 12.77 12.77 12.77 12.77 12.77 12.77 12.77 12.77 12.77 12.77 12.77 12.56 12.56 12.56 12.56 12.56 12.56 12.56 12.56 12.56 12.56 12.56 12.56 12.56 12.56 12.56 12.56 12.28 12.28
13.54 13.54 13.54 13.54 13.54 13.54 13.54 13.54 13.54 13.54 13.54 13.54 13.54 13.54 13.54 13.05 13.05 13.05 13.05 13.05 13.05 13.05 13.05 13.05 13.05 13.05 13.05 13.05 13.05 13.05 13.05 12.58 12.58 12.58 12.58 12.58 12.58 12.58 12.58 12.58 12.58 12.58 12.58 12.58 12.58 12.58 12.58 12.77 12.77 12.77 12.77 12.77 12.77 12.77 12.77 12.77 12.77 12.77 12.77 12.77 12.77 12.77 12.77 12.56 12.56 12.56 12.56 12.56 12.56 12.56 12.56 12.56 12.56 12.56 18.42 12.56 12.56 12.56 12.56 12.28 12.28
13.54 19.86 13.54 13.54 13.54 13.54 13.54 13.54 13.54 13.54 13.54 13.54 13.54 13.54 13.54 13.05 13.05 13.05 13.05 13.05 13.05 13.05 13.05 13.05 13.05 13.05 13.05 13.05 13.05 13.05 13.05 12.58 12.58 12.58 12.58 12.58 12.58 12.58 12.58 12.58 12.58 12.58 12.58 12.58 12.58 12.58 12.58 12.77 12.77 12.77 12.77 12.77 12.77 12.77 12.77 12.77 12.77 12.77 12.77 12.77 12.77 12.77 12.77 12.56 12.56 12.56 12.56 12.56 12.56 12.56 12.56 12.56 12.56 12.56 18.42 12.56 12.56 12.56 12.56 12.28 12.28
13.54 13.54 13.54 13.54 13.54 13.54 13.54 13.54 13.54 13.54 13.54 13.54 13.54 13.54 13.54 13.05 13.05 13.05 13.05 13.05 13.05 13.05 13.05 13.05 13.05 13.05 13.05 13.05 13.05 13.05 13.05 12.58 12.58 12.58 12.58 12.58 12.58 12.58 12.58 12.58 12.58 12.58 12.58 12.58 12.58 12.58 12.58 12.77 12.77 12.77 12.77 12.77 12.77 12.77 12.77 12.77 12.77 12.77 12.77 12.77 12.77 12.77 12.77 12.56 12.56 12.56 12.56 12.56 12.56 12.56 12.56 12.56 12.56 12.56 12.56 12.56 12.56 12.56 12.56 12.28 12.28
13.54 13.54 13.54 13.54 13.54 13.54 13.54 13.54 13.54 13.54 13.54 13.54 13.54 13.54 13.54 13.05 19.15 13.05 13.05 13.05 13.05 13.05 13.05 13.05 13.05 13.05 13.05 13.05 13.05 13.05 13.05 12.58 12.58 12.58 12.58 12.58 12.58 12.58 12.58 12.58 12.58 12.58 12.58 12.58 12.58 12.58 12.58 12.77 12.77 12.77 12.77 12.77 12.77 12.77 12.77 12.77 12.77 12.77 12.77 12.77 12.77 12.77 12.77 12.56 12.56 12.56 12.56 12.56 12.56 12.56 12.56 12.56 12.56 12.56 12.56 12.56 12.56 12.56 12.56 12.28 12.28
13.54 13.54 13.54 13.54 13.54 13.54 13.54 13.54 13.54 13.54 13.54 13.54 13.54 13.54 13.54 13.05 13.05 13.05 13.05 13.05 13.05 13.05 13.05 13.05 13.05 13.05 13.05 13.05 13.05 13.05 13.05 12.58 12.58 12.58 12.58 12.58 12.58 12.58 12.58 12.58 12.58 12.58 12.58 12.58 12.58 12.58 12.58 12.77 12.77 12.77 12.77 12.77 12.77 12.77 12.77 12.77 12.77 12.77 12.77 12.77 12.77 12.77 12.77 12.56 12.56 12.56 12.56 12.56 12.56 12.56 12.56 12.56 12.56 12.56 12.56 12.56 12.56 12.56 12.56 12.28 12.28
13.54 13.54 13.54 13.54 13.54 13.54 13.54 13.54 13.54 13.54 13.54 13.54 13.54 13.54 13.54 13.05 13.05 13.05 13.05 13.05 13.05 13.05 13.05 13.05 13.05 13.05 13.05 13.05 13.05 13.05 13.05 12.58 12.58 12.58 12.58 12.58 12.58 12.58 12.58 12.58 12.58 12.58 12.58 12.58 12.58 12.58 12.58 12.77 12.77 12.77 12.77 12.77 12.77 12.77 12.77 12.77 12.77 12.77 12.77 12.77 12.77 12.77 12.77 12.56 12.56 12.56 12.56 12.56 12.56 12.56 12.56 12.56 12.56 12.56 12.56 12.56 12.56 12.56 12.56 12.28 12.28
13.54 13.54 13.54 13.54 13.54 13.54 13.54 13.54 13.54 13.54 13.54 13.54 13.54 13.54 13.54 13.05 13.05 13.05 13.05 13.05 13.05 13.05 13.05 13.05 13.05 13.05 13.05 13.05 13.05 13.05 13.05 12.58 12.58 12.58 12.58 12.58 12.58 12.58 12.58 12.58 12.58 12.58 12.58 12.58 12.58 12.58 12.58 12.77 12.77 12.77 12.77 12.77 12.77 12.77 12.77 12.77 12.77 12.77 12.77 12.77 12.77 12.77 12.77 12.56 12.56 12.56 12.56 12.56 12.56 12.56 12.56 12.56 12.56 12.56 12.56 12.56 12.56 12.56 12.56 12.28 12.28
13.54 13.54 13.54 13.54 13.54 13.54 13.54 13.54 13.54 13.54 13.54 13.54 13.54 13.54 13.54 13.05 13.05 13.05 13.05 13.05 13.05 13.05 13.05 13.05 13.05 13.05 13.05 13.05 13.05 13.05 13.05 12.58 12.58 12.58 12.58 12.58 12.58 12.58 12.58 12.58 12.58 12.58 12.58 12.58 12.58 12.58 12.58 12.77 12.77 12.77 12.77 12.77 12.77 12.77 12.77 12.77 12.77 12.77 12.77 12.77 12.77 12.77 12.77 12.56 12.56 12.56 12.56 12.56 12.56 12.56 12.56 12.56 12.56 12.56 12.56 12.56 12.56 12.56 12.56 12.28 12.28
13.54 13.54 13.54 13.54 13.54 13.54 13.54 13.54 13.54 13.54 13.54 13.54 13.54 13.54 13.54 13.05 13.05 13.05 13.05 13.05 13.05 13.05 13.05 13.05 13.05 13.05 13.05 13.05 13.05 13.05 13.05 12.58 12.58 12.58 12.58 12.58 12.58 12.58 12.58 12.58 12.58 12.58 12.58 12.58 12.58 12.58 12.58 12.77 12.77 12.77 12.77 12.77 12.77 12.77 12.77 12.77 12.77 12.77 12.77 12.77 12.77 12.77 12.77 12.56 12.56 12.56 12.56 12.56 12.56 12.56 12.56 12.56 12.56 12.56 12.56 12.56 12.56 12.56 12.56 12.28 12.28
13.54 13.54 13.54 13.54 13.54 13.54 13.54 13.54 13.54 13.54 13.54 13.54 13.54 13.54 13.54 13.05 13.05 13.05 13.05 13.05 13.05 13.05 13.05 13.05 13.05 13.05 13.05 13.05 13.05 13.05 13.05 12.58 12.58 12.58 12.58 12.58 12.58 12.58 12.58 12.58 12.58 12.58 12.58 12.58 12.58 12.58 12.58 12.77 12.77 12.77 12.77 12.77 12.77 12.77 12.77 12.77 12.77 12.77 12.77 12.77 12.77 12.77 12.77 12.56 12.56 12.56 12.56 12.56 12.56 12.56 18.42 12.56 12.56 12.56 12.56 12.56 12.56 12.56 12.56 12.28 12.28
13.54 13.54 13.54 13.54 13.54 13.54 13.54 13.54 13.54 13.54 13.54 13.54 13.54 13.54 13.54 13.05 13.05 13.05 13.05 13.05 13.05 13.05 13.05 13.05 13.05 13.05 13.05 13.05 13.05 13.05 13.05 12.58 12.58 12.58 12.58 12.58 12.58 12.58 12.58 12.58 12.58 12.58 12.58 12.58 12.58 12.58 12.58 12.77 12.77 12.77 12.77 12.77 12.77 12.77 12.77 12.77 12.77 12.77 12.77 12.77 12.77 12.77 12.77 12.56 12.56 12.56 12.56 12.56 12.56 18.42 12.56 12.56 12.56 12.56 12.56 12.56 12.56 12.56 12.56 12.28 12.28
13.54 13.54 13.54 13.54 13.54 13.54 13.54 13.54 13.54 13.54 13.54 13.54 13.54 13.54 13.54 13.05 13.05 13.05 13.05 13.05 13.05 13.05 13.05 13.05 13.05 13.05 13.05 13.05 13.05 13.05 13.05 12.58 12.58 12.58 12.58 12.58 12.58 12.58 12.58 12.58 12.58 12.58 12.58 12.58 12.58 12.58 12.58 12.77 12.77 12.77 12.77 12.77 12.77 12.77 12.77 12.77 12.77 12.77 12.77 12.77 12.77 12.77 12.77 12.56 12.56 12.56 12.56 12.56 12.56 12.56 12.56 12.56 18.42 18.42 12.56 12.56 12.56 12.56 12.56 12.28 12.28
13.54 13.54 13.54 13.54 13.54 13.54 13.54 13.54 13.54 13.54 13.54 13.54 13.54 13.54 13.54 13.05 13.05 19.15 13.05 13.05 13.05 13.05 13.05 13.05 13.05 13.05 13.05 13.05 13.05 13.05 13.05 12.58 12.58 12.58 12.58 12.58 12.58 12.58 12.58 12.58 12.58 12.58 12.58 12.58 12.58 12.58 12.58 12.77 12.77 12.77 12.77 12.77 12.77 12.77 12.77 12.77 12.77 12.77 12.77 12.77 12.77 12.77 12.77 12.56 12.56 12.56 12.56 12.56 12.56 12.56 12.56 12.56 12.56 12.56 12.56 12.56 12.56 12.56 12.56 12.28 12.28
13.60 13.60 13.60 13.60 13.60 13.60 13.60 13.60 13.60 13.60 13.60 13.60 13.60 13.60 13.60 13.53 13.53 13.53 13.53 13.53 13.53 13.53 13.53 13.53 13.53 13.53 13.53 13.53 13.53 13.53 19.85 14.49 14.49 14.49 14.49 14.49 14.49 14.49 14.49 14.49 14.49 14.49 14.49 14.49 14.49 14.49 14.49 13.84 13.84 13.84 13.84 13.84 13.84 13.84 13.84 13.84 13.84 13.84 13.84 13.84 13.84 13.84 13.84 14.05 14.05 14.05 14.05 14.05 14.05 14.05 14.05 14.05 14.05 14.05 14.05 14.05 14.05 14.05 14.05 12.88 12.88
13.60 13.60 13.60 13.60 13.60 13.60 13.60 13.60 13.60 13.60 13.60 13.60 13.60 13.60 13.60 13.53 13.53 13.53 13.53 13.53 13.53 13.53 13.53 13.53 13.53 13.53 13.53 13.53 13.53 13.53 13.53 14.49 14.49 14.49 14.49 14.49 14.49 14.49 14.49 14.49 14.49 14.49 14.49 14.49 14.49 14.49 14.49 13.84 13.84 13.84 13.84 13.84 13.84 13.84 13.84 13.84 13.84 13.84 13.84 13.84 13.84 13.84 20.30 14.05 14.05 14.05 14.05 14.05 14.05 14.05 14.05 14.05 14.05 14.05 14.05 14.05 14.05 14.05 14.05 12.88 12.88
13.60 13.60 13.60 13.60 13.60 13.60 13.60 13.60 13.60 13.60 13.60 13.60 13.60 13.60 13.60 13.53 13.53 13.53 13.53 13.53 13.53 13.53 13.53 13.53 13.53 13.53 13.53 13.53 13.53 13.53 13.53 14.49 14.49 14.49 14.49 14.49 14.49 14.49 14.49 14.49 14.49 14.49 14.49 14.49 14.49 14.49 14.49 13.84 13.84 13.84 13.84 13.84 13.84 13.84 13.84 13.84 13.84 13.84 13.84 13.84 13.84 13.84 13.84 14.05 14.05 14.05 14.05 14.05 14.05 14.05 14.05 14.05 14.05 14.05 14.05 14.05 14.05 14.05 14.05 12.88 12.88
13.60 13.60 13.60 13.60 13.60 13.60 13.60 13.60 13.60 13.60 13.60 13.60 13.60 13.60 13.60 13.53 13.53 13.53 13.53 13.53 13.53 13.53 13.53 13.53 13.53 13.53 13.53 13.53 13.53 13.53 19.85 21.25 14.49 14.49 14.49 14.49 14.49 14.49 14.49 14.49 14.49 14.49 14.49 14.49 14.49 14.49 14.49 13.84 13.84 13.84 13.84 13.84 13.84 13.84 13.84 13.84 13.84 20.30 20.30 13.84 13.84 13.84 13.84 14.05 14.05 14.05 14.05 14.05 14.05 14.05 14.05 14.05 14.05 14.05 14.05 14.05 14.05 14.05 14.05 12.88 12.88
13.60 13.60 13.60 13.60 13.60 13.60 13.60 13.60 13.60 13.60 13.60 13.60 13.60 13.60 13.60 13.53 13.53 13.53 13.53 13.53 13.53 13.53 13.53 13.53 13.53 13.53 13.53 13.53 13.53 13.53 19.85 21.25 14.49 14.49 21.25 14.49 14.49 14.49 14.49 14.49 14.49 14.49 14.49 14.49 14.49 14.49 14.49 13.84 13.84 13.84 13.84 13.84 13.84 13.84 13.84 13.84 13.84 13.84 13.84 13.84 13.84 13.84 13.84 14.05 14.05 14.05 14.05 14.05 14.05 14.05 14.05 14.05 14.05 14.05 14.05 14.05 14.05 14.05 14.05 12.88 12.88
13.60 13.60 13.60 13.60 13.60 13.60 13.60 13.60 13.60 13.60 13.60 19.94 13.60 13.60 13.60 13.53 13.53 13.53 13.53 13.53 13.53 13.53 13.53 13.53 13.53 13.53 13.53 13.53 13.53 13.53 13.53 47.68 47.68 14.49 14.49 14.49 14.49 14.49 14.49 14.49 14.49 14.49 14.49 14.49 14.49 14.49 14.49 13.84 13.84 13.84 13.84 13.84 13.84 13.84 13.84 13.84 13.84 13.84 13.84 13.84 13.84 13.84 13.84 20.61 14.05 14.05 14.05 14.05 14.05 14.05 14.05 14.05 14.05 14.05 14.05 14.05 14.05 14.05 14.05 12.88 12.88
13.60 13.60 13.60 13.60 13.60 13.60 13.60 13.60 13.60 13.60 13.60 13.60 13.60 13.60 13.60 13.53 13.53 13.53 13.53 13.53 13.53 13.53 13.53 13.53 13.53 13.53 13.53 13.53 13.53 19.85 44.69 47.68 14.49 14.49 14.49 14.49 14.49 14.49 14.49 14.49 14.49 14.49 14.49 14.49 14.49 14.49 14.49 13.84 13.84 13.84 13.84 13.84 13.84 13.84 13.84 13.84 13.84 13.84 13.84 13.84 13.84 13.84 13.84 14.05 14.05 14.05 14.05 14.05 14.05 14.05 14.05 14.05 14.05 14.05 14.05 20.61 14.05 14.05 14.05 12.88 12.88
13.60 13.60 13.60 13.60 13.60 13.60 13.60 13.60 13.60 13.60 13.60 13.60 19.94 13.60 13.60 13.53 13.53 13.53 13.53 13.53 13.53 13.53 13.53 13.53 13.53 13.53 13.53 13.53 13.53 19.85 19.85 14.49 14.49 14.49 14.49 14.49 14.49 14.49 14.49 14.49 14.49 14.49 14.49 14.49 14.49 14.49 14.49 13.84 13.84 13.84 13.84 13.84 13.84 13.84 13.84 13.84 13.84 13.84 13.84 13.84 13.84 13.84 13.84 14.05 14.05 14.05 14.05 14.05 14.05 14.05 14.05 14.05 14.05 14.05 14.05 14.05 14.05 14.05 14.05 12.88 12.88
13.60 13.60 13.60 13.60 13.60 13.60 13.60 13.60 13.60 13.60 13.60 13.60 13.60 13.60 13.60 13.53 13.53 13.53 13.53 13.53 13.53 13.53 13.53 13.53 13.53 13.53 13.53 13.53 13.53 19.85 13.53 21.25 21.25 14.49 14.49 14.49 14.49 14.49 14.49 14.49 14.49 14.49 14.49 14.49 14.49 14.49 14.49 13.84 13.84 13.84 13.84 13.84 13.84 13.84 13.84 13.84 13.84 13.84 13.84 13.84 13.84 13.84 13.84 14.05 14.05 20.61 14.05 14.05 14.05 14.05 14.05 14.05 14.05 14.05 14.05 14.05 14.05 14.05 14.05 12.88 12.88
13.60 13.60 13.60 13.60 13.60 13.60 13.60 13.60 13.60 13.60 13.60 13.60 13.60 13.60 13.60 13.53 13.53 13.53 13.53 13.53 13.53 13.53 13.53 13.53 13.53 13.53 40.44 13.53 13.53 13.53 13.53 14.49 14.49 14.49 14.49 14.49 14.49 14.49 14.49 14.49 14.49 14.49 14.49 14.49 14.49 14.49 14.49 13.84 13.84 13.84 13.84 13.84 13.84 13.84 13.84 13.84 13.84 13.84 13.84 13.84 13.84 13.84 13.84 14.05 14.05 20.61 14.05 14.05 20.61 20.61 14.05 14.05 14.05 14.05 14.05 14.05 14.05 20.61 14.05 12.88 12.88
