New_Model_Runs/15_Future_RCP8.5_Scn2_out/post_prcessed_with_MFR/interception_annual.asc
NCOLS 700
NROWS 400
XLLCENTER 515000.000000
YLLCENTER 8409000.000000
CELLSIZE 50.000000
NODATA_value -999.000000
[rows 180 to 215 of 400, columns 324 to 404 of 700]
19.58 19.58 19.58 19.58 18.67 18.67 18.67 18.67 17.76 17.76 17.76 17.76 17.87 0.00 0.00 0.00 0.00 0.00 0.00 0.00 0.00 0.00 0.00 25.53 0.00 24.43 24.43 24.43 20.53 20.53 20.53 20.53 19.77 19.77 19.77 19.77 19.12 19.12 19.12 19.12 17.82 17.82 17.82 17.82 16.47 16.47 16.47 16.47 17.44 17.44 17.44 17.44 18.01 18.01 18.01 16.52 0.00 0.00 0.00 0.00 0.00 0.00 0.00 0.00 0.00 0.00 0.00 0.00 0.00 0.00 0.00 0.00 0.00 0.00 0.00 0.00 0.00 0.00 0.00 0.00 0.00
19.58 0.00 19.58 19.58 18.67 18.67 18.67 18.67 17.76 17.76 17.76 0.00 0.00 0.00 0.00 0.00 0.00 0.00 0.00 0.00 0.00 0.00 0.00 0.00 0.00 24.43 24.43 24.43 20.53 20.53 20.53 20.53 19.77 19.77 19.77 19.77 19.12 19.12 19.12 19.12 17.82 17.82 17.82 17.82 13.79 16.47 16.47 16.47 17.44 17.44 17.44 17.44 18.01 18.01 18.01 18.01 16.47 16.47 16.47 16.47 17.19 0.00 0.00 0.00 0.00 0.00 0.00 0.00 0.00 0.00 0.00 0.00 0.00 0.00 0.00 0.00 0.00 0.00 0.00 0.00 0.00
19.58 19.58 19.58 19.58 18.67 18.67 18.67 18.67 17.76 17.76 0.00 0.00 0.00 0.00 0.00 0.00 0.00 0.00 0.00 0.00 0.00 0.00 0.00 25.53 24.43 24.43 24.43 24.43 20.53 20.53 20.53 20.53 19.77 19.77 19.77 19.77 19.12 19.12 19.12 19.12 17.82 17.82 17.82 17.82 13.79 16.47 16.47 16.47 17.44 17.44 14.29 17.44 18.01 18.01 18.01 18.01 17.95 17.95 17.95 17.95 15.86 0.00 0.00 0.00 0.00 0.00 0.00 0.00 0.00 0.00 0.00 0.00 0.00 0.00 0.00 0.00 0.00 0.00 0.00 0.00 0.00
19.58 19.58 19.58 19.58 18.67 18.67 0.00 18.67 17.76 17.76 0.00 0.00 0.00 0.00 0.00 0.00 0.00 0.00 0.00 0.00 0.00 0.00 0.00 25.53 24.43 24.43 24.43 24.43 20.53 20.53 20.53 20.53 19.77 19.77 19.77 19.77 19.12 19.12 19.12 19.12 17.82 17.82 17.82 17.82 16.47 16.47 16.47 16.47 17.44 17.44 17.44 17.44 18.01 18.01 18.01 18.01 17.95 17.95 17.95 17.95 17.19 15.86 0.00 0.00 0.00 0.00 0.00 0.00 0.00 0.00 0.00 0.00 0.00 0.00 0.00 0.00 0.00 0.00 0.00 0.00 0.00
17.35 17.35 17.35 17.35 18.46 18.46 18.46 18.46 0.00 0.00 0.00 0.00 0.00 0.00 0.00 0.00 0.00 0.00 0.00 0.00 0.00 0.00 24.97 24.97 22.11 22.11 22.11 22.11 19.57 19.57 19.57 19.57 19.53 19.53 19.53 19.53 19.07 19.07 19.07 19.07 19.17 19.17 19.17 19.17 18.30 18.30 18.30 18.30 19.01 19.01 19.01 19.01 19.60 19.60 19.60 19.60 19.56 19.56 19.56 19.56 18.35 16.77 16.77 0.00 0.00 8.61 8.61 8.61 0.00 0.00 0.00 0.00 0.00 0.00 0.00 0.00 0.00 0.00 0.00 0.00 0.00
17.35 17.35 17.35 17.35 18.46 18.46 18.46 18.46 0.00 0.00 0.00 0.00 0.00 0.00 0.00 0.00 0.00 0.00 0.00 0.00 21.97 24.97 24.97 24.97 22.11 22.11 22.11 22.11 19.57 19.57 19.57 19.57 19.53 19.53 19.53 19.53 19.07 19.07 19.07 19.07 19.17 19.17 19.17 19.17 18.30 18.30 18.30 18.30 19.01 19.01 19.01 19.01 19.60 19.60 19.60 19.60 19.56 19.56 19.56 19.56 18.35 18.35 18.35 16.77 0.00 19.48 19.48 19.48 21.28 8.75 0.00 0.00 0.00 0.00 0.00 0.00 0.00 0.00 0.00 0.00 0.00
17.35 17.35 17.35 17.35 18.46 18.46 18.46 18.46 0.00 0.00 0.00 0.00 0.00 0.00 0.00 0.00 0.00 0.00 0.00 22.61 21.97 24.97 24.97 24.97 22.11 22.11 22.11 22.11 19.57 19.57 19.57 19.57 19.53 19.53 19.53 19.53 19.07 19.07 19.07 19.07 19.17 19.17 19.17 19.17 18.30 18.30 18.30 18.30 19.01 19.01 19.01 19.01 19.60 19.60 19.60 19.60 19.56 19.56 19.56 19.56 18.35 18.35 18.35 18.35 15.24 17.65 19.48 19.48 21.28 21.28 21.28 21.28 0.00 0.00 0.00 0.00 0.00 0.00 0.00 0.00 0.00
17.35 17.35 17.35 17.35 18.46 18.46 18.46 18.46 0.00 0.00 0.00 0.00 0.00 0.00 0.00 0.00 0.00 0.00 0.00 22.61 24.97 24.97 24.97 24.97 22.11 22.11 22.11 22.11 19.57 19.57 19.57 19.57 19.53 19.53 19.53 19.53 19.07 19.07 19.07 19.07 19.17 19.17 19.17 19.17 18.30 18.30 18.30 18.30 19.01 19.01 19.01 19.01 19.60 19.60 19.60 19.60 19.56 19.56 19.56 19.56 18.35 18.35 18.35 18.35 19.48 19.48 19.48 19.48 21.28 21.28 21.28 21.28 22.13 0.00 0.00 0.00 0.00 0.00 0.00 0.00 0.00
16.47 16.47 16.47 16.47 17.26 17.26 17.26 17.26 0.00 0.00 0.00 0.00 0.00 0.00 0.00 0.00 0.00 0.00 0.00 21.70 22.23 22.23 22.23 22.23 20.85 20.85 0.00 20.85 19.87 19.87 19.87 19.87 19.77 19.77 19.77 19.77 19.32 19.32 19.32 19.32 19.27 19.27 19.27 19.27 18.24 18.24 18.24 18.24 18.67 18.67 18.67 18.67 19.06 19.06 19.06 19.06 19.76 19.76 19.76 19.76 19.95 19.95 19.95 19.95 20.61 20.61 20.61 20.61 20.85 20.85 20.85 0.00 0.00 0.00 0.00 0.00 0.00 0.00 0.00 0.00 0.00
16.47 16.47 16.47 16.47 17.26 17.26 17.26 17.26 18.68 0.00 0.00 0.00 0.00 0.00 0.00 0.00 0.00 0.00 0.00 0.00 22.23 22.23 22.23 22.23 20.85 20.85 20.85 20.85 19.87 19.87 19.87 19.87 19.77 19.77 19.77 19.77 19.32 19.32 19.32 19.32 19.27 19.27 19.27 19.27 18.24 18.24 18.24 18.24 18.67 18.67 18.67 18.67 19.06 19.06 19.06 19.06 19.76 19.76 19.76 19.76 19.95 19.95 19.95 19.95 20.61 20.61 20.61 20.61 20.85 20.85 15.93 0.00 0.00 0.00 0.00 0.00 0.00 0.00 0.00 0.00 0.00
16.47 16.47 16.47 16.47 17.26 17.26 17.26 17.26 18.68 18.68 0.00 0.00 0.00 0.00 0.00 0.00 0.00 0.00 0.00 0.00 22.23 22.23 22.23 22.23 20.85 20.85 20.85 20.85 19.87 19.87 19.87 19.87 19.77 19.77 19.77 19.77 19.32 19.32 19.32 19.32 19.27 19.27 19.27 19.27 18.24 18.24 18.24 18.24 18.67 18.67 18.67 18.67 19.06 15.11 19.06 19.06 15.47 19.76 19.76 19.76 19.95 19.95 19.95 19.95 20.61 20.61 15.81 20.61 20.85 0.00 0.00 0.00 0.00 0.00 0.00 0.00 0.00 0.00 0.00 0.00 0.00
16.47 16.47 16.47 16.47 17.26 17.26 17.26 17.26 18.68 18.68 18.68 18.68 0.00 0.00 0.00 0.00 0.00 0.00 0.00 0.00 22.23 22.23 22.23 22.23 20.85 20.85 20.85 20.85 19.87 19.87 19.87 19.87 19.77 19.77 19.77 19.77 19.32 19.32 19.32 19.32 19.27 19.27 19.27 19.27 18.24 18.24 18.24 18.24 18.67 18.67 18.67 18.67 19.06 17.34 0.00 0.00 17.89 19.76 19.76 19.76 19.95 19.95 19.95 19.95 20.61 20.61 15.81 15.81 20.85 0.00 0.00 0.00 0.00 0.00 0.00 0.00 0.00 0.00 0.00 0.00 0.00
14.86 14.86 14.86 14.86 14.40 14.40 14.40 14.40 16.39 16.39 16.39 16.39 19.92 19.92 0.00 0.00 0.00 0.00 0.00 0.00 21.15 21.15 21.15 21.15 19.44 19.44 19.44 19.44 18.84 18.84 18.84 18.84 18.56 18.56 18.56 18.56 18.61 18.61 18.61 18.61 19.02 19.02 19.02 19.02 18.28 18.28 18.28 18.28 18.42 18.42 18.42 18.42 16.25 17.67 0.00 0.00 14.55 14.55 17.97 16.48 19.17 19.17 19.17 15.08 20.00 20.00 15.50 15.50 20.11 18.14 0.00 0.00 0.00 0.00 0.00 0.00 0.00 0.00 0.00 0.00 0.00
14.86 14.86 14.86 14.86 14.40 14.40 14.40 14.40 16.39 16.39 16.39 16.39 19.92 19.92 19.92 19.92 20.30 20.30 0.00 0.00 21.15 21.15 21.15 21.15 19.44 19.44 19.44 19.44 18.84 18.84 18.84 18.84 18.56 18.56 18.56 18.56 18.61 18.61 18.61 18.61 19.02 19.02 19.02 19.02 18.28 18.28 18.28 18.28 18.42 18.42 18.42 18.42 17.67 16.25 0.00 0.00 17.97 17.97 14.55 14.55 19.17 19.17 19.17 19.17 20.00 15.50 15.50 18.06 20.11 8.66 0.00 0.00 0.00 0.00 0.00 0.00 0.00 0.00 0.00 0.00 0.00
14.32 14.32 14.32 14.32 13.90 11.62 13.90 13.90 15.70 15.70 15.70 15.70 18.34 18.34 18.34 18.34 18.67 18.67 21.24 21.24 19.57 19.57 19.57 19.57 18.12 18.12 18.12 18.12 17.73 17.73 17.73 17.73 17.49 17.49 17.49 17.49 17.53 17.53 17.53 17.53 17.88 17.88 17.88 17.88 17.80 17.80 17.80 17.80 17.92 17.92 17.92 17.92 17.23 17.23 8.61 0.00 0.00 0.00 8.63 17.50 18.80 18.80 18.80 18.80 19.59 17.73 17.73 17.73 19.69 8.48 0.00 0.00 0.00 0.00 0.00 0.00 0.00 0.00 0.00 0.00 0.00
14.32 14.32 14.32 14.32 13.90 13.90 13.90 13.90 15.70 15.70 15.70 15.70 18.34 18.34 18.34 18.34 18.67 18.67 21.24 21.24 19.57 19.57 19.57 19.57 18.12 18.12 18.12 18.12 17.73 17.73 17.73 17.73 17.49 17.49 17.49 17.49 17.53 17.53 17.53 17.53 17.88 17.88 17.88 17.88 17.80 17.80 17.80 17.80 17.92 17.92 17.92 17.92 17.23 17.23 17.23 0.00 0.00 0.00 0.00 8.63 8.41 8.41 18.80 18.80 19.59 15.24 17.73 19.59 19.69 0.00 0.00 0.00 0.00 0.00 0.00 0.00 0.00 0.00 0.00 0.00 0.00
12.58 12.58 12.58 12.58 12.39 12.39 12.39 12.39 15.34 15.34 15.34 15.34 17.94 17.94 17.94 17.94 18.06 18.06 20.56 20.56 19.71 19.71 19.71 19.71 18.70 18.70 18.70 18.70 17.98 17.98 17.98 17.98 18.21 18.21 18.21 18.21 17.74 17.74 17.74 17.74 16.91 16.91 16.91 16.91 16.88 16.88 16.88 16.88 17.68 17.68 17.68 17.68 17.36 17.36 14.18 0.00 0.00 0.00 0.00 0.00 0.00 0.00 8.41 18.74 8.42 14.89 17.18 18.89 0.00 0.00 0.00 0.00 0.00 0.00 0.00 0.00 0.00 0.00 0.00 0.00 0.00
12.58 12.58 12.58 12.58 12.39 12.39 12.39 12.39 15.34 15.34 15.34 15.34 17.94 17.94 17.94 17.94 18.06 20.56 20.56 20.56 19.71 19.71 19.71 19.71 18.70 18.70 18.70 18.70 17.98 17.98 17.98 17.98 18.21 18.21 18.21 18.21 17.74 17.74 17.74 17.74 16.91 16.91 16.91 14.03 16.88 16.88 16.88 16.88 17.68 17.68 17.68 17.68 17.36 17.36 16.00 0.00 0.00 0.00 0.00 0.00 0.00 0.00 0.00 0.00 0.00 18.89 18.89 0.00 0.00 0.00 0.00 0.00 0.00 0.00 0.00 0.00 0.00 0.00 0.00 0.00 0.00
12.58 12.58 12.58 12.58 12.39 12.39 12.39 12.39 15.34 15.34 15.34 15.34 17.94 17.94 17.94 17.94 18.06 20.56 20.56 20.56 19.71 19.71 19.71 19.71 18.70 18.70 18.70 18.70 17.98 17.98 17.98 17.98 18.21 18.21 18.21 18.21 17.74 17.74 17.74 17.74 16.91 16.91 16.91 16.91 13.94 16.88 16.88 16.88 17.68 17.68 17.68 17.68 17.36 17.36 17.36 8.62 0.00 0.00 0.00 0.00 0.00 0.00 0.00 0.00 0.00 0.00 0.00 0.00 0.00 0.00 0.00 0.00 0.00 0.00 0.00 0.00 0.00 0.00 0.00 0.00 0.00
12.58 12.58 12.58 12.58 12.39 12.39 12.39 12.39 15.34 15.34 15.34 15.34 17.94 17.94 17.94 17.94 18.06 20.56 20.56 20.56 19.71 19.71 19.71 19.71 18.70 18.70 18.70 18.70 17.98 17.98 17.98 17.98 18.21 18.21 18.21 18.21 17.74 17.74 17.74 17.74 16.91 16.91 16.91 15.66 13.94 16.88 15.62 15.62 17.68 17.68 17.68 16.25 14.18 17.36 17.36 0.00 0.00 0.00 0.00 0.00 0.00 0.00 0.00 0.00 0.00 0.00 0.00 0.00 0.00 0.00 0.00 0.00 0.00 0.00 0.00 0.00 0.00 0.00 0.00 0.00 0.00
12.59 12.59 12.59 12.59 12.89 12.89 12.89 12.89 16.19 16.19 16.19 16.19 18.36 18.36 18.36 18.36 20.58 20.58 20.58 20.58 19.61 19.61 19.61 19.61 18.91 18.91 18.91 18.91 17.99 17.99 17.99 17.99 18.77 18.77 18.77 18.77 18.96 18.96 18.96 18.96 17.49 17.49 17.49 17.49 15.06 8.53 15.06 16.16 15.49 16.71 0.00 0.00 0.00 0.00 17.59 17.59 0.00 0.00 0.00 0.00 0.00 0.00 0.00 0.00 0.00 0.00 0.00 0.00 0.00 0.00 0.00 0.00 0.00 0.00 0.00 0.00 0.00 0.00 0.00 0.00 0.00
12.59 12.59 12.59 12.59 12.89 12.89 12.89 12.89 16.19 16.19 16.19 16.19 18.36 18.36 18.36 18.36 20.58 20.58 20.58 20.58 19.61 19.61 19.61 19.61 18.91 18.91 18.91 18.91 17.99 17.99 17.99 17.99 18.77 18.77 18.77 18.77 18.96 18.96 18.96 18.96 17.49 17.49 17.49 17.49 13.57 8.53 8.53 0.00 15.49 16.71 0.00 0.00 0.00 0.00 0.00 17.59 0.00 0.00 0.00 0.00 0.00 0.00 0.00 0.00 0.00 0.00 0.00 0.00 0.00 0.00 0.00 0.00 0.00 0.00 0.00 0.00 0.00 0.00 0.00 0.00 0.00
12.59 12.59 12.59 12.59 12.89 12.89 12.89 12.89 16.19 16.19 16.19 16.19 18.36 18.36 18.36 18.36 20.58 20.58 20.58 20.58 19.61 19.61 19.61 19.61 18.91 18.91 18.91 18.91 17.99 17.99 17.99 17.99 18.77 18.77 18.77 18.77 18.96 18.96 18.96 18.96 17.49 17.49 17.49 17.49 16.16 8.53 0.00 0.00 0.00 0.00 0.00 0.00 0.00 0.00 0.00 0.00 0.00 0.00 0.00 0.00 0.00 0.00 0.00 0.00 0.00 0.00 0.00 0.00 0.00 0.00 0.00 0.00 0.00 0.00 0.00 0.00 0.00 0.00 0.00 0.00 0.00
12.59 12.59 12.59 12.59 12.89 12.89 12.89 12.89 16.19 16.19 16.19 16.19 18.36 18.36 18.36 18.36 20.58 20.58 20.58 20.58 19.61 19.61 19.61 19.61 18.91 18.91 18.91 18.91 17.99 17.99 17.99 17.99 18.77 18.77 18.77 18.77 18.96 18.96 18.96 18.96 17.49 17.49 17.49 17.49 16.16 13.57 0.00 0.00 0.00 0.00 0.00 0.00 0.00 0.00 0.00 0.00 0.00 0.00 0.00 0.00 0.00 0.00 0.00 0.00 0.00 0.00 0.00 0.00 0.00 0.00 0.00 0.00 0.00 0.00 0.00 0.00 0.00 0.00 0.00 0.00 0.00
12.47 12.47 12.47 12.47 13.65 13.65 13.65 13.65 17.17 17.17 17.17 17.17 18.56 18.56 18.56 21.12 20.98 20.98 20.98 20.98 19.85 19.85 19.85 19.85 18.89 18.89 18.89 18.89 18.27 18.27 18.27 18.27 18.24 18.24 18.24 18.24 18.48 18.48 18.48 18.48 18.10 18.10 18.10 18.10 17.36 8.62 0.00 0.00 0.00 0.00 0.00 0.00 0.00 0.00 0.00 0.00 0.00 0.00 0.00 0.00 0.00 0.00 0.00 0.00 0.00 0.00 0.00 0.00 0.00 0.00 0.00 0.00 0.00 0.00 0.00 0.00 0.00 0.00 0.00 0.00 0.00
12.47 12.47 12.47 12.47 13.65 13.65 13.65 13.65 17.17 17.17 17.17 17.17 18.56 18.56 18.56 21.12 20.98 20.98 20.98 20.98 19.85 19.85 19.85 19.85 18.89 18.89 18.89 18.89 18.27 18.27 18.27 18.27 18.24 18.24 18.24 18.24 18.48 18.48 18.48 18.48 18.10 18.10 18.10 18.10 17.36 8.62 0.00 0.00 0.00 0.00 0.00 0.00 0.00 0.00 0.00 0.00 0.00 0.00 0.00 0.00 0.00 0.00 0.00 0.00 0.00 0.00 0.00 0.00 0.00 0.00 0.00 0.00 0.00 0.00 0.00 0.00 0.00 0.00 0.00 0.00 0.00
12.47 12.47 12.47 12.47 13.65 13.65 13.65 13.65 17.17 17.17 17.17 17.17 18.56 18.56 18.56 21.12 20.98 20.98 20.98 20.98 19.85 19.85 19.85 19.85 18.89 18.89 18.89 18.89 18.27 18.27 18.27 18.27 18.24 18.24 18.24 18.24 18.48 18.48 18.48 18.48 18.10 18.10 18.10 18.10 17.36 16.00 0.00 0.00 0.00 0.00 0.00 0.00 0.00 0.00 0.00 0.00 0.00 0.00 0.00 0.00 0.00 0.00 0.00 0.00 0.00 0.00 0.00 0.00 0.00 0.00 0.00 0.00 0.00 0.00 0.00 0.00 0.00 0.00 0.00 0.00 0.00
12.47 12.47 12.47 12.47 13.65 13.65 13.65 13.65 17.17 17.17 17.17 17.17 18.56 18.56 21.12 21.12 20.98 20.98 20.98 20.98 19.85 19.85 19.85 19.85 18.89 18.89 18.89 18.89 18.27 18.27 18.27 18.27 18.24 18.24 18.24 18.24 18.48 18.48 18.48 18.48 18.10 18.10 18.10 18.10 0.00 0.00 0.00 0.00 0.00 0.00 0.00 0.00 0.00 0.00 0.00 0.00 0.00 0.00 0.00 0.00 0.00 0.00 0.00 0.00 0.00 0.00 0.00 0.00 0.00 0.00 0.00 0.00 0.00 0.00 0.00 0.00 0.00 0.00 0.00 0.00 0.00
11.52 11.52 11.52 10.40 13.75 13.75 13.75 13.75 17.78 17.78 17.78 17.78 18.86 18.86 21.44 21.44 20.95 20.95 20.95 20.95 19.77 19.77 19.77 19.77 18.79 18.79 18.79 18.79 18.66 18.66 18.66 18.66 18.20 18.20 18.20 18.20 17.69 17.69 17.69 17.69 17.91 16.44 16.44 17.91 0.00 0.00 0.00 0.00 0.00 0.00 0.00 0.00 0.00 0.00 0.00 0.00 0.00 0.00 0.00 0.00 0.00 0.00 0.00 0.00 0.00 0.00 0.00 0.00 0.00 0.00 0.00 0.00 0.00 0.00 0.00 0.00 0.00 0.00 0.00 0.00 0.00
11.52 7.09 11.52 10.40 13.75 13.75 13.75 13.75 17.78 17.78 17.78 17.78 18.86 18.86 21.44 21.44 20.95 20.95 20.95 20.95 19.77 19.77 19.77 19.77 18.79 18.79 18.79 18.79 18.66 18.66 18.66 18.66 18.20 18.20 18.20 14.69 14.43 14.43 17.69 17.69 17.91 17.91 8.93 0.00 0.00 0.00 0.00 0.00 0.00 0.00 0.00 0.00 0.00 0.00 0.00 0.00 0.00 0.00 0.00 0.00 0.00 0.00 0.00 0.00 0.00 0.00 0.00 0.00 0.00 0.00 0.00 0.00 0.00 0.00 0.00 0.00 0.00 0.00 0.00 0.00 0.00
6.77 0.00 10.81 10.18 13.18 13.18 13.18 13.18 16.71 16.71 16.71 16.71 17.62 20.06 20.06 20.06 19.63 19.63 19.63 19.63 18.60 18.60 18.60 18.60 17.76 17.76 17.76 17.76 17.66 17.66 17.66 17.66 17.26 17.26 14.10 14.10 0.00 0.00 15.57 16.82 17.01 17.01 8.45 0.00 0.00 0.00 0.00 0.00 0.00 0.00 0.00 0.00 0.00 0.00 0.00 0.00 0.00 0.00 0.00 0.00 0.00 0.00 0.00 0.00 0.00 0.00 0.00 0.00 0.00 0.00 0.00 0.00 0.00 0.00 0.00 0.00 0.00 0.00 0.00 0.00 0.00
10.81 11.22 11.22 11.22 13.18 13.18 13.18 13.18 16.71 16.71 16.71 16.71 17.62 20.06 20.06 20.06 19.63 19.63 19.63 19.63 18.60 18.60 18.60 18.60 17.76 17.76 17.76 17.76 17.66 17.66 17.66 17.66 17.26 17.26 17.26 14.10 16.82 8.43 0.00 16.82 8.45 0.00 0.00 0.00 0.00 0.00 0.00 0.00 0.00 0.00 0.00 0.00 0.00 0.00 0.00 0.00 0.00 0.00 0.00 0.00 0.00 0.00 0.00 0.00 0.00 0.00 0.00 0.00 0.00 0.00 0.00 0.00 0.00 0.00 0.00 0.00 0.00 0.00 0.00 0.00 0.00
6.86 11.62 12.26 12.26 15.09 15.09 15.09 15.09 17.09 17.09 17.09 17.09 16.80 19.16 19.16 19.16 19.09 19.09 19.09 19.09 18.50 18.50 18.50 18.50 17.79 17.79 17.79 17.79 17.98 17.98 17.98 17.98 17.51 17.51 17.51 17.51 16.97 0.00 0.00 0.00 0.00 0.00 0.00 0.00 0.00 0.00 0.00 0.00 0.00 0.00 0.00 0.00 0.00 0.00 0.00 0.00 0.00 0.00 0.00 0.00 0.00 0.00 0.00 0.00 0.00 0.00 0.00 0.00 0.00 0.00 0.00 0.00 0.00 0.00 0.00 0.00 0.00 0.00 0.00 0.00 0.00
0.00 11.62 12.26 12.26 15.09 15.09 15.09 15.09 17.09 17.09 17.09 17.09 16.80 19.16 19.16 19.16 19.09 19.09 19.09 19.09 18.50 18.50 18.50 18.50 17.79 17.79 17.79 17.79 17.98 17.98 17.98 17.98 17.51 17.51 17.51 17.51 0.00 0.00 0.00 0.00 0.00 0.00 0.00 0.00 0.00 0.00 0.00 0.00 0.00 0.00 0.00 0.00 0.00 0.00 0.00 0.00 0.00 0.00 0.00 0.00 0.00 0.00 0.00 0.00 0.00 0.00 0.00 0.00 0.00 0.00 0.00 0.00 0.00 0.00 0.00 0.00 0.00 0.00 0.00 0.00 0.00
0.00 12.26 12.26 12.26 15.09 15.09 15.09 15.09 17.09 17.09 17.09 17.09 19.16 19.16 19.16 19.16 19.09 19.09 19.09 19.09 18.50 18.50 18.50 18.50 14.41 17.79 17.79 17.79 17.98 17.98 17.98 17.98 17.51 0.00 0.00 0.00 0.00 0.00 0.00 0.00 0.00 0.00 0.00 0.00 0.00 0.00 0.00 0.00 0.00 0.00 0.00 0.00 0.00 0.00 0.00 0.00 0.00 0.00 0.00 0.00 0.00 0.00 0.00 0.00 0.00 0.00 0.00 0.00 0.00 0.00 0.00 0.00 0.00 0.00 0.00 0.00 0.00 0.00 0.00 0.00 0.00
11.62 12.26 10.71 12.26 15.09 15.09 15.09 15.09 17.09 17.09 17.09 17.09 19.16 19.16 19.16 19.16 19.09 19.09 19.09 19.09 18.50 18.50 18.50 18.50 14.41 16.34 16.34 17.79 17.98 17.98 17.98 17.98 0.00 0.00 0.00 0.00 0.00 0.00 0.00 0.00 0.00 0.00 0.00 0.00 0.00 0.00 0.00 0.00 0.00 0.00 0.00 0.00 0.00 0.00 0.00 0.00 0.00 0.00 0.00 0.00 0.00 0.00 0.00 0.00 0.00 0.00 0.00 0.00 0.00 0.00 0.00 0.00 0.00 0.00 0.00 0.00 0.00 0.00 0.00 0.00 0.00
