New_Model_Runs/15_Future_RCP8.5_Scn2_out/post_prcessed_with_MFR/net_infiltration_annual.asc
NCOLS 700
NROWS 400
XLLCENTER 515000.000000
YLLCENTER 8409000.000000
CELLSIZE 50.000000
NODATA_value -999.000000
[rows 108 to 143 of 400, columns 567 to 647 of 700]
40.05 40.32 40.80 37.86 37.86 37.13 37.13 38.93 37.13 37.12 37.12 37.12 37.12 38.11 0.00 0.00 0.00 0.00 0.00 0.00 0.00 0.00 0.00 0.00 0.00 0.00 0.00 0.00 40.88 37.68 37.68 37.68 37.68 37.20 37.20 37.20 37.20 36.00 36.00 36.00 36.00 33.46 33.48 33.48 33.48 34.13 32.81 34.55 32.83 33.62 33.62 33.62 33.62 34.58 34.58 40.86 40.86 43.00 43.02 43.00 43.00 43.08 43.08 43.08 43.10 42.88 42.88 42.88 42.88 43.08 43.08 44.23 43.08 46.20 46.20 42.33 42.33 81.23 0.00 0.00 0.00
40.47 40.32 34.75 37.86 37.86 37.13 37.13 37.13 37.13 37.12 38.88 37.12 37.12 38.11 47.28 0.00 0.00 0.00 0.00 0.00 0.00 0.00 0.00 0.00 0.00 0.00 0.00 0.00 19.41 45.38 38.25 34.45 38.25 37.20 37.20 37.20 37.20 36.00 36.00 36.00 36.00 33.46 33.48 33.48 33.46 34.10 32.81 32.81 34.10 33.62 33.62 33.62 33.59 34.56 34.58 34.56 40.86 43.00 43.00 43.02 43.00 43.08 43.08 43.08 43.10 42.90 42.88 42.88 44.67 43.08 40.59 44.23 48.11 53.41 49.77 45.89 35.73 78.93 0.00 0.00 0.00
40.05 40.32 40.67 37.86 37.86 37.13 37.13 37.13 37.13 37.12 37.12 37.12 37.12 38.11 0.00 0.00 0.00 0.00 0.00 0.00 0.00 0.00 0.00 0.00 0.00 0.00 0.00 0.00 62.27 83.88 30.31 28.43 38.25 38.83 37.20 37.20 37.20 38.89 36.00 36.00 36.00 33.46 33.48 33.48 33.48 32.81 32.81 32.81 32.83 33.62 33.62 33.62 33.59 34.56 34.56 34.56 34.56 43.00 43.00 43.00 43.00 43.08 43.08 43.08 43.08 42.88 42.88 42.88 42.88 44.86 43.08 43.08 48.11 41.20 31.46 33.24 51.46 42.72 0.00 0.00 0.00
40.05 40.32 37.86 37.86 37.86 37.13 37.13 37.13 37.13 39.45 39.45 33.97 39.45 41.40 0.00 0.00 0.00 0.00 0.00 0.00 0.00 0.00 0.00 0.00 0.00 0.00 0.00 0.00 82.27 61.16 45.48 37.68 37.68 37.20 38.86 37.20 39.99 36.00 36.00 36.00 36.00 33.46 33.46 33.48 33.48 35.50 32.81 32.83 32.83 33.59 33.59 33.59 33.59 34.56 34.56 34.56 34.56 36.74 43.00 43.00 43.00 43.08 43.08 43.08 43.08 42.88 42.88 42.88 42.88 43.08 47.20 50.94 46.20 50.81 41.04 38.06 79.45 0.00 0.00 0.00 0.00
39.56 39.57 37.19 37.19 38.92 36.46 36.46 36.46 41.08 39.70 39.70 39.70 37.34 36.59 0.00 0.00 0.00 0.00 0.00 0.00 0.00 0.00 0.00 0.00 0.00 0.00 0.00 73.36 64.05 26.26 45.75 46.65 40.61 37.53 37.53 37.53 37.53 35.53 37.17 35.53 35.53 33.81 32.51 32.54 32.54 33.20 33.20 33.20 33.20 35.20 35.20 35.20 35.20 35.85 31.64 35.85 35.85 37.68 37.68 43.97 43.97 43.69 43.69 43.69 43.69 43.34 43.34 43.34 43.34 43.20 43.20 52.83 53.97 49.34 44.60 47.42 81.23 0.00 0.00 0.00 0.00
39.04 37.19 39.05 33.14 39.23 36.46 36.46 36.46 36.46 39.70 37.34 37.34 37.34 42.13 53.76 0.00 0.00 0.00 0.00 0.00 0.00 0.00 0.00 0.00 0.00 0.00 80.31 41.34 41.34 36.52 34.27 34.76 42.40 39.95 39.95 37.53 37.53 35.53 37.25 35.53 35.53 33.81 32.51 32.51 32.51 33.20 33.20 33.20 33.20 35.20 35.20 35.20 35.20 35.85 35.85 35.85 35.85 37.68 37.68 37.68 43.97 43.69 43.69 43.69 43.69 43.34 45.13 43.34 43.34 43.20 43.20 44.98 43.20 46.14 20.88 86.58 0.00 0.00 0.00 0.00 0.00
37.63 37.64 35.96 35.96 37.64 38.68 36.90 36.90 36.90 39.46 41.94 39.46 39.46 40.62 55.95 46.28 0.00 0.00 0.00 0.00 0.00 0.00 80.81 86.41 59.89 72.07 71.10 60.60 30.50 24.82 34.44 29.10 43.00 42.39 38.38 43.63 38.72 36.68 36.68 36.68 36.68 33.33 33.33 33.33 33.33 34.10 34.10 34.10 34.10 36.07 37.77 36.07 36.07 36.72 38.47 38.47 36.72 37.24 37.24 37.24 37.24 46.25 44.97 43.21 43.21 52.37 50.27 47.00 40.42 42.08 46.43 44.65 42.86 45.26 98.61 46.28 0.00 0.00 0.00 0.00 0.00
37.63 37.64 37.64 37.64 37.64 36.90 36.90 36.90 36.90 39.46 39.46 41.94 41.94 40.62 42.74 42.62 40.84 77.25 71.55 77.25 75.46 77.25 53.93 46.38 14.08 40.53 40.71 58.73 13.62 28.22 41.60 43.67 41.89 42.03 36.19 41.22 38.72 36.68 36.68 36.68 36.68 33.33 33.33 33.33 33.33 34.10 34.10 34.10 34.10 36.07 36.07 36.07 37.80 36.72 36.72 36.72 38.47 40.36 79.96 78.39 33.48 40.93 53.64 44.97 43.21 42.87 91.21 50.59 42.85 47.63 85.57 93.91 58.96 42.99 80.36 0.00 0.00 0.00 0.00 0.00 0.00
36.95 36.97 36.97 36.97 36.97 37.03 37.03 37.03 37.03 39.72 39.72 42.38 42.38 40.73 40.73 42.23 42.83 27.74 31.31 25.96 31.34 32.89 10.51 10.51 10.51 11.50 12.04 71.10 48.43 44.97 41.29 41.29 41.29 39.92 40.26 39.92 39.92 35.43 35.43 35.43 35.43 33.48 33.48 33.48 33.48 34.92 34.92 34.92 34.92 36.31 36.31 36.31 38.31 18.69 18.69 36.72 36.72 37.11 37.11 37.11 82.45 80.61 80.61 93.24 88.92 43.10 90.72 31.44 46.15 37.50 39.28 83.81 86.10 58.94 42.72 0.00 0.00 0.00 0.00 0.00 0.00
36.95 36.97 36.97 36.97 36.97 37.03 37.03 37.03 37.03 39.72 42.38 42.38 39.72 40.73 40.73 40.73 40.73 47.72 34.91 42.56 42.56 10.51 10.51 10.51 10.51 8.47 10.26 33.57 85.99 43.45 41.29 41.29 41.29 39.92 39.92 39.92 39.92 35.43 35.43 35.43 36.84 33.48 33.48 33.48 33.50 34.94 34.92 34.92 34.92 36.31 36.31 36.31 32.26 32.71 36.72 36.72 38.48 37.11 37.11 37.11 37.11 36.97 36.97 37.91 86.64 99.96 101.70 85.60 82.00 37.53 75.40 83.81 23.51 57.16 0.00 0.00 0.00 0.00 0.00 0.00 0.00
38.74 36.97 38.76 36.97 36.97 37.03 37.03 37.03 37.03 39.72 42.38 42.38 42.38 40.73 40.73 40.73 41.23 36.46 31.66 34.67 40.78 31.11 10.51 10.51 12.36 10.26 29.33 72.72 29.33 42.09 43.80 41.29 38.78 37.55 37.55 37.55 37.55 37.05 35.43 35.43 35.43 33.48 33.48 33.48 33.50 34.94 34.94 34.92 34.92 36.31 36.31 36.31 38.03 36.72 36.72 36.72 36.72 37.11 38.83 37.11 37.11 36.97 36.97 36.97 37.22 94.26 86.93 87.38 75.94 77.57 42.85 37.53 33.11 55.38 0.00 0.00 0.00 0.00 0.00 0.00 0.00
36.95 36.97 36.97 36.97 36.97 37.03 37.03 37.03 37.03 39.72 39.72 45.11 42.38 43.51 43.95 40.29 40.29 42.99 35.22 36.46 31.11 31.11 31.34 31.34 27.74 44.86 40.92 72.72 44.33 41.29 38.78 38.78 38.78 37.55 37.55 37.55 37.55 35.43 35.43 35.43 35.43 33.48 33.48 33.48 33.50 34.94 34.94 36.52 34.92 36.31 36.31 36.31 36.31 36.72 39.58 38.42 36.72 37.11 37.11 37.11 37.11 36.97 38.67 36.97 35.43 37.42 30.90 36.25 78.21 83.70 82.00 80.22 37.50 82.37 0.00 0.00 0.00 0.00 0.00 0.00 0.00
36.86 37.39 37.39 37.39 37.39 37.72 37.72 37.72 37.72 39.86 39.86 39.86 39.86 41.60 39.13 39.13 40.31 31.34 36.46 32.09 42.53 31.34 34.91 31.31 31.31 44.15 87.56 42.91 41.59 39.63 37.29 39.07 37.29 36.11 36.11 36.11 36.11 35.34 35.37 35.37 35.34 34.44 34.44 34.44 34.46 35.33 35.33 35.33 35.30 35.98 35.98 35.98 35.98 36.14 36.14 36.14 36.14 36.64 36.64 36.64 36.64 36.67 36.67 36.67 38.81 36.64 40.76 47.24 51.86 42.70 46.24 42.88 59.10 80.36 0.00 0.00 0.00 0.00 0.00 0.00 0.00
36.86 37.39 37.39 37.39 37.39 37.72 37.72 37.72 37.72 39.86 36.44 39.86 39.86 40.76 40.76 37.42 40.31 42.40 42.40 43.84 42.40 31.34 31.66 33.44 31.66 23.04 85.78 41.25 41.25 37.29 37.29 39.53 38.95 36.11 36.11 36.11 36.11 35.34 35.37 35.37 35.37 34.44 34.44 34.44 34.46 35.33 35.33 35.33 35.33 36.01 36.01 36.01 36.01 36.14 36.14 36.14 36.14 36.64 36.66 36.66 36.66 36.69 36.67 36.67 38.34 35.35 39.03 43.88 51.88 40.13 46.24 53.05 88.74 44.50 0.00 0.00 0.00 0.00 0.00 0.00 0.00
36.86 37.39 37.39 37.39 37.39 37.72 37.72 37.72 37.72 39.86 39.86 39.86 39.86 40.76 40.76 43.53 43.53 40.84 43.03 43.36 40.84 39.49 39.49 41.27 34.91 81.46 81.46 41.25 38.74 40.33 37.29 37.29 37.29 39.28 39.28 36.11 36.11 35.37 35.37 35.37 35.37 34.46 34.46 34.46 34.46 35.33 35.33 35.33 35.33 36.01 35.98 35.98 36.01 36.16 36.16 36.14 36.14 36.64 36.66 36.66 36.66 36.69 36.67 36.67 38.34 32.82 42.10 32.73 42.95 40.11 25.91 49.81 86.96 0.00 0.00 0.00 0.00 0.00 0.00 0.00 0.00
36.86 37.39 37.39 37.39 37.39 37.72 37.72 37.72 37.72 39.86 39.86 39.86 39.86 40.76 40.76 43.53 43.53 43.95 43.95 42.80 40.84 37.81 39.49 42.46 36.90 83.24 41.25 42.06 38.74 37.29 37.29 37.29 20.23 28.64 41.06 37.50 36.13 35.37 35.37 35.37 35.37 34.46 34.46 34.46 34.46 35.33 35.33 35.33 35.33 36.01 36.01 35.98 37.70 36.16 36.16 36.16 36.16 36.66 36.66 39.68 39.62 36.67 36.67 36.67 36.67 32.82 38.98 36.62 36.62 40.11 45.92 36.25 86.96 0.00 0.00 0.00 0.00 0.00 0.00 0.00 0.00
38.93 39.57 39.62 37.80 37.80 38.05 38.05 38.05 41.20 40.07 40.07 40.07 40.07 40.38 40.38 43.11 43.54 45.92 40.39 40.39 40.39 40.24 38.85 33.73 75.37 78.03 39.52 37.19 38.90 36.61 19.87 20.23 34.08 39.69 41.11 36.66 34.10 37.55 37.55 36.21 36.21 34.82 34.82 34.82 34.82 37.32 35.66 35.66 35.66 36.11 36.11 36.09 36.09 35.95 35.95 31.97 37.64 36.25 36.25 36.25 36.23 36.23 36.23 37.86 36.23 36.39 36.39 36.36 36.36 35.13 43.73 55.40 83.39 0.00 0.00 0.00 0.00 0.00 0.00 0.00 0.00
37.16 37.80 37.80 39.76 39.66 38.05 39.76 39.76 38.05 43.53 40.07 40.07 40.07 40.38 40.38 42.44 40.38 40.39 40.39 40.39 40.39 42.03 45.74 42.96 38.68 35.31 37.19 37.19 37.19 36.61 37.86 36.63 36.63 36.66 39.33 36.66 36.66 36.21 36.21 36.21 36.21 34.82 34.82 34.82 34.82 35.66 35.66 35.66 35.66 36.11 36.11 36.11 36.09 35.93 35.95 31.97 35.93 36.23 36.25 36.25 36.25 37.86 36.23 36.23 36.23 36.39 36.39 36.36 36.36 35.13 34.24 32.22 79.83 0.00 0.00 0.00 0.00 0.00 0.00 0.00 0.00
37.16 37.80 37.80 37.80 37.80 39.76 38.05 38.05 38.05 40.07 40.07 43.69 40.07 40.38 42.44 40.38 40.38 40.39 40.39 40.39 40.39 49.57 47.53 42.96 45.74 40.31 37.19 79.91 81.03 37.86 36.61 36.63 36.63 36.66 36.66 36.66 36.66 36.21 36.21 36.21 36.21 34.82 34.82 34.82 36.49 35.66 35.66 35.66 35.66 36.11 36.11 36.11 34.72 35.93 35.93 37.62 35.93 36.23 36.23 37.87 36.25 36.23 36.23 36.23 36.23 36.39 36.39 36.39 38.83 41.59 38.15 63.23 0.00 0.00 0.00 0.00 0.00 0.00 0.00 0.00 0.00
37.18 37.80 37.80 37.80 39.60 38.05 38.05 38.05 38.05 40.07 40.07 40.07 40.07 40.38 40.38 40.38 40.38 40.39 40.39 40.39 42.45 40.24 40.24 40.24 40.24 37.19 81.03 39.60 38.33 36.63 36.61 36.61 36.63 36.66 36.66 36.64 36.66 36.21 36.21 36.21 36.21 34.82 34.82 34.82 34.82 35.66 35.66 35.66 35.66 36.11 36.11 36.11 34.72 31.85 35.93 35.93 35.93 36.23 36.23 36.23 36.23 36.23 36.23 36.23 36.21 36.39 36.39 36.39 36.39 38.18 80.87 84.78 0.00 0.00 0.00 0.00 0.00 0.00 0.00 0.00 0.00
37.00 37.18 38.96 37.15 37.15 37.42 37.42 37.42 37.42 39.67 41.39 39.67 41.39 39.66 39.66 39.66 39.66 39.63 39.63 41.62 39.63 41.15 39.45 39.45 39.45 85.71 37.14 38.27 37.14 37.70 37.70 37.68 37.68 37.47 37.47 37.47 39.26 36.44 36.44 36.44 36.44 34.73 34.73 34.73 34.73 35.93 39.16 35.93 35.93 36.46 36.46 37.43 34.91 35.97 35.97 35.97 35.97 36.27 36.27 36.27 36.27 36.47 36.47 36.44 36.44 36.44 36.44 36.44 36.46 80.07 81.50 36.24 0.00 0.00 0.00 0.00 0.00 0.00 0.00 0.00 0.00
37.00 37.18 37.15 37.15 37.18 37.42 37.42 37.42 37.42 39.67 39.67 39.67 39.67 39.66 39.66 39.66 39.66 39.63 38.44 39.63 39.65 39.47 39.47 40.46 82.19 34.51 37.14 38.27 37.14 37.70 37.70 37.68 37.68 39.26 40.49 37.47 37.47 39.67 36.42 36.42 36.44 34.73 34.73 34.71 34.71 35.93 35.93 35.93 39.21 36.46 36.46 33.56 36.44 35.97 35.97 35.97 35.97 36.27 36.27 36.27 36.27 36.47 36.47 36.47 36.44 36.44 36.44 39.68 79.18 27.44 29.22 0.00 0.00 0.00 0.00 0.00 0.00 0.00 0.00 0.00 0.00
37.06 35.57 35.55 35.55 35.57 35.81 35.81 35.81 35.81 37.20 37.20 37.20 37.20 37.35 37.35 37.35 40.64 37.33 37.35 37.35 37.35 37.01 37.01 37.01 80.86 25.18 40.68 37.78 37.78 38.34 38.31 38.31 41.42 38.10 38.10 38.10 38.10 37.06 37.06 37.06 38.64 39.46 39.46 39.44 39.44 40.56 40.56 40.56 40.56 41.28 43.22 39.78 41.06 40.60 40.60 40.60 40.60 39.63 39.63 39.63 39.63 39.82 39.82 39.82 39.80 42.10 42.10 39.80 80.56 40.27 39.16 1.78 0.00 0.00 0.00 0.00 0.00 0.00 0.00 0.00 0.00
35.40 35.57 37.18 35.57 35.57 35.83 35.83 35.83 35.81 37.20 37.20 37.20 38.98 39.12 37.35 37.35 37.35 37.33 37.33 37.33 37.33 37.01 37.01 36.99 36.99 84.84 40.68 37.78 37.78 38.34 38.34 38.31 38.31 38.10 38.10 38.10 38.10 37.06 37.06 37.06 37.06 39.44 39.44 39.44 39.44 40.56 40.56 40.56 40.56 43.22 43.22 43.22 43.22 42.72 42.72 40.60 40.60 39.63 39.63 39.63 39.63 39.82 41.58 40.76 42.10 39.03 38.90 83.50 39.82 40.27 38.74 38.74 0.00 0.00 0.00 0.00 0.00 0.00 0.00 0.00 0.00
35.68 35.09 35.09 35.09 35.09 35.32 35.32 35.32 35.30 36.79 36.79 36.79 36.79 37.10 37.10 37.10 37.10 37.35 37.35 37.35 37.35 37.52 37.50 37.50 37.50 83.37 38.40 37.34 38.40 38.69 38.69 38.69 40.39 41.33 38.13 39.86 38.13 36.98 36.98 36.98 36.98 39.53 39.53 39.53 39.53 40.72 40.74 40.74 40.74 43.53 43.53 43.53 45.32 46.65 43.39 41.51 40.94 39.97 39.97 39.97 39.97 42.16 39.03 40.81 39.38 42.47 83.40 84.47 42.54 39.46 37.44 0.00 0.00 0.00 0.00 0.00 0.00 0.00 0.00 0.00 0.00
35.66 30.83 35.06 35.09 35.09 35.32 35.32 35.32 35.30 36.79 38.52 36.79 36.79 37.10 37.10 39.44 39.44 39.71 39.71 39.71 39.71 37.50 37.50 37.50 37.50 38.40 81.12 37.75 41.17 40.47 38.69 38.69 40.47 39.86 38.13 38.13 38.13 36.98 36.98 36.98 36.98 39.53 39.53 39.53 39.53 40.72 40.72 41.75 40.74 43.53 44.51 47.56 70.32 24.03 43.67 40.94 40.94 42.19 39.03 43.97 42.67 42.50 42.59 38.66 44.40 83.55 41.75 42.54 42.54 0.00 0.00 0.00 0.00 0.00 0.00 0.00 0.00 0.00 0.00 0.00 0.00
35.66 35.06 35.06 35.09 35.09 35.32 35.32 35.30 35.30 36.79 40.17 36.79 36.79 37.13 37.10 38.87 41.81 39.71 39.71 40.05 39.71 39.88 39.88 37.50 37.50 38.38 81.12 41.17 43.82 88.17 82.32 39.61 38.69 38.15 38.13 38.13 38.13 36.98 39.94 39.94 36.98 39.53 39.53 39.53 39.53 40.72 40.72 40.72 42.85 45.32 43.53 40.37 63.44 91.73 86.38 43.67 40.94 90.61 82.27 41.33 17.93 19.71 44.90 84.05 78.70 42.54 42.54 0.00 0.00 0.00 0.00 0.00 0.00 0.00 0.00 0.00 0.00 0.00 0.00 0.00 0.00
35.66 35.06 35.06 35.06 35.09 35.32 35.32 35.30 35.30 36.79 39.71 38.51 36.81 37.13 37.13 37.13 37.13 37.35 37.35 39.71 39.71 39.88 40.57 37.50 37.50 38.38 38.38 81.12 82.90 71.16 74.35 38.00 41.74 38.13 38.13 38.13 38.13 39.94 43.12 38.63 38.47 39.53 39.53 39.53 39.53 40.72 40.72 42.85 46.42 47.10 81.31 79.53 38.59 0.00 93.09 83.65 83.65 0.00 35.84 80.34 78.55 78.55 80.34 0.00 0.00 0.00 0.00 0.00 0.00 0.00 0.00 0.00 0.00 0.00 0.00 0.00 0.00 0.00 0.00 0.00 0.00
38.82 35.08 35.08 35.08 35.10 34.60 34.60 34.58 36.20 36.40 36.40 36.40 36.40 37.08 37.08 37.10 37.10 37.61 37.61 37.59 37.59 40.52 40.52 35.04 40.52 38.83 38.83 38.85 37.18 44.22 70.42 33.42 41.85 38.17 38.17 38.17 38.17 38.96 38.70 37.05 37.05 39.92 39.92 39.92 39.92 40.83 42.97 48.32 92.82 81.31 0.00 0.00 0.00 0.00 0.00 0.00 0.00 0.00 0.00 0.00 0.00 0.00 0.00 0.00 0.00 0.00 0.00 0.00 0.00 0.00 0.00 0.00 0.00 0.00 0.00 0.00 0.00 0.00 0.00 0.00 0.00
38.82 37.25 37.25 35.08 35.10 34.60 34.60 34.60 36.20 36.40 36.40 36.40 36.38 37.08 37.08 37.08 37.08 37.59 37.59 37.59 37.59 38.07 40.52 40.52 40.88 38.83 38.83 38.83 35.39 38.74 62.59 36.37 34.59 42.31 40.98 40.98 40.98 37.05 37.05 37.05 37.05 39.92 39.92 39.92 39.92 42.97 42.97 62.96 86.66 0.00 0.00 0.00 0.00 0.00 0.00 0.00 0.00 0.00 0.00 0.00 0.00 0.00 0.00 0.00 0.00 0.00 0.00 0.00 0.00 0.00 0.00 0.00 0.00 0.00 0.00 0.00 0.00 0.00 0.00 0.00 0.00
38.82 37.25 37.25 35.08 35.10 34.60 34.60 36.20 34.60 36.40 36.40 36.38 36.40 37.10 37.08 37.08 37.08 37.59 37.59 37.59 37.59 40.52 40.52 40.52 41.50 43.96 45.18 40.61 42.39 38.72 23.44 62.72 16.50 34.59 36.37 31.64 42.31 37.05 38.33 38.33 37.05 39.92 39.92 39.92 39.92 42.97 85.69 0.00 0.00 0.00 0.00 0.00 0.00 0.00 0.00 0.00 0.00 0.00 0.00 0.00 0.00 0.00 0.00 0.00 0.00 0.00 0.00 0.00 0.00 0.00 0.00 0.00 0.00 0.00 0.00 0.00 0.00 0.00 0.00 0.00 0.00
38.82 37.25 37.25 35.08 35.08 34.60 34.60 34.60 34.60 36.38 36.38 36.38 36.38 37.08 37.08 37.08 37.08 37.59 37.59 37.59 39.98 44.50 42.30 41.50 32.44 36.76 31.75 19.45 21.23 48.74 69.72 59.16 77.53 44.50 46.28 75.53 80.89 37.05 38.33 29.58 37.05 39.92 41.89 39.92 39.92 85.69 0.00 0.00 0.00 0.00 0.00 0.00 0.00 0.00 0.00 0.00 0.00 0.00 0.00 0.00 0.00 0.00 0.00 0.00 0.00 0.00 0.00 0.00 0.00 0.00 0.00 0.00 0.00 0.00 0.00 0.00 0.00 0.00 0.00 0.00 0.00
38.90 34.67 34.67 34.67 34.67 33.95 33.97 33.95 33.95 36.22 36.22 36.22 36.22 33.29 37.26 35.86 35.86 37.71 37.71 37.71 42.54 85.90 84.89 30.81 19.37 18.08 73.28 79.08 55.87 46.28 0.00 0.00 0.00 0.00 0.00 0.00 0.00 80.03 38.53 38.53 37.31 40.18 43.44 43.44 42.19 84.27 0.00 0.00 0.00 0.00 0.00 0.00 0.00 0.00 0.00 0.00 0.00 0.00 0.00 0.00 0.00 0.00 0.00 0.00 0.00 0.00 0.00 0.00 0.00 0.00 0.00 0.00 0.00 0.00 0.00 0.00 0.00 0.00 0.00 0.00 0.00
39.20 36.79 36.28 38.94 36.20 33.95 33.97 33.97 33.95 36.22 36.22 36.22 39.51 37.26 37.26 37.26 33.29 33.78 37.71 80.43 85.23 85.37 87.16 90.24 70.87 64.78 54.26 73.74 0.00 0.00 0.00 0.00 0.00 0.00 0.00 0.00 0.00 90.15 33.65 39.51 39.51 38.21 47.01 37.26 0.00 0.00 0.00 0.00 0.00 0.00 0.00 0.00 0.00 0.00 0.00 0.00 0.00 0.00 0.00 0.00 0.00 0.00 0.00 0.00 0.00 0.00 0.00 0.00 0.00 0.00 0.00 0.00 0.00 0.00 0.00 0.00 0.00 0.00 0.00 0.00 0.00
36.57 36.79 36.79 36.79 36.79 33.95 33.97 33.97 33.97 36.22 36.22 36.22 37.92 37.26 37.26 41.27 39.53 39.75 82.47 80.43 82.47 39.88 37.96 37.96 92.72 81.80 0.00 0.00 0.00 0.00 0.00 0.00 0.00 0.00 0.00 0.00 0.00 80.03 80.03 82.23 82.23 92.30 94.08 79.67 0.00 0.00 0.00 0.00 0.00 0.00 0.00 0.00 0.00 0.00 0.00 0.00 0.00 0.00 0.00 0.00 0.00 0.00 0.00 0.00 0.00 0.00 0.00 0.00 0.00 0.00 0.00 0.00 0.00 0.00 0.00 0.00 0.00 0.00 0.00 0.00 0.00
36.57 34.67 34.67 34.67 30.40 33.95 33.97 33.97 33.95 37.76 37.90 36.22 36.22 37.26 37.26 37.26 37.26 39.75 26.28 26.28 36.62 30.83 43.44 86.72 44.50 0.00 0.00 0.00 0.00 0.00 0.00 0.00 0.00 0.00 0.00 0.00 0.00 0.00 0.00 0.00 0.00 0.00 0.00 0.00 0.00 0.00 0.00 0.00 0.00 0.00 0.00 0.00 0.00 0.00 0.00 0.00 0.00 0.00 0.00 0.00 0.00 0.00 0.00 0.00 0.00 0.00 0.00 0.00 0.00 0.00 0.00 0.00 0.00 0.00 0.00 0.00 0.00 0.00 0.00 0.00 0.00
