New_Model_Runs/15_Future_RCP8.5_Scn2_out/post_prcessed_with_MFR/runoff_annual.asc
NCOLS 700
NROWS 400
XLLCENTER 515000.000000
YLLCENTER 8409000.000000
CELLSIZE 50.000000
NODATA_value -999.000000
[rows 216 to 251 of 400, columns 81 to 161 of 700]
10.98 10.50 10.50 10.46 10.46 10.46 10.46 10.25 16.37 10.25 10.25 10.13 10.13 10.13 10.13 11.67 11.67 11.67 19.47 11.94 11.94 11.94 5.61 11.91 11.91 11.91 5.60 11.86 11.86 11.86 11.86 14.18 14.18 14.18 14.18 14.27 14.27 14.27 14.27 14.00 14.00 14.00 14.00 13.86 13.86 13.86 13.86 16.44 16.44 16.44 16.44 16.57 16.57 16.57 16.57 16.47 16.47 16.47 16.47 16.18 16.18 16.18 16.18 7.59 7.59 7.59 11.91 25.89 19.41 19.41 19.41 33.73 19.98 19.98 19.98 20.18 20.18 20.18 34.51 23.15 23.15
17.01 10.50 10.50 10.46 10.46 10.46 10.46 10.25 10.25 10.25 10.25 10.13 10.13 16.19 10.13 11.67 11.67 19.47 11.67 11.94 11.94 11.94 5.61 11.91 5.60 11.91 5.60 11.86 19.78 11.86 11.86 14.18 14.18 14.18 14.18 14.27 14.27 14.27 14.27 14.00 14.00 14.00 14.00 13.86 13.86 13.86 13.86 16.44 16.44 16.44 16.44 16.57 16.57 16.57 16.57 16.47 16.47 16.47 16.47 16.18 16.18 16.18 16.18 7.59 7.59 7.59 7.59 4.89 19.41 19.41 19.41 33.73 19.98 34.15 19.98 34.38 20.18 20.18 20.18 22.47 22.47
10.50 9.53 10.50 23.45 10.46 10.46 10.46 10.25 10.25 10.25 10.25 10.13 10.13 10.13 10.13 18.62 11.67 11.67 19.47 11.94 11.94 11.94 11.94 11.91 19.86 11.91 11.91 11.86 11.86 11.86 11.86 14.18 14.18 14.18 14.18 23.63 41.82 34.11 23.63 14.00 23.22 14.00 14.00 23.02 13.86 13.86 13.86 16.44 16.44 16.44 16.44 16.57 16.57 16.57 16.57 16.47 16.47 16.47 29.09 16.18 16.18 16.18 9.55 7.59 7.59 7.59 7.59 7.63 7.63 7.63 19.41 19.98 19.98 19.98 19.98 20.18 20.18 20.18 20.18 22.47 22.47
5.00 10.72 10.50 10.46 10.46 16.70 10.46 10.25 10.25 10.25 10.25 10.13 10.13 10.13 10.13 11.67 11.67 11.67 11.67 11.94 11.94 11.94 19.77 11.91 11.91 25.57 11.91 11.86 11.86 19.69 11.86 14.18 14.18 14.18 14.18 14.27 23.51 14.27 14.27 14.00 14.00 14.00 14.00 13.86 13.86 13.86 13.86 16.44 16.44 16.44 16.44 41.35 16.57 29.26 29.09 16.47 54.12 28.97 16.47 16.18 16.18 16.18 5.94 7.59 7.59 7.59 7.59 12.01 7.63 7.63 7.63 7.90 19.98 19.98 19.98 20.18 20.18 20.18 20.18 22.47 22.47
10.70 6.03 10.97 5.01 10.52 16.91 23.56 10.46 10.46 10.46 10.46 10.30 10.30 10.30 10.30 11.47 11.47 11.47 32.63 5.48 11.68 11.68 11.68 11.64 11.64 11.64 19.44 11.70 11.70 11.70 11.70 21.81 14.01 23.25 14.01 14.05 23.32 14.05 14.05 14.18 23.42 14.18 14.18 14.17 14.17 14.17 14.17 16.54 16.54 41.14 16.54 16.49 16.49 16.49 16.49 16.28 28.36 16.28 16.28 16.03 16.03 5.87 5.87 7.58 7.58 7.58 7.58 7.64 7.64 7.64 7.64 7.64 7.64 7.64 7.64 7.61 11.95 7.61 11.95 8.98 8.98
10.97 10.79 9.27 6.03 5.01 10.73 10.52 10.46 10.46 10.46 16.61 10.30 16.42 10.30 17.04 11.47 11.47 11.47 18.52 11.68 5.48 11.68 11.68 11.64 11.64 11.64 11.64 11.70 11.70 11.70 11.70 14.01 14.01 14.01 14.01 14.05 14.05 14.05 14.05 14.18 14.18 23.42 14.18 14.17 14.17 14.17 14.17 16.54 29.21 16.54 16.54 16.49 16.49 16.49 16.49 16.28 16.28 16.28 16.28 16.03 16.03 5.87 5.87 7.58 7.58 7.58 7.58 7.64 7.64 7.64 7.64 7.64 7.64 7.64 7.64 7.61 7.61 7.61 7.61 13.09 8.98
10.48 10.70 6.03 17.58 10.99 10.99 10.52 23.49 10.46 10.46 10.46 10.30 10.30 10.30 10.30 11.47 11.47 11.47 11.47 11.68 5.48 11.68 11.68 11.64 19.41 11.64 11.64 11.70 11.70 11.70 11.70 14.01 14.01 14.01 14.01 14.05 14.05 14.05 14.05 14.18 14.18 14.18 14.18 14.17 6.86 14.17 14.17 16.54 16.54 16.54 16.54 16.49 16.49 16.49 28.99 16.28 16.28 16.28 16.28 16.03 8.72 8.72 5.87 7.58 7.58 7.58 7.58 7.64 7.64 7.64 7.64 7.64 7.64 7.64 4.90 7.61 7.61 4.88 7.61 8.98 8.98
16.67 10.48 10.97 10.52 10.52 10.52 10.52 10.46 10.46 10.46 10.46 10.30 10.30 16.42 10.30 11.47 11.47 11.47 11.47 11.68 11.68 11.68 24.59 11.64 11.64 11.64 11.64 11.70 11.70 11.70 11.70 21.74 14.01 23.14 14.01 14.05 14.05 14.05 14.05 14.18 14.18 23.28 23.32 14.17 18.99 14.17 14.17 16.54 16.54 16.54 16.54 16.49 16.49 16.49 28.99 16.28 16.28 16.28 5.98 8.69 5.87 5.87 5.87 7.58 7.58 7.58 7.58 7.64 7.64 7.64 7.64 7.64 7.64 7.64 5.52 7.61 7.61 7.61 7.61 8.98 8.98
10.37 10.37 10.37 10.46 10.46 10.46 10.46 10.52 10.52 16.79 16.76 10.46 10.46 10.46 10.46 11.48 11.48 11.48 11.48 11.38 11.38 11.38 18.37 10.16 11.36 18.34 11.36 11.58 11.58 11.58 11.58 13.82 13.82 13.82 13.82 22.86 13.77 13.77 13.77 13.90 13.90 23.09 13.90 14.00 14.00 14.00 14.00 16.35 16.35 16.35 28.40 28.26 16.23 28.26 28.05 16.00 16.00 5.86 5.86 5.82 5.82 5.82 5.82 7.62 7.62 7.62 19.38 7.64 7.64 7.64 7.64 7.58 7.58 4.86 7.58 7.57 7.57 7.57 7.57 8.97 8.97
10.37 10.37 10.37 10.46 10.46 25.60 10.46 10.52 10.52 10.52 18.58 21.37 16.70 10.46 22.64 19.15 11.48 11.48 11.48 11.38 11.38 11.38 11.38 11.36 20.33 11.36 11.36 11.58 11.58 11.58 11.58 13.82 13.82 13.82 25.85 13.77 13.77 13.77 13.77 13.90 13.90 13.90 26.05 26.28 14.00 14.00 14.00 16.35 16.35 16.35 32.15 16.23 16.23 16.23 16.23 16.00 26.88 16.00 16.00 15.91 15.91 15.91 5.82 19.38 19.38 19.38 19.38 7.64 7.64 12.03 7.64 7.58 7.58 7.58 7.58 7.57 7.57 7.57 7.57 8.97 8.97
13.79 13.79 13.79 13.90 13.90 13.90 13.90 13.97 13.97 13.97 13.97 13.90 13.90 13.90 13.90 15.53 15.53 15.53 15.53 15.40 15.40 15.40 15.40 15.37 15.37 15.37 15.37 16.01 16.01 16.01 16.01 29.02 18.35 18.35 18.35 18.30 18.30 18.30 18.30 18.46 18.46 18.46 18.46 18.56 18.56 18.56 33.90 21.00 21.00 21.00 21.00 20.74 20.74 20.74 20.74 20.47 20.47 20.47 20.47 20.35 31.55 20.35 20.35 23.10 23.10 23.10 14.62 9.53 9.53 9.53 9.53 9.46 6.16 9.46 9.46 9.44 9.44 9.44 9.44 10.47 10.47
13.79 13.79 13.79 13.90 13.90 13.90 13.90 13.97 13.97 13.97 13.97 13.90 13.90 13.90 13.90 15.53 15.53 15.53 15.53 15.40 15.40 15.40 15.40 15.37 15.37 15.37 15.37 16.01 16.01 16.01 16.01 18.35 18.35 18.35 18.35 18.30 18.30 18.30 18.30 18.46 18.46 18.46 18.46 18.56 18.56 18.56 18.56 21.00 21.00 21.00 21.00 20.74 20.74 20.74 20.74 20.47 20.47 20.47 50.03 20.35 20.35 20.35 20.35 23.10 23.10 14.61 9.50 9.53 9.53 9.53 9.53 9.46 9.46 9.46 9.46 22.96 22.96 22.96 9.44 10.47 10.47
13.67 13.67 13.67 13.72 22.79 13.72 13.72 13.75 13.75 13.75 13.75 22.81 13.73 13.73 13.73 15.47 15.47 15.47 15.47 15.15 15.15 15.15 15.15 15.07 15.07 15.07 15.07 15.30 15.30 15.30 15.30 28.00 29.54 17.57 17.57 17.74 17.74 17.74 17.74 17.95 17.95 17.95 17.95 18.30 18.30 18.30 18.30 20.56 20.56 20.56 20.56 20.34 20.34 20.34 20.34 19.66 33.93 19.66 19.66 20.45 20.45 20.45 20.45 23.18 23.18 9.54 9.54 9.49 9.49 9.49 14.60 9.43 9.43 9.43 9.43 23.14 23.14 23.14 23.14 25.29 25.29
13.67 13.67 13.67 13.72 13.72 13.72 13.72 13.75 13.75 13.75 13.75 13.73 13.73 22.81 13.73 15.47 15.47 15.47 15.47 15.15 15.15 15.15 15.15 15.07 15.07 15.07 25.66 15.30 15.30 15.30 15.30 28.00 17.57 17.57 17.57 17.74 17.74 17.74 17.74 44.22 17.95 17.95 17.95 18.30 18.30 18.30 18.30 20.56 20.56 20.56 20.56 20.34 20.34 20.34 20.34 19.66 19.66 19.66 19.66 20.45 20.45 20.45 20.45 23.18 23.18 9.54 9.54 9.49 23.08 23.08 9.49 9.43 9.43 9.43 6.15 23.14 23.14 23.14 23.14 25.29 25.29
13.67 6.73 13.67 13.72 13.72 13.72 13.72 13.75 13.75 13.75 13.75 13.73 13.73 13.73 13.73 15.47 26.28 15.47 26.09 15.15 25.66 15.15 15.15 15.07 25.52 15.07 15.07 15.30 15.30 15.30 15.30 40.59 17.57 17.57 17.57 17.74 17.74 17.74 17.74 17.95 17.95 17.95 17.95 18.30 30.59 30.59 18.30 20.56 20.56 20.56 20.56 34.63 20.34 20.34 20.34 19.66 19.66 19.66 19.66 20.45 20.45 20.45 20.45 23.18 23.18 23.18 23.18 39.78 23.08 9.49 9.49 22.96 22.96 9.43 6.15 23.14 23.14 23.14 23.14 25.29 25.29
13.67 13.67 13.67 13.72 13.72 13.72 13.72 13.75 13.75 13.75 13.75 13.73 13.73 13.73 13.73 15.47 15.47 15.47 15.47 15.15 15.15 15.15 25.60 25.51 15.07 15.07 15.07 15.30 15.30 15.30 15.30 17.57 17.57 17.57 17.57 17.74 17.74 17.74 17.74 17.95 17.95 17.95 17.95 18.30 18.30 30.22 18.30 20.56 20.56 20.56 20.56 20.34 34.63 20.34 20.34 19.66 19.66 19.66 19.66 20.45 20.45 20.45 20.45 23.18 23.18 23.18 23.18 23.08 23.08 9.49 23.08 22.96 22.96 9.43 22.96 23.14 23.14 23.14 23.14 25.29 25.29
22.36 13.47 13.47 13.45 13.45 22.33 22.33 13.41 13.41 13.41 13.41 13.39 13.39 13.39 13.39 15.02 7.46 15.02 25.30 14.76 14.76 14.76 14.76 15.06 15.06 15.06 15.06 15.31 15.31 15.31 15.31 17.62 17.62 17.62 17.62 17.89 17.89 17.89 17.89 17.89 17.89 17.89 17.89 17.76 17.76 17.76 17.76 19.71 19.71 19.71 19.71 20.31 20.31 20.31 20.31 20.55 20.55 20.55 20.55 20.96 20.96 20.96 20.96 23.48 23.48 23.48 23.48 23.21 23.21 23.21 23.21 23.08 23.08 23.08 23.08 23.37 23.37 23.37 23.37 25.62 25.62
13.47 13.47 13.47 13.45 13.45 13.45 13.45 13.41 13.41 13.41 13.41 13.39 32.43 13.39 13.39 15.02 15.02 15.02 15.02 14.76 14.76 14.76 14.76 15.06 15.06 15.06 15.06 15.31 15.31 15.31 15.31 17.62 17.62 17.62 17.62 17.89 17.89 17.89 17.89 17.89 17.89 17.89 44.13 17.76 17.76 17.76 17.76 19.71 19.71 19.71 19.71 20.31 20.31 20.31 20.31 20.55 20.55 20.55 20.55 20.96 20.96 20.96 20.96 23.48 23.48 58.80 23.48 23.21 23.21 23.21 23.21 39.77 23.08 23.08 23.08 23.37 23.37 23.37 23.37 25.62 25.62
22.36 13.47 13.47 22.33 13.45 13.45 13.45 13.41 13.41 13.41 13.41 13.39 13.39 13.39 13.39 15.02 15.02 15.02 15.02 14.76 14.76 14.76 14.76 15.06 15.06 15.06 15.06 15.31 15.31 15.31 15.31 17.62 17.62 17.62 17.62 17.89 17.89 17.89 17.89 57.98 30.13 52.21 17.89 17.76 29.89 17.76 17.76 19.71 19.71 19.71 19.71 20.31 20.31 20.31 20.31 20.55 20.55 20.55 20.55 20.96 20.96 20.96 20.96 23.48 23.48 23.48 58.61 23.21 23.21 23.21 23.21 23.08 23.08 23.08 23.08 23.37 23.37 23.37 23.37 25.62 25.62
13.47 13.47 13.47 22.14 13.45 13.45 13.45 13.41 13.41 22.11 13.41 13.39 13.39 13.39 13.39 15.02 15.02 15.02 15.02 14.76 14.76 14.76 14.76 15.06 15.06 15.06 15.06 15.31 15.31 15.31 15.31 17.62 17.62 17.62 17.62 17.89 17.89 17.89 44.22 17.89 17.89 17.89 17.89 17.76 17.76 17.76 17.76 19.71 19.71 19.71 19.71 20.31 20.31 20.31 20.31 20.55 20.55 20.55 20.55 20.96 20.96 20.96 20.96 23.48 23.48 23.48 23.48 23.21 23.21 23.21 23.21 23.08 23.08 23.08 23.08 23.37 23.37 23.37 23.37 25.62 25.62
13.28 13.28 13.28 13.13 13.13 13.13 21.44 13.14 13.14 13.14 13.14 13.02 13.02 13.02 13.02 14.74 14.74 14.74 14.74 15.15 15.15 15.15 15.15 15.53 15.53 15.53 15.53 16.06 16.06 16.06 16.06 18.29 18.29 18.29 18.29 18.30 18.30 18.30 30.25 17.80 17.80 17.80 17.80 17.74 17.74 17.74 17.74 20.58 20.58 20.58 20.58 20.93 20.93 20.93 20.93 21.18 21.18 21.18 21.18 21.45 21.45 21.45 21.45 23.85 23.85 23.85 40.92 23.35 40.21 23.35 23.35 23.19 23.19 23.19 23.19 23.55 23.55 23.55 23.55 25.82 25.82
13.28 13.28 13.28 13.13 13.13 13.13 13.13 13.14 13.14 13.14 13.14 13.02 13.02 21.34 13.02 14.74 14.74 14.74 14.74 15.15 15.15 15.15 15.15 15.53 15.53 15.53 15.53 16.06 16.06 16.06 16.06 18.29 18.29 18.29 18.29 18.30 18.30 18.30 18.30 17.80 17.80 17.80 17.80 17.74 17.74 17.74 17.74 20.58 20.58 20.58 20.58 20.93 20.93 20.93 20.93 21.18 21.18 21.18 21.18 21.45 21.45 21.45 21.45 23.85 23.85 23.85 23.85 23.35 23.35 23.35 23.35 23.19 23.19 23.19 23.19 23.55 23.55 23.55 23.55 25.82 25.82
13.28 13.28 13.28 13.13 13.13 21.44 13.13 13.14 13.14 13.14 13.14 13.02 13.02 13.02 13.02 14.74 14.74 14.74 14.74 15.15 15.15 15.15 15.15 15.53 15.53 15.53 15.53 16.06 16.06 16.06 16.06 18.29 18.29 18.29 18.29 18.30 18.30 18.30 18.30 17.80 17.80 17.80 17.80 17.74 17.74 17.74 17.74 20.58 20.58 20.58 20.58 20.93 20.93 20.93 20.93 21.18 21.18 21.18 21.18 21.45 21.45 21.45 21.45 23.85 23.85 23.85 23.85 23.35 23.35 23.35 25.06 23.19 23.19 23.19 23.19 23.55 23.55 23.55 23.55 25.82 25.82
13.28 13.28 13.28 13.13 13.13 13.13 13.13 13.14 13.14 13.14 13.14 30.88 13.02 13.02 13.02 14.74 14.74 14.74 14.74 15.15 15.15 15.15 15.15 15.53 15.53 15.53 15.53 16.06 16.06 16.06 16.06 18.29 18.29 18.29 18.29 18.30 45.84 18.30 30.25 17.80 17.80 17.80 17.80 17.74 17.74 17.74 17.74 20.58 20.58 20.58 20.58 20.93 20.93 20.93 20.93 21.18 21.18 21.18 21.18 21.45 21.45 21.45 21.45 23.85 23.85 59.71 23.85 23.35 69.32 12.45 23.35 23.19 23.19 23.19 23.19 23.55 23.55 23.55 23.55 25.82 25.82
12.34 12.34 13.03 12.25 12.25 12.25 12.25 13.13 13.13 13.13 13.13 13.21 13.21 13.21 13.21 15.13 15.13 15.13 15.13 16.00 16.00 16.00 16.00 16.46 16.46 16.46 16.46 16.62 16.62 16.62 16.62 18.57 18.57 18.57 18.57 18.26 18.26 18.26 18.26 17.86 17.86 17.86 17.86 17.89 17.89 17.89 17.89 20.91 20.91 20.91 20.91 21.35 21.35 21.35 21.35 21.59 21.59 21.59 21.59 21.68 21.68 21.68 21.68 23.83 23.83 23.83 40.81 40.00 23.21 23.21 23.21 23.16 12.34 12.34 23.16 23.53 23.53 23.53 23.53 25.86 25.86
12.34 19.67 12.34 21.89 16.08 12.25 12.25 13.13 13.13 13.13 13.13 21.88 13.21 13.21 13.21 15.13 15.13 7.52 15.13 16.00 16.00 16.00 16.00 16.46 16.46 16.46 16.46 16.62 16.62 16.62 16.62 18.57 18.57 18.57 18.57 45.93 30.51 18.26 18.26 17.86 17.86 17.86 17.86 17.89 17.89 17.89 17.89 20.91 20.91 20.91 20.91 21.35 21.35 21.35 21.35 21.59 21.59 21.59 21.59 21.68 21.68 21.68 21.68 23.83 23.83 23.83 23.83 23.21 23.21 23.21 23.21 23.16 23.16 23.16 23.16 23.53 23.53 23.53 23.53 25.86 25.86
12.22 12.22 12.22 12.12 12.12 12.12 12.12 12.24 12.24 12.12 12.12 12.88 21.56 12.88 12.88 13.58 13.58 13.58 13.58 14.40 14.40 14.40 14.40 14.83 14.83 14.83 14.83 14.99 14.99 14.99 7.39 16.48 16.48 16.48 16.48 16.20 27.10 16.20 16.20 15.54 15.54 15.54 15.54 16.10 16.10 28.16 16.10 18.21 18.21 18.21 18.21 18.53 18.53 18.53 18.53 18.75 18.75 18.75 18.75 18.82 18.82 18.82 32.86 20.62 20.62 20.62 20.62 19.78 37.58 19.78 19.78 19.73 19.73 19.73 19.73 20.24 20.24 20.24 20.24 23.30 23.30
12.22 19.35 12.22 12.12 12.12 12.12 12.12 12.24 12.24 12.24 12.24 12.33 12.88 12.88 12.88 13.58 13.58 13.58 13.58 14.40 14.40 14.40 14.40 14.83 14.83 14.83 14.83 14.99 14.99 14.99 14.99 16.48 16.48 16.48 16.48 16.20 16.20 16.20 16.20 15.54 15.54 15.54 15.54 26.92 26.92 16.10 16.10 18.21 18.21 18.21 18.21 18.53 18.53 18.53 18.53 18.75 18.75 18.75 18.75 18.82 18.82 18.82 9.67 20.62 20.62 20.62 20.62 19.78 19.78 19.78 19.78 19.73 19.73 19.73 19.73 20.24 20.24 20.24 20.24 23.30 40.30
12.11 12.11 12.11 12.18 12.18 12.18 12.18 12.35 12.35 12.35 12.35 12.40 23.81 12.40 12.40 13.76 13.76 13.76 13.76 14.57 14.57 14.57 14.57 15.08 15.08 15.08 15.08 15.23 15.23 15.23 15.23 16.50 16.50 16.50 16.50 15.55 15.55 15.55 15.55 15.55 15.55 15.55 15.55 16.12 16.12 16.12 16.12 18.13 18.13 18.13 18.13 18.60 18.60 18.60 18.60 18.90 18.90 18.90 18.90 18.76 18.76 18.76 18.76 20.18 20.18 20.18 20.18 19.64 19.64 19.64 19.64 19.68 19.68 19.68 19.68 19.85 19.85 19.85 19.85 23.20 23.20
12.11 12.11 12.11 12.18 12.18 12.18 12.18 12.35 12.35 12.35 12.35 12.40 12.40 12.40 12.40 13.45 13.45 13.45 13.76 14.57 14.57 14.57 14.57 15.08 15.08 15.08 15.08 15.23 15.23 15.23 8.28 8.31 16.50 16.50 16.50 15.55 15.55 15.55 15.55 15.55 15.55 15.55 15.55 16.12 16.12 16.12 16.12 18.13 18.13 18.13 18.13 46.18 18.60 18.60 18.60 18.90 18.90 9.71 10.86 18.76 18.76 18.76 18.76 20.18 20.18 20.18 35.48 19.64 19.64 19.64 19.64 19.68 19.68 19.68 19.68 19.85 19.85 19.85 19.85 23.20 40.11
12.11 12.11 12.11 12.18 12.18 12.18 12.18 12.35 12.35 12.35 12.35 12.40 12.40 12.40 12.40 13.45 13.45 13.45 13.45 13.91 13.91 13.91 14.57 15.08 15.08 15.08 15.08 15.23 15.23 15.23 8.28 13.12 17.34 16.50 8.31 15.55 15.55 15.55 15.55 15.55 15.55 15.55 15.55 16.12 16.12 16.12 16.12 18.13 18.13 18.13 18.13 30.99 18.60 18.60 18.60 18.90 18.90 18.90 18.90 18.76 18.76 18.76 18.76 20.18 20.18 20.18 35.48 19.64 19.64 19.64 19.64 19.68 19.68 19.68 19.68 19.85 19.85 19.85 19.85 23.20 23.20
12.11 12.11 26.55 12.18 12.18 12.18 12.18 19.57 12.35 12.35 12.35 5.30 19.64 12.40 12.40 13.45 13.45 13.45 13.45 13.91 13.91 13.91 13.91 15.33 15.33 15.08 15.08 15.23 26.23 27.10 16.48 7.61 7.61 17.34 16.50 15.55 15.55 15.55 15.55 15.55 15.55 15.55 15.55 12.80 16.12 16.12 26.96 18.13 18.13 18.13 18.13 18.60 18.60 18.60 31.36 18.90 18.90 18.90 32.99 18.76 18.76 18.76 18.76 10.44 20.18 20.18 20.18 19.64 19.64 19.64 19.64 19.68 19.68 19.68 19.68 35.44 19.85 19.85 19.85 23.20 23.20
11.92 11.92 11.92 12.21 12.21 12.21 12.21 12.40 12.40 12.40 12.40 12.43 12.43 12.43 12.43 13.45 13.45 13.45 13.45 14.00 14.00 14.00 14.00 15.48 15.48 15.48 15.48 20.52 15.23 8.28 7.05 7.61 17.28 27.40 16.37 15.48 15.48 15.48 15.48 15.55 15.55 5.85 5.85 12.82 16.16 16.16 16.16 17.99 17.99 17.99 17.99 18.44 18.44 18.44 30.98 18.83 18.83 18.83 47.21 18.56 18.56 18.56 18.56 19.81 19.81 19.81 19.81 19.66 19.66 19.66 34.35 19.64 19.64 19.64 19.64 20.95 19.66 19.66 19.66 22.56 22.56
11.92 11.92 19.15 12.21 12.21 12.21 12.21 12.40 12.40 12.40 12.40 12.43 5.32 12.43 12.43 13.45 13.45 13.45 13.45 14.00 33.27 14.00 14.00 15.48 15.48 15.48 15.48 15.49 15.49 7.10 7.33 17.28 18.48 16.37 16.37 15.48 15.48 15.48 15.48 15.55 15.55 5.85 5.85 6.15 6.15 27.03 16.16 17.99 17.99 17.99 17.99 18.44 18.44 18.44 18.44 18.83 18.83 19.47 19.47 18.56 31.29 18.56 32.48 19.81 19.81 19.81 19.81 19.66 19.66 19.66 19.66 19.64 19.64 19.64 19.64 19.66 19.66 19.66 19.66 22.56 22.56
11.92 11.92 11.92 12.21 12.21 12.21 12.21 12.40 12.40 12.40 12.40 12.43 12.43 12.43 12.43 13.45 13.45 13.45 13.45 14.00 14.00 14.00 14.00 15.48 15.67 15.48 16.90 15.67 15.49 7.10 15.49 7.31 7.69 15.85 15.85 15.48 15.48 15.48 15.48 15.55 15.55 15.55 5.85 6.15 6.15 6.15 16.16 17.99 17.99 17.99 17.99 18.44 18.44 18.44 18.44 18.83 32.87 19.47 19.47 18.56 18.56 18.56 18.56 19.81 19.81 10.26 19.81 19.66 19.66 19.66 19.66 19.64 19.64 19.64 19.64 19.66 19.66 19.66 19.66 22.56 22.56
11.92 11.92 11.92 12.21 12.21 12.21 12.21 12.40 12.40 12.40 12.40 12.43 12.43 19.72 12.43 13.45 13.45 13.45 13.45 14.00 33.25 14.00 14.00 15.67 15.67 5.15 4.40 15.95 15.49 15.49 15.49 15.85 15.85 16.60 41.72 15.16 15.16 15.16 15.48 15.55 15.55 15.55 5.85 6.15 9.28 6.15 6.15 45.19 17.99 17.99 17.99 18.44 18.44 18.44 18.44 18.83 18.83 18.83 34.43 18.56 18.56 18.56 18.56 19.81 19.81 10.26 19.81 19.66 10.87 10.87 19.66 19.64 19.64 19.64 19.64 19.66 19.66 10.18 19.66 22.56 22.56
