New_Model_Runs/input/ET_Process/sep_et_clipped.asc
ncols         700
nrows         400
xllcorner     515000
yllcorner     8409000
cellsize      50
NODATA_value  -9999
[rows 186 to 216 of 400, columns 345 to 413 of 700]
3.580644 3.592361 3.604002 3.615575 3.627084 3.638537 3.649934 3.661271 3.672553 3.683784 3.694973 3.706124 3.717248 3.72835 3.739438 3.750516 3.761588 3.772656 3.783719 3.794776 3.805825 3.816865 3.827897 3.838925 3.849959 3.861002 3.872073 3.883183 3.89436 3.905626 3.917004 3.928517 3.940184 3.95202 3.964029 3.976207 3.988533 4.000978 4.013506 4.026075 4.038638 4.051148 4.063559 4.075826 4.08791 4.099775 4.111392 4.122738 4.133796 4.144553 4.155001 4.165133 4.174943 4.184428 4.193589 4.202424 4.210931 4.219107 4.226959 4.234476 4.241663 4.248521 4.255056 4.261277 4.267193 4.272809 4.27814 4.2832 -9999
3.600983 3.612484 3.623891 3.635208 3.646442 3.657603 3.668696 3.67972 3.690683 3.701593 3.712461 3.723297 3.734113 3.744921 3.755729 3.766547 3.777382 3.788235 3.799112 3.810009 3.820926 3.831862 3.842818 3.853796 3.864805 3.87585 3.886948 3.898108 3.909356 3.920711 3.932194 3.943823 3.955614 3.967577 3.979712 3.992012 4.004458 4.017019 4.029657 4.042327 4.054985 4.06758 4.080065 4.092392 4.10452 4.116414 4.12804 4.139379 4.150411 4.161125 4.171514 4.181571 4.191296 4.200683 4.209731 4.218443 4.226818 4.234856 4.242555 4.249925 4.256956 4.263656 -9999 -9999 -9999 -9999 -9999 -9999 -9999
3.621842 3.633113 3.64427 3.65532 3.666274 3.67714 3.687926 3.698639 3.709286 3.719879 3.730432 3.740959 3.751476 3.761996 3.772532 3.783098 3.793702 3.80435 3.815044 3.825788 3.836576 3.847409 3.858287 3.869211 3.880188 3.891229 3.90234 3.913539 3.924837 3.936259 3.947821 3.959539 3.971423 3.98348 3.995708 4.008095 4.020622 4.033258 4.045965 4.058698 4.071407 4.084045 4.09656 4.108906 4.121037 4.132914 4.144511 4.155801 4.16677 4.177406 4.187703 4.197657 4.207266 4.216528 4.225446 4.234014 4.242239 4.250123 4.257664 4.26487 4.271736 4.278273 -9999 -9999 -9999 -9999 -9999 -9999 -9999
3.643214 3.654238 3.665135 3.675911 3.686577 3.697145 3.707627 3.71803 3.728367 3.738651 3.748895 3.759122 3.769346 3.779586 3.789859 3.800179 3.810559 3.821006 3.831523 3.842113 3.852772 3.863499 3.874293 3.885156 3.896091 3.907109 3.918217 3.929428 3.940755 3.952217 3.963828 3.975601 3.987543 3.999657 4.011938 4.024374 4.036941 4.04961 4.062343 4.075094 4.087815 4.100452 4.112956 4.125278 4.137369 4.149193 4.160719 4.171925 4.182795 4.193321 4.203496 4.21332 4.222789 4.231906 4.24067 4.249084 4.257144 4.264861 4.272233 4.279264 4.285965 4.292334 -9999 -9999 -9999 -9999 -9999 -9999 -9999
3.665076 3.67584 3.686467 3.696963 3.70734 3.71761 3.727789 3.737887 3.74792 3.757901 3.76785 3.777784 3.787725 3.797695 3.807711 3.817792 3.827952 3.838201 3.848542 3.858976 3.869503 3.880116 3.890816 3.901602 3.912479 3.923452 3.934535 3.945732 3.95706 3.968526 3.980151 3.99194 4.0039 4.01603 4.028323 4.040764 4.053329 4.065988 4.078702 4.091429 4.104115 4.116711 4.129161 4.141417 4.15343 4.165162 4.176581 4.187668 4.198409 4.208797 4.218826 4.228495 4.237806 4.246758 4.255354 4.263597 4.271488 4.279027 4.286224 4.293082 4.299605 4.305808 -9999 -9999 -9999 -9999 -9999 -9999 -9999
3.687399 3.697891 3.708239 3.71845 3.728536 3.73851 3.748391 3.758192 3.767928 3.777617 3.787279 3.796934 3.806603 3.816312 3.826079 3.835927 3.845871 3.855923 3.866087 3.876363 3.886746 3.897236 3.907826 3.918517 3.929313 3.940219 3.951244 3.962396 3.973687 3.985125 3.996723 4.008489 4.020423 4.032525 4.044785 4.057186 4.069704 4.082308 4.094959 4.107613 4.120222 4.132731 4.145086 4.157237 4.169135 4.180738 4.192018 4.202955 4.21354 4.223765 4.233626 4.243124 4.252259 4.261034 4.269451 4.277513 4.285223 4.292586 4.299602 4.306284 -9999 -9999 -9999 -9999 -9999 -9999 -9999 -9999 -9999
3.710144 3.720354 3.730415 3.740337 3.750132 3.759814 3.769402 3.778914 3.788365 3.797773 3.807159 3.816546 3.825958 3.835416 3.844944 3.854566 3.864297 3.874152 3.884135 3.894244 3.904475 3.914822 3.925285 3.935859 3.946548 3.957356 3.968291 3.979364 3.99058 4.001951 4.013479 4.025176 4.037041 4.049068 4.061248 4.073563 4.085987 4.098489 4.111031 4.123568 4.136051 4.148431 4.16065 4.172656 4.184402 4.195844 4.206954 4.217717 4.228123 4.238165 4.247842 4.257154 4.266102 4.27469 4.282919 4.290795 4.29832 4.305501 4.31234 4.318846 -9999 -9999 -9999 -9999 -9999 -9999 -9999 -9999 -9999
3.733266 3.743183 3.752952 3.762582 3.772086 3.781479 3.790782 3.800014 3.809191 3.818331 3.827457 3.836591 3.845756 3.854977 3.864276 3.873678 3.8832 3.892859 3.902654 3.912587 3.92265 3.932837 3.943148 3.953578 3.964131 3.974809 3.98562 3.996575 4.007677 4.018934 4.030351 4.041934 4.053683 4.065589 4.077642 4.089823 4.102105 4.114458 4.126844 4.139218 4.151533 4.163737 4.175778 4.187603 4.19916 4.210411 4.221328 4.231894 4.242103 4.251948 4.261428 4.270543 4.279296 4.287689 4.295727 4.303413 4.310753 4.317753 4.324418 4.33075 -9999 -9999 -9999 -9999 -9999 -9999 -9999 -9999 -9999
3.756716 3.766329 3.775799 3.785134 3.794349 3.803458 3.812483 3.821445 3.830359 3.839246 3.848125 3.857021 3.865956 3.874952 3.884035 3.893225 3.902542 3.912 3.921602 3.931345 3.941222 3.951229 3.961362 3.971621 3.982006 3.992521 4.003172 4.013968 4.024913 4.036016 4.047279 4.058701 4.070285 4.082024 4.093902 4.105901 4.117995 4.130153 4.142337 4.154503 4.166605 4.178593 4.190414 4.202018 4.213355 4.224388 4.235089 4.245442 4.255439 4.265075 4.274348 4.283259 4.291811 4.300007 4.30785 4.315348 4.322504 4.329324 4.335816 4.341988 -9999 -9999 -9999 -9999 -9999 -9999 -9999 -9999 -9999
3.780438 3.789738 3.798902 3.80794 3.816866 3.825695 3.83445 3.843151 3.851816 3.860462 3.869111 3.877784 3.886503 3.89529 3.904166 3.913154 3.922269 3.931524 3.940923 3.950463 3.960137 3.969941 3.979871 3.989928 4.000114 4.010431 4.020885 4.031481 4.042231 4.053134 4.064196 4.075414 4.08679 4.098313 4.109971 4.121743 4.133603 4.145521 4.157458 4.169374 4.181221 4.192952 4.204516 4.215866 4.226954 4.237744 4.248209 4.258332 4.268105 4.277521 4.28658 4.295282 4.30363 4.311626 4.319277 4.326587 4.333561 4.340208 -9999 -9999 -9999 -9999 -9999 -9999 -9999 -9999 -9999 -9999 -9999
3.804374 3.813351 3.822203 3.83094 3.839578 3.848131 3.856622 3.865072 3.873499 3.881919 3.890352 3.898817 3.907334 3.915924 3.924606 3.933398 3.942315 3.951363 3.960552 3.969875 3.979329 3.988909 3.998613 4.00844 4.018395 4.028479 4.038698 4.049059 4.05957 4.070232 4.08105 4.092023 4.103142 4.114406 4.125799 4.1373 4.148882 4.160518 4.172168 4.183793 4.195348 4.206787 4.218061 4.229126 4.239939 4.250464 4.260673 4.270552 4.280087 4.289275 4.298114 4.306603 4.314744 4.322542 4.330001 4.337127 4.343926 4.350404 -9999 -9999 -9999 -9999 -9999 -9999 -9999 -9999 -9999 -9999 -9999
3.828461 3.837105 3.845637 3.854071 3.86242 3.870701 3.878934 3.887143 3.895342 3.903548 3.911779 3.92005 3.92838 3.936785 3.945282 3.953884 3.962604 3.971447 3.980416 3.989513 3.99873 4.008067 4.017521 4.027093 4.036785 4.046605 4.056555 4.066643 4.076877 4.087259 4.097791 4.108473 4.119298 4.13026 4.141346 4.152534 4.1638 4.175114 4.186439 4.197738 4.208966 4.220081 4.231037 4.241791 4.252304 4.262544 4.272481 4.2821 4.291388 4.30034 4.308952 4.317224 4.325159 4.332759 4.340029 4.346976 -9999 -9999 -9999 -9999 -9999 -9999 -9999 -9999 -9999 -9999 -9999 -9999 -9999
3.852637 3.860935 3.86914 3.877266 3.885326 3.893337 3.90132 3.909295 3.917277 3.925281 3.933321 3.941411 3.949566 3.957796 3.966116 3.974535 3.98306 3.991696 4.000443 4.009303 4.018272 4.027348 4.036531 4.045824 4.055228 4.064752 4.074401 4.084182 4.094101 4.104167 4.114376 4.124729 4.135219 4.145842 4.156582 4.16742 4.178332 4.189288 4.200255 4.211195 4.222067 4.232831 4.243443 4.253865 4.264057 4.273993 4.283643 4.292988 4.302018 4.310725 4.319106 4.32716 4.334887 4.342291 4.349376 4.356148 -9999 -9999 -9999 -9999 -9999 -9999 -9999 -9999 -9999 -9999 -9999 -9999 -9999
3.876834 3.884774 3.892643 3.900456 3.908227 3.915969 3.923705 3.931456 3.939232 3.947046 3.954907 3.962829 3.970818 3.978884 3.987035 3.995275 4.003609 4.012038 4.020562 4.029178 4.037886 4.046688 4.055583 4.064573 4.073666 4.082868 4.092187 4.10163 4.111204 4.120917 4.130767 4.140757 4.150881 4.161126 4.171486 4.18194 4.192465 4.203032 4.21361 4.224163 4.234653 4.245042 4.255289 4.265358 4.275213 4.284826 4.294175 4.303236 4.311999 4.320455 4.328599 4.336432 4.343952 4.351161 4.358065 4.364667 -9999 -9999 -9999 -9999 -9999 -9999 -9999 -9999 -9999 -9999 -9999 -9999 -9999
3.900982 3.908551 3.916076 3.923571 3.931051 3.938529 3.946024 3.953556 3.961135 3.96877 3.976466 3.984229 3.992065 3.999977 4.007967 4.016035 4.024181 4.032403 4.040701 4.049071 4.057512 4.066026 4.074617 4.083289 4.092049 4.100905 4.109868 4.118947 4.128147 4.137478 4.14694 4.156534 4.166256 4.176096 4.186045 4.196085 4.206194 4.216345 4.226508 4.23665 4.246736 4.256729 4.266593 4.276291 4.285795 4.295074 4.304107 4.312873 4.32136 4.329559 4.337463 4.345072 4.352384 4.359401 4.366127 4.372565 -9999 -9999 -9999 -9999 -9999 -9999 -9999 -9999 -9999 -9999 -9999 -9999 -9999
3.925008 3.932194 3.939366 3.94654 3.953729 3.960945 3.968205 3.975528 3.98292 3.990386 3.997928 4.005547 4.013242 4.021008 4.028845 4.036747 4.044711 4.05273 4.060802 4.068923 4.077093 4.08531 4.093585 4.101923 4.110334 4.118826 4.127411 4.136102 4.144904 4.153824 4.162873 4.172045 4.181339 4.190746 4.200258 4.209858 4.219526 4.229237 4.238963 4.248673 4.258336 4.267916 4.27738 4.286695 4.295833 4.304766 4.313473 4.321936 4.330139 4.338075 4.345736 4.353119 4.360223 4.36705 -9999 -9999 -9999 -9999 -9999 -9999 -9999 -9999 -9999 -9999 -9999 -9999 -9999 -9999 -9999
3.948834 3.955627 3.96244 3.969291 3.976191 3.98315 3.990183 3.997307 4.004523 4.011834 4.019234 4.02672 4.034284 4.041918 4.049612 4.057356 4.065144 4.072964 4.080812 4.088684 4.096578 4.104496 4.112447 4.12044 4.128485 4.136599 4.144789 4.15307 4.161455 4.169948 4.178558 4.187284 4.196127 4.205081 4.21413 4.223269 4.232475 4.241726 4.250997 4.260259 4.269481 4.278634 4.287685 4.296605 4.305366 4.313943 4.322316 4.330467 4.338382 4.346048 4.353462 4.360619 4.367515 4.374153 -9999 -9999 -9999 -9999 -9999 -9999 -9999 -9999 -9999 -9999 -9999 -9999 -9999 -9999 -9999
3.97238 3.978771 3.985224 3.991753 3.998369 4.005079 4.011896 4.018832 4.025887 4.033056 4.040329 4.047696 4.055143 4.062655 4.070218 4.077816 4.085433 4.093061 4.10069 4.108314 4.115932 4.123548 4.131169 4.138809 4.146482 4.154202 4.161985 4.169844 4.177793 4.185839 4.193994 4.202256 4.210629 4.219107 4.227678 4.236337 4.245064 4.253839 4.262639 4.271438 4.280209 4.288922 4.297549 4.306064 4.314439 4.322652 4.330684 4.338516 4.346135 4.35353 -9999 -9999 -9999 -9999 -9999 -9999 -9999 -9999 -9999 -9999 -9999 -9999 -9999 -9999 -9999 -9999 -9999 -9999 -9999
3.995564 4.001552 4.007644 4.013856 4.020199 4.026673 4.033288 4.040053 4.046963 4.054007 4.061169 4.068434 4.075778 4.083183 4.090625 4.098086 4.105546 4.11299 4.120404 4.127784 4.135128 4.14244 4.149732 4.157014 4.164307 4.171627 4.178991 4.186417 4.193916 4.201504 4.209189 4.216973 4.224861 4.232847 4.240926 4.24909 4.257325 4.265611 4.273928 4.282253 4.29056 4.298825 4.30702 4.315121 4.323103 4.330946 4.33863 4.346138 4.353457 4.360578 -9999 -9999 -9999 -9999 -9999 -9999 -9999 -9999 -9999 -9999 -9999 -9999 -9999 -9999 -9999 -9999 -9999 -9999 -9999
4.018303 4.023891 4.029633 4.035542 4.041625 4.047879 4.054312 4.060926 4.067711 4.074651 4.081723 4.088902 4.096162 4.103474 4.110811 4.118147 4.125459 4.132727 4.139936 4.147078 4.154151 4.161162 4.168122 4.175047 4.181958 4.188873 4.195813 4.202796 4.20984 4.216959 4.224162 4.231457 4.238847 4.246333 4.253906 4.261565 4.269296 4.277082 4.284907 4.292749 4.300586 4.308394 4.316151 4.323832 4.331416 4.338882 4.346213 4.353394 -9999 -9999 -9999 -9999 -9999 -9999 -9999 -9999 -9999 -9999 -9999 -9999 -9999 -9999 -9999 -9999 -9999 -9999 -9999 -9999 -9999
4.040516 4.045719 4.051128 4.056754 4.062599 4.068658 4.074931 4.081419 4.088106 4.094965 4.101969 4.109085 4.11628 4.123518 4.130764 4.137989 4.145164 4.152267 4.159279 4.166191 4.172999 4.179713 4.186345 4.192916 4.199443 4.205953 4.212465 4.219002 4.225584 4.232224 4.238939 4.245737 4.252622 4.259597 4.266661 4.273804 4.281023 4.288302 4.295628 4.302981 4.310341 4.317688 4.325 4.332256 4.339437 4.346522 4.353498 4.360346 -9999 -9999 -9999 -9999 -9999 -9999 -9999 -9999 -9999 -9999 -9999 -9999 -9999 -9999 -9999 -9999 -9999 -9999 -9999 -9999 -9999
4.062135 4.066976 4.072076 4.077446 4.083084 4.088978 4.095124 4.101518 4.108134 4.114942 4.121905 4.128983 4.136134 4.143317 4.15049 4.157619 4.16467 4.171618 4.178442 4.185132 4.191685 4.198107 4.204416 4.210634 4.216784 4.222887 4.228972 4.235062 4.241177 4.247337 4.253559 4.259854 4.266228 4.272686 4.279232 4.285854 4.292557 4.299325 -9999 -9999 -9999 -9999 -9999 -9999 -9999 -9999 -9999 -9999 -9999 -9999 -9999 -9999 -9999 -9999 -9999 -9999 -9999 -9999 -9999 -9999 -9999 -9999 -9999 -9999 -9999 -9999 -9999 -9999 -9999
4.083102 4.087613 4.092441 4.097591 4.103058 4.108825 4.114882 4.121218 4.1278 4.13459 4.141543 4.14861 4.155743 4.162892 4.170012 4.177059 4.184 4.190804 4.197451 4.203927 4.210231 4.216371 4.222365 4.228235 4.234009 4.23971 4.245369 4.251011 4.25666 4.262336 4.268063 4.273852 4.279711 4.28565 4.291673 4.297774 4.303956 4.310209 -9999 -9999 -9999 -9999 -9999 -9999 -9999 -9999 -9999 -9999 -9999 -9999 -9999 -9999 -9999 -9999 -9999 -9999 -9999 -9999 -9999 -9999 -9999 -9999 -9999 -9999 -9999 -9999 -9999 -9999 -9999
4.103381 4.107604 4.112203 4.117177 4.122519 4.128204 4.134216 4.140537 4.147126 4.153937 4.160914 4.168003 4.175143 4.182282 4.189367 4.196351 4.203195 4.209867 4.216345 4.222617 4.228681 4.234546 4.240232 4.245762 4.251164 4.256469 4.261702 4.266897 4.27208 4.277274 4.2825 4.287784 4.293127 4.298545 4.304043 4.309621 4.315282 4.321018 -9999 -9999 -9999 -9999 -9999 -9999 -9999 -9999 -9999 -9999 -9999 -9999 -9999 -9999 -9999 -9999 -9999 -9999 -9999 -9999 -9999 -9999 -9999 -9999 -9999 -9999 -9999 -9999 -9999 -9999 -9999
4.12296 4.126944 4.131365 4.136218 4.141485 4.14714 4.153158 4.159512 4.166154 4.173028 4.180068 4.187211 4.19439 4.201544 4.208614 4.215552 4.222313 4.228865 4.235185 4.241261 4.247092 4.252689 4.258072 4.263267 4.268303 4.273211 4.278023 4.282773 4.287491 4.292203 4.296933 4.301706 4.306535 4.311431 4.316405 4.321459 4.326598 4.331819 -9999 -9999 -9999 -9999 -9999 -9999 -9999 -9999 -9999 -9999 -9999 -9999 -9999 -9999 -9999 -9999 -9999 -9999 -9999 -9999 -9999 -9999 -9999 -9999 -9999 -9999 -9999 -9999 -9999 -9999 -9999
4.141853 4.145658 4.14996 4.154748 4.160001 4.165683 4.171762 4.178204 4.184949 4.191931 4.199075 4.206308 4.213556 4.220751 4.227828 4.234735 4.241428 4.247871 4.254041 4.259928 4.265533 4.270867 4.275952 4.280814 4.285486 4.290001 4.294395 4.298701 4.302955 4.307185 4.311419 4.315685 4.319998 4.324374 4.328824 4.333357 -9999 -9999 -9999 -9999 -9999 -9999 -9999 -9999 -9999 -9999 -9999 -9999 -9999 -9999 -9999 -9999 -9999 -9999 -9999 -9999 -9999 -9999 -9999 -9999 -9999 -9999 -9999 -9999 -9999 -9999 -9999 -9999 -9999
4.160115 4.163804 4.168052 4.172838 4.17814 4.183911 4.190112 4.196697 4.203598 4.210735 4.218025 4.225385 4.232733 4.239993 4.247097 4.253992 4.260626 4.266968 4.272997 4.278701 4.284082 4.289156 4.293943 4.298475 4.302783 4.306906 4.310882 4.314744 4.318534 4.322284 4.326024 4.329782 4.33358 4.337438 4.341367 4.345378 -9999 -9999 -9999 -9999 -9999 -9999 -9999 -9999 -9999 -9999 -9999 -9999 -9999 -9999 -9999 -9999 -9999 -9999 -9999 -9999 -9999 -9999 -9999 -9999 -9999 -9999 -9999 -9999 -9999 -9999 -9999 -9999 -9999
4.17784 4.181477 4.185733 4.19059 4.196004 4.20193 4.208315 4.215103 4.222212 4.229552 4.23703 4.244551 4.252027 4.259376 4.266526 4.273418 4.280006 4.286255 4.292144 4.297667 4.302826 4.307638 4.312127 4.316325 4.320269 4.323998 4.327553 4.330975 4.334299 4.337568 4.340813 4.344065 4.347353 4.350691 -9999 -9999 -9999 -9999 -9999 -9999 -9999 -9999 -9999 -9999 -9999 -9999 -9999 -9999 -9999 -9999 -9999 -9999 -9999 -9999 -9999 -9999 -9999 -9999 -9999 -9999 -9999 -9999 -9999 -9999 -9999 -9999 -9999 -9999 -9999
4.195168 4.198817 4.203149 4.208137 4.213735 4.219881 4.226511 4.233559 4.240929 4.248518 4.256221 4.263935 4.271564 4.279019 4.286229 4.293129 4.299675 4.305832 4.311582 4.316919 4.321853 4.326399 4.330585 4.334445 4.33802 4.341351 4.344482 4.347458 4.350319 4.353106 4.355857 4.358604 4.361381 4.364203 -9999 -9999 -9999 -9999 -9999 -9999 -9999 -9999 -9999 -9999 -9999 -9999 -9999 -9999 -9999 -9999 -9999 -9999 -9999 -9999 -9999 -9999 -9999 -9999 -9999 -9999 -9999 -9999 -9999 -9999 -9999 -9999 -9999 -9999 -9999
4.212289 4.216008 4.220483 4.225668 4.231514 4.237939 4.244874 4.252234 4.259911 4.267788 4.275749 4.283681 4.291481 4.299057 4.306332 4.313243 4.319745 4.325808 4.331412 4.336559 4.341257 4.345528 4.349402 4.352917 4.356115 4.359041 4.361744 4.36427 4.366664 4.368967 4.371222 4.373465 -9999 -9999 -9999 -9999 -9999 -9999 -9999 -9999 -9999 -9999 -9999 -9999 -9999 -9999 -9999 -9999 -9999 -9999 -9999 -9999 -9999 -9999 -9999 -9999 -9999 -9999 -9999 -9999 -9999 -9999 -9999 -9999 -9999 -9999 -9999 -9999 -9999
4.229464 4.233306 4.237967 4.243408 4.249552 4.256317 4.263603 4.27132 4.279342 4.287539 4.295783 4.30395 4.311932 4.319632 4.326971 4.333888 4.340338 4.346293 4.351742 4.356683 4.361133 4.365115 4.368664 4.371821 4.374632 4.377144 4.37941 4.381479 4.383399 4.385216 4.386975 4.388712 -9999 -9999 -9999 -9999 -9999 -9999 -9999 -9999 -9999 -9999 -9999 -9999 -9999 -9999 -9999 -9999 -9999 -9999 -9999 -9999 -9999 -9999 -9999 -9999 -9999 -9999 -9999 -9999 -9999 -9999 -9999 -9999 -9999 -9999 -9999 -9999 -9999
