New_Model_Runs/5_FutureClimate_BASE_out/post_prcessed_no_MFR/runoff_annual.asc
NCOLS 700
NROWS 400
XLLCENTER 515000.000000
YLLCENTER 8409000.000000
CELLSIZE 50.000000
NODATA_value -999.000000
[rows 144 to 179 of 400, columns 324 to 404 of 700]
30.95 30.95 30.95 13.93 14.57 11.92 19.16 32.16 19.16 28.72 28.72 28.72 49.64 19.15 19.15 19.15 13.23 13.23 27.68 27.68 27.41 27.41 27.41 27.41 47.34 7.68 7.68 29.07 12.74 12.74 12.74 24.45 12.74 12.74 24.41 10.88 10.88 24.41 24.41 0.00 0.00 0.00 0.00 0.00 0.00 0.00 0.00 0.00 0.00 0.00 0.00 0.00 0.00 0.00 0.00 0.00 0.00 0.00 0.00 0.00 0.00 0.00 0.00 0.00 0.00 0.00 0.00 0.00 0.00 0.00 0.00 0.00 0.00 0.00 0.00 0.00 0.00 0.00 0.00 0.00 0.00
30.95 30.95 30.95 30.95 32.16 19.16 32.16 32.16 28.72 28.72 28.72 27.85 19.15 38.50 19.15 19.15 30.89 27.68 47.54 27.68 27.41 27.41 27.41 27.41 13.23 8.62 13.23 16.18 15.62 23.00 12.74 25.72 24.61 12.74 12.74 10.88 10.88 7.35 24.41 24.41 0.00 0.00 0.00 0.00 0.00 0.00 0.00 0.00 0.00 0.00 0.00 0.00 0.00 0.00 0.00 0.00 0.00 0.00 0.00 0.00 0.00 0.00 0.00 0.00 0.00 0.00 0.00 0.00 0.00 0.00 0.00 0.00 0.00 0.00 0.00 0.00 0.00 0.00 0.00 0.00 0.00
35.41 35.41 35.41 35.41 36.72 36.72 36.72 36.72 32.38 32.38 32.38 19.02 21.64 21.64 28.71 18.05 18.05 18.05 15.25 31.77 31.37 31.37 31.37 17.87 15.25 28.62 29.65 18.58 17.58 23.12 16.81 29.84 29.37 29.37 14.40 14.40 12.34 12.34 12.34 27.21 27.21 0.00 0.00 0.00 0.00 0.00 0.00 0.00 0.00 0.00 0.00 146.03 24.92 0.00 0.00 0.00 0.00 0.00 0.00 27.48 42.55 42.55 33.94 25.28 0.00 0.00 0.00 0.00 0.00 0.00 0.00 0.00 0.00 0.00 0.00 0.00 0.00 0.00 0.00 0.00 0.00
35.41 35.41 35.41 35.41 21.95 18.17 21.78 32.38 32.38 32.38 32.38 21.78 42.65 18.05 33.27 33.27 18.05 35.21 31.77 31.77 31.37 31.37 31.37 17.87 15.25 15.25 30.42 15.25 14.40 14.40 29.84 29.84 29.37 29.37 29.37 17.58 14.40 14.40 9.43 12.34 27.21 27.21 27.21 27.21 0.00 0.00 0.00 0.00 0.00 0.00 24.92 24.92 24.92 24.92 27.48 27.48 27.48 27.48 27.48 27.48 25.28 25.28 11.43 25.28 25.28 0.00 0.00 0.00 0.00 0.00 0.00 0.00 0.00 0.00 0.00 0.00 0.00 0.00 0.00 0.00 0.00
36.45 36.45 36.45 36.45 21.78 21.78 12.37 11.16 32.38 15.79 31.86 37.50 35.93 18.05 18.05 18.05 35.21 35.21 35.21 31.77 31.38 31.38 31.38 31.38 30.89 30.89 30.89 15.25 28.98 50.26 28.98 28.98 28.66 28.66 28.66 28.66 30.03 30.03 30.03 12.65 8.64 27.21 27.21 45.19 24.92 24.92 0.00 0.00 0.00 24.92 24.92 24.92 24.92 24.92 27.48 27.48 27.48 27.48 28.19 31.70 26.36 25.28 25.28 7.77 7.77 0.00 0.00 0.00 0.00 0.00 0.00 0.00 0.00 0.00 0.00 0.00 0.00 0.00 0.00 0.00 0.00
36.45 36.45 18.17 12.37 15.79 15.79 32.38 11.16 32.38 32.38 23.54 35.33 21.64 35.93 35.93 35.93 35.21 35.21 35.21 35.21 31.38 31.38 31.38 54.41 30.89 30.89 30.89 30.89 28.98 28.98 28.98 28.98 28.66 28.66 28.66 28.66 30.03 30.03 30.03 14.40 9.43 27.21 27.21 27.21 24.92 24.92 24.92 24.92 24.92 24.92 24.92 9.46 9.46 15.97 15.97 17.87 17.87 17.87 17.87 17.87 25.28 25.28 140.79 0.00 0.00 0.00 0.00 0.00 0.00 0.00 0.00 0.00 0.00 0.00 0.00 0.00 0.00 0.00 0.00 0.00 0.00
36.45 36.45 18.17 13.66 15.79 32.38 32.38 15.79 15.79 13.66 13.66 15.79 21.64 18.05 35.93 35.93 35.21 35.21 35.21 35.21 31.38 31.38 31.38 31.38 30.89 30.89 30.89 30.89 28.98 72.03 28.98 28.98 28.66 28.66 28.66 28.66 30.03 30.03 30.03 14.40 27.21 27.21 27.21 27.21 24.92 24.92 24.92 24.92 24.92 24.92 35.99 11.14 13.03 15.97 15.97 17.87 17.87 17.87 14.67 27.48 25.28 25.28 25.28 0.00 0.00 0.00 0.00 0.00 0.00 0.00 0.00 0.00 0.00 0.00 0.00 0.00 0.00 0.00 0.00 0.00 0.00
65.25 65.93 65.93 21.78 15.79 32.38 15.79 15.79 15.79 15.79 13.66 15.79 15.69 21.64 35.93 35.93 35.21 21.64 18.05 35.21 34.94 31.38 31.38 31.38 30.89 30.89 30.89 30.89 28.98 28.98 28.98 28.98 28.66 28.66 28.66 28.66 30.03 30.03 16.87 27.21 27.21 27.21 27.21 27.21 24.92 24.92 7.53 7.53 24.92 8.46 8.46 15.97 25.70 31.66 18.93 18.93 18.93 46.20 33.02 28.73 25.28 0.00 0.00 0.00 0.00 0.00 0.00 0.00 0.00 0.00 0.00 0.00 0.00 0.00 0.00 0.00 0.00 0.00 0.00 0.00 0.00
36.75 36.75 18.17 21.78 11.16 15.79 15.79 15.79 34.30 15.79 15.79 27.37 23.45 13.58 65.25 35.98 35.68 21.64 18.05 18.05 18.05 35.13 31.70 31.70 52.81 52.81 30.34 30.34 28.41 28.41 49.26 28.41 29.81 29.81 29.81 29.81 30.60 30.60 12.34 27.21 27.21 27.21 27.21 27.21 24.92 24.92 24.92 11.14 11.14 10.27 15.97 31.77 31.43 18.93 18.93 15.63 15.63 46.20 28.73 28.73 26.78 0.00 0.00 0.00 0.00 0.00 0.00 0.00 0.00 0.00 0.00 0.00 0.00 0.00 0.00 0.00 0.00 0.00 0.00 0.00 0.00
18.17 18.17 15.79 15.79 32.38 16.91 15.79 15.79 15.79 13.66 21.78 21.78 15.69 17.01 25.62 18.05 18.05 30.49 28.71 64.26 36.76 35.13 35.13 31.70 30.34 30.34 30.34 30.34 28.41 28.41 28.41 28.41 29.81 29.81 29.81 29.81 30.60 12.34 12.34 12.34 12.34 18.62 27.21 12.34 11.14 16.67 11.14 11.14 26.47 21.47 15.63 31.77 31.43 18.93 18.93 13.48 9.32 28.73 28.73 28.73 26.78 0.00 0.00 0.00 0.00 0.00 0.00 0.00 0.00 0.00 0.00 0.00 0.00 0.00 0.00 0.00 0.00 0.00 0.00 0.00 0.00
12.37 32.38 15.79 15.79 32.38 15.79 24.58 13.66 18.17 63.61 21.78 21.78 18.90 12.29 12.29 21.64 29.80 70.39 35.68 35.68 35.13 35.13 35.13 31.70 30.34 30.34 30.34 51.52 28.41 28.41 28.41 28.41 29.81 29.81 29.81 29.81 12.93 12.93 12.93 27.49 12.34 12.34 12.34 12.34 24.92 11.14 13.48 13.48 13.48 10.40 15.63 18.93 31.43 11.56 11.56 13.48 28.73 13.48 9.32 9.32 26.78 8.51 0.00 0.00 0.00 0.00 0.00 0.00 0.00 0.00 0.00 0.00 0.00 0.00 0.00 0.00 0.00 0.00 0.00 0.00 0.00
12.37 12.37 15.79 32.38 15.79 15.79 19.02 21.78 36.80 36.80 18.17 21.97 35.98 18.05 12.29 18.05 18.05 18.05 37.01 35.68 35.13 35.13 35.13 35.13 52.81 30.34 30.34 30.34 28.41 28.41 28.41 28.41 29.81 29.81 29.81 29.81 30.60 30.60 30.60 30.60 10.53 9.43 27.21 15.05 13.48 13.48 13.48 10.40 11.56 18.93 18.93 31.77 18.93 10.40 28.73 13.48 28.73 28.73 9.32 9.32 26.78 8.51 0.00 0.00 0.00 0.00 0.00 0.00 0.00 0.00 0.00 0.00 0.00 0.00 0.00 0.00 0.00 0.00 0.00 0.00 0.00
16.84 16.84 16.84 32.38 15.79 36.72 21.78 21.78 36.37 18.17 18.17 36.37 21.64 18.05 37.03 18.05 35.52 35.52 35.52 35.52 35.05 35.05 35.05 35.05 107.92 52.48 30.16 30.16 28.49 28.49 28.49 28.49 29.77 29.77 29.77 29.77 30.05 30.05 30.05 30.05 17.40 15.05 30.69 15.05 20.26 13.48 13.48 15.63 15.63 31.22 31.22 31.22 18.93 11.56 28.73 13.48 13.48 28.73 9.32 28.73 26.78 26.78 140.79 0.00 0.00 0.00 0.00 0.00 0.00 0.00 0.00 0.00 0.00 0.00 0.00 0.00 0.00 0.00 0.00 0.00 0.00
16.84 16.84 15.79 11.16 12.37 16.82 18.17 36.72 18.17 18.17 36.37 36.37 18.05 18.05 35.72 18.05 35.52 35.52 35.52 35.52 35.05 63.45 35.05 35.05 33.81 33.81 30.16 30.16 28.49 28.49 28.49 28.49 50.59 29.77 29.77 29.77 30.05 30.05 35.53 17.40 17.40 35.76 12.95 15.05 13.48 18.93 15.63 15.63 31.22 31.22 31.22 31.22 18.93 15.63 28.73 28.73 13.48 28.73 28.73 9.32 12.41 26.78 26.78 0.00 0.00 0.00 0.00 0.00 0.00 0.00 0.00 0.00 0.00 0.00 0.00 0.00 0.00 0.00 0.00 0.00 0.00
13.66 15.79 15.79 15.79 15.79 16.82 36.72 36.72 36.37 36.37 36.37 36.37 35.72 37.03 35.72 35.72 35.52 35.52 35.52 18.05 18.05 35.05 35.05 35.05 61.22 33.81 30.16 30.16 28.49 28.49 28.49 49.56 29.77 29.77 29.77 34.89 35.53 35.53 35.53 35.53 35.76 35.76 20.99 20.99 18.93 18.93 32.04 18.93 31.22 31.22 31.22 31.22 31.83 31.83 28.73 28.73 9.32 9.32 28.73 28.73 26.78 26.78 8.51 0.00 0.00 0.00 0.00 0.00 0.00 0.00 0.00 0.00 0.00 0.00 0.00 0.00 0.00 0.00 0.00 0.00 0.00
13.66 15.79 32.38 15.79 15.79 19.19 12.37 36.72 36.37 36.37 36.37 36.37 35.72 35.72 36.85 35.72 35.52 35.52 18.05 18.05 18.05 35.05 35.05 35.05 33.81 33.81 33.81 30.16 28.49 28.49 28.49 28.49 29.77 62.11 34.89 34.89 35.53 62.59 35.53 35.53 35.76 35.76 17.40 60.47 32.04 32.04 32.04 32.04 31.22 31.22 31.22 31.22 31.83 18.93 28.73 13.48 13.48 9.32 28.73 28.73 26.78 26.78 26.78 0.00 0.00 0.00 0.00 0.00 0.00 0.00 0.00 0.00 0.00 0.00 0.00 0.00 0.00 0.00 0.00 0.00 0.00
15.79 15.79 32.38 32.38 13.66 20.85 16.72 36.50 35.77 35.77 35.77 35.77 35.32 51.48 18.05 35.32 35.33 35.33 18.05 18.05 34.87 34.87 34.87 34.87 33.59 33.59 33.59 33.59 28.10 28.10 33.74 33.74 34.26 34.26 34.26 34.26 34.43 34.43 34.43 34.43 34.41 61.69 34.41 34.41 31.21 31.21 31.21 78.19 31.35 31.35 31.35 31.35 31.94 18.93 18.93 11.56 11.56 13.48 11.56 13.48 10.61 10.61 47.73 39.15 0.00 0.00 0.00 0.00 0.00 0.00 0.00 0.00 0.00 0.00 0.00 0.00 0.00 0.00 0.00 0.00 0.00
32.38 32.38 15.79 11.16 13.66 13.66 13.66 16.72 35.77 35.77 35.77 35.77 35.32 42.93 42.93 35.32 35.33 35.33 18.05 18.05 18.05 34.87 34.87 50.54 33.59 33.59 33.59 33.59 33.74 33.74 33.74 33.74 34.26 34.26 34.26 34.26 34.43 70.26 34.43 34.43 34.41 70.24 34.41 34.41 31.21 31.21 57.69 57.69 31.35 31.35 31.35 31.35 32.95 15.63 34.54 18.93 18.93 18.93 18.93 18.93 17.52 27.73 17.52 12.41 26.78 26.78 45.61 26.78 0.00 0.00 0.00 0.00 0.00 0.00 0.00 0.00 0.00 0.00 0.00 0.00 0.00
17.69 16.07 17.69 15.16 20.34 14.56 17.69 21.56 44.73 44.73 44.73 44.73 47.31 117.57 47.31 47.31 47.33 47.33 47.33 83.65 24.48 45.81 45.81 45.81 44.12 44.12 44.12 44.12 43.58 80.65 43.58 43.58 44.21 44.21 44.21 44.21 44.42 82.40 44.42 44.42 82.39 44.40 155.34 44.40 33.95 33.95 33.95 33.95 34.11 34.11 34.11 60.73 34.70 34.70 34.70 41.95 20.54 34.52 34.52 34.52 28.52 17.78 17.78 12.61 12.61 27.12 33.56 27.12 27.12 36.09 27.12 27.12 0.00 0.00 0.00 0.00 0.00 0.00 0.00 0.00 0.00
17.69 16.07 16.07 20.34 20.34 20.34 20.34 35.75 44.73 81.09 44.73 44.73 47.31 84.60 84.60 47.31 47.33 47.33 47.33 47.33 45.81 45.81 45.81 45.81 79.23 44.12 44.12 44.12 43.58 43.58 43.58 43.58 44.21 44.21 44.21 44.21 44.42 44.42 44.42 44.42 44.40 44.40 82.19 44.40 33.95 33.95 33.95 33.95 34.11 34.11 60.85 34.11 34.70 34.70 34.70 34.70 34.52 34.52 34.52 34.52 28.52 28.52 28.52 8.67 8.76 8.67 27.12 27.12 27.12 12.26 12.26 12.61 27.12 0.00 0.00 0.00 0.00 0.00 0.00 0.00 0.00
20.34 20.34 27.68 35.49 20.34 21.47 16.07 21.47 23.27 44.77 44.77 44.77 46.84 46.84 84.06 46.84 45.08 45.08 45.08 45.08 79.07 44.04 44.04 79.07 43.34 43.34 43.34 46.80 44.01 44.01 44.01 44.01 44.49 44.49 44.49 44.49 44.39 44.39 44.39 44.39 44.16 44.16 44.16 44.16 34.12 34.12 34.12 34.12 34.28 34.28 34.28 34.28 34.18 34.18 34.18 34.18 34.00 83.21 34.00 34.00 28.48 28.48 17.78 27.12 9.69 8.67 27.12 27.12 12.04 27.87 27.87 27.87 31.22 17.78 47.49 141.81 0.00 0.00 0.00 0.00 0.00
27.68 23.27 27.68 14.56 23.27 45.09 45.09 45.09 55.87 44.77 44.77 44.77 46.84 46.84 46.84 46.84 45.08 45.08 45.08 45.08 44.04 44.04 44.04 44.04 43.34 43.34 43.34 46.80 44.01 44.01 44.01 44.01 44.49 44.49 44.49 44.49 44.39 44.39 44.39 44.39 44.16 44.16 44.16 44.16 34.12 34.12 34.12 34.12 34.28 34.28 34.28 34.28 34.18 34.18 34.18 34.18 34.00 60.53 34.00 34.00 28.48 17.78 17.78 27.12 9.69 27.12 12.61 12.61 27.87 27.87 27.87 27.87 27.78 27.78 27.78 27.78 0.00 0.00 0.00 0.00 0.00
23.27 23.27 27.68 20.34 81.77 45.09 45.09 45.09 44.77 44.77 44.77 44.77 84.06 46.84 46.84 84.06 45.08 45.08 45.08 45.08 44.04 44.04 44.04 44.04 43.34 43.34 43.34 46.80 44.01 44.01 44.01 44.01 44.49 44.49 44.49 44.49 44.39 44.39 44.39 44.39 44.16 44.16 44.16 44.16 34.12 34.12 34.12 34.12 34.28 34.28 34.28 34.28 34.18 34.18 34.18 34.18 34.00 34.00 34.00 34.00 28.48 14.65 14.65 14.65 8.67 10.79 10.79 10.79 27.87 27.87 27.87 27.87 27.78 27.78 27.78 27.78 0.00 0.00 0.00 0.00 0.00
23.27 23.27 27.68 44.73 45.09 45.09 45.09 45.09 44.77 44.77 81.17 44.77 46.84 46.84 46.84 46.84 45.08 80.92 45.08 45.08 44.04 44.04 44.04 44.04 43.34 43.34 46.80 46.80 44.01 44.01 44.01 44.01 44.49 44.49 44.49 44.49 44.39 44.39 44.39 44.39 44.16 44.16 44.16 44.16 34.12 34.12 34.12 34.12 34.28 34.28 34.28 34.28 34.18 34.18 34.18 34.18 34.00 34.00 34.00 34.00 17.78 17.78 16.81 14.65 10.79 10.79 10.79 10.79 27.87 27.87 27.87 17.78 14.65 27.78 17.78 27.78 0.00 0.00 0.00 0.00 0.00
48.52 23.27 23.27 43.85 44.58 44.58 44.58 44.58 44.69 44.69 44.69 44.69 45.02 45.02 45.02 45.02 43.76 43.76 78.56 43.76 43.89 43.89 43.89 43.89 45.01 45.01 48.64 48.64 45.48 45.48 45.48 45.48 45.28 45.28 45.28 83.42 45.27 45.27 45.27 45.27 45.53 45.53 45.53 45.53 35.04 35.04 35.04 35.04 34.96 34.96 34.96 34.96 49.41 20.54 20.73 34.62 34.36 34.36 34.36 34.36 28.32 34.87 28.32 28.32 28.14 28.14 28.14 28.14 27.87 27.87 27.87 17.78 14.65 31.22 0.00 0.00 0.00 0.00 0.00 0.00 0.00
43.85 43.85 23.27 43.85 44.58 44.58 44.58 44.58 44.69 81.03 44.69 81.32 45.02 45.02 45.02 45.02 43.76 43.76 43.76 43.76 43.89 43.89 43.89 43.89 45.01 45.01 48.64 48.64 45.48 45.48 45.48 45.48 45.28 45.28 45.28 45.28 45.27 45.27 45.27 45.27 45.53 45.53 45.53 45.53 35.04 35.04 35.04 35.04 34.96 34.96 34.96 34.96 17.02 34.62 20.73 34.62 34.36 34.36 34.36 34.36 28.32 28.32 28.32 28.32 28.14 28.14 28.14 17.78 17.78 17.78 17.78 17.78 0.00 0.00 0.00 0.00 0.00 0.00 0.00 0.00 0.00
43.85 43.85 43.85 43.85 44.58 44.58 44.58 44.58 44.69 44.69 44.69 44.69 45.02 45.02 45.02 45.02 43.76 43.76 43.76 43.76 43.89 43.89 43.89 43.89 45.01 48.64 48.64 48.64 45.48 45.48 45.48 45.48 45.28 45.28 45.28 45.28 45.27 45.27 45.27 66.51 28.14 45.53 45.53 45.53 35.04 35.04 35.04 35.04 34.96 34.96 34.96 34.96 17.02 20.73 34.62 34.62 34.36 34.36 34.36 34.36 28.32 28.32 28.32 28.32 28.14 17.78 17.78 17.78 17.78 27.87 27.87 141.81 0.00 0.00 0.00 0.00 0.00 0.00 0.00 0.00 0.00
43.85 43.85 43.85 146.04 44.58 44.58 44.58 44.58 44.69 44.69 44.69 44.69 45.02 45.02 45.02 45.02 43.76 43.76 43.76 43.76 43.89 43.89 43.89 43.89 45.01 48.64 48.64 48.64 45.48 84.13 84.13 157.47 45.28 45.28 45.28 45.28 45.27 45.27 45.27 66.51 66.51 45.53 45.53 45.53 35.04 35.04 35.04 35.04 34.96 34.96 20.54 34.96 34.62 17.02 34.62 34.62 20.54 20.54 34.36 34.36 28.32 28.32 28.32 28.32 28.14 17.78 17.78 27.12 27.12 27.12 0.00 0.00 0.00 0.00 0.00 0.00 0.00 0.00 0.00 0.00 0.00
76.61 42.72 76.64 77.39 43.80 43.80 43.80 43.80 43.68 43.68 43.68 43.68 44.17 44.17 44.17 44.17 44.41 44.41 44.41 44.41 45.63 45.63 45.63 45.63 45.45 48.97 48.97 132.73 85.73 44.51 44.51 82.59 45.01 45.01 83.79 45.01 45.79 45.79 45.79 66.51 66.51 46.16 22.29 22.29 16.31 35.73 35.73 35.73 35.65 35.65 20.54 20.54 35.22 35.22 35.22 35.22 12.65 11.40 34.82 34.82 28.65 14.65 17.78 28.65 17.78 31.22 8.67 12.61 27.12 27.12 0.00 0.00 0.00 0.00 0.00 0.00 0.00 0.00 0.00 0.00 0.00
42.72 42.72 42.72 42.72 43.80 43.80 43.80 43.80 43.68 43.68 43.68 43.68 44.17 44.17 44.17 44.17 44.41 44.41 44.41 44.41 45.63 45.63 45.63 45.63 45.45 48.97 91.22 48.97 44.51 44.51 44.51 44.51 45.01 45.01 45.01 45.01 84.27 84.76 45.79 66.51 66.51 47.32 21.38 21.38 16.31 11.40 16.31 16.31 35.65 35.65 35.65 17.02 11.40 35.22 35.22 35.22 14.71 21.58 34.82 34.82 17.78 14.65 17.78 10.79 8.67 27.12 27.12 12.61 141.81 0.00 0.00 0.00 0.00 0.00 0.00 0.00 0.00 0.00 0.00 0.00 0.00
42.72 42.72 42.72 42.72 43.80 43.80 43.80 43.80 43.68 43.68 43.68 43.68 44.17 44.17 44.17 44.17 44.41 44.41 44.41 44.41 45.63 45.63 45.63 45.63 48.97 116.85 48.97 91.22 44.51 44.51 44.51 44.51 45.01 45.01 45.01 83.63 45.79 45.79 84.76 45.79 46.16 46.16 46.16 64.31 55.13 20.98 16.31 16.31 16.26 35.65 20.54 14.71 10.24 12.65 20.54 35.22 30.97 30.97 15.83 34.82 17.78 17.78 10.79 31.22 0.00 0.00 0.00 0.00 0.00 0.00 0.00 0.00 0.00 0.00 0.00 0.00 0.00 0.00 0.00 0.00 0.00
42.72 42.72 42.72 42.72 43.80 43.80 43.80 43.80 43.68 43.68 43.68 43.68 44.17 44.17 44.17 44.17 44.41 44.41 44.41 44.41 45.63 45.63 45.63 45.63 48.97 90.10 48.97 48.97 115.36 44.51 44.51 44.51 45.01 45.01 83.34 45.01 45.79 45.79 45.79 45.79 46.16 85.38 85.38 28.91 30.97 30.97 26.15 16.31 30.97 30.97 30.97 10.24 10.24 30.97 30.97 16.05 10.24 14.71 30.97 15.83 28.65 12.61 12.61 0.00 0.00 0.00 0.00 0.00 0.00 0.00 0.00 0.00 0.00 0.00 0.00 0.00 0.00 0.00 0.00 0.00 0.00
42.13 42.13 42.13 42.13 43.19 43.19 43.19 43.19 43.36 43.36 43.36 43.36 45.06 45.06 37.30 37.30 45.69 45.69 45.69 45.69 45.11 45.11 45.11 45.11 47.45 47.45 47.45 47.45 81.00 43.76 43.76 43.76 44.63 44.63 44.63 44.63 45.26 45.26 45.26 45.26 46.01 46.01 46.01 46.01 10.24 14.71 30.97 31.13 31.13 14.71 31.13 30.97 30.97 30.97 30.97 30.97 30.97 14.71 30.97 30.97 27.12 8.67 0.00 0.00 0.00 0.00 0.00 0.00 0.00 0.00 0.00 0.00 0.00 0.00 0.00 0.00 0.00 0.00 0.00 0.00 0.00
42.13 42.13 42.13 42.13 43.19 43.19 43.19 83.45 43.36 43.36 43.36 43.36 45.06 45.06 45.06 37.30 37.30 45.69 45.69 45.69 45.11 45.11 71.83 94.99 93.66 93.66 47.45 47.45 43.76 43.76 43.76 43.76 44.63 44.63 86.99 44.63 45.26 45.26 45.26 45.26 46.01 46.01 46.01 46.01 35.87 16.38 30.97 10.24 33.74 33.74 14.71 10.24 30.97 30.97 30.97 30.97 30.97 30.97 30.97 30.97 27.12 0.00 0.00 0.00 0.00 0.00 0.00 0.00 0.00 0.00 0.00 0.00 0.00 0.00 0.00 0.00 0.00 0.00 0.00 0.00 0.00
50.02 50.02 50.02 50.02 51.39 51.39 51.39 51.39 51.46 51.46 51.46 51.46 52.87 52.87 52.87 52.87 53.51 53.51 42.27 42.27 33.81 53.07 53.07 55.70 54.06 54.06 54.06 54.06 48.99 48.99 48.99 48.99 50.39 50.39 50.39 50.39 50.98 50.98 50.98 50.98 51.64 51.64 51.64 51.64 37.05 37.05 65.94 37.05 17.61 36.86 36.86 11.83 31.92 31.92 55.51 31.92 31.92 15.23 10.63 31.92 0.00 0.00 0.00 0.00 0.00 0.00 0.00 0.00 0.00 0.00 0.00 0.00 0.00 0.00 0.00 0.00 0.00 0.00 0.00 0.00 0.00
50.02 18.06 50.02 50.02 51.39 51.39 51.39 51.39 51.46 51.46 51.46 51.46 52.87 52.87 52.87 42.27 42.27 42.27 42.27 42.27 42.27 42.27 53.07 55.70 54.06 54.06 54.06 54.06 48.99 48.99 48.99 48.99 50.39 50.39 50.39 50.39 50.98 50.98 50.98 50.98 51.64 51.64 51.64 51.64 37.05 37.05 37.05 37.05 36.86 36.86 36.86 36.86 36.41 15.23 10.63 31.92 15.23 15.23 31.92 31.92 0.00 0.00 0.00 0.00 0.00 0.00 0.00 0.00 0.00 0.00 0.00 0.00 0.00 0.00 0.00 0.00 0.00 0.00 0.00 0.00 0.00
