New_Model_Runs/4_scn3_noclimate_out/post_prcessed_with_MFR/Monthly_summaries/actual_et_monthly_AUG.asc
NCOLS 700
NROWS 400
XLLCENTER 515000.000000
YLLCENTER 8409000.000000
CELLSIZE 50.000000
NODATA_value -999.000000
[rows 228 to 265 of 400, columns 252 to 335 of 700]
1.06 1.05 1.05 1.05 1.04 1.04 1.04 1.03 1.03 1.03 1.02 1.02 1.02 1.02 1.01 1.01 1.01 1.01 1.00 1.00 1.00 1.00 1.00 1.00 1.00 1.00 1.01 1.01 1.01 1.01 1.02 1.02 3.28 3.30 3.31 3.32 1.05 1.05 1.06 3.11 3.91 4.02 4.04 1.09 3.97 1.11 3.42 1.12 1.12 4.04 4.05 4.06 3.48 3.32 2.44 2.48 2.49 2.49 4.23 4.24 3.41 3.42 3.96 4.58 4.60 4.69 4.71 0.00 4.75 0.00 0.00 0.00 0.00 0.00 0.00 0.00 0.00 0.00 0.00 0.00 0.00 0.00 0.00 0.00
1.06 1.05 1.05 1.05 1.05 1.04 1.04 1.04 1.03 1.03 1.03 1.03 1.02 1.02 1.02 1.01 1.01 1.01 1.01 1.01 1.01 1.01 1.01 1.01 1.01 1.01 1.01 1.01 1.02 1.02 1.02 1.03 1.03 1.04 1.04 1.05 1.06 1.06 1.07 1.07 3.92 3.94 4.06 4.07 3.98 4.00 3.37 1.12 1.13 4.04 2.43 4.39 2.44 2.54 4.43 4.44 2.56 4.04 2.50 4.48 4.25 4.26 3.96 4.60 4.70 0.00 0.00 0.00 0.00 0.00 0.00 0.00 0.00 0.00 0.00 0.00 0.00 0.00 0.00 0.00 0.00 0.00 0.00 0.00
1.06 1.06 1.05 1.05 1.05 1.05 1.04 1.04 1.04 1.03 1.03 1.03 1.03 1.02 1.02 1.02 1.02 1.02 1.01 1.01 1.01 1.01 1.01 1.01 1.01 1.02 1.02 1.02 1.02 1.03 1.03 1.04 1.04 1.05 1.05 1.06 1.06 1.07 1.07 3.92 3.93 3.95 2.41 2.42 4.10 4.31 4.02 4.03 1.13 2.43 2.53 4.40 2.54 2.55 2.56 3.52 3.54 4.47 3.56 4.49 4.26 3.96 3.96 4.70 4.72 0.00 0.00 0.00 0.00 0.00 0.00 0.00 0.00 0.00 0.00 0.00 0.00 0.00 0.00 0.00 0.00 0.00 0.00 0.00
1.06 1.06 1.06 1.05 1.05 1.05 1.05 1.04 1.04 1.04 1.04 1.03 1.03 1.03 1.03 1.02 1.02 1.02 1.02 1.02 1.02 1.02 1.02 1.02 1.02 1.02 1.02 1.03 1.03 1.03 1.04 1.04 1.05 1.05 1.06 1.06 1.07 1.07 1.08 1.09 3.95 3.89 3.90 2.42 4.11 4.33 2.51 2.52 4.05 2.43 3.48 4.42 4.43 4.44 4.30 4.46 3.70 4.33 4.49 4.34 4.26 4.27 4.59 0.00 0.00 0.00 0.00 0.00 0.00 0.00 0.00 4.81 0.00 0.00 0.00 0.00 0.00 0.00 0.00 0.00 0.00 0.00 0.00 0.00
1.06 1.06 1.06 1.06 1.05 1.05 1.05 1.05 1.04 1.04 1.04 1.04 1.03 1.03 1.03 1.03 1.03 1.03 1.03 1.02 1.02 1.02 1.03 1.03 1.03 1.03 1.03 1.03 1.04 1.04 1.05 1.05 1.05 1.06 1.06 1.07 3.12 3.13 3.15 3.94 3.96 4.08 4.09 2.43 2.44 2.45 2.52 2.53 4.39 2.54 3.50 4.43 4.29 2.56 4.46 4.47 4.33 4.34 4.34 4.35 4.51 4.60 4.61 4.74 0.00 0.00 0.00 0.00 0.00 0.00 0.00 4.88 0.00 0.00 0.00 0.00 0.00 0.00 0.00 0.00 0.00 0.00 0.00 0.00
1.07 1.06 1.06 1.06 1.06 1.05 1.05 1.05 1.05 1.05 1.04 1.04 1.04 1.04 1.04 1.03 1.03 1.03 1.03 1.03 1.03 1.03 1.03 1.03 1.03 1.04 1.04 1.04 1.05 1.05 1.05 1.06 1.06 1.07 1.07 1.08 1.08 3.15 3.16 3.17 4.28 3.91 3.92 2.44 4.13 2.45 4.38 4.39 4.41 2.55 4.43 4.29 2.57 2.57 2.58 2.58 4.49 4.50 4.51 4.26 3.64 4.72 3.63 4.75 0.00 4.80 0.00 0.00 0.00 0.00 4.86 4.87 4.88 0.00 0.00 0.00 0.00 0.00 0.00 0.00 0.00 0.00 0.00 0.00
1.07 1.07 1.06 1.06 1.06 1.06 1.06 1.05 1.05 1.05 1.05 1.05 1.04 1.04 1.04 1.04 1.04 1.04 1.04 1.04 1.04 1.04 1.04 1.04 1.04 1.04 1.05 1.05 1.05 1.55 1.06 1.06 1.07 1.07 1.08 1.08 1.09 1.10 3.17 4.28 4.29 2.49 2.44 2.45 4.14 4.15 4.17 3.36 3.50 3.52 3.53 3.54 4.47 4.48 2.58 2.59 4.50 4.51 4.52 4.67 4.68 4.69 3.68 4.79 4.80 4.81 4.83 0.00 0.00 0.00 0.00 0.00 0.00 0.00 0.00 0.00 0.00 0.00 0.00 0.00 0.00 0.00 0.00 0.00
1.07 1.07 1.07 1.07 1.06 1.06 1.06 1.06 1.06 1.05 1.05 1.05 1.05 1.05 4.09 4.08 3.17 3.17 3.16 1.04 1.04 1.04 2.38 1.05 1.05 1.05 1.05 1.06 1.06 1.06 1.07 1.07 1.08 1.08 1.09 1.09 1.10 1.10 1.11 4.30 2.49 4.33 4.35 4.22 3.46 3.35 4.18 3.37 3.38 3.39 3.55 3.70 3.57 4.49 4.50 4.51 2.60 3.62 3.66 4.68 4.69 4.70 1.22 4.81 4.81 4.82 4.83 0.00 0.00 0.00 0.00 0.00 0.00 0.00 0.00 0.00 0.00 0.00 0.00 0.00 0.00 0.00 0.00 0.00
1.07 1.07 1.07 1.07 1.07 1.07 1.06 1.06 1.06 3.21 1.06 1.05 1.05 4.11 2.39 2.39 1.05 3.18 3.18 1.05 4.10 2.39 4.11 4.11 1.06 1.06 1.06 1.06 1.07 1.07 1.07 1.08 1.08 1.09 1.09 1.10 1.10 1.11 1.12 4.31 4.19 4.35 3.45 3.46 3.48 3.50 3.47 3.38 3.39 3.40 3.51 3.51 3.72 4.25 4.26 4.52 4.53 3.67 4.68 0.00 0.00 0.00 4.81 4.81 0.00 4.82 4.82 0.00 0.00 0.00 0.00 0.00 0.00 0.00 0.00 0.00 0.00 0.00 0.00 0.00 0.00 0.00 0.00 0.00
1.08 1.08 1.07 1.07 1.07 1.07 1.07 1.07 1.06 3.54 3.54 3.21 1.06 1.06 2.40 2.40 2.40 1.06 3.20 4.12 2.40 2.40 2.40 4.13 1.06 1.07 1.07 1.07 1.07 1.08 1.08 1.09 1.09 1.10 1.10 1.11 3.97 1.12 4.32 4.33 4.35 2.52 2.53 2.54 4.41 4.42 4.44 4.21 4.22 3.41 3.71 3.43 3.43 4.51 4.36 1.21 4.54 4.76 4.70 0.00 0.00 0.00 0.00 0.00 0.00 0.00 0.00 0.00 0.00 0.00 0.00 0.00 0.00 0.00 0.00 0.00 0.00 0.00 0.00 0.00 0.00 0.00 0.00 0.00
1.08 1.08 1.08 1.08 1.07 1.07 1.07 1.07 3.24 3.56 4.19 3.23 1.06 1.06 1.06 2.41 2.41 2.41 4.14 4.03 4.14 2.41 2.41 4.16 1.07 1.07 3.11 3.12 3.13 1.09 1.09 1.09 1.10 1.10 1.11 3.28 2.39 2.50 4.19 2.51 4.36 4.23 4.39 4.41 2.55 4.44 4.45 4.46 2.58 4.49 3.59 3.73 4.52 3.75 4.54 4.19 4.47 2.76 4.75 0.00 0.00 0.00 0.00 0.00 0.00 0.00 0.00 0.00 0.00 0.00 0.00 0.00 0.00 0.00 0.00 0.00 0.00 0.00 0.00 0.00 0.00 0.00 0.00 0.00
1.08 1.08 1.08 1.08 1.08 1.08 1.07 3.40 4.22 4.21 3.63 3.63 3.24 1.07 4.16 2.42 4.16 4.05 4.16 3.24 1.07 4.17 4.17 4.18 1.08 3.90 3.90 3.72 3.72 3.92 2.37 3.94 3.95 1.11 1.12 4.31 2.50 2.51 4.21 4.37 2.53 2.54 4.41 2.55 2.56 2.57 4.46 2.58 4.49 4.34 4.51 3.62 4.53 4.54 3.56 4.60 2.76 2.76 4.67 4.56 0.00 0.00 0.00 0.00 0.00 0.00 0.00 0.00 0.00 0.00 0.00 0.00 0.00 0.00 0.00 0.00 0.00 0.00 0.00 0.00 0.00 0.00 0.00 0.00
1.08 1.08 1.08 1.08 1.08 1.08 1.08 4.24 3.59 3.59 3.64 3.63 3.63 3.62 4.07 2.42 4.18 3.26 1.07 1.08 3.27 3.27 4.07 4.20 4.08 1.09 3.45 4.10 4.11 4.12 4.26 2.47 4.28 4.30 4.31 4.32 2.51 4.35 4.22 4.38 4.40 4.41 2.55 2.56 2.57 2.57 4.48 4.49 4.34 4.51 4.52 4.18 4.19 4.19 3.83 4.62 4.67 4.56 4.57 4.56 0.00 0.00 0.00 0.00 0.00 0.00 0.00 0.00 0.00 0.00 0.00 0.00 0.00 0.00 0.00 0.00 0.00 0.00 0.00 0.00 0.00 0.00 0.00 0.00
1.09 1.09 1.09 1.08 1.08 1.08 4.26 3.28 1.08 3.60 3.60 3.64 3.64 3.63 4.24 3.27 1.08 1.08 1.08 1.08 1.08 3.29 1.09 1.09 4.10 1.09 1.10 1.10 4.13 4.13 4.28 2.39 4.30 4.17 4.33 4.20 2.52 4.22 4.23 4.40 4.26 4.43 4.44 4.45 1.18 2.58 4.49 3.73 3.74 3.63 4.54 2.51 3.98 4.50 4.66 4.68 4.69 4.70 4.71 4.61 4.57 0.00 0.00 0.00 0.00 0.00 0.00 0.00 0.00 0.00 0.00 0.00 0.00 0.00 0.00 0.00 0.00 0.00 0.00 0.00 0.00 0.00 0.00 0.00
1.09 1.09 1.09 1.09 1.09 1.09 3.67 3.29 3.44 3.43 3.65 4.26 4.26 4.26 3.64 4.21 3.29 3.49 3.49 1.09 1.09 1.09 1.09 3.76 3.76 1.10 1.10 1.11 3.37 3.20 3.21 4.00 3.81 4.19 3.44 3.46 4.22 2.54 3.50 3.51 3.53 4.44 4.45 4.47 1.75 2.59 1.20 1.77 4.53 3.64 3.39 3.39 2.75 4.56 4.69 4.70 4.71 4.72 4.62 4.75 4.76 4.58 0.00 0.00 0.00 0.00 0.00 0.00 0.00 0.00 0.00 0.00 0.00 0.00 0.00 0.00 0.00 0.00 0.00 0.00 0.00 0.00 0.00 0.00
1.09 1.09 1.09 1.09 1.09 3.69 4.29 4.28 1.09 1.09 3.66 4.28 4.28 3.30 3.30 4.22 3.50 3.50 3.50 3.32 3.17 1.10 1.10 3.77 3.77 1.11 3.98 4.29 3.30 4.00 3.22 4.01 4.02 4.03 3.84 3.26 4.06 4.40 4.42 3.53 3.72 4.30 3.57 4.32 4.50 2.60 4.52 3.64 3.47 3.48 3.56 3.67 4.65 4.70 4.59 4.72 4.74 4.75 4.76 4.64 4.65 4.80 4.59 0.00 0.00 0.00 0.00 0.00 0.00 0.00 0.00 0.00 0.00 0.00 0.00 0.00 0.00 0.00 0.00 0.00 0.00 0.00 0.00 0.00
1.10 3.65 3.65 1.09 4.30 4.30 3.69 4.30 4.30 4.30 4.30 3.32 3.32 3.32 3.32 3.32 3.51 3.51 3.52 3.34 3.52 1.10 1.11 1.11 1.11 3.20 3.99 3.40 3.22 4.01 3.23 3.24 3.25 4.04 3.26 3.27 4.40 3.52 4.27 4.28 4.29 4.30 3.59 4.32 4.33 4.52 4.53 4.55 3.56 4.20 3.86 3.69 4.67 2.76 4.73 4.63 4.76 4.77 4.79 4.80 4.81 4.82 2.79 4.85 0.00 0.00 0.00 0.00 0.00 0.00 0.00 0.00 0.00 0.00 0.00 0.00 0.00 0.00 0.00 0.00 0.00 0.00 0.00 0.00
1.10 3.66 3.66 1.10 3.70 3.69 4.31 3.69 4.31 4.31 4.32 4.32 3.33 4.32 3.34 3.34 3.34 3.34 3.35 3.35 3.19 1.11 1.11 1.12 3.21 3.80 3.80 4.01 3.23 3.24 3.24 4.04 4.05 4.05 3.27 3.28 4.42 2.56 4.45 4.46 3.58 4.31 3.60 4.51 4.52 4.53 3.66 2.62 3.79 3.87 4.67 3.71 3.72 2.76 4.76 1.86 4.79 4.80 4.81 4.83 4.84 4.85 2.79 2.79 0.00 0.00 0.00 0.00 0.00 0.00 0.00 0.00 0.00 0.00 0.00 0.00 0.00 0.00 0.00 0.00 0.00 0.00 0.00 4.30
3.67 3.67 1.10 3.71 4.33 4.33 3.69 4.33 4.33 4.33 4.33 4.33 4.34 4.34 4.34 4.35 4.35 3.36 3.30 3.20 3.20 1.12 1.12 1.12 3.22 3.22 3.81 4.02 3.24 4.03 2.43 4.05 4.06 2.44 4.07 4.08 2.46 2.57 4.46 3.58 4.49 1.20 1.21 1.21 4.54 2.62 2.62 3.88 2.80 3.89 3.90 4.70 4.72 2.77 2.78 3.99 4.00 4.65 4.84 4.85 4.87 4.88 4.88 4.68 0.00 0.00 0.00 0.00 0.00 0.00 0.00 0.00 0.00 0.00 0.00 0.00 0.00 0.00 0.00 0.00 0.00 0.00 0.00 4.28
3.35 3.72 3.71 4.34 4.34 4.34 4.34 4.34 4.34 4.35 4.35 3.66 3.66 3.36 3.36 3.37 3.37 3.37 3.99 3.21 3.21 1.12 1.13 4.01 3.23 3.23 4.02 3.25 3.25 4.04 4.05 4.06 4.07 4.08 4.08 2.46 2.46 2.47 4.12 3.59 3.61 4.33 1.21 2.61 2.62 2.62 2.63 2.80 2.75 2.76 3.92 2.76 2.77 2.78 2.78 4.65 4.03 4.04 4.87 4.87 4.88 4.68 2.79 2.56 4.70 4.57 0.00 0.00 0.00 0.00 0.00 0.00 0.00 0.00 0.00 0.00 0.00 0.00 0.00 0.00 0.00 0.00 0.00 4.25
3.73 3.72 3.72 4.35 3.71 4.35 4.35 4.35 4.36 4.36 3.70 4.37 3.37 3.37 4.38 3.38 3.39 4.30 4.30 4.00 3.32 1.13 1.13 3.23 3.24 4.03 4.03 3.25 3.26 3.27 3.27 4.07 4.08 3.39 4.09 4.10 4.11 4.12 4.49 4.50 3.62 3.63 4.53 2.62 2.62 2.63 4.81 2.75 2.76 2.76 2.76 2.77 2.78 2.78 2.78 2.78 4.66 4.06 4.88 4.68 4.68 4.90 2.79 2.79 2.79 4.68 0.00 0.00 0.00 0.00 0.00 0.00 0.00 0.00 0.00 0.00 0.00 0.00 0.00 0.00 0.00 0.00 0.00 0.00
3.73 3.72 3.72 3.71 4.36 4.36 3.37 3.69 4.37 4.37 3.71 3.71 3.38 3.39 4.40 4.40 3.40 3.41 3.22 3.23 3.32 3.23 3.24 3.24 4.03 4.04 3.84 3.26 3.27 3.28 4.07 4.08 2.46 4.10 3.89 4.11 4.12 3.91 2.59 2.60 4.52 4.34 4.36 2.62 4.20 4.54 4.56 2.75 2.76 2.76 2.77 2.77 4.83 2.78 4.86 2.78 4.88 4.67 4.10 4.90 4.91 2.78 2.78 2.78 2.79 4.66 0.00 0.00 0.00 0.00 0.00 0.00 0.00 0.00 0.00 0.00 0.00 0.00 0.00 0.00 0.00 0.00 0.00 0.00
4.37 4.37 3.72 4.37 3.70 3.37 3.37 4.38 4.38 3.38 3.72 3.72 3.73 3.73 3.55 3.41 4.43 3.42 3.23 3.23 3.24 3.24 3.25 3.25 3.26 3.26 3.85 3.27 3.28 3.28 3.87 3.88 4.10 3.89 3.89 4.12 4.13 3.91 4.15 4.52 2.61 4.54 4.55 3.40 4.67 4.69 2.75 4.73 4.78 2.77 2.77 4.84 2.78 4.86 4.87 4.88 4.68 2.78 4.90 4.91 4.92 2.78 2.78 2.78 2.78 4.52 4.52 0.00 0.00 0.00 0.00 0.00 0.00 0.00 0.00 0.00 0.00 0.00 0.00 0.00 0.00 0.00 0.00 0.00
4.37 4.37 4.38 4.38 3.38 3.38 3.38 1.12 3.39 3.39 3.40 3.74 3.55 3.41 3.42 3.76 3.77 3.43 3.43 3.24 3.24 4.04 4.04 4.04 3.85 4.06 4.06 3.28 3.29 4.08 4.09 4.10 4.10 2.47 2.48 4.13 4.14 4.15 4.16 4.17 4.18 3.95 3.95 4.67 2.75 2.75 2.75 2.77 4.80 2.77 2.78 2.78 2.78 2.78 4.88 2.78 4.90 2.78 2.78 2.78 2.78 2.78 2.78 2.78 4.96 4.51 4.51 0.00 0.00 0.00 0.00 0.00 0.00 0.00 0.00 0.00 0.00 0.00 0.00 0.00 0.00 0.00 0.00 0.00
1.11 4.38 3.38 3.38 3.39 3.39 4.40 4.40 3.40 3.40 3.40 3.41 3.41 3.42 3.43 3.43 3.78 3.45 3.45 3.35 3.25 3.26 4.05 2.44 3.44 4.06 2.45 2.45 2.45 2.46 3.88 2.47 2.47 2.48 2.48 3.91 4.15 4.16 4.17 3.93 4.18 2.52 4.67 2.74 2.75 2.75 2.76 2.76 4.82 2.77 2.78 2.78 2.78 2.78 2.78 2.78 2.78 2.78 2.78 2.78 2.78 4.64 4.63 4.62 4.62 4.50 4.50 0.00 0.00 0.00 0.00 0.00 0.00 0.00 0.00 0.00 0.00 0.00 0.00 0.00 0.00 0.00 0.00 0.00
4.39 1.12 4.39 3.39 4.40 3.39 3.40 3.40 3.40 3.41 3.41 3.42 3.76 3.43 3.44 3.44 3.45 3.80 1.14 3.36 4.19 4.05 3.27 3.85 2.44 2.45 3.87 2.46 2.46 3.88 3.88 4.11 4.12 2.48 2.49 4.15 2.50 4.16 4.17 4.18 3.95 2.74 2.74 2.75 2.75 2.75 2.76 2.76 2.77 4.85 4.65 2.78 2.78 2.78 2.78 2.78 2.78 2.78 2.78 2.78 2.78 4.62 4.62 4.61 4.62 4.50 4.50 4.51 0.00 0.00 0.00 0.00 0.00 0.00 0.00 0.00 0.00 0.00 0.00 0.00 0.00 0.00 0.00 0.00
4.39 3.71 4.40 4.40 4.41 3.40 4.41 4.42 4.42 3.75 3.76 4.44 3.77 3.78 3.45 3.45 3.46 3.47 1.15 1.15 2.48 3.85 3.27 1.16 2.45 2.45 2.46 2.46 2.46 2.47 3.89 4.12 4.13 4.14 2.49 2.49 4.16 4.17 4.17 4.18 4.52 4.68 2.74 4.72 2.75 2.75 2.76 2.76 2.77 4.83 4.66 2.78 2.78 2.78 2.78 2.78 2.78 2.78 2.78 4.24 4.25 2.78 2.78 4.97 4.61 4.50 4.51 4.51 4.52 4.53 0.00 0.00 0.00 0.00 0.00 0.00 0.00 0.00 0.00 0.00 0.00 0.00 0.00 0.00
4.40 3.39 4.40 4.41 4.41 4.42 3.41 4.43 4.43 4.44 3.43 3.43 3.44 3.45 3.46 3.46 3.47 3.48 3.49 1.69 3.85 4.06 1.16 1.17 1.17 2.46 2.46 2.46 2.47 2.47 3.90 4.13 3.90 4.14 4.15 4.16 4.16 3.93 3.94 4.19 4.68 4.70 2.74 2.75 4.76 2.76 2.76 2.76 2.76 4.84 4.88 4.90 4.91 4.92 4.64 4.94 4.63 4.96 4.97 4.97 4.60 4.60 4.60 4.60 4.61 4.50 4.51 4.51 4.52 4.53 4.54 4.54 4.55 4.55 4.56 4.66 4.56 4.57 4.57 4.67 4.57 4.68 4.58 4.68
4.40 3.73 4.41 4.41 3.41 3.41 3.75 3.42 3.42 3.43 3.44 4.46 4.47 3.46 1.14 1.14 1.15 3.49 1.69 4.55 1.16 1.16 1.17 1.17 1.17 1.18 0.35 4.10 2.47 4.12 3.89 3.90 4.14 4.15 4.15 4.16 4.17 4.17 4.18 4.68 3.72 3.74 3.76 3.97 4.78 4.80 1.30 1.92 4.61 2.76 2.77 4.91 4.64 4.93 4.63 4.62 4.62 4.61 4.60 4.59 4.59 4.59 4.59 4.60 4.61 2.79 2.80 2.80 1.36 1.36 1.36 1.36 1.36 1.36 1.36 1.37 1.37 1.37 1.37 1.37 1.37 1.37 1.37 1.37
3.73 3.74 4.41 4.42 3.41 3.42 3.42 3.43 3.43 3.67 4.46 1.14 4.48 1.14 1.14 1.15 3.49 3.50 1.16 1.16 1.16 1.17 1.17 1.17 1.18 0.35 0.36 1.19 2.47 2.48 3.89 3.90 2.49 2.50 2.51 2.51 2.52 3.98 4.70 4.72 4.74 4.77 3.77 3.98 1.90 1.30 1.92 2.76 2.76 2.76 4.87 4.59 4.63 4.62 4.62 4.61 4.60 4.60 4.59 4.58 4.58 4.58 4.59 4.60 4.61 4.62 5.01 2.80 2.80 4.53 4.53 4.54 4.54 4.54 4.54 4.54 4.54 4.55 4.55 4.55 4.56 4.56 4.56 4.56
4.41 3.74 3.41 4.42 4.43 3.42 3.43 3.43 3.67 3.66 4.47 4.48 4.49 4.50 4.51 3.49 3.50 4.55 1.16 1.16 1.17 1.17 1.17 1.18 1.18 1.18 1.19 1.19 2.48 3.42 3.90 4.14 2.49 4.19 2.51 4.20 2.52 4.70 4.72 4.74 2.75 4.78 4.80 2.75 2.75 2.75 2.76 2.76 2.76 2.76 2.77 2.77 2.77 4.61 4.60 4.60 4.59 4.96 4.58 4.57 4.57 4.58 4.59 4.60 4.61 4.62 5.01 2.80 2.80 4.53 4.53 4.53 4.53 4.53 4.53 4.53 4.54 4.54 4.54 4.55 4.55 4.55 4.55 4.56
3.40 3.41 3.41 3.75 4.43 3.42 3.67 4.45 3.67 4.47 4.48 1.67 4.50 4.51 4.52 4.53 4.54 1.16 1.16 0.35 1.17 1.17 1.18 1.18 1.18 1.19 1.19 1.20 1.20 4.13 4.14 4.14 2.50 2.51 4.20 4.20 2.73 2.73 4.73 4.75 4.77 4.79 4.80 2.75 2.75 2.75 2.76 2.76 4.58 4.88 2.77 2.77 2.77 2.77 4.59 4.59 4.58 4.95 4.57 4.57 4.58 4.58 4.59 4.60 4.99 2.79 2.80 2.80 2.80 4.64 0.00 0.00 0.00 0.00 0.00 0.00 0.00 0.00 0.00 0.00 0.00 0.00 0.00 0.00
3.41 3.41 4.43 4.43 4.44 4.45 4.45 3.67 4.47 4.48 4.49 1.14 3.47 3.48 4.53 4.54 1.16 1.16 1.16 1.17 0.35 1.18 1.18 1.18 1.19 1.19 1.20 1.20 1.20 3.90 3.90 3.91 3.91 4.19 3.97 4.68 2.73 2.73 4.74 2.74 4.78 4.79 4.81 2.75 4.59 2.75 2.75 2.76 2.76 4.17 4.56 2.77 4.92 4.92 4.92 4.58 4.57 4.57 4.57 4.57 4.58 2.78 2.78 2.78 4.61 2.79 2.80 2.80 2.80 2.80 0.00 0.00 0.00 0.00 0.00 0.00 0.00 0.00 0.00 0.00 0.00 0.00 0.00 0.00
3.41 3.41 3.75 4.44 4.44 4.45 4.46 4.47 4.47 3.66 3.66 3.82 4.51 3.49 4.54 4.55 1.16 1.16 1.17 1.17 1.17 1.18 1.18 1.19 1.19 1.19 1.20 1.20 1.21 3.90 3.90 3.91 3.91 3.96 4.52 4.53 4.54 4.73 4.56 2.74 4.78 4.80 2.74 4.80 2.75 2.75 4.85 4.14 4.16 4.18 4.19 4.54 4.91 2.76 2.76 2.77 4.94 4.57 4.57 4.58 4.58 2.78 4.98 2.79 2.79 2.80 2.80 2.80 2.80 2.80 2.80 0.00 0.00 0.00 0.00 0.00 0.00 0.00 0.00 0.00 0.00 0.00 0.00 0.00
4.42 3.41 4.43 4.44 4.45 4.45 4.46 3.66 3.66 4.49 3.81 4.51 3.65 1.69 4.54 1.16 1.16 1.17 1.17 1.17 1.18 1.18 1.18 1.19 1.19 1.20 1.20 1.21 1.21 2.49 4.14 2.50 4.16 4.67 4.69 2.73 4.72 4.74 4.56 4.78 4.79 4.80 4.79 2.74 2.75 2.75 2.75 2.76 4.55 4.59 4.95 4.91 2.76 2.76 2.77 2.76 4.94 4.95 4.58 4.58 4.59 2.78 1.38 2.79 2.79 2.80 2.80 2.79 2.79 2.80 2.79 0.00 0.00 0.00 0.00 0.00 0.00 0.00 0.00 0.00 0.00 0.00 4.53 4.53
3.41 4.43 4.44 4.44 4.45 4.46 4.47 4.48 4.48 4.49 1.15 3.48 3.49 4.54 4.55 4.57 1.16 1.17 1.17 1.18 1.18 1.18 1.19 1.19 1.20 1.20 1.20 1.21 2.49 2.49 4.15 4.15 2.71 2.72 2.72 2.73 2.73 4.75 4.56 2.74 2.74 4.81 2.74 2.74 2.75 4.84 4.55 4.91 4.93 4.58 4.94 2.77 2.76 4.90 4.56 2.76 2.76 4.57 4.58 4.97 4.59 2.78 4.61 5.00 2.79 2.79 2.79 2.79 2.79 1.35 1.35 2.79 0.00 0.00 0.00 0.00 0.00 0.00 0.00 0.00 4.52 4.53 1.36 2.80
4.43 3.42 4.44 3.43 3.44 3.44 4.47 3.80 3.46 3.47 3.48 3.49 3.50 4.55 3.65 4.57 3.66 3.66 1.17 1.18 1.18 1.19 1.19 1.19 1.20 1.20 1.21 1.21 2.49 4.14 2.50 2.71 2.71 4.66 4.68 4.69 4.71 4.73 4.74 4.54 2.73 4.79 4.80 2.74 4.83 4.85 4.90 4.58 4.58 4.94 4.93 4.93 2.76 4.55 4.55 2.76 2.76 4.95 4.96 2.78 2.78 4.61 4.61 4.62 5.01 2.79 2.79 5.00 2.79 4.50 0.00 2.79 2.79 0.00 0.00 0.00 0.00 0.00 0.00 4.51 1.36 2.80 2.80 4.53
3.42 4.44 3.43 3.43 3.44 3.79 3.45 4.49 3.47 3.48 3.48 3.49 3.50 3.65 3.66 4.58 4.60 4.61 4.63 1.18 1.18 3.68 3.68 3.69 4.15 4.16 1.21 4.17 2.50 4.18 4.65 3.89 4.69 4.67 4.69 4.71 4.72 4.74 2.73 4.76 4.78 4.55 4.81 4.82 1.97 3.98 4.91 4.57 4.57 4.56 4.56 4.93 4.55 4.92 4.92 2.76 2.76 2.77 4.96 4.98 2.79 5.00 4.62 4.62 4.62 4.61 4.61 4.61 2.79 0.00 0.00 0.00 2.79 2.79 0.00 0.00 0.00 4.51 1.35 2.79 2.79 4.52 4.52 0.00
