New_Model_Runs/4_scn3_noclimate_out/post_prcessed_with_MFR/Monthly_summaries/actual_et_monthly_JAN.asc
NCOLS 700
NROWS 400
XLLCENTER 515000.000000
YLLCENTER 8409000.000000
CELLSIZE 50.000000
NODATA_value -999.000000
[rows 190 to 227 of 400, columns 84 to 167 of 700]
0.00 0.00 0.00 0.00 0.00 0.00 0.00 0.00 0.00 0.00 0.00 0.00 0.00 0.00 0.00 0.00 0.00 0.00 0.00 0.00 0.00 0.00 0.00 0.00 0.00 1.46 1.46 1.46 1.46 1.45 1.45 1.45 1.45 1.44 1.44 1.44 1.44 1.43 1.43 1.43 1.43 1.43 1.42 1.42 1.42 1.42 1.41 1.41 1.41 1.41 1.41 1.41 1.40 1.40 1.40 1.40 1.40 1.40 1.39 1.39 1.39 1.39 1.39 1.39 1.39 1.38 1.38 1.38 1.38 1.38 1.38 1.38 1.38 1.37 1.37 1.37 1.37 1.37 1.37 1.37 1.37 1.36 1.36 1.36
0.00 0.00 0.00 0.00 0.00 0.00 0.00 0.00 0.00 0.00 0.00 0.00 0.00 0.00 0.00 0.00 0.00 0.00 0.00 0.00 0.00 0.00 0.00 0.00 0.00 1.46 1.46 2.13 1.45 1.45 1.45 1.45 1.44 1.44 1.44 1.44 1.43 1.43 1.43 1.43 1.42 1.42 1.42 1.42 1.42 1.41 1.41 1.41 1.41 1.41 1.40 1.40 1.40 1.40 1.40 1.40 1.39 1.39 1.39 1.39 1.39 1.39 1.38 1.38 1.38 1.38 1.38 1.38 1.38 1.38 1.37 1.37 1.37 1.37 1.37 1.37 1.37 1.37 1.36 1.36 1.36 1.36 1.36 1.36
0.00 0.00 0.00 0.00 0.00 0.00 0.00 0.00 0.00 0.00 0.00 0.00 0.00 0.00 0.00 0.00 0.00 0.00 0.00 0.00 0.00 0.00 0.00 0.00 0.00 0.00 1.45 5.71 2.13 2.12 1.44 1.44 1.44 1.44 1.43 1.43 1.43 1.43 1.42 1.42 1.42 1.42 1.42 1.41 1.41 1.41 1.41 1.41 1.40 1.40 1.40 1.40 1.40 1.40 1.39 1.39 1.39 1.39 1.39 1.39 1.38 1.38 1.38 1.38 1.38 1.38 1.38 1.38 1.37 1.37 1.37 1.37 1.37 1.37 1.37 1.37 1.36 1.36 1.36 1.36 1.36 1.36 1.36 1.35
0.00 0.00 0.00 0.00 0.00 0.00 0.00 0.00 0.00 0.00 0.00 0.00 0.00 0.00 0.00 0.00 0.00 0.00 0.00 0.00 0.00 0.00 0.00 0.00 0.00 0.00 3.82 1.45 2.12 2.12 1.44 1.44 1.44 1.43 1.43 1.43 1.43 1.42 1.42 1.42 1.42 1.41 1.41 1.41 1.41 1.41 1.40 1.40 1.40 1.40 1.40 1.40 1.39 1.39 1.39 1.39 1.39 1.39 1.38 1.38 1.38 1.38 1.38 1.38 1.38 1.37 1.37 1.37 1.37 1.37 1.37 1.37 1.37 1.36 1.36 1.36 1.36 1.36 1.36 1.36 1.36 1.35 1.35 1.35
0.00 0.00 0.00 0.00 0.00 0.00 0.00 0.00 0.00 0.00 0.00 0.00 0.00 0.00 0.00 0.00 0.00 0.00 0.00 0.00 0.00 0.00 0.00 0.00 0.00 0.00 5.69 4.38 1.44 1.44 1.44 1.43 1.43 1.43 1.43 1.42 1.42 1.42 1.42 1.42 1.41 1.41 1.41 1.41 1.40 1.40 1.40 1.40 1.40 1.40 1.39 1.39 1.39 1.39 1.39 1.39 1.38 1.38 1.38 1.38 1.38 1.38 1.38 1.37 1.37 1.37 1.37 1.37 1.37 1.37 1.37 1.36 1.36 1.36 1.36 1.36 1.36 1.36 1.35 1.35 1.35 1.35 1.35 1.35
0.00 0.00 0.00 0.00 0.00 0.00 0.00 0.00 0.00 0.00 0.00 0.00 0.00 0.00 0.00 0.00 0.00 0.00 0.00 0.00 0.00 0.00 1.45 0.00 0.00 5.66 3.81 4.37 1.44 1.44 1.43 1.43 1.43 1.43 1.42 1.42 1.42 1.42 1.41 1.41 1.41 1.41 1.41 1.40 1.40 1.40 1.40 1.40 1.39 1.39 1.39 1.39 1.39 1.39 1.38 1.38 1.38 1.38 1.38 1.38 1.38 1.37 1.37 1.37 1.37 1.37 1.37 1.37 1.36 1.36 1.36 1.36 1.36 1.36 1.36 1.36 1.35 1.35 1.35 1.35 1.35 1.35 1.35 1.34
0.00 0.00 0.00 0.00 0.00 0.00 0.00 0.00 0.00 0.00 0.00 0.00 0.00 0.00 0.00 0.00 0.00 0.00 0.00 0.00 0.00 1.45 1.45 1.45 1.44 5.67 5.66 1.44 1.43 1.43 1.43 1.43 1.42 1.42 1.42 1.42 1.42 1.41 1.41 1.41 1.41 1.40 1.40 1.40 1.40 1.40 1.39 1.39 1.39 1.39 1.39 1.39 1.38 1.38 1.38 1.38 1.38 1.38 1.38 1.37 1.37 1.37 1.37 1.37 1.37 1.37 1.36 1.36 1.36 1.36 1.36 1.36 1.36 1.36 1.35 1.35 1.35 1.35 1.35 1.35 1.35 1.34 1.34 1.34
0.00 0.00 0.00 0.00 0.00 0.00 0.00 0.00 0.00 0.00 0.00 0.00 0.00 0.00 0.00 0.00 0.00 0.00 0.00 0.00 1.45 1.45 1.45 1.44 4.78 4.36 4.36 4.35 1.43 1.43 1.43 1.42 1.42 1.42 1.42 1.41 1.41 1.41 1.41 1.41 1.40 1.40 1.40 1.40 1.40 1.39 1.39 1.39 1.39 1.39 1.38 1.38 1.38 1.38 1.38 1.38 1.37 1.37 1.37 1.37 1.37 1.37 1.37 1.37 1.36 1.36 1.36 1.36 1.36 1.36 1.36 1.35 1.35 1.35 1.35 1.35 1.35 1.35 1.35 1.34 1.34 1.34 1.34 1.34
0.00 0.00 0.00 0.00 0.00 0.00 0.00 0.00 0.00 0.00 0.00 0.00 0.00 0.00 0.00 0.00 0.00 0.00 0.00 1.45 1.45 1.45 1.44 2.11 2.11 4.35 4.35 4.34 4.33 1.43 1.42 1.42 1.42 1.42 1.41 1.41 1.41 1.41 1.40 1.40 1.40 1.40 1.40 1.39 1.39 1.39 1.39 1.39 1.38 1.38 1.38 1.38 1.38 1.38 1.37 1.37 1.37 1.37 1.37 1.37 1.37 1.37 1.36 1.36 1.36 1.36 1.36 1.36 1.36 1.35 1.35 1.35 1.35 1.35 1.35 1.35 1.35 1.34 1.34 1.34 1.34 1.34 1.34 1.33
0.00 0.00 5.89 0.00 0.00 0.00 0.00 0.00 0.00 0.00 0.00 0.00 0.00 0.00 5.75 1.09 0.00 5.68 1.45 1.45 1.45 1.44 1.44 1.44 1.43 1.43 1.43 4.33 4.32 1.42 1.42 1.42 1.41 1.41 1.41 1.41 1.41 1.40 1.40 1.40 1.40 1.39 1.39 1.39 1.39 1.39 1.39 1.38 1.38 1.38 1.38 1.38 1.38 1.37 1.37 1.37 1.37 1.37 1.37 1.36 1.36 1.36 1.36 1.36 1.36 1.36 1.36 1.35 1.35 1.35 1.35 1.35 1.35 1.35 1.34 1.34 1.34 1.34 1.34 1.34 1.34 1.33 1.33 1.33
0.00 1.50 1.50 1.49 1.49 0.00 0.00 0.00 0.00 0.00 0.00 0.00 0.00 0.00 5.74 1.46 1.45 1.45 1.45 1.45 1.44 1.44 1.44 1.43 1.43 1.43 1.43 4.32 1.42 1.42 1.42 1.41 1.41 1.41 1.41 1.40 1.40 1.40 1.40 1.40 1.39 1.39 1.39 1.39 1.39 1.38 1.38 1.38 1.38 1.38 1.38 1.37 1.37 1.37 1.37 1.37 1.37 1.36 1.36 1.36 1.36 1.36 1.36 1.36 1.36 1.35 1.35 1.35 1.35 1.35 1.35 1.35 1.34 1.34 1.34 1.34 1.34 1.34 1.34 1.33 1.33 1.33 1.33 1.33
0.00 1.10 1.49 1.49 1.49 0.00 0.00 0.00 0.00 0.00 0.00 0.00 0.00 0.00 1.46 1.45 1.45 1.45 1.44 1.44 1.44 1.44 1.43 1.43 1.43 1.43 1.42 1.42 1.42 1.42 1.41 1.41 1.41 1.41 1.40 1.40 1.40 1.40 1.39 1.39 1.39 1.39 1.39 1.38 1.38 1.38 1.38 1.38 1.38 1.37 1.37 1.37 1.37 1.37 1.37 1.36 1.36 1.36 1.36 1.36 1.36 1.36 1.36 1.35 1.35 1.35 1.35 1.35 1.35 1.35 1.34 1.34 1.34 1.34 1.34 1.34 1.34 1.33 1.33 1.33 1.33 1.33 1.33 1.33
0.00 1.49 1.49 1.49 1.48 1.48 0.00 0.00 0.00 0.00 0.00 0.00 0.00 1.46 1.45 1.45 1.45 1.44 1.44 5.66 1.44 1.43 1.43 1.43 1.42 1.42 1.42 1.42 1.41 1.41 1.41 1.41 1.40 1.40 1.40 1.40 1.40 1.39 1.39 1.39 1.39 1.39 1.38 1.38 1.38 1.38 1.38 1.37 1.37 1.37 1.37 1.37 1.37 1.37 1.36 1.36 1.36 1.36 1.36 1.36 1.36 1.35 1.35 1.35 1.35 1.35 1.35 1.35 1.34 1.34 1.34 1.34 1.34 1.34 1.34 1.33 1.33 1.33 1.33 1.33 1.33 1.33 1.32 1.32
1.49 1.49 1.49 1.48 1.48 1.48 0.00 0.00 0.00 0.00 0.00 0.00 0.00 0.00 1.45 1.45 1.44 1.44 1.44 1.44 1.43 1.43 1.43 1.42 1.42 1.42 1.42 1.41 1.41 1.41 1.41 1.40 1.40 1.40 1.40 1.40 1.39 1.39 1.39 1.39 1.38 1.38 1.38 1.38 1.38 1.38 1.37 1.37 1.37 1.37 1.37 1.37 1.36 1.36 1.36 1.36 1.36 1.36 1.36 1.35 1.35 1.35 1.35 1.35 1.35 1.35 1.34 1.34 1.34 1.34 1.34 1.34 1.34 1.33 1.33 1.33 1.33 1.33 1.33 1.33 1.32 1.32 1.32 1.32
1.49 1.49 1.48 1.48 1.48 1.47 1.47 0.00 0.00 0.00 0.00 0.00 0.00 0.00 1.45 1.44 1.44 1.44 1.44 1.43 1.43 1.43 1.42 1.42 1.42 1.42 1.41 1.41 1.41 1.41 1.40 1.40 1.40 1.40 1.39 1.39 1.39 1.39 1.39 1.38 1.38 1.38 1.38 1.38 1.37 1.37 1.37 1.37 1.37 1.37 1.36 1.36 1.36 1.36 1.36 1.36 1.36 1.35 1.35 1.35 1.35 1.35 1.35 1.35 1.34 1.34 1.34 1.34 1.34 1.34 1.34 1.33 1.33 1.33 1.33 1.33 1.33 1.33 1.32 1.32 1.32 1.32 1.32 1.32
1.49 1.48 1.48 1.48 1.48 1.47 1.47 1.47 0.00 0.00 0.00 0.00 0.00 0.00 1.44 1.44 1.44 1.44 1.43 1.43 1.43 1.42 1.42 1.42 1.42 1.41 1.41 1.41 1.41 1.40 1.40 1.40 1.40 1.39 1.39 1.39 1.39 1.39 1.38 1.38 1.38 1.38 1.38 1.37 1.37 1.37 1.37 1.37 1.36 1.36 1.36 1.36 1.36 1.36 1.36 1.35 1.35 1.35 1.35 1.35 1.35 1.35 1.34 1.34 1.34 1.34 1.34 1.34 1.34 1.33 1.33 1.33 1.33 1.33 1.33 1.33 1.32 1.32 1.32 1.32 1.32 1.32 1.31 1.31
1.48 1.48 1.48 1.48 1.47 1.47 1.47 1.46 4.87 0.00 0.00 0.00 0.00 5.68 1.44 1.44 1.44 1.43 1.43 1.43 1.42 1.42 1.42 1.42 1.41 1.41 1.41 1.41 1.40 1.40 1.40 1.40 1.39 1.39 1.39 1.39 1.38 1.38 1.38 1.38 1.38 1.37 1.37 1.37 1.37 1.37 1.37 1.36 1.36 1.36 1.36 1.36 1.36 1.35 1.35 1.35 1.35 1.35 1.35 1.35 1.34 1.34 1.97 1.34 1.34 1.34 1.34 1.33 1.33 1.33 1.33 1.33 1.33 1.33 1.32 1.32 1.32 1.32 1.32 1.32 1.32 1.31 1.31 1.31
1.48 1.48 1.48 1.47 1.47 1.47 1.46 1.46 2.14 4.41 4.40 5.69 5.68 4.41 4.36 1.44 1.43 4.53 1.43 1.42 1.42 1.42 1.42 1.41 1.41 1.41 1.40 1.40 1.40 1.40 1.40 1.39 1.39 1.39 1.39 1.38 1.38 1.38 1.38 1.38 1.37 1.37 1.37 1.37 1.37 1.36 1.36 1.36 1.36 1.36 1.36 1.36 1.35 1.35 1.35 1.35 1.35 1.35 1.34 1.34 1.34 1.34 1.34 1.34 1.34 1.34 1.33 1.33 1.33 1.33 1.33 1.33 1.32 1.32 1.32 1.32 1.32 1.32 1.32 1.31 1.31 1.31 1.31 1.31
1.48 1.48 1.47 1.47 1.47 1.46 1.46 1.46 1.45 1.45 4.39 4.38 5.67 5.66 4.78 4.35 4.34 1.43 1.42 1.42 1.42 1.42 1.41 1.41 1.41 1.40 1.40 1.40 1.40 1.39 1.39 1.39 1.39 1.39 1.38 1.38 1.38 1.38 1.38 1.37 1.37 1.37 1.37 1.37 1.36 1.36 1.36 1.36 1.36 1.36 1.35 1.35 1.35 1.35 1.35 1.35 1.35 1.34 1.34 1.34 1.34 1.34 1.34 1.34 1.33 1.33 1.33 1.33 1.33 1.33 1.33 1.32 1.32 1.32 1.32 1.32 1.32 1.31 1.31 1.31 1.31 1.31 1.31 1.30
1.48 1.47 1.47 1.47 1.46 1.46 1.46 1.45 1.45 4.59 1.45 4.37 4.37 5.65 4.78 1.43 4.33 4.32 1.42 1.42 1.42 1.41 1.41 1.41 1.40 1.40 1.40 1.40 1.39 1.39 1.39 1.39 1.39 1.38 1.38 1.38 1.38 1.37 1.37 1.37 1.37 1.37 1.37 1.36 1.36 1.36 1.36 1.36 1.36 1.35 1.35 1.35 1.35 1.35 1.35 1.34 1.34 1.34 1.34 1.34 1.34 1.34 1.33 1.33 1.33 1.33 1.33 1.33 1.33 1.32 1.32 1.32 1.32 1.32 1.32 1.32 1.31 1.31 1.31 1.31 1.31 1.31 1.30 1.30
1.47 1.47 1.47 1.46 1.46 1.46 1.46 1.45 1.45 4.58 1.44 1.44 1.44 1.43 4.77 1.43 1.42 1.42 1.42 1.42 1.41 1.41 1.41 1.40 1.40 1.40 1.40 1.39 1.39 1.39 1.39 1.39 1.38 1.38 1.38 1.38 1.37 1.37 1.37 1.37 1.37 1.36 1.36 1.36 1.36 1.36 1.36 1.35 1.35 1.35 1.35 1.35 1.35 1.35 1.34 1.34 1.34 1.34 1.34 1.34 1.34 1.33 1.33 1.33 1.33 1.33 1.33 1.32 1.32 1.32 1.32 1.32 1.32 1.32 1.31 1.31 1.31 1.92 1.31 1.31 1.30 1.30 1.30 1.30
1.47 1.47 1.47 1.46 1.46 1.46 1.45 1.45 1.45 1.44 1.44 1.44 1.43 1.43 1.43 1.43 4.31 4.30 1.42 2.07 1.41 1.41 1.41 1.40 1.40 1.40 1.39 1.39 1.39 1.39 1.39 1.38 1.38 1.38 1.38 1.37 1.37 1.37 1.37 1.37 1.36 1.36 1.36 1.36 1.36 1.36 1.35 1.35 1.35 1.35 1.35 1.35 1.34 1.34 1.34 1.34 1.34 1.34 1.34 1.33 1.33 1.33 1.33 1.33 1.33 1.33 1.32 1.32 1.32 1.32 1.32 1.32 1.32 1.31 1.31 1.31 1.31 1.31 1.31 1.30 1.30 1.30 1.30 1.30
1.47 1.47 1.46 1.46 1.46 1.45 1.45 1.45 1.44 1.44 4.55 1.43 1.43 1.43 1.43 1.42 4.31 4.30 1.41 1.41 1.41 1.41 1.40 1.40 1.40 1.40 1.39 1.39 1.39 1.39 1.38 1.38 1.38 1.38 1.37 1.37 1.37 1.37 1.37 1.36 1.36 1.36 1.36 1.36 1.36 1.35 1.35 1.35 1.35 1.35 1.35 1.34 1.34 1.34 1.34 1.34 1.34 1.34 1.33 1.33 1.33 1.33 1.33 1.33 1.32 1.32 1.32 1.32 1.32 1.32 1.32 1.31 1.31 1.31 1.31 1.31 1.31 1.30 1.30 1.30 1.30 1.30 1.30 1.29
1.47 1.46 1.46 1.46 1.45 1.45 1.45 1.44 1.44 1.44 1.44 1.43 1.43 1.43 2.09 4.31 4.30 4.29 4.71 4.70 1.41 1.40 1.40 1.40 1.40 1.39 1.39 1.39 1.39 1.38 1.38 1.38 1.38 1.37 1.37 1.37 1.37 1.37 1.36 1.36 1.36 1.36 1.36 1.35 1.35 1.35 1.35 1.35 1.35 1.35 1.34 1.34 1.34 1.34 1.34 1.34 1.33 1.33 1.33 1.33 1.33 1.33 1.33 1.32 1.32 1.32 1.32 1.32 1.32 1.32 1.31 1.31 1.31 1.31 1.31 1.31 1.30 1.30 1.30 1.30 1.30 1.30 1.29 1.29
1.46 1.46 1.46 1.46 1.45 1.45 1.45 1.44 1.44 1.44 1.43 1.43 1.43 1.42 1.42 1.42 4.29 1.41 1.41 1.41 5.52 4.67 1.40 1.40 1.39 1.39 1.39 1.39 1.38 1.38 1.38 1.38 1.37 1.37 1.37 1.37 1.37 1.36 1.36 1.36 1.36 1.36 1.35 1.35 1.35 1.35 1.35 1.35 1.34 1.34 1.34 1.34 1.34 1.34 1.34 1.33 1.33 1.33 1.33 1.33 1.33 1.33 1.32 1.32 1.32 1.32 1.32 1.32 1.31 1.31 1.31 1.31 1.31 1.31 1.31 1.30 1.30 1.30 1.30 1.30 1.30 1.29 1.29 1.29
1.46 1.46 1.46 1.45 1.45 1.45 1.44 1.44 1.44 1.43 1.43 1.43 1.43 1.42 1.42 1.42 1.41 1.41 1.41 1.40 4.67 4.66 1.40 1.39 1.39 1.39 1.39 1.38 1.38 1.38 1.38 1.37 1.37 1.37 1.37 1.37 1.36 1.36 1.36 1.36 1.36 1.35 1.35 1.35 1.35 1.35 1.35 1.34 1.34 1.34 1.34 1.34 1.34 1.34 1.33 1.33 1.33 1.33 1.33 1.33 1.33 1.32 1.32 1.32 1.32 1.32 1.32 1.31 1.31 1.31 1.31 1.31 1.31 1.30 1.30 1.30 1.30 1.30 1.30 1.29 1.29 1.29 1.29 1.29
1.46 1.46 1.45 1.45 1.45 1.44 1.44 1.44 1.44 1.43 1.43 1.43 1.42 1.42 1.42 1.41 1.41 1.41 1.41 1.40 1.40 1.40 1.39 1.39 1.39 1.39 1.38 1.38 1.38 1.38 1.38 1.37 1.37 1.37 1.37 1.36 1.36 1.36 1.36 1.36 1.35 1.35 1.35 1.35 1.35 1.35 1.34 1.34 1.34 1.34 1.34 1.34 1.34 1.33 1.33 1.33 1.33 1.33 1.33 1.32 1.32 1.32 1.32 1.32 1.32 1.32 1.31 1.31 1.31 1.31 1.31 1.31 1.30 1.30 1.30 1.30 1.30 1.30 1.29 1.29 1.29 1.29 1.29 1.29
1.46 1.46 1.45 1.45 1.45 1.44 1.44 1.44 1.43 1.43 1.43 1.42 1.42 1.42 1.42 1.41 1.41 1.41 1.40 1.40 1.40 1.40 1.39 1.39 1.39 1.39 1.38 1.38 1.38 1.38 1.37 1.37 1.37 1.37 1.36 1.36 1.36 1.36 1.36 1.36 1.35 1.35 1.35 1.35 1.35 1.34 1.34 1.34 1.34 1.34 1.34 1.34 1.33 1.33 1.33 1.33 1.33 1.33 1.32 1.32 1.32 1.32 1.32 1.32 1.32 1.31 1.31 1.31 1.31 1.31 1.31 1.30 1.30 1.30 1.30 1.30 1.30 1.29 1.29 1.29 1.29 1.29 1.29 1.28
1.46 1.45 1.45 1.45 1.44 1.44 1.44 1.43 1.43 1.43 1.43 1.42 1.42 1.42 1.41 1.41 1.41 1.40 1.40 1.40 1.40 1.39 1.39 1.39 1.39 1.38 1.38 1.38 1.38 1.37 1.37 1.37 1.37 1.37 1.36 1.36 1.36 1.36 1.36 1.35 1.35 1.35 1.35 1.35 1.34 1.34 1.34 1.34 1.34 1.34 1.34 1.33 1.33 1.33 1.33 1.33 1.33 1.32 1.32 1.32 1.32 1.32 1.32 1.32 1.31 1.31 1.31 1.31 1.31 1.31 1.30 1.30 1.30 1.30 1.30 1.30 1.29 1.29 1.29 1.29 1.29 1.29 1.28 1.28
1.45 1.45 1.45 1.45 1.44 1.44 1.44 1.43 1.43 1.43 1.42 1.42 1.42 1.41 1.41 1.41 1.41 1.40 1.40 1.40 1.40 1.39 1.39 1.39 1.38 1.38 1.38 1.38 1.38 1.37 1.37 1.37 1.37 1.36 1.36 1.36 1.36 1.36 1.35 1.35 1.35 1.35 1.35 1.35 1.34 1.34 1.34 1.34 1.34 1.34 1.33 1.33 1.33 1.33 1.33 1.33 1.32 1.32 1.32 1.32 1.32 1.32 1.32 1.31 1.31 1.31 1.31 1.31 1.31 1.30 1.30 1.30 1.30 1.30 1.30 1.29 1.29 1.29 1.29 1.29 1.29 1.28 1.28 1.28
4.41 1.45 1.45 1.44 1.44 1.44 1.43 1.43 1.43 1.43 1.42 1.42 1.42 1.41 1.41 1.41 1.40 1.40 1.40 1.40 1.39 1.39 1.39 1.39 1.38 1.38 1.38 1.38 1.37 1.37 1.37 1.37 1.36 1.36 1.36 1.36 1.36 1.35 1.35 1.35 1.35 1.35 1.35 1.34 1.34 1.34 1.34 1.34 1.34 1.33 1.33 1.33 1.33 1.33 1.33 1.33 1.32 1.32 1.32 1.32 1.32 1.32 1.31 1.31 1.31 1.31 1.31 1.31 1.30 1.30 1.30 1.30 1.30 1.30 1.29 1.29 1.29 1.29 1.29 1.29 1.28 1.28 1.28 1.28
4.40 4.39 4.38 1.44 1.44 1.44 1.43 1.43 1.43 1.42 1.42 1.42 1.41 1.41 1.41 1.41 1.40 1.40 1.40 1.40 1.39 1.39 1.39 1.38 1.38 1.38 1.38 1.38 1.37 1.37 1.37 1.37 1.36 1.36 1.36 1.36 1.36 1.35 1.35 1.35 1.35 1.35 1.34 1.34 1.34 1.34 1.34 1.34 1.33 1.33 1.33 1.33 1.33 1.33 1.33 1.32 1.32 1.32 1.32 1.32 1.32 1.31 1.31 1.31 1.31 1.31 1.31 1.31 1.30 1.30 1.30 1.30 1.30 1.30 1.29 1.29 1.29 1.29 1.29 1.28 1.28 1.28 1.28 1.28
4.40 4.39 4.38 1.44 1.44 1.43 1.43 1.43 1.43 1.42 1.42 1.42 1.41 1.41 1.41 1.40 1.40 1.40 1.40 1.39 1.39 1.39 1.39 1.38 1.38 1.38 1.38 1.37 1.37 1.37 1.37 1.36 1.36 1.36 1.36 1.36 1.35 1.35 1.35 1.35 1.35 1.35 1.34 1.34 1.34 1.34 1.34 1.34 1.33 1.33 1.33 1.33 1.33 1.33 1.32 1.32 1.32 1.32 1.32 1.32 1.32 1.31 1.31 1.31 1.31 1.31 1.31 1.30 1.30 1.30 1.30 1.30 1.30 1.29 1.29 1.29 1.29 1.29 1.29 1.28 1.28 1.28 1.28 1.28
1.45 1.44 1.44 1.44 1.44 1.43 1.43 1.43 1.42 1.42 1.42 1.42 1.41 1.41 1.41 1.40 1.40 1.40 1.40 1.39 1.39 1.39 1.39 1.38 1.38 1.38 1.38 1.37 1.37 1.37 1.37 1.36 1.36 1.36 1.36 1.36 1.35 1.35 1.35 1.35 1.35 1.34 1.34 1.34 1.34 1.34 1.34 1.33 1.33 1.33 1.33 1.33 1.33 1.33 1.32 1.32 1.32 1.32 1.32 1.32 1.31 1.31 1.31 1.31 1.31 1.31 1.30 1.30 1.30 1.30 1.30 1.90 1.29 1.29 1.29 1.29 1.29 1.29 1.28 1.28 1.28 1.28 1.28 1.27
1.45 1.44 1.44 1.44 1.43 1.43 1.43 1.43 1.42 1.42 1.42 1.41 1.41 1.41 1.41 1.40 1.40 1.40 1.39 1.39 1.39 1.39 1.38 1.38 1.38 1.38 1.37 1.37 1.37 1.37 1.37 1.36 1.36 1.36 1.36 1.35 1.35 1.35 1.35 1.35 1.35 1.34 1.34 1.34 1.34 1.34 1.34 1.33 1.33 1.33 1.33 1.33 1.33 1.32 1.32 1.32 1.32 1.32 1.32 1.32 1.31 1.31 1.31 1.31 1.31 1.31 1.30 1.30 1.30 1.30 1.30 1.30 1.29 1.29 1.29 1.29 1.29 1.29 1.28 1.28 1.28 1.28 1.28 1.27
1.45 1.44 1.44 1.44 1.43 1.43 1.43 1.42 1.42 1.42 1.42 1.41 1.41 1.41 1.40 1.40 1.40 1.40 1.39 1.39 1.39 1.39 1.38 1.38 1.38 1.38 1.37 1.37 1.37 1.37 1.36 1.36 1.36 1.36 1.36 1.35 1.35 1.35 1.35 1.35 1.34 1.34 1.34 1.34 1.34 1.34 1.33 1.33 1.33 1.33 1.33 1.33 1.33 1.32 1.32 1.32 1.32 1.32 1.32 1.31 1.31 1.31 1.31 1.31 1.31 1.30 1.30 1.30 1.30 1.30 1.30 1.29 1.29 1.29 1.29 1.29 1.29 1.28 1.28 1.28 1.28 1.28 1.27 1.27
1.44 1.44 1.44 1.44 1.43 1.43 1.43 1.42 1.42 1.42 1.41 1.41 1.41 1.41 1.40 1.40 1.40 1.40 1.39 1.39 1.39 1.39 1.38 1.38 1.38 1.38 1.37 1.37 1.37 1.37 1.36 1.36 1.36 1.36 1.36 1.35 1.35 1.35 1.35 1.35 1.34 1.34 1.34 1.34 1.34 1.34 1.33 1.33 1.33 1.33 1.33 1.33 1.32 1.32 1.32 1.32 1.32 1.32 1.32 1.31 1.31 1.31 1.31 1.31 1.31 1.30 1.30 1.30 1.30 1.30 1.30 1.29 1.29 1.29 1.29 1.29 1.29 1.28 1.28 1.28 1.28 1.28 1.27 1.27
1.44 1.44 1.44 1.43 1.43 1.43 1.43 1.42 1.42 1.42 1.41 1.41 1.41 1.41 1.40 1.40 1.40 1.39 1.39 1.39 1.39 1.38 1.38 1.38 1.38 1.37 1.37 1.37 1.37 1.37 1.36 1.36 1.36 1.36 1.36 1.35 1.35 1.35 1.35 1.35 1.34 1.34 1.34 1.34 1.34 1.34 1.33 1.33 1.33 1.33 1.33 1.33 1.32 1.32 1.32 1.32 1.32 1.32 1.31 1.31 1.31 1.31 1.31 1.31 1.31 1.30 1.30 1.30 1.30 1.30 1.30 1.29 1.29 1.29 1.29 1.29 1.28 1.28 1.28 1.28 1.28 1.28 1.27 1.27
