New_Model_Runs/4_scn3_noclimate_out/post_prcessed_with_MFR/Monthly_summaries/actual_et_monthly_MAY.asc
NCOLS 700
NROWS 400
XLLCENTER 515000.000000
YLLCENTER 8409000.000000
CELLSIZE 50.000000
NODATA_value -999.000000
[rows 190 to 227 of 400, columns 168 to 251 of 700]
1.18 1.18 3.73 3.73 3.72 1.17 1.17 1.17 1.17 1.17 1.16 1.16 1.16 1.16 1.16 1.15 1.15 1.15 1.15 1.15 1.14 1.14 1.14 1.14 1.14 1.13 1.13 1.13 1.13 1.13 1.12 1.12 1.12 1.12 1.12 1.11 1.11 1.11 1.11 1.11 1.10 1.10 1.10 1.10 1.10 1.10 1.09 1.09 1.09 1.09 1.09 1.08 1.08 1.08 1.08 1.08 1.08 1.07 1.07 1.07 1.07 1.07 1.07 1.07 1.06 4.18 1.56 1.06 1.06 1.06 1.06 1.05 1.05 1.05 1.05 1.05 1.05 1.05 1.04 1.04 1.04 1.04 1.04 1.04
1.18 1.18 1.17 1.72 1.17 1.17 1.17 1.17 1.16 1.16 1.16 1.16 1.16 1.16 1.15 1.15 1.15 1.15 1.15 1.14 1.14 1.14 1.14 1.14 1.13 1.13 1.13 1.13 1.13 1.12 1.12 1.12 1.12 1.12 1.11 1.11 1.11 1.11 1.11 1.10 1.10 1.10 1.10 1.10 1.09 1.09 1.09 1.09 1.09 1.08 1.08 1.08 1.08 1.08 1.08 1.07 1.07 1.07 1.07 1.07 1.07 1.06 1.06 1.06 1.06 1.06 1.06 1.06 1.05 1.05 1.05 1.05 1.05 1.05 1.05 1.05 1.04 1.04 1.04 1.04 1.04 1.04 1.03 1.03
1.17 1.17 1.17 1.72 1.17 1.17 1.16 1.16 1.16 1.16 1.16 1.16 1.15 1.15 1.15 1.15 1.15 1.14 1.14 1.14 1.14 1.14 1.13 1.13 1.13 1.13 1.13 1.12 1.12 1.12 1.12 1.12 1.11 1.11 1.11 1.11 1.11 1.10 1.10 1.10 1.10 1.10 1.09 1.09 1.09 1.09 1.09 1.08 1.08 1.08 1.08 1.08 1.08 1.07 1.07 1.07 1.07 1.07 1.07 1.06 1.06 1.06 1.06 1.06 1.06 1.06 1.05 1.05 1.05 1.05 1.05 1.05 1.05 1.05 1.04 1.04 1.04 1.04 1.04 1.04 1.04 1.03 1.03 1.03
1.17 1.17 1.17 1.17 1.16 1.16 1.16 1.16 1.16 1.16 1.15 1.15 1.15 1.15 1.15 1.14 1.14 1.14 1.14 1.14 1.13 1.13 1.13 1.13 1.13 1.12 1.12 1.12 1.12 1.12 1.11 1.11 1.11 1.11 1.11 1.10 1.10 1.10 1.10 1.10 1.09 1.09 1.09 1.09 1.09 1.09 1.08 1.08 1.08 1.08 1.08 1.07 1.07 1.07 1.07 1.07 1.07 1.06 1.06 1.06 1.06 1.06 1.06 1.06 1.05 1.05 1.05 1.05 1.05 1.05 1.05 1.04 1.04 1.04 1.04 1.04 1.04 1.04 1.04 1.03 1.03 1.03 1.03 1.03
1.17 1.17 1.16 1.16 1.16 1.16 1.16 1.16 1.15 1.15 1.15 1.15 1.15 1.14 1.14 1.14 1.14 1.14 1.14 1.13 1.13 1.13 1.13 1.13 1.12 1.12 1.12 1.12 1.12 1.11 1.11 1.11 1.11 1.11 1.10 1.10 1.10 1.10 1.10 1.09 1.09 1.09 1.09 1.09 1.08 1.08 1.08 1.08 1.08 1.07 1.07 1.07 1.07 1.07 1.07 1.06 1.06 1.06 1.06 1.06 1.06 1.06 1.05 1.05 1.05 1.05 1.05 1.05 1.05 1.04 1.04 1.04 1.04 1.04 1.04 1.04 1.04 1.03 1.03 1.03 1.03 1.03 1.03 1.02
1.16 1.16 1.16 1.16 1.16 1.16 1.15 1.15 1.15 1.15 1.15 1.15 1.14 1.14 1.14 1.14 1.14 1.13 1.13 1.13 1.13 1.13 1.12 1.12 1.12 1.12 1.12 1.11 1.11 1.11 1.11 1.11 1.10 1.10 1.10 1.10 1.10 1.09 1.09 1.09 1.09 1.09 1.08 1.08 1.08 1.08 1.08 1.08 1.07 1.07 1.07 1.07 1.07 1.07 1.06 1.06 1.06 1.06 1.06 1.06 1.05 1.05 1.05 1.05 1.05 1.05 1.05 1.04 1.04 1.04 1.04 1.04 1.04 1.04 1.04 1.03 1.03 1.03 1.03 1.03 1.03 1.03 1.02 1.02
1.16 1.16 1.16 1.16 1.15 1.15 1.15 1.15 1.15 1.15 1.14 1.14 1.14 1.14 1.14 1.13 1.13 1.13 1.13 1.13 1.13 1.12 1.12 1.12 1.12 1.12 1.11 1.11 1.11 1.11 1.11 1.10 1.10 1.10 1.10 1.10 1.09 1.09 1.09 1.09 1.09 1.08 1.08 1.08 1.08 1.08 1.07 1.07 1.07 1.07 1.07 1.07 1.06 1.06 1.06 1.06 1.06 1.06 1.05 1.05 1.05 1.05 1.05 1.05 1.05 1.04 1.04 1.04 1.04 1.04 1.04 1.04 1.04 1.03 1.03 1.03 1.03 1.03 1.03 1.03 1.02 1.02 1.02 1.02
1.16 1.16 1.15 1.15 1.15 1.15 1.15 1.15 1.14 1.14 1.14 1.14 1.14 1.14 1.13 1.13 1.13 1.13 1.13 1.12 1.12 1.12 1.12 1.12 1.11 1.11 1.11 1.11 1.11 1.10 1.10 1.10 1.10 1.10 1.10 1.09 1.09 1.09 1.09 1.09 1.08 1.08 1.08 1.08 1.08 1.07 1.07 1.07 1.07 1.07 1.07 1.06 1.06 1.06 1.06 1.06 1.06 1.05 1.05 1.05 1.05 1.05 1.05 1.04 1.04 1.04 1.04 1.04 1.04 1.04 1.04 1.03 1.03 1.03 1.03 1.03 1.03 1.03 1.03 1.02 1.02 1.02 1.02 1.02
1.16 1.15 1.15 1.15 1.15 1.15 1.14 1.14 1.14 1.14 1.14 1.14 1.13 1.13 1.13 1.13 1.13 1.13 1.12 1.12 1.12 1.12 1.12 1.11 1.11 1.11 1.11 1.11 1.10 1.10 1.10 1.10 1.10 1.09 1.09 1.09 1.09 1.09 1.08 1.08 1.08 1.08 1.08 1.08 1.07 1.07 1.07 1.07 1.07 1.06 1.06 1.06 1.06 1.06 1.06 1.05 1.05 1.05 1.05 1.05 1.05 1.05 1.04 1.04 1.04 1.04 1.04 1.04 1.04 1.03 1.03 1.03 1.03 1.03 1.03 1.03 1.03 1.02 1.02 1.02 1.02 1.02 1.02 1.02
1.15 1.15 1.15 1.15 1.15 1.14 1.14 1.14 1.14 1.14 1.13 1.13 1.13 1.13 1.13 1.13 1.12 1.12 1.12 1.12 1.12 1.11 1.11 1.11 1.11 1.11 1.11 1.10 1.10 1.10 1.10 1.10 1.09 1.09 1.09 1.09 1.09 1.08 1.08 1.08 1.08 1.08 1.07 1.07 1.07 1.07 1.07 1.07 1.06 1.06 1.06 1.06 1.06 1.06 1.05 1.05 1.05 1.05 1.05 1.05 1.04 1.04 1.04 1.04 1.04 1.04 1.04 1.04 1.03 1.03 1.03 1.03 1.03 1.03 1.03 1.02 1.02 1.02 1.02 1.02 1.02 1.02 1.02 1.01
1.15 1.15 1.15 1.14 1.14 1.14 1.14 1.14 1.14 1.13 1.13 1.13 1.13 1.13 1.13 1.12 1.12 1.12 1.12 1.12 1.11 1.11 1.11 1.11 1.11 1.10 1.10 1.10 1.10 1.10 1.10 1.09 1.09 1.09 1.09 1.09 1.08 1.08 1.08 1.08 1.08 1.07 1.07 1.07 1.07 1.07 1.07 1.06 1.06 1.06 1.06 1.06 1.05 1.05 1.05 1.05 1.05 1.05 1.05 1.04 1.04 1.04 1.04 1.04 1.04 1.04 1.03 1.03 1.03 1.03 1.03 1.03 1.03 1.03 1.02 1.02 1.02 1.02 1.02 1.02 1.02 1.01 1.01 1.01
1.15 1.14 1.14 1.14 1.14 1.14 1.14 1.13 1.13 1.13 1.13 1.13 1.13 1.12 1.12 1.12 1.12 1.12 1.12 1.11 1.11 1.11 1.11 1.11 1.10 1.10 1.10 1.10 1.10 1.09 1.09 1.09 1.09 1.09 1.09 1.08 1.08 1.08 1.08 1.08 1.07 1.07 1.07 1.07 1.07 1.06 1.06 1.06 1.06 1.06 1.06 1.05 1.05 1.05 1.05 1.05 1.05 1.04 1.04 1.04 1.04 1.04 1.04 1.04 1.04 1.03 1.03 1.03 1.03 1.03 1.03 1.03 1.03 1.02 1.02 1.02 1.02 1.02 1.02 1.02 1.01 1.01 1.01 1.01
1.14 1.14 1.14 1.14 1.14 1.14 1.13 1.13 1.13 1.13 1.13 1.13 1.12 1.12 1.12 1.12 1.12 1.11 1.11 1.11 1.11 1.11 1.11 1.10 1.10 1.10 1.10 1.10 1.09 1.09 1.09 1.09 1.09 1.09 1.08 1.08 1.08 1.08 1.08 1.07 1.07 1.07 1.07 1.07 1.06 1.06 1.06 1.06 1.06 1.06 1.05 1.05 1.05 1.05 1.05 1.05 1.04 1.04 1.04 1.04 1.04 1.04 1.04 1.03 1.03 1.03 1.03 1.03 1.03 1.03 1.03 1.02 1.02 1.02 1.02 1.02 1.02 1.02 1.02 1.01 1.01 1.01 1.01 1.01
1.14 1.14 1.14 1.14 1.13 1.13 1.13 1.13 1.13 1.13 1.12 1.12 1.12 1.12 1.12 1.12 1.11 1.11 1.11 1.11 1.11 1.11 1.10 1.10 1.10 1.10 1.10 1.09 1.09 1.09 1.09 1.09 1.08 1.08 1.08 1.08 1.08 1.08 1.07 1.07 1.07 1.07 1.07 1.06 1.06 1.06 1.06 1.06 1.06 1.05 1.05 1.05 1.05 1.05 1.05 1.04 1.04 1.04 1.04 1.04 1.04 1.04 1.03 1.03 1.03 1.03 1.03 1.03 1.03 1.03 1.02 1.02 1.02 1.02 1.02 1.02 1.02 1.02 1.01 1.01 1.01 1.01 1.01 1.01
1.14 1.14 1.14 1.13 1.13 1.13 1.13 1.13 1.13 1.12 1.12 1.12 1.12 1.12 1.12 1.11 1.11 1.11 1.11 1.11 1.10 1.10 1.10 1.10 1.10 1.10 1.09 1.09 1.09 1.09 1.09 1.08 1.08 1.08 1.08 1.08 1.08 1.07 1.07 1.07 1.07 1.07 1.06 1.06 1.06 1.06 1.06 1.06 1.05 1.05 1.05 1.05 1.05 1.05 1.04 1.04 1.04 1.04 1.04 1.04 1.04 1.03 1.03 1.03 1.03 1.03 1.03 1.03 1.03 1.02 1.02 1.02 1.02 1.02 1.02 1.02 1.02 1.01 1.01 1.01 1.01 1.01 1.01 1.01
1.14 1.13 1.13 1.13 1.13 1.13 1.13 1.12 1.12 1.12 1.12 1.12 1.12 1.11 1.11 1.11 1.11 1.11 1.11 1.10 1.10 1.10 1.10 1.10 1.10 1.09 1.09 1.09 1.09 1.09 1.08 1.08 1.08 1.08 1.08 1.08 1.07 1.07 1.07 1.07 1.07 1.06 1.06 1.06 1.06 1.06 1.06 1.05 1.05 1.05 1.05 1.05 1.05 1.04 1.04 1.04 1.04 1.04 1.04 1.04 1.03 1.03 1.03 1.03 1.03 1.03 1.03 1.02 1.02 1.02 1.02 1.02 1.02 1.02 1.02 1.02 1.01 1.01 1.01 1.01 1.01 1.01 1.01 1.00
1.13 1.13 1.13 1.13 1.13 1.13 1.12 1.12 1.12 1.12 1.12 1.12 1.11 1.11 1.11 1.11 1.11 1.11 1.10 1.10 1.10 1.10 1.10 1.10 1.09 1.09 1.09 1.09 1.09 1.08 1.08 1.08 1.08 1.08 1.08 1.07 1.07 1.07 1.07 1.07 1.06 1.06 1.06 1.06 1.06 1.06 1.05 1.05 1.05 1.05 1.05 1.05 1.04 1.04 1.04 1.04 1.04 1.04 1.04 1.03 1.03 1.03 1.03 1.03 1.03 1.03 1.02 1.02 1.02 1.02 1.02 1.02 1.02 1.02 1.02 1.01 1.01 1.01 1.01 1.01 1.01 1.01 1.01 1.00
1.13 1.13 1.13 1.13 1.13 1.12 1.12 1.12 1.12 1.12 1.12 1.11 1.11 1.11 1.11 1.11 1.11 1.10 1.10 1.10 1.10 1.10 1.10 1.09 1.09 1.09 1.09 1.09 1.09 1.08 1.08 1.08 1.08 1.08 1.07 1.07 1.07 1.07 1.07 1.06 1.06 1.06 1.06 1.06 1.06 1.05 1.05 1.05 1.05 1.05 1.05 1.04 1.04 1.04 1.04 1.04 1.04 1.04 1.03 1.03 1.03 1.03 1.03 1.03 1.03 1.02 1.02 1.02 1.02 1.02 1.02 1.02 1.02 1.02 1.01 1.01 1.01 1.01 1.01 1.01 1.01 1.01 1.00 1.00
1.13 1.13 1.13 1.12 1.12 1.12 1.12 1.12 1.12 1.12 1.11 1.11 1.11 1.11 1.11 1.11 1.10 1.10 1.10 1.10 1.10 3.32 1.09 1.09 1.09 1.09 1.09 1.09 1.08 1.08 1.08 1.08 1.08 1.07 1.07 1.07 1.07 1.07 1.07 1.06 1.06 1.06 1.06 1.06 1.05 1.05 1.05 1.05 1.05 1.05 1.04 1.04 1.04 1.04 1.04 1.04 1.04 1.03 1.03 1.03 1.03 1.03 1.03 1.03 1.02 1.02 1.02 1.02 1.02 1.02 1.02 1.02 1.02 1.01 1.01 1.01 1.01 1.01 1.01 1.01 1.01 1.00 1.00 1.00
1.13 1.13 1.12 1.12 1.12 1.12 1.12 1.12 1.11 1.11 1.11 1.11 1.11 1.11 1.11 1.10 1.10 1.10 1.61 3.66 3.32 1.09 1.09 1.09 1.09 1.09 1.09 1.08 1.08 1.08 1.08 1.08 1.07 1.07 1.07 1.07 1.07 1.07 1.06 1.06 1.06 1.06 1.06 1.06 1.05 1.05 1.05 1.05 1.05 1.04 1.04 1.04 1.04 1.04 1.04 1.04 1.03 1.03 1.03 1.03 1.03 1.03 1.03 1.02 1.02 1.02 1.02 1.02 1.02 1.02 1.02 1.02 1.01 1.01 1.01 1.01 1.01 1.01 1.01 1.01 1.01 1.00 1.00 1.00
1.13 1.12 1.12 1.12 1.12 1.12 1.12 1.11 1.11 1.11 1.11 1.11 1.11 1.11 1.10 1.10 1.10 1.10 3.33 3.65 3.32 1.09 1.09 1.09 1.09 1.09 1.08 1.08 1.08 1.08 1.08 1.58 1.07 1.07 1.07 1.07 1.07 1.06 1.06 1.06 1.06 1.06 1.06 1.05 1.05 1.05 1.05 1.05 1.05 1.04 1.04 1.04 1.04 1.04 1.04 1.03 1.03 1.03 1.03 1.03 1.03 1.03 1.03 1.02 1.02 1.02 1.02 1.02 1.02 1.02 1.02 1.01 1.01 1.01 1.01 1.01 1.01 1.01 1.01 1.01 1.00 1.00 1.00 1.00
1.12 1.12 1.12 1.12 1.12 1.12 1.11 1.11 1.11 1.11 1.11 1.11 1.11 1.10 1.10 1.10 1.10 3.33 3.65 1.09 1.09 1.09 1.09 1.09 1.09 1.08 3.61 3.60 3.60 1.08 1.08 1.07 1.07 1.07 1.07 1.07 1.07 1.06 1.06 1.06 1.06 1.06 1.05 1.05 1.05 1.05 1.05 1.05 1.04 1.04 1.04 1.04 1.04 1.04 1.03 1.03 1.03 1.03 1.03 1.03 1.03 1.03 1.02 1.02 1.02 1.02 1.02 1.02 1.02 1.02 1.02 1.01 1.01 1.01 1.01 1.01 1.01 1.01 1.01 1.00 1.00 1.00 1.00 1.00
1.12 1.12 1.12 1.12 1.12 1.11 1.11 1.11 1.11 1.11 1.11 1.11 1.10 1.10 1.61 1.10 1.10 1.10 3.65 3.64 3.64 1.09 1.09 1.09 1.09 3.61 3.60 3.60 3.59 4.23 3.58 1.07 1.07 1.07 1.07 1.07 1.06 1.06 1.06 1.06 1.06 1.06 1.05 1.05 1.05 1.05 1.05 1.04 1.04 1.04 1.04 1.04 1.04 1.04 1.03 1.03 1.03 1.03 1.03 1.03 1.03 1.02 1.02 1.02 1.02 1.02 1.02 1.02 1.02 1.02 1.01 1.01 1.01 1.01 1.01 1.01 1.01 1.01 1.01 1.00 1.00 1.00 1.00 1.00
1.12 1.12 1.12 1.12 1.11 1.11 1.11 1.11 1.11 1.11 1.11 1.10 1.10 1.10 3.34 3.33 3.33 3.32 3.64 4.29 3.63 3.63 1.09 1.09 1.08 3.61 3.60 3.60 3.59 4.23 3.26 3.57 1.07 1.07 1.07 1.06 1.06 1.06 1.06 1.06 1.06 1.05 1.05 1.05 1.05 1.05 1.05 1.04 1.04 1.04 1.04 1.04 1.04 1.03 1.03 1.03 1.03 1.03 1.03 1.03 1.02 1.02 1.02 1.02 1.02 1.02 1.02 1.02 1.02 1.01 1.01 1.01 1.01 1.01 1.01 1.01 1.01 1.01 1.00 1.00 1.00 1.00 1.00 1.00
1.12 1.12 1.12 1.11 1.11 1.11 1.11 1.11 1.11 1.11 1.10 1.10 1.10 3.34 3.33 3.33 3.32 3.32 4.30 4.29 3.63 3.62 1.09 3.61 3.61 3.60 3.60 3.59 3.26 3.26 3.25 3.25 1.07 1.07 1.07 1.06 1.06 1.06 1.06 1.06 1.05 1.05 1.05 1.05 1.05 1.05 1.04 1.04 1.04 1.04 1.04 1.04 1.03 1.03 1.03 1.03 1.03 1.03 1.03 1.03 1.02 1.02 1.02 1.02 1.02 1.02 1.02 1.02 1.01 1.01 1.01 1.01 1.01 1.01 1.01 1.01 1.01 1.00 1.00 1.00 1.00 1.00 1.00 1.00
1.12 1.12 1.11 1.11 1.11 1.11 1.11 1.11 1.11 1.10 1.10 1.10 1.10 3.33 3.33 3.32 3.32 3.35 4.29 1.60 1.60 1.09 1.09 3.61 3.61 3.60 3.59 3.59 3.26 3.26 3.25 3.25 1.07 1.07 1.06 1.06 1.06 1.06 1.06 1.06 1.05 1.05 1.05 1.05 1.05 1.05 1.04 1.04 1.04 1.04 1.04 1.04 1.03 1.03 1.03 1.03 1.03 1.03 1.03 1.02 1.02 1.02 1.02 1.02 1.02 1.02 1.02 1.02 1.01 1.01 1.01 1.01 1.01 1.01 1.01 1.01 1.01 1.00 1.00 1.00 1.00 1.00 1.00 0.99
1.12 1.11 1.11 1.11 1.11 1.11 1.11 1.11 1.10 1.10 1.10 1.10 1.10 3.33 3.65 3.65 3.64 3.35 4.29 3.63 3.62 3.62 3.61 3.28 3.60 3.60 3.59 4.23 3.40 1.57 1.07 1.07 1.07 1.07 1.06 1.06 1.06 1.06 1.06 1.05 1.05 1.05 1.05 1.05 1.05 1.04 1.04 1.04 1.04 1.04 1.04 1.03 1.03 1.03 1.03 1.03 1.03 1.03 1.02 1.02 1.02 1.02 1.02 1.02 1.02 1.02 1.02 1.01 1.01 3.21 1.01 1.01 1.01 1.01 1.01 1.01 1.00 1.00 1.00 1.00 1.00 1.00 1.00 0.99
1.11 1.11 1.11 1.11 1.11 1.11 1.11 1.10 1.10 1.10 1.10 1.10 3.66 3.65 3.32 3.32 4.30 4.29 3.30 3.62 3.62 3.29 3.61 3.60 3.60 3.59 4.24 4.23 3.40 1.07 1.07 1.07 1.07 1.06 1.06 1.06 1.06 1.06 1.06 1.05 1.05 1.05 1.05 1.05 1.05 1.04 1.04 1.04 1.04 1.04 1.04 1.03 1.03 1.03 1.03 1.03 1.03 1.03 1.02 1.02 1.02 1.02 1.02 1.02 1.02 1.02 1.01 1.01 1.01 1.01 1.01 1.01 1.01 1.01 1.01 1.00 1.00 1.00 1.00 1.00 1.00 1.00 0.99 0.99
1.11 1.11 1.11 1.11 1.11 1.11 1.10 1.10 1.10 1.10 1.10 1.10 3.33 3.32 3.32 3.31 4.29 3.31 1.60 1.59 3.62 3.61 3.61 4.25 4.25 4.24 4.23 4.23 1.07 3.39 1.07 1.07 1.07 1.06 1.06 1.06 1.06 1.06 1.06 1.05 1.05 1.05 1.05 1.05 1.04 1.04 1.04 1.04 1.04 1.04 1.03 1.03 1.03 1.03 1.03 1.03 1.03 1.02 1.02 1.02 1.02 1.02 1.02 1.02 1.02 1.02 1.01 1.01 1.01 1.01 1.01 1.01 1.01 1.01 1.01 1.00 1.00 1.00 1.00 1.00 1.00 1.00 0.99 0.99
1.11 1.11 1.11 1.11 1.11 1.11 1.10 1.10 1.10 1.10 1.10 3.33 3.32 3.32 3.32 4.29 4.29 3.30 3.62 3.29 3.29 1.08 4.25 4.25 4.24 4.24 4.23 1.07 1.07 1.07 1.07 1.07 1.07 1.06 1.06 1.06 1.06 1.06 1.55 1.05 1.05 1.05 1.05 1.05 1.04 1.04 1.04 1.04 1.04 1.04 1.03 1.03 1.03 1.03 1.03 1.03 1.03 1.02 1.02 1.02 1.02 1.02 1.02 1.02 1.02 1.01 1.01 1.01 1.01 1.01 1.01 1.01 1.01 1.01 1.00 1.00 1.00 1.00 1.00 1.00 1.00 0.99 0.99 0.99
1.11 1.11 1.11 1.11 1.11 1.10 1.10 1.10 1.10 1.10 1.10 3.65 3.32 3.32 4.30 4.29 3.31 3.30 3.30 3.44 3.29 1.08 4.25 4.25 4.24 4.23 4.23 3.26 1.07 1.07 1.07 1.07 1.06 1.06 1.06 1.06 1.06 1.06 1.05 1.54 1.05 1.05 1.05 1.04 3.48 3.47 3.47 1.04 1.04 1.03 1.03 1.03 1.03 1.03 1.03 1.03 1.02 1.02 1.02 1.02 1.02 1.02 1.02 1.02 1.02 1.01 1.01 1.01 1.01 1.01 1.01 1.01 1.01 1.01 1.00 1.00 1.00 1.00 1.00 1.00 1.00 0.99 0.99 0.99
1.11 1.11 1.11 1.11 1.10 1.10 1.10 1.10 1.10 1.10 1.10 1.10 3.32 4.30 4.29 4.29 3.30 3.62 3.29 3.29 1.08 1.08 1.08 4.24 4.24 4.23 3.26 3.25 3.25 1.07 1.07 3.55 1.06 1.06 1.06 1.06 1.06 1.06 1.54 1.54 1.05 1.05 1.05 3.48 3.48 3.47 3.46 1.04 1.04 1.03 1.03 1.03 1.03 1.03 1.03 1.03 1.02 1.02 1.02 1.02 1.02 1.02 1.02 1.02 1.01 1.01 1.01 1.01 1.01 1.01 1.01 1.01 1.01 1.00 1.00 1.00 1.00 1.00 1.00 1.00 0.99 0.99 0.99 0.99
1.11 1.11 1.11 1.11 1.10 1.10 1.10 1.10 1.10 1.10 1.10 1.09 3.60 3.59 4.29 4.29 3.30 3.30 3.29 3.29 3.28 1.08 3.28 3.27 3.27 4.23 4.22 3.57 1.07 3.24 3.56 1.07 1.06 1.06 1.06 3.53 1.55 1.05 1.54 1.54 1.05 3.49 3.49 3.48 3.47 3.47 3.46 1.04 1.04 1.03 1.03 1.03 1.03 1.03 1.03 1.03 1.02 1.02 1.02 1.02 1.02 1.02 1.02 1.02 1.01 1.01 1.01 3.20 3.20 1.01 1.01 1.01 1.01 1.00 1.00 1.00 1.00 1.00 1.00 1.00 0.99 0.99 0.99 0.99
1.11 1.11 1.11 1.10 1.10 1.10 1.10 1.10 1.10 1.10 1.10 1.09 3.60 4.27 4.21 4.26 3.58 3.62 3.62 3.29 3.28 3.28 3.27 3.59 4.23 3.26 3.26 3.57 3.57 3.56 3.55 3.23 3.22 3.54 1.06 3.53 3.52 1.05 3.19 3.19 3.50 3.49 3.48 3.48 3.47 3.47 1.04 1.04 1.03 1.03 1.03 1.03 1.03 1.03 1.03 1.02 1.02 1.02 1.02 1.02 1.02 1.02 1.02 3.21 3.21 3.21 3.20 3.20 3.20 3.19 3.19 3.19 3.18 3.18 1.00 1.00 1.00 1.00 1.00 0.99 0.99 0.99 0.99 0.99
1.11 1.11 1.10 1.10 1.10 1.10 1.10 1.10 1.10 1.10 1.09 1.09 1.09 3.31 4.27 4.20 3.58 3.58 3.57 3.57 3.28 3.28 3.27 4.24 4.23 3.26 3.57 3.25 1.07 1.07 3.23 3.23 3.22 3.54 3.21 3.21 3.20 3.20 3.19 3.50 3.49 3.49 3.48 3.48 3.47 1.04 1.04 1.04 1.03 1.03 1.03 1.03 1.03 1.03 1.03 1.02 1.02 1.02 1.02 1.02 1.02 1.02 1.02 3.21 3.21 3.21 3.20 3.20 3.20 3.19 3.19 3.18 1.00 1.00 1.00 1.00 1.00 1.00 1.00 0.99 0.99 0.99 0.99 0.99
1.11 1.11 1.10 1.10 1.10 1.10 1.10 1.10 1.10 1.10 1.09 1.09 3.59 3.59 4.26 3.21 4.26 3.57 3.29 3.57 3.28 3.28 3.27 3.55 3.26 3.26 3.57 3.25 3.56 3.56 3.55 3.23 3.22 3.53 3.21 3.21 3.20 3.51 3.50 3.50 3.49 3.49 3.48 3.47 3.47 3.46 3.46 3.45 3.45 3.44 3.44 3.43 3.43 3.42 3.42 1.02 1.02 1.02 1.02 1.02 1.02 1.02 1.02 3.21 3.21 3.20 3.20 1.01 1.01 3.19 1.01 1.01 1.00 1.00 1.00 1.00 1.00 1.00 0.99 0.99 0.99 0.99 0.99 0.98
1.11 1.10 1.10 1.10 1.10 1.10 1.10 1.10 1.10 1.09 1.09 3.60 3.31 3.31 3.30 4.26 4.25 3.29 3.29 3.28 3.28 3.27 3.27 3.55 3.26 3.26 3.53 1.07 3.56 3.56 3.55 3.23 3.22 3.21 3.21 3.20 3.20 3.51 3.50 3.50 3.49 3.48 3.48 3.47 3.47 3.46 3.46 3.45 3.45 3.44 3.43 3.12 4.04 4.04 3.42 3.24 1.02 1.02 1.02 1.02 1.02 1.02 1.01 3.21 3.21 1.01 1.01 1.01 3.19 3.19 3.19 3.18 1.00 1.00 1.00 1.00 1.00 1.00 0.99 0.99 0.99 0.99 0.99 0.98
1.11 1.10 1.10 1.10 1.10 1.10 1.10 1.10 1.10 1.09 1.09 3.31 3.31 3.31 3.58 3.30 4.20 4.25 1.08 4.18 4.23 3.27 3.27 4.17 4.21 3.54 3.53 3.53 3.52 3.52 3.51 3.22 3.54 3.53 3.53 3.52 3.20 3.51 3.19 3.18 3.18 3.48 3.48 3.47 3.47 3.46 3.45 3.45 3.44 3.44 4.05 3.12 3.42 3.42 4.03 3.24 3.41 3.23 1.02 1.02 1.02 3.39 1.01 1.01 3.21 1.01 1.01 1.01 3.19 1.01 1.01 1.00 1.00 1.00 1.00 1.00 1.00 1.00 0.99 0.99 0.99 0.99 0.99 0.98
