New_Model_Runs/4_scn3_noclimate_out/post_prcessed_with_MFR/Monthly_summaries/actual_et_monthly_JUL.asc
NCOLS 700
NROWS 400
XLLCENTER 515000.000000
YLLCENTER 8409000.000000
CELLSIZE 50.000000
NODATA_value -999.000000
[rows 266 to 303 of 400, columns 168 to 251 of 700]
3.29 3.28 3.27 3.27 3.26 1.07 1.07 1.07 1.07 1.06 1.06 1.06 1.06 1.06 1.05 1.05 1.05 1.05 1.04 1.04 1.04 1.04 1.03 1.03 1.03 1.03 1.02 1.02 1.02 1.02 3.07 1.01 1.01 1.01 1.00 1.00 1.00 1.00 0.99 0.99 0.99 0.98 0.98 3.20 0.97 0.97 0.97 0.97 2.92 3.15 2.98 2.97 2.97 2.96 2.87 2.86 2.86 3.13 2.84 2.84 2.83 2.82 2.82 2.81 2.81 3.64 3.63 2.80 2.79 2.79 2.79 2.79 3.61 3.62 3.61 3.62 3.62 2.66 3.55 2.80 2.81 2.81 2.82 2.82
3.15 3.15 3.14 4.24 3.26 3.26 1.07 1.07 1.07 1.06 1.06 1.06 1.06 1.06 1.05 1.05 1.05 1.05 1.04 1.04 1.04 1.04 1.04 1.03 1.03 1.03 1.03 1.02 1.02 1.02 3.08 3.07 3.36 1.01 1.01 1.00 1.00 1.00 0.99 0.99 0.99 0.98 0.98 0.98 3.19 0.97 0.97 0.97 0.96 3.15 2.89 2.89 2.88 2.87 2.87 2.87 2.86 2.85 3.69 2.84 3.11 2.82 2.82 2.81 2.81 2.80 3.63 3.63 2.79 2.79 2.79 2.79 3.61 3.62 3.61 3.62 2.66 3.33 3.32 3.32 3.32 2.81 2.82 2.82
3.15 3.15 3.14 3.91 3.14 3.24 1.07 1.07 1.07 1.07 1.06 1.06 1.06 1.06 1.05 1.05 1.05 1.05 1.05 1.04 1.04 1.04 1.04 1.03 1.03 1.03 1.03 1.02 1.02 1.02 3.08 3.08 3.36 3.29 1.01 1.00 1.00 1.00 1.00 0.99 0.99 0.99 0.98 0.98 2.96 2.95 0.97 2.94 2.93 3.15 2.89 2.89 2.88 2.95 0.95 2.86 2.86 2.85 2.85 2.84 2.83 2.83 2.82 3.65 3.64 3.64 3.63 3.63 3.62 2.79 2.79 2.79 3.62 3.62 3.62 2.65 2.80 2.80 3.54 2.81 2.81 3.53 3.31 2.82
3.74 3.74 3.91 3.91 3.13 3.13 1.07 1.07 1.07 1.07 1.06 1.06 1.06 1.06 1.06 1.05 1.05 1.05 1.05 1.04 1.04 1.04 1.04 1.04 1.03 1.03 1.03 1.03 1.02 1.02 1.02 3.08 3.37 1.01 1.01 1.01 1.00 1.00 1.00 0.99 0.99 2.99 2.98 0.98 3.20 2.96 2.95 2.94 2.93 3.15 2.97 2.89 0.95 0.95 0.95 2.86 2.86 2.86 3.69 2.84 2.83 2.83 2.82 2.82 2.81 2.81 3.64 3.63 3.63 2.80 3.62 2.79 2.79 3.61 3.61 3.62 2.80 2.80 2.80 2.81 2.81 2.81 3.30 0.93
3.15 3.14 3.91 3.14 3.13 3.13 1.07 1.07 1.07 1.07 1.07 2.88 2.88 3.20 1.06 1.06 1.05 1.05 1.05 1.05 1.04 1.04 1.04 1.04 1.03 1.03 1.03 1.03 1.03 1.02 3.39 3.09 3.37 1.01 1.01 1.01 1.00 1.00 1.00 1.00 0.99 3.00 2.99 2.98 3.20 3.19 2.95 3.73 3.78 2.90 0.96 0.96 0.96 0.95 2.86 2.86 2.87 2.86 2.85 2.84 2.84 2.83 2.82 2.82 3.64 2.81 2.81 3.63 3.08 3.07 3.62 3.07 3.62 3.62 3.61 2.80 2.80 2.80 2.80 2.81 2.81 2.82 2.82 0.93
3.14 3.91 2.50 3.14 3.13 3.13 1.08 1.07 1.07 1.07 1.56 2.88 2.87 2.87 1.06 1.06 1.05 1.05 1.05 3.32 1.53 1.04 1.04 1.04 1.04 1.03 1.03 1.03 3.41 3.40 3.40 3.39 3.38 3.37 1.01 1.01 1.01 1.00 1.00 1.00 3.24 3.00 3.22 2.98 2.98 3.20 2.96 3.74 0.97 0.97 0.96 0.96 0.96 0.95 2.86 2.86 2.87 2.86 3.62 2.85 2.84 2.83 2.83 3.65 3.65 3.65 3.63 2.81 3.63 3.07 3.62 2.65 3.07 3.61 3.61 2.80 2.80 2.80 2.81 3.53 2.81 2.82 2.83 0.94
3.14 3.73 3.91 3.13 1.08 1.08 1.08 1.07 1.07 1.07 2.87 2.87 1.06 1.06 1.06 1.06 2.86 3.20 3.19 3.19 3.45 3.31 1.53 1.04 1.04 1.04 2.79 3.05 3.05 3.05 3.05 3.05 3.05 3.05 2.91 1.48 1.01 1.00 1.00 1.00 1.00 0.99 2.79 2.79 2.78 2.78 2.77 3.03 3.03 0.97 0.96 0.96 0.96 0.96 2.86 2.86 2.87 2.87 2.69 2.69 2.84 2.84 2.83 3.65 3.66 2.68 2.67 3.64 2.81 3.62 3.62 3.63 3.61 3.61 3.63 2.80 3.30 2.81 2.81 3.30 3.29 2.82 2.83 0.94
3.14 3.91 3.14 1.08 1.08 1.08 1.08 1.08 1.07 1.07 2.87 2.87 1.07 1.06 1.06 1.06 1.06 3.09 3.08 3.19 3.01 3.08 1.53 1.53 1.04 3.18 3.04 3.04 3.04 3.04 3.05 3.05 3.04 3.04 3.04 2.79 2.79 2.79 1.00 1.00 1.00 0.99 2.78 2.78 2.77 2.77 2.77 2.76 0.97 0.97 0.97 0.96 0.96 2.93 2.86 0.95 2.88 3.40 3.61 3.60 3.60 3.38 2.84 3.36 3.57 2.68 3.65 2.81 0.93 0.93 3.62 2.65 2.65 3.61 3.64 3.30 3.30 2.81 2.81 3.29 3.52 3.52 3.55 2.84
3.73 3.91 3.91 1.09 1.08 1.08 1.08 3.04 3.04 2.87 2.87 1.57 1.07 1.06 1.06 1.06 1.06 1.06 3.19 3.19 3.00 1.05 1.05 1.04 3.16 3.16 3.17 3.30 3.03 3.03 3.02 3.02 3.04 3.04 3.01 3.39 2.78 1.01 1.01 1.47 1.47 2.78 2.77 2.77 2.77 2.76 2.76 3.00 3.00 2.75 0.97 2.74 0.96 0.96 2.86 2.85 0.95 0.95 2.87 2.86 3.38 3.37 3.37 2.94 2.83 3.57 3.56 3.55 3.65 2.66 2.65 2.65 2.64 3.64 2.81 2.81 3.30 3.52 2.81 2.82 3.29 3.52 2.82 2.89
3.73 3.91 3.91 1.09 1.08 3.04 3.15 3.04 2.87 2.87 2.98 2.87 2.87 1.07 1.06 1.06 1.06 1.06 3.19 3.19 2.98 1.05 3.13 3.13 3.14 3.15 3.15 3.16 3.01 3.02 3.02 3.02 3.02 3.02 3.67 1.02 1.01 2.77 1.01 1.00 1.00 1.00 2.77 2.76 2.76 2.76 2.75 2.75 2.75 2.74 2.74 2.73 2.73 2.87 2.86 0.96 0.95 0.95 2.87 2.87 3.60 3.37 2.95 2.84 2.84 3.34 3.56 3.55 3.55 3.54 2.62 2.61 3.53 2.81 2.81 2.81 2.81 2.81 2.82 2.89 2.89 1.38 1.38 3.28
3.73 3.91 3.91 1.09 1.09 1.08 1.08 3.04 2.87 2.87 2.87 2.87 1.07 1.07 1.07 1.06 1.06 1.06 3.20 2.96 1.05 3.10 3.11 3.12 3.12 3.13 3.13 3.14 3.27 3.02 3.01 3.01 3.01 3.01 3.01 3.30 2.76 1.01 1.01 1.01 2.76 1.00 2.76 2.76 2.75 2.75 0.99 2.74 2.96 3.35 2.73 2.73 2.72 2.72 2.72 2.85 0.96 2.84 3.61 2.87 2.87 2.86 2.95 3.58 3.57 3.34 3.56 3.33 3.32 2.62 3.54 3.54 3.53 3.30 2.82 2.82 2.82 3.52 2.82 2.89 2.89 2.82 2.83 3.28
4.25 3.14 3.14 1.09 1.09 1.09 1.08 2.87 2.87 2.87 2.87 3.03 1.07 1.07 1.07 1.07 1.06 1.06 1.06 3.13 3.08 3.08 3.09 3.10 3.10 3.11 3.12 3.12 3.01 3.01 2.99 3.00 3.00 3.00 3.64 3.64 2.74 1.02 2.76 2.75 1.01 2.75 2.75 2.75 0.99 0.99 0.99 0.99 2.73 2.73 2.73 2.72 2.72 2.72 2.71 2.71 2.85 2.84 3.61 3.60 3.59 2.87 2.95 3.58 2.64 3.56 3.33 3.55 3.55 2.83 2.83 3.31 2.82 3.53 2.82 2.82 2.82 2.82 3.52 3.29 3.28 2.83 2.83 2.89
3.72 3.14 3.14 1.09 1.09 3.15 3.15 2.98 2.87 2.87 1.08 1.08 1.07 1.07 1.07 1.07 1.07 1.06 1.06 1.06 3.06 3.07 3.07 3.08 3.09 3.09 3.10 3.10 3.01 3.01 1.04 1.03 1.03 1.03 3.63 3.63 2.73 1.02 1.02 2.75 2.75 2.75 1.00 1.00 1.00 0.99 0.99 0.99 0.99 2.93 2.72 2.72 2.71 2.71 2.71 2.70 2.70 3.53 2.89 3.60 3.60 2.95 2.95 3.58 3.57 2.63 2.63 2.62 3.32 2.83 3.31 2.91 3.54 3.53 3.53 3.29 2.83 2.83 2.83 2.83 2.89 2.83 2.83 2.84
3.72 3.72 3.14 3.05 1.09 3.04 3.15 3.04 2.98 3.14 1.08 1.08 1.08 1.07 1.07 1.07 1.07 1.07 1.06 1.06 3.04 3.05 3.06 3.06 3.07 3.07 3.08 3.09 3.09 3.00 1.04 3.14 1.03 1.03 3.00 2.74 1.02 1.50 2.74 2.72 2.74 2.74 1.01 1.00 1.00 1.00 0.99 0.99 0.99 2.72 2.72 2.71 2.71 2.70 2.70 2.70 2.69 2.78 2.90 2.89 2.88 3.59 3.59 3.58 3.57 2.63 2.62 2.62 3.32 3.32 2.84 2.91 3.30 3.30 3.30 3.29 2.83 2.83 2.83 2.83 2.83 2.84 2.84 3.52
3.72 3.91 3.14 3.13 1.09 1.09 1.09 3.14 1.09 1.08 1.08 1.08 3.13 1.58 1.07 1.07 1.07 1.07 3.01 2.84 3.53 3.03 3.04 3.04 3.05 3.06 3.06 3.07 3.08 2.99 3.59 3.59 1.04 3.24 3.60 2.73 1.51 2.73 2.73 2.73 2.73 1.01 1.01 1.01 1.00 1.00 1.00 0.99 0.99 2.71 2.71 2.70 2.70 2.70 2.70 2.69 2.78 2.78 2.77 2.89 2.89 2.88 3.59 2.64 3.58 2.63 3.57 3.56 2.85 2.85 2.84 2.84 2.91 2.91 2.91 2.84 2.84 2.84 2.84 2.84 2.84 2.84 2.84 2.84
3.91 3.91 3.91 3.90 1.09 1.09 1.09 1.09 3.19 1.09 1.08 1.08 3.22 3.88 3.77 1.07 3.02 1.07 1.07 2.79 2.94 3.01 3.02 3.03 3.03 3.04 3.05 3.05 3.20 2.98 2.98 3.58 2.95 3.22 2.99 2.72 2.72 2.72 2.72 2.72 2.72 1.02 2.72 1.01 1.01 1.00 2.72 2.71 1.00 2.71 2.71 2.70 2.70 3.28 2.69 2.78 2.78 2.78 2.77 2.77 2.92 3.73 3.73 3.58 3.58 3.34 2.86 3.33 2.86 2.85 2.85 2.92 2.91 2.91 2.84 2.84 2.84 2.84 2.90 2.90 2.90 2.85 2.85 0.96
3.73 3.72 3.91 3.90 1.10 1.09 1.09 1.09 3.19 1.09 1.09 1.08 3.22 3.22 3.69 3.69 3.87 3.10 3.12 3.50 2.93 2.93 2.94 3.01 3.15 3.16 2.96 2.96 2.92 2.97 3.56 3.57 3.20 3.57 2.85 2.70 2.71 2.71 2.71 2.72 1.02 2.72 2.72 2.72 1.01 2.71 2.69 2.71 2.71 2.70 2.70 2.70 2.69 2.87 2.87 3.38 2.78 2.77 2.76 2.76 2.88 3.74 2.68 2.68 2.88 2.87 2.87 2.87 2.86 2.86 2.86 2.92 2.92 2.85 2.85 2.85 2.85 2.85 3.30 2.85 2.91 2.85 2.85 2.85
3.14 3.14 3.91 2.48 3.90 1.10 1.09 1.09 1.09 1.09 1.09 1.09 1.08 1.08 3.69 2.47 3.87 3.10 3.48 2.28 3.12 3.49 3.50 3.53 2.32 3.52 2.94 2.95 3.54 2.96 2.36 3.57 3.58 2.37 1.53 2.69 2.69 2.70 2.70 2.70 1.03 1.02 1.02 1.02 2.71 2.71 2.70 2.70 2.70 2.70 3.26 3.26 0.99 3.26 0.99 0.98 3.36 3.36 2.75 2.76 2.89 3.55 3.74 3.74 2.89 2.88 2.88 2.87 2.87 2.87 2.86 2.92 2.92 2.92 2.86 2.86 2.85 2.85 3.30 2.86 2.86 2.86 2.86 2.86
3.16 3.93 3.74 3.92 3.14 1.10 1.10 3.79 1.09 1.09 1.09 1.09 1.09 1.08 2.47 2.47 3.87 3.69 3.46 3.47 2.27 3.50 3.51 3.51 3.52 3.53 3.53 2.32 2.33 3.55 2.34 3.56 3.56 2.36 1.53 1.53 2.68 2.68 1.04 1.03 1.03 2.66 1.02 2.70 2.70 2.70 2.70 2.85 2.69 2.66 2.66 2.85 1.00 0.99 0.99 2.68 2.67 3.35 2.77 2.90 2.90 3.54 2.89 2.95 3.59 2.89 2.88 3.34 2.88 2.87 2.87 2.93 2.87 2.86 2.86 2.86 2.86 2.92 2.92 2.86 2.86 2.86 2.87 2.87
3.93 3.75 3.16 3.15 3.74 1.10 3.79 3.71 3.71 3.71 3.71 1.09 3.89 3.90 3.90 2.47 3.71 3.71 3.47 3.48 3.48 3.12 3.13 3.13 2.93 2.94 2.30 2.31 3.16 2.32 2.33 2.33 3.55 2.34 2.66 2.66 1.53 1.04 1.04 1.04 1.03 2.65 2.69 2.69 2.65 2.69 2.69 2.84 2.69 2.69 2.69 2.68 2.68 1.00 2.83 2.67 2.67 2.83 3.34 2.76 2.90 3.54 3.53 2.89 2.96 3.59 3.34 3.58 3.58 2.88 2.88 2.94 2.87 2.87 2.87 2.93 2.93 2.93 2.93 2.87 2.87 2.87 2.87 2.88
3.94 3.75 3.16 3.16 3.15 3.05 3.79 3.71 1.61 3.71 3.89 3.14 3.91 2.47 3.90 3.72 2.47 2.23 2.89 2.89 2.90 2.91 3.11 3.49 3.50 3.13 2.29 3.14 3.15 3.52 2.31 3.53 2.33 3.54 2.34 3.55 2.93 2.93 2.93 2.63 1.04 2.64 2.64 2.64 2.68 2.68 2.68 2.68 2.68 2.68 2.68 2.68 1.01 1.00 2.67 2.67 2.67 2.67 2.66 3.33 3.32 3.53 3.53 2.90 2.89 3.35 3.59 3.59 2.89 3.58 2.89 2.94 2.88 2.88 2.88 2.94 2.93 2.93 2.88 2.98 3.52 3.07 2.99 3.00
3.94 3.94 3.75 3.93 3.16 3.59 3.92 3.74 3.71 2.47 3.91 3.91 3.91 2.48 3.90 3.72 3.72 3.06 1.08 1.08 2.89 2.90 3.10 2.91 3.48 2.87 3.50 3.13 3.14 2.30 2.30 3.52 3.53 3.17 3.54 2.95 2.96 2.96 2.92 2.92 1.04 1.04 2.63 2.63 1.03 2.67 3.21 2.82 3.21 2.67 1.02 1.01 1.01 1.01 1.01 1.00 2.66 2.66 2.66 2.65 2.80 3.53 3.53 2.90 3.52 2.91 2.91 2.91 2.90 2.90 2.90 2.89 3.58 3.58 2.89 2.89 2.89 2.94 2.99 2.99 3.00 3.53 3.53 3.01
2.49 2.49 3.94 3.93 3.74 3.74 2.48 3.74 3.92 3.15 3.14 3.25 3.73 3.14 3.14 3.24 3.72 3.05 1.09 1.09 2.88 3.08 2.89 2.90 2.86 2.91 3.48 3.49 2.92 3.50 3.14 3.14 2.94 2.94 2.31 3.53 3.17 2.91 2.91 2.96 2.92 1.04 1.04 2.65 1.04 1.03 2.80 2.80 2.66 2.66 1.02 1.02 2.66 2.66 1.01 1.01 2.65 2.80 3.20 3.19 3.19 2.33 3.52 3.16 3.16 2.90 2.73 2.91 3.35 2.91 2.91 2.90 2.90 2.90 2.95 3.00 3.54 3.54 3.01 3.01 3.54 3.54 3.54 3.54
3.76 3.94 3.75 3.94 3.93 3.93 3.93 2.48 2.48 3.74 3.15 3.25 2.48 3.91 3.14 3.14 3.30 1.09 1.09 3.05 3.43 3.44 2.88 2.89 2.85 2.86 2.90 2.91 2.91 3.12 3.13 2.93 2.93 2.93 3.52 3.52 2.94 2.95 2.95 2.95 2.95 2.95 1.05 1.04 1.04 2.73 2.79 2.79 2.65 1.03 1.03 1.02 1.02 1.02 1.02 1.02 1.01 3.19 2.64 2.64 3.53 3.52 2.91 2.91 3.16 3.15 3.15 2.90 2.92 2.92 2.92 2.97 3.02 3.11 3.10 3.02 3.55 3.55 3.55 3.55 3.55 3.55 3.55 3.34
3.17 3.17 3.17 3.17 3.94 3.75 2.49 3.93 2.48 2.48 3.92 3.73 3.73 3.92 3.14 3.14 3.25 2.80 1.09 1.09 1.09 2.83 2.87 2.88 2.84 2.85 2.89 2.90 2.91 2.91 2.91 3.49 3.50 2.93 2.93 2.93 3.52 2.94 2.94 2.90 2.90 2.95 2.63 1.05 1.05 1.04 1.04 1.04 1.04 1.03 1.51 1.03 1.03 1.03 2.73 2.73 1.02 1.02 3.18 2.22 3.52 2.92 2.92 3.51 3.51 3.15 3.15 3.14 1.00 2.98 2.98 2.98 3.04 3.04 3.04 3.04 1.48 3.56 3.04 3.56 3.56 3.56 3.34 3.34
3.76 3.76 3.76 3.94 3.94 3.75 3.93 3.93 3.93 2.48 3.74 3.74 3.74 3.92 3.15 3.14 2.79 2.80 2.84 2.85 1.09 1.09 2.86 2.83 2.88 2.84 2.89 2.89 2.90 2.90 2.91 2.91 3.49 3.12 3.13 2.93 2.93 2.29 2.93 2.90 2.94 2.90 2.62 1.05 1.54 2.71 1.05 1.04 1.04 1.04 1.04 1.04 1.03 1.03 1.03 2.72 1.50 1.02 2.77 2.21 2.32 3.52 2.92 2.92 2.91 2.91 2.91 2.91 1.01 2.67 2.99 2.99 3.13 3.05 3.05 3.57 1.02 1.02 3.06 3.57 3.57 3.35 3.35 3.35
3.77 3.95 3.95 3.17 3.17 3.17 3.17 3.75 3.16 3.93 3.16 3.16 3.74 2.48 3.74 3.92 2.83 2.79 2.84 2.84 1.10 1.09 1.09 2.86 2.87 2.87 2.88 2.88 2.89 2.89 2.90 2.90 2.91 3.11 2.92 2.92 2.92 2.93 2.93 2.93 2.93 2.94 2.94 1.06 1.06 2.62 1.05 1.05 1.05 1.05 1.04 1.04 1.04 1.04 1.04 1.03 1.03 2.62 3.17 2.21 3.52 2.92 2.92 2.92 2.92 2.91 2.91 2.91 1.02 1.02 2.67 2.99 3.07 3.07 3.07 1.02 1.02 3.07 3.81 3.36 3.36 3.36 3.36 3.36
3.96 3.77 3.95 3.95 3.95 3.76 3.17 3.94 3.17 3.94 3.16 3.16 3.16 3.26 3.74 3.74 3.38 2.83 2.83 2.83 2.84 2.84 2.81 2.85 2.86 2.87 2.87 2.88 2.88 2.89 2.89 2.90 3.10 3.48 2.91 2.91 2.92 2.92 2.92 2.93 2.93 2.93 2.93 1.56 1.06 1.06 1.06 1.05 1.05 1.05 1.05 1.05 1.05 1.04 1.04 1.04 1.04 1.52 2.76 3.16 3.51 2.92 2.92 3.51 2.92 2.92 2.91 1.03 1.03 1.03 1.03 2.90 3.08 3.08 1.03 1.03 3.09 3.83 3.63 3.63 3.37 3.37 3.37 3.37
2.50 3.96 3.77 3.96 3.95 3.76 3.17 3.17 3.17 3.75 3.17 3.16 3.16 3.16 3.93 3.27 2.15 2.15 3.39 3.01 3.02 3.02 2.80 2.85 2.85 3.42 3.05 2.87 2.88 2.88 2.89 3.46 3.46 2.90 2.90 2.87 2.91 2.91 2.92 2.92 2.92 2.93 2.93 3.14 3.14 1.06 1.06 1.06 1.06 1.06 1.05 1.05 1.05 1.05 1.05 1.05 1.05 1.04 3.15 2.75 2.30 2.92 2.92 2.30 3.50 3.14 3.13 3.13 1.04 2.87 2.87 2.90 2.90 1.04 1.04 1.04 3.10 3.38 3.65 3.65 3.38 2.59 2.59 3.38
2.51 3.97 3.96 3.77 3.18 3.18 3.18 3.18 3.17 3.76 3.94 3.94 3.17 3.94 3.27 3.27 2.82 3.38 2.15 2.15 3.01 3.39 2.16 3.40 2.85 3.04 3.05 2.86 2.87 3.44 3.07 3.45 3.45 2.89 2.90 2.90 2.91 3.48 3.11 2.92 2.92 2.92 2.92 3.13 3.13 3.13 3.14 2.74 2.74 1.06 1.06 1.06 2.60 2.60 1.05 1.05 1.05 1.05 1.05 1.05 3.51 2.88 2.92 3.50 3.50 3.50 3.13 2.91 3.13 3.49 2.91 2.90 2.86 2.86 1.05 3.62 3.62 3.62 3.86 3.66 3.39 3.66 3.66 3.39
2.51 3.97 3.78 3.78 3.77 3.18 3.18 3.18 3.18 3.18 3.17 3.95 3.76 3.17 3.28 2.82 2.82 3.00 3.38 3.38 2.15 3.39 3.39 3.02 2.84 3.03 2.85 2.86 2.86 2.83 2.83 3.44 3.45 3.45 2.89 2.90 2.90 2.90 3.10 3.11 2.91 3.49 2.92 3.05 3.13 3.13 3.13 3.13 2.74 1.07 1.07 1.06 2.60 1.06 1.06 2.57 1.06 1.06 1.06 1.06 1.06 3.50 2.92 2.92 2.92 2.92 3.13 3.13 3.13 1.05 1.05 2.87 2.90 2.90 2.90 2.90 3.63 3.63 3.63 3.14 3.67 3.67 2.98 3.40
2.51 3.97 3.78 3.78 3.97 3.19 3.19 3.18 3.18 3.18 3.18 3.18 3.95 3.17 3.17 2.99 2.82 3.37 2.82 2.82 3.38 3.39 3.39 3.39 3.40 3.03 3.03 2.85 2.86 3.42 2.87 2.83 3.07 3.45 2.89 2.89 3.09 2.86 2.90 2.91 2.91 2.87 2.87 2.87 2.92 3.12 3.13 3.13 3.13 1.07 1.07 1.07 1.07 1.07 2.57 1.07 1.07 1.06 1.06 1.06 3.50 2.28 2.92 2.92 2.92 2.92 2.92 2.88 3.12 2.91 3.49 3.11 2.91 2.90 2.90 2.90 2.90 3.15 3.89 3.89 3.89 3.68 3.68 3.00
3.20 3.98 3.78 3.78 3.78 3.19 3.19 3.19 3.19 3.18 3.96 3.96 3.18 3.18 3.28 3.36 2.99 2.82 2.82 2.82 2.83 2.83 2.83 3.02 3.02 3.40 3.40 2.96 3.41 3.42 3.42 3.43 3.43 3.44 3.44 2.89 3.08 3.09 2.90 2.90 2.86 2.86 2.91 2.87 2.87 2.92 3.12 1.08 1.08 1.08 1.08 1.08 1.08 1.07 2.59 1.07 1.07 1.07 2.59 2.93 3.50 3.13 2.92 2.92 3.50 2.92 2.92 2.92 2.92 2.92 2.91 2.91 2.91 2.91 3.10 2.90 3.47 2.24 2.68 3.90 3.17 3.01 3.69 3.01
3.20 3.20 3.79 2.51 3.20 3.19 3.19 3.19 3.19 3.19 3.19 3.96 3.96 3.18 3.18 2.98 2.99 2.99 3.37 2.82 2.82 2.83 2.83 2.83 2.84 3.02 3.40 3.40 3.03 2.18 3.04 2.19 2.20 2.20 2.88 2.88 3.07 3.08 3.46 2.85 2.86 2.90 2.91 2.91 2.87 2.91 2.92 2.92 2.92 2.93 2.58 1.08 1.08 1.08 1.08 1.08 2.72 2.72 2.88 1.08 2.92 3.13 2.92 2.92 3.12 3.12 3.12 2.92 2.92 2.92 2.91 2.91 2.91 3.48 3.47 3.10 3.10 3.47 2.24 3.18 3.91 3.70 3.43 3.70
3.20 3.20 3.20 2.51 3.98 3.20 3.19 3.97 3.97 3.19 3.19 3.78 3.19 3.29 3.96 3.35 2.98 2.99 2.99 2.82 3.38 2.83 2.83 2.83 2.83 3.39 3.40 2.16 3.40 3.03 3.04 3.04 3.42 2.20 3.43 2.88 3.44 3.45 2.89 2.89 2.85 2.86 2.90 2.90 2.86 2.91 2.91 2.92 2.92 2.92 2.92 2.92 1.09 1.09 1.09 1.09 2.55 2.88 2.88 1.08 2.92 2.92 2.92 2.92 2.92 2.92 2.92 2.92 3.49 2.92 2.92 2.91 2.91 3.10 3.10 3.47 3.47 3.47 2.23 2.23 2.69 3.67 3.44 3.44
3.21 3.21 3.20 3.98 3.98 3.79 3.79 3.20 3.19 3.19 3.30 3.78 3.30 3.30 2.76 2.80 3.36 3.36 3.37 3.00 2.82 2.79 2.79 3.01 2.83 2.84 2.84 3.40 3.40 3.41 3.41 3.41 3.04 3.42 3.43 3.43 2.21 2.88 2.88 2.89 2.89 3.46 3.46 2.86 2.86 2.91 3.10 3.11 2.92 2.92 2.92 2.92 2.92 1.09 1.09 1.09 2.88 2.88 2.92 2.92 3.49 2.92 2.92 2.92 3.12 2.92 2.92 2.92 3.49 3.49 3.48 3.11 2.25 2.25 3.47 3.10 3.47 3.09 3.46 2.23 3.45 3.94 3.45 3.44
3.21 3.21 3.21 3.21 3.98 2.51 3.79 3.20 3.20 3.20 3.97 3.97 2.51 3.19 2.79 3.35 3.35 3.36 3.36 2.81 2.82 2.79 2.79 2.83 2.83 2.84 3.02 2.84 2.84 3.41 2.85 2.85 2.86 3.42 2.86 2.87 3.43 3.44 2.21 2.88 2.89 3.08 3.08 3.09 2.86 2.90 3.10 3.11 3.11 2.92 3.11 2.87 2.92 2.92 1.10 1.10 2.92 2.88 2.92 2.92 3.49 2.92 2.92 2.92 2.92 2.92 2.92 2.92 2.92 2.92 2.92 2.91 3.48 2.25 3.47 3.10 3.47 2.82 3.21 2.23 2.22 2.80 3.73 3.73
3.21 3.99 3.21 3.80 3.98 2.51 3.79 3.79 3.20 3.20 3.98 3.98 3.97 3.30 2.79 2.79 3.35 3.35 3.36 2.81 2.82 2.82 3.01 2.83 2.83 3.39 3.39 2.84 3.40 2.85 2.85 2.81 2.86 2.86 2.86 2.87 2.87 3.06 3.06 2.21 3.07 3.08 2.89 2.90 2.90 2.90 2.91 2.91 2.87 2.91 2.91 1.10 1.10 2.91 1.10 2.87 2.92 2.88 2.92 3.11 3.11 2.88 3.11 2.92 2.92 2.92 2.92 2.92 2.92 2.92 3.11 2.91 3.10 3.10 3.47 3.47 3.47 2.82 3.21 2.66 3.20 3.20 3.19 3.74
