New_Model_Runs/4_scn3_noclimate_out/post_prcessed_with_MFR/Monthly_summaries/actual_et_monthly_SEP.asc
NCOLS 700
NROWS 400
XLLCENTER 515000.000000
YLLCENTER 8409000.000000
CELLSIZE 50.000000
NODATA_value -999.000000
[rows 190 to 227 of 400, columns 168 to 251 of 700]
1.32 1.31 4.16 4.15 4.15 1.31 1.31 1.31 1.30 1.30 1.30 1.30 1.30 1.30 1.30 1.30 1.29 1.29 1.29 1.29 1.29 1.29 1.29 1.29 1.28 1.28 1.28 1.28 1.28 1.28 1.28 1.28 1.27 1.27 1.27 1.27 1.27 1.27 1.27 1.26 1.26 1.26 1.26 1.26 1.26 1.25 1.25 1.25 1.25 1.25 1.24 1.24 1.24 1.24 1.24 1.23 1.23 1.23 1.23 1.22 1.22 1.22 1.21 1.21 1.21 4.74 1.76 1.20 1.20 1.19 1.19 1.19 1.19 1.18 1.18 1.18 1.18 1.17 1.17 1.17 1.17 1.16 1.16 1.16
1.31 1.31 1.31 1.92 1.31 1.31 1.30 1.30 1.30 1.30 1.30 1.30 1.30 1.29 1.29 1.29 1.29 1.29 1.29 1.29 1.29 1.28 1.28 1.28 1.28 1.28 1.28 1.28 1.28 1.27 1.27 1.27 1.27 1.27 1.27 1.27 1.26 1.26 1.26 1.26 1.26 1.26 1.25 1.25 1.25 1.25 1.25 1.25 1.24 1.24 1.24 1.24 1.24 1.23 1.23 1.23 1.23 1.22 1.22 1.22 1.22 1.21 1.21 1.21 1.20 1.20 1.20 1.20 1.19 1.19 1.19 1.18 1.18 1.18 1.18 1.17 1.17 1.17 1.17 1.16 1.16 1.16 1.16 1.16
1.31 1.31 1.31 1.91 1.30 1.30 1.30 1.30 1.30 1.30 1.30 1.29 1.29 1.29 1.29 1.29 1.29 1.29 1.28 1.28 1.28 1.28 1.28 1.28 1.28 1.28 1.27 1.27 1.27 1.27 1.27 1.27 1.27 1.26 1.26 1.26 1.26 1.26 1.26 1.26 1.25 1.25 1.25 1.25 1.25 1.24 1.24 1.24 1.24 1.24 1.23 1.23 1.23 1.23 1.23 1.22 1.22 1.22 1.22 1.21 1.21 1.21 1.20 1.20 1.20 1.20 1.19 1.19 1.19 1.19 1.18 1.18 1.18 1.18 1.17 1.17 1.17 1.17 1.16 1.16 1.16 1.16 1.15 1.15
1.31 1.31 1.30 1.30 1.30 1.30 1.30 1.30 1.30 1.29 1.29 1.29 1.29 1.29 1.29 1.29 1.28 1.28 1.28 1.28 1.28 1.28 1.28 1.27 1.27 1.27 1.27 1.27 1.27 1.27 1.26 1.26 1.26 1.26 1.26 1.26 1.26 1.25 1.25 1.25 1.25 1.25 1.25 1.24 1.24 1.24 1.24 1.24 1.23 1.23 1.23 1.23 1.23 1.22 1.22 1.22 1.22 1.21 1.21 1.21 1.21 1.20 1.20 1.20 1.19 1.19 1.19 1.19 1.18 1.18 1.18 1.18 1.17 1.17 1.17 1.17 1.16 1.16 1.16 1.16 1.16 1.15 1.15 1.15
1.30 1.30 1.30 1.30 1.30 1.30 1.30 1.29 1.29 1.29 1.29 1.29 1.29 1.29 1.28 1.28 1.28 1.28 1.28 1.28 1.28 1.27 1.27 1.27 1.27 1.27 1.27 1.26 1.26 1.26 1.26 1.26 1.26 1.26 1.25 1.25 1.25 1.25 1.25 1.25 1.24 1.24 1.24 1.24 1.24 1.24 1.23 1.23 1.23 1.23 1.22 1.22 1.22 1.22 1.22 1.21 1.21 1.21 1.21 1.20 1.20 1.20 1.20 1.19 1.19 1.19 1.19 1.18 1.18 1.18 1.18 1.17 1.17 1.17 1.17 1.16 1.16 1.16 1.16 1.16 1.15 1.15 1.15 1.15
1.30 1.30 1.30 1.30 1.30 1.29 1.29 1.29 1.29 1.29 1.29 1.29 1.28 1.28 1.28 1.28 1.28 1.28 1.27 1.27 1.27 1.27 1.27 1.27 1.27 1.26 1.26 1.26 1.26 1.26 1.26 1.25 1.25 1.25 1.25 1.25 1.25 1.25 1.24 1.24 1.24 1.24 1.24 1.23 1.23 1.23 1.23 1.23 1.22 1.22 1.22 1.22 1.22 1.21 1.21 1.21 1.21 1.20 1.20 1.20 1.20 1.19 1.19 1.19 1.19 1.18 1.18 1.18 1.18 1.17 1.17 1.17 1.17 1.16 1.16 1.16 1.16 1.16 1.15 1.15 1.15 1.15 1.15 1.14
1.30 1.30 1.30 1.29 1.29 1.29 1.29 1.29 1.29 1.29 1.28 1.28 1.28 1.28 1.28 1.28 1.27 1.27 1.27 1.27 1.27 1.27 1.27 1.26 1.26 1.26 1.26 1.26 1.26 1.25 1.25 1.25 1.25 1.25 1.25 1.24 1.24 1.24 1.24 1.24 1.24 1.23 1.23 1.23 1.23 1.23 1.22 1.22 1.22 1.22 1.22 1.21 1.21 1.21 1.21 1.20 1.20 1.20 1.20 1.19 1.19 1.19 1.19 1.18 1.18 1.18 1.18 1.17 1.17 1.17 1.17 1.17 1.16 1.16 1.16 1.16 1.15 1.15 1.15 1.15 1.15 1.15 1.14 1.14
1.30 1.29 1.29 1.29 1.29 1.29 1.29 1.29 1.28 1.28 1.28 1.28 1.28 1.28 1.27 1.27 1.27 1.27 1.27 1.27 1.26 1.26 1.26 1.26 1.26 1.26 1.26 1.25 1.25 1.25 1.25 1.25 1.25 1.24 1.24 1.24 1.24 1.24 1.23 1.23 1.23 1.23 1.23 1.23 1.22 1.22 1.22 1.22 1.22 1.21 1.21 1.21 1.21 1.20 1.20 1.20 1.20 1.19 1.19 1.19 1.19 1.18 1.18 1.18 1.18 1.17 1.17 1.17 1.17 1.17 1.16 1.16 1.16 1.16 1.16 1.15 1.15 1.15 1.15 1.15 1.14 1.14 1.14 1.14
1.29 1.29 1.29 1.29 1.29 1.29 1.28 1.28 1.28 1.28 1.28 1.28 1.27 1.27 1.27 1.27 1.27 1.27 1.26 1.26 1.26 1.26 1.26 1.26 1.25 1.25 1.25 1.25 1.25 1.25 1.24 1.24 1.24 1.24 1.24 1.24 1.23 1.23 1.23 1.23 1.23 1.23 1.22 1.22 1.22 1.22 1.21 1.21 1.21 1.21 1.21 1.20 1.20 1.20 1.20 1.19 1.19 1.19 1.19 1.18 1.18 1.18 1.18 1.18 1.17 1.17 1.17 1.17 1.16 1.16 1.16 1.16 1.16 1.15 1.15 1.15 1.15 1.15 1.15 1.14 1.14 1.14 1.14 1.14
1.29 1.29 1.29 1.29 1.28 1.28 1.28 1.28 1.28 1.28 1.27 1.27 1.27 1.27 1.27 1.27 1.26 1.26 1.26 1.26 1.26 1.26 1.25 1.25 1.25 1.25 1.25 1.25 1.24 1.24 1.24 1.24 1.24 1.24 1.23 1.23 1.23 1.23 1.23 1.22 1.22 1.22 1.22 1.22 1.21 1.21 1.21 1.21 1.21 1.20 1.20 1.20 1.20 1.19 1.19 1.19 1.19 1.19 1.18 1.18 1.18 1.18 1.17 1.17 1.17 1.17 1.17 1.16 1.16 1.16 1.16 1.16 1.15 1.15 1.15 1.15 1.15 1.14 1.14 1.14 1.14 1.14 1.14 1.13
1.29 1.29 1.29 1.28 1.28 1.28 1.28 1.28 1.28 1.27 1.27 1.27 1.27 1.27 1.27 1.26 1.26 1.26 1.26 1.26 1.25 1.25 1.25 1.25 1.25 1.25 1.24 1.24 1.24 1.24 1.24 1.24 1.23 1.23 1.23 1.23 1.23 1.22 1.22 1.22 1.22 1.22 1.21 1.21 1.21 1.21 1.21 1.20 1.20 1.20 1.20 1.20 1.19 1.19 1.19 1.19 1.18 1.18 1.18 1.18 1.17 1.17 1.17 1.17 1.17 1.16 1.16 1.16 1.16 1.16 1.15 1.15 1.15 1.15 1.15 1.15 1.14 1.14 1.14 1.14 1.14 1.13 1.13 1.13
1.29 1.28 1.28 1.28 1.28 1.28 1.28 1.27 1.27 1.27 1.27 1.27 1.27 1.26 1.26 1.26 1.26 1.26 1.26 1.25 1.25 1.25 1.25 1.25 1.24 1.24 1.24 1.24 1.24 1.24 1.23 1.23 1.23 1.23 1.23 1.22 1.22 1.22 1.22 1.22 1.21 1.21 1.21 1.21 1.21 1.20 1.20 1.20 1.20 1.20 1.19 1.19 1.19 1.19 1.18 1.18 1.18 1.18 1.18 1.17 1.17 1.17 1.17 1.16 1.16 1.16 1.16 1.16 1.15 1.15 1.15 1.15 1.15 1.15 1.14 1.14 1.14 1.14 1.14 1.14 1.13 1.13 1.13 1.13
1.28 1.28 1.28 1.28 1.28 1.27 1.27 1.27 1.27 1.27 1.27 1.26 1.26 1.26 1.26 1.26 1.26 1.25 1.25 1.25 1.25 1.25 1.24 1.24 1.24 1.24 1.24 1.24 1.23 1.23 1.23 1.23 1.23 1.22 1.22 1.22 1.22 1.22 1.21 1.21 1.21 1.21 1.21 1.20 1.20 1.20 1.20 1.20 1.19 1.19 1.19 1.19 1.19 1.18 1.18 1.18 1.18 1.17 1.17 1.17 1.17 1.16 1.16 1.16 1.16 1.16 1.15 1.15 1.15 1.15 1.15 1.15 1.14 1.14 1.14 1.14 1.14 1.14 1.14 1.13 1.13 1.13 1.13 1.13
1.28 1.28 1.28 1.28 1.27 1.27 1.27 1.27 1.27 1.27 1.26 1.26 1.26 1.26 1.26 1.25 1.25 1.25 1.25 1.25 1.25 1.24 1.24 1.24 1.24 1.24 1.23 1.23 1.23 1.23 1.23 1.22 1.22 1.22 1.22 1.22 1.22 1.21 1.21 1.21 1.21 1.21 1.20 1.20 1.20 1.20 1.19 1.19 1.19 1.19 1.19 1.18 1.18 1.18 1.18 1.17 1.17 1.17 1.17 1.17 1.16 1.16 1.16 1.16 1.16 1.15 1.15 1.15 1.15 1.15 1.15 1.14 1.14 1.14 1.14 1.14 1.14 1.13 1.13 1.13 1.13 1.13 1.13 1.12
1.28 1.28 1.27 1.27 1.27 1.27 1.27 1.27 1.26 1.26 1.26 1.26 1.26 1.26 1.25 1.25 1.25 1.25 1.25 1.24 1.24 1.24 1.24 1.24 1.23 1.23 1.23 1.23 1.23 1.22 1.22 1.22 1.22 1.22 1.22 1.21 1.21 1.21 1.21 1.21 1.20 1.20 1.20 1.20 1.20 1.19 1.19 1.19 1.19 1.18 1.18 1.18 1.18 1.18 1.17 1.17 1.17 1.17 1.16 1.16 1.16 1.16 1.16 1.15 1.15 1.15 1.15 1.15 1.15 1.14 1.14 1.14 1.14 1.14 1.14 1.14 1.13 1.13 1.13 1.13 1.13 1.13 1.12 1.12
1.28 1.27 1.27 1.27 1.27 1.27 1.27 1.26 1.26 1.26 1.26 1.26 1.25 1.25 1.25 1.25 1.25 1.24 1.24 1.24 1.24 1.24 1.24 1.23 1.23 1.23 1.23 1.23 1.22 1.22 1.22 1.22 1.22 1.21 1.21 1.21 1.21 1.21 1.20 1.20 1.20 1.20 1.20 1.19 1.19 1.19 1.19 1.19 1.18 1.18 1.18 1.18 1.17 1.17 1.17 1.17 1.17 1.16 1.16 1.16 1.16 1.16 1.15 1.15 1.15 1.15 1.15 1.14 1.14 1.14 1.14 1.14 1.14 1.14 1.13 1.13 1.13 1.13 1.13 1.13 1.13 1.12 1.12 1.12
1.27 1.27 1.27 1.27 1.27 1.26 1.26 1.26 1.26 1.26 1.26 1.25 1.25 1.25 1.25 1.25 1.24 1.24 1.24 1.24 1.24 1.23 1.23 1.23 1.23 1.23 1.22 1.22 1.22 1.22 1.22 1.21 1.21 1.21 1.21 1.21 1.21 1.20 1.20 1.20 1.20 1.20 1.19 1.19 1.19 1.19 1.18 1.18 1.18 1.18 1.18 1.17 1.17 1.17 1.17 1.17 1.16 1.16 1.16 1.16 1.15 1.15 1.15 1.15 1.15 1.15 1.14 1.14 1.14 1.14 1.14 1.14 1.14 1.13 1.13 1.13 1.13 1.13 1.13 1.12 1.12 1.12 1.12 1.12
1.27 1.27 1.27 1.27 1.26 1.26 1.26 1.26 1.26 1.25 1.25 1.25 1.25 1.25 1.24 1.24 1.24 1.24 1.24 1.24 1.23 1.23 1.23 1.23 1.23 1.22 1.22 1.22 1.22 1.22 1.21 1.21 1.21 1.21 1.21 1.20 1.20 1.20 1.20 1.20 1.19 1.19 1.19 1.19 1.19 1.18 1.18 1.18 1.18 1.18 1.17 1.17 1.17 1.17 1.16 1.16 1.16 1.16 1.16 1.15 1.15 1.15 1.15 1.15 1.15 1.14 1.14 1.14 1.14 1.14 1.14 1.13 1.13 1.13 1.13 1.13 1.13 1.13 1.12 1.12 1.12 1.12 1.12 1.12
1.27 1.27 1.27 1.26 1.26 1.26 1.26 1.26 1.25 1.25 1.25 1.25 1.25 1.24 1.24 1.24 1.24 1.24 1.23 1.23 1.23 3.73 1.23 1.22 1.22 1.22 1.22 1.22 1.21 1.21 1.21 1.21 1.21 1.20 1.20 1.20 1.20 1.20 1.20 1.19 1.19 1.19 1.19 1.19 1.18 1.18 1.18 1.18 1.17 1.17 1.17 1.17 1.17 1.16 1.16 1.16 1.16 1.16 1.15 1.15 1.15 1.15 1.15 1.14 1.14 1.14 1.14 1.14 1.14 1.14 1.13 1.13 1.13 1.13 1.13 1.13 1.13 1.12 1.12 1.12 1.12 1.12 1.12 1.11
1.27 1.27 1.26 1.26 1.26 1.26 1.26 1.25 1.25 1.25 1.25 1.25 1.24 1.24 1.24 1.24 1.24 1.23 1.81 4.10 3.72 1.23 1.22 1.22 1.22 1.22 1.22 1.21 1.21 1.21 1.21 1.21 1.20 1.20 1.20 1.20 1.20 1.19 1.19 1.19 1.19 1.19 1.18 1.18 1.18 1.18 1.18 1.17 1.17 1.17 1.17 1.17 1.16 1.16 1.16 1.16 1.16 1.15 1.15 1.15 1.15 1.15 1.14 1.14 1.14 1.14 1.14 1.14 1.13 1.13 1.13 1.13 1.13 1.13 1.13 1.13 1.12 1.12 1.12 1.12 1.12 1.12 1.11 1.11
1.27 1.26 1.26 1.26 1.26 1.26 1.25 1.25 1.25 1.25 1.25 1.24 1.24 1.24 1.24 1.24 1.23 1.23 3.73 4.09 3.72 1.22 1.22 1.22 1.22 1.21 1.21 1.21 1.21 1.21 1.21 1.76 1.20 1.20 1.20 1.20 1.19 1.19 1.19 1.19 1.19 1.18 1.18 1.18 1.18 1.18 1.17 1.17 1.17 1.17 1.17 1.16 1.16 1.16 1.16 1.16 1.15 1.15 1.15 1.15 1.15 1.14 1.14 1.14 1.14 1.14 1.14 1.13 1.13 1.13 1.13 1.13 1.13 1.13 1.12 1.12 1.12 1.12 1.12 1.12 1.12 1.11 1.11 1.11
1.26 1.26 1.26 1.26 1.26 1.25 1.25 1.25 1.25 1.25 1.24 1.24 1.24 1.24 1.23 1.23 1.23 3.73 4.09 1.22 1.22 1.22 1.22 1.22 1.21 1.21 4.03 4.03 4.02 1.20 1.20 1.20 1.20 1.20 1.20 1.19 1.19 1.19 1.19 1.19 1.18 1.18 1.18 1.18 1.18 1.17 1.17 1.17 1.17 1.17 1.16 1.16 1.16 1.16 1.16 1.15 1.15 1.15 1.15 1.15 1.14 1.14 1.14 1.14 1.14 1.14 1.13 1.13 1.13 1.13 1.13 1.13 1.13 1.12 1.12 1.12 1.12 1.12 1.12 1.12 1.11 1.11 1.11 1.11
1.26 1.26 1.26 1.26 1.25 1.25 1.25 1.25 1.25 1.24 1.24 1.24 1.24 1.23 1.81 1.23 1.23 1.23 4.08 4.07 4.07 1.22 1.22 1.21 1.21 4.03 4.03 4.02 4.01 4.73 4.00 1.20 1.20 1.19 1.19 1.19 1.19 1.19 1.19 1.18 1.18 1.18 1.18 1.18 1.17 1.17 1.17 1.17 1.17 1.16 1.16 1.16 1.16 1.16 1.15 1.15 1.15 1.15 1.15 1.14 1.14 1.14 1.14 1.14 1.14 1.13 1.13 1.13 1.13 1.13 1.13 1.13 1.12 1.12 1.12 1.12 1.12 1.12 1.12 1.11 1.11 1.11 1.11 1.11
1.26 1.26 1.26 1.25 1.25 1.25 1.25 1.25 1.24 1.24 1.24 1.24 1.23 1.23 3.73 3.73 3.72 3.71 4.07 4.80 4.06 4.05 1.21 1.21 1.21 4.02 4.02 4.01 4.01 4.72 3.63 3.99 1.19 1.19 1.19 1.19 1.19 1.19 1.18 1.18 1.18 1.18 1.18 1.17 1.17 1.17 1.17 1.17 1.16 1.16 1.16 1.16 1.16 1.15 1.15 1.15 1.15 1.15 1.15 1.14 1.14 1.14 1.14 1.14 1.14 1.13 1.13 1.13 1.13 1.13 1.13 1.13 1.12 1.12 1.12 1.12 1.12 1.12 1.11 1.11 1.11 1.11 1.11 1.11
1.26 1.26 1.25 1.25 1.25 1.25 1.25 1.24 1.24 1.24 1.24 1.23 1.23 3.73 3.73 3.72 3.71 3.71 4.80 4.79 4.05 4.04 1.21 4.03 4.02 4.02 4.01 4.00 3.64 3.63 3.63 3.62 1.19 1.19 1.19 1.19 1.18 1.18 1.18 1.18 1.18 1.18 1.17 1.17 1.17 1.17 1.17 1.16 1.16 1.16 1.16 1.16 1.16 1.15 1.15 1.15 1.15 1.15 1.14 1.14 1.14 1.14 1.14 1.14 1.13 1.13 1.13 1.13 1.13 1.13 1.13 1.12 1.12 1.12 1.12 1.12 1.12 1.12 1.11 1.11 1.11 1.11 1.11 1.10
1.26 1.25 1.25 1.25 1.25 1.25 1.24 1.24 1.24 1.24 1.23 1.23 1.23 3.73 3.72 3.71 3.71 3.62 4.79 1.78 1.78 1.21 1.21 4.02 4.02 4.01 4.00 4.00 3.63 3.63 3.62 3.62 1.19 1.19 1.19 1.18 1.18 1.18 1.18 1.18 1.18 1.17 1.17 1.17 1.17 1.17 1.17 1.16 1.16 1.16 1.16 1.16 1.15 1.15 1.15 1.15 1.15 1.15 1.14 1.14 1.14 1.14 1.14 1.14 1.13 1.13 1.13 1.13 1.13 1.13 1.12 1.12 1.12 1.12 1.12 1.12 1.12 1.11 1.11 1.11 1.11 1.11 1.11 1.10
1.25 1.25 1.25 1.25 1.25 1.24 1.24 1.24 1.24 1.24 1.23 1.23 1.23 3.72 4.08 4.07 4.07 3.62 4.78 4.04 4.04 4.03 4.02 3.66 4.01 4.00 4.00 4.71 3.79 1.75 1.19 1.19 1.19 1.19 1.18 1.18 1.18 1.18 1.18 1.18 1.17 1.17 1.17 1.17 1.17 1.17 1.16 1.16 1.16 1.16 1.16 1.16 1.15 1.15 1.15 1.15 1.15 1.14 1.14 1.14 1.14 1.14 1.14 1.13 1.13 1.13 1.13 1.13 1.13 3.32 1.12 1.12 1.12 1.12 1.12 1.12 1.12 1.11 1.11 1.11 1.11 1.11 1.10 1.10
1.25 1.25 1.25 1.25 1.24 1.24 1.24 1.24 1.24 1.23 1.23 1.23 4.09 4.08 3.71 3.70 4.79 4.78 3.68 4.04 4.03 3.66 4.02 4.01 4.00 4.00 4.71 4.70 3.78 1.19 1.19 1.19 1.19 1.19 1.18 1.18 1.18 1.18 1.18 1.18 1.17 1.17 1.17 1.17 1.17 1.17 1.16 1.16 1.16 1.16 1.16 1.15 1.15 1.15 1.15 1.15 1.15 1.14 1.14 1.14 1.14 1.14 1.14 1.13 1.13 1.13 1.13 1.13 1.13 1.13 1.12 1.12 1.12 1.12 1.12 1.12 1.11 1.11 1.11 1.11 1.11 1.11 1.10 1.10
1.25 1.25 1.25 1.25 1.24 1.24 1.24 1.24 1.23 1.23 1.23 1.23 3.72 3.71 3.70 3.70 4.78 3.68 1.78 1.77 4.03 4.02 4.01 4.73 4.72 4.71 4.70 4.70 1.19 3.77 1.19 1.19 1.19 1.18 1.18 1.18 1.18 1.18 1.18 1.17 1.17 1.17 1.17 1.17 1.17 1.16 1.16 1.16 1.16 1.16 1.16 1.15 1.15 1.15 1.15 1.15 1.15 1.14 1.14 1.14 1.14 1.14 1.14 1.13 1.13 1.13 1.13 1.13 1.13 1.12 1.12 1.12 1.12 1.12 1.12 1.12 1.11 1.11 1.11 1.11 1.11 1.10 1.10 1.10
1.25 1.25 1.25 1.24 1.24 1.24 1.24 1.23 1.23 1.23 1.23 3.72 3.71 3.71 3.70 4.79 4.78 3.68 4.03 3.67 3.66 1.20 4.73 4.72 4.71 4.71 4.70 1.19 1.19 1.19 1.19 1.19 1.18 1.18 1.18 1.18 1.18 1.18 1.72 1.17 1.17 1.17 1.17 1.17 1.17 1.16 1.16 1.16 1.16 1.16 1.16 1.15 1.15 1.15 1.15 1.15 1.15 1.14 1.14 1.14 1.14 1.14 1.14 1.13 1.13 1.13 1.13 1.13 1.13 1.12 1.12 1.12 1.12 1.12 1.12 1.12 1.11 1.11 1.11 1.11 1.11 1.10 1.10 1.10
1.25 1.25 1.24 1.24 1.24 1.24 1.24 1.23 1.23 1.23 1.23 4.08 3.71 3.70 4.79 4.78 3.68 3.67 3.67 3.82 3.65 1.20 4.72 4.72 4.71 4.70 4.69 3.61 1.19 1.19 1.19 1.18 1.18 1.18 1.18 1.18 1.18 1.18 1.17 1.72 1.17 1.17 1.17 1.17 3.88 3.88 3.87 1.16 1.16 1.16 1.16 1.15 1.15 1.15 1.15 1.15 1.15 1.14 1.14 1.14 1.14 1.14 1.14 1.13 1.13 1.13 1.13 1.13 1.13 1.13 1.12 1.12 1.12 1.12 1.12 1.12 1.11 1.11 1.11 1.11 1.11 1.10 1.10 1.10
1.25 1.25 1.24 1.24 1.24 1.24 1.23 1.23 1.23 1.23 1.23 1.22 3.70 4.79 4.79 4.78 3.68 4.03 3.66 3.66 1.20 1.20 1.20 4.71 4.70 4.70 3.62 3.61 3.61 1.19 1.19 3.95 1.18 1.18 1.18 1.18 1.18 1.17 1.72 1.72 1.17 1.17 1.17 3.89 3.88 3.88 3.87 1.16 1.16 1.16 1.16 1.15 1.15 1.15 1.15 1.15 1.15 1.14 1.14 1.14 1.14 1.14 1.14 1.13 1.13 1.13 1.13 1.13 1.13 1.13 1.12 1.12 1.12 1.12 1.12 1.12 1.11 1.11 1.11 1.11 1.11 1.10 1.10 1.10
1.25 1.25 1.24 1.24 1.24 1.24 1.23 1.23 1.23 1.23 1.22 1.22 4.07 4.06 4.78 4.77 3.67 3.67 3.66 3.65 3.65 1.20 3.64 3.63 3.62 4.69 4.68 3.96 1.19 3.60 3.95 1.18 1.18 1.18 1.18 3.92 1.72 1.17 1.72 1.72 1.17 3.90 3.89 3.89 3.88 3.88 3.87 1.16 1.16 1.16 1.16 1.15 1.15 1.15 1.15 1.15 1.15 1.14 1.14 1.14 1.14 1.14 1.14 1.14 1.13 1.13 1.13 3.33 3.32 1.13 1.12 1.12 1.12 1.12 1.12 1.12 1.11 1.11 1.11 1.11 1.11 1.11 1.10 1.10
1.25 1.24 1.24 1.24 1.24 1.24 1.23 1.23 1.23 1.23 1.22 1.22 4.06 4.79 4.78 4.77 4.03 4.03 4.02 3.65 3.64 3.64 3.63 3.98 4.70 3.62 3.61 3.96 3.96 3.95 3.95 3.59 3.58 3.93 1.18 3.92 3.92 1.17 3.56 3.55 3.90 3.90 3.89 3.89 3.88 3.88 1.16 1.16 1.16 1.16 1.16 1.15 1.15 1.15 1.15 1.15 1.15 1.15 1.14 1.14 1.14 1.14 1.14 3.34 3.34 3.34 3.33 3.33 3.33 3.32 3.32 3.31 3.31 3.30 1.12 1.12 1.12 1.11 1.11 1.11 1.11 1.11 1.10 1.10
1.25 1.24 1.24 1.24 1.24 1.23 1.23 1.23 1.23 1.23 1.22 1.22 1.22 3.69 4.77 4.76 4.03 4.02 4.02 4.01 3.64 3.64 3.63 4.70 4.69 3.61 3.96 3.60 1.19 1.18 3.59 3.58 3.58 3.93 3.57 3.57 3.56 3.56 3.56 3.90 3.90 3.90 3.89 3.89 3.88 1.16 1.16 1.16 1.16 1.16 1.16 1.16 1.15 1.15 1.15 1.15 1.15 1.15 1.14 1.14 1.14 1.14 1.14 3.35 3.34 3.34 3.33 3.33 3.33 3.32 3.32 3.32 1.12 1.12 1.12 1.12 1.12 1.11 1.11 1.11 1.11 1.11 1.10 1.10
1.25 1.24 1.24 1.24 1.24 1.23 1.23 1.23 1.23 1.22 1.22 1.22 4.06 4.05 4.77 4.02 4.75 4.02 3.65 4.01 3.64 3.63 3.63 3.98 3.62 3.61 3.96 3.60 3.95 3.95 3.94 3.58 3.58 3.93 3.57 3.57 3.56 3.91 3.91 3.90 3.90 3.90 3.89 3.89 3.88 3.88 3.88 3.87 3.87 3.86 3.86 3.85 3.85 3.84 3.84 1.15 1.15 1.15 1.15 1.14 1.14 1.14 1.14 3.35 3.34 3.34 3.34 1.13 1.13 3.33 1.13 1.13 1.12 1.12 1.12 1.12 1.12 1.12 1.11 1.11 1.11 1.11 1.11 1.10
1.24 1.24 1.24 1.24 1.24 1.23 1.23 1.23 1.23 1.22 1.22 4.06 3.69 3.68 3.68 4.76 4.75 3.66 3.65 3.64 3.64 3.63 3.63 3.98 3.62 3.61 3.96 1.19 3.95 3.95 3.94 3.58 3.58 3.58 3.57 3.57 3.56 3.91 3.91 3.91 3.90 3.90 3.89 3.89 3.89 3.88 3.88 3.87 3.87 3.87 3.86 3.51 4.55 4.54 3.84 3.65 1.15 1.15 1.15 1.15 1.14 1.14 1.14 3.35 3.35 1.14 1.14 1.13 3.33 3.33 3.32 3.32 1.13 1.12 1.12 1.12 1.12 1.12 1.12 1.11 1.11 1.11 1.11 1.11
1.24 1.24 1.24 1.24 1.24 1.23 1.23 1.23 1.23 1.22 1.22 3.70 3.69 3.68 4.04 3.67 4.75 4.74 1.20 4.72 4.72 3.63 3.63 4.69 4.69 3.97 3.96 3.96 3.95 3.95 3.94 3.58 3.93 3.93 3.93 3.92 3.57 3.91 3.56 3.56 3.55 3.90 3.90 3.89 3.89 3.89 3.88 3.88 3.87 3.87 4.56 3.51 3.86 3.85 4.54 3.65 3.84 3.64 1.15 1.15 1.15 3.33 1.14 1.14 3.35 1.14 1.14 1.14 3.34 1.13 1.13 1.13 1.13 1.13 1.12 1.12 1.12 1.12 1.12 1.12 1.11 1.11 1.11 1.11
