New_Model_Runs/4_scn3_noclimate_out/post_prcessed_with_MFR/Monthly_summaries/actual_et_monthly_NOV.asc
NCOLS 700
NROWS 400
XLLCENTER 515000.000000
YLLCENTER 8409000.000000
CELLSIZE 50.000000
NODATA_value -999.000000
[rows 114 to 151 of 400, columns 336 to 419 of 700]
0.00 0.00 1.21 1.21 1.21 1.21 1.20 1.20 1.20 1.20 1.20 1.20 1.20 1.20 1.20 1.20 1.20 1.20 1.20 1.20 1.19 1.19 1.19 1.19 1.19 1.19 1.19 1.19 1.19 1.19 1.19 1.19 1.19 1.19 1.19 1.19 1.19 1.19 1.19 1.19 1.19 1.19 1.19 1.19 1.19 1.19 1.19 1.19 1.19 1.19 1.19 1.19 1.19 1.19 1.19 1.19 1.19 1.19 1.19 1.19 1.19 1.19 1.19 1.19 1.19 1.19 1.19 1.19 1.19 1.19 1.19 1.19 1.19 1.19 1.19 1.19 1.19 1.19 1.19 1.19 1.74 1.19 1.19 1.19
1.21 1.21 1.21 1.20 1.20 1.20 1.20 1.20 1.20 1.20 1.20 1.20 1.20 1.20 1.20 1.20 1.19 1.19 1.19 1.19 1.19 1.19 1.19 1.19 1.19 1.19 1.19 1.19 1.19 1.19 1.19 1.19 1.19 1.19 1.19 1.19 1.19 1.19 1.19 1.19 1.19 1.19 1.19 1.19 1.19 1.19 1.19 1.19 1.19 1.19 1.19 1.19 1.19 1.19 1.19 1.19 1.19 1.19 1.19 1.19 1.19 1.19 1.19 1.19 1.19 1.19 1.19 1.19 1.19 1.19 1.19 1.19 1.19 1.19 1.19 1.19 1.19 1.19 1.19 1.19 1.19 1.19 1.19 1.19
1.20 1.20 1.76 1.20 1.20 1.20 1.20 1.20 1.20 1.20 1.20 1.19 1.19 1.19 1.19 1.19 1.19 1.19 1.19 1.19 1.19 1.19 1.19 1.19 1.19 1.19 1.19 1.19 1.19 1.19 1.19 1.19 1.19 1.19 1.19 1.19 1.19 1.19 1.19 1.19 1.19 1.19 1.19 1.19 1.19 1.19 1.19 1.19 1.19 1.19 1.19 1.19 1.19 1.19 1.19 1.19 1.19 1.19 1.19 1.19 1.19 1.19 1.19 1.19 1.19 1.19 1.19 1.19 1.19 1.19 1.19 1.19 1.19 1.19 1.19 1.19 1.74 1.19 1.19 1.19 1.19 1.19 1.19 1.19
1.20 1.20 1.76 1.20 1.20 1.20 1.20 1.19 1.19 1.19 1.19 1.19 1.19 1.19 1.19 1.19 1.19 1.19 1.19 1.19 1.19 1.19 1.19 1.19 1.19 1.19 1.18 1.18 1.18 1.18 1.18 1.18 1.19 1.19 1.19 1.19 1.19 1.19 1.19 1.19 1.19 1.19 1.19 1.19 1.19 1.19 1.19 1.19 1.19 1.19 1.19 1.19 1.19 1.19 1.19 1.19 1.19 1.19 1.19 1.19 1.19 1.19 1.19 1.19 1.19 1.19 1.19 1.19 1.19 1.19 1.19 1.19 1.19 1.19 1.19 1.19 1.19 1.19 1.19 1.19 1.19 1.19 1.19 1.19
1.20 1.76 1.20 1.19 1.19 1.19 1.19 1.19 1.19 1.19 1.19 1.19 1.19 1.19 1.19 1.19 1.19 1.19 1.18 1.18 1.18 1.18 1.18 1.18 1.18 1.18 1.18 1.18 1.18 1.18 1.18 1.18 1.18 1.18 1.18 1.19 1.19 1.19 1.19 1.19 1.19 1.19 1.19 1.19 1.19 1.19 1.19 1.19 1.19 1.19 1.19 1.19 1.19 1.19 1.19 1.19 1.19 1.19 1.19 1.19 1.19 1.19 1.19 1.19 1.19 1.19 1.19 1.19 1.19 1.19 1.19 1.19 1.19 1.19 1.19 1.19 1.19 1.19 1.19 1.19 1.19 1.19 1.19 1.19
1.75 1.19 1.19 1.19 1.19 1.19 1.19 1.19 1.19 1.19 1.19 1.18 1.18 1.18 1.18 1.18 1.18 1.18 1.18 1.18 1.18 1.18 1.18 1.18 1.18 1.18 1.18 1.18 1.18 1.18 1.18 1.18 1.18 1.18 1.18 1.18 1.18 1.19 1.19 1.19 1.19 1.19 1.19 1.19 1.19 1.19 1.19 1.19 1.19 1.19 1.19 1.19 1.19 1.19 1.19 1.19 1.19 1.19 1.19 1.19 1.19 1.19 1.19 1.19 1.19 1.19 1.19 1.19 1.19 1.19 1.19 1.19 1.19 1.19 1.19 1.19 1.19 1.19 1.19 1.19 1.19 1.19 1.19 1.19
1.19 1.19 1.19 1.19 1.19 1.19 1.18 1.18 1.18 1.18 1.18 1.18 1.18 1.18 1.18 1.18 1.18 1.18 1.18 1.18 1.18 1.18 1.18 1.18 1.18 1.18 1.18 1.18 1.18 1.18 1.73 1.73 1.18 1.18 1.18 1.18 1.18 1.18 1.74 1.19 1.19 1.19 1.19 1.19 1.19 1.19 1.19 1.19 1.19 1.19 1.19 1.19 1.19 1.19 1.19 1.19 1.19 1.19 1.19 1.19 1.19 1.19 1.19 1.19 1.19 1.19 1.19 1.19 1.19 1.19 1.19 1.19 1.19 1.19 1.19 1.19 1.19 1.19 1.19 1.19 1.19 1.19 1.19 1.19
1.19 1.19 1.19 1.18 1.18 1.18 1.18 1.18 1.18 1.18 1.18 1.18 1.18 1.18 1.18 1.18 1.17 1.17 1.17 1.17 1.17 1.17 1.17 1.17 1.17 1.17 1.17 1.17 1.18 1.18 1.18 1.18 1.18 1.18 1.18 1.18 1.18 1.18 1.18 1.18 1.18 1.19 1.19 1.19 1.19 1.19 1.19 1.19 1.19 1.19 1.19 1.19 1.19 1.19 1.19 1.19 1.19 1.19 1.19 1.19 1.19 1.19 1.19 1.19 1.19 1.19 1.19 1.19 1.19 1.19 1.19 1.19 1.19 1.19 1.19 1.19 1.19 1.19 1.19 1.19 1.19 1.19 1.19 1.19
1.18 1.18 1.18 1.18 1.18 1.18 1.18 1.18 1.18 1.17 1.17 1.17 1.17 1.17 1.17 1.17 1.17 1.17 1.17 1.17 1.17 1.17 1.17 1.17 1.17 1.17 1.17 1.17 1.17 1.17 1.17 1.17 1.18 1.18 1.18 1.18 1.18 1.18 1.18 1.18 1.18 1.18 1.18 1.19 1.19 1.19 1.19 1.19 1.19 1.19 1.19 1.19 1.19 1.19 1.19 1.19 1.19 1.19 1.19 1.19 1.19 1.19 1.19 1.19 1.19 1.19 1.19 1.19 1.19 1.19 1.19 1.19 1.19 1.19 1.19 1.19 1.19 1.19 1.19 1.19 1.19 1.19 1.19 1.19
1.18 1.18 1.18 1.18 1.18 1.17 1.17 1.17 1.17 1.17 1.17 1.17 1.17 1.17 1.17 1.17 1.17 1.17 1.17 1.17 1.17 1.17 1.17 1.17 1.17 1.17 1.17 1.17 1.17 1.17 1.17 1.17 1.17 1.17 1.17 1.18 1.18 1.18 1.18 1.18 1.18 1.18 1.18 1.18 1.18 1.19 1.19 1.19 1.19 1.19 1.19 1.19 1.19 3.96 3.96 3.61 3.96 1.19 1.19 1.19 1.19 1.19 1.19 1.19 1.19 1.19 1.19 1.19 1.19 1.19 1.19 1.19 1.19 1.19 1.19 1.19 1.19 1.19 1.19 1.19 1.19 1.19 1.19 1.19
1.18 1.18 1.17 1.17 1.17 1.17 1.17 1.17 1.17 1.17 1.17 1.16 1.16 1.16 1.16 1.16 1.16 1.16 1.16 1.16 1.16 1.16 1.16 1.16 1.16 1.16 1.16 1.17 1.17 1.17 1.17 1.17 1.17 1.17 1.17 1.17 1.17 1.18 1.18 1.18 1.18 1.18 1.18 1.18 1.18 1.18 1.18 1.19 1.19 1.19 1.19 1.19 1.19 3.60 3.96 3.96 3.60 1.19 1.19 1.19 1.19 1.19 1.19 1.19 1.19 1.19 1.19 1.19 1.19 1.19 1.19 1.19 1.19 1.19 1.19 1.19 1.19 1.19 1.19 1.19 1.19 1.19 1.19 1.19
1.17 1.17 1.17 1.17 1.17 1.17 1.16 1.16 1.16 1.16 1.16 1.16 1.16 1.16 1.16 1.16 1.16 1.16 1.16 1.16 1.16 1.16 1.16 1.16 1.16 1.16 1.16 1.16 1.16 1.16 1.16 1.17 1.17 1.17 1.17 1.17 1.17 1.17 1.17 1.18 1.18 1.18 1.18 1.18 1.18 1.18 1.18 1.18 1.18 1.18 3.95 1.19 3.60 3.95 4.67 3.60 4.67 4.67 4.67 4.67 3.60 3.60 1.19 3.60 1.19 1.19 1.19 1.19 1.19 1.19 1.19 1.19 1.19 1.19 1.19 1.19 1.19 1.19 1.19 1.19 1.19 1.19 1.19 1.19
1.17 1.17 1.17 1.16 1.16 1.16 1.16 1.16 1.16 1.16 1.16 1.16 1.16 1.15 1.15 1.15 1.15 1.15 1.15 1.15 1.15 1.15 1.15 1.15 1.15 1.16 1.16 1.16 1.16 1.16 1.16 1.16 1.16 1.16 1.17 1.17 1.17 1.17 1.17 1.17 1.17 1.18 1.18 1.18 1.18 1.18 4.64 1.18 1.18 1.18 3.59 3.59 3.59 4.66 3.50 3.50 3.50 3.50 3.50 3.50 3.50 3.50 4.67 3.60 1.19 1.19 1.19 1.19 1.19 1.19 1.19 1.19 1.19 1.19 1.19 1.19 1.19 1.19 1.19 1.19 1.19 1.19 3.94 3.94
1.16 1.16 1.16 1.16 1.16 1.16 1.16 1.15 1.15 1.15 1.15 1.15 1.15 1.15 1.15 1.15 1.15 1.15 1.15 1.15 1.15 1.15 1.15 1.15 1.15 1.15 1.15 1.15 1.15 1.16 1.16 1.16 1.16 1.16 1.16 1.16 1.17 1.17 1.17 1.17 1.17 1.17 1.17 1.18 1.18 1.18 4.64 3.58 3.58 3.58 4.65 4.65 4.65 4.66 3.50 0.00 4.66 0.00 0.00 0.00 3.50 3.50 3.50 3.50 4.66 4.66 1.19 1.19 1.19 1.19 1.19 1.18 1.18 1.18 1.18 1.18 1.18 1.19 1.19 1.19 1.19 1.19 3.94 3.60
1.16 1.16 3.51 3.51 1.15 1.15 1.15 1.15 1.15 1.15 1.15 3.48 1.15 1.14 3.81 1.14 1.14 1.14 1.14 1.14 1.14 1.14 1.14 1.15 1.15 1.15 1.15 1.15 1.15 1.15 1.15 1.15 1.16 1.16 1.16 1.16 1.16 1.16 1.17 1.71 1.17 1.17 1.72 3.91 1.17 3.92 1.18 4.63 4.63 4.64 3.49 0.00 0.00 0.00 0.00 0.00 0.00 0.00 0.00 0.00 0.00 0.00 0.00 0.00 3.50 3.50 4.66 3.59 1.18 1.18 1.18 1.18 1.18 1.18 1.18 1.18 1.18 3.94 3.60 3.94 1.19 3.93 1.19 3.93
1.16 1.15 1.15 3.49 1.15 1.15 3.48 1.15 1.14 1.68 3.46 3.46 3.46 3.46 3.46 3.45 1.14 1.14 1.14 1.14 1.14 1.14 1.14 1.14 1.14 1.14 1.14 1.14 1.15 1.15 1.15 1.15 1.15 1.15 1.15 1.16 1.16 1.16 3.52 3.53 4.58 4.59 3.89 3.90 3.90 3.56 3.56 4.62 2.99 0.00 0.00 0.00 0.00 0.00 0.00 0.00 0.00 0.00 0.00 0.00 0.00 0.00 0.00 0.00 0.00 0.00 3.49 2.81 2.81 3.92 3.92 1.18 1.18 3.59 1.18 1.18 1.18 3.59 3.60 3.60 1.19 4.66 4.66 4.67
1.15 3.49 3.48 3.48 1.15 3.47 3.46 3.46 3.46 3.45 3.45 4.47 3.44 3.44 3.44 3.44 3.44 1.13 1.13 1.13 1.13 1.13 1.13 1.14 1.14 1.14 1.14 1.14 3.46 1.14 1.14 1.15 1.15 1.15 1.15 3.84 3.85 3.51 3.51 3.52 4.57 4.58 4.58 3.46 4.59 4.60 4.61 0.00 0.00 0.00 0.00 0.00 0.00 0.00 0.00 0.00 0.00 0.00 0.00 0.00 0.00 0.00 0.00 0.00 0.00 0.00 0.00 0.00 0.00 2.81 2.81 2.81 1.18 1.18 1.18 3.59 3.59 1.74 1.19 1.19 1.19 2.82 4.67 2.82
3.48 3.48 4.50 4.49 1.14 1.14 3.45 4.47 4.46 4.46 3.50 3.50 4.45 3.43 4.44 3.42 3.42 1.13 1.13 3.42 1.13 1.13 1.13 3.77 3.43 1.13 3.44 3.44 3.45 4.47 3.46 3.46 1.14 1.14 1.15 1.15 4.52 4.53 4.54 4.55 4.55 3.45 3.45 3.45 3.46 0.00 0.00 0.00 0.00 0.00 0.00 0.00 0.00 0.00 0.00 0.00 0.00 0.00 0.00 0.00 0.00 0.00 0.00 0.00 0.00 0.00 0.00 0.00 0.00 0.00 0.00 0.00 0.00 4.65 4.65 3.59 4.66 4.66 4.66 2.82 4.66 0.00 2.82 2.82
4.50 4.49 3.51 4.48 3.45 3.44 3.44 4.45 4.44 4.44 4.43 3.49 4.43 4.42 4.42 4.42 4.42 4.42 4.42 3.49 4.42 4.42 3.41 3.41 3.75 3.42 3.42 3.43 3.50 4.46 3.44 3.45 3.45 4.48 1.14 3.53 3.53 3.42 4.52 4.53 4.54 3.44 3.44 3.45 0.00 0.00 0.00 0.00 0.00 0.00 0.00 0.00 0.00 0.00 0.00 0.00 0.00 0.00 0.00 0.00 0.00 0.00 0.00 0.00 0.00 0.00 0.00 0.00 0.00 0.00 0.00 0.00 0.00 0.00 0.00 0.00 0.00 2.82 4.66 4.61 0.00 0.00 0.00 4.62
4.48 4.47 3.50 3.50 3.43 4.44 4.44 4.43 3.48 4.42 4.41 1.32 1.32 1.32 3.48 4.40 4.40 4.40 3.48 3.48 1.32 4.40 4.40 4.41 4.41 4.41 4.42 4.42 4.43 4.44 4.44 4.45 4.46 3.51 3.51 3.51 3.52 3.41 3.42 3.42 3.43 3.43 3.43 0.00 0.00 0.00 0.00 0.00 0.00 0.00 0.00 0.00 0.00 0.00 0.00 0.00 0.00 0.00 0.00 0.00 0.00 0.00 0.00 0.00 0.00 0.00 0.00 0.00 0.00 0.00 0.00 0.00 0.00 0.00 0.00 0.00 0.00 0.00 0.00 0.00 0.00 0.00 0.00 0.00
4.47 4.46 4.45 3.49 4.43 4.42 4.42 3.48 4.41 4.40 4.40 1.32 1.32 0.00 0.00 0.00 0.00 0.00 1.31 0.00 0.00 0.00 0.00 0.00 1.32 3.47 3.48 3.48 1.32 3.48 3.49 3.49 3.49 3.50 3.50 3.50 3.51 3.40 3.41 1.35 1.35 3.42 0.00 0.00 0.00 0.00 0.00 0.00 0.00 0.00 0.00 0.00 0.00 0.00 0.00 0.00 0.00 0.00 0.00 0.00 0.00 0.00 0.00 0.00 0.00 0.00 0.00 0.00 0.00 0.00 0.00 0.00 0.00 0.00 0.00 0.00 0.00 0.00 0.00 0.00 0.00 0.00 0.00 0.00
4.45 3.49 4.43 4.42 4.41 4.41 4.40 1.32 4.39 4.38 4.38 1.31 0.00 0.00 0.00 0.00 0.00 0.00 0.00 0.00 0.00 0.00 0.00 0.00 0.00 0.00 0.00 1.32 1.32 1.32 1.32 1.32 1.33 1.33 1.33 1.33 1.34 1.34 0.00 1.35 1.35 1.35 0.00 0.00 0.00 0.00 0.00 0.00 0.00 0.00 0.00 0.00 0.00 0.00 0.00 0.00 0.00 0.00 0.00 0.00 0.00 0.00 0.00 0.00 0.00 0.00 0.00 0.00 0.00 0.00 0.00 0.00 0.00 0.00 0.00 0.00 0.00 0.00 0.00 0.00 0.00 0.00 0.00 0.00
4.43 3.48 3.47 1.32 1.32 4.39 4.38 4.37 4.37 4.36 4.36 3.44 0.00 0.00 0.00 0.00 0.00 0.00 0.00 0.00 0.00 0.00 0.00 0.00 0.00 0.00 0.00 0.00 0.00 0.00 1.32 1.32 0.00 0.00 0.00 0.00 0.00 0.00 0.00 0.00 0.00 0.00 0.00 0.00 0.00 0.00 0.00 0.00 0.00 0.00 0.00 0.00 0.00 0.00 0.00 0.00 0.00 0.00 0.00 0.00 0.00 0.00 0.00 0.00 0.00 0.00 0.00 0.00 0.00 0.00 0.00 0.00 0.00 0.00 0.00 0.00 0.00 0.00 0.00 0.00 0.00 0.00 0.00 0.00
4.42 4.41 4.40 1.32 4.38 1.31 4.36 4.36 4.35 0.00 0.00 0.00 0.00 0.00 0.00 0.00 0.00 0.00 0.00 0.00 0.00 0.00 0.00 0.00 0.00 0.00 0.00 0.00 0.00 0.00 0.00 0.00 0.00 0.00 0.00 0.00 0.00 0.00 0.00 0.00 0.00 0.00 0.00 0.00 0.00 0.00 0.00 0.00 0.00 0.00 0.00 0.00 0.00 0.00 0.00 0.00 0.00 0.00 0.00 0.00 0.00 0.00 0.00 0.00 0.00 0.00 0.00 0.00 0.00 0.00 0.00 0.00 0.00 0.00 0.00 0.00 0.00 0.00 0.00 0.00 0.00 0.00 0.00 0.00
4.40 4.39 4.38 1.31 4.36 1.31 1.30 1.30 1.30 4.32 1.30 1.29 0.00 0.00 0.00 0.00 0.00 0.00 0.00 0.00 0.00 0.00 0.00 0.00 0.00 0.00 0.00 0.00 0.00 0.00 0.00 0.00 0.00 0.00 0.00 0.00 0.00 0.00 0.00 0.00 0.00 0.00 0.00 0.00 0.00 0.00 0.00 0.00 0.00 0.00 0.00 0.00 0.00 0.00 0.00 0.00 0.00 0.00 0.00 0.00 0.00 0.00 0.00 0.00 0.00 0.00 0.00 0.00 0.00 0.00 0.00 0.00 0.00 0.00 0.00 0.00 0.00 0.00 0.00 0.00 0.00 0.00 0.00 0.00
4.39 4.38 4.36 4.35 1.30 1.30 1.30 1.30 1.29 4.31 4.30 1.29 0.00 0.00 0.00 0.00 0.00 0.00 0.00 0.00 0.00 0.00 0.00 0.00 0.00 0.00 0.00 0.00 0.00 0.00 0.00 0.00 0.00 0.00 0.00 0.00 0.00 0.00 0.00 0.00 0.00 0.00 0.00 0.00 0.00 0.00 0.00 0.00 0.00 0.00 0.00 0.00 0.00 0.00 0.00 0.00 0.00 0.00 0.00 0.00 0.00 0.00 0.00 0.00 0.00 0.00 0.00 0.00 0.00 0.00 0.00 0.00 0.00 0.00 0.00 0.00 0.00 0.00 0.00 0.00 0.00 0.00 0.00 0.00
3.86 4.36 3.44 3.43 3.43 3.42 3.42 1.29 1.29 1.29 1.28 1.28 0.00 0.00 0.00 0.00 0.00 0.00 0.00 0.00 0.00 0.00 0.00 0.00 0.00 0.00 0.00 0.00 0.00 0.00 0.00 0.00 0.00 0.00 0.00 0.00 0.00 0.00 0.00 0.00 0.00 0.00 0.00 0.00 0.00 0.00 0.00 0.00 0.00 0.00 0.00 0.00 0.00 0.00 0.00 0.00 0.00 0.00 0.00 0.00 0.00 0.00 0.00 0.00 0.00 0.00 0.00 0.00 0.00 0.00 0.00 0.00 0.00 0.00 0.00 0.00 0.00 0.00 0.00 0.00 0.00 0.00 0.00 0.00
4.00 2.24 4.33 3.42 4.31 1.09 3.64 3.63 4.28 4.27 3.40 1.28 1.28 1.27 1.27 4.24 3.38 3.38 3.26 4.24 0.00 0.00 0.00 0.00 0.00 0.00 0.00 0.00 0.00 0.00 0.00 0.00 0.00 0.00 0.00 0.00 0.00 0.00 0.00 0.00 0.00 0.00 0.00 0.00 0.00 0.00 0.00 0.00 0.00 0.00 0.00 0.00 0.00 0.00 0.00 0.00 0.00 0.00 0.00 0.00 0.00 0.00 0.00 0.00 0.00 0.00 0.00 0.00 0.00 0.00 0.00 0.00 0.00 0.00 0.00 0.00 0.00 0.00 0.00 0.00 0.00 0.00 0.00 0.00
2.24 3.98 3.98 3.42 3.31 1.09 1.09 1.09 1.08 1.08 3.60 4.24 4.24 3.38 3.38 4.23 4.22 3.37 3.37 3.24 4.22 4.23 0.00 0.00 0.00 0.00 0.00 0.00 0.00 0.00 0.00 0.00 0.00 0.00 0.00 0.00 0.00 0.00 0.00 0.00 0.00 0.00 0.00 0.00 0.00 0.00 0.00 0.00 0.00 0.00 0.00 0.00 0.00 0.00 0.00 0.00 0.00 0.00 0.00 0.00 0.00 0.00 0.00 0.00 0.00 0.00 0.00 0.00 0.00 0.00 0.00 0.00 0.00 0.00 0.00 0.00 0.00 0.00 0.00 0.00 0.00 0.00 0.00 0.00
2.23 3.97 4.02 4.29 3.63 3.62 1.08 1.08 1.08 1.08 3.26 3.26 3.25 4.21 4.21 3.25 3.24 4.21 3.56 3.56 3.24 4.21 4.21 4.22 0.00 0.00 0.00 0.00 0.00 0.00 0.00 0.00 0.00 0.00 0.00 0.00 0.00 0.00 0.00 0.00 0.00 0.00 0.00 0.00 0.00 0.00 0.00 0.00 0.00 0.00 0.00 0.00 0.00 0.00 0.00 0.00 0.00 0.00 0.00 0.00 0.00 0.00 0.00 0.00 0.00 0.00 0.00 0.00 0.00 0.00 0.00 0.00 0.00 0.00 0.00 0.00 0.00 0.00 0.00 0.00 0.00 0.00 0.00 0.00
3.97 4.02 4.01 4.00 3.61 3.61 1.08 1.08 1.08 1.07 1.07 1.07 1.07 4.20 4.19 3.23 4.19 3.23 3.55 3.55 3.55 3.55 4.20 4.20 4.21 1.26 1.27 0.00 0.00 0.00 0.00 0.00 0.00 0.00 0.00 0.00 0.00 0.00 0.00 0.00 0.00 0.00 0.00 0.00 0.00 0.00 0.00 0.00 0.00 0.00 0.00 0.00 0.00 0.00 0.00 0.00 0.00 0.00 0.00 0.00 0.00 0.00 0.00 0.00 0.00 0.00 0.00 0.00 0.00 0.00 0.00 0.00 0.00 0.00 0.00 0.00 0.00 0.00 0.00 0.00 0.00 0.00 0.00 0.00
3.89 4.01 4.00 3.17 1.08 1.08 1.08 1.07 1.07 1.07 1.07 1.07 3.55 4.18 3.54 4.18 4.17 4.17 3.54 1.06 1.06 3.54 3.54 4.19 4.19 4.20 3.35 1.26 0.00 0.00 0.00 0.00 0.00 0.00 0.00 0.00 0.00 0.00 0.00 0.00 0.00 0.00 0.00 0.00 0.00 0.00 0.00 0.00 0.00 0.00 0.00 0.00 0.00 0.00 0.00 0.00 0.00 0.00 0.00 0.00 0.00 0.00 0.00 0.00 0.00 0.00 0.00 0.00 0.00 0.00 0.00 0.00 0.00 0.00 0.00 0.00 0.00 0.00 0.00 0.00 0.00 0.00 0.00 0.00
3.18 4.00 3.99 3.31 3.15 3.29 3.57 1.07 1.07 1.07 1.06 1.56 3.54 3.34 3.53 4.16 4.16 3.52 1.55 1.06 1.06 1.06 3.53 4.17 4.18 4.18 4.19 1.26 1.26 0.00 0.00 0.00 0.00 0.00 0.00 0.00 0.00 0.00 0.00 0.00 0.00 0.00 0.00 0.00 0.00 0.00 0.00 1.34 1.35 1.35 1.35 4.53 0.00 0.00 0.00 0.00 0.00 0.00 0.00 0.00 0.00 0.00 0.00 0.00 0.00 0.00 0.00 0.00 0.00 0.00 0.00 0.00 0.00 0.00 0.00 0.00 0.00 0.00 0.00 0.00 0.00 0.00 0.00 0.00
3.17 3.31 3.16 3.15 3.29 1.07 1.07 1.07 1.06 1.06 1.06 1.55 3.52 3.52 3.52 3.51 3.51 3.51 1.05 1.05 1.05 1.05 1.06 3.52 3.53 3.53 3.54 4.19 3.34 1.26 1.26 1.27 0.00 0.00 0.00 0.00 0.00 0.00 1.30 3.41 1.31 1.31 1.32 1.32 1.33 1.33 1.34 4.47 4.48 3.39 4.51 3.41 3.41 0.00 0.00 0.00 0.00 0.00 0.00 0.00 0.00 0.00 0.00 0.00 0.00 0.00 0.00 0.00 0.00 0.00 0.00 0.00 0.00 0.00 0.00 0.00 0.00 0.00 0.00 0.00 0.00 0.00 0.00 0.00
1.08 3.30 1.08 3.29 1.07 1.07 1.06 1.06 1.06 1.06 1.06 1.05 1.05 1.05 1.05 3.50 1.05 1.05 1.05 1.05 1.05 1.05 1.05 1.05 1.06 1.06 1.06 1.06 1.56 4.19 1.26 1.27 4.23 1.27 0.00 0.00 0.00 1.29 1.30 3.41 3.42 3.43 3.34 1.32 4.42 4.44 4.45 3.38 1.14 1.35 3.40 4.53 4.54 0.00 0.00 0.00 0.00 0.00 0.00 0.00 0.00 0.00 0.00 0.00 0.00 0.00 0.00 0.00 0.00 0.00 0.00 0.00 0.00 0.00 0.00 0.00 0.00 0.00 0.00 0.00 0.00 0.00 0.00 0.00
1.08 1.08 1.07 1.07 1.07 1.06 1.06 1.06 1.06 1.05 1.05 1.05 1.05 1.05 1.05 1.05 1.05 1.05 1.05 1.05 1.05 1.05 1.05 1.05 1.05 1.05 1.06 3.53 3.54 3.34 1.26 1.26 1.27 1.27 1.28 1.28 1.28 1.29 1.29 3.34 3.35 3.37 3.38 3.39 3.41 3.42 3.43 4.47 1.35 1.35 4.52 0.00 0.00 0.00 0.00 0.00 0.00 0.00 0.00 0.00 0.00 0.00 0.00 0.00 0.00 0.00 0.00 0.00 0.00 0.00 0.00 0.00 0.00 0.00 0.00 0.00 0.00 0.00 0.00 0.00 0.00 0.00 0.00 0.00
3.85 3.29 1.07 1.07 1.06 1.06 1.06 1.06 1.05 1.05 1.05 1.05 1.05 1.05 1.04 1.04 1.04 1.04 1.04 1.04 1.05 1.05 1.05 1.05 1.05 1.05 1.05 3.52 3.33 3.33 3.34 1.26 1.26 1.27 1.27 1.28 1.28 1.29 1.29 4.33 4.35 3.36 3.38 3.39 4.42 3.42 3.43 3.38 1.35 1.35 1.36 0.00 0.00 0.00 0.00 0.00 0.00 0.00 0.00 0.00 0.00 0.00 0.00 0.00 0.00 0.00 0.00 0.00 0.00 0.00 0.00 0.00 0.00 0.00 0.00 0.00 0.00 0.00 0.00 0.00 0.00 0.00 0.00 0.00
3.91 3.95 1.07 1.06 1.06 3.10 3.25 1.05 1.05 1.05 1.05 1.04 1.04 1.04 1.04 1.04 1.04 1.04 1.04 1.04 1.04 1.04 1.04 1.05 1.05 1.05 1.54 3.32 3.32 3.33 3.33 3.34 1.26 1.27 4.24 4.26 3.38 3.64 3.65 3.34 1.10 1.11 3.38 4.40 3.41 3.57 3.35 3.36 1.35 0.00 0.00 0.00 0.00 0.00 0.00 0.00 0.00 0.00 0.00 0.00 0.00 0.00 0.00 0.00 0.00 0.00 0.00 0.00 0.00 0.00 0.00 0.00 0.00 0.00 0.00 0.00 0.00 0.00 0.00 0.00 0.00 0.00 0.00 0.00
