New_Model_Runs/4_scn3_noclimate_out/post_prcessed_with_MFR/Monthly_summaries/actual_et_monthly_DEC.asc
NCOLS 700
NROWS 400
XLLCENTER 515000.000000
YLLCENTER 8409000.000000
CELLSIZE 50.000000
NODATA_value -999.000000
[rows 114 to 151 of 400, columns 504 to 587 of 700]
1.23 1.23 1.24 1.24 1.24 1.24 1.24 1.24 1.24 1.24 1.24 1.24 1.24 1.24 1.24 1.25 1.25 1.25 1.25 1.26 3.82 3.83 3.84 3.85 1.87 1.87 1.28 4.07 1.29 3.93 3.94 1.30 1.31 1.31 1.32 1.32 1.32 1.95 1.33 1.33 1.34 1.34 1.34 1.34 1.35 1.35 1.35 1.35 1.35 1.35 1.36 1.36 1.36 1.36 1.36 1.36 1.36 1.37 1.37 1.37 1.37 1.37 1.37 1.37 1.38 1.38 1.38 1.38 1.38 1.38 1.39 1.39 1.39 1.39 1.39 1.40 1.40 5.23 5.05 0.00 0.00 0.00 0.00 0.00
1.24 1.24 1.24 1.24 1.24 1.24 1.24 1.24 1.24 1.24 1.24 1.25 1.25 1.25 1.25 1.25 1.25 1.25 1.26 1.26 1.85 1.85 4.95 4.96 4.97 1.28 1.28 1.29 1.29 1.30 3.94 1.30 1.31 1.31 1.32 1.32 1.32 1.33 1.33 1.33 1.34 1.34 1.34 1.34 1.35 1.35 1.35 1.35 1.35 1.36 1.36 1.36 1.36 1.36 1.36 1.36 1.37 1.37 1.37 1.37 1.37 1.37 1.37 1.38 1.38 1.38 1.38 1.38 1.38 1.39 1.39 1.39 1.39 1.39 1.39 1.40 1.40 4.25 2.06 2.06 5.07 5.13 5.08 5.08
1.24 1.24 1.24 1.24 1.25 1.25 1.25 1.25 1.25 1.25 1.25 1.25 1.25 1.25 1.25 1.25 1.26 1.26 1.26 1.26 1.85 1.86 1.27 1.27 1.28 1.28 5.00 1.29 1.29 1.30 1.30 1.31 1.31 1.31 1.32 1.32 1.33 1.33 1.33 1.33 1.34 1.34 1.34 4.08 1.35 1.35 1.35 1.35 1.36 1.36 1.36 1.36 1.36 1.36 1.36 1.37 1.37 1.37 1.37 1.37 1.37 1.37 1.37 1.38 1.38 1.38 1.38 1.38 1.38 1.39 1.39 1.39 1.39 1.39 1.40 1.40 1.40 1.40 1.40 1.41 5.54 5.53 5.54 5.54
1.25 1.25 1.25 1.25 1.25 1.25 1.25 1.25 1.25 1.25 1.25 1.25 1.25 1.26 1.26 1.26 1.26 1.26 1.26 1.27 1.27 1.27 1.27 1.28 4.05 1.28 1.29 1.29 1.30 1.30 4.23 1.31 1.31 1.32 1.32 1.32 1.33 1.33 1.33 1.34 1.34 1.34 1.34 1.35 1.35 1.35 1.35 1.36 1.36 4.12 4.37 1.36 1.36 1.36 1.37 1.37 1.37 1.37 1.37 1.37 1.37 1.37 1.38 1.38 1.38 1.38 1.38 1.38 1.39 1.39 1.39 1.39 1.39 1.40 1.40 1.40 1.40 1.40 1.41 1.41 5.52 5.53 5.54 5.55
1.25 1.25 1.25 1.25 1.25 1.26 1.26 1.26 1.26 1.26 1.26 1.26 1.26 1.26 1.26 1.26 1.26 1.26 1.27 1.27 1.27 1.27 1.28 1.28 1.28 1.29 1.89 1.29 1.30 1.30 1.31 1.31 1.31 1.32 1.32 1.32 1.33 1.33 1.33 1.34 1.34 1.34 1.35 1.35 1.35 1.35 1.35 4.11 4.12 4.12 4.37 4.13 1.36 1.37 1.37 1.37 1.37 1.37 1.37 1.37 1.38 1.38 1.38 1.38 1.38 1.38 1.38 1.39 1.39 1.39 1.39 1.39 1.39 1.40 1.40 1.40 1.40 1.41 1.41 4.28 5.55 5.54 5.54 5.55
1.25 1.26 1.26 1.26 1.26 1.26 1.26 1.26 1.26 1.26 1.26 1.26 1.26 1.26 1.27 1.27 1.27 1.27 1.27 1.27 1.27 1.28 1.28 1.28 1.29 1.29 1.29 1.30 1.30 1.30 1.31 1.31 1.31 1.32 1.32 1.33 1.33 1.33 1.34 1.34 1.34 1.34 1.35 1.35 1.35 5.19 5.19 4.37 4.37 1.36 1.36 1.36 1.37 1.37 1.37 1.37 1.37 1.37 1.37 1.38 1.38 1.38 1.38 1.38 1.38 1.38 1.39 1.39 1.39 1.39 1.39 1.39 1.40 1.40 1.40 1.40 1.40 1.41 2.07 2.07 4.71 5.57 4.30 5.56
1.26 1.26 1.26 1.26 1.26 1.26 1.27 1.27 1.27 1.27 1.27 1.27 1.27 1.27 1.27 1.27 1.27 1.27 1.27 1.28 1.28 1.28 1.28 1.29 1.29 1.29 1.29 1.30 1.30 1.31 1.31 1.31 1.32 1.32 1.32 1.33 1.33 1.33 1.34 1.34 1.34 1.35 1.35 1.35 4.29 1.99 1.36 1.36 4.13 1.36 1.36 1.37 1.37 1.37 1.37 1.37 1.37 1.37 1.38 1.38 1.38 1.38 1.38 1.38 1.38 1.39 1.39 1.39 1.39 1.39 1.39 1.40 1.40 1.40 1.40 1.40 2.06 2.06 2.07 2.07 4.71 4.30 4.30 4.31
1.26 1.26 1.27 1.27 1.27 1.27 1.27 1.27 1.27 1.27 1.27 1.27 1.27 1.27 1.27 1.27 1.28 1.28 1.28 1.28 1.28 1.28 1.29 1.29 1.29 1.29 4.22 4.23 1.30 1.31 1.31 1.31 1.32 1.32 1.33 1.33 1.33 1.34 4.06 1.34 1.34 4.09 4.09 4.10 4.11 1.36 1.36 1.36 1.36 1.36 1.37 1.37 1.37 1.37 1.37 1.37 1.37 1.38 1.38 1.38 1.38 1.38 1.38 1.38 1.39 1.39 1.39 1.39 1.39 1.39 1.40 1.40 1.40 1.40 1.40 1.41 1.41 1.41 1.41 2.07 4.72 4.30 4.31 4.74
1.27 1.27 1.27 1.27 1.27 1.27 1.27 1.27 1.28 1.28 1.28 1.28 1.28 1.28 1.28 1.28 1.28 1.28 1.28 1.28 1.29 1.29 1.29 1.29 1.29 1.30 3.94 3.95 4.24 1.31 1.31 1.32 1.32 1.32 1.33 1.33 5.01 1.34 4.07 4.08 4.08 4.09 4.10 4.11 4.11 1.36 1.36 1.36 1.36 1.37 1.37 1.37 1.37 1.37 1.37 1.37 1.38 1.38 1.38 1.38 1.38 1.38 1.38 1.39 1.39 1.39 1.39 1.39 1.39 1.40 1.40 1.40 1.40 1.40 1.40 1.41 1.41 1.41 1.41 1.42 1.42 1.42 1.42 1.42
1.27 1.27 1.27 1.27 1.28 1.87 1.28 1.28 1.28 4.05 1.28 1.28 1.28 1.28 1.28 1.28 4.07 1.29 1.29 1.29 1.29 1.29 1.29 1.29 1.30 1.30 1.30 3.96 4.25 1.31 1.32 1.32 4.01 1.33 1.33 4.04 4.23 1.34 1.34 4.08 4.09 4.35 4.10 1.36 1.36 1.36 1.36 1.36 1.37 1.37 1.37 1.37 1.37 1.37 1.38 1.38 1.38 1.38 1.38 1.38 1.38 1.38 1.39 1.39 1.39 1.39 1.39 1.39 1.40 1.40 1.40 1.40 1.40 1.40 1.41 1.41 1.41 1.41 1.41 1.42 1.42 1.42 1.42 1.43
1.27 1.28 1.28 1.28 1.28 1.28 1.28 1.28 1.28 1.28 1.28 1.29 1.29 1.29 1.29 1.29 1.29 1.29 3.91 3.92 1.29 1.29 1.30 1.30 1.30 1.30 1.31 1.31 1.31 1.31 1.32 1.32 1.32 4.29 1.33 4.28 4.06 4.32 1.34 1.35 1.35 1.35 1.36 1.36 1.36 1.36 1.36 1.37 1.37 1.37 1.37 1.37 1.37 1.38 1.38 1.38 1.38 1.38 1.38 1.38 1.38 1.39 1.39 1.39 1.39 1.39 1.39 1.40 1.40 1.40 1.40 1.40 1.40 1.41 1.41 1.41 1.41 1.41 1.42 1.42 1.42 1.42 1.43 1.43
1.28 1.28 1.28 1.28 1.28 1.28 1.29 1.29 1.29 1.29 1.29 1.29 1.29 1.29 1.29 1.29 1.29 1.29 1.29 1.29 4.20 1.30 1.30 1.30 1.30 1.31 3.89 4.63 5.08 5.09 1.32 1.32 5.08 5.08 5.09 3.87 5.11 1.34 1.35 1.35 1.35 1.35 1.36 1.36 1.36 1.36 1.37 1.37 1.37 1.37 1.37 1.37 1.38 1.38 1.38 1.38 1.38 1.38 1.38 1.39 1.39 1.39 1.39 1.39 1.39 1.39 1.40 1.40 1.40 1.40 1.40 1.40 1.41 1.41 1.41 1.41 1.41 1.42 1.42 1.42 1.42 1.42 1.43 1.43
1.28 1.28 1.28 1.29 1.29 1.29 1.29 1.29 1.29 1.29 1.29 1.29 1.29 1.29 1.29 1.30 1.30 1.30 1.30 1.30 4.90 4.12 1.30 1.30 1.31 3.72 4.63 4.46 4.46 3.73 4.65 1.33 5.08 5.09 5.10 5.11 1.34 1.34 1.35 1.35 1.35 1.36 1.36 1.36 1.36 1.37 1.37 1.37 1.37 1.37 1.37 1.38 1.38 1.38 1.38 1.38 1.38 1.38 1.39 1.39 1.39 1.39 1.39 1.39 1.39 1.40 1.40 1.40 1.40 1.40 1.40 1.41 1.41 1.41 1.41 1.41 1.42 1.42 1.42 1.42 1.42 1.43 1.43 1.43
1.28 1.29 1.29 1.29 1.29 1.29 1.29 1.29 1.29 1.30 1.30 1.30 1.30 1.30 1.30 1.30 1.30 1.30 3.95 3.95 3.95 4.13 1.31 4.63 3.72 3.72 1.34 4.46 4.47 1.34 4.48 1.34 4.95 4.95 4.28 4.07 1.34 1.35 1.35 1.35 1.36 1.36 1.36 1.36 1.37 1.37 4.36 1.37 1.37 1.38 1.38 1.38 1.38 1.38 1.38 1.38 1.39 1.39 1.39 1.39 1.39 1.39 1.39 1.39 1.40 1.40 1.40 1.40 1.40 1.40 1.41 1.41 1.41 1.41 1.41 1.42 1.42 1.42 1.42 1.42 1.43 1.43 1.43 1.43
1.29 1.29 1.29 1.29 1.29 1.29 1.30 1.30 1.30 1.30 1.30 1.30 1.30 1.30 1.30 1.30 1.30 1.30 1.30 5.03 5.03 3.97 5.04 3.72 3.72 1.34 4.46 0.00 0.00 0.00 0.00 0.00 0.00 4.96 5.11 1.34 1.35 1.35 1.35 1.35 1.36 1.36 1.36 5.17 5.18 5.19 5.19 2.01 4.15 1.38 1.38 1.38 1.38 1.38 1.38 1.39 1.39 1.39 1.39 4.22 4.64 4.65 4.65 1.40 1.40 1.40 1.40 1.40 1.40 1.41 1.41 1.41 1.41 1.41 1.42 1.42 1.42 1.42 1.42 1.43 1.43 1.43 1.43 1.43
1.29 1.29 1.29 1.29 1.30 1.30 1.30 1.30 1.30 1.30 1.30 1.30 1.30 1.30 1.30 1.31 4.26 1.31 3.97 3.97 5.04 5.04 3.73 4.64 3.73 0.00 0.00 0.00 0.00 0.00 0.00 0.00 0.00 0.00 5.15 1.35 1.35 1.35 1.35 1.36 1.36 5.02 4.32 4.13 5.18 5.19 1.37 4.17 1.38 1.38 1.38 1.38 1.38 1.39 1.39 1.39 1.39 1.39 1.39 1.39 4.65 4.65 1.40 1.40 1.40 1.40 1.40 1.41 1.41 1.41 1.41 1.41 1.41 1.42 1.42 1.42 1.42 1.42 1.43 1.43 1.43 1.43 1.43 1.44
1.29 1.29 1.30 1.30 1.30 1.30 1.91 1.30 1.30 1.30 1.31 1.31 1.31 1.31 1.31 1.31 4.24 1.31 3.98 5.05 5.05 5.05 4.64 4.64 0.00 0.00 0.00 0.00 0.00 0.00 0.00 0.00 0.00 0.00 0.00 1.35 1.35 1.35 1.36 4.12 5.06 5.03 5.03 3.92 5.19 1.37 1.38 1.38 1.38 1.38 1.38 1.38 1.39 1.39 1.39 1.39 1.39 1.39 1.39 1.40 4.66 4.24 1.40 1.40 1.40 1.40 1.41 1.41 1.41 1.41 1.41 1.41 1.42 1.42 1.42 1.42 1.42 1.43 1.43 1.43 1.43 1.43 1.44 1.44
1.29 1.30 1.30 1.30 1.30 1.30 1.30 1.31 4.14 4.14 1.31 1.31 1.31 1.31 1.31 3.98 4.24 1.31 3.99 3.99 3.99 3.99 1.32 4.65 0.00 0.00 0.00 0.00 0.00 0.00 0.00 0.00 0.00 0.00 0.00 5.02 5.18 1.36 5.04 0.00 0.00 5.03 5.04 5.04 4.14 1.38 1.38 1.38 1.38 1.38 1.38 1.39 1.39 1.39 1.39 1.39 1.39 1.40 1.40 4.24 4.66 4.67 1.40 1.40 1.40 1.41 1.41 1.41 1.41 1.41 1.41 1.42 1.42 1.42 1.42 1.42 1.43 1.43 1.43 1.43 1.43 1.44 1.44 1.44
1.30 1.30 1.30 1.30 1.30 1.31 1.31 1.31 1.31 1.31 1.31 1.31 4.28 4.25 3.98 3.99 3.99 4.25 1.32 4.00 1.32 1.32 1.32 0.00 0.00 0.00 0.00 0.00 0.00 0.00 0.00 0.00 0.00 0.00 0.00 1.35 1.35 0.00 0.00 0.00 0.00 0.00 0.00 3.92 4.15 1.38 1.38 1.38 1.38 1.39 1.39 1.39 1.39 1.39 1.39 1.39 1.40 1.40 1.40 1.40 4.25 4.25 1.40 1.41 1.41 1.41 1.41 1.41 1.41 1.41 1.42 1.42 1.42 1.42 1.42 1.43 1.43 1.43 1.43 1.43 1.44 1.44 1.44 1.44
1.30 1.30 1.30 1.30 1.31 1.31 3.97 3.98 3.98 1.93 1.31 1.31 1.31 4.26 5.07 3.99 4.66 4.66 3.72 1.32 1.32 1.32 0.00 0.00 0.00 0.00 0.00 0.00 0.00 0.00 0.00 0.00 0.00 0.00 0.00 0.00 0.00 0.00 0.00 0.00 0.00 0.00 0.00 5.05 4.37 4.38 1.38 1.38 1.39 1.39 1.39 1.39 1.39 1.39 1.40 1.40 1.40 1.40 1.40 1.40 1.40 1.40 1.41 1.41 1.41 1.41 1.41 1.41 1.42 1.42 1.42 1.42 1.42 1.42 1.43 1.43 1.43 1.43 1.43 1.44 1.44 1.44 1.44 1.44
1.30 1.30 1.31 1.31 1.31 1.31 1.31 3.98 3.99 1.93 1.93 3.99 4.00 5.07 4.50 4.67 4.66 4.66 0.00 0.00 0.00 0.00 0.00 0.00 0.00 0.00 0.00 0.00 0.00 0.00 0.00 0.00 0.00 0.00 0.00 0.00 0.00 0.00 0.00 0.00 0.00 0.00 0.00 0.00 5.20 1.38 1.38 1.39 1.39 1.39 1.39 1.39 1.39 1.40 1.40 1.40 1.40 1.40 1.40 1.40 1.41 1.41 1.41 1.41 1.41 1.41 1.41 1.42 1.42 1.42 1.42 1.42 1.42 1.43 1.43 1.43 1.43 1.43 1.44 1.44 1.44 1.44 1.44 1.45
1.30 1.31 1.31 1.31 1.31 1.92 1.31 5.11 5.08 4.69 4.68 4.68 4.68 0.00 0.00 0.00 0.00 0.00 0.00 0.00 0.00 0.00 0.00 0.00 0.00 0.00 0.00 0.00 0.00 0.00 0.00 0.00 0.00 0.00 0.00 0.00 0.00 0.00 0.00 0.00 0.00 0.00 0.00 5.05 5.21 1.38 1.39 1.39 1.39 1.39 1.39 1.39 1.40 1.40 1.40 1.40 1.40 1.40 1.41 1.41 1.41 1.41 1.41 1.41 1.41 1.42 1.42 1.42 1.42 1.42 1.42 1.42 1.43 1.43 1.43 1.43 1.43 1.44 1.44 1.44 1.44 1.44 1.45 1.45
1.31 1.31 1.31 1.31 1.31 3.99 3.99 5.09 4.69 4.69 0.00 0.00 0.00 0.00 0.00 0.00 0.00 0.00 0.00 0.00 0.00 0.00 0.00 0.00 0.00 0.00 0.00 0.00 0.00 0.00 0.00 0.00 0.00 0.00 0.00 0.00 0.00 0.00 0.00 0.00 0.00 0.00 0.00 1.38 5.29 4.20 1.39 1.39 4.79 4.47 1.40 1.40 1.40 1.40 1.40 1.40 1.40 1.41 1.41 1.41 1.41 1.41 1.41 1.41 1.42 1.42 1.42 1.42 1.42 1.42 1.43 1.43 1.43 1.43 1.43 1.43 1.44 1.44 1.44 1.44 1.44 1.45 1.45 1.45
1.31 1.31 1.31 1.31 1.93 3.99 3.77 4.69 0.00 0.00 0.00 0.00 0.00 0.00 0.00 0.00 0.00 0.00 0.00 0.00 0.00 0.00 0.00 0.00 0.00 0.00 0.00 0.00 0.00 0.00 0.00 0.00 0.00 0.00 0.00 0.00 0.00 0.00 0.00 0.00 0.00 0.00 0.00 0.00 0.00 0.00 0.00 4.60 4.61 5.18 4.48 4.48 4.24 1.40 1.40 1.41 1.41 1.41 1.41 1.41 1.41 1.41 1.42 1.42 1.42 1.42 1.42 1.42 1.42 1.43 1.43 1.43 1.43 1.43 1.44 1.44 1.44 1.44 1.44 1.44 1.45 1.45 1.45 1.45
1.31 1.31 1.31 1.32 3.99 4.00 4.70 0.00 0.00 0.00 0.00 0.00 0.00 0.00 0.00 0.00 0.00 0.00 0.00 0.00 0.00 0.00 0.00 0.00 0.00 0.00 0.00 0.00 0.00 0.00 0.00 0.00 0.00 0.00 0.00 0.00 0.00 0.00 0.00 0.00 0.00 0.00 0.00 0.00 0.00 0.00 0.00 0.00 4.62 1.39 5.19 5.19 4.25 4.22 4.26 1.41 1.41 1.41 1.41 1.41 1.42 1.42 1.42 1.42 1.42 1.42 1.42 1.43 1.43 1.43 1.43 1.43 1.43 1.44 1.44 1.44 1.44 1.44 1.44 1.45 1.45 1.45 1.45 1.46
3.98 1.31 3.99 4.00 1.32 4.00 5.09 0.00 0.00 0.00 0.00 0.00 0.00 0.00 0.00 0.00 0.00 0.00 0.00 0.00 0.00 0.00 0.00 0.00 0.00 0.00 0.00 0.00 0.00 0.00 0.00 0.00 0.00 0.00 0.00 0.00 0.00 0.00 0.00 0.00 0.00 0.00 0.00 0.00 0.00 0.00 0.00 0.00 0.00 4.62 5.11 5.11 4.22 4.22 4.22 1.41 4.45 1.41 1.41 1.42 1.42 1.42 1.42 1.42 1.42 1.42 1.43 1.43 1.43 1.43 1.43 1.43 1.44 1.44 1.44 1.44 1.44 1.45 1.45 1.45 1.45 1.45 1.46 1.46
1.31 3.99 5.13 4.31 1.32 1.32 5.13 0.00 0.00 0.00 0.00 0.00 0.00 0.00 0.00 0.00 0.00 0.00 0.00 0.00 0.00 0.00 0.00 0.00 0.00 0.00 0.00 0.00 0.00 0.00 0.00 0.00 0.00 0.00 0.00 0.00 0.00 0.00 0.00 0.00 0.00 0.00 0.00 0.00 0.00 0.00 0.00 0.00 0.00 4.62 1.39 4.63 3.96 5.27 5.28 5.28 5.29 4.71 1.42 1.42 1.42 1.42 1.42 1.42 1.43 1.43 1.43 1.43 1.43 1.43 1.44 1.44 1.44 1.44 1.44 1.44 1.45 1.45 2.13 2.13 1.45 1.46 1.46 1.46
1.32 4.31 4.00 4.31 1.32 1.32 1.32 0.00 0.00 0.00 0.00 0.00 0.00 0.00 0.00 0.00 0.00 0.00 0.00 0.00 0.00 0.00 0.00 0.00 0.00 0.00 0.00 0.00 0.00 0.00 0.00 0.00 0.00 0.00 0.00 0.00 0.00 0.00 0.00 0.00 0.00 0.00 0.00 0.00 0.00 0.00 0.00 0.00 0.00 0.00 1.39 1.39 5.12 5.28 3.96 3.97 5.29 5.58 1.42 1.42 1.42 1.42 1.43 1.43 1.43 1.43 1.43 1.43 1.43 1.44 1.44 1.44 1.44 1.44 1.44 1.45 1.45 1.45 1.45 1.45 1.46 1.46 1.46 4.85
1.32 1.32 4.01 3.90 5.13 0.00 0.00 0.00 0.00 0.00 0.00 0.00 0.00 0.00 0.00 0.00 0.00 0.00 0.00 0.00 0.00 0.00 0.00 0.00 0.00 0.00 0.00 0.00 0.00 0.00 0.00 0.00 0.00 0.00 0.00 0.00 0.00 0.00 0.00 0.00 0.00 0.00 0.00 0.00 0.00 0.00 0.00 0.00 0.00 0.00 4.63 1.39 4.64 3.96 5.29 4.45 4.47 1.42 1.42 1.42 1.42 1.43 1.43 1.43 1.43 1.43 1.43 1.44 1.44 1.44 1.44 1.44 1.44 1.45 1.45 1.45 1.45 1.45 4.84 4.85 1.46 4.86 5.75 4.87
1.32 1.32 5.14 5.14 0.00 0.00 0.00 0.00 0.00 0.00 0.00 0.00 0.00 0.00 0.00 0.00 0.00 0.00 0.00 0.00 0.00 0.00 0.00 0.00 0.00 0.00 0.00 0.00 0.00 0.00 0.00 0.00 0.00 0.00 0.00 0.00 0.00 0.00 0.00 0.00 0.00 0.00 0.00 0.00 0.00 0.00 0.00 0.00 0.00 0.00 0.00 4.64 4.64 3.82 4.29 4.29 1.42 1.42 1.42 1.43 1.43 1.43 1.43 1.43 1.43 1.43 1.44 1.44 1.44 1.44 1.44 1.44 1.45 1.45 1.45 1.45 1.45 1.45 1.46 1.46 4.86 4.87 4.44 4.45
4.01 5.14 0.00 0.00 0.00 0.00 0.00 0.00 0.00 0.00 0.00 0.00 0.00 0.00 0.00 0.00 0.00 0.00 0.00 0.00 0.00 0.00 0.00 0.00 0.00 0.00 0.00 0.00 0.00 0.00 0.00 0.00 0.00 0.00 0.00 0.00 0.00 0.00 0.00 0.00 0.00 0.00 0.00 0.00 0.00 0.00 0.00 0.00 0.00 0.00 0.00 4.64 1.39 5.17 5.38 4.53 4.53 2.09 1.43 1.43 1.43 1.43 1.43 1.43 1.44 1.44 1.44 1.44 1.44 1.44 1.44 1.45 1.45 1.45 1.45 1.45 1.46 1.46 1.46 1.46 1.46 4.88 4.45 4.45
5.10 0.00 0.00 0.00 0.00 0.00 0.00 0.00 0.00 0.00 0.00 0.00 0.00 0.00 0.00 0.00 0.00 0.00 0.00 0.00 0.00 0.00 0.00 0.00 0.00 0.00 0.00 0.00 0.00 0.00 0.00 0.00 0.00 0.00 0.00 0.00 0.00 0.00 0.00 0.00 0.00 0.00 0.00 0.00 0.00 0.00 0.00 0.00 0.00 0.00 0.00 4.64 4.64 1.55 5.34 4.28 1.43 1.43 1.43 1.43 1.43 1.43 1.43 1.44 1.44 1.44 1.44 1.44 1.44 1.45 1.45 1.45 1.45 1.45 1.45 1.46 1.46 1.46 1.46 1.46 1.46 1.47 1.47 1.47
0.00 0.00 0.00 0.00 0.00 0.00 0.00 0.00 0.00 0.00 0.00 0.00 0.00 0.00 0.00 0.00 0.00 0.00 0.00 0.00 0.00 0.00 0.00 0.00 0.00 0.00 0.00 0.00 0.00 0.00 0.00 0.00 0.00 0.00 0.00 0.00 0.00 0.00 0.00 0.00 0.00 0.00 0.00 0.00 0.00 0.00 0.00 0.00 0.00 0.00 0.00 4.64 4.67 5.18 5.35 4.50 2.09 1.43 1.43 1.43 1.43 1.44 1.44 1.44 1.44 1.44 1.44 1.44 1.45 1.45 1.45 1.45 1.45 1.45 1.46 1.46 1.46 1.46 1.46 1.47 1.47 1.47 4.46 1.47
0.00 0.00 0.00 0.00 0.00 0.00 0.00 0.00 0.00 0.00 0.00 0.00 0.00 0.00 0.00 0.00 0.00 0.00 0.00 0.00 0.00 0.00 0.00 0.00 0.00 0.00 0.00 0.00 0.00 0.00 0.00 0.00 0.00 0.00 0.00 0.00 0.00 0.00 0.00 0.00 0.00 0.00 0.00 0.00 0.00 0.00 0.00 0.00 0.00 0.00 0.00 4.64 4.82 4.28 1.43 4.50 1.43 1.43 4.35 1.44 1.44 1.44 1.44 1.44 1.44 1.44 1.45 1.45 1.45 1.45 1.45 1.45 1.46 1.46 1.46 1.46 1.46 1.46 1.47 1.47 1.47 1.47 5.79 5.80
0.00 0.00 0.00 0.00 0.00 0.00 0.00 0.00 0.00 0.00 0.00 0.00 0.00 0.00 0.00 0.00 0.00 0.00 0.00 0.00 0.00 0.00 0.00 0.00 0.00 0.00 0.00 0.00 0.00 0.00 0.00 0.00 0.00 0.00 0.00 0.00 0.00 0.00 0.00 0.00 0.00 0.00 0.00 0.00 0.00 0.00 0.00 0.00 0.00 0.00 0.00 4.64 3.82 1.43 1.43 4.51 2.10 1.43 1.44 1.44 1.44 1.44 1.44 1.44 1.45 1.45 1.45 1.45 2.13 1.45 1.45 1.46 1.46 2.14 1.46 1.46 1.46 1.47 1.47 1.47 4.46 5.80 0.00 0.00
0.00 0.00 0.00 0.00 0.00 0.00 0.00 0.00 0.00 0.00 0.00 0.00 0.00 0.00 0.00 0.00 0.00 0.00 0.00 0.00 0.00 0.00 0.00 0.00 0.00 0.00 0.00 0.00 0.00 0.00 0.00 0.00 0.00 0.00 0.00 0.00 0.00 0.00 0.00 0.00 0.00 0.00 0.00 0.00 0.00 0.00 0.00 0.00 0.00 0.00 5.17 4.28 5.35 4.29 1.43 1.43 1.43 1.44 1.44 1.44 1.44 4.38 1.44 1.45 1.45 1.45 1.45 1.45 4.84 1.46 1.46 1.46 1.46 1.46 4.87 4.88 1.47 1.47 1.47 1.47 0.00 0.00 0.00 0.00
0.00 0.00 0.00 0.00 0.00 0.00 0.00 0.00 0.00 0.00 0.00 0.00 0.00 0.00 0.00 0.00 0.00 0.00 0.00 0.00 0.00 0.00 0.00 0.00 0.00 0.00 0.00 0.00 0.00 0.00 0.00 0.00 0.00 0.00 0.00 0.00 0.00 0.00 0.00 0.00 0.00 0.00 0.00 0.00 0.00 0.00 0.00 0.00 0.00 5.16 4.27 4.49 1.43 2.10 2.10 2.11 1.44 1.44 1.44 1.44 1.44 4.38 1.45 1.45 1.45 1.45 1.45 1.45 2.14 4.42 1.46 1.46 1.46 4.88 4.45 4.89 4.89 1.47 1.47 1.47 0.00 0.00 0.00 0.00
0.00 0.00 0.00 0.00 0.00 0.00 0.00 0.00 0.00 0.00 0.00 0.00 0.00 0.00 0.00 0.00 0.00 0.00 0.00 0.00 0.00 0.00 0.00 0.00 0.00 0.00 0.00 0.00 0.00 0.00 0.00 0.00 0.00 0.00 0.00 0.00 0.00 0.00 0.00 0.00 0.00 0.00 0.00 0.00 0.00 0.00 0.00 0.00 4.29 1.43 1.43 1.43 1.43 1.43 1.44 1.44 1.44 1.44 1.44 1.44 1.45 1.45 1.45 1.45 1.45 1.45 1.46 1.46 2.14 2.14 1.46 1.46 1.47 4.45 4.45 4.46 4.90 4.90 1.48 1.48 0.00 0.00 0.00 0.00
