New_Model_Runs/4_scn3_noclimate_out/post_prcessed_with_MFR/Monthly_summaries/actual_et_monthly_JUN.asc
NCOLS 700
NROWS 400
XLLCENTER 515000.000000
YLLCENTER 8409000.000000
CELLSIZE 50.000000
NODATA_value -999.000000
[rows 228 to 265 of 400, columns 168 to 251 of 700]
1.04 1.04 1.04 1.04 1.04 1.04 1.04 1.03 1.03 1.03 1.03 1.03 3.41 3.41 3.12 3.11 4.03 4.03 2.95 4.02 4.01 4.01 3.99 4.00 2.93 3.36 3.97 3.35 3.96 3.05 3.05 3.04 3.94 3.93 3.92 3.02 3.01 3.21 3.00 2.99 3.19 3.19 3.18 3.18 0.98 3.16 3.16 3.76 3.15 3.14 3.13 3.13 3.12 3.59 3.11 3.03 3.10 0.95 0.95 0.95 0.95 0.94 0.94 0.94 2.97 0.93 0.93 0.93 0.93 0.93 0.92 0.92 0.92 0.92 0.91 0.91 0.91 0.91 0.90 0.90 0.90 0.90 2.98 0.89
1.04 1.04 1.04 1.04 1.04 1.04 1.03 1.03 1.03 1.03 1.03 1.03 1.03 3.41 3.11 3.11 3.11 3.10 3.39 3.09 4.01 2.94 3.99 3.99 2.93 3.97 3.97 3.97 3.95 3.95 3.95 3.94 2.90 2.90 3.92 3.91 3.30 3.01 3.82 3.22 3.19 3.19 3.18 3.17 3.17 3.16 3.64 3.76 3.75 3.74 3.13 2.92 0.96 0.96 0.96 0.95 0.95 0.95 0.95 0.95 0.94 0.94 3.13 0.94 0.94 2.96 0.93 0.93 0.93 0.92 0.92 2.79 2.78 2.78 3.04 0.91 0.91 0.91 0.90 0.90 0.90 2.99 2.98 0.89
1.04 1.04 1.04 1.04 1.04 1.03 1.03 1.03 1.03 1.03 1.03 1.03 1.03 1.03 1.03 3.11 3.10 3.10 3.39 3.09 4.00 4.00 3.99 3.99 3.97 3.96 3.96 3.95 3.96 3.95 2.91 2.91 3.93 3.91 3.91 2.66 3.90 2.88 3.88 3.88 3.87 3.26 3.18 3.17 3.17 2.98 3.64 3.75 3.75 3.62 3.13 2.92 0.96 0.96 0.96 0.95 0.95 0.95 0.95 0.95 0.94 0.94 0.94 0.94 0.94 0.93 0.93 0.93 0.93 0.92 2.80 2.79 3.06 2.78 0.91 0.91 0.91 0.91 0.90 0.90 0.90 2.99 2.98 0.89
1.04 1.04 1.04 1.04 1.03 1.03 1.03 1.03 1.03 1.03 1.03 1.03 1.03 1.03 1.02 1.02 3.39 3.10 3.38 3.09 3.08 3.08 3.99 2.93 3.98 3.97 3.96 3.96 2.91 3.95 2.67 2.90 3.93 3.92 3.91 3.90 3.14 3.89 2.88 3.87 3.87 3.86 3.85 3.84 3.84 3.83 3.76 3.75 3.74 0.97 0.96 0.96 0.96 0.96 0.96 0.95 0.95 0.95 0.95 0.95 0.94 0.94 0.94 0.94 3.12 3.11 0.93 0.93 3.09 0.92 0.92 3.07 3.06 0.92 0.91 0.91 0.91 0.91 0.90 0.90 3.00 2.99 0.89 0.89
1.04 1.04 1.04 1.03 1.03 1.03 1.03 1.03 1.03 3.43 1.03 1.03 1.03 1.02 1.02 1.02 1.02 1.02 3.38 3.08 3.08 3.08 3.98 3.98 3.06 3.06 3.96 3.05 3.95 3.94 3.93 2.90 3.91 3.91 3.91 1.45 3.13 1.45 3.87 3.87 3.86 3.86 3.84 3.83 3.83 3.82 0.97 0.97 0.97 0.96 0.96 0.96 0.96 0.96 0.95 0.95 0.95 0.95 0.95 0.94 0.94 0.94 0.94 3.12 3.11 2.83 2.82 3.09 0.93 0.92 2.80 0.92 0.92 0.91 0.91 0.91 0.91 0.91 0.90 0.90 0.90 0.90 0.90 0.89
1.04 1.04 1.04 1.03 1.03 1.03 1.03 1.03 1.03 1.03 3.42 1.50 1.50 1.02 1.02 1.02 1.02 1.02 1.02 1.02 3.08 3.07 3.98 3.06 3.06 3.06 3.05 3.05 3.93 3.94 3.32 2.90 3.02 3.91 3.90 3.90 3.13 2.99 3.87 1.44 3.86 3.85 0.98 1.43 3.82 3.82 0.97 0.97 0.97 3.05 1.41 0.96 0.96 0.96 0.95 0.95 0.95 0.95 0.95 0.94 0.94 0.94 0.94 0.94 2.83 3.66 2.82 2.81 2.81 3.63 3.62 3.06 3.06 0.91 0.91 0.91 0.91 0.91 0.90 0.90 0.90 0.90 0.90 0.89
1.04 1.04 1.03 1.03 1.03 1.03 1.03 1.03 1.03 1.03 1.03 1.02 1.02 1.02 1.02 1.02 1.02 1.02 1.02 1.01 1.01 3.36 3.97 3.06 3.06 3.34 3.05 3.04 3.04 3.93 3.16 3.92 0.99 0.99 0.99 3.89 3.88 3.88 2.98 0.98 0.98 0.98 0.98 0.97 3.83 0.97 1.42 3.80 3.79 3.20 3.20 3.20 3.19 0.96 0.95 0.95 0.95 0.95 0.95 0.94 0.94 0.94 0.94 0.94 3.11 2.82 3.65 2.81 3.64 2.80 2.79 2.79 2.78 0.91 0.91 0.91 0.91 0.91 0.90 0.90 0.90 0.90 0.90 0.89
1.04 1.03 1.03 1.03 1.03 1.03 1.03 1.03 1.03 1.03 1.02 1.02 1.02 1.02 1.02 1.02 1.02 1.02 1.01 1.01 1.01 3.36 3.06 3.06 1.01 1.00 3.33 3.33 3.32 3.93 1.00 1.00 0.99 0.99 0.99 0.99 0.99 3.87 2.98 2.98 0.98 0.98 0.98 1.43 0.97 0.97 0.97 3.80 3.79 3.20 3.19 3.19 2.81 3.75 2.89 3.17 2.88 3.15 3.15 0.94 0.94 0.94 0.94 0.93 0.93 2.82 3.65 2.81 2.80 3.63 0.92 3.06 0.92 0.91 0.91 0.91 2.76 0.91 0.90 0.90 0.90 0.90 0.90 0.89
1.03 1.03 1.03 1.03 1.03 1.03 1.03 1.03 1.03 1.02 1.02 1.02 1.02 1.02 1.02 1.02 1.02 1.01 1.01 1.01 1.01 1.01 3.06 1.01 1.01 1.00 1.00 1.00 1.00 1.00 1.00 0.99 0.99 0.99 0.99 0.99 0.99 0.98 0.98 2.97 3.85 0.98 0.97 0.97 0.97 0.97 0.97 0.97 3.79 0.96 2.91 3.18 3.76 3.75 3.74 3.74 3.73 2.87 0.94 3.14 0.94 0.94 2.84 2.83 2.83 3.66 2.99 2.81 2.80 2.80 0.92 0.92 0.92 0.91 3.04 0.91 0.91 0.91 0.90 0.90 0.90 0.90 0.90 0.90
1.03 1.03 1.03 1.03 1.03 1.03 1.03 1.03 1.02 1.02 1.02 1.02 1.02 1.02 1.02 1.02 1.02 1.01 1.01 1.01 1.01 1.01 1.01 1.01 1.00 1.00 1.00 1.00 1.00 1.00 0.99 0.99 0.99 0.99 0.99 0.99 0.98 0.98 0.98 0.98 0.98 0.98 0.97 0.97 0.97 0.97 0.97 0.96 1.41 3.78 0.96 2.90 3.76 3.75 3.74 3.73 3.73 3.72 2.86 2.86 3.13 2.84 2.84 3.67 2.83 2.99 2.99 3.64 3.63 3.63 2.91 0.92 0.92 0.91 0.91 0.91 0.91 0.91 0.90 0.90 0.90 0.90 0.90 0.90
1.03 1.03 1.03 1.03 1.03 1.03 1.03 1.03 1.02 1.02 1.02 1.02 1.02 1.02 1.02 1.02 1.01 1.01 1.01 3.06 3.35 1.01 1.01 1.00 1.00 1.00 1.00 1.00 1.00 1.00 0.99 0.99 0.99 0.99 0.99 0.99 0.98 0.98 0.98 0.98 0.98 0.97 0.97 0.97 0.97 0.97 0.97 0.96 0.96 1.41 2.91 2.90 3.75 2.89 2.88 2.88 3.72 3.15 3.71 2.85 2.85 2.84 2.84 3.67 2.83 3.66 3.65 3.64 3.63 2.80 2.79 0.92 3.05 0.91 0.91 0.91 0.91 0.91 0.91 0.90 0.90 0.90 0.90 0.90
1.03 1.03 1.03 1.03 1.03 1.03 1.03 1.02 1.02 1.02 1.02 1.02 1.02 1.02 1.02 1.01 1.01 3.07 3.06 3.06 3.06 3.05 1.00 1.00 1.00 1.00 1.00 1.00 1.00 0.99 0.99 0.99 0.99 0.99 0.99 0.98 0.98 0.98 0.98 0.98 0.98 0.97 0.97 0.97 0.97 3.21 3.21 3.79 3.19 3.19 3.76 0.96 2.89 2.89 2.88 3.73 3.15 2.86 2.86 2.85 2.85 2.84 2.84 3.67 3.66 2.82 2.81 3.64 2.80 2.80 3.07 3.06 0.92 0.91 0.91 0.91 0.91 0.91 0.91 0.90 0.90 0.90 0.90 0.90
1.03 1.03 1.03 1.03 1.03 1.03 1.02 1.02 1.02 1.02 1.02 1.02 1.02 1.02 1.01 1.01 1.48 3.07 3.06 3.06 3.05 1.01 1.00 3.34 3.34 1.00 1.00 1.00 0.99 0.99 0.99 0.99 0.99 0.99 0.98 0.98 0.98 0.98 3.25 0.98 0.97 0.97 0.97 0.97 0.97 3.21 0.96 3.20 2.81 2.81 3.76 2.90 2.89 3.74 2.88 2.87 2.87 2.86 2.86 2.85 3.69 3.68 3.67 3.67 2.82 2.99 2.81 2.81 2.80 2.80 3.07 3.06 0.92 0.91 0.91 0.91 0.91 0.91 0.91 0.90 0.90 0.90 0.90 0.90
1.03 1.03 1.03 1.03 1.03 1.02 1.02 1.02 1.02 1.02 1.02 1.02 1.02 1.01 1.01 1.01 1.01 3.06 3.06 3.05 1.47 1.00 1.00 1.00 1.00 1.00 1.00 1.00 0.99 0.99 0.99 0.99 0.99 0.99 0.98 0.98 0.98 0.98 1.43 0.98 0.97 0.97 0.97 0.97 2.93 2.93 3.20 2.92 3.19 3.77 3.76 2.89 3.74 3.74 2.88 2.87 2.87 2.86 2.85 2.85 3.01 3.01 3.67 3.67 3.66 3.65 3.64 2.81 2.80 2.79 3.07 0.92 0.92 0.91 0.91 0.91 0.91 0.91 0.91 0.90 0.90 0.90 0.90 0.90
1.03 1.03 1.03 1.03 1.02 1.02 1.02 1.02 1.02 1.02 1.02 1.02 1.02 1.01 1.01 1.01 1.01 1.01 3.06 1.01 1.00 1.00 1.00 1.00 1.00 1.00 1.00 0.99 0.99 0.99 0.99 0.99 0.99 0.98 0.98 0.98 0.98 0.98 0.98 0.97 0.97 0.97 0.97 0.97 2.93 2.92 2.92 2.91 3.19 3.76 3.76 3.75 2.89 2.88 2.87 2.87 2.86 2.86 2.85 3.69 3.69 3.01 3.67 3.66 3.66 3.65 2.81 2.80 2.80 2.79 3.06 0.92 0.92 0.91 0.91 0.91 0.91 0.91 0.91 0.91 0.90 0.90 0.90 0.90
1.03 1.03 1.03 1.03 1.02 1.02 1.02 1.02 1.02 1.02 1.02 1.02 1.01 1.01 1.01 1.01 1.01 1.01 1.01 1.00 1.00 1.00 1.00 1.00 1.00 1.00 0.99 0.99 0.99 0.99 0.99 0.99 0.99 0.98 0.98 0.98 0.98 0.98 0.98 0.97 0.97 0.97 0.97 2.93 2.93 2.92 2.92 2.91 2.91 0.96 0.95 2.89 2.88 2.88 2.87 3.15 3.15 3.14 2.85 2.85 3.68 3.68 3.67 3.66 3.66 3.65 2.81 2.80 2.80 2.79 0.92 0.92 0.92 0.91 0.91 0.91 0.91 0.91 0.91 3.02 0.90 0.90 0.90 0.90
1.03 1.03 1.03 1.02 1.02 1.02 1.02 1.02 1.02 1.02 1.02 1.01 1.01 1.01 1.01 1.01 1.01 1.01 1.01 1.00 1.00 1.00 1.00 1.00 1.00 1.00 0.99 0.99 0.99 0.99 0.99 0.99 0.98 0.98 0.98 0.98 0.98 0.98 0.97 0.97 0.97 0.97 0.97 3.21 2.92 2.92 3.78 1.41 0.96 0.96 0.95 0.95 0.95 3.73 2.87 2.87 3.14 2.86 3.13 3.13 3.68 3.68 2.83 2.82 3.65 2.81 2.81 2.80 2.80 2.79 0.92 0.92 0.92 0.91 0.91 0.91 0.91 0.91 3.02 3.02 0.90 0.90 0.90 0.90
1.03 1.03 1.02 1.02 1.02 1.02 1.02 1.02 1.02 1.02 1.01 1.01 1.01 1.01 1.01 1.01 1.01 1.01 1.00 1.00 1.00 1.00 1.00 1.00 1.00 0.99 0.99 0.99 0.99 0.99 0.99 0.98 0.98 0.98 0.98 0.98 0.98 0.98 0.97 1.43 0.97 0.97 0.97 3.21 2.92 3.78 0.96 0.96 0.96 3.75 0.95 0.95 2.79 3.73 2.87 2.86 2.86 2.85 2.85 3.69 3.68 3.67 2.83 2.82 2.82 2.81 2.81 2.80 2.80 0.92 0.92 3.61 0.92 0.91 0.91 0.91 0.91 3.03 3.03 3.02 0.91 0.90 0.90 0.90
1.03 1.03 1.02 1.02 1.02 1.02 1.02 1.02 1.02 1.02 1.01 3.07 1.01 1.01 1.01 1.01 1.01 3.35 3.34 1.00 1.00 1.00 1.00 1.00 0.99 0.99 0.99 0.99 0.99 0.99 0.99 0.98 0.98 0.98 0.98 0.98 0.98 0.97 0.97 0.97 0.97 0.97 0.97 0.96 2.92 0.96 0.96 3.76 3.76 3.75 3.74 0.95 3.73 3.73 3.03 3.15 3.14 2.85 3.69 3.69 3.68 3.67 3.67 3.66 2.82 3.65 2.81 2.80 3.07 2.79 3.62 3.61 3.60 3.60 0.91 0.91 0.91 0.91 0.91 0.91 0.91 0.90 0.90 0.90
1.03 1.02 1.02 1.02 1.02 1.02 1.02 1.02 1.02 1.01 1.01 3.07 3.07 1.01 1.01 1.01 1.01 3.35 1.00 1.00 1.00 1.00 1.00 1.00 0.99 0.99 0.99 0.99 0.99 0.99 0.98 0.98 0.98 0.98 0.98 0.98 0.98 0.97 0.97 0.97 0.97 0.97 0.97 3.20 2.92 0.96 1.41 3.76 3.75 3.75 0.95 0.95 3.73 2.78 1.39 0.94 3.14 3.13 2.85 2.84 2.84 2.83 2.99 3.66 3.65 2.81 2.81 2.80 0.92 2.79 2.79 3.61 0.92 0.91 0.91 0.91 2.76 0.91 0.91 0.91 0.91 0.91 0.90 0.90
1.03 1.02 1.02 1.02 1.02 1.02 1.02 1.02 1.02 1.01 1.48 3.36 1.01 1.01 1.01 1.01 3.35 3.34 1.00 1.00 1.00 1.00 1.00 0.99 0.99 0.99 0.99 0.99 0.99 0.99 0.98 0.98 0.98 0.98 0.98 0.98 0.97 0.97 0.97 0.97 0.97 0.97 0.96 0.96 0.96 0.96 0.96 3.76 3.75 3.75 0.95 0.95 3.73 3.15 3.15 3.14 3.14 2.85 2.85 2.84 3.68 3.67 2.99 2.99 3.65 3.64 3.64 2.80 3.63 3.62 2.79 2.78 2.78 0.91 0.91 2.77 3.58 2.76 2.76 3.03 0.91 0.91 0.91 0.90
1.02 1.02 1.02 1.02 1.02 1.02 1.02 1.02 1.01 1.01 3.36 3.35 1.01 1.01 1.01 1.01 1.47 3.34 3.94 1.00 1.00 1.00 1.00 0.99 0.99 0.99 0.99 0.99 0.99 0.98 0.98 0.98 0.98 0.98 0.98 0.98 0.97 0.97 0.97 0.97 0.97 3.80 3.79 3.78 0.96 0.96 3.76 3.76 3.75 3.74 1.39 0.95 3.73 3.15 2.86 2.86 2.85 2.85 2.84 2.84 3.68 3.67 2.99 3.66 2.81 2.81 3.64 2.80 2.80 2.79 2.79 2.78 3.05 3.60 0.91 3.59 3.58 3.58 2.76 2.75 2.75 0.91 0.91 3.56
1.02 1.02 1.02 1.02 1.02 1.02 1.02 1.01 1.01 1.01 1.01 1.48 1.48 1.01 1.01 3.33 1.00 1.00 1.47 1.46 1.00 1.00 0.99 0.99 0.99 0.99 0.99 0.99 0.99 0.98 0.98 0.98 0.98 0.98 0.98 0.97 0.97 0.97 0.97 0.97 0.97 3.79 3.79 3.78 3.77 3.77 3.76 3.76 3.75 3.74 0.95 0.95 1.39 3.15 2.86 2.86 3.70 2.85 2.84 3.68 3.67 3.67 3.66 3.66 2.81 2.81 3.08 2.80 2.80 2.79 2.79 2.78 3.05 3.60 0.91 3.59 3.59 3.58 3.58 3.57 3.57 3.57 3.56 3.56
1.02 1.02 1.02 1.02 1.02 1.02 1.02 1.01 1.01 1.01 1.01 1.48 1.48 1.01 3.34 1.47 1.00 1.47 1.47 1.46 1.00 1.00 0.99 0.99 0.99 0.99 0.99 0.99 0.99 0.98 0.98 0.98 0.98 0.98 0.98 0.97 0.97 0.97 0.97 0.97 0.97 3.79 3.79 3.78 3.77 3.77 3.76 3.75 3.75 0.95 0.95 2.88 3.15 3.15 2.86 3.71 2.85 2.85 3.69 3.68 3.00 3.67 2.82 2.82 3.65 3.64 3.08 3.08 3.07 3.07 2.79 2.78 2.78 0.92 2.77 3.59 3.59 3.58 3.58 3.58 3.57 3.57 3.57 2.92
1.02 1.02 1.02 1.02 1.02 1.02 1.01 1.01 1.01 1.01 1.01 1.01 1.01 1.01 3.05 1.00 1.00 1.47 1.47 1.00 1.00 0.99 0.99 0.99 0.99 0.99 0.99 0.99 0.98 0.98 0.98 0.98 0.98 0.98 0.98 0.97 0.97 0.97 0.97 0.97 0.97 3.79 3.78 3.78 3.77 3.77 3.76 3.75 0.95 0.95 0.95 1.39 1.39 3.15 2.86 2.86 2.85 2.85 2.84 3.68 3.67 3.67 3.66 3.65 3.65 3.64 3.08 2.80 2.80 3.07 2.79 2.78 2.78 3.05 3.05 3.04 3.59 3.58 3.58 3.58 3.57 2.92 2.92 3.57
1.02 1.02 1.02 1.02 1.02 1.02 1.01 1.01 1.01 1.01 1.01 1.01 1.48 3.05 3.04 3.17 1.47 1.47 1.46 1.00 1.00 0.99 0.99 0.99 0.99 0.99 0.99 0.99 0.98 0.98 0.98 0.98 0.98 0.98 0.98 0.97 0.97 0.97 0.97 0.97 0.97 0.96 3.78 3.78 3.77 2.91 0.96 2.90 0.95 0.95 2.88 2.88 2.87 3.72 3.71 2.86 3.13 2.85 2.84 2.84 3.67 2.99 3.66 2.82 2.81 2.81 2.80 2.80 2.80 3.07 2.79 2.78 2.78 2.78 3.60 3.59 3.59 3.58 3.58 3.58 3.58 2.92 2.92 2.92
1.02 1.02 1.02 1.02 1.02 1.02 1.01 1.01 1.01 1.01 1.01 1.01 1.48 3.34 3.33 3.33 1.47 1.00 1.00 1.00 1.00 0.99 0.99 0.99 0.99 0.99 0.99 0.99 0.98 0.98 0.98 0.98 0.98 0.98 0.97 0.97 0.97 0.97 0.97 0.97 0.97 0.96 3.78 3.78 0.96 0.96 0.96 0.95 0.95 0.95 2.88 2.88 2.87 2.87 2.86 2.86 2.85 2.85 2.84 3.68 3.67 3.67 3.66 3.65 3.65 3.64 3.64 2.80 2.80 3.07 2.79 2.78 2.78 2.78 3.60 3.59 2.77 2.77 3.58 3.58 3.58 3.58 3.57 2.92
4.02 1.02 1.02 1.02 1.02 1.01 1.01 1.01 1.01 1.01 1.01 1.01 1.47 3.33 3.33 3.33 3.03 1.47 1.00 1.00 0.99 0.99 0.99 0.99 0.99 0.99 0.99 0.98 0.98 0.98 0.98 0.98 0.98 0.98 0.97 0.97 0.97 0.97 0.97 0.97 0.97 0.96 3.78 3.77 2.91 0.96 0.96 0.95 0.95 2.88 2.88 2.87 2.87 2.86 2.86 2.86 2.85 3.69 2.84 3.68 2.99 3.66 2.98 3.65 3.65 3.64 2.97 3.63 3.63 3.07 3.06 2.78 2.78 3.60 3.60 3.59 2.77 3.59 3.58 3.58 2.92 3.58 3.58 3.58
4.01 1.02 1.02 1.02 1.02 1.01 1.01 1.01 1.01 1.01 1.01 3.05 3.95 3.33 3.33 3.04 3.03 3.03 1.00 1.00 0.99 0.99 0.99 0.99 0.99 0.99 0.99 0.98 0.98 0.98 0.98 0.98 0.98 0.98 0.97 0.97 0.97 0.97 0.97 0.97 0.97 0.96 0.96 0.96 0.96 0.96 0.96 0.95 2.89 2.88 2.88 2.87 2.87 3.15 2.86 2.85 3.70 2.85 2.84 3.68 3.67 3.66 3.66 3.65 3.65 2.81 2.80 2.80 3.63 3.07 3.06 2.78 3.61 3.60 3.60 3.59 2.77 2.77 2.77 3.58 2.92 3.58 3.58 3.58
1.02 1.02 1.02 1.02 1.01 1.01 1.01 1.01 1.01 1.01 1.01 3.05 3.34 3.33 3.33 3.04 3.03 3.03 1.00 1.00 0.99 0.99 0.99 0.99 0.99 0.99 0.99 0.98 0.98 0.98 0.98 0.98 0.98 0.98 0.97 0.97 0.97 0.97 0.97 0.97 0.97 0.96 0.96 0.96 0.96 0.96 0.96 0.95 2.89 2.88 2.88 2.87 2.87 2.86 2.86 3.70 3.70 3.69 3.68 3.68 3.67 3.66 3.66 3.65 3.65 3.64 2.80 2.80 2.80 2.79 2.79 2.79 3.61 3.60 3.60 3.60 2.77 2.77 2.77 3.59 3.58 3.58 3.58 3.58
4.01 3.09 1.02 1.02 1.01 1.01 1.01 1.01 1.01 1.01 1.01 3.05 3.05 3.18 1.00 1.00 1.00 1.00 1.00 1.00 0.99 0.99 0.99 0.99 0.99 0.99 0.99 0.98 0.98 0.98 0.98 0.98 0.98 0.98 0.97 0.97 0.97 0.97 0.97 0.97 0.97 0.96 0.96 0.96 0.96 0.96 0.96 3.17 2.89 2.88 2.88 3.15 2.87 3.71 2.86 3.70 3.70 3.69 3.68 2.84 2.83 2.83 2.82 3.65 3.65 3.64 2.80 2.80 2.80 2.79 2.79 2.79 2.78 2.78 2.78 2.77 2.77 2.77 3.59 3.59 3.59 3.58 3.58 3.58
4.01 4.00 4.00 1.02 1.01 1.01 1.01 1.01 1.01 1.01 1.01 1.01 1.00 1.00 1.00 1.00 1.00 1.00 1.00 1.00 0.99 0.99 0.99 0.99 0.99 0.99 0.99 0.98 0.98 0.98 0.98 0.98 0.98 0.98 0.97 0.97 0.97 0.97 0.97 0.97 0.97 0.96 0.96 0.96 0.96 0.96 0.96 0.95 2.89 2.88 2.88 2.88 2.87 2.87 2.86 3.70 3.70 2.85 2.84 2.84 2.83 2.83 2.82 2.82 3.65 3.64 2.81 2.80 2.80 2.79 2.79 2.79 2.78 3.61 2.78 3.60 3.60 3.59 3.59 3.59 2.92 3.59 3.59 2.77
1.02 1.02 1.02 1.02 1.01 1.01 1.01 1.01 1.01 1.01 1.01 1.01 1.00 1.00 1.00 1.00 1.00 1.00 1.00 1.00 0.99 0.99 0.99 0.99 0.99 0.99 0.99 0.98 0.98 0.98 0.98 0.98 0.98 0.98 0.97 0.97 0.97 0.97 0.97 0.97 0.97 0.96 0.96 0.96 0.96 1.40 0.96 0.95 0.95 3.16 3.16 3.16 2.87 3.72 2.86 2.86 2.85 2.85 2.84 2.84 2.83 2.83 2.82 2.82 3.65 3.64 3.64 2.80 2.80 2.79 2.79 2.79 2.78 2.78 3.60 3.05 2.77 2.77 3.59 3.59 3.59 3.59 2.77 2.77
1.02 4.00 4.00 3.08 1.01 1.01 1.01 1.01 1.01 1.01 1.01 1.01 1.00 1.47 1.00 1.00 1.00 1.00 1.00 1.00 0.99 0.99 0.99 0.99 0.99 0.99 0.99 0.98 0.98 0.98 0.98 0.98 0.98 0.98 0.97 0.97 0.97 0.97 0.97 0.97 0.97 0.96 0.96 0.96 0.96 0.96 0.96 0.95 0.95 0.95 0.95 0.95 0.95 3.72 3.71 3.70 2.85 3.69 2.84 2.84 2.83 2.83 2.82 2.82 3.65 3.65 3.64 2.80 2.80 2.80 2.79 2.79 2.79 2.78 3.06 3.05 2.78 3.60 3.60 3.59 3.59 2.77 2.77 2.77
3.09 3.09 3.08 3.08 1.01 1.01 1.01 1.01 1.01 1.01 1.01 1.01 1.47 1.47 1.00 1.00 1.00 1.00 1.00 1.00 0.99 0.99 0.99 0.99 0.99 0.99 0.99 0.98 0.98 0.98 0.98 0.98 0.98 0.98 0.98 0.97 0.97 0.97 0.97 0.97 0.97 0.96 0.96 0.96 0.96 0.96 0.96 0.96 0.95 0.95 0.95 0.95 0.95 2.87 2.86 3.71 2.85 3.69 2.84 2.84 2.83 2.83 2.83 2.82 3.65 3.65 3.64 2.80 2.80 2.80 2.79 3.62 2.79 3.06 3.06 2.78 2.78 2.78 3.60 2.93 3.60 2.77 2.77 2.77
3.09 3.09 3.08 1.01 1.01 1.01 1.01 1.01 1.01 1.01 1.01 3.18 1.00 1.00 1.00 1.00 1.00 1.00 1.00 1.00 0.99 0.99 0.99 0.99 0.99 0.99 0.99 0.99 0.98 0.98 0.98 0.98 0.98 0.98 0.98 0.97 0.97 0.97 0.97 0.97 0.97 0.96 0.96 0.96 0.96 0.96 1.40 1.40 1.40 1.40 0.95 0.95 0.95 2.87 2.86 2.86 2.85 2.85 2.85 2.84 3.68 3.67 3.67 2.82 2.82 3.65 3.64 2.81 2.80 2.80 3.63 3.62 3.62 3.61 3.06 3.61 2.78 3.60 3.60 3.60 3.60 3.60 3.60 2.78
3.09 3.09 3.08 1.01 1.01 1.01 1.01 1.01 1.01 1.01 1.01 1.01 1.00 1.00 1.00 1.00 1.00 1.00 1.00 1.00 0.99 0.99 0.99 0.99 0.99 0.99 0.99 0.99 0.98 0.98 0.98 0.98 0.98 0.98 0.98 0.97 0.97 0.97 0.97 0.97 0.97 0.97 0.96 0.96 0.96 0.96 0.96 2.90 2.90 2.89 0.95 3.17 3.16 2.87 3.15 3.14 3.14 2.85 3.69 3.69 3.68 2.83 2.83 2.82 2.82 3.65 3.65 2.81 3.64 3.63 3.63 2.79 3.62 3.62 2.79 3.61 3.61 3.61 3.61 3.60 2.78 3.60 3.60 2.78
3.09 3.09 3.08 3.99 3.07 1.01 1.01 1.01 1.01 1.01 1.01 1.01 1.00 1.00 1.00 1.00 1.00 1.00 1.00 1.00 0.99 0.99 0.99 0.99 0.99 0.99 0.99 0.99 0.98 0.98 0.98 0.98 0.98 0.98 0.98 0.98 0.97 0.97 0.97 0.97 0.97 0.97 0.96 3.20 0.96 0.96 0.96 3.18 2.90 2.89 3.17 3.17 2.88 3.16 3.15 3.15 3.14 2.85 2.85 3.69 3.68 2.84 2.83 2.83 2.82 2.82 3.65 2.81 3.64 3.64 2.80 2.80 2.79 2.79 2.79 3.61 3.61 3.61 3.61 3.61 2.78 2.78 3.61 2.78
