New_Model_Runs/4_scn3_noclimate_out/post_prcessed_with_MFR/Monthly_summaries/interception_monthly_JUN.asc
NCOLS 700
NROWS 400
XLLCENTER 515000.000000
YLLCENTER 8409000.000000
CELLSIZE 50.000000
NODATA_value -999.000000
[rows 152 to 189 of 400, columns 252 to 335 of 700]
0.00 0.00 0.00 0.00 0.00 0.00 0.00 0.00 0.00 0.00 0.00 0.00 0.00 0.00 0.00 0.00 0.00 0.00 0.00 0.00 0.00 0.00 0.00 0.00 0.00 0.00 0.00 0.00 0.00 0.00 0.00 0.00 0.00 0.00 0.00 0.00 0.00 0.00 0.00 0.00 0.00 0.00 0.00 0.00 0.00 0.00 0.00 0.83 0.95 0.95 0.96 0.96 1.06 1.07 1.07 1.07 1.15 1.16 1.16 1.17 1.13 1.13 1.13 1.14 0.96 0.96 0.96 0.97 0.73 0.73 0.74 0.74 0.60 0.60 0.00 0.00 0.00 0.00 0.00 0.00 0.00 0.00 0.00 0.00
0.00 0.00 0.00 0.00 0.00 0.00 0.00 0.00 0.00 0.00 0.00 0.00 0.00 0.00 0.00 0.00 0.00 0.00 0.00 0.00 0.00 0.00 0.00 0.00 0.00 0.00 0.00 0.00 0.00 0.00 0.00 0.00 0.00 0.00 0.00 0.00 0.00 0.00 0.00 0.00 0.00 0.00 0.00 0.00 0.00 0.00 0.00 0.83 0.96 0.96 0.96 0.97 1.07 1.07 1.08 1.08 1.16 1.16 1.17 1.17 1.13 1.14 1.14 1.15 0.96 0.96 0.97 0.97 0.73 0.74 0.74 0.74 0.00 0.00 0.00 0.00 0.00 0.58 0.00 0.00 0.00 0.00 0.00 0.00
0.00 0.00 0.00 0.00 0.00 0.00 0.00 0.00 0.00 0.00 0.00 0.00 0.00 0.00 0.00 0.00 0.00 0.00 0.00 0.00 0.00 0.00 0.00 0.00 0.00 0.00 0.00 0.00 0.00 0.00 0.00 0.00 0.00 0.00 0.00 0.00 0.00 0.00 0.00 0.00 0.00 0.00 0.00 0.00 0.00 0.83 0.83 0.84 0.96 0.96 0.97 0.97 1.08 1.08 1.08 1.09 1.17 1.17 1.17 1.18 1.14 1.14 1.15 1.15 0.96 0.97 0.97 0.98 0.74 0.74 0.74 0.00 0.00 0.00 0.00 0.00 0.00 0.00 0.00 0.00 0.00 0.00 0.00 0.00
0.00 0.00 0.00 0.00 0.00 0.00 0.00 0.00 0.00 0.00 0.00 0.00 0.00 0.00 0.00 0.00 0.00 0.00 0.00 0.00 0.00 0.00 0.00 0.00 0.00 0.00 0.00 0.00 0.00 0.00 0.00 0.00 0.00 0.00 0.00 0.00 0.00 0.00 0.00 0.00 0.00 0.00 0.00 0.00 0.00 0.84 0.84 0.84 0.97 0.97 0.97 0.98 1.08 1.09 1.09 1.09 1.18 1.18 1.18 1.19 1.14 1.15 1.15 1.16 0.97 0.97 0.98 0.98 0.74 0.74 0.74 0.74 0.00 0.00 0.00 0.00 0.00 0.00 0.00 0.00 0.60 0.60 0.00 0.00
0.00 0.00 0.00 0.00 0.00 0.00 0.00 0.00 0.00 0.00 0.00 0.00 0.00 0.00 0.00 0.00 0.00 0.00 0.00 0.00 0.00 0.00 0.00 0.00 0.00 0.00 0.00 0.00 0.00 0.00 0.00 0.00 0.00 0.00 0.00 0.00 0.00 0.00 0.00 0.00 0.00 0.00 0.00 0.00 0.00 0.88 0.88 0.88 0.91 0.91 0.91 0.91 0.94 0.94 0.95 0.95 0.98 0.98 0.98 0.99 0.99 0.99 1.00 1.00 0.97 0.97 0.97 0.98 0.75 0.75 0.76 0.76 0.61 0.61 0.00 0.00 0.00 0.62 0.00 0.00 0.67 0.00 0.00 0.67
0.00 0.00 0.00 0.00 0.00 0.00 0.00 0.00 0.00 0.00 0.00 0.00 0.00 0.00 0.00 0.00 0.00 0.00 0.00 0.00 0.00 0.00 0.00 0.00 0.00 0.00 0.00 0.00 0.00 0.00 0.00 0.00 0.00 0.00 0.00 0.00 0.00 0.00 0.00 0.00 0.00 0.00 0.00 0.00 0.00 0.88 0.88 0.89 0.91 0.91 0.92 0.92 0.95 0.95 0.95 0.95 0.98 0.99 0.99 0.99 1.00 1.00 1.00 1.01 0.97 0.98 0.98 0.98 0.75 0.76 0.76 0.60 0.61 0.61 0.00 0.00 0.00 0.62 0.53 0.62 0.00 0.00 0.68 0.68
0.00 0.00 0.00 0.00 0.00 0.00 0.00 0.00 0.00 0.00 0.00 0.00 0.00 0.00 0.00 0.00 0.00 0.00 0.00 0.00 0.00 0.00 0.00 0.00 0.00 0.00 0.00 0.93 0.00 0.00 0.00 0.00 0.00 0.00 0.00 0.00 0.00 0.00 0.00 0.00 0.00 0.00 0.00 0.00 0.88 0.89 0.89 0.89 0.92 0.92 0.92 0.92 0.95 0.95 0.96 0.96 0.99 0.99 0.99 1.00 1.00 1.01 1.01 1.01 0.98 0.98 0.98 0.99 0.76 0.76 0.76 0.00 0.00 0.00 0.00 0.00 0.00 0.62 0.62 0.62 0.68 0.68 0.68 0.68
0.00 0.00 0.00 0.00 0.00 0.00 0.00 0.00 0.00 0.00 0.00 0.00 0.00 0.00 0.00 0.00 0.00 0.00 0.00 0.00 0.00 0.00 0.00 0.00 0.00 0.00 0.94 0.94 0.00 0.00 0.00 0.00 0.00 0.00 0.00 0.00 0.00 0.00 0.00 0.00 0.00 0.00 0.00 0.00 0.00 0.00 0.89 0.90 0.92 0.92 0.93 0.93 0.96 0.96 0.96 0.96 1.00 1.00 1.00 1.00 1.01 1.01 1.01 1.02 0.98 0.99 0.99 0.99 0.76 0.76 0.76 0.00 0.00 0.00 0.00 0.00 0.00 0.00 0.00 0.63 0.68 0.68 0.68 0.68
0.00 0.00 0.00 0.00 0.00 0.00 0.00 0.00 0.00 0.00 0.00 0.00 0.00 0.00 0.00 0.00 0.00 0.00 0.00 0.00 0.00 0.00 0.00 0.00 0.00 0.91 0.91 0.91 0.95 0.00 0.00 0.00 0.00 0.00 0.00 0.00 0.00 0.00 0.00 0.00 0.00 0.00 0.00 0.00 0.00 0.00 0.00 0.00 0.74 0.74 0.74 0.74 0.76 0.76 0.76 0.76 0.80 0.80 0.80 0.80 0.90 0.90 0.90 0.90 0.98 0.99 0.99 0.99 0.82 0.83 0.00 0.00 0.00 0.00 0.00 0.00 0.00 0.00 0.65 0.65 0.74 0.74 0.75 0.75
0.00 0.00 0.00 0.00 0.00 0.00 0.00 0.00 0.00 0.00 0.00 0.00 0.00 0.00 0.00 0.00 0.00 0.00 0.00 0.00 0.00 0.00 0.00 0.00 0.00 0.91 0.92 0.92 0.96 0.96 0.00 0.00 0.00 0.00 0.00 0.00 0.00 0.00 0.00 0.00 0.00 0.00 0.00 0.00 0.00 0.00 0.00 0.00 0.00 0.00 0.00 0.75 0.76 0.76 0.77 0.77 0.80 0.80 0.81 0.81 0.90 0.90 0.91 0.91 0.99 0.99 1.00 1.00 0.83 0.74 0.00 0.00 0.00 0.00 0.00 0.00 0.00 0.00 0.00 0.65 0.75 0.75 0.75 0.75
0.00 0.00 0.00 0.00 0.00 0.00 0.00 0.00 0.00 0.00 0.00 0.00 0.00 0.00 0.00 0.00 0.00 0.00 0.00 0.00 0.00 0.00 0.00 0.00 0.00 0.92 0.92 0.93 0.97 0.97 0.97 0.00 0.00 0.00 0.00 0.00 0.00 0.00 0.00 0.00 0.00 0.00 0.00 0.00 0.00 0.00 0.00 0.00 0.00 0.00 0.00 0.75 0.77 0.77 0.77 0.77 0.81 0.81 0.81 0.81 0.91 0.91 0.91 0.91 0.99 1.00 1.00 1.00 0.00 0.00 0.00 0.00 0.00 0.00 0.00 0.00 0.00 0.00 0.00 0.65 0.75 0.75 0.75 0.75
0.00 0.00 0.00 0.00 0.00 0.00 0.00 0.00 0.00 0.00 0.00 0.00 0.00 0.00 0.00 0.00 0.00 0.00 0.00 0.00 0.00 0.00 0.00 0.00 0.92 0.93 0.93 0.93 0.98 0.98 0.98 0.99 0.97 0.00 0.98 0.98 0.00 0.00 0.00 0.00 0.00 0.00 0.00 0.00 0.00 0.00 0.00 0.00 0.00 0.00 0.00 0.75 0.77 0.77 0.77 0.78 0.81 0.81 0.81 0.82 0.91 0.91 0.92 0.92 1.00 1.00 1.01 1.01 0.83 0.00 0.00 0.00 0.00 0.00 0.00 0.00 0.00 0.00 0.00 0.66 0.75 0.75 0.75 0.75
0.00 0.00 0.00 0.00 0.00 0.00 0.00 0.00 0.00 0.00 0.00 0.00 0.00 0.00 0.00 0.00 0.00 0.00 0.00 0.00 0.00 0.00 0.00 0.84 1.02 1.02 1.03 1.03 1.09 1.10 1.10 0.78 0.98 0.99 0.99 0.99 0.83 0.00 0.00 0.00 0.00 0.00 0.00 0.00 0.00 0.00 0.00 0.00 0.00 0.00 0.00 0.00 0.00 0.00 0.00 0.00 0.65 0.65 0.65 0.65 0.78 0.79 0.79 0.79 0.99 0.99 0.00 1.00 0.93 0.93 0.00 0.00 0.00 0.00 0.00 0.00 0.00 0.68 0.00 0.69 0.00 0.75 0.75 0.75
0.00 0.00 0.00 0.00 0.00 0.00 0.00 0.00 0.00 0.00 0.00 0.00 0.00 0.00 0.00 0.00 0.00 0.00 0.00 0.00 0.84 0.84 0.84 0.85 1.03 1.03 1.03 1.04 1.10 1.11 1.11 1.12 0.00 0.00 0.00 1.00 0.84 0.84 0.84 0.00 0.00 0.00 0.00 0.00 0.00 0.00 0.00 0.00 0.00 0.00 0.00 0.00 0.00 0.00 0.00 0.00 0.00 0.00 0.65 0.65 0.79 0.79 0.79 0.79 0.99 1.00 1.00 1.00 0.93 0.94 0.94 0.00 0.00 0.00 0.00 0.00 0.56 0.69 0.69 0.69 0.00 0.75 0.75 0.75
0.00 0.00 0.00 0.00 0.00 0.00 0.00 0.00 0.00 0.00 0.00 0.00 0.00 0.00 0.00 0.00 0.00 0.76 0.00 0.00 0.85 0.85 0.85 0.85 1.04 1.04 1.04 1.05 1.11 1.12 1.12 1.13 1.00 0.00 1.01 1.01 0.84 0.64 0.00 0.00 0.61 0.00 0.00 0.00 0.00 0.00 0.00 0.00 0.00 0.00 0.00 0.00 0.00 0.00 0.00 0.00 0.00 0.00 0.65 0.65 0.79 0.61 0.80 0.80 1.00 1.00 1.00 1.01 0.94 0.94 0.94 0.95 0.00 0.00 0.00 0.00 0.69 0.69 0.69 0.69 0.75 0.75 0.75 0.75
0.00 0.00 0.00 0.00 0.00 0.00 0.00 0.00 0.00 0.00 0.00 0.00 0.00 0.00 0.00 0.00 0.76 0.76 0.77 0.77 0.85 0.85 0.86 0.86 1.04 1.05 1.05 1.06 1.12 1.13 1.13 1.13 1.01 1.01 1.01 1.02 0.85 0.85 0.85 0.00 0.79 0.00 0.00 0.00 0.00 0.00 0.00 0.00 0.00 0.00 0.00 0.00 0.00 0.00 0.00 0.00 0.00 0.00 0.00 0.66 0.80 0.80 0.80 0.80 1.01 1.01 1.01 1.01 0.94 0.95 0.95 0.95 0.00 0.00 0.00 0.76 0.69 0.69 0.69 0.69 0.75 0.75 0.75 0.76
0.00 0.00 0.00 0.00 0.00 0.00 0.00 0.00 0.00 0.00 0.00 0.00 0.00 0.00 0.77 0.77 0.82 0.82 0.82 0.82 0.97 0.97 0.98 0.98 1.20 1.20 1.20 1.21 1.14 1.14 1.14 1.15 0.91 0.91 0.91 0.92 0.73 0.73 0.73 0.73 0.63 0.00 0.00 0.00 0.00 0.00 0.00 0.00 0.00 0.00 0.00 0.00 0.00 0.00 0.00 0.00 0.00 0.00 0.61 0.61 0.71 0.71 0.71 0.71 0.96 0.96 0.96 0.96 1.05 1.05 1.05 1.05 0.00 0.00 0.00 0.93 0.79 0.79 0.79 0.79 0.77 0.77 0.77 0.77
0.00 0.00 0.00 0.00 0.00 0.00 0.00 0.00 0.00 0.00 0.00 0.00 0.00 0.77 0.77 0.77 0.82 0.82 0.83 0.83 0.98 0.98 0.98 0.99 1.21 1.21 1.22 1.22 1.15 1.15 1.15 1.16 0.92 0.92 0.92 0.92 0.00 0.73 0.73 0.00 0.00 0.00 0.00 0.00 0.00 0.00 0.00 0.00 0.00 0.00 0.63 0.63 0.00 0.00 0.00 0.00 0.00 0.00 0.00 0.61 0.57 0.57 0.71 0.71 0.96 0.97 0.97 0.97 1.05 1.06 1.06 1.06 0.92 0.93 0.00 0.93 0.79 0.79 0.80 0.80 0.77 0.77 0.78 0.78
0.00 0.00 0.00 0.00 0.00 0.00 0.00 0.00 0.00 0.00 0.00 0.00 0.77 0.77 0.78 0.78 0.83 0.83 0.83 0.83 0.99 0.99 0.99 1.00 1.22 1.22 1.23 1.23 1.16 1.16 1.16 1.17 0.92 0.92 0.93 0.93 0.00 0.00 0.00 0.00 0.00 0.00 0.00 0.00 0.00 0.00 0.00 0.00 0.00 0.64 0.64 0.64 0.00 0.00 0.00 0.00 0.00 0.00 0.00 0.00 0.00 0.71 0.72 0.72 0.97 0.97 0.97 0.98 1.06 1.06 1.06 1.07 0.93 0.93 0.93 0.93 0.80 0.80 0.80 0.80 0.78 0.78 0.78 0.78
0.00 0.00 0.00 0.00 0.00 0.00 0.00 0.00 0.00 0.00 0.00 0.00 0.78 0.78 0.78 0.78 0.83 0.84 0.84 0.84 0.99 1.00 1.00 1.00 1.23 1.23 1.24 1.24 1.17 1.17 1.17 1.18 0.93 0.93 0.00 0.94 0.74 0.00 0.00 0.00 0.00 0.00 0.00 0.00 0.00 0.00 0.00 0.00 0.64 0.64 0.64 0.64 0.63 0.00 0.00 0.00 0.00 0.00 0.00 0.00 0.00 0.00 0.72 0.72 0.98 0.98 0.98 0.98 1.07 1.07 1.07 1.07 0.93 0.94 0.94 0.94 0.80 0.80 0.80 0.80 0.78 0.78 0.78 0.78
0.00 0.00 0.00 0.00 0.00 0.00 0.00 0.00 0.00 0.00 0.73 0.73 0.82 0.82 0.82 0.82 0.96 0.96 0.96 0.97 1.20 1.21 1.21 1.21 1.24 1.25 1.25 1.25 0.93 0.93 0.94 0.94 0.73 0.73 0.74 0.74 0.62 0.52 0.53 0.00 0.00 0.00 0.00 0.00 0.00 0.00 0.00 0.00 0.00 0.63 0.63 0.63 0.68 0.69 0.00 0.00 0.00 0.00 0.00 0.55 0.00 0.00 0.69 0.69 0.89 0.89 0.89 0.89 1.14 1.14 1.14 1.15 1.14 1.14 1.14 1.15 0.96 0.96 0.96 0.96 0.98 0.98 0.98 0.98
0.00 0.00 0.00 0.00 0.00 0.00 0.00 0.00 0.00 0.00 0.90 0.90 0.82 0.82 0.83 0.83 0.97 0.97 0.97 0.97 1.21 1.22 1.22 1.22 1.25 1.26 1.26 1.27 0.94 0.94 0.94 0.94 0.74 0.74 0.74 0.74 0.62 0.62 0.53 0.53 0.00 0.00 0.00 0.00 0.00 0.00 0.00 0.00 0.63 0.64 0.64 0.64 0.69 0.69 0.69 0.00 0.00 0.00 0.67 0.67 0.69 0.56 0.69 0.69 0.89 0.90 0.90 0.90 1.15 1.15 1.15 1.15 1.15 1.15 1.15 1.15 0.96 0.96 0.96 0.96 0.99 0.99 0.99 0.99
0.00 0.00 0.00 0.00 0.00 0.00 0.00 0.00 0.00 0.00 0.00 0.91 1.00 0.83 0.83 0.83 0.97 0.98 0.98 0.98 1.22 1.23 1.23 1.24 1.26 1.27 1.27 1.28 0.94 0.95 0.95 0.95 0.74 0.74 0.74 0.74 0.63 0.63 0.63 0.00 0.00 0.00 0.00 0.00 0.00 0.00 0.00 0.00 0.00 0.00 0.00 0.00 0.69 0.69 0.69 0.69 0.00 0.00 0.55 0.67 0.69 0.69 0.69 0.70 0.90 0.90 0.90 0.90 1.15 1.16 1.16 1.16 1.15 1.16 1.16 1.16 0.97 0.97 0.97 0.97 0.99 0.99 0.99 0.99
0.00 0.00 0.00 0.00 0.00 0.00 0.00 0.00 0.00 0.00 0.00 0.91 1.00 1.01 1.01 0.84 0.98 0.98 0.99 0.99 1.24 1.24 1.24 1.25 1.28 1.28 1.28 1.29 0.95 0.95 0.96 0.96 0.74 0.75 0.75 0.75 0.63 0.63 0.63 0.00 0.00 0.00 0.00 0.00 0.00 0.00 0.00 0.00 0.00 0.00 0.00 0.00 0.69 0.69 0.70 0.70 0.67 0.00 0.00 0.00 0.70 0.70 0.70 0.70 0.90 0.91 0.91 0.91 1.16 1.16 1.17 1.17 1.16 1.16 1.17 1.17 0.97 0.97 0.97 0.97 1.00 1.00 1.00 1.00
0.00 0.00 0.00 0.00 0.00 0.00 0.00 0.00 0.00 0.00 0.00 0.92 1.02 1.02 1.02 1.02 1.10 1.10 1.11 1.11 1.28 1.29 1.29 1.30 1.07 1.07 1.07 1.08 0.74 0.74 0.75 0.75 0.63 0.63 0.00 0.63 0.56 0.56 0.56 0.00 0.00 0.00 0.00 0.00 0.00 0.00 0.00 0.51 0.64 0.00 0.54 0.64 0.75 0.75 0.75 0.75 0.81 0.81 0.81 0.81 0.00 0.81 0.81 0.81 0.98 0.98 0.98 0.98 1.28 1.28 1.28 1.29 1.29 1.29 1.29 1.30 1.08 1.08 1.08 1.08 1.07 1.07 1.07 1.07
0.00 0.00 0.00 0.00 0.00 0.00 0.00 0.00 0.00 0.00 0.00 0.93 1.03 1.03 1.03 1.03 1.28 1.11 1.12 1.12 1.30 1.30 1.30 1.31 1.08 1.08 1.08 1.08 0.75 0.75 0.75 0.75 0.63 0.63 0.00 0.63 0.00 0.56 0.00 0.00 0.00 0.00 0.00 0.00 0.00 0.00 0.00 0.59 0.64 0.64 0.65 0.65 0.75 0.75 0.75 0.75 0.81 0.82 0.82 0.82 0.81 0.81 0.81 0.81 0.98 0.98 0.99 0.99 1.28 1.29 1.29 1.29 1.30 1.30 1.30 1.30 1.08 1.08 1.08 1.08 1.07 1.07 1.07 1.07
0.00 0.00 0.00 0.00 0.90 0.00 0.00 0.00 0.00 0.00 0.00 0.93 1.03 1.03 1.04 1.04 1.29 1.29 1.29 1.13 1.31 1.31 1.32 1.32 1.08 1.09 1.09 1.09 0.75 0.75 0.75 0.75 0.63 0.63 0.63 0.53 0.56 0.56 0.00 0.00 0.00 0.00 0.00 0.00 0.00 0.00 0.59 0.59 0.65 0.65 0.65 0.65 0.75 0.75 0.76 0.76 0.82 0.82 0.82 0.82 0.81 0.81 0.82 0.82 0.99 0.99 0.99 0.99 1.29 1.29 1.30 1.30 1.30 1.30 1.31 1.31 1.09 1.09 1.09 1.09 1.07 1.07 1.07 1.07
0.00 0.00 0.00 0.95 0.90 0.90 0.00 0.00 0.00 0.00 0.94 0.94 1.04 1.04 1.04 1.04 1.30 1.30 1.30 1.31 1.32 1.32 1.33 1.33 1.09 1.10 1.10 1.10 0.75 0.76 0.76 0.76 0.63 0.63 0.64 0.64 0.56 0.57 0.00 0.57 0.00 0.00 0.00 0.00 0.00 0.00 0.59 0.59 0.65 0.65 0.65 0.65 0.76 0.76 0.76 0.76 0.82 0.82 0.82 0.82 0.82 0.82 0.82 0.82 0.99 0.99 0.99 1.00 1.30 1.30 1.30 1.30 1.31 1.31 1.31 1.31 1.09 1.09 1.09 1.09 1.08 1.08 1.07 1.07
0.94 0.00 0.95 0.95 0.91 0.91 0.91 0.92 0.89 0.90 0.74 0.90 0.98 0.98 0.99 0.99 1.21 1.21 1.21 1.21 1.38 1.38 1.21 1.22 1.03 1.03 1.03 1.03 0.75 0.75 0.75 0.75 0.60 0.60 0.60 0.60 0.53 0.00 0.00 0.00 0.00 0.00 0.00 0.00 0.00 0.00 0.58 0.58 0.69 0.70 0.70 0.70 0.88 0.88 0.89 0.89 1.14 1.14 1.15 1.15 1.26 1.26 1.26 1.26 1.37 1.37 1.37 1.37 1.39 1.40 1.40 1.40 1.25 1.25 1.26 1.26 1.18 1.18 1.18 1.18 1.10 1.10 1.10 1.10
0.95 0.95 0.95 0.95 0.92 0.92 0.92 0.92 0.90 0.90 0.90 0.90 0.99 0.99 0.99 0.99 1.21 1.22 1.22 1.22 1.39 1.39 1.39 1.23 1.04 1.04 1.04 1.04 0.75 0.75 0.75 0.76 0.60 0.60 0.60 0.60 0.00 0.00 0.00 0.00 0.00 0.00 0.00 0.00 0.00 0.00 0.58 0.58 0.70 0.70 0.70 0.70 0.89 0.89 0.89 0.89 1.15 1.15 1.15 1.15 1.26 1.26 1.27 1.27 1.37 1.37 1.38 1.38 1.40 1.40 1.40 1.41 1.26 0.00 1.26 1.26 1.18 1.18 1.18 1.18 1.11 1.10 1.10 0.00
0.96 0.96 0.96 0.96 0.92 0.92 0.92 0.92 0.90 0.90 0.91 0.91 0.99 1.00 1.00 1.00 1.22 1.23 1.23 1.23 1.40 1.40 1.40 1.41 1.21 1.05 1.05 1.05 0.76 0.76 0.76 0.76 0.60 0.60 0.60 0.60 0.00 0.00 0.00 0.00 0.00 0.00 0.00 0.00 0.00 0.00 0.00 0.58 0.70 0.70 0.70 0.70 0.89 0.89 0.89 0.89 1.15 1.15 1.16 1.16 1.27 1.27 1.27 1.27 1.38 1.38 1.38 1.38 1.40 1.41 1.41 1.41 1.26 1.26 1.26 1.26 1.19 1.19 1.19 1.18 1.11 1.11 0.00 0.00
0.96 0.96 0.96 0.97 0.93 0.93 0.93 0.93 0.91 0.91 0.91 0.91 1.00 1.00 1.00 1.00 1.23 1.23 1.24 1.24 1.41 1.41 1.41 1.42 1.22 1.22 1.05 1.06 0.76 0.76 0.76 0.76 0.60 0.60 0.61 0.61 0.53 0.53 0.53 0.00 0.00 0.53 0.53 0.00 0.00 0.00 0.00 0.58 0.70 0.70 0.70 0.70 0.89 0.89 0.90 0.90 1.16 1.16 1.16 1.16 1.27 1.27 1.28 1.28 1.38 1.38 1.39 1.39 1.41 1.41 1.41 1.41 1.26 1.26 1.26 1.26 1.19 1.19 0.00 0.00 1.11 1.11 0.00 0.00
1.02 1.02 1.02 1.02 0.98 0.98 0.98 0.98 0.96 0.96 0.97 0.97 1.00 1.00 1.00 1.01 1.14 1.14 1.15 1.15 1.31 1.32 1.32 1.32 1.31 1.32 1.32 1.32 0.83 0.83 0.83 0.83 0.62 0.62 0.62 0.62 0.56 0.56 0.42 0.00 0.00 0.54 0.54 0.00 0.00 0.00 0.00 0.59 0.86 0.87 0.87 0.87 1.27 1.27 1.27 1.28 1.50 1.51 1.51 1.51 1.47 1.47 1.47 1.47 1.40 1.40 1.41 1.41 1.18 1.18 1.18 1.18 1.08 1.08 1.08 1.08 1.17 1.17 1.17 1.17 0.00 0.00 0.00 0.00
1.02 1.02 1.03 1.03 0.98 0.99 0.99 0.99 0.97 0.97 0.97 0.97 1.01 1.01 1.01 1.01 1.15 1.15 1.15 1.15 1.32 1.32 1.33 1.33 1.32 1.33 1.33 1.33 1.01 0.83 0.84 0.84 0.62 0.62 0.62 0.62 0.56 0.56 0.56 0.00 0.00 0.54 0.54 0.00 0.00 0.00 0.00 0.59 0.87 0.87 0.87 0.87 1.27 1.28 1.28 1.28 1.51 1.51 1.52 1.52 1.47 1.47 1.48 1.48 1.40 1.41 1.41 1.41 1.18 1.18 1.18 1.19 1.08 1.08 1.08 1.08 1.17 1.17 1.17 1.17 0.00 0.00 0.00 0.00
1.03 1.03 1.03 1.03 0.99 0.99 0.99 0.99 0.97 0.97 0.98 0.98 1.01 1.01 1.02 1.02 1.16 1.16 1.16 1.16 1.33 1.33 1.33 1.34 1.33 1.33 1.34 1.34 1.01 1.01 0.84 0.84 0.62 0.62 0.63 0.63 0.56 0.56 0.56 0.00 0.00 0.00 0.54 0.00 0.59 0.59 0.59 0.59 0.87 0.87 0.87 0.87 1.28 1.28 1.28 1.28 1.52 1.52 1.52 1.52 1.47 1.48 1.48 1.48 1.41 1.41 1.41 1.41 1.18 1.19 1.19 1.19 1.08 1.08 1.08 1.08 1.17 1.17 1.17 1.17 0.00 0.00 0.00 0.00
1.03 1.04 1.04 1.04 1.00 1.00 1.00 1.00 0.98 0.98 0.98 0.98 1.02 1.02 1.02 1.02 1.16 1.16 1.17 1.17 1.34 1.34 1.34 1.34 1.34 1.34 1.34 1.35 1.01 1.01 1.02 1.02 0.63 0.63 0.63 0.63 0.56 0.56 0.56 0.00 0.00 0.00 0.54 0.54 0.59 0.59 0.59 0.59 0.87 0.87 0.88 0.88 1.28 1.28 1.29 1.29 1.52 1.52 1.52 1.53 1.48 1.48 1.48 1.48 1.41 1.41 1.41 1.41 1.19 1.19 1.19 1.19 1.08 1.08 1.08 1.08 1.17 1.17 1.17 1.17 0.00 0.00 0.00 0.00
1.15 1.15 1.15 1.15 1.08 1.09 1.09 1.09 1.15 1.15 1.15 1.15 1.29 1.29 1.29 1.29 1.40 1.40 1.40 1.41 1.42 1.42 1.43 1.43 1.37 1.38 1.38 1.38 1.17 1.17 1.17 1.17 0.98 0.81 0.81 0.81 0.71 0.71 0.71 0.71 0.67 0.67 0.67 0.67 0.84 0.84 0.84 0.84 1.24 1.24 1.24 1.24 1.53 1.53 0.00 1.54 1.42 1.42 1.42 1.42 1.22 1.22 1.22 1.22 1.10 1.10 1.10 1.10 0.98 0.98 0.98 0.98 1.01 1.01 1.01 1.01 1.07 1.07 1.07 1.07 0.00 0.00 0.00 0.00
1.15 1.16 1.16 1.16 1.09 1.09 1.09 1.09 1.15 1.15 1.16 1.16 1.30 1.30 1.30 1.30 1.41 1.41 1.41 1.41 1.43 1.43 1.44 1.44 1.38 1.38 1.39 1.39 1.17 1.17 1.17 1.17 0.98 0.98 0.98 0.81 0.71 0.71 0.71 0.72 0.67 0.67 0.67 0.67 0.84 0.84 0.84 0.84 1.24 1.24 1.25 1.25 1.54 1.54 1.54 1.54 1.42 1.42 1.42 1.43 1.22 1.22 1.22 1.22 1.10 1.10 1.10 1.10 0.98 0.98 0.98 0.98 1.00 1.00 1.00 1.00 1.07 1.07 1.07 1.07 1.18 0.00 0.00 0.00
