New_Model_Runs/4_scn3_noclimate_out/post_prcessed_with_MFR/Monthly_summaries/interception_monthly_MAY.asc
NCOLS 700
NROWS 400
XLLCENTER 515000.000000
YLLCENTER 8409000.000000
CELLSIZE 50.000000
NODATA_value -999.000000
[rows 228 to 265 of 400, columns 84 to 167 of 700]
1.65 1.65 1.66 1.67 1.66 1.66 1.67 1.68 1.69 1.70 1.71 1.71 1.77 1.77 1.78 1.79 1.93 1.94 1.95 1.96 2.00 2.01 2.02 2.02 1.93 1.93 1.94 1.95 1.89 1.89 1.90 1.91 1.84 1.84 1.85 1.85 1.76 1.77 1.77 1.78 1.74 1.74 1.74 1.75 1.82 1.83 1.83 1.84 1.93 1.94 1.94 1.95 2.00 2.00 2.00 2.01 1.92 1.92 1.93 1.93 1.85 1.85 1.85 1.86 1.90 1.90 1.91 1.91 1.96 1.97 1.97 1.97 1.90 1.90 1.90 1.90 1.84 1.84 1.84 1.84 1.87 1.87 1.88 1.88
1.65 1.66 1.66 1.67 1.66 1.66 1.67 1.68 1.69 1.70 1.71 1.71 1.77 1.77 1.78 1.79 1.93 1.94 1.95 1.96 2.00 2.01 2.01 2.02 1.92 1.93 1.94 1.95 1.88 1.89 1.90 1.90 1.84 1.84 1.85 1.85 1.76 1.77 1.77 1.77 1.73 1.74 1.74 1.75 1.82 1.82 1.83 1.83 1.93 1.93 1.94 1.94 1.99 2.00 2.00 2.00 1.92 1.92 1.92 1.93 1.85 1.85 1.85 1.85 1.90 1.90 1.90 1.90 1.96 1.96 1.96 1.97 1.89 1.90 1.90 1.90 1.83 1.83 1.84 1.84 1.87 1.87 1.87 1.88
1.65 1.66 1.66 1.67 1.66 1.66 1.67 1.68 1.69 1.70 1.71 1.71 1.76 1.77 1.78 1.78 1.93 1.94 1.95 1.95 2.00 2.01 2.01 2.02 1.92 1.93 1.94 1.94 1.88 1.89 1.89 1.90 1.83 1.84 1.84 1.85 1.76 1.76 1.77 1.77 1.73 1.74 1.74 1.74 1.82 1.82 1.83 1.83 1.93 1.93 1.93 1.94 1.99 1.99 2.00 2.00 1.91 1.91 1.92 1.92 1.84 1.84 1.85 1.85 1.89 1.90 1.90 1.90 1.95 1.96 1.96 1.96 1.89 1.89 1.89 1.90 1.83 1.83 1.83 1.84 1.87 1.87 1.87 1.87
1.65 1.66 1.66 1.67 1.66 1.66 1.67 1.68 1.69 1.70 1.71 1.71 1.76 1.77 1.78 1.78 1.93 1.94 1.94 1.95 1.99 2.00 2.01 2.02 1.92 1.93 1.93 1.94 1.88 1.88 1.89 1.90 1.83 1.84 1.84 1.85 1.76 1.76 1.76 1.77 1.73 1.73 1.74 1.74 1.81 1.82 1.82 1.82 1.92 1.92 1.93 1.93 1.98 1.99 1.99 1.99 1.91 1.91 1.91 1.92 1.84 1.84 1.84 1.84 1.89 1.89 1.89 1.90 1.95 1.95 1.96 1.96 1.89 1.89 1.89 1.89 1.83 1.83 1.83 1.83 1.86 1.87 1.87 1.87
1.76 1.77 1.78 1.79 1.81 1.82 1.82 1.83 1.85 1.85 1.86 1.87 1.95 1.96 1.97 1.98 2.06 2.07 2.07 2.08 2.00 2.01 2.01 2.02 1.91 1.92 1.93 1.93 1.85 1.86 1.87 1.87 1.76 1.76 1.77 1.77 1.78 1.78 1.79 1.79 1.86 1.86 1.86 1.87 1.92 1.93 1.93 1.93 1.93 1.93 1.93 1.94 1.84 1.84 1.85 1.85 1.72 1.73 1.73 1.73 1.71 1.72 1.72 1.72 1.83 1.83 1.84 1.84 1.89 1.90 1.90 1.90 1.79 1.79 1.79 1.79 1.70 1.70 1.70 1.70 1.69 1.69 1.69 1.69
1.76 1.77 1.78 1.78 1.81 1.81 1.82 1.83 1.84 1.85 1.86 1.87 1.95 1.96 1.96 1.97 2.05 2.06 2.07 2.08 2.00 2.00 2.01 2.02 1.91 1.91 1.92 1.93 1.85 1.86 1.86 1.87 1.75 1.76 1.76 1.77 1.77 1.78 1.78 1.79 1.85 1.85 1.86 1.86 1.92 1.92 1.92 1.93 1.92 1.92 1.93 1.93 1.83 1.84 1.84 1.84 1.72 1.72 1.72 1.73 1.71 1.71 1.71 1.72 1.83 1.83 1.83 1.83 1.89 1.89 1.89 1.90 1.78 1.78 1.78 1.79 1.70 1.70 1.70 1.70 1.69 1.69 1.69 1.69
1.76 1.77 1.78 1.78 1.81 1.81 1.82 1.83 1.84 1.85 1.86 1.86 1.95 1.95 1.96 1.97 2.05 2.06 2.07 2.07 1.99 2.00 2.01 2.01 1.90 1.91 1.92 1.92 1.85 1.85 1.86 1.86 1.75 1.75 1.76 1.76 1.77 1.77 1.78 1.78 1.85 1.85 1.85 1.86 1.91 1.91 1.92 1.92 1.91 1.92 1.92 1.93 1.83 1.83 1.84 1.84 1.71 1.72 1.72 1.72 1.70 1.71 1.71 1.71 1.82 1.82 1.83 1.83 1.88 1.88 1.89 1.89 1.78 1.78 1.78 1.78 1.69 1.69 1.69 1.70 1.68 1.68 1.69 1.69
1.76 1.77 1.77 1.78 1.80 1.81 1.82 1.82 1.84 1.85 1.85 1.86 1.94 1.95 1.96 1.96 2.05 2.05 2.06 2.07 1.99 1.99 2.00 2.01 1.90 1.90 1.91 1.92 1.84 1.85 1.85 1.86 1.75 1.75 1.75 1.76 1.76 1.77 1.77 1.78 1.84 1.84 1.85 1.85 1.90 1.91 1.91 1.92 1.91 1.91 1.91 1.92 1.82 1.83 1.83 1.83 1.71 1.71 1.71 1.72 1.70 1.70 1.70 1.71 1.81 1.82 1.82 1.82 1.88 1.88 1.88 1.88 1.77 1.77 1.77 1.78 1.69 1.69 1.69 1.69 1.68 1.68 1.68 1.68
1.89 1.90 1.91 1.92 1.92 1.93 1.94 1.95 1.97 1.98 1.99 2.00 2.02 2.02 2.03 2.04 1.91 1.92 1.93 1.93 1.77 1.78 1.78 1.79 1.72 1.72 1.73 1.73 1.66 1.67 1.67 1.68 1.67 1.68 1.68 1.69 1.80 1.80 1.80 1.81 1.84 1.85 1.85 1.85 1.78 1.78 1.78 1.79 1.69 1.70 1.70 1.70 1.60 1.61 1.61 1.61 1.53 1.53 1.53 1.53 1.56 1.57 1.57 1.57 1.75 1.75 1.76 1.76 1.83 1.83 1.83 1.83 1.69 1.69 1.70 1.70 1.62 1.63 1.63 1.63 1.59 1.59 1.59 1.59
1.89 1.90 1.91 1.91 1.92 1.93 1.93 1.94 1.97 1.97 1.98 1.99 2.01 2.02 2.03 2.03 1.91 1.91 1.92 1.93 1.77 1.77 1.78 1.78 1.71 1.72 1.72 1.73 1.66 1.66 1.67 1.67 1.67 1.67 1.68 1.68 1.79 1.79 1.80 1.80 1.84 1.84 1.84 1.85 1.77 1.77 1.78 1.78 1.69 1.69 1.69 1.70 1.60 1.60 1.60 1.60 1.52 1.53 1.53 1.53 1.56 1.56 1.56 1.56 1.75 1.75 1.75 1.75 1.82 1.82 1.82 1.83 1.69 1.69 1.69 1.69 1.62 1.62 1.62 1.62 1.58 1.58 1.58 1.59
1.89 1.90 1.90 1.91 1.92 1.92 1.93 1.94 1.96 1.97 1.98 1.98 2.00 2.01 2.02 2.03 1.90 1.91 1.91 1.92 1.76 1.77 1.77 1.78 1.71 1.71 1.71 1.72 1.65 1.66 1.66 1.67 1.66 1.67 1.67 1.68 1.78 1.79 1.79 1.80 1.83 1.83 1.84 1.84 1.76 1.77 1.77 1.77 1.68 1.69 1.69 1.69 1.59 1.59 1.60 1.60 1.52 1.52 1.52 1.52 1.55 1.55 1.56 1.56 1.74 1.74 1.74 1.75 1.81 1.81 1.82 1.82 1.68 1.68 1.68 1.69 1.61 1.62 1.62 1.62 1.58 1.58 1.58 1.58
1.88 1.89 1.90 1.91 1.91 1.92 1.92 1.93 1.96 1.96 1.97 1.98 2.00 2.00 2.01 2.02 1.90 1.90 1.91 1.91 1.76 1.76 1.77 1.77 1.70 1.70 1.71 1.71 1.65 1.65 1.66 1.66 1.66 1.66 1.67 1.67 1.78 1.78 1.78 1.79 1.82 1.83 1.83 1.83 1.76 1.76 1.76 1.77 1.68 1.68 1.68 1.68 1.59 1.59 1.59 1.59 1.51 1.52 1.52 1.52 1.55 1.55 1.55 1.55 1.73 1.73 1.74 1.74 1.80 1.81 1.81 1.81 1.67 1.68 1.68 1.68 1.61 1.61 1.61 1.61 1.57 1.57 1.58 1.58
1.93 1.94 1.95 1.95 1.91 1.91 1.92 1.93 1.90 1.90 1.91 1.92 1.87 1.88 1.88 1.89 1.68 1.69 1.69 1.69 1.57 1.58 1.58 1.58 1.52 1.52 1.52 1.53 1.53 1.54 1.54 1.54 1.67 1.67 1.68 1.68 1.75 1.75 1.75 1.76 1.75 1.75 1.75 1.76 1.67 1.67 1.67 1.67 1.54 1.54 1.54 1.54 1.45 1.45 1.45 1.45 1.42 1.42 1.42 1.43 1.55 1.55 1.55 1.55 1.78 1.78 1.78 1.78 1.81 1.81 1.81 1.81 1.68 1.68 1.68 1.68 1.59 1.59 1.59 1.60 1.50 1.50 1.50 1.51
2.19 2.20 1.94 1.95 1.90 1.91 1.92 1.92 1.89 1.90 1.90 1.91 1.86 1.87 1.88 1.88 1.68 1.68 1.68 1.69 1.57 1.57 1.58 1.58 1.51 1.52 1.52 1.52 1.53 1.53 1.53 1.54 1.66 1.66 1.67 1.67 1.74 1.74 1.75 1.75 1.74 1.74 1.75 1.75 1.66 1.66 1.66 1.67 1.53 1.53 1.53 1.54 1.44 1.45 1.45 1.45 1.42 1.42 1.42 1.42 1.54 1.55 1.55 1.55 1.77 1.77 1.77 1.77 1.80 1.80 1.80 1.81 1.67 1.67 1.67 1.68 1.58 1.59 1.59 1.59 1.50 1.50 1.50 1.50
2.19 2.20 2.20 2.21 2.17 2.17 1.91 1.92 1.88 1.89 1.90 1.90 1.86 1.86 1.87 1.87 1.67 1.67 1.68 1.68 1.56 1.57 1.57 1.57 1.51 1.51 1.51 1.52 1.52 1.52 1.53 1.53 1.65 1.66 1.66 1.66 1.73 1.73 1.74 1.74 1.73 1.73 1.74 1.74 1.65 1.65 1.66 1.66 1.52 1.53 1.53 1.53 1.44 1.44 1.44 1.44 1.41 1.41 1.41 1.42 1.54 1.54 1.54 1.54 1.76 1.76 1.76 1.77 1.79 1.79 1.79 1.80 1.66 1.66 1.67 1.67 1.58 1.58 1.58 1.58 1.49 1.49 1.49 1.50
2.18 2.19 2.20 2.20 2.16 2.17 2.17 2.18 2.15 1.88 1.89 1.89 1.85 1.85 1.86 1.86 1.66 1.67 1.67 1.67 1.56 1.56 1.56 1.57 1.50 1.50 1.51 1.51 1.52 1.52 1.52 1.52 1.65 1.65 1.65 1.66 1.72 1.72 1.73 1.73 1.72 1.73 1.73 1.73 1.64 1.65 1.65 1.65 1.52 1.52 1.52 1.52 1.43 1.44 1.44 1.44 1.41 1.41 1.41 1.41 1.53 1.53 1.53 1.54 1.75 1.75 1.75 1.76 1.78 1.78 1.78 1.79 1.65 1.66 1.66 1.66 1.57 1.57 1.58 1.58 1.49 1.49 1.49 1.49
2.15 2.16 2.16 2.17 2.10 2.11 2.12 2.12 2.11 2.12 2.12 2.13 1.76 1.77 1.77 1.78 1.59 1.59 1.59 1.60 1.44 1.45 1.45 1.45 1.39 1.39 1.39 1.40 1.50 1.50 1.51 1.51 1.69 1.70 1.70 1.70 1.71 1.71 1.72 1.72 1.70 1.71 1.71 1.71 1.66 1.66 1.66 1.67 1.48 1.49 1.49 1.49 1.37 1.37 1.37 1.37 1.43 1.43 1.43 1.43 1.64 1.64 1.65 1.65 1.79 1.80 1.80 1.80 1.79 1.79 1.80 1.80 1.73 1.73 1.74 1.74 1.60 1.61 1.61 1.61 1.42 1.43 1.43 1.43
2.14 2.15 2.16 2.16 2.10 2.10 2.11 2.11 2.10 2.11 2.11 2.12 2.03 2.03 2.04 1.77 1.58 1.58 1.59 1.59 1.44 1.44 1.44 1.45 1.39 1.39 1.39 1.15 1.49 1.50 1.50 1.50 1.68 1.69 1.69 1.70 1.70 1.70 1.71 1.71 1.69 1.70 1.70 1.70 1.65 1.65 1.65 1.66 1.48 1.48 1.48 1.48 1.36 1.36 1.36 0.65 1.42 1.43 1.43 1.43 1.63 1.64 1.64 1.64 1.78 1.79 1.79 1.79 1.78 1.78 1.79 1.79 1.72 1.73 1.73 1.73 1.60 1.60 1.60 1.60 1.42 1.42 1.42 1.42
2.13 2.14 2.15 2.15 2.09 2.09 2.10 2.11 2.09 2.10 2.10 2.11 2.02 2.02 2.03 2.03 1.85 1.85 1.86 1.58 1.43 1.44 1.44 1.44 1.38 1.38 1.38 0.00 0.00 0.00 1.49 1.50 1.67 1.68 1.68 1.69 1.69 1.69 1.70 1.70 1.68 1.69 1.69 1.69 1.64 1.64 1.65 1.65 1.47 1.47 1.47 1.48 1.36 1.36 1.36 1.36 1.42 1.42 1.42 1.42 1.63 1.63 1.63 1.63 1.77 1.78 1.78 1.78 1.77 1.77 1.78 1.78 1.71 1.72 1.72 1.72 1.59 1.59 1.59 1.60 1.41 1.42 1.42 1.42
2.13 2.13 2.14 2.14 2.08 2.08 2.09 2.10 2.08 2.09 2.09 2.10 2.01 2.01 2.02 2.02 1.84 1.85 1.85 1.85 1.71 1.71 1.43 1.43 1.37 1.38 1.38 0.00 0.00 0.00 0.00 1.49 1.66 1.67 1.67 1.68 1.68 1.68 1.69 1.69 1.67 1.68 1.68 1.68 1.63 1.63 1.64 1.64 1.46 1.47 1.47 1.47 1.35 1.35 1.35 1.35 1.41 1.41 1.42 1.42 1.62 1.62 1.62 1.62 1.76 1.77 1.77 1.77 1.76 1.76 1.77 1.77 1.70 1.71 1.71 1.71 1.58 1.58 1.59 1.59 1.41 1.41 1.41 1.41
2.11 2.11 2.12 2.12 2.05 2.06 2.06 2.07 2.06 2.07 2.07 2.08 2.00 2.00 2.01 2.01 1.80 1.80 1.81 1.81 1.64 1.65 1.65 1.65 1.65 1.37 0.00 0.00 0.00 0.00 1.53 1.53 1.68 1.69 1.69 1.70 1.67 1.67 1.68 1.68 1.65 1.65 1.65 1.65 1.67 1.67 1.68 1.68 1.52 1.52 1.52 1.53 1.37 1.37 1.37 1.38 1.48 1.49 1.49 1.49 1.68 1.68 1.68 1.68 1.75 1.75 1.75 1.76 1.77 1.77 1.77 1.78 1.77 1.77 1.77 1.78 1.60 1.61 1.61 1.61 1.43 1.44 1.44 1.44
2.10 2.10 2.11 2.11 2.04 2.05 2.05 2.06 2.05 2.06 2.06 2.06 1.99 1.99 2.00 2.00 1.79 1.80 1.80 1.80 1.64 1.64 1.64 1.64 1.64 1.65 1.65 1.40 0.00 0.00 1.52 1.52 1.67 1.68 1.68 1.68 1.66 1.66 1.67 1.67 1.63 1.64 1.64 1.64 1.66 1.66 1.67 1.67 1.51 1.51 1.52 1.52 1.37 1.37 0.00 0.00 1.48 1.48 1.48 1.48 1.67 1.67 1.67 1.67 1.73 1.74 1.74 1.74 1.75 1.76 1.76 1.76 1.76 1.76 1.76 1.77 1.60 1.60 1.60 1.60 1.43 1.43 1.43 1.43
2.09 2.09 2.10 2.10 2.03 2.04 2.04 2.05 2.04 2.04 2.05 2.05 1.98 1.98 1.99 1.99 1.78 1.79 1.79 1.79 1.63 0.00 1.63 0.00 0.00 1.64 1.64 1.64 1.79 1.47 1.79 1.80 1.66 1.67 1.67 1.67 1.65 1.65 1.65 1.66 1.62 1.63 1.63 1.63 1.65 1.65 1.65 1.66 1.50 1.50 1.51 1.51 1.36 1.36 0.00 0.00 1.47 1.47 1.47 1.47 1.65 1.66 1.66 1.66 1.72 1.73 1.73 1.73 1.74 1.75 1.75 1.75 1.75 1.75 1.75 1.76 1.59 1.59 1.59 1.60 1.42 1.42 1.43 1.43
2.08 2.08 2.09 2.09 2.02 2.03 2.03 2.04 2.03 2.03 2.04 2.04 1.97 1.97 1.97 1.98 1.78 1.78 1.78 1.78 0.00 0.00 0.00 0.00 0.00 1.63 1.63 1.64 1.78 1.78 1.46 1.78 1.93 1.93 1.94 1.66 1.64 1.64 1.64 1.65 1.61 1.61 1.62 1.62 1.64 1.64 1.64 1.64 1.49 1.49 1.50 1.50 1.35 1.35 1.36 0.00 1.46 1.46 1.46 1.47 1.64 1.65 1.65 1.65 1.71 1.34 1.34 1.72 1.73 1.73 1.74 1.74 1.73 1.74 1.74 1.74 1.58 1.58 1.58 1.59 1.42 1.42 1.42 1.42
2.04 2.05 2.05 2.05 2.01 2.01 2.02 2.02 2.02 2.03 2.03 2.03 1.94 1.94 1.95 1.95 1.78 1.78 1.78 1.78 0.00 0.00 0.00 0.00 0.00 1.63 1.64 1.64 1.45 1.76 0.00 1.76 1.90 1.90 1.90 1.91 1.90 1.90 1.63 1.63 1.59 1.59 1.59 1.60 1.66 1.66 1.66 1.67 1.58 1.58 1.59 1.59 0.00 0.00 1.42 1.43 1.51 1.52 1.52 1.52 1.63 1.63 1.63 1.64 1.65 0.00 0.00 1.66 1.75 1.75 1.76 1.76 1.79 1.79 1.79 1.80 1.57 1.57 1.57 1.57 1.41 1.41 1.41 1.41
2.03 2.04 2.04 2.04 2.00 2.00 2.01 2.01 2.01 2.02 2.02 2.02 1.93 1.93 1.94 1.94 1.77 1.77 1.77 1.77 0.00 0.00 0.00 0.00 0.00 0.00 0.00 0.00 0.00 1.75 0.00 1.75 1.88 1.89 1.89 1.89 1.89 1.89 1.89 1.90 1.86 1.86 1.58 1.58 1.64 1.65 1.65 1.65 1.57 1.57 1.57 1.58 1.41 0.00 0.00 0.00 1.50 1.51 1.51 1.51 1.62 1.27 1.62 1.62 1.64 1.65 1.65 1.65 1.74 1.74 1.75 1.75 1.77 1.78 1.78 1.78 1.56 1.56 1.56 1.57 1.40 1.40 1.40 1.41
2.02 2.03 1.55 0.00 1.99 1.99 2.00 2.00 2.00 2.00 2.01 2.01 1.92 0.00 0.00 0.00 0.00 0.00 0.00 1.76 0.00 0.00 0.00 0.00 0.00 0.00 0.00 0.00 0.00 0.00 1.74 1.74 1.87 1.87 1.88 1.88 1.87 0.00 1.51 1.88 1.84 1.85 1.85 1.85 1.91 1.63 1.64 1.64 1.56 1.56 1.56 1.57 1.40 0.00 0.00 0.00 1.49 1.50 1.50 1.20 1.25 1.26 1.26 1.26 1.63 1.63 1.64 1.64 1.72 1.73 1.73 1.74 1.76 1.76 1.77 1.77 1.55 1.55 1.55 1.56 1.39 1.40 1.40 1.40
1.54 1.55 0.00 0.00 1.98 1.98 1.98 1.99 1.99 1.99 2.00 2.00 1.91 1.91 1.91 0.00 0.00 0.00 1.75 0.00 0.00 0.00 0.00 0.00 0.00 0.00 0.00 0.00 0.00 0.00 0.00 1.73 1.86 1.86 1.86 1.86 0.00 0.00 0.00 1.87 1.83 1.83 1.84 0.00 1.90 1.90 1.90 1.90 1.55 1.55 1.55 1.55 1.40 0.00 0.00 0.00 1.48 1.49 1.49 1.49 1.24 1.25 0.00 1.25 1.62 1.62 1.63 1.63 1.71 1.72 1.72 1.72 1.75 1.75 1.76 1.76 1.54 1.54 1.54 1.55 1.39 1.39 1.39 1.39
1.98 1.52 0.00 0.00 1.98 1.98 1.98 1.98 1.99 1.99 2.00 2.00 1.88 1.88 1.88 1.88 0.00 1.75 0.00 0.00 0.00 0.00 0.00 0.00 0.00 0.00 0.00 0.00 0.00 0.00 0.00 1.77 1.81 1.81 1.82 1.82 1.87 0.00 0.00 1.88 1.85 1.85 1.86 1.86 1.90 1.90 1.91 1.91 1.89 1.89 1.90 1.62 1.48 1.48 0.00 0.00 1.17 1.48 1.48 1.48 1.55 1.22 1.56 1.56 1.61 1.61 1.62 1.62 1.74 1.74 1.75 1.75 1.76 1.77 1.77 1.77 1.54 1.54 1.55 1.55 1.34 1.35 1.35 1.35
0.00 1.52 0.00 0.00 1.97 1.97 1.97 1.52 1.98 1.98 1.99 1.99 1.87 1.87 1.87 1.87 1.74 1.74 1.74 1.74 0.00 0.00 0.00 0.00 0.00 0.00 0.00 0.00 0.00 0.00 0.00 1.76 1.80 1.80 1.80 1.81 1.85 1.86 0.00 1.86 1.84 1.84 1.84 0.00 0.00 1.89 1.89 1.89 1.87 1.88 1.88 1.88 1.75 1.75 1.75 0.00 0.00 0.00 1.47 1.47 1.20 0.00 1.55 1.55 1.60 1.60 1.60 1.25 1.73 1.73 1.73 1.74 1.75 1.75 1.76 1.76 1.53 1.54 1.54 1.54 1.34 1.34 1.34 0.00
0.00 0.00 0.00 0.00 1.51 1.96 1.96 1.96 1.97 1.97 1.97 1.98 1.86 1.86 1.86 1.86 1.73 1.73 0.00 0.00 0.00 0.00 0.00 0.00 0.00 0.00 0.00 0.00 0.00 0.00 0.00 0.00 0.00 0.00 1.79 1.79 1.84 1.84 1.85 1.85 1.82 1.82 1.83 0.00 0.00 1.87 1.88 1.88 1.86 1.86 1.87 1.87 1.74 1.74 1.74 0.00 0.00 0.00 1.46 1.46 1.53 1.53 1.54 1.54 1.59 1.59 1.59 1.60 1.71 1.72 1.72 1.73 1.73 1.74 1.74 1.75 1.52 1.53 1.53 1.53 1.33 1.33 0.00 0.00
0.00 0.00 0.00 1.51 0.00 1.95 1.95 1.95 1.96 1.96 1.96 1.96 1.85 1.85 0.00 0.00 0.00 0.00 0.00 0.00 0.00 0.00 0.00 0.00 0.00 0.00 0.00 0.00 0.00 0.00 0.00 0.00 0.00 0.00 0.00 1.78 1.83 1.83 1.69 1.83 1.81 1.81 1.81 0.00 1.86 1.86 1.86 1.86 1.85 1.85 1.85 1.85 1.73 1.73 1.73 0.00 0.00 0.00 0.00 1.73 1.80 1.52 1.53 1.53 1.57 1.58 1.58 1.58 1.70 1.70 1.71 1.71 1.72 1.72 1.73 0.00 1.51 1.52 1.52 1.52 1.33 1.33 1.33 1.33
0.00 0.00 0.00 0.00 1.52 1.98 1.99 1.99 1.97 1.97 1.97 1.98 1.82 1.82 0.00 0.00 0.00 0.00 0.00 0.00 0.00 0.00 0.00 0.00 0.00 0.00 0.00 0.00 0.00 0.00 0.00 0.00 0.00 0.00 0.00 1.80 1.86 1.86 1.87 0.00 1.84 1.85 1.85 1.85 1.86 0.00 1.86 1.86 1.86 1.87 1.87 1.87 1.77 1.77 1.77 0.00 0.00 0.00 0.00 1.75 1.81 1.82 1.47 1.83 1.62 1.62 1.62 1.63 1.70 1.70 1.70 1.71 1.70 1.70 1.70 1.71 1.59 1.59 1.59 1.60 1.39 1.39 1.40 1.40
1.96 0.00 0.00 1.51 1.97 1.97 1.97 1.98 1.96 1.96 1.96 1.96 1.81 1.81 0.00 0.00 0.00 0.00 0.00 0.00 0.00 0.00 0.00 0.00 0.00 0.00 0.00 0.00 0.00 0.00 0.00 0.00 0.00 0.00 0.00 1.79 1.85 1.85 1.85 1.86 1.83 1.83 1.84 1.84 0.00 0.00 0.00 1.85 1.85 1.85 1.86 1.86 1.75 1.76 1.76 1.76 0.00 0.00 1.73 1.74 1.80 0.00 1.46 1.81 1.50 1.88 1.89 1.89 1.68 1.69 1.69 1.70 1.68 1.69 1.69 1.70 1.23 1.58 1.58 1.59 1.38 1.39 1.39 0.00
1.95 1.95 1.96 1.96 1.96 1.96 1.96 1.96 1.95 1.95 1.50 1.95 1.80 0.00 0.00 0.00 0.00 0.00 0.00 0.00 0.00 0.00 0.00 0.00 0.00 0.00 0.00 0.00 0.00 0.00 0.00 0.00 0.00 0.00 0.00 0.00 1.84 1.84 1.84 1.46 1.82 1.82 0.00 1.83 1.83 0.00 0.00 1.84 1.84 1.84 1.84 1.47 1.42 1.74 1.75 0.00 0.00 0.00 1.72 1.73 1.79 0.00 1.45 1.46 1.49 1.87 1.87 1.88 1.94 1.95 1.95 1.68 1.67 1.68 1.68 1.68 1.57 1.57 1.57 1.58 1.38 1.38 0.00 0.00
1.94 1.94 1.95 0.00 0.00 0.00 1.95 1.95 0.00 1.94 1.94 1.94 0.00 0.00 0.00 0.00 0.00 0.00 0.00 0.00 0.00 0.00 0.00 0.00 0.00 0.00 0.00 0.00 0.00 0.00 0.00 0.00 0.00 0.00 0.00 0.00 1.82 0.00 0.00 0.00 0.00 0.00 0.00 0.00 0.00 0.00 0.00 1.82 1.82 1.83 1.83 1.46 1.41 1.73 1.61 0.00 0.00 1.71 1.71 1.71 1.78 1.44 0.00 0.00 0.00 1.85 1.86 1.86 1.52 1.93 1.94 1.95 1.93 1.94 1.67 1.67 1.56 1.56 1.56 1.57 1.37 1.37 1.38 0.00
1.93 1.93 1.93 0.00 0.00 0.00 1.95 1.95 1.96 1.50 0.00 0.00 0.00 0.00 0.00 0.00 0.00 0.00 0.00 0.00 0.00 0.00 0.00 0.00 0.00 0.00 0.00 0.00 0.00 0.00 0.00 0.00 0.00 0.00 0.00 1.83 0.00 0.00 1.87 1.87 1.82 0.00 0.00 0.00 0.00 0.00 1.82 1.83 1.82 1.83 1.83 0.00 0.00 1.74 1.42 0.00 0.00 0.00 1.76 1.76 1.82 1.83 1.46 0.00 0.00 0.00 1.86 1.86 1.88 1.89 1.89 1.90 1.91 1.92 1.92 1.93 1.88 1.89 1.62 1.62 1.47 1.47 1.48 0.00
1.92 1.92 1.92 1.92 0.00 0.00 1.94 1.94 1.95 1.95 0.00 0.00 0.00 0.00 0.00 0.00 0.00 0.00 0.00 0.00 0.00 0.00 0.00 0.00 0.00 0.00 0.00 0.00 0.00 0.00 0.00 0.00 0.00 1.81 1.81 0.00 0.00 1.86 1.86 1.86 1.81 1.81 0.00 0.00 1.81 1.81 1.81 1.81 1.81 1.81 1.82 0.00 0.00 1.73 1.73 0.00 0.00 0.00 1.74 1.75 1.81 1.81 0.00 0.00 1.47 0.00 1.84 1.85 1.87 1.88 1.88 1.89 1.90 1.90 1.91 1.92 1.87 1.88 1.88 1.89 1.74 1.47 1.47 1.47
