New_Model_Runs/4_scn3_noclimate_out/post_prcessed_with_MFR/Monthly_summaries/net_infiltration_monthly_JUN.asc
NCOLS 700
NROWS 400
XLLCENTER 515000.000000
YLLCENTER 8409000.000000
CELLSIZE 50.000000
NODATA_value -999.000000
[rows 185 to 221 of 400, columns 84 to 167 of 700]
0.00 0.00 0.00 0.00 0.00 0.00 0.00 0.00 0.00 0.00 0.00 0.00 0.00 0.00 0.00 0.00 0.00 0.00 0.00 0.00 0.00 0.00 0.00 0.00 0.00 0.00 0.00 0.00 0.00 6.03 6.10 6.17 6.59 6.28 6.35 6.42 6.48 6.55 6.62 6.68 6.79 6.85 6.91 6.97 7.00 7.06 7.73 7.17 7.20 7.25 7.30 7.25 7.27 7.32 7.36 8.09 7.43 7.47 7.50 7.54 7.54 7.57 7.60 7.63 7.60 7.62 7.64 7.66 7.71 8.43 7.74 7.75 7.76 7.78 7.79 7.80 7.69 7.70 7.71 7.72 7.86 7.87 7.88 7.89
0.00 0.00 0.00 0.00 0.00 0.00 0.00 0.00 0.00 0.00 0.00 0.00 0.00 0.00 0.00 0.00 0.00 0.00 0.00 0.00 0.00 0.00 0.00 0.00 0.00 0.00 0.00 0.00 0.00 6.14 6.21 6.29 6.33 6.40 6.47 6.95 6.60 6.67 6.74 6.81 7.36 6.98 7.04 7.04 7.14 7.20 7.25 7.31 7.23 7.28 7.33 7.38 8.33 8.13 7.50 7.54 7.57 7.61 7.64 7.68 7.68 7.71 7.74 7.77 7.74 7.76 7.78 7.80 7.85 7.86 8.62 7.89 9.04 7.92 7.93 7.94 7.82 7.83 7.84 7.85 8.00 8.01 8.02 8.03
0.00 0.00 0.00 0.00 0.00 0.00 0.00 0.00 0.00 0.00 0.00 0.00 0.00 0.00 0.00 0.00 0.00 0.00 0.00 0.00 0.00 0.00 0.00 3.27 0.00 0.00 0.00 0.00 0.00 0.00 6.33 6.41 6.45 6.52 6.60 6.67 6.73 6.80 6.87 6.94 7.05 7.04 7.11 7.17 7.27 7.23 7.28 8.02 7.37 7.42 7.47 7.52 7.54 8.30 7.63 7.68 8.41 7.75 7.78 7.82 7.82 7.85 7.88 7.91 8.61 7.90 7.92 7.94 8.72 8.00 8.02 8.03 8.78 8.05 8.06 8.08 8.69 7.97 7.98 7.99 8.14 9.18 9.19 8.16
0.00 0.00 0.00 0.00 0.00 0.00 0.00 0.00 0.00 0.00 0.00 0.00 0.00 0.00 0.00 0.00 0.00 0.00 0.00 0.00 0.00 0.00 0.00 5.89 6.03 0.00 0.00 0.00 6.32 6.39 6.47 6.55 6.57 6.65 6.73 6.80 7.26 6.90 6.97 7.04 7.06 7.12 7.19 7.25 7.28 7.34 7.40 7.45 7.52 7.57 7.62 7.67 7.70 7.74 7.79 7.83 7.83 8.60 7.91 7.94 7.90 7.93 7.95 7.98 8.72 8.74 8.00 8.02 8.10 8.12 8.13 8.14 8.89 8.14 8.15 8.16 8.18 8.19 8.20 8.21 9.56 9.57 9.59 9.60
0.00 0.00 0.00 0.00 0.00 0.00 0.00 0.00 0.00 0.00 0.00 0.00 0.00 0.00 0.00 0.00 0.00 0.00 0.00 0.00 0.00 0.00 0.00 0.00 6.14 6.22 6.29 6.76 6.43 6.51 6.59 6.66 6.69 6.77 6.85 6.93 6.96 7.74 7.03 7.10 7.19 7.26 7.22 7.28 7.41 7.47 7.53 7.59 7.65 7.71 7.76 7.81 7.83 7.88 7.92 7.97 7.96 8.01 8.04 8.08 8.03 8.07 8.09 8.12 8.10 8.12 8.14 8.15 8.24 8.25 8.27 8.28 8.26 8.27 8.29 8.30 8.32 8.33 8.34 8.34 9.73 9.74 9.75 9.76
0.00 0.00 0.00 0.00 0.00 0.00 0.00 0.00 0.00 0.00 0.00 0.00 0.00 0.00 0.00 0.00 0.00 0.00 0.00 0.00 0.00 0.00 0.00 0.00 0.00 6.33 6.41 6.49 6.55 6.63 6.70 6.78 6.81 6.90 6.98 6.99 7.01 7.68 7.65 7.23 7.22 7.28 7.35 7.41 7.54 7.60 7.66 7.72 7.79 8.85 8.63 7.94 7.97 8.02 8.06 8.11 8.10 8.14 8.18 8.21 8.17 8.20 8.23 8.25 8.23 8.25 8.27 8.29 8.37 8.39 8.40 8.42 8.40 8.41 8.42 9.23 8.45 8.46 8.47 8.48 9.90 9.91 9.92 9.93
0.00 0.00 0.00 0.00 0.00 0.00 0.00 0.00 0.00 0.00 0.00 0.00 0.00 0.00 0.00 0.00 0.00 0.00 0.00 0.00 0.00 0.00 0.00 0.00 0.00 6.43 6.52 6.68 6.91 6.74 6.82 6.91 6.94 7.02 7.03 7.69 7.14 7.21 7.28 7.25 7.34 7.41 7.48 7.54 7.67 7.73 7.79 7.85 7.92 7.98 8.78 8.08 8.11 8.92 8.20 8.24 8.24 9.07 8.31 8.35 8.31 9.14 8.36 8.39 8.36 8.39 8.41 8.42 8.51 8.52 8.54 8.55 8.53 8.54 8.55 8.56 8.58 8.59 8.60 8.61 10.07 10.07 10.08 10.09
0.00 0.00 0.00 0.00 0.00 0.00 0.00 0.00 0.00 0.00 0.00 0.00 0.00 0.00 0.00 0.00 0.00 0.00 0.00 0.00 0.00 0.00 0.00 0.00 0.00 0.00 8.93 5.60 7.77 7.00 7.40 7.01 7.01 7.09 7.18 7.25 7.80 7.22 7.30 7.37 7.42 7.49 7.56 8.33 7.77 7.83 7.89 7.95 9.15 8.10 8.15 8.21 8.21 8.25 8.30 8.34 8.34 8.38 9.24 8.45 8.40 8.43 8.46 8.48 8.50 8.52 8.54 8.56 8.62 8.64 8.65 9.97 8.68 8.69 8.71 8.72 8.91 8.92 8.93 8.94 9.11 10.37 10.38 10.39
0.00 0.00 0.00 0.00 0.00 0.00 0.00 0.00 0.00 0.00 0.00 0.00 0.00 0.00 0.00 0.00 0.00 0.00 0.00 0.00 0.00 0.00 0.00 0.00 0.00 0.00 2.36 7.60 7.03 7.13 7.62 7.13 7.13 7.22 7.30 7.27 7.27 7.34 7.42 7.49 7.55 7.62 7.69 7.75 7.90 7.96 8.02 8.08 8.18 9.04 8.29 8.34 8.34 8.39 8.43 8.47 8.47 8.51 8.55 8.58 8.53 8.56 8.59 8.61 8.63 8.65 8.67 8.69 8.75 8.77 8.79 8.80 8.81 9.44 8.83 8.85 9.05 9.06 9.06 9.07 9.24 9.25 9.26 10.55
0.00 0.00 0.00 0.00 0.00 0.00 0.00 0.00 0.00 0.00 0.00 0.00 0.00 0.00 0.00 0.00 0.00 0.00 0.00 0.00 0.00 0.00 0.00 0.00 0.00 0.00 6.66 6.83 6.99 7.07 7.16 7.80 7.80 7.23 7.31 7.39 7.39 7.46 7.54 8.32 7.67 7.74 7.81 7.88 8.03 8.09 8.15 8.21 8.31 8.36 8.42 8.47 8.47 8.52 8.56 8.61 8.60 8.64 8.68 9.32 8.66 8.69 8.72 10.71 8.76 8.78 8.80 8.82 9.49 9.89 8.91 8.93 8.94 8.95 8.96 8.97 9.18 9.18 9.19 9.20 9.37 9.38 9.39 9.39
0.00 0.00 0.00 0.00 0.00 0.00 0.00 0.00 0.00 0.00 0.00 0.00 0.00 0.00 0.00 0.00 0.00 0.00 0.00 0.00 0.00 0.00 6.58 0.00 0.00 10.40 6.30 6.96 7.10 7.19 7.28 7.26 7.26 7.35 7.43 7.51 7.50 7.58 7.66 7.73 7.79 8.60 7.93 8.00 8.15 8.21 8.28 8.34 8.44 8.49 8.55 8.60 8.60 8.65 8.69 8.74 8.73 8.77 9.41 8.84 8.79 8.82 8.84 8.87 8.88 8.90 8.92 8.94 9.01 9.03 9.04 9.05 9.07 9.08 9.09 9.10 9.30 9.31 9.32 9.33 9.50 9.51 9.51 9.52
0.00 0.00 0.00 0.00 0.00 0.00 0.00 0.00 0.00 0.00 0.00 0.00 0.00 0.00 0.00 0.00 0.00 0.00 0.00 0.00 0.00 6.61 7.12 7.41 7.96 6.44 10.71 11.03 7.24 7.22 7.31 7.39 7.40 7.48 8.57 8.35 7.65 7.73 7.80 7.88 7.92 7.99 8.06 8.13 8.23 8.30 8.36 8.42 8.50 8.56 8.61 8.67 8.65 8.69 8.74 8.78 9.38 8.83 8.86 9.50 8.92 8.94 8.97 8.99 9.03 9.05 9.07 9.09 9.15 9.17 9.18 9.20 9.38 9.39 9.40 9.41 9.60 9.61 9.62 9.63 9.65 9.66 9.66 11.53
0.00 0.00 0.00 0.00 0.00 0.00 0.00 0.00 0.00 0.00 0.00 0.00 0.00 0.00 0.00 0.00 0.00 0.00 0.00 0.00 6.63 10.66 10.32 7.53 6.63 7.34 7.40 10.74 7.25 7.34 7.42 7.51 7.52 7.60 7.68 8.50 7.77 8.96 7.92 8.00 8.04 8.11 8.18 8.25 8.36 9.25 8.48 8.54 8.62 8.68 8.74 8.79 8.77 8.82 8.86 8.91 8.91 8.95 8.98 9.02 9.04 9.07 9.09 9.12 9.15 9.17 9.19 9.21 9.27 9.29 9.30 9.32 9.50 9.51 9.52 9.53 9.48 9.49 9.49 9.50 9.53 10.31 9.54 9.54
0.00 0.00 0.00 0.00 0.00 0.00 0.00 0.00 0.00 0.00 0.00 0.00 0.00 0.00 0.00 0.00 0.00 0.00 0.00 6.64 6.73 10.33 10.42 7.38 7.54 7.22 7.18 7.29 10.92 7.45 7.53 7.62 7.63 7.71 7.80 7.88 7.88 7.96 8.04 8.12 8.15 8.23 8.30 8.37 8.47 8.54 8.60 8.66 9.36 8.80 8.86 8.91 8.89 8.94 8.98 9.03 9.67 9.07 9.10 9.14 9.16 9.19 9.21 9.24 10.69 9.29 9.31 9.33 9.39 9.40 9.42 9.43 9.62 9.63 9.64 9.65 9.59 9.60 9.61 9.61 9.64 9.64 9.65 9.66
0.00 0.00 2.74 0.00 0.00 0.00 0.00 0.00 0.00 0.00 0.00 0.00 0.00 0.00 3.47 0.00 0.00 3.78 6.65 6.74 10.35 6.93 7.02 11.29 11.49 11.56 11.67 11.18 11.06 8.48 8.58 8.69 8.70 7.83 7.91 7.99 7.99 8.08 8.16 8.23 8.27 8.34 8.41 8.48 8.59 8.66 8.72 9.37 8.86 8.92 8.98 9.03 9.01 9.06 9.10 9.14 9.80 9.19 9.22 9.25 9.27 9.30 9.33 9.99 9.39 9.41 9.43 10.09 10.17 9.52 9.53 9.55 9.49 9.50 9.51 9.52 9.70 9.71 9.72 9.72 9.75 9.75 9.76 9.77
0.00 5.17 5.23 5.30 5.41 0.00 0.00 0.00 0.00 0.00 0.00 0.00 0.00 0.00 2.98 6.22 6.25 6.88 6.96 7.24 10.40 6.98 7.00 7.84 8.50 8.10 8.21 7.96 8.46 8.79 8.67 9.01 8.83 9.07 8.76 8.10 8.16 8.24 8.32 8.40 8.45 8.52 8.59 8.66 8.66 8.73 8.79 8.85 10.23 8.92 8.98 9.95 9.07 9.12 9.16 10.57 9.27 9.31 9.34 9.38 9.44 9.47 9.50 10.94 9.54 9.56 9.58 11.76 10.26 9.50 9.51 9.52 9.75 9.77 9.77 9.78 9.84 9.85 11.57 9.86 9.80 10.60 10.61 9.82
0.00 0.00 5.30 5.37 5.48 0.00 0.00 0.00 0.00 0.00 0.00 0.00 0.00 0.00 6.23 9.82 9.85 9.92 10.00 10.07 10.72 6.70 6.78 7.96 8.68 8.22 8.33 9.26 8.59 8.70 7.83 7.92 8.71 8.04 8.13 8.21 8.27 8.35 9.31 9.31 8.56 8.63 8.71 8.78 8.77 8.84 8.90 8.96 8.98 9.03 9.09 9.38 10.45 9.46 9.27 9.32 9.38 9.42 9.45 9.49 10.20 10.23 9.61 9.63 9.65 10.05 10.24 10.28 9.59 9.60 9.61 9.63 9.86 9.87 9.88 9.89 9.95 10.72 9.96 9.97 9.90 9.91 9.92 9.92
0.00 5.71 5.37 5.44 5.55 5.62 0.00 0.00 0.00 0.00 0.00 0.00 0.00 6.24 6.31 9.90 6.42 6.49 10.08 9.06 6.71 6.78 6.86 8.07 7.96 9.47 8.15 8.57 8.71 8.82 7.93 8.02 8.06 8.15 8.23 8.32 8.37 8.45 8.54 8.62 8.67 9.32 8.81 8.88 8.88 8.95 9.01 10.32 10.34 10.40 10.47 10.90 10.58 10.64 9.38 9.42 9.49 9.52 9.56 9.59 10.05 9.44 9.47 9.49 10.29 9.53 9.55 9.56 9.69 9.70 9.72 9.73 9.97 9.98 9.98 9.99 9.79 9.79 9.80 9.81 9.74 9.75 9.75 9.76
5.31 5.79 5.86 5.51 5.62 6.12 0.00 0.00 0.00 0.00 0.00 0.00 0.00 0.00 6.39 10.54 6.50 6.58 6.65 7.32 7.21 6.87 6.95 6.50 8.06 6.69 6.76 6.83 8.46 8.56 8.03 8.12 8.17 8.25 8.34 8.42 8.48 8.56 8.64 9.32 8.77 8.84 8.92 8.99 8.99 9.05 9.11 9.17 10.46 10.53 10.60 10.66 10.71 10.77 9.48 9.52 9.59 9.63 9.42 9.45 9.51 9.54 9.57 9.59 9.61 9.63 9.65 9.66 9.79 9.80 9.82 9.83 9.80 9.81 9.82 9.83 9.88 9.89 9.90 9.90 9.84 9.85 9.85 10.98
5.34 5.41 5.47 5.54 5.68 5.74 5.81 0.00 0.00 0.00 0.00 0.00 0.00 0.00 6.50 6.58 10.68 6.68 6.75 6.83 6.85 7.11 6.48 6.55 7.35 6.69 6.76 6.83 6.90 6.97 7.04 7.11 7.18 7.24 8.36 8.45 8.56 8.64 8.72 8.80 8.87 8.94 9.66 9.09 9.06 9.12 9.19 9.25 9.24 10.60 10.67 11.11 10.84 10.90 9.82 9.63 11.15 9.52 9.55 9.59 9.64 9.66 9.69 9.71 12.25 10.56 9.78 9.80 9.99 9.74 9.75 9.76 9.95 9.96 9.97 11.11 9.98 9.99 9.99 10.00 9.88 9.88 9.89 9.89
5.41 5.47 5.54 5.61 5.74 5.81 5.88 5.95 0.00 0.00 0.00 0.00 0.00 0.00 7.62 6.66 10.19 10.26 6.83 6.91 6.93 6.48 6.55 6.63 6.70 6.77 6.84 6.90 6.97 7.04 7.11 7.18 7.25 7.31 7.38 7.44 7.53 8.74 8.82 8.90 8.96 9.04 9.11 9.18 9.78 9.22 9.28 9.34 9.34 10.71 10.78 10.84 10.96 11.02 10.98 9.48 9.57 9.61 9.64 9.68 9.73 9.76 9.78 9.81 9.84 9.86 9.88 9.89 9.82 9.83 9.84 9.85 10.04 10.05 11.22 10.06 10.07 11.25 10.08 11.82 11.10 9.97 9.98 9.98
5.47 5.54 5.61 5.67 5.81 5.88 5.95 6.03 5.18 0.00 0.00 0.00 0.00 3.15 7.72 7.82 7.34 10.34 6.91 7.15 6.48 6.55 6.63 6.70 6.77 6.84 6.91 7.74 7.05 7.11 7.97 7.25 7.32 7.38 7.45 7.51 7.60 7.66 7.72 7.78 7.83 9.13 9.20 9.27 9.25 9.31 9.37 9.43 10.76 10.83 10.89 10.96 10.98 11.04 11.10 11.15 9.66 9.70 9.73 11.45 9.82 9.85 10.76 11.69 9.93 9.95 9.97 9.98 9.90 9.92 9.93 9.94 11.31 10.14 10.15 10.15 11.34 10.17 10.17 10.18 10.06 10.06 10.06 10.07
5.53 5.60 5.67 5.74 5.88 5.95 6.02 6.10 6.76 6.51 6.60 3.44 6.22 1.93 7.02 7.91 7.93 8.48 9.97 6.53 6.55 6.62 6.69 6.77 6.84 6.91 6.97 7.04 7.11 7.18 7.25 7.31 7.38 7.45 7.52 7.58 7.66 8.57 7.79 7.85 7.90 7.95 8.01 8.06 9.33 9.40 9.46 10.87 10.86 10.93 11.00 10.97 11.08 11.14 11.20 11.25 9.74 9.78 9.82 9.85 9.90 9.93 11.40 9.98 9.75 9.77 9.79 9.80 9.99 10.00 10.01 12.20 10.21 10.22 10.23 10.24 12.46 10.25 11.45 11.39 11.28 11.28 10.14 10.15
5.59 5.66 5.73 5.80 5.92 9.51 6.07 6.14 6.31 6.39 6.70 7.16 5.96 6.04 7.66 7.22 7.32 6.49 10.07 6.63 6.65 6.72 6.80 6.87 6.91 6.98 7.04 7.11 7.16 7.23 7.30 7.37 7.44 7.51 7.58 7.64 7.70 7.76 8.69 7.88 7.90 7.96 8.01 8.06 8.08 10.09 10.15 10.21 10.98 11.05 11.11 11.17 11.29 11.35 11.41 11.46 11.52 11.57 9.93 9.96 9.73 10.86 10.22 9.80 9.89 9.91 9.93 9.95 10.12 10.13 11.30 10.15 10.30 10.31 10.31 10.32 11.51 10.33 10.34 10.35 10.19 10.20 10.20 10.20
5.65 5.72 5.79 5.86 9.50 9.57 10.10 6.18 6.38 4.54 6.53 6.89 7.00 5.76 7.35 7.82 7.42 7.53 10.14 10.21 6.72 6.79 6.86 6.93 6.97 7.04 7.11 7.18 7.23 7.29 7.36 7.43 7.51 7.57 7.64 7.70 8.61 7.82 7.88 7.94 7.96 8.02 8.07 9.02 12.48 10.93 10.23 10.29 8.35 8.39 8.43 9.66 11.38 11.44 11.50 11.56 11.61 12.14 12.19 9.77 9.80 11.67 12.35 9.88 9.96 9.98 10.00 10.02 10.19 10.20 11.40 10.22 10.37 10.38 10.39 10.39 10.40 10.41 10.41 10.42 10.26 10.27 11.46 10.27
5.71 5.78 6.31 9.91 9.56 6.13 6.17 9.75 6.45 4.26 7.18 6.67 6.79 6.87 7.45 7.90 7.97 8.06 8.16 10.99 6.78 6.85 6.92 6.99 7.03 7.10 7.17 7.24 7.29 7.35 7.42 7.49 7.56 7.63 7.69 7.76 7.82 7.88 7.94 8.00 8.91 8.07 8.12 8.18 8.19 10.24 10.30 8.33 8.41 8.45 8.49 8.53 8.60 8.63 8.67 11.65 11.55 11.60 11.65 9.84 10.23 11.76 11.80 9.95 10.03 10.05 10.07 10.09 12.41 10.27 10.28 10.29 10.44 10.45 10.46 10.46 10.47 11.62 10.48 10.49 10.34 10.34 10.34 10.35
9.29 9.36 9.43 5.99 6.12 6.16 6.23 9.82 6.51 6.59 6.66 6.74 6.86 6.94 6.49 7.98 7.60 8.20 8.23 8.46 11.87 8.45 6.98 7.05 7.09 7.16 7.22 7.29 7.34 7.41 7.48 7.54 7.62 7.68 7.75 7.81 7.87 7.93 7.99 8.05 8.07 8.12 8.17 8.22 8.24 8.29 8.33 8.38 8.46 8.50 8.54 8.57 8.65 9.07 8.72 12.34 10.99 11.03 11.07 11.77 11.81 11.85 11.88 10.01 10.10 10.12 10.14 10.15 10.32 11.52 10.35 10.36 10.51 10.51 10.52 10.53 10.54 10.54 10.55 10.55 10.40 10.40 11.59 10.41
9.40 9.47 6.03 6.10 6.15 6.19 6.27 9.85 9.99 10.07 7.94 10.22 10.40 6.95 6.51 6.58 7.69 7.80 8.34 8.44 12.03 8.61 8.71 8.80 7.22 7.29 7.36 7.42 7.49 7.55 7.62 7.69 7.76 7.82 7.88 7.95 7.96 8.02 8.08 8.14 8.15 8.20 8.25 8.30 8.37 8.42 8.47 8.51 8.61 8.65 9.64 8.73 9.74 8.81 8.84 11.11 11.09 11.13 11.17 11.21 11.22 11.25 10.06 10.08 10.17 10.19 10.21 10.22 11.55 10.37 10.38 10.39 10.52 10.53 10.54 10.54 10.54 10.54 10.55 10.55 10.42 10.42 10.42 10.42
9.46 9.53 6.09 6.16 6.18 6.25 6.33 6.40 7.08 6.62 6.70 6.77 10.46 10.01 8.57 7.11 7.21 7.88 7.79 9.70 12.10 8.68 8.78 8.87 7.27 7.34 7.41 7.47 7.54 7.60 7.67 7.74 7.81 7.87 7.93 7.99 8.01 8.06 8.12 8.18 8.19 8.24 8.29 8.34 8.42 8.46 8.51 8.56 8.65 8.69 8.73 8.77 8.81 8.85 8.88 11.17 8.90 8.93 8.96 8.99 11.27 11.31 9.04 9.06 9.12 9.14 10.41 10.28 10.41 10.42 10.43 10.44 10.56 10.57 10.57 11.81 10.57 10.58 11.82 11.83 10.47 10.47 10.48 11.65
6.01 6.08 6.15 7.17 6.24 6.31 6.39 6.46 7.16 6.68 6.76 6.83 6.48 10.06 6.62 6.69 8.54 10.38 10.45 10.52 6.34 8.55 8.84 10.49 7.32 7.39 7.45 7.52 7.58 7.65 7.72 7.78 7.85 7.91 7.97 8.04 8.05 8.10 8.16 8.22 8.23 8.28 8.33 8.38 8.45 8.50 8.55 8.59 8.69 8.73 8.77 8.81 9.81 8.88 8.92 8.95 8.94 8.97 9.00 9.02 11.33 11.36 11.39 9.09 9.16 9.03 9.20 9.21 8.41 10.47 10.48 10.49 10.61 10.62 10.62 10.63 10.62 10.63 10.63 10.64 10.52 10.52 10.53 11.71
6.06 6.13 6.17 6.25 7.03 6.92 6.44 6.52 6.66 6.74 6.81 6.89 6.53 10.11 10.18 10.25 10.36 6.92 6.99 7.06 8.07 7.81 7.25 7.32 7.36 8.23 7.50 7.57 7.63 7.69 7.76 7.82 7.89 7.95 8.01 8.07 8.08 8.14 8.20 8.25 8.26 8.32 8.37 8.42 8.49 8.53 8.58 8.63 8.72 8.76 8.80 8.84 8.72 8.77 8.81 8.99 8.97 9.00 8.88 9.43 11.37 11.40 11.43 9.13 9.20 9.21 9.23 9.10 8.44 8.45 8.46 8.47 8.08 10.62 10.63 10.64 10.63 10.63 10.64 10.64 11.76 10.57 10.56 10.56
9.67 6.23 6.31 6.38 6.39 7.04 6.54 6.62 6.66 6.73 6.81 6.88 6.53 6.60 10.18 10.95 6.87 6.94 7.01 7.08 7.14 7.21 7.28 7.35 7.40 7.47 7.53 7.60 7.71 7.77 7.84 7.90 7.99 8.05 8.11 8.17 8.18 8.24 8.29 8.35 8.37 8.42 8.47 8.52 8.60 8.65 8.70 8.74 8.82 8.86 8.90 8.94 8.95 8.99 9.03 9.06 9.02 9.05 9.07 9.10 11.40 11.44 11.47 12.37 9.57 9.21 9.22 9.24 9.16 8.41 8.42 8.43 8.48 8.48 8.49 9.31 10.55 10.55 10.56 10.56 10.52 10.53 10.53 10.54
9.72 6.28 6.36 6.43 6.44 6.52 6.59 6.67 6.71 6.78 6.86 6.93 6.57 6.64 7.41 6.78 6.92 6.99 7.06 7.13 7.18 7.25 7.32 7.39 7.44 8.32 7.57 7.64 7.74 7.81 7.87 7.93 8.02 8.08 8.14 8.20 8.21 8.26 8.32 8.37 8.39 8.45 8.50 8.55 8.63 8.68 8.72 8.77 8.85 8.89 8.93 8.97 8.98 9.02 9.05 9.08 9.04 9.07 9.10 9.13 11.44 11.47 11.50 11.53 11.59 9.23 9.25 9.26 9.18 8.44 9.26 8.46 9.31 8.51 8.52 8.52 8.50 8.51 8.51 8.52 10.56 10.57 10.55 10.56
10.76 6.33 6.40 6.48 6.49 6.57 6.64 6.72 6.75 6.83 6.90 6.45 7.29 6.68 6.75 7.54 6.96 7.03 7.09 7.16 7.22 8.08 7.35 7.42 7.47 7.54 7.60 7.67 7.77 7.84 7.90 7.96 8.93 10.00 9.76 9.13 8.23 9.20 8.34 8.40 9.35 8.47 8.52 8.57 8.65 8.70 8.74 8.79 8.86 8.91 8.95 8.98 9.00 9.04 9.07 8.95 9.06 9.09 9.12 12.37 11.46 11.50 11.53 11.56 11.61 11.64 11.66 9.28 8.45 8.46 8.47 8.48 8.53 8.53 8.06 8.07 8.53 8.53 8.54 8.06 8.51 8.51 9.64 10.59
6.30 6.37 7.01 6.52 6.54 6.61 6.69 6.76 6.80 6.87 6.95 6.49 6.65 6.72 6.79 6.85 6.99 7.06 7.13 7.95 7.25 7.32 8.55 7.45 7.50 7.57 8.44 7.70 7.80 7.87 7.93 7.99 8.07 9.03 8.19 8.24 8.25 8.31 8.36 8.42 8.43 8.49 8.54 8.58 8.67 8.71 8.76 8.81 9.30 8.92 8.82 8.85 9.02 9.99 8.94 9.12 9.08 9.11 9.14 11.51 11.49 11.52 11.55 11.58 12.54 11.66 11.69 10.81 10.90 8.48 8.49 8.50 8.07 8.07 8.08 8.09 8.07 8.07 8.08 8.08 8.53 8.54 8.06 8.79
6.14 6.43 6.92 7.65 6.64 6.71 6.79 6.86 6.88 6.96 6.50 6.57 6.63 6.70 6.76 8.40 6.95 7.02 7.09 7.15 7.21 7.27 7.34 8.22 7.48 7.55 7.61 7.67 8.63 7.87 8.78 7.99 8.06 9.02 8.17 8.23 8.29 9.27 8.40 8.45 8.50 8.55 8.60 8.65 8.70 8.75 9.20 8.84 8.87 8.91 8.95 8.99 8.98 8.87 9.05 9.08 9.05 9.08 11.43 11.47 11.50 11.53 11.56 11.59 11.66 11.68 10.81 10.82 10.84 10.86 10.88 10.89 10.89 11.77 10.91 11.79 10.93 10.94 8.80 8.50 8.94 8.53 8.53 8.96
6.19 6.28 6.37 6.62 6.68 6.75 6.83 6.89 6.92 7.16 6.53 7.32 6.66 6.73 6.79 7.59 6.98 7.05 7.11 7.18 7.23 7.30 7.36 7.42 7.50 7.57 7.63 7.69 7.82 7.89 7.95 8.01 8.08 8.13 8.19 8.24 8.31 8.36 9.34 8.46 8.51 8.56 8.61 8.66 8.71 9.72 8.80 8.84 8.88 8.92 8.96 9.00 8.98 9.02 9.05 9.09 9.05 9.08 11.44 11.48 11.51 11.54 11.57 11.60 11.67 11.69 10.82 10.84 10.86 10.87 10.89 10.90 10.90 10.91 10.92 10.93 11.82 10.96 10.96 9.33 8.06 8.07 8.07 8.07
