New_Model_Runs/4_scn3_noclimate_out/post_prcessed_with_MFR/Monthly_summaries/net_infiltration_monthly_JAN.asc
NCOLS 700
NROWS 400
XLLCENTER 515000.000000
YLLCENTER 8409000.000000
CELLSIZE 50.000000
NODATA_value -999.000000
[rows 185 to 221 of 400, columns 332 to 414 of 700]
10.83 10.81 10.79 10.78 10.76 10.74 10.71 11.92 10.66 10.63 10.60 10.57 13.73 14.28 14.24 14.20 11.11 10.85 10.82 10.78 10.85 10.81 10.76 10.72 10.67 10.62 10.57 10.51 10.48 13.03 12.95 10.29 10.21 10.14 10.07 9.99 9.87 9.86 9.77 9.68 9.54 9.44 9.33 9.22 9.08 9.87 9.77 9.64 9.52 9.39 9.27 9.14 9.04 8.92 8.80 9.78 10.00 9.19 8.32 8.21 8.01 10.38 0.00 0.00 0.00 0.00 0.00 0.00 0.00 0.00 0.00 0.00 0.00 0.00 0.00 0.00 0.00 0.00 0.00 0.00 0.00 0.00 0.00
10.82 10.80 10.78 10.76 10.74 10.72 10.69 10.67 10.64 10.61 10.58 13.69 13.71 14.25 14.22 14.17 10.86 11.07 10.79 10.76 10.82 10.78 10.73 10.68 10.64 10.59 10.53 10.47 11.45 10.37 12.89 12.80 12.70 10.09 10.02 9.94 9.90 9.82 9.73 9.64 9.50 9.40 9.30 9.19 9.05 9.86 9.74 9.61 9.49 9.37 9.24 9.12 9.02 8.90 8.78 8.67 9.13 9.07 8.30 8.20 7.99 7.90 7.81 11.35 0.00 0.00 0.00 0.00 0.00 0.00 0.00 0.00 0.00 0.00 0.00 0.00 0.00 0.00 0.00 0.00 0.00 0.00 0.00
10.80 10.78 10.76 10.74 10.72 10.69 10.67 10.64 10.61 10.58 10.54 13.67 14.26 14.22 14.18 14.14 14.30 10.80 10.76 10.72 10.78 10.74 10.69 10.65 10.60 10.55 10.49 10.43 11.40 11.34 11.26 13.60 13.50 12.54 9.97 9.89 9.86 9.77 9.68 9.59 9.46 9.36 9.26 9.15 9.01 9.82 9.70 9.58 9.46 9.34 9.21 9.09 8.99 8.88 8.76 9.52 8.50 8.39 8.28 8.18 7.98 7.88 7.79 7.70 9.98 0.00 0.00 0.00 0.00 0.00 0.00 0.00 0.00 0.00 0.00 0.00 0.00 0.00 0.00 0.00 0.00 0.00 0.00
10.78 10.76 10.74 10.72 10.69 10.67 10.64 10.61 10.58 10.55 10.51 13.71 10.92 10.90 10.86 10.83 10.86 10.83 11.22 10.75 10.73 10.69 10.64 10.59 10.55 10.49 10.43 10.37 10.33 10.27 12.75 15.64 10.82 9.99 9.92 9.92 9.81 9.73 9.64 9.55 9.43 9.34 9.24 9.13 9.01 9.82 9.70 9.58 9.42 9.29 9.17 9.05 8.87 8.75 8.64 8.53 8.41 8.30 8.20 8.09 7.98 7.89 7.80 6.42 10.33 0.00 0.00 0.00 0.00 0.00 0.00 0.00 0.00 0.00 0.00 0.00 0.00 0.00 0.00 0.00 0.00 0.00 0.00
9.83 10.73 10.71 10.69 10.66 10.63 10.60 10.57 10.54 10.51 10.47 10.43 10.90 10.86 10.83 10.80 10.83 10.79 10.75 10.71 10.69 10.65 10.60 10.55 10.50 10.45 10.39 10.33 10.29 11.23 11.14 10.08 10.99 9.94 10.83 10.68 9.76 9.68 9.59 9.50 9.39 9.29 9.19 9.09 9.87 9.78 9.66 9.54 9.38 9.26 9.14 9.02 8.84 8.72 8.61 8.50 8.38 8.28 8.17 8.07 7.96 7.87 6.49 5.66 0.00 0.00 0.00 0.00 0.00 0.00 0.00 0.00 0.00 0.00 0.00 0.00 0.00 0.00 0.00 0.00 0.00 0.00 0.00
9.82 9.81 10.67 10.65 10.62 10.60 10.57 10.53 10.50 10.46 10.43 11.46 10.87 10.83 10.80 10.76 10.79 10.75 10.71 10.67 10.65 10.61 10.56 10.51 10.46 10.40 10.34 10.28 10.24 10.17 10.10 10.03 9.97 9.89 9.89 9.82 10.53 9.63 9.54 10.95 11.54 11.42 11.29 11.16 11.89 9.86 11.59 11.43 11.46 9.22 9.10 8.99 8.80 8.69 8.58 8.47 8.36 8.25 8.44 8.90 7.94 8.95 2.05 5.65 0.00 0.00 0.00 0.00 0.00 0.00 0.00 0.00 0.00 0.00 0.00 0.00 0.00 0.00 0.00 0.00 0.00 0.00 0.00
9.80 9.79 9.77 9.76 9.61 11.78 10.52 10.49 10.45 10.42 10.38 11.41 10.83 10.80 10.76 10.72 10.75 10.71 10.67 10.63 10.61 10.56 10.51 10.46 10.41 10.35 10.29 10.23 10.18 10.12 10.05 9.98 9.91 9.91 9.84 9.76 9.66 9.58 9.49 9.40 9.29 11.35 12.93 11.10 12.20 11.05 10.52 10.13 10.19 9.18 9.06 8.95 8.77 8.66 8.55 8.47 8.33 8.22 8.73 8.47 7.91 6.91 5.67 10.31 0.00 0.00 0.00 0.00 0.00 0.00 0.00 0.00 0.00 0.00 0.00 0.00 0.00 0.00 0.00 0.00 0.00 0.00 0.00
10.85 9.87 9.85 9.83 9.66 9.64 9.62 10.44 10.40 10.36 10.32 11.35 10.85 10.81 10.77 10.73 10.78 10.74 10.69 10.65 10.61 10.56 10.51 10.46 10.41 10.36 10.29 10.23 10.16 10.09 10.03 9.96 9.87 9.87 9.80 9.72 9.60 9.52 9.43 10.20 9.25 9.16 9.07 9.88 11.13 8.76 10.81 9.24 9.10 9.09 9.12 8.82 8.78 8.67 8.56 8.70 8.33 8.23 8.56 8.42 7.93 6.86 5.65 0.00 0.00 0.00 0.00 0.00 0.00 0.00 0.00 0.00 0.00 0.00 0.00 0.00 0.00 0.00 0.00 0.00 0.00 0.00 0.00
9.85 9.84 9.82 9.80 9.63 9.61 9.59 9.57 9.53 9.50 10.26 11.28 10.80 10.77 10.73 10.69 10.73 10.69 10.64 10.60 10.56 10.51 10.46 10.40 10.36 10.30 10.24 10.17 10.10 10.04 9.97 9.90 9.88 9.81 9.74 9.66 9.54 9.46 9.38 9.29 9.20 9.11 9.01 9.84 9.78 9.06 13.67 9.91 4.12 8.53 10.84 10.99 8.74 8.63 8.52 8.45 8.30 8.64 8.50 8.12 7.90 10.05 0.00 0.00 0.00 0.00 0.00 0.00 0.00 0.00 0.00 0.00 0.00 0.00 0.00 0.00 0.00 0.00 0.00 0.00 0.00 0.00 0.00
9.82 9.80 10.77 9.77 9.59 9.57 9.55 9.53 9.49 9.46 10.73 10.69 10.76 10.72 10.68 10.64 10.68 10.64 10.59 10.54 10.50 10.45 10.40 10.34 10.30 10.24 10.18 10.11 10.04 9.98 9.91 9.84 9.82 9.75 9.68 9.60 9.48 9.40 9.32 9.24 9.14 9.05 9.87 9.78 9.72 10.72 8.82 8.88 8.10 4.80 4.02 11.06 9.07 8.59 8.48 8.41 8.63 9.07 8.94 8.44 7.87 5.54 0.00 0.00 0.00 0.00 0.00 0.00 0.00 0.00 0.00 0.00 0.00 0.00 0.00 0.00 0.00 0.00 0.00 0.00 0.00 0.00 0.00
9.78 10.75 9.75 9.73 9.55 9.53 9.51 9.49 9.78 11.60 10.68 10.64 10.70 10.67 10.63 10.59 10.63 10.58 10.53 10.49 10.44 10.39 10.34 10.28 10.24 10.18 10.11 10.05 10.97 9.91 9.85 9.85 9.76 9.69 9.61 9.54 9.42 9.34 9.26 9.18 9.08 8.99 9.83 9.73 9.66 9.55 13.22 9.60 6.67 9.89 4.37 6.76 6.35 11.69 8.81 8.37 8.96 9.26 9.63 8.30 7.84 0.00 0.00 0.00 0.00 0.00 0.00 0.00 0.00 0.00 0.00 0.00 0.00 0.00 0.00 0.00 0.00 0.00 0.00 0.00 0.00 0.00 0.00
9.76 9.74 9.72 9.71 9.53 9.51 9.49 9.46 9.76 11.58 10.66 10.63 10.64 11.45 10.56 10.52 10.53 10.49 10.44 10.39 11.37 10.31 10.26 10.20 10.13 10.07 10.01 9.94 9.90 9.84 9.84 9.77 9.75 9.68 9.60 9.53 9.41 9.33 9.25 9.17 9.04 9.85 9.78 9.68 9.59 9.49 8.33 9.57 9.53 8.76 6.87 0.00 0.00 0.00 5.75 10.57 7.57 9.73 9.20 11.57 5.54 0.00 0.00 0.00 0.00 0.00 0.00 0.00 0.00 0.00 0.00 0.00 0.00 0.00 0.00 0.00 0.00 0.00 0.00 0.00 0.00 0.00 0.00
9.71 9.70 9.68 9.66 9.49 9.46 9.77 9.75 9.71 10.64 10.60 10.57 10.58 10.54 10.50 10.46 10.47 10.42 11.39 10.33 10.30 11.23 10.19 10.13 10.06 10.00 11.66 9.87 9.83 9.84 10.59 9.71 9.68 9.61 9.54 9.62 9.35 9.27 9.19 9.11 8.97 9.81 9.71 9.61 9.53 9.42 10.76 4.44 7.29 6.51 0.00 0.00 0.00 0.00 0.00 0.00 6.03 12.09 11.62 0.00 0.00 0.00 0.00 0.00 0.00 0.00 0.00 0.00 0.00 0.00 0.00 0.00 0.00 0.00 0.00 0.00 0.00 0.00 0.00 0.00 0.00 0.00 0.00
9.66 9.65 9.63 10.49 9.76 9.74 9.72 9.69 9.66 10.57 10.54 10.50 10.51 10.47 10.43 10.39 10.40 10.35 10.30 10.25 10.23 10.17 10.12 10.06 9.99 9.93 9.86 9.88 9.84 9.77 9.70 9.64 9.61 9.54 11.72 11.62 11.03 11.37 11.27 9.04 9.81 9.74 9.64 9.54 9.46 9.36 9.62 3.17 6.89 0.00 0.00 0.00 0.00 0.00 0.00 0.00 0.00 3.63 0.00 0.00 0.00 0.00 0.00 0.00 0.00 0.00 0.00 0.00 0.00 0.00 0.00 0.00 0.00 0.00 0.00 0.00 0.00 0.00 0.00 0.00 0.00 0.00 0.00
9.61 9.59 9.57 9.55 9.71 9.68 9.66 9.63 9.60 10.51 10.47 10.43 10.45 10.40 10.36 10.32 10.33 10.28 10.23 10.18 10.16 10.10 10.04 9.99 9.91 9.85 9.87 9.80 9.77 9.70 10.42 10.35 10.32 10.26 9.40 11.62 9.47 12.02 9.93 9.05 9.76 9.67 9.57 10.62 12.30 10.03 9.19 8.85 5.63 0.00 0.00 0.00 0.00 0.00 0.00 0.00 0.00 0.00 0.00 0.00 0.00 0.00 0.00 0.00 0.00 0.00 0.00 0.00 0.00 0.00 0.00 0.00 0.00 0.00 0.00 0.00 0.00 0.00 0.00 0.00 0.00 0.00 0.00
9.51 9.49 9.47 10.74 10.18 9.60 9.57 9.54 10.46 11.45 10.40 10.36 10.37 10.33 10.29 10.25 10.24 10.19 10.14 10.09 10.08 10.02 9.96 9.91 9.88 9.82 9.76 9.69 9.62 9.55 9.49 9.42 9.44 9.36 10.75 9.59 10.86 10.02 11.89 11.41 10.54 9.66 10.28 6.28 6.98 11.74 12.74 9.01 10.22 0.00 0.00 0.00 0.00 0.00 0.00 0.00 0.00 0.00 0.00 0.00 0.00 0.00 0.00 0.00 0.00 0.00 0.00 0.00 0.00 0.00 0.00 0.00 0.00 0.00 0.00 0.00 0.00 0.00 0.00 0.00 0.00 0.00 0.00
11.06 10.73 10.29 10.24 10.11 9.53 9.50 9.47 10.39 10.35 11.34 10.28 10.30 10.26 10.21 10.17 10.16 10.11 10.06 10.01 10.00 9.94 12.34 12.27 9.80 9.74 9.67 9.61 9.54 9.47 9.41 9.35 9.36 9.29 9.22 9.52 11.79 5.75 4.63 9.04 14.42 9.58 5.91 0.00 0.00 0.00 0.00 10.25 0.00 0.00 0.00 0.00 0.00 0.00 0.00 0.00 0.00 0.00 0.00 0.00 0.00 0.00 0.00 0.00 0.00 0.00 0.00 0.00 0.00 0.00 0.00 0.00 0.00 0.00 0.00 0.00 0.00 0.00 0.00 0.00 0.00 0.00 0.00
9.72 9.70 10.22 9.65 9.48 9.46 9.43 9.40 10.31 10.27 10.24 10.20 10.21 10.17 11.72 10.08 10.08 10.03 9.98 9.93 10.89 9.86 12.23 12.18 12.04 9.65 9.59 9.53 9.46 9.39 9.33 9.26 9.28 9.21 9.14 9.07 9.40 10.24 7.75 6.35 0.00 0.00 0.00 0.00 0.00 0.00 0.00 0.00 0.00 0.00 0.00 0.00 0.00 0.00 0.00 0.00 0.00 0.00 0.00 0.00 0.00 0.00 0.00 0.00 0.00 0.00 0.00 0.00 0.00 0.00 0.00 0.00 0.00 0.00 0.00 0.00 0.00 0.00 0.00 0.00 0.00 0.00 0.00
9.65 9.63 9.60 9.57 9.41 9.38 9.36 9.33 10.22 10.19 10.15 10.11 10.13 10.08 10.04 10.00 9.99 9.94 9.89 9.84 9.82 12.22 14.07 12.07 11.93 11.85 11.77 9.45 9.37 9.31 9.25 9.18 9.20 9.13 11.19 11.10 11.42 10.01 0.00 0.00 0.00 0.00 0.00 0.00 0.00 0.00 0.00 0.00 0.00 0.00 0.00 0.00 0.00 0.00 0.00 0.00 0.00 0.00 0.00 0.00 0.00 0.00 0.00 0.00 0.00 0.00 0.00 0.00 0.00 0.00 0.00 0.00 0.00 0.00 0.00 0.00 0.00 0.00 0.00 0.00 0.00 0.00 0.00
9.53 9.50 9.48 9.45 9.32 9.30 9.27 10.14 10.11 10.08 10.04 10.00 10.02 9.98 9.94 9.89 9.90 9.85 9.80 9.83 9.79 12.08 12.01 11.93 11.86 11.78 11.70 11.62 9.31 9.25 9.19 9.13 9.08 9.01 8.95 11.84 11.74 10.95 0.00 0.00 0.00 0.00 0.00 0.00 0.00 0.00 0.00 0.00 0.00 0.00 0.00 0.00 0.00 0.00 0.00 0.00 0.00 0.00 0.00 0.00 0.00 0.00 0.00 0.00 0.00 0.00 0.00 0.00 0.00 0.00 0.00 0.00 0.00 0.00 0.00 0.00 0.00 0.00 0.00 0.00 0.00 0.00 0.00
9.45 9.42 9.40 9.37 9.25 9.22 9.19 10.05 10.02 9.98 9.95 9.91 9.93 9.89 9.84 9.80 9.81 9.84 9.79 9.74 9.70 9.65 11.89 11.81 11.74 12.44 11.59 11.51 9.23 9.17 9.11 9.04 9.00 8.93 9.79 11.73 9.63 10.84 0.00 0.00 0.00 0.00 0.00 0.00 0.00 0.00 0.00 0.00 0.00 0.00 0.00 0.00 0.00 0.00 0.00 0.00 0.00 0.00 0.00 0.00 0.00 0.00 0.00 0.00 0.00 0.00 0.00 0.00 0.00 0.00 0.00 0.00 0.00 0.00 0.00 0.00 0.00 0.00 0.00 0.00 0.00 0.00 0.00
9.37 9.34 9.32 9.29 9.17 9.68 10.04 9.95 9.93 10.84 9.85 9.81 9.84 9.79 9.83 9.78 10.62 9.74 9.69 9.64 9.61 9.55 9.50 11.69 11.62 11.55 11.47 11.39 9.14 9.08 9.02 8.95 9.82 9.77 9.70 9.62 9.54 10.73 0.00 0.00 0.00 0.00 0.00 0.00 0.00 0.00 0.00 0.00 0.00 0.00 0.00 0.00 0.00 0.00 0.00 0.00 0.00 0.00 0.00 0.00 0.00 0.00 0.00 0.00 0.00 0.00 0.00 0.00 0.00 0.00 0.00 0.00 0.00 0.00 0.00 0.00 0.00 0.00 0.00 0.00 0.00 0.00 0.00
9.28 10.44 9.23 9.20 9.08 9.05 9.89 9.86 9.83 9.79 9.83 9.79 9.81 9.77 9.73 9.68 9.69 9.64 9.59 9.54 9.51 9.46 9.40 9.35 9.29 9.24 9.18 11.28 9.05 8.99 8.93 9.79 9.74 10.04 9.60 9.53 9.63 0.00 0.00 0.00 0.00 0.00 0.00 0.00 0.00 0.00 0.00 0.00 0.00 0.00 0.00 0.00 0.00 0.00 0.00 0.00 0.00 0.00 0.00 0.00 0.00 0.00 0.00 0.00 0.00 0.00 0.00 0.00 0.00 0.00 0.00 0.00 0.00 0.00 0.00 0.00 0.00 0.00 0.00 0.00 0.00 0.00 0.00
9.17 9.14 9.11 9.09 8.98 8.95 9.85 9.82 9.81 9.77 9.73 9.69 9.72 9.67 9.63 9.59 9.59 9.55 9.50 9.45 9.39 9.34 11.49 11.42 9.20 9.15 9.09 9.03 11.12 8.94 9.79 9.74 9.66 9.79 10.44 10.18 10.97 0.00 0.00 0.00 0.00 0.00 0.00 0.00 0.00 0.00 0.00 0.00 0.00 0.00 0.00 0.00 0.00 0.00 0.00 0.00 0.00 0.00 0.00 0.00 0.00 0.00 0.00 0.00 0.00 0.00 0.00 0.00 0.00 0.00 0.00 0.00 0.00 0.00 0.00 0.00 0.00 0.00 0.00 0.00 0.00 0.00 0.00
9.07 9.05 9.02 8.99 8.89 8.86 9.75 9.71 9.70 9.67 9.63 9.59 9.61 9.57 9.53 9.48 9.49 9.45 9.40 9.35 9.29 9.24 11.37 11.30 11.26 9.05 9.00 9.78 10.40 9.63 9.71 9.64 9.56 10.23 8.13 10.94 10.49 0.00 0.00 0.00 0.00 0.00 0.00 0.00 0.00 0.00 0.00 0.00 0.00 0.00 0.00 0.00 0.00 0.00 0.00 0.00 0.00 0.00 0.00 0.00 0.00 0.00 0.00 0.00 0.00 0.00 0.00 0.00 0.00 0.00 0.00 0.00 0.00 0.00 0.00 0.00 0.00 0.00 0.00 0.00 0.00 0.00 0.00
8.98 8.95 8.93 8.90 8.79 9.67 9.64 9.61 9.60 9.56 9.52 9.48 9.51 9.46 9.42 9.38 9.39 9.34 11.50 13.20 9.19 9.14 9.09 11.17 11.13 11.06 10.43 9.66 9.95 8.87 10.53 9.54 9.46 9.39 6.07 0.00 0.00 0.00 0.00 0.00 0.00 0.00 0.00 0.00 0.00 0.00 0.00 0.00 0.00 0.00 0.00 0.00 0.00 0.00 0.00 0.00 0.00 0.00 0.00 0.00 0.00 0.00 0.00 0.00 0.00 0.00 0.00 0.00 0.00 0.00 0.00 0.00 0.00 0.00 0.00 0.00 0.00 0.00 0.00 0.00 0.00 0.00 0.00
8.88 8.85 8.83 8.80 8.69 9.56 9.53 9.49 9.48 9.45 9.41 9.37 9.40 9.35 9.31 9.27 9.28 9.23 9.19 11.31 9.09 9.04 8.99 8.94 11.00 11.83 11.75 10.19 10.00 7.40 11.93 13.07 10.57 0.00 0.00 0.00 0.00 0.00 0.00 0.00 0.00 0.00 0.00 0.00 0.00 0.00 0.00 0.00 0.00 0.00 0.00 0.00 0.00 0.00 0.00 0.00 0.00 0.00 0.00 0.00 0.00 0.00 0.00 0.00 0.00 0.00 0.00 0.00 0.00 0.00 0.00 0.00 0.00 0.00 0.00 0.00 0.00 0.00 0.00 0.00 0.00 0.00 0.00
8.76 8.73 8.71 8.68 8.64 9.51 9.47 9.44 9.40 9.37 9.33 9.29 9.29 9.25 9.21 9.17 11.34 11.28 9.08 11.16 8.96 9.68 9.77 9.74 9.71 9.66 11.59 11.51 15.11 0.00 0.00 0.00 0.00 0.00 0.00 0.00 0.00 0.00 0.00 0.00 0.00 0.00 0.00 0.00 0.00 0.00 0.00 0.00 0.00 0.00 0.00 0.00 0.00 0.00 0.00 0.00 0.00 0.00 0.00 0.00 0.00 0.00 0.00 0.00 0.00 0.00 0.00 0.00 0.00 0.00 0.00 0.00 0.00 0.00 0.00 0.00 0.00 0.00 0.00 0.00 0.00 0.00 0.00
8.65 8.62 8.60 8.57 8.54 9.39 9.35 9.32 9.29 10.09 9.22 9.18 9.18 9.13 9.09 9.05 11.19 11.14 11.08 11.03 9.60 9.73 9.68 11.62 9.60 9.55 9.86 11.37 0.00 0.00 0.00 0.00 0.00 0.00 0.00 0.00 0.00 0.00 0.00 0.00 0.00 0.00 0.00 0.00 0.00 0.00 0.00 0.00 0.00 0.00 0.00 0.00 0.00 0.00 0.00 0.00 0.00 0.00 0.00 0.00 0.00 0.00 0.00 0.00 0.00 0.00 0.00 0.00 0.00 0.00 0.00 0.00 0.00 0.00 0.00 0.00 0.00 0.00 0.00 0.00 0.00 0.00 0.00
8.54 8.51 8.49 8.46 9.29 9.26 9.23 9.20 9.17 9.13 11.25 9.06 9.06 9.02 8.98 8.94 10.18 10.99 11.83 11.77 11.67 9.61 9.56 11.47 11.44 11.23 11.82 0.00 0.00 0.00 0.00 0.00 0.00 0.00 0.00 0.00 0.00 0.00 0.00 0.00 0.00 0.00 0.00 0.00 0.00 0.00 0.00 0.00 0.00 0.00 0.00 0.00 0.00 0.00 0.00 0.00 0.00 0.00 0.00 0.00 0.00 0.00 0.00 0.00 0.00 0.00 0.00 0.00 0.00 0.00 0.00 0.00 0.00 0.00 0.00 0.00 0.00 0.00 0.00 0.00 0.00 0.00 0.00
8.52 8.49 8.47 8.44 9.17 9.14 9.11 9.08 9.05 9.01 11.09 11.05 8.94 8.90 9.77 9.75 10.03 11.86 10.44 11.62 11.52 9.50 9.44 11.32 12.15 12.49 0.00 0.00 0.00 0.00 0.00 0.00 0.00 0.00 0.00 0.00 0.00 0.00 0.00 0.00 0.00 0.00 0.00 0.00 0.00 0.00 0.00 0.00 0.00 0.00 0.00 0.00 0.00 0.00 0.00 0.00 0.00 0.00 0.00 0.00 0.00 0.00 0.00 0.00 0.00 0.00 0.00 0.00 0.00 0.00 0.00 0.00 0.00 0.00 0.00 0.00 0.00 0.00 0.00 0.00 0.00 0.00 0.00
8.47 8.45 8.42 8.40 9.11 11.23 9.05 9.02 8.93 8.90 9.77 11.79 11.78 11.73 11.68 9.62 9.47 9.42 11.49 11.44 11.33 9.35 9.30 9.25 11.84 6.54 0.00 0.00 0.00 0.00 0.00 0.00 0.00 0.00 0.00 0.00 0.00 0.00 0.00 0.00 0.00 0.00 0.00 0.00 0.00 0.00 0.00 0.00 0.00 0.00 0.00 0.00 0.00 0.00 0.00 0.00 0.00 0.00 0.00 0.00 0.00 0.00 0.00 0.00 0.00 0.00 0.00 0.00 0.00 0.00 0.00 0.00 0.00 0.00 0.00 0.00 0.00 0.00 0.00 0.00 0.00 0.00 0.00
10.86 10.83 8.31 9.03 11.10 11.07 8.93 8.90 9.73 9.69 9.66 9.62 9.62 11.56 11.51 11.46 9.30 9.26 11.33 11.65 11.17 9.23 9.18 9.13 10.94 3.63 0.00 0.00 0.00 0.00 0.00 0.00 0.00 0.00 0.00 0.00 0.00 0.00 0.00 0.00 0.00 0.00 0.00 0.00 0.00 0.00 0.00 0.00 0.00 0.00 0.00 0.00 0.00 0.00 0.00 0.00 0.00 0.00 0.00 0.00 0.00 0.00 0.00 0.00 0.00 0.00 0.00 0.00 0.00 0.00 0.00 0.00 0.00 0.00 0.00 0.00 0.00 0.00 0.00 0.00 0.00 0.00 0.00
11.50 9.92 7.20 7.88 10.61 11.51 11.75 9.69 9.60 9.56 9.53 9.49 9.49 9.45 4.92 12.33 9.77 9.07 11.17 7.54 11.75 9.11 9.06 9.01 10.79 0.00 0.00 0.00 0.00 0.00 0.00 0.00 0.00 0.00 0.00 0.00 0.00 0.00 0.00 0.00 0.00 0.00 0.00 0.00 0.00 0.00 0.00 0.00 0.00 0.00 0.00 0.00 0.00 0.00 0.00 0.00 0.00 0.00 0.00 0.00 0.00 0.00 0.00 0.00 0.00 0.00 0.00 0.00 0.00 0.00 0.00 0.00 0.00 0.00 0.00 0.00 0.00 0.00 0.00 0.00 0.00 0.00 0.00
5.81 7.25 2.17 7.20 7.22 7.56 11.95 9.56 9.46 9.43 9.40 9.36 9.35 9.32 9.05 9.00 9.59 9.53 8.86 8.26 10.18 8.99 8.94 8.89 10.64 0.00 0.00 0.00 0.00 0.00 0.00 0.00 0.00 0.00 0.00 0.00 0.00 0.00 0.00 0.00 0.00 0.00 0.00 0.00 0.00 0.00 0.00 0.00 0.00 0.00 0.00 0.00 0.00 0.00 0.00 0.00 0.00 0.00 0.00 0.00 0.00 0.00 0.00 0.00 0.00 0.00 0.00 0.00 0.00 0.00 0.00 0.00 0.00 0.00 0.00 0.00 0.00 0.00 0.00 0.00 0.00 0.00 0.00
4.40 6.20 5.76 5.75 2.11 8.01 7.00 11.75 9.33 9.30 9.26 9.23 9.20 9.27 8.88 8.87 8.73 7.07 6.55 6.51 6.47 8.51 9.54 14.12 11.30 0.00 0.00 0.00 0.00 0.00 0.00 0.00 0.00 0.00 0.00 0.00 0.00 0.00 0.00 0.00 0.00 0.00 0.00 0.00 0.00 0.00 0.00 0.00 0.00 0.00 0.00 0.00 0.00 0.00 0.00 0.00 0.00 0.00 0.00 0.00 0.00 0.00 0.00 0.00 0.00 0.00 0.00 0.00 0.00 0.00 0.00 0.00 0.00 0.00 0.00 0.00 0.00 0.00 0.00 0.00 0.00 0.00 0.00
0.00 0.00 3.21 12.52 11.53 11.50 6.24 2.41 9.20 9.17 9.13 9.10 9.07 9.04 8.70 8.70 9.48 6.92 6.40 6.38 6.34 7.57 11.52 0.00 0.00 0.00 0.00 0.00 0.00 0.00 0.00 0.00 0.00 0.00 0.00 0.00 0.00 0.00 0.00 0.00 0.00 0.00 0.00 0.00 0.00 0.00 0.00 0.00 0.00 0.00 0.00 0.00 0.00 0.00 0.00 0.00 0.00 0.00 0.00 0.00 0.00 0.00 0.00 0.00 0.00 0.00 0.00 0.00 0.00 0.00 0.00 0.00 0.00 0.00 0.00 0.00 0.00 0.00 0.00 0.00 0.00 0.00 0.00
