New_Model_Runs/4_scn3_noclimate_out/post_prcessed_with_MFR/Monthly_summaries/net_infiltration_monthly_NOV.asc
NCOLS 700
NROWS 400
XLLCENTER 515000.000000
YLLCENTER 8409000.000000
CELLSIZE 50.000000
NODATA_value -999.000000
[rows 111 to 147 of 400, columns 332 to 414 of 700]
0.00 0.00 0.00 0.00 0.00 0.00 4.28 4.34 9.78 8.59 9.38 8.74 8.65 8.72 8.79 8.86 9.08 9.16 9.02 9.09 9.56 9.64 8.83 8.89 9.00 9.05 10.00 9.15 10.12 9.26 9.30 10.26 9.35 10.08 10.11 10.14 10.15 10.17 10.19 10.20 11.35 10.22 10.23 10.24 11.40 10.27 10.27 10.28 10.22 10.22 10.23 10.23 10.21 10.21 10.21 10.20 10.29 10.28 11.40 10.27 10.26 10.25 12.29 10.24 10.24 10.23 11.36 10.23 10.28 10.28 10.27 10.27 10.30 10.29 10.28 9.92 9.94 9.93 11.12 9.91 9.87 12.10 9.85
0.00 0.00 0.00 0.00 0.00 0.00 0.00 9.26 8.48 8.56 8.63 8.70 9.35 8.72 8.79 8.85 8.92 9.17 9.05 9.12 8.73 10.10 8.85 8.90 9.02 9.07 9.12 9.17 9.23 9.27 9.31 10.27 9.34 10.07 10.10 10.12 10.12 10.14 10.16 10.17 10.17 10.19 10.20 10.21 10.18 10.19 10.19 10.20 10.11 10.11 10.11 10.11 10.12 10.11 10.11 10.11 10.15 10.15 10.14 11.27 10.14 10.14 10.13 10.13 10.14 10.14 11.27 10.13 10.15 10.14 10.14 10.14 10.16 10.15 10.15 9.80 9.82 9.81 9.80 11.01 10.95 9.74 9.73
0.00 0.00 0.00 0.00 0.00 0.00 4.41 9.33 8.55 8.62 8.69 8.76 8.71 9.50 8.84 8.91 8.98 9.04 9.31 8.70 8.78 10.14 9.77 8.95 9.06 9.11 9.93 10.13 9.26 9.30 9.34 9.37 10.30 9.40 10.12 10.14 10.15 10.16 11.32 10.20 10.19 11.35 10.22 10.23 10.20 11.35 11.79 11.34 10.12 10.12 10.12 10.12 10.13 10.12 10.12 11.24 10.16 10.15 10.14 10.13 10.14 10.14 10.13 10.13 10.14 10.13 10.13 10.13 10.15 10.14 10.14 10.14 10.16 11.29 10.15 9.80 9.82 9.82 9.81 9.80 9.75 9.75 9.74
0.00 0.00 0.00 0.00 0.00 0.00 8.64 8.71 8.62 8.69 9.47 8.83 8.76 9.57 9.10 8.97 9.03 9.10 9.16 8.75 8.83 9.75 9.82 8.99 9.11 9.15 11.54 9.24 9.30 9.33 9.37 9.40 9.39 9.84 10.14 11.30 10.17 10.18 10.20 11.36 10.21 10.22 11.38 10.24 10.21 10.22 10.22 11.35 10.13 10.13 11.26 10.12 10.13 10.12 11.25 10.11 10.16 10.15 10.14 10.13 10.14 10.13 10.12 10.12 10.13 10.13 10.12 10.12 10.14 11.27 10.14 10.14 10.15 10.15 10.15 9.80 9.82 9.82 11.03 9.81 9.76 9.75 9.75
0.00 0.00 0.00 0.00 8.56 8.63 8.71 8.78 8.68 8.75 9.52 8.88 8.82 8.89 8.95 9.21 9.08 9.52 8.73 8.79 8.87 8.93 9.86 9.03 9.14 10.07 9.23 9.27 9.33 9.36 9.82 9.43 9.42 9.44 10.16 10.18 10.18 10.20 10.21 11.34 10.22 10.23 11.39 10.25 10.22 10.22 11.33 10.22 10.13 10.39 10.12 10.12 10.12 10.12 10.11 10.10 10.15 10.14 10.13 10.12 10.13 10.12 10.11 10.11 10.12 10.11 10.11 10.11 10.13 10.13 10.12 10.12 10.14 11.27 11.01 9.80 9.82 9.81 9.81 9.81 9.76 9.75 9.75
8.90 8.32 8.39 8.46 8.35 8.42 9.45 8.56 8.51 8.58 8.65 8.71 8.76 8.82 8.89 8.95 9.06 9.31 10.01 8.76 8.85 8.90 8.95 9.00 9.08 9.12 9.16 10.10 9.22 9.26 9.29 9.32 9.32 10.26 11.97 10.08 10.08 10.09 11.23 11.68 10.09 10.10 10.11 10.12 10.06 10.06 11.18 11.39 10.16 13.08 13.08 13.07 10.28 10.28 10.27 10.26 10.31 10.30 10.29 10.28 10.26 10.25 10.24 10.23 10.22 10.21 10.21 10.21 10.16 10.16 10.16 10.16 10.11 10.11 9.78 9.78 9.72 9.71 9.71 9.71 11.52 10.82 9.63
8.31 8.38 9.14 8.52 8.41 8.48 9.52 8.62 8.57 8.63 8.70 8.76 8.81 8.87 8.94 9.00 9.10 9.17 8.75 9.67 8.89 8.94 8.99 9.03 9.11 9.15 9.19 10.13 10.34 9.28 9.31 9.33 9.34 9.36 9.38 10.09 10.08 10.10 10.11 10.12 10.09 10.10 10.11 10.11 10.05 10.05 10.05 11.17 13.07 13.06 13.06 10.13 10.26 10.26 10.25 10.24 10.29 10.28 10.26 10.25 10.23 10.22 10.21 10.21 10.19 10.18 10.18 10.18 10.13 10.13 10.13 10.14 10.09 10.09 10.95 9.75 9.70 9.70 9.70 9.70 9.63 9.63 9.62
9.20 9.13 8.52 8.59 8.47 9.51 8.61 8.68 8.62 8.69 8.75 8.81 8.86 8.92 8.99 9.05 9.15 8.73 9.64 8.84 8.93 8.98 9.02 9.07 9.14 9.18 9.22 10.16 9.27 9.30 9.33 10.27 9.35 9.37 9.39 9.40 10.09 10.10 10.11 10.12 10.09 10.10 10.10 13.69 12.91 15.45 12.91 10.04 10.14 10.13 10.12 10.11 10.24 10.24 10.23 10.22 10.26 10.25 10.24 10.23 10.20 10.19 10.19 10.18 10.16 10.16 10.15 10.15 10.10 10.10 10.10 10.11 10.06 10.06 9.73 9.73 9.68 9.68 9.68 9.68 9.61 9.61 9.61
8.44 9.36 8.58 8.65 9.50 8.60 9.34 8.74 8.68 8.74 8.80 8.86 8.91 8.97 9.03 9.09 8.71 8.77 8.83 8.88 8.96 9.01 9.06 9.99 9.17 9.21 9.24 9.28 9.29 9.32 9.34 10.28 9.36 9.38 9.83 9.40 10.09 10.10 10.11 10.12 12.21 11.35 12.97 12.97 12.88 10.02 10.02 10.02 10.11 10.11 10.10 10.09 10.22 10.21 10.19 10.18 10.23 10.22 10.21 10.19 10.17 10.16 10.15 10.14 10.12 10.12 10.11 10.11 10.06 10.07 10.07 10.07 10.02 10.03 9.70 9.70 12.92 9.65 12.92 12.93 9.59 9.59 9.60
8.14 8.20 8.27 8.34 8.35 8.41 8.48 8.54 8.69 8.75 8.81 9.06 9.00 9.06 9.12 9.18 8.80 8.85 9.77 8.96 9.04 9.09 9.13 10.07 10.09 9.22 9.25 10.20 9.30 9.32 9.34 9.36 10.28 9.37 10.46 10.89 12.98 12.99 10.10 10.37 10.41 10.41 11.89 13.06 10.28 10.27 10.27 10.26 10.44 10.43 10.42 10.41 10.49 10.48 10.47 10.45 10.46 10.45 10.44 10.43 10.37 10.36 10.35 10.34 10.31 10.30 10.30 10.30 10.24 10.24 10.24 10.24 10.15 9.81 9.82 9.82 9.70 9.70 13.00 9.71 9.72 9.72 9.73
8.20 8.26 9.21 8.39 8.40 8.47 9.80 8.59 8.74 8.80 8.86 8.92 9.24 9.10 9.53 9.61 8.83 8.89 8.94 8.99 9.07 9.12 9.16 9.20 9.21 9.24 9.27 9.30 9.31 9.33 9.35 9.36 9.36 9.37 9.38 9.39 12.17 12.97 12.98 12.98 13.04 13.04 13.03 10.12 10.25 10.25 10.24 10.23 10.41 10.40 10.39 10.38 10.45 10.44 10.43 10.41 10.42 10.41 10.39 10.38 10.32 10.31 10.30 12.70 10.26 10.25 10.25 10.25 10.19 10.19 10.19 10.19 10.10 9.77 9.78 9.78 9.66 9.66 9.67 9.68 9.69 9.69 9.70
8.25 8.32 8.38 9.12 8.46 8.52 8.58 8.64 8.79 8.85 8.91 8.97 9.09 9.15 8.73 8.78 8.87 8.93 8.98 9.02 9.10 9.14 9.18 9.22 9.23 9.26 9.29 9.31 9.32 9.34 9.35 9.36 9.36 9.37 9.38 9.39 9.38 10.07 10.08 12.96 13.01 13.00 10.10 10.10 10.22 10.21 10.21 10.20 10.37 10.36 10.35 10.34 10.41 10.39 10.38 10.37 10.37 10.48 12.93 12.75 12.68 12.66 12.64 12.63 12.59 12.58 12.57 12.57 12.48 10.13 10.14 10.14 10.05 9.73 9.74 9.74 9.62 9.63 9.63 9.64 9.66 9.66 9.67
8.31 8.38 8.44 8.50 8.51 8.57 8.63 8.69 8.84 8.90 8.95 9.01 9.13 9.19 8.76 8.82 8.91 8.96 9.01 9.05 9.13 9.17 9.21 9.24 9.25 9.28 9.31 9.33 9.33 9.34 9.35 9.36 9.36 9.37 9.37 9.38 9.37 10.06 10.06 10.06 10.09 10.08 10.07 10.07 10.19 10.18 10.17 10.16 10.33 10.32 10.30 10.29 10.36 10.35 10.33 12.73 12.74 11.57 11.55 11.67 11.52 12.58 12.57 12.55 12.51 12.50 12.49 12.48 12.40 12.40 10.08 10.08 9.99 9.68 9.69 9.70 9.58 9.58 9.59 9.60 9.62 9.62 9.63
8.40 8.46 8.53 8.59 8.86 8.92 8.98 9.04 9.17 8.75 8.80 8.85 8.91 8.96 9.02 9.07 9.15 9.20 9.24 9.29 9.34 9.38 9.41 9.45 9.45 9.48 9.50 9.52 9.50 9.51 9.52 9.52 9.53 9.53 9.54 9.54 9.56 9.56 10.25 10.24 10.28 10.27 10.26 10.25 10.36 10.35 10.34 10.32 10.40 10.38 10.37 10.35 10.36 10.45 10.32 12.72 12.70 12.35 12.19 11.45 11.57 12.58 12.92 12.55 12.51 12.50 12.49 12.48 12.41 12.42 12.42 10.10 9.69 9.70 9.71 9.71 9.65 9.66 9.68 9.69 9.73 9.74 9.75
8.46 8.52 8.58 8.64 8.91 8.97 9.03 9.09 8.73 8.79 8.84 8.89 8.95 9.00 9.06 9.11 9.18 9.23 9.28 9.32 9.37 9.40 9.44 9.47 9.47 9.49 9.51 9.53 9.50 9.51 9.52 9.52 9.52 9.53 9.53 9.52 9.54 9.54 10.23 10.22 10.25 10.24 10.23 10.22 10.32 10.31 10.29 10.28 10.35 10.33 10.67 10.29 10.30 10.28 11.48 12.69 11.56 12.84 14.43 13.29 9.81 10.15 10.86 11.65 14.26 13.17 12.39 12.08 12.32 12.32 12.33 10.03 9.63 9.64 9.65 9.66 9.60 9.61 9.62 9.64 9.69 9.70 9.71
8.51 8.57 8.63 8.69 8.96 9.02 9.08 9.13 8.78 8.83 8.88 8.93 8.99 9.04 9.09 9.14 9.22 9.26 9.31 9.35 9.39 9.43 9.46 9.49 9.49 9.51 9.52 9.54 9.51 9.52 9.52 9.52 9.52 9.52 9.52 9.51 9.53 9.52 10.20 10.19 10.22 10.21 10.20 10.18 10.28 10.26 10.24 10.22 10.29 10.99 8.65 12.77 10.24 12.60 11.53 12.22 12.55 9.79 9.59 5.71 5.35 8.50 8.85 6.05 5.69 5.69 11.53 13.04 12.93 12.58 12.23 12.24 12.17 9.58 9.59 9.60 9.54 9.55 9.57 9.58 9.63 9.65 9.66
8.56 8.62 8.68 8.74 9.01 9.07 9.12 9.18 8.82 8.87 8.92 8.97 9.03 9.08 9.13 9.18 9.25 9.30 9.34 11.57 11.62 11.67 9.48 9.51 9.50 9.52 9.54 9.55 9.52 9.52 9.52 9.52 9.52 9.51 9.51 9.50 9.51 9.50 9.49 10.16 10.19 10.18 10.16 10.14 10.23 10.21 10.19 10.17 10.23 10.70 11.31 11.54 11.87 12.91 10.95 11.28 14.05 13.31 7.41 0.00 13.61 0.00 0.00 0.00 7.02 8.09 8.09 4.58 11.44 11.08 12.48 12.13 12.07 12.08 9.52 9.53 9.48 9.49 9.51 9.52 9.57 9.59 9.60
8.96 9.02 9.08 9.14 8.79 10.87 10.35 10.43 9.00 9.05 9.10 11.27 9.20 9.25 9.29 9.97 9.40 9.44 10.21 11.76 11.78 11.82 11.86 9.62 9.60 9.62 9.63 9.64 9.62 9.62 9.62 9.61 9.61 9.60 9.59 9.58 9.60 9.58 9.57 10.24 10.25 10.23 10.21 11.74 10.20 10.18 12.03 10.96 10.29 11.38 12.44 9.54 9.86 14.42 7.42 0.00 0.00 0.00 0.00 0.00 0.00 0.00 0.00 0.00 0.00 0.00 0.00 0.00 7.70 7.70 10.28 12.47 12.00 12.02 9.48 9.49 9.49 9.50 9.52 9.53 9.58 10.35 10.28
9.01 9.07 9.13 9.19 11.22 11.29 11.00 10.50 11.13 11.19 10.72 11.32 11.38 11.72 11.01 11.07 10.08 10.14 11.26 11.31 11.82 11.86 11.89 9.64 9.62 9.64 9.65 9.65 9.63 9.63 9.62 9.61 9.61 9.60 9.58 9.57 9.58 9.56 9.54 9.52 10.22 10.19 10.54 10.50 12.17 9.21 12.01 12.10 11.99 12.14 12.10 12.97 3.51 0.00 0.00 0.00 0.00 0.00 0.00 0.00 0.00 0.00 0.00 0.00 0.00 0.00 0.00 0.00 0.00 0.00 6.60 6.65 3.14 11.82 11.13 9.42 9.55 10.07 9.45 9.47 9.52 10.17 10.20
10.77 10.84 9.18 10.76 10.92 10.78 10.86 10.93 11.18 10.72 11.15 11.58 11.65 11.72 12.15 8.91 11.56 11.26 11.67 11.36 11.40 11.89 11.92 11.95 9.64 9.66 9.66 11.95 11.91 11.91 11.89 9.61 10.38 9.59 9.57 11.80 11.81 11.78 11.75 11.04 11.12 12.42 12.73 11.97 13.78 11.29 13.10 7.52 11.29 12.97 12.93 0.00 0.00 0.00 0.00 0.00 0.00 0.00 0.00 0.00 0.00 0.00 0.00 0.00 0.00 0.00 0.00 0.00 0.00 0.00 0.00 0.00 0.00 7.35 6.63 6.28 12.92 10.44 9.80 10.02 10.05 11.03 9.85
10.20 11.62 10.98 14.68 10.77 10.85 8.83 8.89 11.96 11.66 11.57 10.57 9.17 9.58 5.33 6.06 11.89 12.76 9.46 11.42 11.82 11.93 12.32 11.91 12.89 12.32 12.68 11.74 11.93 11.91 11.53 11.51 15.71 9.14 11.41 11.38 11.78 12.11 11.71 12.03 9.31 11.43 9.59 10.61 14.18 3.58 5.00 6.42 8.49 0.00 0.00 0.00 0.00 0.00 0.00 0.00 0.00 0.00 0.00 0.00 0.00 0.00 0.00 0.00 0.00 0.00 0.00 0.00 0.00 0.00 0.00 0.00 0.00 0.00 0.00 0.00 0.00 13.29 12.95 11.58 9.13 9.87 9.53
10.64 12.78 12.50 14.90 12.63 9.90 3.78 8.95 11.14 11.57 11.64 10.90 8.51 9.28 13.57 8.87 14.74 16.26 13.75 14.63 12.73 12.40 12.42 7.16 13.88 14.77 16.21 12.69 12.12 13.01 12.27 15.03 6.41 13.02 11.40 11.72 12.03 9.37 12.79 2.82 2.45 2.56 11.99 13.10 13.05 6.72 7.42 6.69 0.00 0.00 0.00 0.00 0.00 0.00 0.00 0.00 0.00 0.00 0.00 0.00 0.00 0.00 0.00 0.00 0.00 0.00 0.00 0.00 0.00 0.00 0.00 0.00 0.00 0.00 0.00 0.00 0.00 0.00 0.00 0.00 4.59 6.98 12.24
10.71 12.50 9.41 10.48 11.62 9.25 4.15 3.46 11.57 12.63 13.41 12.39 5.98 12.14 12.55 5.03 5.40 6.13 7.50 9.61 9.64 9.30 2.94 6.81 6.16 9.12 12.49 12.48 12.82 13.88 13.13 12.02 12.71 13.03 12.27 12.59 12.55 3.56 3.55 6.33 5.95 6.41 6.39 3.22 3.20 3.19 3.17 0.00 0.00 0.00 0.00 0.00 0.00 0.00 0.00 0.00 0.00 0.00 0.00 0.00 0.00 0.00 0.00 0.00 0.00 0.00 0.00 0.00 0.00 0.00 0.00 0.00 0.00 0.00 0.00 0.00 0.00 0.00 0.00 0.00 0.00 0.00 0.00
10.76 11.46 11.19 10.55 12.04 13.51 9.01 8.42 12.64 12.34 12.03 5.98 8.52 8.56 8.60 5.05 1.55 0.00 0.00 0.00 0.00 3.87 5.10 0.00 0.00 0.00 0.00 3.51 5.45 6.45 6.44 6.07 5.78 7.12 7.11 6.38 6.72 6.35 5.97 2.81 2.79 2.88 3.22 2.98 2.61 2.81 0.00 0.00 0.00 0.00 0.00 0.00 0.00 0.00 0.00 0.00 0.00 0.00 0.00 0.00 0.00 0.00 0.00 0.00 0.00 0.00 0.00 0.00 0.00 0.00 0.00 0.00 0.00 0.00 0.00 0.00 0.00 0.00 0.00 0.00 0.00 0.00 0.00
10.96 10.89 10.91 8.18 8.24 6.25 12.58 13.36 8.76 8.80 10.34 1.51 5.06 5.10 5.14 5.06 0.00 0.00 0.00 0.00 0.00 0.00 0.00 0.00 0.00 0.00 0.00 0.00 0.00 0.00 0.00 1.56 1.91 1.90 2.61 2.95 2.22 1.85 1.48 1.83 1.82 1.44 0.36 2.61 2.24 1.86 0.00 0.00 0.00 0.00 0.00 0.00 0.00 0.00 0.00 0.00 0.00 0.00 0.00 0.00 0.00 0.00 0.00 0.00 0.00 0.00 0.00 0.00 0.00 0.00 0.00 0.00 0.00 0.00 0.00 0.00 0.00 0.00 0.00 0.00 0.00 0.00 0.00
11.09 10.78 12.03 11.07 11.82 5.91 5.93 5.34 5.35 4.99 5.03 5.07 5.11 5.15 5.19 6.08 0.00 0.00 0.00 0.00 0.00 0.00 0.00 0.00 0.00 0.00 0.00 0.00 0.00 0.00 0.00 0.00 0.00 0.00 1.89 2.24 0.00 0.00 0.00 0.00 0.00 0.00 0.00 0.00 0.00 0.00 0.00 0.00 0.00 0.00 0.00 0.00 0.00 0.00 0.00 0.00 0.00 0.00 0.00 0.00 0.00 0.00 0.00 0.00 0.00 0.00 0.00 0.00 0.00 0.00 0.00 0.00 0.00 0.00 0.00 0.00 0.00 0.00 0.00 0.00 0.00 0.00 0.00
11.34 7.90 11.81 14.22 9.82 14.02 5.28 5.36 5.72 2.59 6.16 5.12 5.16 0.00 0.00 0.00 0.00 0.00 0.00 0.00 0.00 0.00 0.00 0.00 0.00 0.00 0.00 0.00 0.00 0.00 0.00 0.00 0.00 0.00 0.00 0.00 0.00 0.00 0.00 0.00 0.00 0.00 0.00 0.00 0.00 0.00 0.00 0.00 0.00 0.00 0.00 0.00 0.00 0.00 0.00 0.00 0.00 0.00 0.00 0.00 0.00 0.00 0.00 0.00 0.00 0.00 0.00 0.00 0.00 0.00 0.00 0.00 0.00 0.00 0.00 0.00 0.00 0.00 0.00 0.00 0.00 0.00 0.00
11.17 14.75 12.23 7.69 8.46 14.12 8.58 5.02 9.28 2.96 2.26 1.91 1.89 6.35 1.59 5.11 0.00 0.00 0.00 0.00 0.00 0.00 0.00 0.00 0.00 0.00 0.00 0.00 0.00 0.00 0.00 0.00 0.00 0.00 0.00 0.00 0.00 0.00 0.00 0.00 0.00 0.00 0.00 0.00 0.00 0.00 0.00 0.00 0.00 0.00 0.00 0.00 0.00 0.00 0.00 0.00 0.00 0.00 0.00 0.00 0.00 0.00 0.00 0.00 0.00 0.00 0.00 0.00 0.00 0.00 0.00 0.00 0.00 0.00 0.00 0.00 0.00 0.00 0.00 0.00 0.00 0.00 0.00
10.90 15.47 9.86 4.32 13.13 10.10 8.30 11.87 5.40 5.78 1.92 1.57 1.58 5.31 5.35 5.48 0.00 0.00 0.00 0.00 0.00 0.00 0.00 0.00 0.00 0.00 0.00 0.00 0.00 0.00 0.00 0.00 0.00 0.00 0.00 0.00 0.00 0.00 0.00 0.00 0.00 0.00 0.00 0.00 0.00 0.00 0.00 0.00 0.00 0.00 0.00 0.00 0.00 0.00 0.00 0.00 0.00 0.00 0.00 0.00 0.00 0.00 0.00 0.00 0.00 0.00 0.00 0.00 0.00 0.00 0.00 0.00 0.00 0.00 0.00 0.00 0.00 0.00 0.00 0.00 0.00 0.00 0.00
10.64 13.04 6.28 8.01 14.64 11.50 6.39 7.48 4.34 6.79 6.09 5.82 5.83 5.63 5.49 5.50 0.00 0.00 0.00 0.00 0.00 0.00 0.00 0.00 0.00 0.00 0.00 0.00 0.00 0.00 0.00 0.00 0.00 0.00 0.00 0.00 0.00 0.00 0.00 0.00 0.00 0.00 0.00 0.00 0.00 0.00 0.00 0.00 0.00 0.00 0.00 0.00 0.00 0.00 0.00 0.00 0.00 0.00 0.00 0.00 0.00 0.00 0.00 0.00 0.00 0.00 0.00 0.00 0.00 0.00 0.00 0.00 0.00 0.00 0.00 0.00 0.00 0.00 0.00 0.00 0.00 0.00 0.00
14.97 12.74 13.50 7.99 9.72 7.69 12.35 3.99 9.65 15.90 14.18 14.95 13.00 12.68 7.60 5.87 5.16 5.17 5.53 13.20 6.56 6.56 6.54 9.03 0.00 0.00 0.00 0.00 0.00 0.00 0.00 0.00 0.00 0.00 0.00 0.00 0.00 0.00 0.00 0.00 0.00 0.00 0.00 0.00 0.00 0.00 0.00 0.00 0.00 0.00 0.00 0.00 0.00 0.00 0.00 0.00 0.00 0.00 0.00 0.00 0.00 0.00 0.00 0.00 0.00 0.00 0.00 0.00 0.00 0.00 0.00 0.00 0.00 0.00 0.00 0.00 0.00 0.00 0.00 0.00 0.00 0.00 0.00
10.72 12.09 12.13 14.00 8.42 9.10 8.78 7.53 14.42 13.45 10.28 9.88 9.86 10.04 15.18 12.60 12.48 6.21 6.93 13.23 12.87 6.57 6.56 6.72 12.43 9.00 0.00 0.00 0.00 0.00 0.00 0.00 0.00 0.00 0.00 0.00 0.00 0.00 0.00 0.00 0.00 0.00 0.00 0.00 0.00 0.00 0.00 0.00 0.00 0.00 0.00 0.00 0.00 0.00 0.00 0.00 0.00 0.00 0.00 0.00 0.00 0.00 0.00 0.00 0.00 0.00 0.00 0.00 0.00 0.00 0.00 0.00 0.00 0.00 0.00 0.00 0.00 0.00 0.00 0.00 0.00 0.00 0.00
10.88 6.97 5.90 6.63 4.57 9.17 10.01 13.45 11.13 10.82 9.91 9.94 9.92 9.94 10.89 10.91 11.29 11.05 9.04 15.60 11.30 8.44 11.39 11.36 11.96 12.77 12.73 12.33 0.00 0.00 0.00 0.00 0.00 0.00 0.00 0.00 0.00 0.00 0.00 0.00 0.00 0.00 0.00 0.00 0.00 0.00 0.00 0.00 0.00 0.00 0.00 0.00 0.00 0.00 0.00 0.00 0.00 0.00 0.00 0.00 0.00 0.00 0.00 0.00 0.00 0.00 0.00 0.00 0.00 0.00 0.00 0.00 0.00 0.00 0.00 0.00 0.00 0.00 0.00 0.00 0.00 0.00 0.00
10.33 6.27 5.92 2.78 10.83 8.24 9.71 8.67 10.88 10.93 9.93 9.96 9.93 9.95 9.97 9.98 10.45 9.07 12.59 17.08 9.21 11.31 11.06 12.90 10.98 10.93 9.95 9.54 12.28 5.12 5.11 0.00 0.00 0.00 0.00 0.00 0.00 0.00 0.00 0.00 0.00 0.00 0.00 0.00 0.00 0.00 0.00 0.00 0.00 0.00 0.00 0.00 0.00 0.00 0.00 0.00 0.00 0.00 0.00 0.00 0.00 0.00 0.00 0.00 0.00 0.00 0.00 0.00 0.00 0.00 0.00 0.00 0.00 0.00 0.00 0.00 0.00 0.00 0.00 0.00 0.00 0.00 0.00
8.38 5.93 5.94 3.49 10.63 10.02 8.70 10.64 8.48 9.98 10.44 10.02 9.99 10.00 10.01 10.01 11.17 11.48 14.68 12.04 8.88 9.34 11.09 9.89 9.80 10.96 11.62 9.56 10.73 12.60 6.11 5.10 0.00 0.00 0.00 0.00 0.00 0.00 0.00 0.00 0.00 0.00 0.00 0.00 0.00 0.00 0.00 0.00 0.00 0.00 0.00 0.00 0.00 0.00 0.00 0.00 0.00 0.00 0.00 0.00 0.00 0.00 0.00 0.00 0.00 0.00 0.00 0.00 0.00 0.00 0.00 0.00 0.00 0.00 0.00 0.00 0.00 0.00 0.00 0.00 0.00 0.00 0.00
3.14 6.67 7.04 7.93 10.22 9.08 9.60 10.76 10.39 10.84 11.18 10.08 10.05 10.05 10.06 11.56 11.22 6.62 16.98 8.57 8.56 12.20 11.44 9.91 9.81 9.77 10.92 9.02 9.52 9.10 9.39 5.10 5.09 0.00 0.00 0.00 0.00 0.00 0.00 0.00 0.00 0.00 0.00 0.00 0.00 0.00 0.00 0.00 0.00 0.00 0.00 1.61 5.59 5.93 5.72 5.11 0.00 0.00 0.00 0.00 0.00 0.00 0.00 0.00 0.00 0.00 0.00 0.00 0.00 0.00 0.00 0.00 0.00 0.00 0.00 0.00 0.00 0.00 0.00 0.00 0.00 0.00 0.00
6.67 7.05 3.55 11.14 12.42 11.47 13.28 11.40 10.88 8.60 10.14 10.15 10.11 10.10 10.10 11.61 11.28 11.63 13.53 11.25 11.23 11.20 9.96 9.93 9.83 9.79 9.74 10.88 11.16 14.23 15.29 12.48 6.07 5.07 5.05 5.03 0.00 0.00 0.00 0.00 0.00 0.00 5.39 2.35 1.47 1.45 1.73 1.70 1.68 1.65 5.14 9.21 11.44 6.22 5.48 2.30 2.27 0.00 0.00 0.00 0.00 0.00 0.00 0.00 0.00 0.00 0.00 0.00 0.00 0.00 0.00 0.00 0.00 0.00 0.00 0.00 0.00 0.00 0.00 0.00 0.00 0.00 0.00
