New_Model_Runs/4_scn3_noclimate_out/post_prcessed_with_MFR/Monthly_summaries/net_infiltration_monthly_MAY.asc
NCOLS 700
NROWS 400
XLLCENTER 515000.000000
YLLCENTER 8409000.000000
CELLSIZE 50.000000
NODATA_value -999.000000
[rows 111 to 147 of 400, columns 415 to 497 of 700]
10.32 10.15 10.12 10.08 10.04 9.88 9.84 9.79 9.75 9.73 9.68 9.35 9.30 9.28 9.24 9.19 9.15 9.06 9.03 9.00 8.97 9.06 9.05 9.03 9.02 9.27 9.26 9.24 9.60 10.98 11.21 14.45 11.17 11.52 9.20 14.43 11.15 10.76 10.36 10.15 10.75 11.15 10.77 10.59 8.87 9.55 8.68 8.67 8.65 8.51 9.33 8.47 8.45 8.36 8.35 8.33 8.32 8.44 8.44 8.43 8.42 8.67 8.66 8.75 13.82 9.93 9.53 9.15 14.21 9.66 9.62 6.52 6.49 8.33 8.30 6.41 10.42 10.21 6.80 6.76 6.74 6.22 6.19
10.19 10.03 10.00 9.96 9.92 9.86 9.81 9.77 9.72 9.74 10.97 9.65 9.31 9.25 9.21 10.01 9.12 9.14 9.11 9.08 9.06 9.25 9.23 9.22 9.20 9.39 9.38 9.36 9.72 11.06 11.04 9.74 15.09 9.66 9.28 14.51 10.87 9.10 10.09 9.07 10.82 10.70 10.68 12.21 8.92 8.78 8.77 8.75 8.74 8.55 8.54 8.52 8.50 8.50 8.48 8.46 8.45 8.68 8.67 8.66 8.66 8.81 8.80 13.58 12.94 8.65 6.71 8.79 11.56 8.72 10.68 8.65 6.56 7.13 8.34 6.44 7.01 6.83 6.23 6.20 6.17 6.17 6.24
10.21 10.05 10.01 9.98 9.94 9.88 9.83 11.06 9.75 9.76 9.72 9.67 9.34 10.14 9.24 10.84 9.15 9.17 9.14 9.11 9.09 9.28 9.27 9.26 9.24 9.43 9.42 9.41 10.99 11.12 11.11 9.27 12.88 10.95 9.60 15.54 10.51 9.15 9.14 9.13 9.12 9.03 9.02 9.00 8.99 8.84 8.83 8.82 8.80 8.62 8.60 8.59 8.57 8.56 8.55 8.53 8.52 8.74 8.74 8.73 10.38 8.88 8.94 13.07 9.41 10.62 9.97 10.53 8.77 8.81 8.77 8.74 6.62 6.59 10.61 6.48 6.45 6.30 6.27 6.81 6.21 6.21 6.18
10.22 11.78 10.03 9.99 9.95 9.89 11.16 9.81 11.05 9.78 9.74 9.69 9.36 9.30 9.26 9.22 9.18 10.03 9.17 9.14 9.12 9.32 9.30 9.29 9.28 9.47 9.46 10.88 11.06 11.18 11.17 10.82 9.32 7.42 11.38 14.21 12.52 10.64 9.98 9.18 9.17 9.09 9.08 9.06 9.05 8.90 8.89 8.88 8.86 8.68 8.66 8.65 8.63 8.62 8.61 8.59 8.58 8.81 8.80 8.79 10.46 10.67 9.97 9.89 8.97 10.09 10.67 10.56 8.84 8.77 8.86 9.50 8.78 6.65 6.61 7.70 6.50 6.34 6.31 6.28 6.25 6.25 6.22
11.57 10.08 10.04 10.01 9.97 9.91 9.87 9.83 9.78 9.80 9.76 9.71 9.67 9.32 9.28 9.24 9.20 9.22 9.19 9.16 9.15 9.34 9.33 9.32 9.31 9.50 11.23 11.77 11.21 11.23 10.90 11.44 11.57 9.36 14.59 13.16 10.44 11.45 11.78 10.02 9.22 9.14 9.13 9.12 9.11 8.96 8.95 8.93 8.92 8.74 8.72 8.70 8.69 8.68 8.67 8.65 9.51 8.87 8.86 8.86 8.85 10.85 10.26 10.61 10.58 10.18 10.67 10.64 8.90 8.83 8.94 8.90 8.85 6.70 6.66 4.04 6.54 6.38 6.35 6.32 6.29 6.29 6.25
10.12 10.15 10.11 10.07 10.04 10.13 10.09 10.05 10.01 10.03 9.98 9.94 9.89 9.50 9.46 9.41 9.37 9.36 9.33 9.30 9.29 9.35 9.34 9.33 9.32 9.45 11.16 11.15 11.14 11.17 11.16 11.15 9.42 9.42 9.41 10.81 6.65 13.20 11.15 10.76 11.11 11.04 9.22 9.21 9.19 9.07 9.06 10.80 10.78 12.01 8.83 8.81 8.80 8.76 8.75 8.73 8.72 9.77 9.80 8.89 10.59 10.76 10.35 10.13 10.11 10.77 10.05 10.66 8.91 8.82 10.47 10.43 10.89 10.37 6.72 4.07 6.54 6.97 6.36 6.33 6.30 6.29 6.25
10.13 10.16 10.12 10.08 10.05 10.15 10.11 10.06 10.02 10.04 10.00 9.96 9.91 9.81 9.48 9.43 9.39 9.38 9.35 9.33 9.31 9.37 9.36 9.35 9.35 9.47 11.20 11.19 9.45 9.47 9.47 9.46 10.47 9.46 10.49 10.88 11.67 15.22 11.21 11.18 11.17 10.62 11.09 11.07 11.06 10.90 10.88 10.86 10.85 10.59 8.88 9.74 8.85 8.81 9.69 8.79 8.78 8.96 8.95 8.95 10.66 10.84 10.82 9.04 9.03 10.78 10.76 10.84 8.97 8.87 8.85 8.82 10.46 10.24 10.19 6.60 6.57 6.43 6.40 6.36 6.33 6.32 6.86
10.14 10.16 10.13 10.09 10.06 10.16 10.12 10.08 10.04 10.05 10.01 9.97 9.93 9.82 9.49 9.45 9.41 9.40 9.37 9.34 9.33 10.23 10.24 9.37 9.37 9.50 9.49 9.49 9.48 9.50 9.50 9.49 9.49 10.55 10.28 10.75 11.29 13.65 11.62 11.24 11.23 11.16 11.70 11.13 11.65 10.96 10.95 10.93 10.91 10.66 8.93 8.91 8.90 8.86 9.75 8.84 8.83 9.01 9.01 9.91 9.91 9.13 9.12 9.10 9.08 10.02 10.83 11.59 9.91 8.93 8.90 8.87 9.73 11.80 10.75 6.64 6.61 6.46 6.43 6.39 6.36 6.34 6.89
10.14 10.17 10.14 10.10 10.06 10.16 10.13 10.09 10.05 10.07 10.03 9.99 9.94 9.84 9.51 9.47 9.43 9.42 9.39 9.36 9.35 9.41 9.40 9.39 9.39 9.52 9.51 9.51 9.51 9.53 10.37 9.52 9.52 9.52 10.26 9.43 11.30 14.93 12.60 11.28 11.27 11.21 11.20 11.19 11.17 9.21 9.20 9.19 9.17 8.98 10.19 9.85 8.94 8.91 8.90 8.89 8.88 9.06 9.06 9.05 9.04 9.18 9.16 9.15 9.13 9.14 10.90 10.87 9.07 10.20 9.84 8.91 8.88 8.71 10.31 6.67 6.63 6.49 6.45 6.42 6.38 6.37 6.33
10.31 10.49 10.46 10.42 10.39 10.47 10.43 10.39 10.35 10.30 10.26 10.22 10.18 10.09 10.05 9.73 9.69 9.60 9.57 9.54 9.52 9.41 9.40 9.39 9.39 9.37 9.36 9.36 9.36 9.46 9.45 9.45 9.45 9.53 9.44 9.44 11.31 15.01 9.38 12.63 11.32 11.22 9.36 9.35 9.34 9.22 9.21 9.19 9.18 9.07 10.30 9.95 9.03 9.00 8.99 8.98 9.88 9.04 9.03 9.03 10.19 9.08 9.07 9.05 9.04 9.06 9.04 9.02 8.99 8.86 8.83 8.80 8.77 8.61 9.44 6.60 6.57 6.47 6.44 6.40 6.36 6.28 6.24
10.31 10.49 10.46 10.43 10.39 10.47 10.44 12.66 10.36 10.31 10.27 10.23 10.19 10.11 10.07 9.75 9.71 9.62 9.59 9.56 9.54 9.42 9.41 9.40 9.40 9.38 9.38 10.23 9.37 9.48 9.48 11.21 11.20 11.32 11.36 11.35 11.06 15.05 11.42 12.69 11.36 12.95 9.39 9.38 9.37 9.25 9.24 9.23 9.22 10.03 10.01 9.08 9.06 9.04 9.04 9.94 9.02 9.08 9.08 9.07 9.06 9.12 10.05 9.10 9.08 9.10 9.08 9.99 10.38 10.29 9.76 8.84 8.80 8.65 8.61 6.62 6.59 7.09 6.46 7.00 6.38 6.30 6.26
10.31 10.49 10.46 10.43 10.40 10.48 10.44 12.67 12.62 10.32 10.28 10.24 11.65 10.12 10.08 10.05 9.73 9.64 9.61 9.58 9.56 9.44 9.43 9.42 9.41 9.39 9.39 9.39 9.39 9.50 11.24 11.23 11.23 11.35 11.39 11.53 11.80 14.72 11.09 11.41 11.40 11.30 9.42 9.41 9.40 9.28 10.23 9.26 9.25 9.13 9.12 9.11 9.10 9.08 10.00 9.07 9.06 9.12 9.12 9.11 9.10 9.16 9.15 9.14 9.12 9.14 9.12 9.10 9.07 9.84 8.90 8.87 8.83 8.68 9.51 7.46 6.61 6.51 6.47 6.44 6.40 6.31 6.27
10.31 10.49 10.46 10.43 10.40 10.48 12.73 12.68 12.63 12.56 12.50 12.45 12.40 10.13 10.10 10.06 9.74 9.65 9.62 9.59 9.57 9.45 9.44 9.43 9.43 9.41 9.40 9.41 9.41 9.51 9.51 9.51 9.51 9.60 9.51 9.51 9.11 14.76 11.12 11.44 10.94 11.33 9.44 9.44 9.43 9.31 9.30 9.29 9.28 9.17 9.15 9.14 9.14 9.12 9.11 10.04 9.10 9.16 9.15 9.15 10.29 9.20 9.19 9.17 9.15 9.18 9.16 9.13 9.96 8.97 8.93 8.90 8.86 8.71 10.91 6.66 7.21 6.52 6.49 6.45 6.41 6.33 6.28
10.48 10.59 10.56 10.53 10.50 10.55 12.83 11.92 12.73 12.71 12.66 12.61 12.93 12.63 11.06 11.01 10.18 9.82 11.63 11.59 9.74 9.62 9.60 9.59 11.35 9.41 9.41 10.30 9.41 9.41 9.41 9.41 9.41 9.53 9.45 9.45 10.45 12.32 11.15 13.22 10.97 11.32 11.32 9.43 9.43 9.36 9.35 9.34 9.33 9.27 9.26 9.25 9.24 9.17 9.17 9.16 9.15 9.12 9.11 9.10 10.02 9.12 9.10 9.09 9.07 9.03 9.91 8.98 8.95 8.82 8.78 8.74 8.71 8.62 8.57 6.59 6.55 6.51 6.47 6.43 6.39 6.35 6.30
10.47 10.58 10.55 10.52 10.49 10.68 12.19 12.78 12.88 12.72 11.98 12.30 13.44 10.41 10.37 10.33 11.29 11.69 11.65 11.61 11.58 11.73 11.39 11.38 11.27 11.53 9.42 9.42 9.42 9.42 9.42 9.42 9.42 9.55 9.46 9.46 9.46 10.47 12.33 11.18 11.17 11.35 11.35 9.45 9.45 9.38 9.37 9.36 9.35 9.29 10.24 9.28 9.27 9.20 9.20 9.19 9.19 9.15 9.14 9.13 9.12 9.14 9.13 9.11 10.91 9.05 9.94 9.00 8.97 8.84 8.80 8.76 8.72 8.63 10.84 6.60 6.56 6.52 6.48 6.44 6.40 6.35 6.31
10.46 10.57 10.55 11.61 11.57 12.02 11.97 12.14 12.46 10.21 9.80 12.63 12.58 10.42 11.12 13.97 14.31 15.66 15.25 13.04 13.02 12.99 15.41 9.34 11.28 11.15 11.14 9.43 9.43 9.42 9.43 9.43 9.43 9.56 9.47 9.47 9.47 10.50 13.51 10.48 11.19 11.37 11.37 11.36 9.46 9.40 9.39 9.38 10.32 9.32 9.31 9.30 9.30 9.23 9.22 9.22 9.21 9.18 9.17 9.16 9.15 9.17 9.16 9.14 10.06 10.01 9.97 9.02 8.99 8.86 8.82 8.78 8.74 8.65 8.60 6.60 6.57 6.52 6.48 6.44 6.40 6.35 6.31
10.45 12.89 12.85 11.60 11.53 12.02 12.56 12.88 12.83 12.06 12.03 13.06 9.73 3.28 10.39 7.25 16.08 10.29 11.64 11.61 11.62 11.82 11.80 11.41 11.30 11.98 11.15 12.86 9.43 9.43 9.43 9.44 9.44 9.56 10.27 9.48 9.48 9.53 9.53 9.53 11.92 11.21 11.96 11.38 11.37 9.41 9.40 9.40 9.39 9.34 9.33 9.33 9.32 9.25 9.25 9.25 9.24 10.13 10.12 9.18 9.17 9.19 9.18 9.16 9.14 9.09 9.96 9.04 9.01 8.87 8.83 8.79 8.75 8.66 8.61 6.61 6.57 6.52 6.48 6.44 6.40 6.35 6.31
11.69 12.91 12.13 13.58 12.42 13.22 11.05 11.02 10.62 11.69 5.16 12.36 11.22 3.28 11.81 10.37 13.96 12.05 11.66 11.71 11.68 11.54 11.52 11.99 11.31 11.30 11.60 10.81 9.49 9.35 9.36 9.81 9.36 9.42 9.34 9.34 9.34 9.49 9.49 11.39 11.93 11.43 11.43 12.00 11.42 13.05 10.45 9.47 10.70 11.26 11.26 11.26 9.39 9.29 9.28 9.28 9.27 9.17 10.10 9.15 9.14 9.09 9.07 9.05 9.03 9.00 8.98 8.95 8.91 8.93 8.89 8.85 8.80 8.75 8.70 6.67 6.63 6.59 6.55 6.50 6.46 6.46 6.42
11.63 12.89 10.79 11.13 11.11 12.19 8.83 7.71 8.07 14.95 8.79 14.88 14.11 14.07 15.82 14.01 13.60 9.95 11.66 11.72 12.27 11.56 11.53 11.35 11.51 11.90 11.61 9.50 9.50 9.36 9.81 9.81 9.81 9.34 9.34 9.35 9.35 9.50 9.50 11.40 11.40 11.23 11.05 11.44 11.43 13.92 11.39 11.38 11.38 11.29 11.28 12.30 12.92 11.15 10.26 9.30 9.29 9.19 9.18 9.17 9.15 9.10 9.08 9.06 9.04 9.01 9.89 8.96 8.92 8.93 8.89 8.85 8.81 8.75 8.70 6.67 6.63 6.58 6.54 6.50 6.45 6.45 6.41
10.49 14.35 4.86 12.23 5.59 16.54 5.20 11.75 4.81 6.28 5.53 11.62 7.66 10.45 13.31 10.01 9.98 12.08 11.67 11.74 13.50 13.38 14.46 11.55 11.51 11.67 9.51 9.51 10.37 9.81 9.81 9.81 9.82 9.60 9.34 10.31 9.35 9.50 9.50 11.41 13.12 11.45 11.45 10.53 9.53 13.13 11.40 11.40 11.40 11.31 9.43 10.40 13.00 11.17 9.32 10.51 9.31 9.20 9.19 9.18 9.16 9.11 9.09 10.00 9.05 9.02 8.99 8.96 8.92 8.93 8.89 8.85 8.80 8.75 8.70 6.66 6.62 6.57 6.53 6.49 6.44 6.44 6.39
4.13 14.78 0.00 8.11 9.21 9.20 9.04 8.66 7.53 12.42 12.02 3.67 4.01 11.11 10.79 12.16 12.46 11.72 12.35 11.08 11.64 11.59 9.75 10.60 9.72 9.53 9.52 9.52 9.51 10.96 9.82 9.82 9.82 9.60 9.35 9.35 9.35 9.50 9.50 9.50 11.42 11.46 9.54 9.54 9.54 11.42 11.42 11.42 11.42 9.44 9.44 9.44 9.44 9.34 9.33 9.33 9.32 9.21 9.20 9.19 9.17 9.12 9.10 9.08 9.05 9.02 8.99 8.96 8.92 8.93 8.89 8.84 8.80 9.93 8.69 6.65 6.61 6.56 6.52 6.47 6.43 6.43 6.38
10.90 0.00 0.00 0.00 10.84 7.79 9.40 5.63 8.26 7.13 3.68 10.50 10.10 12.06 10.41 11.79 12.43 12.34 12.31 11.66 11.47 10.59 9.69 9.67 9.66 9.46 9.45 9.44 10.17 9.82 9.82 9.82 9.82 9.60 9.25 9.25 9.25 9.41 9.41 11.30 11.30 9.43 9.43 9.43 9.43 11.33 9.44 9.44 9.44 9.39 9.39 9.39 9.38 9.30 9.30 9.29 9.28 10.36 9.17 9.16 9.14 9.11 9.09 9.06 9.04 9.10 9.07 9.03 8.99 9.02 8.98 8.93 8.89 6.95 8.77 6.71 6.66 6.61 6.57 6.52 6.47 6.45 6.40
0.00 0.00 0.00 0.00 0.00 6.81 7.04 4.15 7.88 7.12 10.14 9.75 10.46 4.02 13.24 12.47 13.13 11.73 12.72 12.29 10.72 9.72 9.70 9.68 9.67 9.47 10.32 9.45 9.45 11.37 10.97 9.83 9.83 9.61 9.25 9.26 9.26 9.42 11.30 11.31 9.43 9.44 9.44 9.44 9.44 9.45 10.44 9.45 9.45 9.40 9.40 9.40 9.39 9.31 9.31 9.30 9.29 9.19 9.18 9.16 9.15 9.11 9.09 9.06 9.04 9.09 9.06 9.02 8.98 9.01 8.97 8.92 8.87 8.81 8.75 6.69 6.65 6.59 6.55 6.50 6.45 6.43 6.38
0.00 0.00 0.00 0.00 0.00 0.00 0.00 11.50 8.60 4.42 4.04 11.22 11.56 10.43 12.86 10.26 10.24 11.54 12.33 10.15 10.13 9.72 9.71 9.69 9.68 9.48 9.47 9.46 9.46 9.84 9.84 9.83 9.83 9.61 9.61 9.26 9.27 10.58 9.43 9.43 9.43 9.44 9.44 9.45 9.45 9.46 9.46 9.46 9.46 9.41 9.41 10.38 9.40 9.32 9.31 10.25 9.29 9.19 9.17 9.16 9.14 9.10 9.08 9.05 9.02 9.08 9.05 9.01 8.97 8.99 8.95 8.90 8.85 8.78 8.73 6.67 6.63 6.57 6.52 6.47 6.42 6.41 6.35
0.00 0.00 0.00 0.00 0.00 0.00 0.00 0.00 7.83 4.13 8.93 8.12 10.81 13.69 10.28 10.26 10.24 10.18 10.17 10.15 10.14 9.73 9.71 9.70 9.69 9.49 9.48 9.86 9.85 10.99 9.84 9.84 9.84 9.60 9.60 9.27 9.27 10.09 9.43 9.44 9.62 9.62 9.62 9.45 9.45 9.47 9.47 10.45 9.47 9.41 10.37 9.41 9.40 9.32 10.78 10.25 9.28 9.19 9.17 9.15 9.13 9.09 9.07 9.04 9.01 9.07 9.03 8.99 8.95 8.97 8.92 8.87 8.82 8.76 8.70 6.65 6.60 6.55 6.50 6.45 6.40 6.38 6.32
0.00 0.00 0.00 0.00 0.00 0.00 0.00 0.00 0.00 4.12 7.38 12.53 10.65 10.18 10.17 10.15 10.13 10.04 10.03 10.01 10.00 9.56 9.55 9.54 9.53 9.33 9.87 9.86 9.85 11.00 9.85 9.84 9.84 9.61 9.61 9.61 9.61 9.61 9.61 9.61 9.61 9.62 9.39 10.01 9.39 9.43 9.43 9.43 9.43 9.36 9.36 9.35 9.35 9.30 9.29 9.28 9.27 9.19 9.18 9.16 9.13 9.11 9.08 9.05 9.02 9.05 9.01 8.97 8.92 8.92 8.87 8.82 8.76 8.74 8.68 6.63 6.59 6.58 6.53 6.48 6.42 6.36 6.31
0.00 0.00 0.00 0.00 0.00 0.00 0.00 0.00 0.00 6.63 6.63 10.28 10.61 11.52 10.16 10.14 11.47 11.37 10.02 10.01 10.00 9.85 9.55 9.54 10.27 9.34 9.33 9.86 9.86 9.85 9.85 9.84 9.84 9.61 9.61 10.79 10.09 9.61 9.61 9.61 9.61 9.61 9.61 9.61 9.39 9.43 9.43 9.43 9.43 9.36 9.36 9.35 9.34 9.30 9.29 9.27 9.26 9.18 9.16 9.14 9.12 9.09 9.07 9.03 9.00 9.03 8.98 8.94 8.90 8.89 8.84 8.79 8.73 8.71 8.65 6.61 6.56 7.63 7.12 6.44 6.39 6.33 6.27
0.00 0.00 0.00 0.00 0.00 0.00 0.00 0.00 0.00 10.29 7.02 11.61 10.23 11.51 10.15 10.13 10.12 10.03 11.34 10.01 10.00 9.85 9.55 9.54 9.89 9.88 9.87 9.86 9.85 9.85 9.85 9.84 9.84 9.60 9.60 9.60 9.60 9.60 9.60 9.60 9.60 9.60 9.60 9.60 9.39 9.43 9.43 9.43 9.43 9.35 9.35 9.34 9.33 10.26 9.27 10.21 10.42 9.17 9.15 9.12 10.02 9.07 9.04 9.01 8.97 9.00 8.96 8.91 8.86 8.86 8.80 8.75 8.69 8.67 8.61 6.57 6.53 7.12 7.29 6.41 6.35 6.29 6.23
0.00 0.00 0.00 0.00 0.00 0.00 0.00 0.00 0.00 0.00 5.60 10.23 10.21 10.14 10.13 10.12 10.11 10.02 10.01 10.00 9.99 9.97 9.95 9.89 9.88 9.87 9.86 9.85 9.85 9.84 9.84 9.84 9.83 9.60 9.60 9.83 9.59 9.59 9.59 9.59 9.59 9.38 9.39 9.39 9.38 10.40 9.43 9.42 9.42 10.31 9.34 9.33 9.32 9.27 9.26 9.24 9.22 11.06 10.28 10.25 9.08 9.04 9.01 8.98 8.94 9.87 8.92 8.88 8.83 8.82 9.66 8.71 8.65 8.62 8.56 6.54 6.49 6.48 6.42 6.97 6.32 6.25 6.19
0.00 0.00 0.00 0.00 0.00 0.00 0.00 0.00 0.00 0.00 11.25 10.13 10.12 10.04 10.03 10.02 10.01 9.88 9.87 9.87 9.86 9.62 9.61 9.32 9.87 9.86 9.85 9.85 9.84 9.84 9.83 9.83 9.59 9.59 11.96 11.59 9.58 9.58 9.58 9.58 9.37 9.42 9.42 10.63 10.39 9.39 9.38 9.38 9.37 9.32 9.31 9.30 9.29 10.21 9.24 9.22 9.20 9.13 9.11 9.08 9.06 9.05 9.02 8.98 8.95 8.89 8.85 8.80 8.75 9.60 8.65 8.59 8.53 8.56 8.50 6.49 6.44 6.48 6.43 6.37 6.90 6.24 6.18
0.00 0.00 0.00 0.00 0.00 0.00 0.00 0.00 0.00 6.34 10.86 10.11 11.42 10.02 10.98 10.00 9.99 9.87 9.86 9.85 9.84 9.61 9.60 9.31 9.30 9.24 9.84 9.83 9.23 9.35 9.82 9.81 9.58 9.57 9.57 9.57 9.57 9.57 9.56 9.36 9.36 9.41 9.41 9.40 9.40 9.37 9.37 10.33 9.36 9.30 9.29 9.28 9.27 9.23 9.21 9.20 9.17 9.10 9.08 9.05 9.02 9.02 8.99 8.95 8.91 8.85 8.81 8.76 8.71 8.65 8.60 8.54 8.48 9.34 8.44 6.45 6.40 6.44 6.38 6.33 6.27 6.19 6.13
0.00 0.00 0.00 0.00 0.00 0.00 0.00 0.00 2.98 7.34 11.21 10.08 10.07 10.96 11.40 12.08 12.07 11.89 11.88 11.87 9.83 9.60 9.59 9.59 9.29 9.24 9.23 9.23 9.22 9.35 9.34 9.80 9.56 9.56 9.55 9.55 9.55 9.55 9.54 9.54 9.35 9.40 9.39 9.39 9.39 9.36 9.36 9.35 9.34 9.28 9.27 10.21 9.24 9.21 9.19 9.17 9.15 9.07 9.05 9.02 8.99 8.98 8.95 8.91 8.87 8.81 8.76 8.71 8.66 8.60 8.55 8.49 8.43 9.28 8.39 6.41 6.35 6.39 6.34 6.28 8.20 6.15 6.09
0.00 0.00 0.00 0.00 0.00 0.00 0.00 0.00 6.59 13.32 11.40 10.06 10.93 11.37 11.36 11.34 12.31 11.86 11.85 11.85 11.84 9.58 9.58 9.57 9.28 9.22 9.22 9.21 9.21 9.33 9.33 9.33 9.54 9.53 9.53 9.53 9.52 9.52 9.52 9.51 9.51 9.38 9.37 9.37 9.37 9.34 9.33 9.32 9.32 9.26 9.24 9.23 9.21 10.13 9.15 9.13 9.11 9.03 9.92 8.98 8.95 8.94 8.90 8.86 8.82 8.76 8.71 8.66 8.60 8.55 8.49 8.43 8.37 8.40 8.33 6.36 6.31 6.34 6.29 6.23 8.14 8.02 6.04
0.00 0.00 0.00 0.00 0.00 0.00 0.00 0.00 7.13 11.70 10.20 12.37 12.32 11.93 11.55 12.01 12.00 11.72 11.71 11.71 9.71 9.49 9.48 9.48 9.48 9.33 9.33 9.33 9.32 9.50 9.50 9.50 9.41 9.46 9.46 9.50 9.50 9.49 9.49 9.48 9.47 9.40 9.39 9.39 9.38 9.27 9.26 9.25 9.24 9.20 9.18 9.17 9.15 9.12 9.10 9.08 9.05 9.02 8.99 8.96 8.93 8.98 8.94 8.90 8.86 8.77 8.72 8.67 8.62 8.49 8.44 8.38 8.31 8.32 8.25 6.30 6.25 6.28 6.23 6.17 5.27 11.00 5.86
0.00 0.00 0.00 0.00 0.00 0.00 0.00 6.21 5.06 4.68 5.42 11.63 10.50 11.65 12.27 14.15 11.97 11.69 13.77 10.96 9.69 9.46 9.46 9.46 9.45 9.31 9.31 9.31 9.30 9.48 9.48 9.48 9.39 9.44 9.44 9.44 9.46 9.44 9.45 9.43 9.45 9.37 9.37 9.36 9.35 9.24 9.23 9.22 9.21 9.17 9.15 9.13 9.11 9.08 9.06 9.03 9.01 8.98 8.95 8.91 8.88 8.93 8.89 8.85 8.80 8.72 8.67 8.61 8.56 8.43 8.37 8.31 8.25 8.25 8.18 6.25 6.20 6.23 6.75 6.12 8.34 8.29 11.18
0.00 0.00 0.00 0.00 0.00 0.00 0.00 12.31 6.52 6.15 13.07 11.58 9.34 11.96 11.95 11.94 9.87 11.65 11.65 9.67 9.66 9.44 9.44 9.43 9.43 9.29 9.28 9.28 9.28 9.46 9.46 9.45 9.36 9.42 9.42 9.41 9.41 9.41 9.41 9.41 9.41 9.34 9.34 9.33 9.32 9.21 9.20 9.19 9.18 9.13 9.11 9.10 9.07 9.04 9.02 8.99 8.96 8.93 8.90 8.86 8.83 8.88 8.84 8.79 8.74 8.66 8.60 8.55 8.49 8.37 8.31 8.25 8.18 8.18 8.11 6.20 6.15 6.18 6.12 6.06 6.10 6.05 5.99
0.00 0.00 0.00 0.00 0.00 0.00 0.00 8.04 9.75 5.76 13.29 12.79 11.99 11.17 11.91 9.85 9.84 9.65 9.64 9.64 9.64 9.41 9.41 9.41 9.41 9.55 9.26 9.26 9.25 9.43 9.43 9.43 9.34 9.39 9.39 9.39 9.38 9.39 9.38 9.38 9.36 9.31 9.30 9.30 9.29 9.17 9.16 9.15 9.14 9.09 9.07 9.05 9.03 9.00 8.97 8.94 8.91 8.88 8.84 8.81 8.77 8.82 8.78 10.42 8.68 8.59 8.54 8.48 8.43 8.30 8.24 8.18 8.11 8.12 8.04 6.15 6.65 6.61 6.55 6.11 6.05 5.99 5.93
