New_Model_Runs/4_scn3_noclimate_out/post_prcessed_with_MFR/Monthly_summaries/net_infiltration_monthly_JUL.asc
NCOLS 700
NROWS 400
XLLCENTER 515000.000000
YLLCENTER 8409000.000000
CELLSIZE 50.000000
NODATA_value -999.000000
[rows 74 to 110 of 400, columns 420 to 503 of 700]
0.00 0.00 0.00 0.00 0.00 0.00 0.00 0.00 0.00 0.00 0.00 0.00 0.00 0.00 0.00 0.00 0.00 0.00 0.00 0.00 0.00 0.00 0.00 0.00 0.00 0.00 0.00 0.00 0.00 0.00 0.00 0.00 0.00 0.00 0.00 0.00 0.00 0.00 0.00 0.00 0.00 0.00 0.00 0.00 0.00 0.00 0.00 0.00 0.00 0.00 0.00 0.00 0.00 0.00 0.00 0.00 0.00 0.00 0.00 0.00 0.00 0.00 0.00 0.00 0.00 0.00 0.00 0.00 0.00 0.00 0.00 0.00 0.00 0.00 0.00 0.00 0.00 0.00 0.00 0.00 0.00 0.00 0.00 0.00
0.00 0.00 0.00 0.00 0.00 0.00 0.00 0.00 0.00 0.00 0.00 0.00 0.00 0.00 0.00 0.00 0.00 0.00 0.00 0.00 0.00 0.00 0.00 0.00 0.00 0.00 0.00 0.00 0.00 0.00 0.00 0.00 0.00 0.00 0.00 0.00 0.00 0.00 0.00 0.00 0.00 0.00 0.00 0.00 0.00 0.00 0.00 0.00 0.00 0.00 0.00 0.00 0.00 0.00 0.00 0.00 0.00 0.00 0.00 0.00 0.00 0.00 0.00 0.00 0.00 0.00 0.00 0.00 0.00 0.00 0.00 0.00 0.00 0.00 0.00 0.00 0.00 0.00 0.00 0.00 0.00 0.00 0.00 0.00
0.00 0.00 0.00 0.00 0.00 0.00 0.00 0.00 0.00 0.00 0.00 0.00 0.00 0.00 0.00 0.00 0.00 0.00 0.00 0.00 0.00 0.00 0.00 0.00 0.00 0.00 0.00 0.00 0.00 0.00 0.00 0.00 0.00 0.00 0.00 0.00 0.00 0.00 0.00 0.00 0.00 0.00 0.00 0.00 0.00 0.00 0.00 0.00 0.00 0.00 0.00 0.00 0.00 0.00 0.00 0.00 0.00 0.00 0.00 0.00 0.00 0.00 0.00 0.00 0.00 0.00 0.00 0.00 0.00 0.00 0.00 0.00 0.00 0.00 0.00 0.00 0.00 0.00 0.00 0.00 0.00 0.00 0.00 0.00
0.00 0.00 0.00 0.00 0.00 0.00 0.00 0.00 0.00 0.00 0.00 0.00 0.00 0.00 0.00 0.00 0.00 0.00 0.00 0.00 0.00 0.00 0.00 0.00 0.00 0.00 0.00 0.00 0.00 0.00 0.00 0.00 0.00 0.00 0.00 0.00 0.00 0.00 0.00 0.00 0.00 0.00 0.00 0.00 0.00 0.00 0.00 0.00 0.00 0.00 0.00 0.00 0.00 0.00 0.00 0.00 0.00 0.00 0.00 0.00 0.00 0.00 0.00 0.00 0.00 0.00 0.00 0.00 0.00 0.00 0.00 0.00 0.00 0.00 0.00 0.00 0.00 0.00 0.00 0.00 0.00 0.00 0.00 0.00
0.00 0.00 0.00 0.00 0.00 0.00 0.00 0.00 0.00 0.00 0.00 2.24 0.00 0.00 0.00 0.00 0.00 0.00 0.00 0.00 0.00 0.00 0.00 0.00 0.00 0.00 0.00 0.00 0.00 0.00 0.00 0.00 0.00 0.00 0.00 0.00 0.00 0.00 0.00 0.00 0.00 0.00 0.00 0.00 0.00 0.00 0.00 0.00 0.00 0.00 0.00 0.00 0.00 0.00 0.00 0.00 0.00 0.00 0.00 0.00 0.00 0.00 0.00 0.00 0.00 0.00 0.00 0.00 0.00 0.00 0.00 0.00 0.00 0.00 0.00 0.00 0.00 0.00 0.00 0.00 0.00 0.00 0.00 0.00
0.00 0.00 0.00 0.00 0.00 0.00 0.00 0.00 0.00 0.00 0.00 3.50 0.00 0.00 0.00 0.00 0.00 0.00 0.00 0.00 0.00 0.00 0.00 0.00 0.00 0.00 0.00 0.00 0.00 0.00 0.00 0.00 0.00 0.00 0.00 0.00 0.00 0.00 0.00 0.00 0.00 0.00 0.00 0.00 0.00 0.00 0.00 0.00 0.00 0.00 0.00 0.00 0.00 0.00 0.00 0.00 0.00 0.00 0.00 0.00 0.00 0.00 0.00 0.00 0.00 0.00 0.00 0.00 0.00 0.00 0.00 0.00 0.00 0.00 0.00 0.00 0.00 0.00 0.00 0.00 0.00 0.00 0.00 0.00
0.00 0.00 0.00 0.00 0.00 0.00 0.00 0.00 0.00 0.00 2.36 3.73 0.00 0.00 0.00 0.00 0.00 0.00 0.00 0.00 0.00 0.00 0.00 0.00 0.00 0.00 0.00 0.00 0.00 0.00 0.00 0.00 0.00 0.00 0.00 0.00 0.00 0.00 0.00 0.00 0.00 0.00 0.00 0.00 0.00 0.00 0.00 0.00 0.00 0.00 0.00 0.00 0.00 0.00 0.00 0.00 0.00 0.00 0.00 0.00 0.00 0.00 0.00 0.00 0.00 0.00 0.00 0.00 0.00 0.00 0.00 0.00 0.00 0.00 0.00 0.00 0.00 0.00 0.00 0.00 0.00 0.00 0.00 0.00
0.00 0.00 0.00 0.00 0.00 0.00 0.00 0.00 0.00 2.44 3.86 3.82 2.37 0.00 0.00 0.00 0.00 0.00 0.00 0.00 0.00 0.00 0.00 0.00 0.00 0.00 0.00 0.00 0.00 0.00 0.00 0.00 0.00 0.00 0.00 0.00 0.00 0.00 0.00 0.00 0.00 0.00 0.00 0.00 0.00 0.00 0.00 0.00 0.00 0.00 0.00 0.00 0.00 0.00 0.00 0.00 0.00 0.00 0.00 0.00 0.00 0.00 0.00 0.00 0.00 0.00 0.00 0.00 0.00 0.00 0.00 0.00 0.00 0.00 0.00 0.00 0.00 0.00 0.00 0.00 0.00 0.00 0.00 0.00
4.38 4.36 0.00 0.00 0.00 0.00 0.00 4.14 4.04 4.49 3.96 3.93 3.87 0.00 0.00 0.00 0.00 0.00 0.00 0.00 0.00 0.00 0.00 0.00 0.00 0.00 0.00 0.00 0.00 0.00 0.00 0.00 0.00 0.00 0.00 0.00 0.00 0.00 0.00 0.00 0.00 0.00 0.00 0.00 0.00 0.00 0.00 0.00 0.00 0.00 0.00 0.00 0.00 0.00 0.00 0.00 2.00 0.00 0.00 0.00 0.00 0.00 0.00 0.00 0.00 0.00 0.00 0.00 0.00 0.00 0.00 0.00 0.00 0.00 0.00 0.00 0.00 0.00 0.00 0.00 0.00 0.00 0.00 0.00
4.50 4.47 4.44 0.00 0.00 0.00 4.82 4.77 4.15 4.62 4.07 4.03 2.50 0.00 0.00 0.00 0.00 0.00 0.00 0.00 0.00 0.00 0.00 0.00 0.00 0.00 0.00 0.00 0.00 0.00 0.00 0.00 0.00 0.00 0.00 0.00 0.00 0.00 0.00 0.00 0.00 0.00 0.00 0.00 0.00 0.00 0.00 0.00 0.00 0.00 0.00 0.00 0.00 0.00 0.00 0.00 3.93 0.00 0.00 0.00 0.00 0.00 0.00 0.00 0.00 0.00 0.00 0.00 0.00 2.90 1.33 0.00 0.00 0.00 0.00 0.00 0.00 0.00 0.00 0.00 0.00 0.00 0.00 0.00
5.18 4.55 4.52 4.49 4.39 4.36 4.33 4.30 4.24 4.20 4.16 4.12 2.57 0.00 0.00 0.00 0.00 0.00 0.00 0.00 0.00 0.00 0.00 0.00 0.00 0.00 0.00 0.00 0.00 0.00 0.00 0.00 0.00 0.00 0.00 0.00 0.00 0.00 0.00 0.00 0.00 0.00 0.00 0.00 0.00 0.00 0.00 0.00 0.00 0.00 0.00 0.00 0.00 0.00 0.00 0.00 4.00 4.00 0.00 0.00 0.00 0.00 0.00 0.00 0.00 0.00 0.00 0.00 4.08 3.92 3.78 0.00 0.00 0.00 0.00 0.00 0.00 0.00 0.00 0.00 0.00 0.00 0.00 0.00
4.69 4.66 4.63 4.59 4.50 4.47 4.43 4.40 4.34 4.31 4.27 4.23 2.63 0.00 0.00 0.00 0.00 0.00 0.00 0.00 0.00 0.00 0.00 0.00 0.00 0.00 0.00 2.30 2.28 2.26 0.00 0.00 0.00 0.00 0.00 0.00 0.00 0.00 0.00 0.00 0.00 0.00 0.00 0.00 0.00 0.00 0.00 0.00 0.00 0.00 0.00 0.00 0.00 0.00 0.00 0.00 4.04 4.04 0.00 0.00 0.00 0.00 0.00 0.00 0.00 0.00 0.00 2.13 4.30 3.96 3.82 1.42 0.00 0.00 0.00 0.00 0.00 0.00 0.00 0.00 0.00 0.00 0.00 0.00
4.79 5.39 4.73 4.70 5.18 4.56 4.53 4.50 4.44 4.40 4.36 4.33 4.38 0.00 0.00 0.00 0.00 0.00 0.00 0.00 0.00 0.00 0.00 0.00 0.00 0.00 0.00 3.81 3.77 3.74 0.00 0.00 0.00 0.00 0.00 0.00 0.00 0.00 0.00 0.00 0.00 0.00 0.00 0.00 0.00 2.48 2.08 0.00 0.00 0.00 0.00 0.00 0.00 0.00 0.00 0.00 4.09 4.10 3.00 0.00 0.00 0.00 0.00 0.00 0.00 0.00 0.00 4.06 4.01 4.01 3.86 3.86 1.47 0.00 0.00 0.00 0.00 0.00 0.00 0.00 0.00 3.82 3.79 0.00
4.90 4.86 5.45 4.80 4.70 4.66 4.63 4.59 4.53 4.50 4.46 4.42 4.48 0.00 0.00 0.00 0.00 0.00 0.00 0.00 0.00 0.00 0.00 0.00 0.00 0.00 4.83 3.91 3.87 3.83 0.00 0.00 0.00 0.00 0.00 0.00 0.00 0.00 0.00 0.00 0.00 0.00 0.00 0.00 0.00 2.13 2.13 2.13 0.00 0.00 0.00 0.00 0.00 0.00 0.00 0.00 3.04 4.15 4.15 4.15 4.10 0.00 0.00 4.11 4.11 4.11 0.00 4.28 4.06 4.06 3.91 3.91 3.91 0.00 0.00 0.00 0.00 0.00 0.00 0.00 3.87 3.86 3.84 3.81
4.97 5.59 5.55 4.86 4.78 4.75 4.71 4.67 4.72 4.68 4.64 4.60 4.67 0.00 0.00 0.00 0.00 0.00 0.00 0.00 0.00 0.00 0.00 0.00 0.00 2.52 4.04 4.01 3.98 0.00 0.00 0.00 0.00 0.00 0.00 0.00 0.00 0.00 0.00 0.00 0.00 0.00 0.00 0.00 0.00 4.32 4.30 4.29 2.18 2.18 0.00 0.00 0.00 0.00 0.00 0.00 4.47 4.41 4.23 4.23 4.15 4.15 4.15 4.15 4.12 4.12 4.30 4.36 4.11 4.28 3.96 3.96 4.02 0.00 0.00 0.00 0.00 0.00 0.00 3.97 4.07 3.91 3.89 3.86
5.07 5.03 5.00 4.96 4.88 5.47 4.81 4.77 4.81 4.77 4.73 4.69 4.76 0.00 0.00 0.00 0.00 0.00 0.00 0.00 0.00 0.00 2.64 0.00 0.00 4.66 4.13 4.10 4.07 0.00 0.00 0.00 0.00 0.00 0.00 0.00 0.00 0.00 0.00 0.00 0.00 0.00 0.00 0.00 0.00 4.42 4.40 4.39 4.40 4.39 0.00 0.00 0.00 0.00 0.00 0.00 0.00 4.28 4.28 4.28 4.21 4.21 4.42 4.21 4.37 4.18 4.18 4.18 4.36 4.17 4.02 4.02 4.08 4.00 0.00 0.00 0.00 0.00 4.02 4.01 3.96 3.95 3.94 3.92
5.17 5.13 5.10 5.06 4.98 4.94 4.90 4.86 4.91 4.86 4.83 4.79 5.79 0.00 0.00 0.00 0.00 0.00 0.00 0.00 3.12 4.45 4.41 4.38 4.29 4.25 4.22 4.19 0.00 0.00 0.00 0.00 0.00 0.00 0.00 0.00 0.00 0.00 0.00 0.00 0.00 0.00 0.00 0.00 2.34 4.54 4.52 4.50 4.52 4.50 0.00 0.00 0.00 0.00 0.00 0.00 0.00 4.36 4.35 4.34 4.26 4.26 4.26 4.26 4.24 4.24 4.24 4.24 4.23 4.23 4.08 4.07 4.14 4.18 4.12 4.11 0.00 4.08 4.07 4.07 4.02 4.01 3.99 3.97
5.27 5.23 5.19 5.16 5.07 5.03 4.99 4.96 5.00 4.96 4.92 4.88 5.92 0.00 0.00 0.00 0.00 0.00 0.00 4.65 4.57 4.54 4.50 4.47 4.53 4.50 4.31 4.28 0.00 0.00 0.00 0.00 0.00 0.00 0.00 0.00 0.00 0.00 0.00 0.00 0.00 0.00 0.00 0.00 0.00 4.67 4.65 4.63 4.64 0.00 0.00 0.00 0.00 0.00 0.00 0.00 2.36 4.45 4.44 4.42 4.34 4.34 4.34 4.34 4.30 4.29 4.29 4.29 4.28 4.28 4.14 4.06 3.97 3.96 3.96 4.17 4.15 4.14 4.13 4.12 4.07 4.06 4.05 4.03
5.35 5.31 5.27 5.24 5.19 5.16 5.12 5.08 5.17 5.13 5.08 6.04 6.08 6.34 0.00 0.00 0.00 0.00 0.00 5.34 4.63 4.59 5.14 4.90 4.85 5.02 4.42 0.00 0.00 0.00 0.00 0.00 0.00 0.00 0.00 0.00 0.00 0.00 0.00 0.00 0.00 0.00 0.00 0.00 0.00 4.84 4.82 4.80 0.00 0.00 0.00 0.00 0.00 0.00 0.00 0.00 4.87 4.54 4.53 4.51 4.35 4.35 4.35 4.58 4.55 4.31 4.30 4.30 4.39 4.39 4.02 4.02 4.37 4.37 4.07 4.06 4.05 4.04 4.04 4.03 4.01 4.00 3.99 3.97
5.44 5.40 5.37 6.04 5.29 5.25 5.21 5.17 5.26 5.22 6.22 6.51 6.20 6.14 7.20 0.00 0.00 0.00 0.00 5.04 4.72 4.68 4.65 4.61 4.57 4.53 4.50 0.00 0.00 0.00 0.00 0.00 0.00 0.00 0.00 0.00 0.00 0.00 0.00 0.00 0.00 0.00 0.00 0.00 0.00 0.00 1.66 4.93 0.00 0.00 0.00 0.00 0.00 0.00 0.00 3.73 5.00 4.66 4.64 4.62 4.46 4.45 4.44 4.43 4.40 4.39 4.68 4.38 4.47 4.46 4.09 4.08 4.15 4.14 4.13 4.12 4.11 4.10 4.10 4.09 4.07 4.06 4.04 4.03
5.53 5.50 5.46 5.42 5.38 5.34 5.30 5.26 6.88 5.31 6.34 7.43 5.25 5.21 5.17 2.91 2.88 2.86 5.97 5.91 4.81 4.77 4.73 4.69 4.65 4.62 4.58 0.00 0.00 0.00 0.00 0.00 0.00 0.00 0.00 0.00 0.00 0.00 0.00 0.00 0.00 0.00 0.00 0.00 0.00 0.00 1.71 5.06 5.07 5.06 0.00 0.00 0.00 0.00 2.45 5.35 5.14 4.78 5.12 5.24 4.58 4.57 4.55 4.79 4.50 4.73 4.72 4.45 4.54 4.53 4.16 4.15 4.22 4.21 4.20 4.56 4.26 4.25 7.82 4.37 4.13 0.00 0.00 0.00
5.62 6.28 5.55 5.51 5.47 5.43 5.39 6.06 5.44 5.40 5.35 5.31 5.34 5.30 5.25 5.21 5.57 5.52 6.39 6.03 4.89 4.85 4.82 4.78 4.74 4.70 4.67 0.00 0.00 0.00 0.00 0.00 0.00 0.00 0.00 0.00 0.00 0.00 0.00 0.00 0.00 0.00 0.00 0.00 0.00 0.00 5.19 4.35 5.20 5.58 5.57 1.75 5.17 5.55 5.53 5.50 5.30 4.92 4.90 5.15 4.71 4.69 4.67 4.65 4.61 4.60 4.58 4.55 4.64 4.62 4.23 4.22 4.29 4.68 3.61 5.84 7.65 7.97 0.00 0.00 0.00 0.00 0.00 0.00
5.75 5.71 6.40 5.63 5.54 5.50 5.46 5.42 5.50 5.46 5.41 5.37 5.44 5.39 5.35 5.31 5.58 5.62 5.58 6.14 4.96 4.92 4.88 4.85 4.86 4.82 4.79 0.00 0.00 0.00 0.00 0.00 0.00 0.00 0.00 0.00 0.00 0.00 0.00 0.00 0.00 0.00 0.00 0.00 0.00 0.00 5.34 4.02 5.23 5.70 5.22 5.21 5.91 5.60 5.59 5.57 4.96 4.94 4.92 5.19 4.84 4.81 4.80 4.78 4.88 4.85 4.83 4.80 4.90 4.87 4.46 4.45 4.91 5.27 5.57 7.68 6.36 0.00 0.00 0.00 0.00 0.00 0.00 0.00
6.57 5.79 5.76 5.72 5.62 5.58 5.54 5.50 5.58 5.54 5.50 5.46 5.52 5.48 5.44 6.19 6.14 6.47 6.67 6.25 5.04 5.00 4.97 4.94 6.32 4.90 4.88 0.00 0.00 0.00 0.00 0.00 0.00 0.00 0.00 0.00 0.00 0.00 0.00 0.00 0.00 0.00 0.00 0.00 0.00 5.77 5.36 4.15 5.35 5.84 5.33 5.32 5.74 5.73 5.72 5.23 5.08 5.07 5.05 5.03 4.97 4.95 4.93 4.91 5.01 4.98 4.95 4.92 5.02 4.99 4.56 4.18 4.53 5.22 5.25 7.76 0.00 0.00 0.00 0.00 0.00 0.00 0.00 0.00
5.91 5.87 6.59 5.80 5.70 5.66 5.62 5.58 5.66 5.62 5.58 5.54 5.60 5.56 5.97 5.92 6.52 6.60 7.47 6.36 5.13 5.09 5.03 5.00 5.02 5.01 4.96 0.00 0.00 0.00 0.00 0.00 0.00 0.00 0.00 0.00 0.00 0.00 0.00 0.00 0.00 0.00 0.00 0.00 5.94 5.48 5.47 5.46 5.46 5.97 5.44 5.44 5.88 5.87 5.36 5.34 5.20 5.19 5.17 5.15 5.10 5.09 5.07 5.05 5.14 5.11 5.07 5.04 5.14 5.10 4.67 5.10 5.44 5.68 7.84 3.46 0.00 0.00 0.00 0.00 0.00 0.00 0.00 0.00
5.99 5.95 5.91 6.62 5.78 5.74 5.70 5.66 5.74 5.70 5.66 5.62 5.68 6.84 6.78 6.72 5.96 5.91 6.52 6.47 5.17 5.14 5.11 5.08 5.10 5.07 5.05 0.00 0.00 0.00 0.00 0.00 0.00 0.00 0.00 0.00 0.00 0.00 0.00 0.00 0.00 0.00 0.00 0.00 5.61 5.60 4.43 5.57 6.12 6.11 5.56 6.09 6.01 6.00 5.99 5.46 5.25 5.23 5.22 5.27 5.22 5.21 5.19 5.17 5.27 5.24 5.20 5.17 5.27 5.62 8.90 9.23 5.49 7.22 3.56 0.00 0.00 0.00 0.00 0.00 0.00 0.00 0.00 0.00
6.07 6.04 6.78 5.96 5.84 5.80 5.76 5.72 5.82 5.77 5.73 5.69 5.76 6.94 6.88 6.82 6.64 6.59 8.44 5.33 5.24 5.21 5.18 5.15 5.24 5.22 0.00 0.00 0.00 0.00 0.00 0.00 0.00 0.00 0.00 0.00 0.00 0.00 0.00 0.00 0.00 0.00 0.00 2.05 5.95 5.69 4.57 5.67 6.17 6.16 6.15 6.15 5.93 5.41 5.40 5.80 5.35 5.34 5.33 5.32 5.48 5.46 5.45 5.43 5.51 5.47 5.44 5.40 5.39 8.12 8.29 1.95 1.19 5.16 0.00 0.00 0.00 0.00 0.00 0.00 0.00 0.00 0.00 0.00
7.51 6.11 6.86 6.03 5.91 5.87 5.83 5.79 5.89 5.85 5.81 5.76 7.09 7.04 6.98 6.92 6.74 6.37 7.70 5.41 5.31 5.28 5.26 5.23 5.33 5.30 0.00 0.00 0.00 0.00 0.00 0.00 0.00 0.00 0.00 6.10 2.14 2.13 0.00 0.00 5.94 5.92 6.41 5.89 5.82 4.71 4.70 4.69 6.31 6.30 6.29 6.28 5.53 6.47 5.94 5.50 5.46 5.45 5.44 5.43 5.59 5.58 6.09 6.07 6.17 5.60 5.57 4.69 7.92 2.89 1.31 1.66 1.26 2.51 8.87 0.00 0.00 0.00 0.00 0.00 0.00 0.00 0.00 0.00
6.21 7.00 6.14 6.10 5.98 5.94 5.90 6.66 5.96 5.92 5.88 7.09 7.19 7.14 7.52 6.67 6.51 6.46 7.00 4.96 5.39 5.36 5.34 5.31 5.41 5.38 0.00 0.00 0.00 0.00 0.00 0.00 0.00 0.00 0.00 6.22 6.18 6.16 6.14 6.12 6.06 6.04 7.04 6.01 5.46 4.85 4.84 5.89 6.45 6.43 6.70 5.82 5.63 6.08 5.62 5.61 5.57 5.56 5.55 5.54 5.70 5.69 6.22 6.20 6.30 6.27 9.87 8.10 2.99 1.56 1.39 1.36 1.34 5.39 4.01 6.15 0.00 0.00 0.00 0.00 0.00 0.00 0.00 0.00
6.27 6.24 6.20 6.17 6.84 6.01 5.97 5.93 6.03 5.99 5.95 7.19 7.29 6.86 6.81 6.76 6.60 6.55 6.51 5.03 4.94 4.92 5.42 5.39 4.97 4.95 0.00 0.00 0.00 0.00 0.00 0.00 0.00 0.00 0.00 6.34 6.30 6.28 6.26 6.24 6.71 6.16 6.14 6.12 6.05 6.04 6.66 6.64 6.58 6.66 6.55 6.54 5.74 5.73 5.73 5.72 5.68 5.67 5.66 5.65 5.81 5.80 6.36 6.33 6.97 8.64 3.12 2.19 1.62 1.61 1.46 1.58 1.55 4.56 6.20 3.66 8.62 0.00 0.00 0.00 0.00 0.00 0.00 0.00
6.29 7.49 6.22 6.19 6.15 6.11 6.07 6.03 6.07 6.03 5.99 6.73 6.83 6.78 6.73 6.69 6.56 6.52 6.48 5.01 5.07 5.05 5.03 5.01 5.09 5.07 0.00 0.00 0.00 0.00 0.00 0.00 0.00 0.00 7.28 7.36 5.58 5.78 6.37 6.34 6.24 6.22 6.29 6.18 6.78 6.76 6.74 6.82 6.59 6.58 6.56 6.55 5.85 5.84 5.83 5.82 6.02 6.01 6.00 5.98 6.11 6.73 5.61 9.21 8.79 3.58 2.25 2.24 1.66 1.79 1.17 1.15 1.48 3.55 2.31 5.92 9.46 6.18 0.00 0.00 0.00 0.00 0.00 0.00
6.35 6.32 7.12 6.25 6.20 6.17 6.13 6.09 6.13 6.09 7.43 5.34 8.44 6.86 6.81 6.77 6.64 6.61 5.09 5.07 5.13 5.12 5.10 5.08 5.17 5.15 5.13 0.00 0.00 0.00 0.00 0.00 0.00 0.00 3.48 5.88 7.27 7.24 6.48 6.46 6.35 6.90 6.88 6.99 6.92 6.90 7.01 6.85 6.72 6.81 6.69 6.68 5.95 5.95 5.94 5.93 6.78 6.76 6.75 6.73 6.89 6.87 6.12 8.92 2.32 2.31 2.30 2.29 2.28 1.69 1.23 1.58 1.56 2.39 6.85 6.81 5.79 6.24 5.26 8.82 4.53 0.00 0.00 0.00
7.25 6.37 6.33 6.30 6.26 6.22 6.18 6.14 9.12 6.59 5.42 5.39 5.37 5.34 5.31 6.85 6.72 5.17 5.15 5.13 5.20 5.18 5.16 5.14 5.23 5.21 8.50 5.84 0.00 0.00 0.00 0.00 0.00 4.37 1.98 5.35 5.42 7.12 6.59 6.57 6.46 6.44 6.43 7.26 7.05 7.16 7.01 6.99 6.85 6.83 6.82 6.81 6.06 6.05 6.68 6.67 6.91 6.89 6.88 6.86 7.02 5.91 9.88 2.38 2.37 2.73 2.72 2.34 2.33 1.73 1.28 5.26 6.52 8.71 5.01 5.86 5.29 5.23 5.18 5.12 4.86 4.79 6.53 0.00
6.45 6.41 6.38 6.35 6.31 6.27 6.23 5.50 6.29 5.50 5.47 6.19 6.15 5.39 5.36 5.33 5.25 5.23 5.21 5.19 5.26 5.24 5.23 6.00 5.30 5.94 9.74 6.83 7.21 6.90 4.84 5.85 6.40 2.40 5.87 6.47 7.08 6.73 6.70 6.68 6.57 6.56 6.54 7.26 7.19 7.30 7.14 7.12 6.98 6.96 7.68 7.63 6.16 6.15 6.15 6.79 7.04 7.13 7.00 6.99 9.69 9.67 3.49 2.43 2.79 10.67 9.73 9.33 7.01 9.42 8.98 5.30 5.26 6.40 5.54 5.48 5.39 5.34 5.28 5.22 5.63 5.14 5.22 5.50
7.26 7.21 6.39 6.36 6.34 5.59 6.33 5.53 5.52 5.49 5.46 5.43 5.38 6.09 5.32 5.30 5.34 5.32 5.30 5.29 5.42 5.40 5.39 5.37 6.06 10.73 5.44 7.79 3.36 2.37 7.56 6.25 1.88 4.14 5.77 7.93 6.93 6.86 6.84 6.82 6.67 6.65 6.63 7.38 7.22 9.08 6.45 7.15 7.06 6.34 6.88 6.31 6.41 6.41 6.40 6.39 6.60 6.59 6.58 7.30 9.82 4.63 4.61 5.94 11.24 6.45 6.42 7.09 5.95 5.91 6.52 5.41 6.32 6.27 5.57 5.52 5.44 5.83 5.32 5.26 5.32 5.26 4.96 5.26
7.78 7.74 7.70 7.66 7.64 5.63 6.37 5.57 5.56 5.53 5.50 5.47 6.17 6.13 5.37 5.35 5.39 5.37 5.36 5.34 5.48 5.46 5.45 5.43 6.15 11.21 7.55 6.79 7.50 3.38 3.23 10.91 4.25 5.76 6.77 6.75 6.50 7.00 6.95 6.92 6.77 6.75 6.74 6.72 7.23 6.58 6.56 6.54 6.46 6.44 6.43 6.41 6.51 6.50 6.50 6.49 6.70 6.69 6.68 6.34 8.86 4.72 5.88 6.76 9.66 6.55 6.52 6.49 6.37 7.03 6.63 6.58 6.36 6.37 5.66 5.62 6.00 5.47 5.42 5.36 5.42 5.35 5.29 5.82
7.82 7.78 7.74 7.70 7.68 7.64 5.63 5.60 5.59 5.56 6.29 5.50 5.45 6.18 5.41 5.39 5.44 5.42 5.41 5.39 5.53 5.51 5.50 5.49 7.58 5.94 5.59 6.88 7.97 3.03 6.67 11.09 6.95 7.01 5.85 7.16 7.77 6.83 7.05 7.03 6.87 6.86 6.84 6.82 6.70 7.51 6.66 6.64 6.56 6.54 6.52 6.51 6.61 6.60 6.60 6.59 6.80 6.79 6.20 10.46 6.07 6.39 5.29 9.80 6.33 7.55 4.70 6.58 6.46 6.43 7.60 6.69 6.52 5.78 5.74 5.70 5.62 5.57 5.51 5.45 5.51 5.44 5.99 6.06
