New_Model_Runs/4_scn3_noclimate_out/post_prcessed_with_MFR/Monthly_summaries/net_infiltration_monthly_DEC.asc
NCOLS 700
NROWS 400
XLLCENTER 515000.000000
YLLCENTER 8409000.000000
CELLSIZE 50.000000
NODATA_value -999.000000
[rows 148 to 184 of 400, columns 249 to 331 of 700]
0.00 0.00 0.00 0.00 0.00 0.00 0.00 0.00 0.00 0.00 0.00 0.00 0.00 0.00 0.00 0.00 0.00 0.00 0.00 0.00 0.00 0.00 0.00 0.00 0.00 0.00 0.00 0.00 0.00 0.00 0.00 0.00 0.00 0.00 0.00 0.00 0.00 0.00 0.00 0.00 0.00 0.00 0.00 0.00 0.00 0.00 0.00 0.00 0.00 0.00 6.32 6.32 6.37 6.41 6.45 6.46 6.50 7.76 6.59 6.58 6.62 6.66 6.70 6.69 6.73 8.04 6.81 6.93 6.96 7.00 7.04 7.22 7.25 7.28 7.31 7.41 7.44 7.46 7.49 10.59 10.94 9.13 13.15
0.00 0.00 0.00 0.00 0.00 0.00 0.00 0.00 0.00 0.00 0.00 0.00 0.00 0.00 0.00 0.00 0.00 0.00 0.00 0.00 0.00 0.00 0.00 0.00 0.00 0.00 0.00 0.00 0.00 0.00 0.00 0.00 0.00 0.00 0.00 0.00 0.00 0.00 0.00 0.00 0.00 0.00 0.00 0.00 0.00 0.00 0.00 0.00 0.00 6.33 6.37 6.37 8.48 6.46 6.50 6.51 6.55 6.60 6.64 6.63 6.67 6.71 6.76 6.75 6.79 6.83 6.87 6.99 7.02 7.06 7.09 7.28 7.31 7.34 7.37 7.47 7.50 10.25 12.61 8.42 8.80 3.17 12.09
0.00 0.00 0.00 0.00 0.00 0.00 0.00 0.00 0.00 0.00 0.00 0.00 0.00 0.00 0.00 0.00 0.00 0.00 0.00 0.00 0.00 0.00 0.00 0.00 0.00 0.00 0.00 0.00 0.00 0.00 0.00 0.00 0.00 0.00 0.00 0.00 0.00 0.00 0.00 0.00 0.00 0.00 0.00 0.00 0.00 0.00 0.00 0.00 0.00 6.38 6.42 6.42 6.46 6.51 6.55 6.56 6.61 6.65 6.69 6.68 6.72 6.77 6.82 8.94 6.85 6.89 6.93 7.05 7.08 7.12 7.15 7.34 7.37 7.40 7.43 7.53 7.56 10.34 12.42 8.11 3.18 6.44 16.54
0.00 0.00 0.00 0.00 0.00 0.00 0.00 0.00 0.00 0.00 0.00 0.00 0.00 0.00 0.00 0.00 0.00 0.00 0.00 0.00 0.00 0.00 0.00 0.00 0.00 0.00 0.00 0.00 0.00 0.00 0.00 0.00 0.00 0.00 0.00 0.00 0.00 0.00 0.00 0.00 0.00 0.00 0.00 0.00 0.00 0.00 0.00 0.00 0.00 6.43 6.47 6.47 6.51 6.56 6.60 6.61 6.66 7.93 6.74 6.73 8.03 6.83 6.88 6.87 6.91 6.95 6.99 7.11 7.14 7.18 7.21 7.40 7.43 8.79 8.82 8.91 8.95 8.98 10.82 12.93 7.19 15.75 15.76
0.00 0.00 0.00 0.00 0.00 0.00 0.00 0.00 0.00 0.00 0.00 0.00 0.00 0.00 0.00 0.00 0.00 0.00 0.00 0.00 0.00 0.00 0.00 0.00 0.00 0.00 0.00 0.00 0.00 0.00 0.00 0.00 0.00 0.00 0.00 0.00 0.00 0.00 0.00 0.00 0.00 0.00 0.00 0.00 0.00 0.00 0.00 0.00 0.00 0.00 6.50 6.50 7.75 6.59 6.63 6.63 6.68 6.72 6.77 8.06 6.84 6.89 6.94 7.01 7.05 7.09 7.13 7.25 7.28 7.32 7.35 7.49 7.52 7.56 7.59 7.67 7.69 12.09 8.00 12.23 12.61 12.22 12.23
0.00 0.00 0.00 0.00 0.00 0.00 0.00 0.00 0.00 0.00 0.00 0.00 0.00 0.00 0.00 0.00 0.00 0.00 0.00 0.00 0.00 0.00 0.00 0.00 0.00 0.00 0.00 0.00 0.00 0.00 0.00 0.00 0.00 0.00 0.00 0.00 0.00 0.00 0.00 0.00 0.00 0.00 0.00 0.00 0.00 0.00 0.00 0.00 0.00 1.53 6.55 6.55 6.59 6.64 6.68 6.68 6.73 6.78 6.83 6.85 6.90 6.95 7.00 7.07 7.11 7.15 7.19 7.31 7.35 7.38 7.42 7.55 7.59 11.93 7.64 11.38 11.78 12.60 9.01 13.02 13.78 8.31 8.32
0.00 0.00 0.00 0.00 0.00 0.00 0.00 0.00 0.00 0.00 0.00 0.00 0.00 0.00 0.00 0.00 0.00 0.00 0.00 0.00 0.00 0.00 0.00 0.00 0.00 0.00 0.00 0.00 0.00 0.00 0.00 0.00 0.00 0.00 0.00 0.00 0.00 0.00 0.00 0.00 0.00 0.00 0.00 0.00 0.00 0.00 0.00 0.00 7.75 6.56 6.60 6.60 6.64 6.69 6.73 6.73 6.78 6.84 6.89 6.91 6.96 7.01 7.06 7.13 7.17 7.21 7.25 7.37 7.41 7.44 7.48 7.62 11.98 12.03 12.71 13.08 9.03 13.07 9.81 7.61 13.47 20.26 16.56
0.00 0.00 0.00 0.00 0.00 0.00 0.00 0.00 0.00 0.00 0.00 0.00 0.00 0.00 0.00 0.00 0.00 0.00 0.00 0.00 0.00 0.00 0.00 0.00 0.00 0.00 0.00 0.00 0.00 0.00 0.00 0.00 0.00 0.00 0.00 0.00 0.00 0.00 0.00 0.00 0.00 0.00 0.00 0.00 0.00 0.00 0.00 0.00 6.56 6.61 6.65 6.65 6.69 6.73 6.78 6.79 6.85 6.90 6.95 6.97 7.02 7.08 7.12 7.19 7.23 7.27 7.31 7.44 7.47 7.51 7.54 7.68 12.09 12.14 12.18 12.86 9.09 12.80 3.26 13.51 9.52 8.19 10.84
0.00 0.00 0.00 0.00 0.00 0.00 0.00 0.00 0.00 0.00 0.00 0.00 0.00 0.00 0.00 0.00 0.00 0.00 0.00 0.00 0.00 0.00 0.00 0.00 0.00 0.00 0.00 0.00 0.00 0.00 0.00 0.00 0.00 0.00 0.00 0.00 0.00 0.00 0.00 0.00 0.00 0.00 0.00 0.00 0.00 0.00 0.00 4.48 6.60 6.64 6.69 6.72 6.76 6.82 6.87 6.92 6.97 7.02 7.08 7.12 7.17 7.22 7.27 7.32 7.36 7.41 7.45 7.50 7.54 8.89 7.60 9.03 12.19 12.23 12.28 12.44 12.47 9.17 7.27 9.57 8.35 7.87 10.92
0.00 0.00 0.00 0.00 0.00 0.00 0.00 0.00 0.00 0.00 0.00 0.00 0.00 0.00 0.00 0.00 0.00 0.00 0.00 0.00 0.00 0.00 0.00 0.00 0.00 0.00 0.00 0.00 0.00 0.00 0.00 0.00 0.00 0.00 0.00 0.00 0.00 0.00 0.00 0.00 0.00 0.00 0.00 0.00 0.00 0.00 0.00 7.71 6.65 6.69 6.73 6.77 6.82 6.88 6.93 6.98 7.03 7.08 7.14 7.18 7.23 7.28 7.33 7.38 7.43 7.47 8.83 7.56 7.60 7.63 7.66 7.79 7.82 12.34 12.51 12.54 12.94 14.34 12.49 9.62 12.66 8.08 8.05
0.00 0.00 0.00 0.00 0.00 0.00 0.00 0.00 0.00 0.00 0.00 0.00 0.00 0.00 0.00 0.00 0.00 0.00 0.00 0.00 0.00 0.00 0.00 0.00 0.00 0.00 0.00 0.00 0.00 0.00 6.01 0.00 0.00 0.00 0.00 0.00 0.00 0.00 0.00 0.00 0.00 0.00 0.00 0.00 0.00 0.00 0.00 6.66 6.70 6.74 6.79 6.83 6.88 6.94 6.99 7.04 7.09 7.14 7.20 7.24 7.29 7.34 7.39 7.44 7.49 7.53 7.57 7.63 7.66 7.69 7.72 7.85 7.87 12.44 13.15 13.18 13.96 18.08 8.92 9.31 12.75 8.09 8.10
0.00 0.00 0.00 0.00 0.00 0.00 0.00 0.00 0.00 0.00 0.00 0.00 0.00 0.00 0.00 0.00 0.00 0.00 0.00 0.00 0.00 0.00 0.00 0.00 0.00 0.00 0.00 0.00 0.00 7.19 6.06 0.00 0.00 0.00 0.00 0.00 0.00 0.00 0.00 0.00 0.00 0.00 0.00 0.00 0.00 0.00 0.00 0.00 0.00 6.79 6.85 6.89 6.94 7.00 7.05 7.10 7.15 7.20 7.26 7.30 7.35 7.40 7.46 7.50 9.71 7.59 7.63 7.69 7.72 7.75 7.78 7.90 7.93 12.54 13.25 13.66 16.78 12.22 9.35 9.36 16.13 13.42 8.15
0.00 0.00 0.00 0.00 0.00 0.00 0.00 0.00 0.00 0.00 0.00 0.00 0.00 0.00 0.00 0.00 0.00 0.00 0.00 0.00 0.00 0.00 0.00 0.00 0.00 0.00 0.00 0.00 6.06 6.09 6.12 6.13 0.00 0.00 0.00 0.00 0.00 0.00 0.00 0.00 0.00 0.00 0.00 0.00 0.00 0.00 0.00 0.00 0.00 0.00 0.00 7.03 7.08 7.14 7.19 7.24 7.29 7.35 7.40 7.44 7.50 7.55 7.60 7.61 7.66 7.70 7.74 7.75 7.78 7.81 7.84 7.94 7.96 13.32 13.36 12.24 16.51 6.22 2.60 13.86 15.49 13.30 8.56
0.00 0.00 0.00 0.00 0.00 0.00 0.00 0.00 0.00 0.00 0.00 0.00 0.00 0.00 0.00 0.00 0.00 0.00 0.00 0.00 0.00 0.00 0.00 0.00 0.00 0.00 0.00 0.00 6.11 6.14 6.17 6.18 6.21 1.44 0.00 0.00 0.00 0.00 0.00 0.00 0.00 0.00 0.00 0.00 0.00 0.00 0.00 0.00 0.00 0.00 0.00 0.00 0.00 8.46 10.14 8.59 7.35 7.41 7.46 7.50 7.56 7.61 7.66 7.67 7.72 7.76 7.80 12.27 7.84 7.87 7.89 7.99 12.72 13.42 8.65 9.04 6.60 16.26 12.34 13.58 13.60 9.11 13.02
0.00 0.00 0.00 0.00 0.00 0.00 0.00 0.00 0.00 0.00 0.00 0.00 0.00 0.00 0.00 0.00 0.00 0.00 0.00 0.00 0.00 0.00 0.00 0.00 0.00 0.00 0.00 0.00 6.16 7.34 6.21 6.23 6.26 6.29 0.00 0.00 0.00 0.00 0.00 0.00 0.00 0.00 0.00 0.00 0.00 0.00 0.00 0.00 0.00 0.00 0.00 0.00 0.00 11.78 7.68 7.36 7.41 7.47 7.52 7.56 7.62 7.67 7.72 12.15 7.78 7.82 12.37 12.37 7.89 7.92 7.95 14.77 13.48 13.52 13.56 13.59 13.62 13.64 17.29 14.19 14.57 14.07 13.10
0.00 0.00 0.00 0.00 0.00 0.00 0.00 0.00 0.00 0.00 0.00 0.00 0.00 0.00 0.00 0.00 0.00 0.00 0.00 0.00 0.00 0.00 0.00 0.00 0.00 0.00 0.00 6.18 6.20 6.23 6.26 6.28 7.46 6.34 6.37 6.41 0.00 6.48 6.51 0.00 0.00 0.00 0.00 0.00 0.00 0.00 0.00 0.00 0.00 0.00 0.00 0.00 0.00 6.35 8.11 7.79 7.84 7.53 7.58 7.62 7.67 7.73 12.23 12.24 15.73 12.40 12.47 7.91 10.01 9.33 8.00 11.73 11.25 13.62 13.65 14.05 14.08 13.73 12.44 8.82 9.19 9.57 15.19
0.00 0.00 0.00 0.00 0.00 0.00 0.00 0.00 0.00 0.00 0.00 0.00 0.00 0.00 0.00 0.00 0.00 0.00 0.00 0.00 0.00 0.00 0.00 0.00 0.00 1.42 6.23 7.37 6.22 6.25 6.28 6.28 6.31 6.34 8.66 6.46 6.49 6.53 6.56 6.66 0.00 0.00 0.00 0.00 0.00 0.00 0.00 0.00 0.00 0.00 0.00 0.00 0.00 0.00 17.00 9.14 3.91 13.30 12.66 12.19 12.29 12.38 12.46 12.44 12.52 12.60 8.02 7.98 8.01 12.16 8.06 8.11 11.76 14.98 15.96 9.19 13.20 12.18 15.57 9.23 13.23 14.23 13.23
0.00 0.00 0.00 0.00 0.00 0.00 0.00 0.00 0.00 0.00 0.00 0.00 0.00 0.00 0.00 0.00 0.00 0.00 0.00 0.00 0.00 0.00 0.00 6.20 6.23 6.25 6.28 6.24 6.26 6.29 6.32 6.33 7.55 6.39 7.62 4.27 11.17 4.32 6.61 6.71 6.74 6.78 0.00 0.00 0.00 0.00 0.00 0.00 0.00 0.00 0.00 0.00 0.00 0.00 7.52 5.39 14.45 10.05 9.00 13.23 12.96 12.47 12.55 12.53 12.61 12.69 8.07 8.02 8.06 8.08 8.11 8.16 8.18 11.83 12.40 15.09 16.07 9.33 11.12 9.54 8.38 8.39 8.39
0.00 0.00 0.00 0.00 0.00 0.00 0.00 0.00 0.00 0.00 0.00 0.00 0.00 0.00 0.00 0.00 0.00 0.00 0.00 3.44 6.21 0.00 0.00 6.25 6.27 6.30 6.32 7.48 7.51 6.34 6.37 7.57 6.41 6.44 7.67 6.56 9.72 6.63 6.66 6.76 9.29 10.10 10.18 7.03 0.00 0.00 0.00 0.00 0.00 0.00 0.00 0.00 0.00 0.00 8.28 9.41 13.31 14.11 14.16 8.74 13.05 12.56 12.64 12.62 10.96 9.45 8.12 8.07 8.10 9.50 8.16 8.21 9.60 8.25 8.26 12.50 12.52 11.93 9.68 9.80 8.42 8.42 8.42
0.00 0.00 0.00 0.00 0.00 0.00 0.00 0.00 0.00 0.00 0.00 0.00 0.00 0.00 0.00 0.00 0.00 0.00 0.00 6.23 6.25 6.28 6.30 6.29 7.49 7.53 6.37 6.33 6.36 6.39 6.42 6.42 6.46 6.49 6.52 6.60 6.64 6.67 6.71 6.81 6.85 6.90 10.28 7.02 0.00 0.00 0.00 0.00 0.00 0.00 0.00 0.00 0.00 0.00 8.30 6.54 5.81 13.42 17.77 13.42 10.91 11.88 8.05 8.04 8.08 8.12 8.16 8.11 8.15 9.56 8.20 8.25 8.27 8.29 8.30 12.57 12.58 11.62 8.42 8.45 8.46 8.46 8.46
0.00 0.00 0.00 0.00 0.00 0.00 0.00 0.00 0.00 0.00 0.00 0.00 0.00 0.00 0.00 0.00 3.46 6.23 6.25 6.25 6.28 6.30 6.33 6.30 6.32 6.35 6.38 6.32 6.35 6.38 6.41 7.66 6.50 6.54 6.57 6.69 6.72 6.76 6.80 6.92 6.96 7.38 7.43 7.51 0.00 0.00 0.00 0.00 0.00 0.00 0.00 0.00 0.00 8.15 9.43 11.07 9.83 13.85 14.99 9.21 11.88 8.07 8.12 8.12 8.16 8.20 8.24 8.18 8.21 8.24 8.26 8.25 8.27 8.29 8.30 16.46 12.65 12.66 8.39 8.45 8.45 8.45 8.45
0.00 0.00 0.00 0.00 0.00 0.00 0.00 0.00 0.00 0.00 0.00 0.00 0.00 0.00 0.00 3.48 6.25 6.27 6.29 6.30 6.32 6.35 6.37 6.34 6.37 6.40 6.42 9.20 8.25 6.43 6.46 6.52 6.55 6.58 6.62 6.74 6.77 6.81 6.85 4.53 10.90 11.72 8.36 0.74 0.00 0.00 0.00 0.00 0.00 0.00 0.00 0.00 4.83 7.71 8.14 16.30 13.11 13.82 9.21 13.98 11.96 11.49 8.53 11.50 11.19 8.24 8.28 8.21 8.24 8.27 8.30 8.29 8.31 8.33 8.34 8.40 8.41 12.71 8.43 8.48 8.48 8.48 8.48
0.00 0.00 0.00 0.00 0.00 0.00 0.00 0.00 0.00 0.00 0.00 0.00 0.00 0.00 0.00 6.27 6.29 6.32 6.34 6.34 6.37 6.39 6.42 6.39 6.42 6.44 6.47 7.63 6.45 7.68 6.51 6.56 6.60 6.63 6.66 6.78 6.82 6.87 6.91 4.56 8.81 9.11 4.16 12.47 0.00 0.00 0.00 0.00 0.00 0.00 0.00 6.45 7.72 7.77 7.82 11.65 10.85 17.23 12.89 12.57 13.41 13.86 14.68 12.60 8.24 8.28 8.31 8.25 8.28 8.30 8.33 8.32 8.34 8.36 8.37 8.43 8.44 8.45 8.45 8.51 8.51 8.51 8.51
0.00 0.00 0.00 0.00 0.00 0.00 0.00 0.00 0.00 0.00 0.00 0.00 0.00 0.00 3.52 6.31 6.34 6.36 6.38 6.39 6.41 7.63 6.46 6.43 6.46 6.49 6.51 6.46 6.49 6.52 6.55 6.61 6.64 6.67 6.71 6.84 6.88 4.54 6.97 11.02 12.41 7.85 3.52 8.54 11.47 0.00 0.00 0.00 0.00 0.00 6.82 12.88 7.77 7.82 7.87 7.92 10.91 19.15 9.68 9.72 9.03 8.70 3.36 15.51 12.36 8.31 9.71 8.28 8.31 8.34 10.92 10.45 8.37 8.38 8.40 8.46 8.47 8.48 11.26 8.53 8.53 8.53 8.53
0.00 0.00 0.00 0.00 0.00 0.00 0.00 0.00 0.00 0.00 0.00 0.00 0.00 6.33 6.36 7.54 6.37 6.39 6.42 6.39 7.63 6.44 6.47 6.41 6.43 6.46 6.49 6.51 6.54 6.57 6.60 6.74 6.77 6.81 6.85 6.97 7.02 7.06 7.10 7.19 12.64 10.28 4.65 8.59 3.11 6.76 5.18 0.00 4.00 7.19 4.32 14.32 7.82 7.87 7.92 7.95 7.99 13.32 14.25 14.22 13.56 15.46 13.93 8.53 12.79 9.74 8.39 8.34 8.37 8.40 9.78 8.35 9.75 8.38 8.40 9.78 8.42 9.80 9.83 8.50 8.50 8.50 8.49
0.00 0.00 0.00 0.00 0.00 0.00 0.00 0.00 0.00 0.00 0.00 0.00 0.00 9.91 10.56 6.39 6.41 7.63 6.46 6.44 6.46 6.49 6.51 6.45 6.48 6.50 6.53 6.55 6.58 6.61 6.64 6.79 6.82 6.86 6.90 7.03 7.07 7.11 7.16 7.24 11.38 12.47 10.05 12.65 7.50 5.74 9.38 5.03 5.55 4.32 14.22 12.69 12.41 7.92 7.97 7.99 8.04 8.08 11.17 13.93 14.01 13.47 13.54 13.22 8.41 8.39 8.42 8.37 9.78 8.42 8.45 8.37 8.39 8.40 8.42 8.43 8.44 8.44 8.44 8.51 8.51 8.51 8.51
0.00 0.00 0.00 0.00 0.00 0.00 0.00 0.00 0.00 0.00 0.00 0.00 0.00 0.00 10.68 10.65 6.46 6.48 6.50 6.48 6.50 6.53 6.55 6.50 6.52 6.55 6.58 6.60 6.62 6.65 6.68 6.84 6.88 6.92 6.96 7.08 7.12 7.17 7.21 7.30 7.34 11.55 12.15 6.83 10.61 9.01 9.77 5.87 10.44 13.15 12.87 12.96 13.05 10.91 10.97 8.04 8.08 8.13 8.17 12.23 12.29 13.25 13.23 13.27 8.39 8.42 8.45 8.40 8.43 8.45 8.47 8.40 8.41 8.42 8.43 8.45 8.45 8.46 8.46 8.53 8.53 8.53 8.52
0.00 0.00 0.00 0.00 0.00 0.00 0.00 0.00 0.00 0.00 0.00 0.00 0.00 0.00 10.79 10.77 10.83 10.90 6.55 6.52 6.55 6.57 6.60 6.54 6.57 6.59 6.62 6.64 6.67 6.70 6.73 6.89 6.93 6.97 7.01 7.13 7.17 7.22 7.26 7.35 7.39 11.64 15.88 10.61 12.69 9.60 7.96 11.30 11.00 16.16 12.95 13.04 13.13 13.22 11.03 8.08 8.12 8.17 8.21 8.26 12.35 14.23 13.91 13.33 15.42 8.45 8.48 8.43 8.45 8.47 9.85 8.42 8.43 8.44 8.45 8.46 8.47 8.47 8.47 8.54 8.54 8.54 8.53
0.00 0.00 0.00 0.00 0.00 0.00 0.00 0.00 0.00 0.00 0.00 0.00 0.00 0.00 10.90 10.88 10.94 11.00 11.07 6.53 6.55 6.58 6.60 7.80 6.59 6.62 6.65 6.75 6.79 10.52 10.59 10.90 10.97 7.10 7.14 7.23 7.27 9.05 11.49 11.62 11.70 11.79 13.87 10.31 8.12 8.54 7.63 10.63 10.70 10.76 12.57 12.56 13.21 12.80 12.80 8.10 8.14 8.18 8.22 8.24 8.28 13.18 13.24 14.42 13.36 13.41 8.46 8.43 8.45 8.47 8.48 8.39 8.41 8.42 8.43 8.43 8.43 8.44 8.44 8.52 8.51 8.51 8.51
0.00 0.00 0.00 0.00 0.00 0.00 0.00 0.00 0.00 0.00 0.00 0.00 0.00 0.00 11.01 10.99 11.05 11.11 11.18 11.02 7.81 6.62 6.64 7.85 6.64 6.66 6.69 6.80 10.55 10.61 10.68 10.99 11.06 7.15 7.19 7.28 11.43 9.12 11.58 9.23 12.16 13.45 17.17 17.54 12.60 8.59 7.68 11.55 10.76 10.82 7.97 8.00 8.04 12.79 8.13 8.13 8.18 8.22 8.25 8.27 8.31 8.34 8.37 8.41 8.43 8.46 8.49 8.45 8.47 8.49 8.50 8.41 8.42 8.43 8.44 8.44 8.45 8.45 8.45 8.53 8.52 8.52 9.90
0.00 0.00 0.00 0.00 0.00 0.00 0.00 10.75 0.00 0.00 0.00 0.00 0.00 3.87 11.12 11.10 11.16 11.22 11.28 11.13 11.20 11.26 6.68 6.65 6.68 6.70 6.73 6.85 10.64 10.70 10.76 11.07 12.79 11.21 11.28 11.44 11.51 11.59 12.68 11.79 12.24 13.54 13.25 12.96 12.68 12.76 8.31 15.73 10.82 7.97 8.01 8.04 8.08 8.12 8.17 8.17 8.21 9.62 8.28 8.30 8.33 8.37 8.40 8.43 8.46 8.48 8.51 9.86 8.49 8.50 8.52 9.80 8.43 8.44 8.45 8.45 8.46 8.46 8.46 8.54 8.53 8.53 8.52
0.00 0.00 0.00 0.00 0.00 0.00 10.77 10.86 10.92 0.00 0.00 0.00 3.90 11.17 11.23 11.21 11.26 11.32 11.39 11.24 11.30 11.37 11.44 6.69 6.72 6.74 6.77 6.90 10.72 10.78 10.85 11.16 11.22 11.29 13.00 11.52 11.59 11.67 7.50 7.57 11.95 12.88 16.11 12.67 12.76 12.84 12.92 13.00 13.09 8.01 8.05 8.07 8.12 8.16 8.20 8.20 8.24 9.65 8.31 8.33 8.36 8.39 9.76 8.45 8.48 8.50 8.52 8.48 8.50 8.52 8.53 8.44 8.45 8.45 8.46 8.46 15.02 8.47 8.47 8.54 8.54 8.54 8.53
0.00 0.00 10.65 10.73 3.69 10.83 10.88 10.97 11.02 10.46 10.53 11.21 11.26 12.27 11.38 11.36 11.42 11.48 11.55 11.42 10.88 11.56 11.63 11.55 11.63 6.83 6.87 6.97 10.85 10.91 10.98 11.24 12.97 11.37 11.44 11.62 11.70 7.51 7.56 7.63 12.50 12.96 12.21 13.12 16.12 12.91 12.99 13.07 13.15 8.05 9.45 8.09 9.50 9.55 8.21 8.18 8.22 8.26 8.29 8.23 8.26 8.30 8.32 8.31 8.34 8.36 8.38 9.74 8.38 8.40 9.79 9.79 8.42 14.94 14.95 15.09 15.09 8.49 8.49 8.52 8.52 8.51 8.50
10.67 10.11 10.75 10.84 10.89 10.94 10.38 11.08 11.13 11.19 11.23 11.31 10.76 11.42 11.48 11.47 11.52 11.58 11.65 11.52 11.59 11.66 11.73 11.65 11.72 11.79 6.91 7.02 7.05 10.99 11.05 11.32 11.38 11.45 11.51 7.47 7.51 7.56 7.60 12.49 12.57 12.66 14.55 16.81 13.27 15.41 13.05 15.05 13.21 8.08 8.12 8.12 8.16 8.20 8.24 8.21 8.24 9.65 10.38 9.63 8.28 8.31 8.34 8.33 8.35 8.37 8.39 8.38 8.39 8.41 8.42 8.42 8.43 14.95 8.44 15.10 10.12 8.50 8.50 8.52 8.52 8.51 15.13
10.78 10.82 10.86 10.95 11.00 10.43 11.10 11.18 11.23 11.28 11.34 11.41 11.47 10.91 11.58 11.56 11.62 11.68 11.75 11.62 11.69 11.75 11.82 11.75 11.82 11.89 11.96 12.21 7.09 11.06 11.12 7.30 7.34 7.37 7.41 7.51 7.55 7.60 11.99 12.56 12.64 12.72 8.29 11.96 10.77 10.83 11.78 13.19 13.27 11.98 8.15 8.15 8.19 8.23 8.26 8.23 8.27 8.30 8.33 8.27 8.30 8.33 8.36 8.34 8.36 8.38 8.40 8.39 8.40 8.41 9.80 8.43 8.43 8.44 8.44 8.50 8.50 8.50 8.50 8.52 8.52 8.51 15.14
10.27 10.92 10.97 11.05 11.10 11.15 11.20 11.28 11.33 11.39 11.44 11.51 11.57 11.62 11.68 11.66 11.72 11.78 11.84 11.71 11.78 11.84 11.91 11.83 11.90 11.97 12.05 12.29 12.37 7.17 7.20 7.34 7.38 7.41 7.45 7.55 7.59 7.63 12.05 7.74 7.78 15.80 11.98 8.36 7.95 7.99 11.83 10.99 13.32 13.39 8.18 8.17 8.21 8.25 8.28 9.58 8.28 8.32 8.35 8.29 8.31 8.34 8.37 8.35 8.37 8.39 8.41 8.39 8.41 8.42 8.43 8.43 8.44 8.44 8.45 8.50 8.50 8.50 8.50 8.52 8.52 10.11 10.10
10.93 10.97 11.02 11.11 11.16 10.59 11.25 11.34 11.39 11.45 11.50 11.57 11.62 11.67 11.73 11.76 11.19 11.88 11.94 11.89 11.95 12.01 12.08 12.01 12.08 12.14 12.22 12.30 12.37 12.45 12.52 7.35 7.39 7.43 7.47 7.58 7.62 12.03 15.35 9.12 7.81 8.06 12.34 13.43 9.34 8.02 10.97 11.03 13.98 13.44 12.97 14.82 12.92 8.21 8.24 8.13 8.17 8.20 8.23 8.17 8.20 8.23 8.25 8.29 8.31 8.33 8.35 8.39 8.40 8.42 8.43 8.51 8.52 8.52 8.53 8.57 8.57 8.56 8.56 9.91 8.52 15.16 15.14
