New_Model_Runs/4_scn3_noclimate_out/post_prcessed_with_MFR/Monthly_summaries/net_infiltration_monthly_MAR.asc
NCOLS 700
NROWS 400
XLLCENTER 515000.000000
YLLCENTER 8409000.000000
CELLSIZE 50.000000
NODATA_value -999.000000
[rows 111 to 147 of 400, columns 336 to 419 of 700]
0.00 0.00 5.37 5.43 10.19 8.46 9.53 8.58 8.49 8.55 8.61 8.66 9.70 9.77 8.78 8.82 9.91 9.96 8.98 9.02 9.10 9.14 10.24 9.14 10.32 9.20 9.22 10.36 9.22 8.85 8.86 8.85 8.84 8.84 8.83 8.83 9.66 8.81 8.81 8.81 9.66 8.81 8.80 8.80 8.74 8.73 8.73 8.72 8.70 8.69 8.68 8.67 8.73 8.72 9.53 8.70 8.69 8.68 10.24 8.67 8.67 8.67 9.50 8.68 8.72 8.72 8.71 8.71 8.73 8.72 8.71 10.37 10.37 10.35 10.67 10.31 10.24 10.23 10.18 10.15 9.99 9.95 9.91 9.87
0.00 0.00 0.00 9.45 8.37 8.44 8.50 8.56 9.51 8.56 8.62 8.67 8.72 9.79 8.81 8.86 8.92 11.29 8.99 9.03 9.12 9.10 9.12 9.15 9.18 9.20 9.21 10.37 9.19 8.83 8.83 8.83 8.81 8.80 8.80 8.80 8.78 8.78 8.78 8.78 8.75 8.74 8.74 8.74 8.65 8.64 8.64 8.63 8.62 8.61 8.60 8.59 8.62 8.61 8.59 9.42 8.59 8.58 8.57 8.57 8.58 8.58 9.41 8.58 8.60 8.60 8.60 8.59 8.60 8.60 8.59 10.23 10.24 10.22 10.20 10.55 10.47 10.08 10.05 10.02 9.87 9.83 9.80 9.76
0.00 0.00 5.52 9.54 8.45 8.51 8.58 8.63 8.57 9.65 8.68 8.73 8.78 8.82 9.86 8.91 8.96 11.33 10.07 9.07 9.11 9.13 10.80 10.33 9.21 9.22 9.23 9.24 10.35 9.21 8.84 8.84 8.82 8.81 9.67 8.81 8.80 9.65 8.80 8.80 8.76 9.61 10.16 9.59 8.67 8.66 8.65 8.64 8.64 8.63 8.61 9.44 8.63 8.61 8.60 8.58 8.59 8.57 8.57 8.56 8.57 8.57 8.57 8.57 8.59 8.59 8.59 8.59 8.60 9.43 8.59 10.23 10.24 10.23 10.21 10.19 10.12 10.09 10.06 10.03 9.88 9.85 9.82 9.78
0.00 0.00 8.56 8.63 8.53 8.59 9.67 8.70 8.64 10.52 9.77 8.78 8.83 8.87 8.91 8.95 9.01 10.07 10.11 9.11 9.14 9.17 13.07 9.20 9.23 9.25 9.26 9.26 9.22 10.37 8.85 9.69 8.83 8.82 8.82 9.68 8.81 8.81 9.67 8.82 8.78 8.78 8.78 9.60 8.68 8.67 9.50 8.66 8.65 8.64 9.46 8.61 8.64 8.62 8.60 8.59 8.59 8.57 8.56 8.55 8.56 8.56 8.56 8.56 8.58 9.42 8.59 8.58 8.60 8.59 8.59 10.23 10.25 10.23 10.58 10.19 10.12 10.10 10.07 10.05 11.48 9.87 9.83 9.80
8.51 8.58 8.64 8.70 8.61 8.66 10.51 8.77 8.70 8.75 8.79 9.87 8.88 9.93 8.96 9.00 9.06 9.09 10.15 9.15 9.18 10.32 9.22 9.24 9.26 9.27 10.43 9.28 9.24 9.23 8.86 8.86 8.84 8.83 8.83 9.66 8.82 8.82 9.68 8.83 8.79 8.79 9.61 8.78 8.69 8.95 8.67 8.66 8.66 8.64 8.63 8.61 8.64 8.62 8.60 8.58 8.58 8.56 8.55 8.54 8.55 8.54 8.54 8.55 8.56 8.57 8.57 8.57 8.59 9.41 10.60 10.23 10.24 10.23 10.21 10.19 10.12 10.10 10.08 10.38 9.91 9.87 9.84 9.81
8.34 8.40 9.97 8.53 8.47 8.53 8.58 8.62 8.66 8.70 8.74 8.78 8.86 9.89 11.26 8.97 9.04 9.07 9.10 9.12 9.12 9.14 9.16 10.31 9.17 9.17 9.17 9.17 9.15 10.27 12.11 8.76 8.74 8.74 9.59 10.15 8.71 8.72 8.72 8.72 8.67 8.66 9.50 9.69 8.73 11.65 11.63 11.61 8.80 8.78 8.77 8.75 8.78 8.77 8.75 8.73 8.70 8.68 8.66 8.65 8.63 8.63 8.63 8.63 8.59 8.60 8.60 8.60 8.56 8.56 10.21 10.21 10.13 10.12 10.11 10.09 11.62 10.34 9.96 9.93 9.96 9.93 9.90 9.87
8.42 8.48 10.07 8.60 8.54 8.59 8.64 8.68 8.71 8.75 8.79 8.83 8.91 8.94 8.98 10.05 9.08 9.12 9.14 9.11 9.17 9.18 9.20 10.35 11.27 9.20 9.20 9.19 9.16 9.16 9.15 8.78 8.75 8.75 8.75 8.75 8.72 8.72 8.72 8.72 8.67 8.66 8.66 9.49 11.66 11.64 11.63 8.69 8.79 8.78 8.76 8.74 8.78 8.76 8.74 8.72 8.69 8.67 8.65 8.64 8.61 8.61 8.60 8.60 8.57 8.57 8.58 8.58 8.54 8.54 10.55 10.19 10.12 10.11 10.10 10.08 9.99 9.97 9.95 9.93 9.96 9.94 9.91 9.88
8.51 10.10 8.62 8.68 8.61 8.66 8.70 8.74 8.77 8.81 8.85 8.89 8.95 8.99 10.06 9.07 9.13 9.16 9.13 9.16 9.21 9.22 9.23 10.39 9.23 9.23 9.22 10.35 9.18 9.17 9.16 9.15 8.76 8.76 8.76 8.76 8.73 8.73 8.72 12.42 11.56 13.97 11.55 8.65 8.72 8.71 8.70 8.68 8.79 8.77 8.75 8.73 8.76 8.74 8.72 8.70 8.67 8.65 8.64 8.62 8.60 8.59 8.58 8.58 8.54 8.54 8.55 8.56 8.52 8.52 10.17 10.17 10.10 10.10 10.08 10.07 9.99 9.97 9.95 9.93 9.96 9.94 9.91 9.88
10.13 8.65 9.69 8.75 8.69 8.73 8.77 8.80 8.83 8.87 8.90 8.93 9.01 9.05 9.09 9.12 9.13 9.16 9.18 10.35 9.25 9.26 9.27 9.27 9.26 9.25 9.24 10.37 9.20 9.19 9.75 9.17 8.77 8.77 8.77 8.77 10.41 9.71 11.64 11.64 11.55 8.65 8.64 8.63 8.71 8.70 8.68 8.67 8.77 8.75 8.74 8.72 8.75 8.73 8.71 8.69 8.65 8.63 8.61 8.60 8.57 8.56 8.55 8.55 8.51 8.51 8.52 8.53 8.49 8.50 10.14 10.14 12.60 10.07 12.58 12.57 9.97 9.95 9.94 9.92 9.95 9.93 9.91 9.88
8.44 8.50 8.55 8.60 8.72 8.76 8.79 9.87 8.93 8.96 8.99 9.03 9.10 9.14 10.25 9.16 9.22 9.25 9.27 10.44 10.44 9.29 9.29 10.45 9.27 9.26 9.25 9.23 10.34 9.19 10.44 10.97 11.74 11.74 8.77 9.04 9.06 9.06 10.51 11.72 8.88 8.87 8.86 8.85 9.00 8.99 8.97 8.96 9.02 9.00 8.98 8.96 8.96 8.94 8.92 8.89 8.84 8.82 8.79 8.78 8.74 8.73 8.72 8.71 8.66 8.66 8.67 8.68 8.60 10.27 10.27 10.27 10.13 10.13 12.67 10.12 10.11 10.10 10.09 10.07 10.26 10.24 10.21 10.19
8.53 8.58 10.44 8.67 8.79 8.83 8.86 8.89 10.00 9.01 10.08 10.17 9.16 9.14 9.18 9.21 9.27 9.29 9.31 9.33 9.32 9.32 9.32 9.32 9.29 9.28 9.26 9.25 9.22 9.20 9.19 9.18 11.94 11.74 11.73 11.71 11.75 11.73 11.72 8.76 8.86 8.85 8.84 8.83 8.98 8.97 8.95 8.93 8.99 8.97 8.95 8.93 8.93 8.91 8.89 8.87 8.81 8.79 8.77 11.08 8.71 8.69 8.68 8.68 8.62 8.63 8.63 8.64 8.57 10.23 10.24 10.24 10.10 10.10 10.10 10.09 10.09 10.08 10.07 10.05 10.24 10.22 10.20 10.18
8.61 8.66 8.70 8.74 8.86 8.89 8.93 8.95 9.04 9.07 9.11 9.14 9.16 9.20 9.23 9.26 9.32 9.34 9.36 9.37 9.35 9.36 9.35 9.34 9.32 9.30 9.28 9.26 9.23 9.21 9.20 9.19 9.16 8.79 8.77 11.71 11.74 11.72 8.76 8.74 8.84 8.83 8.82 8.81 8.96 8.94 8.93 8.91 8.97 8.94 8.92 8.90 8.90 9.04 11.42 11.20 11.12 11.09 11.06 11.03 10.98 10.96 10.94 10.93 10.86 8.59 8.59 8.60 8.53 10.19 10.20 10.20 10.07 10.07 10.07 10.06 10.07 10.06 10.05 10.03 10.23 10.21 10.19 10.17
8.70 8.74 8.78 8.81 8.93 8.95 8.98 9.01 9.10 9.13 9.17 9.15 9.22 9.25 9.29 9.31 9.37 9.38 9.40 9.41 9.39 9.39 9.38 9.37 9.34 9.32 9.29 9.27 9.23 9.22 9.20 9.19 9.17 8.78 8.77 8.76 8.77 8.76 8.74 8.73 8.82 8.81 8.80 8.79 8.93 8.91 8.90 8.88 8.93 8.91 8.89 11.25 11.24 10.53 10.49 10.66 10.42 11.04 11.01 10.98 10.93 10.91 10.88 10.87 10.80 10.80 8.55 8.56 8.49 10.15 10.16 10.16 10.03 10.03 10.03 10.03 10.04 10.03 10.02 10.01 10.21 10.19 10.17 10.15
9.05 9.10 9.13 9.11 9.20 9.23 9.25 9.28 9.32 9.35 9.38 9.42 9.48 9.51 9.54 9.56 9.59 9.60 9.61 9.62 9.59 9.59 9.58 9.56 9.51 9.48 9.46 9.43 9.41 9.39 9.37 9.35 9.36 9.34 8.95 8.93 8.95 8.93 8.91 8.90 8.98 8.96 8.95 8.93 8.99 8.98 8.96 8.94 8.94 9.07 8.90 11.25 11.23 11.42 11.18 10.40 10.57 11.06 11.40 11.00 10.95 10.92 10.90 10.89 10.82 10.83 10.84 8.58 10.17 10.18 10.19 10.20 10.13 10.13 10.14 10.14 10.18 10.17 10.17 10.16 10.28 10.26 10.25 10.23
9.14 9.13 9.16 9.18 9.27 9.30 9.32 9.35 9.38 9.42 9.45 9.48 9.54 9.57 9.59 9.61 9.63 9.65 9.65 9.65 9.62 9.62 9.60 9.59 9.53 9.50 9.47 9.44 9.41 9.39 9.37 9.35 9.36 9.34 8.94 8.92 8.94 8.92 8.90 8.88 8.96 8.94 8.92 8.90 8.96 8.94 9.29 8.90 8.90 8.88 10.53 11.26 10.66 11.89 13.69 12.40 8.89 9.23 9.95 9.55 12.61 11.47 10.84 10.31 10.76 10.76 10.77 8.54 10.11 10.13 10.14 10.15 10.08 10.09 10.09 10.10 10.14 10.14 10.14 10.13 10.25 10.24 10.23 10.21
9.18 9.21 9.24 9.26 9.35 9.37 9.39 9.41 9.45 9.48 9.51 9.54 9.60 9.62 9.64 9.66 9.68 9.69 9.69 9.69 9.66 9.65 9.63 9.61 9.55 9.52 9.49 9.45 9.42 9.40 9.38 9.35 9.35 9.33 8.93 8.91 8.93 8.90 8.88 8.85 8.93 8.91 8.89 8.87 8.92 9.64 7.82 11.42 8.86 11.20 10.68 11.37 11.70 8.93 9.19 5.18 4.80 8.05 8.44 5.54 5.17 5.16 9.51 11.35 11.43 11.07 10.70 10.72 12.15 10.07 10.09 10.10 10.03 10.04 10.05 10.05 10.10 10.10 10.10 10.09 10.21 10.21 11.13 11.11
9.27 9.30 9.32 9.34 9.43 9.44 9.46 9.49 9.52 9.55 9.58 9.61 9.66 9.68 9.70 12.17 12.19 12.19 9.73 9.73 9.69 9.67 9.65 9.63 9.57 9.53 9.50 9.47 9.43 9.40 9.38 9.35 9.35 9.32 9.30 8.90 8.91 8.88 8.86 8.83 8.90 8.88 8.85 8.83 8.88 9.39 10.35 10.74 11.07 12.14 8.98 9.32 12.17 11.40 6.95 0.00 11.76 0.00 0.00 0.00 6.55 7.66 7.65 4.02 9.43 9.06 11.01 10.65 12.07 12.09 10.03 10.04 9.98 9.99 10.00 10.00 10.05 10.05 10.06 10.05 12.32 12.31 11.08 11.03
9.57 12.03 12.37 12.40 9.65 9.66 9.68 12.16 9.72 9.75 9.77 11.68 9.83 9.85 11.89 12.39 12.38 12.38 12.37 9.85 9.80 9.78 9.76 9.73 9.68 9.64 9.60 9.57 9.53 9.50 9.47 9.44 9.44 9.41 9.38 8.98 8.97 8.94 8.91 10.47 8.89 8.86 10.75 10.15 8.99 10.55 11.11 7.56 7.89 12.60 6.98 0.00 0.00 0.00 0.00 0.00 0.00 0.00 0.00 0.00 0.00 0.00 0.00 0.00 7.26 7.26 8.27 10.84 12.03 12.05 10.00 10.02 10.01 10.02 10.03 10.04 10.08 11.04 11.00 11.05 12.30 11.53 13.03 11.89
12.50 12.53 12.18 12.55 12.21 12.22 12.61 12.27 12.29 12.88 12.75 12.78 11.81 11.83 12.86 12.87 12.44 12.44 12.42 9.88 9.83 9.81 9.78 9.75 9.70 9.66 9.62 9.58 9.54 9.51 9.47 9.44 9.44 9.41 9.37 9.34 8.95 8.92 9.84 9.79 11.54 8.46 11.26 11.32 10.53 10.69 10.65 11.14 3.63 0.00 0.00 0.00 0.00 0.00 0.00 0.00 0.00 0.00 0.00 0.00 0.00 0.00 0.00 0.00 0.00 0.00 6.13 7.16 3.54 12.44 11.72 9.96 10.09 10.89 9.98 9.98 10.03 10.93 10.94 10.94 12.24 10.18 10.55 10.54
12.27 13.03 13.05 13.07 12.33 12.72 13.11 13.51 13.54 13.57 13.97 10.84 13.29 12.93 13.32 12.95 12.94 12.50 12.48 12.46 9.86 9.84 9.81 12.26 12.18 12.12 12.06 9.59 11.43 9.51 9.47 11.79 11.78 11.73 11.68 11.81 10.42 11.80 12.11 11.31 13.21 10.45 11.51 7.10 9.42 11.16 11.13 0.00 0.00 0.00 0.00 0.00 0.00 0.00 0.00 0.00 0.00 0.00 0.00 0.00 0.00 0.00 0.00 0.00 0.00 0.00 0.00 0.00 0.00 7.89 7.16 6.79 13.03 11.02 10.35 10.84 10.85 11.33 10.36 10.00 13.66 4.67 11.61 5.41
13.17 13.19 11.16 11.17 13.20 12.84 13.62 12.79 11.24 11.63 6.01 6.76 13.91 14.51 11.33 13.03 13.39 12.56 12.91 13.33 13.55 12.76 13.09 12.98 13.07 12.14 12.56 12.48 16.78 10.43 12.27 12.21 11.76 12.08 11.65 11.97 8.64 10.65 8.91 9.78 12.44 3.04 4.50 5.98 8.11 0.00 0.00 0.00 0.00 0.00 0.00 0.00 0.00 0.00 0.00 0.00 0.00 0.00 0.00 0.00 0.00 0.00 0.00 0.00 0.00 0.00 0.00 0.00 0.00 0.00 0.00 0.00 0.00 14.74 14.38 12.20 10.41 11.16 10.79 3.91 14.07 0.00 7.91 9.02
15.25 12.39 4.53 11.29 13.38 13.75 13.76 13.13 10.59 11.35 15.74 9.67 16.87 18.35 15.77 16.64 14.64 14.26 14.24 7.80 15.66 16.46 17.62 13.93 13.33 14.15 13.33 16.13 6.93 14.44 12.27 12.57 12.87 10.59 12.78 3.18 2.79 2.35 11.40 11.34 11.29 6.28 7.01 6.25 0.00 0.00 0.00 0.00 0.00 0.00 0.00 0.00 0.00 0.00 0.00 0.00 0.00 0.00 0.00 0.00 0.00 0.00 0.00 0.00 0.00 0.00 0.00 0.00 0.00 0.00 0.00 0.00 0.00 0.00 0.00 0.00 4.74 7.51 13.62 10.34 0.00 0.00 0.00 10.35
14.28 11.78 4.94 4.20 13.91 15.04 15.79 14.68 6.72 14.33 14.72 5.66 6.03 6.78 8.22 11.46 11.45 11.06 3.46 7.45 6.75 10.68 14.15 14.10 14.41 15.46 14.65 13.47 14.14 14.45 13.64 13.95 13.89 3.95 3.93 6.80 6.41 5.97 5.95 2.68 2.66 2.64 2.63 0.00 0.00 0.00 0.00 0.00 0.00 0.00 0.00 0.00 0.00 0.00 0.00 0.00 0.00 0.00 0.00 0.00 0.00 0.00 0.00 0.00 0.00 0.00 0.00 0.00 0.00 0.00 0.00 0.00 0.00 0.00 0.00 0.00 0.00 0.00 0.00 0.00 0.00 0.00 0.00 0.00
14.79 16.48 11.55 9.35 15.17 14.79 14.42 6.75 10.46 10.46 10.47 5.68 2.05 0.00 0.00 0.00 0.00 4.00 5.66 0.00 0.00 0.00 0.00 3.63 5.98 7.00 6.98 6.59 6.29 7.66 7.63 6.87 7.22 6.83 6.44 3.17 3.15 2.33 2.68 2.38 1.99 2.26 0.00 0.00 0.00 0.00 0.00 0.00 0.00 0.00 0.00 0.00 0.00 0.00 0.00 0.00 0.00 0.00 0.00 0.00 0.00 0.00 0.00 0.00 0.00 0.00 0.00 0.00 0.00 0.00 0.00 0.00 0.00 0.00 0.00 0.00 0.00 0.00 0.00 0.00 0.00 0.00 0.00 0.00
10.92 7.17 15.30 16.04 10.90 10.90 12.85 2.07 6.90 6.90 6.90 5.70 0.00 0.00 0.00 0.00 0.00 0.00 0.00 0.00 0.00 0.00 0.00 0.00 0.00 0.00 0.00 1.94 2.30 2.28 3.01 3.36 2.61 2.22 1.84 2.19 2.18 1.80 0.37 2.00 1.61 1.27 0.00 0.00 0.00 0.00 0.00 0.00 0.00 0.00 0.00 0.00 0.00 0.00 0.00 0.00 0.00 0.00 0.00 0.00 0.00 0.00 0.00 0.00 0.00 0.00 0.00 0.00 0.00 0.00 0.00 0.00 0.00 0.00 0.00 0.00 0.00 0.00 0.00 0.00 0.00 0.00 0.00 0.00
14.68 6.84 6.84 6.10 6.10 6.99 6.98 6.98 6.98 6.97 6.97 6.82 0.00 0.00 0.00 0.00 0.00 0.00 0.00 0.00 0.00 0.00 0.00 0.00 0.00 0.00 0.00 0.00 0.00 0.00 2.27 2.62 0.00 0.00 0.00 0.00 0.00 0.00 0.00 0.00 0.00 0.00 0.00 0.00 0.00 0.00 0.00 0.00 0.00 0.00 0.00 0.00 0.00 0.00 0.00 0.00 0.00 0.00 0.00 0.00 0.00 0.00 0.00 0.00 0.00 0.00 0.00 0.00 0.00 0.00 0.00 0.00 0.00 0.00 0.00 0.00 0.00 0.00 0.00 0.00 0.00 0.00 0.00 0.00
12.96 17.24 7.45 6.12 7.82 3.23 8.18 7.06 7.05 0.00 0.00 0.00 0.00 0.00 0.00 0.00 0.00 0.00 0.00 0.00 0.00 0.00 0.00 0.00 0.00 0.00 0.00 0.00 0.00 0.00 0.00 0.00 0.00 0.00 0.00 0.00 0.00 0.00 0.00 0.00 0.00 0.00 0.00 0.00 0.00 0.00 0.00 0.00 0.00 0.00 0.00 0.00 0.00 0.00 0.00 0.00 0.00 0.00 0.00 0.00 0.00 0.00 0.00 0.00 0.00 0.00 0.00 0.00 0.00 0.00 0.00 0.00 0.00 0.00 0.00 0.00 0.00 0.00 0.00 0.00 0.00 0.00 0.00 0.00
11.30 17.41 11.31 5.78 11.53 3.63 2.88 2.51 2.55 8.46 2.13 5.76 0.00 0.00 0.00 0.00 0.00 0.00 0.00 0.00 0.00 0.00 0.00 0.00 0.00 0.00 0.00 0.00 0.00 0.00 0.00 0.00 0.00 0.00 0.00 0.00 0.00 0.00 0.00 0.00 0.00 0.00 0.00 0.00 0.00 0.00 0.00 0.00 0.00 0.00 0.00 0.00 0.00 0.00 0.00 0.00 0.00 0.00 0.00 0.00 0.00 0.00 0.00 0.00 0.00 0.00 0.00 0.00 0.00 0.00 0.00 0.00 0.00 0.00 0.00 0.00 0.00 0.00 0.00 0.00 0.00 0.00 0.00 0.00
16.45 13.28 11.06 14.68 6.17 6.54 2.54 2.16 2.16 7.19 7.18 6.15 0.00 0.00 0.00 0.00 0.00 0.00 0.00 0.00 0.00 0.00 0.00 0.00 0.00 0.00 0.00 0.00 0.00 0.00 0.00 0.00 0.00 0.00 0.00 0.00 0.00 0.00 0.00 0.00 0.00 0.00 0.00 0.00 0.00 0.00 0.00 0.00 0.00 0.00 0.00 0.00 0.00 0.00 0.00 0.00 0.00 0.00 0.00 0.00 0.00 0.00 0.00 0.00 0.00 0.00 0.00 0.00 0.00 0.00 0.00 0.00 0.00 0.00 0.00 0.00 0.00 0.00 0.00 0.00 0.00 0.00 0.00 0.00
16.34 12.02 7.35 8.46 5.20 7.71 6.97 6.56 6.55 6.38 6.17 6.16 0.00 0.00 0.00 0.00 0.00 0.00 0.00 0.00 0.00 0.00 0.00 0.00 0.00 0.00 0.00 0.00 0.00 0.00 0.00 0.00 0.00 0.00 0.00 0.00 0.00 0.00 0.00 0.00 0.00 0.00 0.00 0.00 0.00 0.00 0.00 0.00 0.00 0.00 0.00 0.00 0.00 0.00 0.00 0.00 0.00 0.00 0.00 0.00 0.00 0.00 0.00 0.00 0.00 0.00 0.00 0.00 0.00 0.00 0.00 0.00 0.00 0.00 0.00 0.00 0.00 0.00 0.00 0.00 0.00 0.00 0.00 0.00
11.23 8.30 15.28 4.86 12.38 17.89 17.04 17.75 15.56 15.16 8.45 6.55 5.80 5.79 6.15 15.23 7.24 7.22 7.24 10.57 0.00 0.00 0.00 0.00 0.00 0.00 0.00 0.00 0.00 0.00 0.00 0.00 0.00 0.00 0.00 0.00 0.00 0.00 0.00 0.00 0.00 0.00 0.00 0.00 0.00 0.00 0.00 0.00 0.00 0.00 0.00 0.00 0.00 0.00 0.00 0.00 0.00 0.00 0.00 0.00 0.00 0.00 0.00 0.00 0.00 0.00 0.00 0.00 0.00 0.00 0.00 0.00 0.00 0.00 0.00 0.00 0.00 0.00 0.00 0.00 0.00 0.00 0.00 0.00
9.04 10.51 10.14 8.52 17.36 14.90 12.43 10.99 10.91 11.15 17.75 14.89 14.74 6.94 7.67 15.29 14.84 7.23 7.20 7.37 14.14 10.47 0.00 0.00 0.00 0.00 0.00 0.00 0.00 0.00 0.00 0.00 0.00 0.00 0.00 0.00 0.00 0.00 0.00 0.00 0.00 0.00 0.00 0.00 0.00 0.00 0.00 0.00 0.00 0.00 0.00 0.00 0.00 0.00 0.00 0.00 0.00 0.00 0.00 0.00 0.00 0.00 0.00 0.00 0.00 0.00 0.00 0.00 0.00 0.00 0.00 0.00 0.00 0.00 0.00 0.00 0.00 0.00 0.00 0.00 0.00 0.00 0.00 0.00
5.07 10.60 11.37 16.29 14.09 13.70 11.09 11.07 10.99 10.96 13.27 13.21 13.50 13.35 11.05 17.64 13.14 10.18 13.12 13.00 13.43 14.44 14.35 13.88 0.00 0.00 0.00 0.00 0.00 0.00 0.00 0.00 0.00 0.00 0.00 0.00 0.00 0.00 0.00 0.00 0.00 0.00 0.00 0.00 0.00 0.00 0.00 0.00 0.00 0.00 0.00 0.00 0.00 0.00 0.00 0.00 0.00 0.00 0.00 0.00 0.00 0.00 0.00 0.00 0.00 0.00 0.00 0.00 0.00 0.00 0.00 0.00 0.00 0.00 0.00 0.00 0.00 0.00 0.00 0.00 0.00 0.00 0.00 0.00
12.66 9.60 11.08 9.97 13.85 13.83 11.13 11.10 11.03 10.99 10.95 10.90 12.28 11.19 14.74 19.63 11.04 13.08 12.79 15.19 12.55 12.42 11.47 11.00 13.79 5.61 5.59 0.00 0.00 0.00 0.00 0.00 0.00 0.00 0.00 0.00 0.00 0.00 0.00 0.00 0.00 0.00 0.00 0.00 0.00 0.00 0.00 0.00 0.00 0.00 0.00 0.00 0.00 0.00 0.00 0.00 0.00 0.00 0.00 0.00 0.00 0.00 0.00 0.00 0.00 0.00 0.00 0.00 0.00 0.00 0.00 0.00 0.00 0.00 0.00 0.00 0.00 0.00 0.00 0.00 0.00 0.00 0.00 0.00
12.26 11.57 10.04 12.26 9.80 11.23 12.63 11.18 11.11 11.07 11.02 10.97 13.54 13.83 16.95 14.06 10.72 11.17 12.83 10.31 10.16 12.45 13.07 11.01 12.11 14.07 6.62 5.57 0.00 0.00 0.00 0.00 0.00 0.00 0.00 0.00 0.00 0.00 0.00 0.00 0.00 0.00 0.00 0.00 0.00 0.00 0.00 0.00 0.00 0.00 0.00 0.00 0.00 0.00 0.00 0.00 0.00 0.00 0.00 0.00 0.00 0.00 0.00 0.00 0.00 0.00 0.00 0.00 0.00 0.00 0.00 0.00 0.00 0.00 0.00 0.00 0.00 0.00 0.00 0.00 0.00 0.00 0.00 0.00
11.99 10.49 11.07 12.38 11.97 12.34 14.04 11.26 11.18 11.14 11.10 13.21 13.63 7.40 19.68 10.49 10.39 14.40 12.44 10.34 10.19 10.10 12.35 10.44 10.92 10.44 10.71 5.57 5.54 0.00 0.00 0.00 0.00 0.00 0.00 0.00 0.00 0.00 0.00 0.00 0.00 0.00 0.00 0.00 0.00 0.00 0.00 1.25 5.34 5.73 5.43 4.10 0.00 0.00 0.00 0.00 0.00 0.00 0.00 0.00 0.00 0.00 0.00 0.00 0.00 0.00 0.00 0.00 0.00 0.00 0.00 0.00 0.00 0.00 0.00 0.00 0.00 0.00 0.00 0.00 0.00 0.00 0.00 0.00
14.18 13.23 15.01 13.26 12.46 9.92 11.36 11.33 11.26 11.21 11.17 13.30 13.73 13.98 16.58 13.34 13.21 13.07 10.46 10.37 10.21 10.12 10.03 12.24 12.47 15.59 16.52 13.86 6.55 5.52 5.50 5.48 0.00 0.00 0.00 0.00 0.00 0.00 5.71 2.58 1.67 1.65 1.34 1.32 1.30 1.28 4.88 8.13 10.59 6.06 4.48 2.02 2.00 0.00 0.00 0.00 0.00 0.00 0.00 0.00 0.00 0.00 0.00 0.00 0.00 0.00 0.00 0.00 0.00 0.00 0.00 0.00 0.00 0.00 0.00 0.00 0.00 0.00 0.00 0.00 0.00 0.00 0.00 0.00
