New_Model_Runs/4_scn3_noclimate_out/post_prcessed_with_MFR/Monthly_summaries/net_infiltration_monthly_SEP.asc
NCOLS 700
NROWS 400
XLLCENTER 515000.000000
YLLCENTER 8409000.000000
CELLSIZE 50.000000
NODATA_value -999.000000
[rows 114 to 151 of 400, columns 504 to 587 of 700]
6.06 6.01 5.95 5.89 5.61 5.58 5.49 5.44 5.27 5.21 5.16 5.10 5.06 5.02 4.97 4.92 4.92 4.87 4.82 4.77 3.94 7.39 3.81 3.75 4.61 4.56 4.64 2.50 4.68 3.51 3.46 4.41 4.35 4.32 4.28 7.76 7.75 7.95 4.53 4.50 4.19 4.16 4.13 4.10 7.62 4.08 4.17 4.01 3.94 3.91 3.87 3.84 3.73 3.69 3.66 3.62 3.52 3.73 3.70 3.67 3.87 3.86 3.58 3.54 3.51 3.64 3.59 3.40 3.44 3.26 3.22 3.19 3.22 3.38 3.19 3.18 3.29 2.92 5.76 0.00 0.00 0.00 0.00 0.00
5.78 6.04 5.98 5.93 5.64 5.58 5.52 5.46 5.29 5.24 5.18 5.13 5.09 5.04 4.99 4.93 4.93 4.88 4.83 4.78 4.85 8.30 6.43 6.38 6.32 4.70 4.65 4.61 4.54 4.50 6.98 7.93 7.87 7.84 7.80 4.26 4.25 7.73 8.05 8.02 4.20 4.17 4.14 4.11 7.63 7.83 4.05 4.02 3.95 3.91 3.88 3.85 3.73 3.70 3.66 3.62 3.52 3.74 3.70 3.67 3.87 4.04 3.57 3.54 3.50 3.46 3.42 3.39 3.28 3.24 3.21 3.18 3.21 3.19 3.35 3.34 3.29 1.86 3.70 3.35 5.41 5.86 5.43 5.08
5.86 5.80 5.74 5.73 5.58 5.48 5.42 5.36 5.39 5.33 5.28 5.22 5.23 5.18 5.12 5.07 5.04 4.98 4.93 4.88 4.88 4.82 4.73 4.69 4.63 8.09 6.22 8.14 8.09 8.05 8.01 4.46 4.44 4.41 4.37 4.33 4.32 4.29 4.25 7.73 7.70 4.16 4.26 2.93 4.19 7.55 7.52 7.49 3.93 3.90 3.86 3.83 3.73 3.70 3.66 3.63 3.49 3.71 3.67 3.63 3.58 3.54 3.51 3.47 3.43 3.39 3.35 3.31 3.28 3.24 3.21 3.18 3.24 3.23 3.39 3.38 3.30 3.30 3.47 3.75 1.57 1.56 0.48 0.48
5.89 5.83 5.77 5.71 5.56 5.50 5.44 5.38 5.41 5.35 5.29 5.24 5.25 5.19 5.14 5.08 5.05 4.99 4.94 4.89 4.84 4.79 4.74 4.69 2.66 4.59 4.68 4.63 4.58 4.54 3.31 4.46 4.45 4.41 4.37 4.34 4.33 4.29 4.26 4.22 7.71 7.68 4.13 4.10 4.07 4.04 4.01 4.10 7.44 6.22 2.52 4.30 3.83 3.70 3.66 3.63 3.50 3.71 3.67 3.63 3.58 3.54 3.50 3.46 3.42 3.38 3.34 3.30 3.27 3.23 3.20 3.17 3.24 3.40 3.39 3.21 3.30 3.31 3.32 3.33 1.20 1.20 0.48 0.49
5.92 5.86 5.79 5.73 5.58 5.52 5.46 5.40 5.43 5.37 5.31 5.25 5.26 5.20 5.15 5.09 5.05 5.00 4.95 4.90 4.85 4.80 4.75 4.70 4.63 4.59 4.54 4.63 4.59 4.54 4.51 4.47 4.45 4.41 4.38 4.34 4.33 4.29 4.26 4.23 4.20 7.68 7.65 7.62 7.59 4.05 7.88 6.30 6.26 6.22 2.52 2.63 3.74 3.80 3.66 3.63 3.50 3.71 3.67 3.63 3.58 3.54 3.49 3.61 3.41 3.52 3.33 3.29 3.26 3.22 3.19 3.17 3.23 3.40 3.39 3.39 3.31 3.32 3.33 1.54 1.93 1.56 0.84 0.13
5.94 5.88 5.81 5.74 5.59 5.53 5.47 5.41 5.44 5.38 5.32 5.26 5.26 5.21 5.15 5.09 5.06 5.00 4.95 4.90 4.85 4.80 4.75 4.70 4.63 4.59 4.68 4.63 4.58 4.54 4.50 4.47 4.45 4.41 4.38 4.34 4.33 4.29 4.26 4.23 4.20 4.17 4.14 4.11 7.59 5.68 6.01 2.99 6.11 7.41 3.98 4.03 3.74 3.70 3.66 3.63 3.49 3.70 3.66 3.62 3.57 3.53 3.66 3.45 3.41 3.36 3.32 3.28 3.25 3.22 3.19 3.17 3.23 3.23 3.58 3.40 3.50 3.52 3.06 3.07 2.09 3.02 2.64 0.13
5.95 5.88 5.81 5.74 5.80 5.74 5.67 5.61 5.64 5.57 5.51 5.45 5.40 5.34 5.28 5.22 5.16 5.10 5.04 4.99 4.93 4.88 4.83 4.78 4.73 4.68 4.63 4.59 4.68 4.64 4.60 4.56 4.54 4.50 4.46 4.43 4.39 4.36 4.33 4.29 4.23 4.19 4.16 4.14 2.17 7.86 7.52 3.97 2.75 3.87 3.84 3.80 3.69 3.65 3.62 3.66 3.46 3.67 3.63 3.59 3.56 3.52 3.48 3.43 3.44 3.40 3.35 3.31 3.31 3.27 3.24 3.23 3.24 3.24 3.24 3.24 3.19 3.02 3.03 3.07 1.73 2.63 1.59 1.58
5.96 5.89 5.82 5.75 5.81 5.74 5.67 5.61 5.64 5.57 5.51 5.45 5.39 5.34 5.28 5.22 5.15 5.10 5.04 4.98 4.92 4.87 4.82 4.77 4.72 4.67 3.42 3.37 4.67 4.63 4.59 4.55 4.53 4.49 4.46 4.42 4.39 4.35 3.10 4.29 4.22 6.50 6.47 2.92 2.89 7.55 4.00 3.97 3.90 3.87 3.84 3.80 3.69 3.65 3.61 3.58 3.46 3.67 3.63 3.59 3.56 3.51 3.47 3.43 3.43 3.39 3.35 3.31 3.30 3.27 3.24 3.22 3.25 3.24 3.24 3.25 3.33 3.34 3.34 3.08 1.38 1.55 1.59 1.39
5.96 5.89 5.82 5.75 5.81 5.74 5.68 5.61 5.63 5.57 5.51 5.44 5.39 5.33 5.27 5.21 5.15 5.09 5.03 4.98 4.91 4.86 4.81 4.76 4.71 4.98 3.55 3.49 3.30 4.62 4.58 4.55 4.52 4.48 4.45 4.41 1.71 4.34 3.09 3.05 6.53 3.35 6.91 6.43 6.39 4.03 4.00 3.97 3.90 3.87 3.83 3.80 3.69 3.65 3.61 3.57 3.69 3.66 3.62 3.58 3.55 3.51 3.46 3.42 3.42 3.38 3.34 3.30 3.29 3.26 3.24 3.22 3.25 3.25 3.25 3.25 3.34 3.34 3.54 3.54 3.41 3.58 3.62 3.43
5.96 5.89 5.82 5.75 5.81 5.93 5.67 5.60 5.62 3.42 5.53 5.71 5.42 5.32 5.26 5.20 3.02 5.08 5.02 4.96 4.90 4.85 4.80 4.75 4.70 4.97 4.61 3.48 3.29 4.61 4.57 4.53 3.33 4.47 4.44 3.20 2.39 4.33 4.30 6.55 3.01 3.18 3.30 4.12 4.05 4.02 3.99 3.96 3.89 3.86 3.83 3.79 3.68 3.64 3.60 3.57 3.45 3.66 3.62 3.57 3.54 3.50 3.46 3.41 3.42 3.37 3.33 3.29 3.29 3.26 3.23 3.22 3.25 3.25 3.25 3.25 3.34 3.34 3.53 3.54 3.61 3.61 3.58 3.43
5.82 5.75 5.99 5.93 5.93 5.86 5.84 5.72 5.66 5.59 6.11 5.46 5.40 5.34 5.28 5.54 5.50 5.13 4.19 3.96 4.96 4.90 4.85 4.80 4.76 5.03 4.98 4.98 4.93 4.67 4.63 4.59 4.61 3.83 5.01 3.46 3.14 2.95 7.80 7.78 4.20 4.18 4.15 4.12 4.09 4.06 4.03 4.00 3.92 4.10 3.85 3.82 3.66 3.62 3.58 3.54 3.43 3.64 3.60 3.56 3.57 3.52 3.48 3.60 3.61 3.57 3.36 3.32 3.31 3.28 3.26 3.53 3.27 3.27 3.27 3.27 3.30 3.31 3.50 3.51 3.70 3.33 3.33 3.34
5.81 5.74 5.99 5.92 5.92 5.85 5.78 5.71 5.64 5.62 5.51 5.44 5.38 5.32 5.26 5.21 5.55 5.49 5.42 5.71 4.21 4.88 4.83 4.78 4.74 5.73 4.76 5.70 5.25 4.85 4.97 4.57 3.42 4.45 4.41 2.21 3.26 8.22 4.28 4.25 4.45 4.16 4.14 4.11 4.08 4.05 4.02 3.99 4.14 3.87 3.84 3.81 3.65 3.61 3.57 3.54 3.43 3.64 3.60 3.55 3.56 3.69 3.68 3.43 3.44 3.40 3.55 3.47 3.30 3.43 3.40 3.24 3.55 3.26 3.26 3.27 3.30 3.30 3.46 3.31 3.32 3.32 3.33 3.34
5.80 5.73 5.97 5.91 5.90 5.83 5.76 5.69 5.62 5.55 5.49 5.42 5.36 5.30 5.24 5.18 5.14 5.46 5.80 6.05 3.56 2.69 8.67 5.45 6.12 2.88 8.88 8.82 9.14 7.09 8.47 9.14 7.62 8.30 6.83 6.79 8.93 4.62 4.27 4.37 4.18 4.15 4.12 4.24 4.20 4.17 4.00 4.11 4.02 3.86 3.83 3.80 3.64 3.60 3.57 3.53 3.42 3.63 3.59 3.55 3.55 3.51 3.47 3.42 3.44 3.39 3.35 3.31 3.45 3.27 3.25 3.24 3.26 3.26 3.55 3.26 3.29 3.45 3.30 3.31 3.31 3.32 3.32 3.33
5.78 5.71 5.96 5.89 5.88 5.81 5.74 5.66 5.60 5.53 5.46 5.39 5.34 5.61 5.54 5.16 5.11 5.06 4.45 5.10 8.54 7.34 8.99 5.49 3.24 7.10 5.54 7.72 7.68 2.71 8.32 5.84 5.97 5.94 7.66 3.52 4.31 4.28 4.25 4.22 4.16 4.14 4.11 4.22 4.19 4.16 2.67 4.10 4.01 3.97 3.94 3.88 3.63 3.59 3.56 3.52 3.64 3.62 3.58 3.54 3.54 3.50 3.46 3.41 3.43 3.38 3.34 3.45 3.29 3.26 3.24 3.23 3.25 3.25 3.25 3.26 3.29 3.29 3.30 3.30 3.31 3.31 3.32 3.48
5.87 5.79 5.72 5.96 5.91 5.83 5.76 5.68 5.57 5.50 5.43 5.36 5.31 5.25 5.19 5.13 5.09 5.03 5.34 4.17 8.31 7.99 3.63 2.53 6.75 5.90 7.74 0.00 0.00 0.00 0.00 0.00 0.00 5.92 7.50 5.05 4.27 4.24 4.21 4.18 4.19 7.68 7.80 6.14 2.95 2.93 2.18 3.61 2.73 3.95 3.91 3.76 3.63 3.77 3.64 3.60 3.44 3.65 3.61 2.07 1.85 1.79 1.74 3.39 3.36 3.48 3.28 3.24 3.23 3.20 3.18 3.17 3.19 3.34 3.20 3.34 3.22 3.22 3.22 3.23 3.23 3.24 3.39 3.25
5.84 5.77 5.70 5.94 6.38 6.29 6.20 6.11 5.98 5.47 5.40 5.33 5.28 5.21 5.15 5.09 3.85 5.00 4.01 4.65 3.71 6.80 5.69 8.57 5.70 0.00 0.00 0.00 0.00 0.00 0.00 0.00 0.00 0.00 6.25 4.30 4.24 4.21 4.19 4.16 7.76 5.00 2.63 3.95 7.16 3.27 4.48 2.65 3.97 3.93 3.90 3.75 3.62 3.58 3.55 3.52 3.67 3.64 3.60 3.56 1.83 1.79 3.46 3.38 3.36 3.31 3.27 3.23 3.22 3.19 3.17 3.16 3.19 3.19 3.19 3.19 3.21 3.21 3.21 3.22 3.22 3.37 3.23 3.24
5.81 5.74 5.98 5.91 6.34 6.25 5.89 6.07 5.94 5.43 5.36 5.30 5.24 5.18 5.12 5.06 3.93 4.96 3.80 3.73 3.31 3.30 4.72 8.31 3.87 0.00 0.00 0.00 0.00 0.00 0.00 0.00 0.00 0.00 0.00 7.92 4.21 4.19 7.67 6.40 1.33 1.83 2.17 2.82 6.78 4.36 4.08 3.94 3.94 3.80 3.87 3.74 3.60 3.57 3.54 3.51 3.42 3.63 3.59 3.55 1.82 1.93 3.62 3.54 3.35 3.31 3.27 3.23 3.22 3.19 3.16 3.15 3.18 3.18 3.18 3.18 3.19 3.20 3.20 3.49 3.21 3.21 3.22 3.22
5.78 5.71 5.95 5.87 5.81 6.21 6.12 6.03 4.22 4.14 5.74 5.26 5.20 5.14 5.08 3.96 3.88 4.92 3.75 4.04 3.77 3.71 5.01 7.20 0.00 0.00 0.00 0.00 0.00 0.00 0.00 0.00 0.00 0.00 0.00 1.35 6.12 7.67 4.48 0.00 0.00 1.45 2.15 3.21 6.31 4.11 3.95 3.92 3.81 3.88 3.75 3.81 3.59 3.56 3.53 3.49 3.41 3.62 3.58 2.02 1.77 1.77 3.58 3.37 3.35 3.45 3.26 3.22 3.21 3.18 3.15 3.14 3.16 3.16 3.16 3.31 3.32 3.19 3.19 3.19 3.20 3.20 3.21 3.21
5.76 5.69 5.93 5.85 5.78 5.70 6.09 6.00 5.89 5.81 5.73 5.25 3.98 4.05 4.14 4.07 3.99 4.12 4.81 3.63 4.68 4.63 8.09 0.00 0.00 0.00 0.00 0.00 0.00 0.00 0.00 0.00 0.00 0.00 0.00 4.50 4.13 0.00 0.00 0.00 0.00 0.00 0.00 1.73 6.64 4.04 3.99 3.86 3.78 3.75 3.72 3.70 3.64 3.61 3.57 3.54 3.48 3.69 3.66 3.62 1.97 1.92 3.43 3.39 3.29 3.25 3.21 3.17 3.16 3.12 3.10 3.08 3.11 3.11 3.11 3.12 3.15 3.15 3.15 3.16 3.18 3.19 3.19 3.20
5.73 5.96 5.89 5.86 5.78 5.70 4.92 5.02 4.93 5.83 5.68 5.21 5.14 3.99 3.90 4.73 4.57 5.58 5.36 4.71 8.15 8.10 0.00 0.00 0.00 0.00 0.00 0.00 0.00 0.00 0.00 0.00 0.00 0.00 0.00 0.00 0.00 0.00 0.00 0.00 0.00 0.00 0.00 2.82 6.82 2.56 3.99 3.96 3.88 3.73 3.71 3.68 3.62 3.59 3.56 3.53 3.47 3.68 3.82 3.61 3.51 3.47 3.43 3.39 3.29 3.25 3.21 3.17 3.15 3.12 3.09 3.07 3.10 3.23 3.10 3.10 3.13 3.14 3.31 3.31 3.34 3.35 3.35 3.36
5.68 5.92 5.84 5.76 5.69 5.61 5.58 4.77 4.86 5.77 5.33 4.61 4.53 3.54 8.21 7.73 7.67 8.68 0.00 0.00 0.00 0.00 0.00 0.00 0.00 0.00 0.00 0.00 0.00 0.00 0.00 0.00 0.00 0.00 0.00 0.00 0.00 0.00 0.00 0.00 0.00 0.00 0.00 0.00 5.97 3.98 3.96 3.94 3.85 3.83 3.69 3.66 3.61 3.58 3.55 3.52 3.46 3.67 3.64 3.60 3.50 3.46 3.42 3.38 3.28 3.24 3.20 3.16 3.15 3.11 3.08 3.06 3.09 3.37 3.08 3.08 3.12 3.12 3.26 3.46 3.32 3.33 3.35 3.34
5.95 5.87 5.79 5.71 5.64 5.59 5.84 4.06 5.27 5.29 8.01 7.94 7.87 0.00 0.00 0.00 0.00 0.00 0.00 0.00 0.00 0.00 0.00 0.00 0.00 0.00 0.00 0.00 0.00 0.00 0.00 0.00 0.00 0.00 0.00 0.00 0.00 0.00 0.00 0.00 0.00 0.00 0.00 1.34 6.04 4.19 4.17 3.79 3.72 3.69 3.67 3.64 3.59 3.56 3.54 3.50 3.45 3.66 3.62 3.59 3.70 3.65 3.61 3.38 3.28 3.24 3.20 3.16 3.14 3.11 3.08 3.05 3.08 3.33 3.19 3.07 3.10 3.10 3.11 3.11 3.14 3.14 3.32 3.33
5.88 5.80 5.72 5.64 6.02 4.64 5.62 5.28 6.38 8.74 0.00 0.00 0.00 0.00 0.00 0.00 0.00 0.00 0.00 0.00 0.00 0.00 0.00 0.00 0.00 0.00 0.00 0.00 0.00 0.00 0.00 0.00 0.00 0.00 0.00 0.00 0.00 0.00 0.00 0.00 0.00 0.00 0.00 3.82 2.23 6.39 7.65 7.63 3.09 2.62 3.71 3.68 3.65 3.62 3.59 3.56 3.51 3.96 3.92 3.88 3.78 3.73 3.69 3.65 3.28 3.24 3.20 3.16 3.08 3.04 3.01 3.11 3.03 3.02 3.01 3.01 3.08 3.08 3.08 3.09 3.14 3.15 3.15 3.16
5.82 5.74 5.66 5.58 5.66 4.93 2.73 8.83 0.00 0.00 0.00 0.00 0.00 0.00 0.00 0.00 0.00 0.00 0.00 0.00 0.00 0.00 0.00 0.00 0.00 0.00 0.00 0.00 0.00 0.00 0.00 0.00 0.00 0.00 0.00 0.00 0.00 0.00 0.00 0.00 0.00 0.00 0.00 0.00 0.00 0.00 0.00 6.20 4.46 1.96 2.58 2.19 2.32 3.60 3.58 3.55 3.50 3.94 3.91 3.87 3.77 3.73 3.69 3.64 3.46 3.41 3.20 3.16 3.08 3.04 3.00 3.11 3.02 3.01 3.00 3.00 3.06 3.06 3.07 3.07 3.12 3.13 3.14 3.14
5.76 5.68 5.60 5.73 4.40 4.85 8.84 0.00 0.00 0.00 0.00 0.00 0.00 0.00 0.00 0.00 0.00 0.00 0.00 0.00 0.00 0.00 0.00 0.00 0.00 0.00 0.00 0.00 0.00 0.00 0.00 0.00 0.00 0.00 0.00 0.00 0.00 0.00 0.00 0.00 0.00 0.00 0.00 0.00 0.00 0.00 0.00 0.00 7.23 2.11 1.59 0.87 2.30 2.36 2.27 3.54 3.49 3.93 3.89 3.86 3.76 3.72 3.68 3.64 3.45 3.41 3.20 3.16 3.08 3.04 3.13 2.98 3.02 3.00 2.99 2.98 3.04 3.04 3.05 3.05 3.10 3.11 3.12 3.13
5.81 5.97 4.51 4.42 5.47 4.77 7.60 0.00 0.00 0.00 0.00 0.00 0.00 0.00 0.00 0.00 0.00 0.00 0.00 0.00 0.00 0.00 0.00 0.00 0.00 0.00 0.00 0.00 0.00 0.00 0.00 0.00 0.00 0.00 0.00 0.00 0.00 0.00 0.00 0.00 0.00 0.00 0.00 0.00 0.00 0.00 0.00 0.00 0.00 6.11 1.90 1.17 2.73 2.71 2.32 3.72 2.47 3.92 3.88 3.85 3.75 3.71 3.67 3.64 3.45 3.41 3.20 3.16 3.08 3.04 3.01 2.98 3.02 3.00 2.98 2.97 3.03 3.03 3.03 3.03 3.08 3.09 3.10 3.28
5.61 4.53 3.41 4.20 5.29 5.57 6.61 0.00 0.00 0.00 0.00 0.00 0.00 0.00 0.00 0.00 0.00 0.00 0.00 0.00 0.00 0.00 0.00 0.00 0.00 0.00 0.00 0.00 0.00 0.00 0.00 0.00 0.00 0.00 0.00 0.00 0.00 0.00 0.00 0.00 0.00 0.00 0.00 0.00 0.00 0.00 0.00 0.00 0.00 5.73 5.25 6.78 5.51 6.07 2.54 3.95 3.21 1.89 3.91 3.87 3.75 3.71 3.69 3.64 3.23 3.20 3.16 3.13 3.03 2.99 2.96 2.92 3.01 2.98 2.97 2.95 3.03 3.03 2.73 2.73 3.08 3.08 3.09 3.44
5.54 4.30 4.35 4.53 5.58 5.15 8.59 0.00 0.00 0.00 0.00 0.00 0.00 0.00 0.00 0.00 0.00 0.00 0.00 0.00 0.00 0.00 0.00 0.00 0.00 0.00 0.00 0.00 0.00 0.00 0.00 0.00 0.00 0.00 0.00 0.00 0.00 0.00 0.00 0.00 0.00 0.00 0.00 0.00 0.00 0.00 0.00 0.00 0.00 0.00 4.88 2.49 3.09 6.06 4.77 6.20 3.55 1.72 3.89 3.86 3.74 3.71 3.67 3.65 3.40 3.34 3.50 3.26 3.03 3.00 2.96 2.93 3.01 2.99 2.97 3.20 3.03 3.02 3.02 3.02 3.06 3.07 6.59 4.75
5.47 5.39 4.98 2.03 6.98 3.51 0.00 0.00 0.00 0.00 0.00 0.00 0.00 0.00 0.00 0.00 0.00 0.00 0.00 0.00 0.00 0.00 0.00 0.00 0.00 0.00 0.00 0.00 0.00 0.00 0.00 0.00 0.00 0.00 0.00 0.00 0.00 0.00 0.00 0.00 0.00 0.00 0.00 0.00 0.00 0.00 0.00 0.00 0.00 0.00 6.86 5.62 7.54 6.56 2.87 2.09 2.28 3.91 4.11 4.08 3.73 3.71 3.67 3.43 3.40 3.37 3.34 3.30 3.03 3.00 2.97 2.94 3.02 3.00 2.97 3.08 3.03 3.02 1.25 1.09 3.23 4.60 4.20 4.61
5.40 5.32 3.91 6.99 0.00 0.00 0.00 0.00 0.00 0.00 0.00 0.00 0.00 0.00 0.00 0.00 0.00 0.00 0.00 0.00 0.00 0.00 0.00 0.00 0.00 0.00 0.00 0.00 0.00 0.00 0.00 0.00 0.00 0.00 0.00 0.00 0.00 0.00 0.00 0.00 0.00 0.00 0.00 0.00 0.00 0.00 0.00 0.00 0.00 0.00 0.00 6.46 6.81 6.06 3.25 2.23 3.45 3.67 3.65 3.62 3.67 3.49 3.46 3.43 3.23 3.20 3.17 3.14 3.04 3.01 2.98 2.95 3.17 3.14 2.99 2.97 3.04 3.03 3.02 3.01 1.08 1.08 1.22 1.58
5.00 7.79 0.00 0.00 0.00 0.00 0.00 0.00 0.00 0.00 0.00 0.00 0.00 0.00 0.00 0.00 0.00 0.00 0.00 0.00 0.00 0.00 0.00 0.00 0.00 0.00 0.00 0.00 0.00 0.00 0.00 0.00 0.00 0.00 0.00 0.00 0.00 0.00 0.00 0.00 0.00 0.00 0.00 0.00 0.00 0.00 0.00 0.00 0.00 0.00 0.00 6.44 2.45 2.25 1.97 2.33 1.96 3.34 3.56 3.54 3.37 3.35 3.32 3.30 3.18 3.15 3.13 3.10 3.07 3.04 3.02 2.99 3.04 3.15 2.99 2.97 3.05 3.03 3.02 3.01 3.06 1.08 1.21 1.57
7.28 0.00 0.00 0.00 0.00 0.00 0.00 0.00 0.00 0.00 0.00 0.00 0.00 0.00 0.00 0.00 0.00 0.00 0.00 0.00 0.00 0.00 0.00 0.00 0.00 0.00 0.00 0.00 0.00 0.00 0.00 0.00 0.00 0.00 0.00 0.00 0.00 0.00 0.00 0.00 0.00 0.00 0.00 0.00 0.00 0.00 0.00 0.00 0.00 0.00 0.00 7.14 7.84 5.55 2.36 2.85 3.34 3.57 3.72 3.53 3.37 3.34 3.32 3.30 3.32 3.16 3.13 3.11 3.08 3.05 3.03 3.00 3.06 3.03 3.01 2.99 3.07 3.05 3.04 3.03 3.08 3.07 3.08 3.16
0.00 0.00 0.00 0.00 0.00 0.00 0.00 0.00 0.00 0.00 0.00 0.00 0.00 0.00 0.00 0.00 0.00 0.00 0.00 0.00 0.00 0.00 0.00 0.00 0.00 0.00 0.00 0.00 0.00 0.00 0.00 0.00 0.00 0.00 0.00 0.00 0.00 0.00 0.00 0.00 0.00 0.00 0.00 0.00 0.00 0.00 0.00 0.00 0.00 0.00 0.00 2.89 7.47 1.87 1.62 1.98 3.08 3.55 3.54 3.52 3.51 3.34 3.32 3.30 3.18 3.16 3.13 3.11 3.09 3.06 3.04 3.02 3.07 3.05 3.03 3.01 3.10 3.08 3.20 3.19 3.10 3.09 1.24 3.53
0.00 0.00 0.00 0.00 0.00 0.00 0.00 0.00 0.00 0.00 0.00 0.00 0.00 0.00 0.00 0.00 0.00 0.00 0.00 0.00 0.00 0.00 0.00 0.00 0.00 0.00 0.00 0.00 0.00 0.00 0.00 0.00 0.00 0.00 0.00 0.00 0.00 0.00 0.00 0.00 0.00 0.00 0.00 0.00 0.00 0.00 0.00 0.00 0.00 0.00 0.00 2.15 6.32 2.48 3.64 1.96 3.32 3.54 1.84 3.51 3.35 3.33 3.31 3.29 3.18 3.16 3.14 3.12 3.10 3.07 3.05 3.03 3.09 3.07 3.05 3.04 3.12 3.11 3.09 3.08 3.13 3.12 4.59 4.95
0.00 0.00 0.00 0.00 0.00 0.00 0.00 0.00 0.00 0.00 0.00 0.00 0.00 0.00 0.00 0.00 0.00 0.00 0.00 0.00 0.00 0.00 0.00 0.00 0.00 0.00 0.00 0.00 0.00 0.00 0.00 0.00 0.00 0.00 0.00 0.00 0.00 0.00 0.00 0.00 0.00 0.00 0.00 0.00 0.00 0.00 0.00 0.00 0.00 0.00 0.00 2.49 4.96 4.01 3.28 1.94 2.96 3.36 3.34 3.33 3.25 3.23 3.22 3.20 3.23 3.21 3.19 3.17 2.98 3.18 3.16 3.14 3.13 2.87 3.10 3.08 3.12 3.11 3.10 3.09 4.84 4.25 0.00 0.00
0.00 0.00 0.00 0.00 0.00 0.00 0.00 0.00 0.00 0.00 0.00 0.00 0.00 0.00 0.00 0.00 0.00 0.00 0.00 0.00 0.00 0.00 0.00 0.00 0.00 0.00 0.00 0.00 0.00 0.00 0.00 0.00 0.00 0.00 0.00 0.00 0.00 0.00 0.00 0.00 0.00 0.00 0.00 0.00 0.00 0.00 0.00 0.00 0.00 0.00 4.29 5.97 1.65 2.44 3.27 3.26 3.12 3.34 3.33 3.47 3.24 1.74 3.39 3.37 3.23 3.21 3.20 3.18 1.46 3.19 3.17 3.16 3.15 3.38 1.29 1.28 3.36 3.13 3.13 3.12 3.51 0.00 0.00 0.00
0.00 0.00 0.00 0.00 0.00 0.00 0.00 0.00 0.00 0.00 0.00 0.00 0.00 0.00 0.00 0.00 0.00 0.00 0.00 0.00 0.00 0.00 0.00 0.00 0.00 0.00 0.00 0.00 0.00 0.00 0.00 0.00 0.00 0.00 0.00 0.00 0.00 0.00 0.00 0.00 0.00 0.00 0.00 0.00 0.00 0.00 0.00 0.00 0.00 4.29 2.08 1.94 3.26 3.02 3.01 3.07 3.10 3.09 3.32 3.31 3.23 1.81 3.38 3.37 3.23 3.21 3.20 3.18 3.00 1.58 3.19 3.17 3.16 1.33 1.47 1.30 1.29 3.16 3.16 6.66 0.00 0.00 0.00 0.00
0.00 0.00 0.00 0.00 0.00 0.00 0.00 0.00 0.00 0.00 0.00 0.00 0.00 0.00 0.00 0.00 0.00 0.00 0.00 0.00 0.00 0.00 0.00 0.00 0.00 0.00 0.00 0.00 0.00 0.00 0.00 0.00 0.00 0.00 0.00 0.00 0.00 0.00 0.00 0.00 0.00 0.00 0.00 0.00 0.00 0.00 0.00 0.00 5.62 3.31 3.31 3.55 3.24 3.24 3.23 3.23 3.09 3.08 3.31 3.30 3.23 3.39 3.38 6.88 3.23 3.22 3.20 6.70 6.87 2.99 3.20 3.19 3.18 1.52 1.49 1.48 1.31 1.31 3.18 6.69 0.00 0.00 0.00 0.00
