New_Model_Runs/4_scn3_noclimate_out/post_prcessed_with_MFR/Monthly_summaries/net_infiltration_monthly_FEB.asc
NCOLS 700
NROWS 400
XLLCENTER 515000.000000
YLLCENTER 8409000.000000
CELLSIZE 50.000000
NODATA_value -999.000000
[rows 74 to 110 of 400, columns 410 to 491 of 700]
0.00 0.00 0.00 0.00 0.00 0.00 0.00 0.00 0.00 0.00 0.00 0.00 0.00 0.00 0.00 0.00 0.00 0.00 0.00 0.00 0.00 0.00 0.00 0.00 0.00 0.00 0.00 0.00 0.00 0.00 0.00 0.00 0.00 0.00 0.00 0.00 0.00 0.00 0.00 0.00 0.00 0.00 0.00 0.00 0.00 0.00 0.00 0.00 0.00 0.00 0.00 0.00 0.00 0.00 0.00 0.00 0.00 0.00 0.00 0.00 0.00 0.00 0.00 0.00 0.00 0.00 0.00 0.00 0.00 0.00 0.00 0.00 0.00 0.00 0.00 0.00 0.00 0.00 0.00 0.00 0.00 0.00
0.00 0.00 0.00 0.00 0.00 0.00 0.00 0.00 0.00 0.00 0.00 0.00 0.00 0.00 0.00 0.00 0.00 0.00 0.00 0.00 0.00 0.00 0.00 0.00 0.00 0.00 0.00 0.00 0.00 0.00 0.00 0.00 0.00 0.00 0.00 0.00 0.00 0.00 0.00 0.00 0.00 0.00 0.00 0.00 0.00 0.00 0.00 0.00 0.00 0.00 0.00 0.00 0.00 0.00 0.00 0.00 0.00 0.00 0.00 0.00 0.00 0.00 0.00 0.00 0.00 0.00 0.00 0.00 0.00 0.00 0.00 0.00 0.00 0.00 0.00 0.00 0.00 0.00 0.00 0.00 0.00 0.00
0.00 0.00 0.00 0.00 0.00 0.00 0.00 0.00 0.00 0.00 0.00 0.00 0.00 0.00 0.00 0.00 0.00 0.00 0.00 0.00 0.00 0.00 0.00 0.00 0.00 0.00 0.00 0.00 0.00 0.00 0.00 0.00 0.00 0.00 0.00 0.00 0.00 0.00 0.00 0.00 0.00 0.00 0.00 0.00 0.00 0.00 0.00 0.00 0.00 0.00 0.00 0.00 0.00 0.00 0.00 0.00 0.00 0.00 0.00 0.00 0.00 0.00 0.00 0.00 0.00 0.00 0.00 0.00 0.00 0.00 0.00 0.00 0.00 0.00 0.00 0.00 0.00 0.00 0.00 0.00 0.00 0.00
0.00 0.00 0.00 0.00 0.00 0.00 0.00 0.00 0.00 0.00 0.00 0.00 0.00 0.00 0.00 0.00 0.00 0.00 0.00 0.00 0.00 0.00 0.00 0.00 0.00 0.00 0.00 0.00 0.00 0.00 0.00 0.00 0.00 0.00 0.00 0.00 0.00 0.00 0.00 0.00 0.00 0.00 0.00 0.00 0.00 0.00 0.00 0.00 0.00 0.00 0.00 0.00 0.00 0.00 0.00 0.00 0.00 0.00 0.00 0.00 0.00 0.00 0.00 0.00 0.00 0.00 0.00 0.00 0.00 0.00 0.00 0.00 0.00 0.00 0.00 0.00 0.00 0.00 0.00 0.00 0.00 0.00
0.00 0.00 0.00 0.00 0.00 0.00 0.00 0.00 0.00 0.00 0.00 0.00 0.00 0.00 0.00 0.00 0.00 0.00 0.00 0.00 0.00 4.95 0.00 0.00 0.00 0.00 0.00 0.00 0.00 0.00 0.00 0.00 0.00 0.00 0.00 0.00 0.00 0.00 0.00 0.00 0.00 0.00 0.00 0.00 0.00 0.00 0.00 0.00 0.00 0.00 0.00 0.00 0.00 0.00 0.00 0.00 0.00 0.00 0.00 0.00 0.00 0.00 0.00 0.00 0.00 0.00 0.00 0.00 0.00 0.00 0.00 0.00 0.00 0.00 0.00 0.00 0.00 0.00 0.00 0.00 0.00 0.00
0.00 0.00 0.00 0.00 0.00 0.00 0.00 0.00 0.00 0.00 0.00 0.00 0.00 0.00 0.00 0.00 0.00 0.00 0.00 0.00 0.00 7.90 0.00 0.00 0.00 0.00 0.00 0.00 0.00 0.00 0.00 0.00 0.00 0.00 0.00 0.00 0.00 0.00 0.00 0.00 0.00 0.00 0.00 0.00 0.00 0.00 0.00 0.00 0.00 0.00 0.00 0.00 0.00 0.00 0.00 0.00 0.00 0.00 0.00 0.00 0.00 0.00 0.00 0.00 0.00 0.00 0.00 0.00 0.00 0.00 0.00 0.00 0.00 0.00 0.00 0.00 0.00 0.00 0.00 0.00 0.00 0.00
0.00 0.00 0.00 0.00 0.00 0.00 0.00 0.00 0.00 0.00 0.00 0.00 0.00 0.00 0.00 0.00 0.00 0.00 0.00 0.00 5.09 7.90 0.00 0.00 0.00 0.00 0.00 0.00 0.00 0.00 0.00 0.00 0.00 0.00 0.00 0.00 0.00 0.00 0.00 0.00 0.00 0.00 0.00 0.00 0.00 0.00 0.00 0.00 0.00 0.00 0.00 0.00 0.00 0.00 0.00 0.00 0.00 0.00 0.00 0.00 0.00 0.00 0.00 0.00 0.00 0.00 0.00 0.00 0.00 0.00 0.00 0.00 0.00 0.00 0.00 0.00 0.00 0.00 0.00 0.00 0.00 0.00
0.00 0.00 0.00 0.00 0.00 0.00 0.00 0.00 0.00 0.00 0.00 0.00 0.00 0.00 0.00 0.00 0.00 0.00 0.00 5.17 7.99 7.95 5.09 0.00 0.00 0.00 0.00 0.00 0.00 0.00 0.00 0.00 0.00 0.00 0.00 0.00 0.00 0.00 0.00 0.00 0.00 0.00 0.00 0.00 0.00 0.00 0.00 0.00 0.00 0.00 0.00 0.00 0.00 0.00 0.00 0.00 0.00 0.00 0.00 0.00 0.00 0.00 0.00 0.00 0.00 0.00 0.00 0.00 0.00 0.00 0.00 0.00 0.00 0.00 0.00 0.00 0.00 0.00 0.00 0.00 0.00 0.00
0.00 0.00 0.00 0.00 0.00 0.00 0.00 0.00 0.00 8.24 8.21 8.18 0.00 0.00 0.00 0.00 0.00 8.10 7.96 8.78 7.91 7.87 7.96 0.00 0.00 0.00 0.00 0.00 0.00 0.00 0.00 0.00 0.00 0.00 0.00 0.00 0.00 0.00 0.00 0.00 0.00 0.00 0.00 0.00 0.00 0.00 0.00 0.00 0.00 0.00 0.00 0.00 0.00 0.00 0.00 0.00 0.00 0.00 0.00 0.00 0.00 0.00 0.00 0.00 0.00 0.00 4.19 0.00 0.00 0.00 0.00 0.00 0.00 0.00 0.00 0.00 0.00 0.00 0.00 0.00 0.00 0.00
0.00 0.00 0.00 0.00 0.00 0.00 8.39 10.19 8.34 8.31 8.28 8.25 8.22 0.00 0.00 0.00 8.91 8.86 8.03 8.69 7.96 7.94 5.20 0.00 0.00 0.00 0.00 0.00 0.00 0.00 0.00 0.00 0.00 0.00 0.00 0.00 0.00 0.00 0.00 0.00 0.00 0.00 0.00 0.00 0.00 0.00 0.00 0.00 0.00 0.00 0.00 0.00 0.00 0.00 0.00 0.00 0.00 0.00 0.00 0.00 0.00 0.00 0.00 0.00 0.00 0.00 7.17 0.00 0.00 0.00 0.00 0.00 0.00 0.00 0.00 0.00 0.00 0.00 0.00 6.24 4.78 0.00
0.00 0.00 0.00 0.00 0.00 0.00 8.49 8.46 8.43 8.40 9.33 8.27 8.24 8.21 8.24 8.20 8.17 8.14 8.07 8.04 8.00 7.96 5.25 0.00 0.00 0.00 0.00 0.00 0.00 0.00 0.00 0.00 0.00 0.00 0.00 0.00 0.00 0.00 0.00 0.00 0.00 0.00 0.00 0.00 0.00 0.00 0.00 0.00 0.00 0.00 0.00 0.00 0.00 0.00 0.00 0.00 0.00 0.00 0.00 0.00 0.00 0.00 0.00 0.00 0.00 0.00 7.26 7.25 0.00 0.00 0.00 0.00 0.00 0.00 0.00 0.00 0.00 0.00 7.48 6.86 7.42 0.00
0.00 0.00 0.00 0.00 0.00 8.70 8.56 9.91 8.50 8.47 8.37 8.34 8.31 8.28 8.14 8.27 8.24 8.20 8.14 8.10 8.06 8.03 5.30 0.00 0.00 0.00 0.00 0.00 0.00 0.00 0.00 0.00 0.00 0.00 0.00 0.00 0.00 4.87 4.85 4.83 0.00 0.00 0.00 0.00 0.00 0.00 0.00 0.00 0.00 0.00 0.00 0.00 0.00 0.00 0.00 0.00 0.00 0.00 0.00 0.00 0.00 0.00 0.00 0.00 0.00 0.00 7.32 7.31 0.00 0.00 0.00 0.00 0.00 0.00 0.00 0.00 0.00 4.18 8.07 6.92 7.49 4.88
0.00 0.00 0.00 0.00 8.80 8.77 8.63 8.60 8.57 8.54 8.44 9.45 8.38 8.34 9.20 8.17 8.14 8.27 8.20 8.16 8.12 8.09 8.21 0.00 0.00 0.00 0.00 0.00 0.00 0.00 0.00 0.00 0.00 0.00 0.00 0.00 0.00 7.81 7.77 7.74 0.00 0.00 0.00 0.00 0.00 0.00 0.00 0.00 0.00 0.00 0.00 0.00 0.00 0.00 0.00 3.98 3.99 0.00 0.00 0.00 0.00 0.00 0.00 0.00 0.00 0.00 7.38 7.37 6.71 0.00 0.00 0.00 0.00 0.00 0.00 0.00 0.00 7.10 7.01 6.98 7.16 7.14
0.00 0.00 0.00 10.23 8.86 8.84 8.70 8.67 9.70 8.60 8.51 8.47 9.47 8.41 8.27 8.23 8.20 8.16 8.26 8.22 8.18 8.15 8.27 0.00 0.00 0.00 0.00 0.00 0.00 0.00 0.00 0.00 0.00 0.00 0.00 0.00 9.11 7.87 7.82 7.79 0.00 0.00 0.00 0.00 0.00 0.00 0.00 0.00 0.00 0.00 0.00 0.00 0.00 0.00 0.00 4.05 4.04 4.02 0.00 0.00 0.00 0.00 0.00 0.00 0.00 0.00 6.83 7.43 7.41 7.39 7.30 0.00 0.00 7.24 7.22 7.20 0.00 7.78 7.07 7.05 7.23 7.20
0.00 0.00 10.43 8.98 8.96 8.93 9.85 8.74 8.71 8.68 8.52 9.54 9.50 8.42 8.31 8.27 8.24 8.20 8.29 8.26 8.22 8.18 8.31 0.00 0.00 0.00 0.00 0.00 0.00 0.00 0.00 0.00 0.00 0.00 0.00 5.06 7.95 7.92 7.90 0.00 0.00 0.00 0.00 0.00 0.00 0.00 0.00 0.00 0.00 0.00 0.00 0.00 0.00 0.00 0.00 7.78 7.77 7.75 4.06 4.05 0.00 0.00 0.00 0.00 0.00 0.00 8.44 8.20 7.50 7.48 7.35 7.33 7.31 7.29 7.23 7.21 7.84 8.07 7.13 8.23 7.30 7.27
0.00 9.18 10.14 9.05 9.02 8.99 8.83 8.80 9.85 8.74 8.58 8.55 8.51 8.48 8.37 9.35 8.30 8.26 8.35 8.31 8.27 8.24 8.36 0.00 0.00 0.00 0.00 0.00 0.00 0.00 0.00 0.00 5.18 0.00 0.00 8.65 8.00 7.97 7.95 0.00 0.00 0.00 0.00 0.00 0.00 0.00 0.00 0.00 0.00 0.00 0.00 0.00 0.00 0.00 0.00 7.84 7.82 7.81 7.83 7.82 0.00 0.00 0.00 0.00 0.00 0.00 0.00 7.58 7.56 7.54 7.41 7.39 8.06 7.36 7.96 7.27 7.25 7.23 7.85 7.18 7.37 7.34
11.67 9.25 9.14 9.11 9.09 9.06 8.89 8.86 8.83 8.80 8.64 8.60 8.57 8.54 8.42 8.39 8.35 8.32 8.40 8.36 8.33 8.29 10.26 0.00 0.00 0.00 0.00 0.00 0.00 0.00 5.75 8.15 8.12 8.08 7.96 7.94 7.91 7.88 0.00 0.00 0.00 0.00 0.00 0.00 0.00 0.00 0.00 0.00 0.00 0.00 0.00 0.00 0.00 0.00 4.19 7.90 7.88 7.87 7.90 7.88 0.00 0.00 0.00 0.00 0.00 0.00 0.00 7.64 7.62 7.61 7.48 7.46 7.44 7.42 7.36 7.34 7.32 7.30 7.27 7.25 7.44 7.41
3.61 9.64 9.20 9.18 9.15 9.12 8.95 8.92 8.89 8.86 8.70 8.66 8.63 8.59 8.48 8.44 8.41 8.37 8.46 8.42 8.38 8.34 10.33 0.00 0.00 0.00 0.00 0.00 0.00 8.17 8.24 8.20 8.17 8.13 9.07 9.02 7.94 7.93 0.00 0.00 0.00 0.00 0.00 0.00 0.00 0.00 0.00 0.00 0.00 0.00 0.00 0.00 0.00 0.00 0.00 7.96 7.94 7.93 7.96 0.00 0.00 0.00 0.00 0.00 0.00 0.00 4.12 7.70 7.69 7.67 7.54 7.52 7.51 7.49 7.42 7.40 7.38 7.36 7.33 7.31 7.51 8.06
10.95 11.08 11.14 9.30 10.72 9.25 9.09 9.05 9.02 8.99 8.73 8.69 8.66 8.62 8.58 8.54 8.50 8.46 8.62 8.58 8.54 10.38 10.46 11.11 0.00 0.00 0.00 0.00 0.00 9.13 8.24 8.21 8.88 8.47 8.42 8.77 8.02 0.00 0.00 0.00 0.00 0.00 0.00 0.00 0.00 0.00 0.00 0.00 0.00 0.00 0.00 0.00 0.00 0.00 0.00 8.07 8.05 8.04 0.00 0.00 0.00 0.00 0.00 0.00 0.00 0.00 9.18 7.76 7.74 7.72 7.50 7.49 7.47 8.15 8.11 7.39 7.37 7.35 7.47 7.45 7.65 7.62
11.14 11.68 9.39 10.83 11.84 11.51 9.14 9.11 9.08 9.04 8.78 8.75 8.71 9.75 8.63 8.59 8.55 8.51 8.67 8.63 10.50 11.16 10.53 10.47 12.37 0.00 0.00 0.00 0.00 8.66 8.13 8.25 8.22 8.18 8.13 8.10 8.07 0.00 0.00 0.00 0.00 0.00 0.00 0.00 0.00 0.00 0.00 0.00 0.00 0.00 0.00 0.00 0.00 0.00 0.00 0.00 2.59 8.10 0.00 0.00 0.00 0.00 0.00 0.00 0.00 7.76 9.26 7.82 7.80 7.79 7.57 7.55 7.54 7.52 7.48 7.46 8.41 7.42 7.53 7.51 7.72 7.70
14.16 15.05 17.20 11.67 11.63 11.59 9.20 9.17 9.13 10.09 8.84 8.80 8.76 8.73 8.68 8.64 8.60 8.56 10.94 8.68 10.57 12.47 8.65 8.61 8.58 5.32 5.29 5.26 10.23 10.18 8.17 8.13 8.26 8.22 8.18 8.15 8.11 0.00 0.00 0.00 0.00 0.00 0.00 0.00 0.00 0.00 0.00 0.00 0.00 0.00 0.00 0.00 0.00 0.00 0.00 0.00 1.95 8.16 8.19 8.18 0.00 0.00 0.00 0.00 4.10 9.64 9.35 7.89 8.84 9.07 7.64 7.62 7.60 8.30 7.54 8.23 8.20 7.49 7.60 7.58 7.79 7.77
12.11 11.86 15.06 11.75 11.70 11.66 9.25 9.22 9.19 9.15 8.89 9.87 8.81 8.77 8.73 8.69 8.65 9.67 8.77 8.72 8.68 8.64 8.70 8.66 8.62 8.58 10.42 10.36 10.97 10.24 8.21 8.17 8.14 8.27 8.22 8.19 8.16 0.00 0.00 0.00 0.00 0.00 0.00 0.00 0.00 0.00 0.00 0.00 0.00 0.00 0.00 0.00 0.00 0.00 0.00 0.00 8.23 7.54 8.25 9.79 9.78 1.93 8.22 9.76 9.74 9.72 9.43 7.95 7.94 8.63 7.70 7.69 7.67 7.65 7.61 7.59 7.57 7.55 7.67 7.65 7.87 7.84
11.03 11.94 15.01 10.27 10.23 11.83 7.02 9.38 9.34 9.31 8.99 8.95 9.95 8.87 8.75 8.71 8.67 8.63 8.77 8.73 8.69 8.65 8.76 8.72 8.68 8.63 9.73 10.43 10.36 10.29 8.23 8.19 8.16 8.13 8.16 8.72 8.70 0.00 0.00 0.00 0.00 0.00 0.00 0.00 0.00 0.00 0.00 0.00 0.00 0.00 0.00 0.00 0.00 0.00 0.00 0.00 9.25 6.78 8.29 9.85 8.27 8.26 9.53 9.70 9.69 9.67 7.88 7.87 7.85 8.56 7.77 7.76 7.74 7.73 7.87 7.85 7.83 7.81 7.97 7.95 8.14 8.12
12.05 12.07 12.31 15.27 11.95 11.90 12.05 10.93 9.39 10.37 10.08 8.99 8.96 8.92 8.79 8.76 8.71 8.67 8.81 8.77 8.73 8.69 8.80 8.76 8.72 10.95 10.88 11.61 10.73 10.34 8.27 8.23 8.20 8.17 10.32 8.30 8.28 0.00 0.00 0.00 0.00 0.00 0.00 0.00 0.00 0.00 0.00 0.00 0.00 0.00 0.00 0.00 0.00 0.00 0.00 9.05 8.35 6.84 8.35 9.92 8.33 8.32 9.79 9.78 9.77 8.21 7.94 7.93 7.91 7.90 7.84 7.82 7.81 7.79 7.94 7.92 7.90 7.88 8.04 8.02 8.22 9.31
12.18 12.14 12.05 15.28 13.63 15.52 12.12 11.74 10.54 9.40 9.08 9.04 10.05 8.96 8.84 8.80 8.76 8.71 8.86 8.81 8.77 8.73 8.84 8.80 10.74 10.67 10.56 11.70 12.14 10.40 8.31 8.27 8.36 8.33 8.37 8.44 8.32 0.00 0.00 0.00 0.00 0.00 0.00 0.00 0.00 0.00 0.00 0.00 0.00 0.00 0.00 0.00 0.00 0.00 8.58 8.37 8.36 8.36 8.36 10.00 8.35 8.34 9.87 9.86 8.29 8.27 8.00 7.99 7.98 7.96 7.90 7.89 7.87 7.86 8.01 7.99 7.97 7.95 8.11 8.09 8.29 9.57
12.24 12.21 12.11 12.07 11.86 14.66 12.19 11.80 9.48 9.44 9.12 9.08 9.04 10.03 8.88 8.84 8.79 8.75 8.89 8.85 8.81 8.76 8.88 10.84 10.78 10.73 10.66 10.60 10.50 10.46 8.45 8.43 8.40 8.38 8.42 8.40 8.38 0.00 0.00 0.00 0.00 0.00 0.00 0.00 0.00 0.00 0.00 0.00 0.00 0.00 0.00 0.00 0.00 0.00 8.44 8.43 6.96 8.41 10.08 10.07 8.41 10.06 9.95 9.94 9.35 8.34 8.07 8.05 8.04 8.03 7.97 7.95 7.94 7.93 8.07 8.06 8.04 8.02 8.18 9.68 12.97 13.27
12.32 9.85 12.18 14.97 11.93 10.42 11.08 10.34 11.78 11.73 9.17 9.13 10.16 9.05 8.90 8.86 8.82 8.77 8.92 8.88 8.84 8.79 8.91 10.89 10.83 10.77 10.53 10.47 12.64 8.60 8.47 8.44 8.42 8.40 8.56 8.54 0.00 0.00 0.00 0.00 0.00 0.00 0.00 0.00 0.00 0.00 0.00 0.00 0.00 0.00 0.00 0.00 0.00 2.12 9.43 8.46 7.02 8.44 10.05 10.04 10.03 10.03 9.72 8.18 8.17 8.88 8.12 8.11 8.10 8.09 8.30 8.29 8.27 8.26 8.33 8.35 8.34 8.32 8.33 11.76 11.92 3.91
10.65 9.89 12.28 12.54 10.51 12.44 11.93 11.88 10.34 11.78 11.37 9.17 10.20 9.09 8.94 8.90 8.85 8.81 8.96 8.92 8.87 8.83 11.00 10.93 10.87 10.82 10.57 10.72 11.94 8.64 8.51 8.49 8.47 8.45 8.61 8.59 0.00 0.00 0.00 0.00 0.00 0.00 0.00 0.00 0.00 8.31 2.20 2.19 0.00 0.00 8.17 8.16 8.89 8.13 8.53 7.09 7.08 7.07 10.12 10.12 10.11 10.10 8.25 9.90 8.92 8.22 8.18 8.17 8.16 8.15 8.32 8.35 9.92 9.90 10.05 8.38 8.36 7.98 9.60 3.61 3.28 3.61
13.20 12.20 9.89 12.29 12.55 12.21 11.99 9.61 9.57 9.54 9.25 10.29 9.17 9.13 8.97 8.93 8.89 9.90 9.00 8.95 8.91 10.88 11.04 10.98 11.69 10.68 10.81 10.77 11.43 8.68 8.56 8.53 8.52 8.50 8.66 8.64 0.00 0.00 0.00 0.00 0.00 0.00 0.00 0.00 0.00 8.36 8.33 8.32 8.30 8.29 8.23 8.22 9.61 8.19 8.19 7.16 7.15 8.56 10.20 10.19 11.65 8.49 8.30 8.99 8.29 8.28 8.24 8.23 8.22 8.21 8.38 8.37 10.00 9.98 10.13 10.11 13.36 9.68 3.16 1.19 3.32 3.31
12.43 13.45 9.92 9.89 12.60 10.56 12.03 9.64 9.61 9.57 9.28 9.24 9.20 9.16 10.06 8.97 8.92 8.88 9.03 8.98 8.94 10.92 11.09 10.83 10.77 10.72 10.51 10.82 10.78 8.72 8.60 8.58 8.56 8.54 8.71 8.69 0.00 0.00 0.00 0.00 0.00 0.00 0.00 0.00 0.00 8.42 8.39 8.37 8.36 8.34 9.03 8.27 8.26 8.25 8.17 8.16 10.02 10.01 10.27 10.83 10.26 10.25 8.31 8.35 8.35 8.34 8.30 8.30 8.29 8.28 8.45 8.43 10.09 10.07 10.44 10.11 3.72 2.05 1.21 1.21 3.35 3.25
12.78 12.74 12.67 9.83 10.98 9.77 11.90 9.55 9.52 9.48 9.26 10.89 9.18 9.14 9.09 9.05 9.01 8.96 9.02 8.98 8.93 9.94 10.69 10.64 10.59 10.54 10.71 10.67 10.64 8.62 8.74 8.73 8.71 8.69 8.22 8.20 0.00 0.00 0.00 0.00 0.00 0.00 0.00 0.00 10.56 10.68 8.65 8.48 8.40 8.39 8.28 8.26 8.46 8.24 10.05 10.04 10.02 10.67 10.18 10.17 10.16 10.15 8.37 8.36 8.36 8.35 8.13 8.12 8.11 8.58 8.26 10.15 9.07 12.33 10.18 4.11 2.09 2.08 1.23 1.45 3.39 3.38
7.40 15.67 14.72 9.86 9.83 9.80 9.62 10.71 9.55 9.51 9.29 9.25 10.30 9.17 9.12 9.08 9.03 8.99 9.05 9.01 10.49 8.35 12.79 10.68 10.63 10.59 10.76 10.72 8.68 8.66 8.16 8.77 8.76 8.74 8.26 8.24 8.23 0.00 0.00 0.00 0.00 0.00 0.00 0.00 4.02 9.46 10.48 10.46 8.46 8.44 8.33 9.08 9.07 10.21 10.13 10.11 11.11 10.08 10.25 11.04 10.23 10.23 8.42 8.42 8.42 8.41 10.06 10.06 10.05 10.04 10.25 10.23 9.49 10.26 2.12 2.12 2.11 2.11 2.10 1.24 3.42 3.75
9.99 12.46 12.37 9.89 9.86 9.83 9.64 9.61 9.57 9.54 10.41 9.28 9.24 9.20 9.15 9.10 9.06 9.02 11.12 9.80 8.41 8.37 8.35 8.31 8.28 10.63 10.80 8.74 8.72 8.70 8.20 8.19 8.17 8.78 8.30 8.28 10.27 6.10 0.00 0.00 0.00 0.00 0.00 3.95 2.44 6.99 7.65 11.54 8.51 8.50 8.38 8.37 8.36 10.97 10.20 10.87 10.17 10.15 9.99 9.98 9.97 9.96 8.47 8.47 10.15 10.14 10.14 10.13 10.12 10.11 10.32 9.25 12.85 2.18 2.15 2.48 2.47 2.13 2.13 1.26 3.26 6.86
12.04 9.99 12.41 9.91 9.88 9.85 9.67 9.63 9.60 9.56 9.34 9.30 9.26 9.22 9.17 9.13 9.09 8.45 9.36 8.47 8.43 9.24 9.20 8.34 8.31 8.28 8.17 8.78 8.76 8.74 8.24 8.22 8.21 9.07 8.34 9.02 11.45 8.90 7.40 7.76 5.14 5.52 6.41 2.79 7.40 9.69 10.50 8.58 8.56 8.55 8.43 8.42 8.41 10.36 10.27 10.93 10.24 10.22 10.06 10.05 11.64 11.42 8.53 8.52 8.52 10.22 10.21 10.87 10.19 10.18 12.62 12.61 3.90 2.20 2.53 15.44 11.93 11.58 7.13 12.44 13.59 10.28
9.89 9.86 9.80 9.78 9.75 11.09 9.57 9.54 9.50 9.47 10.70 10.64 9.25 9.21 9.19 8.54 9.37 8.46 8.45 8.41 8.37 8.34 8.27 9.08 8.21 8.19 8.26 8.24 8.23 8.21 8.42 8.40 8.39 8.38 9.10 13.73 7.56 11.07 3.83 2.55 7.42 5.86 1.91 4.47 7.61 10.62 8.09 8.03 8.02 8.63 8.47 8.46 8.44 10.40 10.22 13.45 8.27 10.17 10.06 8.17 8.91 8.16 8.28 8.28 8.27 8.27 8.52 8.51 8.51 10.50 12.70 5.17 5.17 8.44 16.17 8.45 8.44 10.39 9.27 9.24 10.59 10.37
11.33 10.52 10.45 10.43 10.41 10.38 10.22 10.19 11.37 10.12 9.97 9.93 9.89 9.85 9.83 8.55 9.39 8.48 8.47 8.43 8.39 8.36 9.14 9.10 8.24 8.21 8.29 8.27 8.26 8.25 8.45 8.44 8.43 8.41 9.16 14.13 10.83 10.14 10.78 3.84 3.48 11.75 4.38 7.10 9.85 9.83 8.83 12.04 8.06 8.05 8.52 8.51 8.49 8.48 9.15 8.34 8.32 8.31 8.23 8.22 8.21 8.21 8.32 8.32 8.32 8.32 8.57 8.56 8.56 9.51 9.63 5.21 8.65 10.21 11.77 8.51 8.49 8.47 8.36 10.28 10.66 10.63
10.55 10.53 10.47 10.45 10.42 10.39 10.23 11.43 10.17 10.14 9.99 9.95 9.91 9.87 9.85 9.81 8.54 8.50 8.49 8.45 9.27 8.38 8.31 9.13 8.26 8.24 8.31 8.30 8.29 8.28 8.48 8.47 8.46 8.45 11.33 6.15 7.66 10.20 11.18 3.52 7.87 12.25 9.95 10.87 7.13 11.31 13.67 9.84 8.10 8.09 8.57 8.55 8.54 8.53 8.40 8.77 8.37 8.36 8.28 8.27 8.26 8.25 8.37 8.37 8.37 8.37 8.62 8.61 9.51 13.19 7.07 9.07 6.38 11.85 9.51 12.68 5.21 8.53 8.41 8.39 13.67 10.71
