New_Model_Runs/4_scn3_noclimate_out/post_prcessed_with_MFR/Monthly_summaries/rainfall_monthly_SEP.asc
NCOLS 700
NROWS 400
XLLCENTER 515000.000000
YLLCENTER 8409000.000000
CELLSIZE 50.000000
NODATA_value -999.000000
[rows 216 to 251 of 400, columns 81 to 161 of 700]
8.95 9.05 9.15 9.25 9.35 9.45 9.56 9.66 9.77 9.88 9.99 10.10 10.20 10.31 10.42 10.53 10.65 10.76 10.88 10.99 11.11 11.22 11.34 11.46 11.57 11.69 11.80 11.92 12.04 12.16 12.27 12.39 12.50 12.61 12.73 12.84 12.96 13.07 13.18 13.28 13.39 13.50 13.60 13.71 13.81 13.91 14.01 14.10 14.20 14.29 14.38 14.47 14.56 14.64 14.72 14.80 14.88 14.96 15.03 15.10 15.17 15.24 15.31 15.37 15.43 15.49 15.54 15.60 15.65 15.70 15.74 15.79 15.84 15.88 15.92 15.96 16.01 16.05 16.09 16.13 16.17
9.02 9.12 9.22 9.32 9.43 9.53 9.64 9.74 9.85 9.96 10.07 10.18 10.28 10.39 10.50 10.62 10.73 10.84 10.96 11.07 11.19 11.31 11.42 11.54 11.65 11.77 11.88 12.00 12.11 12.23 12.34 12.46 12.57 12.69 12.80 12.91 13.02 13.13 13.24 13.35 13.45 13.56 13.66 13.76 13.87 13.97 14.06 14.16 14.25 14.34 14.43 14.52 14.61 14.69 14.77 14.86 14.94 15.01 15.09 15.16 15.23 15.29 15.36 15.42 15.49 15.54 15.60 15.65 15.70 15.75 15.80 15.85 15.90 15.94 15.99 16.03 16.08 16.12 16.16 16.20 16.24
9.09 9.19 9.29 9.39 9.50 9.60 9.71 9.81 9.92 10.03 10.14 10.25 10.36 10.47 10.58 10.69 10.80 10.92 11.03 11.14 11.26 11.38 11.49 11.60 11.72 11.83 11.95 12.06 12.18 12.29 12.41 12.52 12.63 12.74 12.85 12.96 13.08 13.18 13.29 13.40 13.50 13.61 13.71 13.81 13.91 14.01 14.10 14.20 14.29 14.38 14.47 14.56 14.65 14.73 14.81 14.90 14.97 15.05 15.12 15.19 15.26 15.33 15.40 15.46 15.53 15.59 15.64 15.70 15.75 15.80 15.85 15.90 15.94 15.99 16.04 16.08 16.13 16.17 16.21 16.26 16.30
9.16 9.26 9.36 9.46 9.57 9.67 9.78 9.89 9.99 10.10 10.21 10.32 10.43 10.54 10.65 10.76 10.88 10.99 11.10 11.21 11.33 11.44 11.56 11.67 11.78 11.90 12.01 12.13 12.24 12.35 12.47 12.58 12.69 12.80 12.91 13.02 13.13 13.23 13.34 13.44 13.55 13.65 13.75 13.85 13.95 14.05 14.14 14.24 14.33 14.42 14.51 14.60 14.69 14.77 14.85 14.93 15.01 15.09 15.16 15.23 15.30 15.37 15.44 15.50 15.56 15.62 15.68 15.74 15.79 15.84 15.89 15.94 15.99 16.04 16.09 16.13 16.17 16.22 16.27 16.31 16.35
9.22 9.32 9.42 9.52 9.63 9.73 9.84 9.95 10.06 10.17 10.28 10.39 10.49 10.60 10.71 10.82 10.94 11.05 11.16 11.27 11.39 11.50 11.61 11.73 11.84 11.95 12.06 12.17 12.29 12.40 12.51 12.62 12.73 12.84 12.95 13.06 13.16 13.27 13.38 13.48 13.58 13.68 13.78 13.88 13.98 14.07 14.17 14.26 14.35 14.44 14.53 14.62 14.71 14.79 14.87 14.95 15.03 15.10 15.18 15.25 15.32 15.39 15.45 15.52 15.58 15.64 15.70 15.76 15.81 15.86 15.91 15.96 16.01 16.06 16.11 16.16 16.21 16.25 16.30 16.34 16.39
9.28 9.38 9.48 9.59 9.69 9.79 9.90 10.01 10.12 10.23 10.34 10.45 10.56 10.67 10.78 10.88 11.00 11.11 11.22 11.33 11.44 11.55 11.67 11.78 11.89 12.00 12.11 12.22 12.33 12.45 12.56 12.66 12.77 12.88 12.99 13.09 13.20 13.31 13.41 13.51 13.61 13.71 13.81 13.90 14.00 14.09 14.19 14.28 14.37 14.46 14.55 14.64 14.72 14.81 14.89 14.96 15.04 15.12 15.19 15.26 15.33 15.40 15.47 15.53 15.60 15.66 15.72 15.77 15.83 15.88 15.93 15.98 16.03 16.08 16.13 16.18 16.23 16.28 16.32 16.37 16.42
9.33 9.43 9.54 9.64 9.74 9.85 9.96 10.06 10.17 10.28 10.39 10.50 10.61 10.72 10.83 10.94 11.05 11.16 11.27 11.38 11.49 11.60 11.71 11.82 11.93 12.04 12.15 12.26 12.37 12.48 12.59 12.69 12.80 12.91 13.01 13.12 13.22 13.33 13.43 13.53 13.63 13.72 13.82 13.92 14.01 14.10 14.20 14.29 14.38 14.46 14.55 14.64 14.72 14.81 14.89 14.96 15.04 15.11 15.19 15.26 15.33 15.40 15.46 15.53 15.59 15.66 15.72 15.77 15.83 15.88 15.93 15.99 16.04 16.09 16.14 16.19 16.24 16.29 16.33 16.38 16.43
9.38 9.49 9.59 9.69 9.79 9.90 10.01 10.11 10.22 10.33 10.44 10.55 10.66 10.77 10.88 10.99 11.10 11.21 11.31 11.42 11.53 11.64 11.75 11.86 11.97 12.08 12.18 12.29 12.40 12.51 12.61 12.72 12.82 12.93 13.03 13.14 13.24 13.34 13.44 13.54 13.64 13.73 13.83 13.92 14.02 14.11 14.20 14.29 14.38 14.46 14.55 14.63 14.72 14.80 14.88 14.96 15.03 15.11 15.18 15.25 15.32 15.39 15.46 15.52 15.59 15.65 15.71 15.77 15.82 15.88 15.93 15.98 16.04 16.09 16.14 16.19 16.24 16.29 16.34 16.39 16.44
9.43 9.53 9.64 9.74 9.84 9.95 10.05 10.16 10.27 10.38 10.48 10.59 10.70 10.81 10.92 11.03 11.14 11.25 11.35 11.46 11.57 11.68 11.78 11.89 12.00 12.10 12.21 12.32 12.42 12.53 12.63 12.74 12.84 12.94 13.04 13.15 13.25 13.35 13.44 13.54 13.64 13.73 13.83 13.92 14.01 14.10 14.19 14.28 14.36 14.45 14.53 14.62 14.70 14.78 14.86 14.94 15.02 15.09 15.16 15.23 15.30 15.37 15.43 15.50 15.56 15.63 15.69 15.75 15.80 15.86 15.91 15.96 16.02 16.07 16.12 16.18 16.23 16.28 16.33 16.38 16.43
9.48 9.58 9.68 9.78 9.89 9.99 10.10 10.20 10.31 10.42 10.52 10.63 10.74 10.85 10.96 11.06 11.17 11.28 11.39 11.49 11.60 11.70 11.81 11.91 12.02 12.13 12.23 12.33 12.44 12.54 12.64 12.75 12.85 12.95 13.05 13.15 13.25 13.34 13.44 13.53 13.63 13.72 13.81 13.91 14.00 14.09 14.17 14.26 14.34 14.43 14.51 14.59 14.67 14.75 14.83 14.91 14.99 15.06 15.13 15.20 15.27 15.34 15.40 15.47 15.53 15.60 15.66 15.72 15.77 15.83 15.88 15.94 15.99 16.05 16.10 16.15 16.21 16.26 16.31 16.36 16.41
9.52 9.62 9.72 9.82 9.92 10.03 10.13 10.24 10.35 10.45 10.56 10.67 10.77 10.88 10.99 11.09 11.20 11.31 11.41 11.52 11.62 11.73 11.83 11.93 12.04 12.14 12.24 12.34 12.45 12.55 12.65 12.75 12.85 12.94 13.04 13.14 13.24 13.33 13.43 13.52 13.61 13.70 13.79 13.88 13.97 14.06 14.15 14.23 14.31 14.40 14.48 14.56 14.64 14.72 14.80 14.87 14.95 15.02 15.09 15.16 15.23 15.30 15.36 15.43 15.49 15.55 15.61 15.68 15.73 15.79 15.85 15.90 15.96 16.01 16.07 16.12 16.17 16.22 16.28 16.33 16.38
9.55 9.65 9.75 9.85 9.96 10.06 10.17 10.27 10.38 10.48 10.59 10.69 10.80 10.90 11.01 11.12 11.22 11.33 11.43 11.53 11.64 11.74 11.84 11.94 12.04 12.14 12.24 12.34 12.44 12.54 12.64 12.74 12.84 12.93 13.03 13.12 13.21 13.31 13.40 13.49 13.58 13.67 13.76 13.85 13.94 14.03 14.11 14.20 14.28 14.36 14.44 14.52 14.59 14.67 14.75 14.82 14.90 14.97 15.04 15.11 15.18 15.25 15.31 15.38 15.44 15.50 15.56 15.62 15.68 15.74 15.80 15.85 15.91 15.96 16.02 16.07 16.13 16.18 16.24 16.29 16.34
9.58 9.68 9.78 9.88 9.99 10.09 10.20 10.30 10.40 10.51 10.61 10.71 10.82 10.92 11.03 11.13 11.24 11.34 11.44 11.54 11.64 11.75 11.85 11.94 12.04 12.14 12.24 12.34 12.43 12.53 12.63 12.72 12.82 12.91 13.00 13.10 13.19 13.28 13.37 13.46 13.55 13.64 13.72 13.81 13.90 13.99 14.07 14.15 14.23 14.31 14.39 14.46 14.54 14.62 14.70 14.77 14.84 14.92 14.99 15.06 15.12 15.19 15.25 15.32 15.38 15.44 15.50 15.57 15.63 15.68 15.74 15.79 15.85 15.91 15.96 16.02 16.08 16.13 16.19 16.24 16.29
9.60 9.70 9.80 9.90 10.01 10.11 10.21 10.32 10.42 10.52 10.62 10.73 10.83 10.93 11.04 11.14 11.24 11.34 11.44 11.54 11.64 11.74 11.84 11.94 12.03 12.13 12.22 12.32 12.41 12.51 12.60 12.70 12.79 12.88 12.97 13.06 13.15 13.24 13.33 13.41 13.50 13.59 13.67 13.76 13.85 13.93 14.02 14.10 14.18 14.25 14.33 14.40 14.48 14.56 14.63 14.70 14.78 14.85 14.92 14.99 15.05 15.12 15.18 15.24 15.31 15.37 15.43 15.50 15.55 15.61 15.67 15.73 15.78 15.84 15.90 15.95 16.01 16.06 16.12 16.17 16.23
9.62 9.72 9.82 9.92 10.02 10.13 10.23 10.33 10.43 10.53 10.64 10.74 10.84 10.94 11.04 11.14 11.24 11.34 11.44 11.54 11.63 11.73 11.83 11.92 12.02 12.11 12.20 12.30 12.39 12.48 12.57 12.66 12.75 12.84 12.93 13.02 13.11 13.20 13.28 13.37 13.45 13.54 13.62 13.71 13.79 13.88 13.96 14.04 14.11 14.19 14.26 14.34 14.41 14.49 14.56 14.63 14.71 14.78 14.85 14.91 14.98 15.04 15.11 15.17 15.23 15.30 15.36 15.42 15.48 15.54 15.60 15.65 15.71 15.77 15.83 15.89 15.94 15.99 16.05 16.10 16.16
9.63 9.73 9.83 9.93 10.03 10.13 10.24 10.34 10.44 10.54 10.64 10.74 10.83 10.93 11.03 11.13 11.23 11.33 11.43 11.52 11.61 11.71 11.80 11.89 11.99 12.08 12.17 12.26 12.35 12.44 12.53 12.62 12.71 12.79 12.88 12.97 13.06 13.14 13.22 13.31 13.39 13.47 13.56 13.64 13.72 13.80 13.88 13.96 14.04 14.11 14.19 14.26 14.33 14.40 14.48 14.55 14.62 14.69 14.76 14.82 14.89 14.95 15.02 15.08 15.14 15.21 15.27 15.33 15.39 15.45 15.51 15.57 15.63 15.68 15.74 15.80 15.85 15.91 15.96 16.02 16.08
9.64 9.74 9.84 9.94 10.04 10.14 10.24 10.34 10.44 10.54 10.64 10.73 10.83 10.92 11.02 11.12 11.22 11.31 11.41 11.50 11.59 11.69 11.78 11.86 11.95 12.05 12.14 12.22 12.31 12.40 12.49 12.57 12.66 12.74 12.83 12.92 13.00 13.08 13.16 13.24 13.33 13.41 13.49 13.57 13.65 13.73 13.81 13.89 13.96 14.03 14.11 14.18 14.25 14.32 14.39 14.46 14.53 14.60 14.67 14.73 14.80 14.86 14.92 14.99 15.05 15.11 15.18 15.24 15.30 15.36 15.42 15.48 15.54 15.59 15.65 15.71 15.76 15.82 15.87 15.93 15.99
9.64 9.74 9.84 9.93 10.03 10.13 10.23 10.33 10.43 10.53 10.62 10.72 10.81 10.90 11.00 11.10 11.19 11.28 11.38 11.47 11.56 11.65 11.74 11.82 11.91 12.00 12.09 12.18 12.26 12.35 12.43 12.51 12.60 12.68 12.76 12.85 12.93 13.01 13.09 13.17 13.25 13.33 13.40 13.48 13.56 13.64 13.72 13.79 13.87 13.94 14.01 14.08 14.15 14.22 14.29 14.36 14.43 14.49 14.56 14.63 14.69 14.75 14.82 14.88 14.94 15.01 15.07 15.14 15.20 15.26 15.31 15.37 15.43 15.49 15.54 15.60 15.66 15.71 15.77 15.83 15.88
9.64 9.74 9.83 9.93 10.03 10.13 10.23 10.32 10.42 10.51 10.61 10.70 10.79 10.88 10.98 11.07 11.16 11.25 11.34 11.43 11.52 11.61 11.69 11.78 11.87 11.95 12.04 12.12 12.21 12.29 12.37 12.45 12.53 12.62 12.70 12.77 12.85 12.93 13.01 13.09 13.17 13.24 13.32 13.39 13.47 13.55 13.63 13.70 13.77 13.84 13.91 13.98 14.05 14.11 14.18 14.25 14.32 14.39 14.45 14.52 14.58 14.64 14.71 14.77 14.83 14.90 14.96 15.02 15.08 15.15 15.20 15.26 15.32 15.38 15.43 15.49 15.55 15.60 15.66 15.72 15.77
9.63 9.73 9.82 9.92 10.01 10.11 10.21 10.30 10.40 10.49 10.58 10.67 10.77 10.85 10.94 11.03 11.12 11.21 11.30 11.39 11.47 11.56 11.64 11.73 11.81 11.90 11.98 12.06 12.14 12.22 12.30 12.38 12.46 12.54 12.61 12.69 12.77 12.85 12.92 13.00 13.07 13.15 13.22 13.30 13.37 13.45 13.52 13.59 13.66 13.73 13.80 13.86 13.93 14.00 14.07 14.14 14.20 14.27 14.33 14.40 14.46 14.52 14.58 14.65 14.71 14.77 14.83 14.90 14.96 15.02 15.08 15.14 15.19 15.25 15.31 15.37 15.43 15.48 15.54 15.59 15.65
9.62 9.71 9.80 9.90 9.99 10.09 10.18 10.28 10.37 10.46 10.55 10.64 10.73 10.82 10.91 10.99 11.08 11.17 11.25 11.34 11.42 11.50 11.59 11.67 11.75 11.83 11.91 11.99 12.07 12.15 12.23 12.31 12.38 12.46 12.53 12.61 12.68 12.76 12.83 12.90 12.98 13.05 13.12 13.20 13.27 13.34 13.41 13.48 13.55 13.62 13.68 13.75 13.81 13.88 13.95 14.01 14.08 14.14 14.21 14.27 14.33 14.39 14.46 14.52 14.58 14.64 14.70 14.77 14.83 14.89 14.94 15.00 15.06 15.12 15.18 15.24 15.30 15.35 15.41 15.47 15.52
9.60 9.69 9.79 9.88 9.96 10.06 10.15 10.24 10.33 10.42 10.51 10.60 10.69 10.77 10.86 10.95 11.03 11.12 11.20 11.28 11.36 11.44 11.52 11.60 11.68 11.76 11.84 11.92 12.00 12.07 12.15 12.22 12.29 12.37 12.44 12.51 12.58 12.66 12.73 12.80 12.87 12.94 13.01 13.09 13.16 13.23 13.29 13.36 13.43 13.50 13.56 13.62 13.69 13.76 13.82 13.89 13.95 14.01 14.08 14.14 14.20 14.26 14.32 14.38 14.44 14.50 14.57 14.63 14.68 14.74 14.80 14.86 14.92 14.98 15.04 15.10 15.15 15.21 15.27 15.33 15.39
9.58 9.67 9.76 9.85 9.93 10.02 10.11 10.20 10.29 10.38 10.47 10.55 10.64 10.72 10.81 10.89 10.97 11.06 11.14 11.22 11.29 11.37 11.45 11.52 11.60 11.68 11.76 11.83 11.91 11.98 12.06 12.13 12.20 12.27 12.34 12.41 12.48 12.55 12.62 12.69 12.76 12.83 12.90 12.97 13.04 13.10 13.17 13.24 13.30 13.37 13.43 13.49 13.56 13.62 13.69 13.75 13.81 13.87 13.94 14.00 14.06 14.12 14.18 14.24 14.30 14.36 14.42 14.48 14.54 14.60 14.66 14.71 14.77 14.83 14.89 14.95 15.01 15.07 15.13 15.18 15.24
9.55 9.64 9.72 9.81 9.90 9.99 10.07 10.16 10.25 10.33 10.42 10.50 10.58 10.67 10.75 10.83 10.91 10.99 11.07 11.15 11.22 11.30 11.37 11.44 11.52 11.59 11.67 11.74 11.82 11.89 11.96 12.03 12.10 12.17 12.23 12.30 12.37 12.44 12.51 12.58 12.64 12.71 12.78 12.85 12.91 12.98 13.04 13.11 13.17 13.23 13.30 13.36 13.42 13.48 13.55 13.61 13.67 13.73 13.79 13.85 13.91 13.97 14.03 14.09 14.15 14.21 14.27 14.33 14.39 14.45 14.50 14.56 14.62 14.68 14.74 14.80 14.86 14.91 14.97 15.03 15.09
9.51 9.59 9.68 9.77 9.86 9.94 10.02 10.11 10.19 10.28 10.36 10.44 10.52 10.60 10.68 10.76 10.84 10.92 11.00 11.07 11.14 11.21 11.28 11.35 11.43 11.50 11.57 11.65 11.72 11.79 11.85 11.92 11.99 12.05 12.12 12.19 12.25 12.32 12.39 12.45 12.52 12.59 12.65 12.71 12.78 12.84 12.90 12.97 13.03 13.09 13.15 13.22 13.28 13.34 13.40 13.46 13.52 13.58 13.64 13.69 13.75 13.82 13.88 13.94 13.99 14.05 14.11 14.17 14.23 14.29 14.35 14.41 14.46 14.52 14.58 14.64 14.70 14.76 14.82 14.88 14.94
9.47 9.55 9.64 9.72 9.80 9.89 9.98 10.06 10.14 10.22 10.30 10.38 10.46 10.54 10.62 10.69 10.77 10.84 10.92 10.99 11.06 11.13 11.20 11.26 11.33 11.40 11.47 11.54 11.61 11.68 11.74 11.81 11.87 11.94 12.00 12.06 12.13 12.20 12.26 12.33 12.39 12.46 12.52 12.58 12.64 12.70 12.76 12.82 12.89 12.94 13.01 13.07 13.13 13.19 13.25 13.31 13.36 13.42 13.48 13.54 13.60 13.66 13.72 13.78 13.84 13.89 13.95 14.01 14.07 14.13 14.19 14.25 14.30 14.36 14.42 14.48 14.54 14.60 14.66 14.71 14.77
9.42 9.50 9.59 9.67 9.75 9.83 9.91 9.99 10.07 10.15 10.23 10.31 10.39 10.46 10.54 10.61 10.69 10.76 10.83 10.90 10.97 11.03 11.10 11.17 11.23 11.30 11.37 11.43 11.50 11.56 11.63 11.69 11.75 11.81 11.87 11.94 12.00 12.06 12.13 12.19 12.25 12.31 12.38 12.43 12.49 12.55 12.61 12.67 12.73 12.79 12.85 12.92 12.97 13.03 13.09 13.15 13.20 13.26 13.31 13.37 13.43 13.49 13.55 13.61 13.67 13.73 13.79 13.84 13.90 13.96 14.02 14.08 14.14 14.19 14.25 14.31 14.37 14.43 14.49 14.54 14.60
9.37 9.45 9.53 9.62 9.70 9.77 9.85 9.93 10.01 10.08 10.16 10.24 10.31 10.38 10.46 10.53 10.60 10.67 10.74 10.81 10.87 10.94 11.00 11.06 11.13 11.19 11.26 11.32 11.38 11.44 11.51 11.57 11.63 11.69 11.75 11.81 11.87 11.93 11.99 12.05 12.11 12.17 12.23 12.29 12.34 12.40 12.46 12.52 12.58 12.64 12.70 12.76 12.82 12.87 12.93 12.99 13.04 13.10 13.15 13.21 13.27 13.32 13.38 13.44 13.50 13.56 13.62 13.68 13.73 13.79 13.85 13.91 13.97 14.02 14.08 14.14 14.20 14.26 14.31 14.37 14.43
9.31 9.40 9.47 9.55 9.63 9.71 9.78 9.86 9.94 10.01 10.08 10.16 10.23 10.29 10.37 10.44 10.51 10.57 10.64 10.70 10.77 10.83 10.89 10.95 11.01 11.08 11.14 11.20 11.26 11.32 11.38 11.44 11.49 11.55 11.61 11.67 11.73 11.78 11.84 11.90 11.96 12.02 12.07 12.13 12.19 12.24 12.30 12.36 12.42 12.48 12.53 12.59 12.65 12.70 12.76 12.82 12.87 12.92 12.98 13.03 13.09 13.15 13.20 13.26 13.32 13.38 13.44 13.50 13.55 13.61 13.67 13.73 13.79 13.84 13.90 13.96 14.02 14.07 14.13 14.19 14.25
9.26 9.34 9.41 9.49 9.56 9.64 9.71 9.79 9.86 9.93 10.01 10.07 10.14 10.21 10.28 10.34 10.41 10.47 10.54 10.60 10.66 10.72 10.78 10.84 10.90 10.96 11.02 11.08 11.14 11.19 11.25 11.30 11.36 11.41 11.47 11.53 11.58 11.64 11.69 11.75 11.81 11.86 11.92 11.97 12.03 12.09 12.14 12.20 12.25 12.31 12.37 12.42 12.48 12.54 12.59 12.64 12.70 12.75 12.80 12.86 12.91 12.97 13.03 13.08 13.14 13.20 13.26 13.31 13.37 13.43 13.49 13.55 13.60 13.66 13.72 13.78 13.83 13.89 13.95 14.01 14.07
9.20 9.27 9.35 9.42 9.49 9.56 9.64 9.71 9.78 9.85 9.92 9.99 10.05 10.12 10.18 10.24 10.30 10.37 10.43 10.49 10.55 10.61 10.66 10.72 10.78 10.84 10.89 10.95 11.00 11.06 11.11 11.17 11.22 11.27 11.32 11.38 11.43 11.49 11.54 11.60 11.65 11.70 11.76 11.81 11.86 11.92 11.97 12.03 12.08 12.14 12.19 12.25 12.30 12.36 12.41 12.46 12.52 12.57 12.62 12.68 12.73 12.79 12.84 12.90 12.96 13.01 13.07 13.13 13.18 13.24 13.30 13.36 13.41 13.47 13.53 13.59 13.64 13.70 13.76 13.82 13.89
9.13 9.20 9.28 9.35 9.42 9.49 9.56 9.63 9.70 9.76 9.83 9.90 9.96 10.02 10.08 10.14 10.20 10.26 10.32 10.38 10.43 10.49 10.54 10.60 10.65 10.71 10.76 10.82 10.87 10.92 10.98 11.03 11.08 11.13 11.18 11.23 11.28 11.33 11.39 11.44 11.49 11.54 11.60 11.65 11.70 11.75 11.80 11.85 11.91 11.96 12.02 12.07 12.13 12.18 12.23 12.28 12.33 12.39 12.44 12.49 12.55 12.60 12.66 12.71 12.77 12.82 12.88 12.94 12.99 13.05 13.11 13.17 13.22 13.28 13.34 13.39 13.45 13.51 13.57 13.63 13.70
9.06 9.13 9.20 9.27 9.34 9.41 9.47 9.54 9.61 9.67 9.74 9.80 9.86 9.92 9.98 10.03 10.09 10.15 10.21 10.26 10.32 10.37 10.42 10.47 10.52 10.57 10.63 10.68 10.73 10.78 10.83 10.88 10.93 10.98 11.03 11.08 11.13 11.18 11.23 11.28 11.33 11.38 11.43 11.48 11.53 11.58 11.63 11.68 11.73 11.78 11.84 11.89 11.94 11.99 12.05 12.10 12.15 12.20 12.25 12.30 12.36 12.41 12.47 12.52 12.58 12.63 12.69 12.74 12.80 12.86 12.91 12.97 13.03 13.08 13.14 13.20 13.25 13.31 13.38 13.44 13.50
8.99 9.06 9.13 9.19 9.26 9.32 9.39 9.45 9.52 9.58 9.64 9.70 9.76 9.82 9.87 9.93 9.98 10.04 10.09 10.14 10.19 10.24 10.30 10.34 10.39 10.44 10.49 10.54 10.59 10.64 10.68 10.73 10.78 10.83 10.87 10.92 10.97 11.02 11.07 11.12 11.17 11.21 11.26 11.31 11.36 11.41 11.45 11.50 11.55 11.60 11.65 11.71 11.76 11.81 11.86 11.91 11.96 12.01 12.06 12.11 12.16 12.22 12.27 12.33 12.38 12.44 12.49 12.55 12.60 12.66 12.72 12.77 12.83 12.89 12.94 13.00 13.06 13.12 13.18 13.24 13.30
8.91 8.98 9.04 9.11 9.17 9.24 9.30 9.36 9.42 9.48 9.54 9.60 9.65 9.71 9.76 9.82 9.87 9.92 9.97 10.02 10.07 10.12 10.17 10.21 10.26 10.30 10.35 10.40 10.45 10.49 10.54 10.58 10.63 10.67 10.72 10.76 10.81 10.86 10.91 10.95 11.00 11.05 11.09 11.14 11.18 11.23 11.28 11.32 11.37 11.42 11.47 11.52 11.57 11.62 11.67 11.72 11.77 11.82 11.87 11.92 11.97 12.02 12.08 12.13 12.19 12.24 12.30 12.35 12.41 12.46 12.52 12.57 12.63 12.69 12.74 12.80 12.86 12.92 12.98 13.04 13.10
8.83 8.90 8.96 9.02 9.09 9.15 9.21 9.27 9.32 9.38 9.44 9.49 9.55 9.60 9.65 9.70 9.75 9.80 9.85 9.90 9.94 9.99 10.03 10.08 10.12 10.17 10.21 10.26 10.30 10.34 10.39 10.43 10.47 10.51 10.56 10.60 10.64 10.69 10.74 10.79 10.83 10.88 10.92 10.96 11.01 11.05 11.10 11.14 11.19 11.24 11.29 11.34 11.38 11.43 11.48 11.53 11.58 11.62 11.67 11.72 11.77 11.82 11.88 11.93 11.99 12.04 12.10 12.15 12.21 12.26 12.32 12.38 12.43 12.49 12.54 12.60 12.66 12.72 12.78 12.84 12.90
