New_Model_Runs/4_scn3_noclimate_out/post_prcessed_with_MFR/Monthly_summaries/runoff_monthly_DEC.asc
NCOLS 700
NROWS 400
XLLCENTER 515000.000000
YLLCENTER 8409000.000000
CELLSIZE 50.000000
NODATA_value -999.000000
[rows 148 to 184 of 400, columns 252 to 335 of 700]
0.00 0.00 0.00 0.00 0.00 0.00 0.00 0.00 0.00 0.00 0.00 0.00 0.00 0.00 0.00 0.00 0.00 0.00 0.00 0.00 0.00 0.00 0.00 0.00 0.00 0.00 0.00 0.00 0.00 0.00 0.00 0.00 0.00 0.00 0.00 0.00 0.00 0.00 0.00 0.00 0.00 0.00 0.00 0.00 0.00 0.00 15.67 6.81 6.80 6.90 7.01 7.11 7.14 7.25 13.61 7.47 7.42 7.53 7.65 7.75 7.71 7.80 14.75 7.98 8.26 8.34 8.42 8.50 8.98 9.06 9.13 9.19 9.46 9.51 9.57 9.61 6.18 5.57 8.43 8.45 8.47 8.48 15.44 9.89
0.00 0.00 0.00 0.00 0.00 0.00 0.00 0.00 0.00 0.00 0.00 0.00 0.00 0.00 0.00 0.00 0.00 0.00 0.00 0.00 0.00 0.00 0.00 0.00 0.00 0.00 0.00 0.00 0.00 0.00 0.00 0.00 0.00 0.00 0.00 0.00 0.00 0.00 0.00 0.00 0.00 0.00 0.00 0.00 0.00 0.00 6.83 6.93 6.92 19.37 7.14 7.24 7.27 7.38 7.49 7.61 7.56 7.67 7.79 7.89 7.84 7.94 8.04 8.12 8.40 8.49 8.56 8.64 9.13 9.21 9.28 9.34 9.61 9.66 6.23 3.95 8.50 8.53 8.55 8.58 8.60 8.61 7.80 13.34
0.00 0.00 0.00 0.00 0.00 0.00 0.00 0.00 0.00 0.00 0.00 0.00 0.00 0.00 0.00 0.00 0.00 0.00 0.00 0.00 0.00 0.00 0.00 0.00 0.00 0.00 0.00 0.00 0.00 0.00 0.00 0.00 0.00 0.00 0.00 0.00 0.00 0.00 0.00 0.00 0.00 0.00 0.00 0.00 0.00 0.00 6.95 7.06 7.05 7.16 7.27 7.38 7.41 7.52 7.63 7.75 7.70 7.81 7.93 8.04 22.21 8.08 8.18 8.27 8.55 8.63 8.71 8.79 9.29 9.36 9.43 9.50 9.76 9.81 6.34 4.38 8.63 8.66 8.68 3.76 5.01 4.46 4.47 8.74
0.00 0.00 0.00 0.00 0.00 0.00 0.00 0.00 0.00 0.00 0.00 0.00 0.00 0.00 0.00 0.00 0.00 0.00 0.00 0.00 0.00 0.00 0.00 0.00 0.00 0.00 0.00 0.00 0.00 0.00 0.00 0.00 0.00 0.00 0.00 0.00 0.00 0.00 0.00 0.00 0.00 0.00 0.00 0.00 0.00 0.00 7.08 7.19 7.18 7.29 7.40 7.52 7.55 7.66 14.37 7.89 7.84 14.78 8.07 8.19 8.13 8.23 8.32 8.41 8.70 8.78 8.86 8.94 9.44 9.51 18.01 18.15 18.49 18.74 18.84 6.48 4.48 8.79 5.08 5.09 8.84 5.11 4.54 8.86
0.00 0.00 0.00 0.00 0.00 0.00 0.00 0.00 0.00 0.00 0.00 0.00 0.00 0.00 0.00 0.00 0.00 0.00 0.00 0.00 0.00 0.00 0.00 0.00 0.00 0.00 0.00 0.00 0.00 0.00 0.00 0.00 0.00 0.00 0.00 0.00 0.00 0.00 0.00 0.00 0.00 0.00 0.00 0.00 0.00 0.00 0.00 7.27 7.26 13.57 7.48 7.60 7.60 7.71 7.83 7.94 14.94 8.09 8.21 8.32 8.48 8.58 8.68 8.77 9.08 9.16 9.24 9.32 9.68 9.76 9.83 9.89 10.11 10.16 5.69 9.74 8.90 8.92 5.16 5.18 17.65 8.98 5.19 14.57
0.00 0.00 0.00 0.00 0.00 0.00 0.00 0.00 0.00 0.00 0.00 0.00 0.00 0.00 0.00 0.00 0.00 0.00 0.00 0.00 0.00 0.00 0.00 0.00 0.00 0.00 0.00 0.00 0.00 0.00 0.00 0.00 0.00 0.00 0.00 0.00 0.00 0.00 0.00 0.00 0.00 0.00 0.00 0.00 0.00 0.00 11.58 7.40 7.39 7.50 7.62 7.73 7.74 7.85 7.97 8.09 8.12 8.24 8.36 8.47 8.63 8.73 8.83 8.92 9.23 9.32 9.40 9.47 9.84 9.91 5.67 10.04 5.73 5.76 5.18 9.00 9.03 6.02 9.07 9.09 9.10 4.70 6.79 6.79
0.00 0.00 0.00 0.00 0.00 0.00 0.00 0.00 0.00 0.00 0.00 0.00 0.00 0.00 0.00 0.00 0.00 0.00 0.00 0.00 0.00 0.00 0.00 0.00 0.00 0.00 0.00 0.00 0.00 0.00 0.00 0.00 0.00 0.00 0.00 0.00 0.00 0.00 0.00 0.00 0.00 0.00 0.00 0.00 0.00 13.63 7.42 7.54 7.52 7.64 7.76 7.87 7.88 8.00 8.12 8.24 8.27 8.39 8.51 8.62 8.79 8.89 8.98 9.07 9.39 9.47 9.55 9.63 10.00 5.73 5.77 4.61 4.28 9.06 5.27 9.13 9.16 9.18 11.18 4.77 10.12 19.27 6.89 6.89
0.00 0.00 0.00 0.00 0.00 0.00 0.00 0.00 0.00 0.00 0.00 0.00 0.00 0.00 0.00 0.00 0.00 0.00 0.00 0.00 0.00 0.00 0.00 0.00 0.00 0.00 0.00 0.00 0.00 0.00 0.00 0.00 0.00 0.00 0.00 0.00 0.00 0.00 0.00 0.00 0.00 0.00 0.00 0.00 0.00 7.44 7.56 7.67 7.66 7.77 7.89 8.01 8.02 8.14 8.26 8.38 8.41 8.54 8.66 8.77 8.94 9.04 9.13 9.23 9.55 9.63 9.71 9.78 10.15 5.83 5.88 5.92 4.73 9.20 5.37 9.27 9.29 9.31 10.24 6.98 10.79 10.80 6.99 6.99
0.00 0.00 0.00 0.00 0.00 0.00 0.00 0.00 0.00 0.00 0.00 0.00 0.00 0.00 0.00 0.00 0.00 0.00 0.00 0.00 0.00 0.00 0.00 0.00 0.00 0.00 0.00 0.00 0.00 0.00 0.00 0.00 0.00 0.00 0.00 0.00 0.00 0.00 0.00 0.00 0.00 0.00 0.00 0.00 16.56 7.54 7.66 7.77 7.87 7.99 8.11 8.23 8.33 8.46 8.58 8.71 8.80 8.93 9.06 9.17 9.28 9.39 9.49 9.58 9.71 9.80 18.50 9.94 19.08 5.93 5.97 6.01 6.18 6.21 9.37 9.40 9.42 10.87 10.37 7.08 10.85 6.17 7.09 10.84
0.00 0.00 0.00 0.00 0.00 0.00 0.00 0.00 0.00 0.00 0.00 0.00 0.00 0.00 0.00 0.00 0.00 0.00 0.00 0.00 0.00 0.00 0.00 0.00 0.00 0.00 0.00 0.00 0.00 0.00 0.00 0.00 0.00 0.00 0.00 0.00 0.00 0.00 0.00 0.00 0.00 0.00 0.00 0.00 6.05 7.68 7.79 7.91 8.01 8.13 8.25 8.38 8.47 8.60 8.73 8.86 8.95 9.08 9.21 9.32 9.44 9.54 9.64 18.27 9.87 9.95 10.02 10.09 10.44 10.51 6.07 6.25 6.28 6.31 4.20 9.53 9.56 6.38 11.14 11.03 7.19 7.19 10.98 10.97
0.00 0.00 0.00 0.00 0.00 0.00 0.00 0.00 0.00 0.00 0.00 0.00 0.00 0.00 0.00 0.00 0.00 0.00 0.00 0.00 0.00 0.00 0.00 0.00 0.00 0.00 0.00 6.07 0.00 0.00 0.00 0.00 0.00 0.00 0.00 0.00 0.00 0.00 0.00 0.00 0.00 0.00 0.00 0.00 7.70 7.82 7.93 8.05 8.15 8.27 8.40 8.52 8.62 8.75 8.88 9.01 9.11 9.23 9.35 9.48 9.59 9.69 9.79 9.89 10.02 10.10 10.17 10.24 10.59 10.66 6.18 4.95 4.98 5.01 4.27 9.66 9.68 6.48 11.16 11.17 11.11 11.12 11.11 11.10
0.00 0.00 0.00 0.00 0.00 0.00 0.00 0.00 0.00 0.00 0.00 0.00 0.00 0.00 0.00 0.00 0.00 0.00 0.00 0.00 0.00 0.00 0.00 0.00 0.00 0.00 11.27 6.18 0.00 0.00 0.00 0.00 0.00 0.00 0.00 0.00 0.00 0.00 0.00 0.00 0.00 0.00 0.00 0.00 0.00 0.00 8.07 8.19 8.29 8.41 8.54 8.67 8.77 8.89 9.02 9.16 9.25 9.38 9.50 9.62 9.74 26.97 9.95 10.04 10.17 10.25 10.32 10.39 10.74 10.80 6.28 5.04 5.07 5.71 9.77 9.79 9.81 7.36 5.16 11.30 11.25 11.24 11.23 11.22
0.00 0.00 0.00 0.00 0.00 0.00 0.00 0.00 0.00 0.00 0.00 0.00 0.00 0.00 0.00 0.00 0.00 0.00 0.00 0.00 0.00 0.00 0.00 0.00 0.00 6.18 6.25 6.32 6.36 0.00 0.00 0.00 0.00 0.00 0.00 0.00 0.00 0.00 0.00 0.00 0.00 0.00 0.00 0.00 0.00 0.00 0.00 0.00 8.65 8.77 8.90 9.03 9.15 9.28 9.41 9.55 9.64 9.77 9.90 10.02 10.03 10.14 10.24 10.34 10.33 10.41 10.48 10.54 10.82 10.88 5.09 5.12 9.83 5.80 9.90 9.92 5.22 8.54 6.66 11.41 11.30 11.29 11.28 11.27
0.00 0.00 0.00 0.00 0.00 0.00 0.00 0.00 0.00 0.00 0.00 0.00 0.00 0.00 0.00 0.00 0.00 0.00 0.00 0.00 0.00 0.00 0.00 0.00 0.00 6.30 6.37 6.44 6.47 6.54 10.89 0.00 0.00 0.00 0.00 0.00 0.00 0.00 0.00 0.00 0.00 0.00 0.00 0.00 0.00 0.00 0.00 0.00 0.00 0.00 7.93 25.22 17.29 9.43 9.56 9.69 9.78 9.91 10.04 10.17 10.17 10.29 10.39 10.48 6.01 10.55 10.62 10.69 10.96 6.46 5.18 9.91 9.95 9.99 5.91 10.04 5.30 5.31 10.08 6.75 11.42 11.42 11.40 11.38
0.00 0.00 0.00 0.00 0.00 0.00 0.00 0.00 0.00 0.00 0.00 0.00 0.00 0.00 0.00 0.00 0.00 0.00 0.00 0.00 0.00 0.00 0.00 0.00 0.00 6.41 11.87 6.55 6.59 6.66 6.74 0.00 0.00 0.00 0.00 0.00 0.00 0.00 0.00 0.00 0.00 0.00 0.00 0.00 0.00 0.00 0.00 0.00 0.00 0.00 8.07 9.33 9.45 9.58 9.71 9.84 9.93 10.06 10.19 10.31 5.90 10.43 10.53 6.12 6.11 10.70 10.77 10.83 7.44 5.23 5.26 5.29 5.32 5.34 5.36 5.37 4.59 4.59 5.39 6.84 11.55 11.54 11.52 11.50
0.00 0.00 0.00 0.00 0.00 0.00 0.00 0.00 0.00 0.00 0.00 0.00 0.00 0.00 0.00 0.00 0.00 0.00 0.00 0.00 0.00 0.00 0.00 0.00 6.46 6.53 6.60 6.67 6.71 12.34 6.86 6.95 7.05 16.61 7.23 7.32 0.00 0.00 0.00 0.00 0.00 0.00 0.00 0.00 0.00 0.00 0.00 0.00 0.00 0.00 8.20 9.48 9.59 9.72 9.85 9.98 10.07 10.20 10.33 5.99 5.99 13.20 6.15 6.21 10.76 29.29 20.52 10.97 11.25 7.59 5.34 5.37 5.40 5.41 5.43 10.28 10.30 10.31 10.31 11.90 11.66 21.92 11.63 11.61
0.00 0.00 0.00 0.00 0.00 0.00 0.00 0.00 0.00 0.00 0.00 0.00 0.00 0.00 0.00 0.00 0.00 0.00 0.00 0.00 0.00 0.00 10.58 6.59 11.98 6.55 6.62 6.70 6.71 6.79 6.87 4.71 7.17 7.26 7.36 7.45 7.72 17.39 0.00 0.00 0.00 0.00 0.00 0.00 0.00 0.00 0.00 0.00 0.00 0.00 0.00 3.62 8.58 8.70 4.52 4.59 5.97 6.06 6.15 6.23 6.20 6.28 6.36 11.08 10.92 11.00 6.60 11.13 11.27 11.32 7.73 6.78 10.33 10.36 11.35 19.89 10.42 6.98 5.53 6.98 6.87 11.77 11.75 11.73
0.00 0.00 0.00 0.00 0.00 0.00 0.00 0.00 0.00 0.00 0.00 0.00 0.00 0.00 0.00 0.00 0.00 0.00 0.00 0.00 6.51 6.57 6.64 6.71 6.60 6.67 6.74 6.82 6.83 12.76 7.00 13.01 9.28 6.77 9.49 7.58 7.86 7.96 8.07 22.45 0.00 0.00 0.00 0.00 0.00 0.00 0.00 0.00 0.00 0.00 0.00 8.58 8.70 3.82 8.95 9.06 4.75 4.82 6.24 6.32 6.29 6.37 6.45 11.20 11.04 11.13 11.19 11.26 11.40 11.45 11.50 6.87 7.89 6.92 11.47 10.51 12.13 11.98 11.98 11.97 16.64 11.88 11.85 11.83
0.00 0.00 0.00 0.00 0.00 0.00 0.00 0.00 0.00 0.00 0.00 0.00 0.00 0.00 0.00 0.00 8.36 6.52 0.00 22.29 6.62 6.69 6.76 6.83 12.43 12.57 6.86 6.94 12.82 7.04 7.12 13.26 7.43 4.21 7.62 7.72 7.99 5.48 4.55 4.62 8.69 0.00 0.00 0.00 0.00 0.00 0.00 0.00 0.00 0.00 0.00 8.71 8.83 8.95 9.07 9.19 9.30 4.89 6.33 6.41 6.38 7.82 21.19 11.32 11.16 11.25 21.34 11.39 11.53 21.86 11.62 11.66 6.98 7.00 8.02 10.61 22.89 12.09 12.09 12.08 11.99 11.98 11.95 11.93
0.00 0.00 0.00 0.00 0.00 0.00 0.00 0.00 0.00 0.00 0.00 0.00 0.00 0.00 0.00 0.00 6.57 6.63 6.70 6.76 6.74 12.45 12.64 6.95 6.83 6.91 6.98 7.06 7.08 7.16 7.25 7.34 7.56 7.66 7.75 7.85 8.13 8.24 8.34 4.71 8.63 0.00 0.00 0.00 0.00 0.00 0.00 0.00 0.00 0.00 0.00 8.83 8.95 9.07 9.19 4.09 4.89 7.14 6.30 11.18 11.12 11.23 11.33 11.44 11.27 11.36 21.71 11.50 11.65 11.70 11.74 11.77 7.06 7.08 8.10 12.10 12.19 12.19 12.19 12.18 12.09 12.07 22.69 12.02
0.00 0.00 0.00 0.00 0.00 0.00 0.00 0.00 0.00 0.00 0.00 0.00 0.00 8.42 6.57 6.63 6.64 6.70 6.76 6.83 6.75 6.81 6.88 6.95 6.81 6.89 6.96 7.04 13.17 7.28 7.37 7.46 7.80 7.90 7.99 8.09 8.40 8.51 8.62 8.73 8.95 0.00 0.00 0.00 0.00 0.00 0.00 0.00 0.00 0.00 17.19 8.96 16.66 9.19 9.31 4.15 9.54 6.30 11.24 11.36 11.35 11.45 11.56 11.66 11.45 11.53 11.60 11.67 11.63 11.68 11.72 11.75 15.35 7.15 7.16 12.00 12.17 12.17 12.16 12.15 12.16 12.14 12.12 12.09
0.00 0.00 0.00 0.00 0.00 0.00 0.00 0.00 0.00 0.00 0.00 0.00 8.49 6.62 6.68 6.74 6.75 6.82 6.88 6.94 6.86 6.93 7.00 7.07 29.65 18.43 7.08 7.16 7.32 7.40 7.49 7.58 7.93 8.03 8.13 8.23 10.34 4.77 4.84 7.74 18.86 0.00 0.00 0.00 0.00 0.00 0.00 0.00 0.00 12.80 10.33 10.45 5.96 9.31 12.98 9.54 5.04 6.38 7.41 11.46 8.04 8.13 11.66 11.76 11.54 11.62 11.70 11.77 11.72 11.77 11.81 11.85 12.05 12.07 7.23 12.09 12.26 12.26 12.25 12.24 12.25 23.04 12.20 22.61
0.00 0.00 0.00 0.00 0.00 0.00 0.00 0.00 0.00 0.00 0.00 0.00 6.68 6.73 6.79 6.85 6.87 6.93 7.00 7.06 6.98 7.05 7.12 7.19 13.07 7.12 13.27 7.28 7.44 7.52 7.61 7.71 8.06 8.16 8.26 8.36 10.49 6.47 7.76 7.87 7.97 0.00 0.00 0.00 0.00 0.00 0.00 0.00 8.85 10.33 10.46 10.58 6.05 7.04 4.22 9.65 9.76 5.17 5.24 5.30 6.69 11.66 11.76 11.85 11.63 11.71 11.78 11.85 11.81 11.86 11.90 11.93 12.13 12.15 12.16 12.17 12.34 12.34 12.33 12.31 12.32 12.30 12.27 12.23
0.00 0.00 0.00 0.00 0.00 0.00 0.00 0.00 0.00 0.00 0.00 8.68 6.79 6.84 6.90 6.97 6.98 7.05 13.10 7.18 7.10 7.17 7.23 7.31 7.16 7.24 7.32 7.40 7.56 7.65 7.74 7.83 8.19 8.29 10.40 8.49 4.87 3.88 8.70 8.81 8.09 8.20 0.00 0.00 0.00 0.00 0.00 8.86 5.92 10.46 10.59 10.71 10.84 7.13 10.21 9.75 9.86 9.96 10.07 10.16 11.55 6.82 11.85 22.47 11.71 11.79 11.86 41.65 32.28 11.93 11.97 12.00 12.21 12.22 12.24 44.73 12.42 12.41 12.40 12.38 12.39 12.36 12.33 12.30
0.00 0.00 0.00 0.00 0.00 0.00 0.00 0.00 0.00 0.00 6.84 6.89 12.66 6.92 6.99 7.05 6.98 13.06 7.11 7.18 7.02 7.09 7.15 7.23 7.28 7.35 7.43 7.51 7.93 8.02 8.11 8.21 8.53 8.63 8.73 8.83 9.06 3.79 6.30 11.15 8.21 8.31 8.42 12.40 0.00 20.24 8.86 8.97 3.97 10.59 10.71 10.84 10.90 11.01 5.10 4.40 5.24 5.30 10.51 6.98 11.31 6.89 22.65 12.06 11.90 11.98 12.05 22.69 11.87 22.49 11.95 11.99 22.64 12.04 22.72 22.99 12.29 12.28 12.27 12.26 12.21 12.18 12.15 12.12
0.00 0.00 0.00 0.00 0.00 0.00 0.00 0.00 0.00 0.00 5.63 2.53 6.98 7.04 13.07 7.16 7.10 7.16 7.23 7.30 7.13 7.20 7.27 7.34 7.39 7.47 7.55 7.63 8.05 8.14 8.24 8.33 8.65 8.75 8.86 8.96 9.19 5.21 3.92 6.49 11.81 8.43 8.54 8.64 8.75 16.15 8.97 4.32 6.09 6.17 10.83 10.95 11.01 11.13 11.24 7.48 4.90 4.96 6.88 6.95 7.00 12.13 12.06 12.15 11.98 22.79 12.12 12.18 11.93 11.98 12.01 12.04 12.08 12.09 12.11 12.11 12.34 12.33 12.32 12.31 12.26 12.24 12.21 12.17
0.00 0.00 0.00 0.00 0.00 0.00 0.00 0.00 0.00 0.00 0.00 2.59 2.57 7.15 7.21 7.28 7.21 7.27 7.34 7.41 7.24 7.31 7.38 7.46 7.51 7.58 7.67 7.75 8.18 8.27 8.36 8.45 8.78 8.88 8.98 9.08 9.32 9.42 5.37 4.22 9.29 8.54 8.65 8.75 9.74 8.97 4.68 4.75 4.82 4.89 7.12 7.21 11.12 11.23 11.34 11.46 6.67 6.74 7.04 7.01 7.06 12.06 12.14 12.22 12.05 12.12 12.18 12.24 11.99 12.03 12.06 12.09 12.12 12.14 12.15 12.15 12.38 12.37 12.36 12.35 12.30 12.28 12.25 12.22
0.00 0.00 0.00 0.00 0.00 0.00 0.00 0.00 0.00 0.00 0.00 2.64 2.63 2.66 2.69 7.39 7.32 7.39 7.46 7.53 7.36 7.43 7.50 7.57 7.62 7.70 7.78 7.86 8.30 8.39 8.48 8.58 8.90 9.00 9.10 9.21 9.44 9.55 5.45 4.28 6.33 4.97 8.76 9.74 6.67 6.76 7.50 4.81 4.88 4.95 5.02 7.29 11.22 11.33 11.45 11.56 11.70 6.81 5.12 5.59 7.12 12.33 12.22 12.30 12.12 12.19 12.24 22.99 12.04 12.08 12.11 12.14 12.17 12.18 12.19 12.19 12.42 12.42 12.41 12.39 12.34 12.32 12.29 12.26
0.00 0.00 0.00 0.00 0.00 0.00 0.00 0.00 0.00 0.00 0.00 2.69 2.68 2.71 2.74 2.77 7.33 7.39 7.46 7.53 13.81 7.50 7.57 7.65 7.95 8.03 4.42 4.47 4.76 4.82 8.82 8.92 9.14 9.24 6.82 5.31 5.43 5.51 5.58 6.33 6.41 8.75 8.86 9.85 6.76 6.84 6.93 6.34 6.32 5.01 6.56 6.56 11.25 11.36 11.47 11.58 11.62 11.72 6.95 7.01 5.27 7.14 7.19 12.23 12.10 12.16 12.22 12.27 11.96 12.00 12.02 12.05 12.06 12.07 12.08 12.08 12.34 12.33 12.32 12.30 12.30 12.28 12.25 12.22
0.00 0.00 0.00 0.00 0.00 0.00 0.00 0.00 0.00 0.00 0.00 2.74 2.73 2.76 2.79 2.82 2.74 13.85 7.57 7.64 14.02 7.61 7.68 7.76 8.07 4.44 4.49 4.55 4.84 4.90 8.94 9.03 9.26 5.25 6.92 5.39 7.09 5.59 4.35 4.41 12.27 4.54 8.96 9.95 5.94 6.92 7.01 10.96 11.02 11.13 6.55 11.36 11.35 11.45 11.56 11.67 11.70 11.80 11.89 11.98 12.07 12.15 12.23 12.29 12.16 12.22 12.27 12.32 12.00 12.04 12.07 12.09 12.10 12.11 12.11 12.11 12.37 12.36 12.35 23.32 12.34 12.32 12.29 12.26
0.00 0.00 0.00 0.00 2.62 0.00 0.00 0.00 0.00 0.00 6.84 2.80 2.78 2.81 2.84 2.88 2.79 2.82 2.86 7.75 7.64 7.72 7.79 7.86 8.18 4.51 4.57 4.62 4.91 8.30 5.04 5.10 5.25 5.32 5.39 4.06 5.59 5.66 4.41 12.46 4.54 4.60 4.66 9.16 8.99 7.00 10.94 11.06 11.11 11.23 11.34 11.44 11.43 11.54 22.00 11.74 11.77 11.87 11.96 12.04 12.14 12.21 12.28 12.35 23.13 12.27 12.31 12.36 22.74 12.07 12.10 12.12 12.13 12.14 12.14 12.14 12.40 12.39 12.38 12.37 12.37 12.35 12.32 12.29
0.00 0.00 0.00 2.63 2.67 2.70 0.00 0.00 0.00 6.88 2.82 2.86 2.83 2.87 2.90 2.94 2.84 2.88 2.92 2.95 7.75 7.82 7.89 7.97 8.28 4.58 4.64 4.69 4.99 5.04 5.11 8.56 5.33 5.39 5.46 9.78 9.96 5.73 4.47 5.88 4.59 4.66 4.72 4.78 4.85 4.91 11.04 11.15 11.20 11.31 11.42 11.53 11.51 11.61 22.07 11.81 11.84 11.93 12.02 22.47 12.20 12.27 12.34 12.40 12.26 12.31 12.36 12.40 12.08 12.11 12.13 12.15 12.16 5.61 12.17 12.17 12.43 12.42 12.41 12.40 12.40 12.38 12.35 12.31
2.61 6.59 2.66 2.68 2.72 2.75 6.19 6.27 2.84 2.87 1.35 2.93 2.92 2.95 2.99 3.02 2.95 6.62 3.02 3.06 3.01 3.05 8.12 8.19 8.46 4.70 4.75 4.81 5.06 8.53 5.18 5.25 5.42 5.49 9.82 9.92 10.10 4.47 4.53 8.93 4.65 10.35 4.77 4.83 4.90 4.96 11.14 21.20 11.23 21.38 21.69 11.55 11.44 11.54 11.64 11.73 11.53 11.62 11.70 11.78 11.73 11.80 11.86 11.92 22.42 11.91 11.95 22.64 22.67 12.03 5.54 5.55 5.66 5.67 12.27 12.27 12.36 12.35 12.34 12.32 12.39 23.36 12.34 12.30
2.66 2.69 2.71 6.12 2.77 2.80 2.83 2.86 2.90 6.51 2.95 2.99 2.97 3.01 3.04 3.07 3.00 3.04 3.07 3.11 3.06 3.10 3.14 8.29 8.56 8.64 4.82 4.87 5.13 5.19 5.25 5.31 9.71 9.81 9.91 10.01 4.46 4.52 4.58 7.45 4.70 4.76 8.56 4.88 8.02 5.01 11.22 11.33 11.31 11.41 11.52 11.62 11.51 11.60 22.07 31.60 21.88 11.67 11.75 11.82 11.77 11.84 11.90 11.96 11.89 11.94 11.98 12.02 12.02 12.05 5.55 12.09 5.67 10.43 12.29 12.29 12.37 12.37 12.35 5.71 12.41 12.38 12.35 10.29
2.71 2.74 6.16 2.78 2.83 2.86 2.89 2.91 2.95 2.98 6.67 3.04 3.03 3.06 3.09 3.12 3.05 3.09 3.12 3.16 3.11 3.15 3.18 3.22 3.36 8.74 4.88 4.94 9.28 9.37 9.45 9.54 9.80 9.90 10.00 5.76 4.51 4.57 4.63 9.09 9.19 6.93 7.01 6.17 4.99 5.05 6.39 11.40 11.37 11.48 11.58 11.68 11.57 11.66 11.75 11.84 11.63 11.71 11.79 11.86 11.81 11.87 11.93 11.99 11.92 11.97 12.00 22.71 12.04 12.07 12.09 12.10 12.29 12.30 12.30 12.30 12.39 12.38 12.37 5.72 12.41 12.39 10.33 18.66
2.76 2.79 2.81 2.83 2.88 2.91 2.94 2.96 3.01 3.03 3.06 3.09 3.08 3.11 3.14 3.17 3.10 3.13 3.17 3.20 3.16 3.19 3.23 3.27 3.41 3.45 8.90 8.98 9.37 9.45 9.54 9.63 9.89 9.98 10.08 5.81 10.36 10.47 13.35 5.31 9.25 10.89 11.00 6.22 7.22 5.09 5.15 11.46 11.43 11.54 11.64 11.73 21.53 11.71 11.80 11.88 11.67 11.75 11.82 11.89 11.84 11.90 11.96 12.01 11.94 11.98 12.02 12.05 12.06 12.08 12.10 12.11 12.30 12.31 12.31 12.31 12.39 12.38 10.42 10.41 12.41 12.38 10.33 10.29
2.79 2.81 6.32 2.87 2.91 2.94 2.96 2.99 3.03 3.06 3.09 3.11 3.13 6.99 3.19 3.22 3.19 3.23 3.26 3.29 3.25 3.29 3.32 3.36 3.40 3.45 3.49 3.53 9.38 9.47 9.56 9.64 9.96 10.05 5.78 14.21 19.63 10.51 10.76 15.92 4.09 20.69 11.05 7.19 7.27 10.78 5.18 6.73 11.29 6.66 11.50 11.60 11.24 11.33 11.41 11.49 11.31 11.38 11.46 11.52 11.64 11.70 11.76 11.81 11.94 11.98 12.01 12.05 12.34 12.36 12.38 12.39 12.52 12.53 12.53 12.53 23.42 12.40 5.74 5.73 10.38 10.35 10.32 10.28
