New_Model_Runs/4_scn3_noclimate_out/post_prcessed_with_MFR/Monthly_summaries/runoff_monthly_APR.asc
NCOLS 700
NROWS 400
XLLCENTER 515000.000000
YLLCENTER 8409000.000000
CELLSIZE 50.000000
NODATA_value -999.000000
[rows 266 to 303 of 400, columns 168 to 251 of 700]
2.60 2.63 2.66 4.75 2.73 4.07 4.12 4.16 4.06 6.27 2.39 2.41 2.42 2.45 2.47 2.49 2.55 2.57 2.59 2.61 2.65 2.67 2.69 4.61 4.71 4.74 2.81 2.82 2.89 2.90 2.40 7.66 5.25 5.28 2.96 5.23 2.90 2.91 2.92 2.92 2.86 2.86 2.87 2.66 2.86 2.86 2.87 2.87 2.64 2.45 0.50 0.50 0.64 0.64 1.15 1.15 1.15 0.87 1.14 1.14 1.13 1.13 1.12 1.12 1.11 2.42 2.41 1.09 1.08 1.07 1.06 1.05 0.85 2.28 0.83 2.23 2.21 2.18 2.47 1.34 1.32 1.30 0.91 1.26
2.51 2.54 2.58 3.90 2.67 2.71 4.05 4.09 3.99 4.03 2.35 2.37 2.38 2.40 2.43 2.45 2.50 2.53 2.55 2.57 2.61 2.63 2.65 4.55 4.65 4.68 2.77 2.79 2.85 2.86 2.37 14.16 5.46 2.91 2.92 2.93 2.87 2.87 5.12 2.89 2.82 2.83 2.83 2.84 2.30 2.83 2.83 2.83 2.86 2.42 0.57 0.57 0.57 0.57 0.57 1.13 1.13 1.12 2.46 1.12 0.85 1.11 1.10 1.53 1.09 1.08 0.88 2.35 1.06 1.05 1.04 1.03 1.02 2.24 0.81 2.20 2.17 1.03 1.08 1.00 0.98 1.27 1.25 1.23
2.45 2.49 2.52 4.13 3.99 2.22 4.26 3.98 3.88 3.92 2.27 2.30 2.34 2.36 6.23 2.41 2.49 2.51 2.53 2.55 2.59 2.61 2.63 4.52 4.59 2.71 2.73 2.74 2.80 2.82 2.34 5.50 2.89 2.21 2.87 2.88 2.82 2.83 2.83 2.84 2.78 2.79 2.79 2.80 2.44 2.44 2.81 2.45 2.45 2.28 0.56 0.56 0.56 0.48 0.81 0.56 1.11 1.11 1.10 1.10 1.09 1.09 1.08 2.37 0.87 2.35 2.33 2.32 0.85 1.03 1.02 1.01 2.23 2.20 2.18 2.16 0.95 1.32 2.38 1.29 1.27 2.30 0.93 1.21
2.11 2.14 4.00 4.06 2.54 2.57 7.67 4.23 7.55 4.16 2.28 2.26 2.30 2.32 2.34 4.19 2.45 2.47 2.49 2.51 2.55 2.57 8.23 4.46 4.53 2.67 2.69 2.71 2.76 4.72 4.74 5.87 2.85 2.83 2.84 2.85 2.78 2.79 2.80 2.81 2.75 2.40 2.40 2.77 2.25 2.41 2.42 2.42 2.42 2.25 0.47 0.55 0.75 0.75 0.74 0.54 1.09 1.09 1.08 1.08 1.07 1.07 1.06 1.06 1.05 1.04 2.29 0.84 2.26 1.01 0.82 0.99 0.98 0.79 0.78 2.12 0.94 1.30 1.28 1.26 1.24 1.23 0.92 2.72
2.34 2.38 3.93 2.45 2.49 2.52 4.11 4.15 4.04 5.34 2.20 1.76 1.78 1.98 2.30 2.33 2.41 2.43 2.45 2.47 5.52 4.34 4.37 4.40 4.47 2.63 2.65 2.67 4.64 4.66 2.79 3.19 2.81 2.79 2.80 2.81 2.75 2.76 2.76 2.77 2.84 2.37 2.37 2.38 2.22 2.22 2.39 2.07 4.38 0.54 0.72 0.72 0.73 0.73 0.54 0.53 1.07 1.07 1.06 1.48 1.47 1.47 1.04 1.04 0.84 1.02 1.02 0.82 0.76 0.75 0.80 0.74 2.16 2.13 0.77 0.93 1.29 1.27 1.26 1.24 1.22 1.20 1.19 0.01
2.29 3.80 3.85 2.40 2.43 2.47 4.02 4.08 3.97 4.01 1.49 1.72 1.74 1.77 2.15 2.17 2.37 4.13 4.16 5.39 3.00 4.28 4.31 4.34 4.42 2.60 2.61 2.63 2.72 2.73 2.75 5.18 2.78 2.79 2.76 2.78 2.71 2.72 2.73 2.74 2.17 2.34 2.18 2.35 2.35 2.19 2.36 2.04 2.72 0.71 0.71 0.95 0.72 0.72 0.53 0.52 1.05 1.05 2.63 2.12 1.45 1.44 1.43 0.83 2.25 2.24 0.81 0.99 2.19 0.74 0.79 2.14 0.72 0.76 0.92 0.91 1.27 1.25 1.24 2.25 1.20 1.18 0.05 0.01
2.24 2.00 3.78 2.35 3.73 3.78 3.83 3.88 3.83 1.92 1.66 1.69 2.10 2.07 2.09 2.12 1.79 2.37 2.39 2.42 2.53 5.40 3.01 4.29 4.24 2.49 1.92 2.61 2.62 2.64 2.66 2.67 2.70 2.71 3.57 2.05 2.62 2.62 2.63 2.64 2.57 2.57 2.25 2.08 2.25 2.09 2.26 1.93 1.93 2.60 0.69 0.69 0.69 0.69 0.52 0.51 1.03 1.44 2.59 2.59 1.42 1.42 1.41 0.82 2.22 2.20 2.19 2.18 0.97 0.78 0.77 2.11 0.76 0.75 2.05 0.90 0.95 1.23 1.21 0.91 0.90 1.16 0.05 0.01
3.54 3.66 2.26 3.73 3.67 6.69 3.76 5.81 5.06 1.88 1.63 1.65 2.97 3.24 3.25 2.08 2.17 3.89 2.77 2.37 2.43 5.16 2.99 2.93 4.18 4.41 2.55 2.57 2.59 2.60 4.49 2.63 2.65 2.66 2.67 2.00 2.01 2.18 2.60 2.61 2.53 2.54 2.21 2.22 3.61 2.23 2.23 3.65 2.56 2.56 2.56 0.90 0.68 0.43 0.51 0.67 1.66 1.08 2.56 2.55 2.54 1.06 1.39 1.05 2.49 2.17 2.16 0.96 2.13 1.76 0.93 2.07 2.06 0.73 2.02 0.94 0.93 1.21 1.19 0.89 2.16 2.13 0.98 0.05
6.45 3.59 3.64 3.66 3.60 3.65 3.70 2.39 2.42 1.57 1.59 1.40 1.96 1.99 2.02 2.04 2.13 4.27 4.77 2.33 2.39 4.02 7.68 4.08 4.27 4.30 4.38 7.04 2.55 2.57 2.96 2.97 2.61 2.62 3.02 5.75 2.14 2.55 2.56 2.00 1.97 2.01 2.02 2.19 2.19 2.20 3.32 1.87 1.88 3.81 2.53 2.20 0.66 0.66 0.50 0.49 0.67 0.67 1.39 1.38 1.05 1.05 1.04 0.84 1.35 2.44 2.43 2.41 2.09 2.08 2.06 2.04 2.03 2.01 1.23 1.22 0.92 2.20 1.18 1.16 0.87 2.10 1.11 0.67
6.36 3.53 3.58 3.60 3.54 2.28 1.94 2.35 1.51 1.54 1.41 1.58 1.61 1.95 1.98 2.00 2.09 4.21 2.27 2.29 2.35 3.96 4.16 4.19 4.22 4.24 4.27 4.30 2.51 6.27 2.55 2.93 2.57 4.43 4.36 6.64 2.51 1.96 2.53 2.54 2.47 2.47 2.15 2.16 2.16 2.17 2.17 2.17 2.17 2.17 2.17 2.17 2.17 0.49 0.49 0.57 0.66 0.58 1.36 1.36 2.46 1.03 0.83 1.33 1.33 1.00 2.39 2.38 2.36 2.34 2.32 2.30 2.28 1.23 1.21 1.20 1.19 1.17 1.16 0.70 0.69 0.90 0.88 0.81
6.22 3.47 3.52 5.94 3.04 3.67 3.72 2.30 1.48 1.51 1.53 1.55 1.88 1.91 1.93 1.96 2.04 2.06 2.23 2.29 5.94 9.47 7.77 4.13 4.16 4.19 4.22 4.25 6.78 2.85 2.51 2.53 2.54 2.92 2.56 2.67 2.08 2.47 2.58 2.49 1.95 3.95 2.12 2.12 2.13 2.13 2.43 2.13 1.82 5.88 2.14 2.13 2.13 2.13 2.13 0.48 0.56 0.47 2.45 1.34 1.33 1.33 0.82 2.40 2.39 0.99 2.36 0.97 0.96 2.31 2.29 2.27 2.25 0.92 1.20 1.18 1.17 2.83 1.14 0.69 0.68 1.09 1.08 0.80
6.79 2.06 2.10 3.04 2.99 3.04 4.63 1.43 1.45 1.48 1.50 2.39 3.75 1.87 1.90 1.92 2.00 2.02 4.10 4.83 3.99 4.02 4.05 4.08 4.11 4.14 4.17 4.20 2.80 2.82 2.47 2.49 2.50 2.89 4.26 5.96 1.89 2.44 2.06 1.92 2.39 2.09 3.38 2.10 2.39 2.39 2.39 2.40 2.11 2.11 2.11 2.11 2.10 2.10 2.10 2.09 0.46 0.46 2.41 2.40 2.40 1.30 0.80 2.36 2.35 2.34 0.96 3.63 2.29 1.24 1.22 0.92 2.10 3.45 1.18 1.16 1.15 1.14 2.09 0.84 0.83 1.08 1.06 0.64
6.06 2.02 2.06 2.99 5.28 1.81 1.84 1.27 1.43 1.45 3.54 3.59 3.70 3.74 3.78 1.89 1.96 7.20 4.03 3.69 3.93 3.97 4.00 4.03 4.06 4.09 4.12 4.15 2.76 2.78 4.08 8.53 4.13 4.15 4.17 4.18 1.86 2.41 2.42 2.04 2.05 3.50 2.37 2.37 2.36 2.36 2.36 2.36 2.38 1.77 2.08 1.92 2.08 2.07 2.07 2.07 2.06 1.71 1.30 2.37 2.36 0.79 0.79 2.33 2.32 2.31 2.29 2.28 1.00 1.22 0.91 0.74 2.19 2.17 2.15 1.68 1.50 1.12 1.10 1.09 0.66 1.06 1.05 1.03
1.71 1.74 2.02 2.05 2.90 2.12 2.98 2.19 1.26 1.89 3.49 3.53 3.64 3.68 3.72 3.76 3.89 3.93 3.97 3.65 3.88 3.92 3.95 3.98 4.01 4.04 4.07 4.09 4.12 2.74 4.03 5.10 4.08 4.10 2.82 1.98 2.36 1.84 2.01 1.86 2.02 2.03 2.34 2.34 2.33 2.33 2.33 2.33 2.35 2.05 2.05 1.89 2.05 2.05 2.04 2.04 1.88 3.41 1.28 1.27 1.27 2.32 2.31 2.30 2.29 2.27 2.26 2.24 1.68 1.77 1.19 0.72 0.88 0.87 0.93 0.85 1.12 1.10 1.09 1.08 1.06 1.05 1.03 1.92
1.68 3.25 1.99 2.02 2.83 2.87 2.91 1.80 3.00 3.03 3.46 3.50 1.93 2.34 3.69 3.73 3.81 3.85 2.47 2.48 3.71 3.87 3.90 3.93 3.96 3.99 4.01 4.04 4.07 7.93 3.99 4.01 3.99 2.50 4.07 1.95 1.79 1.97 1.98 1.99 1.99 2.29 2.30 2.30 2.29 2.30 2.30 2.30 2.32 2.02 2.02 1.87 3.25 2.02 2.02 2.01 5.12 6.08 6.07 1.25 1.25 1.24 2.28 2.27 2.25 2.24 2.23 2.21 1.19 1.18 1.17 1.16 0.70 0.70 0.69 1.11 1.10 1.09 1.07 1.06 1.05 1.03 1.02 1.00
3.16 3.21 3.25 3.30 2.79 2.83 2.87 2.91 4.73 2.99 3.03 3.06 1.90 3.75 3.79 3.68 2.38 3.79 3.50 2.12 2.47 3.81 3.85 3.88 3.90 7.43 3.96 3.99 6.41 2.66 2.68 3.96 2.36 2.46 2.74 1.92 1.93 1.94 1.95 1.96 1.97 2.26 1.98 2.27 2.27 2.27 1.99 1.99 2.29 2.00 2.00 2.00 1.99 3.78 1.99 3.33 3.33 3.32 3.31 3.30 0.87 1.97 1.96 2.24 2.22 0.91 1.19 0.89 1.17 1.16 1.15 0.70 0.69 0.69 1.11 1.10 1.08 1.07 0.65 0.64 0.63 1.02 1.00 1.96
1.63 1.66 3.21 3.25 2.92 2.79 2.83 2.87 4.67 2.95 2.98 3.80 1.87 1.89 2.00 2.03 3.82 2.37 2.15 3.58 2.44 2.46 2.48 3.82 9.87 6.21 2.56 2.58 2.26 2.62 3.88 3.91 2.67 3.95 2.11 1.89 3.05 1.91 1.92 1.93 2.22 1.95 1.95 1.96 2.24 1.96 1.82 1.97 1.97 1.97 1.97 1.97 1.97 1.67 1.67 4.37 3.29 3.29 2.61 3.27 2.78 1.94 1.93 1.92 1.19 2.06 1.17 1.16 1.64 1.14 1.13 0.69 0.68 1.10 1.09 1.08 1.07 1.06 0.79 1.03 0.62 1.01 0.99 0.98
1.84 1.87 3.17 3.21 3.26 2.75 2.79 2.83 2.87 2.91 2.94 2.98 3.07 3.50 2.25 3.72 8.77 2.33 3.50 3.53 2.16 3.60 8.49 3.65 3.68 3.71 2.53 2.55 3.79 2.58 3.83 3.85 3.88 3.90 1.71 1.86 1.87 1.88 1.89 1.90 2.19 2.20 2.21 2.21 1.94 1.94 1.94 1.94 1.94 1.94 3.71 5.39 4.92 3.70 2.24 2.24 4.32 4.32 2.58 3.24 2.74 4.01 1.91 1.90 1.17 1.16 1.15 1.15 1.14 1.13 1.12 0.68 0.67 0.67 1.08 1.07 1.06 1.04 0.78 1.02 1.01 0.99 0.98 0.97
2.72 3.09 1.63 3.17 3.60 2.72 5.22 3.34 2.85 2.89 2.92 2.96 3.03 3.06 3.63 3.67 3.71 3.13 6.47 3.49 3.52 3.55 5.45 3.60 3.63 5.77 8.17 3.71 3.74 3.76 3.78 3.80 7.20 3.85 1.67 1.68 1.85 1.86 2.19 2.20 2.18 1.75 2.19 1.91 1.91 1.91 1.92 1.63 1.92 1.77 1.77 1.63 2.21 2.21 2.20 1.91 1.91 4.28 3.21 2.72 2.71 3.97 2.70 0.82 2.14 1.14 1.14 0.86 1.12 1.11 1.10 1.01 1.08 1.07 1.06 1.05 1.04 0.63 0.62 1.01 0.99 0.98 0.97 0.96
3.02 1.59 1.85 1.88 1.91 2.85 4.60 1.74 1.76 1.79 2.07 2.92 3.51 3.55 3.59 3.62 1.96 1.98 3.41 3.44 3.47 2.11 2.13 2.15 2.41 5.00 3.64 5.58 2.24 3.71 3.74 3.76 3.78 3.80 1.80 1.81 1.66 2.15 2.16 2.17 2.15 1.72 1.87 1.88 1.74 1.89 1.89 1.61 1.90 1.90 1.90 5.48 1.90 2.31 1.60 1.89 1.89 1.60 4.23 3.17 2.69 3.93 3.92 2.31 0.70 2.10 0.91 2.08 2.06 1.10 1.09 0.66 1.07 1.06 1.05 0.63 0.63 0.62 0.61 1.00 0.98 0.97 0.96 0.95
2.98 1.57 1.83 1.85 1.88 1.91 3.22 1.71 1.70 2.01 4.99 2.07 3.46 3.50 3.54 2.17 3.61 3.34 4.58 2.28 2.30 2.32 2.10 3.51 3.54 2.16 3.59 2.19 2.21 3.67 3.69 3.71 3.73 3.76 3.78 3.80 2.25 2.26 2.27 2.91 2.12 1.70 1.70 1.71 1.86 1.86 2.82 1.87 1.87 1.87 1.87 1.87 2.16 2.16 1.87 1.87 1.86 1.86 1.86 4.18 4.17 3.90 7.28 2.63 2.28 0.84 2.06 2.05 1.09 2.03 1.08 0.65 1.06 1.05 1.04 0.63 0.62 0.61 1.00 0.69 0.55 0.50 0.66 0.65
2.96 2.99 1.81 3.07 1.86 4.81 3.18 1.69 1.71 3.29 3.33 3.37 3.41 3.45 3.49 2.14 1.90 1.97 3.22 3.25 2.27 5.18 2.07 2.33 3.49 3.38 3.54 2.16 2.18 3.62 3.64 5.59 3.69 2.26 3.73 2.54 2.55 2.57 2.24 2.26 3.67 2.10 1.68 1.69 2.10 1.84 5.13 1.56 3.56 1.85 2.12 3.55 2.13 2.13 2.13 2.13 4.06 1.84 1.83 1.83 2.05 3.86 3.85 2.61 5.86 2.67 1.09 1.09 1.08 1.07 1.06 1.05 1.96 1.95 1.03 1.02 1.01 0.60 0.69 0.68 0.67 0.53 0.53 0.65
2.93 2.96 5.29 3.04 3.61 1.62 3.15 1.67 4.54 5.25 1.98 1.68 2.03 2.06 3.12 1.76 1.87 1.94 3.17 3.48 2.23 2.02 3.88 2.29 2.00 2.33 3.50 3.53 2.39 3.58 2.18 2.20 2.46 2.48 3.69 5.70 2.27 2.20 5.66 2.56 2.24 3.84 2.11 1.81 2.07 2.07 3.87 3.87 1.83 1.83 2.07 2.07 1.83 1.83 2.10 3.53 1.82 1.54 3.50 3.49 3.49 3.83 7.15 2.33 2.32 2.56 3.01 1.07 0.80 1.06 1.05 1.04 1.03 1.02 0.62 0.70 0.56 0.56 0.68 0.86 0.54 0.53 0.52 0.51
1.49 4.26 1.54 3.01 3.04 3.08 3.11 5.56 3.18 1.69 1.96 1.65 3.32 3.36 2.05 2.08 4.65 3.10 4.85 1.96 3.30 3.33 2.24 2.26 1.97 1.99 2.32 2.34 4.02 2.14 2.15 2.41 2.43 2.44 3.65 3.67 2.49 2.50 2.52 2.53 2.54 2.55 3.66 2.09 2.04 4.59 3.83 3.83 1.81 2.04 2.05 2.05 2.08 2.08 2.08 2.08 2.09 3.48 1.79 1.79 5.37 3.80 2.56 2.56 2.29 2.29 2.28 2.52 1.05 1.04 1.04 0.63 0.72 0.53 0.53 0.70 0.56 0.66 0.54 0.54 0.53 0.52 0.52 0.68
1.70 1.72 1.75 3.49 3.01 1.81 5.45 3.11 3.15 3.18 4.53 1.71 1.73 3.32 2.02 2.05 1.73 1.82 3.09 3.12 3.16 1.89 2.21 2.23 1.95 1.96 2.29 2.31 2.33 2.35 2.36 3.54 3.56 2.41 2.43 4.21 3.65 2.48 2.49 2.17 2.18 2.53 1.75 2.07 2.02 2.02 2.03 2.03 2.02 2.02 1.59 2.02 2.06 2.06 2.94 2.94 2.07 2.07 3.44 3.43 3.77 2.55 2.54 3.74 3.73 2.26 2.25 2.24 3.53 0.63 0.62 0.62 0.71 0.88 0.70 0.69 0.39 0.54 0.67 0.53 0.52 0.52 0.68 0.67
1.46 1.71 1.50 2.95 2.98 1.56 5.39 3.08 3.11 3.15 1.91 1.93 1.95 3.28 2.00 2.02 1.78 1.80 2.11 2.13 3.12 3.14 2.18 1.90 2.22 1.94 2.26 2.28 2.30 2.32 2.33 2.35 3.52 2.14 2.40 2.42 2.43 3.63 2.46 2.14 2.48 2.17 1.73 2.04 1.56 2.89 2.01 2.01 2.00 2.00 2.00 2.00 2.04 2.03 2.03 2.91 1.59 2.05 1.48 3.40 3.74 3.73 2.52 2.51 4.32 2.49 2.48 2.47 3.51 2.28 0.62 0.61 0.52 0.69 0.69 0.55 1.01 1.00 0.66 0.52 0.52 0.68 0.67 0.67
1.45 2.86 2.89 1.73 1.75 1.77 1.80 1.58 1.84 3.11 1.88 1.91 1.68 3.24 1.72 3.31 2.04 1.77 2.08 4.31 3.07 3.09 3.12 2.18 2.19 2.21 2.23 2.25 2.27 2.29 2.31 2.33 2.34 2.12 2.37 2.39 2.40 2.42 2.43 2.44 2.46 2.47 2.48 2.01 1.96 1.73 1.98 1.98 1.97 1.98 1.98 1.98 2.02 2.02 2.02 2.02 2.02 1.74 3.38 3.37 3.71 2.50 2.49 2.49 2.48 2.47 2.46 2.45 3.47 3.45 2.25 0.60 0.69 0.69 0.68 1.01 1.00 0.66 1.53 0.69 0.68 0.68 0.67 0.66
2.81 1.46 2.87 2.90 2.93 1.53 1.78 3.02 1.82 3.08 1.86 1.88 1.90 1.61 1.70 1.72 3.05 2.04 2.06 2.08 2.09 2.11 3.23 2.15 2.17 2.19 2.21 2.23 2.24 2.26 2.28 2.30 2.08 3.47 2.35 2.36 2.38 4.10 4.16 2.42 2.43 2.44 2.45 2.49 1.94 1.95 1.95 1.96 1.95 1.95 1.96 1.96 2.00 2.00 2.12 2.00 2.00 1.55 1.45 3.34 3.68 2.48 2.47 3.65 2.46 2.45 2.44 5.39 3.44 3.43 3.41 2.38 0.68 0.68 1.01 1.00 0.66 1.53 1.75 1.73 0.68 0.67 0.66 0.65
4.90 2.82 1.46 2.88 2.90 1.51 1.76 1.78 1.80 1.59 1.84 1.86 1.88 1.90 3.21 1.62 3.02 3.05 3.08 2.05 1.85 1.87 1.82 2.13 2.14 3.25 1.95 2.20 2.22 2.24 2.26 3.40 3.42 2.31 2.32 2.02 2.35 2.36 3.90 2.39 2.40 2.41 2.43 4.74 4.75 1.93 1.93 1.94 1.93 1.93 1.93 1.94 1.98 1.98 1.98 1.98 1.98 1.98 3.32 1.43 3.65 2.46 2.45 3.62 3.62 2.18 2.18 2.17 3.42 2.07 2.06 2.36 2.35 3.33 0.99 0.99 0.65 0.69 1.73 1.72 0.67 1.67 1.65 0.65
2.77 2.80 2.83 1.47 1.70 1.72 1.74 1.76 1.78 1.57 3.06 3.09 1.86 3.15 1.59 1.60 1.97 3.02 3.05 3.07 1.83 3.12 5.84 3.17 2.12 1.92 2.16 2.18 2.19 5.04 2.00 3.36 3.39 2.28 2.30 2.31 2.33 3.48 2.11 4.08 2.38 2.39 2.40 4.70 4.71 4.73 4.74 3.62 3.63 1.91 1.91 1.92 1.69 1.69 1.96 1.96 1.96 1.96 1.96 1.95 3.62 2.11 2.43 3.60 3.59 3.58 2.16 2.39 2.14 3.52 2.36 2.34 2.02 2.00 3.29 0.52 0.52 0.51 1.49 1.70 0.71 1.65 1.64 0.64
2.75 2.78 1.44 1.45 1.47 1.71 1.73 1.75 1.77 1.79 1.81 3.06 1.61 1.86 1.57 1.94 1.95 1.76 3.02 3.04 3.07 3.09 3.11 2.08 2.10 2.12 3.62 2.15 2.17 1.89 1.90 3.33 3.35 3.37 2.27 2.29 2.30 2.32 2.09 2.34 2.36 3.52 2.38 4.49 4.66 4.69 4.70 4.71 3.60 1.91 1.91 1.91 1.67 1.92 3.22 1.54 1.92 3.21 1.92 1.92 3.41 6.54 2.41 2.40 2.40 2.39 2.14 2.13 2.12 3.35 3.33 2.01 2.31 2.30 2.28 2.27 0.51 0.51 0.50 0.62 1.66 1.64 0.86 0.64
2.40 2.77 2.15 1.44 2.84 1.70 1.71 1.73 1.75 1.77 2.82 2.72 4.49 1.85 1.86 1.71 1.93 2.97 1.97 1.99 3.04 3.06 3.09 3.11 3.13 2.10 2.11 2.13 2.15 3.25 2.18 1.90 2.22 3.34 2.25 2.26 2.05 1.98 2.31 3.96 2.33 2.03 2.04 2.05 2.37 4.64 4.65 4.66 4.67 1.89 1.89 1.89 1.90 1.91 2.42 1.91 1.91 1.90 1.90 3.39 3.56 3.56 2.39 2.38 2.38 2.37 2.36 2.04 2.11 2.33 3.46 2.07 2.29 2.28 2.27 2.25 2.24 0.63 1.45 1.44 1.42 1.63 1.61 0.84
1.36 2.75 1.42 1.43 1.45 1.68 1.70 1.72 1.74 1.76 2.98 3.01 1.81 1.83 1.54 2.90 1.92 1.93 1.95 1.97 1.99 2.00 2.02 2.04 2.06 3.13 3.15 4.04 3.20 3.22 3.25 3.27 3.29 3.31 3.33 2.24 2.02 2.04 2.28 2.30 2.00 2.01 2.33 2.03 2.04 2.36 4.61 3.36 3.34 1.87 1.87 1.87 1.89 1.89 1.64 1.89 1.89 1.89 1.64 2.39 3.54 2.13 2.37 2.36 3.51 2.35 2.34 2.34 2.33 2.31 2.30 2.29 2.28 2.26 2.02 2.24 3.33 3.31 1.44 1.43 0.60 0.85 1.60 0.83
1.35 1.36 1.41 2.78 1.65 1.67 1.69 1.71 1.72 1.74 1.76 2.99 3.02 1.81 1.83 1.68 1.69 1.71 2.94 1.95 1.97 1.99 2.00 2.02 2.04 2.06 3.13 3.15 1.89 3.20 1.92 3.24 3.26 3.28 3.78 2.22 2.00 2.02 3.38 1.97 1.98 2.30 2.31 2.32 2.02 2.34 2.34 2.35 2.36 2.36 1.62 1.85 1.87 1.87 1.87 1.87 3.53 3.53 2.05 3.34 2.36 2.12 2.35 2.35 2.10 2.09 2.09 2.32 2.31 2.30 2.28 2.27 2.26 3.36 3.34 2.22 2.21 3.29 3.27 0.60 1.40 1.60 0.62 1.57
1.34 1.35 1.37 2.77 2.79 1.66 1.68 2.87 2.89 1.73 1.75 1.53 1.78 1.49 3.05 2.85 1.68 1.70 1.71 1.93 2.97 1.97 1.99 2.00 2.02 3.08 3.11 3.13 3.15 1.88 1.90 2.14 3.24 3.26 3.28 4.56 3.32 3.34 2.24 2.25 1.96 1.97 2.29 2.30 2.00 2.32 2.32 2.33 2.34 2.34 2.34 2.35 3.30 1.84 1.84 1.84 1.48 2.04 2.03 3.30 2.34 2.34 2.33 2.33 2.32 2.31 2.31 2.30 3.42 2.28 2.27 2.25 2.24 2.00 1.99 3.30 3.28 3.27 3.24 3.22 1.39 0.58 0.67 0.58
1.33 1.35 1.36 2.75 2.78 1.43 1.45 1.68 1.70 1.72 1.44 1.52 1.47 1.48 1.57 1.85 2.86 2.88 2.90 5.10 1.94 1.68 1.69 1.77 2.00 2.02 2.04 3.11 3.13 3.15 4.96 3.19 1.91 3.23 3.25 3.27 3.29 2.21 2.22 2.23 2.25 3.38 3.39 1.97 1.98 2.30 2.07 2.07 2.31 4.00 2.32 2.33 2.33 3.46 1.83 1.83 2.02 2.02 2.33 2.33 3.46 2.32 2.31 2.31 2.07 2.30 2.29 2.28 5.38 3.38 3.36 2.01 3.33 3.32 3.30 1.96 3.26 1.94 3.23 3.20 3.18 1.37 0.58 0.53
1.33 1.34 1.35 1.37 2.76 2.79 1.44 1.67 1.69 1.70 2.91 2.93 2.96 1.77 1.83 2.82 2.84 2.86 2.88 1.91 3.06 1.66 1.68 1.97 1.99 2.01 2.02 2.04 2.05 3.12 2.08 2.10 2.12 3.21 2.15 2.16 3.26 3.28 5.21 2.21 2.23 2.01 2.02 2.02 1.96 2.28 2.05 2.05 2.29 2.30 2.07 5.40 4.80 2.31 1.81 3.44 2.31 2.00 2.31 2.31 3.44 2.30 2.29 2.29 2.28 2.28 2.27 2.26 2.25 2.24 2.23 2.22 3.31 3.29 3.28 1.95 3.24 2.22 3.43 3.19 3.17 2.24 1.38 1.37
1.32 2.35 1.35 1.17 2.75 2.77 1.43 1.44 1.68 1.69 2.89 2.91 2.94 1.46 1.81 1.83 2.82 2.84 4.47 1.89 1.91 1.92 1.73 1.96 1.97 3.02 3.04 2.02 3.08 2.05 2.07 1.79 2.10 2.11 2.13 2.14 2.16 1.94 1.96 3.29 2.21 1.99 2.23 2.24 2.25 2.25 2.26 2.27 1.97 2.28 2.28 3.24 3.23 2.29 3.23 1.99 2.30 1.99 2.29 2.06 2.05 1.97 2.04 2.27 2.27 2.26 2.25 2.24 2.24 2.23 1.99 2.21 1.97 1.96 3.26 3.24 3.22 2.29 3.41 2.51 3.37 3.35 3.32 1.36
