New_Model_Runs/4_scn3_noclimate_out/post_prcessed_with_MFR/Monthly_summaries/runoff_monthly_MAR.asc
NCOLS 700
NROWS 400
XLLCENTER 515000.000000
YLLCENTER 8409000.000000
CELLSIZE 50.000000
NODATA_value -999.000000
[rows 296 to 332 of 400, columns 168 to 251 of 700]
2.80 2.81 1.47 1.48 1.48 1.70 1.70 1.70 1.71 1.71 1.71 2.88 1.51 1.72 1.45 0.60 0.62 0.47 1.72 1.73 1.74 1.75 1.75 0.65 0.65 0.66 1.09 0.66 0.67 0.46 0.46 1.83 2.18 2.19 0.95 0.95 0.95 0.96 0.77 0.97 0.97 2.25 0.98 3.63 3.90 3.91 3.91 3.92 2.28 0.40 0.40 0.40 0.45 0.40 0.48 0.38 0.40 0.48 0.40 0.40 1.78 3.23 0.98 0.97 0.97 0.96 0.76 0.76 0.75 1.73 1.72 0.46 0.67 0.66 0.66 0.65 1.49 1.48 1.46 1.67 3.07 3.05 2.04 1.69
2.81 2.82 2.34 1.48 2.84 1.70 1.70 1.71 1.71 1.71 2.79 2.67 4.26 1.72 1.72 0.45 0.62 1.71 0.63 0.63 1.73 1.74 1.75 1.75 1.76 0.65 0.66 0.66 0.66 1.80 0.67 0.46 0.68 1.83 0.94 0.94 0.75 0.70 0.95 1.28 0.96 0.71 0.71 0.72 0.97 3.88 3.89 3.89 3.90 0.39 0.39 0.40 0.40 0.40 0.47 0.40 0.40 0.40 0.40 1.77 2.26 2.25 0.97 0.97 0.96 0.96 0.95 0.70 0.75 0.68 1.82 0.50 0.66 0.66 0.65 0.64 0.64 1.69 2.84 2.83 2.81 3.04 3.02 2.01
1.67 2.82 1.47 1.48 1.48 1.70 1.70 1.71 1.71 1.71 2.87 2.88 1.72 1.72 1.44 1.64 0.60 0.62 0.63 0.63 0.63 0.64 0.64 0.64 0.65 1.76 1.77 3.05 1.78 1.79 1.80 1.80 1.81 1.82 1.82 0.94 0.75 0.75 0.95 0.95 0.70 0.70 0.96 0.71 0.71 0.97 3.86 1.76 1.74 0.39 0.39 0.39 0.40 0.40 0.44 0.40 0.40 0.40 0.44 0.97 2.24 0.77 0.96 0.96 2.22 0.95 0.95 0.94 0.68 0.68 0.67 0.67 0.66 0.65 0.49 0.64 1.73 1.72 2.83 2.82 1.64 2.04 3.01 2.01
1.68 1.68 1.48 2.84 1.70 1.70 1.71 1.71 1.71 1.71 1.72 2.88 2.88 1.72 1.72 0.45 0.45 0.47 1.71 0.63 0.63 0.63 0.64 0.64 0.64 0.65 1.76 1.77 0.49 1.78 0.50 1.80 1.80 1.81 1.11 0.68 0.51 0.74 2.19 0.69 0.70 0.95 0.95 0.96 0.70 0.96 0.96 0.96 0.96 0.97 0.43 0.39 0.39 0.39 0.39 0.39 2.24 2.24 0.71 1.74 0.96 0.76 0.96 0.95 0.75 0.75 0.75 0.68 0.68 0.67 0.67 0.66 0.65 1.76 1.75 0.64 0.63 1.71 1.64 1.65 2.79 3.02 1.68 2.98
1.68 1.69 1.69 2.85 2.85 1.71 1.71 2.87 2.87 1.72 1.72 1.51 1.72 1.44 2.89 1.64 0.45 0.47 0.47 0.63 1.72 0.63 0.64 0.64 0.64 1.75 1.76 1.76 1.77 0.49 0.49 0.66 1.79 1.80 1.80 1.48 1.82 1.82 0.68 0.94 0.69 0.69 0.95 0.95 0.70 0.95 0.95 0.96 0.96 0.96 0.96 0.96 1.72 0.38 0.38 0.38 0.36 0.71 0.71 1.72 0.96 0.95 0.95 0.95 0.94 0.94 0.68 0.68 1.81 0.67 0.66 0.66 0.65 0.48 0.48 1.73 1.71 1.64 1.63 1.61 2.78 1.62 1.76 1.74
1.69 1.69 1.70 2.85 2.86 1.50 1.50 1.72 1.72 1.72 1.44 1.51 1.44 1.44 0.40 0.59 1.64 1.70 1.71 1.31 0.63 0.43 0.43 0.48 0.64 0.64 0.64 1.76 1.76 1.77 2.42 1.78 0.50 1.79 1.80 1.80 1.81 0.67 0.68 0.68 0.68 2.18 2.19 0.69 0.69 0.95 0.75 0.75 0.95 1.28 0.95 0.95 0.95 1.86 0.38 0.38 0.70 0.70 0.95 0.95 2.21 0.95 0.94 0.94 0.74 0.68 0.68 0.67 2.46 1.79 1.78 0.49 1.76 1.74 1.73 0.47 1.71 0.44 1.62 1.61 1.59 2.75 1.75 1.66
1.69 1.70 1.70 1.71 2.87 2.87 1.50 1.72 1.72 1.72 2.89 2.89 2.89 1.73 0.59 1.64 1.64 1.71 1.71 0.63 0.99 0.43 0.43 0.64 0.64 0.64 0.64 0.65 0.65 1.76 0.65 0.65 0.66 1.78 0.66 0.66 1.80 1.80 2.47 0.67 0.68 0.51 0.51 0.51 0.69 0.94 0.75 0.75 0.94 0.94 0.75 1.12 1.53 0.95 0.38 1.85 0.95 0.70 0.95 0.95 2.19 0.94 0.94 0.68 0.68 0.67 0.67 0.67 0.66 0.66 0.65 0.65 1.75 1.73 1.72 0.47 1.64 0.65 1.89 1.60 1.59 0.68 2.97 2.95
1.70 2.86 1.71 1.50 2.88 2.88 1.51 1.51 1.73 1.73 2.90 2.90 2.90 1.45 0.60 0.60 1.70 1.71 2.34 0.63 0.63 0.63 0.47 0.64 0.64 1.74 1.74 0.64 1.75 0.65 0.65 0.44 0.65 0.66 0.66 0.66 0.66 0.50 0.50 1.80 0.67 0.51 0.67 0.68 0.68 0.68 0.68 0.68 0.69 0.94 0.94 1.70 1.69 0.94 1.69 0.69 0.94 0.69 0.94 0.75 0.74 0.46 0.51 0.68 0.67 0.67 0.67 0.66 0.66 0.65 0.49 0.64 0.48 0.47 1.71 1.64 1.63 0.70 1.88 0.90 1.85 1.84 1.82 2.95
1.49 1.49 1.71 1.50 1.51 1.51 2.89 1.51 1.52 1.73 1.73 2.90 1.74 1.74 0.42 0.62 0.62 0.42 0.47 0.63 0.47 1.61 1.61 0.63 0.64 0.64 0.64 0.64 0.48 0.65 0.65 0.65 0.44 0.44 0.45 0.45 0.66 1.79 0.50 0.66 0.67 0.67 0.67 1.81 0.51 0.51 0.51 0.68 1.82 1.82 1.83 1.83 0.68 1.69 2.18 0.74 0.74 2.18 1.83 1.83 1.82 0.68 0.46 0.67 0.67 0.67 0.66 0.66 0.65 1.76 0.48 0.48 0.48 0.47 1.71 0.45 1.63 1.89 0.63 0.89 0.88 0.87 0.87 0.86
2.87 1.50 1.72 2.89 1.51 1.51 1.52 1.52 1.52 1.74 1.74 2.91 2.91 0.62 0.62 0.63 0.42 0.47 0.63 1.72 0.63 1.61 0.43 0.63 0.64 0.64 1.74 1.74 0.64 0.64 0.65 1.64 1.64 1.65 0.44 1.66 0.45 0.66 1.78 0.66 0.66 0.66 0.67 1.47 2.39 1.80 1.81 1.81 1.81 1.81 1.82 1.82 1.82 0.68 1.82 1.82 0.51 1.82 1.82 1.82 0.51 1.81 0.67 0.67 0.66 0.66 0.66 0.65 0.65 0.48 1.74 0.64 0.63 1.71 0.60 0.59 1.62 1.88 0.90 0.89 1.84 0.87 0.86 0.85
1.71 4.25 3.18 1.73 2.90 1.73 2.91 2.91 2.91 1.74 1.74 1.74 1.74 0.63 0.42 0.63 0.63 0.63 1.72 0.47 0.63 1.61 0.63 0.63 0.64 0.64 2.38 0.64 0.64 0.64 1.07 1.64 1.64 1.64 1.65 1.65 1.65 1.66 0.66 0.45 0.66 0.66 1.46 1.79 1.79 0.50 1.80 1.80 1.80 1.80 1.81 1.81 0.51 1.81 1.81 1.81 1.81 1.81 3.13 1.81 1.80 1.80 0.45 0.66 0.88 0.66 0.87 0.49 2.40 1.75 1.74 0.63 0.63 0.62 0.59 1.62 1.61 0.90 0.89 0.88 0.87 1.81 1.80 0.85
1.72 1.51 2.89 2.90 2.90 5.26 2.91 2.92 1.74 1.75 1.75 1.75 1.75 0.63 0.63 0.47 0.63 0.63 0.63 0.63 0.63 0.63 0.63 0.63 0.64 1.73 1.74 0.64 1.74 1.74 1.63 1.63 1.63 1.64 1.64 1.64 1.65 1.65 1.65 1.66 1.87 0.49 0.66 0.66 0.66 0.66 0.66 1.79 1.79 0.67 1.80 1.80 1.80 1.80 1.81 1.81 1.81 1.80 2.46 0.67 1.80 1.79 0.50 0.50 1.78 0.65 1.76 0.65 0.48 0.48 0.63 0.63 0.62 0.45 1.63 1.62 1.60 0.57 0.62 1.84 1.82 1.81 1.79 0.84
1.72 2.89 2.90 2.91 2.91 1.74 3.22 2.92 2.92 2.92 2.72 1.53 1.75 0.63 0.63 0.63 0.63 0.63 0.63 0.63 0.63 0.63 0.63 0.63 0.64 1.73 0.64 0.64 0.64 1.62 1.63 1.63 0.64 0.64 0.44 1.75 1.64 1.64 0.49 0.49 0.49 0.49 0.49 0.65 0.66 0.66 0.66 0.66 1.79 1.11 1.79 1.79 1.80 1.80 1.80 1.80 2.92 0.67 0.66 0.66 0.50 0.66 0.66 0.66 2.57 0.65 0.65 0.64 0.64 0.63 0.63 0.97 0.45 0.59 0.59 1.61 1.60 0.43 1.84 0.61 0.61 1.80 0.85 0.84
1.73 2.90 1.52 2.91 1.74 2.92 2.92 2.92 2.92 2.92 1.75 1.75 1.75 0.63 0.63 0.84 0.97 0.63 0.63 0.63 0.48 0.63 0.63 0.48 0.64 0.64 0.64 1.74 0.64 1.62 1.62 1.62 0.43 0.64 0.64 0.64 0.44 1.63 1.64 0.49 0.65 0.65 0.65 0.65 0.65 0.65 0.65 0.66 0.66 0.66 0.66 0.50 1.79 1.65 1.79 0.66 0.66 0.66 0.66 0.66 0.66 0.66 0.65 1.01 1.01 1.00 1.08 0.64 0.63 2.87 2.86 1.93 0.65 0.59 0.58 1.25 0.73 0.62 0.62 0.87 1.81 1.79 1.78 0.58
1.73 2.90 1.74 1.52 2.91 1.74 1.74 2.92 9.12 7.30 2.93 2.93 0.63 1.72 0.63 0.63 0.63 1.60 1.60 0.63 0.63 0.63 1.73 1.73 0.64 1.73 1.74 1.74 0.64 0.64 2.31 1.62 0.64 0.64 0.64 0.64 0.44 0.48 0.48 1.63 1.62 1.62 0.65 0.65 0.65 0.44 0.80 0.65 1.77 0.66 0.66 0.66 0.66 1.64 1.64 1.64 1.78 1.64 0.66 0.66 0.65 0.65 1.01 1.00 2.05 0.70 1.60 0.99 0.98 2.86 2.40 0.93 0.92 2.24 0.90 0.57 1.49 0.88 2.71 0.87 1.13 0.85 0.84 0.83
2.43 1.74 1.74 1.52 2.91 2.92 1.74 1.53 2.92 2.92 5.29 2.93 0.63 0.63 0.63 0.43 0.63 0.63 1.61 0.63 1.05 1.93 1.73 1.73 0.64 0.64 1.74 0.64 0.64 0.64 1.62 1.62 1.62 0.64 1.62 1.62 1.62 0.43 1.62 1.63 1.62 1.62 1.62 1.62 1.62 0.65 0.44 0.65 0.65 0.65 0.65 0.66 0.66 1.64 1.64 1.64 0.66 1.63 1.63 1.01 1.01 1.00 1.00 1.00 0.99 0.99 0.99 0.98 0.97 2.85 0.93 0.92 2.81 2.79 0.90 0.89 0.89 2.72 2.70 0.86 0.85 0.85 0.84 0.83
1.12 1.74 1.74 1.74 2.91 2.92 1.53 1.53 1.46 2.92 2.93 2.93 1.72 2.36 0.63 0.63 0.63 0.63 0.63 1.05 0.64 1.73 1.73 0.64 0.64 0.64 0.64 0.64 0.64 0.64 0.64 1.62 0.43 1.62 1.62 1.62 1.61 1.61 1.61 1.62 2.86 1.00 1.60 1.60 1.61 0.44 0.65 0.65 0.44 0.65 0.65 1.77 1.63 1.63 1.63 1.63 1.01 1.01 2.88 1.01 2.91 2.90 2.04 2.03 0.99 0.98 2.42 2.84 2.82 0.93 0.92 0.92 2.77 0.90 1.50 0.89 0.88 2.14 0.87 0.86 0.81 0.59 0.83 0.82
1.36 1.36 2.91 2.91 2.91 2.91 2.92 2.92 2.92 2.92 2.93 2.93 0.47 0.63 0.63 0.63 0.63 0.63 1.05 0.64 0.64 0.48 0.64 0.64 0.85 0.64 0.64 0.64 0.64 0.64 0.64 0.43 0.43 1.61 1.61 1.61 1.61 1.61 1.61 1.41 0.88 0.79 1.01 1.73 0.64 0.44 0.44 0.44 0.65 0.65 0.65 0.65 0.65 0.64 2.31 1.62 1.00 1.00 2.87 4.14 4.13 4.13 4.12 4.10 4.09 4.08 2.84 2.83 2.81 0.92 0.92 0.91 0.90 0.90 0.89 2.71 2.70 4.35 0.86 0.85 0.59 1.76 0.83 0.82
1.18 4.86 1.18 2.91 1.74 1.74 1.74 1.74 1.75 2.92 1.75 3.98 0.63 1.60 0.63 0.63 0.63 1.05 0.48 0.64 0.64 1.74 0.64 0.64 0.64 0.64 0.43 0.43 0.64 0.43 0.43 0.43 0.43 1.61 1.61 0.43 0.43 0.43 0.43 0.64 1.59 1.59 0.64 0.64 0.64 0.44 0.64 0.64 0.65 0.65 0.65 0.65 0.65 1.07 0.65 1.61 1.00 2.86 2.86 4.13 4.12 4.11 4.10 4.09 4.08 4.07 2.83 3.93 7.57 4.51 0.91 2.76 2.75 0.89 0.89 0.88 2.69 2.67 2.65 0.85 0.84 0.83 0.82 0.82
1.18 2.43 2.43 1.74 1.74 1.74 1.74 1.74 2.92 2.92 1.75 2.96 0.63 1.72 0.63 0.63 0.63 2.29 0.48 1.73 1.74 1.74 1.74 0.64 0.48 0.64 0.43 0.64 0.64 0.64 0.43 0.43 0.43 0.63 1.05 0.63 0.63 0.43 0.43 0.43 0.64 1.73 0.43 0.64 0.64 0.43 0.44 0.64 0.64 0.64 0.64 0.64 0.64 0.64 0.64 1.61 1.00 1.00 2.85 2.85 2.87 2.86 2.85 2.85 2.84 2.83 4.66 3.92 3.91 2.77 2.76 0.84 0.89 0.89 0.88 0.87 0.61 0.86 2.73 0.84 0.84 0.83 0.82 0.42
2.43 1.36 1.36 2.43 1.74 1.74 1.74 1.53 1.53 2.92 2.92 0.47 1.72 1.72 0.63 1.05 0.63 0.63 1.73 1.73 1.74 0.64 1.06 0.48 0.85 1.01 0.64 0.64 0.64 0.43 0.43 0.43 0.64 0.63 0.63 0.63 0.63 0.43 0.43 0.63 0.97 0.43 0.64 0.43 0.64 0.64 0.43 0.44 0.64 1.75 0.48 0.64 0.64 1.58 1.57 1.57 0.64 0.99 2.84 2.84 2.90 2.90 2.89 2.88 2.87 2.86 2.85 2.84 2.78 3.88 3.86 3.84 0.83 2.69 0.88 0.87 2.25 0.86 0.85 0.84 0.83 0.82 0.82 0.81
2.43 1.36 1.18 1.18 1.37 1.74 1.74 1.53 1.53 2.92 2.92 1.72 2.97 1.72 0.63 1.73 1.73 1.73 0.48 1.74 1.74 0.64 0.64 0.64 0.48 0.64 0.64 0.64 0.44 0.43 0.75 0.43 0.64 1.61 1.61 1.61 1.59 0.43 1.59 1.59 1.58 1.58 0.64 0.43 0.43 0.74 0.43 0.43 1.74 0.64 1.74 0.64 1.57 1.57 1.57 1.57 0.99 2.84 0.88 2.83 2.89 2.89 2.88 2.87 2.86 2.85 2.84 2.83 2.77 2.76 4.56 3.83 3.81 1.84 0.87 0.86 1.80 1.79 0.84 0.44 0.83 0.82 1.72 0.80
1.36 1.36 1.18 2.43 1.37 1.74 2.91 1.53 1.46 2.92 1.53 1.72 1.72 0.47 0.47 0.48 1.73 0.64 0.64 2.99 0.64 0.64 0.64 0.64 0.64 0.64 0.64 1.75 1.82 0.44 0.75 0.75 0.43 2.30 1.61 1.61 1.59 1.59 1.59 1.86 0.64 0.64 0.64 0.64 0.64 0.43 2.99 2.99 0.64 0.64 1.00 0.64 1.57 0.64 0.43 0.99 2.83 2.83 2.82 2.82 2.88 2.88 2.87 2.86 2.85 2.84 2.83 2.81 2.76 2.75 2.74 2.72 3.79 2.66 2.65 2.63 0.85 0.85 0.84 0.83 0.82 0.82 0.81 0.80
3.46 3.34 2.43 1.36 2.43 2.44 2.91 2.92 1.46 1.75 1.75 0.63 0.63 0.47 0.47 0.48 0.48 0.64 1.74 1.74 1.74 1.74 0.44 0.44 0.64 1.31 0.64 1.63 1.63 0.44 0.44 0.43 0.43 1.62 1.61 1.61 1.59 1.78 1.87 0.64 0.64 0.64 2.98 1.58 1.59 1.59 2.98 2.98 0.43 0.43 1.73 3.23 1.99 0.63 0.52 0.88 2.82 2.82 2.82 2.81 2.87 2.86 3.04 0.49 2.84 2.83 2.82 2.80 2.75 2.74 2.72 0.82 2.67 2.65 2.64 2.62 2.62 0.84 0.83 0.83 0.43 0.81 0.80 0.80
2.43 2.43 1.36 2.43 1.18 1.18 1.74 1.74 1.74 1.75 0.63 0.63 0.47 1.61 0.47 0.48 1.05 1.73 2.99 1.74 0.64 1.74 0.44 0.44 0.64 0.65 1.63 1.64 0.65 0.44 0.64 0.44 0.64 1.60 1.60 0.43 0.43 1.57 0.43 0.43 0.43 0.43 0.43 1.57 0.62 2.98 1.73 1.73 1.73 1.73 3.22 4.56 1.55 0.61 2.79 2.79 2.83 2.83 2.82 2.81 2.88 2.87 0.49 1.58 1.59 2.84 2.83 2.82 2.78 2.76 2.75 2.73 2.66 2.65 2.63 2.62 2.60 0.84 0.83 0.82 0.42 0.81 0.80 0.79
2.43 2.43 1.18 1.36 1.36 1.37 1.12 1.74 1.74 1.46 0.47 0.63 0.63 1.61 0.47 0.48 0.48 0.64 0.64 1.74 1.62 0.64 0.64 0.64 0.64 0.65 0.65 0.44 0.44 0.44 0.64 1.01 0.64 0.64 0.43 0.43 0.43 0.43 0.43 0.64 0.64 0.43 0.43 3.22 3.22 3.22 3.22 3.22 1.73 1.73 1.57 1.57 1.54 1.54 2.78 2.78 0.87 2.82 2.81 2.80 2.87 0.87 0.40 1.58 1.58 1.57 2.82 2.81 2.76 2.75 2.74 2.72 2.65 0.86 0.85 0.85 0.84 0.83 0.82 2.46 0.81 0.80 0.80 0.79
1.17 2.43 2.43 1.36 2.43 1.18 2.44 2.44 2.92 1.75 0.63 0.63 0.63 1.72 1.73 0.48 1.73 0.64 0.48 1.63 1.62 0.44 0.44 0.44 0.44 0.65 1.07 0.65 0.65 0.44 0.44 0.64 1.61 0.64 0.43 0.43 0.43 2.99 0.64 0.64 0.64 0.63 0.63 3.22 3.22 6.00 3.21 2.97 2.97 2.97 1.72 2.96 3.20 1.54 2.77 2.77 2.81 2.81 2.80 2.80 2.86 2.85 1.58 1.57 1.57 1.56 1.56 2.79 2.75 2.74 2.72 2.71 2.64 2.63 2.61 0.84 0.83 0.83 0.82 0.81 2.43 2.41 2.40 2.38
1.17 2.43 1.36 1.36 2.43 2.43 1.12 3.48 1.74 1.75 0.63 1.04 0.63 1.72 1.73 0.48 0.48 0.64 0.64 1.63 1.62 0.44 0.44 0.79 0.65 0.65 1.07 0.65 0.65 0.65 1.63 1.63 1.61 0.44 0.43 0.43 0.62 2.99 2.98 1.68 0.43 0.63 0.63 0.43 0.43 0.43 2.97 2.97 2.96 2.96 1.72 3.20 3.20 2.18 2.77 2.76 2.81 2.80 2.79 2.79 2.85 2.84 0.39 0.58 1.56 1.56 1.55 2.78 0.83 0.46 2.71 2.70 4.17 4.14 2.60 2.51 0.83 0.82 0.82 0.81 2.42 2.40 2.38 2.37
1.17 2.43 1.36 1.36 1.36 1.37 1.75 1.12 1.37 1.53 0.63 0.63 0.63 0.47 0.47 1.73 0.48 1.73 0.48 0.48 1.74 0.44 0.44 0.44 0.65 0.65 0.65 0.65 0.65 1.62 1.62 1.61 1.58 1.58 0.44 0.43 0.64 0.64 0.43 0.43 0.43 0.43 0.43 0.43 0.63 0.43 0.43 0.43 0.43 0.42 1.93 3.19 3.19 1.54 1.54 2.77 2.79 2.78 2.78 2.77 2.82 2.81 1.55 1.54 1.56 0.38 0.38 0.56 0.46 0.46 2.71 2.70 2.63 2.61 2.60 0.83 2.75 2.73 0.81 0.80 0.80 2.39 2.38 2.36
3.65 2.43 2.43 1.36 1.36 1.37 1.37 1.85 1.18 0.47 0.63 0.63 0.63 0.47 1.73 1.73 0.48 0.48 0.64 0.48 0.48 0.64 0.44 0.44 0.44 0.65 0.65 0.65 0.65 0.65 1.62 1.61 1.58 0.44 0.44 0.62 0.43 0.43 0.43 0.43 0.43 2.36 1.54 0.43 1.56 1.56 0.43 0.42 0.42 0.42 0.42 1.71 3.18 3.09 3.08 2.76 2.78 2.77 2.77 2.76 2.81 1.55 1.54 1.54 1.55 0.38 0.38 0.56 0.87 0.45 0.45 2.69 4.14 2.60 2.51 1.09 2.74 2.45 0.81 0.80 0.79 0.79 2.37 2.27
0.00 3.65 2.43 1.18 1.18 2.43 1.18 2.44 2.44 1.72 0.63 1.22 1.72 1.72 2.36 0.63 1.73 0.43 1.74 1.74 0.64 0.48 0.48 0.44 1.01 0.44 0.44 0.44 1.62 1.62 1.62 1.61 1.58 1.58 1.72 0.62 0.43 0.43 0.43 0.43 1.54 1.54 1.54 1.54 1.56 1.55 1.55 0.73 0.50 0.62 0.62 0.60 0.60 3.08 1.53 1.52 2.77 2.77 2.76 2.75 2.80 2.79 1.54 1.53 1.54 0.38 0.67 0.37 0.87 2.70 4.34 2.67 2.61 2.59 0.83 0.82 2.45 0.81 0.80 2.41 0.79 1.03 0.54 0.77
0.00 0.00 3.65 2.43 1.18 3.66 2.44 1.18 2.44 1.71 1.72 2.35 1.72 1.72 1.73 0.63 1.73 0.48 0.48 0.64 0.43 0.64 0.44 0.44 0.65 0.65 0.65 1.02 0.44 1.62 1.62 1.61 1.58 1.58 1.57 1.57 0.64 0.64 0.98 2.78 2.79 2.78 2.78 2.77 2.80 1.55 1.55 0.42 0.42 0.60 0.60 0.45 0.75 0.59 1.52 1.52 2.76 2.76 2.75 2.74 2.79 2.78 2.77 1.52 1.54 1.53 0.00 1.51 2.71 2.69 2.68 2.66 2.60 0.77 0.43 2.74 2.44 2.43 2.41 0.41 1.67 0.78 0.92 0.76
0.00 0.00 0.00 0.00 0.00 0.00 0.00 0.00 2.44 0.47 1.13 0.47 0.63 0.63 0.63 0.63 0.63 0.64 0.48 0.48 1.62 0.64 0.64 0.64 1.07 0.65 1.31 0.65 0.65 1.58 1.58 1.58 1.54 1.54 1.54 0.43 1.54 1.54 2.78 2.77 2.79 2.79 2.78 2.78 2.78 2.78 1.53 1.53 1.53 0.60 0.59 0.44 0.75 0.75 1.52 1.52 1.52 2.74 2.74 2.73 2.76 2.75 2.74 4.45 2.75 0.00 0.00 0.00 2.70 2.68 0.00 0.00 0.00 2.59 0.82 0.81 0.81 0.80 2.40 0.41 0.78 0.77 0.77 0.76
0.00 0.00 0.00 0.00 0.00 0.00 0.00 0.00 0.00 0.00 3.20 0.47 1.72 1.72 0.63 0.63 0.63 0.64 0.64 0.48 0.43 0.64 1.06 0.64 0.64 1.07 0.65 1.62 1.58 1.58 1.58 1.58 1.54 1.54 1.53 1.53 1.54 1.54 1.54 1.53 0.43 0.43 1.54 2.78 2.77 2.77 1.53 1.53 2.17 1.53 0.94 0.59 0.59 1.52 1.52 1.51 1.51 2.73 2.73 2.72 2.75 2.74 2.73 2.72 2.74 0.00 0.00 0.00 0.00 0.00 0.00 0.00 0.00 0.00 0.00 2.47 0.80 2.41 2.39 0.78 0.78 0.77 0.76 0.75
0.00 0.00 0.00 0.00 0.00 0.00 0.00 0.00 0.00 0.00 3.20 3.20 3.21 0.63 1.60 0.63 0.63 0.64 0.64 0.43 0.63 0.63 0.64 0.64 0.64 0.44 0.65 1.62 1.58 1.58 1.58 1.57 1.54 1.54 1.53 1.53 1.54 1.54 1.53 1.53 2.19 1.76 0.42 1.53 2.77 2.76 2.76 1.52 1.52 0.60 1.52 1.51 0.59 1.52 1.51 1.51 1.51 1.50 2.72 2.71 2.74 2.73 2.72 2.71 2.73 4.41 2.71 0.00 0.00 0.00 0.00 0.00 0.00 0.00 0.00 0.00 0.00 0.79 2.38 0.78 0.77 0.76 0.96 0.75
0.00 0.00 0.00 0.00 0.00 0.00 0.00 0.00 0.00 0.00 0.00 0.00 4.08 4.08 1.60 1.60 0.63 0.64 0.64 0.63 1.62 1.62 0.64 0.64 0.44 3.01 3.01 1.62 1.58 1.58 1.58 1.57 1.54 1.53 1.53 1.53 1.54 1.53 1.53 1.53 1.54 1.53 0.52 2.77 2.76 4.48 2.75 2.75 2.75 0.59 0.59 1.51 0.58 1.57 1.51 2.13 1.50 1.50 2.71 2.70 2.73 2.72 2.71 2.70 2.72 2.71 2.70 0.00 0.00 0.00 0.00 0.00 0.00 0.00 0.00 0.00 2.40 0.55 0.78 0.77 0.77 0.76 0.52 0.75
0.00 0.00 0.00 0.00 0.00 0.00 0.00 0.00 0.00 0.00 0.00 0.00 0.00 4.08 2.87 2.88 0.63 0.63 1.62 1.62 3.24 1.62 3.24 0.64 0.44 0.44 3.01 1.58 1.54 1.54 2.17 1.53 1.56 2.81 2.80 2.80 2.86 2.85 2.85 2.84 2.85 2.85 2.84 2.84 2.82 2.82 2.81 2.81 2.75 0.85 2.74 2.73 0.91 0.58 1.54 1.48 2.12 1.49 1.48 1.48 1.50 2.71 2.70 0.00 12.42 0.00 0.00 0.00 0.00 0.00 0.00 0.00 0.00 0.00 0.00 0.00 2.41 0.78 0.78 0.77 0.76 0.76 2.21 0.74
