New_Model_Runs/4_scn3_noclimate_out/post_prcessed_with_MFR/Monthly_summaries/runoff_monthly_OCT.asc
NCOLS 700
NROWS 400
XLLCENTER 515000.000000
YLLCENTER 8409000.000000
CELLSIZE 50.000000
NODATA_value -999.000000
[rows 185 to 221 of 400, columns 84 to 167 of 700]
0.00 0.00 0.00 0.00 0.00 0.00 0.00 0.00 0.00 0.00 0.00 0.00 0.00 0.00 0.00 0.00 0.00 0.00 0.00 0.00 0.00 0.00 0.00 0.00 0.00 0.00 0.00 0.00 0.00 2.87 2.91 2.94 5.22 2.99 3.03 3.06 3.09 3.13 3.16 3.20 3.26 3.77 3.80 3.84 3.91 3.94 7.18 4.01 4.03 4.06 4.09 4.12 4.13 4.16 4.18 7.62 4.22 4.25 4.27 4.29 4.28 4.30 4.32 4.33 4.30 4.32 4.33 4.37 4.40 8.79 4.42 4.43 4.43 4.43 4.44 4.44 4.31 4.31 4.31 4.32 4.47 4.47 4.47 4.47
0.00 0.00 0.00 0.00 0.00 0.00 0.00 0.00 0.00 0.00 0.00 0.00 0.00 0.00 0.00 0.00 0.00 0.00 0.00 0.00 0.00 0.00 0.00 0.00 0.00 0.00 0.00 0.00 0.00 2.93 2.97 3.00 3.02 3.06 3.09 5.57 3.16 3.20 3.23 3.74 6.83 3.85 3.89 3.93 3.99 4.03 4.07 4.10 4.12 4.15 4.18 4.21 11.50 7.63 4.28 4.30 4.35 4.38 4.40 4.42 4.42 4.43 4.45 4.47 4.44 4.45 4.46 4.47 4.51 4.52 9.10 4.53 13.01 4.54 4.54 4.55 4.44 4.44 4.45 4.45 4.57 4.57 4.58 4.58
0.00 0.00 0.00 0.00 0.00 0.00 0.00 0.00 0.00 0.00 0.00 0.00 0.00 0.00 0.00 0.00 0.00 0.00 0.00 0.00 0.00 0.00 0.00 4.56 0.00 0.00 0.00 0.00 0.00 15.98 3.03 3.07 3.08 3.12 3.16 3.20 3.23 3.74 3.78 3.82 3.89 3.93 3.97 4.01 4.08 4.12 4.16 7.60 4.21 4.24 4.27 4.30 4.35 8.83 4.41 4.43 8.90 4.48 4.50 4.52 4.52 4.54 4.56 4.57 9.09 4.55 4.57 4.58 9.17 4.62 4.63 4.64 9.25 4.64 4.65 4.65 9.07 4.55 4.55 4.55 4.68 2.28 2.28 4.68
0.00 0.00 0.00 0.00 0.00 0.00 0.00 0.00 0.00 0.00 0.00 0.00 0.00 0.00 0.00 0.00 0.00 0.00 0.00 0.00 0.00 0.00 0.00 2.80 2.89 0.00 0.00 0.00 3.03 3.07 3.11 3.15 3.16 3.20 3.24 3.75 6.72 3.80 3.84 3.88 3.94 3.98 4.02 4.06 4.16 4.20 4.23 4.27 4.35 4.38 4.42 4.45 4.46 4.49 4.52 4.55 4.54 9.13 4.59 4.61 4.57 4.59 4.60 4.62 9.28 9.29 4.62 4.63 4.70 4.70 4.71 4.72 9.39 4.70 4.71 4.71 4.73 4.73 4.73 4.73 2.44 2.44 2.44 2.45
0.00 0.00 0.00 0.00 0.00 0.00 0.00 0.00 0.00 0.00 0.00 0.00 0.00 0.00 0.00 0.00 0.00 0.00 0.00 0.00 0.00 0.00 0.00 0.00 2.94 2.98 3.02 5.39 3.09 3.13 3.17 3.21 3.22 3.73 3.78 3.83 3.84 9.64 3.92 3.97 4.03 4.07 4.11 4.15 4.25 4.29 4.36 4.40 4.45 4.48 4.52 4.55 4.56 4.59 4.62 4.65 4.64 4.67 4.69 4.72 4.67 4.69 4.71 4.73 4.70 4.71 4.72 4.73 4.80 4.81 4.82 4.83 4.80 4.81 4.81 4.82 4.83 4.84 4.84 4.84 2.51 2.51 2.51 2.51
0.00 0.00 0.00 0.00 0.00 0.00 0.00 0.00 0.00 0.00 0.00 0.00 0.00 0.00 0.00 0.00 0.00 0.00 0.00 0.00 0.00 0.00 0.00 0.00 0.00 3.04 3.08 3.13 3.15 3.20 3.24 3.75 3.76 3.81 3.86 3.91 3.92 7.12 7.21 4.05 4.11 4.16 4.20 4.24 4.37 4.42 4.46 4.49 4.55 13.37 9.24 4.65 4.66 4.69 4.73 4.76 4.74 4.77 4.80 4.82 4.77 4.80 4.81 4.83 4.80 4.82 4.83 4.84 4.91 4.92 4.93 4.93 4.91 4.92 4.92 9.84 4.94 4.94 4.95 4.95 2.57 2.58 2.58 2.58
0.00 0.00 0.00 0.00 0.00 0.00 0.00 0.00 0.00 0.00 0.00 0.00 0.00 0.00 0.00 0.00 0.00 0.00 0.00 0.00 0.00 0.00 0.00 0.00 0.00 3.10 3.15 2.23 3.80 3.73 3.78 3.83 3.84 3.89 3.94 7.11 4.00 4.05 4.09 4.14 4.20 4.25 4.32 4.37 4.47 4.51 4.55 4.59 4.64 4.68 9.44 4.75 4.77 9.61 4.83 4.86 4.85 9.79 4.90 4.92 4.88 9.84 4.92 4.93 4.91 4.92 4.93 4.95 5.01 5.02 5.03 5.04 5.02 5.02 5.03 5.03 5.04 5.05 5.05 5.06 2.64 2.64 2.64 2.64
0.00 0.00 0.00 0.00 0.00 0.00 0.00 0.00 0.00 0.00 0.00 0.00 0.00 0.00 0.00 0.00 0.00 0.00 0.00 0.00 0.00 0.00 0.00 0.00 0.00 0.00 5.71 4.82 6.27 2.36 6.84 3.95 3.94 3.99 4.04 4.09 7.33 4.12 4.17 4.22 4.25 4.33 4.38 8.85 4.54 4.58 4.62 4.66 14.21 4.77 4.81 4.85 4.84 4.87 4.90 4.93 4.92 4.95 10.03 5.00 4.95 4.97 4.99 5.00 5.02 5.03 5.04 5.05 5.11 5.12 5.12 15.02 5.14 5.15 5.15 5.16 5.33 5.34 5.34 5.34 6.31 3.52 3.53 3.53
0.00 0.00 0.00 0.00 0.00 0.00 0.00 0.00 0.00 0.00 0.00 0.00 0.00 0.00 0.00 0.00 0.00 0.00 0.00 0.00 0.00 0.00 0.00 0.00 0.00 0.00 3.26 3.84 2.37 2.41 7.12 4.03 4.02 4.07 4.12 4.17 4.15 4.20 4.25 4.33 4.37 4.42 4.47 4.51 4.63 4.67 4.72 4.76 4.83 9.84 4.91 4.95 4.94 4.97 5.01 5.04 5.02 5.05 5.08 5.10 5.05 5.07 5.09 5.11 5.12 5.13 5.15 5.16 5.21 5.22 5.23 5.24 5.25 11.34 5.26 5.26 6.26 6.26 6.26 6.27 6.43 6.44 6.44 3.61
0.00 0.00 0.00 0.00 0.00 0.00 0.00 0.00 0.00 0.00 0.00 0.00 0.00 0.00 0.00 0.00 0.00 0.00 0.00 0.00 0.00 0.00 0.00 0.00 0.00 0.00 3.32 2.27 3.94 4.00 4.05 7.39 7.35 4.15 4.20 4.25 4.24 4.32 4.37 8.89 4.46 4.51 4.56 4.60 4.72 4.77 4.81 4.86 4.93 4.97 5.01 5.05 5.04 5.08 5.11 5.14 5.12 5.15 5.18 10.48 5.15 5.17 5.19 20.19 5.22 5.23 5.25 5.26 11.54 16.48 5.34 5.35 6.16 6.16 6.17 6.17 6.37 6.38 6.38 6.38 6.55 6.56 6.56 6.56
0.00 0.00 0.00 0.00 0.00 0.00 0.00 0.00 0.00 0.00 0.00 0.00 0.00 0.00 0.00 0.00 0.00 0.00 0.00 0.00 0.00 0.00 3.19 0.00 0.00 5.18 3.39 2.32 4.02 4.07 4.13 4.18 4.17 4.23 4.31 4.37 4.35 4.40 4.46 4.51 4.55 9.21 4.65 4.70 4.82 4.86 4.91 4.95 5.03 5.07 5.11 5.15 5.14 5.18 5.21 5.24 5.23 5.25 10.58 5.31 5.25 5.27 5.30 5.31 5.33 5.34 6.16 6.17 6.23 6.24 6.25 6.26 6.27 6.28 6.28 6.29 6.49 6.49 6.50 6.50 6.67 6.67 6.68 6.68
0.00 0.00 0.00 0.00 0.00 0.00 0.00 0.00 0.00 0.00 0.00 0.00 0.00 0.00 0.00 0.00 0.00 0.00 0.00 0.00 0.00 3.20 6.65 1.77 1.84 3.40 7.26 4.06 4.11 4.17 4.22 4.28 4.27 4.36 13.09 8.91 4.46 4.51 4.57 4.62 4.64 4.69 4.74 4.79 4.88 4.92 4.97 5.01 5.08 5.12 5.16 5.20 5.17 5.20 5.24 5.27 10.52 5.30 5.32 11.57 6.16 6.19 6.21 6.23 6.26 6.27 6.29 6.30 6.36 6.37 6.38 6.39 6.57 6.58 6.58 6.59 6.78 6.79 6.79 6.79 6.82 6.82 6.82 19.32
0.00 0.00 0.00 0.00 0.00 0.00 0.00 0.00 0.00 0.00 0.00 0.00 0.00 0.00 0.00 0.00 0.00 0.00 0.00 0.00 3.22 6.72 3.79 1.81 1.28 2.09 1.48 2.42 4.19 4.24 4.33 4.39 4.38 4.44 4.50 9.15 4.54 13.23 4.66 4.71 4.73 4.78 4.83 4.88 4.97 10.13 5.06 5.11 5.17 5.21 5.26 5.29 5.27 5.31 5.34 6.18 6.17 6.20 6.23 6.26 6.27 6.29 6.31 6.33 6.37 6.38 6.40 6.41 6.47 6.48 6.49 6.50 6.68 6.69 6.70 6.70 6.90 6.90 6.91 6.91 6.93 13.14 6.93 6.94
0.00 0.00 0.00 0.00 0.00 0.00 0.00 0.00 0.00 0.00 0.00 0.00 0.00 0.00 0.00 0.00 0.00 0.00 0.00 3.22 3.75 3.80 3.86 1.30 1.34 3.04 1.52 1.54 2.12 4.35 4.41 4.47 4.47 4.53 4.58 4.64 4.63 4.69 4.74 4.80 4.82 4.87 4.92 4.97 5.06 5.11 5.15 5.20 11.35 5.31 6.16 6.20 6.17 6.21 6.24 6.28 11.90 6.31 6.33 6.36 6.37 6.40 6.42 6.44 18.27 6.49 6.50 6.52 6.57 6.59 6.60 6.60 6.79 6.80 6.80 6.81 7.01 7.01 7.01 7.02 7.04 7.04 7.05 7.05
0.00 0.00 4.15 0.00 0.00 0.00 0.00 0.00 0.00 0.00 0.00 0.00 0.00 0.00 4.97 13.14 0.00 5.16 3.23 3.75 3.81 3.87 3.93 1.90 1.96 2.00 2.04 4.30 2.17 2.14 2.17 2.21 2.21 4.61 4.67 4.73 4.71 4.77 4.83 4.89 4.91 4.96 5.01 5.06 5.15 5.20 5.24 10.57 6.17 6.21 6.26 6.30 6.27 6.31 6.35 6.38 12.10 6.41 6.44 6.46 6.48 6.50 6.52 12.31 6.58 6.59 6.61 12.47 12.62 6.69 6.70 6.71 6.90 6.91 6.91 6.92 7.12 7.12 7.12 7.13 7.15 7.15 7.16 7.16
0.00 2.92 2.95 2.98 3.09 0.00 0.00 0.00 0.00 0.00 0.00 0.00 0.00 0.00 5.04 3.86 3.87 7.54 7.64 6.77 3.83 3.89 3.95 1.91 5.59 2.01 2.05 3.71 2.13 3.44 2.20 3.51 2.25 13.51 9.46 4.81 4.84 4.90 4.96 5.02 5.05 5.11 5.16 5.21 5.20 5.25 5.30 6.15 17.30 6.20 6.25 18.32 6.32 6.36 6.39 17.95 6.48 6.52 6.54 6.57 6.63 6.66 6.68 18.75 6.71 6.73 6.74 24.92 13.07 6.90 6.91 6.92 7.20 7.21 7.22 7.22 7.28 7.29 21.78 7.29 7.22 13.76 13.77 7.23
0.00 11.89 2.99 3.02 3.13 0.00 0.00 0.00 0.00 0.00 0.00 0.00 0.00 0.00 3.87 3.92 3.93 3.98 4.03 4.08 7.91 4.17 4.22 1.95 3.15 2.05 2.09 3.34 2.18 2.21 4.62 4.69 9.45 4.77 4.83 4.89 4.93 4.99 14.86 10.15 5.14 5.19 5.25 5.30 5.29 6.14 6.19 6.24 6.25 6.29 6.34 9.61 3.59 9.71 6.49 6.52 6.58 6.61 6.64 6.67 12.63 12.68 6.78 6.80 6.81 12.82 13.05 13.19 6.99 7.00 7.01 7.02 7.31 7.32 7.32 7.33 7.39 14.98 7.40 7.40 7.33 7.33 7.34 7.34
0.00 5.76 3.06 3.10 3.17 3.21 0.00 0.00 0.00 0.00 0.00 0.00 0.00 3.87 3.92 3.97 3.98 4.03 4.09 8.10 4.17 4.39 4.45 2.83 2.90 6.59 2.99 2.17 2.22 2.26 4.70 4.76 4.79 4.85 4.91 4.97 5.01 5.07 5.13 5.19 5.22 10.51 5.33 6.19 6.18 6.23 6.29 3.54 3.54 3.57 3.60 6.19 3.65 3.68 6.58 6.62 6.67 6.71 6.73 6.76 12.85 6.85 6.87 6.89 13.08 6.93 6.94 6.96 7.09 7.10 7.11 7.12 7.41 7.42 7.43 7.43 7.50 7.50 7.50 7.51 7.44 7.44 7.44 7.44
3.00 5.88 5.95 3.14 3.22 6.17 0.00 0.00 0.00 0.00 0.00 0.00 0.00 0.00 3.98 7.71 4.04 4.09 4.14 8.21 12.46 4.45 4.51 4.57 2.95 4.74 4.80 4.86 3.14 3.18 4.78 4.84 4.86 4.93 4.99 5.05 5.09 5.15 5.21 10.57 5.31 6.16 6.22 6.28 6.27 6.32 6.38 6.42 3.60 3.63 3.66 3.69 3.71 3.74 6.67 6.70 6.76 6.80 6.83 6.85 6.92 6.94 6.97 6.99 7.00 7.02 7.04 7.05 7.22 7.23 7.24 7.25 7.51 7.52 7.53 7.53 7.60 7.60 7.61 7.61 7.54 7.54 7.55 15.42
3.01 3.08 3.12 3.15 3.24 3.28 3.32 0.00 0.00 0.00 0.00 0.00 0.00 0.00 4.06 4.11 7.84 4.16 4.22 4.43 4.44 8.58 4.56 4.61 8.92 4.73 4.79 4.85 4.91 4.97 5.03 5.09 5.15 5.20 5.00 5.06 5.15 5.21 5.27 5.33 6.19 6.25 12.00 6.37 6.33 6.38 6.44 6.48 6.47 3.66 3.69 6.33 3.77 3.80 10.09 6.80 19.50 6.92 6.95 6.98 7.03 7.06 7.08 7.11 28.35 13.68 7.20 7.22 7.43 7.44 7.45 7.46 8.52 8.53 8.54 16.50 8.55 8.56 8.56 8.57 7.57 7.58 7.58 7.58
3.08 3.12 3.15 3.20 3.29 3.33 3.37 3.66 0.00 0.00 0.00 0.00 0.00 0.00 2.62 4.17 4.17 4.22 4.44 4.49 4.50 4.56 4.62 4.68 4.74 4.80 4.85 4.91 4.97 5.03 5.09 5.15 5.21 5.27 5.33 5.39 5.47 5.28 5.35 6.22 6.27 6.33 6.39 6.45 12.05 6.46 6.52 6.57 6.55 3.71 3.74 3.77 3.83 3.85 3.88 6.88 6.98 7.01 7.04 7.07 7.12 7.18 7.20 7.22 7.26 7.28 7.30 7.31 7.52 7.53 7.55 7.56 8.63 8.64 16.89 8.80 8.81 16.94 8.82 24.17 16.46 8.52 8.53 8.53
3.12 3.15 3.20 3.24 3.33 3.37 3.66 3.70 3.40 0.00 0.00 0.00 0.00 5.57 2.66 2.70 8.25 4.44 4.50 8.65 4.56 4.62 4.68 4.74 4.80 4.86 4.92 9.51 5.04 5.10 9.85 5.22 5.28 5.34 5.40 5.45 5.53 5.59 5.65 5.70 5.95 6.41 6.47 6.53 6.49 6.54 6.60 6.64 3.73 3.76 3.79 3.82 3.88 3.91 3.93 3.96 7.06 7.09 7.13 21.33 7.24 7.26 5.15 21.94 7.35 7.37 7.39 7.40 7.62 7.63 7.64 8.50 17.06 8.89 8.90 8.91 17.13 8.92 8.92 8.93 8.77 8.77 8.78 8.78
3.15 3.19 3.23 3.28 3.37 3.66 3.70 3.75 2.91 2.15 2.18 5.50 7.45 3.99 2.32 2.78 2.78 9.73 4.55 4.61 4.62 4.68 4.74 4.80 4.86 4.92 4.98 5.04 5.10 5.16 5.22 5.28 5.34 5.40 5.46 5.52 5.60 11.47 5.71 5.97 6.02 6.07 6.12 6.17 6.56 6.62 6.67 3.79 3.78 3.81 3.84 3.87 3.93 3.96 3.99 4.01 7.14 7.20 7.23 7.27 7.32 7.35 22.37 7.40 7.43 7.45 7.47 7.49 8.55 8.57 8.58 24.92 8.98 8.99 9.00 9.00 25.77 9.02 17.35 17.03 16.86 16.87 8.88 8.88
3.19 3.23 3.27 3.31 3.64 3.68 3.73 3.77 3.93 3.98 2.21 2.25 3.99 4.05 3.76 2.39 2.43 4.59 4.65 4.70 4.71 4.77 4.84 4.90 4.92 4.98 5.04 5.10 5.14 5.20 5.26 5.32 5.40 5.46 5.51 5.57 5.63 5.69 11.78 6.00 6.02 6.07 6.12 6.17 6.18 4.02 4.05 4.08 3.89 3.92 3.95 3.98 4.04 4.07 4.10 4.13 4.15 4.18 7.35 7.38 7.41 15.14 14.48 7.49 7.59 7.61 7.63 8.49 8.86 8.87 16.96 8.90 9.09 9.10 9.11 9.12 17.44 9.13 9.14 9.14 8.93 8.94 8.94 8.94
3.22 3.26 3.31 3.35 3.68 3.73 7.20 3.82 3.98 8.96 4.08 2.28 2.32 4.09 2.24 2.86 2.46 2.50 4.70 4.76 4.77 4.83 4.89 4.95 4.98 5.04 5.10 5.16 5.20 5.26 5.32 5.38 5.45 5.51 5.57 5.63 11.67 5.95 6.00 6.06 6.07 6.13 6.18 12.35 12.84 7.43 4.09 4.12 6.45 6.50 6.56 7.06 4.09 4.12 4.15 4.17 4.20 7.33 7.37 7.46 7.48 4.31 7.52 7.56 8.51 8.53 8.55 8.57 8.94 8.96 17.22 8.98 9.18 9.19 9.20 9.20 9.21 9.22 9.23 9.23 9.02 9.03 17.35 9.03
3.26 3.30 6.67 6.97 3.72 3.77 3.82 3.87 4.03 5.22 8.10 4.18 4.43 4.49 2.27 2.90 2.92 2.96 3.01 9.10 4.82 4.89 4.95 5.01 5.03 5.10 5.16 5.22 5.26 5.32 5.38 5.44 5.51 5.57 5.63 5.69 5.95 6.00 6.06 6.12 12.20 6.18 6.23 6.28 6.29 4.10 4.13 6.43 6.51 6.57 6.62 6.66 7.15 7.19 7.23 4.22 4.25 4.27 4.30 7.53 12.27 4.36 4.38 8.48 8.59 8.61 8.78 8.80 25.39 9.04 9.06 9.07 9.27 9.27 9.28 9.29 9.30 6.76 9.32 9.32 9.12 9.12 9.13 9.13
3.30 3.34 3.63 3.67 3.76 3.81 3.86 3.91 4.07 4.12 4.17 4.39 4.48 4.54 4.60 2.93 2.53 4.48 3.05 2.50 3.10 3.14 5.00 5.06 5.09 5.15 5.21 5.27 5.31 5.37 5.43 5.49 5.56 5.62 5.68 5.94 6.00 6.06 6.11 6.17 6.18 6.23 6.28 6.33 6.34 6.39 6.43 6.48 6.58 6.63 6.67 7.12 7.21 20.54 7.29 9.95 4.81 4.83 4.86 4.37 4.38 5.21 5.23 8.55 8.81 8.83 8.86 8.88 9.11 17.46 9.14 9.15 9.34 9.35 9.36 9.37 9.38 9.39 9.40 9.40 9.20 9.20 17.59 9.21
3.38 3.67 3.71 3.76 3.78 3.83 3.88 3.93 4.04 4.09 5.40 4.19 4.50 8.63 4.61 4.67 2.57 2.60 3.10 3.15 3.18 3.23 3.27 3.32 5.22 5.28 5.34 5.41 5.46 5.52 5.58 5.64 5.71 5.97 6.03 6.10 6.10 6.16 6.21 6.27 6.27 6.32 6.37 6.42 6.49 6.56 6.61 6.66 7.18 7.22 13.84 7.31 14.09 7.40 7.44 4.90 4.88 4.90 4.93 4.95 4.96 4.98 8.61 8.79 8.89 8.92 8.94 8.96 17.54 9.16 9.17 9.18 9.36 9.37 9.38 9.39 9.38 9.38 9.39 9.40 9.22 9.22 9.22 9.23
3.66 3.71 3.75 3.80 3.82 3.87 3.92 3.97 7.70 4.13 4.18 4.40 4.54 4.60 7.24 3.45 3.50 2.68 2.55 6.21 3.22 3.26 3.31 3.35 5.27 5.33 5.39 5.45 5.51 5.57 5.63 5.69 5.96 6.02 6.08 6.14 6.14 6.20 6.26 6.31 6.31 6.36 6.41 6.46 6.56 6.61 6.66 6.70 7.23 7.27 7.32 7.36 7.41 7.45 7.49 4.93 7.51 7.54 7.58 7.61 4.99 5.02 7.67 7.69 7.79 7.81 14.69 9.03 9.20 9.22 9.24 9.25 9.43 9.44 9.45 18.08 9.44 9.45 18.15 18.17 9.28 9.29 9.29 17.66
3.70 3.74 3.79 10.98 3.86 3.91 3.96 4.01 7.98 4.17 4.39 4.44 4.59 4.65 4.70 4.76 7.42 4.92 4.98 5.05 5.32 2.70 3.34 7.48 5.31 5.38 5.44 5.50 5.55 5.61 5.68 5.94 6.01 6.07 6.13 6.19 6.19 6.24 6.30 6.35 6.35 6.40 6.45 6.50 6.60 6.65 6.70 7.15 7.27 7.32 7.36 7.41 14.16 7.50 7.54 7.58 7.55 7.59 7.62 7.66 5.03 5.05 5.07 7.74 7.83 15.00 7.88 7.90 8.04 9.28 9.30 9.31 9.49 9.50 9.51 9.52 9.51 9.52 9.52 9.53 9.35 9.35 9.36 17.78
3.73 3.78 3.83 3.88 10.99 7.59 4.00 4.05 4.16 4.38 4.43 4.48 4.63 4.69 4.75 4.81 4.91 4.97 5.03 5.09 3.45 3.50 5.26 5.32 5.36 10.30 5.48 5.54 5.60 5.66 5.72 5.98 6.05 6.11 6.17 6.23 6.23 6.28 6.34 6.39 6.39 6.44 6.49 6.56 6.64 6.69 7.14 7.19 7.31 7.36 7.40 7.45 14.28 14.40 14.51 7.62 7.59 7.63 14.61 12.42 5.06 5.08 5.10 7.78 7.88 7.90 7.92 15.17 8.09 8.10 8.12 8.28 8.44 9.56 9.57 9.58 9.57 9.58 9.58 9.59 17.98 9.41 9.42 9.42
3.83 3.88 3.93 3.98 3.98 7.78 4.08 4.13 4.15 4.36 4.42 4.47 4.62 4.68 4.74 9.06 4.93 4.99 5.05 5.11 5.17 5.23 5.29 5.35 5.39 5.45 5.51 5.57 5.68 5.94 6.01 6.07 6.16 6.22 6.28 6.33 6.33 6.39 6.44 6.50 6.51 6.58 6.64 6.69 7.19 7.24 7.29 7.34 7.44 7.48 7.53 7.58 7.59 7.63 7.67 7.71 7.65 7.69 7.72 7.75 5.08 5.10 5.12 9.36 12.72 7.89 7.91 7.93 15.45 8.04 8.06 8.07 8.30 8.31 8.32 15.89 9.38 9.38 9.39 9.40 9.34 9.35 9.36 9.36
3.87 3.92 3.97 4.02 4.01 4.06 4.11 4.17 4.35 4.40 8.48 4.51 4.66 4.72 9.02 4.84 4.97 5.03 5.09 5.15 5.20 5.27 5.33 5.39 5.43 10.50 5.55 5.61 5.72 5.98 6.04 6.11 6.19 6.25 6.31 6.37 6.37 6.42 6.47 6.53 6.54 6.61 6.66 6.72 7.22 7.27 7.32 7.38 7.47 7.52 7.56 7.61 7.62 7.66 7.70 7.74 7.68 7.72 7.75 7.78 5.10 5.12 5.14 5.16 5.20 7.92 7.94 7.96 15.51 8.08 15.65 8.11 15.84 8.35 8.36 8.36 8.33 8.34 8.35 8.35 9.39 9.40 9.41 9.41
11.15 3.95 4.00 4.05 4.05 4.10 4.15 4.36 4.38 4.44 4.49 4.55 8.82 4.76 4.81 9.23 5.01 5.07 5.13 5.19 5.24 10.10 5.36 5.42 5.46 5.52 5.58 5.64 5.95 6.01 6.08 6.14 12.31 24.24 18.46 12.65 6.39 12.76 6.50 6.57 13.05 6.63 6.69 7.15 7.24 7.30 7.35 7.40 7.49 7.54 7.59 7.63 7.64 7.69 7.73 14.82 7.70 7.74 7.77 9.35 5.12 5.14 5.16 5.18 5.22 5.24 5.25 7.99 8.09 8.11 8.28 8.29 8.37 8.38 8.39 8.40 8.36 8.37 8.38 8.38 8.34 8.34 15.93 9.45
3.93 3.98 7.75 4.08 4.08 4.13 4.34 4.40 4.42 4.47 4.53 4.58 4.73 4.79 4.85 4.91 5.04 5.10 5.16 9.83 5.27 5.33 15.01 5.45 5.49 5.55 10.63 5.67 5.98 6.05 6.11 6.16 6.25 12.49 6.36 6.42 6.42 6.47 6.52 6.59 6.60 6.66 6.71 7.17 7.26 7.32 7.37 7.42 21.39 7.56 14.56 14.59 7.67 29.43 14.80 7.79 7.73 7.76 7.80 5.15 5.13 5.16 5.18 5.20 9.56 5.26 5.27 5.29 5.37 8.28 8.30 8.32 8.39 8.41 8.42 8.43 8.39 8.40 8.41 8.41 8.37 8.38 8.38 15.96
3.00 4.02 7.10 11.99 4.16 4.37 4.43 4.48 4.49 4.54 4.60 4.65 4.71 4.76 4.82 17.99 5.00 5.05 5.11 5.17 5.22 5.28 5.33 10.36 5.47 5.53 5.59 5.64 11.59 6.04 12.02 6.16 6.23 12.49 6.35 6.40 6.46 12.94 6.59 6.64 6.68 6.74 7.20 7.25 7.31 7.36 21.07 7.47 7.50 7.55 7.59 7.64 7.61 14.67 7.70 7.74 7.68 7.72 5.10 5.12 5.14 5.16 5.19 5.21 5.25 5.27 5.28 5.30 5.32 5.33 5.34 5.36 5.35 9.79 5.41 9.87 5.43 5.43 13.42 8.32 15.94 8.37 8.37 15.97
3.02 3.07 3.11 4.15 4.19 4.40 4.46 8.54 4.52 8.70 4.63 8.93 4.73 4.79 4.85 9.29 5.02 5.08 5.14 5.20 5.24 5.30 5.36 5.41 5.49 5.55 5.61 5.67 6.01 6.07 6.13 6.18 6.25 6.31 6.36 6.42 6.48 6.53 13.06 6.65 6.70 6.75 7.21 7.27 7.32 14.07 7.43 7.48 7.51 7.56 7.60 7.65 7.62 7.67 7.71 7.74 7.69 7.73 5.10 5.13 5.15 5.17 5.19 5.21 5.26 5.28 5.29 5.31 5.33 5.34 5.35 5.37 5.36 5.41 5.42 5.43 9.90 5.45 5.45 15.88 8.38 8.39 8.39 8.40
