New_Model_Runs/5_FutureClimate_BASE_out/post_prcessed_with_MFR/Monthly_summaries/actual_et_monthly_DEC.asc
NCOLS 700
NROWS 400
XLLCENTER 515000.000000
YLLCENTER 8409000.000000
CELLSIZE 50.000000
NODATA_value -999.000000
[rows 228 to 265 of 400, columns 84 to 167 of 700]
1.31 1.31 1.31 1.31 1.31 1.31 1.31 1.31 1.31 1.31 1.31 1.31 1.29 1.29 1.29 1.29 1.29 1.29 1.29 1.29 1.29 1.29 1.29 1.29 1.29 1.29 1.29 1.29 1.25 1.25 1.25 1.25 1.25 1.25 1.25 1.25 1.25 1.25 1.25 1.25 1.25 1.25 1.25 1.25 1.28 1.28 1.28 1.28 1.28 1.28 1.28 1.28 1.28 1.28 1.28 1.28 1.28 1.28 1.28 1.28 1.26 1.26 1.26 1.26 1.26 1.26 1.26 1.26 1.26 1.26 1.26 1.26 1.26 1.26 1.26 1.26 1.24 1.24 1.24 1.24 1.24 1.24 1.24 1.24
1.31 1.31 1.31 1.31 1.31 1.31 1.31 1.31 1.31 1.31 1.31 1.31 1.29 1.29 1.29 1.29 1.29 1.29 1.29 1.29 1.29 1.29 1.29 1.29 1.29 1.29 1.29 1.29 1.25 1.25 1.25 1.25 1.25 1.25 1.25 1.25 1.25 1.25 1.25 1.25 1.25 1.25 1.25 1.25 1.28 1.28 1.28 1.28 1.28 1.28 1.28 1.28 1.28 1.28 1.28 1.28 1.28 1.28 1.28 1.28 1.26 1.26 1.26 1.26 1.26 1.26 1.26 1.26 1.26 1.26 1.26 1.26 1.26 1.26 1.26 1.26 1.24 1.24 1.24 1.24 1.24 1.24 1.24 1.24
1.31 1.31 1.31 1.31 1.31 1.31 1.31 1.31 1.31 1.31 1.31 1.31 1.29 1.29 1.29 1.29 1.29 1.29 1.29 1.29 1.29 1.29 1.29 1.29 1.29 1.29 1.29 1.29 1.25 1.25 1.25 1.25 1.25 1.25 1.25 1.25 1.25 1.25 1.25 1.25 1.25 1.25 1.25 1.25 1.28 1.28 1.28 1.28 1.28 1.28 1.28 1.28 1.28 1.28 1.28 1.28 1.28 1.28 1.28 1.28 1.26 1.26 1.26 1.26 1.26 1.26 1.26 1.26 1.26 1.26 1.26 1.26 1.26 1.26 1.26 1.26 1.24 1.24 1.24 1.24 1.24 1.24 1.24 1.24
1.31 1.31 1.31 1.31 1.31 1.31 1.31 1.31 1.31 1.31 1.31 1.31 1.29 1.29 1.29 1.29 1.29 1.29 1.29 1.29 1.29 1.29 1.29 1.29 1.29 1.29 1.29 1.29 1.25 1.25 1.25 1.25 1.25 1.25 1.25 1.25 1.25 1.25 1.25 1.25 1.25 1.25 1.25 1.25 1.28 1.28 1.28 1.28 1.28 1.28 1.28 1.28 1.28 1.28 1.28 1.28 1.28 1.28 1.28 1.28 1.26 1.26 1.26 1.26 1.26 1.26 1.26 1.26 1.26 1.26 1.26 1.26 1.26 1.26 1.26 1.26 1.24 1.24 1.24 1.24 1.24 1.24 1.24 1.24
1.31 1.31 1.31 1.31 1.31 1.31 1.31 1.31 1.31 1.31 1.31 1.31 1.29 1.29 1.29 1.29 1.29 1.29 1.29 1.29 1.29 1.29 1.29 1.29 1.29 1.29 1.29 1.29 1.25 1.25 1.25 1.25 1.25 1.25 1.25 1.25 1.25 1.25 1.25 1.25 1.25 1.25 1.25 1.25 1.28 1.28 1.28 1.28 1.28 1.28 1.28 1.28 1.28 1.28 1.28 1.28 1.28 1.28 1.28 1.28 1.26 1.26 1.26 1.26 1.26 1.26 1.26 1.26 1.26 1.26 1.26 1.26 1.26 1.26 1.26 1.26 1.24 1.24 1.24 1.24 1.24 1.24 1.24 1.24
1.31 1.31 1.31 1.31 1.31 1.31 1.31 1.31 1.31 1.31 1.31 1.31 1.29 1.29 1.29 1.29 1.29 1.29 1.29 1.29 1.29 1.29 1.29 1.29 1.29 1.29 1.29 1.29 1.25 1.25 1.25 1.25 1.25 1.25 1.25 1.25 1.25 1.25 1.25 1.25 1.25 1.25 1.25 1.25 1.28 1.28 1.28 1.28 1.28 1.28 1.28 1.28 1.28 1.28 1.28 1.28 1.28 1.28 1.28 1.28 1.26 1.26 1.26 1.26 1.26 1.26 1.26 1.26 1.26 1.26 1.26 1.26 1.26 1.26 1.26 1.26 1.24 1.24 1.24 1.24 1.24 1.24 1.24 1.24
1.31 1.31 1.31 1.31 1.31 1.31 1.31 1.31 1.31 1.31 1.31 1.31 1.29 1.29 1.29 1.29 1.29 1.29 1.29 1.29 1.29 1.29 1.29 1.29 1.29 1.29 1.29 1.29 1.25 1.25 1.25 1.25 1.25 1.25 1.25 1.25 1.25 1.25 1.25 1.25 1.25 1.25 1.25 1.25 1.28 1.28 1.28 1.28 1.28 1.28 1.28 1.28 1.28 1.28 1.28 1.28 1.28 1.28 1.28 1.28 1.26 1.26 1.26 1.26 1.26 1.26 1.26 1.26 1.26 1.26 1.26 1.26 1.26 1.26 1.26 1.26 1.24 1.24 1.24 1.24 1.24 1.24 1.24 1.24
1.31 1.31 1.31 1.31 1.31 1.31 1.31 1.31 1.31 1.31 1.31 1.31 1.29 1.29 1.29 1.29 1.29 1.29 1.29 1.29 1.29 1.29 1.29 1.29 1.29 1.29 1.29 1.29 1.25 1.25 1.25 1.25 1.25 1.25 1.25 1.25 1.25 1.25 1.25 1.25 1.25 1.25 1.25 1.25 1.28 1.28 1.28 1.28 1.28 1.28 1.28 1.28 1.28 1.28 1.28 1.28 1.28 1.28 1.28 1.28 1.26 1.26 1.26 1.26 1.26 1.26 1.26 1.26 1.26 1.26 1.26 1.26 1.26 1.26 1.26 1.26 1.24 1.24 1.24 1.24 1.24 1.24 1.24 1.24
1.31 1.31 1.31 1.31 1.31 1.31 1.31 1.31 1.31 1.31 1.31 1.31 1.29 1.29 1.29 1.29 1.29 1.29 1.29 1.29 1.29 1.29 1.29 1.29 1.29 1.29 1.29 1.29 1.25 1.25 1.25 1.25 1.25 1.25 1.25 1.25 1.25 1.25 1.25 1.25 1.25 1.25 1.25 1.25 1.28 1.28 1.28 1.28 1.28 1.28 1.28 1.28 1.28 1.28 1.28 1.28 1.28 1.28 1.28 1.28 1.26 1.26 1.26 1.26 1.26 1.26 1.26 1.26 1.26 1.26 1.26 1.26 1.26 1.26 1.26 1.26 1.24 1.24 1.24 1.24 1.24 1.24 1.24 1.24
1.31 1.31 1.31 1.31 1.31 1.31 1.31 1.31 1.31 1.31 1.31 1.31 1.29 1.29 1.29 1.29 1.29 1.29 1.29 1.29 1.29 1.29 1.29 1.29 1.29 1.29 1.29 1.29 1.25 1.25 1.25 1.25 1.25 1.25 1.25 1.25 1.25 1.25 1.25 1.25 1.25 1.25 1.25 1.25 1.28 1.28 1.28 1.28 1.28 1.28 1.28 1.28 1.28 1.28 1.28 1.28 1.28 1.28 1.28 1.28 1.26 1.26 1.26 1.26 1.26 1.26 1.26 1.26 1.26 1.26 1.26 1.26 1.26 1.26 1.26 1.26 1.24 1.24 1.24 1.24 1.24 1.24 1.24 1.24
1.31 1.31 1.31 1.31 1.31 1.31 1.31 1.31 1.31 1.31 1.31 1.31 1.29 1.29 1.29 1.29 1.29 1.29 1.29 1.29 1.29 1.29 1.29 1.29 1.29 1.29 1.29 1.29 1.25 1.25 1.25 1.25 1.25 1.25 1.25 1.25 1.25 1.25 1.25 1.25 1.25 1.25 1.25 1.25 1.28 1.28 1.28 1.28 1.28 1.28 1.28 1.28 1.28 1.28 1.28 1.28 1.28 1.28 1.28 1.28 1.26 1.26 1.26 1.26 1.26 1.26 1.26 1.26 1.26 1.26 1.26 1.26 1.26 1.26 1.26 1.26 1.24 1.24 1.24 1.24 1.24 1.24 1.24 1.24
1.31 1.31 1.31 1.31 1.31 1.31 1.31 1.31 1.31 1.31 1.31 1.31 1.29 1.29 1.29 1.29 1.29 1.29 1.29 1.29 1.29 1.29 1.29 1.29 1.29 1.29 1.29 1.29 1.25 1.25 1.25 1.25 1.25 1.25 1.25 1.25 1.25 1.25 1.25 1.25 1.25 1.25 1.25 1.25 1.28 1.28 1.28 1.28 1.28 1.28 1.28 1.28 1.28 1.28 1.28 1.28 1.28 1.28 1.28 1.28 1.26 1.26 1.26 1.26 1.26 1.26 1.26 1.26 1.26 1.26 1.26 1.26 1.26 1.26 1.26 1.26 1.24 1.24 1.24 1.24 1.24 1.24 1.24 1.24
1.31 1.31 1.31 1.31 1.31 1.31 1.31 1.31 1.31 1.31 1.31 1.31 1.29 1.29 1.29 1.29 1.29 1.29 1.29 1.29 1.29 1.29 1.29 1.29 1.29 1.29 1.29 1.29 1.25 1.25 1.25 1.25 1.25 1.25 1.25 1.25 1.25 1.25 1.25 1.25 1.25 1.25 1.25 1.25 1.28 1.28 1.28 1.28 1.28 1.28 1.28 1.28 1.28 1.28 1.28 1.28 1.28 1.28 1.28 1.28 1.26 1.26 1.26 1.26 1.26 1.26 1.26 1.26 1.26 1.26 1.26 1.26 1.26 1.26 1.26 1.26 1.24 1.24 1.24 1.24 1.24 1.24 1.24 1.24
1.31 1.31 1.31 1.31 1.31 1.31 1.31 1.31 1.31 1.31 1.31 1.31 1.29 1.29 1.29 1.29 1.29 1.29 1.29 1.29 1.29 1.29 1.29 1.29 1.29 1.29 1.29 1.29 1.25 1.25 1.25 1.25 1.25 1.25 1.25 1.25 1.25 1.25 1.25 1.25 1.25 1.25 1.25 1.25 1.28 1.28 1.28 1.28 1.28 1.28 1.28 1.28 1.28 1.28 1.28 1.28 1.28 1.28 1.28 1.28 1.26 1.26 1.26 1.26 1.26 1.26 1.26 1.26 1.26 1.26 1.26 1.26 1.26 1.26 1.26 1.26 1.24 1.24 1.24 1.24 1.24 1.24 1.24 1.24
1.34 1.34 1.34 1.34 1.34 1.34 1.34 1.34 1.34 1.34 1.34 1.34 1.34 1.34 1.34 1.34 1.34 1.34 1.34 1.34 1.34 1.34 1.34 1.34 1.34 1.34 1.34 1.34 1.43 1.43 1.43 1.43 1.43 1.43 1.43 1.43 1.43 1.43 1.43 1.43 1.43 1.43 1.43 1.43 1.37 1.37 1.37 1.37 1.37 1.37 1.37 1.37 1.37 1.37 1.37 1.37 1.37 1.37 1.37 1.37 1.41 1.41 1.41 1.41 1.41 1.41 1.41 1.41 1.41 1.41 1.41 1.41 1.41 1.41 1.41 1.41 1.30 1.30 1.30 1.30 1.30 1.30 1.30 1.30
1.34 1.34 1.34 1.34 1.34 1.34 1.34 1.34 1.34 1.34 1.34 1.34 1.34 1.34 1.34 1.34 1.34 1.34 1.34 1.34 1.34 1.34 1.34 1.34 1.34 1.34 1.34 1.34 1.43 1.43 1.43 1.43 1.43 1.43 1.43 1.43 1.43 1.43 1.43 1.43 1.43 1.43 1.43 1.43 1.37 1.37 1.37 1.37 1.37 1.37 1.37 1.37 1.37 1.37 1.37 1.37 1.37 1.37 1.37 1.37 1.41 1.41 1.41 1.41 1.41 1.41 1.41 1.41 1.41 1.41 1.41 1.41 1.41 1.41 1.41 1.41 1.30 1.30 1.30 1.30 1.30 1.30 1.30 1.30
1.34 1.34 1.34 1.34 1.34 1.34 1.34 1.34 1.34 1.34 1.34 1.34 1.34 1.34 1.34 1.34 1.34 1.34 1.34 1.34 1.34 1.34 1.34 1.34 1.34 1.34 1.34 1.34 1.43 1.43 1.43 1.43 1.43 1.43 1.43 1.43 1.43 1.43 1.43 1.43 1.43 1.43 1.43 1.43 1.37 1.37 1.37 1.37 1.37 1.37 1.37 1.37 1.37 1.37 1.37 1.37 1.37 1.37 1.37 1.37 1.41 1.41 1.41 1.41 1.41 1.41 1.41 1.41 1.41 1.41 1.41 1.41 1.41 1.41 1.41 1.41 1.30 1.30 1.30 1.30 1.30 1.30 1.30 1.30
1.34 1.34 1.34 1.34 1.34 1.34 1.34 1.34 1.34 1.34 1.34 1.34 1.34 1.34 1.34 1.34 1.34 1.34 1.34 1.34 1.34 1.34 1.34 1.34 1.34 1.34 1.34 1.96 1.43 1.43 1.43 1.43 1.43 1.43 1.43 1.43 1.43 1.43 1.43 1.43 1.43 1.43 1.43 1.43 1.37 1.37 1.37 1.37 1.37 1.37 1.37 1.37 1.37 1.37 1.37 4.02 1.37 1.37 1.37 1.37 1.41 1.41 1.41 1.41 1.41 1.41 1.41 1.41 1.41 1.41 1.41 1.41 1.41 1.41 1.41 1.41 1.30 1.30 1.30 1.30 1.30 1.30 1.30 1.30
1.34 1.34 1.34 1.34 1.34 1.34 1.34 1.34 1.34 1.34 1.34 1.34 1.34 1.34 1.34 1.34 1.34 1.34 1.34 1.34 1.34 1.34 1.34 1.34 1.34 1.34 1.34 1.96 4.04 4.04 1.43 1.43 1.43 1.43 1.43 1.43 1.43 1.43 1.43 1.43 1.43 1.43 1.43 1.43 1.37 1.37 1.37 1.37 1.37 1.37 1.37 1.37 1.37 1.37 1.37 1.37 1.37 1.37 1.37 1.37 1.41 1.41 1.41 1.41 1.41 1.41 1.41 1.41 1.41 1.41 1.41 1.41 1.41 1.41 1.41 1.41 1.30 1.30 1.30 1.30 1.30 1.30 1.30 1.30
1.34 1.34 1.34 1.34 1.34 1.34 1.34 1.34 1.34 1.34 1.34 1.34 1.34 1.34 1.34 1.34 1.34 1.34 1.34 1.34 1.34 1.34 1.34 1.34 1.34 1.34 1.34 3.87 4.04 4.04 4.04 1.43 1.43 1.43 1.43 1.43 1.43 1.43 1.43 1.43 1.43 1.43 1.43 1.43 1.37 1.37 1.37 1.37 1.37 1.37 1.37 1.37 1.37 1.37 1.37 1.37 1.37 1.37 1.37 1.37 1.41 1.41 1.41 1.41 1.41 1.41 1.41 1.41 1.41 1.41 1.41 1.41 1.41 1.41 1.41 1.41 1.30 1.30 1.30 1.30 1.30 1.30 1.30 1.30
1.34 1.34 1.34 1.34 1.34 1.34 1.34 1.34 1.34 1.34 1.34 1.34 1.34 1.34 1.34 1.34 1.34 1.34 1.34 1.34 1.34 1.34 1.34 1.34 1.34 1.34 1.96 3.87 4.04 4.04 1.43 1.43 1.43 1.43 1.43 1.43 1.43 1.43 1.43 1.43 1.43 1.43 1.43 1.43 1.37 1.37 1.37 1.37 1.37 1.37 1.37 1.37 1.37 1.37 1.37 1.37 1.37 1.37 1.37 1.37 1.41 1.41 1.41 1.41 1.41 1.41 1.41 1.41 1.41 1.41 1.41 1.41 1.41 1.41 1.41 1.41 1.30 1.30 1.30 1.30 1.30 1.30 1.30 1.30
1.34 1.34 1.34 1.34 1.34 1.34 1.34 1.34 1.34 1.34 1.34 1.34 1.34 1.34 1.34 1.34 1.34 1.34 1.34 1.34 1.34 1.34 1.34 1.34 1.34 1.34 1.34 1.96 4.04 4.10 1.43 1.43 1.43 1.43 1.43 1.43 1.43 1.43 1.43 1.43 1.43 1.43 1.43 1.43 1.37 1.37 1.37 1.37 1.37 1.37 1.37 1.37 1.37 1.37 3.94 3.94 1.37 1.37 1.37 1.37 1.41 1.41 1.41 1.41 1.41 1.41 1.41 1.41 1.41 1.41 1.41 1.41 1.41 1.41 1.41 1.41 1.30 1.30 1.30 1.30 1.30 1.30 1.30 1.30
1.34 1.34 1.34 1.34 1.34 1.34 1.34 1.34 1.34 1.34 1.34 1.34 1.34 1.34 1.34 1.34 1.34 1.34 1.34 1.34 1.34 3.88 1.34 1.34 3.88 1.34 1.34 1.34 1.43 2.10 1.43 1.43 1.43 1.43 1.43 1.43 1.43 1.43 1.43 1.43 1.43 1.43 1.43 1.43 1.37 1.37 1.37 1.37 1.37 1.37 1.37 1.37 1.37 1.37 3.94 3.94 1.37 1.37 1.37 1.37 1.41 1.41 1.41 1.41 1.41 1.41 1.41 1.41 1.41 1.41 1.41 1.41 1.41 1.41 1.41 1.41 1.30 1.30 1.30 1.30 1.30 1.30 1.30 1.30
1.34 1.34 1.34 1.34 1.34 1.34 1.34 1.34 1.34 1.34 1.34 1.34 1.34 1.34 1.34 1.34 1.34 1.34 1.34 1.34 3.88 3.88 3.84 3.98 4.02 1.34 1.34 1.34 1.43 1.43 4.20 1.43 1.43 1.43 1.43 1.43 1.43 1.43 1.43 1.43 1.43 1.43 1.43 1.43 1.37 1.37 1.37 1.37 1.37 1.37 1.37 1.37 1.37 1.37 1.37 3.94 1.37 1.37 1.37 1.37 1.41 1.41 1.41 1.41 1.41 2.07 2.07 1.41 1.41 1.41 1.41 1.41 1.41 1.41 1.41 1.41 1.30 1.30 1.30 1.30 1.30 1.30 1.30 1.30
1.34 1.34 1.34 1.34 1.34 1.34 1.34 1.34 1.34 1.34 1.34 1.34 1.34 1.34 1.34 1.34 1.34 1.34 1.34 1.34 3.88 3.84 3.98 3.84 3.84 1.34 1.34 1.34 4.20 1.43 4.20 1.43 1.43 1.43 1.43 1.43 1.43 1.43 1.43 1.43 1.43 1.43 1.43 1.43 1.37 1.37 1.37 1.37 1.37 1.37 1.37 1.37 3.94 3.94 1.37 1.37 1.37 1.37 1.37 1.37 1.41 1.41 1.41 1.41 1.41 4.03 4.03 1.41 1.41 1.41 1.41 1.41 1.41 1.41 1.41 1.41 1.30 1.30 1.30 1.30 1.30 1.30 1.30 1.30
1.34 1.34 1.34 1.34 1.34 1.34 1.34 1.34 1.34 1.34 1.34 1.34 1.34 1.34 1.34 1.34 1.34 1.34 1.34 1.34 3.88 4.50 4.50 3.84 3.84 3.12 3.12 3.12 4.15 1.43 4.20 1.43 1.43 1.43 1.43 1.43 1.43 1.43 1.43 1.43 1.43 1.43 1.43 1.43 1.37 1.37 1.37 1.37 1.37 1.37 1.37 1.37 1.37 3.94 3.94 3.94 1.37 1.37 1.37 1.37 1.41 2.07 1.41 1.41 1.41 1.41 1.41 1.41 1.41 1.41 1.41 1.41 1.41 1.41 1.41 1.41 1.30 1.30 1.30 1.30 1.30 1.30 1.30 1.30
1.34 1.34 4.01 4.01 1.34 1.34 1.34 1.34 1.34 1.34 1.34 1.34 1.34 4.02 4.02 4.02 4.02 3.88 3.88 1.34 3.88 3.12 3.12 4.50 3.12 4.50 4.50 4.50 1.40 4.15 1.43 1.43 1.43 1.43 1.43 1.43 1.43 4.20 4.20 1.43 1.43 1.43 1.43 1.43 1.37 1.37 1.37 1.37 1.37 1.37 1.37 1.37 1.37 3.94 3.94 3.99 1.37 1.37 1.37 2.01 2.07 2.07 2.07 2.07 1.41 1.41 1.41 1.41 1.41 1.41 1.41 1.41 1.41 1.41 1.41 1.41 1.30 1.30 1.30 1.30 1.30 1.30 1.30 1.30
1.96 4.01 4.01 4.01 1.34 1.34 1.34 1.34 1.34 1.34 1.34 1.34 1.34 1.34 1.34 4.02 4.02 4.02 1.34 3.88 3.88 3.12 3.12 4.50 0.00 0.00 0.00 0.00 0.00 4.91 3.23 1.43 1.43 1.43 1.43 1.43 1.43 4.20 4.20 1.43 1.43 1.43 1.43 4.02 1.37 1.37 1.37 1.37 1.37 1.37 1.37 1.37 1.37 1.37 3.94 3.99 1.37 1.37 1.37 1.37 2.07 2.07 4.10 2.07 1.41 1.41 1.41 1.41 1.41 1.41 1.41 1.41 1.41 1.41 1.41 1.41 1.30 1.30 1.30 1.30 1.30 1.30 1.30 1.30
1.34 4.01 4.01 4.01 1.34 1.34 1.34 1.34 1.34 1.34 1.34 1.34 1.34 1.34 1.34 1.34 3.88 1.34 3.88 3.88 4.73 3.12 0.00 0.00 0.00 0.00 0.00 0.00 0.00 0.00 4.67 1.43 1.43 1.43 1.43 1.43 1.43 4.20 4.20 1.43 1.43 1.43 1.43 1.43 1.37 1.37 1.37 1.37 1.37 1.37 1.37 1.37 1.37 1.37 3.85 3.99 3.99 1.37 1.37 1.37 1.41 2.07 1.41 1.41 1.41 1.41 1.41 1.41 1.41 1.41 1.41 1.41 1.41 1.41 1.41 1.41 1.30 1.30 1.30 1.30 1.30 1.30 1.30 1.30
4.01 4.01 4.01 4.01 1.34 1.34 1.34 4.01 1.34 1.34 1.34 1.34 1.34 1.34 1.34 1.34 1.34 1.34 1.34 1.34 0.00 0.00 0.00 0.00 0.00 0.00 0.00 0.00 0.00 0.00 0.00 1.43 1.43 1.43 1.43 1.43 1.43 1.43 4.20 1.43 1.43 1.43 1.43 4.15 4.06 1.37 1.37 1.37 1.37 1.37 1.37 1.37 1.37 1.37 1.37 3.94 3.99 3.99 1.37 1.37 2.07 4.03 1.41 1.41 1.41 1.41 1.41 2.07 1.41 1.41 1.41 1.41 1.41 1.41 1.41 1.41 1.30 1.30 1.30 1.30 1.30 1.30 1.30 3.76
3.06 3.06 3.06 3.06 3.06 0.93 0.93 0.93 0.93 0.93 0.93 0.93 0.94 0.94 0.94 0.94 0.94 0.94 3.09 0.00 0.00 0.00 0.00 0.00 0.00 0.00 0.00 0.00 0.00 0.00 0.00 0.00 3.67 3.79 0.98 0.98 0.98 0.98 0.98 0.98 0.98 0.98 0.98 2.96 4.13 1.44 1.44 1.44 1.44 1.44 1.44 1.44 1.44 1.44 1.44 4.18 4.22 4.50 1.44 1.44 1.47 1.47 1.47 1.47 1.47 1.47 1.47 1.47 1.47 1.47 1.47 1.47 1.47 1.47 1.47 1.47 1.41 1.41 1.41 1.41 1.41 1.41 3.91 3.91
3.06 3.06 3.06 3.06 3.06 0.93 0.93 0.93 0.93 0.93 0.93 0.93 0.94 0.94 2.86 3.07 2.86 0.94 0.00 0.00 0.00 0.00 0.00 0.00 0.00 0.00 0.00 0.00 0.00 0.00 0.00 0.00 2.55 2.55 0.98 0.98 0.98 0.98 2.97 0.98 0.98 0.98 0.98 2.96 1.44 1.44 1.44 1.44 1.44 1.44 1.44 1.44 1.44 1.44 1.44 4.18 2.11 4.22 4.18 1.44 1.47 1.47 1.47 1.47 1.47 1.47 1.47 1.47 1.47 1.47 1.47 1.47 1.47 1.47 1.47 4.10 1.41 1.41 1.41 1.41 1.41 1.41 1.41 1.41
3.06 3.06 3.06 3.06 3.06 0.93 0.93 0.93 0.93 0.93 0.93 0.93 0.94 0.94 2.86 3.07 3.58 0.00 0.00 0.00 0.00 0.00 0.00 0.00 0.00 0.00 0.00 0.00 0.00 0.00 0.00 0.00 2.55 3.67 3.67 0.98 0.98 0.98 0.98 3.18 0.98 0.98 0.98 0.98 1.44 1.44 1.44 1.44 1.44 1.44 1.44 1.44 1.44 1.44 1.44 4.18 4.22 4.22 4.06 1.44 1.47 1.47 2.15 1.47 1.47 1.47 1.47 1.47 1.47 1.47 1.47 1.47 1.47 1.47 1.47 1.47 1.41 1.41 1.41 1.41 1.41 1.41 1.41 1.41
0.93 3.06 3.06 3.06 0.93 0.93 0.93 0.93 0.93 0.93 0.93 0.93 0.94 0.94 2.86 3.58 3.58 0.00 0.00 0.00 0.00 0.00 0.00 0.00 0.00 0.00 0.00 0.00 0.00 0.00 0.00 0.00 2.55 3.67 3.16 0.98 0.98 0.98 0.98 0.98 0.98 0.98 0.98 0.98 4.13 4.13 4.13 1.44 1.44 1.44 1.44 1.44 1.44 1.44 1.44 1.44 3.26 4.22 1.44 1.44 1.47 4.13 2.15 1.47 2.15 1.47 1.47 1.47 1.47 1.47 1.47 1.47 1.47 1.47 1.47 1.47 2.07 1.41 1.41 1.41 1.41 1.41 1.41 3.91
0.93 0.93 0.93 0.93 0.93 0.93 0.93 0.93 0.93 0.93 3.06 0.93 0.94 2.86 2.86 3.58 0.00 0.00 0.00 0.00 0.00 0.00 0.00 0.00 0.00 0.00 0.00 0.00 0.00 0.00 0.00 0.00 3.67 3.67 2.96 2.96 0.98 0.98 0.98 3.18 0.98 0.98 3.18 0.98 1.44 4.13 4.13 1.44 1.44 1.44 1.44 2.11 2.11 1.44 1.44 4.22 4.22 4.18 1.44 1.44 1.47 4.13 2.15 2.15 2.15 1.47 1.47 1.47 1.47 1.47 1.47 1.47 1.47 1.47 1.47 1.47 1.41 1.41 1.41 1.41 1.41 1.41 1.41 4.01
0.93 0.93 0.93 3.06 3.06 3.06 0.93 0.93 3.06 0.93 0.93 0.93 3.07 3.58 3.58 0.00 0.00 0.00 0.00 0.00 0.00 0.00 0.00 0.00 0.00 0.00 0.00 0.00 0.00 0.00 0.00 0.00 0.00 3.67 3.16 2.96 0.98 3.18 2.97 0.98 0.98 3.18 3.18 3.16 4.01 4.13 4.01 1.44 1.44 1.44 1.44 2.11 2.11 1.44 4.06 3.26 4.10 1.44 1.44 1.44 1.47 2.15 2.15 2.15 2.15 1.47 1.47 1.47 2.15 1.47 1.47 1.47 1.47 1.47 1.47 1.47 1.41 1.41 1.41 1.41 1.41 1.41 1.41 4.01
0.93 0.93 0.93 1.37 2.83 3.06 0.93 0.93 0.93 3.06 3.06 3.04 3.58 3.58 0.00 0.00 0.00 0.00 0.00 0.00 0.00 0.00 0.00 0.00 0.00 0.00 0.00 0.00 0.00 0.00 0.00 0.00 0.00 2.97 3.82 0.98 2.97 2.97 0.98 0.98 0.98 3.18 3.18 3.16 4.65 4.01 1.44 1.44 1.44 1.44 1.44 4.06 4.18 1.44 2.11 3.25 4.77 4.65 1.44 1.44 1.47 1.47 2.15 4.13 2.15 4.26 1.47 1.47 1.47 1.47 1.47 1.47 1.47 1.47 1.47 1.47 1.41 1.41 1.41 1.41 1.41 1.41 1.41 3.91
0.93 0.93 0.93 0.93 3.09 2.58 0.93 0.93 0.93 0.93 3.06 3.06 3.58 0.00 0.00 0.00 0.00 0.00 0.00 0.00 0.00 0.00 0.00 0.00 0.00 0.00 0.00 0.00 0.00 0.00 0.00 0.00 0.00 0.98 0.98 2.97 2.97 0.98 0.98 0.98 0.98 0.98 2.97 3.79 1.44 1.44 1.44 1.44 1.44 1.44 1.44 4.06 4.18 1.44 1.44 3.25 3.26 4.65 1.44 1.44 1.47 1.47 4.13 4.13 4.26 4.26 1.47 1.47 1.47 1.47 1.47 1.47 1.47 1.47 1.47 1.47 1.41 1.41 1.41 1.41 1.41 1.41 1.41 1.41
