New_Model_Runs/5_FutureClimate_BASE_out/post_prcessed_with_MFR/Monthly_summaries/actual_et_monthly_OCT.asc
NCOLS 700
NROWS 400
XLLCENTER 515000.000000
YLLCENTER 8409000.000000
CELLSIZE 50.000000
NODATA_value -999.000000
[rows 190 to 227 of 400, columns 252 to 335 of 700]
1.37 1.37 1.37 1.37 1.24 1.24 1.24 1.24 1.24 1.24 1.24 1.24 1.24 1.24 1.24 1.24 1.24 1.24 1.24 1.24 1.24 1.24 1.24 1.24 1.24 1.24 1.24 1.24 1.24 1.24 1.24 1.24 1.24 1.24 1.24 1.24 1.16 1.16 1.16 1.16 1.16 1.16 1.16 1.16 1.16 1.16 1.16 1.16 1.16 1.16 1.16 1.16 1.20 1.20 1.20 1.20 1.20 1.20 1.20 1.20 1.20 1.20 1.20 1.20 1.20 1.20 1.20 1.20 1.02 1.02 1.02 1.02 1.02 1.02 1.02 1.02 1.02 1.02 1.02 1.02 1.02 1.02 3.39 3.39
1.37 1.37 1.37 1.37 1.24 1.24 1.24 1.24 1.24 1.24 1.24 1.24 1.24 1.24 1.24 1.24 1.24 1.24 1.24 1.24 1.24 1.24 1.24 1.24 1.24 1.24 1.24 1.24 1.24 1.24 1.24 1.24 1.24 1.24 1.24 1.24 1.16 1.16 1.16 1.16 1.16 1.16 1.16 1.16 1.16 1.16 1.16 1.16 1.16 1.16 1.16 1.16 1.20 1.20 1.20 1.20 1.20 1.20 1.20 1.20 1.20 1.20 1.20 1.20 1.20 1.20 1.20 1.20 1.02 1.02 1.02 1.02 1.02 1.02 1.02 1.02 1.02 1.02 1.02 1.02 1.02 1.02 1.02 1.02
1.37 1.37 1.37 1.37 1.24 1.24 1.24 1.24 1.24 1.24 1.24 1.24 1.24 1.24 1.24 1.24 1.24 1.24 1.24 1.24 1.24 1.24 1.24 1.24 1.24 1.24 1.24 1.24 1.24 1.24 1.24 1.24 1.24 1.24 1.24 1.24 1.16 1.16 1.16 1.16 1.16 1.16 1.16 1.16 1.16 1.16 1.16 1.16 1.16 1.16 1.16 1.16 1.20 1.20 1.20 1.20 1.20 1.20 1.20 1.20 1.20 1.20 1.20 1.20 1.20 1.20 1.20 1.20 1.02 1.02 1.02 1.02 1.02 1.02 1.02 1.02 1.02 1.02 1.02 1.02 1.02 1.02 1.02 1.02
1.37 1.37 1.37 1.37 1.24 1.24 1.24 1.24 1.24 1.24 1.24 1.24 1.24 1.24 1.24 1.24 1.24 1.24 1.24 1.24 1.24 1.24 1.24 1.24 1.24 1.24 1.24 1.24 1.24 1.24 1.24 1.24 1.24 1.24 1.24 1.24 1.16 1.16 1.16 1.16 1.16 1.16 1.16 1.16 1.16 1.16 1.16 1.16 1.16 1.16 1.16 1.16 1.20 1.20 1.20 1.20 1.20 1.20 1.20 1.20 1.20 1.20 1.20 1.20 1.20 1.20 1.20 1.20 1.02 1.02 1.02 1.02 1.02 1.02 1.02 1.02 1.02 1.02 1.02 1.02 1.02 1.02 1.02 1.02
1.30 1.30 1.30 1.30 1.14 1.14 1.14 1.14 1.14 1.14 1.14 1.14 1.14 1.14 1.14 1.14 1.14 1.14 1.14 1.14 1.12 1.12 1.12 1.12 1.12 1.12 1.12 1.12 1.12 1.12 1.12 1.12 1.12 1.12 1.12 1.12 1.20 1.20 1.20 1.20 1.20 1.20 1.20 1.20 1.20 1.20 1.20 1.20 1.20 1.20 1.20 1.20 1.04 1.04 1.04 1.04 1.04 1.04 1.04 1.04 1.04 1.04 1.04 1.04 1.04 1.04 1.04 1.04 1.04 1.04 1.04 1.04 1.04 1.04 1.04 1.04 1.04 1.52 1.04 1.04 1.04 1.04 1.04 1.04
1.30 1.30 1.30 1.30 1.14 1.14 1.14 1.14 1.14 1.14 1.14 1.14 1.14 1.14 1.14 1.14 1.14 1.14 1.14 1.14 1.12 1.12 1.12 1.12 1.12 1.12 1.12 1.12 1.12 1.12 1.12 1.12 1.12 1.12 1.12 1.12 1.20 1.20 1.20 1.20 1.20 1.20 1.20 1.20 1.20 1.20 1.20 1.20 1.20 1.20 1.20 1.20 1.04 1.04 1.04 1.04 1.04 1.04 1.52 1.04 1.04 1.04 1.04 1.04 1.04 1.04 1.04 1.04 1.04 1.04 1.04 1.04 1.04 1.04 1.04 1.04 1.04 1.04 1.04 1.04 1.04 1.04 1.04 1.04
1.30 1.30 1.30 1.30 1.14 1.14 1.14 1.14 1.14 1.14 1.14 1.14 1.14 1.14 1.14 1.14 1.14 1.14 1.14 1.14 1.12 1.12 1.12 1.12 1.12 1.12 1.12 1.12 1.12 1.12 1.12 1.12 1.12 1.12 1.12 1.12 1.20 1.20 1.20 1.20 1.20 1.20 1.20 1.20 1.20 1.20 1.20 1.20 1.20 1.20 1.20 1.20 1.04 1.04 1.04 1.04 1.04 1.04 1.04 1.04 1.04 1.04 1.04 1.04 1.04 1.04 1.04 1.04 1.04 1.04 1.04 1.04 1.04 1.04 1.04 1.04 1.04 1.04 1.04 1.04 1.04 1.04 1.04 1.04
1.30 1.30 1.30 1.30 1.14 1.14 1.14 1.14 1.14 1.14 1.14 1.14 1.14 1.14 1.14 1.14 1.14 1.14 1.14 1.14 1.12 1.12 1.12 1.12 1.12 1.12 1.12 1.12 1.12 1.12 1.12 1.12 1.12 1.12 1.12 1.12 1.20 1.20 1.20 1.20 1.20 1.20 1.20 1.20 1.20 1.20 1.20 1.20 1.20 1.20 1.20 1.20 1.04 1.04 1.04 1.04 3.46 3.46 1.04 1.04 1.04 1.04 1.04 1.04 1.04 1.04 1.04 1.04 1.04 1.04 1.04 1.04 1.04 1.04 1.04 1.04 1.04 1.04 1.04 1.04 1.04 1.04 1.04 1.04
1.30 1.30 1.30 1.30 1.14 1.14 1.14 1.14 1.14 1.14 1.14 1.14 1.14 1.14 1.14 1.14 1.14 1.14 1.14 1.14 1.12 1.12 1.12 1.12 1.12 1.12 1.12 1.12 1.12 1.12 1.12 1.12 1.12 1.12 1.12 1.12 1.20 1.20 1.20 1.20 1.20 1.20 1.20 1.20 1.20 1.20 1.20 1.20 1.20 1.20 1.20 1.20 1.04 1.04 1.04 1.04 1.04 1.04 1.04 1.04 1.04 1.04 1.04 1.04 1.04 1.04 1.04 1.04 1.04 1.04 1.04 1.04 1.04 1.04 1.04 1.04 1.04 1.04 1.04 1.04 1.04 1.04 1.04 1.04
1.30 1.30 1.30 1.30 1.14 1.14 1.14 1.14 1.14 1.14 1.14 1.14 1.14 1.14 1.14 1.14 1.14 1.14 1.14 1.14 1.12 1.12 1.12 1.12 1.12 1.12 1.12 1.12 1.12 1.12 1.12 1.12 1.12 1.12 1.12 1.12 1.20 1.20 1.20 1.20 1.20 1.20 1.20 1.20 1.20 1.20 1.20 1.20 1.20 1.20 1.20 1.20 1.04 1.04 1.04 1.04 1.04 1.04 1.04 1.04 1.04 1.04 1.04 1.04 1.04 1.04 1.04 1.04 1.04 1.04 1.04 1.04 1.04 1.04 1.04 1.04 1.04 1.04 1.04 1.04 1.04 1.04 1.04 1.04
1.30 1.30 1.30 1.30 1.14 1.14 1.14 1.14 1.14 1.14 1.14 1.14 1.14 1.14 1.14 1.14 1.14 1.14 1.14 1.14 1.12 1.12 1.12 1.12 1.12 1.12 1.12 1.12 1.12 1.12 1.12 1.12 1.12 1.12 1.12 1.12 1.20 1.20 1.20 1.20 1.20 1.20 1.20 1.20 1.20 1.20 1.20 1.20 1.20 1.20 1.20 1.20 1.04 1.04 1.04 1.04 1.04 1.04 1.04 1.04 1.04 1.04 1.04 1.04 1.04 1.04 1.04 1.04 1.04 1.04 1.04 1.04 1.04 1.04 1.04 1.04 1.04 1.04 1.04 1.04 1.04 1.04 1.04 1.04
1.30 1.30 1.30 1.30 1.14 1.14 1.14 1.14 1.14 1.14 1.14 1.14 1.14 1.14 1.14 1.14 1.14 1.14 1.14 1.14 1.12 1.12 1.12 1.12 1.12 1.12 1.12 1.12 1.12 1.12 1.12 1.12 1.12 1.12 1.12 1.12 1.20 1.20 1.20 1.20 1.20 1.20 1.20 1.20 1.20 1.20 1.20 1.20 1.20 1.20 1.20 1.20 1.04 1.04 1.04 1.04 1.04 1.04 1.04 1.04 1.04 1.04 1.04 1.04 1.04 1.04 1.04 1.04 1.04 1.04 1.04 1.04 1.04 1.04 1.04 1.04 1.04 1.04 1.04 1.04 1.04 1.04 1.04 1.04
1.30 1.30 1.30 1.30 1.14 1.14 1.14 1.14 1.14 1.14 1.14 1.14 1.14 1.14 1.14 1.14 1.14 1.14 1.14 1.14 1.12 1.12 1.12 1.12 1.12 1.12 1.12 1.12 1.12 1.12 1.12 1.12 1.12 1.12 1.12 1.12 1.20 1.20 1.20 1.20 1.20 1.20 1.20 1.20 1.20 1.20 1.20 1.20 1.20 1.20 1.20 1.20 1.04 1.04 1.04 1.04 1.04 1.04 1.04 1.04 1.04 1.04 1.04 1.04 1.04 1.04 1.04 1.04 1.04 1.04 1.04 1.04 1.04 1.04 1.04 1.04 1.04 1.04 1.04 1.04 1.04 1.04 1.04 1.04
1.30 1.30 1.30 1.30 1.14 1.14 1.14 1.14 1.14 1.14 1.14 1.14 1.14 1.14 1.14 1.14 1.14 1.14 1.14 1.14 1.12 1.12 1.12 1.12 1.12 1.12 1.12 1.12 1.12 1.12 1.12 1.12 1.12 1.12 1.12 1.12 1.20 1.20 1.20 1.20 1.20 1.20 1.20 1.20 1.20 1.20 1.20 1.20 1.20 1.20 1.20 1.20 1.04 1.04 1.04 1.04 1.04 1.04 1.04 1.04 1.04 1.04 1.04 1.04 1.04 1.04 1.04 1.04 1.04 1.04 1.04 1.04 1.04 1.04 1.04 1.04 1.04 1.04 1.04 1.04 1.04 1.04 1.04 1.04
1.30 1.30 1.30 1.30 1.14 1.14 1.14 1.14 1.14 1.14 1.14 1.14 1.14 1.14 1.14 1.14 1.14 1.14 1.14 1.14 1.12 1.12 1.12 1.12 1.12 1.12 1.12 1.12 1.12 1.12 1.12 1.12 1.12 1.12 1.12 1.12 1.20 1.20 1.20 1.20 1.20 1.20 1.20 1.20 1.20 1.20 1.20 1.20 1.20 1.20 1.20 1.20 1.04 1.04 1.04 1.04 1.04 1.04 1.04 1.04 1.04 1.04 1.04 1.04 1.04 1.04 1.04 1.04 1.04 1.04 1.04 1.04 1.04 1.04 1.04 1.04 1.04 1.04 1.04 1.04 1.04 1.04 1.04 1.04
1.30 1.30 1.30 1.30 1.14 1.14 1.14 1.14 1.14 1.14 1.14 1.14 1.14 1.14 1.14 1.14 1.14 1.14 1.14 1.14 1.12 1.12 1.12 1.12 1.12 1.12 1.12 1.12 1.12 1.12 1.12 1.12 1.12 1.12 1.12 1.12 1.20 1.20 1.20 1.20 1.20 1.20 1.20 1.20 1.20 1.20 1.20 1.20 1.20 1.20 1.20 1.20 1.04 1.04 1.04 1.04 1.04 1.04 1.04 1.04 1.04 1.04 1.04 1.04 1.04 1.04 1.04 1.04 1.04 1.04 1.04 1.04 1.04 1.04 1.04 1.04 1.04 1.04 1.04 1.04 1.04 1.04 1.04 1.04
1.30 1.30 1.30 1.30 1.14 1.14 1.14 1.14 1.14 1.14 1.14 1.14 1.14 1.14 1.14 1.14 1.14 1.14 1.14 1.14 1.12 1.12 1.12 1.12 1.12 1.12 1.12 1.12 1.12 1.12 1.12 1.12 1.12 1.12 1.12 1.12 1.20 1.20 1.20 1.20 1.20 1.20 1.20 1.20 1.20 1.20 1.20 1.20 1.20 1.20 1.20 1.20 1.04 1.04 1.04 1.04 1.04 1.04 1.04 1.04 1.04 1.04 1.04 1.04 1.04 1.04 1.04 1.04 1.04 1.04 1.04 1.04 1.04 1.04 1.04 1.04 1.04 1.04 1.04 1.04 1.04 1.04 1.04 1.04
1.30 1.30 1.30 1.30 1.14 1.14 1.14 1.14 1.14 1.14 1.14 1.14 1.14 1.14 1.14 1.14 1.14 1.14 1.14 1.14 1.12 1.12 1.12 1.12 1.12 1.12 1.12 1.12 1.12 1.12 1.12 1.12 1.12 1.12 1.12 1.12 1.20 1.20 1.20 1.20 1.20 1.20 1.20 1.20 1.20 1.20 1.20 1.20 1.20 1.20 1.20 1.20 1.04 1.04 1.04 1.04 1.04 1.04 1.04 1.04 1.04 1.04 1.04 1.04 1.04 1.04 1.04 1.04 1.04 1.04 1.04 1.04 1.04 1.04 1.04 1.04 1.04 1.04 1.04 1.04 1.04 1.04 1.04 1.04
1.30 1.30 1.30 1.30 1.14 1.14 1.14 1.14 1.14 1.14 1.14 1.14 1.14 1.14 1.14 1.14 1.14 1.14 1.14 1.14 1.12 1.12 1.12 1.12 1.12 1.12 1.12 1.12 1.12 1.12 1.12 1.12 1.12 1.12 1.12 1.12 1.20 1.20 1.20 1.20 1.20 1.20 1.20 1.20 1.20 1.20 1.20 1.20 1.20 1.20 1.20 1.20 1.04 1.04 1.04 1.04 1.04 1.04 1.04 1.04 1.04 1.04 1.04 1.04 1.04 1.04 1.04 1.04 1.04 1.04 1.04 1.04 1.04 1.04 1.04 3.46 1.04 1.04 1.04 1.04 1.04 1.04 1.04 1.04
1.30 1.30 1.30 1.30 1.14 1.14 1.14 1.14 1.14 1.14 1.14 1.14 1.14 1.14 1.14 1.14 1.14 1.14 1.14 1.14 1.12 1.12 1.12 1.12 1.12 1.12 1.12 1.12 1.12 1.12 1.12 1.12 1.12 1.12 1.12 1.12 1.20 1.20 1.20 1.20 1.20 1.20 1.20 1.20 1.20 1.20 1.20 1.20 1.20 1.20 1.20 1.20 1.04 1.04 1.04 1.04 1.04 1.04 1.04 1.04 1.04 1.04 1.04 1.04 1.04 1.04 1.04 1.04 1.04 1.04 1.04 1.04 1.04 4.08 1.04 3.46 1.04 1.04 1.04 1.04 1.04 1.04 1.04 1.04
1.17 1.17 1.17 1.17 1.08 1.08 1.08 1.08 1.08 1.08 1.08 1.08 1.08 1.08 1.08 1.08 1.08 1.08 1.08 1.08 1.24 1.24 1.24 1.24 1.24 1.24 1.24 1.24 1.24 1.24 1.24 1.24 1.24 1.24 1.24 1.24 1.23 1.23 1.23 1.23 1.23 1.23 1.23 1.23 1.23 1.23 1.23 1.23 1.23 1.23 1.23 1.23 1.14 1.14 1.14 1.14 1.14 1.14 1.14 1.14 1.14 3.60 1.14 1.14 1.14 1.14 1.14 1.14 1.17 1.17 3.59 3.59 3.59 4.61 3.55 3.91 1.17 1.17 1.17 1.17 1.17 1.17 1.17 1.17
1.17 1.17 1.17 1.17 1.08 1.08 1.08 1.08 1.08 1.08 1.08 1.08 1.08 1.08 1.08 1.08 1.08 1.08 1.08 1.08 1.24 1.24 1.24 1.24 1.24 1.24 1.24 1.24 1.24 1.24 1.24 1.24 1.24 1.24 1.24 1.24 1.23 1.23 1.23 1.23 1.23 1.23 1.23 1.23 1.23 1.23 1.23 1.23 1.23 1.23 1.23 1.23 1.14 1.14 1.14 1.14 1.14 1.14 1.14 1.14 1.14 1.14 1.14 3.60 1.14 1.14 1.14 1.14 1.17 1.17 3.91 3.55 3.55 1.17 1.17 1.17 1.17 1.17 1.17 1.17 1.17 1.17 1.17 1.17
1.17 1.17 1.17 1.17 1.08 1.08 1.08 1.08 1.08 1.08 1.08 1.08 1.08 1.08 1.08 1.08 1.08 1.08 1.08 1.08 1.24 1.24 1.24 1.24 1.24 1.24 1.24 1.24 1.24 1.24 1.24 1.24 1.24 1.24 1.24 1.24 1.23 1.23 1.23 1.23 1.23 1.23 1.23 1.23 1.23 1.23 1.23 1.23 1.23 1.23 1.23 1.23 1.14 1.14 1.14 1.14 1.14 1.14 1.14 1.14 1.14 1.14 1.14 1.67 3.60 1.14 1.14 3.73 3.91 1.17 4.61 3.91 4.61 3.55 1.17 1.17 1.17 1.17 1.17 1.17 1.17 1.17 1.17 1.17
1.17 1.17 1.17 1.17 1.08 1.08 1.08 1.08 1.08 1.08 1.08 1.08 1.08 1.08 1.08 1.08 1.08 1.08 1.08 1.08 1.24 1.24 1.24 1.24 1.24 1.24 1.24 1.24 1.24 1.24 1.24 1.24 1.24 1.24 1.24 1.24 1.23 1.23 1.23 1.23 1.23 1.23 1.23 1.23 1.23 1.23 1.23 1.23 1.23 1.23 1.23 1.23 1.14 1.14 1.14 1.14 1.14 1.14 1.14 1.14 1.14 1.14 1.14 1.14 3.60 1.14 1.14 3.73 3.79 4.61 4.61 3.91 3.55 3.55 1.17 1.17 1.17 1.17 1.17 1.17 1.17 1.17 1.17 1.17
1.17 1.17 1.17 1.17 1.08 1.08 1.08 1.08 1.08 1.08 1.08 1.08 1.08 1.08 1.08 1.08 1.08 1.08 1.08 1.08 1.24 1.24 1.24 1.24 1.24 1.24 1.24 1.24 1.24 1.24 1.24 1.24 1.24 1.24 1.24 1.24 1.23 1.23 1.23 1.23 1.23 1.23 1.23 1.23 1.23 1.23 1.23 1.23 1.23 1.23 1.23 1.23 1.14 1.14 1.14 1.14 1.14 1.14 1.14 1.14 1.14 1.14 1.14 1.67 1.14 1.14 1.14 1.14 3.79 4.53 4.53 3.55 3.55 1.17 1.17 1.17 1.17 1.17 1.17 1.17 1.17 1.17 1.17 1.17
1.17 1.17 1.17 1.17 1.08 1.08 1.08 1.08 1.08 1.08 1.08 1.08 1.08 1.08 1.08 1.08 1.08 1.08 1.08 1.08 1.24 1.24 1.24 1.24 1.24 1.24 1.24 1.24 1.24 1.24 1.24 1.24 1.24 1.24 1.24 1.24 1.23 1.23 1.23 1.23 1.23 1.23 1.23 1.23 1.23 1.23 1.23 1.23 1.23 1.23 1.23 1.23 1.14 1.14 1.14 1.14 1.14 1.14 1.14 1.14 1.14 1.14 1.14 1.14 3.45 1.14 1.14 1.14 1.17 3.55 4.53 3.55 3.55 1.17 3.91 1.17 1.17 1.17 1.17 1.17 1.17 1.17 1.17 1.17
1.17 1.17 1.17 1.17 1.08 1.08 1.08 1.08 1.08 1.08 1.08 1.08 1.08 1.08 1.08 1.08 1.08 1.08 1.08 1.08 1.24 1.24 1.24 1.24 1.24 1.24 1.24 1.24 1.24 1.24 1.24 1.24 1.24 1.24 1.24 1.24 1.23 1.23 1.23 1.23 1.23 1.23 1.23 1.23 1.23 1.23 1.23 1.23 1.23 3.89 1.23 1.23 1.14 1.14 1.14 1.14 1.14 1.14 1.14 1.14 1.14 1.14 1.14 1.14 3.45 3.45 3.71 3.73 3.82 3.55 4.53 4.53 3.55 3.84 3.91 1.17 1.17 1.17 1.17 1.17 1.17 1.17 1.17 1.17
1.17 1.17 1.17 1.17 1.08 1.08 1.08 1.08 1.08 1.08 1.08 1.08 1.08 1.08 1.08 1.08 1.08 1.08 1.08 1.08 1.24 1.24 1.24 1.24 1.24 1.24 4.04 1.24 1.24 1.24 1.24 1.24 1.24 1.24 1.24 1.24 1.23 1.23 1.23 1.23 1.23 1.23 1.23 1.23 1.23 1.23 1.23 1.23 1.80 1.23 1.23 1.23 1.14 1.14 1.14 1.14 1.14 1.14 1.14 1.14 1.14 1.14 1.14 1.14 3.45 3.45 3.45 3.45 3.55 4.53 4.53 4.59 3.24 3.84 3.84 1.17 1.17 1.17 1.17 1.17 1.17 1.17 1.17 1.17
1.17 1.17 1.17 1.17 1.08 1.08 1.08 1.08 1.08 1.08 1.08 1.08 1.08 3.41 1.08 1.08 1.08 1.08 1.08 1.08 1.24 1.24 1.24 4.09 4.09 1.24 1.24 1.24 1.24 1.24 1.24 1.24 1.24 1.24 1.24 1.24 1.23 1.23 1.23 1.23 1.23 1.23 1.23 1.23 1.23 1.23 1.23 1.23 1.23 1.23 1.23 1.23 1.14 1.14 1.14 1.14 1.14 1.14 1.14 1.14 1.14 1.14 1.14 1.67 3.45 3.75 3.75 4.42 3.55 4.59 4.53 4.53 4.53 3.84 4.53 4.61 3.75 4.61 1.17 1.17 1.17 4.61 4.61 3.03
1.17 1.17 1.17 1.17 1.08 1.08 1.08 1.08 1.08 1.08 1.08 1.08 1.08 3.26 3.26 3.57 1.08 1.08 1.08 1.08 1.24 3.94 3.94 4.09 4.09 1.24 1.24 1.24 1.82 1.24 1.24 1.24 1.24 1.24 1.24 4.04 3.96 3.99 1.23 1.23 1.23 1.23 1.23 1.23 1.23 1.23 1.23 1.23 1.23 1.23 1.23 1.23 1.14 1.14 1.14 1.14 1.14 1.14 1.14 1.14 1.14 1.14 1.14 1.14 3.45 3.45 4.42 4.42 3.84 4.53 4.53 4.53 4.53 4.53 3.75 3.75 3.75 3.75 3.75 4.61 3.75 4.61 3.75 4.61
1.17 1.17 1.17 1.17 1.08 1.08 1.08 1.08 1.08 1.08 1.08 1.08 1.08 3.26 3.57 3.57 1.08 1.08 1.08 1.08 1.24 3.94 4.09 4.09 4.01 4.01 3.77 1.24 1.24 1.24 1.24 1.24 1.24 1.24 1.24 1.24 0.37 4.63 1.23 1.23 1.23 1.23 1.23 1.23 1.23 1.23 1.23 1.23 1.23 1.23 1.23 1.23 1.14 1.14 1.14 1.14 1.14 1.14 1.14 1.67 1.67 1.14 1.14 1.14 1.67 3.75 4.42 1.33 3.84 3.84 4.53 4.53 4.53 3.75 3.75 3.75 4.61 4.61 4.61 0.00 3.75 4.61 3.75 3.75
1.17 1.17 1.17 1.17 1.08 1.08 1.08 1.08 1.08 1.08 1.08 1.08 1.08 3.26 1.08 1.08 1.08 1.08 1.08 1.08 1.24 4.09 4.09 4.09 4.01 4.69 4.69 1.24 1.24 1.24 1.24 1.24 1.24 1.24 1.24 1.24 1.23 3.38 3.96 1.23 1.23 1.23 1.23 1.23 1.23 1.23 1.23 1.23 1.23 1.23 1.23 1.23 1.14 1.14 3.45 3.45 3.60 1.14 1.67 3.60 3.60 3.60 1.14 1.14 1.14 3.75 4.42 3.21 1.36 3.24 3.24 3.24 4.61 3.75 4.61 4.61 4.61 4.61 4.61 0.00 0.00 0.00 4.61 4.61
1.17 1.17 1.17 1.17 1.08 1.08 1.08 1.08 1.08 1.08 1.08 1.08 3.57 3.57 1.08 1.08 1.08 1.08 1.08 1.08 1.24 1.24 4.09 4.09 4.69 4.69 3.77 1.24 1.24 1.24 1.24 1.24 1.82 1.24 1.24 1.24 3.73 3.38 3.96 1.23 1.23 1.80 1.23 1.23 1.23 1.23 1.23 1.23 1.23 1.23 1.23 3.99 1.14 1.14 3.45 3.71 3.75 3.45 1.67 3.60 3.60 3.60 1.14 1.14 1.14 3.71 4.42 4.42 3.24 4.59 3.24 3.75 4.61 4.61 3.91 3.91 4.61 3.55 0.00 0.00 0.00 0.00 0.00 1.17
1.17 1.17 1.17 1.17 1.08 1.08 1.08 1.58 1.08 1.08 1.08 3.26 3.57 3.57 1.08 1.08 1.08 1.08 1.08 1.08 1.24 1.24 1.24 4.81 4.69 4.01 1.24 1.24 1.24 1.24 1.24 1.24 1.82 1.24 1.82 1.24 1.23 1.23 3.38 4.63 3.73 3.73 1.80 1.23 1.23 1.23 1.23 1.23 1.23 1.23 1.23 3.99 1.14 3.73 3.45 4.42 3.45 3.45 4.42 4.39 3.60 1.67 3.60 1.14 3.45 3.75 4.47 4.42 1.36 3.24 4.61 4.61 3.55 3.91 4.61 4.61 4.61 3.55 0.00 0.00 0.00 0.00 0.00 0.00
1.17 1.17 1.17 1.17 1.08 1.08 1.08 1.08 1.08 3.41 1.08 3.57 3.59 3.59 1.08 1.08 1.08 1.08 1.08 1.08 1.24 1.24 4.09 4.81 4.01 1.24 1.24 1.24 1.24 1.24 1.24 1.24 1.82 4.13 4.13 1.24 1.23 1.23 3.99 1.39 3.96 3.73 3.73 1.23 1.23 1.23 1.23 1.23 1.23 1.23 1.23 3.99 3.73 3.73 4.44 4.42 4.42 1.33 4.42 3.45 3.60 3.60 4.47 3.21 3.21 4.42 4.42 4.42 3.84 4.61 3.91 3.91 3.55 4.61 4.61 3.55 4.61 4.61 0.00 0.00 0.00 0.00 0.00 0.00
1.17 1.17 1.17 1.17 1.08 1.08 1.08 1.08 3.41 3.57 3.26 3.59 1.08 3.41 1.08 1.08 1.08 1.08 1.08 1.08 1.24 1.24 4.69 4.69 4.69 1.24 1.24 1.24 1.24 1.24 1.24 4.13 1.24 4.13 4.13 1.24 1.23 1.23 1.23 4.68 4.72 4.63 4.63 1.23 1.23 1.23 1.23 1.23 1.23 1.23 1.23 1.23 1.14 3.73 4.35 4.42 4.42 4.42 3.21 3.21 3.71 4.39 3.21 3.21 3.21 3.45 3.75 4.42 3.55 3.55 3.91 3.71 3.91 4.61 3.55 4.61 4.61 4.61 3.55 0.00 0.00 0.00 0.00 0.00
1.18 1.18 1.18 1.18 1.06 1.06 1.06 1.06 1.06 3.52 3.52 1.06 1.55 1.55 1.55 1.06 1.06 1.06 1.06 1.06 1.26 1.26 4.73 4.73 4.73 1.26 1.26 1.26 1.26 1.26 1.26 4.18 4.18 4.18 4.18 1.26 1.11 1.11 1.11 1.11 4.27 4.33 4.35 3.37 3.37 1.11 1.11 1.11 3.51 1.11 1.63 3.51 1.20 3.90 3.87 3.93 4.62 4.62 3.27 3.27 4.70 3.93 3.27 3.27 3.65 3.65 3.93 3.81 2.15 2.36 2.79 2.79 2.36 2.79 2.79 2.15 2.36 2.15 2.15 0.00 0.00 0.00 0.00 0.00
1.18 1.18 1.18 1.18 1.06 1.06 1.06 1.06 1.06 3.52 3.52 3.53 3.36 3.36 1.55 1.06 1.06 1.06 1.06 3.53 1.26 1.26 4.04 4.04 1.26 1.26 1.26 1.26 1.26 1.26 1.26 4.18 4.18 4.18 4.18 4.18 1.11 1.11 1.11 3.63 4.27 4.33 4.33 1.11 1.11 1.11 1.11 1.11 1.63 3.65 3.51 3.51 3.81 3.90 3.87 3.27 3.27 3.27 1.39 4.62 3.27 3.93 3.27 3.28 3.28 4.74 3.65 3.81 2.15 2.24 2.15 2.79 2.36 2.79 2.79 2.79 2.79 2.79 0.00 0.00 0.00 0.00 0.00 0.00
