New_Model_Runs/5_FutureClimate_BASE_out/post_prcessed_with_MFR/Monthly_summaries/actual_et_monthly_SEP.asc
NCOLS 700
NROWS 400
XLLCENTER 515000.000000
YLLCENTER 8409000.000000
CELLSIZE 50.000000
NODATA_value -999.000000
[rows 152 to 189 of 400, columns 336 to 419 of 700]
3.03 2.72 1.09 1.09 1.09 2.72 2.68 2.68 2.68 1.09 1.09 1.09 1.09 1.09 1.09 1.09 1.07 1.07 1.07 1.07 1.07 1.07 1.07 1.07 1.07 1.07 1.26 3.25 3.25 3.25 3.25 3.25 3.17 3.17 3.17 4.11 4.11 3.17 3.17 1.05 1.05 2.35 2.63 2.38 2.38 2.43 1.26 1.26 1.26 0.00 0.00 0.00 0.00 0.00 0.00 0.00 0.00 0.00 0.00 0.00 0.00 0.00 0.00 0.00 0.00 0.00 0.00 0.00 0.00 0.00 0.00 0.00 0.00 0.00 0.00 0.00 0.00 0.00 0.00 0.00 0.00 0.00 0.00 0.00
3.03 3.03 3.03 2.68 2.68 2.68 2.68 1.09 2.68 1.09 1.09 1.09 1.09 1.09 1.09 1.09 1.07 1.07 1.07 1.07 1.07 1.07 1.07 1.07 1.07 4.20 4.20 4.20 1.26 4.20 3.25 1.26 4.11 4.11 4.11 4.11 2.51 2.51 2.38 1.05 1.05 2.35 2.63 2.51 2.51 1.26 1.26 1.26 1.26 0.00 0.00 0.00 0.00 0.00 0.00 0.00 0.00 0.00 0.00 0.00 0.00 0.00 0.00 0.00 0.00 0.00 0.00 0.00 0.00 0.00 0.00 0.00 0.00 0.00 0.00 0.00 0.00 0.00 0.00 0.00 0.00 0.00 0.00 0.00
3.07 2.66 2.66 3.07 3.07 2.72 1.09 1.09 1.09 1.09 1.09 1.09 1.09 1.09 1.09 1.09 1.07 1.07 1.07 1.07 1.07 1.07 1.07 1.07 1.07 1.07 1.07 1.07 4.20 4.20 4.20 4.20 3.17 4.11 2.51 2.51 2.51 2.29 2.38 2.35 1.05 2.27 2.27 2.51 1.26 2.51 2.51 2.51 1.26 2.51 0.00 0.00 0.00 0.00 0.00 0.00 0.00 0.00 0.00 0.00 0.00 0.00 0.00 0.00 0.00 0.00 0.00 0.00 0.00 0.00 0.00 0.00 0.00 0.00 0.00 0.00 0.00 0.00 0.00 0.00 0.00 0.00 0.00 0.00
1.09 2.68 2.66 2.68 2.68 2.68 2.68 1.09 1.09 1.09 1.09 1.09 1.09 1.09 1.09 1.09 1.07 1.07 1.07 1.07 1.07 1.07 1.07 1.07 1.07 1.07 1.07 1.07 3.24 3.56 3.25 2.53 2.51 2.51 2.51 2.29 2.27 2.35 2.35 1.05 2.35 2.29 1.26 2.51 1.26 1.26 2.51 2.51 1.26 2.51 0.00 0.00 0.00 0.00 0.00 0.00 0.00 0.00 0.00 0.00 0.00 0.00 0.00 0.00 0.00 0.00 0.00 0.00 0.00 0.00 0.00 0.00 0.00 0.00 0.00 0.00 0.00 0.00 0.00 0.00 0.00 0.00 0.00 0.00
3.07 2.68 2.68 2.68 1.09 1.09 1.09 1.09 1.09 1.09 1.09 1.09 1.09 1.09 1.09 1.09 1.07 1.07 1.07 1.07 1.07 1.07 1.07 1.07 1.07 1.07 1.07 1.07 2.40 2.53 2.29 2.53 2.51 2.51 2.51 2.38 2.38 1.05 1.05 1.05 2.35 2.27 1.26 2.51 2.51 1.26 2.51 1.26 1.26 1.26 0.00 0.00 0.00 0.00 0.00 0.00 0.00 0.00 0.00 0.00 0.00 0.00 0.00 0.00 0.00 0.00 0.00 0.00 0.00 0.00 0.00 0.00 0.00 0.00 0.00 0.00 0.00 0.00 0.00 0.00 0.00 0.00 0.00 0.00
2.68 2.68 1.09 2.68 1.09 1.09 1.09 1.09 1.09 1.09 1.09 1.09 1.09 1.09 1.09 1.09 1.07 1.07 1.07 1.07 1.07 1.07 1.07 1.07 1.07 1.07 1.07 2.40 2.40 1.07 2.29 2.53 2.51 2.35 2.38 2.38 1.05 1.05 1.05 1.05 2.35 2.38 2.83 1.26 0.75 1.26 1.26 2.51 0.75 1.26 1.26 0.00 0.00 0.00 0.00 0.00 0.00 0.00 0.00 0.00 0.00 0.00 0.00 0.00 0.00 0.00 0.00 0.00 0.00 0.00 0.00 0.00 0.00 0.00 0.00 0.00 0.00 0.00 0.00 0.00 0.00 0.00 0.00 0.00
1.09 2.68 1.09 1.09 1.09 1.09 1.09 2.68 2.68 1.09 1.09 1.09 1.09 1.09 1.09 1.09 1.07 1.07 1.07 1.07 1.07 1.07 1.07 1.07 1.07 1.07 1.07 1.07 1.07 1.07 2.37 2.37 2.35 2.35 1.05 2.35 1.05 1.05 1.05 1.05 1.05 1.05 1.26 1.26 2.51 2.51 1.26 1.26 1.26 1.26 2.51 0.00 0.00 0.00 0.00 0.00 0.00 0.00 0.00 0.00 0.00 0.00 0.00 0.00 0.00 0.00 0.00 0.00 0.00 0.00 0.00 0.00 0.00 0.00 0.00 0.00 0.00 0.00 0.00 0.00 0.00 0.00 0.00 0.00
1.09 1.09 2.68 1.09 1.09 1.09 2.68 2.68 2.68 1.09 1.09 1.09 1.09 1.09 1.09 1.09 1.07 1.07 1.07 1.07 1.07 1.07 1.07 1.07 1.07 1.07 1.07 1.07 1.07 1.07 2.40 1.07 1.05 1.05 1.05 1.05 1.05 1.05 1.05 1.05 1.05 2.35 1.26 2.51 2.51 2.51 1.26 1.26 1.26 1.26 1.26 0.00 0.00 0.00 0.00 0.00 0.00 0.00 0.00 0.00 0.00 0.00 0.00 0.00 0.00 0.00 0.00 0.00 0.00 0.00 0.00 0.00 0.00 0.00 0.00 0.00 0.00 0.00 0.00 0.00 0.00 0.00 0.00 0.00
1.09 1.09 2.68 1.09 1.09 1.09 2.68 2.68 1.09 1.09 1.09 1.09 1.09 1.09 1.09 1.09 1.07 1.07 1.07 1.07 1.07 1.07 1.07 1.07 1.07 1.07 1.07 1.07 1.07 1.07 1.07 1.07 1.05 1.05 1.05 1.05 1.05 1.05 1.05 1.05 1.05 2.63 2.63 2.27 2.27 2.51 2.27 2.51 2.27 2.27 1.05 1.26 0.00 0.00 0.00 0.00 0.00 0.00 0.00 0.00 0.00 0.00 0.00 0.00 0.00 0.00 0.00 0.00 0.00 0.00 0.00 0.00 0.00 0.00 0.00 0.00 0.00 0.00 0.00 0.00 0.00 0.00 0.00 0.00
1.09 2.68 2.68 1.09 1.09 1.09 2.68 2.68 2.68 1.09 1.09 2.90 1.09 1.09 1.09 1.09 1.07 1.07 1.07 1.07 1.07 1.07 1.07 1.07 1.07 1.07 1.07 1.07 1.07 1.07 1.07 1.07 1.05 1.05 1.05 1.05 1.05 1.05 1.05 1.05 2.38 2.38 2.38 2.35 2.35 2.35 2.35 2.35 2.35 2.35 2.35 2.51 1.26 1.26 1.22 1.26 0.00 0.00 0.00 0.00 0.00 0.00 0.00 0.00 0.00 0.00 0.00 0.00 0.00 0.00 0.00 0.00 0.00 0.00 0.00 0.00 0.00 0.00 0.00 0.00 0.00 0.00 0.00 0.00
0.96 0.96 0.96 0.96 0.96 0.96 0.96 0.96 2.68 0.96 0.96 0.96 0.96 0.96 0.96 0.96 0.88 0.88 0.88 0.88 0.88 0.88 0.88 0.88 0.88 0.88 0.88 0.88 0.88 0.88 0.88 0.88 1.04 1.04 1.04 1.04 1.04 1.04 1.04 1.04 1.04 1.04 1.04 2.35 2.35 1.04 1.04 1.04 1.05 2.36 2.36 2.52 2.52 1.27 1.27 1.27 1.27 1.27 1.27 1.27 0.00 0.00 0.00 0.00 0.00 0.00 0.00 0.00 0.00 0.00 0.00 0.00 0.00 0.00 0.00 0.00 0.00 0.00 0.00 0.00 0.00 0.00 0.00 0.00
0.96 0.96 0.96 0.96 0.96 0.96 0.96 0.96 0.96 0.96 0.96 0.96 0.96 0.96 0.96 0.96 0.88 0.88 0.88 0.88 0.88 0.88 0.88 0.88 0.88 0.88 0.88 0.88 0.88 0.88 0.88 0.88 1.04 1.04 1.04 1.04 1.04 1.04 1.04 1.04 1.04 1.04 1.04 1.04 1.04 1.04 1.04 1.04 1.05 1.05 1.05 2.52 1.51 2.52 1.27 1.27 1.27 1.05 1.05 0.76 2.84 0.00 0.00 0.00 0.00 0.00 0.00 0.00 0.00 0.00 0.00 0.00 0.00 0.00 0.00 0.00 0.00 0.00 0.00 0.00 0.00 0.00 0.00 0.00
0.96 0.96 0.96 0.96 0.96 0.96 0.96 0.96 0.96 0.96 0.96 0.96 0.96 0.96 0.96 0.96 0.88 0.88 0.88 0.88 0.88 0.88 0.88 0.88 0.88 0.88 0.88 0.88 0.88 0.88 0.88 0.88 1.04 1.04 1.04 1.04 1.04 1.04 1.04 1.04 1.04 1.04 1.04 1.04 1.04 1.04 1.04 1.04 1.05 1.05 2.36 2.84 2.29 2.52 1.27 1.27 1.05 1.05 1.05 1.05 1.29 2.63 1.18 0.00 0.00 0.00 0.00 0.00 0.00 0.00 0.00 0.00 0.00 0.00 0.00 0.00 0.00 0.00 0.00 0.00 0.00 0.00 0.00 0.00
0.96 0.96 0.96 0.96 0.96 0.96 0.96 0.96 0.96 0.96 0.96 0.96 0.96 0.96 0.96 0.96 0.88 0.88 0.88 0.88 0.88 0.88 0.88 0.88 0.88 0.88 0.88 0.88 0.88 0.88 0.88 0.88 1.04 1.04 1.04 1.04 1.04 1.04 1.04 1.04 1.04 1.04 1.04 1.04 1.04 1.04 1.04 1.04 1.05 2.36 2.36 2.84 2.29 1.27 0.76 2.52 1.05 1.05 1.05 1.05 1.05 1.05 1.05 1.05 0.00 0.00 0.00 0.00 0.00 0.00 0.00 0.00 0.00 0.00 0.00 0.00 0.00 0.00 0.00 0.00 0.00 0.00 0.00 0.00
0.96 0.96 0.96 0.96 0.96 0.96 0.96 0.96 0.96 0.96 0.96 0.96 0.96 0.96 0.96 0.96 0.88 0.88 0.88 0.88 0.88 0.88 0.88 0.88 0.88 0.88 0.88 0.88 0.88 0.88 0.88 0.88 1.04 1.04 1.04 1.04 1.04 1.04 1.04 1.04 1.04 1.04 1.04 1.04 1.04 1.04 1.04 1.04 1.05 2.38 2.38 2.38 2.52 2.27 2.27 2.27 1.05 1.05 1.05 1.05 1.05 1.05 1.05 1.05 0.00 0.00 0.00 0.00 0.00 0.00 0.00 0.00 0.00 0.00 0.00 0.00 0.00 0.00 0.00 0.00 0.00 0.00 0.00 0.00
0.96 0.96 0.96 0.96 0.96 0.96 0.96 0.96 0.96 0.96 0.96 0.96 0.96 0.96 0.96 0.96 0.88 0.88 0.88 0.88 0.88 0.88 0.88 0.88 0.88 0.88 0.88 0.88 0.88 0.88 0.88 0.88 1.04 1.04 1.04 1.04 1.04 1.04 1.04 1.04 1.04 1.04 1.04 1.04 1.04 1.04 1.04 1.04 2.36 2.36 1.53 2.38 2.27 2.27 2.27 2.27 1.05 1.05 1.05 2.36 2.38 1.05 2.36 1.05 0.00 0.00 0.00 0.00 0.00 0.00 0.00 0.00 0.00 0.00 0.00 0.00 0.00 0.00 0.00 0.00 0.00 0.00 0.00 0.00
0.96 0.96 0.96 0.96 0.96 0.96 0.96 0.96 0.96 0.96 0.96 0.96 0.96 0.96 0.96 0.96 0.88 0.88 0.88 0.88 0.88 0.88 0.88 0.88 0.88 0.88 0.88 0.88 0.88 0.88 0.88 0.88 1.04 1.04 1.04 1.04 1.04 1.04 1.04 1.04 2.42 2.35 1.52 1.04 1.04 1.04 1.04 1.04 1.05 2.36 1.05 1.05 1.05 1.05 1.05 1.05 1.05 1.05 1.05 2.36 2.38 1.29 0.00 0.00 0.00 0.00 0.00 0.00 0.00 0.00 0.00 0.00 0.00 0.00 0.00 0.00 0.00 0.00 0.00 0.00 0.00 0.00 0.00 0.00
0.96 0.96 0.96 0.96 0.96 0.96 0.96 0.96 0.96 0.96 0.96 0.96 0.96 0.96 0.96 0.96 0.88 0.88 0.88 0.88 0.88 0.88 0.88 0.88 0.88 0.88 0.88 0.88 0.88 0.88 0.88 0.88 1.04 1.04 1.04 1.04 1.04 1.04 1.04 1.04 2.37 1.04 1.52 1.04 1.04 1.04 1.04 1.04 1.05 1.05 1.05 1.05 1.05 1.05 1.05 2.36 2.36 2.36 2.36 2.36 0.00 0.00 0.00 0.00 0.00 0.00 0.00 0.00 0.00 0.00 0.00 0.00 0.00 0.00 0.00 0.00 0.00 0.00 0.00 0.00 0.00 0.00 0.00 0.00
0.96 0.96 0.96 0.96 0.96 0.96 0.96 0.96 0.96 0.96 0.96 0.96 0.96 0.96 0.96 0.96 0.88 0.88 0.88 0.88 0.88 0.88 0.88 0.88 0.88 0.88 0.88 2.44 1.28 0.88 0.88 0.88 1.04 1.04 1.04 1.04 1.04 1.04 1.04 1.04 2.37 1.52 1.04 1.04 1.04 1.04 1.04 1.04 1.05 1.05 1.05 1.05 1.05 2.36 2.36 2.36 2.36 1.05 1.05 0.00 0.00 0.00 0.00 0.00 0.00 0.00 0.00 0.00 0.00 0.00 0.00 0.00 0.00 0.00 0.00 0.00 0.00 0.00 0.00 0.00 0.00 0.00 0.00 0.00
0.96 0.96 0.96 0.96 0.96 0.96 0.96 0.96 0.96 0.96 0.96 0.96 0.96 0.96 0.96 0.96 0.88 0.88 0.88 0.88 0.88 0.88 0.88 0.88 0.88 0.88 0.88 2.44 2.44 0.88 0.88 0.88 1.04 1.04 1.04 1.04 1.04 1.04 2.35 1.04 1.04 2.37 1.04 1.04 2.35 2.35 1.04 1.04 1.05 1.05 1.05 1.05 1.05 2.36 2.63 1.27 1.27 1.27 0.00 0.00 0.00 0.00 0.00 0.00 0.00 0.00 0.00 0.00 0.00 0.00 0.00 0.00 0.00 0.00 0.00 0.00 0.00 0.00 0.00 0.00 0.00 0.00 0.00 0.00
0.96 0.96 0.96 0.96 0.96 0.96 0.96 0.96 0.96 0.96 0.96 0.96 0.96 0.96 0.96 0.96 0.88 0.88 0.88 0.88 0.88 0.88 0.88 0.88 0.88 0.88 0.88 2.44 2.44 0.88 0.88 0.88 1.04 1.04 1.04 1.04 1.04 1.04 2.35 2.35 1.04 1.04 1.04 1.04 2.27 2.29 1.04 1.04 1.05 2.38 2.36 1.05 2.36 1.29 0.76 0.76 1.27 1.27 0.00 0.00 0.00 0.00 0.00 0.00 0.00 0.00 0.00 0.00 0.00 0.00 0.00 0.00 0.00 0.00 0.00 0.00 0.00 0.00 0.00 0.00 0.00 0.00 0.00 0.00
0.96 0.96 0.96 0.96 0.96 0.96 0.96 0.96 0.96 0.96 0.96 0.96 0.96 0.96 0.96 0.96 0.88 0.88 0.88 0.88 0.88 0.88 0.88 0.88 0.88 0.88 0.88 2.44 2.44 2.36 2.36 2.36 1.04 2.29 1.04 1.04 1.04 1.04 1.04 2.37 2.29 1.04 1.04 1.04 2.51 2.51 1.04 1.04 2.36 2.38 2.36 2.27 2.52 2.84 1.27 2.52 0.00 0.00 0.00 0.00 0.00 0.00 0.00 0.00 0.00 0.00 0.00 0.00 0.00 0.00 0.00 0.00 0.00 0.00 0.00 0.00 0.00 0.00 0.00 0.00 0.00 0.00 0.00 0.00
0.96 0.96 0.96 0.96 0.96 0.96 0.96 0.96 0.96 0.96 0.96 0.96 0.96 0.96 0.96 0.96 0.88 0.88 0.88 0.88 0.88 0.88 0.88 0.88 0.88 0.88 0.88 0.88 0.88 0.88 0.88 0.88 2.51 2.51 1.04 1.04 1.04 1.04 2.35 2.51 2.51 2.27 2.35 1.04 1.26 2.83 1.04 1.04 2.36 2.36 2.27 2.52 0.00 0.00 0.00 0.00 0.00 0.00 0.00 0.00 0.00 0.00 0.00 0.00 0.00 0.00 0.00 0.00 0.00 0.00 0.00 0.00 0.00 0.00 0.00 0.00 0.00 0.00 0.00 0.00 0.00 0.00 0.00 0.00
0.96 0.96 0.96 0.96 0.96 0.96 0.96 0.96 0.96 0.96 0.96 0.96 0.96 0.96 0.96 0.96 0.88 0.88 0.88 0.88 0.88 0.88 0.88 0.88 0.88 0.88 0.88 0.88 0.88 0.88 0.88 2.15 1.26 1.26 1.04 1.04 1.26 1.26 1.26 2.51 0.75 1.26 1.26 1.04 0.75 2.51 2.83 1.04 1.05 2.52 2.52 0.00 0.00 0.00 0.00 0.00 0.00 0.00 0.00 0.00 0.00 0.00 0.00 0.00 0.00 0.00 0.00 0.00 0.00 0.00 0.00 0.00 0.00 0.00 0.00 0.00 0.00 0.00 0.00 0.00 0.00 0.00 0.00 0.00
0.96 0.96 2.82 2.82 0.96 0.96 0.96 0.96 0.96 0.96 0.96 0.96 0.96 0.96 0.96 0.96 0.88 0.88 0.88 0.88 0.88 0.88 0.88 0.88 0.88 0.88 0.88 0.88 0.88 0.88 0.88 0.88 2.51 2.51 1.26 2.51 2.51 2.51 2.51 2.83 1.26 1.26 1.26 1.26 1.26 2.51 1.26 1.26 1.26 2.52 0.00 0.00 0.00 0.00 0.00 0.00 0.00 0.00 0.00 0.00 0.00 0.00 0.00 0.00 0.00 0.00 0.00 0.00 0.00 0.00 0.00 0.00 0.00 0.00 0.00 0.00 0.00 0.00 0.00 0.00 0.00 0.00 0.00 0.00
0.96 0.96 0.96 2.82 2.82 0.96 0.96 0.96 0.96 0.96 0.96 0.96 0.96 0.96 0.96 0.96 0.88 0.88 0.88 0.88 0.88 0.88 0.88 0.88 0.88 0.88 0.88 0.88 0.88 0.88 0.88 0.88 1.04 1.04 2.83 0.75 2.51 2.51 2.51 2.51 1.26 1.26 1.26 1.26 1.26 2.83 1.26 1.26 2.84 0.00 0.00 0.00 0.00 0.00 0.00 0.00 0.00 0.00 0.00 0.00 0.00 0.00 0.00 0.00 0.00 0.00 0.00 0.00 0.00 0.00 0.00 0.00 0.00 0.00 0.00 0.00 0.00 0.00 0.00 0.00 0.00 0.00 0.00 0.00
0.90 0.90 0.90 0.90 0.90 0.90 2.76 2.76 1.32 0.90 0.90 0.90 0.90 0.90 0.90 0.90 0.71 0.71 0.71 0.71 0.71 0.71 0.71 0.71 0.71 0.71 0.71 0.71 0.71 0.71 0.71 0.71 0.92 0.92 0.92 0.92 2.24 0.92 0.92 2.17 1.19 1.19 1.03 1.19 2.68 2.40 2.40 1.19 0.00 0.00 0.00 0.00 0.00 0.00 0.00 0.00 0.00 0.00 0.00 0.00 0.00 0.00 0.00 0.00 0.00 0.00 0.00 0.00 0.00 0.00 0.00 0.00 0.00 0.00 0.00 0.00 0.00 0.00 0.00 0.00 0.00 0.00 0.00 0.00
0.90 0.90 0.90 2.76 2.76 2.76 2.76 2.76 2.76 2.76 0.90 0.90 0.90 0.90 0.90 0.90 0.71 0.71 0.71 0.71 0.71 0.71 0.71 0.71 0.71 0.71 0.71 0.71 0.71 0.71 0.71 0.71 0.92 0.92 0.92 0.92 0.92 0.92 0.92 0.92 0.92 2.40 2.40 1.19 2.40 2.40 1.19 1.19 0.00 0.00 0.00 0.00 0.00 0.00 0.00 0.00 0.00 0.00 0.00 0.00 0.00 0.00 0.00 0.00 0.00 0.00 0.00 0.00 0.00 0.00 0.00 0.00 0.00 0.00 0.00 0.00 0.00 0.00 0.00 0.00 0.00 0.00 0.00 0.00
0.90 2.76 2.76 2.76 2.76 2.76 2.76 2.76 2.76 2.76 2.29 0.90 2.29 0.90 0.90 0.90 0.71 0.71 0.71 0.71 0.71 0.71 0.71 0.71 0.71 0.71 0.71 0.71 0.71 0.71 0.71 0.71 0.92 0.92 0.92 0.92 0.92 0.92 0.92 0.92 0.92 0.92 0.92 2.21 0.72 1.19 2.40 1.19 0.00 0.00 0.00 0.00 0.00 0.00 0.00 0.00 0.00 0.00 0.00 0.00 0.00 0.00 0.00 0.00 0.00 0.00 0.00 0.00 0.00 0.00 0.00 0.00 0.00 0.00 0.00 0.00 0.00 0.00 0.00 0.00 0.00 0.00 0.00 0.00
2.76 2.76 2.76 2.76 2.76 2.76 2.76 2.76 2.76 2.76 0.90 2.29 2.29 0.90 0.90 0.90 0.71 0.71 0.71 0.71 0.71 0.71 0.71 0.71 0.71 0.71 0.71 0.71 0.71 0.71 0.71 0.71 2.24 0.92 0.92 0.92 0.92 0.92 0.92 0.92 0.92 0.92 0.92 0.92 2.21 2.21 2.21 2.21 2.46 1.23 2.46 0.00 0.00 0.00 0.00 0.00 0.00 0.00 0.00 0.00 0.00 0.00 0.00 0.00 0.00 0.00 0.00 0.00 0.00 0.00 0.00 0.00 0.00 0.00 0.00 0.00 0.00 0.00 0.00 0.00 0.00 0.00 0.00 0.00
2.76 2.76 2.76 2.76 2.76 2.76 2.76 2.76 2.76 2.76 2.29 0.90 0.90 0.90 0.90 0.90 0.71 0.71 0.71 0.71 0.71 0.71 0.71 0.71 0.71 0.71 0.71 0.71 0.71 0.71 0.71 0.71 2.24 0.92 0.92 0.92 0.92 0.92 1.35 0.92 0.92 0.92 0.92 0.92 0.92 0.92 0.92 0.92 2.28 1.23 1.23 2.46 2.46 0.00 0.00 0.00 0.00 0.00 0.00 0.00 0.00 0.00 0.00 0.00 0.00 0.00 0.00 0.00 0.00 0.00 0.00 0.00 0.00 0.00 0.00 0.00 0.00 0.00 0.00 0.00 0.00 0.00 0.00 0.00
2.76 2.76 2.76 2.76 2.76 2.76 2.76 2.76 2.76 2.76 2.29 0.90 0.90 0.90 0.90 0.90 0.71 0.71 0.71 0.71 0.71 0.71 0.71 0.71 0.71 0.71 0.71 0.71 0.71 0.71 0.71 0.71 0.92 0.92 0.92 0.92 0.92 0.92 0.92 0.92 0.92 0.92 0.92 0.92 0.92 0.92 0.92 0.92 0.99 2.28 1.23 1.23 2.46 2.46 0.00 0.00 0.00 0.00 0.00 0.00 0.00 0.00 0.00 0.00 0.00 0.00 0.00 0.00 0.00 0.00 0.00 0.00 0.00 0.00 0.00 0.00 0.00 0.00 0.00 0.00 0.00 0.00 0.00 0.00
2.76 2.76 2.76 2.76 2.76 2.76 2.76 2.76 2.76 2.29 0.90 0.90 0.90 0.90 0.90 0.90 0.71 0.71 0.71 0.71 0.71 0.71 0.71 0.71 0.71 0.71 0.71 0.71 0.71 0.71 0.71 0.71 0.92 0.92 0.92 0.92 0.92 0.92 0.92 0.92 0.92 0.92 0.92 0.92 0.92 0.92 0.92 0.92 0.99 2.28 2.28 2.77 1.23 1.23 2.86 2.86 0.00 0.00 0.00 0.00 0.00 0.00 0.00 0.00 0.00 0.00 0.00 0.00 0.00 0.00 0.00 0.00 0.00 0.00 0.00 0.00 0.00 0.00 0.00 0.00 0.00 0.00 0.00 0.00
2.76 2.76 2.76 2.76 2.76 2.76 2.76 2.76 0.90 0.90 0.90 0.90 0.90 0.90 0.90 0.90 0.71 0.71 0.71 0.71 0.71 0.71 0.71 0.71 0.71 0.71 0.71 0.71 0.71 0.71 0.71 0.71 0.92 0.92 0.92 0.92 0.92 0.92 0.92 0.92 0.92 0.92 0.92 0.92 0.92 0.92 0.92 0.92 0.99 0.99 0.99 2.28 2.28 0.99 0.99 0.99 0.99 2.86 0.00 0.00 0.00 0.00 0.00 0.00 0.00 0.00 0.00 0.00 0.00 0.00 0.00 0.00 0.00 0.00 0.00 0.00 0.00 0.00 0.00 0.00 0.00 0.00 0.00 0.00
2.76 2.76 2.76 2.76 2.76 2.76 2.76 0.90 0.90 0.90 0.90 0.90 0.90 0.90 0.90 0.90 0.71 0.71 0.71 0.71 0.71 0.71 0.71 0.71 0.71 0.71 0.71 0.71 0.71 0.71 0.71 0.71 0.92 0.92 0.92 0.92 0.92 0.92 0.92 0.92 0.92 0.92 0.92 0.92 0.92 0.92 0.92 0.92 0.99 0.99 0.99 0.99 2.32 2.28 0.99 0.99 0.99 0.99 0.99 0.99 0.00 0.00 0.00 0.00 0.00 0.00 0.00 0.00 0.00 0.00 0.00 0.00 0.00 0.00 0.00 0.00 0.00 0.00 0.00 0.00 0.00 0.00 0.00 0.00
2.76 2.76 2.76 2.76 2.76 2.76 2.76 0.90 0.90 0.90 0.90 0.90 0.90 0.90 0.90 0.90 0.71 0.71 0.71 0.71 0.71 0.71 0.71 0.71 0.71 0.71 0.71 0.71 0.71 0.71 0.71 0.71 0.92 0.92 0.92 0.92 0.92 0.92 0.92 0.92 0.92 0.92 0.92 0.92 0.92 0.92 0.92 0.92 0.99 0.99 0.99 0.99 0.99 0.99 0.99 0.99 0.99 0.99 0.99 0.99 0.99 0.00 0.00 0.00 0.00 0.00 0.00 0.00 0.00 0.00 0.00 0.00 0.00 0.00 0.00 0.00 0.00 0.00 0.00 0.00 0.00 0.00 0.00 0.00
2.76 2.76 2.76 2.76 2.76 2.76 2.76 0.90 0.90 0.90 0.90 0.90 0.90 0.90 2.29 0.90 0.71 0.71 0.71 0.71 0.71 0.71 0.71 0.71 0.71 0.71 0.71 0.71 0.71 0.71 0.71 0.71 0.92 0.92 0.92 0.92 0.92 0.92 0.92 0.92 0.92 0.92 0.92 0.92 0.92 0.92 0.92 0.92 0.99 0.99 0.99 0.99 0.99 0.99 0.99 0.99 0.99 0.99 0.99 2.32 2.77 0.00 0.00 0.00 0.00 0.00 0.00 0.00 0.00 0.00 0.00 0.00 0.00 0.00 0.00 0.00 0.00 0.00 0.00 0.00 0.00 0.00 0.00 0.00
2.76 2.76 2.76 2.76 2.76 2.76 2.76 2.76 0.90 0.90 0.90 0.90 0.90 0.90 0.90 0.90 0.71 0.71 0.71 0.71 0.71 0.71 0.71 0.71 0.71 0.71 0.71 0.71 0.71 0.71 0.71 0.71 0.92 0.92 0.92 0.92 0.92 0.92 0.92 0.92 0.92 0.92 0.92 0.92 0.92 0.92 0.92 0.92 0.99 0.99 0.99 0.99 0.99 0.99 0.99 0.99 0.99 0.99 2.32 1.23 0.00 0.00 0.00 0.00 0.00 0.00 0.00 0.00 0.00 0.00 0.00 0.00 0.00 0.00 0.00 0.00 0.00 0.00 0.00 0.00 0.00 0.00 0.00 0.00
