New_Model_Runs/5_FutureClimate_BASE_out/post_prcessed_with_MFR/Monthly_summaries/actual_et_monthly_JUN.asc
NCOLS 700
NROWS 400
XLLCENTER 515000.000000
YLLCENTER 8409000.000000
CELLSIZE 50.000000
NODATA_value -999.000000
[rows 190 to 227 of 400, columns 168 to 251 of 700]
0.81 0.81 2.57 2.57 2.57 0.81 0.81 0.81 0.88 0.88 0.88 0.88 0.88 0.88 0.88 0.88 0.88 0.88 0.88 0.88 0.88 0.88 0.88 0.88 0.84 0.84 0.84 0.84 0.84 0.84 0.84 0.84 0.84 0.84 0.84 0.84 0.84 0.84 0.84 0.84 0.76 0.76 0.76 0.76 0.76 0.76 0.76 0.76 0.76 0.76 0.76 0.76 0.76 0.76 0.76 0.76 0.85 0.85 0.85 0.85 0.85 0.85 0.85 0.85 0.85 0.85 1.24 0.85 0.85 0.85 0.85 0.85 0.89 0.89 0.89 0.89 0.89 0.89 0.89 0.89 0.89 0.89 0.89 0.89
0.81 0.81 0.81 1.19 0.81 0.81 0.81 0.81 0.88 0.88 0.88 0.88 0.88 0.88 0.88 0.88 0.88 0.88 0.88 0.88 0.88 0.88 0.88 0.88 0.84 0.84 0.84 0.84 0.84 0.84 0.84 0.84 0.84 0.84 0.84 0.84 0.84 0.84 0.84 0.84 0.76 0.76 0.76 0.76 0.76 0.76 0.76 0.76 0.76 0.76 0.76 0.76 0.76 0.76 0.76 0.76 0.85 0.85 0.85 0.85 0.85 0.85 0.85 0.85 0.85 0.85 0.85 0.85 0.85 0.85 0.85 0.85 0.89 0.89 0.89 0.89 0.89 0.89 0.89 0.89 0.89 0.89 0.89 0.89
0.81 0.81 0.81 1.19 0.81 0.81 0.81 0.81 0.88 0.88 0.88 0.88 0.88 0.88 0.88 0.88 0.88 0.88 0.88 0.88 0.88 0.88 0.88 0.88 0.84 0.84 0.84 0.84 0.84 0.84 0.84 0.84 0.84 0.84 0.84 0.84 0.84 0.84 0.84 0.84 0.76 0.76 0.76 0.76 0.76 0.76 0.76 0.76 0.76 0.76 0.76 0.76 0.76 0.76 0.76 0.76 0.85 0.85 0.85 0.85 0.85 0.85 0.85 0.85 0.85 0.85 0.85 0.85 0.85 0.85 0.85 0.85 0.89 0.89 0.89 0.89 0.89 0.89 0.89 0.89 0.89 0.89 0.89 0.89
0.81 0.81 0.81 0.81 0.81 0.81 0.81 0.81 0.88 0.88 0.88 0.88 0.88 0.88 0.88 0.88 0.88 0.88 0.88 0.88 0.88 0.88 0.88 0.88 0.84 0.84 0.84 0.84 0.84 0.84 0.84 0.84 0.84 0.84 0.84 0.84 0.84 0.84 0.84 0.84 0.76 0.76 0.76 0.76 0.76 0.76 0.76 0.76 0.76 0.76 0.76 0.76 0.76 0.76 0.76 0.76 0.85 0.85 0.85 0.85 0.85 0.85 0.85 0.85 0.85 0.85 0.85 0.85 0.85 0.85 0.85 0.85 0.89 0.89 0.89 0.89 0.89 0.89 0.89 0.89 0.89 0.89 0.89 0.89
0.77 0.77 0.77 0.77 0.77 0.77 0.77 0.77 0.79 0.79 0.79 0.79 0.79 0.79 0.79 0.79 0.79 0.79 0.79 0.79 0.79 0.79 0.79 0.79 0.72 0.72 0.72 0.72 0.72 0.72 0.72 0.72 0.72 0.72 0.72 0.72 0.72 0.72 0.72 0.72 0.69 0.69 0.69 0.69 0.69 0.69 0.69 0.69 0.69 0.69 0.69 0.69 0.69 0.69 0.69 0.69 0.80 0.80 0.80 0.80 0.80 0.80 0.80 0.80 0.80 0.80 0.80 0.80 0.80 0.80 0.80 0.80 0.84 0.84 0.84 0.84 0.84 0.84 0.84 0.84 0.84 0.84 0.84 0.84
0.77 0.77 0.77 0.77 0.77 0.77 0.77 0.77 0.79 0.79 0.79 0.79 0.79 0.79 0.79 0.79 0.79 0.79 0.79 0.79 0.79 0.79 0.79 0.79 0.72 0.72 0.72 0.72 0.72 0.72 0.72 0.72 0.72 0.72 0.72 0.72 0.72 0.72 0.72 0.72 0.69 0.69 0.69 0.69 0.69 0.69 0.69 0.69 0.69 0.69 0.69 0.69 0.69 0.69 0.69 0.69 0.80 0.80 0.80 0.80 0.80 0.80 0.80 0.80 0.80 0.80 0.80 0.80 0.80 0.80 0.80 0.80 0.84 0.84 0.84 0.84 0.84 0.84 0.84 0.84 0.84 0.84 0.84 0.84
0.77 0.77 0.77 0.77 0.77 0.77 0.77 0.77 0.79 0.79 0.79 0.79 0.79 0.79 0.79 0.79 0.79 0.79 0.79 0.79 0.79 0.79 0.79 0.79 0.72 0.72 0.72 0.72 0.72 0.72 0.72 0.72 0.72 0.72 0.72 0.72 0.72 0.72 0.72 0.72 0.69 0.69 0.69 0.69 0.69 0.69 0.69 0.69 0.69 0.69 0.69 0.69 0.69 0.69 0.69 0.69 0.80 0.80 0.80 0.80 0.80 0.80 0.80 0.80 0.80 0.80 0.80 0.80 0.80 0.80 0.80 0.80 0.84 0.84 0.84 0.84 0.84 0.84 0.84 0.84 0.84 0.84 0.84 0.84
0.77 0.77 0.77 0.77 0.77 0.77 0.77 0.77 0.79 0.79 0.79 0.79 0.79 0.79 0.79 0.79 0.79 0.79 0.79 0.79 0.79 0.79 0.79 0.79 0.72 0.72 0.72 0.72 0.72 0.72 0.72 0.72 0.72 0.72 0.72 0.72 0.72 0.72 0.72 0.72 0.69 0.69 0.69 0.69 0.69 0.69 0.69 0.69 0.69 0.69 0.69 0.69 0.69 0.69 0.69 0.69 0.80 0.80 0.80 0.80 0.80 0.80 0.80 0.80 0.80 0.80 0.80 0.80 0.80 0.80 0.80 0.80 0.84 0.84 0.84 0.84 0.84 0.84 0.84 0.84 0.84 0.84 0.84 0.84
0.77 0.77 0.77 0.77 0.77 0.77 0.77 0.77 0.79 0.79 0.79 0.79 0.79 0.79 0.79 0.79 0.79 0.79 0.79 0.79 0.79 0.79 0.79 0.79 0.72 0.72 0.72 0.72 0.72 0.72 0.72 0.72 0.72 0.72 0.72 0.72 0.72 0.72 0.72 0.72 0.69 0.69 0.69 0.69 0.69 0.69 0.69 0.69 0.69 0.69 0.69 0.69 0.69 0.69 0.69 0.69 0.80 0.80 0.80 0.80 0.80 0.80 0.80 0.80 0.80 0.80 0.80 0.80 0.80 0.80 0.80 0.80 0.84 0.84 0.84 0.84 0.84 0.84 0.84 0.84 0.84 0.84 0.84 0.84
0.77 0.77 0.77 0.77 0.77 0.77 0.77 0.77 0.79 0.79 0.79 0.79 0.79 0.79 0.79 0.79 0.79 0.79 0.79 0.79 0.79 0.79 0.79 0.79 0.72 0.72 0.72 0.72 0.72 0.72 0.72 0.72 0.72 0.72 0.72 0.72 0.72 0.72 0.72 0.72 0.69 0.69 0.69 0.69 0.69 0.69 0.69 0.69 0.69 0.69 0.69 0.69 0.69 0.69 0.69 0.69 0.80 0.80 0.80 0.80 0.80 0.80 0.80 0.80 0.80 0.80 0.80 0.80 0.80 0.80 0.80 0.80 0.84 0.84 0.84 0.84 0.84 0.84 0.84 0.84 0.84 0.84 0.84 0.84
0.77 0.77 0.77 0.77 0.77 0.77 0.77 0.77 0.79 0.79 0.79 0.79 0.79 0.79 0.79 0.79 0.79 0.79 0.79 0.79 0.79 0.79 0.79 0.79 0.72 0.72 0.72 0.72 0.72 0.72 0.72 0.72 0.72 0.72 0.72 0.72 0.72 0.72 0.72 0.72 0.69 0.69 0.69 0.69 0.69 0.69 0.69 0.69 0.69 0.69 0.69 0.69 0.69 0.69 0.69 0.69 0.80 0.80 0.80 0.80 0.80 0.80 0.80 0.80 0.80 0.80 0.80 0.80 0.80 0.80 0.80 0.80 0.84 0.84 0.84 0.84 0.84 0.84 0.84 0.84 0.84 0.84 0.84 0.84
0.77 0.77 0.77 0.77 0.77 0.77 0.77 0.77 0.79 0.79 0.79 0.79 0.79 0.79 0.79 0.79 0.79 0.79 0.79 0.79 0.79 0.79 0.79 0.79 0.72 0.72 0.72 0.72 0.72 0.72 0.72 0.72 0.72 0.72 0.72 0.72 0.72 0.72 0.72 0.72 0.69 0.69 0.69 0.69 0.69 0.69 0.69 0.69 0.69 0.69 0.69 0.69 0.69 0.69 0.69 0.69 0.80 0.80 0.80 0.80 0.80 0.80 0.80 0.80 0.80 0.80 0.80 0.80 0.80 0.80 0.80 0.80 0.84 0.84 0.84 0.84 0.84 0.84 0.84 0.84 0.84 0.84 0.84 0.84
0.77 0.77 0.77 0.77 0.77 0.77 0.77 0.77 0.79 0.79 0.79 0.79 0.79 0.79 0.79 0.79 0.79 0.79 0.79 0.79 0.79 0.79 0.79 0.79 0.72 0.72 0.72 0.72 0.72 0.72 0.72 0.72 0.72 0.72 0.72 0.72 0.72 0.72 0.72 0.72 0.69 0.69 0.69 0.69 0.69 0.69 0.69 0.69 0.69 0.69 0.69 0.69 0.69 0.69 0.69 0.69 0.80 0.80 0.80 0.80 0.80 0.80 0.80 0.80 0.80 0.80 0.80 0.80 0.80 0.80 0.80 0.80 0.84 0.84 0.84 0.84 0.84 0.84 0.84 0.84 0.84 0.84 0.84 0.84
0.77 0.77 0.77 0.77 0.77 0.77 0.77 0.77 0.79 0.79 0.79 0.79 0.79 0.79 0.79 0.79 0.79 0.79 0.79 0.79 0.79 0.79 0.79 0.79 0.72 0.72 0.72 0.72 0.72 0.72 0.72 0.72 0.72 0.72 0.72 0.72 0.72 0.72 0.72 0.72 0.69 0.69 0.69 0.69 0.69 0.69 0.69 0.69 0.69 0.69 0.69 0.69 0.69 0.69 0.69 0.69 0.80 0.80 0.80 0.80 0.80 0.80 0.80 0.80 0.80 0.80 0.80 0.80 0.80 0.80 0.80 0.80 0.84 0.84 0.84 0.84 0.84 0.84 0.84 0.84 0.84 0.84 0.84 0.84
0.77 0.77 0.77 0.77 0.77 0.77 0.77 0.77 0.79 0.79 0.79 0.79 0.79 0.79 0.79 0.79 0.79 0.79 0.79 0.79 0.79 0.79 0.79 0.79 0.72 0.72 0.72 0.72 0.72 0.72 0.72 0.72 0.72 0.72 0.72 0.72 0.72 0.72 0.72 0.72 0.69 0.69 0.69 0.69 0.69 0.69 0.69 0.69 0.69 0.69 0.69 0.69 0.69 0.69 0.69 0.69 0.80 0.80 0.80 0.80 0.80 0.80 0.80 0.80 0.80 0.80 0.80 0.80 0.80 0.80 0.80 0.80 0.84 0.84 0.84 0.84 0.84 0.84 0.84 0.84 0.84 0.84 0.84 0.84
0.77 0.77 0.77 0.77 0.77 0.77 0.77 0.77 0.79 0.79 0.79 0.79 0.79 0.79 0.79 0.79 0.79 0.79 0.79 0.79 0.79 0.79 0.79 0.79 0.72 0.72 0.72 0.72 0.72 0.72 0.72 0.72 0.72 0.72 0.72 0.72 0.72 0.72 0.72 0.72 0.69 0.69 0.69 0.69 0.69 0.69 0.69 0.69 0.69 0.69 0.69 0.69 0.69 0.69 0.69 0.69 0.80 0.80 0.80 0.80 0.80 0.80 0.80 0.80 0.80 0.80 0.80 0.80 0.80 0.80 0.80 0.80 0.84 0.84 0.84 0.84 0.84 0.84 0.84 0.84 0.84 0.84 0.84 0.84
0.77 0.77 0.77 0.77 0.77 0.77 0.77 0.77 0.79 0.79 0.79 0.79 0.79 0.79 0.79 0.79 0.79 0.79 0.79 0.79 0.79 0.79 0.79 0.79 0.72 0.72 0.72 0.72 0.72 0.72 0.72 0.72 0.72 0.72 0.72 0.72 0.72 0.72 0.72 0.72 0.69 0.69 0.69 0.69 0.69 0.69 0.69 0.69 0.69 0.69 0.69 0.69 0.69 0.69 0.69 0.69 0.80 0.80 0.80 0.80 0.80 0.80 0.80 0.80 0.80 0.80 0.80 0.80 0.80 0.80 0.80 0.80 0.84 0.84 0.84 0.84 0.84 0.84 0.84 0.84 0.84 0.84 0.84 0.84
0.77 0.77 0.77 0.77 0.77 0.77 0.77 0.77 0.79 0.79 0.79 0.79 0.79 0.79 0.79 0.79 0.79 0.79 0.79 0.79 0.79 0.79 0.79 0.79 0.72 0.72 0.72 0.72 0.72 0.72 0.72 0.72 0.72 0.72 0.72 0.72 0.72 0.72 0.72 0.72 0.69 0.69 0.69 0.69 0.69 0.69 0.69 0.69 0.69 0.69 0.69 0.69 0.69 0.69 0.69 0.69 0.80 0.80 0.80 0.80 0.80 0.80 0.80 0.80 0.80 0.80 0.80 0.80 0.80 0.80 0.80 0.80 0.84 0.84 0.84 0.84 0.84 0.84 0.84 0.84 0.84 0.84 0.84 0.84
0.77 0.77 0.77 0.77 0.77 0.77 0.77 0.77 0.79 0.79 0.79 0.79 0.79 0.79 0.79 0.79 0.79 0.79 0.79 0.79 0.79 1.16 0.79 0.79 0.72 0.72 0.72 0.72 0.72 0.72 0.72 2.83 0.72 0.72 0.72 0.72 0.72 0.72 0.72 0.72 0.69 0.69 0.69 0.69 0.69 0.69 0.69 0.69 0.69 0.69 0.69 0.69 0.69 0.69 0.69 0.69 0.80 0.80 0.80 0.80 0.80 0.80 0.80 0.80 0.80 0.80 0.80 0.80 0.80 0.80 0.80 0.80 0.84 0.84 0.84 0.84 0.84 0.84 0.84 0.84 0.84 0.84 0.84 0.84
0.77 0.77 0.77 0.77 0.77 0.77 0.77 0.77 0.79 0.79 0.79 0.79 0.79 0.79 0.79 0.79 0.79 0.79 1.16 2.63 2.63 0.79 0.79 0.79 0.72 0.72 0.72 0.72 0.72 0.72 0.72 0.72 0.72 0.72 0.72 0.72 0.72 0.72 0.72 0.72 0.69 0.69 0.69 0.69 0.69 0.69 0.69 0.69 0.69 0.69 0.69 0.69 0.69 0.69 0.69 0.69 0.80 0.80 0.80 0.80 0.80 0.80 0.80 0.80 0.80 0.80 0.80 0.80 0.80 0.80 0.80 0.80 0.84 0.84 0.84 0.84 0.84 0.84 0.84 0.84 0.84 0.84 0.84 0.84
0.71 0.71 0.71 0.71 0.71 0.71 0.71 0.71 0.70 0.70 0.70 0.70 0.70 0.70 0.70 0.70 0.70 0.70 2.34 2.34 2.34 0.70 0.70 0.70 0.66 0.66 0.66 0.66 0.66 0.66 0.66 0.97 0.66 0.66 0.66 0.66 0.66 0.66 0.66 0.66 0.70 0.70 0.70 0.70 0.70 0.70 0.70 0.70 0.70 0.70 0.70 0.70 0.70 0.70 0.70 0.70 0.71 0.71 0.71 0.71 0.71 0.71 0.71 0.71 0.71 0.71 0.71 0.71 0.71 0.71 0.71 0.71 0.75 0.75 0.75 0.75 0.75 0.75 0.75 0.75 0.75 0.75 0.75 0.75
0.71 0.71 0.71 0.71 0.71 0.71 0.71 0.71 0.70 0.70 0.70 0.70 0.70 0.70 0.70 0.70 0.70 2.34 2.34 2.34 0.70 0.70 0.70 0.70 0.66 0.66 2.19 2.19 2.19 0.66 0.66 0.66 0.66 0.66 0.66 0.66 0.66 0.66 0.66 0.66 0.70 0.70 0.70 0.70 0.70 0.70 0.70 0.70 0.70 0.70 0.70 0.70 0.70 0.70 0.70 0.70 0.71 0.71 0.71 0.71 0.71 0.71 0.71 0.71 0.71 0.71 0.71 0.71 0.71 0.71 0.71 0.71 0.75 0.75 0.75 0.75 0.75 0.75 0.75 0.75 0.75 0.75 0.75 0.75
0.71 0.71 0.71 0.71 0.71 0.71 0.71 0.71 0.70 0.70 0.70 0.70 0.70 0.70 1.03 0.70 0.70 0.70 2.34 2.34 2.34 0.70 0.70 0.70 0.66 2.19 2.19 2.19 2.19 2.59 2.19 0.66 0.66 0.66 0.66 0.66 0.66 0.66 0.66 0.66 0.70 0.70 0.70 0.70 0.70 0.70 0.70 0.70 0.70 0.70 0.70 0.70 0.70 0.70 0.70 0.70 0.71 0.71 0.71 0.71 0.71 0.71 0.71 0.71 0.71 0.71 0.71 0.71 0.71 0.71 0.71 0.71 0.75 0.75 0.75 0.75 0.75 0.75 0.75 0.75 0.75 0.75 0.75 0.75
0.71 0.71 0.71 0.71 0.71 0.71 0.71 0.71 0.70 0.70 0.70 0.70 0.70 0.70 2.34 2.34 2.13 2.34 2.34 2.76 2.34 2.34 0.70 0.70 0.97 2.19 2.19 2.19 2.19 2.59 2.19 0.97 0.66 0.66 0.66 0.66 0.66 0.66 0.66 0.66 0.70 0.70 0.70 0.70 0.70 0.70 0.70 0.70 0.70 0.70 0.70 0.70 0.70 0.70 0.70 0.70 0.71 0.71 0.71 0.71 0.71 0.71 0.71 0.71 0.71 0.71 0.71 0.71 0.71 0.71 0.71 0.71 0.75 0.75 0.75 0.75 0.75 0.75 0.75 0.75 0.75 0.75 0.75 0.75
0.71 0.71 0.71 0.71 0.71 0.71 0.71 0.71 0.70 0.70 0.70 0.70 2.34 2.34 2.34 2.34 2.13 2.13 2.76 1.03 2.34 2.34 0.70 2.34 2.19 2.19 2.19 2.19 2.19 2.19 2.19 2.00 0.66 0.66 0.66 0.66 0.66 0.66 0.66 0.66 0.70 0.70 0.70 0.70 0.70 0.70 0.70 0.70 0.70 0.70 0.70 0.70 0.70 0.70 0.70 0.70 0.71 0.71 0.71 0.71 0.71 0.71 0.71 0.71 0.71 0.71 0.71 0.71 0.71 0.71 0.71 0.71 0.75 0.75 0.75 0.75 0.75 0.75 0.75 0.75 0.75 0.75 0.75 0.75
0.71 0.71 0.71 0.71 0.71 0.71 0.71 0.71 0.70 0.70 0.70 2.34 2.34 2.34 2.34 2.34 2.13 2.21 2.34 1.03 1.03 0.70 0.70 1.03 2.19 2.19 2.19 2.19 2.19 2.19 2.19 0.97 0.66 0.66 0.66 0.66 0.66 0.66 0.66 0.66 0.70 0.70 0.70 0.70 0.70 0.70 0.70 0.70 0.70 0.70 0.70 0.70 0.70 0.70 0.70 0.70 0.71 0.71 0.71 0.71 0.71 0.71 0.71 0.71 0.71 0.71 0.71 0.71 0.71 0.71 0.71 0.71 0.75 0.75 0.75 0.75 0.75 0.75 0.75 0.75 0.75 0.75 0.75 0.75
0.71 0.71 0.71 0.71 0.71 0.71 0.71 0.71 0.70 0.70 0.70 2.34 2.34 2.34 2.34 2.34 2.34 0.83 2.34 2.34 2.34 2.34 2.34 2.34 2.19 2.19 2.19 2.59 2.08 2.08 0.66 0.66 0.66 0.66 0.66 0.66 0.66 0.66 0.66 0.66 0.70 0.70 0.70 0.70 0.70 0.70 0.70 0.70 0.70 0.70 0.70 0.70 0.70 0.70 0.70 0.70 0.71 0.71 0.71 0.71 0.71 0.71 0.71 0.71 0.71 0.71 0.71 0.71 0.71 2.26 0.71 0.71 0.75 0.75 0.75 0.75 0.75 0.75 0.75 0.75 0.75 0.75 0.75 0.75
0.71 0.71 0.71 0.71 0.71 0.71 0.71 0.71 0.70 0.70 0.70 0.70 2.34 2.34 2.34 2.34 2.34 2.34 2.13 2.34 2.34 2.34 2.34 2.34 2.19 2.19 2.59 2.59 2.08 0.66 0.66 0.66 0.66 0.66 0.66 0.66 0.66 0.66 0.66 0.66 0.70 0.70 0.70 0.70 0.70 0.70 0.70 0.70 0.70 0.70 0.70 0.70 0.70 0.70 0.70 0.70 0.71 0.71 0.71 0.71 0.71 0.71 0.71 0.71 0.71 0.71 0.71 0.71 0.71 0.71 0.71 0.71 0.75 0.75 0.75 0.75 0.75 0.75 0.75 0.75 0.75 0.75 0.75 0.75
0.71 0.71 0.71 0.71 0.71 0.71 0.71 0.71 0.70 0.70 0.70 2.34 2.34 2.34 2.34 2.34 2.76 2.34 1.03 1.03 2.34 2.34 2.34 2.76 2.59 2.59 2.59 2.59 0.66 2.08 0.66 0.66 0.66 0.66 0.66 0.66 0.66 0.66 0.66 0.66 0.70 0.70 0.70 0.70 0.70 0.70 0.70 0.70 0.70 0.70 0.70 0.70 0.70 0.70 0.70 0.70 0.71 0.71 0.71 0.71 0.71 0.71 0.71 0.71 0.71 0.71 0.71 0.71 0.71 0.71 0.71 0.71 0.75 0.75 0.75 0.75 0.75 0.75 0.75 0.75 0.75 0.75 0.75 0.75
0.71 0.71 0.71 0.71 0.71 0.71 0.71 0.71 0.70 0.70 2.34 2.34 2.34 2.13 2.13 2.34 2.76 2.13 2.34 2.23 2.34 0.70 2.76 2.76 2.59 2.59 2.59 0.66 0.66 0.66 0.66 0.66 0.66 0.66 0.66 0.66 0.66 0.66 0.97 0.66 0.70 0.70 0.70 0.70 0.70 0.70 0.70 0.70 0.70 0.70 0.70 0.70 0.70 0.70 0.70 0.70 0.71 0.71 0.71 0.71 0.71 0.71 0.71 0.71 0.71 0.71 0.71 0.71 0.71 0.71 0.71 0.71 0.75 0.75 0.75 0.75 0.75 0.75 0.75 0.75 0.75 0.75 0.75 0.75
0.71 0.71 0.71 0.71 0.71 0.71 0.71 0.71 0.70 0.70 0.70 2.34 2.34 2.13 2.76 2.76 2.34 2.34 2.34 2.23 2.23 0.70 2.76 2.76 2.59 2.59 2.59 0.97 0.66 0.66 0.66 0.66 0.66 0.66 0.66 0.66 0.66 0.66 0.66 0.97 0.70 0.70 0.70 0.70 0.70 2.32 2.32 0.70 0.70 0.70 0.70 0.70 0.70 0.70 0.70 0.70 0.71 0.71 0.71 0.71 0.71 0.71 0.71 0.71 0.71 0.71 0.71 0.71 0.71 0.71 0.71 0.71 0.75 0.75 0.75 0.75 0.75 0.75 0.75 0.75 0.75 0.75 0.75 0.75
0.71 0.71 0.71 0.71 0.71 0.71 0.71 0.71 0.70 0.70 0.70 0.70 2.34 2.34 2.77 2.77 2.34 2.34 2.34 2.13 0.70 0.70 0.70 2.76 2.59 2.59 2.00 2.19 0.97 2.19 0.66 2.19 0.66 0.66 0.66 0.66 0.66 0.66 0.97 0.97 0.70 0.70 0.70 0.70 2.32 2.32 2.32 0.70 0.70 0.70 0.70 0.70 0.70 0.70 0.70 0.70 0.71 0.71 0.71 0.71 0.71 0.71 0.71 0.71 0.71 0.71 0.71 0.71 0.71 0.71 0.71 0.71 0.75 0.75 0.75 0.75 0.75 0.75 0.75 0.75 0.75 0.75 0.75 0.75
0.71 0.71 0.71 0.71 0.71 0.71 0.71 0.71 0.70 0.70 0.70 0.70 1.03 2.34 2.76 2.76 2.34 2.34 2.34 2.13 2.13 0.70 2.34 2.34 2.19 2.59 2.19 2.19 0.66 2.19 2.19 0.66 0.66 0.66 0.66 2.19 0.97 0.66 0.97 0.97 0.70 2.32 2.32 2.32 2.32 2.32 2.32 0.70 0.70 0.70 0.70 0.70 0.70 0.70 0.70 0.70 0.71 0.71 0.71 0.71 0.71 0.71 0.71 0.71 0.71 0.71 0.71 2.26 2.26 0.71 0.71 0.71 0.75 0.75 0.75 0.75 0.75 0.75 0.75 0.75 0.75 0.75 0.75 0.75
0.71 0.71 0.71 0.71 0.71 0.71 0.71 0.71 0.70 0.70 0.70 2.34 2.34 2.34 2.77 2.77 2.34 2.34 2.34 2.34 2.13 2.34 2.34 2.34 2.59 2.19 2.19 2.19 2.19 2.19 2.19 0.97 2.19 2.19 0.66 2.19 2.19 2.19 2.19 2.19 2.32 2.32 2.32 2.32 2.32 2.32 0.70 0.70 0.70 0.70 0.70 0.70 0.70 0.70 0.70 0.70 0.71 0.71 0.71 0.71 0.71 0.71 0.71 2.26 2.26 2.26 2.26 2.26 2.26 2.26 2.26 2.26 2.36 2.36 0.75 0.75 0.75 0.75 0.75 0.75 0.75 0.75 0.75 0.75
0.71 0.71 0.71 0.71 0.71 0.71 0.71 0.71 0.70 0.70 0.70 0.70 2.34 2.34 2.77 2.77 2.34 2.34 2.34 2.34 2.34 2.34 2.34 2.77 2.59 2.19 2.19 2.19 0.66 0.66 2.19 2.00 0.97 2.19 2.19 2.19 2.19 2.19 2.19 2.19 2.32 2.32 2.32 2.32 0.70 0.70 0.70 0.70 0.70 0.70 0.70 0.70 0.70 0.70 0.70 0.70 0.71 0.71 0.71 0.71 0.71 0.71 0.71 2.26 2.26 2.26 2.26 2.26 2.26 2.26 2.26 2.26 0.75 0.75 0.75 0.75 0.75 0.75 0.75 0.75 0.75 0.75 0.75 0.75
0.71 0.71 0.71 0.71 0.71 0.71 0.71 0.71 0.70 0.70 0.70 0.70 2.34 2.34 2.34 2.21 2.77 2.34 2.34 2.34 2.34 2.34 2.34 2.34 2.19 2.19 2.19 2.19 2.19 2.19 2.19 2.00 2.19 2.19 2.19 2.19 2.19 2.19 2.19 2.19 2.32 2.32 2.32 2.32 2.32 2.32 2.32 2.32 2.32 2.32 2.32 2.32 2.32 2.32 2.32 0.70 0.71 0.71 0.71 0.71 0.71 0.71 0.71 2.26 2.26 2.26 2.26 0.71 0.71 2.26 0.71 0.71 0.75 0.75 0.75 0.75 0.75 0.75 0.75 0.75 0.75 0.75 0.75 0.75
0.70 0.70 0.70 0.70 0.70 0.70 0.70 0.70 0.72 0.72 0.72 2.38 2.38 2.17 2.38 2.17 2.81 2.38 2.38 2.38 2.38 2.38 2.38 2.38 2.17 2.17 2.17 0.65 2.17 2.17 2.17 2.17 2.17 2.17 2.17 2.17 2.17 2.17 2.17 2.17 2.09 2.09 2.09 2.09 2.09 2.09 2.09 2.09 2.09 2.09 2.09 2.09 2.46 2.09 2.09 1.98 0.70 0.70 0.70 0.70 0.70 0.70 0.70 2.23 2.23 0.70 0.70 0.70 2.23 2.23 2.23 2.23 0.75 0.75 0.75 0.75 0.75 0.75 0.75 0.75 0.75 0.75 0.75 0.75
0.70 0.70 0.70 0.70 0.70 0.70 0.70 0.70 0.72 2.38 2.38 2.17 2.17 2.38 2.38 2.38 2.81 2.38 0.72 2.38 2.38 2.38 2.17 2.81 2.17 2.17 2.17 2.17 2.17 2.17 2.17 1.98 2.17 2.17 2.17 2.17 2.17 2.17 2.17 2.17 2.09 2.09 2.09 2.09 2.09 2.09 2.09 2.09 2.09 2.09 2.09 2.09 2.09 2.09 2.46 1.98 2.34 2.23 0.70 0.70 0.70 2.34 0.70 0.70 2.23 0.70 0.70 0.70 2.23 0.70 0.70 0.70 0.75 0.75 0.75 0.75 0.75 0.75 0.75 0.75 0.75 0.75 0.75 0.75
