New_Model_Runs/5_FutureClimate_BASE_out/post_prcessed_with_MFR/Monthly_summaries/actual_et_monthly_FEB.asc
NCOLS 700
NROWS 400
XLLCENTER 515000.000000
YLLCENTER 8409000.000000
CELLSIZE 50.000000
NODATA_value -999.000000
[rows 114 to 151 of 400, columns 420 to 503 of 700]
1.27 1.27 1.27 1.27 1.27 1.27 1.27 1.27 1.27 1.27 1.27 1.27 1.25 1.25 1.25 1.25 1.25 1.25 1.25 1.25 1.25 1.25 3.72 3.72 1.25 1.25 3.72 3.72 2.65 4.22 4.31 3.78 3.78 3.82 1.25 1.25 1.25 1.25 1.25 1.25 1.25 1.25 1.25 1.25 1.25 1.25 1.25 1.25 1.25 1.25 1.25 1.25 1.25 1.25 1.25 1.25 1.25 3.77 3.86 3.77 1.71 1.71 1.16 1.16 1.16 3.63 3.63 3.63 3.65 3.65 1.71 1.16 1.16 1.16 1.16 1.16 1.17 1.17 1.17 1.17 1.17 1.17 1.17 1.17
1.27 1.27 1.27 1.27 1.27 1.27 1.27 1.27 1.27 1.27 1.27 1.27 1.25 1.25 1.25 1.25 1.25 1.25 1.25 1.25 1.25 1.25 1.25 1.25 1.25 3.72 3.72 1.25 3.70 4.23 4.31 3.78 1.25 1.25 3.69 1.25 1.25 1.25 1.25 1.25 1.25 1.25 1.25 1.25 1.25 1.25 1.25 1.25 1.25 1.25 1.25 1.25 1.25 1.25 1.25 1.25 3.77 3.77 3.77 3.77 3.60 1.16 1.16 1.16 1.16 3.63 3.63 3.63 3.65 3.65 3.69 1.16 1.16 1.16 1.16 1.16 1.17 1.17 1.17 1.17 1.17 1.17 1.17 1.17
1.27 1.27 1.27 1.27 1.27 1.27 1.27 1.27 1.27 1.27 1.27 1.27 1.25 1.25 1.25 1.25 1.25 1.25 1.25 1.25 1.25 1.25 1.25 1.25 1.25 1.25 1.25 1.25 1.25 1.25 3.65 2.68 3.65 3.65 3.65 1.25 1.25 1.25 1.25 1.25 1.25 1.25 1.25 1.25 1.25 1.25 1.25 1.25 1.25 1.25 1.25 1.25 1.25 1.25 1.25 1.25 1.25 3.77 3.77 3.77 3.60 3.60 1.16 1.16 1.16 1.16 1.16 1.16 1.71 3.65 3.69 1.16 1.16 1.16 1.16 1.16 1.17 1.17 1.17 1.17 1.17 1.17 1.17 1.17
1.27 1.27 1.27 1.27 1.27 1.27 1.27 1.27 1.27 1.27 1.27 1.27 1.25 1.25 1.25 1.25 1.25 1.25 1.25 1.25 1.25 1.25 1.25 1.25 1.25 1.25 1.25 3.61 1.25 3.74 3.65 3.65 3.65 3.65 1.25 1.25 3.78 1.25 1.25 1.25 1.25 1.25 1.25 1.25 1.25 1.25 1.25 1.25 1.25 1.25 1.25 1.25 1.25 1.25 1.25 1.25 1.25 1.25 1.25 1.25 1.16 1.16 1.71 1.16 1.16 1.16 1.16 1.16 1.16 1.16 1.16 1.16 1.16 1.16 1.16 1.16 1.17 1.17 1.17 1.17 1.17 1.17 1.17 1.17
1.27 1.27 1.27 1.27 1.27 1.27 1.27 1.27 1.27 1.27 1.27 1.27 1.25 1.25 1.25 1.25 1.25 1.25 1.25 1.25 1.25 1.25 1.25 1.25 1.25 1.25 1.25 1.25 3.74 3.82 3.78 3.78 3.65 1.25 1.25 1.25 1.25 1.25 1.25 1.25 1.25 1.25 1.25 1.25 1.25 1.25 1.25 1.25 1.25 1.25 1.25 1.25 1.25 1.25 1.25 1.25 1.25 1.25 1.25 1.25 1.16 1.16 1.71 1.16 1.16 1.16 1.16 1.16 1.16 1.16 1.16 1.16 1.16 1.16 1.16 1.16 1.17 1.17 1.17 1.17 1.17 1.17 1.17 1.17
1.27 1.27 1.27 1.27 1.27 1.27 1.27 1.27 1.27 1.27 1.27 1.27 1.25 1.25 1.25 1.25 1.25 1.25 1.25 1.25 1.25 1.25 1.25 1.25 1.25 1.25 1.25 1.25 1.25 1.25 1.25 1.25 1.25 4.31 1.25 1.25 1.25 1.25 1.25 1.25 1.25 1.25 1.25 1.25 1.25 1.25 1.25 1.25 1.25 1.25 1.25 1.25 1.25 1.25 1.25 1.25 1.25 1.25 1.25 1.25 1.16 1.16 1.16 1.16 1.16 1.16 1.16 1.16 1.16 1.16 1.16 1.16 1.16 1.16 1.16 1.16 1.17 1.17 1.17 1.17 1.17 1.17 1.17 1.17
1.27 1.27 1.27 1.27 1.27 1.27 1.27 1.27 1.27 1.27 1.27 1.27 1.25 1.25 1.25 1.25 1.25 1.25 1.25 1.25 1.25 1.25 1.25 1.25 1.25 1.25 1.25 1.25 1.25 1.25 1.25 1.25 3.78 4.31 1.25 1.25 1.25 1.25 1.25 1.25 1.25 1.25 1.25 1.25 1.25 1.25 1.25 1.25 1.25 1.25 1.25 1.25 1.25 1.25 1.25 1.25 1.25 1.25 1.25 1.25 1.16 1.16 1.16 1.16 1.16 1.16 1.16 1.16 1.16 1.16 1.16 1.16 1.16 1.16 1.16 1.16 1.17 1.17 1.17 1.17 1.17 1.17 1.17 1.17
1.27 1.27 1.27 1.27 1.27 1.27 1.27 1.27 1.27 1.27 1.27 1.27 1.25 1.25 1.25 1.25 1.25 1.25 1.25 1.25 1.25 1.25 1.25 1.25 1.25 1.25 1.25 1.25 1.25 1.25 1.25 3.78 3.78 3.78 1.25 1.25 1.25 1.25 1.25 1.25 1.25 1.25 1.25 1.25 1.25 1.25 1.25 1.25 1.25 1.25 1.25 1.25 1.25 1.25 1.25 1.25 1.25 1.25 1.25 1.25 1.16 1.16 1.16 1.16 1.16 1.16 1.16 1.16 1.16 1.16 1.16 1.16 1.16 1.16 1.16 1.16 1.17 1.17 1.17 1.17 1.17 1.17 1.17 1.17
1.27 1.27 1.27 1.27 1.27 1.27 1.27 1.87 1.27 1.27 1.27 1.27 1.25 1.25 1.25 1.25 1.25 1.25 1.25 1.25 1.25 1.25 1.25 1.25 1.25 1.25 1.25 1.25 1.25 1.25 3.78 3.65 3.65 1.25 1.25 1.25 1.25 1.25 1.25 1.25 1.25 1.25 1.25 1.25 1.25 1.25 1.25 1.25 1.25 1.25 1.25 1.25 1.25 1.25 1.25 1.25 1.25 1.25 1.25 1.25 1.16 1.16 1.16 1.16 1.16 1.16 1.16 1.16 1.16 1.16 1.16 1.16 1.16 1.16 1.16 1.16 1.17 1.17 1.17 1.17 1.17 1.17 1.17 1.17
1.27 1.27 1.27 1.27 1.27 1.27 1.27 1.27 1.27 1.27 1.27 1.27 1.25 1.25 1.25 1.25 1.25 1.25 1.25 1.25 1.25 1.25 1.25 1.25 1.25 1.25 1.25 1.25 1.25 1.25 1.25 3.65 3.65 3.65 1.25 3.78 1.25 1.25 1.25 1.25 1.25 1.25 1.25 1.25 1.25 1.25 1.25 1.25 1.25 1.25 1.25 1.25 1.25 1.25 1.25 1.25 1.25 1.25 1.25 1.25 1.16 1.16 1.16 1.16 1.16 1.16 1.16 1.16 1.16 1.16 1.16 1.16 1.16 1.16 1.16 1.16 1.17 1.17 1.17 1.17 1.17 1.17 1.17 1.17
1.27 1.27 4.23 1.27 1.27 1.27 1.27 1.27 4.23 3.86 3.86 1.27 1.25 1.25 1.25 1.25 1.25 1.25 1.25 1.25 1.25 1.25 4.29 1.25 1.25 1.25 1.25 1.25 1.25 1.25 1.25 3.69 3.69 3.65 3.78 3.78 1.25 1.25 1.25 1.25 1.25 1.25 1.25 1.25 1.25 1.25 1.25 1.25 1.25 1.25 1.25 1.25 1.25 1.25 1.25 1.25 1.25 1.25 1.25 1.25 1.16 1.16 1.16 1.16 1.16 1.16 1.16 1.16 1.16 1.16 1.16 1.16 1.16 1.16 1.16 1.16 1.17 1.17 1.17 1.17 1.17 1.17 1.17 1.17
4.23 4.23 1.27 4.23 1.27 3.86 1.27 4.23 4.96 4.96 4.96 4.96 1.25 1.25 1.25 1.25 3.72 1.25 1.25 3.72 1.84 1.25 1.25 1.25 1.25 1.25 1.25 1.25 1.25 1.25 1.25 1.25 3.69 3.69 3.65 3.65 1.25 1.25 1.25 1.25 1.25 1.25 1.25 1.25 1.25 1.25 1.25 1.25 1.25 1.25 1.25 1.25 1.25 1.25 1.25 1.25 1.25 1.25 1.25 1.25 1.16 1.16 1.16 1.16 1.16 1.16 1.16 1.16 1.16 1.16 1.16 1.16 1.16 1.16 1.16 1.16 1.17 1.17 1.17 1.17 1.17 1.17 1.17 1.17
4.23 4.23 3.86 3.86 3.86 3.86 1.27 1.27 4.96 4.23 5.00 3.86 3.58 3.58 3.58 4.43 3.72 1.25 3.74 3.72 1.25 1.25 1.25 1.25 1.25 1.25 1.25 1.25 1.25 1.25 1.25 1.25 1.25 4.38 3.82 3.78 1.25 1.25 1.25 1.25 1.25 1.25 1.25 1.25 1.25 1.25 1.25 1.25 1.25 1.25 1.25 1.25 1.25 1.25 1.25 1.25 1.25 1.25 1.25 1.25 1.16 1.16 1.16 1.16 1.16 1.16 1.16 1.16 1.16 1.16 1.16 1.16 1.16 1.16 1.16 1.16 1.17 1.17 1.17 1.17 1.17 1.17 1.17 1.17
4.23 3.86 4.23 3.86 5.00 4.96 3.86 3.86 3.01 4.96 3.01 3.86 3.80 3.58 3.58 1.25 1.25 1.25 1.25 3.72 3.72 1.25 1.25 1.25 1.25 1.25 1.25 1.25 1.25 1.25 1.25 1.25 1.25 1.25 1.25 3.78 3.78 1.25 1.25 1.25 1.25 1.25 1.25 1.25 1.25 1.25 1.25 1.25 1.25 1.25 1.25 1.25 1.25 1.25 1.25 1.25 1.25 1.25 1.25 1.25 1.16 1.16 1.16 1.16 1.16 1.16 1.16 1.16 1.16 1.16 1.16 1.16 1.16 1.16 1.16 1.16 1.17 1.17 1.17 1.17 1.17 1.17 1.17 1.17
1.27 3.86 4.96 4.96 5.00 3.01 5.00 4.23 3.01 4.23 4.23 3.86 3.80 3.58 1.25 1.25 1.25 1.25 3.58 3.72 3.72 1.84 1.84 1.25 1.25 1.25 3.86 1.25 1.25 1.25 1.25 1.25 1.25 1.25 1.25 3.78 1.25 1.25 1.25 1.25 1.25 1.25 1.25 1.83 1.25 1.25 1.25 1.25 1.25 1.25 1.25 1.25 1.25 1.25 1.25 1.25 1.25 1.25 1.25 1.25 1.16 1.16 1.16 1.16 1.16 1.16 1.16 1.16 1.16 1.16 1.16 1.16 1.16 1.16 1.16 1.16 1.17 1.17 1.17 1.17 1.17 1.17 1.17 1.17
5.00 3.01 1.49 3.01 4.96 3.01 5.00 4.23 5.00 3.86 5.00 3.86 4.17 4.17 1.25 1.25 1.25 1.25 3.72 3.72 3.58 1.84 1.25 1.25 1.25 3.86 3.86 3.86 1.25 1.25 1.25 1.25 1.25 1.25 1.25 1.25 3.78 3.78 1.25 1.25 1.25 1.25 1.25 1.25 1.25 1.25 1.25 1.25 1.25 1.25 1.25 1.25 1.25 1.25 1.25 1.25 1.25 1.25 1.25 1.25 1.16 1.16 1.16 1.16 1.16 1.16 1.16 1.16 1.16 1.16 1.16 1.16 1.16 1.16 1.16 1.16 1.17 1.17 1.17 1.17 1.17 1.17 1.17 1.17
3.20 2.36 3.20 2.36 2.36 2.36 3.20 2.36 3.20 2.72 2.47 2.72 4.34 1.31 1.31 1.31 1.31 1.31 3.69 1.31 3.81 1.31 1.31 1.31 3.97 3.97 3.97 3.97 3.74 1.15 1.15 1.15 1.15 1.15 1.15 1.15 1.15 1.15 1.15 1.15 1.15 1.15 1.15 1.15 1.04 1.04 1.04 1.04 1.04 1.04 1.04 1.04 1.04 1.04 1.04 1.04 1.04 1.04 1.04 1.04 1.16 1.16 1.16 1.16 1.16 1.16 1.16 1.16 1.16 1.16 1.16 1.16 1.16 1.16 1.16 1.16 1.11 1.11 1.11 1.11 1.11 1.11 1.11 1.11
2.36 3.20 3.20 3.20 3.20 3.20 2.36 2.36 3.20 3.20 2.72 0.81 4.34 1.31 3.81 3.81 1.31 1.31 1.31 1.31 1.31 1.31 1.31 1.31 3.97 3.97 3.97 3.97 3.74 1.15 1.15 1.15 1.15 1.15 1.15 1.15 1.15 1.15 1.15 1.15 1.15 1.15 1.15 1.15 1.04 1.04 1.04 1.04 1.04 1.04 1.04 1.04 1.04 1.04 1.04 1.04 1.04 1.04 1.04 1.04 1.16 1.16 1.16 1.16 1.16 1.16 1.16 1.16 1.70 1.16 1.16 1.16 1.16 1.16 1.16 1.16 1.11 1.11 1.11 1.11 1.11 1.11 1.11 1.11
2.36 3.20 0.96 3.20 3.20 2.36 3.20 3.20 3.20 2.72 2.47 0.81 1.31 1.31 4.34 3.81 1.31 1.31 1.31 1.31 1.31 1.31 1.31 1.31 3.97 3.97 3.97 3.97 3.74 1.15 1.15 1.15 1.15 1.15 1.15 1.15 1.15 1.15 1.15 1.15 1.15 1.15 1.15 1.15 1.04 1.04 1.04 1.04 1.04 1.04 1.04 1.04 1.04 1.04 1.04 1.04 1.04 1.04 1.04 1.04 1.16 1.16 1.16 1.16 1.16 1.16 1.16 1.16 3.63 1.16 1.16 1.16 1.16 1.16 1.16 1.16 1.11 1.11 1.11 1.11 1.11 1.11 1.11 1.11
3.20 2.36 2.36 3.20 3.20 3.20 3.20 3.20 2.36 0.81 0.81 0.81 4.34 1.31 1.31 1.31 1.31 1.31 1.31 1.31 1.31 1.31 1.31 1.31 3.97 3.97 3.97 3.97 3.74 1.15 1.15 1.15 1.15 1.15 1.15 1.15 1.15 1.15 1.15 1.15 1.15 1.15 1.15 1.15 1.04 1.04 1.04 1.04 1.04 1.04 1.04 1.04 1.04 1.04 1.04 1.04 1.04 1.04 1.04 1.04 1.16 1.16 1.16 1.16 1.16 1.16 1.16 1.16 1.16 1.16 1.16 1.16 1.16 1.16 1.16 1.16 1.11 1.11 1.11 1.11 1.11 1.11 1.11 1.11
0.00 0.00 3.20 3.20 0.96 2.36 3.20 3.20 2.72 0.81 0.81 0.81 1.31 1.31 1.31 1.31 1.31 1.31 1.31 1.31 1.31 1.31 1.31 1.31 3.97 3.97 3.97 3.97 3.74 3.74 1.15 1.15 1.15 1.15 1.15 1.15 1.15 1.15 1.15 1.15 1.15 1.15 1.15 1.15 1.04 1.04 1.04 1.04 1.04 1.04 1.04 1.04 1.04 1.04 1.04 1.04 1.04 1.04 1.04 1.04 1.16 1.16 1.16 1.16 1.16 1.16 1.16 1.16 1.16 1.16 1.16 1.16 1.16 1.16 1.16 1.16 1.11 1.11 1.11 1.11 1.11 1.11 1.11 1.11
0.00 0.00 0.00 2.36 2.36 3.20 2.36 3.20 2.47 0.81 0.81 0.81 1.31 1.31 1.31 1.31 1.31 1.31 1.31 1.31 1.31 1.31 3.97 3.97 3.97 3.97 3.97 3.97 3.74 3.74 1.15 1.15 3.74 1.15 1.15 3.74 3.74 3.74 1.15 1.15 1.15 1.15 1.15 1.15 1.04 1.04 1.04 1.04 1.04 1.04 1.04 1.04 1.04 1.04 1.04 1.04 1.04 1.04 1.04 1.04 1.16 1.16 1.16 1.16 1.16 1.16 1.16 1.16 1.16 1.16 1.16 1.16 1.16 1.16 1.16 1.16 1.11 1.11 1.11 1.11 1.11 1.11 1.11 1.11
0.00 0.00 0.00 0.00 2.36 2.36 3.20 3.20 0.81 0.81 0.81 0.81 1.31 1.31 1.31 1.31 1.31 1.31 1.31 1.31 1.31 3.97 3.97 3.97 3.97 3.97 3.97 3.97 3.74 3.74 3.74 3.74 3.74 3.74 3.74 3.74 3.74 1.15 1.15 1.15 1.15 1.15 1.15 1.15 1.04 1.04 1.04 1.04 1.04 1.04 1.04 1.04 1.04 1.04 1.04 1.04 1.04 1.04 1.04 1.04 1.16 1.16 1.16 1.16 1.16 1.16 1.16 1.16 1.16 1.16 1.16 1.16 1.16 1.16 1.16 1.16 1.11 1.11 1.11 1.11 1.11 1.11 1.11 1.11
0.00 0.00 0.00 0.00 2.36 2.36 0.81 0.81 0.81 0.81 0.81 0.81 1.31 1.31 1.31 1.31 1.31 1.31 1.31 1.31 1.31 1.31 3.97 3.97 3.97 3.97 3.97 3.97 3.74 3.74 3.74 3.74 3.74 3.74 3.74 3.74 3.74 3.74 3.74 1.15 1.15 1.15 1.15 1.15 1.04 1.04 1.04 1.04 1.04 1.04 1.04 1.04 1.04 1.04 1.04 1.04 1.04 1.04 1.04 1.04 1.16 1.16 1.16 1.16 1.16 1.16 1.16 1.16 1.16 1.16 1.16 1.16 1.16 1.16 1.16 1.16 1.11 1.11 1.11 1.11 1.11 1.11 1.11 1.11
0.00 0.00 0.00 0.00 3.20 3.20 0.81 0.81 0.81 0.81 0.81 0.81 1.31 1.31 1.31 1.31 1.31 1.31 1.31 3.97 3.97 3.97 3.97 3.97 3.97 3.97 3.97 3.97 3.74 3.74 3.74 3.74 3.74 3.74 3.74 3.74 3.74 3.74 3.74 1.15 1.15 1.15 1.15 1.15 1.04 1.04 1.04 1.04 1.04 1.04 1.04 1.04 1.04 1.04 1.04 1.04 1.04 1.04 1.04 1.04 1.16 1.16 1.16 1.16 1.16 1.16 1.16 1.16 1.16 1.16 1.16 1.16 1.16 1.16 1.16 1.16 1.11 1.11 1.11 1.11 1.11 1.11 1.11 3.71
0.00 0.00 0.00 0.00 0.00 0.81 0.81 0.81 0.81 0.81 0.81 0.81 1.31 1.31 1.31 1.31 4.36 4.36 3.97 3.97 3.97 3.97 3.97 3.97 3.97 3.97 3.97 3.97 3.74 3.74 3.74 3.74 3.74 3.74 3.74 3.74 1.15 1.15 1.15 1.15 1.15 1.15 1.15 1.15 1.04 1.04 1.04 1.04 1.04 1.04 1.04 1.04 1.04 1.04 1.04 1.04 1.04 1.04 1.04 1.04 1.16 1.16 1.16 1.16 1.16 1.16 1.16 1.16 1.16 1.16 1.16 1.16 1.16 1.16 1.16 1.16 1.11 1.11 1.11 1.11 1.11 1.11 1.11 3.71
0.00 0.00 0.00 0.00 0.00 0.81 0.81 0.81 0.81 0.81 0.81 0.81 1.31 1.31 1.31 1.31 1.31 1.31 1.31 3.97 3.97 3.97 3.97 3.97 3.97 3.97 3.97 4.08 3.74 3.74 1.15 3.74 3.74 3.74 3.74 1.15 1.15 1.15 1.15 1.15 1.15 1.15 1.15 1.15 1.04 1.04 1.04 1.04 1.04 1.04 1.04 1.04 1.04 1.04 1.04 1.04 1.04 1.04 1.04 1.04 1.16 1.16 1.16 1.16 1.16 1.16 1.16 1.16 1.16 1.16 1.16 1.16 1.16 1.16 1.16 1.16 1.11 1.11 1.11 1.11 1.11 1.11 1.11 1.11
0.00 0.00 0.00 0.00 2.36 0.81 0.81 0.81 0.81 2.72 0.81 0.81 1.31 1.31 1.31 1.31 1.31 1.31 1.31 1.31 1.31 3.97 3.97 1.31 1.31 3.97 3.97 4.08 3.74 3.74 3.74 3.74 3.74 3.74 1.15 1.15 1.15 1.15 1.15 1.15 1.15 1.15 1.15 1.15 1.04 1.04 1.04 1.04 1.04 1.04 1.04 1.04 1.04 1.04 1.04 1.04 1.04 1.04 1.04 1.04 1.16 1.16 1.16 1.16 1.16 1.16 1.16 1.16 1.16 1.16 1.16 1.16 1.16 1.16 1.16 1.16 1.11 1.11 1.11 1.11 3.52 1.11 1.11 1.11
0.00 0.00 0.00 2.36 2.36 0.81 0.81 0.81 2.72 2.72 0.81 0.81 1.31 1.31 1.31 1.31 1.31 1.31 1.31 1.31 1.31 1.31 1.31 1.31 1.31 1.31 3.97 4.08 3.74 3.74 3.74 3.74 3.74 3.74 3.74 1.15 1.15 1.15 1.15 1.15 1.15 1.15 1.15 1.15 1.04 1.04 1.04 1.04 1.04 1.04 1.04 1.04 1.04 1.04 1.04 1.04 1.04 1.04 1.04 1.04 1.16 1.16 1.16 1.16 1.16 1.16 1.16 1.16 1.16 1.16 1.16 1.16 1.16 1.16 1.16 1.16 1.11 1.11 1.11 1.11 1.11 1.11 1.11 1.11
0.00 0.00 0.00 2.36 0.81 0.81 0.81 2.72 2.72 2.72 2.72 2.72 1.31 1.31 1.31 1.31 1.31 1.31 1.31 1.31 1.31 1.31 1.31 1.31 1.31 1.31 1.31 4.08 3.74 3.74 3.74 3.74 3.74 3.74 3.74 3.74 1.15 1.15 1.15 1.15 1.15 1.15 1.15 1.15 1.04 1.04 1.04 1.04 1.04 1.04 1.04 1.04 1.04 1.04 1.04 1.04 1.04 1.04 1.04 1.04 1.16 1.16 1.16 1.16 1.16 1.16 1.16 1.16 1.16 1.16 1.16 1.16 1.16 1.16 1.16 1.16 1.11 1.11 1.11 1.11 1.11 1.11 3.37 1.11
0.00 0.00 0.00 2.36 3.20 2.72 2.72 2.72 2.72 2.72 0.81 0.81 1.31 1.31 1.31 1.31 1.31 1.31 1.31 1.31 1.31 1.31 1.31 1.31 1.31 1.31 1.31 1.31 1.15 1.15 3.74 3.74 3.74 3.74 3.74 3.74 1.15 1.15 1.15 1.15 1.15 1.15 1.15 1.15 1.04 1.04 1.04 1.04 1.04 1.04 1.04 1.04 1.04 1.04 1.04 1.04 1.04 1.04 1.04 1.04 1.16 1.16 1.16 1.16 1.16 1.16 1.16 1.16 1.16 1.16 1.16 1.16 1.16 1.16 1.16 4.53 4.37 3.70 4.37 4.37 1.63 3.37 1.63 3.71
0.00 0.00 2.36 2.36 2.36 2.36 3.20 2.47 2.72 2.72 0.81 0.81 1.31 1.31 1.31 1.31 1.31 1.31 1.31 1.31 1.31 1.31 1.31 1.31 1.31 1.31 1.31 1.31 1.15 1.15 1.15 3.74 1.15 3.74 1.15 3.74 1.15 1.15 1.15 1.15 1.15 1.15 1.15 1.15 1.04 1.04 1.04 1.04 1.04 1.04 1.04 1.04 1.04 1.04 1.04 1.04 1.04 1.04 1.04 1.04 1.16 1.16 1.16 1.16 1.16 1.16 1.16 1.16 1.16 1.16 1.16 1.16 1.16 1.16 1.16 1.16 1.11 4.37 4.37 4.37 3.70 3.70 3.37 3.70
0.00 0.00 3.06 2.30 2.30 3.06 3.06 2.59 0.78 0.78 0.78 0.78 1.27 1.27 1.27 1.27 1.27 1.27 1.27 1.27 1.27 1.27 1.27 1.27 1.27 1.27 1.27 1.27 1.15 1.15 1.15 1.15 1.15 1.15 1.15 3.72 1.15 1.15 1.15 1.15 1.15 1.15 1.15 1.15 1.24 1.24 1.24 1.24 1.24 1.24 1.24 1.24 1.24 1.24 1.24 1.24 1.24 1.24 1.24 1.24 1.14 1.14 1.14 1.14 1.14 1.14 1.14 1.14 1.14 1.14 1.14 1.14 1.14 1.14 1.14 1.14 0.75 0.75 0.75 2.97 2.30 2.97 2.97 2.30
0.00 0.00 0.92 3.06 0.92 2.36 2.36 0.78 2.59 0.78 0.78 0.78 1.27 1.27 1.27 1.27 1.27 1.27 1.27 1.27 1.27 1.27 1.27 1.27 1.27 1.27 1.27 1.27 1.15 1.15 1.15 1.15 1.15 1.15 1.15 3.72 1.15 1.15 1.15 1.15 1.15 1.15 1.15 1.15 1.24 1.24 1.24 1.24 1.24 1.24 1.24 1.24 1.24 1.24 1.24 1.24 1.24 1.24 1.24 1.24 1.14 1.14 1.14 1.14 1.14 1.14 1.14 1.14 1.14 1.14 1.14 1.14 1.14 1.14 1.14 1.14 0.75 0.75 0.75 2.51 2.97 2.97 2.29 0.00
0.00 0.00 2.30 2.30 3.06 2.59 0.78 0.78 0.78 0.78 0.78 0.78 1.27 1.27 1.27 1.27 1.27 1.27 1.27 1.27 1.27 1.27 1.27 1.27 1.27 1.27 1.27 1.27 1.15 1.68 1.15 1.15 1.15 1.15 1.15 1.15 1.15 1.15 1.15 1.15 1.15 1.15 1.15 1.15 1.24 1.24 1.24 1.24 1.24 1.24 1.24 1.24 1.24 1.24 1.24 1.24 1.24 1.24 1.24 1.24 1.14 1.14 1.14 1.14 1.14 1.14 1.14 1.14 1.14 1.14 1.14 1.14 1.14 1.14 1.14 1.14 0.75 0.75 0.75 0.75 2.97 2.97 2.94 0.00
0.00 0.00 2.30 3.06 3.06 0.78 0.78 0.78 0.78 0.78 0.78 0.78 1.27 1.27 1.27 1.27 1.27 1.27 1.27 1.27 1.27 1.27 1.27 1.27 1.27 1.27 1.27 1.27 1.15 1.68 1.15 1.15 1.15 1.15 1.15 1.15 1.15 1.15 1.15 1.15 1.15 1.15 1.15 1.15 1.24 1.24 1.24 1.24 1.24 1.24 1.24 1.24 1.24 1.24 1.24 1.24 1.24 1.24 1.24 1.24 1.14 1.14 1.14 1.14 1.14 1.14 1.14 1.14 1.14 1.14 1.14 1.14 1.14 1.14 1.14 1.14 0.75 0.75 2.29 2.97 2.30 2.30 0.00 0.00
0.00 0.00 0.00 3.06 2.30 2.30 2.36 2.36 0.78 0.78 0.78 0.78 1.27 1.27 1.27 1.86 1.27 1.27 1.27 1.27 1.27 1.27 1.27 1.27 1.27 1.27 1.27 1.27 1.15 1.15 1.15 1.15 1.15 1.15 1.15 1.15 1.15 1.15 1.15 1.15 1.15 1.15 1.15 1.15 1.24 1.24 1.24 1.24 1.24 1.24 1.24 1.24 1.24 1.24 1.24 1.24 1.24 1.24 1.24 1.24 1.14 1.14 1.14 1.14 1.14 1.14 1.14 1.14 1.14 1.14 1.14 1.14 1.14 1.14 1.14 1.14 0.75 0.75 2.29 2.51 2.30 2.30 0.00 0.00
0.00 0.00 0.00 0.08 2.30 0.92 2.36 2.36 0.78 0.78 0.78 0.78 1.27 1.27 1.27 1.27 1.27 1.27 1.27 1.27 1.27 1.27 1.27 1.27 1.27 1.27 1.27 1.27 1.15 1.15 1.15 1.15 1.15 1.15 1.15 1.15 1.15 1.15 1.15 1.15 1.15 1.15 1.15 1.15 1.24 1.24 1.24 1.24 1.24 1.24 1.24 1.24 1.24 1.24 1.24 1.24 1.24 1.24 1.24 1.24 1.14 1.14 1.14 1.14 1.14 1.14 1.14 1.14 1.14 1.14 1.14 1.14 1.14 1.14 1.14 1.14 0.75 0.75 0.75 2.51 2.30 2.94 0.00 0.00
