New_Model_Runs/5_FutureClimate_BASE_out/post_prcessed_with_MFR/Monthly_summaries/actual_et_monthly_DEC.asc
NCOLS 700
NROWS 400
XLLCENTER 515000.000000
YLLCENTER 8409000.000000
CELLSIZE 50.000000
NODATA_value -999.000000
[rows 114 to 151 of 400, columns 420 to 503 of 700]
1.43 1.43 1.43 1.43 1.43 1.43 1.43 1.43 1.43 1.43 1.43 1.43 1.40 1.40 1.40 1.40 1.40 1.40 1.40 1.40 1.40 1.40 4.65 4.65 1.40 1.40 4.65 4.65 3.44 5.45 5.08 4.34 4.34 4.38 1.38 1.38 1.38 1.38 1.38 1.38 1.38 1.38 1.38 1.38 1.37 1.37 1.37 1.37 1.37 1.37 1.37 1.37 1.37 1.37 1.37 1.37 1.37 4.31 4.37 4.31 1.87 1.87 1.28 1.28 1.28 3.99 3.99 3.99 4.01 4.01 1.87 1.28 1.28 1.28 1.28 1.28 1.29 1.29 1.29 1.29 1.29 1.29 1.29 1.29
1.43 1.43 1.43 1.43 1.43 1.43 1.43 1.43 1.43 1.43 1.43 1.43 1.40 1.40 1.40 1.40 1.40 1.40 1.40 1.40 1.40 1.40 1.40 1.40 1.40 4.65 4.65 1.40 4.61 5.45 5.08 4.34 1.38 1.38 4.11 1.38 1.38 1.38 1.38 1.38 1.38 1.38 1.38 1.38 1.37 1.37 1.37 1.37 1.37 1.37 1.37 1.37 1.37 1.37 1.37 1.37 4.31 4.31 4.31 4.31 4.05 1.28 1.28 1.28 1.28 3.99 3.99 3.99 4.01 4.01 4.04 1.28 1.28 1.28 1.28 1.28 1.29 1.29 1.29 1.29 1.29 1.29 1.29 1.29
1.43 1.43 1.43 1.43 1.43 1.43 1.43 1.43 1.43 1.43 1.43 1.43 1.40 1.40 1.40 1.40 1.40 1.40 1.40 1.40 1.40 1.40 1.40 1.40 1.40 1.40 1.40 1.40 1.38 1.38 4.08 3.35 4.08 4.08 4.08 1.38 1.38 1.38 1.38 1.38 1.38 1.38 1.38 1.38 1.37 1.37 1.37 1.37 1.37 1.37 1.37 1.37 1.37 1.37 1.37 1.37 1.37 4.31 4.31 4.31 4.05 4.05 1.28 1.28 1.28 1.28 1.28 1.28 1.87 4.01 4.04 1.28 1.28 1.28 1.28 1.28 1.29 1.29 1.29 1.29 1.29 1.29 1.29 1.29
1.43 1.43 1.43 1.43 1.43 1.43 1.43 1.43 1.43 1.43 1.43 1.43 1.40 1.40 1.40 1.40 1.40 1.40 1.40 1.40 1.40 1.40 1.40 1.40 1.40 1.40 1.40 4.24 1.38 4.62 4.08 4.08 4.08 4.08 1.38 1.38 4.34 1.38 1.38 1.38 1.38 1.38 1.38 1.38 1.37 1.37 1.37 1.37 1.37 1.37 1.37 1.37 1.37 1.37 1.37 1.37 1.37 1.37 1.37 1.37 1.28 1.28 1.87 1.28 1.28 1.28 1.28 1.28 1.28 1.28 1.28 1.28 1.28 1.28 1.28 1.28 1.29 1.29 1.29 1.29 1.29 1.29 1.29 1.29
1.43 1.43 1.43 1.43 1.43 1.43 1.43 1.43 1.43 1.43 1.43 1.43 1.40 1.40 1.40 1.40 1.40 1.40 1.40 1.40 1.40 1.40 1.40 1.40 1.40 1.40 1.40 1.40 4.62 4.38 4.34 4.34 4.08 1.38 1.38 1.38 1.38 1.38 1.38 1.38 1.38 1.38 1.38 1.38 1.37 1.37 1.37 1.37 1.37 1.37 1.37 1.37 1.37 1.37 1.37 1.37 1.37 1.37 1.37 1.37 1.28 1.28 1.87 1.28 1.28 1.28 1.28 1.28 1.28 1.28 1.28 1.28 1.28 1.28 1.28 1.28 1.29 1.29 1.29 1.29 1.29 1.29 1.29 1.29
1.43 1.43 1.43 1.43 1.43 1.43 1.43 1.43 1.43 1.43 1.43 1.43 1.40 1.40 1.40 1.40 1.40 1.40 1.40 1.40 1.40 1.40 1.40 1.40 1.40 1.40 1.40 1.40 1.38 1.38 1.38 1.38 1.38 5.08 1.38 1.38 1.38 1.38 1.38 1.38 1.38 1.38 1.38 1.38 1.37 1.37 1.37 1.37 1.37 1.37 1.37 1.37 1.37 1.37 1.37 1.37 1.37 1.37 1.37 1.37 1.28 1.28 1.28 1.28 1.28 1.28 1.28 1.28 1.28 1.28 1.28 1.28 1.28 1.28 1.28 1.28 1.29 1.29 1.29 1.29 1.29 1.29 1.29 1.29
1.43 1.43 1.43 1.43 1.43 1.43 1.43 1.43 1.43 1.43 1.43 1.43 1.40 1.40 1.40 1.40 1.40 1.40 1.40 1.40 1.40 1.40 1.40 1.40 1.40 1.40 1.40 1.40 1.38 1.38 1.38 1.38 4.34 5.08 1.38 1.38 1.38 1.38 1.38 1.38 1.38 1.38 1.38 1.38 1.37 1.37 1.37 1.37 1.37 1.37 1.37 1.37 1.37 1.37 1.37 1.37 1.37 1.37 1.37 1.37 1.28 1.28 1.28 1.28 1.28 1.28 1.28 1.28 1.28 1.28 1.28 1.28 1.28 1.28 1.28 1.28 1.29 1.29 1.29 1.29 1.29 1.29 1.29 1.29
1.43 1.43 1.43 1.43 1.43 1.43 1.43 1.43 1.43 1.43 1.43 1.43 1.40 1.40 1.40 1.40 1.40 1.40 1.40 1.40 1.40 1.40 1.40 1.40 1.40 1.40 1.40 1.40 1.38 1.38 1.38 4.34 4.34 4.34 1.38 1.38 1.38 1.38 1.38 1.38 1.38 1.38 1.38 1.38 1.37 1.37 1.37 1.37 1.37 1.37 1.37 1.37 1.37 1.37 1.37 1.37 1.37 1.37 1.37 1.37 1.28 1.28 1.28 1.28 1.28 1.28 1.28 1.28 1.28 1.28 1.28 1.28 1.28 1.28 1.28 1.28 1.29 1.29 1.29 1.29 1.29 1.29 1.29 1.29
1.43 1.43 1.43 1.43 1.43 1.43 1.43 2.09 1.43 1.43 1.43 1.43 1.40 1.40 1.40 1.40 1.40 1.40 1.40 1.40 1.40 1.40 1.40 1.40 1.40 1.40 1.40 1.40 1.38 1.38 4.34 4.08 4.08 1.38 1.38 1.38 1.38 1.38 1.38 1.38 1.38 1.38 1.38 1.38 1.37 1.37 1.37 1.37 1.37 1.37 1.37 1.37 1.37 1.37 1.37 1.37 1.37 1.37 1.37 1.37 1.28 1.28 1.28 1.28 1.28 1.28 1.28 1.28 1.28 1.28 1.28 1.28 1.28 1.28 1.28 1.28 1.29 1.29 1.29 1.29 1.29 1.29 1.29 1.29
1.43 1.43 1.43 1.43 1.43 1.43 1.43 1.43 1.43 1.43 1.43 1.43 1.40 1.40 1.40 1.40 1.40 1.40 1.40 1.40 1.40 1.40 1.40 1.40 1.40 1.40 1.40 1.40 1.38 1.38 1.38 4.08 4.08 4.08 1.38 4.34 1.38 1.38 1.38 1.38 1.38 1.38 1.38 1.38 1.37 1.37 1.37 1.37 1.37 1.37 1.37 1.37 1.37 1.37 1.37 1.37 1.37 1.37 1.37 1.37 1.28 1.28 1.28 1.28 1.28 1.28 1.28 1.28 1.28 1.28 1.28 1.28 1.28 1.28 1.28 1.28 1.29 1.29 1.29 1.29 1.29 1.29 1.29 1.29
1.43 1.43 4.71 1.43 1.43 1.43 1.43 1.43 4.71 4.33 4.33 1.43 1.40 1.40 1.40 1.40 1.40 1.40 1.40 1.40 1.40 1.40 5.49 1.40 1.40 1.40 1.40 1.40 1.38 1.38 1.38 4.11 4.11 4.08 4.34 4.34 1.38 1.38 1.38 1.38 1.38 1.38 1.38 1.38 1.37 1.37 1.37 1.37 1.37 1.37 1.37 1.37 1.37 1.37 1.37 1.37 1.37 1.37 1.37 1.37 1.28 1.28 1.28 1.28 1.28 1.28 1.28 1.28 1.28 1.28 1.28 1.28 1.28 1.28 1.28 1.28 1.29 1.29 1.29 1.29 1.29 1.29 1.29 1.29
4.73 4.71 1.43 4.71 1.43 4.33 1.43 4.71 5.57 5.57 5.57 5.57 1.40 1.40 1.40 1.40 4.65 1.40 1.40 4.65 2.05 1.40 1.40 1.40 1.40 1.40 1.40 1.40 1.38 1.38 1.38 1.38 4.11 4.11 4.08 4.08 1.38 1.38 1.38 1.38 1.38 1.38 1.38 1.38 1.37 1.37 1.37 1.37 1.37 1.37 1.37 1.37 1.37 1.37 1.37 1.37 1.37 1.37 1.37 1.37 1.28 1.28 1.28 1.28 1.28 1.28 1.28 1.28 1.28 1.28 1.28 1.28 1.28 1.28 1.28 1.28 1.29 1.29 1.29 1.29 1.29 1.29 1.29 1.29
4.71 4.71 4.33 4.33 4.33 4.33 1.43 1.43 5.57 4.71 5.60 4.33 4.24 4.24 4.24 5.50 4.65 1.40 4.42 4.65 1.40 1.40 1.40 1.40 1.40 1.40 1.40 1.40 1.38 1.38 1.38 1.38 1.38 5.13 4.38 4.34 1.38 1.38 1.38 1.38 1.38 1.38 1.38 1.38 1.37 1.37 1.37 1.37 1.37 1.37 1.37 1.37 1.37 1.37 1.37 1.37 1.37 1.37 1.37 1.37 1.28 1.28 1.28 1.28 1.28 1.28 1.28 1.28 1.28 1.28 1.28 1.28 1.28 1.28 1.28 1.28 1.29 1.29 1.29 1.29 1.29 1.29 1.29 1.29
4.71 4.33 4.71 4.33 5.60 5.57 4.33 4.33 3.79 5.57 3.79 4.33 4.24 4.24 4.24 1.40 1.40 1.40 1.40 4.65 4.65 1.40 1.40 1.40 1.40 1.40 1.40 1.40 1.38 1.38 1.38 1.38 1.38 1.38 1.38 4.34 4.34 1.38 1.38 1.38 1.38 1.38 1.38 1.38 1.37 1.37 1.37 1.37 1.37 1.37 1.37 1.37 1.37 1.37 1.37 1.37 1.37 1.37 1.37 1.37 1.28 1.28 1.28 1.28 1.28 1.28 1.28 1.28 1.28 1.28 1.28 1.28 1.28 1.28 1.28 1.28 1.29 1.29 1.29 1.29 1.29 1.29 1.29 1.29
1.43 4.33 5.57 5.57 5.60 3.79 5.60 4.71 3.79 4.71 4.71 4.33 4.24 4.24 1.40 1.40 1.40 1.40 4.24 4.65 4.65 2.05 2.05 1.40 1.40 1.40 4.66 1.40 1.38 1.38 1.38 1.38 1.38 1.38 1.38 4.34 1.38 1.38 1.38 1.38 1.38 1.38 1.38 2.03 1.37 1.37 1.37 1.37 1.37 1.37 1.37 1.37 1.37 1.37 1.37 1.37 1.37 1.37 1.37 1.37 1.28 1.28 1.28 1.28 1.28 1.28 1.28 1.28 1.28 1.28 1.28 1.28 1.28 1.28 1.28 1.28 1.29 1.29 1.29 1.29 1.29 1.29 1.29 1.29
5.60 3.79 1.67 3.79 5.57 3.79 5.60 4.71 5.60 4.33 5.60 4.33 4.63 4.63 1.40 1.40 1.40 1.40 4.65 4.65 4.24 2.05 1.40 1.40 1.40 4.66 4.66 4.66 1.38 1.38 1.38 1.38 1.38 1.38 1.38 1.38 4.34 4.34 1.38 1.38 1.38 1.38 1.38 1.38 1.37 1.37 1.37 1.37 1.37 1.37 1.37 1.37 1.37 1.37 1.37 1.37 1.37 1.37 1.37 1.37 1.28 1.28 1.28 1.28 1.28 1.28 1.28 1.28 1.28 1.28 1.28 1.28 1.28 1.28 1.28 1.28 1.29 1.29 1.29 1.29 1.29 1.29 1.29 1.29
3.66 2.82 3.66 2.82 2.82 2.82 3.66 2.82 3.66 3.11 2.83 3.11 4.78 1.45 1.45 1.45 1.45 1.45 4.39 1.45 4.82 1.45 1.45 1.45 4.83 4.83 4.83 4.83 4.12 1.26 1.26 1.26 1.26 1.26 1.26 1.26 1.26 1.26 1.26 1.26 1.26 1.26 1.26 1.26 1.13 1.13 1.13 1.13 1.13 1.13 1.13 1.13 1.13 1.13 1.13 1.13 1.13 1.13 1.13 1.13 1.27 1.27 1.27 1.27 1.27 1.27 1.27 1.27 1.27 1.27 1.27 1.27 1.27 1.27 1.27 1.27 1.21 1.21 1.21 1.21 1.21 1.21 1.21 1.21
2.82 3.66 3.66 3.66 3.66 3.66 2.82 2.82 3.66 3.66 3.11 0.93 4.78 1.45 4.82 4.82 1.45 1.45 1.45 1.45 1.45 1.45 1.45 1.45 4.83 4.83 4.83 4.83 4.12 1.26 1.26 1.26 1.26 1.26 1.26 1.26 1.26 1.26 1.26 1.26 1.26 1.26 1.26 1.26 1.13 1.13 1.13 1.13 1.13 1.13 1.13 1.13 1.13 1.13 1.13 1.13 1.13 1.13 1.13 1.13 1.27 1.27 1.27 1.27 1.27 1.27 1.27 1.27 1.86 1.27 1.27 1.27 1.27 1.27 1.27 1.27 1.21 1.21 1.21 1.21 1.21 1.21 1.21 1.21
2.82 3.66 1.10 3.66 3.66 2.82 3.66 3.66 3.66 3.11 2.83 0.93 1.45 1.45 4.78 4.82 1.45 1.45 1.45 1.45 1.45 1.45 1.45 1.45 4.83 4.83 4.83 4.83 4.12 1.26 1.26 1.26 1.26 1.26 1.26 1.26 1.26 1.26 1.26 1.26 1.26 1.26 1.26 1.26 1.13 1.13 1.13 1.13 1.13 1.13 1.13 1.13 1.13 1.13 1.13 1.13 1.13 1.13 1.13 1.13 1.27 1.27 1.27 1.27 1.27 1.27 1.27 1.27 4.00 1.27 1.27 1.27 1.27 1.27 1.27 1.27 1.21 1.21 1.21 1.21 1.21 1.21 1.21 1.21
3.66 2.82 2.82 3.66 3.66 3.66 3.66 3.66 2.82 0.93 0.93 0.93 4.78 1.45 1.45 1.45 1.45 1.45 1.45 1.45 1.45 1.45 1.45 1.45 4.83 4.83 4.83 4.83 4.12 1.26 1.26 1.26 1.26 1.26 1.26 1.26 1.26 1.26 1.26 1.26 1.26 1.26 1.26 1.26 1.13 1.13 1.13 1.13 1.13 1.13 1.13 1.13 1.13 1.13 1.13 1.13 1.13 1.13 1.13 1.13 1.27 1.27 1.27 1.27 1.27 1.27 1.27 1.27 1.27 1.27 1.27 1.27 1.27 1.27 1.27 1.27 1.21 1.21 1.21 1.21 1.21 1.21 1.21 1.21
0.00 0.00 3.66 3.66 1.10 2.82 3.66 3.66 3.11 0.93 0.93 0.93 1.45 1.45 1.45 1.45 1.45 1.45 1.45 1.45 1.45 1.45 1.45 1.45 4.83 4.83 4.83 4.83 4.12 4.12 1.26 1.26 1.26 1.26 1.26 1.26 1.26 1.26 1.26 1.26 1.26 1.26 1.26 1.26 1.13 1.13 1.13 1.13 1.13 1.13 1.13 1.13 1.13 1.13 1.13 1.13 1.13 1.13 1.13 1.13 1.27 1.27 1.27 1.27 1.27 1.27 1.27 1.27 1.27 1.27 1.27 1.27 1.27 1.27 1.27 1.27 1.21 1.21 1.21 1.21 1.21 1.21 1.21 1.21
0.00 0.00 0.00 2.82 2.82 3.66 2.82 3.66 2.83 0.93 0.93 0.93 1.45 1.45 1.45 1.45 1.45 1.45 1.45 1.45 1.45 1.45 4.83 4.83 4.83 4.83 4.83 4.83 4.12 4.12 1.26 1.26 4.12 1.26 1.26 4.12 4.12 4.12 1.26 1.26 1.26 1.26 1.26 1.26 1.13 1.13 1.13 1.13 1.13 1.13 1.13 1.13 1.13 1.13 1.13 1.13 1.13 1.13 1.13 1.13 1.27 1.27 1.27 1.27 1.27 1.27 1.27 1.27 1.27 1.27 1.27 1.27 1.27 1.27 1.27 1.27 1.21 1.21 1.21 1.21 1.21 1.21 1.21 1.21
0.00 0.00 0.00 0.00 2.82 2.82 3.66 3.66 0.93 0.93 0.93 0.93 1.45 1.45 1.45 1.45 1.45 1.45 1.45 1.45 1.45 4.83 4.83 4.83 4.83 4.83 4.83 4.83 4.12 4.12 4.12 4.12 4.12 4.12 4.12 4.12 4.12 1.26 1.26 1.26 1.26 1.26 1.26 1.26 1.13 1.13 1.13 1.13 1.13 1.13 1.13 1.13 1.13 1.13 1.13 1.13 1.13 1.13 1.13 1.13 1.27 1.27 1.27 1.27 1.27 1.27 1.27 1.27 1.27 1.27 1.27 1.27 1.27 1.27 1.27 1.27 1.21 1.21 1.21 1.21 1.21 1.21 1.21 1.21
0.00 0.00 0.00 0.00 2.82 2.82 0.93 0.93 0.93 0.93 0.93 0.93 1.45 1.45 1.45 1.45 1.45 1.45 1.45 1.45 1.45 1.45 4.83 4.83 4.83 4.83 4.83 4.83 4.12 4.12 4.12 4.12 4.12 4.12 4.12 4.12 4.12 4.12 4.12 1.26 1.26 1.26 1.26 1.26 1.13 1.13 1.13 1.13 1.13 1.13 1.13 1.13 1.13 1.13 1.13 1.13 1.13 1.13 1.13 1.13 1.27 1.27 1.27 1.27 1.27 1.27 1.27 1.27 1.27 1.27 1.27 1.27 1.27 1.27 1.27 1.27 1.21 1.21 1.21 1.21 1.21 1.21 1.21 1.21
0.00 0.00 0.00 0.00 3.66 3.66 0.93 0.93 0.93 0.93 0.93 0.93 1.45 1.45 1.45 1.45 1.45 1.45 1.45 4.83 4.83 4.83 4.83 4.83 4.83 4.83 4.83 4.83 4.12 4.12 4.12 4.12 4.12 4.12 4.12 4.12 4.12 4.12 4.12 1.26 1.26 1.26 1.26 1.26 1.13 1.13 1.13 1.13 1.13 1.13 1.13 1.13 1.13 1.13 1.13 1.13 1.13 1.13 1.13 1.13 1.27 1.27 1.27 1.27 1.27 1.27 1.27 1.27 1.27 1.27 1.27 1.27 1.27 1.27 1.27 1.27 1.21 1.21 1.21 1.21 1.21 1.21 1.21 4.02
0.00 0.00 0.00 0.00 0.00 0.93 0.93 0.93 0.93 0.93 0.93 0.93 1.45 1.45 1.45 1.45 4.83 4.83 4.83 4.83 4.83 4.83 4.83 4.83 4.83 4.83 4.83 4.83 4.12 4.12 4.12 4.12 4.12 4.12 4.12 4.12 1.26 1.26 1.26 1.26 1.26 1.26 1.26 1.26 1.13 1.13 1.13 1.13 1.13 1.13 1.13 1.13 1.13 1.13 1.13 1.13 1.13 1.13 1.13 1.13 1.27 1.27 1.27 1.27 1.27 1.27 1.27 1.27 1.27 1.27 1.27 1.27 1.27 1.27 1.27 1.27 1.21 1.21 1.21 1.21 1.21 1.21 1.21 4.02
0.00 0.00 0.00 0.00 0.00 0.93 0.93 0.93 0.93 0.93 0.93 0.93 1.45 1.45 1.45 1.45 1.45 1.45 1.45 4.83 4.83 4.83 4.83 4.83 4.83 4.83 4.83 4.64 4.12 4.12 1.26 4.12 4.12 4.12 4.12 1.26 1.26 1.26 1.26 1.26 1.26 1.26 1.26 1.26 1.13 1.13 1.13 1.13 1.13 1.13 1.13 1.13 1.13 1.13 1.13 1.13 1.13 1.13 1.13 1.13 1.27 1.27 1.27 1.27 1.27 1.27 1.27 1.27 1.27 1.27 1.27 1.27 1.27 1.27 1.27 1.27 1.21 1.21 1.21 1.21 1.21 1.21 1.21 1.21
0.00 0.00 0.00 0.00 2.82 0.93 0.93 0.93 0.93 3.11 0.93 0.93 1.45 1.45 1.45 1.45 1.45 1.45 1.45 1.45 1.45 4.83 4.83 1.45 1.45 4.83 4.83 4.64 4.12 4.12 4.12 4.12 4.12 4.12 1.26 1.26 1.26 1.26 1.26 1.26 1.26 1.26 1.26 1.26 1.13 1.13 1.13 1.13 1.13 1.13 1.13 1.13 1.13 1.13 1.13 1.13 1.13 1.13 1.13 1.13 1.27 1.27 1.27 1.27 1.27 1.27 1.27 1.27 1.27 1.27 1.27 1.27 1.27 1.27 1.27 1.27 1.21 1.21 1.21 1.21 3.84 1.21 1.21 1.21
0.00 0.00 0.00 2.82 2.82 0.93 0.93 0.93 3.11 3.11 0.93 0.93 1.45 1.45 1.45 1.45 1.45 1.45 1.45 1.45 1.45 1.45 1.45 1.45 1.45 1.45 4.83 4.64 4.12 4.12 4.12 4.12 4.12 4.12 4.12 1.26 1.26 1.26 1.26 1.26 1.26 1.26 1.26 1.26 1.13 1.13 1.13 1.13 1.13 1.13 1.13 1.13 1.13 1.13 1.13 1.13 1.13 1.13 1.13 1.13 1.27 1.27 1.27 1.27 1.27 1.27 1.27 1.27 1.27 1.27 1.27 1.27 1.27 1.27 1.27 1.27 1.21 1.21 1.21 1.21 1.21 1.21 1.21 1.21
0.00 0.00 0.00 2.82 0.93 0.93 0.93 3.11 3.11 3.11 3.11 3.11 1.45 1.45 1.45 1.45 1.45 1.45 1.45 1.45 1.45 1.45 1.45 1.45 1.45 1.45 1.45 4.64 4.12 4.12 4.12 4.12 4.12 4.12 4.12 4.12 1.26 1.26 1.26 1.26 1.26 1.26 1.26 1.26 1.13 1.13 1.13 1.13 1.13 1.13 1.13 1.13 1.13 1.13 1.13 1.13 1.13 1.13 1.13 1.13 1.27 1.27 1.27 1.27 1.27 1.27 1.27 1.27 1.27 1.27 1.27 1.27 1.27 1.27 1.27 1.27 1.21 1.21 1.21 1.21 1.21 1.21 3.68 1.21
0.00 0.00 0.00 2.82 3.67 3.11 3.11 3.11 3.11 3.11 0.93 0.93 1.45 1.45 1.45 1.45 1.45 1.45 1.45 1.45 1.45 1.45 1.45 1.45 1.45 1.45 1.45 1.45 1.26 1.26 4.12 4.12 4.12 4.12 4.12 4.12 1.26 1.26 1.26 1.26 1.26 1.26 1.26 1.26 1.13 1.13 1.13 1.13 1.13 1.13 1.13 1.13 1.13 1.13 1.13 1.13 1.13 1.13 1.13 1.13 1.27 1.27 1.27 1.27 1.27 1.27 1.27 1.27 1.27 1.27 1.27 1.27 1.27 1.27 1.27 4.86 4.68 4.00 4.68 4.68 1.78 3.68 1.78 4.02
0.00 0.00 2.82 2.82 2.82 2.82 3.67 2.83 3.11 3.11 0.93 0.93 1.45 1.45 1.45 1.45 1.45 1.45 1.45 1.45 1.45 1.45 1.45 1.45 1.45 1.45 1.45 1.45 1.26 1.26 1.26 4.12 1.26 4.12 1.26 4.12 1.26 1.26 1.26 1.26 1.26 1.26 1.26 1.26 1.13 1.13 1.13 1.13 1.13 1.13 1.13 1.13 1.13 1.13 1.13 1.13 1.13 1.13 1.13 1.13 1.27 1.27 1.27 1.27 1.27 1.27 1.27 1.27 1.27 1.27 1.27 1.27 1.27 1.27 1.27 1.27 1.21 4.68 4.68 4.68 4.00 4.00 3.68 4.00
0.00 0.00 3.51 2.72 2.72 3.51 3.51 2.98 0.89 0.89 0.89 0.89 1.40 1.40 1.40 1.40 1.40 1.40 1.40 1.40 1.40 1.40 1.40 1.40 1.40 1.40 1.40 1.40 1.27 1.27 1.27 1.27 1.27 1.27 1.27 4.13 1.27 1.27 1.27 1.27 1.27 1.27 1.27 1.27 1.38 1.38 1.38 1.38 1.38 1.38 1.38 1.38 1.38 1.38 1.38 1.38 1.38 1.38 1.38 1.38 1.26 1.26 1.26 1.26 1.26 1.26 1.26 1.26 1.26 1.26 1.26 1.26 1.26 1.26 1.26 1.26 0.84 0.84 0.84 3.32 2.74 3.32 3.32 2.74
0.00 0.00 1.05 3.51 1.05 2.71 2.71 0.89 2.98 0.89 0.89 0.89 1.40 1.40 1.40 1.40 1.40 1.40 1.40 1.40 1.40 1.40 1.40 1.40 1.40 1.40 1.40 1.40 1.27 1.27 1.27 1.27 1.27 1.27 1.27 4.13 1.27 1.27 1.27 1.27 1.27 1.27 1.27 1.27 1.38 1.38 1.38 1.38 1.38 1.38 1.38 1.38 1.38 1.38 1.38 1.38 1.38 1.38 1.38 1.38 1.26 1.26 1.26 1.26 1.26 1.26 1.26 1.26 1.26 1.26 1.26 1.26 1.26 1.26 1.26 1.26 0.84 0.84 0.84 2.82 3.32 3.32 2.56 0.00
0.00 0.00 2.72 2.72 3.51 2.98 0.89 0.89 0.89 0.89 0.89 0.89 1.40 1.40 1.40 1.40 1.40 1.40 1.40 1.40 1.40 1.40 1.40 1.40 1.40 1.40 1.40 1.40 1.27 1.86 1.27 1.27 1.27 1.27 1.27 1.27 1.27 1.27 1.27 1.27 1.27 1.27 1.27 1.27 1.38 1.38 1.38 1.38 1.38 1.38 1.38 1.38 1.38 1.38 1.38 1.38 1.38 1.38 1.38 1.38 1.26 1.26 1.26 1.26 1.26 1.26 1.26 1.26 1.26 1.26 1.26 1.26 1.26 1.26 1.26 1.26 0.84 0.84 0.84 0.84 3.32 3.32 3.25 0.00
0.00 0.00 2.72 3.51 3.51 0.89 0.89 0.89 0.89 0.89 0.89 0.89 1.40 1.40 1.40 1.40 1.40 1.40 1.40 1.40 1.40 1.40 1.40 1.40 1.40 1.40 1.40 1.40 1.27 1.86 1.27 1.27 1.27 1.27 1.27 1.27 1.27 1.27 1.27 1.27 1.27 1.27 1.27 1.27 1.38 1.38 1.38 1.38 1.38 1.38 1.38 1.38 1.38 1.38 1.38 1.38 1.38 1.38 1.38 1.38 1.26 1.26 1.26 1.26 1.26 1.26 1.26 1.26 1.26 1.26 1.26 1.26 1.26 1.26 1.26 1.26 0.84 0.84 2.56 3.32 2.74 2.74 0.00 0.00
0.00 0.00 0.00 3.51 2.72 2.72 2.71 2.71 0.89 0.89 0.89 0.89 1.40 1.40 1.40 2.06 1.40 1.40 1.40 1.40 1.40 1.40 1.40 1.40 1.40 1.40 1.40 1.40 1.27 1.27 1.27 1.27 1.27 1.27 1.27 1.27 1.27 1.27 1.27 1.27 1.27 1.27 1.27 1.27 1.38 1.38 1.38 1.38 1.38 1.38 1.38 1.38 1.38 1.38 1.38 1.38 1.38 1.38 1.38 1.38 1.26 1.26 1.26 1.26 1.26 1.26 1.26 1.26 1.26 1.26 1.26 1.26 1.26 1.26 1.26 1.26 0.84 0.84 2.56 2.82 2.74 2.74 0.00 0.00
0.00 0.00 0.00 0.00 2.72 1.05 2.71 2.71 0.89 0.89 0.89 0.89 1.40 1.40 1.40 1.40 1.40 1.40 1.40 1.40 1.40 1.40 1.40 1.40 1.40 1.40 1.40 1.40 1.27 1.27 1.27 1.27 1.27 1.27 1.27 1.27 1.27 1.27 1.27 1.27 1.27 1.27 1.27 1.27 1.38 1.38 1.38 1.38 1.38 1.38 1.38 1.38 1.38 1.38 1.38 1.38 1.38 1.38 1.38 1.38 1.26 1.26 1.26 1.26 1.26 1.26 1.26 1.26 1.26 1.26 1.26 1.26 1.26 1.26 1.26 1.26 0.84 0.84 0.84 2.82 2.74 3.25 0.00 0.00
