New_Model_Runs/5_FutureClimate_BASE_out/post_prcessed_with_MFR/Monthly_summaries/actual_et_monthly_MAR.asc
NCOLS 700
NROWS 400
XLLCENTER 515000.000000
YLLCENTER 8409000.000000
CELLSIZE 50.000000
NODATA_value -999.000000
[rows 266 to 303 of 400, columns 168 to 251 of 700]
3.95 3.95 3.95 1.91 3.95 1.30 1.30 1.30 1.36 1.36 1.36 1.36 1.36 1.36 1.36 1.36 1.36 1.36 1.36 1.36 1.36 1.36 1.36 1.36 1.24 1.24 1.24 1.24 1.24 1.24 4.12 1.24 1.24 1.24 1.24 1.24 1.24 1.24 1.24 1.24 1.32 1.32 1.32 4.39 1.32 1.32 1.32 1.32 1.93 4.39 4.39 4.39 4.39 4.39 4.39 4.39 4.16 4.16 4.16 4.16 4.16 4.16 3.78 3.78 3.78 4.16 4.90 3.78 3.78 3.78 4.16 4.16 3.98 5.16 4.37 5.16 5.16 4.17 5.16 3.98 3.98 3.98 3.98 3.98
3.95 3.95 4.34 3.95 3.95 4.34 1.30 1.30 1.36 1.36 1.36 1.36 1.36 1.36 1.36 1.36 1.36 1.36 1.36 1.36 1.36 1.36 1.36 1.36 1.24 1.24 1.24 1.24 1.24 1.24 4.12 3.75 4.12 1.24 1.24 1.24 1.24 1.24 1.24 1.24 1.32 1.32 1.32 1.32 4.39 1.32 1.32 1.32 1.32 4.39 4.39 4.39 3.99 4.39 4.39 4.39 4.16 4.16 3.78 4.16 4.16 4.16 4.16 3.78 3.78 3.78 4.90 3.78 3.78 4.16 4.16 4.16 5.16 5.16 5.16 5.16 4.17 5.16 5.16 5.16 5.16 4.37 4.37 4.37
3.95 3.95 4.34 5.12 4.34 4.34 1.30 1.30 1.36 1.36 1.36 1.36 1.36 1.36 1.36 1.36 1.36 1.36 1.36 1.36 1.36 1.36 1.36 1.36 1.24 1.24 1.24 1.24 1.24 1.24 4.12 4.12 4.12 4.12 1.24 1.24 1.24 1.24 1.24 1.24 1.32 1.32 1.32 1.32 4.39 4.39 1.32 4.39 4.39 4.39 4.39 4.39 3.99 4.39 4.39 4.39 3.78 4.16 3.78 4.16 4.16 4.16 3.78 4.90 4.90 4.90 4.90 4.90 4.90 4.16 4.16 4.16 4.37 5.16 5.16 4.17 4.37 4.37 3.98 4.37 3.98 5.16 5.16 4.37
5.12 3.95 5.12 4.34 4.34 4.34 1.30 1.30 1.36 1.36 1.36 1.36 1.36 1.36 1.36 1.36 1.36 1.36 1.36 1.36 1.36 1.36 1.36 1.36 1.24 1.24 1.24 1.24 1.24 1.24 1.24 4.12 4.12 1.24 1.24 1.24 1.24 1.24 1.24 1.24 1.32 4.39 4.39 1.32 4.39 4.39 3.99 3.99 4.39 4.39 4.39 4.39 1.32 1.32 1.32 3.99 3.78 3.78 4.90 3.78 4.16 4.16 3.78 4.16 3.78 3.78 3.78 4.90 4.90 4.16 4.90 4.16 4.37 5.16 5.16 5.16 3.98 3.98 5.16 4.37 3.98 3.98 4.37 1.31
3.95 3.95 5.12 3.95 4.34 3.95 1.30 1.30 1.36 1.36 4.52 1.99 1.99 1.99 1.36 1.36 1.36 1.36 1.36 1.36 1.36 1.36 1.36 1.36 1.24 1.24 1.24 1.24 1.24 1.24 4.12 4.12 4.12 1.24 1.24 1.24 1.24 1.24 1.24 1.24 4.39 4.39 3.99 4.39 4.39 4.39 4.39 5.18 3.99 3.99 1.32 1.32 1.32 1.32 3.99 3.99 3.78 3.78 3.78 4.16 3.78 4.16 4.16 4.16 4.90 3.78 3.78 4.90 4.16 4.16 4.16 4.16 5.16 5.16 5.16 3.98 3.98 3.98 3.98 4.37 3.98 3.98 4.37 1.31
4.34 5.12 4.19 3.95 3.95 3.95 1.30 1.30 1.36 1.36 1.99 1.99 4.12 4.12 1.36 1.36 1.36 1.36 1.36 4.30 1.99 1.36 1.36 1.36 1.24 1.24 1.24 1.24 4.12 4.12 4.12 4.12 4.12 4.12 1.24 1.24 1.24 1.24 1.24 1.24 4.39 4.39 4.39 4.39 4.39 4.39 4.39 5.18 1.32 1.32 1.32 1.32 1.32 1.32 3.99 3.99 3.78 4.16 4.90 4.16 3.78 3.78 4.16 4.90 4.90 4.90 4.90 4.16 4.90 4.16 4.16 4.00 4.37 5.16 5.16 3.98 3.98 3.98 3.98 5.16 3.98 3.98 3.98 1.31
4.34 5.12 5.12 3.95 1.30 1.30 1.30 1.30 1.36 1.36 1.99 1.99 4.12 1.36 1.36 1.36 4.30 4.30 4.52 4.52 4.52 4.30 1.99 1.36 1.24 1.24 4.10 4.12 4.12 4.12 4.12 4.12 4.12 4.12 3.92 1.81 1.24 1.24 1.24 1.24 1.32 1.32 4.33 4.33 4.33 4.33 4.33 5.10 5.10 1.32 1.32 1.32 1.32 1.32 3.99 3.99 4.16 4.16 1.47 4.00 3.78 3.78 4.16 4.90 4.90 1.47 4.00 4.90 3.78 4.90 4.90 4.16 5.16 5.16 5.16 3.98 3.98 3.98 3.98 5.16 5.16 3.98 4.16 1.31
4.34 5.12 4.34 1.30 1.30 1.30 1.30 1.30 1.36 1.36 1.99 1.99 1.36 1.36 1.36 1.36 1.36 4.12 4.52 4.52 4.52 4.30 4.30 1.99 1.24 1.24 4.12 4.12 4.12 4.12 4.12 4.12 4.12 4.12 4.12 4.10 4.10 3.75 1.24 1.24 1.32 1.32 4.33 3.99 4.33 3.99 4.33 3.99 1.32 1.32 1.32 1.32 1.32 4.39 4.39 1.32 4.16 4.90 4.90 4.90 4.16 4.90 4.90 4.90 4.90 1.47 4.90 3.78 4.16 1.25 4.90 4.00 4.17 5.16 5.16 5.16 5.16 3.98 3.98 5.16 5.16 1.92 4.16 1.92
4.54 5.35 2.00 1.36 1.36 1.36 1.36 4.13 1.98 1.98 1.98 1.98 1.35 1.35 1.35 1.35 1.35 1.35 4.51 4.51 1.35 1.35 1.35 1.35 1.33 1.33 1.33 4.43 4.43 4.43 4.43 4.43 4.43 4.43 4.04 4.37 4.04 1.33 1.33 1.95 1.99 4.44 4.44 4.12 4.44 4.44 4.44 5.21 4.44 4.44 1.36 4.44 1.36 1.36 4.52 4.52 1.29 5.09 3.92 3.92 5.09 5.09 4.31 4.31 3.92 5.09 5.09 3.92 5.09 4.12 4.12 4.12 4.23 4.06 4.06 4.06 5.26 5.26 4.06 4.06 5.26 5.26 4.24 1.96
4.13 5.35 4.54 1.36 1.36 2.00 4.54 4.54 1.98 4.10 4.51 1.98 1.98 1.35 1.35 1.35 1.35 1.35 4.51 4.51 1.35 1.35 1.35 1.35 1.33 1.33 1.33 1.33 4.43 4.43 4.43 4.43 4.43 4.43 5.23 1.33 1.33 4.37 1.33 1.33 1.36 1.36 4.44 4.44 4.44 4.44 4.44 4.44 4.44 4.44 4.44 4.12 4.44 1.99 4.12 1.36 1.29 1.29 3.92 3.92 5.09 5.09 4.31 3.92 3.92 5.09 5.09 5.09 5.09 5.09 4.12 4.12 5.26 4.46 4.06 4.06 4.46 4.46 4.46 4.46 4.46 1.96 1.96 4.46
5.35 5.35 4.13 1.36 1.36 2.00 2.00 2.00 4.10 4.10 4.10 4.10 1.35 1.35 1.35 1.35 1.35 1.35 4.51 4.50 1.35 1.35 1.35 1.35 1.33 1.33 1.33 1.33 4.43 4.43 4.43 4.43 4.43 4.43 4.43 5.23 4.04 1.33 1.95 1.33 1.36 1.36 4.44 4.44 4.44 4.44 1.36 1.36 5.21 5.21 4.12 4.44 4.44 1.99 4.44 4.52 1.29 3.92 5.09 3.92 3.92 4.31 4.31 4.31 5.09 5.09 5.09 5.09 5.09 4.12 5.09 4.31 4.46 5.26 4.06 4.06 4.46 5.26 4.46 4.46 4.46 1.96 4.06 5.26
5.35 4.13 4.54 1.36 1.36 1.36 1.36 4.13 4.10 4.51 4.10 1.98 1.35 1.35 1.35 1.35 1.35 1.35 1.35 4.28 1.35 1.35 1.35 1.35 1.33 1.33 1.33 1.33 4.43 4.43 4.43 4.43 4.43 4.43 4.43 5.23 4.37 1.33 4.37 4.37 1.36 4.12 4.44 4.44 1.36 1.36 1.36 1.36 4.44 4.12 4.44 4.44 4.44 4.44 4.12 4.12 3.92 3.92 5.09 5.09 4.31 3.92 4.31 5.09 4.12 5.09 5.09 5.09 5.09 4.31 4.31 4.31 4.46 4.46 4.06 4.06 4.46 4.46 4.46 5.26 4.46 4.06 1.96 4.46
5.35 4.54 4.13 1.36 1.36 4.54 4.54 4.54 4.51 4.51 1.35 1.35 1.35 1.35 1.35 1.35 1.35 1.35 1.35 1.35 1.35 1.35 1.35 1.35 1.33 1.33 1.33 1.33 4.43 4.43 1.33 1.33 1.33 1.33 4.43 4.43 4.37 1.33 1.33 4.37 4.44 4.44 1.36 1.36 1.36 1.36 1.36 1.36 1.36 5.21 4.44 4.44 4.44 4.44 4.44 4.44 3.92 3.92 4.31 3.92 5.09 4.31 4.31 5.09 5.09 4.12 4.12 1.53 5.09 5.09 4.31 4.31 4.46 5.26 5.26 5.26 4.46 1.96 1.96 4.46 4.46 1.96 1.96 4.46
5.35 5.35 4.54 4.54 1.36 4.54 4.54 2.00 4.51 1.35 1.35 1.35 1.35 1.35 1.35 1.35 1.35 1.35 1.35 1.35 1.35 1.35 1.35 1.35 1.33 1.33 1.33 1.33 1.33 4.43 1.33 4.21 1.33 1.33 4.43 4.04 1.33 1.95 4.04 4.04 4.44 4.44 1.36 1.36 1.36 1.36 1.36 1.36 1.36 4.44 4.44 4.44 4.44 4.44 4.44 4.44 4.25 4.29 3.92 3.92 4.31 4.31 4.31 5.09 5.09 4.12 4.12 4.12 5.09 5.09 1.90 4.31 4.46 5.26 5.26 5.26 4.06 4.46 4.46 1.96 1.96 1.96 4.06 4.46
5.35 5.35 4.54 4.54 1.36 1.36 1.36 1.36 1.35 1.35 1.35 1.35 4.51 1.98 1.35 1.35 1.35 1.35 4.51 4.48 4.50 1.35 1.35 1.35 1.33 1.33 1.33 1.33 1.33 4.04 4.21 4.21 1.33 5.23 5.23 1.95 1.95 4.04 4.37 4.37 4.44 1.36 1.36 1.36 1.36 1.36 1.36 1.36 1.36 4.44 4.44 4.44 4.44 4.30 4.44 4.44 4.29 4.29 4.29 3.92 4.31 4.31 5.09 4.12 5.09 4.12 4.31 4.31 4.31 3.92 1.90 4.31 4.46 4.46 4.46 4.06 4.46 4.46 4.46 4.46 4.24 1.96 4.24 4.24
5.35 5.35 4.54 4.13 1.36 1.36 1.36 1.36 4.28 1.35 1.35 1.35 4.51 5.32 5.32 1.35 4.51 1.35 1.35 4.48 4.50 1.35 1.35 1.35 1.33 1.33 1.33 1.33 4.43 4.43 4.43 5.23 4.43 5.23 4.04 4.04 4.04 4.04 4.37 4.37 1.99 1.36 4.44 1.36 1.36 1.36 1.99 1.99 1.36 4.44 4.44 4.44 4.44 5.21 4.44 4.12 4.29 4.29 4.29 4.29 3.92 5.08 5.08 5.08 4.31 5.08 4.31 4.31 4.31 3.92 1.90 4.31 4.46 4.46 4.06 4.06 4.06 4.46 4.46 4.46 4.46 4.46 4.06 1.34
5.35 5.35 5.35 5.35 4.54 1.36 1.36 1.36 4.28 1.35 1.35 4.28 4.51 4.51 5.32 5.32 5.32 4.51 5.31 5.31 4.10 4.10 4.10 1.35 4.43 4.43 4.04 4.04 4.43 4.43 4.43 5.23 5.23 5.23 5.13 4.04 4.04 1.95 4.04 4.04 1.36 4.12 4.44 4.12 1.36 4.44 4.44 5.21 4.12 4.44 4.44 4.44 4.12 5.21 5.21 4.12 3.92 4.29 4.29 3.92 4.31 5.08 4.12 4.12 4.31 4.31 4.31 4.31 4.31 3.92 4.31 4.31 4.46 4.46 4.06 4.06 4.46 4.46 5.26 4.46 4.46 4.06 4.46 4.46
4.13 4.13 5.35 4.33 4.54 1.36 1.36 1.36 1.35 1.35 1.35 1.35 1.35 1.35 5.32 4.32 5.32 4.51 5.32 3.76 5.31 4.50 5.31 5.32 3.72 5.23 4.43 4.04 5.23 4.43 3.72 5.23 5.23 1.57 1.95 4.04 4.04 4.04 4.04 4.04 1.36 1.36 1.36 1.36 4.12 4.12 4.44 4.44 4.44 4.44 4.44 5.21 4.12 5.21 1.36 1.36 5.05 4.29 4.29 4.29 3.92 5.08 5.08 5.08 3.92 3.92 3.92 4.31 3.92 3.92 1.90 4.31 4.46 4.46 4.06 4.06 4.46 4.46 4.46 4.46 4.46 4.06 4.06 4.06
4.13 5.35 5.35 5.35 4.54 1.36 1.36 5.35 1.35 1.35 1.35 1.35 1.35 5.32 4.32 4.32 5.32 5.32 5.32 5.31 3.76 5.32 5.32 5.32 5.23 5.23 5.23 3.72 3.72 5.23 3.72 5.23 5.23 3.72 1.95 1.95 4.04 1.33 1.33 1.33 1.36 4.44 1.36 4.44 4.44 4.12 4.12 4.30 4.44 4.44 4.44 5.21 1.36 1.36 1.36 4.44 4.25 5.05 3.92 3.92 4.31 5.08 4.31 4.31 3.92 3.92 3.92 4.31 3.92 3.92 3.92 4.31 4.46 4.46 4.46 4.46 4.46 4.46 4.46 4.46 4.06 4.06 4.06 4.06
5.35 5.35 4.13 4.13 5.35 4.54 5.35 5.35 5.32 5.32 5.32 1.35 5.32 5.32 5.32 4.32 5.32 5.32 4.10 4.50 5.32 5.32 5.32 5.32 4.43 4.04 3.72 3.72 5.23 3.72 3.72 3.72 5.23 3.72 5.13 4.04 1.95 1.33 1.33 1.33 1.36 4.44 4.44 4.44 4.44 4.44 4.12 5.21 4.44 4.44 4.44 4.12 4.44 4.44 5.21 4.44 4.25 5.00 5.05 3.92 3.92 4.31 4.31 4.31 4.31 5.08 5.08 5.08 5.08 4.31 4.31 4.31 4.46 4.46 4.46 4.46 4.46 4.46 4.46 4.06 4.06 4.46 4.46 4.06
5.35 5.35 4.13 4.13 4.13 4.13 5.35 5.35 1.98 5.32 5.32 4.10 5.32 1.60 5.32 5.32 4.32 3.76 4.10 4.50 4.10 5.32 5.32 4.50 5.23 5.23 3.72 5.23 5.23 5.23 3.72 5.23 1.57 5.23 3.72 5.23 4.43 4.43 4.43 4.21 1.36 4.44 4.44 4.44 4.12 4.12 4.12 4.12 4.12 4.12 4.12 4.12 1.36 1.36 4.12 4.12 3.92 3.92 3.92 3.92 5.05 4.31 4.31 4.31 4.31 5.08 5.08 5.08 4.31 4.31 4.31 4.31 4.46 4.46 4.46 4.46 4.46 1.96 1.96 4.06 5.26 4.46 4.46 4.06
5.35 5.35 5.35 5.35 4.13 5.35 5.35 5.35 5.32 4.32 5.32 5.32 5.32 4.32 5.32 5.32 5.32 5.32 1.35 1.35 4.10 4.50 4.50 4.10 4.43 4.43 4.43 5.23 5.23 3.72 1.57 5.23 5.23 5.23 5.23 4.43 4.43 4.43 4.43 4.43 1.36 1.36 4.44 4.44 1.36 4.12 5.21 5.21 4.12 4.12 1.36 1.36 1.36 1.36 1.36 1.36 3.92 3.92 4.25 3.92 5.00 5.08 4.31 4.31 5.08 5.05 3.92 4.31 4.31 4.31 4.31 4.31 4.46 4.46 4.46 4.46 4.46 4.46 4.06 4.06 4.46 5.26 4.46 4.46
4.33 4.33 5.35 5.35 5.35 5.35 4.33 5.35 5.32 4.10 4.10 4.51 5.32 4.10 4.51 4.51 5.32 5.32 1.35 4.28 4.10 5.32 4.10 4.10 4.43 4.43 4.43 4.43 4.43 4.43 5.23 5.23 4.04 4.43 3.72 4.43 5.23 4.43 4.43 4.04 4.52 4.52 1.36 4.12 1.36 1.36 5.20 5.20 4.12 4.12 1.36 1.36 4.12 4.12 1.36 1.36 3.92 5.00 5.00 4.25 5.06 3.64 5.08 5.08 5.08 4.31 4.29 4.31 4.31 4.31 4.31 4.31 4.46 4.46 4.46 4.46 5.26 4.46 4.06 4.06 5.26 5.26 5.26 5.26
5.35 5.35 5.35 5.35 5.35 5.35 5.35 4.10 4.32 4.10 4.51 4.51 4.32 5.32 4.51 4.51 4.28 1.35 1.35 5.32 5.32 5.32 4.10 4.50 4.43 4.43 4.43 4.43 4.43 5.23 4.04 4.43 4.04 4.04 4.43 5.23 1.95 4.43 4.43 4.43 4.52 4.52 1.36 1.36 1.36 4.30 5.20 5.20 4.44 1.36 1.36 1.36 1.36 1.36 1.36 1.36 1.29 5.00 4.25 4.25 5.08 5.08 4.31 4.31 5.08 5.08 5.08 4.31 3.92 4.31 4.31 4.31 4.46 4.46 4.46 4.46 5.26 5.26 4.06 5.26 5.26 5.26 5.26 5.26
4.09 4.09 4.09 4.09 5.30 5.30 4.11 5.30 4.28 4.28 5.28 5.28 5.28 5.28 4.48 4.25 4.48 4.47 1.34 1.34 1.34 4.47 4.47 4.47 4.49 4.49 4.49 4.49 4.49 4.49 4.09 5.30 5.30 4.09 4.49 4.09 4.49 1.98 4.49 4.49 4.52 4.52 1.36 1.36 1.36 1.36 1.36 1.36 1.36 1.36 1.99 1.36 1.36 1.36 4.30 4.30 1.30 1.30 5.01 3.63 5.12 4.34 3.95 5.12 5.12 4.34 3.95 5.12 1.30 4.34 4.34 4.34 4.05 4.05 1.96 1.96 1.96 5.25 4.45 5.25 5.25 5.25 5.25 5.25
5.30 5.30 5.30 4.49 5.30 4.09 5.30 5.30 5.28 4.28 5.28 5.28 5.28 5.28 4.48 4.48 4.47 4.47 1.97 4.08 1.34 1.34 4.47 4.47 4.49 4.49 4.49 4.49 4.49 4.49 4.09 4.09 5.30 5.30 5.30 4.09 4.49 3.74 4.09 4.49 4.52 4.52 4.43 1.36 1.99 4.30 1.36 1.36 1.36 1.36 1.36 1.36 1.36 1.36 1.36 4.30 1.91 1.30 5.01 3.63 3.63 5.12 4.34 4.34 4.34 4.34 3.95 3.95 1.30 4.31 4.34 4.34 4.45 4.05 4.05 1.96 1.33 1.33 4.05 5.25 5.25 5.25 5.25 5.25
5.30 5.30 5.30 4.09 4.09 4.09 4.09 5.30 4.48 5.28 4.08 4.08 5.28 1.59 5.28 4.48 4.47 4.47 4.08 4.08 1.34 1.34 1.34 4.47 4.49 4.49 4.09 4.09 4.49 4.49 4.49 4.49 4.09 5.30 4.49 4.49 4.49 4.09 4.09 4.09 4.12 4.12 4.12 1.36 1.36 4.43 1.36 1.36 1.36 1.36 1.36 1.36 1.36 1.36 1.36 1.36 1.30 1.91 5.01 3.63 5.12 4.34 4.34 4.34 4.34 4.34 4.34 4.34 1.30 1.30 4.31 4.34 4.45 4.45 4.05 1.33 1.33 4.05 5.25 5.25 5.25 5.25 5.25 5.25
5.30 5.30 5.30 5.30 5.30 5.30 4.09 5.30 4.08 4.48 4.08 4.08 4.08 4.48 5.28 5.28 5.28 4.47 4.08 4.08 4.08 4.08 4.47 4.47 4.49 4.49 4.09 4.09 4.49 4.49 4.49 4.09 4.49 5.30 4.49 4.49 4.09 4.09 4.09 4.09 4.12 4.12 4.12 1.99 1.36 1.36 1.36 1.36 1.36 1.36 1.36 1.36 1.36 1.36 4.43 1.36 1.30 1.91 5.01 5.01 5.12 3.95 3.95 3.95 4.34 4.34 3.95 1.30 1.30 1.30 1.30 3.95 4.05 4.45 1.33 1.33 4.05 5.25 5.25 5.25 5.25 5.25 5.25 5.25
4.28 5.30 5.30 5.30 4.49 5.30 4.49 4.49 4.08 5.28 4.48 4.48 4.48 4.48 5.28 4.48 3.73 1.58 5.28 5.28 5.28 5.28 4.47 4.47 4.49 5.30 5.30 4.09 4.09 4.09 4.09 5.30 5.30 4.49 4.49 4.49 4.49 4.49 4.09 4.09 4.12 4.12 4.12 5.34 5.34 1.36 1.36 1.36 1.36 1.36 1.36 1.36 1.36 1.36 1.36 1.36 1.30 1.30 5.01 5.01 3.63 4.34 3.95 3.63 5.12 5.12 5.12 5.12 1.30 4.34 4.34 4.34 4.44 1.33 1.33 1.33 4.05 5.25 5.25 5.25 5.25 4.20 1.58 5.25
4.28 5.30 5.30 5.30 4.09 4.49 4.09 4.09 4.08 5.28 5.28 4.48 4.48 4.48 4.48 4.48 4.47 4.47 3.73 3.73 5.28 5.28 3.73 5.28 4.49 5.30 5.30 4.09 4.49 4.49 4.49 5.31 4.09 4.49 4.09 4.09 4.49 4.49 4.49 4.49 4.52 4.52 4.52 5.34 5.34 5.34 5.34 5.19 5.19 1.36 1.36 1.36 4.43 1.36 1.36 1.36 1.30 1.30 1.30 1.30 5.12 4.34 4.34 3.95 5.12 4.34 4.34 3.95 3.95 4.34 4.34 4.34 4.44 4.44 1.33 1.33 5.25 5.25 5.25 5.25 5.25 5.25 5.25 5.25
4.28 5.30 5.30 5.30 5.30 4.09 4.09 4.09 4.08 4.08 4.08 5.28 5.28 4.48 4.48 4.47 4.47 5.28 4.08 5.28 3.73 5.28 5.28 5.28 4.09 5.30 4.09 4.09 4.09 4.49 4.49 5.30 4.49 4.49 4.49 4.49 4.49 4.49 5.30 5.30 4.12 4.52 4.52 4.30 5.34 5.34 5.34 5.34 5.19 1.36 1.36 1.36 4.43 1.36 1.36 4.43 1.30 1.30 1.30 1.30 1.30 5.12 3.95 4.34 4.34 3.95 4.34 5.12 5.12 1.30 1.30 4.34 4.44 4.05 4.05 4.05 5.25 5.25 5.25 4.05 5.25 5.25 4.45 4.45
4.28 5.30 5.30 5.30 5.30 4.09 4.09 4.09 4.08 4.08 4.08 4.08 5.28 4.08 5.28 5.28 4.47 5.28 4.08 4.08 5.28 5.28 5.28 4.47 5.30 5.30 5.30 4.49 4.27 5.30 4.49 4.49 5.30 4.09 4.09 4.49 4.49 4.49 4.49 4.49 4.52 4.52 4.52 4.52 4.52 5.34 5.34 5.34 5.34 1.36 1.36 1.36 1.36 1.36 4.43 1.36 1.30 1.30 1.30 1.30 1.30 1.54 3.95 4.34 3.95 3.95 4.34 4.34 5.12 4.34 5.12 4.34 4.05 4.05 4.05 4.05 4.05 4.45 5.25 5.25 5.25 5.25 4.45 4.45
4.09 5.30 5.30 5.30 4.26 4.09 4.09 4.09 4.08 4.08 4.08 4.08 5.28 4.08 4.25 4.47 5.28 4.47 4.08 4.08 4.47 4.08 4.47 5.28 5.30 5.30 5.30 1.98 5.31 5.30 5.31 4.49 5.30 5.30 5.30 4.49 5.30 5.30 4.49 4.49 4.52 4.52 4.52 4.52 4.52 1.99 5.34 1.36 1.36 1.36 1.36 1.36 1.36 1.36 4.12 1.36 1.30 1.30 3.95 3.95 5.12 5.12 4.34 3.95 5.12 3.95 3.95 3.95 4.34 4.34 3.95 4.34 4.05 4.05 5.25 4.05 4.44 3.67 4.20 4.45 4.05 4.45 5.25 4.45
4.09 4.09 5.30 4.28 4.09 4.09 4.09 4.09 4.08 4.08 4.08 5.28 5.28 4.08 5.28 5.28 5.28 5.28 4.08 4.08 4.08 4.47 4.47 4.47 4.49 5.30 5.30 4.27 5.30 3.74 5.30 3.74 3.74 3.74 4.49 4.49 5.30 5.30 5.30 4.49 4.52 4.52 4.52 4.52 4.52 4.52 4.12 4.52 4.52 4.12 4.12 1.36 1.36 1.36 1.36 1.36 5.01 5.01 4.34 1.30 4.34 5.12 3.95 4.34 5.12 5.12 5.12 3.95 3.95 4.34 3.95 3.95 4.44 5.25 5.25 5.25 5.25 5.25 3.67 4.05 4.05 5.25 5.25 5.25
4.09 4.49 4.09 4.28 5.30 4.49 4.49 5.30 5.28 4.08 4.08 4.08 4.08 4.48 5.28 5.28 5.28 5.28 5.28 4.08 5.28 4.47 4.08 4.08 4.49 4.49 5.30 3.74 5.30 4.49 5.30 5.30 5.30 3.74 5.30 4.49 4.49 5.30 4.49 4.49 4.52 4.52 4.52 4.52 4.52 4.52 4.52 4.52 4.52 4.12 4.12 1.36 1.36 1.36 1.36 1.36 4.27 4.34 4.34 1.30 4.34 3.95 3.95 4.34 3.95 4.34 4.34 3.95 5.12 4.34 4.34 3.95 4.05 5.25 5.25 5.25 5.25 5.25 3.67 3.67 4.20 5.25 5.25 5.25
4.09 4.09 4.09 5.30 5.30 5.30 5.30 4.49 4.48 4.48 4.48 5.28 4.48 4.48 4.47 4.47 4.47 5.28 5.28 4.47 4.47 4.47 4.47 5.28 4.09 4.49 5.30 5.30 5.30 5.30 4.49 5.30 5.30 5.31 5.30 5.30 3.74 4.49 4.09 4.09 4.52 4.52 5.34 4.52 4.52 4.52 5.34 5.34 4.52 4.12 4.52 4.52 4.12 4.52 1.36 1.36 4.34 4.34 4.34 3.95 5.12 4.34 3.95 3.95 5.12 3.95 3.95 4.34 4.34 5.12 5.12 5.12 3.67 3.67 5.25 5.25 5.25 5.25 5.25 3.67 5.25 5.25 5.25 5.25
4.09 4.09 4.49 4.49 5.30 4.28 5.30 4.49 4.08 4.08 4.48 5.28 4.28 4.48 4.47 4.47 5.28 4.47 4.47 4.08 4.47 4.47 4.47 4.47 4.49 4.09 5.30 5.30 5.30 5.31 4.09 4.09 4.49 5.30 4.49 4.09 5.30 5.30 3.74 4.49 4.52 4.52 5.34 4.52 4.52 4.52 5.34 5.34 5.34 4.52 5.34 4.52 4.52 4.52 1.36 4.52 4.34 4.34 4.34 4.34 5.12 4.34 3.95 3.95 3.95 3.95 4.34 4.34 4.34 3.95 3.95 3.95 5.25 3.67 5.25 5.25 5.25 5.17 5.17 3.67 3.67 5.17 5.25 5.25
4.09 4.49 4.09 5.30 5.30 1.59 5.30 5.30 4.08 4.08 5.28 5.28 4.08 4.48 4.47 4.08 4.47 4.47 4.08 4.47 1.34 4.47 4.47 4.47 4.09 5.30 4.09 4.09 5.30 4.09 4.09 4.49 4.09 4.09 4.49 4.49 4.09 5.30 5.30 3.74 5.34 5.34 4.12 4.52 4.12 4.12 4.12 4.52 4.52 4.52 4.52 1.36 1.36 4.52 1.36 4.52 4.34 4.34 4.34 5.12 5.12 4.34 5.12 4.34 3.95 3.95 4.34 4.34 4.34 3.95 5.12 4.34 4.44 5.25 5.25 5.25 5.25 5.17 4.05 4.39 4.39 5.17 5.17 5.25
