New_Model_Runs/5_FutureClimate_BASE_out/post_prcessed_with_MFR/Monthly_summaries/actual_et_monthly_JUL.asc
NCOLS 700
NROWS 400
XLLCENTER 515000.000000
YLLCENTER 8409000.000000
CELLSIZE 50.000000
NODATA_value -999.000000
[rows 228 to 265 of 400, columns 168 to 251 of 700]
0.74 0.74 0.74 0.74 0.74 2.46 2.46 2.46 2.52 2.52 2.52 2.52 2.52 2.52 2.52 2.52 2.29 2.98 2.11 2.98 2.98 2.98 2.98 2.98 1.97 2.31 2.73 2.31 2.31 2.31 2.31 2.10 2.31 2.73 2.31 2.31 2.31 2.31 2.31 2.31 2.22 2.22 2.22 2.22 0.66 2.22 2.22 2.22 2.22 2.22 2.22 2.22 2.22 2.22 2.22 2.11 0.75 0.75 0.75 0.75 0.75 0.75 0.75 0.75 2.36 0.75 0.75 0.75 0.75 0.75 0.75 0.75 0.81 0.81 0.81 0.81 0.81 0.81 0.81 0.81 0.81 0.81 2.69 0.81
0.74 0.74 0.74 0.74 0.74 0.74 2.46 2.46 0.76 2.52 2.52 2.52 2.52 2.52 2.52 2.52 2.29 2.52 2.52 2.52 2.97 2.11 2.97 2.97 1.97 2.73 2.73 2.73 2.73 2.73 2.73 2.73 1.97 1.97 2.73 2.31 2.31 2.31 2.73 2.31 2.22 2.22 2.22 2.22 2.22 2.22 2.61 2.61 2.61 2.22 2.22 2.22 0.66 0.66 0.66 0.66 0.75 0.75 0.75 0.75 0.75 0.75 2.48 0.75 0.75 2.36 0.75 0.75 0.75 0.75 0.75 2.48 2.69 2.69 2.69 0.81 0.81 0.81 0.81 0.81 0.81 2.69 2.69 0.81
0.74 0.74 0.74 0.74 0.74 0.74 0.74 0.74 0.76 2.52 2.52 2.52 2.52 2.52 2.52 2.52 2.52 2.52 2.52 2.52 2.97 2.97 2.97 2.97 2.73 2.73 2.73 2.73 2.73 2.73 1.97 1.97 2.73 2.73 2.73 1.97 2.73 1.97 2.73 2.73 2.22 2.22 2.22 2.22 2.22 2.32 2.61 2.61 2.61 2.61 2.22 0.97 0.97 0.66 0.66 0.66 0.75 0.75 0.75 0.75 0.75 0.75 0.75 0.75 0.75 0.75 0.75 0.75 0.75 0.75 2.26 2.26 2.69 2.69 0.81 0.81 0.81 0.81 0.81 0.81 0.81 2.69 2.69 0.81
0.74 0.74 0.74 0.74 0.74 0.74 0.74 0.74 0.76 0.76 0.76 2.52 2.52 2.52 2.52 2.52 2.52 2.52 2.52 2.52 2.29 2.29 2.52 2.11 2.73 2.19 2.73 2.73 0.82 2.73 1.97 1.97 2.73 2.73 2.73 2.73 2.19 2.73 1.97 2.73 2.61 2.22 2.22 2.22 2.61 2.61 2.61 2.61 0.66 0.66 0.66 0.66 0.66 0.66 0.66 0.66 0.75 0.75 0.75 0.75 0.75 0.75 0.75 1.09 2.48 2.48 0.75 0.75 2.48 2.48 0.75 2.48 2.69 0.81 0.81 0.81 0.81 0.81 0.81 0.81 2.69 2.69 0.81 0.81
0.74 0.74 0.74 0.74 0.74 0.74 0.74 0.74 0.76 2.52 0.76 2.52 2.52 2.52 2.52 2.52 2.52 2.52 2.52 2.52 2.52 2.29 2.98 2.52 2.31 2.19 2.10 2.31 2.73 2.73 2.73 1.97 2.73 2.73 2.73 1.02 2.19 1.02 2.73 2.73 2.61 2.61 2.61 2.61 2.61 2.61 0.66 0.66 0.66 0.66 0.66 0.66 0.66 0.66 0.66 0.66 0.75 0.75 0.75 0.75 0.75 0.75 0.75 2.48 2.48 2.26 2.48 2.48 0.75 0.75 2.48 2.48 0.81 0.81 0.81 0.81 0.81 0.81 0.81 0.81 0.81 0.81 0.81 0.81
0.74 0.74 0.74 0.74 0.74 0.74 0.74 0.74 0.76 0.76 0.76 1.11 1.11 0.76 0.76 2.52 2.52 2.52 2.52 2.52 2.52 2.52 2.97 2.52 2.31 2.19 2.10 2.31 2.31 2.73 2.31 1.97 2.31 2.73 1.02 2.19 2.19 2.73 2.73 1.02 0.97 2.61 0.66 2.61 2.61 2.61 0.66 0.66 0.66 2.10 0.97 0.66 0.66 0.66 0.66 0.66 0.75 0.75 0.75 0.75 0.75 0.75 0.75 0.75 2.48 2.48 2.26 2.48 2.48 2.48 2.93 2.48 2.69 0.81 0.81 0.81 0.81 0.81 0.81 0.81 0.81 0.81 0.81 0.81
0.74 0.74 0.74 0.74 0.74 0.74 0.74 0.74 0.76 0.76 0.76 0.76 0.76 0.76 0.76 2.52 2.52 2.52 2.52 2.52 2.52 2.52 2.52 2.29 2.31 2.19 2.31 2.31 2.31 2.73 2.19 1.02 0.69 0.69 0.69 2.73 2.73 2.73 2.73 2.10 0.66 0.66 0.66 0.66 2.61 0.66 0.97 2.61 2.61 2.22 2.22 2.22 2.22 0.66 0.66 0.66 0.75 0.75 0.75 0.75 0.75 0.75 0.75 0.75 2.48 2.48 2.26 2.26 2.93 2.26 2.26 2.48 2.69 0.81 0.81 0.81 0.81 2.69 0.81 0.81 0.81 0.81 0.81 0.81
0.74 0.74 0.74 0.74 0.74 0.74 0.74 0.74 0.76 0.76 0.76 0.76 0.76 0.76 0.76 0.76 2.52 0.76 2.52 2.52 2.52 2.52 2.52 2.29 2.31 2.19 2.31 2.31 2.31 2.73 1.02 1.02 0.69 0.69 0.69 1.02 2.31 2.10 2.10 2.10 0.66 0.66 0.66 0.97 0.66 0.66 0.66 0.97 2.61 2.22 2.22 2.22 1.92 2.10 0.97 2.22 1.09 2.48 2.48 0.75 0.75 0.75 0.75 0.75 0.75 2.26 2.93 2.26 2.26 2.26 0.75 2.48 0.81 0.81 0.81 0.81 2.69 0.81 0.81 0.81 0.81 0.81 0.81 0.81
0.74 0.74 0.74 0.74 0.74 0.74 0.74 0.74 0.76 0.76 0.76 0.76 0.76 0.76 0.76 0.76 0.76 0.76 2.52 2.52 2.52 2.52 2.52 2.52 2.31 1.02 0.69 0.69 2.31 2.73 2.73 1.02 0.69 0.69 0.69 1.02 1.02 2.31 2.19 1.02 2.61 0.66 0.66 0.66 0.66 0.66 0.66 0.66 0.97 0.66 2.02 2.22 2.61 2.61 2.61 2.02 2.48 2.48 0.75 2.48 0.75 0.75 2.26 2.26 2.26 2.26 2.44 2.26 2.26 2.48 0.75 0.75 0.81 0.81 2.69 2.69 0.81 0.81 0.81 0.81 0.81 0.81 0.81 0.81
0.74 0.74 0.74 0.74 0.74 0.74 0.74 0.74 0.76 0.76 0.76 0.76 0.76 0.76 0.76 0.76 0.76 0.76 0.76 2.52 2.52 2.52 2.52 2.52 2.31 2.31 1.02 0.69 2.31 2.10 2.73 2.19 2.31 2.31 0.69 0.69 1.02 2.19 1.02 1.02 0.66 0.66 0.66 0.66 0.66 0.66 0.66 0.66 0.97 0.66 0.66 2.02 2.61 2.61 2.61 2.61 2.93 2.48 2.48 2.26 2.48 2.48 2.26 2.93 2.26 2.44 2.44 2.93 2.93 2.26 2.36 0.75 0.81 0.81 0.81 0.81 0.81 0.81 0.81 0.81 0.81 0.81 0.81 0.81
0.74 0.74 0.74 0.74 0.74 0.74 0.74 0.74 0.76 0.76 0.76 0.76 0.76 0.76 0.76 0.76 0.76 0.76 0.76 2.52 2.52 2.52 2.52 2.52 2.31 2.10 0.69 0.69 2.31 1.02 1.02 0.69 2.31 2.31 2.31 1.02 0.69 2.19 2.31 1.02 0.66 0.66 0.66 0.66 0.66 0.66 0.66 0.66 0.66 0.97 0.97 2.02 2.61 2.22 2.22 2.22 2.48 2.48 2.93 2.26 2.26 2.26 2.26 2.26 2.48 2.93 2.93 2.93 2.93 2.26 1.09 0.75 2.69 0.81 0.81 0.81 0.81 0.81 0.81 0.81 0.81 0.81 0.81 0.81
0.74 0.74 0.74 0.74 0.74 0.74 0.74 0.74 0.76 0.76 0.76 0.76 0.76 0.76 0.76 0.76 0.76 2.52 2.52 2.52 2.52 2.52 2.52 2.52 2.31 2.31 0.69 0.69 0.69 0.69 0.69 0.69 0.69 0.69 0.69 1.02 0.69 1.02 2.31 0.69 0.66 0.66 0.66 0.66 0.66 0.66 2.22 2.22 2.22 0.97 2.61 0.66 2.02 2.02 2.22 2.61 2.48 2.48 2.26 2.26 2.48 2.26 2.26 2.93 2.48 2.26 2.26 2.93 2.26 2.48 2.48 2.48 2.69 0.81 0.81 0.81 0.81 0.81 0.81 0.81 0.81 0.81 0.81 0.81
0.74 0.74 0.74 0.74 0.74 0.74 0.74 0.74 0.76 0.76 0.76 0.76 0.76 0.76 0.76 0.76 1.11 2.29 2.52 2.29 2.29 0.76 0.76 2.52 2.31 2.31 0.69 0.69 0.69 0.69 0.69 0.69 2.73 2.73 2.73 0.69 0.69 2.31 2.31 0.69 0.66 0.66 0.66 0.66 0.66 2.22 0.66 2.22 1.92 1.92 2.61 2.02 2.02 2.61 2.22 2.22 2.48 2.48 2.48 2.26 2.93 2.93 2.93 2.93 2.48 2.35 2.48 2.26 2.48 2.48 2.48 2.48 0.81 0.81 0.81 0.81 0.81 0.81 0.81 0.81 0.81 0.81 0.81 0.81
0.74 0.74 0.74 0.74 0.74 0.74 0.74 0.74 0.76 0.76 0.76 0.76 0.76 0.76 0.76 0.76 0.76 1.11 1.11 2.29 1.11 0.76 0.76 0.76 0.69 0.69 0.69 0.69 0.69 0.69 0.69 0.69 0.69 0.69 1.02 0.69 0.69 0.69 1.02 0.69 0.66 0.66 0.66 0.66 0.66 2.22 2.22 2.22 2.22 2.22 2.61 2.02 2.61 2.61 2.22 2.02 2.48 2.48 2.48 2.48 2.44 2.44 2.93 2.93 2.93 2.26 2.48 2.48 2.48 2.26 2.48 0.75 0.81 0.81 0.81 0.81 0.81 0.81 0.81 0.81 0.81 0.81 0.81 0.81
0.78 0.78 0.78 0.78 0.78 0.78 0.78 0.78 0.80 0.80 0.80 0.80 0.80 0.80 0.80 0.80 0.80 0.80 2.43 0.80 0.80 0.80 0.80 0.80 0.75 0.75 0.75 0.75 0.75 0.75 0.75 0.75 0.75 0.75 0.75 0.75 0.75 0.75 0.75 0.75 0.72 0.72 0.72 0.72 2.18 2.39 2.39 2.39 2.39 2.83 2.18 2.39 2.39 2.39 2.39 2.40 2.51 2.51 2.28 2.96 2.96 2.42 2.96 2.96 2.96 2.96 2.51 2.28 2.28 2.28 2.51 0.75 0.82 0.82 0.82 0.82 0.82 0.82 0.82 0.82 0.82 0.82 0.82 0.82
0.78 0.78 0.78 0.78 0.78 0.78 0.78 0.78 0.80 0.80 0.80 0.80 0.80 0.80 0.80 0.80 0.80 0.80 0.80 0.80 0.80 0.80 0.80 0.80 0.75 0.75 0.75 0.75 0.75 0.75 0.75 0.75 0.75 0.75 0.75 0.75 0.75 0.75 0.75 0.75 0.72 0.72 0.72 1.05 2.18 2.18 2.18 2.18 2.18 0.72 0.72 2.18 2.39 2.39 2.40 2.40 2.51 2.51 2.51 2.96 2.96 2.96 2.96 2.96 2.96 2.96 2.51 2.51 2.28 2.28 0.75 0.75 0.82 0.82 0.82 0.82 0.82 0.82 0.82 2.72 0.82 0.82 0.82 2.72
0.78 0.78 0.78 0.78 0.78 0.78 0.78 0.78 0.80 0.80 0.80 0.80 0.80 0.80 0.80 0.80 0.80 0.80 0.80 0.80 0.80 0.80 0.80 0.80 0.75 0.75 0.75 0.75 0.75 0.75 0.75 0.75 0.75 0.75 0.75 0.75 0.75 0.75 0.75 0.75 0.72 0.72 0.72 2.39 1.05 2.18 2.28 1.05 0.72 0.72 0.72 0.72 0.72 2.83 2.40 2.40 2.51 2.51 2.51 2.51 2.96 2.96 1.10 2.96 2.96 2.28 2.28 2.51 2.28 2.28 0.75 0.75 0.82 0.82 0.82 0.82 0.82 0.82 2.72 2.72 0.82 0.82 0.82 2.72
0.78 0.78 0.78 0.78 0.78 0.78 0.78 0.78 0.80 0.80 0.80 0.80 0.80 0.80 0.80 0.80 0.80 0.80 0.80 0.80 0.80 0.80 0.80 0.80 0.75 0.75 0.75 0.75 0.75 0.75 0.75 0.75 0.75 0.75 0.75 0.75 0.75 0.75 0.75 1.10 0.72 0.72 0.72 2.39 2.39 2.83 0.72 0.72 0.72 2.83 0.72 0.72 2.03 2.83 2.40 2.40 2.51 2.51 2.51 2.96 2.96 2.96 2.28 2.28 2.28 2.28 2.28 2.28 2.28 0.75 0.75 2.28 0.82 0.82 0.82 0.82 0.82 2.72 2.72 2.72 1.20 0.82 0.82 2.72
0.78 0.78 0.78 0.78 0.78 0.78 0.78 0.78 0.80 0.80 0.80 2.67 1.17 0.80 0.80 0.80 0.80 2.67 2.67 0.80 0.80 0.80 0.80 0.80 0.75 0.75 0.75 0.75 0.75 0.75 0.75 0.75 0.75 0.75 0.75 0.75 0.75 0.75 0.75 0.75 0.72 0.72 0.72 0.72 2.39 0.72 0.72 2.83 2.83 2.83 2.83 0.72 2.83 2.83 2.39 2.40 2.51 2.51 2.96 2.96 2.96 2.96 2.51 2.96 2.28 2.28 2.28 0.75 2.51 2.38 2.96 2.51 3.21 2.72 0.82 0.82 0.82 0.82 0.82 0.82 0.82 0.82 2.72 2.72
0.78 0.78 0.78 0.78 0.78 0.78 0.78 0.78 0.80 0.80 0.80 2.67 1.17 0.80 0.80 0.80 0.80 2.67 0.80 0.80 0.80 0.80 0.80 0.80 0.75 0.75 0.75 0.75 0.75 0.75 0.75 0.75 0.75 0.75 0.75 0.75 0.75 0.75 0.75 0.75 0.72 0.72 0.72 2.39 2.39 0.72 1.05 2.83 2.83 2.83 0.72 0.72 2.83 2.03 1.05 1.05 2.51 2.51 2.51 2.28 1.10 2.28 2.42 2.96 2.51 2.28 2.28 2.28 0.75 0.75 2.38 2.96 0.82 0.82 0.82 0.82 2.48 0.82 0.82 0.82 0.82 0.82 2.72 2.72
0.78 0.78 0.78 0.78 0.78 0.78 0.78 0.78 0.80 0.80 1.17 2.66 0.80 0.80 0.80 0.80 2.67 2.67 2.67 0.80 0.80 0.80 0.80 0.80 0.75 0.75 0.75 0.75 0.75 0.75 0.75 0.75 0.75 0.75 0.75 0.75 0.75 0.75 0.75 0.75 0.72 0.72 0.72 0.72 0.72 0.72 0.72 2.83 2.83 2.83 0.72 0.72 2.39 2.39 2.39 1.05 2.51 2.51 2.51 2.51 2.96 2.96 2.42 2.42 2.51 2.28 2.96 2.51 2.96 2.51 2.51 2.51 2.48 0.82 0.82 2.48 2.72 2.48 2.48 2.72 0.82 0.82 2.72 2.72
0.78 0.78 0.78 0.78 0.78 0.78 0.78 0.78 0.80 0.80 2.66 1.17 0.80 0.80 0.80 0.80 1.17 2.67 2.67 0.80 0.80 0.80 0.80 0.80 0.75 0.75 0.75 0.75 0.75 0.75 0.75 0.75 0.75 0.75 0.75 0.75 0.75 0.75 0.75 0.75 0.72 2.83 2.83 2.83 0.72 0.72 2.83 2.83 2.83 2.83 1.05 0.72 2.83 2.39 2.39 1.05 2.28 2.28 2.51 2.51 2.51 2.96 0.89 2.96 2.51 2.28 2.51 2.51 2.51 2.28 2.28 2.51 2.72 3.21 0.82 1.20 3.21 3.21 2.48 2.48 2.48 0.82 2.72 2.72
0.78 0.78 0.78 0.78 0.78 0.78 0.78 0.78 0.80 0.80 0.80 1.17 1.17 0.80 0.80 2.66 0.80 0.80 1.17 1.17 0.80 0.80 0.80 0.80 0.75 0.75 0.75 0.75 0.75 0.75 0.75 0.75 0.75 0.75 0.75 0.75 0.75 0.75 0.75 0.75 0.72 2.83 2.83 2.83 2.83 2.83 2.83 2.83 2.83 2.83 0.72 0.72 1.05 2.39 2.39 2.39 2.51 2.28 2.28 2.51 2.96 2.51 2.51 2.96 2.51 2.51 2.51 2.51 2.51 2.51 2.51 2.51 2.72 3.21 2.48 3.21 3.21 2.72 3.21 3.21 2.48 3.21 3.21 2.72
0.78 0.78 0.78 0.78 0.78 0.78 0.78 0.78 0.80 0.80 0.80 1.17 1.17 0.80 2.53 1.17 0.80 1.17 1.17 1.17 0.80 0.80 0.80 0.80 0.75 0.75 0.75 0.75 0.75 0.75 0.75 0.75 0.75 0.75 0.75 0.75 0.75 0.75 0.75 0.75 0.72 2.83 2.83 2.83 2.83 2.83 2.83 2.83 2.83 0.72 0.72 1.05 2.39 2.39 2.39 2.39 0.75 2.28 2.96 2.96 0.89 2.96 2.51 2.51 2.51 2.51 2.51 2.51 2.51 2.51 2.51 2.51 2.59 0.82 2.48 3.21 3.21 3.21 3.21 3.21 3.21 3.21 3.21 0.96
0.78 0.78 0.78 0.78 0.78 0.78 0.78 0.78 0.80 0.80 0.80 0.80 0.80 0.80 2.66 0.80 0.80 1.17 1.17 0.80 0.80 0.80 0.80 0.80 0.75 0.75 0.75 0.75 0.75 0.75 0.75 0.75 0.75 0.75 0.75 0.75 0.75 0.75 0.75 0.75 0.72 2.83 2.83 2.83 2.83 2.83 2.83 2.83 0.72 0.72 0.72 1.05 1.05 2.39 2.39 2.39 2.51 2.51 2.51 2.96 2.96 2.96 2.96 2.96 2.96 2.96 2.51 2.51 2.51 2.51 2.51 2.51 2.59 2.72 2.72 2.72 3.21 3.21 3.21 3.21 3.21 2.53 2.53 3.21
0.78 0.78 0.78 0.78 0.78 0.78 0.78 0.78 0.80 0.80 0.80 0.80 1.17 2.66 2.53 2.53 1.17 1.17 1.17 0.80 0.80 0.80 0.80 0.80 0.75 0.75 0.75 0.75 0.75 0.75 0.75 0.75 0.75 0.75 0.75 0.75 0.75 0.75 0.75 0.75 0.72 0.72 2.83 2.28 2.28 0.72 0.72 2.39 0.72 0.72 2.18 2.18 2.18 2.18 2.83 1.05 2.51 2.51 2.51 2.28 2.96 2.42 2.96 2.51 2.51 2.51 2.51 2.28 2.51 2.51 2.51 2.51 2.72 2.48 3.21 3.21 3.21 3.21 3.21 3.21 3.21 0.96 2.53 2.53
0.78 0.78 0.78 0.78 0.78 0.78 0.78 0.78 0.80 0.80 0.80 0.80 1.17 2.66 2.66 2.66 1.17 0.80 1.17 0.80 0.80 0.80 0.80 0.80 0.75 0.75 0.75 0.75 0.75 0.75 0.75 0.75 0.75 0.75 0.75 0.75 0.75 0.75 0.75 0.75 0.72 0.72 2.83 2.83 0.72 0.72 0.72 0.72 0.72 0.72 2.39 2.18 2.18 2.39 2.39 2.39 2.51 2.51 2.51 2.96 2.96 2.96 2.96 2.96 2.51 2.51 2.96 2.28 2.51 2.51 2.51 2.51 2.48 2.48 3.21 3.21 2.48 3.21 3.21 3.21 3.21 3.21 3.21 2.53
3.07 0.78 0.78 0.78 0.78 0.78 0.78 0.78 0.80 0.80 0.80 0.80 1.17 2.66 2.66 2.66 2.66 1.17 0.80 0.80 0.80 0.80 0.80 0.80 0.75 0.75 0.75 0.75 0.75 0.75 0.75 0.75 0.75 0.75 0.75 0.75 0.75 0.75 0.75 0.75 0.72 0.72 2.83 2.83 2.39 0.72 0.72 0.72 0.72 2.39 2.39 2.39 2.18 2.18 2.39 2.39 2.51 2.51 2.51 2.96 2.42 2.96 2.42 2.96 2.96 2.96 2.42 2.96 2.96 2.51 2.51 2.51 2.48 3.21 3.21 3.21 2.48 3.21 3.21 3.21 2.53 3.21 3.21 3.21
3.07 0.78 0.78 0.78 0.78 0.78 0.78 0.78 0.80 0.80 0.80 2.53 2.66 2.66 2.66 2.43 2.53 1.17 0.80 0.80 0.80 0.80 0.80 0.80 0.75 0.75 0.75 0.75 0.75 0.75 0.75 0.75 0.75 0.75 0.75 0.75 0.75 0.75 0.75 0.75 0.72 0.72 0.72 0.72 0.72 0.72 0.72 0.72 1.05 2.18 2.18 2.18 2.39 2.39 2.39 2.39 2.51 2.51 2.51 2.51 2.96 2.96 2.96 2.96 2.96 2.28 2.28 2.51 2.51 2.51 2.51 2.51 3.21 3.21 3.21 3.21 2.72 2.48 2.48 3.21 2.53 3.21 3.21 3.21
3.07 0.78 0.78 0.78 0.78 0.78 0.78 0.78 0.80 0.80 0.80 2.53 2.66 2.66 2.53 2.53 2.43 1.17 0.80 0.80 0.80 0.80 0.80 0.80 0.75 0.75 0.75 0.75 0.75 0.75 0.75 0.75 0.75 0.75 0.75 0.75 0.75 0.75 0.75 0.75 0.72 0.72 0.72 0.72 0.72 0.72 0.72 0.72 2.39 2.18 2.39 2.39 2.39 2.39 2.39 2.39 2.51 2.96 2.96 2.96 2.96 2.96 2.28 2.96 2.96 2.28 2.51 2.28 2.51 2.51 2.28 2.28 2.72 3.21 3.21 3.21 2.48 2.48 2.48 3.21 3.21 3.21 3.21 2.72
3.38 2.61 0.86 0.86 0.86 0.86 0.86 0.86 0.90 0.90 0.90 1.32 2.84 2.84 0.90 0.90 0.90 0.90 0.90 0.90 0.90 0.90 0.90 0.90 0.80 0.80 0.80 0.80 0.80 0.80 0.80 0.80 0.80 0.80 0.80 0.80 0.80 0.80 0.80 0.80 0.84 0.84 0.84 0.84 0.84 0.84 0.84 2.80 2.80 2.80 2.80 2.80 2.81 2.56 2.81 2.81 3.07 3.07 3.07 2.60 2.36 2.36 2.36 3.07 3.07 2.60 2.60 2.60 2.36 2.36 2.36 2.60 2.77 2.77 2.77 2.52 2.52 2.52 2.52 3.26 3.26 3.26 2.77 2.77
3.38 3.38 3.38 0.86 0.86 0.86 0.86 0.86 0.90 0.90 0.90 0.90 0.90 0.90 0.90 0.90 0.90 0.90 0.90 0.90 0.90 0.90 0.90 0.90 0.80 0.80 0.80 0.80 0.80 0.80 0.80 0.80 0.80 0.80 0.80 0.80 0.80 0.80 0.80 0.80 0.84 0.84 0.84 0.84 0.84 0.84 0.84 0.84 2.80 2.56 2.80 2.81 2.81 2.81 2.81 2.81 3.07 2.36 2.60 2.36 2.60 2.36 2.36 2.60 3.07 3.07 2.60 2.60 2.60 2.36 2.36 2.60 2.77 2.77 2.77 3.26 2.77 2.52 3.26 2.77 2.55 3.26 2.77 2.52
0.86 0.86 0.86 0.86 0.86 0.86 0.86 0.86 0.90 0.90 0.90 0.90 0.90 0.90 0.90 0.90 0.90 0.90 0.90 0.90 0.90 0.90 0.90 0.90 0.80 0.80 0.80 0.80 0.80 0.80 0.80 0.80 0.80 0.80 0.80 0.80 0.80 0.80 0.80 0.80 0.84 0.84 0.84 0.84 0.84 1.24 0.84 0.84 0.84 2.80 2.80 2.81 2.81 3.32 3.32 2.81 2.60 2.60 2.60 2.60 2.60 2.36 2.60 2.60 3.06 3.06 3.06 2.60 2.60 2.60 2.60 2.60 2.77 2.77 2.77 2.77 2.77 2.52 2.77 3.26 3.26 3.26 2.77 2.77
0.86 3.38 3.38 2.61 0.86 0.86 0.86 0.86 0.90 0.90 0.90 0.90 0.90 1.32 0.90 0.90 0.90 0.90 0.90 0.90 0.90 0.90 0.90 0.90 0.80 0.80 0.80 0.80 0.80 0.80 0.80 0.80 0.80 0.80 0.80 0.80 0.80 0.80 0.80 0.80 0.84 0.84 0.84 0.84 0.84 0.84 0.84 0.84 0.84 0.84 0.84 0.84 0.84 3.29 3.32 2.81 2.60 2.60 2.60 2.60 2.60 2.60 2.60 2.36 3.06 3.06 3.06 2.60 2.36 2.36 2.60 2.60 2.77 2.77 2.77 2.77 2.77 2.77 3.26 3.26 3.26 2.77 2.52 2.52
2.87 2.61 2.87 2.61 0.86 0.86 0.86 0.86 0.90 0.90 0.90 0.90 1.32 1.32 0.90 0.90 0.90 0.90 0.90 0.90 0.90 0.90 0.90 0.90 0.80 0.80 0.80 0.80 0.80 0.80 0.80 0.80 0.80 0.80 0.80 0.80 0.80 0.80 0.80 0.80 0.84 0.84 0.84 0.84 0.84 0.84 0.84 0.84 0.84 0.84 0.84 0.84 0.84 2.56 2.81 2.81 2.60 2.60 2.60 2.36 2.60 2.60 2.36 2.36 3.06 3.06 3.06 2.36 2.47 2.36 2.36 3.06 2.77 2.77 2.77 2.77 2.77 2.52 3.26 2.55 3.26 2.77 2.52 2.52
2.87 2.87 2.72 0.86 0.86 0.86 0.86 0.86 0.90 0.90 0.90 2.84 0.90 0.90 0.90 0.90 0.90 0.90 0.90 0.90 0.90 0.90 0.90 0.90 0.80 0.80 0.80 0.80 0.80 0.80 0.80 0.80 0.80 0.80 0.80 0.80 0.80 0.80 0.80 0.80 0.84 0.84 0.84 0.84 0.84 0.84 1.24 1.24 1.24 1.24 0.84 0.84 0.84 2.56 2.81 2.81 2.60 2.60 2.60 2.60 2.60 3.06 3.06 2.60 2.36 3.06 3.06 2.60 2.60 2.36 3.06 3.06 2.77 3.26 2.77 2.77 2.52 3.26 3.26 3.26 3.26 3.26 3.26 2.77
2.61 2.61 2.87 0.86 0.86 0.86 0.86 0.86 0.90 0.90 0.90 0.90 0.90 0.90 0.90 0.90 0.90 0.90 0.90 0.90 0.90 0.90 0.90 0.90 0.80 0.80 0.80 0.80 0.80 0.80 0.80 0.80 0.80 0.80 0.80 0.80 0.80 0.80 0.80 0.80 0.84 0.84 0.84 0.84 0.84 0.84 0.84 2.80 2.80 2.80 0.84 2.81 2.81 2.81 2.81 2.81 2.60 2.60 2.60 3.06 3.06 2.60 2.60 2.60 2.36 3.06 3.06 2.47 3.06 3.06 2.36 2.60 3.26 3.26 2.77 2.77 3.26 3.26 3.26 2.77 2.77 3.26 3.26 2.77
2.61 2.61 2.61 2.61 2.61 0.86 0.86 0.86 0.90 0.90 0.90 0.90 0.90 0.90 0.90 0.90 0.90 0.90 0.90 0.90 0.90 0.90 0.90 0.90 0.80 0.80 0.80 0.80 0.80 0.80 0.80 0.80 0.80 0.80 0.80 0.80 0.80 0.80 0.80 0.80 0.84 0.84 0.84 2.80 0.84 0.84 0.84 2.80 2.80 2.80 2.81 2.81 2.81 2.81 2.81 2.81 2.60 2.60 2.36 3.06 3.06 2.60 2.60 2.60 2.60 2.36 3.06 2.60 2.36 2.36 2.36 2.36 2.77 2.52 2.77 3.26 3.26 3.26 2.52 2.77 2.77 2.77 3.26 2.52
