New_Model_Runs/5_FutureClimate_BASE_out/post_prcessed_with_MFR/Monthly_summaries/actual_et_monthly_MAR.asc
NCOLS 700
NROWS 400
XLLCENTER 515000.000000
YLLCENTER 8409000.000000
CELLSIZE 50.000000
NODATA_value -999.000000
[rows 304 to 341 of 400, columns 168 to 251 of 700]
4.09 5.29 4.49 5.29 5.29 5.29 5.29 5.29 5.28 4.48 4.48 5.28 4.08 4.48 4.45 4.45 4.45 4.45 5.24 4.08 5.24 1.34 1.34 4.45 4.09 4.09 4.09 5.26 5.26 4.09 4.09 4.46 4.46 4.46 4.46 4.46 4.46 5.26 5.26 5.26 4.12 1.99 4.12 4.12 5.29 5.29 4.49 5.29 5.29 4.49 5.29 5.34 4.12 1.36 4.49 5.29 5.10 5.10 5.10 5.12 5.10 4.32 4.32 4.32 3.95 3.95 4.32 4.32 4.32 5.10 5.10 5.10 5.19 5.19 4.41 5.19 3.51 5.03 5.03 4.05 4.05 4.05 4.31 4.05
5.29 4.49 4.09 5.29 5.29 5.29 5.29 5.29 5.28 4.48 4.08 5.28 4.48 4.45 4.08 4.45 4.45 5.24 5.24 5.28 4.08 1.34 4.45 4.45 4.46 5.26 5.26 5.26 5.26 4.09 4.09 1.35 1.35 1.35 4.46 1.35 4.46 5.26 4.09 1.98 1.99 4.12 1.99 4.12 5.30 5.29 5.29 5.29 3.59 5.29 5.29 5.29 5.29 4.12 5.29 5.29 5.10 5.10 5.10 5.12 5.10 5.10 4.32 4.32 3.95 3.95 4.32 3.95 4.32 5.10 5.10 3.95 4.05 5.19 4.05 4.41 3.51 5.03 4.05 4.05 4.05 4.05 4.05 4.05
4.00 5.18 5.18 4.00 4.40 4.00 4.02 4.02 5.23 4.43 4.43 4.03 4.03 4.40 4.40 4.40 4.03 4.03 5.18 5.18 4.03 1.33 4.03 4.40 4.44 4.44 5.23 5.23 4.07 5.23 5.23 1.34 1.34 1.34 1.34 1.34 1.34 1.34 1.34 1.97 1.98 4.10 4.10 4.46 4.46 5.25 5.25 5.25 4.10 5.25 5.25 5.25 5.25 3.55 5.25 5.25 3.51 5.20 5.26 3.51 1.56 5.20 4.42 4.42 4.42 4.42 5.20 5.20 3.51 5.26 5.20 4.42 4.07 4.41 4.41 4.41 4.41 4.30 4.30 4.07 4.07 5.02 5.02 4.07
5.18 5.18 5.18 4.02 5.18 5.18 5.18 4.02 5.23 5.23 4.43 4.43 4.03 4.03 4.40 4.03 4.03 4.03 4.40 4.03 4.03 4.03 4.40 4.03 4.07 5.23 5.23 4.07 4.07 5.23 1.34 1.34 1.34 1.34 1.34 1.34 1.34 1.34 1.34 1.34 1.35 5.25 4.10 4.10 4.46 4.46 4.46 5.30 4.10 4.10 4.46 5.25 5.25 5.25 3.55 5.25 3.51 5.20 5.26 4.06 5.20 5.20 5.20 5.20 5.20 4.42 5.26 5.20 5.20 5.20 4.42 4.06 4.07 5.19 5.19 5.19 5.19 4.41 5.02 5.02 5.02 5.02 5.02 4.30
4.00 4.40 4.40 5.18 4.00 4.00 5.18 1.55 4.08 5.23 5.23 5.23 4.03 4.40 4.03 4.03 4.40 4.03 4.03 4.03 4.03 4.40 4.40 4.40 4.44 4.07 4.07 4.07 4.07 1.34 1.34 1.34 4.44 4.44 4.44 1.34 1.34 1.34 1.34 5.23 5.25 5.25 5.25 4.10 4.10 4.46 4.46 4.46 4.46 4.46 5.25 5.25 3.55 3.55 5.25 5.30 5.20 4.42 4.42 4.42 4.42 4.42 4.42 4.06 4.42 4.06 4.06 4.06 4.42 4.42 4.42 4.32 5.19 4.41 4.41 5.19 5.19 5.19 5.02 5.02 5.02 5.02 4.30 4.30
4.40 5.18 5.18 5.18 4.00 4.00 5.18 5.18 4.08 5.23 5.23 4.43 4.03 4.03 4.03 4.40 4.40 4.03 4.03 4.40 5.18 4.40 4.40 4.40 4.44 4.44 5.23 5.23 4.07 1.34 1.34 1.34 4.44 4.44 4.44 4.44 4.44 1.34 1.34 5.23 4.10 4.46 4.10 4.10 4.10 4.46 4.46 4.46 4.46 4.46 4.46 5.25 3.55 1.35 5.25 4.46 4.42 4.42 4.06 4.42 4.42 4.42 4.42 4.32 4.06 4.06 4.06 4.06 4.06 1.34 1.34 4.32 5.02 4.41 4.41 4.41 4.07 5.02 5.02 4.07 5.02 5.02 5.02 5.02
4.00 5.18 5.18 5.18 5.18 4.00 4.40 5.18 5.23 5.23 5.23 5.23 4.40 4.40 4.03 4.03 1.33 1.33 1.33 4.40 4.03 4.40 4.40 5.18 4.44 4.07 5.23 5.23 4.44 1.34 1.34 1.34 4.44 4.44 4.44 4.44 4.44 5.23 5.23 1.34 1.35 1.35 4.10 4.10 1.35 4.46 4.46 4.46 4.46 4.46 4.46 4.46 4.10 1.35 1.35 1.35 4.42 1.34 4.06 4.06 4.06 4.06 4.32 4.32 5.03 5.04 4.32 4.32 4.06 1.34 4.33 4.06 4.30 4.32 4.07 4.07 4.07 1.34 1.34 1.34 4.07 4.07 4.07 4.07
5.18 5.18 4.00 5.18 5.18 5.18 4.00 5.18 5.23 4.08 4.08 5.23 4.03 4.03 4.03 4.40 4.03 4.03 1.33 4.40 4.03 5.18 5.18 5.18 4.07 4.07 5.23 4.07 4.07 4.07 1.34 1.34 1.34 4.44 1.34 1.34 1.34 4.44 1.34 1.34 1.35 1.35 1.35 1.35 1.35 4.46 4.46 4.46 4.46 4.46 4.46 4.46 4.10 1.35 1.35 1.35 4.06 1.34 1.34 4.46 4.06 4.06 4.06 4.06 4.32 4.06 4.06 4.06 4.06 1.34 4.06 4.06 1.34 1.34 4.07 4.07 4.30 1.34 1.34 4.07 4.07 4.07 4.07 4.07
4.40 4.00 4.40 4.00 4.02 5.18 5.18 5.18 4.43 5.23 4.08 5.23 5.18 4.40 4.03 4.40 4.03 4.03 4.03 4.03 4.03 5.18 5.18 4.03 4.07 4.07 4.07 4.07 4.07 4.07 1.34 1.34 4.44 1.34 1.34 1.34 1.34 1.34 1.34 1.34 1.35 1.98 1.35 1.35 1.35 4.46 4.46 4.46 4.46 4.46 4.46 4.46 1.35 1.35 1.35 1.35 4.06 4.06 1.34 4.46 4.46 4.06 4.46 4.46 4.99 4.99 4.06 1.34 1.34 4.06 4.06 4.06 1.34 4.07 4.07 4.07 1.34 4.07 4.30 4.30 4.30 4.07 4.30 4.07
4.40 4.00 5.18 5.18 5.18 5.18 5.18 5.18 5.23 5.23 5.23 5.23 5.18 4.40 4.03 4.03 4.40 4.40 4.40 4.03 4.03 5.18 4.03 4.03 5.23 5.23 4.44 4.44 4.44 4.44 4.44 4.44 4.44 1.34 1.34 1.34 1.34 1.34 1.34 4.44 4.46 4.46 4.46 4.46 4.46 4.46 4.46 4.46 4.46 4.46 4.46 4.46 4.10 1.98 1.35 1.35 4.06 4.06 1.34 5.27 5.27 5.27 5.27 5.27 5.27 5.27 1.34 1.34 1.34 4.99 4.06 4.06 4.07 4.30 4.30 1.34 1.34 1.34 4.30 4.30 4.30 5.02 4.30 4.30
5.18 5.18 5.18 5.18 4.40 4.00 4.00 4.00 4.03 4.03 4.21 4.21 5.18 1.33 4.03 4.03 4.03 5.18 5.18 4.40 4.40 5.18 4.03 4.03 4.07 4.07 4.44 4.44 4.44 4.44 4.44 4.44 4.44 1.34 1.34 4.44 4.44 4.44 4.44 1.34 1.35 1.35 4.46 4.46 4.46 4.46 4.46 4.46 4.46 4.46 4.46 4.46 4.46 4.10 4.28 1.35 1.34 1.34 1.34 5.27 5.27 5.27 5.27 5.27 5.27 5.27 1.34 5.27 5.27 1.34 4.06 1.34 1.34 4.30 4.30 4.07 1.34 1.34 1.34 4.07 4.30 4.30 4.07 4.30
4.18 5.19 4.00 4.00 4.00 4.40 4.40 4.00 4.03 4.03 4.03 4.21 5.18 4.40 4.03 4.03 4.03 5.18 5.18 4.40 5.18 5.18 4.40 4.40 4.07 4.07 4.44 4.44 4.44 4.44 4.44 4.44 4.44 4.44 4.44 4.44 4.44 4.44 4.44 4.44 4.46 4.46 4.46 4.46 4.46 4.46 4.46 4.46 4.10 4.46 4.46 4.46 4.46 4.46 1.35 1.35 4.06 1.34 1.34 1.34 1.34 1.34 1.34 1.34 1.34 1.34 1.34 5.27 5.27 1.34 1.34 1.96 1.97 4.07 4.07 4.07 4.07 4.07 4.07 4.07 4.07 4.07 4.07 4.30
5.18 5.18 4.00 5.18 4.00 4.00 4.40 4.40 5.23 5.23 5.23 5.18 5.18 4.40 5.18 4.03 5.18 4.40 4.40 5.18 3.51 4.03 4.03 5.18 5.23 4.44 4.44 4.44 4.44 4.44 4.44 4.44 4.44 4.44 1.97 4.44 4.44 4.44 4.44 4.44 4.46 4.46 4.46 4.46 4.46 4.46 4.46 4.46 4.46 5.30 5.25 4.46 4.46 1.35 1.35 1.35 4.42 4.06 1.34 1.34 1.34 1.34 1.34 1.34 1.34 1.34 1.34 1.34 1.34 5.27 5.27 5.27 1.97 1.34 4.07 4.07 5.02 4.07 4.30 4.30 4.30 4.30 4.07 4.30
5.18 4.00 5.18 5.18 4.00 4.00 4.40 5.18 5.23 5.23 5.23 5.18 5.18 5.18 4.40 5.18 5.18 5.18 4.03 5.22 5.18 4.03 4.03 4.03 5.23 4.44 4.44 4.44 4.44 4.44 4.44 4.44 4.44 1.34 1.34 1.34 1.34 4.44 1.34 1.34 1.35 1.35 4.46 4.46 4.46 4.46 4.46 4.46 4.46 4.10 4.10 4.46 1.35 1.35 1.35 1.35 4.46 1.34 1.96 1.34 1.34 1.34 1.34 1.34 1.34 1.34 1.34 1.34 1.34 1.34 1.34 5.27 5.28 1.97 4.07 4.07 4.07 4.30 4.30 4.30 4.07 4.07 4.07 4.07
4.00 4.00 5.18 4.00 4.00 4.00 5.18 5.18 4.43 4.43 5.23 3.51 4.40 5.18 5.18 5.18 5.18 4.03 4.03 5.18 4.40 4.03 4.40 4.03 4.44 4.44 4.44 4.44 1.34 4.44 4.44 4.44 4.44 1.34 1.34 1.34 1.34 1.34 1.34 1.34 1.35 4.28 4.28 4.46 4.46 4.46 4.28 4.28 4.46 4.46 4.10 1.35 1.35 4.10 4.46 1.98 1.34 1.34 1.34 1.34 1.34 1.34 1.34 1.34 1.34 1.34 1.34 1.34 1.34 1.34 1.34 1.34 5.28 1.34 1.34 1.34 4.07 4.30 4.30 4.30 4.30 4.30 4.07 4.07
5.18 5.18 4.02 5.18 5.18 5.18 5.18 5.18 4.43 4.43 4.43 4.40 5.18 5.18 5.18 5.18 5.18 4.03 3.51 5.18 5.18 4.40 4.40 4.40 4.44 4.44 1.34 1.34 1.34 4.44 4.44 4.44 4.44 1.34 1.34 1.34 1.34 1.34 5.21 4.07 4.28 4.28 4.28 1.35 1.35 1.35 4.28 4.28 4.46 4.46 5.25 5.23 4.46 4.10 4.50 1.98 1.34 1.34 1.34 1.34 1.34 1.34 4.46 4.46 1.34 1.34 1.34 1.34 1.34 1.34 1.34 1.96 1.34 1.34 1.34 1.34 1.34 4.30 4.07 4.30 4.30 4.30 4.30 4.07
5.18 5.18 5.18 5.18 5.18 5.18 4.40 4.00 4.43 4.43 4.40 4.40 5.18 1.33 5.18 5.18 4.03 5.18 3.51 5.18 5.18 5.18 4.40 4.40 4.44 4.07 1.34 1.34 4.44 4.44 4.44 4.44 4.44 1.34 1.34 4.44 4.44 1.34 4.44 4.44 4.46 4.46 4.28 1.35 1.98 4.28 4.28 4.28 4.28 5.25 4.28 5.23 1.35 1.98 1.35 1.35 1.34 1.34 1.34 1.34 1.34 1.34 4.46 1.34 1.34 1.34 1.34 1.34 1.34 1.34 1.34 1.34 1.34 1.34 1.34 1.34 1.34 4.07 4.07 4.30 4.30 4.30 4.07 4.07
5.18 1.55 5.18 4.40 4.40 4.40 4.40 4.40 4.43 4.43 5.18 4.40 4.03 1.33 5.18 5.18 5.18 5.18 5.18 5.18 1.33 4.03 4.03 4.40 4.07 4.07 4.07 4.44 4.44 4.44 4.07 4.07 4.07 4.07 4.44 4.44 4.44 4.44 4.25 4.44 4.28 4.46 4.46 5.23 5.23 5.23 5.23 5.23 5.23 4.28 1.35 1.35 1.35 1.35 1.35 1.35 1.96 1.34 1.34 1.34 1.34 1.96 1.96 1.34 1.34 1.34 1.34 1.34 1.34 1.34 1.34 1.34 1.34 1.34 4.30 4.07 4.07 4.07 4.30 1.34 4.07 4.30 4.07 4.07
3.34 3.34 3.34 2.57 3.34 3.34 2.87 2.83 5.06 4.29 4.27 4.27 3.90 3.42 5.03 5.03 5.03 3.90 5.03 1.29 1.29 4.27 4.27 4.27 4.34 4.34 4.34 4.34 4.34 4.34 4.34 4.34 1.31 4.34 4.34 4.34 4.34 4.15 4.15 4.34 3.93 3.93 3.93 5.05 5.05 5.06 5.05 4.11 4.11 4.11 5.10 4.11 5.05 1.30 1.30 1.30 1.33 1.33 1.33 1.33 1.33 1.33 1.33 1.33 1.33 1.33 1.33 1.33 1.33 1.33 1.33 1.33 1.36 1.36 1.36 4.12 4.12 4.12 4.33 1.36 1.36 1.36 1.36 1.36
3.34 3.34 2.83 2.83 2.87 3.34 2.83 2.69 4.29 4.29 4.27 4.27 4.27 5.03 5.03 5.03 5.03 3.90 5.03 1.29 1.29 4.27 4.27 4.27 4.34 4.34 4.34 3.98 4.34 3.98 1.31 1.31 1.31 4.34 4.34 4.34 1.92 4.15 4.15 1.92 1.90 4.30 4.30 4.30 4.30 4.11 4.11 4.11 4.11 4.11 4.11 5.05 5.05 1.30 1.30 1.30 1.33 1.33 1.33 1.33 1.33 1.33 4.37 4.37 1.33 1.33 1.33 1.33 1.95 4.42 1.33 1.33 1.36 1.36 1.36 1.36 4.33 4.33 4.33 4.12 1.36 1.36 1.36 1.36
3.34 2.87 2.57 2.57 2.83 2.83 2.83 2.83 5.06 5.06 4.27 4.27 4.27 5.03 5.03 5.03 5.03 5.03 5.03 5.03 4.27 4.27 4.27 4.27 4.34 3.98 3.98 3.98 3.98 1.31 1.31 1.31 1.31 1.31 4.34 4.34 1.92 1.92 4.34 4.34 4.30 4.30 4.30 4.30 4.30 4.30 4.30 4.30 1.90 1.90 4.30 5.05 5.05 1.30 1.30 1.30 1.33 1.33 1.33 1.33 1.33 1.33 1.33 1.33 1.33 4.37 4.37 4.37 4.42 4.42 1.33 1.33 1.36 1.36 1.36 4.33 4.33 4.33 4.33 4.33 4.12 1.36 1.36 1.36
3.34 3.34 3.34 2.57 2.57 2.57 2.57 3.34 5.06 5.03 4.27 3.90 4.27 5.03 5.03 5.03 5.03 5.03 5.03 5.03 5.03 5.03 4.27 4.27 4.34 4.34 4.34 4.34 4.34 4.34 1.31 1.31 1.31 4.34 4.34 1.92 4.34 4.34 4.34 4.34 4.30 4.30 1.30 4.30 1.30 1.30 4.30 4.30 4.30 4.30 4.30 5.10 4.11 5.05 5.05 1.30 1.33 1.33 1.33 1.33 1.33 1.33 1.33 1.33 1.33 4.37 4.37 4.37 4.42 4.42 1.33 1.33 1.36 1.36 1.36 4.33 4.33 1.36 1.36 4.33 4.33 1.36 1.36 1.36
0.00 3.34 3.34 3.34 3.34 3.34 3.34 3.34 5.06 5.03 4.27 4.27 3.90 5.03 5.03 4.27 5.03 4.27 5.03 5.03 4.27 5.03 4.27 4.27 4.34 4.34 4.34 4.34 1.31 1.31 1.31 1.31 1.31 1.31 1.92 1.92 1.92 4.34 4.34 4.34 1.30 1.30 1.30 1.30 1.30 1.30 1.30 4.30 4.30 4.30 3.93 3.93 1.90 5.05 1.30 1.30 1.33 1.33 1.33 1.33 1.33 1.33 1.33 1.33 1.33 4.37 4.37 4.37 4.42 1.33 1.33 1.33 1.36 1.36 4.33 4.33 1.36 4.33 4.12 1.36 4.33 4.12 4.12 4.12
0.00 0.00 3.34 3.34 3.34 3.34 3.34 3.34 5.06 5.03 5.03 5.03 5.03 3.90 5.03 4.27 5.03 5.03 5.03 3.90 4.27 4.27 4.27 4.27 4.34 4.34 4.34 4.34 4.34 1.31 1.31 1.31 1.31 1.31 1.31 1.31 4.34 3.98 3.98 1.31 1.30 1.30 1.30 1.30 1.30 1.30 1.30 4.30 4.30 4.30 3.93 5.06 4.30 4.30 1.30 1.30 1.33 1.33 1.33 1.33 1.33 1.33 1.33 1.33 1.33 1.33 0.00 1.33 1.33 1.33 1.33 1.33 1.36 1.99 4.53 4.53 1.36 1.36 1.36 4.33 4.33 4.33 4.33 4.12
0.00 0.00 0.00 0.00 0.00 0.00 0.00 0.00 5.06 5.03 5.03 5.03 3.90 3.90 4.27 3.90 3.90 3.90 5.03 4.27 1.29 3.90 4.27 4.27 4.34 4.34 4.34 4.34 4.34 1.31 1.31 1.31 1.31 1.31 1.31 4.34 1.31 1.31 1.31 1.31 1.30 1.30 1.30 1.30 1.30 1.30 1.30 1.30 1.30 1.90 4.30 5.06 3.93 1.90 1.30 1.30 1.33 1.33 1.33 1.33 1.33 1.33 1.33 1.33 1.33 0.00 0.00 0.00 1.33 1.33 0.00 0.00 0.00 1.36 1.99 4.53 4.53 4.33 1.36 4.33 4.33 4.33 4.33 4.33
0.00 0.00 0.00 0.00 0.00 0.00 0.00 0.00 0.00 0.00 5.02 5.03 5.03 5.03 4.27 4.27 3.90 3.90 4.27 5.03 4.27 3.90 4.27 4.27 4.34 4.34 4.34 1.31 1.31 1.31 1.31 1.31 1.31 1.31 1.31 1.31 1.31 1.31 1.31 1.31 4.30 4.30 1.30 1.30 1.30 1.30 1.30 1.30 1.30 1.30 1.90 1.90 3.93 1.30 1.30 1.30 1.33 1.33 1.33 1.33 1.33 1.33 1.33 1.33 1.33 0.00 0.00 0.00 0.00 0.00 0.00 0.00 0.00 0.00 0.00 1.36 4.53 1.36 1.36 4.33 4.11 4.33 4.33 4.33
0.00 0.00 0.00 0.00 0.00 0.00 0.00 0.00 0.00 0.00 5.02 5.02 5.02 4.27 1.29 4.27 4.27 4.27 1.89 1.89 1.89 1.89 3.90 4.27 4.34 4.34 4.34 1.31 1.31 1.31 1.31 1.31 1.31 1.31 1.31 1.31 1.31 1.31 1.31 1.31 1.30 1.30 4.30 1.30 1.30 1.30 1.30 1.30 1.30 1.90 1.30 1.30 3.93 1.30 1.30 1.30 1.33 1.33 1.33 1.33 1.33 1.33 1.33 1.33 1.33 1.33 1.33 0.00 0.00 0.00 0.00 0.00 0.00 0.00 0.00 0.00 0.00 1.99 1.36 4.33 4.33 4.33 4.33 4.33
0.00 0.00 0.00 0.00 0.00 0.00 0.00 0.00 0.00 0.00 0.00 0.00 5.06 5.06 1.29 1.29 4.27 3.90 1.89 1.89 1.29 1.29 4.27 4.27 4.34 4.15 1.92 1.31 1.31 1.31 1.31 1.31 1.31 1.31 1.31 1.31 1.31 1.31 1.31 1.31 1.30 1.30 4.32 1.30 1.30 1.30 1.30 1.30 1.30 1.90 1.90 1.30 3.93 3.93 1.30 1.30 1.33 1.33 1.33 1.33 1.33 1.33 1.33 1.33 1.33 1.33 1.33 0.00 0.00 0.00 0.00 0.00 0.00 0.00 0.00 0.00 1.36 5.05 4.11 4.11 4.11 4.11 4.33 4.33
0.00 0.00 0.00 0.00 0.00 0.00 0.00 0.00 0.00 0.00 0.00 0.00 0.00 5.06 1.29 1.29 3.90 3.90 1.29 1.29 5.02 1.29 5.02 4.27 4.34 4.15 4.15 1.31 1.31 1.31 1.31 1.31 1.31 1.31 1.31 1.31 1.31 1.31 1.31 1.31 1.30 1.30 1.30 1.30 1.30 1.30 1.30 1.30 1.30 1.90 1.30 1.30 3.93 3.93 3.93 1.30 1.33 1.33 1.33 1.33 1.33 1.33 1.33 0.00 0.00 0.00 0.00 0.00 0.00 0.00 0.00 0.00 0.00 0.00 0.00 0.00 1.36 4.33 4.11 4.11 4.11 1.36 1.36 4.33
0.00 0.00 0.00 0.00 0.00 0.00 0.00 0.00 0.00 0.00 0.00 0.00 0.00 0.00 5.06 5.06 3.90 3.90 1.29 5.02 5.02 5.02 5.02 3.90 1.31 4.15 1.31 1.31 1.31 1.31 1.31 1.31 1.31 1.31 1.31 1.31 1.31 1.31 1.31 1.31 1.30 1.30 1.30 1.30 1.30 1.30 1.30 1.30 1.30 1.30 1.30 1.30 3.93 3.93 3.93 1.30 1.33 1.33 1.33 1.33 1.33 1.33 0.00 0.00 0.00 0.00 0.00 0.00 0.00 0.00 0.00 0.00 0.00 0.00 0.00 0.00 5.01 5.01 5.05 4.11 4.33 1.36 1.36 4.33
0.00 0.00 0.00 0.00 0.00 0.00 0.00 0.00 0.00 0.00 0.00 0.00 0.00 0.00 0.00 5.06 5.06 5.06 1.29 4.08 5.06 5.06 1.29 1.29 1.31 1.31 1.31 1.31 1.31 1.31 1.31 1.31 1.31 1.31 1.31 1.31 1.31 1.31 1.31 1.31 1.30 1.30 1.30 1.30 1.30 1.30 1.30 1.30 1.30 1.30 1.30 1.30 1.30 3.93 3.93 1.30 1.33 1.33 1.33 1.33 1.33 0.00 0.00 0.00 0.00 0.00 0.00 0.00 0.00 0.00 0.00 0.00 0.00 0.00 0.00 0.00 0.00 5.03 5.01 5.01 4.11 1.36 1.36 1.36
0.00 0.00 0.00 0.00 0.00 0.00 0.00 0.00 0.00 0.00 0.00 0.00 0.00 0.00 0.00 0.00 0.00 5.06 5.06 5.06 5.06 5.06 1.29 1.29 1.31 1.31 1.31 1.31 1.31 1.31 1.31 1.31 1.31 1.31 0.00 0.00 0.00 0.00 0.00 0.00 0.00 0.00 0.00 0.00 0.00 0.00 1.30 1.30 1.30 1.30 1.30 1.30 1.30 3.93 3.93 1.30 1.33 1.33 1.33 1.33 1.33 0.00 0.00 0.00 0.00 0.00 0.00 0.00 0.00 0.00 0.00 0.00 0.00 0.00 0.00 0.00 0.00 0.00 0.00 0.00 0.00 1.36 1.99 1.36
0.00 0.00 0.00 0.00 0.00 0.00 0.00 0.00 0.00 0.00 0.00 0.00 0.00 0.00 0.00 0.00 0.00 0.00 0.00 0.00 0.00 0.00 5.06 1.29 1.31 1.31 1.31 1.31 1.31 1.31 1.31 1.31 1.31 0.00 0.00 0.00 0.00 0.00 0.00 0.00 0.00 0.00 0.00 0.00 0.00 0.00 0.00 0.00 0.00 1.30 1.30 1.30 1.30 1.30 3.93 1.30 1.33 1.33 1.33 1.33 1.33 0.00 0.00 0.00 0.00 0.00 0.00 0.00 0.00 0.00 0.00 0.00 0.00 0.00 0.00 0.00 0.00 0.00 0.00 0.00 0.00 1.36 1.99 1.36
0.00 0.00 0.00 0.00 0.00 0.00 0.00 0.00 0.00 0.00 0.00 0.00 0.00 0.00 0.00 0.00 0.00 0.00 0.00 0.00 0.00 0.00 0.00 5.06 1.31 1.31 1.31 1.31 1.31 1.31 1.31 1.31 0.00 0.00 0.00 0.00 0.00 0.00 0.00 0.00 0.00 0.00 0.00 0.00 0.00 0.00 0.00 0.00 0.00 0.00 1.30 1.30 1.30 1.30 3.93 3.93 1.33 1.33 1.33 1.33 1.33 0.03 0.00 0.00 0.00 0.00 0.00 0.00 0.00 0.00 0.00 0.00 0.00 0.00 0.00 0.00 0.00 0.00 0.00 0.00 0.00 1.36 1.36 1.99
0.00 0.00 0.00 0.00 0.00 0.00 0.00 0.00 0.00 0.00 0.00 0.00 0.00 0.00 0.00 0.00 0.00 0.00 0.00 0.00 0.00 0.00 0.00 0.00 0.00 0.00 0.00 0.80 0.80 0.80 0.80 0.00 0.00 0.00 0.00 0.00 0.00 0.00 0.00 0.00 0.00 0.00 0.00 0.00 0.00 0.00 0.00 0.00 0.00 0.00 0.80 0.80 0.80 0.80 2.44 2.44 0.80 0.80 0.80 0.80 0.80 2.43 0.00 0.00 0.00 0.00 0.00 0.00 0.00 0.00 0.00 0.00 0.00 0.00 0.00 0.00 0.00 0.00 0.00 0.00 0.00 0.00 3.16 0.80
0.00 0.00 0.00 0.00 0.00 0.00 0.00 0.00 0.00 0.00 0.00 0.00 0.00 0.00 0.00 0.00 0.00 0.00 0.00 0.00 0.00 0.00 0.00 0.00 0.00 0.00 0.00 0.00 0.80 0.80 0.00 0.00 0.00 0.00 0.00 0.00 0.00 0.00 0.00 0.00 0.00 0.00 0.00 0.00 0.00 0.00 0.00 0.00 0.00 0.00 0.80 0.80 0.80 0.80 0.80 2.44 1.18 0.80 2.43 0.80 0.80 0.80 0.80 0.80 0.00 0.00 0.00 0.00 0.00 0.00 0.00 0.00 0.00 0.00 0.00 0.00 0.00 0.00 0.00 0.00 0.00 0.00 0.00 0.80
0.00 0.00 0.00 0.00 0.00 0.00 0.00 0.00 0.00 0.00 0.00 0.00 0.00 0.00 0.00 0.00 0.00 0.00 0.00 0.00 0.00 0.00 0.00 0.00 0.00 0.00 0.00 0.00 0.80 0.80 0.00 0.00 0.00 0.00 0.00 0.00 0.00 0.00 0.00 0.00 0.00 0.00 0.00 0.00 0.00 0.00 0.00 0.00 0.00 0.00 0.80 0.80 0.80 0.80 0.80 0.80 2.43 2.43 2.43 0.80 0.80 0.80 0.80 0.80 0.00 0.00 0.00 0.00 0.00 0.00 0.00 0.00 0.00 0.00 0.00 0.00 0.00 0.00 0.00 0.00 0.00 0.00 0.00 0.00
0.00 0.00 0.00 0.00 0.00 0.00 0.00 0.00 0.00 0.00 0.00 0.00 0.00 0.00 0.00 0.00 0.00 0.00 0.00 0.00 0.00 0.00 0.00 0.00 0.00 0.00 0.00 0.00 3.16 0.80 0.00 0.00 0.00 0.00 0.00 0.00 0.00 0.00 0.00 0.00 0.00 0.00 0.00 0.00 0.00 0.00 0.00 0.00 0.00 0.00 0.80 0.80 0.80 0.80 0.80 0.80 0.80 2.43 0.80 0.80 0.80 0.80 0.80 2.43 0.00 0.00 0.00 0.00 0.00 0.00 0.00 0.00 0.00 0.00 0.00 0.00 0.00 0.00 0.00 0.00 0.00 0.00 0.00 0.00
