New_Model_Runs/5_FutureClimate_BASE_out/post_prcessed_with_MFR/Monthly_summaries/actual_et_monthly_JAN.asc
NCOLS 700
NROWS 400
XLLCENTER 515000.000000
YLLCENTER 8409000.000000
CELLSIZE 50.000000
NODATA_value -999.000000
[rows 152 to 189 of 400, columns 252 to 335 of 700]
0.00 0.00 0.00 0.00 0.00 0.00 0.00 0.00 0.00 0.00 0.00 0.00 0.00 0.00 0.00 0.00 0.00 0.00 0.00 0.00 0.00 0.00 0.00 0.00 0.00 0.00 0.00 0.00 0.00 0.00 0.00 0.00 0.00 0.00 0.00 0.00 0.00 0.00 0.00 0.00 0.00 0.00 0.00 0.00 0.00 0.00 0.00 0.96 0.96 0.96 0.96 0.96 1.49 1.49 1.49 1.49 1.49 1.49 1.49 1.49 1.49 1.49 1.49 1.49 1.49 1.49 1.49 1.49 1.36 1.36 1.36 1.36 1.36 1.36 4.45 5.27 5.25 5.25 5.25 5.25 5.25 5.25 5.25 5.25
0.00 0.00 0.00 0.00 0.00 0.00 0.00 0.00 0.00 0.00 0.00 0.00 0.00 0.00 0.00 0.00 0.00 0.00 0.00 0.00 0.00 0.00 0.00 0.00 0.00 0.00 0.00 0.00 0.00 0.00 0.00 0.00 0.00 0.00 0.00 0.00 0.00 0.00 0.00 0.00 0.00 0.00 0.00 0.00 0.00 0.00 0.96 0.96 0.96 0.96 0.96 0.96 1.49 1.49 1.49 1.49 1.49 1.49 1.49 1.49 1.49 1.49 1.49 1.49 1.49 1.49 1.49 1.49 1.36 1.36 1.36 1.36 4.45 4.45 5.25 5.25 5.29 1.36 5.25 5.25 5.25 4.11 5.27 5.27
0.00 0.00 0.00 0.00 0.00 0.00 0.00 0.00 0.00 0.00 0.00 0.00 0.00 0.00 0.00 0.00 0.00 0.00 0.00 0.00 0.00 0.00 0.00 0.00 0.00 0.00 0.00 0.00 0.00 0.00 0.00 0.00 0.00 0.00 0.00 0.00 0.00 0.00 0.00 0.00 0.00 0.00 0.00 0.00 0.00 0.96 0.96 0.96 0.96 0.96 0.96 0.96 1.49 1.49 1.49 1.49 1.49 1.49 1.49 1.49 1.49 1.49 1.49 1.49 1.49 1.49 1.49 1.49 1.36 1.36 1.36 4.11 4.44 5.30 5.25 5.25 3.66 5.25 5.25 4.11 4.45 3.39 4.12 4.12
0.00 0.00 0.00 0.00 0.00 0.00 0.00 0.00 0.00 0.00 0.00 0.00 0.00 0.00 0.00 0.00 0.00 0.00 0.00 0.00 0.00 0.00 0.00 0.00 0.00 0.00 0.00 0.00 0.00 0.00 0.00 0.00 0.00 0.00 0.00 0.00 0.00 0.00 0.00 0.00 0.00 0.00 0.00 0.00 0.00 0.96 0.96 0.96 0.96 0.96 0.96 0.96 1.49 1.49 1.49 1.49 1.49 1.49 1.49 1.49 1.49 1.49 1.49 1.49 1.49 1.49 1.49 1.49 1.36 1.36 1.36 1.36 4.44 4.44 5.25 3.66 5.25 5.25 5.27 4.12 1.36 1.36 4.45 1.99
0.00 0.00 0.00 0.00 0.00 0.00 0.00 0.00 0.00 0.00 0.00 0.00 0.00 0.00 0.00 0.00 0.00 0.00 0.00 0.00 0.00 0.00 0.00 0.00 0.00 0.00 0.00 0.00 0.00 0.00 0.00 0.00 0.00 0.00 0.00 0.00 0.00 0.00 0.00 0.00 0.00 0.00 0.00 0.00 3.77 0.96 0.96 0.96 0.96 0.96 0.96 0.96 1.49 1.49 1.49 1.49 1.49 1.49 1.49 1.49 1.49 1.49 1.49 1.49 1.49 1.49 1.49 1.49 1.36 1.36 1.36 1.36 1.36 1.36 1.36 3.66 5.25 1.36 5.27 4.12 1.36 4.45 4.45 1.36
0.00 0.00 0.00 0.00 0.00 0.00 0.00 0.00 0.00 0.00 0.00 0.00 0.00 0.00 0.00 0.00 0.00 0.00 0.00 0.00 0.00 0.00 0.00 0.00 0.00 0.00 0.00 0.00 0.00 0.00 0.00 0.00 0.00 0.00 0.00 0.00 0.00 0.00 0.00 0.00 0.00 0.00 0.00 0.00 3.20 0.96 0.96 0.96 0.96 0.96 0.96 0.96 1.49 1.49 1.49 1.49 1.49 1.49 1.49 1.49 1.49 1.49 1.49 1.49 1.49 1.49 1.49 1.49 1.36 1.36 1.36 4.44 1.36 1.36 5.25 5.25 4.44 1.36 4.45 1.36 4.45 4.45 1.36 1.36
0.00 0.00 0.00 0.00 0.00 0.00 0.00 0.00 0.00 0.00 0.00 0.00 0.00 0.00 0.00 0.00 0.00 0.00 0.00 0.00 0.00 0.00 0.00 0.00 0.00 0.00 0.00 0.92 0.00 0.00 0.00 0.00 0.00 0.00 0.00 0.00 0.00 0.00 0.00 0.00 0.00 0.00 0.00 0.00 0.96 0.96 0.96 0.96 0.96 0.96 0.96 0.96 1.49 1.49 1.49 1.49 1.49 1.49 1.49 1.49 1.49 1.49 1.49 1.49 1.49 1.49 1.49 1.49 1.36 1.36 1.36 4.44 4.11 5.25 5.25 5.25 5.25 1.36 1.36 1.36 1.36 1.36 1.36 1.36
0.00 0.00 0.00 0.00 0.00 0.00 0.00 0.00 0.00 0.00 0.00 0.00 0.00 0.00 0.00 0.00 0.00 0.00 0.00 0.00 0.00 0.00 0.00 0.00 0.00 0.00 0.92 0.92 0.00 0.00 0.00 0.00 0.00 0.00 0.00 0.00 0.00 0.00 0.00 0.00 0.00 0.00 0.00 0.00 0.00 0.00 0.96 0.96 0.96 0.96 0.96 0.96 1.49 1.49 1.49 1.49 1.49 1.49 1.49 1.49 1.49 1.49 1.49 1.49 1.49 1.49 1.49 1.49 1.36 1.36 1.36 4.11 4.11 5.25 5.30 5.25 5.25 4.44 4.44 1.36 1.36 1.36 1.36 1.36
0.00 0.00 0.00 0.00 0.00 0.00 0.00 0.00 0.00 0.00 0.00 0.00 0.00 0.00 0.00 0.00 0.00 0.00 0.00 0.00 0.00 0.00 0.00 0.00 0.00 0.92 0.92 0.92 0.92 0.00 0.00 0.00 0.00 0.00 0.00 0.00 0.00 0.00 0.00 0.00 0.00 0.00 0.00 0.00 0.00 0.00 0.00 0.00 0.96 0.96 0.96 0.96 1.49 1.49 1.49 1.49 1.49 1.49 1.49 1.49 1.49 1.49 1.49 1.49 1.49 1.49 1.49 1.49 1.36 1.36 4.44 4.44 5.25 5.25 3.66 3.66 4.11 4.11 1.36 1.36 1.36 1.36 1.36 1.36
0.00 0.00 0.00 0.00 0.00 0.00 0.00 0.00 0.00 0.00 0.00 0.00 0.00 0.00 0.00 0.00 0.00 0.00 0.00 0.00 0.00 0.00 0.00 0.00 0.00 0.92 0.92 0.92 0.92 0.92 0.92 0.00 0.00 0.00 0.00 0.00 0.00 0.00 0.00 0.00 0.00 0.00 0.00 0.00 0.00 0.00 0.00 0.00 0.00 0.00 3.77 0.96 1.49 1.49 1.49 1.49 1.49 1.49 1.49 1.49 1.49 1.49 1.49 1.49 1.49 1.49 1.49 1.49 1.36 4.11 4.11 5.25 5.30 3.66 5.25 5.25 4.11 4.11 4.11 1.36 1.36 1.36 1.36 1.36
0.00 0.00 0.00 0.00 0.00 0.00 0.00 0.00 0.00 0.00 0.00 0.00 0.00 0.00 0.00 0.00 0.00 0.00 0.00 0.00 0.00 0.00 0.00 0.00 0.00 1.45 1.45 1.45 1.45 1.45 1.45 0.00 0.00 0.00 0.00 0.00 0.00 0.00 0.00 0.00 0.00 0.00 0.00 0.00 0.00 0.00 0.00 0.00 0.00 0.00 5.12 1.32 1.53 1.53 1.53 1.53 1.53 1.53 1.53 1.53 1.53 1.53 1.53 1.53 1.53 1.53 1.53 1.53 4.51 4.50 4.50 4.50 4.50 4.82 4.50 2.18 5.68 5.68 4.50 1.49 1.49 1.49 1.49 1.49
0.00 0.00 0.00 0.00 0.00 0.00 0.00 0.00 0.00 0.00 0.00 0.00 0.00 0.00 0.00 0.00 0.00 0.00 0.00 0.00 0.00 0.00 0.00 0.00 1.45 1.45 1.45 1.45 1.45 1.45 1.45 1.45 1.45 1.45 1.45 1.45 0.00 0.00 0.00 0.00 0.00 0.00 0.00 0.00 0.00 0.00 0.00 0.00 0.00 0.00 3.59 1.32 1.53 1.53 1.53 1.53 1.53 1.53 1.53 1.53 1.53 1.53 1.53 1.53 1.53 1.53 1.53 1.53 1.49 4.51 4.50 4.82 4.50 4.82 4.82 5.68 5.68 5.68 5.68 1.49 1.49 1.49 1.49 1.49
0.00 0.00 0.00 0.00 0.00 0.00 0.00 0.00 0.00 0.00 0.00 0.00 0.00 0.00 0.00 0.00 0.00 0.00 0.00 0.00 0.00 0.00 1.45 1.45 1.45 1.45 1.45 1.45 1.45 1.45 1.45 2.13 1.45 1.45 1.45 1.45 1.32 1.08 0.00 0.00 0.00 0.00 0.00 0.00 0.00 0.00 0.00 0.00 0.00 0.00 0.00 5.12 5.81 3.97 4.63 4.95 1.53 1.53 1.53 1.53 1.53 1.53 1.53 1.53 1.53 1.53 4.97 1.53 1.49 1.49 4.51 4.85 5.68 5.68 5.72 5.68 5.68 1.49 4.82 1.49 4.85 1.49 1.49 1.49
0.00 0.00 0.00 0.00 0.00 0.00 0.00 0.00 0.00 0.00 0.00 0.00 0.00 0.00 0.00 0.00 0.00 0.00 0.00 0.00 1.45 1.45 1.45 1.45 1.45 1.45 1.45 1.45 1.45 1.45 1.45 1.45 4.60 4.74 4.60 1.45 1.32 1.32 1.32 1.08 0.00 0.00 0.00 0.00 0.00 0.00 0.00 0.00 0.00 0.00 0.00 3.59 3.97 5.81 5.81 5.81 5.81 4.63 1.53 1.53 1.53 1.53 1.53 1.53 1.53 1.53 1.53 1.53 1.49 1.49 1.49 4.85 4.51 4.85 5.72 5.68 4.85 1.49 1.49 1.49 4.51 1.49 1.49 1.49
0.00 0.00 0.00 0.00 0.00 0.00 0.00 0.00 0.00 0.00 0.00 0.00 0.00 0.00 0.00 0.00 5.70 1.50 0.00 1.10 1.45 1.45 1.45 1.45 1.45 1.45 1.45 1.45 1.45 1.45 1.45 1.45 1.45 4.74 1.45 1.45 1.32 1.93 4.33 4.33 1.93 0.00 0.00 0.00 0.00 0.00 0.00 0.00 0.00 0.00 0.00 3.59 3.97 5.81 5.81 5.81 4.63 4.63 1.53 1.53 1.53 2.25 1.53 1.53 1.53 1.53 1.53 1.53 1.49 1.49 1.49 1.49 4.85 4.85 4.51 5.68 1.49 1.49 1.49 1.49 1.49 1.49 1.49 1.49
0.00 0.00 0.00 0.00 0.00 0.00 0.00 0.00 0.00 0.00 0.00 0.00 0.00 0.00 0.00 0.00 1.50 1.50 1.50 1.50 1.45 1.45 1.45 1.45 1.45 1.45 1.45 1.45 1.45 1.45 1.45 1.45 1.45 1.45 1.45 1.45 1.32 1.32 1.32 4.33 1.32 0.00 0.00 0.00 0.00 0.00 0.00 0.00 0.00 0.00 0.00 1.53 3.97 3.97 5.81 5.81 4.95 4.97 4.97 1.53 1.53 1.53 1.53 1.53 1.53 1.53 1.53 1.53 1.49 1.49 1.49 1.49 4.85 4.85 4.51 1.49 1.49 1.49 1.49 1.49 1.49 1.49 1.49 1.49
0.00 0.00 0.00 0.00 0.00 0.00 0.00 0.00 0.00 0.00 0.00 0.00 0.00 5.70 1.50 1.50 1.50 1.50 1.50 1.50 1.45 1.45 1.45 1.45 1.45 1.45 1.45 1.45 1.45 1.45 1.45 1.45 1.45 1.45 1.45 1.45 1.32 1.32 1.32 1.32 1.32 0.00 0.00 0.00 0.00 0.00 0.00 0.00 0.00 0.00 3.59 3.59 3.97 3.97 5.81 4.95 4.95 4.97 1.53 1.53 1.53 1.53 1.53 1.53 1.53 1.53 1.53 1.53 1.49 1.49 1.49 1.49 4.85 4.85 4.85 1.49 1.49 1.49 1.49 1.49 1.49 1.49 1.49 1.49
0.00 0.00 0.00 0.00 0.00 0.00 0.00 0.00 0.00 0.00 0.00 0.00 5.70 1.50 1.50 1.50 1.50 1.50 1.50 1.50 1.45 1.45 1.45 1.45 1.45 1.45 1.45 1.45 1.45 1.45 1.45 1.45 1.45 1.45 1.45 1.45 4.17 1.32 1.32 5.12 1.02 0.00 0.00 0.00 0.00 0.00 0.00 0.00 0.00 3.59 1.32 1.32 4.97 5.89 5.81 5.81 4.95 4.97 4.63 1.53 4.97 2.25 1.53 1.53 1.53 1.53 1.53 1.53 1.49 1.49 1.49 1.49 1.49 1.49 4.85 1.49 1.49 1.49 1.49 1.49 1.49 1.49 1.49 1.49
0.00 0.00 0.00 0.00 0.00 0.00 0.00 0.00 0.00 0.00 0.00 0.00 1.50 1.50 1.50 1.50 1.50 1.50 1.50 1.50 1.45 1.45 1.45 1.45 1.45 1.45 1.45 1.45 1.45 1.45 1.45 1.45 1.45 1.45 1.45 1.45 4.17 1.93 1.32 3.59 5.12 0.00 0.00 0.00 0.00 0.00 0.00 0.00 3.59 1.32 1.32 1.32 4.97 4.63 4.63 5.81 4.63 4.95 4.95 4.95 4.97 1.53 1.53 1.53 1.53 1.53 1.53 1.53 1.49 1.49 1.49 1.49 1.49 1.49 1.49 1.49 1.49 1.49 1.49 1.49 1.49 1.49 1.49 1.49
0.00 0.00 0.00 0.00 0.00 0.00 0.00 0.00 0.00 0.00 0.00 5.70 1.50 1.50 1.50 1.50 1.50 1.50 1.50 1.50 1.45 1.45 1.45 1.45 1.45 1.45 1.45 1.45 1.45 1.45 1.45 1.45 1.45 1.45 4.60 1.45 1.32 1.93 5.15 3.60 5.12 5.12 0.00 0.00 0.00 0.00 0.00 3.59 1.32 1.32 1.32 1.32 1.53 4.97 4.95 5.81 5.81 5.81 5.81 3.97 4.97 4.97 1.53 1.53 1.53 1.53 1.53 1.53 1.49 1.49 1.49 1.49 1.49 1.49 1.49 1.49 1.49 1.49 1.49 1.49 1.49 1.49 1.49 1.49
0.00 0.00 0.00 0.00 0.00 0.00 0.00 0.00 0.00 0.00 1.50 1.50 1.50 1.50 1.50 1.50 1.50 1.50 1.50 1.50 1.45 1.45 1.45 1.45 1.45 1.45 1.45 1.45 1.45 1.45 1.45 1.45 1.45 1.45 1.45 1.45 1.32 1.93 1.93 4.17 5.12 3.59 3.59 3.59 0.00 3.59 3.59 3.59 5.12 1.32 1.32 1.32 1.53 1.53 4.95 5.81 4.63 4.95 5.81 4.95 4.97 4.97 1.53 1.53 1.53 1.53 1.53 1.53 1.49 1.49 1.49 1.49 1.49 1.49 1.49 1.49 1.49 1.49 1.49 1.49 1.49 1.49 1.49 1.49
0.00 0.00 0.00 0.00 0.00 0.00 0.00 0.00 0.00 0.00 1.50 1.50 1.50 1.50 1.50 1.50 1.50 1.50 1.50 1.50 1.45 1.45 1.45 1.45 1.45 1.45 1.45 1.45 1.45 1.45 1.45 1.45 1.45 1.45 1.45 1.45 1.32 1.32 1.93 1.93 5.12 3.59 3.59 3.59 3.59 3.59 3.59 4.32 1.32 1.32 1.32 1.32 1.53 1.53 1.53 4.63 4.95 4.95 1.53 1.53 1.53 4.97 1.53 1.53 1.53 1.53 1.53 1.53 1.49 1.49 1.49 1.49 1.49 1.49 1.49 1.49 1.49 1.49 1.49 1.49 1.49 1.49 1.49 1.49
0.00 0.00 0.00 0.00 0.00 0.00 0.00 0.00 0.00 0.00 0.00 1.50 1.50 1.50 1.50 1.50 1.50 1.50 1.50 1.50 1.45 1.45 1.45 1.45 1.45 1.45 1.45 1.45 1.45 1.45 1.45 1.45 1.45 1.45 1.45 1.45 1.32 1.32 1.32 4.17 3.60 5.12 3.59 3.59 3.59 5.15 4.32 4.32 4.00 4.00 4.00 4.00 1.53 1.53 1.53 1.53 4.97 4.97 4.95 1.53 1.53 1.53 1.53 1.53 1.53 1.53 1.53 1.53 1.49 1.49 1.49 1.49 1.49 1.49 1.49 1.49 1.49 1.49 1.49 1.49 1.49 1.49 1.49 1.49
0.00 0.00 0.00 0.00 0.00 0.00 0.00 0.00 0.00 0.00 0.00 1.50 1.50 1.50 1.50 1.50 1.50 1.50 1.50 1.50 1.45 1.45 1.45 1.45 1.45 1.45 1.45 1.45 1.45 1.45 1.45 1.45 1.45 1.45 1.45 1.45 1.32 1.32 1.32 4.00 4.00 5.12 5.12 5.14 4.00 4.00 4.00 4.32 1.32 4.32 4.00 4.33 1.53 1.53 1.53 1.53 1.53 4.97 4.95 4.95 1.53 1.53 1.53 1.53 1.53 1.53 1.53 1.53 1.49 1.49 1.49 1.49 1.49 1.49 1.49 1.49 1.49 1.49 1.49 1.49 1.49 1.49 1.49 1.49
0.00 0.00 0.00 0.00 0.00 0.00 0.00 0.00 0.00 0.00 0.00 1.50 1.50 1.50 1.50 1.50 1.50 1.50 1.50 1.50 1.45 1.45 1.45 1.45 1.45 1.45 1.45 1.45 1.45 1.45 1.45 1.45 1.45 1.45 4.60 1.45 1.32 1.32 1.32 4.00 4.00 5.12 5.12 5.14 4.33 4.00 4.00 4.32 1.32 4.32 4.32 1.32 1.53 1.53 1.53 1.53 1.53 1.53 1.53 1.53 4.95 1.53 1.53 1.53 1.53 1.53 1.53 1.53 1.49 1.49 1.49 1.49 1.49 1.49 1.49 1.49 1.49 1.49 1.49 1.49 1.49 1.49 1.49 1.49
0.00 0.00 0.00 0.00 0.00 0.00 0.00 0.00 0.00 0.00 0.00 1.50 1.50 1.50 1.50 1.50 1.50 1.50 1.50 1.50 1.45 1.45 1.45 1.45 1.45 1.45 1.45 1.45 1.45 1.45 1.45 1.45 1.45 1.45 4.60 1.45 4.17 1.32 4.00 4.00 4.32 4.32 5.12 5.16 4.33 4.00 4.00 1.32 1.32 1.32 1.32 1.32 1.53 1.53 1.53 1.53 1.53 1.53 1.53 1.53 1.53 1.53 1.53 1.53 1.53 1.53 1.53 1.53 1.49 1.49 1.49 1.49 1.49 1.49 1.49 1.49 1.49 1.49 1.49 1.49 1.49 1.49 1.49 1.49
0.00 0.00 0.00 0.00 1.44 0.00 0.00 0.00 0.00 0.00 1.44 1.44 1.44 1.44 1.44 1.44 1.44 1.44 1.44 1.44 1.45 1.45 1.45 1.45 1.45 1.45 1.45 1.45 1.45 1.45 1.45 1.45 1.45 1.45 1.45 2.13 1.37 1.37 4.15 4.15 4.15 4.48 4.15 4.15 4.48 4.15 1.37 1.37 1.37 1.37 1.37 1.37 1.41 1.41 1.41 1.41 1.41 1.41 1.41 1.41 1.41 1.41 1.41 1.41 1.41 1.41 1.41 1.41 1.23 1.23 1.23 1.23 1.23 1.23 1.23 1.23 1.23 1.23 1.23 1.23 1.23 1.23 1.23 1.23
0.00 0.00 0.00 1.55 1.44 1.44 0.00 0.00 0.00 1.44 1.44 1.44 1.44 1.44 1.44 1.44 1.44 1.44 1.44 1.44 1.45 1.45 1.45 1.45 1.45 1.45 1.45 1.45 1.45 1.45 1.45 1.45 1.45 1.45 1.45 1.45 1.37 1.37 2.01 1.37 4.15 4.48 4.48 4.15 4.48 4.15 1.37 1.37 1.37 1.37 1.37 1.37 1.41 1.41 1.41 1.41 1.41 1.41 1.41 1.41 1.41 1.41 1.41 1.41 1.41 1.41 1.41 1.41 1.23 1.23 1.23 1.23 1.23 1.23 1.23 1.23 1.23 1.23 1.23 1.23 1.23 1.23 1.23 1.23
1.55 1.55 1.55 1.55 1.44 1.44 1.44 1.44 1.44 1.44 2.11 1.44 1.44 1.44 1.44 1.44 1.44 1.44 1.44 1.44 1.45 1.45 1.45 1.45 1.45 1.45 1.45 1.45 1.45 1.45 1.45 1.45 1.45 1.45 1.45 1.45 1.37 4.15 4.15 4.48 4.15 4.15 4.15 4.48 4.15 4.48 1.37 1.37 1.37 1.37 1.37 1.37 1.41 1.41 1.41 1.41 1.41 1.41 1.41 1.41 1.41 1.41 1.41 1.41 1.41 1.41 1.41 1.41 1.23 1.23 1.23 1.23 1.23 1.23 1.23 1.23 1.23 1.23 1.23 1.23 1.23 1.23 1.23 1.23
1.55 1.55 1.55 1.55 1.44 1.44 1.44 1.44 1.44 1.44 1.44 1.44 1.44 1.44 1.44 1.44 1.44 1.44 1.44 1.44 1.45 1.45 1.45 1.45 1.45 1.45 1.45 1.45 1.45 1.45 1.45 1.45 1.45 1.45 1.45 1.45 4.48 4.48 4.15 4.15 4.15 4.15 4.15 4.15 4.15 4.15 1.37 1.37 1.37 1.37 1.37 1.37 1.41 1.41 1.41 1.41 1.41 1.41 1.41 1.41 1.41 1.41 1.41 1.41 1.41 1.41 1.41 1.41 1.23 1.23 1.23 1.23 1.23 4.09 1.23 1.23 1.23 1.23 1.23 1.23 1.23 1.23 1.23 4.09
1.55 1.55 1.55 1.55 1.44 1.44 1.44 1.44 1.44 1.44 1.44 1.44 1.44 1.44 1.44 1.44 1.44 1.44 1.44 1.44 1.45 1.45 1.45 1.45 1.45 1.45 1.45 1.45 1.45 1.45 1.45 1.45 1.45 1.45 1.45 1.45 4.15 4.48 4.15 4.15 5.30 4.15 4.15 4.49 4.15 4.15 4.49 1.37 1.37 1.37 1.37 1.37 1.41 1.41 1.41 1.41 1.41 1.41 1.41 1.41 1.41 1.41 1.41 1.41 1.41 1.41 1.41 1.41 1.23 1.23 1.23 1.23 1.23 1.23 1.23 1.23 1.23 1.23 1.23 1.23 1.23 1.23 4.09 4.09
1.55 1.55 1.55 1.55 1.44 1.44 1.44 1.44 1.44 1.44 1.44 1.44 1.44 1.44 1.44 1.44 1.44 1.44 1.44 1.44 1.45 1.45 1.45 1.45 1.45 1.45 1.45 1.45 1.45 1.45 1.45 1.45 1.45 1.45 1.45 1.45 1.37 1.37 5.30 5.30 5.30 1.37 1.37 4.49 4.15 4.15 4.48 1.37 1.37 1.37 1.37 1.37 1.41 1.41 1.41 1.41 1.41 1.41 1.41 1.41 1.41 1.41 1.41 1.41 1.41 1.41 1.41 1.41 1.23 1.23 1.23 1.23 1.23 1.23 1.23 1.23 1.23 1.23 4.09 1.23 1.23 1.23 4.09 4.09
1.55 1.55 1.55 1.55 1.44 1.44 1.44 1.44 1.44 1.44 1.44 1.44 1.44 1.44 1.44 1.44 1.44 1.44 1.44 1.44 1.45 1.45 1.45 1.45 1.45 1.45 1.45 1.45 1.45 1.45 1.45 1.45 1.45 1.45 1.45 1.45 1.37 1.37 4.34 4.34 5.30 1.37 1.37 4.49 4.49 4.49 4.15 1.37 1.37 1.37 1.37 1.37 1.41 1.41 1.41 1.41 1.41 1.41 1.41 1.41 1.41 1.41 1.41 1.41 1.41 1.41 1.41 1.41 1.23 1.23 1.23 1.23 1.23 1.23 1.23 1.23 1.23 1.23 1.23 1.23 4.09 4.09 4.09 4.09
1.55 1.55 1.55 1.55 1.44 1.44 1.44 1.44 1.44 1.44 1.44 1.44 1.44 1.44 1.44 1.44 1.44 1.44 1.44 1.44 1.45 1.45 1.45 1.45 1.45 1.45 1.45 1.45 1.45 1.45 1.45 1.45 1.45 1.45 1.45 1.45 1.37 1.37 1.37 5.30 4.48 1.37 1.37 4.49 4.49 4.49 4.49 1.37 1.37 1.37 1.37 1.37 1.41 1.41 1.41 1.41 1.41 1.41 1.41 1.41 1.41 1.41 1.41 1.41 1.41 1.41 1.41 1.41 1.23 1.23 1.23 1.23 1.23 1.23 1.23 1.23 1.23 1.23 1.23 1.23 4.09 4.09 4.09 4.09
1.55 1.55 1.55 1.55 1.44 1.44 1.44 1.44 1.44 1.44 1.44 1.44 1.44 1.44 1.44 1.44 1.44 1.44 1.44 1.44 1.45 1.45 1.45 1.45 1.45 1.45 1.45 1.45 1.45 1.45 1.45 1.45 1.45 1.45 1.45 1.45 1.37 1.37 1.37 4.48 4.48 4.15 1.37 4.49 1.37 1.37 1.37 1.37 1.37 1.37 1.37 1.37 1.41 1.41 1.41 1.41 1.41 1.41 1.41 1.41 1.41 1.41 1.41 1.41 1.41 1.41 1.41 1.41 1.23 1.23 1.23 1.23 1.23 1.23 1.23 1.23 1.23 1.23 1.23 1.23 4.09 4.09 4.09 4.09
1.55 1.55 1.55 1.55 1.44 1.44 1.44 1.44 1.44 1.44 1.44 1.44 1.44 1.44 1.44 1.44 1.44 1.44 1.44 1.44 1.45 1.45 1.45 1.45 1.45 1.45 1.45 1.45 1.45 1.45 1.45 1.45 1.45 1.45 1.45 1.45 1.37 1.37 1.37 4.48 4.15 4.48 1.37 1.37 1.37 1.37 1.37 1.37 1.37 1.37 1.37 1.37 1.41 1.41 1.41 1.41 1.41 1.41 1.41 1.41 1.41 1.41 1.41 1.41 1.41 1.41 1.41 1.41 1.23 1.23 1.23 1.23 1.23 1.23 1.23 1.23 1.23 1.23 1.23 1.23 4.09 4.09 4.09 4.09
1.55 1.55 1.55 1.55 1.44 1.44 1.44 1.44 1.44 1.44 1.44 1.44 1.44 1.44 1.44 1.44 1.44 1.44 1.44 1.44 1.45 1.45 1.45 1.45 1.45 1.45 1.45 1.45 1.45 1.45 1.45 1.45 1.45 1.45 1.45 1.45 1.37 1.37 1.37 1.37 1.37 1.37 1.37 1.37 1.37 1.37 1.37 1.37 1.37 1.37 1.37 1.37 1.41 1.41 4.70 1.41 1.41 1.41 1.41 1.41 1.41 1.41 1.41 1.41 1.41 1.41 1.41 1.41 1.23 1.23 1.23 1.23 1.23 1.23 1.23 1.23 1.23 1.23 1.23 1.23 4.09 4.09 4.09 4.09
1.55 1.55 1.55 1.55 1.44 1.44 1.44 1.44 1.44 1.44 1.44 1.44 1.44 1.44 1.44 1.44 1.44 1.44 1.44 1.44 1.45 1.45 1.45 1.45 1.45 1.45 1.45 1.45 1.45 1.45 1.45 1.45 1.45 1.45 1.45 1.45 1.37 1.37 1.37 1.37 1.37 1.37 1.37 1.37 1.37 1.37 1.37 1.37 1.37 1.37 1.37 1.37 1.41 1.41 1.41 1.41 1.41 1.41 1.41 1.41 1.41 1.41 1.41 1.41 1.41 1.41 1.41 1.41 1.23 1.23 1.23 1.23 1.23 1.23 1.23 1.23 1.23 1.23 1.23 1.23 1.23 4.09 4.09 4.09
