New_Model_Runs/5_FutureClimate_BASE_out/post_prcessed_with_MFR/Monthly_summaries/interception_monthly_JUN.asc
NCOLS 700
NROWS 400
XLLCENTER 515000.000000
YLLCENTER 8409000.000000
CELLSIZE 50.000000
NODATA_value -999.000000
[rows 190 to 227 of 400, columns 168 to 251 of 700]
1.32 1.32 0.00 0.00 0.00 1.32 1.32 1.32 1.40 1.40 1.40 1.40 1.48 1.48 1.48 1.48 1.47 1.47 1.47 1.47 1.45 1.45 1.45 1.45 1.48 1.48 1.48 1.48 1.55 1.55 1.55 1.55 1.62 1.62 1.62 1.62 1.62 1.62 1.62 1.62 1.58 1.58 1.58 1.58 1.53 1.53 1.53 1.53 1.47 1.47 1.47 1.47 1.49 1.49 1.49 1.49 1.55 1.55 1.55 1.55 1.50 1.50 1.50 1.50 1.44 1.44 1.27 1.44 1.45 1.45 1.45 1.43 1.48 1.48 1.48 1.48 1.54 1.54 1.54 0.94 0.96 0.96 0.96 0.96
1.32 1.32 1.32 1.19 1.32 1.32 1.32 1.32 1.40 1.40 1.40 1.40 1.48 1.48 1.48 1.48 1.47 1.47 1.47 1.47 1.45 1.45 1.45 1.45 1.48 1.48 1.48 1.48 1.55 1.55 1.55 1.55 1.62 1.62 1.62 1.62 1.62 1.62 1.62 1.62 1.58 1.58 1.58 1.58 1.53 1.53 1.53 1.53 1.47 1.47 1.47 1.47 1.49 1.49 1.49 1.49 1.55 1.55 1.55 1.55 1.50 1.50 1.50 1.50 1.44 1.44 1.44 1.44 1.45 1.45 1.45 1.43 1.48 1.48 1.48 1.48 1.54 1.54 1.54 0.94 0.96 0.96 0.96 0.96
1.31 1.31 1.31 1.19 1.33 1.33 1.33 1.33 1.43 1.43 1.43 1.43 1.50 1.50 1.50 1.50 1.48 1.48 1.48 1.48 1.46 1.46 1.46 1.46 1.50 1.50 1.50 1.50 1.54 1.54 1.54 1.54 1.61 1.61 1.61 1.61 1.64 1.64 1.64 1.64 1.63 1.63 1.63 1.63 1.55 1.55 1.55 1.55 1.44 1.44 1.44 1.44 1.48 1.48 1.48 1.48 1.57 1.57 1.57 1.57 1.55 1.55 1.55 1.55 1.45 1.45 1.45 1.45 1.44 1.44 1.42 1.42 1.50 1.50 1.50 1.50 1.54 1.54 1.54 0.94 0.97 0.97 0.97 0.97
1.31 1.31 1.31 1.31 1.33 1.33 1.33 1.33 1.43 1.43 1.43 1.43 1.50 1.50 1.50 1.50 1.48 1.48 1.48 1.48 1.46 1.46 1.46 1.46 1.50 1.50 1.50 1.50 1.54 1.54 1.54 1.54 1.61 1.61 1.61 1.61 1.64 1.64 1.64 1.64 1.63 1.63 1.63 1.63 1.55 1.55 1.55 1.55 1.44 1.44 1.44 1.44 1.48 1.48 1.48 1.48 1.57 1.57 1.57 1.57 1.55 1.55 1.55 1.55 1.45 1.45 1.45 1.45 1.44 1.44 1.42 1.42 1.50 1.50 1.50 1.50 1.54 1.54 1.54 1.54 0.97 0.97 0.97 0.97
1.34 1.34 1.34 1.34 1.37 1.37 1.37 1.37 1.48 1.48 1.48 1.48 1.57 1.57 1.57 1.57 1.55 1.55 1.55 1.55 1.52 1.52 1.52 1.52 1.56 1.56 1.56 1.56 1.61 1.61 1.61 1.61 1.69 1.69 1.69 1.69 1.73 1.73 1.73 1.73 1.70 1.70 1.70 1.70 1.60 1.60 1.60 1.60 1.48 1.48 1.48 1.48 1.52 1.52 1.52 1.52 1.61 1.61 1.61 1.61 1.59 1.59 1.59 1.59 1.49 1.49 1.49 1.49 1.47 1.47 1.46 1.46 1.54 1.54 1.54 1.54 1.58 1.58 1.58 1.58 1.00 1.00 1.00 1.00
1.34 1.34 1.34 1.34 1.37 1.37 1.37 1.37 1.48 1.48 1.48 1.48 1.57 1.57 1.57 1.57 1.55 1.55 1.55 1.55 1.52 1.52 1.52 1.52 1.56 1.56 1.56 1.56 1.61 1.61 1.61 1.61 1.69 1.69 1.69 1.69 1.73 1.73 1.73 1.73 1.70 1.70 1.70 1.70 1.60 1.60 1.60 1.60 1.48 1.48 1.48 1.48 1.52 1.52 1.52 1.52 1.61 1.61 1.61 1.61 1.59 1.59 1.59 1.59 1.49 1.49 1.49 1.49 1.47 1.46 1.46 1.46 1.54 1.54 1.54 1.54 1.58 1.58 1.58 1.58 1.62 1.00 1.00 1.00
1.38 1.38 1.38 1.38 1.40 1.40 1.40 1.40 1.49 1.49 1.49 1.49 1.58 1.58 1.58 1.58 1.57 1.57 1.57 1.57 1.53 1.53 1.53 1.53 1.58 1.58 1.58 1.58 1.64 1.64 1.64 1.64 1.72 1.72 1.72 1.72 1.77 1.77 1.77 1.77 1.70 1.70 1.70 1.70 1.58 1.58 1.58 1.58 1.49 1.49 1.49 1.49 1.54 1.54 1.54 1.54 1.64 1.64 1.64 1.64 1.58 1.58 1.58 1.58 1.44 1.44 1.44 1.44 1.43 1.43 1.43 1.43 1.53 1.53 1.53 1.53 1.60 1.60 1.60 1.60 1.62 1.00 1.00 1.00
1.38 1.38 1.38 1.38 1.40 1.40 1.40 1.40 1.49 1.49 1.49 1.49 1.58 1.58 1.58 1.58 1.57 1.57 1.57 1.57 1.53 1.53 1.53 1.53 1.58 1.58 1.58 1.58 1.64 1.64 1.64 1.64 1.72 1.72 1.72 1.72 1.77 1.77 1.77 1.77 1.70 1.70 1.70 1.70 1.58 1.58 1.58 1.58 1.49 1.49 1.49 1.49 1.54 1.54 1.54 1.54 1.64 1.64 1.64 1.64 1.58 1.58 1.58 1.58 1.44 1.44 1.44 1.44 1.43 1.43 1.43 1.43 1.53 1.53 1.53 1.53 1.60 1.60 1.60 1.60 1.62 1.00 1.00 1.00
1.38 1.38 1.38 1.38 1.40 1.40 1.40 1.40 1.49 1.49 1.49 1.49 1.58 1.58 1.58 1.58 1.57 1.57 1.57 1.57 1.53 1.53 1.53 1.53 1.58 1.58 1.58 1.58 1.64 1.64 1.64 1.64 1.72 1.72 1.72 1.72 1.77 1.77 1.77 1.77 1.70 1.70 1.70 1.70 1.58 1.58 1.58 1.58 1.49 1.49 1.49 1.49 1.54 1.54 1.54 1.54 1.64 1.64 1.64 1.64 1.58 1.58 1.58 1.58 1.44 1.44 1.44 1.44 1.43 1.43 1.43 1.43 1.53 1.53 1.53 1.53 1.60 1.60 1.60 1.60 1.62 1.62 1.00 1.00
1.38 1.38 1.38 1.38 1.40 1.40 1.40 1.40 1.49 1.49 1.49 1.49 1.58 1.58 1.58 1.58 1.57 1.57 1.57 1.57 1.53 1.53 1.53 1.53 1.58 1.58 1.58 1.58 1.64 1.64 1.64 1.64 1.72 1.72 1.72 1.72 1.77 1.77 1.77 1.77 1.70 1.70 1.70 1.70 1.58 1.58 1.58 1.58 1.49 1.49 1.49 1.49 1.54 1.54 1.54 1.54 1.64 1.64 1.64 1.64 1.58 1.58 1.58 1.58 1.44 1.44 1.44 1.44 1.43 1.43 1.43 1.43 1.53 1.53 1.53 1.53 1.60 1.60 1.60 1.60 1.62 1.62 1.00 1.00
1.43 1.43 1.43 1.43 1.43 1.43 1.43 1.43 1.49 1.49 1.49 1.49 1.58 1.58 1.58 1.58 1.59 1.59 1.59 1.59 1.58 1.58 1.58 1.58 1.62 1.62 1.62 1.62 1.71 1.71 1.71 1.71 1.79 1.79 1.79 1.79 1.72 1.72 1.72 1.72 1.60 1.60 1.60 1.60 1.52 1.52 1.52 1.52 1.47 1.47 1.47 1.47 1.55 1.55 1.55 1.55 1.64 1.64 1.64 1.64 1.52 1.52 1.52 1.52 1.40 1.40 1.40 1.40 1.40 1.40 1.40 1.40 1.49 1.49 1.49 1.49 1.58 1.58 1.58 1.58 1.61 1.61 1.61 1.00
1.43 1.43 1.43 1.43 1.43 1.43 1.43 1.43 1.49 1.49 1.49 1.49 1.58 1.58 1.58 1.58 1.59 1.59 1.59 1.59 1.58 1.58 1.58 1.58 1.62 1.62 1.62 1.62 1.71 1.71 1.71 1.71 1.79 1.79 1.79 1.79 1.72 1.72 1.72 1.72 1.60 1.60 1.60 1.60 1.52 1.52 1.52 1.52 1.47 1.47 1.47 1.47 1.55 1.55 1.55 1.55 1.64 1.64 1.64 1.64 1.52 1.52 1.52 1.52 1.40 1.40 1.40 1.39 1.40 1.40 1.40 1.40 1.49 1.49 1.49 1.49 1.58 1.58 1.58 1.58 1.61 1.61 1.61 1.00
1.43 1.43 1.43 1.43 1.43 1.43 1.43 1.43 1.49 1.49 1.49 1.49 1.58 1.58 1.58 1.58 1.59 1.59 1.59 1.59 1.58 1.58 1.58 1.58 1.62 1.62 1.62 1.62 1.71 1.71 1.71 1.71 1.79 1.79 1.79 1.79 1.72 1.72 1.72 1.72 1.60 1.60 1.60 1.60 1.52 1.52 1.52 1.52 1.47 1.47 1.47 1.47 1.55 1.55 1.55 1.55 1.64 1.64 1.64 1.64 1.52 1.52 1.52 1.52 1.40 1.40 1.40 1.39 1.40 1.40 1.40 1.40 1.49 1.49 1.49 1.49 1.58 1.58 1.58 1.58 1.61 1.61 1.61 1.00
1.43 1.43 1.43 1.43 1.43 1.43 1.43 1.43 1.49 1.49 1.49 1.49 1.58 1.58 1.58 1.58 1.59 1.59 1.59 1.59 1.58 1.58 1.58 1.58 1.62 1.62 1.62 1.62 1.71 1.71 1.71 1.71 1.79 1.79 1.79 1.79 1.72 1.72 1.72 1.72 1.60 1.60 1.60 1.60 1.52 1.52 1.52 1.52 1.47 1.47 1.47 1.47 1.55 1.55 1.55 1.55 1.64 1.64 1.64 1.64 1.52 1.52 1.52 1.52 1.40 1.40 1.40 1.39 1.40 1.40 1.40 1.40 1.49 1.49 1.49 1.49 1.58 1.58 1.58 1.58 1.61 1.61 1.61 1.61
1.51 1.51 1.51 1.51 1.50 1.50 1.50 1.50 1.54 1.54 1.54 1.54 1.59 1.59 1.59 1.59 1.62 1.62 1.62 1.62 1.62 1.62 1.62 1.62 1.66 1.66 1.66 1.66 1.76 1.76 1.76 1.76 1.74 1.74 1.74 1.74 1.57 1.57 1.57 1.57 1.47 1.47 1.47 1.47 1.43 1.43 1.43 1.43 1.45 1.45 1.45 1.45 1.60 1.60 1.60 1.60 1.63 1.63 1.63 1.63 1.45 1.45 1.45 1.45 1.37 1.37 1.37 1.37 1.41 1.41 1.41 1.41 1.52 1.52 1.52 1.52 1.59 1.59 1.59 1.59 1.64 1.64 1.64 1.64
1.51 1.51 1.51 1.51 1.50 1.50 1.50 1.50 1.54 1.54 1.54 1.54 1.59 1.59 1.59 1.59 1.62 1.62 1.62 1.62 1.62 1.62 1.62 1.62 1.66 1.66 1.66 1.66 1.76 1.76 1.76 1.76 1.74 1.74 1.74 1.74 1.57 1.57 1.57 1.57 1.47 1.47 1.47 1.47 1.43 1.43 1.43 1.43 1.45 1.45 1.45 1.45 1.60 1.60 1.60 1.60 1.63 1.63 1.63 1.63 1.45 1.45 1.45 1.45 1.37 1.37 1.37 1.37 1.41 1.41 1.41 1.41 1.52 1.52 1.52 1.52 1.59 1.59 1.59 1.59 1.64 1.64 1.64 1.64
1.51 1.51 1.51 1.51 1.50 1.50 1.50 1.50 1.54 1.54 1.54 1.54 1.59 1.59 1.59 1.59 1.62 1.62 1.62 1.62 1.62 1.62 1.62 1.62 1.66 1.66 1.66 1.66 1.76 1.76 1.76 1.76 1.74 1.74 1.74 1.74 1.57 1.57 1.57 1.57 1.47 1.47 1.47 1.47 1.43 1.43 1.43 1.43 1.45 1.45 1.45 1.45 1.60 1.60 1.60 1.60 1.63 1.63 1.63 1.63 1.45 1.45 1.45 1.45 1.37 1.37 1.37 1.37 1.41 1.41 1.41 1.41 1.52 1.52 1.52 1.52 1.59 1.59 1.59 1.59 1.64 1.64 1.64 1.64
1.51 1.51 1.51 1.51 1.50 1.50 1.50 1.50 1.54 1.54 1.54 1.54 1.59 1.59 1.59 1.59 1.62 1.62 1.62 1.62 1.62 1.62 1.62 1.62 1.66 1.66 1.66 1.66 1.76 1.76 1.76 1.76 1.74 1.74 1.74 1.74 1.57 1.57 1.57 1.57 1.47 1.47 1.47 1.47 1.43 1.43 1.43 1.43 1.45 1.45 1.45 1.45 1.60 1.60 1.60 1.60 1.63 1.63 1.63 1.63 1.45 1.45 1.45 1.45 1.37 1.37 1.37 1.37 1.41 1.41 1.41 1.41 1.52 1.52 1.52 1.52 1.59 1.59 1.59 1.59 1.64 1.64 1.64 1.64
1.58 1.58 1.58 1.58 1.59 1.59 1.59 1.59 1.59 1.59 1.59 1.59 1.62 1.62 1.62 1.62 1.66 1.66 1.66 1.66 1.66 1.40 1.66 1.66 1.69 1.69 1.69 1.69 1.73 1.73 1.73 0.00 1.65 1.65 1.65 1.65 1.50 1.50 1.50 1.50 1.42 1.42 1.42 1.42 1.41 1.41 1.41 1.41 1.53 1.53 1.53 1.53 1.66 1.66 1.66 1.66 1.54 1.54 1.54 1.54 1.39 1.39 1.39 1.39 1.40 1.39 1.39 1.39 1.49 1.49 1.49 1.49 1.57 1.57 1.57 1.57 1.61 1.61 1.61 1.61 1.66 1.66 1.66 1.66
1.58 1.58 1.58 1.58 1.59 1.59 1.59 1.59 1.59 1.59 1.59 1.59 1.62 1.62 1.62 1.62 1.66 1.66 1.39 0.00 0.00 1.66 1.66 1.66 1.69 1.69 1.69 1.69 1.73 1.73 1.73 1.73 1.65 1.65 1.65 1.65 1.50 1.50 1.50 1.50 1.42 1.42 1.42 1.42 1.41 1.41 1.41 1.41 1.53 1.53 1.53 1.53 1.66 1.66 1.66 1.66 1.54 1.54 1.54 1.54 1.39 1.39 1.39 1.39 1.40 1.39 1.39 1.39 1.49 1.49 1.49 1.49 1.57 1.57 1.57 1.57 1.61 1.61 1.61 1.61 1.66 1.66 1.66 1.66
1.63 1.63 1.63 1.63 1.65 1.65 1.65 1.65 1.66 1.66 1.66 1.66 1.68 1.68 1.68 1.68 1.73 1.73 0.00 0.00 0.00 1.74 1.74 1.74 1.76 1.76 1.76 1.76 1.81 1.81 1.81 1.49 1.72 1.72 1.72 1.72 1.55 1.55 1.55 1.55 1.45 1.45 1.45 1.45 1.44 1.44 1.44 1.44 1.57 1.57 1.57 1.57 1.72 1.72 1.72 1.72 1.57 1.57 1.57 1.57 1.41 1.41 1.41 1.41 1.42 1.42 1.42 1.42 1.53 1.53 1.53 1.53 1.59 1.59 1.59 1.59 1.63 1.63 1.63 1.63 1.68 1.68 1.68 1.68
1.63 1.63 1.63 1.63 1.65 1.65 1.65 1.65 1.66 1.66 1.66 1.66 1.68 1.68 1.68 1.68 1.73 0.00 0.00 0.00 1.74 1.74 1.74 1.74 1.76 1.76 0.00 0.00 0.00 1.81 1.81 1.81 1.72 1.72 1.72 1.72 1.55 1.55 1.55 1.55 1.45 1.45 1.45 1.45 1.44 1.44 1.44 1.44 1.57 1.57 1.57 1.57 1.72 1.72 1.72 1.72 1.57 1.57 1.57 1.57 1.41 1.41 1.41 1.41 1.42 1.42 1.42 1.42 1.53 1.53 1.53 1.53 1.59 1.59 1.59 1.59 1.63 1.63 1.63 1.63 1.68 1.68 1.68 1.68
1.65 1.65 1.65 1.65 1.68 1.68 1.68 1.68 1.70 1.70 1.70 1.70 1.72 1.72 1.44 1.72 1.75 1.75 0.00 0.00 0.00 1.74 1.74 1.74 1.73 0.00 0.00 0.00 0.00 0.00 0.00 1.72 1.66 1.66 1.66 1.66 1.54 1.54 1.54 1.54 1.45 1.45 1.45 1.45 1.50 1.50 1.50 1.50 1.67 1.67 1.67 1.67 1.67 1.67 1.67 1.67 1.48 1.48 1.48 1.48 1.42 1.42 1.42 1.42 1.49 1.49 1.49 1.49 1.57 1.57 1.57 1.57 1.60 1.60 1.60 1.60 1.65 1.65 1.65 1.65 1.74 1.74 1.74 1.74
1.65 1.65 1.65 1.65 1.68 1.68 1.68 1.68 1.70 1.70 1.70 1.70 1.72 1.72 0.00 0.00 0.00 0.00 0.00 0.00 0.00 0.00 1.74 1.74 1.45 0.00 0.00 0.00 0.00 0.00 0.00 1.45 1.66 1.66 1.66 1.66 1.54 1.54 1.54 1.54 1.45 1.45 1.45 1.45 1.50 1.50 1.50 1.50 1.67 1.67 1.67 1.67 1.67 1.67 1.67 1.67 1.48 1.48 1.48 1.48 1.42 1.42 1.42 1.42 1.49 1.49 1.49 1.49 1.57 1.57 1.57 1.57 1.60 1.60 1.60 1.60 1.65 1.65 1.65 1.65 1.74 1.74 1.74 1.74
1.65 1.65 1.65 1.65 1.68 1.68 1.68 1.68 1.70 1.70 1.70 1.70 0.00 0.00 0.00 0.00 0.00 0.00 0.00 1.46 0.00 0.00 1.74 0.00 0.00 0.00 0.00 0.00 0.00 0.00 0.00 0.00 1.66 1.66 1.66 1.66 1.54 1.54 1.54 1.54 1.45 1.45 1.45 1.45 1.50 1.50 1.50 1.50 1.67 1.67 1.67 1.67 1.67 1.67 1.67 1.67 1.48 1.48 1.48 1.48 1.42 1.42 1.42 1.42 1.49 1.49 1.49 1.49 1.57 1.57 1.57 1.57 1.60 1.60 1.60 1.60 1.65 1.65 1.65 1.65 1.74 1.74 1.74 1.74
1.65 1.65 1.65 1.65 1.68 1.68 1.68 1.68 1.70 1.70 1.70 0.00 0.00 0.00 0.00 0.00 0.00 0.00 0.00 1.46 1.45 1.74 1.74 1.45 0.00 0.00 0.00 0.00 0.00 0.00 0.00 1.45 1.66 1.66 1.66 1.66 1.54 1.54 1.54 1.54 1.45 1.45 1.45 1.45 1.50 1.50 1.50 1.50 1.67 1.67 1.67 1.67 1.67 1.67 1.67 1.67 1.48 1.48 1.48 1.48 1.42 1.42 1.42 1.42 1.49 1.49 1.49 1.49 1.57 1.57 1.57 1.57 1.60 1.60 1.60 1.60 1.65 1.65 1.65 1.65 1.74 1.74 1.74 1.74
1.63 1.63 1.63 1.63 1.64 1.64 1.64 1.64 1.68 1.68 1.68 0.00 0.00 0.00 0.00 0.00 0.00 0.00 0.00 0.00 0.00 0.00 0.00 0.00 0.00 0.00 0.00 0.00 0.00 0.00 1.65 1.65 1.60 1.60 1.60 1.60 1.52 1.52 1.52 1.52 1.53 1.53 1.53 1.53 1.65 1.65 1.65 1.65 1.69 1.69 1.69 1.69 1.55 1.55 1.55 1.55 1.47 1.47 1.47 1.47 1.51 1.51 1.51 1.51 1.57 1.57 1.57 1.57 1.57 0.00 1.57 1.57 1.58 1.58 1.58 1.58 1.66 1.66 1.66 1.66 1.81 1.81 1.81 1.81
1.63 1.63 1.63 1.63 1.64 1.64 1.64 1.64 1.68 1.68 1.68 1.68 0.00 0.00 0.00 0.00 0.00 0.00 0.00 0.00 0.00 0.00 0.00 0.00 0.00 0.00 0.00 0.00 0.00 1.65 1.65 1.65 1.60 1.60 1.60 1.60 1.52 1.52 1.52 1.52 1.53 1.53 1.53 1.53 1.65 1.65 1.65 1.65 1.69 1.69 1.69 1.69 1.55 1.55 1.55 1.55 1.47 1.47 1.47 1.47 1.51 1.51 1.51 1.51 1.57 1.57 1.57 1.57 1.57 1.57 1.57 1.57 1.58 1.58 1.58 1.58 1.66 1.66 1.66 1.66 1.81 1.81 1.81 1.81
1.63 1.63 1.63 1.63 1.64 1.64 1.64 1.64 1.68 1.68 1.68 0.00 0.00 0.00 0.00 0.00 0.00 0.00 1.45 1.45 0.00 0.00 0.00 0.00 0.00 0.00 0.00 0.00 1.65 0.00 1.65 1.65 1.60 1.60 1.60 1.60 1.52 1.52 1.52 1.52 1.53 1.53 1.53 1.53 1.65 1.65 1.65 1.65 1.69 1.69 1.69 1.69 1.55 1.55 1.55 1.55 1.47 1.47 1.47 1.47 1.51 1.51 1.51 1.51 1.57 1.57 1.57 1.57 1.57 1.57 1.57 1.57 1.58 1.58 1.58 1.58 1.66 1.66 1.66 1.66 1.81 1.81 1.81 1.81
1.38 1.38 1.38 1.63 1.64 1.64 1.64 1.64 1.68 1.68 0.00 0.00 0.00 0.00 0.00 0.00 0.00 0.00 0.00 0.00 0.00 1.68 0.00 0.00 0.00 0.00 0.00 1.66 1.65 1.65 1.65 1.65 1.60 1.60 1.60 1.60 1.52 1.52 1.35 1.52 1.53 1.53 1.53 1.53 1.65 1.65 1.65 1.65 1.69 1.69 1.69 1.69 1.55 1.55 1.55 1.55 1.47 1.47 1.47 1.47 1.51 1.51 1.51 1.51 1.57 1.57 1.57 1.57 1.57 1.57 1.57 1.57 1.58 1.58 1.58 1.58 1.66 1.66 1.66 1.66 1.81 1.81 1.81 1.81
1.39 1.39 1.39 1.39 1.38 1.38 1.63 1.63 1.67 1.67 1.67 0.00 0.00 0.00 0.00 0.00 0.00 0.00 0.00 0.00 0.00 1.65 0.00 0.00 0.00 0.00 0.00 1.40 1.61 1.61 1.61 1.61 1.60 1.60 1.60 1.60 1.60 1.60 1.60 1.39 1.67 1.67 1.67 1.67 1.71 0.00 0.00 1.71 1.64 1.64 1.64 1.64 1.61 1.61 1.61 1.61 1.60 1.60 1.60 1.60 1.64 1.63 1.63 1.63 1.64 1.64 1.64 1.64 1.60 1.60 1.60 1.60 1.60 1.60 1.60 1.60 1.70 1.70 1.70 1.70 1.85 1.85 1.85 1.85
1.39 1.39 1.39 1.39 1.38 1.38 1.38 1.38 1.41 1.41 1.67 1.67 0.00 0.00 0.00 0.00 0.00 0.00 0.00 0.00 1.65 1.65 1.65 0.00 0.00 0.00 0.00 0.00 1.40 0.00 1.61 0.00 1.60 1.60 1.60 1.60 1.60 1.60 1.39 1.39 1.67 1.67 1.67 1.67 0.00 0.00 0.00 1.71 1.64 1.64 1.64 1.64 1.61 1.61 1.61 1.61 1.60 1.60 1.60 1.60 1.63 1.63 1.63 1.63 1.64 1.64 1.64 1.64 1.60 1.60 1.60 1.60 1.60 1.60 1.60 1.60 1.70 1.70 1.70 1.70 1.85 1.85 1.85 1.85
1.39 1.39 1.39 1.39 1.38 1.38 1.38 1.38 1.41 1.41 1.41 1.41 1.15 0.00 0.00 0.00 0.00 0.00 0.00 0.00 0.00 1.65 0.00 0.00 0.00 0.00 0.00 0.00 1.61 0.00 0.00 1.61 1.60 1.60 1.60 0.00 1.39 1.60 1.39 1.39 1.67 0.00 0.00 0.00 0.00 0.00 0.00 1.71 1.64 1.64 1.64 1.64 1.61 1.61 1.61 1.61 1.60 1.60 1.60 1.60 1.63 1.63 1.63 1.63 1.64 1.64 1.64 0.00 0.00 1.60 1.60 1.60 1.60 1.60 1.60 1.60 1.70 1.70 1.70 1.70 1.85 1.85 1.85 1.85
1.39 1.39 1.39 1.39 1.38 1.38 1.38 1.38 1.41 1.41 1.41 0.00 0.00 0.00 0.00 0.00 0.00 0.00 0.00 0.00 0.00 0.00 0.00 0.00 0.00 0.00 0.00 0.00 0.00 0.00 0.00 1.40 0.00 0.00 1.60 0.00 0.00 0.00 0.00 0.00 0.00 0.00 0.00 0.00 0.00 0.00 1.71 1.71 1.64 1.64 1.64 1.64 1.61 1.61 1.61 1.61 1.60 1.60 1.60 1.60 1.63 1.63 1.63 0.00 0.00 0.00 0.00 0.00 0.00 0.00 0.00 0.00 0.00 0.00 1.60 1.60 1.70 1.70 1.70 1.70 1.85 1.85 1.85 1.85
1.42 1.42 1.42 1.42 1.39 1.39 1.39 1.39 1.40 1.40 1.40 1.40 0.00 0.00 0.00 0.00 0.00 0.00 0.00 0.00 0.00 0.00 0.00 0.00 0.00 0.00 0.00 0.00 1.65 1.65 0.00 0.00 1.42 0.00 0.00 0.00 0.00 0.00 0.00 0.00 0.00 0.00 0.00 0.00 1.70 1.70 1.70 1.70 1.73 1.73 1.73 1.73 1.74 1.74 1.74 1.74 1.70 1.70 1.70 1.70 1.68 1.68 1.68 0.00 0.00 0.00 0.00 0.00 0.00 0.00 0.00 0.00 1.62 1.62 1.62 1.62 1.73 1.73 1.73 1.73 1.81 1.81 1.81 1.81
1.42 1.42 1.42 1.42 1.39 1.39 1.39 1.39 1.40 1.40 1.40 1.40 0.00 0.00 0.00 0.00 0.00 0.00 0.00 0.00 0.00 0.00 0.00 0.00 0.00 0.00 0.00 0.00 0.00 0.00 0.00 0.00 0.00 0.00 0.00 0.00 0.00 0.00 0.00 0.00 0.00 0.00 0.00 0.00 0.00 0.00 0.00 0.00 0.00 0.00 0.00 0.00 0.00 0.00 0.00 1.74 1.70 1.70 1.70 1.70 1.68 1.68 1.68 0.00 0.00 0.00 0.00 1.63 1.60 0.00 1.60 1.60 1.62 1.62 1.62 1.62 1.73 1.73 1.73 1.73 1.81 1.81 1.81 1.81
1.43 1.43 1.43 1.43 1.40 1.40 1.40 1.40 1.42 1.42 1.42 0.00 0.00 0.00 0.00 0.00 0.00 0.00 0.00 0.00 0.00 0.00 0.00 0.00 0.00 0.00 0.00 1.41 0.00 0.00 0.00 0.00 0.00 0.00 0.00 0.00 0.00 0.00 0.00 0.00 0.00 0.00 0.00 0.00 0.00 0.00 0.00 0.00 0.00 0.00 0.00 0.00 0.00 0.00 0.00 0.00 1.71 1.71 1.71 1.71 1.68 1.68 1.68 0.00 0.00 1.63 1.63 1.63 0.00 0.00 0.00 0.00 1.61 1.61 1.61 1.61 1.72 1.72 1.72 1.72 1.80 1.80 1.80 1.80
1.43 1.43 1.43 1.43 1.40 1.40 1.40 1.40 1.42 0.00 0.00 0.00 0.00 0.00 0.00 0.00 0.00 0.00 1.43 0.00 0.00 0.00 0.00 0.00 0.00 0.00 0.00 0.00 0.00 0.00 0.00 0.00 0.00 0.00 0.00 0.00 0.00 0.00 0.00 0.00 0.00 0.00 0.00 0.00 0.00 0.00 0.00 0.00 0.00 0.00 0.00 0.00 0.00 0.00 0.00 0.00 0.00 0.00 1.71 1.71 1.68 0.00 1.68 1.68 0.00 1.63 1.63 1.63 0.00 1.61 1.61 1.61 1.61 1.61 1.61 1.61 1.72 1.72 1.72 1.72 1.80 1.80 1.80 1.80
