New_Model_Runs/5_FutureClimate_BASE_out/post_prcessed_with_MFR/Monthly_summaries/net_infiltration_monthly_FEB.asc
NCOLS 700
NROWS 400
XLLCENTER 515000.000000
YLLCENTER 8409000.000000
CELLSIZE 50.000000
NODATA_value -999.000000
[rows 76 to 113 of 400, columns 420 to 503 of 700]
0.00 0.00 0.00 0.00 0.00 0.00 0.00 0.00 0.00 0.00 0.00 0.00 0.00 0.00 0.00 0.00 0.00 0.00 0.00 0.00 0.00 0.00 0.00 0.00 0.00 0.00 0.00 0.00 0.00 0.00 0.00 0.00 0.00 0.00 0.00 0.00 0.00 0.00 0.00 0.00 0.00 0.00 0.00 0.00 0.00 0.00 0.00 0.00 0.00 0.00 0.00 0.00 0.00 0.00 0.00 0.00 0.00 0.00 0.00 0.00 0.00 0.00 0.00 0.00 0.00 0.00 0.00 0.00 0.00 0.00 0.00 0.00 0.00 0.00 0.00 0.00 0.00 0.00 0.00 0.00 0.00 0.00 0.00 0.00
0.00 0.00 0.00 0.00 0.00 0.00 0.00 0.00 0.00 0.00 0.00 0.00 0.00 0.00 0.00 0.00 0.00 0.00 0.00 0.00 0.00 0.00 0.00 0.00 0.00 0.00 0.00 0.00 0.00 0.00 0.00 0.00 0.00 0.00 0.00 0.00 0.00 0.00 0.00 0.00 0.00 0.00 0.00 0.00 0.00 0.00 0.00 0.00 0.00 0.00 0.00 0.00 0.00 0.00 0.00 0.00 0.00 0.00 0.00 0.00 0.00 0.00 0.00 0.00 0.00 0.00 0.00 0.00 0.00 0.00 0.00 0.00 0.00 0.00 0.00 0.00 0.00 0.00 0.00 0.00 0.00 0.00 0.00 0.00
0.00 0.00 0.00 0.00 0.00 0.00 0.00 0.00 0.00 0.00 0.00 2.74 0.00 0.00 0.00 0.00 0.00 0.00 0.00 0.00 0.00 0.00 0.00 0.00 0.00 0.00 0.00 0.00 0.00 0.00 0.00 0.00 0.00 0.00 0.00 0.00 0.00 0.00 0.00 0.00 0.00 0.00 0.00 0.00 0.00 0.00 0.00 0.00 0.00 0.00 0.00 0.00 0.00 0.00 0.00 0.00 0.00 0.00 0.00 0.00 0.00 0.00 0.00 0.00 0.00 0.00 0.00 0.00 0.00 0.00 0.00 0.00 0.00 0.00 0.00 0.00 0.00 0.00 0.00 0.00 0.00 0.00 0.00 0.00
0.00 0.00 0.00 0.00 0.00 0.00 0.00 0.00 0.00 0.00 0.00 3.47 0.00 0.00 0.00 0.00 0.00 0.00 0.00 0.00 0.00 0.00 0.00 0.00 0.00 0.00 0.00 0.00 0.00 0.00 0.00 0.00 0.00 0.00 0.00 0.00 0.00 0.00 0.00 0.00 0.00 0.00 0.00 0.00 0.00 0.00 0.00 0.00 0.00 0.00 0.00 0.00 0.00 0.00 0.00 0.00 0.00 0.00 0.00 0.00 0.00 0.00 0.00 0.00 0.00 0.00 0.00 0.00 0.00 0.00 0.00 0.00 0.00 0.00 0.00 0.00 0.00 0.00 0.00 0.00 0.00 0.00 0.00 0.00
0.00 0.00 0.00 0.00 0.00 0.00 0.00 0.00 0.00 0.00 2.74 3.66 0.00 0.00 0.00 0.00 0.00 0.00 0.00 0.00 0.00 0.00 0.00 0.00 0.00 0.00 0.00 0.00 0.00 0.00 0.00 0.00 0.00 0.00 0.00 0.00 0.00 0.00 0.00 0.00 0.00 0.00 0.00 0.00 0.00 0.00 0.00 0.00 0.00 0.00 0.00 0.00 0.00 0.00 0.00 0.00 0.00 0.00 0.00 0.00 0.00 0.00 0.00 0.00 0.00 0.00 0.00 0.00 0.00 0.00 0.00 0.00 0.00 0.00 0.00 0.00 0.00 0.00 0.00 0.00 0.00 0.00 0.00 0.00
0.00 0.00 0.00 0.00 0.00 0.00 0.00 0.00 0.00 2.74 3.66 3.66 2.80 0.00 0.00 0.00 0.00 0.00 0.00 0.00 0.00 0.00 0.00 0.00 0.00 0.00 0.00 0.00 0.00 0.00 0.00 0.00 0.00 0.00 0.00 0.00 0.00 0.00 0.00 0.00 0.00 0.00 0.00 0.00 0.00 0.00 0.00 0.00 0.00 0.00 0.00 0.00 0.00 0.00 0.00 0.00 0.00 0.00 0.00 0.00 0.00 0.00 0.00 0.00 0.00 0.00 0.00 0.00 0.00 0.00 0.00 0.00 0.00 0.00 0.00 0.00 0.00 0.00 0.00 0.00 0.00 0.00 0.00 0.00
3.82 3.82 0.00 0.00 0.00 0.00 0.00 3.78 3.70 3.75 3.70 3.70 3.93 0.00 0.00 0.00 0.00 0.00 0.00 0.00 0.00 0.00 0.00 0.00 0.00 0.00 0.00 0.00 0.00 0.00 0.00 0.00 0.00 0.00 0.00 0.00 0.00 0.00 0.00 0.00 0.00 0.00 0.00 0.00 0.00 0.00 0.00 0.00 0.00 0.00 0.00 0.00 0.00 0.00 0.00 0.00 1.27 0.00 0.00 0.00 0.00 0.00 0.00 0.00 0.00 0.00 0.00 0.00 0.00 0.00 0.00 0.00 0.00 0.00 0.00 0.00 0.00 0.00 0.00 0.00 0.00 0.00 0.00 0.00
3.82 3.82 3.82 0.00 0.00 0.00 3.83 3.83 3.70 3.75 3.70 3.70 1.79 0.00 0.00 0.00 0.00 0.00 0.00 0.00 0.00 0.00 0.00 0.00 0.00 0.00 0.00 0.00 0.00 0.00 0.00 0.00 0.00 0.00 0.00 0.00 0.00 0.00 0.00 0.00 0.00 0.00 0.00 0.00 0.00 0.00 0.00 0.00 0.00 0.00 0.00 0.00 0.00 0.00 0.00 0.00 3.59 0.00 0.00 0.00 0.00 0.00 0.00 0.00 0.00 0.00 0.00 0.00 0.00 2.23 1.03 0.00 0.00 0.00 0.00 0.00 0.00 0.00 0.00 0.00 0.00 0.00 0.00 0.00
3.84 3.79 3.79 3.79 3.71 3.71 3.71 3.71 3.69 3.69 3.69 3.69 1.79 0.00 0.00 0.00 0.00 0.00 0.00 0.00 0.00 0.00 0.00 0.00 0.00 0.00 0.00 0.00 0.00 0.00 0.00 0.00 0.00 0.00 0.00 0.00 0.00 0.00 0.00 0.00 0.00 0.00 0.00 0.00 0.00 0.00 0.00 0.00 0.00 0.00 0.00 0.00 0.00 0.00 0.00 0.00 3.62 3.62 0.00 0.00 0.00 0.00 0.00 0.00 0.00 0.00 0.00 0.00 3.61 3.76 3.76 0.00 0.00 0.00 0.00 0.00 0.00 0.00 0.00 0.00 0.00 0.00 0.00 0.00
3.79 3.79 3.79 3.79 3.71 3.71 3.71 3.71 3.69 3.69 3.69 3.69 1.79 0.00 0.00 0.00 0.00 0.00 0.00 0.00 0.00 0.00 0.00 0.00 0.00 0.00 0.00 1.79 3.13 3.13 0.00 0.00 0.00 0.00 0.00 0.00 0.00 0.00 0.00 0.00 0.00 0.00 0.00 0.00 0.00 0.00 0.00 0.00 0.00 0.00 0.00 0.00 0.00 0.00 0.00 0.00 3.62 3.62 0.00 0.00 0.00 0.00 0.00 0.00 0.00 0.00 0.00 1.29 3.71 3.76 3.76 1.03 0.00 0.00 0.00 0.00 0.00 0.00 0.00 0.00 0.00 0.00 0.00 0.00
3.79 3.84 3.79 3.79 3.76 3.71 3.71 3.71 3.69 3.69 3.69 3.69 4.04 0.00 0.00 0.00 0.00 0.00 0.00 0.00 0.00 0.00 0.00 0.00 0.00 0.00 0.00 4.01 4.29 4.29 0.00 0.00 0.00 0.00 0.00 0.00 0.00 0.00 0.00 0.00 0.00 0.00 0.00 0.00 0.00 1.44 1.27 0.00 0.00 0.00 0.00 0.00 0.00 0.00 0.00 0.00 3.62 3.62 2.23 0.00 0.00 0.00 0.00 0.00 0.00 0.00 0.00 3.54 3.76 3.76 3.76 3.76 1.03 0.00 0.00 0.00 0.00 0.00 0.00 0.00 0.00 3.81 3.81 0.00
3.79 3.79 3.84 3.79 3.71 3.71 3.71 3.71 3.69 3.69 3.69 3.69 4.04 0.00 0.00 0.00 0.00 0.00 0.00 0.00 0.00 0.00 0.00 0.00 0.00 0.00 4.12 4.01 4.29 4.29 0.00 0.00 0.00 0.00 0.00 0.00 0.00 0.00 0.00 0.00 0.00 0.00 0.00 0.00 0.00 1.27 1.27 1.27 0.00 0.00 0.00 0.00 0.00 0.00 0.00 0.00 2.23 3.62 3.62 3.62 3.54 0.00 0.00 3.54 3.54 3.54 0.00 3.65 3.76 3.76 3.76 3.76 3.76 0.00 0.00 0.00 0.00 0.00 0.00 0.00 3.81 3.81 3.81 3.81
3.75 3.80 3.80 3.75 3.70 3.70 3.70 3.70 3.79 3.79 3.79 3.79 4.08 0.00 0.00 0.00 0.00 0.00 0.00 0.00 0.00 0.00 0.00 0.00 0.00 1.79 4.02 4.02 4.31 0.00 0.00 0.00 0.00 0.00 0.00 0.00 0.00 0.00 0.00 0.00 0.00 0.00 0.00 0.00 0.00 3.69 3.69 3.69 1.27 1.27 0.00 0.00 0.00 0.00 0.00 0.00 3.90 3.83 3.63 3.63 3.53 3.53 3.53 3.53 3.76 3.76 3.61 3.72 3.76 3.87 3.76 3.76 3.83 0.00 0.00 0.00 0.00 0.00 0.00 3.86 3.90 3.81 3.81 3.81
3.75 3.75 3.75 3.75 3.70 3.75 3.70 3.70 3.79 3.79 3.79 3.79 4.08 0.00 0.00 0.00 0.00 0.00 0.00 0.00 0.00 0.00 1.79 0.00 0.00 4.07 4.02 4.02 4.31 0.00 0.00 0.00 0.00 0.00 0.00 0.00 0.00 0.00 0.00 0.00 0.00 0.00 0.00 0.00 0.00 3.69 3.69 3.69 3.71 3.71 0.00 0.00 0.00 0.00 0.00 0.00 3.83 3.63 3.63 3.63 3.53 3.53 3.71 3.53 3.61 3.76 3.76 3.76 3.61 3.76 3.76 3.76 3.83 3.93 0.00 0.00 0.00 0.00 3.86 3.86 3.81 3.81 3.81 3.81
3.75 3.75 3.75 3.75 3.70 3.70 3.70 3.70 3.79 3.79 3.79 3.79 4.20 0.00 0.00 0.00 0.00 0.00 0.00 0.00 1.71 4.02 4.02 4.02 4.02 4.02 4.02 4.02 0.00 0.00 0.00 0.00 0.00 0.00 0.00 0.00 0.00 0.00 0.00 0.00 0.00 0.00 0.00 0.00 1.27 3.69 3.69 3.69 3.71 3.71 0.00 0.00 0.00 0.00 0.00 0.00 0.00 3.63 3.63 3.63 3.53 3.53 3.53 3.53 3.76 3.76 3.76 3.76 3.76 3.76 3.76 3.76 3.83 3.93 3.83 3.83 0.00 3.86 3.86 3.86 3.81 3.81 3.81 3.81
3.75 3.75 3.75 3.75 3.70 3.70 3.70 3.70 3.79 3.79 3.79 3.79 4.20 4.20 0.00 0.00 0.00 0.00 0.00 4.06 4.02 4.02 4.02 4.02 3.27 3.27 4.02 4.02 0.00 0.00 0.00 0.00 0.00 0.00 0.00 0.00 0.00 0.00 0.00 0.00 0.00 0.00 0.00 0.00 0.00 3.69 3.69 3.69 3.71 0.00 0.00 0.00 0.00 0.00 0.00 0.00 3.63 3.63 3.63 3.63 3.53 3.53 3.53 3.53 3.76 3.76 3.76 3.76 3.76 3.76 3.76 3.85 3.83 3.83 3.83 3.83 3.86 3.86 3.86 3.86 3.81 3.81 3.81 3.81
3.73 3.73 3.73 3.73 3.73 3.73 3.73 3.73 3.87 3.87 3.87 3.93 4.24 4.26 0.00 0.00 0.00 0.00 0.00 4.19 3.99 3.99 4.08 4.19 4.25 4.03 4.04 0.00 0.00 0.00 0.00 0.00 0.00 0.00 0.00 0.00 0.00 0.00 0.00 0.00 0.00 0.00 0.00 0.00 0.00 3.72 3.72 3.72 0.00 0.00 0.00 0.00 0.00 0.00 0.00 0.00 3.97 3.62 3.62 3.62 3.73 3.73 3.73 3.58 3.56 3.71 3.71 3.71 3.54 3.54 3.81 3.81 3.99 4.00 3.89 3.89 3.93 3.93 3.93 3.93 3.93 3.93 3.93 3.93
3.73 3.73 3.73 3.78 3.73 3.73 3.73 3.73 3.87 3.87 3.93 3.93 4.24 4.24 4.37 0.00 0.00 0.00 0.00 4.11 3.99 3.99 3.99 3.99 4.04 4.04 4.04 0.00 0.00 0.00 0.00 0.00 0.00 0.00 0.00 0.00 0.00 0.00 0.00 0.00 0.00 0.00 0.00 0.00 0.00 0.00 3.72 3.72 0.00 0.00 0.00 0.00 0.00 0.00 0.00 2.45 3.97 3.62 3.62 3.62 3.73 3.73 3.73 3.73 3.71 3.71 3.66 3.71 3.54 3.54 3.81 3.81 3.89 3.89 3.89 3.89 3.93 3.93 3.93 3.93 3.93 3.93 3.93 3.93
3.73 3.73 3.73 3.73 3.73 3.73 3.73 3.73 3.97 3.87 3.93 4.00 4.12 4.12 4.12 4.24 2.35 4.22 4.22 4.22 3.99 3.99 3.99 3.99 4.04 4.04 4.04 0.00 0.00 0.00 0.00 0.00 0.00 0.00 0.00 0.00 0.00 0.00 0.00 0.00 0.00 0.00 0.00 0.00 0.00 0.00 3.72 3.72 3.75 3.75 0.00 0.00 0.00 0.00 4.13 4.13 3.97 3.62 3.85 3.83 3.73 3.73 3.73 3.58 3.71 3.56 3.56 3.71 3.54 3.54 3.81 3.81 3.89 3.89 3.89 4.10 3.37 3.37 6.44 2.73 3.93 3.93 0.00 0.00
3.73 3.78 3.73 3.73 3.73 3.73 3.73 3.78 3.87 3.87 3.87 3.87 4.12 4.12 4.12 4.12 2.98 3.32 4.24 4.22 3.99 3.99 3.99 3.99 4.04 4.04 4.04 0.00 0.00 0.00 0.00 0.00 0.00 0.00 0.00 0.00 0.00 0.00 0.00 0.00 0.00 0.00 0.00 0.00 0.00 0.00 3.72 2.50 3.75 4.11 4.11 3.75 3.76 4.13 4.13 4.13 3.97 3.62 3.62 3.73 3.73 3.73 3.73 3.73 3.71 3.71 3.71 3.71 3.54 3.54 3.81 3.81 3.89 4.01 2.43 3.31 5.76 6.71 0.00 0.00 0.00 0.00 0.00 0.00
3.77 3.77 3.82 3.77 3.71 3.71 3.71 3.71 3.84 3.84 3.84 3.84 4.13 4.13 4.13 4.13 2.56 2.98 3.32 4.22 4.04 4.04 4.04 4.04 4.02 4.02 4.02 0.00 0.00 0.00 0.00 0.00 0.00 0.00 0.00 0.00 0.00 0.00 0.00 0.00 0.00 0.00 0.00 0.00 0.00 0.00 3.50 2.23 3.74 4.10 3.74 3.74 4.05 4.05 4.05 4.05 3.53 3.53 3.53 3.64 3.73 3.73 3.73 3.73 3.57 3.57 3.57 3.57 3.69 3.69 3.97 3.97 4.14 4.35 3.65 5.70 5.15 0.00 0.00 0.00 0.00 0.00 0.00 0.00
3.82 3.77 3.77 3.77 3.71 3.71 3.71 3.71 3.84 3.84 3.84 3.84 4.13 4.13 4.13 3.52 3.52 3.54 4.42 4.22 4.04 4.04 4.04 4.04 4.16 4.02 4.02 0.00 0.00 0.00 0.00 0.00 0.00 0.00 0.00 0.00 0.00 0.00 0.00 0.00 0.00 0.00 0.00 0.00 0.00 3.93 3.73 2.23 3.74 4.10 3.74 3.74 4.05 4.05 4.05 3.69 3.53 3.53 3.53 3.53 3.73 3.73 3.73 3.73 3.57 3.57 3.57 3.57 3.69 3.69 3.97 2.71 2.92 3.27 3.68 6.34 0.00 0.00 0.00 0.00 0.00 0.00 0.00 0.00
4.42 4.42 4.57 4.42 4.41 4.41 4.41 4.41 4.49 4.49 4.49 4.49 4.72 4.72 4.17 4.17 4.90 4.41 5.17 4.90 4.55 4.55 4.59 4.59 4.64 3.58 4.64 0.00 0.00 0.00 0.00 0.00 0.00 0.00 0.00 0.00 0.00 0.00 0.00 0.00 0.00 0.00 0.00 0.00 4.19 3.97 3.97 3.97 3.98 4.38 3.98 3.98 4.33 4.33 3.93 3.93 3.76 3.76 3.76 3.76 3.85 3.85 3.85 3.85 3.96 3.96 3.96 3.96 4.08 4.08 4.40 4.55 3.39 4.00 6.87 3.18 0.00 0.00 0.00 0.00 0.00 0.00 0.00 0.00
4.42 4.42 4.42 4.53 4.41 4.41 4.41 4.41 4.49 4.49 4.49 4.49 4.72 4.93 4.93 4.93 4.17 4.17 4.90 4.90 4.59 4.59 4.59 4.59 4.64 4.64 4.64 0.00 0.00 0.00 0.00 0.00 0.00 0.00 0.00 0.00 0.00 0.00 0.00 0.00 0.00 0.00 0.00 0.00 3.97 3.97 2.38 3.97 4.38 4.38 3.98 4.38 4.33 4.33 4.21 3.93 3.76 3.76 3.76 3.76 3.85 3.85 3.85 3.85 3.96 3.96 3.96 3.96 4.08 4.47 7.83 8.03 5.96 6.46 0.20 0.00 0.00 0.00 0.00 0.00 0.00 0.00 0.00 0.00
4.43 4.43 4.58 4.43 4.40 4.40 4.40 4.40 4.49 4.49 4.49 4.49 4.71 4.92 4.92 4.92 4.82 4.82 5.54 4.65 4.57 4.57 4.57 4.57 4.71 4.71 0.00 0.00 0.00 0.00 0.00 0.00 0.00 0.00 0.00 0.00 0.00 0.00 0.00 0.00 0.00 0.00 0.00 4.55 4.13 3.96 2.38 3.96 4.32 4.32 4.32 4.32 4.15 3.78 3.78 3.98 3.76 3.76 3.76 3.76 4.03 4.03 4.03 4.03 4.11 4.11 4.11 4.11 4.14 6.38 6.07 2.68 0.24 5.75 0.00 0.00 0.00 0.00 0.00 0.00 0.00 0.00 0.00 0.00
4.62 4.43 4.58 4.43 4.40 4.40 4.40 4.40 4.49 4.49 4.49 4.49 4.92 4.92 4.92 4.92 4.82 5.11 5.52 4.65 4.57 4.57 4.57 4.57 4.71 4.71 0.00 0.00 0.00 0.00 0.00 0.00 0.00 0.00 0.00 4.60 4.58 4.58 0.00 0.00 4.55 4.55 4.79 4.55 3.96 2.38 2.38 2.38 4.32 4.32 4.32 4.32 3.78 4.21 3.98 3.78 3.76 3.76 3.76 3.76 4.03 4.03 4.41 4.41 4.51 4.11 4.11 2.96 6.38 1.57 0.24 0.44 0.24 1.71 7.28 0.00 0.00 0.00 0.00 0.00 0.00 0.00 0.00 0.00
4.43 4.58 4.43 4.43 4.40 4.40 4.40 4.46 4.49 4.49 4.49 4.69 4.92 4.92 4.96 5.22 5.11 5.11 5.26 4.65 4.57 4.57 4.57 4.57 4.71 4.71 0.00 0.00 0.00 0.00 0.00 0.00 0.00 0.00 0.00 4.60 4.58 4.58 4.58 4.58 4.55 4.55 4.89 4.55 2.68 2.38 2.38 3.96 4.32 4.32 4.69 3.93 3.78 3.98 3.78 3.78 3.76 3.76 3.76 3.76 4.03 4.03 4.41 4.41 4.51 4.51 7.78 6.06 1.47 0.22 0.24 0.24 0.24 4.51 2.59 5.05 0.00 0.00 0.00 0.00 0.00 0.00 0.00 0.00
4.43 4.43 4.43 4.43 4.46 4.40 4.40 4.40 4.49 4.49 4.49 4.69 4.92 5.22 5.22 5.22 5.11 5.11 5.11 4.65 4.57 4.57 4.57 4.57 4.71 4.71 0.00 0.00 0.00 0.00 0.00 0.00 0.00 0.00 0.00 4.60 4.58 4.58 4.58 4.58 4.78 4.55 4.55 4.55 3.96 3.96 4.35 4.35 4.32 4.46 4.32 4.32 3.78 3.78 3.78 3.78 3.76 3.76 3.76 3.76 4.03 4.03 4.41 4.41 3.31 6.66 4.51 4.11 3.73 0.22 0.24 0.68 0.68 4.12 4.61 2.38 6.79 0.00 0.00 0.00 0.00 0.00 0.00 0.00
4.39 4.58 4.39 4.39 4.44 4.44 4.44 4.44 4.46 4.46 4.46 4.62 5.07 5.07 5.07 5.07 4.99 4.99 4.99 4.54 4.65 4.65 4.65 4.65 4.78 4.78 0.00 0.00 0.00 0.00 0.00 0.00 0.00 0.00 5.09 3.63 3.47 3.51 4.58 4.58 4.50 4.50 4.57 4.50 4.31 4.31 4.31 4.45 4.23 4.23 4.23 4.23 3.78 3.78 3.78 3.78 3.94 3.94 3.94 3.94 4.18 4.58 3.18 6.46 5.96 4.78 0.85 4.18 3.74 0.27 0.24 0.24 0.24 3.51 1.61 4.89 7.53 4.90 0.00 0.00 0.00 0.00 0.00 0.00
4.39 4.39 4.54 4.39 4.44 4.44 4.44 4.44 4.46 4.46 4.80 4.48 5.48 5.07 5.07 5.07 4.99 4.99 4.54 4.54 4.65 4.65 4.65 4.65 4.78 4.78 4.78 0.00 0.00 0.00 0.00 0.00 0.00 0.00 5.09 3.63 5.02 5.02 4.58 4.58 4.50 4.74 4.74 4.94 4.31 4.31 4.50 4.31 4.23 4.36 4.23 4.23 3.78 3.78 3.78 3.78 4.34 4.34 4.34 4.34 4.58 4.58 3.38 6.26 4.18 4.18 4.18 0.85 4.15 0.22 0.24 0.44 0.44 3.43 6.58 6.58 3.17 4.69 2.84 6.12 4.02 0.00 0.00 0.00
4.54 4.39 4.39 4.39 4.44 4.44 4.44 4.44 4.98 4.81 4.48 4.48 4.62 4.62 4.62 5.07 4.99 4.54 4.54 4.54 4.65 4.65 4.65 4.65 4.78 4.78 7.06 4.60 0.00 0.00 0.00 0.00 0.00 3.69 1.10 3.63 3.93 4.19 4.58 4.58 4.50 4.50 4.50 5.09 4.31 4.45 4.31 4.31 4.23 4.23 4.23 4.23 3.78 3.78 4.15 4.15 4.34 4.34 4.34 4.34 4.58 3.18 7.66 4.18 4.18 4.38 4.22 4.18 0.85 3.74 4.20 6.81 6.91 6.70 3.43 4.22 4.08 4.08 4.08 4.08 2.64 2.64 5.40 0.00
4.39 4.39 4.39 4.39 4.44 4.44 4.44 4.41 4.72 4.48 4.48 4.72 4.85 4.62 4.62 4.62 4.54 4.54 4.54 4.54 4.65 4.65 4.65 4.62 4.78 3.58 7.09 4.33 5.19 3.48 3.59 4.78 4.78 1.30 3.91 3.70 3.90 4.58 4.58 4.58 4.50 4.50 4.50 4.94 4.31 4.44 4.31 4.31 4.23 4.23 4.60 4.60 3.78 3.78 3.78 4.15 4.34 4.48 4.34 4.34 6.38 6.38 2.78 4.18 4.22 6.48 7.49 7.29 6.46 7.44 6.70 4.25 3.43 4.59 4.43 4.43 4.08 4.08 4.08 4.08 4.23 4.11 2.96 3.30
4.55 4.55 4.41 4.41 4.43 4.40 4.64 4.40 4.42 4.42 4.42 4.42 4.51 4.75 4.51 4.51 4.59 4.59 4.59 4.59 4.77 4.77 4.77 4.77 3.58 7.29 3.51 4.34 1.89 1.68 5.39 4.99 1.30 3.83 3.75 4.75 3.51 4.60 4.60 4.60 4.49 4.49 4.49 4.93 4.24 5.13 3.86 4.24 4.19 3.81 4.02 3.81 3.90 3.90 3.90 3.90 4.07 4.07 4.07 4.48 6.38 2.08 2.08 4.04 5.67 4.20 4.20 4.61 3.18 3.18 4.62 4.24 4.52 4.52 4.37 4.37 4.03 4.14 4.03 4.03 4.14 4.14 2.49 2.96
5.03 5.03 5.03 5.03 5.05 4.40 4.64 4.40 4.42 4.42 4.42 4.42 4.75 4.75 4.51 4.51 4.59 4.59 4.59 4.59 4.77 4.77 4.77 4.77 3.58 7.49 4.21 3.81 4.02 1.89 1.71 7.20 3.83 3.63 3.63 3.70 3.51 4.24 4.60 4.60 4.49 4.49 4.49 4.49 4.10 3.86 3.86 3.86 3.81 3.81 3.81 3.81 3.90 3.90 3.90 3.90 4.07 4.07 4.07 2.95 6.20 2.08 2.92 3.11 6.24 4.20 4.20 4.20 4.13 4.53 4.62 4.62 4.19 4.52 4.37 4.37 4.14 4.03 4.03 4.03 4.14 4.14 4.14 4.29
5.03 5.03 5.03 5.03 5.05 5.05 4.40 4.40 4.42 4.42 4.66 4.42 4.51 4.75 4.51 4.51 4.59 4.59 4.59 4.59 4.77 4.77 4.77 4.77 5.50 4.83 4.01 3.81 4.22 1.68 3.51 7.93 3.70 3.98 3.63 3.91 4.37 3.70 4.60 4.60 4.49 4.49 4.49 4.49 3.86 4.15 3.86 3.86 3.81 3.81 3.81 3.81 3.90 3.90 3.90 3.90 4.07 4.07 2.88 6.36 2.76 3.13 4.04 5.36 3.18 3.37 2.10 4.20 4.13 4.13 5.24 4.62 4.52 4.37 4.37 4.37 4.03 4.03 4.03 4.03 4.14 4.14 4.29 4.29
5.03 5.03 5.03 5.03 5.05 5.05 4.40 4.40 4.42 4.42 4.42 4.42 4.51 4.51 4.51 4.51 4.59 4.59 4.59 4.59 4.77 4.77 4.77 4.98 5.30 4.01 7.01 4.01 3.94 3.22 7.11 4.11 3.91 3.29 3.29 5.11 5.20 3.63 5.05 4.60 4.72 4.49 4.49 4.49 3.86 4.07 3.86 3.86 3.81 3.81 3.81 3.81 3.90 3.90 3.90 3.90 4.07 4.07 2.71 6.36 3.33 3.13 2.96 6.62 3.18 3.18 2.10 2.10 4.13 4.13 4.46 4.80 4.69 4.49 4.49 4.48 4.03 4.03 4.03 4.03 4.14 4.14 4.29 4.29
5.00 5.00 5.00 5.00 5.04 5.20 5.04 4.39 4.39 4.39 4.62 4.39 4.55 4.55 4.55 4.55 4.69 4.69 4.69 4.69 4.74 4.74 4.74 4.94 5.30 5.30 4.23 7.26 4.02 3.74 7.18 3.91 4.64 3.51 4.64 5.10 5.04 5.04 5.48 4.59 4.51 4.51 4.51 4.51 3.85 3.85 3.85 3.85 3.85 3.85 3.85 3.85 4.01 4.01 4.01 4.01 4.11 4.11 6.23 5.95 2.41 2.08 2.78 4.68 2.78 2.78 2.78 2.10 2.25 4.12 4.44 4.57 4.43 4.31 4.31 4.31 4.03 4.03 4.03 4.03 4.14 4.29 4.29 4.29
5.00 5.00 5.15 5.00 5.04 5.04 5.04 4.39 4.62 4.39 4.72 4.39 4.55 4.55 4.55 4.55 4.69 4.69 4.69 4.69 4.74 4.74 4.74 3.81 5.30 5.30 3.41 6.79 3.52 3.52 8.25 4.72 4.64 4.64 4.64 4.64 4.59 4.59 4.59 4.59 4.51 4.51 4.51 4.51 3.85 3.85 3.85 3.85 3.85 3.85 3.85 3.85 4.01 4.01 4.01 4.41 4.11 2.71 5.95 1.78 3.39 4.22 4.22 4.24 2.78 2.78 2.78 2.10 2.10 4.28 4.44 4.44 4.31 4.31 4.46 4.31 4.03 4.03 4.03 4.03 4.14 4.29 4.29 4.29
