New_Model_Runs/5_FutureClimate_BASE_out/post_prcessed_with_MFR/Monthly_summaries/net_infiltration_monthly_JUN.asc
NCOLS 700
NROWS 400
XLLCENTER 515000.000000
YLLCENTER 8409000.000000
CELLSIZE 50.000000
NODATA_value -999.000000
[rows 266 to 303 of 400, columns 252 to 335 of 700]
5.30 5.51 5.73 5.95 4.69 4.69 4.69 4.69 4.70 4.69 1.36 4.09 4.07 4.29 8.02 4.07 7.80 4.09 4.09 4.29 4.26 1.47 3.78 3.78 8.12 8.34 7.97 4.85 7.51 5.10 5.10 4.88 4.88 7.89 7.89 7.67 1.93 8.42 4.47 4.47 4.47 4.47 4.47 1.49 8.73 5.22 5.22 5.00 4.47 4.47 4.69 4.91 4.29 4.67 4.29 4.07 1.50 4.50 4.51 8.45 4.88 7.58 7.58 3.85 3.85 3.85 3.85 3.85 1.37 0.00 0.00 0.00 0.00 1.37 1.37 4.13 4.13 1.37 1.37 1.37 4.13 0.00 0.00 0.00
5.51 5.73 5.52 5.73 5.27 4.69 4.69 4.69 4.69 4.69 4.07 4.09 7.58 8.54 7.80 7.82 7.80 4.52 4.09 4.31 4.26 1.25 3.78 3.78 7.29 1.20 1.20 4.00 5.10 1.59 4.16 4.16 4.16 4.96 4.38 4.16 4.69 5.29 1.49 4.47 4.47 4.47 4.47 1.49 5.00 5.22 5.41 5.00 4.47 5.18 5.18 4.97 3.85 4.67 1.72 4.29 1.28 3.85 4.07 7.58 7.36 7.58 4.07 3.85 4.07 4.07 3.85 3.85 1.37 0.00 0.00 0.00 0.00 4.13 1.37 1.37 1.37 1.37 4.13 0.00 0.00 0.00 0.00 0.00
5.30 5.72 5.67 5.07 4.69 4.69 4.69 4.69 4.91 4.91 4.07 7.58 8.51 5.22 5.88 9.39 4.87 8.03 4.09 4.50 4.22 1.25 1.47 1.47 1.25 1.20 1.20 1.37 4.88 4.16 4.16 5.32 1.62 1.69 4.60 4.60 4.47 4.47 1.49 4.47 4.47 1.49 4.47 5.00 7.98 7.98 4.69 5.43 5.15 5.15 5.15 5.15 3.85 3.85 7.58 1.28 3.85 7.36 4.79 1.28 1.28 4.07 7.58 3.85 4.07 3.85 3.85 1.28 4.13 0.00 0.00 0.00 4.13 1.37 1.37 1.37 4.13 4.13 0.00 0.00 0.00 0.00 0.00 0.00
5.74 5.52 5.96 5.76 4.69 4.69 4.85 7.82 8.11 8.64 7.60 8.20 5.00 5.22 6.10 5.66 4.09 4.29 4.50 4.91 4.38 3.82 1.50 3.78 4.16 1.25 4.16 4.16 4.88 4.16 4.16 4.16 1.47 4.38 1.84 5.35 1.49 4.47 4.47 4.47 1.34 4.85 4.85 4.97 4.97 1.90 5.43 5.21 5.20 5.15 5.15 5.20 3.85 3.85 7.36 4.79 4.79 1.28 1.28 1.28 1.28 1.50 1.50 3.85 3.85 3.85 3.85 1.28 4.13 0.00 4.13 1.37 1.37 1.37 4.55 4.13 4.13 0.00 0.00 0.00 0.00 0.00 0.00 0.00
5.74 5.23 5.23 5.52 8.31 7.45 8.09 4.80 4.80 4.07 4.49 4.97 4.75 4.31 4.75 1.57 4.34 4.31 4.72 5.35 4.38 3.78 3.78 3.78 3.81 3.78 4.16 1.25 7.67 4.16 4.16 4.16 4.16 4.16 4.16 7.67 4.97 4.47 4.47 1.49 4.97 4.97 4.97 7.98 4.47 5.61 5.65 5.43 5.22 5.15 5.16 5.20 3.63 3.85 7.36 4.79 1.28 1.28 1.28 1.15 3.85 1.28 1.28 3.85 3.85 1.28 1.28 3.85 4.13 4.13 1.37 1.37 1.37 4.13 0.00 0.00 4.35 4.35 0.00 0.00 0.00 0.00 0.00 0.00
5.78 5.52 5.23 4.77 8.09 4.58 4.58 4.58 3.95 4.52 4.31 2.23 4.97 4.09 4.09 4.07 5.29 5.29 5.29 5.51 3.75 3.78 4.00 4.00 3.78 4.78 1.47 4.88 4.16 4.16 4.16 4.16 4.16 1.40 4.16 4.91 5.00 5.00 7.98 4.85 4.97 7.98 4.87 4.47 4.47 5.18 1.34 4.69 4.69 4.47 5.15 5.20 7.14 4.79 1.50 1.28 1.28 3.85 3.85 1.28 1.28 3.85 3.85 1.28 1.28 3.85 3.85 3.85 1.37 1.37 1.37 4.13 0.00 0.00 0.00 0.00 0.00 0.00 0.00 0.00 0.00 0.00 0.00 0.00
5.52 5.70 8.00 8.62 4.58 4.58 4.58 4.58 4.69 4.74 1.36 1.57 1.36 1.36 4.74 4.91 5.23 5.27 4.07 4.07 4.16 3.78 4.00 1.25 4.00 4.99 1.59 4.88 1.41 4.74 1.37 4.16 4.66 1.40 5.04 7.67 5.00 1.46 4.69 4.69 4.47 4.97 4.47 4.47 4.69 4.69 4.47 4.47 4.47 4.47 7.98 8.38 4.28 1.50 1.72 1.50 3.85 3.85 1.28 1.28 1.28 3.85 1.28 1.28 3.85 3.85 1.28 1.28 1.40 4.13 1.37 0.00 0.00 0.00 0.00 0.00 0.00 0.00 0.00 0.00 0.00 0.00 0.00 0.00
5.70 8.00 8.62 5.11 4.80 4.80 4.58 4.69 4.69 4.50 4.50 5.46 4.07 4.72 4.50 5.45 5.27 4.07 1.36 4.65 4.16 4.00 4.22 3.78 4.38 4.38 4.16 7.67 4.16 4.16 4.16 5.04 4.66 1.40 5.04 5.04 8.48 4.97 4.69 4.69 1.46 4.97 5.17 5.17 5.37 4.69 4.47 1.90 8.42 8.38 4.47 4.91 3.63 1.28 1.28 1.28 3.85 3.85 1.28 3.85 1.28 1.28 3.85 3.85 1.28 1.28 1.28 3.85 4.13 0.00 0.00 0.00 0.00 0.00 0.00 0.00 0.00 0.00 0.00 0.00 0.00 0.00 0.00 0.00
4.71 8.41 4.90 4.68 3.91 4.76 4.65 4.43 4.43 4.03 4.27 4.25 4.03 4.25 4.25 3.81 3.81 1.28 3.83 5.01 4.77 4.21 2.51 4.21 5.32 5.27 4.18 8.61 5.08 8.04 3.96 3.96 3.96 3.96 4.82 3.96 7.88 7.54 4.03 3.81 3.81 4.83 4.83 4.83 4.81 3.81 3.81 5.22 8.19 4.46 4.68 4.04 4.81 1.61 4.81 1.61 1.61 5.00 1.61 1.61 5.00 5.00 5.00 1.61 1.61 1.61 5.00 5.00 0.00 0.00 0.00 0.00 0.00 0.00 0.00 0.00 0.00 0.00 0.00 0.00 0.00 0.00 0.00 0.00
8.44 8.87 8.41 7.56 3.70 3.70 4.05 3.83 4.43 3.83 4.05 3.83 3.83 3.83 7.56 7.56 7.32 7.34 7.30 8.74 4.99 4.21 4.43 4.40 4.75 4.97 8.13 5.04 5.04 4.18 3.96 3.96 1.31 3.96 4.53 3.96 4.65 7.54 4.03 4.37 4.83 4.82 4.37 4.37 4.37 7.76 7.97 4.46 4.46 3.60 3.60 3.60 4.81 1.61 1.61 5.00 5.00 1.61 5.00 5.00 5.00 1.61 1.61 1.61 5.00 5.00 4.86 5.26 0.00 0.00 0.00 0.00 0.00 0.00 0.00 0.00 0.00 0.00 0.00 0.00 0.00 0.00 0.00 0.00
7.78 4.04 4.05 7.87 7.21 7.84 7.76 8.20 7.76 7.34 7.56 7.56 7.34 7.56 4.49 4.25 4.05 3.79 3.75 7.48 7.50 7.50 4.23 4.83 7.91 8.35 8.35 7.91 1.75 1.75 3.96 4.18 4.18 3.96 3.96 4.53 3.81 3.81 7.32 3.81 3.81 4.03 5.02 7.88 7.11 3.60 4.46 3.60 3.60 3.60 3.60 3.60 5.00 5.00 5.00 1.61 1.61 5.00 5.00 1.61 1.61 1.61 5.00 5.00 4.85 5.26 5.26 4.81 0.00 0.00 0.00 0.00 0.00 0.00 0.00 0.00 0.00 0.00 0.00 0.00 0.00 0.00 0.00 0.00
8.19 4.68 1.31 4.83 4.76 8.73 8.42 8.20 5.30 3.81 4.03 4.25 7.56 8.69 4.69 3.81 4.96 4.43 3.81 3.81 3.56 3.56 8.04 7.47 7.47 7.91 7.91 5.04 1.31 1.53 1.31 4.18 3.96 3.96 3.96 4.38 4.25 4.03 3.81 7.32 7.54 4.25 7.98 4.78 3.60 3.60 3.60 3.60 3.60 3.60 3.81 1.27 1.61 1.61 1.61 1.61 5.00 1.61 1.61 1.61 5.00 5.00 5.26 5.26 4.81 4.81 4.81 0.00 0.00 0.00 0.00 0.00 0.00 0.00 0.00 0.00 0.00 0.00 0.00 0.00 0.00 0.00 0.00 0.00
8.19 4.68 5.11 5.12 4.33 9.17 5.12 8.27 8.41 3.81 3.83 4.03 5.23 5.01 7.98 1.50 4.43 3.81 3.81 3.81 3.61 4.47 4.53 8.04 3.96 1.31 7.47 4.86 4.86 4.82 4.82 4.82 3.96 3.96 3.96 3.96 1.71 1.71 3.81 3.81 7.98 5.00 3.81 4.25 3.60 3.60 3.60 3.60 3.81 1.27 1.27 3.81 5.00 5.00 5.00 1.61 1.61 1.61 1.61 5.00 5.26 5.26 4.81 0.00 0.00 0.00 0.00 0.00 0.00 0.00 0.00 0.00 0.00 0.00 0.00 0.00 0.00 0.00 0.00 0.00 0.00 0.00 0.00 0.00
4.04 7.56 8.00 5.12 8.49 4.46 5.30 5.12 9.07 5.30 4.43 4.43 5.01 4.43 4.65 8.00 3.81 4.43 4.43 4.43 4.05 4.97 4.53 7.98 7.47 4.82 4.38 1.31 7.47 7.47 7.47 3.96 7.47 7.47 3.96 3.96 4.03 1.27 4.78 7.32 4.25 1.27 4.46 3.60 3.60 3.60 3.81 1.27 1.27 3.81 3.81 3.81 5.00 5.00 1.61 1.61 1.61 5.00 5.26 5.26 5.26 4.81 0.00 0.00 0.00 0.00 0.00 0.00 0.00 0.00 0.00 0.00 0.00 0.00 0.00 0.00 0.00 0.00 0.00 0.00 0.00 0.00 0.00 0.00
4.89 4.05 7.55 8.19 8.41 4.76 5.15 2.89 6.40 5.20 4.03 4.43 4.43 7.21 3.81 1.14 7.34 4.96 4.43 3.81 4.40 5.47 4.82 1.34 3.96 7.47 4.18 1.34 4.53 4.53 4.82 1.34 1.56 5.26 3.96 3.96 7.54 5.00 1.27 3.81 1.27 1.27 1.27 3.60 3.60 3.81 1.27 1.27 3.81 3.81 3.81 3.81 1.61 1.61 1.61 1.61 5.36 4.81 5.28 4.81 4.81 0.00 0.00 0.00 0.00 0.00 0.00 0.00 0.00 0.00 0.00 0.00 0.00 0.00 0.00 0.00 0.00 0.00 0.00 0.00 0.00 0.00 0.00 0.00
4.97 4.89 4.89 4.68 7.76 3.81 4.27 3.81 4.65 1.11 3.69 3.81 4.93 8.44 7.32 7.32 8.47 4.96 3.83 3.83 3.96 1.56 1.19 3.96 7.47 7.69 1.63 1.56 1.34 4.75 4.75 1.34 4.91 1.78 7.89 7.47 7.54 4.51 3.81 3.81 1.27 1.27 1.27 3.81 1.27 1.27 3.81 3.81 3.81 3.81 1.27 1.27 1.61 1.61 5.36 4.81 0.00 0.00 0.00 0.00 0.00 0.00 0.00 0.00 0.00 0.00 0.00 0.00 0.00 0.00 0.00 0.00 0.00 0.00 0.00 0.00 0.00 0.00 0.00 0.00 0.00 0.00 0.00 0.00
4.05 5.33 4.48 4.05 3.83 7.34 8.11 3.69 4.72 7.20 3.69 1.21 4.93 4.93 4.93 4.27 7.32 1.28 3.81 4.17 7.98 5.07 7.47 3.96 4.85 3.96 4.18 1.34 4.18 4.75 4.18 3.96 1.56 5.07 7.69 4.62 1.93 4.37 4.25 3.81 4.65 3.81 3.81 3.81 1.27 1.27 1.27 3.81 3.81 1.27 1.27 1.27 5.00 4.81 0.00 0.00 0.00 0.00 0.00 0.00 0.00 0.00 0.00 0.00 0.00 0.00 0.00 0.00 0.00 0.00 0.00 0.00 0.00 0.00 0.00 0.00 0.00 0.00 0.00 0.00 0.00 0.00 0.00 0.00
4.89 4.68 4.49 4.05 3.70 4.96 7.54 7.20 7.21 7.21 7.20 3.70 4.55 3.33 4.74 4.25 7.32 7.78 7.78 4.91 7.47 3.96 3.96 3.96 7.98 1.34 3.96 3.96 4.69 5.03 4.53 8.04 7.47 3.96 1.53 4.39 4.25 4.37 4.59 3.81 4.65 3.81 3.81 3.81 3.81 1.27 1.27 1.27 1.27 1.27 3.81 3.81 4.81 0.00 0.00 0.00 0.00 0.00 0.00 0.00 0.00 0.00 0.00 0.00 0.00 0.00 0.00 0.00 0.00 0.00 0.00 0.00 0.00 0.00 0.00 0.00 0.00 0.00 0.00 0.00 0.00 0.00 0.00 0.00
5.11 8.62 8.62 7.55 7.21 7.21 7.43 3.70 3.70 3.70 3.70 7.20 3.69 3.33 4.25 4.25 5.67 3.03 2.28 1.62 4.53 4.47 3.96 3.96 4.47 4.87 7.69 4.40 4.18 7.98 4.85 3.96 3.96 3.96 3.96 3.96 4.25 3.81 4.47 4.03 3.81 3.81 3.81 3.81 3.81 1.27 1.27 1.27 3.81 3.81 4.36 0.00 0.00 0.00 0.00 0.00 0.00 0.00 0.00 0.00 0.00 0.00 0.00 0.00 0.00 0.00 0.00 0.00 0.00 0.00 0.00 0.00 0.00 0.00 0.00 0.00 0.00 0.00 0.00 0.00 0.00 0.00 0.00 0.00
4.48 4.49 4.90 8.19 7.21 3.70 3.70 3.70 3.70 3.33 3.70 3.70 7.65 8.09 7.20 7.76 4.69 8.22 4.61 4.98 4.40 4.18 3.96 3.96 3.96 4.47 4.69 5.29 8.20 7.47 4.38 1.31 3.96 4.38 3.96 3.96 1.27 3.81 3.81 3.81 1.27 1.27 3.81 1.27 1.27 1.27 3.81 3.81 4.36 3.60 0.00 0.00 0.00 0.00 0.00 0.00 0.00 0.00 0.00 0.00 0.00 0.00 0.00 0.00 0.00 0.00 0.00 0.00 0.00 0.00 0.00 0.00 0.00 0.00 0.00 0.00 0.00 0.00 0.00 0.00 0.00 0.00 0.00 0.00
4.31 7.56 7.56 4.05 3.70 3.70 3.70 3.70 3.70 3.80 3.70 3.70 7.65 8.71 4.13 1.58 3.81 4.17 7.69 4.98 4.97 4.75 4.53 4.53 4.53 3.96 7.47 7.98 1.34 3.96 4.53 1.53 1.53 4.38 3.96 3.96 3.81 3.81 3.81 1.27 1.27 1.27 1.27 1.27 1.27 3.81 4.03 4.58 0.00 0.00 0.00 0.00 0.00 0.00 0.00 0.00 0.00 0.00 0.00 0.00 0.00 0.00 0.00 0.00 0.00 0.00 0.00 0.00 0.00 0.00 0.00 0.00 0.00 0.00 0.00 0.00 0.00 0.00 0.00 0.00 0.00 0.00 0.00 0.00
7.60 4.09 4.05 4.05 3.70 3.70 3.70 3.70 3.70 3.70 3.70 3.70 3.70 7.21 4.76 3.69 3.81 4.18 4.18 8.41 4.75 4.53 4.53 4.53 8.04 7.47 4.53 1.34 3.96 4.53 4.53 4.18 4.18 3.96 3.96 3.96 3.81 3.81 3.81 1.31 1.27 1.27 1.27 3.81 3.81 3.81 1.36 4.36 0.00 0.00 0.00 0.00 0.00 0.00 0.00 0.00 0.00 0.00 0.00 0.00 0.00 0.00 0.00 0.00 0.00 0.00 0.00 0.00 0.00 0.00 0.00 0.00 0.00 0.00 0.00 0.00 0.00 0.00 0.00 0.00 0.00 0.00 0.00 0.00
4.09 4.09 4.05 4.05 3.70 3.70 3.70 3.70 3.70 3.70 3.70 3.70 3.70 7.21 7.65 4.76 4.95 5.05 5.05 4.98 7.69 4.70 8.04 8.04 7.47 4.75 4.53 1.34 1.56 4.18 3.96 3.96 3.96 3.96 3.96 3.96 3.81 3.81 1.27 1.27 1.27 3.81 3.81 3.81 3.81 7.32 8.30 4.37 3.80 0.00 0.00 0.00 0.00 0.00 0.00 0.00 0.00 0.00 0.00 0.00 0.00 0.00 0.00 0.00 0.00 0.00 0.00 0.00 0.00 0.00 0.00 0.00 0.00 0.00 0.00 0.00 0.00 0.00 0.00 0.00 0.00 0.00 0.00 0.00
4.05 4.05 4.05 4.05 3.70 3.70 3.70 3.70 3.70 3.70 3.70 3.70 3.70 3.70 7.28 4.36 5.05 5.05 4.68 4.61 7.91 7.47 8.33 7.69 8.55 2.22 5.27 4.62 5.69 4.40 3.96 3.96 3.96 3.96 3.96 3.96 3.81 3.81 3.81 4.25 3.81 3.81 3.81 3.81 7.54 3.81 4.03 1.52 3.80 0.00 0.00 0.00 0.00 0.00 0.00 0.00 0.00 0.00 0.00 0.00 0.00 0.00 0.00 0.00 0.00 0.00 0.00 0.00 0.00 0.00 0.00 0.00 0.00 0.00 0.00 0.00 0.00 0.00 0.00 0.00 0.00 0.00 0.00 0.00
4.02 4.02 4.02 4.02 3.65 3.65 3.65 4.09 4.52 3.65 3.65 3.30 3.65 3.65 3.32 7.85 4.12 4.12 4.12 7.80 7.89 4.70 4.70 4.95 5.17 8.90 8.90 8.24 4.73 4.51 3.86 3.86 3.86 3.86 3.86 3.86 3.68 3.68 3.68 3.68 3.68 3.68 4.75 5.19 4.34 4.64 3.68 3.90 3.67 0.00 0.00 0.00 0.00 0.00 0.00 0.00 0.00 0.00 0.00 0.00 0.00 0.00 0.00 0.00 0.00 0.00 0.00 0.00 0.00 0.00 0.00 0.00 0.00 0.00 0.00 0.00 0.00 0.00 0.00 0.00 0.00 0.00 0.00 0.00
4.02 4.02 4.02 4.02 3.65 3.65 3.65 4.09 4.52 3.65 3.65 3.65 3.65 3.65 3.65 7.63 7.63 7.63 4.82 1.31 3.40 4.42 4.92 5.95 5.82 5.39 3.28 5.98 9.31 4.92 4.92 3.86 3.86 3.86 3.86 3.86 3.68 3.68 3.68 3.68 3.68 7.19 4.97 7.63 7.85 7.63 3.90 3.68 3.67 0.00 0.00 0.00 0.00 0.00 0.00 0.00 0.00 0.00 0.00 0.00 0.00 0.00 0.00 0.00 0.00 0.00 0.00 0.00 0.00 0.00 0.00 0.00 0.00 0.00 0.00 0.00 0.00 0.00 0.00 0.00 0.00 0.00 0.00 0.00
4.02 4.02 4.02 4.02 3.65 3.65 3.65 3.65 7.16 3.65 3.65 3.65 3.65 3.65 4.07 7.58 8.10 1.75 1.31 4.07 3.82 3.86 4.70 4.64 4.51 2.25 5.61 5.17 4.95 9.12 9.96 7.42 3.86 3.86 3.86 3.86 3.68 3.68 7.19 7.19 7.19 7.41 7.41 8.07 7.85 7.85 4.34 3.90 3.89 0.00 0.00 0.00 0.00 0.00 0.00 0.00 0.00 0.00 0.00 0.00 0.00 0.00 0.00 0.00 0.00 0.00 0.00 0.00 0.00 0.00 0.00 0.00 0.00 0.00 0.00 0.00 0.00 0.00 0.00 0.00 0.00 0.00 0.00 0.00
4.02 4.02 4.02 5.08 3.65 3.65 3.65 4.60 3.65 7.16 3.65 3.65 3.65 7.16 7.58 8.02 5.11 5.10 4.06 4.07 3.82 3.81 4.42 4.42 4.70 4.86 4.92 4.62 5.00 2.62 2.84 7.80 7.37 7.37 7.37 7.37 7.19 7.19 3.68 3.90 4.12 4.34 8.16 8.82 7.85 5.07 5.07 4.34 4.65 0.00 0.00 0.00 0.00 0.00 0.00 0.00 0.00 0.00 0.00 0.00 0.00 0.00 0.00 0.00 0.00 0.00 0.00 0.00 0.00 0.00 0.00 0.00 0.00 0.00 0.00 0.00 0.00 0.00 0.00 0.00 0.00 0.00 0.00 0.00
4.02 4.02 4.02 4.02 3.65 3.65 3.30 3.65 3.65 7.16 3.65 3.65 7.16 8.18 7.58 8.75 8.24 7.80 4.82 4.06 4.40 4.40 4.62 4.42 4.42 4.64 3.82 4.40 4.27 4.62 4.40 4.07 4.07 3.86 3.86 3.86 3.68 3.68 3.90 4.12 4.78 7.41 4.65 4.65 4.85 4.63 4.63 4.85 3.90 0.00 0.00 0.00 0.00 0.00 0.00 0.00 0.00 0.00 0.00 0.00 0.00 0.00 0.00 0.00 0.00 0.00 0.00 0.00 0.00 0.00 0.00 0.00 0.00 0.00 0.00 0.00 0.00 0.00 0.00 0.00 0.00 0.00 0.00 0.00
4.02 4.02 4.02 4.02 3.65 3.65 3.65 3.65 3.65 7.16 7.16 7.15 4.27 4.67 8.39 4.51 5.33 4.29 7.07 8.02 8.64 7.98 4.84 4.84 4.62 4.80 5.06 4.84 4.62 4.40 4.40 4.84 4.10 3.86 3.86 3.86 3.68 4.32 4.43 4.87 5.31 8.01 3.90 1.48 4.63 4.63 4.63 4.63 4.85 0.00 0.00 0.00 0.00 0.00 0.00 0.00 0.00 0.00 0.00 0.00 0.00 0.00 0.00 0.00 0.00 0.00 0.00 0.00 0.00 0.00 0.00 0.00 0.00 0.00 0.00 0.00 0.00 0.00 0.00 0.00 0.00 0.00 0.00 0.00
4.02 4.02 4.02 4.02 3.65 3.65 3.65 3.65 7.25 7.16 4.49 4.49 4.88 4.59 8.39 4.67 4.67 4.29 7.80 4.95 4.90 4.47 5.31 4.84 4.90 2.99 2.34 4.26 3.82 4.40 4.40 4.62 4.62 4.29 3.86 3.86 4.72 4.72 4.23 4.50 3.90 7.96 4.12 4.86 4.62 4.62 4.62 4.23 0.00 3.67 0.00 0.00 0.00 0.00 0.00 0.00 0.00 0.00 0.00 0.00 0.00 0.00 0.00 0.00 0.00 0.00 0.00 0.00 0.00 0.00 0.00 0.00 0.00 0.00 0.00 0.00 0.00 0.00 0.00 0.00 0.00 0.00 0.00 0.00
4.02 4.02 4.02 4.89 3.65 3.65 7.16 7.15 3.64 3.65 4.49 4.59 4.59 4.59 7.58 4.67 4.89 4.51 8.68 2.40 4.04 4.26 2.02 7.98 4.90 4.90 6.11 4.50 3.82 4.40 4.62 4.40 4.29 4.29 3.86 5.14 1.48 4.34 4.88 4.23 5.00 8.40 4.12 3.90 4.62 4.62 4.62 4.23 0.00 0.00 0.00 0.00 0.00 0.00 0.00 0.00 0.00 0.00 0.00 0.00 0.00 0.00 0.00 0.00 0.00 0.00 0.00 0.00 0.00 0.00 0.00 0.00 0.00 0.00 0.00 0.00 0.00 0.00 0.00 0.00 0.00 0.00 0.00 0.00
7.53 4.02 4.02 4.02 7.16 7.16 3.65 3.65 4.27 4.49 4.59 4.60 5.32 4.72 7.79 4.06 4.89 5.10 4.73 5.46 2.55 5.67 5.12 4.25 7.76 2.12 3.87 5.93 3.40 4.79 4.42 4.92 3.86 4.07 4.29 1.97 5.11 5.54 5.21 7.74 4.60 3.68 7.41 3.68 4.62 4.23 4.23 3.67 0.00 0.00 0.00 0.00 0.00 0.00 0.00 0.00 0.00 0.00 0.00 0.00 0.00 0.00 0.00 0.00 0.00 0.00 0.00 0.00 0.00 0.00 0.00 0.00 0.00 0.00 0.00 0.00 0.00 0.00 0.00 0.00 0.00 0.00 0.00 0.00
7.85 7.53 7.53 7.53 7.16 3.65 3.65 3.65 3.65 4.59 4.59 5.10 4.88 5.54 7.79 3.56 3.56 4.67 4.07 4.51 2.55 6.33 5.06 4.84 4.03 8.57 8.79 4.40 5.06 4.29 5.36 5.36 4.90 4.07 3.86 7.80 8.07 7.85 4.89 4.67 3.68 8.37 7.63 4.86 4.23 0.00 0.00 0.00 0.00 0.00 0.00 0.00 0.00 0.00 0.00 0.00 0.00 0.00 0.00 0.00 0.00 0.00 0.00 0.00 0.00 0.00 0.00 0.00 0.00 0.00 0.00 0.00 0.00 0.00 0.00 0.00 0.00 0.00 0.00 0.00 0.00 0.00 0.00 0.00
4.01 4.01 4.85 4.02 3.65 4.49 4.93 4.71 4.71 4.80 4.59 4.59 4.07 8.39 4.29 4.67 4.67 4.58 4.07 4.51 4.91 4.68 4.62 5.06 4.25 8.13 7.91 4.62 4.29 4.07 4.86 4.29 4.88 4.88 7.37 8.10 4.88 4.12 3.68 4.65 3.68 7.63 4.94 4.23 4.23 0.00 0.00 0.00 0.00 0.00 0.00 0.00 0.00 0.00 0.00 0.00 0.00 0.00 0.00 0.00 0.00 0.00 0.00 0.00 0.00 0.00 0.00 0.00 0.00 0.00 0.00 0.00 0.00 0.00 0.00 0.00 0.00 0.00 0.00 0.00 0.00 0.00 0.00 0.00
4.23 4.24 4.87 4.01 3.65 4.84 4.92 4.30 4.09 4.70 4.67 4.67 5.10 8.61 5.10 5.10 4.67 4.58 4.80 4.73 4.26 4.84 4.62 4.62 7.76 8.79 4.40 4.70 4.90 4.90 3.86 1.31 1.31 4.88 7.59 4.29 4.65 4.65 4.65 4.65 4.64 7.19 3.90 4.23 3.67 0.00 0.00 0.00 0.00 0.00 0.00 0.00 0.00 0.00 0.00 0.00 0.00 0.00 0.00 0.00 0.00 0.00 0.00 0.00 0.00 0.00 0.00 0.00 0.00 0.00 0.00 0.00 0.00 0.00 0.00 0.00 0.00 0.00 0.00 0.00 0.00 0.00 0.00 0.00
4.88 5.53 5.09 4.88 4.49 3.87 4.30 2.29 4.51 4.89 4.88 4.88 8.75 5.97 5.32 4.67 4.58 4.58 4.58 4.29 4.84 4.62 5.28 5.06 8.79 4.91 4.62 4.35 4.33 4.42 4.70 4.70 4.42 7.37 4.07 4.07 4.65 4.65 4.65 4.23 4.23 3.67 3.67 3.67 3.67 0.00 0.00 0.00 0.00 0.00 0.00 0.00 0.00 0.00 0.00 0.00 0.00 0.00 0.00 0.00 0.00 0.00 0.00 0.00 0.00 0.00 0.00 0.00 0.00 0.00 0.00 0.00 0.00 0.00 0.00 0.00 0.00 0.00 0.00 0.00 0.00 0.00 0.00 0.00
4.45 4.88 4.88 4.65 4.27 4.71 3.65 4.08 4.09 4.88 4.88 8.83 2.40 5.75 5.10 4.67 4.88 4.67 5.09 4.58 4.62 4.84 5.12 7.99 8.57 5.06 4.35 4.35 4.62 4.70 4.42 4.90 4.88 4.87 4.37 4.42 3.67 4.23 4.23 3.67 3.67 0.00 0.00 0.00 0.00 0.00 0.00 0.00 0.00 0.00 0.00 0.00 0.00 0.00 0.00 0.00 0.00 0.00 0.00 0.00 0.00 0.00 0.00 0.00 0.00 0.00 0.00 0.00 0.00 0.00 0.00 0.00 0.00 0.00 0.00 0.00 0.00 0.00 0.00 0.00 0.00 0.00 0.00 0.00
