New_Model_Runs/5_FutureClimate_BASE_out/post_prcessed_with_MFR/Monthly_summaries/net_infiltration_monthly_OCT.asc
NCOLS 700
NROWS 400
XLLCENTER 515000.000000
YLLCENTER 8409000.000000
CELLSIZE 50.000000
NODATA_value -999.000000
[rows 152 to 189 of 400, columns 336 to 419 of 700]
3.13 4.53 6.08 5.74 5.71 4.26 3.95 3.95 3.95 5.65 5.49 5.49 5.72 5.72 5.38 5.38 5.02 5.02 5.32 5.02 5.13 5.13 5.13 5.13 5.21 8.84 4.72 4.81 5.26 5.26 5.72 5.04 4.66 4.66 4.89 3.32 3.09 8.31 4.52 4.03 4.22 7.10 6.27 6.80 6.80 6.03 1.08 0.86 4.37 0.00 0.00 0.00 0.00 0.00 0.00 0.00 0.00 0.00 0.00 0.00 0.00 0.00 0.00 0.00 0.00 0.00 0.00 0.00 0.00 0.00 0.00 0.00 0.00 0.00 0.00 0.00 0.00 0.00 0.00 0.00 0.00 0.00 0.00 0.00
3.36 3.36 3.14 4.17 4.40 3.97 3.96 5.81 4.11 5.65 5.65 5.49 5.38 5.38 5.38 5.38 5.02 5.02 5.02 5.02 5.13 5.13 5.13 5.13 5.21 3.65 7.28 7.28 4.72 7.55 5.26 4.72 6.95 7.21 6.72 6.72 6.93 4.21 3.85 4.03 4.00 7.10 6.27 2.80 6.46 0.86 1.08 1.08 4.37 0.00 0.00 0.00 0.00 0.00 0.00 0.00 0.00 0.00 0.00 0.00 0.00 0.00 0.00 0.00 0.00 0.00 0.00 0.00 0.00 0.00 0.00 0.00 0.00 0.00 0.00 0.00 0.00 0.00 0.00 0.00 0.00 0.00 0.00 0.00
3.52 4.22 4.00 3.06 3.53 4.67 5.71 5.71 5.65 5.65 5.65 5.49 5.38 5.38 5.38 5.67 5.02 5.02 5.02 5.02 5.13 5.13 5.13 5.13 9.25 9.25 9.25 9.90 7.28 7.28 7.28 7.28 4.89 7.17 6.65 7.33 4.15 7.84 3.40 3.25 4.00 7.05 7.05 2.80 4.71 3.02 2.83 2.83 4.37 2.41 0.00 0.00 0.00 0.00 0.00 0.00 0.00 0.00 0.00 0.00 0.00 0.00 0.00 0.00 0.00 0.00 0.00 0.00 0.00 0.00 0.00 0.00 0.00 0.00 0.00 0.00 0.00 0.00 0.00 0.00 0.00 0.00 0.00 0.00
5.97 3.95 4.00 3.95 3.95 3.95 4.11 5.71 5.65 5.65 5.65 5.65 5.72 5.38 5.38 5.38 5.02 5.02 5.02 5.02 5.13 5.13 5.13 5.13 8.84 5.21 5.21 5.44 4.63 8.56 5.26 3.22 6.42 6.42 6.42 7.38 7.50 3.70 3.47 4.03 3.25 6.93 4.49 2.80 4.71 1.08 2.83 2.83 4.37 6.04 0.00 0.00 0.00 0.00 0.00 0.00 0.00 0.00 0.00 0.00 0.00 0.00 0.00 0.00 0.00 0.00 0.00 0.00 0.00 0.00 0.00 0.00 0.00 0.00 0.00 0.00 0.00 0.00 0.00 0.00 0.00 0.00 0.00 0.00
3.28 3.95 4.11 3.95 5.70 5.70 5.70 5.70 5.64 5.64 5.64 5.64 6.16 5.70 5.36 5.36 5.03 5.03 5.03 5.03 5.12 5.12 5.12 8.75 5.15 5.15 5.15 5.15 3.61 3.68 8.47 3.22 2.83 6.42 6.42 3.17 3.17 3.98 3.98 3.98 6.88 3.42 4.49 2.80 6.42 4.49 2.83 0.86 0.75 4.60 0.23 0.00 0.00 0.00 0.00 0.00 0.00 0.00 0.00 0.00 0.00 0.00 0.00 0.00 0.00 0.00 0.00 0.00 0.00 0.00 0.00 0.00 0.00 0.00 0.00 0.00 0.00 0.00 0.00 0.00 0.00 0.00 0.00 0.00
3.95 3.95 5.71 3.95 5.70 5.70 5.70 5.70 5.64 5.77 5.64 5.64 5.58 5.58 5.36 5.36 5.03 5.03 5.03 5.03 5.42 5.12 5.12 8.75 5.15 5.15 4.50 3.61 3.61 4.52 7.74 7.08 6.42 7.10 3.40 3.17 3.98 3.98 3.98 3.98 3.25 3.17 6.49 4.49 4.47 4.49 0.86 2.83 0.72 4.60 1.20 0.00 0.00 0.00 0.00 0.00 0.00 0.00 0.00 0.00 0.00 0.00 0.00 0.00 0.00 0.00 0.00 0.00 0.00 0.00 0.00 0.00 0.00 0.00 0.00 0.00 0.00 0.00 0.00 0.00 0.00 0.00 0.00 0.00
5.71 4.11 5.71 5.71 5.70 5.70 5.70 3.95 3.95 5.64 5.64 5.64 5.65 5.58 5.36 5.36 5.03 5.03 5.03 5.33 5.12 5.12 8.75 4.47 4.50 4.50 4.50 4.50 4.52 4.52 7.32 3.92 3.25 3.25 4.06 3.25 3.98 3.98 3.98 3.98 4.04 4.04 4.49 4.49 6.46 6.46 0.86 1.08 0.97 4.60 6.49 0.00 0.00 0.00 0.00 0.00 0.00 0.00 0.00 0.00 0.00 0.00 0.00 0.00 0.00 0.00 0.00 0.00 0.00 0.00 0.00 0.00 0.00 0.00 0.00 0.00 0.00 0.00 0.00 0.00 0.00 0.00 0.00 0.00
5.71 5.71 4.11 5.71 5.70 5.70 3.95 3.95 3.95 5.64 5.64 5.64 5.58 5.58 5.58 5.36 5.03 5.03 5.03 5.03 5.12 8.43 8.09 4.47 4.50 4.83 4.50 4.50 4.52 4.52 3.61 4.80 4.06 4.06 4.06 4.06 3.98 3.98 3.98 3.98 4.04 3.25 4.49 6.42 6.42 6.46 4.49 4.49 4.83 5.05 4.60 0.00 0.00 0.00 0.00 0.00 0.00 0.00 0.00 0.00 0.00 0.00 0.00 0.00 0.00 0.00 0.00 0.00 0.00 0.00 0.00 0.00 0.00 0.00 0.00 0.00 0.00 0.00 0.00 0.00 0.00 0.00 0.00 0.00
5.67 5.68 3.95 5.67 5.67 5.67 3.95 3.95 5.62 5.62 5.62 5.62 5.55 5.55 5.55 5.55 5.01 5.01 4.35 4.35 4.40 8.03 4.40 4.40 4.42 4.42 4.42 4.42 4.42 4.76 4.42 4.42 3.98 3.98 3.98 4.36 3.99 3.99 3.99 3.99 4.05 6.27 2.64 3.42 7.50 3.25 3.88 6.42 3.23 3.68 5.08 4.85 0.00 0.00 0.00 0.00 0.00 0.00 0.00 0.00 0.00 0.00 0.00 0.00 0.00 0.00 0.00 0.00 0.00 0.00 0.00 0.00 0.00 0.00 0.00 0.00 0.00 0.00 0.00 0.00 0.00 0.00 0.00 0.00
5.67 4.24 4.24 5.67 5.67 5.67 3.95 3.95 3.95 5.62 5.62 3.52 5.55 5.55 5.55 5.55 4.35 4.35 4.35 4.35 8.03 4.40 4.40 4.40 4.42 4.86 4.42 4.42 4.42 4.86 4.42 4.42 3.98 3.98 4.28 4.28 3.99 3.99 3.99 3.99 3.56 3.17 3.59 3.25 3.47 3.93 3.70 3.25 2.84 2.92 7.38 7.14 4.83 4.83 4.66 4.37 0.00 0.00 0.00 0.00 0.00 0.00 0.00 0.00 0.00 0.00 0.00 0.00 0.00 0.00 0.00 0.00 0.00 0.00 0.00 0.00 0.00 0.00 0.00 0.00 0.00 0.00 0.00 0.00
7.13 7.68 7.13 6.90 6.90 6.90 6.90 7.17 5.84 6.84 6.84 6.84 6.69 6.69 6.69 6.69 5.45 5.86 5.45 5.45 5.51 5.51 5.51 5.51 5.53 5.95 5.53 5.53 5.95 5.53 6.48 5.53 4.12 4.12 4.12 4.12 4.13 4.13 4.13 4.43 4.19 4.19 4.19 3.80 3.40 4.17 4.17 4.17 3.59 2.80 3.25 6.87 6.41 5.04 1.41 4.36 4.36 4.37 4.36 4.36 0.00 0.00 0.00 0.00 0.00 0.00 0.00 0.00 0.00 0.00 0.00 0.00 0.00 0.00 0.00 0.00 0.00 0.00 0.00 0.00 0.00 0.00 0.00 0.00
7.13 7.84 7.84 7.13 6.90 6.90 6.90 6.90 6.84 6.84 6.84 6.84 6.93 6.69 6.69 6.69 5.45 5.45 5.45 5.45 5.51 5.51 5.51 5.51 5.53 5.53 5.53 5.53 5.53 5.53 5.95 5.53 4.12 4.12 4.12 4.12 4.13 4.13 4.44 4.13 4.19 4.19 4.19 4.19 4.17 4.17 4.17 4.17 3.59 3.59 3.81 6.44 7.12 2.36 5.04 5.04 4.81 3.88 3.88 4.55 6.29 0.00 0.00 0.00 0.00 0.00 0.00 0.00 0.00 0.00 0.00 0.00 0.00 0.00 0.00 0.00 0.00 0.00 0.00 0.00 0.00 0.00 0.00 0.00
6.85 7.08 7.57 7.08 6.78 6.78 6.78 6.78 6.92 6.69 6.69 6.92 6.63 6.63 6.63 5.84 5.49 5.49 5.49 5.49 5.53 5.53 5.53 5.53 5.52 5.52 5.52 5.52 5.50 5.50 5.50 5.50 4.13 4.13 4.13 4.13 4.15 4.15 4.15 4.15 4.14 4.14 4.14 4.14 4.12 4.52 4.12 4.12 3.58 3.58 2.80 2.44 6.46 2.36 1.41 5.26 4.28 3.52 3.52 3.97 4.76 5.82 4.44 3.63 0.00 0.00 0.00 0.00 0.00 0.00 0.00 0.00 0.00 0.00 0.00 0.00 0.00 0.00 0.00 0.00 0.00 0.00 0.00 0.00
6.85 6.85 6.85 6.85 6.78 6.78 6.78 6.78 6.69 6.69 6.69 6.69 6.63 6.63 6.63 5.84 5.49 5.49 5.49 5.49 5.53 5.53 5.53 5.53 5.52 5.52 5.52 5.52 5.50 5.50 5.50 5.50 4.13 4.13 4.13 4.13 4.15 4.15 4.15 4.15 4.14 4.14 4.14 4.14 4.12 4.42 4.12 4.12 3.58 2.80 2.80 2.44 2.83 4.36 4.55 2.56 3.52 3.52 3.52 3.52 3.73 7.14 3.51 7.14 0.00 0.00 0.00 0.00 0.00 0.00 0.00 0.00 0.00 0.00 0.00 0.00 0.00 0.00 0.00 0.00 0.00 0.00 0.00 0.00
7.12 6.85 6.85 7.12 6.78 6.78 6.78 6.78 6.69 6.69 6.69 6.69 6.63 6.63 6.63 5.84 5.49 5.49 5.49 5.49 5.53 5.53 5.53 5.53 5.52 5.52 5.52 5.52 5.50 5.50 5.50 5.50 4.13 4.13 4.13 4.13 4.15 4.15 4.15 4.15 4.14 4.14 4.14 4.14 4.12 4.12 4.12 4.12 3.58 2.71 2.71 2.71 2.36 3.18 3.18 2.96 3.52 3.52 3.52 3.52 3.51 7.36 3.73 3.51 0.00 0.00 0.00 0.00 0.00 0.00 0.00 0.00 0.00 0.00 0.00 0.00 0.00 0.00 0.00 0.00 0.00 0.00 0.00 0.00
6.85 6.85 6.85 6.85 6.78 7.01 6.78 6.78 6.69 6.69 6.69 6.69 6.63 6.63 5.84 5.84 5.49 5.49 5.49 5.49 5.53 5.53 5.53 5.53 5.52 5.52 5.52 5.52 5.50 5.50 5.50 5.50 4.13 4.13 4.13 4.13 4.15 4.15 4.15 4.15 4.14 4.14 4.14 4.14 4.12 4.12 4.12 4.12 2.80 2.80 3.33 2.71 2.96 3.41 3.41 2.96 3.52 3.52 3.97 3.02 3.16 4.64 3.02 7.14 0.00 0.00 0.00 0.00 0.00 0.00 0.00 0.00 0.00 0.00 0.00 0.00 0.00 0.00 0.00 0.00 0.00 0.00 0.00 0.00
6.78 6.78 6.78 6.78 6.67 6.67 6.87 6.67 6.67 6.67 6.67 6.67 6.78 6.78 5.90 5.90 5.60 5.60 5.60 5.60 5.60 5.60 5.60 6.02 5.59 5.59 5.59 5.59 5.60 5.60 5.60 5.60 4.22 4.22 4.22 4.22 4.21 4.21 4.21 4.21 2.52 3.40 3.96 4.18 4.16 4.16 4.16 4.16 3.57 3.11 3.57 3.57 3.55 3.55 3.55 3.55 3.52 3.52 3.97 3.47 3.62 4.99 0.00 0.00 0.00 0.00 0.00 0.00 0.00 0.00 0.00 0.00 0.00 0.00 0.00 0.00 0.00 0.00 0.00 0.00 0.00 0.00 0.00 0.00
6.78 6.78 6.78 6.78 6.67 6.67 6.67 6.67 6.67 6.67 6.67 6.67 6.78 6.78 5.90 5.90 5.60 5.60 5.60 5.60 5.60 5.60 5.60 5.60 5.59 5.59 5.59 5.59 5.60 5.60 5.60 5.60 4.22 4.22 4.22 4.22 4.21 4.21 4.21 4.21 3.32 4.18 3.96 4.18 4.16 4.16 4.16 4.16 3.57 3.57 3.57 3.57 3.55 3.55 3.55 2.80 2.80 2.80 2.80 2.80 0.00 0.00 0.00 0.00 0.00 0.00 0.00 0.00 0.00 0.00 0.00 0.00 0.00 0.00 0.00 0.00 0.00 0.00 0.00 0.00 0.00 0.00 0.00 0.00
6.78 6.78 6.78 6.78 6.67 6.67 6.67 6.67 6.67 6.67 6.67 6.67 6.78 5.90 5.90 5.90 5.60 5.60 5.60 5.60 5.60 5.60 5.60 5.60 5.59 5.59 5.59 3.09 5.50 5.60 5.60 5.60 4.22 4.22 4.22 4.22 4.21 4.21 4.21 4.67 3.32 3.96 4.18 4.18 4.38 4.16 4.16 4.16 3.57 3.57 3.57 3.57 3.55 2.80 2.80 3.02 3.02 3.52 3.52 3.63 0.00 0.00 0.00 0.00 0.00 0.00 0.00 0.00 0.00 0.00 0.00 0.00 0.00 0.00 0.00 0.00 0.00 0.00 0.00 0.00 0.00 0.00 0.00 0.00
6.78 6.78 6.78 6.78 6.67 6.67 6.67 6.67 6.67 6.67 6.67 6.67 6.78 5.90 5.90 5.90 5.60 6.03 6.03 6.56 5.60 5.60 5.60 5.60 5.59 5.59 5.59 3.09 3.09 5.60 5.60 5.60 4.22 4.22 4.22 4.22 4.21 4.21 4.08 4.89 4.18 3.32 4.18 4.41 3.85 3.40 4.16 4.16 3.57 3.57 3.57 3.57 3.55 3.02 2.41 5.26 5.04 4.59 0.00 0.00 0.00 0.00 0.00 0.00 0.00 0.00 0.00 0.00 0.00 0.00 0.00 0.00 0.00 0.00 0.00 0.00 0.00 0.00 0.00 0.00 0.00 0.00 0.00 0.00
6.70 6.70 6.70 6.70 6.72 6.72 6.72 6.72 6.82 6.82 6.82 6.82 6.81 5.92 5.92 7.02 6.15 5.54 5.54 5.96 5.58 5.58 6.01 5.58 5.63 5.63 5.63 3.09 3.09 5.89 6.46 6.46 4.69 4.28 4.28 4.28 4.27 4.27 3.40 3.63 4.24 4.24 4.24 4.47 4.26 4.14 4.43 4.20 3.60 2.71 2.80 3.60 2.80 4.99 5.47 2.51 2.31 1.18 0.00 0.00 0.00 0.00 0.00 0.00 0.00 0.00 0.00 0.00 0.00 0.00 0.00 0.00 0.00 0.00 0.00 0.00 0.00 0.00 0.00 0.00 0.00 0.00 0.00 0.00
6.70 6.70 6.70 6.70 6.72 6.72 6.72 6.72 6.82 6.82 6.82 6.82 6.81 5.92 6.50 5.92 5.54 5.54 5.54 5.54 5.58 5.58 5.58 5.58 6.06 6.06 5.63 3.09 3.09 4.38 5.23 8.41 4.69 3.68 4.91 4.69 4.27 4.27 4.50 3.32 3.46 4.24 4.24 4.24 3.62 3.42 4.20 4.20 2.80 2.71 2.80 2.96 5.99 2.89 1.86 3.24 0.90 0.00 0.00 0.00 0.00 0.00 0.00 0.00 0.00 0.00 0.00 0.00 0.00 0.00 0.00 0.00 0.00 0.00 0.00 0.00 0.00 0.00 0.00 0.00 0.00 0.00 0.00 0.00
6.70 6.70 6.70 6.70 6.72 6.72 6.72 6.72 6.82 6.82 6.82 6.82 5.92 6.99 5.92 6.50 5.54 5.54 5.54 5.54 5.58 5.58 5.58 6.01 5.63 5.63 6.06 5.63 5.66 5.89 5.66 9.35 7.26 3.41 4.69 4.69 4.68 4.27 7.48 7.02 6.61 3.58 3.40 4.24 1.58 3.67 4.60 4.20 2.80 2.80 2.96 5.66 0.00 0.00 0.00 0.00 0.00 0.00 0.00 0.00 0.00 0.00 0.00 0.00 0.00 0.00 0.00 0.00 0.00 0.00 0.00 0.00 0.00 0.00 0.00 0.00 0.00 0.00 0.00 0.00 0.00 0.00 0.00 0.00
6.70 6.70 6.70 6.70 6.72 6.72 6.72 6.72 6.82 6.82 6.82 6.82 5.92 6.40 5.92 5.92 6.09 5.54 5.54 5.54 5.58 5.58 6.01 5.58 5.63 5.63 5.63 5.63 5.66 6.10 6.10 4.95 4.53 4.75 4.76 4.69 4.53 4.53 0.90 6.84 4.52 4.53 4.53 8.27 1.35 3.17 3.67 5.05 3.60 5.96 5.96 0.00 0.00 0.00 0.00 0.00 0.00 0.00 0.00 0.00 0.00 0.00 0.00 0.00 0.00 0.00 0.00 0.00 0.00 0.00 0.00 0.00 0.00 0.00 0.00 0.00 0.00 0.00 0.00 0.00 0.00 0.00 0.00 0.00
6.78 6.78 5.61 5.61 6.83 6.83 6.83 6.83 6.79 6.79 6.79 6.79 5.90 5.90 5.90 5.90 5.88 5.47 5.47 5.47 5.55 5.55 5.55 5.55 5.59 5.59 5.59 5.59 5.65 5.65 5.65 5.65 2.98 2.94 4.75 7.55 3.47 2.94 3.24 6.63 4.75 4.75 4.53 4.53 4.75 6.80 4.75 4.98 4.36 5.99 0.00 0.00 0.00 0.00 0.00 0.00 0.00 0.00 0.00 0.00 0.00 0.00 0.00 0.00 0.00 0.00 0.00 0.00 0.00 0.00 0.00 0.00 0.00 0.00 0.00 0.00 0.00 0.00 0.00 0.00 0.00 0.00 0.00 0.00
6.78 6.78 6.78 5.61 5.61 6.83 6.83 6.83 6.79 6.79 7.31 6.50 6.41 6.41 5.90 5.90 5.47 5.47 5.47 5.47 5.55 5.55 6.02 5.55 5.59 5.59 5.59 5.59 5.65 5.65 5.65 5.65 4.52 4.93 3.00 4.98 3.84 3.70 3.85 7.06 4.75 4.75 4.75 4.75 1.80 3.90 1.13 4.53 6.07 0.00 0.00 0.00 0.00 0.00 0.00 0.00 0.00 0.00 0.00 0.00 0.00 0.00 0.00 0.00 0.00 0.00 0.00 0.00 0.00 0.00 0.00 0.00 0.00 0.00 0.00 0.00 0.00 0.00 0.00 0.00 0.00 0.00 0.00 0.00
7.16 7.16 7.16 7.16 7.21 7.21 6.31 6.31 7.32 7.16 7.16 6.28 6.18 6.18 6.18 6.18 6.11 6.11 6.11 6.11 6.19 6.19 6.19 6.19 6.24 6.24 6.24 6.24 6.30 6.30 6.30 6.30 4.49 4.72 4.81 8.12 3.80 4.70 5.38 4.16 5.06 4.84 4.68 5.06 4.18 4.12 3.48 4.61 0.00 0.00 0.00 0.00 0.00 0.00 0.00 0.00 0.00 0.00 0.00 0.00 0.00 0.00 0.00 0.00 0.00 0.00 0.00 0.00 0.00 0.00 0.00 0.00 0.00 0.00 0.00 0.00 0.00 0.00 0.00 0.00 0.00 0.00 0.00 0.00
7.16 7.16 7.16 6.31 6.31 6.31 6.31 6.31 6.31 6.31 7.16 6.28 6.18 6.18 6.18 6.18 6.11 6.11 6.11 6.11 6.19 6.19 6.19 6.19 6.24 6.24 6.24 6.24 6.30 6.30 6.30 6.30 4.49 4.49 4.49 4.49 4.47 4.47 4.47 4.47 4.89 3.67 3.48 1.21 3.67 3.44 4.61 0.98 0.00 0.00 0.00 0.00 0.00 0.00 0.00 0.00 0.00 0.00 0.00 0.00 0.00 0.00 0.00 0.00 0.00 0.00 0.00 0.00 0.00 0.00 0.00 0.00 0.00 0.00 0.00 0.00 0.00 0.00 0.00 0.00 0.00 0.00 0.00 0.00
7.15 6.31 6.31 6.31 6.31 6.54 6.31 6.31 6.31 6.31 5.44 6.44 5.44 6.13 6.13 6.13 6.17 6.17 6.17 6.17 6.20 6.20 6.20 6.20 6.22 6.22 6.69 6.69 6.27 6.27 6.27 6.27 4.44 4.75 4.44 4.44 4.40 4.40 4.40 4.40 4.38 4.91 4.38 3.86 1.19 1.66 3.70 4.61 0.00 0.00 0.00 0.00 0.00 0.00 0.00 0.00 0.00 0.00 0.00 0.00 0.00 0.00 0.00 0.00 0.00 0.00 0.00 0.00 0.00 0.00 0.00 0.00 0.00 0.00 0.00 0.00 0.00 0.00 0.00 0.00 0.00 0.00 0.00 0.00
6.31 6.31 6.31 6.31 6.31 6.31 6.31 6.54 6.31 6.31 6.97 5.44 5.19 6.13 6.13 6.13 6.17 6.17 6.17 6.17 6.20 6.20 6.20 6.20 6.22 6.22 6.69 6.22 6.27 6.27 6.27 6.92 3.57 4.44 4.44 4.44 4.40 4.40 4.40 4.40 4.38 4.38 4.69 4.38 4.04 4.32 4.54 4.26 5.93 4.35 2.32 0.00 0.00 0.00 0.00 0.00 0.00 0.00 0.00 0.00 0.00 0.00 0.00 0.00 0.00 0.00 0.00 0.00 0.00 0.00 0.00 0.00 0.00 0.00 0.00 0.00 0.00 0.00 0.00 0.00 0.00 0.00 0.00 0.00
6.31 6.31 6.31 6.31 6.31 6.31 6.31 6.31 6.31 6.31 5.44 6.09 6.13 6.13 6.13 6.13 6.17 6.17 6.17 6.17 6.20 6.20 6.20 6.20 6.22 6.22 6.22 6.22 6.27 6.27 6.75 6.27 3.57 4.44 4.75 4.44 4.40 4.40 4.15 4.40 4.38 4.38 4.38 4.38 4.38 4.38 4.38 4.38 2.96 4.35 4.35 2.32 2.32 0.00 0.00 0.00 0.00 0.00 0.00 0.00 0.00 0.00 0.00 0.00 0.00 0.00 0.00 0.00 0.00 0.00 0.00 0.00 0.00 0.00 0.00 0.00 0.00 0.00 0.00 0.00 0.00 0.00 0.00 0.00
6.31 6.31 6.31 6.31 6.31 6.31 6.31 6.54 6.31 6.31 5.44 6.09 6.13 6.13 6.13 6.13 6.17 6.17 6.17 6.17 6.20 6.20 6.20 6.20 6.22 6.22 6.22 6.22 6.27 6.27 6.27 6.27 4.44 4.44 4.44 4.44 4.40 4.40 4.70 4.40 4.38 4.38 4.38 4.38 4.38 4.38 4.68 4.38 3.79 2.73 4.35 4.35 5.95 2.32 0.00 0.00 0.00 0.00 0.00 0.00 0.00 0.00 0.00 0.00 0.00 0.00 0.00 0.00 0.00 0.00 0.00 0.00 0.00 0.00 0.00 0.00 0.00 0.00 0.00 0.00 0.00 0.00 0.00 0.00
6.31 6.31 6.31 6.54 6.31 6.31 6.31 6.31 6.31 5.44 6.11 6.69 6.21 6.21 6.21 6.21 6.21 6.21 6.21 6.21 6.21 7.11 6.68 6.68 6.70 6.85 6.22 6.22 6.22 6.22 6.69 6.69 4.67 4.37 4.37 4.37 4.64 4.34 4.34 4.34 4.32 4.62 4.32 4.32 4.32 4.32 4.32 4.32 3.52 2.73 2.81 2.87 4.81 4.35 5.89 5.89 0.00 0.00 0.00 0.00 0.00 0.00 0.00 0.00 0.00 0.00 0.00 0.00 0.00 0.00 0.00 0.00 0.00 0.00 0.00 0.00 0.00 0.00 0.00 0.00 0.00 0.00 0.00 0.00
6.31 6.31 6.31 6.54 6.31 6.31 6.31 6.31 7.31 7.00 7.00 7.00 6.26 6.21 6.21 6.21 6.21 6.21 6.21 6.21 6.21 6.21 6.21 6.21 6.22 6.85 6.85 6.22 6.22 6.22 6.22 6.22 4.37 4.37 4.37 4.37 4.34 4.34 4.34 4.34 4.32 4.32 4.32 4.32 4.32 4.32 4.32 4.32 3.52 3.52 3.52 2.96 3.19 3.71 3.48 3.48 3.41 5.89 0.00 0.00 0.00 0.00 0.00 0.00 0.00 0.00 0.00 0.00 0.00 0.00 0.00 0.00 0.00 0.00 0.00 0.00 0.00 0.00 0.00 0.00 0.00 0.00 0.00 0.00
6.31 6.31 6.31 6.31 6.31 6.31 6.31 7.28 7.31 7.00 7.00 7.00 6.21 6.26 6.21 6.21 6.21 6.21 6.21 6.21 6.21 6.21 6.21 6.21 6.69 6.22 6.85 6.85 6.84 6.22 6.22 6.22 4.37 4.37 4.37 4.37 4.34 4.34 4.34 4.34 4.32 4.32 4.32 4.32 4.32 4.32 4.32 4.32 3.52 3.52 3.52 3.52 2.66 2.73 3.48 3.48 3.41 3.41 3.41 7.04 0.00 0.00 0.00 0.00 0.00 0.00 0.00 0.00 0.00 0.00 0.00 0.00 0.00 0.00 0.00 0.00 0.00 0.00 0.00 0.00 0.00 0.00 0.00 0.00
6.31 6.31 6.31 6.31 6.31 6.31 6.31 7.28 7.00 7.00 7.00 7.00 7.13 6.21 6.21 6.21 6.21 6.21 6.21 6.21 6.21 6.21 6.21 6.21 6.69 6.70 6.70 6.98 6.98 6.84 6.22 6.22 4.37 4.37 4.37 4.37 4.34 4.34 4.34 4.34 4.32 4.32 4.32 4.32 4.32 4.32 4.32 4.32 3.52 3.52 3.52 3.75 3.48 3.48 3.48 3.48 3.41 3.41 3.41 3.41 7.01 0.00 0.00 0.00 0.00 0.00 0.00 0.00 0.00 0.00 0.00 0.00 0.00 0.00 0.00 0.00 0.00 0.00 0.00 0.00 0.00 0.00 0.00 0.00
6.31 6.31 6.31 6.31 6.31 6.31 6.31 7.32 6.21 6.21 6.21 6.21 6.26 6.26 5.44 6.26 6.20 6.20 6.20 6.20 6.20 6.20 6.20 6.20 6.22 6.22 6.84 7.76 6.41 6.22 6.22 6.22 4.37 4.37 4.37 4.37 4.35 4.35 4.35 4.35 4.34 4.34 4.34 4.34 4.31 4.31 4.31 4.31 3.46 3.46 3.46 3.46 3.44 3.44 3.44 3.44 3.43 3.43 3.43 2.66 6.05 0.00 0.00 0.00 0.00 0.00 0.00 0.00 0.00 0.00 0.00 0.00 0.00 0.00 0.00 0.00 0.00 0.00 0.00 0.00 0.00 0.00 0.00 0.00
6.31 6.31 6.31 6.31 6.31 6.31 6.31 6.31 6.21 6.21 6.21 6.21 6.26 6.26 6.26 6.26 6.20 6.20 6.20 6.20 6.20 6.20 6.20 6.20 6.22 6.69 6.69 6.22 6.69 6.22 6.69 6.69 4.37 4.37 4.37 4.37 4.35 4.35 4.35 4.35 4.34 4.34 4.34 4.34 4.31 4.31 4.31 4.31 3.46 3.46 3.46 3.46 3.44 3.44 3.44 3.44 3.43 3.43 2.66 4.35 0.00 0.00 0.00 0.00 0.00 0.00 0.00 0.00 0.00 0.00 0.00 0.00 0.00 0.00 0.00 0.00 0.00 0.00 0.00 0.00 0.00 0.00 0.00 0.00
