New_Model_Runs/5_FutureClimate_BASE_out/post_prcessed_with_MFR/Monthly_summaries/net_infiltration_monthly_MAY.asc
NCOLS 700
NROWS 400
XLLCENTER 515000.000000
YLLCENTER 8409000.000000
CELLSIZE 50.000000
NODATA_value -999.000000
[rows 304 to 341 of 400, columns 168 to 251 of 700]
7.51 3.68 3.86 3.65 3.68 3.23 6.86 3.42 3.62 3.84 4.06 4.04 4.31 3.84 4.31 4.31 4.31 4.53 3.83 4.56 3.83 5.01 4.78 4.53 5.10 5.10 5.33 4.17 7.35 4.88 4.88 4.42 4.42 4.42 4.42 4.42 4.64 4.17 4.40 4.17 5.06 8.67 8.47 8.69 7.76 7.77 5.06 4.13 4.35 5.51 4.58 4.80 5.29 5.02 4.83 4.14 4.20 4.43 4.41 8.49 4.43 4.87 4.87 5.10 5.32 5.09 4.87 4.87 5.10 4.86 4.64 7.83 7.45 3.81 4.63 7.68 1.52 3.79 3.80 4.91 5.36 6.26 5.30 5.13
7.05 7.71 4.34 3.23 3.68 3.46 3.23 6.86 3.62 3.84 4.08 3.81 4.06 4.31 4.56 4.31 4.31 3.83 4.28 4.35 5.01 5.01 4.31 4.53 4.87 4.17 4.40 7.58 3.95 5.10 4.88 4.90 4.90 4.90 4.42 4.90 4.42 4.17 5.33 5.34 5.27 4.84 5.05 5.32 4.63 8.21 8.45 8.22 5.61 8.21 7.76 7.77 7.77 8.69 7.54 7.54 7.83 8.05 8.51 9.17 7.83 4.20 4.87 5.10 5.32 5.09 4.87 5.09 5.10 4.43 8.05 8.95 4.95 3.82 4.95 4.63 4.93 3.80 4.91 5.13 5.36 5.59 5.59 5.13
4.10 7.42 3.54 3.65 3.40 3.65 1.16 4.79 3.12 3.76 3.53 3.78 4.01 3.96 3.96 4.18 4.23 4.23 3.42 3.64 4.46 4.71 4.23 3.96 4.41 4.63 3.65 7.05 4.90 3.65 3.52 4.67 4.67 4.67 4.67 4.67 4.67 4.67 4.67 4.63 4.85 4.64 4.67 4.83 5.06 4.51 4.51 4.29 5.09 4.74 4.73 4.06 7.24 4.85 7.45 7.45 1.48 4.13 5.80 3.06 2.23 7.75 8.33 8.11 4.52 4.48 3.72 3.68 4.90 7.82 7.52 4.70 4.79 4.42 4.42 4.42 4.65 4.42 4.87 5.42 5.20 4.39 4.39 4.97
3.46 3.24 7.09 1.84 3.69 3.52 3.94 1.61 6.97 3.57 3.76 3.76 3.78 4.23 4.18 4.46 4.46 4.23 3.96 4.23 4.46 4.46 3.96 4.23 4.45 3.88 3.65 8.30 4.90 3.65 4.67 4.67 4.67 4.67 4.67 4.90 4.90 4.67 4.67 4.67 5.14 3.84 4.86 4.64 4.60 4.38 4.60 4.99 5.77 5.09 5.28 4.05 3.61 3.84 5.08 3.61 1.48 4.36 5.12 5.70 4.36 4.36 4.35 7.75 7.54 8.11 7.82 7.30 3.68 3.68 8.11 8.42 8.64 7.12 3.51 3.74 3.74 4.65 4.39 4.62 3.94 3.93 4.16 4.87
3.88 3.63 7.03 3.91 4.33 3.65 3.75 1.59 4.82 3.57 3.60 3.60 3.78 4.18 4.46 4.23 3.96 4.23 4.23 4.23 4.46 4.18 3.96 4.18 4.18 4.90 5.13 8.08 4.45 4.67 4.67 4.67 4.18 4.18 4.18 4.90 4.89 4.67 4.67 3.65 3.84 4.05 3.82 4.64 4.64 4.38 4.38 4.83 4.83 4.43 3.60 3.84 1.45 5.08 7.46 4.08 3.75 4.48 4.48 4.48 4.48 4.48 4.70 4.80 4.75 4.80 4.80 4.80 4.48 4.48 4.48 4.69 3.74 4.42 8.05 7.14 7.36 7.59 7.34 7.57 7.34 3.93 4.87 4.64
3.63 3.24 3.24 7.32 4.10 3.65 3.49 3.49 0.97 7.22 4.02 3.98 3.78 4.23 4.23 4.26 4.26 4.23 4.23 3.96 3.19 3.96 3.96 4.18 4.18 4.41 7.50 3.65 4.67 4.67 4.67 4.67 4.18 4.18 4.18 4.18 4.18 4.67 4.89 3.88 4.64 4.38 5.09 4.86 4.64 4.38 4.38 4.38 4.38 4.38 4.38 4.06 1.68 8.69 3.82 4.60 4.48 4.48 4.80 4.48 4.48 4.48 4.48 4.47 4.98 5.21 4.85 4.80 4.80 4.72 4.72 4.47 3.49 4.42 4.42 4.55 5.06 3.72 3.94 5.20 7.80 7.79 7.56 7.57
4.10 3.46 3.24 6.87 3.03 3.65 3.63 3.46 3.91 7.60 4.02 4.25 4.18 4.18 4.23 4.23 4.48 4.48 4.48 3.96 4.23 3.96 4.18 3.42 4.41 8.30 3.88 4.10 4.63 4.67 4.74 4.67 4.18 4.18 4.18 4.18 4.18 3.43 3.43 4.89 4.85 4.85 4.64 4.64 4.84 4.38 4.41 4.38 4.38 4.38 4.60 5.06 8.72 4.84 5.06 5.06 4.48 4.96 4.80 4.80 4.80 5.02 4.69 4.47 4.11 4.34 4.78 4.47 4.75 4.72 4.84 4.75 4.42 4.79 4.74 5.01 5.05 4.76 4.99 4.76 5.05 5.20 5.20 4.97
3.24 3.69 3.65 3.01 7.11 3.94 4.10 3.03 4.05 1.64 4.87 3.82 4.68 4.46 4.23 3.96 4.23 4.23 4.48 3.96 4.23 3.42 3.64 7.72 8.53 4.67 3.88 4.67 4.90 4.67 4.90 4.67 4.67 4.18 4.67 4.67 4.67 4.18 4.67 4.67 4.85 4.85 4.85 4.85 4.84 4.38 4.38 4.38 4.38 4.38 4.38 8.01 8.26 4.84 4.84 4.84 4.80 4.96 4.96 4.47 4.75 4.98 4.75 4.75 4.47 4.98 4.98 4.75 4.75 4.72 4.75 4.75 4.76 4.76 4.74 4.74 4.42 4.76 4.76 4.74 4.97 5.20 4.74 4.74
3.85 3.88 3.40 3.65 5.01 4.39 3.69 3.03 3.98 3.60 4.82 7.20 3.87 4.41 4.23 3.96 4.23 4.23 4.23 4.23 4.23 3.87 7.50 4.68 4.90 4.45 4.67 4.67 4.67 4.67 4.67 4.67 4.18 4.67 4.67 4.67 4.66 4.66 4.66 4.66 4.93 4.94 4.83 4.83 4.83 4.38 4.38 4.38 4.38 4.38 4.38 8.01 4.83 4.83 4.83 4.83 4.75 4.75 4.67 4.47 5.23 5.68 4.69 4.47 2.85 2.85 5.10 4.70 4.69 4.75 4.75 4.75 4.74 4.74 4.78 4.74 4.74 5.09 4.42 4.42 4.46 4.97 4.42 4.97
3.40 3.88 3.26 6.66 3.26 3.71 3.69 3.71 3.80 3.80 3.37 7.22 4.09 4.41 4.46 4.23 3.96 3.96 3.96 4.23 4.23 7.27 7.86 4.46 3.65 3.65 4.18 4.18 4.18 4.18 4.18 4.18 4.18 4.67 4.67 4.67 4.66 4.66 4.66 4.30 4.42 4.41 4.41 4.38 4.38 4.38 4.38 4.38 4.38 4.38 4.38 8.01 4.64 4.83 4.92 4.83 4.75 4.75 4.67 2.85 2.85 2.85 2.85 2.85 2.85 2.85 4.70 4.70 4.69 2.85 4.75 4.75 4.74 4.42 4.42 4.74 4.74 5.03 4.42 4.42 4.42 3.49 4.42 4.64
3.24 3.77 7.09 3.01 3.40 3.65 3.65 3.88 4.24 4.01 3.11 3.11 7.04 4.93 4.46 4.23 4.23 3.19 3.19 4.18 4.18 7.04 4.46 4.46 4.45 4.45 4.18 4.18 4.18 4.18 4.18 4.18 4.18 4.67 4.67 4.18 4.18 4.18 4.18 4.66 4.83 4.83 4.38 4.38 4.38 4.38 4.38 4.38 4.38 4.38 4.38 8.01 4.38 4.64 4.09 4.83 4.67 4.67 4.67 2.85 2.85 2.85 2.85 2.85 2.85 2.85 4.70 2.85 3.32 4.97 4.75 4.69 4.74 4.42 4.42 4.97 5.20 4.97 4.74 4.74 4.42 4.42 4.74 4.42
3.22 7.42 4.10 3.88 3.65 3.40 3.40 3.65 4.46 4.46 4.01 3.82 6.82 4.18 4.68 4.46 4.46 3.42 3.19 4.64 4.09 7.27 4.18 4.18 4.90 4.67 4.18 4.18 4.18 4.18 4.18 4.18 4.18 4.18 4.18 4.18 4.18 4.18 4.18 4.18 4.38 4.38 4.38 4.38 4.38 4.38 4.38 4.38 4.64 4.83 4.60 8.01 4.38 4.38 4.83 4.83 4.75 4.67 4.67 4.67 4.70 4.70 4.70 4.70 4.70 4.70 4.70 2.85 2.85 4.69 4.69 4.95 5.01 4.74 4.74 4.97 5.42 5.20 4.97 4.74 4.74 4.74 4.74 4.42
6.87 3.01 4.10 3.92 4.10 3.65 3.40 3.63 3.60 7.22 7.20 7.04 7.05 7.81 3.64 4.46 3.42 4.41 4.18 4.10 6.11 4.46 4.23 3.87 4.11 4.41 4.18 4.18 4.18 4.18 4.18 4.18 4.18 4.18 4.63 4.18 4.18 4.18 4.18 4.18 4.48 4.38 4.38 4.38 4.38 4.38 4.38 4.38 4.60 4.76 7.68 4.38 4.38 4.78 4.78 4.78 4.48 4.75 4.67 4.67 4.74 4.74 4.74 4.74 4.74 4.74 4.74 4.74 4.70 2.85 2.85 2.85 4.99 4.71 4.74 4.97 4.02 5.20 4.87 4.42 4.42 4.42 4.74 4.64
6.89 3.65 3.46 3.49 4.10 3.65 3.63 3.01 6.77 3.37 4.02 3.64 3.64 7.27 4.18 3.42 4.10 4.10 4.91 4.65 7.72 4.68 4.46 4.91 4.33 4.41 4.18 4.18 4.18 4.18 4.18 4.18 4.18 4.66 4.66 4.66 4.63 4.18 4.63 4.63 4.80 4.80 4.38 4.38 4.38 4.41 4.38 4.38 4.83 5.09 8.26 4.38 4.78 4.78 4.78 4.78 4.47 4.67 4.94 4.67 4.74 4.74 4.74 4.74 4.74 4.74 4.74 4.74 4.70 4.70 4.70 2.85 2.68 4.99 4.74 4.74 5.20 5.55 4.87 4.42 4.97 5.20 4.97 4.74
4.55 4.33 3.69 3.88 3.65 4.33 3.71 7.11 3.53 3.76 3.82 1.58 4.41 3.64 6.82 3.64 4.09 4.68 4.91 7.72 4.64 4.68 3.96 4.46 4.63 4.41 4.18 4.18 4.67 4.18 4.18 4.18 4.18 4.73 4.66 4.66 4.63 4.63 4.63 5.04 4.80 4.09 4.09 4.38 4.38 4.38 4.09 4.09 4.60 4.38 8.30 4.83 4.78 4.64 4.38 4.79 4.67 4.67 4.67 4.67 4.74 4.74 4.74 4.74 4.74 4.74 4.74 4.74 4.70 4.70 4.70 4.70 2.68 4.71 4.71 4.71 4.97 4.87 4.87 4.42 4.64 4.64 4.97 4.74
4.19 4.19 1.16 3.46 3.46 3.71 7.32 3.49 3.76 3.53 3.53 3.96 3.42 3.64 7.05 3.42 3.42 4.68 5.66 7.50 3.87 4.64 4.18 3.96 4.18 4.27 4.67 4.67 4.67 4.18 4.18 4.18 4.18 4.66 4.66 4.66 4.63 4.63 3.06 4.45 4.09 4.09 4.09 4.80 4.82 4.82 4.09 4.09 4.38 8.01 3.61 3.11 4.38 4.64 4.37 4.79 4.67 4.67 4.67 4.67 4.74 4.74 4.47 4.47 4.74 4.74 4.74 4.74 4.70 4.70 4.70 4.96 4.71 4.71 4.71 4.71 4.73 4.42 4.74 4.42 4.42 4.64 4.42 4.74
4.14 3.69 3.46 3.24 6.87 6.89 3.85 3.88 3.53 3.53 3.96 3.96 3.19 4.49 3.42 6.82 4.68 3.64 5.20 3.64 4.09 3.64 3.96 3.96 4.18 4.45 4.67 4.67 4.18 4.18 4.18 4.18 4.18 4.63 4.63 4.18 4.18 4.60 4.18 4.18 4.38 4.38 4.09 4.80 4.83 4.09 4.09 4.09 4.09 7.24 4.09 3.18 4.76 4.80 4.52 4.52 4.68 4.68 4.68 4.68 4.75 4.75 4.47 5.02 5.04 4.76 4.76 4.76 4.73 4.73 4.73 4.73 4.72 4.72 4.72 4.72 4.72 4.74 4.74 4.42 4.42 4.42 4.74 4.74
3.92 1.81 7.32 7.25 3.63 3.63 3.63 3.40 3.53 3.53 3.19 3.96 4.23 4.94 3.19 6.82 7.27 6.82 7.04 3.87 4.94 4.46 4.23 3.96 4.45 4.45 4.45 4.18 4.18 4.18 4.45 4.45 4.45 4.45 4.18 4.18 4.18 4.18 4.02 4.18 4.09 4.38 4.38 3.11 3.11 3.11 3.11 3.11 3.11 7.72 4.81 4.81 4.76 4.76 4.52 4.52 4.95 4.68 4.68 4.68 4.75 4.99 5.01 5.02 5.04 5.04 4.76 4.76 4.73 4.73 4.73 4.73 4.72 4.72 4.42 4.74 4.74 4.74 4.42 4.72 4.74 4.42 4.74 4.74
5.06 9.14 8.23 4.90 5.13 4.61 1.49 4.29 3.08 3.35 3.72 3.72 4.01 2.42 3.88 2.98 6.61 4.01 6.83 4.94 4.48 3.72 3.72 3.72 3.94 3.94 3.94 3.94 3.94 3.94 3.94 3.94 4.42 3.94 3.94 3.94 3.94 3.84 3.84 3.94 4.51 4.51 4.51 3.11 3.11 3.32 3.11 4.09 4.09 4.09 7.66 4.09 3.11 4.56 4.35 4.35 4.43 4.43 4.43 4.43 4.48 4.48 4.72 4.72 4.73 4.73 4.73 4.49 4.48 4.48 4.48 4.48 4.47 4.47 4.47 4.41 4.41 4.41 4.04 4.69 4.69 4.46 4.46 4.46
8.69 8.69 4.74 4.52 1.95 4.38 4.29 3.89 3.35 3.35 3.72 3.72 3.72 3.88 7.06 6.61 3.43 4.24 6.60 4.48 4.48 3.72 3.72 3.72 3.94 3.94 3.94 4.24 3.94 4.24 4.45 4.45 4.42 3.94 3.94 3.94 4.38 3.84 3.84 4.66 4.60 4.22 4.22 4.22 4.22 4.09 4.09 4.09 4.09 4.09 7.72 3.11 3.11 4.63 4.35 4.35 4.43 4.43 4.43 4.43 4.48 4.48 4.11 4.11 4.73 4.73 4.73 4.49 4.66 4.11 4.48 4.48 4.73 4.73 4.47 4.47 4.04 4.04 4.04 4.63 4.46 4.46 4.46 4.46
8.46 3.08 5.35 4.45 4.97 4.97 4.32 4.29 2.97 3.44 4.17 3.72 4.17 3.88 7.51 3.88 3.66 3.65 6.83 3.20 4.17 3.94 3.72 3.72 3.94 4.24 4.24 4.24 4.24 4.43 4.43 4.43 4.38 4.38 3.94 3.94 4.36 4.36 3.94 3.94 4.22 4.22 4.22 4.22 4.22 4.22 4.22 4.22 4.61 4.61 4.82 6.96 3.34 4.58 4.58 4.37 4.42 4.42 4.42 4.42 4.48 4.48 4.71 4.71 4.74 4.11 4.11 4.11 4.11 4.11 4.47 4.47 4.48 4.48 4.48 4.04 4.04 4.04 4.27 4.27 4.41 4.46 4.46 4.46
7.76 8.44 5.04 4.90 4.90 5.35 4.45 4.19 2.99 3.43 4.17 4.01 4.17 7.51 7.96 7.96 3.88 4.33 7.51 3.43 3.43 3.20 3.72 3.72 3.94 3.94 3.94 3.94 3.94 3.94 4.43 4.43 4.38 3.94 3.94 4.37 3.94 3.94 3.94 3.94 4.22 4.30 4.56 4.22 4.59 4.59 4.22 4.22 4.22 4.22 4.22 7.89 4.32 3.11 3.11 4.37 4.42 4.42 4.42 4.42 4.48 4.71 4.71 4.71 4.74 4.11 4.11 4.11 4.11 4.11 4.47 4.47 4.74 4.48 4.48 4.05 4.04 4.47 4.69 4.04 4.04 4.46 4.46 4.46
0.00 3.37 7.99 4.36 4.36 4.36 3.91 4.61 3.42 3.43 3.72 7.34 8.09 4.78 4.79 5.07 7.51 7.80 7.74 3.65 3.72 3.20 3.72 3.72 3.94 3.94 3.94 3.94 4.43 4.43 4.43 4.43 4.38 4.38 4.37 4.37 4.36 3.94 3.94 3.94 4.56 4.56 4.56 4.56 4.59 4.59 4.59 4.22 4.22 4.22 4.51 8.14 4.60 3.11 4.58 4.58 4.42 4.42 4.42 4.42 4.48 4.48 4.71 4.71 4.74 4.11 4.11 4.11 4.11 4.47 4.73 4.47 4.48 4.48 4.04 4.04 4.47 4.04 4.41 4.47 4.04 4.64 4.63 4.63
0.00 0.00 3.37 7.56 7.56 7.56 7.76 7.76 3.64 7.28 6.83 7.06 3.88 5.82 4.33 3.72 4.33 7.51 3.43 4.46 3.72 3.72 3.72 3.72 3.94 3.94 3.94 3.94 3.94 4.43 4.43 4.43 4.38 4.38 4.38 4.38 3.94 4.24 4.22 4.16 4.35 4.35 4.35 4.35 4.38 4.59 4.59 4.22 4.22 4.22 4.74 7.34 4.22 4.22 4.58 4.58 4.42 4.42 4.42 4.42 4.48 4.48 4.48 4.71 4.74 4.74 0.00 4.74 4.47 4.47 4.47 4.47 4.48 4.70 4.04 4.04 4.47 4.47 4.47 4.04 4.04 4.04 4.29 4.41
0.00 0.00 0.00 0.00 0.00 0.00 0.00 0.00 6.82 6.83 2.98 2.98 4.69 4.24 3.72 4.01 4.46 4.46 3.20 3.94 4.25 4.01 3.72 3.72 3.94 3.94 4.01 3.94 3.94 4.37 4.37 4.37 4.32 4.32 4.32 3.94 4.34 4.34 4.15 4.15 4.36 4.36 4.36 4.36 4.36 4.36 4.57 4.57 4.58 4.60 4.44 7.34 4.52 4.60 4.60 4.60 4.64 4.42 4.42 4.42 4.46 4.46 4.46 4.69 4.48 0.00 0.00 0.00 4.47 4.47 0.00 0.00 0.00 4.50 4.71 4.04 4.04 4.04 4.47 4.04 4.04 4.27 4.27 4.04
0.00 0.00 0.00 0.00 0.00 0.00 0.00 0.00 0.00 0.00 2.66 2.98 3.43 3.66 3.94 3.72 4.01 4.01 3.94 3.20 3.72 4.01 3.72 3.72 3.94 3.94 3.94 4.44 4.37 4.37 4.37 4.37 4.32 4.32 4.32 4.32 4.34 4.34 4.34 4.34 4.22 4.22 4.57 4.36 4.36 4.36 4.57 4.57 4.65 4.58 4.68 4.60 8.14 4.60 4.60 4.60 4.64 4.42 4.42 4.42 4.46 4.46 4.46 4.46 4.48 0.00 0.00 0.00 0.00 0.00 0.00 0.00 0.00 0.00 0.00 4.50 4.04 4.47 4.47 4.04 4.41 4.04 4.27 4.04
0.00 0.00 0.00 0.00 0.00 0.00 0.00 0.00 0.00 0.00 2.67 2.67 2.67 3.94 4.24 3.72 3.72 3.72 4.19 4.19 4.19 4.19 4.01 3.72 3.94 3.94 3.94 4.44 4.37 4.37 4.37 4.37 4.32 4.32 4.32 4.32 4.34 4.34 4.34 4.34 4.64 4.57 4.22 4.57 4.36 4.36 4.36 4.57 4.58 4.60 4.58 4.58 8.14 4.60 4.60 4.60 4.64 4.64 4.42 4.42 4.46 4.46 4.46 4.46 4.48 4.73 4.48 0.00 0.00 0.00 0.00 0.00 0.00 0.00 0.00 0.00 0.00 4.70 4.47 4.04 4.04 4.04 4.05 4.04
0.00 0.00 0.00 0.00 0.00 0.00 0.00 0.00 0.00 0.00 0.00 0.00 2.44 2.44 4.24 4.24 3.72 4.01 4.19 4.19 4.25 4.25 3.72 3.72 3.94 3.84 4.40 4.44 4.37 4.37 4.37 4.37 4.32 4.32 4.32 4.32 4.34 4.34 4.34 4.34 4.57 4.57 4.21 4.36 4.36 4.57 4.36 4.36 4.37 4.60 4.60 4.58 8.14 4.51 4.60 4.66 4.64 4.64 4.42 4.42 4.46 4.46 4.46 4.46 4.48 4.48 4.48 0.00 0.00 0.00 0.00 0.00 0.00 0.00 0.00 0.00 4.69 3.32 4.41 4.41 4.41 4.41 4.07 4.04
0.00 0.00 0.00 0.00 0.00 0.00 0.00 0.00 0.00 0.00 0.00 0.00 0.00 2.44 4.05 4.05 4.01 4.01 4.25 4.25 2.67 4.25 2.67 3.72 3.94 3.84 3.84 4.38 4.31 4.31 4.37 4.31 4.36 4.17 4.17 4.17 4.23 4.23 4.23 4.23 4.43 4.43 4.43 4.43 4.42 4.42 4.42 4.42 4.37 4.59 4.37 4.37 8.12 4.51 4.51 4.56 4.71 4.64 4.64 4.64 4.69 4.46 4.46 0.00 0.00 0.00 0.00 0.00 0.00 0.00 0.00 0.00 0.00 0.00 0.00 0.00 4.49 4.49 4.86 8.49 8.26 8.08 8.08 4.04
0.00 0.00 0.00 0.00 0.00 0.00 0.00 0.00 0.00 0.00 0.00 0.00 0.00 0.00 2.84 2.44 4.00 4.00 4.06 2.67 2.67 2.67 2.67 4.01 4.38 3.84 4.38 4.38 4.31 4.31 4.31 4.31 4.17 4.17 4.17 4.17 4.23 4.23 4.23 4.23 4.43 4.43 4.43 4.43 4.42 4.42 4.42 4.42 4.37 4.37 4.37 4.37 8.12 4.49 4.49 4.56 4.64 4.64 4.64 4.64 4.69 4.69 0.00 0.00 0.00 0.00 0.00 0.00 0.00 0.00 0.00 0.00 0.00 0.00 0.00 0.00 2.48 2.93 3.77 4.86 4.27 4.45 4.45 7.67
0.00 0.00 0.00 0.00 0.00 0.00 0.00 0.00 0.00 0.00 0.00 0.00 0.00 0.00 0.00 2.44 2.44 2.44 4.26 3.23 2.44 2.44 4.06 4.06 4.18 4.18 4.38 4.44 4.31 4.31 4.31 4.31 4.17 4.17 4.17 4.17 4.23 4.23 4.23 4.23 4.43 4.43 4.43 4.43 4.42 4.42 4.42 4.42 4.37 4.37 4.37 4.37 4.35 8.12 4.49 4.35 4.64 4.64 4.64 4.64 4.69 0.00 0.00 0.00 0.00 0.00 0.00 0.00 0.00 0.00 0.00 0.00 0.00 0.00 0.00 0.00 0.00 2.70 2.48 2.48 4.41 4.45 4.45 4.45
0.00 0.00 0.00 0.00 0.00 0.00 0.00 0.00 0.00 0.00 0.00 0.00 0.00 0.00 0.00 0.00 0.00 2.44 2.44 2.44 2.44 2.44 4.06 4.06 4.18 4.18 4.38 4.38 4.31 4.31 4.31 4.12 4.17 4.17 0.00 0.00 0.00 0.00 0.00 0.00 0.00 0.00 0.00 0.00 0.00 0.00 4.42 4.42 4.37 4.37 4.37 4.37 4.35 8.12 4.49 4.35 4.64 4.64 4.64 4.71 4.69 0.00 0.00 0.00 0.00 0.00 0.00 0.00 0.00 0.00 0.00 0.00 0.00 0.00 0.00 0.00 0.00 0.00 0.00 0.00 0.00 4.45 4.69 4.45
0.00 0.00 0.00 0.00 0.00 0.00 0.00 0.00 0.00 0.00 0.00 0.00 0.00 0.00 0.00 0.00 0.00 0.00 0.00 0.00 0.00 0.00 2.44 4.04 4.16 4.16 4.16 4.36 4.35 4.35 4.16 4.16 4.20 0.00 0.00 0.00 0.00 0.00 0.00 0.00 0.00 0.00 0.00 0.00 0.00 0.00 0.00 0.00 0.00 4.63 4.42 4.42 4.32 4.32 8.12 4.32 4.36 4.58 4.58 4.58 4.65 0.00 0.00 0.00 0.00 0.00 0.00 0.00 0.00 0.00 0.00 0.00 0.00 0.00 0.00 0.00 0.00 0.00 0.00 0.00 0.00 4.46 4.68 4.46
0.00 0.00 0.00 0.00 0.00 0.00 0.00 0.00 0.00 0.00 0.00 0.00 0.00 0.00 0.00 0.00 0.00 0.00 0.00 0.00 0.00 0.00 0.00 2.44 4.16 4.16 4.16 4.16 4.16 4.16 4.16 4.16 0.00 0.00 0.00 0.00 0.00 0.00 0.00 0.00 0.00 0.00 0.00 0.00 0.00 0.00 0.00 0.00 0.00 0.00 4.42 4.42 4.32 4.32 8.12 4.49 4.37 4.36 4.36 4.36 4.43 0.00 0.00 0.00 0.00 0.00 0.00 0.00 0.00 0.00 0.00 0.00 0.00 0.00 0.00 0.00 0.00 0.00 0.00 0.00 0.00 4.68 4.46 4.68
0.00 0.00 0.00 0.00 0.00 0.00 0.00 0.00 0.00 0.00 0.00 0.00 0.00 0.00 0.00 0.00 0.00 0.00 0.00 0.00 0.00 0.00 0.00 0.00 0.00 0.00 0.00 4.29 4.28 4.28 4.28 0.00 0.00 0.00 0.00 0.00 0.00 0.00 0.00 0.00 0.00 0.00 0.00 0.00 0.00 0.00 0.00 0.00 0.00 0.00 4.63 4.44 4.35 4.35 8.69 8.69 4.42 4.42 4.42 4.42 4.48 5.16 0.00 0.00 0.00 0.00 0.00 0.00 0.00 0.00 0.00 0.00 0.00 0.00 0.00 0.00 0.00 0.00 0.00 0.00 0.00 0.00 4.38 4.57
0.00 0.00 0.00 0.00 0.00 0.00 0.00 0.00 0.00 0.00 0.00 0.00 0.00 0.00 0.00 0.00 0.00 0.00 0.00 0.00 0.00 0.00 0.00 0.00 0.00 0.00 0.00 0.00 4.28 4.28 0.00 0.00 0.00 0.00 0.00 0.00 0.00 0.00 0.00 0.00 0.00 0.00 0.00 0.00 0.00 0.00 0.00 0.00 0.00 0.00 4.44 4.44 4.35 4.35 4.35 8.69 8.39 4.42 5.16 4.42 4.48 4.48 4.48 4.48 0.00 0.00 0.00 0.00 0.00 0.00 0.00 0.00 0.00 0.00 0.00 0.00 0.00 0.00 0.00 0.00 0.00 0.00 0.00 4.57
0.00 0.00 0.00 0.00 0.00 0.00 0.00 0.00 0.00 0.00 0.00 0.00 0.00 0.00 0.00 0.00 0.00 0.00 0.00 0.00 0.00 0.00 0.00 0.00 0.00 0.00 0.00 0.00 4.33 4.33 0.00 0.00 0.00 0.00 0.00 0.00 0.00 0.00 0.00 0.00 0.00 0.00 0.00 0.00 0.00 0.00 0.00 0.00 0.00 0.00 4.43 4.43 4.32 4.32 4.32 4.32 5.16 5.16 5.16 4.38 4.46 4.46 4.46 4.46 0.00 0.00 0.00 0.00 0.00 0.00 0.00 0.00 0.00 0.00 0.00 0.00 0.00 0.00 0.00 0.00 0.00 0.00 0.00 0.00
0.00 0.00 0.00 0.00 0.00 0.00 0.00 0.00 0.00 0.00 0.00 0.00 0.00 0.00 0.00 0.00 0.00 0.00 0.00 0.00 0.00 0.00 0.00 0.00 0.00 0.00 0.00 0.00 4.25 4.33 0.00 0.00 0.00 0.00 0.00 0.00 0.00 0.00 0.00 0.00 0.00 0.00 0.00 0.00 0.00 0.00 0.00 0.00 0.00 0.00 4.43 4.43 4.32 4.32 4.32 4.32 4.38 5.16 4.38 4.38 4.46 4.46 4.46 5.16 0.00 0.00 0.00 0.00 0.00 0.00 0.00 0.00 0.00 0.00 0.00 0.00 0.00 0.00 0.00 0.00 0.00 0.00 0.00 0.00
