New_Model_Runs/5_FutureClimate_BASE_out/post_prcessed_with_MFR/Monthly_summaries/net_infiltration_monthly_APR.asc
NCOLS 700
NROWS 400
XLLCENTER 515000.000000
YLLCENTER 8409000.000000
CELLSIZE 50.000000
NODATA_value -999.000000
[rows 190 to 227 of 400, columns 168 to 251 of 700]
7.25 7.25 5.62 5.62 5.62 7.25 7.66 7.25 7.10 7.10 5.88 5.88 6.41 5.82 5.82 5.82 5.83 5.83 5.83 5.83 5.85 6.77 6.45 5.85 6.06 6.06 6.06 6.69 6.00 6.00 6.00 6.00 6.57 5.94 5.94 5.94 5.94 5.94 5.94 5.94 6.26 6.26 6.26 6.26 6.30 6.30 6.30 6.30 6.36 6.36 6.36 7.68 6.34 6.34 6.34 7.02 6.28 6.28 6.28 6.28 6.33 6.33 6.33 7.67 7.74 7.74 7.72 6.36 6.35 6.35 6.35 7.58 8.00 8.00 8.00 8.00 7.93 7.93 7.93 7.58 7.56 7.56 7.56 7.56
7.25 7.25 7.66 7.15 7.25 7.25 7.25 7.25 7.10 5.88 5.88 5.88 5.82 6.41 5.82 5.82 5.83 6.43 5.83 5.83 5.85 5.85 5.85 5.85 6.06 6.06 6.06 6.06 6.00 6.00 6.00 6.00 5.94 6.70 5.94 5.94 5.94 6.57 6.55 5.94 6.26 6.26 6.26 6.26 6.30 6.30 6.30 6.30 6.36 6.36 6.36 7.68 7.01 6.34 6.34 6.34 6.28 6.28 6.28 6.28 6.33 6.33 6.33 6.33 7.74 7.74 7.74 6.36 6.35 6.35 6.35 7.58 8.00 8.00 8.73 8.00 8.47 7.93 9.11 7.58 7.56 7.56 7.56 7.56
7.26 7.67 7.26 7.15 7.23 7.23 7.23 7.23 5.87 5.87 5.87 5.87 5.80 6.40 5.80 5.80 5.82 5.82 5.82 5.82 5.84 5.84 5.84 5.84 6.05 6.05 6.05 6.05 6.65 6.00 6.00 6.00 5.95 5.95 5.95 5.95 5.93 6.53 5.93 5.93 6.21 6.86 6.86 6.21 6.29 6.29 6.29 6.29 6.38 6.38 7.70 7.70 6.79 7.02 6.35 7.07 6.26 6.26 6.26 6.26 6.28 6.96 6.28 6.28 6.35 7.72 7.72 7.72 6.36 6.36 7.59 7.59 7.97 7.97 8.52 8.51 7.93 7.93 7.93 7.58 7.54 7.54 7.54 7.54
7.26 7.26 6.02 7.26 8.84 6.00 6.00 6.00 5.87 5.87 5.87 5.87 5.80 5.80 5.80 5.80 5.82 5.82 5.82 5.82 5.84 5.84 5.84 5.84 6.05 6.05 6.05 6.05 6.00 6.00 6.00 6.00 5.95 5.95 5.95 5.95 5.93 5.93 5.93 5.93 6.21 6.21 6.21 6.21 6.29 6.29 6.29 6.29 6.38 6.38 6.38 6.38 8.46 6.35 6.35 6.35 6.26 6.26 6.26 6.26 7.18 6.28 6.28 6.28 6.35 6.35 7.72 7.72 6.36 6.36 8.08 7.59 7.97 7.97 7.97 7.97 7.93 8.90 7.93 7.93 7.54 7.54 7.54 7.54
10.01 7.23 7.23 7.23 7.47 7.20 7.20 7.20 7.25 7.25 7.25 7.25 7.18 7.18 7.18 7.18 7.19 8.56 7.19 7.19 7.22 7.49 7.22 7.22 7.54 7.54 7.54 7.54 7.49 7.77 7.77 7.49 7.43 7.43 7.43 7.43 7.39 8.27 7.39 7.39 7.49 7.77 7.49 7.49 7.57 7.57 7.57 7.57 7.67 7.67 7.67 7.96 7.75 7.75 7.64 7.64 7.34 7.34 7.34 7.34 7.36 7.36 7.36 7.36 7.45 7.45 9.18 9.18 7.47 7.47 8.68 8.68 9.00 9.00 9.00 9.00 8.95 8.95 9.69 8.95 8.70 8.70 8.70 8.70
7.23 7.23 7.23 7.23 7.20 7.47 7.20 7.20 7.25 7.25 7.25 7.25 7.18 7.18 7.18 7.18 7.19 7.19 7.19 7.19 7.22 7.22 7.22 7.22 7.54 7.54 7.54 7.54 7.49 7.49 7.49 7.49 7.43 8.31 7.43 7.43 7.39 7.39 7.39 7.39 8.36 7.77 7.49 7.49 7.57 7.57 7.57 7.57 7.67 7.67 7.67 7.67 7.64 7.64 7.64 7.64 7.34 7.34 7.34 7.34 7.36 7.36 7.36 7.36 7.45 7.45 9.18 9.18 11.68 8.68 8.68 8.68 9.00 9.00 9.00 9.00 8.95 8.95 8.95 8.95 8.91 8.70 8.70 8.70
7.20 7.20 7.20 7.20 7.18 7.18 7.18 7.18 7.24 7.24 7.24 7.24 7.17 7.17 7.17 7.17 7.45 7.45 7.18 7.18 7.21 7.21 7.21 7.48 7.52 7.52 7.52 7.52 7.47 7.47 7.47 7.47 7.40 7.40 7.40 7.40 7.36 7.36 7.36 7.36 7.48 7.48 7.48 7.48 7.59 7.59 7.59 7.87 7.67 7.67 7.67 7.67 7.62 7.62 7.91 7.62 7.32 7.32 7.32 7.32 7.37 7.37 7.37 7.37 7.49 7.49 9.23 9.23 11.64 9.42 8.72 8.72 9.01 9.01 9.01 9.01 8.93 8.93 8.93 8.93 9.65 8.91 8.70 9.33
7.20 7.20 7.20 7.20 7.18 7.18 7.18 7.18 7.52 7.24 7.24 7.24 7.17 7.17 7.17 7.17 7.18 7.18 7.18 7.18 7.21 7.21 7.21 7.21 7.80 7.52 7.52 7.52 7.47 7.47 7.47 7.47 7.40 7.40 7.40 7.40 7.36 7.36 7.36 7.36 7.76 7.48 7.48 7.48 7.59 7.59 7.59 7.59 7.67 7.67 7.67 7.67 7.62 7.62 7.62 7.62 7.32 7.32 7.32 7.32 7.37 7.37 7.37 7.37 7.49 7.49 9.23 9.23 7.50 8.72 8.72 9.48 9.76 9.01 9.01 9.01 8.93 8.93 8.93 8.93 8.91 8.70 8.70 8.70
7.20 7.20 7.20 7.20 7.18 7.18 7.18 7.18 7.24 7.24 7.24 7.50 7.17 7.17 7.17 7.17 7.18 7.18 7.18 7.18 7.21 8.07 7.21 7.21 7.52 7.52 7.52 7.52 7.47 7.75 7.75 7.47 7.40 7.68 7.40 7.68 7.36 7.36 7.36 7.36 7.48 7.48 7.48 7.48 7.59 7.59 7.59 7.59 7.67 7.67 7.67 7.67 7.62 7.62 7.62 7.62 7.32 7.32 7.32 7.32 7.37 7.37 7.37 7.37 7.49 7.49 9.23 10.81 8.72 8.72 8.72 8.72 9.01 9.01 9.01 9.01 8.93 8.93 8.93 8.93 8.91 8.91 8.70 8.70
7.20 7.46 7.20 7.20 7.18 7.18 7.18 7.18 7.24 7.24 7.52 7.50 7.17 7.17 7.17 7.17 8.03 7.18 7.18 7.18 7.21 7.21 7.48 7.21 7.79 7.52 7.52 7.52 7.47 7.74 7.47 7.47 7.40 7.40 7.40 7.40 7.36 7.36 7.36 7.36 7.48 7.48 7.48 7.48 7.59 7.59 7.59 7.59 7.67 7.67 7.67 7.67 7.91 7.91 7.62 7.62 7.32 7.32 7.32 7.32 7.37 7.37 7.37 7.37 7.49 7.49 7.49 7.49 8.72 8.72 8.72 8.72 9.01 9.01 9.01 9.01 8.93 8.93 8.93 8.93 8.91 8.91 8.70 8.70
7.15 7.15 7.15 7.15 7.15 7.15 7.43 7.15 7.24 7.24 7.24 7.24 7.17 7.17 7.17 7.17 7.44 7.16 7.16 7.16 7.17 7.17 7.17 8.47 7.48 7.48 7.48 7.48 7.41 7.69 7.41 7.41 7.34 8.04 7.34 7.34 7.68 7.40 7.40 7.40 7.57 7.57 7.57 7.57 7.64 7.64 7.64 7.64 7.68 7.68 7.68 7.68 7.61 7.61 7.61 7.61 7.32 7.32 7.32 7.32 7.42 7.42 7.42 7.42 7.53 7.53 7.53 7.53 8.75 9.46 8.75 8.75 9.05 9.05 9.05 9.05 8.96 8.96 8.96 8.96 8.92 8.92 8.92 8.70
7.15 7.15 7.15 7.15 7.15 7.15 7.15 8.16 8.11 7.24 7.24 7.24 7.44 7.17 7.17 7.17 7.16 7.16 7.43 7.16 7.17 7.17 7.17 7.44 7.77 7.48 7.48 7.48 7.41 7.41 7.41 7.41 7.34 7.34 7.62 7.34 7.40 7.40 7.40 7.40 7.57 7.57 7.57 7.57 7.64 7.64 7.64 7.64 7.68 7.68 7.68 7.68 7.61 7.61 7.61 7.87 7.32 7.32 7.32 7.32 7.42 7.42 7.42 7.71 7.53 7.53 7.53 9.47 8.75 8.75 9.46 9.52 10.43 9.80 9.05 9.05 8.96 8.96 8.96 8.96 8.92 8.92 8.92 8.70
7.42 7.15 7.15 7.15 7.15 7.15 7.15 7.15 7.24 7.24 7.24 7.24 7.17 7.17 7.17 7.17 7.43 7.16 7.16 7.16 7.17 7.17 7.17 7.17 7.48 7.77 7.77 7.48 7.41 7.41 7.41 7.41 7.34 7.34 7.34 7.34 7.40 7.40 7.40 7.40 7.57 7.57 7.57 7.57 7.64 7.64 7.64 7.64 7.68 7.68 7.68 7.97 7.61 7.61 7.90 7.61 7.32 7.32 7.32 7.32 7.42 7.42 7.42 7.42 7.53 7.53 7.53 8.76 8.75 8.75 8.75 8.75 9.05 9.05 9.80 10.40 9.70 8.96 8.96 8.96 8.92 8.92 8.92 8.70
7.15 7.15 7.15 7.41 7.15 7.15 7.15 7.15 7.24 7.24 7.24 7.24 7.17 7.17 7.17 7.17 7.16 7.16 7.43 7.16 7.17 7.17 7.44 7.17 7.48 7.48 7.48 7.75 7.41 7.41 7.41 7.41 7.34 7.34 7.34 7.34 7.40 7.40 7.40 7.40 7.57 7.57 7.57 7.57 7.64 7.64 7.64 7.64 7.68 7.68 7.68 7.68 7.61 7.89 7.61 7.61 8.20 7.32 7.32 7.32 7.42 7.42 7.42 7.42 7.53 7.53 7.53 8.76 8.75 8.75 8.75 8.75 9.05 9.80 9.05 9.80 8.96 9.70 8.96 9.69 8.92 9.65 8.92 8.92
7.08 7.08 7.08 7.08 7.09 7.09 7.09 7.09 7.21 7.21 7.21 7.21 7.16 7.16 7.16 7.16 7.14 7.14 7.14 7.41 7.13 7.13 7.41 7.13 7.73 7.45 7.73 7.45 7.64 7.36 7.36 7.36 7.39 7.39 7.39 7.39 7.53 7.53 7.53 7.53 7.68 7.68 7.68 7.68 7.71 7.71 7.71 7.71 7.70 7.70 7.70 7.70 7.58 7.58 7.58 7.58 7.33 7.33 7.33 7.33 7.48 7.48 7.48 7.48 7.55 7.55 10.22 10.10 9.44 8.73 8.73 8.73 9.02 9.02 9.02 9.02 8.94 9.68 9.68 8.94 8.89 8.89 8.89 10.36
7.08 7.35 7.08 7.08 7.09 7.09 7.09 7.09 7.21 7.21 7.21 7.48 7.43 7.16 7.16 7.16 7.14 7.14 7.14 7.41 7.13 7.13 7.13 7.41 7.45 7.45 7.45 7.45 7.36 7.36 7.36 7.36 7.39 7.39 7.39 7.39 7.53 7.53 7.53 7.53 7.68 7.68 7.68 7.68 7.71 7.71 7.71 7.71 7.70 7.70 7.70 7.70 7.58 7.58 7.58 7.58 7.33 7.33 7.33 7.33 7.48 7.48 7.48 7.48 7.55 7.84 8.78 8.78 8.73 8.73 10.05 8.73 9.02 9.02 9.02 9.02 8.94 8.94 9.68 8.94 8.89 8.89 8.89 9.62
7.08 7.08 7.08 7.08 7.36 7.09 7.09 7.09 7.21 7.21 7.21 7.21 7.16 7.43 7.16 7.16 7.14 7.14 7.14 7.14 7.13 7.13 7.13 7.13 8.30 7.45 7.45 7.45 7.64 7.36 7.36 7.36 7.39 7.39 7.39 7.39 7.78 7.81 7.53 7.53 7.95 7.68 7.68 7.68 7.71 7.71 7.71 8.00 7.81 7.99 7.99 7.70 7.58 7.58 7.58 7.58 7.33 7.33 7.33 7.33 7.48 7.48 7.48 7.48 7.55 7.55 10.11 8.78 8.73 8.73 8.73 8.73 9.02 9.02 9.02 9.02 8.94 8.94 8.94 8.94 8.89 8.89 8.89 8.89
7.08 7.08 7.08 7.08 7.09 7.09 7.09 7.09 7.21 7.21 7.21 7.21 7.16 7.43 7.16 7.16 7.14 7.14 7.14 7.14 7.13 7.13 7.13 7.13 7.45 7.45 7.45 7.45 7.64 7.36 7.36 7.36 7.39 7.68 7.39 7.39 7.53 7.53 7.53 7.53 7.68 7.68 7.68 7.68 7.71 7.71 7.71 7.71 7.70 7.70 7.70 7.70 7.58 7.58 7.58 7.58 7.33 7.33 7.33 7.33 7.48 7.48 7.48 7.48 7.55 8.78 8.78 8.78 8.73 8.73 8.73 8.73 9.76 9.02 9.02 9.75 8.94 8.94 8.94 8.94 8.89 8.89 8.89 8.89
7.03 7.03 7.03 7.03 7.02 7.02 7.02 7.02 7.16 7.43 7.16 7.43 7.13 7.13 7.13 7.13 7.10 7.10 7.10 7.10 7.10 8.13 7.10 7.10 7.43 7.71 7.43 7.43 7.39 7.39 7.39 7.27 7.46 7.46 7.46 7.46 7.58 7.58 7.58 7.58 7.72 7.72 7.72 7.72 7.32 7.73 7.33 7.73 7.92 7.63 7.63 7.63 7.52 7.52 7.52 7.52 7.40 7.40 7.40 7.40 7.54 7.54 7.54 7.54 7.52 8.75 9.46 8.75 8.65 8.65 8.65 8.65 8.97 8.97 9.71 8.97 8.93 8.93 8.93 8.93 8.87 8.87 8.87 8.87
7.03 7.03 7.03 7.03 7.02 7.02 7.02 8.80 7.16 7.16 7.16 7.16 7.13 7.13 7.13 7.13 7.10 7.10 8.13 7.71 7.71 7.10 7.10 7.10 7.43 7.43 7.43 7.43 7.39 7.39 8.47 7.39 7.46 7.46 7.46 7.46 7.58 7.58 7.58 7.58 7.72 7.72 8.01 7.87 7.73 7.73 7.73 7.73 7.63 7.63 7.63 7.63 7.52 7.52 7.80 7.52 7.40 7.40 7.40 7.40 7.54 7.54 7.54 7.54 7.52 11.82 8.75 8.75 8.65 8.65 8.65 8.65 8.97 8.97 10.13 9.70 8.93 9.66 9.66 10.35 9.60 8.87 8.87 8.87
7.69 7.69 7.69 7.69 7.68 8.03 7.68 8.03 7.78 7.78 7.78 8.31 8.28 7.76 8.28 9.25 7.73 7.73 9.23 9.23 12.25 8.25 7.72 7.72 7.53 7.53 8.15 7.53 7.50 7.50 8.55 9.41 7.56 7.56 7.56 7.56 9.81 7.67 7.67 8.69 8.65 7.59 7.59 7.59 7.60 7.60 7.60 7.60 7.52 7.52 7.52 7.52 7.86 7.86 7.86 7.86 7.72 7.72 7.72 7.72 7.40 7.40 8.81 7.98 9.86 9.86 10.71 9.86 9.75 9.75 10.74 9.75 9.79 9.79 9.79 9.79 9.75 9.75 9.75 9.75 9.69 10.68 9.69 9.69
7.69 7.69 7.69 7.69 7.68 7.68 7.68 7.68 7.78 7.78 7.78 7.78 7.76 7.76 7.76 7.94 7.73 10.07 10.07 9.23 7.79 7.72 7.72 7.72 8.89 7.87 10.62 10.62 9.74 7.50 7.50 7.50 7.56 7.56 7.56 8.62 7.67 7.67 7.67 7.67 7.59 7.59 7.59 7.59 7.60 7.60 8.66 7.60 7.52 7.52 7.52 7.52 7.86 8.47 7.86 7.86 7.72 7.72 7.72 8.27 8.36 8.44 8.44 7.40 9.86 9.86 9.86 9.86 9.75 10.73 9.75 9.75 9.79 9.79 9.79 9.79 9.75 9.75 9.75 9.75 9.69 9.69 9.69 9.69
7.68 7.68 7.68 7.68 7.66 7.66 7.66 7.66 7.75 7.75 7.75 7.75 7.74 7.74 9.09 7.74 7.71 10.14 10.07 10.29 9.23 7.72 7.72 7.69 7.55 10.62 10.62 10.62 9.74 9.00 9.74 7.56 7.60 7.60 7.60 7.60 7.67 7.67 7.67 7.67 7.59 8.65 7.59 7.59 7.56 7.56 7.56 7.56 7.45 7.45 7.45 7.45 7.45 7.45 7.45 7.45 7.79 7.79 7.79 7.79 7.39 7.39 7.39 7.39 9.79 9.79 9.79 9.79 9.70 9.70 9.70 9.70 9.78 9.78 9.78 9.78 9.73 9.73 9.73 9.73 10.60 9.62 9.62 9.62
7.68 7.68 7.68 7.68 7.66 7.66 7.66 7.66 7.75 7.75 7.75 7.75 7.74 7.74 9.23 9.23 9.05 11.37 10.51 9.82 10.29 10.07 10.15 7.72 10.95 11.64 10.62 10.62 9.74 9.22 9.96 9.45 7.60 7.60 7.60 7.60 7.67 7.67 7.67 8.70 7.59 7.59 7.59 7.59 7.56 7.56 7.56 7.56 7.45 7.45 7.45 7.45 7.45 7.45 7.45 7.45 7.79 7.79 7.79 7.79 7.39 7.39 7.39 11.09 10.78 9.79 9.79 9.79 9.70 9.70 9.70 9.70 9.78 9.78 9.78 9.78 9.73 9.73 9.73 9.73 10.60 9.62 9.62 9.62
7.68 7.68 7.68 7.68 7.66 7.66 7.66 7.66 7.75 7.75 7.75 7.75 9.23 11.38 11.54 10.07 10.20 10.42 10.04 10.50 10.07 10.07 10.15 10.07 10.62 10.62 10.62 10.62 10.62 9.96 9.96 9.52 7.60 7.60 7.60 7.60 7.67 7.67 7.67 7.67 7.59 7.59 7.59 7.59 7.56 7.56 8.62 7.56 7.45 8.49 8.49 7.45 7.45 7.45 7.45 7.45 7.79 7.79 7.79 7.79 7.39 7.39 7.39 13.14 9.79 9.79 9.79 9.79 9.70 9.70 9.70 9.70 9.78 9.78 9.78 9.78 9.73 9.73 9.73 9.73 9.62 9.62 9.62 9.62
7.68 7.68 7.68 7.68 7.66 7.66 7.66 7.66 7.75 7.75 7.75 14.65 9.23 9.23 10.07 10.07 11.68 2.60 10.29 10.50 10.51 10.15 10.15 10.51 10.62 10.62 10.62 10.62 10.62 10.62 9.96 9.45 7.60 7.60 7.60 7.60 7.67 7.67 7.67 7.67 7.59 7.59 7.59 7.59 7.56 7.56 7.56 7.56 7.45 7.45 7.45 7.45 7.45 7.45 7.45 7.45 7.79 7.79 7.79 7.79 7.39 7.39 9.17 9.86 9.79 9.79 10.78 9.79 9.70 9.70 10.68 9.70 9.78 9.78 9.78 9.78 9.73 9.73 9.73 9.73 9.62 9.62 9.62 9.62
7.69 7.69 7.69 7.69 7.69 7.69 7.69 8.13 7.76 7.76 7.76 9.23 9.23 9.23 10.07 10.29 14.23 7.05 10.29 10.07 10.07 10.07 10.07 10.07 10.62 10.62 10.62 10.19 8.78 8.78 10.32 7.61 7.64 7.64 7.64 7.64 7.69 7.69 7.69 7.69 7.54 7.54 7.54 7.54 7.46 8.51 7.46 7.46 8.48 7.44 7.44 7.44 7.53 7.53 7.53 7.53 7.80 7.80 7.80 7.80 8.99 8.30 9.77 9.77 9.70 9.70 9.70 9.70 10.69 8.10 9.71 9.71 9.80 10.80 9.80 9.80 9.71 9.71 9.71 9.71 9.55 9.55 9.55 11.33
7.69 7.69 7.69 7.69 7.69 7.69 7.69 7.69 7.76 7.76 7.76 7.76 9.23 9.23 10.07 10.29 14.02 10.07 10.20 10.07 10.07 10.07 10.07 10.07 10.62 10.62 10.19 10.19 8.78 10.32 10.32 7.61 7.64 7.64 7.64 7.64 7.69 7.69 7.69 7.69 8.62 7.54 7.54 7.54 7.46 7.46 7.46 7.46 7.44 7.44 7.44 7.44 7.53 7.53 7.53 7.53 7.80 7.80 8.33 8.33 8.30 7.77 9.77 9.77 9.70 9.70 9.70 9.70 9.71 9.71 9.71 10.72 9.80 9.80 9.80 9.80 9.71 11.10 10.70 9.71 9.55 10.51 9.55 9.55
7.69 7.69 7.69 7.69 7.69 7.69 7.69 7.69 7.76 7.76 11.35 10.07 11.04 10.07 10.07 10.51 13.10 10.29 10.51 10.51 10.07 10.07 10.07 9.60 10.19 13.70 10.19 10.19 10.32 8.78 10.32 7.61 7.64 7.64 7.64 7.64 7.69 7.69 7.69 7.69 7.54 7.54 7.54 7.54 7.46 7.46 7.46 7.46 7.44 7.44 7.44 7.44 7.53 7.53 7.53 7.53 8.43 7.80 7.80 7.80 7.77 7.77 9.77 9.77 9.70 9.70 9.70 9.70 9.71 9.71 9.71 9.71 9.80 9.80 9.80 9.80 9.71 10.70 10.70 9.71 9.55 9.55 9.55 9.55
7.97 7.06 7.06 7.69 7.69 8.04 7.69 9.26 8.29 10.21 11.04 10.07 10.07 11.23 10.20 11.70 13.77 10.42 10.07 8.33 12.18 10.21 10.86 9.60 10.19 13.70 10.19 10.31 10.32 10.32 7.61 7.61 7.64 7.64 7.64 7.64 7.69 7.69 9.54 7.69 7.54 7.54 7.54 7.54 7.46 7.46 7.46 7.46 7.44 7.44 7.44 7.44 7.53 7.53 7.53 7.53 7.80 7.80 7.80 7.80 7.77 9.77 9.77 9.77 9.70 9.70 9.70 9.70 9.71 12.36 10.68 9.71 9.80 9.80 9.80 9.80 9.71 9.71 9.71 9.71 10.50 9.55 9.55 9.55
7.70 7.06 7.06 7.06 7.70 7.70 7.69 7.69 7.77 7.77 10.23 10.07 10.07 10.42 9.15 13.55 10.29 10.07 10.07 8.33 8.33 10.25 9.60 9.60 13.70 13.70 10.19 11.01 12.16 12.34 7.63 7.63 7.64 7.64 7.64 7.64 8.70 7.64 7.64 9.51 7.45 7.45 7.45 7.45 10.85 10.30 9.44 7.43 7.47 7.47 7.47 7.47 8.54 7.49 7.49 7.49 7.71 7.71 7.71 7.71 7.68 9.64 9.64 9.64 9.63 9.63 9.63 9.63 10.65 9.67 9.67 9.67 10.77 10.77 9.77 9.77 9.67 9.67 9.67 9.67 9.51 9.51 9.51 9.51
7.06 7.06 7.06 7.06 7.07 7.07 7.07 7.07 7.27 7.27 7.77 10.23 10.07 10.29 8.31 11.38 10.07 10.07 10.07 10.20 10.25 10.25 10.25 9.60 13.70 10.19 10.73 10.62 11.01 10.62 7.96 9.74 10.37 7.64 7.64 7.64 7.64 7.64 10.73 9.51 7.45 7.45 10.11 10.11 10.30 10.30 9.44 7.43 7.47 7.47 7.47 7.47 7.49 7.49 7.49 7.49 7.71 7.71 7.71 7.71 10.61 9.64 9.64 10.61 9.63 9.63 9.63 9.63 9.67 9.67 9.67 9.67 9.77 9.77 9.77 9.77 9.67 9.67 9.67 9.67 9.51 9.51 10.46 9.51
7.06 7.06 7.06 7.06 7.07 7.07 7.70 7.07 7.27 7.27 7.27 9.33 9.91 9.86 9.58 12.88 10.07 10.07 10.07 10.20 10.20 10.25 10.07 10.07 14.13 10.41 10.84 11.64 10.35 10.62 10.62 10.35 10.37 10.37 10.37 11.93 9.51 7.97 9.51 9.51 7.45 10.30 11.30 10.30 10.30 10.30 9.44 7.43 7.47 7.47 7.47 7.47 7.49 7.49 7.49 7.49 7.71 7.71 7.71 8.23 9.64 10.61 9.64 11.20 9.63 9.63 10.60 9.37 8.10 9.67 9.67 9.67 9.77 9.77 9.77 10.75 9.67 9.67 9.67 9.67 9.51 9.51 9.51 9.51
7.32 9.05 7.06 7.06 7.70 7.07 7.07 7.07 7.27 7.27 7.46 9.64 10.45 9.86 9.26 12.55 9.86 10.07 10.07 10.07 10.20 10.07 10.07 14.55 13.92 10.62 10.84 10.62 12.07 10.62 10.62 11.01 10.62 10.62 10.37 11.64 10.62 10.62 11.64 10.62 11.30 10.30 10.30 10.30 10.30 10.30 7.43 7.43 8.51 9.12 8.44 8.44 7.49 7.49 7.49 7.49 7.71 7.71 7.71 7.71 9.64 9.64 9.64 8.10 8.10 8.10 8.10 8.10 8.10 8.10 8.10 8.10 8.10 8.10 9.77 9.77 9.67 9.67 9.67 9.67 10.46 9.51 9.51 9.51
9.03 9.03 9.03 7.04 7.06 7.06 7.06 7.06 7.93 7.28 9.34 9.34 9.64 9.86 9.67 13.40 10.08 9.64 9.64 9.64 9.64 10.07 13.21 14.70 9.70 10.62 11.64 10.62 10.32 10.32 11.76 10.73 10.99 10.62 10.62 10.62 10.62 10.62 10.62 10.62 10.30 10.30 10.30 10.30 10.07 10.07 7.43 7.76 7.86 7.86 7.86 7.86 7.84 7.84 7.84 7.73 7.63 7.63 7.63 9.57 10.55 9.59 9.59 8.10 8.10 8.10 8.10 8.10 8.10 8.10 8.10 8.10 9.75 9.75 9.75 9.75 10.62 9.63 9.63 12.48 10.52 10.52 9.55 9.55
9.03 9.03 9.03 9.03 9.05 9.76 9.05 9.05 9.34 9.34 9.34 9.34 9.64 9.64 10.51 6.78 9.67 9.86 9.64 9.64 9.64 10.67 13.15 9.64 10.62 10.62 10.62 10.62 10.62 10.62 10.62 10.73 10.62 10.62 10.62 10.62 10.62 10.62 10.62 10.62 10.30 10.30 10.30 10.30 12.22 11.71 11.50 10.30 10.30 10.30 10.30 10.30 10.52 10.74 10.30 10.97 7.63 7.63 7.63 9.57 10.67 9.59 9.81 8.31 8.10 8.10 8.10 9.65 9.67 9.37 11.39 9.67 10.75 9.75 9.75 9.75 9.63 9.63 9.63 9.63 9.55 9.55 9.55 9.55
9.64 9.64 9.64 9.64 9.67 9.67 9.67 9.67 9.98 9.98 9.98 10.24 10.24 10.31 10.68 11.41 13.27 10.46 10.24 10.24 10.24 10.46 10.46 13.75 11.22 11.22 11.00 10.55 11.67 11.67 11.67 11.67 11.67 11.67 11.67 11.67 11.67 11.67 11.67 11.67 11.60 11.60 11.60 11.60 12.75 11.60 11.60 11.60 11.60 12.97 11.60 11.60 11.87 12.25 11.60 9.52 12.21 7.53 7.53 10.08 10.10 10.10 10.10 8.78 8.56 10.16 10.16 10.16 8.56 8.56 9.33 8.56 9.73 9.73 9.73 9.73 9.61 9.61 9.61 9.61 9.53 9.53 9.53 9.53
9.64 9.64 9.64 9.64 9.67 10.35 10.43 9.67 9.98 10.24 10.24 10.31 10.31 10.24 10.24 10.46 14.03 14.19 10.19 14.64 10.24 10.46 10.31 10.08 14.73 11.22 12.03 11.00 11.00 11.00 11.00 11.75 11.89 11.89 11.67 11.67 11.67 11.67 11.67 11.67 11.60 12.75 11.60 11.60 11.60 11.60 11.60 11.60 11.82 11.82 11.60 11.60 11.82 12.04 11.22 9.52 10.50 8.65 10.97 10.08 10.10 11.63 10.10 10.10 8.56 10.16 10.16 13.36 8.56 10.18 10.18 10.18 9.73 9.73 9.73 9.73 10.59 9.61 9.61 9.61 9.53 9.53 9.53 9.53
