New_Model_Runs/5_FutureClimate_BASE_out/post_prcessed_with_MFR/Monthly_summaries/net_infiltration_monthly_JAN.asc
NCOLS 700
NROWS 400
XLLCENTER 515000.000000
YLLCENTER 8409000.000000
CELLSIZE 50.000000
NODATA_value -999.000000
[rows 76 to 113 of 400, columns 336 to 419 of 700]
0.00 0.00 0.00 0.00 0.00 0.00 0.00 0.00 0.00 0.00 0.00 0.00 0.00 0.00 0.00 0.00 0.00 0.00 0.00 0.00 0.00 0.00 0.00 0.00 0.00 0.00 0.00 0.00 0.00 0.00 0.00 0.00 0.00 0.00 0.00 0.00 0.00 0.00 0.00 0.00 0.00 0.00 0.00 0.00 0.00 0.00 0.00 0.00 1.52 2.27 0.00 0.00 0.00 0.00 0.00 0.00 0.00 3.74 3.73 3.65 3.65 3.65 3.78 3.78 3.81 3.94 3.94 4.17 5.37 1.81 2.51 0.00 0.00 0.00 0.00 0.00 0.00 0.00 0.00 0.00 0.00 0.00 0.00 0.00
0.00 0.00 0.00 0.00 0.00 0.00 0.00 0.00 0.00 0.00 0.00 0.00 0.00 0.00 0.00 0.00 0.00 0.00 0.00 0.00 0.00 0.00 0.00 0.00 0.00 0.00 0.00 0.00 0.00 0.00 0.00 0.00 0.00 0.00 0.00 0.00 0.00 0.00 0.00 0.00 0.00 0.00 0.00 0.00 0.00 0.00 0.00 0.00 2.05 3.82 3.82 0.00 0.00 0.00 3.75 3.75 3.65 3.65 3.74 3.65 3.65 3.78 3.78 3.78 3.94 3.94 2.25 0.90 1.97 6.11 0.00 0.00 0.00 0.00 0.00 0.00 0.00 0.00 0.00 0.00 0.00 0.00 0.00 0.00
0.00 0.00 0.00 0.00 0.00 0.00 0.00 0.00 0.00 0.00 0.00 0.00 0.00 0.00 0.00 0.00 0.00 0.00 0.00 0.00 0.00 0.00 0.00 0.00 0.00 0.00 0.00 0.00 0.00 0.00 0.00 0.00 0.00 0.00 0.00 0.00 0.00 0.00 0.00 0.00 0.00 0.00 0.00 0.00 0.00 0.00 0.00 0.00 3.82 3.82 3.82 3.82 3.75 3.75 3.75 3.75 3.65 3.68 3.73 3.65 3.65 2.63 2.63 3.78 3.94 3.94 3.94 3.94 6.11 0.00 0.00 0.00 0.00 0.00 0.00 0.00 0.00 0.00 0.00 0.00 0.00 0.00 0.00 0.00
0.00 0.00 0.00 0.00 0.00 0.00 0.00 0.00 0.00 0.00 0.00 0.00 0.00 0.00 0.00 0.00 0.00 0.00 0.00 0.00 0.00 0.00 0.00 0.00 0.00 0.00 0.00 0.00 0.00 0.00 0.00 0.00 0.00 0.00 0.00 0.00 0.00 0.00 0.00 0.00 0.00 0.00 0.00 0.00 0.00 0.00 0.00 2.96 3.82 3.82 3.82 3.82 3.75 3.75 3.75 3.75 3.65 2.27 3.65 3.65 2.57 2.57 3.78 1.55 3.94 3.18 2.51 5.88 0.00 0.00 0.00 0.00 0.00 0.00 0.00 0.00 0.00 0.00 0.00 0.00 0.00 0.00 0.00 0.00
0.00 0.00 0.00 0.00 0.00 0.00 0.00 0.00 0.00 0.00 0.00 0.00 0.00 0.00 0.00 0.00 0.00 0.00 0.00 0.00 0.00 0.00 0.00 0.00 0.00 0.00 0.00 0.00 0.00 0.00 0.00 0.00 0.00 0.00 0.00 0.00 0.00 0.00 0.00 0.00 0.00 0.00 0.00 0.00 0.00 0.00 0.00 4.45 3.79 3.79 3.79 3.79 3.64 3.64 3.64 3.64 3.70 3.70 3.70 3.70 3.85 2.44 4.08 1.78 4.54 5.43 4.08 0.00 0.00 0.00 0.00 0.00 0.00 0.00 0.00 0.00 0.00 0.00 0.00 0.00 0.00 0.00 0.00 0.00
0.00 0.00 0.00 0.00 0.00 0.00 0.00 0.00 0.00 0.00 0.00 0.00 0.00 0.00 0.00 0.00 0.00 0.00 0.00 0.00 0.00 0.00 0.00 0.00 0.00 0.00 0.00 0.00 0.00 0.00 0.00 0.00 0.00 0.00 0.00 0.00 0.00 0.00 3.70 0.00 0.00 0.00 0.00 0.00 0.00 0.00 0.00 4.45 3.79 3.79 3.79 3.79 3.64 3.77 3.64 3.64 3.79 2.27 3.70 3.70 3.85 3.85 4.08 2.65 1.81 5.21 0.00 0.00 0.00 0.00 0.00 0.00 0.00 0.00 0.00 0.00 0.00 0.00 0.00 0.00 0.00 0.00 0.00 0.00
0.00 0.00 0.00 0.00 0.00 0.00 0.00 0.00 0.00 0.00 0.00 0.00 0.00 0.00 0.00 0.00 0.00 0.00 0.00 0.00 0.00 0.00 0.00 0.00 0.00 0.00 0.00 0.00 0.00 0.00 0.00 0.00 0.00 0.00 0.00 0.00 0.00 4.68 4.68 4.68 4.69 0.00 0.00 0.00 0.00 0.00 0.00 4.66 4.52 4.52 4.52 4.52 4.36 4.36 4.36 4.36 2.97 2.97 4.43 4.43 4.60 4.60 3.26 5.25 6.91 0.00 0.00 0.00 0.00 0.00 0.00 0.00 0.00 0.00 0.00 0.00 0.00 0.00 0.00 0.00 0.00 0.00 0.00 4.13
0.00 0.00 0.00 0.00 0.00 0.00 0.00 0.00 0.00 0.00 0.00 0.00 0.00 0.00 0.00 0.00 0.00 0.00 0.00 0.00 0.00 0.00 0.00 0.00 0.00 0.00 0.00 0.00 0.00 0.00 0.00 0.00 0.00 0.00 0.00 0.00 4.68 4.68 4.68 4.68 4.90 5.12 5.12 3.66 1.95 4.66 4.66 4.66 4.52 4.52 4.52 4.52 4.36 4.36 4.36 4.36 4.43 4.43 4.43 4.43 4.79 3.26 3.26 3.71 6.83 0.00 0.00 0.00 0.00 0.00 0.00 0.00 0.00 0.00 0.00 0.00 0.00 0.00 0.00 0.00 4.13 4.37 4.13 4.13
0.00 0.00 0.00 0.00 0.00 0.00 0.00 0.00 0.00 0.00 0.00 0.00 0.00 0.00 0.00 0.00 0.00 0.00 0.00 0.00 0.00 0.00 0.00 0.00 0.00 0.00 0.00 0.00 0.00 0.00 0.00 0.00 0.00 0.00 2.98 4.70 4.68 4.68 4.68 4.68 4.70 5.21 5.10 5.10 4.65 4.54 4.54 4.69 4.39 4.39 4.39 4.39 4.42 4.42 4.42 4.42 4.64 4.64 4.64 4.64 4.92 3.26 3.35 1.97 3.85 0.00 0.00 0.00 0.00 0.00 0.00 0.00 0.00 0.00 0.00 0.00 0.00 0.00 0.00 4.53 4.15 4.15 4.15 4.15
0.00 0.00 0.00 0.00 0.00 0.00 0.00 0.00 0.00 0.00 0.00 0.00 0.00 0.00 0.00 0.00 0.00 0.00 0.00 0.00 0.00 0.00 0.00 0.00 0.00 0.00 0.00 0.00 0.00 0.00 0.00 0.00 0.00 4.70 4.70 4.70 4.68 4.68 4.68 4.68 4.70 5.10 5.10 5.10 4.65 4.84 4.54 4.54 4.39 4.39 4.39 4.39 4.42 4.42 4.42 4.42 4.84 4.84 4.84 3.44 3.44 3.12 4.25 2.43 3.63 0.00 0.00 0.00 0.00 0.00 0.00 0.00 0.00 0.00 0.00 0.00 0.00 0.00 0.00 4.53 4.15 2.85 4.15 4.15
0.00 0.00 0.00 0.00 0.00 0.00 0.00 0.00 0.00 0.00 0.00 0.00 0.00 0.00 0.00 0.00 0.00 0.00 0.00 0.00 0.00 0.00 0.00 0.00 0.00 0.00 0.00 0.00 0.00 0.00 0.00 0.00 0.00 4.94 4.70 4.70 4.68 4.68 4.87 4.68 4.70 5.10 5.10 5.48 4.65 4.65 4.65 4.54 4.39 4.53 4.39 4.39 4.42 4.42 4.42 4.42 4.84 4.84 3.44 3.26 3.34 3.12 2.13 5.83 0.00 0.00 0.00 0.00 0.00 0.00 0.00 0.00 0.00 0.00 0.00 0.00 0.00 0.00 4.53 4.53 4.15 4.15 4.15 4.15
0.00 0.00 0.00 0.00 0.00 0.00 0.00 0.00 0.00 0.00 0.00 0.00 0.00 0.00 0.00 0.00 0.00 0.00 0.00 0.00 0.00 0.00 0.00 0.00 0.00 0.00 0.00 0.00 0.00 0.00 0.00 0.00 0.00 4.70 4.70 4.70 4.68 4.68 4.68 4.68 4.70 4.88 5.10 5.10 4.65 4.65 4.65 4.65 4.39 4.48 4.39 2.97 4.42 4.42 4.42 4.42 4.64 4.42 3.44 3.26 3.44 3.12 3.41 5.60 0.00 0.00 0.00 0.00 0.00 0.00 0.00 0.00 0.00 0.00 0.00 0.00 0.00 3.28 4.53 4.53 4.15 4.15 4.27 4.15
0.00 0.00 0.00 0.00 0.00 0.00 0.00 0.00 0.00 0.00 0.00 0.00 0.00 0.00 0.00 0.00 0.00 0.00 0.00 0.00 0.00 0.00 0.00 0.00 0.00 0.00 0.00 0.00 0.00 0.00 0.00 0.00 0.00 0.00 4.77 4.77 4.70 4.70 4.70 4.70 4.66 4.66 5.06 5.06 4.99 4.60 4.60 4.33 4.34 2.97 2.97 4.49 4.62 4.62 4.62 4.62 4.74 4.74 4.47 3.26 3.48 7.97 6.19 5.60 0.00 0.00 0.00 0.00 0.00 0.00 0.00 0.00 0.00 0.00 0.00 0.00 3.08 4.55 4.55 4.55 4.27 4.16 4.16 4.16
0.00 0.00 0.00 0.00 0.00 0.00 0.00 0.00 0.00 0.00 0.00 0.00 0.00 0.00 0.00 0.00 0.00 0.00 0.00 0.00 0.00 0.00 0.00 0.00 0.00 0.00 0.00 0.00 0.00 0.00 0.00 0.00 0.00 0.00 0.00 4.77 4.70 4.70 4.70 4.70 4.66 4.66 4.66 4.85 4.99 4.60 4.33 4.33 4.34 4.80 4.49 4.49 4.62 4.62 4.62 4.62 4.74 4.94 3.67 3.67 3.71 4.84 6.44 6.51 4.90 0.00 0.00 0.00 0.00 0.00 0.00 0.00 0.00 0.00 0.00 4.62 4.69 4.55 4.55 4.55 4.16 4.16 4.27 4.16
0.00 0.00 0.00 0.00 0.00 0.00 0.00 0.00 0.00 0.00 0.00 0.00 0.00 0.00 0.00 0.00 0.00 0.00 0.00 0.00 0.00 0.00 0.00 3.11 0.00 0.00 0.00 0.00 0.00 0.00 0.00 0.00 0.00 0.00 0.00 5.00 4.70 4.70 4.93 4.70 4.66 4.66 4.66 4.66 4.60 4.60 4.59 4.33 4.60 4.80 4.60 4.49 4.62 4.82 4.82 8.45 8.57 8.57 7.29 7.12 6.77 7.66 2.33 2.20 1.68 5.13 4.90 5.39 0.00 0.00 0.00 0.00 3.63 6.04 6.65 4.62 4.55 4.55 4.55 4.55 4.16 4.16 4.16 4.16
0.00 0.00 0.00 0.00 0.00 0.00 0.00 0.00 0.00 0.00 0.00 0.00 0.00 0.00 0.00 0.00 0.00 0.00 0.00 0.00 0.00 0.00 0.00 4.62 4.62 4.62 0.00 0.00 0.00 0.00 0.00 0.00 0.00 0.00 0.00 0.00 4.70 4.70 4.70 4.70 4.66 4.66 4.66 4.98 4.60 4.60 4.60 4.60 4.60 4.60 4.60 4.60 4.82 8.45 8.45 4.82 4.94 4.74 3.44 1.07 3.18 3.18 4.02 6.55 4.86 5.36 6.26 3.09 5.69 5.46 6.96 6.28 6.91 3.26 3.03 4.84 4.55 4.55 4.55 4.55 4.16 4.16 4.16 4.16
0.00 0.00 0.00 0.00 0.00 0.00 0.00 0.00 0.00 0.00 0.00 0.00 0.00 0.00 0.00 0.00 0.00 0.00 0.00 0.00 0.00 0.00 0.00 4.63 4.62 4.62 4.62 0.00 0.00 0.00 0.00 0.00 0.00 0.00 0.00 0.00 4.73 4.73 4.73 4.73 4.64 4.64 4.64 4.83 4.84 4.64 4.64 4.64 4.69 4.69 4.69 4.69 4.71 5.21 4.64 4.64 4.73 4.73 4.73 3.26 3.35 3.12 3.44 3.44 3.28 1.50 3.95 4.18 3.83 4.83 3.78 4.12 6.39 1.48 5.08 3.51 3.31 4.61 4.30 4.61 4.21 4.21 4.21 4.21
0.00 0.00 0.00 0.00 0.00 0.00 0.00 0.00 0.00 0.00 0.00 0.00 0.00 0.00 0.00 0.00 0.00 0.00 0.00 0.00 0.00 0.00 0.00 4.63 4.62 4.62 4.62 4.83 0.00 0.00 0.00 0.00 0.00 0.00 0.00 0.00 0.00 4.73 4.73 4.73 4.64 4.64 4.64 4.64 4.64 4.64 4.64 4.84 4.69 5.08 4.69 5.08 4.71 4.71 4.64 4.64 4.73 4.73 3.18 3.26 3.18 3.20 4.52 4.45 3.31 2.82 3.80 3.51 4.85 3.16 3.88 3.65 6.33 3.72 3.25 3.35 4.61 4.30 4.34 4.80 4.21 4.21 4.21 4.21
0.00 0.00 0.00 0.00 0.00 0.00 0.00 0.00 0.00 0.00 0.00 0.00 0.00 0.00 0.00 0.00 0.00 0.00 0.00 0.00 0.00 0.00 4.33 4.63 4.62 4.62 4.62 4.62 4.66 0.00 0.00 0.00 0.00 0.00 0.00 0.00 0.00 4.73 4.73 4.73 4.64 4.64 4.64 4.64 4.85 4.64 4.64 4.64 4.69 4.69 4.87 4.69 4.71 4.71 4.71 4.64 4.73 4.73 4.47 3.26 4.98 4.77 4.62 4.77 3.28 3.57 3.61 3.16 4.63 4.82 4.82 4.58 8.22 6.88 6.65 6.97 8.59 4.80 4.80 4.80 4.21 4.21 4.21 4.32
0.00 0.00 0.00 0.00 0.00 0.00 0.00 0.00 0.00 0.00 0.00 0.00 0.00 0.00 0.00 0.00 0.00 0.00 0.00 0.00 0.00 0.00 4.50 4.63 4.62 4.62 4.62 4.62 4.84 4.66 0.00 0.00 0.00 0.00 0.00 0.00 4.73 4.73 4.73 4.73 4.83 4.64 4.64 4.64 4.82 4.64 4.64 4.64 4.69 4.69 4.69 4.69 4.71 4.71 4.71 4.71 4.73 4.94 4.94 3.26 3.92 4.77 4.77 4.77 3.28 3.35 3.32 3.28 3.28 3.35 4.82 4.58 4.59 4.27 3.28 3.35 8.43 4.80 4.80 4.80 4.21 4.21 4.21 4.21
0.00 0.00 0.00 0.00 0.00 0.00 0.00 0.00 0.00 0.00 0.00 0.00 0.00 0.00 0.00 0.00 4.32 4.32 4.49 4.32 4.30 4.30 4.30 4.30 4.60 4.60 4.60 4.60 4.64 4.64 4.64 0.00 0.00 0.00 0.00 0.00 4.71 4.71 4.71 4.71 4.67 4.67 4.67 4.67 4.68 4.68 4.68 4.68 4.67 4.67 4.67 4.67 4.71 4.71 4.71 4.71 4.78 5.22 4.94 3.26 2.62 4.73 3.37 4.73 3.28 4.78 4.78 4.59 4.64 4.83 1.97 5.50 4.62 4.62 3.23 3.16 6.78 3.10 3.10 4.86 2.22 4.29 4.29 4.29
0.00 0.00 0.00 0.00 0.00 0.00 0.00 0.00 4.51 4.51 0.00 0.00 0.00 4.52 4.52 4.76 4.32 4.32 4.32 4.56 4.30 4.30 4.30 4.30 4.60 5.02 4.60 4.60 4.64 4.64 4.64 4.64 4.78 4.78 4.78 4.78 4.71 4.71 4.71 4.71 4.67 4.67 4.67 4.67 4.68 4.68 4.68 4.86 5.11 4.67 4.67 4.67 4.71 4.71 4.71 4.71 4.78 5.22 5.22 5.42 4.73 4.73 3.37 3.18 4.29 4.33 4.59 4.59 4.64 4.61 3.10 4.90 4.86 3.23 3.35 4.86 4.37 8.49 4.86 4.86 3.99 3.96 4.29 4.41
0.00 0.00 0.00 0.00 0.00 0.00 0.00 4.63 4.62 4.62 4.62 4.62 4.63 4.63 4.63 4.83 5.00 5.00 5.00 5.00 5.21 5.21 4.98 4.98 5.15 5.42 5.15 5.15 5.47 5.20 5.20 5.20 5.42 5.42 5.42 5.68 5.35 5.35 5.35 5.35 5.28 5.28 5.56 5.28 5.28 5.28 5.56 5.28 5.58 5.30 5.30 5.30 5.34 5.34 5.34 5.34 5.69 6.51 5.67 5.44 5.51 5.51 4.13 4.13 5.35 5.54 5.98 5.27 5.32 4.43 3.78 4.19 3.78 3.78 5.63 5.63 5.17 7.53 7.53 8.80 4.89 5.31 5.23 5.08
0.00 0.00 0.00 0.00 0.00 0.00 0.00 0.00 4.62 4.62 4.62 4.62 4.83 4.83 4.63 4.63 5.22 5.00 5.00 5.00 4.98 5.21 4.98 4.98 5.48 5.15 5.15 5.15 5.20 5.20 5.20 5.20 5.42 5.42 5.42 5.42 5.35 5.35 5.35 5.59 5.56 5.28 5.28 5.28 5.28 5.28 5.56 5.28 5.30 5.30 5.30 5.30 5.34 5.34 5.34 5.34 5.44 5.98 5.67 5.44 5.44 5.51 5.51 5.51 5.27 5.27 5.58 5.27 5.32 4.02 3.90 3.90 4.19 5.17 5.63 5.63 5.17 4.19 3.90 5.41 4.89 5.31 5.08 5.08
0.00 0.00 0.00 0.00 0.00 0.00 0.00 0.00 4.80 4.60 4.60 4.60 4.56 4.56 4.56 4.76 4.95 5.18 4.95 4.95 4.96 5.19 4.96 4.96 4.94 5.13 5.40 5.13 5.15 5.15 5.15 5.15 5.60 5.59 5.34 5.34 5.32 5.32 5.32 5.91 5.31 5.31 5.31 5.31 5.29 5.29 5.29 5.29 5.28 5.28 5.28 5.28 5.34 5.34 5.34 5.34 5.41 5.41 5.41 5.41 5.39 5.39 5.45 5.45 5.24 5.39 5.39 5.24 5.32 5.32 4.19 4.19 3.90 5.64 5.64 5.36 5.17 4.19 3.90 3.78 3.58 3.58 5.29 5.29
0.00 0.00 0.00 0.00 0.00 0.00 0.00 0.00 4.60 4.60 4.60 4.60 4.56 4.56 4.56 4.56 4.95 4.95 5.18 4.95 4.96 5.19 4.96 4.96 4.94 5.13 5.13 5.13 5.15 5.15 5.15 5.15 5.34 5.34 5.34 5.34 5.32 5.32 5.32 5.32 5.59 5.31 5.59 5.31 5.29 5.29 5.29 5.29 5.28 5.28 5.28 5.28 5.34 5.62 5.34 5.34 5.41 5.41 5.67 5.41 5.39 5.39 5.39 5.45 5.24 5.24 5.24 5.24 5.32 5.32 3.78 5.60 5.64 5.18 3.78 5.36 5.63 5.17 3.78 5.17 5.29 5.29 3.58 5.29
0.00 0.00 0.00 0.00 0.00 0.00 0.00 0.00 4.80 4.84 4.80 4.60 4.56 4.56 4.56 4.56 4.95 4.95 4.95 4.95 4.96 4.96 5.19 4.96 4.94 4.94 5.13 5.40 5.15 5.15 5.15 5.42 5.73 5.34 5.34 5.34 5.60 5.32 5.32 5.32 5.31 5.31 5.31 5.31 5.29 5.29 5.29 5.29 5.28 5.28 5.28 5.28 5.34 5.34 5.34 5.34 5.41 5.41 6.05 5.41 5.39 5.39 5.39 5.39 5.24 5.24 5.24 5.24 5.32 5.32 5.83 5.60 5.64 5.64 5.71 3.99 5.35 5.63 5.17 5.63 5.29 5.06 5.06 5.06
0.00 0.00 0.00 0.00 0.00 0.00 0.00 4.70 4.60 4.60 4.80 4.80 4.56 4.56 4.56 4.56 4.95 4.95 4.95 5.44 4.96 4.96 4.96 4.96 4.94 4.94 5.13 5.13 5.15 5.15 5.15 5.15 5.60 5.77 5.34 5.34 5.32 5.32 5.32 5.78 5.31 5.31 5.31 5.31 5.29 5.29 5.29 5.29 5.55 5.28 5.28 5.28 5.34 5.34 5.34 5.34 5.41 5.66 5.66 5.41 5.39 5.39 5.39 5.39 5.18 5.24 5.24 5.24 5.32 5.32 5.32 5.60 5.64 4.19 4.19 5.18 5.35 5.35 5.17 3.78 5.29 5.06 5.06 5.06
0.00 0.00 0.00 0.00 0.00 0.00 4.69 4.69 4.58 4.58 4.58 4.58 4.73 4.53 4.53 4.53 4.91 4.91 4.91 5.14 4.93 4.93 4.93 4.93 4.93 4.93 5.12 5.12 5.13 5.13 5.13 5.13 5.57 5.31 5.71 5.59 5.30 5.30 5.30 5.30 5.30 5.30 5.30 5.30 5.27 5.27 5.55 5.54 5.54 5.26 5.26 5.26 5.34 5.34 5.34 5.34 5.37 5.37 5.37 5.37 5.35 5.35 5.35 5.35 5.15 5.15 5.88 5.22 5.26 5.26 5.41 5.26 5.30 5.30 5.15 5.15 5.13 5.27 5.42 5.27 5.18 4.96 4.96 4.96
0.00 0.00 0.00 0.00 0.00 1.87 4.69 4.69 4.58 4.58 4.58 4.58 4.53 4.53 4.53 4.53 5.11 4.91 4.91 5.14 5.16 4.93 4.93 5.20 5.16 4.93 4.93 5.12 5.13 5.13 5.13 5.13 5.31 5.31 5.31 5.31 5.30 5.30 5.30 5.30 5.30 5.30 5.30 5.30 5.27 5.27 5.27 5.27 5.26 5.26 5.26 5.26 5.34 5.34 5.34 5.34 5.62 5.37 5.62 5.37 5.35 5.35 5.65 5.35 5.15 5.15 5.15 5.22 5.26 5.26 5.26 5.41 5.30 5.30 2.94 5.40 5.78 5.27 5.27 5.27 4.96 5.10 4.96 4.96
0.00 0.00 0.00 0.00 0.00 1.87 4.90 4.69 4.58 4.78 4.58 4.58 4.53 4.53 4.53 4.53 4.91 4.91 4.91 4.91 4.93 5.16 4.93 4.93 4.93 4.93 4.93 5.12 5.61 5.13 5.13 5.66 5.59 5.31 5.31 5.31 5.30 5.30 5.30 5.30 5.30 5.30 5.30 5.30 5.27 5.55 5.27 5.27 5.26 5.26 5.26 5.26 5.61 5.34 5.34 5.34 5.37 5.37 5.37 5.37 5.35 5.35 5.81 5.92 5.15 5.15 5.41 5.15 5.26 5.26 5.26 5.26 5.30 5.30 5.30 5.57 5.54 5.27 5.27 5.27 4.96 4.96 4.96 4.96
0.00 0.00 0.00 0.00 0.00 4.69 4.90 4.69 4.58 4.58 4.58 4.58 4.53 4.73 4.53 4.53 4.91 4.91 4.91 4.91 4.93 4.93 4.93 4.93 4.93 4.93 4.93 4.93 5.39 5.13 5.13 5.13 5.31 5.59 5.31 5.31 5.30 5.30 5.30 5.30 5.30 5.30 5.58 5.30 5.27 5.27 5.27 5.27 5.26 5.26 5.26 5.26 5.61 5.34 5.34 5.34 5.37 5.62 5.37 5.37 5.62 5.35 5.35 5.62 5.15 5.15 5.15 5.15 5.20 5.26 5.26 5.26 5.42 5.30 5.59 5.30 5.54 5.27 5.27 5.27 4.96 4.96 4.96 4.96
0.00 0.00 0.00 0.00 0.00 4.67 4.67 4.67 4.55 4.55 4.55 4.55 4.52 4.52 4.72 4.52 4.89 4.89 4.89 4.89 4.93 4.93 5.16 4.93 4.95 5.17 4.95 4.95 5.12 5.67 5.12 5.12 5.29 5.29 5.57 5.29 5.28 5.28 5.28 5.28 5.28 5.28 5.56 5.28 5.24 5.24 5.51 5.24 5.24 5.24 5.24 5.24 5.30 5.30 5.30 5.30 5.29 5.29 5.29 5.29 5.29 5.29 5.29 5.29 5.09 5.09 5.35 5.35 5.11 5.11 5.18 5.18 5.20 5.20 5.20 5.20 5.17 5.17 5.17 5.64 4.86 4.86 4.86 4.86
0.00 0.00 0.00 1.87 0.00 4.78 4.88 4.67 4.55 4.55 4.55 4.55 4.52 4.52 4.52 4.52 4.89 4.89 4.89 4.89 4.93 4.93 4.93 4.93 4.95 5.17 4.95 4.95 5.12 5.19 5.39 5.12 5.29 5.29 5.89 5.29 5.56 5.28 5.28 5.28 5.56 5.28 5.56 5.28 5.24 5.24 5.24 5.24 5.24 5.24 5.24 5.75 5.30 5.57 5.30 5.57 5.29 5.29 5.29 5.29 5.29 5.29 5.29 5.29 5.09 5.09 5.35 5.09 5.11 5.11 5.11 5.18 5.20 5.20 5.82 5.34 5.31 5.31 5.31 5.31 5.11 5.11 5.40 5.11
0.00 0.00 0.00 0.00 4.67 4.67 4.67 4.67 4.55 4.55 4.55 4.55 4.52 4.52 4.52 4.52 5.26 4.89 4.89 4.89 4.93 4.93 5.37 4.93 4.95 4.95 5.17 4.95 4.93 5.12 5.12 5.12 5.29 5.57 5.29 5.57 5.56 5.28 5.28 5.28 5.56 5.28 5.28 5.28 5.24 5.24 5.24 5.51 5.24 5.24 5.24 5.24 5.30 5.30 5.30 5.30 5.29 5.29 5.29 5.29 5.29 5.29 5.29 5.29 5.38 5.09 5.09 5.35 5.11 5.11 5.11 5.11 5.34 5.34 5.34 5.34 5.31 5.31 5.31 5.31 5.11 5.40 5.11 5.11
0.00 0.00 1.87 1.87 5.07 4.67 4.88 4.67 4.55 4.55 4.55 4.55 4.71 4.71 4.52 4.52 5.11 5.11 4.89 4.89 4.93 4.93 5.15 4.93 5.17 4.95 4.95 5.17 4.93 5.12 5.12 5.12 5.29 5.29 5.29 5.29 5.56 5.28 5.28 5.28 5.55 5.28 5.28 5.28 5.24 5.24 5.24 5.24 5.24 5.24 5.24 5.24 5.30 5.30 5.56 5.30 5.29 5.29 5.74 5.29 5.29 5.29 5.56 5.29 5.09 5.09 5.09 5.09 5.11 5.11 5.11 5.33 5.34 5.34 5.19 5.34 5.31 5.50 5.31 5.31 5.11 5.11 5.11 5.11
0.00 0.00 0.00 4.92 4.60 4.60 4.60 4.60 4.70 4.50 4.50 4.50 4.50 4.70 4.50 4.50 4.86 5.33 4.86 4.86 4.91 4.91 4.91 4.91 4.92 4.92 4.92 5.15 4.89 5.09 5.09 5.09 5.26 5.26 5.26 5.26 5.24 5.24 5.24 5.24 5.22 5.22 5.22 5.22 5.15 5.15 5.15 5.15 5.17 5.17 5.17 5.17 5.20 5.20 5.20 5.47 5.21 5.21 5.21 5.21 5.22 5.22 5.49 5.22 5.00 5.00 5.00 5.00 5.02 5.02 5.02 5.22 5.24 5.24 5.24 5.10 5.07 5.21 5.21 5.21 5.01 5.01 5.01 5.01
0.00 0.00 1.87 4.95 4.60 4.60 4.60 4.60 4.50 4.70 4.50 4.50 4.50 4.50 4.72 4.50 4.86 5.35 5.08 4.86 4.91 4.91 5.18 5.14 4.92 4.92 4.92 4.92 5.12 4.89 5.09 5.09 5.26 5.26 5.53 5.26 5.24 5.52 5.24 5.24 5.22 5.49 5.63 5.48 5.15 5.15 5.15 5.15 5.17 5.17 5.17 5.43 5.20 5.20 5.20 5.20 5.21 5.21 5.21 5.21 5.22 5.22 5.22 5.22 5.00 5.00 5.00 5.00 5.02 5.25 5.02 5.22 5.24 5.24 5.24 5.24 5.21 5.21 5.21 5.21 5.01 5.01 5.01 5.01
