New_Model_Runs/5_FutureClimate_BASE_out/post_prcessed_with_MFR/Monthly_summaries/net_infiltration_monthly_APR.asc
NCOLS 700
NROWS 400
XLLCENTER 515000.000000
YLLCENTER 8409000.000000
CELLSIZE 50.000000
NODATA_value -999.000000
[rows 190 to 227 of 400, columns 252 to 335 of 700]
4.47 4.47 4.47 4.47 4.99 4.99 5.14 4.99 4.96 4.96 4.96 4.96 4.90 4.90 4.90 4.90 4.86 4.86 4.86 5.04 5.09 5.41 5.09 5.09 5.31 5.12 5.12 5.12 5.17 5.17 5.17 5.17 5.25 5.25 5.25 5.25 5.12 5.12 5.12 5.12 5.13 5.13 5.13 5.13 5.07 5.07 5.07 5.07 4.92 4.92 4.92 5.67 5.71 5.71 5.71 5.71 4.99 4.99 4.99 4.99 5.07 5.07 5.07 5.26 5.31 5.31 5.12 5.12 5.36 5.36 5.36 5.36 5.35 5.35 5.35 5.35 5.33 5.33 5.33 5.33 5.28 5.28 4.81 4.81
4.47 4.47 4.47 4.62 4.99 4.99 4.99 4.99 4.96 4.96 4.96 4.96 4.90 4.90 4.90 4.90 5.02 4.86 4.86 4.86 5.09 5.09 5.28 5.09 5.12 5.12 5.12 5.31 5.17 5.17 5.17 5.40 5.25 5.25 5.25 5.25 5.47 5.47 5.12 5.12 5.13 5.13 5.13 5.13 5.07 5.07 5.07 5.07 4.92 4.92 5.67 5.67 5.71 5.71 5.71 4.95 4.99 4.99 4.99 5.17 5.24 5.26 5.07 5.07 5.30 5.12 5.12 5.12 5.36 5.36 5.36 5.36 5.35 5.35 5.35 5.35 5.33 5.33 5.33 5.81 5.28 5.28 5.28 5.28
4.43 4.43 4.43 4.43 4.90 5.22 4.90 4.90 5.00 4.82 4.82 4.82 4.76 4.76 4.76 4.76 4.79 4.95 4.79 4.79 5.09 5.09 5.09 5.09 5.13 5.13 5.13 5.13 5.15 5.15 5.15 5.15 5.17 5.17 5.17 5.17 5.38 5.38 5.38 4.98 4.98 4.98 4.98 4.98 4.90 4.90 4.90 4.90 4.83 5.55 5.55 5.55 5.75 5.75 5.75 4.98 5.04 5.04 5.04 5.22 5.10 5.10 5.10 5.10 5.16 5.34 5.16 5.16 5.38 5.38 5.38 5.38 5.40 5.40 5.40 5.40 5.42 5.42 5.42 5.42 5.83 5.35 5.35 5.35
4.43 4.43 4.43 4.43 4.90 5.24 4.90 4.90 4.82 4.82 4.82 4.82 4.76 4.76 4.76 4.76 4.79 4.79 4.79 4.79 5.09 5.09 5.09 5.09 5.13 5.13 5.13 5.13 5.15 5.15 5.15 5.47 5.17 5.17 5.17 5.17 5.38 5.38 5.38 5.38 5.38 4.98 4.98 4.98 4.90 4.90 5.65 5.65 4.83 5.55 5.55 5.55 5.75 5.75 5.75 4.98 5.04 5.04 5.56 5.04 5.10 5.10 5.10 5.10 5.16 5.16 5.16 5.16 5.38 5.38 5.38 5.38 5.40 5.40 5.40 5.40 5.42 5.42 5.42 5.42 5.35 5.35 5.35 5.35
5.21 5.21 5.21 5.21 5.67 6.10 5.67 5.67 5.59 5.59 6.00 5.59 5.51 5.51 5.91 5.51 5.55 5.55 5.55 5.55 5.49 5.49 5.49 5.49 5.54 5.54 5.54 5.54 5.55 5.55 5.55 5.55 5.57 5.57 5.57 5.57 5.43 5.43 5.43 5.43 5.43 5.43 5.07 5.07 4.99 5.77 5.77 5.77 5.67 5.67 5.67 5.67 5.94 5.94 5.94 5.21 5.22 5.41 5.22 5.22 5.28 5.28 5.28 5.28 5.51 5.34 5.34 5.34 5.29 5.29 5.47 5.29 5.30 5.30 5.30 5.30 5.32 5.43 5.32 5.32 5.26 5.26 5.55 5.26
5.21 5.21 5.21 5.21 5.67 5.67 6.08 5.67 5.59 5.59 5.59 5.59 5.51 5.51 5.51 5.51 5.55 5.55 5.55 5.55 5.49 5.49 5.49 5.49 5.54 5.54 5.54 5.54 5.55 5.55 5.55 5.55 5.57 5.57 5.57 5.57 5.43 5.43 5.43 5.43 5.43 5.43 5.43 5.07 5.77 5.77 5.77 4.99 4.91 5.67 5.67 4.91 5.16 5.94 5.94 5.94 5.22 5.22 5.57 5.22 5.28 5.28 5.28 5.28 5.34 5.34 5.34 5.52 5.29 5.29 5.29 5.47 5.30 5.30 5.30 5.30 5.32 5.32 5.84 5.32 5.26 5.44 5.26 5.26
5.57 5.57 5.57 5.20 5.57 5.57 5.57 5.57 5.49 5.49 5.88 5.49 5.58 5.58 5.58 5.58 5.71 5.71 5.71 5.71 5.61 5.61 5.61 5.61 5.61 5.61 5.61 5.61 5.61 5.61 5.61 5.61 5.62 5.62 5.62 5.62 5.42 5.42 5.42 5.42 5.35 5.35 5.35 5.35 5.30 4.95 4.95 4.95 4.93 4.93 4.93 4.93 5.99 5.99 5.99 5.99 5.24 5.62 5.24 5.24 5.28 5.28 5.28 5.28 5.34 5.34 5.34 5.34 5.31 5.31 5.31 5.31 5.54 5.36 5.36 5.36 5.37 5.37 5.37 5.37 5.27 5.27 5.27 5.27
5.20 5.20 5.20 5.61 5.57 5.57 5.57 5.57 5.49 5.49 5.49 5.49 5.58 5.58 5.58 5.58 5.71 5.71 5.71 5.71 5.61 5.61 5.61 5.61 5.61 5.61 5.61 5.61 5.61 5.61 5.61 5.61 5.62 5.62 5.62 5.62 5.42 5.42 5.42 5.42 5.35 5.35 5.35 5.35 5.30 5.30 4.95 4.95 4.93 4.93 4.93 4.93 5.99 5.99 5.99 5.99 4.52 4.52 5.24 5.24 5.28 5.28 5.28 5.28 5.34 5.34 5.34 5.34 5.31 5.31 5.31 5.31 5.36 5.36 5.36 5.36 5.37 5.37 5.37 5.37 5.27 5.27 5.27 5.27
5.20 5.20 5.20 5.61 5.57 5.57 5.57 5.57 5.49 5.49 5.49 5.49 5.58 5.58 5.58 5.58 5.71 5.71 5.71 5.71 5.61 5.61 5.61 5.61 5.61 5.61 5.61 5.61 5.61 5.61 5.61 5.61 5.62 5.62 5.62 5.62 5.42 5.42 5.42 5.42 5.35 5.35 5.35 5.35 5.30 5.30 5.30 5.30 4.93 4.93 4.93 4.93 5.99 5.99 5.20 5.99 6.04 6.04 5.24 5.24 5.28 5.28 5.28 5.28 5.34 5.34 5.34 5.34 5.31 5.31 5.31 5.31 5.36 5.36 5.36 5.36 5.37 5.37 5.56 5.55 5.27 5.27 5.27 5.40
5.20 5.20 5.20 5.20 5.57 5.57 5.57 5.57 5.88 5.49 5.49 5.49 5.58 5.58 5.58 5.58 5.71 5.71 5.71 5.71 5.61 5.61 5.61 5.61 5.61 5.61 5.61 5.61 5.61 5.61 5.61 5.61 5.62 5.62 5.62 5.62 5.42 5.42 5.42 5.42 5.35 5.35 5.35 5.35 5.30 5.30 5.30 5.30 5.27 4.93 4.93 4.93 5.20 5.20 5.20 5.20 5.24 5.24 5.24 5.24 5.28 5.28 5.28 5.28 5.34 5.34 5.34 5.34 5.50 5.49 5.49 5.49 5.36 5.36 5.36 5.36 5.37 5.56 5.37 5.37 5.27 5.27 5.27 5.27
5.17 5.17 5.17 5.17 5.51 5.51 5.51 5.51 6.34 5.54 5.54 5.54 5.74 5.74 5.74 5.74 5.85 5.85 5.85 5.85 5.71 5.71 5.71 5.71 5.69 5.69 5.69 5.69 5.72 5.72 5.72 5.72 5.73 5.73 5.73 5.73 5.47 5.47 5.47 5.47 5.38 5.38 5.76 5.38 5.30 5.30 5.68 5.30 5.29 5.29 5.29 4.95 5.26 5.26 5.26 5.26 5.30 5.30 5.30 5.30 5.31 5.31 5.31 5.31 5.34 5.34 5.34 5.34 5.74 5.31 5.31 5.31 5.36 5.36 5.36 5.36 5.54 5.35 5.35 5.35 5.24 5.24 5.24 5.50
5.17 5.17 5.17 5.17 5.51 5.91 5.91 5.51 5.54 5.54 5.54 5.54 5.74 5.74 5.74 5.74 5.85 5.85 5.85 5.85 5.71 5.71 5.71 5.71 5.69 5.69 5.69 5.69 5.72 5.72 5.72 5.72 5.73 5.73 5.73 5.73 5.47 5.47 5.87 5.47 5.76 5.76 5.38 5.38 5.30 5.30 5.30 5.30 5.29 5.29 5.80 5.29 5.26 5.26 5.26 5.26 5.30 5.30 5.30 5.30 5.31 5.31 5.31 5.31 5.34 5.34 5.34 5.53 5.31 5.31 5.31 5.31 5.36 5.36 5.36 5.36 5.35 5.35 5.35 5.54 5.75 5.66 5.42 5.37
5.17 5.17 5.17 5.17 5.51 5.51 5.51 5.51 5.54 5.54 5.54 5.54 5.74 5.74 5.74 5.74 5.85 5.85 5.85 6.41 5.71 5.71 5.71 5.71 5.69 5.69 5.69 5.69 5.72 5.72 5.72 5.72 5.73 5.73 5.73 6.13 5.47 5.47 5.47 5.47 5.38 5.38 5.38 5.38 5.30 5.30 5.30 5.30 5.29 5.29 5.80 5.29 5.60 5.26 5.26 5.26 5.30 5.30 5.30 5.30 5.31 5.31 5.31 5.31 5.34 5.34 5.34 5.34 5.31 5.31 5.31 5.31 5.36 5.36 5.36 5.36 5.35 5.54 5.35 5.35 5.24 5.24 5.42 5.24
5.17 5.54 5.54 5.57 5.51 5.51 5.51 5.51 5.54 5.54 5.54 5.54 5.74 6.19 5.74 5.74 5.85 5.85 5.85 6.41 6.80 5.71 5.71 5.71 5.69 5.69 5.69 5.69 5.72 5.72 5.72 5.72 5.73 6.27 5.73 5.73 5.47 5.47 5.47 5.47 5.38 5.38 5.38 5.38 5.68 5.30 5.30 5.30 5.29 5.29 5.29 5.29 5.60 5.60 5.60 5.26 5.30 5.30 5.49 5.30 5.31 5.31 5.31 5.31 5.34 5.34 5.34 5.34 5.31 5.31 5.31 5.31 5.36 5.36 5.36 5.89 5.35 5.35 5.54 5.35 5.24 5.24 5.24 5.24
5.14 5.14 5.14 5.14 5.49 5.49 5.49 5.49 5.60 5.60 5.60 5.60 5.80 5.80 5.80 5.80 5.88 5.88 5.88 6.45 6.30 5.76 6.19 5.76 5.76 5.76 5.76 5.76 5.77 5.77 5.77 6.31 6.25 5.76 5.72 5.72 5.44 5.44 5.44 5.44 5.36 5.36 5.36 5.36 5.67 5.30 5.30 5.30 5.34 5.34 5.34 5.34 5.64 5.64 5.64 5.64 5.34 5.34 5.34 5.34 5.36 5.36 5.36 5.36 5.39 5.39 5.39 5.39 5.34 5.34 5.34 5.34 5.37 5.37 5.37 5.56 5.33 5.33 5.33 5.33 5.21 5.21 5.21 5.21
5.13 5.14 5.14 5.14 5.49 5.49 5.49 5.49 6.02 5.60 5.60 5.60 5.80 5.80 5.80 5.80 5.88 5.88 6.45 6.45 6.37 5.76 5.76 5.76 5.76 5.76 6.31 5.76 5.77 5.77 6.31 6.31 6.31 5.72 5.72 5.72 5.44 5.44 5.44 5.44 5.36 5.36 5.36 5.36 5.30 5.30 5.30 5.30 5.34 5.34 5.34 5.34 5.64 5.64 5.64 5.64 5.68 5.68 5.34 5.34 5.36 5.36 5.36 5.36 5.39 5.39 5.39 5.39 5.34 5.34 5.34 5.34 5.37 5.37 5.37 5.37 5.33 5.33 5.33 5.33 5.21 5.21 5.21 5.21
5.13 5.14 5.14 5.14 5.49 5.49 5.49 5.49 5.60 5.60 5.60 5.60 5.80 5.80 5.80 5.80 5.88 5.88 6.45 6.45 6.30 5.76 5.76 5.76 5.76 6.31 6.31 6.31 6.31 6.31 6.31 6.31 5.72 5.72 6.14 5.72 5.44 5.44 5.84 5.44 5.36 5.36 5.75 5.36 5.30 5.30 5.30 5.30 5.34 5.34 5.34 5.34 5.64 5.64 5.64 5.64 5.68 6.42 5.68 5.34 5.36 5.36 5.36 5.36 5.39 5.39 5.39 5.39 5.34 5.34 5.34 5.34 5.37 5.37 5.37 5.37 5.33 5.33 5.33 5.33 5.21 5.21 5.21 5.21
5.13 5.14 5.14 5.14 5.49 5.49 5.49 5.49 5.60 5.60 5.60 5.60 5.80 5.80 5.80 5.80 5.88 5.88 6.45 6.45 6.30 6.30 5.76 5.76 5.76 6.31 6.31 6.31 6.31 6.31 6.38 5.77 5.72 5.72 5.72 5.72 5.44 5.44 5.44 5.44 5.36 5.36 5.75 5.74 5.30 5.30 5.30 5.30 5.34 5.34 5.34 5.34 5.64 5.64 5.64 5.64 5.68 5.68 5.68 5.68 5.71 5.36 5.36 5.36 5.39 5.39 5.39 5.39 5.34 5.34 5.34 5.34 5.37 5.37 5.37 5.77 5.33 5.33 5.33 5.33 5.21 5.71 5.21 5.21
5.07 5.07 5.09 5.09 5.50 5.50 5.50 5.50 5.71 5.71 5.71 5.71 5.85 5.85 5.85 5.85 5.90 5.90 6.47 6.47 6.34 6.34 5.79 5.79 6.33 6.33 7.39 6.33 6.25 6.97 6.15 5.72 5.62 5.62 5.62 5.62 5.40 5.40 5.40 5.40 5.34 5.34 5.34 5.34 5.32 5.32 5.32 5.32 5.38 5.38 5.38 5.38 5.64 5.64 5.64 5.64 5.71 5.71 5.71 5.71 5.76 5.76 5.40 5.40 5.43 5.43 5.43 5.43 5.39 5.39 5.39 5.39 5.40 5.40 6.33 5.12 5.32 6.02 6.02 5.32 5.18 5.18 5.18 5.18
5.07 5.50 5.09 5.09 5.50 5.50 5.50 5.50 5.71 5.71 5.71 5.71 5.85 5.85 5.85 5.85 5.90 5.90 6.47 6.47 6.34 6.34 6.34 6.34 6.33 7.39 7.82 6.33 6.25 5.72 5.72 6.18 5.62 5.62 5.62 5.62 5.40 5.40 5.40 5.40 5.34 5.34 5.34 5.34 5.32 5.32 5.32 5.32 5.38 5.38 5.38 5.38 5.65 5.65 5.65 5.65 5.71 5.71 5.71 5.71 5.76 5.76 5.76 5.76 5.43 5.43 5.43 5.43 5.39 5.39 5.61 6.54 6.55 4.69 6.33 5.12 6.02 6.02 6.02 6.02 5.18 5.18 5.18 5.18
5.86 5.86 5.85 5.85 5.80 5.80 5.80 5.80 6.01 6.01 6.01 6.01 6.16 6.16 6.16 6.16 6.21 6.21 6.83 6.83 5.89 6.02 7.00 7.00 7.00 7.00 7.00 5.89 5.81 5.33 5.33 5.33 5.60 5.23 5.23 5.23 4.87 4.87 4.87 4.87 5.07 4.81 4.81 4.81 4.79 4.79 4.79 4.79 4.85 4.85 4.85 4.85 4.86 4.86 4.86 4.86 4.92 4.92 4.92 4.92 4.96 3.62 4.96 4.96 4.99 4.63 4.63 4.63 4.42 4.64 1.57 1.57 1.35 3.24 4.13 4.06 4.89 4.89 4.89 4.89 4.24 4.24 4.24 4.24
5.86 5.89 5.86 5.85 5.80 5.80 5.80 5.80 6.01 6.01 6.01 6.01 6.16 6.16 6.16 6.16 6.21 6.83 6.83 6.83 5.89 7.00 7.00 7.00 7.00 7.39 5.89 5.89 5.33 5.33 5.33 5.33 5.23 5.23 5.23 5.23 4.87 4.87 4.87 4.87 4.81 5.07 4.81 4.81 4.79 4.79 4.79 4.79 4.85 4.85 4.85 4.85 4.86 4.86 4.86 4.86 4.92 4.92 4.92 4.92 5.18 4.96 4.96 3.62 4.99 4.99 4.63 4.63 4.96 4.42 4.17 7.43 7.43 5.46 5.19 4.97 4.36 4.36 4.36 4.36 4.24 4.24 4.24 4.24
5.90 5.78 5.78 5.78 5.89 5.89 5.89 5.89 6.13 6.13 6.13 6.13 6.20 6.20 6.20 6.20 6.22 6.85 6.85 6.85 5.89 7.00 7.00 7.00 6.96 6.96 5.36 5.36 5.25 5.25 5.25 5.25 5.20 5.20 5.20 5.20 4.86 4.86 4.86 5.12 4.81 4.81 4.81 4.81 4.83 4.83 4.83 4.83 4.88 4.88 4.88 4.88 4.89 4.89 4.89 4.89 4.92 4.92 4.92 4.92 4.96 4.96 4.96 4.91 3.62 4.99 4.99 4.31 3.73 5.17 3.53 7.46 3.43 4.13 4.93 4.39 4.29 4.29 4.29 4.62 4.22 4.22 4.22 4.22
5.78 5.82 5.78 5.78 5.89 5.89 5.89 5.89 6.13 6.13 6.13 6.13 6.20 6.20 6.20 6.20 6.22 6.85 6.85 6.85 5.89 7.00 7.00 7.00 6.96 5.36 5.36 5.36 5.25 5.25 5.25 5.25 5.20 5.20 5.20 5.20 5.45 4.86 4.86 4.86 4.81 4.81 4.81 4.81 4.83 4.83 4.83 4.83 4.88 4.88 4.88 4.88 4.89 4.89 4.89 4.89 4.92 4.92 4.92 4.92 4.96 4.96 5.31 4.96 3.62 4.99 4.99 4.31 3.95 3.24 3.24 7.24 4.13 4.35 4.93 4.39 4.29 4.29 4.29 4.29 4.22 4.22 4.22 4.22
5.78 5.78 5.78 5.78 5.89 5.89 5.89 5.89 6.13 6.13 6.13 6.13 6.20 6.20 6.20 6.20 6.22 6.85 6.85 6.85 5.89 7.00 7.00 7.00 6.96 5.36 5.75 5.36 5.25 5.25 5.63 5.25 5.20 5.20 5.20 5.20 5.19 4.86 4.86 4.86 5.07 4.81 4.81 4.81 4.83 4.83 4.83 4.83 4.88 4.88 4.88 4.88 4.89 4.89 4.89 4.89 4.92 4.92 4.92 4.92 4.96 4.96 4.96 4.98 5.34 4.99 4.99 4.99 3.95 3.29 3.29 7.20 4.13 4.96 4.39 4.39 4.29 4.29 4.29 4.29 4.22 4.22 4.22 4.22
5.78 5.78 5.78 5.78 5.89 5.89 5.89 5.89 6.13 6.13 6.13 6.13 6.20 6.20 6.20 6.20 6.22 6.85 6.85 6.85 7.00 7.00 7.00 7.00 7.35 5.84 5.75 5.36 5.25 5.25 5.63 5.25 5.20 5.20 5.20 5.20 5.71 4.86 4.86 4.86 4.81 4.81 4.81 4.81 4.83 4.83 4.83 4.83 4.88 4.88 4.88 4.88 4.89 4.89 4.89 4.89 4.92 4.92 4.92 4.92 4.96 4.96 4.96 5.65 4.63 4.99 4.99 4.99 5.07 4.17 3.29 4.17 7.20 4.93 3.59 4.39 4.29 4.29 4.29 4.29 4.22 4.22 4.22 4.22
5.83 5.80 5.80 5.80 5.94 6.02 6.02 6.02 6.20 6.20 6.20 6.20 6.23 6.23 6.23 6.23 6.22 6.85 6.85 7.83 6.98 6.98 6.98 7.38 6.98 5.82 5.82 5.34 5.23 5.23 5.23 5.23 5.19 5.19 5.19 5.91 4.86 4.86 4.86 4.86 4.86 4.86 4.86 4.86 4.86 4.86 4.86 4.86 4.88 3.46 4.88 4.88 4.91 4.91 4.91 4.91 4.93 4.93 4.93 4.93 4.94 5.20 4.94 5.28 4.62 4.99 4.56 4.52 3.92 4.83 3.51 3.29 8.01 4.36 3.73 4.34 4.28 4.28 4.28 4.28 4.27 4.27 4.27 4.27
5.80 5.80 5.80 5.80 5.94 6.02 6.02 6.02 6.20 6.20 6.20 6.20 6.23 6.23 6.23 6.86 6.85 6.85 7.83 7.83 6.98 6.98 6.98 6.98 6.94 5.82 4.61 5.71 5.23 5.23 5.23 5.23 5.19 5.19 5.19 5.19 4.86 4.86 4.86 4.86 4.86 4.86 4.86 4.86 4.86 4.86 4.86 4.86 4.85 4.88 4.88 4.88 4.91 4.91 5.17 4.91 4.93 4.93 4.93 4.93 4.94 4.94 4.94 5.28 4.62 4.54 4.76 4.84 4.46 3.98 3.51 6.95 1.70 4.36 3.92 5.08 5.01 4.28 4.28 4.79 4.78 4.78 4.27 4.55
5.80 5.80 5.80 5.80 5.94 5.94 6.02 6.02 6.20 6.20 6.20 6.20 6.86 5.67 6.86 6.86 6.85 6.85 7.83 7.83 6.98 6.98 6.98 6.22 6.22 5.82 5.82 5.34 5.70 5.70 5.23 5.23 5.19 5.19 5.19 5.19 4.86 4.86 4.86 4.86 4.86 4.86 4.86 4.86 4.86 4.86 4.86 4.86 4.88 4.88 4.88 4.88 4.91 4.91 4.91 4.91 4.93 4.93 4.93 4.93 4.94 4.94 5.28 4.96 4.62 4.31 4.35 3.69 4.17 3.44 3.29 7.46 3.73 3.92 3.51 3.04 1.14 3.62 4.79 4.79 4.78 2.93 3.10 3.48
5.80 5.80 5.80 5.80 5.94 5.94 6.02 6.02 6.20 6.20 6.20 6.20 6.86 6.18 6.18 5.94 6.85 7.83 7.83 7.83 6.98 5.40 5.43 6.22 6.22 6.94 5.82 5.82 5.41 5.70 5.70 5.23 5.19 5.19 5.19 4.61 4.21 4.39 4.86 4.86 4.86 4.86 4.86 4.86 4.86 4.86 4.86 5.08 4.88 4.88 4.88 4.88 4.91 4.91 5.17 4.91 4.93 4.93 4.93 4.93 4.94 4.94 5.28 5.28 4.54 4.54 3.69 3.69 4.14 3.51 3.51 7.02 3.29 3.29 0.92 4.65 4.43 4.43 4.43 6.33 4.43 2.82 0.92 2.82
5.90 5.90 5.90 5.90 6.03 6.03 6.10 6.10 6.22 6.22 6.22 6.22 6.87 6.18 5.94 5.94 7.82 7.82 7.82 7.82 6.98 5.40 6.22 6.22 4.67 4.67 4.97 5.82 5.66 5.70 6.14 5.57 5.12 5.12 5.12 5.12 1.78 4.20 4.89 4.89 4.92 4.92 4.92 4.92 4.88 4.88 4.88 4.88 4.87 4.87 4.87 4.87 4.92 4.92 5.26 4.92 4.95 4.95 4.95 4.90 4.89 4.93 5.26 5.26 4.97 4.31 3.69 1.11 3.92 4.14 3.51 7.02 3.29 4.43 4.65 0.92 2.85 2.82 3.08 0.00 4.43 6.33 4.43 4.43
5.90 5.90 5.90 5.90 6.03 6.03 6.03 6.10 6.22 6.22 6.22 6.22 10.38 6.18 6.87 7.84 7.82 7.82 7.82 7.82 6.98 6.22 6.28 6.22 4.89 4.49 8.00 6.04 5.66 6.13 5.66 5.20 5.12 5.12 5.12 5.12 4.89 4.72 4.57 5.11 4.92 4.92 4.92 4.92 4.88 4.88 4.88 4.88 4.87 4.87 4.87 4.87 4.92 4.92 4.62 4.62 4.34 4.95 4.90 3.62 3.62 3.85 4.93 5.26 5.50 4.52 3.69 1.14 0.99 1.47 1.69 4.54 6.33 4.65 3.07 2.82 2.82 2.85 1.28 0.00 0.00 0.00 2.85 6.33
5.90 5.90 5.90 5.90 6.03 6.03 6.03 6.10 6.22 6.22 6.22 6.22 9.45 5.94 6.87 7.84 7.82 7.82 7.82 7.82 6.98 7.42 6.22 6.22 4.75 8.19 8.92 6.04 5.66 5.66 5.20 5.20 5.23 5.12 5.12 5.12 4.51 4.63 4.43 5.67 4.92 4.88 4.92 4.92 4.88 4.88 4.88 4.88 4.87 4.87 4.87 4.17 4.92 4.92 4.62 7.86 4.52 5.28 5.19 3.62 3.62 3.62 4.93 4.93 5.16 4.56 3.69 3.69 4.54 7.17 4.76 4.43 2.82 2.82 3.50 3.50 2.82 3.79 0.00 0.00 0.00 0.00 0.00 4.94
5.90 5.90 5.90 5.90 6.03 6.03 6.03 6.08 6.22 6.22 6.22 5.94 9.45 5.94 7.84 7.84 7.82 7.82 7.82 7.82 6.98 6.98 6.98 6.02 8.00 8.40 5.34 5.34 5.66 5.20 5.56 5.20 5.23 5.12 5.23 5.32 4.89 5.23 4.85 4.23 4.73 4.51 4.95 4.92 4.88 4.88 4.88 4.88 4.87 4.87 4.87 4.17 4.92 4.31 8.13 7.24 4.54 4.98 3.91 3.73 3.62 4.89 3.84 5.15 4.62 4.31 7.33 7.20 0.99 1.03 2.82 3.26 4.01 3.50 2.82 2.82 2.82 3.79 0.00 0.00 0.00 0.00 0.00 0.00
5.86 5.86 5.86 5.86 6.06 6.19 6.06 6.06 6.23 4.47 6.86 9.45 10.90 7.39 7.83 7.83 7.80 7.80 7.80 7.80 6.97 7.37 6.22 6.06 8.87 5.30 5.30 5.30 5.57 5.12 5.12 5.12 5.21 4.40 4.40 5.09 4.90 4.90 4.17 4.82 4.43 4.51 4.51 4.94 5.10 4.88 4.88 4.88 4.89 4.89 4.89 4.17 4.31 7.82 4.16 3.91 7.20 1.33 3.91 4.62 3.62 3.62 4.04 1.36 4.66 7.20 3.91 3.91 4.14 2.82 3.50 4.16 4.23 2.82 2.85 4.23 3.04 2.82 0.00 0.00 0.00 0.00 0.00 0.00
5.86 5.86 5.86 5.86 6.06 6.06 6.06 6.06 4.47 7.50 6.18 10.90 7.83 6.07 7.83 7.83 7.80 7.80 7.80 7.80 6.97 7.19 4.71 7.97 4.24 5.52 5.30 5.30 5.12 5.48 5.12 4.40 5.09 4.40 4.40 5.24 4.90 4.90 4.90 7.21 7.01 3.57 4.53 4.94 4.88 5.10 4.88 4.88 4.89 4.89 4.89 4.89 4.91 7.82 3.98 3.69 7.20 7.42 1.36 1.14 4.35 3.73 4.66 4.66 4.66 4.54 4.52 3.91 4.01 3.79 3.50 3.27 3.72 3.29 3.79 3.26 3.26 2.85 3.79 0.00 0.00 0.00 0.00 0.00
5.84 5.84 5.84 5.84 5.76 5.76 5.76 5.76 6.04 5.52 9.03 7.46 7.56 7.56 7.56 7.46 7.44 7.44 7.44 8.35 6.44 6.66 7.83 7.61 3.88 5.33 5.11 4.78 4.62 4.62 4.78 3.68 3.68 3.68 3.68 4.59 4.39 4.39 4.39 4.61 6.62 3.13 3.56 3.91 3.91 4.38 4.38 4.38 3.12 4.38 4.26 3.12 7.77 3.28 3.07 3.06 2.42 5.93 4.32 4.32 6.19 7.01 4.75 0.80 6.86 3.35 3.06 2.30 4.16 3.97 3.56 3.56 4.41 4.22 3.89 4.37 3.97 4.16 4.37 0.00 0.00 0.00 0.00 0.00
5.84 5.84 5.84 5.84 5.76 5.76 5.76 5.76 6.04 9.03 9.03 7.05 6.11 6.11 7.56 7.46 7.44 7.44 7.65 9.08 6.44 6.66 8.27 4.10 5.33 5.11 5.11 4.78 4.62 4.62 4.62 3.68 3.68 3.68 3.68 3.68 4.39 4.39 4.39 3.91 3.54 6.58 3.06 4.64 4.59 4.38 4.38 4.38 4.26 3.66 3.12 3.12 2.91 6.79 3.07 4.32 4.32 4.32 4.24 2.42 1.02 3.72 4.75 0.78 4.30 2.41 2.88 1.74 4.16 3.62 4.18 2.32 4.63 3.98 3.76 3.78 3.75 3.75 0.00 0.00 0.00 0.00 0.00 0.00
