New_Model_Runs/5_FutureClimate_BASE_out/post_prcessed_with_MFR/Monthly_summaries/net_infiltration_monthly_SEP.asc
NCOLS 700
NROWS 400
XLLCENTER 515000.000000
YLLCENTER 8409000.000000
CELLSIZE 50.000000
NODATA_value -999.000000
[rows 266 to 303 of 400, columns 252 to 335 of 700]
7.88 7.99 8.97 9.19 7.73 7.73 7.73 7.73 7.79 7.73 2.09 7.28 7.28 7.50 11.23 7.28 11.01 7.28 7.28 7.50 6.93 1.98 6.43 6.43 9.08 9.29 8.87 5.12 8.30 5.09 5.09 4.87 4.87 9.07 9.35 9.13 1.92 9.21 5.27 5.38 5.27 5.27 5.27 1.48 9.86 6.34 6.11 4.88 5.15 5.15 5.37 5.59 5.22 4.94 5.22 5.00 1.47 4.41 5.44 9.38 5.16 8.51 8.51 4.78 4.78 4.78 4.78 4.78 1.29 0.00 0.00 0.00 0.00 1.29 1.29 4.84 4.84 1.29 1.29 1.29 4.84 0.00 0.00 0.00
7.99 8.97 8.76 8.97 8.06 7.73 7.73 7.73 7.73 7.73 7.28 7.28 10.79 11.39 11.01 11.08 11.01 6.97 7.28 7.50 6.93 1.77 6.43 6.43 9.94 1.44 1.44 4.79 5.09 1.58 5.12 5.12 5.12 6.22 5.83 5.48 5.48 5.53 1.48 5.27 5.27 5.27 5.38 1.48 4.99 6.34 6.29 4.88 5.15 6.05 6.05 5.56 4.78 4.94 1.69 5.22 1.26 4.78 5.00 8.51 8.29 8.51 5.00 4.78 5.00 5.00 4.78 4.78 1.29 0.00 0.00 0.00 0.00 4.84 1.29 1.29 1.29 1.29 4.84 0.00 0.00 0.00 0.00 0.00
7.88 8.95 9.12 8.72 7.73 7.73 7.73 7.73 7.95 7.95 7.28 10.79 11.33 8.03 8.69 12.20 5.60 10.48 7.28 7.72 6.87 1.77 1.98 1.98 1.77 1.44 1.44 1.36 4.87 5.12 5.12 6.41 1.72 2.08 5.91 5.91 5.27 5.27 1.48 5.27 5.27 1.48 5.27 4.99 8.48 8.48 5.19 6.32 6.03 6.03 6.03 6.03 4.78 4.78 8.51 1.26 4.78 8.29 4.77 1.26 1.26 5.00 8.51 4.78 5.00 4.78 4.78 1.26 4.84 0.00 0.00 0.00 4.84 1.29 1.29 1.29 4.84 4.84 0.00 0.00 0.00 0.00 0.00 0.00
8.98 8.76 9.20 9.08 7.73 7.73 8.34 11.01 10.97 11.68 10.79 11.24 7.88 8.03 8.91 8.47 7.28 7.50 7.72 7.95 6.87 6.52 2.69 6.43 5.89 1.77 5.12 5.34 4.87 5.12 5.12 5.12 1.86 5.70 1.94 5.45 1.48 5.27 5.27 5.27 1.58 5.00 5.00 4.87 4.87 1.79 6.32 6.10 6.09 6.03 6.03 6.09 4.78 4.78 8.29 4.77 4.77 1.26 1.26 1.26 1.26 1.47 1.47 4.78 4.78 4.78 4.78 1.26 4.84 0.00 4.84 1.29 1.29 1.29 4.30 4.84 4.84 0.00 0.00 0.00 0.00 0.00 0.00 0.00
8.98 8.68 8.68 8.76 10.60 10.26 10.89 7.60 7.60 7.28 8.17 8.16 7.94 7.50 7.94 2.31 7.57 7.50 7.94 8.39 6.87 6.43 6.43 6.43 6.49 6.43 5.12 1.54 8.64 5.34 5.12 5.12 5.62 5.48 5.48 8.99 4.93 5.27 5.27 1.48 4.87 4.87 4.87 8.66 5.15 6.49 6.54 6.50 5.10 6.03 6.33 6.09 3.63 4.78 8.29 4.77 1.26 1.26 1.26 1.43 4.78 1.26 1.26 4.78 4.78 1.26 1.26 4.78 4.84 4.84 1.29 1.29 1.29 4.84 0.00 0.00 5.06 5.06 0.00 0.00 0.00 0.00 0.00 0.00
9.09 8.76 8.68 6.74 10.89 7.38 7.38 7.38 6.80 6.97 7.50 2.97 8.16 7.28 7.28 7.28 8.11 8.11 8.11 8.33 6.29 6.43 6.65 6.65 6.43 4.75 1.82 4.94 5.34 5.34 5.34 5.48 5.48 1.50 5.62 5.01 4.99 4.99 8.48 5.00 4.87 8.48 4.52 5.15 5.15 6.05 1.55 5.37 5.37 5.15 6.03 6.09 7.14 4.77 1.47 1.26 1.26 4.78 4.78 1.26 1.26 4.78 4.78 1.26 1.26 4.78 4.78 4.78 1.29 1.29 1.29 4.84 0.00 0.00 0.00 0.00 0.00 0.00 0.00 0.00 0.00 0.00 0.00 0.00
8.76 8.94 11.20 11.76 7.38 7.38 7.38 7.38 7.73 7.19 2.09 2.31 2.09 2.09 7.19 7.95 8.00 8.08 7.28 7.28 5.89 6.43 6.65 1.77 6.65 4.97 1.58 4.87 1.56 5.76 1.36 5.12 5.01 1.50 6.14 9.13 4.99 1.36 5.37 5.19 4.97 5.56 5.15 5.15 5.37 5.37 5.15 5.15 5.15 5.15 8.66 8.03 4.19 1.47 1.69 1.47 4.78 4.78 1.26 1.26 1.26 4.78 1.26 1.26 4.78 4.78 1.26 1.26 1.45 4.84 1.29 0.00 0.00 0.00 0.00 0.00 0.00 0.00 0.00 0.00 0.00 0.00 0.00 0.00
8.94 11.20 11.76 8.25 7.60 7.60 7.38 7.73 7.73 7.72 7.72 8.24 7.28 7.94 7.72 8.23 8.08 7.28 2.09 7.63 5.89 6.65 6.87 6.43 5.56 5.56 5.34 8.86 5.34 5.12 5.12 5.80 5.01 1.50 6.14 6.14 8.45 5.56 5.37 5.19 1.36 5.56 6.04 6.04 6.24 5.37 5.15 1.79 9.10 8.03 5.15 5.59 3.63 1.26 1.26 1.26 4.78 4.78 1.26 4.78 1.26 1.26 4.78 4.78 1.26 1.26 1.26 4.78 4.84 0.00 0.00 0.00 0.00 0.00 0.00 0.00 0.00 0.00 0.00 0.00 0.00 0.00 0.00 0.00
7.75 11.38 7.87 7.65 6.58 7.41 7.50 7.28 7.28 7.05 7.27 7.27 7.05 7.27 7.27 6.83 6.83 1.98 6.83 7.39 6.77 6.59 2.99 5.81 6.34 6.30 5.25 9.63 6.10 8.97 5.03 4.85 4.85 5.15 5.79 5.27 8.77 8.61 4.88 4.50 4.66 5.65 5.65 5.65 5.63 4.66 4.66 5.18 8.19 4.46 4.68 3.99 4.49 1.57 4.49 1.57 1.57 5.54 1.57 1.57 5.54 5.54 5.54 1.57 1.57 1.57 5.54 5.54 0.00 0.00 0.00 0.00 0.00 0.00 0.00 0.00 0.00 0.00 0.00 0.00 0.00 0.00 0.00 0.00
11.48 11.20 11.38 10.60 6.41 6.41 7.05 6.83 7.28 6.83 7.05 6.83 6.83 6.83 10.56 10.56 10.34 10.34 10.28 11.12 6.99 6.59 6.81 5.47 5.67 5.89 9.20 5.04 5.04 5.25 5.03 5.22 1.31 4.85 5.66 5.27 5.38 8.61 4.88 5.08 5.65 5.64 5.08 5.08 5.08 7.61 7.97 4.46 4.46 3.55 3.55 3.55 4.49 1.57 1.57 5.54 5.54 1.57 5.54 5.54 5.54 1.57 1.57 1.57 5.54 5.54 5.87 5.64 0.00 0.00 0.00 0.00 0.00 0.00 0.00 0.00 0.00 0.00 0.00 0.00 0.00 0.00 0.00 0.00
10.82 7.03 7.09 9.80 9.92 10.49 10.78 11.22 10.78 10.34 10.56 10.56 10.34 10.56 7.49 7.27 7.05 6.77 6.62 10.34 9.88 9.88 5.98 5.00 8.98 9.42 9.42 8.98 1.75 1.75 5.03 5.07 5.07 4.85 4.85 5.66 4.77 4.77 8.17 4.66 4.66 4.88 5.84 8.59 7.06 3.55 4.46 3.55 3.55 3.55 3.55 3.55 5.54 5.54 5.54 1.57 1.57 5.54 5.54 1.57 1.57 1.57 5.54 5.54 5.85 5.64 5.64 4.49 0.00 0.00 0.00 0.00 0.00 0.00 0.00 0.00 0.00 0.00 0.00 0.00 0.00 0.00 0.00 0.00
11.16 7.65 1.89 8.37 7.41 11.40 11.44 11.22 8.16 6.83 7.05 7.27 10.56 11.33 7.71 6.83 7.60 7.28 6.83 6.83 5.94 5.94 8.97 8.54 8.54 8.98 8.80 5.04 1.31 1.53 1.31 5.07 4.85 4.85 5.03 4.37 5.21 4.99 4.77 8.17 8.23 5.10 7.83 4.74 3.55 3.55 3.55 3.55 3.55 3.55 4.66 1.23 1.57 1.57 1.57 1.57 5.54 1.57 1.57 1.57 5.54 5.54 5.64 5.64 4.49 4.49 4.49 0.00 0.00 0.00 0.00 0.00 0.00 0.00 0.00 0.00 0.00 0.00 0.00 0.00 0.00 0.00 0.00 0.00
11.16 7.65 7.56 8.09 6.97 11.84 6.84 10.92 10.13 6.83 6.83 7.05 7.88 7.67 11.00 2.19 7.28 6.83 6.83 6.83 6.12 4.80 5.66 8.97 4.85 1.31 8.54 5.00 5.00 4.82 4.82 4.82 5.03 5.03 5.03 5.03 1.67 1.67 4.77 4.66 7.83 4.96 4.66 4.10 3.55 3.55 3.55 3.55 4.66 1.23 1.23 4.66 5.54 5.54 5.54 1.57 1.57 1.57 1.57 5.54 5.64 5.64 4.49 0.00 0.00 0.00 0.00 0.00 0.00 0.00 0.00 0.00 0.00 0.00 0.00 0.00 0.00 0.00 0.00 0.00 0.00 0.00 0.00 0.00
7.03 10.60 11.04 8.09 11.14 6.19 8.16 8.14 12.09 8.16 7.28 7.28 7.67 7.28 7.50 10.32 6.83 7.28 7.28 7.28 6.55 6.10 5.66 8.31 8.66 4.82 4.37 1.31 8.66 8.66 8.36 4.85 8.36 8.54 5.03 5.03 4.88 1.23 4.74 8.01 4.10 1.23 4.46 3.55 3.55 3.55 4.66 1.23 1.23 4.66 4.66 4.66 5.54 5.54 1.57 1.57 1.57 5.54 5.64 5.64 5.64 4.49 0.00 0.00 0.00 0.00 0.00 0.00 0.00 0.00 0.00 0.00 0.00 0.00 0.00 0.00 0.00 0.00 0.00 0.00 0.00 0.00 0.00 0.00
7.34 7.09 10.55 11.16 10.13 7.41 7.46 3.80 7.31 7.85 5.75 7.28 7.28 9.92 6.83 2.05 10.34 7.57 7.28 6.83 5.59 6.44 5.79 1.44 5.15 8.66 5.37 1.44 5.66 5.66 5.79 1.44 1.66 5.26 5.03 5.03 8.39 4.96 1.23 4.50 1.23 1.23 1.23 3.55 3.55 4.66 1.23 1.23 4.66 4.66 4.66 4.66 1.57 1.57 1.57 1.57 5.23 4.49 5.44 4.49 4.49 0.00 0.00 0.00 0.00 0.00 0.00 0.00 0.00 0.00 0.00 0.00 0.00 0.00 0.00 0.00 0.00 0.00 0.00 0.00 0.00 0.00 0.00 0.00
5.72 7.34 7.34 7.65 10.78 6.83 6.59 6.83 5.56 1.91 6.36 6.83 6.86 10.37 10.34 10.34 11.08 7.57 6.83 6.83 5.15 1.66 1.55 5.15 8.66 8.88 2.02 1.66 1.44 5.88 5.88 1.44 5.23 1.88 7.88 8.54 8.58 5.93 4.66 4.66 1.23 1.23 1.23 4.66 1.23 1.23 4.66 4.66 4.66 4.66 1.23 1.23 1.57 1.57 5.23 4.49 0.00 0.00 0.00 0.00 0.00 0.00 0.00 0.00 0.00 0.00 0.00 0.00 0.00 0.00 0.00 0.00 0.00 0.00 0.00 0.00 0.00 0.00 0.00 0.00 0.00 0.00 0.00 0.00
7.09 7.78 7.47 7.09 6.83 10.34 10.76 6.36 5.24 9.87 6.36 1.72 6.86 6.86 6.86 6.59 10.34 1.98 6.83 5.93 8.31 5.17 8.66 5.15 4.95 5.15 5.37 1.44 5.49 5.88 5.49 5.15 1.66 5.17 8.58 5.69 1.89 5.08 4.10 4.50 5.12 4.66 4.66 4.66 1.23 1.23 1.23 4.66 4.66 1.23 1.23 1.23 5.54 4.49 0.00 0.00 0.00 0.00 0.00 0.00 0.00 0.00 0.00 0.00 0.00 0.00 0.00 0.00 0.00 0.00 0.00 0.00 0.00 0.00 0.00 0.00 0.00 0.00 0.00 0.00 0.00 0.00 0.00 0.00
7.34 7.65 7.53 7.09 6.41 7.60 10.56 9.87 9.92 9.92 9.87 6.41 6.73 3.77 7.38 7.27 10.34 10.78 10.10 5.09 8.66 5.15 5.15 5.15 8.31 1.44 5.15 5.15 5.02 6.01 5.66 9.17 8.78 4.85 1.53 5.28 5.24 5.08 5.29 4.50 5.12 4.66 4.66 4.66 4.66 1.23 1.23 1.23 1.23 1.23 4.66 4.66 4.49 0.00 0.00 0.00 0.00 0.00 0.00 0.00 0.00 0.00 0.00 0.00 0.00 0.00 0.00 0.00 0.00 0.00 0.00 0.00 0.00 0.00 0.00 0.00 0.00 0.00 0.00 0.00 0.00 0.00 0.00 0.00
7.56 11.07 11.07 10.55 9.92 9.92 10.14 6.41 6.41 6.41 6.41 9.87 6.36 3.77 7.27 7.27 6.36 3.73 2.45 1.80 5.66 4.80 5.15 5.15 4.80 5.09 8.88 5.59 5.37 8.31 4.95 4.85 4.85 4.85 4.85 4.85 4.10 4.50 4.48 4.88 4.66 4.66 4.66 4.66 4.66 1.23 1.23 1.23 4.66 4.66 4.76 0.00 0.00 0.00 0.00 0.00 0.00 0.00 0.00 0.00 0.00 0.00 0.00 0.00 0.00 0.00 0.00 0.00 0.00 0.00 0.00 0.00 0.00 0.00 0.00 0.00 0.00 0.00 0.00 0.00 0.00 0.00 0.00 0.00
7.47 7.53 7.87 11.16 9.92 6.41 6.41 6.41 6.41 3.77 6.41 6.41 10.35 10.79 9.87 10.78 7.71 11.22 6.37 6.53 5.59 5.37 5.15 5.15 5.15 4.80 5.59 5.39 8.53 8.78 4.37 1.31 4.85 4.37 5.03 5.03 1.23 4.66 4.66 4.66 1.23 1.23 4.66 1.23 1.23 1.23 4.66 4.66 4.76 3.55 0.00 0.00 0.00 0.00 0.00 0.00 0.00 0.00 0.00 0.00 0.00 0.00 0.00 0.00 0.00 0.00 0.00 0.00 0.00 0.00 0.00 0.00 0.00 0.00 0.00 0.00 0.00 0.00 0.00 0.00 0.00 0.00 0.00 0.00
7.29 10.60 10.60 7.09 6.41 6.41 6.41 6.41 6.41 6.82 6.41 6.41 10.35 11.36 6.79 2.49 6.83 5.93 9.44 6.53 6.10 5.88 5.66 5.66 5.66 5.15 8.66 8.31 1.44 4.85 5.45 1.53 1.53 4.37 5.03 5.03 4.66 4.66 4.66 1.23 1.23 1.23 1.23 1.23 1.23 4.66 4.88 4.98 0.00 0.00 0.00 0.00 0.00 0.00 0.00 0.00 0.00 0.00 0.00 0.00 0.00 0.00 0.00 0.00 0.00 0.00 0.00 0.00 0.00 0.00 0.00 0.00 0.00 0.00 0.00 0.00 0.00 0.00 0.00 0.00 0.00 0.00 0.00 0.00
10.58 7.07 7.09 7.09 6.41 6.41 6.41 6.41 6.41 6.41 6.41 6.41 6.41 9.92 7.41 6.36 6.83 5.93 5.93 8.99 5.88 5.66 5.66 5.66 9.17 8.66 5.66 1.44 5.15 5.45 5.45 5.25 5.25 5.03 5.03 5.03 4.66 4.66 4.66 1.39 1.23 1.23 1.23 4.66 4.66 4.66 1.62 4.76 0.00 0.00 0.00 0.00 0.00 0.00 0.00 0.00 0.00 0.00 0.00 0.00 0.00 0.00 0.00 0.00 0.00 0.00 0.00 0.00 0.00 0.00 0.00 0.00 0.00 0.00 0.00 0.00 0.00 0.00 0.00 0.00 0.00 0.00 0.00 0.00
7.07 7.07 7.09 7.09 6.41 6.41 6.41 6.41 6.41 6.41 6.41 6.41 6.41 9.92 10.35 7.41 5.41 6.45 6.45 6.53 8.88 5.06 9.17 9.17 8.66 5.88 5.66 1.44 1.66 5.49 5.03 5.03 5.03 5.03 5.03 5.03 4.66 4.66 1.23 1.23 1.23 4.66 4.66 4.66 4.66 8.17 9.12 5.15 4.38 0.00 0.00 0.00 0.00 0.00 0.00 0.00 0.00 0.00 0.00 0.00 0.00 0.00 0.00 0.00 0.00 0.00 0.00 0.00 0.00 0.00 0.00 0.00 0.00 0.00 0.00 0.00 0.00 0.00 0.00 0.00 0.00 0.00 0.00 0.00
7.09 7.09 7.09 7.09 6.41 6.41 6.41 6.41 6.41 6.41 6.41 6.41 6.41 6.41 7.72 7.06 6.45 6.45 5.26 6.37 9.31 8.66 9.30 8.88 9.52 2.31 6.46 5.81 6.66 5.71 5.03 5.03 5.03 5.03 5.03 5.03 4.66 4.66 4.66 4.10 4.66 4.66 4.66 4.66 8.39 4.66 5.10 1.57 4.38 0.00 0.00 0.00 0.00 0.00 0.00 0.00 0.00 0.00 0.00 0.00 0.00 0.00 0.00 0.00 0.00 0.00 0.00 0.00 0.00 0.00 0.00 0.00 0.00 0.00 0.00 0.00 0.00 0.00 0.00 0.00 0.00 0.00 0.00 0.00
6.90 6.90 6.90 6.90 6.18 6.18 6.18 6.62 7.05 6.18 6.18 3.67 6.18 6.18 3.82 9.27 5.68 5.68 5.68 8.64 8.12 5.55 5.55 6.01 6.23 10.07 9.96 9.31 5.79 5.69 5.03 4.81 4.81 4.81 4.81 4.81 4.43 4.58 4.43 4.43 4.43 4.43 4.69 5.13 5.19 5.57 4.63 4.85 4.18 0.00 0.00 0.00 0.00 0.00 0.00 0.00 0.00 0.00 0.00 0.00 0.00 0.00 0.00 0.00 0.00 0.00 0.00 0.00 0.00 0.00 0.00 0.00 0.00 0.00 0.00 0.00 0.00 0.00 0.00 0.00 0.00 0.00 0.00 0.00
6.90 6.90 6.90 6.90 6.18 6.18 6.18 6.62 7.05 6.18 6.18 6.18 6.18 6.18 6.18 9.19 9.06 9.19 4.76 1.25 2.24 5.42 5.76 6.95 6.89 6.45 3.35 6.30 10.63 6.24 6.24 4.81 4.81 4.81 4.81 4.81 4.43 4.43 4.43 4.43 4.43 7.94 4.91 8.48 8.70 8.48 4.85 4.63 4.18 0.00 0.00 0.00 0.00 0.00 0.00 0.00 0.00 0.00 0.00 0.00 0.00 0.00 0.00 0.00 0.00 0.00 0.00 0.00 0.00 0.00 0.00 0.00 0.00 0.00 0.00 0.00 0.00 0.00 0.00 0.00 0.00 0.00 0.00 0.00
6.90 6.90 6.90 6.90 6.18 6.18 6.18 6.18 9.69 6.18 6.18 6.18 6.18 6.18 4.91 8.43 7.90 1.69 1.25 4.91 4.43 4.92 5.55 5.64 5.58 2.57 6.78 6.23 6.01 10.18 11.28 9.28 4.81 4.81 4.81 4.81 4.43 4.43 7.94 7.94 7.94 8.16 8.27 8.92 8.80 8.84 5.19 4.85 4.39 0.00 0.00 0.00 0.00 0.00 0.00 0.00 0.00 0.00 0.00 0.00 0.00 0.00 0.00 0.00 0.00 0.00 0.00 0.00 0.00 0.00 0.00 0.00 0.00 0.00 0.00 0.00 0.00 0.00 0.00 0.00 0.00 0.00 0.00 0.00
6.90 6.90 6.90 7.26 6.18 6.18 6.18 5.19 6.18 9.69 6.18 6.18 6.18 9.69 8.43 8.86 5.96 5.44 4.86 4.91 4.43 4.38 5.42 5.42 5.65 5.86 5.76 5.22 4.75 2.69 2.91 8.98 8.54 8.32 8.32 8.32 7.94 7.94 4.43 4.65 5.07 5.29 9.25 9.91 8.80 6.16 6.16 5.29 4.74 0.00 0.00 0.00 0.00 0.00 0.00 0.00 0.00 0.00 0.00 0.00 0.00 0.00 0.00 0.00 0.00 0.00 0.00 0.00 0.00 0.00 0.00 0.00 0.00 0.00 0.00 0.00 0.00 0.00 0.00 0.00 0.00 0.00 0.00 0.00
6.90 6.90 6.90 6.90 6.18 6.18 3.67 6.18 6.18 9.69 6.18 6.18 9.69 9.04 8.43 8.56 9.08 8.64 4.76 4.86 5.00 5.00 5.22 5.42 5.42 5.64 4.43 5.00 5.20 5.22 5.00 5.25 5.25 4.81 4.81 4.81 4.43 4.43 4.50 4.97 5.63 8.36 5.74 5.74 5.94 5.72 5.72 5.94 4.85 0.00 0.00 0.00 0.00 0.00 0.00 0.00 0.00 0.00 0.00 0.00 0.00 0.00 0.00 0.00 0.00 0.00 0.00 0.00 0.00 0.00 0.00 0.00 0.00 0.00 0.00 0.00 0.00 0.00 0.00 0.00 0.00 0.00 0.00 0.00
6.90 6.90 6.90 6.90 6.18 6.18 6.18 6.18 6.18 9.69 9.69 9.64 6.74 5.53 8.73 5.35 6.18 5.13 5.84 8.86 9.25 8.55 5.44 5.44 5.22 4.52 5.66 5.44 5.22 5.00 5.00 4.99 5.13 5.03 4.81 4.81 4.43 4.26 4.52 4.95 6.24 8.64 4.85 1.51 5.72 5.72 5.72 5.72 5.78 0.00 0.00 0.00 0.00 0.00 0.00 0.00 0.00 0.00 0.00 0.00 0.00 0.00 0.00 0.00 0.00 0.00 0.00 0.00 0.00 0.00 0.00 0.00 0.00 0.00 0.00 0.00 0.00 0.00 0.00 0.00 0.00 0.00 0.00 0.00
6.90 6.90 6.90 6.90 6.18 6.18 6.18 6.18 10.08 9.69 6.51 6.51 5.22 4.46 8.73 5.53 5.53 5.13 8.64 5.79 5.48 5.09 5.48 5.44 5.48 2.91 2.25 4.87 4.43 5.00 5.00 4.77 4.77 5.47 4.81 4.81 5.11 5.35 5.02 5.13 4.85 8.75 5.07 5.95 5.70 5.70 5.70 4.91 0.00 4.18 0.00 0.00 0.00 0.00 0.00 0.00 0.00 0.00 0.00 0.00 0.00 0.00 0.00 0.00 0.00 0.00 0.00 0.00 0.00 0.00 0.00 0.00 0.00 0.00 0.00 0.00 0.00 0.00 0.00 0.00 0.00 0.00 0.00 0.00
6.90 6.90 6.90 5.58 6.18 6.18 9.69 9.64 6.13 6.18 6.51 5.18 4.46 4.46 8.43 5.53 5.74 5.35 9.52 2.35 4.65 4.87 2.19 8.55 5.48 5.48 5.83 3.34 4.43 5.00 4.77 5.00 5.36 5.47 4.92 5.98 1.51 5.29 5.67 5.02 5.24 9.19 4.97 4.75 5.70 5.70 5.70 4.91 0.00 0.00 0.00 0.00 0.00 0.00 0.00 0.00 0.00 0.00 0.00 0.00 0.00 0.00 0.00 0.00 0.00 0.00 0.00 0.00 0.00 0.00 0.00 0.00 0.00 0.00 0.00 0.00 0.00 0.00 0.00 0.00 0.00 0.00 0.00 0.00
10.41 6.90 6.90 6.90 9.69 9.69 6.18 6.18 6.74 6.51 5.18 4.47 5.66 5.51 8.59 4.86 5.74 5.44 5.57 5.27 2.47 5.40 5.70 4.82 8.33 2.03 3.78 6.53 2.24 5.57 5.42 6.24 4.92 5.25 5.36 2.04 6.20 6.64 5.24 8.53 5.16 4.54 8.36 4.54 5.70 4.91 4.91 4.18 0.00 0.00 0.00 0.00 0.00 0.00 0.00 0.00 0.00 0.00 0.00 0.00 0.00 0.00 0.00 0.00 0.00 0.00 0.00 0.00 0.00 0.00 0.00 0.00 0.00 0.00 0.00 0.00 0.00 0.00 0.00 0.00 0.00 0.00 0.00 0.00
9.65 10.41 10.41 10.41 9.69 6.18 6.18 6.18 6.18 5.18 5.18 5.74 5.22 5.88 8.59 2.33 2.33 5.53 4.91 5.35 2.47 6.05 5.66 4.99 4.60 9.17 9.39 5.00 5.66 5.47 6.68 6.68 6.21 5.25 5.03 8.98 9.02 8.80 5.98 5.76 4.54 9.46 8.58 5.95 4.91 0.00 0.00 0.00 0.00 0.00 0.00 0.00 0.00 0.00 0.00 0.00 0.00 0.00 0.00 0.00 0.00 0.00 0.00 0.00 0.00 0.00 0.00 0.00 0.00 0.00 0.00 0.00 0.00 0.00 0.00 0.00 0.00 0.00 0.00 0.00 0.00 0.00 0.00 0.00
6.84 6.84 7.16 6.90 6.18 6.95 6.94 6.72 6.72 5.39 4.46 4.46 4.91 8.73 5.13 5.53 5.53 4.45 4.91 5.35 5.52 5.26 4.77 5.21 4.82 8.28 8.51 5.22 5.36 5.14 5.86 5.47 6.19 6.19 8.54 8.34 5.67 5.07 4.63 5.75 4.54 8.48 5.57 4.91 4.91 0.00 0.00 0.00 0.00 0.00 0.00 0.00 0.00 0.00 0.00 0.00 0.00 0.00 0.00 0.00 0.00 0.00 0.00 0.00 0.00 0.00 0.00 0.00 0.00 0.00 0.00 0.00 0.00 0.00 0.00 0.00 0.00 0.00 0.00 0.00 0.00 0.00 0.00 0.00
7.06 7.11 7.67 6.84 6.18 7.75 7.39 6.83 6.62 7.17 5.53 5.53 5.44 8.95 5.44 5.44 5.53 4.45 4.67 5.57 4.87 4.99 4.77 4.77 8.33 8.94 5.00 5.55 6.22 6.22 5.03 1.38 1.38 6.19 8.76 5.36 5.58 5.75 5.75 5.75 5.73 8.05 4.85 4.91 4.18 0.00 0.00 0.00 0.00 0.00 0.00 0.00 0.00 0.00 0.00 0.00 0.00 0.00 0.00 0.00 0.00 0.00 0.00 0.00 0.00 0.00 0.00 0.00 0.00 0.00 0.00 0.00 0.00 0.00 0.00 0.00 0.00 0.00 0.00 0.00 0.00 0.00 0.00 0.00
7.72 6.22 5.79 5.57 6.51 6.40 6.83 2.77 7.01 5.74 5.22 5.22 8.56 6.32 5.66 5.53 4.45 4.45 4.45 5.13 4.99 4.77 5.43 5.21 8.94 5.52 4.77 4.09 4.08 5.42 5.55 5.55 5.42 8.54 5.25 5.25 5.58 5.75 5.75 4.91 4.91 4.18 4.18 4.18 4.18 0.00 0.00 0.00 0.00 0.00 0.00 0.00 0.00 0.00 0.00 0.00 0.00 0.00 0.00 0.00 0.00 0.00 0.00 0.00 0.00 0.00 0.00 0.00 0.00 0.00 0.00 0.00 0.00 0.00 0.00 0.00 0.00 0.00 0.00 0.00 0.00 0.00 0.00 0.00
7.28 5.57 5.57 7.45 6.74 6.72 6.18 6.57 6.62 5.22 5.22 9.17 2.35 6.10 5.44 5.53 5.22 5.53 5.73 4.45 4.77 4.99 5.70 8.60 8.72 5.21 4.09 4.09 4.77 5.55 5.42 6.22 6.19 6.01 4.61 5.31 4.18 4.91 4.91 4.18 4.18 0.00 0.00 0.00 0.00 0.00 0.00 0.00 0.00 0.00 0.00 0.00 0.00 0.00 0.00 0.00 0.00 0.00 0.00 0.00 0.00 0.00 0.00 0.00 0.00 0.00 0.00 0.00 0.00 0.00 0.00 0.00 0.00 0.00 0.00 0.00 0.00 0.00 0.00 0.00 0.00 0.00 0.00 0.00
