New_Model_Runs/5_FutureClimate_BASE_out/post_prcessed_with_MFR/Monthly_summaries/net_infiltration_monthly_JAN.asc
NCOLS 700
NROWS 400
XLLCENTER 515000.000000
YLLCENTER 8409000.000000
CELLSIZE 50.000000
NODATA_value -999.000000
[rows 222 to 258 of 400, columns 252 to 335 of 700]
10.00 10.00 10.00 10.00 10.14 10.14 10.14 8.94 9.11 9.11 9.11 9.11 13.60 9.97 10.77 15.84 15.80 15.80 15.80 15.80 15.33 16.05 15.19 15.19 9.57 12.11 13.39 10.32 9.97 9.97 8.60 8.60 9.01 8.48 8.48 8.48 9.34 5.74 9.23 10.31 8.43 9.14 8.43 8.43 8.61 8.61 8.61 8.61 8.60 8.60 8.60 8.51 8.50 8.50 9.53 12.85 8.94 10.21 10.29 6.38 6.38 6.38 8.52 8.52 8.77 9.45 7.60 7.60 5.49 10.06 5.72 5.57 7.49 7.49 8.44 8.44 7.49 8.43 0.00 0.00 0.00 0.00 0.00 8.23
10.00 10.00 10.00 10.00 10.14 10.14 10.14 11.02 9.11 9.11 9.11 9.55 13.60 9.97 15.84 15.84 15.80 15.80 15.80 15.80 15.33 15.33 15.33 14.68 12.27 12.83 8.56 8.56 9.97 8.60 8.83 8.60 9.01 8.48 9.01 9.00 8.37 9.86 5.97 8.52 9.57 9.34 9.96 8.43 8.61 8.61 8.61 8.61 8.60 8.60 8.60 8.51 8.50 8.73 13.16 11.44 8.84 9.30 7.83 7.84 6.38 9.22 6.61 8.74 9.53 8.71 10.56 11.23 2.03 1.86 7.49 7.94 8.66 8.44 7.49 7.49 7.49 8.43 0.00 0.00 0.00 0.00 0.00 0.00
10.09 10.09 10.09 10.09 10.19 11.13 10.19 10.19 9.12 6.95 10.75 13.60 19.79 16.16 15.82 15.82 15.78 15.78 15.78 15.78 15.31 15.96 15.19 15.17 14.39 8.50 8.50 8.50 8.98 8.48 8.48 8.48 8.98 7.68 7.68 9.21 8.40 8.40 8.51 6.40 9.23 9.34 9.34 8.46 8.94 8.37 8.37 8.37 8.38 8.38 8.38 8.51 8.73 12.36 7.56 7.83 11.23 2.51 7.83 9.53 6.38 6.38 7.15 2.30 5.71 11.23 7.83 7.83 8.11 7.49 8.44 9.12 8.88 7.49 7.74 8.88 7.72 7.49 0.00 0.00 0.00 0.00 0.00 0.00
10.09 10.09 10.09 10.09 10.19 10.19 10.19 10.19 6.95 12.41 10.25 19.79 15.82 13.66 15.82 15.82 15.78 15.78 15.78 15.78 15.31 15.54 8.87 11.89 8.03 8.73 8.50 8.50 8.48 8.72 8.48 7.68 9.21 7.68 7.68 8.92 8.40 8.40 8.40 11.59 10.94 7.84 11.40 8.46 8.37 8.94 8.37 8.37 8.38 8.38 8.38 8.38 8.49 12.36 8.34 7.60 11.23 11.45 2.30 2.08 9.22 7.84 5.71 5.71 5.71 8.84 8.94 7.83 8.66 8.43 8.44 5.81 8.66 8.19 8.43 7.94 7.94 7.74 8.43 0.00 0.00 0.00 0.00 0.00
9.98 9.98 9.98 9.98 10.08 10.08 10.08 10.08 11.77 9.85 13.48 15.75 16.45 16.45 16.45 15.74 15.70 15.70 15.70 17.18 15.24 15.47 12.08 11.86 8.00 10.72 10.49 9.22 9.03 9.03 8.78 7.26 7.26 7.26 7.26 8.96 9.09 9.09 9.09 9.32 11.21 8.18 7.11 8.36 8.36 9.06 9.06 9.06 6.02 9.08 9.58 6.02 12.46 7.63 7.83 7.38 6.28 9.91 5.36 5.36 9.39 11.46 5.81 1.73 11.19 7.57 7.38 5.28 8.59 8.63 8.11 8.11 9.08 8.79 7.17 8.82 8.63 8.59 8.82 0.00 0.00 0.00 0.00 0.00
9.98 9.98 9.98 9.98 10.08 10.08 10.08 10.08 11.77 13.48 13.48 16.05 13.58 13.58 16.45 15.74 15.70 15.70 15.93 20.04 15.24 15.47 13.03 8.72 10.72 10.49 10.49 9.22 9.03 9.03 9.03 7.26 7.26 7.26 7.26 7.26 9.09 9.09 9.09 8.89 8.04 11.13 7.10 10.29 9.29 9.06 9.06 9.06 9.58 8.21 6.02 6.02 5.62 11.26 7.83 5.36 5.36 5.36 5.57 6.28 1.95 8.06 5.81 1.55 5.18 5.79 7.19 3.27 8.59 6.18 9.13 2.85 9.31 8.36 8.13 8.33 7.70 7.70 0.00 0.00 0.00 0.00 0.00 0.00
9.98 9.98 9.98 9.98 10.08 10.08 10.08 10.08 11.08 13.48 14.22 13.81 16.50 16.27 15.70 15.70 15.66 15.66 15.89 17.13 13.15 11.18 10.72 9.22 9.10 10.23 10.23 9.10 9.46 8.90 8.90 7.26 7.26 7.26 7.26 7.26 9.13 9.13 9.13 8.89 7.81 7.30 10.73 10.53 10.67 9.33 6.02 9.10 9.09 7.33 8.04 7.58 5.62 11.22 5.46 5.36 1.73 1.73 6.28 6.28 7.57 5.37 5.37 8.80 10.86 6.52 1.32 0.00 2.63 0.00 0.00 0.00 0.00 0.00 0.00 0.00 0.00 0.00 0.00 0.00 0.00 0.00 0.00 0.00
9.98 9.98 9.98 9.98 10.08 10.08 11.02 10.39 10.76 11.06 14.22 16.66 13.81 13.81 15.70 15.70 15.66 15.66 16.11 15.65 11.54 9.22 9.22 9.22 9.10 9.10 10.23 10.23 9.46 8.90 8.90 8.90 8.99 8.99 8.99 8.99 9.13 9.13 9.13 10.92 9.17 9.57 10.39 10.92 8.06 8.89 8.44 9.33 9.09 8.49 2.74 6.97 5.69 5.32 10.42 6.38 1.85 6.92 2.18 6.34 6.28 6.28 7.61 7.14 7.19 0.00 0.00 0.00 0.00 0.00 0.00 0.00 0.00 0.00 0.00 0.00 0.00 0.00 0.00 0.00 0.00 0.00 0.00 0.00
9.98 9.98 9.98 9.98 10.08 10.08 10.08 10.08 10.20 10.76 13.48 16.05 16.05 16.43 15.70 15.70 16.05 15.66 14.31 17.44 11.65 9.22 9.22 9.22 9.10 9.10 9.10 9.68 8.90 8.90 8.90 8.90 8.99 8.99 8.99 8.99 9.13 9.13 9.13 8.49 8.94 8.49 2.28 5.76 10.73 7.20 8.04 10.44 9.09 6.37 6.22 11.03 6.38 5.77 2.14 5.86 5.25 7.67 7.71 7.26 6.46 6.46 6.69 8.18 8.17 0.00 0.00 0.00 0.00 0.00 0.00 0.00 0.00 0.00 0.00 0.00 0.00 0.00 0.00 0.00 0.00 0.00 0.00 0.00
9.98 9.98 9.98 9.98 10.08 10.08 10.08 10.08 10.20 10.20 14.38 16.50 16.50 15.70 15.70 13.58 16.41 13.58 16.41 20.04 9.22 9.22 9.22 9.22 9.10 9.10 9.10 9.10 8.90 8.90 8.90 8.90 8.99 8.99 8.99 10.11 10.24 9.13 9.13 10.47 7.94 7.32 7.32 1.95 10.73 10.60 1.91 5.54 10.51 5.69 8.06 8.52 7.93 6.16 9.97 6.34 7.26 6.16 5.25 5.25 6.46 6.46 7.05 0.00 0.00 0.00 0.00 0.00 0.00 0.00 0.00 5.96 0.00 0.00 0.00 0.00 0.00 0.00 0.00 0.00 0.00 0.00 0.00 0.00
10.02 10.02 10.02 10.02 10.18 10.18 10.18 10.18 10.16 11.11 14.38 16.50 16.40 15.95 16.05 16.50 16.82 16.05 14.26 12.97 8.87 9.08 8.78 9.08 8.96 8.96 8.96 8.96 8.92 8.92 8.92 8.92 9.09 9.09 9.09 10.22 8.67 8.67 8.98 7.58 7.94 7.30 7.10 2.37 5.80 5.58 5.54 5.54 7.40 2.14 8.21 6.38 6.16 1.69 9.27 6.16 6.16 6.16 6.57 6.57 5.25 6.33 6.56 1.32 0.00 0.00 0.00 0.00 0.00 0.00 0.00 7.83 0.00 0.00 0.00 0.00 0.00 0.00 0.00 0.00 0.00 0.00 0.00 0.00
10.02 10.02 10.02 10.02 10.18 10.18 10.18 10.18 10.16 10.16 14.38 15.95 15.78 15.56 15.95 16.17 15.43 15.20 15.20 12.97 9.08 8.78 9.08 9.08 8.96 8.96 8.96 8.96 8.92 8.92 8.92 8.92 9.09 9.09 9.09 9.09 9.15 8.98 8.98 8.98 13.13 7.30 7.30 5.80 11.53 1.95 6.97 6.97 7.05 2.14 6.60 7.20 1.69 1.69 5.32 5.32 5.86 6.38 5.47 7.48 8.09 8.09 8.41 7.19 0.00 6.75 0.00 0.00 0.00 0.00 5.92 7.83 7.83 0.00 0.00 0.00 0.00 0.00 0.00 0.00 0.00 0.00 0.00 0.00
10.02 10.02 10.02 10.02 10.18 10.18 10.18 10.18 10.16 10.16 15.30 16.99 15.78 15.56 15.78 15.55 15.33 16.14 18.87 9.11 9.30 9.08 9.08 9.08 8.96 8.96 8.96 8.96 8.92 9.17 8.92 8.92 9.09 9.09 9.09 8.62 9.15 10.28 8.98 14.97 13.73 12.29 5.58 1.95 7.10 7.10 7.10 8.34 8.44 5.87 5.87 5.87 7.44 6.34 1.92 5.55 5.86 6.16 6.16 7.88 5.16 7.15 8.33 5.94 6.15 5.92 7.19 0.00 0.00 0.00 0.00 0.00 0.00 0.00 0.00 0.00 0.00 0.00 0.00 0.00 0.00 0.00 0.00 0.00
10.02 10.02 10.02 10.02 10.18 10.18 10.18 10.18 10.16 11.67 20.62 16.99 15.56 15.78 16.40 14.83 16.72 16.04 20.79 8.89 9.30 9.30 9.02 8.48 8.96 8.96 8.96 8.96 8.92 8.92 8.92 8.92 9.09 9.09 9.09 9.09 10.28 10.28 15.76 13.73 12.29 17.35 13.13 13.93 14.82 8.19 8.74 8.41 9.55 8.34 8.06 8.06 7.48 6.38 6.16 6.16 5.55 7.67 7.88 7.16 7.66 7.60 6.17 5.94 5.92 1.32 1.32 0.00 0.00 0.00 0.00 0.00 0.00 0.00 0.00 0.00 0.00 0.00 0.00 0.00 0.00 0.00 0.00 0.00
10.13 10.13 10.13 10.13 10.07 10.07 10.07 10.07 10.11 10.76 20.62 16.72 16.68 16.17 9.20 9.20 15.41 16.04 19.67 19.04 13.66 9.25 14.34 13.91 9.27 9.04 9.27 9.04 9.03 9.55 9.03 9.03 9.07 9.07 9.07 9.07 10.41 15.69 15.69 17.58 17.35 16.98 15.42 15.19 15.04 15.39 8.19 8.41 8.56 6.00 8.19 6.00 7.71 6.73 6.50 6.34 9.49 8.09 8.26 0.00 0.00 0.00 1.32 5.89 0.00 1.32 1.32 0.00 0.00 0.00 0.00 0.00 0.00 0.00 0.00 0.00 0.00 0.00 0.00 0.00 0.00 0.00 0.00 0.00
10.13 10.13 10.13 10.13 10.07 10.07 10.07 10.07 10.11 16.99 20.62 20.35 20.31 15.49 9.20 9.20 8.97 14.87 19.67 17.78 12.20 9.02 8.80 12.61 9.57 9.04 9.27 9.27 9.03 9.03 9.03 9.03 9.07 9.07 9.07 9.07 7.11 19.54 17.56 13.95 13.95 8.66 12.74 9.30 14.61 14.38 13.73 7.10 7.30 8.19 5.87 8.19 7.79 6.79 6.57 8.26 5.25 10.79 8.26 0.00 0.00 0.00 0.00 0.00 0.00 0.00 0.00 0.00 0.00 0.00 0.00 0.00 0.00 0.00 0.00 0.00 0.00 0.00 0.00 0.00 0.00 0.00 0.00 0.00
10.13 10.13 10.13 10.13 10.07 10.07 10.07 10.07 10.76 20.85 18.80 20.99 16.68 15.49 15.49 9.20 12.82 12.60 18.50 14.87 17.08 12.20 12.20 14.41 9.04 9.04 8.85 9.08 8.50 10.15 9.03 9.03 9.07 9.07 9.07 8.72 5.92 12.29 13.95 8.89 13.73 13.95 13.73 16.76 9.39 14.18 14.40 13.95 2.14 8.06 8.06 8.06 7.26 7.26 8.26 7.89 8.54 2.16 10.79 0.00 0.00 0.00 0.00 0.00 0.00 0.00 0.00 0.00 0.00 0.00 0.00 0.00 0.00 0.00 0.00 0.00 0.00 0.00 0.00 0.00 0.00 0.00 0.00 0.00
10.13 10.13 10.13 10.13 10.07 10.07 10.30 10.05 10.98 19.03 13.58 10.18 17.22 20.31 17.11 12.60 18.50 14.87 14.87 16.04 15.74 14.56 17.29 17.52 13.79 10.95 11.18 11.18 7.33 7.33 1.98 6.81 7.78 9.07 9.07 16.67 12.52 12.29 14.18 14.18 8.89 8.89 13.73 12.29 12.29 9.52 15.99 10.25 14.63 7.20 6.97 5.87 7.26 5.25 8.69 8.99 2.84 2.83 11.79 7.93 0.00 0.00 0.00 0.00 0.00 0.00 0.00 0.00 0.00 0.00 0.00 0.00 0.00 0.00 0.00 0.00 0.00 0.00 0.00 0.00 0.00 0.00 0.00 0.00
10.21 10.21 10.21 10.21 10.10 10.10 10.98 10.26 10.98 16.99 13.13 9.96 12.91 13.13 16.17 8.97 14.87 16.04 15.36 15.36 14.81 15.47 13.89 13.68 13.45 13.45 16.01 17.31 17.31 17.08 17.08 12.20 16.90 17.08 17.08 13.68 8.89 18.44 13.95 13.95 13.73 13.73 8.66 8.66 12.29 9.34 14.86 15.27 14.40 14.97 8.06 7.42 7.89 7.89 12.95 12.45 8.84 8.38 12.03 11.56 0.00 0.00 0.00 0.00 0.00 0.00 0.00 0.00 0.00 0.00 0.00 0.00 0.00 0.00 0.00 0.00 0.00 0.00 0.00 0.00 0.00 0.00 0.00 0.00
10.21 10.21 10.21 10.21 10.10 10.32 10.49 10.98 10.57 16.99 20.85 13.13 12.91 10.19 17.90 16.27 15.36 15.36 15.36 15.36 15.74 14.81 15.74 15.74 13.66 10.79 19.33 15.93 13.68 13.45 14.04 2.14 13.91 13.91 13.66 13.68 8.89 17.58 13.73 13.73 14.18 13.73 13.73 13.73 19.24 9.12 14.18 12.63 14.82 14.97 6.60 2.68 13.31 12.00 8.47 8.84 11.79 12.39 8.16 11.56 11.56 0.00 0.00 0.00 0.00 0.00 0.00 0.00 0.00 0.00 0.00 0.00 0.00 0.00 0.00 0.00 0.00 0.00 0.00 0.00 0.00 0.00 0.00 0.00
9.58 9.58 10.06 10.06 9.72 11.18 3.44 9.84 6.57 6.57 12.75 18.30 18.14 19.04 9.76 15.46 14.61 14.61 14.61 10.72 9.95 9.95 9.95 7.52 7.52 9.90 18.69 15.06 15.07 8.72 8.72 7.09 7.54 13.20 14.09 14.09 13.89 9.02 17.98 15.32 15.31 12.79 13.22 13.22 12.36 12.19 14.85 15.31 13.39 12.36 8.41 9.09 5.74 10.63 11.16 11.39 7.76 11.39 10.94 10.71 10.71 6.86 0.00 0.00 0.00 0.00 0.00 0.00 0.00 0.00 0.00 0.00 0.00 0.00 0.00 0.00 0.00 0.00 0.00 0.00 0.00 0.00 0.00 0.00
9.99 9.58 10.06 10.06 10.73 2.54 14.81 16.04 9.64 19.92 12.75 14.13 13.91 19.67 20.57 14.15 14.83 14.61 14.61 14.61 8.16 9.95 9.95 7.52 7.31 10.35 11.15 13.89 8.16 8.16 8.72 7.09 9.20 7.09 7.52 8.72 8.86 14.07 17.47 15.32 12.36 12.59 14.20 13.62 13.39 12.51 13.22 12.36 8.41 8.41 8.59 9.35 7.26 10.94 12.01 11.39 11.61 11.61 11.16 10.94 10.71 10.48 7.08 0.00 0.00 0.00 0.00 0.00 0.00 0.00 0.00 0.00 0.00 0.00 0.00 0.00 0.00 0.00 0.00 0.00 0.00 0.00 0.00 0.00
9.58 9.58 9.58 10.29 17.36 19.04 9.12 13.91 18.30 17.54 14.90 15.59 15.59 16.27 19.67 16.27 14.61 14.61 14.61 14.61 13.89 9.93 9.93 9.93 10.13 12.35 10.72 13.89 8.16 8.16 8.16 8.16 8.72 7.09 8.16 8.16 14.20 14.65 17.02 17.02 14.20 13.62 14.81 13.62 13.22 16.42 13.02 12.93 8.59 6.94 9.32 10.03 8.49 2.57 10.71 11.10 11.16 11.09 11.16 7.68 10.71 10.94 5.57 5.73 0.00 0.00 0.00 0.00 0.00 0.00 0.00 0.00 0.00 0.00 0.00 0.00 0.00 0.00 0.00 0.00 0.00 0.00 0.00 0.00
9.58 9.58 9.58 10.29 13.66 10.03 18.75 12.53 18.14 14.90 14.90 15.81 16.27 16.72 20.35 20.57 15.51 14.61 14.61 14.61 8.16 9.93 9.93 9.93 8.95 12.58 10.72 8.95 9.18 8.38 8.16 6.45 7.09 8.16 8.16 8.16 15.33 14.58 17.55 14.20 14.20 14.35 14.20 13.22 13.22 16.42 16.74 9.24 12.89 11.29 8.05 10.48 9.80 6.20 10.48 12.03 11.01 11.38 11.54 11.09 10.71 11.10 5.35 1.72 0.00 0.00 0.00 0.00 0.00 0.00 0.00 0.00 0.00 0.00 0.00 0.00 0.00 0.00 0.00 0.00 0.00 0.00 0.00 7.28
9.58 9.80 13.69 12.68 14.90 15.57 13.20 18.14 15.81 15.19 16.04 15.12 16.27 16.49 16.49 15.41 19.20 14.83 8.94 8.94 8.16 9.93 9.93 9.93 8.72 12.58 11.78 7.75 7.31 7.31 1.94 7.09 6.45 1.94 8.16 8.16 6.61 14.45 13.92 14.35 13.39 14.82 14.82 15.33 14.13 12.42 9.02 15.51 9.07 8.97 9.77 8.05 10.61 5.97 1.94 11.05 11.27 10.94 11.61 11.16 10.71 10.71 10.71 10.48 0.00 0.00 0.00 0.00 0.00 0.00 0.00 0.00 0.00 0.00 0.00 0.00 0.00 0.00 0.00 0.00 0.00 0.00 0.00 5.32
10.03 6.43 12.91 15.28 14.67 18.52 18.14 14.13 17.04 15.19 14.96 9.35 9.35 15.81 15.81 16.27 19.90 14.61 8.94 8.94 8.16 9.93 9.93 8.38 8.95 12.35 11.78 8.72 8.72 8.16 7.09 8.16 7.09 10.72 10.72 5.56 6.16 2.76 8.64 14.35 14.35 13.39 14.82 8.56 8.69 12.19 9.02 9.52 2.66 2.21 12.72 5.84 1.89 1.94 1.94 8.79 11.27 11.27 11.09 11.16 10.71 11.16 6.02 6.03 7.70 7.31 0.00 0.00 0.00 0.00 0.00 0.00 0.00 0.00 0.00 0.00 0.00 0.00 0.00 0.00 0.00 0.00 0.00 5.32
9.73 13.36 9.51 15.28 12.53 14.90 16.27 14.74 14.96 15.19 15.59 11.86 15.81 16.04 14.74 15.81 15.81 14.78 13.47 8.94 8.16 9.90 9.90 8.38 8.95 11.78 11.15 8.72 8.72 8.38 8.61 6.45 7.52 7.09 10.72 10.72 7.49 7.72 13.44 14.20 14.35 14.35 15.56 9.02 8.81 12.19 14.06 2.90 2.44 5.84 5.84 2.02 1.94 1.94 1.94 6.25 10.94 11.42 11.50 11.60 11.39 11.09 2.62 2.40 5.80 7.31 0.00 0.00 0.00 0.00 0.00 0.00 0.00 0.00 0.00 0.00 0.00 0.00 0.00 0.00 0.00 0.00 0.00 0.00
13.14 9.28 9.28 12.68 18.30 14.90 16.04 9.35 14.96 14.96 15.81 15.59 15.59 15.81 14.90 14.96 16.04 16.58 7.89 8.94 8.16 9.90 8.72 8.16 7.09 12.35 11.15 8.72 8.72 8.95 7.77 7.54 1.94 7.09 7.52 10.08 7.49 7.49 8.92 8.56 13.22 13.22 13.95 8.79 8.59 12.25 12.25 2.66 6.07 2.66 2.25 2.25 5.95 2.40 10.94 6.14 7.31 11.27 11.05 11.16 11.61 6.25 6.25 2.85 5.80 10.48 0.00 0.00 0.00 0.00 0.00 0.00 0.00 0.00 0.00 0.00 0.00 0.00 0.00 0.00 0.00 0.00 0.00 0.00
19.59 18.91 12.68 15.28 19.22 19.44 16.27 15.19 14.51 15.81 15.81 13.22 8.94 8.94 6.80 15.59 14.74 16.58 9.51 9.51 8.72 8.72 8.72 8.72 8.72 11.15 7.52 8.72 8.72 7.09 7.09 7.31 7.52 7.52 7.52 11.15 7.49 7.49 8.64 13.22 8.56 12.79 16.84 12.04 12.82 12.56 6.29 11.00 8.28 2.47 2.70 7.64 2.62 11.16 11.16 7.31 7.31 2.17 9.35 10.63 12.26 2.40 6.48 2.85 5.80 10.48 6.86 0.00 0.00 0.00 0.00 0.00 0.00 0.00 0.00 0.00 0.00 0.00 0.00 0.00 0.00 0.00 0.00 0.00
18.96 18.74 15.11 16.39 15.59 14.67 19.90 16.23 15.59 15.59 15.59 13.22 6.57 6.57 6.57 6.57 9.16 8.94 14.61 8.94 8.37 7.52 8.16 9.90 7.75 11.38 7.52 8.37 8.72 10.08 10.72 10.08 10.72 5.56 5.56 10.72 11.12 11.12 11.12 11.12 11.24 11.12 11.52 11.88 6.07 6.29 6.29 5.65 8.28 2.47 2.93 6.10 6.02 5.80 10.48 5.57 10.41 5.80 5.35 5.80 6.25 5.80 5.57 6.02 10.71 6.86 6.86 0.00 0.00 0.00 0.00 0.00 0.00 0.00 0.00 0.00 0.00 0.00 0.00 0.00 0.00 0.00 0.00 0.00
16.60 15.11 16.39 16.18 15.81 15.82 8.02 18.30 19.44 15.59 15.59 15.82 6.57 6.57 9.16 9.16 9.91 8.94 8.94 7.95 8.38 8.72 7.52 1.94 12.00 10.30 6.11 5.56 5.56 5.79 8.20 2.39 1.94 2.16 2.16 7.31 7.72 7.49 7.49 7.90 7.49 2.31 8.05 6.29 3.15 2.44 2.44 2.66 11.68 5.65 6.10 2.70 2.62 2.17 2.40 2.40 2.17 5.80 5.57 5.57 5.80 10.48 10.48 10.48 6.86 6.86 6.86 0.00 0.00 0.00 0.00 0.00 0.00 0.00 0.00 0.00 0.00 0.00 0.00 0.00 0.00 0.00 0.00 0.00
15.11 16.60 15.28 16.41 15.81 8.94 9.54 9.97 9.95 19.22 19.44 15.59 8.94 9.16 9.16 9.16 9.16 8.94 9.68 8.13 6.32 7.31 8.16 11.15 5.56 5.56 7.75 1.94 1.94 7.31 7.98 7.54 7.09 2.58 2.16 7.09 2.08 7.72 11.35 8.12 7.49 2.95 3.57 3.34 3.12 2.89 2.89 2.89 6.07 11.68 8.05 2.70 2.62 2.17 2.62 2.40 6.25 6.02 5.57 5.80 5.80 10.71 10.71 10.48 10.48 6.86 6.86 6.86 0.00 0.00 0.00 0.00 0.00 0.00 0.00 0.00 0.00 0.00 0.00 0.00 0.00 0.00 0.00 0.00
15.11 9.06 15.28 15.11 14.51 9.16 9.39 8.02 8.02 8.94 12.56 12.56 8.94 8.94 6.57 6.57 9.16 9.68 9.68 9.68 1.89 7.75 12.35 10.72 1.94 5.56 1.94 2.16 2.39 2.16 7.09 7.52 7.09 6.68 2.39 2.23 7.49 11.12 7.49 8.12 8.48 8.25 2.89 8.70 2.66 2.89 2.66 2.66 2.21 11.00 8.05 2.25 2.17 1.94 2.40 6.25 6.02 2.17 1.94 6.64 10.27 5.80 2.17 5.95 10.94 7.08 6.86 6.86 7.93 0.00 0.00 0.00 0.00 0.00 0.00 0.00 0.00 0.00 0.00 0.00 0.00 0.00 0.00 0.00
15.11 16.18 15.11 8.46 8.02 9.39 9.16 8.94 8.02 8.02 8.94 12.56 9.33 8.94 8.94 9.16 6.57 9.68 10.36 10.36 11.15 11.15 7.09 9.88 9.85 2.96 5.56 1.94 2.70 1.94 7.48 7.09 7.52 6.45 7.48 7.09 6.94 12.04 7.90 7.72 8.48 8.25 2.44 2.44 8.48 2.44 2.21 2.48 2.21 7.38 10.37 8.05 9.58 10.48 10.48 10.48 10.48 10.48 10.48 10.48 10.48 6.86 6.86 7.08 10.94 6.86 6.86 6.86 8.16 8.16 7.93 7.93 7.93 7.93 7.93 9.14 7.93 7.93 7.93 9.14 7.93 9.14 7.93 9.14
18.91 16.18 15.49 10.13 9.16 9.35 8.94 9.47 9.47 9.16 9.16 8.24 12.56 9.16 9.68 9.68 10.58 9.92 10.33 12.25 13.46 9.83 9.54 9.83 9.81 9.81 5.56 10.72 2.13 7.09 7.09 7.09 7.09 7.09 7.09 7.09 7.90 10.57 7.49 8.62 8.25 9.35 8.97 9.10 9.84 9.84 9.65 9.61 8.62 2.21 2.21 11.68 7.08 7.08 6.86 6.86 6.86 6.86 6.86 6.86 6.86 6.86 6.86 6.86 10.48 1.72 1.72 1.72 2.35 2.35 2.13 2.13 2.13 2.13 2.13 2.13 2.13 2.13 2.13 2.13 2.13 2.13 2.13 2.13
16.18 19.81 15.11 9.53 9.39 9.16 9.92 9.47 9.69 2.92 9.00 10.94 8.08 14.48 10.63 10.63 9.92 9.47 14.21 13.10 9.85 9.83 9.83 8.37 6.68 2.16 1.94 10.08 2.13 5.56 10.72 11.15 5.56 5.59 5.40 5.59 1.94 10.62 11.34 11.34 7.71 7.93 8.97 9.10 9.61 9.97 9.84 3.56 2.66 2.21 10.18 12.25 10.48 6.86 6.86 6.86 6.86 6.86 6.86 6.86 6.86 6.86 6.86 6.86 10.48 6.86 6.86 1.72 2.13 7.93 7.93 7.93 7.93 7.93 7.93 7.93 7.93 7.93 7.93 7.93 7.93 7.93 7.93 7.93
15.27 15.27 15.27 7.55 7.85 8.23 8.23 8.23 2.17 2.62 7.79 7.30 7.53 11.20 7.30 8.69 8.46 11.15 10.87 7.30 8.95 8.93 6.22 9.16 9.14 9.14 8.91 8.91 5.34 6.22 6.22 6.60 1.71 5.74 1.58 5.26 5.60 10.53 6.90 6.90 2.51 7.88 6.90 2.00 2.45 2.23 2.68 2.90 5.85 5.63 5.63 5.63 5.61 6.24 6.24 6.24 6.24 6.24 6.24 6.24 6.24 6.24 6.24 6.24 9.87 6.24 6.24 1.61 1.70 6.47 6.47 6.47 6.47 6.47 6.47 6.47 6.47 6.47 6.47 6.47 6.47 6.47 6.47 6.47
