New_Model_Runs/5_FutureClimate_BASE_out/post_prcessed_with_MFR/Monthly_summaries/net_infiltration_monthly_DEC.asc
NCOLS 700
NROWS 400
XLLCENTER 515000.000000
YLLCENTER 8409000.000000
CELLSIZE 50.000000
NODATA_value -999.000000
[rows 228 to 265 of 400, columns 84 to 167 of 700]
6.25 6.09 6.25 6.25 6.26 6.26 6.26 6.26 6.09 6.25 6.25 6.25 5.99 5.99 5.99 5.99 6.26 6.26 6.26 6.26 6.24 6.24 6.24 6.24 6.30 6.30 6.30 6.30 6.00 6.16 6.10 6.10 6.13 6.13 6.13 6.13 6.18 6.18 6.18 6.18 6.20 6.20 6.20 6.20 6.08 6.08 6.08 6.08 6.04 6.04 6.04 6.04 6.02 6.31 6.02 6.02 6.06 6.06 6.06 6.06 6.05 6.05 7.22 7.22 7.20 7.20 7.20 7.57 7.17 7.17 7.17 7.17 6.04 6.04 6.04 6.04 6.27 6.27 6.27 7.50 7.49 7.49 7.49 7.49
6.25 6.25 6.25 6.25 6.26 6.26 6.26 6.26 6.25 6.25 6.09 6.25 5.99 5.99 5.99 5.99 6.26 6.26 6.26 6.26 6.24 6.24 6.24 6.09 6.30 6.30 6.30 6.30 6.00 6.10 6.10 6.10 6.13 6.13 6.13 6.13 6.70 6.18 6.18 6.18 6.20 6.20 6.20 6.20 6.08 6.08 6.08 6.08 6.04 6.04 6.04 6.04 6.02 6.02 6.02 6.02 6.06 6.06 6.06 6.06 6.05 6.05 7.22 7.22 7.20 6.03 6.03 7.20 7.17 7.17 7.17 7.17 6.04 6.04 6.04 6.04 6.27 6.27 6.27 6.27 6.26 7.49 7.49 7.49
6.25 6.25 6.25 6.25 6.26 6.26 6.26 6.26 6.25 6.25 6.25 6.25 5.99 6.33 5.99 6.17 6.26 6.10 6.26 6.26 6.24 6.08 6.24 6.24 6.30 6.30 6.30 6.30 6.48 6.10 6.10 6.10 6.13 6.13 6.13 6.13 6.18 6.18 6.18 6.18 6.20 6.26 6.26 6.20 6.08 6.08 6.08 6.08 6.33 6.04 6.04 6.04 6.02 6.02 6.02 6.02 6.06 6.06 6.06 6.06 6.05 6.05 6.05 6.05 6.67 6.03 7.20 7.20 6.01 6.01 7.17 7.17 6.04 6.04 6.04 6.04 6.27 6.27 6.27 6.27 6.26 6.26 6.26 6.26
6.25 6.25 6.25 6.25 6.26 6.26 6.26 6.26 6.25 6.25 6.25 6.25 5.99 5.99 5.99 5.99 6.26 6.26 6.26 6.10 6.08 6.24 6.24 6.24 6.30 6.30 6.30 6.30 6.10 6.10 6.10 6.10 6.13 6.13 6.13 6.13 6.18 6.18 6.18 6.18 6.20 6.20 6.25 6.20 6.08 6.08 6.08 6.08 6.04 6.33 6.04 6.04 6.02 6.02 6.02 6.02 6.06 6.06 6.06 6.06 6.05 6.05 6.05 6.05 6.03 6.03 7.20 6.03 6.01 6.01 7.17 6.01 6.04 6.04 6.04 6.04 6.27 6.27 6.27 6.27 6.26 6.26 6.26 6.26
6.17 6.17 6.01 6.01 6.16 6.16 6.16 6.16 6.16 6.16 6.16 6.16 6.23 6.23 6.23 6.06 6.18 6.18 6.18 6.18 6.23 6.23 6.23 6.23 6.30 6.30 6.30 6.30 6.11 6.11 6.11 6.11 6.16 6.16 6.16 6.16 6.16 6.16 6.16 6.16 6.14 6.14 6.14 6.14 6.03 6.03 6.03 6.03 6.03 6.03 6.03 6.03 6.08 6.08 6.08 6.08 6.13 6.13 6.13 6.13 6.10 6.10 6.10 6.10 6.05 6.05 6.05 6.05 6.03 6.03 6.03 6.03 6.08 6.08 6.08 6.08 6.32 6.32 6.98 6.32 6.33 6.33 6.33 6.33
6.17 6.17 6.17 6.17 6.16 6.16 6.16 6.16 6.16 6.05 6.16 6.16 6.23 6.23 6.23 6.23 6.18 6.18 6.18 6.18 6.23 6.23 6.23 6.23 6.30 6.30 6.30 6.30 6.11 6.11 6.11 6.11 6.16 6.16 6.16 6.16 6.16 6.16 6.16 6.69 6.14 6.14 6.14 6.14 6.03 6.03 6.03 6.03 6.03 6.03 6.03 6.03 6.08 6.08 6.08 6.08 6.13 6.13 6.13 6.13 6.10 6.10 6.50 6.10 6.05 6.05 6.05 6.05 6.67 6.03 6.03 6.03 6.08 6.08 6.08 6.08 6.32 6.32 6.32 6.32 6.33 6.33 6.33 6.33
6.01 6.17 6.17 6.17 6.16 6.16 6.16 6.16 6.16 6.16 6.16 6.16 6.23 6.23 6.23 6.23 6.18 6.18 6.18 6.18 6.23 6.23 6.23 6.23 6.30 6.30 6.30 6.30 6.11 6.11 6.11 6.11 6.16 6.16 6.16 6.16 7.05 6.23 6.70 6.16 6.14 6.20 6.14 6.14 6.03 6.03 6.03 6.03 6.03 6.03 6.03 6.03 6.08 6.08 6.08 6.08 6.13 6.13 6.13 6.13 6.10 6.10 6.10 6.49 6.05 6.05 6.05 6.05 6.03 6.03 6.03 6.03 6.08 6.08 6.08 6.08 6.32 6.32 6.32 6.32 6.33 6.33 6.33 6.33
6.00 6.17 6.17 6.17 6.16 6.16 5.99 6.16 6.16 6.16 6.16 6.16 6.23 6.23 6.23 6.23 6.18 6.18 6.18 6.18 6.23 6.23 6.23 6.23 6.30 6.30 6.30 6.30 6.11 6.11 6.11 6.11 6.16 6.16 6.16 6.70 6.16 6.16 6.16 6.16 6.14 6.14 6.14 6.14 6.03 6.03 6.03 6.03 6.03 6.03 6.03 6.03 6.08 6.08 6.08 6.08 6.13 6.13 6.13 6.13 6.10 6.10 6.10 6.10 6.05 6.05 6.05 6.05 6.03 6.03 6.03 6.03 6.08 6.08 6.08 6.08 6.32 6.32 6.32 6.32 6.33 6.33 6.33 6.33
6.08 6.08 6.08 5.92 6.08 6.08 6.08 6.08 6.07 6.07 6.07 6.07 6.18 6.18 6.18 6.18 6.26 6.26 6.26 6.26 6.00 6.00 6.00 6.00 6.04 6.04 6.04 6.04 6.19 6.19 6.19 6.19 6.20 6.20 6.20 6.25 6.15 6.15 6.15 6.15 6.13 6.13 6.13 6.13 6.08 6.08 6.08 6.08 6.12 6.12 6.12 6.12 5.91 5.91 5.91 5.91 5.95 5.95 5.95 5.95 6.15 6.15 6.15 6.79 6.08 6.71 6.08 6.08 6.05 6.05 6.05 6.05 6.11 6.11 6.11 6.11 6.35 6.35 6.35 6.35 6.36 6.36 6.36 6.36
6.08 6.08 6.08 6.08 6.08 6.08 6.08 6.08 6.07 6.07 5.91 6.07 6.18 6.18 6.18 6.18 6.26 6.26 6.26 6.26 6.00 6.00 6.00 6.00 6.04 6.04 6.04 6.04 6.19 6.19 6.19 6.19 6.20 6.20 6.20 6.20 6.15 6.15 6.15 6.15 6.13 6.13 6.13 6.13 6.08 6.08 6.08 6.08 6.12 6.12 6.12 6.12 5.91 5.91 5.91 5.91 5.95 5.95 5.95 5.95 6.15 6.15 6.15 6.15 6.08 6.08 6.08 6.08 6.05 6.05 6.05 6.05 6.11 6.11 6.11 6.11 6.35 6.35 6.35 6.35 6.36 7.03 6.36 6.36
6.08 6.08 5.92 6.08 6.08 6.08 6.08 6.08 6.07 6.07 6.07 6.07 6.18 6.18 6.18 6.18 6.26 6.26 6.26 6.26 6.00 6.00 6.00 6.00 6.04 6.04 6.04 6.04 6.19 6.19 6.19 6.19 6.20 6.20 6.20 6.20 6.15 6.15 6.15 6.15 6.13 6.13 6.13 6.13 6.08 6.08 6.08 6.08 6.12 6.12 6.12 6.12 5.91 5.91 5.91 5.91 5.95 5.95 5.95 5.95 6.15 6.15 6.15 6.15 6.08 6.08 6.08 6.71 6.05 6.05 6.05 6.05 6.11 6.11 6.11 6.11 6.35 6.35 6.35 6.35 6.36 7.03 6.36 6.36
6.08 6.08 6.08 6.08 6.08 6.08 6.08 6.08 5.96 6.07 6.07 6.07 6.18 6.18 6.18 6.18 6.26 6.26 6.26 6.26 6.00 6.00 6.00 6.00 6.04 6.04 6.04 6.04 6.19 6.19 6.19 6.19 6.20 6.73 6.20 6.25 6.15 6.15 6.15 6.15 6.13 6.13 6.13 6.13 6.08 6.08 6.08 6.08 6.12 6.12 6.12 6.12 5.91 5.91 5.91 5.91 5.95 5.95 5.95 5.95 6.15 6.15 6.56 6.15 6.08 6.66 6.08 6.08 6.05 6.05 6.05 6.05 6.11 6.11 6.11 6.11 6.35 6.35 6.35 6.35 6.36 6.36 7.03 6.36
6.05 6.05 6.05 6.05 6.08 6.08 6.08 6.08 6.11 6.11 6.11 6.11 6.25 6.25 6.25 6.25 6.03 6.03 6.03 6.03 6.10 6.10 6.10 6.10 6.13 6.13 6.13 6.13 6.25 6.25 6.25 6.25 6.19 6.19 6.19 6.19 6.16 6.16 6.16 6.16 6.16 6.16 6.16 6.16 6.12 6.12 6.12 6.12 5.93 5.93 5.93 5.93 5.97 5.97 5.97 5.97 5.98 5.98 5.98 5.98 6.15 6.15 6.15 6.78 6.69 6.05 6.05 6.05 6.05 6.05 6.05 6.05 6.10 6.10 6.10 6.10 6.35 6.35 6.35 6.35 6.39 6.39 6.39 6.39
6.31 6.44 6.05 6.05 6.08 6.08 6.08 6.08 5.94 6.11 6.11 6.11 6.25 6.25 6.25 6.25 6.03 6.03 6.03 6.03 6.10 6.10 6.10 6.10 6.13 6.13 6.13 6.13 6.25 6.25 6.25 6.25 6.73 6.25 6.19 6.19 6.16 6.16 6.16 6.16 6.16 6.16 6.16 6.16 6.12 6.12 6.12 6.12 5.93 5.93 5.93 5.93 5.97 5.97 5.97 5.97 5.98 5.98 5.98 5.98 6.15 6.15 6.15 6.15 6.05 6.05 6.05 6.05 6.05 6.05 6.05 6.05 6.10 6.10 6.10 6.10 6.35 6.35 6.35 6.35 6.39 6.39 6.39 6.39
5.79 5.79 5.79 5.79 5.83 5.83 6.02 6.02 6.05 5.90 6.05 6.05 6.10 6.10 6.10 6.10 6.23 6.23 6.23 6.23 5.94 5.94 5.94 5.94 5.98 5.98 5.98 5.98 5.89 5.89 5.89 5.89 5.83 5.89 5.83 5.83 6.15 6.15 6.15 6.15 6.16 6.16 6.17 6.16 5.91 5.91 5.91 5.91 5.98 5.98 5.98 5.98 6.02 6.02 6.02 6.02 6.04 6.04 6.04 6.33 5.92 5.92 5.92 5.92 5.83 6.47 5.83 5.83 5.82 5.82 5.82 5.82 5.88 5.88 5.88 5.88 6.29 6.29 6.29 6.29 6.32 6.32 6.32 6.32
5.79 5.79 5.79 5.79 5.83 5.83 5.83 5.83 5.85 6.05 6.05 6.05 6.10 6.10 6.10 6.10 6.23 6.23 6.23 6.23 5.94 5.94 5.94 5.94 5.98 5.98 5.98 5.98 5.89 5.89 5.89 5.89 5.83 5.83 5.83 5.83 6.15 6.15 6.15 6.15 6.00 6.00 6.16 6.16 5.91 5.91 5.91 5.91 5.98 5.98 5.98 5.98 6.02 6.02 6.02 6.02 6.04 6.04 6.04 6.04 5.92 5.92 5.92 5.92 5.83 5.83 5.83 5.83 5.82 5.82 5.82 5.82 5.88 5.88 5.88 5.88 6.29 6.95 6.29 6.29 6.32 6.32 6.32 6.32
5.81 5.81 5.81 5.81 5.86 5.86 5.86 5.86 5.87 6.56 5.87 5.87 6.15 6.15 6.15 6.15 6.27 6.27 6.27 6.27 6.01 6.01 6.01 6.01 6.04 6.04 6.04 6.04 5.90 5.90 5.90 5.90 6.15 6.15 6.15 6.15 6.15 6.15 6.15 6.15 5.81 5.81 5.81 5.81 5.90 5.90 5.90 5.90 5.99 5.99 5.99 5.99 6.05 6.05 6.05 6.05 6.02 6.02 6.02 6.02 5.87 5.87 5.87 5.87 5.81 5.81 5.81 5.81 5.81 5.81 5.81 5.81 5.84 5.84 5.84 5.84 6.27 6.27 6.27 6.94 6.35 6.35 6.35 6.35
5.81 5.81 5.81 5.81 5.86 5.86 5.86 5.86 5.87 5.87 5.87 5.87 5.95 5.95 5.95 6.15 6.27 6.27 6.27 6.27 6.01 6.01 6.01 6.01 6.04 6.04 6.04 6.00 5.90 5.90 5.90 5.90 6.15 6.15 6.15 6.15 6.15 6.15 6.15 6.15 5.81 5.81 5.81 5.81 5.90 5.90 5.90 5.90 6.79 5.99 5.99 5.99 6.05 6.05 6.05 2.60 6.02 6.02 6.02 6.02 5.87 5.87 5.87 6.49 5.81 5.81 5.81 5.81 5.81 5.81 5.81 5.81 5.84 5.84 5.84 5.84 6.27 6.94 6.27 6.27 6.72 6.35 6.35 6.35
5.81 5.81 5.81 5.81 5.86 5.86 5.86 5.86 5.87 5.87 5.87 5.87 5.95 5.95 5.95 5.95 6.07 6.07 6.07 6.27 6.01 6.01 6.01 6.01 6.04 6.04 6.04 6.00 4.68 4.34 5.90 5.90 6.15 6.15 6.15 6.15 6.15 6.15 6.15 6.15 5.81 5.81 5.81 5.81 5.90 5.90 5.90 5.90 6.27 5.99 5.99 5.99 6.05 6.05 6.05 6.05 6.02 6.02 6.02 6.02 5.87 5.87 5.87 6.49 5.81 5.81 5.81 5.81 5.81 5.81 5.81 5.81 5.84 5.84 5.84 5.84 6.27 6.27 6.27 6.27 6.35 6.35 6.35 6.35
5.81 5.81 5.81 5.81 6.30 5.86 5.86 5.86 5.87 6.32 5.87 5.87 5.95 5.95 5.95 5.95 6.07 6.07 6.07 6.07 6.16 6.16 6.01 6.01 6.04 6.10 6.07 4.51 4.34 4.34 4.34 5.90 6.15 6.15 6.15 6.15 6.15 6.15 6.15 6.15 7.35 5.81 5.81 6.15 5.90 5.90 5.90 5.90 5.99 5.99 5.99 6.29 6.05 6.05 6.05 6.35 6.02 6.02 6.02 6.02 5.87 5.87 5.87 5.87 5.81 5.81 5.81 5.81 5.81 5.81 5.81 5.81 6.48 5.84 5.84 5.84 6.27 6.27 6.27 6.27 6.35 6.35 6.35 6.35
5.82 5.82 5.82 5.82 5.87 5.87 5.87 5.87 5.88 5.88 5.88 5.88 5.95 5.95 5.95 5.95 6.09 6.09 6.09 6.09 6.20 6.20 6.20 6.20 6.70 6.04 6.00 4.51 4.34 4.34 5.93 5.87 6.14 6.14 6.14 6.14 6.15 6.15 6.77 6.77 7.36 5.82 5.82 5.82 6.10 6.10 6.10 6.10 5.96 5.96 5.96 6.25 6.04 6.04 6.04 6.86 5.98 5.98 5.98 5.98 5.84 5.84 5.84 5.84 5.81 5.81 5.81 6.44 5.80 5.80 5.80 5.80 6.44 5.81 5.81 5.81 6.25 6.25 6.25 6.25 6.34 6.34 6.34 7.01
5.82 5.82 5.82 5.82 5.87 5.87 5.87 5.87 5.88 5.88 5.88 5.88 5.95 5.95 5.95 5.95 6.09 6.94 6.09 6.09 6.20 6.20 6.20 6.20 6.20 6.20 6.20 6.06 4.34 2.33 5.87 5.87 6.14 6.14 6.14 6.14 6.15 6.15 6.77 6.77 6.64 6.64 6.16 5.82 6.10 6.10 6.10 6.10 5.96 5.96 5.96 5.96 6.04 6.04 4.72 4.72 5.98 6.28 5.98 6.38 5.84 5.84 5.84 5.84 5.81 5.81 5.81 5.81 5.80 5.80 5.80 5.80 5.81 5.81 5.81 5.81 6.25 6.25 6.25 6.25 6.34 6.34 6.34 6.34
5.82 5.82 5.82 5.82 5.87 5.87 5.87 5.87 5.88 5.88 5.88 5.88 5.95 5.95 5.95 5.95 6.09 6.09 6.09 6.09 6.20 4.48 6.20 8.22 4.48 6.20 6.20 6.20 6.01 5.85 6.01 6.01 6.14 6.14 6.14 6.14 6.15 6.15 6.15 6.77 6.64 6.64 6.64 5.82 6.10 6.10 6.10 6.10 5.96 5.96 5.96 5.96 6.04 6.33 4.72 4.72 5.98 5.98 5.98 5.98 5.84 5.84 5.84 5.84 5.81 5.81 5.81 5.81 5.80 5.80 5.80 5.80 5.81 5.81 5.81 5.81 6.25 6.25 6.25 6.25 6.34 6.34 6.34 7.01
5.82 5.82 5.82 5.82 5.87 5.87 5.87 5.87 5.88 5.88 6.33 5.88 5.95 5.95 5.95 5.95 6.09 6.94 6.09 6.09 4.48 4.48 4.83 4.79 4.54 6.20 6.20 6.20 6.01 6.01 4.38 7.08 5.92 5.92 5.92 6.14 6.15 6.15 6.15 6.77 6.64 6.70 6.64 6.64 6.57 6.10 6.10 6.10 5.96 5.96 5.96 5.96 6.04 6.04 6.04 5.08 5.98 5.98 5.98 5.98 5.84 5.84 5.84 5.84 5.81 6.14 6.14 5.81 5.80 5.80 5.80 5.80 5.81 5.81 5.81 5.81 6.25 6.25 6.25 6.25 6.34 6.34 6.34 7.01
5.84 5.84 5.84 5.84 5.87 5.87 5.87 5.87 5.88 5.88 6.32 5.88 5.96 5.96 5.96 5.96 6.08 6.08 6.08 6.08 4.48 5.05 5.24 4.83 4.83 6.65 6.42 6.20 4.38 6.02 4.38 6.02 5.93 5.93 5.93 5.93 6.59 6.59 6.77 6.77 6.65 6.71 6.71 5.83 6.08 6.08 6.08 6.08 5.91 5.91 5.91 5.91 4.72 4.72 6.00 6.29 5.95 5.95 5.95 5.95 5.84 5.84 6.47 5.84 5.83 4.94 4.94 5.83 5.79 5.79 6.41 5.79 5.78 5.78 5.78 5.78 6.26 6.26 6.26 6.26 6.34 6.34 6.34 6.34
5.84 5.84 5.84 5.84 5.87 5.87 5.87 5.87 5.88 5.88 5.88 5.88 5.96 5.96 5.96 5.96 6.08 6.08 6.08 6.08 4.48 5.39 5.61 6.18 5.96 2.70 2.48 2.02 5.54 6.02 4.38 6.02 5.93 5.93 5.93 5.93 5.94 5.94 5.94 6.59 6.62 6.62 6.65 5.83 6.08 6.08 6.08 6.08 5.91 5.91 5.91 5.91 6.00 4.72 4.72 5.72 5.95 5.95 5.95 5.95 5.84 6.16 5.84 5.84 5.83 5.83 5.83 5.83 5.79 5.79 5.79 5.79 5.78 5.78 5.78 5.78 6.26 6.26 6.26 6.26 6.34 6.34 6.34 7.01
5.84 5.84 4.53 4.53 5.87 6.68 5.87 6.32 5.88 5.88 5.88 5.88 5.96 4.54 4.54 4.54 4.54 4.48 4.48 6.08 4.94 3.15 2.93 5.95 6.33 8.34 8.79 7.69 5.92 5.54 6.47 6.02 5.93 5.93 5.93 5.93 5.94 4.38 4.38 5.94 6.62 6.62 6.73 6.62 6.93 6.08 6.08 6.08 5.91 5.91 5.91 5.91 6.00 4.72 4.72 5.63 5.95 5.95 5.95 5.98 6.16 6.16 6.16 6.16 5.83 5.83 5.83 5.83 5.79 5.79 5.79 5.79 5.78 5.78 5.78 5.78 6.26 6.26 6.26 6.26 6.34 6.34 6.34 6.34
5.85 4.53 4.53 4.53 5.87 6.32 5.87 5.87 5.88 5.88 5.88 5.88 5.96 5.96 5.96 4.54 4.54 4.54 6.08 4.48 5.39 3.15 5.88 7.89 0.00 0.00 0.00 0.00 0.00 7.64 1.75 6.47 5.93 5.93 5.93 5.93 5.94 4.38 4.38 5.94 5.97 6.62 6.62 4.67 6.93 6.23 6.23 6.23 5.91 5.91 5.91 5.91 6.00 6.00 4.72 4.64 5.95 5.95 5.95 5.95 6.16 6.16 2.59 6.16 5.83 5.83 5.83 5.83 5.79 5.79 5.79 5.79 5.78 5.78 5.78 5.78 6.26 6.26 6.26 6.26 6.34 6.34 6.34 6.34
5.86 4.53 4.53 4.53 6.32 5.87 5.87 5.87 5.87 5.87 5.87 5.87 5.98 6.43 5.98 5.98 4.48 6.08 4.48 4.48 8.04 5.88 0.00 0.00 0.00 0.00 0.00 0.00 0.00 0.00 7.97 6.83 5.95 5.95 5.95 5.95 5.92 4.38 4.38 5.92 5.94 6.59 6.83 6.59 6.91 6.91 6.22 6.22 6.24 6.24 6.24 6.08 5.94 6.74 4.63 4.64 4.64 5.95 5.95 5.95 5.85 6.17 5.85 5.85 5.83 5.83 6.46 5.83 5.77 5.77 6.39 6.20 6.39 5.76 5.76 5.76 6.25 6.25 6.25 6.25 6.36 6.36 6.36 6.36
4.53 4.53 4.53 4.53 5.87 5.87 5.87 4.53 5.87 5.87 5.87 5.87 5.98 5.98 5.98 5.98 6.08 6.08 6.08 9.71 0.23 0.00 0.00 0.00 0.00 0.00 0.00 0.00 0.00 0.00 0.00 10.94 7.28 5.95 5.95 5.95 5.92 5.92 4.38 5.92 5.94 6.59 6.59 4.63 5.02 6.91 6.72 6.22 6.24 6.24 6.24 6.24 6.33 6.33 6.33 4.72 4.64 4.64 5.95 5.95 6.17 4.94 5.85 5.85 5.83 6.46 5.83 6.15 5.77 5.77 5.77 5.77 5.76 5.76 5.76 5.76 6.25 6.25 6.25 6.25 6.36 6.36 6.36 5.40
5.17 5.17 5.17 5.17 5.17 6.11 6.11 6.11 6.30 6.11 6.11 6.11 6.23 6.23 6.23 6.23 6.34 6.34 8.82 0.00 0.00 0.00 0.00 0.00 0.00 0.00 0.00 0.00 0.00 0.00 0.00 4.08 5.49 5.32 6.59 6.36 6.67 6.33 6.33 6.33 6.35 6.35 6.84 5.61 4.53 6.44 5.81 5.81 5.83 5.83 5.83 5.83 5.92 5.92 5.92 4.28 4.19 5.32 5.79 5.98 5.76 5.76 5.76 5.76 5.95 5.95 5.95 5.95 5.89 5.89 5.89 5.89 5.88 5.88 5.88 5.88 5.78 5.78 5.78 5.78 5.88 5.88 4.73 4.95
5.17 5.17 5.17 5.17 5.17 6.11 6.11 6.11 6.11 6.11 6.11 6.11 6.23 6.70 5.50 6.45 6.26 10.19 0.00 0.00 0.00 0.00 0.00 0.00 0.00 0.00 0.00 0.00 0.00 0.00 0.00 0.00 5.92 2.97 8.43 6.59 6.33 6.33 5.33 6.33 6.35 6.35 6.84 5.49 6.44 6.44 5.81 5.81 5.83 5.83 5.83 5.83 5.92 5.92 5.92 4.28 5.75 4.19 4.28 5.93 6.12 5.76 5.76 5.76 6.42 5.95 6.01 5.95 5.89 5.89 5.89 5.89 5.88 5.88 5.88 4.48 5.78 5.78 5.78 5.78 5.88 5.88 5.88 6.10
5.17 5.27 5.17 5.17 5.17 6.07 6.07 6.07 6.09 6.09 6.09 6.09 6.71 6.71 5.50 6.45 9.56 0.00 0.00 0.00 0.00 0.00 0.00 0.00 0.00 0.00 0.00 0.00 0.00 0.00 0.00 0.00 5.92 5.72 5.54 6.56 6.29 6.29 6.29 5.20 6.32 6.32 6.32 6.80 6.43 6.43 7.08 6.43 5.80 5.80 5.80 5.80 5.88 5.88 5.88 4.28 4.19 4.40 4.21 5.90 6.10 6.10 5.98 6.26 5.92 5.92 5.92 5.92 5.88 5.88 5.88 5.88 5.89 5.89 5.89 5.89 5.73 5.73 5.73 5.73 5.84 5.84 5.84 5.84
6.07 5.17 5.17 5.17 6.07 6.07 6.07 6.07 6.09 6.09 6.09 6.09 6.71 6.71 5.73 9.16 8.08 0.00 0.00 0.00 0.00 0.00 0.00 0.00 0.00 0.00 0.00 0.00 0.00 0.00 0.00 0.00 5.92 5.49 6.01 7.05 6.29 6.29 6.29 6.29 6.32 6.32 6.32 6.80 4.53 4.53 4.53 6.43 5.80 5.80 5.80 5.80 5.88 5.88 5.88 5.88 0.90 5.04 5.90 6.42 6.10 4.46 7.48 6.10 5.96 6.06 6.06 6.06 5.88 5.88 5.88 5.88 5.89 5.89 5.89 5.89 6.04 5.73 5.73 5.73 5.84 6.48 6.48 4.73
6.07 6.07 6.07 6.07 6.07 6.07 6.26 6.07 6.09 6.09 5.17 6.09 6.71 5.73 9.36 8.20 0.00 0.00 0.00 0.00 0.00 0.00 0.00 0.00 0.00 0.00 0.00 0.00 0.00 0.00 0.00 0.00 8.67 5.27 6.62 5.72 6.78 6.29 6.29 5.20 6.32 6.32 5.20 6.80 6.43 4.53 4.53 6.43 5.80 5.80 5.80 5.68 5.72 5.88 5.88 4.42 4.42 4.90 5.90 5.90 6.10 4.46 5.98 5.98 5.96 6.06 6.06 6.06 6.02 6.02 6.02 5.88 5.89 5.89 5.89 5.89 5.73 5.73 5.73 5.73 6.46 5.84 5.84 4.82
6.07 6.07 6.07 5.17 5.40 5.17 6.07 6.07 5.17 6.09 6.09 6.09 5.55 4.63 8.43 0.00 0.00 0.00 0.00 0.00 0.00 0.00 0.00 0.00 0.00 0.00 0.00 0.00 0.00 0.00 0.00 0.00 3.85 9.40 5.78 5.67 6.29 5.20 5.33 6.29 6.32 5.20 5.20 5.33 4.83 4.53 4.68 6.43 5.80 5.80 5.80 5.68 5.72 5.88 4.21 1.36 6.22 6.13 6.38 5.90 6.10 5.98 5.98 5.98 5.96 6.06 6.60 6.06 5.93 6.02 6.02 6.02 6.03 6.03 5.89 5.89 5.73 5.73 5.73 5.73 5.84 5.84 5.84 4.82
6.08 6.08 6.08 6.23 5.57 5.40 6.06 6.06 6.06 5.17 5.17 5.52 5.08 8.48 0.00 0.00 0.00 0.00 0.00 0.00 0.00 0.00 0.00 0.00 0.00 0.00 0.00 0.00 0.00 0.00 0.00 0.00 0.00 6.23 8.26 6.28 5.33 5.63 6.25 6.25 6.30 5.20 5.20 5.56 4.25 4.57 5.79 5.79 5.79 5.79 5.79 4.21 4.28 5.87 5.94 2.29 5.38 4.47 5.87 5.87 6.06 6.06 5.96 4.84 5.95 4.53 6.05 6.05 6.04 6.04 6.04 6.04 6.04 6.04 6.04 6.04 6.34 6.34 5.95 5.95 5.78 5.78 5.78 4.73
9.71 9.71 9.71 6.53 6.25 6.83 6.29 6.06 6.06 6.06 5.17 5.62 8.66 0.00 0.00 0.00 0.00 0.00 0.00 0.00 0.00 0.00 0.00 0.00 0.00 0.00 0.00 0.00 0.00 0.00 0.00 0.00 0.00 6.28 10.58 5.71 5.33 6.25 6.25 6.25 6.30 6.30 8.96 4.87 6.87 6.42 6.02 5.79 5.79 5.79 5.79 4.21 4.28 6.09 7.22 2.74 3.16 5.38 6.33 5.87 6.06 6.06 4.46 4.46 4.53 4.53 6.05 6.05 6.04 6.04 6.04 6.04 6.04 6.04 6.04 6.04 6.34 6.34 6.34 6.34 6.42 5.78 5.78 5.78
