New_Model_Runs/5_FutureClimate_BASE_out/post_prcessed_with_MFR/Monthly_summaries/net_infiltration_monthly_JUL.asc
NCOLS 700
NROWS 400
XLLCENTER 515000.000000
YLLCENTER 8409000.000000
CELLSIZE 50.000000
NODATA_value -999.000000
[rows 152 to 189 of 400, columns 336 to 419 of 700]
3.06 4.04 5.09 4.62 4.59 3.75 3.54 3.54 3.54 4.55 3.87 3.87 4.25 4.25 3.80 3.80 3.61 3.61 4.03 3.61 3.68 3.68 3.68 3.68 3.74 7.37 4.56 4.49 4.94 4.94 5.39 4.72 4.43 4.43 4.66 3.09 2.87 7.61 3.48 3.84 4.04 7.39 6.63 7.06 7.06 6.32 1.17 0.94 4.52 0.00 0.00 0.00 0.00 0.00 0.00 0.00 0.00 0.00 0.00 0.00 0.00 0.00 0.00 0.00 0.00 0.00 0.00 0.00 0.00 0.00 0.00 0.00 0.00 0.00 0.00 0.00 0.00 0.00 0.00 0.00 0.00 0.00 0.00 0.00
3.28 3.30 3.09 3.76 3.99 3.60 3.57 4.83 3.85 4.55 4.55 3.87 3.80 3.80 3.80 3.80 3.61 3.61 3.61 3.61 3.68 3.68 3.68 3.68 3.74 3.11 6.74 6.74 4.56 7.16 4.94 4.56 6.72 7.12 6.50 6.50 7.43 4.66 4.11 3.84 3.82 7.39 6.63 3.13 6.84 0.94 1.17 1.17 4.52 0.00 0.00 0.00 0.00 0.00 0.00 0.00 0.00 0.00 0.00 0.00 0.00 0.00 0.00 0.00 0.00 0.00 0.00 0.00 0.00 0.00 0.00 0.00 0.00 0.00 0.00 0.00 0.00 0.00 0.00 0.00 0.00 0.00 0.00 0.00
3.44 3.82 3.60 2.97 3.48 4.34 4.59 4.59 4.55 4.55 4.55 3.87 3.80 3.80 3.80 4.20 3.61 3.61 3.61 3.61 3.68 3.68 3.68 3.68 8.10 8.10 8.10 9.06 6.74 6.74 6.74 6.74 4.66 6.95 6.98 7.66 4.48 8.08 3.66 3.53 3.82 7.32 7.32 3.13 4.79 3.35 3.21 3.21 4.52 3.03 0.00 0.00 0.00 0.00 0.00 0.00 0.00 0.00 0.00 0.00 0.00 0.00 0.00 0.00 0.00 0.00 0.00 0.00 0.00 0.00 0.00 0.00 0.00 0.00 0.00 0.00 0.00 0.00 0.00 0.00 0.00 0.00 0.00 0.00
4.85 3.54 3.60 3.54 3.54 3.54 3.85 4.59 4.55 4.55 4.55 4.55 4.25 3.80 3.80 3.80 3.61 3.61 3.61 3.61 3.68 3.68 3.68 3.68 7.37 3.74 3.74 3.97 3.56 7.65 4.94 3.35 6.76 6.76 6.76 7.62 7.78 3.99 3.76 3.84 3.53 7.17 4.57 3.13 4.79 1.17 3.21 3.21 4.52 6.66 0.00 0.00 0.00 0.00 0.00 0.00 0.00 0.00 0.00 0.00 0.00 0.00 0.00 0.00 0.00 0.00 0.00 0.00 0.00 0.00 0.00 0.00 0.00 0.00 0.00 0.00 0.00 0.00 0.00 0.00 0.00 0.00 0.00 0.00
3.19 3.54 3.85 3.54 4.58 4.58 4.58 4.58 4.54 4.54 4.54 4.54 5.16 4.23 3.78 3.78 3.62 3.62 3.62 3.62 3.68 3.68 3.68 7.31 3.70 3.70 3.70 3.70 3.66 3.80 8.61 3.35 3.27 6.76 6.76 3.43 3.43 3.80 3.80 3.80 7.16 3.70 4.57 3.13 6.76 4.57 3.21 0.94 0.89 4.75 0.23 0.00 0.00 0.00 0.00 0.00 0.00 0.00 0.00 0.00 0.00 0.00 0.00 0.00 0.00 0.00 0.00 0.00 0.00 0.00 0.00 0.00 0.00 0.00 0.00 0.00 0.00 0.00 0.00 0.00 0.00 0.00 0.00 0.00
3.54 3.54 4.60 3.54 4.58 4.58 4.58 4.58 4.54 4.78 4.54 4.54 4.44 4.44 3.78 3.78 3.62 3.62 3.62 3.62 4.10 3.68 3.68 7.31 3.70 3.70 3.89 3.66 3.66 3.91 7.79 7.20 6.76 7.39 3.66 3.43 3.80 3.80 3.80 3.80 3.53 3.43 6.76 4.57 4.57 4.57 0.94 3.21 0.89 4.75 1.35 0.00 0.00 0.00 0.00 0.00 0.00 0.00 0.00 0.00 0.00 0.00 0.00 0.00 0.00 0.00 0.00 0.00 0.00 0.00 0.00 0.00 0.00 0.00 0.00 0.00 0.00 0.00 0.00 0.00 0.00 0.00 0.00 0.00
4.60 3.85 4.60 4.60 4.58 4.58 4.58 3.54 3.54 4.54 4.54 4.54 4.66 4.44 3.78 3.78 3.62 3.62 3.62 4.04 3.68 3.68 7.31 3.86 3.89 3.89 3.89 3.89 3.91 3.91 7.38 3.98 3.53 3.53 3.87 3.53 3.80 3.80 3.80 3.80 3.85 3.85 4.57 4.57 6.84 6.84 0.94 1.17 1.12 4.75 7.11 0.00 0.00 0.00 0.00 0.00 0.00 0.00 0.00 0.00 0.00 0.00 0.00 0.00 0.00 0.00 0.00 0.00 0.00 0.00 0.00 0.00 0.00 0.00 0.00 0.00 0.00 0.00 0.00 0.00 0.00 0.00 0.00 0.00
4.60 4.60 3.85 4.60 4.58 4.58 3.54 3.54 3.54 4.54 4.54 4.54 4.44 4.44 4.44 3.78 3.62 3.62 3.62 3.62 3.68 7.79 7.49 3.86 3.89 4.19 3.89 3.89 3.91 3.91 3.66 4.06 3.87 3.87 3.87 3.87 3.80 3.80 3.80 3.80 3.85 3.53 4.57 6.76 6.76 6.84 4.57 4.57 4.97 5.20 4.75 0.00 0.00 0.00 0.00 0.00 0.00 0.00 0.00 0.00 0.00 0.00 0.00 0.00 0.00 0.00 0.00 0.00 0.00 0.00 0.00 0.00 0.00 0.00 0.00 0.00 0.00 0.00 0.00 0.00 0.00 0.00 0.00 0.00
4.57 4.59 3.54 4.57 4.57 4.57 3.54 3.54 4.52 4.52 4.52 4.52 4.42 4.42 4.42 4.42 3.60 3.60 3.78 3.78 3.82 7.44 3.82 3.82 3.83 3.83 3.83 3.83 3.83 4.13 3.83 3.83 3.80 3.80 3.80 4.07 3.81 3.81 3.81 3.81 3.86 6.63 3.01 3.70 7.78 3.58 4.15 6.76 3.74 4.19 5.26 5.02 0.00 0.00 0.00 0.00 0.00 0.00 0.00 0.00 0.00 0.00 0.00 0.00 0.00 0.00 0.00 0.00 0.00 0.00 0.00 0.00 0.00 0.00 0.00 0.00 0.00 0.00 0.00 0.00 0.00 0.00 0.00 0.00
4.57 4.02 4.02 4.57 4.57 4.57 3.54 3.54 3.54 4.52 4.52 3.07 4.42 4.42 4.42 4.42 3.78 3.78 3.78 3.78 7.44 3.82 3.82 3.82 3.83 4.27 3.83 3.83 3.83 4.27 3.83 3.83 3.80 3.80 4.01 4.01 3.81 3.81 3.81 3.81 3.73 3.43 3.97 3.53 3.76 4.21 3.99 3.53 3.36 3.56 7.90 7.71 4.97 4.97 4.83 4.52 0.00 0.00 0.00 0.00 0.00 0.00 0.00 0.00 0.00 0.00 0.00 0.00 0.00 0.00 0.00 0.00 0.00 0.00 0.00 0.00 0.00 0.00 0.00 0.00 0.00 0.00 0.00 0.00
5.98 6.66 5.98 5.76 5.76 5.76 5.76 6.10 5.20 5.71 5.71 5.71 5.58 5.58 5.58 5.58 4.65 5.04 4.65 4.65 4.70 4.70 4.70 4.70 4.71 5.10 4.71 4.71 5.10 4.71 5.58 4.71 4.04 4.04 4.04 4.04 3.81 3.81 3.81 4.11 3.85 3.85 3.85 4.26 3.78 3.84 3.84 3.84 3.66 3.37 3.82 7.48 7.03 5.20 1.58 4.52 4.52 4.54 4.52 4.52 0.00 0.00 0.00 0.00 0.00 0.00 0.00 0.00 0.00 0.00 0.00 0.00 0.00 0.00 0.00 0.00 0.00 0.00 0.00 0.00 0.00 0.00 0.00 0.00
5.98 6.78 6.78 5.98 5.76 5.76 5.76 5.76 5.71 5.71 5.71 5.71 5.91 5.58 5.58 5.58 4.65 4.65 4.65 4.65 4.70 4.70 4.70 4.70 4.71 4.71 4.71 4.71 4.71 4.71 5.10 4.71 4.04 4.04 4.04 4.04 3.81 3.81 4.11 3.81 3.85 3.85 3.85 3.85 3.84 3.84 3.84 3.84 3.66 3.66 3.89 7.11 7.41 3.03 5.20 5.20 4.97 3.93 3.93 4.74 6.83 0.00 0.00 0.00 0.00 0.00 0.00 0.00 0.00 0.00 0.00 0.00 0.00 0.00 0.00 0.00 0.00 0.00 0.00 0.00 0.00 0.00 0.00 0.00
5.72 5.94 6.51 5.94 5.66 5.66 5.66 5.66 5.91 5.58 5.58 5.91 5.52 5.52 5.52 4.90 4.68 4.68 4.68 4.68 4.72 4.72 4.72 4.72 4.71 4.71 4.71 4.71 4.69 4.69 4.69 4.69 3.81 3.81 3.81 3.81 3.82 3.82 3.82 3.82 3.81 3.81 3.81 3.81 4.04 4.18 4.04 4.04 3.66 3.66 3.37 2.97 6.99 3.03 1.57 5.42 4.33 3.61 3.61 4.06 4.94 6.46 4.58 3.63 0.00 0.00 0.00 0.00 0.00 0.00 0.00 0.00 0.00 0.00 0.00 0.00 0.00 0.00 0.00 0.00 0.00 0.00 0.00 0.00
5.72 5.72 5.72 5.72 5.66 5.66 5.66 5.66 5.58 5.58 5.58 5.58 5.52 5.52 5.52 4.90 4.68 4.68 4.68 4.68 4.72 4.72 4.72 4.72 4.71 4.71 4.71 4.71 4.69 4.69 4.69 4.69 3.81 3.81 3.81 3.81 3.82 3.82 3.82 3.82 3.81 3.81 3.81 3.81 4.04 3.97 4.04 4.04 3.66 3.37 3.37 2.97 3.36 4.52 4.74 3.17 3.61 3.61 3.61 3.61 3.82 7.23 3.60 7.23 0.00 0.00 0.00 0.00 0.00 0.00 0.00 0.00 0.00 0.00 0.00 0.00 0.00 0.00 0.00 0.00 0.00 0.00 0.00 0.00
6.06 5.72 5.72 6.06 5.66 5.66 5.66 5.66 5.58 5.58 5.58 5.58 5.52 5.52 5.52 4.90 4.68 4.68 4.68 4.68 4.72 4.72 4.72 4.72 4.71 4.71 4.71 4.71 4.69 4.69 4.69 4.69 3.81 3.81 3.81 3.81 3.82 3.82 3.82 3.82 3.81 3.81 3.81 3.81 4.04 4.04 4.04 4.04 3.66 3.26 3.26 3.26 3.03 3.75 3.75 3.52 3.61 3.61 3.61 3.61 3.60 7.45 3.82 3.60 0.00 0.00 0.00 0.00 0.00 0.00 0.00 0.00 0.00 0.00 0.00 0.00 0.00 0.00 0.00 0.00 0.00 0.00 0.00 0.00
5.72 5.72 5.72 5.72 5.66 5.99 5.66 5.66 5.58 5.58 5.58 5.58 5.52 5.52 4.90 4.90 4.68 4.68 4.68 4.68 4.72 4.72 4.72 4.72 4.71 4.71 4.71 4.71 4.69 4.69 4.69 4.69 3.81 3.81 3.81 3.81 3.82 3.82 3.82 3.82 3.81 3.81 3.81 3.81 4.04 4.04 4.04 4.04 3.37 3.37 3.67 3.26 3.52 3.97 3.97 3.52 3.61 3.61 4.06 3.59 3.71 4.73 3.59 7.23 0.00 0.00 0.00 0.00 0.00 0.00 0.00 0.00 0.00 0.00 0.00 0.00 0.00 0.00 0.00 0.00 0.00 0.00 0.00 0.00
5.66 5.66 5.66 5.66 5.55 5.55 5.88 5.55 5.57 5.57 5.57 5.57 5.66 5.66 5.01 5.01 4.76 4.76 4.76 4.76 4.76 4.76 4.76 5.15 4.76 4.76 4.76 4.76 4.77 4.77 4.77 4.77 3.87 3.87 3.87 3.87 3.87 3.87 3.87 3.87 2.87 3.78 4.00 3.84 3.82 3.82 3.82 3.82 3.65 3.62 3.65 3.65 3.63 3.63 3.63 3.63 3.61 3.61 4.06 4.04 4.16 5.16 0.00 0.00 0.00 0.00 0.00 0.00 0.00 0.00 0.00 0.00 0.00 0.00 0.00 0.00 0.00 0.00 0.00 0.00 0.00 0.00 0.00 0.00
5.66 5.66 5.66 5.66 5.55 5.55 5.55 5.55 5.57 5.57 5.57 5.57 5.66 5.66 5.01 5.01 4.76 4.76 4.76 4.76 4.76 4.76 4.76 4.76 4.76 4.76 4.76 4.76 4.77 4.77 4.77 4.77 3.87 3.87 3.87 3.87 3.87 3.87 3.87 3.87 3.68 3.84 4.00 3.84 3.82 3.82 3.82 3.82 3.65 3.65 3.65 3.65 3.63 3.63 3.63 3.37 3.37 3.37 3.37 3.37 0.00 0.00 0.00 0.00 0.00 0.00 0.00 0.00 0.00 0.00 0.00 0.00 0.00 0.00 0.00 0.00 0.00 0.00 0.00 0.00 0.00 0.00 0.00 0.00
5.66 5.66 5.66 5.66 5.55 5.55 5.55 5.55 5.57 5.57 5.57 5.57 5.66 5.01 5.01 5.01 4.76 4.76 4.76 4.76 4.76 4.76 4.76 4.76 4.76 4.76 4.76 3.32 5.13 4.77 4.77 4.77 3.87 3.87 3.87 3.87 3.87 3.87 3.87 4.32 3.68 4.00 3.84 3.84 4.05 3.82 3.82 3.82 3.65 3.65 3.65 3.65 3.63 3.37 3.37 3.59 3.59 3.61 3.61 3.63 0.00 0.00 0.00 0.00 0.00 0.00 0.00 0.00 0.00 0.00 0.00 0.00 0.00 0.00 0.00 0.00 0.00 0.00 0.00 0.00 0.00 0.00 0.00 0.00
5.66 5.66 5.66 5.66 5.55 5.55 5.55 5.55 5.57 5.57 5.57 5.57 5.66 5.01 5.01 5.01 4.76 5.16 5.16 5.63 4.76 4.76 4.76 4.76 4.76 4.76 4.76 3.32 3.32 4.77 4.77 4.77 3.87 3.87 3.87 3.87 3.87 3.87 4.45 4.55 3.84 3.68 3.84 4.07 4.23 3.78 3.82 3.82 3.65 3.65 3.65 3.65 3.63 3.59 3.06 5.42 5.20 4.75 0.00 0.00 0.00 0.00 0.00 0.00 0.00 0.00 0.00 0.00 0.00 0.00 0.00 0.00 0.00 0.00 0.00 0.00 0.00 0.00 0.00 0.00 0.00 0.00 0.00 0.00
5.59 5.59 5.59 5.59 5.61 5.61 5.61 5.61 5.69 5.69 5.69 5.69 5.68 5.04 5.04 5.81 5.16 4.72 4.72 5.11 4.75 4.75 5.15 4.75 4.78 4.78 4.78 3.32 3.32 5.04 5.72 5.72 4.42 3.92 3.92 3.92 3.91 3.91 3.78 4.00 3.89 3.89 3.89 4.11 4.63 4.48 4.08 3.86 3.68 3.26 3.37 3.68 3.37 5.16 5.67 2.69 2.47 1.34 0.00 0.00 0.00 0.00 0.00 0.00 0.00 0.00 0.00 0.00 0.00 0.00 0.00 0.00 0.00 0.00 0.00 0.00 0.00 0.00 0.00 0.00 0.00 0.00 0.00 0.00
5.59 5.59 5.59 5.59 5.61 5.61 5.61 5.61 5.69 5.69 5.69 5.69 5.68 5.04 5.47 5.04 4.72 4.72 4.72 4.72 4.75 4.75 4.75 4.75 5.18 5.18 4.78 3.32 3.32 4.41 5.33 8.51 4.42 4.03 4.65 4.42 3.91 3.91 4.14 3.68 3.81 3.89 3.89 3.89 4.06 3.96 3.86 3.86 3.37 3.26 3.37 3.52 6.65 3.43 2.02 3.85 0.90 0.00 0.00 0.00 0.00 0.00 0.00 0.00 0.00 0.00 0.00 0.00 0.00 0.00 0.00 0.00 0.00 0.00 0.00 0.00 0.00 0.00 0.00 0.00 0.00 0.00 0.00 0.00
5.59 5.59 5.59 5.59 5.61 5.61 5.61 5.61 5.69 5.69 5.69 5.69 5.04 5.97 5.04 5.47 4.72 4.72 4.72 4.72 4.75 4.75 4.75 5.15 4.78 4.78 5.18 4.78 4.81 5.04 4.81 8.55 8.08 3.94 4.42 4.42 4.41 3.91 7.86 7.46 7.11 3.95 3.78 3.89 1.69 4.04 4.35 3.86 3.37 3.37 3.52 6.11 0.00 0.00 0.00 0.00 0.00 0.00 0.00 0.00 0.00 0.00 0.00 0.00 0.00 0.00 0.00 0.00 0.00 0.00 0.00 0.00 0.00 0.00 0.00 0.00 0.00 0.00 0.00 0.00 0.00 0.00 0.00 0.00
5.59 5.59 5.59 5.59 5.61 5.61 5.61 5.61 5.69 5.69 5.69 5.69 5.04 5.45 5.04 5.04 5.28 4.72 4.72 4.72 4.75 4.75 5.14 4.75 4.78 4.78 4.78 4.78 4.81 5.21 5.21 4.93 4.64 4.86 4.60 4.42 4.64 4.64 1.01 7.33 4.67 4.64 4.64 8.01 1.50 3.61 4.04 4.80 3.68 6.58 6.58 0.00 0.00 0.00 0.00 0.00 0.00 0.00 0.00 0.00 0.00 0.00 0.00 0.00 0.00 0.00 0.00 0.00 0.00 0.00 0.00 0.00 0.00 0.00 0.00 0.00 0.00 0.00 0.00 0.00 0.00 0.00 0.00 0.00
5.66 5.66 5.03 5.03 5.70 5.70 5.70 5.70 5.67 5.67 5.67 5.67 4.94 4.94 4.94 4.94 5.05 4.67 4.67 4.67 4.72 4.72 4.72 4.72 4.76 4.76 4.76 4.76 4.80 4.80 4.80 4.80 3.48 3.38 4.86 8.15 4.07 3.38 3.85 6.99 4.86 4.86 4.64 4.64 4.86 7.24 4.86 5.09 4.52 6.65 0.00 0.00 0.00 0.00 0.00 0.00 0.00 0.00 0.00 0.00 0.00 0.00 0.00 0.00 0.00 0.00 0.00 0.00 0.00 0.00 0.00 0.00 0.00 0.00 0.00 0.00 0.00 0.00 0.00 0.00 0.00 0.00 0.00 0.00
5.66 5.66 5.66 5.03 5.03 5.70 5.70 5.70 5.67 5.67 6.92 5.47 5.40 5.40 4.94 4.94 4.67 4.67 4.67 4.67 4.72 4.72 5.16 4.72 4.76 4.76 4.76 4.76 4.80 4.80 4.80 4.80 4.15 4.66 3.36 5.12 4.41 4.35 4.29 7.56 4.86 4.86 4.86 4.86 1.91 4.26 1.23 4.64 6.60 0.00 0.00 0.00 0.00 0.00 0.00 0.00 0.00 0.00 0.00 0.00 0.00 0.00 0.00 0.00 0.00 0.00 0.00 0.00 0.00 0.00 0.00 0.00 0.00 0.00 0.00 0.00 0.00 0.00 0.00 0.00 0.00 0.00 0.00 0.00
6.01 6.01 6.01 6.01 6.04 6.04 5.55 5.55 6.20 6.01 6.01 5.32 5.24 5.24 5.24 5.24 5.10 5.10 5.10 5.10 5.17 5.17 5.17 5.17 5.20 5.20 5.20 5.20 5.24 5.24 5.24 5.24 4.04 4.27 4.35 7.67 4.16 4.25 4.93 4.51 5.18 4.95 4.82 5.18 4.56 4.59 4.00 4.72 0.00 0.00 0.00 0.00 0.00 0.00 0.00 0.00 0.00 0.00 0.00 0.00 0.00 0.00 0.00 0.00 0.00 0.00 0.00 0.00 0.00 0.00 0.00 0.00 0.00 0.00 0.00 0.00 0.00 0.00 0.00 0.00 0.00 0.00 0.00 0.00
6.01 6.01 6.01 5.55 5.55 5.55 5.55 5.55 5.55 5.55 6.01 5.32 5.24 5.24 5.24 5.24 5.10 5.10 5.10 5.10 5.17 5.17 5.17 5.17 5.20 5.20 5.20 5.20 5.24 5.24 5.24 5.24 4.04 4.04 4.04 4.04 4.03 4.03 4.03 4.03 4.45 4.13 4.00 1.32 4.13 3.91 4.72 1.10 0.00 0.00 0.00 0.00 0.00 0.00 0.00 0.00 0.00 0.00 0.00 0.00 0.00 0.00 0.00 0.00 0.00 0.00 0.00 0.00 0.00 0.00 0.00 0.00 0.00 0.00 0.00 0.00 0.00 0.00 0.00 0.00 0.00 0.00 0.00 0.00
6.00 5.55 5.55 5.55 5.55 5.77 5.55 5.55 5.55 5.55 4.55 5.75 4.55 5.20 5.20 5.20 5.15 5.15 5.15 5.15 5.17 5.17 5.17 5.17 5.19 5.19 5.61 5.61 5.22 5.22 5.22 5.22 4.00 4.31 4.00 4.00 3.97 3.97 3.97 3.97 3.96 4.49 3.96 4.23 1.33 1.77 4.23 4.72 0.00 0.00 0.00 0.00 0.00 0.00 0.00 0.00 0.00 0.00 0.00 0.00 0.00 0.00 0.00 0.00 0.00 0.00 0.00 0.00 0.00 0.00 0.00 0.00 0.00 0.00 0.00 0.00 0.00 0.00 0.00 0.00 0.00 0.00 0.00 0.00
5.55 5.55 5.55 5.55 5.55 5.55 5.55 5.77 5.55 5.55 6.10 4.55 4.97 5.20 5.20 5.20 5.15 5.15 5.15 5.15 5.17 5.17 5.17 5.17 5.19 5.19 5.61 5.19 5.22 5.22 5.22 5.85 3.94 4.00 4.00 4.00 3.97 3.97 3.97 3.97 3.96 3.96 4.26 3.96 4.49 4.69 4.91 4.72 6.56 4.52 3.00 0.00 0.00 0.00 0.00 0.00 0.00 0.00 0.00 0.00 0.00 0.00 0.00 0.00 0.00 0.00 0.00 0.00 0.00 0.00 0.00 0.00 0.00 0.00 0.00 0.00 0.00 0.00 0.00 0.00 0.00 0.00 0.00 0.00
5.55 5.55 5.55 5.55 5.55 5.55 5.55 5.55 5.55 5.55 4.55 5.17 5.20 5.20 5.20 5.20 5.15 5.15 5.15 5.15 5.17 5.17 5.17 5.17 5.19 5.19 5.19 5.19 5.22 5.22 5.65 5.22 3.94 4.00 4.31 4.00 3.97 3.97 4.17 3.97 3.96 3.96 3.96 3.96 3.96 3.96 3.96 3.96 3.55 4.52 4.52 3.00 3.00 0.00 0.00 0.00 0.00 0.00 0.00 0.00 0.00 0.00 0.00 0.00 0.00 0.00 0.00 0.00 0.00 0.00 0.00 0.00 0.00 0.00 0.00 0.00 0.00 0.00 0.00 0.00 0.00 0.00 0.00 0.00
5.55 5.55 5.55 5.55 5.55 5.55 5.55 5.77 5.55 5.55 4.55 5.17 5.20 5.20 5.20 5.20 5.15 5.15 5.15 5.15 5.17 5.17 5.17 5.17 5.19 5.19 5.19 5.19 5.22 5.22 5.22 5.22 4.00 4.00 4.00 4.00 3.97 3.97 4.27 3.97 3.96 3.96 3.96 3.96 3.96 3.96 4.26 3.96 3.80 3.32 4.52 4.52 6.63 3.00 0.00 0.00 0.00 0.00 0.00 0.00 0.00 0.00 0.00 0.00 0.00 0.00 0.00 0.00 0.00 0.00 0.00 0.00 0.00 0.00 0.00 0.00 0.00 0.00 0.00 0.00 0.00 0.00 0.00 0.00
5.55 5.55 5.55 5.77 5.55 5.55 5.55 5.55 5.55 4.55 5.19 5.62 5.26 5.26 5.26 5.26 5.18 5.18 5.18 5.18 5.18 5.95 5.60 5.60 5.61 5.93 5.19 5.19 5.19 5.19 5.61 5.61 4.25 3.95 3.95 3.95 4.23 3.93 3.93 3.93 3.91 4.21 3.91 3.91 3.91 3.91 3.91 3.91 3.54 3.32 3.50 3.43 4.97 4.52 6.50 6.50 0.00 0.00 0.00 0.00 0.00 0.00 0.00 0.00 0.00 0.00 0.00 0.00 0.00 0.00 0.00 0.00 0.00 0.00 0.00 0.00 0.00 0.00 0.00 0.00 0.00 0.00 0.00 0.00
5.55 5.55 5.55 5.77 5.55 5.55 5.55 5.55 6.36 6.12 6.12 6.12 5.35 5.26 5.26 5.26 5.18 5.18 5.18 5.18 5.18 5.18 5.18 5.18 5.19 5.93 5.93 5.19 5.19 5.19 5.19 5.19 3.95 3.95 3.95 3.95 3.93 3.93 3.93 3.93 3.91 3.91 3.91 3.91 3.91 3.91 3.91 3.91 3.54 3.54 3.54 3.55 3.78 3.67 3.51 3.51 3.45 6.50 0.00 0.00 0.00 0.00 0.00 0.00 0.00 0.00 0.00 0.00 0.00 0.00 0.00 0.00 0.00 0.00 0.00 0.00 0.00 0.00 0.00 0.00 0.00 0.00 0.00 0.00
5.55 5.55 5.55 5.55 5.55 5.55 5.55 6.33 6.36 6.12 6.12 6.12 5.26 5.36 5.26 5.26 5.18 5.18 5.18 5.18 5.18 5.18 5.18 5.18 5.61 5.19 5.93 5.93 5.93 5.19 5.19 5.19 3.95 3.95 3.95 3.95 3.93 3.93 3.93 3.93 3.91 3.91 3.91 3.91 3.91 3.91 3.91 3.91 3.54 3.54 3.54 3.54 3.22 3.32 3.51 3.51 3.45 3.45 3.45 7.08 0.00 0.00 0.00 0.00 0.00 0.00 0.00 0.00 0.00 0.00 0.00 0.00 0.00 0.00 0.00 0.00 0.00 0.00 0.00 0.00 0.00 0.00 0.00 0.00
5.55 5.55 5.55 5.55 5.55 5.55 5.55 6.33 6.12 6.12 6.12 6.12 6.22 5.26 5.26 5.26 5.18 5.18 5.18 5.18 5.18 5.18 5.18 5.18 5.61 5.61 5.61 6.20 6.19 5.93 5.19 5.19 3.95 3.95 3.95 3.95 3.93 3.93 3.93 3.93 3.91 3.91 3.91 3.91 3.91 3.91 3.91 3.91 3.54 3.54 3.54 3.70 3.51 3.51 3.51 3.51 3.45 3.45 3.45 3.45 7.05 0.00 0.00 0.00 0.00 0.00 0.00 0.00 0.00 0.00 0.00 0.00 0.00 0.00 0.00 0.00 0.00 0.00 0.00 0.00 0.00 0.00 0.00 0.00
5.55 5.55 5.55 5.55 5.55 5.55 5.55 6.37 5.26 5.26 5.26 5.26 5.30 5.30 4.55 5.30 5.17 5.17 5.17 5.17 5.17 5.17 5.17 5.17 5.18 5.18 5.92 7.09 5.53 5.18 5.18 5.18 3.95 3.95 3.95 3.95 3.94 3.94 3.94 3.94 3.93 3.93 3.93 3.93 4.15 4.15 4.15 4.15 3.49 3.49 3.49 3.49 3.47 3.47 3.47 3.47 3.46 3.46 3.46 3.22 6.61 0.00 0.00 0.00 0.00 0.00 0.00 0.00 0.00 0.00 0.00 0.00 0.00 0.00 0.00 0.00 0.00 0.00 0.00 0.00 0.00 0.00 0.00 0.00
5.55 5.55 5.55 5.55 5.55 5.55 5.55 5.55 5.26 5.26 5.26 5.26 5.30 5.30 5.30 5.30 5.17 5.17 5.17 5.17 5.17 5.17 5.17 5.17 5.18 5.61 5.61 5.18 5.61 5.18 5.61 5.61 3.95 3.95 3.95 3.95 3.94 3.94 3.94 3.94 3.93 3.93 3.93 3.93 4.15 4.15 4.15 4.15 3.49 3.49 3.49 3.49 3.47 3.47 3.47 3.47 3.46 3.46 3.22 4.52 0.00 0.00 0.00 0.00 0.00 0.00 0.00 0.00 0.00 0.00 0.00 0.00 0.00 0.00 0.00 0.00 0.00 0.00 0.00 0.00 0.00 0.00 0.00 0.00
