New_Model_Runs/5_FutureClimate_BASE_out/post_prcessed_with_MFR/Monthly_summaries/net_infiltration_monthly_NOV.asc
NCOLS 700
NROWS 400
XLLCENTER 515000.000000
YLLCENTER 8409000.000000
CELLSIZE 50.000000
NODATA_value -999.000000
[rows 228 to 265 of 400, columns 252 to 335 of 700]
4.78 4.78 4.78 4.78 4.56 4.56 4.56 4.56 4.05 9.16 9.82 5.94 7.51 7.30 7.08 7.08 7.06 7.06 7.28 7.78 5.21 7.44 5.56 4.69 4.58 5.20 5.20 4.58 4.83 4.48 4.48 3.91 3.91 3.91 3.91 3.91 4.52 4.52 4.52 4.58 4.01 3.72 7.17 5.35 5.53 4.73 3.29 4.51 4.50 4.13 4.23 3.80 3.08 7.41 4.46 4.42 0.91 0.91 3.11 3.11 3.90 2.86 2.86 6.42 7.17 0.79 0.00 0.00 1.81 0.00 0.00 0.00 0.00 0.00 0.00 0.00 0.00 0.00 0.00 0.00 0.00 0.00 0.00 0.00
4.78 4.78 4.78 4.78 4.56 4.56 4.86 3.64 3.91 4.21 9.73 7.71 5.94 5.94 7.08 7.08 7.06 7.06 7.50 7.04 7.54 4.69 4.69 4.69 4.58 4.58 5.20 5.20 4.83 4.48 4.48 4.48 4.53 4.53 4.53 4.53 4.52 4.52 4.52 5.76 5.33 5.24 7.16 7.32 4.19 4.58 4.46 4.73 4.50 4.67 1.76 3.66 4.68 4.42 7.12 3.33 0.93 3.61 1.34 3.17 3.11 3.11 3.93 3.89 2.69 0.00 0.00 0.00 0.00 0.00 0.00 0.00 0.00 0.00 0.00 0.00 0.00 0.00 0.00 0.00 0.00 0.00 0.00 0.00
4.78 4.78 4.78 4.78 4.56 4.56 4.56 4.56 4.63 3.91 9.16 7.08 7.08 7.49 7.08 7.08 7.08 7.06 6.19 9.45 7.72 4.69 4.69 4.69 4.58 4.58 4.58 4.94 4.48 4.48 4.48 4.48 4.53 4.53 4.53 4.53 4.52 4.52 4.52 4.67 5.11 4.67 1.33 4.61 7.17 3.88 4.23 5.31 4.50 5.27 5.23 7.45 5.32 4.86 1.34 3.24 2.86 4.12 4.15 3.71 3.17 3.17 3.39 4.02 4.01 0.00 0.00 0.00 0.00 0.00 0.00 0.00 0.00 0.00 0.00 0.00 0.00 0.00 0.00 0.00 0.00 0.00 0.00 0.00
4.78 4.78 4.78 4.78 4.56 4.56 4.56 4.56 4.63 4.63 7.42 7.51 7.51 7.08 7.08 5.72 7.47 5.72 7.47 10.98 4.69 4.69 4.69 4.69 4.58 4.58 4.58 4.58 4.48 4.48 4.48 4.48 4.53 4.53 4.53 5.14 5.10 4.52 4.52 5.32 3.89 3.88 3.88 1.06 7.17 7.17 1.06 4.57 7.20 4.62 4.24 4.68 4.37 3.11 6.68 3.17 3.71 3.11 2.86 2.86 3.17 3.17 1.53 0.00 0.00 0.00 0.00 0.00 0.00 0.00 0.00 3.75 0.00 0.00 0.00 0.00 0.00 0.00 0.00 0.00 0.00 0.00 0.00 0.00
4.80 4.80 4.80 4.80 4.55 4.55 4.55 4.55 4.61 4.91 7.42 7.51 7.51 7.08 7.08 7.51 7.89 7.08 6.19 8.98 4.83 4.62 5.00 4.62 4.52 4.52 4.52 4.52 4.50 4.50 4.50 4.50 4.58 4.58 4.58 5.20 4.36 4.36 4.59 3.80 3.89 3.72 3.66 1.39 4.79 4.57 4.57 4.57 3.94 1.28 4.41 3.54 3.11 0.91 6.53 3.11 3.11 3.11 3.39 3.39 2.86 1.76 1.62 0.00 0.00 0.00 0.00 0.00 0.00 0.00 0.00 4.00 0.00 0.00 0.00 0.00 0.00 0.00 0.00 0.00 0.00 0.00 0.00 0.00
4.80 4.80 4.80 4.80 4.55 4.55 4.55 4.55 4.61 4.61 7.42 7.08 7.18 7.06 7.08 7.30 6.94 6.60 6.60 8.98 4.62 5.00 4.62 4.62 4.52 4.52 4.52 4.52 4.50 4.50 4.50 4.50 4.58 4.58 4.58 4.58 4.53 4.59 4.59 4.59 5.14 3.72 3.72 4.79 7.96 1.06 3.66 3.66 4.19 1.28 3.76 3.88 0.91 0.91 4.42 4.42 3.24 3.33 3.08 3.93 2.36 2.36 3.63 2.69 0.00 1.01 0.00 0.00 0.00 0.00 3.72 4.00 4.00 0.00 0.00 0.00 0.00 0.00 0.00 0.00 0.00 0.00 0.00 0.00
4.80 4.80 4.80 4.80 4.55 4.55 4.55 4.55 4.61 4.61 8.89 6.43 7.28 7.06 7.28 7.16 6.94 7.16 10.11 5.64 4.84 4.62 4.62 4.62 4.52 4.52 4.52 4.52 4.50 5.33 4.50 4.50 4.58 4.58 4.58 4.95 4.53 5.12 4.59 6.01 5.26 6.18 4.57 1.06 3.66 3.66 3.66 4.41 4.62 3.29 3.29 3.29 3.90 3.17 1.13 4.64 3.24 3.11 3.11 2.76 1.88 1.44 3.20 3.30 3.51 3.29 2.69 0.00 0.00 0.00 0.00 0.00 0.00 0.00 0.00 0.00 0.00 0.00 0.00 0.00 0.00 0.00 0.00 0.00
4.80 4.80 4.80 4.80 4.55 4.55 4.55 4.55 4.61 5.38 8.53 6.43 7.06 7.28 7.51 6.85 7.89 7.16 11.40 5.42 4.84 4.84 3.06 4.64 4.52 4.52 4.52 4.52 4.50 4.50 4.50 4.50 4.58 4.58 4.58 4.58 5.12 5.12 6.13 5.26 6.18 8.77 5.14 5.33 5.85 4.24 4.42 4.46 4.75 4.41 4.24 4.24 3.93 3.33 3.11 3.11 4.64 4.12 2.76 1.26 3.89 1.88 3.52 3.30 3.29 0.00 0.00 0.00 0.00 0.00 0.00 0.00 0.00 0.00 0.00 0.00 0.00 0.00 0.00 0.00 0.00 0.00 0.00 0.00
4.86 4.86 4.86 4.86 4.56 4.56 4.56 4.56 4.58 3.91 8.53 6.19 6.16 7.30 3.20 3.20 6.98 7.16 10.67 10.49 5.23 3.28 5.89 5.60 4.78 4.56 4.78 4.56 4.55 4.91 4.55 4.55 4.57 4.57 4.57 4.57 5.29 6.10 6.10 8.99 8.77 8.87 6.45 6.23 6.07 6.04 4.24 4.46 4.62 3.29 4.24 3.29 4.15 3.55 3.33 3.17 6.75 2.36 3.61 0.00 0.00 0.00 0.00 3.26 0.00 0.00 0.00 0.00 0.00 0.00 0.00 0.00 0.00 0.00 0.00 0.00 0.00 0.00 0.00 0.00 0.00 0.00 0.00 0.00
4.86 4.86 4.86 4.86 4.56 4.56 4.56 4.56 4.58 5.02 8.53 9.70 9.67 7.02 3.20 3.20 2.98 6.50 10.67 9.70 6.13 3.06 2.84 5.01 4.93 4.56 4.78 4.78 4.55 4.55 4.55 4.55 4.57 4.57 4.57 4.57 3.91 9.83 8.84 5.48 5.48 2.66 6.61 3.14 5.98 5.77 5.26 3.66 3.72 4.24 3.29 4.24 4.12 3.61 3.39 4.25 2.86 4.77 3.61 0.00 0.00 0.00 0.00 0.00 0.00 0.00 0.00 0.00 0.00 0.00 0.00 0.00 0.00 0.00 0.00 0.00 0.00 0.00 0.00 0.00 0.00 0.00 0.00 0.00
4.86 4.86 4.86 4.86 4.56 4.56 4.56 4.56 3.91 8.75 7.50 8.89 6.16 7.02 7.02 3.20 6.58 6.49 10.01 6.50 8.67 6.13 6.13 6.14 4.56 4.56 4.59 4.81 4.34 5.16 4.55 4.55 4.57 4.57 4.57 4.56 4.84 6.18 5.48 2.88 5.26 5.48 5.26 8.65 3.08 5.70 5.92 5.48 1.28 4.24 4.24 4.24 3.71 3.71 4.25 3.66 1.74 0.55 4.77 0.00 0.00 0.00 0.00 0.00 0.00 0.00 0.00 0.00 0.00 0.00 0.00 0.00 0.00 0.00 0.00 0.00 0.00 0.00 0.00 0.00 0.00 0.00 0.00 0.00
4.86 4.86 4.86 4.86 4.56 4.56 4.78 3.36 4.13 7.72 6.49 3.19 5.24 9.67 9.23 6.49 10.01 6.50 6.50 7.16 6.20 5.71 8.74 8.96 8.68 7.22 7.44 7.44 3.71 3.71 1.07 3.78 4.15 4.57 4.57 8.73 6.39 6.18 5.70 5.70 2.88 2.88 5.26 6.18 6.18 3.36 7.45 4.20 6.14 3.88 3.66 3.29 3.71 2.86 4.28 2.18 1.21 0.94 5.41 1.68 0.00 0.00 0.00 0.00 0.00 0.00 0.00 0.00 0.00 0.00 0.00 0.00 0.00 0.00 0.00 0.00 0.00 0.00 0.00 0.00 0.00 0.00 0.00 0.00
4.91 4.91 4.91 4.91 4.57 4.57 4.13 3.58 4.13 5.02 6.05 2.98 5.83 6.05 7.30 2.98 6.50 7.16 6.95 6.95 5.99 6.56 5.45 5.38 5.16 5.16 8.30 8.89 8.89 8.67 8.67 6.13 8.94 8.67 8.67 5.38 2.88 9.36 5.48 5.48 5.26 5.26 2.66 2.66 6.18 3.32 6.35 6.28 5.92 6.01 4.24 3.92 3.66 3.66 6.30 5.90 2.55 2.12 5.21 5.19 0.00 0.00 0.00 0.00 0.00 0.00 0.00 0.00 0.00 0.00 0.00 0.00 0.00 0.00 0.00 0.00 0.00 0.00 0.00 0.00 0.00 0.00 0.00 0.00
4.91 4.91 4.91 4.91 4.57 4.79 3.80 4.13 3.78 5.02 8.75 6.05 5.83 3.03 5.89 7.38 6.95 6.95 6.95 6.95 6.20 5.99 6.20 6.20 5.23 5.48 9.70 6.40 5.38 5.16 5.39 1.14 5.60 5.60 5.23 5.38 2.88 8.99 5.26 5.26 5.53 5.26 5.26 5.26 9.56 3.10 5.70 4.90 5.85 6.01 3.76 1.61 7.82 5.46 2.52 2.55 5.41 5.64 1.90 5.19 5.19 0.00 0.00 0.00 0.00 0.00 0.00 0.00 0.00 0.00 0.00 0.00 0.00 0.00 0.00 0.00 0.00 0.00 0.00 0.00 0.00 0.00 0.00 0.00
3.24 3.24 4.32 4.32 3.77 4.87 1.75 3.16 1.39 1.39 5.82 7.14 7.05 7.92 2.84 6.82 6.00 6.00 6.00 5.67 5.03 5.03 5.03 3.45 3.45 5.01 9.35 5.83 5.84 4.25 4.25 3.37 3.81 5.15 5.53 5.53 5.56 3.01 9.15 5.98 5.97 4.84 4.91 4.91 4.64 6.09 5.84 5.97 4.96 4.64 4.06 4.72 4.21 5.37 5.61 5.83 2.32 5.83 5.39 5.18 5.18 1.45 0.00 0.00 0.00 0.00 0.00 0.00 0.00 0.00 0.00 0.00 0.00 0.00 0.00 0.00 0.00 0.00 0.00 0.00 0.00 0.00 0.00 0.00
3.54 3.24 4.32 4.32 4.43 0.88 4.10 4.51 3.75 8.86 5.82 3.44 3.22 8.02 8.53 6.01 6.21 6.00 6.00 6.00 3.95 5.03 5.03 3.45 3.59 5.24 6.96 5.33 3.95 3.95 4.25 3.37 4.33 3.37 3.45 4.25 4.50 5.62 8.91 5.98 4.64 4.86 5.47 5.18 4.96 6.30 4.91 4.64 4.06 4.06 4.19 3.12 1.71 5.39 5.52 5.83 6.05 6.05 5.61 5.39 5.18 4.96 1.67 0.00 0.00 0.00 0.00 0.00 0.00 0.00 0.00 0.00 0.00 0.00 0.00 0.00 0.00 0.00 0.00 0.00 0.00 0.00 0.00 0.00
3.24 3.24 3.24 4.54 5.96 7.92 2.31 3.22 7.14 6.73 3.85 4.08 4.08 4.36 8.02 4.73 6.00 6.00 6.00 6.00 5.33 5.02 5.02 5.02 5.22 7.76 6.88 5.33 3.95 3.95 3.95 3.95 4.25 3.37 3.95 3.95 5.47 5.91 8.47 8.47 5.47 5.18 6.07 5.18 4.91 8.35 5.06 5.09 4.19 3.57 3.17 3.78 2.60 1.13 5.18 5.19 5.61 5.81 5.61 1.70 5.18 5.39 4.16 1.45 0.00 0.00 0.00 0.00 0.00 0.00 0.00 0.00 0.00 0.00 0.00 0.00 0.00 0.00 0.00 0.00 0.00 0.00 0.00 0.00
3.24 3.24 3.24 4.54 6.69 3.09 7.58 5.60 7.05 3.85 3.85 4.29 4.73 4.80 8.68 8.90 6.87 6.00 6.00 6.00 3.95 5.02 5.02 5.02 4.46 7.98 6.88 4.46 4.68 4.17 3.95 3.36 3.37 3.95 3.95 3.95 6.56 8.29 9.45 5.47 5.47 5.64 5.47 4.91 4.91 8.35 6.41 3.23 5.15 3.30 2.83 4.21 4.48 4.65 4.96 7.10 5.39 5.41 6.25 5.81 5.18 5.19 3.95 0.43 0.00 0.00 0.00 0.00 0.00 0.00 0.00 0.00 0.00 0.00 0.00 0.00 0.00 0.00 0.00 0.00 0.00 0.00 0.00 3.79
3.24 3.46 7.83 5.71 3.85 4.50 6.26 7.05 4.29 4.20 4.51 4.07 4.73 4.58 4.95 4.41 8.02 6.21 4.66 4.66 3.95 5.02 5.02 5.02 4.25 7.98 7.46 3.67 3.59 3.59 1.01 3.37 3.36 1.01 3.95 3.95 5.46 8.27 5.93 5.64 4.96 5.83 5.83 5.97 5.37 6.30 3.01 6.17 2.63 2.68 3.61 2.83 5.76 4.43 0.65 5.47 5.69 5.39 6.05 5.61 5.18 5.18 5.18 4.96 0.00 0.00 0.00 0.00 0.00 0.00 0.00 0.00 0.00 0.00 0.00 0.00 0.00 0.00 0.00 0.00 0.00 0.00 0.00 3.39
3.68 4.65 5.93 4.08 3.63 7.36 7.05 3.44 4.64 4.20 3.98 2.53 2.53 4.29 4.29 4.36 7.87 6.00 4.66 4.66 3.95 5.02 5.02 4.17 4.46 7.76 7.46 4.25 4.25 3.95 3.37 3.95 3.37 6.88 6.88 4.52 5.02 1.73 4.28 5.64 5.64 4.96 5.83 2.57 2.59 6.09 3.01 3.07 1.09 0.65 6.47 4.16 0.48 0.65 0.65 2.11 5.69 5.69 5.81 5.61 5.18 5.61 4.60 4.43 1.90 1.88 0.00 0.00 0.00 0.00 0.00 0.00 0.00 0.00 0.00 0.00 0.00 0.00 0.00 0.00 0.00 0.00 0.00 3.39
2.86 6.37 2.64 4.08 5.60 3.85 4.36 3.76 3.98 4.20 4.08 2.50 4.29 4.14 3.76 4.29 4.29 6.17 5.35 4.66 3.95 5.01 5.01 4.17 4.46 7.46 6.96 4.25 4.25 4.17 4.39 3.36 3.45 3.37 6.88 6.88 3.54 3.76 5.12 5.47 5.64 5.64 6.14 3.01 2.79 6.09 3.05 1.31 0.87 4.16 4.16 0.62 0.65 0.65 0.65 4.82 5.39 5.49 5.91 5.63 5.83 5.81 1.31 1.09 4.38 1.88 0.00 0.00 0.00 0.00 0.00 0.00 0.00 0.00 0.00 0.00 0.00 0.00 0.00 0.00 0.00 0.00 0.00 0.00
6.15 2.42 2.42 5.71 7.14 3.85 4.14 2.53 3.98 3.98 4.29 4.08 4.08 4.29 3.85 3.98 4.14 5.25 4.07 4.66 3.95 5.01 4.25 3.95 3.37 7.76 6.96 4.25 4.25 4.46 4.02 3.81 1.01 3.37 3.45 6.87 3.54 3.54 2.81 2.57 4.91 4.91 5.31 2.79 3.84 5.36 5.36 1.09 4.38 1.09 0.84 0.84 1.67 1.09 5.39 4.38 1.88 5.69 5.47 5.61 6.05 4.82 4.82 1.53 4.38 4.96 0.00 0.00 0.00 0.00 0.00 0.00 0.00 0.00 0.00 0.00 0.00 0.00 0.00 0.00 0.00 0.00 0.00 0.00
8.25 7.59 5.71 4.08 7.59 7.43 4.36 4.20 3.54 4.29 4.29 2.78 2.66 2.66 1.61 4.08 3.76 5.25 4.95 4.95 4.25 4.25 4.25 4.25 4.25 6.96 3.45 4.25 4.25 3.37 3.37 3.59 3.45 3.45 3.45 6.96 3.54 3.54 4.28 4.90 2.57 4.84 8.42 7.57 6.41 6.00 4.60 5.69 2.01 1.05 1.27 2.93 1.31 5.61 5.61 1.88 1.88 0.87 4.96 5.37 7.75 1.09 5.04 1.53 4.38 4.96 1.45 0.00 0.00 0.00 0.00 0.00 0.00 0.00 0.00 0.00 0.00 0.00 0.00 0.00 0.00 0.00 0.00 0.00
7.70 7.49 3.98 4.60 4.08 3.63 7.87 5.33 4.08 4.08 4.08 2.78 1.39 1.39 1.39 1.39 2.88 2.66 6.00 4.66 4.09 3.45 3.95 5.01 3.67 7.18 3.45 4.09 4.25 6.87 6.88 6.87 6.88 4.52 4.52 6.88 7.05 7.05 7.05 7.05 7.06 7.05 7.13 5.35 4.38 4.60 4.60 4.13 2.01 1.05 1.49 4.57 4.60 4.38 4.96 4.16 5.15 4.38 3.95 4.38 4.82 4.38 4.16 4.60 5.18 1.45 1.45 0.00 0.00 0.00 0.00 0.00 0.00 0.00 0.00 0.00 0.00 0.00 0.00 0.00 0.00 0.00 0.00 0.00
5.89 3.98 4.60 4.55 4.29 3.92 2.29 7.14 7.43 4.08 4.08 3.92 1.39 1.39 2.51 2.51 3.64 2.66 2.66 4.39 4.17 4.25 3.45 1.01 7.60 7.09 4.76 4.52 4.52 4.74 4.11 1.44 1.01 1.23 1.23 3.59 3.76 3.54 3.54 3.62 3.54 1.29 2.83 4.60 1.21 0.87 0.87 1.09 5.30 4.13 4.57 1.27 1.31 0.87 1.09 1.09 0.87 4.38 4.16 4.16 4.38 4.96 4.96 4.96 1.45 1.45 1.45 0.00 0.00 0.00 0.00 0.00 0.00 0.00 0.00 0.00 0.00 0.00 0.00 0.00 0.00 0.00 0.00 0.00
3.98 5.89 4.08 4.77 4.29 2.66 2.73 3.67 3.66 7.59 7.43 4.08 2.66 2.51 2.51 2.51 2.51 2.66 3.64 4.56 3.32 3.59 3.95 6.96 4.52 4.52 3.67 1.01 1.01 3.59 3.89 3.81 3.37 1.45 1.23 3.37 1.07 3.76 7.27 3.84 3.54 1.31 1.96 1.75 1.53 1.31 1.31 1.31 4.38 5.30 1.79 1.27 1.31 0.87 1.31 1.09 4.82 4.60 4.16 4.38 4.38 5.18 5.18 4.96 4.96 1.45 1.45 1.45 0.00 0.00 0.00 0.00 0.00 0.00 0.00 0.00 0.00 0.00 0.00 0.00 0.00 0.00 0.00 0.00
3.98 2.20 4.08 3.98 3.54 2.88 3.10 2.29 2.29 2.66 6.18 6.18 2.66 2.66 1.39 1.39 2.51 3.64 3.64 3.64 1.12 3.67 7.76 6.88 1.01 4.52 1.01 1.23 1.44 1.23 3.37 3.45 3.37 3.58 1.44 1.24 3.54 7.05 3.54 3.84 2.06 1.84 1.31 2.27 1.09 1.31 1.09 1.09 0.65 5.69 1.79 0.84 0.87 0.65 1.09 4.82 4.60 0.87 0.65 1.94 5.45 4.38 0.87 1.67 5.39 1.67 1.45 1.45 3.22 0.00 0.00 0.00 0.00 0.00 0.00 0.00 0.00 0.00 0.00 0.00 0.00 0.00 0.00 0.00
3.98 4.55 3.98 2.62 2.29 3.10 2.88 2.66 2.29 2.29 2.66 6.18 2.93 2.66 2.66 2.51 1.39 3.64 4.29 4.36 6.96 6.96 3.37 5.00 4.98 1.49 4.52 1.01 1.47 1.01 3.45 3.37 3.45 3.36 3.45 3.37 3.57 7.57 3.62 3.76 2.06 1.84 0.87 0.87 2.06 0.87 0.65 0.55 0.65 2.18 5.57 1.79 5.18 4.96 4.96 4.96 4.96 4.96 4.96 4.96 4.96 1.45 1.45 1.67 5.39 1.45 1.45 1.45 3.44 3.44 3.22 3.22 3.22 3.22 3.22 3.43 3.22 3.22 3.22 3.43 3.22 3.43 3.22 3.43
7.59 4.55 4.22 3.49 2.88 2.94 2.66 3.19 3.19 2.88 2.88 2.51 6.18 2.51 3.64 3.64 4.75 3.22 4.28 6.52 8.48 4.97 4.76 4.97 4.96 4.96 4.52 6.88 1.01 3.37 3.37 3.37 3.37 3.37 3.37 3.37 3.62 7.09 3.54 1.85 1.84 3.12 2.68 2.95 3.98 3.98 3.94 3.76 1.85 0.65 0.65 5.30 1.67 1.67 1.45 1.45 1.45 1.45 1.45 1.45 1.45 1.45 1.45 1.45 4.96 0.43 0.43 0.43 1.28 1.28 1.06 1.06 1.06 1.06 1.06 1.06 1.06 1.06 1.06 1.06 1.06 1.06 1.06 1.06
4.55 8.06 3.98 3.13 2.73 2.88 3.22 3.19 3.41 1.16 3.24 5.24 2.42 8.51 4.78 4.78 3.22 3.19 8.26 6.70 4.08 4.97 4.97 4.09 3.58 1.23 1.01 6.87 1.01 4.52 6.88 6.96 4.52 4.48 4.45 4.48 1.01 6.93 5.27 5.27 1.76 1.98 2.68 2.95 3.76 4.16 3.98 1.78 1.09 0.65 1.99 5.36 4.96 1.45 1.45 1.45 1.45 1.45 1.45 1.45 1.45 1.45 1.45 1.45 4.96 1.45 1.45 0.43 1.06 3.22 3.22 3.22 3.22 3.22 3.22 3.22 3.22 3.22 3.22 3.22 3.22 3.22 3.22 3.22
4.18 4.18 4.18 2.30 2.37 2.87 2.87 2.87 0.64 1.08 3.12 2.50 2.72 6.41 2.50 2.90 3.09 6.23 5.66 2.50 3.82 4.72 3.11 4.94 4.93 4.93 4.71 4.71 4.45 3.11 3.11 3.19 0.94 2.99 0.88 2.93 4.46 5.09 1.58 1.58 1.17 2.26 1.58 0.55 0.99 0.77 1.21 1.43 4.28 4.06 4.06 4.06 4.17 1.31 1.31 1.31 1.31 1.31 1.31 1.31 1.31 1.31 1.31 1.31 4.82 1.31 1.31 0.40 0.43 1.36 1.36 1.36 1.36 1.36 1.36 1.36 1.36 1.36 1.36 1.36 1.36 1.36 1.36 1.36
4.18 4.18 2.77 2.77 2.68 3.12 0.86 3.82 0.64 2.72 2.72 3.80 2.50 6.01 6.01 6.01 6.19 3.12 6.41 4.26 3.82 1.91 3.11 4.94 4.71 4.71 4.71 4.71 6.64 3.13 6.62 6.64 4.45 4.43 6.58 2.99 0.51 4.02 1.58 1.58 1.80 2.01 1.82 0.50 0.99 0.99 4.50 4.50 2.01 1.66 0.55 0.77 0.88 4.17 1.31 1.31 1.31 1.31 1.31 1.31 1.31 1.31 1.31 1.31 4.82 0.40 0.40 0.40 0.43 1.36 0.00 0.00 0.00 0.00 0.00 0.00 0.00 0.00 0.00 0.00 0.00 0.00 0.00 0.00
4.40 2.63 2.30 2.39 2.87 2.50 2.72 0.64 2.90 2.72 4.52 4.31 3.78 2.90 2.90 2.72 6.01 2.90 2.50 6.01 0.57 2.21 4.70 4.70 4.69 4.69 4.69 4.69 8.20 6.70 3.19 3.19 3.19 3.07 3.07 5.02 4.02 4.02 5.09 0.47 1.58 1.80 1.80 0.50 1.87 4.50 0.77 0.77 0.78 2.60 1.87 0.99 1.81 1.59 4.88 1.31 1.31 1.31 1.31 1.31 1.31 0.62 0.83 0.61 4.82 0.40 0.62 0.62 0.43 0.43 0.00 0.00 0.00 0.00 0.00 0.00 0.00 0.00 0.00 0.00 0.00 0.00 0.00 0.00
4.48 2.99 2.77 2.39 2.68 2.50 2.50 2.87 3.31 1.08 1.08 3.09 2.50 2.90 2.72 6.01 6.41 2.50 5.66 7.78 3.80 3.80 4.70 4.70 4.69 4.69 4.69 4.69 8.20 6.70 3.19 3.19 3.19 3.07 5.02 5.02 5.11 5.09 1.80 4.24 5.11 1.58 0.55 1.84 4.06 0.55 2.82 2.60 2.60 2.60 2.60 1.87 2.02 0.88 3.95 0.62 1.53 1.31 1.31 4.82 4.82 4.34 5.70 4.35 3.91 4.13 0.83 0.83 0.43 0.43 0.43 0.00 0.00 0.00 0.00 0.00 0.00 0.00 0.00 0.00 0.00 0.00 0.00 0.00
3.86 2.99 2.30 2.44 2.50 2.50 2.50 0.64 0.64 2.68 2.87 2.87 0.64 3.78 2.50 6.01 4.26 7.78 6.38 2.68 3.80 3.80 3.80 4.70 4.69 4.69 4.69 4.69 6.62 4.67 6.86 4.67 6.84 5.02 1.51 0.45 1.60 5.09 1.80 1.80 1.58 5.11 5.17 4.50 0.99 0.55 0.77 0.77 1.66 1.60 1.82 2.28 0.66 4.17 4.13 0.83 1.97 1.75 5.04 4.82 1.75 1.05 0.83 0.62 0.40 4.78 1.49 0.62 0.43 0.48 0.43 0.00 0.00 0.00 0.00 0.00 0.00 0.00 0.00 0.00 0.00 0.00 1.36 1.36
3.06 2.99 2.88 3.36 2.50 2.50 2.50 2.68 3.79 3.79 4.31 2.70 2.90 2.72 2.94 6.01 7.78 7.78 2.90 2.68 3.80 3.80 3.80 4.70 4.69 4.69 4.69 4.69 4.45 1.38 3.62 3.19 0.93 0.67 0.45 0.45 0.51 5.09 1.58 0.51 0.51 1.93 0.55 4.28 0.71 1.84 2.09 2.04 1.82 1.82 2.04 1.17 0.66 4.88 1.75 1.05 1.27 5.48 1.53 1.31 1.75 0.83 1.53 1.31 0.40 4.13 5.44 1.27 0.43 0.43 0.43 0.43 0.00 0.00 0.00 0.00 0.00 0.00 0.00 0.00 1.36 1.55 0.43 0.43
3.06 3.10 3.10 3.58 2.87 2.87 2.50 2.87 2.87 2.90 2.90 3.78 3.77 2.59 4.59 6.01 4.37 0.64 4.25 4.25 3.79 3.79 3.79 3.79 4.68 4.68 4.68 3.13 4.45 3.35 1.15 0.49 0.71 1.86 1.56 1.56 1.65 5.16 5.81 1.65 0.49 1.87 2.28 4.28 1.87 3.08 2.04 2.04 1.82 1.82 1.60 1.82 3.91 5.04 1.53 1.05 2.15 1.97 1.53 0.83 4.35 1.53 1.31 1.33 4.82 4.13 1.05 1.97 0.43 1.36 0.00 0.43 0.43 0.00 0.00 0.00 0.00 0.00 0.00 1.36 0.43 0.43 0.43 1.36
2.88 3.10 3.53 4.69 3.09 2.87 2.87 2.68 2.87 2.90 2.90 3.78 2.90 0.86 4.37 2.50 6.19 2.50 2.50 4.47 4.01 0.50 0.50 0.50 2.93 4.71 3.15 2.99 4.41 6.58 1.73 2.26 2.05 1.57 1.57 1.57 5.16 5.16 4.06 5.17 5.16 5.16 5.81 5.35 7.01 3.71 3.71 1.82 1.60 1.60 1.82 2.26 5.48 1.31 1.53 1.27 1.49 1.05 1.53 2.41 4.56 1.31 4.82 4.82 4.82 1.31 1.31 1.31 0.43 0.00 0.00 0.00 0.43 0.43 0.00 0.00 0.00 1.55 0.43 0.43 0.43 1.36 1.36 0.00
