New_Model_Runs/5_FutureClimate_BASE_out/post_prcessed_with_MFR/Monthly_summaries/net_infiltration_monthly_FEB.asc
NCOLS 700
NROWS 400
XLLCENTER 515000.000000
YLLCENTER 8409000.000000
CELLSIZE 50.000000
NODATA_value -999.000000
[rows 152 to 189 of 400, columns 336 to 419 of 700]
6.28 7.66 8.48 7.78 7.74 7.13 6.87 6.87 6.87 7.67 7.72 7.72 7.47 7.47 7.58 7.58 7.69 7.69 7.59 7.69 7.76 7.76 7.76 7.76 7.88 11.16 5.15 5.02 5.43 5.43 5.84 5.22 5.08 5.08 5.28 6.64 6.43 12.53 7.71 6.85 7.02 10.29 9.16 10.07 10.07 7.46 1.81 1.61 4.89 0.00 0.00 0.00 0.00 0.00 0.00 0.00 0.00 0.00 0.00 0.00 0.00 0.00 0.00 0.00 0.00 0.00 0.00 0.00 0.00 0.00 0.00 0.00 0.00 0.00 0.00 0.00 0.00 0.00 0.00 0.00 0.00 0.00 0.00 0.00
6.32 6.61 6.41 7.07 7.28 7.29 7.15 8.25 7.86 7.67 7.67 7.72 7.58 7.58 7.58 7.58 7.69 7.69 7.69 7.69 7.76 7.76 7.76 7.76 7.88 6.24 9.52 9.52 5.15 10.07 5.43 5.15 9.92 10.47 9.71 9.71 11.03 8.28 7.40 6.85 6.81 10.29 9.16 6.35 9.97 1.61 1.81 1.81 4.89 0.00 0.00 0.00 0.00 0.00 0.00 0.00 0.00 0.00 0.00 0.00 0.00 0.00 0.00 0.00 0.00 0.00 0.00 0.00 0.00 0.00 0.00 0.00 0.00 0.00 0.00 0.00 0.00 0.00 0.00 0.00 0.00 0.00 0.00 0.00
6.40 7.28 7.07 5.86 6.68 8.68 7.74 7.74 7.67 7.67 7.67 7.72 7.58 7.58 7.58 7.49 7.69 7.69 7.69 7.69 7.76 7.76 7.76 7.76 12.10 12.10 12.10 12.79 9.52 9.52 9.52 9.52 5.28 10.12 9.83 10.45 7.58 11.32 6.99 6.81 6.81 10.72 10.72 6.35 5.09 6.56 6.70 6.70 4.89 6.72 0.00 0.00 0.00 0.00 0.00 0.00 0.00 0.00 0.00 0.00 0.00 0.00 0.00 0.00 0.00 0.00 0.00 0.00 0.00 0.00 0.00 0.00 0.00 0.00 0.00 0.00 0.00 0.00 0.00 0.00 0.00 0.00 0.00 0.00
7.98 6.87 7.07 6.87 6.87 6.87 7.88 7.74 7.67 7.67 7.67 7.67 7.47 7.58 7.58 7.58 7.69 7.69 7.69 7.69 7.76 7.76 7.76 7.76 11.16 7.88 7.88 8.09 7.56 10.92 5.43 6.18 9.63 9.63 9.63 10.92 11.13 7.22 7.02 6.85 6.81 10.51 4.89 6.35 5.09 1.81 6.70 6.70 4.89 10.00 0.00 0.00 0.00 0.00 0.00 0.00 0.00 0.00 0.00 0.00 0.00 0.00 0.00 0.00 0.00 0.00 0.00 0.00 0.00 0.00 0.00 0.00 0.00 0.00 0.00 0.00 0.00 0.00 0.00 0.00 0.00 0.00 0.00 0.00
6.07 6.87 7.88 6.87 7.72 7.72 7.72 7.72 7.66 7.66 7.66 7.66 9.34 7.45 7.55 7.55 7.71 7.71 7.71 7.71 7.75 7.75 7.75 11.03 7.80 7.80 7.80 7.80 6.64 6.59 12.50 6.18 6.95 9.63 9.63 6.79 6.79 6.79 6.79 6.79 10.09 7.44 4.89 6.35 9.63 4.89 6.70 1.61 1.62 5.10 0.20 0.00 0.00 0.00 0.00 0.00 0.00 0.00 0.00 0.00 0.00 0.00 0.00 0.00 0.00 0.00 0.00 0.00 0.00 0.00 0.00 0.00 0.00 0.00 0.00 0.00 0.00 0.00 0.00 0.00 0.00 0.00 0.00 0.00
6.87 6.87 7.74 6.87 7.72 7.72 7.72 7.72 7.66 8.18 7.66 7.66 7.50 7.50 7.55 7.55 7.71 7.71 7.71 7.71 7.72 7.75 7.75 11.03 7.80 7.80 6.84 6.64 6.64 6.87 10.78 9.66 9.63 10.29 6.99 6.79 6.79 6.79 6.79 6.79 6.81 6.79 8.65 4.89 5.18 4.89 1.61 6.70 1.91 5.10 2.03 0.00 0.00 0.00 0.00 0.00 0.00 0.00 0.00 0.00 0.00 0.00 0.00 0.00 0.00 0.00 0.00 0.00 0.00 0.00 0.00 0.00 0.00 0.00 0.00 0.00 0.00 0.00 0.00 0.00 0.00 0.00 0.00 0.00
7.74 7.88 7.74 7.74 7.72 7.72 7.72 6.87 6.87 7.66 7.66 7.66 8.01 7.50 7.55 7.55 7.71 7.71 7.71 7.61 7.75 7.75 11.03 6.81 6.84 6.84 6.84 6.84 6.87 6.87 9.95 6.87 6.81 6.81 6.89 6.81 6.79 6.79 6.79 6.79 6.86 6.86 4.89 4.89 9.97 9.97 1.61 1.81 1.82 5.10 10.40 0.00 0.00 0.00 0.00 0.00 0.00 0.00 0.00 0.00 0.00 0.00 0.00 0.00 0.00 0.00 0.00 0.00 0.00 0.00 0.00 0.00 0.00 0.00 0.00 0.00 0.00 0.00 0.00 0.00 0.00 0.00 0.00 0.00
7.74 7.74 7.87 7.74 7.72 7.72 6.87 6.87 6.87 7.66 7.66 7.66 7.50 7.50 7.50 7.55 7.71 7.71 7.71 7.71 7.75 10.34 10.08 6.81 6.84 7.10 6.84 6.84 6.87 6.87 6.64 7.12 6.89 6.89 6.89 6.89 6.79 6.79 6.79 6.79 6.86 6.81 4.89 9.63 9.63 9.97 4.89 4.89 5.30 5.51 5.10 0.00 0.00 0.00 0.00 0.00 0.00 0.00 0.00 0.00 0.00 0.00 0.00 0.00 0.00 0.00 0.00 0.00 0.00 0.00 0.00 0.00 0.00 0.00 0.00 0.00 0.00 0.00 0.00 0.00 0.00 0.00 0.00 0.00
7.70 7.88 6.87 7.70 7.70 7.70 6.87 6.87 7.63 7.63 7.63 7.63 7.47 7.47 7.47 7.47 7.67 7.67 6.69 6.69 6.73 10.01 6.73 6.73 6.75 6.75 6.75 6.75 6.75 7.02 6.75 6.75 6.79 6.79 6.79 7.41 6.81 6.81 6.81 6.81 6.87 9.16 5.88 7.44 11.13 6.76 7.85 9.63 7.67 8.07 5.71 5.45 0.00 0.00 0.00 0.00 0.00 0.00 0.00 0.00 0.00 0.00 0.00 0.00 0.00 0.00 0.00 0.00 0.00 0.00 0.00 0.00 0.00 0.00 0.00 0.00 0.00 0.00 0.00 0.00 0.00 0.00 0.00 0.00
7.70 8.13 8.13 7.70 7.70 7.70 6.87 6.87 6.87 7.63 7.63 5.03 7.47 7.47 7.47 7.47 6.69 6.69 6.69 6.69 10.01 6.73 6.73 6.73 6.75 7.16 6.75 6.75 6.75 7.16 6.75 6.75 6.79 6.79 7.03 7.03 6.81 6.81 6.81 6.81 8.08 6.79 8.06 6.81 7.02 7.42 7.22 6.81 6.83 7.49 10.92 10.67 5.30 5.30 5.32 4.89 0.00 0.00 0.00 0.00 0.00 0.00 0.00 0.00 0.00 0.00 0.00 0.00 0.00 0.00 0.00 0.00 0.00 0.00 0.00 0.00 0.00 0.00 0.00 0.00 0.00 0.00 0.00 0.00
8.50 9.82 8.50 8.30 8.30 8.30 8.30 9.04 8.13 8.24 8.24 8.24 8.19 8.19 8.19 8.19 6.77 7.56 6.77 6.77 6.83 6.83 6.83 6.83 6.84 7.64 6.84 6.84 7.64 6.84 8.47 6.84 6.70 6.70 6.70 6.70 6.72 6.72 6.72 6.96 6.77 6.77 6.77 7.84 6.69 6.75 6.75 6.75 6.52 6.41 6.82 10.00 9.59 5.39 2.18 4.78 4.78 4.86 4.78 4.78 0.00 0.00 0.00 0.00 0.00 0.00 0.00 0.00 0.00 0.00 0.00 0.00 0.00 0.00 0.00 0.00 0.00 0.00 0.00 0.00 0.00 0.00 0.00 0.00
8.50 9.66 9.66 8.50 8.30 8.30 8.30 8.30 8.24 8.24 8.24 8.24 8.72 8.19 8.19 8.19 6.77 6.77 6.77 6.77 6.83 6.83 6.83 6.83 6.84 6.84 6.84 6.84 6.84 6.84 7.64 6.84 6.70 6.70 6.70 6.70 6.72 6.72 6.97 6.72 6.77 6.77 6.77 6.77 6.75 6.75 6.75 6.75 6.52 6.52 6.72 9.91 11.09 6.22 5.39 5.39 5.19 7.80 7.80 5.25 8.50 0.00 0.00 0.00 0.00 0.00 0.00 0.00 0.00 0.00 0.00 0.00 0.00 0.00 0.00 0.00 0.00 0.00 0.00 0.00 0.00 0.00 0.00 0.00
8.25 8.45 9.41 8.45 8.30 8.30 8.30 8.30 8.71 8.18 8.18 8.71 8.11 8.11 8.11 6.67 6.81 6.81 6.81 6.81 6.85 6.85 6.85 6.85 6.84 6.84 6.84 6.84 6.82 6.82 6.82 6.82 6.72 6.72 6.72 6.72 6.72 6.72 6.72 6.72 6.72 6.72 6.72 6.72 6.70 7.31 6.70 6.70 6.51 6.51 6.41 5.02 10.05 6.22 2.12 5.60 8.13 6.43 6.43 6.84 5.08 8.74 5.02 3.28 0.00 0.00 0.00 0.00 0.00 0.00 0.00 0.00 0.00 0.00 0.00 0.00 0.00 0.00 0.00 0.00 0.00 0.00 0.00 0.00
8.25 8.25 8.25 8.25 8.30 8.30 8.30 8.30 8.18 8.18 8.18 8.18 8.11 8.11 8.11 6.67 6.81 6.81 6.81 6.81 6.85 6.85 6.85 6.85 6.84 6.84 6.84 6.84 6.82 6.82 6.82 6.82 6.72 6.72 6.72 6.72 6.72 6.72 6.72 6.72 6.72 6.72 6.72 6.72 6.70 6.95 6.70 6.70 6.51 6.41 6.41 5.02 6.77 4.78 5.25 6.11 6.43 6.43 6.43 6.43 6.63 9.70 6.42 9.70 0.00 0.00 0.00 0.00 0.00 0.00 0.00 0.00 0.00 0.00 0.00 0.00 0.00 0.00 0.00 0.00 0.00 0.00 0.00 0.00
9.00 8.25 8.25 9.00 8.30 8.30 8.30 8.30 8.18 8.18 8.18 8.18 8.11 8.11 8.11 6.67 6.81 6.81 6.81 6.81 6.85 6.85 6.85 6.85 6.84 6.84 6.84 6.84 6.82 6.82 6.82 6.82 6.72 6.72 6.72 6.72 6.72 6.72 6.72 6.72 6.72 6.72 6.72 6.72 6.70 6.70 6.70 6.70 6.51 6.36 6.36 6.36 6.22 7.20 7.20 6.99 6.43 6.43 6.43 6.43 6.42 9.90 6.63 6.42 0.00 0.00 0.00 0.00 0.00 0.00 0.00 0.00 0.00 0.00 0.00 0.00 0.00 0.00 0.00 0.00 0.00 0.00 0.00 0.00
8.25 8.25 8.25 8.25 8.30 8.81 8.30 8.30 8.18 8.18 8.18 8.18 8.11 8.11 6.67 6.67 6.81 6.81 6.81 6.81 6.85 6.85 6.85 6.85 6.84 6.84 6.84 6.84 6.82 6.82 6.82 6.82 6.72 6.72 6.72 6.72 6.72 6.72 6.72 6.72 6.72 6.72 6.72 6.72 6.70 6.70 6.70 6.70 6.41 6.41 7.21 6.36 6.99 7.40 7.40 6.99 6.43 6.43 6.84 6.61 6.77 7.44 6.61 9.70 0.00 0.00 0.00 0.00 0.00 0.00 0.00 0.00 0.00 0.00 0.00 0.00 0.00 0.00 0.00 0.00 0.00 0.00 0.00 0.00
8.29 8.29 8.29 8.29 8.15 8.15 8.67 8.15 8.17 8.17 8.17 8.17 8.29 8.29 6.80 6.80 6.91 6.91 6.91 6.91 6.91 6.91 6.91 7.70 6.91 6.91 6.91 6.91 6.92 6.92 6.92 6.92 6.81 6.81 6.81 6.81 6.80 6.80 6.80 6.80 4.12 6.69 7.52 6.76 6.73 6.73 6.73 6.73 6.49 7.50 6.49 6.49 6.47 6.47 6.47 6.47 6.43 6.43 6.84 7.02 7.18 5.28 0.00 0.00 0.00 0.00 0.00 0.00 0.00 0.00 0.00 0.00 0.00 0.00 0.00 0.00 0.00 0.00 0.00 0.00 0.00 0.00 0.00 0.00
8.29 8.29 8.29 8.29 8.15 8.15 8.15 8.15 8.17 8.17 8.17 8.17 8.29 8.29 6.80 6.80 6.91 6.91 6.91 6.91 6.91 6.91 6.91 6.91 6.91 6.91 6.91 6.91 6.92 6.92 6.92 6.92 6.81 6.81 6.81 6.81 6.80 6.80 6.80 6.80 6.66 6.76 7.52 6.76 6.73 6.73 6.73 6.73 6.49 6.49 6.49 6.49 6.47 6.47 6.47 6.41 6.41 6.41 6.41 6.41 0.00 0.00 0.00 0.00 0.00 0.00 0.00 0.00 0.00 0.00 0.00 0.00 0.00 0.00 0.00 0.00 0.00 0.00 0.00 0.00 0.00 0.00 0.00 0.00
8.29 8.29 8.29 8.29 8.15 8.15 8.15 8.15 8.17 8.17 8.17 8.17 8.29 6.80 6.80 6.80 6.91 6.91 6.91 6.91 6.91 6.91 6.91 6.91 6.91 6.91 6.91 3.85 7.94 6.92 6.92 6.92 6.81 6.81 6.81 6.81 6.80 6.80 6.80 7.21 6.66 7.52 6.76 6.76 6.94 6.73 6.73 6.73 6.49 6.49 6.49 6.49 6.47 6.41 6.41 6.61 6.61 6.43 6.43 3.28 0.00 0.00 0.00 0.00 0.00 0.00 0.00 0.00 0.00 0.00 0.00 0.00 0.00 0.00 0.00 0.00 0.00 0.00 0.00 0.00 0.00 0.00 0.00 0.00
8.29 8.29 8.29 8.29 8.15 8.15 8.15 8.15 8.17 8.17 8.17 8.17 8.29 6.80 6.80 6.80 6.91 7.72 7.72 8.55 6.91 6.91 6.91 6.91 6.91 6.91 6.91 3.85 3.85 6.92 6.92 6.92 6.81 6.81 6.81 6.81 6.80 6.80 7.30 7.41 6.76 6.66 6.76 6.97 7.10 6.69 6.73 6.73 6.49 6.49 6.49 6.49 6.47 6.61 5.67 5.60 5.39 4.99 0.00 0.00 0.00 0.00 0.00 0.00 0.00 0.00 0.00 0.00 0.00 0.00 0.00 0.00 0.00 0.00 0.00 0.00 0.00 0.00 0.00 0.00 0.00 0.00 0.00 0.00
8.20 8.20 8.20 8.20 8.23 8.23 8.23 8.23 8.22 8.22 8.22 8.22 8.20 6.83 6.83 8.20 7.66 6.85 6.85 7.65 6.90 6.90 7.71 6.90 6.94 6.94 6.94 3.85 3.85 7.17 8.90 8.90 8.32 6.87 6.87 6.87 6.86 6.86 6.69 6.89 6.83 6.83 6.83 7.03 7.92 7.70 6.99 6.78 6.53 6.36 6.41 6.53 6.41 5.28 6.16 3.40 2.93 1.91 0.00 0.00 0.00 0.00 0.00 0.00 0.00 0.00 0.00 0.00 0.00 0.00 0.00 0.00 0.00 0.00 0.00 0.00 0.00 0.00 0.00 0.00 0.00 0.00 0.00 0.00
8.20 8.20 8.20 8.20 8.23 8.23 8.23 8.23 8.22 8.22 8.22 8.22 8.20 6.83 7.64 6.83 6.85 6.85 6.85 6.85 6.90 6.90 6.90 6.90 7.68 7.69 6.94 3.85 3.85 5.78 7.91 10.78 8.32 7.30 8.53 8.32 6.86 6.86 7.07 6.66 7.09 6.83 6.83 6.83 6.83 7.12 6.78 6.78 6.41 6.36 6.41 6.99 9.50 5.42 2.53 6.72 0.82 0.00 0.00 0.00 0.00 0.00 0.00 0.00 0.00 0.00 0.00 0.00 0.00 0.00 0.00 0.00 0.00 0.00 0.00 0.00 0.00 0.00 0.00 0.00 0.00 0.00 0.00 0.00
8.20 8.20 8.20 8.20 8.23 8.23 8.23 8.23 8.22 8.22 8.22 8.22 6.83 8.91 6.83 7.64 6.85 6.85 6.85 6.85 6.90 6.90 6.90 7.70 6.94 6.94 7.69 6.94 6.97 7.17 6.97 10.51 12.05 7.06 8.32 8.32 8.31 6.86 10.38 9.91 9.83 7.31 6.69 6.83 2.19 5.88 8.20 6.78 6.41 6.41 6.99 7.55 0.00 0.00 0.00 0.00 0.00 0.00 0.00 0.00 0.00 0.00 0.00 0.00 0.00 0.00 0.00 0.00 0.00 0.00 0.00 0.00 0.00 0.00 0.00 0.00 0.00 0.00 0.00 0.00 0.00 0.00 0.00 0.00
8.20 8.20 8.20 8.20 8.23 8.23 8.23 8.23 8.22 8.22 8.22 8.22 6.83 7.61 6.83 6.83 7.98 6.85 6.85 6.85 6.90 6.90 7.69 6.90 6.94 6.94 6.94 6.94 6.97 7.72 7.72 7.62 4.86 5.06 8.48 8.32 4.86 4.86 1.58 10.04 5.24 4.86 4.86 11.54 2.38 6.43 5.88 8.61 6.53 9.18 9.18 0.00 0.00 0.00 0.00 0.00 0.00 0.00 0.00 0.00 0.00 0.00 0.00 0.00 0.00 0.00 0.00 0.00 0.00 0.00 0.00 0.00 0.00 0.00 0.00 0.00 0.00 0.00 0.00 0.00 0.00 0.00 0.00 0.00
8.30 8.30 7.51 7.51 8.22 8.22 8.22 8.22 8.30 8.30 8.30 8.30 6.72 6.72 6.72 6.72 7.58 6.79 6.79 6.79 6.86 6.86 6.86 6.86 6.91 6.91 6.91 6.91 6.96 6.96 6.96 6.96 6.56 6.22 5.06 11.51 7.82 6.22 7.62 8.55 5.06 5.06 4.86 4.86 5.06 9.70 5.06 5.27 4.78 9.50 0.00 0.00 0.00 0.00 0.00 0.00 0.00 0.00 0.00 0.00 0.00 0.00 0.00 0.00 0.00 0.00 0.00 0.00 0.00 0.00 0.00 0.00 0.00 0.00 0.00 0.00 0.00 0.00 0.00 0.00 0.00 0.00 0.00 0.00
8.30 8.30 8.30 7.51 7.51 8.22 8.22 8.22 8.30 8.30 9.37 7.69 7.61 7.61 6.72 6.72 6.79 6.79 6.79 6.79 6.86 6.86 7.74 6.86 6.91 6.91 6.91 6.91 6.96 6.96 6.96 6.96 7.09 8.55 5.27 5.65 8.03 7.87 7.04 10.24 5.06 5.06 5.06 5.06 2.40 6.09 1.79 4.86 8.29 0.00 0.00 0.00 0.00 0.00 0.00 0.00 0.00 0.00 0.00 0.00 0.00 0.00 0.00 0.00 0.00 0.00 0.00 0.00 0.00 0.00 0.00 0.00 0.00 0.00 0.00 0.00 0.00 0.00 0.00 0.00 0.00 0.00 0.00 0.00
8.73 8.73 8.73 8.73 8.78 8.78 8.37 8.37 9.54 8.74 8.74 7.29 7.20 7.20 7.20 7.20 7.28 7.28 7.28 7.28 7.35 7.35 7.35 7.35 7.40 7.40 7.40 7.40 7.45 7.45 7.45 7.45 6.94 7.15 7.22 10.22 7.12 7.13 7.74 7.74 5.36 5.16 5.21 5.36 6.41 7.35 7.06 4.96 0.00 0.00 0.00 0.00 0.00 0.00 0.00 0.00 0.00 0.00 0.00 0.00 0.00 0.00 0.00 0.00 0.00 0.00 0.00 0.00 0.00 0.00 0.00 0.00 0.00 0.00 0.00 0.00 0.00 0.00 0.00 0.00 0.00 0.00 0.00 0.00
8.73 8.73 8.73 8.37 8.37 8.37 8.37 8.37 8.37 8.37 8.74 7.29 7.20 7.20 7.20 7.20 7.28 7.28 7.28 7.28 7.35 7.35 7.35 7.35 7.40 7.40 7.40 7.40 7.45 7.45 7.45 7.45 6.94 6.94 6.94 6.94 6.92 6.92 6.92 6.92 7.30 6.94 7.06 1.88 6.94 6.73 4.96 1.68 0.00 0.00 0.00 0.00 0.00 0.00 0.00 0.00 0.00 0.00 0.00 0.00 0.00 0.00 0.00 0.00 0.00 0.00 0.00 0.00 0.00 0.00 0.00 0.00 0.00 0.00 0.00 0.00 0.00 0.00 0.00 0.00 0.00 0.00 0.00 0.00
8.72 8.37 8.37 8.37 8.37 9.17 8.37 8.37 8.37 8.37 7.22 7.80 7.22 7.15 7.15 7.15 7.33 7.33 7.33 7.33 7.36 7.36 7.36 7.36 7.38 7.38 8.16 8.16 7.42 7.42 7.42 7.42 6.88 7.15 6.88 6.88 6.84 6.84 6.84 6.84 6.83 7.28 6.83 7.12 2.16 2.29 7.27 4.96 0.00 0.00 0.00 0.00 0.00 0.00 0.00 0.00 0.00 0.00 0.00 0.00 0.00 0.00 0.00 0.00 0.00 0.00 0.00 0.00 0.00 0.00 0.00 0.00 0.00 0.00 0.00 0.00 0.00 0.00 0.00 0.00 0.00 0.00 0.00 0.00
8.37 8.37 8.37 8.37 8.37 8.37 8.37 9.17 8.37 8.37 9.30 7.22 8.42 7.15 7.15 7.15 7.33 7.33 7.33 7.33 7.36 7.36 7.36 7.36 7.38 7.38 8.16 7.38 7.42 7.42 7.42 8.62 6.91 6.88 6.88 6.88 6.84 6.84 6.84 6.84 6.83 6.83 7.08 6.83 8.04 7.53 7.73 8.24 8.96 4.74 5.98 0.00 0.00 0.00 0.00 0.00 0.00 0.00 0.00 0.00 0.00 0.00 0.00 0.00 0.00 0.00 0.00 0.00 0.00 0.00 0.00 0.00 0.00 0.00 0.00 0.00 0.00 0.00 0.00 0.00 0.00 0.00 0.00 0.00
8.37 8.37 8.37 8.37 8.37 8.37 8.37 8.37 8.37 8.37 7.22 7.11 7.15 7.15 7.15 7.15 7.33 7.33 7.33 7.33 7.36 7.36 7.36 7.36 7.38 7.38 7.38 7.38 7.42 7.42 8.21 7.42 6.91 6.88 7.15 6.88 6.84 6.84 7.63 6.84 6.83 6.83 6.83 6.83 6.83 6.83 6.83 6.83 6.39 4.74 4.74 5.98 5.98 0.00 0.00 0.00 0.00 0.00 0.00 0.00 0.00 0.00 0.00 0.00 0.00 0.00 0.00 0.00 0.00 0.00 0.00 0.00 0.00 0.00 0.00 0.00 0.00 0.00 0.00 0.00 0.00 0.00 0.00 0.00
8.37 8.37 8.37 8.37 8.37 8.37 8.37 9.17 8.37 8.37 7.22 7.11 7.15 7.15 7.15 7.15 7.33 7.33 7.33 7.33 7.36 7.36 7.36 7.36 7.38 7.38 7.38 7.38 7.42 7.42 7.42 7.42 6.88 6.88 6.88 6.88 6.84 6.84 7.09 6.84 6.83 6.83 6.83 6.83 6.83 6.83 7.06 6.83 6.85 6.18 4.74 4.74 9.26 5.98 0.00 0.00 0.00 0.00 0.00 0.00 0.00 0.00 0.00 0.00 0.00 0.00 0.00 0.00 0.00 0.00 0.00 0.00 0.00 0.00 0.00 0.00 0.00 0.00 0.00 0.00 0.00 0.00 0.00 0.00
8.37 8.37 8.37 9.17 8.37 8.37 8.37 8.37 8.37 7.22 7.13 7.90 7.22 7.22 7.22 7.22 7.36 7.36 7.36 7.36 7.36 8.81 8.15 8.15 8.17 9.21 7.38 7.38 7.38 7.38 8.16 8.16 7.06 6.82 6.82 6.82 7.03 6.79 6.79 6.79 6.76 7.01 6.76 6.76 6.76 6.76 6.76 6.76 6.59 6.18 6.81 5.30 5.15 4.74 7.82 7.82 0.00 0.00 0.00 0.00 0.00 0.00 0.00 0.00 0.00 0.00 0.00 0.00 0.00 0.00 0.00 0.00 0.00 0.00 0.00 0.00 0.00 0.00 0.00 0.00 0.00 0.00 0.00 0.00
8.37 8.37 8.37 9.17 8.37 8.37 8.37 8.37 10.02 9.33 9.33 9.33 7.41 7.22 7.22 7.22 7.36 7.36 7.36 7.36 7.36 7.36 7.36 7.36 7.38 9.21 9.21 7.38 7.38 7.38 7.38 7.38 6.82 6.82 6.82 6.82 6.79 6.79 6.79 6.79 6.76 6.76 6.76 6.76 6.76 6.76 6.76 6.76 6.59 6.59 6.59 6.39 6.59 6.77 6.54 6.54 6.46 7.82 0.00 0.00 0.00 0.00 0.00 0.00 0.00 0.00 0.00 0.00 0.00 0.00 0.00 0.00 0.00 0.00 0.00 0.00 0.00 0.00 0.00 0.00 0.00 0.00 0.00 0.00
8.37 8.37 8.37 8.37 8.37 8.37 8.37 9.98 10.02 9.33 9.33 9.33 7.22 7.42 7.22 7.22 7.36 7.36 7.36 7.36 7.36 7.36 7.36 7.36 8.16 7.38 9.21 9.21 9.20 7.38 7.38 7.38 6.82 6.82 6.82 6.82 6.79 6.79 6.79 6.79 6.76 6.76 6.76 6.76 6.76 6.76 6.76 6.76 6.59 6.59 6.59 6.59 6.13 6.18 6.54 6.54 6.46 6.46 6.46 9.73 0.00 0.00 0.00 0.00 0.00 0.00 0.00 0.00 0.00 0.00 0.00 0.00 0.00 0.00 0.00 0.00 0.00 0.00 0.00 0.00 0.00 0.00 0.00 0.00
8.37 8.37 8.37 8.37 8.37 8.37 8.37 9.98 9.33 9.33 9.33 9.33 9.47 7.22 7.22 7.22 7.36 7.36 7.36 7.36 7.36 7.36 7.36 7.36 8.16 8.16 8.16 9.88 9.88 9.20 7.38 7.38 6.82 6.82 6.82 6.82 6.79 6.79 6.79 6.79 6.76 6.76 6.76 6.76 6.76 6.76 6.76 6.76 6.59 6.59 6.59 6.82 6.54 6.54 6.54 6.54 6.46 6.46 6.46 6.46 9.69 0.00 0.00 0.00 0.00 0.00 0.00 0.00 0.00 0.00 0.00 0.00 0.00 0.00 0.00 0.00 0.00 0.00 0.00 0.00 0.00 0.00 0.00 0.00
8.37 8.37 8.37 8.37 8.37 8.37 8.37 10.04 7.22 7.22 7.22 7.22 7.26 7.26 7.22 7.26 7.35 7.35 7.35 7.35 7.36 7.36 7.36 7.36 7.37 7.37 9.19 11.82 8.13 7.37 7.37 7.37 6.82 6.82 6.82 6.82 6.80 6.80 6.80 6.80 6.78 6.78 6.78 6.78 6.76 6.76 6.76 6.76 6.52 6.52 6.52 6.52 6.49 6.49 6.49 6.49 6.48 6.48 6.48 6.13 8.17 0.00 0.00 0.00 0.00 0.00 0.00 0.00 0.00 0.00 0.00 0.00 0.00 0.00 0.00 0.00 0.00 0.00 0.00 0.00 0.00 0.00 0.00 0.00
8.37 8.37 8.37 8.37 8.37 8.37 8.37 8.37 7.22 7.22 7.22 7.22 7.26 7.26 7.26 7.26 7.35 7.35 7.35 7.35 7.36 7.36 7.36 7.36 7.37 8.16 8.16 7.37 8.16 7.37 8.16 8.16 6.82 6.82 6.82 6.82 6.80 6.80 6.80 6.80 6.78 6.78 6.78 6.78 6.76 6.76 6.76 6.76 6.52 6.52 6.52 6.52 6.49 6.49 6.49 6.49 6.48 6.48 6.13 4.74 0.00 0.00 0.00 0.00 0.00 0.00 0.00 0.00 0.00 0.00 0.00 0.00 0.00 0.00 0.00 0.00 0.00 0.00 0.00 0.00 0.00 0.00 0.00 0.00
