New_Model_Runs/5_FutureClimate_BASE_out/post_prcessed_with_MFR/Monthly_summaries/net_infiltration_monthly_DEC.asc
NCOLS 700
NROWS 400
XLLCENTER 515000.000000
YLLCENTER 8409000.000000
CELLSIZE 50.000000
NODATA_value -999.000000
[rows 185 to 221 of 400, columns 166 to 248 of 700]
8.13 8.13 8.29 8.29 8.29 10.90 0.00 0.00 0.00 0.00 0.00 8.20 8.20 8.20 8.12 8.12 8.12 8.12 8.14 10.70 10.70 10.70 10.73 10.73 8.16 8.16 8.21 8.21 8.21 8.21 8.15 8.15 8.15 8.15 8.08 8.08 8.08 8.08 8.08 8.08 8.08 8.08 8.16 8.16 8.16 8.16 8.21 8.21 8.21 8.21 10.80 10.80 12.52 8.24 8.20 8.20 8.20 8.59 7.98 7.98 7.98 7.98 7.97 0.00 0.00 0.00 0.00 0.00 0.00 0.00 8.01 8.01 9.16 8.01 7.96 8.84 9.62 8.84 8.79 9.06 9.06 9.06 9.08
8.13 8.13 8.29 8.29 10.90 11.27 0.00 0.00 0.00 0.00 0.00 8.20 8.20 8.20 8.12 8.12 8.12 8.12 8.64 8.14 12.41 10.70 10.94 10.73 8.16 8.16 8.21 8.21 8.21 8.21 8.15 8.15 8.15 8.15 8.08 8.08 8.08 8.08 8.58 8.08 8.08 8.08 8.16 8.16 8.16 8.67 8.21 8.21 8.21 8.21 10.80 10.80 11.01 10.80 8.20 8.20 8.20 8.20 7.98 7.98 7.98 7.98 7.97 8.47 0.00 0.00 0.00 0.00 0.00 0.00 9.49 8.01 8.50 8.01 7.96 8.84 9.62 8.84 8.79 9.06 10.03 9.06 9.08
10.64 8.13 8.29 8.29 10.90 11.27 10.98 0.00 0.00 10.98 10.79 8.20 8.71 8.20 8.12 8.12 8.12 8.12 8.14 8.14 10.70 10.70 12.45 8.67 8.16 8.16 8.21 8.21 8.72 8.21 8.15 8.15 8.15 8.15 8.59 8.59 8.08 8.08 8.08 8.08 8.08 8.08 8.16 8.16 8.16 8.67 8.21 8.21 8.21 8.21 8.74 8.75 10.80 10.80 8.20 8.20 8.20 8.20 7.98 7.98 7.98 7.98 7.97 7.97 7.97 0.00 0.00 0.00 0.00 8.00 8.01 8.01 8.01 8.01 8.84 8.84 8.84 8.84 8.79 9.06 9.06 10.02 9.08
10.85 10.85 8.35 8.35 8.37 11.33 11.33 11.33 8.37 11.33 10.78 8.20 8.20 8.20 8.63 8.63 8.12 8.12 8.13 8.13 10.68 10.89 8.15 8.15 8.15 8.15 8.21 8.21 8.21 8.21 8.15 8.15 8.15 8.15 8.09 8.09 8.09 8.09 8.09 8.09 8.09 8.09 8.14 8.14 8.14 8.14 8.18 8.18 8.18 8.18 8.24 8.24 8.24 10.80 8.22 8.22 8.22 8.22 7.98 7.98 7.98 7.98 7.95 7.95 7.95 0.00 0.00 0.00 0.00 8.00 7.98 7.98 7.98 7.98 8.84 8.84 9.63 8.84 8.77 8.77 9.04 9.04 9.01
10.85 10.85 11.00 11.00 8.37 11.33 11.33 11.00 11.23 11.00 10.78 10.78 10.78 8.20 8.12 8.12 8.12 8.12 8.13 8.13 8.13 12.39 9.67 8.15 8.15 8.15 8.21 8.72 8.72 8.70 8.15 8.15 8.15 8.15 8.09 8.09 8.09 8.09 8.09 8.59 8.09 8.09 8.14 8.14 8.64 8.14 8.18 8.18 8.18 8.18 8.24 8.75 8.24 10.80 8.22 8.22 8.22 8.22 7.98 7.98 7.98 7.98 7.95 8.44 7.95 0.00 0.00 0.00 0.00 8.00 7.98 7.98 7.98 7.98 8.84 8.84 8.84 8.84 8.77 8.77 9.04 9.04 9.01
10.85 10.85 11.00 11.00 8.37 8.37 8.37 11.00 11.23 11.00 10.78 10.78 8.20 8.20 8.63 8.12 8.12 8.12 8.13 8.13 8.13 8.13 8.15 10.22 8.66 8.15 8.21 8.21 8.21 8.70 8.15 8.15 8.15 8.15 8.59 8.09 8.09 8.09 8.09 8.09 8.09 8.09 8.14 8.14 8.14 8.14 8.18 8.18 8.18 8.18 8.24 8.24 8.24 10.80 8.22 8.22 8.22 8.61 7.98 7.98 7.98 7.98 7.95 7.95 7.95 10.38 10.46 10.46 10.77 8.00 7.98 7.98 7.98 8.87 8.84 8.84 8.84 8.84 8.77 8.77 8.77 9.04 9.01
10.85 10.85 11.00 11.00 11.23 11.33 11.00 11.00 11.00 11.00 10.78 8.20 8.20 8.20 8.12 8.63 8.12 8.12 8.13 8.64 8.13 8.13 8.15 8.15 8.15 8.15 8.21 8.21 8.21 8.21 8.15 8.15 8.15 8.15 8.09 9.59 8.09 8.09 8.09 8.59 8.58 8.09 8.14 8.14 8.14 8.14 8.18 8.18 8.18 8.18 8.24 8.24 8.24 10.80 8.73 8.22 8.22 8.22 7.98 7.98 7.98 7.98 7.95 7.95 7.95 7.95 10.46 10.46 10.46 8.00 7.98 7.98 7.98 8.87 8.84 8.84 9.98 8.84 9.54 8.77 9.47 9.04 9.01
10.97 10.97 11.02 11.24 11.02 11.33 10.97 10.97 10.97 10.97 8.17 8.17 8.17 8.17 8.11 8.61 8.11 8.11 8.12 8.12 8.12 8.12 8.15 8.15 8.15 8.15 8.20 8.20 8.20 8.20 8.66 8.16 8.16 8.16 8.10 8.10 8.10 8.10 8.07 8.57 8.07 8.07 8.10 8.59 8.59 8.10 8.17 8.17 8.17 8.17 8.26 8.26 10.83 10.83 9.11 8.74 8.23 9.52 7.96 7.96 7.96 7.96 7.98 8.34 7.98 7.98 7.98 10.43 10.43 10.43 7.99 7.99 8.88 8.88 8.82 8.82 9.59 9.59 8.77 8.77 8.77 9.04 8.99
8.33 10.97 11.02 11.02 8.36 11.02 13.36 8.33 8.33 8.33 8.17 8.17 8.17 8.17 8.11 8.11 8.11 8.11 8.12 8.12 8.12 8.12 8.15 8.15 8.15 8.15 8.20 8.20 8.20 8.20 8.16 8.16 8.16 8.16 8.10 8.10 8.10 8.10 8.07 8.07 8.07 8.07 8.10 8.10 8.10 8.10 8.17 8.17 8.17 8.17 8.26 8.26 8.26 8.26 11.34 8.23 8.23 8.23 7.96 7.96 7.96 7.96 9.57 7.98 7.98 7.98 7.98 7.98 10.43 10.43 7.99 7.99 9.67 8.88 8.82 8.82 8.82 8.82 8.77 9.74 8.77 8.77 8.99
8.18 8.18 14.24 8.20 8.20 8.20 9.61 8.18 8.18 8.18 8.15 8.15 8.15 8.15 8.09 8.09 8.09 8.09 8.10 11.52 8.10 8.10 8.13 9.56 8.13 8.13 8.36 8.36 8.36 8.36 8.32 9.77 9.77 8.32 8.26 8.26 8.26 8.26 8.23 10.77 8.23 8.23 8.21 9.64 8.21 8.21 8.28 8.28 8.28 8.28 8.37 8.37 8.37 9.83 10.91 10.91 8.34 8.34 7.86 7.86 7.86 7.86 7.87 7.87 7.87 7.87 7.95 7.95 10.93 10.93 7.96 7.96 9.98 9.98 9.78 9.78 9.78 9.78 9.73 9.73 10.63 9.73 10.03
8.18 8.18 8.20 8.20 8.20 8.20 8.18 9.61 8.18 8.18 8.15 8.15 8.15 8.15 8.09 8.09 8.09 8.09 8.10 8.10 8.10 8.10 8.13 8.13 8.13 8.13 8.36 8.36 8.36 8.36 8.32 8.32 8.32 8.32 8.26 10.82 8.26 8.26 8.23 8.23 8.23 8.23 10.74 9.63 8.21 8.21 8.28 8.28 8.28 8.28 8.37 8.37 8.37 8.37 8.34 8.34 8.34 8.34 7.86 7.86 7.86 7.86 7.87 7.87 7.87 7.87 7.95 7.95 10.93 10.93 16.12 9.98 9.98 9.98 9.78 9.78 9.78 9.78 9.73 9.73 9.73 9.73 9.68
8.19 10.74 8.17 8.17 8.17 8.17 8.16 8.16 8.16 8.16 8.15 8.15 8.15 8.15 8.08 8.08 8.08 8.08 9.51 9.52 8.09 8.09 8.12 8.12 8.12 9.55 8.34 8.34 8.34 8.34 8.30 8.30 8.30 8.30 8.24 8.24 8.24 8.24 8.20 8.20 8.20 8.20 8.20 8.20 8.20 8.20 8.30 8.30 8.30 9.74 8.37 8.37 8.37 8.37 8.33 8.33 9.78 8.33 7.84 7.84 7.84 7.84 7.88 7.88 7.88 7.88 7.98 7.98 10.98 10.98 16.38 11.06 10.03 10.03 9.79 9.79 9.79 9.79 9.71 9.71 9.71 9.71 10.58
8.19 8.19 8.17 8.17 8.17 8.17 8.16 8.16 8.16 8.16 9.58 8.15 8.15 8.15 8.08 8.08 8.08 8.08 8.09 8.09 8.09 8.09 8.12 8.12 8.12 8.12 9.80 8.34 8.34 8.34 8.30 8.30 8.30 8.30 8.24 8.24 8.24 8.24 8.20 8.20 8.20 8.20 9.63 8.20 8.20 8.20 8.30 8.30 8.30 8.30 8.37 8.37 8.37 8.37 8.33 8.33 8.33 8.33 7.84 7.84 7.84 7.84 7.88 7.88 7.88 7.88 7.98 7.98 10.98 10.98 7.98 10.03 10.03 10.97 10.70 9.79 9.79 9.79 9.71 9.71 9.71 9.71 9.68
8.19 8.19 8.17 8.17 8.17 8.17 8.16 8.16 8.16 8.16 8.15 8.15 8.15 9.56 8.08 8.08 8.08 8.08 8.09 8.09 8.09 8.09 8.12 10.65 8.12 8.12 8.34 8.34 8.34 8.34 8.30 9.75 9.75 8.30 8.24 9.67 8.24 9.67 8.20 8.20 8.20 8.20 8.20 8.20 8.20 8.20 8.30 8.30 8.30 8.30 8.37 8.37 8.37 8.37 8.33 8.33 8.33 8.33 7.84 7.84 7.84 7.84 7.88 7.88 7.88 7.88 7.98 7.98 10.98 13.55 10.03 10.03 10.03 10.03 9.79 9.79 9.79 9.79 9.71 9.71 9.71 9.71 9.68
8.19 8.19 8.17 9.60 8.17 8.17 8.16 8.16 8.16 8.16 8.14 8.14 9.58 9.56 8.08 8.08 8.08 8.08 10.61 8.09 8.09 8.09 8.12 8.12 9.53 8.12 9.79 8.34 8.34 8.34 8.30 9.73 8.30 8.30 8.24 8.24 8.24 8.24 8.20 8.20 8.20 8.20 8.20 8.20 8.20 8.20 8.30 8.30 8.30 8.30 8.37 8.37 8.37 8.37 9.77 9.78 8.33 8.33 7.84 7.84 7.84 7.84 7.88 7.88 7.88 7.88 7.98 7.98 7.98 7.98 10.03 10.03 10.03 10.03 9.79 9.79 9.79 9.79 9.71 9.71 9.71 9.71 9.68
9.59 8.16 8.13 8.13 8.13 8.13 8.14 8.14 9.57 8.14 8.14 8.14 8.14 8.14 8.08 8.08 8.08 8.08 9.50 8.08 8.08 8.08 8.08 8.08 8.08 11.30 8.31 8.31 8.31 8.31 8.24 9.68 8.24 8.24 8.19 10.34 8.19 8.19 9.68 8.24 8.24 8.24 8.28 8.28 8.28 8.28 8.34 8.34 8.34 8.34 8.38 8.38 8.38 8.38 8.32 8.32 8.32 8.32 7.84 7.84 7.84 7.84 7.92 7.92 7.92 7.92 8.01 8.01 8.01 8.01 10.06 11.10 10.06 10.06 9.83 9.83 9.83 9.83 9.73 9.73 9.73 9.73 9.69
8.16 8.16 8.13 8.13 8.13 8.13 8.14 8.14 8.14 10.99 10.68 8.14 8.14 8.14 9.51 8.08 8.08 8.08 8.08 8.08 9.50 8.08 8.08 8.08 8.08 9.51 9.76 8.31 8.31 8.31 8.24 8.24 8.24 8.24 8.19 8.19 9.62 8.19 8.24 8.24 8.24 8.24 8.28 8.28 8.28 8.28 8.34 8.34 8.34 8.34 8.38 8.38 8.38 8.38 8.32 8.32 8.32 9.63 7.84 7.84 7.84 7.84 7.92 7.92 7.92 9.32 8.01 8.01 8.01 11.11 10.06 10.06 11.10 11.01 11.26 10.75 9.83 9.83 9.73 9.73 9.73 9.73 9.69
8.16 8.16 9.56 8.13 8.13 8.13 8.14 8.14 8.14 8.14 8.14 8.14 8.14 8.14 8.08 8.08 8.08 8.08 9.50 8.08 8.08 8.08 8.08 8.08 8.08 8.08 8.31 9.76 9.76 8.31 8.24 8.24 8.24 8.24 8.19 8.19 8.19 8.19 8.24 8.24 8.24 8.24 8.28 8.28 8.28 8.28 8.34 8.34 8.34 8.34 8.38 8.38 8.38 9.84 8.32 8.32 9.77 8.32 7.84 7.84 7.84 7.84 7.92 7.92 7.92 7.92 8.01 8.01 8.01 10.07 10.06 10.06 10.06 10.06 9.83 9.83 10.75 11.23 10.64 9.73 9.73 9.73 9.69
8.16 9.58 8.13 8.13 8.13 9.54 8.14 8.14 8.14 8.14 8.14 8.14 8.14 8.14 8.08 8.08 8.08 8.08 8.08 8.08 9.49 8.08 8.08 8.08 9.49 8.08 8.31 8.31 8.31 9.74 8.24 8.24 8.24 8.24 8.19 8.19 8.19 8.19 8.24 8.24 8.24 8.24 8.28 8.28 8.28 8.28 8.34 8.34 8.34 8.34 8.38 8.38 8.38 8.38 8.32 9.75 8.32 8.32 10.28 7.84 7.84 7.84 7.92 7.92 7.92 7.92 8.01 8.01 8.01 10.07 10.06 10.06 10.06 10.06 9.83 10.74 9.83 10.74 9.73 10.64 9.73 10.63 9.69
8.12 8.12 8.08 8.08 8.08 8.08 8.09 8.09 8.09 8.09 8.11 8.11 8.11 8.11 8.08 8.08 8.08 8.08 8.06 8.06 8.06 9.47 8.05 8.05 9.47 8.05 9.73 8.28 9.73 8.28 9.64 8.21 8.21 8.21 8.23 8.23 8.23 8.23 8.35 8.35 8.35 8.35 8.38 8.38 8.38 8.38 8.41 8.41 8.41 8.41 8.40 8.40 8.40 8.40 8.29 8.29 8.29 8.29 7.85 7.85 7.85 7.85 7.97 7.97 7.97 7.97 8.03 8.03 12.81 11.35 11.08 10.04 10.04 10.04 9.80 9.80 9.80 9.80 9.71 10.61 10.61 9.71 9.66
8.12 8.12 8.08 9.50 8.08 8.08 8.09 8.09 8.09 8.09 8.11 8.11 8.11 9.54 9.50 8.08 8.08 8.08 8.06 8.06 8.06 9.47 8.05 8.05 8.05 9.47 8.28 8.28 8.28 8.28 8.21 8.21 8.21 8.21 8.23 8.23 8.23 8.23 8.35 8.35 8.35 8.35 8.38 8.38 8.38 8.38 8.41 8.41 8.41 8.41 8.40 8.40 10.60 8.40 8.29 8.29 8.29 8.29 7.85 7.85 7.85 7.85 7.97 7.97 7.97 7.97 8.03 9.44 10.10 10.10 10.04 10.04 11.29 10.04 9.80 9.80 9.80 9.80 9.71 9.71 10.61 9.71 9.66
8.12 8.12 8.08 8.08 8.08 8.08 9.50 8.09 8.09 8.09 8.11 8.11 8.11 8.11 8.08 9.50 8.08 8.08 8.06 8.06 8.06 8.06 8.05 8.05 8.05 8.05 10.79 8.28 8.28 8.28 9.64 8.21 8.21 8.21 8.23 8.23 8.23 8.23 9.77 9.81 8.35 8.35 9.84 8.38 8.38 8.38 8.41 8.41 8.41 9.87 10.98 9.86 9.86 8.40 8.29 8.29 8.29 8.29 7.85 7.85 7.85 7.85 7.97 7.97 7.97 7.97 8.03 8.03 11.36 10.10 10.04 10.04 10.04 10.04 9.80 9.80 9.80 9.80 9.71 9.71 9.71 9.71 9.66
8.12 8.12 8.08 8.08 8.08 8.08 8.09 8.09 8.09 8.09 8.11 8.11 8.11 8.11 8.08 9.49 8.08 8.08 8.06 8.06 8.06 8.06 8.05 8.05 8.05 8.05 8.28 8.28 8.28 8.28 9.64 8.21 8.21 8.21 8.23 9.69 8.23 8.23 8.35 8.35 8.35 8.35 8.38 8.38 8.38 8.38 8.41 8.41 8.41 8.41 8.40 8.40 8.40 8.40 8.29 8.29 8.29 8.29 7.85 7.85 7.85 7.85 7.97 7.97 7.97 7.97 8.03 10.10 10.10 10.10 10.04 10.04 10.04 10.04 10.70 9.80 9.80 10.70 9.71 9.71 9.71 9.71 9.66
8.11 8.11 8.03 8.03 8.03 8.03 8.02 8.02 8.02 8.02 8.07 9.49 8.07 9.49 8.05 8.05 8.05 8.05 8.03 8.03 8.03 8.03 8.02 10.17 8.02 8.02 8.26 9.70 8.26 8.26 8.23 8.23 8.23 10.27 8.29 8.29 8.29 8.29 8.40 8.40 8.40 8.40 8.42 8.42 8.42 8.42 9.89 8.42 9.89 8.42 9.79 8.34 8.34 8.34 8.24 8.24 8.24 8.24 7.91 7.91 7.91 7.91 8.02 8.02 8.02 8.02 8.01 10.06 11.10 10.06 9.95 9.95 9.95 9.95 9.74 9.74 10.65 9.74 9.70 9.70 9.70 9.70 9.64
9.70 8.11 8.03 8.03 8.03 8.03 8.02 8.02 8.02 10.40 8.07 8.07 8.07 8.07 8.05 8.05 8.05 8.05 8.03 8.03 10.17 10.35 10.35 8.02 8.02 8.02 8.26 8.26 8.26 8.26 8.23 8.23 10.43 8.23 8.29 8.29 8.29 8.29 8.40 8.40 8.40 8.40 8.42 8.42 9.88 10.17 8.42 8.42 8.42 8.42 8.34 8.34 8.34 8.34 8.24 8.24 9.67 8.24 7.91 7.91 7.91 7.91 8.02 8.02 8.02 8.02 8.01 14.63 10.06 10.06 9.95 9.95 9.95 9.95 9.74 9.74 10.85 10.64 9.70 10.60 10.60 10.94 10.53
8.61 8.61 8.53 8.53 8.53 8.53 8.52 10.01 8.52 10.01 8.72 8.72 8.72 10.24 10.22 8.70 10.22 11.70 8.67 8.67 11.57 11.57 15.61 10.18 8.66 8.66 9.03 9.03 9.87 9.03 9.00 9.00 10.56 11.59 9.06 9.06 9.06 9.06 12.52 9.18 9.18 10.77 10.74 9.15 9.15 9.15 9.15 9.15 9.15 9.15 9.06 9.06 9.06 9.06 8.96 8.96 8.96 8.96 8.69 8.69 8.69 8.69 8.80 8.80 11.31 10.10 10.97 10.97 11.98 10.97 10.86 10.86 11.85 10.86 10.61 10.61 10.61 10.61 10.57 10.57 10.57 10.57 10.50
10.12 8.61 8.53 8.53 8.53 8.53 8.52 8.52 8.52 8.52 8.72 8.72 8.72 8.72 8.70 8.70 8.70 9.58 8.67 12.63 12.63 11.57 9.35 8.66 8.66 8.66 11.08 9.48 13.42 13.42 12.28 9.00 9.00 9.00 9.06 9.06 9.06 10.65 9.18 9.18 9.18 9.18 9.15 9.15 9.15 9.15 9.15 9.15 10.75 9.15 9.06 9.06 9.06 9.06 8.96 10.54 8.96 8.96 8.69 8.69 8.69 10.23 10.33 10.34 10.34 8.80 10.97 10.97 10.97 10.97 10.86 12.01 10.86 10.86 10.61 10.61 10.61 10.61 10.57 10.57 10.57 10.57 10.50
8.59 8.59 8.52 8.52 8.52 8.52 8.50 8.50 8.50 8.50 8.69 8.69 8.69 8.69 8.68 8.68 11.11 8.68 8.65 12.05 12.63 12.86 11.57 8.66 8.66 9.30 9.06 13.42 13.42 13.42 12.28 11.63 12.28 9.06 9.10 9.10 9.10 9.10 9.18 9.18 9.18 9.18 9.14 10.74 9.14 9.14 9.11 9.11 9.11 9.11 8.99 8.99 8.99 8.99 8.99 8.99 8.99 8.99 8.75 8.75 8.75 8.75 8.79 8.79 8.79 8.79 10.90 10.90 10.90 10.90 10.80 10.80 10.80 10.80 10.60 10.60 10.60 10.60 10.55 10.55 10.55 10.55 11.07
8.59 10.06 8.52 8.52 8.52 8.52 8.50 8.50 8.50 8.50 8.69 8.69 8.69 8.69 8.68 8.68 11.57 11.57 11.18 14.17 13.08 12.57 12.86 12.63 12.06 8.66 13.62 14.68 13.42 13.42 12.28 11.85 12.50 11.64 9.10 9.10 9.10 9.10 9.18 9.18 9.18 10.78 9.14 9.14 9.14 9.14 9.11 9.11 9.11 9.11 8.99 8.99 8.99 8.99 8.99 8.99 8.99 8.99 8.75 8.75 8.75 8.75 8.79 8.79 8.79 12.51 11.90 10.90 10.90 10.90 10.80 10.80 10.80 10.80 10.60 10.60 10.60 10.60 10.55 10.55 10.55 10.55 11.07
8.59 10.06 8.52 8.52 8.52 8.52 8.50 8.50 8.50 8.50 8.69 8.69 8.69 8.69 11.57 14.78 14.45 12.63 12.65 12.88 12.79 12.94 12.63 12.63 12.06 12.63 13.42 13.42 13.42 13.42 13.42 12.50 12.50 11.82 9.10 9.10 9.10 9.10 9.18 9.18 9.18 9.18 9.14 9.14 9.14 9.14 9.11 9.11 10.70 9.11 8.99 10.56 10.56 8.99 8.99 8.99 8.99 8.99 8.75 8.75 8.75 8.75 8.79 8.79 8.79 14.98 10.90 10.90 10.90 10.90 10.80 10.80 10.80 10.80 10.60 10.60 10.60 10.60 10.55 10.55 10.55 10.55 10.43
8.59 8.59 8.52 8.52 8.52 8.52 8.50 8.50 8.50 8.50 8.69 8.69 8.69 19.81 11.57 11.57 12.63 12.63 14.31 3.13 12.86 12.94 12.95 12.06 12.06 12.95 13.42 13.42 13.42 13.42 13.42 13.42 12.50 11.64 9.10 9.10 9.10 9.10 9.18 9.18 9.18 9.18 9.14 9.14 9.14 9.14 9.11 9.11 9.11 9.11 8.99 8.99 8.99 8.99 8.99 8.99 8.99 8.99 8.75 8.75 8.75 8.75 8.79 8.79 11.58 10.97 10.90 10.90 11.90 10.90 10.80 10.80 11.96 10.80 10.60 10.60 10.60 10.60 10.55 10.55 10.55 10.55 10.43
8.53 8.53 8.53 8.53 8.53 8.53 8.53 8.53 8.53 10.08 8.70 8.70 8.70 11.57 11.57 11.57 12.63 12.86 16.94 8.01 12.86 12.63 12.63 12.63 12.63 12.63 13.42 13.42 13.42 13.17 10.92 10.92 12.78 9.11 9.15 9.15 9.15 9.15 9.20 9.20 9.20 9.20 9.09 9.09 9.09 9.09 9.01 10.58 9.01 9.01 10.55 8.98 8.98 8.98 9.08 9.08 9.08 9.08 8.76 8.76 8.76 8.76 11.43 10.26 10.87 10.87 10.80 10.80 10.80 10.80 11.96 8.00 10.81 10.81 10.62 11.27 10.62 10.62 10.53 10.53 10.53 10.53 10.35
8.53 8.53 8.53 8.53 8.53 8.53 8.53 8.53 8.53 8.53 8.70 8.70 8.70 8.70 11.57 11.57 12.63 12.86 16.71 12.63 12.65 12.63 12.63 12.63 12.63 12.63 13.42 13.42 13.17 13.17 10.92 12.78 12.78 9.11 9.15 9.15 9.15 9.15 9.20 9.20 9.20 9.20 10.70 9.09 9.09 9.09 9.01 9.01 9.01 9.01 8.98 8.98 8.98 8.98 9.08 9.08 9.08 9.08 8.76 8.76 10.29 10.29 10.26 8.73 10.87 10.87 10.80 10.80 10.80 10.80 10.81 10.81 10.81 11.79 10.62 10.62 10.62 10.62 10.53 11.49 11.17 10.53 10.35
9.82 8.53 8.53 8.53 8.53 8.53 8.53 8.53 8.53 8.53 8.70 8.70 13.86 12.63 13.79 12.63 12.63 13.08 15.79 12.86 12.95 12.95 12.63 12.63 12.63 12.34 13.17 16.80 13.17 13.17 12.78 10.92 12.78 9.11 9.15 9.15 9.15 9.15 9.20 9.20 9.20 9.20 9.09 9.09 9.09 9.09 9.01 9.01 9.01 9.01 8.98 8.98 8.98 8.98 9.08 9.08 9.08 9.08 10.40 8.76 8.76 8.76 8.73 8.73 10.87 10.87 10.80 10.80 10.80 10.80 10.81 10.81 10.81 10.81 10.62 10.62 10.62 10.62 10.53 11.17 11.17 10.53 10.35
8.57 9.74 10.32 8.91 8.91 8.53 8.53 10.02 8.53 11.88 10.22 12.13 13.79 12.63 12.63 13.90 12.65 14.47 16.65 12.88 12.63 10.32 15.33 12.13 14.16 12.34 13.17 16.80 13.17 12.77 12.78 12.78 9.11 9.11 9.15 9.15 9.15 9.15 9.20 9.20 11.74 9.20 9.09 9.09 9.09 9.09 9.01 9.01 9.01 9.01 8.98 8.98 8.98 8.98 9.08 9.08 9.08 9.08 8.76 8.76 8.76 8.76 8.73 10.87 10.87 10.87 10.80 10.80 10.80 10.80 10.81 13.76 11.96 10.81 10.62 10.62 10.62 10.62 10.53 10.53 10.53 10.53 10.97
8.89 9.72 9.74 8.90 8.90 8.90 9.82 9.82 8.53 8.53 8.71 8.71 12.14 12.63 12.63 12.88 11.71 16.42 12.86 12.63 12.63 10.32 10.32 12.17 12.34 12.34 16.80 16.80 13.17 13.69 15.15 15.27 9.13 9.13 9.14 9.14 9.14 9.14 10.73 9.14 9.14 11.70 9.00 9.00 9.00 9.00 13.56 13.21 12.08 8.97 9.02 9.02 9.02 9.02 10.61 9.04 9.04 9.04 8.67 8.67 8.67 8.67 8.64 10.73 10.73 10.73 10.73 10.73 10.73 10.73 11.92 10.77 10.77 10.77 11.25 11.25 10.60 10.60 10.48 10.48 10.48 10.48 10.30
8.89 8.89 8.90 8.90 8.90 8.90 8.57 8.57 8.57 8.57 8.77 8.77 8.71 12.14 12.63 12.86 10.04 13.22 12.63 12.63 12.63 12.65 12.17 12.17 12.17 12.34 16.80 13.17 13.40 13.42 13.70 13.42 9.58 12.28 12.83 9.14 9.14 9.14 9.14 9.14 13.37 11.70 9.00 9.00 12.62 12.62 13.21 13.21 12.08 8.97 9.02 9.02 9.02 9.02 9.04 9.04 9.04 9.04 8.67 8.67 8.67 8.67 11.88 10.73 10.73 11.88 10.73 10.73 10.73 10.73 10.77 10.77 10.77 10.77 10.60 10.60 10.60 10.60 10.48 10.48 10.48 10.48 10.30
