New_Model_Runs/5_FutureClimate_BASE_out/post_prcessed_with_MFR/Monthly_summaries/net_infiltration_monthly_AUG.asc
NCOLS 700
NROWS 400
XLLCENTER 515000.000000
YLLCENTER 8409000.000000
CELLSIZE 50.000000
NODATA_value -999.000000
[rows 190 to 227 of 400, columns 168 to 251 of 700]
4.26 4.26 2.66 2.66 2.66 4.26 4.26 4.26 4.28 4.28 4.12 4.12 4.17 4.06 4.06 4.06 4.06 4.06 4.06 4.06 4.08 4.14 4.20 4.08 4.33 4.33 4.33 4.45 4.28 4.28 4.28 4.28 4.35 4.23 4.23 4.23 4.23 4.23 4.23 4.23 4.58 4.58 4.58 4.58 4.62 4.62 4.62 4.62 4.67 4.67 4.67 4.87 4.65 4.65 4.65 4.43 4.67 4.67 4.67 4.67 4.49 4.49 4.49 4.88 4.93 4.93 4.56 4.53 4.52 4.52 4.52 4.10 4.37 4.37 4.37 4.37 4.33 4.33 4.33 4.62 4.60 4.60 4.60 4.60
4.26 4.26 4.26 3.84 4.26 4.26 4.26 4.26 4.28 4.12 4.12 4.12 4.06 4.17 4.06 4.06 4.06 4.17 4.06 4.06 4.08 4.08 4.08 4.08 4.33 4.33 4.33 4.33 4.28 4.28 4.28 4.28 4.23 4.34 4.23 4.23 4.23 4.35 4.34 4.23 4.58 4.58 4.58 4.58 4.62 4.62 4.62 4.62 4.67 4.67 4.67 4.87 4.42 4.65 4.65 4.65 4.67 4.67 4.67 4.67 4.49 4.49 4.49 4.49 4.93 4.93 4.93 4.53 4.52 4.52 4.52 4.10 4.37 4.37 4.46 4.37 4.40 4.33 4.71 4.62 4.60 4.60 4.60 4.60
4.27 4.27 4.27 3.84 4.24 4.24 4.24 4.24 4.10 4.10 4.10 4.10 4.04 4.15 4.04 4.04 4.06 4.06 4.06 4.06 4.08 4.08 4.08 4.08 4.32 4.32 4.32 4.32 4.41 4.29 4.29 4.29 4.24 4.24 4.24 4.24 4.21 4.33 4.21 4.21 4.54 4.67 4.67 4.54 4.60 4.60 4.60 4.60 4.68 4.68 4.89 4.89 4.43 4.43 4.66 4.58 4.65 4.65 4.65 4.65 4.67 4.43 4.67 4.67 4.52 4.91 4.91 4.91 4.53 4.53 4.11 4.11 4.36 4.36 4.43 4.43 4.33 4.33 4.33 4.61 4.59 4.59 4.59 4.59
4.27 4.27 4.11 4.27 4.82 4.09 4.09 4.09 4.10 4.10 4.10 4.10 4.04 4.04 4.04 4.04 4.06 4.06 4.06 4.06 4.08 4.08 4.08 4.08 4.32 4.32 4.32 4.32 4.29 4.29 4.29 4.29 4.24 4.24 4.24 4.24 4.21 4.21 4.21 4.21 4.54 4.54 4.54 4.54 4.60 4.60 4.60 4.60 4.68 4.68 4.68 4.68 5.27 4.66 4.66 4.66 4.65 4.65 4.65 4.65 4.78 4.67 4.67 4.67 4.52 4.52 4.91 4.91 4.53 4.53 4.17 4.11 4.36 4.36 4.36 4.36 4.33 4.70 4.33 4.33 4.59 4.59 4.59 4.59
6.18 5.21 5.21 5.21 5.29 5.19 5.19 5.19 5.19 5.19 5.19 5.19 5.31 5.31 5.31 5.31 5.33 6.16 5.33 5.33 5.35 5.45 5.35 5.35 5.42 5.42 5.42 5.42 5.38 5.74 5.74 5.38 5.51 5.51 5.51 5.51 5.48 5.98 5.48 5.48 5.49 5.74 5.49 5.49 5.56 5.56 5.56 5.56 5.46 5.46 5.46 5.97 6.13 6.13 5.62 5.62 5.40 5.40 5.40 5.40 5.42 5.42 5.42 5.42 5.49 5.49 6.12 6.12 5.51 5.51 4.88 4.88 4.92 4.92 4.92 4.92 4.89 4.89 5.10 4.89 5.10 5.10 5.10 5.10
5.21 5.21 5.21 5.21 5.19 5.29 5.19 5.19 5.19 5.19 5.19 5.19 5.31 5.31 5.31 5.31 5.33 5.33 5.33 5.33 5.35 5.35 5.35 5.35 5.42 5.42 5.42 5.42 5.38 5.38 5.38 5.38 5.51 6.02 5.51 5.51 5.48 5.48 5.48 5.48 5.98 5.74 5.49 5.49 5.56 5.56 5.56 5.56 5.46 5.46 5.46 5.46 5.62 5.62 5.62 5.62 5.40 5.40 5.40 5.40 5.42 5.42 5.42 5.42 5.49 5.49 6.12 6.12 7.22 4.88 4.88 4.88 4.92 4.92 4.92 4.92 4.89 4.89 4.89 4.89 4.86 5.10 5.10 5.10
5.19 5.19 5.19 5.19 5.17 5.17 5.17 5.17 5.19 5.19 5.19 5.19 5.30 5.30 5.30 5.30 5.42 5.42 5.31 5.31 5.34 5.34 5.34 5.44 5.40 5.40 5.40 5.40 5.36 5.36 5.36 5.36 5.49 5.49 5.49 5.49 5.45 5.45 5.45 5.45 5.49 5.49 5.49 5.49 5.58 5.58 5.58 5.83 5.46 5.46 5.46 5.46 5.60 5.60 5.86 5.60 5.38 5.38 5.38 5.38 5.43 5.43 5.43 5.43 5.52 5.52 6.16 6.16 6.74 5.12 4.90 4.90 4.93 4.93 4.93 4.93 4.87 4.87 4.87 4.87 5.07 5.40 5.10 5.65
5.19 5.19 5.19 5.19 5.17 5.17 5.17 5.17 5.54 5.19 5.19 5.19 5.30 5.30 5.30 5.30 5.31 5.31 5.31 5.31 5.34 5.34 5.34 5.34 5.77 5.40 5.40 5.40 5.36 5.36 5.36 5.36 5.49 5.49 5.49 5.49 5.45 5.45 5.45 5.45 5.74 5.49 5.49 5.49 5.58 5.58 5.58 5.58 5.46 5.46 5.46 5.46 5.60 5.60 5.60 5.60 5.38 5.38 5.38 5.38 5.43 5.43 5.43 5.43 5.52 5.52 6.16 6.16 5.53 4.90 4.90 5.12 5.14 4.93 4.93 4.93 4.87 4.87 4.87 4.87 4.86 5.10 5.10 5.10
5.19 5.19 5.19 5.19 5.17 5.17 5.17 5.17 5.19 5.19 5.19 5.46 5.30 5.30 5.30 5.30 5.31 5.31 5.31 5.31 5.34 5.82 5.34 5.34 5.40 5.40 5.40 5.40 5.36 5.72 5.72 5.36 5.49 5.74 5.49 5.74 5.45 5.45 5.45 5.45 5.49 5.49 5.49 5.49 5.58 5.58 5.58 5.58 5.46 5.46 5.46 5.46 5.60 5.60 5.60 5.60 5.38 5.38 5.38 5.38 5.43 5.43 5.43 5.43 5.52 5.52 6.16 6.29 4.90 4.90 4.90 4.90 4.93 4.93 4.93 4.93 4.87 4.87 4.87 4.87 4.86 4.86 5.10 5.10
5.19 5.28 5.19 5.19 5.17 5.17 5.17 5.17 5.19 5.19 5.54 5.46 5.30 5.30 5.30 5.30 5.79 5.31 5.31 5.31 5.34 5.34 5.44 5.34 5.76 5.40 5.40 5.40 5.36 5.65 5.36 5.36 5.49 5.49 5.49 5.49 5.45 5.45 5.45 5.45 5.49 5.49 5.49 5.49 5.58 5.58 5.58 5.58 5.46 5.46 5.46 5.46 5.86 5.86 5.60 5.60 5.38 5.38 5.38 5.38 5.43 5.43 5.43 5.43 5.52 5.52 5.52 5.52 4.90 4.90 4.90 4.90 4.93 4.93 4.93 4.93 4.87 4.87 4.87 4.87 4.86 4.86 5.10 5.10
5.15 5.15 5.15 5.15 5.15 5.15 5.25 5.15 5.18 5.18 5.18 5.18 5.30 5.30 5.30 5.30 5.40 5.30 5.30 5.30 5.31 5.31 5.31 5.39 5.38 5.38 5.38 5.38 5.50 5.75 5.50 5.50 5.44 5.75 5.44 5.44 5.74 5.49 5.49 5.49 5.56 5.56 5.56 5.56 5.62 5.62 5.62 5.62 5.46 5.46 5.46 5.46 5.60 5.60 5.60 5.60 5.38 5.38 5.38 5.38 5.47 5.47 5.47 5.47 5.56 5.56 5.56 5.56 4.92 5.14 4.92 4.92 4.95 4.95 4.95 4.95 4.89 4.89 4.89 4.89 4.86 4.86 4.86 5.11
5.15 5.15 5.15 5.15 5.15 5.15 5.15 5.24 5.23 5.18 5.18 5.18 5.41 5.30 5.30 5.30 5.30 5.30 5.40 5.30 5.31 5.31 5.31 5.41 5.74 5.38 5.38 5.38 5.50 5.50 5.50 5.50 5.44 5.44 5.69 5.44 5.49 5.49 5.49 5.49 5.56 5.56 5.56 5.56 5.62 5.62 5.62 5.62 5.46 5.46 5.46 5.46 5.60 5.60 5.60 5.84 5.38 5.38 5.38 5.38 5.47 5.47 5.47 5.73 5.56 5.56 5.56 5.15 4.92 4.92 5.14 5.14 5.49 5.17 4.95 4.95 4.89 4.89 4.89 4.89 4.86 4.86 4.86 5.11
5.24 5.15 5.15 5.15 5.15 5.15 5.15 5.15 5.18 5.18 5.18 5.18 5.30 5.30 5.30 5.30 5.40 5.30 5.30 5.30 5.31 5.31 5.31 5.31 5.38 5.74 5.74 5.38 5.50 5.50 5.50 5.50 5.44 5.44 5.44 5.44 5.49 5.49 5.49 5.49 5.56 5.56 5.56 5.56 5.62 5.62 5.62 5.62 5.46 5.46 5.46 5.98 5.60 5.60 5.85 5.60 5.38 5.38 5.38 5.38 5.47 5.47 5.47 5.47 5.56 5.56 5.56 4.93 4.92 4.92 4.92 4.92 4.95 4.95 5.17 5.48 5.11 4.89 4.89 4.89 4.86 4.86 4.86 5.11
5.15 5.15 5.15 5.23 5.15 5.15 5.15 5.15 5.18 5.18 5.18 5.18 5.30 5.30 5.30 5.30 5.30 5.30 5.54 5.30 5.31 5.31 5.54 5.31 5.38 5.38 5.38 5.66 5.50 5.50 5.50 5.50 5.44 5.44 5.44 5.44 5.49 5.49 5.49 5.49 5.56 5.56 5.56 5.56 5.62 5.62 5.62 5.62 5.46 5.46 5.46 5.46 5.60 5.85 5.60 5.60 5.88 5.38 5.38 5.38 5.47 5.47 5.47 5.47 5.56 5.56 5.56 4.93 4.92 4.92 4.92 4.92 4.95 5.17 4.95 5.17 4.89 5.11 4.89 5.10 4.86 5.08 4.86 4.86
5.10 5.10 5.10 5.10 5.10 5.10 5.10 5.10 5.33 5.33 5.33 5.33 5.30 5.30 5.30 5.30 5.28 5.28 5.28 5.52 5.28 5.28 5.51 5.28 5.71 5.35 5.71 5.35 5.71 5.46 5.46 5.46 5.48 5.48 5.48 5.48 5.41 5.41 5.41 5.41 5.47 5.47 5.47 5.47 5.49 5.49 5.49 5.49 5.48 5.48 5.48 5.48 5.56 5.56 5.56 5.56 5.39 5.39 5.39 5.39 5.52 5.52 5.52 5.52 5.57 5.57 5.61 5.37 5.13 4.91 4.91 4.91 4.93 4.93 4.93 4.93 4.88 5.09 5.09 4.88 4.85 4.85 4.85 5.46
5.10 5.31 5.10 5.10 5.10 5.10 5.10 5.10 5.33 5.33 5.33 5.44 5.54 5.30 5.30 5.30 5.28 5.28 5.28 5.52 5.28 5.28 5.28 5.51 5.35 5.35 5.35 5.35 5.46 5.46 5.46 5.46 5.48 5.48 5.48 5.48 5.41 5.41 5.41 5.41 5.47 5.47 5.47 5.47 5.49 5.49 5.49 5.49 5.48 5.48 5.33 5.48 5.56 5.56 5.56 5.56 5.39 5.39 5.39 5.39 5.52 5.52 5.52 5.52 5.57 5.84 4.95 4.95 4.91 4.91 5.34 4.91 4.93 4.93 4.93 4.93 4.88 4.88 5.09 4.88 4.85 4.85 4.85 5.06
5.10 5.10 5.10 5.10 5.32 5.10 5.10 5.10 5.33 5.33 5.33 5.33 5.30 5.54 5.30 5.30 5.28 5.28 5.28 5.28 5.28 5.28 5.28 5.28 5.33 5.35 5.35 5.35 5.71 5.46 5.46 5.46 5.48 5.48 5.48 5.48 5.69 5.78 5.41 5.41 5.83 5.47 5.47 5.47 5.49 5.49 5.49 5.86 5.54 6.00 6.00 5.48 5.56 5.56 5.56 5.56 5.39 5.39 5.39 5.39 5.52 5.52 5.52 5.52 5.57 5.57 5.38 4.95 4.91 4.91 4.91 4.91 4.93 4.93 4.93 4.93 4.88 4.88 4.88 4.88 4.85 4.85 4.85 4.85
5.10 5.10 5.10 5.10 5.10 5.10 5.10 5.10 5.33 5.33 5.33 5.33 5.30 5.53 5.30 5.30 5.28 5.28 5.28 5.28 5.28 5.28 5.28 5.28 5.35 5.35 5.35 5.35 5.71 5.46 5.46 5.46 5.48 5.81 5.48 5.48 5.41 5.41 5.41 5.41 5.47 5.47 5.47 5.47 5.49 5.49 5.49 5.49 5.48 5.48 5.48 5.48 5.56 5.56 5.56 5.56 5.39 5.39 5.39 5.39 5.52 5.52 5.52 5.52 5.57 4.95 4.95 4.95 4.91 4.91 4.91 4.91 5.14 4.93 4.93 5.14 4.88 4.88 4.88 4.88 4.85 4.85 4.85 4.85
5.05 5.05 5.05 5.05 5.04 5.04 5.04 5.04 5.29 5.53 5.29 5.53 5.28 5.28 5.28 5.28 5.25 5.25 5.25 5.25 5.25 5.33 5.25 5.25 5.51 5.77 5.51 5.51 5.49 5.49 5.49 4.34 5.36 5.36 5.36 5.36 5.45 5.45 5.45 5.45 5.50 5.50 5.50 5.50 5.87 5.50 5.87 5.50 5.87 5.61 5.61 5.61 5.52 5.52 5.52 5.52 5.45 5.45 5.45 5.45 5.56 5.56 5.56 5.56 5.55 4.93 5.14 4.93 4.86 4.86 4.86 4.86 4.90 4.90 5.11 4.90 4.87 4.87 4.87 4.87 4.83 4.83 4.83 4.83
5.05 5.05 5.05 5.05 5.04 5.04 5.04 5.22 5.29 5.29 5.29 5.29 5.28 5.28 5.28 5.28 5.25 5.25 5.33 4.46 4.46 5.25 5.25 5.25 5.51 5.51 5.51 5.51 5.49 5.49 5.47 5.49 5.36 5.36 5.36 5.36 5.45 5.45 5.45 5.45 5.50 5.50 5.87 5.40 5.50 5.50 5.50 5.50 5.61 5.61 5.61 5.61 5.52 5.52 5.77 5.52 5.45 5.45 5.45 5.45 5.56 5.56 5.56 5.56 5.55 6.18 4.93 4.93 4.86 4.86 4.86 4.86 4.90 4.90 5.15 5.11 4.87 5.08 5.08 5.32 5.04 4.83 4.83 4.83
6.04 6.04 6.04 6.04 6.03 5.72 6.03 5.72 6.36 6.36 6.36 6.03 6.01 6.34 6.01 6.66 6.31 6.31 5.71 5.71 7.26 5.98 6.30 6.30 6.56 6.56 6.02 6.56 6.54 6.54 6.20 6.69 6.60 6.60 6.60 6.60 7.12 6.02 6.02 6.49 6.20 6.54 6.54 6.54 6.54 6.54 6.54 6.54 6.46 6.46 6.46 6.46 6.36 6.36 6.36 6.36 6.12 6.12 6.12 6.12 6.23 6.23 6.17 5.73 5.87 5.87 6.13 5.87 5.79 5.79 6.05 5.79 5.44 5.44 5.44 5.44 5.41 5.41 5.41 5.41 5.37 5.61 5.37 5.37
6.04 6.04 6.04 6.04 6.03 6.03 6.03 6.03 6.36 6.36 6.36 6.36 6.34 6.34 6.34 5.71 6.31 6.17 6.17 5.71 5.75 6.30 6.30 6.30 6.53 6.08 6.58 6.58 6.12 6.54 6.54 6.54 6.60 6.60 6.60 6.27 6.02 6.02 6.02 6.02 6.54 6.54 6.54 6.54 6.54 6.54 6.20 6.54 6.46 6.46 6.46 6.46 6.36 6.04 6.36 6.36 6.12 6.12 6.12 5.81 5.90 5.91 5.91 6.23 5.87 5.87 5.87 5.87 5.79 6.04 5.79 5.79 5.44 5.44 5.44 5.44 5.41 5.41 5.41 5.41 5.37 5.37 5.37 5.37
6.03 6.03 6.03 6.03 6.01 6.01 6.01 6.01 6.33 6.33 6.33 6.33 6.32 6.32 6.89 6.32 6.29 7.25 6.17 6.40 5.71 6.30 6.30 5.61 6.59 6.58 6.58 6.58 6.12 5.54 6.12 6.60 6.63 6.63 6.63 6.63 6.03 6.03 6.03 6.03 6.53 6.19 6.53 6.53 6.50 6.50 6.50 6.50 6.39 6.39 6.39 6.39 6.39 6.39 6.39 6.39 6.18 6.18 6.18 6.18 6.22 6.22 6.22 6.22 5.82 5.82 5.82 5.82 5.75 5.75 5.75 5.75 5.43 5.43 5.43 5.43 5.40 5.40 5.40 5.40 5.56 5.33 5.33 5.33
6.03 6.03 6.03 6.03 6.01 6.01 6.01 6.01 6.33 6.33 6.33 6.33 6.32 6.32 5.71 5.71 5.68 6.82 6.62 5.97 6.40 6.17 7.26 6.30 7.31 6.98 6.58 6.58 6.12 5.77 6.35 6.72 6.63 6.63 6.63 6.63 6.03 6.03 6.03 6.50 6.53 6.53 6.53 6.53 6.50 6.50 6.50 6.50 6.39 6.39 6.39 6.39 6.39 6.39 6.39 6.39 6.18 6.18 6.18 6.18 6.22 6.22 6.22 6.20 6.08 5.82 5.82 5.82 5.75 5.75 5.75 5.75 5.43 5.43 5.43 5.43 5.40 5.40 5.40 5.40 5.56 5.33 5.33 5.33
6.03 6.03 6.03 6.03 6.01 6.01 6.01 6.01 6.33 6.33 6.33 6.33 5.71 6.55 6.78 6.17 6.21 6.43 6.20 7.25 6.17 6.17 7.26 6.17 6.58 6.58 6.58 6.58 6.58 6.35 6.35 6.09 6.63 6.63 6.63 6.63 6.03 6.03 6.03 6.03 6.53 6.53 6.53 6.53 6.50 6.50 6.16 6.50 6.39 6.06 6.06 6.39 6.39 6.39 6.39 6.39 6.18 6.18 6.18 6.18 6.22 6.22 6.22 6.50 5.82 5.82 5.82 5.82 5.75 5.75 5.75 5.75 5.43 5.43 5.43 5.43 5.40 5.40 5.40 5.40 5.33 5.33 5.33 5.33
6.03 6.03 6.03 6.03 6.01 6.01 6.01 6.01 6.33 6.33 6.33 8.04 5.71 5.71 6.17 6.17 7.20 1.89 6.40 7.25 7.26 7.26 7.26 7.26 6.58 6.58 6.58 6.58 6.58 6.58 6.35 6.72 6.63 6.63 6.63 6.63 6.03 6.03 6.03 6.03 6.53 6.53 6.53 6.53 6.50 6.50 6.50 6.50 6.39 6.39 6.39 6.39 6.39 6.39 6.39 6.39 6.18 6.18 6.18 6.18 6.22 6.22 6.09 5.87 5.82 5.82 6.08 5.82 5.75 5.75 6.01 5.75 5.43 5.43 5.43 5.43 5.40 5.40 5.40 5.40 5.33 5.33 5.33 5.33
6.04 6.04 6.04 6.04 6.04 6.04 6.04 5.78 6.34 6.34 6.34 5.71 5.71 5.71 6.17 6.40 10.48 6.03 6.40 6.17 6.17 6.17 6.17 6.17 6.58 6.58 6.58 6.17 5.69 5.69 7.25 5.97 6.00 6.00 6.00 6.00 6.04 6.04 6.04 6.04 6.48 6.48 6.48 6.48 6.40 6.07 6.40 6.40 6.05 6.38 6.38 6.38 6.47 6.47 6.47 6.47 6.19 6.19 6.19 6.19 6.25 5.84 5.80 5.80 5.76 5.76 5.76 5.76 6.01 4.95 5.76 5.76 5.45 5.68 5.45 5.45 5.39 5.39 5.39 5.39 5.27 5.27 5.27 5.73
6.04 6.04 6.04 6.04 6.04 6.04 6.04 6.04 6.34 6.34 6.34 6.34 5.71 5.71 6.17 6.40 10.25 6.17 6.21 6.17 6.17 6.17 6.17 6.17 6.58 6.58 6.17 6.17 5.69 7.25 7.25 5.97 6.00 6.00 6.00 6.00 6.04 6.04 6.04 6.04 6.32 6.48 6.48 6.48 6.40 6.40 6.40 6.40 6.38 6.38 6.38 6.38 6.47 6.47 6.47 6.47 6.19 6.19 5.87 5.87 5.84 6.16 5.80 5.80 5.76 5.76 5.76 5.76 5.76 5.76 5.76 5.99 5.45 5.45 5.45 5.45 5.39 5.76 5.62 5.39 5.27 5.50 5.27 5.27
6.04 6.04 6.04 6.04 6.04 6.04 6.04 6.04 6.34 6.34 7.41 6.17 6.54 6.17 6.17 6.62 9.78 6.40 7.26 7.26 6.17 6.17 6.17 5.75 6.17 9.80 6.17 6.17 7.25 5.69 7.25 5.97 6.00 6.00 6.00 6.00 6.04 6.04 6.04 6.04 6.48 6.48 6.48 6.48 6.40 6.40 6.40 6.40 6.38 6.38 6.38 6.38 6.47 6.47 6.47 6.47 5.91 6.19 6.19 6.19 6.16 6.16 5.80 5.80 5.76 5.76 5.76 5.76 5.76 5.76 5.76 5.76 5.45 5.45 5.45 5.45 5.39 5.62 5.62 5.39 5.27 5.27 5.27 5.27
6.52 6.30 6.30 6.04 6.04 5.73 6.04 6.55 6.01 7.31 6.54 6.17 6.17 6.61 6.21 7.22 10.05 6.43 6.17 5.29 7.14 7.31 6.00 5.75 6.17 9.80 6.17 7.24 7.25 7.25 5.97 5.97 6.00 6.00 6.00 6.00 6.04 6.04 6.80 6.04 6.48 6.48 6.48 6.48 6.40 6.40 6.40 6.40 6.38 6.38 6.38 6.38 6.47 6.47 6.47 6.47 6.19 6.19 6.19 6.19 6.16 5.80 5.80 5.80 5.76 5.76 5.76 5.76 5.76 6.60 6.01 5.76 5.45 5.45 5.45 5.45 5.39 5.39 5.39 5.39 5.50 5.27 5.27 5.27
6.48 6.29 6.29 6.29 6.49 6.49 6.04 6.04 6.35 6.35 7.32 6.17 6.17 6.43 5.70 9.83 6.40 6.17 6.17 5.29 5.29 7.34 5.75 5.75 9.80 9.80 6.17 7.36 7.92 7.99 5.99 5.99 6.00 6.00 6.00 6.00 6.46 6.00 6.00 6.77 6.40 6.40 6.40 6.40 7.20 6.30 5.87 6.37 6.41 6.41 6.41 6.41 6.10 6.44 6.44 6.44 6.10 6.10 6.10 6.10 6.08 5.71 5.71 5.71 5.71 5.71 5.71 5.71 5.99 5.74 5.74 5.74 5.67 5.67 5.43 5.43 5.35 5.35 5.35 5.35 5.25 5.25 5.25 5.25
6.29 6.29 6.29 6.29 6.30 6.30 6.30 6.30 6.70 6.70 6.35 7.32 6.17 6.40 5.94 9.11 6.17 6.17 6.17 6.21 7.34 7.34 7.34 5.75 9.80 6.17 6.63 6.58 7.36 6.58 6.16 6.12 7.29 6.00 6.00 6.00 6.00 6.00 7.18 6.77 6.40 6.40 7.38 7.38 6.30 6.30 5.87 6.37 6.41 6.41 6.41 6.41 6.44 6.44 6.44 6.44 6.10 6.10 6.10 6.10 5.96 5.71 5.71 5.96 5.71 5.71 5.71 5.71 5.74 5.74 5.74 5.74 5.43 5.43 5.43 5.43 5.35 5.35 5.35 5.35 5.25 5.25 5.47 5.25
6.29 6.29 6.29 6.29 6.30 6.30 6.49 6.30 6.70 6.70 6.70 6.96 6.75 6.57 6.16 9.56 6.17 6.17 6.17 6.21 6.21 7.34 6.17 6.17 10.21 6.40 6.81 6.99 7.27 6.58 6.58 7.27 7.29 7.29 7.29 6.98 6.77 6.17 6.77 6.77 6.40 6.30 6.58 6.30 6.30 6.30 5.87 6.37 6.41 6.41 6.41 6.41 6.44 6.44 6.44 6.44 6.10 6.10 6.10 5.79 5.71 5.96 5.71 6.48 5.71 5.71 5.96 4.85 4.95 5.74 5.74 5.74 5.43 5.43 5.43 5.66 5.35 5.35 5.35 5.35 5.25 5.25 5.25 5.25
6.29 6.52 6.29 6.29 6.49 6.30 6.30 6.30 6.70 6.70 6.70 6.34 6.35 6.57 6.45 9.85 6.57 6.17 6.17 6.17 6.21 6.17 6.17 10.17 10.03 6.58 6.81 6.58 7.12 6.58 6.58 7.36 6.58 6.58 7.29 6.99 6.58 6.58 6.99 6.58 6.58 6.30 6.30 6.30 6.30 6.30 6.37 6.37 6.07 6.49 6.07 6.07 6.44 6.44 6.44 6.44 6.10 6.10 6.10 6.10 5.71 5.71 5.71 4.95 4.95 4.95 4.95 4.95 4.95 4.95 4.95 4.95 4.83 4.83 5.43 5.43 5.35 5.35 5.35 5.35 5.47 5.25 5.25 5.25
6.49 6.49 6.49 6.27 6.29 6.29 6.29 6.29 6.93 6.71 6.97 6.97 6.34 6.57 6.24 10.09 6.79 6.34 6.34 6.34 6.34 6.17 6.55 9.34 6.11 6.58 6.99 6.58 7.25 7.25 7.04 6.63 7.34 6.58 6.58 6.58 6.58 6.58 6.58 6.58 6.30 6.30 6.30 6.30 7.35 7.35 6.37 5.85 6.35 6.35 6.35 6.35 6.34 6.34 6.34 5.83 6.03 6.03 6.03 5.66 5.92 5.68 5.68 4.95 4.95 4.95 4.95 4.95 4.95 4.95 4.95 4.95 5.42 5.42 5.42 5.42 5.57 5.33 5.33 6.19 5.51 5.51 5.28 5.28
6.49 6.49 6.49 6.49 6.52 6.52 6.52 6.52 6.97 6.97 6.97 6.97 6.34 6.34 7.25 6.58 6.24 6.57 6.34 6.34 6.34 6.58 9.97 6.34 6.58 6.58 6.58 6.58 6.58 6.58 6.58 6.63 6.58 6.58 6.58 6.58 6.58 6.58 6.58 6.58 6.30 6.30 6.30 6.30 6.89 6.49 6.68 6.30 6.30 6.30 6.30 6.30 6.52 6.75 6.30 7.28 6.03 6.03 6.03 5.66 5.94 5.68 5.90 5.18 4.95 4.95 4.95 5.72 5.73 5.43 6.53 5.73 5.65 5.42 5.42 5.42 5.33 5.33 5.33 5.33 5.28 5.28 5.28 5.28
7.12 7.12 7.12 7.12 7.15 7.15 7.15 7.15 7.45 7.45 7.45 6.83 6.83 7.10 7.28 8.23 10.54 7.05 6.83 6.83 6.83 7.05 7.05 10.46 7.73 7.73 7.51 7.97 7.17 7.17 7.17 7.17 7.17 7.17 7.17 7.17 7.17 7.17 7.17 7.17 6.99 6.99 6.99 6.99 7.42 6.99 6.99 6.99 6.99 7.64 6.99 6.99 7.27 7.67 6.99 6.07 7.56 6.17 6.17 5.81 5.83 5.83 5.83 5.34 5.11 5.87 5.87 5.87 5.11 5.11 5.32 5.11 5.24 5.24 5.24 5.24 5.16 5.16 5.16 5.16 5.10 5.10 5.10 5.10
7.12 7.12 7.12 7.12 7.15 7.16 7.15 7.15 7.45 6.83 6.83 7.10 7.10 6.83 6.83 7.05 10.57 10.91 7.67 10.47 6.83 7.05 7.10 6.49 11.36 7.73 7.54 7.51 7.51 7.51 7.51 7.20 7.39 7.39 7.17 7.17 7.17 7.17 7.17 7.17 6.99 7.42 6.99 6.99 6.99 6.99 6.99 6.99 7.22 7.22 6.99 6.99 7.22 7.44 6.60 6.07 6.05 5.29 6.07 5.81 5.83 6.27 5.83 5.83 5.11 5.87 5.87 7.10 5.11 5.89 5.89 5.89 5.24 5.24 5.24 5.24 5.38 5.16 5.16 5.16 5.10 5.10 5.10 5.10
