New_Model_Runs/5_FutureClimate_BASE_out/post_prcessed_with_MFR/Monthly_summaries/rainfall_monthly_FEB.asc
NCOLS 700
NROWS 400
XLLCENTER 515000.000000
YLLCENTER 8409000.000000
CELLSIZE 50.000000
NODATA_value -999.000000
[rows 190 to 227 of 400, columns 252 to 335 of 700]
5.58 5.58 5.58 5.58 5.68 5.68 5.68 5.68 5.68 5.68 5.68 5.68 5.68 5.68 5.68 5.68 5.68 5.68 5.68 5.68 5.69 5.69 5.69 5.69 5.69 5.69 5.69 5.69 5.69 5.69 5.69 5.69 5.69 5.69 5.69 5.69 7.28 7.28 7.28 7.28 7.28 7.28 7.28 7.28 7.28 7.28 7.28 7.28 7.28 7.28 7.28 7.28 7.52 7.52 7.52 7.52 7.52 7.52 7.52 7.52 7.52 7.52 7.52 7.52 7.52 7.52 7.52 7.52 7.82 7.82 7.82 7.82 7.82 7.82 7.82 7.82 7.82 7.82 7.82 7.82 7.82 7.82 7.82 7.82
5.58 5.58 5.58 5.58 5.68 5.68 5.68 5.68 5.68 5.68 5.68 5.68 5.68 5.68 5.68 5.68 5.68 5.68 5.68 5.68 5.69 5.69 5.69 5.69 5.69 5.69 5.69 5.69 5.69 5.69 5.69 5.69 5.69 5.69 5.69 5.69 5.85 5.85 7.28 7.28 7.28 7.28 7.28 7.28 7.28 7.28 7.28 7.28 7.28 7.28 7.28 7.28 7.52 7.52 7.52 7.52 7.52 7.52 7.52 7.52 7.52 7.52 7.52 7.52 7.52 7.52 7.52 7.52 7.82 7.82 7.82 7.82 7.82 7.82 7.82 7.82 7.82 7.82 7.82 7.82 7.82 7.82 7.82 7.82
5.58 5.58 5.58 5.58 5.68 5.68 5.68 5.68 5.68 5.68 5.68 5.68 5.68 5.68 5.68 5.68 5.68 5.68 5.68 5.68 5.69 5.69 5.69 5.69 5.69 5.69 5.69 5.69 5.69 5.69 5.69 5.69 5.69 5.69 5.69 5.69 5.85 5.85 5.85 7.28 7.28 7.28 7.28 7.28 7.28 7.28 7.28 7.28 7.28 7.28 7.28 7.28 7.52 7.52 7.52 7.52 7.52 7.52 7.52 7.52 7.52 7.52 7.52 7.52 7.52 7.52 7.52 7.52 7.82 7.82 7.82 7.82 7.82 7.82 7.82 7.82 7.82 7.82 7.82 7.82 7.82 7.82 7.82 7.82
5.58 5.58 5.58 5.58 5.68 5.68 5.68 5.68 5.68 5.68 5.68 5.68 5.68 5.68 5.68 5.68 5.68 5.68 5.68 5.68 5.69 5.69 5.69 5.69 5.69 5.69 5.69 5.69 5.69 5.69 5.69 5.69 5.69 5.69 5.69 5.69 5.85 5.85 5.85 5.85 5.85 7.28 7.28 7.28 7.28 7.28 7.28 7.28 7.28 7.28 7.28 7.28 7.52 7.52 7.52 7.52 7.52 7.52 7.52 7.52 7.52 7.52 7.52 7.52 7.52 7.52 7.52 7.52 7.82 7.82 7.82 7.82 7.82 7.82 7.82 7.82 7.82 7.82 7.82 7.82 7.82 7.82 7.82 7.82
6.16 6.16 6.16 6.16 6.28 6.28 6.28 6.28 6.28 6.28 6.28 6.28 6.28 6.28 6.28 6.28 6.28 6.28 6.28 6.28 6.11 6.11 6.11 6.11 6.11 6.11 6.11 6.11 6.11 6.11 6.11 6.11 6.11 6.11 6.11 6.11 6.07 6.07 6.07 6.07 6.07 6.07 7.55 7.55 7.55 7.55 7.55 7.55 7.55 7.55 7.55 7.55 7.75 7.75 7.75 7.75 7.75 7.75 7.75 7.75 7.75 7.75 7.75 7.75 7.75 7.75 7.75 7.75 7.68 7.68 7.68 7.68 7.68 7.68 7.68 7.68 7.68 7.68 7.68 7.68 7.68 7.68 7.68 7.68
6.16 6.16 6.16 6.16 6.28 6.28 6.28 6.28 6.28 6.28 6.28 6.28 6.28 6.28 6.28 6.28 6.28 6.28 6.28 6.28 6.11 6.11 6.11 6.11 6.11 6.11 6.11 6.11 6.11 6.11 6.11 6.11 6.11 6.11 6.11 6.11 6.07 6.07 6.07 6.07 6.07 6.07 6.07 7.55 7.55 7.55 7.55 7.55 7.55 7.55 7.55 7.55 7.75 7.75 7.75 7.75 7.75 7.75 7.75 7.75 7.75 7.75 7.75 7.75 7.75 7.75 7.75 7.75 7.68 7.68 7.68 7.68 7.68 7.68 7.68 7.68 7.68 7.68 7.68 7.68 7.68 7.68 7.68 7.68
6.16 6.16 6.16 6.16 6.28 6.28 6.28 6.28 6.28 6.28 6.28 6.28 6.28 6.28 6.28 6.28 6.28 6.28 6.28 6.28 6.11 6.11 6.11 6.11 6.11 6.11 6.11 6.11 6.11 6.11 6.11 6.11 6.11 6.11 6.11 6.11 6.07 6.07 6.07 6.07 6.07 6.07 6.07 6.07 6.07 7.55 7.55 7.55 7.55 7.55 7.55 7.55 7.75 7.75 7.75 7.75 7.75 7.75 7.75 7.75 7.75 7.75 7.75 7.75 7.75 7.75 7.75 7.75 7.68 7.68 7.68 7.68 7.68 7.68 7.68 7.68 7.68 7.68 7.68 7.68 7.68 7.68 7.68 7.68
6.16 6.16 6.16 6.16 6.28 6.28 6.28 6.28 6.28 6.28 6.28 6.28 6.28 6.28 6.28 6.28 6.28 6.28 6.28 6.28 6.11 6.11 6.11 6.11 6.11 6.11 6.11 6.11 6.11 6.11 6.11 6.11 6.11 6.11 6.11 6.11 6.07 6.07 6.07 6.07 6.07 6.07 6.07 6.07 6.07 6.07 7.55 7.55 7.55 7.55 7.55 7.55 7.75 7.75 7.75 7.75 7.75 7.75 7.75 7.75 7.75 7.75 7.75 7.75 7.75 7.75 7.75 7.75 7.68 7.68 7.68 7.68 7.68 7.68 7.68 7.68 7.68 7.68 7.68 7.68 7.68 7.68 7.68 7.68
6.16 6.16 6.16 6.16 6.28 6.28 6.28 6.28 6.28 6.28 6.28 6.28 6.28 6.28 6.28 6.28 6.28 6.28 6.28 6.28 6.11 6.11 6.11 6.11 6.11 6.11 6.11 6.11 6.11 6.11 6.11 6.11 6.11 6.11 6.11 6.11 6.07 6.07 6.07 6.07 6.07 6.07 6.07 6.07 6.07 6.07 6.07 6.07 7.55 7.55 7.55 7.55 7.75 7.75 7.75 7.75 7.75 7.75 7.75 7.75 7.75 7.75 7.75 7.75 7.75 7.75 7.75 7.75 7.68 7.68 7.68 7.68 7.68 7.68 7.68 7.68 7.68 7.68 7.68 7.68 7.68 7.68 7.68 7.68
6.16 6.16 6.16 6.16 6.28 6.28 6.28 6.28 6.28 6.28 6.28 6.28 6.28 6.28 6.28 6.28 6.28 6.28 6.28 6.28 6.11 6.11 6.11 6.11 6.11 6.11 6.11 6.11 6.11 6.11 6.11 6.11 6.11 6.11 6.11 6.11 6.07 6.07 6.07 6.07 6.07 6.07 6.07 6.07 6.07 6.07 6.07 6.07 6.07 7.55 7.55 7.55 7.75 7.75 7.75 7.75 7.75 7.75 7.75 7.75 7.75 7.75 7.75 7.75 7.75 7.75 7.75 7.75 7.68 7.68 7.68 7.68 7.68 7.68 7.68 7.68 7.68 7.68 7.68 7.68 7.68 7.68 7.68 7.68
6.16 6.16 6.16 6.16 6.28 6.28 6.28 6.28 6.28 6.28 6.28 6.28 6.28 6.28 6.28 6.28 6.28 6.28 6.28 6.28 6.11 6.11 6.11 6.11 6.11 6.11 6.11 6.11 6.11 6.11 6.11 6.11 6.11 6.11 6.11 6.11 6.07 6.07 6.07 6.07 6.07 6.07 6.07 6.07 6.07 6.07 6.07 6.07 6.07 6.07 6.07 7.55 7.75 7.75 7.75 7.75 7.75 7.75 7.75 7.75 7.75 7.75 7.75 7.75 7.75 7.75 7.75 7.75 7.68 7.68 7.68 7.68 7.68 7.68 7.68 7.68 7.68 7.68 7.68 7.68 7.68 7.68 7.68 7.68
6.16 6.16 6.16 6.16 6.28 6.28 6.28 6.28 6.28 6.28 6.28 6.28 6.28 6.28 6.28 6.28 6.28 6.28 6.28 6.28 6.11 6.11 6.11 6.11 6.11 6.11 6.11 6.11 6.11 6.11 6.11 6.11 6.11 6.11 6.11 6.11 6.07 6.07 6.07 6.07 6.07 6.07 6.07 6.07 6.07 6.07 6.07 6.07 6.07 6.07 6.07 6.07 7.75 7.75 7.75 7.75 7.75 7.75 7.75 7.75 7.75 7.75 7.75 7.75 7.75 7.75 7.75 7.75 7.68 7.68 7.68 7.68 7.68 7.68 7.68 7.68 7.68 7.68 7.68 7.68 7.68 7.68 7.68 7.68
6.16 6.16 6.16 6.16 6.28 6.28 6.28 6.28 6.28 6.28 6.28 6.28 6.28 6.28 6.28 6.28 6.28 6.28 6.28 6.28 6.11 6.11 6.11 6.11 6.11 6.11 6.11 6.11 6.11 6.11 6.11 6.11 6.11 6.11 6.11 6.11 6.07 6.07 6.07 6.07 6.07 6.07 6.07 6.07 6.07 6.07 6.07 6.07 6.07 6.07 6.07 6.07 6.23 7.75 7.75 7.75 7.75 7.75 7.75 7.75 7.75 7.75 7.75 7.75 7.75 7.75 7.75 7.75 7.68 7.68 7.68 7.68 7.68 7.68 7.68 7.68 7.68 7.68 7.68 7.68 7.68 7.68 7.68 7.68
6.16 6.16 6.16 6.16 6.28 6.28 6.28 6.28 6.28 6.28 6.28 6.28 6.28 6.28 6.28 6.28 6.28 6.28 6.28 6.28 6.11 6.11 6.11 6.11 6.11 6.11 6.11 6.11 6.11 6.11 6.11 6.11 6.11 6.11 6.11 6.11 6.07 6.07 6.07 6.07 6.07 6.07 6.07 6.07 6.07 6.07 6.07 6.07 6.07 6.07 6.07 6.07 6.23 6.23 6.23 7.75 7.75 7.75 7.75 7.75 7.75 7.75 7.75 7.75 7.75 7.75 7.75 7.75 7.68 7.68 7.68 7.68 7.68 7.68 7.68 7.68 7.68 7.68 7.68 7.68 7.68 7.68 7.68 7.68
6.16 6.16 6.16 6.16 6.28 6.28 6.28 6.28 6.28 6.28 6.28 6.28 6.28 6.28 6.28 6.28 6.28 6.28 6.28 6.28 6.11 6.11 6.11 6.11 6.11 6.11 6.11 6.11 6.11 6.11 6.11 6.11 6.11 6.11 6.11 6.11 6.07 6.07 6.07 6.07 6.07 6.07 6.07 6.07 6.07 6.07 6.07 6.07 6.07 6.07 6.07 6.07 6.23 6.23 6.23 6.23 7.75 7.75 7.75 7.75 7.75 7.75 7.75 7.75 7.75 7.75 7.75 7.75 7.68 7.68 7.68 7.68 7.68 7.68 7.68 7.68 7.68 7.68 7.68 7.68 7.68 7.68 7.68 7.68
7.66 6.16 6.16 6.16 6.28 6.28 6.28 6.28 6.28 6.28 6.28 6.28 6.28 6.28 6.28 6.28 6.28 6.28 6.28 6.28 6.11 6.11 6.11 6.11 6.11 6.11 6.11 6.11 6.11 6.11 6.11 6.11 6.11 6.11 6.11 6.11 6.07 6.07 6.07 6.07 6.07 6.07 6.07 6.07 6.07 6.07 6.07 6.07 6.07 6.07 6.07 6.07 6.23 6.23 6.23 6.23 6.23 6.23 7.75 7.75 7.75 7.75 7.75 7.75 7.75 7.75 7.75 7.75 7.68 7.68 7.68 7.68 7.68 7.68 7.68 7.68 7.68 7.68 7.68 7.68 7.68 7.68 7.68 7.68
7.66 6.16 6.16 6.16 6.28 6.28 6.28 6.28 6.28 6.28 6.28 6.28 6.28 6.28 6.28 6.28 6.28 6.28 6.28 6.28 6.11 6.11 6.11 6.11 6.11 6.11 6.11 6.11 6.11 6.11 6.11 6.11 6.11 6.11 6.11 6.11 6.07 6.07 6.07 6.07 6.07 6.07 6.07 6.07 6.07 6.07 6.07 6.07 6.07 6.07 6.07 6.07 6.23 6.23 6.23 6.23 6.23 6.23 6.23 7.75 7.75 7.75 7.75 7.75 7.75 7.75 7.75 7.75 7.68 7.68 7.68 7.68 7.68 7.68 7.68 7.68 7.68 7.68 7.68 7.68 7.68 7.68 7.68 7.68
7.66 6.16 6.16 6.16 6.28 6.28 6.28 6.28 6.28 6.28 6.28 6.28 6.28 6.28 6.28 6.28 6.28 6.28 6.28 6.28 6.11 6.11 6.11 6.11 6.11 6.11 6.11 6.11 6.11 6.11 6.11 6.11 6.11 6.11 6.11 6.11 6.07 6.07 6.07 6.07 6.07 6.07 6.07 6.07 6.07 6.07 6.07 6.07 6.07 6.07 6.07 6.07 6.23 6.23 6.23 6.23 6.23 6.23 6.23 6.23 6.23 7.75 7.75 7.75 7.75 7.75 7.75 7.75 7.68 7.68 7.68 7.68 7.68 7.68 7.68 7.68 7.68 7.68 7.68 7.68 7.68 7.68 7.68 7.68
7.66 7.66 6.16 6.16 6.28 6.28 6.28 6.28 6.28 6.28 6.28 6.28 6.28 6.28 6.28 6.28 6.28 6.28 6.28 6.28 6.11 6.11 6.11 6.11 6.11 6.11 6.11 6.11 6.11 6.11 6.11 6.11 6.11 6.11 6.11 6.11 6.07 6.07 6.07 6.07 6.07 6.07 6.07 6.07 6.07 6.07 6.07 6.07 6.07 6.07 6.07 6.07 6.23 6.23 6.23 6.23 6.23 6.23 6.23 6.23 6.23 6.23 7.75 7.75 7.75 7.75 7.75 7.75 7.68 7.68 7.68 7.68 7.68 7.68 7.68 7.68 7.68 7.68 7.68 7.68 7.68 7.68 7.68 7.68
7.66 7.66 6.16 6.16 6.28 6.28 6.28 6.28 6.28 6.28 6.28 6.28 6.28 6.28 6.28 6.28 6.28 6.28 6.28 6.28 6.11 6.11 6.11 6.11 6.11 6.11 6.11 6.11 6.11 6.11 6.11 6.11 6.11 6.11 6.11 6.11 6.07 6.07 6.07 6.07 6.07 6.07 6.07 6.07 6.07 6.07 6.07 6.07 6.07 6.07 6.07 6.07 6.23 6.23 6.23 6.23 6.23 6.23 6.23 6.23 6.23 6.23 6.23 6.23 7.75 7.75 7.75 7.75 7.68 7.68 7.68 7.68 7.68 7.68 7.68 7.68 7.68 7.68 7.68 7.68 7.68 7.68 7.68 7.68
8.25 8.25 6.64 6.64 6.52 6.52 6.52 6.52 6.52 6.52 6.52 6.52 6.52 6.52 6.52 6.52 6.52 6.52 6.52 6.52 6.06 6.06 6.06 6.06 6.06 6.06 6.06 6.06 6.06 6.06 6.06 6.06 6.06 6.06 6.06 6.06 5.79 5.79 5.79 5.79 5.79 5.79 5.79 5.79 5.79 5.79 5.79 5.79 5.79 5.79 5.79 5.79 5.72 5.72 5.72 5.72 5.72 5.72 5.72 5.72 5.72 5.72 5.72 5.72 5.72 7.12 7.12 7.12 6.89 6.89 6.89 6.89 6.89 6.89 6.89 6.89 6.89 6.89 6.89 6.89 6.89 6.89 6.89 6.89
8.25 8.25 8.25 6.64 6.52 6.52 6.52 6.52 6.52 6.52 6.52 6.52 6.52 6.52 6.52 6.52 6.52 6.52 6.52 6.52 6.06 6.06 6.06 6.06 6.06 6.06 6.06 6.06 6.06 6.06 6.06 6.06 6.06 6.06 6.06 6.06 5.79 5.79 5.79 5.79 5.79 5.79 5.79 5.79 5.79 5.79 5.79 5.79 5.79 5.79 5.79 5.79 5.72 5.72 5.72 5.72 5.72 5.72 5.72 5.72 5.72 5.72 5.72 5.72 5.72 5.72 7.12 7.12 6.89 6.89 6.89 6.89 6.89 6.89 6.89 6.89 6.89 6.89 6.89 6.89 6.89 6.89 6.89 6.89
8.25 8.25 8.25 6.64 6.52 6.52 6.52 6.52 6.52 6.52 6.52 6.52 6.52 6.52 6.52 6.52 6.52 6.52 6.52 6.52 6.06 6.06 6.06 6.06 6.06 6.06 6.06 6.06 6.06 6.06 6.06 6.06 6.06 6.06 6.06 6.06 5.79 5.79 5.79 5.79 5.79 5.79 5.79 5.79 5.79 5.79 5.79 5.79 5.79 5.79 5.79 5.79 5.72 5.72 5.72 5.72 5.72 5.72 5.72 5.72 5.72 5.72 5.72 5.72 5.72 5.72 5.72 5.72 6.89 6.89 6.89 6.89 6.89 6.89 6.89 6.89 6.89 6.89 6.89 6.89 6.89 6.89 6.89 6.89
8.25 8.25 8.25 8.25 6.52 6.52 6.52 6.52 6.52 6.52 6.52 6.52 6.52 6.52 6.52 6.52 6.52 6.52 6.52 6.52 6.06 6.06 6.06 6.06 6.06 6.06 6.06 6.06 6.06 6.06 6.06 6.06 6.06 6.06 6.06 6.06 5.79 5.79 5.79 5.79 5.79 5.79 5.79 5.79 5.79 5.79 5.79 5.79 5.79 5.79 5.79 5.79 5.72 5.72 5.72 5.72 5.72 5.72 5.72 5.72 5.72 5.72 5.72 5.72 5.72 5.72 5.72 5.72 5.54 6.89 6.89 6.89 6.89 6.89 6.89 6.89 6.89 6.89 6.89 6.89 6.89 6.89 6.89 6.89
8.25 8.25 8.25 8.25 6.52 6.52 6.52 6.52 6.52 6.52 6.52 6.52 6.52 6.52 6.52 6.52 6.52 6.52 6.52 6.52 6.06 6.06 6.06 6.06 6.06 6.06 6.06 6.06 6.06 6.06 6.06 6.06 6.06 6.06 6.06 6.06 5.79 5.79 5.79 5.79 5.79 5.79 5.79 5.79 5.79 5.79 5.79 5.79 5.79 5.79 5.79 5.79 5.72 5.72 5.72 5.72 5.72 5.72 5.72 5.72 5.72 5.72 5.72 5.72 5.72 5.72 5.72 5.72 5.54 5.54 5.54 6.89 6.89 6.89 6.89 6.89 6.89 6.89 6.89 6.89 6.89 6.89 6.89 6.89
8.25 8.25 8.25 8.25 6.52 6.52 6.52 6.52 6.52 6.52 6.52 6.52 6.52 6.52 6.52 6.52 6.52 6.52 6.52 6.52 6.06 6.06 6.06 6.06 6.06 6.06 6.06 6.06 6.06 6.06 6.06 6.06 6.06 6.06 6.06 6.06 5.79 5.79 5.79 5.79 5.79 5.79 5.79 5.79 5.79 5.79 5.79 5.79 5.79 5.79 5.79 5.79 5.72 5.72 5.72 5.72 5.72 5.72 5.72 5.72 5.72 5.72 5.72 5.72 5.72 5.72 5.72 5.72 5.54 5.54 5.54 5.54 6.89 6.89 6.89 6.89 6.89 6.89 6.89 6.89 6.89 6.89 6.89 6.89
8.25 8.25 8.25 8.25 8.11 6.52 6.52 6.52 6.52 6.52 6.52 6.52 6.52 6.52 6.52 6.52 6.52 6.52 6.52 6.52 6.06 6.06 6.06 6.06 6.06 6.06 6.06 6.06 6.06 6.06 6.06 6.06 6.06 6.06 6.06 6.06 5.79 5.79 5.79 5.79 5.79 5.79 5.79 5.79 5.79 5.79 5.79 5.79 5.79 5.79 5.79 5.79 5.72 5.72 5.72 5.72 5.72 5.72 5.72 5.72 5.72 5.72 5.72 5.72 5.72 5.72 5.72 5.72 5.54 5.54 5.54 5.54 5.54 5.54 6.89 6.89 6.89 6.89 6.89 6.89 6.89 6.89 6.89 6.89
8.25 8.25 8.25 8.25 8.11 6.52 6.52 6.52 6.52 6.52 6.52 6.52 6.52 6.52 6.52 6.52 6.52 6.52 6.52 6.52 6.06 6.06 6.06 6.06 6.06 6.06 6.06 6.06 6.06 6.06 6.06 6.06 6.06 6.06 6.06 6.06 5.79 5.79 5.79 5.79 5.79 5.79 5.79 5.79 5.79 5.79 5.79 5.79 5.79 5.79 5.79 5.79 5.72 5.72 5.72 5.72 5.72 5.72 5.72 5.72 5.72 5.72 5.72 5.72 5.72 5.72 5.72 5.72 5.54 5.54 5.54 5.54 5.54 5.54 5.54 6.89 6.89 6.89 6.89 6.89 6.89 6.89 6.89 6.89
8.25 8.25 8.25 8.25 8.11 8.11 6.52 6.52 6.52 6.52 6.52 6.52 6.52 6.52 6.52 6.52 6.52 6.52 6.52 6.52 6.06 6.06 6.06 6.06 6.06 6.06 6.06 6.06 6.06 6.06 6.06 6.06 6.06 6.06 6.06 6.06 5.79 5.79 5.79 5.79 5.79 5.79 5.79 5.79 5.79 5.79 5.79 5.79 5.79 5.79 5.79 5.79 5.72 5.72 5.72 5.72 5.72 5.72 5.72 5.72 5.72 5.72 5.72 5.72 5.72 5.72 5.72 5.72 5.54 5.54 5.54 5.54 5.54 5.54 5.54 6.89 6.89 6.89 6.89 6.89 6.89 6.89 6.89 6.89
8.25 8.25 8.25 8.25 8.11 8.11 6.52 6.52 6.52 6.52 6.52 6.52 6.52 6.52 6.52 6.52 6.52 6.52 6.52 6.52 6.06 6.06 6.06 6.06 6.06 6.06 6.06 6.06 6.06 6.06 6.06 6.06 6.06 6.06 6.06 6.06 5.79 5.79 5.79 5.79 5.79 5.79 5.79 5.79 5.79 5.79 5.79 5.79 5.79 5.79 5.79 5.79 5.72 5.72 5.72 5.72 5.72 5.72 5.72 5.72 5.72 5.72 5.72 5.72 5.72 5.72 5.72 5.72 5.54 5.54 5.54 5.54 5.54 5.54 6.89 6.89 6.89 6.89 6.89 6.89 6.89 6.89 6.89 6.89
8.25 8.25 8.25 8.25 8.11 8.11 6.52 6.52 6.52 6.52 6.52 6.52 6.52 6.52 6.52 6.52 6.52 6.52 6.52 6.52 6.06 6.06 6.06 6.06 6.06 6.06 6.06 6.06 6.06 6.06 6.06 6.06 6.06 6.06 6.06 6.06 5.79 5.79 5.79 5.79 5.79 5.79 5.79 5.79 5.79 5.79 5.79 5.79 5.79 5.79 5.79 5.79 5.72 5.72 5.72 5.72 5.72 5.72 5.72 5.72 5.72 5.72 5.72 5.72 5.72 5.72 5.72 5.72 5.54 5.54 5.54 5.54 5.54 6.89 6.89 6.89 6.89 6.89 6.89 0.00 6.89 6.89 6.89 6.89
8.25 8.25 8.25 8.25 8.11 8.11 8.11 6.52 6.52 6.52 6.52 6.52 6.52 6.52 6.52 6.52 6.52 6.52 6.52 6.52 6.06 6.06 6.06 6.06 6.06 6.06 6.06 6.06 6.06 6.06 6.06 6.06 6.06 6.06 6.06 6.06 5.79 5.79 5.79 5.79 5.79 5.79 5.79 5.79 5.79 5.79 5.79 5.79 5.79 5.79 5.79 5.79 5.72 5.72 5.72 5.72 5.72 5.72 5.72 5.72 5.72 5.72 5.72 5.72 5.72 5.72 5.72 5.72 5.54 5.54 5.54 5.54 6.89 6.89 6.89 6.89 6.89 6.89 6.89 0.00 0.00 0.00 6.89 6.89
8.25 8.25 8.25 8.25 8.11 8.11 8.11 6.52 6.52 6.52 6.52 6.52 6.52 6.52 6.52 6.52 6.52 6.52 6.52 6.52 6.06 6.06 6.06 6.06 6.06 6.06 6.06 6.06 6.06 6.06 6.06 6.06 6.06 6.06 6.06 6.06 5.79 5.79 5.79 5.79 5.79 5.79 5.79 5.79 5.79 5.79 5.79 5.79 5.79 5.79 5.79 5.79 5.72 5.72 5.72 5.72 5.72 5.72 5.72 5.72 5.72 5.72 5.72 5.72 5.72 5.72 5.72 5.72 5.54 5.54 5.54 6.89 6.89 6.89 6.89 6.89 6.89 6.89 0.00 0.00 0.00 0.00 0.00 6.89
8.25 8.25 8.25 8.25 8.11 8.11 8.11 8.11 6.52 6.52 6.52 6.52 6.52 6.52 6.52 6.52 6.52 6.52 6.52 6.52 6.06 6.06 6.06 6.06 6.06 6.06 6.06 6.06 6.06 6.06 6.06 6.06 6.06 6.06 6.06 6.06 5.79 5.79 5.79 5.79 5.79 5.79 5.79 5.79 5.79 5.79 5.79 5.79 5.79 5.79 5.79 5.79 5.72 5.72 5.72 5.72 5.72 5.72 5.72 5.72 5.72 5.72 5.72 5.72 5.72 5.72 5.72 5.72 5.54 5.54 6.89 6.89 6.89 6.89 6.89 6.89 6.89 6.89 0.00 0.00 0.00 0.00 0.00 0.00
8.25 8.25 8.25 8.25 8.11 8.11 8.11 8.11 6.52 6.52 6.52 6.52 6.52 6.52 6.52 6.52 6.52 6.52 6.52 6.52 6.06 6.06 6.06 6.06 6.06 6.06 6.06 6.06 6.06 6.06 6.06 6.06 6.06 6.06 6.06 6.06 5.79 5.79 5.79 5.79 5.79 5.79 5.79 5.79 5.79 5.79 5.79 5.79 5.79 5.79 5.79 5.79 5.72 5.72 5.72 5.72 5.72 5.72 5.72 5.72 5.72 5.72 5.72 5.72 5.72 5.72 5.72 5.72 5.54 6.89 6.89 6.89 6.89 6.89 6.89 6.89 6.89 6.89 0.00 0.00 0.00 0.00 0.00 0.00
8.25 8.25 8.25 8.25 8.11 8.11 8.11 8.11 6.52 6.52 6.52 6.52 6.52 6.52 6.52 6.52 6.52 6.52 6.52 6.52 6.06 6.06 6.06 6.06 6.06 6.06 6.06 6.06 6.06 6.06 6.06 6.06 6.06 6.06 6.06 6.06 5.79 5.79 5.79 5.79 5.79 5.79 5.79 5.79 5.79 5.79 5.79 5.79 5.79 5.79 5.79 5.79 5.72 5.72 5.72 5.72 5.72 5.72 5.72 5.72 5.72 5.72 5.72 5.72 5.72 5.72 5.72 5.72 6.89 6.89 6.89 6.89 6.89 6.89 6.89 6.89 6.89 6.89 6.89 0.00 0.00 0.00 0.00 0.00
8.47 8.47 8.47 8.47 7.94 7.94 7.94 7.94 7.94 6.39 6.39 6.39 6.39 6.39 6.39 6.39 6.39 6.39 6.39 6.39 5.81 5.81 5.81 5.81 5.81 5.81 5.81 5.81 5.81 5.81 5.81 5.81 5.81 5.81 5.81 5.81 5.46 5.46 5.46 5.46 5.46 5.46 5.46 5.46 5.46 5.46 5.46 5.46 5.46 5.46 5.46 5.46 5.18 5.18 5.18 5.18 5.18 5.18 5.18 5.18 5.18 5.18 5.18 5.18 5.18 5.18 5.18 6.45 6.19 6.19 6.19 6.19 6.19 6.19 6.19 6.19 6.19 6.19 6.19 0.00 0.00 0.00 0.00 0.00
8.47 8.47 8.47 8.47 7.94 7.94 7.94 7.94 7.94 6.39 6.39 6.39 6.39 6.39 6.39 6.39 6.39 6.39 6.39 6.39 5.81 5.81 5.81 5.81 5.81 5.81 5.81 5.81 5.81 5.81 5.81 5.81 5.81 5.81 5.81 5.81 5.46 5.46 5.46 5.46 5.46 5.46 5.46 5.46 5.46 5.46 5.46 5.46 5.46 5.46 5.46 5.46 5.18 5.18 5.18 5.18 5.18 5.18 5.18 5.18 5.18 5.18 5.18 5.18 5.18 5.18 6.45 6.45 6.19 6.19 6.19 6.19 6.19 6.19 6.19 6.19 6.19 6.19 0.00 0.00 0.00 0.00 0.00 0.00
