New_Model_Runs/5_FutureClimate_BASE_out/post_prcessed_with_MFR/Monthly_summaries/runoff_monthly_FEB.asc
NCOLS 700
NROWS 400
XLLCENTER 515000.000000
YLLCENTER 8409000.000000
CELLSIZE 50.000000
NODATA_value -999.000000
[rows 114 to 151 of 400, columns 336 to 419 of 700]
0.00 0.00 1.33 1.33 1.28 1.28 2.52 1.28 1.23 3.29 2.45 1.23 1.23 1.23 1.23 1.23 1.92 3.21 3.21 1.92 1.95 1.95 8.90 1.95 1.95 1.95 1.95 1.95 1.94 3.24 2.68 4.67 2.78 2.78 2.78 4.78 2.76 2.76 4.76 2.76 2.74 2.74 2.74 4.68 2.69 2.69 4.63 2.69 2.66 2.66 4.58 2.66 2.69 2.69 2.69 2.69 2.70 2.70 2.70 2.70 2.71 2.71 2.71 2.71 2.60 4.46 2.60 2.60 2.61 2.61 2.61 1.76 1.77 1.77 2.66 1.77 1.58 1.58 1.58 1.58 0.74 1.51 1.51 1.51
1.33 1.33 1.33 1.33 1.28 1.28 3.32 1.28 1.23 1.23 1.23 2.45 1.23 2.45 1.23 1.23 1.92 1.92 3.19 1.92 1.95 3.23 1.95 1.95 1.95 1.95 3.35 1.95 1.94 1.94 2.68 2.68 2.78 2.78 2.78 4.72 2.76 2.76 4.76 2.76 2.74 2.74 4.66 2.74 2.69 3.32 2.69 2.69 2.66 2.66 2.66 2.66 2.69 2.69 2.69 2.69 2.70 2.70 2.70 2.70 2.71 2.71 2.71 2.71 2.60 2.60 2.60 2.60 2.61 4.47 2.64 1.76 1.77 1.77 1.77 1.77 1.58 1.58 1.58 2.49 1.51 1.51 1.51 1.51
1.24 1.24 0.52 1.24 1.13 1.13 1.13 1.13 1.13 1.13 1.13 1.13 1.21 2.40 4.69 1.21 1.89 1.89 1.89 1.89 1.90 1.90 1.90 3.18 1.90 1.90 1.90 1.90 1.89 3.16 3.54 2.62 2.71 2.71 4.66 6.30 2.69 2.69 2.69 2.69 2.66 2.66 4.57 5.28 2.71 0.79 0.79 0.79 2.75 2.75 2.75 2.75 2.78 2.78 2.78 2.78 2.78 2.78 2.78 2.78 2.77 2.77 2.77 2.77 2.63 2.63 2.63 2.63 2.60 2.60 1.76 1.76 1.56 1.56 1.56 1.56 0.75 2.43 1.53 1.53 1.53 1.53 1.53 1.53
1.24 1.24 0.52 1.24 1.13 1.13 1.13 1.13 1.13 1.13 1.13 1.13 1.21 1.21 1.21 2.95 1.89 1.89 1.89 1.89 1.90 1.90 1.90 3.18 4.63 1.90 1.90 1.90 1.89 1.89 1.89 2.62 2.71 2.71 2.71 2.71 2.69 2.69 2.69 2.69 2.66 2.66 2.66 4.57 0.79 0.79 0.79 2.71 2.75 2.75 2.75 2.75 2.78 2.78 2.78 2.78 2.78 2.78 2.78 2.78 2.77 2.77 2.77 2.77 2.63 2.63 2.63 2.63 2.60 2.60 2.63 1.76 1.56 1.56 1.56 1.56 1.53 1.53 1.53 1.53 1.53 1.53 1.53 1.53
1.24 0.52 1.24 1.24 1.13 1.13 1.13 1.13 1.13 1.13 1.13 1.13 1.21 1.21 2.40 1.21 1.89 1.89 1.89 1.89 1.90 1.90 1.90 3.18 1.90 1.90 1.90 3.17 1.89 1.89 1.89 1.89 2.71 2.71 2.71 2.71 2.69 2.69 2.69 1.10 0.77 1.09 0.77 2.66 2.71 2.71 2.71 2.71 2.75 2.75 2.75 2.75 2.78 2.78 2.78 2.78 2.78 2.78 2.78 2.78 2.77 2.77 2.77 2.77 2.63 2.63 2.63 2.63 2.60 2.60 1.76 1.76 1.56 1.56 1.56 1.56 1.53 1.53 1.53 1.53 1.53 1.53 1.53 1.53
0.52 1.24 2.38 1.24 1.13 1.13 1.13 1.13 1.13 1.13 1.13 1.13 1.21 1.21 1.21 1.21 1.89 1.89 1.89 3.17 1.90 1.90 1.90 1.90 1.90 1.90 1.90 3.17 1.89 1.89 2.65 1.89 2.71 2.71 2.71 2.71 7.91 5.21 0.78 0.78 0.77 0.77 2.66 2.66 2.71 2.71 2.71 2.71 2.75 2.75 2.75 2.75 2.78 2.78 2.78 2.78 2.78 2.78 2.78 2.78 2.77 2.77 2.77 2.77 2.63 2.63 2.63 2.63 2.60 2.60 1.76 1.76 0.18 0.18 0.18 0.18 1.53 1.53 1.53 1.53 1.53 1.53 1.53 1.53
1.09 1.09 1.09 1.09 1.12 1.12 1.12 2.33 1.21 1.21 1.21 1.21 1.22 1.22 2.43 1.22 1.91 1.91 1.91 3.19 3.17 1.90 1.90 3.17 1.89 1.89 1.89 1.89 3.15 1.89 0.49 1.04 0.79 0.79 2.71 3.34 3.37 3.37 1.60 0.79 2.80 2.80 2.80 2.80 2.90 2.90 2.90 2.90 2.92 2.92 2.92 2.92 2.93 2.93 2.93 2.93 2.91 2.91 2.91 2.91 2.89 2.89 2.89 2.89 2.74 2.74 2.74 2.74 2.69 1.83 1.83 1.83 1.77 1.77 0.24 1.77 1.77 1.77 1.77 1.77 1.84 1.84 1.84 1.84
1.09 1.09 2.97 1.09 1.12 1.12 1.12 1.12 2.40 1.21 2.40 2.41 1.22 1.22 1.22 1.22 1.91 1.91 1.91 1.91 1.90 1.90 1.90 1.90 1.89 1.89 1.89 1.89 1.89 1.89 1.89 1.89 0.52 0.79 0.79 0.79 0.79 0.79 0.79 2.73 2.80 2.80 2.80 2.80 2.90 2.90 2.90 2.90 2.92 2.92 2.92 2.92 2.93 2.93 2.93 2.93 2.91 2.91 2.91 1.25 2.89 2.89 2.89 2.89 2.74 2.74 2.74 2.74 2.69 1.83 1.83 1.83 1.77 1.77 1.77 1.77 1.77 1.77 1.77 1.77 1.84 1.84 1.84 1.84
1.09 1.09 1.09 1.09 1.12 1.12 1.12 1.12 1.21 1.21 1.21 1.21 1.22 1.22 1.22 1.22 1.91 1.91 1.91 1.91 1.90 1.90 1.90 1.90 1.89 1.89 1.89 1.89 1.89 1.89 1.89 1.89 1.96 2.71 2.71 0.79 0.79 0.79 2.73 2.73 2.80 2.80 2.80 2.80 2.90 2.90 2.90 2.90 2.92 2.92 2.92 2.92 2.93 1.76 1.17 1.26 1.25 1.25 1.25 1.25 1.24 1.24 1.24 1.24 1.17 2.74 2.74 2.74 2.69 1.83 1.83 1.83 1.77 1.77 1.77 1.77 1.77 1.77 1.77 1.77 1.84 1.84 1.84 1.84
1.09 1.09 1.09 1.09 1.12 1.12 1.12 1.12 1.21 1.21 1.21 1.21 1.22 1.22 1.22 1.22 1.91 1.91 1.91 1.91 1.90 1.90 1.90 1.90 1.89 1.89 1.89 1.89 1.89 1.89 1.89 1.89 1.96 2.71 2.71 2.71 2.73 2.73 2.73 2.73 2.80 2.80 2.80 2.80 2.90 2.90 2.90 2.90 2.92 2.92 2.92 1.26 1.26 1.17 1.17 1.17 1.17 1.25 1.25 1.25 1.24 1.24 1.24 1.24 1.17 1.17 2.74 2.74 2.69 1.83 1.83 1.83 1.77 1.77 1.77 1.77 1.77 1.77 1.77 1.77 1.84 1.84 1.84 1.84
1.26 1.26 1.26 1.26 1.28 1.28 1.28 1.28 1.28 1.28 1.28 1.28 1.29 1.29 1.29 1.29 1.98 1.98 1.98 1.98 1.97 1.97 1.97 1.97 1.96 1.96 1.96 1.96 1.96 1.96 1.96 1.96 2.05 2.05 2.83 2.83 2.85 2.85 2.85 2.85 2.92 2.92 2.92 2.92 2.96 2.96 2.96 2.96 2.95 1.76 2.95 1.27 1.27 1.17 1.17 1.17 1.17 1.27 1.27 1.27 1.26 1.26 1.26 1.26 1.19 1.19 1.19 2.78 1.86 1.86 1.86 1.86 1.83 1.83 1.83 1.83 1.85 1.85 1.85 1.85 1.88 1.88 1.88 1.88
1.26 1.26 1.26 1.26 1.28 1.28 1.28 1.28 1.28 1.28 1.28 1.28 1.29 1.29 1.29 1.29 1.98 1.98 1.98 1.98 1.97 1.97 1.97 1.97 1.96 1.96 1.96 1.96 1.96 1.96 1.96 1.96 2.05 2.05 2.83 2.83 2.85 2.85 2.85 2.85 2.92 2.92 2.92 2.92 2.96 2.96 2.96 2.96 2.95 2.95 1.17 1.30 1.30 1.17 1.30 1.30 1.30 1.17 1.52 3.14 1.17 1.30 1.26 1.30 1.19 1.19 1.19 2.78 1.86 1.86 1.86 1.86 1.83 1.83 1.83 1.83 1.85 1.85 1.85 1.85 1.88 1.88 1.88 1.88
1.26 1.26 1.26 1.26 1.28 1.28 1.28 1.28 1.28 1.28 1.28 1.28 1.29 1.29 1.29 1.29 1.98 1.98 1.98 1.98 1.97 1.97 1.97 1.97 1.96 1.96 1.96 1.96 1.96 1.96 1.96 1.96 2.05 2.05 2.83 2.83 2.85 2.85 2.85 2.85 2.92 2.92 2.92 2.92 2.96 2.96 3.61 1.19 2.95 1.27 1.30 1.30 1.17 3.14 3.14 3.14 3.14 3.14 3.14 3.14 3.14 3.14 1.17 1.30 1.19 1.19 1.19 1.19 0.50 1.86 1.86 1.86 1.83 1.83 1.83 1.83 1.85 1.85 1.85 1.85 1.88 1.88 0.52 0.52
1.26 1.26 1.26 1.26 1.28 1.28 1.28 1.28 1.28 1.28 1.28 1.28 1.29 1.29 1.29 0.33 0.78 0.78 1.98 1.98 1.97 1.97 1.97 1.97 1.96 1.96 1.96 1.96 1.96 1.96 1.96 1.96 2.05 2.05 2.05 2.83 2.85 2.85 2.85 2.85 2.92 2.92 2.92 2.92 2.96 1.78 1.06 1.32 1.30 1.17 3.14 1.52 3.14 3.14 3.14 0.00 1.52 0.00 0.00 0.00 3.14 3.14 3.14 3.14 3.01 3.01 1.19 1.19 0.50 0.50 1.86 1.86 1.83 1.83 1.83 1.83 1.85 1.85 1.85 1.85 0.51 0.51 0.52 0.52
1.33 0.34 0.54 0.54 1.32 1.32 1.32 0.34 1.32 1.32 1.32 0.99 1.33 1.33 0.78 0.34 0.80 0.80 0.80 2.02 2.01 2.01 2.01 2.01 2.00 2.00 2.00 2.00 2.00 2.00 2.00 2.00 2.10 2.10 2.10 2.89 2.90 2.90 2.90 1.66 2.93 2.93 1.67 1.78 1.78 1.19 1.28 1.19 1.52 1.52 3.14 0.00 0.00 0.00 0.00 0.00 0.00 0.00 0.00 0.00 0.00 0.00 0.00 0.00 3.01 3.01 1.11 1.11 0.51 0.51 1.88 1.88 1.87 1.87 1.87 1.87 1.88 0.52 0.52 0.52 0.52 0.24 0.52 0.24
0.34 0.34 0.34 0.54 0.34 0.34 0.48 0.34 0.34 0.46 0.48 0.54 0.99 0.99 0.48 0.54 0.80 0.80 0.80 2.02 2.01 2.01 2.01 2.01 2.00 2.00 2.00 2.00 2.00 2.00 2.00 2.00 2.10 2.10 2.10 2.10 2.90 2.90 2.15 2.15 1.78 1.19 1.78 1.19 1.19 1.19 1.19 3.18 13.04 0.00 0.00 0.00 0.00 0.00 0.00 0.00 0.00 0.00 0.00 0.00 0.00 0.00 0.00 0.00 0.00 0.00 3.01 1.41 1.41 0.25 0.25 1.88 0.52 0.73 1.87 1.87 1.88 0.73 0.73 0.73 0.52 0.24 0.39 0.39
0.30 0.44 0.44 0.50 0.30 0.50 0.50 0.50 0.50 0.44 0.44 0.50 0.50 0.50 0.44 0.50 0.53 0.33 0.33 0.33 1.29 1.29 1.29 0.32 0.32 0.32 0.32 1.28 0.97 1.28 1.28 0.32 0.34 0.34 0.34 0.48 1.11 0.80 0.80 0.80 0.71 0.95 0.95 2.14 0.71 0.71 0.71 0.00 0.00 0.00 0.00 0.00 0.00 0.00 0.00 0.00 0.00 0.00 0.00 0.00 0.00 0.00 0.00 0.00 0.00 0.00 0.00 0.00 0.00 12.30 1.31 1.31 0.37 1.56 0.67 0.73 0.67 0.73 1.58 1.58 0.48 0.36 0.18 1.31
0.50 0.50 0.60 0.60 0.30 0.30 0.44 0.44 0.60 0.60 1.53 1.53 1.53 0.50 0.44 0.50 0.53 0.33 0.33 0.47 0.47 0.32 0.32 0.47 0.47 0.32 0.53 0.53 0.47 0.53 0.47 0.47 0.34 0.34 0.34 0.34 0.95 0.95 0.95 0.95 0.95 0.95 2.14 2.14 2.14 0.00 0.00 0.00 0.00 0.00 0.00 0.00 0.00 0.00 0.00 0.00 0.00 0.00 0.00 0.00 0.00 0.00 0.00 0.00 0.00 0.00 0.00 0.00 0.00 0.00 0.00 0.00 0.00 0.36 0.36 0.36 0.27 0.27 0.36 1.31 0.36 0.00 1.31 1.31
0.60 0.60 0.60 0.60 0.50 0.50 0.44 0.60 0.60 0.60 0.60 1.53 1.53 0.38 0.60 0.60 0.64 0.47 0.41 1.61 1.61 0.64 0.53 0.47 0.47 0.53 0.53 0.53 0.64 1.61 0.47 0.47 0.48 0.66 0.34 1.66 1.66 2.14 2.14 2.14 0.95 2.14 2.14 2.14 0.00 0.00 0.00 0.00 0.00 0.00 0.00 0.00 0.00 0.00 0.00 0.00 0.00 0.00 0.00 0.00 0.00 0.00 0.00 0.00 0.00 0.00 0.00 0.00 0.00 0.00 0.00 0.00 0.00 0.00 0.00 0.00 12.30 1.31 0.36 0.36 0.00 0.00 0.00 1.31
0.60 1.53 1.53 1.53 0.44 0.44 0.60 0.60 0.60 0.60 0.60 1.53 1.53 1.53 1.53 0.38 0.64 0.64 1.61 1.61 1.61 0.41 0.41 0.64 0.64 0.64 0.64 0.47 0.64 0.64 0.64 0.64 0.66 1.66 1.66 1.66 1.66 2.14 2.14 2.14 2.14 2.14 2.14 0.00 0.00 0.00 0.00 0.00 0.00 0.00 0.00 0.00 0.00 0.00 0.00 0.00 0.00 0.00 0.00 0.00 0.00 0.00 0.00 0.00 0.00 0.00 0.00 0.00 0.00 0.00 0.00 0.00 0.00 0.00 0.00 0.00 0.00 0.00 0.00 0.00 0.00 0.00 0.00 0.00
0.60 0.60 0.60 1.53 0.60 0.60 0.38 1.53 0.38 0.38 0.38 1.53 1.53 0.00 0.00 0.00 0.00 1.61 1.61 0.00 0.00 0.00 0.00 12.12 1.61 1.61 1.61 1.61 1.61 1.61 1.61 1.61 1.66 1.66 1.66 1.66 1.66 2.14 2.14 2.14 2.14 2.14 0.00 0.00 0.00 0.00 0.00 0.00 0.00 0.00 0.00 0.00 0.00 0.00 0.00 0.00 0.00 0.00 0.00 0.00 0.00 0.00 0.00 0.00 0.00 0.00 0.00 0.00 0.00 0.00 0.00 0.00 0.00 0.00 0.00 0.00 0.00 0.00 0.00 0.00 0.00 0.00 0.00 0.00
0.60 1.53 0.60 0.60 1.53 0.38 0.38 1.53 0.38 0.38 0.38 1.53 0.00 0.00 0.00 0.00 0.00 0.00 0.00 0.00 0.00 0.00 0.00 0.00 0.00 0.00 0.00 1.61 1.61 1.61 1.61 1.61 1.66 1.66 1.66 1.66 1.66 1.66 2.14 2.14 2.14 2.14 0.00 0.00 0.00 0.00 0.00 0.00 0.00 0.00 0.00 0.00 0.00 0.00 0.00 0.00 0.00 0.00 0.00 0.00 0.00 0.00 0.00 0.00 0.00 0.00 0.00 0.00 0.00 0.00 0.00 0.00 0.00 0.00 0.00 0.00 0.00 0.00 0.00 0.00 0.00 0.00 0.00 0.00
0.60 1.53 1.53 1.53 0.38 0.38 0.38 0.38 0.38 0.38 0.38 1.53 0.00 0.00 0.00 0.00 0.00 0.00 0.00 0.00 0.00 0.00 0.00 0.00 0.00 0.00 0.00 0.00 0.00 0.00 1.61 1.61 0.00 0.00 0.00 0.00 0.00 0.00 0.00 0.00 0.00 0.00 0.00 0.00 0.00 0.00 0.00 0.00 0.00 0.00 0.00 0.00 0.00 0.00 0.00 0.00 0.00 0.00 0.00 0.00 0.00 0.00 0.00 0.00 0.00 0.00 0.00 0.00 0.00 0.00 0.00 0.00 0.00 0.00 0.00 0.00 0.00 0.00 0.00 0.00 0.00 0.00 0.00 0.00
0.60 0.38 0.38 0.38 0.38 0.38 0.60 0.38 11.80 0.00 0.00 0.00 0.00 0.00 0.00 0.00 0.00 0.00 0.00 0.00 0.00 0.00 0.00 0.00 0.00 0.00 0.00 0.00 0.00 0.00 0.00 0.00 0.00 0.00 0.00 0.00 0.00 0.00 0.00 0.00 0.00 0.00 0.00 0.00 0.00 0.00 0.00 0.00 0.00 0.00 0.00 0.00 0.00 0.00 0.00 0.00 0.00 0.00 0.00 0.00 0.00 0.00 0.00 0.00 0.00 0.00 0.00 0.00 0.00 0.00 0.00 0.00 0.00 0.00 0.00 0.00 0.00 0.00 0.00 0.00 0.00 0.00 0.00 0.00
0.60 0.60 0.44 1.53 0.38 1.53 1.53 1.53 2.43 2.84 1.53 1.53 0.00 0.00 0.00 0.00 0.00 0.00 0.00 0.00 0.00 0.00 0.00 0.00 0.00 0.00 0.00 0.00 0.00 0.00 0.00 0.00 0.00 0.00 0.00 0.00 0.00 0.00 0.00 0.00 0.00 0.00 0.00 0.00 0.00 0.00 0.00 0.00 0.00 0.00 0.00 0.00 0.00 0.00 0.00 0.00 0.00 0.00 0.00 0.00 0.00 0.00 0.00 0.00 0.00 0.00 0.00 0.00 0.00 0.00 0.00 0.00 0.00 0.00 0.00 0.00 0.00 0.00 0.00 0.00 0.00 0.00 0.00 0.00
0.86 0.60 0.60 0.38 1.53 1.53 1.53 1.53 1.53 0.38 0.38 1.53 0.00 0.00 0.00 0.00 0.00 0.00 0.00 0.00 0.00 0.00 0.00 0.00 0.00 0.00 0.00 0.00 0.00 0.00 0.00 0.00 0.00 0.00 0.00 0.00 0.00 0.00 0.00 0.00 0.00 0.00 0.00 0.00 0.00 0.00 0.00 0.00 0.00 0.00 0.00 0.00 0.00 0.00 0.00 0.00 0.00 0.00 0.00 0.00 0.00 0.00 0.00 0.00 0.00 0.00 0.00 0.00 0.00 0.00 0.00 0.00 0.00 0.00 0.00 0.00 0.00 0.00 0.00 0.00 0.00 0.00 0.00 0.00
0.29 0.68 1.53 1.53 1.53 1.53 1.53 1.53 1.53 1.93 1.53 1.53 0.00 0.00 0.00 0.00 0.00 0.00 0.00 0.00 0.00 0.00 0.00 0.00 0.00 0.00 0.00 0.00 0.00 0.00 0.00 0.00 0.00 0.00 0.00 0.00 0.00 0.00 0.00 0.00 0.00 0.00 0.00 0.00 0.00 0.00 0.00 0.00 0.00 0.00 0.00 0.00 0.00 0.00 0.00 0.00 0.00 0.00 0.00 0.00 0.00 0.00 0.00 0.00 0.00 0.00 0.00 0.00 0.00 0.00 0.00 0.00 0.00 0.00 0.00 0.00 0.00 0.00 0.00 0.00 0.00 0.00 0.00 0.00
0.29 1.16 0.60 1.53 0.60 0.31 0.72 0.72 0.44 0.60 1.53 1.53 1.53 1.53 1.53 1.53 1.61 1.61 2.57 0.64 0.00 0.00 0.00 0.00 0.00 0.00 0.00 0.00 0.00 0.00 0.00 0.00 0.00 0.00 0.00 0.00 0.00 0.00 0.00 0.00 0.00 0.00 0.00 0.00 0.00 0.00 0.00 0.00 0.00 0.00 0.00 0.00 0.00 0.00 0.00 0.00 0.00 0.00 0.00 0.00 0.00 0.00 0.00 0.00 0.00 0.00 0.00 0.00 0.00 0.00 0.00 0.00 0.00 0.00 0.00 0.00 0.00 0.00 0.00 0.00 0.00 0.00 0.00 0.00
0.29 0.29 0.29 1.53 0.92 0.72 2.46 1.24 1.23 0.72 0.72 0.72 0.44 1.53 0.60 0.60 0.64 0.64 1.61 2.12 0.64 1.61 0.00 0.00 0.00 0.00 0.00 0.00 0.00 0.00 0.00 0.00 0.00 0.00 0.00 0.00 0.00 0.00 0.00 0.00 0.00 0.00 0.00 0.00 0.00 0.00 0.00 0.00 0.00 0.00 0.00 0.00 0.00 0.00 0.00 0.00 0.00 0.00 0.00 0.00 0.00 0.00 0.00 0.00 0.00 0.00 0.00 0.00 0.00 0.00 0.00 0.00 0.00 0.00 0.00 0.00 0.00 0.00 0.00 0.00 0.00 0.00 0.00 0.00
1.16 1.16 0.55 1.82 0.72 0.72 1.24 1.24 1.23 1.23 0.92 0.92 0.92 0.60 0.60 0.50 0.97 0.97 0.77 0.77 0.53 0.41 0.41 1.61 0.00 0.00 0.00 0.00 0.00 0.00 0.00 0.00 0.00 0.00 0.00 0.00 0.00 0.00 0.00 0.00 0.00 0.00 0.00 0.00 0.00 0.00 0.00 0.00 0.00 0.00 0.00 0.00 0.00 0.00 0.00 0.00 0.00 0.00 0.00 0.00 0.00 0.00 0.00 0.00 0.00 0.00 0.00 0.00 0.00 0.00 0.00 0.00 0.00 0.00 0.00 0.00 0.00 0.00 0.00 0.00 0.00 0.00 0.00 0.00
0.55 0.55 0.55 0.55 0.72 0.72 1.23 1.23 1.22 1.22 1.22 1.22 2.43 0.38 0.38 1.52 0.77 0.77 0.77 1.18 0.77 0.77 1.61 0.64 0.64 1.61 1.61 0.00 0.00 0.00 0.00 0.00 0.00 0.00 0.00 0.00 0.00 0.00 0.00 0.00 0.00 0.00 0.00 0.00 0.00 0.00 0.00 0.00 0.00 0.00 0.00 0.00 0.00 0.00 0.00 0.00 0.00 0.00 0.00 0.00 0.00 0.00 0.00 0.00 0.00 0.00 0.00 0.00 0.00 0.00 0.00 0.00 0.00 0.00 0.00 0.00 0.00 0.00 0.00 0.00 0.00 0.00 0.00 0.00
0.55 0.69 0.55 0.55 1.28 1.23 2.44 1.23 1.22 1.22 1.22 1.22 0.72 0.44 0.72 0.92 0.97 1.37 0.77 1.28 1.26 0.77 0.77 0.64 0.64 0.41 1.61 1.61 0.00 0.00 0.00 0.00 0.00 0.00 0.00 0.00 0.00 0.00 0.00 0.00 0.00 0.00 0.00 0.00 0.00 0.00 0.00 0.00 0.00 0.00 0.00 0.00 0.00 0.00 0.00 0.00 0.00 0.00 0.00 0.00 0.00 0.00 0.00 0.00 0.00 0.00 0.00 0.00 0.00 0.00 0.00 0.00 0.00 0.00 0.00 0.00 0.00 0.00 0.00 0.00 0.00 0.00 0.00 0.00
0.53 0.53 0.45 0.37 0.37 0.37 0.70 1.12 1.11 1.11 1.11 0.47 0.70 1.49 1.29 0.89 0.93 0.90 0.49 1.22 1.12 1.12 0.73 0.73 0.61 0.61 0.61 1.55 1.55 0.00 0.00 0.00 0.00 0.00 0.00 0.00 0.00 0.00 0.00 11.93 1.57 0.00 0.00 0.00 0.00 0.00 0.00 2.03 3.35 3.35 2.65 2.03 0.00 0.00 0.00 0.00 0.00 0.00 0.00 0.00 0.00 0.00 0.00 0.00 0.00 0.00 0.00 0.00 0.00 0.00 0.00 0.00 0.00 0.00 0.00 0.00 0.00 0.00 0.00 0.00 0.00 0.00 0.00 0.00
0.84 0.37 0.63 0.63 0.37 1.24 1.12 1.12 1.11 1.11 1.11 0.47 0.70 0.70 1.06 0.70 0.73 0.73 1.22 1.22 1.12 1.12 1.12 0.93 0.73 0.73 0.44 0.61 1.55 1.55 1.55 1.55 0.00 0.00 0.00 0.00 0.00 0.00 1.57 1.57 1.57 1.57 2.03 2.03 2.03 2.03 2.03 2.03 2.03 2.03 0.89 2.03 2.03 0.00 0.00 0.00 0.00 0.00 0.00 0.00 0.00 0.00 0.00 0.00 0.00 0.00 0.00 0.00 0.00 0.00 0.00 0.00 0.00 0.00 0.00 0.00 0.00 0.00 0.00 0.00 0.00 0.00 0.00 0.00
1.27 0.37 0.37 0.37 1.24 1.24 1.24 1.12 1.11 1.11 1.11 1.11 1.10 1.10 1.10 0.70 1.11 2.32 1.11 1.11 1.11 1.11 1.11 1.11 1.23 1.23 1.23 0.30 0.14 1.55 1.55 2.45 1.57 1.57 0.00 0.00 0.00 1.57 1.57 1.57 1.57 1.57 2.03 2.03 2.03 2.03 2.05 2.36 2.06 2.03 2.03 0.59 0.59 0.00 0.00 0.00 0.00 0.00 0.00 0.00 0.00 0.00 0.00 0.00 0.00 0.00 0.00 0.00 0.00 0.00 0.00 0.00 0.00 0.00 0.00 0.00 0.00 0.00 0.00 0.00 0.00 0.00 0.00 0.00
0.53 1.27 1.27 1.27 1.24 1.24 1.24 1.24 1.11 1.11 1.11 2.31 1.10 1.10 1.10 1.10 1.11 1.11 1.11 1.11 1.11 1.11 1.11 1.11 1.23 1.23 1.23 0.73 0.44 1.55 1.55 1.55 1.57 1.57 1.57 1.57 1.57 1.57 1.57 0.51 0.51 0.94 0.94 1.29 1.29 1.29 1.29 1.29 2.03 2.03 11.93 0.00 0.00 0.00 0.00 0.00 0.00 0.00 0.00 0.00 0.00 0.00 0.00 0.00 0.00 0.00 0.00 0.00 0.00 0.00 0.00 0.00 0.00 0.00 0.00 0.00 0.00 0.00 0.00 0.00 0.00 0.00 0.00 0.00
0.53 0.37 1.27 1.27 1.24 1.24 1.24 1.24 1.11 1.11 1.11 1.11 1.10 1.10 1.10 1.10 1.11 3.02 1.11 1.11 1.11 1.11 1.11 1.11 1.23 1.23 1.23 0.73 1.55 1.55 1.55 1.55 1.57 1.57 1.57 1.57 1.57 1.57 2.16 0.62 0.74 0.94 0.94 1.29 1.29 1.29 1.04 2.03 2.03 2.03 2.03 0.00 0.00 0.00 0.00 0.00 0.00 0.00 0.00 0.00 0.00 0.00 0.00 0.00 0.00 0.00 0.00 0.00 0.00 0.00 0.00 0.00 0.00 0.00 0.00 0.00 0.00 0.00 0.00 0.00 0.00 0.00 0.00 0.00
0.28 0.53 1.27 1.27 1.24 0.53 0.37 1.24 1.23 1.11 1.11 1.11 1.10 1.10 1.10 1.10 1.11 1.11 1.11 1.11 1.11 1.11 1.11 1.11 1.23 1.23 0.49 1.55 1.55 1.55 1.55 1.55 1.57 1.57 0.39 0.39 1.57 0.45 0.45 0.94 1.22 2.24 1.49 1.49 1.49 3.98 2.77 2.38 2.03 0.00 0.00 0.00 0.00 0.00 0.00 0.00 0.00 0.00 0.00 0.00 0.00 0.00 0.00 0.00 0.00 0.00 0.00 0.00 0.00 0.00 0.00 0.00 0.00 0.00 0.00 0.00 0.00 0.00 0.00 0.00 0.00 0.00 0.00 0.00
