New_Model_Runs/5_FutureClimate_BASE_out/post_prcessed_with_MFR/Monthly_summaries/runoff_monthly_OCT.asc
NCOLS 700
NROWS 400
XLLCENTER 515000.000000
YLLCENTER 8409000.000000
CELLSIZE 50.000000
NODATA_value -999.000000
[rows 152 to 189 of 400, columns 336 to 419 of 700]
0.01 0.00 0.24 0.17 0.17 0.03 0.01 0.01 0.01 0.17 0.55 0.55 0.72 0.72 0.52 0.52 0.45 0.45 0.61 0.45 0.47 0.47 0.47 0.47 0.49 0.49 0.05 0.33 0.33 0.33 0.33 0.33 0.26 0.26 0.26 0.04 0.04 0.02 0.10 0.44 0.43 0.12 0.12 0.07 0.07 0.80 0.30 0.30 0.25 0.00 0.00 0.00 0.00 0.00 0.00 0.00 0.00 0.00 0.00 0.00 0.00 0.00 0.00 0.00 0.00 0.00 0.00 0.00 0.00 0.00 0.00 0.00 0.00 0.00 0.00 0.00 0.00 0.00 0.00 0.00 0.00 0.00 0.00 0.00
0.01 0.00 0.01 0.01 0.01 0.01 0.01 0.24 0.02 0.17 0.17 0.55 0.52 0.52 0.52 0.52 0.45 0.45 0.45 0.45 0.47 0.47 0.47 0.47 0.49 0.05 0.05 0.05 0.05 0.05 0.33 0.05 0.04 0.04 0.04 0.04 0.04 0.05 0.07 0.44 0.43 0.12 0.12 0.04 0.01 0.30 0.30 0.30 0.25 0.00 0.00 0.00 0.00 0.00 0.00 0.00 0.00 0.00 0.00 0.00 0.00 0.00 0.00 0.00 0.00 0.00 0.00 0.00 0.00 0.00 0.00 0.00 0.00 0.00 0.00 0.00 0.00 0.00 0.00 0.00 0.00 0.00 0.00 0.00
0.01 0.00 0.00 0.03 0.01 0.04 0.17 0.17 0.17 0.17 0.17 0.55 0.52 0.52 0.52 0.69 0.45 0.45 0.45 0.45 0.47 0.47 0.47 0.47 0.09 0.09 0.09 0.14 0.05 0.05 0.05 0.05 0.26 0.04 0.04 0.04 0.04 0.01 0.07 0.12 0.43 0.02 0.02 0.04 0.30 0.04 0.01 0.01 0.25 0.00 0.00 0.00 0.00 0.00 0.00 0.00 0.00 0.00 0.00 0.00 0.00 0.00 0.00 0.00 0.00 0.00 0.00 0.00 0.00 0.00 0.00 0.00 0.00 0.00 0.00 0.00 0.00 0.00 0.00 0.00 0.00 0.00 0.00 0.00
0.17 0.01 0.00 0.01 0.01 0.01 0.02 0.17 0.17 0.17 0.17 0.17 0.72 0.52 0.52 0.52 0.45 0.45 0.45 0.45 0.47 0.47 0.47 0.47 0.49 0.49 0.49 0.49 0.03 0.02 0.33 0.06 0.04 0.04 0.04 0.01 0.02 0.12 0.12 0.44 0.12 0.01 0.30 0.04 0.30 0.30 0.01 0.01 0.25 0.00 0.00 0.00 0.00 0.00 0.00 0.00 0.00 0.00 0.00 0.00 0.00 0.00 0.00 0.00 0.00 0.00 0.00 0.00 0.00 0.00 0.00 0.00 0.00 0.00 0.00 0.00 0.00 0.00 0.00 0.00 0.00 0.00 0.00 0.00
0.03 0.01 0.02 0.01 0.17 0.17 0.17 0.17 0.17 0.17 0.17 0.17 0.18 0.71 0.52 0.52 0.46 0.46 0.46 0.46 0.47 0.47 0.47 0.47 0.48 0.48 0.48 0.48 0.09 0.06 0.07 0.06 0.04 0.04 0.04 0.07 0.07 0.43 0.43 0.43 0.12 0.02 0.30 0.04 0.04 0.30 0.01 0.30 0.25 0.25 6.95 0.00 0.00 0.00 0.00 0.00 0.00 0.00 0.00 0.00 0.00 0.00 0.00 0.00 0.00 0.00 0.00 0.00 0.00 0.00 0.00 0.00 0.00 0.00 0.00 0.00 0.00 0.00 0.00 0.00 0.00 0.00 0.00 0.00
0.01 0.01 0.17 0.01 0.17 0.17 0.17 0.17 0.17 0.20 0.17 0.17 0.08 0.08 0.52 0.52 0.46 0.46 0.46 0.46 0.63 0.47 0.47 0.47 0.48 0.48 0.53 0.09 0.09 0.54 0.03 0.06 0.04 0.12 0.07 0.07 0.43 0.43 0.43 0.43 0.12 0.07 0.30 0.30 0.04 0.30 0.30 0.01 0.03 0.25 0.25 0.00 0.00 0.00 0.00 0.00 0.00 0.00 0.00 0.00 0.00 0.00 0.00 0.00 0.00 0.00 0.00 0.00 0.00 0.00 0.00 0.00 0.00 0.00 0.00 0.00 0.00 0.00 0.00 0.00 0.00 0.00 0.00 0.00
0.17 0.02 0.17 0.17 0.17 0.17 0.17 0.01 0.01 0.17 0.17 0.17 0.09 0.08 0.52 0.52 0.46 0.46 0.46 0.61 0.47 0.47 0.47 0.53 0.53 0.53 0.53 0.53 0.54 0.54 0.15 0.15 0.12 0.12 0.44 0.12 0.43 0.43 0.43 0.43 0.44 0.44 0.30 0.30 0.01 0.01 0.30 0.30 0.25 0.25 0.00 0.00 0.00 0.00 0.00 0.00 0.00 0.00 0.00 0.00 0.00 0.00 0.00 0.00 0.00 0.00 0.00 0.00 0.00 0.00 0.00 0.00 0.00 0.00 0.00 0.00 0.00 0.00 0.00 0.00 0.00 0.00 0.00 0.00
0.17 0.17 0.02 0.17 0.17 0.17 0.01 0.01 0.01 0.17 0.17 0.17 0.08 0.08 0.08 0.52 0.46 0.46 0.46 0.46 0.47 0.71 0.53 0.53 0.53 0.71 0.53 0.53 0.54 0.54 0.09 0.69 0.44 0.44 0.44 0.44 0.43 0.43 0.43 0.43 0.44 0.12 0.30 0.04 0.04 0.01 0.30 0.30 0.25 0.25 0.25 0.00 0.00 0.00 0.00 0.00 0.00 0.00 0.00 0.00 0.00 0.00 0.00 0.00 0.00 0.00 0.00 0.00 0.00 0.00 0.00 0.00 0.00 0.00 0.00 0.00 0.00 0.00 0.00 0.00 0.00 0.00 0.00 0.00
0.17 0.17 0.01 0.17 0.17 0.17 0.01 0.01 0.16 0.16 0.16 0.16 0.08 0.08 0.08 0.08 0.45 0.45 0.50 0.50 0.51 0.51 0.51 0.51 0.52 0.52 0.52 0.52 0.52 0.70 0.52 0.52 0.43 0.43 0.43 0.62 0.43 0.43 0.43 0.43 0.44 0.12 0.12 0.02 0.02 0.04 0.02 0.04 0.01 0.01 0.27 0.27 0.00 0.00 0.00 0.00 0.00 0.00 0.00 0.00 0.00 0.00 0.00 0.00 0.00 0.00 0.00 0.00 0.00 0.00 0.00 0.00 0.00 0.00 0.00 0.00 0.00 0.00 0.00 0.00 0.00 0.00 0.00 0.00
0.17 0.06 0.06 0.17 0.17 0.17 0.01 0.01 0.01 0.16 0.16 0.53 0.08 0.08 0.08 0.08 0.50 0.50 0.50 0.50 0.51 0.51 0.51 0.51 0.52 0.75 0.52 0.52 0.52 0.75 0.52 0.52 0.43 0.43 0.57 0.57 0.43 0.43 0.43 0.43 0.11 0.07 0.11 0.12 0.12 0.12 0.12 0.12 0.09 0.10 0.09 0.03 0.25 0.25 0.31 0.25 0.00 0.00 0.00 0.00 0.00 0.00 0.00 0.00 0.00 0.00 0.00 0.00 0.00 0.00 0.00 0.00 0.00 0.00 0.00 0.00 0.00 0.00 0.00 0.00 0.00 0.00 0.00 0.00
0.35 0.44 0.35 0.35 0.35 0.35 0.35 0.42 0.08 0.34 0.34 0.34 0.31 0.31 0.31 0.31 0.67 0.92 0.67 0.67 0.68 0.68 0.68 0.68 0.68 0.94 0.68 0.68 0.94 0.68 1.36 0.68 0.45 0.45 0.45 0.45 0.45 0.45 0.45 0.60 0.46 0.46 0.46 0.19 0.12 0.46 0.46 0.46 0.36 0.09 0.09 0.03 0.03 0.25 0.25 0.25 0.25 0.26 0.25 0.25 0.00 0.00 0.00 0.00 0.00 0.00 0.00 0.00 0.00 0.00 0.00 0.00 0.00 0.00 0.00 0.00 0.00 0.00 0.00 0.00 0.00 0.00 0.00 0.00
0.35 0.42 0.42 0.35 0.35 0.35 0.35 0.35 0.34 0.34 0.34 0.34 0.39 0.31 0.31 0.31 0.67 0.67 0.67 0.67 0.68 0.68 0.68 0.68 0.68 0.68 0.68 0.68 0.68 0.68 0.94 0.68 0.45 0.45 0.45 0.45 0.45 0.45 0.60 0.45 0.46 0.46 0.46 0.46 0.46 0.46 0.46 0.46 0.36 0.36 0.36 0.00 0.01 0.00 0.25 0.25 0.25 0.05 0.05 0.03 0.25 0.00 0.00 0.00 0.00 0.00 0.00 0.00 0.00 0.00 0.00 0.00 0.00 0.00 0.00 0.00 0.00 0.00 0.00 0.00 0.00 0.00 0.00 0.00
0.34 0.34 0.41 0.34 0.33 0.33 0.33 0.33 0.38 0.31 0.31 0.38 0.28 0.28 0.28 0.80 0.67 0.67 0.67 0.67 0.69 0.69 0.69 0.69 0.68 0.68 0.68 0.68 0.68 0.68 0.68 0.68 0.45 0.45 0.45 0.45 0.46 0.46 0.46 0.46 0.45 0.45 0.45 0.45 0.45 0.66 0.45 0.45 0.36 0.36 0.09 0.25 0.01 0.00 0.25 0.25 0.04 0.35 0.35 0.35 0.34 0.09 0.32 6.91 0.00 0.00 0.00 0.00 0.00 0.00 0.00 0.00 0.00 0.00 0.00 0.00 0.00 0.00 0.00 0.00 0.00 0.00 0.00 0.00
0.34 0.34 0.34 0.34 0.33 0.33 0.33 0.33 0.31 0.31 0.31 0.31 0.28 0.28 0.28 0.80 0.67 0.67 0.67 0.67 0.69 0.69 0.69 0.69 0.68 0.68 0.68 0.68 0.68 0.68 0.68 0.68 0.45 0.45 0.45 0.45 0.46 0.46 0.46 0.46 0.45 0.45 0.45 0.45 0.45 0.60 0.45 0.45 0.36 0.09 0.09 0.25 0.01 0.25 0.03 0.03 0.35 0.35 0.35 0.35 0.35 0.35 0.35 0.35 0.00 0.00 0.00 0.00 0.00 0.00 0.00 0.00 0.00 0.00 0.00 0.00 0.00 0.00 0.00 0.00 0.00 0.00 0.00 0.00
0.41 0.34 0.34 0.41 0.33 0.33 0.33 0.33 0.31 0.31 0.31 0.31 0.28 0.28 0.28 0.80 0.67 0.67 0.67 0.67 0.69 0.69 0.69 0.69 0.68 0.68 0.68 0.68 0.68 0.68 0.68 0.68 0.45 0.45 0.45 0.45 0.46 0.46 0.46 0.46 0.45 0.45 0.45 0.45 0.45 0.45 0.45 0.45 0.36 0.05 0.05 0.05 0.00 0.01 0.01 0.01 0.35 0.35 0.35 0.35 0.35 0.35 0.35 0.35 0.00 0.00 0.00 0.00 0.00 0.00 0.00 0.00 0.00 0.00 0.00 0.00 0.00 0.00 0.00 0.00 0.00 0.00 0.00 0.00
0.34 0.34 0.34 0.34 0.33 0.40 0.33 0.33 0.31 0.31 0.31 0.31 0.28 0.28 0.80 0.80 0.67 0.67 0.67 0.67 0.69 0.69 0.69 0.69 0.68 0.68 0.68 0.68 0.68 0.68 0.68 0.68 0.45 0.45 0.45 0.45 0.46 0.46 0.46 0.46 0.45 0.45 0.45 0.45 0.45 0.45 0.45 0.45 0.09 0.09 0.11 0.05 0.01 0.01 0.01 0.01 0.35 0.35 0.35 0.09 0.05 0.35 0.09 0.35 0.00 0.00 0.00 0.00 0.00 0.00 0.00 0.00 0.00 0.00 0.00 0.00 0.00 0.00 0.00 0.00 0.00 0.00 0.00 0.00
0.33 0.33 0.33 0.33 0.29 0.29 0.38 0.29 0.30 0.30 0.30 0.30 0.33 0.33 0.94 0.94 0.70 0.70 0.70 0.70 0.70 0.70 0.70 0.96 0.70 0.70 0.70 0.70 0.70 0.70 0.70 0.70 0.47 0.47 0.47 0.47 0.47 0.47 0.47 0.47 0.84 0.12 0.15 0.46 0.46 0.46 0.46 0.46 0.36 0.13 0.36 0.36 0.35 0.35 0.35 0.35 0.35 0.35 0.35 0.09 0.05 0.34 0.00 0.00 0.00 0.00 0.00 0.00 0.00 0.00 0.00 0.00 0.00 0.00 0.00 0.00 0.00 0.00 0.00 0.00 0.00 0.00 0.00 0.00
0.33 0.33 0.33 0.33 0.29 0.29 0.29 0.29 0.30 0.30 0.30 0.30 0.33 0.33 0.94 0.94 0.70 0.70 0.70 0.70 0.70 0.70 0.70 0.70 0.70 0.70 0.70 0.70 0.70 0.70 0.70 0.70 0.47 0.47 0.47 0.47 0.47 0.47 0.47 0.47 0.07 0.46 0.15 0.46 0.46 0.46 0.46 0.46 0.36 0.36 0.36 0.36 0.35 0.35 0.35 0.09 0.09 0.09 0.09 0.09 0.00 0.00 0.00 0.00 0.00 0.00 0.00 0.00 0.00 0.00 0.00 0.00 0.00 0.00 0.00 0.00 0.00 0.00 0.00 0.00 0.00 0.00 0.00 0.00
0.33 0.33 0.33 0.33 0.29 0.29 0.29 0.29 0.30 0.30 0.30 0.30 0.33 0.94 0.94 0.94 0.70 0.70 0.70 0.70 0.70 0.70 0.70 0.70 0.70 0.70 0.70 1.48 0.24 0.70 0.70 0.70 0.47 0.47 0.47 0.47 0.47 0.47 0.47 0.47 0.07 0.15 0.46 0.46 0.46 0.46 0.46 0.46 0.36 0.36 0.36 0.36 0.35 0.09 0.09 0.09 0.09 0.35 0.35 6.91 0.00 0.00 0.00 0.00 0.00 0.00 0.00 0.00 0.00 0.00 0.00 0.00 0.00 0.00 0.00 0.00 0.00 0.00 0.00 0.00 0.00 0.00 0.00 0.00
0.33 0.33 0.33 0.33 0.29 0.29 0.29 0.29 0.30 0.30 0.30 0.30 0.33 0.94 0.94 0.94 0.70 0.97 0.97 1.39 0.70 0.70 0.70 0.70 0.70 0.70 0.70 1.48 1.48 0.70 0.70 0.70 0.47 0.47 0.47 0.47 0.47 0.47 0.12 0.47 0.46 0.07 0.46 0.46 0.12 0.12 0.46 0.46 0.36 0.36 0.36 0.36 0.35 0.09 0.09 0.25 0.25 0.25 0.00 0.00 0.00 0.00 0.00 0.00 0.00 0.00 0.00 0.00 0.00 0.00 0.00 0.00 0.00 0.00 0.00 0.00 0.00 0.00 0.00 0.00 0.00 0.00 0.00 0.00
0.31 0.31 0.31 0.31 0.31 0.31 0.31 0.31 0.34 0.34 0.34 0.34 0.34 0.95 0.95 1.74 1.01 0.69 0.69 0.95 0.70 0.70 0.96 0.70 0.71 0.71 0.71 1.48 1.48 0.72 0.14 0.14 0.08 0.48 0.48 0.48 0.48 0.48 0.12 0.12 0.47 0.47 0.47 0.47 0.03 0.01 0.47 0.47 0.36 0.05 0.09 0.36 0.09 0.34 0.00 0.03 0.25 0.25 0.00 0.00 0.00 0.00 0.00 0.00 0.00 0.00 0.00 0.00 0.00 0.00 0.00 0.00 0.00 0.00 0.00 0.00 0.00 0.00 0.00 0.00 0.00 0.00 0.00 0.00
0.31 0.31 0.31 0.31 0.31 0.31 0.31 0.31 0.34 0.34 0.34 0.34 0.34 0.95 1.32 0.95 0.69 0.69 0.69 0.69 0.70 0.70 0.70 0.70 0.98 0.98 0.71 1.48 1.48 0.73 0.10 0.10 0.08 0.01 0.08 0.08 0.48 0.48 0.48 0.07 0.01 0.47 0.47 0.47 0.05 0.05 0.47 0.47 0.09 0.05 0.09 0.01 0.00 0.25 0.25 0.03 6.91 0.00 0.00 0.00 0.00 0.00 0.00 0.00 0.00 0.00 0.00 0.00 0.00 0.00 0.00 0.00 0.00 0.00 0.00 0.00 0.00 0.00 0.00 0.00 0.00 0.00 0.00 0.00
0.31 0.31 0.31 0.31 0.31 0.31 0.31 0.31 0.34 0.34 0.34 0.34 0.95 1.35 0.95 1.32 0.69 0.69 0.69 0.69 0.70 0.70 0.70 0.96 0.71 0.71 0.98 0.71 0.72 0.72 0.72 0.75 0.08 0.05 0.08 0.08 0.08 0.48 0.12 0.05 0.01 0.03 0.12 0.47 0.32 0.32 0.07 0.47 0.09 0.09 0.01 0.34 0.00 0.00 0.00 0.00 0.00 0.00 0.00 0.00 0.00 0.00 0.00 0.00 0.00 0.00 0.00 0.00 0.00 0.00 0.00 0.00 0.00 0.00 0.00 0.00 0.00 0.00 0.00 0.00 0.00 0.00 0.00 0.00
0.31 0.31 0.31 0.31 0.31 0.31 0.31 0.31 0.34 0.34 0.34 0.34 0.95 1.28 0.95 0.95 1.05 0.69 0.69 0.69 0.70 0.70 0.96 0.70 0.71 0.71 0.71 0.71 0.72 0.99 0.99 0.23 0.32 0.32 0.09 0.08 0.32 0.32 0.32 0.01 0.01 0.32 0.32 0.08 0.01 0.05 0.32 0.07 0.36 0.03 0.03 0.00 0.00 0.00 0.00 0.00 0.00 0.00 0.00 0.00 0.00 0.00 0.00 0.00 0.00 0.00 0.00 0.00 0.00 0.00 0.00 0.00 0.00 0.00 0.00 0.00 0.00 0.00 0.00 0.00 0.00 0.00 0.00 0.00
0.33 0.33 0.26 0.26 0.34 0.34 0.34 0.34 0.33 0.33 0.33 0.33 0.81 0.81 0.81 0.81 0.92 0.67 0.67 0.67 0.69 0.69 0.69 0.69 0.70 0.70 0.70 0.70 0.71 0.71 0.71 0.71 0.01 0.05 0.32 0.07 0.07 0.05 0.07 0.32 0.32 0.32 0.32 0.32 0.32 0.05 0.32 0.32 0.25 0.00 0.00 0.00 0.00 0.00 0.00 0.00 0.00 0.00 0.00 0.00 0.00 0.00 0.00 0.00 0.00 0.00 0.00 0.00 0.00 0.00 0.00 0.00 0.00 0.00 0.00 0.00 0.00 0.00 0.00 0.00 0.00 0.00 0.00 0.00
0.33 0.33 0.33 0.26 0.26 0.34 0.34 0.34 0.33 0.33 0.78 1.34 1.30 1.30 0.81 0.81 0.67 0.67 0.67 0.67 0.69 0.69 0.98 0.69 0.70 0.70 0.70 0.70 0.71 0.71 0.71 0.71 0.48 0.08 0.32 0.01 0.08 0.05 0.05 0.01 0.32 0.32 0.32 0.32 0.32 0.32 0.32 0.32 0.25 0.00 0.00 0.00 0.00 0.00 0.00 0.00 0.00 0.00 0.00 0.00 0.00 0.00 0.00 0.00 0.00 0.00 0.00 0.00 0.00 0.00 0.00 0.00 0.00 0.00 0.00 0.00 0.00 0.00 0.00 0.00 0.00 0.00 0.00 0.00
0.37 0.37 0.37 0.37 0.38 0.38 0.30 0.30 0.06 0.37 0.37 1.03 0.99 0.99 0.99 0.99 0.75 0.75 0.75 0.75 0.77 0.77 0.77 0.77 0.79 0.79 0.79 0.79 0.80 0.80 0.80 0.80 0.48 0.48 0.64 0.48 0.07 0.48 0.48 0.01 0.32 0.32 0.39 0.32 0.32 0.05 0.01 0.32 0.00 0.00 0.00 0.00 0.00 0.00 0.00 0.00 0.00 0.00 0.00 0.00 0.00 0.00 0.00 0.00 0.00 0.00 0.00 0.00 0.00 0.00 0.00 0.00 0.00 0.00 0.00 0.00 0.00 0.00 0.00 0.00 0.00 0.00 0.00 0.00
0.37 0.37 0.37 0.30 0.30 0.30 0.30 0.30 0.30 0.30 0.37 1.03 0.99 0.99 0.99 0.99 0.75 0.75 0.75 0.75 0.77 0.77 0.77 0.77 0.79 0.79 0.79 0.79 0.80 0.80 0.80 0.80 0.48 0.48 0.48 0.48 0.48 0.48 0.48 0.48 0.47 0.05 0.01 0.32 0.05 0.05 0.32 0.32 0.00 0.00 0.00 0.00 0.00 0.00 0.00 0.00 0.00 0.00 0.00 0.00 0.00 0.00 0.00 0.00 0.00 0.00 0.00 0.00 0.00 0.00 0.00 0.00 0.00 0.00 0.00 0.00 0.00 0.00 0.00 0.00 0.00 0.00 0.00 0.00
0.37 0.30 0.30 0.30 0.30 0.36 0.30 0.30 0.30 0.30 0.58 1.20 0.58 0.98 0.98 0.98 0.77 0.77 0.77 0.77 0.78 0.78 0.78 0.78 0.78 0.78 1.09 1.09 0.79 0.79 0.79 0.79 0.47 0.63 0.47 0.47 0.46 0.46 0.46 0.46 0.46 0.61 0.46 0.12 0.05 0.32 0.01 0.32 0.00 0.00 0.00 0.00 0.00 0.00 0.00 0.00 0.00 0.00 0.00 0.00 0.00 0.00 0.00 0.00 0.00 0.00 0.00 0.00 0.00 0.00 0.00 0.00 0.00 0.00 0.00 0.00 0.00 0.00 0.00 0.00 0.00 0.00 0.00 0.00
0.30 0.30 0.30 0.30 0.30 0.30 0.30 0.36 0.30 0.30 0.08 0.58 1.79 0.98 0.98 0.98 0.77 0.77 0.77 0.77 0.78 0.78 0.78 0.78 0.78 0.78 1.09 0.78 0.79 0.79 0.79 1.25 0.07 0.47 0.47 0.47 0.46 0.46 0.46 0.46 0.46 0.46 0.61 0.46 0.18 0.12 0.12 0.18 0.02 0.23 0.00 0.00 0.00 0.00 0.00 0.00 0.00 0.00 0.00 0.00 0.00 0.00 0.00 0.00 0.00 0.00 0.00 0.00 0.00 0.00 0.00 0.00 0.00 0.00 0.00 0.00 0.00 0.00 0.00 0.00 0.00 0.00 0.00 0.00
0.30 0.30 0.30 0.30 0.30 0.30 0.30 0.30 0.30 0.30 0.58 0.96 0.98 0.98 0.98 0.98 0.77 0.77 0.77 0.77 0.78 0.78 0.78 0.78 0.78 0.78 0.78 0.78 0.79 0.79 1.11 0.79 0.07 0.47 0.63 0.47 0.46 0.46 0.14 0.46 0.46 0.46 0.46 0.46 0.46 0.46 0.46 0.46 0.08 0.23 0.23 0.00 0.00 0.00 0.00 0.00 0.00 0.00 0.00 0.00 0.00 0.00 0.00 0.00 0.00 0.00 0.00 0.00 0.00 0.00 0.00 0.00 0.00 0.00 0.00 0.00 0.00 0.00 0.00 0.00 0.00 0.00 0.00 0.00
0.30 0.30 0.30 0.30 0.30 0.30 0.30 0.36 0.30 0.30 0.58 0.96 0.98 0.98 0.98 0.98 0.77 0.77 0.77 0.77 0.78 0.78 0.78 0.78 0.78 0.78 0.78 0.78 0.79 0.79 0.79 0.79 0.47 0.47 0.47 0.47 0.46 0.46 0.61 0.46 0.46 0.46 0.46 0.46 0.46 0.46 0.61 0.46 0.34 0.08 0.23 0.23 0.00 0.00 0.00 0.00 0.00 0.00 0.00 0.00 0.00 0.00 0.00 0.00 0.00 0.00 0.00 0.00 0.00 0.00 0.00 0.00 0.00 0.00 0.00 0.00 0.00 0.00 0.00 0.00 0.00 0.00 0.00 0.00
0.30 0.30 0.30 0.36 0.30 0.30 0.30 0.30 0.30 0.58 0.97 1.36 1.00 1.00 1.00 1.00 0.78 0.78 0.78 0.78 0.78 1.43 1.08 1.08 1.09 0.16 0.78 0.78 0.78 0.78 1.09 1.09 0.61 0.46 0.46 0.46 0.60 0.45 0.45 0.45 0.45 0.59 0.45 0.45 0.45 0.45 0.45 0.45 0.33 0.08 0.09 0.23 0.23 0.23 0.31 0.31 0.00 0.00 0.00 0.00 0.00 0.00 0.00 0.00 0.00 0.00 0.00 0.00 0.00 0.00 0.00 0.00 0.00 0.00 0.00 0.00 0.00 0.00 0.00 0.00 0.00 0.00 0.00 0.00
0.30 0.30 0.30 0.36 0.30 0.30 0.30 0.30 0.00 0.08 0.08 0.08 1.04 1.00 1.00 1.00 0.78 0.78 0.78 0.78 0.78 0.78 0.78 0.78 0.78 0.16 0.16 0.78 0.78 0.78 0.78 0.78 0.46 0.46 0.46 0.46 0.45 0.45 0.45 0.45 0.45 0.45 0.45 0.45 0.45 0.45 0.45 0.45 0.33 0.33 0.33 0.08 0.08 0.42 0.32 0.32 0.31 0.31 0.00 0.00 0.00 0.00 0.00 0.00 0.00 0.00 0.00 0.00 0.00 0.00 0.00 0.00 0.00 0.00 0.00 0.00 0.00 0.00 0.00 0.00 0.00 0.00 0.00 0.00
0.30 0.30 0.30 0.30 0.30 0.30 0.30 0.00 0.00 0.08 0.08 0.08 1.00 1.04 1.00 1.00 0.78 0.78 0.78 0.78 0.78 0.78 0.78 0.78 1.09 0.78 0.16 0.16 0.16 0.78 0.78 0.78 0.46 0.46 0.46 0.46 0.45 0.45 0.45 0.45 0.45 0.45 0.45 0.45 0.45 0.45 0.45 0.45 0.33 0.33 0.33 0.33 0.04 0.08 0.32 0.32 0.31 0.31 0.31 0.31 0.00 0.00 0.00 0.00 0.00 0.00 0.00 0.00 0.00 0.00 0.00 0.00 0.00 0.00 0.00 0.00 0.00 0.00 0.00 0.00 0.00 0.00 0.00 0.00
0.30 0.30 0.30 0.30 0.30 0.30 0.30 0.00 0.08 0.08 0.08 0.08 0.09 1.00 1.00 1.00 0.78 0.78 0.78 0.78 0.78 0.78 0.78 0.78 1.09 1.09 1.09 0.18 0.18 0.16 0.78 0.78 0.46 0.46 0.46 0.46 0.45 0.45 0.45 0.45 0.45 0.45 0.45 0.45 0.45 0.45 0.45 0.45 0.33 0.33 0.33 0.43 0.32 0.32 0.32 0.32 0.31 0.31 0.31 0.31 0.31 0.00 0.00 0.00 0.00 0.00 0.00 0.00 0.00 0.00 0.00 0.00 0.00 0.00 0.00 0.00 0.00 0.00 0.00 0.00 0.00 0.00 0.00 0.00
0.30 0.30 0.30 0.30 0.30 0.30 0.30 0.00 1.00 1.00 1.00 1.00 1.02 1.02 0.58 1.02 0.77 0.77 0.77 0.77 0.78 0.78 0.78 0.78 0.78 0.78 0.16 0.32 0.91 0.78 0.78 0.78 0.46 0.46 0.46 0.46 0.45 0.45 0.45 0.45 0.45 0.45 0.45 0.45 0.45 0.45 0.45 0.45 0.32 0.32 0.32 0.32 0.32 0.32 0.32 0.32 0.32 0.32 0.32 0.04 0.23 0.00 0.00 0.00 0.00 0.00 0.00 0.00 0.00 0.00 0.00 0.00 0.00 0.00 0.00 0.00 0.00 0.00 0.00 0.00 0.00 0.00 0.00 0.00
0.30 0.30 0.30 0.30 0.30 0.30 0.30 0.30 1.00 1.00 1.00 1.00 1.02 1.02 1.02 1.02 0.77 0.77 0.77 0.77 0.78 0.78 0.78 0.78 0.78 1.09 1.09 0.78 1.09 0.78 1.09 1.09 0.46 0.46 0.46 0.46 0.45 0.45 0.45 0.45 0.45 0.45 0.45 0.45 0.45 0.45 0.45 0.45 0.32 0.32 0.32 0.32 0.32 0.32 0.32 0.32 0.32 0.32 0.04 0.23 0.00 0.00 0.00 0.00 0.00 0.00 0.00 0.00 0.00 0.00 0.00 0.00 0.00 0.00 0.00 0.00 0.00 0.00 0.00 0.00 0.00 0.00 0.00 0.00
