New_Model_Runs/5_FutureClimate_BASE_out/post_prcessed_with_MFR/Monthly_summaries/runoff_monthly_FEB.asc
NCOLS 700
NROWS 400
XLLCENTER 515000.000000
YLLCENTER 8409000.000000
CELLSIZE 50.000000
NODATA_value -999.000000
[rows 190 to 227 of 400, columns 168 to 251 of 700]
0.07 0.07 0.16 0.16 0.16 0.07 0.08 0.07 0.06 0.06 0.32 0.32 0.43 0.31 0.31 0.31 0.31 0.31 0.31 0.31 0.31 0.64 0.44 0.31 0.36 0.36 0.36 0.50 0.34 0.34 0.34 0.34 0.48 0.33 0.33 0.33 0.33 0.33 0.33 0.33 0.39 0.39 0.39 0.39 0.40 0.40 0.40 0.40 0.41 0.41 0.41 0.08 0.41 0.41 0.41 0.57 0.40 0.40 0.40 0.40 0.41 0.41 0.41 0.08 0.09 0.09 0.04 0.41 0.41 0.41 0.41 0.49 0.48 0.48 0.48 0.48 0.47 0.47 0.47 0.02 0.02 0.02 0.02 0.02
0.07 0.07 0.08 0.03 0.07 0.07 0.07 0.07 0.06 0.32 0.32 0.32 0.31 0.43 0.31 0.31 0.31 0.43 0.31 0.31 0.31 0.31 0.31 0.31 0.36 0.36 0.36 0.36 0.34 0.34 0.34 0.34 0.33 0.62 0.33 0.33 0.33 0.48 0.47 0.33 0.39 0.39 0.39 0.39 0.40 0.40 0.40 0.40 0.41 0.41 0.41 0.08 0.57 0.41 0.41 0.41 0.40 0.40 0.40 0.40 0.41 0.41 0.41 0.41 0.09 0.09 0.09 0.41 0.41 0.41 0.41 0.49 0.48 0.48 1.46 0.48 1.05 0.47 0.47 0.02 0.02 0.02 0.02 0.02
0.07 0.08 0.07 0.03 0.07 0.07 0.07 0.07 0.31 0.31 0.31 0.31 0.31 0.43 0.31 0.31 0.31 0.31 0.31 0.31 0.31 0.31 0.31 0.31 0.34 0.34 0.34 0.34 0.49 0.34 0.34 0.34 0.33 0.33 0.33 0.33 0.32 0.46 0.32 0.32 0.39 0.54 0.54 0.39 0.40 0.40 0.40 0.40 0.41 0.41 0.09 0.09 0.62 0.57 0.41 0.75 0.40 0.40 0.40 0.40 0.40 0.56 0.40 0.40 0.41 0.09 0.09 0.09 0.41 0.41 0.49 0.49 0.48 0.48 1.06 1.06 0.47 0.47 0.47 0.02 0.02 0.02 0.02 0.02
0.07 0.07 0.33 0.07 0.18 0.32 0.32 0.32 0.31 0.31 0.31 0.31 0.31 0.31 0.31 0.31 0.31 0.31 0.31 0.31 0.31 0.31 0.31 0.31 0.34 0.34 0.34 0.34 0.34 0.34 0.34 0.34 0.33 0.33 0.33 0.33 0.32 0.32 0.32 0.32 0.39 0.39 0.39 0.39 0.40 0.40 0.40 0.40 0.41 0.41 0.41 0.41 2.19 0.41 0.41 0.41 0.40 0.40 0.40 0.40 0.90 0.40 0.40 0.40 0.41 0.41 0.09 0.09 0.41 0.41 1.09 0.49 0.48 0.48 0.48 0.48 0.47 1.38 0.47 0.47 0.02 0.02 0.02 0.02
0.56 0.83 0.83 0.83 1.33 0.82 0.82 0.82 0.78 0.78 0.78 0.78 0.76 0.76 0.76 0.76 0.76 2.30 0.76 0.76 0.77 1.24 0.77 0.77 0.80 0.80 0.80 0.80 0.79 1.27 1.27 0.79 0.77 0.77 0.77 0.77 0.77 1.75 0.77 0.77 0.79 1.28 0.79 0.79 0.81 0.81 0.81 0.81 0.83 0.83 0.83 1.35 1.90 1.90 0.83 0.83 0.77 0.77 0.77 0.77 0.77 0.77 0.77 0.77 0.79 0.79 0.27 0.27 0.79 0.79 1.01 1.01 0.99 0.99 0.99 0.99 0.98 0.98 1.58 0.98 0.04 0.04 0.04 0.04
0.83 0.83 0.83 0.83 0.82 1.33 0.82 0.82 0.78 0.78 0.78 0.78 0.76 0.76 0.76 0.76 0.76 0.76 0.76 0.76 0.77 0.77 0.77 0.77 0.80 0.80 0.80 0.80 0.79 0.79 0.79 0.79 0.77 1.77 0.77 0.77 0.77 0.77 0.77 0.77 1.79 1.28 0.79 0.79 0.81 0.81 0.81 0.81 0.83 0.83 0.83 0.83 0.83 0.83 0.83 0.83 0.77 0.77 0.77 0.77 0.77 0.77 0.77 0.77 0.79 0.79 0.27 0.27 0.85 1.01 1.01 1.01 0.99 0.99 0.99 0.99 0.98 0.98 0.98 0.98 0.97 0.04 0.04 0.04
0.82 0.82 0.82 0.82 0.82 0.82 0.82 0.82 0.78 0.78 0.78 0.78 0.76 0.76 0.76 0.76 1.23 1.23 0.76 0.76 0.77 0.77 0.77 1.24 0.79 0.79 0.79 0.79 0.78 0.78 0.78 0.78 0.77 0.77 0.77 0.77 0.76 0.76 0.76 0.76 0.79 0.79 0.79 0.79 0.81 0.81 0.81 1.32 0.83 0.83 0.83 0.83 0.82 0.82 1.33 0.82 0.76 0.76 0.76 0.76 0.77 0.77 0.77 0.77 0.80 0.80 0.27 0.27 0.54 1.66 1.02 1.02 0.99 0.99 0.99 0.99 0.97 0.97 0.97 0.97 1.57 0.04 0.04 0.04
0.82 0.82 0.82 0.82 0.82 0.82 0.82 0.82 1.25 0.78 0.78 0.78 0.76 0.76 0.76 0.76 0.76 0.76 0.76 0.76 0.77 0.77 0.77 0.77 1.28 0.79 0.79 0.79 0.78 0.78 0.78 0.78 0.77 0.77 0.77 0.77 0.76 0.76 0.76 0.76 1.28 0.79 0.79 0.79 0.81 0.81 0.81 0.81 0.83 0.83 0.83 0.83 0.82 0.82 0.82 0.82 0.76 0.76 0.76 0.76 0.77 0.77 0.77 0.77 0.80 0.80 0.27 0.27 0.80 1.02 1.02 1.64 1.61 0.99 0.99 0.99 0.97 0.97 0.97 0.97 0.97 0.04 0.04 0.04
0.82 0.82 0.82 0.82 0.82 0.82 0.82 0.82 0.78 0.78 0.78 1.24 0.76 0.76 0.76 0.76 0.76 0.76 0.76 0.76 0.77 1.76 0.77 0.77 0.79 0.79 0.79 0.79 0.78 1.26 1.26 0.78 0.77 1.24 0.77 1.24 0.76 0.76 0.76 0.76 0.79 0.79 0.79 0.79 0.81 0.81 0.81 0.81 0.83 0.83 0.83 0.83 0.82 0.82 0.82 0.82 0.76 0.76 0.76 0.76 0.77 0.77 0.77 0.77 0.80 0.80 0.27 0.27 1.02 1.02 1.02 1.02 0.99 0.99 0.99 0.99 0.97 0.97 0.97 0.97 0.97 0.97 0.04 0.04
0.82 1.33 0.82 0.82 0.82 0.82 0.82 0.82 0.78 0.78 1.25 1.24 0.76 0.76 0.76 0.76 1.74 0.76 0.76 0.76 0.77 0.77 1.23 0.77 1.28 0.79 0.79 0.79 0.78 1.25 0.78 0.78 0.77 0.77 0.77 0.77 0.76 0.76 0.76 0.76 0.79 0.79 0.79 0.79 0.81 0.81 0.81 0.81 0.83 0.83 0.83 0.83 1.33 1.33 0.82 0.82 0.76 0.76 0.76 0.76 0.77 0.77 0.77 0.77 0.80 0.80 0.80 0.80 1.02 1.02 1.02 1.02 0.99 0.99 0.99 0.99 0.97 0.97 0.97 0.97 0.97 0.97 0.04 0.04
0.81 0.81 0.81 0.81 0.81 0.81 1.32 0.81 0.77 0.77 0.77 0.77 0.76 0.76 0.76 0.76 1.22 0.76 0.76 0.76 0.76 0.76 0.76 2.15 0.79 0.79 0.79 0.79 0.77 1.24 0.77 0.77 0.75 1.55 0.75 0.75 1.24 0.77 0.77 0.77 0.81 0.81 0.81 0.81 0.83 0.83 0.83 0.83 0.83 0.83 0.83 0.83 0.82 0.82 0.82 0.82 0.76 0.76 0.76 0.76 0.78 0.78 0.78 0.78 0.81 0.81 0.81 0.81 1.03 1.67 1.03 1.03 1.00 1.00 1.00 1.00 0.98 0.98 0.98 0.98 0.97 0.97 0.97 0.04
0.81 0.81 0.81 0.81 0.81 0.81 0.81 2.05 1.78 0.77 0.77 0.77 1.22 0.76 0.76 0.76 0.76 0.76 1.22 0.76 0.76 0.76 0.76 1.22 1.27 0.79 0.79 0.79 0.77 0.77 0.77 0.77 0.75 0.75 1.21 0.75 0.77 0.77 0.77 0.77 0.81 0.81 0.81 0.81 0.83 0.83 0.83 0.83 0.83 0.83 0.83 0.83 0.82 0.82 0.82 1.29 0.76 0.76 0.76 0.76 0.78 0.78 0.78 1.27 0.81 0.81 0.81 1.67 1.03 1.03 1.67 1.65 2.79 1.62 1.00 1.00 0.98 0.98 0.98 0.98 0.97 0.97 0.97 0.04
1.31 0.81 0.81 0.81 0.81 0.81 0.81 0.81 0.77 0.77 0.77 0.77 0.76 0.76 0.76 0.76 1.22 0.76 0.76 0.76 0.76 0.76 0.76 0.76 0.79 1.27 1.27 0.79 0.77 0.77 0.77 0.77 0.75 0.75 0.75 0.75 0.77 0.77 0.77 0.77 0.81 0.81 0.81 0.81 0.83 0.83 0.83 0.83 0.83 0.83 0.83 1.35 0.82 0.82 1.33 0.82 0.76 0.76 0.76 0.76 0.78 0.78 0.78 0.78 0.81 0.81 0.81 1.03 1.03 1.03 1.03 1.03 1.00 1.00 1.62 2.75 1.59 0.98 0.98 0.98 0.97 0.97 0.97 0.04
0.81 0.81 0.81 1.31 0.81 0.81 0.81 0.81 0.77 0.77 0.77 0.77 0.76 0.76 0.76 0.76 0.76 0.76 1.22 0.76 0.76 0.76 1.22 0.76 0.79 0.79 0.79 1.26 0.77 0.77 0.77 0.77 0.75 0.75 0.75 0.75 0.77 0.77 0.77 0.77 0.81 0.81 0.81 0.81 0.83 0.83 0.83 0.83 0.83 0.83 0.83 0.83 0.82 1.32 0.82 0.82 1.74 0.76 0.76 0.76 0.78 0.78 0.78 0.78 0.81 0.81 0.81 1.03 1.03 1.03 1.03 1.03 1.00 1.62 1.00 1.62 0.98 1.59 0.98 1.58 0.97 1.57 0.97 0.97
0.80 0.80 0.80 0.80 0.80 0.80 0.80 0.80 0.77 0.77 0.77 0.77 0.76 0.76 0.76 0.76 0.75 0.75 0.75 1.21 0.75 0.75 1.21 0.75 1.26 0.78 1.26 0.78 1.22 0.76 0.76 0.76 0.76 0.76 0.76 0.76 0.80 0.80 0.80 0.80 0.83 0.83 0.83 0.83 0.84 0.84 0.84 0.84 0.84 0.84 0.84 0.84 0.81 0.81 0.81 0.81 0.76 0.76 0.76 0.76 0.80 0.80 0.80 0.80 0.81 0.81 1.06 2.39 1.66 1.02 1.02 1.02 0.99 0.99 0.99 0.99 0.97 1.58 1.58 0.97 0.96 0.96 0.96 0.97
0.80 1.29 0.80 0.80 0.80 0.80 0.80 0.80 0.77 0.77 0.77 1.24 1.22 0.76 0.76 0.76 0.75 0.75 0.75 1.21 0.75 0.75 0.75 1.21 0.78 0.78 0.78 0.78 0.76 0.76 0.76 0.76 0.76 0.76 0.76 0.76 0.80 0.80 0.80 0.80 0.83 0.83 0.83 0.83 0.84 0.84 0.84 0.84 0.84 0.84 1.75 0.84 0.81 0.81 0.81 0.81 0.76 0.76 0.76 0.76 0.80 0.80 0.80 0.80 0.81 1.32 1.03 1.03 1.02 1.02 2.37 1.02 0.99 0.99 0.99 0.99 0.97 0.97 1.58 0.97 0.96 0.96 0.96 1.56
0.80 0.80 0.80 0.80 1.29 0.80 0.80 0.80 0.77 0.77 0.77 0.77 0.76 1.22 0.76 0.76 0.75 0.75 0.75 0.75 0.75 0.75 0.75 0.75 1.77 0.78 0.78 0.78 1.22 0.76 0.76 0.76 0.76 0.76 0.76 0.76 1.27 1.29 0.80 0.80 1.33 0.83 0.83 0.83 0.84 0.84 0.84 1.37 1.94 1.36 1.36 0.84 0.81 0.81 0.81 0.81 0.76 0.76 0.76 0.76 0.80 0.80 0.80 0.80 0.81 0.81 2.40 1.03 1.02 1.02 1.02 1.02 0.99 0.99 0.99 0.99 0.97 0.97 0.97 0.97 0.96 0.96 0.96 0.96
0.80 0.80 0.80 0.80 0.80 0.80 0.80 0.80 0.77 0.77 0.77 0.77 0.76 1.22 0.76 0.76 0.75 0.75 0.75 0.75 0.75 0.75 0.75 0.75 0.78 0.78 0.78 0.78 1.22 0.76 0.76 0.76 0.76 1.24 0.76 0.76 0.80 0.80 0.80 0.80 0.83 0.83 0.83 0.83 0.84 0.84 0.84 0.84 0.84 0.84 0.84 0.84 0.81 0.81 0.81 0.81 0.76 0.76 0.76 0.76 0.80 0.80 0.80 0.80 0.81 1.03 1.03 1.03 1.02 1.02 1.02 1.02 1.60 0.99 0.99 1.60 0.97 0.97 0.97 0.97 0.96 0.96 0.96 0.96
0.78 0.78 0.78 0.78 0.78 0.78 0.78 0.78 0.76 1.22 0.76 1.22 0.75 0.75 0.75 0.75 0.74 0.74 0.74 0.74 0.74 0.36 0.74 0.74 0.77 1.25 0.77 0.77 0.77 0.77 0.77 0.32 0.78 0.78 0.78 0.78 0.81 0.81 0.81 0.81 0.84 0.84 0.84 0.84 1.37 0.85 1.37 0.85 1.33 0.82 0.82 0.82 0.80 0.80 0.80 0.80 0.78 0.78 0.78 0.78 0.81 0.81 0.81 0.81 0.81 1.03 1.67 1.03 1.00 1.00 1.00 1.00 0.98 0.98 1.59 0.98 0.97 0.97 0.97 0.97 0.96 0.96 0.96 0.96
0.78 0.78 0.78 0.78 0.78 0.78 0.78 2.03 0.76 0.76 0.76 0.76 0.75 0.75 0.75 0.75 0.74 0.74 0.36 0.29 0.29 0.74 0.74 0.74 0.77 0.77 0.77 0.77 0.77 0.77 1.62 0.77 0.78 0.78 0.78 0.78 0.81 0.81 0.81 0.81 0.84 0.84 1.37 1.49 0.85 0.85 0.85 0.85 0.82 0.82 0.82 0.82 0.80 0.80 1.29 0.80 0.78 0.78 0.78 0.78 0.81 0.81 0.81 0.81 0.81 3.02 1.03 1.03 1.00 1.00 1.00 1.00 0.98 0.98 1.68 1.58 0.97 1.57 1.57 2.32 1.55 0.96 0.96 0.96
1.11 1.11 1.11 1.11 1.11 1.96 1.11 1.96 1.08 1.08 1.08 1.79 1.78 1.08 1.78 3.00 1.07 1.07 0.48 0.48 1.03 1.76 1.07 1.07 1.05 1.05 1.43 1.05 1.04 1.04 1.71 0.54 1.06 1.06 1.06 1.06 3.26 1.10 1.10 1.81 1.72 1.04 1.04 1.04 1.04 1.04 1.04 1.04 1.02 1.02 1.02 1.02 0.99 0.99 0.99 0.99 0.93 0.93 0.93 0.93 0.97 0.97 2.16 1.49 1.59 1.59 2.73 1.59 1.56 1.56 2.67 1.56 1.18 1.18 1.18 1.18 1.17 1.17 1.17 1.17 1.15 1.87 1.15 1.15
1.11 1.11 1.11 1.11 1.11 1.11 1.11 1.11 1.08 1.08 1.08 1.08 1.08 1.08 1.08 1.46 1.07 0.29 0.29 0.48 1.38 1.07 1.07 1.07 2.16 1.24 0.28 0.28 0.48 1.04 1.04 1.04 1.06 1.06 1.06 1.76 1.10 1.10 1.10 1.10 1.04 1.04 1.04 1.04 1.04 1.04 1.72 1.04 1.02 1.02 1.02 1.02 0.99 1.62 0.99 0.99 0.93 0.93 0.93 1.54 1.58 1.58 1.58 0.97 1.59 1.59 1.59 1.59 1.56 2.66 1.56 1.56 1.18 1.18 1.18 1.18 1.17 1.17 1.17 1.17 1.15 1.15 1.15 1.15
1.11 1.11 1.11 1.11 1.10 1.10 1.10 1.10 1.08 1.08 1.08 1.08 1.07 1.07 0.55 1.07 1.06 0.38 0.29 0.29 0.48 1.07 1.07 1.34 1.06 0.28 0.28 0.28 0.48 0.51 0.48 1.06 1.07 1.07 1.07 1.07 1.10 1.10 1.10 1.10 1.04 1.72 1.04 1.04 1.03 1.03 1.03 1.03 1.00 1.00 1.00 1.00 1.00 1.00 1.00 1.00 0.95 0.95 0.95 0.95 0.97 0.97 0.97 0.97 1.57 1.57 1.57 1.57 1.54 1.54 1.54 1.54 1.17 1.17 1.17 1.17 1.16 1.16 1.16 1.16 1.84 1.14 1.14 1.14
1.11 1.11 1.11 1.11 1.10 1.10 1.10 1.10 1.08 1.08 1.08 1.08 1.07 1.07 0.48 0.48 0.61 0.38 0.29 0.25 0.29 0.29 0.38 1.07 0.25 0.36 0.28 0.28 0.48 0.51 0.48 0.54 1.07 1.07 1.07 1.07 1.10 1.10 1.10 1.81 1.04 1.04 1.04 1.04 1.03 1.03 1.03 1.03 1.00 1.00 1.00 1.00 1.00 1.00 1.00 1.00 0.95 0.95 0.95 0.95 0.97 0.97 0.97 3.62 2.69 1.57 1.57 1.57 1.54 1.54 1.54 1.54 1.17 1.17 1.17 1.17 1.16 1.16 1.16 1.16 1.84 1.14 1.14 1.14
1.11 1.11 1.11 1.11 1.10 1.10 1.10 1.10 1.08 1.08 1.08 1.08 0.48 0.88 0.42 0.29 0.33 0.33 0.25 0.25 0.29 0.29 0.38 0.29 0.28 0.28 0.28 0.28 0.28 0.48 0.48 0.61 1.07 1.07 1.07 1.07 1.10 1.10 1.10 1.10 1.04 1.04 1.04 1.04 1.03 1.03 1.70 1.03 1.00 1.63 1.63 1.00 1.00 1.00 1.00 1.00 0.95 0.95 0.95 0.95 0.97 0.97 0.97 2.77 1.57 1.57 1.57 1.57 1.54 1.54 1.54 1.54 1.17 1.17 1.17 1.17 1.16 1.16 1.16 1.16 1.14 1.14 1.14 1.14
1.11 1.11 1.11 1.11 1.10 1.10 1.10 1.10 1.08 1.08 1.08 1.91 0.48 0.48 0.29 0.29 0.40 1.03 0.29 0.25 0.25 0.38 0.38 0.25 0.28 0.28 0.28 0.28 0.28 0.28 0.48 0.54 1.07 1.07 1.07 1.07 1.10 1.10 1.10 1.10 1.04 1.04 1.04 1.04 1.03 1.03 1.03 1.03 1.00 1.00 1.00 1.00 1.00 1.00 1.00 1.00 0.95 0.95 0.95 0.95 0.97 0.97 0.98 1.59 1.57 1.57 2.69 1.57 1.54 1.54 2.64 1.54 1.17 1.17 1.17 1.17 1.16 1.16 1.16 1.16 1.14 1.14 1.14 1.14
1.11 1.11 1.11 1.11 1.11 1.11 1.11 1.94 1.08 1.08 1.08 0.48 0.48 0.48 0.29 0.29 0.29 0.25 0.29 0.29 0.29 0.29 0.29 0.29 0.28 0.28 0.28 0.24 0.76 0.76 0.39 1.08 1.09 1.09 1.09 1.09 1.10 1.10 1.10 1.10 1.03 1.03 1.03 1.03 1.00 1.64 1.00 1.00 1.63 0.99 0.99 0.99 1.02 1.02 1.02 1.02 0.95 0.95 0.95 0.95 2.22 1.55 1.56 1.56 1.55 1.55 1.55 1.55 2.64 2.27 1.55 1.55 1.18 2.29 1.18 1.18 1.16 1.16 1.16 1.16 1.12 1.12 1.12 2.55
1.11 1.11 1.11 1.11 1.11 1.11 1.11 1.11 1.08 1.08 1.08 1.08 0.48 0.48 0.29 0.29 0.29 0.29 0.33 0.29 0.29 0.29 0.29 0.29 0.28 0.28 0.24 0.24 0.76 0.39 0.39 1.08 1.09 1.09 1.09 1.09 1.10 1.10 1.10 1.10 1.74 1.03 1.03 1.03 1.00 1.00 1.00 1.00 0.99 0.99 0.99 0.99 1.02 1.02 1.02 1.02 0.95 0.95 1.56 1.56 1.55 0.95 1.56 1.56 1.55 1.55 1.55 1.55 1.55 1.55 1.55 2.36 1.18 1.18 1.18 1.18 1.16 2.82 1.88 1.16 1.12 1.81 1.12 1.12
1.11 1.11 1.11 1.11 1.11 1.11 1.11 1.11 1.08 1.08 0.61 0.29 0.36 0.29 0.29 0.29 0.40 0.29 0.25 0.25 0.29 0.29 0.29 0.25 0.24 0.24 0.24 0.24 0.39 0.76 0.39 1.08 1.09 1.09 1.09 1.09 1.10 1.10 1.10 1.10 1.03 1.03 1.03 1.03 1.00 1.00 1.00 1.00 0.99 0.99 0.99 0.99 1.02 1.02 1.02 1.02 1.60 0.95 0.95 0.95 0.95 0.95 1.56 1.56 1.55 1.55 1.55 1.55 1.55 1.55 1.55 1.55 1.18 1.18 1.18 1.18 1.16 1.88 1.88 1.16 1.12 1.12 1.12 1.12
2.82 1.45 1.45 1.11 1.11 1.97 1.11 3.31 1.78 0.39 0.36 0.29 0.29 0.43 0.33 0.36 0.25 0.33 0.29 0.78 0.49 0.39 0.35 0.25 0.24 0.24 0.24 0.39 0.39 0.39 1.08 1.08 1.09 1.09 1.09 1.09 1.10 1.10 0.56 1.10 1.03 1.03 1.03 1.03 1.00 1.00 1.00 1.00 0.99 0.99 0.99 0.99 1.02 1.02 1.02 1.02 0.95 0.95 0.95 0.95 0.95 1.56 1.56 1.56 1.55 1.55 1.55 1.55 1.55 6.04 2.64 1.55 1.18 1.18 1.18 1.18 1.16 1.16 1.16 1.16 1.80 1.12 1.12 1.12
2.28 1.45 1.45 1.45 2.28 2.28 1.11 1.11 1.08 1.08 0.39 0.29 0.29 0.33 0.40 0.25 0.29 0.29 0.29 0.78 0.78 0.39 0.25 0.25 0.24 0.24 0.24 0.25 0.66 0.67 1.08 1.08 1.09 1.09 1.09 1.09 1.79 1.09 1.09 0.55 1.00 1.00 1.00 1.00 0.44 0.26 0.44 0.99 1.00 1.00 1.00 1.00 1.66 1.01 1.01 1.01 0.93 0.93 0.93 0.93 0.92 1.53 1.53 1.53 1.52 1.52 1.52 1.52 2.63 1.54 1.54 1.54 2.28 2.28 1.17 1.17 1.15 1.15 1.15 1.15 1.07 1.07 1.07 1.07
1.45 1.45 1.45 1.45 1.45 1.45 1.45 1.45 1.41 1.41 1.08 0.39 0.29 0.29 1.03 1.03 0.29 0.29 0.29 0.33 0.39 0.39 0.39 0.25 0.24 0.24 0.33 0.28 0.25 0.28 1.27 0.48 0.39 1.09 1.09 1.09 1.09 1.09 0.81 0.55 1.00 1.00 0.35 0.35 0.26 0.26 0.44 0.99 1.00 1.00 1.00 1.00 1.01 1.01 1.01 1.01 0.93 0.93 0.93 0.93 2.60 1.53 1.53 2.60 1.52 1.52 1.52 1.52 1.54 1.54 1.54 1.54 1.17 1.17 1.17 1.17 1.15 1.15 1.15 1.15 1.07 1.07 1.74 1.07
1.45 1.45 1.45 1.45 1.45 1.45 2.28 1.45 1.41 1.41 1.41 0.44 0.24 0.81 0.40 0.40 0.29 0.29 0.29 0.33 0.33 0.39 0.29 0.29 0.28 0.24 0.28 0.36 0.39 0.28 0.28 0.39 0.39 0.39 0.39 0.80 0.55 1.27 0.55 0.55 1.00 0.26 0.33 0.26 0.26 0.26 0.44 0.99 1.00 1.00 1.00 1.00 1.01 1.01 1.01 1.01 0.93 0.93 0.93 1.52 1.53 2.60 1.53 3.07 1.52 1.52 2.60 4.03 2.27 1.54 1.54 1.54 1.17 1.17 1.17 2.26 1.15 1.15 1.15 1.15 1.07 1.07 1.07 1.07
1.71 0.46 1.45 1.45 2.28 1.45 1.45 1.45 1.41 1.41 1.89 0.81 1.17 0.81 1.04 1.04 0.81 0.29 0.29 0.29 0.33 0.29 0.29 0.36 0.24 0.28 0.28 0.28 0.39 0.28 0.28 0.25 0.28 0.28 0.39 0.36 0.28 0.28 0.36 0.28 0.33 0.26 0.26 0.26 0.26 0.26 0.99 0.99 1.64 2.33 1.64 1.64 1.01 1.01 1.01 1.01 0.93 0.93 0.93 0.93 1.53 1.53 1.53 2.27 2.27 2.27 2.27 2.27 2.27 2.27 2.27 2.27 2.19 2.19 1.17 1.17 1.15 1.15 1.15 1.15 1.74 1.07 1.07 1.07
0.45 0.45 0.45 1.44 1.45 1.45 1.45 1.45 2.21 1.41 0.44 0.44 0.81 0.81 0.73 0.73 0.81 0.81 0.81 0.81 0.81 0.29 0.40 0.40 0.40 0.28 0.36 0.28 0.39 0.39 0.37 0.33 0.25 0.28 0.28 0.28 0.28 0.28 0.28 0.28 0.26 0.26 0.26 0.26 0.35 0.35 0.99 1.16 0.98 0.98 0.98 0.98 0.98 0.98 0.98 1.15 0.91 0.91 0.91 1.19 2.33 1.20 1.20 2.27 2.27 2.27 2.27 2.27 2.27 2.27 2.27 2.27 1.17 1.17 1.17 1.17 1.85 1.14 1.14 5.06 1.81 1.81 1.12 1.12
0.45 0.45 0.45 0.45 0.46 0.58 0.46 0.46 0.44 0.44 0.44 0.44 0.81 0.81 0.81 2.09 0.73 0.81 0.81 0.81 0.81 1.17 0.81 0.81 0.28 0.28 0.28 0.28 0.28 0.28 0.28 0.33 0.28 0.28 0.28 0.28 0.28 0.28 0.28 0.28 0.26 0.26 0.26 0.26 0.40 0.35 0.34 0.26 0.26 0.26 0.26 0.26 0.26 0.26 0.26 0.46 0.91 0.91 0.91 1.19 2.73 1.20 1.20 2.27 2.27 2.27 2.27 1.53 1.54 5.01 3.28 1.54 2.27 1.17 1.17 1.17 1.14 1.14 1.14 1.14 1.12 1.12 1.12 1.12
1.14 1.14 1.14 1.14 1.14 1.14 1.14 1.14 0.55 0.55 0.55 0.96 0.96 1.06 0.96 1.06 1.22 0.96 0.96 0.96 0.96 0.96 0.96 0.96 0.97 0.97 0.97 0.55 0.35 0.35 0.35 0.35 0.35 0.35 0.35 0.35 0.35 0.35 0.35 0.35 0.33 0.33 0.33 0.33 0.42 0.33 0.33 0.33 0.33 0.42 0.33 0.33 0.29 0.33 0.33 0.87 0.67 1.05 1.05 1.72 1.73 1.73 1.73 2.56 2.56 1.75 1.75 1.75 2.56 2.56 3.98 2.56 1.55 1.55 1.55 1.55 1.20 1.20 1.20 1.20 1.18 1.18 1.18 1.18
1.14 1.14 1.14 1.14 1.14 1.67 1.83 1.14 0.55 0.96 0.96 1.06 1.06 0.96 0.96 0.96 0.87 0.96 0.55 1.37 0.96 0.96 1.06 0.87 0.97 0.97 1.42 0.97 0.97 0.97 0.97 0.40 0.35 0.35 0.35 0.35 0.35 0.35 0.35 0.35 0.33 0.42 0.33 0.33 0.33 0.33 0.33 0.33 0.33 0.33 0.33 0.33 0.33 0.33 0.29 0.87 0.28 0.76 2.97 1.72 1.73 0.80 1.73 1.73 2.56 1.75 1.75 6.40 2.56 1.75 1.75 1.75 1.55 1.55 1.55 1.55 2.33 1.20 1.20 1.20 1.18 1.18 1.18 1.18
