New_Model_Runs/5_FutureClimate_BASE_out/post_prcessed_with_MFR/Monthly_summaries/runoff_monthly_JUL.asc
NCOLS 700
NROWS 400
XLLCENTER 515000.000000
YLLCENTER 8409000.000000
CELLSIZE 50.000000
NODATA_value -999.000000
[rows 304 to 341 of 400, columns 168 to 251 of 700]
0.54 0.45 0.42 0.54 0.45 0.45 0.45 0.54 0.44 0.41 0.41 0.53 0.53 0.41 0.32 0.32 0.32 0.32 0.35 0.44 0.44 1.07 1.07 0.32 0.43 0.43 0.43 0.43 0.43 0.43 0.43 0.31 0.31 0.31 0.31 0.31 0.31 0.43 0.43 0.43 0.41 0.45 0.41 0.41 0.41 0.32 0.29 0.41 0.41 0.29 0.41 0.99 0.41 1.00 0.29 0.32 0.29 0.29 0.37 0.92 0.29 0.26 0.26 0.26 0.37 0.37 0.26 0.26 0.26 0.37 0.37 0.29 0.25 0.32 0.22 0.25 0.82 0.38 0.35 0.48 0.48 0.48 0.27 0.48
0.54 0.42 0.54 0.45 0.45 0.45 0.45 0.45 0.44 0.41 0.53 0.53 0.41 0.32 0.44 0.32 0.32 0.35 0.44 1.05 0.44 1.07 0.32 0.32 0.31 0.43 0.43 0.43 0.43 0.43 0.43 1.05 1.05 1.05 0.31 1.05 0.31 0.43 0.43 0.47 0.45 0.41 0.45 0.47 0.37 0.41 0.32 0.32 0.99 0.41 0.41 0.32 0.32 0.41 0.32 0.32 0.29 0.29 0.29 0.92 0.29 0.29 0.26 0.26 0.37 0.37 0.26 0.37 0.26 0.29 0.29 0.37 0.32 0.25 0.32 0.22 0.82 0.35 0.48 0.48 0.48 0.48 0.48 0.48
0.47 0.57 0.54 0.47 0.36 0.47 1.00 1.00 0.46 0.35 0.35 0.46 0.46 0.26 0.26 0.26 0.37 0.37 0.29 0.37 0.37 0.93 0.37 0.26 0.26 0.26 0.45 0.37 0.37 0.37 0.46 0.93 0.93 0.93 0.93 0.93 0.93 0.93 0.93 0.40 0.39 0.36 0.41 0.25 0.25 0.27 0.27 0.27 0.36 0.27 0.36 0.27 0.27 0.89 0.36 0.36 0.83 0.25 0.94 0.83 0.25 0.33 0.23 0.23 0.27 0.23 0.29 0.25 0.96 0.83 0.33 0.23 0.29 0.20 0.20 0.20 0.20 0.24 0.24 0.45 0.45 0.35 0.35 0.45
0.47 0.47 0.47 1.00 0.47 0.52 0.38 1.00 0.46 0.46 0.35 0.35 0.46 0.37 0.26 0.37 0.37 0.37 0.26 0.37 0.37 0.37 0.26 0.37 0.37 0.37 0.37 0.37 0.37 0.37 0.93 0.93 0.93 0.93 0.93 0.93 0.93 0.93 0.93 0.93 1.06 0.27 0.36 0.36 0.25 0.25 0.25 0.89 0.36 0.36 0.25 0.36 0.27 0.27 0.89 0.27 0.83 0.25 0.92 0.33 0.25 0.25 0.33 0.33 0.25 0.23 0.83 0.33 0.25 0.25 0.23 0.33 0.29 0.29 0.22 0.22 0.22 0.20 0.32 0.32 0.32 0.35 0.35 0.24
0.47 0.36 0.36 0.47 0.47 0.47 0.52 0.38 0.98 0.46 0.61 0.38 0.46 0.26 0.37 0.37 0.26 0.37 0.37 0.37 0.37 0.26 0.26 0.26 0.26 0.37 0.37 0.37 0.37 0.93 0.93 0.93 0.26 0.26 0.26 0.93 0.93 0.93 0.93 0.28 0.27 0.36 0.36 0.36 0.36 0.25 0.25 0.25 0.25 0.31 0.36 0.27 0.89 0.89 0.27 0.89 0.33 0.23 0.23 0.23 0.23 0.23 0.23 0.33 0.27 0.33 0.33 0.33 0.23 0.23 0.23 0.27 0.22 0.20 0.20 0.22 0.22 0.22 0.32 0.32 0.32 0.35 0.24 0.24
0.36 0.47 0.47 0.47 0.47 0.47 0.38 0.38 0.98 0.38 0.46 0.35 0.46 0.37 0.37 0.43 0.43 0.37 0.37 0.26 0.29 0.26 0.26 0.26 0.26 0.26 0.37 0.37 0.37 0.93 0.93 0.93 0.26 0.26 0.26 0.26 0.26 0.93 0.93 0.28 0.36 0.25 0.36 0.36 0.36 0.25 0.25 0.25 0.25 0.25 0.25 0.27 0.89 0.89 0.36 0.25 0.23 0.23 0.33 0.23 0.23 0.23 0.23 0.27 0.49 0.49 0.40 0.33 0.33 1.44 1.44 0.27 0.32 0.20 0.20 0.31 0.35 0.32 0.32 0.45 0.32 0.35 0.35 0.32
0.47 0.47 0.47 0.47 0.38 0.47 0.36 0.47 0.75 0.93 0.46 0.46 0.26 0.26 0.37 0.37 0.93 0.93 0.93 0.26 0.37 0.26 0.26 0.37 0.26 0.37 0.37 0.37 0.26 0.93 1.36 0.93 0.26 0.26 0.26 0.26 0.26 0.28 0.28 0.93 0.90 0.90 0.36 0.36 0.89 0.25 0.29 0.25 0.25 0.25 0.25 0.25 0.36 0.89 0.89 0.89 0.23 0.83 0.33 0.33 0.33 0.33 0.27 0.27 0.39 0.36 0.37 0.27 0.49 1.44 0.57 0.49 0.24 0.50 0.45 0.29 0.57 1.34 1.34 1.34 0.57 0.45 0.45 0.45
0.47 0.47 0.47 0.47 0.38 0.38 0.47 0.38 0.38 0.98 1.54 0.38 0.37 0.37 0.37 0.26 0.37 0.37 0.93 0.26 0.46 0.40 0.29 0.37 0.37 0.37 0.37 0.37 0.37 0.37 0.93 0.93 0.93 0.26 0.93 0.93 0.93 0.26 0.93 0.93 0.90 0.90 0.90 0.90 0.89 0.25 0.25 0.25 0.25 0.25 0.25 0.25 0.36 0.89 0.89 0.89 0.33 0.83 0.83 0.27 0.49 0.49 0.49 0.49 0.27 0.49 0.49 0.49 0.49 1.44 0.49 0.49 1.34 1.34 0.45 0.45 0.24 1.34 1.34 0.45 0.45 0.45 0.45 0.45
0.36 0.47 0.36 0.47 1.00 0.38 0.47 0.38 0.35 0.38 0.98 0.46 0.37 0.33 0.37 0.26 0.37 0.37 0.37 0.43 0.37 0.29 0.29 0.37 0.37 0.37 0.37 0.37 0.37 0.37 0.93 0.93 0.26 0.93 0.93 0.93 0.92 0.92 0.92 0.92 1.62 0.61 0.89 0.89 0.89 0.25 0.25 0.25 0.25 0.25 0.25 0.25 0.89 0.89 0.89 0.89 0.49 0.49 1.42 0.27 0.67 1.06 0.27 0.27 1.86 1.86 0.92 1.43 1.43 0.49 0.49 0.49 1.33 0.45 0.51 0.45 1.33 0.83 0.24 0.24 0.29 0.45 0.24 0.45
0.36 0.47 0.38 0.38 0.38 0.38 0.47 0.38 0.46 0.46 0.38 0.38 0.37 0.26 0.37 0.37 0.26 0.26 0.33 0.37 0.37 0.29 0.37 0.37 0.34 0.28 0.26 0.26 0.26 0.26 0.26 0.26 0.26 0.93 0.93 0.93 0.92 0.92 0.92 0.58 0.30 0.29 0.29 0.25 0.25 0.25 0.25 0.25 0.25 0.25 0.25 0.25 0.36 0.38 1.30 0.89 0.49 0.49 1.42 1.86 1.86 1.86 1.86 1.86 1.86 1.86 1.43 1.43 1.43 1.86 0.49 0.49 0.45 0.24 0.24 1.33 1.33 2.18 0.24 0.24 0.24 0.32 0.24 0.24
0.47 0.55 0.47 0.47 0.36 0.47 0.47 0.47 0.46 0.46 1.51 1.51 0.37 0.93 0.37 0.37 0.37 0.43 0.29 0.26 0.26 0.37 0.37 0.37 0.37 0.37 0.26 0.26 0.26 0.26 0.26 0.26 0.26 0.93 0.93 0.26 0.26 0.26 0.26 0.92 0.89 0.89 0.25 0.25 0.25 0.25 0.25 0.25 0.25 0.25 0.25 0.25 0.25 0.44 1.46 0.89 1.42 1.42 1.42 1.86 1.86 1.86 1.86 1.86 1.86 1.86 1.43 1.86 3.18 2.35 0.49 1.43 1.33 0.24 0.24 0.45 1.33 1.33 1.33 0.45 0.24 0.24 0.45 0.24
1.54 1.00 0.47 0.47 0.47 0.36 0.36 0.47 0.46 0.46 0.46 1.51 0.37 0.26 0.37 0.37 0.37 0.44 0.29 0.26 0.37 0.37 0.26 0.26 0.37 0.37 0.26 0.26 0.26 0.26 0.26 0.26 0.26 0.26 0.30 0.26 0.26 0.26 0.26 0.26 0.25 0.25 0.25 0.25 0.25 0.25 0.25 0.25 0.36 0.25 0.25 0.25 0.25 0.25 0.89 0.89 0.49 1.42 1.42 1.42 1.43 1.43 1.43 1.43 1.43 1.43 1.43 1.86 1.86 1.43 1.43 0.49 0.44 0.45 0.45 0.45 0.45 0.45 0.45 0.45 0.45 0.45 0.45 0.24
0.47 0.47 0.47 0.47 0.47 0.47 0.36 0.36 0.38 0.38 0.46 0.37 0.29 0.26 0.37 0.46 0.37 0.26 0.26 0.29 0.92 0.37 0.43 0.29 0.35 0.30 0.26 0.26 0.26 0.26 0.26 0.26 0.26 0.26 0.40 0.26 0.26 0.26 0.26 0.26 0.41 0.25 0.25 0.25 0.25 0.25 0.25 0.25 0.25 0.89 0.36 0.25 0.25 0.88 0.88 0.88 0.23 0.49 1.42 1.42 1.45 1.45 1.45 1.45 1.45 1.45 1.45 1.45 1.43 1.86 1.86 1.86 0.44 1.32 0.45 0.45 0.45 0.45 0.24 0.24 0.24 0.24 0.45 0.24
0.38 0.47 0.47 0.38 0.47 0.47 0.36 0.47 0.38 0.38 0.46 0.37 0.34 0.29 0.26 0.37 0.29 0.29 0.37 0.92 0.29 0.37 0.37 0.37 0.28 0.26 0.26 0.26 0.26 0.26 0.30 0.26 0.26 0.92 0.92 0.92 0.91 0.26 0.91 0.91 0.88 0.88 0.25 0.25 0.25 0.29 0.25 0.25 0.25 0.36 0.36 0.25 0.88 0.88 0.88 0.88 0.27 1.42 0.48 1.42 1.45 1.45 1.45 1.45 1.45 1.45 1.45 1.45 1.43 1.43 1.43 1.86 1.73 0.44 0.45 0.45 0.45 0.24 0.24 0.24 0.45 0.45 0.45 0.45
0.47 0.47 0.47 0.47 0.47 0.47 0.38 0.38 0.35 0.35 0.38 0.92 0.26 0.29 0.29 0.37 0.37 0.37 0.37 0.44 0.26 0.37 0.26 0.37 0.26 0.26 0.26 0.26 1.04 0.26 0.30 0.30 0.26 1.35 0.92 0.92 0.91 0.91 0.91 1.61 0.88 1.46 1.46 0.25 0.25 0.25 1.46 1.46 0.25 0.25 0.41 0.89 0.88 0.36 0.25 0.52 1.42 1.42 1.42 1.42 1.45 1.45 1.45 1.45 1.45 1.45 1.45 1.45 1.43 1.43 1.43 1.43 1.73 1.32 1.32 1.32 0.45 0.24 0.24 0.24 0.24 0.24 0.45 0.45
0.66 0.66 1.00 0.47 0.47 0.38 0.47 0.38 0.35 0.35 0.35 0.26 0.37 0.29 0.29 0.29 0.29 0.37 0.92 0.29 0.37 0.26 0.26 0.26 0.26 0.43 0.93 0.93 0.93 0.26 0.26 0.26 0.26 0.92 0.92 0.92 0.91 1.03 1.61 0.37 1.46 1.46 1.46 0.88 0.89 0.89 1.46 1.46 0.25 0.25 0.27 1.57 0.31 0.36 0.30 0.52 1.42 1.42 1.42 1.42 1.45 1.45 0.27 0.27 1.45 1.45 1.45 1.45 1.43 1.43 1.43 0.49 1.32 1.32 1.32 1.32 1.33 0.24 0.45 0.24 0.24 0.24 0.24 0.45
0.47 0.47 0.47 0.47 0.47 0.38 0.36 0.47 0.35 0.35 0.26 0.26 0.29 0.94 0.29 0.29 0.46 0.37 1.04 0.29 0.37 0.37 0.26 0.26 0.26 0.37 0.93 0.93 0.26 0.26 0.26 0.26 0.26 0.91 0.91 0.26 0.26 0.90 0.26 0.26 0.25 0.25 1.46 0.88 0.38 1.46 1.46 1.46 1.46 0.27 1.46 2.11 0.87 0.38 1.49 1.49 1.42 1.42 1.42 1.42 1.46 1.46 0.27 0.85 0.85 1.46 1.46 1.46 1.45 1.45 1.45 1.45 1.32 1.32 1.32 1.32 1.32 0.45 0.45 0.24 0.24 0.24 0.45 0.45
0.47 0.38 0.47 0.36 0.36 0.36 0.36 0.36 0.35 0.35 0.37 0.26 0.37 0.94 0.29 0.29 0.37 0.37 0.37 0.37 0.93 0.37 0.37 0.26 0.37 0.37 0.37 0.26 0.26 0.26 0.37 0.42 0.37 0.37 0.26 0.26 0.26 0.26 1.50 0.26 1.46 0.25 0.25 1.57 1.57 1.57 1.57 1.57 1.57 1.46 0.88 0.88 0.87 0.87 1.49 1.49 0.49 1.42 1.42 1.42 1.46 0.49 0.36 0.85 0.85 0.85 1.46 1.46 1.45 1.45 1.45 1.45 1.32 1.32 0.24 0.45 0.45 0.45 0.24 1.32 0.45 0.24 0.45 0.45
0.33 0.33 0.33 0.40 0.88 0.33 0.88 0.30 0.86 0.30 0.21 0.21 0.31 0.80 0.24 0.24 0.24 0.31 0.24 0.81 0.81 0.21 0.21 0.21 0.22 0.22 0.25 0.22 0.22 0.22 0.22 0.22 0.81 0.22 0.22 0.22 0.22 1.35 1.35 0.22 0.32 0.32 0.32 1.45 1.45 2.42 1.45 1.34 1.34 1.34 0.80 1.34 1.45 0.79 1.37 1.37 1.32 1.32 1.32 1.32 1.35 1.35 0.78 0.78 0.78 0.78 0.78 1.36 1.35 1.35 1.35 1.35 1.24 1.24 1.24 0.41 0.41 0.41 0.22 1.24 1.24 1.24 1.24 1.24
0.33 0.33 0.30 0.30 0.88 0.33 0.30 1.37 0.30 0.30 0.21 0.25 0.21 0.31 0.24 0.24 0.24 0.31 0.31 0.81 0.81 0.21 0.21 0.25 0.22 0.22 0.27 0.32 0.22 0.32 0.82 0.82 0.81 0.22 0.22 0.22 0.34 1.35 1.35 0.68 0.34 0.22 0.22 0.22 0.22 1.34 1.34 1.34 1.34 1.34 1.34 1.45 1.45 1.14 1.37 1.37 1.32 1.32 1.32 1.32 1.35 1.35 0.20 0.20 0.78 0.78 0.78 1.36 0.45 0.24 1.35 1.35 2.02 2.02 1.24 1.24 0.22 0.22 0.22 0.41 1.24 1.24 1.24 1.24
0.33 0.88 0.40 0.40 0.30 0.30 0.40 0.30 0.39 0.32 0.21 0.21 0.21 0.24 0.24 0.24 0.24 0.31 0.24 0.24 0.21 0.21 0.21 0.21 0.22 0.32 0.32 0.32 0.32 0.81 0.81 0.81 0.80 0.80 0.22 0.22 0.34 0.34 0.22 0.22 0.22 0.22 0.22 0.22 0.22 0.22 0.22 0.22 0.34 0.34 0.80 1.45 1.45 0.80 0.80 1.38 1.32 1.32 1.32 1.32 1.35 1.35 0.77 0.77 0.78 0.20 0.20 0.20 0.24 0.24 1.35 1.35 1.25 1.25 1.25 0.22 0.22 0.22 0.22 0.22 0.41 1.24 1.24 1.24
0.40 0.40 0.40 0.40 0.40 0.40 0.40 0.43 0.32 0.31 0.21 0.31 0.21 0.24 0.24 0.31 0.24 0.31 0.31 0.31 0.31 0.31 0.21 0.21 0.22 0.22 0.22 0.22 0.22 0.22 0.81 0.81 0.80 0.22 0.22 0.34 0.22 0.22 0.22 0.22 0.22 0.35 0.79 0.22 0.80 0.80 0.22 0.22 0.22 0.22 0.22 0.80 1.34 1.45 1.45 1.38 1.32 1.32 1.32 1.32 1.35 0.77 0.77 0.77 0.78 0.20 0.20 0.20 0.24 0.24 1.35 1.35 2.03 1.25 1.25 0.26 0.22 1.24 1.24 0.22 0.22 1.24 1.24 1.24
0.00 1.46 0.40 0.40 0.40 0.40 0.40 0.33 0.39 0.24 0.21 0.29 0.31 0.31 0.27 0.21 0.24 0.21 0.24 0.31 0.21 0.31 0.21 0.21 0.25 0.22 0.22 0.22 0.81 0.81 0.81 0.81 0.80 0.80 0.34 0.34 0.34 0.22 0.22 0.22 0.79 0.79 0.79 0.79 0.80 0.80 0.80 0.25 0.25 0.22 0.32 0.32 0.34 1.45 0.80 0.80 1.32 1.32 1.32 1.32 1.35 1.35 0.77 0.77 0.78 0.20 0.23 0.20 0.24 1.35 2.22 1.35 1.25 1.25 0.22 0.22 1.24 0.22 0.41 1.24 0.22 0.76 0.41 0.41
0.00 0.00 1.46 0.33 0.33 0.33 0.40 0.40 0.39 0.31 0.31 0.27 0.24 0.31 0.24 0.21 0.24 0.24 0.24 0.31 0.21 0.21 0.21 0.21 0.22 0.22 0.22 0.25 0.22 0.81 0.81 0.81 0.80 0.80 0.80 0.80 0.22 0.32 0.48 1.37 1.37 1.37 1.37 1.37 1.38 0.80 0.80 0.22 0.22 0.22 0.32 0.32 0.27 0.22 0.80 0.80 1.32 1.32 1.32 1.32 1.35 1.35 1.35 0.77 0.78 0.78 0.00 0.78 1.35 1.35 1.35 1.35 1.25 0.41 0.22 0.22 1.24 1.24 1.24 0.22 0.22 0.22 0.29 0.41
0.00 0.00 0.00 0.00 0.00 0.00 0.00 0.00 0.39 0.31 0.38 0.24 0.31 0.31 0.21 0.31 0.31 0.31 0.24 0.21 0.81 0.31 0.21 0.21 0.25 0.22 0.36 0.22 0.22 0.80 0.80 0.80 0.78 0.78 0.78 0.22 0.79 0.79 1.36 1.36 1.37 1.37 1.37 1.37 1.37 1.37 0.79 0.79 0.79 0.34 0.22 0.24 0.38 0.39 0.80 0.80 0.76 1.32 1.32 1.32 1.34 1.34 1.34 2.20 1.35 0.00 0.00 0.00 1.35 1.35 0.00 0.00 0.00 1.26 0.41 0.22 0.22 0.22 1.24 0.22 0.22 0.22 0.22 0.22
0.00 0.00 0.00 0.00 0.00 0.00 0.00 0.00 0.00 0.00 1.43 0.24 0.24 0.24 0.21 0.21 0.31 0.31 0.21 0.24 0.21 0.31 0.25 0.21 0.22 0.25 0.22 0.82 0.80 0.80 0.80 0.80 0.78 0.78 0.78 0.78 0.79 0.79 0.79 0.79 0.22 0.22 0.79 1.37 1.37 1.37 0.79 0.79 1.14 0.79 0.53 0.34 0.32 0.80 0.80 0.80 0.76 1.32 1.32 1.32 1.34 1.34 1.34 1.34 1.35 0.00 0.00 0.00 0.00 0.00 0.00 0.00 0.00 0.00 0.00 1.26 0.22 1.24 1.24 0.22 0.41 0.22 0.22 0.22
0.00 0.00 0.00 0.00 0.00 0.00 0.00 0.00 0.00 0.00 1.43 1.43 1.43 0.21 0.81 0.21 0.21 0.21 0.34 0.34 0.34 0.34 0.31 0.21 0.22 0.22 0.22 0.82 0.80 0.80 0.80 0.80 0.78 0.78 0.78 0.78 0.79 0.79 0.79 0.79 1.14 0.90 0.22 0.79 1.37 1.37 1.37 0.79 0.79 0.34 0.79 0.79 0.32 0.80 0.80 0.80 0.76 0.76 1.32 1.32 1.34 1.34 1.34 1.34 1.35 2.22 1.35 0.00 0.00 0.00 0.00 0.00 0.00 0.00 0.00 0.00 0.00 0.41 1.24 0.22 0.22 0.22 0.26 0.22
0.00 0.00 0.00 0.00 0.00 0.00 0.00 0.00 0.00 0.00 0.00 0.00 1.80 1.80 0.81 0.81 0.21 0.31 0.34 0.34 0.81 0.81 0.21 0.21 0.22 1.35 0.34 0.82 0.80 0.80 0.80 0.80 0.78 0.78 0.78 0.78 0.79 0.79 0.79 0.79 0.79 0.79 0.26 1.37 1.37 2.25 1.37 1.37 1.38 0.34 0.34 0.79 0.32 0.32 0.80 1.15 0.76 0.76 1.32 1.32 1.34 1.34 1.34 1.34 1.35 1.35 1.35 0.00 0.00 0.00 0.00 0.00 0.00 0.00 0.00 0.00 1.24 0.29 0.41 0.41 0.41 0.41 0.29 0.22
0.00 0.00 0.00 0.00 0.00 0.00 0.00 0.00 0.00 0.00 0.00 0.00 0.00 1.80 1.39 1.39 0.31 0.31 0.81 0.81 1.43 0.81 1.43 0.21 0.22 1.35 1.35 0.80 0.78 0.78 1.12 0.78 0.79 1.37 1.37 1.37 1.41 1.41 1.41 1.41 1.41 1.41 1.41 1.41 1.40 1.40 1.40 1.40 1.38 0.47 1.38 1.38 0.48 0.32 0.32 0.79 1.08 0.76 0.76 0.76 0.77 1.34 1.34 0.00 6.20 0.00 0.00 0.00 0.00 0.00 0.00 0.00 0.00 0.00 0.00 0.00 1.25 0.22 0.41 0.41 0.41 1.23 1.23 0.22
0.00 0.00 0.00 0.00 0.00 0.00 0.00 0.00 0.00 0.00 0.00 0.00 0.00 0.00 3.08 1.80 0.47 0.47 1.40 1.43 1.43 1.43 1.43 0.31 0.80 1.35 0.80 0.80 0.78 0.78 0.78 0.78 1.37 1.37 1.37 1.37 1.41 1.41 1.41 1.41 1.41 1.41 1.41 1.41 1.40 1.40 1.40 1.40 1.38 1.38 1.38 1.38 0.48 0.48 0.48 0.79 0.76 0.76 0.76 0.76 0.77 0.77 0.00 0.00 0.00 0.00 0.00 0.00 0.00 0.00 0.00 0.00 0.00 0.00 0.00 0.00 1.64 1.64 0.32 0.41 0.22 1.23 1.23 0.22
0.00 0.00 0.00 0.00 0.00 0.00 0.00 0.00 0.00 0.00 0.00 0.00 0.00 0.00 0.00 1.80 1.80 1.80 2.31 2.11 1.80 1.80 1.40 1.40 1.38 1.38 0.80 1.14 0.78 0.78 0.78 0.78 1.37 1.37 1.37 1.37 1.41 1.41 1.41 1.41 1.41 1.41 1.41 1.41 1.40 1.40 1.40 1.40 1.38 1.38 1.38 1.38 1.37 0.48 0.48 1.37 0.76 0.76 0.76 0.76 0.77 0.00 0.00 0.00 0.00 0.00 0.00 0.00 0.00 0.00 0.00 0.00 0.00 0.00 0.00 0.00 0.00 2.77 1.64 1.64 0.41 1.23 1.23 1.23
0.00 0.00 0.00 0.00 0.00 0.00 0.00 0.00 0.00 0.00 0.00 0.00 0.00 0.00 0.00 0.00 0.00 1.80 1.80 1.80 1.80 1.80 1.40 1.40 1.38 1.38 0.80 0.80 0.78 0.78 0.78 1.35 1.37 1.37 0.00 0.00 0.00 0.00 0.00 0.00 0.00 0.00 0.00 0.00 0.00 0.00 1.40 1.40 1.38 1.38 1.38 1.38 1.37 0.48 0.48 1.37 0.76 0.76 0.76 1.08 0.77 0.00 0.00 0.00 0.00 0.00 0.00 0.00 0.00 0.00 0.00 0.00 0.00 0.00 0.00 0.00 0.00 0.00 0.00 0.00 0.00 1.23 0.40 1.23
0.00 0.00 0.00 0.00 0.00 0.00 0.00 0.00 0.00 0.00 0.00 0.00 0.00 0.00 0.00 0.00 0.00 0.00 0.00 0.00 0.00 0.00 1.80 1.39 1.37 1.37 1.37 0.79 0.79 0.79 1.37 1.37 1.39 0.00 0.00 0.00 0.00 0.00 0.00 0.00 0.00 0.00 0.00 0.00 0.00 0.00 0.00 0.00 0.00 2.30 1.40 1.40 1.36 1.36 0.48 1.36 1.29 0.74 0.74 0.74 0.76 0.00 0.00 0.00 0.00 0.00 0.00 0.00 0.00 0.00 0.00 0.00 0.00 0.00 0.00 0.00 0.00 0.00 0.00 0.00 0.00 1.23 0.40 1.23
0.00 0.00 0.00 0.00 0.00 0.00 0.00 0.00 0.00 0.00 0.00 0.00 0.00 0.00 0.00 0.00 0.00 0.00 0.00 0.00 0.00 0.00 0.00 1.80 1.37 1.37 1.37 1.37 1.37 1.37 1.37 1.37 0.00 0.00 0.00 0.00 0.00 0.00 0.00 0.00 0.00 0.00 0.00 0.00 0.00 0.00 0.00 0.00 0.00 0.00 1.40 1.40 1.36 1.36 0.48 0.48 1.54 1.29 1.29 1.29 1.32 7.52 0.00 0.00 0.00 0.00 0.00 0.00 0.00 0.00 0.00 0.00 0.00 0.00 0.00 0.00 0.00 0.00 0.00 0.00 0.00 1.99 1.23 0.40
0.00 0.00 0.00 0.00 0.00 0.00 0.00 0.00 0.00 0.00 0.00 0.00 0.00 0.00 0.00 0.00 0.00 0.00 0.00 0.00 0.00 0.00 0.00 0.00 0.00 0.00 0.00 1.21 1.21 1.21 1.21 0.00 0.00 0.00 0.00 0.00 0.00 0.00 0.00 0.00 0.00 0.00 0.00 0.00 0.00 0.00 0.00 0.00 0.00 0.00 2.05 1.26 1.22 1.22 0.41 0.41 1.19 1.19 1.19 1.19 1.22 0.40 0.00 0.00 0.00 0.00 0.00 0.00 0.00 0.00 0.00 0.00 0.00 0.00 0.00 0.00 0.00 0.00 0.00 0.00 0.00 0.00 1.55 1.15
0.00 0.00 0.00 0.00 0.00 0.00 0.00 0.00 0.00 0.00 0.00 0.00 0.00 0.00 0.00 0.00 0.00 0.00 0.00 0.00 0.00 0.00 0.00 0.00 0.00 0.00 0.00 0.00 1.21 1.21 5.98 0.00 0.00 0.00 0.00 0.00 0.00 0.00 0.00 0.00 0.00 0.00 0.00 0.00 0.00 0.00 0.00 0.00 0.00 0.00 1.26 1.26 1.22 1.22 1.22 0.41 0.39 1.19 0.40 1.19 1.22 1.22 1.22 1.22 0.00 0.00 0.00 0.00 0.00 0.00 0.00 0.00 0.00 0.00 0.00 0.00 0.00 0.00 0.00 0.00 0.00 0.00 0.00 1.15
0.00 0.00 0.00 0.00 0.00 0.00 0.00 0.00 0.00 0.00 0.00 0.00 0.00 0.00 0.00 0.00 0.00 0.00 0.00 0.00 0.00 0.00 0.00 0.00 0.00 0.00 0.00 0.00 1.23 1.23 0.00 0.00 0.00 0.00 0.00 0.00 0.00 0.00 0.00 0.00 0.00 0.00 0.00 0.00 0.00 0.00 0.00 0.00 0.00 0.00 1.26 1.26 1.20 1.20 1.20 1.20 0.40 0.40 0.40 1.17 1.21 1.21 1.21 1.21 0.00 0.00 0.00 0.00 0.00 0.00 0.00 0.00 0.00 0.00 0.00 0.00 0.00 0.00 0.00 0.00 0.00 0.00 0.00 5.80
0.00 0.00 0.00 0.00 0.00 0.00 0.00 0.00 0.00 0.00 0.00 0.00 0.00 0.00 0.00 0.00 0.00 0.00 0.00 0.00 0.00 0.00 0.00 0.00 0.00 0.00 0.00 0.00 2.47 1.23 0.00 0.00 0.00 0.00 0.00 0.00 0.00 0.00 0.00 0.00 0.00 0.00 0.00 0.00 0.00 0.00 0.00 0.00 0.00 0.00 1.26 1.26 1.20 1.20 1.20 1.20 1.17 0.40 1.17 1.17 1.21 1.21 1.21 0.40 0.00 0.00 0.00 0.00 0.00 0.00 0.00 0.00 0.00 0.00 0.00 0.00 0.00 0.00 0.00 0.00 0.00 0.00 0.00 0.00
