New_Model_Runs/5_FutureClimate_BASE_out/post_prcessed_with_MFR/Monthly_summaries/runoff_monthly_JUL.asc
NCOLS 700
NROWS 400
XLLCENTER 515000.000000
YLLCENTER 8409000.000000
CELLSIZE 50.000000
NODATA_value -999.000000
[rows 114 to 151 of 400, columns 336 to 419 of 700]
0.00 0.00 2.41 2.41 2.33 2.33 3.91 2.33 2.27 5.45 3.80 2.27 2.27 2.27 2.27 2.27 2.26 3.78 3.78 2.26 2.29 2.29 10.38 2.29 2.30 2.30 2.30 2.30 2.28 3.81 0.75 1.01 0.75 0.75 0.75 1.01 0.74 0.74 1.00 0.74 0.74 0.74 0.74 0.99 0.72 0.72 0.97 0.72 0.68 0.68 0.92 0.68 0.69 0.69 0.69 0.69 0.70 0.70 0.70 0.70 0.70 0.70 0.70 0.70 0.67 0.89 0.67 0.67 0.67 0.67 0.67 0.88 0.89 0.89 1.21 0.89 0.88 0.88 0.88 0.88 0.33 0.93 0.93 0.93
2.41 2.41 2.41 2.41 2.33 2.33 5.53 2.33 2.27 2.27 2.27 3.80 2.27 3.80 2.27 2.27 2.26 2.26 3.76 2.26 2.29 3.80 2.29 2.29 2.30 2.30 3.85 2.30 2.28 2.28 0.75 0.75 0.75 0.75 0.75 1.00 0.74 0.74 1.00 0.74 0.74 0.74 0.98 0.74 0.72 0.73 0.72 0.72 0.68 0.68 0.68 0.68 0.69 0.69 0.69 0.69 0.70 0.70 0.70 0.70 0.70 0.70 0.70 0.70 0.67 0.67 0.67 0.67 0.67 0.89 1.20 0.88 0.89 0.89 0.89 0.89 0.88 0.88 0.88 1.18 0.93 0.93 0.93 0.93
2.28 2.28 1.27 2.28 2.22 2.22 2.22 2.22 2.22 2.22 2.22 2.22 2.24 3.74 6.60 2.24 2.23 2.23 2.23 2.23 2.24 2.24 2.24 3.75 2.24 2.24 2.24 2.24 2.23 3.72 2.23 0.73 0.72 0.72 0.98 1.08 0.72 0.72 0.72 0.72 0.70 0.70 0.95 0.97 0.72 0.04 0.04 0.04 0.72 0.72 0.72 0.72 0.73 0.73 0.73 0.73 0.72 0.72 0.72 0.72 0.72 0.72 0.72 0.72 0.68 0.68 0.68 0.68 0.67 0.67 0.88 0.88 0.87 0.87 0.87 0.87 0.29 1.15 0.85 0.85 0.94 0.94 0.94 0.94
2.28 2.28 1.27 2.28 2.22 2.22 2.22 2.22 2.22 2.22 2.22 2.22 2.24 2.24 2.24 3.73 2.23 2.23 2.23 2.23 2.24 2.24 2.24 3.75 5.36 2.24 2.24 2.24 2.23 2.23 2.23 0.73 0.72 0.72 0.72 0.72 0.72 0.72 0.72 0.72 0.70 0.70 0.70 0.95 0.04 0.04 0.04 0.72 0.72 0.72 0.72 0.72 0.73 0.73 0.73 0.73 0.72 0.72 0.72 0.72 0.72 0.72 0.72 0.72 0.68 0.68 0.68 0.68 0.67 0.67 1.19 0.88 0.87 0.87 0.87 0.87 0.85 0.85 0.85 0.85 0.94 0.94 0.94 0.94
2.28 1.27 2.28 2.28 2.22 2.22 2.22 2.22 2.22 2.22 2.22 2.22 2.24 2.24 3.74 2.24 2.23 2.23 2.23 2.23 2.24 2.24 2.24 3.75 2.24 2.24 2.24 3.73 2.23 2.23 2.23 2.23 0.72 0.72 0.72 0.72 0.72 0.72 0.72 0.04 0.04 0.04 0.04 0.70 0.72 0.72 0.72 0.72 0.72 0.72 0.72 0.72 0.73 0.73 0.73 0.73 0.72 0.72 0.72 0.72 0.72 0.72 0.72 0.72 0.68 0.68 0.68 0.68 0.67 0.67 0.88 0.88 0.87 0.87 0.87 0.87 0.85 0.85 0.85 0.85 0.94 0.94 0.94 0.94
1.27 2.28 3.74 2.28 2.22 2.22 2.22 2.22 2.22 2.22 2.22 2.22 2.24 2.24 2.24 2.24 2.23 2.23 2.23 3.74 2.24 2.24 2.24 2.24 2.24 2.24 2.24 3.73 2.23 2.23 3.12 2.23 0.72 0.72 0.72 0.72 1.26 0.98 0.04 0.04 0.04 0.04 0.70 0.70 0.72 0.72 0.72 0.72 0.72 0.72 0.72 0.72 0.73 0.73 0.73 0.73 0.72 0.72 0.72 0.72 0.72 0.72 0.72 0.72 0.68 0.68 0.68 0.68 0.67 0.67 0.88 0.88 0.05 0.05 0.05 0.05 0.85 0.85 0.85 0.85 0.94 0.94 0.94 0.94
2.17 2.17 2.17 2.17 2.21 2.21 2.21 3.69 2.24 2.24 2.24 2.24 2.26 2.26 3.77 2.26 2.25 2.25 2.25 3.76 3.74 2.24 2.24 3.74 2.23 2.23 2.23 2.23 3.72 2.22 0.57 1.24 0.04 0.04 0.72 0.74 0.75 0.75 0.25 0.04 0.76 0.76 0.76 0.76 0.79 0.79 0.79 0.79 0.77 0.77 0.77 0.77 0.78 0.78 0.78 0.78 0.77 0.77 0.77 0.77 0.77 0.77 0.77 0.77 0.71 0.71 0.71 0.71 0.70 0.92 0.92 0.92 0.89 0.89 0.05 0.89 0.89 0.89 0.89 0.89 1.02 1.02 1.02 1.02
2.17 2.17 5.18 2.17 2.21 2.21 2.21 2.21 3.74 2.24 3.74 3.75 2.26 2.26 2.26 2.26 2.25 2.25 2.25 2.25 2.24 2.24 2.24 2.24 2.23 2.23 2.23 2.23 2.22 2.22 2.22 2.22 0.57 0.04 0.04 0.04 0.04 0.04 0.04 0.73 0.76 0.76 0.76 0.76 0.79 0.79 0.79 0.79 0.77 0.77 0.77 0.77 0.78 0.78 0.78 0.78 0.77 0.77 0.77 0.13 0.77 0.77 0.77 0.77 0.71 0.71 0.71 0.71 0.70 0.92 0.92 0.92 0.89 0.89 0.89 0.89 0.89 0.89 0.89 0.89 1.02 1.02 1.02 1.02
2.17 2.17 2.17 2.17 2.21 2.21 2.21 2.21 2.24 2.24 2.24 2.24 2.26 2.26 2.26 2.26 2.25 2.25 2.25 2.25 2.24 2.24 2.24 2.24 2.23 2.23 2.23 2.23 2.22 2.22 2.22 2.22 2.22 0.72 0.72 0.04 0.04 0.04 0.73 0.73 0.76 0.76 0.76 0.76 0.79 0.79 0.79 0.79 0.77 0.77 0.77 0.77 0.78 0.13 0.03 0.13 0.13 0.13 0.13 0.13 0.13 0.13 0.13 0.13 0.12 0.71 0.71 0.71 0.70 0.92 0.92 0.92 0.89 0.89 0.89 0.89 0.89 0.89 0.89 0.89 1.02 1.02 1.02 1.02
2.17 2.17 2.17 2.17 2.21 2.21 2.21 2.21 2.24 2.24 2.24 2.24 2.26 2.26 2.26 2.26 2.25 2.25 2.25 2.25 2.24 2.24 2.24 2.24 2.23 2.23 2.23 2.23 2.22 2.22 2.22 2.22 2.22 0.72 0.72 0.72 0.73 0.73 0.73 0.73 0.76 0.76 0.76 0.76 0.79 0.79 0.79 0.79 0.77 0.77 0.77 0.13 0.13 0.03 0.03 0.03 0.03 0.13 0.13 0.13 0.13 0.13 0.13 0.13 0.12 0.12 0.71 0.71 0.70 0.92 0.92 0.92 0.89 0.89 0.89 0.89 0.89 0.89 0.89 0.89 1.02 1.02 1.02 1.02
2.30 2.30 2.30 2.30 2.34 2.34 2.34 2.34 2.34 2.34 2.34 2.34 2.35 2.35 2.35 2.35 2.33 2.33 2.33 2.33 2.32 2.32 2.32 2.32 2.30 2.30 2.30 2.30 2.30 2.30 2.30 2.30 2.31 2.31 0.77 0.77 0.78 0.78 0.78 0.78 0.80 0.80 0.80 0.80 0.82 0.82 0.82 0.82 0.79 0.13 0.79 0.13 0.13 0.03 0.03 0.03 0.03 0.13 0.13 0.13 0.13 0.13 0.13 0.13 0.12 0.12 0.12 0.73 0.94 0.94 0.94 0.94 0.92 0.92 0.92 0.92 0.93 0.93 0.93 0.93 1.05 1.05 1.05 1.05
2.30 2.30 2.30 2.30 2.34 2.34 2.34 2.34 2.34 2.34 2.34 2.34 2.35 2.35 2.35 2.35 2.33 2.33 2.33 2.33 2.32 2.32 2.32 2.32 2.30 2.30 2.30 2.30 2.30 2.30 2.30 2.30 2.31 2.31 0.77 0.77 0.78 0.78 0.78 0.78 0.80 0.80 0.80 0.80 0.82 0.82 0.82 0.82 0.79 0.79 0.03 0.05 0.05 0.03 0.05 0.05 0.05 0.03 0.08 0.52 0.03 0.05 0.13 0.05 0.12 0.12 0.12 0.73 0.94 0.94 0.94 0.94 0.92 0.92 0.92 0.92 0.93 0.93 0.93 0.93 1.05 1.05 1.05 1.05
2.30 2.30 2.30 2.30 2.34 2.34 2.34 2.34 2.34 2.34 2.34 2.34 2.35 2.35 2.35 2.35 2.33 2.33 2.33 2.33 2.32 2.32 2.32 2.32 2.30 2.30 2.30 2.30 2.30 2.30 2.30 2.30 2.31 2.31 0.77 0.77 0.78 0.78 0.78 0.78 0.80 0.80 0.80 0.80 0.82 0.82 1.40 0.31 0.79 0.13 0.05 0.05 0.03 0.52 0.52 0.52 0.52 0.52 0.52 0.52 0.52 0.52 0.03 0.05 0.12 0.12 0.12 0.12 0.16 0.94 0.94 0.94 0.92 0.92 0.92 0.92 0.93 0.93 0.93 0.93 1.05 1.05 0.19 0.19
2.30 2.30 2.30 2.30 2.34 2.34 2.34 2.34 2.34 2.34 2.34 2.34 2.35 2.35 2.35 0.94 0.93 0.93 2.33 2.33 2.32 2.32 2.32 2.32 2.30 2.30 2.30 2.30 2.30 2.30 2.30 2.30 2.31 2.31 2.31 0.77 0.78 0.78 0.78 0.78 0.80 0.80 0.80 0.80 0.82 0.53 0.27 0.36 0.05 0.03 0.52 0.08 0.52 0.52 0.52 0.00 0.08 0.00 0.00 0.00 0.52 0.52 0.52 0.52 0.49 0.49 0.12 0.12 0.16 0.16 0.94 0.94 0.92 0.92 0.92 0.92 0.93 0.93 0.93 0.93 0.19 0.19 0.19 0.19
2.40 0.96 0.68 0.68 2.40 2.40 2.40 0.96 2.40 2.40 2.40 1.20 2.41 2.41 0.96 0.96 0.95 0.95 0.95 2.37 2.36 2.36 2.36 2.36 2.35 2.35 2.35 2.35 2.35 2.35 2.35 2.35 2.36 2.36 2.36 0.79 0.79 0.79 0.79 0.26 0.80 0.80 0.26 0.53 0.53 0.31 0.14 0.31 0.08 0.08 0.52 0.00 0.00 0.00 0.00 0.00 0.00 0.00 0.00 0.00 0.00 0.00 0.00 0.00 0.49 0.49 0.03 0.03 0.17 0.17 0.95 0.95 0.94 0.94 0.94 0.94 0.95 0.16 0.16 0.16 0.20 0.05 0.20 0.05
0.96 0.96 0.96 0.68 0.96 0.96 0.60 0.96 0.96 0.62 0.60 0.68 1.20 1.20 0.60 0.68 0.95 0.95 0.95 2.37 2.36 2.36 2.36 2.36 2.35 2.35 2.35 2.35 2.35 2.35 2.35 2.35 2.36 2.36 2.36 2.36 0.79 0.79 0.69 0.69 0.53 0.31 0.53 0.31 0.31 0.31 0.31 1.18 9.77 0.00 0.00 0.00 0.00 0.00 0.00 0.00 0.00 0.00 0.00 0.00 0.00 0.00 0.00 0.00 0.00 0.00 0.49 0.65 0.65 0.04 0.04 0.95 0.16 0.26 0.94 0.94 0.95 0.26 0.26 0.26 0.20 0.05 0.12 0.12
1.00 0.63 0.63 0.71 1.00 0.71 0.71 0.71 0.71 0.63 0.63 0.71 0.71 0.71 0.63 0.71 0.66 0.94 0.94 0.94 2.34 2.34 2.34 0.93 0.93 0.93 0.93 2.33 1.18 2.34 2.34 0.93 0.90 0.90 0.90 0.56 0.13 0.05 0.05 0.05 0.03 0.08 0.08 0.52 0.03 0.03 0.03 0.00 0.00 0.00 0.00 0.00 0.00 0.00 0.00 0.00 0.00 0.00 0.00 0.00 0.00 0.00 0.00 0.00 0.00 0.00 0.00 0.00 0.00 9.57 0.65 0.65 0.17 0.94 0.27 0.31 0.27 0.32 0.95 0.95 0.19 0.12 0.03 0.68
0.71 0.71 0.84 0.84 1.00 1.00 0.63 0.63 0.84 0.84 2.00 2.00 2.00 0.71 0.63 0.71 0.66 0.94 0.94 0.59 0.59 0.93 0.93 0.59 0.59 0.93 0.66 0.66 0.59 0.66 0.59 0.59 0.90 0.90 0.90 0.90 0.08 0.08 0.08 0.08 0.08 0.08 0.52 0.52 0.52 0.00 0.00 0.00 0.00 0.00 0.00 0.00 0.00 0.00 0.00 0.00 0.00 0.00 0.00 0.00 0.00 0.00 0.00 0.00 0.00 0.00 0.00 0.00 0.00 0.00 0.00 0.00 0.00 0.11 0.11 0.11 0.07 0.07 0.11 0.65 0.12 0.00 0.68 0.68
0.84 0.84 0.84 0.84 0.71 0.71 0.63 0.84 0.84 0.84 0.84 2.00 2.00 0.55 0.84 0.84 0.79 0.59 0.52 1.90 1.90 0.79 0.66 0.59 0.59 0.66 0.66 0.66 0.79 1.90 0.59 0.59 0.56 0.77 0.91 1.84 1.84 0.52 0.52 0.52 0.08 0.52 0.52 0.52 0.00 0.00 0.00 0.00 0.00 0.00 0.00 0.00 0.00 0.00 0.00 0.00 0.00 0.00 0.00 0.00 0.00 0.00 0.00 0.00 0.00 0.00 0.00 0.00 0.00 0.00 0.00 0.00 0.00 0.00 0.00 0.00 9.57 0.65 0.11 0.11 0.00 0.00 0.00 0.68
0.84 2.00 2.00 2.00 0.63 0.63 0.84 0.84 0.84 0.84 0.84 2.00 2.00 2.00 2.00 0.55 0.79 0.79 1.90 1.90 1.90 0.52 0.52 0.79 0.79 0.79 0.79 0.59 0.79 0.79 0.79 0.79 0.77 1.84 1.84 1.84 1.84 0.52 0.52 0.52 0.52 0.52 0.52 0.00 0.00 0.00 0.00 0.00 0.00 0.00 0.00 0.00 0.00 0.00 0.00 0.00 0.00 0.00 0.00 0.00 0.00 0.00 0.00 0.00 0.00 0.00 0.00 0.00 0.00 0.00 0.00 0.00 0.00 0.00 0.00 0.00 0.00 0.00 0.00 0.00 0.00 0.00 0.00 0.00
0.84 0.84 0.84 2.00 0.84 0.84 0.55 2.00 0.55 0.55 0.55 2.00 2.00 0.00 0.00 0.00 0.00 1.90 1.90 0.00 0.00 0.00 0.00 9.94 1.90 1.90 1.90 1.90 1.90 1.90 1.90 1.90 1.84 1.84 1.84 1.84 1.84 0.52 0.52 0.52 0.52 0.52 0.00 0.00 0.00 0.00 0.00 0.00 0.00 0.00 0.00 0.00 0.00 0.00 0.00 0.00 0.00 0.00 0.00 0.00 0.00 0.00 0.00 0.00 0.00 0.00 0.00 0.00 0.00 0.00 0.00 0.00 0.00 0.00 0.00 0.00 0.00 0.00 0.00 0.00 0.00 0.00 0.00 0.00
0.84 2.00 0.84 0.84 2.00 0.55 0.55 2.00 0.55 0.55 0.55 2.00 0.00 0.00 0.00 0.00 0.00 0.00 0.00 0.00 0.00 0.00 0.00 0.00 0.00 0.00 0.00 1.90 1.90 1.90 1.90 1.90 1.84 1.84 1.84 1.84 1.84 1.84 0.52 0.52 0.52 0.52 0.00 0.00 0.00 0.00 0.00 0.00 0.00 0.00 0.00 0.00 0.00 0.00 0.00 0.00 0.00 0.00 0.00 0.00 0.00 0.00 0.00 0.00 0.00 0.00 0.00 0.00 0.00 0.00 0.00 0.00 0.00 0.00 0.00 0.00 0.00 0.00 0.00 0.00 0.00 0.00 0.00 0.00
0.84 2.00 2.00 2.00 0.55 0.55 0.55 0.55 0.55 0.55 0.55 2.00 0.00 0.00 0.00 0.00 0.00 0.00 0.00 0.00 0.00 0.00 0.00 0.00 0.00 0.00 0.00 0.00 0.00 0.00 1.90 1.90 0.00 0.00 0.00 0.00 0.00 0.00 0.00 0.00 0.00 0.00 0.00 0.00 0.00 0.00 0.00 0.00 0.00 0.00 0.00 0.00 0.00 0.00 0.00 0.00 0.00 0.00 0.00 0.00 0.00 0.00 0.00 0.00 0.00 0.00 0.00 0.00 0.00 0.00 0.00 0.00 0.00 0.00 0.00 0.00 0.00 0.00 0.00 0.00 0.00 0.00 0.00 0.00
0.84 0.55 0.55 0.55 0.55 0.55 0.84 0.55 10.21 0.00 0.00 0.00 0.00 0.00 0.00 0.00 0.00 0.00 0.00 0.00 0.00 0.00 0.00 0.00 0.00 0.00 0.00 0.00 0.00 0.00 0.00 0.00 0.00 0.00 0.00 0.00 0.00 0.00 0.00 0.00 0.00 0.00 0.00 0.00 0.00 0.00 0.00 0.00 0.00 0.00 0.00 0.00 0.00 0.00 0.00 0.00 0.00 0.00 0.00 0.00 0.00 0.00 0.00 0.00 0.00 0.00 0.00 0.00 0.00 0.00 0.00 0.00 0.00 0.00 0.00 0.00 0.00 0.00 0.00 0.00 0.00 0.00 0.00 0.00
0.84 0.84 0.63 2.00 0.55 2.00 2.00 2.00 3.24 2.57 2.00 2.00 0.00 0.00 0.00 0.00 0.00 0.00 0.00 0.00 0.00 0.00 0.00 0.00 0.00 0.00 0.00 0.00 0.00 0.00 0.00 0.00 0.00 0.00 0.00 0.00 0.00 0.00 0.00 0.00 0.00 0.00 0.00 0.00 0.00 0.00 0.00 0.00 0.00 0.00 0.00 0.00 0.00 0.00 0.00 0.00 0.00 0.00 0.00 0.00 0.00 0.00 0.00 0.00 0.00 0.00 0.00 0.00 0.00 0.00 0.00 0.00 0.00 0.00 0.00 0.00 0.00 0.00 0.00 0.00 0.00 0.00 0.00 0.00
1.22 0.84 0.84 0.55 2.00 2.00 2.00 2.00 2.00 0.55 0.55 2.00 0.00 0.00 0.00 0.00 0.00 0.00 0.00 0.00 0.00 0.00 0.00 0.00 0.00 0.00 0.00 0.00 0.00 0.00 0.00 0.00 0.00 0.00 0.00 0.00 0.00 0.00 0.00 0.00 0.00 0.00 0.00 0.00 0.00 0.00 0.00 0.00 0.00 0.00 0.00 0.00 0.00 0.00 0.00 0.00 0.00 0.00 0.00 0.00 0.00 0.00 0.00 0.00 0.00 0.00 0.00 0.00 0.00 0.00 0.00 0.00 0.00 0.00 0.00 0.00 0.00 0.00 0.00 0.00 0.00 0.00 0.00 0.00
0.19 0.86 2.00 2.00 2.00 2.00 2.00 2.00 2.00 2.58 2.00 2.00 0.00 0.00 0.00 0.00 0.00 0.00 0.00 0.00 0.00 0.00 0.00 0.00 0.00 0.00 0.00 0.00 0.00 0.00 0.00 0.00 0.00 0.00 0.00 0.00 0.00 0.00 0.00 0.00 0.00 0.00 0.00 0.00 0.00 0.00 0.00 0.00 0.00 0.00 0.00 0.00 0.00 0.00 0.00 0.00 0.00 0.00 0.00 0.00 0.00 0.00 0.00 0.00 0.00 0.00 0.00 0.00 0.00 0.00 0.00 0.00 0.00 0.00 0.00 0.00 0.00 0.00 0.00 0.00 0.00 0.00 0.00 0.00
0.19 0.83 0.84 2.00 0.84 1.01 1.00 1.00 0.63 0.84 2.00 2.00 2.00 2.00 2.00 2.00 1.90 1.90 3.07 0.79 0.00 0.00 0.00 0.00 0.00 0.00 0.00 0.00 0.00 0.00 0.00 0.00 0.00 0.00 0.00 0.00 0.00 0.00 0.00 0.00 0.00 0.00 0.00 0.00 0.00 0.00 0.00 0.00 0.00 0.00 0.00 0.00 0.00 0.00 0.00 0.00 0.00 0.00 0.00 0.00 0.00 0.00 0.00 0.00 0.00 0.00 0.00 0.00 0.00 0.00 0.00 0.00 0.00 0.00 0.00 0.00 0.00 0.00 0.00 0.00 0.00 0.00 0.00 0.00
0.19 0.19 0.19 2.00 1.25 1.00 4.22 2.51 2.48 1.00 1.00 1.00 0.63 2.00 0.84 0.84 0.79 0.79 1.90 2.53 0.79 1.90 0.00 0.00 0.00 0.00 0.00 0.00 0.00 0.00 0.00 0.00 0.00 0.00 0.00 0.00 0.00 0.00 0.00 0.00 0.00 0.00 0.00 0.00 0.00 0.00 0.00 0.00 0.00 0.00 0.00 0.00 0.00 0.00 0.00 0.00 0.00 0.00 0.00 0.00 0.00 0.00 0.00 0.00 0.00 0.00 0.00 0.00 0.00 0.00 0.00 0.00 0.00 0.00 0.00 0.00 0.00 0.00 0.00 0.00 0.00 0.00 0.00 0.00
0.83 0.83 0.38 2.33 1.00 1.00 2.51 2.51 2.48 2.48 1.25 1.25 1.25 0.84 0.84 0.71 1.18 1.18 0.94 0.94 0.66 0.52 0.52 1.90 0.00 0.00 0.00 0.00 0.00 0.00 0.00 0.00 0.00 0.00 0.00 0.00 0.00 0.00 0.00 0.00 0.00 0.00 0.00 0.00 0.00 0.00 0.00 0.00 0.00 0.00 0.00 0.00 0.00 0.00 0.00 0.00 0.00 0.00 0.00 0.00 0.00 0.00 0.00 0.00 0.00 0.00 0.00 0.00 0.00 0.00 0.00 0.00 0.00 0.00 0.00 0.00 0.00 0.00 0.00 0.00 0.00 0.00 0.00 0.00
0.31 0.38 0.38 0.38 1.00 1.00 2.48 2.48 2.46 2.46 2.46 2.46 4.16 0.55 0.55 2.10 0.94 0.94 0.94 1.90 0.94 0.94 1.90 0.79 0.79 1.90 1.90 0.00 0.00 0.00 0.00 0.00 0.00 0.00 0.00 0.00 0.00 0.00 0.00 0.00 0.00 0.00 0.00 0.00 0.00 0.00 0.00 0.00 0.00 0.00 0.00 0.00 0.00 0.00 0.00 0.00 0.00 0.00 0.00 0.00 0.00 0.00 0.00 0.00 0.00 0.00 0.00 0.00 0.00 0.00 0.00 0.00 0.00 0.00 0.00 0.00 0.00 0.00 0.00 0.00 0.00 0.00 0.00 0.00
0.38 0.47 0.38 0.38 0.93 2.48 4.18 2.48 2.46 2.46 2.46 2.46 1.00 0.63 1.00 1.25 1.18 1.69 0.94 2.33 2.30 0.94 0.94 0.79 0.79 0.52 1.90 1.90 0.00 0.00 0.00 0.00 0.00 0.00 0.00 0.00 0.00 0.00 0.00 0.00 0.00 0.00 0.00 0.00 0.00 0.00 0.00 0.00 0.00 0.00 0.00 0.00 0.00 0.00 0.00 0.00 0.00 0.00 0.00 0.00 0.00 0.00 0.00 0.00 0.00 0.00 0.00 0.00 0.00 0.00 0.00 0.00 0.00 0.00 0.00 0.00 0.00 0.00 0.00 0.00 0.00 0.00 0.00 0.00
0.56 0.56 0.46 0.39 0.39 0.39 1.28 3.04 3.02 3.02 3.02 1.71 1.28 2.47 2.42 1.58 1.45 1.92 1.57 2.79 2.76 2.76 1.17 1.17 0.99 0.99 0.99 2.29 2.29 0.00 0.00 0.00 0.00 0.00 0.00 0.00 0.00 0.00 0.00 10.41 2.07 0.00 0.00 0.00 0.00 0.00 0.00 1.28 1.86 1.86 1.45 1.20 0.00 0.00 0.00 0.00 0.00 0.00 0.00 0.00 0.00 0.00 0.00 0.00 0.00 0.00 0.00 0.00 0.00 0.00 0.00 0.00 0.00 0.00 0.00 0.00 0.00 0.00 0.00 0.00 0.00 0.00 0.00 0.00
0.91 0.39 0.65 0.65 0.39 1.51 3.04 3.04 3.02 3.02 3.02 1.71 1.28 1.28 2.60 1.28 1.17 1.17 2.79 2.79 2.76 2.76 2.76 1.45 1.17 1.17 0.74 0.99 2.29 2.29 2.29 2.29 0.00 0.00 0.00 0.00 0.00 0.00 2.07 2.07 2.07 2.07 1.28 1.28 1.28 1.28 1.28 1.28 1.20 1.20 0.45 1.20 1.20 0.00 0.00 0.00 0.00 0.00 0.00 0.00 0.00 0.00 0.00 0.00 0.00 0.00 0.00 0.00 0.00 0.00 0.00 0.00 0.00 0.00 0.00 0.00 0.00 0.00 0.00 0.00 0.00 0.00 0.00 0.00
1.55 0.39 0.39 0.39 1.51 1.51 1.51 3.04 3.02 3.02 3.02 3.02 3.00 3.00 3.00 1.28 2.73 4.63 2.73 2.73 2.73 2.73 2.73 2.73 2.81 2.81 2.81 1.17 0.78 2.29 2.29 3.74 2.07 2.07 0.00 0.00 0.00 2.07 2.07 2.07 2.07 2.07 1.28 1.28 1.28 1.28 0.85 1.52 0.79 1.20 1.20 0.27 0.27 0.00 0.00 0.00 0.00 0.00 0.00 0.00 0.00 0.00 0.00 0.00 0.00 0.00 0.00 0.00 0.00 0.00 0.00 0.00 0.00 0.00 0.00 0.00 0.00 0.00 0.00 0.00 0.00 0.00 0.00 0.00
0.56 1.55 1.55 1.55 1.51 1.51 1.51 1.51 3.02 3.02 3.02 5.15 3.00 3.00 3.00 3.00 2.73 2.73 2.73 2.73 2.73 2.73 2.73 2.73 2.81 2.81 2.81 1.17 0.74 2.29 2.29 2.29 2.07 2.07 2.07 2.07 2.07 2.07 2.07 0.74 0.74 1.30 1.30 0.76 0.76 0.76 0.76 0.76 1.20 1.20 10.06 0.00 0.00 0.00 0.00 0.00 0.00 0.00 0.00 0.00 0.00 0.00 0.00 0.00 0.00 0.00 0.00 0.00 0.00 0.00 0.00 0.00 0.00 0.00 0.00 0.00 0.00 0.00 0.00 0.00 0.00 0.00 0.00 0.00
0.56 0.39 1.55 1.55 1.51 1.51 1.51 1.51 3.02 3.02 3.02 3.02 3.00 3.00 3.00 3.00 2.73 6.67 2.73 2.73 2.73 2.73 2.73 2.73 2.81 2.81 2.81 1.17 2.29 2.29 2.29 2.29 2.07 2.07 2.07 2.07 2.07 2.07 2.93 0.88 1.04 1.30 1.30 0.76 0.76 0.76 0.59 1.28 1.20 1.20 1.20 0.00 0.00 0.00 0.00 0.00 0.00 0.00 0.00 0.00 0.00 0.00 0.00 0.00 0.00 0.00 0.00 0.00 0.00 0.00 0.00 0.00 0.00 0.00 0.00 0.00 0.00 0.00 0.00 0.00 0.00 0.00 0.00 0.00
0.29 0.56 1.55 1.55 1.51 0.56 0.39 1.51 1.50 3.02 3.02 3.02 3.00 3.00 3.00 3.00 2.73 2.73 2.73 2.73 2.73 2.73 2.73 2.73 2.81 2.81 1.57 2.29 2.29 2.29 2.29 2.29 2.07 2.07 0.58 0.58 2.07 0.65 0.65 1.30 2.50 2.66 1.69 1.69 1.69 3.53 2.69 2.40 1.20 0.00 0.00 0.00 0.00 0.00 0.00 0.00 0.00 0.00 0.00 0.00 0.00 0.00 0.00 0.00 0.00 0.00 0.00 0.00 0.00 0.00 0.00 0.00 0.00 0.00 0.00 0.00 0.00 0.00 0.00 0.00 0.00 0.00 0.00 0.00
