New_Model_Runs/5_FutureClimate_BASE_out/post_prcessed_with_MFR/Monthly_summaries/runoff_monthly_DEC.asc
NCOLS 700
NROWS 400
XLLCENTER 515000.000000
YLLCENTER 8409000.000000
CELLSIZE 50.000000
NODATA_value -999.000000
[rows 228 to 265 of 400, columns 84 to 167 of 700]
0.67 1.50 0.67 0.67 0.67 0.67 0.67 0.67 1.51 0.67 0.67 0.67 1.04 1.04 1.04 1.04 0.66 0.66 0.66 0.66 0.66 0.66 0.66 0.66 0.67 0.67 0.67 0.67 1.83 2.04 1.05 1.05 1.06 1.06 1.06 1.06 1.08 1.08 1.08 1.08 1.09 1.09 1.09 1.09 1.36 1.36 1.36 1.36 1.34 1.34 1.34 1.34 1.34 2.38 1.34 1.34 1.35 1.35 1.35 1.35 1.71 1.71 0.55 0.55 0.55 0.55 0.55 0.72 0.54 0.54 0.54 0.54 1.71 1.71 1.71 1.71 1.82 1.82 1.82 0.59 0.59 0.59 0.59 0.59
0.67 0.67 0.67 0.67 0.67 0.67 0.67 0.67 0.67 0.67 1.51 0.67 1.04 1.04 1.04 1.04 0.66 0.66 0.66 0.66 0.66 0.66 0.66 1.48 0.67 0.67 0.67 0.67 1.83 1.05 1.05 1.05 1.06 1.06 1.06 1.06 2.70 1.08 1.08 1.08 1.09 1.09 1.09 1.09 1.36 1.36 1.36 1.36 1.34 1.34 1.34 1.34 1.34 1.34 1.34 1.34 1.35 1.35 1.35 1.35 1.71 1.71 0.55 0.55 0.55 1.71 1.71 0.55 0.54 0.54 0.54 0.54 1.71 1.71 1.71 1.71 1.82 1.82 1.82 1.82 1.81 0.59 0.59 0.59
0.67 0.67 0.67 0.67 0.67 0.67 0.67 0.67 0.67 0.67 0.67 0.67 1.04 1.73 1.04 1.51 0.66 1.48 0.66 0.66 0.66 1.47 0.66 0.66 0.67 0.67 0.67 0.67 2.39 1.05 1.05 1.05 1.06 1.06 1.06 1.06 1.08 1.08 1.08 1.08 1.09 2.11 2.11 1.09 1.36 1.36 1.36 1.36 2.40 1.34 1.34 1.34 1.34 1.34 1.34 1.34 1.35 1.35 1.35 1.35 1.71 1.71 1.71 1.71 2.78 1.71 0.55 0.55 1.70 1.70 0.54 0.54 1.71 1.71 1.71 1.71 1.82 1.82 1.82 1.82 1.81 1.81 1.81 1.81
0.67 0.67 0.67 0.67 0.67 0.67 0.67 0.67 0.67 0.67 0.67 0.67 1.04 1.04 1.04 1.04 0.66 0.66 0.66 1.48 1.47 0.66 0.66 0.66 0.67 0.67 0.67 0.67 1.05 1.05 1.05 1.05 1.06 1.06 1.06 1.06 1.08 1.08 1.08 1.08 1.09 1.09 2.10 1.09 1.36 1.36 1.36 1.36 1.34 2.40 1.34 1.34 1.34 1.34 1.34 1.34 1.35 1.35 1.35 1.35 1.71 1.71 1.71 1.71 1.71 1.71 0.55 1.71 1.70 1.70 0.54 1.70 1.71 1.71 1.71 1.71 1.82 1.82 1.82 1.82 1.81 1.81 1.81 1.81
0.65 0.65 1.47 1.47 0.65 0.65 0.65 0.65 0.65 0.65 0.65 0.65 0.65 0.65 0.65 1.46 0.64 0.64 0.64 0.64 0.66 0.66 0.66 0.66 0.67 0.67 0.67 0.67 1.06 1.06 1.06 1.06 1.08 1.08 1.08 1.08 1.08 1.08 1.08 1.08 1.07 1.07 1.07 1.07 1.34 1.34 1.34 1.34 1.34 1.34 1.34 1.34 1.36 1.36 1.36 1.36 1.38 1.38 1.38 1.38 1.74 1.74 1.74 1.74 1.72 1.72 1.72 1.72 1.71 1.71 1.71 1.71 1.73 1.73 1.73 1.73 1.84 1.84 3.00 1.84 1.85 1.85 1.85 1.85
0.65 0.65 0.65 0.65 0.65 0.65 0.65 0.65 0.65 2.06 0.65 0.65 0.65 0.65 0.65 0.65 0.64 0.64 0.64 0.64 0.66 0.66 0.66 0.66 0.67 0.67 0.67 0.67 1.06 1.06 1.06 1.06 1.08 1.08 1.08 1.08 1.08 1.08 1.08 2.69 1.07 1.07 1.07 1.07 1.34 1.34 1.34 1.34 1.34 1.34 1.34 1.34 1.36 1.36 1.36 1.36 1.38 1.38 1.38 1.38 1.74 1.74 4.81 1.74 1.72 1.72 1.72 1.72 2.78 1.71 1.71 1.71 1.73 1.73 1.73 1.73 1.84 1.84 1.84 1.84 1.85 1.85 1.85 1.85
1.47 0.65 0.65 0.65 0.65 0.65 0.65 0.65 0.65 0.65 0.65 0.65 0.65 0.65 0.65 0.65 0.64 0.64 0.64 0.64 0.66 0.66 0.66 0.66 0.67 0.67 0.67 0.67 1.06 1.06 1.06 1.06 1.08 1.08 1.08 1.08 3.41 2.09 3.23 1.08 1.07 2.07 1.07 1.07 1.34 1.34 1.34 1.34 1.34 1.34 1.34 1.34 1.36 1.36 1.36 1.36 1.38 1.38 1.38 1.38 1.74 1.74 1.74 4.80 1.72 1.72 1.72 1.72 1.71 1.71 1.71 1.71 1.73 1.73 1.73 1.73 1.84 1.84 1.84 1.84 1.85 1.85 1.85 1.85
1.46 0.65 0.65 0.65 0.65 0.65 1.46 0.65 0.65 0.65 0.65 0.65 0.65 0.65 0.65 0.65 0.64 0.64 0.64 0.64 0.66 0.66 0.66 0.66 0.67 0.67 0.67 0.67 1.06 1.06 1.06 1.06 1.08 1.08 1.08 2.70 1.08 1.08 1.08 1.08 1.07 1.07 1.07 1.07 1.34 1.34 1.34 1.34 1.34 1.34 1.34 1.34 1.36 1.36 1.36 1.36 1.38 1.38 1.38 1.38 1.74 1.74 1.74 1.74 1.72 1.72 1.72 1.72 1.71 1.71 1.71 1.71 1.73 1.73 1.73 1.73 1.84 1.84 1.84 1.84 1.85 1.85 1.85 1.85
0.63 0.63 0.63 1.43 0.63 0.63 0.63 0.63 0.63 0.63 0.63 0.63 0.64 0.64 0.64 0.64 0.66 0.66 0.66 0.66 1.04 1.04 1.04 1.04 1.05 1.05 1.05 1.05 1.09 1.09 1.09 1.09 1.09 1.09 1.09 2.10 1.07 1.07 1.07 1.07 1.06 1.06 1.06 1.06 1.36 1.36 1.36 1.36 1.38 1.38 1.38 1.38 1.65 1.65 1.65 1.65 1.67 1.67 1.67 1.67 1.77 1.77 1.77 2.87 1.73 2.81 1.73 1.73 1.72 1.72 1.72 1.72 1.74 1.74 1.74 1.74 1.85 1.85 1.85 1.85 1.86 1.86 1.86 1.86
0.63 0.63 0.63 0.63 0.63 0.63 0.63 0.63 0.63 0.63 1.42 0.63 0.64 0.64 0.64 0.64 0.66 0.66 0.66 0.66 1.04 1.04 1.04 1.04 1.05 1.05 1.05 1.05 1.09 1.09 1.09 1.09 1.09 1.09 1.09 1.09 1.07 1.07 1.07 1.07 1.06 1.06 1.06 1.06 1.36 1.36 1.36 1.36 1.38 1.38 1.38 1.38 1.65 1.65 1.65 1.65 1.67 1.67 1.67 1.67 1.77 1.77 1.77 1.77 1.73 1.73 1.73 1.73 1.72 1.72 1.72 1.72 1.74 1.74 1.74 1.74 1.85 1.85 1.85 1.85 1.86 3.06 1.86 1.86
0.63 0.63 1.43 0.63 0.63 0.63 0.63 0.63 0.63 0.63 0.63 0.63 0.64 0.64 0.64 0.64 0.66 0.66 0.66 0.66 1.04 1.04 1.04 1.04 1.05 1.05 1.05 1.05 1.09 1.09 1.09 1.09 1.09 1.09 1.09 1.09 1.07 1.07 1.07 1.07 1.06 1.06 1.06 1.06 1.36 1.36 1.36 1.36 1.38 1.38 1.38 1.38 1.65 1.65 1.65 1.65 1.67 1.67 1.67 1.67 1.77 1.77 1.77 1.77 1.73 1.73 1.73 2.81 1.72 1.72 1.72 1.72 1.74 1.74 1.74 1.74 1.85 1.85 1.85 1.85 1.86 3.06 1.86 1.86
0.63 0.63 0.63 0.63 0.63 0.63 0.63 0.63 2.01 0.63 0.63 0.63 0.64 0.64 0.64 0.64 0.66 0.66 0.66 0.66 1.04 1.04 1.04 1.04 1.05 1.05 1.05 1.05 1.09 1.09 1.09 1.09 1.09 2.73 1.09 2.10 1.07 1.07 1.07 1.07 1.06 1.06 1.06 1.06 1.36 1.36 1.36 1.36 1.38 1.38 1.38 1.38 1.65 1.65 1.65 1.65 1.67 1.67 1.67 1.67 1.77 1.77 4.89 1.77 1.73 6.32 1.73 1.73 1.72 1.72 1.72 1.72 1.74 1.74 1.74 1.74 1.85 1.85 1.85 1.85 1.86 1.86 3.06 1.86
0.62 0.62 0.62 0.62 0.63 0.63 0.63 0.63 0.64 0.64 0.64 0.64 0.66 0.66 0.66 0.66 1.05 1.05 1.05 1.05 1.07 1.07 1.07 1.07 1.09 1.09 1.09 1.09 1.11 1.11 1.11 1.11 1.08 1.08 1.08 1.08 1.07 1.07 1.07 1.07 1.08 1.08 1.08 1.08 1.38 1.38 1.38 1.38 1.66 1.66 1.66 1.66 1.68 1.68 1.68 1.68 1.69 1.69 1.69 1.69 1.76 1.76 1.76 2.86 2.80 1.72 1.72 1.72 1.71 1.71 1.71 1.71 1.74 1.74 1.74 1.74 1.86 1.86 1.86 1.86 1.88 1.88 1.88 1.88
1.03 0.76 0.62 0.62 0.63 0.63 0.63 0.63 1.43 0.64 0.64 0.64 0.66 0.66 0.66 0.66 1.05 1.05 1.05 1.05 1.07 1.07 1.07 1.07 1.09 1.09 1.09 1.09 1.11 1.11 1.11 1.11 2.73 2.10 1.08 1.08 1.07 1.07 1.07 1.07 1.08 1.08 1.08 1.08 1.38 1.38 1.38 1.38 1.66 1.66 1.66 1.66 1.68 1.68 1.68 1.68 1.69 1.69 1.69 1.69 1.76 1.76 1.76 1.76 1.72 1.72 1.72 1.72 1.71 1.71 1.71 1.71 1.74 1.74 1.74 1.74 1.86 1.86 1.86 1.86 1.88 1.88 1.88 1.88
0.72 0.72 0.72 0.72 0.72 0.72 0.62 0.62 0.62 1.41 0.62 0.62 0.63 0.63 0.63 0.63 0.66 0.66 0.66 0.66 1.04 1.04 1.04 1.04 1.05 1.05 1.05 1.05 1.06 1.06 1.06 1.06 1.04 2.02 1.04 1.04 0.68 0.68 0.68 0.68 0.68 0.68 1.74 0.68 1.34 1.34 1.34 1.34 1.37 1.37 1.37 1.37 1.39 1.39 1.39 1.39 1.39 1.39 1.39 2.49 1.74 1.74 1.74 1.74 1.70 2.77 1.70 1.70 1.69 1.69 1.69 1.69 1.72 1.72 1.72 1.72 1.86 1.86 1.86 1.86 1.88 1.88 1.88 1.88
0.72 0.72 0.72 0.72 0.72 0.72 0.72 0.72 0.73 0.62 0.62 0.62 0.63 0.63 0.63 0.63 0.66 0.66 0.66 0.66 1.04 1.04 1.04 1.04 1.05 1.05 1.05 1.05 1.06 1.06 1.06 1.06 1.04 1.04 1.04 1.04 0.68 0.68 0.68 0.68 1.52 1.52 0.68 0.68 1.34 1.34 1.34 1.34 1.37 1.37 1.37 1.37 1.39 1.39 1.39 1.39 1.39 1.39 1.39 1.39 1.74 1.74 1.74 1.74 1.70 1.70 1.70 1.70 1.69 1.69 1.69 1.69 1.72 1.72 1.72 1.72 1.86 3.05 1.86 1.86 1.88 1.88 1.88 1.88
0.72 0.72 0.72 0.72 0.73 0.73 0.73 0.73 0.74 1.40 0.74 0.74 0.65 0.65 0.65 0.65 0.67 0.67 0.67 0.67 1.06 1.06 1.06 1.06 1.07 1.07 1.07 1.07 1.06 1.06 1.06 1.06 0.68 0.68 0.68 0.68 0.68 0.68 0.68 0.68 1.03 1.03 1.03 1.03 1.34 1.34 1.34 1.34 1.37 1.37 1.37 1.37 1.40 1.40 1.40 1.40 1.39 1.39 1.39 1.39 1.72 1.72 1.72 1.72 1.69 1.69 1.69 1.69 1.69 1.69 1.69 1.69 1.70 1.70 1.70 1.70 1.85 1.85 1.85 3.04 1.89 1.89 1.89 1.89
0.72 0.72 0.72 0.72 0.73 0.73 0.73 0.73 0.74 0.74 0.74 0.74 0.75 0.75 0.75 0.65 0.67 0.67 0.67 0.67 1.06 1.06 1.06 1.06 1.07 1.07 1.07 0.53 1.06 1.06 1.06 1.06 0.68 0.68 0.68 0.68 0.68 0.68 0.68 0.68 1.03 1.03 1.03 1.03 1.34 1.34 1.34 1.34 3.25 1.37 1.37 1.37 1.40 1.40 1.40 2.45 1.39 1.39 1.39 1.39 1.72 1.72 1.72 2.78 1.69 1.69 1.69 1.69 1.69 1.69 1.69 1.69 1.70 1.70 1.70 1.70 1.85 3.04 1.85 1.85 5.27 1.89 1.89 1.89
0.72 0.72 0.72 0.72 0.73 0.73 0.73 0.73 0.74 0.74 0.74 0.74 0.75 0.75 0.75 0.75 0.78 0.78 0.78 0.67 1.06 1.06 1.06 1.06 1.07 1.07 1.07 0.53 0.65 0.50 1.06 1.06 0.68 0.68 0.68 0.68 0.68 0.68 0.68 0.68 1.03 1.03 1.03 1.03 1.34 1.34 1.34 1.34 2.43 1.37 1.37 1.37 1.40 1.40 1.40 1.40 1.39 1.39 1.39 1.39 1.72 1.72 1.72 2.78 1.69 1.69 1.69 1.69 1.69 1.69 1.69 1.69 1.70 1.70 1.70 1.70 1.85 1.85 1.85 1.85 1.89 1.89 1.89 1.89
0.72 0.72 0.72 0.72 1.02 0.73 0.73 0.73 0.74 1.03 0.74 0.74 0.75 0.75 0.75 0.75 0.78 0.78 0.78 0.78 0.81 0.81 1.06 1.06 1.07 2.07 1.53 0.49 0.50 0.50 0.50 1.06 0.68 0.68 0.68 0.68 0.68 0.68 0.68 0.68 0.53 1.03 1.03 1.72 1.34 1.34 1.34 1.34 1.37 1.37 1.37 2.45 1.40 1.40 1.40 2.50 1.39 1.39 1.39 1.39 1.72 1.72 1.72 1.72 1.69 1.69 1.69 1.69 1.69 1.69 1.69 1.69 2.77 1.70 1.70 1.70 1.85 1.85 1.85 1.85 1.89 1.89 1.89 1.89
0.72 0.72 0.72 0.72 0.74 0.74 0.74 0.74 0.74 0.74 0.74 0.74 0.75 0.75 0.75 0.75 0.79 0.79 0.79 0.79 0.82 0.82 0.82 0.82 1.39 1.07 0.53 0.49 0.50 0.50 2.05 1.05 0.67 0.67 0.67 0.67 0.68 0.68 0.06 0.06 0.53 1.04 1.04 1.04 1.11 1.11 1.11 1.11 1.36 1.36 1.36 2.43 1.39 1.39 1.39 3.33 1.37 1.37 1.37 1.37 1.70 1.70 1.70 1.70 1.69 1.69 1.69 2.74 1.68 1.68 1.68 1.68 2.74 1.69 1.69 1.69 1.84 1.84 1.84 1.84 1.89 1.89 1.89 3.10
0.72 0.72 0.72 0.72 0.74 0.74 0.74 0.74 0.74 0.74 0.74 0.74 0.75 0.75 0.75 0.75 0.79 1.52 0.79 0.79 0.82 0.82 0.82 0.82 0.82 0.82 0.82 0.26 0.50 2.33 1.05 1.05 0.67 0.67 0.67 0.67 0.68 0.68 0.06 0.06 0.22 0.22 1.73 1.04 1.11 1.11 1.11 1.11 1.36 1.36 1.36 1.36 1.39 1.39 0.54 0.54 1.37 2.45 1.37 2.68 1.70 1.70 1.70 1.70 1.69 1.69 1.69 1.69 1.68 1.68 1.68 1.68 1.69 1.69 1.69 1.69 1.84 1.84 1.84 1.84 1.89 1.89 1.89 1.89
0.72 0.72 0.72 0.72 0.74 0.74 0.74 0.74 0.74 0.74 0.74 0.74 0.75 0.75 0.75 0.75 0.79 0.79 0.79 0.79 0.82 0.40 0.82 0.44 0.40 0.82 0.82 0.82 0.81 0.26 0.81 0.81 0.67 0.67 0.67 0.67 0.68 0.68 0.68 0.06 0.22 0.22 0.22 1.04 1.11 1.11 1.11 1.11 1.36 1.36 1.36 1.36 1.39 2.49 0.54 0.54 1.37 1.37 1.37 1.37 1.70 1.70 1.70 1.70 1.69 1.69 1.69 1.69 1.68 1.68 1.68 1.68 1.69 1.69 1.69 1.69 1.84 1.84 1.84 1.84 1.89 1.89 1.89 3.10
0.72 0.72 0.72 0.72 0.74 0.74 0.74 0.74 0.74 0.74 1.03 0.74 0.75 0.75 0.75 0.75 0.79 1.52 0.79 0.79 0.40 0.40 0.15 0.12 0.27 0.82 0.82 0.82 0.81 0.81 0.28 1.99 0.78 0.78 0.78 0.67 0.68 0.68 0.68 0.06 0.22 0.38 0.22 0.22 2.84 1.11 1.11 1.11 1.36 1.36 1.36 1.36 1.39 1.39 1.39 0.71 1.37 1.37 1.37 1.37 1.70 1.70 1.70 1.70 1.69 0.80 0.80 1.69 1.68 1.68 1.68 1.68 1.69 1.69 1.69 1.69 1.84 1.84 1.84 1.84 1.89 1.89 1.89 3.10
0.73 0.73 0.73 0.73 0.74 0.74 0.74 0.74 0.74 0.74 1.03 0.74 0.76 0.76 0.76 0.76 0.79 0.79 0.79 0.79 0.40 0.15 0.12 0.15 0.15 0.82 0.82 0.82 0.28 0.81 0.28 0.81 0.79 0.79 0.79 0.79 0.14 0.14 0.06 0.06 0.22 0.38 0.38 1.04 1.10 1.10 1.10 1.10 1.34 1.34 1.34 1.34 0.54 0.54 1.38 2.46 1.36 1.36 1.36 1.36 1.70 1.70 2.77 1.70 1.70 0.59 0.59 1.70 1.68 1.68 2.73 1.68 1.67 1.67 1.67 1.67 1.85 1.85 1.85 1.85 1.89 1.89 1.89 1.89
0.73 0.73 0.73 0.73 0.74 0.74 0.74 0.74 0.74 0.74 0.74 0.74 0.76 0.76 0.76 0.76 0.79 0.79 0.79 0.79 0.40 0.21 0.21 0.15 0.15 0.85 0.85 0.85 0.12 0.81 0.28 0.81 0.79 0.79 0.79 0.79 0.79 0.79 0.79 0.14 0.14 0.14 0.22 1.04 1.10 1.10 1.10 1.10 1.34 1.34 1.34 1.34 1.38 0.54 0.54 0.89 1.36 1.36 1.36 1.36 1.70 0.81 1.70 1.70 1.70 1.70 1.70 1.70 1.68 1.68 1.68 1.68 1.67 1.67 1.67 1.67 1.85 1.85 1.85 1.85 1.89 1.89 1.89 3.10
0.73 0.73 0.27 0.27 0.74 1.41 0.74 1.03 0.74 0.74 0.74 0.74 0.76 0.27 0.27 0.27 0.27 0.40 0.40 0.79 0.40 0.85 0.85 0.10 0.85 0.21 0.21 1.08 0.21 0.12 0.81 0.81 0.79 0.79 0.79 0.79 0.79 0.28 0.28 0.79 0.14 0.14 0.17 0.14 0.15 1.10 1.10 1.10 1.34 1.34 1.34 1.34 1.38 0.54 0.54 0.89 1.36 1.36 1.36 0.75 0.81 0.81 0.81 0.81 1.70 1.70 1.70 1.70 1.68 1.68 1.68 1.68 1.67 1.67 1.67 1.67 1.85 1.85 1.85 1.85 1.89 1.89 1.89 1.89
0.24 0.27 0.27 0.27 0.74 1.03 0.74 0.74 0.74 0.74 0.74 0.74 0.76 0.76 0.76 0.27 0.27 0.27 0.79 0.40 0.40 0.85 0.85 0.21 9.76 0.00 0.00 0.00 0.00 0.86 0.86 0.81 0.79 0.79 0.79 0.79 0.79 0.28 0.28 0.79 0.79 0.14 0.14 0.15 0.15 0.84 0.84 0.84 1.34 1.34 1.34 1.34 1.38 1.38 0.54 0.54 1.36 1.36 1.36 1.36 0.81 0.81 2.74 0.81 1.70 1.70 1.70 1.70 1.68 1.68 1.68 1.68 1.67 1.67 1.67 1.67 1.85 1.85 1.85 1.85 1.89 1.89 1.89 1.89
0.73 0.27 0.27 0.27 1.03 0.74 0.74 0.74 0.74 0.74 0.74 0.74 0.76 1.06 0.76 0.76 0.40 0.79 0.40 0.40 0.85 0.85 0.00 0.00 0.00 0.00 0.00 0.00 0.00 0.00 0.21 1.53 0.79 0.79 0.79 0.79 0.78 0.28 0.28 0.78 0.79 0.14 0.19 0.14 0.15 0.15 0.84 0.84 0.84 0.84 0.84 1.10 1.35 1.43 0.71 0.54 0.54 1.36 1.36 1.36 1.71 0.81 1.71 1.71 1.70 1.70 2.76 1.70 1.67 1.67 2.71 5.61 2.71 1.66 1.66 1.66 1.84 1.84 1.84 1.84 1.90 1.90 1.90 1.90
0.27 0.27 0.27 0.27 0.74 0.74 0.74 0.27 0.74 0.74 0.74 0.74 0.76 0.76 0.76 0.76 0.79 0.79 0.79 0.79 9.76 0.00 0.00 0.00 0.00 0.00 0.00 0.00 0.00 0.00 0.00 0.14 0.14 0.79 0.79 0.79 0.78 0.78 0.28 0.78 0.79 0.14 0.14 0.12 0.14 0.15 1.19 0.84 0.84 0.84 0.84 0.84 0.87 0.87 0.87 0.54 0.54 0.54 1.36 1.36 0.81 0.59 1.71 1.71 1.70 2.76 1.70 0.81 1.67 1.67 1.67 1.67 1.66 1.66 1.66 1.66 1.84 1.84 1.84 1.84 1.90 1.90 1.90 0.85
0.13 0.13 0.13 0.13 0.13 0.47 0.47 0.47 0.76 0.47 0.47 0.47 0.50 0.50 0.50 0.50 0.52 0.52 0.13 0.00 0.00 0.00 0.00 0.00 0.00 0.00 0.00 0.00 0.00 0.00 0.00 9.41 0.10 0.52 0.54 0.54 0.97 0.53 0.53 0.53 0.53 0.53 0.04 0.09 0.12 0.13 0.76 0.76 0.77 0.77 0.77 0.77 0.79 0.79 0.79 0.27 0.27 0.44 1.04 1.65 1.34 1.34 1.34 1.34 1.10 1.10 1.10 1.10 1.08 1.08 1.08 1.08 1.08 1.08 1.08 1.08 1.68 1.68 1.68 1.68 1.73 1.73 0.74 0.74
0.13 0.13 0.13 0.13 0.13 0.47 0.47 0.47 0.47 0.47 0.47 0.47 0.50 0.04 0.07 0.17 0.20 0.52 0.00 0.00 0.00 0.00 0.00 0.00 0.00 0.00 0.00 0.00 0.00 0.00 0.00 0.00 0.52 0.52 0.22 0.54 0.53 0.53 0.21 0.53 0.53 0.53 0.04 0.07 0.13 0.13 0.76 0.76 0.77 0.77 0.77 0.77 0.79 0.79 0.79 0.27 0.25 0.27 0.27 0.79 0.86 1.34 1.34 1.34 2.83 1.10 2.14 1.10 1.08 1.08 1.08 1.08 1.08 1.08 1.08 0.53 1.68 1.68 1.68 1.68 1.73 1.73 1.73 1.73
0.13 0.16 0.13 0.13 0.13 0.47 0.47 0.47 0.47 0.47 0.47 0.47 0.04 0.04 0.07 0.06 0.10 0.00 0.00 0.00 0.00 0.00 0.00 0.00 0.00 0.00 0.00 0.00 0.00 0.00 0.00 0.00 0.52 0.10 0.05 0.53 0.52 0.52 0.52 0.14 0.53 0.53 0.53 0.04 0.13 0.13 0.24 0.13 0.76 0.76 0.76 0.76 0.78 0.78 0.78 0.27 0.27 0.33 0.39 0.79 0.85 0.85 0.28 0.98 1.09 1.09 1.09 1.09 1.08 1.08 1.08 1.08 1.08 1.08 1.08 1.08 1.66 1.66 1.66 1.66 1.72 1.72 1.72 1.72
0.47 0.13 0.13 0.13 0.47 0.47 0.47 0.47 0.47 0.47 0.47 0.47 0.04 0.04 0.07 0.05 0.67 0.00 0.00 0.00 0.00 0.00 0.00 0.00 0.00 0.00 0.00 0.00 0.00 0.00 0.00 0.00 0.52 0.10 0.06 0.04 0.52 0.52 0.52 0.52 0.53 0.53 0.53 0.04 0.12 0.12 0.12 0.13 0.76 0.76 0.76 0.76 0.78 0.78 0.78 0.78 1.06 0.49 0.79 1.13 0.85 0.43 1.20 0.85 0.28 0.84 0.84 0.84 1.08 1.08 1.08 1.08 1.08 1.08 1.08 1.08 0.78 1.66 1.66 1.66 1.72 2.79 2.79 0.74
0.47 0.47 0.47 0.47 0.47 0.47 0.75 0.47 0.47 0.47 0.13 0.47 0.04 0.07 0.07 0.10 0.00 0.00 0.00 0.00 0.00 0.00 0.00 0.00 0.00 0.00 0.00 0.00 0.00 0.00 0.00 0.00 0.10 0.10 0.07 0.07 0.04 0.52 0.52 0.14 0.53 0.53 0.14 0.04 0.13 0.12 0.12 0.13 0.76 0.76 0.76 0.25 0.25 0.78 0.78 0.27 0.27 0.43 0.79 0.79 0.85 0.43 0.28 0.28 0.28 0.84 0.84 0.84 0.83 0.83 0.83 1.08 1.08 1.08 1.08 1.08 1.66 1.66 1.66 1.66 2.76 1.72 1.72 0.57
0.47 0.47 0.47 0.13 0.13 0.13 0.47 0.47 0.13 0.47 0.47 0.47 0.06 0.05 0.10 0.00 0.00 0.00 0.00 0.00 0.00 0.00 0.00 0.00 0.00 0.00 0.00 0.00 0.00 0.00 0.00 0.00 9.31 0.05 0.06 0.10 0.52 0.14 0.21 0.52 0.53 0.14 0.14 0.06 0.15 0.12 0.17 0.13 0.76 0.76 0.76 0.25 0.25 0.78 0.39 1.06 0.75 0.79 1.10 0.79 0.85 0.28 0.28 0.28 0.28 0.84 1.98 0.84 0.28 0.83 0.83 0.83 0.83 0.83 1.08 1.08 1.66 1.66 1.66 1.66 1.72 1.72 1.72 0.57
0.47 0.47 0.47 0.10 0.20 0.13 0.47 0.47 0.46 0.13 0.13 0.06 0.05 0.05 0.00 0.00 0.00 0.00 0.00 0.00 0.00 0.00 0.00 0.00 0.00 0.00 0.00 0.00 0.00 0.00 0.00 0.00 0.00 0.21 0.70 0.52 0.21 0.43 0.51 0.51 0.52 0.14 0.14 0.06 0.20 0.15 0.76 0.76 0.76 0.76 0.76 0.39 0.27 0.78 0.25 1.06 0.39 0.20 0.78 0.78 0.84 0.84 0.28 0.62 0.28 0.30 0.84 0.84 0.83 0.83 0.83 0.83 0.83 0.83 0.83 0.83 0.90 0.90 1.39 1.39 1.69 1.69 1.69 0.74
0.47 0.47 0.47 0.47 0.00 0.00 0.47 0.47 0.46 0.46 0.13 0.13 0.10 0.00 0.00 0.00 0.00 0.00 0.00 0.00 0.00 0.00 0.00 0.00 0.00 0.00 0.00 0.00 0.00 0.00 0.00 0.00 0.00 0.52 0.52 0.27 0.21 0.51 0.51 0.51 0.52 0.52 0.21 0.52 0.13 0.13 0.76 0.76 0.76 0.76 0.76 0.39 0.27 0.78 0.78 1.06 1.06 0.20 1.09 0.78 0.84 0.84 0.43 0.43 0.30 0.30 0.84 0.84 0.83 0.83 0.83 0.83 0.83 0.83 0.83 0.83 0.90 0.90 0.90 0.90 0.94 1.69 1.69 1.69
