New_Model_Runs/5_FutureClimate_BASE_out/post_prcessed_with_MFR/Monthly_summaries/runoff_monthly_AUG.asc
NCOLS 700
NROWS 400
XLLCENTER 515000.000000
YLLCENTER 8409000.000000
CELLSIZE 50.000000
NODATA_value -999.000000
[rows 76 to 113 of 400, columns 420 to 503 of 700]
0.00 0.00 0.00 0.00 0.00 0.00 0.00 0.00 0.00 0.00 0.00 0.00 0.00 0.00 0.00 0.00 0.00 0.00 0.00 0.00 0.00 0.00 0.00 0.00 0.00 0.00 0.00 0.00 0.00 0.00 0.00 0.00 0.00 0.00 0.00 0.00 0.00 0.00 0.00 0.00 0.00 0.00 0.00 0.00 0.00 0.00 0.00 0.00 0.00 0.00 0.00 0.00 0.00 0.00 0.00 0.00 0.00 0.00 0.00 0.00 0.00 0.00 0.00 0.00 0.00 0.00 0.00 0.00 0.00 0.00 0.00 0.00 0.00 0.00 0.00 0.00 0.00 0.00 0.00 0.00 0.00 0.00 0.00 0.00
0.00 0.00 0.00 0.00 0.00 0.00 0.00 0.00 0.00 0.00 0.00 0.00 0.00 0.00 0.00 0.00 0.00 0.00 0.00 0.00 0.00 0.00 0.00 0.00 0.00 0.00 0.00 0.00 0.00 0.00 0.00 0.00 0.00 0.00 0.00 0.00 0.00 0.00 0.00 0.00 0.00 0.00 0.00 0.00 0.00 0.00 0.00 0.00 0.00 0.00 0.00 0.00 0.00 0.00 0.00 0.00 0.00 0.00 0.00 0.00 0.00 0.00 0.00 0.00 0.00 0.00 0.00 0.00 0.00 0.00 0.00 0.00 0.00 0.00 0.00 0.00 0.00 0.00 0.00 0.00 0.00 0.00 0.00 0.00
0.00 0.00 0.00 0.00 0.00 0.00 0.00 0.00 0.00 0.00 0.00 1.15 0.00 0.00 0.00 0.00 0.00 0.00 0.00 0.00 0.00 0.00 0.00 0.00 0.00 0.00 0.00 0.00 0.00 0.00 0.00 0.00 0.00 0.00 0.00 0.00 0.00 0.00 0.00 0.00 0.00 0.00 0.00 0.00 0.00 0.00 0.00 0.00 0.00 0.00 0.00 0.00 0.00 0.00 0.00 0.00 0.00 0.00 0.00 0.00 0.00 0.00 0.00 0.00 0.00 0.00 0.00 0.00 0.00 0.00 0.00 0.00 0.00 0.00 0.00 0.00 0.00 0.00 0.00 0.00 0.00 0.00 0.00 0.00
0.00 0.00 0.00 0.00 0.00 0.00 0.00 0.00 0.00 0.00 0.00 0.47 0.00 0.00 0.00 0.00 0.00 0.00 0.00 0.00 0.00 0.00 0.00 0.00 0.00 0.00 0.00 0.00 0.00 0.00 0.00 0.00 0.00 0.00 0.00 0.00 0.00 0.00 0.00 0.00 0.00 0.00 0.00 0.00 0.00 0.00 0.00 0.00 0.00 0.00 0.00 0.00 0.00 0.00 0.00 0.00 0.00 0.00 0.00 0.00 0.00 0.00 0.00 0.00 0.00 0.00 0.00 0.00 0.00 0.00 0.00 0.00 0.00 0.00 0.00 0.00 0.00 0.00 0.00 0.00 0.00 0.00 0.00 0.00
0.00 0.00 0.00 0.00 0.00 0.00 0.00 0.00 0.00 0.00 1.15 0.35 0.00 0.00 0.00 0.00 0.00 0.00 0.00 0.00 0.00 0.00 0.00 0.00 0.00 0.00 0.00 0.00 0.00 0.00 0.00 0.00 0.00 0.00 0.00 0.00 0.00 0.00 0.00 0.00 0.00 0.00 0.00 0.00 0.00 0.00 0.00 0.00 0.00 0.00 0.00 0.00 0.00 0.00 0.00 0.00 0.00 0.00 0.00 0.00 0.00 0.00 0.00 0.00 0.00 0.00 0.00 0.00 0.00 0.00 0.00 0.00 0.00 0.00 0.00 0.00 0.00 0.00 0.00 0.00 0.00 0.00 0.00 0.00
0.00 0.00 0.00 0.00 0.00 0.00 0.00 0.00 0.00 1.15 0.35 0.35 1.15 0.00 0.00 0.00 0.00 0.00 0.00 0.00 0.00 0.00 0.00 0.00 0.00 0.00 0.00 0.00 0.00 0.00 0.00 0.00 0.00 0.00 0.00 0.00 0.00 0.00 0.00 0.00 0.00 0.00 0.00 0.00 0.00 0.00 0.00 0.00 0.00 0.00 0.00 0.00 0.00 0.00 0.00 0.00 0.00 0.00 0.00 0.00 0.00 0.00 0.00 0.00 0.00 0.00 0.00 0.00 0.00 0.00 0.00 0.00 0.00 0.00 0.00 0.00 0.00 0.00 0.00 0.00 0.00 0.00 0.00 0.00
0.81 0.81 0.00 0.00 0.00 0.00 0.00 0.80 0.77 1.28 0.77 0.77 0.79 0.00 0.00 0.00 0.00 0.00 0.00 0.00 0.00 0.00 0.00 0.00 0.00 0.00 0.00 0.00 0.00 0.00 0.00 0.00 0.00 0.00 0.00 0.00 0.00 0.00 0.00 0.00 0.00 0.00 0.00 0.00 0.00 0.00 0.00 0.00 0.00 0.00 0.00 0.00 0.00 0.00 0.00 0.00 3.49 9.36 0.00 0.00 0.00 0.00 0.00 0.00 0.00 0.00 0.00 0.00 0.00 0.00 0.00 0.00 0.00 0.00 0.00 0.00 0.00 0.00 0.00 0.00 0.00 0.00 0.00 0.00
0.81 0.81 0.81 0.00 0.00 0.00 1.30 1.30 0.77 1.27 0.77 0.77 1.73 0.00 0.00 0.00 0.00 0.00 0.00 0.00 0.00 0.00 0.00 0.00 0.00 0.00 0.00 0.00 0.00 0.00 0.00 0.00 0.00 0.00 0.00 0.00 0.00 0.00 0.00 0.00 0.00 0.00 0.00 0.00 0.00 0.00 0.00 0.00 0.00 0.00 0.00 0.00 0.00 0.00 0.00 0.00 2.24 9.36 0.00 0.00 0.00 0.00 0.00 0.00 0.00 0.00 0.00 0.00 0.00 1.64 1.26 0.00 0.00 0.00 0.00 0.00 0.00 0.00 0.00 0.00 0.00 0.00 0.00 0.00
1.32 0.80 0.80 0.80 0.78 0.78 0.78 0.78 0.77 0.77 0.77 0.77 1.73 0.00 0.00 0.00 0.00 0.00 0.00 0.00 0.00 0.00 0.00 0.00 0.00 0.00 0.00 0.00 0.00 0.00 0.00 0.00 0.00 0.00 0.00 0.00 0.00 0.00 0.00 0.00 0.00 0.00 0.00 0.00 0.00 0.00 0.00 0.00 0.00 0.00 0.00 0.00 0.00 0.00 0.00 0.00 2.26 2.26 0.00 0.00 0.00 0.00 0.00 0.00 0.00 0.00 0.00 0.00 3.61 2.21 0.52 0.00 0.00 0.00 0.00 0.00 0.00 0.00 0.00 0.00 0.00 0.00 0.00 0.00
0.80 0.80 0.80 0.80 0.78 0.78 0.78 0.78 0.77 0.77 0.77 0.77 1.73 0.00 0.00 0.00 0.00 0.00 0.00 0.00 0.00 0.00 0.00 0.00 0.00 0.00 0.00 1.73 1.65 1.65 0.00 0.00 0.00 0.00 0.00 0.00 0.00 0.00 0.00 0.00 0.00 0.00 0.00 0.00 0.00 0.00 0.00 0.00 0.00 0.00 0.00 0.00 0.00 0.00 0.00 0.00 2.26 2.26 0.00 0.00 0.00 0.00 0.00 0.00 0.00 0.00 0.00 3.54 5.17 2.21 0.52 1.26 0.00 0.00 0.00 0.00 0.00 0.00 0.00 0.00 0.00 0.00 0.00 0.00
0.80 1.32 0.80 0.80 1.28 0.78 0.78 0.78 0.77 0.77 0.77 0.77 0.82 0.00 0.00 0.00 0.00 0.00 0.00 0.00 0.00 0.00 0.00 0.00 0.00 0.00 0.00 0.81 0.77 0.77 0.00 0.00 0.00 0.00 0.00 0.00 0.00 0.00 0.00 0.00 0.00 0.00 0.00 0.00 0.00 6.19 3.49 0.00 0.00 0.00 0.00 0.00 0.00 0.00 0.00 0.00 2.26 2.26 1.60 0.00 0.00 0.00 0.00 0.00 0.00 0.00 0.00 2.26 2.21 2.21 0.52 0.52 1.26 0.00 0.00 0.00 0.00 0.00 0.00 0.00 0.00 0.50 0.50 9.32
0.80 0.80 1.32 0.80 0.78 0.78 0.78 0.78 0.77 0.77 0.77 0.77 0.82 0.00 0.00 0.00 0.00 0.00 0.00 0.00 0.00 0.00 0.00 0.00 0.00 0.00 1.92 0.81 0.77 0.77 0.00 0.00 0.00 0.00 0.00 0.00 0.00 0.00 0.00 0.00 0.00 0.00 0.00 0.00 0.00 3.49 3.49 3.49 0.00 0.00 0.00 0.00 0.00 0.00 0.00 0.00 1.60 2.26 2.26 2.26 2.25 0.00 9.45 2.25 2.26 2.26 9.45 3.66 2.21 2.21 0.52 0.52 0.52 0.00 0.00 0.00 0.00 0.00 0.00 0.00 0.50 0.50 0.50 0.50
0.79 1.30 1.30 0.79 0.77 0.77 0.77 0.77 0.80 0.80 0.80 0.80 0.85 0.00 0.00 0.00 0.00 0.00 0.00 0.00 0.00 0.00 0.00 0.00 0.00 1.73 0.81 0.81 0.77 9.59 0.00 0.00 0.00 0.00 0.00 0.00 0.00 0.00 0.00 0.00 0.00 0.00 0.00 0.00 0.00 2.31 2.31 2.31 3.49 3.49 0.00 0.00 0.00 0.00 0.00 0.00 4.74 3.72 2.27 2.27 2.24 2.24 2.24 2.24 2.22 2.22 3.62 4.60 2.21 2.22 0.52 0.52 0.54 0.00 0.00 0.00 0.00 0.00 0.00 0.51 0.65 0.50 0.50 0.50
0.79 0.79 0.79 0.79 0.77 1.27 0.77 0.77 0.80 0.80 0.80 0.80 0.85 9.84 0.00 0.00 0.00 0.00 0.00 0.00 0.00 0.00 1.73 0.00 0.00 1.34 0.81 0.81 0.77 0.00 0.00 0.00 0.00 0.00 0.00 0.00 0.00 0.00 0.00 0.00 0.00 0.00 0.00 0.00 0.00 2.31 2.31 2.31 2.34 2.34 0.00 0.00 0.00 0.00 0.00 0.00 3.72 2.27 2.27 2.27 2.24 2.24 3.67 2.24 3.62 2.22 2.22 2.22 3.61 2.21 0.52 0.52 0.54 0.69 9.45 0.00 0.00 0.00 0.51 0.51 0.50 0.50 0.50 0.50
0.79 0.79 0.79 0.79 0.77 0.77 0.77 0.77 0.80 0.80 0.80 0.80 0.32 9.84 0.00 0.00 0.00 0.00 0.00 0.00 2.42 0.83 0.83 0.83 0.81 0.81 0.81 0.81 0.00 0.00 0.00 0.00 0.00 0.00 0.00 0.00 0.00 0.00 0.00 0.00 0.00 0.00 0.00 0.00 3.49 2.31 2.31 2.31 2.34 2.34 0.00 0.00 0.00 0.00 0.00 0.00 0.00 2.27 2.27 2.27 2.24 2.24 2.24 2.24 2.22 2.22 2.22 2.22 2.21 2.21 0.52 0.52 0.54 0.69 0.54 0.54 0.00 0.51 0.51 0.51 0.50 0.50 0.50 0.50
0.79 0.79 0.79 0.79 0.77 0.77 0.77 0.77 0.80 0.80 0.80 0.80 0.32 0.32 0.00 0.00 0.00 0.00 0.00 0.85 0.83 0.83 0.83 0.83 0.61 0.61 0.81 0.81 0.00 0.00 0.00 0.00 0.00 0.00 0.00 0.00 0.00 0.00 0.00 0.00 0.00 0.00 0.00 0.00 0.00 2.31 2.31 2.31 2.34 0.00 0.00 0.00 0.00 0.00 0.00 0.00 2.27 2.27 2.27 2.27 2.24 2.24 2.24 2.24 2.22 2.22 2.22 2.22 2.21 2.21 0.52 0.67 0.54 0.54 0.54 0.54 0.51 0.51 0.51 0.51 0.50 0.50 0.50 0.50
0.78 0.78 0.78 0.78 0.78 0.78 0.78 0.78 0.82 0.82 0.82 0.30 0.32 0.45 0.00 0.00 0.00 0.00 0.00 1.40 0.82 0.82 1.36 0.82 0.82 1.36 0.82 0.00 0.00 0.00 0.00 0.00 0.00 0.00 0.00 0.00 0.00 0.00 0.00 0.00 0.00 0.00 0.00 0.00 0.00 2.34 2.34 2.34 0.00 0.00 0.00 0.00 0.00 0.00 0.00 0.00 0.81 2.26 2.26 2.26 2.19 2.19 2.19 3.57 3.55 2.17 2.17 2.17 2.25 2.25 0.53 0.53 0.71 0.72 0.55 0.55 0.53 0.53 0.53 0.53 0.53 0.53 0.53 0.53
0.78 0.78 0.78 1.29 0.78 0.78 0.78 0.78 0.82 0.82 0.30 0.43 0.32 0.32 0.65 0.00 0.00 0.00 0.00 1.08 0.82 0.82 0.82 0.82 0.82 0.82 0.82 0.00 0.00 0.00 0.00 0.00 0.00 0.00 0.00 0.00 0.00 0.00 0.00 0.00 0.00 0.00 0.00 0.00 0.00 0.00 2.34 2.34 0.00 0.00 0.00 0.00 0.00 0.00 0.00 0.87 0.81 2.26 2.26 2.26 2.19 2.19 2.19 2.19 2.17 2.17 4.50 2.17 2.25 2.25 0.53 0.53 0.55 0.55 0.55 0.55 0.53 0.53 0.53 0.53 0.53 0.53 0.53 0.53
0.78 0.78 0.78 0.78 0.78 0.78 0.78 0.78 2.30 0.82 0.30 0.61 0.86 0.86 0.86 0.32 0.42 0.32 0.32 0.32 0.82 0.82 0.82 0.82 0.82 0.82 0.82 0.00 0.00 0.00 0.00 0.00 0.00 0.00 0.00 0.00 0.00 0.00 0.00 0.00 0.00 0.00 0.00 0.00 0.00 0.00 2.34 2.34 2.37 2.37 0.00 0.00 0.00 0.00 0.87 0.87 0.81 2.26 4.68 5.20 2.19 2.19 2.19 3.57 2.17 3.54 3.54 2.17 2.25 2.25 0.53 0.53 0.55 0.55 0.55 0.55 0.01 0.01 0.01 0.08 0.53 0.53 0.00 0.00
0.78 1.29 0.78 0.78 0.78 0.78 0.78 1.28 0.82 0.82 0.82 0.82 0.86 0.86 0.86 0.86 0.31 0.35 0.45 0.32 0.82 0.82 0.82 0.82 0.82 0.82 0.82 0.00 0.00 0.00 0.00 0.00 0.00 0.00 0.00 0.00 0.00 0.00 0.00 0.00 0.00 0.00 0.00 0.00 0.00 0.00 2.34 2.74 2.37 0.86 0.86 2.37 2.38 0.87 0.87 0.87 0.81 2.26 2.26 3.65 2.19 2.19 2.19 2.19 2.17 2.17 2.17 2.17 2.25 2.25 0.53 0.53 0.55 0.07 0.02 0.42 0.21 0.00 0.00 0.00 0.00 0.00 0.00 0.00
0.79 0.79 1.31 0.79 0.78 0.78 0.78 0.78 0.81 0.81 0.81 0.81 0.86 0.86 0.86 0.86 0.42 0.31 0.35 0.32 0.82 0.82 0.82 0.82 0.83 2.74 2.74 0.00 0.00 0.00 0.00 0.00 0.00 0.00 0.00 0.00 0.00 0.00 0.00 0.00 0.00 0.00 0.00 0.00 0.00 0.00 1.23 1.60 2.36 0.86 2.36 2.36 5.52 0.84 0.84 0.84 2.18 2.18 2.18 3.56 2.19 2.19 2.19 2.19 2.28 2.28 2.28 2.28 2.38 2.38 0.57 0.57 0.07 0.07 0.02 0.22 0.21 0.00 0.00 0.00 0.00 0.00 0.00 0.00
1.31 0.79 0.79 0.79 0.78 0.78 0.78 0.78 0.81 0.81 0.81 0.81 0.86 0.86 0.86 0.35 0.35 0.46 0.32 0.32 0.82 0.82 0.82 0.82 2.75 2.74 2.74 0.00 0.00 0.00 0.00 0.00 0.00 0.00 0.00 0.00 0.00 0.00 0.00 0.00 0.00 0.00 0.00 0.00 0.00 3.86 2.35 1.60 2.36 0.86 2.36 2.36 0.84 0.84 0.84 2.32 2.18 2.18 2.18 2.18 2.19 2.19 2.19 2.19 2.28 2.28 2.28 2.28 2.38 2.38 0.57 0.03 0.03 0.00 0.00 0.00 0.00 0.00 0.00 0.00 0.00 0.00 0.00 0.00
0.90 0.90 1.49 0.90 0.88 0.88 0.88 0.88 0.92 0.92 0.92 0.92 1.31 1.31 0.43 0.43 0.55 0.63 1.09 0.55 0.96 0.96 3.09 3.09 3.14 2.39 3.14 0.00 0.00 0.00 0.00 0.00 0.00 0.00 0.00 0.00 0.00 0.00 0.00 0.00 0.00 0.00 0.00 0.00 4.49 2.69 2.69 2.69 2.70 1.02 2.70 2.70 1.00 1.00 2.66 2.66 2.50 2.50 2.50 2.50 2.40 2.40 2.40 2.40 2.49 2.49 2.49 2.49 2.60 2.60 0.65 0.09 0.06 0.00 0.00 0.00 0.00 0.00 0.00 0.00 0.00 0.00 0.00 0.00
0.90 0.90 0.90 1.48 0.88 0.88 0.88 0.88 0.92 0.92 0.92 0.92 1.31 0.56 0.56 0.56 0.43 0.43 0.55 0.55 3.09 3.09 3.09 3.09 3.14 3.14 3.14 0.00 0.00 0.00 0.00 0.00 0.00 0.00 0.00 0.00 0.00 0.00 0.00 0.00 0.00 0.00 0.00 0.00 2.69 2.69 1.86 2.69 1.02 1.02 2.70 1.02 1.00 1.00 5.52 2.66 2.50 2.50 2.50 2.50 2.40 2.40 2.40 2.40 2.49 2.49 2.49 2.49 2.60 0.97 0.09 0.09 0.20 0.00 9.92 0.00 0.00 0.00 0.00 0.00 0.00 0.00 0.00 0.00
0.90 0.90 1.50 0.90 0.88 0.88 0.88 0.88 0.92 0.92 0.92 0.92 1.31 0.56 0.56 0.56 0.37 0.37 0.70 3.14 3.08 3.08 3.08 3.08 3.20 3.20 10.70 0.00 0.00 0.00 0.00 0.00 0.00 0.00 0.00 0.00 0.00 0.00 0.00 0.00 0.00 0.00 0.00 2.95 3.90 2.68 1.86 2.68 1.00 1.00 1.00 1.00 0.93 2.52 2.52 4.15 2.50 2.50 2.50 2.50 2.55 2.55 2.55 2.55 2.63 2.63 2.63 2.63 2.65 0.57 0.01 0.20 3.37 0.20 0.00 0.00 0.00 0.00 0.00 0.00 0.00 0.00 0.00 0.00
0.34 0.90 1.50 0.90 0.88 0.88 0.88 0.88 0.92 0.92 0.92 0.92 0.56 0.56 0.56 0.56 0.37 1.60 3.47 3.14 3.08 3.08 3.08 3.08 3.20 3.20 0.00 0.00 0.00 0.00 0.00 0.00 0.00 0.00 0.00 2.99 2.98 2.98 0.00 0.00 2.95 2.95 4.96 2.95 2.68 1.86 1.86 1.86 1.00 1.00 1.00 1.00 2.52 7.28 4.16 2.52 2.50 2.50 2.50 2.50 2.55 2.55 0.95 0.95 0.99 2.63 2.63 1.00 0.57 4.04 3.37 3.37 3.37 0.00 0.00 0.00 0.00 0.00 0.00 0.00 0.00 0.00 0.00 0.00
0.90 1.50 0.90 0.90 0.88 0.88 0.88 1.46 0.92 0.92 0.92 0.35 0.56 0.56 0.81 1.66 1.60 1.60 2.61 3.14 3.08 3.08 3.08 3.08 3.20 3.20 10.70 0.00 0.00 0.00 0.00 0.00 0.00 0.00 0.00 2.99 2.98 2.98 2.98 2.98 2.95 2.95 7.19 2.95 3.22 1.86 1.86 2.68 1.00 1.00 2.11 2.65 2.52 4.16 2.52 2.52 2.50 2.50 2.50 2.50 2.55 2.55 0.95 0.95 0.99 0.99 0.99 1.61 5.04 5.98 3.37 3.37 3.37 0.00 0.25 0.25 0.00 0.00 0.00 0.00 0.00 0.00 0.00 0.00
0.90 0.90 0.90 0.90 1.46 0.88 0.88 0.88 0.92 0.92 0.92 0.35 0.56 1.66 1.66 1.66 1.60 1.60 1.60 3.14 3.08 3.08 3.08 3.08 3.20 3.20 10.70 0.00 0.00 0.00 0.00 0.00 0.00 0.00 0.00 2.99 2.98 2.98 2.98 2.98 4.93 2.95 2.95 2.95 2.68 2.68 1.01 1.01 1.00 1.33 1.00 1.00 2.52 2.52 2.52 2.52 2.50 2.50 2.50 2.50 2.55 2.55 0.95 0.95 0.57 0.66 0.99 2.63 3.90 5.98 3.37 6.07 6.07 0.02 0.25 0.25 0.21 0.00 0.00 0.00 0.00 0.00 0.00 0.00
0.89 1.94 0.89 0.89 0.89 0.89 0.89 0.89 0.91 0.91 0.91 1.52 1.59 1.59 1.59 1.59 1.55 1.55 1.55 3.05 3.14 3.14 3.14 3.14 3.26 3.26 10.70 0.00 0.00 0.00 0.00 0.00 0.00 0.00 1.19 1.82 2.56 2.99 2.97 2.97 2.90 2.90 3.64 2.90 1.00 1.00 1.00 1.33 0.96 0.96 0.96 0.96 2.51 2.51 2.51 2.51 2.67 2.67 2.67 2.67 2.69 1.02 0.66 0.66 2.12 1.02 5.33 2.69 3.91 8.49 3.37 3.37 3.37 0.02 0.47 0.47 0.00 0.21 0.00 0.00 0.00 0.00 0.00 0.00
0.89 0.89 1.48 0.89 0.89 0.89 0.89 0.89 0.91 0.91 2.97 2.96 3.34 1.59 1.59 1.59 1.55 1.55 3.05 3.05 3.14 3.14 3.14 3.14 3.26 3.26 3.26 0.00 0.00 0.00 0.00 0.00 0.00 0.00 1.19 1.82 1.16 1.16 2.97 2.97 2.90 4.88 4.88 1.12 1.00 1.00 1.45 1.00 0.96 1.28 0.96 0.96 2.51 2.51 2.51 2.51 1.01 1.01 1.01 1.01 1.02 1.02 0.66 1.61 2.69 2.69 2.69 5.33 2.66 5.98 3.37 3.37 3.37 0.04 0.02 0.02 0.03 0.57 0.08 0.08 0.56 0.00 0.00 0.00
1.48 0.89 0.89 0.89 0.89 0.89 0.89 0.89 3.03 7.48 2.96 2.96 3.12 3.12 3.12 1.59 1.55 3.05 3.05 3.05 3.14 3.14 3.14 3.14 3.26 3.26 2.39 3.32 0.00 0.00 0.00 0.00 0.00 14.67 4.11 1.82 3.57 3.49 2.97 2.97 2.90 2.90 2.90 1.52 1.00 1.33 1.00 1.00 0.96 0.96 0.96 0.96 2.51 2.51 0.93 0.93 1.01 1.01 1.01 1.01 1.02 0.66 0.61 2.69 2.69 2.69 1.42 2.69 5.33 3.91 1.39 0.31 0.04 0.04 0.04 0.02 0.57 0.57 0.57 0.57 0.08 0.08 0.41 0.00
0.89 0.89 0.89 0.89 0.89 0.89 0.89 2.89 5.34 2.96 2.96 5.34 5.62 3.12 3.12 3.12 3.05 3.05 3.05 3.05 3.14 3.14 3.14 2.05 3.26 2.39 1.81 1.32 4.32 10.56 4.11 4.11 4.11 4.11 1.99 1.99 4.95 2.97 2.97 2.97 2.90 2.90 2.90 1.12 1.00 1.32 1.00 1.00 0.96 0.96 1.85 1.84 2.51 2.51 2.51 0.93 1.01 1.34 1.01 1.01 0.57 0.57 1.61 2.69 1.42 2.02 1.42 1.42 0.66 0.60 0.04 0.02 0.04 0.10 0.66 0.66 0.57 0.57 0.57 0.57 0.76 0.58 0.03 0.02
1.28 1.28 0.88 0.88 0.89 2.89 5.25 2.89 2.91 2.91 2.91 2.91 3.03 5.52 3.03 3.03 3.09 3.09 3.09 3.09 3.25 3.25 3.25 3.25 2.39 1.59 1.32 1.45 3.25 3.25 4.11 4.11 4.11 1.82 2.13 0.72 2.99 2.99 2.99 2.99 2.89 2.89 2.89 1.12 0.97 3.95 2.59 0.97 0.95 2.55 4.22 2.55 2.62 2.62 2.62 2.62 2.78 2.78 2.78 1.06 0.57 3.63 3.63 1.44 5.83 2.71 2.71 1.03 0.66 0.66 0.09 0.02 0.09 0.09 0.64 0.64 0.56 0.72 0.56 0.56 0.59 0.59 0.02 0.03
1.22 1.22 1.22 1.22 1.23 2.89 5.25 2.89 2.91 2.91 2.91 2.91 5.52 5.52 3.03 3.03 3.09 3.09 3.09 3.09 3.25 3.25 3.25 3.25 2.39 1.59 1.59 1.59 1.55 3.25 4.11 2.26 1.82 1.82 1.82 1.99 2.99 7.14 2.99 2.99 2.89 2.89 2.89 2.89 4.51 2.59 2.59 2.59 2.55 2.55 2.55 2.55 2.62 2.62 2.62 2.62 2.78 2.78 2.78 0.69 1.00 3.63 1.00 1.47 1.28 2.71 2.71 2.71 2.65 1.00 0.09 0.09 0.02 0.09 0.64 0.64 0.72 0.56 0.56 0.56 0.59 0.59 0.59 0.08
1.22 1.22 1.22 1.22 1.23 1.23 2.89 2.89 2.91 2.91 5.28 2.91 3.03 5.52 3.03 3.03 3.09 3.09 3.09 3.09 3.25 3.25 3.25 3.25 1.70 1.59 1.59 1.59 1.55 3.25 2.26 2.92 1.99 3.55 1.82 3.30 6.11 1.99 2.99 2.99 2.89 2.89 2.89 2.89 2.59 5.54 2.59 2.59 2.55 2.55 2.55 2.55 2.62 2.62 2.62 2.62 2.78 2.78 0.60 0.60 1.28 1.00 1.44 3.63 0.66 3.34 3.63 2.71 2.65 2.65 0.83 0.09 0.09 0.64 0.64 0.64 0.56 0.56 0.56 0.56 0.59 0.59 0.08 0.08
1.22 1.22 1.22 1.22 1.23 1.23 2.89 2.89 2.91 2.91 2.91 2.91 3.03 3.03 3.03 3.03 3.09 3.09 3.09 3.09 3.25 3.25 3.25 3.25 1.70 1.59 1.45 1.59 1.41 1.76 1.82 1.99 1.99 3.46 3.46 1.19 1.58 1.82 1.17 2.99 4.86 2.89 2.89 2.89 2.59 4.29 2.59 2.59 2.55 2.55 2.55 2.55 2.62 2.62 2.62 2.62 2.78 2.78 1.04 0.60 1.00 1.00 1.28 0.87 0.66 0.66 3.63 3.63 2.65 2.65 0.67 0.18 0.17 0.84 0.84 0.82 0.56 0.56 0.56 0.56 0.59 0.59 0.08 0.08
1.21 1.21 1.21 1.21 1.23 1.70 1.23 2.88 2.88 2.88 5.22 2.88 3.05 3.05 3.05 3.05 3.18 3.18 3.18 3.18 3.30 3.30 3.30 3.30 1.71 1.71 2.54 4.78 1.55 1.41 1.99 1.99 3.03 2.99 3.03 1.19 1.17 1.17 2.29 2.99 2.90 2.90 2.90 2.90 2.58 2.58 2.58 2.58 2.58 2.58 2.58 2.58 2.72 2.72 2.72 2.72 2.83 2.83 0.69 1.04 1.06 3.63 1.61 1.32 1.61 1.61 1.61 3.63 5.64 2.64 0.66 0.88 0.82 0.63 0.63 0.63 0.56 0.56 0.56 0.56 0.59 0.08 0.08 0.08
1.21 1.21 1.67 1.21 1.23 1.23 1.23 2.88 5.09 2.88 7.39 2.88 3.05 3.05 3.05 3.05 3.18 3.18 3.18 3.18 3.30 3.30 3.30 1.59 1.71 1.71 1.81 1.32 1.28 1.28 1.82 1.99 3.03 3.03 3.03 3.03 2.99 2.99 2.99 2.99 2.90 2.90 2.90 2.90 2.58 2.58 2.58 2.58 2.58 2.58 2.58 2.58 2.72 2.72 2.72 1.03 2.83 1.04 1.04 3.73 3.39 0.62 0.62 2.75 1.61 1.61 1.61 3.63 3.63 2.65 0.66 0.66 0.63 0.63 0.83 0.63 0.56 0.56 0.56 0.56 0.59 0.08 0.08 0.08
