New_Model_Runs/5_FutureClimate_BASE_out/post_prcessed_with_MFR/Monthly_summaries/runoff_monthly_MAY.asc
NCOLS 700
NROWS 400
XLLCENTER 515000.000000
YLLCENTER 8409000.000000
CELLSIZE 50.000000
NODATA_value -999.000000
[rows 114 to 151 of 400, columns 420 to 503 of 700]
1.71 2.52 1.71 2.54 1.74 1.74 1.74 0.94 0.94 0.94 0.94 0.94 1.58 0.96 0.96 0.96 1.47 1.47 1.47 1.47 1.55 1.55 0.29 0.29 0.45 0.45 0.29 0.29 1.40 0.44 0.81 0.91 0.62 0.94 2.28 2.28 2.25 2.25 2.25 2.25 2.18 2.18 2.18 2.18 1.98 1.98 1.98 1.98 1.98 1.98 1.98 1.98 2.09 2.09 2.09 0.84 0.88 0.58 0.88 0.96 0.54 0.54 0.81 2.03 2.01 1.24 2.00 1.24 2.84 2.84 1.68 2.84 2.73 2.73 2.73 2.73 2.57 2.57 2.57 2.57 1.19 1.78 1.78 1.19
1.71 1.71 1.71 1.71 1.74 1.74 1.74 1.74 0.94 0.94 0.94 0.94 0.96 0.96 0.96 0.96 1.47 1.47 1.47 1.47 1.55 0.45 0.56 0.45 0.45 0.29 0.29 0.45 0.28 0.76 0.81 0.62 0.93 1.57 1.16 2.28 2.25 2.25 2.25 2.25 2.18 2.18 2.18 2.18 1.98 1.98 1.98 1.98 1.98 1.98 1.98 3.34 2.09 2.09 2.09 2.09 0.58 0.58 0.58 0.58 0.53 0.81 0.81 2.03 2.01 1.24 1.24 1.24 2.84 2.84 4.65 2.84 2.73 2.73 2.73 2.73 2.57 2.57 2.57 2.57 2.44 1.75 1.19 1.19
1.80 1.80 1.80 1.80 1.83 1.83 1.83 1.83 0.98 0.98 0.98 0.98 1.00 1.00 1.00 1.00 1.47 1.47 1.47 1.47 1.51 0.44 0.44 0.44 0.44 0.44 0.44 1.53 1.50 1.50 0.69 1.86 0.69 0.69 0.69 0.93 0.92 2.27 2.27 2.27 2.21 2.21 0.89 0.89 1.69 2.00 2.00 2.00 2.00 2.00 2.00 2.00 3.45 3.51 2.08 0.83 0.87 0.58 0.58 0.58 0.87 0.53 0.80 2.01 1.98 0.79 0.79 1.22 0.52 2.84 4.65 2.81 4.79 2.71 2.71 2.71 2.54 2.54 2.54 2.54 1.68 1.13 1.13 2.55
1.80 1.80 1.80 1.80 1.83 1.83 1.83 1.83 1.80 0.98 0.98 0.98 1.00 1.00 1.00 1.00 1.47 1.47 1.47 1.47 1.51 0.44 0.44 1.51 1.53 1.53 1.53 0.77 1.50 0.56 0.69 1.00 0.69 0.69 0.93 0.93 0.62 0.92 0.92 0.92 0.89 0.89 0.89 0.89 0.80 2.00 3.37 2.00 2.00 3.35 2.00 2.00 2.08 2.08 2.08 0.83 0.87 0.87 2.15 2.15 0.80 0.80 0.54 2.01 1.98 1.98 1.98 0.79 0.76 0.76 2.81 2.81 2.71 2.71 2.71 2.71 2.54 4.47 2.54 2.54 1.13 2.55 2.55 2.55
1.80 1.80 1.80 1.80 1.83 1.83 1.83 1.83 1.80 0.98 0.98 0.98 1.00 1.00 1.00 1.00 2.20 2.50 1.47 1.47 1.51 1.51 1.51 1.51 1.53 1.53 1.53 1.53 0.56 0.94 0.62 0.62 1.13 0.93 0.93 0.93 0.92 1.44 0.92 1.43 0.89 0.89 0.89 0.89 0.80 2.00 2.00 2.00 2.00 3.35 2.00 2.00 2.08 2.08 3.51 3.51 2.15 2.15 2.15 2.15 3.46 0.80 0.89 3.35 1.98 1.98 1.98 3.32 1.61 1.18 2.81 2.81 2.71 2.71 2.71 2.71 2.54 4.47 2.54 2.54 2.55 4.48 2.55 2.55
1.80 1.80 1.80 1.80 1.83 1.83 1.83 1.83 1.80 0.98 0.98 0.98 1.00 1.00 1.00 1.00 1.47 1.47 1.47 1.47 1.51 1.51 1.51 1.51 1.53 2.59 1.53 1.53 1.50 3.08 2.28 0.93 0.93 0.81 0.93 0.93 0.92 0.92 0.92 0.92 2.21 2.21 2.21 2.21 2.00 4.51 3.37 2.00 2.00 2.00 2.00 2.00 2.08 2.08 2.08 2.08 2.15 2.15 2.15 2.15 2.01 0.80 0.80 2.01 4.45 3.32 1.98 1.98 1.92 0.76 2.81 2.81 2.71 2.71 2.71 2.71 2.54 2.54 2.54 2.54 2.55 2.55 2.55 4.38
1.93 1.93 1.93 1.93 1.93 1.93 1.93 1.93 1.90 1.90 1.50 1.50 1.50 1.50 1.50 1.50 1.46 1.46 1.46 1.46 1.45 1.45 1.45 1.45 1.49 1.49 1.49 1.49 1.49 2.27 2.27 0.92 0.62 0.81 1.40 0.93 0.91 2.25 2.25 2.25 2.20 2.20 2.20 2.20 2.02 4.56 3.40 2.02 2.02 2.02 2.02 3.39 2.05 2.05 2.05 4.94 2.08 2.08 2.08 2.08 1.95 1.95 1.95 1.95 1.91 1.91 1.91 1.91 1.86 3.12 2.73 2.73 2.68 2.68 2.68 2.68 2.46 2.46 2.46 4.32 2.42 4.25 2.42 4.25
1.93 1.93 0.52 1.93 1.93 1.93 1.93 1.93 1.90 1.90 1.50 1.50 1.50 1.50 1.50 1.50 1.46 1.46 1.46 1.46 1.45 1.45 2.48 1.45 1.49 1.49 0.43 0.43 0.43 0.92 0.92 0.62 0.62 0.62 2.50 0.93 1.95 2.25 2.25 2.25 2.20 2.20 2.20 2.20 3.40 3.40 2.02 2.02 2.02 2.02 3.39 2.02 2.05 2.05 2.05 2.05 2.08 3.51 2.08 2.08 1.95 1.95 3.28 6.56 5.71 3.20 1.91 1.91 1.86 1.86 2.73 2.73 4.73 2.68 4.73 2.68 2.46 2.46 2.46 2.46 2.42 2.42 2.42 2.42
1.93 1.93 0.52 0.52 1.93 1.93 1.93 0.80 1.90 1.90 1.90 1.50 1.50 1.50 1.50 1.50 1.46 1.46 1.46 1.46 1.45 1.45 1.45 1.45 1.49 0.43 0.43 0.43 0.43 0.92 0.62 1.12 0.69 0.93 0.93 0.93 0.91 2.25 2.25 2.25 2.20 3.70 2.20 2.20 2.02 2.02 2.02 2.02 2.02 3.39 2.02 2.02 2.05 2.05 2.05 2.05 2.08 2.08 2.08 2.08 1.95 1.95 1.95 1.95 3.20 1.91 1.91 1.91 1.86 3.12 6.57 2.73 2.68 2.68 2.68 2.68 2.46 2.46 2.46 2.46 2.42 2.42 2.42 2.42
1.93 0.52 0.52 0.52 0.51 0.51 0.51 0.51 1.90 1.90 1.90 1.50 1.50 1.50 1.50 1.50 1.46 1.46 1.46 1.46 1.45 1.45 1.45 1.45 1.49 1.49 1.49 1.49 1.49 2.27 2.27 0.69 0.69 0.69 0.93 0.62 0.91 2.25 2.25 2.25 2.20 2.20 2.20 2.20 2.02 2.02 2.02 2.02 2.02 2.02 3.40 2.02 2.05 2.05 2.05 4.90 2.08 2.08 2.08 2.08 1.95 1.95 1.95 3.20 1.91 1.91 1.91 1.91 1.86 2.95 2.73 4.77 2.68 2.68 2.68 2.68 2.46 2.46 2.46 2.46 2.42 2.42 2.42 2.42
1.96 0.53 0.22 0.53 0.53 0.53 0.53 0.53 0.22 0.70 0.70 1.97 1.55 0.45 0.45 1.55 1.51 1.51 1.51 0.44 1.45 1.45 0.62 1.45 1.45 1.45 1.45 1.45 1.46 2.23 2.23 1.16 1.16 0.69 1.49 0.62 0.91 0.91 2.24 2.24 2.21 2.21 2.21 2.21 2.06 2.06 2.06 2.06 2.03 2.03 2.03 2.03 2.01 2.01 2.01 3.39 2.03 2.03 2.03 2.03 1.87 3.15 1.87 1.87 1.83 1.83 1.83 1.83 1.81 1.81 2.67 2.67 2.66 2.66 2.66 2.66 2.47 2.47 2.47 2.47 2.48 2.48 2.48 2.48
0.50 0.22 0.53 0.22 0.53 0.28 0.53 0.22 0.38 0.38 0.38 0.38 0.45 0.45 0.45 0.45 0.29 0.44 0.44 0.29 0.22 1.45 1.45 1.45 1.45 1.45 1.45 1.45 1.46 2.23 2.23 2.23 1.16 1.16 0.69 0.69 0.91 0.91 2.24 2.24 2.21 2.21 2.21 2.21 2.06 3.46 2.06 2.06 2.03 2.03 2.03 2.03 2.01 2.01 2.01 2.01 2.03 2.03 2.03 6.42 1.87 3.15 1.87 1.87 1.83 1.83 1.83 1.83 1.81 2.90 2.67 2.67 2.66 2.66 2.66 2.66 2.47 2.47 2.47 2.47 2.48 2.48 2.48 2.48
0.22 0.22 0.28 0.28 0.28 0.28 0.53 0.53 0.17 0.22 1.39 0.28 0.35 0.35 0.35 1.42 0.29 0.44 1.02 0.29 0.41 0.41 1.45 1.45 1.45 1.45 1.45 1.45 1.46 2.23 2.23 2.23 3.79 0.99 0.94 0.62 0.91 0.91 0.91 2.24 2.21 2.21 2.21 3.63 2.06 2.06 2.06 2.06 2.03 2.03 2.03 2.03 2.01 2.01 2.01 2.01 2.03 2.03 2.03 3.41 3.24 3.15 1.87 1.87 1.83 1.83 1.83 1.83 1.81 1.81 2.67 2.67 2.66 2.66 2.66 2.66 2.47 2.47 2.47 2.47 2.48 2.48 2.48 2.48
0.22 0.28 0.22 0.28 1.39 0.38 0.28 0.28 1.39 0.38 1.39 0.28 0.28 0.35 0.35 0.45 0.44 0.44 0.44 0.29 0.36 0.41 0.87 1.45 1.45 1.45 1.45 1.45 1.46 2.60 2.23 2.23 2.26 2.26 2.26 1.02 0.62 1.43 0.91 0.91 2.21 2.21 2.21 2.21 2.06 2.06 2.06 2.06 2.03 2.03 2.03 2.03 3.37 3.37 2.01 2.01 2.03 2.03 2.03 2.03 1.87 3.12 1.87 1.87 1.83 1.83 1.83 1.83 1.81 1.81 2.67 2.67 2.66 2.66 2.66 2.66 2.47 2.47 2.47 2.47 2.48 2.48 2.48 2.48
0.53 0.28 0.38 0.38 1.39 1.39 1.39 0.22 1.39 0.22 0.22 0.28 0.28 0.35 0.45 0.45 0.44 0.44 0.40 0.29 0.29 0.22 0.65 1.47 0.98 0.98 1.17 0.98 0.97 2.16 2.16 2.16 2.23 2.23 0.91 1.02 0.91 0.91 1.43 0.91 1.92 3.77 2.23 1.22 0.83 0.83 0.83 2.08 2.03 2.03 2.03 2.03 1.99 3.34 1.99 1.99 1.97 1.97 1.97 1.97 1.83 1.83 1.83 1.83 1.85 1.85 1.85 1.85 1.85 1.85 2.72 2.72 2.71 2.71 2.71 2.71 2.57 2.57 2.57 2.57 2.58 2.58 2.58 2.58
1.39 1.39 0.38 1.39 0.38 1.39 1.39 0.22 1.39 0.28 1.39 0.28 0.23 0.23 0.45 0.57 0.44 0.44 0.29 0.29 0.39 0.22 1.47 1.47 0.98 1.17 1.17 1.17 2.16 2.16 2.16 2.16 2.23 2.23 0.91 0.91 0.62 0.62 0.91 0.91 3.60 0.90 0.90 0.90 0.83 0.83 1.91 1.75 0.81 3.42 2.03 2.03 1.99 1.99 1.99 1.99 1.97 1.97 1.97 1.97 1.83 3.07 1.83 1.83 1.85 1.85 1.85 1.85 1.85 1.85 2.72 2.72 2.71 2.71 2.71 2.71 2.57 2.57 2.57 2.57 2.58 2.58 2.58 2.58
0.35 1.31 0.35 1.31 1.31 1.31 0.35 1.31 0.16 0.20 0.25 0.20 0.21 0.51 0.44 0.90 0.89 1.22 0.33 0.43 0.28 0.98 0.98 1.63 1.13 1.13 1.13 1.13 1.66 2.26 3.81 2.26 2.33 2.33 0.95 2.03 0.96 0.96 3.96 2.35 2.03 0.95 0.95 0.95 0.89 2.21 3.72 1.91 0.87 2.16 5.22 2.16 2.12 2.12 2.12 2.12 2.10 2.10 3.54 2.10 1.83 1.83 1.83 1.83 1.85 1.85 1.85 1.85 1.85 1.85 2.72 2.72 2.71 2.71 2.71 2.71 2.48 2.48 4.42 2.48 2.50 2.50 2.50 2.50
1.31 0.35 0.35 1.31 0.16 1.31 1.31 1.90 0.39 1.31 0.20 0.49 0.21 0.51 0.28 0.28 0.43 1.48 2.51 1.48 0.98 0.98 0.98 0.98 1.57 1.13 1.13 1.13 1.66 2.26 2.26 2.26 2.33 2.33 2.33 0.95 0.96 2.35 2.35 2.35 0.95 0.95 0.95 0.95 2.21 2.21 2.21 2.21 2.16 2.16 2.16 2.16 2.12 2.12 2.12 2.12 2.10 2.10 2.10 2.10 1.83 1.83 1.83 1.83 1.85 1.85 1.85 1.85 1.02 1.85 2.72 2.72 2.71 2.71 2.71 2.71 2.48 2.48 2.48 2.48 2.50 2.50 2.50 2.50
1.31 0.16 0.35 0.35 0.16 1.31 0.16 0.35 1.40 0.20 0.25 0.49 0.50 0.50 0.21 0.28 2.48 1.46 1.46 1.46 0.96 0.96 0.96 1.43 1.13 1.13 1.13 1.13 1.66 2.21 2.21 2.21 2.28 2.28 0.93 0.93 2.29 2.29 2.29 2.29 0.93 2.29 2.29 2.29 2.18 2.18 2.18 2.18 2.14 2.14 2.14 2.14 5.09 2.10 2.10 2.10 2.10 2.10 2.10 2.10 1.86 1.86 1.86 1.86 1.89 1.89 1.89 1.89 2.84 1.89 2.77 2.77 2.76 2.76 2.76 2.76 2.51 2.51 2.51 2.51 4.43 2.53 2.53 2.53
0.35 1.31 1.31 0.35 0.16 0.35 0.35 0.35 1.31 0.49 0.49 0.60 0.21 0.56 0.50 2.53 1.46 1.46 1.46 1.46 0.96 1.57 0.96 0.96 1.86 1.57 1.13 1.13 1.66 2.21 2.21 2.21 2.28 0.93 0.93 2.28 2.29 2.29 2.29 2.29 2.29 3.87 2.29 2.29 2.18 2.18 2.18 2.18 2.14 2.14 2.14 2.14 2.10 2.10 2.10 2.10 2.10 2.10 2.10 2.10 1.86 1.86 1.86 1.86 1.89 1.89 1.89 1.89 1.89 1.89 2.77 2.77 2.76 2.76 2.76 2.76 2.51 2.51 2.51 2.51 2.53 2.53 2.53 2.53
0.00 0.00 0.35 0.35 0.35 1.31 0.35 0.35 0.20 0.49 1.85 1.85 2.83 0.50 1.90 1.90 1.46 1.46 1.46 1.46 0.96 0.96 0.96 0.96 1.13 1.13 1.13 1.13 1.66 1.66 2.21 2.21 5.42 2.28 2.28 2.28 2.29 2.29 2.29 2.29 2.29 2.29 2.29 2.29 2.18 2.18 3.67 2.18 2.14 2.14 3.61 2.14 2.10 2.10 2.10 2.10 2.10 2.10 2.10 2.10 1.86 1.86 1.86 1.86 1.89 1.89 1.89 1.89 1.89 1.89 2.77 2.77 2.76 2.76 2.76 2.76 2.51 2.51 2.51 2.51 2.53 2.53 2.53 2.53
0.00 0.00 0.00 1.46 1.31 0.35 1.31 0.35 0.25 1.85 1.85 1.85 1.90 1.90 1.90 1.90 1.46 1.46 1.46 1.46 0.96 0.96 1.13 1.13 1.57 1.13 1.13 1.13 1.66 1.66 2.21 2.21 2.72 2.28 2.28 1.66 1.66 1.66 2.29 2.29 2.29 2.29 3.86 2.29 2.18 3.66 2.18 2.18 2.14 6.44 3.61 2.14 2.10 2.10 2.10 2.10 2.10 2.10 2.10 2.10 1.86 1.86 1.86 1.86 1.89 1.89 1.89 1.89 1.89 1.89 2.77 2.77 2.76 2.76 2.76 2.76 2.51 2.51 2.51 2.51 2.53 2.53 2.53 2.53
0.00 0.00 0.00 0.00 1.31 1.31 1.31 0.65 1.80 1.80 1.80 1.80 1.84 1.84 1.84 1.84 0.96 0.96 0.96 0.96 0.92 1.13 1.13 1.13 1.57 1.13 1.13 1.13 1.66 1.66 1.66 1.66 1.66 1.66 1.66 1.66 1.66 2.25 3.48 2.25 2.27 2.27 2.27 2.27 2.15 2.15 2.15 2.15 2.14 2.14 2.14 2.14 2.11 2.11 2.11 2.11 2.11 2.11 2.11 2.11 1.87 1.87 1.87 1.87 1.88 1.88 1.88 1.88 1.90 1.90 2.78 2.78 2.81 2.81 2.81 2.81 2.53 2.53 2.53 2.53 2.52 2.52 2.52 2.52
0.00 0.00 0.00 0.00 1.31 1.31 1.83 1.83 2.67 1.80 1.80 2.67 2.73 1.84 1.84 1.84 1.78 0.96 0.96 1.43 0.92 0.92 1.13 1.13 1.13 1.13 1.13 1.13 1.66 1.66 3.87 2.72 1.66 1.66 1.66 1.66 1.66 1.66 1.66 2.25 2.27 2.27 2.27 2.27 2.15 2.15 2.15 2.15 2.14 2.14 2.14 2.14 2.11 2.11 2.11 2.11 2.11 2.11 2.11 2.11 1.87 1.87 1.87 1.87 1.88 1.88 1.88 1.88 1.90 1.90 2.78 2.78 8.55 6.09 2.81 2.81 2.53 2.53 2.53 2.53 2.52 2.52 4.43 2.52
0.00 0.00 0.00 0.00 1.31 1.31 2.71 1.83 2.67 1.80 1.80 1.80 1.84 2.73 1.84 1.84 1.78 0.96 0.96 1.13 1.13 1.13 1.13 1.13 1.13 1.13 1.13 1.13 1.66 1.66 1.66 1.66 1.66 1.66 1.66 1.66 1.66 1.66 1.66 2.25 2.27 2.27 2.27 2.27 2.15 2.15 2.15 2.15 3.61 2.14 3.60 5.14 2.11 2.11 2.11 3.55 2.11 2.11 2.11 2.11 1.87 1.87 1.87 1.87 1.88 1.88 1.88 1.88 1.90 1.90 2.78 2.78 4.95 8.08 2.81 2.81 2.53 2.53 2.53 2.53 4.43 2.52 2.52 1.97
0.00 0.00 0.00 0.00 0.00 1.83 1.83 1.83 1.80 1.80 1.80 1.80 1.84 1.84 1.84 1.84 1.09 1.09 1.13 1.13 1.13 1.13 1.13 1.13 1.13 1.13 1.13 1.13 1.66 1.66 2.12 1.66 1.66 1.66 1.66 1.66 2.25 2.25 2.25 2.25 3.82 2.27 2.27 2.27 3.63 2.15 2.15 2.15 2.14 2.14 2.14 2.14 7.69 5.09 5.09 2.11 2.11 2.11 2.11 2.11 3.28 1.87 1.87 1.87 1.88 3.16 1.88 1.88 1.90 1.90 2.78 2.78 2.81 2.81 6.09 2.81 2.53 2.53 2.53 2.53 2.52 4.42 6.04 3.56
0.00 0.00 0.00 0.00 0.00 1.79 1.79 1.79 1.77 1.77 1.77 1.77 1.78 1.78 1.78 1.78 1.69 1.69 0.91 1.13 1.13 1.13 1.13 1.13 1.13 1.13 1.13 1.57 1.66 1.66 0.63 1.66 1.66 1.66 1.66 2.25 2.27 2.27 5.48 3.83 2.26 2.26 2.26 2.26 2.15 2.15 2.15 2.15 3.60 2.14 2.14 2.14 2.11 2.11 2.11 2.11 2.13 2.13 2.13 2.13 1.85 1.85 1.85 1.85 3.11 1.85 1.85 1.85 1.89 1.89 2.77 2.77 2.85 2.85 2.85 6.13 2.55 2.55 2.55 2.55 2.51 2.51 2.51 2.51
0.00 0.00 0.00 0.00 1.63 1.79 1.79 2.64 1.77 0.46 1.77 1.77 1.78 1.78 1.78 1.78 1.69 1.69 0.91 0.91 0.87 1.13 1.13 0.87 0.93 1.13 1.13 1.57 1.66 1.66 1.66 1.66 1.66 1.66 2.25 2.25 2.27 2.27 2.27 2.27 2.26 2.26 3.81 2.26 2.15 2.15 2.15 2.15 2.14 2.14 2.14 2.14 2.11 2.11 2.11 2.11 2.13 2.13 2.13 2.13 1.85 1.85 1.85 1.85 1.85 1.85 1.85 1.85 3.15 1.89 2.77 2.77 2.85 2.85 2.85 2.85 2.55 2.55 2.55 2.55 4.26 2.51 2.51 2.51
0.00 0.00 0.00 1.31 1.31 1.79 1.79 1.79 0.46 0.20 0.46 0.46 0.46 0.46 0.46 1.78 1.69 1.69 1.69 0.91 0.87 0.87 0.87 0.87 0.93 0.93 1.13 1.57 1.66 1.66 1.66 1.66 1.66 1.66 1.66 2.25 2.27 2.27 2.27 2.27 2.26 2.26 2.26 2.26 2.15 2.15 3.62 2.15 2.14 2.14 2.14 2.14 2.11 2.11 2.11 2.11 2.13 2.13 2.13 2.13 1.85 1.85 1.85 1.85 1.85 1.85 1.85 1.85 3.15 1.89 2.77 2.77 2.85 2.85 2.85 1.29 2.55 2.55 2.55 2.55 2.51 2.51 2.51 2.51
0.00 0.00 0.00 1.31 0.47 2.66 1.79 0.46 0.20 0.20 0.20 0.20 0.46 0.46 0.46 0.46 1.69 1.69 1.69 0.91 0.87 0.87 0.87 0.87 0.93 0.93 0.93 1.57 1.66 1.66 1.66 1.66 1.66 1.66 1.66 1.66 2.27 2.27 2.27 2.27 2.26 2.26 2.26 2.26 2.15 2.15 2.15 2.15 3.61 2.14 2.14 2.14 2.11 3.56 2.11 2.11 2.13 2.13 2.13 2.13 1.85 1.85 1.85 1.85 1.85 1.85 1.85 1.85 1.89 1.89 2.77 2.77 2.85 2.85 2.85 1.29 1.13 2.55 2.55 2.55 2.51 2.51 2.26 2.51
0.00 0.00 0.00 1.82 1.31 0.20 0.20 0.20 0.20 0.20 0.46 0.46 0.45 0.45 0.45 1.75 1.65 1.65 1.65 1.65 0.93 0.93 0.93 0.93 0.97 0.97 0.97 2.16 2.31 2.31 1.66 1.66 1.66 1.66 1.66 1.66 2.29 2.29 2.29 2.29 2.23 2.23 2.23 2.23 2.13 2.13 2.13 2.13 2.13 2.13 2.13 2.13 2.13 2.13 2.13 2.13 2.17 2.17 2.17 2.17 1.88 1.88 1.88 1.88 1.85 1.85 1.85 1.85 1.88 1.88 2.76 2.76 2.84 2.84 2.84 1.50 1.33 1.45 1.33 1.33 0.77 2.26 1.48 1.97
0.00 0.00 1.31 1.31 1.31 1.31 0.35 0.25 0.20 0.20 0.82 0.46 0.45 0.79 2.54 1.75 1.65 1.65 1.65 1.65 0.93 0.93 0.93 0.93 0.97 0.97 0.97 2.16 2.31 2.31 2.31 1.66 2.31 1.66 2.31 1.66 2.29 2.29 2.29 2.29 2.23 2.23 2.23 2.23 2.13 2.13 2.13 2.13 2.13 2.13 2.13 2.13 2.13 2.13 2.13 2.13 2.17 2.17 2.17 2.17 1.88 1.88 1.88 1.88 1.85 1.85 1.85 1.85 1.88 1.88 2.76 2.76 2.84 5.97 2.84 1.28 1.13 1.33 1.33 1.33 1.45 1.45 1.57 1.45
0.00 0.00 0.34 1.29 1.29 1.29 0.34 0.20 0.45 0.45 0.45 1.74 0.42 0.42 1.65 1.65 1.56 1.56 1.56 1.56 0.84 0.84 0.84 0.84 0.91 0.91 0.91 2.06 2.10 2.10 2.10 2.10 2.10 2.10 2.10 1.50 2.07 2.07 2.07 2.07 2.02 2.02 2.02 2.02 1.89 1.89 1.89 1.89 1.89 1.89 1.89 1.89 1.89 1.89 1.89 1.89 1.93 1.93 1.93 1.93 1.74 1.74 1.74 1.74 1.71 1.71 1.71 1.71 1.74 1.74 2.57 2.57 2.64 2.64 2.64 2.64 2.34 2.34 1.02 0.90 1.97 0.90 1.97 1.97
0.00 0.00 0.34 0.34 0.34 0.25 0.25 0.46 0.20 0.45 1.74 1.74 1.65 1.65 1.65 1.65 1.56 1.56 1.56 1.56 1.62 0.84 0.84 0.84 0.91 0.91 0.91 2.06 2.10 2.10 2.10 2.10 2.10 2.10 2.10 1.50 2.07 2.07 2.07 2.07 2.02 2.02 2.02 2.02 1.89 1.89 1.89 1.89 1.89 1.89 1.89 1.89 1.89 1.89 1.89 1.89 1.93 1.93 0.76 1.93 1.74 1.74 1.74 1.74 1.71 1.71 1.71 1.71 1.74 1.74 2.57 4.51 4.58 4.59 2.64 2.64 2.34 2.34 1.02 0.68 0.90 0.90 0.77 0.00
0.00 0.00 1.29 1.29 0.34 0.20 1.76 1.76 0.43 1.71 2.52 1.71 1.60 1.60 1.60 1.60 1.58 1.58 1.58 1.58 2.44 0.91 0.91 0.91 0.95 0.95 0.95 2.12 2.14 1.15 2.14 2.14 2.12 2.12 2.12 2.12 2.07 2.07 3.48 2.07 2.01 2.01 2.01 2.01 1.88 1.88 1.88 1.88 1.89 1.89 1.89 1.89 1.93 1.93 1.93 1.93 1.99 1.99 0.79 0.79 0.71 0.71 0.71 1.81 1.77 1.77 1.77 1.77 1.72 1.72 2.55 2.55 2.56 2.56 2.56 2.56 2.31 2.31 1.00 1.00 0.90 0.90 0.08 0.00
0.00 0.00 1.29 0.15 0.34 0.45 1.76 1.76 1.71 1.71 1.71 1.71 1.60 1.60 1.60 1.60 1.58 1.58 1.58 1.58 1.69 1.69 0.91 0.91 0.95 0.95 0.95 2.12 2.14 1.15 2.14 2.14 2.12 2.12 2.12 2.12 2.07 2.07 3.48 2.07 2.01 2.01 2.01 2.01 1.88 1.88 1.88 1.88 1.89 1.89 1.89 1.89 1.93 1.93 1.93 1.93 0.79 0.79 0.79 0.79 0.71 0.71 0.71 1.81 1.77 1.77 1.77 1.77 1.72 1.72 2.55 2.55 2.56 2.56 2.56 2.56 2.31 2.31 1.28 0.90 1.97 1.97 10.10 0.00
0.00 0.00 0.00 0.15 1.29 1.29 0.64 0.64 1.71 1.71 1.71 1.71 1.60 1.60 1.60 0.68 1.58 1.58 1.58 1.58 1.69 1.69 0.91 0.91 1.55 0.95 0.95 2.12 2.14 2.14 2.14 2.14 2.12 2.12 2.12 3.57 3.48 2.07 2.07 2.07 2.01 2.01 2.01 2.01 1.88 1.88 1.88 1.88 1.89 1.89 1.89 1.89 1.93 1.93 1.93 3.24 1.99 1.99 0.79 0.79 0.71 0.71 0.71 0.71 1.77 1.77 1.77 1.77 1.72 1.72 2.55 2.55 2.56 2.56 2.56 2.56 2.31 2.31 1.28 0.68 1.97 1.48 0.00 0.00
0.00 0.00 0.00 11.77 1.46 0.39 0.25 0.25 0.43 1.71 1.71 1.71 1.60 1.60 1.60 1.60 1.58 1.58 1.58 1.58 1.69 1.69 0.91 0.91 0.95 0.95 2.12 2.12 2.14 2.14 2.14 2.14 2.12 2.12 3.57 2.12 2.07 2.07 2.07 2.07 2.01 2.01 2.01 2.01 1.88 1.88 1.88 1.88 1.89 1.89 1.89 1.89 1.93 1.93 1.93 1.93 1.99 1.99 0.79 0.79 0.71 0.71 0.71 0.71 1.77 1.77 1.77 1.77 1.72 1.72 2.55 2.55 2.56 2.56 2.56 2.56 2.31 2.31 2.31 0.68 1.97 0.43 0.00 0.00
