Model_calibration/output/post_prcessed_no_MFR/actual_et_annual (1).asc
NCOLS 350
NROWS 200
XLLCENTER 515000.000000
YLLCENTER 8409000.000000
CELLSIZE 100.000000
NODATA_value -999.000000
[rows 108 to 143 of 200, columns 81 to 161 of 350]
14.28 14.25 14.21 14.18 14.14 14.11 14.07 14.03 13.99 45.98 45.45 45.32 45.18 45.05 44.90 44.76 52.40 42.78 13.54 13.50 13.45 13.40 13.36 13.31 13.27 13.22 13.18 13.14 13.10 13.06 13.03 12.99 12.96 12.92 12.89 12.86 12.83 12.80 12.77 12.74 12.70 12.67 12.63 12.58 12.53 12.47 12.41 12.33 12.26 12.18 12.09 12.01 11.92 11.84 11.77 11.71 11.67 11.65 11.65 11.68 11.72 11.78 11.86 11.95 12.05 12.15 12.25 12.36 12.46 12.57 12.68 12.80 12.91 13.02 13.13 13.24 13.34 40.35 43.74 43.99 52.28
14.25 14.22 14.18 14.15 14.11 14.08 14.04 14.00 45.60 45.48 45.35 45.22 20.23 13.75 52.63 52.47 52.30 13.56 13.52 13.47 13.42 13.37 13.33 13.28 13.24 13.20 13.16 13.12 13.08 13.04 13.01 12.97 12.94 12.91 12.88 12.85 12.82 12.79 12.76 12.73 12.69 12.66 12.62 12.57 12.52 12.46 12.40 12.33 12.25 12.17 12.09 12.00 11.92 11.84 11.77 37.09 11.67 11.66 11.67 11.70 11.76 11.84 11.93 12.04 12.14 12.25 12.36 12.48 12.59 12.71 12.83 12.95 13.08 13.20 13.32 13.43 13.54 41.11 52.35 41.64 52.94
14.23 14.19 14.16 14.12 14.09 14.05 14.01 13.97 13.93 45.40 53.14 45.14 45.01 13.72 52.54 52.38 52.21 13.54 13.49 13.44 13.40 13.35 19.52 13.26 13.22 43.17 43.39 13.10 13.06 13.02 12.99 12.96 12.92 12.89 12.87 12.84 12.81 12.78 12.75 12.72 12.69 12.65 12.61 12.57 12.52 12.46 12.40 12.33 12.26 12.18 12.09 12.01 11.93 11.85 11.78 11.73 38.75 38.45 11.71 11.75 11.82 11.91 12.02 23.90 12.25 12.37 12.49 12.60 12.72 12.85 12.98 13.11 13.25 13.38 19.81 42.87 13.74 44.57 53.01 45.54 53.61
14.21 14.17 14.14 14.10 14.06 14.03 13.99 13.95 13.91 45.78 53.60 45.07 44.94 41.23 44.67 44.53 44.38 44.24 44.09 43.95 13.38 13.33 43.87 43.39 43.25 43.12 13.12 13.08 13.05 13.01 12.98 12.95 12.92 12.89 12.86 40.27 40.19 40.10 12.75 12.72 12.69 12.66 12.62 12.58 12.53 12.48 12.42 12.35 12.28 12.20 12.12 39.53 11.96 11.88 11.82 11.77 38.88 45.34 11.77 11.83 11.91 12.01 12.12 12.24 23.59 37.72 12.62 12.74 12.87 13.00 13.14 13.28 40.28 40.88 20.09 43.46 13.95 14.06 53.68 19.29 16.63
14.19 14.15 14.12 14.08 14.05 14.01 13.97 13.93 13.89 45.72 53.55 45.46 45.32 45.19 44.61 44.47 44.33 44.19 44.04 43.90 43.76 43.62 43.48 43.35 43.22 13.15 13.11 13.08 13.04 13.00 12.97 12.94 12.91 12.88 40.34 40.26 40.18 40.10 40.03 12.73 12.70 12.67 12.63 12.59 12.55 12.50 12.44 12.38 12.31 12.23 39.88 39.94 12.00 11.93 11.87 11.83 45.57 11.82 11.86 11.92 12.01 40.09 12.24 12.37 37.81 41.11 12.76 12.89 13.02 13.15 13.30 43.60 51.76 52.25 52.73 44.05 19.39 24.40 54.35 42.83 46.86
14.18 14.14 14.10 14.07 14.03 13.99 13.95 13.91 45.79 45.66 45.54 45.41 45.28 45.14 45.01 44.87 44.73 44.58 44.01 43.87 43.73 43.59 43.46 43.33 43.20 43.07 42.95 42.84 42.73 42.62 40.88 12.94 12.91 12.88 12.86 40.26 12.81 40.12 40.04 12.74 12.71 12.68 12.65 12.61 12.57 12.53 12.47 12.42 12.35 12.28 40.02 38.43 12.07 12.01 11.96 11.92 45.85 11.92 11.97 12.04 12.13 40.49 40.88 12.51 12.64 49.09 49.07 13.04 13.18 13.32 42.36 13.62 44.69 19.32 19.48 46.00 19.63 43.48 43.15 43.43 43.69
14.17 14.13 14.09 14.06 14.02 13.98 45.99 45.87 45.75 45.62 45.50 41.65 45.24 53.01 52.86 44.83 52.55 44.56 44.42 25.44 44.14 43.58 43.44 43.32 43.19 43.07 50.48 42.84 42.73 42.62 12.97 12.94 12.92 12.89 12.86 12.84 12.82 12.80 12.77 41.68 12.73 12.70 12.68 12.64 12.61 12.57 12.52 12.47 12.41 40.25 12.28 40.35 12.16 12.10 12.06 46.25 12.03 12.05 12.10 12.18 12.28 12.40 12.52 12.66 12.80 49.12 50.03 42.67 13.35 13.49 51.35 19.56 54.03 19.61 53.98 43.32 48.51 56.88 0.00 0.00 0.00
14.16 14.12 14.08 14.05 14.01 13.97 13.93 13.89 45.72 45.59 45.47 45.34 45.21 41.37 52.83 52.68 52.53 52.37 3.64 52.06 51.91 51.76 51.61 43.74 43.62 50.62 50.49 50.36 19.13 13.01 12.98 12.95 12.92 12.90 12.88 41.99 12.83 12.81 41.80 41.74 12.75 12.73 12.71 41.43 12.65 12.61 12.57 12.52 12.47 12.42 40.43 40.62 12.26 17.91 38.56 12.16 12.17 12.20 12.26 12.34 12.44 12.56 12.69 12.83 12.96 49.62 19.26 50.99 19.69 24.54 24.89 54.10 54.70 47.04 45.87 55.09 21.70 0.00 0.00 0.00 0.00
14.15 14.12 14.08 14.04 14.00 13.96 13.93 13.89 13.85 20.25 45.44 45.32 45.19 45.06 44.93 44.80 44.66 52.36 25.55 52.06 19.57 19.51 51.61 51.47 51.33 51.20 13.12 13.08 13.05 13.02 12.99 12.96 12.94 12.91 12.89 42.14 41.97 42.39 42.33 12.80 12.78 12.77 12.75 12.72 12.70 12.66 12.63 12.59 12.55 12.50 40.53 41.19 40.78 47.81 47.72 12.31 12.33 12.36 12.43 12.51 12.62 12.74 12.87 13.00 39.47 50.18 19.56 19.55 53.14 24.98 25.05 54.76 25.13 55.90 56.49 48.18 44.21 0.00 0.00 0.00 15.45
14.15 14.12 14.08 14.04 14.00 13.96 13.92 13.88 13.84 13.80 13.76 45.31 45.18 45.05 41.22 44.79 44.66 44.53 19.70 13.39 13.35 52.15 40.25 13.24 13.20 13.16 13.13 43.34 43.55 26.53 13.01 12.98 12.96 12.93 12.91 42.10 38.71 38.94 41.94 12.83 12.82 41.80 12.79 12.77 12.75 12.72 12.70 12.66 12.63 12.59 12.56 12.52 41.43 37.82 37.61 12.46 12.49 12.54 12.61 12.70 12.80 12.92 13.05 13.19 40.42 25.03 52.81 44.58 52.65 44.22 45.04 55.42 20.04 56.54 44.43 57.20 15.20 15.33 0.00 0.00 0.00
14.15 14.12 14.08 14.04 14.00 13.96 13.92 13.88 13.84 13.80 13.76 13.72 45.18 45.05 44.93 44.80 13.52 40.87 52.22 13.40 13.36 42.19 19.49 13.25 13.21 13.18 13.15 13.11 43.29 51.35 51.23 42.92 42.35 12.96 38.80 39.12 21.68 39.03 12.88 12.87 12.86 12.85 12.84 12.82 12.81 12.79 12.77 12.74 12.72 12.69 12.66 12.64 19.21 12.61 38.24 19.24 40.09 12.71 12.79 12.88 12.99 13.12 13.25 13.39 13.53 52.95 25.13 46.23 45.56 44.80 46.44 47.79 56.66 25.14 0.00 0.00 0.00 0.00 0.00 0.00 0.00
14.16 14.12 14.08 14.05 14.01 13.97 13.93 13.89 13.85 13.81 13.77 13.73 45.19 45.06 44.94 44.82 13.53 13.49 13.45 44.33 19.62 19.56 43.98 13.27 13.23 13.20 43.55 13.14 39.75 39.67 43.51 43.00 39.37 39.31 39.26 42.75 49.69 42.67 42.14 12.91 12.91 12.90 12.89 12.88 12.87 12.86 12.84 12.82 12.80 41.46 22.58 12.75 19.27 49.73 49.77 24.74 50.02 12.89 49.10 49.41 13.18 13.31 13.44 19.82 53.12 53.62 54.13 54.69 55.22 55.64 47.88 48.36 55.49 57.85 56.67 0.00 0.00 0.00 0.00 0.00 0.00
14.16 14.13 14.09 14.05 14.01 13.97 13.93 13.89 13.85 13.81 13.77 20.14 41.54 13.66 13.62 45.10 13.54 13.50 13.46 52.14 13.39 13.36 13.32 13.29 13.25 43.72 43.63 43.53 39.83 43.35 42.16 43.09 39.46 15.18 50.52 50.47 42.43 42.79 42.26 12.96 12.95 12.95 12.94 12.94 12.93 12.92 12.92 12.91 48.97 42.46 22.62 22.60 50.19 12.88 12.90 39.25 12.99 50.84 13.15 51.47 19.78 52.32 52.79 53.28 53.78 54.28 54.79 20.01 45.96 47.99 48.45 55.53 56.06 56.70 57.18 0.00 0.00 0.00 0.00 0.00 0.00
14.17 14.14 14.10 14.06 14.02 13.98 13.94 13.90 13.86 13.82 13.79 13.75 13.71 13.67 13.63 13.59 13.55 13.52 13.48 13.45 13.41 13.38 13.34 13.31 13.28 40.17 43.71 43.61 39.91 43.44 42.25 42.18 43.12 50.70 50.65 50.60 42.94 39.37 13.01 13.01 13.00 13.00 13.00 13.00 13.00 42.27 12.99 12.99 39.25 12.98 22.59 50.32 50.35 43.05 43.14 13.09 13.15 13.23 13.32 43.26 40.59 51.46 41.32 25.10 20.71 45.16 55.46 25.24 14.73 48.55 47.57 27.23 57.53 57.19 57.64 58.06 0.00 0.00 0.00 0.00 0.00
14.18 14.15 14.11 14.07 14.03 13.99 13.96 13.92 13.88 13.84 13.80 13.76 13.72 13.68 13.65 13.61 13.57 13.54 13.50 13.47 13.43 13.40 13.37 13.34 43.98 40.26 13.25 13.22 13.20 25.87 42.34 42.27 43.23 50.84 39.57 39.54 39.52 13.06 13.06 13.06 13.06 13.06 42.49 13.06 13.06 42.46 42.45 50.67 22.62 50.67 50.68 39.55 43.14 43.43 43.55 13.24 13.30 40.15 50.82 43.72 44.06 52.01 44.83 46.43 55.33 47.33 47.78 56.50 25.51 46.57 46.52 48.88 57.17 58.79 58.05 58.47 22.21 0.00 0.00 0.00 0.00
14.20 14.16 14.12 14.08 14.05 14.01 13.97 13.93 13.89 13.85 13.82 45.72 13.74 13.70 13.67 13.63 13.59 13.56 13.53 13.49 13.46 13.43 13.40 13.37 13.34 43.98 13.28 51.47 13.23 51.29 19.34 42.37 51.03 19.27 50.93 39.66 39.64 13.11 50.84 13.11 13.11 13.11 13.12 13.12 42.65 42.65 50.92 50.94 50.95 43.31 51.01 43.40 43.48 43.79 42.95 43.11 13.45 40.54 43.82 51.67 52.08 52.52 47.72 32.72 47.40 44.28 14.80 20.33 20.30 35.37 47.24 35.46 27.13 50.71 58.44 58.87 59.28 59.66 0.00 0.00 0.00
14.21 14.17 14.14 14.10 14.06 14.02 13.99 13.95 20.40 13.87 13.83 45.77 13.76 13.72 13.69 13.65 13.62 13.59 13.55 13.52 13.49 13.46 13.43 13.40 13.37 13.35 51.66 51.57 13.27 43.77 42.53 43.52 43.47 51.12 22.25 43.36 43.35 43.33 43.33 43.34 13.16 27.49 39.37 13.18 42.82 22.66 22.66 51.20 39.96 51.27 43.63 43.70 51.48 40.35 43.27 13.50 43.65 40.90 41.18 41.51 52.54 52.98 53.45 53.92 16.83 44.76 20.47 13.27 56.10 20.92 22.28 22.23 22.19 58.39 58.84 59.27 22.19 60.02 0.00 0.00 0.00
14.23 14.19 14.15 14.12 14.08 14.04 14.00 13.97 13.93 13.89 13.86 13.82 20.21 13.75 13.71 13.68 13.65 13.61 13.58 13.55 13.52 13.49 13.46 13.44 51.95 51.86 51.77 51.68 13.31 42.70 42.64 40.05 51.32 51.27 43.52 43.50 43.49 43.48 43.48 42.92 39.48 51.23 51.26 27.80 51.33 51.36 51.40 43.72 40.18 43.82 43.90 43.54 42.02 44.23 40.56 40.75 43.98 51.79 52.14 41.86 52.95 53.40 53.87 54.34 54.82 55.28 55.73 35.36 35.33 22.24 22.19 22.14 58.31 22.18 22.13 22.34 22.32 60.39 0.00 0.00 0.00
14.24 14.21 14.17 14.13 14.10 14.06 14.02 13.99 13.95 13.91 45.66 20.30 20.25 13.77 13.74 13.71 13.68 13.64 13.61 13.58 13.56 13.53 13.50 13.47 52.05 42.46 51.88 13.37 13.35 42.80 42.74 43.77 43.73 51.43 51.39 43.64 43.63 43.62 43.63 43.05 43.66 51.42 51.45 51.49 22.66 13.33 43.87 43.93 51.10 40.46 40.55 42.16 40.47 44.05 44.22 41.04 51.83 47.33 15.75 32.70 53.33 32.96 54.25 54.72 55.20 55.66 21.03 35.26 35.23 22.15 22.19 22.18 22.13 22.28 22.32 27.08 60.39 60.76 61.11 0.00 0.00
14.26 14.22 14.19 14.15 14.12 14.08 14.05 14.01 13.97 45.80 45.71 20.34 13.84 13.80 13.77 13.74 13.71 13.68 13.65 13.62 13.59 13.56 13.54 13.51 52.15 13.46 13.44 13.41 44.18 39.61 43.96 43.90 43.86 51.58 51.55 51.53 51.52 43.77 43.78 40.20 51.57 40.24 51.64 51.69 51.72 51.77 51.83 43.70 43.76 43.83 43.92 44.03 44.16 42.73 13.75 51.88 52.17 4.21 32.68 32.89 53.68 54.13 16.38 55.07 55.54 55.87 33.69 35.16 35.22 35.20 58.10 22.29 22.32 17.85 59.95 60.36 60.76 61.13 61.48 61.80 0.00
14.28 14.24 14.21 14.18 14.14 14.10 14.07 14.03 14.00 45.84 44.02 42.05 13.86 13.83 13.80 13.77 13.74 13.71 13.68 13.66 13.63 13.60 13.58 13.55 13.53 13.50 13.48 40.74 40.68 43.01 44.08 44.03 43.99 51.74 51.71 51.69 43.91 43.91 43.92 43.94 51.74 40.39 40.42 51.86 51.92 44.18 52.02 43.88 43.55 43.62 44.14 13.65 13.71 40.84 51.77 13.93 14.03 14.14 32.87 16.08 54.02 54.47 55.13 55.60 56.83 44.88 47.31 22.89 23.13 35.27 58.15 58.87 59.36 59.86 60.31 60.73 61.14 61.50 22.43 22.40 22.42
14.30 14.27 14.23 55.26 14.16 14.13 14.09 14.06 14.03 20.52 13.96 13.93 13.90 13.86 13.83 13.80 13.78 13.75 13.72 13.69 13.67 13.64 13.62 13.59 13.57 13.54 13.52 44.46 44.40 44.27 44.22 51.98 44.12 40.47 40.45 51.85 44.04 40.44 40.45 44.08 44.11 40.53 51.99 52.04 44.29 44.35 43.98 43.65 43.72 15.38 51.37 51.49 51.64 41.09 52.04 14.03 14.14 14.25 14.37 53.91 54.34 48.21 25.29 22.24 56.18 56.60 56.82 35.19 35.25 35.28 35.24 35.34 59.72 60.21 60.67 61.11 61.50 61.85 22.37 62.45 0.00
14.32 14.29 14.25 14.22 14.19 14.15 14.12 14.09 14.05 14.02 13.99 13.96 13.93 13.90 13.87 13.84 13.81 13.79 13.76 13.73 13.71 13.68 13.66 13.63 13.61 13.59 13.56 13.54 44.50 13.50 44.35 44.30 44.25 44.22 44.20 52.00 44.18 40.56 44.19 44.22 44.25 44.28 52.14 52.21 44.45 44.08 51.74 51.28 51.37 51.47 13.76 40.97 51.89 41.33 52.31 14.14 14.24 14.36 14.48 54.24 54.67 55.12 55.63 56.06 56.46 56.89 35.25 35.22 21.42 49.40 49.91 59.29 22.38 60.55 61.03 61.46 22.38 22.35 22.37 22.34 0.00
14.34 14.31 14.28 47.15 14.21 14.18 14.15 14.12 14.08 14.05 14.02 13.99 13.96 13.93 13.90 13.88 13.85 13.82 13.80 13.77 13.75 13.72 13.70 13.68 13.65 13.63 13.61 13.58 13.56 13.55 44.48 44.43 44.38 44.35 40.70 52.15 44.31 40.69 52.15 44.35 44.38 40.79 52.31 52.36 52.43 44.23 51.07 51.46 51.56 51.67 44.33 49.94 52.15 14.05 52.59 14.24 14.35 14.47 14.60 33.00 55.01 55.30 22.18 56.32 56.75 57.18 35.23 35.22 17.47 58.96 59.43 35.55 18.12 60.89 61.35 61.77 62.13 22.38 22.35 22.45 22.42
14.37 14.34 14.30 43.27 43.17 14.21 14.18 14.15 14.12 14.08 14.05 14.03 14.00 13.97 13.94 13.92 13.89 13.86 13.84 13.82 13.79 13.77 13.74 13.72 13.70 13.67 13.65 44.76 43.48 43.42 44.61 44.56 44.51 44.48 44.45 40.80 52.28 52.28 40.82 44.48 44.52 52.41 44.62 44.68 44.30 43.84 44.05 44.15 44.26 41.10 41.25 50.03 15.72 50.05 14.24 14.35 14.46 14.58 14.71 32.98 49.45 55.60 56.01 56.43 56.86 57.30 49.06 23.69 58.85 59.31 59.76 60.23 60.72 19.43 61.63 22.35 62.36 62.63 62.86 22.41 0.00
14.40 14.36 14.33 42.89 43.26 43.16 14.21 14.18 14.15 14.12 14.09 14.06 14.03 14.01 13.98 13.96 13.93 13.91 46.03 13.86 13.83 13.81 13.79 13.76 13.74 13.72 13.70 44.86 43.59 43.53 44.74 44.69 44.64 44.60 40.93 40.92 40.91 40.92 44.58 52.45 52.50 52.55 51.12 40.51 40.59 20.14 20.20 44.32 44.45 44.60 52.28 52.47 52.68 52.91 53.16 53.66 53.97 54.71 16.52 22.15 55.69 56.10 56.33 56.75 57.19 57.61 58.03 23.91 24.24 59.64 17.09 60.55 61.02 61.47 61.88 62.24 62.53 62.78 62.99 63.18 0.00
14.42 14.39 14.36 42.96 46.15 46.08 14.24 14.21 14.18 14.15 14.13 14.10 14.07 14.05 14.02 14.00 13.97 13.95 46.14 45.46 13.88 13.86 13.83 13.81 13.79 45.09 45.03 44.96 43.70 13.68 43.57 41.15 41.11 44.73 44.70 52.56 52.54 44.68 44.70 44.73 52.63 40.50 43.89 40.64 44.04 40.94 44.37 44.50 44.64 44.81 52.52 41.91 42.14 53.20 53.46 53.98 24.17 24.12 22.16 55.63 56.03 56.25 56.67 57.10 57.52 17.38 17.58 17.71 24.47 17.02 17.26 60.86 61.31 18.52 22.36 22.45 62.68 62.90 63.09 63.28 63.46
14.45 53.58 46.35 43.04 42.97 42.89 14.28 14.25 20.85 20.81 14.16 14.14 14.11 14.09 14.06 14.04 14.02 46.32 46.25 46.18 13.93 13.90 13.88 45.31 45.25 45.19 45.13 13.77 13.74 13.72 40.43 41.27 43.95 40.53 44.82 52.69 52.67 44.79 44.81 52.71 41.23 40.62 40.69 40.77 13.80 41.09 41.23 44.55 44.70 44.88 52.78 53.00 53.24 53.49 14.57 54.30 54.62 54.97 22.12 56.01 56.38 56.60 57.02 57.45 58.07 17.55 59.00 16.74 59.88 60.31 17.42 61.15 22.39 22.36 18.69 62.58 22.40 63.00 63.19 22.41 22.39
54.30 46.49 46.42 46.35 43.05 14.34 14.31 14.28 20.91 14.23 14.20 14.18 45.76 44.14 20.69 14.09 45.70 45.66 45.62 45.58 44.68 13.95 13.93 13.91 44.51 44.46 44.40 13.81 13.79 13.77 43.79 44.11 27.74 40.65 51.37 15.84 28.07 13.68 52.79 52.83 41.34 40.73 40.81 51.54 42.93 20.39 44.57 44.73 44.91 45.24 50.16 53.28 53.53 14.57 54.08 54.63 54.96 55.59 55.98 27.10 27.02 35.14 46.28 22.23 58.48 58.87 16.69 59.78 60.21 60.62 61.02 22.39 22.36 62.18 22.43 22.40 22.38 22.35 22.41 22.39 0.00
43.42 54.16 54.18 27.63 14.41 14.38 45.79 21.01 20.97 14.27 14.25 14.22 45.85 14.18 14.15 14.13 14.11 45.74 45.71 45.67 45.63 14.00 13.98 44.64 44.60 44.55 44.49 44.43 44.37 13.82 43.90 13.77 40.81 51.53 44.08 51.44 51.41 51.39 22.79 52.94 40.78 51.50 44.23 44.33 20.40 51.92 44.74 52.24 52.84 45.47 53.30 53.55 53.82 54.10 14.81 14.94 55.29 48.18 56.34 58.08 58.65 59.34 46.65 58.14 58.83 16.64 52.01 49.16 51.75 52.26 61.23 27.17 27.14 22.44 62.63 62.84 22.36 27.22 63.35 0.00 0.00
56.45 56.37 54.22 54.15 14.44 14.42 14.39 41.94 41.89 14.32 14.29 14.27 45.95 14.22 14.20 14.18 14.16 45.83 45.80 45.77 45.73 14.06 44.77 14.01 44.69 44.64 13.94 51.80 44.47 44.41 41.19 40.70 51.71 44.23 44.19 51.54 51.51 51.49 44.13 44.15 40.88 44.26 44.35 20.40 44.59 44.75 52.25 45.12 53.07 53.32 53.57 53.84 54.11 54.41 54.95 55.29 46.55 56.31 22.25 22.19 57.48 57.88 58.28 58.48 59.18 59.59 27.24 60.36 60.74 61.10 61.45 27.15 22.44 62.52 22.39 22.37 63.12 57.06 63.31 0.00 0.00
56.45 56.38 56.81 54.19 46.50 14.46 45.94 45.01 14.39 14.36 14.34 14.32 14.29 14.27 14.25 14.23 14.21 45.93 14.17 14.15 42.50 14.11 41.69 44.83 14.05 14.02 14.00 13.97 44.58 44.51 44.45 44.38 41.07 44.36 51.71 22.85 22.99 51.60 44.23 44.26 51.66 44.38 20.41 20.49 20.57 44.92 45.11 45.32 45.55 53.58 46.21 14.68 54.42 54.72 55.04 55.38 48.35 22.27 22.21 17.23 57.82 58.27 58.67 22.35 22.46 22.46 27.22 60.61 60.97 22.36 61.70 62.03 22.42 22.40 56.52 56.76 0.00 0.00 0.00 0.00 0.00
0.32 53.37 54.33 54.24 46.58 14.50 14.48 14.46 14.43 45.86 14.39 14.37 47.38 14.33 14.31 14.29 14.27 42.71 46.01 45.98 41.84 41.82 44.96 14.13 14.11 14.08 14.06 44.74 44.68 44.62 44.56 44.86 44.79 44.49 51.85 27.94 44.36 41.03 44.36 44.38 41.13 44.51 44.62 44.75 41.63 41.82 45.38 52.87 53.57 16.15 54.12 53.92 54.72 22.07 47.70 56.05 56.41 56.80 35.25 49.87 49.17 35.33 58.99 22.33 59.70 22.43 27.19 27.15 61.22 61.55 61.85 22.43 22.40 1.13 1.13 0.00 0.00 0.00 0.00 0.00 0.00
22.24 53.44 43.68 43.62 54.25 14.55 14.53 14.51 14.48 46.39 53.95 46.30 53.97 42.91 14.36 46.20 42.84 46.15 46.13 53.78 41.94 41.92 41.89 14.19 14.17 41.79 44.91 44.86 44.80 52.04 14.02 44.98 44.91 53.04 23.11 41.21 44.75 41.17 44.50 44.52 41.28 44.66 44.78 41.63 41.81 42.02 52.85 53.55 53.36 53.63 53.92 21.86 55.03 55.36 55.71 56.39 56.77 17.14 57.53 50.19 50.59 58.63 59.23 51.97 59.96 60.38 60.73 22.32 22.33 22.33 22.45 62.15 0.00 0.00 0.00 0.00 0.00 0.00 0.00 0.00 0.00
22.21 53.49 43.85 54.49 54.44 54.38 14.58 14.56 14.54 14.52 22.38 53.99 54.08 54.13 54.12 46.37 23.19 54.06 22.76 28.03 21.00 14.30 14.28 14.26 45.13 45.09 41.87 44.99 44.93 14.11 44.81 44.74 41.82 45.57 45.51 41.38 44.68 41.34 44.66 44.69 44.75 44.84 44.96 41.82 42.01 42.23 45.76 53.35 53.62 53.90 54.20 54.51 55.34 55.69 49.47 56.74 57.11 35.29 57.85 58.20 58.77 59.14 59.50 59.90 60.25 60.59 60.92 22.36 22.31 61.84 0.00 0.00 0.00 0.00 0.00 0.00 0.00 0.00 0.00 0.00 0.00
22.31 53.57 54.67 54.59 43.87 43.37 54.32 54.26 54.34 54.28 54.20 54.19 14.52 43.18 54.26 46.50 54.23 54.21 54.18 54.17 28.06 46.38 46.36 14.33 45.27 42.04 42.00 41.95 14.21 14.19 14.16 41.73 41.67 53.40 45.69 45.64 52.28 44.85 44.86 44.89 44.95 45.04 42.39 46.02 46.23 54.35 53.34 53.61 53.89 54.19 54.50 54.81 55.12 56.02 56.71 49.32 49.69 57.80 49.45 58.69 51.37 59.46 59.80 60.13 60.46 22.38 22.38 61.39 61.68 0.00 0.00 0.00 0.00 0.00 0.00 0.00 0.00 0.00 0.00 0.00 0.00
