Model_calibration/output/post_prcessed_no_MFR/actual_et_annual.asc
NCOLS 350
NROWS 200
XLLCENTER 515000.000000
YLLCENTER 8409000.000000
CELLSIZE 100.000000
NODATA_value -999.000000
[rows 36 to 71 of 200, columns 243 to 323 of 350]
0.00 0.00 0.00 0.00 0.00 0.00 0.00 0.00 0.00 0.00 0.00 0.00 0.00 0.00 0.00 0.00 0.00 0.00 0.00 0.00 0.00 0.00 0.00 0.00 0.00 0.00 0.00 0.00 0.00 0.00 0.00 0.00 0.00 0.00 0.00 0.00 0.00 0.00 0.00 0.00 0.00 0.00 0.00 0.00 0.00 0.00 0.00 0.00 0.00 0.00 0.00 0.00 0.00 0.00 0.00 0.00 0.00 0.00 0.00 0.00 0.00 0.00 0.00 0.00 0.00 0.00 0.00 0.00 0.00 0.00 0.00 0.00 0.00 0.00 0.00 0.00 0.00 0.00 0.00 0.00 0.00
0.00 0.00 0.00 0.00 0.00 0.00 0.00 0.00 0.00 0.00 0.00 0.00 0.00 0.00 0.00 0.00 0.00 0.00 0.00 0.00 0.00 0.00 0.00 0.00 0.00 0.00 0.00 0.00 0.00 0.00 0.00 0.00 0.00 0.00 0.00 0.00 0.00 0.00 0.00 0.00 0.00 0.00 0.00 0.00 0.00 0.00 0.00 0.00 0.00 0.00 0.00 0.00 0.00 0.00 0.00 0.00 0.00 0.00 0.00 0.00 0.00 0.00 0.00 0.00 0.00 0.00 0.00 0.00 0.00 0.00 0.00 0.00 0.00 0.00 0.00 0.00 0.00 0.00 0.00 0.00 0.00
0.00 0.00 0.00 0.00 0.00 0.00 0.00 0.00 0.00 0.00 0.00 0.00 0.00 0.00 0.00 0.00 0.00 0.00 0.00 0.00 0.00 0.00 0.00 0.00 0.00 0.00 0.00 0.00 0.00 0.00 0.00 0.00 0.00 0.00 0.00 0.00 0.00 0.00 0.00 0.00 0.00 0.00 0.00 0.00 0.00 0.00 0.00 0.00 0.00 0.00 0.00 0.00 0.00 0.00 0.00 0.00 0.00 0.00 0.00 0.00 0.00 0.00 0.00 0.00 0.00 0.00 0.00 0.00 0.00 0.00 0.00 0.00 0.00 0.00 0.00 0.00 0.00 0.00 0.00 0.00 0.00
0.00 0.00 0.00 0.00 0.00 0.00 0.00 0.00 0.00 0.00 0.00 0.00 0.00 0.00 0.00 0.00 0.00 0.00 0.00 0.00 0.00 0.00 0.00 0.00 0.00 0.00 0.00 0.00 0.00 0.00 0.00 0.00 0.00 0.00 0.00 0.00 0.00 0.00 0.00 0.00 0.00 0.00 0.00 0.00 0.00 0.00 0.00 0.00 0.00 0.00 0.00 0.00 0.00 0.00 0.00 0.00 0.00 0.00 0.00 0.00 0.00 0.00 0.00 0.00 0.00 0.00 0.00 0.00 0.00 0.00 0.00 0.00 0.00 0.00 0.00 0.00 0.00 0.00 0.00 0.00 0.00
0.00 0.00 0.00 0.00 0.00 0.00 0.00 0.00 0.00 0.00 0.00 0.00 0.00 0.00 0.00 0.00 0.00 0.00 0.00 0.00 0.00 0.00 0.00 0.00 0.00 0.00 0.00 0.00 0.00 0.00 0.00 0.00 0.00 0.00 0.00 0.00 0.00 0.00 0.00 0.00 0.00 0.00 0.00 0.00 0.00 0.00 0.00 0.00 0.00 0.00 0.00 0.00 0.00 0.00 0.00 0.00 0.00 0.00 0.00 0.00 0.00 0.00 0.00 53.77 0.00 0.00 0.00 0.00 0.00 0.00 0.00 0.00 0.00 0.00 0.00 0.00 0.00 0.00 0.00 0.00 0.00
0.00 0.00 0.00 0.00 0.00 0.00 0.00 0.00 0.00 0.00 0.00 0.00 0.00 0.00 0.00 0.00 0.00 0.00 0.00 0.00 0.00 0.00 0.00 0.00 0.00 0.00 0.00 0.00 0.00 0.00 0.00 0.00 0.00 0.00 0.00 0.00 0.00 0.00 0.00 0.00 0.00 0.00 0.00 0.00 0.00 0.00 0.00 0.00 0.00 0.00 0.00 0.00 0.00 0.00 0.00 0.00 0.00 0.00 0.00 0.00 0.00 0.00 0.00 15.90 15.97 0.00 0.00 0.00 0.00 0.00 0.00 0.00 0.00 0.00 0.00 0.00 0.00 0.00 0.00 0.00 0.00
0.00 13.15 13.15 0.00 0.00 0.00 0.00 0.00 0.00 0.00 0.00 0.00 0.00 0.00 0.00 0.00 0.00 0.00 0.00 0.00 0.00 0.00 0.00 0.00 0.00 0.00 0.00 0.00 0.00 0.00 0.00 0.00 0.00 0.00 0.00 0.00 0.00 0.00 0.00 0.00 0.00 0.00 0.00 0.00 0.00 0.00 0.00 0.00 0.00 0.00 0.00 0.00 0.00 0.00 0.00 0.00 0.00 0.00 0.00 0.00 0.00 0.00 47.36 15.90 15.97 16.05 45.80 16.20 1.19 0.00 0.00 1.05 0.00 0.00 0.00 0.00 16.94 0.00 0.00 0.00 0.00
13.09 13.09 13.10 0.00 0.00 0.00 0.00 13.17 13.19 0.00 0.00 0.00 0.00 0.00 0.00 0.00 0.00 0.00 0.00 0.00 0.00 0.00 0.00 0.00 0.00 0.00 0.00 0.00 0.00 0.00 0.00 0.00 0.00 0.00 0.00 0.00 0.00 0.00 0.00 0.00 0.00 0.00 0.00 0.00 0.00 0.00 0.00 0.00 0.00 0.00 0.00 0.00 0.00 0.00 0.00 0.00 0.00 0.00 0.00 0.00 1.05 15.77 15.84 15.91 15.98 16.05 16.13 16.21 16.29 16.37 16.45 45.82 0.00 0.00 0.00 0.00 0.00 0.00 0.00 0.00 0.00
13.04 13.04 13.04 13.05 0.00 0.00 13.09 13.11 13.13 13.16 0.00 0.00 0.00 0.00 0.00 0.00 0.00 0.00 0.00 0.00 0.00 0.00 0.00 0.00 0.00 0.00 0.00 0.00 0.00 0.00 0.00 0.00 0.00 0.00 0.00 0.00 0.00 0.00 0.00 0.00 0.00 0.00 0.00 0.00 0.00 0.00 0.00 0.00 0.00 0.00 0.00 0.00 0.00 0.00 0.00 0.00 0.00 0.00 0.00 0.00 15.71 15.77 15.84 15.91 15.98 16.06 16.13 16.21 16.29 16.37 16.45 46.66 16.62 16.70 0.00 47.15 47.25 0.00 0.00 0.00 0.00
12.99 12.99 12.99 13.00 13.01 13.02 13.04 13.05 13.08 13.10 0.00 0.00 0.00 0.00 0.00 0.00 0.00 0.00 0.00 0.00 0.00 0.00 0.00 0.00 0.00 0.00 0.00 0.00 0.00 0.00 0.00 0.00 0.00 0.00 0.00 0.00 0.00 0.00 0.00 0.00 0.00 0.00 0.00 0.00 0.00 0.00 0.00 0.00 0.00 0.00 0.00 0.00 0.00 0.00 0.00 42.06 0.00 0.00 0.00 43.60 15.72 15.78 15.85 15.92 15.99 16.07 16.14 16.22 16.30 16.38 16.46 46.69 48.99 46.94 49.15 55.83 0.52 0.00 0.00 0.00 0.00
12.94 12.94 12.95 12.95 12.96 12.97 12.99 13.00 13.02 0.00 0.00 0.00 0.00 0.00 0.00 0.00 0.00 0.00 0.00 0.00 0.00 0.00 0.00 0.00 0.00 0.00 0.00 0.00 0.00 0.00 0.00 0.00 0.00 0.00 0.00 0.00 0.00 0.00 0.00 0.00 0.00 0.00 0.00 0.00 0.00 0.00 0.00 0.00 0.00 0.00 0.00 0.00 0.00 0.00 0.00 15.23 15.29 39.97 43.55 34.37 15.34 15.80 15.86 15.93 16.00 16.08 16.15 16.23 16.30 47.78 16.46 45.94 49.03 46.96 55.85 36.07 0.52 0.00 0.00 0.00 0.00
12.90 12.90 12.91 12.91 12.92 42.20 0.00 0.00 0.00 0.00 0.00 0.00 0.00 0.00 0.00 0.00 0.00 0.00 0.00 0.00 0.00 0.00 1.13 13.74 0.00 0.00 0.00 0.00 0.00 0.00 0.00 0.00 0.00 0.00 0.00 0.00 0.00 0.00 0.00 0.00 0.00 0.00 0.00 0.00 0.00 0.00 0.00 0.00 0.00 0.00 0.00 0.00 0.00 0.00 0.00 15.24 41.51 38.82 40.93 15.30 15.36 15.58 15.88 15.95 16.02 16.09 16.16 16.24 16.31 16.39 46.61 46.75 46.87 49.15 49.23 36.14 47.70 0.00 0.00 0.00 0.00
12.87 12.87 12.87 12.87 44.85 0.00 0.00 0.00 0.00 0.00 0.00 0.00 0.00 0.00 0.00 0.00 0.00 0.00 0.00 0.00 0.00 0.00 13.63 13.71 0.00 0.00 0.00 0.00 0.00 0.00 0.00 0.00 0.00 0.00 0.00 0.00 0.00 0.00 0.00 0.00 0.00 0.00 0.00 0.00 0.00 0.00 0.00 0.00 0.00 0.00 0.00 0.00 0.00 0.00 15.20 15.26 40.74 40.87 15.43 15.48 15.54 15.60 15.66 15.96 16.03 45.63 16.18 16.25 46.37 46.50 16.48 16.55 16.63 49.18 49.14 36.13 47.73 0.00 0.00 0.00 0.00
12.83 12.83 12.83 44.90 0.52 0.00 0.00 0.00 0.00 0.00 0.00 0.00 0.00 0.00 0.00 0.00 0.00 0.00 13.30 13.37 13.45 13.53 19.96 13.69 13.77 0.00 0.00 0.00 0.00 0.00 0.00 0.00 0.00 0.00 14.42 0.00 0.00 0.00 0.00 0.00 0.00 0.00 0.00 0.00 0.00 0.00 0.00 0.00 0.00 0.00 0.00 0.00 0.00 15.16 15.22 15.27 40.81 40.96 15.27 15.50 15.56 15.62 15.68 15.74 16.05 46.01 16.19 16.26 46.40 46.53 16.49 16.56 16.64 46.21 46.30 16.63 47.77 0.00 0.00 0.00 0.00
12.81 12.81 50.37 50.40 0.00 0.00 0.00 0.00 0.00 0.00 0.00 0.00 0.00 0.00 0.00 0.00 0.00 13.20 13.27 13.35 40.51 13.51 13.59 13.68 13.76 13.84 13.92 14.00 42.36 0.00 0.00 0.00 0.00 0.00 14.42 43.58 14.52 1.19 0.00 0.00 0.00 0.00 0.00 0.00 0.00 0.00 0.00 0.00 0.00 0.00 0.00 0.00 0.00 1.19 15.24 15.29 15.35 41.02 15.29 15.52 15.50 15.64 15.70 15.76 45.61 46.06 16.21 16.28 46.45 16.43 16.50 16.57 16.65 16.72 16.79 16.87 16.94 0.00 0.00 0.00 0.00
12.79 50.06 50.29 50.31 34.66 0.00 0.00 0.00 0.00 0.00 0.00 0.00 0.00 0.00 0.00 0.00 13.12 13.18 13.25 43.59 43.83 13.50 13.58 13.67 13.76 13.84 13.93 14.00 14.08 14.15 1.13 0.00 0.00 0.00 14.43 45.58 14.53 14.57 14.54 14.57 48.62 0.00 0.00 0.00 0.00 0.00 0.00 0.00 0.00 0.00 0.00 0.00 0.00 1.19 15.25 15.31 15.37 15.42 15.31 15.54 15.60 15.58 15.72 15.78 40.29 16.15 16.23 16.30 16.37 16.44 16.51 16.59 16.66 16.73 16.80 16.87 16.94 46.52 0.00 0.00 0.00
12.77 12.77 50.25 50.27 41.93 36.83 1.13 0.00 0.00 0.00 0.00 0.00 0.00 12.96 13.00 13.05 13.11 13.17 13.25 43.59 43.84 40.73 13.59 13.68 13.77 13.85 13.94 14.02 14.09 14.16 14.22 0.00 0.00 43.37 14.45 14.49 14.54 14.58 14.55 14.53 14.56 27.92 45.45 0.52 0.00 0.00 0.00 0.00 0.00 0.00 0.00 0.00 0.00 0.00 15.28 15.33 15.39 15.44 15.50 15.56 15.62 15.60 15.66 15.72 40.35 15.93 16.24 16.32 16.39 16.46 16.53 16.60 16.67 16.74 16.81 16.88 16.94 17.01 47.73 0.00 0.00
18.72 12.77 38.56 38.58 12.79 12.80 12.81 42.18 1.05 1.05 1.05 12.90 12.93 12.97 13.01 13.06 13.11 13.18 13.25 43.64 40.51 40.78 19.95 13.70 13.79 13.87 13.96 14.04 14.11 14.18 14.24 1.12 0.00 43.42 14.46 14.51 14.55 14.60 14.51 14.54 14.50 14.54 14.57 14.76 40.62 14.84 14.88 0.00 0.00 0.00 0.00 0.00 0.00 0.00 15.30 15.36 15.41 15.47 15.53 15.59 15.65 15.71 15.69 15.83 15.89 15.95 16.01 16.34 16.41 16.48 16.54 16.61 16.68 16.75 16.82 16.89 49.48 17.01 17.08 0.52 0.00
12.76 12.77 12.77 12.78 12.79 12.80 12.82 12.83 38.79 38.84 12.89 12.92 12.95 12.98 13.03 13.08 13.13 13.20 13.28 13.36 40.59 40.86 20.00 20.13 20.27 13.90 13.99 14.06 14.14 14.21 14.27 14.33 36.31 50.15 14.48 14.53 14.57 14.62 14.52 14.48 14.52 14.55 14.73 14.77 14.81 14.86 14.90 14.95 0.00 0.00 0.00 0.00 0.00 0.00 0.00 15.38 15.44 15.50 15.56 15.61 15.67 15.65 15.71 15.85 15.91 15.89 15.95 16.01 16.43 16.50 16.56 16.63 16.70 16.77 16.83 16.90 16.96 17.02 17.08 0.00 0.00
39.78 12.77 12.78 12.79 12.81 12.82 12.84 12.85 12.87 12.90 12.92 12.95 12.98 13.02 39.47 43.04 13.17 13.24 13.32 13.40 13.49 13.58 20.06 20.20 13.86 13.94 14.03 14.10 14.17 14.24 14.30 14.36 43.20 43.33 14.51 14.55 14.60 14.64 14.60 14.64 14.54 14.57 14.76 14.80 14.84 14.88 14.93 14.98 0.00 0.00 0.00 0.00 0.00 0.00 0.52 48.12 15.47 15.53 15.59 15.64 15.70 15.75 15.73 15.87 15.85 15.91 16.05 16.12 16.18 16.52 16.58 16.65 16.72 16.78 16.85 16.91 49.51 56.33 47.80 0.00 0.00
39.58 39.85 12.80 12.82 12.83 12.85 12.87 12.89 12.91 12.94 12.96 12.99 13.03 13.07 13.12 13.17 13.23 13.30 40.40 44.05 13.55 13.64 20.15 13.83 13.91 14.00 14.07 14.15 46.11 14.28 14.33 14.39 14.44 14.49 14.53 14.58 14.62 14.66 14.62 14.52 14.56 14.74 14.78 14.82 14.86 14.76 14.95 15.01 0.00 0.00 0.00 0.00 0.00 0.00 40.32 50.74 15.33 15.39 15.61 15.67 15.72 15.78 15.76 15.90 15.96 16.03 16.09 16.15 16.20 16.26 16.61 16.67 16.74 16.80 16.86 16.92 16.98 49.97 47.80 0.00 0.00
39.64 40.35 12.83 12.85 12.87 12.89 12.91 12.93 12.96 12.99 13.02 13.05 13.09 13.14 13.19 13.24 13.31 13.38 13.46 19.86 19.99 20.12 13.81 13.89 42.12 14.05 14.13 14.20 14.26 14.32 14.37 14.43 14.47 14.52 14.57 14.61 14.65 14.69 14.65 14.55 14.73 14.76 14.80 14.84 14.89 14.93 14.83 15.03 0.52 0.00 0.52 40.08 40.16 41.91 30.70 40.04 39.45 15.42 15.47 15.69 15.75 15.80 15.86 15.93 15.99 16.05 16.11 16.17 16.23 16.28 16.34 16.69 16.76 46.42 16.88 47.71 17.00 47.89 0.00 0.00 0.00
12.83 12.84 12.86 12.88 12.91 12.93 12.96 12.99 13.02 13.05 13.09 13.13 13.17 13.22 13.27 13.33 13.40 13.47 13.55 13.63 13.72 13.80 13.89 13.97 14.05 14.12 14.19 14.25 14.31 14.37 14.42 14.47 14.51 14.56 14.60 14.64 14.68 14.72 14.68 14.71 14.75 14.79 14.83 14.87 14.92 14.97 14.86 15.07 15.12 47.54 15.23 15.28 15.34 15.39 48.24 15.34 15.39 15.44 15.50 15.72 15.78 15.83 15.89 15.96 16.02 16.08 16.14 16.20 16.25 16.31 16.36 16.42 47.50 16.84 47.66 49.94 38.52 36.12 0.00 0.00 0.00
12.86 12.88 12.91 12.93 12.96 12.99 13.02 13.05 13.09 13.13 13.17 13.21 13.26 13.31 13.37 13.43 13.50 13.58 13.65 13.74 13.82 13.90 13.98 14.06 14.13 14.19 14.26 14.31 14.37 14.42 14.47 14.51 43.74 43.86 14.64 14.68 14.72 14.76 14.71 14.74 14.78 14.82 14.86 14.90 14.95 15.00 14.89 15.10 21.32 47.64 41.74 41.85 48.03 48.17 40.08 15.37 15.59 15.65 15.70 15.75 15.81 15.86 15.84 15.90 16.04 16.11 16.17 16.22 16.28 16.33 16.39 16.44 16.57 49.87 56.94 49.94 49.97 47.84 0.00 0.00 0.00
12.90 12.93 12.95 12.98 13.01 13.05 13.09 13.12 13.17 13.21 13.26 13.31 13.36 13.42 13.48 13.54 13.61 13.69 13.77 13.85 13.93 14.00 14.08 14.14 14.21 14.27 14.33 14.38 14.43 14.47 14.51 47.05 14.60 14.64 14.67 14.71 14.75 14.79 14.74 14.78 14.81 14.85 14.90 14.94 14.98 15.03 15.08 15.13 21.36 41.72 41.83 41.94 48.12 42.16 15.35 15.57 15.62 15.67 15.73 15.70 15.76 15.90 15.87 15.94 15.99 16.05 16.19 16.25 16.30 16.35 16.41 16.46 16.51 16.55 49.44 17.00 56.96 0.00 0.00 0.00 0.00
12.95 12.98 13.01 13.04 13.08 13.12 13.16 13.20 13.25 13.30 13.35 13.41 13.46 13.53 13.59 13.66 13.73 13.81 13.88 13.96 14.04 14.11 46.09 14.24 14.29 14.35 14.40 14.44 43.56 46.98 43.78 14.60 14.64 14.68 14.72 14.75 14.79 14.83 14.77 14.81 14.85 14.89 14.93 14.97 15.02 15.07 15.12 15.17 15.06 15.28 15.33 21.63 42.12 15.49 15.38 15.60 15.66 40.23 15.76 15.74 15.79 15.85 15.90 15.96 16.02 16.08 16.22 16.19 16.24 16.29 16.34 16.48 16.53 16.57 16.70 17.02 56.98 0.00 0.00 0.00 0.00
13.00 13.03 13.07 13.11 13.15 13.19 13.24 13.29 13.34 13.39 13.45 13.51 13.57 13.64 13.71 13.78 13.85 13.93 14.00 14.07 14.14 14.21 46.36 14.32 14.38 46.73 46.53 46.62 14.54 14.58 14.62 14.65 14.69 14.72 14.76 14.79 14.83 14.87 14.81 14.85 14.89 14.93 14.97 15.01 15.06 15.11 15.16 15.21 15.10 15.31 15.37 15.42 41.36 15.36 15.58 15.63 15.61 42.33 15.72 40.48 15.83 15.88 15.94 16.00 16.05 16.11 16.25 16.21 16.27 16.32 16.36 16.50 16.54 16.59 16.71 23.17 57.00 0.00 0.00 0.00 0.00
13.06 13.10 13.14 13.18 13.22 13.27 13.32 13.38 13.43 13.49 13.55 13.62 13.68 13.75 13.82 13.89 13.96 14.04 14.11 44.55 14.25 36.53 48.16 14.47 36.63 54.38 46.69 14.57 14.60 14.63 14.67 14.70 14.73 14.77 14.80 14.84 14.87 14.91 14.85 14.88 14.92 14.97 15.01 15.05 15.10 15.15 15.20 15.25 15.30 15.35 15.41 15.29 15.34 15.56 40.37 15.67 15.65 15.70 15.76 15.81 15.86 15.91 15.97 16.03 16.08 16.14 16.19 16.33 16.38 16.43 16.47 16.52 16.56 16.60 16.64 16.77 1.26 0.00 0.00 0.00 0.00
13.13 13.17 13.21 13.25 13.30 13.35 13.41 13.47 13.53 13.59 13.65 13.72 13.79 13.86 13.93 14.00 14.07 14.14 42.72 46.13 50.31 36.61 0.00 0.00 0.00 0.00 14.59 14.62 14.65 14.68 46.06 54.96 44.22 14.81 14.85 14.88 14.92 14.96 14.82 40.82 14.90 14.94 15.05 15.09 15.14 15.19 15.24 15.29 15.34 15.39 15.44 15.49 15.55 15.53 15.58 15.64 15.77 15.82 15.88 15.92 15.90 15.95 16.00 16.06 16.11 16.17 41.09 16.35 16.41 16.45 16.50 16.54 16.67 16.71 16.66 44.02 0.00 0.00 0.00 0.00 0.00
13.20 13.24 13.28 13.33 13.38 13.44 13.50 13.56 13.62 13.69 13.75 13.82 13.89 13.96 14.03 14.10 14.17 46.05 43.08 43.14 14.42 0.00 0.00 0.00 0.00 0.00 1.12 14.68 44.18 54.92 44.18 14.79 14.82 14.86 14.89 14.93 14.96 15.00 14.93 40.89 14.94 15.05 15.02 15.13 15.18 15.23 15.28 15.33 15.38 15.43 15.41 15.46 15.59 40.06 15.62 15.67 15.81 15.86 15.91 15.96 16.01 16.06 16.12 16.09 16.14 16.09 16.14 16.38 16.43 16.48 16.52 16.56 16.69 44.38 16.68 42.05 0.00 0.00 0.00 0.00 0.00
13.27 13.31 13.36 13.41 13.47 13.53 13.59 13.65 13.71 13.78 13.85 13.92 13.99 14.06 14.13 46.22 42.86 46.26 43.31 14.45 0.00 0.00 0.00 0.00 0.00 0.00 0.00 0.00 0.00 0.00 1.05 47.41 14.87 14.90 14.94 14.97 15.01 15.05 14.97 14.94 15.05 15.02 15.06 15.11 15.22 15.27 15.32 15.37 15.25 15.30 15.53 15.58 15.63 15.61 15.66 15.71 15.76 15.90 15.95 16.00 16.05 16.10 16.15 16.21 16.17 16.12 16.17 15.11 16.46 16.58 16.63 44.32 50.66 36.13 14.35 1.19 0.00 0.00 0.00 0.00 0.00
13.35 13.39 13.44 13.50 13.55 13.61 13.67 13.74 13.80 13.87 13.94 14.01 14.08 42.55 39.87 53.97 0.52 0.00 0.00 0.00 0.00 0.00 0.00 0.00 0.00 0.00 0.00 0.00 0.00 0.00 0.00 14.89 14.92 14.95 14.98 15.02 15.06 15.10 15.02 15.05 15.09 15.13 15.11 15.15 15.27 15.32 15.29 15.34 15.39 15.34 15.39 15.44 15.67 15.73 15.70 40.34 15.80 15.93 15.98 43.10 16.08 16.13 16.18 16.24 16.10 48.67 41.47 41.50 16.48 41.54 41.55 41.55 41.53 0.00 0.00 0.00 0.00 0.00 0.00 0.00 0.00
13.42 13.47 13.53 13.58 13.64 13.70 13.76 13.83 13.89 13.96 14.03 42.41 48.16 0.52 0.00 0.00 0.00 0.00 0.00 0.00 0.00 0.00 0.00 0.00 0.00 0.00 0.00 0.00 0.00 0.00 0.00 0.00 14.96 48.41 48.50 15.07 15.11 15.15 14.91 14.94 14.98 15.18 15.22 15.19 15.24 15.29 15.34 15.46 15.51 15.56 15.61 15.49 15.54 15.77 15.74 42.38 40.47 15.97 16.02 16.07 16.12 16.17 16.22 16.08 16.13 0.00 0.00 0.00 0.00 0.00 0.00 0.00 0.00 0.00 0.00 0.00 0.00 0.00 0.00 0.00 0.00
13.51 13.56 13.61 13.66 13.72 13.78 13.85 13.91 13.98 14.04 14.11 42.63 0.00 0.00 0.00 0.00 0.00 0.00 0.00 0.00 0.00 0.00 0.00 0.00 0.00 0.00 0.00 0.00 0.00 0.00 0.00 0.00 0.00 49.01 47.96 45.13 45.24 15.20 14.95 14.99 15.03 15.06 15.27 15.24 15.29 15.41 15.46 15.51 15.56 15.61 15.66 15.53 39.76 39.86 15.68 14.65 28.92 40.77 43.05 16.10 41.20 16.20 16.25 16.11 0.00 0.00 0.00 0.00 0.00 0.00 0.00 0.00 0.00 0.00 0.00 0.00 0.00 0.00 0.00 0.00 0.00
13.59 13.64 13.69 13.75 13.81 13.87 13.93 13.99 14.06 14.12 46.22 14.25 0.00 0.00 0.00 0.00 0.00 0.00 0.00 0.00 0.00 0.00 0.00 0.00 0.00 0.00 0.00 0.00 0.00 0.00 0.00 0.00 0.00 0.00 37.06 55.78 45.38 55.98 15.00 15.04 15.08 15.27 15.32 15.29 15.41 15.46 15.50 15.56 15.61 15.66 15.70 41.63 47.43 30.69 35.01 0.00 0.00 0.00 0.00 41.16 16.19 16.04 40.59 0.00 0.00 0.00 0.00 0.00 0.00 0.00 0.00 0.00 0.00 0.00 0.00 0.00 0.00 0.00 0.00 0.00 0.00
13.67 13.72 13.78 13.83 13.89 13.95 14.01 14.07 14.13 14.20 42.95 0.00 0.00 0.00 0.00 0.00 0.00 0.00 0.00 0.00 0.00 0.00 0.00 0.00 0.00 0.00 0.00 0.00 0.00 0.00 0.00 0.00 0.00 0.00 49.12 51.68 45.86 15.32 15.21 15.08 15.29 15.16 15.20 15.34 15.38 15.51 15.55 15.61 15.65 42.42 42.48 42.56 14.59 0.00 0.00 0.00 0.00 0.00 0.00 0.00 1.05 1.05 0.00 0.00 0.00 0.00 0.00 0.00 0.00 0.00 0.00 0.00 0.00 0.00 0.00 0.00 0.00 0.00 0.00 0.00 0.00
