Model_calibration/output/post_prcessed_no_MFR/interception_annual.asc
NCOLS 350
NROWS 200
XLLCENTER 515000.000000
YLLCENTER 8409000.000000
CELLSIZE 100.000000
NODATA_value -999.000000
[rows 36 to 71 of 200, columns 162 to 242 of 350]
0.00 0.00 0.00 0.00 0.00 0.00 0.00 0.00 0.00 0.00 0.00 0.00 0.00 0.00 0.00 0.00 0.00 0.00 0.00 0.00 0.00 0.00 0.00 0.00 0.00 0.00 0.00 0.00 0.00 0.00 0.00 0.00 0.00 0.00 0.00 0.00 21.92 16.55 22.96 22.93 20.57 20.53 0.00 0.00 0.00 0.00 0.00 0.00 0.00 0.00 0.00 0.00 0.00 0.00 0.00 0.00 0.00 0.00 0.00 0.00 0.00 0.00 0.00 0.00 0.00 0.00 0.00 0.00 0.00 0.00 0.00 0.00 0.00 0.00 0.00 0.00 0.00 0.00 0.00 0.00 0.00
0.00 0.00 0.00 0.00 0.00 0.00 0.00 0.00 0.00 0.00 0.00 0.00 0.00 0.00 0.00 0.00 0.00 0.00 0.00 0.00 0.00 0.00 0.00 0.00 0.00 0.00 0.00 0.00 0.00 0.00 0.00 0.00 0.00 0.00 0.00 20.64 22.22 22.19 23.28 23.25 20.82 0.00 0.00 0.00 0.00 0.00 0.00 0.00 0.00 0.00 0.00 0.00 0.00 0.00 0.00 0.00 0.00 0.00 0.00 0.00 0.00 0.00 0.00 0.00 0.00 0.00 0.00 0.00 0.00 0.00 0.00 0.00 0.00 0.00 0.00 0.00 0.00 0.00 0.00 0.00 0.00
0.00 0.00 0.00 0.00 0.00 0.00 0.00 0.00 0.00 0.00 0.00 0.00 0.00 0.00 0.00 0.00 0.00 0.00 0.00 0.00 0.00 0.00 0.00 0.00 0.00 0.00 0.00 0.00 0.00 0.00 19.60 0.00 0.00 0.00 23.36 23.35 23.14 23.12 20.15 20.12 0.00 0.00 0.00 0.00 0.00 0.00 0.00 0.00 0.00 0.00 0.00 0.00 0.00 0.00 0.00 0.00 0.00 0.00 0.00 0.00 0.00 0.00 0.00 0.00 0.00 0.00 0.00 0.00 0.00 0.00 0.00 0.00 0.00 0.00 0.00 0.00 0.00 0.00 0.00 0.00 0.00
0.00 0.00 0.00 0.00 0.00 0.00 0.00 0.00 0.00 0.00 0.00 0.00 0.00 0.00 0.00 0.00 0.00 0.00 0.00 0.00 0.00 0.00 0.00 0.00 0.00 0.00 0.00 0.00 0.00 0.00 19.85 19.86 21.52 21.52 23.73 23.71 0.00 23.47 20.42 20.38 0.00 0.00 0.00 0.00 0.00 0.00 0.00 0.00 0.00 0.00 0.00 0.00 0.00 0.00 0.00 0.00 0.00 0.00 0.00 0.00 0.00 0.00 0.00 0.00 0.00 0.00 0.00 0.00 0.00 0.00 0.00 0.00 0.00 0.00 0.00 0.00 0.00 0.00 0.00 0.00 0.00
0.00 0.00 0.00 0.00 0.00 0.00 0.00 0.00 0.00 0.00 0.00 0.00 0.00 0.00 0.00 0.00 0.00 0.00 0.00 0.00 0.00 0.00 0.00 0.00 0.00 0.00 0.00 0.00 0.00 0.00 20.90 20.91 24.28 24.27 22.94 22.93 19.35 19.33 0.00 0.00 0.00 0.00 0.00 0.00 0.00 0.00 0.00 0.00 0.00 0.00 0.00 0.00 0.00 21.88 0.00 0.00 0.00 0.00 0.00 0.00 0.00 0.00 0.00 0.00 0.00 0.00 0.00 0.00 0.00 0.00 0.00 0.00 0.00 0.00 0.00 0.00 0.00 0.00 0.00 0.00 0.00
0.00 0.00 0.00 0.00 0.00 0.00 0.00 0.00 0.00 0.00 0.00 0.00 0.00 0.00 0.00 0.00 0.00 0.00 0.00 0.00 0.00 0.00 0.00 0.00 19.46 19.50 19.38 0.00 0.00 18.36 21.18 21.19 24.65 24.65 23.27 23.25 19.58 0.00 0.00 0.00 0.00 0.00 0.00 0.00 0.00 0.00 0.00 20.10 20.01 0.00 0.00 20.61 22.28 22.16 0.00 0.00 0.00 0.00 0.00 0.00 0.00 0.00 0.00 0.00 0.00 0.00 0.00 0.00 0.00 0.00 0.00 0.00 0.00 0.00 0.00 0.00 0.00 0.00 0.00 0.00 0.00
0.00 0.00 0.00 0.00 0.00 0.00 0.00 0.00 0.00 0.00 0.00 0.00 0.00 0.00 0.00 0.00 0.00 0.00 0.00 0.00 0.00 0.00 0.00 19.08 20.28 20.32 20.03 20.06 21.21 21.16 24.39 24.40 23.67 23.67 18.92 18.91 0.00 0.00 0.00 0.00 0.00 0.00 0.00 0.00 0.00 0.00 19.96 19.89 21.01 20.92 22.62 22.51 22.91 22.79 0.00 0.00 0.00 0.00 0.00 0.00 0.00 0.00 0.00 0.00 0.00 0.00 0.00 0.00 0.00 0.00 0.00 0.00 0.00 0.00 0.00 0.00 16.25 0.00 0.00 0.00 0.00
0.00 0.00 0.00 0.00 0.00 0.00 0.00 0.00 0.00 0.00 0.00 0.00 0.00 0.00 0.00 0.00 0.00 0.00 0.00 0.00 0.00 0.00 19.24 19.30 20.53 20.58 20.27 20.31 21.48 21.51 24.75 24.76 24.01 24.00 19.13 0.00 0.00 0.00 0.00 0.00 0.00 0.00 0.00 0.00 0.00 18.21 20.18 20.11 21.25 21.17 22.91 22.79 23.20 23.07 0.00 0.00 0.00 0.00 0.00 0.00 0.00 20.31 20.54 0.00 0.00 0.00 0.00 0.00 0.00 0.00 0.00 0.00 0.00 0.00 0.00 0.00 16.45 16.40 0.00 0.00 0.00
0.00 0.00 0.00 0.00 0.00 0.00 0.00 0.00 0.00 0.00 0.00 0.00 0.00 0.00 0.00 0.00 0.00 0.00 0.00 0.00 0.00 0.00 0.00 17.70 19.82 19.86 21.45 21.48 23.10 0.00 0.00 22.93 19.72 19.72 17.10 14.40 0.00 0.00 0.00 0.00 0.00 0.00 0.00 0.00 17.92 17.87 20.29 20.21 22.42 22.31 23.53 23.41 21.05 20.95 18.01 0.00 0.00 0.00 0.00 0.00 0.00 20.46 0.00 0.00 0.00 0.00 0.00 0.00 0.00 0.00 15.31 15.27 0.00 0.00 0.00 0.00 16.26 16.22 17.93 17.87 18.51
0.00 0.00 0.00 0.00 0.00 0.00 0.00 0.00 0.00 0.00 0.00 0.00 0.00 0.00 0.00 0.00 0.00 0.00 18.93 0.00 0.00 0.00 0.00 0.00 20.04 20.08 21.71 21.74 23.40 23.42 23.29 23.29 19.93 19.92 17.24 0.00 0.00 0.00 0.00 0.00 0.00 0.00 0.00 16.62 18.07 18.03 20.50 20.42 22.68 22.57 23.81 23.69 21.27 21.16 18.16 0.00 0.00 0.00 19.35 19.26 0.00 20.68 0.00 0.00 0.00 0.00 0.00 0.00 0.00 0.00 15.49 15.45 0.00 0.00 0.00 0.00 16.47 16.43 18.18 18.13 18.78
0.00 0.00 0.00 0.00 0.00 0.00 0.00 0.00 0.00 0.00 0.00 0.00 0.00 0.00 0.00 0.00 0.00 0.00 18.91 18.99 0.00 0.00 0.00 0.00 19.39 19.43 22.51 22.54 22.82 22.84 21.03 21.04 19.73 19.65 17.45 0.00 0.00 14.16 0.00 0.00 0.00 0.00 0.00 0.00 14.34 16.89 19.35 19.29 23.42 23.30 23.29 23.17 19.51 19.42 17.49 0.00 0.00 0.00 20.26 20.17 20.34 0.00 0.00 0.00 0.00 0.00 0.00 0.00 0.00 0.00 0.00 14.77 0.00 0.00 0.00 0.00 16.92 16.87 20.01 19.94 20.26
0.00 0.00 0.00 0.00 0.00 0.00 0.00 0.00 0.00 0.00 0.00 0.00 0.00 0.00 0.00 0.00 0.00 19.03 19.09 19.17 18.17 0.00 0.00 0.00 19.58 19.61 22.76 22.80 23.07 23.08 21.24 21.24 19.90 19.89 17.57 0.00 16.65 16.63 0.00 0.00 0.00 16.66 16.39 0.00 17.05 17.01 19.52 19.45 23.67 23.55 23.54 23.42 19.68 19.59 17.62 17.55 0.00 17.83 20.44 20.35 20.53 0.00 0.00 0.00 0.00 0.00 0.00 0.00 0.00 0.00 0.00 14.93 14.16 0.00 0.00 13.81 17.15 17.10 20.32 20.25 20.58
0.00 0.00 0.00 0.00 0.00 0.00 0.00 0.00 0.00 0.00 0.00 0.00 0.00 19.71 19.14 19.23 19.68 19.77 20.04 20.13 18.84 18.90 18.11 0.00 20.19 20.22 22.09 22.11 22.03 22.04 21.79 21.79 20.60 20.58 17.84 17.76 17.82 0.00 14.81 17.72 16.51 16.49 15.77 0.00 15.78 15.75 14.73 17.58 22.93 22.82 24.25 24.11 20.55 20.46 17.45 17.39 0.00 17.99 21.07 20.98 17.47 17.41 0.00 0.00 0.00 0.00 0.00 0.00 0.00 0.00 0.00 0.00 14.61 14.59 15.74 15.71 19.86 19.80 20.55 20.49 17.83
0.00 0.00 0.00 0.00 0.00 0.00 0.00 0.00 0.00 0.00 19.73 19.86 19.77 19.90 19.29 19.38 19.85 19.94 20.23 20.31 18.99 19.05 18.24 18.27 20.35 20.38 22.28 22.30 22.21 22.22 21.96 21.96 20.75 20.73 17.94 17.93 17.93 0.00 17.84 17.82 16.60 0.00 0.00 15.82 0.00 13.82 14.80 17.69 23.14 23.02 24.48 24.34 20.72 20.62 17.56 0.00 0.00 18.12 21.26 18.98 17.64 0.00 0.00 0.00 0.00 0.00 0.00 0.00 0.00 0.00 15.05 15.02 14.75 14.74 15.92 15.89 20.15 20.10 20.87 20.81 18.07
0.00 0.00 0.00 0.00 0.00 0.00 0.00 0.00 0.00 0.00 20.32 20.48 21.38 21.52 20.45 20.55 20.46 20.56 21.13 21.08 20.75 20.81 20.64 20.68 21.36 21.39 21.71 21.72 22.21 22.21 22.87 22.86 21.00 20.99 18.86 18.85 19.44 19.35 18.58 18.56 16.68 16.65 15.73 15.70 13.88 0.00 0.00 18.20 23.05 22.94 24.96 24.82 21.01 20.91 17.77 17.71 20.14 17.84 19.72 19.65 16.13 0.00 0.00 0.00 0.00 0.00 0.00 0.00 0.00 14.52 15.63 0.00 16.30 16.27 20.09 20.04 20.51 20.46 16.66 16.61 14.39
0.00 0.00 0.00 0.00 0.00 0.00 0.00 0.00 0.00 0.00 20.51 20.65 21.57 21.70 20.61 20.72 20.62 20.72 21.29 21.25 20.91 20.97 20.78 20.82 21.51 21.53 21.84 21.84 22.33 22.33 23.00 22.99 21.10 21.09 18.94 18.93 19.53 19.51 18.66 18.64 16.74 16.72 15.78 13.81 15.96 13.89 18.35 18.30 23.22 23.11 25.17 25.03 21.16 21.05 17.87 15.54 18.05 17.99 19.92 19.85 16.26 0.00 0.00 0.00 0.00 13.63 13.92 13.90 14.68 14.66 0.00 15.77 16.48 16.45 20.35 20.32 20.80 20.75 16.85 16.81 14.53
0.00 0.00 0.00 0.00 0.00 0.00 0.00 0.00 0.00 18.29 21.15 21.30 22.47 22.62 21.78 21.90 21.48 21.58 21.68 21.65 21.65 21.71 21.74 21.77 22.21 22.23 22.08 22.08 23.00 23.00 23.43 23.42 21.19 21.17 20.31 20.30 20.93 20.91 19.90 19.81 18.20 18.17 17.22 14.55 17.87 17.83 20.89 20.82 24.41 24.30 24.29 24.16 21.98 19.62 19.18 19.10 21.03 20.95 18.07 18.03 14.48 0.00 0.00 0.00 0.00 0.00 14.22 14.19 16.10 16.07 16.95 16.92 18.90 18.87 20.67 20.64 16.12 16.09 12.94 0.00 12.93
0.00 0.00 0.00 0.00 0.00 0.00 0.00 0.00 0.00 18.39 21.31 21.45 22.64 22.80 21.94 22.06 21.63 21.73 21.82 21.89 21.79 21.83 21.86 21.88 22.31 22.32 22.17 22.16 23.08 23.07 23.51 23.49 21.24 21.23 20.36 20.35 20.99 20.97 19.96 19.94 18.25 18.22 17.27 17.24 17.92 17.89 20.99 20.91 24.55 24.43 24.43 24.31 19.84 19.74 19.31 19.23 21.20 21.14 18.22 18.18 14.56 0.00 0.00 0.00 0.00 0.00 0.00 14.31 16.26 16.23 17.14 17.10 19.13 19.09 20.93 20.90 16.29 16.26 0.00 13.01 13.03
0.00 0.00 0.00 0.00 0.00 0.00 0.00 0.00 0.00 18.96 22.13 22.28 23.18 23.33 22.73 22.86 21.91 22.01 21.64 21.70 22.14 22.18 22.47 22.48 22.91 22.92 22.78 22.78 24.10 24.08 24.35 24.33 22.59 22.56 22.69 22.68 22.67 22.65 21.66 21.65 21.01 20.91 20.38 20.34 21.10 21.05 23.51 18.47 20.51 20.41 19.81 22.35 21.71 21.60 22.24 22.15 20.01 19.96 14.97 14.95 0.00 0.00 0.00 0.00 0.00 0.00 0.00 13.80 16.72 16.69 19.06 19.01 20.29 20.24 17.87 17.84 12.98 12.96 0.00 0.00 12.49
0.00 0.00 0.00 0.00 0.00 0.00 0.00 0.00 18.96 19.06 22.28 22.43 23.33 23.48 22.88 23.00 22.04 22.12 21.74 21.80 22.24 22.26 22.55 22.55 22.99 22.99 22.85 22.84 24.17 24.14 24.41 24.38 22.62 22.59 22.71 22.69 22.68 22.67 21.68 21.67 21.04 21.01 15.36 15.33 16.12 16.07 18.60 18.53 20.60 20.50 19.91 22.45 21.82 21.71 22.36 22.29 20.13 20.09 15.04 15.03 13.32 0.00 0.00 0.00 0.00 0.00 13.92 13.90 16.88 16.85 19.26 19.21 20.52 20.47 18.05 18.02 13.06 0.00 0.00 0.00 0.00
0.00 0.00 17.24 0.00 0.00 0.00 0.00 0.00 20.98 21.12 23.63 23.80 23.94 24.10 23.75 23.88 22.66 22.74 22.49 22.53 23.37 23.31 23.71 23.71 24.12 24.12 24.93 24.91 26.76 26.72 26.53 26.48 25.45 25.40 25.00 24.96 24.66 24.65 24.33 24.31 23.94 18.83 18.27 18.23 19.15 19.10 21.38 21.30 21.60 21.50 20.26 22.81 22.94 22.83 21.59 21.53 17.52 17.49 13.68 13.67 13.15 0.00 0.00 0.00 12.84 12.82 14.16 14.15 16.64 16.62 19.80 19.75 19.53 19.49 15.00 14.98 11.77 0.00 0.00 9.98 0.00
18.37 18.49 17.34 0.00 0.00 0.00 0.00 17.84 21.09 21.23 23.77 23.94 24.08 24.23 23.87 23.99 22.74 22.82 22.55 22.59 23.42 23.36 23.77 23.77 24.18 24.18 24.98 24.95 26.79 26.75 26.54 26.49 25.45 25.39 24.98 24.94 24.63 24.61 24.29 24.28 23.91 18.82 18.26 18.23 19.16 19.11 21.40 21.33 21.65 21.56 20.32 20.22 23.02 22.91 21.67 21.62 17.58 17.57 13.72 13.71 13.20 0.00 0.00 0.00 0.00 12.89 14.25 14.23 16.77 16.74 19.98 19.93 19.71 19.67 15.10 15.09 0.00 0.00 10.02 11.46 0.00
19.17 19.32 18.70 18.81 19.32 19.44 22.83 23.00 25.38 25.58 26.00 26.19 25.64 25.80 25.37 25.48 24.84 24.91 25.27 25.30 25.77 25.72 26.16 26.18 27.02 27.00 28.15 28.10 26.12 26.06 23.26 23.21 22.04 21.99 22.17 22.13 22.33 22.31 23.17 23.17 24.07 18.99 20.20 20.17 21.59 21.54 20.37 20.32 17.56 17.51 16.29 16.24 20.12 20.05 19.58 19.54 18.07 18.05 15.43 15.42 14.88 14.87 14.64 0.00 0.00 12.83 13.62 13.60 15.75 15.73 19.14 19.10 19.39 19.36 15.68 15.67 12.90 12.88 12.46 12.44 13.68
19.30 19.42 18.79 18.90 15.65 19.53 22.96 23.13 25.54 25.72 26.14 26.32 25.75 25.91 25.45 25.55 24.89 24.95 25.29 25.32 25.78 25.79 26.17 26.19 27.02 27.00 28.14 28.08 26.09 26.02 23.22 23.16 22.00 21.95 22.12 22.07 22.27 22.24 23.09 23.09 23.99 18.93 20.14 20.12 21.54 21.51 20.35 20.30 17.56 17.51 16.31 16.26 17.48 20.09 19.63 19.59 18.11 18.10 15.47 15.46 14.92 14.92 14.69 13.06 12.89 12.88 13.67 13.66 15.84 15.82 19.27 19.23 19.54 19.51 15.78 15.76 12.96 12.94 12.51 12.48 13.74
20.73 20.87 23.25 23.43 26.15 26.37 27.59 27.82 26.39 26.58 25.53 25.69 25.01 25.14 24.59 24.68 25.20 25.24 25.61 25.62 25.92 25.93 26.11 26.11 25.39 25.37 22.74 22.70 19.01 18.97 17.10 17.07 16.63 16.61 17.43 17.40 17.82 17.81 18.93 18.93 20.81 15.71 18.47 18.46 18.29 18.26 14.10 14.08 11.73 11.71 11.91 11.89 12.84 15.52 16.58 16.56 18.50 18.49 18.81 18.81 16.83 16.83 15.11 13.47 0.00 12.91 14.31 14.30 16.53 16.51 18.57 18.53 18.68 18.65 17.32 17.30 15.83 15.80 14.91 14.87 16.78
20.85 20.98 23.39 23.56 26.32 26.53 27.75 27.97 26.52 26.70 25.63 25.78 25.09 25.20 24.64 24.71 25.22 25.26 25.61 25.61 25.89 25.90 26.14 26.06 25.33 25.30 22.69 22.64 18.97 18.92 17.06 17.03 16.59 0.00 17.38 17.35 17.76 17.75 18.86 18.86 15.63 15.64 18.38 18.38 18.21 18.20 14.07 14.06 11.72 11.70 11.91 11.89 12.85 15.53 16.60 16.58 18.52 18.51 18.84 18.85 16.87 16.87 15.14 0.00 0.00 12.94 14.36 14.35 16.60 16.58 18.66 18.63 18.78 18.75 17.41 17.39 15.90 15.87 14.97 14.93 16.85
20.60 25.08 27.92 28.15 25.83 26.03 22.42 22.56 21.37 21.48 21.37 21.47 20.97 21.04 20.97 21.02 21.60 21.61 22.36 22.35 22.35 22.34 21.89 21.81 20.88 20.85 18.51 18.48 16.69 16.65 16.01 15.99 0.00 0.00 0.00 16.11 16.44 16.42 17.31 17.31 14.03 14.04 15.55 15.56 14.71 14.70 12.13 12.13 10.35 10.34 9.88 9.87 0.00 0.00 13.72 13.71 15.69 15.69 18.97 18.98 19.14 19.15 15.17 15.17 0.00 0.00 14.96 14.95 16.20 16.19 17.21 17.19 18.47 18.45 19.05 19.01 18.25 18.20 18.54 18.47 20.36
20.75 20.93 28.10 28.32 25.97 26.16 22.52 22.65 21.44 21.54 21.43 21.52 21.02 21.08 21.00 21.04 21.61 21.62 22.35 22.33 22.32 22.31 21.85 21.75 20.82 20.78 18.45 18.41 16.64 0.00 0.00 0.00 0.00 0.00 0.00 0.00 0.00 0.00 17.23 17.24 13.95 13.96 15.46 15.47 14.63 14.64 12.09 0.00 0.00 0.00 0.00 0.00 0.00 0.00 0.00 0.00 15.70 0.00 18.98 18.99 19.15 19.16 15.18 15.19 14.17 0.00 14.99 14.98 16.24 16.23 17.26 17.24 18.54 18.52 19.11 19.08 18.31 18.25 18.59 18.51 20.41
23.23 23.44 24.71 24.87 19.76 19.86 18.52 0.00 18.72 18.79 18.91 0.00 0.00 0.00 19.17 19.19 19.98 19.98 20.43 20.40 20.28 20.26 19.63 19.60 18.95 18.92 18.01 0.00 0.00 0.00 0.00 0.00 0.00 0.00 0.00 0.00 0.00 0.00 0.00 0.00 0.00 13.29 13.72 13.73 12.99 0.00 11.53 11.53 10.42 0.00 0.00 0.00 0.00 0.00 0.00 13.22 14.73 0.00 14.06 18.03 20.68 0.00 18.04 18.05 15.15 15.15 0.00 14.53 15.18 15.17 16.48 16.47 18.37 18.34 20.24 20.19 20.79 20.71 20.62 20.52 19.52
23.39 23.59 20.53 24.99 19.82 19.92 0.00 0.00 18.76 0.00 0.00 0.00 0.00 0.00 19.19 19.22 20.00 19.99 20.43 20.40 0.00 0.00 19.59 19.55 0.00 0.00 0.00 0.00 0.00 0.00 0.00 0.00 0.00 0.00 0.00 0.00 0.00 0.00 0.00 0.00 0.00 0.00 13.64 10.77 0.00 12.93 0.00 0.00 0.00 0.00 0.00 0.00 0.00 0.00 0.00 13.22 14.73 14.73 18.02 18.03 0.00 0.00 0.00 18.05 15.15 15.16 14.54 14.54 15.19 15.19 16.50 16.49 18.40 18.37 20.27 20.21 20.81 20.73 20.63 20.52 19.52
22.06 22.23 16.57 0.00 0.00 0.00 0.00 0.00 0.00 0.00 0.00 0.00 0.00 0.00 0.00 0.00 0.00 0.00 0.00 0.00 0.00 0.00 0.00 0.00 0.00 0.00 0.00 0.00 0.00 0.00 0.00 0.00 0.00 0.00 0.00 0.00 0.00 0.00 0.00 0.00 0.00 0.00 0.00 0.00 0.00 0.00 0.00 0.00 0.00 0.00 0.00 0.00 0.00 10.33 11.15 13.88 16.04 16.04 19.67 19.69 0.00 0.00 0.00 20.13 17.07 17.08 16.96 16.96 16.70 16.69 17.80 17.79 19.27 19.23 20.86 20.80 21.02 20.93 19.09 18.99 17.54
22.22 22.38 16.65 16.74 0.00 0.00 0.00 0.00 0.00 0.00 0.00 0.00 0.00 0.00 0.00 0.00 0.00 0.00 0.00 0.00 0.00 0.00 0.00 0.00 0.00 0.00 0.00 0.00 0.00 0.00 0.00 0.00 0.00 0.00 0.00 0.00 0.00 0.00 0.00 0.00 0.00 0.00 0.00 0.00 0.00 0.00 0.00 0.00 0.00 0.00 0.00 0.00 10.31 10.31 11.13 11.14 16.02 16.03 19.66 0.00 0.00 0.00 0.00 20.13 17.07 17.08 16.96 16.96 16.70 16.70 17.80 17.79 19.27 19.22 20.84 20.77 20.99 20.89 19.05 18.94 17.49
20.30 20.44 14.31 14.37 0.00 0.00 0.00 0.00 0.00 0.00 0.00 0.00 0.00 0.00 0.00 0.00 0.00 0.00 0.00 0.00 0.00 0.00 0.00 0.00 0.00 0.00 0.00 0.00 0.00 0.00 0.00 0.00 0.00 0.00 0.00 0.00 0.00 0.00 0.00 0.00 0.00 0.00 0.00 0.00 0.00 0.00 0.00 0.00 0.00 0.00 0.00 11.16 12.26 12.28 13.74 13.76 19.11 19.13 22.61 0.00 0.00 0.00 0.00 0.00 0.00 0.00 0.00 18.36 17.46 17.45 18.79 18.77 19.47 19.42 20.49 20.41 20.36 20.26 18.94 18.83 17.94
20.47 20.61 14.39 14.44 0.00 0.00 0.00 0.00 0.00 0.00 0.00 0.00 0.00 0.00 0.00 0.00 0.00 0.00 0.00 0.00 0.00 0.00 0.00 0.00 0.00 0.00 0.00 0.00 0.00 0.00 0.00 0.00 0.00 0.00 0.00 0.00 0.00 0.00 0.00 0.00 0.00 0.00 0.00 0.00 0.00 0.00 0.00 0.00 0.00 0.00 0.00 11.12 12.21 12.24 13.69 13.72 0.00 0.00 0.00 0.00 0.00 0.00 0.00 0.00 0.00 0.00 0.00 18.33 17.43 17.42 18.75 18.72 19.42 19.37 20.42 20.34 20.27 20.17 18.86 18.73 17.85
17.69 17.79 12.89 12.93 0.00 0.00 0.00 0.00 0.00 0.00 0.00 0.00 0.00 0.00 0.00 0.00 0.00 0.00 0.00 0.00 0.00 0.00 0.00 0.00 0.00 0.00 0.00 0.00 0.00 0.00 0.00 0.00 0.00 0.00 0.00 0.00 0.00 0.00 0.00 0.00 0.00 0.00 0.00 0.00 0.00 0.00 0.00 0.00 0.00 0.00 12.50 12.53 13.69 13.73 15.98 16.02 20.35 23.04 0.00 0.00 0.00 0.00 0.00 0.00 0.00 18.40 17.56 17.57 18.06 18.05 18.97 18.93 19.34 19.29 20.16 20.07 19.45 19.34 19.44 19.31 19.19
17.82 17.92 12.95 0.00 0.00 0.00 0.00 0.00 0.00 18.00 19.00 0.00 0.00 0.00 0.00 0.00 0.00 0.00 0.00 0.00 0.00 0.00 0.00 0.00 0.00 0.00 0.00 0.00 0.00 0.00 0.00 0.00 0.00 0.00 0.00 0.00 0.00 0.00 0.00 0.00 0.00 0.00 0.00 0.00 0.00 0.00 0.00 0.00 0.00 0.00 12.43 12.47 0.00 0.00 15.88 15.93 20.22 20.29 23.93 23.99 21.76 0.00 0.00 0.00 0.00 0.00 17.50 17.50 17.99 17.97 18.88 18.84 19.24 19.18 20.04 19.95 19.32 19.21 19.30 19.16 19.04
