Model_calibration/output/post_prcessed_no_MFR/net_infiltration_annual (1).asc
NCOLS 350
NROWS 200
XLLCENTER 515000.000000
YLLCENTER 8409000.000000
CELLSIZE 100.000000
NODATA_value -999.000000
[rows 35 to 69 of 200, columns 234 to 311 of 350]
0.00 0.00 0.00 0.00 0.00 0.00 0.00 0.00 0.00 0.00 0.00 0.00 0.00 0.00 0.00 0.00 0.00 0.00 0.00 0.00 0.00 0.00 0.00 0.00 0.00 0.00 0.00 0.00 0.00 0.00 0.00 0.00 0.00 0.00 0.00 0.00 0.00 0.00 0.00 0.00 0.00 0.00 0.00 0.00 0.00 0.00 0.00 0.00 0.00 0.00 0.00 0.00 0.00 0.00 0.00 0.00 0.00 0.00 0.00 0.00 0.00 0.00 0.00 0.00 0.00 0.00 0.00 0.00 0.00 0.00 0.00 0.00 0.00 0.00 0.00 0.00 0.00 0.00
0.00 0.00 0.00 0.00 0.00 0.00 0.00 0.00 0.00 0.00 0.00 0.00 0.00 0.00 0.00 0.00 0.00 0.00 0.00 0.00 0.00 0.00 0.00 0.00 0.00 0.00 0.00 0.00 0.00 0.00 0.00 0.00 0.00 0.00 0.00 0.00 0.00 0.00 0.00 0.00 0.00 0.00 0.00 0.00 0.00 0.00 0.00 0.00 0.00 0.00 0.00 0.00 0.00 0.00 0.00 0.00 0.00 0.00 0.00 0.00 0.00 0.00 0.00 0.00 0.00 0.00 0.00 0.00 0.00 0.00 0.00 0.00 0.00 0.00 0.00 0.00 0.00 0.00
0.00 0.00 0.00 0.00 0.00 0.00 0.00 0.00 0.00 0.00 0.00 0.00 0.00 0.00 0.00 0.00 0.00 0.00 0.00 0.00 0.00 0.00 0.00 0.00 0.00 0.00 0.00 0.00 0.00 0.00 0.00 0.00 0.00 0.00 0.00 0.00 0.00 0.00 0.00 0.00 0.00 0.00 0.00 0.00 0.00 0.00 0.00 0.00 0.00 0.00 0.00 0.00 0.00 0.00 0.00 0.00 0.00 0.00 0.00 0.00 0.00 0.00 0.00 0.00 0.00 0.00 0.00 0.00 0.00 0.00 0.00 0.00 0.00 0.00 0.00 0.00 0.00 0.00
0.00 0.00 0.00 0.00 0.00 0.00 0.00 0.00 0.00 0.00 0.00 0.00 0.00 0.00 0.00 0.00 0.00 0.00 0.00 0.00 0.00 0.00 0.00 0.00 0.00 0.00 0.00 0.00 0.00 0.00 0.00 0.00 0.00 0.00 0.00 0.00 0.00 0.00 0.00 0.00 0.00 0.00 0.00 0.00 0.00 0.00 0.00 0.00 0.00 0.00 0.00 0.00 0.00 0.00 0.00 0.00 0.00 0.00 0.00 0.00 0.00 0.00 0.00 0.00 0.00 0.00 0.00 0.00 0.00 0.00 0.00 0.00 0.00 0.00 0.00 0.00 0.00 0.00
0.00 0.00 0.00 0.00 0.00 0.00 0.00 0.00 0.00 0.00 0.00 0.00 0.00 0.00 0.00 0.00 0.00 0.00 0.00 0.00 0.00 0.00 0.00 0.00 0.00 0.00 0.00 0.00 0.00 0.00 0.00 0.00 0.00 0.00 0.00 0.00 0.00 0.00 0.00 0.00 0.00 0.00 0.00 0.00 0.00 0.00 0.00 0.00 0.00 0.00 0.00 0.00 0.00 0.00 0.00 0.00 0.00 0.00 0.00 0.00 0.00 0.00 0.00 0.00 0.00 0.00 0.00 0.00 0.00 0.00 0.00 0.00 0.00 0.00 0.00 0.00 0.00 0.00
0.00 0.00 0.00 0.00 0.00 0.00 0.00 0.00 0.00 0.00 0.00 0.00 0.00 0.00 0.00 0.00 0.00 0.00 0.00 0.00 0.00 0.00 0.00 0.00 0.00 0.00 0.00 0.00 0.00 0.00 0.00 0.00 0.00 0.00 0.00 0.00 0.00 0.00 0.00 0.00 0.00 0.00 0.00 0.00 0.00 0.00 0.00 0.00 0.00 0.00 0.00 0.00 0.00 0.00 0.00 0.00 0.00 0.00 0.00 0.00 0.00 0.00 0.00 0.00 0.00 0.00 0.00 0.00 0.00 0.00 0.00 0.00 24.98 0.00 0.00 0.00 0.00 0.00
0.00 0.00 0.00 0.00 36.78 0.00 0.00 0.00 0.00 0.00 0.00 0.00 0.00 0.00 0.00 0.00 0.00 0.00 0.00 0.00 0.00 0.00 0.00 0.00 0.00 0.00 0.00 0.00 0.00 0.00 0.00 0.00 0.00 0.00 0.00 0.00 0.00 0.00 0.00 0.00 0.00 0.00 0.00 0.00 0.00 0.00 0.00 0.00 0.00 0.00 0.00 0.00 0.00 0.00 0.00 0.00 0.00 0.00 0.00 0.00 0.00 0.00 0.00 0.00 0.00 0.00 0.00 0.00 0.00 0.00 0.00 0.00 79.04 56.18 0.00 0.00 0.00 0.00
0.00 0.00 0.00 0.00 74.50 0.00 0.00 0.00 0.00 0.00 70.23 68.55 0.00 0.00 0.00 0.00 0.00 0.00 0.00 0.00 0.00 0.00 0.00 0.00 0.00 0.00 0.00 0.00 0.00 0.00 0.00 0.00 0.00 0.00 0.00 0.00 0.00 0.00 0.00 0.00 0.00 0.00 0.00 0.00 0.00 0.00 0.00 0.00 0.00 0.00 0.00 0.00 0.00 0.00 0.00 0.00 0.00 0.00 0.00 0.00 0.00 0.00 0.00 0.00 0.00 0.00 0.00 0.00 0.00 0.00 0.00 70.15 78.99 78.93 59.90 54.30 79.58 22.81
0.00 0.00 0.00 0.00 76.11 75.85 0.00 0.00 0.00 73.42 72.15 70.67 0.00 0.00 0.00 0.00 67.89 67.32 0.00 0.00 0.00 0.00 0.00 0.00 0.00 0.00 0.00 0.00 0.00 0.00 0.00 0.00 0.00 0.00 0.00 0.00 0.00 0.00 0.00 0.00 0.00 0.00 0.00 0.00 0.00 0.00 0.00 0.00 0.00 0.00 0.00 0.00 0.00 0.00 0.00 0.00 0.00 0.00 0.00 0.00 0.00 0.00 0.00 0.00 0.00 0.00 0.00 0.00 0.00 22.81 85.38 61.77 56.99 56.93 80.02 80.50 56.84 56.55
41.54 0.00 0.00 0.00 84.43 78.04 82.46 76.26 75.26 80.27 74.18 72.85 73.27 0.00 0.00 70.88 69.52 69.16 73.15 0.00 0.00 0.00 0.00 0.00 0.00 0.00 0.00 0.00 0.00 0.00 0.00 0.00 0.00 0.00 0.00 0.00 0.00 0.00 0.00 0.00 0.00 0.00 0.00 0.00 0.00 0.00 0.00 0.00 0.00 0.00 0.00 0.00 0.00 0.00 0.00 0.00 0.00 0.00 0.00 0.00 0.00 0.00 0.00 0.00 0.00 0.00 0.00 0.00 0.00 64.65 62.15 58.42 57.41 57.34 57.34 57.18 56.93 56.63
0.00 0.00 0.00 0.00 80.66 80.22 78.45 78.03 77.03 82.51 76.26 75.07 75.34 74.60 73.77 73.07 71.65 70.84 70.69 0.00 0.00 0.00 0.00 0.00 0.00 0.00 0.00 0.00 0.00 0.00 0.00 0.00 0.00 0.00 0.00 0.00 0.00 0.00 0.00 0.00 0.00 0.00 0.00 0.00 0.00 0.00 0.00 0.00 0.00 0.00 0.00 0.00 0.00 0.00 0.00 0.00 0.00 0.00 0.00 0.00 0.00 0.00 0.00 0.00 15.81 0.00 0.00 0.00 28.82 66.87 59.04 59.18 58.12 58.07 58.03 57.87 61.64 57.29
0.00 0.00 0.00 0.00 89.25 82.32 79.55 85.59 86.18 77.79 78.79 77.59 78.26 77.52 77.45 76.95 75.49 74.59 0.00 0.00 0.00 0.00 0.00 0.00 0.00 0.00 0.00 0.00 0.00 0.00 0.00 0.00 0.00 0.00 0.00 0.00 0.00 0.00 0.00 0.00 0.00 0.00 0.00 0.00 0.00 0.00 0.00 0.00 0.00 0.00 0.00 0.00 0.00 0.00 0.00 0.00 0.00 0.00 0.00 0.00 0.00 0.00 0.00 0.00 55.09 54.17 71.66 31.54 57.63 58.32 64.55 59.75 58.70 58.63 58.64 58.40 59.64 59.27
88.08 0.00 0.00 108.98 96.36 84.60 81.81 81.35 87.38 80.01 81.00 79.86 80.54 87.78 105.94 0.00 0.00 0.00 0.00 0.00 0.00 0.00 0.00 0.00 0.00 0.00 0.00 0.00 0.00 0.00 0.00 0.00 65.11 0.00 0.00 0.00 0.00 0.00 0.00 0.00 0.00 0.00 0.00 0.00 0.00 0.00 0.00 0.00 0.00 0.00 0.00 0.00 0.00 0.00 0.00 0.00 0.00 0.00 0.00 0.00 0.00 0.00 0.00 0.00 52.60 42.72 45.19 49.35 62.19 57.65 51.78 60.42 59.25 59.13 59.11 58.97 60.07 59.78
89.98 89.63 112.27 118.08 85.58 85.13 84.14 83.70 85.05 84.46 85.36 84.84 101.94 113.64 0.00 0.00 0.00 0.00 0.00 0.00 0.00 0.00 0.00 0.00 0.00 0.00 0.00 0.00 0.00 0.00 0.00 66.75 66.38 0.00 0.00 0.00 0.00 0.00 0.00 0.00 0.00 0.00 0.00 0.00 0.00 0.00 0.00 0.00 0.00 0.00 0.00 0.00 0.00 0.00 0.00 0.00 0.00 0.00 0.00 0.00 0.00 0.00 0.00 53.12 52.88 45.01 48.86 53.09 52.77 52.86 52.13 52.19 59.84 59.73 34.19 60.24 61.30 32.76
104.94 91.82 103.23 97.00 87.57 87.16 86.36 85.97 86.80 86.52 87.58 122.10 112.95 28.80 0.00 0.00 0.00 0.00 0.00 0.00 0.00 0.00 0.00 0.00 0.00 0.00 0.00 71.56 70.34 69.82 72.74 54.22 67.72 67.24 0.00 0.00 0.00 0.00 0.00 0.00 0.00 0.00 0.00 63.80 0.00 0.00 0.00 0.00 0.00 0.00 0.00 0.00 0.00 0.00 0.00 0.00 0.00 0.00 0.00 0.00 0.00 0.00 53.42 53.61 53.41 45.59 52.81 62.96 53.25 53.35 59.52 52.54 51.83 60.27 34.16 60.62 61.78 33.09
106.47 106.11 90.16 97.04 89.15 88.81 90.93 102.83 91.41 90.81 125.81 20.02 49.08 0.00 0.00 0.00 0.00 0.00 0.00 0.00 0.00 0.00 0.00 0.00 0.00 0.00 78.43 95.67 93.95 45.81 69.77 69.34 69.70 69.36 69.13 68.56 68.04 41.87 0.00 0.00 0.00 0.00 0.00 66.08 61.68 86.51 22.81 0.00 0.00 0.00 0.00 0.00 0.00 0.00 0.00 0.00 0.00 0.00 0.00 0.00 0.00 0.00 0.00 57.65 53.73 53.93 46.31 62.76 53.04 53.26 56.30 53.09 52.55 35.09 34.49 61.28 69.78 33.38
108.81 113.29 92.22 91.96 91.29 90.94 93.10 105.55 130.19 128.78 16.24 18.60 25.54 37.24 0.00 0.00 0.00 0.00 0.00 0.00 0.00 0.00 0.00 0.00 0.00 76.94 98.01 97.12 89.85 65.96 71.08 70.43 70.92 70.41 70.14 69.63 69.18 68.69 72.51 0.00 0.00 0.00 0.00 99.87 68.88 64.76 90.78 78.48 78.28 26.80 28.80 0.00 0.00 0.00 0.00 0.00 0.00 0.00 0.00 0.00 0.00 0.00 0.00 54.84 54.19 54.39 53.73 58.59 53.52 53.64 53.63 56.77 52.97 29.22 61.98 61.63 61.99 61.47
109.80 120.67 94.27 94.02 110.36 109.88 111.95 106.94 119.86 95.75 83.43 26.86 20.76 121.08 125.01 25.47 0.00 0.00 0.00 0.00 0.00 0.00 105.50 104.36 78.99 100.69 75.23 74.26 91.64 68.65 51.89 72.19 72.29 71.73 71.15 70.57 69.60 69.08 69.11 68.84 0.00 0.00 63.95 68.58 66.03 65.67 64.73 56.06 56.38 61.38 31.41 57.48 22.81 0.00 0.00 0.00 0.00 0.00 0.00 0.00 0.00 0.00 0.00 56.19 54.94 55.15 54.21 54.37 53.81 53.93 53.79 53.79 53.11 29.43 52.67 60.94 61.04 60.51
111.36 123.58 96.24 109.76 112.25 111.78 122.52 122.39 121.76 95.28 119.43 106.06 105.16 93.32 97.28 92.27 84.99 26.14 29.46 26.14 119.14 108.17 84.16 105.17 103.19 79.27 76.14 75.46 93.68 71.70 48.17 58.03 73.34 72.76 83.30 71.22 75.14 70.03 70.06 69.65 1.33 0.00 66.54 69.34 66.94 66.50 65.57 56.87 57.13 62.33 66.09 63.42 55.64 46.31 54.59 53.69 0.00 0.00 0.00 0.00 0.00 0.00 0.00 57.15 55.22 55.39 54.43 54.56 54.00 54.14 53.94 54.01 56.21 53.07 52.88 58.62 61.22 64.87
98.13 105.46 99.03 98.80 101.64 101.26 95.09 71.17 123.48 108.07 112.13 109.40 106.83 93.78 92.77 91.93 92.73 81.57 81.62 102.80 91.92 85.80 82.81 81.62 79.28 78.14 77.18 98.46 99.86 72.41 47.47 58.73 58.29 57.73 76.49 75.84 71.00 70.47 70.82 70.42 76.09 35.12 33.37 100.53 67.89 67.41 65.91 57.15 67.32 62.18 62.08 56.59 55.27 54.94 57.68 54.07 55.20 0.00 0.00 0.00 0.00 0.00 0.00 0.00 61.32 56.78 56.24 56.34 54.86 55.01 53.17 53.20 52.13 51.96 52.84 52.64 53.39 61.44
99.97 99.60 100.85 100.62 102.92 128.16 98.43 119.30 86.31 71.88 99.19 125.27 108.56 104.39 94.01 93.34 94.03 104.24 107.49 90.88 87.49 87.06 84.61 55.02 85.33 102.59 102.23 100.46 99.87 76.41 75.90 59.31 58.65 73.96 72.66 72.06 71.35 70.84 71.52 71.12 74.15 87.13 89.09 94.34 68.43 67.95 66.55 57.37 57.79 62.74 64.43 57.10 55.75 55.40 54.76 58.62 56.34 0.00 0.00 0.00 0.00 0.00 0.00 34.12 34.94 57.71 56.43 56.48 54.96 55.04 53.10 53.24 52.19 52.13 52.89 52.56 53.33 52.85
102.44 102.07 104.01 103.78 103.74 123.23 74.55 122.22 95.11 94.30 72.61 97.89 103.15 101.41 94.80 94.39 107.20 105.82 103.05 96.27 93.93 85.64 82.93 87.78 81.17 79.92 80.12 73.47 94.31 79.78 88.46 59.46 79.08 73.66 72.77 76.76 72.74 64.76 72.30 71.89 94.86 98.93 70.50 75.34 68.70 72.41 67.03 57.77 63.06 64.34 57.10 59.38 58.74 54.93 60.43 55.30 59.54 0.00 0.00 0.00 0.00 0.00 0.00 152.54 15.96 66.59 62.28 57.03 59.74 54.36 51.74 51.88 52.65 52.65 54.94 54.56 55.00 54.49
103.94 103.64 104.87 104.63 108.93 109.06 111.89 103.59 96.79 95.95 89.02 99.36 96.12 96.65 96.09 94.86 108.30 111.69 92.75 91.56 87.00 91.02 83.68 82.30 81.12 79.84 79.33 78.79 84.73 83.87 83.23 75.59 79.39 69.12 100.64 95.46 96.64 96.11 72.76 72.35 95.29 72.06 70.98 70.52 68.82 68.74 67.36 58.18 63.51 57.61 57.43 57.08 55.71 55.35 55.95 60.71 59.04 26.14 25.47 24.14 84.62 80.04 76.66 35.45 38.28 46.88 61.85 62.33 54.31 54.28 51.60 51.60 52.51 52.51 54.81 54.44 54.86 54.36
104.79 104.82 104.54 141.04 124.42 131.07 123.55 104.41 103.52 120.54 118.52 100.00 96.95 95.80 96.58 95.27 106.92 93.72 89.95 88.43 86.70 85.23 85.04 83.86 83.32 81.94 80.90 79.70 78.64 77.59 76.46 98.55 97.99 74.60 74.38 73.86 73.65 96.61 95.55 76.96 94.84 94.40 93.75 70.53 69.17 68.77 67.27 58.06 57.47 57.26 56.87 56.52 58.83 55.90 56.89 61.82 56.91 63.90 24.89 60.08 61.44 58.78 73.92 52.60 64.22 62.76 65.07 60.56 55.77 52.50 51.59 51.56 53.48 53.28 54.89 54.56 54.67 54.18
105.13 104.85 105.88 105.61 106.95 106.53 106.24 115.15 104.13 103.34 119.85 101.05 97.95 96.73 95.84 102.08 94.75 94.01 90.57 88.95 87.11 85.61 85.37 84.10 83.55 82.11 81.04 79.77 78.69 77.61 76.48 75.75 75.20 74.60 74.41 73.88 73.70 73.24 72.86 95.34 95.68 66.76 67.43 70.81 69.45 69.05 72.84 58.31 57.73 57.25 57.10 56.74 56.51 56.20 56.93 62.22 57.23 44.00 29.68 50.72 47.87 26.48 26.30 57.28 62.94 56.47 55.65 57.81 55.65 52.31 51.34 51.37 53.25 53.02 54.58 54.26 54.39 53.90
105.91 105.64 115.90 105.90 106.41 105.94 105.93 105.26 103.29 103.37 102.49 100.27 98.02 96.75 96.26 94.85 99.45 97.67 90.70 89.01 89.14 87.52 87.23 86.56 85.12 83.91 82.35 81.08 79.77 78.69 77.76 76.92 76.31 75.73 75.57 75.05 74.55 74.19 96.11 95.78 86.05 95.19 70.86 70.48 68.92 68.46 67.19 60.87 57.77 57.29 57.57 57.22 57.33 57.03 56.60 56.44 57.49 43.48 49.68 48.12 51.20 30.43 72.19 63.62 55.58 55.40 53.63 53.41 55.40 52.06 52.18 52.16 53.36 53.18 53.87 53.44 53.25 52.76
106.92 106.64 107.17 106.87 117.09 106.84 106.78 115.74 104.05 103.13 103.04 100.89 98.58 97.24 96.14 95.16 93.55 92.39 90.80 89.06 89.14 87.42 87.09 86.39 84.92 83.63 82.10 80.77 79.47 78.36 85.56 68.13 76.04 75.44 75.29 74.78 74.37 67.14 87.31 67.20 97.30 71.63 70.80 70.48 68.87 68.46 67.21 58.05 57.80 57.37 57.64 57.28 57.37 57.10 56.71 56.56 57.55 63.13 57.97 65.78 47.81 50.79 81.43 62.08 55.39 55.19 31.57 53.80 51.99 51.70 51.89 51.72 52.88 52.75 53.37 52.94 52.88 52.54
106.07 105.83 117.07 106.69 106.68 106.17 105.29 104.56 103.98 103.74 102.16 99.87 98.40 96.98 95.54 95.53 94.76 93.57 93.05 91.50 90.74 88.98 87.32 86.55 84.97 83.74 91.51 90.60 80.60 78.82 88.22 74.73 85.94 79.38 70.80 73.53 91.78 96.56 77.48 72.71 72.37 72.07 71.02 70.67 68.45 68.06 67.01 57.85 58.13 57.70 57.41 57.03 57.03 56.76 56.95 56.79 57.01 62.48 56.64 60.05 56.67 49.84 83.14 55.14 54.17 54.05 46.30 54.21 29.44 52.38 52.02 51.81 52.81 52.65 52.96 52.54 52.31 51.89
106.44 106.45 107.65 107.26 125.13 106.63 115.69 113.96 104.29 104.03 102.35 99.97 98.44 97.00 95.49 95.40 94.54 93.25 92.69 91.09 90.24 88.42 86.75 85.91 84.59 88.72 81.81 91.76 95.53 114.52 34.48 104.44 56.29 33.21 84.01 98.90 97.71 73.26 72.54 79.43 79.72 78.79 77.56 70.40 68.53 68.20 66.76 57.68 57.94 57.52 57.24 56.89 56.87 56.59 56.76 56.59 56.81 56.60 56.40 56.16 62.57 61.58 80.25 52.44 53.79 53.60 53.34 53.05 52.18 51.85 51.49 51.30 52.25 52.07 52.39 52.21 51.64 54.20
107.03 106.78 107.44 107.01 106.10 105.45 104.70 103.87 103.40 102.88 103.33 100.98 99.40 97.86 97.11 96.47 95.68 94.48 93.65 91.99 90.23 98.88 85.91 85.09 83.77 82.16 81.08 70.04 98.68 33.53 33.15 0.00 0.00 0.00 0.00 98.94 72.66 72.38 96.14 88.86 68.79 59.34 76.90 69.78 68.32 71.77 67.04 57.98 50.13 59.52 57.22 56.75 59.35 56.48 59.33 65.05 56.54 56.32 56.07 55.78 57.65 77.57 77.36 54.31 54.78 54.36 53.75 53.43 51.78 51.58 50.78 50.72 52.02 51.85 52.26 26.30 51.14 50.76
107.29 107.03 107.63 107.16 106.20 105.51 104.70 103.79 103.29 102.70 103.10 100.66 99.00 97.40 96.60 95.86 95.02 93.74 92.83 91.11 100.08 97.81 95.67 84.36 82.77 81.20 73.22 47.45 66.99 115.26 0.00 0.00 0.00 0.00 0.00 23.48 95.29 66.01 43.01 65.73 107.72 71.04 77.51 73.55 67.84 67.67 71.88 57.54 49.68 57.01 56.78 61.84 56.41 58.56 56.33 56.13 56.10 55.86 55.56 55.38 54.62 54.21 53.18 53.76 54.20 53.76 53.13 52.79 51.16 50.84 50.20 50.10 54.16 57.15 56.17 55.86 50.58 50.19
106.94 106.58 107.27 106.76 105.96 105.21 105.39 104.39 104.10 102.91 102.40 101.23 99.45 97.77 96.63 96.32 94.78 93.83 92.38 90.31 88.48 97.49 96.33 92.96 74.32 68.61 75.63 48.45 98.61 0.00 0.00 0.00 0.00 0.00 0.00 0.00 0.00 0.00 0.00 5.32 87.76 76.41 68.98 68.81 68.22 67.94 67.33 57.52 57.11 56.87 55.83 55.44 55.35 54.91 55.24 55.02 60.47 59.89 59.94 54.72 54.62 54.28 77.68 55.24 54.65 53.63 52.46 52.15 50.37 50.18 49.79 49.62 50.94 51.00 56.57 60.27 61.86 50.10
106.85 106.45 107.06 106.49 105.63 104.83 104.94 103.86 103.50 111.78 121.39 100.41 98.58 96.84 95.67 95.33 94.32 92.70 91.14 89.07 92.96 91.19 76.20 108.87 73.28 25.47 0.00 0.00 0.00 0.00 0.00 0.00 0.00 0.00 0.00 0.00 0.00 0.00 0.00 0.00 108.93 71.15 75.26 68.06 67.48 67.26 66.71 57.73 56.77 56.41 55.24 54.95 54.85 54.36 57.96 54.47 54.66 54.40 59.20 66.55 58.73 53.59 76.20 77.99 53.73 53.54 51.72 53.19 40.12 49.60 49.15 49.01 50.45 57.25 49.67 73.44 65.26 72.41
106.41 108.06 106.83 106.19 105.43 104.57 104.29 103.16 102.94 102.38 102.30 99.59 98.50 96.69 96.27 94.27 93.22 91.41 89.48 87.43 76.06 80.02 28.13 0.00 0.00 0.00 0.00 0.00 0.00 0.00 0.00 0.00 0.00 0.00 0.00 0.00 0.00 0.00 0.00 0.00 0.00 103.65 61.53 58.72 67.87 67.67 71.29 63.17 62.45 62.14 54.72 54.35 53.35 52.94 53.56 53.26 53.80 53.54 53.91 53.61 58.74 64.54 53.21 53.66 68.82 33.94 53.01 51.35 49.24 49.02 49.02 48.92 55.60 80.91 0.00 0.00 0.00 0.00
107.97 107.46 119.05 115.23 104.67 103.74 103.41 102.77 102.36 102.31 101.21 107.09 97.19 96.35 94.83 93.44 91.95 89.82 88.56 86.56 73.74 0.00 0.00 0.00 0.00 0.00 0.00 0.00 0.00 0.00 0.00 0.00 0.00 0.00 0.00 0.00 0.00 0.00 0.00 0.00 0.00 0.00 82.22 61.63 55.15 56.22 67.25 62.99 61.81 61.43 58.86 53.74 52.78 52.34 52.82 52.50 53.05 52.75 53.12 53.48 58.49 43.48 48.96 62.02 90.29 32.51 78.98 63.53 48.54 25.24 48.42 48.38 76.44 0.00 0.00 0.00 0.00 0.00
