Model_calibration/output/post_prcessed_no_MFR/runoff_annual (1).asc
NCOLS 350
NROWS 200
XLLCENTER 515000.000000
YLLCENTER 8409000.000000
CELLSIZE 100.000000
NODATA_value -999.000000
[rows 36 to 71 of 200, columns 162 to 242 of 350]
0.00 0.00 0.00 0.00 0.00 0.00 0.00 0.00 0.00 0.00 0.00 0.00 0.00 0.00 0.00 0.00 0.00 0.00 0.00 0.00 0.00 0.00 0.00 0.00 0.00 0.00 0.00 0.00 0.00 0.00 0.00 0.00 0.00 0.00 0.00 0.00 31.50 49.55 17.74 17.64 18.18 8.37 0.00 0.00 0.00 0.00 0.00 0.00 0.00 0.00 0.00 0.00 0.00 0.00 0.00 0.00 0.00 0.00 0.00 0.00 0.00 0.00 0.00 0.00 0.00 0.00 0.00 0.00 0.00 0.00 0.00 0.00 0.00 0.00 0.00 0.00 0.00 0.00 0.00 0.00 0.00
0.00 0.00 0.00 0.00 0.00 0.00 0.00 0.00 0.00 0.00 0.00 0.00 0.00 0.00 0.00 0.00 0.00 0.00 0.00 0.00 0.00 0.00 0.00 0.00 0.00 0.00 0.00 0.00 0.00 0.00 0.00 0.00 0.00 0.00 0.00 19.86 19.27 19.18 18.76 18.65 19.22 22.64 0.00 0.00 0.00 0.00 0.00 0.00 0.00 0.00 0.00 0.00 0.00 0.00 0.00 0.00 0.00 0.00 0.00 0.00 0.00 0.00 0.00 0.00 0.00 0.00 0.00 0.00 0.00 0.00 0.00 0.00 0.00 0.00 0.00 0.00 0.00 0.00 0.00 0.00 0.00
0.00 0.00 0.00 0.00 0.00 0.00 0.00 0.00 0.00 0.00 0.00 0.00 0.00 0.00 0.00 0.00 0.00 0.00 0.00 0.00 0.00 0.00 0.00 0.00 0.00 0.00 0.00 0.00 0.00 0.00 21.49 0.00 0.00 0.00 20.33 34.08 20.13 9.39 9.84 9.77 117.09 0.00 0.00 0.00 0.00 0.00 0.00 0.00 0.00 0.00 0.00 0.00 0.00 0.00 0.00 0.00 0.00 0.00 0.00 0.00 0.00 0.00 0.00 0.00 0.00 0.00 0.00 0.00 0.00 0.00 0.00 0.00 0.00 0.00 0.00 0.00 0.00 0.00 0.00 0.00 0.00
0.00 0.00 0.00 0.00 0.00 0.00 0.00 0.00 0.00 0.00 0.00 0.00 0.00 0.00 0.00 0.00 0.00 0.00 0.00 0.00 0.00 0.00 0.00 0.00 0.00 0.00 0.00 0.00 0.00 0.00 24.03 24.07 41.52 22.39 21.42 21.33 48.73 9.98 10.56 10.47 0.00 0.00 0.00 0.00 0.00 0.00 0.00 0.00 0.00 0.00 0.00 0.00 0.00 0.00 0.00 0.00 0.00 0.00 0.00 0.00 0.00 0.00 0.00 0.00 0.00 0.00 0.00 0.00 0.00 0.00 0.00 0.00 0.00 0.00 0.00 0.00 0.00 0.00 0.00 0.00 0.00
0.00 0.00 0.00 0.00 0.00 0.00 0.00 0.00 0.00 0.00 0.00 0.00 0.00 0.00 0.00 0.00 0.00 0.00 0.00 0.00 0.00 0.00 0.00 0.00 0.00 0.00 0.00 0.00 0.00 0.00 25.59 25.63 24.39 24.38 24.93 24.88 25.96 12.88 126.18 0.00 0.00 0.00 0.00 0.00 0.00 0.00 0.00 0.00 0.00 0.00 0.00 0.00 0.00 29.84 0.00 0.00 0.00 0.00 0.00 0.00 0.00 0.00 0.00 0.00 0.00 0.00 0.00 0.00 0.00 0.00 0.00 0.00 0.00 0.00 0.00 0.00 0.00 0.00 0.00 0.00 0.00
0.00 0.00 0.00 0.00 0.00 0.00 0.00 0.00 0.00 0.00 0.00 0.00 0.00 0.00 0.00 0.00 0.00 0.00 0.00 0.00 0.00 0.00 0.00 0.00 25.86 26.10 26.34 0.00 0.00 28.25 27.11 27.16 45.45 25.74 26.15 26.08 13.76 13.04 150.66 0.00 0.00 0.00 0.00 0.00 0.00 0.00 0.00 23.08 22.71 0.00 0.00 20.46 33.68 19.21 0.00 0.00 0.00 0.00 0.00 0.00 0.00 0.00 0.00 0.00 0.00 0.00 0.00 0.00 0.00 0.00 0.00 0.00 0.00 0.00 0.00 0.00 29.78 0.00 0.00 0.00 0.00
0.00 0.00 0.00 0.00 0.00 0.00 0.00 0.00 0.00 0.00 0.00 0.00 0.00 0.00 0.00 0.00 0.00 0.00 0.00 0.00 0.00 0.00 51.31 27.07 26.95 27.19 12.89 27.18 27.41 39.65 27.42 27.46 27.72 27.69 29.54 14.86 30.75 135.11 0.00 0.00 0.00 0.00 0.00 0.00 0.00 0.00 44.98 43.98 24.59 23.15 40.24 37.50 20.35 19.97 0.00 0.00 0.00 0.00 0.00 0.00 0.00 0.00 0.00 0.00 0.00 0.00 0.00 0.00 0.00 0.00 0.00 0.00 0.00 0.00 0.00 0.00 12.91 0.00 0.00 0.00 0.00
0.00 0.00 0.00 0.00 0.00 0.00 0.00 0.00 0.00 0.00 0.00 0.00 0.00 0.00 0.00 0.00 0.00 0.00 0.00 0.00 0.00 0.00 28.05 28.82 28.37 28.94 29.27 13.94 29.17 29.27 28.98 52.50 29.27 29.24 15.70 32.76 59.93 139.23 0.00 0.00 0.00 0.00 0.00 0.00 0.00 28.36 27.28 26.87 25.81 25.26 23.19 41.36 22.08 21.08 140.90 0.00 0.00 0.00 0.00 0.00 0.00 29.17 16.74 0.00 0.00 0.00 0.00 0.00 0.00 0.00 0.00 34.72 0.00 0.00 0.00 0.00 13.99 13.65 0.00 0.00 117.28
0.00 0.00 0.00 0.00 0.00 0.00 0.00 0.00 0.00 0.00 0.00 0.00 0.00 0.00 0.00 0.00 0.00 0.00 0.00 0.00 0.00 0.00 0.00 30.97 30.53 30.80 30.46 14.56 30.18 81.61 81.75 31.22 32.42 32.37 33.26 28.13 16.38 143.75 0.00 0.00 0.00 0.00 0.00 0.00 30.35 50.96 28.48 28.07 26.84 26.15 25.13 24.66 24.95 24.47 24.93 0.00 0.00 0.00 0.00 0.00 0.00 18.26 133.34 0.00 0.00 0.00 0.00 0.00 0.00 0.00 16.17 15.99 35.87 0.00 0.00 0.00 23.54 14.67 22.71 13.49 13.14
0.00 0.00 0.00 0.00 0.00 0.00 0.00 0.00 0.00 0.00 0.00 0.00 0.00 0.00 0.00 0.00 0.00 0.00 52.07 0.00 0.00 0.00 0.00 0.00 31.89 32.18 31.82 56.48 54.63 31.60 31.72 31.74 17.65 17.61 18.15 51.49 143.32 102.02 147.25 146.57 145.72 164.40 63.83 32.66 31.59 31.19 29.87 29.21 27.92 27.46 26.27 25.65 25.93 25.43 12.88 0.00 0.00 0.00 22.43 22.03 65.73 98.69 0.00 0.00 0.00 0.00 0.00 0.00 0.00 0.00 17.01 16.83 128.67 0.00 0.00 0.00 15.64 15.47 14.81 14.64 14.26
0.00 0.00 0.00 0.00 0.00 0.00 0.00 0.00 0.00 0.00 0.00 0.00 0.00 0.00 0.00 0.00 0.00 0.00 31.07 31.62 0.00 0.00 0.00 0.00 33.69 34.05 32.97 33.13 59.00 33.23 34.15 34.16 34.62 49.65 36.97 18.03 29.03 30.79 68.95 38.00 17.42 23.61 147.87 36.55 56.59 33.68 31.52 31.05 28.83 28.34 27.80 27.29 28.00 13.68 13.74 0.00 0.00 0.00 24.17 22.62 22.16 140.33 0.00 0.00 0.00 0.00 0.00 0.00 0.00 0.00 0.00 18.13 0.00 0.00 0.00 0.00 26.19 16.25 15.19 24.36 32.29
0.00 0.00 0.00 0.00 0.00 0.00 0.00 0.00 0.00 0.00 0.00 0.00 0.00 0.00 0.00 0.00 0.00 26.01 32.38 32.96 59.60 0.00 0.00 0.00 35.40 35.65 34.44 34.62 34.62 34.78 35.53 62.88 36.13 36.03 38.50 18.78 38.59 125.30 71.38 39.46 70.27 19.10 36.70 68.47 18.29 18.02 33.36 32.88 29.87 29.35 28.79 28.26 28.98 28.41 49.30 49.63 28.67 13.14 43.39 24.59 24.00 0.00 0.00 0.00 0.00 0.00 0.00 0.00 0.00 0.00 0.00 19.58 19.64 0.00 0.00 21.43 40.48 17.13 16.01 15.83 25.42
0.00 0.00 0.00 0.00 0.00 0.00 0.00 0.00 0.00 0.00 0.00 0.00 0.00 24.05 25.28 25.90 26.38 41.77 33.49 34.05 35.46 35.94 36.87 0.00 64.04 36.98 63.35 36.41 36.57 36.61 36.74 36.72 37.30 37.21 38.17 21.26 58.20 75.00 64.71 103.77 39.92 20.64 39.49 54.30 19.31 19.04 58.69 35.09 31.81 31.26 29.57 29.03 51.42 29.11 29.92 29.01 30.54 13.79 25.74 25.33 23.24 22.15 0.00 0.00 0.00 0.00 0.00 0.00 0.00 0.00 0.00 63.76 20.57 20.42 16.58 23.97 17.51 17.31 16.88 16.70 17.26
0.00 0.00 0.00 0.00 0.00 0.00 0.00 0.00 0.00 0.00 22.93 39.19 24.41 25.42 26.32 27.78 47.59 29.45 35.09 35.68 37.34 37.81 38.56 38.90 66.67 38.17 37.60 37.74 37.86 37.90 67.24 37.98 68.98 38.29 20.14 39.73 41.61 28.72 41.17 73.00 41.10 32.30 31.84 21.03 19.49 32.61 31.79 60.30 56.75 54.91 30.84 30.26 30.95 30.35 31.11 32.28 31.71 30.60 31.35 24.11 24.18 0.00 0.00 0.00 0.00 0.00 0.00 0.00 0.00 0.00 21.79 21.62 8.71 21.39 8.39 34.14 18.60 18.41 17.78 17.60 18.67
0.00 0.00 0.00 0.00 0.00 0.00 0.00 0.00 0.00 0.00 23.71 24.47 25.25 25.95 46.83 29.03 29.78 30.42 30.85 37.26 37.95 38.40 39.62 39.94 70.36 70.96 40.11 40.77 40.25 40.27 39.99 39.94 40.61 40.50 41.25 72.82 40.72 41.98 74.71 41.65 42.25 22.15 35.61 21.89 34.22 31.57 73.36 39.21 34.38 33.83 32.41 31.04 32.59 31.45 16.38 15.91 14.93 23.24 25.31 24.90 25.83 0.00 0.00 0.00 0.00 0.00 0.00 0.00 0.00 23.65 22.64 68.90 8.98 8.90 20.56 34.58 20.07 19.83 20.88 8.27 21.08
0.00 0.00 0.00 0.00 0.00 0.00 0.00 0.00 0.00 160.14 24.65 25.72 26.20 27.63 29.40 30.11 30.85 56.57 33.32 39.20 39.86 40.30 71.39 41.02 40.95 41.65 41.61 73.14 41.49 41.49 71.69 40.71 41.38 41.27 42.43 42.32 41.54 41.35 43.35 42.62 43.94 46.82 46.66 64.71 42.07 34.58 39.70 68.61 35.35 34.68 33.26 32.63 33.50 32.82 17.02 13.58 12.65 12.14 26.90 26.54 27.51 0.00 0.00 0.00 0.00 46.37 26.47 26.23 25.72 25.51 72.27 23.93 9.75 14.56 21.51 21.38 21.02 20.84 21.85 8.74 8.95
0.00 0.00 0.00 0.00 0.00 0.00 0.00 0.00 0.00 25.80 25.69 26.45 27.58 28.98 30.07 52.03 32.28 33.68 34.77 40.21 40.69 41.07 73.30 42.15 42.13 42.22 101.87 42.30 41.91 41.87 41.24 41.15 42.35 41.87 42.51 74.18 41.61 41.45 99.98 43.34 44.08 43.77 43.79 36.34 42.07 41.59 69.67 38.95 35.68 35.02 34.39 33.81 34.00 31.39 13.62 13.17 12.28 27.86 29.27 28.44 29.94 0.00 0.00 0.00 0.00 19.19 12.04 27.31 26.37 67.13 11.09 10.98 9.58 20.71 22.45 22.32 10.01 9.91 10.98 26.07 24.08
0.00 0.00 0.00 0.00 0.00 0.00 0.00 0.00 55.98 26.96 26.53 28.66 29.11 29.90 31.01 32.38 56.80 35.16 36.14 36.64 41.65 41.96 42.76 42.90 42.81 42.83 75.51 75.49 42.42 42.35 41.70 41.59 42.79 42.30 75.02 42.83 42.06 41.91 73.91 41.94 44.66 44.36 44.39 44.00 42.81 42.36 40.46 39.92 37.32 51.74 35.03 34.46 34.59 33.99 32.61 32.02 29.74 28.90 30.52 29.94 32.15 29.53 0.00 0.00 144.39 32.95 62.26 28.44 27.52 27.28 11.63 11.51 11.04 21.72 23.39 9.54 11.20 11.09 11.37 26.23 25.90
0.00 0.00 0.00 0.00 0.00 0.00 0.00 0.00 57.45 28.66 47.64 29.30 29.85 30.64 31.91 33.07 35.36 36.41 66.67 39.14 42.41 42.64 76.33 103.89 43.12 43.14 43.16 75.56 42.48 42.38 41.75 41.62 42.18 42.04 41.85 41.72 41.61 41.51 41.77 73.17 41.66 70.04 43.54 42.72 62.30 41.47 39.66 40.06 38.42 37.86 37.47 35.34 34.98 33.95 56.76 31.68 57.16 32.00 35.10 34.83 65.97 33.54 147.31 148.35 14.80 34.22 64.39 30.39 28.47 28.27 11.85 26.98 26.25 46.18 26.76 26.62 28.19 27.97 42.78 42.38 27.18
0.00 0.00 0.00 0.00 0.00 0.00 0.00 57.37 47.41 29.48 29.28 30.11 30.66 31.45 33.16 33.90 36.61 66.41 39.48 39.89 43.14 43.28 43.78 43.78 76.65 43.61 43.63 43.55 42.89 42.76 42.47 41.90 42.42 42.21 41.96 41.81 41.69 41.60 41.92 72.51 41.87 57.85 43.90 43.57 75.43 42.45 40.95 40.49 39.10 67.14 37.96 35.87 35.54 34.99 33.75 32.42 34.41 34.18 35.96 35.73 16.64 34.61 27.25 35.84 35.60 22.69 14.94 32.23 29.59 29.35 28.23 28.01 27.26 27.06 27.78 27.64 29.81 13.84 19.38 19.17 31.48
0.00 152.20 23.25 0.00 0.00 0.00 0.00 58.86 28.73 29.58 29.61 30.43 31.25 32.70 33.66 35.50 38.66 67.33 39.84 40.20 40.11 43.37 43.80 43.80 76.93 43.60 43.21 75.88 73.75 41.98 41.84 41.22 41.39 41.13 41.03 71.42 40.83 40.74 71.30 40.71 40.72 42.86 42.83 42.54 74.85 41.45 40.10 39.68 39.05 94.80 38.25 36.21 35.60 87.75 35.10 34.77 36.15 35.95 37.30 37.11 17.16 32.89 32.72 37.37 35.90 63.39 34.95 34.73 31.63 31.44 29.09 28.82 28.65 28.45 30.55 30.38 33.13 20.31 45.62 53.88 23.64
22.07 49.11 23.94 0.00 0.00 0.00 167.85 29.67 29.45 49.76 50.32 31.11 32.18 81.97 34.74 38.11 39.22 39.73 40.28 40.62 40.48 43.72 44.17 44.20 76.56 43.98 43.51 43.33 42.34 42.11 41.91 41.25 72.45 41.09 40.94 40.70 40.66 40.56 40.63 40.56 40.59 77.01 42.80 42.56 41.87 73.22 40.23 39.85 70.04 38.81 38.79 38.05 35.99 35.50 35.56 35.28 36.72 36.57 37.98 17.55 17.59 22.51 50.66 52.03 16.57 38.53 35.91 35.72 33.53 33.33 30.04 29.80 29.63 29.37 32.27 32.11 15.04 14.90 37.59 33.87 24.45
22.54 38.47 24.48 25.56 26.21 27.09 27.23 28.62 28.70 49.22 30.19 30.99 32.27 33.42 34.74 38.04 38.83 39.27 39.50 39.72 39.70 42.94 42.83 42.90 42.55 43.02 42.32 73.23 62.72 62.33 43.19 42.87 43.01 42.29 41.86 41.59 41.29 41.16 40.72 70.41 40.24 42.45 41.81 41.62 40.80 40.51 40.66 40.32 41.02 40.60 40.62 40.17 37.48 37.03 36.82 36.57 37.00 36.90 17.57 26.04 37.87 64.57 37.76 39.10 63.04 29.89 18.99 38.78 35.83 16.69 33.08 32.31 31.55 31.00 34.49 32.98 16.47 24.14 16.23 34.39 32.95
23.18 23.90 25.46 26.22 51.54 28.75 28.45 48.27 29.30 30.08 30.79 31.54 33.18 59.22 35.67 38.38 39.11 39.48 39.65 68.26 39.73 39.83 42.88 75.13 42.58 62.61 61.67 41.44 42.50 42.16 42.94 42.57 42.68 41.95 41.52 41.20 40.87 39.95 39.51 39.47 39.09 42.09 41.48 41.36 40.58 40.37 40.55 40.26 41.01 40.64 40.73 40.32 39.40 37.30 37.13 36.88 37.35 37.28 38.31 38.25 38.62 38.51 38.55 31.35 19.90 41.73 19.58 19.48 18.73 46.64 33.86 56.94 33.27 33.10 35.35 35.17 36.05 35.77 35.58 59.37 34.21
23.40 24.33 24.34 25.42 25.03 26.05 26.98 28.21 29.63 30.42 53.93 32.93 33.95 35.00 37.03 39.00 39.22 39.52 39.56 39.64 39.58 39.65 63.03 42.81 75.21 63.25 44.33 44.00 45.15 44.75 45.10 44.67 44.45 44.06 43.33 42.60 42.14 41.93 41.35 41.33 39.81 42.89 41.71 41.62 41.59 41.39 42.88 42.62 43.46 43.15 42.71 42.36 41.59 39.47 38.69 38.46 37.47 37.42 37.28 37.29 65.13 38.10 18.13 20.19 17.96 20.25 40.46 124.51 101.83 67.50 35.83 35.62 35.35 35.18 60.96 35.35 35.68 35.38 35.37 34.94 33.68
24.22 25.26 24.98 26.00 25.89 46.29 27.99 28.82 30.16 30.89 32.27 33.38 34.31 36.52 37.29 39.18 39.35 39.61 39.55 39.54 39.43 39.47 39.41 42.52 42.74 42.59 43.39 43.60 44.70 44.22 44.52 44.06 43.81 20.56 21.12 20.91 20.63 20.05 19.71 39.88 42.22 42.26 41.04 41.02 41.11 41.01 42.55 42.35 43.09 22.84 42.65 42.36 41.66 39.58 38.86 38.65 37.67 37.62 37.51 37.58 38.59 17.94 18.37 18.24 41.22 20.73 20.13 40.92 39.81 39.65 38.30 38.10 36.00 35.83 36.18 35.98 62.41 35.97 35.94 60.85 34.17
29.31 24.28 24.12 24.82 27.14 28.34 30.52 31.29 33.18 33.93 35.45 37.03 37.85 39.91 40.48 40.87 40.95 41.11 40.84 40.76 40.69 40.66 40.84 43.88 44.14 43.94 45.20 44.77 45.02 44.49 44.23 21.91 44.74 20.13 19.23 20.73 20.02 19.88 19.60 19.60 41.95 42.02 41.47 41.50 41.94 41.89 42.85 42.74 43.33 23.03 23.06 22.92 20.61 74.23 19.00 18.90 39.18 18.21 37.62 37.70 37.73 37.81 62.00 41.20 76.61 18.40 20.24 41.13 40.46 40.30 39.72 39.54 38.60 38.43 62.61 35.86 35.87 35.53 34.96 34.50 31.69
30.10 30.89 24.65 25.33 27.66 28.94 31.04 31.78 33.66 35.11 36.28 37.39 38.20 38.73 40.71 41.05 41.06 41.16 40.81 40.68 40.52 40.41 40.45 43.44 43.63 43.37 43.97 43.50 44.26 20.72 43.75 43.21 57.08 162.46 161.45 180.19 159.73 159.09 19.10 19.11 21.72 41.18 40.67 40.73 41.12 41.13 42.25 26.62 20.04 40.93 40.81 40.69 53.91 41.37 39.35 39.24 18.29 16.20 17.48 37.78 37.84 37.93 41.47 73.76 42.39 19.03 20.45 20.39 40.80 40.68 40.12 40.00 39.28 38.87 36.53 36.28 89.97 35.85 61.13 57.59 31.91
29.79 30.66 27.16 27.87 30.96 32.45 15.65 37.91 16.45 17.09 17.78 24.88 78.72 18.10 20.02 42.05 41.90 41.93 41.63 41.41 39.63 39.41 39.44 39.16 43.82 43.45 43.38 28.82 19.89 19.58 183.54 0.00 0.00 0.00 0.00 0.00 0.00 0.00 175.91 156.45 19.32 40.20 40.20 40.33 40.95 72.53 22.21 22.25 22.52 53.80 53.76 19.69 40.34 19.60 40.17 19.03 18.52 16.23 31.65 38.23 37.25 96.00 40.17 40.28 41.72 20.69 19.43 20.82 20.45 20.39 20.00 19.94 39.71 39.53 36.40 36.13 35.50 35.10 34.62 34.11 33.83
30.47 31.28 33.30 12.37 14.53 15.11 37.36 38.43 16.70 39.98 17.41 172.46 42.20 18.28 20.20 20.34 19.03 19.01 18.80 18.64 42.42 18.05 18.27 18.09 21.26 45.92 58.95 165.91 164.45 0.00 0.00 0.00 0.00 0.00 0.00 0.00 0.00 0.00 0.00 0.00 0.00 174.26 20.84 33.18 39.11 39.96 0.00 161.07 52.52 52.82 162.03 162.35 53.26 19.49 19.47 18.97 18.50 44.44 38.25 38.25 95.86 96.05 99.57 40.31 41.79 20.74 20.92 42.54 57.29 46.26 41.10 40.98 39.94 39.72 36.54 36.25 35.60 35.16 34.65 34.08 33.80
31.76 32.57 17.86 18.31 15.16 15.55 52.06 166.14 16.77 55.29 56.50 57.36 39.01 58.61 59.01 177.26 59.32 39.88 58.83 18.39 57.58 17.92 56.36 170.04 168.14 166.66 165.10 163.39 0.00 0.00 0.00 0.00 0.00 0.00 0.00 0.00 0.00 0.00 0.00 0.00 0.00 0.00 0.00 0.00 0.00 0.00 0.00 0.00 159.51 51.84 36.22 52.35 19.28 22.05 21.88 18.59 38.86 38.94 37.47 37.57 95.85 96.08 99.93 39.44 40.87 20.10 74.08 41.10 41.26 136.34 40.61 40.49 39.66 39.41 36.32 36.00 35.46 35.00 35.13 34.52 34.36
32.49 33.51 18.77 19.56 41.52 37.74 52.77 54.08 55.01 37.41 38.34 38.95 0.00 0.00 0.00 0.00 0.00 0.00 0.00 175.14 173.55 171.95 170.16 168.45 166.71 164.68 162.70 0.00 0.00 0.00 0.00 0.00 0.00 0.00 0.00 0.00 0.00 0.00 0.00 0.00 0.00 0.00 0.00 0.00 0.00 0.00 0.00 0.00 0.00 50.94 51.22 51.47 21.73 41.09 40.90 41.04 38.63 38.76 37.33 95.48 95.76 96.03 99.97 39.42 40.99 73.81 41.20 41.22 74.23 41.28 40.67 40.54 39.61 39.33 36.22 35.83 35.28 34.78 34.88 34.21 34.02
62.70 35.94 20.30 20.75 42.43 52.77 54.04 169.29 37.31 37.92 38.88 39.47 0.00 0.00 0.00 0.00 0.00 0.00 0.00 0.00 0.00 0.00 0.00 0.00 0.00 0.00 0.00 0.00 0.00 0.00 0.00 0.00 0.00 0.00 0.00 0.00 0.00 0.00 0.00 0.00 0.00 0.00 0.00 0.00 0.00 0.00 0.00 0.00 0.00 0.00 156.77 57.24 39.22 39.53 39.16 39.36 37.00 37.19 97.95 185.31 186.45 95.79 99.75 195.38 100.25 100.44 100.57 40.39 73.30 72.63 39.99 39.84 39.31 36.90 36.10 35.66 35.19 34.66 34.51 33.81 32.81
36.15 36.90 20.96 21.77 57.54 161.40 55.11 171.33 172.85 350.89 39.46 177.56 0.00 0.00 0.00 0.00 0.00 0.00 0.00 0.00 0.00 0.00 0.00 0.00 0.00 0.00 0.00 0.00 0.00 0.00 0.00 0.00 0.00 0.00 0.00 0.00 0.00 0.00 0.00 0.00 0.00 0.00 0.00 0.00 0.00 0.00 0.00 0.00 0.00 0.00 193.99 38.71 38.58 38.85 38.53 38.90 91.88 182.34 94.12 94.57 94.97 95.35 98.97 99.58 99.83 100.01 100.13 40.20 40.64 40.56 39.70 39.52 36.85 36.53 83.56 60.72 34.74 34.17 33.99 32.72 31.85
38.71 39.83 22.62 23.05 41.37 163.62 60.98 173.57 174.98 18.59 177.86 178.85 179.61 199.28 199.10 0.00 0.00 0.00 0.00 0.00 0.00 0.00 0.00 0.00 0.00 0.00 0.00 0.00 0.00 0.00 0.00 0.00 0.00 0.00 0.00 0.00 0.00 0.00 0.00 0.00 0.00 0.00 0.00 0.00 0.00 0.00 0.00 0.00 0.00 0.00 36.72 37.06 36.95 37.26 36.70 37.31 35.56 32.34 93.30 93.76 94.24 94.66 98.26 98.57 98.83 39.70 40.16 40.18 39.87 66.71 37.05 36.82 36.37 36.03 35.23 34.77 34.45 33.84 32.52 30.08 29.22
39.85 20.94 23.32 21.04 60.80 43.08 62.32 149.05 41.81 42.13 42.07 83.30 60.85 60.87 91.70 91.21 40.34 0.00 0.00 0.00 0.00 0.00 0.00 0.00 0.00 0.00 0.00 0.00 0.00 0.00 0.00 0.00 0.00 0.00 0.00 0.00 0.00 0.00 0.00 0.00 0.00 0.00 0.00 0.00 0.00 0.00 0.00 0.00 0.00 0.00 35.78 36.26 17.39 17.58 19.02 19.21 34.97 35.25 31.74 31.97 35.33 93.70 97.33 97.64 97.90 98.06 37.77 37.77 37.23 37.12 36.50 36.26 35.74 35.37 34.57 34.09 33.73 32.55 30.05 29.22 28.47
