Model_calibration/output/post_prcessed_no_MFR/runoff_annual.asc
NCOLS 350
NROWS 200
XLLCENTER 515000.000000
YLLCENTER 8409000.000000
CELLSIZE 100.000000
NODATA_value -999.000000
[rows 144 to 179 of 200, columns 81 to 161 of 350]
6.80 7.19 8.74 11.15 11.29 17.01 22.23 11.67 9.40 10.05 9.60 31.44 18.00 11.71 12.20 9.97 10.14 10.31 11.06 13.19 10.78 10.91 16.91 11.39 8.08 7.87 26.95 8.35 7.90 8.11 8.13 8.66 7.69 27.66 12.67 12.37 11.60 14.02 13.84 12.90 17.55 11.38 13.12 10.85 10.66 12.93 12.53 12.26 11.93 11.70 11.46 11.23 10.85 1.85 2.40 3.25 2.20 2.97 2.91 0.92 3.81 3.66 3.59 2.88 12.91 2.80 2.72 3.57 0.44 0.00 0.00 0.00 0.00 0.00 0.00 0.00 0.00 0.00 0.00 0.00 0.00
6.74 10.37 10.75 10.88 11.01 11.25 11.35 22.06 11.55 11.64 9.39 8.48 17.60 17.96 9.31 9.48 9.87 10.04 12.66 12.84 13.01 11.21 10.74 10.85 7.84 7.61 7.68 7.62 7.67 7.87 17.58 8.02 6.46 12.20 11.51 11.45 14.10 21.60 12.84 13.96 12.12 11.92 11.01 10.69 13.00 12.61 12.35 12.11 11.79 11.57 11.35 10.96 10.75 3.33 10.47 2.22 2.16 0.96 2.88 0.42 0.88 3.63 2.90 2.86 2.82 3.63 12.40 1.87 0.47 0.00 0.00 0.00 0.00 0.00 0.00 0.00 0.00 0.00 0.00 0.00 0.00
6.70 8.15 10.67 9.08 10.91 11.00 11.09 8.89 11.25 11.46 9.77 7.53 10.56 17.48 9.11 9.25 11.74 9.79 9.95 10.66 10.22 12.85 12.99 13.12 17.58 10.99 11.02 7.29 7.43 7.70 7.74 7.76 6.29 13.93 13.89 11.14 11.14 20.52 10.83 10.74 21.05 12.93 13.98 12.89 12.67 12.45 12.20 11.89 11.66 17.70 17.41 10.86 10.64 8.80 10.27 10.69 2.15 1.57 1.53 2.80 0.87 2.92 2.88 2.83 2.79 2.72 0.15 0.47 1.83 0.00 0.00 0.00 0.00 0.00 0.00 0.00 0.00 0.00 0.00 0.00 0.00
10.12 8.11 8.71 9.03 10.83 8.68 8.75 11.07 8.86 8.92 9.00 12.15 9.52 8.92 8.59 10.91 11.49 11.66 11.85 9.87 9.99 10.11 12.70 12.82 37.77 38.07 7.13 7.10 7.13 7.49 7.53 7.57 7.59 10.99 13.62 11.54 11.47 10.76 10.42 10.29 20.76 10.61 13.62 12.72 12.51 12.28 11.98 11.75 11.54 11.34 10.97 9.15 10.52 10.35 10.77 8.45 8.31 8.17 8.04 7.91 11.93 0.53 3.52 2.81 1.92 0.49 0.14 0.14 0.13 5.90 0.00 0.00 0.00 0.00 0.00 0.00 0.00 0.00 0.00 0.00 0.00
9.75 8.68 10.46 8.88 9.18 10.99 10.96 11.02 11.06 11.11 8.91 7.34 9.41 9.53 9.65 10.70 10.88 9.31 9.30 9.44 9.78 9.90 10.01 10.11 10.20 37.35 37.52 6.99 7.02 7.11 6.67 7.20 7.32 11.15 13.30 13.33 10.66 10.95 10.24 12.62 11.80 9.91 10.30 13.23 10.52 12.06 11.84 11.63 11.42 11.24 13.48 27.25 8.81 8.66 10.10 9.94 10.35 10.19 19.86 7.86 10.38 2.01 0.51 0.93 1.30 1.28 1.86 0.13 0.13 0.00 0.00 0.00 0.00 0.00 0.00 0.00 0.00 0.00 0.00 0.00 0.00
9.87 10.34 10.46 10.56 9.17 10.97 11.04 11.11 11.03 11.07 27.91 9.20 9.33 9.44 7.55 9.66 20.87 20.95 9.67 22.01 9.36 10.03 9.81 9.91 9.99 10.06 10.12 18.69 6.86 6.96 10.32 37.21 19.24 10.96 12.85 10.89 12.49 9.95 12.26 11.69 9.77 8.82 22.47 15.31 12.85 11.92 11.71 11.51 11.32 13.59 24.09 13.17 42.92 42.34 10.02 20.55 8.17 10.11 7.92 1.57 0.19 0.52 0.51 0.50 0.15 1.87 0.47 1.45 0.00 0.00 0.00 0.00 0.00 0.00 0.00 0.00 0.00 0.00 0.00 0.00 0.00
9.89 10.37 10.48 10.58 10.66 9.25 9.30 8.83 8.86 8.79 7.19 9.17 9.29 11.14 7.49 7.57 9.67 9.02 10.84 21.73 11.49 9.31 9.40 9.50 9.79 14.66 9.92 9.96 10.02 18.55 6.81 10.18 10.20 10.19 12.64 12.35 12.28 12.18 11.64 22.01 8.80 8.67 20.10 11.61 12.62 12.43 11.59 11.41 13.69 24.81 8.98 13.05 12.84 25.84 9.93 9.77 12.06 10.04 6.99 0.19 0.53 0.17 0.50 0.15 0.15 1.85 1.46 0.00 0.00 0.00 0.00 0.00 0.00 0.00 0.00 0.00 0.00 0.00 0.00 0.00 0.00
9.92 7.91 10.50 10.60 10.69 9.27 13.54 11.11 11.15 8.88 7.21 7.25 7.32 7.39 11.20 9.52 9.60 14.44 13.79 10.81 9.08 9.69 9.77 11.62 9.39 9.45 10.04 9.55 9.84 9.90 18.37 10.01 10.03 10.36 9.78 12.15 9.70 9.26 11.47 11.32 8.67 11.39 22.26 11.02 12.49 26.35 25.98 13.99 10.98 9.17 13.14 12.93 12.71 25.64 24.51 12.14 11.97 10.87 22.77 0.18 0.96 0.51 1.53 1.51 1.48 6.01 5.95 0.00 0.00 0.00 0.00 0.00 0.00 0.00 0.00 0.00 0.00 0.00 0.00 0.00 0.00
7.60 10.07 10.53 8.93 9.01 9.07 13.35 8.84 8.86 8.88 7.22 7.25 9.24 16.44 7.42 9.47 9.54 9.60 9.67 8.50 8.58 8.69 11.37 14.80 11.52 9.82 11.64 18.11 11.78 11.85 10.14 10.18 22.87 10.20 9.63 11.95 9.19 9.13 9.55 8.65 8.04 22.29 13.12 12.90 12.72 9.84 9.69 25.06 11.46 8.93 8.79 8.63 8.48 8.35 12.22 10.17 7.08 6.97 22.44 21.99 0.17 0.93 1.52 0.00 0.00 0.00 0.00 0.00 0.00 0.00 0.00 0.00 0.00 0.00 0.00 0.00 0.00 0.00 0.00 0.00 0.00
9.72 10.09 10.20 10.66 10.74 8.56 9.33 11.10 11.14 11.15 7.23 9.18 9.23 9.29 7.40 9.42 9.49 9.54 16.96 17.06 17.17 28.55 17.39 11.29 11.35 9.15 9.21 11.56 11.63 9.93 11.77 10.02 22.55 10.04 11.82 9.10 9.58 9.50 8.12 10.12 8.41 7.82 12.92 10.75 10.59 8.27 13.71 10.72 11.34 13.08 8.69 8.54 9.97 12.30 12.11 10.99 23.27 6.91 10.51 0.17 0.17 1.53 0.00 0.00 0.00 0.00 0.00 0.00 0.00 0.00 0.00 0.00 0.00 0.00 0.00 0.00 0.00 0.00 0.00 0.00 0.00
16.34 8.22 8.05 8.45 10.73 10.77 9.08 9.33 11.10 9.14 13.21 7.26 14.18 7.33 7.37 7.42 9.43 16.77 22.08 7.56 7.60 17.06 17.14 10.69 10.74 11.22 9.10 9.16 9.23 22.07 11.63 9.36 14.40 9.02 9.01 11.23 11.14 8.07 9.00 7.91 7.81 12.17 10.17 10.03 8.30 9.73 9.58 11.40 8.86 8.73 8.60 12.57 8.32 8.19 7.16 7.05 13.82 6.42 10.32 9.98 14.32 0.00 0.00 0.00 0.00 0.00 0.00 0.00 0.00 0.00 0.00 0.00 0.00 0.00 0.00 0.00 0.00 0.00 0.00 0.00 0.00
0.00 9.86 7.80 10.29 10.71 10.74 10.77 9.07 11.07 7.21 7.23 16.12 7.28 9.26 9.31 9.36 9.39 9.43 16.73 7.51 16.85 16.90 16.97 16.96 17.05 8.55 8.65 8.73 8.79 17.51 17.59 17.60 11.13 14.63 14.56 13.51 35.65 27.79 13.24 8.77 18.16 26.44 25.96 12.46 12.29 12.11 7.90 12.15 11.87 10.83 8.51 24.70 12.26 11.11 23.52 6.98 18.92 13.23 5.64 14.38 0.00 0.00 0.00 0.00 0.00 0.00 0.00 0.00 0.00 0.00 0.00 0.00 0.00 0.00 0.00 0.00 0.00 0.00 0.00 0.00 0.00
122.59 9.86 7.80 8.08 8.45 9.00 10.73 15.27 9.30 9.11 14.07 9.18 9.22 9.26 9.31 14.37 11.84 9.39 7.44 7.46 16.73 16.68 16.79 16.67 16.80 8.48 8.58 8.65 8.71 17.33 17.39 14.42 40.62 39.46 65.38 39.32 27.47 27.24 13.09 12.96 12.78 25.82 8.33 8.21 8.09 11.97 11.74 11.40 12.87 20.14 9.99 9.83 8.74 11.01 10.85 6.92 6.74 7.53 12.97 31.58 0.00 0.00 0.00 0.00 0.00 0.00 0.00 0.00 0.00 0.00 0.00 0.00 0.00 0.00 0.00 0.00 0.00 0.00 0.00 0.00 0.00
0.00 8.22 7.78 8.31 10.27 10.69 10.72 10.75 31.39 13.99 9.14 9.18 7.28 9.27 9.32 9.36 7.42 7.43 7.43 7.44 7.46 7.48 7.51 16.61 7.60 7.65 7.74 7.79 7.84 7.87 17.26 27.20 27.22 27.48 27.42 27.34 38.75 46.71 26.41 12.74 12.62 25.54 17.12 12.16 11.99 7.84 11.61 11.27 11.09 12.56 12.38 7.27 19.13 7.05 8.32 10.50 10.32 7.46 7.20 0.00 0.00 0.00 0.00 0.00 0.00 0.00 0.00 0.00 0.00 0.00 0.00 0.00 0.00 0.00 0.00 0.00 0.00 0.00 0.00 0.00 0.00
0.00 7.71 11.74 9.92 8.33 10.66 8.48 9.02 10.77 7.63 7.23 7.71 7.29 18.53 9.34 7.42 7.44 7.45 7.45 7.46 16.64 7.48 24.30 7.54 7.58 19.65 7.70 7.74 15.61 16.83 16.87 8.82 27.02 27.63 27.56 27.47 27.32 26.41 37.61 10.87 12.45 8.22 8.10 7.99 11.85 7.73 11.32 11.15 7.25 8.36 7.30 11.11 10.95 8.35 8.77 8.65 6.59 0.50 31.46 0.00 0.00 0.00 0.00 0.00 0.00 0.00 0.00 0.00 0.00 0.00 0.00 0.00 0.00 0.00 0.00 0.00 0.00 0.00 0.00 0.00 0.00
31.51 14.33 9.85 9.90 9.95 10.27 8.98 8.50 7.31 7.63 7.66 9.20 7.76 7.36 7.41 11.17 21.84 16.69 11.21 16.68 16.68 16.47 16.55 28.97 29.06 16.70 29.39 7.70 31.51 7.75 20.75 26.82 26.79 27.36 27.30 27.21 27.06 26.00 25.59 36.96 24.91 8.10 7.99 7.88 11.65 7.63 11.18 7.28 7.16 7.32 12.23 10.88 10.73 8.27 8.16 8.02 0.51 6.29 0.00 0.00 0.00 0.00 0.00 0.00 0.00 0.00 0.00 0.00 0.00 0.00 0.00 0.00 0.00 0.00 0.00 0.00 0.00 0.00 0.00 0.00 0.00
31.45 8.16 9.82 9.87 14.60 11.45 8.12 8.49 7.31 15.68 7.85 9.43 9.48 9.54 7.58 13.95 16.68 7.70 19.30 9.50 11.24 7.51 7.51 7.53 30.93 31.00 31.20 29.34 16.70 16.50 26.31 26.73 26.69 27.23 17.07 17.08 26.59 26.01 25.60 24.93 24.70 11.99 11.85 7.78 11.50 7.41 7.30 7.18 7.03 6.91 7.05 8.41 8.29 8.19 8.08 0.51 6.47 0.00 0.00 0.00 0.00 0.00 0.00 0.00 0.00 0.00 0.00 0.00 0.00 0.00 0.00 0.00 0.00 0.00 0.00 0.00 0.00 0.00 0.00 0.00 0.00
31.41 8.14 8.18 8.22 7.78 8.31 7.86 8.49 7.30 17.78 7.85 9.43 9.49 7.53 7.59 7.64 7.70 7.72 7.73 16.57 11.44 35.55 28.94 7.52 7.53 30.91 29.15 29.20 29.25 16.38 25.72 26.51 26.45 26.98 16.89 16.47 26.27 25.50 44.37 24.64 24.28 11.84 11.70 23.46 23.19 10.99 10.83 10.68 10.52 10.37 6.98 10.67 8.21 0.52 0.51 6.50 0.00 0.00 0.00 0.00 0.00 0.00 0.00 0.00 0.00 0.00 0.00 0.00 0.00 0.00 0.00 0.00 0.00 0.00 0.00 0.00 0.00 0.00 0.00 0.00 0.00
0.00 31.46 8.16 8.21 9.88 9.93 7.85 10.33 7.30 7.34 11.80 7.90 9.50 7.53 7.59 7.65 7.70 7.73 16.60 16.30 7.68 7.50 7.50 7.50 7.50 7.51 19.50 7.55 7.56 30.98 16.35 26.24 25.76 26.57 16.20 7.34 7.28 8.12 25.13 24.43 24.09 23.73 7.60 23.21 22.95 7.17 7.07 6.96 10.40 10.25 6.90 6.80 8.55 6.60 0.00 0.00 0.00 0.00 0.00 0.00 0.00 0.00 0.00 0.00 0.00 0.00 0.00 0.00 0.00 0.00 0.00 0.00 0.00 0.00 0.00 0.00 0.00 0.00 0.00 0.00 0.00
0.00 0.00 0.00 0.00 8.23 8.28 9.98 10.04 9.25 7.80 7.39 12.46 7.95 7.54 7.59 7.65 7.70 16.54 16.57 16.25 25.90 7.48 15.46 25.63 25.63 16.26 7.46 7.45 9.46 7.47 15.74 25.50 25.42 25.91 15.96 16.05 7.19 25.08 31.34 24.05 7.72 23.45 23.15 7.28 10.86 7.08 6.97 6.87 6.77 10.13 9.99 22.48 14.93 0.00 0.00 0.00 0.00 0.00 0.00 0.00 0.00 0.00 0.00 0.00 0.00 0.00 0.00 0.00 0.00 0.00 0.00 0.00 0.00 0.00 0.00 0.00 0.00 0.00 0.00 0.00 0.00
0.00 0.00 0.00 0.00 0.00 0.00 0.00 29.81 7.73 13.41 7.38 9.42 7.49 9.56 7.59 7.65 7.77 16.16 26.40 15.24 15.21 15.30 24.79 8.36 25.61 25.50 15.96 15.99 8.41 9.32 15.65 15.65 25.15 25.41 25.28 25.44 0.00 0.00 0.00 0.00 23.73 7.49 7.39 7.18 7.08 6.98 6.88 6.78 6.68 10.02 9.61 21.96 0.00 0.00 0.00 0.00 0.00 0.00 0.00 0.00 0.00 0.00 0.00 0.00 0.00 0.00 0.00 0.00 0.00 0.00 0.00 0.00 0.00 0.00 0.00 0.00 0.00 0.00 0.00 0.00 0.00
0.00 0.00 0.00 0.00 0.00 0.00 0.00 0.00 36.98 30.11 15.62 7.49 8.90 15.97 7.66 11.51 16.45 15.81 16.09 31.12 14.84 15.22 15.20 15.31 15.84 25.34 25.34 15.87 15.45 9.23 25.71 15.49 24.91 25.16 24.81 24.96 0.00 0.00 0.00 0.00 0.00 11.14 10.85 7.08 6.98 20.99 20.19 6.69 10.04 9.91 9.51 29.90 0.00 0.00 0.00 0.00 0.00 0.00 0.00 0.00 0.00 0.00 0.00 0.00 0.00 0.00 0.00 0.00 0.00 0.00 0.00 0.00 0.00 0.00 0.00 0.00 0.00 0.00 0.00 0.00 0.00
0.00 0.00 0.00 0.00 0.00 0.00 0.00 0.00 0.00 0.00 37.11 12.64 30.76 31.06 31.24 29.46 25.81 14.76 14.75 24.50 24.77 25.97 25.94 46.02 45.97 25.92 25.88 24.79 24.73 12.19 14.57 15.27 15.06 15.25 0.00 0.00 0.00 0.00 0.00 0.00 0.00 7.17 10.71 10.57 21.21 20.00 35.30 10.05 9.92 9.81 29.99 0.00 0.00 0.00 0.00 0.00 0.00 0.00 0.00 0.00 0.00 0.00 0.00 0.00 0.00 0.00 0.00 0.00 0.00 0.00 0.00 0.00 0.00 0.00 0.00 0.00 0.00 0.00 0.00 0.00 0.00
0.00 0.00 0.00 0.00 0.00 0.00 0.00 0.00 0.00 0.00 0.00 37.21 37.42 37.61 26.18 24.43 15.62 14.65 14.64 24.35 24.30 0.00 0.00 25.88 25.84 25.60 25.54 24.07 24.01 12.03 23.48 24.47 14.89 15.08 0.00 0.00 0.00 0.00 0.00 0.00 0.00 0.00 0.00 21.22 21.00 19.80 13.29 9.93 9.80 9.42 113.69 0.00 0.00 0.00 0.00 0.00 0.00 0.00 0.00 0.00 0.00 0.00 0.00 0.00 0.00 0.00 0.00 0.00 0.00 0.00 0.00 0.00 0.00 0.00 0.00 0.00 0.00 0.00 0.00 0.00 0.00
0.00 0.00 0.00 0.00 0.00 0.00 0.00 0.00 0.00 0.00 0.00 0.00 0.00 0.00 37.63 37.42 24.17 24.12 24.09 0.00 0.00 0.00 0.00 0.00 0.00 0.00 0.00 0.00 24.76 23.11 11.82 22.98 27.80 0.00 0.00 0.00 0.00 0.00 0.00 0.00 0.00 0.00 0.00 0.00 8.48 12.81 18.95 9.80 18.04 9.31 0.00 0.00 0.00 0.00 0.00 0.00 0.00 0.00 0.00 0.00 0.00 0.00 0.00 0.00 0.00 0.00 0.00 0.00 0.00 0.00 0.00 0.00 0.00 0.00 0.00 0.00 0.00 0.00 0.00 0.00 0.00
0.00 0.00 0.00 0.00 0.00 0.00 0.00 0.00 0.00 0.00 0.00 0.00 0.00 0.00 0.00 0.00 0.00 23.92 0.00 0.00 0.00 0.00 0.00 0.00 0.00 0.00 0.00 0.00 24.54 22.91 11.68 22.68 22.52 23.06 122.35 0.00 0.00 0.00 0.00 0.00 0.00 0.00 0.00 0.00 19.92 18.98 18.32 18.04 9.29 113.13 0.00 0.00 0.00 0.00 0.00 0.00 0.00 0.00 0.00 0.00 0.00 0.00 0.00 0.00 0.00 0.00 0.00 0.00 0.00 0.00 0.00 0.00 0.00 0.00 0.00 0.00 0.00 0.00 0.00 0.00 0.00
0.00 0.00 0.00 0.00 0.00 0.00 0.00 0.00 0.00 0.00 0.00 0.00 0.00 0.00 0.00 0.00 0.00 24.15 0.00 0.00 0.00 0.00 0.00 0.00 0.00 0.00 0.00 0.00 23.74 32.45 21.97 11.49 21.68 22.48 22.34 0.00 0.00 0.00 0.00 0.00 0.00 0.00 0.00 0.00 0.00 0.00 9.70 9.57 9.19 0.00 0.00 0.00 0.00 0.00 0.00 0.00 0.00 0.00 0.00 0.00 0.00 0.00 0.00 0.00 0.00 0.00 0.00 0.00 0.00 0.00 0.00 0.00 0.00 0.00 0.00 0.00 0.00 0.00 0.00 0.00 0.00
0.00 0.00 0.00 0.00 0.00 0.00 0.00 0.00 0.00 0.00 0.00 0.00 0.00 0.00 0.00 0.00 0.00 0.00 0.00 0.00 0.00 0.00 0.00 0.00 0.00 0.00 0.00 0.00 23.29 21.84 21.74 11.36 21.45 22.25 120.97 0.00 0.00 0.00 0.00 0.00 0.00 0.00 0.00 0.00 0.00 0.00 0.00 0.00 0.00 0.00 0.00 0.00 0.00 0.00 0.00 0.00 0.00 0.00 0.00 0.00 0.00 0.00 0.00 0.00 0.00 0.00 0.00 0.00 0.00 0.00 0.00 0.00 0.00 0.00 0.00 0.00 0.00 0.00 0.00 0.00 0.00
0.00 0.00 0.00 0.00 0.00 0.00 0.00 0.00 0.00 0.00 0.00 0.00 0.00 0.00 0.00 0.00 0.00 0.00 0.00 0.00 0.00 0.00 0.00 0.00 0.00 0.00 0.00 22.09 22.01 11.35 11.30 21.57 21.45 13.08 0.00 0.00 0.00 0.00 0.00 0.00 0.00 0.00 0.00 0.00 0.00 0.00 0.00 0.00 0.00 0.00 0.00 0.00 0.00 0.00 0.00 0.00 0.00 0.00 0.00 0.00 0.00 0.00 0.00 0.00 0.00 0.00 0.00 0.00 0.00 0.00 0.00 0.00 0.00 0.00 0.00 0.00 0.00 0.00 0.00 0.00 0.00
0.00 0.00 0.00 0.00 0.00 0.00 0.00 0.00 0.00 0.00 0.00 0.00 0.00 0.00 0.00 0.00 0.00 0.00 0.00 0.00 0.00 0.00 0.00 0.00 0.00 23.08 23.01 38.42 21.80 11.23 21.02 21.34 21.22 8.16 0.00 0.00 0.00 0.00 0.00 0.00 0.00 0.00 0.00 0.00 0.00 0.00 0.00 0.00 0.00 0.00 0.00 0.00 0.00 0.00 0.00 0.00 0.00 0.00 0.00 0.00 0.00 0.00 0.00 0.00 0.00 0.00 0.00 0.00 0.00 0.00 0.00 0.00 0.00 0.00 0.00 0.00 0.00 0.00 0.00 0.00 0.00
0.00 0.00 0.00 0.00 0.00 0.00 0.00 0.00 0.00 0.00 0.00 0.00 0.00 0.00 0.00 0.00 0.00 0.00 0.00 0.00 0.00 0.00 0.00 0.00 0.00 22.10 21.96 21.21 21.13 21.14 21.03 21.32 11.54 0.00 0.00 0.00 0.00 0.00 0.00 0.00 0.00 0.00 0.00 0.00 0.00 0.00 0.00 0.00 0.00 0.00 0.00 0.00 0.00 0.00 0.00 0.00 0.00 0.00 0.00 0.00 0.00 0.00 0.00 0.00 0.00 0.00 0.00 0.00 0.00 0.00 0.00 0.00 0.00 0.00 0.00 0.00 0.00 0.00 0.00 0.00 0.00
0.00 0.00 0.00 0.00 0.00 0.00 0.00 0.00 0.00 0.00 0.00 0.00 0.00 0.00 0.00 0.00 0.00 0.00 0.00 0.00 0.00 0.00 0.00 0.00 0.00 0.00 21.74 21.00 20.93 20.92 20.82 8.08 0.00 0.00 0.00 0.00 0.00 0.00 0.00 0.00 0.00 0.00 0.00 0.00 0.00 0.00 0.00 0.00 0.00 0.00 0.00 0.00 0.00 0.00 0.00 0.00 0.00 0.00 0.00 0.00 0.00 0.00 0.00 0.00 0.00 0.00 0.00 0.00 0.00 0.00 0.00 0.00 0.00 0.00 0.00 0.00 0.00 0.00 0.00 0.00 0.00
0.00 0.00 0.00 0.00 0.00 0.00 0.00 0.00 0.00 0.00 0.00 0.00 0.00 0.00 0.00 0.00 0.00 0.00 0.00 0.00 0.00 0.00 0.00 0.00 0.00 0.00 20.95 20.89 20.80 12.48 8.02 118.89 0.00 0.00 0.00 0.00 0.00 0.00 0.00 0.00 0.00 0.00 0.00 0.00 0.00 0.00 0.00 0.00 0.00 0.00 0.00 0.00 0.00 0.00 0.00 0.00 0.00 0.00 0.00 0.00 0.00 0.00 0.00 0.00 0.00 0.00 0.00 0.00 0.00 0.00 0.00 0.00 0.00 0.00 0.00 0.00 0.00 0.00 0.00 0.00 0.00
0.00 0.00 0.00 0.00 0.00 0.00 0.00 0.00 0.00 0.00 0.00 0.00 0.00 0.00 0.00 0.00 0.00 0.00 0.00 0.00 0.00 0.00 0.00 0.00 0.00 0.00 0.00 20.67 20.52 12.34 0.00 0.00 0.00 0.00 0.00 0.00 0.00 0.00 0.00 0.00 0.00 0.00 0.00 0.00 0.00 0.00 0.00 0.00 0.00 0.00 0.00 0.00 0.00 0.00 0.00 0.00 0.00 0.00 0.00 0.00 0.00 0.00 0.00 0.00 0.00 0.00 0.00 0.00 0.00 0.00 0.00 0.00 0.00 0.00 0.00 0.00 0.00 0.00 0.00 0.00 0.00
0.00 0.00 0.00 0.00 0.00 0.00 0.00 0.00 0.00 0.00 0.00 0.00 0.00 0.00 0.00 0.00 0.00 0.00 0.00 0.00 0.00 0.00 0.00 0.00 0.00 0.00 0.00 20.57 20.49 11.21 0.00 0.00 0.00 0.00 0.00 0.00 0.00 0.00 0.00 0.00 0.00 0.00 0.00 0.00 0.00 0.00 0.00 0.00 0.00 0.00 0.00 0.00 0.00 0.00 0.00 0.00 0.00 0.00 0.00 0.00 0.00 0.00 0.00 0.00 0.00 0.00 0.00 0.00 0.00 0.00 0.00 0.00 0.00 0.00 0.00 0.00 0.00 0.00 0.00 0.00 0.00
0.00 0.00 0.00 0.00 0.00 0.00 0.00 0.00 0.00 0.00 0.00 0.00 0.00 0.00 0.00 0.00 0.00 0.00 0.00 0.00 0.00 0.00 0.00 0.00 0.00 0.00 0.00 26.25 11.15 26.05 0.00 0.00 0.00 0.00 0.00 0.00 0.00 0.00 0.00 0.00 0.00 0.00 0.00 0.00 0.00 0.00 0.00 0.00 0.00 0.00 0.00 0.00 0.00 0.00 0.00 0.00 0.00 0.00 0.00 0.00 0.00 0.00 0.00 0.00 0.00 0.00 0.00 0.00 0.00 0.00 0.00 0.00 0.00 0.00 0.00 0.00 0.00 0.00 0.00 0.00 0.00
