New_Model_Runs/9_Future_Present_Scn2_out/post_prcessed_with_MFR/actual_et_annual.asc
NCOLS 700
NROWS 400
XLLCENTER 515000.000000
YLLCENTER 8409000.000000
CELLSIZE 50.000000
NODATA_value -999.000000
[rows 288 to 323 of 400, columns 243 to 323 of 700]
42.06 42.11 45.13 42.25 42.33 42.42 42.52 52.58 52.69 52.81 52.95 51.62 51.75 51.47 51.62 51.76 51.91 52.07 52.22 52.38 52.54 52.70 52.86 44.01 46.59 44.65 44.98 45.14 45.31 53.52 16.10 47.68 47.83 54.13 45.86 48.29 38.77 16.43 54.93 55.46 55.63 55.80 55.96 56.13 56.30 55.79 55.95 39.24 39.31 39.39 56.58 56.73 56.87 57.02 17.86 26.04 51.99 57.03 0.00 0.00 0.00 0.00 0.00 0.00 0.00 0.00 0.00 0.00 0.00 0.00 0.00 0.00 0.00 0.00 0.00 0.00 0.00 0.00 0.00 0.00 0.00
42.19 52.21 52.27 42.38 52.42 52.51 52.61 52.72 51.38 51.50 51.62 51.76 51.89 51.61 51.76 51.91 52.06 52.21 52.37 52.53 52.69 52.85 53.01 45.98 53.34 44.96 45.13 45.29 54.27 53.64 53.79 15.98 54.10 45.82 38.66 54.56 54.72 46.46 55.04 55.57 55.74 55.90 56.07 56.23 56.39 55.88 56.04 56.19 59.11 56.50 56.65 56.79 56.94 57.05 57.21 17.97 39.83 57.07 0.00 0.00 0.00 0.00 0.00 0.00 0.00 0.00 0.00 0.00 0.00 0.00 0.00 0.00 0.00 0.00 0.00 0.00 0.00 0.00 0.00 0.00 0.00
20.93 20.96 14.32 42.43 52.28 52.37 52.47 51.09 51.20 51.32 51.44 51.57 51.71 51.51 51.66 51.80 51.96 52.11 52.27 52.42 45.50 52.74 52.91 22.68 53.37 44.88 53.67 53.81 53.61 45.16 45.31 16.04 16.12 48.00 54.22 54.37 16.43 16.51 16.59 54.98 55.53 55.69 55.85 56.00 56.16 55.68 55.83 55.97 25.37 25.49 56.39 39.33 16.99 56.34 25.98 56.60 56.71 56.74 0.00 0.00 0.00 0.00 0.00 0.00 0.00 0.00 0.00 0.00 0.00 0.00 0.00 0.00 0.00 0.00 0.00 0.00 0.00 0.00 0.00 0.00 0.00
21.01 21.05 14.38 14.40 52.43 52.52 51.13 51.24 51.35 51.47 51.59 51.72 51.86 51.66 51.81 51.96 52.11 52.26 52.42 52.58 22.47 52.89 53.05 53.21 53.50 53.65 53.80 16.08 38.41 46.60 45.43 45.58 45.73 54.18 54.33 16.34 4.95 16.57 16.65 16.73 55.63 55.78 55.94 56.09 56.25 55.76 55.91 56.05 56.18 56.32 56.45 39.36 56.27 56.39 56.51 56.64 56.75 56.77 0.00 0.00 0.00 0.00 0.00 0.00 0.00 0.00 0.00 0.00 0.00 0.00 0.00 0.00 0.00 0.00 0.00 0.00 0.00 0.00 0.00 0.00 0.00
14.39 14.41 14.43 52.51 51.10 51.19 51.28 51.39 51.50 51.62 51.74 51.88 52.01 51.82 51.96 52.11 52.26 52.41 52.57 52.73 52.89 53.04 53.20 53.15 53.29 53.43 16.07 16.12 53.86 53.34 53.86 45.70 48.08 54.30 16.33 46.30 16.54 16.62 16.70 16.78 16.86 55.88 56.03 56.18 56.33 55.84 55.98 56.11 56.25 56.38 56.49 17.74 17.82 56.44 56.57 18.04 56.78 56.81 0.00 0.00 0.00 0.00 0.00 0.00 0.00 0.00 0.00 0.00 0.00 0.00 0.00 0.00 0.00 0.00 0.00 0.00 0.00 0.00 0.00 0.00 0.00
14.45 14.47 52.61 51.18 51.26 51.35 51.44 51.55 51.66 51.78 51.90 14.89 21.91 15.01 52.12 15.13 15.19 15.26 52.73 52.88 53.04 53.19 53.35 53.28 53.42 47.42 45.27 53.84 53.98 53.46 53.59 48.05 48.19 46.11 46.26 46.41 16.60 16.67 5.03 16.58 55.41 55.56 56.11 56.26 56.41 55.91 56.05 56.18 56.29 56.00 17.70 17.77 17.84 17.92 17.99 18.06 18.14 60.03 0.00 0.00 0.00 0.00 0.00 0.00 0.00 0.00 0.00 0.00 0.00 0.00 0.00 0.00 0.00 0.00 0.00 0.00 0.00 0.00 0.00 0.00 0.00
14.51 42.92 51.28 51.35 51.42 51.51 39.57 39.64 51.82 51.94 52.07 52.20 15.01 52.14 52.28 45.36 15.26 15.32 52.88 53.04 53.19 53.34 53.28 44.96 53.55 53.69 53.83 16.19 54.10 47.61 47.75 45.72 46.08 48.43 48.56 46.29 48.54 54.66 48.80 48.94 55.50 55.64 56.20 56.34 56.48 55.98 56.11 56.22 55.93 56.06 17.73 17.80 17.87 17.94 18.01 18.08 18.15 26.46 0.00 0.00 0.00 0.00 0.00 0.00 0.00 0.00 0.00 0.00 0.00 0.00 0.00 0.00 0.00 0.00 0.00 0.00 0.00 0.00 0.00 0.00 0.00
14.58 52.89 52.96 53.03 51.60 51.68 51.78 51.88 51.99 52.11 52.24 52.37 52.51 52.30 52.44 52.59 52.74 52.89 53.04 53.19 53.34 46.92 15.72 45.10 53.68 45.39 53.95 47.20 54.22 47.72 53.81 45.83 45.97 46.11 46.25 46.39 46.54 48.76 46.82 49.02 47.11 24.73 55.86 56.42 56.56 56.05 49.89 55.86 55.99 25.65 25.73 56.35 5.37 17.96 18.03 18.10 18.16 26.43 0.00 0.00 0.00 0.00 0.00 0.00 0.00 0.00 0.00 0.00 0.00 0.00 0.00 0.00 0.00 0.00 0.00 0.00 0.00 0.00 0.00 0.00 0.00
14.65 53.08 53.14 53.22 43.51 51.86 51.95 45.53 45.63 52.29 52.41 52.54 15.15 52.47 52.61 52.75 52.90 53.04 53.19 44.42 44.57 22.85 15.78 15.85 47.66 45.52 45.66 54.20 54.34 53.79 53.92 16.21 46.08 54.30 16.33 16.37 54.69 54.82 48.97 47.05 47.20 47.34 55.94 56.49 56.63 47.99 47.88 48.01 25.56 48.28 48.42 56.39 17.91 17.98 18.05 18.11 18.19 0.00 57.01 0.00 0.00 0.00 0.00 0.00 0.00 0.00 0.00 0.00 0.00 0.00 0.00 0.00 0.00 0.00 0.00 0.00 0.00 0.00 0.00 0.00 0.00
43.50 43.57 43.53 53.41 43.70 53.58 52.13 45.70 45.80 52.46 52.59 15.17 15.22 15.28 52.78 52.92 53.06 53.20 53.35 15.65 15.71 15.78 15.84 53.80 45.51 45.65 54.19 54.32 38.80 53.90 54.02 16.24 54.27 54.40 54.52 54.65 54.77 54.91 49.05 47.14 17.08 55.88 56.01 56.14 48.08 5.23 17.52 48.07 48.20 15.05 48.46 56.43 17.93 18.00 18.07 18.13 18.20 0.00 0.00 0.00 0.00 0.00 0.00 0.00 0.00 0.00 0.00 0.00 0.00 0.00 0.00 0.00 0.00 0.00 0.00 0.00 0.00 0.00 0.00 0.00 0.00
43.68 43.75 39.72 40.24 43.89 43.99 43.27 52.42 45.97 43.60 52.76 15.24 15.30 15.35 52.94 53.08 53.22 53.36 15.65 15.72 15.78 15.84 15.91 53.92 45.64 16.10 16.16 54.43 54.56 38.42 54.12 54.24 54.36 54.49 16.38 16.42 46.82 48.44 49.16 17.05 17.12 17.19 56.08 56.20 16.90 17.47 17.54 5.29 17.69 25.81 17.82 17.89 17.95 18.02 18.09 52.03 56.88 0.00 0.00 0.00 0.00 0.00 0.00 0.00 0.00 0.00 0.00 0.00 0.00 0.00 0.00 0.00 0.00 0.00 0.00 0.00 0.00 0.00 0.00 0.00 0.00
54.74 54.82 54.90 39.90 44.08 44.18 52.50 52.60 52.71 52.82 52.94 53.07 53.20 52.97 46.56 44.33 44.46 15.66 15.72 15.78 23.05 45.38 45.51 54.05 47.30 47.43 16.22 16.28 54.67 38.47 54.22 46.26 46.38 54.58 46.64 46.77 46.90 48.52 17.02 17.09 17.16 17.23 17.30 56.26 56.39 55.84 17.57 17.64 17.71 17.77 17.84 26.03 26.02 51.84 0.00 0.00 0.00 0.00 0.00 0.00 0.00 0.00 0.00 0.00 0.00 0.00 0.00 0.00 0.00 0.00 0.00 0.00 0.00 0.00 0.00 0.00 0.00 0.00 0.00 0.00 0.00
54.95 55.02 55.11 40.01 40.07 40.59 54.27 52.78 52.89 53.00 53.12 44.18 53.37 53.14 46.71 44.48 44.61 15.72 15.78 15.84 15.90 53.92 45.64 45.76 48.14 47.55 16.28 16.34 54.77 54.20 54.31 46.36 46.48 46.61 46.73 46.86 46.99 16.99 17.06 17.13 17.19 17.26 17.33 17.40 17.47 55.89 17.60 17.67 17.73 17.80 17.86 17.93 51.76 51.87 0.00 0.00 0.00 0.00 0.00 0.00 0.00 0.00 0.00 0.00 0.00 0.00 0.00 0.00 0.00 0.00 0.00 0.00 0.00 0.00 0.00 0.00 0.00 0.00 0.00 0.00 0.00
55.16 55.23 55.32 56.73 40.19 55.62 54.46 52.97 53.07 53.18 15.41 15.46 15.51 15.56 46.88 44.63 53.69 53.82 15.85 15.91 45.52 45.64 45.76 45.88 16.21 16.27 16.33 16.39 16.45 54.30 46.33 46.45 46.57 54.75 46.82 46.94 16.96 17.03 17.10 17.16 39.38 5.19 17.36 17.43 17.49 25.48 17.62 17.69 17.75 17.82 56.47 56.57 51.79 56.68 0.00 0.00 0.00 0.00 0.00 0.00 0.00 0.00 0.00 0.00 0.00 0.00 0.00 0.00 0.00 0.00 0.00 0.00 0.00 0.00 0.00 0.00 0.00 0.00 0.00 0.00 0.00
55.37 55.44 54.26 55.97 16.72 16.75 54.64 53.15 53.25 15.43 15.48 15.53 15.58 15.63 53.59 53.72 16.15 47.37 45.40 45.53 45.65 54.17 45.89 46.00 16.26 16.32 16.38 16.44 16.50 46.31 46.43 46.54 46.66 46.78 16.88 16.94 17.00 17.06 17.13 47.76 17.26 17.33 17.39 56.44 56.55 25.52 17.65 17.71 51.38 51.49 56.43 56.53 56.62 56.71 0.00 0.00 0.00 0.00 0.00 0.00 0.00 0.00 0.00 0.00 0.00 0.00 0.00 0.00 0.00 0.00 0.00 0.00 0.00 0.00 0.00 0.00 0.00 0.00 0.00 0.00 0.00
55.57 44.68 54.45 44.11 44.20 47.41 54.82 54.93 53.43 15.50 15.55 15.60 15.65 47.04 44.80 53.87 53.99 54.12 45.54 45.66 45.77 4.84 16.20 46.12 46.23 16.37 16.43 23.96 16.55 46.40 46.52 54.69 54.80 46.87 16.92 16.98 17.04 17.10 17.17 17.23 17.29 17.36 25.30 25.43 51.48 55.98 56.08 51.30 56.27 56.37 0.00 0.00 0.00 0.00 0.00 0.00 0.00 0.00 0.00 0.00 0.00 0.00 0.00 0.00 0.00 0.00 0.00 0.00 0.00 0.00 0.00 0.00 0.00 0.00 0.00 0.00 0.00 0.00 0.00 0.00 0.00
48.11 40.37 54.64 54.72 44.38 44.47 44.58 44.68 44.79 53.71 15.62 47.27 47.37 15.77 15.82 54.02 47.52 47.82 47.92 45.78 48.14 16.20 16.25 16.31 48.56 46.45 46.57 16.54 16.60 16.66 46.61 46.72 54.88 16.90 16.95 17.01 17.08 17.13 17.20 17.26 17.32 17.38 25.31 25.42 51.53 0.00 0.00 0.00 0.00 0.00 0.00 0.00 0.00 0.00 0.00 0.00 0.00 0.00 0.00 0.00 0.00 0.00 0.00 0.00 0.00 0.00 0.00 0.00 0.00 0.00 0.00 0.00 0.00 0.00 0.00 0.00 0.00 0.00 0.00 0.00 0.00
48.30 40.49 54.82 44.47 44.55 44.65 44.75 44.85 44.96 55.50 47.31 47.42 23.12 23.15 15.88 15.93 54.28 45.68 54.20 54.30 46.01 46.12 16.31 16.36 54.83 54.94 48.87 48.98 16.65 16.70 54.75 46.81 16.88 55.05 16.99 17.05 17.11 17.17 17.23 17.29 25.25 56.37 25.37 51.46 56.67 0.00 0.00 0.00 0.00 0.00 0.00 0.00 0.00 0.00 0.00 0.00 0.00 0.00 0.00 0.00 0.00 0.00 0.00 0.00 0.00 0.00 0.00 0.00 0.00 0.00 0.00 0.00 0.00 0.00 0.00 0.00 0.00 0.00 0.00 0.00 0.00
48.39 48.46 47.50 44.58 44.67 44.76 54.91 55.00 45.07 45.18 48.26 44.88 44.98 23.28 23.35 47.43 53.64 53.74 53.84 45.68 47.95 45.89 45.99 48.25 54.43 46.31 46.41 46.52 46.63 48.43 24.44 16.86 16.92 46.84 46.95 17.09 17.14 17.20 17.26 17.32 17.38 17.44 51.10 56.19 0.00 0.00 0.00 0.00 0.00 0.00 0.00 0.00 0.00 0.00 0.00 0.00 0.00 0.00 0.00 0.00 0.00 0.00 0.00 0.00 0.00 0.00 0.00 0.00 0.00 0.00 0.00 0.00 0.00 0.00 0.00 0.00 0.00 0.00 0.00 0.00 0.00
56.13 56.21 45.43 54.82 54.90 54.98 55.06 55.15 45.23 48.31 55.43 45.57 23.28 23.34 23.41 54.07 45.50 45.59 45.69 45.79 45.89 45.99 48.25 48.34 46.30 46.40 46.51 46.61 54.92 46.50 16.84 16.90 16.95 17.01 48.98 47.13 47.24 17.23 17.29 17.35 17.41 17.46 56.13 0.00 0.00 0.00 0.00 0.00 0.00 0.00 0.00 0.00 0.00 0.00 0.00 0.00 0.00 0.00 0.00 0.00 0.00 0.00 0.00 0.00 0.00 0.00 0.00 0.00 0.00 0.00 0.00 0.00 0.00 0.00 0.00 0.00 0.00 0.00 0.00 0.00 0.00
56.31 56.39 56.47 54.97 55.05 55.13 55.21 45.29 48.36 48.46 55.56 23.22 23.42 23.45 23.49 47.69 45.61 45.71 45.80 45.90 46.00 46.10 46.19 48.43 46.39 48.62 46.59 46.69 46.80 46.58 16.88 16.94 24.80 17.04 54.95 47.19 47.30 25.02 47.76 17.38 50.99 50.75 0.00 0.00 0.00 0.00 0.00 0.00 0.00 0.00 0.00 0.00 0.00 0.00 0.00 0.00 0.00 0.00 0.00 0.00 0.00 0.00 0.00 0.00 0.00 0.00 0.00 0.00 0.00 0.00 0.00 0.00 0.00 0.00 0.00 0.00 0.00 0.00 0.00 0.00 0.00
45.61 45.68 55.05 15.67 15.71 55.27 55.35 55.43 55.52 45.65 45.75 45.86 55.88 55.36 55.45 56.50 53.97 54.06 45.91 48.15 48.25 46.19 16.51 16.56 46.48 48.71 16.71 16.76 16.81 48.65 48.74 16.97 24.90 24.92 17.13 47.26 47.36 47.46 47.56 17.40 50.70 0.00 0.00 0.00 0.00 0.00 0.00 0.00 0.00 0.00 0.00 0.00 0.00 0.00 0.00 0.00 0.00 0.00 0.00 0.00 0.00 0.00 0.00 0.00 0.00 0.00 0.00 0.00 0.00 0.00 0.00 0.00 0.00 0.00 0.00 0.00 0.00 0.00 0.00 0.00 0.00
45.77 15.67 15.70 15.73 15.77 45.40 45.49 45.59 45.69 55.73 55.82 55.91 56.00 46.11 55.54 53.99 54.08 54.16 48.16 48.25 48.34 16.50 16.55 16.60 46.57 46.66 16.75 16.80 16.85 48.72 48.80 48.89 24.92 24.99 25.06 17.22 17.27 17.32 50.55 49.17 50.75 0.00 0.00 0.00 0.00 0.00 0.00 0.00 0.00 0.00 0.00 0.00 0.00 0.00 0.00 0.00 0.00 0.00 0.00 0.00 0.00 0.00 0.00 0.00 0.00 0.00 0.00 0.00 0.00 0.00 0.00 0.00 0.00 0.00 0.00 0.00 0.00 0.00 0.00 0.00 0.00
45.15 15.73 15.76 15.79 15.83 45.55 45.64 45.74 45.83 45.93 46.04 46.14 16.14 16.18 46.35 45.84 54.18 38.54 54.34 54.43 54.52 16.55 16.59 16.64 46.65 46.75 46.84 16.84 16.89 16.94 48.86 46.99 17.09 25.01 17.19 17.25 17.30 17.35 50.60 0.00 0.00 0.00 0.00 0.00 0.00 0.00 0.00 0.00 0.00 0.00 0.00 0.00 0.00 0.00 0.00 0.00 0.00 0.00 0.00 0.00 0.00 0.00 0.00 0.00 0.00 0.00 0.00 0.00 0.00 0.00 0.00 0.00 0.00 0.00 0.00 0.00 0.00 0.00 0.00 0.00 0.00
15.76 22.97 23.07 15.85 48.57 48.65 45.78 45.88 45.97 46.07 56.05 46.27 46.38 16.23 49.23 46.58 46.57 46.11 48.34 48.42 54.60 54.69 16.64 48.76 54.94 48.93 46.92 47.01 16.92 16.97 46.96 49.01 17.12 25.07 17.22 17.27 17.32 17.38 50.65 0.00 0.00 0.00 0.00 0.00 0.00 0.00 0.00 0.00 0.00 0.00 0.00 0.00 0.00 0.00 0.00 0.00 0.00 0.00 0.00 0.00 0.00 0.00 0.00 0.00 0.00 0.00 0.00 0.00 0.00 0.00 0.00 0.00 0.00 0.00 0.00 0.00 0.00 0.00 0.00 0.00 0.00
15.82 15.85 15.88 15.91 48.71 45.83 45.92 46.01 49.05 46.20 46.30 46.40 46.50 46.48 46.59 46.69 46.12 46.20 46.29 46.37 46.46 54.77 54.85 54.93 38.94 46.90 46.99 47.08 47.17 46.94 48.98 47.12 47.21 25.11 17.25 17.30 17.35 54.81 0.00 0.00 0.00 0.00 0.00 0.00 0.00 0.00 0.00 0.00 0.00 0.00 0.00 0.00 0.00 0.00 0.00 0.00 0.00 0.00 0.00 0.00 0.00 0.00 0.00 0.00 0.00 0.00 0.00 0.00 0.00 0.00 0.00 0.00 0.00 0.00 0.00 0.00 0.00 0.00 0.00 0.00 0.00
15.87 15.90 15.93 15.96 16.00 45.97 46.05 46.14 46.23 49.26 46.42 46.52 46.62 46.60 46.70 46.80 46.21 54.53 46.37 46.46 46.54 48.74 38.89 38.93 38.98 57.93 47.06 55.34 47.24 47.00 47.09 47.18 47.27 25.15 48.69 48.79 52.13 54.85 0.00 0.00 0.00 0.00 0.00 0.00 0.00 0.00 0.00 0.00 0.00 0.00 0.00 0.00 0.00 0.00 0.00 0.00 0.00 0.00 0.00 0.00 0.00 0.00 0.00 0.00 0.00 0.00 0.00 0.00 0.00 0.00 0.00 0.00 0.00 0.00 0.00 0.00 0.00 0.00 0.00 0.00 0.00
45.71 45.78 15.99 16.02 16.05 46.10 46.18 46.27 49.29 49.37 46.54 46.64 23.96 48.48 46.81 46.91 47.01 46.37 46.46 46.54 46.62 46.70 46.79 55.08 55.16 55.24 49.22 55.40 55.48 47.06 47.15 47.24 47.32 48.65 48.75 48.85 54.81 0.00 0.00 0.00 0.00 0.00 0.00 0.00 0.00 0.00 0.00 0.00 0.00 0.00 0.00 0.00 0.00 0.00 0.00 0.00 0.00 0.00 0.00 0.00 0.00 0.00 0.00 0.00 0.00 0.00 0.00 0.00 0.00 0.00 0.00 0.00 0.00 0.00 0.00 0.00 0.00 0.00 0.00 0.00 0.00
47.94 55.86 16.04 16.07 16.10 49.16 49.24 46.39 46.48 49.49 46.66 23.80 23.97 24.08 46.92 47.01 47.11 47.03 48.66 46.61 46.70 24.38 24.37 46.94 55.22 55.30 55.38 55.46 16.66 54.98 47.21 47.29 47.38 55.29 57.62 17.37 54.85 0.00 0.00 0.00 0.00 0.00 0.00 0.00 0.00 0.00 0.00 0.00 0.00 0.00 0.00 0.00 0.00 0.00 0.00 0.00 0.00 0.00 0.00 0.00 0.00 0.00 0.00 0.00 0.00 0.00 0.00 0.00 0.00 0.00 0.00 0.00 0.00 0.00 0.00 0.00 0.00 0.00 0.00 0.00 0.00
48.08 23.40 49.05 46.18 49.20 46.34 46.42 46.51 46.59 49.60 46.77 23.86 23.91 23.94 47.02 47.11 49.90 48.65 48.73 46.69 48.88 46.85 46.93 47.01 47.09 55.36 55.44 55.52 55.59 55.03 55.11 55.19 25.05 48.15 16.98 54.82 0.00 0.00 0.00 0.00 0.00 0.00 0.00 0.00 0.00 0.00 0.00 0.00 0.00 0.00 0.00 0.00 0.00 0.00 0.00 0.00 0.00 0.00 0.00 0.00 0.00 0.00 0.00 0.00 0.00 0.00 0.00 0.00 0.00 0.00 0.00 0.00 0.00 0.00 0.00 0.00 0.00 0.00 0.00 0.00 0.00
16.07 16.10 46.22 49.24 49.31 46.45 46.54 46.62 46.70 49.70 56.62 46.97 47.06 47.03 47.12 47.21 47.30 50.06 46.68 46.76 46.84 46.92 47.00 47.07 47.15 47.24 55.50 16.67 55.65 55.09 55.16 55.24 24.10 16.89 48.24 0.00 0.00 0.00 0.00 0.00 0.00 0.00 0.00 0.00 0.00 0.00 0.00 0.00 0.00 0.00 0.00 0.00 0.00 0.00 0.00 0.00 0.00 0.00 0.00 0.00 0.00 0.00 0.00 0.00 0.00 0.00 0.00 0.00 0.00 0.00 0.00 0.00 0.00 0.00 0.00 0.00 0.00 0.00 0.00 0.00 0.00
23.64 16.15 46.34 46.41 49.42 49.49 46.65 46.73 46.81 46.90 46.98 47.07 47.16 47.12 47.21 47.30 47.39 50.14 46.75 48.93 49.01 39.02 47.06 47.14 47.22 55.48 55.55 55.63 55.70 55.14 48.05 48.10 43.95 48.22 48.27 0.00 0.00 0.00 0.00 0.00 0.00 0.00 0.00 0.00 0.00 0.00 0.00 0.00 0.00 0.00 0.00 0.00 0.00 0.00 0.00 0.00 0.00 0.00 0.00 0.00 0.00 0.00 0.00 0.00 0.00 0.00 0.00 0.00 0.00 0.00 0.00 0.00 0.00 0.00 0.00 0.00 0.00 0.00 0.00 0.00 0.00
16.16 16.19 16.22 16.25 46.60 49.59 49.67 46.83 46.92 47.00 47.09 47.17 47.26 49.91 47.30 50.06 50.14 47.56 48.93 49.00 49.07 47.05 58.08 55.42 55.46 55.53 55.60 55.68 55.75 48.03 48.08 48.14 48.19 48.25 48.30 0.00 0.00 0.00 0.00 0.00 0.00 0.00 0.00 0.00 0.00 0.00 0.00 0.00 0.00 0.00 0.00 0.00 0.00 0.00 0.00 0.00 0.00 0.00 0.00 0.00 0.00 0.00 0.00 0.00 0.00 0.00 0.00 0.00 0.00 0.00 0.00 0.00 0.00 0.00 0.00 0.00 0.00 0.00 0.00 0.00 0.00
16.21 46.48 46.55 16.29 16.32 16.35 16.38 16.41 16.45 47.10 47.18 47.27 47.35 47.30 47.39 50.14 47.56 47.64 47.73 46.96 49.13 47.11 55.37 55.44 16.65 55.58 55.66 55.73 48.53 48.06 48.12 48.17 0.00 0.00 0.00 0.00 0.00 0.00 0.00 0.00 0.00 0.00 0.00 0.00 0.00 0.00 0.00 0.00 0.00 0.00 0.00 0.00 0.00 0.00 0.00 0.00 0.00 0.00 0.00 0.00 0.00 0.00 0.00 0.00 0.00 0.00 0.00 0.00 0.00 0.00 0.00 0.00 0.00 0.00 0.00 0.00 0.00 0.00 0.00 0.00 0.00
16.25 46.45 46.52 46.59 16.36 16.39 16.42 16.45 23.89 16.52 47.13 47.21 47.30 47.23 47.31 47.40 47.48 47.56 47.65 48.67 46.72 46.80 54.85 54.92 54.99 55.05 55.12 47.90 47.95 47.64 47.69 0.00 0.00 0.00 0.00 0.00 0.00 0.00 0.00 0.00 0.00 0.00 0.00 0.00 0.00 0.00 0.00 0.00 0.00 0.00 0.00 0.00 0.00 0.00 0.00 0.00 0.00 0.00 0.00 0.00 0.00 0.00 0.00 0.00 0.00 0.00 0.00 0.00 0.00 0.00 0.00 0.00 0.00 0.00 0.00 0.00 0.00 0.00 0.00 0.00 0.00
16.29 16.31 46.62 46.69 46.76 16.43 16.46 16.49 23.94 16.55 16.59 47.30 47.39 47.31 47.39 47.48 47.56 47.64 47.72 46.71 46.78 46.85 46.92 54.97 55.03 47.83 47.88 47.93 47.98 47.67 0.00 0.00 0.00 0.00 0.00 0.00 0.00 0.00 0.00 0.00 0.00 0.00 0.00 0.00 0.00 0.00 0.00 0.00 0.00 0.00 0.00 0.00 0.00 0.00 0.00 0.00 0.00 0.00 0.00 0.00 0.00 0.00 0.00 0.00 0.00 0.00 0.00 0.00 0.00 0.00 0.00 0.00 0.00 0.00 0.00 0.00 0.00 0.00 0.00 0.00 0.00
