New_Model_Runs/9_Future_Present_Scn2_out/post_prcessed_with_MFR/actual_et_annual.asc
NCOLS 700
NROWS 400
XLLCENTER 515000.000000
YLLCENTER 8409000.000000
CELLSIZE 50.000000
NODATA_value -999.000000
[rows 144 to 179 of 400, columns 405 to 485 of 700]
0.00 0.00 0.00 0.00 0.00 0.00 0.00 0.00 0.00 0.00 0.00 0.00 0.00 0.00 0.00 0.00 0.00 0.00 25.60 8.91 8.91 8.91 27.04 27.04 8.91 8.91 8.91 14.41 14.41 21.14 14.41 14.41 14.41 14.41 14.41 14.41 14.41 14.41 14.41 14.41 14.41 14.41 14.41 12.25 12.25 39.55 39.55 39.55 39.55 39.55 39.55 12.25 12.25 12.25 12.25 12.25 12.25 12.25 12.25 10.93 10.93 10.93 10.93 10.93 10.93 10.93 16.02 10.93 10.93 10.93 10.93 10.93 10.93 10.93 10.93 12.24 12.24 12.24 12.24 12.24 12.24
0.00 0.00 0.00 0.00 0.00 0.00 0.00 0.00 0.00 0.00 0.00 0.00 0.00 0.00 0.00 0.00 0.00 10.49 10.49 10.49 10.49 34.96 27.04 8.91 8.91 8.91 8.91 14.41 14.41 14.41 14.41 14.41 14.41 14.41 14.41 14.41 14.41 14.41 14.41 14.41 14.41 14.41 14.41 12.25 12.25 39.55 39.55 12.25 39.55 39.55 39.55 12.25 12.25 12.25 12.25 12.25 12.25 12.25 12.25 10.93 10.93 10.93 10.93 10.93 10.93 16.02 16.02 10.93 10.93 10.93 10.93 10.93 10.93 10.93 10.93 12.24 12.24 12.24 12.24 12.24 12.24
0.00 0.00 0.00 0.00 0.00 0.00 0.00 0.00 0.00 0.00 0.00 0.00 0.00 0.00 0.00 0.00 0.00 33.07 9.92 9.92 33.07 33.07 8.41 8.41 8.41 8.41 8.41 13.70 13.70 13.70 13.70 13.70 13.70 13.70 13.70 13.70 13.70 13.70 13.70 13.70 13.70 13.70 13.70 12.20 12.20 12.20 12.20 12.20 12.20 12.20 39.27 12.20 12.20 12.20 12.20 12.20 12.20 12.20 12.20 13.25 13.25 13.25 13.25 13.25 13.25 13.25 19.43 13.25 13.25 13.25 13.25 13.25 13.25 13.25 13.25 12.04 12.04 12.04 12.04 12.04 12.04
0.00 0.00 0.00 0.00 0.00 0.00 0.00 0.00 0.00 0.00 0.00 0.00 0.00 0.00 0.00 0.00 0.00 9.92 33.07 9.92 25.52 12.34 8.41 8.41 8.41 8.41 8.41 13.69 13.69 13.69 13.69 20.09 20.09 13.69 13.69 13.69 13.69 13.69 13.69 13.69 13.69 13.69 13.69 12.20 12.20 12.20 12.20 12.20 12.20 12.20 39.27 12.20 12.20 12.20 12.20 12.20 12.20 12.20 12.20 13.25 13.25 13.25 13.25 13.25 13.25 13.25 13.25 13.25 13.25 13.25 13.25 13.25 13.25 13.25 13.25 12.04 12.04 12.04 12.04 12.04 12.04
0.00 0.00 0.00 0.00 0.00 0.00 0.00 0.00 0.00 0.00 0.00 0.00 0.00 0.00 0.00 0.00 0.00 24.62 9.92 33.07 8.41 8.41 8.41 8.41 8.41 8.41 8.41 13.69 13.69 13.69 13.69 13.69 20.09 13.69 13.69 13.69 13.69 13.69 13.69 13.69 13.69 13.69 13.69 12.20 17.89 12.20 12.20 12.20 12.20 12.20 12.20 12.20 12.20 12.20 12.20 12.20 12.20 12.20 12.20 13.25 13.25 13.25 13.25 13.25 13.25 13.25 13.25 13.25 13.25 13.25 13.25 13.25 13.25 13.25 13.25 12.04 12.04 12.04 12.04 12.04 12.04
0.00 0.00 0.00 0.00 0.00 0.00 0.00 0.00 0.00 0.00 0.00 0.00 0.00 0.00 0.00 0.00 0.00 0.32 33.07 33.07 12.34 8.41 8.41 8.41 8.41 8.41 8.41 13.69 13.69 13.69 13.69 13.69 13.69 13.69 13.69 13.69 13.69 13.69 13.69 13.69 13.69 13.69 13.69 12.20 17.89 17.89 12.20 12.20 12.20 12.20 12.20 17.89 12.20 12.20 12.20 12.20 12.20 12.20 12.20 13.25 13.25 13.25 13.25 13.25 13.25 13.25 13.25 13.25 13.25 13.25 13.25 13.25 13.25 13.25 13.25 12.04 12.04 12.04 12.04 12.04 12.04
0.00 0.00 0.00 0.00 0.00 0.00 0.00 0.00 0.00 0.00 0.00 0.00 0.00 0.00 0.00 0.00 0.00 0.00 33.07 9.92 2.52 8.41 12.34 12.34 8.41 12.34 12.34 13.69 13.69 13.69 20.09 20.09 13.69 13.69 13.69 13.69 13.69 13.69 13.69 13.69 13.69 13.69 13.69 12.20 12.20 12.20 12.20 12.20 12.20 12.20 17.89 17.89 12.20 12.20 12.20 17.89 12.20 12.20 12.20 13.25 13.25 13.25 13.25 13.25 13.25 13.25 13.25 13.25 13.25 13.25 13.25 13.25 13.25 13.25 13.25 12.04 12.04 12.04 12.04 12.04 12.04
0.00 0.00 0.00 0.00 0.00 0.00 0.00 0.00 0.00 0.00 0.00 0.00 0.00 0.00 0.00 0.00 0.00 0.00 1.05 24.62 9.92 25.52 12.34 8.41 8.41 8.41 8.41 13.69 13.69 13.69 13.69 13.69 13.69 13.69 13.69 13.69 13.69 13.69 13.69 13.69 13.69 13.69 13.69 12.20 12.20 12.20 12.20 12.20 12.20 12.20 12.20 12.20 12.20 12.20 12.20 12.20 12.20 12.20 12.20 13.25 13.25 13.25 13.25 13.25 13.25 13.25 13.25 13.25 13.25 13.25 13.25 13.25 13.25 13.25 13.25 17.66 12.04 12.04 12.04 12.04 12.04
0.00 0.00 0.00 0.00 0.00 0.00 0.00 0.00 0.00 0.00 0.00 0.00 0.00 0.00 0.00 0.00 0.00 0.00 33.07 33.07 9.92 8.41 12.34 12.34 8.41 8.41 8.41 13.69 13.69 13.69 13.69 13.69 13.69 13.69 13.69 13.69 13.69 13.69 13.69 13.69 13.69 13.69 13.69 12.20 12.20 12.20 12.20 12.20 12.20 12.20 12.20 12.20 12.20 12.20 12.20 12.20 12.20 12.20 12.20 13.25 13.25 13.25 13.25 13.25 13.25 13.25 13.25 13.25 13.25 13.25 13.25 13.25 13.25 13.25 13.25 12.04 12.04 12.04 12.04 12.04 12.04
0.00 0.00 0.00 0.00 0.00 0.00 0.00 0.00 0.00 0.00 0.00 0.00 0.00 0.00 0.00 0.00 0.00 0.00 24.62 9.92 33.07 8.41 12.34 8.41 8.41 8.41 8.41 13.69 13.69 13.69 13.69 13.69 13.69 13.69 13.69 13.69 13.69 13.69 13.69 13.69 13.69 13.69 13.69 12.20 12.20 12.20 12.20 12.20 12.20 12.20 12.20 12.20 12.20 12.20 12.20 12.20 12.20 12.20 12.20 13.25 13.25 13.25 13.25 13.25 13.25 13.25 13.25 13.25 13.25 13.25 13.25 13.25 13.25 13.25 13.25 12.04 43.31 43.31 43.31 12.04 12.04
0.00 0.00 0.00 0.00 0.00 0.00 0.00 0.00 0.00 0.00 0.00 0.00 0.00 0.00 0.00 0.00 0.00 0.00 8.41 8.41 8.41 8.41 8.41 8.41 8.41 8.41 8.41 13.69 13.69 13.69 13.69 13.69 13.69 13.69 13.69 13.69 13.69 13.69 13.69 13.69 13.69 13.69 13.69 17.89 17.89 12.20 12.20 12.20 12.20 12.20 12.20 12.20 12.20 12.20 12.20 12.20 12.20 12.20 12.20 13.25 13.25 13.25 13.25 13.25 13.25 13.25 13.25 13.25 13.25 13.25 13.25 13.25 13.25 13.25 13.25 12.04 43.31 1.05 0.00 12.04 12.04
0.00 0.00 0.00 0.00 0.00 0.00 0.00 0.00 0.00 0.00 0.00 0.00 0.00 0.00 0.00 0.00 0.00 0.00 8.41 8.41 8.41 8.41 8.41 8.41 8.41 8.41 8.41 13.69 13.69 13.69 13.69 13.69 13.69 13.69 13.69 20.09 13.69 13.69 13.69 13.69 13.69 13.69 13.69 12.20 17.89 17.89 12.20 12.20 12.20 12.20 12.20 12.20 12.20 12.20 12.20 12.20 12.20 12.20 12.20 13.25 13.25 19.43 13.25 13.25 13.25 13.25 13.25 13.25 13.25 13.25 13.25 13.25 13.25 13.25 13.25 0.00 0.00 0.00 0.00 0.00 0.00
0.00 0.00 0.00 0.00 0.00 0.00 0.00 0.00 0.00 0.00 0.00 0.00 0.00 0.00 0.00 0.00 0.00 8.41 8.41 8.41 8.41 8.41 8.41 8.41 8.41 12.34 8.41 13.69 13.69 13.69 13.69 13.69 13.69 13.69 13.69 20.09 13.69 13.69 13.69 13.69 13.69 13.69 13.69 12.20 38.37 12.20 12.20 12.20 12.20 12.20 12.20 12.20 12.20 12.20 12.20 12.20 12.20 12.20 12.20 13.25 13.25 13.25 13.25 13.25 13.25 13.25 13.25 13.25 13.25 13.25 13.25 13.25 13.25 13.25 0.00 0.00 0.00 0.00 0.00 0.00 0.00
0.00 0.00 0.00 0.00 0.00 0.00 0.00 0.00 0.00 0.00 0.00 0.00 0.00 0.00 0.00 0.00 0.00 0.00 8.41 8.41 8.41 8.41 8.41 8.41 8.41 8.41 8.41 13.69 13.69 13.69 13.69 13.69 13.69 13.69 13.69 13.69 13.69 13.69 13.69 13.69 20.09 13.69 13.69 12.20 36.67 12.20 12.20 12.20 12.20 12.20 12.20 12.20 12.20 12.20 12.20 12.20 12.20 12.20 12.20 13.25 13.25 13.25 13.25 13.25 13.25 13.25 13.25 13.25 13.25 13.25 13.25 19.43 13.25 13.25 0.00 0.00 0.00 0.00 0.00 0.00 0.00
0.00 0.00 0.00 0.00 0.00 0.00 0.00 0.00 0.00 0.00 0.00 0.00 0.00 0.00 0.00 0.00 0.00 0.00 8.41 8.41 8.41 8.41 8.41 8.41 8.41 8.41 12.34 13.69 13.69 20.09 13.69 13.69 13.69 13.69 13.69 13.69 13.69 13.69 13.69 13.69 13.69 13.69 13.69 12.20 36.67 12.20 12.20 12.20 12.20 12.20 12.20 12.20 12.20 12.20 12.20 12.20 12.20 12.20 12.20 13.25 13.25 13.25 13.25 13.25 13.25 13.25 13.25 13.25 13.25 13.25 13.25 19.43 13.25 13.25 0.00 0.00 0.00 0.00 0.00 0.00 0.00
0.00 0.00 0.00 0.00 0.00 0.00 0.00 0.00 0.00 0.00 0.00 0.00 0.00 0.00 0.00 0.00 0.00 0.00 0.00 8.41 8.41 8.41 8.41 8.41 8.41 8.41 12.34 13.69 13.69 13.69 20.09 13.69 13.69 13.69 13.69 13.69 13.69 13.69 20.09 13.69 13.69 13.69 39.86 38.36 36.67 36.67 36.10 12.20 12.20 12.20 12.20 12.20 12.20 12.20 12.20 12.20 12.20 12.20 12.20 13.25 13.25 13.25 13.25 13.25 13.25 13.25 13.25 13.25 13.25 13.25 13.25 19.43 13.25 13.25 0.00 0.00 0.00 0.00 0.00 0.00 0.00
0.00 0.00 0.00 0.00 0.00 0.00 0.00 0.00 0.00 0.00 0.00 0.00 0.00 0.00 0.00 0.00 0.00 0.00 1.13 9.93 8.41 8.41 8.41 8.41 8.41 8.41 8.41 13.69 13.69 13.69 13.69 13.69 13.69 13.69 13.69 13.69 13.69 13.69 13.69 13.69 13.69 13.69 13.69 12.20 38.36 38.91 36.10 12.20 12.20 12.20 12.20 12.20 12.20 12.20 12.20 12.20 12.20 12.20 12.20 13.25 13.25 13.25 13.25 13.25 13.25 13.25 13.25 13.25 13.25 13.25 13.25 19.43 13.25 13.25 0.00 0.00 0.00 0.00 0.00 0.00 0.00
0.00 0.00 0.00 0.00 0.00 0.00 0.00 0.00 0.00 0.00 0.00 0.00 0.00 0.00 0.00 0.00 0.00 0.00 33.08 33.08 9.93 8.41 8.41 8.41 8.41 8.41 8.41 13.69 13.69 13.69 13.69 13.69 13.69 13.69 13.69 13.69 13.69 13.69 13.69 13.69 13.69 20.09 13.69 12.20 45.28 38.91 12.20 12.20 12.20 12.20 12.20 12.20 12.20 12.20 12.20 12.20 12.20 12.20 12.20 13.25 13.25 13.25 13.25 13.25 13.25 19.43 13.25 13.25 13.25 13.25 13.25 19.43 13.25 0.00 0.00 0.00 0.00 0.00 0.00 0.00 0.00
0.00 0.00 0.00 0.00 0.00 0.00 0.00 0.00 0.00 0.00 0.00 0.00 0.00 0.00 0.00 0.00 0.00 0.00 1.13 31.28 9.38 7.95 7.95 7.95 7.95 7.95 7.95 8.03 8.03 8.03 8.03 8.03 8.03 8.03 8.03 8.03 8.03 8.03 8.03 8.03 8.03 11.78 24.35 26.48 11.69 11.69 7.97 7.97 7.97 7.97 7.97 7.97 7.97 7.97 7.97 7.97 7.97 7.97 7.97 11.67 7.96 7.96 7.96 7.96 7.96 7.96 7.96 7.96 7.96 7.96 7.96 7.96 7.96 0.00 0.00 0.00 0.00 0.00 0.00 0.00 0.00
0.00 0.00 0.00 0.00 0.00 0.00 0.00 0.00 0.00 0.00 0.00 0.00 0.00 0.00 0.00 0.00 0.00 0.00 1.13 31.28 7.95 7.95 7.95 7.95 7.95 7.95 7.95 8.03 8.03 8.03 8.03 8.03 8.03 8.03 8.03 8.03 8.03 8.03 8.03 8.03 8.03 26.76 31.47 7.97 7.97 7.97 11.69 7.97 7.97 7.97 7.97 7.97 7.97 7.97 7.97 7.97 7.97 7.97 7.97 7.96 7.96 7.96 7.96 7.96 7.96 7.96 7.96 7.96 7.96 7.96 7.96 7.96 7.96 0.00 0.00 0.00 0.00 0.00 0.00 0.00 0.00
0.00 0.00 0.00 0.00 0.00 0.00 0.00 0.00 0.00 0.00 0.00 0.00 0.00 0.00 0.00 0.00 0.00 0.00 0.00 31.28 31.28 11.66 7.95 7.95 7.95 7.95 7.95 8.03 8.03 8.03 8.03 8.03 8.03 8.03 8.03 8.03 8.03 8.03 8.03 8.03 8.03 26.76 24.35 7.97 7.97 7.97 11.69 7.97 7.97 7.97 7.97 7.97 7.97 7.97 7.97 7.97 7.97 7.97 7.97 7.96 7.96 7.96 7.96 7.96 7.96 7.96 7.96 7.96 7.96 7.96 7.96 7.96 7.96 0.00 0.00 0.00 0.00 0.00 0.00 0.00 0.00
0.00 0.00 0.00 0.00 0.00 0.00 0.00 0.00 0.00 0.00 0.00 0.00 0.00 0.00 0.00 0.00 0.00 0.00 0.00 31.28 31.28 7.95 7.95 7.95 7.95 7.95 7.95 8.03 8.03 8.03 8.03 8.03 8.03 8.03 8.03 8.03 8.03 8.03 8.03 8.03 31.58 24.35 8.03 7.97 7.97 7.97 7.97 7.97 7.97 7.97 7.97 7.97 7.97 7.97 7.97 7.97 7.97 7.97 7.97 7.96 7.96 11.67 7.96 7.96 7.96 11.67 7.96 7.96 7.96 7.96 7.96 7.96 0.00 0.00 0.00 0.00 0.00 0.00 0.00 0.00 0.00
0.00 0.00 0.00 0.00 0.00 0.00 0.00 0.00 0.00 0.00 0.00 0.00 0.00 0.00 0.00 0.00 0.00 0.00 0.00 0.00 31.28 25.18 7.95 7.95 7.95 7.95 7.95 8.03 8.03 8.03 8.03 8.03 8.03 8.03 8.03 8.03 8.03 8.03 8.03 8.03 23.77 23.77 8.03 7.97 11.69 7.97 7.97 7.97 7.97 7.97 7.97 7.97 7.97 7.97 7.97 7.97 7.97 7.97 7.97 7.96 7.96 7.96 7.96 7.96 7.96 7.96 7.96 7.96 7.96 7.96 7.96 11.67 0.00 0.00 0.00 0.00 0.00 0.00 0.00 0.00 0.00
0.00 0.00 0.00 0.00 0.00 0.00 0.00 0.00 0.00 0.00 0.00 0.00 0.00 0.00 0.00 0.00 0.00 0.00 0.00 0.00 1.13 7.95 7.95 7.95 7.95 7.95 7.95 8.03 8.03 8.03 8.03 8.03 8.03 8.03 8.03 8.03 8.03 8.03 8.03 8.03 31.58 31.58 8.03 7.97 7.97 7.97 7.97 7.97 11.69 7.97 7.97 7.97 7.97 7.97 7.97 7.97 7.97 7.97 7.97 7.96 7.96 7.96 7.96 7.96 7.96 7.96 11.67 11.67 11.67 7.96 7.96 1.13 0.00 0.00 0.00 0.00 0.00 0.00 0.00 0.00 0.00
0.00 0.00 0.00 0.00 0.00 0.00 0.00 0.00 0.00 0.00 0.00 0.00 0.00 0.00 0.00 0.00 0.00 0.00 0.00 0.00 0.00 7.95 7.95 7.95 7.95 7.95 7.95 8.03 8.03 8.03 8.03 8.03 8.03 8.03 8.03 8.03 8.03 8.03 8.03 8.03 8.03 31.58 31.58 31.08 31.08 24.15 7.97 7.97 7.97 7.97 7.97 7.97 7.97 7.97 11.69 7.97 7.97 11.69 11.69 7.96 7.96 26.48 7.96 7.96 7.96 7.96 7.96 7.96 31.13 0.00 0.00 0.00 0.00 0.00 0.00 0.00 0.00 0.00 0.00 0.00 0.00
0.00 0.00 0.00 0.00 0.00 0.00 0.00 0.00 0.00 0.00 0.00 0.00 0.00 0.00 0.00 0.00 0.00 0.00 0.00 0.00 0.00 7.95 7.95 7.95 7.95 7.95 7.95 8.03 8.03 11.78 8.03 8.03 8.03 8.03 8.03 8.03 8.03 8.03 8.03 8.03 8.03 8.03 31.58 9.32 22.58 24.15 7.97 7.97 7.97 7.97 7.97 7.97 7.97 24.14 7.97 7.97 9.32 31.08 31.08 0.00 0.00 0.00 0.00 0.00 0.00 0.00 0.00 0.00 0.00 0.00 0.00 0.00 0.00 0.00 0.00 0.00 0.00 0.00 0.00 0.00 0.00
0.00 0.00 0.00 0.00 0.00 0.00 0.00 0.00 0.00 0.00 0.00 0.00 0.00 0.00 0.00 0.00 0.00 0.00 0.00 0.00 0.00 7.95 7.95 7.95 7.95 7.95 7.95 8.03 8.03 11.78 8.03 8.03 8.03 8.03 8.03 8.03 8.03 8.03 8.03 8.03 8.03 8.03 31.58 22.58 22.58 7.97 7.97 7.97 7.97 7.97 7.97 9.32 31.08 22.58 31.08 9.32 22.58 0.00 0.00 0.00 0.00 0.00 0.00 0.00 0.00 0.00 0.00 0.00 0.00 0.00 0.00 0.00 0.00 0.00 0.00 0.00 0.00 0.00 0.00 0.00 0.00
0.00 0.00 0.00 0.00 0.00 0.00 0.00 0.00 0.00 0.00 0.00 0.00 0.00 0.00 0.00 0.00 0.00 0.00 0.00 0.00 0.00 1.13 7.95 7.95 7.95 7.95 7.95 11.78 8.03 8.03 8.03 8.03 8.03 8.03 8.03 8.03 8.03 8.03 8.03 8.03 8.03 2.41 9.47 31.34 22.58 7.97 7.97 11.69 7.97 7.97 31.08 31.08 31.08 31.08 0.00 0.00 0.00 0.00 0.00 0.00 0.00 0.00 0.00 0.00 0.00 0.00 0.00 0.00 0.00 0.00 0.00 0.00 0.00 0.00 0.00 0.00 0.00 0.00 0.00 0.00 0.00
0.00 0.00 0.00 0.00 0.00 0.00 0.00 0.00 0.00 0.00 0.00 0.00 0.00 0.00 0.00 0.00 0.00 0.00 0.00 0.00 0.00 0.00 31.28 7.95 7.95 11.66 7.95 8.03 8.03 2.41 8.03 8.03 8.03 8.03 8.03 8.03 8.03 8.03 8.03 8.03 8.03 31.58 0.00 0.00 0.00 0.00 7.97 7.97 7.97 31.08 1.05 0.00 0.00 0.00 0.00 0.00 0.00 0.00 0.00 0.00 0.00 0.00 0.00 0.00 0.00 0.00 0.00 0.00 0.00 0.00 0.00 0.00 0.00 0.00 0.00 0.00 0.00 0.00 0.00 0.00 0.00
0.00 0.00 0.00 0.00 0.00 0.00 0.00 0.00 0.00 0.00 0.00 0.00 0.00 0.00 0.00 0.00 0.00 0.00 0.00 0.00 0.00 0.00 7.95 7.95 7.95 7.95 7.95 11.78 23.77 9.47 8.03 2.41 31.58 8.03 8.03 8.03 8.03 8.03 8.03 31.58 31.58 0.00 0.00 0.00 0.00 0.00 7.97 7.97 0.00 0.00 0.00 0.00 0.00 0.00 0.00 0.00 0.00 0.00 0.00 0.00 0.00 0.00 0.00 0.00 0.00 0.00 0.00 0.00 0.00 0.00 0.00 0.00 0.00 0.00 0.00 0.00 0.00 0.00 0.00 0.00 0.00
0.00 0.00 0.00 0.00 0.00 0.00 0.00 0.00 0.00 0.00 0.00 0.00 0.00 0.00 0.00 0.00 0.00 0.00 0.00 0.00 1.13 7.95 7.95 7.95 7.95 7.95 0.00 0.00 0.00 0.00 31.58 9.47 23.77 2.41 8.03 8.03 8.03 11.78 8.03 0.00 0.00 0.00 0.00 0.00 0.00 0.00 0.00 0.00 0.00 0.00 0.00 0.00 0.00 0.00 0.00 0.00 0.00 0.00 0.00 0.00 0.00 0.00 0.00 0.00 0.00 0.00 0.00 0.00 0.00 0.00 0.00 0.00 0.00 0.00 0.00 0.00 0.00 0.00 0.00 0.00 0.00
0.00 0.00 0.00 0.00 0.00 0.00 0.00 0.00 0.00 0.00 0.00 0.00 0.00 0.00 0.00 0.00 0.00 0.00 0.00 7.95 7.95 11.66 11.66 24.12 26.51 26.51 0.00 0.00 0.00 0.00 0.00 0.00 1.05 31.58 31.58 23.77 0.32 0.00 0.00 0.00 0.00 0.00 0.00 0.00 0.00 0.00 0.00 0.00 0.00 0.00 0.00 0.00 0.00 0.00 0.00 0.00 0.00 0.00 0.00 0.00 0.00 0.00 0.00 0.00 0.00 0.00 0.00 0.00 0.00 0.00 0.00 0.00 0.00 0.00 0.00 0.00 0.00 0.00 0.00 0.00 0.00
0.00 0.00 0.00 0.00 0.00 0.00 0.00 0.00 0.00 0.00 0.00 0.00 0.00 0.00 0.00 0.00 0.00 0.00 31.28 31.28 7.95 24.12 24.12 0.00 0.00 0.00 0.00 0.00 0.00 0.00 0.00 0.00 0.00 0.00 0.00 0.00 0.00 0.00 0.00 0.00 0.00 0.00 0.00 0.00 0.00 0.00 0.00 0.00 0.00 0.00 0.00 0.00 0.00 0.00 0.00 0.00 0.00 0.00 0.00 0.00 0.00 0.00 0.00 0.00 0.00 0.00 0.00 0.00 0.00 0.00 0.00 0.00 0.00 0.00 0.00 0.00 0.00 0.00 0.00 0.00 0.00
0.00 0.00 0.00 0.00 0.00 0.00 0.00 0.00 0.00 0.00 0.00 0.00 0.00 0.00 0.00 0.00 0.00 0.00 0.00 0.00 31.28 26.51 0.00 0.00 0.00 0.00 0.00 0.00 0.00 0.00 0.00 0.00 0.00 0.00 0.00 0.00 0.00 0.00 0.00 0.00 0.00 0.00 0.00 0.00 0.00 0.00 0.00 0.00 0.00 0.00 0.00 0.00 0.00 0.00 0.00 0.00 0.00 0.00 0.00 0.00 0.00 0.00 0.00 0.00 0.00 0.00 0.00 0.00 0.00 0.00 0.00 0.00 0.00 0.00 0.00 0.00 0.00 0.00 0.00 0.00 0.00
0.00 0.00 0.00 0.00 0.00 0.00 0.00 0.00 0.00 0.00 0.00 0.00 0.00 0.00 0.00 0.00 0.00 0.00 0.00 0.00 0.00 30.74 0.00 0.00 0.00 0.00 0.00 0.00 0.00 0.00 0.00 0.00 0.00 0.00 0.00 0.00 0.00 0.00 0.00 0.00 0.00 0.00 0.00 0.00 0.00 0.00 0.00 0.00 0.00 0.00 0.00 0.00 0.00 0.00 0.00 0.00 0.00 0.00 0.00 0.00 0.00 0.00 0.00 0.00 0.00 0.00 0.00 0.00 0.00 0.00 0.00 0.00 0.00 0.00 0.00 0.00 0.00 0.00 0.00 0.00 0.00
0.00 0.00 0.00 0.00 0.00 0.00 0.00 0.00 0.00 0.00 0.00 0.00 0.00 0.00 0.00 0.00 0.00 0.00 0.00 0.00 0.00 0.00 0.00 0.00 0.00 0.00 0.00 0.00 0.00 0.00 0.00 0.00 0.00 0.00 0.00 0.00 0.00 0.00 0.00 0.00 0.00 0.00 0.00 0.00 0.00 0.00 0.00 0.00 0.00 0.00 0.00 0.00 0.00 0.00 0.00 0.00 0.00 0.00 0.00 0.00 0.00 0.00 0.00 0.00 0.00 0.00 0.00 0.00 0.00 0.00 0.00 0.00 0.00 0.00 0.00 0.00 0.00 0.00 0.00 0.00 0.00
