New_Model_Runs/9_Future_Present_Scn2_out/post_prcessed_with_MFR/interception_annual.asc
NCOLS 700
NROWS 400
XLLCENTER 515000.000000
YLLCENTER 8409000.000000
CELLSIZE 50.000000
NODATA_value -999.000000
[rows 108 to 143 of 400, columns 324 to 404 of 700]
0.00 0.00 0.00 0.00 0.00 0.00 0.00 0.00 0.00 0.00 0.00 0.00 0.00 0.00 0.00 0.00 0.00 17.86 17.86 17.86 20.36 20.36 20.36 20.36 20.94 20.94 20.94 20.94 20.71 20.71 20.71 20.71 19.88 19.88 19.88 19.88 19.54 19.54 19.54 19.54 19.67 19.67 19.67 19.67 20.10 20.10 20.10 20.10 20.44 20.44 20.44 20.44 20.34 20.34 20.34 20.34 21.37 21.37 21.37 21.37 21.58 21.58 21.58 21.58 20.24 20.24 20.24 20.24 20.36 20.36 20.36 20.36 20.36 20.36 20.36 20.36 19.40 19.40 19.40 19.40 18.94
0.00 0.00 0.00 0.00 0.00 0.00 0.00 0.00 0.00 0.00 0.00 0.00 0.00 0.00 0.00 0.00 0.00 14.67 17.86 17.86 20.36 20.36 20.36 20.36 20.94 20.94 20.94 20.94 20.71 20.71 20.71 20.71 19.88 19.88 19.88 19.88 19.54 19.54 19.54 19.54 19.67 19.67 19.67 19.67 20.10 20.10 20.10 20.10 20.44 20.44 20.44 20.44 20.34 20.34 20.34 20.34 21.37 21.37 21.37 21.37 21.58 21.58 21.58 21.58 20.24 20.24 20.24 20.24 20.36 20.36 20.36 20.36 20.36 20.36 20.36 20.36 19.40 19.40 19.40 19.40 18.94
0.00 0.00 0.00 0.00 0.00 0.00 0.00 0.00 0.00 0.00 0.00 0.00 0.00 0.00 0.00 0.00 0.00 17.86 17.86 17.86 20.36 20.36 20.36 20.36 20.94 20.94 20.94 20.94 20.71 20.71 20.71 20.71 19.88 19.88 19.88 19.88 19.54 19.54 19.54 19.54 19.91 19.67 19.67 19.67 20.10 20.10 20.10 20.10 20.44 20.44 20.44 20.44 20.34 20.34 20.34 20.34 21.37 21.37 21.37 21.37 21.58 21.58 21.58 21.58 20.24 20.24 20.24 20.24 20.36 20.36 20.36 20.36 20.36 20.36 20.36 20.36 19.40 19.40 19.40 19.40 18.94
0.00 0.00 0.00 0.00 0.00 0.00 0.00 0.00 0.00 0.00 0.00 0.00 0.00 0.00 0.00 0.00 17.86 17.86 17.86 17.86 20.36 20.36 20.36 20.36 20.94 20.94 20.94 20.94 20.71 20.71 20.71 20.71 19.88 19.88 19.88 19.88 19.54 19.54 19.54 19.54 19.91 19.67 19.67 19.67 20.10 20.10 20.10 20.10 20.44 20.44 20.44 20.44 20.34 20.34 20.34 20.34 21.37 21.37 21.37 21.37 21.58 21.58 21.58 21.58 20.24 20.24 20.24 20.24 20.36 20.36 20.36 20.36 20.36 20.36 20.36 20.36 19.40 19.40 19.40 19.40 18.94
0.00 0.00 0.00 0.00 7.89 16.60 0.00 0.00 0.00 0.00 0.00 0.00 0.00 0.00 0.00 0.00 19.44 19.44 19.44 19.44 21.32 21.32 21.32 21.32 21.30 21.30 21.30 21.30 21.29 21.29 21.29 21.29 20.28 20.28 20.28 20.28 20.04 20.04 20.04 20.04 20.64 20.39 20.39 20.39 20.94 20.94 20.94 20.94 21.25 21.25 21.25 21.25 21.87 21.87 21.87 21.87 23.31 23.31 23.31 23.31 23.18 23.18 23.18 23.18 22.42 22.42 22.42 22.42 22.15 22.15 22.15 22.15 21.93 21.93 21.93 21.93 21.43 21.43 21.43 21.43 21.16
0.00 0.00 0.00 17.69 16.60 16.60 16.60 0.00 0.00 0.00 0.00 0.00 0.00 0.00 0.00 16.88 19.44 19.44 19.44 19.44 21.32 21.32 21.32 21.32 21.30 21.30 21.30 21.30 21.29 21.29 21.29 21.29 20.28 20.28 20.28 20.28 20.04 20.04 20.04 20.04 20.64 20.64 20.39 20.39 20.94 20.94 20.94 20.94 21.25 21.25 21.25 21.25 21.87 21.87 21.87 21.87 23.31 23.31 23.31 23.31 23.18 23.18 23.18 23.18 22.42 22.42 22.42 22.42 22.15 22.15 22.15 22.15 21.93 21.93 21.93 21.93 21.43 21.43 21.43 21.43 21.16
18.01 0.00 0.00 18.01 16.86 16.86 16.86 0.00 0.00 0.00 0.00 0.00 0.00 0.00 17.12 17.12 19.77 19.77 19.77 19.77 21.74 21.74 21.74 21.74 21.72 21.72 21.72 21.72 21.46 21.46 21.46 21.46 20.43 20.43 20.43 20.43 20.18 20.18 20.18 20.18 20.80 20.80 20.56 20.56 20.96 20.96 20.96 20.96 21.27 21.27 21.27 21.27 21.90 21.90 21.90 21.90 23.34 23.34 23.34 23.34 23.03 23.03 23.03 23.03 22.28 22.28 22.28 22.28 22.01 22.01 22.01 22.01 21.79 21.79 21.79 21.79 21.17 21.17 21.17 21.17 20.90
18.01 18.01 18.01 18.01 16.86 16.86 16.86 0.00 0.00 0.00 0.00 0.00 17.12 17.12 17.12 17.12 19.77 19.77 19.77 19.77 21.74 21.74 21.74 21.74 21.72 21.72 21.72 21.72 21.46 21.46 21.46 21.46 20.43 20.43 20.43 20.43 20.18 20.18 20.18 20.18 20.80 20.80 20.56 20.56 20.96 20.96 20.96 20.96 21.27 21.27 21.27 21.27 21.90 21.90 21.90 21.90 23.34 23.34 23.34 23.34 23.03 23.03 23.03 23.03 22.28 22.28 22.28 22.28 22.01 22.01 22.01 22.01 21.79 21.79 21.79 21.79 21.17 21.17 21.17 21.17 20.90
18.65 18.65 18.65 18.65 18.00 18.00 18.00 18.00 18.35 18.35 18.35 18.35 21.40 21.40 16.52 21.40 23.24 23.24 23.24 23.24 23.43 23.43 23.43 23.43 22.85 22.85 22.85 22.85 22.55 22.55 22.55 22.55 21.98 21.98 21.98 21.98 22.21 22.21 22.21 22.21 22.54 22.54 22.54 22.31 22.76 22.76 22.76 22.76 23.39 23.39 23.39 23.39 24.30 24.30 24.30 24.30 22.82 22.82 22.82 22.82 20.55 20.55 20.55 20.55 19.69 19.69 19.69 19.69 19.87 19.87 19.87 19.87 20.04 20.04 20.04 20.04 20.37 20.37 20.37 20.37 21.06
18.65 18.65 18.65 18.65 18.00 18.00 18.00 18.00 18.35 18.35 18.35 18.35 21.40 21.40 16.52 21.40 23.24 23.24 23.24 23.24 23.43 23.43 23.43 23.43 22.85 22.85 22.85 22.85 22.55 22.55 22.55 22.55 21.98 21.98 21.98 21.98 22.21 22.21 22.21 22.21 22.54 22.54 22.54 22.31 22.76 22.76 22.76 22.76 23.39 23.39 23.39 23.39 24.30 24.30 24.30 24.30 22.82 22.82 22.82 22.82 20.55 20.55 20.55 20.55 19.69 19.69 19.69 19.69 19.87 19.87 19.87 19.87 20.04 20.04 20.04 20.04 20.37 20.37 20.37 20.37 21.06
18.65 18.65 18.65 18.65 18.00 18.00 18.00 18.00 14.93 18.35 18.35 18.35 21.40 16.52 21.40 21.40 23.24 23.24 23.24 23.24 23.43 23.43 23.43 23.43 22.85 22.85 22.85 22.85 22.55 22.55 22.55 22.55 21.98 21.98 21.98 21.98 22.21 22.21 22.21 22.21 22.54 22.54 22.54 22.54 22.76 22.76 22.76 22.76 23.39 23.39 23.39 23.39 24.30 24.30 24.30 24.30 22.82 22.82 22.82 22.82 20.55 20.55 20.55 20.55 19.69 19.69 19.69 19.69 19.87 19.87 19.87 19.87 20.04 20.04 20.04 20.04 20.37 20.37 20.37 20.37 21.06
18.65 18.65 18.65 18.65 18.00 18.00 18.00 18.00 18.35 14.93 18.35 18.35 16.52 21.40 21.40 21.40 23.24 23.24 23.24 23.24 23.43 23.43 23.43 23.43 22.85 22.85 22.85 22.85 22.55 22.55 22.55 22.55 21.98 21.98 21.98 21.98 22.21 22.21 22.21 22.21 22.54 22.54 22.54 22.54 22.76 22.76 22.76 22.76 23.39 23.39 23.39 23.39 24.30 24.30 24.30 24.30 22.82 22.82 22.82 22.82 20.55 20.55 20.55 20.55 19.69 19.69 19.69 19.69 19.87 19.87 19.87 19.87 20.04 20.04 20.04 20.04 20.37 20.37 20.37 20.37 21.06
19.83 19.83 19.83 19.83 21.76 21.76 21.76 21.76 23.89 23.89 23.89 23.89 25.17 25.17 25.17 25.17 23.82 23.82 23.82 23.82 22.84 22.84 22.84 22.84 22.21 22.21 22.21 22.21 21.85 21.85 21.85 21.85 22.19 22.19 22.19 22.19 22.44 22.44 22.44 22.44 22.66 22.66 22.66 17.16 22.73 22.73 22.73 22.73 22.18 22.18 16.85 22.18 20.21 20.21 20.21 20.21 17.40 17.40 17.40 17.40 15.90 15.90 15.90 15.90 15.58 15.58 15.58 15.58 16.24 16.24 16.24 16.24 16.59 16.59 16.59 16.59 17.27 17.27 17.27 17.27 18.70
19.83 19.83 19.83 19.83 21.76 21.76 21.76 21.76 23.89 23.89 23.89 23.89 25.17 25.17 25.17 25.17 23.82 23.82 23.82 23.82 22.84 22.84 22.84 22.84 22.21 22.21 22.21 22.21 21.85 21.85 21.85 21.85 22.19 22.19 22.19 22.19 22.44 22.44 22.44 22.44 22.66 22.66 22.66 22.66 22.95 22.73 22.73 22.73 22.18 22.18 22.18 22.18 20.21 20.21 20.21 20.21 17.40 17.40 17.40 17.40 15.90 15.90 15.90 15.90 15.58 15.58 15.58 15.58 16.24 16.24 16.24 16.24 16.59 16.59 16.59 16.59 17.27 17.27 17.27 17.27 18.70
19.83 19.83 19.83 19.83 21.76 21.76 21.76 21.76 23.89 23.89 23.89 23.89 25.17 25.17 25.17 25.17 23.82 23.82 23.82 23.82 22.84 22.84 22.84 22.84 22.21 22.21 22.21 22.21 21.85 21.85 21.85 21.85 22.19 22.19 22.19 22.19 22.44 22.44 22.44 22.44 22.66 22.66 22.66 22.66 22.95 22.73 22.73 22.73 22.18 22.18 22.18 22.18 20.21 20.21 20.21 20.21 17.40 17.40 17.40 17.40 15.90 15.90 15.90 15.90 15.58 13.49 13.49 15.58 16.24 16.24 16.24 16.24 16.59 16.59 16.59 16.59 17.27 17.27 17.27 17.27 18.70
15.77 19.83 19.83 19.83 21.76 21.76 21.76 21.76 23.89 23.89 23.89 23.89 25.17 25.17 25.17 25.17 23.82 23.82 23.82 23.82 22.84 22.84 22.84 22.84 22.21 22.21 22.21 22.21 21.85 21.85 21.85 21.85 22.19 22.19 22.19 22.19 22.44 22.44 22.44 22.44 22.66 22.66 22.66 22.66 22.95 22.73 22.73 22.73 22.18 22.18 22.18 22.18 20.21 20.21 20.21 20.21 17.40 17.40 17.40 17.40 15.90 15.90 15.90 15.90 15.58 13.49 0.00 0.00 13.83 16.24 16.24 16.24 16.59 16.59 16.59 16.59 17.27 17.27 17.27 17.27 18.70
18.96 18.96 23.22 23.22 25.44 25.44 25.44 25.44 23.37 23.37 23.37 23.37 20.68 20.68 20.68 20.68 19.62 19.62 19.62 19.62 19.46 19.46 19.46 19.46 19.02 19.02 19.02 19.02 19.02 19.02 19.02 19.02 19.43 19.43 19.43 19.43 19.99 19.99 19.99 19.99 20.00 20.00 20.00 20.00 19.74 19.74 19.52 19.52 18.82 18.82 18.82 18.82 17.03 17.03 17.03 17.03 15.67 15.67 15.67 15.67 15.13 13.26 15.13 15.13 15.03 13.21 0.00 0.00 13.35 15.30 15.30 15.30 15.58 15.58 15.58 15.58 16.12 16.12 16.12 16.12 12.64
18.96 18.96 23.22 23.22 25.44 25.44 25.44 25.44 23.37 23.37 23.37 23.37 20.68 20.68 20.68 20.68 19.62 19.62 19.62 19.62 19.46 19.46 19.46 19.46 19.02 19.02 19.02 19.02 19.02 19.02 19.02 19.02 19.43 19.43 19.43 19.43 19.99 19.99 19.99 19.99 20.00 20.00 20.00 20.00 19.74 19.74 19.52 19.52 18.82 18.82 18.82 18.82 17.03 17.03 17.03 17.03 15.67 15.67 15.67 15.67 15.13 15.13 13.26 14.39 0.00 0.00 0.00 0.00 0.00 13.35 15.30 8.35 13.49 14.75 15.58 14.75 16.12 16.12 16.12 16.12 12.64
18.96 18.96 18.96 23.22 25.44 25.44 25.44 25.44 23.37 23.37 23.37 23.37 20.68 20.68 20.68 20.68 19.62 19.62 19.62 19.62 19.46 19.46 19.46 19.46 19.02 19.02 19.02 19.02 19.02 19.02 19.02 19.02 19.43 19.43 19.43 19.43 19.99 19.99 19.99 19.99 20.00 20.00 20.00 20.00 19.74 19.74 19.52 19.52 18.82 18.82 18.82 18.82 17.03 17.03 17.03 17.03 15.67 15.67 8.43 13.55 15.13 15.13 14.39 14.39 0.00 0.00 0.00 0.00 0.00 0.00 0.00 0.00 0.00 0.00 0.00 14.75 16.12 16.12 16.12 16.12 12.64
18.96 18.96 18.96 18.96 25.44 25.44 25.44 25.44 23.37 23.37 23.37 23.37 20.68 20.68 20.68 20.68 19.62 19.62 19.62 19.62 19.46 19.46 19.46 19.46 19.02 19.02 19.02 19.02 19.02 19.02 19.02 19.02 19.43 19.43 19.43 19.43 19.99 19.99 19.99 19.99 20.00 20.00 20.00 20.00 19.74 19.74 19.74 19.52 18.82 18.82 18.82 18.82 17.03 17.03 17.03 17.03 15.67 13.55 8.43 14.83 14.39 13.26 0.00 0.00 0.00 0.00 0.00 0.00 0.00 0.00 0.00 0.00 0.00 0.00 0.00 0.00 8.29 8.29 16.12 16.12 12.64
20.92 20.92 20.92 20.92 22.52 22.52 22.52 22.52 18.31 18.31 18.31 18.31 17.40 17.40 16.19 16.19 17.45 17.45 17.45 17.45 17.49 17.49 17.49 16.26 17.34 17.34 14.46 17.34 17.61 17.61 17.61 17.61 18.19 18.19 18.19 18.19 18.54 18.54 18.54 18.54 18.47 18.47 18.47 18.47 18.06 18.06 18.06 17.84 17.42 17.42 17.42 14.44 16.73 16.73 14.09 14.09 13.74 13.74 16.03 13.74 0.00 0.00 0.00 0.00 0.00 0.00 0.00 0.00 0.00 0.00 0.00 0.00 0.00 0.00 0.00 0.00 0.00 0.00 14.13 14.13 12.17
20.92 20.92 20.92 20.92 18.31 22.52 22.52 22.52 18.31 18.31 18.31 18.31 17.40 17.40 17.40 16.19 17.45 17.45 14.52 17.45 17.49 14.54 14.54 0.00 16.15 0.00 0.00 16.15 17.61 17.61 17.61 17.61 18.19 18.19 18.19 18.19 18.54 18.54 18.54 18.54 18.47 18.47 18.47 18.47 18.06 18.06 18.06 18.06 17.42 17.42 16.20 16.20 14.09 14.09 0.00 0.00 0.00 0.00 0.00 0.00 0.00 0.00 0.00 0.00 0.00 0.00 0.00 0.00 0.00 0.00 0.00 0.00 0.00 0.00 0.00 0.00 0.00 0.00 0.00 0.00 0.00
21.22 21.22 21.22 21.22 18.54 18.54 22.84 22.84 18.50 18.50 18.50 18.50 17.36 14.50 14.50 16.17 17.40 16.20 0.00 16.20 16.23 0.00 0.00 0.00 0.00 0.00 0.00 0.00 16.20 17.42 17.42 17.42 17.99 17.99 17.99 17.99 18.32 18.32 18.32 18.32 16.85 18.25 18.25 18.25 17.74 17.74 17.74 14.61 14.23 0.00 0.00 0.00 0.00 0.00 0.00 0.00 0.00 0.00 0.00 0.00 0.00 0.00 0.00 0.00 0.00 0.00 0.00 0.00 0.00 0.00 0.00 0.00 0.00 0.00 0.00 0.00 0.00 0.00 0.00 0.00 0.00
21.22 21.22 21.22 21.22 18.54 18.54 18.54 17.25 15.06 18.50 18.50 18.50 16.17 0.00 0.00 0.00 17.40 17.40 14.52 0.00 0.00 0.00 0.00 0.00 0.00 0.00 0.00 0.00 0.00 17.42 17.42 14.49 14.77 17.99 17.99 14.77 14.94 18.32 16.90 0.00 0.00 16.85 14.91 14.91 17.74 17.74 17.74 17.74 17.10 0.00 0.00 0.00 0.00 0.00 0.00 0.00 0.00 0.00 0.00 0.00 0.00 0.00 0.00 0.00 0.00 0.00 0.00 0.00 0.00 0.00 0.00 0.00 0.00 0.00 0.00 0.00 0.00 0.00 0.00 0.00 0.00
19.97 19.97 19.97 19.97 15.21 15.21 12.11 0.00 0.00 14.07 14.07 16.51 16.34 0.00 0.00 0.00 15.66 15.66 0.00 0.00 0.00 0.00 0.00 0.00 0.00 0.00 0.00 0.00 0.00 14.47 8.18 0.00 0.00 17.64 0.00 0.00 0.00 0.00 0.00 0.00 0.00 0.00 0.00 0.00 14.35 17.21 17.21 8.14 0.00 0.00 0.00 0.00 0.00 0.00 0.00 0.00 0.00 0.00 0.00 0.00 0.00 0.00 0.00 0.00 0.00 0.00 0.00 0.00 0.00 0.00 0.00 0.00 0.00 0.00 0.00 0.00 0.00 0.00 0.00 0.00 0.00
19.97 19.97 19.97 19.97 15.21 12.11 0.00 0.00 0.00 0.00 0.00 0.00 0.00 0.00 0.00 0.00 0.00 0.00 0.00 0.00 0.00 0.00 0.00 0.00 0.00 0.00 0.00 0.00 0.00 0.00 0.00 0.00 0.00 8.20 0.00 0.00 0.00 0.00 0.00 0.00 0.00 0.00 0.00 0.00 0.00 0.00 8.14 0.00 0.00 0.00 0.00 0.00 0.00 0.00 0.00 0.00 0.00 0.00 0.00 0.00 0.00 0.00 0.00 0.00 0.00 0.00 0.00 0.00 0.00 0.00 0.00 0.00 0.00 0.00 0.00 0.00 0.00 0.00 0.00 0.00 0.00
19.97 19.97 19.97 19.97 15.21 13.94 13.94 12.11 11.91 0.00 0.00 0.00 0.00 0.00 0.00 0.00 0.00 0.00 0.00 0.00 0.00 0.00 0.00 0.00 0.00 0.00 0.00 0.00 0.00 0.00 0.00 0.00 0.00 0.00 0.00 0.00 0.00 0.00 0.00 0.00 0.00 0.00 0.00 0.00 0.00 0.00 0.00 0.00 0.00 0.00 0.00 0.00 0.00 0.00 0.00 0.00 0.00 0.00 0.00 0.00 0.00 0.00 0.00 0.00 0.00 0.00 0.00 0.00 0.00 0.00 0.00 0.00 0.00 0.00 0.00 0.00 0.00 0.00 0.00 0.00 0.00
19.97 19.97 19.97 19.97 15.21 15.21 15.21 15.21 12.61 10.79 15.53 0.00 0.00 0.00 0.00 0.00 0.00 0.00 0.00 0.00 0.00 0.00 0.00 0.00 0.00 0.00 0.00 0.00 0.00 0.00 0.00 0.00 0.00 0.00 0.00 0.00 0.00 0.00 0.00 0.00 0.00 0.00 0.00 0.00 0.00 0.00 0.00 0.00 0.00 0.00 0.00 0.00 0.00 0.00 0.00 0.00 0.00 0.00 0.00 0.00 0.00 0.00 0.00 0.00 0.00 0.00 0.00 0.00 0.00 0.00 0.00 0.00 0.00 0.00 0.00 0.00 0.00 0.00 0.00 0.00 0.00
18.26 18.26 18.26 18.26 13.26 13.26 13.26 13.26 11.61 11.61 15.44 0.00 0.00 0.00 0.00 0.00 0.00 0.00 0.00 0.00 0.00 0.00 0.00 0.00 0.00 0.00 0.00 0.00 0.00 0.00 0.00 0.00 0.00 0.00 0.00 0.00 0.00 0.00 0.00 0.00 0.00 0.00 0.00 0.00 0.00 0.00 0.00 0.00 0.00 0.00 0.00 0.00 0.00 0.00 0.00 0.00 0.00 0.00 0.00 0.00 0.00 0.00 0.00 0.00 0.00 0.00 0.00 0.00 0.00 0.00 0.00 0.00 0.00 0.00 0.00 0.00 0.00 0.00 0.00 0.00 0.00
18.26 18.26 18.26 18.26 13.26 13.26 13.26 12.42 0.00 0.00 11.61 0.00 0.00 0.00 0.00 0.00 0.00 0.00 0.00 0.00 0.00 0.00 0.00 0.00 0.00 0.00 0.00 0.00 0.00 0.00 0.00 0.00 0.00 0.00 0.00 0.00 0.00 0.00 0.00 0.00 0.00 0.00 0.00 0.00 0.00 0.00 0.00 0.00 0.00 0.00 0.00 0.00 0.00 0.00 0.00 0.00 0.00 0.00 0.00 0.00 0.00 0.00 0.00 0.00 0.00 0.00 0.00 0.00 0.00 0.00 0.00 0.00 0.00 0.00 0.00 0.00 0.00 0.00 0.00 0.00 0.00
18.26 18.26 18.26 18.26 13.26 13.26 13.26 6.76 0.00 0.00 0.00 0.00 0.00 0.00 0.00 0.00 0.00 0.00 0.00 0.00 0.00 0.00 0.00 0.00 0.00 0.00 0.00 0.00 0.00 0.00 0.00 0.00 0.00 0.00 0.00 0.00 0.00 0.00 0.00 0.00 0.00 0.00 0.00 0.00 0.00 0.00 0.00 0.00 0.00 0.00 0.00 0.00 0.00 0.00 0.00 0.00 0.00 0.00 0.00 0.00 0.00 0.00 0.00 0.00 0.00 0.00 0.00 0.00 0.00 0.00 0.00 0.00 0.00 0.00 0.00 0.00 0.00 0.00 0.00 0.00 0.00
18.26 18.26 18.26 18.26 13.26 13.26 13.26 11.12 0.00 0.00 0.00 0.00 0.00 0.00 0.00 0.00 0.00 0.00 0.00 0.00 0.00 0.00 0.00 0.00 0.00 0.00 0.00 0.00 0.00 0.00 0.00 0.00 0.00 0.00 0.00 0.00 0.00 0.00 0.00 0.00 0.00 0.00 0.00 0.00 0.00 0.00 0.00 0.00 0.00 0.00 0.00 0.00 0.00 0.00 0.00 0.00 0.00 0.00 0.00 0.00 0.00 0.00 0.00 0.00 0.00 0.00 0.00 0.00 0.00 0.00 0.00 0.00 0.00 0.00 0.00 0.00 0.00 0.00 0.00 0.00 0.00
15.92 15.92 15.92 15.92 12.05 12.05 12.05 12.05 0.00 0.00 0.00 0.00 0.00 0.00 0.00 0.00 0.00 0.00 0.00 0.00 0.00 0.00 0.00 0.00 0.00 0.00 0.00 0.00 0.00 0.00 0.00 0.00 0.00 0.00 0.00 0.00 0.00 0.00 0.00 0.00 0.00 0.00 0.00 0.00 0.00 0.00 0.00 0.00 0.00 0.00 0.00 0.00 0.00 0.00 0.00 0.00 0.00 0.00 0.00 0.00 0.00 0.00 0.00 0.00 0.00 0.00 0.00 0.00 0.00 0.00 0.00 0.00 0.00 0.00 0.00 0.00 0.00 0.00 0.00 0.00 0.00
15.92 15.92 15.92 15.92 12.05 12.05 11.47 6.66 0.00 0.00 0.00 0.00 0.00 0.00 0.00 0.00 16.56 16.56 14.09 0.00 14.45 0.00 0.00 8.22 8.22 8.22 0.00 0.00 0.00 0.00 0.00 0.00 0.00 0.00 0.00 0.00 0.00 0.00 0.00 0.00 0.00 0.00 0.00 0.00 0.00 0.00 0.00 0.00 0.00 0.00 0.00 0.00 0.00 0.00 0.00 0.00 0.00 0.00 0.00 0.00 0.00 0.00 0.00 0.00 0.00 0.00 0.00 0.00 0.00 0.00 0.00 0.00 0.00 0.00 0.00 0.00 0.00 0.00 0.00 0.00 0.00
15.92 15.92 15.92 15.92 12.05 12.05 10.50 0.00 0.00 0.00 0.00 0.00 0.00 0.00 0.00 0.00 0.00 14.09 16.56 16.56 17.27 14.45 14.45 14.45 14.46 8.22 0.00 0.00 0.00 0.00 0.00 0.00 0.00 0.00 0.00 0.00 0.00 0.00 0.00 0.00 0.00 0.00 0.00 0.00 0.00 0.00 0.00 0.00 0.00 0.00 0.00 0.00 0.00 0.00 0.00 0.00 0.00 0.00 0.00 0.00 0.00 0.00 0.00 0.00 0.00 0.00 0.00 0.00 0.00 0.00 0.00 0.00 0.00 0.00 0.00 0.00 0.00 0.00 0.00 0.00 0.00
15.92 15.92 15.92 15.92 12.05 11.47 0.00 0.00 0.00 0.00 0.00 0.00 0.00 0.00 0.00 0.00 0.00 14.09 16.56 16.56 17.27 17.27 16.09 16.09 16.12 0.00 0.00 0.00 16.28 0.00 0.00 0.00 0.00 0.00 0.00 0.00 0.00 0.00 0.00 0.00 0.00 0.00 0.00 0.00 0.00 0.00 0.00 0.00 0.00 0.00 0.00 0.00 0.00 0.00 0.00 0.00 0.00 0.00 0.00 0.00 0.00 0.00 0.00 0.00 0.00 0.00 0.00 0.00 0.00 0.00 0.00 0.00 0.00 0.00 0.00 0.00 0.00 0.00 0.00 0.00 0.00
