Sensitivity_testing/Dynamic_input/Gridded_rain/prism_ppt_tutuila_30yr_normal_10.asc
ncols         700
nrows         400
xllcorner     515000
yllcorner     8409000
cellsize      50
NODATA_value  -9999
[rows 124 to 154 of 400, columns 276 to 344 of 700]
-9999 -9999 -9999 -9999 -9999 -9999 -9999 -9999 -9999 -9999 -9999 -9999 -9999 -9999 -9999 -9999 -9999 -9999 -9999 -9999 -9999 -9999 -9999 -9999 -9999 -9999 12.23386 12.26221 12.3193 12.37835 12.44095 12.5193 12.60906 12.69843 12.7882 12.87993 12.97205 13.06536 13.15946 13.25434 13.35001 13.44646 13.54016 13.63308 13.72402 13.81536 13.90788 14.0004 14.09331 14.1878 14.28268 14.37796 14.47402 14.56969 14.66615 14.76615 14.86694 14.96969 15.07245 15.1756 15.27875 15.38229 15.48584 15.58938 15.6945 15.79883 15.90237 16.0067 16.11221
-9999 -9999 -9999 -9999 -9999 -9999 -9999 -9999 -9999 -9999 -9999 -9999 -9999 -9999 -9999 -9999 -9999 -9999 -9999 -9999 -9999 -9999 -9999 -9999 -9999 12.17442 12.23426 12.2878 12.33819 12.40237 12.4882 12.57599 12.66575 12.75788 12.85001 12.94016 13.03071 13.12323 13.21694 13.3126 13.4067 13.49922 13.58977 13.67993 13.7689 13.85867 13.95001 14.04135 14.13229 14.2256 14.32048 14.41615 14.51182 14.60749 14.70355 14.80276 14.90316 15.00552 15.10788 15.21024 15.31458 15.4193 15.52402 15.62875 15.73308 15.83741 15.94174 16.04804 16.15552
-9999 -9999 -9999 -9999 -9999 -9999 -9999 -9999 -9999 -9999 -9999 -9999 -9999 -9999 -9999 -9999 -9999 -9999 -9999 -9999 -9999 -9999 -9999 -9999 -9999 12.19725 12.25119 12.30788 12.37599 12.45276 12.54253 12.63347 12.72442 12.81575 12.90709 12.99646 13.08623 13.17835 13.27048 13.36418 13.45512 13.5445 13.6319 13.7193 13.80749 13.89568 13.98426 14.07363 14.16339 14.25631 14.3504 14.44528 14.54056 14.63505 14.73111 14.83032 14.93072 15.03269 15.13544 15.23898 15.3441 15.45001 15.55552 15.66103 15.76733 15.87363 15.97993 16.08859 16.19883
-9999 -9999 -9999 -9999 -9999 -9999 -9999 -9999 -9999 -9999 -9999 -9999 -9999 -9999 -9999 -9999 -9999 -9999 -9999 -9999 -9999 -9999 -9999 12.12599 12.17008 12.22481 12.27127 12.32678 12.41812 12.50906 12.59883 12.69056 12.78347 12.87323 12.96261 13.05198 13.14135 13.23268 13.32363 13.41418 13.50158 13.58741 13.67205 13.7567 13.8445 13.9315 14.01654 14.10355 14.19292 14.28465 14.37875 14.47245 14.56615 14.66064 14.75591 14.85552 14.95591 15.05709 15.16103 15.26615 15.37206 15.47835 15.58465 15.69174 15.8008 15.90946 16.01772 16.12914 16.24253
-9999 -9999 -9999 -9999 -9999 -9999 -9999 -9999 -9999 -9999 -9999 -9999 -9999 -9999 -9999 -9999 -9999 -9999 -9999 -9999 -9999 12.08386 12.11812 12.15119 12.1941 12.24253 12.31103 12.38386 12.47402 12.56497 12.65709 12.74843 12.83898 12.92717 13.01497 13.10316 13.19174 13.28032 13.36812 13.45434 13.5382 13.62087 13.70394 13.78741 13.87048 13.95394 14.0378 14.12324 14.21103 14.30198 14.3945 14.48702 14.57993 14.67402 14.7693 14.86812 14.96851 15.07127 15.17639 15.28308 15.39174 15.5004 15.61024 15.72009 15.83111 15.94213 16.05434 16.16812 16.28269
-9999 -9999 -9999 -9999 -9999 -9999 -9999 -9999 -9999 -9999 -9999 -9999 -9999 -9999 -9999 -9999 -9999 -9999 -9999 -9999 -9999 12.08701 12.11969 12.17284 12.22009 12.26536 12.35394 12.44213 12.53032 12.62087 12.71497 12.80552 12.8941 12.98032 13.06654 13.15394 13.24095 13.32678 13.41142 13.49331 13.57363 13.65316 13.73426 13.81575 13.89489 13.97481 14.05709 14.14095 14.22757 14.31694 14.40827 14.49961 14.59095 14.68505 14.77993 14.87796 14.97875 15.08308 15.19017 15.29883 15.40946 15.52087 15.63426 15.74725 15.86024 15.97442 16.09017 16.20631 16.32245
-9999 -9999 -9999 -9999 -9999 -9999 -9999 -9999 -9999 -9999 -9999 -9999 -9999 -9999 -9999 -9999 -9999 -9999 -9999 12.04292 12.06615 12.1067 12.14489 12.19016 12.25512 12.3252 12.41221 12.50001 12.58977 12.67953 12.77009 12.85867 12.94607 13.03071 13.11457 13.19922 13.28308 13.36536 13.44568 13.52363 13.60198 13.68032 13.75631 13.8319 13.90867 13.98623 14.06654 14.14883 14.23387 14.32048 14.40749 14.49725 14.58741 14.6815 14.77639 14.87481 14.97678 15.08308 15.19213 15.30276 15.41654 15.53072 15.64843 15.76615 15.88308 16.00119 16.12048 16.24174 16.36418
-9999 -9999 -9999 -9999 -9999 -9999 -9999 -9999 -9999 -9999 -9999 -9999 -9999 -9999 -9999 -9999 -9999 -9999 -9999 12.04843 12.07205 12.12323 12.17205 12.2189 12.29764 12.38426 12.47087 12.55827 12.64804 12.73741 12.8252 12.91182 12.99725 13.07993 13.16182 13.24292 13.32324 13.40119 13.47757 13.55237 13.62796 13.70355 13.7752 13.84607 13.91969 13.9945 14.07284 14.15316 14.23662 14.32048 14.40473 14.49292 14.5819 14.6756 14.77048 14.86969 14.97245 15.08072 15.19174 15.30473 15.42127 15.5382 15.66024 15.7819 15.90355 16.02639 16.15001 16.27639 16.40473
-9999 -9999 -9999 -9999 -9999 -9999 -9999 -9999 -9999 -9999 -9999 -9999 -9999 -9999 -9999 -9999 -9999 12.00434 12.01575 12.06182 12.09961 12.14253 12.20316 12.2756 12.35709 12.44135 12.52953 12.61733 12.70473 12.79213 12.87993 12.96379 13.04528 13.12599 13.20631 13.2819 13.35709 13.43111 13.50394 13.57638 13.64686 13.71654 13.78544 13.85434 13.92442 13.99568 14.07087 14.14883 14.22914 14.31182 14.39568 14.48268 14.57087 14.66379 14.75867 14.85867 14.96261 15.07166 15.18426 15.29922 15.41812 15.53859 15.66379 15.78977 15.91694 16.04568 16.17639 16.30788 16.44017
-9999 -9999 -9999 -9999 -9999 -9999 -9999 -9999 -9999 -9999 -9999 -9999 -9999 -9999 -9999 -9999 -9999 12.01024 12.02796 12.07717 12.12638 12.17678 12.24764 12.33268 12.41694 12.50119 12.5882 12.6756 12.76182 12.84764 12.93268 13.01379 13.09253 13.17009 13.24725 13.31851 13.38898 13.45906 13.52835 13.59646 13.66221 13.72678 13.79213 13.85788 13.9256 13.9945 14.06812 14.1441 14.22363 14.30552 14.38938 14.47639 14.56379 14.65709 14.75198 14.85316 14.95749 15.06654 15.17993 15.29607 15.41694 15.53938 15.66694 15.79607 15.92875 16.06339 16.2008 16.33899 16.47717
-9999 -9999 -9999 -9999 -9999 -9999 -9999 -9999 -9999 -9999 -9999 -9999 -9999 -9999 -9999 -9999 11.96812 12.01772 12.05749 12.09843 12.15316 12.22875 12.30867 12.39135 12.47678 12.56339 12.64686 12.7315 12.8193 12.90355 12.98268 13.06103 13.13859 13.21182 13.28347 13.35079 13.41772 13.48465 13.54961 13.61182 13.67284 13.73308 13.79371 13.85473 13.92245 13.99095 14.06339 14.13938 14.21969 14.30276 14.38741 14.47481 14.563 14.65749 14.75355 14.85513 14.95906 15.06694 15.18032 15.29686 15.41851 15.54095 15.66969 15.8004 15.9378 16.07835 16.22245 16.3693 16.51772
-9999 -9999 -9999 -9999 -9999 -9999 -9999 -9999 -9999 -9999 -9999 -9999 -9999 -9999 -9999 -9999 11.9878 12.03544 12.08426 12.13662 12.20158 12.28544 12.3693 12.45237 12.5378 12.62363 12.7067 12.79016 12.87442 12.95552 13.0319 13.10709 13.18111 13.2504 13.31772 13.38111 13.4441 13.50631 13.56615 13.62363 13.67993 13.73583 13.79489 13.85473 13.92324 13.99331 14.0689 14.14686 14.22875 14.31418 14.40079 14.49095 14.5815 14.67757 14.7752 14.87717 14.98111 15.08741 15.19961 15.31497 15.43544 15.55709 15.68505 15.81576 15.95434 16.09765 16.24647 16.4004 16.55709
-9999 -9999 -9999 -9999 -9999 -9999 -9999 -9999 -9999 -9999 -9999 -9999 -9999 -9999 11.93505 11.9752 12.01969 12.06064 12.10867 12.18544 12.26418 12.34568 12.42993 12.51575 12.59922 12.68229 12.76694 12.8504 12.92757 13.00473 13.08072 13.15237 13.22127 13.28662 13.35119 13.41064 13.4689 13.52442 13.57914 13.63229 13.68465 13.73623 13.79528 13.8567 13.92757 14.0004 14.08111 14.16339 14.24765 14.33583 14.42638 14.52048 14.61497 14.713 14.81221 14.91497 15.01891 15.12363 15.23347 15.34607 15.46457 15.58426 15.71064 15.83938 15.97678 16.12087 16.27284 16.43269 16.59647
-9999 -9999 -9999 -9999 -9999 -9999 -9999 -9999 -9999 -9999 -9999 -9999 -9999 -9999 11.96024 11.99883 12.04489 12.10158 12.16379 12.24607 12.32835 12.40946 12.49331 12.57875 12.66221 12.74528 12.82638 12.90631 12.9815 13.05513 13.12717 13.19489 13.26024 13.32127 13.3815 13.43701 13.49095 13.54174 13.59174 13.64016 13.69174 13.74568 13.80749 13.87205 13.94686 14.02442 14.10946 14.19686 14.28741 14.38111 14.47678 14.5752 14.67363 14.77363 14.87402 14.97717 15.0815 15.18741 15.29528 15.40473 15.51891 15.63505 15.75946 15.88623 16.02087 16.163 16.31418 16.4756 16.64213
-9999 -9999 -9999 -9999 -9999 -9999 -9999 -9999 -9999 -9999 -9999 -9999 11.91064 11.94016 11.98898 12.02914 12.06733 12.14764 12.22835 12.31064 12.39292 12.47481 12.55788 12.64174 12.7256 12.80946 12.88544 12.96103 13.03505 13.10631 13.17284 13.23662 13.29883 13.35552 13.41103 13.46221 13.51221 13.55867 13.60355 13.64725 13.70001 13.75828 13.82402 13.89213 13.97205 14.05434 14.14371 14.23662 14.33465 14.43505 14.53662 14.63938 14.74213 14.84371 14.94568 15.04883 15.15394 15.26143 15.36812 15.47363 15.58347 15.69489 15.81733 15.94253 16.07402 16.21339 16.36182 16.52284 16.69095
-9999 -9999 -9999 -9999 -9999 -9999 -9999 -9999 -9999 -9999 11.90119 11.91812 11.94331 11.97481 12.01772 12.07402 12.13426 12.21536 12.29646 12.37953 12.46221 12.54489 12.62717 12.70985 12.79056 12.87087 12.94528 13.01851 13.08859 13.15591 13.2193 13.27914 13.33623 13.38859 13.44016 13.48701 13.53268 13.57442 13.61851 13.66654 13.72284 13.78465 13.85631 13.93032 14.01615 14.10434 14.20119 14.30079 14.40394 14.50788 14.61221 14.71733 14.82245 14.92639 15.03072 15.13662 15.24331 15.35119 15.45867 15.56615 15.67599 15.78662 15.90394 16.02442 16.15276 16.28898 16.43505 16.59568 16.76379
-9999 -9999 -9999 -9999 -9999 -9999 -9999 -9999 -9999 -9999 11.90512 11.92363 11.97087 12.0126 12.05001 12.12284 12.20512 12.28505 12.36575 12.44922 12.53229 12.61536 12.69725 12.77835 12.85591 12.93268 13.00513 13.07599 13.14174 13.20552 13.26615 13.32166 13.37363 13.42205 13.4693 13.51182 13.55276 13.59056 13.63465 13.6878 13.74843 13.81379 13.89135 13.97205 14.06339 14.15827 14.26261 14.36891 14.47639 14.58347 14.68977 14.79725 14.90473 15.01103 15.11812 15.22678 15.33544 15.44331 15.55237 15.66182 15.77245 15.88347 15.99568 16.11103 16.23584 16.3693 16.51339 16.67284 16.84095
-9999 -9999 -9999 -9999 -9999 -9999 -9999 -9999 11.90119 11.90946 11.93977 11.96654 12.00552 12.05788 12.1193 12.19804 12.28111 12.36221 12.44331 12.5256 12.60709 12.6878 12.76812 12.84764 12.92363 12.99843 13.06812 13.13544 13.19646 13.25552 13.31221 13.36418 13.41339 13.45788 13.50119 13.5378 13.5752 13.61654 13.66418 13.72048 13.78701 13.85946 13.9441 14.03111 14.1315 14.23308 14.33977 14.44765 14.55788 14.66654 14.77481 14.88308 14.99095 15.1004 15.21024 15.32048 15.43111 15.54174 15.65355 15.76615 15.87993 15.9941 16.10985 16.22717 16.34843 16.47914 16.62087 16.76891 16.91969
-9999 -9999 -9999 -9999 -9999 -9999 -9999 -9999 11.91339 11.92245 11.96733 12.00985 12.04843 12.11182 12.19174 12.27442 12.35788 12.43977 12.52127 12.60276 12.68308 12.76182 12.84016 12.91733 12.99135 13.06457 13.13072 13.19489 13.25158 13.3067 13.35906 13.40788 13.45434 13.4945 13.53347 13.56536 13.60001 13.64489 13.69686 13.75709 13.82953 13.90867 14.00001 14.0945 14.20158 14.30946 14.41772 14.52757 14.63938 14.75001 14.86024 14.9693 15.07875 15.19095 15.30276 15.41457 15.52717 15.64017 15.75513 15.87087 15.9882 16.10591 16.2252 16.3445 16.46418 16.59253 16.73032 16.86576 16.99961
-9999 -9999 -9999 -9999 -9999 -9999 -9999 11.90985 11.94449 11.97087 12.00631 12.05355 12.11812 12.19174 12.27205 12.35394 12.43662 12.51969 12.60198 12.6819 12.76182 12.84016 12.91536 12.98859 13.05985 13.13072 13.19331 13.25434 13.30985 13.36221 13.41024 13.45552 13.49961 13.53426 13.56654 13.59883 13.63465 13.68308 13.73977 13.80709 13.88544 13.96969 14.06969 14.17284 14.2819 14.39095 14.50158 14.61221 14.72363 14.83544 14.94765 15.05946 15.17127 15.28387 15.39686 15.51064 15.62521 15.74095 15.85906 15.97875 16.09962 16.22087 16.34528 16.47009 16.59765 16.72363 16.84765 16.96733 17.08387
-9999 -9999 -9999 -9999 -9999 -9999 -9999 11.92599 11.97245 12.01772 12.05827 12.11457 12.1941 12.27402 12.35434 12.43583 12.51812 12.60119 12.68386 12.763 12.84134 12.91851 12.99174 13.06221 13.13032 13.19764 13.25709 13.31575 13.37009 13.42009 13.46418 13.50591 13.54568 13.57599 13.60473 13.63702 13.67402 13.72639 13.7878 13.86142 13.94646 14.03859 14.1441 14.25276 14.36339 14.47402 14.58623 14.69804 14.80946 14.92284 15.03662 15.1504 15.26458 15.37796 15.49253 15.60788 15.72481 15.84253 15.96418 16.08741 16.21182 16.33702 16.46615 16.59607 16.72914 16.85316 16.96654 17.07048 17.1693
-9999 -9999 -9999 11.82993 11.85473 11.89686 11.93623 11.96615 12.01221 12.06221 12.12914 12.20079 12.27953 12.35946 12.43938 12.52166 12.60394 12.68623 12.76772 12.84607 12.92245 12.99686 13.0689 13.13938 13.20316 13.26536 13.32402 13.38111 13.43308 13.48072 13.52284 13.55985 13.59292 13.62205 13.6504 13.68268 13.72087 13.77757 13.8441 13.92284 14.01694 14.11969 14.22717 14.33544 14.44725 14.55946 14.67245 14.78583 14.89922 15.01339 15.12796 15.24331 15.35867 15.47442 15.59017 15.70749 15.82639 15.94725 16.07127 16.19686 16.3252 16.45434 16.58899 16.72363 16.85828 16.98032 17.08859 17.17678 17.25552
-9999 -9999 -9999 11.85434 11.88032 11.92245 11.9693 12.01772 12.07363 12.13386 12.21182 12.28977 12.36812 12.44725 12.52796 12.61024 12.69253 12.77363 12.85394 12.93072 13.00552 13.07717 13.14725 13.21694 13.27914 13.33938 13.39568 13.4504 13.49961 13.5445 13.58387 13.61694 13.64607 13.67323 13.7004 13.73465 13.7752 13.83544 13.9067 13.99213 14.09292 14.20158 14.31182 14.42205 14.53426 14.64725 14.76182 14.87678 14.99135 15.10709 15.22284 15.33859 15.45473 15.57205 15.68977 15.80867 15.92954 16.05276 16.17914 16.3067 16.43898 16.57206 16.71182 16.85001 16.98465 17.10316 17.20395 17.27875 17.34135
-9999 11.84056 11.85512 11.8882 11.9252 11.96772 12.02166 12.07875 12.15237 12.22678 12.30394 12.38111 12.45867 12.5378 12.61851 12.70119 12.78386 12.863 12.94174 13.01694 13.08977 13.15906 13.22717 13.29489 13.35749 13.4193 13.47205 13.52324 13.56969 13.61142 13.64686 13.67678 13.70355 13.72875 13.75394 13.79253 13.83623 13.89883 13.97481 14.0693 14.17402 14.28426 14.39764 14.51143 14.62402 14.7378 14.85394 14.97009 15.08583 15.20276 15.32009 15.43623 15.55237 15.67087 15.79017 15.91182 16.03505 16.15985 16.2878 16.41733 16.55276 16.68977 16.83387 16.97521 17.10788 17.22087 17.31261 17.37639 17.42678
-9999 11.8878 11.90001 11.93308 11.97914 12.03386 12.09883 12.16575 12.2441 12.32205 12.39961 12.47678 12.55394 12.63386 12.71497 12.79607 12.87717 12.95512 13.03229 13.1067 13.17875 13.24725 13.31418 13.37993 13.44135 13.50198 13.55355 13.60316 13.64646 13.68505 13.71772 13.74489 13.76851 13.79213 13.81615 13.85591 13.90237 13.97048 14.05237 14.15158 14.25946 14.37284 14.48741 14.60237 14.71772 14.83308 14.95001 15.06694 15.18426 15.30198 15.41969 15.53662 15.65316 15.77284 15.89292 16.01615 16.14056 16.26694 16.39647 16.52796 16.66654 16.80631 16.95237 17.0941 17.22442 17.33269 17.41615 17.46891 17.50631
11.89646 11.93111 11.96024 11.98386 12.03623 12.10827 12.18505 12.263 12.34095 12.41851 12.49646 12.57402 12.65158 12.7315 12.81339 12.89253 12.97127 13.04764 13.12363 13.19804 13.27009 13.3382 13.40394 13.46772 13.52757 13.58623 13.63702 13.68583 13.72599 13.76182 13.79213 13.81654 13.83702 13.85906 13.8819 13.92205 13.97087 14.04646 14.13387 14.23583 14.34725 14.46339 14.57875 14.6941 14.81261 14.93072 15.04765 15.16576 15.28505 15.40316 15.52009 15.6378 15.75631 15.87599 15.99686 16.12127 16.24686 16.37442 16.50552 16.63859 16.77954 16.92206 17.06851 17.20985 17.3378 17.44095 17.51694 17.55867 17.58308
11.94213 11.98071 12.02205 12.06851 12.1315 12.20631 12.28465 12.36339 12.44174 12.52009 12.59883 12.67757 12.75591 12.83505 12.91497 12.99331 13.07166 13.14764 13.22284 13.29646 13.36772 13.43544 13.5004 13.56379 13.62284 13.68072 13.73032 13.77717 13.81497 13.84843 13.87599 13.89804 13.91654 13.93701 13.95827 14.00079 14.05158 14.13072 14.22205 14.32875 14.44213 14.55906 14.67639 14.79371 14.91221 15.03072 15.1504 15.27009 15.38977 15.50828 15.62599 15.7441 15.86221 15.9819 16.10276 16.22678 16.35316 16.4819 16.61458 16.74883 16.89135 17.03505 17.18072 17.32048 17.4445 17.54253 17.61221 17.64371 17.65709
11.9941 12.03347 12.08583 12.15827 12.23268 12.30788 12.38583 12.46418 12.54331 12.62245 12.70276 12.78268 12.86182 12.93977 13.01694 13.09489 13.17363 13.24843 13.32284 13.39607 13.46654 13.53386 13.59843 13.66103 13.71969 13.77678 13.82481 13.87009 13.90552 13.93662 13.96182 13.9815 13.99843 14.01694 14.03662 14.0815 14.13505 14.21654 14.31142 14.42363 14.53859 14.65513 14.77481 14.89489 15.01261 15.1315 15.25473 15.37599 15.49568 15.61458 15.73308 15.85119 15.9693 16.08859 16.20906 16.33269 16.45906 16.58977 16.72363 16.85946 17.00276 17.14725 17.29214 17.43032 17.54922 17.64214 17.70592 17.72796 17.73032
12.07245 12.12953 12.19292 12.26733 12.34292 12.4193 12.49686 12.57481 12.65394 12.73308 12.81379 12.89331 12.97205 13.0504 13.12796 13.20512 13.2819 13.3567 13.43072 13.50158 13.57166 13.64016 13.70473 13.76772 13.8252 13.8815 13.92796 13.97205 14.0067 14.03662 14.06024 14.07835 14.09371 14.11261 14.13268 14.1756 14.22914 14.31536 14.41261 14.52402 14.64056 14.75985 14.87993 15.0004 15.12127 15.24253 15.36457 15.48584 15.60631 15.7256 15.8441 15.96221 16.08032 16.19962 16.32009 16.44371 16.5693 16.69843 16.8319 16.96812 17.11143 17.25631 17.39961 17.53505 17.6504 17.7378 17.7941 17.81025 17.80788
12.15867 12.22993 12.30276 12.37875 12.45512 12.53229 12.60985 12.68701 12.76615 12.84568 12.92599 13.00552 13.08426 13.16221 13.24056 13.31654 13.39213 13.46654 13.53977 13.60906 13.67875 13.74764 13.813 13.8756 13.93229 13.9878 14.03308 14.0756 14.10985 14.13898 14.16064 14.17796 14.19213 14.21064 14.23072 14.27245 14.32599 14.41536 14.51457 14.62599 14.7441 14.86576 14.98623 15.1067 15.23072 15.35434 15.4756 15.59686 15.71851 15.8378 15.95631 16.07402 16.19213 16.31143 16.4319 16.55513 16.68032 16.80788 16.94095 17.07639 17.22009 17.36497 17.50591 17.63898 17.7508 17.83269 17.8819 17.89292 17.88623
12.2756 12.34883 12.42323 12.49883 12.5752 12.65158 12.72875 12.8067 12.88583 12.96497 13.04528 13.12442 13.20276 13.28032 13.35749 13.43347 13.50906 13.5815 13.65394 13.72481 13.79528 13.86379 13.92835 13.99056 14.04686 14.10119 14.14646 14.18938 14.22363 14.25237 14.27402 14.29016 14.30355 14.32087 14.34017 14.38308 14.43623 14.52245 14.62127 14.73623 14.85552 14.97717 15.09961 15.22206 15.34607 15.46969 15.59213 15.71418 15.83505 15.95513 16.07442 16.19174 16.30906 16.42875 16.54922 16.67166 16.79568 16.92127 17.05237 17.18583 17.32757 17.47009 17.60906 17.73938 17.84765 17.9256 17.97048 17.97836 17.9693
