Sensitivity_testing/Dynamic_input/Gridded_rain/prism_ppt_tutuila_30yr_normal_05.asc
ncols         700
nrows         400
xllcorner     515000
yllcorner     8409000
cellsize      50
NODATA_value  -9999
[rows 279 to 309 of 400, columns 207 to 275 of 700]
12.32757 12.36221 12.39646 12.42757 12.45749 12.4819 12.50512 12.52638 12.54804 12.57009 12.58859 12.60512 12.61615 12.62638 12.6315 12.63505 12.63465 12.63229 12.62717 12.61851 12.60749 12.59331 12.57796 12.55906 12.5382 12.513 12.48544 12.45591 12.42363 12.39016 12.35473 12.31851 12.27914 12.23859 12.19528 12.15001 12.10276 12.05434 12.00591 11.95316 11.90001 11.84331 11.78662 11.72993 11.67323 11.61693 11.56182 11.5067 11.45158 11.39607 11.34095 11.28583 11.23111 11.17638 11.12205 11.06733 11.0126 10.95512 10.89764 10.84095 10.78504 10.73111 10.67717 10.62323 10.56654 10.50906 10.45434 10.39922 10.34292
12.17127 12.20552 12.23938 12.2693 12.29843 12.3252 12.35119 12.37442 12.39883 12.42402 12.44528 12.46418 12.47875 12.49213 12.5004 12.50749 12.51064 12.51103 12.50827 12.50158 12.49292 12.48268 12.47166 12.45473 12.43583 12.4126 12.38701 12.35906 12.32993 12.29961 12.26851 12.23662 12.19686 12.15709 12.11654 12.07363 12.02757 11.98229 11.93741 11.88741 11.83623 11.77993 11.72402 11.66851 11.61457 11.56221 11.50906 11.45552 11.40197 11.34804 11.29331 11.23898 11.18662 11.13308 11.07875 11.0256 10.97284 10.91497 10.8567 10.80237 10.74843 10.69686 10.64292 10.58701 10.5315 10.47599 10.42048 10.36457 10.30906
12.03071 12.06497 12.09764 12.12678 12.15473 12.17993 12.20473 12.23032 12.25591 12.28268 12.30631 12.32875 12.34646 12.36339 12.37442 12.38426 12.39213 12.39607 12.39528 12.39095 12.38505 12.37757 12.36969 12.35473 12.33819 12.31812 12.29568 12.27087 12.24449 12.21733 12.18623 12.15434 12.11851 12.0815 12.04253 12.00198 11.96024 11.91615 11.87127 11.82245 11.77284 11.7193 11.66615 11.61457 11.5626 11.51064 11.45788 11.40512 11.35355 11.30237 11.25001 11.19725 11.14489 11.09174 11.03859 10.98505 10.93111 10.8752 10.8193 10.76615 10.71339 10.66142 10.60867 10.55552 10.50119 10.44686 10.39056 10.33426 10.28111
11.89449 11.92717 11.95906 11.98701 12.01379 12.0378 12.0626 12.08898 12.11575 12.14292 12.1689 12.19449 12.21615 12.23623 12.24961 12.2626 12.27442 12.2815 12.28426 12.28268 12.27875 12.27402 12.26851 12.25591 12.24213 12.22481 12.20591 12.18426 12.16024 12.13505 12.10473 12.07363 12.04095 12.00709 11.97009 11.9319 11.89292 11.8504 11.8063 11.75867 11.71064 11.65945 11.60906 11.56024 11.51024 11.45906 11.40749 11.35591 11.3063 11.25709 11.2067 11.15552 11.10316 11.05079 10.99882 10.94489 10.89056 10.83662 10.78268 10.73071 10.67875 10.62717 10.5756 10.52402 10.47126 10.41812 10.36142 10.30512 10.25394
11.76969 11.8004 11.83032 11.85709 11.88268 11.90749 11.93229 11.9567 11.9819 12.00867 12.03701 12.06615 12.09016 12.113 12.12993 12.14568 12.15867 12.1693 12.17796 12.18032 12.17953 12.1752 12.17008 12.16064 12.15001 12.13583 12.12008 12.10276 12.07993 12.05434 12.02717 11.99961 11.96733 11.93505 11.90158 11.86575 11.82678 11.78623 11.74449 11.69843 11.65197 11.60434 11.5563 11.50709 11.45788 11.40985 11.36064 11.31142 11.2626 11.21339 11.16457 11.11418 11.06182 11.00985 10.95906 10.90709 10.85512 10.80119 10.74725 10.69646 10.64607 10.59567 10.54528 10.49528 10.44371 10.39174 10.33701 10.28268 10.23111
11.65079 11.67953 11.70788 11.73347 11.75827 11.78268 11.8067 11.82993 11.85434 11.87993 11.90906 11.93977 11.96654 11.99213 12.0126 12.0315 12.04686 12.06064 12.07284 12.07875 12.0819 12.07914 12.0752 12.06851 12.06064 12.04961 12.03662 12.02166 12.0004 11.97638 11.95197 11.92717 11.89646 11.86575 11.83426 11.80001 11.76221 11.72323 11.68386 11.63977 11.59528 11.55001 11.50394 11.45512 11.40788 11.36142 11.31457 11.26812 11.21969 11.17087 11.12245 11.07284 11.02127 10.97048 10.92048 10.87008 10.8193 10.76654 10.71379 10.66378 10.61418 10.56536 10.51615 10.46733 10.41693 10.36575 10.3126 10.25985 10.20906
11.54095 11.56851 11.59489 11.62008 11.64528 11.66693 11.68859 11.71142 11.73505 11.75985 11.7878 11.81772 11.84725 11.87638 11.89922 11.92127 11.94134 11.95788 11.97009 11.97914 11.98662 11.98701 11.98623 11.9815 11.97599 11.96812 11.95631 11.94095 11.92323 11.90434 11.88111 11.8567 11.82993 11.80158 11.7693 11.73583 11.7004 11.663 11.62481 11.58426 11.54292 11.49725 11.45158 11.4067 11.36142 11.31536 11.27048 11.22638 11.17835 11.12953 11.08111 11.03229 10.98268 10.93347 10.88465 10.83465 10.78426 10.73347 10.68268 10.63268 10.58386 10.53741 10.49016 10.44252 10.39213 10.34095 10.28898 10.2378 10.1878
11.43701 11.46497 11.49134 11.51536 11.53898 11.55867 11.57914 11.6004 11.62323 11.64725 11.67481 11.70355 11.73386 11.76418 11.79056 11.81615 11.83898 11.85788 11.87205 11.88347 11.89371 11.89725 11.89961 11.89764 11.89449 11.8878 11.87835 11.86575 11.85001 11.83347 11.81142 11.78898 11.76418 11.73741 11.7067 11.67481 11.64135 11.60512 11.56812 11.52953 11.49056 11.44646 11.40316 11.35985 11.31615 11.27205 11.22796 11.18386 11.13701 11.08938 11.04134 10.99331 10.94567 10.89764 10.85001 10.80079 10.75079 10.70119 10.65158 10.60237 10.55434 10.50906 10.463 10.41654 10.36693 10.31654 10.26575 10.21536 10.16575
11.33859 11.36733 11.39528 11.41772 11.43898 11.45709 11.47599 11.49568 11.51733 11.54134 11.56812 11.59646 11.6256 11.65512 11.68623 11.71536 11.73977 11.76064 11.77835 11.79174 11.80276 11.80945 11.81497 11.81615 11.81497 11.80945 11.80276 11.79489 11.78071 11.76339 11.74371 11.72363 11.69882 11.67363 11.64646 11.61654 11.58465 11.55001 11.51418 11.47599 11.4378 11.39882 11.35827 11.31418 11.27205 11.2315 11.18701 11.14095 11.09568 11.05001 11.00316 10.9563 10.90985 10.863 10.81615 10.76812 10.71969 10.67008 10.62087 10.57284 10.5256 10.48032 10.43504 10.38938 10.34134 10.29213 10.24253 10.19292 10.14252
11.24764 11.2756 11.30276 11.3252 11.34646 11.36418 11.38229 11.40079 11.42048 11.44253 11.46772 11.49489 11.52481 11.55552 11.5878 11.61851 11.64449 11.66812 11.68898 11.70473 11.71772 11.72756 11.73583 11.7382 11.73938 11.73701 11.73229 11.7256 11.71339 11.69804 11.67993 11.66064 11.6378 11.61418 11.58898 11.56064 11.52993 11.49686 11.4626 11.4256 11.3882 11.35119 11.313 11.27245 11.2315 11.19016 11.14646 11.10197 11.05749 11.0126 10.96615 10.92008 10.87481 10.82953 10.78426 10.73741 10.69016 10.64056 10.59134 10.5441 10.49725 10.45197 10.4067 10.36182 10.31457 10.26615 10.21733 10.16851 10.11851
11.15985 11.18662 11.21221 11.23505 11.25749 11.27481 11.29213 11.30945 11.32796 11.34725 11.37048 11.39607 11.42717 11.45945 11.49174 11.52284 11.55119 11.57757 11.60197 11.62008 11.63544 11.64804 11.65945 11.6626 11.66536 11.66693 11.66418 11.65709 11.64686 11.63544 11.61772 11.59882 11.57835 11.5567 11.53268 11.50591 11.47638 11.44489 11.41182 11.37638 11.34016 11.30355 11.26733 11.23268 11.19292 11.14843 11.10631 11.06497 11.02048 10.9756 10.92914 10.88347 10.84095 10.79725 10.75315 10.70749 10.66103 10.61182 10.5626 10.51536 10.4689 10.42363 10.37875 10.33347 10.28701 10.23977 10.19134 10.14252 10.0941
11.07835 11.10434 11.12953 11.15158 11.17284 11.19134 11.20906 11.22441 11.24056 11.25867 11.28032 11.30394 11.33465 11.36693 11.40079 11.43347 11.46457 11.49292 11.5193 11.54056 11.55867 11.57166 11.58347 11.59056 11.59607 11.59882 11.59804 11.59371 11.58504 11.57442 11.55867 11.54174 11.52284 11.50237 11.47875 11.45276 11.42442 11.39449 11.36418 11.32993 11.29528 11.26064 11.2256 11.18898 11.1504 11.10985 11.06851 11.02678 10.98347 10.93938 10.89449 10.8504 10.80788 10.76536 10.72205 10.67756 10.63268 10.58347 10.53426 10.48701 10.44056 10.39528 10.3504 10.30512 10.25906 10.21221 10.16536 10.11851 10.07127
10.99882 11.02363 11.04843 11.0693 11.08938 11.10906 11.12678 11.13977 11.15473 11.17127 11.19095 11.2126 11.24331 11.2752 11.31064 11.34528 11.37875 11.40945 11.4378 11.46142 11.48268 11.49607 11.50827 11.5189 11.52757 11.53071 11.53229 11.5315 11.52402 11.51379 11.50001 11.48583 11.46772 11.44843 11.42481 11.39961 11.37245 11.34489 11.31693 11.28426 11.25119 11.2189 11.18426 11.14449 11.10749 11.07245 11.0315 10.98859 10.94607 10.90316 10.86064 10.81812 10.7756 10.73308 10.69134 10.64804 10.60434 10.55512 10.50591 10.45867 10.41221 10.36733 10.32205 10.27717 10.23071 10.18426 10.13977 10.09489 10.04922
10.92953 10.95276 10.9752 10.99528 11.01497 11.03229 11.04843 11.06221 11.07638 11.09134 11.10985 11.13071 11.15985 11.19095 11.22835 11.26536 11.30079 11.33386 11.36418 11.3882 11.40945 11.42599 11.44174 11.45276 11.463 11.46969 11.47284 11.47245 11.46694 11.45867 11.44528 11.43111 11.41457 11.39646 11.3752 11.35158 11.32481 11.29804 11.27127 11.24095 11.20985 11.17638 11.14213 11.10591 11.0693 11.03347 10.99449 10.95473 10.91103 10.86772 10.82717 10.78623 10.74489 10.70394 10.6626 10.62008 10.57638 10.52717 10.47835 10.43111 10.38426 10.33938 10.29489 10.25079 10.2063 10.16182 10.11772 10.07363 10.02796
10.86142 10.88347 10.90355 10.92284 10.94213 10.95749 10.97245 10.98623 10.99961 11.013 11.03032 11.04961 11.07796 11.10867 11.14764 11.18623 11.22402 11.25906 11.29134 11.31615 11.3378 11.35709 11.3756 11.38741 11.39882 11.40867 11.41378 11.41418 11.41024 11.40394 11.39134 11.37756 11.36182 11.34528 11.32638 11.30394 11.27796 11.25197 11.22638 11.19764 11.16851 11.13465 11.10079 11.06733 11.0319 10.99489 10.95788 10.92008 10.87638 10.83268 10.79371 10.75473 10.71457 10.67441 10.63465 10.59174 10.54843 10.49961 10.45079 10.40355 10.3567 10.31182 10.26772 10.2252 10.18268 10.14016 10.09607 10.05237 10.0067
10.79922 10.82008 10.83977 10.85788 10.8756 10.89134 10.9063 10.9193 10.93071 10.94095 10.9563 10.97441 11.00473 11.03741 11.07442 11.11221 11.15276 11.18938 11.22245 11.25001 11.2752 11.29449 11.31221 11.32678 11.33977 11.34961 11.35631 11.35985 11.35709 11.35119 11.34016 11.32835 11.313 11.29686 11.27953 11.25945 11.23662 11.21103 11.18426 11.15591 11.12678 11.09489 11.063 11.03032 10.99646 10.96142 10.92323 10.88347 10.84331 10.80315 10.76339 10.72363 10.68465 10.64567 10.6067 10.56457 10.52087 10.47284 10.4252 10.37756 10.3315 10.28741 10.24489 10.20315 10.16103 10.11851 10.07481 10.03111 9.987013
10.74056 10.76024 10.77875 10.79568 10.81221 10.82796 10.84292 10.85434 10.86418 10.87245 10.88623 10.90276 10.93386 10.96772 11.00434 11.04253 11.08465 11.12284 11.15709 11.18662 11.21418 11.23347 11.25197 11.26772 11.28229 11.29292 11.30119 11.30709 11.30512 11.30001 11.29095 11.28071 11.26615 11.2504 11.23386 11.21536 11.19528 11.17048 11.14371 11.11575 11.08701 11.0567 11.02599 10.99449 10.96142 10.92756 10.88898 10.84843 10.81103 10.77363 10.73308 10.69371 10.65512 10.61733 10.57953 10.53741 10.49371 10.44725 10.40001 10.35355 10.30788 10.26457 10.22284 10.1815 10.13938 10.09725 10.05355 10.01024 9.967722
10.68859 10.7067 10.72363 10.73977 10.75552 10.77008 10.78347 10.79371 10.80315 10.81103 10.82363 10.83859 10.86812 10.90079 10.94174 10.98268 11.02323 11.06221 11.09922 11.12914 11.15591 11.17717 11.19764 11.21339 11.22835 11.24095 11.2504 11.2563 11.25591 11.25276 11.24489 11.23623 11.22245 11.20788 11.19095 11.17284 11.15276 11.13032 11.1067 11.07993 11.05197 11.02127 10.99095 10.96024 10.92717 10.89174 10.85512 10.81812 10.78071 10.74331 10.70394 10.66536 10.62796 10.59056 10.55237 10.51103 10.4689 10.42323 10.37717 10.33268 10.28859 10.24528 10.20276 10.16024 10.11812 10.0756 10.03229 9.989769 9.949612
10.63898 10.6567 10.67323 10.6878 10.70237 10.71457 10.72599 10.73544 10.7441 10.75197 10.76379 10.77796 10.8067 10.83859 10.8815 10.92441 10.96615 11.0063 11.04371 11.07442 11.10197 11.12442 11.14607 11.16221 11.17796 11.19134 11.20158 11.20788 11.20867 11.20709 11.20001 11.19174 11.17914 11.16575 11.15001 11.13229 11.1126 11.09134 11.06969 11.04371 11.01654 10.98662 10.95591 10.9252 10.89253 10.85827 10.82323 10.7878 10.75079 10.713 10.67481 10.63701 10.60119 10.56418 10.52638 10.48623 10.44489 10.40001 10.35552 10.31182 10.2689 10.22599 10.18308 10.14016 10.09725 10.05473 10.01221 9.970477 9.930714
10.59253 10.60945 10.62796 10.64056 10.65237 10.66103 10.66969 10.67875 10.68701 10.69489 10.70709 10.72166 10.7504 10.7819 10.82481 10.86851 10.91378 10.95473 10.99134 11.02323 11.05276 11.0756 11.09725 11.11457 11.13071 11.1441 11.15434 11.16182 11.16339 11.163 11.15591 11.14804 11.13623 11.12402 11.11024 11.0941 11.0752 11.05434 11.03268 11.00709 10.98111 10.95197 10.92166 10.88977 10.85788 10.82638 10.79292 10.75827 10.72127 10.68386 10.64607 10.60945 10.57442 10.53859 10.50197 10.4626 10.42205 10.37835 10.33465 10.29095 10.24804 10.2063 10.16378 10.12087 10.07756 10.03386 9.993706 9.953155 9.910241
10.55355 10.56812 10.58347 10.59449 10.60473 10.61221 10.61969 10.62678 10.63426 10.64134 10.65434 10.67008 10.69922 10.73111 10.77481 10.8193 10.86497 10.9067 10.9441 10.97678 11.00749 11.03071 11.05197 11.06969 11.08623 11.09922 11.10985 11.11772 11.12048 11.12087 11.11378 11.10591 11.09568 11.08465 11.07166 11.05591 11.03819 11.01772 10.99646 10.97127 10.94528 10.91772 10.88859 10.85709 10.82599 10.79489 10.76221 10.72835 10.69174 10.65512 10.6189 10.58347 10.54882 10.513 10.47678 10.43819 10.39882 10.35591 10.313 10.27008 10.22717 10.18504 10.14292 10.10001 10.05709 10.01418 9.974021 9.933076 9.890556
10.51812 10.52914 10.54016 10.54922 10.55827 10.56615 10.57284 10.57756 10.58308 10.58938 10.60316 10.62048 10.65079 10.68386 10.72875 10.77363 10.81812 10.86024 10.89961 10.93347 10.96497 10.9878 11.00906 11.02638 11.04253 11.05552 11.06654 11.0752 11.07875 11.07993 11.07284 11.06457 11.0563 11.04686 11.03347 11.01812 11.00119 10.9815 10.96064 10.93544 10.90985 10.88386 10.8567 10.82717 10.79607 10.76339 10.73071 10.69804 10.66221 10.62638 10.59253 10.55827 10.52323 10.48741 10.45079 10.413 10.37481 10.33308 10.29095 10.24882 10.2063 10.163 10.12008 10.07756 10.03623 9.995674 9.953155 9.911423 9.870872
10.48662 10.49489 10.50237 10.50985 10.51693 10.52363 10.52953 10.53347 10.5378 10.54331 10.55788 10.57756 10.60985 10.64528 10.68938 10.73386 10.77875 10.82087 10.86103 10.89449 10.92481 10.94804 10.96969 10.98662 11.00276 11.01733 11.02835 11.03623 11.03938 11.04016 11.03544 11.02993 11.02087 11.01064 10.99725 10.9819 10.96575 10.94725 10.92796 10.90394 10.87914 10.85276 10.8252 10.79568 10.76575 10.73504 10.70276 10.67048 10.63583 10.60158 10.56772 10.53386 10.49843 10.4626 10.42599 10.38819 10.35001 10.30867 10.26772 10.2256 10.18308 10.13977 10.09725 10.0563 10.01536 9.974415 9.932682 9.89095 9.851974
10.4563 10.46142 10.46615 10.47126 10.47678 10.48229 10.48701 10.49016 10.4941 10.49843 10.51418 10.53623 10.57127 10.60867 10.65158 10.69528 10.74095 10.78386 10.82402 10.85631 10.88544 10.90867 10.93071 10.94764 10.96418 10.97993 10.99134 10.99804 11.0004 11.00079 10.99961 10.99725 10.98662 10.9752 10.96142 10.94646 10.93071 10.91378 10.89646 10.87402 10.8504 10.82245 10.79371 10.76379 10.73544 10.70749 10.67599 10.64331 10.61024 10.57756 10.54371 10.50906 10.47402 10.4378 10.40119 10.363 10.32481 10.28426 10.24371 10.20158 10.15906 10.11575 10.07441 10.03544 9.9941 9.952368 9.911423 9.871264 9.833469
10.42993 10.43308 10.43623 10.43938 10.44292 10.44567 10.44843 10.4504 10.45552 10.46379 10.48229 10.50552 10.54095 10.57875 10.62245 10.66693 10.71221 10.75434 10.79331 10.82481 10.85276 10.87481 10.89528 10.91418 10.9319 10.94646 10.95749 10.96536 10.96812 10.96812 10.96654 10.96379 10.95473 10.9441 10.93071 10.91615 10.90119 10.88386 10.86615 10.84371 10.81969 10.79213 10.76418 10.73623 10.70788 10.68032 10.64961 10.61851 10.58583 10.55276 10.51851 10.48426 10.45001 10.41378 10.37678 10.33859 10.29961 10.25945 10.21851 10.17638 10.13465 10.09292 10.05237 10.01339 9.973233 9.932682 9.892525 9.853548 9.816935
10.40434 10.40591 10.40709 10.40827 10.40945 10.40985 10.41063 10.41221 10.41851 10.43111 10.45158 10.47638 10.5126 10.55079 10.59528 10.63977 10.68465 10.72599 10.76339 10.7941 10.82087 10.84174 10.86142 10.8819 10.9004 10.91378 10.92481 10.93347 10.93623 10.93623 10.93386 10.93071 10.92284 10.91339 10.9004 10.88662 10.87166 10.85434 10.83623 10.813 10.78938 10.76221 10.73544 10.70867 10.68111 10.65276 10.62363 10.59371 10.56103 10.52756 10.49331 10.45945 10.4256 10.38977 10.35276 10.31418 10.2752 10.23426 10.19331 10.15119 10.10985 10.07008 10.03071 9.991737 9.952368 9.912603 9.874021 9.835832 9.800399
10.38465 10.38308 10.38229 10.3815 10.38071 10.37914 10.37875 10.38229 10.39134 10.4067 10.42953 10.45591 10.49371 10.53386 10.57835 10.62245 10.66418 10.70316 10.73938 10.76851 10.79449 10.81733 10.83938 10.85709 10.87323 10.88662 10.89725 10.90552 10.90867 10.90985 10.9063 10.90197 10.89449 10.88544 10.87245 10.85827 10.84292 10.8252 10.8063 10.78347 10.76024 10.73465 10.70867 10.6815 10.65355 10.62481 10.59489 10.56497 10.53268 10.5004 10.46654 10.43268 10.39882 10.36378 10.32835 10.29016 10.25079 10.20985 10.1689 10.12756 10.08701 10.04843 10.00945 9.970477 9.931895 9.893312 9.856698 9.820084 9.782289
10.36615 10.36221 10.35906 10.35591 10.35316 10.3504 10.35001 10.35552 10.36693 10.38544 10.41024 10.43859 10.47796 10.5193 10.56378 10.6067 10.64607 10.68268 10.71733 10.74528 10.77008 10.7941 10.81733 10.83308 10.84804 10.86064 10.87087 10.87835 10.8819 10.88386 10.87914 10.87363 10.86615 10.85709 10.84489 10.83071 10.81457 10.79607 10.77717 10.75434 10.7315 10.70709 10.6815 10.65394 10.62599 10.59686 10.56654 10.53623 10.50434 10.47245 10.43938 10.40591 10.37166 10.3378 10.30394 10.26615 10.22678 10.18583 10.14449 10.10394 10.06457 10.02678 9.988587 9.949612 9.911423 9.874021 9.838982 9.803549 9.764178
10.35197 10.34489 10.33859 10.33347 10.32875 10.32717 10.32835 10.33701 10.35079 10.37127 10.39922 10.43032 10.47008 10.51182 10.55394 10.59528 10.63347 10.66812 10.69961 10.72756 10.75355 10.7756 10.79646 10.8126 10.82717 10.83819 10.84725 10.85473 10.85749 10.85867 10.85394 10.84843 10.83938 10.82953 10.81851 10.80434 10.7878 10.7693 10.7504 10.72717 10.70355 10.67835 10.65276 10.62599 10.59804 10.56969 10.53938 10.50827 10.47638 10.4441 10.41063 10.37717 10.34371 10.31024 10.27717 10.24056 10.20315 10.16182 10.12087 10.08111 10.04253 10.00552 9.967722 9.928745 9.891737 9.855124 9.818903 9.782682 9.744887
10.33898 10.32953 10.32048 10.31378 10.30827 10.30867 10.31182 10.32323 10.34016 10.363 10.39292 10.42638 10.46654 10.50749 10.54725 10.58662 10.62284 10.65591 10.68505 10.71221 10.7378 10.75827 10.77717 10.79331 10.80709 10.81733 10.8256 10.8315 10.83347 10.83386 10.82914 10.82363 10.81379 10.80355 10.79213 10.77796 10.76103 10.74253 10.72363 10.7004 10.67678 10.65119 10.6252 10.59843 10.57087 10.54292 10.5126 10.4819 10.44882 10.41575 10.38229 10.34922 10.31615 10.28347 10.2504 10.21536 10.17914 10.13859 10.09764 10.05867 10.02048 9.984257 9.946856 9.908667 9.872052 9.836226 9.799217 9.76221 9.725595
10.32835 10.31615 10.30512 10.29843 10.29292 10.29567 10.30197 10.31693 10.33662 10.36221 10.3941 10.42953 10.46812 10.50749 10.54489 10.58111 10.61536 10.64686 10.6756 10.7004 10.72284 10.74213 10.76064 10.77481 10.78819 10.79961 10.8063 10.80827 10.80906 10.80906 10.80473 10.79922 10.79056 10.77993 10.76575 10.75119 10.73544 10.71693 10.69686 10.67481 10.65237 10.62599 10.59922 10.57166 10.5441 10.51654 10.48701 10.4567 10.42245 10.38819 10.35552 10.32284 10.29056 10.25788 10.22441 10.18977 10.15434 10.11536 10.07599 10.03662 9.99843 9.96221 9.925989 9.889769 9.853942 9.817721 9.779926 9.742131 9.707485
