Sensitivity_testing/Dynamic_input/Gridded_rain/prism_ppt_tutuila_30yr_normal_12.asc
ncols         700
nrows         400
xllcorner     515000
yllcorner     8409000
cellsize      50
NODATA_value  -9999
[rows 124 to 154 of 400, columns 414 to 482 of 700]
18.58466 18.57166 18.55906 18.54647 18.53465 18.52442 18.51379 18.50355 18.49568 18.49056 18.48269 18.47403 18.46379 18.45395 18.44647 18.43741 18.42678 18.41773 18.40946 18.40198 18.39489 18.39568 18.39765 18.4008 18.40591 18.41418 18.42521 18.43781 18.45237 18.46773 18.47796 18.48741 18.49489 18.50159 18.5067 18.50985 18.51143 18.50946 18.50631 18.50237 18.49804 18.49214 18.48466 18.47521 18.46182 18.44568 18.42599 18.40552 18.38387 18.36064 18.3315 18.30276 18.27521 18.24725 18.2193 18.18544 18.1504 18.11458 18.07796 18.03859 17.99686 17.95119 17.9004 17.84647 17.78859 17.72954 17.66261 17.59489 17.52363
18.48977 18.47914 18.46773 18.46379 18.46025 18.45276 18.44686 18.44529 18.44292 18.43977 18.43781 18.43623 18.42875 18.42127 18.41891 18.41576 18.41103 18.40828 18.40591 18.40395 18.40198 18.40316 18.40473 18.41025 18.41733 18.42757 18.44213 18.45946 18.47599 18.49174 18.50591 18.5197 18.53151 18.54214 18.54962 18.55473 18.55828 18.55749 18.55592 18.55592 18.55513 18.54922 18.54332 18.53662 18.52442 18.50828 18.49017 18.47087 18.44843 18.4256 18.4008 18.37521 18.34883 18.32127 18.29292 18.26025 18.22639 18.18938 18.15119 18.10906 18.06418 18.01536 17.96339 17.90946 17.85001 17.78977 17.71969 17.64843 17.57402
18.37993 18.37403 18.36733 18.36812 18.36891 18.3693 18.37088 18.37403 18.37678 18.37993 18.38229 18.38465 18.38308 18.3819 18.38387 18.38584 18.3878 18.38938 18.39095 18.3945 18.39844 18.40198 18.40631 18.41418 18.42324 18.43465 18.4508 18.47048 18.48938 18.50788 18.52521 18.54253 18.5567 18.5693 18.57993 18.5878 18.59332 18.59568 18.59725 18.60001 18.60158 18.59765 18.59292 18.58623 18.5756 18.56143 18.54371 18.52481 18.50355 18.48229 18.45985 18.43662 18.41143 18.38426 18.35592 18.32363 18.29095 18.25277 18.2134 18.16969 18.12324 18.07206 18.01851 17.96339 17.90119 17.83741 17.76576 17.69292 17.61379
18.263 18.263 18.26261 18.26536 18.2693 18.28072 18.29017 18.29607 18.30434 18.31458 18.32088 18.3256 18.33229 18.33899 18.34489 18.35158 18.36024 18.36615 18.3693 18.37836 18.38859 18.39686 18.40513 18.41536 18.42599 18.43781 18.45473 18.47521 18.49686 18.51891 18.53977 18.55946 18.57442 18.58899 18.60237 18.613 18.62127 18.62757 18.63387 18.6378 18.64135 18.64017 18.63662 18.62875 18.6193 18.60828 18.59056 18.57127 18.55276 18.53387 18.513 18.49056 18.46694 18.44017 18.41143 18.37993 18.34765 18.30788 18.26733 18.22324 18.17599 18.12324 18.06812 18.01143 17.94489 17.87599 17.80434 17.72993 17.64607
18.13229 18.13741 18.14253 18.15198 18.16261 18.17718 18.19174 18.20592 18.2193 18.23229 18.2441 18.25591 18.27009 18.28387 18.29607 18.30749 18.31851 18.32914 18.33938 18.35198 18.36536 18.37914 18.39292 18.40552 18.4193 18.43426 18.45198 18.47245 18.49607 18.52088 18.54253 18.56379 18.58032 18.59647 18.61222 18.62599 18.6382 18.64804 18.6571 18.66182 18.66576 18.66773 18.66694 18.66143 18.65198 18.64056 18.62599 18.61064 18.59292 18.57481 18.55473 18.53347 18.50985 18.48347 18.45513 18.42284 18.38977 18.3504 18.30985 18.26458 18.21615 18.16261 18.10473 18.0441 17.97521 17.90473 17.82954 17.75237 17.66812
17.99843 18.00906 18.0193 18.03662 18.05434 18.07048 18.08938 18.1134 18.1319 18.14607 18.16418 18.18308 18.20473 18.22599 18.24489 18.26143 18.27324 18.28859 18.3071 18.32324 18.33859 18.35867 18.37796 18.39332 18.41025 18.42875 18.44804 18.46733 18.49292 18.5197 18.54253 18.56458 18.58269 18.6008 18.61851 18.63544 18.65158 18.66458 18.67639 18.68111 18.68584 18.69056 18.69292 18.69056 18.6819 18.66812 18.65788 18.64804 18.62993 18.61182 18.59332 18.57245 18.54844 18.52245 18.49529 18.46182 18.42678 18.38859 18.34843 18.30158 18.25159 18.19804 18.13702 18.07127 18.00119 17.93032 17.85001 17.76891 17.68623
17.85276 17.86969 17.8882 17.90788 17.92836 17.95119 17.97521 18.0008 18.02599 18.05119 18.0756 18.09962 18.1256 18.15119 18.17481 18.19725 18.21733 18.2378 18.25906 18.2819 18.30473 18.32599 18.34725 18.36851 18.39017 18.41221 18.43387 18.45592 18.48151 18.50788 18.53308 18.55749 18.57718 18.59607 18.61379 18.63229 18.6508 18.66615 18.68032 18.68781 18.69489 18.70198 18.70592 18.70473 18.69804 18.6882 18.67718 18.66615 18.65198 18.63662 18.61773 18.59686 18.57324 18.54647 18.51773 18.48466 18.4504 18.40907 18.36654 18.31891 18.26733 18.21064 18.14843 18.08308 18.01064 17.93662 17.85513 17.77245 17.68544
17.70631 17.72914 17.75513 17.77757 17.8008 17.82993 17.85867 17.88662 17.91891 17.95395 17.98466 18.0134 18.0441 18.07442 18.10237 18.13072 18.15907 18.18505 18.20906 18.2382 18.26851 18.29135 18.31497 18.34213 18.36851 18.39371 18.41851 18.44292 18.46851 18.49489 18.52245 18.54883 18.57009 18.58977 18.60828 18.62757 18.64804 18.66576 18.68229 18.69292 18.70277 18.71143 18.71655 18.71655 18.71261 18.70592 18.6945 18.6819 18.67127 18.65867 18.63977 18.61891 18.59568 18.56812 18.53741 18.50473 18.47127 18.42639 18.38111 18.33308 18.27993 18.21969 18.1567 18.09213 18.01694 17.93938 17.85749 17.77324 17.68111
17.5571 17.58229 17.60867 17.63741 17.66694 17.69765 17.72993 17.76497 17.80237 17.84253 17.87914 17.91418 17.94962 17.98466 18.01891 18.05316 18.08741 18.1193 18.14883 18.18111 18.21379 18.24607 18.27796 18.3071 18.33623 18.36458 18.39253 18.42088 18.44883 18.47678 18.50316 18.52914 18.55434 18.57796 18.59765 18.61851 18.63977 18.65788 18.6756 18.69017 18.70355 18.71103 18.71615 18.71773 18.71576 18.71103 18.70198 18.69135 18.67796 18.66418 18.64804 18.62796 18.60316 18.57521 18.54568 18.50985 18.47285 18.42599 18.37836 18.32796 18.27402 18.21458 18.14883 18.07875 18.00355 17.92717 17.83977 17.75119 17.65828
17.40434 17.43269 17.46103 17.49489 17.52954 17.56418 17.6008 17.64135 17.68387 17.72796 17.77009 17.81182 17.85237 17.89253 17.93269 17.97284 18.01221 18.04962 18.08505 18.12088 18.1571 18.19725 18.23623 18.26812 18.30001 18.3315 18.363 18.39528 18.4256 18.45513 18.48151 18.50788 18.53662 18.563 18.58544 18.6071 18.62914 18.64844 18.66694 18.68505 18.7008 18.70788 18.713 18.71536 18.71497 18.71261 18.70513 18.69607 18.68151 18.66694 18.65237 18.63347 18.60749 18.57914 18.54922 18.51103 18.47009 18.42127 18.37166 18.31969 18.26418 18.20513 18.13662 18.06261 17.98662 17.90946 17.81812 17.72599 17.63151
17.2441 17.27717 17.31064 17.34686 17.38426 17.42678 17.46969 17.51379 17.55867 17.60473 17.65198 17.70001 17.74686 17.79371 17.84017 17.88505 17.92717 17.97009 18.013 18.05355 18.09371 18.1378 18.18111 18.21812 18.25395 18.28702 18.32245 18.35946 18.39174 18.42284 18.45276 18.48269 18.51221 18.54017 18.56615 18.58977 18.61222 18.63269 18.65198 18.67127 18.68859 18.69647 18.70198 18.70316 18.70316 18.70198 18.6945 18.68544 18.67324 18.65985 18.64371 18.62403 18.6004 18.57088 18.53741 18.49647 18.45355 18.40237 18.3508 18.29765 18.24056 18.17718 18.10788 18.03505 17.95434 17.87166 17.78151 17.68899 17.58938
17.08072 17.11812 17.15591 17.19647 17.2378 17.28584 17.33387 17.38229 17.43111 17.47954 17.53111 17.58426 17.63741 17.69017 17.74135 17.79095 17.8378 17.88544 17.93387 17.97993 18.0256 18.07245 18.11851 18.16103 18.20119 18.23702 18.27481 18.31418 18.34962 18.38387 18.41812 18.45158 18.48269 18.51261 18.54056 18.56576 18.58977 18.61103 18.63151 18.6508 18.66851 18.67836 18.68505 18.68623 18.68584 18.68426 18.67718 18.66891 18.65788 18.64568 18.62757 18.60749 18.58426 18.55355 18.51812 18.4756 18.43111 18.37796 18.32442 18.26812 18.20788 18.14214 18.07166 17.99922 17.91576 17.83032 17.73859 17.6441 17.54095
16.91418 16.95513 16.99647 17.04332 17.09056 17.14056 17.19213 17.24686 17.30001 17.35158 17.4067 17.463 17.52245 17.58072 17.63544 17.68938 17.74214 17.7941 17.84529 17.89765 17.9504 17.99843 18.04647 18.0945 18.13899 18.17836 18.21733 18.25591 18.29568 18.33623 18.37481 18.41261 18.44647 18.47796 18.50552 18.53229 18.55828 18.58072 18.60277 18.62009 18.63662 18.64922 18.65828 18.66182 18.66025 18.65552 18.64962 18.64332 18.6319 18.61851 18.60001 18.57836 18.55316 18.52206 18.48702 18.44371 18.39844 18.3445 18.28859 18.2256 18.16103 18.0941 18.02284 17.94922 17.86654 17.78151 17.68426 17.58544 17.4815
16.74568 16.79095 16.83702 16.88702 16.9382 16.99174 17.04686 17.10395 17.16182 17.2193 17.27875 17.33938 17.40198 17.46458 17.52363 17.5819 17.6382 17.6945 17.7504 17.80749 17.86497 17.91694 17.96851 18.01812 18.06615 18.11103 18.15316 18.19292 18.23623 18.28032 18.32284 18.36379 18.39922 18.43229 18.46182 18.49017 18.51733 18.54135 18.56379 18.58111 18.59765 18.61103 18.62127 18.62639 18.6256 18.62009 18.61418 18.60788 18.59568 18.5815 18.56143 18.5382 18.51143 18.47954 18.4445 18.39962 18.35277 18.29804 18.24056 18.17481 18.10749 18.03899 17.96536 17.88938 17.80552 17.72009 17.62048 17.5193 17.41379
16.57599 16.62599 16.67678 16.72914 16.78229 16.84095 16.89883 16.9567 17.01851 17.08387 17.14883 17.21379 17.27835 17.34332 17.40867 17.47127 17.52914 17.58938 17.65119 17.71182 17.77206 17.82954 17.88584 17.93505 17.98505 18.03662 18.08347 18.12717 18.17284 18.21891 18.26458 18.30788 18.34332 18.37796 18.41221 18.44213 18.4693 18.49371 18.51773 18.53584 18.55276 18.56576 18.57599 18.58229 18.58269 18.57993 18.57245 18.56379 18.5508 18.53584 18.5134 18.48859 18.46064 18.42757 18.39174 18.34489 18.29528 18.23938 18.18151 18.11615 18.04804 17.97717 17.9004 17.82009 17.73387 17.64607 17.54725 17.44607 17.3382
16.40434 16.45709 16.51024 16.56772 16.62599 16.68544 16.74607 16.80828 16.87403 16.94253 17.01064 17.07914 17.14765 17.21615 17.28387 17.3504 17.41418 17.47796 17.54174 17.60631 17.67166 17.73269 17.79253 17.84568 17.89922 17.95316 18.00395 18.05237 18.1004 18.14843 18.1941 18.2382 18.27717 18.31418 18.34804 18.37914 18.40867 18.43426 18.45946 18.47757 18.49489 18.50828 18.51891 18.52481 18.52678 18.52599 18.51812 18.50867 18.49371 18.47678 18.45316 18.42718 18.39804 18.363 18.32403 18.27639 18.22639 18.16851 18.10906 18.0441 17.9756 17.90198 17.82324 17.74135 17.65237 17.56221 17.46182 17.35946 17.2504
16.2315 16.28662 16.34174 16.40552 16.46891 16.52835 16.59135 16.65985 16.72914 16.79883 16.87009 16.94174 17.01458 17.08702 17.15631 17.22639 17.29765 17.36418 17.42796 17.49765 17.56851 17.63269 17.69568 17.75434 17.81182 17.86654 17.92048 17.97403 18.02481 18.07481 18.1193 18.16339 18.2067 18.24607 18.27875 18.31103 18.34292 18.37009 18.39647 18.41418 18.43151 18.44607 18.4567 18.46221 18.46536 18.46694 18.45867 18.44843 18.43111 18.41221 18.38741 18.36064 18.33072 18.29292 18.24962 18.20158 18.15198 18.09174 18.03032 17.96615 17.89686 17.82048 17.74017 17.65709 17.56615 17.47363 17.37087 17.26654 17.1567
16.05749 16.11576 16.1756 16.23859 16.30237 16.36891 16.43662 16.50552 16.57757 16.65198 16.72521 16.79804 16.87403 16.94962 17.02324 17.09647 17.16969 17.24095 17.31103 17.38229 17.45395 17.52206 17.58899 17.65198 17.71339 17.77206 17.82836 17.88269 17.93426 17.98505 18.03269 18.07914 18.12324 18.16339 18.19725 18.23032 18.26261 18.28977 18.31615 18.33623 18.35473 18.36773 18.37796 18.38426 18.38662 18.38662 18.37954 18.37088 18.35277 18.33269 18.3071 18.27757 18.24332 18.20395 18.16221 18.11261 18.06103 18.0008 17.93859 17.87087 17.79962 17.72363 17.64253 17.55867 17.46576 17.37048 17.26536 17.15906 17.04883
15.88387 15.94528 16.00867 16.07088 16.13505 16.20906 16.2815 16.3508 16.42521 16.50395 16.57914 16.65395 16.73269 16.81103 16.88898 16.96536 17.03977 17.11576 17.19292 17.26576 17.3378 17.40985 17.48072 17.54804 17.613 17.6756 17.73387 17.78938 17.84174 17.89332 17.94371 17.99292 18.03741 18.07836 18.11379 18.14725 18.17954 18.2067 18.23308 18.25552 18.2756 18.28662 18.29607 18.30316 18.30473 18.30237 18.29686 18.29017 18.27127 18.2508 18.22403 18.19174 18.15198 18.11182 18.07206 18.02088 17.96655 17.9067 17.8441 17.77245 17.69883 17.62363 17.54214 17.45749 17.36182 17.26418 17.15709 17.04883 16.9378
15.71497 15.77599 15.8378 15.90552 15.97442 16.04646 16.11969 16.19528 16.27166 16.34843 16.42678 16.50591 16.58741 16.66851 16.74765 16.82599 16.90277 16.9815 17.06143 17.1382 17.21418 17.28702 17.35985 17.43072 17.49883 17.56261 17.62363 17.68269 17.7378 17.79135 17.84056 17.88938 17.93584 17.97836 18.01536 18.04962 18.0815 18.10985 18.13741 18.15828 18.17718 18.18899 18.19765 18.20119 18.20276 18.20276 18.19686 18.18977 18.16969 18.14843 18.12088 18.08899 18.0508 18.00828 17.963 17.91103 17.8571 17.79332 17.72796 17.65828 17.58505 17.5071 17.42245 17.33347 17.2382 17.14095 17.03308 16.92363 16.81025
15.54568 15.60709 15.66851 15.74056 15.81261 15.88465 15.95946 16.03938 16.11733 16.19371 16.27481 16.3571 16.44056 16.52402 16.60473 16.68544 16.76536 16.84647 16.92835 17.00867 17.08859 17.163 17.23702 17.31143 17.3819 17.44686 17.51064 17.57324 17.63032 17.68623 17.73505 17.78387 17.83111 17.87521 17.91379 17.94883 17.98111 18.01025 18.03859 18.05788 18.07599 18.0882 18.09568 18.09725 18.09843 18.09962 18.09371 18.08544 18.06536 18.04371 18.01536 17.98347 17.94725 17.90198 17.85198 17.79883 17.7445 17.67717 17.60985 17.54135 17.46773 17.3878 17.3004 17.20828 17.11261 17.01536 16.9067 16.79646 16.68072
15.37481 15.43977 15.5067 15.57678 15.64804 15.72599 15.80355 15.88111 15.96064 16.04135 16.12324 16.20513 16.28859 16.37245 16.45749 16.54174 16.62442 16.7071 16.79017 16.87245 16.95473 17.03151 17.10788 17.18151 17.25316 17.32206 17.38741 17.4508 17.50985 17.56773 17.61891 17.66891 17.71497 17.75906 17.79922 17.83584 17.86969 17.89765 17.92442 17.94528 17.96339 17.97245 17.97875 17.98269 17.98269 17.98032 17.97284 17.96418 17.94647 17.92639 17.89843 17.86615 17.82718 17.78151 17.7319 17.67402 17.61458 17.54922 17.48269 17.41025 17.33387 17.25316 17.16576 17.07442 16.97678 16.87757 16.76812 16.65709 16.54056
15.20867 15.2752 15.3445 15.41457 15.48662 15.56615 15.64528 15.72324 15.80395 15.88741 15.96969 16.05198 16.13662 16.22127 16.30906 16.39568 16.48072 16.56576 16.6504 16.73387 16.81733 16.89607 16.97363 17.04725 17.12048 17.19292 17.26064 17.32481 17.38465 17.44371 17.49686 17.54843 17.5941 17.6378 17.67954 17.71694 17.75198 17.78032 17.8067 17.82718 17.84489 17.85198 17.85788 17.86221 17.86103 17.85631 17.84804 17.83859 17.82245 17.80355 17.7756 17.74214 17.70158 17.65552 17.60631 17.54568 17.48229 17.41694 17.34922 17.27402 17.19607 17.11458 17.02757 16.93662 16.83741 16.73584 16.6256 16.51339 16.39686
15.0508 15.11536 15.18072 15.25473 15.32914 15.40513 15.48347 15.56536 15.64765 15.73032 15.81339 15.89686 15.98347 16.07048 16.15788 16.24528 16.33308 16.42009 16.50749 16.59095 16.67402 16.75355 16.8319 16.90631 16.9815 17.05749 17.12678 17.19174 17.25119 17.30946 17.36418 17.41733 17.46339 17.50749 17.54922 17.58702 17.62206 17.65237 17.6819 17.69922 17.71458 17.72245 17.72836 17.73072 17.72836 17.72284 17.71379 17.70355 17.6882 17.6693 17.63938 17.60473 17.56497 17.51851 17.46851 17.40788 17.34529 17.27442 17.20237 17.12599 17.04765 16.96733 16.88072 16.79095 16.68977 16.58623 16.47363 16.36024 16.2445
14.89253 14.95788 15.02363 15.09725 15.17166 15.24686 15.3252 15.40867 15.49174 15.57481 15.65867 15.74253 15.83032 15.91812 16.00631 16.09528 16.18465 16.27284 16.35985 16.4445 16.52835 16.60867 16.6878 16.763 16.83859 16.91536 16.98544 17.0504 17.11064 17.1693 17.22481 17.27835 17.32639 17.37166 17.41379 17.45158 17.48662 17.51694 17.54607 17.56339 17.57836 17.58702 17.59253 17.59371 17.59056 17.58426 17.57402 17.56261 17.54568 17.5256 17.49568 17.46103 17.42127 17.37363 17.32206 17.26143 17.19843 17.12521 17.05119 16.97402 16.89489 16.81379 16.72717 16.6378 16.53505 16.42993 16.31654 16.20276 16.0882
14.73426 14.80237 14.87206 14.94213 15.01339 15.09095 15.17048 15.25316 15.33623 15.42009 15.50473 15.58938 15.67639 15.76418 15.85473 15.94568 16.03584 16.12324 16.20867 16.2945 16.38072 16.46182 16.54174 16.61733 16.69253 16.76694 16.83623 16.90198 16.96339 17.02402 17.07836 17.1319 17.18269 17.23032 17.27245 17.31025 17.34568 17.37363 17.39961 17.41969 17.43702 17.44489 17.45001 17.4508 17.44725 17.44056 17.42836 17.41458 17.3941 17.37166 17.34371 17.31025 17.2693 17.22048 17.16615 17.10473 17.04095 16.96851 16.8945 16.81694 16.73623 16.65316 16.56536 16.4752 16.37206 16.26615 16.15355 16.04056 15.92717
14.5819 14.6504 14.72009 14.79095 14.86261 14.93938 15.01772 15.09843 15.18111 15.26536 15.3508 15.43623 15.52363 15.61143 15.70237 15.79292 15.88347 15.97127 16.05749 16.14213 16.22639 16.30828 16.38898 16.46654 16.54174 16.61379 16.68229 16.74843 16.80985 16.87009 16.92521 16.97954 17.0319 17.08032 17.12284 17.16143 17.19765 17.22481 17.24961 17.2693 17.28662 17.29568 17.30001 17.29843 17.29371 17.28662 17.27402 17.26024 17.23662 17.21221 17.18387 17.14961 17.10828 17.05788 17.00276 16.94017 16.87599 16.80434 16.73111 16.65237 16.57166 16.4878 16.39843 16.30552 16.20316 16.09843 15.98662 15.87402 15.75985
14.43229 14.50001 14.56812 14.64135 14.71497 14.78938 14.86536 14.9441 15.02599 15.11064 15.19646 15.28269 15.37087 15.45946 15.54961 15.63938 15.72875 15.81772 15.90591 15.9882 16.0693 16.15158 16.23347 16.313 16.3882 16.45788 16.5256 16.59213 16.65277 16.71221 16.76891 16.82481 16.87757 16.92599 16.96851 17.00788 17.04568 17.07284 17.09765 17.11576 17.13229 17.14214 17.14568 17.14095 17.13426 17.12678 17.11497 17.10158 17.07639 17.04962 17.01891 16.98347 16.94135 16.89056 16.83426 16.77127 16.70631 16.63544 16.56261 16.48347 16.40277 16.32009 16.22836 16.1315 16.03072 15.92835 15.81772 15.70513 15.58898
14.28505 14.35276 14.42166 14.49371 14.56615 14.64017 14.71536 14.79331 14.8756 14.96103 15.04646 15.1319 15.2193 15.30709 15.39646 15.48544 15.57363 15.66182 15.75001 15.83308 15.91497 15.9945 16.07402 16.15434 16.23032 16.30001 16.36654 16.43111 16.49135 16.5508 16.60788 16.66379 16.71576 16.76418 16.80788 16.84725 16.88387 16.91103 16.93544 16.95198 16.96654 16.97521 16.97875 16.9756 16.96851 16.95946 16.94607 16.93151 16.90513 16.87757 16.84489 16.80788 16.76497 16.71418 16.65867 16.59607 16.5319 16.45946 16.38623 16.30867 16.22836 16.1441 16.05237 15.9571 15.85513 15.75198 15.64213 15.53072 15.41576
14.1382 14.20631 14.27639 14.34607 14.41694 14.49095 14.56576 14.64331 14.7256 14.81182 14.89686 14.9815 15.06772 15.15473 15.24292 15.33111 15.41851 15.50591 15.59292 15.67717 15.76103 15.83702 15.91379 15.99489 16.07166 16.14135 16.20631 16.26851 16.32875 16.3882 16.44568 16.50198 16.55198 16.6004 16.64568 16.68465 16.71969 16.74647 16.77087 16.78544 16.79843 16.80513 16.80867 16.80828 16.8008 16.78977 16.77481 16.75828 16.7315 16.70276 16.66772 16.62914 16.58623 16.53584 16.48111 16.41969 16.35591 16.2815 16.20709 16.13229 16.05198 15.96576 15.87481 15.7819 15.67875 15.57324 15.46418 15.35473 15.24253
13.99725 14.063 14.12875 14.19843 14.2689 14.34213 14.41772 14.49607 14.57796 14.66261 14.74568 14.82835 14.91536 15.00237 15.09135 15.17875 15.26379 15.34843 15.43308 15.51733 15.60158 15.67914 15.7567 15.83387 15.90828 15.97875 16.0445 16.1067 16.16615 16.22442 16.27796 16.33111 16.38268 16.43032 16.47284 16.50985 16.54371 16.56969 16.5945 16.61024 16.62324 16.62717 16.62954 16.62993 16.62363 16.61379 16.59489 16.57363 16.54922 16.52206 16.48662 16.44686 16.40198 16.35119 16.29765 16.23465 16.1693 16.09686 16.02363 15.94725 15.86694 15.78269 15.69135 15.59647 15.49371 15.38938 15.2815 15.17324 15.06379
