Sensitivity_testing/Dynamic_input/Gridded_rain/prism_ppt_tutuila_30yr_normal_07.asc
ncols         700
nrows         400
xllcorner     515000
yllcorner     8409000
cellsize      50
NODATA_value  -9999
[rows 62 to 92 of 400, columns 345 to 413 of 700]
-9999 -9999 -9999 -9999 -9999 -9999 -9999 -9999 -9999 -9999 -9999 -9999 -9999 -9999 -9999 -9999 -9999 -9999 -9999 -9999 -9999 -9999 -9999 -9999 -9999 -9999 -9999 -9999 -9999 -9999 -9999 -9999 -9999 -9999 -9999 -9999 -9999 -9999 -9999 -9999 6.693311 6.693311 -9999 -9999 -9999 -9999 -9999 -9999 -9999 6.596066 6.577956 6.547247 6.531893 6.520869 6.511027 6.501184 6.490554 6.480318 6.47087 6.460633 6.44961 6.438192 6.426381 6.413783 6.401185 6.387011 6.373231 6.36024 6.347247
-9999 -9999 -9999 -9999 -9999 -9999 -9999 -9999 -9999 -9999 -9999 -9999 -9999 -9999 -9999 -9999 -9999 -9999 -9999 -9999 -9999 -9999 -9999 -9999 -9999 -9999 -9999 -9999 -9999 -9999 -9999 -9999 -9999 -9999 -9999 -9999 -9999 -9999 -9999 -9999 6.704334 6.701972 -9999 -9999 -9999 -9999 -9999 -9999 -9999 6.616145 6.601184 6.581106 6.566933 6.555515 6.545279 6.535437 6.524413 6.513783 6.503547 6.492917 6.481106 6.468901 6.456696 6.444098 6.431499 6.416539 6.401578 6.388192 6.374413
-9999 -9999 -9999 -9999 -9999 -9999 -9999 -9999 -9999 -9999 -9999 -9999 -9999 -9999 -9999 -9999 -9999 -9999 -9999 -9999 -9999 -9999 -9999 -9999 -9999 -9999 -9999 -9999 -9999 -9999 -9999 -9999 -9999 -9999 -9999 -9999 -9999 -9999 6.738586 6.73583 6.725594 6.72087 6.720082 6.721263 6.724019 6.719688 6.713783 6.698822 6.680318 6.656696 6.637405 6.61772 6.604334 6.594491 6.584255 6.573626 6.562995 6.551972 6.540161 6.527956 6.516145 6.503547 6.490948 6.477562 6.464177 6.448822 6.434255 6.420082 6.405515
-9999 -9999 -9999 -9999 -9999 -9999 -9999 -9999 -9999 -9999 -9999 -9999 -9999 -9999 -9999 -9999 -9999 -9999 -9999 -9999 -9999 -9999 -9999 -9999 -9999 -9999 -9999 -9999 -9999 -9999 -9999 -9999 -9999 -9999 -9999 -9999 -9999 -9999 6.774413 6.759058 6.750791 6.744492 6.742129 6.741342 6.741736 6.737011 6.730712 6.718114 6.705122 6.690948 6.675594 6.659452 6.647247 6.637405 6.627169 6.616145 6.605122 6.59331 6.580712 6.56772 6.555121 6.54213 6.529137 6.514964 6.500397 6.485043 6.470082 6.455515 6.439767
-9999 -9999 -9999 -9999 -9999 -9999 -9999 -9999 -9999 -9999 -9999 -9999 -9999 -9999 -9999 -9999 -9999 -9999 -9999 -9999 -9999 -9999 -9999 -9999 -9999 -9999 -9999 -9999 -9999 -9999 -9999 -9999 -9999 -9999 -9999 -9999 -9999 6.831893 6.813783 6.798429 6.783468 6.775988 6.779137 6.77835 6.774413 6.768901 6.762602 6.754334 6.744492 6.728744 6.715358 6.705122 6.694885 6.684256 6.673625 6.662602 6.650003 6.637011 6.624806 6.611814 6.598035 6.584255 6.570869 6.555909 6.540161 6.5252 6.509846 6.494098 6.477562
-9999 -9999 -9999 -9999 -9999 -9999 -9999 -9999 -9999 -9999 -9999 -9999 -9999 -9999 -9999 -9999 -9999 -9999 -9999 -9999 -9999 -9999 -9999 -9999 -9999 -9999 -9999 -9999 -9999 -9999 -9999 -9999 -9999 -9999 -9999 -9999 -9999 6.865358 6.852365 6.840161 6.828743 6.822838 6.825201 6.823232 6.818508 6.812602 6.806303 6.799216 6.790555 6.777169 6.765751 6.757484 6.747641 6.736618 6.7252 6.713783 6.701185 6.688192 6.6752 6.661814 6.647247 6.63268 6.618114 6.602365 6.586617 6.570476 6.554334 6.537798 6.520476
-9999 -9999 -9999 -9999 -9999 -9999 -9999 -9999 -9999 -9999 -9999 -9999 -9999 -9999 -9999 -9999 -9999 -9999 -9999 -9999 -9999 -9999 -9999 -9999 -9999 -9999 -9999 -9999 -9999 6.955515 6.955122 6.953547 6.952366 -9999 -9999 6.933074 6.923625 6.912208 6.896067 6.882681 6.879531 6.876775 6.8752 6.871657 6.867326 6.861814 6.855909 6.848035 6.839767 6.830318 6.821263 6.812995 6.802759 6.791342 6.779137 6.766932 6.755122 6.742917 6.728744 6.714571 6.700004 6.684256 6.66772 6.651578 6.636224 6.618901 6.601578 6.584649 6.565752
-9999 -9999 -9999 -9999 -9999 -9999 -9999 -9999 -9999 -9999 -9999 -9999 -9999 -9999 -9999 -9999 -9999 -9999 -9999 -9999 -9999 -9999 -9999 -9999 -9999 -9999 -9999 -9999 -9999 6.99961 6.985436 6.984649 6.990161 -9999 -9999 6.983862 6.971657 6.96024 6.951185 6.943704 6.942523 6.940161 6.937799 6.934649 6.931106 6.9252 6.918508 6.91024 6.901972 6.893311 6.884649 6.8752 6.864964 6.85394 6.841736 6.829531 6.816933 6.804334 6.790161 6.7752 6.759452 6.742917 6.726775 6.709452 6.69213 6.674413 6.656302 6.637011 6.617326
-9999 -9999 -9999 -9999 -9999 -9999 -9999 -9999 -9999 -9999 -9999 -9999 -9999 -9999 -9999 -9999 -9999 -9999 -9999 -9999 -9999 -9999 -9999 -9999 -9999 -9999 -9999 -9999 7.037799 7.02835 7.02087 7.021657 7.024413 7.030319 7.034256 7.036618 7.024413 7.008665 7.008665 7.008665 7.007484 7.005516 7.002759 7.000004 6.997248 6.990949 6.983862 6.975594 6.966933 6.958272 6.949216 6.93898 6.92835 6.91772 6.905909 6.893704 6.880319 6.866933 6.853153 6.837799 6.820082 6.803547 6.788192 6.769295 6.74961 6.7315 6.712602 6.690555 6.670082
-9999 -9999 -9999 -9999 -9999 -9999 -9999 -9999 -9999 -9999 -9999 -9999 -9999 -9999 -9999 -9999 -9999 -9999 -9999 -9999 -9999 -9999 -9999 -9999 7.165752 7.158271 7.145673 7.112208 7.090949 7.080318 7.073232 7.077563 7.084649 7.094492 7.096854 7.094098 7.08898 7.083862 7.084256 7.084649 7.083468 7.0815 7.07835 7.075201 7.072838 7.066933 7.060634 7.051972 7.043311 7.033862 7.024019 7.01339 7.002759 6.991736 6.980319 6.968507 6.955515 6.941736 6.9252 6.908665 6.891736 6.874413 6.85709 6.837405 6.81772 6.797641 6.777169 6.755909 6.734255
-9999 -9999 -9999 -9999 -9999 -9999 -9999 -9999 -9999 -9999 -9999 -9999 -9999 -9999 -9999 -9999 -9999 -9999 -9999 -9999 -9999 -9999 -9999 -9999 7.176775 7.167326 7.155909 7.150004 7.145279 7.136224 7.131106 7.138587 7.148429 7.161027 7.162209 7.155909 7.157878 7.161421 7.161815 7.162209 7.161421 7.159452 7.155909 7.153153 7.150397 7.144886 7.13898 7.130319 7.121264 7.111421 7.100791 7.090161 7.079137 7.068114 7.056696 7.045279 7.032287 7.018114 6.99961 6.981894 6.965358 6.946854 6.927563 6.907877 6.887799 6.865752 6.844098 6.822838 6.800004
-9999 -9999 -9999 -9999 -9999 -9999 -9999 -9999 -9999 -9999 -9999 -9999 -9999 -9999 -9999 -9999 -9999 -9999 -9999 -9999 -9999 -9999 7.26024 7.247642 7.225594 7.216146 7.211421 7.208272 7.205909 7.209453 7.214177 7.22087 7.22835 7.236618 7.240161 7.240555 7.243704 7.248035 7.249217 7.250004 7.249217 7.248035 7.24646 7.243704 7.240161 7.234256 7.227563 7.218901 7.209846 7.200004 7.189767 7.178744 7.16772 7.156697 7.144492 7.131894 7.11772 7.102366 7.084649 7.066933 7.048429 7.029531 7.01024 6.988586 6.966539 6.944492 6.922051 6.898035 6.873626
-9999 -9999 -9999 -9999 -9999 -9999 -9999 -9999 -9999 -9999 -9999 -9999 -9999 -9999 -9999 -9999 -9999 -9999 -9999 -9999 -9999 -9999 7.292523 7.280319 7.272445 7.270476 7.272445 7.274807 7.276775 7.28898 7.300004 7.307484 7.313783 7.319689 7.324807 7.329925 7.333862 7.338193 7.340555 7.34213 7.341342 7.340949 7.340949 7.338193 7.334256 7.327957 7.32087 7.312209 7.303154 7.293311 7.283074 7.272051 7.260633 7.248429 7.235437 7.222445 7.20709 7.190948 7.173626 7.155122 7.135043 7.115358 7.095673 7.072838 7.049216 7.026381 7.003153 6.977562 6.951578
-9999 -9999 -9999 -9999 -9999 -9999 -9999 -9999 -9999 -9999 -9999 -9999 -9999 -9999 -9999 -9999 -9999 -9999 -9999 -9999 7.389374 7.383468 7.361027 7.345673 7.333075 7.33465 7.344886 7.356303 7.368114 7.380319 7.39213 7.401972 7.410634 7.416933 7.422839 7.427957 7.432287 7.436224 7.440555 7.443705 7.443705 7.443705 7.443311 7.440948 7.437012 7.430713 7.423232 7.415752 7.40709 7.396461 7.38583 7.375201 7.362602 7.348823 7.335043 7.321264 7.305516 7.289374 7.271657 7.252366 7.231106 7.209453 7.188193 7.165358 7.142523 7.116933 7.091736 7.065752 7.03898
-9999 -9999 -9999 -9999 -9999 -9999 -9999 -9999 -9999 -9999 -9999 -9999 -9999 -9999 -9999 -9999 -9999 -9999 -9999 -9999 7.439374 7.4252 7.419689 7.414177 7.407878 7.415358 7.4315 7.448429 7.465358 7.47835 7.491343 7.50276 7.512996 7.52087 7.527956 7.533468 7.538193 7.542523 7.547642 7.551185 7.552366 7.553547 7.555909 7.554729 7.551579 7.54528 7.538587 7.530713 7.522445 7.511421 7.500398 7.489374 7.475988 7.461028 7.446461 7.432287 7.415752 7.399216 7.380319 7.36024 7.338193 7.315358 7.29213 7.269295 7.24646 7.218901 7.191736 7.164571 7.136618
-9999 -9999 -9999 -9999 -9999 -9999 -9999 -9999 -9999 -9999 -9999 -9999 -9999 7.414177 7.422051 7.441342 7.449216 -9999 -9999 7.499217 7.499217 7.497248 7.487012 7.485437 7.496067 7.512208 7.531894 7.550397 7.568114 7.583862 7.598429 7.61024 7.621264 7.631894 7.640162 7.646461 7.652366 7.657878 7.662209 7.665752 7.668114 7.672445 7.678744 7.680319 7.678744 7.673626 7.66772 7.658665 7.650004 7.640162 7.628744 7.615752 7.601973 7.587799 7.572051 7.556303 7.540161 7.522839 7.502366 7.481106 7.459059 7.435043 7.41024 7.387012 7.363783 7.335043 7.305909 7.275988 7.247248
-9999 -9999 -9999 -9999 -9999 -9999 -9999 -9999 -9999 -9999 -9999 -9999 -9999 7.455909 7.456697 7.475201 7.500398 -9999 -9999 7.554729 7.56339 7.570083 7.571658 7.580319 7.59961 7.620083 7.641343 7.661027 7.680319 7.698035 7.715752 7.732287 7.746854 7.757878 7.767327 7.775988 7.782288 7.788587 7.793311 7.798036 7.804729 7.812209 7.82087 7.825988 7.828351 7.825201 7.82087 7.811815 7.802366 7.792524 7.781106 7.767721 7.753941 7.739768 7.723626 7.70709 7.689374 7.67087 7.64961 7.627169 7.603547 7.579138 7.554729 7.529138 7.503547 7.474413 7.444492 7.412602 7.381894
-9999 -9999 -9999 -9999 -9999 -9999 -9999 -9999 -9999 -9999 -9999 7.493311 7.494492 7.498823 7.508272 7.525594 7.553154 7.590949 7.617327 7.638193 7.638587 7.643705 7.664965 7.687012 7.711028 7.733469 7.755122 7.776382 7.797642 7.817327 7.838193 7.862996 7.881894 7.89213 7.903154 7.914177 7.921658 7.927957 7.933862 7.940949 7.95276 7.964177 7.97402 7.983075 7.990949 7.990555 7.987799 7.979138 7.969689 7.958665 7.947248 7.935437 7.921658 7.907485 7.891343 7.874413 7.854335 7.833862 7.812603 7.789374 7.762996 7.73898 7.716539 7.687799 7.657878 7.628744 7.598823 7.565752 7.532681
-9999 -9999 -9999 -9999 -9999 -9999 -9999 -9999 -9999 -9999 -9999 7.56772 7.555122 7.560634 7.574019 7.599216 7.633469 7.673232 7.69961 7.722838 7.735831 7.751973 7.779138 7.80591 7.832681 7.86024 7.888193 7.911815 7.93465 7.961028 7.987799 8.015752 8.03898 8.05591 8.069689 8.0815 8.090555 8.099216 8.11024 8.121657 8.135831 8.149217 8.161422 8.171658 8.180713 8.183863 8.185043 8.178744 8.171658 8.162209 8.151185 8.137799 8.123233 8.108272 8.091343 8.073627 8.054335 8.033862 8.010634 7.986225 7.961028 7.935831 7.91024 7.880319 7.850004 7.819295 7.787799 7.754728 7.720083
-9999 -9999 -9999 -9999 -9999 -9999 -9999 -9999 -9999 -9999 7.606303 7.617721 7.626776 7.627957 7.642917 7.677957 7.721657 7.77087 7.792917 7.807878 7.838193 7.868114 7.898036 7.927563 7.956303 7.989768 8.025989 8.052366 8.076776 8.110634 8.143705 8.173626 8.201579 8.22717 8.244099 8.25591 8.267327 8.278745 8.295673 8.312209 8.327563 8.342917 8.357485 8.368902 8.377957 8.38465 8.390555 8.387012 8.382682 8.375989 8.365752 8.350398 8.33465 8.318508 8.300398 8.281894 8.264177 8.244493 8.218508 8.193705 8.171264 8.143705 8.113784 8.084256 8.053941 8.02087 7.987799 7.955122 7.918902
-9999 -9999 -9999 -9999 -9999 -9999 -9999 -9999 7.718902 7.698035 7.683862 7.689374 7.698823 7.723232 7.753154 7.79213 7.833468 7.877563 7.907091 7.933469 7.971264 8.008272 8.041343 8.076382 8.113784 8.152367 8.191736 8.230319 8.269296 8.303548 8.337012 8.369296 8.399611 8.427958 8.451579 8.471658 8.486225 8.499217 8.513783 8.527957 8.541737 8.557091 8.57402 8.586618 8.596067 8.598036 8.59843 8.59528 8.590555 8.583469 8.572839 8.558272 8.54213 8.524808 8.508272 8.491343 8.471658 8.450398 8.424414 8.398823 8.373627 8.346854 8.318508 8.287406 8.255516 8.221658 8.187406 8.151579 8.113784
-9999 -9999 -9999 -9999 -9999 -9999 -9999 -9999 7.729925 7.743311 7.760634 7.764965 7.777563 7.822445 7.866146 7.908272 7.949217 7.98898 8.026775 8.064178 8.109847 8.153547 8.191342 8.232287 8.277563 8.321264 8.363784 8.41339 8.464177 8.499611 8.53465 8.568902 8.60158 8.632288 8.661422 8.688981 8.706304 8.721264 8.733075 8.744886 8.757092 8.772446 8.79095 8.803548 8.813391 8.810635 8.80591 8.802366 8.797249 8.78898 8.778351 8.764965 8.748036 8.729926 8.714571 8.699611 8.67717 8.654335 8.629138 8.60276 8.575201 8.548429 8.522052 8.489374 8.45591 8.421658 8.386225 8.346854 8.307485
7.521264 7.550791 7.593311 7.637405 7.688193 7.733469 7.77087 7.791343 7.797248 7.811815 7.828744 7.86024 7.894886 7.942917 7.990161 8.036618 8.084256 8.133075 8.178744 8.22402 8.274414 8.325989 8.379532 8.430713 8.479138 8.526382 8.573233 8.620083 8.66654 8.711422 8.753942 8.788588 8.822052 8.853942 8.880713 8.904335 8.922051 8.938587 8.949611 8.961028 8.973233 8.986225 8.999217 9.007485 9.012997 9.010241 9.006304 8.999611 8.99213 8.982288 8.971265 8.958666 8.944099 8.927958 8.910241 8.892525 8.86969 8.846855 8.822446 8.796461 8.768115 8.738981 8.709847 8.67835 8.646854 8.611815 8.575201 8.533469 8.492918
7.535437 7.568114 7.612209 7.657484 7.708272 7.754728 7.794886 7.831106 7.864964 7.890162 7.912996 7.964177 8.015752 8.069296 8.121657 8.173232 8.228745 8.287406 8.342131 8.395674 8.451185 8.508666 8.572839 8.632288 8.685437 8.737012 8.787406 8.832682 8.87717 8.925595 8.971265 9.006698 9.040556 9.072052 9.096855 9.117722 9.135438 9.152367 9.16339 9.174808 9.186619 9.197248 9.205517 9.20906 9.210241 9.207879 9.204729 9.196068 9.186619 9.175595 9.164178 9.151973 9.138194 9.123233 9.103942 9.083863 9.061422 9.038194 9.013784 8.987406 8.958666 8.927958 8.896068 8.865359 8.83465 8.798823 8.761028 8.718509 8.676382
7.579925 7.623626 7.672051 7.72087 7.772839 7.823626 7.872445 7.91339 7.948823 7.991343 8.03583 8.089375 8.144886 8.208666 8.27087 8.330713 8.396068 8.465753 8.531501 8.596461 8.656697 8.717327 8.778745 8.841343 8.904335 8.960634 9.012997 9.061422 9.108666 9.145674 9.182682 9.221659 9.255123 9.281107 9.304729 9.326777 9.342131 9.356304 9.36969 9.382288 9.392919 9.400398 9.404336 9.404729 9.402367 9.400398 9.398036 9.388981 9.379139 9.367328 9.355516 9.343312 9.328351 9.311422 9.291344 9.270871 9.249217 9.225595 9.198036 9.170477 9.142131 9.111029 9.078745 9.046461 9.013784 8.975595 8.937013 8.896068 8.854729
7.640162 7.690949 7.743705 7.797248 7.851185 7.905516 7.96024 8.008272 8.051972 8.108665 8.168901 8.228351 8.290555 8.364178 8.436619 8.506698 8.579138 8.653941 8.72717 8.800398 8.867328 8.932682 8.994099 9.057092 9.121264 9.179532 9.234651 9.282681 9.329139 9.361029 9.393705 9.4315 9.462997 9.487013 9.509454 9.530713 9.54528 9.558666 9.572446 9.585438 9.594099 9.599611 9.60158 9.600005 9.596461 9.593706 9.590556 9.581501 9.572052 9.560241 9.547643 9.533863 9.517327 9.499611 9.479532 9.458666 9.436225 9.411816 9.382682 9.353154 9.323627 9.292918 9.261028 9.226776 9.191737 9.152761 9.113391 9.07284 9.031107
7.717327 7.771264 7.829532 7.887405 7.944886 8.002366 8.060241 8.118508 8.176776 8.244493 8.314571 8.383862 8.456304 8.539374 8.622051 8.704729 8.781107 8.853942 8.930714 9.008666 9.083469 9.156304 9.221265 9.281501 9.335438 9.392131 9.450398 9.494493 9.535438 9.570477 9.603942 9.634257 9.662997 9.689375 9.710241 9.727958 9.743706 9.75906 9.770871 9.781501 9.788588 9.793312 9.796068 9.795674 9.792918 9.7878 9.781501 9.773627 9.764966 9.754335 9.740556 9.723627 9.705517 9.687407 9.667722 9.648036 9.622052 9.595281 9.566934 9.535831 9.501973 9.471659 9.443706 9.406697 9.368508 9.330319 9.290556 9.248036 9.204729
7.809846 7.867327 7.929925 7.99213 8.053548 8.117327 8.184257 8.253154 8.323233 8.401973 8.482287 8.562603 8.644099 8.731501 8.820084 8.910241 8.992524 9.06969 9.147642 9.225989 9.301579 9.374808 9.4378 9.495674 9.547249 9.600792 9.655123 9.69843 9.739375 9.774021 9.807092 9.835832 9.862997 9.888194 9.908667 9.925989 9.941737 9.956305 9.966934 9.976383 9.981108 9.985438 9.988981 9.988587 9.986225 9.979532 9.972053 9.963391 9.954336 9.942919 9.928351 9.910635 9.892525 9.874414 9.853942 9.832683 9.80591 9.777958 9.747249 9.71536 9.681894 9.650398 9.620084 9.583469 9.546068 9.507092 9.46654 9.423233 9.378351
7.911815 7.972445 8.038587 8.104729 8.171264 8.243311 8.323233 8.403547 8.483863 8.572839 8.664178 8.755516 8.846067 8.93465 9.025989 9.120477 9.209847 9.295674 9.373233 9.448824 9.521265 9.590162 9.647249 9.703155 9.757879 9.806698 9.851974 9.896855 9.941343 9.973627 10.00552 10.03662 10.06339 10.08465 10.10512 10.12481 10.13898 10.15158 10.16142 10.16969 10.17245 10.17599 10.18032 10.17993 10.17717 10.16969 10.16182 10.15158 10.14056 10.12717 10.1126 10.09567 10.07874 10.06103 10.03819 10.01418 9.988194 9.959847 9.924415 9.892525 9.864179 9.829139 9.79095 9.757879 9.724808 9.68347 9.641737 9.598824 9.552761
8.02087 8.087012 8.156303 8.228351 8.311421 8.398036 8.489768 8.5815 8.673233 8.766933 8.861422 8.958666 9.055516 9.150792 9.24528 9.338588 9.427958 9.514572 9.589768 9.662603 9.729926 9.794494 9.851186 9.906304 9.959454 10.00749 10.05237 10.09371 10.13386 10.1693 10.20355 10.23308 10.25945 10.28111 10.3 10.31733 10.32993 10.34134 10.34961 10.35709 10.36182 10.36497 10.36615 10.36378 10.35906 10.35119 10.34252 10.3315 10.31969 10.30591 10.29095 10.27442 10.2567 10.23859 10.21615 10.19252 10.16457 10.13544 10.10276 10.07048 10.03938 10.00434 9.967328 9.932682 9.898037 9.856698 9.814178 9.768903 9.722053
8.132288 8.203547 8.275989 8.355123 8.457484 8.560635 8.664178 8.767721 8.870871 8.967721 9.063391 9.164966 9.266933 9.370084 9.468115 9.559454 9.646461 9.730714 9.803549 9.873627 9.935044 9.995674 10.05276 10.10749 10.15827 10.20709 10.25394 10.28977 10.32363 10.36378 10.40119 10.42796 10.45355 10.47717 10.49449 10.50788 10.5193 10.52993 10.53583 10.54213 10.55079 10.55394 10.55 10.54449 10.53819 10.52953 10.52048 10.50906 10.49686 10.48268 10.46733 10.4504 10.4315 10.41182 10.39134 10.36969 10.33898 10.30867 10.28111 10.24882 10.21182 10.17796 10.14607 10.10788 10.06851 10.02796 9.985044 9.936619 9.889375
