New_Model_Runs/13_Future_RCP4.5_Scn3_out/post_prcessed_with_MFR/Monthly_summaries/actual_et_monthly_AUG.asc
NCOLS 700
NROWS 400
XLLCENTER 515000.000000
YLLCENTER 8409000.000000
CELLSIZE 50.000000
NODATA_value -999.000000
[rows 76 to 113 of 400, columns 420 to 503 of 700]
0.00 0.00 0.00 0.00 0.00 0.00 0.00 0.00 0.00 0.00 0.00 0.00 0.00 0.00 0.00 0.00 0.00 0.00 0.00 0.00 0.00 0.00 0.00 0.00 0.00 0.00 0.00 0.00 0.00 0.00 0.00 0.00 0.00 0.00 0.00 0.00 0.00 0.00 0.00 0.00 0.00 0.00 0.00 0.00 0.00 0.00 0.00 0.00 0.00 0.00 0.00 0.00 0.00 0.00 0.00 0.00 0.00 0.00 0.00 0.00 0.00 0.00 0.00 0.00 0.00 0.00 0.00 0.00 0.00 0.00 0.00 0.00 0.00 0.00 0.00 0.00 0.00 0.00 0.00 0.00 0.00 0.00 0.00 0.00
0.00 0.00 0.00 0.00 0.00 0.00 0.00 0.00 0.00 0.00 0.00 0.00 0.00 0.00 0.00 0.00 0.00 0.00 0.00 0.00 0.00 0.00 0.00 0.00 0.00 0.00 0.00 0.00 0.00 0.00 0.00 0.00 0.00 0.00 0.00 0.00 0.00 0.00 0.00 0.00 0.00 0.00 0.00 0.00 0.00 0.00 0.00 0.00 0.00 0.00 0.00 0.00 0.00 0.00 0.00 0.00 0.00 0.00 0.00 0.00 0.00 0.00 0.00 0.00 0.00 0.00 0.00 0.00 0.00 0.00 0.00 0.00 0.00 0.00 0.00 0.00 0.00 0.00 0.00 0.00 0.00 0.00 0.00 0.00
0.00 0.00 0.00 0.00 0.00 0.00 0.00 0.00 0.00 0.00 0.00 2.28 0.00 0.00 0.00 0.00 0.00 0.00 0.00 0.00 0.00 0.00 0.00 0.00 0.00 0.00 0.00 0.00 0.00 0.00 0.00 0.00 0.00 0.00 0.00 0.00 0.00 0.00 0.00 0.00 0.00 0.00 0.00 0.00 0.00 0.00 0.00 0.00 0.00 0.00 0.00 0.00 0.00 0.00 0.00 0.00 0.00 0.00 0.00 0.00 0.00 0.00 0.00 0.00 0.00 0.00 0.00 0.00 0.00 0.00 0.00 0.00 0.00 0.00 0.00 0.00 0.00 0.00 0.00 0.00 0.00 0.00 0.00 0.00
0.00 0.00 0.00 0.00 0.00 0.00 0.00 0.00 0.00 0.00 0.00 1.94 0.00 0.00 0.00 0.00 0.00 0.00 0.00 0.00 0.00 0.00 0.00 0.00 0.00 0.00 0.00 0.00 0.00 0.00 0.00 0.00 0.00 0.00 0.00 0.00 0.00 0.00 0.00 0.00 0.00 0.00 0.00 0.00 0.00 0.00 0.00 0.00 0.00 0.00 0.00 0.00 0.00 0.00 0.00 0.00 0.00 0.00 0.00 0.00 0.00 0.00 0.00 0.00 0.00 0.00 0.00 0.00 0.00 0.00 0.00 0.00 0.00 0.00 0.00 0.00 0.00 0.00 0.00 0.00 0.00 0.00 0.00 0.00
0.00 0.00 0.00 0.00 0.00 0.00 0.00 0.00 0.00 0.00 2.28 0.58 0.00 0.00 0.00 0.00 0.00 0.00 0.00 0.00 0.00 0.00 0.00 0.00 0.00 0.00 0.00 0.00 0.00 0.00 0.00 0.00 0.00 0.00 0.00 0.00 0.00 0.00 0.00 0.00 0.00 0.00 0.00 0.00 0.00 0.00 0.00 0.00 0.00 0.00 0.00 0.00 0.00 0.00 0.00 0.00 0.00 0.00 0.00 0.00 0.00 0.00 0.00 0.00 0.00 0.00 0.00 0.00 0.00 0.00 0.00 0.00 0.00 0.00 0.00 0.00 0.00 0.00 0.00 0.00 0.00 0.00 0.00 0.00
0.00 0.00 0.00 0.00 0.00 0.00 0.00 0.00 0.00 2.28 0.58 0.58 2.30 0.00 0.00 0.00 0.00 0.00 0.00 0.00 0.00 0.00 0.00 0.00 0.00 0.00 0.00 0.00 0.00 0.00 0.00 0.00 0.00 0.00 0.00 0.00 0.00 0.00 0.00 0.00 0.00 0.00 0.00 0.00 0.00 0.00 0.00 0.00 0.00 0.00 0.00 0.00 0.00 0.00 0.00 0.00 0.00 0.00 0.00 0.00 0.00 0.00 0.00 0.00 0.00 0.00 0.00 0.00 0.00 0.00 0.00 0.00 0.00 0.00 0.00 0.00 0.00 0.00 0.00 0.00 0.00 0.00 0.00 0.00
0.99 0.99 0.00 0.00 0.00 0.00 0.00 0.99 0.99 0.99 0.99 0.99 0.87 0.00 0.00 0.00 0.00 0.00 0.00 0.00 0.00 0.00 0.00 0.00 0.00 0.00 0.00 0.00 0.00 0.00 0.00 0.00 0.00 0.00 0.00 0.00 0.00 0.00 0.00 0.00 0.00 0.00 0.00 0.00 0.00 0.00 0.00 0.00 0.00 0.00 0.00 0.00 0.00 0.00 0.00 0.00 3.21 0.00 0.00 0.00 0.00 0.00 0.00 0.00 0.00 0.00 0.00 0.00 0.00 0.00 0.00 0.00 0.00 0.00 0.00 0.00 0.00 0.00 0.00 0.00 0.00 0.00 0.00 0.00
0.99 0.99 0.99 0.00 0.00 0.00 0.99 0.99 0.99 0.99 0.99 0.99 3.41 0.00 0.00 0.00 0.00 0.00 0.00 0.00 0.00 0.00 0.00 0.00 0.00 0.00 0.00 0.00 0.00 0.00 0.00 0.00 0.00 0.00 0.00 0.00 0.00 0.00 0.00 0.00 0.00 0.00 0.00 0.00 0.00 0.00 0.00 0.00 0.00 0.00 0.00 0.00 0.00 0.00 0.00 0.00 1.05 0.00 0.00 0.00 0.00 0.00 0.00 0.00 0.00 0.00 0.00 0.00 0.00 3.03 3.87 0.00 0.00 0.00 0.00 0.00 0.00 0.00 0.00 0.00 0.00 0.00 0.00 0.00
0.99 0.99 0.99 0.99 0.99 0.99 0.99 0.99 0.99 0.99 0.99 0.99 3.41 0.00 0.00 0.00 0.00 0.00 0.00 0.00 0.00 0.00 0.00 0.00 0.00 0.00 0.00 0.00 0.00 0.00 0.00 0.00 0.00 0.00 0.00 0.00 0.00 0.00 0.00 0.00 0.00 0.00 0.00 0.00 0.00 0.00 0.00 0.00 0.00 0.00 0.00 0.00 0.00 0.00 0.00 0.00 1.05 1.05 0.00 0.00 0.00 0.00 0.00 0.00 0.00 0.00 0.00 0.00 0.98 0.98 0.98 0.00 0.00 0.00 0.00 0.00 0.00 0.00 0.00 0.00 0.00 0.00 0.00 0.00
0.99 0.99 0.99 0.99 0.99 0.99 0.99 0.99 0.99 0.99 0.99 0.99 3.41 0.00 0.00 0.00 0.00 0.00 0.00 0.00 0.00 0.00 0.00 0.00 0.00 0.00 0.00 3.41 2.39 2.39 0.00 0.00 0.00 0.00 0.00 0.00 0.00 0.00 0.00 0.00 0.00 0.00 0.00 0.00 0.00 0.00 0.00 0.00 0.00 0.00 0.00 0.00 0.00 0.00 0.00 0.00 1.05 1.05 0.00 0.00 0.00 0.00 0.00 0.00 0.00 0.00 0.00 3.18 0.98 0.98 0.98 3.87 0.00 0.00 0.00 0.00 0.00 0.00 0.00 0.00 0.00 0.00 0.00 0.00
0.99 0.99 0.99 0.99 0.99 0.99 0.99 0.99 0.99 0.99 0.99 0.99 0.87 0.00 0.00 0.00 0.00 0.00 0.00 0.00 0.00 0.00 0.00 0.00 0.00 0.00 0.00 0.87 0.61 0.61 0.00 0.00 0.00 0.00 0.00 0.00 0.00 0.00 0.00 0.00 0.00 0.00 0.00 0.00 0.00 3.21 3.21 0.00 0.00 0.00 0.00 0.00 0.00 0.00 0.00 0.00 1.05 1.05 3.10 0.00 0.00 0.00 0.00 0.00 0.00 0.00 0.00 0.98 0.98 0.98 0.98 0.98 3.87 0.00 0.00 0.00 0.00 0.00 0.00 0.00 0.00 0.84 0.84 0.00
0.99 0.99 0.99 0.99 0.99 0.99 0.99 0.99 0.99 0.99 0.99 0.99 0.87 0.00 0.00 0.00 0.00 0.00 0.00 0.00 0.00 0.00 0.00 0.00 0.00 0.00 0.87 0.87 0.61 0.61 0.00 0.00 0.00 0.00 0.00 0.00 0.00 0.00 0.00 0.00 0.00 0.00 0.00 0.00 0.00 3.21 3.21 3.21 0.00 0.00 0.00 0.00 0.00 0.00 0.00 0.00 3.10 1.05 1.05 1.05 0.98 0.00 0.00 0.98 0.98 0.98 0.00 0.98 0.98 0.98 0.98 0.98 0.98 0.00 0.00 0.00 0.00 0.00 0.00 0.00 0.84 0.84 0.84 0.84
0.99 0.99 0.99 0.99 0.99 0.99 0.99 0.99 0.99 0.99 0.99 0.99 0.87 0.00 0.00 0.00 0.00 0.00 0.00 0.00 0.00 0.00 0.00 0.00 0.00 3.41 0.87 0.87 0.61 0.00 0.00 0.00 0.00 0.00 0.00 0.00 0.00 0.00 0.00 0.00 0.00 0.00 0.00 0.00 0.00 1.05 1.05 1.05 3.21 3.21 0.00 0.00 0.00 0.00 0.00 0.00 1.05 1.05 1.05 1.05 0.98 0.98 0.98 0.98 0.98 0.98 0.98 0.98 0.98 0.98 0.98 0.98 0.98 0.00 0.00 0.00 0.00 0.00 0.00 0.84 0.84 0.84 0.84 0.84
0.99 0.99 0.99 0.99 0.99 0.99 0.99 0.99 0.99 0.99 0.99 0.99 0.87 0.00 0.00 0.00 0.00 0.00 0.00 0.00 0.00 0.00 3.41 0.00 0.00 0.87 0.87 0.87 0.61 0.00 0.00 0.00 0.00 0.00 0.00 0.00 0.00 0.00 0.00 0.00 0.00 0.00 0.00 0.00 0.00 1.05 1.05 1.05 1.05 1.05 0.00 0.00 0.00 0.00 0.00 0.00 0.00 1.05 1.05 1.05 0.98 0.98 0.98 0.98 0.98 0.98 0.98 0.98 0.98 0.98 0.98 0.98 0.98 0.98 0.00 0.00 0.00 0.00 0.84 0.84 0.84 0.84 0.84 0.84
0.99 0.99 0.99 0.99 0.99 0.99 0.99 0.99 0.99 0.99 0.99 0.99 0.87 0.00 0.00 0.00 0.00 0.00 0.00 0.00 3.41 0.87 0.87 0.87 0.87 0.87 0.87 0.87 0.00 0.00 0.00 0.00 0.00 0.00 0.00 0.00 0.00 0.00 0.00 0.00 0.00 0.00 0.00 0.00 3.21 1.05 1.05 1.05 1.05 1.05 0.00 0.00 0.00 0.00 0.00 0.00 0.00 1.05 1.05 1.05 0.98 0.98 0.98 0.98 0.98 0.98 0.98 0.98 0.98 0.98 0.98 0.98 0.98 0.98 0.98 0.98 0.00 0.84 0.84 0.84 0.84 0.84 0.84 0.84
0.99 0.99 0.99 0.99 0.99 0.99 0.99 0.99 0.99 0.99 0.99 0.99 0.87 0.00 0.00 0.00 0.00 0.00 0.00 0.87 0.87 0.87 0.87 0.87 2.63 2.63 0.87 0.87 0.00 0.00 0.00 0.00 0.00 0.00 0.00 0.00 0.00 0.00 0.00 0.00 0.00 0.00 0.00 0.00 0.00 1.05 1.05 1.05 1.05 0.00 0.00 0.00 0.00 0.00 0.00 0.00 3.21 1.05 1.05 1.05 0.98 0.98 0.98 0.98 0.98 0.98 0.98 0.98 0.98 0.98 0.98 0.98 0.98 0.98 0.98 0.98 0.84 0.84 0.84 0.84 0.84 0.84 0.84 0.84
0.99 0.99 0.99 0.99 0.99 0.99 0.99 0.99 0.99 0.99 0.99 0.99 0.87 0.87 0.00 0.00 0.00 0.00 0.00 0.87 0.87 0.87 0.87 0.87 0.87 0.87 0.87 0.00 0.00 0.00 0.00 0.00 0.00 0.00 0.00 0.00 0.00 0.00 0.00 0.00 0.00 0.00 0.00 0.00 0.00 1.05 1.05 1.05 0.00 0.00 0.00 0.00 0.00 0.00 0.00 0.00 1.05 1.05 1.05 1.05 0.98 0.98 0.98 0.98 0.98 0.98 0.98 0.98 0.98 0.98 0.98 0.98 0.98 0.98 0.98 0.98 0.84 0.84 0.84 0.84 0.84 0.84 0.84 0.84
0.99 0.99 0.99 0.99 0.99 0.99 0.99 0.99 0.99 0.99 0.99 0.99 0.87 0.87 0.87 0.00 0.00 0.00 0.00 0.87 0.87 0.87 0.87 0.87 0.87 0.87 0.87 0.00 0.00 0.00 0.00 0.00 0.00 0.00 0.00 0.00 0.00 0.00 0.00 0.00 0.00 0.00 0.00 0.00 0.00 0.00 3.14 1.05 0.00 0.00 0.00 0.00 0.00 0.00 0.00 3.03 1.05 1.05 1.05 1.05 0.98 0.98 0.98 0.98 0.98 0.98 0.98 0.98 0.98 0.98 0.98 0.98 0.98 0.98 0.98 0.98 0.84 0.84 0.84 0.84 0.84 0.84 0.84 0.84
0.99 0.99 0.99 0.99 0.99 0.99 0.99 0.99 0.99 0.99 0.99 0.99 0.87 0.87 0.87 3.41 3.41 3.41 0.87 0.87 0.87 0.87 0.87 0.87 0.87 0.87 0.87 0.00 0.00 0.00 0.00 0.00 0.00 0.00 0.00 0.00 0.00 0.00 0.00 0.00 0.00 0.00 0.00 0.00 0.00 0.00 3.14 1.05 1.05 1.05 0.00 0.00 0.00 0.00 3.11 1.05 1.05 1.05 1.05 1.05 0.98 0.98 0.98 0.98 0.98 0.98 0.98 0.98 0.98 0.98 0.98 0.98 0.98 0.98 0.98 0.98 3.32 3.32 2.81 0.84 0.84 0.00 0.00 0.00
0.99 0.99 0.99 0.99 0.99 0.99 0.99 0.99 0.99 0.99 0.99 0.99 0.87 0.87 0.87 0.87 2.63 2.63 0.87 0.87 0.87 0.87 0.87 0.87 0.87 0.87 0.87 0.00 0.00 0.00 0.00 0.00 0.00 0.00 0.00 0.00 0.00 0.00 0.00 0.00 0.00 0.00 0.00 0.00 0.00 0.00 1.05 3.10 1.05 1.05 1.05 3.22 1.05 1.05 1.05 1.05 1.05 1.05 1.05 1.05 0.98 0.98 0.98 0.98 0.98 0.98 0.98 0.98 0.98 0.98 0.98 0.98 0.98 0.98 3.28 3.87 2.56 3.28 0.00 0.00 0.00 0.00 0.00 0.00
0.99 0.99 0.99 0.99 0.99 0.99 0.99 0.99 0.99 0.99 0.99 0.99 0.87 0.87 0.87 0.87 3.41 2.63 2.63 0.87 0.87 0.87 0.87 0.87 0.87 0.87 0.87 0.00 0.00 0.00 0.00 0.00 0.00 0.00 0.00 0.00 0.00 0.00 0.00 0.00 0.00 0.00 0.00 0.00 0.00 0.00 1.53 3.10 1.05 1.05 1.05 1.05 1.05 1.05 1.05 1.05 1.05 1.05 1.05 1.05 0.98 0.98 0.98 0.98 0.98 0.98 0.98 0.98 0.98 0.98 0.98 0.98 0.98 0.98 3.87 2.87 0.98 0.00 0.00 0.00 0.00 0.00 0.00 0.00
0.99 0.99 0.99 0.99 0.99 0.99 0.99 0.99 0.99 0.99 0.99 0.99 0.87 0.87 0.87 2.63 2.63 2.63 0.87 0.87 0.87 0.87 0.87 0.87 0.87 0.87 0.87 0.00 0.00 0.00 0.00 0.00 0.00 0.00 0.00 0.00 0.00 0.00 0.00 0.00 0.00 0.00 0.00 0.00 0.00 1.05 1.05 3.10 1.05 1.05 1.05 1.05 1.05 1.05 1.05 1.05 1.05 1.05 1.05 1.05 0.98 0.98 0.98 0.98 0.98 0.98 0.98 0.98 0.98 0.98 0.98 2.99 2.99 3.82 3.72 3.72 0.00 0.00 0.00 0.00 0.00 0.00 0.00 0.00
0.88 0.88 0.88 0.88 0.88 0.88 0.88 0.88 0.88 0.88 0.88 0.88 0.80 0.80 2.44 2.44 0.80 2.44 0.80 0.80 0.80 0.80 0.80 0.80 0.80 2.44 0.80 0.00 0.00 0.00 0.00 0.00 0.00 0.00 0.00 0.00 0.00 0.00 0.00 0.00 0.00 0.00 0.00 0.00 1.04 1.04 1.04 1.04 1.04 1.04 1.04 1.04 1.04 1.04 1.04 1.04 1.04 1.04 1.04 1.04 0.86 0.86 0.86 0.86 0.86 0.86 0.86 0.86 0.86 0.86 0.86 0.86 3.40 3.39 3.36 3.36 0.00 0.00 0.00 0.00 0.00 0.00 0.00 0.00
0.88 0.88 0.88 0.88 0.88 0.88 0.88 0.88 0.88 0.88 0.88 0.88 0.80 0.80 0.80 0.80 2.44 2.44 0.80 0.80 0.80 0.80 0.80 0.80 0.80 0.80 0.80 0.00 0.00 0.00 0.00 0.00 0.00 0.00 0.00 0.00 0.00 0.00 0.00 0.00 0.00 0.00 0.00 0.00 1.04 1.04 3.18 1.04 1.04 1.04 1.04 1.04 1.04 1.04 1.04 1.04 1.04 1.04 1.04 1.04 0.86 0.86 0.86 0.86 0.86 0.86 0.86 0.86 0.86 0.86 0.86 0.86 3.40 3.36 3.36 0.00 0.00 0.00 0.00 0.00 0.00 0.00 0.00 0.00
0.88 0.88 0.88 0.88 0.88 0.88 0.88 0.88 0.88 0.88 0.88 0.88 0.80 0.80 0.80 0.80 0.80 0.80 0.80 0.80 0.80 0.80 0.80 0.80 0.80 0.80 0.00 0.00 0.00 0.00 0.00 0.00 0.00 0.00 0.00 0.00 0.00 0.00 0.00 0.00 0.00 0.00 0.00 2.98 1.04 1.04 3.18 1.04 1.04 1.04 1.04 1.04 1.04 1.04 1.04 1.04 1.04 1.04 1.04 1.04 0.86 0.86 0.86 0.86 0.86 0.86 0.86 0.86 0.86 2.64 3.40 3.40 3.40 3.40 0.00 0.00 0.00 0.00 0.00 0.00 0.00 0.00 0.00 0.00
0.88 0.88 0.88 0.88 0.88 0.88 0.88 0.88 0.88 0.88 0.88 0.88 0.80 0.80 0.80 0.80 0.80 0.80 0.80 0.80 0.80 0.80 0.80 0.80 0.80 0.80 0.00 0.00 0.00 0.00 0.00 0.00 0.00 0.00 0.00 0.80 2.98 2.98 0.00 0.00 0.80 0.80 0.80 0.80 1.04 3.18 3.18 3.18 1.04 1.04 1.04 1.04 1.04 1.04 1.04 1.04 1.04 1.04 1.04 1.04 0.86 0.86 0.86 0.86 0.86 0.86 0.86 2.69 3.25 3.07 3.40 3.40 3.40 1.01 3.36 0.00 0.00 0.00 0.00 0.00 0.00 0.00 0.00 0.00
0.88 0.88 0.88 0.88 0.88 0.88 0.88 0.88 0.88 0.88 0.88 0.88 0.80 0.80 0.80 0.80 0.80 0.80 0.80 0.80 0.80 0.80 0.80 0.80 0.80 0.80 0.00 0.00 0.00 0.00 0.00 0.00 0.00 0.00 0.00 0.80 0.80 0.80 0.80 0.80 0.80 0.80 0.80 0.80 3.18 3.18 3.18 1.04 1.04 1.04 1.04 1.04 1.04 1.04 1.04 1.04 1.04 1.04 1.04 1.04 0.86 0.86 0.86 0.86 0.86 0.86 0.86 3.25 2.73 3.40 3.40 3.40 3.40 3.36 1.01 1.01 0.00 0.00 0.00 0.00 0.00 0.00 0.00 0.00
0.88 0.88 0.88 0.88 0.88 0.88 0.88 0.88 0.88 0.88 0.88 0.88 0.80 0.80 0.80 0.80 0.80 0.80 0.80 0.80 0.80 0.80 0.80 0.80 0.80 0.80 0.00 0.00 0.00 0.00 0.00 0.00 0.00 0.00 0.00 0.80 0.80 0.80 0.80 0.80 0.80 0.80 0.80 0.80 1.04 1.04 1.04 1.04 1.04 1.04 1.04 1.04 1.04 1.04 1.04 1.04 1.04 1.04 1.04 1.04 0.86 0.86 0.86 0.86 0.86 3.25 3.07 3.20 3.40 3.40 3.40 3.40 3.40 3.40 3.36 1.01 3.78 0.00 0.00 0.00 0.00 0.00 0.00 0.00
0.88 0.88 0.88 0.88 0.88 0.88 0.88 0.88 0.88 0.88 0.88 0.88 0.80 0.80 0.80 0.80 0.80 0.80 0.80 0.80 0.80 0.80 0.80 0.80 0.80 0.80 0.00 0.00 0.00 0.00 0.00 0.00 0.00 0.00 0.80 0.80 2.54 2.42 0.80 0.80 0.80 0.80 0.80 0.80 1.04 1.04 1.04 1.04 1.04 1.04 1.04 1.04 1.04 1.04 1.04 1.04 1.04 1.04 1.04 1.04 0.86 0.86 2.56 2.56 3.25 3.07 3.20 3.20 3.40 3.40 3.40 3.40 3.40 3.40 1.02 1.02 3.78 1.13 0.00 0.00 0.00 0.00 0.00 0.00
0.88 0.88 0.88 0.88 0.88 0.88 0.88 0.88 0.88 0.88 0.88 0.88 0.80 0.80 0.80 0.80 0.80 0.80 0.80 0.80 0.80 0.80 0.80 0.80 0.80 0.80 0.80 0.00 0.00 0.00 0.00 0.00 0.00 0.00 2.93 2.51 0.80 0.80 0.80 0.80 0.80 0.80 0.80 0.80 1.04 1.04 1.04 1.04 1.04 1.04 1.04 1.04 1.04 1.04 1.04 1.04 1.04 1.04 1.04 1.04 0.86 0.86 2.56 3.25 3.20 3.20 3.20 3.20 3.20 3.40 3.40 3.40 3.40 3.40 3.40 3.40 3.04 1.00 3.34 3.34 1.18 0.00 0.00 0.00
0.88 0.88 0.88 0.88 0.88 0.88 0.88 0.88 0.88 0.88 0.88 0.88 0.80 0.80 0.80 0.80 0.80 0.80 0.80 0.80 0.80 0.80 0.80 0.80 0.80 0.80 3.17 2.13 0.00 0.00 0.00 0.00 0.00 0.00 1.73 3.08 3.08 2.41 0.80 0.80 0.80 0.80 0.80 0.80 1.04 1.04 1.04 1.04 1.04 1.04 1.04 1.04 1.04 1.04 1.04 1.04 1.04 1.04 1.04 1.04 0.86 2.56 2.56 3.16 3.20 3.20 3.20 3.20 3.20 3.40 3.40 3.40 3.40 2.62 2.62 1.27 1.00 1.00 1.00 1.00 3.34 3.34 3.94 0.00
0.88 0.88 0.88 0.88 0.88 0.88 0.88 0.88 0.88 0.88 0.88 0.88 0.80 0.80 0.80 0.80 0.80 0.80 0.80 0.80 0.80 0.80 0.80 2.44 0.80 2.44 3.17 3.17 2.12 3.15 2.93 0.88 1.73 1.73 3.08 2.41 2.42 0.80 0.80 0.80 0.80 0.80 0.80 0.80 1.04 1.04 1.04 1.04 1.04 1.04 1.04 1.04 1.04 1.04 1.04 1.04 1.04 1.04 1.04 1.04 2.56 2.56 3.07 3.16 3.16 3.19 2.62 2.62 3.07 2.56 2.62 2.62 2.62 0.86 0.86 0.86 1.00 1.00 1.00 1.00 1.00 1.00 3.04 3.94
0.88 0.88 0.88 0.88 0.88 0.88 0.88 0.88 0.88 0.88 0.88 0.88 0.80 0.80 0.80 0.80 0.80 0.80 0.80 0.80 0.80 0.80 0.80 0.80 2.44 2.44 3.17 2.44 2.12 0.94 1.73 0.88 0.88 2.93 3.08 0.80 0.80 0.80 0.80 0.80 0.80 0.80 0.80 0.80 1.04 1.04 1.04 1.04 1.04 1.04 1.04 1.04 1.04 1.04 1.04 1.04 1.04 1.04 1.04 1.04 2.56 2.73 2.73 2.61 2.61 0.86 0.86 0.86 2.56 2.56 0.86 2.62 0.86 0.86 0.86 0.86 1.00 1.00 1.00 1.00 1.00 1.00 3.04 3.04
0.88 0.88 0.88 0.88 0.88 0.88 0.88 0.88 0.88 0.88 0.88 0.88 0.80 0.80 0.80 0.80 0.80 0.80 0.80 0.80 0.80 0.80 0.80 0.80 2.44 2.44 2.44 2.44 2.43 2.12 1.73 3.08 2.93 3.08 2.41 2.41 2.42 2.42 0.80 0.80 0.80 0.80 0.80 0.80 1.04 1.04 1.04 1.04 1.04 1.04 1.04 1.04 1.04 1.04 1.04 1.04 1.04 1.04 1.04 2.93 3.33 2.73 2.72 2.61 2.61 0.86 0.86 0.86 0.86 0.86 0.86 0.86 1.27 0.86 0.86 0.86 1.00 1.00 1.00 1.00 1.00 1.00 1.00 1.00
0.88 0.88 0.88 0.88 0.88 0.88 0.88 0.88 0.88 0.88 0.88 0.88 0.80 0.80 0.80 0.80 0.80 0.80 0.80 0.80 0.80 0.80 0.80 0.80 0.80 2.13 3.17 2.44 2.43 2.12 3.08 3.08 2.41 2.41 3.08 2.41 2.41 2.41 0.80 0.80 0.80 0.80 0.80 0.80 1.04 1.04 1.04 1.04 1.04 1.04 1.04 1.04 1.04 1.04 1.04 1.04 1.04 1.04 2.97 2.93 3.33 2.72 3.33 2.61 2.56 2.56 2.73 0.86 0.86 0.86 0.86 0.86 0.86 0.86 0.86 0.86 1.00 1.00 1.00 1.00 1.00 1.00 1.00 1.00
0.88 0.88 0.88 0.88 0.88 0.88 0.88 0.88 0.88 0.88 0.88 0.88 0.80 0.80 0.80 0.80 0.80 0.80 0.80 0.80 0.80 0.80 0.80 0.80 0.80 2.44 2.44 2.44 2.43 3.15 2.41 2.41 2.41 2.41 2.51 0.80 0.80 0.80 0.80 0.80 0.80 0.80 0.80 0.80 1.04 1.04 1.04 1.04 1.04 1.04 1.04 1.04 1.04 1.04 1.04 1.04 1.04 1.04 1.04 2.93 2.72 2.72 2.61 2.56 2.56 2.56 2.73 2.73 0.86 0.86 0.86 0.86 0.86 0.86 0.86 0.86 1.00 1.00 1.00 1.00 1.00 1.00 1.00 1.00
0.88 0.88 0.88 0.88 0.88 0.88 0.88 0.88 0.88 0.88 0.88 0.88 0.80 0.80 0.80 0.80 0.80 0.80 0.80 0.80 0.80 0.80 0.80 0.80 0.80 0.80 3.17 3.17 3.15 3.15 2.41 2.41 0.80 1.17 0.80 0.80 0.80 0.80 0.80 0.80 0.80 0.80 0.80 0.80 1.04 1.04 1.04 1.04 1.04 1.04 1.04 1.04 1.04 1.04 1.04 1.04 1.04 1.04 2.93 3.08 3.18 2.73 2.70 2.56 2.70 1.27 2.70 2.73 2.73 0.86 0.86 0.86 0.86 0.86 0.86 0.86 1.00 1.00 1.00 1.00 1.00 1.00 1.00 1.00
0.88 0.88 0.88 0.88 0.88 0.88 0.88 0.88 0.88 0.88 0.88 0.88 0.80 0.80 0.80 0.80 0.80 0.80 0.80 0.80 0.80 0.80 0.80 2.44 0.80 0.80 3.17 3.17 3.15 3.15 3.15 3.08 0.80 0.80 0.80 0.80 0.80 0.80 0.80 0.80 0.80 0.80 0.80 0.80 1.04 1.04 1.04 1.04 1.04 1.04 1.04 1.04 1.04 1.04 1.04 1.04 1.04 1.04 3.02 3.08 2.56 2.56 1.27 0.86 2.70 2.70 2.70 2.73 2.73 0.86 0.86 0.86 0.86 0.86 0.86 0.86 1.00 1.00 1.00 1.00 1.00 1.00 1.00 1.00
