New_Model_Runs/13_Future_RCP4.5_Scn3_out/post_prcessed_with_MFR/Monthly_summaries/actual_et_monthly_APR.asc
NCOLS 700
NROWS 400
XLLCENTER 515000.000000
YLLCENTER 8409000.000000
CELLSIZE 50.000000
NODATA_value -999.000000
[rows 114 to 151 of 400, columns 504 to 587 of 700]
1.00 1.00 1.00 1.00 1.00 1.00 1.00 1.00 0.95 0.95 0.95 0.95 0.95 0.95 0.95 0.95 0.95 0.95 0.95 0.95 2.87 2.87 2.87 2.87 1.57 1.57 1.07 3.39 1.07 3.25 3.25 1.07 1.07 1.07 1.07 1.07 1.07 1.57 1.07 1.07 1.15 1.15 1.15 1.15 1.15 1.15 1.15 1.15 1.15 1.15 1.15 1.15 1.15 1.15 1.15 1.15 1.10 1.10 1.10 1.10 1.10 1.10 1.10 1.10 1.10 1.10 1.10 1.10 1.10 1.10 1.10 1.10 0.98 0.98 0.98 0.98 0.98 3.68 3.54 0.00 0.00 0.00 0.00 0.00
1.00 1.00 1.00 1.00 1.00 1.00 1.00 1.00 0.95 0.95 0.95 0.95 0.95 0.95 0.95 0.95 0.95 0.95 0.95 0.95 1.39 1.39 3.72 3.72 4.21 1.07 1.07 1.07 1.07 1.07 3.25 1.07 1.07 1.07 1.07 1.07 1.07 1.07 1.07 1.07 1.15 1.15 1.15 1.15 1.15 1.15 1.15 1.15 1.15 1.15 1.15 1.15 1.15 1.15 1.15 1.15 1.10 1.10 1.10 1.10 1.10 1.10 1.10 1.10 1.10 1.10 1.10 1.10 1.10 1.10 1.10 1.10 0.98 0.98 0.98 0.98 0.98 2.97 1.44 1.44 3.54 3.54 3.54 3.54
1.00 1.00 1.00 1.00 1.00 1.00 1.00 1.00 0.95 0.95 0.95 0.95 0.95 0.95 0.95 0.95 0.95 0.95 0.95 0.95 1.39 1.39 0.95 0.95 1.07 1.07 4.21 1.07 1.07 1.07 1.07 1.07 1.07 1.07 1.07 1.07 1.07 1.07 1.07 1.07 1.15 1.15 1.15 3.47 1.15 1.15 1.15 1.15 1.15 1.15 1.15 1.15 1.15 1.15 1.15 1.15 1.10 1.10 1.10 1.10 1.10 1.10 1.10 1.10 1.10 1.10 1.10 1.10 1.10 1.10 1.10 1.10 0.98 0.98 0.98 0.98 0.98 0.98 0.98 0.98 3.85 3.85 3.85 3.85
1.00 1.00 1.00 1.00 1.00 1.00 1.00 1.00 0.95 0.95 0.95 0.95 0.95 0.95 0.95 0.95 0.95 0.95 0.95 0.95 0.95 0.95 0.95 0.95 3.39 1.07 1.07 1.07 1.07 1.07 3.57 1.07 1.07 1.07 1.07 1.07 1.07 1.07 1.07 1.07 1.15 1.15 1.15 1.15 1.15 1.15 1.15 1.15 1.15 3.47 3.82 1.15 1.15 1.15 1.15 1.15 1.10 1.10 1.10 1.10 1.10 1.10 1.10 1.10 1.10 1.10 1.10 1.10 1.10 1.10 1.10 1.10 0.98 0.98 0.98 0.98 0.98 0.98 0.98 0.98 3.85 3.85 3.85 3.85
1.00 1.00 1.00 1.00 1.00 1.00 1.00 1.00 0.95 0.95 0.95 0.95 0.95 0.95 0.95 0.95 0.95 0.95 0.95 0.95 0.95 0.95 0.95 0.95 1.07 1.07 1.57 1.07 1.07 1.07 1.07 1.07 1.07 1.07 1.07 1.07 1.07 1.07 1.07 1.07 1.15 1.15 1.15 1.15 1.15 1.15 1.15 3.47 3.47 3.47 3.82 3.47 1.15 1.15 1.15 1.15 1.10 1.10 1.10 1.10 1.10 1.10 1.10 1.10 1.10 1.10 1.10 1.10 1.10 1.10 1.10 1.10 0.98 0.98 0.98 0.98 0.98 0.98 0.98 2.97 3.85 3.85 3.85 3.85
1.00 1.00 1.00 1.00 1.00 1.00 1.00 1.00 0.95 0.95 0.95 0.95 0.95 0.95 0.95 0.95 0.95 0.95 0.95 0.95 0.95 0.95 0.95 0.95 1.07 1.07 1.07 1.07 1.07 1.07 1.07 1.07 1.07 1.07 1.07 1.07 1.07 1.07 1.07 1.07 1.15 1.15 1.15 1.15 1.15 4.51 4.51 3.82 3.82 1.15 1.15 1.15 1.15 1.15 1.15 1.15 1.10 1.10 1.10 1.10 1.10 1.10 1.10 1.10 1.10 1.10 1.10 1.10 1.10 1.10 1.10 1.10 0.98 0.98 0.98 0.98 0.98 0.98 1.44 1.44 3.26 3.85 2.97 3.85
1.00 1.00 1.00 1.00 1.00 1.00 1.00 1.00 0.95 0.95 0.95 0.95 0.95 0.95 0.95 0.95 0.95 0.95 0.95 0.95 0.95 0.95 0.95 0.95 1.07 1.07 1.07 1.07 1.07 1.07 1.07 1.07 1.07 1.07 1.07 1.07 1.07 1.07 1.07 1.07 1.15 1.15 1.15 1.15 3.63 1.68 1.15 1.15 3.47 1.15 1.15 1.15 1.15 1.15 1.15 1.15 1.10 1.10 1.10 1.10 1.10 1.10 1.10 1.10 1.10 1.10 1.10 1.10 1.10 1.10 1.10 1.10 0.98 0.98 0.98 0.98 1.44 1.44 1.44 1.44 3.26 2.97 2.97 2.97
1.00 1.00 1.00 1.00 1.00 1.00 1.00 1.00 0.95 0.95 0.95 0.95 0.95 0.95 0.95 0.95 0.95 0.95 0.95 0.95 0.95 0.95 0.95 0.95 1.07 1.07 3.57 3.57 1.07 1.07 1.07 1.07 1.07 1.07 1.07 1.07 1.07 1.07 3.25 1.07 1.15 3.47 3.47 3.47 3.47 1.15 1.15 1.15 1.15 1.15 1.15 1.15 1.15 1.15 1.15 1.15 1.10 1.10 1.10 1.10 1.10 1.10 1.10 1.10 1.10 1.10 1.10 1.10 1.10 1.10 1.10 1.10 0.98 0.98 0.98 0.98 0.98 0.98 0.98 1.44 3.26 2.97 2.97 3.26
1.00 1.00 1.00 1.00 1.00 1.00 1.00 1.00 0.95 0.95 0.95 0.95 0.95 0.95 0.95 0.95 0.95 0.95 0.95 0.95 0.95 0.95 0.95 0.95 1.07 1.07 3.25 3.25 3.57 1.07 1.07 1.07 1.07 1.07 1.07 1.07 4.21 1.07 3.25 3.25 3.47 3.47 3.47 3.47 3.47 1.15 1.15 1.15 1.15 1.15 1.15 1.15 1.15 1.15 1.15 1.15 1.10 1.10 1.10 1.10 1.10 1.10 1.10 1.10 1.10 1.10 1.10 1.10 1.10 1.10 1.10 1.10 0.98 0.98 0.98 0.98 0.98 0.98 0.98 0.98 0.98 0.98 0.98 0.98
1.00 1.00 1.00 1.00 1.00 1.46 1.00 1.00 0.95 3.00 0.95 0.95 0.95 0.95 0.95 0.95 3.00 0.95 0.95 0.95 0.95 0.95 0.95 0.95 1.07 1.07 1.07 3.25 3.57 1.07 1.07 1.07 3.25 1.07 1.07 3.25 3.39 1.07 1.07 3.25 3.47 3.82 3.47 1.15 1.15 1.15 1.15 1.15 1.15 1.15 1.15 1.15 1.15 1.15 1.15 1.15 1.10 1.10 1.10 1.10 1.10 1.10 1.10 1.10 1.10 1.10 1.10 1.10 1.10 1.10 1.10 1.10 0.98 0.98 0.98 0.98 0.98 0.98 0.98 0.98 0.98 0.98 0.98 0.98
1.00 1.00 1.00 1.00 1.00 1.00 1.00 1.00 0.95 0.95 0.95 0.95 0.95 0.95 0.95 0.95 0.95 0.95 2.87 2.87 0.95 0.95 0.95 0.95 1.07 1.07 1.07 1.07 1.07 1.07 1.07 1.07 1.07 3.57 1.07 3.57 3.25 3.57 1.07 1.07 1.15 1.15 1.15 1.15 1.15 1.15 1.15 1.15 1.15 1.15 1.15 1.15 1.15 1.15 1.15 1.15 1.10 1.10 1.10 1.10 1.10 1.10 1.10 1.10 1.10 1.10 1.10 1.10 1.10 1.10 1.10 1.10 0.98 0.98 0.98 0.98 0.98 0.98 0.98 0.98 0.98 0.98 0.98 0.98
1.00 1.00 1.00 1.00 1.00 1.00 1.00 1.00 0.95 0.95 0.95 0.95 0.95 0.95 0.95 0.95 0.95 0.95 0.95 0.95 3.16 0.95 0.95 0.95 1.07 1.07 3.54 4.21 4.21 4.21 1.07 1.07 4.21 4.21 4.21 3.22 4.21 1.07 1.07 1.07 1.15 1.15 1.15 1.15 1.15 1.15 1.15 1.15 1.15 1.15 1.15 1.15 1.15 1.15 1.15 1.15 1.10 1.10 1.10 1.10 1.10 1.10 1.10 1.10 1.10 1.10 1.10 1.10 1.10 1.10 1.10 1.10 0.98 0.98 0.98 0.98 0.98 0.98 0.98 0.98 0.98 0.98 0.98 0.98
1.00 1.00 1.00 1.00 1.00 1.00 1.00 1.00 0.95 0.95 0.95 0.95 0.95 0.95 0.95 0.95 0.95 0.95 0.95 0.95 3.72 3.00 0.95 0.95 1.07 3.22 4.21 4.18 4.18 3.22 4.21 1.07 4.21 4.21 4.21 4.21 1.07 1.07 1.07 1.07 1.15 1.15 1.15 1.15 1.15 1.15 1.15 1.15 1.15 1.15 1.15 1.15 1.15 1.15 1.15 1.15 1.10 1.10 1.10 1.10 1.10 1.10 1.10 1.10 1.10 1.10 1.10 1.10 1.10 1.10 1.10 1.10 0.98 0.98 0.98 0.98 0.98 0.98 0.98 0.98 0.98 0.98 0.98 0.98
1.00 1.00 1.00 1.00 1.00 1.00 1.00 1.00 0.95 0.95 0.95 0.95 0.95 0.95 0.95 0.95 0.95 0.95 2.87 2.87 2.87 3.00 0.95 3.72 3.22 3.22 1.25 4.18 4.18 1.25 4.18 1.25 4.21 4.21 3.57 3.25 1.07 1.07 1.07 1.07 1.15 1.15 1.15 1.15 1.15 1.15 3.82 1.15 1.15 1.15 1.15 1.15 1.15 1.15 1.15 1.15 1.10 1.10 1.10 1.10 1.10 1.10 1.10 1.10 1.10 1.10 1.10 1.10 1.10 1.10 1.10 1.10 0.98 0.98 0.98 0.98 0.98 0.98 0.98 0.98 0.98 0.98 0.98 0.98
1.00 1.00 1.00 1.00 1.00 1.00 1.00 1.00 0.95 0.95 0.95 0.95 0.95 0.95 0.95 0.95 0.95 0.95 0.95 3.72 3.72 2.87 3.72 2.93 3.22 1.25 4.18 0.00 0.00 0.00 0.00 0.00 0.00 4.21 4.21 1.07 1.07 1.07 1.07 1.07 1.15 1.15 1.15 4.51 4.51 4.51 4.51 1.68 3.47 1.15 1.15 1.15 1.15 1.15 1.15 1.15 1.10 1.10 1.10 3.33 3.65 3.65 3.65 1.10 1.10 1.10 1.10 1.10 1.10 1.10 1.10 1.10 0.98 0.98 0.98 0.98 0.98 0.98 0.98 0.98 0.98 0.98 0.98 0.98
1.00 1.00 1.00 1.00 1.00 1.00 1.00 1.00 0.95 0.95 0.95 0.95 0.95 0.95 0.95 0.95 3.16 0.95 2.87 2.87 3.72 3.72 2.93 3.72 3.22 0.00 0.00 0.00 0.00 0.00 0.00 0.00 0.00 0.00 4.21 1.07 1.07 1.07 1.07 1.07 1.15 4.51 3.63 3.47 4.51 4.51 1.15 3.47 1.15 1.15 1.15 1.15 1.15 1.15 1.15 1.15 1.10 1.10 1.10 1.10 3.65 3.65 1.10 1.10 1.10 1.10 1.10 1.10 1.10 1.10 1.10 1.10 0.98 0.98 0.98 0.98 0.98 0.98 0.98 0.98 0.98 0.98 0.98 0.98
0.93 0.93 0.93 0.93 0.93 0.93 1.37 0.93 0.65 0.65 0.65 0.65 0.65 0.65 0.65 0.65 2.17 0.65 1.97 2.56 2.56 2.56 2.56 2.56 0.00 0.00 0.00 0.00 0.00 0.00 0.00 0.00 0.00 0.00 0.00 0.67 0.67 0.67 0.67 2.03 2.66 2.66 2.66 2.25 2.66 0.68 0.68 0.68 0.68 0.68 0.68 0.68 0.68 0.68 0.68 0.68 1.09 1.09 1.09 1.09 3.63 3.30 1.09 1.09 1.09 1.09 1.09 1.09 1.09 1.09 1.09 1.09 1.06 1.06 1.06 1.06 1.06 1.06 1.06 1.06 1.06 1.06 1.06 1.06
0.93 0.93 0.93 0.93 0.93 0.93 0.93 0.93 2.06 2.06 0.65 0.65 0.65 0.65 0.65 1.97 2.17 0.65 1.97 1.97 1.97 1.97 0.65 2.56 0.00 0.00 0.00 0.00 0.00 0.00 0.00 0.00 0.00 0.00 0.00 2.64 2.64 0.67 2.64 0.00 0.00 2.66 2.66 2.66 2.05 0.68 0.68 0.68 0.68 0.68 0.68 0.68 0.68 0.68 0.68 0.68 1.09 1.09 1.09 3.30 3.63 3.63 1.09 1.09 1.09 1.09 1.09 1.09 1.09 1.09 1.09 1.09 1.06 1.06 1.06 1.06 1.06 1.06 1.06 1.06 1.06 1.06 1.06 1.06
0.93 0.93 0.93 0.93 0.93 0.93 0.93 0.93 0.65 0.65 0.65 0.65 2.17 2.17 1.97 1.97 1.97 2.17 0.65 1.97 0.65 0.65 0.65 0.00 0.00 0.00 0.00 0.00 0.00 0.00 0.00 0.00 0.00 0.00 0.00 0.67 0.67 0.00 0.00 0.00 0.00 0.00 0.00 2.25 2.05 0.68 0.68 0.68 0.68 0.68 0.68 0.68 0.68 0.68 0.68 0.68 1.09 1.09 1.09 1.09 3.30 3.30 1.09 1.09 1.09 1.09 1.09 1.09 1.09 1.09 1.09 1.09 1.06 1.06 1.06 1.06 1.06 1.06 1.06 1.06 1.06 1.06 1.06 1.06
0.93 0.93 0.93 0.93 0.93 0.93 2.83 2.83 1.97 0.95 0.65 0.65 0.65 2.17 2.56 1.97 2.56 2.56 1.97 0.65 0.65 0.65 0.00 0.00 0.00 0.00 0.00 0.00 0.00 0.00 0.00 0.00 0.00 0.00 0.00 0.00 0.00 0.00 0.00 0.00 0.00 0.00 0.00 2.66 2.25 2.25 0.68 0.68 0.68 0.68 0.68 0.68 0.68 0.68 0.68 0.68 1.09 1.09 1.09 1.09 1.09 1.09 1.09 1.09 1.09 1.09 1.09 1.09 1.09 1.09 1.09 1.09 1.06 1.06 1.06 1.06 1.06 1.06 1.06 1.06 1.06 1.06 1.06 1.06
0.93 0.93 0.93 0.93 0.93 0.93 0.93 2.83 1.97 0.95 0.95 1.97 1.97 2.56 2.56 2.56 2.56 2.56 0.00 0.00 0.00 0.00 0.00 0.00 0.00 0.00 0.00 0.00 0.00 0.00 0.00 0.00 0.00 0.00 0.00 0.00 0.00 0.00 0.00 0.00 0.00 0.00 0.00 0.00 2.66 0.68 0.68 0.68 0.68 0.68 0.68 0.68 0.68 0.68 0.68 0.68 1.09 1.09 1.09 1.09 1.09 1.09 1.09 1.09 1.09 1.09 1.09 1.09 1.09 1.09 1.09 1.09 1.06 1.06 1.06 1.06 1.06 1.06 1.06 1.06 1.06 1.06 1.06 1.06
0.93 0.93 0.93 0.93 0.93 1.37 0.93 3.67 2.56 2.56 2.56 2.56 2.56 0.00 0.00 0.00 0.00 0.00 0.00 0.00 0.00 0.00 0.00 0.00 0.00 0.00 0.00 0.00 0.00 0.00 0.00 0.00 0.00 0.00 0.00 0.00 0.00 0.00 0.00 0.00 0.00 0.00 0.00 2.66 2.66 0.68 0.68 0.68 0.68 0.68 0.68 0.68 0.68 0.68 0.68 0.68 1.09 1.09 1.09 1.09 1.09 1.09 1.09 1.09 1.09 1.09 1.09 1.09 1.09 1.09 1.09 1.09 1.06 1.06 1.06 1.06 1.06 1.06 1.06 1.06 1.06 1.06 1.06 1.06
0.93 0.93 0.93 0.93 0.93 2.83 2.83 3.67 2.56 2.56 0.00 0.00 0.00 0.00 0.00 0.00 0.00 0.00 0.00 0.00 0.00 0.00 0.00 0.00 0.00 0.00 0.00 0.00 0.00 0.00 0.00 0.00 0.00 0.00 0.00 0.00 0.00 0.00 0.00 0.00 0.00 0.00 0.00 0.68 2.66 2.05 0.68 0.68 2.66 2.25 0.68 0.68 0.68 0.68 0.68 0.68 1.09 1.09 1.09 1.09 1.09 1.09 1.09 1.09 1.09 1.09 1.09 1.09 1.09 1.09 1.09 1.09 1.06 1.06 1.06 1.06 1.06 1.06 1.06 1.06 1.06 1.06 1.06 1.06
0.93 0.93 0.93 0.93 1.37 2.83 2.89 3.67 0.00 0.00 0.00 0.00 0.00 0.00 0.00 0.00 0.00 0.00 0.00 0.00 0.00 0.00 0.00 0.00 0.00 0.00 0.00 0.00 0.00 0.00 0.00 0.00 0.00 0.00 0.00 0.00 0.00 0.00 0.00 0.00 0.00 0.00 0.00 0.00 0.00 0.00 0.00 2.66 2.66 2.66 2.25 2.25 2.05 0.68 0.68 0.68 1.09 1.09 1.09 1.09 1.09 1.09 1.09 1.09 1.09 1.09 1.09 1.09 1.09 1.09 1.09 1.09 1.06 1.06 1.06 1.06 1.06 1.06 1.06 1.06 1.06 1.06 1.06 1.06
0.93 0.93 0.93 0.93 2.83 2.83 3.67 0.00 0.00 0.00 0.00 0.00 0.00 0.00 0.00 0.00 0.00 0.00 0.00 0.00 0.00 0.00 0.00 0.00 0.00 0.00 0.00 0.00 0.00 0.00 0.00 0.00 0.00 0.00 0.00 0.00 0.00 0.00 0.00 0.00 0.00 0.00 0.00 0.00 0.00 0.00 0.00 0.00 2.66 0.80 2.66 2.66 2.05 2.05 2.05 0.68 1.09 1.09 1.09 1.09 1.09 1.09 1.09 1.09 1.09 1.09 1.09 1.09 1.09 1.09 1.09 1.09 1.06 1.06 1.06 1.06 1.06 1.06 1.06 1.06 1.06 1.06 1.06 1.06
2.83 0.93 2.83 2.83 0.93 2.83 3.67 0.00 0.00 0.00 0.00 0.00 0.00 0.00 0.00 0.00 0.00 0.00 0.00 0.00 0.00 0.00 0.00 0.00 0.00 0.00 0.00 0.00 0.00 0.00 0.00 0.00 0.00 0.00 0.00 0.00 0.00 0.00 0.00 0.00 0.00 0.00 0.00 0.00 0.00 0.00 0.00 0.00 0.00 2.66 2.66 2.66 2.05 2.05 2.05 0.68 3.63 1.09 1.09 1.09 1.09 1.09 1.09 1.09 1.09 1.09 1.09 1.09 1.09 1.09 1.09 1.09 1.06 1.06 1.06 1.06 1.06 1.06 1.06 1.06 1.06 1.06 1.06 1.06
0.93 2.83 3.66 3.11 0.93 0.93 3.66 0.00 0.00 0.00 0.00 0.00 0.00 0.00 0.00 0.00 0.00 0.00 0.00 0.00 0.00 0.00 0.00 0.00 0.00 0.00 0.00 0.00 0.00 0.00 0.00 0.00 0.00 0.00 0.00 0.00 0.00 0.00 0.00 0.00 0.00 0.00 0.00 0.00 0.00 0.00 0.00 0.00 0.00 2.66 0.80 2.66 2.25 2.66 2.66 2.66 4.28 3.62 1.09 1.09 1.09 1.09 1.09 1.09 1.09 1.09 1.09 1.09 1.09 1.09 1.09 1.09 1.06 1.06 1.06 1.06 1.06 1.06 1.56 1.56 1.06 1.06 1.06 1.06
0.93 3.11 2.83 3.11 0.93 0.93 0.93 0.00 0.00 0.00 0.00 0.00 0.00 0.00 0.00 0.00 0.00 0.00 0.00 0.00 0.00 0.00 0.00 0.00 0.00 0.00 0.00 0.00 0.00 0.00 0.00 0.00 0.00 0.00 0.00 0.00 0.00 0.00 0.00 0.00 0.00 0.00 0.00 0.00 0.00 0.00 0.00 0.00 0.00 0.00 0.80 0.80 2.66 2.66 2.25 2.25 4.28 4.28 1.09 1.09 1.09 1.09 1.09 1.09 1.09 1.09 1.09 1.09 1.09 1.09 1.09 1.09 1.06 1.06 1.06 1.06 1.06 1.06 1.06 1.06 1.06 1.06 1.06 3.54
0.93 0.93 2.83 2.89 3.66 0.00 0.00 0.00 0.00 0.00 0.00 0.00 0.00 0.00 0.00 0.00 0.00 0.00 0.00 0.00 0.00 0.00 0.00 0.00 0.00 0.00 0.00 0.00 0.00 0.00 0.00 0.00 0.00 0.00 0.00 0.00 0.00 0.00 0.00 0.00 0.00 0.00 0.00 0.00 0.00 0.00 0.00 0.00 0.00 0.00 2.66 0.80 2.66 2.25 2.66 2.25 3.63 1.09 1.09 1.09 1.09 1.09 1.09 1.09 1.09 1.09 1.09 1.09 1.09 1.09 1.09 1.09 1.06 1.06 1.06 1.06 1.06 1.06 3.54 3.54 1.06 3.54 4.17 3.54
0.93 0.93 3.66 3.66 0.00 0.00 0.00 0.00 0.00 0.00 0.00 0.00 0.00 0.00 0.00 0.00 0.00 0.00 0.00 0.00 0.00 0.00 0.00 0.00 0.00 0.00 0.00 0.00 0.00 0.00 0.00 0.00 0.00 0.00 0.00 0.00 0.00 0.00 0.00 0.00 0.00 0.00 0.00 0.00 0.00 0.00 0.00 0.00 0.00 0.00 0.00 2.66 2.66 2.25 2.05 2.05 1.09 1.09 1.09 1.09 1.09 1.09 1.09 1.09 1.09 1.09 1.09 1.09 1.09 1.09 1.09 1.09 1.06 1.06 1.06 1.06 1.06 1.06 1.06 1.06 3.54 3.54 3.22 3.22
2.83 3.66 0.00 0.00 0.00 0.00 0.00 0.00 0.00 0.00 0.00 0.00 0.00 0.00 0.00 0.00 0.00 0.00 0.00 0.00 0.00 0.00 0.00 0.00 0.00 0.00 0.00 0.00 0.00 0.00 0.00 0.00 0.00 0.00 0.00 0.00 0.00 0.00 0.00 0.00 0.00 0.00 0.00 0.00 0.00 0.00 0.00 0.00 0.00 0.00 0.00 2.66 0.80 2.66 2.66 2.25 3.63 1.60 1.09 1.09 1.09 1.09 1.09 1.09 1.09 1.09 1.09 1.09 1.09 1.09 1.09 1.09 1.06 1.06 1.06 1.06 1.06 1.06 1.06 1.06 1.06 3.54 3.22 3.22
3.66 0.00 0.00 0.00 0.00 0.00 0.00 0.00 0.00 0.00 0.00 0.00 0.00 0.00 0.00 0.00 0.00 0.00 0.00 0.00 0.00 0.00 0.00 0.00 0.00 0.00 0.00 0.00 0.00 0.00 0.00 0.00 0.00 0.00 0.00 0.00 0.00 0.00 0.00 0.00 0.00 0.00 0.00 0.00 0.00 0.00 0.00 0.00 0.00 0.00 0.00 2.66 2.66 0.80 2.66 2.05 1.09 1.09 1.09 1.09 1.09 1.09 1.09 1.09 1.09 1.09 1.09 1.09 1.09 1.09 1.09 1.09 1.06 1.06 1.06 1.06 1.06 1.06 1.06 1.06 1.06 1.06 1.06 1.06
0.00 0.00 0.00 0.00 0.00 0.00 0.00 0.00 0.00 0.00 0.00 0.00 0.00 0.00 0.00 0.00 0.00 0.00 0.00 0.00 0.00 0.00 0.00 0.00 0.00 0.00 0.00 0.00 0.00 0.00 0.00 0.00 0.00 0.00 0.00 0.00 0.00 0.00 0.00 0.00 0.00 0.00 0.00 0.00 0.00 0.00 0.00 0.00 0.00 0.00 0.00 2.46 2.46 2.46 2.46 2.09 0.92 0.63 0.63 0.63 0.63 0.63 0.63 0.63 0.63 0.63 0.63 0.63 0.63 0.63 0.63 0.63 0.61 0.61 0.61 0.61 0.61 0.61 0.61 0.61 0.61 0.61 1.86 0.61
0.00 0.00 0.00 0.00 0.00 0.00 0.00 0.00 0.00 0.00 0.00 0.00 0.00 0.00 0.00 0.00 0.00 0.00 0.00 0.00 0.00 0.00 0.00 0.00 0.00 0.00 0.00 0.00 0.00 0.00 0.00 0.00 0.00 0.00 0.00 0.00 0.00 0.00 0.00 0.00 0.00 0.00 0.00 0.00 0.00 0.00 0.00 0.00 0.00 0.00 0.00 2.46 2.46 1.90 0.63 2.09 0.63 0.63 1.90 0.63 0.63 0.63 0.63 0.63 0.63 0.63 0.63 0.63 0.63 0.63 0.63 0.63 0.61 0.61 0.61 0.61 0.61 0.61 0.61 0.61 0.61 0.61 2.42 2.42
0.00 0.00 0.00 0.00 0.00 0.00 0.00 0.00 0.00 0.00 0.00 0.00 0.00 0.00 0.00 0.00 0.00 0.00 0.00 0.00 0.00 0.00 0.00 0.00 0.00 0.00 0.00 0.00 0.00 0.00 0.00 0.00 0.00 0.00 0.00 0.00 0.00 0.00 0.00 0.00 0.00 0.00 0.00 0.00 0.00 0.00 0.00 0.00 0.00 0.00 0.00 2.46 2.12 0.63 0.63 2.09 0.92 0.63 0.63 0.63 0.63 0.63 0.63 0.63 0.63 0.63 0.63 0.63 0.92 0.63 0.63 0.63 0.61 0.90 0.61 0.61 0.61 0.61 0.61 0.61 1.86 2.42 0.00 0.00
0.00 0.00 0.00 0.00 0.00 0.00 0.00 0.00 0.00 0.00 0.00 0.00 0.00 0.00 0.00 0.00 0.00 0.00 0.00 0.00 0.00 0.00 0.00 0.00 0.00 0.00 0.00 0.00 0.00 0.00 0.00 0.00 0.00 0.00 0.00 0.00 0.00 0.00 0.00 0.00 0.00 0.00 0.00 0.00 0.00 0.00 0.00 0.00 0.00 0.00 2.46 1.90 2.46 1.90 0.63 0.63 0.63 0.63 0.63 0.63 0.63 1.90 0.63 0.63 0.63 0.63 0.63 0.63 2.09 0.63 0.63 0.63 0.61 0.61 2.05 2.05 0.61 0.61 0.61 0.61 0.00 0.00 0.00 0.00
0.00 0.00 0.00 0.00 0.00 0.00 0.00 0.00 0.00 0.00 0.00 0.00 0.00 0.00 0.00 0.00 0.00 0.00 0.00 0.00 0.00 0.00 0.00 0.00 0.00 0.00 0.00 0.00 0.00 0.00 0.00 0.00 0.00 0.00 0.00 0.00 0.00 0.00 0.00 0.00 0.00 0.00 0.00 0.00 0.00 0.00 0.00 0.00 0.00 2.46 1.90 2.09 0.63 0.92 0.92 0.92 0.63 0.63 0.63 0.63 0.63 1.90 0.63 0.63 0.63 0.63 0.63 0.63 0.92 1.90 0.63 0.63 0.61 2.05 1.86 2.05 2.05 0.61 0.61 0.61 0.00 0.00 0.00 0.00
0.00 0.00 0.00 0.00 0.00 0.00 0.00 0.00 0.00 0.00 0.00 0.00 0.00 0.00 0.00 0.00 0.00 0.00 0.00 0.00 0.00 0.00 0.00 0.00 0.00 0.00 0.00 0.00 0.00 0.00 0.00 0.00 0.00 0.00 0.00 0.00 0.00 0.00 0.00 0.00 0.00 0.00 0.00 0.00 0.00 0.00 0.00 0.00 1.90 0.63 0.63 0.63 0.63 0.63 0.63 0.63 0.63 0.63 0.63 0.63 0.63 0.63 0.63 0.63 0.63 0.63 0.63 0.63 0.92 0.92 0.63 0.63 0.61 1.86 1.86 1.86 2.05 2.05 0.61 0.61 0.00 0.00 0.00 0.00
