New_Model_Runs/13_Future_RCP4.5_Scn3_out/post_prcessed_with_MFR/Monthly_summaries/actual_et_monthly_MAY.asc
NCOLS 700
NROWS 400
XLLCENTER 515000.000000
YLLCENTER 8409000.000000
CELLSIZE 50.000000
NODATA_value -999.000000
[rows 228 to 265 of 400, columns 252 to 335 of 700]
0.89 0.89 0.89 0.89 0.81 0.81 0.81 0.81 0.81 0.81 0.81 0.81 0.81 0.81 0.81 0.81 0.81 0.81 0.81 0.81 0.96 0.96 0.96 0.96 0.96 0.96 0.96 0.96 0.96 0.96 0.96 0.96 3.22 3.22 3.22 3.22 0.85 0.85 0.85 2.58 3.35 3.35 3.35 0.85 3.35 0.85 2.69 0.85 0.85 3.35 3.35 3.35 2.93 2.80 2.30 2.30 2.30 2.30 3.63 3.63 2.80 2.80 3.63 3.63 3.63 3.63 3.63 0.00 2.22 0.00 0.00 0.00 0.00 0.00 0.00 0.00 0.00 0.00 0.00 0.00 0.00 0.00 0.00 0.00
0.89 0.89 0.89 0.89 0.81 0.81 0.81 0.81 0.81 0.81 0.81 0.81 0.81 0.81 0.81 0.81 0.81 0.81 0.81 0.81 0.96 0.96 0.96 0.96 0.96 0.96 0.96 0.96 0.96 0.96 0.96 0.96 0.96 0.96 0.96 0.96 0.85 0.85 0.85 0.85 3.35 3.35 3.35 3.35 3.35 3.35 2.84 0.85 0.85 3.35 2.21 3.35 2.30 2.30 3.63 3.63 2.30 3.63 2.30 3.63 3.63 3.63 3.63 3.63 3.63 0.00 0.00 0.00 0.00 0.00 0.00 0.00 0.00 0.00 0.00 0.00 0.00 0.00 0.00 0.00 0.00 0.00 0.00 0.00
0.89 0.89 0.89 0.89 0.81 0.81 0.81 0.81 0.81 0.81 0.81 0.81 0.81 0.81 0.81 0.81 0.81 0.81 0.81 0.81 0.96 0.96 0.96 0.96 0.96 0.96 0.96 0.96 0.96 0.96 0.96 0.96 0.96 0.96 0.96 0.96 0.85 0.85 0.85 3.35 3.35 3.35 2.08 2.21 3.35 3.35 3.35 3.35 0.85 2.21 2.21 3.35 2.30 2.30 2.30 2.80 2.80 3.63 2.80 3.63 3.63 3.63 3.63 3.63 3.63 0.00 0.00 0.00 0.00 0.00 0.00 0.00 0.00 0.00 0.00 0.00 0.00 0.00 0.00 0.00 0.00 0.00 0.00 0.00
0.89 0.89 0.89 0.89 0.81 0.81 0.81 0.81 0.81 0.81 0.81 0.81 0.81 0.81 0.81 0.81 0.81 0.81 0.81 0.81 0.96 0.96 0.96 0.96 0.96 0.96 0.96 0.96 0.96 0.96 0.96 0.96 0.96 0.96 0.96 0.96 0.85 0.85 0.85 0.85 3.35 3.35 3.35 2.21 3.35 3.35 2.21 2.21 3.35 2.21 2.58 3.35 3.63 3.63 3.63 3.63 3.08 3.63 3.63 3.63 3.63 3.63 3.63 0.00 0.00 0.00 0.00 0.00 0.00 0.00 0.00 2.22 0.00 0.00 0.00 0.00 0.00 0.00 0.00 0.00 0.00 0.00 0.00 0.00
0.89 0.89 0.89 0.89 0.81 0.81 0.81 0.81 0.81 0.81 0.81 0.81 0.81 0.81 0.81 0.81 0.81 0.81 0.81 0.81 0.96 0.96 0.96 0.96 0.96 0.96 0.96 0.96 0.96 0.96 0.96 0.96 0.96 0.96 0.96 0.96 2.58 2.58 2.58 3.35 3.35 3.35 3.35 2.09 2.21 2.21 2.21 2.21 3.35 2.21 2.58 3.35 3.63 2.30 3.63 3.63 3.63 3.63 3.63 3.63 3.63 3.63 3.63 3.63 0.00 0.00 0.00 0.00 0.00 0.00 0.00 2.22 0.00 0.00 0.00 0.00 0.00 0.00 0.00 0.00 0.00 0.00 0.00 0.00
0.89 0.89 0.89 0.89 0.81 0.81 0.81 0.81 0.81 0.81 0.81 0.81 0.81 0.81 0.81 0.81 0.81 0.81 0.81 0.81 0.96 0.96 0.96 0.96 0.96 0.96 0.96 0.96 0.96 0.96 0.96 0.96 0.96 0.96 0.96 0.96 0.85 2.58 2.58 2.58 3.35 3.35 3.35 2.21 3.35 2.21 3.35 3.35 3.35 2.21 3.35 3.35 2.30 2.30 2.30 2.30 3.63 3.63 3.63 3.63 2.80 3.63 2.80 3.63 0.00 3.63 0.00 0.00 0.00 0.00 2.22 2.22 2.22 0.00 0.00 0.00 0.00 0.00 0.00 0.00 0.00 0.00 0.00 0.00
0.89 0.89 0.89 0.89 0.81 0.81 0.81 0.81 0.81 0.81 0.81 0.81 0.81 0.81 0.81 0.81 0.81 0.81 0.81 0.81 0.96 0.96 0.96 0.96 0.96 0.96 0.96 0.96 0.96 1.42 0.96 0.96 0.96 0.96 0.96 0.96 0.85 0.85 2.58 3.35 3.35 2.21 2.21 2.21 3.35 3.35 3.35 2.58 2.58 2.58 2.58 2.58 3.63 3.63 2.30 2.30 3.63 3.63 3.63 3.63 3.63 3.63 2.80 3.63 3.63 3.63 3.63 0.00 0.00 0.00 0.00 0.00 0.00 0.00 0.00 0.00 0.00 0.00 0.00 0.00 0.00 0.00 0.00 0.00
0.89 0.89 0.89 0.89 0.81 0.81 0.81 0.81 0.81 0.81 0.81 0.81 0.81 0.81 3.17 3.17 2.44 2.44 2.44 0.81 0.96 0.96 2.39 0.96 0.96 0.96 0.96 0.96 0.96 0.96 0.96 0.96 0.96 0.96 0.96 0.96 0.85 0.85 0.85 3.35 2.21 3.35 3.35 3.35 2.58 2.58 3.35 2.58 2.58 2.58 2.58 2.84 2.80 3.63 3.63 3.63 2.30 2.80 2.80 3.63 3.63 3.63 0.92 3.63 3.63 3.63 3.63 0.00 0.00 0.00 0.00 0.00 0.00 0.00 0.00 0.00 0.00 0.00 0.00 0.00 0.00 0.00 0.00 0.00
0.89 0.89 0.89 0.89 0.81 0.81 0.81 0.81 0.81 2.44 0.81 0.81 0.81 3.17 2.19 2.19 0.81 2.44 2.44 0.81 3.79 2.39 3.79 3.79 0.96 0.96 0.96 0.96 0.96 0.96 0.96 0.96 0.96 0.96 0.96 0.96 0.85 0.85 0.85 3.35 3.35 3.35 2.58 2.58 2.58 2.58 2.84 2.58 2.58 2.58 2.84 2.84 3.08 3.63 3.63 3.63 3.63 2.80 3.63 0.00 0.00 0.00 3.63 3.63 0.00 3.63 3.63 0.00 0.00 0.00 0.00 0.00 0.00 0.00 0.00 0.00 0.00 0.00 0.00 0.00 0.00 0.00 0.00 0.00
0.89 0.89 0.89 0.89 0.81 0.81 0.81 0.81 0.81 2.69 2.69 2.44 0.81 0.81 2.18 2.18 2.18 0.81 2.44 3.17 2.39 2.39 2.39 3.79 0.96 0.96 0.96 0.96 0.96 0.96 0.96 0.96 0.96 0.96 0.96 0.96 3.35 0.85 3.35 3.35 3.35 2.21 2.21 2.21 3.35 3.35 3.35 3.35 3.35 2.58 2.84 2.58 2.80 3.63 3.63 0.92 3.63 3.63 3.63 0.00 0.00 0.00 0.00 0.00 0.00 0.00 0.00 0.00 0.00 0.00 0.00 0.00 0.00 0.00 0.00 0.00 0.00 0.00 0.00 0.00 0.00 0.00 0.00 0.00
0.89 0.89 0.89 0.89 0.81 0.81 0.81 0.81 2.44 2.69 3.17 2.44 0.81 0.81 0.81 2.18 2.18 2.18 3.17 3.17 3.79 2.39 2.39 3.79 0.96 0.96 2.93 2.93 2.93 0.96 0.96 0.96 0.96 0.96 0.96 3.21 2.21 2.21 3.35 2.21 3.35 3.35 3.35 3.35 2.09 3.35 3.35 3.35 2.21 3.35 2.58 2.84 3.63 3.08 3.63 3.63 3.63 2.59 3.63 0.00 0.00 0.00 0.00 0.00 0.00 0.00 0.00 0.00 0.00 0.00 0.00 0.00 0.00 0.00 0.00 0.00 0.00 0.00 0.00 0.00 0.00 0.00 0.00 0.00
0.89 0.89 0.89 0.89 0.81 0.81 0.81 2.55 3.17 3.17 2.71 2.71 2.44 0.81 3.17 2.18 3.17 3.17 3.17 2.44 0.96 3.79 3.79 3.79 0.96 3.79 3.79 3.79 3.79 3.79 2.39 3.79 3.79 0.96 0.96 3.79 2.21 2.21 3.35 3.35 2.21 2.21 3.35 2.21 2.21 2.21 3.35 2.21 3.35 3.35 3.35 2.58 3.63 3.63 2.93 3.63 2.59 2.59 3.63 3.63 0.00 0.00 0.00 0.00 0.00 0.00 0.00 0.00 0.00 0.00 0.00 0.00 0.00 0.00 0.00 0.00 0.00 0.00 0.00 0.00 0.00 0.00 0.00 0.00
0.89 0.89 0.89 0.89 0.81 0.81 0.81 3.17 2.69 2.69 2.71 2.71 2.71 2.71 3.17 2.18 3.17 2.44 0.81 0.81 2.93 2.93 3.79 3.79 3.79 0.96 3.06 3.79 3.79 3.79 3.79 2.39 3.79 3.79 3.79 3.79 2.21 3.35 3.35 3.35 3.35 3.35 2.21 2.21 2.21 2.21 3.35 3.35 3.35 3.35 3.35 3.35 3.63 3.63 2.93 3.63 3.63 3.63 3.63 3.63 0.00 0.00 0.00 0.00 0.00 0.00 0.00 0.00 0.00 0.00 0.00 0.00 0.00 0.00 0.00 0.00 0.00 0.00 0.00 0.00 0.00 0.00 0.00 0.00
0.89 0.89 0.89 0.89 0.81 0.81 3.17 2.44 0.81 2.69 2.69 2.71 2.71 2.71 3.17 2.44 0.81 0.81 0.81 0.81 0.96 2.93 0.96 0.96 3.79 0.96 0.96 0.96 3.79 3.79 3.79 2.39 3.79 3.79 3.79 3.79 2.21 3.35 3.35 3.35 3.35 3.35 3.35 3.35 0.85 2.21 3.35 2.84 2.84 2.58 3.35 2.21 3.63 3.63 3.63 3.63 3.63 3.63 3.63 3.63 3.63 0.00 0.00 0.00 0.00 0.00 0.00 0.00 0.00 0.00 0.00 0.00 0.00 0.00 0.00 0.00 0.00 0.00 0.00 0.00 0.00 0.00 0.00 0.00
0.91 0.91 0.91 0.91 0.94 0.94 3.10 2.84 2.97 2.97 3.10 3.68 3.68 3.68 3.10 3.68 2.84 3.12 3.12 0.94 0.97 0.97 0.97 3.81 3.81 0.97 0.97 0.97 2.94 2.94 2.94 3.81 3.81 3.81 2.94 2.94 3.33 2.19 2.57 2.57 2.57 3.33 3.33 3.33 1.24 2.19 0.85 1.24 3.33 2.57 2.57 2.57 2.58 3.63 3.63 3.63 3.63 3.63 3.63 3.63 3.63 3.63 0.00 0.00 0.00 0.00 0.00 0.00 0.00 0.00 0.00 0.00 0.00 0.00 0.00 0.00 0.00 0.00 0.00 0.00 0.00 0.00 0.00 0.00
0.91 0.91 0.91 0.91 0.94 3.10 3.68 3.68 0.94 0.94 3.10 3.68 3.68 2.84 2.84 3.68 3.12 3.12 3.12 2.84 2.94 0.97 0.97 3.81 3.81 0.97 3.81 3.81 3.23 3.81 2.94 3.81 3.81 3.81 3.81 2.94 3.33 3.33 3.33 2.57 2.68 3.33 2.57 3.33 3.33 2.06 3.33 2.57 2.82 2.82 2.68 2.57 3.63 3.63 3.63 3.63 3.63 3.63 3.63 3.63 3.63 3.63 3.63 0.00 0.00 0.00 0.00 0.00 0.00 0.00 0.00 0.00 0.00 0.00 0.00 0.00 0.00 0.00 0.00 0.00 0.00 0.00 0.00 0.00
0.91 3.05 3.05 0.91 3.68 3.68 3.10 3.68 3.68 3.68 3.68 2.84 2.84 2.84 2.84 2.84 3.12 3.12 3.12 2.84 3.23 0.97 0.97 0.97 0.97 2.94 3.81 2.94 2.94 3.81 2.94 2.94 2.94 3.81 2.94 2.94 3.33 2.57 3.33 3.33 3.33 3.33 2.57 3.33 3.33 3.33 3.33 3.33 2.68 3.33 2.68 2.57 3.63 2.58 3.63 3.63 3.63 3.63 3.63 3.63 3.63 3.63 2.58 3.63 0.00 0.00 0.00 0.00 0.00 0.00 0.00 0.00 0.00 0.00 0.00 0.00 0.00 0.00 0.00 0.00 0.00 0.00 0.00 0.00
0.91 3.05 3.05 0.91 3.10 3.10 3.68 3.10 3.68 3.68 3.68 3.68 2.84 3.68 2.84 2.84 2.84 2.84 2.84 2.84 2.94 0.97 0.97 0.97 2.94 3.81 3.81 3.81 2.94 2.94 2.94 3.81 3.81 3.81 2.94 2.94 3.33 2.19 3.33 3.33 2.57 3.33 2.57 3.33 3.33 3.33 2.57 2.19 2.82 2.82 3.33 2.57 2.80 2.58 3.63 1.35 3.63 3.63 3.63 3.63 3.63 3.63 2.58 2.58 0.00 0.00 0.00 0.00 0.00 0.00 0.00 0.00 0.00 0.00 0.00 0.00 0.00 0.00 0.00 0.00 0.00 0.00 0.00 2.17
3.05 3.05 0.91 3.04 3.68 3.68 3.10 3.68 3.68 3.68 3.68 3.68 3.68 3.68 3.68 3.68 3.68 2.84 3.12 2.84 2.94 0.97 0.97 0.97 2.94 2.94 3.81 3.81 2.94 3.81 2.38 3.81 3.81 2.38 3.81 3.81 2.19 2.19 3.33 2.57 3.33 0.85 0.85 0.85 3.33 2.19 2.19 2.68 2.43 2.82 2.68 3.33 3.63 2.58 2.58 3.08 3.08 3.63 3.63 3.63 3.63 3.63 3.63 3.63 0.00 0.00 0.00 0.00 0.00 0.00 0.00 0.00 0.00 0.00 0.00 0.00 0.00 0.00 0.00 0.00 0.00 0.00 0.00 2.17
2.77 3.04 3.04 3.59 3.68 3.68 3.68 3.68 3.68 3.68 3.68 3.10 3.10 2.84 2.84 2.84 2.84 2.84 3.68 2.84 2.94 0.97 0.97 3.81 2.94 2.94 3.81 2.94 2.94 3.81 3.81 3.81 3.81 3.81 3.81 2.38 2.19 2.19 3.33 2.57 2.57 3.33 0.85 2.19 2.19 2.19 2.19 2.43 2.43 2.43 2.68 2.43 2.58 2.58 2.58 3.63 3.08 3.08 3.63 3.63 3.63 3.63 2.58 2.58 3.63 3.63 0.00 0.00 0.00 0.00 0.00 0.00 0.00 0.00 0.00 0.00 0.00 0.00 0.00 0.00 0.00 0.00 0.00 2.17
3.04 3.04 3.04 3.59 3.10 3.68 3.68 3.68 3.68 3.68 3.12 3.68 2.84 2.84 3.68 2.84 2.84 3.68 3.68 3.68 3.23 0.97 0.97 2.94 2.94 3.81 3.81 2.94 2.94 2.94 2.94 3.81 3.81 3.23 3.81 3.81 3.33 3.33 3.33 3.33 2.57 2.57 3.33 2.19 2.19 2.19 3.33 2.43 2.43 2.43 2.43 2.43 2.58 2.58 2.58 2.58 3.63 3.08 3.63 3.63 3.63 3.63 2.58 2.58 2.58 3.63 0.00 0.00 0.00 0.00 0.00 0.00 0.00 0.00 0.00 0.00 0.00 0.00 0.00 0.00 0.00 0.00 0.00 0.00
3.04 3.04 3.04 3.04 3.68 3.68 2.84 3.10 3.68 3.68 3.12 3.12 2.84 2.84 3.68 3.68 2.84 2.84 2.84 2.84 3.23 2.94 2.94 2.94 3.81 3.81 3.81 2.94 2.94 2.94 3.81 3.81 2.38 3.81 3.81 3.81 3.33 3.33 2.19 2.19 3.33 3.33 3.33 2.19 3.33 3.33 3.33 2.43 2.43 2.43 2.43 2.43 3.63 2.58 3.63 2.58 3.63 3.63 3.08 3.63 3.63 2.58 2.58 2.58 2.58 3.63 0.00 0.00 0.00 0.00 0.00 0.00 0.00 0.00 0.00 0.00 0.00 0.00 0.00 0.00 0.00 0.00 0.00 0.00
3.59 3.59 3.04 3.59 3.12 2.84 2.84 3.68 3.68 2.84 3.12 3.12 3.12 3.12 2.97 2.84 3.68 2.84 2.84 2.84 2.94 2.94 2.94 2.94 2.94 2.94 3.81 2.94 2.94 2.94 3.81 3.81 3.81 3.81 3.81 3.81 3.33 3.33 3.33 3.33 2.19 3.33 3.33 2.57 3.33 3.33 2.43 3.33 3.33 2.43 2.43 3.33 2.58 3.63 3.63 3.63 3.63 2.58 3.63 3.63 3.63 2.58 2.58 2.58 2.58 3.63 3.63 0.00 0.00 0.00 0.00 0.00 0.00 0.00 0.00 0.00 0.00 0.00 0.00 0.00 0.00 0.00 0.00 0.00
3.59 3.59 3.59 3.59 2.84 2.84 2.84 0.94 2.84 2.84 2.84 3.12 2.97 2.84 2.84 3.12 3.12 2.84 2.84 2.84 2.94 3.81 3.81 3.81 3.81 3.81 3.81 2.94 2.94 3.81 3.81 3.81 3.81 2.38 2.38 3.81 3.33 3.33 3.33 3.33 3.33 3.33 3.33 3.33 2.43 2.43 2.43 2.43 3.33 2.43 2.43 2.43 2.58 2.58 3.63 2.58 3.63 2.58 2.58 2.58 2.58 2.58 2.58 2.58 3.63 3.63 3.63 0.00 0.00 0.00 0.00 0.00 0.00 0.00 0.00 0.00 0.00 0.00 0.00 0.00 0.00 0.00 0.00 0.00
0.91 3.59 2.77 2.77 2.84 2.84 3.68 3.68 2.84 2.84 2.84 2.84 2.84 2.84 2.84 2.84 3.12 2.84 2.84 2.84 2.94 2.94 3.81 2.38 3.07 3.81 2.38 2.38 2.38 2.38 3.81 2.38 2.38 2.38 2.38 3.81 3.33 3.33 3.33 3.33 3.33 2.19 3.33 2.43 2.43 2.43 2.43 2.43 3.33 2.43 2.43 2.43 2.58 2.58 2.58 2.58 2.58 2.58 2.58 2.58 2.58 3.63 3.63 3.63 3.63 3.63 3.63 0.00 0.00 0.00 0.00 0.00 0.00 0.00 0.00 0.00 0.00 0.00 0.00 0.00 0.00 0.00 0.00 0.00
3.59 0.91 3.59 2.77 3.68 2.84 2.84 2.84 2.84 2.84 2.84 2.84 3.12 2.84 2.84 2.84 2.84 3.12 0.94 2.84 3.81 3.81 2.94 3.81 2.38 2.38 3.81 2.38 2.38 3.81 3.81 3.81 3.81 2.38 2.38 3.81 2.19 3.33 3.33 3.33 3.33 2.43 2.43 2.43 2.43 2.43 2.43 2.43 2.43 3.33 3.33 2.43 2.58 2.58 2.58 2.58 2.58 2.58 2.58 2.58 2.58 3.63 3.63 3.63 3.63 3.63 3.63 3.63 0.00 0.00 0.00 0.00 0.00 0.00 0.00 0.00 0.00 0.00 0.00 0.00 0.00 0.00 0.00 0.00
3.59 3.04 3.59 3.59 3.68 2.84 3.68 3.68 3.68 3.12 3.12 3.68 3.12 3.12 2.84 2.84 2.84 2.84 0.94 0.94 2.38 3.81 2.94 0.97 2.38 2.38 2.38 2.38 2.38 2.38 3.81 3.81 3.81 3.81 2.38 2.38 3.33 3.33 3.33 3.33 3.33 3.33 2.43 3.33 2.43 2.43 2.43 2.43 2.43 3.33 3.33 2.43 2.58 2.58 2.58 2.58 2.58 2.58 2.58 2.92 2.92 2.58 2.58 3.63 3.63 3.63 3.63 3.63 2.17 2.17 0.00 0.00 0.00 0.00 0.00 0.00 0.00 0.00 0.00 0.00 0.00 0.00 0.00 0.00
3.59 2.77 3.59 3.59 3.68 3.68 2.84 3.68 3.68 3.68 2.84 2.84 2.84 2.84 2.84 2.84 2.84 2.84 2.84 1.37 3.81 3.81 0.97 0.97 0.97 2.38 2.38 2.38 2.38 2.38 3.81 3.81 3.81 3.81 3.81 3.81 3.33 3.33 3.33 3.33 3.33 3.33 2.43 2.43 3.33 2.43 2.43 2.43 2.43 3.33 3.33 3.33 3.63 3.63 3.63 3.63 3.63 3.63 3.63 3.63 3.63 3.63 3.63 3.63 3.63 3.63 3.63 3.63 2.17 2.17 2.17 2.17 2.17 2.17 2.17 2.17 2.17 2.17 2.17 2.17 2.17 2.17 2.17 2.17
3.59 3.05 3.59 3.59 2.84 2.84 3.12 2.84 2.84 2.84 2.84 3.68 3.68 2.84 0.94 0.94 0.94 2.84 1.37 3.68 0.97 0.97 0.97 0.97 0.97 0.97 0.29 3.81 2.38 3.81 3.81 3.81 3.81 3.81 3.81 3.81 3.33 3.33 3.33 3.33 2.57 2.57 2.57 2.68 3.33 3.33 0.85 1.24 3.33 2.43 2.43 3.33 3.63 3.63 3.63 3.63 3.63 3.63 3.63 3.63 3.63 3.63 3.63 3.63 3.63 2.58 2.58 2.58 0.65 0.65 0.65 0.65 0.65 0.65 0.65 0.65 0.65 0.65 0.65 0.65 0.65 0.65 0.65 0.65
3.05 3.05 3.59 3.59 2.84 2.84 2.84 2.84 2.84 3.10 3.68 0.94 3.68 0.94 0.94 0.94 2.84 2.84 0.94 0.94 0.97 0.97 0.97 0.97 0.97 0.29 0.29 0.97 2.38 2.38 3.81 3.81 2.38 2.38 2.38 2.38 2.19 3.33 3.33 3.33 3.33 3.33 2.57 2.68 1.24 0.85 1.24 2.43 2.43 2.43 3.33 3.33 3.63 3.63 3.63 3.63 3.63 3.63 3.63 3.63 3.63 3.63 3.63 3.63 3.63 3.63 3.63 2.58 1.78 2.17 2.17 2.17 2.17 2.17 2.17 2.17 2.17 2.17 2.17 2.17 2.17 2.17 2.17 2.17
3.66 3.10 2.82 3.66 3.81 2.94 2.94 2.94 3.19 3.19 3.81 3.81 3.81 3.81 3.81 2.94 2.94 3.81 0.97 0.97 0.96 0.96 0.96 0.96 0.96 0.96 0.96 0.96 2.37 3.21 3.79 3.79 2.37 3.79 2.37 3.79 2.18 3.32 3.32 3.32 2.42 3.32 3.32 2.42 2.42 2.42 2.42 2.42 2.42 2.42 2.42 2.42 2.59 3.64 3.64 3.64 3.64 3.64 3.64 3.64 3.64 3.64 3.64 3.64 3.64 3.64 3.64 2.59 2.35 3.21 3.21 3.21 3.21 3.21 3.21 3.21 3.21 3.21 3.21 3.21 3.21 3.21 3.21 3.21
2.82 2.82 2.82 3.10 3.81 2.94 3.19 3.81 3.19 3.81 3.81 1.42 3.81 3.81 3.81 3.81 3.81 0.97 0.97 0.29 0.96 0.96 0.96 0.96 0.96 0.96 0.96 0.96 0.96 3.79 3.79 3.79 2.37 2.37 3.79 3.79 2.42 2.42 3.32 3.32 3.32 3.32 3.32 2.42 2.42 2.42 2.42 2.42 3.32 3.32 2.42 2.42 2.59 2.59 3.64 3.64 3.64 3.64 3.64 3.64 3.64 3.64 3.64 3.64 3.64 2.59 2.59 2.59 2.35 3.21 0.00 0.00 0.00 0.00 0.00 0.00 0.00 0.00 0.00 0.00 0.00 0.00 0.00 0.00
2.82 2.82 3.66 3.66 3.81 3.81 3.81 3.19 3.81 3.81 3.81 0.97 2.94 2.94 3.81 3.81 0.97 0.97 0.97 0.97 0.29 0.96 0.96 0.96 0.96 0.96 0.96 0.96 0.96 3.79 3.79 3.79 3.79 3.79 3.79 3.79 2.42 2.42 3.32 2.42 3.32 3.32 3.32 2.42 3.32 2.42 2.42 2.42 2.42 2.67 3.32 2.42 3.64 3.64 3.64 3.64 3.64 3.64 3.64 3.64 3.64 2.59 2.59 2.59 3.64 2.59 2.59 2.59 2.35 2.35 0.00 0.00 0.00 0.00 0.00 0.00 0.00 0.00 0.00 0.00 0.00 0.00 0.00 0.00
2.82 2.82 3.10 3.66 3.81 3.81 3.81 3.81 3.81 3.19 3.19 3.23 3.81 2.94 3.81 3.81 0.97 0.97 0.97 0.97 0.96 0.96 0.96 0.96 0.96 0.96 0.96 0.96 0.96 3.79 3.79 3.79 3.79 3.79 3.79 3.79 3.32 3.32 3.32 2.42 3.32 3.32 2.42 3.32 2.42 2.42 3.32 2.67 2.67 2.67 2.67 3.32 3.64 2.59 2.59 2.59 3.64 3.64 3.64 3.64 3.64 2.59 3.64 2.59 2.59 2.59 2.59 2.59 2.35 2.35 2.35 0.00 0.00 0.00 0.00 0.00 0.00 0.00 0.00 0.00 0.00 0.00 0.00 0.00
3.66 2.82 3.66 3.66 3.81 3.81 3.81 3.19 3.19 3.81 3.23 3.81 3.19 1.42 3.81 0.97 0.97 0.97 0.97 0.97 0.96 0.96 0.96 0.96 0.96 0.96 0.96 0.96 0.96 2.37 3.79 2.37 3.79 3.79 3.79 2.68 3.32 3.32 3.32 3.32 3.32 3.32 3.32 2.42 2.42 2.42 2.42 2.42 3.32 3.32 3.32 3.32 2.59 2.59 2.59 2.59 3.64 3.64 3.64 3.64 3.64 2.59 1.09 2.59 2.59 2.59 2.59 2.59 2.35 2.35 2.35 0.00 0.00 0.00 0.00 0.00 0.00 0.00 0.00 0.00 0.00 0.00 3.21 3.21
2.82 3.66 3.66 3.66 3.81 3.81 3.81 3.81 3.81 3.81 0.97 2.94 2.94 3.81 3.81 3.81 0.97 0.97 0.97 0.97 0.96 0.96 0.96 0.96 0.96 0.96 0.96 0.96 2.37 2.37 3.79 3.79 2.68 2.68 2.68 2.68 2.42 3.32 3.32 2.42 2.42 3.32 2.42 2.42 2.42 3.32 3.32 3.32 3.32 3.32 3.32 2.42 2.59 3.64 3.64 2.59 2.59 3.64 3.64 3.64 3.64 2.59 3.64 3.64 2.59 2.59 2.59 2.59 2.35 0.96 0.96 2.35 0.00 0.00 0.00 0.00 0.00 0.00 0.00 0.00 3.21 3.21 0.96 2.35
3.66 2.82 3.66 2.82 2.94 2.94 3.81 3.23 2.94 2.94 2.94 2.94 2.94 3.81 3.19 3.81 3.19 3.19 0.97 0.97 0.96 0.96 0.96 0.96 0.96 0.96 0.96 0.96 2.37 3.79 2.37 2.68 2.68 3.79 3.79 3.79 3.32 3.32 3.32 3.32 2.42 3.32 3.32 2.42 3.32 3.32 3.32 3.32 3.32 3.32 3.32 3.32 2.59 3.64 3.64 2.59 2.59 3.64 3.64 2.59 2.59 3.64 3.64 3.64 3.64 2.59 2.59 3.64 2.35 3.21 0.00 2.35 2.35 0.00 0.00 0.00 0.00 0.00 0.00 3.21 0.96 2.35 2.35 3.21
2.82 3.66 2.82 2.82 2.94 3.23 2.94 3.81 2.94 2.94 2.94 2.94 2.94 3.19 3.19 3.81 3.81 3.81 3.81 0.97 0.96 3.17 3.17 3.17 3.79 3.79 0.96 3.79 2.37 3.79 3.79 3.21 3.79 3.79 3.79 3.79 3.32 3.32 2.42 3.32 3.32 3.32 3.32 3.32 1.24 2.56 3.32 3.32 3.32 3.32 3.32 3.32 3.64 3.64 3.64 2.59 2.59 2.59 3.64 3.64 2.59 3.64 3.64 3.64 3.64 3.64 3.64 3.64 2.35 0.00 0.00 0.00 2.35 2.35 0.00 0.00 0.00 3.21 0.96 2.35 2.35 3.21 3.21 0.00
