New_Model_Runs/13_Future_RCP4.5_Scn3_out/post_prcessed_with_MFR/Monthly_summaries/actual_et_monthly_AUG.asc
NCOLS 700
NROWS 400
XLLCENTER 515000.000000
YLLCENTER 8409000.000000
CELLSIZE 50.000000
NODATA_value -999.000000
[rows 114 to 151 of 400, columns 420 to 503 of 700]
1.00 1.00 1.00 1.00 1.00 1.00 1.00 1.00 1.00 1.00 1.00 1.00 0.96 0.96 0.96 0.96 0.96 0.96 0.96 0.96 0.96 0.96 3.18 2.92 0.96 0.96 3.18 3.79 2.43 3.67 3.51 2.77 2.77 2.91 0.94 0.94 0.94 0.94 0.94 0.94 0.94 0.94 0.94 0.94 0.91 0.91 0.91 0.91 0.91 0.91 0.91 0.91 0.91 0.91 0.91 0.91 0.91 2.81 2.89 3.44 2.54 0.85 0.85 0.85 0.85 2.67 2.67 2.67 2.68 2.68 1.24 0.85 0.85 0.85 0.85 0.85 0.85 0.85 0.85 0.85 0.85 0.85 0.85 0.85
1.00 1.00 1.00 1.00 1.00 1.00 1.00 1.00 1.00 1.00 1.00 1.00 0.96 0.96 0.96 0.96 0.96 0.96 0.96 0.96 0.96 0.96 0.96 0.96 0.96 3.18 0.96 0.96 3.69 3.69 3.51 3.33 0.94 0.94 2.80 0.94 0.94 0.94 0.94 0.94 0.94 0.94 0.94 0.94 0.91 0.91 0.91 0.91 0.91 0.91 0.91 0.91 0.91 0.91 0.91 0.91 0.91 2.71 2.71 2.71 2.54 0.85 0.85 0.85 0.85 2.67 2.67 2.67 2.68 2.68 2.68 0.85 0.85 0.85 0.85 0.85 0.85 0.85 0.85 0.85 0.85 0.85 0.85 0.85
1.00 1.00 1.00 1.00 1.00 1.00 1.00 1.00 1.00 1.00 1.00 1.00 0.96 0.96 0.96 0.96 0.96 0.96 0.96 0.96 0.96 0.96 0.96 0.96 0.96 0.96 0.96 0.96 0.94 0.94 2.77 1.96 3.51 2.77 2.77 0.94 0.94 0.94 0.94 0.94 0.94 0.94 0.94 0.94 0.91 0.91 0.91 0.91 0.91 0.91 0.91 0.91 0.91 0.91 0.91 0.91 0.91 2.71 2.81 2.81 2.66 2.66 0.85 0.85 0.85 0.85 0.85 0.85 1.24 2.68 2.68 0.85 0.85 0.85 0.85 0.85 0.85 0.85 0.85 0.85 0.85 0.85 0.85 0.85
1.00 1.00 1.00 1.00 1.00 1.00 1.00 1.00 1.00 1.00 1.00 1.00 0.96 0.96 0.96 0.96 0.96 0.96 0.96 0.96 0.96 0.96 0.96 0.96 0.96 0.96 0.96 2.92 0.94 3.12 2.77 2.77 2.77 2.77 0.94 0.94 2.86 0.94 0.94 0.94 0.94 0.94 0.94 0.94 0.91 0.91 0.91 0.91 0.91 0.91 0.91 0.91 0.91 0.91 0.91 0.91 0.91 0.91 0.91 0.91 0.85 0.85 1.24 0.85 0.85 0.85 0.85 0.85 0.85 0.85 0.85 0.85 0.85 0.85 0.85 0.85 0.85 0.85 0.85 0.85 0.85 0.85 0.85 0.85
1.00 1.00 1.00 1.00 1.00 1.00 1.00 1.00 1.00 1.00 1.00 1.00 0.96 0.96 0.96 0.96 0.96 0.96 0.96 0.96 0.96 0.96 0.96 0.96 0.96 0.96 0.96 0.96 3.12 2.91 2.86 2.77 3.51 0.94 0.94 0.94 0.94 0.94 0.94 0.94 0.94 0.94 0.94 0.94 0.91 0.91 0.91 0.91 0.91 0.91 0.91 0.91 0.91 0.91 0.91 0.91 0.91 0.91 0.91 0.91 0.85 0.85 1.24 0.85 0.85 0.85 0.85 0.85 0.85 0.85 0.85 0.85 0.85 0.85 0.85 0.85 0.85 0.85 0.85 0.85 0.85 0.85 0.85 0.85
1.00 1.00 1.00 1.00 1.00 1.00 1.00 1.00 1.00 1.00 1.00 1.00 0.96 0.96 0.96 0.96 0.96 0.96 0.96 0.96 0.96 0.96 0.96 0.96 0.96 0.96 0.96 0.96 0.94 0.94 0.94 0.94 0.94 3.51 0.94 0.94 0.94 0.94 0.94 0.94 0.94 0.94 0.94 0.94 0.91 0.91 0.91 0.91 0.91 0.91 0.91 0.91 0.91 0.91 0.91 0.91 0.91 0.91 0.91 0.91 0.85 0.85 0.85 0.85 0.85 0.85 0.85 0.85 0.85 0.85 0.85 0.85 0.85 0.85 0.85 0.85 0.85 0.85 0.85 0.85 0.85 0.85 0.85 0.85
1.00 1.00 1.00 1.00 1.00 1.00 1.00 1.00 1.00 1.00 1.00 1.00 0.96 0.96 0.96 0.96 0.96 0.96 0.96 0.96 0.96 0.96 0.96 0.96 0.96 0.96 0.96 0.96 0.94 0.94 0.94 0.94 2.77 3.51 0.94 0.94 0.94 0.94 0.94 0.94 0.94 0.94 0.94 0.94 0.91 0.91 0.91 0.91 0.91 0.91 0.91 0.91 0.91 0.91 0.91 0.91 0.91 0.91 0.91 0.91 0.85 0.85 0.85 0.85 0.85 0.85 0.85 0.85 0.85 0.85 0.85 0.85 0.85 0.85 0.85 0.85 0.85 0.85 0.85 0.85 0.85 0.85 0.85 0.85
1.00 1.00 1.00 1.00 1.00 1.00 1.00 1.00 1.00 1.00 1.00 1.00 0.96 0.96 0.96 0.96 0.96 0.96 0.96 0.96 0.96 0.96 0.96 0.96 0.96 0.96 0.96 0.96 0.94 0.94 0.94 2.77 2.77 2.77 0.94 0.94 0.94 0.94 0.94 0.94 0.94 0.94 0.94 0.94 0.91 0.91 0.91 0.91 0.91 0.91 0.91 0.91 0.91 0.91 0.91 0.91 0.91 0.91 0.91 0.91 0.85 0.85 0.85 0.85 0.85 0.85 0.85 0.85 0.85 0.85 0.85 0.85 0.85 0.85 0.85 0.85 0.85 0.85 0.85 0.85 0.85 0.85 0.85 0.85
1.00 1.00 1.00 1.00 1.00 1.00 1.00 1.47 1.00 1.00 1.00 1.00 0.96 0.96 0.96 0.96 0.96 0.96 0.96 0.96 0.96 0.96 0.96 0.96 0.96 0.96 0.96 0.96 0.94 0.94 0.94 2.77 2.77 2.77 0.94 0.94 0.94 0.94 0.94 0.94 0.94 0.94 0.94 0.94 0.91 0.91 0.91 0.91 0.91 0.91 0.91 0.91 0.91 0.91 0.91 0.91 0.91 0.91 0.91 0.91 0.85 0.85 0.85 0.85 0.85 0.85 0.85 0.85 0.85 0.85 0.85 0.85 0.85 0.85 0.85 0.85 0.85 0.85 0.85 0.85 0.85 0.85 0.85 0.85
1.00 1.00 1.00 1.00 1.00 1.00 1.00 1.00 1.00 1.00 1.00 1.00 0.96 0.96 0.96 0.96 0.96 0.96 0.96 0.96 0.96 0.96 0.96 0.96 0.96 0.96 0.96 0.96 0.94 0.94 0.94 3.51 2.77 2.77 0.94 2.86 0.94 0.94 0.94 0.94 0.94 0.94 0.94 0.94 0.91 0.91 0.91 0.91 0.91 0.91 0.91 0.91 0.91 0.91 0.91 0.91 0.91 0.91 0.91 0.91 0.84 0.84 0.84 0.84 0.84 0.84 0.84 0.84 0.84 0.84 0.84 0.84 0.84 0.84 0.84 0.84 0.85 0.85 0.85 0.85 0.85 0.85 0.85 0.85
1.00 1.00 3.34 1.00 1.00 1.00 1.00 1.00 1.00 3.04 3.04 1.00 0.96 0.96 0.96 0.96 0.96 0.96 0.96 0.96 0.96 0.96 0.96 0.96 0.96 0.96 0.96 0.96 0.94 0.94 0.94 2.80 3.56 2.77 2.77 2.86 0.94 0.94 0.94 0.94 0.94 0.94 0.94 0.94 0.91 0.91 0.91 0.91 0.91 0.91 0.91 0.91 0.91 0.91 0.91 0.91 0.91 0.91 0.91 0.91 0.84 0.84 0.84 0.84 0.84 0.84 0.84 0.84 0.84 0.84 0.84 0.84 0.84 0.84 0.84 0.84 0.85 0.85 0.85 0.85 0.85 0.85 0.85 0.85
1.00 3.04 1.00 1.00 1.00 3.04 3.04 1.00 3.95 3.95 3.95 3.94 0.96 0.96 0.96 0.96 0.96 0.96 0.96 3.18 1.41 0.96 0.96 0.96 0.96 0.96 0.96 0.96 0.94 0.94 0.94 0.94 2.80 3.56 2.77 2.77 0.94 0.94 0.94 0.94 0.94 0.94 0.94 0.94 0.91 0.91 0.91 0.91 0.91 0.91 0.91 0.91 0.91 0.91 0.91 0.91 0.91 0.91 0.91 0.91 0.84 0.84 0.84 0.84 0.84 0.84 0.84 0.84 0.84 0.84 0.84 0.84 0.84 0.84 0.84 0.84 0.85 0.85 0.85 0.85 0.85 0.85 0.85 0.85
3.34 3.34 3.04 3.04 3.95 3.95 1.00 1.00 3.95 3.95 3.95 3.95 2.92 2.92 3.79 3.79 3.79 0.96 3.79 3.18 0.96 0.96 0.96 0.96 0.96 0.96 0.96 0.96 0.94 0.94 0.94 0.94 0.94 3.40 2.80 2.77 0.94 0.94 0.94 0.94 0.94 0.94 0.94 0.94 0.91 0.91 0.91 0.91 0.91 0.91 0.91 0.91 0.91 0.91 0.91 0.91 0.91 0.91 0.91 0.91 0.84 0.84 0.84 0.84 0.84 0.84 0.84 0.84 0.84 0.84 0.84 0.84 0.84 0.84 0.84 0.84 0.85 0.85 0.85 0.85 0.85 0.85 0.85 0.85
3.34 3.04 3.04 3.04 3.95 3.95 3.04 3.95 2.42 3.95 2.42 3.04 3.79 2.92 2.92 0.96 0.96 0.96 0.96 3.18 3.18 0.96 0.96 0.96 0.96 0.96 0.96 0.96 0.94 0.94 0.94 0.94 0.94 0.94 0.94 2.77 2.77 0.94 0.94 0.94 0.94 0.94 0.94 0.94 0.91 0.91 0.91 0.91 0.91 0.91 0.91 0.91 0.91 0.91 0.91 0.91 0.91 0.91 0.91 0.91 0.84 0.84 0.84 0.84 0.84 0.84 0.84 0.84 0.84 0.84 0.84 0.84 0.84 0.84 0.84 0.84 0.85 0.85 0.85 0.85 0.85 0.85 0.85 0.85
1.00 3.95 3.95 3.95 3.95 2.42 3.95 3.95 2.42 3.04 3.95 3.95 2.92 2.92 0.96 0.96 0.96 0.96 2.92 3.18 3.18 1.41 1.41 0.96 0.96 0.96 3.21 0.96 0.94 0.94 0.94 0.94 0.94 0.94 0.94 2.77 0.94 0.94 0.94 0.94 0.94 0.94 0.94 1.38 0.91 0.91 0.91 0.91 0.91 0.91 0.91 0.91 0.91 0.91 0.91 0.91 0.91 0.91 0.91 0.91 0.84 0.84 0.84 0.84 0.84 0.84 0.84 0.84 0.84 0.84 0.84 0.84 0.84 0.84 0.84 0.84 0.85 0.85 0.85 0.85 0.85 0.85 0.85 0.85
3.95 2.42 2.42 2.42 3.95 2.42 3.95 3.95 3.95 3.04 3.95 3.95 3.79 2.92 0.96 0.96 0.96 0.96 3.18 2.92 2.92 1.41 0.96 0.96 0.96 3.21 3.21 3.21 0.94 0.94 0.94 0.94 0.94 0.94 0.94 0.94 2.77 2.86 0.94 0.94 0.94 0.94 0.94 0.94 0.91 0.91 0.91 0.91 0.91 0.91 0.91 0.91 0.91 0.91 0.91 0.91 0.91 0.91 0.91 0.91 0.84 0.84 0.84 0.84 0.84 0.84 0.84 0.84 0.84 0.84 0.84 0.84 0.84 0.84 0.84 0.84 0.85 0.85 0.85 0.85 0.85 0.85 0.85 0.85
2.49 1.86 2.49 1.86 1.86 1.86 2.49 1.86 2.49 1.92 2.49 2.49 3.12 3.12 1.03 1.03 1.03 1.03 3.12 1.03 1.03 1.03 1.03 1.03 3.43 3.43 3.43 3.43 2.77 0.84 0.84 0.84 0.84 0.84 0.84 0.84 0.84 0.84 0.84 0.84 0.84 0.84 0.84 0.84 0.73 0.73 0.73 0.73 0.73 0.73 0.73 0.73 0.73 0.73 0.73 0.73 0.73 0.73 0.73 0.73 0.83 0.83 0.83 0.83 0.83 0.83 0.83 0.83 0.83 0.83 0.83 0.83 0.83 0.83 0.83 0.83 0.78 0.78 0.78 0.78 0.78 0.78 0.78 0.78
1.86 2.49 2.49 2.49 2.49 2.49 1.86 1.86 2.49 2.49 1.92 0.63 3.12 1.03 3.12 3.12 1.03 1.03 1.03 1.03 1.03 1.03 1.03 1.03 3.43 3.43 3.43 3.43 2.77 0.84 0.84 0.84 0.84 0.84 0.84 0.84 0.84 0.84 0.84 0.84 0.84 0.84 0.84 0.84 0.73 0.73 0.73 0.73 0.73 0.73 0.73 0.73 0.73 0.73 0.73 0.73 0.73 0.73 0.73 0.73 0.83 0.83 0.83 0.83 0.83 0.83 0.83 0.83 1.22 0.83 0.83 0.83 0.83 0.83 0.83 0.83 0.78 0.78 0.78 0.78 0.78 0.78 0.78 0.78
0.75 2.49 0.75 2.49 2.49 1.86 2.49 2.49 2.49 2.49 1.92 0.63 1.03 1.03 3.12 3.38 1.03 1.03 1.03 1.03 1.03 1.03 1.03 1.03 3.43 3.43 3.43 3.43 2.77 0.84 0.84 0.84 0.84 0.84 0.84 0.84 0.84 0.84 0.84 0.84 0.84 0.84 0.84 0.84 0.73 0.73 0.73 0.73 0.73 0.73 0.73 0.73 0.73 0.73 0.73 0.73 0.73 0.73 0.73 0.73 0.83 0.83 0.83 0.83 0.83 0.83 0.83 0.83 2.63 0.83 0.83 0.83 0.83 0.83 0.83 0.83 0.78 0.78 0.78 0.78 0.78 0.78 0.78 0.78
2.49 0.75 0.75 2.49 2.49 2.49 2.49 2.49 1.86 0.63 0.63 0.63 3.12 1.03 1.03 1.03 1.03 1.03 1.03 1.03 1.03 1.03 1.03 1.03 3.43 3.43 3.43 3.43 2.77 0.84 0.84 0.84 0.84 0.84 0.84 0.84 0.84 0.84 0.84 0.84 0.84 0.84 0.84 0.84 0.73 0.73 0.73 0.73 0.73 0.73 0.73 0.73 0.73 0.73 0.73 0.73 0.73 0.73 0.73 0.73 0.83 0.83 0.83 0.83 0.83 0.83 0.83 0.83 0.83 0.83 0.83 0.83 0.83 0.83 0.83 0.83 0.78 0.78 0.78 0.78 0.78 0.78 0.78 0.78
0.00 0.00 2.49 2.49 1.86 1.86 2.49 2.49 2.49 0.63 0.63 0.63 1.03 1.03 1.03 1.03 1.03 1.03 1.03 1.03 1.03 1.03 1.03 1.03 3.43 3.43 3.43 3.43 2.77 2.77 0.84 0.84 0.84 0.84 0.84 0.84 0.84 0.84 0.84 0.84 0.84 0.84 0.84 0.84 0.73 0.73 0.73 0.73 0.73 0.73 0.73 0.73 0.73 0.73 0.73 0.73 0.73 0.73 0.73 0.73 0.83 0.83 0.83 0.83 0.83 0.83 0.83 0.83 0.83 0.83 0.83 0.83 0.83 0.83 0.83 0.83 0.78 0.78 0.78 0.78 0.78 0.78 0.78 0.78
0.00 0.00 0.00 0.75 0.75 2.49 0.75 2.49 0.63 0.63 0.63 0.63 1.03 1.03 1.03 1.03 1.03 1.03 1.03 1.03 1.03 1.03 3.43 3.43 3.43 3.43 3.43 3.43 2.77 2.77 0.84 0.84 2.77 0.84 0.84 2.77 2.77 2.77 0.84 0.84 0.84 0.84 0.84 0.84 0.73 0.73 0.73 0.73 0.73 0.73 0.73 0.73 0.73 0.73 0.73 0.73 0.73 0.73 0.73 0.73 0.83 0.83 0.83 0.83 0.83 0.83 0.83 0.83 0.83 0.83 0.83 0.83 0.83 0.83 0.83 0.83 0.78 0.78 0.78 0.78 0.78 0.78 0.78 0.78
0.00 0.00 0.00 0.00 0.75 0.75 2.49 2.49 0.63 0.63 0.63 0.63 1.03 1.03 1.03 1.03 1.03 1.03 1.03 1.03 1.03 3.43 3.43 3.43 3.43 3.43 3.43 3.43 2.77 2.77 2.77 2.77 2.77 2.77 2.77 2.77 2.77 0.84 0.84 0.84 0.84 0.84 0.84 0.84 0.73 0.73 0.73 0.73 0.73 0.73 0.73 0.73 0.73 0.73 0.73 0.73 0.73 0.73 0.73 0.73 0.83 0.83 0.83 0.83 0.83 0.83 0.83 0.83 0.83 0.83 0.83 0.83 0.83 0.83 0.83 0.83 0.78 0.78 0.78 0.78 0.78 0.78 0.78 0.78
0.00 0.00 0.00 0.00 0.75 0.75 2.49 0.63 0.63 0.63 0.63 0.63 1.03 1.03 1.03 1.03 1.03 1.03 1.03 1.03 1.03 1.03 3.43 3.43 3.43 3.43 3.43 3.43 2.77 2.77 2.77 2.77 2.77 2.77 2.77 2.77 2.77 2.77 2.77 0.84 0.84 0.84 0.84 0.84 0.73 0.73 0.73 0.73 0.73 0.73 0.73 0.73 0.73 0.73 0.73 0.73 0.73 0.73 0.73 0.73 0.83 0.83 0.83 0.83 0.83 0.83 0.83 0.83 0.83 0.83 0.83 0.83 0.83 0.83 0.83 0.83 0.78 0.78 0.78 0.78 0.78 0.78 0.78 0.78
0.00 0.00 0.00 0.00 2.49 2.49 0.63 0.63 0.63 0.63 0.63 0.63 1.03 1.03 1.03 1.03 1.03 1.03 1.03 3.43 3.43 3.43 3.43 3.43 3.43 3.43 3.43 3.43 2.77 2.77 2.77 2.77 2.77 2.77 2.77 2.77 2.77 2.77 2.77 0.84 0.84 0.84 0.84 0.84 0.73 0.73 0.73 0.73 0.73 0.73 0.73 0.73 0.73 0.73 0.73 0.73 0.73 0.73 0.73 0.73 0.83 0.83 0.83 0.83 0.83 0.83 0.83 0.83 0.83 0.83 0.83 0.83 0.83 0.83 0.83 0.83 0.78 0.78 0.78 0.78 0.78 0.78 0.78 0.78
0.00 0.00 0.00 0.00 0.00 2.49 0.63 0.63 0.63 0.63 0.63 0.63 1.03 1.03 1.03 1.03 3.43 3.43 3.43 3.43 3.43 3.43 3.43 3.43 3.43 3.43 3.43 3.43 2.77 2.77 2.77 2.77 2.77 2.77 2.77 2.77 0.84 0.84 0.84 0.84 0.84 0.84 0.84 0.84 0.73 0.73 0.73 0.73 0.73 0.73 0.73 0.73 0.73 0.73 0.73 0.73 0.73 0.73 0.73 0.73 0.83 0.83 0.83 0.83 0.83 0.83 0.83 0.83 0.83 0.83 0.83 0.83 0.83 0.83 0.83 0.83 0.78 0.78 0.78 0.78 0.78 0.78 0.78 0.78
0.00 0.00 0.00 0.00 0.00 0.63 0.63 0.63 0.63 0.63 0.63 0.63 1.03 1.03 1.03 1.03 1.03 1.03 1.03 3.43 3.43 3.43 3.43 3.43 3.43 3.43 3.43 3.23 2.77 0.84 0.84 2.77 2.77 2.77 2.77 0.84 0.84 0.84 0.84 0.84 0.84 0.84 0.84 0.84 0.73 0.73 0.73 0.73 0.73 0.73 0.73 0.73 0.73 0.73 0.73 0.73 0.73 0.73 0.73 0.73 0.83 0.83 0.83 0.83 0.83 0.83 0.83 0.83 0.83 0.83 0.83 0.83 0.83 0.83 0.83 0.83 0.78 0.78 0.78 0.78 0.78 0.78 0.78 0.78
0.00 0.00 0.00 0.00 0.75 0.63 0.63 0.63 0.63 2.11 0.63 0.63 1.03 1.03 1.03 1.03 1.03 1.03 1.03 1.03 1.03 3.43 3.43 1.03 1.03 3.43 3.43 3.23 2.77 2.77 2.77 2.77 2.77 2.77 0.84 0.84 0.84 0.84 0.84 0.84 0.84 0.84 0.84 0.84 0.73 0.73 0.73 0.73 0.73 0.73 0.73 0.73 0.73 0.73 0.73 0.73 0.73 0.73 0.73 0.73 0.83 0.83 0.83 0.83 0.83 0.83 0.83 0.83 0.83 0.83 0.83 0.83 0.83 0.83 0.83 0.83 0.78 0.78 0.78 0.78 2.47 0.78 0.78 0.78
0.00 0.00 0.00 0.75 0.75 0.63 0.63 0.63 2.11 2.11 0.63 0.63 1.03 1.03 1.03 1.03 1.03 1.03 1.03 1.03 1.03 1.03 1.03 1.03 1.03 1.03 3.43 3.23 2.77 2.77 2.77 2.77 2.77 2.77 2.77 0.84 0.84 0.84 0.84 0.84 0.84 0.84 0.84 0.84 0.73 0.73 0.73 0.73 0.73 0.73 0.73 0.73 0.73 0.73 0.73 0.73 0.73 0.73 0.73 0.73 0.83 0.83 0.83 0.83 0.83 0.83 0.83 0.83 0.83 0.83 0.83 0.83 0.83 0.83 0.83 0.83 0.78 0.78 0.78 0.78 0.78 0.78 0.78 0.78
0.00 0.00 0.00 0.75 0.63 0.63 0.63 2.11 2.11 2.11 2.11 0.63 1.03 1.03 1.03 1.03 1.03 1.03 1.03 1.03 1.03 1.03 1.03 1.03 1.03 1.03 1.03 3.23 2.77 2.77 2.77 2.77 2.77 2.77 2.77 2.77 0.84 0.84 0.84 0.84 0.84 0.84 0.84 0.84 0.73 0.73 0.73 0.73 0.73 0.73 0.73 0.73 0.73 0.73 0.73 0.73 0.73 0.73 0.73 0.73 0.83 0.83 0.83 0.83 0.83 0.83 0.83 0.83 0.83 0.83 0.83 0.83 0.83 0.83 0.83 0.83 0.78 0.78 0.78 0.78 0.78 0.78 2.37 0.78
0.00 0.00 0.00 0.75 2.49 2.49 0.63 1.92 1.92 1.92 0.63 0.63 1.03 1.03 1.03 1.03 1.03 1.03 1.03 1.03 1.03 1.03 1.03 1.03 1.03 1.03 1.03 1.03 0.84 0.84 2.77 2.77 2.77 2.77 2.77 2.77 0.84 0.84 0.84 0.84 0.84 0.84 0.84 0.84 0.73 0.73 0.73 0.73 0.73 0.73 0.73 0.73 0.73 0.73 0.73 0.73 0.73 0.73 0.73 0.73 0.83 0.83 0.83 0.83 0.83 0.83 0.83 0.83 0.83 0.83 0.83 0.83 0.83 0.83 0.83 3.27 3.07 3.07 3.07 3.07 1.14 2.37 2.37 2.60
0.00 0.00 0.75 1.86 1.86 1.86 2.49 2.49 2.11 0.63 0.63 0.63 1.03 1.03 1.03 1.03 1.03 1.03 1.03 1.03 1.03 1.03 1.03 1.03 1.03 1.03 1.03 1.03 0.84 0.84 0.84 2.77 0.84 2.77 0.84 2.77 0.84 0.84 0.84 0.84 0.84 0.84 0.84 0.84 0.73 0.73 0.73 0.73 0.73 0.73 0.73 0.73 0.73 0.73 0.73 0.73 0.73 0.73 0.73 0.73 0.83 0.83 0.83 0.83 0.83 0.83 0.83 0.83 0.83 0.83 0.83 0.83 0.83 0.83 0.83 0.83 0.78 3.07 3.07 3.07 2.37 2.37 2.37 2.60
0.00 0.00 2.32 1.78 1.78 2.32 2.32 2.32 0.59 0.59 0.59 0.59 0.97 0.97 0.97 0.97 0.97 0.97 0.97 0.97 0.97 0.97 0.97 0.97 0.97 0.97 0.97 0.97 0.84 0.84 0.84 0.84 0.84 0.84 0.84 2.76 0.84 0.84 0.84 0.84 0.84 0.84 0.84 0.84 0.92 0.92 0.92 0.92 0.92 0.92 0.92 0.92 0.92 0.92 0.92 0.92 0.92 0.92 0.92 0.92 0.82 0.82 0.82 0.82 0.82 0.82 0.82 0.82 0.82 0.82 0.82 0.82 0.82 0.82 0.82 0.82 0.55 0.55 0.55 2.17 1.88 2.17 2.17 1.88
0.00 0.00 0.70 2.32 1.78 1.79 0.87 0.59 1.97 0.59 0.59 0.59 0.97 0.97 0.97 0.97 0.97 0.97 0.97 0.97 0.97 0.97 0.97 0.97 0.97 0.97 0.97 0.97 0.84 0.84 0.84 0.84 0.84 0.84 0.84 2.76 0.84 0.84 0.84 0.84 0.84 0.84 0.84 0.84 0.92 0.92 0.92 0.92 0.92 0.92 0.92 0.92 0.92 0.92 0.92 0.92 0.92 0.92 0.92 0.92 0.82 0.82 0.82 0.82 0.82 0.82 0.82 0.82 0.82 0.82 0.82 0.82 0.82 0.82 0.82 0.82 0.55 0.55 0.55 1.67 2.17 2.17 2.17 0.00
0.00 0.00 0.70 0.70 2.32 0.59 0.59 0.59 0.59 0.59 0.59 0.59 0.97 0.97 0.97 0.97 0.97 0.97 0.97 0.97 0.97 0.97 0.97 0.97 0.97 0.97 0.97 0.97 0.84 1.23 0.84 0.84 0.84 0.84 0.84 0.84 0.84 0.84 0.84 0.84 0.84 0.84 0.84 0.84 0.92 0.92 0.92 0.92 0.92 0.92 0.92 0.92 0.92 0.92 0.92 0.92 0.92 0.92 0.92 0.92 0.82 0.82 0.82 0.82 0.82 0.82 0.82 0.82 0.82 0.82 0.82 0.82 0.82 0.82 0.82 0.82 0.55 0.55 0.55 2.17 2.17 2.17 2.17 0.00
0.00 0.00 0.70 2.32 2.32 0.59 0.59 0.59 0.59 0.59 0.59 0.59 0.97 0.97 0.97 0.97 0.97 0.97 0.97 0.97 0.97 0.97 0.97 0.97 0.97 0.97 0.97 0.97 0.84 1.23 0.84 0.84 0.84 0.84 0.84 0.84 0.84 0.84 0.84 0.84 0.84 0.84 0.84 0.84 0.92 0.92 0.92 0.92 0.92 0.92 0.92 0.92 0.92 0.92 0.92 0.92 0.92 0.92 0.92 0.92 0.82 0.82 0.82 0.82 0.82 0.82 0.82 0.82 0.82 0.82 0.82 0.82 0.82 0.82 0.82 0.82 0.55 0.55 0.55 2.17 1.88 1.88 0.00 0.00
0.00 0.00 0.00 2.32 0.70 1.78 1.79 1.79 0.59 0.59 0.59 0.59 0.97 0.97 0.97 1.43 1.43 0.97 0.97 0.97 0.97 0.97 0.97 0.97 0.97 0.97 0.97 0.97 0.84 0.84 0.84 0.84 0.84 0.84 0.84 0.84 0.84 0.84 0.84 0.84 0.84 0.84 0.84 0.84 0.92 0.92 0.92 0.92 0.92 0.92 0.92 0.92 0.92 0.92 0.92 0.92 0.92 0.92 0.92 0.92 0.82 0.82 0.82 0.82 0.82 0.82 0.82 0.82 0.82 0.82 0.82 0.82 0.82 0.82 0.82 0.82 0.55 0.55 0.55 2.17 1.88 1.88 0.00 0.00
0.00 0.00 0.00 2.32 0.70 1.78 2.32 1.79 0.59 0.59 0.59 0.59 0.97 0.97 0.97 0.97 0.97 0.97 0.97 0.97 0.97 0.97 0.97 0.97 0.97 0.97 0.97 0.97 0.84 0.84 0.84 0.84 0.84 0.84 0.84 0.84 0.84 0.84 0.84 0.84 0.84 0.84 0.84 0.84 0.92 0.92 0.92 0.92 0.92 0.92 0.92 0.92 0.92 0.92 0.92 0.92 0.92 0.92 0.92 0.92 0.82 0.82 0.82 0.82 0.82 0.82 0.82 0.82 0.82 0.82 0.82 0.82 0.82 0.82 0.82 0.82 0.55 0.55 0.55 1.67 1.88 2.17 0.00 0.00
