New_Model_Runs/13_Future_RCP4.5_Scn3_out/post_prcessed_with_MFR/Monthly_summaries/actual_et_monthly_OCT.asc
NCOLS 700
NROWS 400
XLLCENTER 515000.000000
YLLCENTER 8409000.000000
CELLSIZE 50.000000
NODATA_value -999.000000
[rows 266 to 303 of 400, columns 252 to 335 of 700]
3.45 3.45 3.48 3.48 3.53 3.53 3.70 3.70 3.70 3.53 3.09 4.40 4.40 4.40 4.40 4.40 4.40 4.40 4.40 4.40 4.35 3.05 4.23 4.23 4.76 4.85 4.85 3.48 4.85 3.99 3.99 3.99 3.99 4.90 4.90 4.90 3.76 4.53 4.53 4.53 4.53 4.53 4.53 3.76 4.53 1.69 1.69 4.53 4.53 4.53 4.53 4.53 4.70 3.86 4.70 4.70 3.86 4.70 4.70 4.70 3.86 4.70 4.70 4.70 4.70 4.70 4.70 4.70 3.65 0.00 0.00 0.00 0.00 3.65 1.31 4.37 4.37 3.65 3.65 1.31 4.37 0.00 0.00 0.00
3.45 3.48 3.48 3.48 3.53 3.70 3.70 3.70 3.70 3.70 4.40 4.24 4.40 3.53 4.24 4.40 4.40 4.40 4.40 4.40 4.19 3.05 4.23 4.23 4.23 3.48 3.48 4.85 3.99 3.99 4.90 4.90 4.90 4.90 4.90 4.90 4.53 3.76 3.76 4.53 4.53 4.53 4.53 3.76 3.76 1.15 1.15 3.65 4.53 1.15 1.15 3.84 4.70 3.86 3.86 4.70 3.86 4.70 4.70 4.70 4.70 4.70 4.70 4.70 4.70 4.70 4.70 4.70 3.65 0.00 0.00 0.00 0.00 4.37 1.31 1.31 3.65 3.65 4.37 0.00 0.00 0.00 0.00 0.00
3.45 3.48 3.48 4.34 3.70 3.70 3.70 3.70 3.53 3.70 4.24 4.40 3.53 3.53 4.40 3.53 3.09 4.40 4.24 4.40 4.23 3.05 3.05 3.05 3.05 3.48 3.48 3.99 3.99 4.90 4.90 1.25 3.99 3.99 4.90 4.90 4.53 4.53 3.76 4.53 4.53 3.76 4.53 3.76 4.53 4.53 4.53 4.53 1.15 1.15 1.15 1.15 4.70 4.70 4.70 3.86 4.70 4.70 3.86 3.86 3.86 4.70 4.70 4.70 4.70 4.70 4.70 3.86 4.37 0.00 0.00 0.00 4.37 1.31 3.65 3.65 4.37 4.37 0.00 0.00 0.00 0.00 0.00 0.00
3.48 3.48 3.48 3.48 3.53 3.53 3.70 4.24 4.19 3.53 4.40 3.70 3.53 3.53 3.53 3.53 4.24 4.40 4.40 3.53 3.68 4.23 2.63 4.39 4.39 3.05 4.90 4.90 3.99 4.90 4.90 4.90 3.99 4.90 3.99 3.99 3.76 4.53 4.53 4.53 3.76 3.76 3.76 3.76 3.76 3.76 1.69 3.49 3.49 1.15 1.15 1.69 4.70 4.70 4.70 3.86 3.86 3.86 3.86 3.86 3.86 3.86 3.86 4.70 4.70 4.70 4.70 3.86 4.37 0.00 4.37 1.31 3.65 3.65 4.37 4.37 4.37 0.00 0.00 0.00 0.00 0.00 0.00 0.00
3.48 3.48 3.48 3.48 4.36 4.19 3.66 3.66 3.66 3.70 4.24 4.40 4.24 4.40 4.40 3.09 4.24 4.24 4.24 4.40 3.68 4.23 4.23 4.23 4.39 4.39 4.90 3.99 4.90 4.90 3.78 4.90 4.90 4.90 4.90 4.90 4.53 4.53 4.53 3.76 3.76 3.76 3.76 4.53 4.53 1.15 4.53 3.49 3.65 1.15 1.15 1.69 4.70 4.70 4.70 3.86 3.86 3.86 3.86 3.86 4.70 3.86 3.86 4.70 4.70 3.86 3.86 4.70 4.37 4.37 3.65 3.65 3.65 4.37 0.00 0.00 4.37 4.37 0.00 0.00 0.00 0.00 0.00 0.00
3.48 3.48 3.48 4.30 3.50 3.50 3.50 4.19 4.19 4.40 4.40 3.09 4.24 4.24 4.40 4.40 1.26 1.26 1.26 1.26 4.39 4.39 4.23 4.23 4.23 4.90 3.99 3.99 4.90 4.90 4.90 4.90 4.90 3.99 4.90 3.99 3.76 3.76 4.53 3.76 3.76 4.53 4.53 4.53 4.53 1.15 3.76 4.53 4.53 4.53 1.15 1.69 4.70 3.86 3.86 3.86 3.86 4.70 4.70 3.86 3.86 4.70 4.70 3.86 3.86 4.70 4.70 4.70 3.65 3.65 3.65 4.37 0.00 0.00 0.00 0.00 0.00 0.00 0.00 0.00 0.00 0.00 0.00 0.00
3.48 3.48 4.14 3.45 3.66 3.66 3.66 4.36 4.40 4.40 3.09 3.09 3.09 3.09 4.40 4.40 4.40 1.26 4.40 4.40 4.39 4.39 4.39 3.05 4.39 4.90 3.99 3.99 3.99 4.90 3.99 4.90 4.90 3.99 3.78 4.90 3.76 3.76 4.53 4.53 4.53 3.49 4.53 4.53 4.53 4.53 4.53 4.53 4.53 4.53 4.53 4.53 4.70 3.86 3.86 3.86 4.70 4.70 3.86 3.86 3.86 4.70 3.86 3.86 4.70 4.70 3.86 3.86 3.65 4.37 1.31 0.00 0.00 0.00 0.00 0.00 0.00 0.00 0.00 0.00 0.00 0.00 0.00 0.00
3.48 4.14 3.61 3.45 3.66 3.66 3.66 3.53 4.40 4.40 4.40 4.40 4.40 4.40 4.40 4.40 1.26 4.40 3.09 3.56 4.39 4.39 4.23 4.23 4.90 4.90 4.90 4.90 4.90 4.90 4.90 4.90 4.90 3.99 3.78 3.78 4.53 4.53 4.53 4.53 3.76 1.15 1.15 1.15 1.15 4.53 4.53 3.76 4.53 4.53 4.53 4.53 4.70 3.86 3.86 3.86 4.70 4.70 3.86 4.70 3.86 3.86 4.70 4.70 3.86 3.86 3.86 4.70 4.37 0.00 0.00 0.00 0.00 0.00 0.00 0.00 0.00 0.00 0.00 0.00 0.00 0.00 0.00 0.00
4.16 3.64 3.64 3.64 4.28 4.11 4.16 3.46 3.46 4.32 4.16 4.16 4.32 4.32 4.32 4.32 4.32 3.03 4.32 1.23 1.22 4.17 3.01 4.33 1.22 4.81 4.81 1.22 1.22 3.71 4.81 4.81 4.81 4.81 3.71 4.81 4.62 4.62 4.62 4.62 4.62 1.17 1.17 1.17 1.72 4.62 4.62 3.82 4.62 3.72 3.72 4.62 2.77 2.48 2.77 2.48 2.48 2.77 2.48 2.48 2.77 2.77 2.77 2.48 2.48 2.48 2.77 2.77 0.00 0.00 0.00 0.00 0.00 0.00 0.00 0.00 0.00 0.00 0.00 0.00 0.00 0.00 0.00 0.00
4.16 3.64 3.64 4.33 4.11 4.11 4.16 4.16 4.32 4.16 4.16 4.16 4.16 4.16 4.16 4.16 4.32 4.16 4.36 1.23 1.22 4.33 4.33 4.81 4.07 4.81 4.81 3.94 3.94 4.81 4.81 4.81 3.94 4.81 3.71 4.81 3.56 4.62 4.62 3.56 1.17 1.72 3.92 3.92 3.56 4.62 4.62 3.72 3.72 4.62 4.62 4.62 2.77 2.48 2.48 2.77 2.77 2.48 2.77 2.77 2.77 2.48 2.48 2.48 2.77 2.77 0.70 2.35 0.00 0.00 0.00 0.00 0.00 0.00 0.00 0.00 0.00 0.00 0.00 0.00 0.00 0.00 0.00 0.00
4.16 4.16 4.33 4.33 4.11 3.59 4.32 4.32 4.16 4.16 4.32 4.32 4.16 4.16 4.16 4.16 4.32 4.20 4.20 4.36 4.33 4.33 3.64 4.81 4.81 4.81 4.81 4.81 3.94 3.94 4.81 4.81 4.81 4.81 4.81 4.81 4.62 4.62 4.62 4.62 4.62 4.62 1.72 4.62 4.62 4.62 4.62 4.62 4.62 4.62 4.62 4.62 2.77 2.77 2.77 2.48 2.48 2.77 2.77 2.48 2.48 2.48 2.77 2.77 0.70 2.35 2.35 2.77 0.00 0.00 0.00 0.00 0.00 0.00 0.00 0.00 0.00 0.00 0.00 0.00 0.00 0.00 0.00 0.00
3.64 4.33 3.07 3.64 3.59 4.28 4.32 4.32 3.46 4.32 4.32 4.16 4.16 3.46 4.32 4.32 3.46 3.46 4.16 4.32 4.33 4.33 3.71 4.81 4.81 4.81 4.81 3.94 3.94 3.94 3.94 4.81 4.81 4.81 4.81 4.81 4.62 4.62 4.62 4.62 4.62 4.62 4.62 3.82 4.62 4.62 4.62 4.62 4.62 4.62 4.62 3.82 2.48 2.48 2.48 2.48 2.77 2.48 2.48 2.48 2.77 2.77 2.35 2.35 2.77 2.77 2.77 0.00 0.00 0.00 0.00 0.00 0.00 0.00 0.00 0.00 0.00 0.00 0.00 0.00 0.00 0.00 0.00 0.00
3.47 3.47 3.47 3.47 3.43 4.28 4.28 4.11 4.28 4.32 4.16 4.32 1.23 1.23 4.32 3.03 4.16 4.32 4.32 4.32 4.29 4.81 3.71 4.81 4.81 3.94 4.81 3.94 3.94 3.94 3.94 3.94 4.81 4.81 4.81 4.81 3.82 3.82 4.62 4.62 4.62 3.82 4.62 4.62 4.62 4.62 4.62 4.62 4.62 3.82 3.82 4.62 2.77 2.77 2.77 2.48 2.48 2.48 2.48 2.77 2.35 2.35 2.77 0.00 0.00 0.00 0.00 0.00 0.00 0.00 0.00 0.00 0.00 0.00 0.00 0.00 0.00 0.00 0.00 0.00 0.00 0.00 0.00 0.00
4.33 4.16 4.33 4.33 4.28 4.28 3.46 3.46 4.32 4.32 3.46 3.46 1.23 3.46 4.32 4.32 4.32 4.32 3.46 4.16 4.29 4.81 3.71 4.81 4.81 3.94 4.81 3.94 4.81 4.81 4.81 4.81 4.81 4.81 4.81 4.81 4.62 3.82 3.82 4.62 4.62 3.82 4.62 4.62 4.62 4.62 4.62 3.82 3.82 4.62 4.62 4.62 2.77 2.77 2.48 2.48 2.48 2.77 2.77 2.35 2.35 2.77 0.00 0.00 0.00 0.00 0.00 0.00 0.00 0.00 0.00 0.00 0.00 0.00 0.00 0.00 0.00 0.00 0.00 0.00 0.00 0.00 0.00 0.00
4.33 4.33 4.33 3.47 4.28 4.28 4.32 3.03 3.03 4.28 4.28 3.46 3.46 4.11 4.32 3.03 4.32 3.62 3.62 4.32 4.81 4.81 4.81 3.94 4.81 4.81 4.81 3.94 4.81 4.81 4.81 3.94 3.94 3.94 4.81 4.81 4.62 3.82 3.82 4.62 3.82 3.82 3.82 4.62 4.62 4.62 3.82 3.82 4.62 4.62 4.62 4.62 2.48 2.48 2.48 2.48 2.77 2.77 2.23 2.77 2.77 0.00 0.00 0.00 0.00 0.00 0.00 0.00 0.00 0.00 0.00 0.00 0.00 0.00 0.00 0.00 0.00 0.00 0.00 0.00 0.00 0.00 0.00 0.00
1.25 3.47 3.47 4.33 4.16 4.16 4.32 4.32 3.03 3.02 4.28 4.32 1.80 4.28 4.16 4.16 4.32 1.80 4.16 4.16 4.81 3.94 3.94 4.81 4.81 4.81 3.94 3.94 3.94 3.71 4.81 3.94 4.81 3.94 4.81 4.81 4.62 3.92 4.62 4.62 3.82 3.82 3.82 4.62 3.82 3.82 4.62 4.62 4.62 4.62 3.82 3.82 2.48 2.48 2.77 2.77 0.00 0.00 0.00 0.00 0.00 0.00 0.00 0.00 0.00 0.00 0.00 0.00 0.00 0.00 0.00 0.00 0.00 0.00 0.00 0.00 0.00 0.00 0.00 0.00 0.00 0.00 0.00 0.00
4.33 3.47 3.47 4.16 4.16 4.32 4.32 4.28 3.02 4.11 4.28 3.02 1.80 1.80 3.43 4.32 4.32 3.03 4.16 4.84 4.81 3.94 4.81 4.81 3.94 4.81 4.81 3.94 4.81 3.71 4.81 4.81 3.94 3.94 4.81 4.81 3.82 3.56 4.62 4.62 3.56 4.62 4.62 4.62 3.82 3.82 3.82 4.62 4.62 3.82 3.82 3.82 2.77 2.77 0.00 0.00 0.00 0.00 0.00 0.00 0.00 0.00 0.00 0.00 0.00 0.00 0.00 0.00 0.00 0.00 0.00 0.00 0.00 0.00 0.00 0.00 0.00 0.00 0.00 0.00 0.00 0.00 0.00 0.00
3.47 3.47 4.16 4.16 4.11 3.46 4.32 4.28 4.11 4.11 4.28 4.28 3.43 3.43 3.46 4.32 4.32 4.32 4.32 3.98 4.81 4.81 4.81 4.81 4.81 3.94 4.81 4.81 4.81 3.71 3.71 4.81 4.81 4.81 3.94 4.81 4.62 3.56 3.56 4.62 4.62 4.62 4.62 4.62 4.62 3.82 3.82 3.82 3.82 3.82 4.62 4.62 2.77 0.00 0.00 0.00 0.00 0.00 0.00 0.00 0.00 0.00 0.00 0.00 0.00 0.00 0.00 0.00 0.00 0.00 0.00 0.00 0.00 0.00 0.00 0.00 0.00 0.00 0.00 0.00 0.00 0.00 0.00 0.00
3.47 3.47 3.47 4.16 4.11 4.11 4.11 4.11 4.11 4.11 4.11 4.28 4.28 3.58 3.46 4.32 3.03 3.03 3.98 3.98 4.81 4.81 4.81 4.81 4.81 3.94 4.81 4.81 4.81 4.81 3.94 4.81 4.81 4.81 4.81 4.81 4.62 4.62 4.62 4.62 4.62 4.62 4.62 4.62 4.62 3.82 3.82 3.82 4.62 4.62 3.92 0.00 0.00 0.00 0.00 0.00 0.00 0.00 0.00 0.00 0.00 0.00 0.00 0.00 0.00 0.00 0.00 0.00 0.00 0.00 0.00 0.00 0.00 0.00 0.00 0.00 0.00 0.00 0.00 0.00 0.00 0.00 0.00 0.00
4.16 4.16 3.47 4.16 4.11 4.11 4.11 4.11 4.11 3.58 4.11 4.11 4.28 4.28 4.28 4.32 4.16 4.16 4.84 4.84 3.71 4.81 4.81 4.81 4.81 4.81 3.87 3.94 4.81 4.81 4.81 3.94 4.81 4.81 4.81 4.81 3.82 4.62 4.62 4.62 3.82 3.82 4.62 3.82 3.82 3.82 4.62 4.62 3.92 4.62 0.00 0.00 0.00 0.00 0.00 0.00 0.00 0.00 0.00 0.00 0.00 0.00 0.00 0.00 0.00 0.00 0.00 0.00 0.00 0.00 0.00 0.00 0.00 0.00 0.00 0.00 0.00 0.00 0.00 0.00 0.00 0.00 0.00 0.00
4.38 4.16 4.16 4.16 4.11 4.11 4.11 4.11 4.11 4.11 4.11 4.11 4.11 3.59 4.28 3.03 4.16 4.84 4.84 4.84 3.71 3.71 4.07 4.07 4.81 4.81 4.81 4.81 3.94 4.81 3.71 3.94 3.94 4.81 4.81 4.81 4.62 4.62 4.62 3.82 3.82 3.82 3.82 3.82 3.82 4.62 4.62 3.92 0.00 0.00 0.00 0.00 0.00 0.00 0.00 0.00 0.00 0.00 0.00 0.00 0.00 0.00 0.00 0.00 0.00 0.00 0.00 0.00 0.00 0.00 0.00 0.00 0.00 0.00 0.00 0.00 0.00 0.00 0.00 0.00 0.00 0.00 0.00 0.00
4.38 4.38 4.16 4.16 4.11 4.11 4.11 4.11 4.11 4.11 4.11 4.11 4.11 4.11 3.43 4.11 4.32 4.84 4.84 4.84 4.81 3.71 3.71 4.07 4.07 4.81 3.71 3.94 4.81 4.81 3.71 4.81 4.81 4.81 4.81 4.81 4.62 4.62 4.62 3.82 3.82 3.82 3.82 4.62 4.62 4.62 3.82 3.92 0.00 0.00 0.00 0.00 0.00 0.00 0.00 0.00 0.00 0.00 0.00 0.00 0.00 0.00 0.00 0.00 0.00 0.00 0.00 0.00 0.00 0.00 0.00 0.00 0.00 0.00 0.00 0.00 0.00 0.00 0.00 0.00 0.00 0.00 0.00 0.00
4.38 4.38 4.16 4.16 4.11 4.11 4.11 4.11 4.11 4.11 4.11 4.11 4.11 4.11 4.28 4.28 3.73 3.73 3.73 4.84 4.81 3.94 4.81 4.81 4.81 4.81 4.07 3.94 3.94 4.81 4.81 4.81 4.81 4.81 4.81 4.81 4.62 4.62 3.82 3.82 3.82 4.62 4.62 4.62 4.62 4.62 1.72 3.92 4.62 0.00 0.00 0.00 0.00 0.00 0.00 0.00 0.00 0.00 0.00 0.00 0.00 0.00 0.00 0.00 0.00 0.00 0.00 0.00 0.00 0.00 0.00 0.00 0.00 0.00 0.00 0.00 0.00 0.00 0.00 0.00 0.00 0.00 0.00 0.00
4.16 4.16 4.16 4.16 4.11 4.11 4.11 4.11 4.11 4.11 4.11 4.11 4.11 4.11 4.28 4.11 3.73 3.73 4.84 4.84 4.81 4.81 3.71 4.81 4.81 3.94 4.81 4.81 3.71 4.81 4.81 4.81 4.81 4.81 4.81 4.81 4.62 4.62 4.62 4.62 4.62 4.62 4.62 4.62 4.62 4.62 4.62 3.82 4.62 0.00 0.00 0.00 0.00 0.00 0.00 0.00 0.00 0.00 0.00 0.00 0.00 0.00 0.00 0.00 0.00 0.00 0.00 0.00 0.00 0.00 0.00 0.00 0.00 0.00 0.00 0.00 0.00 0.00 0.00 0.00 0.00 0.00 0.00 0.00
4.11 4.11 4.11 4.11 4.13 4.13 4.13 4.13 4.13 4.13 4.13 3.59 4.13 4.13 3.59 4.86 4.86 4.86 4.86 4.86 4.76 3.67 3.67 4.76 4.76 4.76 4.76 4.76 4.76 4.76 4.76 4.76 4.76 4.76 4.76 4.76 4.55 4.55 4.55 4.55 4.55 4.55 3.78 3.78 4.55 4.55 4.55 4.55 4.55 0.00 0.00 0.00 0.00 0.00 0.00 0.00 0.00 0.00 0.00 0.00 0.00 0.00 0.00 0.00 0.00 0.00 0.00 0.00 0.00 0.00 0.00 0.00 0.00 0.00 0.00 0.00 0.00 0.00 0.00 0.00 0.00 0.00 0.00 0.00
4.11 4.11 4.11 4.11 4.13 4.13 4.13 4.13 4.29 4.13 4.13 4.13 4.13 4.13 4.13 4.86 4.86 4.86 3.99 3.99 3.67 3.67 3.67 3.67 4.76 4.76 3.91 3.91 1.21 1.21 1.21 4.76 4.76 4.76 4.76 4.76 4.55 4.55 4.55 4.55 4.55 4.55 3.78 4.55 4.55 4.55 4.55 4.55 4.55 0.00 0.00 0.00 0.00 0.00 0.00 0.00 0.00 0.00 0.00 0.00 0.00 0.00 0.00 0.00 0.00 0.00 0.00 0.00 0.00 0.00 0.00 0.00 0.00 0.00 0.00 0.00 0.00 0.00 0.00 0.00 0.00 0.00 0.00 0.00
4.11 4.11 4.11 4.11 4.13 4.13 4.13 4.13 4.13 4.13 4.13 4.13 4.13 4.13 4.86 4.86 4.86 3.99 3.99 4.86 4.76 4.76 3.67 3.67 4.76 3.91 4.76 4.76 4.76 4.76 1.21 4.76 4.76 4.76 4.76 4.76 4.55 4.55 4.55 4.55 4.55 4.55 4.55 4.55 4.55 4.55 4.55 4.55 4.55 0.00 0.00 0.00 0.00 0.00 0.00 0.00 0.00 0.00 0.00 0.00 0.00 0.00 0.00 0.00 0.00 0.00 0.00 0.00 0.00 0.00 0.00 0.00 0.00 0.00 0.00 0.00 0.00 0.00 0.00 0.00 0.00 0.00 0.00 0.00
4.11 4.11 4.11 1.79 4.13 4.13 4.13 1.24 4.13 4.13 4.13 4.13 4.13 4.13 4.86 4.86 3.75 3.75 4.86 4.86 4.76 4.76 4.03 3.67 3.67 4.76 3.67 3.67 1.21 3.91 3.91 4.76 4.76 4.76 4.76 4.76 4.55 4.55 4.55 4.55 4.55 4.55 1.16 1.16 4.55 1.16 1.16 4.55 4.55 0.00 0.00 0.00 0.00 0.00 0.00 0.00 0.00 0.00 0.00 0.00 0.00 0.00 0.00 0.00 0.00 0.00 0.00 0.00 0.00 0.00 0.00 0.00 0.00 0.00 0.00 0.00 0.00 0.00 0.00 0.00 0.00 0.00 0.00 0.00
4.11 4.11 4.11 4.11 4.13 4.13 4.13 4.13 4.13 4.13 4.13 4.13 4.13 4.86 4.86 4.86 4.86 4.86 3.99 4.86 4.76 4.76 3.67 3.67 3.67 4.76 4.76 3.67 4.76 4.76 4.76 4.76 4.76 4.76 4.76 4.76 4.55 4.55 4.55 4.55 4.55 4.55 1.16 1.16 1.16 1.16 1.16 1.16 4.55 0.00 0.00 0.00 0.00 0.00 0.00 0.00 0.00 0.00 0.00 0.00 0.00 0.00 0.00 0.00 0.00 0.00 0.00 0.00 0.00 0.00 0.00 0.00 0.00 0.00 0.00 0.00 0.00 0.00 0.00 0.00 0.00 0.00 0.00 0.00
4.11 4.11 4.11 4.11 4.13 4.13 4.13 4.13 4.13 4.13 4.13 4.29 3.60 3.75 3.75 4.86 3.75 4.86 3.91 4.86 4.76 4.76 3.67 3.67 3.67 4.76 4.76 3.67 4.76 3.67 3.67 3.67 4.76 4.76 4.76 4.76 4.55 3.51 4.55 4.55 4.55 3.51 4.55 3.78 1.16 1.16 1.16 1.16 1.70 0.00 0.00 0.00 0.00 0.00 0.00 0.00 0.00 0.00 0.00 0.00 0.00 0.00 0.00 0.00 0.00 0.00 0.00 0.00 0.00 0.00 0.00 0.00 0.00 0.00 0.00 0.00 0.00 0.00 0.00 0.00 0.00 0.00 0.00 0.00
4.11 4.11 4.11 4.11 4.13 4.13 4.13 4.13 4.13 4.13 3.44 3.44 3.75 1.24 3.75 4.86 3.75 3.75 4.86 4.86 4.76 4.76 3.91 3.67 4.76 3.91 3.91 4.76 4.76 4.03 3.67 3.67 3.67 4.76 4.76 4.76 3.51 3.51 3.51 3.51 4.55 3.51 4.55 1.16 1.16 1.16 1.16 3.85 0.00 4.55 0.00 0.00 0.00 0.00 0.00 0.00 0.00 0.00 0.00 0.00 0.00 0.00 0.00 0.00 0.00 0.00 0.00 0.00 0.00 0.00 0.00 0.00 0.00 0.00 0.00 0.00 0.00 0.00 0.00 0.00 0.00 0.00 0.00 0.00
4.11 4.11 4.11 1.22 4.13 4.13 4.13 4.13 4.13 4.13 3.44 1.24 1.24 1.24 4.86 4.86 3.75 4.86 4.86 3.99 4.76 4.76 3.91 4.76 4.76 4.76 4.76 4.76 4.76 4.03 3.67 3.67 4.76 4.76 4.76 3.67 3.78 4.55 3.51 3.51 3.78 3.51 4.55 4.55 1.16 1.16 1.16 3.85 0.00 0.00 0.00 0.00 0.00 0.00 0.00 0.00 0.00 0.00 0.00 0.00 0.00 0.00 0.00 0.00 0.00 0.00 0.00 0.00 0.00 0.00 0.00 0.00 0.00 0.00 0.00 0.00 0.00 0.00 0.00 0.00 0.00 0.00 0.00 0.00
4.11 4.11 4.11 4.11 4.13 4.13 4.13 4.13 3.44 3.44 1.24 1.24 3.75 4.86 4.86 3.75 3.75 3.75 4.86 4.86 3.91 4.76 4.76 4.76 4.76 3.91 3.91 3.67 3.83 3.83 4.03 1.21 4.76 4.76 4.76 3.91 4.55 4.55 3.78 3.85 4.55 4.55 4.55 4.55 1.16 3.85 3.85 4.55 0.00 0.00 0.00 0.00 0.00 0.00 0.00 0.00 0.00 0.00 0.00 0.00 0.00 0.00 0.00 0.00 0.00 0.00 0.00 0.00 0.00 0.00 0.00 0.00 0.00 0.00 0.00 0.00 0.00 0.00 0.00 0.00 0.00 0.00 0.00 0.00
4.27 4.27 4.11 4.11 4.13 4.13 4.13 4.13 4.29 1.24 1.24 3.75 3.75 3.75 4.86 3.91 4.12 3.75 4.86 4.86 3.91 4.76 3.67 3.67 4.76 3.67 3.67 3.67 4.76 4.76 1.21 1.21 1.21 4.76 4.76 4.76 4.55 4.55 1.16 1.16 4.55 1.16 4.55 3.51 3.85 0.00 0.00 0.00 0.00 0.00 0.00 0.00 0.00 0.00 0.00 0.00 0.00 0.00 0.00 0.00 0.00 0.00 0.00 0.00 0.00 0.00 0.00 0.00 0.00 0.00 0.00 0.00 0.00 0.00 0.00 0.00 0.00 0.00 0.00 0.00 0.00 0.00 0.00 0.00
4.11 4.11 3.42 4.11 4.13 4.13 4.29 3.44 3.44 1.24 1.24 1.24 4.86 4.86 4.86 3.75 4.12 1.24 4.86 4.86 4.76 4.76 3.67 3.67 4.76 3.67 3.67 3.67 4.76 4.76 4.76 4.76 1.21 1.21 4.76 4.76 4.55 4.55 4.55 1.16 4.55 4.55 4.55 3.85 3.85 0.00 0.00 0.00 0.00 0.00 0.00 0.00 0.00 0.00 0.00 0.00 0.00 0.00 0.00 0.00 0.00 0.00 0.00 0.00 0.00 0.00 0.00 0.00 0.00 0.00 0.00 0.00 0.00 0.00 0.00 0.00 0.00 0.00 0.00 0.00 0.00 0.00 0.00 0.00
4.11 4.11 3.42 4.11 4.29 4.29 4.29 4.13 4.29 3.44 3.75 3.75 3.75 3.75 3.75 3.75 3.75 1.24 1.24 4.86 4.76 3.67 3.67 3.67 4.76 3.67 3.67 3.67 1.21 1.21 4.76 3.91 3.91 1.21 4.76 4.76 1.70 1.16 1.16 1.16 1.16 4.55 4.55 3.85 4.55 0.00 0.00 0.00 0.00 0.00 0.00 0.00 0.00 0.00 0.00 0.00 0.00 0.00 0.00 0.00 0.00 0.00 0.00 0.00 0.00 0.00 0.00 0.00 0.00 0.00 0.00 0.00 0.00 0.00 0.00 0.00 0.00 0.00 0.00 0.00 0.00 0.00 0.00 0.00
4.27 1.22 1.22 1.22 3.44 4.13 4.29 3.03 4.29 3.75 3.75 3.75 4.86 4.86 3.75 3.75 1.24 1.24 1.24 4.86 3.67 3.67 3.67 3.67 4.76 4.76 3.67 1.21 1.21 3.67 3.67 3.67 3.67 4.76 4.76 4.76 1.70 1.16 1.16 3.85 3.85 4.55 4.55 4.55 4.55 0.00 0.00 0.00 0.00 0.00 0.00 0.00 0.00 0.00 0.00 0.00 0.00 0.00 0.00 0.00 0.00 0.00 0.00 0.00 0.00 0.00 0.00 0.00 0.00 0.00 0.00 0.00 0.00 0.00 0.00 0.00 0.00 0.00 0.00 0.00 0.00 0.00 0.00 0.00
4.27 1.22 1.22 3.42 3.44 3.44 4.13 4.29 4.13 3.75 3.75 4.86 3.99 3.75 3.75 3.75 3.75 3.75 3.75 1.24 3.67 3.67 4.76 4.76 3.67 3.67 1.21 1.21 3.67 3.67 4.03 1.21 1.21 4.76 4.03 4.03 4.55 3.85 3.85 4.55 4.55 0.00 0.00 0.00 0.00 0.00 0.00 0.00 0.00 0.00 0.00 0.00 0.00 0.00 0.00 0.00 0.00 0.00 0.00 0.00 0.00 0.00 0.00 0.00 0.00 0.00 0.00 0.00 0.00 0.00 0.00 0.00 0.00 0.00 0.00 0.00 0.00 0.00 0.00 0.00 0.00 0.00 0.00 0.00
