New_Model_Runs/13_Future_RCP4.5_Scn3_out/post_prcessed_with_MFR/Monthly_summaries/interception_monthly_MAY.asc
NCOLS 700
NROWS 400
XLLCENTER 515000.000000
YLLCENTER 8409000.000000
CELLSIZE 50.000000
NODATA_value -999.000000
[rows 190 to 227 of 400, columns 84 to 167 of 700]
0.00 0.00 0.00 0.00 0.00 0.00 0.00 0.00 0.00 0.00 0.00 0.00 0.00 0.00 0.00 0.00 0.00 0.00 0.00 0.00 0.00 0.00 0.00 0.00 0.00 1.52 1.52 1.52 1.58 1.58 1.58 1.58 1.62 1.62 1.62 1.62 1.67 1.67 1.67 1.67 1.65 1.65 1.65 1.65 1.63 1.63 1.63 1.63 1.62 1.62 1.62 1.62 1.64 1.64 1.64 1.64 1.68 1.68 1.68 1.68 1.78 1.78 1.78 1.78 1.82 1.82 1.82 1.82 1.76 1.76 1.76 1.76 1.79 1.79 1.79 1.79 1.81 1.81 1.81 1.81 1.57 1.57 1.57 1.57
0.00 0.00 0.00 0.00 0.00 0.00 0.00 0.00 0.00 0.00 0.00 0.00 0.00 0.00 0.00 0.00 0.00 0.00 0.00 0.00 0.00 0.00 0.00 0.00 0.00 1.52 1.52 1.26 1.30 1.58 1.58 1.58 1.62 1.62 1.62 1.62 1.67 1.67 1.67 1.67 1.65 1.65 1.65 1.65 1.63 1.63 1.63 1.63 1.62 1.62 1.62 1.62 1.64 1.64 1.64 1.64 1.68 1.68 1.68 1.68 1.78 1.78 1.78 1.78 1.82 1.82 1.82 1.82 1.76 1.76 1.76 1.76 1.79 1.79 1.79 1.79 1.81 1.81 1.81 1.81 1.57 1.57 1.57 1.57
0.00 0.00 0.00 0.00 0.00 0.00 0.00 0.00 0.00 0.00 0.00 0.00 0.00 0.00 0.00 0.00 0.00 0.00 0.00 0.00 0.00 0.00 0.00 0.00 0.00 0.00 1.48 0.00 1.27 1.27 1.54 1.54 1.60 1.60 1.60 1.60 1.68 1.68 1.68 1.68 1.69 1.69 1.69 1.69 1.66 1.66 1.66 1.66 1.63 1.63 1.63 1.63 1.67 1.67 1.67 1.67 1.71 1.71 1.71 1.71 1.82 1.82 1.82 1.82 1.82 1.82 1.82 1.82 1.78 1.78 1.78 1.78 1.77 1.77 1.77 1.77 1.62 1.62 1.62 1.62 1.47 1.47 1.47 1.47
0.00 0.00 0.00 0.00 0.00 0.00 0.00 0.00 0.00 0.00 0.00 0.00 0.00 0.00 0.00 0.00 0.00 0.00 0.00 0.00 0.00 0.00 0.00 0.00 0.00 0.00 0.00 1.48 1.27 1.27 1.54 1.54 1.60 1.60 1.60 1.60 1.68 1.68 1.68 1.68 1.69 1.69 1.69 1.69 1.66 1.66 1.66 1.66 1.63 1.63 1.63 1.63 1.67 1.67 1.67 1.67 1.71 1.71 1.71 1.71 1.82 1.82 1.82 1.82 1.82 1.82 1.82 1.82 1.78 1.78 1.78 1.78 1.77 1.77 1.77 1.77 1.62 1.62 1.62 1.62 1.47 1.47 1.47 1.47
0.00 0.00 0.00 0.00 0.00 0.00 0.00 0.00 0.00 0.00 0.00 0.00 0.00 0.00 0.00 0.00 0.00 0.00 0.00 0.00 0.00 0.00 0.00 0.00 0.00 0.00 0.00 0.00 1.61 1.61 1.61 1.61 1.69 1.69 1.69 1.69 1.77 1.77 1.77 1.77 1.78 1.78 1.78 1.78 1.75 1.75 1.75 1.75 1.71 1.71 1.71 1.71 1.76 1.76 1.76 1.76 1.81 1.81 1.81 1.81 1.93 1.93 1.93 1.93 1.93 1.93 1.93 1.93 1.88 1.88 1.88 1.88 1.88 1.88 1.88 1.88 1.70 1.70 1.70 1.70 1.52 1.52 1.52 1.52
0.00 0.00 0.00 0.00 0.00 0.00 0.00 0.00 0.00 0.00 0.00 0.00 0.00 0.00 0.00 0.00 0.00 0.00 0.00 0.00 0.00 0.00 1.63 0.00 0.00 0.00 0.00 0.00 1.61 1.61 1.61 1.61 1.69 1.69 1.69 1.69 1.77 1.77 1.77 1.77 1.78 1.78 1.78 1.78 1.75 1.75 1.75 1.75 1.71 1.71 1.71 1.71 1.76 1.76 1.76 1.76 1.81 1.81 1.81 1.81 1.93 1.93 1.93 1.93 1.93 1.93 1.93 1.93 1.88 1.88 1.88 1.88 1.88 1.88 1.88 1.88 1.70 1.70 1.70 1.70 1.52 1.52 1.52 1.52
0.00 0.00 0.00 0.00 0.00 0.00 0.00 0.00 0.00 0.00 0.00 0.00 0.00 0.00 0.00 0.00 0.00 0.00 0.00 0.00 0.00 1.62 1.62 1.62 1.55 0.00 0.00 1.55 1.59 1.59 1.59 1.59 1.66 1.66 1.66 1.66 1.74 1.74 1.74 1.74 1.78 1.78 1.78 1.78 1.79 1.79 1.79 1.79 1.77 1.77 1.77 1.77 1.84 1.84 1.84 1.84 1.87 1.87 1.87 1.87 1.93 1.93 1.93 1.93 1.91 1.91 1.91 1.91 1.86 1.86 1.86 1.86 1.69 1.69 1.69 1.69 1.51 1.51 1.51 1.51 1.49 1.49 1.49 1.49
0.00 0.00 0.00 0.00 0.00 0.00 0.00 0.00 0.00 0.00 0.00 0.00 0.00 0.00 0.00 0.00 0.00 0.00 0.00 0.00 1.62 1.62 1.62 1.62 0.00 0.00 0.00 0.00 1.59 1.59 1.59 1.59 1.66 1.66 1.66 1.66 1.74 1.74 1.74 1.74 1.78 1.78 1.78 1.78 1.79 1.79 1.79 1.79 1.77 1.77 1.77 1.77 1.84 1.84 1.84 1.84 1.87 1.87 1.87 1.87 1.93 1.93 1.93 1.93 1.91 1.91 1.91 1.91 1.86 1.86 1.86 1.86 1.69 1.69 1.69 1.69 1.51 1.51 1.51 1.51 1.49 1.49 1.49 1.49
0.00 0.00 0.00 0.00 0.00 0.00 0.00 0.00 0.00 0.00 0.00 0.00 0.00 0.00 0.00 0.00 0.00 0.00 0.00 1.63 1.62 1.62 1.62 1.33 1.29 0.00 0.00 0.00 0.00 1.59 1.59 1.59 1.66 1.66 1.66 1.66 1.74 1.74 1.74 1.74 1.78 1.78 1.78 1.78 1.79 1.79 1.79 1.79 1.77 1.77 1.77 1.77 1.84 1.84 1.84 1.84 1.87 1.87 1.87 1.87 1.93 1.93 1.93 1.93 1.91 1.91 1.91 1.91 1.86 1.86 1.86 1.86 1.69 1.69 1.69 1.69 1.51 1.51 1.51 1.51 1.49 1.49 1.49 1.49
0.00 0.00 0.00 0.00 0.00 0.00 0.00 0.00 0.00 0.00 0.00 0.00 0.00 0.00 0.00 0.00 0.00 0.00 1.63 1.63 1.62 1.62 1.62 1.62 1.55 1.55 1.55 0.00 0.00 1.59 1.59 1.59 1.66 1.66 1.66 1.66 1.74 1.74 1.74 1.74 1.78 1.78 1.78 1.78 1.79 1.79 1.79 1.79 1.77 1.77 1.77 1.77 1.84 1.84 1.84 1.84 1.87 1.87 1.87 1.87 1.93 1.93 1.93 1.93 1.91 1.91 1.91 1.91 1.86 1.86 1.86 1.86 1.69 1.69 1.69 1.69 1.51 1.51 1.51 1.51 1.49 1.49 1.49 1.49
0.00 1.46 1.46 1.46 1.40 0.00 0.00 0.00 0.00 0.00 0.00 0.00 0.00 0.00 0.00 1.32 1.38 1.38 1.38 1.65 1.67 1.67 1.67 1.67 1.61 1.61 1.61 0.00 1.62 1.62 1.62 1.62 1.66 1.66 1.66 1.66 1.69 1.69 1.69 1.69 1.72 1.72 1.72 1.72 1.83 1.83 1.83 1.83 1.87 1.87 1.87 1.87 1.89 1.89 1.89 1.89 1.86 1.86 1.86 1.86 1.87 1.87 1.87 1.87 1.87 1.87 1.87 1.87 1.76 1.76 1.76 1.76 1.53 1.53 1.53 1.53 1.48 1.48 1.48 1.48 1.55 1.55 1.55 1.55
0.00 0.00 1.46 1.46 1.40 0.00 0.00 0.00 0.00 0.00 0.00 0.00 0.00 0.00 1.32 1.32 1.38 1.38 1.38 1.38 1.39 1.39 1.39 1.67 1.61 1.61 1.61 1.61 1.62 1.62 1.62 1.62 1.66 1.66 1.66 1.66 1.69 1.69 1.69 1.69 1.72 1.72 1.72 1.72 1.83 1.83 1.83 1.83 1.87 1.87 1.87 1.87 1.89 1.89 1.89 1.89 1.86 1.86 1.86 1.86 1.87 1.87 1.87 1.87 1.87 1.87 1.87 1.87 1.76 1.76 1.76 1.76 1.53 1.53 1.53 1.53 1.48 1.48 1.48 1.48 1.55 1.55 1.55 1.55
0.00 1.46 1.46 1.46 1.40 1.40 0.00 0.00 0.00 0.00 0.00 0.00 0.00 1.32 1.32 1.32 1.38 1.38 1.38 0.00 1.39 1.39 1.39 1.39 1.33 1.33 1.33 1.61 1.62 1.62 1.62 1.62 1.66 1.66 1.66 1.66 1.69 1.69 1.69 1.69 1.72 1.72 1.72 1.72 1.83 1.83 1.83 1.83 1.87 1.87 1.87 1.87 1.89 1.89 1.89 1.89 1.86 1.86 1.86 1.86 1.87 1.87 1.87 1.87 1.87 1.87 1.87 1.87 1.76 1.76 1.76 1.76 1.53 1.53 1.53 1.53 1.48 1.48 1.48 1.48 1.55 1.55 1.55 1.55
1.46 1.46 1.46 1.46 1.40 1.40 0.00 0.00 0.00 0.00 0.00 0.00 0.00 0.00 1.32 1.32 1.38 1.38 1.38 1.38 1.39 1.39 1.39 1.39 1.33 1.33 1.33 1.33 1.33 1.33 1.62 1.62 1.66 1.66 1.66 1.66 1.69 1.69 1.69 1.69 1.72 1.72 1.72 1.72 1.83 1.83 1.83 1.83 1.87 1.87 1.87 1.87 1.89 1.89 1.89 1.89 1.86 1.86 1.86 1.86 1.87 1.87 1.87 1.87 1.87 1.87 1.87 1.87 1.76 1.76 1.76 1.76 1.53 1.53 1.53 1.53 1.48 1.48 1.48 1.48 1.55 1.55 1.55 1.55
1.50 1.50 1.50 1.50 1.42 1.42 1.42 0.00 0.00 0.00 0.00 0.00 0.00 0.00 1.28 1.28 1.36 1.36 1.36 1.36 1.42 1.42 1.42 1.42 1.42 1.42 1.42 1.42 1.45 1.45 1.45 1.45 1.45 1.45 1.74 1.74 1.71 1.71 1.71 1.71 1.72 1.72 1.72 1.72 1.86 1.86 1.86 1.86 1.91 1.91 1.91 1.91 1.88 1.88 1.88 1.88 1.82 1.82 1.82 1.82 1.84 1.84 1.84 1.84 1.83 1.83 1.83 1.83 1.66 1.66 1.66 1.66 1.47 1.47 1.47 1.47 1.48 1.48 1.48 1.48 1.61 1.61 1.61 1.61
1.50 1.50 1.50 1.50 1.42 1.42 1.42 1.42 0.00 0.00 0.00 0.00 0.00 0.00 1.28 1.28 1.36 1.36 1.36 1.36 1.42 1.42 1.42 1.42 1.42 1.42 1.42 1.42 1.45 1.45 1.45 1.45 1.45 1.45 1.45 1.45 1.42 1.71 1.71 1.71 1.72 1.72 1.72 1.72 1.86 1.86 1.86 1.86 1.91 1.91 1.91 1.91 1.88 1.88 1.88 1.88 1.82 1.82 1.82 1.82 1.84 1.84 1.84 1.84 1.83 1.83 1.83 1.83 1.66 1.66 1.66 1.66 1.47 1.47 1.47 1.47 1.48 1.48 1.48 1.48 1.61 1.61 1.61 1.61
1.50 1.50 1.50 1.50 1.42 1.42 1.42 1.42 0.00 0.00 0.00 0.00 0.00 0.00 1.28 1.28 1.36 1.36 1.36 1.36 1.42 1.42 1.42 1.42 1.42 1.42 1.42 1.42 1.45 1.45 1.45 1.45 1.45 1.45 1.45 1.45 1.42 1.42 1.42 1.42 1.43 1.72 1.72 1.72 1.86 1.86 1.86 1.86 1.91 1.91 1.91 1.91 1.88 1.88 1.88 1.88 1.82 1.82 1.82 1.82 1.84 1.84 1.48 1.84 1.83 1.83 1.83 1.83 1.66 1.66 1.66 1.66 1.47 1.47 1.47 1.47 1.48 1.48 1.48 1.48 1.61 1.61 1.61 1.61
1.50 1.50 1.50 1.50 1.42 1.42 1.42 1.42 0.95 0.00 0.00 0.00 0.00 0.00 0.00 1.28 1.36 0.00 1.36 1.36 1.42 1.42 1.42 1.42 1.42 1.42 1.42 1.42 1.45 1.45 1.45 1.45 1.45 1.45 1.45 1.45 1.42 1.42 1.42 1.42 1.43 1.43 1.43 1.43 1.86 1.86 1.86 1.86 1.91 1.91 1.91 1.91 1.88 1.88 1.88 1.88 1.82 1.82 1.82 1.82 1.84 1.84 1.84 1.84 1.83 1.83 1.83 1.83 1.66 1.66 1.66 1.66 1.47 1.47 1.47 1.47 1.48 1.48 1.48 1.48 1.61 1.61 1.61 1.61
1.51 1.51 1.51 1.51 1.45 1.45 1.45 1.45 1.30 1.30 0.00 0.00 0.00 0.00 0.00 0.00 0.00 1.31 1.31 1.31 1.37 1.37 1.37 1.37 1.41 1.41 1.41 1.41 1.47 1.47 1.47 1.47 1.46 1.46 1.46 1.46 1.46 1.46 1.46 1.46 1.50 1.50 1.50 1.50 1.59 1.59 1.59 1.59 1.84 1.84 1.84 1.84 1.80 1.80 1.80 1.80 1.79 1.79 1.79 1.79 1.84 1.84 1.84 1.84 1.77 1.77 1.77 1.77 1.61 1.61 1.61 1.61 1.47 1.47 1.47 1.47 1.47 1.47 1.47 1.47 1.64 1.64 1.64 1.64
1.51 1.51 1.51 1.51 1.45 1.45 1.45 1.45 1.30 0.00 1.30 0.00 0.00 0.00 0.00 1.28 0.00 0.00 1.31 1.31 1.37 1.37 1.37 1.37 1.41 1.41 1.41 1.41 1.47 1.47 1.47 1.47 1.46 1.46 1.46 1.46 1.46 1.46 1.46 1.46 1.50 1.50 1.50 1.50 1.59 1.59 1.59 1.59 1.55 1.55 1.55 1.84 1.80 1.80 1.80 1.80 1.79 1.79 1.79 1.79 1.84 1.84 1.84 1.84 1.77 1.77 1.77 1.77 1.61 1.61 1.61 1.61 1.47 1.47 1.47 1.47 1.47 1.47 1.47 1.47 1.64 1.64 1.64 1.64
1.60 1.60 1.60 1.60 1.53 1.53 1.53 1.53 1.36 0.00 1.36 1.36 1.33 1.33 0.00 1.33 1.37 1.37 1.37 1.37 1.44 1.44 1.44 1.44 1.48 1.48 1.48 1.48 1.54 1.54 1.54 1.54 1.52 1.52 1.52 1.52 1.52 1.52 1.52 1.52 1.57 1.57 1.57 1.57 1.67 1.67 1.67 1.67 1.62 1.62 1.62 1.62 1.58 1.58 1.58 1.88 1.87 1.87 1.87 1.87 1.93 1.93 1.93 1.93 1.85 1.85 1.85 1.85 1.67 1.67 1.67 1.67 1.50 1.50 1.50 1.50 1.52 1.35 1.52 1.52 1.71 1.71 1.71 1.71
1.60 1.60 1.60 1.60 1.53 1.53 1.53 1.53 1.36 1.36 1.36 1.36 1.33 1.33 1.33 1.33 0.00 0.00 1.37 1.04 1.44 1.44 1.44 1.44 1.48 1.48 1.48 1.48 1.54 1.54 1.54 1.54 1.52 1.52 1.52 1.52 1.52 1.52 1.52 1.52 1.57 1.57 1.57 1.57 1.67 1.67 1.67 1.67 1.62 1.62 1.62 1.62 1.58 1.58 1.58 1.58 1.57 1.57 1.57 1.87 1.93 1.93 1.93 1.93 1.85 1.85 1.85 1.85 1.67 1.67 1.67 1.67 1.50 1.50 1.50 1.50 1.52 1.52 1.52 1.52 1.71 1.71 1.71 1.71
1.53 1.53 1.53 1.53 1.57 1.57 1.57 1.57 1.48 1.48 0.00 1.48 1.38 1.38 1.38 1.38 0.00 0.00 1.33 1.33 1.35 1.35 1.35 1.35 1.38 1.38 1.38 1.38 1.41 1.41 1.41 1.41 1.40 1.40 1.40 1.40 1.47 1.47 1.47 1.47 1.53 1.53 1.53 1.53 1.54 1.54 1.54 1.54 1.47 1.47 1.47 1.47 1.47 1.47 1.47 1.47 1.53 1.53 1.53 1.53 1.60 1.60 1.91 1.91 1.84 1.84 1.84 1.84 1.70 1.70 1.70 1.70 1.56 1.56 1.56 1.56 1.59 1.59 1.59 1.59 1.76 1.76 1.76 1.76
1.53 1.53 1.53 1.53 1.57 1.57 1.57 1.57 1.48 1.48 1.48 1.48 1.38 1.38 1.05 0.00 0.00 0.00 0.00 0.00 1.35 1.35 1.35 1.35 1.38 1.38 1.38 1.38 1.41 1.41 1.41 1.41 1.40 1.40 1.40 1.40 1.47 1.47 1.47 1.47 1.53 1.53 1.53 1.53 1.54 1.54 1.54 1.54 1.47 1.47 1.47 1.47 1.47 1.47 1.47 1.47 1.53 1.53 1.53 1.53 1.60 1.60 1.60 1.60 1.53 1.53 1.84 1.84 1.70 1.70 1.70 1.70 1.56 1.56 1.56 1.56 1.59 1.59 1.59 1.59 1.76 1.76 1.76 1.76
1.53 1.53 1.53 1.53 1.57 1.57 1.57 1.57 1.48 1.48 1.48 1.48 1.38 1.38 1.38 1.38 0.00 1.33 1.33 1.33 0.00 0.00 1.35 1.35 1.38 1.38 1.38 1.38 1.41 1.41 1.41 1.41 1.40 1.40 1.40 1.40 1.47 1.47 1.47 1.47 1.53 1.53 1.53 1.53 1.54 1.54 1.54 1.54 1.47 1.47 1.47 1.47 1.47 1.47 1.47 1.47 1.53 1.53 1.53 1.53 1.60 1.60 1.60 1.60 1.53 1.53 1.53 1.53 1.39 1.70 1.70 1.70 1.56 1.56 1.56 1.56 1.59 1.59 1.59 1.59 1.76 1.76 1.76 1.76
1.53 1.53 1.53 1.53 1.57 1.57 1.57 1.57 1.48 1.48 1.48 1.48 1.38 1.38 1.38 1.38 1.33 1.33 1.33 1.33 0.00 0.00 1.35 1.35 1.38 1.38 1.38 1.38 1.41 1.41 1.41 1.41 1.40 1.40 1.40 1.40 1.47 1.47 1.47 1.47 1.53 1.53 1.53 1.53 1.54 1.54 1.54 1.54 1.47 1.47 1.47 1.47 1.47 1.47 1.47 1.47 1.53 1.53 1.53 1.53 1.60 1.60 1.60 1.60 1.53 1.53 1.53 1.53 1.39 1.39 1.39 1.39 1.24 1.56 1.56 1.56 1.59 1.59 1.59 1.59 1.76 1.76 1.76 1.76
1.43 1.43 1.43 1.43 1.51 1.51 1.51 1.51 1.55 1.55 1.55 1.55 1.46 1.46 1.46 1.46 1.35 1.35 1.35 1.35 1.37 1.37 1.37 1.37 1.39 1.39 1.39 1.39 1.35 1.35 1.35 1.35 1.32 1.32 1.32 1.32 1.38 1.38 1.38 1.38 1.43 1.43 1.43 1.43 1.42 1.42 1.42 1.42 1.38 1.38 1.38 1.38 1.41 1.41 1.41 1.41 1.51 1.51 1.51 1.51 1.61 1.61 1.61 1.61 1.58 1.58 1.58 1.58 1.49 1.49 1.49 1.49 1.43 1.43 1.43 1.43 1.81 1.81 1.81 1.81 1.87 1.87 1.87 1.87
1.43 1.43 1.43 1.43 1.51 1.51 1.51 1.51 1.55 1.55 1.55 1.55 1.46 1.46 1.46 1.46 1.35 1.35 1.35 1.35 1.37 1.37 1.37 1.37 1.39 1.39 1.39 1.39 1.35 1.35 1.35 1.35 1.32 1.32 1.32 1.32 1.38 1.38 1.38 1.38 1.43 1.43 1.43 1.43 1.42 1.42 1.42 1.42 1.38 1.38 1.38 1.38 1.41 1.41 1.41 1.41 1.51 1.51 1.51 1.51 1.61 1.61 1.61 1.61 1.58 1.58 1.58 1.58 1.49 1.49 1.49 1.49 1.43 1.43 1.43 1.43 1.50 1.50 1.50 1.50 1.87 1.87 1.87 1.87
1.43 1.43 1.43 1.43 1.51 1.51 1.51 1.51 1.55 1.55 1.55 1.55 1.46 1.46 1.46 1.46 1.35 1.35 1.35 1.35 1.37 1.37 1.37 1.37 1.39 1.39 1.39 1.39 1.35 1.35 1.35 1.35 1.32 1.32 1.32 1.32 1.38 1.38 1.38 1.38 1.43 1.43 1.43 1.43 1.42 1.42 1.42 1.42 1.38 1.38 1.38 1.38 1.41 1.41 1.41 1.41 1.51 1.51 1.51 1.51 1.61 1.61 1.61 1.61 1.58 1.58 1.58 1.58 1.49 1.49 1.49 1.49 1.43 1.43 1.43 1.43 1.50 1.50 1.50 1.50 1.55 1.55 1.55 1.87
1.43 1.43 1.43 1.43 1.51 1.51 1.51 1.51 1.55 1.55 1.55 1.55 1.46 1.46 1.46 1.46 1.35 1.35 1.35 1.35 1.37 1.37 1.37 1.37 1.39 1.39 1.39 1.39 1.35 1.35 1.35 1.35 1.32 1.32 1.32 1.32 1.38 1.38 1.38 1.38 1.43 1.43 1.43 1.43 1.42 1.42 1.42 1.42 1.38 1.38 1.38 1.38 1.41 1.41 1.41 1.41 1.51 1.51 1.51 1.51 1.61 1.61 1.61 1.61 1.58 1.58 1.58 1.58 1.49 1.49 1.49 1.49 1.43 1.43 1.43 1.43 1.50 1.50 1.50 1.50 1.55 1.55 1.55 1.55
0.00 1.40 1.40 1.40 1.43 1.43 1.43 1.43 1.49 1.49 1.49 1.49 1.54 1.54 1.54 1.54 1.45 1.45 1.45 1.45 1.47 1.47 1.47 1.47 1.45 1.45 1.45 1.45 1.38 1.38 1.38 1.38 1.36 1.36 1.36 1.36 1.35 1.35 1.35 1.35 1.36 1.36 1.36 1.36 1.39 1.39 1.39 1.39 1.40 1.40 1.40 1.40 1.47 1.47 1.47 1.47 1.56 1.56 1.56 1.56 1.61 1.61 1.61 1.61 1.58 1.58 1.58 1.58 1.57 1.57 1.57 1.57 1.60 1.60 1.60 1.60 1.62 1.62 1.62 1.62 1.59 1.59 1.59 1.59
0.00 0.00 0.00 1.40 1.43 1.43 1.43 1.43 1.49 1.49 1.49 1.49 1.54 1.54 1.54 1.54 1.45 1.45 1.45 1.45 1.47 1.47 1.47 1.47 1.45 1.45 1.45 1.45 1.38 1.38 1.38 1.38 1.36 1.36 1.36 1.36 1.35 1.35 1.35 1.35 1.36 1.36 1.36 1.36 1.39 1.39 1.39 1.39 1.40 1.40 1.40 1.40 1.47 1.47 1.47 1.47 1.56 1.56 1.56 1.56 1.61 1.61 1.61 1.61 1.58 1.58 1.58 1.58 1.57 1.57 1.57 1.57 1.60 1.60 1.60 1.60 1.62 1.62 1.62 1.62 1.59 1.59 1.59 1.59
0.00 0.00 0.00 1.40 1.43 1.43 1.43 1.43 1.49 1.49 1.49 1.49 1.54 1.54 1.54 1.54 1.45 1.45 1.45 1.45 1.47 1.47 1.47 1.47 1.45 1.45 1.45 1.45 1.38 1.38 1.38 1.38 1.36 1.36 1.36 1.36 1.35 1.35 1.35 1.35 1.36 1.36 1.36 1.36 1.39 1.39 1.39 1.39 1.40 1.40 1.40 1.40 1.47 1.47 1.47 1.47 1.56 1.56 1.56 1.56 1.61 1.61 1.61 1.61 1.58 1.58 1.58 1.58 1.57 1.57 1.57 1.57 1.60 1.60 1.60 1.60 1.62 1.62 1.62 1.62 1.59 1.59 1.59 1.59
1.40 1.40 1.40 1.40 1.43 1.43 1.43 1.43 1.49 1.49 1.49 1.49 1.54 1.54 1.54 1.54 1.45 1.45 1.45 1.45 1.47 1.47 1.47 1.47 1.45 1.45 1.45 1.45 1.38 1.38 1.38 1.38 1.36 1.36 1.36 1.36 1.35 1.35 1.35 1.35 1.36 1.36 1.36 1.36 1.39 1.39 1.39 1.39 1.40 1.40 1.40 1.40 1.47 1.47 1.47 1.47 1.56 1.56 1.56 1.56 1.61 1.61 1.61 1.61 1.58 1.58 1.58 1.58 1.57 1.57 1.57 1.21 1.60 1.60 1.60 1.60 1.62 1.62 1.62 1.62 1.59 1.59 1.59 1.59
1.43 1.43 1.43 1.43 1.40 1.40 1.40 1.40 1.43 1.43 1.43 1.43 1.53 1.53 1.53 1.53 1.57 1.57 1.57 1.57 1.58 1.58 1.58 1.58 1.49 1.49 1.49 1.49 1.44 1.44 1.44 1.44 1.46 1.46 1.46 1.46 1.41 1.41 1.41 1.41 1.38 1.38 1.38 1.38 1.45 1.45 1.45 1.45 1.49 1.49 1.49 1.49 1.57 1.57 1.57 1.57 1.60 1.60 1.60 1.60 1.59 1.59 1.59 1.59 1.57 1.57 1.57 1.57 1.61 1.61 1.61 1.61 1.63 1.63 1.63 1.63 1.63 1.63 1.63 1.63 1.63 1.63 1.63 1.63
1.43 1.43 1.43 1.43 1.40 1.40 1.40 1.40 1.43 1.43 1.43 1.43 1.53 1.53 1.53 1.53 1.57 1.57 1.57 1.57 1.58 1.58 1.58 1.58 1.49 1.49 1.49 1.49 1.44 1.44 1.44 1.44 1.46 1.46 1.46 1.46 1.41 1.41 1.41 1.41 1.38 1.38 1.38 1.38 1.45 1.45 1.45 1.45 1.49 1.49 1.49 1.49 1.57 1.57 1.57 1.57 1.60 1.60 1.60 1.60 1.59 1.59 1.59 1.59 1.57 1.57 1.57 1.57 1.61 1.61 1.61 1.61 1.63 1.63 1.63 1.63 1.63 1.63 1.63 1.63 1.63 1.63 1.63 1.63
1.46 1.46 1.46 1.46 1.44 1.44 1.44 1.44 1.46 1.46 1.46 1.46 1.57 1.57 1.57 1.57 1.61 1.61 1.61 1.61 1.62 1.62 1.62 1.62 1.53 1.53 1.53 1.53 1.47 1.47 1.47 1.47 1.49 1.49 1.49 1.49 1.44 1.44 1.44 1.44 1.41 1.41 1.41 1.41 1.47 1.47 1.47 1.47 1.52 1.52 1.52 1.52 1.60 1.60 1.60 1.60 1.63 1.63 1.63 1.63 1.62 1.62 1.62 1.62 1.60 1.60 1.60 1.60 1.64 1.64 1.64 1.64 1.66 1.66 1.66 1.66 1.66 1.66 1.28 1.66 1.66 1.66 1.66 1.66
1.46 1.46 1.46 1.46 1.44 1.44 1.44 1.44 1.46 1.46 1.46 1.46 1.57 1.57 1.57 1.57 1.61 1.61 1.61 1.61 1.62 1.62 1.62 1.62 1.53 1.53 1.53 1.53 1.47 1.47 1.47 1.47 1.49 1.49 1.49 1.49 1.44 1.44 1.44 1.44 1.41 1.41 1.41 1.41 1.47 1.47 1.47 1.47 1.52 1.52 1.52 1.52 1.60 1.60 1.60 1.60 1.63 1.63 1.63 1.63 1.62 1.62 1.62 1.62 1.60 1.60 1.60 1.60 1.64 1.64 1.64 1.64 1.66 1.66 1.66 1.66 1.66 1.66 1.66 1.66 1.66 1.66 1.66 1.66
