New_Model_Runs/13_Future_RCP4.5_Scn3_out/post_prcessed_with_MFR/Monthly_summaries/interception_monthly_AUG.asc
NCOLS 700
NROWS 400
XLLCENTER 515000.000000
YLLCENTER 8409000.000000
CELLSIZE 50.000000
NODATA_value -999.000000
[rows 114 to 151 of 400, columns 420 to 503 of 700]
1.61 1.61 1.61 1.61 1.53 1.53 1.53 1.59 1.61 1.61 1.61 1.61 1.55 1.55 1.55 1.55 1.24 1.24 1.24 1.24 0.94 0.94 0.00 0.00 0.90 0.90 0.00 0.00 0.00 0.00 0.00 0.00 0.00 0.00 0.78 0.78 0.89 0.89 0.89 0.89 1.11 1.11 1.11 1.11 1.37 1.37 1.37 1.37 1.35 1.35 1.35 1.35 0.98 0.98 0.98 0.98 0.70 0.00 0.00 0.00 0.00 0.55 0.67 0.67 0.74 0.00 0.00 0.00 0.00 0.00 1.20 1.45 1.73 1.73 1.73 1.73 1.61 1.61 1.61 1.61 1.38 1.38 1.38 1.38
1.61 1.61 1.61 1.61 1.53 1.53 1.53 1.53 1.61 1.61 1.61 1.61 1.55 1.55 1.55 1.55 1.24 1.24 1.24 1.24 0.94 0.94 0.94 0.94 0.90 0.00 0.80 0.90 0.00 0.00 0.00 0.00 0.78 0.78 0.00 0.78 0.89 0.89 0.89 0.89 1.11 1.11 1.11 1.11 1.37 1.37 1.37 1.37 1.35 1.35 1.35 1.35 0.98 0.98 0.98 0.98 0.57 0.00 0.00 0.00 0.00 0.67 0.67 0.67 0.74 0.00 0.00 0.00 0.00 0.00 0.00 1.45 1.73 1.73 1.73 1.73 1.61 1.61 1.61 1.61 1.38 1.38 1.38 1.38
1.32 1.32 1.32 1.32 1.24 1.24 1.24 1.24 1.39 1.39 1.39 1.39 1.38 1.38 1.38 1.38 1.27 1.27 1.27 1.27 1.07 1.07 1.07 1.07 1.03 1.03 1.03 1.03 1.02 1.02 0.00 0.00 0.00 0.00 0.00 0.77 0.84 0.84 0.84 0.84 1.01 1.01 1.01 1.01 1.29 1.29 1.29 1.29 1.32 1.32 1.32 1.32 1.02 1.02 1.02 1.02 0.79 0.00 0.00 0.00 0.00 0.00 0.74 0.74 0.85 0.85 0.85 0.85 0.75 0.00 0.00 1.53 1.78 1.78 1.78 1.78 1.68 1.68 1.68 1.68 1.67 1.67 1.67 1.67
1.32 1.32 1.32 1.32 1.24 1.24 1.24 1.24 1.33 1.39 1.39 1.39 1.38 1.38 1.38 1.38 1.27 1.27 1.27 1.27 1.07 1.07 1.07 1.07 1.03 1.03 1.03 0.00 1.02 0.00 0.00 0.00 0.00 0.00 0.77 0.77 0.00 0.84 0.84 0.84 1.01 1.01 1.01 1.01 1.29 1.29 1.29 1.29 1.32 1.32 1.32 1.32 1.02 1.02 1.02 1.02 0.79 0.79 0.79 0.79 0.74 0.74 0.59 0.74 0.85 0.85 0.85 0.85 1.06 1.06 1.53 1.53 1.78 1.78 1.78 1.78 1.68 1.68 1.68 1.68 1.67 1.67 1.67 1.67
1.32 1.32 1.32 1.32 1.24 1.24 1.24 1.24 1.33 1.39 1.39 1.39 1.38 1.38 1.38 1.38 1.27 1.27 1.27 1.27 1.07 1.07 1.07 1.07 1.03 1.03 1.03 1.03 0.00 0.00 0.00 0.00 0.00 0.77 0.77 0.77 0.84 0.84 0.84 0.84 1.01 1.01 1.01 1.01 1.29 1.29 1.29 1.29 1.32 1.32 1.32 1.32 1.02 1.02 1.02 1.02 0.79 0.79 0.79 0.79 0.74 0.74 0.59 0.74 0.85 0.85 0.85 0.85 1.06 1.06 1.53 1.53 1.78 1.78 1.78 1.78 1.68 1.68 1.68 1.68 1.67 1.67 1.67 1.67
1.32 1.32 1.32 1.32 1.24 1.24 1.24 1.24 1.33 1.39 1.39 1.39 1.38 1.38 1.38 1.38 1.27 1.27 1.27 1.27 1.07 1.07 1.07 1.07 1.03 1.03 1.03 1.03 1.02 0.79 0.79 0.79 0.77 0.00 0.77 0.77 0.84 0.84 0.84 0.84 1.01 1.01 1.01 1.01 1.29 1.29 1.29 1.29 1.32 1.32 1.32 1.32 1.02 1.02 1.02 1.02 0.79 0.79 0.79 0.79 0.74 0.74 0.74 0.74 0.85 0.85 0.85 0.85 1.06 1.06 1.53 1.53 1.78 1.78 1.78 1.78 1.68 1.68 1.68 1.68 1.67 1.67 1.67 1.67
0.91 0.91 0.91 0.91 0.92 0.92 0.92 0.92 0.99 0.99 1.06 1.06 1.15 1.15 1.15 1.15 1.30 1.30 1.30 1.30 1.32 1.32 1.32 1.32 1.17 1.17 1.17 1.17 1.05 0.82 0.82 0.82 0.00 0.00 0.77 0.77 0.88 0.88 0.88 0.88 1.06 1.06 1.06 1.06 1.22 1.22 1.22 1.22 1.24 1.24 1.24 1.24 1.13 1.13 1.13 1.13 1.02 1.02 1.02 1.02 0.93 0.93 0.93 0.93 1.09 1.09 1.09 1.09 1.26 1.26 1.73 1.73 1.86 1.86 1.86 1.86 1.90 1.90 1.90 1.90 2.00 2.00 2.00 2.00
0.91 0.91 0.91 0.91 0.92 0.92 0.92 0.92 0.99 0.99 1.06 1.06 1.15 1.15 1.15 1.15 1.30 1.30 1.30 1.30 1.32 1.32 1.32 1.32 1.17 1.17 1.17 1.17 1.05 0.82 0.82 0.00 0.00 0.00 0.77 0.77 0.88 0.88 0.88 0.88 1.06 1.06 1.06 1.06 1.22 1.22 1.22 1.22 1.24 1.24 1.24 1.24 1.13 1.13 1.13 1.13 1.02 1.02 1.02 1.02 0.93 0.93 0.93 0.93 1.09 1.09 1.09 1.09 1.26 1.26 1.73 1.73 1.86 1.86 1.86 1.86 1.90 1.90 1.90 1.90 2.00 2.00 2.00 2.00
0.91 0.91 0.91 0.91 0.92 0.92 0.92 0.76 0.99 0.99 0.99 1.06 1.15 1.15 1.15 1.15 1.30 1.30 1.30 1.30 1.32 1.32 1.32 1.32 1.17 1.17 1.17 1.17 1.05 0.82 0.63 0.00 0.00 0.00 0.77 0.77 0.88 0.88 0.88 0.88 1.06 1.06 1.06 1.06 1.22 1.22 1.22 1.22 1.24 1.24 1.24 1.24 1.13 1.13 1.13 1.13 1.02 1.02 1.02 1.02 0.93 0.93 0.93 0.93 1.09 1.09 1.09 1.09 1.26 1.26 1.73 1.73 1.86 1.86 1.86 1.86 1.90 1.90 1.90 1.90 2.00 2.00 2.00 2.00
0.91 0.91 0.91 0.91 0.92 0.92 0.92 0.92 0.99 0.99 0.99 1.06 1.15 1.15 1.15 1.15 1.30 1.30 1.30 1.30 1.32 1.32 1.32 1.32 1.17 1.17 1.17 1.17 1.05 0.82 0.82 0.00 0.00 0.00 0.77 0.00 0.88 0.88 0.88 0.88 1.06 1.06 1.06 1.06 1.22 1.22 1.22 1.22 1.24 1.24 1.24 1.24 1.13 1.13 1.13 1.13 1.02 1.02 1.02 1.02 0.93 0.93 0.93 0.93 1.09 1.09 1.09 1.09 1.26 1.26 1.73 1.73 1.86 1.86 1.86 1.86 1.90 1.90 1.90 1.90 2.00 2.00 2.00 2.00
0.81 0.81 0.00 0.81 0.78 0.78 0.78 0.78 0.70 0.00 0.00 0.80 0.93 0.93 0.93 0.93 1.08 1.08 1.08 1.08 1.33 1.33 0.60 1.33 1.34 1.34 1.34 1.34 1.18 0.94 0.94 0.00 0.00 0.00 0.00 0.00 0.93 0.93 0.93 0.93 1.03 1.03 1.03 1.03 1.10 1.10 1.10 1.10 1.21 1.21 1.21 1.21 1.25 1.25 1.25 1.25 1.20 1.20 1.20 1.20 1.20 1.20 1.20 1.20 1.36 1.36 1.36 1.36 1.44 1.44 1.90 1.90 1.92 1.92 1.92 1.92 1.87 1.87 1.87 1.87 1.85 1.85 1.85 1.85
0.70 0.00 0.81 0.70 0.78 0.00 0.00 0.69 0.00 0.00 0.00 0.00 0.93 0.93 0.93 0.93 0.89 1.08 1.08 0.00 1.02 1.33 1.33 1.33 1.34 1.34 1.34 1.34 1.18 0.94 0.94 0.94 0.00 0.00 0.00 0.00 0.93 0.93 0.93 0.93 1.03 1.03 1.03 1.03 1.10 1.10 1.10 1.10 1.21 1.21 1.21 1.21 1.25 1.25 1.25 1.25 1.20 1.20 1.20 1.20 1.20 1.20 1.20 1.20 1.36 1.36 1.36 1.36 1.44 1.44 1.90 1.90 1.92 1.92 1.92 1.92 1.87 1.87 1.87 1.87 1.85 1.85 1.85 1.85
0.00 0.00 0.00 0.00 0.00 0.00 0.78 0.78 0.00 0.00 0.00 0.00 0.00 0.00 0.00 0.00 0.00 1.08 0.00 0.00 1.33 1.33 1.33 1.33 1.34 1.34 1.34 1.34 1.18 0.94 0.94 0.94 0.87 0.00 0.00 0.00 0.93 0.93 0.93 0.93 1.03 1.03 1.03 1.03 1.10 1.10 1.10 1.10 1.21 1.21 1.21 1.21 1.25 1.25 1.25 1.25 1.20 1.20 1.20 1.20 1.20 1.20 1.20 1.20 1.36 1.36 1.36 1.36 1.44 1.44 1.90 1.90 1.92 1.92 1.92 1.92 1.87 1.87 1.87 1.87 1.85 1.85 1.85 1.85
0.00 0.00 0.00 0.00 0.00 0.00 0.00 0.00 0.00 0.00 0.00 0.00 0.00 0.00 0.00 0.93 1.08 1.08 1.08 0.00 0.00 1.33 1.33 1.33 1.34 1.34 1.34 1.34 1.18 0.94 0.94 0.94 0.87 0.87 0.87 0.00 0.00 0.93 0.93 0.93 1.03 1.03 1.03 1.03 1.10 1.10 1.10 1.10 1.21 1.21 1.21 1.21 1.25 1.25 1.25 1.25 1.20 1.20 1.20 1.20 1.20 1.20 1.20 1.20 1.36 1.36 1.36 1.36 1.44 1.44 1.90 1.90 1.92 1.92 1.92 1.92 1.87 1.87 1.87 1.87 1.85 1.85 1.85 1.85
0.82 0.00 0.00 0.00 0.00 0.00 0.00 0.00 0.00 0.00 0.00 0.00 0.00 0.00 0.90 0.90 1.01 1.01 0.00 0.00 0.00 0.98 0.98 1.26 1.46 1.46 0.00 1.46 1.40 1.17 1.17 1.17 0.94 0.94 0.94 0.00 0.89 0.89 0.89 0.89 0.94 0.94 0.94 0.70 1.04 1.04 1.04 1.04 1.19 1.19 1.19 1.19 1.34 1.34 1.34 1.34 1.39 1.39 1.39 1.39 1.36 1.36 1.36 1.36 1.29 1.29 1.29 1.29 1.30 1.30 1.77 1.77 1.78 1.78 1.78 1.78 1.63 1.63 1.63 1.63 1.58 1.58 1.58 1.58
0.00 0.00 0.00 0.00 0.00 0.00 0.00 0.00 0.00 0.00 0.00 0.00 0.00 0.00 0.90 0.90 1.01 1.01 0.00 0.00 0.00 0.98 1.26 1.26 1.46 0.00 0.00 0.00 1.17 1.17 1.17 1.17 0.94 0.94 0.94 0.94 0.00 0.00 0.89 0.89 0.94 0.94 0.94 0.94 1.04 1.04 1.04 1.04 1.19 1.19 1.19 1.19 1.34 1.34 1.34 1.34 1.39 1.39 1.39 1.39 1.36 1.36 1.36 1.36 1.29 1.29 1.29 1.29 1.30 1.30 1.77 1.77 1.78 1.78 1.78 1.78 1.63 1.63 1.63 1.63 1.58 1.58 1.58 1.58
0.00 0.00 0.00 0.00 0.00 0.00 0.00 0.00 0.00 0.00 0.00 0.00 0.00 0.00 0.89 0.89 1.00 1.00 0.00 1.00 0.97 1.24 1.24 1.24 0.00 0.00 0.00 0.00 0.00 1.16 1.16 1.16 0.94 0.94 0.94 0.94 0.89 0.89 0.89 0.89 0.94 0.94 0.94 0.94 1.04 1.04 1.04 1.04 1.19 1.19 1.19 1.19 1.34 1.34 1.34 1.34 1.39 1.39 1.39 1.39 1.33 1.33 1.33 1.33 1.26 1.26 1.26 1.26 1.27 1.27 1.74 1.74 1.75 1.75 1.75 1.75 1.59 1.59 1.59 1.59 1.54 1.54 1.54 1.54
0.00 0.00 0.00 0.00 0.00 0.00 0.00 0.00 0.00 0.00 0.00 0.77 0.00 0.82 0.00 0.00 1.00 1.00 1.00 1.00 1.24 1.24 1.24 1.24 0.00 0.00 0.00 0.00 0.00 1.16 1.16 1.16 0.94 0.94 0.94 0.94 0.89 0.89 0.89 0.89 0.94 0.94 0.94 0.94 1.04 1.04 1.04 1.04 1.19 1.19 1.19 1.19 1.34 1.34 1.34 1.34 1.39 1.39 1.39 1.39 1.33 1.33 1.33 1.33 1.26 1.26 1.26 1.26 0.86 1.27 1.74 1.74 1.75 1.75 1.75 1.75 1.59 1.59 1.59 1.59 1.54 1.54 1.54 1.54
0.00 0.00 0.00 0.00 0.00 0.00 0.00 0.00 0.00 0.00 0.00 0.81 0.87 0.87 0.00 0.00 1.10 1.10 1.10 1.10 1.36 1.36 1.36 1.36 0.00 0.00 0.00 0.00 0.00 1.32 1.32 1.32 1.08 1.08 1.08 1.08 1.07 1.07 1.07 1.07 1.05 1.05 1.05 1.05 1.14 1.14 1.14 1.14 1.26 1.26 1.26 1.26 1.39 1.39 1.39 1.39 1.41 1.41 1.41 1.41 1.22 1.22 1.22 1.22 1.11 1.11 1.11 1.11 0.00 1.13 1.60 1.60 1.62 1.62 1.62 1.62 1.50 1.50 1.50 1.50 1.46 1.46 1.46 1.46
0.00 0.00 0.00 0.00 0.00 0.00 0.00 0.00 0.00 0.81 0.81 0.81 0.00 0.87 0.87 0.94 1.10 1.10 1.10 1.10 1.36 1.36 1.36 1.36 0.00 0.00 0.00 0.00 0.00 1.32 1.32 1.32 1.08 1.08 1.08 1.08 1.07 1.07 1.07 1.07 1.05 1.05 1.05 1.05 1.14 1.14 1.14 1.14 1.26 1.26 1.26 1.26 1.39 1.39 1.39 1.39 1.41 1.41 1.41 1.41 1.22 1.22 1.22 1.22 1.11 1.11 1.11 1.11 1.13 1.13 1.60 1.60 1.62 1.62 1.62 1.62 1.50 1.50 1.50 1.50 1.46 1.46 1.46 1.46
0.00 0.00 0.00 0.00 0.00 0.00 0.00 0.00 0.00 0.81 0.81 0.81 0.87 0.87 0.87 0.87 1.10 1.10 1.10 1.10 1.36 1.36 1.36 1.36 0.00 0.00 0.00 0.00 0.00 0.00 1.32 1.32 1.08 1.08 1.08 1.08 1.07 1.07 1.07 1.07 1.05 1.05 1.05 1.05 1.14 1.14 1.14 1.14 1.26 1.26 1.26 1.26 1.39 1.39 1.39 1.39 1.41 1.41 1.41 1.41 1.22 1.22 1.22 1.22 1.11 1.11 1.11 1.11 1.13 1.13 1.60 1.60 1.62 1.62 1.62 1.62 1.50 1.50 1.50 1.50 1.46 1.46 1.46 1.46
0.00 0.00 0.00 0.00 0.00 0.00 0.00 0.00 0.76 0.81 0.81 0.81 0.87 0.87 0.87 0.87 1.10 1.10 1.10 1.10 1.36 1.36 0.00 0.00 0.00 0.00 0.00 0.00 0.00 0.00 1.32 1.32 0.00 1.08 1.08 0.00 0.00 0.00 1.07 1.07 1.05 1.05 1.05 1.05 1.14 1.14 1.14 1.14 1.26 1.26 1.26 1.26 1.39 1.39 1.39 1.39 1.41 1.41 1.41 1.41 1.22 1.22 1.22 1.22 1.11 1.11 1.11 1.11 1.13 1.13 1.60 1.60 1.62 1.62 1.62 1.62 1.50 1.50 1.50 1.50 1.46 1.46 1.46 1.46
0.00 0.00 0.00 0.00 0.00 0.00 0.00 0.00 0.95 0.95 0.95 0.95 1.07 1.07 1.07 1.07 1.33 1.33 1.33 1.33 1.58 0.00 0.00 0.00 0.00 0.00 0.00 0.00 0.00 0.00 0.00 0.00 0.00 0.00 0.00 0.00 0.00 1.18 1.18 1.18 1.11 1.11 1.11 1.11 1.22 1.22 1.22 1.22 1.27 1.27 1.27 1.27 1.36 1.36 1.36 1.36 1.36 1.36 1.36 1.36 1.21 1.21 1.21 1.21 1.15 1.15 1.15 1.15 1.11 1.11 1.58 1.58 1.50 1.50 1.50 1.50 1.47 1.47 1.47 1.47 1.49 1.49 1.49 1.49
0.00 0.00 0.00 0.00 0.00 0.00 0.00 0.87 0.95 0.95 0.95 0.95 1.07 1.07 1.07 1.07 1.26 1.33 1.33 1.33 1.58 1.58 0.00 0.00 0.00 0.00 0.00 0.00 0.00 0.00 0.00 0.00 0.00 0.00 0.00 0.00 0.00 0.00 0.00 1.18 1.11 1.11 1.11 1.11 1.22 1.22 1.22 1.22 1.27 1.27 1.27 1.27 1.36 1.36 1.36 1.36 1.36 1.36 1.36 1.36 1.21 1.21 1.21 1.21 1.15 1.15 1.15 1.15 1.11 1.11 1.58 1.58 1.50 1.50 1.50 1.50 1.47 1.47 1.47 1.47 1.49 1.49 1.49 1.49
0.00 0.00 0.00 0.00 0.00 0.00 0.87 0.87 0.95 0.95 0.95 0.95 1.07 1.07 1.07 1.07 1.26 1.33 1.33 0.00 0.00 0.00 0.00 0.00 0.00 0.00 0.00 0.00 0.00 0.00 0.00 0.00 0.00 0.00 0.00 0.00 0.00 0.00 0.00 1.18 1.11 1.11 1.11 1.11 1.22 1.22 1.22 1.22 1.27 1.27 1.27 1.27 1.36 1.36 1.36 1.36 1.36 1.36 1.36 1.36 1.21 1.21 1.21 1.21 1.15 1.15 1.15 1.15 1.11 1.11 1.58 1.58 1.50 1.50 1.50 1.50 1.47 1.47 1.47 1.47 1.49 1.49 1.49 1.22
0.00 0.00 0.00 0.00 0.00 0.00 0.87 0.87 0.95 0.95 0.95 0.95 1.07 1.07 1.07 1.07 0.00 0.00 0.00 0.00 0.00 0.00 0.00 0.00 0.00 0.00 0.00 0.00 0.00 0.00 0.00 0.00 0.00 0.00 0.00 0.00 1.18 1.18 1.18 1.18 1.11 1.11 1.11 1.11 1.22 1.22 1.22 1.22 1.27 1.27 1.27 1.27 1.36 1.36 1.36 1.36 1.36 1.36 1.36 1.36 1.21 1.21 1.21 1.21 1.15 1.15 1.15 1.15 1.11 1.11 1.58 1.58 1.50 1.50 1.50 1.50 1.47 1.47 1.47 1.47 1.49 1.49 1.49 1.22
0.00 0.00 0.00 0.00 0.00 0.98 0.98 0.98 1.06 1.06 1.06 1.06 1.25 1.25 1.25 1.25 1.57 1.57 1.63 0.00 0.00 0.00 0.00 0.00 0.00 0.00 0.00 0.00 0.00 0.86 1.26 0.00 0.00 0.00 0.00 1.19 1.13 1.13 1.13 1.13 1.17 1.17 1.17 1.17 1.24 1.24 1.24 1.24 1.28 1.28 1.28 1.28 1.35 1.35 1.35 1.35 1.31 1.31 1.31 1.31 1.27 1.27 1.27 1.27 1.27 1.27 1.27 1.27 1.13 1.13 1.60 1.60 1.41 1.41 1.41 1.41 1.41 1.41 1.41 1.41 1.51 1.51 1.51 1.51
0.00 0.00 0.00 0.00 0.00 0.98 0.98 0.98 1.06 0.00 1.06 1.06 1.25 1.25 1.25 1.25 1.57 1.57 1.63 1.63 1.70 0.00 0.00 1.70 1.53 0.00 0.00 0.00 0.00 0.00 0.00 0.00 0.00 0.00 1.19 1.19 1.13 1.13 1.13 1.13 1.17 1.17 1.17 1.17 1.24 1.24 1.24 1.24 1.28 1.28 1.28 1.28 1.35 1.35 1.35 1.35 1.31 1.31 1.31 1.31 1.27 1.27 1.27 1.27 1.27 1.27 1.27 1.27 1.13 1.13 1.60 1.60 1.41 1.41 1.41 1.41 1.41 1.41 1.41 1.41 0.00 1.51 1.51 1.51
0.00 0.00 0.00 0.00 0.00 0.98 0.98 0.98 0.00 0.00 1.06 1.06 1.25 1.25 1.25 1.25 1.57 1.57 1.57 1.63 1.70 1.70 1.70 1.70 1.53 1.53 0.00 0.00 0.00 0.00 0.00 0.00 0.00 0.00 0.00 1.19 1.13 1.13 1.13 1.13 1.17 1.17 1.17 1.17 1.24 1.24 1.24 1.24 1.28 1.28 1.28 1.28 1.35 1.35 1.35 1.35 1.31 1.31 1.31 1.31 1.27 1.27 1.27 1.27 1.27 1.27 1.27 1.27 1.13 1.13 1.60 1.60 1.41 1.41 1.41 1.41 1.41 1.41 1.41 1.41 1.51 1.51 1.51 1.51
0.00 0.00 0.00 0.00 0.98 0.98 0.98 0.00 0.00 0.00 0.00 0.83 1.25 1.25 1.25 1.25 1.57 1.57 1.57 1.63 1.70 1.70 1.70 1.70 1.53 1.53 1.53 0.00 0.00 0.00 0.00 0.00 0.00 0.00 0.00 0.00 1.13 1.13 1.13 1.13 1.17 1.17 1.17 1.17 1.24 1.24 1.24 1.24 1.28 1.28 1.28 1.28 1.35 1.35 1.35 1.35 1.31 1.31 1.31 1.31 1.27 1.27 1.27 1.27 1.27 1.27 1.27 1.27 1.13 1.13 1.60 1.60 1.41 1.41 1.41 1.41 1.41 1.41 1.41 1.41 1.51 1.51 0.00 1.51
0.00 0.00 0.00 0.00 0.00 0.00 0.80 0.00 0.00 0.00 1.06 1.06 1.36 1.36 1.36 1.36 1.67 1.67 1.67 1.67 1.53 1.53 1.53 1.53 1.28 1.28 1.28 1.05 1.00 1.00 0.00 0.00 0.00 0.00 0.00 0.00 1.07 1.07 1.07 1.07 1.24 1.24 1.24 1.24 1.29 1.29 1.29 1.29 1.31 1.31 1.31 1.31 1.31 1.31 1.31 1.31 1.16 1.16 1.16 1.16 1.17 1.17 1.17 1.17 1.27 1.27 1.27 1.27 1.16 1.16 1.63 1.63 1.44 1.44 1.44 0.00 0.00 0.00 0.00 0.00 1.22 0.00 0.00 0.00
0.00 0.00 0.00 0.00 0.00 0.00 0.00 0.00 0.00 0.83 1.06 1.06 1.36 1.36 1.36 1.36 1.67 1.67 1.67 1.67 1.53 1.53 1.53 1.53 1.28 1.28 1.28 1.05 1.00 1.00 1.00 0.00 0.99 0.00 0.99 0.00 1.07 1.07 1.07 1.07 1.24 1.24 1.24 1.24 1.29 1.29 1.29 1.29 1.31 1.31 1.31 1.31 1.31 1.31 1.31 1.31 1.16 1.16 1.16 1.16 1.17 1.17 1.17 1.17 1.27 1.27 1.27 1.27 1.16 1.16 1.63 1.63 1.44 1.44 1.44 1.44 1.39 0.00 0.00 0.00 0.00 0.00 0.00 0.00
0.00 0.00 0.00 0.00 0.00 0.00 0.00 0.00 1.04 1.04 1.04 1.04 1.31 1.31 1.31 1.31 1.60 1.60 1.60 1.60 1.47 1.47 1.47 1.47 1.24 1.24 1.24 1.01 0.95 0.95 0.95 0.95 0.94 0.94 0.94 0.00 1.01 1.01 1.01 1.01 1.16 1.16 1.16 1.16 1.19 1.19 1.19 1.19 1.21 1.21 1.21 1.21 1.21 1.21 1.21 1.21 1.08 1.08 1.08 1.08 1.10 1.10 1.10 1.10 1.19 1.19 1.19 1.19 1.10 1.10 1.56 1.56 1.40 1.40 1.40 1.40 1.35 1.35 1.35 0.00 0.00 0.00 0.00 0.00
0.00 0.00 0.00 0.00 0.00 0.00 0.89 0.98 0.00 1.04 1.04 1.04 1.31 1.31 1.31 1.31 1.60 1.60 1.60 1.60 1.41 1.47 1.47 1.47 1.24 1.24 1.24 1.01 0.95 0.95 0.95 0.95 0.94 0.94 0.94 0.00 1.01 1.01 1.01 1.01 1.16 1.16 1.16 1.16 1.19 1.19 1.19 1.19 1.21 1.21 1.21 1.21 1.21 1.21 1.21 1.21 1.08 1.08 1.08 1.08 1.10 1.10 1.10 1.10 1.19 1.19 1.19 1.19 1.10 1.10 1.56 1.56 1.40 1.40 1.40 1.40 1.35 1.35 1.35 0.00 0.00 0.00 0.00 0.00
0.00 0.00 0.00 0.00 0.00 0.80 1.01 1.01 1.16 1.16 1.16 1.16 1.49 1.49 1.49 1.49 1.54 1.54 1.54 1.54 1.20 1.26 1.26 1.26 1.07 1.07 1.07 0.84 0.81 0.62 0.81 0.81 0.86 0.86 0.86 0.86 1.03 1.03 1.03 1.03 1.22 1.22 1.22 1.22 1.24 1.24 1.24 1.24 1.21 1.21 1.21 1.21 1.07 1.07 1.07 1.07 0.89 0.89 0.89 0.89 0.88 0.88 0.88 0.88 1.01 1.01 1.01 1.01 1.15 1.15 1.62 1.62 1.59 1.59 1.59 1.59 1.44 1.44 1.44 0.00 0.00 0.00 0.00 0.00
0.00 0.00 0.00 0.00 0.00 1.01 1.01 1.01 1.16 1.16 1.16 1.16 1.49 1.49 1.49 1.49 1.54 1.54 1.54 1.54 1.20 1.20 1.26 1.26 1.07 1.07 1.07 0.84 0.81 0.62 0.81 0.81 0.86 0.86 0.86 0.86 1.03 1.03 1.03 1.03 1.22 1.22 1.22 1.22 1.24 1.24 1.24 1.24 1.21 1.21 1.21 1.21 1.07 1.07 1.07 1.07 0.89 0.89 0.89 0.89 0.88 0.88 0.88 0.88 1.01 1.01 1.01 1.01 1.15 1.15 1.62 1.62 1.59 1.59 1.59 1.59 1.44 1.44 1.33 0.00 0.00 0.00 0.00 0.00
0.00 0.00 0.00 0.00 0.00 0.00 0.00 0.00 1.16 1.16 1.16 1.16 1.49 1.49 1.49 1.05 1.54 1.54 1.54 1.54 1.20 1.20 1.26 1.26 1.07 1.07 1.07 0.84 0.81 0.81 0.81 0.81 0.86 0.86 0.86 0.86 1.03 1.03 1.03 1.03 1.22 1.22 1.22 1.22 1.24 1.24 1.24 1.24 1.21 1.21 1.21 1.21 1.07 1.07 1.07 1.07 0.89 0.89 0.89 0.89 0.88 0.88 0.88 0.88 1.01 1.01 1.01 1.01 1.15 1.15 1.62 1.62 1.59 1.59 1.59 1.59 1.44 1.44 1.33 0.00 0.00 0.00 0.00 0.00
0.00 0.00 0.00 0.00 0.00 0.00 0.00 0.00 1.16 1.16 1.16 1.16 1.49 1.49 1.49 1.49 1.54 1.54 1.54 1.54 1.20 1.20 1.26 1.26 1.07 1.07 0.84 0.84 0.81 0.81 0.81 0.81 0.86 0.86 0.86 0.86 1.03 1.03 1.03 1.03 1.22 1.22 1.22 1.22 1.24 1.24 1.24 1.24 1.21 1.21 1.21 1.21 1.07 1.07 1.07 1.07 0.89 0.89 0.89 0.89 0.88 0.88 0.88 0.88 1.01 1.01 1.01 1.01 1.15 1.15 1.62 1.62 1.59 1.59 1.59 1.59 1.44 1.44 1.44 0.00 0.00 0.00 0.00 0.00
