New_Model_Runs/13_Future_RCP4.5_Scn3_out/post_prcessed_with_MFR/Monthly_summaries/interception_monthly_JAN.asc
NCOLS 700
NROWS 400
XLLCENTER 515000.000000
YLLCENTER 8409000.000000
CELLSIZE 50.000000
NODATA_value -999.000000
[rows 228 to 265 of 400, columns 168 to 251 of 700]
2.30 2.30 2.30 2.30 2.21 1.77 1.77 1.77 1.80 1.80 1.80 1.80 0.00 0.00 0.00 0.00 0.00 0.00 0.00 0.00 0.00 0.00 0.00 0.00 0.00 0.00 0.00 0.00 0.00 0.00 0.00 0.00 0.00 0.00 0.00 0.00 0.00 0.00 0.00 0.00 0.00 0.00 0.00 0.00 2.43 0.00 0.00 0.00 0.00 0.00 0.00 0.00 0.00 0.00 0.00 0.00 0.00 2.14 2.67 2.67 2.51 2.51 2.51 2.51 0.00 2.38 2.38 2.38 2.40 2.40 2.40 2.40 2.50 2.50 2.50 2.50 2.73 2.73 2.73 2.73 2.92 2.92 0.00 2.92
2.30 2.30 2.30 2.30 2.21 2.21 1.77 1.77 2.26 1.80 1.80 1.80 1.82 0.00 0.00 0.00 0.00 0.00 0.00 0.00 0.00 0.00 0.00 0.00 0.00 0.00 0.00 0.00 0.00 0.00 0.00 0.00 0.00 0.00 0.00 0.00 0.00 0.00 0.00 0.00 0.00 0.00 0.00 0.00 0.00 0.00 0.00 0.00 0.00 0.00 0.00 0.00 2.33 2.33 2.33 2.33 2.14 2.14 2.67 2.67 2.51 2.51 0.00 2.51 2.38 0.00 2.38 2.38 2.40 2.40 2.40 0.00 0.00 0.00 0.00 2.50 2.73 2.73 2.73 2.73 2.92 0.00 0.00 2.92
2.30 2.30 2.30 2.30 2.21 2.21 2.21 2.21 2.26 1.80 1.80 1.80 1.82 1.82 1.82 0.00 0.00 0.00 0.00 0.00 0.00 0.00 0.00 0.00 0.00 0.00 0.00 0.00 0.00 0.00 0.00 0.00 0.00 0.00 0.00 0.00 0.00 0.00 0.00 0.00 0.00 0.00 0.00 0.00 0.00 0.00 0.00 0.00 0.00 0.00 0.00 0.00 1.69 2.33 2.33 2.33 2.14 2.67 2.67 2.67 2.51 2.51 2.51 2.51 2.38 2.38 2.38 2.38 2.40 2.40 0.00 0.00 0.00 0.00 2.50 2.50 2.73 2.73 2.73 2.73 2.92 0.00 0.00 2.92
2.30 2.30 2.30 2.30 2.21 2.21 2.21 2.21 2.26 2.26 2.26 1.80 1.82 1.82 1.82 1.82 0.00 0.00 0.00 0.00 0.00 0.00 0.00 0.00 0.00 0.00 0.00 0.00 0.00 0.00 0.00 0.00 0.00 0.00 0.00 0.00 0.00 0.00 0.00 0.00 0.00 0.00 0.00 0.00 0.00 0.00 0.00 0.00 0.00 2.43 2.43 2.43 2.33 2.33 2.33 2.33 2.14 2.67 2.67 2.67 2.51 2.51 2.51 2.01 0.00 0.00 2.38 2.38 0.00 1.95 2.40 0.00 0.00 2.50 2.50 2.50 2.73 2.73 2.73 2.73 0.00 0.00 2.92 2.92
2.07 2.07 2.07 2.07 2.03 2.03 2.03 2.03 2.14 0.00 2.14 1.74 1.79 1.79 1.79 1.79 1.85 1.85 0.00 0.00 0.00 0.00 0.00 0.00 0.00 0.00 0.00 0.00 0.00 0.00 0.00 0.00 0.00 0.00 0.00 1.97 0.00 2.00 0.00 0.00 0.00 0.00 0.00 0.00 0.00 0.00 2.62 2.62 2.36 2.13 2.13 2.13 2.02 2.02 2.02 2.02 1.95 2.49 2.49 2.49 2.37 2.37 2.37 0.00 0.00 0.00 0.00 0.00 2.27 2.27 0.00 1.88 2.43 2.43 2.43 2.43 2.75 2.75 2.75 2.75 2.88 2.88 2.88 2.88
2.07 2.07 2.07 2.07 2.03 2.03 2.03 2.03 2.14 2.14 0.00 1.74 1.79 2.25 2.25 1.79 1.85 1.85 1.85 1.85 0.00 0.00 0.00 0.00 0.00 0.00 0.00 0.00 0.00 0.00 0.00 0.00 0.00 0.00 0.00 0.00 0.00 0.00 0.00 2.00 0.00 0.00 2.75 1.16 0.00 0.00 2.62 2.62 2.36 0.00 1.85 2.36 2.26 2.02 2.02 2.02 2.49 2.49 2.49 2.49 2.37 2.37 2.37 2.37 0.00 0.00 0.00 0.00 0.00 0.00 0.00 0.00 0.00 2.43 2.43 2.43 2.75 2.75 2.75 2.75 2.88 2.88 2.88 2.88
2.07 2.07 2.07 2.07 2.03 2.03 2.03 2.03 2.14 2.14 2.14 2.14 2.25 2.25 2.25 1.79 1.85 1.85 1.85 1.85 1.88 0.00 0.00 0.00 0.00 0.00 0.00 0.00 0.00 0.00 0.00 0.00 2.59 2.59 2.59 0.00 0.00 0.00 0.00 2.37 2.75 2.75 2.75 2.75 0.00 2.62 1.98 0.00 0.00 0.00 0.00 0.00 0.00 2.26 2.26 2.26 2.49 2.49 2.49 2.49 2.37 2.37 2.37 2.37 0.00 0.00 0.00 0.00 0.00 0.00 0.00 0.00 0.00 2.43 2.43 2.43 2.75 2.12 2.75 2.75 2.88 2.88 2.88 2.88
2.07 2.07 2.07 2.07 2.03 2.03 2.03 2.03 2.14 2.14 2.14 2.14 2.25 2.25 2.25 2.25 1.85 2.36 1.85 1.85 1.88 0.00 0.00 0.00 1.93 1.15 0.00 0.00 0.00 0.00 1.94 1.94 2.59 2.59 2.59 1.97 2.00 0.00 0.00 0.00 2.75 2.75 2.75 2.05 2.62 2.62 2.62 0.00 0.00 0.00 0.00 0.00 0.00 0.00 0.00 0.00 0.00 0.00 0.00 2.49 2.37 2.37 2.37 2.37 2.23 0.00 0.00 0.00 0.00 0.00 2.27 0.00 2.43 2.43 2.43 2.43 0.00 2.75 2.75 2.75 2.88 2.88 2.88 2.88
1.87 1.87 1.87 1.87 1.83 1.83 1.83 1.83 1.98 1.98 1.98 1.98 2.18 2.18 2.18 2.18 2.38 2.38 1.86 1.86 1.90 1.90 0.00 1.90 1.94 1.94 2.53 2.53 1.97 1.15 1.15 1.97 2.67 2.67 2.67 2.01 2.08 2.08 1.17 0.00 0.00 2.63 2.63 2.63 2.27 2.27 2.27 2.27 0.00 2.15 0.00 0.00 0.00 0.00 0.00 0.00 0.00 0.00 2.36 0.00 2.31 2.31 0.00 0.00 0.00 0.00 0.00 0.00 0.00 0.00 2.32 2.32 2.57 2.57 0.00 2.03 2.82 2.82 2.82 2.82 2.74 2.74 2.74 2.74
1.87 1.87 1.87 1.87 1.83 1.83 1.83 1.83 1.98 1.98 1.98 1.98 2.18 2.18 2.18 2.18 2.38 2.38 2.38 1.86 1.90 1.90 1.90 1.90 1.94 1.94 1.94 2.53 1.97 2.32 1.15 1.15 2.01 2.01 2.67 2.67 2.08 1.17 2.08 2.08 2.63 2.63 2.63 2.63 2.27 2.27 2.27 2.27 1.74 0.00 2.15 0.00 0.00 0.00 0.00 0.00 0.00 0.00 0.00 0.00 0.00 0.00 0.00 0.00 0.00 0.00 0.00 0.00 0.00 0.00 0.00 2.32 2.57 2.57 2.57 2.57 2.82 2.82 2.82 2.82 2.74 2.74 2.74 2.74
1.87 1.87 1.87 1.87 1.83 1.83 1.83 1.83 1.98 1.98 1.98 1.98 2.18 2.18 2.18 2.18 2.38 2.38 2.38 0.00 0.00 1.90 1.90 1.90 1.94 2.27 2.53 2.53 1.97 1.97 1.97 2.60 2.01 2.01 2.01 2.01 2.80 1.17 2.08 2.08 2.63 2.63 2.63 2.63 2.27 2.27 2.27 2.27 2.15 1.74 0.00 0.00 0.00 0.00 0.00 0.00 0.00 0.00 0.00 0.00 0.00 0.00 0.00 0.00 0.00 0.00 0.00 0.00 0.00 0.00 0.00 2.32 0.00 2.57 2.57 2.57 2.82 2.82 2.82 2.82 2.74 2.74 2.74 2.74
1.87 1.87 1.87 1.87 1.83 1.83 1.83 1.83 1.98 1.98 1.98 1.98 2.18 2.18 2.18 2.18 2.38 0.00 0.00 0.00 0.00 0.00 1.90 1.90 1.94 1.94 2.53 2.53 2.60 2.60 2.60 2.60 2.67 2.67 2.67 2.01 2.80 2.08 2.08 2.80 2.63 2.63 2.63 2.63 2.27 0.00 0.00 0.00 0.00 0.00 0.00 2.15 0.00 0.00 0.00 0.00 0.00 0.00 0.00 0.00 0.00 0.00 0.00 0.00 0.00 0.00 0.00 0.00 0.00 0.00 0.00 0.00 2.03 2.57 2.57 2.57 2.82 2.82 2.82 2.82 2.74 2.74 2.74 2.74
1.76 1.76 1.76 1.76 1.81 1.81 1.81 1.81 2.01 2.01 2.01 2.01 2.23 2.23 2.23 2.23 1.88 0.00 0.00 0.00 0.00 2.41 2.41 0.00 0.00 1.89 2.44 2.44 2.52 2.52 2.52 2.52 1.16 1.16 1.16 2.67 2.67 2.01 0.00 2.67 2.37 2.37 2.37 2.37 2.17 0.00 2.17 0.00 0.00 0.00 0.00 0.00 0.00 0.00 0.00 0.00 0.00 0.00 0.00 0.00 0.00 0.00 0.00 0.00 0.00 0.00 0.00 0.00 0.00 0.00 0.00 0.00 2.63 2.63 2.63 2.63 2.73 2.73 2.73 2.73 2.56 2.56 2.56 2.56
1.76 1.76 1.76 1.76 1.81 1.81 1.81 1.81 2.01 2.01 2.01 2.01 2.23 2.23 2.23 2.23 2.42 0.00 0.00 0.00 1.87 2.41 2.41 2.41 2.44 2.44 2.44 2.44 2.52 2.52 2.52 2.52 2.67 2.67 2.01 2.67 2.67 2.67 2.01 2.67 2.37 2.37 2.37 2.37 0.00 0.00 0.00 0.00 0.00 0.00 0.00 0.00 0.00 0.00 0.00 0.00 0.00 0.00 0.00 0.00 0.00 0.00 0.00 0.00 0.00 0.00 0.00 0.00 0.00 0.00 0.00 2.46 2.63 2.63 2.63 2.63 2.73 2.73 2.73 2.73 2.56 2.56 2.56 2.56
1.75 1.75 1.75 1.75 1.79 1.79 1.79 1.79 1.98 1.98 1.98 1.98 2.20 2.20 2.20 2.20 2.38 2.38 0.00 2.38 2.37 2.37 2.37 2.37 2.40 2.40 2.40 2.40 2.47 2.47 2.47 2.47 2.62 2.62 2.62 2.62 2.62 2.62 2.62 2.62 2.32 2.32 2.32 2.32 0.00 0.00 0.00 0.00 0.00 0.00 0.00 0.00 0.00 0.00 0.00 0.00 0.00 0.00 0.00 0.00 0.00 0.00 0.00 0.00 0.00 0.00 0.00 0.00 0.00 0.00 0.00 2.41 2.54 2.54 2.54 2.54 2.63 2.63 2.63 2.63 2.48 2.48 2.48 2.48
1.75 1.75 1.75 1.75 1.79 1.79 1.79 1.79 1.98 1.98 1.98 1.98 2.20 2.20 2.20 2.20 2.38 2.38 2.38 2.38 2.37 2.37 2.37 2.37 2.40 2.40 2.40 2.40 2.47 2.47 2.47 2.47 2.62 2.62 2.62 2.62 2.62 2.62 2.62 2.62 2.32 2.32 2.32 0.00 0.00 0.00 0.00 0.00 0.00 2.20 2.20 0.00 0.00 0.00 0.00 0.00 0.00 0.00 0.00 0.00 0.00 0.00 0.00 0.00 0.00 0.00 0.00 0.00 0.00 0.00 2.41 2.41 2.54 2.54 2.54 2.54 2.63 2.63 2.63 0.00 2.48 2.48 2.48 1.98
1.80 1.80 1.80 1.80 2.00 2.00 2.00 2.00 2.21 2.21 2.21 2.21 2.32 2.32 2.32 2.32 2.38 2.38 2.38 2.38 2.32 2.32 2.32 2.32 2.25 2.25 2.25 2.25 2.32 2.32 2.32 2.32 2.52 2.52 2.52 2.52 2.45 2.45 2.45 2.45 2.28 2.28 2.28 0.00 0.00 0.00 0.00 1.82 2.34 2.34 2.34 2.34 2.20 0.00 0.00 0.00 0.00 0.00 0.00 0.00 0.00 0.00 0.00 0.00 0.00 0.00 0.00 0.00 0.00 0.00 2.44 2.44 2.48 2.48 2.48 2.48 2.53 2.53 0.00 0.00 2.42 2.42 2.42 1.95
1.80 1.80 1.80 1.80 2.00 2.00 2.00 2.00 2.21 2.21 2.21 2.21 2.32 2.32 2.32 2.32 2.38 2.38 2.38 2.38 2.32 2.32 2.32 2.32 2.25 2.25 2.25 2.25 2.32 2.32 2.32 2.32 2.52 2.52 2.52 2.52 2.45 2.45 2.45 1.89 2.28 2.28 2.28 0.00 0.00 0.00 2.31 2.31 2.34 0.00 2.34 2.34 0.00 0.00 0.00 0.00 0.00 0.00 0.00 0.00 0.00 0.00 0.00 0.00 0.00 0.00 0.00 0.00 0.00 2.44 2.44 0.00 2.48 2.48 2.48 2.48 2.53 0.00 0.00 0.00 1.95 2.42 2.42 1.95
1.80 1.80 1.80 1.80 2.00 2.00 2.00 2.00 2.21 2.21 2.21 0.00 1.83 2.32 2.32 2.32 2.38 0.00 0.00 2.38 2.32 2.32 2.32 2.32 2.25 2.25 2.25 2.25 2.32 2.32 2.32 2.32 2.52 2.52 2.52 2.52 2.45 2.45 2.45 2.45 2.28 2.28 2.28 2.28 0.00 2.31 2.31 0.00 0.00 0.00 0.00 2.34 0.00 0.00 0.00 0.00 0.00 0.00 0.00 0.00 0.00 0.00 0.00 0.00 0.00 0.00 0.00 0.00 0.00 0.00 0.00 0.00 0.00 0.00 2.48 2.48 2.53 2.53 2.53 2.53 2.42 2.42 1.95 1.95
1.80 1.80 1.80 1.80 2.00 2.00 2.00 2.00 2.21 2.21 2.21 0.00 0.00 2.32 2.32 2.32 2.38 0.00 2.38 2.38 2.32 2.32 2.32 2.32 2.25 2.25 2.25 2.25 2.32 2.32 2.32 2.32 2.52 2.52 2.52 2.52 2.45 2.45 2.45 2.45 2.28 2.28 2.28 0.00 0.00 2.31 1.82 0.00 0.00 0.00 2.34 2.34 0.00 0.00 2.01 2.01 0.00 0.00 0.00 0.00 0.00 0.00 0.00 0.00 0.00 0.00 0.00 0.00 2.44 0.00 0.00 0.00 2.48 2.48 2.48 2.48 0.00 2.53 2.53 2.53 2.42 2.42 1.95 1.95
1.92 1.92 1.92 1.92 2.12 2.12 2.12 2.12 2.31 2.31 1.83 0.00 2.36 2.36 2.36 2.36 0.00 0.00 1.85 2.37 2.29 2.29 2.29 2.29 2.20 2.20 2.20 2.20 2.27 2.27 2.27 2.27 2.36 2.36 2.36 2.36 2.32 2.32 2.32 2.32 2.36 2.36 2.36 2.36 2.43 2.43 2.43 0.00 0.00 0.00 2.32 2.32 0.00 0.00 0.00 0.00 0.00 0.00 0.00 0.00 0.00 0.00 0.00 0.00 0.00 0.00 0.00 0.00 0.00 0.00 0.00 0.00 0.00 2.43 2.43 0.00 0.00 0.00 0.00 0.00 2.31 2.31 1.89 1.89
1.92 1.92 1.92 1.92 2.12 2.12 2.12 2.12 2.31 2.31 0.00 0.00 2.36 2.36 2.36 2.36 1.85 0.00 0.00 2.37 2.29 2.29 2.29 2.29 2.20 2.20 2.20 2.20 2.27 2.27 2.27 2.27 2.36 2.36 2.36 2.36 2.32 2.32 2.32 2.32 2.36 0.00 0.00 0.00 2.43 2.43 0.00 0.00 0.00 0.00 1.83 2.32 0.00 0.00 0.00 0.00 0.00 0.00 0.00 0.00 0.00 0.00 0.00 0.00 0.00 0.00 0.00 0.00 0.00 0.00 0.00 0.00 0.00 0.00 2.43 0.00 0.00 0.00 0.00 0.00 0.00 2.31 1.89 0.00
1.92 1.92 1.92 1.92 2.12 2.12 2.12 2.12 2.31 2.31 2.31 1.83 1.85 2.36 2.36 0.00 2.37 2.37 1.85 1.85 2.29 2.29 2.29 2.29 2.20 2.20 2.20 2.20 2.27 2.27 2.27 2.27 2.36 2.36 2.36 2.36 2.32 2.32 2.32 2.32 2.36 0.00 0.00 0.00 0.00 0.00 0.00 0.00 0.00 0.00 2.32 2.32 1.76 0.00 0.00 0.00 0.00 0.00 0.00 0.00 0.00 0.00 0.00 0.00 0.00 0.00 0.00 0.00 0.00 0.00 0.00 0.00 0.00 0.00 2.22 0.00 0.00 0.00 0.00 0.00 0.00 0.00 0.00 0.00
1.92 1.92 1.92 1.92 2.12 2.12 2.12 2.12 2.31 2.31 2.31 1.83 1.85 2.36 0.00 1.85 2.37 1.85 1.85 1.85 2.29 2.29 2.29 2.29 2.20 2.20 2.20 2.20 2.27 2.27 2.27 2.27 2.36 2.36 2.36 2.36 2.32 2.32 2.32 2.32 2.36 0.00 0.00 0.00 0.00 0.00 0.00 0.00 0.00 2.32 2.32 0.00 0.00 0.00 0.00 0.00 0.00 0.00 0.00 0.00 0.00 0.00 0.00 0.00 0.00 0.00 0.00 0.00 0.00 0.00 0.00 0.00 0.00 2.43 0.00 0.00 0.00 0.00 0.00 0.00 0.00 0.00 0.00 0.00
1.83 1.83 1.83 1.83 2.01 2.01 2.01 2.01 2.29 2.29 2.29 2.29 2.41 2.41 0.00 2.41 2.42 1.88 1.88 2.42 2.26 2.26 2.26 2.26 2.09 2.09 2.09 2.09 2.12 2.12 2.12 2.12 2.17 2.17 2.17 2.17 2.22 2.22 2.22 2.22 2.43 0.00 0.00 0.00 0.00 0.00 0.00 0.00 2.28 2.28 2.28 1.81 1.74 0.00 0.00 0.00 0.00 0.00 0.00 0.00 0.00 0.00 0.00 0.00 0.00 0.00 0.00 0.00 0.00 0.00 0.00 0.00 0.00 0.00 0.00 0.00 0.00 0.00 0.00 0.00 0.00 0.00 0.00 0.00
1.83 1.83 1.83 1.83 2.01 2.01 2.01 2.01 2.29 2.29 2.29 2.29 1.87 0.00 0.00 0.00 1.88 1.88 1.88 2.42 2.26 2.26 2.26 2.26 2.09 2.09 2.09 2.09 2.12 2.12 2.12 2.12 2.17 2.17 2.17 2.17 2.22 2.22 2.22 2.22 2.43 2.43 0.00 0.00 0.00 0.00 2.48 0.00 2.28 2.28 0.00 0.00 0.00 0.00 0.00 0.00 0.00 0.00 0.00 0.00 0.00 0.00 0.00 0.00 0.00 0.00 0.00 0.00 0.00 0.00 0.00 0.00 0.00 0.00 0.00 0.00 0.00 0.00 0.00 0.00 0.00 0.00 0.00 0.00
1.83 1.83 1.83 1.83 2.01 2.01 2.01 2.01 2.29 2.29 2.29 2.29 1.87 0.00 0.00 0.00 1.88 2.42 1.88 2.42 2.26 2.26 2.26 2.26 2.09 2.09 2.09 2.09 2.12 2.12 2.12 2.12 2.17 2.17 2.17 2.17 2.22 2.22 2.22 2.22 2.43 2.43 0.00 0.00 2.48 2.48 2.48 2.48 2.28 2.28 0.00 0.00 0.00 0.00 0.00 0.00 0.00 0.00 0.00 0.00 0.00 0.00 0.00 0.00 0.00 0.00 0.00 0.00 0.00 0.00 0.00 0.00 0.00 0.00 0.00 0.00 0.00 0.00 0.00 0.00 0.00 0.00 0.00 0.00
0.00 1.83 1.83 1.83 2.01 2.01 2.01 2.01 2.29 2.29 2.29 2.29 1.87 0.00 0.00 0.00 0.00 1.88 2.42 2.42 2.26 2.26 2.26 2.26 2.09 2.09 2.09 2.09 2.12 2.12 2.12 2.12 2.17 2.17 2.17 2.17 2.22 2.22 2.22 2.22 2.43 2.43 0.00 0.00 0.00 2.48 2.48 2.48 2.28 0.00 0.00 0.00 0.00 0.00 0.00 0.00 0.00 0.00 0.00 0.00 0.00 0.00 0.00 0.00 0.00 0.00 0.00 0.00 0.00 0.00 0.00 0.00 0.00 0.00 0.00 0.00 0.00 0.00 0.00 0.00 0.00 0.00 0.00 0.00
0.00 1.74 1.74 1.74 1.99 1.99 1.99 1.99 2.37 2.37 2.37 0.00 0.00 0.00 0.00 0.00 0.00 0.00 2.47 2.47 2.20 2.20 2.20 2.20 1.99 1.99 1.99 1.99 1.93 1.93 1.93 1.93 1.92 1.92 1.92 1.92 2.08 2.08 2.08 2.08 2.51 2.51 2.51 2.51 2.57 2.57 2.57 2.57 0.00 0.00 0.00 0.00 0.00 0.00 0.00 0.00 0.00 0.00 0.00 0.00 0.00 0.00 0.00 0.00 0.00 0.00 0.00 0.00 0.00 0.00 0.00 0.00 0.00 0.00 0.00 0.00 0.00 0.00 0.00 0.00 0.00 0.00 0.00 0.00
1.74 1.74 1.74 1.74 1.99 1.99 1.99 1.99 2.37 2.37 2.37 0.00 0.00 0.00 0.00 0.00 0.00 0.00 2.47 2.47 2.20 2.20 2.20 2.20 1.99 1.99 1.99 1.99 1.93 1.93 1.93 1.93 1.92 1.92 1.92 1.92 2.08 2.08 2.08 2.08 2.51 2.51 2.51 2.51 2.57 2.57 2.57 2.57 0.00 0.00 0.00 0.00 0.00 0.00 0.00 0.00 0.00 0.00 0.00 0.00 0.00 0.00 0.00 0.00 0.00 0.00 0.00 0.00 0.00 0.00 0.00 0.00 0.00 0.00 0.00 0.00 0.00 0.00 0.00 0.00 0.00 0.00 0.00 0.00
0.00 0.00 1.70 1.70 1.93 1.93 1.93 1.93 2.26 2.26 2.26 0.00 0.00 0.00 2.38 2.38 2.36 2.36 2.36 2.36 2.11 2.11 2.11 2.11 1.91 1.91 1.91 1.91 1.85 1.85 1.85 1.85 1.85 1.85 1.85 1.85 1.99 1.99 1.99 1.99 2.36 2.36 2.36 2.36 2.41 2.41 2.41 0.00 0.00 0.00 0.00 0.00 0.00 0.00 0.00 0.00 0.00 0.00 0.00 0.00 0.00 0.00 0.00 0.00 0.00 0.00 0.00 0.00 0.00 0.00 0.00 0.00 0.00 0.00 0.00 0.00 0.00 0.00 0.00 0.00 0.00 0.00 0.00 0.00
0.00 0.00 0.00 1.70 1.93 1.93 1.93 1.93 2.26 2.26 2.26 2.26 2.38 2.38 2.38 2.38 2.36 2.36 2.36 2.36 2.11 2.11 2.11 2.11 1.91 1.91 1.91 1.91 1.85 1.85 1.85 1.85 1.85 1.85 1.85 1.85 1.99 1.99 1.99 1.99 2.36 2.36 2.36 2.36 2.41 2.41 2.41 2.41 0.00 0.00 0.00 0.00 0.00 0.00 0.00 0.00 0.00 0.00 0.00 0.00 0.00 0.00 0.00 0.00 0.00 0.00 0.00 0.00 0.00 0.00 0.00 0.00 0.00 0.00 0.00 0.00 0.00 0.00 0.00 0.00 0.00 0.00 0.00 0.00
1.75 1.75 1.75 1.75 1.98 1.98 1.98 1.98 2.32 2.32 2.32 2.32 2.43 2.43 2.43 2.43 2.37 2.37 2.37 2.37 2.16 2.16 2.16 2.16 1.92 1.92 1.92 1.92 1.78 1.78 1.78 1.78 1.77 1.77 1.77 1.77 2.01 2.01 2.01 2.01 2.38 2.38 2.38 2.38 2.48 1.91 2.48 2.48 2.28 0.00 0.00 0.00 0.00 0.00 0.00 0.00 0.00 0.00 0.00 0.00 0.00 0.00 0.00 0.00 0.00 0.00 0.00 0.00 0.00 0.00 0.00 0.00 0.00 0.00 0.00 0.00 0.00 0.00 0.00 0.00 0.00 0.00 0.00 0.00
1.75 0.00 0.00 0.00 1.98 1.98 1.98 1.98 2.32 2.32 2.32 2.32 2.43 1.88 2.43 2.43 2.37 2.37 2.37 2.37 2.16 2.16 2.16 2.16 1.92 1.92 1.92 1.92 1.78 1.78 1.78 1.78 1.77 1.77 1.77 1.77 2.01 2.01 2.01 2.01 2.38 2.38 2.38 2.38 2.48 2.48 2.48 2.48 2.28 2.28 2.28 2.58 2.39 0.00 0.00 0.00 0.00 0.00 0.00 0.00 0.00 0.00 0.00 0.00 0.00 0.00 0.00 0.00 0.00 0.00 0.00 0.00 0.00 0.00 0.00 0.00 0.00 0.00 0.00 0.00 0.00 0.00 0.00 0.00
0.00 0.00 0.00 0.00 1.98 1.98 1.98 1.98 2.32 2.32 2.32 2.32 1.88 1.88 2.43 2.43 2.37 2.37 2.37 2.37 2.16 2.16 2.16 2.16 1.92 1.92 1.92 1.92 1.78 1.78 1.78 1.78 1.77 1.77 1.77 1.77 2.01 2.01 2.01 2.01 2.38 2.38 2.38 2.38 2.48 2.48 2.48 2.48 2.28 2.28 2.28 2.58 2.39 0.00 0.00 0.00 0.00 0.00 0.00 0.00 0.00 0.00 0.00 0.00 0.00 0.00 0.00 0.00 0.00 0.00 0.00 0.00 0.00 0.00 0.00 0.00 0.00 0.00 0.00 0.00 0.00 0.00 0.00 0.00
0.00 0.00 0.00 1.75 1.98 1.98 1.98 1.98 2.32 2.32 2.32 0.00 2.43 2.43 2.43 2.43 2.37 2.37 2.37 2.37 2.16 2.16 2.16 2.16 1.92 1.92 1.92 1.92 1.78 1.78 1.78 1.78 1.77 1.77 1.77 1.77 2.01 2.01 2.01 2.01 2.38 2.38 2.38 2.38 2.48 2.48 1.91 1.91 1.80 1.80 2.28 2.58 2.39 0.00 0.00 0.00 0.00 0.00 0.00 0.00 0.00 0.00 0.00 0.00 0.00 0.00 0.00 0.00 0.00 0.00 0.00 0.00 0.00 0.00 0.00 0.00 0.00 0.00 0.00 0.00 0.00 0.00 0.00 0.00
0.00 0.00 0.00 1.80 1.97 1.97 1.97 1.97 2.42 2.42 2.42 2.42 2.49 2.49 2.49 2.49 2.33 2.33 2.33 2.33 2.21 2.21 2.21 2.21 2.00 2.00 2.00 2.00 1.78 1.78 1.78 1.78 1.80 1.80 1.80 1.80 2.13 2.13 2.13 2.13 2.41 2.41 2.41 2.41 2.47 2.47 2.47 0.00 0.00 0.00 2.38 0.00 0.00 0.00 0.00 0.00 0.00 0.00 0.00 0.00 0.00 0.00 0.00 0.00 0.00 0.00 0.00 0.00 0.00 0.00 0.00 0.00 0.00 0.00 0.00 0.00 0.00 0.00 0.00 0.00 0.00 0.00 0.00 0.00
0.00 0.00 0.00 0.00 0.00 1.97 1.97 1.97 2.42 2.42 2.42 2.42 2.49 2.49 2.49 2.49 2.33 2.33 2.33 2.33 2.21 2.21 2.21 2.21 2.00 2.00 2.00 2.00 1.78 1.78 1.78 1.78 1.80 1.80 1.80 1.80 2.13 2.13 2.13 2.13 2.41 2.41 2.41 0.00 2.47 2.47 2.47 0.00 0.00 0.00 0.00 0.00 0.00 0.00 0.00 0.00 0.00 0.00 0.00 0.00 0.00 0.00 0.00 0.00 0.00 0.00 0.00 0.00 0.00 0.00 0.00 0.00 0.00 0.00 0.00 0.00 0.00 0.00 0.00 0.00 0.00 0.00 0.00 0.00
