New_Model_Runs/13_Future_RCP4.5_Scn3_out/post_prcessed_with_MFR/Monthly_summaries/interception_monthly_MAR.asc
NCOLS 700
NROWS 400
XLLCENTER 515000.000000
YLLCENTER 8409000.000000
CELLSIZE 50.000000
NODATA_value -999.000000
[rows 228 to 265 of 400, columns 84 to 167 of 700]
1.71 1.71 1.71 1.71 1.71 1.71 1.71 1.71 1.71 1.71 1.71 1.71 1.76 1.76 1.76 1.76 1.83 1.83 1.83 1.83 1.85 1.85 1.85 1.85 1.80 1.80 1.80 1.80 1.78 1.78 1.78 1.78 1.75 1.75 1.75 1.75 1.70 1.70 1.70 1.70 1.68 1.68 1.68 1.68 1.73 1.73 1.73 1.73 1.78 1.78 1.78 1.78 1.79 1.79 1.79 1.79 1.75 1.75 1.75 1.75 1.74 1.74 1.74 1.74 1.76 1.76 1.76 1.76 1.78 1.78 1.78 1.78 1.75 1.75 1.75 1.75 1.73 1.73 1.73 1.73 1.74 1.74 1.74 1.74
1.71 1.71 1.71 1.71 1.71 1.71 1.71 1.71 1.71 1.71 1.71 1.71 1.76 1.76 1.76 1.76 1.83 1.83 1.83 1.83 1.85 1.85 1.85 1.85 1.80 1.80 1.80 1.80 1.78 1.78 1.78 1.78 1.75 1.75 1.75 1.75 1.70 1.70 1.70 1.70 1.68 1.68 1.68 1.68 1.73 1.73 1.73 1.73 1.78 1.78 1.78 1.78 1.79 1.79 1.79 1.79 1.75 1.75 1.75 1.75 1.74 1.74 1.74 1.74 1.76 1.76 1.76 1.76 1.78 1.78 1.78 1.78 1.75 1.75 1.75 1.75 1.73 1.73 1.73 1.73 1.74 1.74 1.74 1.74
1.71 1.71 1.71 1.71 1.71 1.71 1.71 1.71 1.71 1.71 1.71 1.71 1.76 1.76 1.76 1.76 1.83 1.83 1.83 1.83 1.85 1.85 1.85 1.85 1.80 1.80 1.80 1.80 1.78 1.78 1.78 1.78 1.75 1.75 1.75 1.75 1.70 1.70 1.70 1.70 1.68 1.68 1.68 1.68 1.73 1.73 1.73 1.73 1.78 1.78 1.78 1.78 1.79 1.79 1.79 1.79 1.75 1.75 1.75 1.75 1.74 1.74 1.74 1.74 1.76 1.76 1.76 1.76 1.78 1.78 1.78 1.78 1.75 1.75 1.75 1.75 1.73 1.73 1.73 1.73 1.74 1.74 1.74 1.74
1.71 1.71 1.71 1.71 1.71 1.71 1.71 1.71 1.71 1.71 1.71 1.71 1.76 1.76 1.76 1.76 1.83 1.83 1.83 1.83 1.85 1.85 1.85 1.85 1.80 1.80 1.80 1.80 1.78 1.78 1.78 1.78 1.75 1.75 1.75 1.75 1.70 1.70 1.70 1.70 1.68 1.68 1.68 1.68 1.73 1.73 1.73 1.73 1.78 1.78 1.78 1.78 1.79 1.79 1.79 1.79 1.75 1.75 1.75 1.75 1.74 1.74 1.74 1.74 1.76 1.76 1.76 1.76 1.78 1.78 1.78 1.78 1.75 1.75 1.75 1.75 1.73 1.73 1.73 1.73 1.74 1.74 1.74 1.74
1.78 1.78 1.78 1.78 1.79 1.79 1.79 1.79 1.79 1.79 1.79 1.79 1.86 1.86 1.86 1.86 1.90 1.90 1.90 1.90 1.85 1.85 1.85 1.85 1.80 1.80 1.80 1.80 1.77 1.77 1.77 1.77 1.72 1.72 1.72 1.72 1.72 1.72 1.72 1.72 1.74 1.74 1.74 1.74 1.79 1.79 1.79 1.79 1.78 1.78 1.78 1.78 1.73 1.73 1.73 1.73 1.68 1.68 1.68 1.68 1.68 1.68 1.68 1.68 1.73 1.73 1.73 1.73 1.76 1.76 1.76 1.76 1.70 1.70 1.70 1.70 1.67 1.67 1.67 1.67 1.67 1.67 1.67 1.67
1.78 1.78 1.78 1.78 1.79 1.79 1.79 1.79 1.79 1.79 1.79 1.79 1.86 1.86 1.86 1.86 1.90 1.90 1.90 1.90 1.85 1.85 1.85 1.85 1.80 1.80 1.80 1.80 1.77 1.77 1.77 1.77 1.72 1.72 1.72 1.72 1.72 1.72 1.72 1.72 1.74 1.74 1.74 1.74 1.79 1.79 1.79 1.79 1.78 1.78 1.78 1.78 1.73 1.73 1.73 1.73 1.68 1.68 1.68 1.68 1.68 1.68 1.68 1.68 1.73 1.73 1.73 1.73 1.76 1.76 1.76 1.76 1.70 1.70 1.70 1.70 1.67 1.67 1.67 1.67 1.67 1.67 1.67 1.67
1.78 1.78 1.78 1.78 1.79 1.79 1.79 1.79 1.79 1.79 1.79 1.79 1.86 1.86 1.86 1.86 1.90 1.90 1.90 1.90 1.85 1.85 1.85 1.85 1.80 1.80 1.80 1.80 1.77 1.77 1.77 1.77 1.72 1.72 1.72 1.72 1.72 1.72 1.72 1.72 1.74 1.74 1.74 1.74 1.79 1.79 1.79 1.79 1.78 1.78 1.78 1.78 1.73 1.73 1.73 1.73 1.68 1.68 1.68 1.68 1.68 1.68 1.68 1.68 1.73 1.73 1.73 1.73 1.76 1.76 1.76 1.76 1.70 1.70 1.70 1.70 1.67 1.67 1.67 1.67 1.67 1.67 1.67 1.67
1.78 1.78 1.78 1.78 1.79 1.79 1.79 1.79 1.79 1.79 1.79 1.79 1.86 1.86 1.86 1.86 1.90 1.90 1.90 1.90 1.85 1.85 1.85 1.85 1.80 1.80 1.80 1.80 1.77 1.77 1.77 1.77 1.72 1.72 1.72 1.72 1.72 1.72 1.72 1.72 1.74 1.74 1.74 1.74 1.79 1.79 1.79 1.79 1.78 1.78 1.78 1.78 1.73 1.73 1.73 1.73 1.68 1.68 1.68 1.68 1.68 1.68 1.68 1.68 1.73 1.73 1.73 1.73 1.76 1.76 1.76 1.76 1.70 1.70 1.70 1.70 1.67 1.67 1.67 1.67 1.67 1.67 1.67 1.67
1.85 1.85 1.85 1.85 1.85 1.85 1.85 1.85 1.86 1.86 1.86 1.86 1.90 1.90 1.90 1.90 1.83 1.83 1.83 1.83 1.75 1.75 1.75 1.75 1.71 1.71 1.71 1.71 1.69 1.69 1.69 1.69 1.68 1.68 1.68 1.68 1.73 1.73 1.73 1.73 1.75 1.75 1.75 1.75 1.73 1.73 1.73 1.73 1.68 1.68 1.68 1.68 1.64 1.64 1.64 1.64 1.60 1.60 1.60 1.60 1.62 1.62 1.62 1.62 1.71 1.71 1.71 1.71 1.74 1.74 1.74 1.74 1.67 1.67 1.67 1.67 1.65 1.65 1.65 1.65 1.63 1.63 1.63 1.63
1.85 1.85 1.85 1.85 1.85 1.85 1.85 1.85 1.86 1.86 1.86 1.86 1.90 1.90 1.90 1.90 1.83 1.83 1.83 1.83 1.75 1.75 1.75 1.75 1.71 1.71 1.71 1.71 1.69 1.69 1.69 1.69 1.68 1.68 1.68 1.68 1.73 1.73 1.73 1.73 1.75 1.75 1.75 1.75 1.73 1.73 1.73 1.73 1.68 1.68 1.68 1.68 1.64 1.64 1.64 1.64 1.60 1.60 1.60 1.60 1.62 1.62 1.62 1.62 1.71 1.71 1.71 1.71 1.74 1.74 1.74 1.74 1.67 1.67 1.67 1.67 1.65 1.65 1.65 1.65 1.63 1.63 1.63 1.63
1.85 1.85 1.85 1.85 1.85 1.85 1.85 1.85 1.86 1.86 1.86 1.86 1.90 1.90 1.90 1.90 1.83 1.83 1.83 1.83 1.75 1.75 1.75 1.75 1.71 1.71 1.71 1.71 1.69 1.69 1.69 1.69 1.68 1.68 1.68 1.68 1.73 1.73 1.73 1.73 1.75 1.75 1.75 1.75 1.73 1.73 1.73 1.73 1.68 1.68 1.68 1.68 1.64 1.64 1.64 1.64 1.60 1.60 1.60 1.60 1.62 1.62 1.62 1.62 1.71 1.71 1.71 1.71 1.74 1.74 1.74 1.74 1.67 1.67 1.67 1.67 1.65 1.65 1.65 1.65 1.63 1.63 1.63 1.63
1.85 1.85 1.85 1.85 1.85 1.85 1.85 1.85 1.86 1.86 1.86 1.86 1.90 1.90 1.90 1.90 1.83 1.83 1.83 1.83 1.75 1.75 1.75 1.75 1.71 1.71 1.71 1.71 1.69 1.69 1.69 1.69 1.68 1.68 1.68 1.68 1.73 1.73 1.73 1.73 1.75 1.75 1.75 1.75 1.73 1.73 1.73 1.73 1.68 1.68 1.68 1.68 1.64 1.64 1.64 1.64 1.60 1.60 1.60 1.60 1.62 1.62 1.62 1.62 1.71 1.71 1.71 1.71 1.74 1.74 1.74 1.74 1.67 1.67 1.67 1.67 1.65 1.65 1.65 1.65 1.63 1.63 1.63 1.63
1.88 1.88 1.88 1.88 1.85 1.85 1.85 1.85 1.83 1.83 1.83 1.83 1.83 1.83 1.83 1.83 1.72 1.72 1.72 1.72 1.66 1.66 1.66 1.66 1.62 1.62 1.62 1.62 1.63 1.63 1.63 1.63 1.69 1.69 1.69 1.69 1.72 1.72 1.72 1.72 1.72 1.72 1.72 1.72 1.69 1.69 1.69 1.69 1.62 1.62 1.62 1.62 1.57 1.57 1.57 1.57 1.56 1.56 1.56 1.56 1.63 1.63 1.63 1.63 1.73 1.73 1.73 1.73 1.74 1.74 1.74 1.74 1.68 1.68 1.68 1.68 1.64 1.64 1.64 1.64 1.60 1.60 1.60 1.60
1.88 1.88 1.88 1.88 1.85 1.85 1.85 1.85 1.83 1.83 1.83 1.83 1.83 1.83 1.83 1.83 1.72 1.72 1.72 1.72 1.66 1.66 1.66 1.66 1.62 1.62 1.62 1.62 1.63 1.63 1.63 1.63 1.69 1.69 1.69 1.69 1.72 1.72 1.72 1.72 1.72 1.72 1.72 1.72 1.69 1.69 1.69 1.69 1.62 1.62 1.62 1.62 1.57 1.57 1.57 1.57 1.56 1.56 1.56 1.56 1.63 1.63 1.63 1.63 1.73 1.73 1.73 1.73 1.74 1.74 1.74 1.74 1.68 1.68 1.68 1.68 1.64 1.64 1.64 1.64 1.60 1.60 1.60 1.60
1.89 1.89 1.89 1.89 1.86 1.86 1.86 1.86 1.84 1.84 1.84 1.84 1.83 1.83 1.83 1.83 1.72 1.72 1.72 1.72 1.65 1.65 1.65 1.65 1.62 1.62 1.62 1.62 1.62 1.62 1.62 1.62 1.68 1.68 1.68 1.68 1.71 1.71 1.71 1.71 1.71 1.71 1.71 1.71 1.68 1.68 1.68 1.68 1.61 1.61 1.61 1.61 1.57 1.57 1.57 1.57 1.55 1.55 1.55 1.55 1.62 1.62 1.62 1.62 1.72 1.72 1.72 1.72 1.73 1.73 1.73 1.73 1.67 1.67 1.67 1.67 1.64 1.64 1.64 1.64 1.60 1.60 1.60 1.60
1.89 1.89 1.89 1.89 1.86 1.86 1.86 1.86 1.84 1.84 1.84 1.84 1.83 1.83 1.83 1.83 1.72 1.72 1.72 1.72 1.65 1.65 1.65 1.65 1.62 1.62 1.62 1.62 1.62 1.62 1.62 1.62 1.68 1.68 1.68 1.68 1.71 1.71 1.71 1.71 1.71 1.71 1.71 1.71 1.68 1.68 1.68 1.68 1.61 1.61 1.61 1.61 1.57 1.57 1.57 1.57 1.55 1.55 1.55 1.55 1.62 1.62 1.62 1.62 1.72 1.72 1.72 1.72 1.73 1.73 1.73 1.73 1.67 1.67 1.67 1.67 1.64 1.64 1.64 1.64 1.60 1.60 1.60 1.60
1.88 1.88 1.88 1.88 1.83 1.83 1.83 1.83 1.82 1.82 1.82 1.82 1.79 1.79 1.79 1.79 1.68 1.68 1.68 1.68 1.60 1.60 1.60 1.60 1.56 1.56 1.56 1.56 1.62 1.62 1.62 1.62 1.71 1.71 1.71 1.71 1.71 1.71 1.71 1.71 1.70 1.70 1.70 1.70 1.69 1.69 1.69 1.69 1.60 1.60 1.60 1.60 1.54 1.54 1.54 1.54 1.56 1.56 1.56 1.56 1.68 1.68 1.68 1.68 1.75 1.75 1.75 1.75 1.74 1.74 1.74 1.74 1.71 1.71 1.71 1.71 1.66 1.66 1.66 1.66 1.57 1.57 1.57 1.57
1.88 1.88 1.88 1.88 1.83 1.83 1.83 1.83 1.82 1.82 1.82 1.82 1.79 1.79 1.79 1.79 1.68 1.68 1.68 1.68 1.60 1.60 1.60 1.60 1.56 1.56 1.56 1.34 1.62 1.62 1.62 1.62 1.71 1.71 1.71 1.71 1.71 1.71 1.71 1.71 1.70 1.70 1.70 1.70 1.69 1.69 1.69 1.69 1.60 1.60 1.60 1.60 1.54 1.54 1.54 0.69 1.56 1.56 1.56 1.56 1.68 1.68 1.68 1.68 1.75 1.75 1.75 1.75 1.74 1.74 1.74 1.74 1.71 1.71 1.71 1.71 1.66 1.66 1.66 1.66 1.57 1.57 1.57 1.57
1.88 1.88 1.88 1.88 1.83 1.83 1.83 1.83 1.82 1.82 1.82 1.82 1.79 1.79 1.79 1.79 1.68 1.68 1.68 1.68 1.60 1.60 1.60 1.60 1.56 1.56 1.56 0.00 0.00 0.00 1.62 1.62 1.71 1.71 1.71 1.71 1.71 1.71 1.71 1.71 1.70 1.70 1.70 1.70 1.69 1.69 1.69 1.69 1.60 1.60 1.60 1.60 1.54 1.54 1.54 1.54 1.56 1.56 1.56 1.56 1.68 1.68 1.68 1.68 1.75 1.75 1.75 1.75 1.74 1.74 1.74 1.74 1.71 1.71 1.71 1.71 1.66 1.66 1.66 1.66 1.57 1.57 1.57 1.57
1.88 1.88 1.88 1.88 1.83 1.83 1.83 1.83 1.82 1.82 1.82 1.82 1.79 1.79 1.79 1.79 1.68 1.68 1.68 1.68 1.60 1.60 1.60 1.60 1.56 1.56 1.56 0.00 0.00 0.00 0.00 1.62 1.71 1.71 1.71 1.71 1.71 1.71 1.71 1.71 1.70 1.70 1.70 1.70 1.69 1.69 1.69 1.69 1.60 1.60 1.60 1.60 1.54 1.54 1.54 1.54 1.56 1.56 1.56 1.56 1.68 1.68 1.68 1.68 1.75 1.75 1.75 1.75 1.74 1.74 1.74 1.74 1.71 1.71 1.71 1.71 1.66 1.66 1.66 1.66 1.57 1.57 1.57 1.57
1.87 1.87 1.87 1.87 1.82 1.82 1.82 1.82 1.82 1.82 1.82 1.82 1.79 1.79 1.79 1.79 1.66 1.66 1.66 1.66 1.57 1.57 1.57 1.57 1.56 1.56 0.00 0.00 0.00 0.00 1.65 1.65 1.73 1.73 1.73 1.73 1.71 1.71 1.71 1.71 1.69 1.69 1.69 1.69 1.71 1.71 1.71 1.71 1.63 1.63 1.63 1.63 1.55 1.55 1.55 1.55 1.60 1.60 1.60 1.60 1.72 1.72 1.72 1.72 1.75 1.75 1.75 1.75 1.75 1.75 1.75 1.75 1.74 1.74 1.74 1.74 1.68 1.68 1.68 1.68 1.58 1.58 1.58 1.58
1.87 1.87 1.87 1.87 1.82 1.82 1.82 1.82 1.82 1.82 1.82 1.82 1.79 1.79 1.79 1.79 1.66 1.66 1.66 1.66 1.57 1.57 1.57 1.57 1.56 1.56 1.56 1.33 0.00 0.00 1.65 1.65 1.73 1.73 1.73 1.73 1.71 1.71 1.71 1.71 1.69 1.69 1.69 1.69 1.71 1.71 1.71 1.71 1.63 1.63 1.63 1.63 1.55 1.55 0.00 0.00 1.60 1.60 1.60 1.60 1.72 1.72 1.72 1.72 1.75 1.75 1.75 1.75 1.75 1.75 1.75 1.75 1.74 1.74 1.74 1.74 1.68 1.68 1.68 1.68 1.58 1.58 1.58 1.58
1.87 1.87 1.87 1.87 1.82 1.82 1.82 1.82 1.82 1.82 1.82 1.82 1.79 1.79 1.79 1.79 1.66 1.66 1.66 1.66 1.57 0.00 1.57 0.00 0.00 1.56 1.56 1.56 1.65 1.37 1.65 1.65 1.73 1.73 1.73 1.73 1.71 1.71 1.71 1.71 1.69 1.69 1.69 1.69 1.71 1.71 1.71 1.71 1.63 1.63 1.63 1.63 1.55 1.55 0.00 0.00 1.60 1.60 1.60 1.60 1.72 1.72 1.72 1.72 1.75 1.75 1.75 1.75 1.75 1.75 1.75 1.75 1.74 1.74 1.74 1.74 1.68 1.68 1.68 1.68 1.58 1.58 1.58 1.58
1.87 1.87 1.87 1.87 1.82 1.82 1.82 1.82 1.82 1.82 1.82 1.82 1.79 1.79 1.79 1.79 1.66 1.66 1.66 1.66 0.00 0.00 0.00 0.00 0.00 1.56 1.56 1.56 1.65 1.65 1.37 1.65 1.73 1.73 1.73 1.73 1.71 1.71 1.71 1.71 1.69 1.69 1.69 1.69 1.71 1.71 1.71 1.71 1.63 1.63 1.63 1.63 1.55 1.55 1.55 0.00 1.60 1.60 1.60 1.60 1.72 1.72 1.72 1.72 1.75 1.44 1.44 1.75 1.75 1.75 1.75 1.75 1.74 1.74 1.74 1.74 1.68 1.68 1.68 1.68 1.58 1.58 1.58 1.58
1.85 1.85 1.85 1.85 1.82 1.82 1.82 1.82 1.82 1.82 1.82 1.82 1.78 1.78 1.78 1.78 1.67 1.67 1.67 1.67 0.00 0.00 0.00 0.00 0.00 1.57 1.57 1.57 1.37 1.65 0.00 1.65 1.72 1.72 1.72 1.72 1.71 1.71 1.71 1.71 1.69 1.69 1.69 1.69 1.73 1.73 1.73 1.73 1.68 1.68 1.68 1.68 0.00 0.00 1.59 1.59 1.64 1.64 1.64 1.64 1.71 1.71 1.71 1.71 1.72 0.00 0.00 1.72 1.77 1.77 1.77 1.77 1.78 1.78 1.78 1.78 1.67 1.67 1.67 1.67 1.58 1.58 1.58 1.58
1.85 1.85 1.85 1.85 1.82 1.82 1.82 1.82 1.82 1.82 1.82 1.82 1.78 1.78 1.78 1.78 1.67 1.67 1.67 1.67 0.00 0.00 0.00 0.00 0.00 0.00 0.00 0.00 0.00 1.65 0.00 1.65 1.72 1.72 1.72 1.72 1.71 1.71 1.71 1.71 1.69 1.69 1.69 1.69 1.73 1.73 1.73 1.73 1.68 1.68 1.68 1.68 1.59 0.00 0.00 0.00 1.64 1.64 1.64 1.64 1.71 1.43 1.71 1.71 1.72 1.72 1.72 1.72 1.77 1.77 1.77 1.77 1.78 1.78 1.78 1.78 1.67 1.67 1.67 1.67 1.58 1.58 1.58 1.58
1.85 1.85 1.46 0.00 1.82 1.82 1.82 1.82 1.82 1.82 1.82 1.82 1.78 0.00 0.00 0.00 0.00 0.00 0.00 1.67 0.00 0.00 0.00 0.00 0.00 0.00 0.00 0.00 0.00 0.00 1.65 1.65 1.72 1.72 1.72 1.72 1.71 0.00 1.40 1.71 1.69 1.69 1.69 1.69 1.74 1.73 1.73 1.73 1.68 1.68 1.68 1.68 1.59 0.00 0.00 0.00 1.64 1.64 1.64 1.38 1.43 1.43 1.43 1.43 1.72 1.72 1.72 1.72 1.77 1.77 1.77 1.77 1.78 1.78 1.78 1.78 1.67 1.67 1.67 1.67 1.58 1.58 1.58 1.58
1.46 1.46 0.00 0.00 1.82 1.82 1.82 1.82 1.82 1.82 1.82 1.82 1.78 1.78 1.78 0.00 0.00 0.00 1.67 0.00 0.00 0.00 0.00 0.00 0.00 0.00 0.00 0.00 0.00 0.00 0.00 1.65 1.72 1.72 1.72 1.72 0.00 0.00 0.00 1.71 1.69 1.69 1.69 0.00 1.74 1.74 1.74 1.74 1.68 1.68 1.68 1.68 1.59 0.00 0.00 0.00 1.64 1.64 1.64 1.64 1.43 1.43 0.00 1.43 1.72 1.72 1.72 1.72 1.77 1.77 1.77 1.77 1.78 1.78 1.78 1.78 1.67 1.67 1.67 1.67 1.58 1.58 1.58 1.58
1.83 1.45 0.00 0.00 1.82 1.82 1.82 1.82 1.83 1.83 1.83 1.83 1.76 1.76 1.76 1.76 0.00 1.67 0.00 0.00 0.00 0.00 0.00 0.00 0.00 0.00 0.00 0.00 0.00 0.00 0.00 1.68 1.70 1.70 1.70 1.70 1.73 0.00 0.00 1.73 1.71 1.71 1.71 1.71 1.75 1.75 1.75 1.75 1.74 1.74 1.74 1.73 1.65 1.65 0.00 0.00 1.38 1.64 1.64 1.64 1.70 1.42 1.70 1.70 1.72 1.72 1.72 1.72 1.79 1.79 1.79 1.79 1.79 1.79 1.79 1.79 1.68 1.68 1.68 1.68 1.56 1.56 1.56 1.56
0.00 1.45 0.00 0.00 1.82 1.82 1.82 1.45 1.83 1.83 1.83 1.83 1.76 1.76 1.76 1.76 1.67 1.67 1.67 1.67 0.00 0.00 0.00 0.00 0.00 0.00 0.00 0.00 0.00 0.00 0.00 1.68 1.70 1.70 1.70 1.70 1.73 1.73 0.00 1.73 1.71 1.71 1.71 0.00 0.00 1.75 1.75 1.75 1.74 1.74 1.74 1.74 1.65 1.65 1.65 0.00 0.00 0.00 1.64 1.64 1.42 0.00 1.70 1.70 1.72 1.72 1.72 1.43 1.79 1.79 1.79 1.79 1.79 1.79 1.79 1.79 1.68 1.68 1.68 1.68 1.56 1.56 1.56 0.00
0.00 0.00 0.00 0.00 1.41 1.78 1.78 1.78 1.78 1.78 1.78 1.78 1.72 1.72 1.72 1.72 1.64 1.64 0.00 0.00 0.00 0.00 0.00 0.00 0.00 0.00 0.00 0.00 0.00 0.00 0.00 0.00 0.00 0.00 1.67 1.67 1.69 1.69 1.69 1.69 1.67 1.67 1.67 0.00 0.00 1.71 1.71 1.71 1.70 1.70 1.70 1.70 1.62 1.62 1.62 0.00 0.00 0.00 1.61 1.61 1.67 1.67 1.67 1.67 1.69 1.69 1.69 1.69 1.76 1.76 1.76 1.76 1.76 1.76 1.76 1.76 1.65 1.65 1.65 1.65 1.54 1.54 0.00 0.00
0.00 0.00 0.00 1.42 0.00 1.78 1.78 1.78 1.78 1.78 1.78 1.78 1.72 1.72 0.00 0.00 0.00 0.00 0.00 0.00 0.00 0.00 0.00 0.00 0.00 0.00 0.00 0.00 0.00 0.00 0.00 0.00 0.00 0.00 0.00 1.67 1.69 1.69 1.57 1.69 1.67 1.67 1.67 0.00 1.71 1.71 1.71 1.71 1.70 1.70 1.70 1.70 1.62 1.62 1.62 0.00 0.00 0.00 0.00 1.61 1.67 1.67 1.67 1.67 1.69 1.69 1.69 1.69 1.76 1.76 1.76 1.76 1.76 1.76 1.76 0.00 1.65 1.65 1.65 1.65 1.54 1.54 1.54 1.54
0.00 0.00 0.00 0.00 1.43 1.81 1.81 1.81 1.80 1.80 1.80 1.80 1.71 1.71 0.00 0.00 0.00 0.00 0.00 0.00 0.00 0.00 0.00 0.00 0.00 0.00 0.00 0.00 0.00 0.00 0.00 0.00 0.00 0.00 0.00 1.68 1.72 1.72 1.72 0.00 1.70 1.70 1.70 1.70 1.72 0.00 1.72 1.72 1.72 1.72 1.72 1.72 1.65 1.65 1.65 0.00 0.00 0.00 0.00 1.63 1.69 1.69 1.39 1.69 1.72 1.72 1.72 1.72 1.76 1.76 1.76 1.76 1.75 1.75 1.75 1.75 1.70 1.70 1.70 1.70 1.58 1.58 1.58 1.58
1.81 0.00 0.00 1.43 1.81 1.81 1.81 1.81 1.80 1.80 1.80 1.80 1.71 1.71 0.00 0.00 0.00 0.00 0.00 0.00 0.00 0.00 0.00 0.00 0.00 0.00 0.00 0.00 0.00 0.00 0.00 0.00 0.00 0.00 0.00 1.68 1.72 1.72 1.72 1.72 1.70 1.70 1.70 1.70 0.00 0.00 0.00 1.72 1.72 1.72 1.72 1.72 1.65 1.65 1.65 1.65 0.00 0.00 1.63 1.63 1.69 0.00 1.39 1.69 1.41 1.73 1.73 1.73 1.76 1.76 1.76 1.76 1.75 1.75 1.75 1.75 1.41 1.70 1.70 1.70 1.58 1.58 1.58 0.00
1.81 1.81 1.81 1.81 1.81 1.81 1.81 1.81 1.80 1.80 1.42 1.80 1.71 0.00 0.00 0.00 0.00 0.00 0.00 0.00 0.00 0.00 0.00 0.00 0.00 0.00 0.00 0.00 0.00 0.00 0.00 0.00 0.00 0.00 0.00 0.00 1.72 1.72 1.72 1.39 1.70 1.70 0.00 1.70 1.72 0.00 0.00 1.72 1.72 1.72 1.72 1.40 1.37 1.65 1.65 0.00 0.00 0.00 1.63 1.63 1.69 0.00 1.39 1.39 1.41 1.73 1.73 1.73 1.77 1.77 1.77 1.76 1.75 1.75 1.75 1.75 1.70 1.70 1.70 1.70 1.58 1.58 0.00 0.00
1.81 1.81 1.81 0.00 0.00 0.00 1.81 1.81 0.00 1.80 1.80 1.80 0.00 0.00 0.00 0.00 0.00 0.00 0.00 0.00 0.00 0.00 0.00 0.00 0.00 0.00 0.00 0.00 0.00 0.00 0.00 0.00 0.00 0.00 0.00 0.00 1.72 0.00 0.00 0.00 0.00 0.00 0.00 0.00 0.00 0.00 0.00 1.72 1.72 1.72 1.72 1.40 1.37 1.65 1.55 0.00 0.00 1.63 1.63 1.63 1.69 1.39 0.00 0.00 0.00 1.73 1.73 1.73 1.43 1.77 1.77 1.77 1.76 1.76 1.75 1.75 1.70 1.70 1.70 1.70 1.58 1.58 1.58 0.00
1.81 1.81 1.81 0.00 0.00 0.00 1.82 1.82 1.82 1.43 0.00 0.00 0.00 0.00 0.00 0.00 0.00 0.00 0.00 0.00 0.00 0.00 0.00 0.00 0.00 0.00 0.00 0.00 0.00 0.00 0.00 0.00 0.00 0.00 0.00 1.74 0.00 0.00 1.76 1.76 1.72 0.00 0.00 0.00 0.00 0.00 1.73 1.73 1.73 1.73 1.73 0.00 0.00 1.67 1.37 0.00 0.00 0.00 1.67 1.67 1.73 1.73 1.41 0.00 0.00 0.00 1.74 1.74 1.75 1.75 1.75 1.75 1.75 1.75 1.75 1.75 1.75 1.75 1.74 1.74 1.64 1.64 1.64 0.00
1.81 1.81 1.81 1.81 0.00 0.00 1.82 1.82 1.82 1.82 0.00 0.00 0.00 0.00 0.00 0.00 0.00 0.00 0.00 0.00 0.00 0.00 0.00 0.00 0.00 0.00 0.00 0.00 0.00 0.00 0.00 0.00 0.00 1.74 1.74 0.00 0.00 1.76 1.76 1.76 1.72 1.72 0.00 0.00 1.73 1.73 1.73 1.73 1.73 1.73 1.73 0.00 0.00 1.67 1.67 0.00 0.00 0.00 1.67 1.67 1.73 1.73 0.00 0.00 1.42 0.00 1.74 1.74 1.75 1.75 1.75 1.75 1.75 1.75 1.75 1.75 1.75 1.75 1.75 1.75 1.65 1.64 1.64 1.64
