New_Model_Runs/13_Future_RCP4.5_Scn3_out/post_prcessed_with_MFR/Monthly_summaries/interception_monthly_NOV.asc
NCOLS 700
NROWS 400
XLLCENTER 515000.000000
YLLCENTER 8409000.000000
CELLSIZE 50.000000
NODATA_value -999.000000
[rows 152 to 189 of 400, columns 252 to 335 of 700]
0.00 0.00 0.00 0.00 0.00 0.00 0.00 0.00 0.00 0.00 0.00 0.00 0.00 0.00 0.00 0.00 0.00 0.00 0.00 0.00 0.00 0.00 0.00 0.00 0.00 0.00 0.00 0.00 0.00 0.00 0.00 0.00 0.00 0.00 0.00 0.00 0.00 0.00 0.00 0.00 0.00 0.00 0.00 0.00 0.00 0.00 0.00 1.02 1.18 1.18 1.18 1.18 1.33 1.33 1.33 1.33 1.44 1.44 1.44 1.44 1.38 1.38 1.38 1.38 1.15 1.15 1.15 1.15 0.87 0.87 0.87 0.87 0.70 0.70 0.00 0.00 0.00 0.00 0.00 0.00 0.00 0.00 0.00 0.00
0.00 0.00 0.00 0.00 0.00 0.00 0.00 0.00 0.00 0.00 0.00 0.00 0.00 0.00 0.00 0.00 0.00 0.00 0.00 0.00 0.00 0.00 0.00 0.00 0.00 0.00 0.00 0.00 0.00 0.00 0.00 0.00 0.00 0.00 0.00 0.00 0.00 0.00 0.00 0.00 0.00 0.00 0.00 0.00 0.00 0.00 0.00 1.02 1.18 1.18 1.18 1.18 1.33 1.33 1.33 1.33 1.44 1.44 1.44 1.44 1.38 1.38 1.38 1.38 1.15 1.15 1.15 1.15 0.87 0.87 0.87 0.87 0.00 0.00 0.00 0.00 0.00 0.67 0.00 0.00 0.00 0.00 0.00 0.00
0.00 0.00 0.00 0.00 0.00 0.00 0.00 0.00 0.00 0.00 0.00 0.00 0.00 0.00 0.00 0.00 0.00 0.00 0.00 0.00 0.00 0.00 0.00 0.00 0.00 0.00 0.00 0.00 0.00 0.00 0.00 0.00 0.00 0.00 0.00 0.00 0.00 0.00 0.00 0.00 0.00 0.00 0.00 0.00 0.00 1.02 1.02 1.02 1.18 1.18 1.18 1.18 1.33 1.33 1.33 1.33 1.44 1.44 1.44 1.44 1.38 1.38 1.38 1.38 1.15 1.15 1.15 1.15 0.87 0.87 0.87 0.00 0.00 0.00 0.00 0.00 0.00 0.00 0.00 0.00 0.00 0.00 0.00 0.00
0.00 0.00 0.00 0.00 0.00 0.00 0.00 0.00 0.00 0.00 0.00 0.00 0.00 0.00 0.00 0.00 0.00 0.00 0.00 0.00 0.00 0.00 0.00 0.00 0.00 0.00 0.00 0.00 0.00 0.00 0.00 0.00 0.00 0.00 0.00 0.00 0.00 0.00 0.00 0.00 0.00 0.00 0.00 0.00 0.00 1.02 1.02 1.02 1.18 1.18 1.18 1.18 1.33 1.33 1.33 1.33 1.44 1.44 1.44 1.44 1.38 1.38 1.38 1.38 1.15 1.15 1.15 1.15 0.87 0.87 0.87 0.87 0.00 0.00 0.00 0.00 0.00 0.00 0.00 0.00 0.69 0.69 0.00 0.00
0.00 0.00 0.00 0.00 0.00 0.00 0.00 0.00 0.00 0.00 0.00 0.00 0.00 0.00 0.00 0.00 0.00 0.00 0.00 0.00 0.00 0.00 0.00 0.00 0.00 0.00 0.00 0.00 0.00 0.00 0.00 0.00 0.00 0.00 0.00 0.00 0.00 0.00 0.00 0.00 0.00 0.00 0.00 0.00 0.00 1.07 1.07 1.07 1.09 1.09 1.09 1.09 1.14 1.14 1.14 1.14 1.18 1.18 1.18 1.18 1.18 1.18 1.18 1.18 1.14 1.14 1.14 1.14 0.88 0.88 0.88 0.88 0.70 0.70 0.00 0.00 0.00 0.71 0.00 0.00 0.77 0.00 0.00 0.77
0.00 0.00 0.00 0.00 0.00 0.00 0.00 0.00 0.00 0.00 0.00 0.00 0.00 0.00 0.00 0.00 0.00 0.00 0.00 0.00 0.00 0.00 0.00 0.00 0.00 0.00 0.00 0.00 0.00 0.00 0.00 0.00 0.00 0.00 0.00 0.00 0.00 0.00 0.00 0.00 0.00 0.00 0.00 0.00 0.00 1.07 1.07 1.07 1.09 1.09 1.09 1.09 1.14 1.14 1.14 1.14 1.18 1.18 1.18 1.18 1.18 1.18 1.18 1.18 1.14 1.14 1.14 1.14 0.88 0.88 0.88 0.69 0.70 0.70 0.00 0.00 0.00 0.71 0.60 0.71 0.00 0.00 0.77 0.77
0.00 0.00 0.00 0.00 0.00 0.00 0.00 0.00 0.00 0.00 0.00 0.00 0.00 0.00 0.00 0.00 0.00 0.00 0.00 0.00 0.00 0.00 0.00 0.00 0.00 0.00 0.00 1.19 0.00 0.00 0.00 0.00 0.00 0.00 0.00 0.00 0.00 0.00 0.00 0.00 0.00 0.00 0.00 0.00 1.07 1.07 1.07 1.07 1.09 1.09 1.09 1.09 1.14 1.14 1.14 1.14 1.18 1.18 1.18 1.18 1.18 1.18 1.18 1.18 1.14 1.14 1.14 1.14 0.88 0.88 0.88 0.00 0.00 0.00 0.00 0.00 0.00 0.71 0.71 0.71 0.77 0.77 0.77 0.77
0.00 0.00 0.00 0.00 0.00 0.00 0.00 0.00 0.00 0.00 0.00 0.00 0.00 0.00 0.00 0.00 0.00 0.00 0.00 0.00 0.00 0.00 0.00 0.00 0.00 0.00 1.19 1.19 0.00 0.00 0.00 0.00 0.00 0.00 0.00 0.00 0.00 0.00 0.00 0.00 0.00 0.00 0.00 0.00 0.00 0.00 1.07 1.07 1.09 1.09 1.09 1.09 1.14 1.14 1.14 1.14 1.18 1.18 1.18 1.18 1.18 1.18 1.18 1.18 1.14 1.14 1.14 1.14 0.88 0.88 0.88 0.00 0.00 0.00 0.00 0.00 0.00 0.00 0.00 0.71 0.77 0.77 0.77 0.77
0.00 0.00 0.00 0.00 0.00 0.00 0.00 0.00 0.00 0.00 0.00 0.00 0.00 0.00 0.00 0.00 0.00 0.00 0.00 0.00 0.00 0.00 0.00 0.00 0.00 1.14 1.14 1.14 1.19 0.00 0.00 0.00 0.00 0.00 0.00 0.00 0.00 0.00 0.00 0.00 0.00 0.00 0.00 0.00 0.00 0.00 0.00 0.00 0.86 0.86 0.86 0.86 0.89 0.89 0.89 0.89 0.93 0.93 0.93 0.93 1.04 1.04 1.04 1.04 1.13 1.13 1.13 1.13 0.95 0.95 0.00 0.00 0.00 0.00 0.00 0.00 0.00 0.00 0.74 0.74 0.84 0.84 0.84 0.84
0.00 0.00 0.00 0.00 0.00 0.00 0.00 0.00 0.00 0.00 0.00 0.00 0.00 0.00 0.00 0.00 0.00 0.00 0.00 0.00 0.00 0.00 0.00 0.00 0.00 1.14 1.14 1.14 1.19 1.19 0.00 0.00 0.00 0.00 0.00 0.00 0.00 0.00 0.00 0.00 0.00 0.00 0.00 0.00 0.00 0.00 0.00 0.00 0.00 0.00 0.00 0.86 0.89 0.89 0.89 0.89 0.93 0.93 0.93 0.93 1.04 1.04 1.04 1.04 1.13 1.13 1.13 1.13 0.95 0.85 0.00 0.00 0.00 0.00 0.00 0.00 0.00 0.00 0.00 0.74 0.84 0.84 0.84 0.84
0.00 0.00 0.00 0.00 0.00 0.00 0.00 0.00 0.00 0.00 0.00 0.00 0.00 0.00 0.00 0.00 0.00 0.00 0.00 0.00 0.00 0.00 0.00 0.00 0.00 1.21 1.21 1.21 1.27 1.27 1.27 0.00 0.00 0.00 0.00 0.00 0.00 0.00 0.00 0.00 0.00 0.00 0.00 0.00 0.00 0.00 0.00 0.00 0.00 0.00 0.00 0.91 0.94 0.94 0.94 0.94 0.98 0.98 0.98 0.98 1.10 1.10 1.10 1.10 1.20 1.20 1.20 1.20 0.00 0.00 0.00 0.00 0.00 0.00 0.00 0.00 0.00 0.00 0.00 0.77 0.88 0.88 0.88 0.88
0.00 0.00 0.00 0.00 0.00 0.00 0.00 0.00 0.00 0.00 0.00 0.00 0.00 0.00 0.00 0.00 0.00 0.00 0.00 0.00 0.00 0.00 0.00 0.00 1.21 1.21 1.21 1.21 1.27 1.27 1.27 1.27 1.24 0.00 1.24 1.24 0.00 0.00 0.00 0.00 0.00 0.00 0.00 0.00 0.00 0.00 0.00 0.00 0.00 0.00 0.00 0.91 0.94 0.94 0.94 0.94 0.98 0.98 0.98 0.98 1.10 1.10 1.10 1.10 1.20 1.20 1.20 1.20 1.01 0.00 0.00 0.00 0.00 0.00 0.00 0.00 0.00 0.00 0.00 0.77 0.88 0.88 0.88 0.88
0.00 0.00 0.00 0.00 0.00 0.00 0.00 0.00 0.00 0.00 0.00 0.00 0.00 0.00 0.00 0.00 0.00 0.00 0.00 0.00 0.00 0.00 0.00 1.08 1.34 1.34 1.34 1.34 1.43 1.43 1.43 0.97 1.25 1.25 1.25 1.25 1.05 0.00 0.00 0.00 0.00 0.00 0.00 0.00 0.00 0.00 0.00 0.00 0.00 0.00 0.00 0.00 0.00 0.00 0.00 0.00 0.77 0.77 0.77 0.77 0.94 0.94 0.94 0.94 1.18 1.18 0.00 1.18 1.12 1.12 0.00 0.00 0.00 0.00 0.00 0.00 0.00 0.80 0.00 0.80 0.00 0.87 0.87 0.87
0.00 0.00 0.00 0.00 0.00 0.00 0.00 0.00 0.00 0.00 0.00 0.00 0.00 0.00 0.00 0.00 0.00 0.00 0.00 0.00 1.08 1.08 1.08 1.08 1.34 1.34 1.34 1.34 1.43 1.43 1.43 1.43 0.00 0.00 0.00 1.25 1.05 1.05 1.05 0.00 0.00 0.00 0.00 0.00 0.00 0.00 0.00 0.00 0.00 0.00 0.00 0.00 0.00 0.00 0.00 0.00 0.00 0.00 0.77 0.77 0.94 0.94 0.94 0.94 1.18 1.18 1.18 1.18 1.12 1.12 1.12 0.00 0.00 0.00 0.00 0.00 0.65 0.80 0.80 0.80 0.00 0.87 0.87 0.87
0.00 0.00 0.00 0.00 0.00 0.00 0.00 0.00 0.00 0.00 0.00 0.00 0.00 0.00 0.00 0.00 0.00 0.95 0.00 0.00 1.08 1.08 1.08 1.08 1.34 1.34 1.34 1.34 1.43 1.43 1.43 1.43 1.25 0.00 1.25 1.25 1.05 0.78 0.00 0.00 0.73 0.00 0.00 0.00 0.00 0.00 0.00 0.00 0.00 0.00 0.00 0.00 0.00 0.00 0.00 0.00 0.00 0.00 0.77 0.77 0.94 0.72 0.94 0.94 1.18 1.18 1.18 1.18 1.12 1.12 1.12 1.12 0.00 0.00 0.00 0.00 0.80 0.80 0.80 0.80 0.87 0.87 0.87 0.87
0.00 0.00 0.00 0.00 0.00 0.00 0.00 0.00 0.00 0.00 0.00 0.00 0.00 0.00 0.00 0.00 0.95 0.95 0.95 0.95 1.08 1.08 1.08 1.08 1.34 1.34 1.34 1.34 1.43 1.43 1.43 1.43 1.25 1.25 1.25 1.25 1.05 1.05 1.05 0.00 0.96 0.00 0.00 0.00 0.00 0.00 0.00 0.00 0.00 0.00 0.00 0.00 0.00 0.00 0.00 0.00 0.00 0.00 0.00 0.77 0.94 0.94 0.94 0.94 1.18 1.18 1.18 1.18 1.12 1.12 1.12 1.12 0.00 0.00 0.00 0.88 0.80 0.80 0.80 0.80 0.87 0.87 0.87 0.87
0.00 0.00 0.00 0.00 0.00 0.00 0.00 0.00 0.00 0.00 0.00 0.00 0.00 0.00 0.95 0.95 1.02 1.02 1.02 1.02 1.24 1.24 1.24 1.24 1.53 1.53 1.53 1.53 1.43 1.43 1.43 1.43 1.11 1.11 1.11 1.11 0.88 0.88 0.88 0.88 0.76 0.00 0.00 0.00 0.00 0.00 0.00 0.00 0.00 0.00 0.00 0.00 0.00 0.00 0.00 0.00 0.00 0.00 0.70 0.70 0.82 0.82 0.82 0.82 1.11 1.11 1.11 1.11 1.24 1.24 1.24 1.24 0.00 0.00 0.00 1.08 0.92 0.92 0.92 0.92 0.89 0.89 0.89 0.89
0.00 0.00 0.00 0.00 0.00 0.00 0.00 0.00 0.00 0.00 0.00 0.00 0.00 0.95 0.95 0.95 1.02 1.02 1.02 1.02 1.24 1.24 1.24 1.24 1.53 1.53 1.53 1.53 1.43 1.43 1.43 1.43 1.11 1.11 1.11 1.11 0.00 0.88 0.88 0.00 0.00 0.00 0.00 0.00 0.00 0.00 0.00 0.00 0.00 0.00 0.74 0.74 0.00 0.00 0.00 0.00 0.00 0.00 0.00 0.70 0.66 0.66 0.82 0.82 1.11 1.11 1.11 1.11 1.24 1.24 1.24 1.24 1.08 1.08 0.00 1.08 0.92 0.92 0.92 0.92 0.89 0.89 0.89 0.89
0.00 0.00 0.00 0.00 0.00 0.00 0.00 0.00 0.00 0.00 0.00 0.00 0.95 0.95 0.95 0.95 1.02 1.02 1.02 1.02 1.24 1.24 1.24 1.24 1.53 1.53 1.53 1.53 1.43 1.43 1.43 1.43 1.11 1.11 1.11 1.11 0.00 0.00 0.00 0.00 0.00 0.00 0.00 0.00 0.00 0.00 0.00 0.00 0.00 0.74 0.74 0.74 0.00 0.00 0.00 0.00 0.00 0.00 0.00 0.00 0.00 0.82 0.82 0.82 1.11 1.11 1.11 1.11 1.24 1.24 1.24 1.24 1.08 1.08 1.08 1.08 0.92 0.92 0.92 0.92 0.89 0.89 0.89 0.89
0.00 0.00 0.00 0.00 0.00 0.00 0.00 0.00 0.00 0.00 0.00 0.00 0.95 0.95 0.95 0.95 1.02 1.02 1.02 1.02 1.24 1.24 1.24 1.24 1.53 1.53 1.53 1.53 1.43 1.43 1.43 1.43 1.11 1.11 0.00 1.11 0.88 0.00 0.00 0.00 0.00 0.00 0.00 0.00 0.00 0.00 0.00 0.00 0.74 0.74 0.74 0.74 0.73 0.00 0.00 0.00 0.00 0.00 0.00 0.00 0.00 0.00 0.82 0.82 1.11 1.11 1.11 1.11 1.24 1.24 1.24 1.24 1.08 1.08 1.08 1.08 0.92 0.92 0.92 0.92 0.89 0.89 0.89 0.89
0.00 0.00 0.00 0.00 0.00 0.00 0.00 0.00 0.00 0.00 0.88 0.88 0.99 0.99 0.99 0.99 1.17 1.17 1.17 1.17 1.50 1.50 1.50 1.50 1.53 1.53 1.53 1.53 1.12 1.12 1.12 1.12 0.86 0.86 0.86 0.86 0.73 0.61 0.61 0.00 0.00 0.00 0.00 0.00 0.00 0.00 0.00 0.00 0.00 0.73 0.73 0.73 0.79 0.79 0.00 0.00 0.00 0.00 0.00 0.62 0.00 0.00 0.78 0.78 1.01 1.01 1.01 1.01 1.32 1.32 1.32 1.32 1.31 1.31 1.31 1.31 1.09 1.09 1.09 1.09 1.12 1.12 1.12 1.12
0.00 0.00 0.00 0.00 0.00 0.00 0.00 0.00 0.00 0.00 1.17 1.17 0.99 0.99 0.99 0.99 1.17 1.17 1.17 1.17 1.50 1.50 1.50 1.50 1.53 1.53 1.53 1.53 1.12 1.12 1.12 1.12 0.86 0.86 0.86 0.86 0.73 0.73 0.61 0.61 0.00 0.00 0.00 0.00 0.00 0.00 0.00 0.00 0.73 0.73 0.73 0.73 0.79 0.79 0.79 0.00 0.00 0.00 0.76 0.76 0.78 0.64 0.78 0.78 1.01 1.01 1.01 1.01 1.32 1.32 1.32 1.32 1.31 1.31 1.31 1.31 1.09 1.09 1.09 1.09 1.12 1.12 1.12 1.12
0.00 0.00 0.00 0.00 0.00 0.00 0.00 0.00 0.00 0.00 0.00 1.17 1.28 0.99 0.99 0.99 1.17 1.17 1.17 1.17 1.50 1.50 1.50 1.50 1.53 1.53 1.53 1.53 1.12 1.12 1.12 1.12 0.86 0.86 0.86 0.86 0.73 0.73 0.73 0.00 0.00 0.00 0.00 0.00 0.00 0.00 0.00 0.00 0.00 0.00 0.00 0.00 0.79 0.79 0.79 0.79 0.00 0.00 0.62 0.76 0.78 0.78 0.78 0.78 1.01 1.01 1.01 1.01 1.32 1.32 1.32 1.32 1.31 1.31 1.31 1.31 1.09 1.09 1.09 1.09 1.12 1.12 1.12 1.12
0.00 0.00 0.00 0.00 0.00 0.00 0.00 0.00 0.00 0.00 0.00 1.17 1.28 1.28 1.28 0.99 1.17 1.17 1.17 1.17 1.50 1.50 1.50 1.50 1.53 1.53 1.53 1.53 1.12 1.12 1.12 1.12 0.86 0.86 0.86 0.86 0.73 0.73 0.73 0.00 0.00 0.00 0.00 0.00 0.00 0.00 0.00 0.00 0.00 0.00 0.00 0.00 0.79 0.79 0.79 0.79 0.76 0.00 0.00 0.00 0.78 0.78 0.78 0.78 1.01 1.01 1.01 1.01 1.32 1.32 1.32 1.32 1.31 1.31 1.31 1.31 1.09 1.09 1.09 1.09 1.12 1.12 1.12 1.12
0.00 0.00 0.00 0.00 0.00 0.00 0.00 0.00 0.00 0.00 0.00 1.18 1.29 1.29 1.29 1.29 1.30 1.30 1.30 1.30 1.55 1.55 1.55 1.55 1.27 1.27 1.27 1.27 0.86 0.86 0.86 0.86 0.72 0.72 0.00 0.72 0.65 0.65 0.65 0.00 0.00 0.00 0.00 0.00 0.00 0.00 0.00 0.58 0.73 0.00 0.61 0.73 0.85 0.85 0.85 0.85 0.91 0.91 0.91 0.91 0.00 0.90 0.90 0.90 1.08 1.08 1.08 1.08 1.44 1.44 1.44 1.44 1.45 1.45 1.45 1.45 1.21 1.21 1.21 1.21 1.19 1.19 1.19 1.19
0.00 0.00 0.00 0.00 0.00 0.00 0.00 0.00 0.00 0.00 0.00 1.18 1.29 1.29 1.29 1.29 1.58 1.30 1.30 1.30 1.55 1.55 1.55 1.55 1.27 1.27 1.27 1.27 0.86 0.86 0.86 0.86 0.72 0.72 0.00 0.72 0.00 0.65 0.00 0.00 0.00 0.00 0.00 0.00 0.00 0.00 0.00 0.67 0.73 0.73 0.73 0.73 0.85 0.85 0.85 0.85 0.91 0.91 0.91 0.91 0.90 0.90 0.90 0.90 1.08 1.08 1.08 1.08 1.44 1.44 1.44 1.44 1.45 1.45 1.45 1.45 1.21 1.21 1.21 1.21 1.19 1.19 1.19 1.19
0.00 0.00 0.00 0.00 1.19 0.00 0.00 0.00 0.00 0.00 0.00 1.23 1.36 1.36 1.36 1.36 1.68 1.68 1.68 1.40 1.67 1.67 1.67 1.67 1.36 1.36 1.36 1.36 0.91 0.91 0.91 0.91 0.75 0.75 0.75 0.62 0.67 0.67 0.00 0.00 0.00 0.00 0.00 0.00 0.00 0.00 0.70 0.70 0.76 0.76 0.76 0.76 0.90 0.90 0.90 0.90 0.97 0.97 0.97 0.97 0.96 0.96 0.96 0.96 1.16 1.16 1.16 1.16 1.55 1.55 1.55 1.55 1.56 1.56 1.56 1.56 1.29 1.29 1.29 1.29 1.27 1.27 1.27 1.27
0.00 0.00 0.00 1.24 1.19 1.19 0.00 0.00 0.00 0.00 1.23 1.23 1.36 1.36 1.36 1.36 1.68 1.68 1.68 1.68 1.67 1.67 1.67 1.67 1.36 1.36 1.36 1.36 0.91 0.91 0.91 0.91 0.75 0.75 0.75 0.75 0.67 0.67 0.00 0.67 0.00 0.00 0.00 0.00 0.00 0.00 0.70 0.70 0.76 0.76 0.76 0.76 0.90 0.90 0.90 0.90 0.97 0.97 0.97 0.97 0.96 0.96 0.96 0.96 1.16 1.16 1.16 1.16 1.55 1.55 1.55 1.55 1.56 1.56 1.56 1.56 1.29 1.29 1.29 1.29 1.27 1.27 1.27 1.27
1.23 0.00 1.23 1.23 1.20 1.20 1.20 1.20 1.17 1.17 0.98 1.17 1.28 1.28 1.28 1.28 1.55 1.55 1.55 1.55 1.79 1.79 1.51 1.51 1.26 1.26 1.26 1.26 0.90 0.90 0.90 0.90 0.70 0.70 0.70 0.70 0.62 0.00 0.00 0.00 0.00 0.00 0.00 0.00 0.00 0.00 0.67 0.67 0.82 0.82 0.82 0.82 1.06 1.06 1.06 1.06 1.36 1.36 1.36 1.36 1.49 1.49 1.49 1.49 1.61 1.61 1.61 1.61 1.66 1.66 1.66 1.66 1.48 1.48 1.48 1.48 1.39 1.39 1.39 1.39 1.30 1.30 1.30 1.30
1.23 1.23 1.23 1.23 1.20 1.20 1.20 1.20 1.17 1.17 1.17 1.17 1.28 1.28 1.28 1.28 1.55 1.55 1.55 1.55 1.79 1.79 1.79 1.51 1.26 1.26 1.26 1.26 0.90 0.90 0.90 0.90 0.70 0.70 0.70 0.70 0.00 0.00 0.00 0.00 0.00 0.00 0.00 0.00 0.00 0.00 0.67 0.67 0.82 0.82 0.82 0.82 1.06 1.06 1.06 1.06 1.36 1.36 1.36 1.36 1.49 1.49 1.49 1.49 1.61 1.61 1.61 1.61 1.66 1.66 1.66 1.66 1.48 0.00 1.48 1.48 1.39 1.39 1.39 1.39 1.30 1.30 1.30 0.00
1.23 1.23 1.23 1.23 1.20 1.20 1.20 1.20 1.17 1.17 1.17 1.17 1.28 1.28 1.28 1.28 1.55 1.55 1.55 1.55 1.79 1.79 1.79 1.79 1.55 1.26 1.26 1.26 0.90 0.90 0.90 0.90 0.70 0.70 0.70 0.70 0.00 0.00 0.00 0.00 0.00 0.00 0.00 0.00 0.00 0.00 0.00 0.67 0.82 0.82 0.82 0.82 1.06 1.06 1.06 1.06 1.36 1.36 1.36 1.36 1.49 1.49 1.49 1.49 1.61 1.61 1.61 1.61 1.66 1.66 1.66 1.66 1.48 1.48 1.48 1.48 1.39 1.39 1.39 1.39 1.30 1.30 0.00 0.00
1.23 1.23 1.23 1.23 1.20 1.20 1.20 1.20 1.17 1.17 1.17 1.17 1.28 1.28 1.28 1.28 1.55 1.55 1.55 1.55 1.79 1.79 1.79 1.79 1.55 1.55 1.26 1.26 0.90 0.90 0.90 0.90 0.70 0.70 0.70 0.70 0.62 0.62 0.62 0.00 0.00 0.61 0.61 0.00 0.00 0.00 0.00 0.67 0.82 0.82 0.82 0.82 1.06 1.06 1.06 1.06 1.36 1.36 1.36 1.36 1.49 1.49 1.49 1.49 1.61 1.61 1.61 1.61 1.66 1.66 1.66 1.66 1.48 1.48 1.48 1.48 1.39 1.39 0.00 0.00 1.30 1.30 0.00 0.00
1.29 1.29 1.29 1.29 1.26 1.26 1.26 1.26 1.23 1.23 1.23 1.23 1.27 1.27 1.27 1.27 1.43 1.43 1.43 1.43 1.66 1.66 1.66 1.66 1.66 1.66 1.66 1.66 0.98 0.98 0.98 0.98 0.72 0.72 0.72 0.72 0.65 0.65 0.46 0.00 0.00 0.62 0.62 0.00 0.00 0.00 0.00 0.68 1.01 1.01 1.01 1.01 1.51 1.51 1.51 1.51 1.78 1.78 1.78 1.78 1.72 1.72 1.72 1.72 1.63 1.63 1.63 1.63 1.39 1.39 1.39 1.39 1.26 1.26 1.26 1.26 1.37 1.37 1.37 1.37 0.00 0.00 0.00 0.00
1.29 1.29 1.29 1.29 1.26 1.26 1.26 1.26 1.23 1.23 1.23 1.23 1.27 1.27 1.27 1.27 1.43 1.43 1.43 1.43 1.66 1.66 1.66 1.66 1.66 1.66 1.66 1.66 1.27 0.98 0.98 0.98 0.72 0.72 0.72 0.72 0.65 0.65 0.65 0.00 0.00 0.62 0.62 0.00 0.00 0.00 0.00 0.68 1.01 1.01 1.01 1.01 1.51 1.51 1.51 1.51 1.78 1.78 1.78 1.78 1.72 1.72 1.72 1.72 1.63 1.63 1.63 1.63 1.39 1.39 1.39 1.39 1.26 1.26 1.26 1.26 1.37 1.37 1.37 1.37 0.00 0.00 0.00 0.00
1.29 1.29 1.29 1.29 1.26 1.26 1.26 1.26 1.23 1.23 1.23 1.23 1.27 1.27 1.27 1.27 1.43 1.43 1.43 1.43 1.66 1.66 1.66 1.66 1.66 1.66 1.66 1.66 1.27 1.27 0.98 0.98 0.72 0.72 0.72 0.72 0.65 0.65 0.65 0.00 0.00 0.00 0.62 0.00 0.68 0.68 0.68 0.68 1.01 1.01 1.01 1.01 1.51 1.51 1.51 1.51 1.78 1.78 1.78 1.78 1.72 1.72 1.72 1.72 1.63 1.63 1.63 1.63 1.39 1.39 1.39 1.39 1.26 1.26 1.26 1.26 1.37 1.37 1.37 1.37 0.00 0.00 0.00 0.00
1.29 1.29 1.29 1.29 1.26 1.26 1.26 1.26 1.23 1.23 1.23 1.23 1.27 1.27 1.27 1.27 1.43 1.43 1.43 1.43 1.66 1.66 1.66 1.66 1.66 1.66 1.66 1.66 1.27 1.27 1.27 1.27 0.72 0.72 0.72 0.72 0.65 0.65 0.65 0.00 0.00 0.00 0.62 0.62 0.68 0.68 0.68 0.68 1.01 1.01 1.01 1.01 1.51 1.51 1.51 1.51 1.78 1.78 1.78 1.78 1.72 1.72 1.72 1.72 1.63 1.63 1.63 1.63 1.39 1.39 1.39 1.39 1.26 1.26 1.26 1.26 1.37 1.37 1.37 1.37 0.00 0.00 0.00 0.00
1.41 1.41 1.41 1.41 1.36 1.36 1.36 1.36 1.42 1.42 1.42 1.42 1.58 1.58 1.58 1.58 1.70 1.70 1.70 1.70 1.75 1.75 1.75 1.75 1.69 1.69 1.69 1.69 1.44 1.44 1.44 1.44 1.22 0.93 0.93 0.93 0.83 0.83 0.83 0.83 0.77 0.77 0.77 0.77 0.97 0.97 0.97 0.97 1.43 1.43 1.43 1.43 1.79 1.79 0.00 1.79 1.65 1.65 1.65 1.65 1.41 1.41 1.41 1.41 1.26 1.26 1.26 1.26 1.14 1.14 1.14 1.14 1.17 1.17 1.17 1.17 1.25 1.25 1.25 1.25 0.00 0.00 0.00 0.00
1.41 1.41 1.41 1.41 1.36 1.36 1.36 1.36 1.42 1.42 1.42 1.42 1.58 1.58 1.58 1.58 1.70 1.70 1.70 1.70 1.75 1.75 1.75 1.75 1.69 1.69 1.69 1.69 1.44 1.44 1.44 1.44 1.22 1.22 1.22 0.93 0.83 0.83 0.83 0.83 0.77 0.77 0.77 0.77 0.97 0.97 0.97 0.97 1.43 1.43 1.43 1.43 1.79 1.79 1.79 1.79 1.65 1.65 1.65 1.65 1.41 1.41 1.41 1.41 1.26 1.26 1.26 1.26 1.14 1.14 1.14 1.14 1.17 1.17 1.17 1.17 1.25 1.25 1.25 1.25 1.39 0.00 0.00 0.00
